Date,2nd Ave Cycletrack,NB,SB
2020-03-01 00:00:00,4,1,3
2020-03-01 01:00:00,4,3,1
2020-03-01 02:00:00,0,0,0
2020-03-01 03:00:00,1,1,0
2020-03-01 04:00:00,0,0,0
2020-03-01 05:00:00,2,1,1
2020-03-01 06:00:00,3,1,2
2020-03-01 07:00:00,6,4,2
2020-03-01 08:00:00,13,9,4
2020-03-01 09:00:00,15,9,6
2020-03-01 10:00:00,24,17,7
2020-03-01 11:00:00,82,70,12
2020-03-01 12:00:00,20,15,5
2020-03-01 13:00:00,31,14,17
2020-03-01 14:00:00,73,19,54
2020-03-01 15:00:00,37,15,22
2020-03-01 16:00:00,36,16,20
2020-03-01 17:00:00,24,13,11
2020-03-01 18:00:00,16,8,8
2020-03-01 19:00:00,4,0,4
2020-03-01 20:00:00,13,7,6
2020-03-01 21:00:00,2,1,1
2020-03-01 22:00:00,10,3,7
2020-03-01 23:00:00,7,4,3
2020-03-02 00:00:00,1,1,0
2020-03-02 01:00:00,0,0,0
2020-03-02 02:00:00,0,0,0
2020-03-02 03:00:00,0,0,0
2020-03-02 04:00:00,3,1,2
2020-03-02 05:00:00,18,3,15
2020-03-02 06:00:00,27,9,18
2020-03-02 07:00:00,109,40,69
2020-03-02 08:00:00,135,57,78
2020-03-02 09:00:00,69,31,38
2020-03-02 10:00:00,27,14,13
2020-03-02 11:00:00,25,13,12
2020-03-02 12:00:00,29,13,16
2020-03-02 13:00:00,30,15,15
2020-03-02 14:00:00,36,21,15
2020-03-02 15:00:00,45,32,13
2020-03-02 16:00:00,142,95,47
2020-03-02 17:00:00,172,125,47
2020-03-02 18:00:00,79,53,26
2020-03-02 19:00:00,25,17,8
2020-03-02 20:00:00,12,7,5
2020-03-02 21:00:00,12,9,3
2020-03-02 22:00:00,2,0,2
2020-03-02 23:00:00,7,4,3
2020-03-03 00:00:00,4,3,1
2020-03-03 01:00:00,3,2,1
2020-03-03 02:00:00,0,0,0
2020-03-03 03:00:00,1,0,1
2020-03-03 04:00:00,1,1,0
2020-03-03 05:00:00,14,5,9
2020-03-03 06:00:00,37,14,23
2020-03-03 07:00:00,98,37,61
2020-03-03 08:00:00,149,65,84
2020-03-03 09:00:00,80,35,45
2020-03-03 10:00:00,35,15,20
2020-03-03 11:00:00,32,13,19
2020-03-03 12:00:00,41,25,16
2020-03-03 13:00:00,36,21,15
2020-03-03 14:00:00,31,19,12
2020-03-03 15:00:00,70,46,24
2020-03-03 16:00:00,157,111,46
2020-03-03 17:00:00,185,109,76
2020-03-03 18:00:00,93,60,33
2020-03-03 19:00:00,39,26,13
2020-03-03 20:00:00,15,8,7
2020-03-03 21:00:00,7,3,4
2020-03-03 22:00:00,11,6,5
2020-03-03 23:00:00,5,2,3
2020-03-04 00:00:00,4,4,0
2020-03-04 01:00:00,1,1,0
2020-03-04 02:00:00,6,4,2
2020-03-04 03:00:00,0,0,0
2020-03-04 04:00:00,1,1,0
2020-03-04 05:00:00,14,4,10
2020-03-04 06:00:00,35,16,19
2020-03-04 07:00:00,101,45,56
2020-03-04 08:00:00,156,75,81
2020-03-04 09:00:00,81,46,35
2020-03-04 10:00:00,39,21,18
2020-03-04 11:00:00,35,18,17
2020-03-04 12:00:00,48,22,26
2020-03-04 13:00:00,45,26,19
2020-03-04 14:00:00,55,28,27
2020-03-04 15:00:00,74,52,22
2020-03-04 16:00:00,150,95,55
2020-03-04 17:00:00,181,112,69
2020-03-04 18:00:00,91,59,32
2020-03-04 19:00:00,30,18,12
2020-03-04 20:00:00,17,8,9
2020-03-04 21:00:00,13,10,3
2020-03-04 22:00:00,10,7,3
2020-03-04 23:00:00,1,0,1
2020-03-05 00:00:00,3,2,1
2020-03-05 01:00:00,2,1,1
2020-03-05 02:00:00,1,1,0
2020-03-05 03:00:00,1,1,0
2020-03-05 04:00:00,4,2,2
2020-03-05 05:00:00,12,4,8
2020-03-05 06:00:00,37,14,23
2020-03-05 07:00:00,87,40,47
2020-03-05 08:00:00,124,58,66
2020-03-05 09:00:00,67,41,26
2020-03-05 10:00:00,36,24,12
2020-03-05 11:00:00,38,18,20
2020-03-05 12:00:00,33,13,20
2020-03-05 13:00:00,50,24,26
2020-03-05 14:00:00,45,26,19
2020-03-05 15:00:00,64,39,25
2020-03-05 16:00:00,109,77,32
2020-03-05 17:00:00,147,85,62
2020-03-05 18:00:00,56,30,26
2020-03-05 19:00:00,18,11,7
2020-03-05 20:00:00,19,7,12
2020-03-05 21:00:00,9,6,3
2020-03-05 22:00:00,4,2,2
2020-03-05 23:00:00,1,1,0
2020-03-06 00:00:00,2,1,1
2020-03-06 01:00:00,5,4,1
2020-03-06 02:00:00,0,0,0
2020-03-06 03:00:00,0,0,0
2020-03-06 04:00:00,1,1,0
2020-03-06 05:00:00,6,2,4
2020-03-06 06:00:00,17,2,15
2020-03-06 07:00:00,37,22,15
2020-03-06 08:00:00,50,27,23
2020-03-06 09:00:00,29,16,13
2020-03-06 10:00:00,19,11,8
2020-03-06 11:00:00,21,9,12
2020-03-06 12:00:00,25,11,14
2020-03-06 13:00:00,32,15,17
2020-03-06 14:00:00,20,12,8
2020-03-06 15:00:00,38,26,12
2020-03-06 16:00:00,69,46,23
2020-03-06 17:00:00,77,37,40
2020-03-06 18:00:00,46,29,17
2020-03-06 19:00:00,18,9,9
2020-03-06 20:00:00,15,9,6
2020-03-06 21:00:00,9,7,2
2020-03-06 22:00:00,11,7,4
2020-03-06 23:00:00,7,2,5
2020-03-07 00:00:00,1,0,1
2020-03-07 01:00:00,3,1,2
2020-03-07 02:00:00,2,1,1
2020-03-07 03:00:00,0,0,0
2020-03-07 04:00:00,0,0,0
2020-03-07 05:00:00,2,1,1
2020-03-07 06:00:00,3,3,0
2020-03-07 07:00:00,10,5,5
2020-03-07 08:00:00,7,1,6
2020-03-07 09:00:00,9,2,7
2020-03-07 10:00:00,12,7,5
2020-03-07 11:00:00,14,6,8
2020-03-07 12:00:00,16,4,12
2020-03-07 13:00:00,16,8,8
2020-03-07 14:00:00,17,8,9
2020-03-07 15:00:00,22,15,7
2020-03-07 16:00:00,32,17,15
2020-03-07 17:00:00,27,22,5
2020-03-07 18:00:00,32,24,8
2020-03-07 19:00:00,9,6,3
2020-03-07 20:00:00,8,4,4
2020-03-07 21:00:00,17,2,15
2020-03-07 22:00:00,4,3,1
2020-03-07 23:00:00,3,2,1
2020-03-08 00:00:00,4,1,3
2020-03-08 01:00:00,3,2,1
2020-03-08 02:00:00,0,0,0
2020-03-08 03:00:00,4,2,2
2020-03-08 04:00:00,2,1,1
2020-03-08 05:00:00,1,1,0
2020-03-08 06:00:00,1,1,0
2020-03-08 07:00:00,4,3,1
2020-03-08 08:00:00,5,1,4
2020-03-08 09:00:00,12,7,5
2020-03-08 10:00:00,8,5,3
2020-03-08 11:00:00,20,15,5
2020-03-08 12:00:00,34,16,18
2020-03-08 13:00:00,30,13,17
2020-03-08 14:00:00,36,20,16
2020-03-08 15:00:00,35,21,14
2020-03-08 16:00:00,26,11,15
2020-03-08 17:00:00,21,11,10
2020-03-08 18:00:00,15,6,9
2020-03-08 19:00:00,9,5,4
2020-03-08 20:00:00,11,5,6
2020-03-08 21:00:00,9,5,4
2020-03-08 22:00:00,4,1,3
2020-03-08 23:00:00,4,1,3
2020-03-09 00:00:00,1,0,1
2020-03-09 01:00:00,2,1,1
2020-03-09 02:00:00,2,2,0
2020-03-09 03:00:00,0,0,0
2020-03-09 04:00:00,1,0,1
2020-03-09 05:00:00,15,4,11
2020-03-09 06:00:00,17,7,10
2020-03-09 07:00:00,57,28,29
2020-03-09 08:00:00,67,34,33
2020-03-09 09:00:00,47,27,20
2020-03-09 10:00:00,27,12,15
2020-03-09 11:00:00,22,13,9
2020-03-09 12:00:00,28,10,18
2020-03-09 13:00:00,32,21,11
2020-03-09 14:00:00,28,16,12
2020-03-09 15:00:00,63,41,22
2020-03-09 16:00:00,82,48,34
2020-03-09 17:00:00,103,61,42
2020-03-09 18:00:00,65,34,31
2020-03-09 19:00:00,25,16,9
2020-03-09 20:00:00,7,2,5
2020-03-09 21:00:00,12,9,3
2020-03-09 22:00:00,15,4,11
2020-03-09 23:00:00,7,2,5
2020-03-10 00:00:00,2,2,0
2020-03-10 01:00:00,2,0,2
2020-03-10 02:00:00,0,0,0
2020-03-10 03:00:00,0,0,0
2020-03-10 04:00:00,2,2,0
2020-03-10 05:00:00,22,4,18
2020-03-10 06:00:00,23,9,14
2020-03-10 07:00:00,53,23,30
2020-03-10 08:00:00,73,37,36
2020-03-10 09:00:00,47,32,15
2020-03-10 10:00:00,21,6,15
2020-03-10 11:00:00,26,19,7
2020-03-10 12:00:00,40,15,25
2020-03-10 13:00:00,42,29,13
2020-03-10 14:00:00,39,23,16
2020-03-10 15:00:00,67,38,29
2020-03-10 16:00:00,91,60,31
2020-03-10 17:00:00,79,42,37
2020-03-10 18:00:00,59,38,21
2020-03-10 19:00:00,27,11,16
2020-03-10 20:00:00,11,5,6
2020-03-10 21:00:00,10,6,4
2020-03-10 22:00:00,6,3,3
2020-03-10 23:00:00,6,3,3
2020-03-11 00:00:00,3,0,3
2020-03-11 01:00:00,2,2,0
2020-03-11 02:00:00,2,1,1
2020-03-11 03:00:00,1,1,0
2020-03-11 04:00:00,2,2,0
2020-03-11 05:00:00,12,1,11
2020-03-11 06:00:00,15,4,11
2020-03-11 07:00:00,50,19,31
2020-03-11 08:00:00,69,38,31
2020-03-11 09:00:00,35,25,10
2020-03-11 10:00:00,27,11,16
2020-03-11 11:00:00,33,18,15
2020-03-11 12:00:00,22,11,11
2020-03-11 13:00:00,33,18,15
2020-03-11 14:00:00,28,17,11
2020-03-11 15:00:00,52,36,16
2020-03-11 16:00:00,69,35,34
2020-03-11 17:00:00,75,45,30
2020-03-11 18:00:00,52,31,21
2020-03-11 19:00:00,17,11,6
2020-03-11 20:00:00,11,3,8
2020-03-11 21:00:00,8,4,4
2020-03-11 22:00:00,9,5,4
2020-03-11 23:00:00,7,7,0
2020-03-12 00:00:00,1,1,0
2020-03-12 01:00:00,2,1,1
2020-03-12 02:00:00,1,0,1
2020-03-12 03:00:00,0,0,0
2020-03-12 04:00:00,2,1,1
2020-03-12 05:00:00,14,4,10
2020-03-12 06:00:00,29,14,15
2020-03-12 07:00:00,46,20,26
2020-03-12 08:00:00,59,28,31
2020-03-12 09:00:00,32,19,13
2020-03-12 10:00:00,15,7,8
2020-03-12 11:00:00,24,16,8
2020-03-12 12:00:00,21,7,14
2020-03-12 13:00:00,22,12,10
2020-03-12 14:00:00,30,22,8
2020-03-12 15:00:00,52,32,20
2020-03-12 16:00:00,63,45,18
2020-03-12 17:00:00,87,52,35
2020-03-12 18:00:00,50,30,20
2020-03-12 19:00:00,14,8,6
2020-03-12 20:00:00,10,5,5
2020-03-12 21:00:00,3,2,1
2020-03-12 22:00:00,6,1,5
2020-03-12 23:00:00,4,1,3
2020-03-13 00:00:00,0,0,0
2020-03-13 01:00:00,2,1,1
2020-03-13 02:00:00,1,0,1
2020-03-13 03:00:00,2,2,0
2020-03-13 04:00:00,1,1,0
2020-03-13 05:00:00,9,2,7
2020-03-13 06:00:00,15,7,8
2020-03-13 07:00:00,20,7,13
2020-03-13 08:00:00,37,18,19
2020-03-13 09:00:00,24,15,9
2020-03-13 10:00:00,13,4,9
2020-03-13 11:00:00,6,4,2
2020-03-13 12:00:00,12,6,6
2020-03-13 13:00:00,14,8,6
2020-03-13 14:00:00,14,11,3
2020-03-13 15:00:00,27,18,9
2020-03-13 16:00:00,35,20,15
2020-03-13 17:00:00,37,25,12
2020-03-13 18:00:00,26,16,10
2020-03-13 19:00:00,9,6,3
2020-03-13 20:00:00,7,4,3
2020-03-13 21:00:00,1,1,0
2020-03-13 22:00:00,2,1,1
2020-03-13 23:00:00,6,2,4
2020-03-14 00:00:00,4,3,1
2020-03-14 01:00:00,1,1,0
2020-03-14 02:00:00,1,0,1
2020-03-14 03:00:00,0,0,0
2020-03-14 04:00:00,0,0,0
2020-03-14 05:00:00,2,2,0
2020-03-14 06:00:00,0,0,0
2020-03-14 07:00:00,7,0,7
2020-03-14 08:00:00,10,7,3
2020-03-14 09:00:00,9,5,4
2020-03-14 10:00:00,9,5,4
2020-03-14 11:00:00,11,4,7
2020-03-14 12:00:00,14,11,3
2020-03-14 13:00:00,15,11,4
2020-03-14 14:00:00,24,15,9
2020-03-14 15:00:00,23,13,10
2020-03-14 16:00:00,15,9,6
2020-03-14 17:00:00,22,10,12
2020-03-14 18:00:00,33,21,12
2020-03-14 19:00:00,10,6,4
2020-03-14 20:00:00,12,8,4
2020-03-14 21:00:00,3,1,2
2020-03-14 22:00:00,4,1,3
2020-03-14 23:00:00,4,2,2
2020-03-15 00:00:00,1,1,0
2020-03-15 01:00:00,5,0,5
2020-03-15 02:00:00,1,1,0
2020-03-15 03:00:00,1,1,0
2020-03-15 04:00:00,0,0,0
2020-03-15 05:00:00,0,0,0
2020-03-15 06:00:00,0,0,0
2020-03-15 07:00:00,3,0,3
2020-03-15 08:00:00,6,3,3
2020-03-15 09:00:00,5,3,2
2020-03-15 10:00:00,18,5,13
2020-03-15 11:00:00,12,9,3
2020-03-15 12:00:00,21,10,11
2020-03-15 13:00:00,17,10,7
2020-03-15 14:00:00,25,13,12
2020-03-15 15:00:00,23,11,12
2020-03-15 16:00:00,26,4,22
2020-03-15 17:00:00,19,11,8
2020-03-15 18:00:00,11,7,4
2020-03-15 19:00:00,7,5,2
2020-03-15 20:00:00,8,3,5
2020-03-15 21:00:00,2,0,2
2020-03-15 22:00:00,7,5,2
2020-03-15 23:00:00,2,1,1
2020-03-16 00:00:00,0,0,0
2020-03-16 01:00:00,0,0,0
2020-03-16 02:00:00,2,1,1
2020-03-16 03:00:00,0,0,0
2020-03-16 04:00:00,1,1,0
2020-03-16 05:00:00,9,1,8
2020-03-16 06:00:00,21,9,12
2020-03-16 07:00:00,31,16,15
2020-03-16 08:00:00,45,22,23
2020-03-16 09:00:00,21,12,9
2020-03-16 10:00:00,12,6,6
2020-03-16 11:00:00,18,7,11
2020-03-16 12:00:00,18,8,10
2020-03-16 13:00:00,24,16,8
2020-03-16 14:00:00,26,14,12
2020-03-16 15:00:00,45,22,23
2020-03-16 16:00:00,44,29,15
2020-03-16 17:00:00,74,44,30
2020-03-16 18:00:00,33,19,14
2020-03-16 19:00:00,21,8,13
2020-03-16 20:00:00,13,7,6
2020-03-16 21:00:00,7,4,3
2020-03-16 22:00:00,4,1,3
2020-03-16 23:00:00,6,4,2
2020-03-17 00:00:00,0,0,0
2020-03-17 01:00:00,3,2,1
2020-03-17 02:00:00,0,0,0
2020-03-17 03:00:00,0,0,0
2020-03-17 04:00:00,2,1,1
2020-03-17 05:00:00,8,0,8
2020-03-17 06:00:00,15,3,12
2020-03-17 07:00:00,21,12,9
2020-03-17 08:00:00,28,14,14
2020-03-17 09:00:00,21,14,7
2020-03-17 10:00:00,11,6,5
2020-03-17 11:00:00,20,12,8
2020-03-17 12:00:00,22,8,14
2020-03-17 13:00:00,28,14,14
2020-03-17 14:00:00,24,18,6
2020-03-17 15:00:00,38,25,13
2020-03-17 16:00:00,44,31,13
2020-03-17 17:00:00,54,29,25
2020-03-17 18:00:00,19,11,8
2020-03-17 19:00:00,15,3,12
2020-03-17 20:00:00,6,5,1
2020-03-17 21:00:00,1,0,1
2020-03-17 22:00:00,5,0,5
2020-03-17 23:00:00,0,0,0
2020-03-18 00:00:00,1,0,1
2020-03-18 01:00:00,0,0,0
2020-03-18 02:00:00,2,1,1
2020-03-18 03:00:00,2,2,0
2020-03-18 04:00:00,1,1,0
2020-03-18 05:00:00,4,1,3
2020-03-18 06:00:00,14,4,10
2020-03-18 07:00:00,23,9,14
2020-03-18 08:00:00,27,12,15
2020-03-18 09:00:00,17,10,7
2020-03-18 10:00:00,14,8,6
2020-03-18 11:00:00,25,13,12
2020-03-18 12:00:00,24,13,11
2020-03-18 13:00:00,29,14,15
2020-03-18 14:00:00,28,15,13
2020-03-18 15:00:00,32,25,7
2020-03-18 16:00:00,44,24,20
2020-03-18 17:00:00,64,32,32
2020-03-18 18:00:00,39,23,16
2020-03-18 19:00:00,29,15,14
2020-03-18 20:00:00,13,6,7
2020-03-18 21:00:00,1,1,0
2020-03-18 22:00:00,7,4,3
2020-03-18 23:00:00,3,0,3
2020-03-19 00:00:00,0,0,0
2020-03-19 01:00:00,2,1,1
2020-03-19 02:00:00,3,2,1
2020-03-19 03:00:00,0,0,0
2020-03-19 04:00:00,1,1,0
2020-03-19 05:00:00,8,4,4
2020-03-19 06:00:00,9,2,7
2020-03-19 07:00:00,22,6,16
2020-03-19 08:00:00,18,9,9
2020-03-19 09:00:00,13,11,2
2020-03-19 10:00:00,12,2,10
2020-03-19 11:00:00,16,10,6
2020-03-19 12:00:00,21,6,15
2020-03-19 13:00:00,29,16,13
2020-03-19 14:00:00,38,21,17
2020-03-19 15:00:00,40,21,19
2020-03-19 16:00:00,40,22,18
2020-03-19 17:00:00,55,28,27
2020-03-19 18:00:00,43,19,24
2020-03-19 19:00:00,15,4,11
2020-03-19 20:00:00,8,4,4
2020-03-19 21:00:00,2,1,1
2020-03-19 22:00:00,4,2,2
2020-03-19 23:00:00,0,0,0
2020-03-20 00:00:00,3,3,0
2020-03-20 01:00:00,1,0,1
2020-03-20 02:00:00,1,1,0
2020-03-20 03:00:00,0,0,0
2020-03-20 04:00:00,0,0,0
2020-03-20 05:00:00,7,2,5
2020-03-20 06:00:00,7,2,5
2020-03-20 07:00:00,20,11,9
2020-03-20 08:00:00,25,14,11
2020-03-20 09:00:00,14,11,3
2020-03-20 10:00:00,10,6,4
2020-03-20 11:00:00,28,9,19
2020-03-20 12:00:00,32,14,18
2020-03-20 13:00:00,25,18,7
2020-03-20 14:00:00,40,25,15
2020-03-20 15:00:00,38,23,15
2020-03-20 16:00:00,35,16,19
2020-03-20 17:00:00,58,28,30
2020-03-20 18:00:00,31,12,19
2020-03-20 19:00:00,18,5,13
2020-03-20 20:00:00,8,4,4
2020-03-20 21:00:00,8,3,5
2020-03-20 22:00:00,5,1,4
2020-03-20 23:00:00,8,3,5
2020-03-21 00:00:00,0,0,0
2020-03-21 01:00:00,1,1,0
2020-03-21 02:00:00,1,1,0
2020-03-21 03:00:00,0,0,0
2020-03-21 04:00:00,0,0,0
2020-03-21 05:00:00,1,1,0
2020-03-21 06:00:00,2,1,1
2020-03-21 07:00:00,1,0,1
2020-03-21 08:00:00,4,4,0
2020-03-21 09:00:00,7,3,4
2020-03-21 10:00:00,15,10,5
2020-03-21 11:00:00,20,13,7
2020-03-21 12:00:00,25,15,10
2020-03-21 13:00:00,25,14,11
2020-03-21 14:00:00,36,14,22
2020-03-21 15:00:00,47,28,19
2020-03-21 16:00:00,40,24,16
2020-03-21 17:00:00,39,14,25
2020-03-21 18:00:00,31,16,15
2020-03-21 19:00:00,12,8,4
2020-03-21 20:00:00,4,3,1
2020-03-21 21:00:00,1,1,0
2020-03-21 22:00:00,1,0,1
2020-03-21 23:00:00,3,1,2
2020-03-22 00:00:00,1,1,0
2020-03-22 01:00:00,1,1,0
2020-03-22 02:00:00,2,0,2
2020-03-22 03:00:00,0,0,0
2020-03-22 04:00:00,0,0,0
2020-03-22 05:00:00,1,1,0
2020-03-22 06:00:00,1,1,0
2020-03-22 07:00:00,1,0,1
2020-03-22 08:00:00,3,2,1
2020-03-22 09:00:00,14,11,3
2020-03-22 10:00:00,15,7,8
2020-03-22 11:00:00,26,15,11
2020-03-22 12:00:00,27,21,6
2020-03-22 13:00:00,31,14,17
2020-03-22 14:00:00,27,17,10
2020-03-22 15:00:00,30,9,21
2020-03-22 16:00:00,19,10,9
2020-03-22 17:00:00,12,5,7
2020-03-22 18:00:00,18,6,12
2020-03-22 19:00:00,12,3,9
2020-03-22 20:00:00,7,5,2
2020-03-22 21:00:00,2,1,1
2020-03-22 22:00:00,1,0,1
2020-03-22 23:00:00,2,2,0
2020-03-23 00:00:00,1,1,0
2020-03-23 01:00:00,0,0,0
2020-03-23 02:00:00,0,0,0
2020-03-23 03:00:00,0,0,0
2020-03-23 04:00:00,2,2,0
2020-03-23 05:00:00,5,0,5
2020-03-23 06:00:00,11,4,7
2020-03-23 07:00:00,18,9,9
2020-03-23 08:00:00,18,9,9
2020-03-23 09:00:00,13,7,6
2020-03-23 10:00:00,13,5,8
2020-03-23 11:00:00,16,10,6
2020-03-23 12:00:00,24,18,6
2020-03-23 13:00:00,18,11,7
2020-03-23 14:00:00,16,5,11
2020-03-23 15:00:00,26,18,8
2020-03-23 16:00:00,17,9,8
2020-03-23 17:00:00,27,17,10
2020-03-23 18:00:00,20,10,10
2020-03-23 19:00:00,15,8,7
2020-03-23 20:00:00,8,4,4
2020-03-23 21:00:00,7,2,5
2020-03-23 22:00:00,3,2,1
2020-03-23 23:00:00,2,1,1
2020-03-24 00:00:00,0,0,0
2020-03-24 01:00:00,1,0,1
2020-03-24 02:00:00,0,0,0
2020-03-24 03:00:00,0,0,0
2020-03-24 04:00:00,2,2,0
2020-03-24 05:00:00,3,0,3
2020-03-24 06:00:00,14,5,9
2020-03-24 07:00:00,16,6,10
2020-03-24 08:00:00,17,12,5
2020-03-24 09:00:00,7,6,1
2020-03-24 10:00:00,9,5,4
2020-03-24 11:00:00,7,2,5
2020-03-24 12:00:00,15,5,10
2020-03-24 13:00:00,18,9,9
2020-03-24 14:00:00,15,9,6
2020-03-24 15:00:00,22,13,9
2020-03-24 16:00:00,24,16,8
2020-03-24 17:00:00,27,17,10
2020-03-24 18:00:00,14,9,5
2020-03-24 19:00:00,13,6,7
2020-03-24 20:00:00,9,3,6
2020-03-24 21:00:00,1,1,0
2020-03-24 22:00:00,1,0,1
2020-03-24 23:00:00,0,0,0
2020-03-25 00:00:00,0,0,0
2020-03-25 01:00:00,0,0,0
2020-03-25 02:00:00,1,1,0
2020-03-25 03:00:00,0,0,0
2020-03-25 04:00:00,2,2,0
2020-03-25 05:00:00,4,2,2
2020-03-25 06:00:00,14,6,8
2020-03-25 07:00:00,12,6,6
2020-03-25 08:00:00,14,8,6
2020-03-25 09:00:00,7,5,2
2020-03-25 10:00:00,9,6,3
2020-03-25 11:00:00,12,5,7
2020-03-25 12:00:00,8,5,3
2020-03-25 13:00:00,14,8,6
2020-03-25 14:00:00,16,10,6
2020-03-25 15:00:00,30,20,10
2020-03-25 16:00:00,29,17,12
2020-03-25 17:00:00,52,26,26
2020-03-25 18:00:00,18,12,6
2020-03-25 19:00:00,13,6,7
2020-03-25 20:00:00,8,2,6
2020-03-25 21:00:00,6,2,4
2020-03-25 22:00:00,2,0,2
2020-03-25 23:00:00,0,0,0
2020-03-26 00:00:00,0,0,0
2020-03-26 01:00:00,1,0,1
2020-03-26 02:00:00,0,0,0
2020-03-26 03:00:00,0,0,0
2020-03-26 04:00:00,2,1,1
2020-03-26 05:00:00,3,1,2
2020-03-26 06:00:00,7,2,5
2020-03-26 07:00:00,12,6,6
2020-03-26 08:00:00,11,6,5
2020-03-26 09:00:00,7,6,1
2020-03-26 10:00:00,8,3,5
2020-03-26 11:00:00,15,6,9
2020-03-26 12:00:00,29,11,18
2020-03-26 13:00:00,7,2,5
2020-03-26 14:00:00,16,12,4
2020-03-26 15:00:00,20,11,9
2020-03-26 16:00:00,20,13,7
2020-03-26 17:00:00,35,26,9
2020-03-26 18:00:00,18,13,5
2020-03-26 19:00:00,14,9,5
2020-03-26 20:00:00,8,5,3
2020-03-26 21:00:00,3,1,2
2020-03-26 22:00:00,0,0,0
2020-03-26 23:00:00,0,0,0
2020-03-27 00:00:00,1,1,0
2020-03-27 01:00:00,2,0,2
2020-03-27 02:00:00,1,1,0
2020-03-27 03:00:00,2,1,1
2020-03-27 04:00:00,0,0,0
2020-03-27 05:00:00,3,2,1
2020-03-27 06:00:00,6,0,6
2020-03-27 07:00:00,5,4,1
2020-03-27 08:00:00,9,5,4
2020-03-27 09:00:00,6,2,4
2020-03-27 10:00:00,8,5,3
2020-03-27 11:00:00,17,5,12
2020-03-27 12:00:00,15,8,7
2020-03-27 13:00:00,18,12,6
2020-03-27 14:00:00,14,7,7
2020-03-27 15:00:00,11,10,1
2020-03-27 16:00:00,15,7,8
2020-03-27 17:00:00,32,19,13
2020-03-27 18:00:00,18,11,7
2020-03-27 19:00:00,14,7,7
2020-03-27 20:00:00,17,10,7
2020-03-27 21:00:00,3,3,0
2020-03-27 22:00:00,4,2,2
2020-03-27 23:00:00,1,1,0
2020-03-28 00:00:00,1,1,0
2020-03-28 01:00:00,0,0,0
2020-03-28 02:00:00,0,0,0
2020-03-28 03:00:00,2,0,2
2020-03-28 04:00:00,0,0,0
2020-03-28 05:00:00,0,0,0
2020-03-28 06:00:00,1,1,0
2020-03-28 07:00:00,4,1,3
2020-03-28 08:00:00,3,2,1
2020-03-28 09:00:00,5,2,3
2020-03-28 10:00:00,12,3,9
2020-03-28 11:00:00,13,9,4
2020-03-28 12:00:00,12,7,5
2020-03-28 13:00:00,21,9,12
2020-03-28 14:00:00,19,5,14
2020-03-28 15:00:00,32,12,20
2020-03-28 16:00:00,23,17,6
2020-03-28 17:00:00,11,6,5
2020-03-28 18:00:00,3,2,1
2020-03-28 19:00:00,5,2,3
2020-03-28 20:00:00,3,2,1
2020-03-28 21:00:00,0,0,0
2020-03-28 22:00:00,2,0,2
2020-03-28 23:00:00,2,2,0
2020-03-29 00:00:00,0,0,0
2020-03-29 01:00:00,0,0,0
2020-03-29 02:00:00,0,0,0
2020-03-29 03:00:00,0,0,0
2020-03-29 04:00:00,1,1,0
2020-03-29 05:00:00,0,0,0
2020-03-29 06:00:00,1,1,0
2020-03-29 07:00:00,1,0,1
2020-03-29 08:00:00,4,1,3
2020-03-29 09:00:00,5,2,3
2020-03-29 10:00:00,14,9,5
2020-03-29 11:00:00,24,12,12
2020-03-29 12:00:00,38,15,23
2020-03-29 13:00:00,47,26,21
2020-03-29 14:00:00,65,39,26
2020-03-29 15:00:00,37,30,7
2020-03-29 16:00:00,55,22,33
2020-03-29 17:00:00,38,13,25
2020-03-29 18:00:00,14,7,7
2020-03-29 19:00:00,5,3,2
2020-03-29 20:00:00,6,3,3
2020-03-29 21:00:00,1,0,1
2020-03-29 22:00:00,2,1,1
2020-03-29 23:00:00,1,0,1
2020-03-30 00:00:00,5,3,2
2020-03-30 01:00:00,0,0,0
2020-03-30 02:00:00,0,0,0
2020-03-30 03:00:00,0,0,0
2020-03-30 04:00:00,0,0,0
2020-03-30 05:00:00,4,1,3
2020-03-30 06:00:00,6,3,3
2020-03-30 07:00:00,10,5,5
2020-03-30 08:00:00,11,8,3
2020-03-30 09:00:00,15,10,5
2020-03-30 10:00:00,6,1,5
2020-03-30 11:00:00,3,1,2
2020-03-30 12:00:00,10,4,6
2020-03-30 13:00:00,7,3,4
2020-03-30 14:00:00,8,6,2
2020-03-30 15:00:00,19,16,3
2020-03-30 16:00:00,13,6,7
2020-03-30 17:00:00,18,12,6
2020-03-30 18:00:00,7,2,5
2020-03-30 19:00:00,7,2,5
2020-03-30 20:00:00,3,1,2
2020-03-30 21:00:00,6,2,4
2020-03-30 22:00:00,5,2,3
2020-03-30 23:00:00,5,4,1
2020-03-31 00:00:00,0,0,0
2020-03-31 01:00:00,0,0,0
2020-03-31 02:00:00,2,1,1
2020-03-31 03:00:00,0,0,0
2020-03-31 04:00:00,1,1,0
2020-03-31 05:00:00,6,3,3
2020-03-31 06:00:00,10,4,6
2020-03-31 07:00:00,8,4,4
2020-03-31 08:00:00,14,8,6
2020-03-31 09:00:00,7,6,1
2020-03-31 10:00:00,9,5,4
2020-03-31 11:00:00,8,4,4
2020-03-31 12:00:00,23,9,14
2020-03-31 13:00:00,18,8,10
2020-03-31 14:00:00,16,9,7
2020-03-31 15:00:00,11,6,5
2020-03-31 16:00:00,13,5,8
2020-03-31 17:00:00,19,11,8
2020-03-31 18:00:00,12,4,8
2020-03-31 19:00:00,2,0,2
2020-03-31 20:00:00,3,1,2
2020-03-31 21:00:00,3,1,2
2020-03-31 22:00:00,4,1,3
2020-03-31 23:00:00,3,1,2
2020-04-06 12:00:00,16,7,9
2020-04-06 13:00:00,19,10,9
2020-04-06 14:00:00,30,19,11
2020-04-06 15:00:00,39,25,14
2020-04-06 16:00:00,33,21,12
2020-04-06 17:00:00,36,21,15
2020-04-06 18:00:00,41,23,18
2020-04-06 19:00:00,20,10,10
2020-04-06 20:00:00,6,3,3
2020-04-06 21:00:00,4,0,4
2020-04-06 22:00:00,5,3,2
2020-04-06 23:00:00,1,1,0
2020-04-07 00:00:00,3,0,3
2020-04-07 01:00:00,0,0,0
2020-04-07 02:00:00,0,0,0
2020-04-07 03:00:00,0,0,0
2020-04-07 04:00:00,1,1,0
2020-04-07 05:00:00,5,3,2
2020-04-07 06:00:00,15,7,8
2020-04-07 07:00:00,19,8,11
2020-04-07 08:00:00,25,9,16
2020-04-07 09:00:00,14,8,6
2020-04-07 10:00:00,12,9,3
2020-04-07 11:00:00,15,9,6
2020-04-07 12:00:00,17,9,8
2020-04-07 13:00:00,12,7,5
2020-04-07 14:00:00,18,10,8
2020-04-07 15:00:00,34,23,11
2020-04-07 16:00:00,33,17,16
2020-04-07 17:00:00,37,15,22
2020-04-07 18:00:00,32,16,16
2020-04-07 19:00:00,13,3,10
2015-01-01 00:00:00,3,3,0
2015-01-01 01:00:00,9,9,0
2015-01-01 02:00:00,2,2,0
2015-01-01 03:00:00,0,0,0
2015-01-01 04:00:00,0,0,0
2015-01-01 05:00:00,0,0,0
2015-01-01 06:00:00,2,1,1
2015-01-01 07:00:00,4,3,1
2015-01-01 08:00:00,2,2,0
2015-01-01 09:00:00,5,5,0
2015-01-01 10:00:00,6,4,2
2015-01-01 11:00:00,8,4,4
2015-01-01 12:00:00,2,2,0
2015-01-01 13:00:00,10,5,5
2015-01-01 14:00:00,10,6,4
2015-01-01 15:00:00,10,4,6
2015-01-01 16:00:00,12,6,6
2015-01-01 17:00:00,4,3,1
2015-01-01 18:00:00,2,1,1
2015-01-01 19:00:00,4,4,0
2015-01-01 20:00:00,0,0,0
2015-01-01 21:00:00,2,2,0
2015-01-01 22:00:00,1,1,0
2015-01-01 23:00:00,2,1,1
2015-01-02 00:00:00,1,0,1
2015-01-02 01:00:00,1,0,1
2015-01-02 02:00:00,5,0,5
2015-01-02 03:00:00,0,0,0
2015-01-02 04:00:00,3,0,3
2015-01-02 05:00:00,2,2,0
2015-01-02 06:00:00,14,7,7
2015-01-02 07:00:00,16,10,6
2015-01-02 08:00:00,31,22,9
2015-01-02 09:00:00,21,15,6
2015-01-02 10:00:00,18,13,5
2015-01-02 11:00:00,15,11,4
2015-01-02 12:00:00,14,8,6
2015-01-02 13:00:00,20,18,2
2015-01-02 14:00:00,16,6,10
2015-01-02 15:00:00,30,23,7
2015-01-02 16:00:00,35,22,13
2015-01-02 17:00:00,43,28,15
2015-01-02 18:00:00,14,7,7
2015-01-02 19:00:00,6,4,2
2015-01-02 20:00:00,3,2,1
2015-01-02 21:00:00,0,0,0
2015-01-02 22:00:00,6,3,3
2015-01-02 23:00:00,3,2,1
2015-01-03 00:00:00,4,4,0
2015-01-03 01:00:00,3,0,3
2015-01-03 02:00:00,2,0,2
2015-01-03 03:00:00,0,0,0
2015-01-03 04:00:00,1,1,0
2015-01-03 05:00:00,1,1,0
2015-01-03 06:00:00,1,1,0
2015-01-03 07:00:00,6,3,3
2015-01-03 08:00:00,5,5,0
2015-01-03 09:00:00,5,3,2
2015-01-03 10:00:00,12,9,3
2015-01-03 11:00:00,10,9,1
2015-01-03 12:00:00,12,10,2
2015-01-03 13:00:00,15,7,8
2015-01-03 14:00:00,18,9,9
2015-01-03 15:00:00,10,5,5
2015-01-03 16:00:00,13,7,6
2015-01-03 17:00:00,11,10,1
2015-01-03 18:00:00,8,5,3
2015-01-03 19:00:00,5,4,1
2015-01-03 20:00:00,7,5,2
2015-01-03 21:00:00,8,7,1
2015-01-03 22:00:00,8,5,3
2015-01-03 23:00:00,2,1,1
2015-01-04 00:00:00,2,2,0
2015-01-04 01:00:00,1,1,0
2015-01-04 02:00:00,1,1,0
2015-01-04 03:00:00,1,1,0
2015-01-04 04:00:00,1,1,0
2015-01-04 05:00:00,1,0,1
2015-01-04 06:00:00,3,2,1
2015-01-04 07:00:00,2,2,0
2015-01-04 08:00:00,3,2,1
2015-01-04 09:00:00,5,2,3
2015-01-04 10:00:00,3,1,2
2015-01-04 11:00:00,1,0,1
2015-01-04 12:00:00,9,6,3
2015-01-04 13:00:00,10,10,0
2015-01-04 14:00:00,8,6,2
2015-01-04 15:00:00,3,2,1
2015-01-04 16:00:00,7,2,5
2015-01-04 17:00:00,25,11,14
2015-01-04 18:00:00,2,2,0
2015-01-04 19:00:00,2,1,1
2015-01-04 20:00:00,1,1,0
2015-01-04 21:00:00,7,4,3
2015-01-04 22:00:00,5,3,2
2015-01-04 23:00:00,0,0,0
2015-01-05 00:00:00,1,0,1
2015-01-05 01:00:00,0,0,0
2015-01-05 02:00:00,1,1,0
2015-01-05 03:00:00,1,0,1
2015-01-05 04:00:00,0,0,0
2015-01-05 05:00:00,9,4,5
2015-01-05 06:00:00,21,11,10
2015-01-05 07:00:00,33,18,15
2015-01-05 08:00:00,68,49,19
2015-01-05 09:00:00,37,23,14
2015-01-05 10:00:00,17,13,4
2015-01-05 11:00:00,14,8,6
2015-01-05 12:00:00,20,12,8
2015-01-05 13:00:00,18,11,7
2015-01-05 14:00:00,15,10,5
2015-01-05 15:00:00,32,23,9
2015-01-05 16:00:00,50,39,11
2015-01-05 17:00:00,93,64,29
2015-01-05 18:00:00,43,31,12
2015-01-05 19:00:00,17,12,5
2015-01-05 20:00:00,9,8,1
2015-01-05 21:00:00,6,6,0
2015-01-05 22:00:00,1,1,0
2015-01-05 23:00:00,1,0,1
2015-01-06 00:00:00,5,1,4
2015-01-06 01:00:00,1,0,1
2015-01-06 02:00:00,0,0,0
2015-01-06 03:00:00,2,1,1
2015-01-06 04:00:00,2,0,2
2015-01-06 05:00:00,10,8,2
2015-01-06 06:00:00,38,21,17
2015-01-06 07:00:00,53,32,21
2015-01-06 08:00:00,102,73,29
2015-01-06 09:00:00,62,39,23
2015-01-06 10:00:00,34,28,6
2015-01-06 11:00:00,26,15,11
2015-01-06 12:00:00,15,7,8
2015-01-06 13:00:00,39,20,19
2015-01-06 14:00:00,31,19,12
2015-01-06 15:00:00,35,22,13
2015-01-06 16:00:00,80,63,17
2015-01-06 17:00:00,99,66,33
2015-01-06 18:00:00,68,37,31
2015-01-06 19:00:00,24,16,8
2015-01-06 20:00:00,10,4,6
2015-01-06 21:00:00,11,8,3
2015-01-06 22:00:00,4,3,1
2015-01-06 23:00:00,8,7,1
2015-01-07 00:00:00,0,0,0
2015-01-07 01:00:00,3,3,0
2015-01-07 02:00:00,0,0,0
2015-01-07 03:00:00,0,0,0
2015-01-07 04:00:00,1,1,0
2015-01-07 05:00:00,6,3,3
2015-01-07 06:00:00,38,21,17
2015-01-07 07:00:00,53,34,19
2015-01-07 08:00:00,108,77,31
2015-01-07 09:00:00,66,45,21
2015-01-07 10:00:00,39,27,12
2015-01-07 11:00:00,29,16,13
2015-01-07 12:00:00,32,21,11
2015-01-07 13:00:00,24,16,8
2015-01-07 14:00:00,27,17,10
2015-01-07 15:00:00,43,31,12
2015-01-07 16:00:00,74,52,22
2015-01-07 17:00:00,134,84,50
2015-01-07 18:00:00,61,41,20
2015-01-07 19:00:00,18,9,9
2015-01-07 20:00:00,10,6,4
2015-01-07 21:00:00,4,3,1
2015-01-07 22:00:00,2,2,0
2015-01-07 23:00:00,3,3,0
2015-01-08 00:00:00,4,4,0
2015-01-08 01:00:00,2,2,0
2015-01-08 02:00:00,1,0,1
2015-01-08 03:00:00,1,1,0
2015-01-08 04:00:00,1,0,1
2015-01-08 05:00:00,7,6,1
2015-01-08 06:00:00,30,19,11
2015-01-08 07:00:00,46,35,11
2015-01-08 08:00:00,103,69,34
2015-01-08 09:00:00,68,49,19
2015-01-08 10:00:00,39,23,16
2015-01-08 11:00:00,37,29,8
2015-01-08 12:00:00,24,19,5
2015-01-08 13:00:00,30,19,11
2015-01-08 14:00:00,24,13,11
2015-01-08 15:00:00,37,25,12
2015-01-08 16:00:00,66,45,21
2015-01-08 17:00:00,113,83,30
2015-01-08 18:00:00,63,37,26
2015-01-08 19:00:00,27,16,11
2015-01-08 20:00:00,12,5,7
2015-01-08 21:00:00,3,2,1
2015-01-08 22:00:00,6,5,1
2015-01-08 23:00:00,4,3,1
2015-01-09 00:00:00,5,5,0
2015-01-09 01:00:00,2,2,0
2015-01-09 02:00:00,2,1,1
2015-01-09 03:00:00,0,0,0
2015-01-09 04:00:00,1,1,0
2015-01-09 05:00:00,6,2,4
2015-01-09 06:00:00,26,15,11
2015-01-09 07:00:00,52,37,15
2015-01-09 08:00:00,83,54,29
2015-01-09 09:00:00,54,39,15
2015-01-09 10:00:00,23,14,9
2015-01-09 11:00:00,23,14,9
2015-01-09 12:00:00,31,16,15
2015-01-09 13:00:00,26,13,13
2015-01-09 14:00:00,25,16,9
2015-01-09 15:00:00,36,26,10
2015-01-09 16:00:00,69,51,18
2015-01-09 17:00:00,119,71,48
2015-01-09 18:00:00,56,36,20
2015-01-09 19:00:00,24,17,7
2015-01-09 20:00:00,8,3,5
2015-01-09 21:00:00,6,6,0
2015-01-09 22:00:00,2,2,0
2015-01-09 23:00:00,6,3,3
2015-01-10 00:00:00,7,6,1
2015-01-10 01:00:00,0,0,0
2015-01-10 02:00:00,1,0,1
2015-01-10 03:00:00,0,0,0
2015-01-10 04:00:00,0,0,0
2015-01-10 05:00:00,0,0,0
2015-01-10 06:00:00,4,3,1
2015-01-10 07:00:00,4,2,2
2015-01-10 08:00:00,11,8,3
2015-01-10 09:00:00,11,10,1
2015-01-10 10:00:00,4,3,1
2015-01-10 11:00:00,17,16,1
2015-01-10 12:00:00,11,9,2
2015-01-10 13:00:00,15,7,8
2015-01-10 14:00:00,18,14,4
2015-01-10 15:00:00,17,11,6
2015-01-10 16:00:00,12,8,4
2015-01-10 17:00:00,17,9,8
2015-01-10 18:00:00,13,4,9
2015-01-10 19:00:00,6,3,3
2015-01-10 20:00:00,9,4,5
2015-01-10 21:00:00,12,4,8
2015-01-10 22:00:00,15,3,12
2015-01-10 23:00:00,0,0,0
2015-01-11 00:00:00,7,4,3
2015-01-11 01:00:00,1,1,0
2015-01-11 02:00:00,0,0,0
2015-01-11 03:00:00,1,1,0
2015-01-11 04:00:00,1,0,1
2015-01-11 05:00:00,1,0,1
2015-01-11 06:00:00,3,1,2
2015-01-11 07:00:00,5,4,1
2015-01-11 08:00:00,8,2,6
2015-01-11 09:00:00,4,4,0
2015-01-11 10:00:00,6,4,2
2015-01-11 11:00:00,7,6,1
2015-01-11 12:00:00,11,6,5
2015-01-11 13:00:00,10,9,1
2015-01-11 14:00:00,15,9,6
2015-01-11 15:00:00,12,9,3
2015-01-11 16:00:00,4,3,1
2015-01-11 17:00:00,7,6,1
2015-01-11 18:00:00,4,3,1
2015-01-11 19:00:00,2,2,0
2015-01-11 20:00:00,3,2,1
2015-01-11 21:00:00,4,4,0
2015-01-11 22:00:00,3,2,1
2015-01-11 23:00:00,0,0,0
2015-01-12 00:00:00,2,2,0
2015-01-12 01:00:00,0,0,0
2015-01-12 02:00:00,0,0,0
2015-01-12 03:00:00,0,0,0
2015-01-12 04:00:00,0,0,0
2015-01-12 05:00:00,13,9,4
2015-01-12 06:00:00,30,15,15
2015-01-12 07:00:00,46,32,14
2015-01-12 08:00:00,81,60,21
2015-01-12 09:00:00,66,44,22
2015-01-12 10:00:00,28,17,11
2015-01-12 11:00:00,25,13,12
2015-01-12 12:00:00,20,9,11
2015-01-12 13:00:00,25,17,8
2015-01-12 14:00:00,22,12,10
2015-01-12 15:00:00,39,29,10
2015-01-12 16:00:00,78,54,24
2015-01-12 17:00:00,106,67,39
2015-01-12 18:00:00,62,35,27
2015-01-12 19:00:00,20,11,9
2015-01-12 20:00:00,10,8,2
2015-01-12 21:00:00,11,9,2
2015-01-12 22:00:00,4,3,1
2015-01-12 23:00:00,3,1,2
2015-01-13 00:00:00,1,1,0
2015-01-13 01:00:00,3,3,0
2015-01-13 02:00:00,1,1,0
2015-01-13 03:00:00,1,1,0
2015-01-13 04:00:00,1,1,0
2015-01-13 05:00:00,8,6,2
2015-01-13 06:00:00,27,18,9
2015-01-13 07:00:00,63,40,23
2015-01-13 08:00:00,96,71,25
2015-01-13 09:00:00,68,51,17
2015-01-13 10:00:00,28,17,11
2015-01-13 11:00:00,33,18,15
2015-01-13 12:00:00,31,17,14
2015-01-13 13:00:00,26,17,9
2015-01-13 14:00:00,19,8,11
2015-01-13 15:00:00,39,26,13
2015-01-13 16:00:00,82,60,22
2015-01-13 17:00:00,109,69,40
2015-01-13 18:00:00,61,30,31
2015-01-13 19:00:00,26,15,11
2015-01-13 20:00:00,13,10,3
2015-01-13 21:00:00,7,5,2
2015-01-13 22:00:00,7,3,4
2015-01-13 23:00:00,3,3,0
2015-01-14 00:00:00,0,0,0
2015-01-14 01:00:00,2,2,0
2015-01-14 02:00:00,1,1,0
2015-01-14 03:00:00,0,0,0
2015-01-14 04:00:00,1,0,1
2015-01-14 05:00:00,9,6,3
2015-01-14 06:00:00,27,14,13
2015-01-14 07:00:00,53,36,17
2015-01-14 08:00:00,92,59,33
2015-01-14 09:00:00,56,40,16
2015-01-14 10:00:00,25,17,8
2015-01-14 11:00:00,28,17,11
2015-01-14 12:00:00,24,14,10
2015-01-14 13:00:00,43,27,16
2015-01-14 14:00:00,25,16,9
2015-01-14 15:00:00,47,35,12
2015-01-14 16:00:00,65,48,17
2015-01-14 17:00:00,121,76,45
2015-01-14 18:00:00,68,40,28
2015-01-14 19:00:00,30,16,14
2015-01-14 20:00:00,12,9,3
2015-01-14 21:00:00,12,7,5
2015-01-14 22:00:00,6,4,2
2015-01-14 23:00:00,0,0,0
2015-01-15 00:00:00,4,2,2
2015-01-15 01:00:00,4,3,1
2015-01-15 02:00:00,0,0,0
2015-01-15 03:00:00,1,1,0
2015-01-15 04:00:00,3,2,1
2015-01-15 05:00:00,0,0,0
2015-01-15 06:00:00,17,7,10
2015-01-15 07:00:00,37,22,15
2015-01-15 08:00:00,77,61,16
2015-01-15 09:00:00,53,39,14
2015-01-15 10:00:00,31,22,9
2015-01-15 11:00:00,20,11,9
2015-01-15 12:00:00,27,15,12
2015-01-15 13:00:00,20,11,9
2015-01-15 14:00:00,11,5,6
2015-01-15 15:00:00,28,20,8
2015-01-15 16:00:00,58,43,15
2015-01-15 17:00:00,79,55,24
2015-01-15 18:00:00,45,24,21
2015-01-15 19:00:00,16,10,6
2015-01-15 20:00:00,7,7,0
2015-01-15 21:00:00,4,2,2
2015-01-15 22:00:00,4,4,0
2015-01-15 23:00:00,2,2,0
2015-01-16 00:00:00,2,2,0
2015-01-16 01:00:00,0,0,0
2015-01-16 02:00:00,0,0,0
2015-01-16 03:00:00,0,0,0
2015-01-16 04:00:00,1,1,0
2015-01-16 05:00:00,6,4,2
2015-01-16 06:00:00,16,10,6
2015-01-16 07:00:00,40,27,13
2015-01-16 08:00:00,57,39,18
2015-01-16 09:00:00,52,35,17
2015-01-16 10:00:00,22,16,6
2015-01-16 11:00:00,30,22,8
2015-01-16 12:00:00,17,4,13
2015-01-16 13:00:00,29,17,12
2015-01-16 14:00:00,32,25,7
2015-01-16 15:00:00,41,29,12
2015-01-16 16:00:00,68,39,29
2015-01-16 17:00:00,83,48,35
2015-01-16 18:00:00,59,42,17
2015-01-16 19:00:00,12,9,3
2015-01-16 20:00:00,8,4,4
2015-01-16 21:00:00,5,1,4
2015-01-16 22:00:00,10,6,4
2015-01-16 23:00:00,7,6,1
2015-01-17 00:00:00,4,4,0
2015-01-17 01:00:00,1,1,0
2015-01-17 02:00:00,2,2,0
2015-01-17 03:00:00,0,0,0
2015-01-17 04:00:00,2,1,1
2015-01-17 05:00:00,4,3,1
2015-01-17 06:00:00,3,1,2
2015-01-17 07:00:00,1,1,0
2015-01-17 08:00:00,4,3,1
2015-01-17 09:00:00,5,3,2
2015-01-17 10:00:00,5,5,0
2015-01-17 11:00:00,5,2,3
2015-01-17 12:00:00,15,8,7
2015-01-17 13:00:00,8,2,6
2015-01-17 14:00:00,13,10,3
2015-01-17 15:00:00,15,6,9
2015-01-17 16:00:00,10,7,3
2015-01-17 17:00:00,10,5,5
2015-01-17 18:00:00,5,4,1
2015-01-17 19:00:00,5,4,1
2015-01-17 20:00:00,5,4,1
2015-01-17 21:00:00,1,1,0
2015-01-17 22:00:00,0,0,0
2015-01-17 23:00:00,8,6,2
2015-01-18 00:00:00,4,3,1
2015-01-18 01:00:00,1,1,0
2015-01-18 02:00:00,1,1,0
2015-01-18 03:00:00,0,0,0
2015-01-18 04:00:00,2,1,1
2015-01-18 05:00:00,5,3,2
2015-01-18 06:00:00,5,3,2
2015-01-18 07:00:00,6,6,0
2015-01-18 08:00:00,2,2,0
2015-01-18 09:00:00,6,4,2
2015-01-18 10:00:00,9,8,1
2015-01-18 11:00:00,11,8,3
2015-01-18 12:00:00,4,3,1
2015-01-18 13:00:00,7,2,5
2015-01-18 14:00:00,5,4,1
2015-01-18 15:00:00,8,6,2
2015-01-18 16:00:00,32,17,15
2015-01-18 17:00:00,9,7,2
2015-01-18 18:00:00,33,2,31
2015-01-18 19:00:00,4,3,1
2015-01-18 20:00:00,5,4,1
2015-01-18 21:00:00,5,3,2
2015-01-18 22:00:00,4,2,2
2015-01-18 23:00:00,4,3,1
2015-01-19 00:00:00,1,1,0
2015-01-19 01:00:00,2,2,0
2015-01-19 02:00:00,2,2,0
2015-01-19 03:00:00,1,1,0
2015-01-19 04:00:00,3,3,0
2015-01-19 05:00:00,7,2,5
2015-01-19 06:00:00,12,8,4
2015-01-19 07:00:00,15,12,3
2015-01-19 08:00:00,43,29,14
2015-01-19 09:00:00,30,24,6
2015-01-19 10:00:00,20,13,7
2015-01-19 11:00:00,14,9,5
2015-01-19 12:00:00,24,16,8
2015-01-19 13:00:00,19,10,9
2015-01-19 14:00:00,24,16,8
2015-01-19 15:00:00,33,21,12
2015-01-19 16:00:00,45,36,9
2015-01-19 17:00:00,51,32,19
2015-01-19 18:00:00,38,26,12
2015-01-19 19:00:00,15,11,4
2015-01-19 20:00:00,3,2,1
2015-01-19 21:00:00,7,5,2
2015-01-19 22:00:00,4,4,0
2015-01-19 23:00:00,4,3,1
2015-01-20 00:00:00,0,0,0
2015-01-20 01:00:00,3,3,0
2015-01-20 02:00:00,1,1,0
2015-01-20 03:00:00,0,0,0
2015-01-20 04:00:00,1,0,1
2015-01-20 05:00:00,7,4,3
2015-01-20 06:00:00,27,15,12
2015-01-20 07:00:00,65,46,19
2015-01-20 08:00:00,103,75,28
2015-01-20 09:00:00,57,37,20
2015-01-20 10:00:00,24,16,8
2015-01-20 11:00:00,30,21,9
2015-01-20 12:00:00,21,11,10
2015-01-20 13:00:00,24,15,9
2015-01-20 14:00:00,32,17,15
2015-01-20 15:00:00,41,31,10
2015-01-20 16:00:00,86,64,22
2015-01-20 17:00:00,116,69,47
2015-01-20 18:00:00,63,40,23
2015-01-20 19:00:00,19,12,7
2015-01-20 20:00:00,14,11,3
2015-01-20 21:00:00,11,7,4
2015-01-20 22:00:00,10,9,1
2015-01-20 23:00:00,3,2,1
2015-01-21 00:00:00,2,2,0
2015-01-21 01:00:00,0,0,0
2015-01-21 02:00:00,1,1,0
2015-01-21 03:00:00,0,0,0
2015-01-21 04:00:00,0,0,0
2015-01-21 05:00:00,4,3,1
2015-01-21 06:00:00,29,16,13
2015-01-21 07:00:00,51,35,16
2015-01-21 08:00:00,97,72,25
2015-01-21 09:00:00,52,35,17
2015-01-21 10:00:00,30,22,8
2015-01-21 11:00:00,26,14,12
2015-01-21 12:00:00,26,16,10
2015-01-21 13:00:00,22,13,9
2015-01-21 14:00:00,33,23,10
2015-01-21 15:00:00,51,36,15
2015-01-21 16:00:00,73,57,16
2015-01-21 17:00:00,98,65,33
2015-01-21 18:00:00,61,41,20
2015-01-21 19:00:00,28,20,8
2015-01-21 20:00:00,8,1,7
2015-01-21 21:00:00,13,11,2
2015-01-21 22:00:00,5,2,3
2015-01-21 23:00:00,3,3,0
2015-01-22 00:00:00,2,2,0
2015-01-22 01:00:00,2,2,0
2015-01-22 02:00:00,1,0,1
2015-01-22 03:00:00,1,1,0
2015-01-22 04:00:00,2,0,2
2015-01-22 05:00:00,4,3,1
2015-01-22 06:00:00,27,13,14
2015-01-22 07:00:00,55,37,18
2015-01-22 08:00:00,72,46,26
2015-01-22 09:00:00,40,31,9
2015-01-22 10:00:00,26,17,9
2015-01-22 11:00:00,28,17,11
2015-01-22 12:00:00,33,23,10
2015-01-22 13:00:00,28,18,10
2015-01-22 14:00:00,34,26,8
2015-01-22 15:00:00,41,27,14
2015-01-22 16:00:00,64,42,22
2015-01-22 17:00:00,85,60,25
2015-01-22 18:00:00,55,33,22
2015-01-22 19:00:00,12,10,2
2015-01-22 20:00:00,11,8,3
2015-01-22 21:00:00,11,7,4
2015-01-22 22:00:00,2,2,0
2015-01-22 23:00:00,6,3,3
2015-01-23 00:00:00,5,5,0
2015-01-23 01:00:00,1,1,0
2015-01-23 02:00:00,1,1,0
2015-01-23 03:00:00,1,1,0
2015-01-23 04:00:00,2,0,2
2015-01-23 05:00:00,6,4,2
2015-01-23 06:00:00,17,9,8
2015-01-23 07:00:00,41,27,14
2015-01-23 08:00:00,71,46,25
2015-01-23 09:00:00,46,29,17
2015-01-23 10:00:00,26,15,11
2015-01-23 11:00:00,20,12,8
2015-01-23 12:00:00,22,12,10
2015-01-23 13:00:00,26,11,15
2015-01-23 14:00:00,22,10,12
2015-01-23 15:00:00,26,19,7
2015-01-23 16:00:00,54,39,15
2015-01-23 17:00:00,79,54,25
2015-01-23 18:00:00,39,25,14
2015-01-23 19:00:00,14,7,7
2015-01-23 20:00:00,9,7,2
2015-01-23 21:00:00,7,4,3
2015-01-23 22:00:00,7,6,1
2015-01-23 23:00:00,4,3,1
2015-01-24 00:00:00,3,2,1
2015-01-24 01:00:00,0,0,0
2015-01-24 02:00:00,1,0,1
2015-01-24 03:00:00,0,0,0
2015-01-24 04:00:00,3,2,1
2015-01-24 05:00:00,0,0,0
2015-01-24 06:00:00,2,1,1
2015-01-24 07:00:00,3,1,2
2015-01-24 08:00:00,8,4,4
2015-01-24 09:00:00,11,6,5
2015-01-24 10:00:00,3,2,1
2015-01-24 11:00:00,16,13,3
2015-01-24 12:00:00,15,10,5
2015-01-24 13:00:00,11,5,6
2015-01-24 14:00:00,21,16,5
2015-01-24 15:00:00,20,17,3
2015-01-24 16:00:00,14,10,4
2015-01-24 17:00:00,20,13,7
2015-01-24 18:00:00,13,8,5
2015-01-24 19:00:00,8,4,4
2015-01-24 20:00:00,3,3,0
2015-01-24 21:00:00,4,3,1
2015-01-24 22:00:00,11,6,5
2015-01-24 23:00:00,5,3,2
2015-01-25 00:00:00,2,2,0
2015-01-25 01:00:00,4,4,0
2015-01-25 02:00:00,2,1,1
2015-01-25 03:00:00,3,3,0
2015-01-25 04:00:00,2,2,0
2015-01-25 05:00:00,1,1,0
2015-01-25 06:00:00,3,2,1
2015-01-25 07:00:00,2,1,1
2015-01-25 08:00:00,4,4,0
2015-01-25 09:00:00,15,6,9
2015-01-25 10:00:00,13,10,3
2015-01-25 11:00:00,15,12,3
2015-01-25 12:00:00,37,32,5
2015-01-25 13:00:00,29,21,8
2015-01-25 14:00:00,34,22,12
2015-01-25 15:00:00,26,16,10
2015-01-25 16:00:00,16,9,7
2015-01-25 17:00:00,18,13,5
2015-01-25 18:00:00,10,4,6
2015-01-25 19:00:00,8,6,2
2015-01-25 20:00:00,6,4,2
2015-01-25 21:00:00,3,3,0
2015-01-25 22:00:00,2,2,0
2015-01-25 23:00:00,0,0,0
2015-01-26 00:00:00,2,2,0
2015-01-26 01:00:00,0,0,0
2015-01-26 02:00:00,0,0,0
2015-01-26 03:00:00,1,1,0
2015-01-26 04:00:00,1,1,0
2015-01-26 05:00:00,12,8,4
2015-01-26 06:00:00,35,22,13
2015-01-26 07:00:00,55,39,16
2015-01-26 08:00:00,92,68,24
2015-01-26 09:00:00,68,54,14
2015-01-26 10:00:00,44,33,11
2015-01-26 11:00:00,28,16,12
2015-01-26 12:00:00,25,19,6
2015-01-26 13:00:00,32,17,15
2015-01-26 14:00:00,35,26,9
2015-01-26 15:00:00,52,38,14
2015-01-26 16:00:00,86,59,27
2015-01-26 17:00:00,123,77,46
2015-01-26 18:00:00,73,43,30
2015-01-26 19:00:00,20,14,6
2015-01-26 20:00:00,12,8,4
2015-01-26 21:00:00,13,10,3
2015-01-26 22:00:00,3,2,1
2015-01-26 23:00:00,3,2,1
2015-01-27 00:00:00,1,0,1
2015-01-27 01:00:00,1,0,1
2015-01-27 02:00:00,1,1,0
2015-01-27 03:00:00,1,1,0
2015-01-27 04:00:00,0,0,0
2015-01-27 05:00:00,8,6,2
2015-01-27 06:00:00,39,20,19
2015-01-27 07:00:00,55,40,15
2015-01-27 08:00:00,106,76,30
2015-01-27 09:00:00,66,51,15
2015-01-27 10:00:00,30,22,8
2015-01-27 11:00:00,23,14,9
2015-01-27 12:00:00,31,21,10
2015-01-27 13:00:00,27,16,11
2015-01-27 14:00:00,27,19,8
2015-01-27 15:00:00,39,30,9
2015-01-27 16:00:00,84,60,24
2015-01-27 17:00:00,90,60,30
2015-01-27 18:00:00,70,41,29
2015-01-27 19:00:00,26,21,5
2015-01-27 20:00:00,9,5,4
2015-01-27 21:00:00,5,4,1
2015-01-27 22:00:00,4,1,3
2015-01-27 23:00:00,3,1,2
2015-01-28 00:00:00,4,3,1
2015-01-28 01:00:00,1,1,0
2015-01-28 02:00:00,2,2,0
2015-01-28 03:00:00,1,1,0
2015-01-28 04:00:00,1,1,0
2015-01-28 05:00:00,12,9,3
2015-01-28 06:00:00,25,12,13
2015-01-28 07:00:00,53,36,17
2015-01-28 08:00:00,95,66,29
2015-01-28 09:00:00,58,38,20
2015-01-28 10:00:00,34,26,8
2015-01-28 11:00:00,25,14,11
2015-01-28 12:00:00,22,15,7
2015-01-28 13:00:00,22,14,8
2015-01-28 14:00:00,23,13,10
2015-01-28 15:00:00,45,29,16
2015-01-28 16:00:00,60,51,9
2015-01-28 17:00:00,120,77,43
2015-01-28 18:00:00,71,49,22
2015-01-28 19:00:00,23,10,13
2015-01-28 20:00:00,12,9,3
2015-01-28 21:00:00,13,8,5
2015-01-28 22:00:00,6,4,2
2015-01-28 23:00:00,3,3,0
2015-01-29 00:00:00,2,1,1
2015-01-29 01:00:00,1,1,0
2015-01-29 02:00:00,1,1,0
2015-01-29 03:00:00,0,0,0
2015-01-29 04:00:00,2,0,2
2015-01-29 05:00:00,12,9,3
2015-01-29 06:00:00,33,11,22
2015-01-29 07:00:00,55,35,20
2015-01-29 08:00:00,103,75,28
2015-01-29 09:00:00,78,48,30
2015-01-29 10:00:00,30,19,11
2015-01-29 11:00:00,22,15,7
2015-01-29 12:00:00,29,19,10
2015-01-29 13:00:00,32,20,12
2015-01-29 14:00:00,33,25,8
2015-01-29 15:00:00,41,29,12
2015-01-29 16:00:00,87,64,23
2015-01-29 17:00:00,106,65,41
2015-01-29 18:00:00,71,47,24
2015-01-29 19:00:00,32,22,10
2015-01-29 20:00:00,12,7,5
2015-01-29 21:00:00,5,5,0
2015-01-29 22:00:00,12,10,2
2015-01-29 23:00:00,4,3,1
2015-01-30 00:00:00,3,2,1
2015-01-30 01:00:00,0,0,0
2015-01-30 02:00:00,0,0,0
2015-01-30 03:00:00,0,0,0
2015-01-30 04:00:00,3,1,2
2015-01-30 05:00:00,12,8,4
2015-01-30 06:00:00,30,17,13
2015-01-30 07:00:00,55,38,17
2015-01-30 08:00:00,90,61,29
2015-01-30 09:00:00,48,36,12
2015-01-30 10:00:00,34,19,15
2015-01-30 11:00:00,25,13,12
2015-01-30 12:00:00,26,13,13
2015-01-30 13:00:00,33,23,10
2015-01-30 14:00:00,34,19,15
2015-01-30 15:00:00,41,27,14
2015-01-30 16:00:00,70,52,18
2015-01-30 17:00:00,93,68,25
2015-01-30 18:00:00,55,31,24
2015-01-30 19:00:00,23,16,7
2015-01-30 20:00:00,12,8,4
2015-01-30 21:00:00,11,7,4
2015-01-30 22:00:00,13,6,7
2015-01-30 23:00:00,6,5,1
2015-01-31 00:00:00,5,4,1
2015-01-31 01:00:00,0,0,0
2015-01-31 02:00:00,0,0,0
2015-01-31 03:00:00,0,0,0
2015-01-31 04:00:00,0,0,0
2015-01-31 05:00:00,2,0,2
2015-01-31 06:00:00,3,2,1
2015-01-31 07:00:00,3,1,2
2015-01-31 08:00:00,15,13,2
2015-01-31 09:00:00,6,4,2
2015-01-31 10:00:00,12,7,5
2015-01-31 11:00:00,25,11,14
2015-01-31 12:00:00,16,9,7
2015-01-31 13:00:00,19,11,8
2015-01-31 14:00:00,24,20,4
2015-01-31 15:00:00,30,17,13
2015-01-31 16:00:00,23,12,11
2015-01-31 17:00:00,16,9,7
2015-01-31 18:00:00,9,7,2
2015-01-31 19:00:00,10,7,3
2015-01-31 20:00:00,0,0,0
2015-01-31 21:00:00,6,1,5
2015-01-31 22:00:00,4,3,1
2015-01-31 23:00:00,10,9,1
2015-02-01 00:00:00,1,1,0
2015-02-01 01:00:00,2,1,1
2015-02-01 02:00:00,10,6,4
2015-02-01 03:00:00,1,1,0
2015-02-01 04:00:00,0,0,0
2015-02-01 05:00:00,2,2,0
2015-02-01 06:00:00,1,1,0
2015-02-01 07:00:00,7,5,2
2015-02-01 08:00:00,6,2,4
2015-02-01 09:00:00,6,5,1
2015-02-01 10:00:00,8,3,5
2015-02-01 11:00:00,7,3,4
2015-02-01 12:00:00,15,10,5
2015-02-01 13:00:00,15,12,3
2015-02-01 14:00:00,15,13,2
2015-02-01 15:00:00,5,4,1
2015-02-01 16:00:00,5,3,2
2015-02-01 17:00:00,2,2,0
2015-02-01 18:00:00,3,3,0
2015-02-01 19:00:00,9,6,3
2015-02-01 20:00:00,18,14,4
2015-02-01 21:00:00,5,4,1
2015-02-01 22:00:00,3,1,2
2015-02-01 23:00:00,5,5,0
2015-02-02 00:00:00,6,2,4
2015-02-02 01:00:00,2,2,0
2015-02-02 02:00:00,0,0,0
2015-02-02 03:00:00,2,2,0
2015-02-02 04:00:00,1,1,0
2015-02-02 05:00:00,10,5,5
2015-02-02 06:00:00,28,14,14
2015-02-02 07:00:00,44,27,17
2015-02-02 08:00:00,62,43,19
2015-02-02 09:00:00,32,22,10
2015-02-02 10:00:00,28,18,10
2015-02-02 11:00:00,13,8,5
2015-02-02 12:00:00,12,5,7
2015-02-02 13:00:00,21,12,9
2015-02-02 14:00:00,16,12,4
2015-02-02 15:00:00,43,30,13
2015-02-02 16:00:00,52,42,10
2015-02-02 17:00:00,92,65,27
2015-02-02 18:00:00,39,24,15
2015-02-02 19:00:00,19,15,4
2015-02-02 20:00:00,14,8,6
2015-02-02 21:00:00,5,4,1
2015-02-02 22:00:00,3,3,0
2015-02-02 23:00:00,4,2,2
2015-02-03 00:00:00,0,0,0
2015-02-03 01:00:00,1,1,0
2015-02-03 02:00:00,0,0,0
2015-02-03 03:00:00,0,0,0
2015-02-03 04:00:00,1,0,1
2015-02-03 05:00:00,9,6,3
2015-02-03 06:00:00,24,13,11
2015-02-03 07:00:00,50,32,18
2015-02-03 08:00:00,96,68,28
2015-02-03 09:00:00,51,33,18
2015-02-03 10:00:00,25,16,9
2015-02-03 11:00:00,25,16,9
2015-02-03 12:00:00,15,8,7
2015-02-03 13:00:00,20,17,3
2015-02-03 14:00:00,22,14,8
2015-02-03 15:00:00,41,24,17
2015-02-03 16:00:00,78,62,16
2015-02-03 17:00:00,104,72,32
2015-02-03 18:00:00,56,32,24
2015-02-03 19:00:00,16,13,3
2015-02-03 20:00:00,12,9,3
2015-02-03 21:00:00,11,6,5
2015-02-03 22:00:00,4,2,2
2015-02-03 23:00:00,3,3,0
2015-02-04 00:00:00,2,2,0
2015-02-04 01:00:00,1,1,0
2015-02-04 02:00:00,0,0,0
2015-02-04 03:00:00,0,0,0
2015-02-04 04:00:00,1,1,0
2015-02-04 05:00:00,7,4,3
2015-02-04 06:00:00,35,17,18
2015-02-04 07:00:00,47,35,12
2015-02-04 08:00:00,93,61,32
2015-02-04 09:00:00,45,32,13
2015-02-04 10:00:00,36,29,7
2015-02-04 11:00:00,20,14,6
2015-02-04 12:00:00,33,22,11
2015-02-04 13:00:00,26,16,10
2015-02-04 14:00:00,22,16,6
2015-02-04 15:00:00,41,32,9
2015-02-04 16:00:00,58,48,10
2015-02-04 17:00:00,90,58,32
2015-02-04 18:00:00,46,33,13
2015-02-04 19:00:00,12,10,2
2015-02-04 20:00:00,7,5,2
2015-02-04 21:00:00,7,2,5
2015-02-04 22:00:00,4,2,2
2015-02-04 23:00:00,3,3,0
2015-02-05 00:00:00,2,0,2
2015-02-05 01:00:00,0,0,0
2015-02-05 02:00:00,2,1,1
2015-02-05 03:00:00,3,3,0
2015-02-05 04:00:00,2,1,1
2015-02-05 05:00:00,4,2,2
2015-02-05 06:00:00,17,8,9
2015-02-05 07:00:00,38,23,15
2015-02-05 08:00:00,54,35,19
2015-02-05 09:00:00,36,21,15
2015-02-05 10:00:00,26,16,10
2015-02-05 11:00:00,24,15,9
2015-02-05 12:00:00,25,15,10
2015-02-05 13:00:00,15,8,7
2015-02-05 14:00:00,16,10,6
2015-02-05 15:00:00,20,16,4
2015-02-05 16:00:00,49,39,10
2015-02-05 17:00:00,86,59,27
2015-02-05 18:00:00,46,32,14
2015-02-05 19:00:00,16,9,7
2015-02-05 20:00:00,7,4,3
2015-02-05 21:00:00,7,4,3
2015-02-05 22:00:00,3,1,2
2015-02-05 23:00:00,4,4,0
2015-02-06 00:00:00,2,1,1
2015-02-06 01:00:00,0,0,0
2015-02-06 02:00:00,1,0,1
2015-02-06 03:00:00,0,0,0
2015-02-06 04:00:00,1,0,1
2015-02-06 05:00:00,7,2,5
2015-02-06 06:00:00,14,6,8
2015-02-06 07:00:00,30,16,14
2015-02-06 08:00:00,68,44,24
2015-02-06 09:00:00,23,14,9
2015-02-06 10:00:00,25,15,10
2015-02-06 11:00:00,10,7,3
2015-02-06 12:00:00,19,7,12
2015-02-06 13:00:00,14,7,7
2015-02-06 14:00:00,23,13,10
2015-02-06 15:00:00,26,20,6
2015-02-06 16:00:00,46,40,6
2015-02-06 17:00:00,61,44,17
2015-02-06 18:00:00,35,27,8
2015-02-06 19:00:00,18,9,9
2015-02-06 20:00:00,5,2,3
2015-02-06 21:00:00,7,5,2
2015-02-06 22:00:00,8,6,2
2015-02-06 23:00:00,7,6,1
2015-02-07 00:00:00,4,1,3
2015-02-07 01:00:00,2,2,0
2015-02-07 02:00:00,1,0,1
2015-02-07 03:00:00,1,1,0
2015-02-07 04:00:00,0,0,0
2015-02-07 05:00:00,3,2,1
2015-02-07 06:00:00,0,0,0
2015-02-07 07:00:00,2,0,2
2015-02-07 08:00:00,3,3,0
2015-02-07 09:00:00,5,2,3
2015-02-07 10:00:00,4,2,2
2015-02-07 11:00:00,14,8,6
2015-02-07 12:00:00,11,7,4
2015-02-07 13:00:00,8,6,2
2015-02-07 14:00:00,9,7,2
2015-02-07 15:00:00,9,6,3
2015-02-07 16:00:00,8,1,7
2015-02-07 17:00:00,3,3,0
2015-02-07 18:00:00,8,7,1
2015-02-07 19:00:00,6,3,3
2015-02-07 20:00:00,4,3,1
2015-02-07 21:00:00,2,2,0
2015-02-07 22:00:00,4,2,2
2015-02-07 23:00:00,4,4,0
2015-02-08 00:00:00,2,2,0
2015-02-08 01:00:00,2,2,0
2015-02-08 02:00:00,0,0,0
2015-02-08 03:00:00,0,0,0
2015-02-08 04:00:00,0,0,0
2015-02-08 05:00:00,2,1,1
2015-02-08 06:00:00,5,4,1
2015-02-08 07:00:00,1,1,0
2015-02-08 08:00:00,4,1,3
2015-02-08 09:00:00,9,4,5
2015-02-08 10:00:00,11,9,2
2015-02-08 11:00:00,19,11,8
2015-02-08 12:00:00,36,25,11
2015-02-08 13:00:00,21,13,8
2015-02-08 14:00:00,12,7,5
2015-02-08 15:00:00,14,8,6
2015-02-08 16:00:00,20,12,8
2015-02-08 17:00:00,12,11,1
2015-02-08 18:00:00,6,6,0
2015-02-08 19:00:00,9,7,2
2015-02-08 20:00:00,3,1,2
2015-02-08 21:00:00,6,4,2
2015-02-08 22:00:00,5,1,4
2015-02-08 23:00:00,3,2,1
2015-02-09 00:00:00,1,1,0
2015-02-09 01:00:00,3,3,0
2015-02-09 02:00:00,2,1,1
2015-02-09 03:00:00,1,1,0
2015-02-09 04:00:00,0,0,0
2015-02-09 05:00:00,13,9,4
2015-02-09 06:00:00,28,17,11
2015-02-09 07:00:00,50,35,15
2015-02-09 08:00:00,76,56,20
2015-02-09 09:00:00,38,28,10
2015-02-09 10:00:00,26,20,6
2015-02-09 11:00:00,19,11,8
2015-02-09 12:00:00,21,11,10
2015-02-09 13:00:00,17,11,6
2015-02-09 14:00:00,20,17,3
2015-02-09 15:00:00,33,24,9
2015-02-09 16:00:00,56,42,14
2015-02-09 17:00:00,88,51,37
2015-02-09 18:00:00,61,41,20
2015-02-09 19:00:00,17,13,4
2015-02-09 20:00:00,8,5,3
2015-02-09 21:00:00,2,2,0
2015-02-09 22:00:00,3,0,3
2015-02-09 23:00:00,4,3,1
2015-02-10 00:00:00,2,2,0
2015-02-10 01:00:00,0,0,0
2015-02-10 02:00:00,4,2,2
2015-02-10 03:00:00,0,0,0
2015-02-10 04:00:00,0,0,0
2015-02-10 05:00:00,4,3,1
2015-02-10 06:00:00,34,18,16
2015-02-10 07:00:00,45,30,15
2015-02-10 08:00:00,95,65,30
2015-02-10 09:00:00,68,50,18
2015-02-10 10:00:00,26,15,11
2015-02-10 11:00:00,27,15,12
2015-02-10 12:00:00,27,16,11
2015-02-10 13:00:00,23,12,11
2015-02-10 14:00:00,32,24,8
2015-02-10 15:00:00,41,32,9
2015-02-10 16:00:00,70,52,18
2015-02-10 17:00:00,95,58,37
2015-02-10 18:00:00,63,41,22
2015-02-10 19:00:00,23,10,13
2015-02-10 20:00:00,9,9,0
2015-02-10 21:00:00,3,2,1
2015-02-10 22:00:00,7,6,1
2015-02-10 23:00:00,5,4,1
2015-02-11 00:00:00,3,2,1
2015-02-11 01:00:00,2,2,0
2015-02-11 02:00:00,1,1,0
2015-02-11 03:00:00,0,0,0
2015-02-11 04:00:00,0,0,0
2015-02-11 05:00:00,12,8,4
2015-02-11 06:00:00,33,13,20
2015-02-11 07:00:00,52,41,11
2015-02-11 08:00:00,96,68,28
2015-02-11 09:00:00,51,40,11
2015-02-11 10:00:00,33,22,11
2015-02-11 11:00:00,22,10,12
2015-02-11 12:00:00,33,22,11
2015-02-11 13:00:00,35,18,17
2015-02-11 14:00:00,31,17,14
2015-02-11 15:00:00,35,30,5
2015-02-11 16:00:00,90,64,26
2015-02-11 17:00:00,96,65,31
2015-02-11 18:00:00,71,47,24
2015-02-11 19:00:00,23,15,8
2015-02-11 20:00:00,16,10,6
2015-02-11 21:00:00,6,3,3
2015-02-11 22:00:00,6,2,4
2015-02-11 23:00:00,2,1,1
2015-02-12 00:00:00,2,2,0
2015-02-12 01:00:00,0,0,0
2015-02-12 02:00:00,1,0,1
2015-02-12 03:00:00,1,1,0
2015-02-12 04:00:00,1,0,1
2015-02-12 05:00:00,7,6,1
2015-02-12 06:00:00,24,12,12
2015-02-12 07:00:00,44,31,13
2015-02-12 08:00:00,83,62,21
2015-02-12 09:00:00,63,46,17
2015-02-12 10:00:00,29,21,8
2015-02-12 11:00:00,25,12,13
2015-02-12 12:00:00,27,16,11
2015-02-12 13:00:00,27,17,10
2015-02-12 14:00:00,22,15,7
2015-02-12 15:00:00,50,34,16
2015-02-12 16:00:00,88,64,24
2015-02-12 17:00:00,100,67,33
2015-02-12 18:00:00,72,48,24
2015-02-12 19:00:00,31,21,10
2015-02-12 20:00:00,15,5,10
2015-02-12 21:00:00,12,9,3
2015-02-12 22:00:00,12,11,1
2015-02-12 23:00:00,3,1,2
2015-02-13 00:00:00,3,2,1
2015-02-13 01:00:00,1,0,1
2015-02-13 02:00:00,4,2,2
2015-02-13 03:00:00,1,1,0
2015-02-13 04:00:00,1,0,1
2015-02-13 05:00:00,9,6,3
2015-02-13 06:00:00,24,11,13
2015-02-13 07:00:00,47,33,14
2015-02-13 08:00:00,86,59,27
2015-02-13 09:00:00,45,32,13
2015-02-13 10:00:00,37,25,12
2015-02-13 11:00:00,23,13,10
2015-02-13 12:00:00,21,13,8
2015-02-13 13:00:00,28,19,9
2015-02-13 14:00:00,37,24,13
2015-02-13 15:00:00,49,38,11
2015-02-13 16:00:00,90,59,31
2015-02-13 17:00:00,103,60,43
2015-02-13 18:00:00,44,25,19
2015-02-13 19:00:00,20,14,6
2015-02-13 20:00:00,9,7,2
2015-02-13 21:00:00,8,3,5
2015-02-13 22:00:00,6,4,2
2015-02-13 23:00:00,0,0,0
2015-02-14 00:00:00,1,1,0
2015-02-14 01:00:00,4,2,2
2015-02-14 02:00:00,3,2,1
2015-02-14 03:00:00,2,1,1
2015-02-14 04:00:00,1,0,1
2015-02-14 05:00:00,1,0,1
2015-02-14 06:00:00,5,4,1
2015-02-14 07:00:00,8,7,1
2015-02-14 08:00:00,7,6,1
2015-02-14 09:00:00,8,5,3
2015-02-14 10:00:00,3,2,1
2015-02-14 11:00:00,8,3,5
2015-02-14 12:00:00,26,12,14
2015-02-14 13:00:00,13,7,6
2015-02-14 14:00:00,20,17,3
2015-02-14 15:00:00,24,19,5
2015-02-14 16:00:00,21,13,8
2015-02-14 17:00:00,13,11,2
2015-02-14 18:00:00,15,8,7
2015-02-14 19:00:00,9,5,4
2015-02-14 20:00:00,10,4,6
2015-02-14 21:00:00,3,1,2
2015-02-14 22:00:00,9,5,4
2015-02-14 23:00:00,2,0,2
2015-02-15 00:00:00,3,1,2
2015-02-15 01:00:00,3,3,0
2015-02-15 02:00:00,1,1,0
2015-02-15 03:00:00,0,0,0
2015-02-15 04:00:00,1,1,0
2015-02-15 05:00:00,2,1,1
2015-02-15 06:00:00,2,1,1
2015-02-15 07:00:00,4,2,2
2015-02-15 08:00:00,5,3,2
2015-02-15 09:00:00,17,15,2
2015-02-15 10:00:00,12,9,3
2015-02-15 11:00:00,28,20,8
2015-02-15 12:00:00,31,21,10
2015-02-15 13:00:00,17,9,8
2015-02-15 14:00:00,22,14,8
2015-02-15 15:00:00,22,15,7
2015-02-15 16:00:00,31,16,15
2015-02-15 17:00:00,11,7,4
2015-02-15 18:00:00,11,7,4
2015-02-15 19:00:00,6,2,4
2015-02-15 20:00:00,7,5,2
2015-02-15 21:00:00,4,1,3
2015-02-15 22:00:00,3,1,2
2015-02-15 23:00:00,6,3,3
2015-02-16 00:00:00,4,3,1
2015-02-16 01:00:00,0,0,0
2015-02-16 02:00:00,2,1,1
2015-02-16 03:00:00,0,0,0
2015-02-16 04:00:00,1,0,1
2015-02-16 05:00:00,4,2,2
2015-02-16 06:00:00,17,9,8
2015-02-16 07:00:00,21,16,5
2015-02-16 08:00:00,46,41,5
2015-02-16 09:00:00,34,23,11
2015-02-16 10:00:00,29,20,9
2015-02-16 11:00:00,26,19,7
2015-02-16 12:00:00,36,23,13
2015-02-16 13:00:00,21,16,5
2015-02-16 14:00:00,27,15,12
2015-02-16 15:00:00,31,24,7
2015-02-16 16:00:00,41,25,16
2015-02-16 17:00:00,49,31,18
2015-02-16 18:00:00,33,24,9
2015-02-16 19:00:00,14,10,4
2015-02-16 20:00:00,9,6,3
2015-02-16 21:00:00,9,5,4
2015-02-16 22:00:00,3,3,0
2015-02-16 23:00:00,1,0,1
2015-02-17 00:00:00,0,0,0
2015-02-17 01:00:00,0,0,0
2015-02-17 02:00:00,1,1,0
2015-02-17 03:00:00,0,0,0
2015-02-17 04:00:00,1,0,1
2015-02-17 05:00:00,12,6,6
2015-02-17 06:00:00,38,20,18
2015-02-17 07:00:00,63,43,20
2015-02-17 08:00:00,98,74,24
2015-02-17 09:00:00,59,39,20
2015-02-17 10:00:00,32,19,13
2015-02-17 11:00:00,24,14,10
2015-02-17 12:00:00,27,20,7
2015-02-17 13:00:00,20,9,11
2015-02-17 14:00:00,29,22,7
2015-02-17 15:00:00,58,44,14
2015-02-17 16:00:00,89,70,19
2015-02-17 17:00:00,106,68,38
2015-02-17 18:00:00,70,44,26
2015-02-17 19:00:00,24,16,8
2015-02-17 20:00:00,18,10,8
2015-02-17 21:00:00,10,8,2
2015-02-17 22:00:00,3,3,0
2015-02-17 23:00:00,4,3,1
2015-02-18 00:00:00,2,2,0
2015-02-18 01:00:00,0,0,0
2015-02-18 02:00:00,0,0,0
2015-02-18 03:00:00,1,1,0
2015-02-18 04:00:00,0,0,0
2015-02-18 05:00:00,10,8,2
2015-02-18 06:00:00,28,14,14
2015-02-18 07:00:00,57,47,10
2015-02-18 08:00:00,102,65,37
2015-02-18 09:00:00,51,33,18
2015-02-18 10:00:00,37,24,13
2015-02-18 11:00:00,23,15,8
2015-02-18 12:00:00,40,24,16
2015-02-18 13:00:00,25,16,9
2015-02-18 14:00:00,23,14,9
2015-02-18 15:00:00,49,37,12
2015-02-18 16:00:00,80,56,24
2015-02-18 17:00:00,132,96,36
2015-02-18 18:00:00,54,34,20
2015-02-18 19:00:00,22,14,8
2015-02-18 20:00:00,21,15,6
2015-02-18 21:00:00,4,3,1
2015-02-18 22:00:00,8,2,6
2015-02-18 23:00:00,6,6,0
2015-02-19 00:00:00,0,0,0
2015-02-19 01:00:00,0,0,0
2015-02-19 02:00:00,0,0,0
2015-02-19 03:00:00,0,0,0
2015-02-19 04:00:00,1,0,1
2015-02-19 05:00:00,6,5,1
2015-02-19 06:00:00,34,18,16
2015-02-19 07:00:00,49,36,13
2015-02-19 08:00:00,75,55,20
2015-02-19 09:00:00,57,36,21
2015-02-19 10:00:00,41,21,20
2015-02-19 11:00:00,23,14,9
2015-02-19 12:00:00,22,13,9
2015-02-19 13:00:00,20,11,9
2015-02-19 14:00:00,14,10,4
2015-02-19 15:00:00,45,34,11
2015-02-19 16:00:00,77,61,16
2015-02-19 17:00:00,102,77,25
2015-02-19 18:00:00,52,33,19
2015-02-19 19:00:00,24,8,16
2015-02-19 20:00:00,13,10,3
2015-02-19 21:00:00,13,10,3
2015-02-19 22:00:00,7,6,1
2015-02-19 23:00:00,6,4,2
2015-02-20 00:00:00,1,1,0
2015-02-20 01:00:00,1,0,1
2015-02-20 02:00:00,0,0,0
2015-02-20 03:00:00,0,0,0
2015-02-20 04:00:00,2,1,1
2015-02-20 05:00:00,7,3,4
2015-02-20 06:00:00,24,12,12
2015-02-20 07:00:00,55,33,22
2015-02-20 08:00:00,67,54,13
2015-02-20 09:00:00,44,29,15
2015-02-20 10:00:00,28,18,10
2015-02-20 11:00:00,24,14,10
2015-02-20 12:00:00,17,8,9
2015-02-20 13:00:00,35,20,15
2015-02-20 14:00:00,29,21,8
2015-02-20 15:00:00,35,27,8
2015-02-20 16:00:00,65,46,19
2015-02-20 17:00:00,109,71,38
2015-02-20 18:00:00,51,28,23
2015-02-20 19:00:00,23,14,9
2015-02-20 20:00:00,6,4,2
2015-02-20 21:00:00,1,1,0
2015-02-20 22:00:00,5,3,2
2015-02-20 23:00:00,4,4,0
2015-02-21 00:00:00,1,1,0
2015-02-21 01:00:00,4,4,0
2015-02-21 02:00:00,6,5,1
2015-02-21 03:00:00,0,0,0
2015-02-21 04:00:00,0,0,0
2015-02-21 05:00:00,1,0,1
2015-02-21 06:00:00,2,1,1
2015-02-21 07:00:00,2,1,1
2015-02-21 08:00:00,8,5,3
2015-02-21 09:00:00,7,5,2
2015-02-21 10:00:00,8,4,4
2015-02-21 11:00:00,16,12,4
2015-02-21 12:00:00,29,20,9
2015-02-21 13:00:00,21,8,13
2015-02-21 14:00:00,20,14,6
2015-02-21 15:00:00,14,13,1
2015-02-21 16:00:00,17,11,6
2015-02-21 17:00:00,28,24,4
2015-02-21 18:00:00,9,5,4
2015-02-21 19:00:00,11,9,2
2015-02-21 20:00:00,9,4,5
2015-02-21 21:00:00,9,4,5
2015-02-21 22:00:00,9,6,3
2015-02-21 23:00:00,10,7,3
2015-02-22 00:00:00,2,2,0
2015-02-22 01:00:00,2,1,1
2015-02-22 02:00:00,3,2,1
2015-02-22 03:00:00,0,0,0
2015-02-22 04:00:00,1,1,0
2015-02-22 05:00:00,1,0,1
2015-02-22 06:00:00,2,2,0
2015-02-22 07:00:00,16,15,1
2015-02-22 08:00:00,12,12,0
2015-02-22 09:00:00,18,12,6
2015-02-22 10:00:00,13,12,1
2015-02-22 11:00:00,18,13,5
2015-02-22 12:00:00,30,16,14
2015-02-22 13:00:00,42,20,22
2015-02-22 14:00:00,31,14,17
2015-02-22 15:00:00,17,6,11
2015-02-22 16:00:00,40,9,31
2015-02-22 17:00:00,24,13,11
2015-02-22 18:00:00,25,8,17
2015-02-22 19:00:00,6,4,2
2015-02-22 20:00:00,6,4,2
2015-02-22 21:00:00,2,1,1
2015-02-22 22:00:00,3,3,0
2015-02-22 23:00:00,1,1,0
2015-02-23 00:00:00,1,1,0
2015-02-23 01:00:00,0,0,0
2015-02-23 02:00:00,1,1,0
2015-02-23 03:00:00,0,0,0
2015-02-23 04:00:00,0,0,0
2015-02-23 05:00:00,12,7,5
2015-02-23 06:00:00,31,19,12
2015-02-23 07:00:00,58,38,20
2015-02-23 08:00:00,103,78,25
2015-02-23 09:00:00,67,43,24
2015-02-23 10:00:00,29,21,8
2015-02-23 11:00:00,20,16,4
2015-02-23 12:00:00,23,19,4
2015-02-23 13:00:00,23,13,10
2015-02-23 14:00:00,27,18,9
2015-02-23 15:00:00,40,27,13
2015-02-23 16:00:00,68,53,15
2015-02-23 17:00:00,139,96,43
2015-02-23 18:00:00,63,39,24
2015-02-23 19:00:00,20,13,7
2015-02-23 20:00:00,16,8,8
2015-02-23 21:00:00,4,4,0
2015-02-23 22:00:00,1,1,0
2015-02-23 23:00:00,5,5,0
2015-02-24 00:00:00,2,2,0
2015-02-24 01:00:00,2,2,0
2015-02-24 02:00:00,1,0,1
2015-02-24 03:00:00,1,1,0
2015-02-24 04:00:00,1,0,1
2015-02-24 05:00:00,7,3,4
2015-02-24 06:00:00,36,20,16
2015-02-24 07:00:00,62,38,24
2015-02-24 08:00:00,114,87,27
2015-02-24 09:00:00,55,32,23
2015-02-24 10:00:00,37,28,9
2015-02-24 11:00:00,19,16,3
2015-02-24 12:00:00,33,20,13
2015-02-24 13:00:00,23,17,6
2015-02-24 14:00:00,38,25,13
2015-02-24 15:00:00,44,30,14
2015-02-24 16:00:00,85,61,24
2015-02-24 17:00:00,123,86,37
2015-02-24 18:00:00,62,38,24
2015-02-24 19:00:00,20,8,12
2015-02-24 20:00:00,10,6,4
2015-02-24 21:00:00,9,8,1
2015-02-24 22:00:00,9,7,2
2015-02-24 23:00:00,3,2,1
2015-02-25 00:00:00,2,1,1
2015-02-25 01:00:00,1,1,0
2015-02-25 02:00:00,0,0,0
2015-02-25 03:00:00,0,0,0
2015-02-25 04:00:00,0,0,0
2015-02-25 05:00:00,5,4,1
2015-02-25 06:00:00,26,14,12
2015-02-25 07:00:00,40,26,14
2015-02-25 08:00:00,90,69,21
2015-02-25 09:00:00,53,33,20
2015-02-25 10:00:00,32,22,10
2015-02-25 11:00:00,26,16,10
2015-02-25 12:00:00,32,23,9
2015-02-25 13:00:00,15,7,8
2015-02-25 14:00:00,21,14,7
2015-02-25 15:00:00,32,22,10
2015-02-25 16:00:00,60,43,17
2015-02-25 17:00:00,107,74,33
2015-02-25 18:00:00,55,41,14
2015-02-25 19:00:00,25,20,5
2015-02-25 20:00:00,8,5,3
2015-02-25 21:00:00,9,5,4
2015-02-25 22:00:00,4,2,2
2015-02-25 23:00:00,4,3,1
2015-02-26 00:00:00,0,0,0
2015-02-26 01:00:00,1,1,0
2015-02-26 02:00:00,1,1,0
2015-02-26 03:00:00,1,1,0
2015-02-26 04:00:00,3,2,1
2015-02-26 05:00:00,11,7,4
2015-02-26 06:00:00,32,16,16
2015-02-26 07:00:00,48,35,13
2015-02-26 08:00:00,80,63,17
2015-02-26 09:00:00,50,38,12
2015-02-26 10:00:00,25,14,11
2015-02-26 11:00:00,23,14,9
2015-02-26 12:00:00,25,15,10
2015-02-26 13:00:00,17,7,10
2015-02-26 14:00:00,27,16,11
2015-02-26 15:00:00,42,30,12
2015-02-26 16:00:00,64,45,19
2015-02-26 17:00:00,96,59,37
2015-02-26 18:00:00,44,27,17
2015-02-26 19:00:00,30,19,11
2015-02-26 20:00:00,10,7,3
2015-02-26 21:00:00,10,6,4
2015-02-26 22:00:00,10,7,3
2015-02-26 23:00:00,5,3,2
2015-02-27 00:00:00,2,2,0
2015-02-27 01:00:00,2,2,0
2015-02-27 02:00:00,0,0,0
2015-02-27 03:00:00,0,0,0
2015-02-27 04:00:00,2,1,1
2015-02-27 05:00:00,7,5,2
2015-02-27 06:00:00,25,13,12
2015-02-27 07:00:00,43,32,11
2015-02-27 08:00:00,54,37,17
2015-02-27 09:00:00,33,19,14
2015-02-27 10:00:00,29,18,11
2015-02-27 11:00:00,13,8,5
2015-02-27 12:00:00,14,11,3
2015-02-27 13:00:00,30,18,12
2015-02-27 14:00:00,27,18,9
2015-02-27 15:00:00,29,23,6
2015-02-27 16:00:00,62,43,19
2015-02-27 17:00:00,75,58,17
2015-02-27 18:00:00,47,35,12
2015-02-27 19:00:00,17,10,7
2015-02-27 20:00:00,9,5,4
2015-02-27 21:00:00,8,6,2
2015-02-27 22:00:00,4,2,2
2015-02-27 23:00:00,3,2,1
2015-02-28 00:00:00,3,2,1
2015-02-28 01:00:00,4,4,0
2015-02-28 02:00:00,1,1,0
2015-02-28 03:00:00,1,0,1
2015-02-28 04:00:00,0,0,0
2015-02-28 05:00:00,0,0,0
2015-02-28 06:00:00,7,4,3
2015-02-28 07:00:00,3,0,3
2015-02-28 08:00:00,9,6,3
2015-02-28 09:00:00,15,11,4
2015-02-28 10:00:00,32,25,7
2015-02-28 11:00:00,27,21,6
2015-02-28 12:00:00,35,19,16
2015-02-28 13:00:00,35,23,12
2015-02-28 14:00:00,36,12,24
2015-02-28 15:00:00,33,17,16
2015-02-28 16:00:00,23,7,16
2015-02-28 17:00:00,21,8,13
2015-02-28 18:00:00,21,16,5
2015-02-28 19:00:00,8,3,5
2015-02-28 20:00:00,7,3,4
2015-02-28 21:00:00,9,7,2
2015-02-28 22:00:00,4,2,2
2015-02-28 23:00:00,8,8,0
2015-03-01 00:00:00,6,5,1
2015-03-01 01:00:00,1,1,0
2015-03-01 02:00:00,0,0,0
2015-03-01 03:00:00,3,1,2
2015-03-01 04:00:00,1,1,0
2015-03-01 05:00:00,0,0,0
2015-03-01 06:00:00,3,2,1
2015-03-01 07:00:00,2,0,2
2015-03-01 08:00:00,8,7,1
2015-03-01 09:00:00,17,16,1
2015-03-01 10:00:00,38,32,6
2015-03-01 11:00:00,37,25,12
2015-03-01 12:00:00,24,17,7
2015-03-01 13:00:00,37,13,24
2015-03-01 14:00:00,34,21,13
2015-03-01 15:00:00,22,11,11
2015-03-01 16:00:00,24,10,14
2015-03-01 17:00:00,29,18,11
2015-03-01 18:00:00,14,8,6
2015-03-01 19:00:00,5,2,3
2015-03-01 20:00:00,7,4,3
2015-03-01 21:00:00,5,5,0
2015-03-01 22:00:00,1,1,0
2015-03-01 23:00:00,1,1,0
2015-03-02 00:00:00,1,1,0
2015-03-02 01:00:00,1,1,0
2015-03-02 02:00:00,0,0,0
2015-03-02 03:00:00,0,0,0
2015-03-02 04:00:00,0,0,0
2015-03-02 05:00:00,6,4,2
2015-03-02 06:00:00,31,15,16
2015-03-02 07:00:00,63,43,20
2015-03-02 08:00:00,101,68,33
2015-03-02 09:00:00,70,51,19
2015-03-02 10:00:00,37,20,17
2015-03-02 11:00:00,21,4,17
2015-03-02 12:00:00,28,16,12
2015-03-02 13:00:00,19,11,8
2015-03-02 14:00:00,26,18,8
2015-03-02 15:00:00,43,35,8
2015-03-02 16:00:00,88,63,25
2015-03-02 17:00:00,128,87,41
2015-03-02 18:00:00,68,44,24
2015-03-02 19:00:00,23,13,10
2015-03-02 20:00:00,7,7,0
2015-03-02 21:00:00,8,7,1
2015-03-02 22:00:00,5,5,0
2015-03-02 23:00:00,2,2,0
2015-03-03 00:00:00,2,2,0
2015-03-03 01:00:00,2,2,0
2015-03-03 02:00:00,1,1,0
2015-03-03 03:00:00,0,0,0
2015-03-03 04:00:00,2,0,2
2015-03-03 05:00:00,11,7,4
2015-03-03 06:00:00,37,19,18
2015-03-03 07:00:00,63,42,21
2015-03-03 08:00:00,108,79,29
2015-03-03 09:00:00,76,54,22
2015-03-03 10:00:00,35,24,11
2015-03-03 11:00:00,25,12,13
2015-03-03 12:00:00,39,19,20
2015-03-03 13:00:00,33,24,9
2015-03-03 14:00:00,27,18,9
2015-03-03 15:00:00,56,40,16
2015-03-03 16:00:00,98,77,21
2015-03-03 17:00:00,145,88,57
2015-03-03 18:00:00,63,40,23
2015-03-03 19:00:00,17,12,5
2015-03-03 20:00:00,22,16,6
2015-03-03 21:00:00,8,6,2
2015-03-03 22:00:00,7,4,3
2015-03-03 23:00:00,4,3,1
2015-03-04 00:00:00,2,2,0
2015-03-04 01:00:00,3,3,0
2015-03-04 02:00:00,0,0,0
2015-03-04 03:00:00,0,0,0
2015-03-04 04:00:00,2,1,1
2015-03-04 05:00:00,10,8,2
2015-03-04 06:00:00,36,22,14
2015-03-04 07:00:00,58,44,14
2015-03-04 08:00:00,94,69,25
2015-03-04 09:00:00,76,49,27
2015-03-04 10:00:00,33,19,14
2015-03-04 11:00:00,20,15,5
2015-03-04 12:00:00,51,34,17
2015-03-04 13:00:00,34,19,15
2015-03-04 14:00:00,23,20,3
2015-03-04 15:00:00,42,32,10
2015-03-04 16:00:00,86,67,19
2015-03-04 17:00:00,140,92,48
2015-03-04 18:00:00,51,30,21
2015-03-04 19:00:00,35,22,13
2015-03-04 20:00:00,12,7,5
2015-03-04 21:00:00,15,13,2
2015-03-04 22:00:00,5,3,2
2015-03-04 23:00:00,6,6,0
2015-03-05 00:00:00,2,1,1
2015-03-05 01:00:00,5,5,0
2015-03-05 02:00:00,0,0,0
2015-03-05 03:00:00,0,0,0
2015-03-05 04:00:00,0,0,0
2015-03-05 05:00:00,8,6,2
2015-03-05 06:00:00,29,13,16
2015-03-05 07:00:00,55,42,13
2015-03-05 08:00:00,113,83,30
2015-03-05 09:00:00,64,40,24
2015-03-05 10:00:00,33,17,16
2015-03-05 11:00:00,27,17,10
2015-03-05 12:00:00,38,22,16
2015-03-05 13:00:00,38,21,17
2015-03-05 14:00:00,52,34,18
2015-03-05 15:00:00,53,33,20
2015-03-05 16:00:00,90,60,30
2015-03-05 17:00:00,126,87,39
2015-03-05 18:00:00,95,71,24
2015-03-05 19:00:00,38,21,17
2015-03-05 20:00:00,21,14,7
2015-03-05 21:00:00,8,7,1
2015-03-05 22:00:00,16,6,10
2015-03-05 23:00:00,1,0,1
2015-03-06 00:00:00,2,2,0
2015-03-06 01:00:00,0,0,0
2015-03-06 02:00:00,0,0,0
2015-03-06 03:00:00,1,1,0
2015-03-06 04:00:00,1,0,1
2015-03-06 05:00:00,8,3,5
2015-03-06 06:00:00,43,24,19
2015-03-06 07:00:00,50,37,13
2015-03-06 08:00:00,102,67,35
2015-03-06 09:00:00,69,53,16
2015-03-06 10:00:00,45,34,11
2015-03-06 11:00:00,32,22,10
2015-03-06 12:00:00,31,17,14
2015-03-06 13:00:00,43,28,15
2015-03-06 14:00:00,30,23,7
2015-03-06 15:00:00,45,34,11
2015-03-06 16:00:00,83,57,26
2015-03-06 17:00:00,134,89,45
2015-03-06 18:00:00,61,41,20
2015-03-06 19:00:00,23,14,9
2015-03-06 20:00:00,10,6,4
2015-03-06 21:00:00,3,3,0
2015-03-06 22:00:00,4,3,1
2015-03-06 23:00:00,8,5,3
2015-03-07 00:00:00,4,4,0
2015-03-07 01:00:00,2,2,0
2015-03-07 02:00:00,2,2,0
2015-03-07 03:00:00,1,1,0
2015-03-07 04:00:00,1,1,0
2015-03-07 05:00:00,0,0,0
2015-03-07 06:00:00,4,3,1
2015-03-07 07:00:00,8,5,3
2015-03-07 08:00:00,10,6,4
2015-03-07 09:00:00,14,10,4
2015-03-07 10:00:00,17,10,7
2015-03-07 11:00:00,19,13,6
2015-03-07 12:00:00,42,37,5
2015-03-07 13:00:00,23,19,4
2015-03-07 14:00:00,28,15,13
2015-03-07 15:00:00,24,19,5
2015-03-07 16:00:00,18,8,10
2015-03-07 17:00:00,22,14,8
2015-03-07 18:00:00,17,15,2
2015-03-07 19:00:00,10,6,4
2015-03-07 20:00:00,9,9,0
2015-03-07 21:00:00,8,6,2
2015-03-07 22:00:00,9,6,3
2015-03-07 23:00:00,3,1,2
2015-03-08 00:00:00,2,1,1
2015-03-08 01:00:00,2,1,1
2015-03-08 02:00:00,0,0,0
2015-03-08 03:00:00,3,1,2
2015-03-08 04:00:00,1,0,1
2015-03-08 05:00:00,2,0,2
2015-03-08 06:00:00,1,0,1
2015-03-08 07:00:00,3,2,1
2015-03-08 08:00:00,8,7,1
2015-03-08 09:00:00,11,9,2
2015-03-08 10:00:00,14,12,2
2015-03-08 11:00:00,27,17,10
2015-03-08 12:00:00,23,16,7
2015-03-08 13:00:00,31,17,14
2015-03-08 14:00:00,38,18,20
2015-03-08 15:00:00,23,15,8
2015-03-08 16:00:00,34,23,11
2015-03-08 17:00:00,44,42,2
2015-03-08 18:00:00,38,28,10
2015-03-08 19:00:00,10,5,5
2015-03-08 20:00:00,35,5,30
2015-03-08 21:00:00,11,5,6
2015-03-08 22:00:00,7,2,5
2015-03-08 23:00:00,1,0,1
2015-03-09 00:00:00,3,3,0
2015-03-09 01:00:00,0,0,0
2015-03-09 02:00:00,1,1,0
2015-03-09 03:00:00,1,0,1
2015-03-09 04:00:00,6,0,6
2015-03-09 05:00:00,13,4,9
2015-03-09 06:00:00,33,19,14
2015-03-09 07:00:00,63,45,18
2015-03-09 08:00:00,113,76,37
2015-03-09 09:00:00,86,61,25
2015-03-09 10:00:00,35,29,6
2015-03-09 11:00:00,32,21,11
2015-03-09 12:00:00,29,14,15
2015-03-09 13:00:00,34,26,8
2015-03-09 14:00:00,29,18,11
2015-03-09 15:00:00,45,31,14
2015-03-09 16:00:00,79,55,24
2015-03-09 17:00:00,152,101,51
2015-03-09 18:00:00,62,41,21
2015-03-09 19:00:00,35,22,13
2015-03-09 20:00:00,7,6,1
2015-03-09 21:00:00,9,5,4
2015-03-09 22:00:00,6,5,1
2015-03-09 23:00:00,1,0,1
2015-03-10 00:00:00,3,1,2
2015-03-10 01:00:00,0,0,0
2015-03-10 02:00:00,0,0,0
2015-03-10 03:00:00,2,2,0
2015-03-10 04:00:00,1,0,1
2015-03-10 05:00:00,14,7,7
2015-03-10 06:00:00,30,17,13
2015-03-10 07:00:00,59,38,21
2015-03-10 08:00:00,125,96,29
2015-03-10 09:00:00,73,49,24
2015-03-10 10:00:00,34,26,8
2015-03-10 11:00:00,25,18,7
2015-03-10 12:00:00,33,18,15
2015-03-10 13:00:00,27,15,12
2015-03-10 14:00:00,28,21,7
2015-03-10 15:00:00,46,34,12
2015-03-10 16:00:00,85,68,17
2015-03-10 17:00:00,129,80,49
2015-03-10 18:00:00,88,55,33
2015-03-10 19:00:00,23,12,11
2015-03-10 20:00:00,9,7,2
2015-03-10 21:00:00,6,6,0
2015-03-10 22:00:00,9,7,2
2015-03-10 23:00:00,3,2,1
2015-03-11 00:00:00,1,1,0
2015-03-11 01:00:00,1,1,0
2015-03-11 02:00:00,0,0,0
2015-03-11 03:00:00,0,0,0
2015-03-11 04:00:00,1,0,1
2015-03-11 05:00:00,8,5,3
2015-03-11 06:00:00,21,10,11
2015-03-11 07:00:00,45,29,16
2015-03-11 08:00:00,75,56,19
2015-03-11 09:00:00,42,27,15
2015-03-11 10:00:00,30,22,8
2015-03-11 11:00:00,15,11,4
2015-03-11 12:00:00,19,10,9
2015-03-11 13:00:00,14,11,3
2015-03-11 14:00:00,30,20,10
2015-03-11 15:00:00,40,28,12
2015-03-11 16:00:00,69,51,18
2015-03-11 17:00:00,86,54,32
2015-03-11 18:00:00,53,33,20
2015-03-11 19:00:00,22,20,2
2015-03-11 20:00:00,10,8,2
2015-03-11 21:00:00,8,7,1
2015-03-11 22:00:00,5,2,3
2015-03-11 23:00:00,0,0,0
2015-03-12 00:00:00,0,0,0
2015-03-12 01:00:00,0,0,0
2015-03-12 02:00:00,0,0,0
2015-03-12 03:00:00,1,1,0
2015-03-12 04:00:00,0,0,0
2015-03-12 05:00:00,12,7,5
2015-03-12 06:00:00,32,17,15
2015-03-12 07:00:00,45,31,14
2015-03-12 08:00:00,88,67,21
2015-03-12 09:00:00,66,47,19
2015-03-12 10:00:00,35,28,7
2015-03-12 11:00:00,25,16,9
2015-03-12 12:00:00,42,24,18
2015-03-12 13:00:00,37,22,15
2015-03-12 14:00:00,41,24,17
2015-03-12 15:00:00,58,38,20
2015-03-12 16:00:00,81,60,21
2015-03-12 17:00:00,115,63,52
2015-03-12 18:00:00,92,55,37
2015-03-12 19:00:00,42,32,10
2015-03-12 20:00:00,15,13,2
2015-03-12 21:00:00,20,9,11
2015-03-12 22:00:00,4,2,2
2015-03-12 23:00:00,3,3,0
2015-03-13 00:00:00,2,1,1
2015-03-13 01:00:00,1,0,1
2015-03-13 02:00:00,2,2,0
2015-03-13 03:00:00,1,0,1
2015-03-13 04:00:00,0,0,0
2015-03-13 05:00:00,11,5,6
2015-03-13 06:00:00,31,16,15
2015-03-13 07:00:00,63,45,18
2015-03-13 08:00:00,103,73,30
2015-03-13 09:00:00,61,42,19
2015-03-13 10:00:00,41,29,12
2015-03-13 11:00:00,30,19,11
2015-03-13 12:00:00,32,17,15
2015-03-13 13:00:00,36,18,18
2015-03-13 14:00:00,41,27,14
2015-03-13 15:00:00,54,38,16
2015-03-13 16:00:00,97,70,27
2015-03-13 17:00:00,110,84,26
2015-03-13 18:00:00,66,40,26
2015-03-13 19:00:00,22,12,10
2015-03-13 20:00:00,14,10,4
2015-03-13 21:00:00,10,4,6
2015-03-13 22:00:00,7,6,1
2015-03-13 23:00:00,2,1,1
2015-03-14 00:00:00,6,4,2
2015-03-14 01:00:00,0,0,0
2015-03-14 02:00:00,0,0,0
2015-03-14 03:00:00,3,1,2
2015-03-14 04:00:00,0,0,0
2015-03-14 05:00:00,0,0,0
2015-03-14 06:00:00,2,2,0
2015-03-14 07:00:00,10,7,3
2015-03-14 08:00:00,2,2,0
2015-03-14 09:00:00,4,4,0
2015-03-14 10:00:00,4,4,0
2015-03-14 11:00:00,5,2,3
2015-03-14 12:00:00,10,5,5
2015-03-14 13:00:00,13,7,6
2015-03-14 14:00:00,12,10,2
2015-03-14 15:00:00,23,15,8
2015-03-14 16:00:00,24,19,5
2015-03-14 17:00:00,25,22,3
2015-03-14 18:00:00,24,24,0
2015-03-14 19:00:00,5,3,2
2015-03-14 20:00:00,6,2,4
2015-03-14 21:00:00,23,3,20
2015-03-14 22:00:00,6,5,1
2015-03-14 23:00:00,4,4,0
2015-03-15 00:00:00,5,5,0
2015-03-15 01:00:00,1,1,0
2015-03-15 02:00:00,0,0,0
2015-03-15 03:00:00,0,0,0
2015-03-15 04:00:00,1,1,0
2015-03-15 05:00:00,1,0,1
2015-03-15 06:00:00,1,0,1
2015-03-15 07:00:00,5,2,3
2015-03-15 08:00:00,0,0,0
2015-03-15 09:00:00,4,4,0
2015-03-15 10:00:00,1,1,0
2015-03-15 11:00:00,1,1,0
2015-03-15 12:00:00,5,2,3
2015-03-15 13:00:00,1,0,1
2015-03-15 14:00:00,3,3,0
2015-03-15 15:00:00,3,3,0
2015-03-15 16:00:00,5,3,2
2015-03-15 17:00:00,4,3,1
2015-03-15 18:00:00,5,4,1
2015-03-15 19:00:00,1,1,0
2015-03-15 20:00:00,1,0,1
2015-03-15 21:00:00,1,1,0
2015-03-15 22:00:00,4,4,0
2015-03-15 23:00:00,2,1,1
2015-03-16 00:00:00,0,0,0
2015-03-16 01:00:00,0,0,0
2015-03-16 02:00:00,0,0,0
2015-03-16 03:00:00,0,0,0
2015-03-16 04:00:00,2,0,2
2015-03-16 05:00:00,7,3,4
2015-03-16 06:00:00,22,13,9
2015-03-16 07:00:00,49,36,13
2015-03-16 08:00:00,100,70,30
2015-03-16 09:00:00,69,44,25
2015-03-16 10:00:00,29,17,12
2015-03-16 11:00:00,31,17,14
2015-03-16 12:00:00,25,11,14
2015-03-16 13:00:00,22,14,8
2015-03-16 14:00:00,25,16,9
2015-03-16 15:00:00,38,32,6
2015-03-16 16:00:00,71,50,21
2015-03-16 17:00:00,113,72,41
2015-03-16 18:00:00,64,46,18
2015-03-16 19:00:00,33,24,9
2015-03-16 20:00:00,14,9,5
2015-03-16 21:00:00,7,5,2
2015-03-16 22:00:00,5,5,0
2015-03-16 23:00:00,2,1,1
2015-03-17 00:00:00,2,0,2
2015-03-17 01:00:00,1,0,1
2015-03-17 02:00:00,1,1,0
2015-03-17 03:00:00,0,0,0
2015-03-17 04:00:00,0,0,0
2015-03-17 05:00:00,9,6,3
2015-03-17 06:00:00,32,18,14
2015-03-17 07:00:00,45,26,19
2015-03-17 08:00:00,114,78,36
2015-03-17 09:00:00,64,43,21
2015-03-17 10:00:00,22,11,11
2015-03-17 11:00:00,17,8,9
2015-03-17 12:00:00,25,17,8
2015-03-17 13:00:00,31,16,15
2015-03-17 14:00:00,23,16,7
2015-03-17 15:00:00,37,29,8
2015-03-17 16:00:00,72,54,18
2015-03-17 17:00:00,116,75,41
2015-03-17 18:00:00,66,41,25
2015-03-17 19:00:00,21,16,5
2015-03-17 20:00:00,9,6,3
2015-03-17 21:00:00,13,8,5
2015-03-17 22:00:00,6,4,2
2015-03-17 23:00:00,4,3,1
2015-03-18 00:00:00,1,1,0
2015-03-18 01:00:00,0,0,0
2015-03-18 02:00:00,1,1,0
2015-03-18 03:00:00,0,0,0
2015-03-18 04:00:00,1,1,0
2015-03-18 05:00:00,8,6,2
2015-03-18 06:00:00,34,18,16
2015-03-18 07:00:00,47,39,8
2015-03-18 08:00:00,114,78,36
2015-03-18 09:00:00,57,37,20
2015-03-18 10:00:00,33,23,10
2015-03-18 11:00:00,34,23,11
2015-03-18 12:00:00,26,17,9
2015-03-18 13:00:00,32,19,13
2015-03-18 14:00:00,30,18,12
2015-03-18 15:00:00,33,22,11
2015-03-18 16:00:00,100,67,33
2015-03-18 17:00:00,119,83,36
2015-03-18 18:00:00,76,55,21
2015-03-18 19:00:00,30,19,11
2015-03-18 20:00:00,18,12,6
2015-03-18 21:00:00,11,8,3
2015-03-18 22:00:00,9,5,4
2015-03-18 23:00:00,5,4,1
2015-03-19 00:00:00,0,0,0
2015-03-19 01:00:00,0,0,0
2015-03-19 02:00:00,1,1,0
2015-03-19 03:00:00,0,0,0
2015-03-19 04:00:00,2,1,1
2015-03-19 05:00:00,9,7,2
2015-03-19 06:00:00,26,15,11
2015-03-19 07:00:00,56,36,20
2015-03-19 08:00:00,117,77,40
2015-03-19 09:00:00,76,52,24
2015-03-19 10:00:00,37,23,14
2015-03-19 11:00:00,26,16,10
2015-03-19 12:00:00,33,21,12
2015-03-19 13:00:00,39,16,23
2015-03-19 14:00:00,33,17,16
2015-03-19 15:00:00,36,22,14
2015-03-19 16:00:00,83,65,18
2015-03-19 17:00:00,129,86,43
2015-03-19 18:00:00,96,65,31
2015-03-19 19:00:00,24,17,7
2015-03-19 20:00:00,19,14,5
2015-03-19 21:00:00,13,11,2
2015-03-19 22:00:00,8,6,2
2015-03-19 23:00:00,5,4,1
2015-03-20 00:00:00,4,4,0
2015-03-20 01:00:00,0,0,0
2015-03-20 02:00:00,0,0,0
2015-03-20 03:00:00,0,0,0
2015-03-20 04:00:00,0,0,0
2015-03-20 05:00:00,5,2,3
2015-03-20 06:00:00,32,20,12
2015-03-20 07:00:00,37,23,14
2015-03-20 08:00:00,72,57,15
2015-03-20 09:00:00,48,29,19
2015-03-20 10:00:00,26,20,6
2015-03-20 11:00:00,33,18,15
2015-03-20 12:00:00,36,18,18
2015-03-20 13:00:00,31,20,11
2015-03-20 14:00:00,20,12,8
2015-03-20 15:00:00,39,31,8
2015-03-20 16:00:00,64,40,24
2015-03-20 17:00:00,77,50,27
2015-03-20 18:00:00,50,36,14
2015-03-20 19:00:00,14,8,6
2015-03-20 20:00:00,8,3,5
2015-03-20 21:00:00,10,7,3
2015-03-20 22:00:00,10,6,4
2015-03-20 23:00:00,7,2,5
2015-03-21 00:00:00,4,4,0
2015-03-21 01:00:00,7,6,1
2015-03-21 02:00:00,3,3,0
2015-03-21 03:00:00,3,2,1
2015-03-21 04:00:00,1,1,0
2015-03-21 05:00:00,3,2,1
2015-03-21 06:00:00,4,4,0
2015-03-21 07:00:00,9,7,2
2015-03-21 08:00:00,7,3,4
2015-03-21 09:00:00,8,8,0
2015-03-21 10:00:00,9,6,3
2015-03-21 11:00:00,12,8,4
2015-03-21 12:00:00,5,3,2
2015-03-21 13:00:00,13,9,4
2015-03-21 14:00:00,25,15,10
2015-03-21 15:00:00,20,13,7
2015-03-21 16:00:00,9,8,1
2015-03-21 17:00:00,16,8,8
2015-03-21 18:00:00,18,14,4
2015-03-21 19:00:00,14,9,5
2015-03-21 20:00:00,7,4,3
2015-03-21 21:00:00,6,6,0
2015-03-21 22:00:00,2,2,0
2015-03-21 23:00:00,3,2,1
2015-03-22 00:00:00,8,7,1
2015-03-22 01:00:00,7,6,1
2015-03-22 02:00:00,1,1,0
2015-03-22 03:00:00,1,1,0
2015-03-22 04:00:00,0,0,0
2015-03-22 05:00:00,2,0,2
2015-03-22 06:00:00,2,1,1
2015-03-22 07:00:00,4,4,0
2015-03-22 08:00:00,4,2,2
2015-03-22 09:00:00,6,4,2
2015-03-22 10:00:00,9,6,3
2015-03-22 11:00:00,15,8,7
2015-03-22 12:00:00,22,8,14
2015-03-22 13:00:00,7,4,3
2015-03-22 14:00:00,13,8,5
2015-03-22 15:00:00,9,8,1
2015-03-22 16:00:00,8,5,3
2015-03-22 17:00:00,8,5,3
2015-03-22 18:00:00,13,9,4
2015-03-22 19:00:00,12,7,5
2015-03-22 20:00:00,10,3,7
2015-03-22 21:00:00,7,4,3
2015-03-22 22:00:00,4,3,1
2015-03-22 23:00:00,4,3,1
2015-03-23 00:00:00,0,0,0
2015-03-23 01:00:00,0,0,0
2015-03-23 02:00:00,1,1,0
2015-03-23 03:00:00,0,0,0
2015-03-23 04:00:00,0,0,0
2015-03-23 05:00:00,8,3,5
2015-03-23 06:00:00,29,14,15
2015-03-23 07:00:00,39,23,16
2015-03-23 08:00:00,90,68,22
2015-03-23 09:00:00,66,44,22
2015-03-23 10:00:00,31,22,9
2015-03-23 11:00:00,27,17,10
2015-03-23 12:00:00,15,8,7
2015-03-23 13:00:00,10,5,5
2015-03-23 14:00:00,20,15,5
2015-03-23 15:00:00,19,14,5
2015-03-23 16:00:00,70,51,19
2015-03-23 17:00:00,102,76,26
2015-03-23 18:00:00,67,40,27
2015-03-23 19:00:00,23,14,9
2015-03-23 20:00:00,10,5,5
2015-03-23 21:00:00,6,6,0
2015-03-23 22:00:00,5,3,2
2015-03-23 23:00:00,1,1,0
2015-03-24 00:00:00,1,1,0
2015-03-24 01:00:00,0,0,0
2015-03-24 02:00:00,0,0,0
2015-03-24 03:00:00,1,1,0
2015-03-24 04:00:00,1,0,1
2015-03-24 05:00:00,4,2,2
2015-03-24 06:00:00,25,14,11
2015-03-24 07:00:00,45,29,16
2015-03-24 08:00:00,70,53,17
2015-03-24 09:00:00,62,40,22
2015-03-24 10:00:00,30,21,9
2015-03-24 11:00:00,20,10,10
2015-03-24 12:00:00,20,8,12
2015-03-24 13:00:00,27,15,12
2015-03-24 14:00:00,32,23,9
2015-03-24 15:00:00,37,24,13
2015-03-24 16:00:00,73,64,9
2015-03-24 17:00:00,117,83,34
2015-03-24 18:00:00,91,70,21
2015-03-24 19:00:00,39,32,7
2015-03-24 20:00:00,15,12,3
2015-03-24 21:00:00,23,13,10
2015-03-24 22:00:00,10,6,4
2015-03-24 23:00:00,6,3,3
2015-03-25 00:00:00,2,1,1
2015-03-25 01:00:00,0,0,0
2015-03-25 02:00:00,0,0,0
2015-03-25 03:00:00,0,0,0
2015-03-25 04:00:00,0,0,0
2015-03-25 05:00:00,5,2,3
2015-03-25 06:00:00,25,14,11
2015-03-25 07:00:00,36,24,12
2015-03-25 08:00:00,88,60,28
2015-03-25 09:00:00,45,30,15
2015-03-25 10:00:00,34,21,13
2015-03-25 11:00:00,28,13,15
2015-03-25 12:00:00,15,9,6
2015-03-25 13:00:00,21,12,9
2015-03-25 14:00:00,25,16,9
2015-03-25 15:00:00,25,20,5
2015-03-25 16:00:00,64,50,14
2015-03-25 17:00:00,94,65,29
2015-03-25 18:00:00,56,37,19
2015-03-25 19:00:00,18,13,5
2015-03-25 20:00:00,11,8,3
2015-03-25 21:00:00,11,10,1
2015-03-25 22:00:00,12,10,2
2015-03-25 23:00:00,1,1,0
2015-03-26 00:00:00,2,2,0
2015-03-26 01:00:00,1,1,0
2015-03-26 02:00:00,0,0,0
2015-03-26 03:00:00,0,0,0
2015-03-26 04:00:00,0,0,0
2015-03-26 05:00:00,8,3,5
2015-03-26 06:00:00,32,18,14
2015-03-26 07:00:00,67,42,25
2015-03-26 08:00:00,134,93,41
2015-03-26 09:00:00,64,46,18
2015-03-26 10:00:00,27,18,9
2015-03-26 11:00:00,38,26,12
2015-03-26 12:00:00,45,26,19
2015-03-26 13:00:00,48,28,20
2015-03-26 14:00:00,40,21,19
2015-03-26 15:00:00,61,45,16
2015-03-26 16:00:00,97,76,21
2015-03-26 17:00:00,150,103,47
2015-03-26 18:00:00,73,43,30
2015-03-26 19:00:00,43,33,10
2015-03-26 20:00:00,30,24,6
2015-03-26 21:00:00,16,12,4
2015-03-26 22:00:00,9,6,3
2015-03-26 23:00:00,5,0,5
2015-03-27 00:00:00,8,6,2
2015-03-27 01:00:00,4,2,2
2015-03-27 02:00:00,0,0,0
2015-03-27 03:00:00,1,1,0
2015-03-27 04:00:00,0,0,0
2015-03-27 05:00:00,5,3,2
2015-03-27 06:00:00,34,16,18
2015-03-27 07:00:00,57,41,16
2015-03-27 08:00:00,107,73,34
2015-03-27 09:00:00,71,45,26
2015-03-27 10:00:00,40,30,10
2015-03-27 11:00:00,33,23,10
2015-03-27 12:00:00,45,29,16
2015-03-27 13:00:00,38,25,13
2015-03-27 14:00:00,46,33,13
2015-03-27 15:00:00,66,53,13
2015-03-27 16:00:00,119,82,37
2015-03-27 17:00:00,112,74,38
2015-03-27 18:00:00,71,49,22
2015-03-27 19:00:00,24,16,8
2015-03-27 20:00:00,19,12,7
2015-03-27 21:00:00,8,6,2
2015-03-27 22:00:00,11,7,4
2015-03-27 23:00:00,4,3,1
2015-03-28 00:00:00,3,2,1
2015-03-28 01:00:00,2,2,0
2015-03-28 02:00:00,0,0,0
2015-03-28 03:00:00,0,0,0
2015-03-28 04:00:00,0,0,0
2015-03-28 05:00:00,3,2,1
2015-03-28 06:00:00,1,0,1
2015-03-28 07:00:00,7,5,2
2015-03-28 08:00:00,13,8,5
2015-03-28 09:00:00,13,8,5
2015-03-28 10:00:00,16,13,3
2015-03-28 11:00:00,24,18,6
2015-03-28 12:00:00,20,11,9
2015-03-28 13:00:00,34,17,17
2015-03-28 14:00:00,29,8,21
2015-03-28 15:00:00,27,15,12
2015-03-28 16:00:00,18,12,6
2015-03-28 17:00:00,35,31,4
2015-03-28 18:00:00,23,17,6
2015-03-28 19:00:00,9,6,3
2015-03-28 20:00:00,3,1,2
2015-03-28 21:00:00,8,4,4
2015-03-28 22:00:00,5,2,3
2015-03-28 23:00:00,7,5,2
2015-03-29 00:00:00,3,3,0
2015-03-29 01:00:00,7,6,1
2015-03-29 02:00:00,0,0,0
2015-03-29 03:00:00,2,1,1
2015-03-29 04:00:00,0,0,0
2015-03-29 05:00:00,2,0,2
2015-03-29 06:00:00,3,2,1
2015-03-29 07:00:00,2,1,1
2015-03-29 08:00:00,8,7,1
2015-03-29 09:00:00,9,8,1
2015-03-29 10:00:00,9,4,5
2015-03-29 11:00:00,11,9,2
2015-03-29 12:00:00,16,8,8
2015-03-29 13:00:00,10,7,3
2015-03-29 14:00:00,18,15,3
2015-03-29 15:00:00,16,9,7
2015-03-29 16:00:00,11,7,4
2015-03-29 17:00:00,15,11,4
2015-03-29 18:00:00,12,5,7
2015-03-29 19:00:00,8,4,4
2015-03-29 20:00:00,1,0,1
2015-03-29 21:00:00,5,4,1
2015-03-29 22:00:00,3,1,2
2015-03-29 23:00:00,3,3,0
2015-03-30 00:00:00,3,3,0
2015-03-30 01:00:00,1,1,0
2015-03-30 02:00:00,0,0,0
2015-03-30 03:00:00,1,1,0
2015-03-30 04:00:00,0,0,0
2015-03-30 05:00:00,11,6,5
2015-03-30 06:00:00,27,13,14
2015-03-30 07:00:00,79,51,28
2015-03-30 08:00:00,117,79,38
2015-03-30 09:00:00,76,54,22
2015-03-30 10:00:00,34,25,9
2015-03-30 11:00:00,18,11,7
2015-03-30 12:00:00,34,24,10
2015-03-30 13:00:00,31,21,10
2015-03-30 14:00:00,30,26,4
2015-03-30 15:00:00,50,36,14
2015-03-30 16:00:00,104,82,22
2015-03-30 17:00:00,157,108,49
2015-03-30 18:00:00,83,53,30
2015-03-30 19:00:00,26,14,12
2015-03-30 20:00:00,13,5,8
2015-03-30 21:00:00,11,8,3
2015-03-30 22:00:00,5,4,1
2015-03-30 23:00:00,0,0,0
2015-03-31 00:00:00,0,0,0
2015-03-31 01:00:00,0,0,0
2015-03-31 02:00:00,0,0,0
2015-03-31 03:00:00,2,2,0
2015-03-31 04:00:00,0,0,0
2015-03-31 05:00:00,8,3,5
2015-03-31 06:00:00,37,20,17
2015-03-31 07:00:00,45,26,19
2015-03-31 08:00:00,99,76,23
2015-03-31 09:00:00,42,26,16
2015-03-31 10:00:00,20,16,4
2015-03-31 11:00:00,15,7,8
2015-03-31 12:00:00,19,10,9
2015-03-31 13:00:00,20,14,6
2015-03-31 14:00:00,26,22,4
2015-03-31 15:00:00,38,28,10
2015-03-31 16:00:00,69,55,14
2015-03-31 17:00:00,86,58,28
2015-03-31 18:00:00,69,40,29
2015-03-31 19:00:00,12,7,5
2015-03-31 20:00:00,9,5,4
2015-03-31 21:00:00,8,6,2
2015-03-31 22:00:00,6,2,4
2015-03-31 23:00:00,1,1,0
2015-04-01 00:00:00,0,0,0
2015-04-01 01:00:00,0,0,0
2015-04-01 02:00:00,1,1,0
2015-04-01 03:00:00,0,0,0
2015-04-01 04:00:00,0,0,0
2015-04-01 05:00:00,6,4,2
2015-04-01 06:00:00,26,13,13
2015-04-01 07:00:00,46,34,12
2015-04-01 08:00:00,94,69,25
2015-04-01 09:00:00,63,42,21
2015-04-01 10:00:00,28,18,10
2015-04-01 11:00:00,31,19,12
2015-04-01 12:00:00,45,26,19
2015-04-01 13:00:00,28,17,11
2015-04-01 14:00:00,24,15,9
2015-04-01 15:00:00,55,43,12
2015-04-01 16:00:00,90,61,29
2015-04-01 17:00:00,110,75,35
2015-04-01 18:00:00,62,46,16
2015-04-01 19:00:00,28,24,4
2015-04-01 20:00:00,3,2,1
2015-04-01 21:00:00,8,4,4
2015-04-01 22:00:00,8,5,3
2015-04-01 23:00:00,2,2,0
2015-04-02 00:00:00,1,1,0
2015-04-02 01:00:00,4,4,0
2015-04-02 02:00:00,0,0,0
2015-04-02 03:00:00,0,0,0
2015-04-02 04:00:00,0,0,0
2015-04-02 05:00:00,10,8,2
2015-04-02 06:00:00,32,16,16
2015-04-02 07:00:00,54,37,17
2015-04-02 08:00:00,81,59,22
2015-04-02 09:00:00,53,40,13
2015-04-02 10:00:00,24,15,9
2015-04-02 11:00:00,33,21,12
2015-04-02 12:00:00,31,16,15
2015-04-02 13:00:00,33,21,12
2015-04-02 14:00:00,30,19,11
2015-04-02 15:00:00,51,37,14
2015-04-02 16:00:00,82,64,18
2015-04-02 17:00:00,157,116,41
2015-04-02 18:00:00,148,112,36
2015-04-02 19:00:00,37,15,22
2015-04-02 20:00:00,29,12,17
2015-04-02 21:00:00,18,9,9
2015-04-02 22:00:00,9,7,2
2015-04-02 23:00:00,6,5,1
2015-04-03 00:00:00,2,2,0
2015-04-03 01:00:00,2,2,0
2015-04-03 02:00:00,1,1,0
2015-04-03 03:00:00,0,0,0
2015-04-03 04:00:00,1,1,0
2015-04-03 05:00:00,9,7,2
2015-04-03 06:00:00,26,14,12
2015-04-03 07:00:00,52,33,19
2015-04-03 08:00:00,95,67,28
2015-04-03 09:00:00,64,38,26
2015-04-03 10:00:00,37,27,10
2015-04-03 11:00:00,38,29,9
2015-04-03 12:00:00,18,7,11
2015-04-03 13:00:00,19,12,7
2015-04-03 14:00:00,27,17,10
2015-04-03 15:00:00,48,33,15
2015-04-03 16:00:00,87,64,23
2015-04-03 17:00:00,92,61,31
2015-04-03 18:00:00,55,42,13
2015-04-03 19:00:00,21,16,5
2015-04-03 20:00:00,9,6,3
2015-04-03 21:00:00,8,6,2
2015-04-03 22:00:00,5,4,1
2015-04-03 23:00:00,7,6,1
2015-04-04 00:00:00,1,0,1
2015-04-04 01:00:00,4,4,0
2015-04-04 02:00:00,1,0,1
2015-04-04 03:00:00,1,1,0
2015-04-04 04:00:00,0,0,0
2015-04-04 05:00:00,4,2,2
2015-04-04 06:00:00,5,3,2
2015-04-04 07:00:00,14,12,2
2015-04-04 08:00:00,12,9,3
2015-04-04 09:00:00,9,3,6
2015-04-04 10:00:00,16,14,2
2015-04-04 11:00:00,21,18,3
2015-04-04 12:00:00,21,11,10
2015-04-04 13:00:00,28,17,11
2015-04-04 14:00:00,23,14,9
2015-04-04 15:00:00,23,11,12
2015-04-04 16:00:00,32,21,11
2015-04-04 17:00:00,27,22,5
2015-04-04 18:00:00,48,41,7
2015-04-04 19:00:00,9,3,6
2015-04-04 20:00:00,5,2,3
2015-04-04 21:00:00,30,6,24
2015-04-04 22:00:00,8,5,3
2015-04-04 23:00:00,8,7,1
2015-04-05 00:00:00,3,1,2
2015-04-05 01:00:00,4,4,0
2015-04-05 02:00:00,1,0,1
2015-04-05 03:00:00,1,1,0
2015-04-05 04:00:00,0,0,0
2015-04-05 05:00:00,4,1,3
2015-04-05 06:00:00,0,0,0
2015-04-05 07:00:00,6,5,1
2015-04-05 08:00:00,6,6,0
2015-04-05 09:00:00,13,9,4
2015-04-05 10:00:00,14,9,5
2015-04-05 11:00:00,13,10,3
2015-04-05 12:00:00,20,11,9
2015-04-05 13:00:00,14,10,4
2015-04-05 14:00:00,22,15,7
2015-04-05 15:00:00,26,17,9
2015-04-05 16:00:00,13,11,2
2015-04-05 17:00:00,12,11,1
2015-04-05 18:00:00,16,12,4
2015-04-05 19:00:00,9,8,1
2015-04-05 20:00:00,6,5,1
2015-04-05 21:00:00,7,4,3
2015-04-05 22:00:00,4,3,1
2015-04-05 23:00:00,2,2,0
2015-04-06 00:00:00,0,0,0
2015-04-06 01:00:00,0,0,0
2015-04-06 02:00:00,2,2,0
2015-04-06 03:00:00,1,1,0
2015-04-06 04:00:00,1,1,0
2015-04-06 05:00:00,10,5,5
2015-04-06 06:00:00,40,25,15
2015-04-06 07:00:00,64,41,23
2015-04-06 08:00:00,117,89,28
2015-04-06 09:00:00,62,44,18
2015-04-06 10:00:00,37,22,15
2015-04-06 11:00:00,36,25,11
2015-04-06 12:00:00,50,37,13
2015-04-06 13:00:00,33,24,9
2015-04-06 14:00:00,19,11,8
2015-04-06 15:00:00,46,33,13
2015-04-06 16:00:00,94,65,29
2015-04-06 17:00:00,139,93,46
2015-04-06 18:00:00,73,46,27
2015-04-06 19:00:00,27,18,9
2015-04-06 20:00:00,18,12,6
2015-04-06 21:00:00,7,7,0
2015-04-06 22:00:00,5,4,1
2015-04-06 23:00:00,8,5,3
2015-04-07 00:00:00,2,2,0
2015-04-07 01:00:00,0,0,0
2015-04-07 02:00:00,1,1,0
2015-04-07 03:00:00,0,0,0
2015-04-07 04:00:00,1,1,0
2015-04-07 05:00:00,11,6,5
2015-04-07 06:00:00,39,24,15
2015-04-07 07:00:00,80,52,28
2015-04-07 08:00:00,157,113,44
2015-04-07 09:00:00,65,47,18
2015-04-07 10:00:00,36,22,14
2015-04-07 11:00:00,29,21,8
2015-04-07 12:00:00,20,8,12
2015-04-07 13:00:00,29,18,11
2015-04-07 14:00:00,26,15,11
2015-04-07 15:00:00,63,43,20
2015-04-07 16:00:00,102,73,29
2015-04-07 17:00:00,161,102,59
2015-04-07 18:00:00,77,50,27
2015-04-07 19:00:00,34,19,15
2015-04-07 20:00:00,16,14,2
2015-04-07 21:00:00,14,6,8
2015-04-07 22:00:00,12,5,7
2015-04-07 23:00:00,6,6,0
2015-04-08 00:00:00,2,2,0
2015-04-08 01:00:00,1,1,0
2015-04-08 02:00:00,1,1,0
2015-04-08 03:00:00,0,0,0
2015-04-08 04:00:00,0,0,0
2015-04-08 05:00:00,8,5,3
2015-04-08 06:00:00,40,24,16
2015-04-08 07:00:00,58,39,19
2015-04-08 08:00:00,112,83,29
2015-04-08 09:00:00,75,52,23
2015-04-08 10:00:00,37,25,12
2015-04-08 11:00:00,29,21,8
2015-04-08 12:00:00,24,11,13
2015-04-08 13:00:00,32,19,13
2015-04-08 14:00:00,37,22,15
2015-04-08 15:00:00,49,39,10
2015-04-08 16:00:00,105,86,19
2015-04-08 17:00:00,165,125,40
2015-04-08 18:00:00,84,61,23
2015-04-08 19:00:00,25,14,11
2015-04-08 20:00:00,17,12,5
2015-04-08 21:00:00,20,17,3
2015-04-08 22:00:00,25,5,20
2015-04-08 23:00:00,4,1,3
2015-04-09 00:00:00,3,2,1
2015-04-09 01:00:00,3,3,0
2015-04-09 02:00:00,0,0,0
2015-04-09 03:00:00,5,5,0
2015-04-09 04:00:00,1,1,0
2015-04-09 05:00:00,9,5,4
2015-04-09 06:00:00,28,17,11
2015-04-09 07:00:00,70,47,23
2015-04-09 08:00:00,124,90,34
2015-04-09 09:00:00,79,58,21
2015-04-09 10:00:00,41,26,15
2015-04-09 11:00:00,32,23,9
2015-04-09 12:00:00,35,25,10
2015-04-09 13:00:00,32,19,13
2015-04-09 14:00:00,27,17,10
2015-04-09 15:00:00,47,31,16
2015-04-09 16:00:00,104,83,21
2015-04-09 17:00:00,147,103,44
2015-04-09 18:00:00,82,54,28
2015-04-09 19:00:00,51,31,20
2015-04-09 20:00:00,18,10,8
2015-04-09 21:00:00,13,8,5
2015-04-09 22:00:00,14,8,6
2015-04-09 23:00:00,4,3,1
2015-04-10 00:00:00,1,1,0
2015-04-10 01:00:00,0,0,0
2015-04-10 02:00:00,1,1,0
2015-04-10 03:00:00,2,2,0
2015-04-10 04:00:00,0,0,0
2015-04-10 05:00:00,9,5,4
2015-04-10 06:00:00,30,16,14
2015-04-10 07:00:00,49,31,18
2015-04-10 08:00:00,103,79,24
2015-04-10 09:00:00,48,35,13
2015-04-10 10:00:00,42,26,16
2015-04-10 11:00:00,17,12,5
2015-04-10 12:00:00,36,23,13
2015-04-10 13:00:00,38,20,18
2015-04-10 14:00:00,37,30,7
2015-04-10 15:00:00,57,35,22
2015-04-10 16:00:00,76,55,21
2015-04-10 17:00:00,92,65,27
2015-04-10 18:00:00,35,27,8
2015-04-10 19:00:00,17,10,7
2015-04-10 20:00:00,9,4,5
2015-04-10 21:00:00,3,2,1
2015-04-10 22:00:00,6,6,0
2015-04-10 23:00:00,1,1,0
2015-04-11 00:00:00,0,0,0
2015-04-11 01:00:00,0,0,0
2015-04-11 02:00:00,2,2,0
2015-04-11 03:00:00,1,1,0
2015-04-11 04:00:00,1,0,1
2015-04-11 05:00:00,3,1,2
2015-04-11 06:00:00,2,0,2
2015-04-11 07:00:00,8,7,1
2015-04-11 08:00:00,11,9,2
2015-04-11 09:00:00,11,9,2
2015-04-11 10:00:00,12,7,5
2015-04-11 11:00:00,9,8,1
2015-04-11 12:00:00,26,19,7
2015-04-11 13:00:00,18,5,13
2015-04-11 14:00:00,18,11,7
2015-04-11 15:00:00,20,11,9
2015-04-11 16:00:00,19,11,8
2015-04-11 17:00:00,17,10,7
2015-04-11 18:00:00,14,9,5
2015-04-11 19:00:00,10,8,2
2015-04-11 20:00:00,2,2,0
2015-04-11 21:00:00,4,1,3
2015-04-11 22:00:00,5,4,1
2015-04-11 23:00:00,3,3,0
2015-04-12 00:00:00,4,3,1
2015-04-12 01:00:00,2,1,1
2015-04-12 02:00:00,0,0,0
2015-04-12 03:00:00,3,3,0
2015-04-12 04:00:00,1,1,0
2015-04-12 05:00:00,4,2,2
2015-04-12 06:00:00,3,1,2
2015-04-12 07:00:00,2,1,1
2015-04-12 08:00:00,6,5,1
2015-04-12 09:00:00,10,5,5
2015-04-12 10:00:00,32,26,6
2015-04-12 11:00:00,15,10,5
2015-04-12 12:00:00,23,12,11
2015-04-12 13:00:00,21,11,10
2015-04-12 14:00:00,14,7,7
2015-04-12 15:00:00,21,13,8
2015-04-12 16:00:00,27,18,9
2015-04-12 17:00:00,21,16,5
2015-04-12 18:00:00,14,10,4
2015-04-12 19:00:00,11,7,4
2015-04-12 20:00:00,6,5,1
2015-04-12 21:00:00,5,4,1
2015-04-12 22:00:00,4,3,1
2015-04-12 23:00:00,2,2,0
2015-04-13 00:00:00,0,0,0
2015-04-13 01:00:00,0,0,0
2015-04-13 02:00:00,1,1,0
2015-04-13 03:00:00,0,0,0
2015-04-13 04:00:00,1,0,1
2015-04-13 05:00:00,7,3,4
2015-04-13 06:00:00,29,17,12
2015-04-13 07:00:00,55,33,22
2015-04-13 08:00:00,90,68,22
2015-04-13 09:00:00,52,33,19
2015-04-13 10:00:00,27,16,11
2015-04-13 11:00:00,27,17,10
2015-04-13 12:00:00,29,13,16
2015-04-13 13:00:00,27,19,8
2015-04-13 14:00:00,19,13,6
2015-04-13 15:00:00,40,27,13
2015-04-13 16:00:00,70,56,14
2015-04-13 17:00:00,96,73,23
2015-04-13 18:00:00,53,37,16
2015-04-13 19:00:00,17,9,8
2015-04-13 20:00:00,3,1,2
2015-04-13 21:00:00,5,3,2
2015-04-13 22:00:00,4,2,2
2015-04-13 23:00:00,0,0,0
2015-04-14 00:00:00,2,1,1
2015-04-14 01:00:00,0,0,0
2015-04-14 02:00:00,0,0,0
2015-04-14 03:00:00,1,1,0
2015-04-14 04:00:00,0,0,0
2015-04-14 05:00:00,3,1,2
2015-04-14 06:00:00,26,17,9
2015-04-14 07:00:00,49,32,17
2015-04-14 08:00:00,85,66,19
2015-04-14 09:00:00,41,31,10
2015-04-14 10:00:00,26,22,4
2015-04-14 11:00:00,27,18,9
2015-04-14 12:00:00,26,17,9
2015-04-14 13:00:00,36,22,14
2015-04-14 14:00:00,29,19,10
2015-04-14 15:00:00,45,32,13
2015-04-14 16:00:00,60,37,23
2015-04-14 17:00:00,93,74,19
2015-04-14 18:00:00,54,35,19
2015-04-14 19:00:00,19,15,4
2015-04-14 20:00:00,15,7,8
2015-04-14 21:00:00,12,7,5
2015-04-14 22:00:00,7,4,3
2015-04-14 23:00:00,3,3,0
2015-04-15 00:00:00,2,2,0
2015-04-15 01:00:00,0,0,0
2015-04-15 02:00:00,1,1,0
2015-04-15 03:00:00,1,1,0
2015-04-15 04:00:00,0,0,0
2015-04-15 05:00:00,9,5,4
2015-04-15 06:00:00,38,25,13
2015-04-15 07:00:00,60,42,18
2015-04-15 08:00:00,101,74,27
2015-04-15 09:00:00,66,49,17
2015-04-15 10:00:00,32,24,8
2015-04-15 11:00:00,40,25,15
2015-04-15 12:00:00,37,17,20
2015-04-15 13:00:00,53,33,20
2015-04-15 14:00:00,37,21,16
2015-04-15 15:00:00,59,41,18
2015-04-15 16:00:00,100,77,23
2015-04-15 17:00:00,157,108,49
2015-04-15 18:00:00,73,48,25
2015-04-15 19:00:00,27,13,14
2015-04-15 20:00:00,16,12,4
2015-04-15 21:00:00,6,3,3
2015-04-15 22:00:00,12,6,6
2015-04-15 23:00:00,3,2,1
2015-04-16 00:00:00,2,1,1
2015-04-16 01:00:00,0,0,0
2015-04-16 02:00:00,1,1,0
2015-04-16 03:00:00,1,0,1
2015-04-16 04:00:00,0,0,0
2015-04-16 05:00:00,9,5,4
2015-04-16 06:00:00,35,22,13
2015-04-16 07:00:00,69,46,23
2015-04-16 08:00:00,122,94,28
2015-04-16 09:00:00,88,66,22
2015-04-16 10:00:00,27,18,9
2015-04-16 11:00:00,46,28,18
2015-04-16 12:00:00,38,22,16
2015-04-16 13:00:00,41,19,22
2015-04-16 14:00:00,29,18,11
2015-04-16 15:00:00,62,45,17
2015-04-16 16:00:00,99,75,24
2015-04-16 17:00:00,167,112,55
2015-04-16 18:00:00,100,71,29
2015-04-16 19:00:00,37,20,17
2015-04-16 20:00:00,23,11,12
2015-04-16 21:00:00,15,11,4
2015-04-16 22:00:00,7,5,2
2015-04-16 23:00:00,8,6,2
2015-04-17 00:00:00,4,3,1
2015-04-17 01:00:00,1,0,1
2015-04-17 02:00:00,1,1,0
2015-04-17 03:00:00,1,1,0
2015-04-17 04:00:00,1,0,1
2015-04-17 05:00:00,11,5,6
2015-04-17 06:00:00,33,17,16
2015-04-17 07:00:00,53,37,16
2015-04-17 08:00:00,121,80,41
2015-04-17 09:00:00,57,38,19
2015-04-17 10:00:00,44,32,12
2015-04-17 11:00:00,40,23,17
2015-04-17 12:00:00,25,15,10
2015-04-17 13:00:00,53,29,24
2015-04-17 14:00:00,48,32,16
2015-04-17 15:00:00,66,56,10
2015-04-17 16:00:00,111,73,38
2015-04-17 17:00:00,143,108,35
2015-04-17 18:00:00,84,56,28
2015-04-17 19:00:00,30,16,14
2015-04-17 20:00:00,13,7,6
2015-04-17 21:00:00,7,3,4
2015-04-17 22:00:00,11,5,6
2015-04-17 23:00:00,5,3,2
2015-04-18 00:00:00,2,1,1
2015-04-18 01:00:00,3,2,1
2015-04-18 02:00:00,0,0,0
2015-04-18 03:00:00,1,1,0
2015-04-18 04:00:00,0,0,0
2015-04-18 05:00:00,3,2,1
2015-04-18 06:00:00,5,4,1
2015-04-18 07:00:00,12,9,3
2015-04-18 08:00:00,26,20,6
2015-04-18 09:00:00,14,9,5
2015-04-18 10:00:00,18,9,9
2015-04-18 11:00:00,28,17,11
2015-04-18 12:00:00,23,9,14
2015-04-18 13:00:00,38,15,23
2015-04-18 14:00:00,24,18,6
2015-04-18 15:00:00,37,27,10
2015-04-18 16:00:00,22,13,9
2015-04-18 17:00:00,36,17,19
2015-04-18 18:00:00,35,17,18
2015-04-18 19:00:00,18,12,6
2015-04-18 20:00:00,10,3,7
2015-04-18 21:00:00,13,4,9
2015-04-18 22:00:00,14,2,12
2015-04-18 23:00:00,7,6,1
2015-04-19 00:00:00,5,4,1
2015-04-19 01:00:00,0,0,0
2015-04-19 02:00:00,0,0,0
2015-04-19 03:00:00,1,1,0
2015-04-19 04:00:00,1,1,0
2015-04-19 05:00:00,1,0,1
2015-04-19 06:00:00,4,2,2
2015-04-19 07:00:00,8,7,1
2015-04-19 08:00:00,9,8,1
2015-04-19 09:00:00,25,16,9
2015-04-19 10:00:00,20,13,7
2015-04-19 11:00:00,26,23,3
2015-04-19 12:00:00,38,29,9
2015-04-19 13:00:00,24,14,10
2015-04-19 14:00:00,32,15,17
2015-04-19 15:00:00,27,13,14
2015-04-19 16:00:00,23,12,11
2015-04-19 17:00:00,41,20,21
2015-04-19 18:00:00,22,14,8
2015-04-19 19:00:00,27,15,12
2015-04-19 20:00:00,12,8,4
2015-04-19 21:00:00,7,4,3
2015-04-19 22:00:00,5,5,0
2015-04-19 23:00:00,5,4,1
2015-04-20 00:00:00,3,3,0
2015-04-20 01:00:00,0,0,0
2015-04-20 02:00:00,2,2,0
2015-04-20 03:00:00,0,0,0
2015-04-20 04:00:00,0,0,0
2015-04-20 05:00:00,13,6,7
2015-04-20 06:00:00,35,22,13
2015-04-20 07:00:00,83,52,31
2015-04-20 08:00:00,146,112,34
2015-04-20 09:00:00,74,55,19
2015-04-20 10:00:00,41,27,14
2015-04-20 11:00:00,27,18,9
2015-04-20 12:00:00,49,26,23
2015-04-20 13:00:00,47,29,18
2015-04-20 14:00:00,45,29,16
2015-04-20 15:00:00,83,49,34
2015-04-20 16:00:00,105,79,26
2015-04-20 17:00:00,184,130,54
2015-04-20 18:00:00,93,61,32
2015-04-20 19:00:00,33,18,15
2015-04-20 20:00:00,32,24,8
2015-04-20 21:00:00,15,13,2
2015-04-20 22:00:00,7,1,6
2015-04-20 23:00:00,16,2,14
2015-04-21 00:00:00,4,1,3
2015-04-21 01:00:00,6,1,5
2015-04-21 02:00:00,0,0,0
2015-04-21 03:00:00,1,1,0
2015-04-21 04:00:00,0,0,0
2015-04-21 05:00:00,9,4,5
2015-04-21 06:00:00,39,20,19
2015-04-21 07:00:00,89,58,31
2015-04-21 08:00:00,163,130,33
2015-04-21 09:00:00,71,48,23
2015-04-21 10:00:00,36,24,12
2015-04-21 11:00:00,41,26,15
2015-04-21 12:00:00,40,25,15
2015-04-21 13:00:00,35,21,14
2015-04-21 14:00:00,31,17,14
2015-04-21 15:00:00,53,36,17
2015-04-21 16:00:00,132,77,55
2015-04-21 17:00:00,145,103,42
2015-04-21 18:00:00,77,48,29
2015-04-21 19:00:00,9,6,3
2015-04-21 20:00:00,5,2,3
2015-04-21 21:00:00,8,4,4
2015-04-21 22:00:00,1,1,0
2015-04-21 23:00:00,1,0,1
2015-04-22 00:00:00,0,0,0
2015-04-22 01:00:00,0,0,0
2015-04-22 02:00:00,0,0,0
2015-04-22 03:00:00,1,1,0
2015-04-22 04:00:00,0,0,0
2015-04-22 05:00:00,5,3,2
2015-04-22 06:00:00,24,11,13
2015-04-22 07:00:00,60,43,17
2015-04-22 08:00:00,88,61,27
2015-04-22 09:00:00,45,30,15
2015-04-22 10:00:00,24,19,5
2015-04-22 11:00:00,31,20,11
2015-04-22 12:00:00,30,17,13
2015-04-22 13:00:00,25,20,5
2015-04-22 14:00:00,31,21,10
2015-04-22 15:00:00,44,31,13
2015-04-22 16:00:00,88,69,19
2015-04-22 17:00:00,106,73,33
2015-04-22 18:00:00,59,42,17
2015-04-22 19:00:00,21,10,11
2015-04-22 20:00:00,24,18,6
2015-04-22 21:00:00,13,6,7
2015-04-22 22:00:00,2,1,1
2015-04-22 23:00:00,5,3,2
2015-04-23 00:00:00,1,0,1
2015-04-23 01:00:00,0,0,0
2015-04-23 02:00:00,0,0,0
2015-04-23 03:00:00,0,0,0
2015-04-23 04:00:00,0,0,0
2015-04-23 05:00:00,7,6,1
2015-04-23 06:00:00,31,15,16
2015-04-23 07:00:00,53,31,22
2015-04-23 08:00:00,85,64,21
2015-04-23 09:00:00,50,30,20
2015-04-23 10:00:00,25,14,11
2015-04-23 11:00:00,22,15,7
2015-04-23 12:00:00,19,12,7
2015-04-23 13:00:00,18,12,6
2015-04-23 14:00:00,17,10,7
2015-04-23 15:00:00,33,26,7
2015-04-23 16:00:00,58,38,20
2015-04-23 17:00:00,85,59,26
2015-04-23 18:00:00,48,40,8
2015-04-23 19:00:00,10,7,3
2015-04-23 20:00:00,6,1,5
2015-04-23 21:00:00,8,6,2
2015-04-23 22:00:00,3,3,0
2015-04-23 23:00:00,3,1,2
2015-04-24 00:00:00,0,0,0
2015-04-24 01:00:00,0,0,0
2015-04-24 02:00:00,0,0,0
2015-04-24 03:00:00,0,0,0
2015-04-24 04:00:00,1,1,0
2015-04-24 05:00:00,6,4,2
2015-04-24 06:00:00,33,19,14
2015-04-24 07:00:00,31,22,9
2015-04-24 08:00:00,72,52,20
2015-04-24 09:00:00,38,27,11
2015-04-24 10:00:00,24,17,7
2015-04-24 11:00:00,15,12,3
2015-04-24 12:00:00,17,8,9
2015-04-24 13:00:00,24,14,10
2015-04-24 14:00:00,26,15,11
2015-04-24 15:00:00,39,28,11
2015-04-24 16:00:00,53,42,11
2015-04-24 17:00:00,85,60,25
2015-04-24 18:00:00,43,24,19
2015-04-24 19:00:00,20,13,7
2015-04-24 20:00:00,2,1,1
2015-04-24 21:00:00,6,2,4
2015-04-24 22:00:00,11,8,3
2015-04-24 23:00:00,6,0,6
2015-04-25 00:00:00,0,0,0
2015-04-25 01:00:00,0,0,0
2015-04-25 02:00:00,2,1,1
2015-04-25 03:00:00,0,0,0
2015-04-25 04:00:00,0,0,0
2015-04-25 05:00:00,3,0,3
2015-04-25 06:00:00,2,2,0
2015-04-25 07:00:00,5,4,1
2015-04-25 08:00:00,8,5,3
2015-04-25 09:00:00,13,9,4
2015-04-25 10:00:00,16,11,5
2015-04-25 11:00:00,13,8,5
2015-04-25 12:00:00,11,8,3
2015-04-25 13:00:00,29,20,9
2015-04-25 14:00:00,28,22,6
2015-04-25 15:00:00,23,12,11
2015-04-25 16:00:00,17,11,6
2015-04-25 17:00:00,27,18,9
2015-04-25 18:00:00,17,6,11
2015-04-25 19:00:00,5,1,4
2015-04-25 20:00:00,14,8,6
2015-04-25 21:00:00,9,4,5
2015-04-25 22:00:00,10,7,3
2015-04-25 23:00:00,2,1,1
2015-04-26 00:00:00,3,2,1
2015-04-26 01:00:00,0,0,0
2015-04-26 02:00:00,1,0,1
2015-04-26 03:00:00,2,1,1
2015-04-26 04:00:00,0,0,0
2015-04-26 05:00:00,3,0,3
2015-04-26 06:00:00,2,1,1
2015-04-26 07:00:00,4,4,0
2015-04-26 08:00:00,6,6,0
2015-04-26 09:00:00,8,5,3
2015-04-26 10:00:00,12,9,3
2015-04-26 11:00:00,9,5,4
2015-04-26 12:00:00,14,10,4
2015-04-26 13:00:00,11,7,4
2015-04-26 14:00:00,21,11,10
2015-04-26 15:00:00,22,19,3
2015-04-26 16:00:00,35,28,7
2015-04-26 17:00:00,31,17,14
2015-04-26 18:00:00,19,10,9
2015-04-26 19:00:00,9,8,1
2015-04-26 20:00:00,23,5,18
2015-04-26 21:00:00,3,2,1
2015-04-26 22:00:00,12,3,9
2015-04-26 23:00:00,1,0,1
2015-04-27 00:00:00,1,1,0
2015-04-27 01:00:00,0,0,0
2015-04-27 02:00:00,1,1,0
2015-04-27 03:00:00,2,1,1
2015-04-27 04:00:00,0,0,0
2015-04-27 05:00:00,8,6,2
2015-04-27 06:00:00,32,22,10
2015-04-27 07:00:00,60,43,17
2015-04-27 08:00:00,105,74,31
2015-04-27 09:00:00,53,40,13
2015-04-27 10:00:00,15,13,2
2015-04-27 11:00:00,21,11,10
2015-04-27 12:00:00,29,17,12
2015-04-27 13:00:00,23,16,7
2015-04-27 14:00:00,20,13,7
2015-04-27 15:00:00,46,25,21
2015-04-27 16:00:00,92,70,22
2015-04-27 17:00:00,139,97,42
2015-04-27 18:00:00,46,24,22
2015-04-27 19:00:00,20,13,7
2015-04-27 20:00:00,17,14,3
2015-04-27 21:00:00,10,5,5
2015-04-27 22:00:00,3,3,0
2015-04-27 23:00:00,2,1,1
2015-04-28 00:00:00,1,0,1
2015-04-28 01:00:00,1,1,0
2015-04-28 02:00:00,0,0,0
2015-04-28 03:00:00,1,1,0
2015-04-28 04:00:00,0,0,0
2015-04-28 05:00:00,4,4,0
2015-04-28 06:00:00,35,20,15
2015-04-28 07:00:00,64,41,23
2015-04-28 08:00:00,96,68,28
2015-04-28 09:00:00,46,31,15
2015-04-28 10:00:00,27,19,8
2015-04-28 11:00:00,22,14,8
2015-04-28 12:00:00,21,9,12
2015-04-28 13:00:00,16,11,5
2015-04-28 14:00:00,26,22,4
2015-04-28 15:00:00,36,26,10
2015-04-28 16:00:00,61,46,15
2015-04-28 17:00:00,83,56,27
2015-04-28 18:00:00,49,29,20
2015-04-28 19:00:00,9,7,2
2015-04-28 20:00:00,12,9,3
2015-04-28 21:00:00,4,3,1
2015-04-28 22:00:00,5,4,1
2015-04-28 23:00:00,1,1,0
2015-04-29 00:00:00,2,2,0
2015-04-29 01:00:00,1,1,0
2015-04-29 02:00:00,0,0,0
2015-04-29 03:00:00,1,1,0
2015-04-29 04:00:00,0,0,0
2015-04-29 05:00:00,8,5,3
2015-04-29 06:00:00,32,18,14
2015-04-29 07:00:00,53,43,10
2015-04-29 08:00:00,87,62,25
2015-04-29 09:00:00,63,45,18
2015-04-29 10:00:00,20,14,6
2015-04-29 11:00:00,20,12,8
2015-04-29 12:00:00,26,11,15
2015-04-29 13:00:00,24,16,8
2015-04-29 14:00:00,25,20,5
2015-04-29 15:00:00,34,23,11
2015-04-29 16:00:00,75,62,13
2015-04-29 17:00:00,123,74,49
2015-04-29 18:00:00,58,37,21
2015-04-29 19:00:00,41,26,15
2015-04-29 20:00:00,11,6,5
2015-04-29 21:00:00,13,11,2
2015-04-29 22:00:00,6,5,1
2015-04-29 23:00:00,5,3,2
2015-04-30 00:00:00,2,2,0
2015-04-30 01:00:00,0,0,0
2015-04-30 02:00:00,0,0,0
2015-04-30 03:00:00,0,0,0
2015-04-30 04:00:00,0,0,0
2015-04-30 05:00:00,14,10,4
2015-04-30 06:00:00,42,24,18
2015-04-30 07:00:00,74,56,18
2015-04-30 08:00:00,91,58,33
2015-04-30 09:00:00,61,40,21
2015-04-30 10:00:00,22,18,4
2015-04-30 11:00:00,31,19,12
2015-04-30 12:00:00,29,17,12
2015-04-30 13:00:00,25,15,10
2015-04-30 14:00:00,36,25,11
2015-04-30 15:00:00,50,34,16
2015-04-30 16:00:00,92,73,19
2015-04-30 17:00:00,112,79,33
2015-04-30 18:00:00,61,38,23
2015-04-30 19:00:00,30,16,14
2015-04-30 20:00:00,13,10,3
2015-04-30 21:00:00,12,10,2
2015-04-30 22:00:00,11,9,2
2015-04-30 23:00:00,7,4,3
2015-05-01 00:00:00,3,1,2
2015-05-01 01:00:00,0,0,0
2015-05-01 02:00:00,0,0,0
2015-05-01 03:00:00,0,0,0
2015-05-01 04:00:00,1,1,0
2015-05-01 05:00:00,12,6,6
2015-05-01 06:00:00,46,25,21
2015-05-01 07:00:00,114,85,29
2015-05-01 08:00:00,118,83,35
2015-05-01 09:00:00,59,45,14
2015-05-01 10:00:00,19,12,7
2015-05-01 11:00:00,26,17,9
2015-05-01 12:00:00,41,23,18
2015-05-01 13:00:00,37,31,6
2015-05-01 14:00:00,40,29,11
2015-05-01 15:00:00,89,60,29
2015-05-01 16:00:00,97,66,31
2015-05-01 17:00:00,111,75,36
2015-05-01 18:00:00,53,32,21
2015-05-01 19:00:00,23,15,8
2015-05-01 20:00:00,11,4,7
2015-05-01 21:00:00,15,11,4
2015-05-01 22:00:00,10,9,1
2015-05-01 23:00:00,3,3,0
2015-05-02 00:00:00,3,2,1
2015-05-02 01:00:00,4,3,1
2015-05-02 02:00:00,0,0,0
2015-05-02 03:00:00,1,1,0
2015-05-02 04:00:00,1,1,0
2015-05-02 05:00:00,2,0,2
2015-05-02 06:00:00,7,6,1
2015-05-02 07:00:00,7,3,4
2015-05-02 08:00:00,23,18,5
2015-05-02 09:00:00,7,7,0
2015-05-02 10:00:00,24,14,10
2015-05-02 11:00:00,19,15,4
2015-05-02 12:00:00,18,11,7
2015-05-02 13:00:00,20,14,6
2015-05-02 14:00:00,32,26,6
2015-05-02 15:00:00,34,19,15
2015-05-02 16:00:00,20,10,10
2015-05-02 17:00:00,15,13,2
2015-05-02 18:00:00,34,21,13
2015-05-02 19:00:00,11,6,5
2015-05-02 20:00:00,11,9,2
2015-05-02 21:00:00,5,1,4
2015-05-02 22:00:00,7,5,2
2015-05-02 23:00:00,2,1,1
2015-05-03 00:00:00,2,1,1
2015-05-03 01:00:00,1,1,0
2015-05-03 02:00:00,0,0,0
2015-05-03 03:00:00,0,0,0
2015-05-03 04:00:00,2,2,0
2015-05-03 05:00:00,1,0,1
2015-05-03 06:00:00,6,4,2
2015-05-03 07:00:00,5,5,0
2015-05-03 08:00:00,21,19,2
2015-05-03 09:00:00,15,12,3
2015-05-03 10:00:00,11,10,1
2015-05-03 11:00:00,14,11,3
2015-05-03 12:00:00,25,18,7
2015-05-03 13:00:00,17,14,3
2015-05-03 14:00:00,33,23,10
2015-05-03 15:00:00,23,14,9
2015-05-03 16:00:00,17,14,3
2015-05-03 17:00:00,31,21,10
2015-05-03 18:00:00,11,6,5
2015-05-03 19:00:00,10,8,2
2015-05-03 20:00:00,7,5,2
2015-05-03 21:00:00,6,5,1
2015-05-03 22:00:00,7,3,4
2015-05-03 23:00:00,3,2,1
2015-05-04 00:00:00,2,2,0
2015-05-04 01:00:00,3,3,0
2015-05-04 02:00:00,0,0,0
2015-05-04 03:00:00,0,0,0
2015-05-04 04:00:00,1,0,1
2015-05-04 05:00:00,7,3,4
2015-05-04 06:00:00,60,38,22
2015-05-04 07:00:00,100,76,24
2015-05-04 08:00:00,134,93,41
2015-05-04 09:00:00,57,39,18
2015-05-04 10:00:00,28,18,10
2015-05-04 11:00:00,27,19,8
2015-05-04 12:00:00,34,16,18
2015-05-04 13:00:00,22,12,10
2015-05-04 14:00:00,37,23,14
2015-05-04 15:00:00,63,50,13
2015-05-04 16:00:00,87,60,27
2015-05-04 17:00:00,154,104,50
2015-05-04 18:00:00,63,40,23
2015-05-04 19:00:00,22,14,8
2015-05-04 20:00:00,14,12,2
2015-05-04 21:00:00,12,8,4
2015-05-04 22:00:00,1,1,0
2015-05-04 23:00:00,5,1,4
2015-05-05 00:00:00,2,1,1
2015-05-05 01:00:00,1,0,1
2015-05-05 02:00:00,0,0,0
2015-05-05 03:00:00,0,0,0
2015-05-05 04:00:00,0,0,0
2015-05-05 05:00:00,2,1,1
2015-05-05 06:00:00,31,17,14
2015-05-05 07:00:00,62,44,18
2015-05-05 08:00:00,104,78,26
2015-05-05 09:00:00,40,27,13
2015-05-05 10:00:00,24,15,9
2015-05-05 11:00:00,17,9,8
2015-05-05 12:00:00,23,13,10
2015-05-05 13:00:00,20,14,6
2015-05-05 14:00:00,25,13,12
2015-05-05 15:00:00,46,30,16
2015-05-05 16:00:00,45,36,9
2015-05-05 17:00:00,100,57,43
2015-05-05 18:00:00,29,16,13
2015-05-05 19:00:00,11,6,5
2015-05-05 20:00:00,16,11,5
2015-05-05 21:00:00,7,4,3
2015-05-05 22:00:00,3,3,0
2015-05-05 23:00:00,6,5,1
2015-05-06 00:00:00,1,1,0
2015-05-06 01:00:00,2,2,0
2015-05-06 02:00:00,0,0,0
2015-05-06 03:00:00,1,1,0
2015-05-06 04:00:00,0,0,0
2015-05-06 05:00:00,8,5,3
2015-05-06 06:00:00,39,22,17
2015-05-06 07:00:00,95,68,27
2015-05-06 08:00:00,135,99,36
2015-05-06 09:00:00,44,26,18
2015-05-06 10:00:00,22,17,5
2015-05-06 11:00:00,23,13,10
2015-05-06 12:00:00,28,17,11
2015-05-06 13:00:00,33,27,6
2015-05-06 14:00:00,30,19,11
2015-05-06 15:00:00,47,31,16
2015-05-06 16:00:00,105,70,35
2015-05-06 17:00:00,138,100,38
2015-05-06 18:00:00,63,36,27
2015-05-06 19:00:00,31,22,9
2015-05-06 20:00:00,22,13,9
2015-05-06 21:00:00,10,7,3
2015-05-06 22:00:00,10,6,4
2015-05-06 23:00:00,3,3,0
2015-05-07 00:00:00,1,1,0
2015-05-07 01:00:00,0,0,0
2015-05-07 02:00:00,0,0,0
2015-05-07 03:00:00,0,0,0
2015-05-07 04:00:00,0,0,0
2015-05-07 05:00:00,11,8,3
2015-05-07 06:00:00,62,25,37
2015-05-07 07:00:00,106,75,31
2015-05-07 08:00:00,162,115,47
2015-05-07 09:00:00,66,54,12
2015-05-07 10:00:00,32,20,12
2015-05-07 11:00:00,35,22,13
2015-05-07 12:00:00,25,16,9
2015-05-07 13:00:00,39,24,15
2015-05-07 14:00:00,42,24,18
2015-05-07 15:00:00,51,37,14
2015-05-07 16:00:00,117,93,24
2015-05-07 17:00:00,187,126,61
2015-05-07 18:00:00,101,69,32
2015-05-07 19:00:00,41,23,18
2015-05-07 20:00:00,40,13,27
2015-05-07 21:00:00,17,10,7
2015-05-07 22:00:00,12,5,7
2015-05-07 23:00:00,10,4,6
2015-05-08 00:00:00,7,3,4
2015-05-08 01:00:00,4,0,4
2015-05-08 02:00:00,0,0,0
2015-05-08 03:00:00,0,0,0
2015-05-08 04:00:00,1,1,0
2015-05-08 05:00:00,10,5,5
2015-05-08 06:00:00,46,23,23
2015-05-08 07:00:00,86,60,26
2015-05-08 08:00:00,155,112,43
2015-05-08 09:00:00,54,42,12
2015-05-08 10:00:00,28,17,11
2015-05-08 11:00:00,39,27,12
2015-05-08 12:00:00,49,27,22
2015-05-08 13:00:00,46,31,15
2015-05-08 14:00:00,32,25,7
2015-05-08 15:00:00,62,46,16
2015-05-08 16:00:00,109,77,32
2015-05-08 17:00:00,148,100,48
2015-05-08 18:00:00,55,45,10
2015-05-08 19:00:00,19,16,3
2015-05-08 20:00:00,13,7,6
2015-05-08 21:00:00,9,4,5
2015-05-08 22:00:00,8,7,1
2015-05-08 23:00:00,8,3,5
2015-05-09 00:00:00,4,2,2
2015-05-09 01:00:00,3,3,0
2015-05-09 02:00:00,3,1,2
2015-05-09 03:00:00,1,1,0
2015-05-09 04:00:00,0,0,0
2015-05-09 05:00:00,3,0,3
2015-05-09 06:00:00,5,3,2
2015-05-09 07:00:00,7,6,1
2015-05-09 08:00:00,22,19,3
2015-05-09 09:00:00,12,7,5
2015-05-09 10:00:00,14,8,6
2015-05-09 11:00:00,24,18,6
2015-05-09 12:00:00,21,14,7
2015-05-09 13:00:00,41,29,12
2015-05-09 14:00:00,26,19,7
2015-05-09 15:00:00,28,11,17
2015-05-09 16:00:00,29,21,8
2015-05-09 17:00:00,24,19,5
2015-05-09 18:00:00,22,13,9
2015-05-09 19:00:00,11,4,7
2015-05-09 20:00:00,12,10,2
2015-05-09 21:00:00,15,8,7
2015-05-09 22:00:00,7,4,3
2015-05-09 23:00:00,8,5,3
2015-05-10 00:00:00,2,0,2
2015-05-10 01:00:00,2,2,0
2015-05-10 02:00:00,2,0,2
2015-05-10 03:00:00,1,1,0
2015-05-10 04:00:00,0,0,0
2015-05-10 05:00:00,2,0,2
2015-05-10 06:00:00,3,2,1
2015-05-10 07:00:00,8,5,3
2015-05-10 08:00:00,3,1,2
2015-05-10 09:00:00,14,5,9
2015-05-10 10:00:00,20,13,7
2015-05-10 11:00:00,17,12,5
2015-05-10 12:00:00,18,14,4
2015-05-10 13:00:00,15,10,5
2015-05-10 14:00:00,18,15,3
2015-05-10 15:00:00,18,10,8
2015-05-10 16:00:00,35,18,17
2015-05-10 17:00:00,18,10,8
2015-05-10 18:00:00,11,5,6
2015-05-10 19:00:00,10,4,6
2015-05-10 20:00:00,9,4,5
2015-05-10 21:00:00,4,3,1
2015-05-10 22:00:00,7,5,2
2015-05-10 23:00:00,1,1,0
2015-05-11 00:00:00,1,1,0
2015-05-11 01:00:00,4,2,2
2015-05-11 02:00:00,1,0,1
2015-05-11 03:00:00,1,0,1
2015-05-11 04:00:00,0,0,0
2015-05-11 05:00:00,9,6,3
2015-05-11 06:00:00,43,26,17
2015-05-11 07:00:00,83,61,22
2015-05-11 08:00:00,128,89,39
2015-05-11 09:00:00,51,37,14
2015-05-11 10:00:00,19,11,8
2015-05-11 11:00:00,26,19,7
2015-05-11 12:00:00,22,11,11
2015-05-11 13:00:00,16,10,6
2015-05-11 14:00:00,23,17,6
2015-05-11 15:00:00,39,28,11
2015-05-11 16:00:00,102,86,16
2015-05-11 17:00:00,136,87,49
2015-05-11 18:00:00,53,35,18
2015-05-11 19:00:00,32,24,8
2015-05-11 20:00:00,17,8,9
2015-05-11 21:00:00,7,4,3
2015-05-11 22:00:00,4,2,2
2015-05-11 23:00:00,1,0,1
2015-05-12 00:00:00,3,2,1
2015-05-12 01:00:00,1,1,0
2015-05-12 02:00:00,0,0,0
2015-05-12 03:00:00,3,3,0
2015-05-12 04:00:00,1,1,0
2015-05-12 05:00:00,5,4,1
2015-05-12 06:00:00,38,18,20
2015-05-12 07:00:00,90,58,32
2015-05-12 08:00:00,117,80,37
2015-05-12 09:00:00,41,31,10
2015-05-12 10:00:00,18,15,3
2015-05-12 11:00:00,34,18,16
2015-05-12 12:00:00,24,12,12
2015-05-12 13:00:00,26,15,11
2015-05-12 14:00:00,30,22,8
2015-05-12 15:00:00,38,29,9
2015-05-12 16:00:00,93,64,29
2015-05-12 17:00:00,158,103,55
2015-05-12 18:00:00,70,45,25
2015-05-12 19:00:00,30,17,13
2015-05-12 20:00:00,14,9,5
2015-05-12 21:00:00,4,2,2
2015-05-12 22:00:00,4,3,1
2015-05-12 23:00:00,1,0,1
2015-05-13 00:00:00,2,2,0
2015-05-13 01:00:00,0,0,0
2015-05-13 02:00:00,0,0,0
2015-05-13 03:00:00,0,0,0
2015-05-13 04:00:00,1,1,0
2015-05-13 05:00:00,6,4,2
2015-05-13 06:00:00,37,17,20
2015-05-13 07:00:00,62,48,14
2015-05-13 08:00:00,94,63,31
2015-05-13 09:00:00,41,26,15
2015-05-13 10:00:00,25,21,4
2015-05-13 11:00:00,22,13,9
2015-05-13 12:00:00,23,11,12
2015-05-13 13:00:00,19,7,12
2015-05-13 14:00:00,25,19,6
2015-05-13 15:00:00,39,26,13
2015-05-13 16:00:00,54,39,15
2015-05-13 17:00:00,103,65,38
2015-05-13 18:00:00,43,25,18
2015-05-13 19:00:00,19,12,7
2015-05-13 20:00:00,12,7,5
2015-05-13 21:00:00,15,10,5
2015-05-13 22:00:00,11,6,5
2015-05-13 23:00:00,0,0,0
2015-05-14 00:00:00,2,1,1
2015-05-14 01:00:00,1,1,0
2015-05-14 02:00:00,0,0,0
2015-05-14 03:00:00,0,0,0
2015-05-14 04:00:00,2,1,1
2015-05-14 05:00:00,9,6,3
2015-05-14 06:00:00,40,17,23
2015-05-14 07:00:00,85,68,17
2015-05-14 08:00:00,100,67,33
2015-05-14 09:00:00,42,30,12
2015-05-14 10:00:00,25,16,9
2015-05-14 11:00:00,30,21,9
2015-05-14 12:00:00,25,15,10
2015-05-14 13:00:00,32,20,12
2015-05-14 14:00:00,32,21,11
2015-05-14 15:00:00,46,37,9
2015-05-14 16:00:00,103,83,20
2015-05-14 17:00:00,160,92,68
2015-05-14 18:00:00,80,55,25
2015-05-14 19:00:00,32,23,9
2015-05-14 20:00:00,18,9,9
2015-05-14 21:00:00,13,12,1
2015-05-14 22:00:00,28,4,24
2015-05-14 23:00:00,5,3,2
2015-05-15 00:00:00,1,0,1
2015-05-15 01:00:00,0,0,0
2015-05-15 02:00:00,0,0,0
2015-05-15 03:00:00,1,1,0
2015-05-15 04:00:00,2,2,0
2015-05-15 05:00:00,5,1,4
2015-05-15 06:00:00,42,18,24
2015-05-15 07:00:00,140,103,37
2015-05-15 08:00:00,258,176,82
2015-05-15 09:00:00,76,48,28
2015-05-15 10:00:00,34,22,12
2015-05-15 11:00:00,33,22,11
2015-05-15 12:00:00,36,23,13
2015-05-15 13:00:00,47,29,18
2015-05-15 14:00:00,63,44,19
2015-05-15 15:00:00,66,44,22
2015-05-15 16:00:00,136,86,50
2015-05-15 17:00:00,159,109,50
2015-05-15 18:00:00,81,71,10
2015-05-15 19:00:00,33,21,12
2015-05-15 20:00:00,21,12,9
2015-05-15 21:00:00,18,12,6
2015-05-15 22:00:00,7,5,2
2015-05-15 23:00:00,9,6,3
2015-05-16 00:00:00,6,4,2
2015-05-16 01:00:00,1,1,0
2015-05-16 02:00:00,3,1,2
2015-05-16 03:00:00,1,1,0
2015-05-16 04:00:00,0,0,0
2015-05-16 05:00:00,3,0,3
2015-05-16 06:00:00,4,3,1
2015-05-16 07:00:00,10,10,0
2015-05-16 08:00:00,15,12,3
2015-05-16 09:00:00,15,12,3
2015-05-16 10:00:00,7,5,2
2015-05-16 11:00:00,20,16,4
2015-05-16 12:00:00,26,13,13
2015-05-16 13:00:00,27,19,8
2015-05-16 14:00:00,20,10,10
2015-05-16 15:00:00,23,16,7
2015-05-16 16:00:00,18,10,8
2015-05-16 17:00:00,19,13,6
2015-05-16 18:00:00,23,18,5
2015-05-16 19:00:00,8,5,3
2015-05-16 20:00:00,13,9,4
2015-05-16 21:00:00,11,6,5
2015-05-16 22:00:00,9,6,3
2015-05-16 23:00:00,3,1,2
2015-05-17 00:00:00,3,0,3
2015-05-17 01:00:00,0,0,0
2015-05-17 02:00:00,2,0,2
2015-05-17 03:00:00,3,3,0
2015-05-17 04:00:00,0,0,0
2015-05-17 05:00:00,3,0,3
2015-05-17 06:00:00,6,3,3
2015-05-17 07:00:00,4,3,1
2015-05-17 08:00:00,9,7,2
2015-05-17 09:00:00,13,9,4
2015-05-17 10:00:00,25,19,6
2015-05-17 11:00:00,19,15,4
2015-05-17 12:00:00,35,27,8
2015-05-17 13:00:00,24,12,12
2015-05-17 14:00:00,23,12,11
2015-05-17 15:00:00,28,21,7
2015-05-17 16:00:00,27,14,13
2015-05-17 17:00:00,22,10,12
2015-05-17 18:00:00,12,3,9
2015-05-17 19:00:00,8,6,2
2015-05-17 20:00:00,8,5,3
2015-05-17 21:00:00,11,9,2
2015-05-17 22:00:00,3,2,1
2015-05-17 23:00:00,2,2,0
2015-05-18 00:00:00,2,0,2
2015-05-18 01:00:00,2,1,1
2015-05-18 02:00:00,1,1,0
2015-05-18 03:00:00,2,2,0
2015-05-18 04:00:00,0,0,0
2015-05-18 05:00:00,9,3,6
2015-05-18 06:00:00,59,35,24
2015-05-18 07:00:00,100,73,27
2015-05-18 08:00:00,118,71,47
2015-05-18 09:00:00,59,37,22
2015-05-18 10:00:00,32,25,7
2015-05-18 11:00:00,26,15,11
2015-05-18 12:00:00,29,15,14
2015-05-18 13:00:00,30,21,9
2015-05-18 14:00:00,30,17,13
2015-05-18 15:00:00,90,56,34
2015-05-18 16:00:00,102,77,25
2015-05-18 17:00:00,156,102,54
2015-05-18 18:00:00,80,53,27
2015-05-18 19:00:00,38,27,11
2015-05-18 20:00:00,16,7,9
2015-05-18 21:00:00,11,9,2
2015-05-18 22:00:00,10,8,2
2015-05-18 23:00:00,2,1,1
2015-05-19 00:00:00,3,1,2
2015-05-19 01:00:00,2,0,2
2015-05-19 02:00:00,0,0,0
2015-05-19 03:00:00,0,0,0
2015-05-19 04:00:00,2,1,1
2015-05-19 05:00:00,6,3,3
2015-05-19 06:00:00,55,29,26
2015-05-19 07:00:00,115,85,30
2015-05-19 08:00:00,143,100,43
2015-05-19 09:00:00,56,38,18
2015-05-19 10:00:00,36,20,16
2015-05-19 11:00:00,26,15,11
2015-05-19 12:00:00,37,27,10
2015-05-19 13:00:00,34,23,11
2015-05-19 14:00:00,26,17,9
2015-05-19 15:00:00,64,50,14
2015-05-19 16:00:00,117,76,41
2015-05-19 17:00:00,191,119,72
2015-05-19 18:00:00,75,41,34
2015-05-19 19:00:00,38,28,10
2015-05-19 20:00:00,15,14,1
2015-05-19 21:00:00,15,9,6
2015-05-19 22:00:00,6,4,2
2015-05-19 23:00:00,4,4,0
2015-05-20 00:00:00,4,4,0
2015-05-20 01:00:00,1,1,0
2015-05-20 02:00:00,2,2,0
2015-05-20 03:00:00,0,0,0
2015-05-20 04:00:00,1,1,0
2015-05-20 05:00:00,16,9,7
2015-05-20 06:00:00,54,28,26
2015-05-20 07:00:00,88,67,21
2015-05-20 08:00:00,126,89,37
2015-05-20 09:00:00,54,37,17
2015-05-20 10:00:00,25,22,3
2015-05-20 11:00:00,22,13,9
2015-05-20 12:00:00,36,22,14
2015-05-20 13:00:00,31,17,14
2015-05-20 14:00:00,22,16,6
2015-05-20 15:00:00,60,40,20
2015-05-20 16:00:00,109,72,37
2015-05-20 17:00:00,161,113,48
2015-05-20 18:00:00,66,41,25
2015-05-20 19:00:00,30,18,12
2015-05-20 20:00:00,26,17,9
2015-05-20 21:00:00,16,12,4
2015-05-20 22:00:00,10,6,4
2015-05-20 23:00:00,4,4,0
2015-05-21 00:00:00,1,0,1
2015-05-21 01:00:00,2,1,1
2015-05-21 02:00:00,1,1,0
2015-05-21 03:00:00,1,1,0
2015-05-21 04:00:00,0,0,0
2015-05-21 05:00:00,7,3,4
2015-05-21 06:00:00,46,22,24
2015-05-21 07:00:00,97,76,21
2015-05-21 08:00:00,115,77,38
2015-05-21 09:00:00,45,30,15
2015-05-21 10:00:00,27,17,10
2015-05-21 11:00:00,37,22,15
2015-05-21 12:00:00,29,21,8
2015-05-21 13:00:00,37,28,9
2015-05-21 14:00:00,36,27,9
2015-05-21 15:00:00,67,48,19
2015-05-21 16:00:00,102,74,28
2015-05-21 17:00:00,140,94,46
2015-05-21 18:00:00,88,64,24
2015-05-21 19:00:00,26,13,13
2015-05-21 20:00:00,19,14,5
2015-05-21 21:00:00,15,14,1
2015-05-21 22:00:00,10,8,2
2015-05-21 23:00:00,9,8,1
2015-05-22 00:00:00,1,0,1
2015-05-22 01:00:00,0,0,0
2015-05-22 02:00:00,0,0,0
2015-05-22 03:00:00,0,0,0
2015-05-22 04:00:00,0,0,0
2015-05-22 05:00:00,6,4,2
2015-05-22 06:00:00,43,22,21
2015-05-22 07:00:00,80,59,21
2015-05-22 08:00:00,103,64,39
2015-05-22 09:00:00,53,38,15
2015-05-22 10:00:00,19,15,4
2015-05-22 11:00:00,29,19,10
2015-05-22 12:00:00,46,27,19
2015-05-22 13:00:00,33,20,13
2015-05-22 14:00:00,44,27,17
2015-05-22 15:00:00,68,48,20
2015-05-22 16:00:00,82,58,24
2015-05-22 17:00:00,91,63,28
2015-05-22 18:00:00,43,25,18
2015-05-22 19:00:00,24,14,10
2015-05-22 20:00:00,17,13,4
2015-05-22 21:00:00,12,7,5
2015-05-22 22:00:00,8,7,1
2015-05-22 23:00:00,12,11,1
2015-05-23 00:00:00,4,4,0
2015-05-23 01:00:00,1,1,0
2015-05-23 02:00:00,0,0,0
2015-05-23 03:00:00,3,3,0
2015-05-23 04:00:00,1,1,0
2015-05-23 05:00:00,3,0,3
2015-05-23 06:00:00,3,3,0
2015-05-23 07:00:00,2,1,1
2015-05-23 08:00:00,12,10,2
2015-05-23 09:00:00,5,4,1
2015-05-23 10:00:00,10,8,2
2015-05-23 11:00:00,11,5,6
2015-05-23 12:00:00,11,7,4
2015-05-23 13:00:00,22,16,6
2015-05-23 14:00:00,29,17,12
2015-05-23 15:00:00,11,6,5
2015-05-23 16:00:00,16,12,4
2015-05-23 17:00:00,27,19,8
2015-05-23 18:00:00,25,24,1
2015-05-23 19:00:00,21,10,11
2015-05-23 20:00:00,6,5,1
2015-05-23 21:00:00,27,7,20
2015-05-23 22:00:00,8,2,6
2015-05-23 23:00:00,6,4,2
2015-05-24 00:00:00,3,2,1
2015-05-24 01:00:00,0,0,0
2015-05-24 02:00:00,2,1,1
2015-05-24 03:00:00,0,0,0
2015-05-24 04:00:00,2,2,0
2015-05-24 05:00:00,3,1,2
2015-05-24 06:00:00,4,2,2
2015-05-24 07:00:00,6,4,2
2015-05-24 08:00:00,3,1,2
2015-05-24 09:00:00,13,10,3
2015-05-24 10:00:00,6,3,3
2015-05-24 11:00:00,8,6,2
2015-05-24 12:00:00,19,13,6
2015-05-24 13:00:00,18,8,10
2015-05-24 14:00:00,21,12,9
2015-05-24 15:00:00,24,12,12
2015-05-24 16:00:00,13,3,10
2015-05-24 17:00:00,22,17,5
2015-05-24 18:00:00,17,14,3
2015-05-24 19:00:00,8,7,1
2015-05-24 20:00:00,9,8,1
2015-05-24 21:00:00,7,5,2
2015-05-24 22:00:00,7,5,2
2015-05-24 23:00:00,4,2,2
2015-05-25 00:00:00,2,1,1
2015-05-25 01:00:00,6,2,4
2015-05-25 02:00:00,3,3,0
2015-05-25 03:00:00,1,1,0
2015-05-25 04:00:00,2,2,0
2015-05-25 05:00:00,3,1,2
2015-05-25 06:00:00,4,2,2
2015-05-25 07:00:00,5,4,1
2015-05-25 08:00:00,11,9,2
2015-05-25 09:00:00,16,11,5
2015-05-25 10:00:00,11,8,3
2015-05-25 11:00:00,19,17,2
2015-05-25 12:00:00,13,11,2
2015-05-25 13:00:00,15,8,7
2015-05-25 14:00:00,23,11,12
2015-05-25 15:00:00,17,9,8
2015-05-25 16:00:00,23,16,7
2015-05-25 17:00:00,19,11,8
2015-05-25 18:00:00,16,9,7
2015-05-25 19:00:00,10,6,4
2015-05-25 20:00:00,9,6,3
2015-05-25 21:00:00,8,8,0
2015-05-25 22:00:00,6,5,1
2015-05-25 23:00:00,2,1,1
2015-05-26 00:00:00,4,4,0
2015-05-26 01:00:00,0,0,0
2015-05-26 02:00:00,1,1,0
2015-05-26 03:00:00,0,0,0
2015-05-26 04:00:00,0,0,0
2015-05-26 05:00:00,10,7,3
2015-05-26 06:00:00,43,20,23
2015-05-26 07:00:00,84,59,25
2015-05-26 08:00:00,131,89,42
2015-05-26 09:00:00,52,34,18
2015-05-26 10:00:00,29,17,12
2015-05-26 11:00:00,17,11,6
2015-05-26 12:00:00,29,13,16
2015-05-26 13:00:00,28,23,5
2015-05-26 14:00:00,42,19,23
2015-05-26 15:00:00,40,23,17
2015-05-26 16:00:00,112,80,32
2015-05-26 17:00:00,145,95,50
2015-05-26 18:00:00,58,35,23
2015-05-26 19:00:00,29,21,8
2015-05-26 20:00:00,15,13,2
2015-05-26 21:00:00,8,6,2
2015-05-26 22:00:00,5,4,1
2015-05-26 23:00:00,3,2,1
2015-05-27 00:00:00,4,3,1
2015-05-27 01:00:00,3,3,0
2015-05-27 02:00:00,0,0,0
2015-05-27 03:00:00,1,1,0
2015-05-27 04:00:00,2,2,0
2015-05-27 05:00:00,14,11,3
2015-05-27 06:00:00,54,36,18
2015-05-27 07:00:00,96,68,28
2015-05-27 08:00:00,127,84,43
2015-05-27 09:00:00,51,38,13
2015-05-27 10:00:00,30,19,11
2015-05-27 11:00:00,37,24,13
2015-05-27 12:00:00,38,18,20
2015-05-27 13:00:00,23,12,11
2015-05-27 14:00:00,36,24,12
2015-05-27 15:00:00,60,43,17
2015-05-27 16:00:00,98,70,28
2015-05-27 17:00:00,229,173,56
2015-05-27 18:00:00,118,100,18
2015-05-27 19:00:00,36,23,13
2015-05-27 20:00:00,11,7,4
2015-05-27 21:00:00,44,7,37
2015-05-27 22:00:00,12,6,6
2015-05-27 23:00:00,5,3,2
2015-05-28 00:00:00,2,2,0
2015-05-28 01:00:00,1,1,0
2015-05-28 02:00:00,2,2,0
2015-05-28 03:00:00,0,0,0
2015-05-28 04:00:00,1,1,0
2015-05-28 05:00:00,16,12,4
2015-05-28 06:00:00,39,24,15
2015-05-28 07:00:00,99,67,32
2015-05-28 08:00:00,135,84,51
2015-05-28 09:00:00,61,38,23
2015-05-28 10:00:00,40,26,14
2015-05-28 11:00:00,35,26,9
2015-05-28 12:00:00,43,22,21
2015-05-28 13:00:00,39,25,14
2015-05-28 14:00:00,44,30,14
2015-05-28 15:00:00,56,38,18
2015-05-28 16:00:00,149,113,36
2015-05-28 17:00:00,169,104,65
2015-05-28 18:00:00,88,59,29
2015-05-28 19:00:00,23,14,9
2015-05-28 20:00:00,16,8,8
2015-05-28 21:00:00,15,12,3
2015-05-28 22:00:00,20,10,10
2015-05-28 23:00:00,5,3,2
2015-05-29 00:00:00,4,2,2
2015-05-29 01:00:00,0,0,0
2015-05-29 02:00:00,0,0,0
2015-05-29 03:00:00,2,2,0
2015-05-29 04:00:00,0,0,0
2015-05-29 05:00:00,16,8,8
2015-05-29 06:00:00,57,35,22
2015-05-29 07:00:00,89,67,22
2015-05-29 08:00:00,144,104,40
2015-05-29 09:00:00,64,43,21
2015-05-29 10:00:00,27,21,6
2015-05-29 11:00:00,35,16,19
2015-05-29 12:00:00,33,21,12
2015-05-29 13:00:00,54,32,22
2015-05-29 14:00:00,39,28,11
2015-05-29 15:00:00,67,48,19
2015-05-29 16:00:00,133,89,44
2015-05-29 17:00:00,150,101,49
2015-05-29 18:00:00,66,43,23
2015-05-29 19:00:00,31,17,14
2015-05-29 20:00:00,17,13,4
2015-05-29 21:00:00,11,8,3
2015-05-29 22:00:00,11,5,6
2015-05-29 23:00:00,4,1,3
2015-05-30 00:00:00,7,5,2
2015-05-30 01:00:00,5,4,1
2015-05-30 02:00:00,0,0,0
2015-05-30 03:00:00,1,0,1
2015-05-30 04:00:00,0,0,0
2015-05-30 05:00:00,6,5,1
2015-05-30 06:00:00,6,4,2
2015-05-30 07:00:00,7,7,0
2015-05-30 08:00:00,13,9,4
2015-05-30 09:00:00,16,12,4
2015-05-30 10:00:00,18,14,4
2015-05-30 11:00:00,28,20,8
2015-05-30 12:00:00,17,15,2
2015-05-30 13:00:00,31,24,7
2015-05-30 14:00:00,31,20,11
2015-05-30 15:00:00,33,22,11
2015-05-30 16:00:00,43,26,17
2015-05-30 17:00:00,28,19,9
2015-05-30 18:00:00,22,15,7
2015-05-30 19:00:00,18,11,7
2015-05-30 20:00:00,16,12,4
2015-05-30 21:00:00,4,3,1
2015-05-30 22:00:00,19,6,13
2015-05-30 23:00:00,9,3,6
2015-05-31 00:00:00,6,5,1
2015-05-31 01:00:00,4,4,0
2015-05-31 02:00:00,0,0,0
2015-05-31 03:00:00,4,4,0
2015-05-31 04:00:00,0,0,0
2015-05-31 05:00:00,5,2,3
2015-05-31 06:00:00,4,4,0
2015-05-31 07:00:00,6,5,1
2015-05-31 08:00:00,5,4,1
2015-05-31 09:00:00,11,8,3
2015-05-31 10:00:00,12,9,3
2015-05-31 11:00:00,30,26,4
2015-05-31 12:00:00,55,53,2
2015-05-31 13:00:00,69,61,8
2015-05-31 14:00:00,20,11,9
2015-05-31 15:00:00,20,11,9
2015-05-31 16:00:00,58,11,47
2015-05-31 17:00:00,19,10,9
2015-05-31 18:00:00,13,6,7
2015-05-31 19:00:00,17,13,4
2015-05-31 20:00:00,7,5,2
2015-05-31 21:00:00,4,3,1
2015-05-31 22:00:00,5,2,3
2015-05-31 23:00:00,7,6,1
2015-06-01 00:00:00,3,2,1
2015-06-01 01:00:00,1,1,0
2015-06-01 02:00:00,0,0,0
2015-06-01 03:00:00,0,0,0
2015-06-01 04:00:00,0,0,0
2015-06-01 05:00:00,14,5,9
2015-06-01 06:00:00,38,24,14
2015-06-01 07:00:00,57,37,20
2015-06-01 08:00:00,82,57,25
2015-06-01 09:00:00,34,18,16
2015-06-01 10:00:00,14,11,3
2015-06-01 11:00:00,14,8,6
2015-06-01 12:00:00,20,10,10
2015-06-01 13:00:00,17,8,9
2015-06-01 14:00:00,31,15,16
2015-06-01 15:00:00,41,25,16
2015-06-01 16:00:00,76,52,24
2015-06-01 17:00:00,121,79,42
2015-06-01 18:00:00,51,40,11
2015-06-01 19:00:00,22,13,9
2015-06-01 20:00:00,9,4,5
2015-06-01 21:00:00,11,8,3
2015-06-01 22:00:00,12,7,5
2015-06-01 23:00:00,0,0,0
2015-06-02 00:00:00,2,1,1
2015-06-02 01:00:00,1,1,0
2015-06-02 02:00:00,1,1,0
2015-06-02 03:00:00,0,0,0
2015-06-02 04:00:00,3,1,2
2015-06-02 05:00:00,11,6,5
2015-06-02 06:00:00,37,19,18
2015-06-02 07:00:00,60,42,18
2015-06-02 08:00:00,108,80,28
2015-06-02 09:00:00,48,35,13
2015-06-02 10:00:00,18,12,6
2015-06-02 11:00:00,14,5,9
2015-06-02 12:00:00,17,12,5
2015-06-02 13:00:00,17,11,6
2015-06-02 14:00:00,29,17,12
2015-06-02 15:00:00,49,36,13
2015-06-02 16:00:00,76,63,13
2015-06-02 17:00:00,131,88,43
2015-06-02 18:00:00,72,47,25
2015-06-02 19:00:00,21,13,8
2015-06-02 20:00:00,14,6,8
2015-06-02 21:00:00,12,7,5
2015-06-02 22:00:00,9,5,4
2015-06-02 23:00:00,5,1,4
2015-06-03 00:00:00,4,4,0
2015-06-03 01:00:00,2,1,1
2015-06-03 02:00:00,1,1,0
2015-06-03 03:00:00,0,0,0
2015-06-03 04:00:00,2,1,1
2015-06-03 05:00:00,7,4,3
2015-06-03 06:00:00,45,25,20
2015-06-03 07:00:00,60,43,17
2015-06-03 08:00:00,104,72,32
2015-06-03 09:00:00,48,30,18
2015-06-03 10:00:00,45,31,14
2015-06-03 11:00:00,32,20,12
2015-06-03 12:00:00,34,27,7
2015-06-03 13:00:00,31,21,10
2015-06-03 14:00:00,25,15,10
2015-06-03 15:00:00,55,40,15
2015-06-03 16:00:00,98,72,26
2015-06-03 17:00:00,143,94,49
2015-06-03 18:00:00,71,46,25
2015-06-03 19:00:00,31,24,7
2015-06-03 20:00:00,25,16,9
2015-06-03 21:00:00,13,10,3
2015-06-03 22:00:00,12,9,3
2015-06-03 23:00:00,3,1,2
2015-06-04 00:00:00,2,2,0
2015-06-04 01:00:00,0,0,0
2015-06-04 02:00:00,0,0,0
2015-06-04 03:00:00,0,0,0
2015-06-04 04:00:00,0,0,0
2015-06-04 05:00:00,15,9,6
2015-06-04 06:00:00,37,22,15
2015-06-04 07:00:00,94,68,26
2015-06-04 08:00:00,116,74,42
2015-06-04 09:00:00,49,30,19
2015-06-04 10:00:00,33,20,13
2015-06-04 11:00:00,32,17,15
2015-06-04 12:00:00,19,10,9
2015-06-04 13:00:00,32,22,10
2015-06-04 14:00:00,26,19,7
2015-06-04 15:00:00,70,53,17
2015-06-04 16:00:00,96,75,21
2015-06-04 17:00:00,166,117,49
2015-06-04 18:00:00,97,69,28
2015-06-04 19:00:00,40,23,17
2015-06-04 20:00:00,42,22,20
2015-06-04 21:00:00,16,9,7
2015-06-04 22:00:00,25,8,17
2015-06-04 23:00:00,9,4,5
2015-06-05 00:00:00,3,3,0
2015-06-05 01:00:00,2,2,0
2015-06-05 02:00:00,1,0,1
2015-06-05 03:00:00,1,1,0
2015-06-05 04:00:00,0,0,0
2015-06-05 05:00:00,11,6,5
2015-06-05 06:00:00,47,28,19
2015-06-05 07:00:00,68,47,21
2015-06-05 08:00:00,128,89,39
2015-06-05 09:00:00,55,40,15
2015-06-05 10:00:00,30,18,12
2015-06-05 11:00:00,41,21,20
2015-06-05 12:00:00,35,20,15
2015-06-05 13:00:00,51,35,16
2015-06-05 14:00:00,62,41,21
2015-06-05 15:00:00,81,52,29
2015-06-05 16:00:00,94,65,29
2015-06-05 17:00:00,135,91,44
2015-06-05 18:00:00,60,48,12
2015-06-05 19:00:00,27,22,5
2015-06-05 20:00:00,8,6,2
2015-06-05 21:00:00,10,2,8
2015-06-05 22:00:00,15,5,10
2015-06-05 23:00:00,9,7,2
2015-06-06 00:00:00,3,3,0
2015-06-06 01:00:00,3,1,2
2015-06-06 02:00:00,1,1,0
2015-06-06 03:00:00,1,1,0
2015-06-06 04:00:00,1,1,0
2015-06-06 05:00:00,2,0,2
2015-06-06 06:00:00,4,2,2
2015-06-06 07:00:00,3,2,1
2015-06-06 08:00:00,3,2,1
2015-06-06 09:00:00,10,8,2
2015-06-06 10:00:00,18,13,5
2015-06-06 11:00:00,22,12,10
2015-06-06 12:00:00,19,13,6
2015-06-06 13:00:00,38,28,10
2015-06-06 14:00:00,42,31,11
2015-06-06 15:00:00,34,25,9
2015-06-06 16:00:00,23,16,7
2015-06-06 17:00:00,26,21,5
2015-06-06 18:00:00,30,16,14
2015-06-06 19:00:00,10,6,4
2015-06-06 20:00:00,5,0,5
2015-06-06 21:00:00,11,10,1
2015-06-06 22:00:00,12,9,3
2015-06-06 23:00:00,10,6,4
2015-06-07 00:00:00,1,1,0
2015-06-07 01:00:00,4,1,3
2015-06-07 02:00:00,4,4,0
2015-06-07 03:00:00,1,1,0
2015-06-07 04:00:00,0,0,0
2015-06-07 05:00:00,2,0,2
2015-06-07 06:00:00,7,6,1
2015-06-07 07:00:00,11,5,6
2015-06-07 08:00:00,5,5,0
2015-06-07 09:00:00,20,12,8
2015-06-07 10:00:00,25,19,6
2015-06-07 11:00:00,19,14,5
2015-06-07 12:00:00,28,21,7
2015-06-07 13:00:00,8,6,2
2015-06-07 14:00:00,24,12,12
2015-06-07 15:00:00,23,13,10
2015-06-07 16:00:00,26,19,7
2015-06-07 17:00:00,22,10,12
2015-06-07 18:00:00,9,6,3
2015-06-07 19:00:00,18,10,8
2015-06-07 20:00:00,7,5,2
2015-06-07 21:00:00,9,5,4
2015-06-07 22:00:00,2,1,1
2015-06-07 23:00:00,0,0,0
2015-06-08 00:00:00,2,2,0
2015-06-08 01:00:00,0,0,0
2015-06-08 02:00:00,1,0,1
2015-06-08 03:00:00,1,1,0
2015-06-08 04:00:00,7,1,6
2015-06-08 05:00:00,14,8,6
2015-06-08 06:00:00,43,21,22
2015-06-08 07:00:00,80,59,21
2015-06-08 08:00:00,135,102,33
2015-06-08 09:00:00,61,42,19
2015-06-08 10:00:00,28,21,7
2015-06-08 11:00:00,24,16,8
2015-06-08 12:00:00,27,17,10
2015-06-08 13:00:00,35,20,15
2015-06-08 14:00:00,23,12,11
2015-06-08 15:00:00,68,53,15
2015-06-08 16:00:00,98,72,26
2015-06-08 17:00:00,158,100,58
2015-06-08 18:00:00,49,31,18
2015-06-08 19:00:00,26,18,8
2015-06-08 20:00:00,23,15,8
2015-06-08 21:00:00,13,8,5
2015-06-08 22:00:00,3,3,0
2015-06-08 23:00:00,3,2,1
2015-06-09 00:00:00,4,3,1
2015-06-09 01:00:00,2,2,0
2015-06-09 02:00:00,1,1,0
2015-06-09 03:00:00,0,0,0
2015-06-09 04:00:00,1,0,1
2015-06-09 05:00:00,16,11,5
2015-06-09 06:00:00,52,22,30
2015-06-09 07:00:00,104,76,28
2015-06-09 08:00:00,131,96,35
2015-06-09 09:00:00,62,40,22
2015-06-09 10:00:00,29,23,6
2015-06-09 11:00:00,26,18,8
2015-06-09 12:00:00,32,14,18
2015-06-09 13:00:00,26,15,11
2015-06-09 14:00:00,40,31,9
2015-06-09 15:00:00,64,53,11
2015-06-09 16:00:00,105,72,33
2015-06-09 17:00:00,169,106,63
2015-06-09 18:00:00,56,30,26
2015-06-09 19:00:00,28,19,9
2015-06-09 20:00:00,16,11,5
2015-06-09 21:00:00,10,7,3
2015-06-09 22:00:00,4,2,2
2015-06-09 23:00:00,2,0,2
2015-06-10 00:00:00,4,4,0
2015-06-10 01:00:00,1,0,1
2015-06-10 02:00:00,1,1,0
2015-06-10 03:00:00,0,0,0
2015-06-10 04:00:00,3,2,1
2015-06-10 05:00:00,17,8,9
2015-06-10 06:00:00,41,24,17
2015-06-10 07:00:00,94,69,25
2015-06-10 08:00:00,135,94,41
2015-06-10 09:00:00,47,40,7
2015-06-10 10:00:00,24,12,12
2015-06-10 11:00:00,31,22,9
2015-06-10 12:00:00,22,13,9
2015-06-10 13:00:00,40,30,10
2015-06-10 14:00:00,49,31,18
2015-06-10 15:00:00,58,42,16
2015-06-10 16:00:00,126,99,27
2015-06-10 17:00:00,154,99,55
2015-06-10 18:00:00,75,53,22
2015-06-10 19:00:00,23,16,7
2015-06-10 20:00:00,17,17,0
2015-06-10 21:00:00,15,8,7
2015-06-10 22:00:00,7,6,1
2015-06-10 23:00:00,4,2,2
2015-06-11 00:00:00,4,3,1
2015-06-11 01:00:00,0,0,0
2015-06-11 02:00:00,1,1,0
2015-06-11 03:00:00,0,0,0
2015-06-11 04:00:00,1,1,0
2015-06-11 05:00:00,15,9,6
2015-06-11 06:00:00,42,25,17
2015-06-11 07:00:00,77,57,20
2015-06-11 08:00:00,114,73,41
2015-06-11 09:00:00,54,37,17
2015-06-11 10:00:00,32,25,7
2015-06-11 11:00:00,29,16,13
2015-06-11 12:00:00,42,29,13
2015-06-11 13:00:00,38,26,12
2015-06-11 14:00:00,28,21,7
2015-06-11 15:00:00,57,46,11
2015-06-11 16:00:00,101,70,31
2015-06-11 17:00:00,171,110,61
2015-06-11 18:00:00,65,40,25
2015-06-11 19:00:00,28,18,10
2015-06-11 20:00:00,12,7,5
2015-06-11 21:00:00,12,12,0
2015-06-11 22:00:00,12,9,3
2015-06-11 23:00:00,0,0,0
2015-06-12 00:00:00,0,0,0
2015-06-12 01:00:00,0,0,0
2015-06-12 02:00:00,0,0,0
2015-06-12 03:00:00,0,0,0
2015-06-12 04:00:00,0,0,0
2015-06-12 05:00:00,0,0,0
2015-06-12 06:00:00,0,0,0
2015-06-12 07:00:00,0,0,0
2015-06-12 08:00:00,0,0,0
2015-06-12 09:00:00,0,0,0
2015-06-12 10:00:00,0,0,0
2015-06-12 11:00:00,0,0,0
2015-06-12 12:00:00,0,0,0
2015-06-12 13:00:00,0,0,0
2015-06-12 14:00:00,0,0,0
2015-06-12 15:00:00,0,0,0
2015-06-12 16:00:00,0,0,0
2015-06-12 17:00:00,0,0,0
2015-06-12 18:00:00,0,0,0
2015-06-12 19:00:00,0,0,0
2015-06-12 20:00:00,0,0,0
2015-06-12 21:00:00,0,0,0
2015-06-12 22:00:00,0,0,0
2015-06-12 23:00:00,0,0,0
2015-06-13 00:00:00,0,0,0
2015-06-13 01:00:00,0,0,0
2015-06-13 02:00:00,0,0,0
2015-06-13 03:00:00,0,0,0
2015-06-13 04:00:00,0,0,0
2015-06-13 05:00:00,0,0,0
2015-06-13 06:00:00,0,0,0
2015-06-13 07:00:00,0,0,0
2015-06-13 08:00:00,0,0,0
2015-06-13 09:00:00,0,0,0
2015-06-13 10:00:00,0,0,0
2015-06-13 11:00:00,0,0,0
2015-06-13 12:00:00,0,0,0
2015-06-13 13:00:00,0,0,0
2015-06-13 14:00:00,0,0,0
2015-06-13 15:00:00,0,0,0
2015-06-13 16:00:00,0,0,0
2015-06-13 17:00:00,0,0,0
2015-06-13 18:00:00,0,0,0
2015-06-13 19:00:00,0,0,0
2015-06-13 20:00:00,0,0,0
2015-06-13 21:00:00,0,0,0
2015-06-13 22:00:00,0,0,0
2015-06-13 23:00:00,0,0,0
2015-06-14 00:00:00,0,0,0
2015-06-14 01:00:00,0,0,0
2015-06-14 02:00:00,0,0,0
2015-06-14 03:00:00,0,0,0
2015-06-14 04:00:00,0,0,0
2015-06-14 05:00:00,0,0,0
2015-06-14 06:00:00,0,0,0
2015-06-14 07:00:00,0,0,0
2015-06-14 08:00:00,0,0,0
2015-06-14 09:00:00,0,0,0
2015-06-14 10:00:00,0,0,0
2015-06-14 11:00:00,0,0,0
2015-06-14 12:00:00,0,0,0
2015-06-14 13:00:00,0,0,0
2015-06-14 14:00:00,0,0,0
2015-06-14 15:00:00,0,0,0
2015-06-14 16:00:00,0,0,0
2015-06-14 17:00:00,0,0,0
2015-06-14 18:00:00,0,0,0
2015-06-14 19:00:00,0,0,0
2015-06-14 20:00:00,0,0,0
2015-06-14 21:00:00,0,0,0
2015-06-14 22:00:00,0,0,0
2015-06-14 23:00:00,0,0,0
2015-06-15 00:00:00,0,0,0
2015-06-15 01:00:00,0,0,0
2015-06-15 02:00:00,0,0,0
2015-06-15 03:00:00,0,0,0
2015-06-15 04:00:00,0,0,0
2015-06-15 05:00:00,0,0,0
2015-06-15 06:00:00,0,0,0
2015-06-15 07:00:00,0,0,0
2015-06-15 08:00:00,0,0,0
2015-06-15 09:00:00,0,0,0
2015-06-15 10:00:00,0,0,0
2015-06-15 11:00:00,0,0,0
2015-06-15 12:00:00,0,0,0
2015-06-15 13:00:00,0,0,0
2015-06-15 14:00:00,0,0,0
2015-06-15 15:00:00,0,0,0
2015-06-15 16:00:00,0,0,0
2015-06-15 17:00:00,0,0,0
2015-06-15 18:00:00,0,0,0
2015-06-15 19:00:00,0,0,0
2015-06-15 20:00:00,0,0,0
2015-06-15 21:00:00,0,0,0
2015-06-15 22:00:00,0,0,0
2015-06-15 23:00:00,0,0,0
2015-06-16 00:00:00,0,0,0
2015-06-16 01:00:00,0,0,0
2015-06-16 02:00:00,0,0,0
2015-06-16 03:00:00,0,0,0
2015-06-16 04:00:00,0,0,0
2015-06-16 05:00:00,0,0,0
2015-06-16 06:00:00,0,0,0
2015-06-16 07:00:00,0,0,0
2015-06-16 08:00:00,0,0,0
2015-06-16 09:00:00,0,0,0
2015-06-16 10:00:00,0,0,0
2015-06-16 11:00:00,0,0,0
2015-06-16 12:00:00,0,0,0
2015-06-16 13:00:00,0,0,0
2015-06-16 14:00:00,0,0,0
2015-06-16 15:00:00,0,0,0
2015-06-16 16:00:00,0,0,0
2015-06-16 17:00:00,0,0,0
2015-06-16 18:00:00,0,0,0
2015-06-16 19:00:00,0,0,0
2015-06-16 20:00:00,0,0,0
2015-06-16 21:00:00,0,0,0
2015-06-16 22:00:00,0,0,0
2015-06-16 23:00:00,0,0,0
2015-06-17 00:00:00,0,0,0
2015-06-17 01:00:00,0,0,0
2015-06-17 02:00:00,0,0,0
2015-06-17 03:00:00,0,0,0
2015-06-17 04:00:00,0,0,0
2015-06-17 05:00:00,0,0,0
2015-06-17 06:00:00,0,0,0
2015-06-17 07:00:00,0,0,0
2015-06-17 08:00:00,0,0,0
2015-06-17 09:00:00,0,0,0
2015-06-17 10:00:00,0,0,0
2015-06-17 11:00:00,0,0,0
2015-06-17 12:00:00,0,0,0
2015-06-17 13:00:00,0,0,0
2015-06-17 14:00:00,0,0,0
2015-06-17 15:00:00,0,0,0
2015-06-17 16:00:00,0,0,0
2015-06-17 17:00:00,0,0,0
2015-06-17 18:00:00,0,0,0
2015-06-17 19:00:00,0,0,0
2015-06-17 20:00:00,0,0,0
2015-06-17 21:00:00,0,0,0
2015-06-17 22:00:00,0,0,0
2015-06-17 23:00:00,0,0,0
2015-06-18 00:00:00,0,0,0
2015-06-18 01:00:00,0,0,0
2015-06-18 02:00:00,0,0,0
2015-06-18 03:00:00,0,0,0
2015-06-18 04:00:00,0,0,0
2015-06-18 05:00:00,0,0,0
2015-06-18 06:00:00,0,0,0
2015-06-18 07:00:00,0,0,0
2015-06-18 08:00:00,0,0,0
2015-06-18 09:00:00,0,0,0
2015-06-18 10:00:00,0,0,0
2015-06-18 11:00:00,21,18,3
2015-06-18 12:00:00,19,11,8
2015-06-18 13:00:00,35,21,14
2015-06-18 14:00:00,27,14,13
2015-06-18 15:00:00,63,47,16
2015-06-18 16:00:00,112,84,28
2015-06-18 17:00:00,159,103,56
2015-06-18 18:00:00,74,51,23
2015-06-18 19:00:00,27,20,7
2015-06-18 20:00:00,15,10,5
2015-06-18 21:00:00,12,8,4
2015-06-18 22:00:00,20,7,13
2015-06-18 23:00:00,15,7,8
2015-06-19 00:00:00,4,4,0
2015-06-19 01:00:00,3,2,1
2015-06-19 02:00:00,1,0,1
2015-06-19 03:00:00,1,1,0
2015-06-19 04:00:00,0,0,0
2015-06-19 05:00:00,9,5,4
2015-06-19 06:00:00,30,14,16
2015-06-19 07:00:00,57,39,18
2015-06-19 08:00:00,99,74,25
2015-06-19 09:00:00,54,37,17
2015-06-19 10:00:00,32,28,4
2015-06-19 11:00:00,27,15,12
2015-06-19 12:00:00,31,18,13
2015-06-19 13:00:00,45,34,11
2015-06-19 14:00:00,37,20,17
2015-06-19 15:00:00,56,41,15
2015-06-19 16:00:00,93,61,32
2015-06-19 17:00:00,101,69,32
2015-06-19 18:00:00,65,42,23
2015-06-19 19:00:00,27,19,8
2015-06-19 20:00:00,18,10,8
2015-06-19 21:00:00,10,7,3
2015-06-19 22:00:00,17,8,9
2015-06-19 23:00:00,14,11,3
2015-06-20 00:00:00,5,3,2
2015-06-20 01:00:00,1,1,0
2015-06-20 02:00:00,1,1,0
2015-06-20 03:00:00,1,1,0
2015-06-20 04:00:00,1,0,1
2015-06-20 05:00:00,1,1,0
2015-06-20 06:00:00,2,1,1
2015-06-20 07:00:00,9,4,5
2015-06-20 08:00:00,14,8,6
2015-06-20 09:00:00,15,15,0
2015-06-20 10:00:00,18,9,9
2015-06-20 11:00:00,51,43,8
2015-06-20 12:00:00,63,50,13
2015-06-20 13:00:00,35,11,24
2015-06-20 14:00:00,28,17,11
2015-06-20 15:00:00,75,29,46
2015-06-20 16:00:00,28,19,9
2015-06-20 17:00:00,15,11,4
2015-06-20 18:00:00,30,24,6
2015-06-20 19:00:00,20,14,6
2015-06-20 20:00:00,21,7,14
2015-06-20 21:00:00,13,9,4
2015-06-20 22:00:00,10,4,6
2015-06-20 23:00:00,10,8,2
2015-06-21 00:00:00,7,4,3
2015-06-21 01:00:00,1,1,0
2015-06-21 02:00:00,0,0,0
2015-06-21 03:00:00,0,0,0
2015-06-21 04:00:00,0,0,0
2015-06-21 05:00:00,3,1,2
2015-06-21 06:00:00,4,3,1
2015-06-21 07:00:00,4,4,0
2015-06-21 08:00:00,8,5,3
2015-06-21 09:00:00,10,8,2
2015-06-21 10:00:00,22,16,6
2015-06-21 11:00:00,19,15,4
2015-06-21 12:00:00,30,22,8
2015-06-21 13:00:00,21,13,8
2015-06-21 14:00:00,18,11,7
2015-06-21 15:00:00,19,10,9
2015-06-21 16:00:00,14,4,10
2015-06-21 17:00:00,26,18,8
2015-06-21 18:00:00,13,9,4
2015-06-21 19:00:00,9,6,3
2015-06-21 20:00:00,11,6,5
2015-06-21 21:00:00,4,1,3
2015-06-21 22:00:00,3,3,0
2015-06-21 23:00:00,2,2,0
2015-06-22 00:00:00,0,0,0
2015-06-22 01:00:00,0,0,0
2015-06-22 02:00:00,2,0,2
2015-06-22 03:00:00,1,1,0
2015-06-22 04:00:00,0,0,0
2015-06-22 05:00:00,8,4,4
2015-06-22 06:00:00,38,24,14
2015-06-22 07:00:00,80,56,24
2015-06-22 08:00:00,117,87,30
2015-06-22 09:00:00,42,28,14
2015-06-22 10:00:00,25,18,7
2015-06-22 11:00:00,30,19,11
2015-06-22 12:00:00,29,19,10
2015-06-22 13:00:00,34,24,10
2015-06-22 14:00:00,33,19,14
2015-06-22 15:00:00,57,38,19
2015-06-22 16:00:00,101,64,37
2015-06-22 17:00:00,156,95,61
2015-06-22 18:00:00,63,43,20
2015-06-22 19:00:00,26,18,8
2015-06-22 20:00:00,23,20,3
2015-06-22 21:00:00,10,5,5
2015-06-22 22:00:00,9,7,2
2015-06-22 23:00:00,3,2,1
2015-06-23 00:00:00,6,5,1
2015-06-23 01:00:00,0,0,0
2015-06-23 02:00:00,2,2,0
2015-06-23 03:00:00,0,0,0
2015-06-23 04:00:00,1,1,0
2015-06-23 05:00:00,13,9,4
2015-06-23 06:00:00,60,36,24
2015-06-23 07:00:00,88,63,25
2015-06-23 08:00:00,144,87,57
2015-06-23 09:00:00,69,54,15
2015-06-23 10:00:00,29,22,7
2015-06-23 11:00:00,37,24,13
2015-06-23 12:00:00,25,17,8
2015-06-23 13:00:00,29,21,8
2015-06-23 14:00:00,33,21,12
2015-06-23 15:00:00,70,50,20
2015-06-23 16:00:00,120,85,35
2015-06-23 17:00:00,183,127,56
2015-06-23 18:00:00,80,54,26
2015-06-23 19:00:00,28,18,10
2015-06-23 20:00:00,12,8,4
2015-06-23 21:00:00,5,2,3
2015-06-23 22:00:00,9,5,4
2015-06-23 23:00:00,2,2,0
2015-06-24 00:00:00,1,1,0
2015-06-24 01:00:00,2,0,2
2015-06-24 02:00:00,1,1,0
2015-06-24 03:00:00,0,0,0
2015-06-24 04:00:00,4,2,2
2015-06-24 05:00:00,9,4,5
2015-06-24 06:00:00,55,36,19
2015-06-24 07:00:00,91,61,30
2015-06-24 08:00:00,154,114,40
2015-06-24 09:00:00,38,27,11
2015-06-24 10:00:00,40,27,13
2015-06-24 11:00:00,33,25,8
2015-06-24 12:00:00,36,18,18
2015-06-24 13:00:00,26,13,13
2015-06-24 14:00:00,34,24,10
2015-06-24 15:00:00,56,43,13
2015-06-24 16:00:00,106,79,27
2015-06-24 17:00:00,135,92,43
2015-06-24 18:00:00,78,42,36
2015-06-24 19:00:00,33,23,10
2015-06-24 20:00:00,17,6,11
2015-06-24 21:00:00,17,10,7
2015-06-24 22:00:00,13,6,7
2015-06-24 23:00:00,9,3,6
2015-06-25 00:00:00,2,1,1
2015-06-25 01:00:00,1,1,0
2015-06-25 02:00:00,1,1,0
2015-06-25 03:00:00,1,1,0
2015-06-25 04:00:00,1,1,0
2015-06-25 05:00:00,18,11,7
2015-06-25 06:00:00,31,16,15
2015-06-25 07:00:00,94,61,33
2015-06-25 08:00:00,125,87,38
2015-06-25 09:00:00,50,34,16
2015-06-25 10:00:00,21,14,7
2015-06-25 11:00:00,40,24,16
2015-06-25 12:00:00,30,18,12
2015-06-25 13:00:00,30,16,14
2015-06-25 14:00:00,32,17,15
2015-06-25 15:00:00,66,51,15
2015-06-25 16:00:00,101,67,34
2015-06-25 17:00:00,153,103,50
2015-06-25 18:00:00,67,38,29
2015-06-25 19:00:00,37,28,9
2015-06-25 20:00:00,21,16,5
2015-06-25 21:00:00,4,4,0
2015-06-25 22:00:00,17,9,8
2015-06-25 23:00:00,4,2,2
2015-06-26 00:00:00,2,1,1
2015-06-26 01:00:00,2,2,0
2015-06-26 02:00:00,0,0,0
2015-06-26 03:00:00,2,2,0
2015-06-26 04:00:00,0,0,0
2015-06-26 05:00:00,11,5,6
2015-06-26 06:00:00,36,20,16
2015-06-26 07:00:00,66,43,23
2015-06-26 08:00:00,112,74,38
2015-06-26 09:00:00,45,29,16
2015-06-26 10:00:00,33,23,10
2015-06-26 11:00:00,40,15,25
2015-06-26 12:00:00,40,28,12
2015-06-26 13:00:00,24,18,6
2015-06-26 14:00:00,32,23,9
2015-06-26 15:00:00,67,48,19
2015-06-26 16:00:00,115,78,37
2015-06-26 17:00:00,106,66,40
2015-06-26 18:00:00,44,28,16
2015-06-26 19:00:00,27,16,11
2015-06-26 20:00:00,7,4,3
2015-06-26 21:00:00,9,6,3
2015-06-26 22:00:00,7,5,2
2015-06-26 23:00:00,2,2,0
2015-06-27 00:00:00,4,3,1
2015-06-27 01:00:00,1,1,0
2015-06-27 02:00:00,0,0,0
2015-06-27 03:00:00,1,1,0
2015-06-27 04:00:00,1,0,1
2015-06-27 05:00:00,3,1,2
2015-06-27 06:00:00,10,8,2
2015-06-27 07:00:00,8,6,2
2015-06-27 08:00:00,17,15,2
2015-06-27 09:00:00,22,14,8
2015-06-27 10:00:00,33,24,9
2015-06-27 11:00:00,36,27,9
2015-06-27 12:00:00,25,21,4
2015-06-27 13:00:00,32,19,13
2015-06-27 14:00:00,12,6,6
2015-06-27 15:00:00,22,11,11
2015-06-27 16:00:00,24,8,16
2015-06-27 17:00:00,17,11,6
2015-06-27 18:00:00,12,10,2
2015-06-27 19:00:00,11,8,3
2015-06-27 20:00:00,6,0,6
2015-06-27 21:00:00,10,8,2
2015-06-27 22:00:00,7,4,3
2015-06-27 23:00:00,12,5,7
2015-06-28 00:00:00,8,5,3
2015-06-28 01:00:00,0,0,0
2015-06-28 02:00:00,0,0,0
2015-06-28 03:00:00,3,2,1
2015-06-28 04:00:00,0,0,0
2015-06-28 05:00:00,2,0,2
2015-06-28 06:00:00,2,2,0
2015-06-28 07:00:00,6,6,0
2015-06-28 08:00:00,5,2,3
2015-06-28 09:00:00,9,6,3
2015-06-28 10:00:00,19,10,9
2015-06-28 11:00:00,21,8,13
2015-06-28 12:00:00,8,2,6
2015-06-28 13:00:00,17,7,10
2015-06-28 14:00:00,19,14,5
2015-06-28 15:00:00,19,18,1
2015-06-28 16:00:00,20,17,3
2015-06-28 17:00:00,19,12,7
2015-06-28 18:00:00,9,8,1
2015-06-28 19:00:00,14,10,4
2015-06-28 20:00:00,19,14,5
2015-06-28 21:00:00,7,4,3
2015-06-28 22:00:00,8,2,6
2015-06-28 23:00:00,6,4,2
2015-06-29 00:00:00,1,1,0
2015-06-29 01:00:00,1,1,0
2015-06-29 02:00:00,0,0,0
2015-06-29 03:00:00,3,2,1
2015-06-29 04:00:00,1,1,0
2015-06-29 05:00:00,12,5,7
2015-06-29 06:00:00,37,19,18
2015-06-29 07:00:00,65,47,18
2015-06-29 08:00:00,113,86,27
2015-06-29 09:00:00,53,40,13
2015-06-29 10:00:00,31,19,12
2015-06-29 11:00:00,34,17,17
2015-06-29 12:00:00,32,19,13
2015-06-29 13:00:00,21,12,9
2015-06-29 14:00:00,23,12,11
2015-06-29 15:00:00,48,29,19
2015-06-29 16:00:00,91,68,23
2015-06-29 17:00:00,144,95,49
2015-06-29 18:00:00,78,53,25
2015-06-29 19:00:00,26,21,5
2015-06-29 20:00:00,13,5,8
2015-06-29 21:00:00,10,8,2
2015-06-29 22:00:00,9,7,2
2015-06-29 23:00:00,5,5,0
2015-06-30 00:00:00,4,3,1
2015-06-30 01:00:00,0,0,0
2015-06-30 02:00:00,1,1,0
2015-06-30 03:00:00,0,0,0
2015-06-30 04:00:00,0,0,0
2015-06-30 05:00:00,12,6,6
2015-06-30 06:00:00,42,25,17
2015-06-30 07:00:00,97,62,35
2015-06-30 08:00:00,117,83,34
2015-06-30 09:00:00,66,42,24
2015-06-30 10:00:00,27,18,9
2015-06-30 11:00:00,33,22,11
2015-06-30 12:00:00,23,10,13
2015-06-30 13:00:00,27,17,10
2015-06-30 14:00:00,31,20,11
2015-06-30 15:00:00,58,42,16
2015-06-30 16:00:00,105,83,22
2015-06-30 17:00:00,149,98,51
2015-06-30 18:00:00,86,50,36
2015-06-30 19:00:00,25,15,10
2015-06-30 20:00:00,28,17,11
2015-06-30 21:00:00,13,8,5
2015-06-30 22:00:00,9,3,6
2015-06-30 23:00:00,3,0,3
2015-07-01 00:00:00,4,4,0
2015-07-01 01:00:00,1,1,0
2015-07-01 02:00:00,0,0,0
2015-07-01 03:00:00,0,0,0
2015-07-01 04:00:00,2,2,0
2015-07-01 05:00:00,12,6,6
2015-07-01 06:00:00,39,25,14
2015-07-01 07:00:00,99,62,37
2015-07-01 08:00:00,133,93,40
2015-07-01 09:00:00,52,33,19
2015-07-01 10:00:00,34,29,5
2015-07-01 11:00:00,26,18,8
2015-07-01 12:00:00,38,21,17
2015-07-01 13:00:00,40,22,18
2015-07-01 14:00:00,35,21,14
2015-07-01 15:00:00,65,49,16
2015-07-01 16:00:00,121,78,43
2015-07-01 17:00:00,149,99,50
2015-07-01 18:00:00,70,47,23
2015-07-01 19:00:00,47,34,13
2015-07-01 20:00:00,18,10,8
2015-07-01 21:00:00,17,10,7
2015-07-01 22:00:00,5,2,3
2015-07-01 23:00:00,5,3,2
2015-07-02 00:00:00,1,1,0
2015-07-02 01:00:00,1,1,0
2015-07-02 02:00:00,0,0,0
2015-07-02 03:00:00,0,0,0
2015-07-02 04:00:00,0,0,0
2015-07-02 05:00:00,9,3,6
2015-07-02 06:00:00,32,19,13
2015-07-02 07:00:00,91,59,32
2015-07-02 08:00:00,122,86,36
2015-07-02 09:00:00,48,27,21
2015-07-02 10:00:00,32,20,12
2015-07-02 11:00:00,37,22,15
2015-07-02 12:00:00,32,19,13
2015-07-02 13:00:00,39,27,12
2015-07-02 14:00:00,48,35,13
2015-07-02 15:00:00,60,51,9
2015-07-02 16:00:00,113,76,37
2015-07-02 17:00:00,118,81,37
2015-07-02 18:00:00,62,44,18
2015-07-02 19:00:00,36,28,8
2015-07-02 20:00:00,32,21,11
2015-07-02 21:00:00,12,6,6
2015-07-02 22:00:00,15,13,2
2015-07-02 23:00:00,3,0,3
2015-07-03 00:00:00,1,1,0
2015-07-03 01:00:00,1,1,0
2015-07-03 02:00:00,1,1,0
2015-07-03 03:00:00,0,0,0
2015-07-03 04:00:00,2,2,0
2015-07-03 05:00:00,4,0,4
2015-07-03 06:00:00,8,4,4
2015-07-03 07:00:00,16,11,5
2015-07-03 08:00:00,22,15,7
2015-07-03 09:00:00,21,13,8
2015-07-03 10:00:00,17,13,4
2015-07-03 11:00:00,42,28,14
2015-07-03 12:00:00,35,25,10
2015-07-03 13:00:00,22,14,8
2015-07-03 14:00:00,16,11,5
2015-07-03 15:00:00,22,10,12
2015-07-03 16:00:00,28,18,10
2015-07-03 17:00:00,33,25,8
2015-07-03 18:00:00,23,19,4
2015-07-03 19:00:00,20,16,4
2015-07-03 20:00:00,10,5,5
2015-07-03 21:00:00,9,6,3
2015-07-03 22:00:00,18,7,11
2015-07-03 23:00:00,10,8,2
2015-07-04 00:00:00,8,7,1
2015-07-04 01:00:00,1,0,1
2015-07-04 02:00:00,3,2,1
2015-07-04 03:00:00,3,2,1
2015-07-04 04:00:00,0,0,0
2015-07-04 05:00:00,3,1,2
2015-07-04 06:00:00,3,3,0
2015-07-04 07:00:00,4,1,3
2015-07-04 08:00:00,14,9,5
2015-07-04 09:00:00,7,6,1
2015-07-04 10:00:00,10,8,2
2015-07-04 11:00:00,19,10,9
2015-07-04 12:00:00,11,8,3
2015-07-04 13:00:00,15,8,7
2015-07-04 14:00:00,15,7,8
2015-07-04 15:00:00,19,12,7
2015-07-04 16:00:00,14,8,6
2015-07-04 17:00:00,14,4,10
2015-07-04 18:00:00,15,14,1
2015-07-04 19:00:00,6,5,1
2015-07-04 20:00:00,5,4,1
2015-07-04 21:00:00,8,6,2
2015-07-04 22:00:00,5,4,1
2015-07-04 23:00:00,20,18,2
2015-07-05 00:00:00,6,6,0
2015-07-05 01:00:00,2,2,0
2015-07-05 02:00:00,0,0,0
2015-07-05 03:00:00,0,0,0
2015-07-05 04:00:00,1,1,0
2015-07-05 05:00:00,0,0,0
2015-07-05 06:00:00,5,4,1
2015-07-05 07:00:00,4,2,2
2015-07-05 08:00:00,8,5,3
2015-07-05 09:00:00,18,13,5
2015-07-05 10:00:00,12,6,6
2015-07-05 11:00:00,20,11,9
2015-07-05 12:00:00,14,6,8
2015-07-05 13:00:00,15,13,2
2015-07-05 14:00:00,17,10,7
2015-07-05 15:00:00,20,13,7
2015-07-05 16:00:00,8,3,5
2015-07-05 17:00:00,20,17,3
2015-07-05 18:00:00,6,3,3
2015-07-05 19:00:00,12,7,5
2015-07-05 20:00:00,6,3,3
2015-07-05 21:00:00,8,4,4
2015-07-05 22:00:00,1,1,0
2015-07-05 23:00:00,1,1,0
2015-07-06 00:00:00,3,3,0
2015-07-06 01:00:00,0,0,0
2015-07-06 02:00:00,3,3,0
2015-07-06 03:00:00,0,0,0
2015-07-06 04:00:00,0,0,0
2015-07-06 05:00:00,10,3,7
2015-07-06 06:00:00,35,23,12
2015-07-06 07:00:00,73,55,18
2015-07-06 08:00:00,110,72,38
2015-07-06 09:00:00,64,40,24
2015-07-06 10:00:00,31,24,7
2015-07-06 11:00:00,25,14,11
2015-07-06 12:00:00,29,23,6
2015-07-06 13:00:00,26,17,9
2015-07-06 14:00:00,26,15,11
2015-07-06 15:00:00,66,51,15
2015-07-06 16:00:00,84,60,24
2015-07-06 17:00:00,141,95,46
2015-07-06 18:00:00,69,55,14
2015-07-06 19:00:00,25,12,13
2015-07-06 20:00:00,15,13,2
2015-07-06 21:00:00,23,13,10
2015-07-06 22:00:00,11,6,5
2015-07-06 23:00:00,1,0,1
2015-07-07 00:00:00,2,1,1
2015-07-07 01:00:00,2,1,1
2015-07-07 02:00:00,2,1,1
2015-07-07 03:00:00,0,0,0
2015-07-07 04:00:00,0,0,0
2015-07-07 05:00:00,13,5,8
2015-07-07 06:00:00,50,33,17
2015-07-07 07:00:00,87,60,27
2015-07-07 08:00:00,138,90,48
2015-07-07 09:00:00,63,39,24
2015-07-07 10:00:00,37,22,15
2015-07-07 11:00:00,42,25,17
2015-07-07 12:00:00,34,20,14
2015-07-07 13:00:00,29,19,10
2015-07-07 14:00:00,35,25,10
2015-07-07 15:00:00,65,43,22
2015-07-07 16:00:00,129,97,32
2015-07-07 17:00:00,170,126,44
2015-07-07 18:00:00,88,59,29
2015-07-07 19:00:00,34,19,15
2015-07-07 20:00:00,18,9,9
2015-07-07 21:00:00,15,7,8
2015-07-07 22:00:00,6,3,3
2015-07-07 23:00:00,6,2,4
2015-07-08 00:00:00,3,3,0
2015-07-08 01:00:00,0,0,0
2015-07-08 02:00:00,0,0,0
2015-07-08 03:00:00,0,0,0
2015-07-08 04:00:00,1,0,1
2015-07-08 05:00:00,12,6,6
2015-07-08 06:00:00,51,30,21
2015-07-08 07:00:00,109,75,34
2015-07-08 08:00:00,149,103,46
2015-07-08 09:00:00,59,38,21
2015-07-08 10:00:00,35,17,18
2015-07-08 11:00:00,32,19,13
2015-07-08 12:00:00,34,26,8
2015-07-08 13:00:00,37,20,17
2015-07-08 14:00:00,38,24,14
2015-07-08 15:00:00,62,41,21
2015-07-08 16:00:00,120,80,40
2015-07-08 17:00:00,160,107,53
2015-07-08 18:00:00,75,56,19
2015-07-08 19:00:00,29,15,14
2015-07-08 20:00:00,24,15,9
2015-07-08 21:00:00,11,6,5
2015-07-08 22:00:00,9,9,0
2015-07-08 23:00:00,5,1,4
2015-07-09 00:00:00,3,2,1
2015-07-09 01:00:00,2,1,1
2015-07-09 02:00:00,0,0,0
2015-07-09 03:00:00,0,0,0
2015-07-09 04:00:00,1,1,0
2015-07-09 05:00:00,15,6,9
2015-07-09 06:00:00,42,26,16
2015-07-09 07:00:00,82,65,17
2015-07-09 08:00:00,119,85,34
2015-07-09 09:00:00,71,43,28
2015-07-09 10:00:00,32,21,11
2015-07-09 11:00:00,34,18,16
2015-07-09 12:00:00,34,17,17
2015-07-09 13:00:00,45,26,19
2015-07-09 14:00:00,31,22,9
2015-07-09 15:00:00,62,50,12
2015-07-09 16:00:00,111,74,37
2015-07-09 17:00:00,166,99,67
2015-07-09 18:00:00,87,64,23
2015-07-09 19:00:00,35,24,11
2015-07-09 20:00:00,32,20,12
2015-07-09 21:00:00,14,9,5
2015-07-09 22:00:00,22,12,10
2015-07-09 23:00:00,8,6,2
2015-07-10 00:00:00,1,1,0
2015-07-10 01:00:00,1,1,0
2015-07-10 02:00:00,2,0,2
2015-07-10 03:00:00,0,0,0
2015-07-10 04:00:00,0,0,0
2015-07-10 05:00:00,9,3,6
2015-07-10 06:00:00,35,22,13
2015-07-10 07:00:00,78,60,18
2015-07-10 08:00:00,108,73,35
2015-07-10 09:00:00,46,34,12
2015-07-10 10:00:00,35,26,9
2015-07-10 11:00:00,37,21,16
2015-07-10 12:00:00,35,16,19
2015-07-10 13:00:00,42,28,14
2015-07-10 14:00:00,48,37,11
2015-07-10 15:00:00,74,60,14
2015-07-10 16:00:00,99,65,34
2015-07-10 17:00:00,129,85,44
2015-07-10 18:00:00,56,35,21
2015-07-10 19:00:00,28,20,8
2015-07-10 20:00:00,18,11,7
2015-07-10 21:00:00,17,10,7
2015-07-10 22:00:00,17,6,11
2015-07-10 23:00:00,10,6,4
2015-07-11 00:00:00,4,3,1
2015-07-11 01:00:00,3,3,0
2015-07-11 02:00:00,0,0,0
2015-07-11 03:00:00,1,1,0
2015-07-11 04:00:00,1,1,0
2015-07-11 05:00:00,5,2,3
2015-07-11 06:00:00,3,3,0
2015-07-11 07:00:00,7,4,3
2015-07-11 08:00:00,18,17,1
2015-07-11 09:00:00,19,10,9
2015-07-11 10:00:00,19,9,10
2015-07-11 11:00:00,15,14,1
2015-07-11 12:00:00,18,9,9
2015-07-11 13:00:00,25,10,15
2015-07-11 14:00:00,32,26,6
2015-07-11 15:00:00,14,12,2
2015-07-11 16:00:00,24,16,8
2015-07-11 17:00:00,25,16,9
2015-07-11 18:00:00,18,11,7
2015-07-11 19:00:00,20,16,4
2015-07-11 20:00:00,10,9,1
2015-07-11 21:00:00,11,9,2
2015-07-11 22:00:00,19,7,12
2015-07-11 23:00:00,10,5,5
2015-07-12 00:00:00,3,1,2
2015-07-12 01:00:00,2,0,2
2015-07-12 02:00:00,0,0,0
2015-07-12 03:00:00,1,1,0
2015-07-12 04:00:00,0,0,0
2015-07-12 05:00:00,0,0,0
2015-07-12 06:00:00,4,3,1
2015-07-12 07:00:00,3,3,0
2015-07-12 08:00:00,12,9,3
2015-07-12 09:00:00,15,12,3
2015-07-12 10:00:00,19,9,10
2015-07-12 11:00:00,18,14,4
2015-07-12 12:00:00,34,29,5
2015-07-12 13:00:00,24,17,7
2015-07-12 14:00:00,14,6,8
2015-07-12 15:00:00,23,19,4
2015-07-12 16:00:00,21,13,8
2015-07-12 17:00:00,24,14,10
2015-07-12 18:00:00,13,7,6
2015-07-12 19:00:00,16,11,5
2015-07-12 20:00:00,13,5,8
2015-07-12 21:00:00,9,7,2
2015-07-12 22:00:00,4,2,2
2015-07-12 23:00:00,2,2,0
2015-07-13 00:00:00,0,0,0
2015-07-13 01:00:00,0,0,0
2015-07-13 02:00:00,0,0,0
2015-07-13 03:00:00,0,0,0
2015-07-13 04:00:00,2,1,1
2015-07-13 05:00:00,13,3,10
2015-07-13 06:00:00,34,20,14
2015-07-13 07:00:00,76,48,28
2015-07-13 08:00:00,110,69,41
2015-07-13 09:00:00,38,27,11
2015-07-13 10:00:00,32,20,12
2015-07-13 11:00:00,34,18,16
2015-07-13 12:00:00,25,18,7
2015-07-13 13:00:00,33,23,10
2015-07-13 14:00:00,24,12,12
2015-07-13 15:00:00,51,37,14
2015-07-13 16:00:00,92,65,27
2015-07-13 17:00:00,129,84,45
2015-07-13 18:00:00,56,39,17
2015-07-13 19:00:00,17,15,2
2015-07-13 20:00:00,11,4,7
2015-07-13 21:00:00,10,10,0
2015-07-13 22:00:00,6,5,1
2015-07-13 23:00:00,2,2,0
2015-07-14 00:00:00,3,2,1
2015-07-14 01:00:00,0,0,0
2015-07-14 02:00:00,1,1,0
2015-07-14 03:00:00,2,2,0
2015-07-14 04:00:00,0,0,0
2015-07-14 05:00:00,12,7,5
2015-07-14 06:00:00,32,22,10
2015-07-14 07:00:00,100,73,27
2015-07-14 08:00:00,135,93,42
2015-07-14 09:00:00,63,43,20
2015-07-14 10:00:00,37,25,12
2015-07-14 11:00:00,32,14,18
2015-07-14 12:00:00,28,15,13
2015-07-14 13:00:00,23,14,9
2015-07-14 14:00:00,49,30,19
2015-07-14 15:00:00,52,38,14
2015-07-14 16:00:00,109,78,31
2015-07-14 17:00:00,165,117,48
2015-07-14 18:00:00,73,45,28
2015-07-14 19:00:00,24,13,11
2015-07-14 20:00:00,22,13,9
2015-07-14 21:00:00,15,9,6
2015-07-14 22:00:00,4,2,2
2015-07-14 23:00:00,2,2,0
2015-07-15 00:00:00,2,1,1
2015-07-15 01:00:00,1,0,1
2015-07-15 02:00:00,3,2,1
2015-07-15 03:00:00,1,1,0
2015-07-15 04:00:00,2,1,1
2015-07-15 05:00:00,13,7,6
2015-07-15 06:00:00,44,30,14
2015-07-15 07:00:00,102,64,38
2015-07-15 08:00:00,116,76,40
2015-07-15 09:00:00,61,39,22
2015-07-15 10:00:00,33,24,9
2015-07-15 11:00:00,38,27,11
2015-07-15 12:00:00,29,17,12
2015-07-15 13:00:00,43,27,16
2015-07-15 14:00:00,37,21,16
2015-07-15 15:00:00,57,40,17
2015-07-15 16:00:00,130,86,44
2015-07-15 17:00:00,163,118,45
2015-07-15 18:00:00,80,53,27
2015-07-15 19:00:00,47,29,18
2015-07-15 20:00:00,23,17,6
2015-07-15 21:00:00,10,4,6
2015-07-15 22:00:00,5,5,0
2015-07-15 23:00:00,10,3,7
2015-07-16 00:00:00,3,2,1
2015-07-16 01:00:00,3,2,1
2015-07-16 02:00:00,2,1,1
2015-07-16 03:00:00,0,0,0
2015-07-16 04:00:00,0,0,0
2015-07-16 05:00:00,11,8,3
2015-07-16 06:00:00,39,26,13
2015-07-16 07:00:00,92,50,42
2015-07-16 08:00:00,120,83,37
2015-07-16 09:00:00,49,32,17
2015-07-16 10:00:00,37,21,16
2015-07-16 11:00:00,27,20,7
2015-07-16 12:00:00,49,30,19
2015-07-16 13:00:00,48,39,9
2015-07-16 14:00:00,46,33,13
2015-07-16 15:00:00,65,35,30
2015-07-16 16:00:00,101,72,29
2015-07-16 17:00:00,154,101,53
2015-07-16 18:00:00,62,38,24
2015-07-16 19:00:00,26,16,10
2015-07-16 20:00:00,23,15,8
2015-07-16 21:00:00,12,10,2
2015-07-16 22:00:00,13,8,5
2015-07-16 23:00:00,8,7,1
2015-07-17 00:00:00,3,2,1
2015-07-17 01:00:00,3,2,1
2015-07-17 02:00:00,1,1,0
2015-07-17 03:00:00,0,0,0
2015-07-17 04:00:00,0,0,0
2015-07-17 05:00:00,10,6,4
2015-07-17 06:00:00,44,26,18
2015-07-17 07:00:00,66,45,21
2015-07-17 08:00:00,103,76,27
2015-07-17 09:00:00,53,32,21
2015-07-17 10:00:00,23,14,9
2015-07-17 11:00:00,27,18,9
2015-07-17 12:00:00,35,24,11
2015-07-17 13:00:00,45,30,15
2015-07-17 14:00:00,45,30,15
2015-07-17 15:00:00,67,49,18
2015-07-17 16:00:00,93,60,33
2015-07-17 17:00:00,123,85,38
2015-07-17 18:00:00,63,43,20
2015-07-17 19:00:00,31,26,5
2015-07-17 20:00:00,17,13,4
2015-07-17 21:00:00,5,3,2
2015-07-17 22:00:00,20,5,15
2015-07-17 23:00:00,11,9,2
2015-07-18 00:00:00,4,3,1
2015-07-18 01:00:00,1,1,0
2015-07-18 02:00:00,1,1,0
2015-07-18 03:00:00,0,0,0
2015-07-18 04:00:00,1,1,0
2015-07-18 05:00:00,1,0,1
2015-07-18 06:00:00,7,4,3
2015-07-18 07:00:00,9,5,4
2015-07-18 08:00:00,22,19,3
2015-07-18 09:00:00,20,9,11
2015-07-18 10:00:00,20,15,5
2015-07-18 11:00:00,22,16,6
2015-07-18 12:00:00,25,14,11
2015-07-18 13:00:00,33,20,13
2015-07-18 14:00:00,32,16,16
2015-07-18 15:00:00,37,26,11
2015-07-18 16:00:00,18,11,7
2015-07-18 17:00:00,28,24,4
2015-07-18 18:00:00,44,35,9
2015-07-18 19:00:00,22,12,10
2015-07-18 20:00:00,10,4,6
2015-07-18 21:00:00,24,7,17
2015-07-18 22:00:00,14,7,7
2015-07-18 23:00:00,9,7,2
2015-07-19 00:00:00,5,3,2
2015-07-19 01:00:00,1,0,1
2015-07-19 02:00:00,0,0,0
2015-07-19 03:00:00,3,3,0
2015-07-19 04:00:00,0,0,0
2015-07-19 05:00:00,2,1,1
2015-07-19 06:00:00,3,2,1
2015-07-19 07:00:00,3,2,1
2015-07-19 08:00:00,12,9,3
2015-07-19 09:00:00,13,5,8
2015-07-19 10:00:00,19,12,7
2015-07-19 11:00:00,21,13,8
2015-07-19 12:00:00,15,13,2
2015-07-19 13:00:00,18,13,5
2015-07-19 14:00:00,24,19,5
2015-07-19 15:00:00,25,13,12
2015-07-19 16:00:00,20,11,9
2015-07-19 17:00:00,23,11,12
2015-07-19 18:00:00,19,16,3
2015-07-19 19:00:00,10,6,4
2015-07-19 20:00:00,17,9,8
2015-07-19 21:00:00,13,5,8
2015-07-19 22:00:00,7,3,4
2015-07-19 23:00:00,5,4,1
2015-07-20 00:00:00,6,3,3
2015-07-20 01:00:00,2,2,0
2015-07-20 02:00:00,1,1,0
2015-07-20 03:00:00,1,1,0
2015-07-20 04:00:00,1,1,0
2015-07-20 05:00:00,11,3,8
2015-07-20 06:00:00,34,22,12
2015-07-20 07:00:00,76,45,31
2015-07-20 08:00:00,121,80,41
2015-07-20 09:00:00,52,33,19
2015-07-20 10:00:00,29,19,10
2015-07-20 11:00:00,31,21,10
2015-07-20 12:00:00,21,10,11
2015-07-20 13:00:00,26,17,9
2015-07-20 14:00:00,33,24,9
2015-07-20 15:00:00,57,38,19
2015-07-20 16:00:00,106,82,24
2015-07-20 17:00:00,145,101,44
2015-07-20 18:00:00,73,48,25
2015-07-20 19:00:00,30,20,10
2015-07-20 20:00:00,22,9,13
2015-07-20 21:00:00,16,13,3
2015-07-20 22:00:00,7,4,3
2015-07-20 23:00:00,4,3,1
2015-07-21 00:00:00,0,0,0
2015-07-21 01:00:00,1,1,0
2015-07-21 02:00:00,1,1,0
2015-07-21 03:00:00,3,3,0
2015-07-21 04:00:00,0,0,0
2015-07-21 05:00:00,13,5,8
2015-07-21 06:00:00,48,35,13
2015-07-21 07:00:00,88,64,24
2015-07-21 08:00:00,108,82,26
2015-07-21 09:00:00,69,45,24
2015-07-21 10:00:00,35,26,9
2015-07-21 11:00:00,28,20,8
2015-07-21 12:00:00,30,23,7
2015-07-21 13:00:00,39,24,15
2015-07-21 14:00:00,39,21,18
2015-07-21 15:00:00,42,27,15
2015-07-21 16:00:00,93,65,28
2015-07-21 17:00:00,132,79,53
2015-07-21 18:00:00,65,46,19
2015-07-21 19:00:00,28,19,9
2015-07-21 20:00:00,21,14,7
2015-07-21 21:00:00,10,8,2
2015-07-21 22:00:00,8,3,5
2015-07-21 23:00:00,2,1,1
2015-07-22 00:00:00,3,3,0
2015-07-22 01:00:00,1,0,1
2015-07-22 02:00:00,0,0,0
2015-07-22 03:00:00,1,1,0
2015-07-22 04:00:00,0,0,0
2015-07-22 05:00:00,11,5,6
2015-07-22 06:00:00,42,31,11
2015-07-22 07:00:00,92,68,24
2015-07-22 08:00:00,129,83,46
2015-07-22 09:00:00,52,31,21
2015-07-22 10:00:00,31,20,11
2015-07-22 11:00:00,27,13,14
2015-07-22 12:00:00,41,28,13
2015-07-22 13:00:00,32,17,15
2015-07-22 14:00:00,40,22,18
2015-07-22 15:00:00,61,39,22
2015-07-22 16:00:00,115,81,34
2015-07-22 17:00:00,160,120,40
2015-07-22 18:00:00,67,47,20
2015-07-22 19:00:00,47,22,25
2015-07-22 20:00:00,21,10,11
2015-07-22 21:00:00,18,10,8
2015-07-22 22:00:00,10,6,4
2015-07-22 23:00:00,6,3,3
2015-07-23 00:00:00,4,3,1
2015-07-23 01:00:00,1,0,1
2015-07-23 02:00:00,1,0,1
2015-07-23 03:00:00,0,0,0
2015-07-23 04:00:00,0,0,0
2015-07-23 05:00:00,12,6,6
2015-07-23 06:00:00,35,23,12
2015-07-23 07:00:00,75,51,24
2015-07-23 08:00:00,109,76,33
2015-07-23 09:00:00,48,26,22
2015-07-23 10:00:00,37,29,8
2015-07-23 11:00:00,49,22,27
2015-07-23 12:00:00,30,16,14
2015-07-23 13:00:00,26,20,6
2015-07-23 14:00:00,29,17,12
2015-07-23 15:00:00,54,42,12
2015-07-23 16:00:00,101,72,29
2015-07-23 17:00:00,164,109,55
2015-07-23 18:00:00,77,54,23
2015-07-23 19:00:00,35,21,14
2015-07-23 20:00:00,20,10,10
2015-07-23 21:00:00,12,7,5
2015-07-23 22:00:00,20,7,13
2015-07-23 23:00:00,5,3,2
2015-07-24 00:00:00,1,1,0
2015-07-24 01:00:00,2,0,2
2015-07-24 02:00:00,2,2,0
2015-07-24 03:00:00,0,0,0
2015-07-24 04:00:00,0,0,0
2015-07-24 05:00:00,8,4,4
2015-07-24 06:00:00,35,20,15
2015-07-24 07:00:00,69,45,24
2015-07-24 08:00:00,96,68,28
2015-07-24 09:00:00,44,28,16
2015-07-24 10:00:00,37,23,14
2015-07-24 11:00:00,18,12,6
2015-07-24 12:00:00,39,23,16
2015-07-24 13:00:00,29,19,10
2015-07-24 14:00:00,29,19,10
2015-07-24 15:00:00,62,46,16
2015-07-24 16:00:00,107,77,30
2015-07-24 17:00:00,132,88,44
2015-07-24 18:00:00,55,44,11
2015-07-24 19:00:00,32,22,10
2015-07-24 20:00:00,16,13,3
2015-07-24 21:00:00,10,6,4
2015-07-24 22:00:00,15,9,6
2015-07-24 23:00:00,4,2,2
2015-07-25 00:00:00,6,5,1
2015-07-25 01:00:00,2,2,0
2015-07-25 02:00:00,2,2,0
2015-07-25 03:00:00,1,1,0
2015-07-25 04:00:00,0,0,0
2015-07-25 05:00:00,1,0,1
2015-07-25 06:00:00,2,2,0
2015-07-25 07:00:00,7,3,4
2015-07-25 08:00:00,20,18,2
2015-07-25 09:00:00,8,7,1
2015-07-25 10:00:00,19,11,8
2015-07-25 11:00:00,8,7,1
2015-07-25 12:00:00,26,19,7
2015-07-25 13:00:00,28,17,11
2015-07-25 14:00:00,23,11,12
2015-07-25 15:00:00,23,13,10
2015-07-25 16:00:00,18,8,10
2015-07-25 17:00:00,7,6,1
2015-07-25 18:00:00,6,1,5
2015-07-25 19:00:00,7,4,3
2015-07-25 20:00:00,15,5,10
2015-07-25 21:00:00,13,5,8
2015-07-25 22:00:00,8,4,4
2015-07-25 23:00:00,7,6,1
2015-07-26 00:00:00,7,5,2
2015-07-26 01:00:00,0,0,0
2015-07-26 02:00:00,1,1,0
2015-07-26 03:00:00,0,0,0
2015-07-26 04:00:00,1,1,0
2015-07-26 05:00:00,4,1,3
2015-07-26 06:00:00,2,0,2
2015-07-26 07:00:00,3,2,1
2015-07-26 08:00:00,7,5,2
2015-07-26 09:00:00,14,12,2
2015-07-26 10:00:00,17,14,3
2015-07-26 11:00:00,8,6,2
2015-07-26 12:00:00,14,9,5
2015-07-26 13:00:00,21,11,10
2015-07-26 14:00:00,18,7,11
2015-07-26 15:00:00,13,8,5
2015-07-26 16:00:00,7,3,4
2015-07-26 17:00:00,7,3,4
2015-07-26 18:00:00,6,6,0
2015-07-26 19:00:00,9,5,4
2015-07-26 20:00:00,5,1,4
2015-07-26 21:00:00,7,4,3
2015-07-26 22:00:00,4,2,2
2015-07-26 23:00:00,3,1,2
2015-07-27 00:00:00,0,0,0
2015-07-27 01:00:00,2,1,1
2015-07-27 02:00:00,0,0,0
2015-07-27 03:00:00,1,1,0
2015-07-27 04:00:00,1,1,0
2015-07-27 05:00:00,12,3,9
2015-07-27 06:00:00,36,21,15
2015-07-27 07:00:00,55,35,20
2015-07-27 08:00:00,122,76,46
2015-07-27 09:00:00,48,31,17
2015-07-27 10:00:00,26,17,9
2015-07-27 11:00:00,23,15,8
2015-07-27 12:00:00,30,16,14
2015-07-27 13:00:00,38,28,10
2015-07-27 14:00:00,45,26,19
2015-07-27 15:00:00,63,50,13
2015-07-27 16:00:00,93,74,19
2015-07-27 17:00:00,129,87,42
2015-07-27 18:00:00,75,46,29
2015-07-27 19:00:00,23,16,7
2015-07-27 20:00:00,17,9,8
2015-07-27 21:00:00,19,15,4
2015-07-27 22:00:00,11,7,4
2015-07-27 23:00:00,6,2,4
2015-07-28 00:00:00,2,2,0
2015-07-28 01:00:00,1,1,0
2015-07-28 02:00:00,1,1,0
2015-07-28 03:00:00,0,0,0
2015-07-28 04:00:00,1,1,0
2015-07-28 05:00:00,9,5,4
2015-07-28 06:00:00,50,36,14
2015-07-28 07:00:00,103,64,39
2015-07-28 08:00:00,133,93,40
2015-07-28 09:00:00,59,36,23
2015-07-28 10:00:00,31,17,14
2015-07-28 11:00:00,46,26,20
2015-07-28 12:00:00,46,31,15
2015-07-28 13:00:00,30,21,9
2015-07-28 14:00:00,27,16,11
2015-07-28 15:00:00,62,39,23
2015-07-28 16:00:00,137,103,34
2015-07-28 17:00:00,163,104,59
2015-07-28 18:00:00,87,69,18
2015-07-28 19:00:00,32,22,10
2015-07-28 20:00:00,12,7,5
2015-07-28 21:00:00,19,7,12
2015-07-28 22:00:00,15,3,12
2015-07-28 23:00:00,5,0,5
2015-07-29 00:00:00,8,6,2
2015-07-29 01:00:00,1,0,1
2015-07-29 02:00:00,0,0,0
2015-07-29 03:00:00,2,2,0
2015-07-29 04:00:00,0,0,0
2015-07-29 05:00:00,13,6,7
2015-07-29 06:00:00,43,31,12
2015-07-29 07:00:00,90,59,31
2015-07-29 08:00:00,142,96,46
2015-07-29 09:00:00,62,32,30
2015-07-29 10:00:00,36,25,11
2015-07-29 11:00:00,40,29,11
2015-07-29 12:00:00,59,44,15
2015-07-29 13:00:00,35,24,11
2015-07-29 14:00:00,33,19,14
2015-07-29 15:00:00,62,45,17
2015-07-29 16:00:00,123,88,35
2015-07-29 17:00:00,155,102,53
2015-07-29 18:00:00,63,38,25
2015-07-29 19:00:00,31,22,9
2015-07-29 20:00:00,17,10,7
2015-07-29 21:00:00,13,9,4
2015-07-29 22:00:00,5,3,2
2015-07-29 23:00:00,6,5,1
2015-07-30 00:00:00,5,1,4
2015-07-30 01:00:00,1,1,0
2015-07-30 02:00:00,0,0,0
2015-07-30 03:00:00,0,0,0
2015-07-30 04:00:00,1,1,0
2015-07-30 05:00:00,10,4,6
2015-07-30 06:00:00,43,26,17
2015-07-30 07:00:00,86,60,26
2015-07-30 08:00:00,136,89,47
2015-07-30 09:00:00,47,26,21
2015-07-30 10:00:00,39,35,4
2015-07-30 11:00:00,22,16,6
2015-07-30 12:00:00,26,13,13
2015-07-30 13:00:00,33,19,14
2015-07-30 14:00:00,31,15,16
2015-07-30 15:00:00,50,36,14
2015-07-30 16:00:00,95,77,18
2015-07-30 17:00:00,118,80,38
2015-07-30 18:00:00,78,53,25
2015-07-30 19:00:00,49,37,12
2015-07-30 20:00:00,11,6,5
2015-07-30 21:00:00,17,12,5
2015-07-30 22:00:00,23,10,13
2015-07-30 23:00:00,2,1,1
2015-07-31 00:00:00,4,4,0
2015-07-31 01:00:00,2,1,1
2015-07-31 02:00:00,0,0,0
2015-07-31 03:00:00,0,0,0
2015-07-31 04:00:00,0,0,0
2015-07-31 05:00:00,7,2,5
2015-07-31 06:00:00,34,22,12
2015-07-31 07:00:00,68,46,22
2015-07-31 08:00:00,108,71,37
2015-07-31 09:00:00,61,44,17
2015-07-31 10:00:00,38,18,20
2015-07-31 11:00:00,46,34,12
2015-07-31 12:00:00,38,21,17
2015-07-31 13:00:00,37,27,10
2015-07-31 14:00:00,44,30,14
2015-07-31 15:00:00,67,51,16
2015-07-31 16:00:00,102,75,27
2015-07-31 17:00:00,145,95,50
2015-07-31 18:00:00,49,35,14
2015-07-31 19:00:00,29,15,14
2015-07-31 20:00:00,12,7,5
2015-07-31 21:00:00,9,6,3
2015-07-31 22:00:00,21,14,7
2015-07-31 23:00:00,9,6,3
2015-08-01 00:00:00,1,1,0
2015-08-01 01:00:00,2,2,0
2015-08-01 02:00:00,0,0,0
2015-08-01 03:00:00,0,0,0
2015-08-01 04:00:00,2,1,1
2015-08-01 05:00:00,1,0,1
2015-08-01 06:00:00,3,1,2
2015-08-01 07:00:00,5,2,3
2015-08-01 08:00:00,20,13,7
2015-08-01 09:00:00,17,8,9
2015-08-01 10:00:00,7,6,1
2015-08-01 11:00:00,26,21,5
2015-08-01 12:00:00,33,21,12
2015-08-01 13:00:00,27,22,5
2015-08-01 14:00:00,31,22,9
2015-08-01 15:00:00,29,17,12
2015-08-01 16:00:00,14,8,6
2015-08-01 17:00:00,33,22,11
2015-08-01 18:00:00,42,36,6
2015-08-01 19:00:00,5,3,2
2015-08-01 20:00:00,13,7,6
2015-08-01 21:00:00,36,3,33
2015-08-01 22:00:00,9,4,5
2015-08-01 23:00:00,5,1,4
2015-08-02 00:00:00,6,3,3
2015-08-02 01:00:00,1,0,1
2015-08-02 02:00:00,2,1,1
2015-08-02 03:00:00,0,0,0
2015-08-02 04:00:00,0,0,0
2015-08-02 05:00:00,3,2,1
2015-08-02 06:00:00,1,1,0
2015-08-02 07:00:00,2,2,0
2015-08-02 08:00:00,4,2,2
2015-08-02 09:00:00,7,3,4
2015-08-02 10:00:00,16,8,8
2015-08-02 11:00:00,15,14,1
2015-08-02 12:00:00,22,19,3
2015-08-02 13:00:00,20,14,6
2015-08-02 14:00:00,22,11,11
2015-08-02 15:00:00,27,17,10
2015-08-02 16:00:00,31,24,7
2015-08-02 17:00:00,27,15,12
2015-08-02 18:00:00,18,9,9
2015-08-02 19:00:00,10,5,5
2015-08-02 20:00:00,11,8,3
2015-08-02 21:00:00,11,9,2
2015-08-02 22:00:00,3,1,2
2015-08-02 23:00:00,5,4,1
2015-08-03 00:00:00,1,1,0
2015-08-03 01:00:00,0,0,0
2015-08-03 02:00:00,1,1,0
2015-08-03 03:00:00,0,0,0
2015-08-03 04:00:00,0,0,0
2015-08-03 05:00:00,9,3,6
2015-08-03 06:00:00,36,24,12
2015-08-03 07:00:00,76,50,26
2015-08-03 08:00:00,106,67,39
2015-08-03 09:00:00,50,28,22
2015-08-03 10:00:00,31,23,8
2015-08-03 11:00:00,31,16,15
2015-08-03 12:00:00,23,15,8
2015-08-03 13:00:00,29,19,10
2015-08-03 14:00:00,31,26,5
2015-08-03 15:00:00,62,43,19
2015-08-03 16:00:00,96,72,24
2015-08-03 17:00:00,158,100,58
2015-08-03 18:00:00,79,56,23
2015-08-03 19:00:00,22,13,9
2015-08-03 20:00:00,17,10,7
2015-08-03 21:00:00,14,9,5
2015-08-03 22:00:00,12,7,5
2015-08-03 23:00:00,5,4,1
2015-08-04 00:00:00,7,7,0
2015-08-04 01:00:00,2,2,0
2015-08-04 02:00:00,0,0,0
2015-08-04 03:00:00,1,1,0
2015-08-04 04:00:00,0,0,0
2015-08-04 05:00:00,8,4,4
2015-08-04 06:00:00,40,29,11
2015-08-04 07:00:00,104,70,34
2015-08-04 08:00:00,123,75,48
2015-08-04 09:00:00,53,34,19
2015-08-04 10:00:00,24,15,9
2015-08-04 11:00:00,24,14,10
2015-08-04 12:00:00,34,23,11
2015-08-04 13:00:00,29,21,8
2015-08-04 14:00:00,23,11,12
2015-08-04 15:00:00,59,43,16
2015-08-04 16:00:00,114,89,25
2015-08-04 17:00:00,170,109,61
2015-08-04 18:00:00,73,45,28
2015-08-04 19:00:00,18,10,8
2015-08-04 20:00:00,19,14,5
2015-08-04 21:00:00,9,7,2
2015-08-04 22:00:00,10,8,2
2015-08-04 23:00:00,3,2,1
2015-08-05 00:00:00,3,3,0
2015-08-05 01:00:00,1,0,1
2015-08-05 02:00:00,1,1,0
2015-08-05 03:00:00,0,0,0
2015-08-05 04:00:00,0,0,0
2015-08-05 05:00:00,8,4,4
2015-08-05 06:00:00,39,27,12
2015-08-05 07:00:00,78,55,23
2015-08-05 08:00:00,135,89,46
2015-08-05 09:00:00,59,38,21
2015-08-05 10:00:00,29,20,9
2015-08-05 11:00:00,34,27,7
2015-08-05 12:00:00,30,23,7
2015-08-05 13:00:00,31,22,9
2015-08-05 14:00:00,44,31,13
2015-08-05 15:00:00,65,44,21
2015-08-05 16:00:00,109,72,37
2015-08-05 17:00:00,177,107,70
2015-08-05 18:00:00,66,42,24
2015-08-05 19:00:00,19,13,6
2015-08-05 20:00:00,14,10,4
2015-08-05 21:00:00,9,7,2
2015-08-05 22:00:00,11,6,5
2015-08-05 23:00:00,11,5,6
2015-08-06 00:00:00,9,8,1
2015-08-06 01:00:00,0,0,0
2015-08-06 02:00:00,0,0,0
2015-08-06 03:00:00,1,1,0
2015-08-06 04:00:00,0,0,0
2015-08-06 05:00:00,15,6,9
2015-08-06 06:00:00,30,15,15
2015-08-06 07:00:00,86,56,30
2015-08-06 08:00:00,131,84,47
2015-08-06 09:00:00,52,31,21
2015-08-06 10:00:00,29,19,10
2015-08-06 11:00:00,33,21,12
2015-08-06 12:00:00,29,19,10
2015-08-06 13:00:00,43,34,9
2015-08-06 14:00:00,33,23,10
2015-08-06 15:00:00,57,46,11
2015-08-06 16:00:00,101,71,30
2015-08-06 17:00:00,163,110,53
2015-08-06 18:00:00,79,55,24
2015-08-06 19:00:00,35,23,12
2015-08-06 20:00:00,25,13,12
2015-08-06 21:00:00,13,7,6
2015-08-06 22:00:00,9,2,7
2015-08-06 23:00:00,6,3,3
2015-08-07 00:00:00,7,4,3
2015-08-07 01:00:00,1,0,1
2015-08-07 02:00:00,1,1,0
2015-08-07 03:00:00,0,0,0
2015-08-07 04:00:00,0,0,0
2015-08-07 05:00:00,6,3,3
2015-08-07 06:00:00,30,18,12
2015-08-07 07:00:00,61,41,20
2015-08-07 08:00:00,108,66,42
2015-08-07 09:00:00,36,25,11
2015-08-07 10:00:00,31,21,10
2015-08-07 11:00:00,31,19,12
2015-08-07 12:00:00,41,33,8
2015-08-07 13:00:00,37,17,20
2015-08-07 14:00:00,46,30,16
2015-08-07 15:00:00,80,50,30
2015-08-07 16:00:00,101,62,39
2015-08-07 17:00:00,134,86,48
2015-08-07 18:00:00,61,43,18
2015-08-07 19:00:00,33,22,11
2015-08-07 20:00:00,19,13,6
2015-08-07 21:00:00,16,7,9
2015-08-07 22:00:00,15,5,10
2015-08-07 23:00:00,15,5,10
2015-08-08 00:00:00,13,6,7
2015-08-08 01:00:00,12,1,11
2015-08-08 02:00:00,1,0,1
2015-08-08 03:00:00,0,0,0
2015-08-08 04:00:00,1,0,1
2015-08-08 05:00:00,3,1,2
2015-08-08 06:00:00,4,3,1
2015-08-08 07:00:00,2,0,2
2015-08-08 08:00:00,18,17,1
2015-08-08 09:00:00,15,9,6
2015-08-08 10:00:00,32,23,9
2015-08-08 11:00:00,17,12,5
2015-08-08 12:00:00,22,13,9
2015-08-08 13:00:00,27,17,10
2015-08-08 14:00:00,12,11,1
2015-08-08 15:00:00,28,16,12
2015-08-08 16:00:00,31,19,12
2015-08-08 17:00:00,24,17,7
2015-08-08 18:00:00,18,13,5
2015-08-08 19:00:00,9,5,4
2015-08-08 20:00:00,15,11,4
2015-08-08 21:00:00,10,3,7
2015-08-08 22:00:00,13,6,7
2015-08-08 23:00:00,14,6,8
2015-08-09 00:00:00,4,0,4
2015-08-09 01:00:00,4,2,2
2015-08-09 02:00:00,1,1,0
2015-08-09 03:00:00,1,1,0
2015-08-09 04:00:00,1,0,1
2015-08-09 05:00:00,2,1,1
2015-08-09 06:00:00,11,10,1
2015-08-09 07:00:00,5,3,2
2015-08-09 08:00:00,6,6,0
2015-08-09 09:00:00,7,2,5
2015-08-09 10:00:00,15,12,3
2015-08-09 11:00:00,21,12,9
2015-08-09 12:00:00,28,24,4
2015-08-09 13:00:00,35,17,18
2015-08-09 14:00:00,17,14,3
2015-08-09 15:00:00,19,10,9
2015-08-09 16:00:00,31,20,11
2015-08-09 17:00:00,16,8,8
2015-08-09 18:00:00,21,6,15
2015-08-09 19:00:00,12,4,8
2015-08-09 20:00:00,5,1,4
2015-08-09 21:00:00,6,3,3
2015-08-09 22:00:00,10,6,4
2015-08-09 23:00:00,3,1,2
2015-08-10 00:00:00,0,0,0
2015-08-10 01:00:00,0,0,0
2015-08-10 02:00:00,0,0,0
2015-08-10 03:00:00,0,0,0
2015-08-10 04:00:00,4,1,3
2015-08-10 05:00:00,14,3,11
2015-08-10 06:00:00,44,28,16
2015-08-10 07:00:00,77,53,24
2015-08-10 08:00:00,112,62,50
2015-08-10 09:00:00,42,27,15
2015-08-10 10:00:00,31,18,13
2015-08-10 11:00:00,37,23,14
2015-08-10 12:00:00,23,16,7
2015-08-10 13:00:00,24,12,12
2015-08-10 14:00:00,25,15,10
2015-08-10 15:00:00,57,45,12
2015-08-10 16:00:00,102,68,34
2015-08-10 17:00:00,142,98,44
2015-08-10 18:00:00,78,55,23
2015-08-10 19:00:00,36,26,10
2015-08-10 20:00:00,10,4,6
2015-08-10 21:00:00,11,6,5
2015-08-10 22:00:00,5,1,4
2015-08-10 23:00:00,4,3,1
2015-08-11 00:00:00,3,3,0
2015-08-11 01:00:00,3,2,1
2015-08-11 02:00:00,1,1,0
2015-08-11 03:00:00,1,1,0
2015-08-11 04:00:00,0,0,0
2015-08-11 05:00:00,11,4,7
2015-08-11 06:00:00,42,25,17
2015-08-11 07:00:00,92,62,30
2015-08-11 08:00:00,144,95,49
2015-08-11 09:00:00,63,36,27
2015-08-11 10:00:00,27,18,9
2015-08-11 11:00:00,36,22,14
2015-08-11 12:00:00,40,27,13
2015-08-11 13:00:00,44,28,16
2015-08-11 14:00:00,32,23,9
2015-08-11 15:00:00,67,48,19
2015-08-11 16:00:00,113,87,26
2015-08-11 17:00:00,181,121,60
2015-08-11 18:00:00,82,48,34
2015-08-11 19:00:00,38,26,12
2015-08-11 20:00:00,17,15,2
2015-08-11 21:00:00,12,7,5
2015-08-11 22:00:00,15,6,9
2015-08-11 23:00:00,6,1,5
2015-08-12 00:00:00,5,5,0
2015-08-12 01:00:00,0,0,0
2015-08-12 02:00:00,1,0,1
2015-08-12 03:00:00,1,1,0
2015-08-12 04:00:00,1,0,1
2015-08-12 05:00:00,13,5,8
2015-08-12 06:00:00,36,20,16
2015-08-12 07:00:00,95,68,27
2015-08-12 08:00:00,121,81,40
2015-08-12 09:00:00,60,40,20
2015-08-12 10:00:00,35,28,7
2015-08-12 11:00:00,29,17,12
2015-08-12 12:00:00,45,32,13
2015-08-12 13:00:00,28,15,13
2015-08-12 14:00:00,24,14,10
2015-08-12 15:00:00,68,41,27
2015-08-12 16:00:00,126,78,48
2015-08-12 17:00:00,172,112,60
2015-08-12 18:00:00,63,38,25
2015-08-12 19:00:00,20,9,11
2015-08-12 20:00:00,14,12,2
2015-08-12 21:00:00,14,11,3
2015-08-12 22:00:00,9,4,5
2015-08-12 23:00:00,5,2,3
2015-08-13 00:00:00,5,3,2
2015-08-13 01:00:00,2,2,0
2015-08-13 02:00:00,3,2,1
2015-08-13 03:00:00,0,0,0
2015-08-13 04:00:00,0,0,0
2015-08-13 05:00:00,10,4,6
2015-08-13 06:00:00,40,21,19
2015-08-13 07:00:00,86,54,32
2015-08-13 08:00:00,131,91,40
2015-08-13 09:00:00,57,36,21
2015-08-13 10:00:00,33,20,13
2015-08-13 11:00:00,28,19,9
2015-08-13 12:00:00,36,17,19
2015-08-13 13:00:00,46,32,14
2015-08-13 14:00:00,36,23,13
2015-08-13 15:00:00,50,37,13
2015-08-13 16:00:00,100,67,33
2015-08-13 17:00:00,173,108,65
2015-08-13 18:00:00,82,51,31
2015-08-13 19:00:00,27,17,10
2015-08-13 20:00:00,19,13,6
2015-08-13 21:00:00,17,14,3
2015-08-13 22:00:00,7,4,3
2015-08-13 23:00:00,9,6,3
2015-08-14 00:00:00,3,2,1
2015-08-14 01:00:00,3,1,2
2015-08-14 02:00:00,2,1,1
2015-08-14 03:00:00,0,0,0
2015-08-14 04:00:00,1,1,0
2015-08-14 05:00:00,3,1,2
2015-08-14 06:00:00,21,11,10
2015-08-14 07:00:00,47,38,9
2015-08-14 08:00:00,79,54,25
2015-08-14 09:00:00,40,27,13
2015-08-14 10:00:00,16,11,5
2015-08-14 11:00:00,27,22,5
2015-08-14 12:00:00,33,20,13
2015-08-14 13:00:00,25,13,12
2015-08-14 14:00:00,21,13,8
2015-08-14 15:00:00,33,24,9
2015-08-14 16:00:00,56,38,18
2015-08-14 17:00:00,53,36,17
2015-08-14 18:00:00,34,24,10
2015-08-14 19:00:00,20,15,5
2015-08-14 20:00:00,11,9,2
2015-08-14 21:00:00,6,4,2
2015-08-14 22:00:00,9,3,6
2015-08-14 23:00:00,4,0,4
2015-08-15 00:00:00,4,4,0
2015-08-15 01:00:00,0,0,0
2015-08-15 02:00:00,0,0,0
2015-08-15 03:00:00,1,1,0
2015-08-15 04:00:00,1,0,1
2015-08-15 05:00:00,1,1,0
2015-08-15 06:00:00,4,2,2
2015-08-15 07:00:00,7,5,2
2015-08-15 08:00:00,20,17,3
2015-08-15 09:00:00,7,5,2
2015-08-15 10:00:00,12,5,7
2015-08-15 11:00:00,19,13,6
2015-08-15 12:00:00,14,11,3
2015-08-15 13:00:00,29,20,9
2015-08-15 14:00:00,28,16,12
2015-08-15 15:00:00,33,14,19
2015-08-15 16:00:00,37,22,15
2015-08-15 17:00:00,14,8,6
2015-08-15 18:00:00,9,5,4
2015-08-15 19:00:00,16,8,8
2015-08-15 20:00:00,15,8,7
2015-08-15 21:00:00,10,6,4
2015-08-15 22:00:00,9,6,3
2015-08-15 23:00:00,5,3,2
2015-08-16 00:00:00,6,5,1
2015-08-16 01:00:00,1,1,0
2015-08-16 02:00:00,2,2,0
2015-08-16 03:00:00,1,1,0
2015-08-16 04:00:00,1,1,0
2015-08-16 05:00:00,3,3,0
2015-08-16 06:00:00,3,2,1
2015-08-16 07:00:00,3,1,2
2015-08-16 08:00:00,11,7,4
2015-08-16 09:00:00,10,6,4
2015-08-16 10:00:00,13,9,4
2015-08-16 11:00:00,30,29,1
2015-08-16 12:00:00,41,36,5
2015-08-16 13:00:00,84,73,11
2015-08-16 14:00:00,29,16,13
2015-08-16 15:00:00,28,20,8
2015-08-16 16:00:00,60,11,49
2015-08-16 17:00:00,32,13,19
2015-08-16 18:00:00,14,8,6
2015-08-16 19:00:00,9,8,1
2015-08-16 20:00:00,12,6,6
2015-08-16 21:00:00,6,3,3
2015-08-16 22:00:00,6,2,4
2015-08-16 23:00:00,4,4,0
2015-08-17 00:00:00,1,0,1
2015-08-17 01:00:00,1,1,0
2015-08-17 02:00:00,2,2,0
2015-08-17 03:00:00,1,1,0
2015-08-17 04:00:00,1,0,1
2015-08-17 05:00:00,6,3,3
2015-08-17 06:00:00,34,19,15
2015-08-17 07:00:00,72,51,21
2015-08-17 08:00:00,114,71,43
2015-08-17 09:00:00,70,49,21
2015-08-17 10:00:00,31,23,8
2015-08-17 11:00:00,27,16,11
2015-08-17 12:00:00,28,18,10
2015-08-17 13:00:00,30,15,15
2015-08-17 14:00:00,36,23,13
2015-08-17 15:00:00,71,50,21
2015-08-17 16:00:00,110,73,37
2015-08-17 17:00:00,148,91,57
2015-08-17 18:00:00,71,48,23
2015-08-17 19:00:00,30,19,11
2015-08-17 20:00:00,11,8,3
2015-08-17 21:00:00,10,9,1
2015-08-17 22:00:00,5,2,3
2015-08-17 23:00:00,7,4,3
2015-08-18 00:00:00,4,3,1
2015-08-18 01:00:00,0,0,0
2015-08-18 02:00:00,2,1,1
2015-08-18 03:00:00,1,1,0
2015-08-18 04:00:00,0,0,0
2015-08-18 05:00:00,14,6,8
2015-08-18 06:00:00,38,25,13
2015-08-18 07:00:00,98,61,37
2015-08-18 08:00:00,119,82,37
2015-08-18 09:00:00,73,44,29
2015-08-18 10:00:00,29,17,12
2015-08-18 11:00:00,42,27,15
2015-08-18 12:00:00,24,13,11
2015-08-18 13:00:00,33,18,15
2015-08-18 14:00:00,46,27,19
2015-08-18 15:00:00,68,44,24
2015-08-18 16:00:00,116,79,37
2015-08-18 17:00:00,186,127,59
2015-08-18 18:00:00,68,41,27
2015-08-18 19:00:00,32,20,12
2015-08-18 20:00:00,25,22,3
2015-08-18 21:00:00,12,6,6
2015-08-18 22:00:00,6,2,4
2015-08-18 23:00:00,5,4,1
2015-08-19 00:00:00,2,1,1
2015-08-19 01:00:00,2,2,0
2015-08-19 02:00:00,1,1,0
2015-08-19 03:00:00,1,1,0
2015-08-19 04:00:00,0,0,0
2015-08-19 05:00:00,14,6,8
2015-08-19 06:00:00,47,33,14
2015-08-19 07:00:00,78,56,22
2015-08-19 08:00:00,134,100,34
2015-08-19 09:00:00,68,47,21
2015-08-19 10:00:00,35,23,12
2015-08-19 11:00:00,27,17,10
2015-08-19 12:00:00,33,19,14
2015-08-19 13:00:00,31,21,10
2015-08-19 14:00:00,36,22,14
2015-08-19 15:00:00,70,43,27
2015-08-19 16:00:00,127,92,35
2015-08-19 17:00:00,173,139,34
2015-08-19 18:00:00,90,67,23
2015-08-19 19:00:00,42,34,8
2015-08-19 20:00:00,24,15,9
2015-08-19 21:00:00,33,8,25
2015-08-19 22:00:00,16,10,6
2015-08-19 23:00:00,9,4,5
2015-08-20 00:00:00,4,4,0
2015-08-20 01:00:00,0,0,0
2015-08-20 02:00:00,2,1,1
2015-08-20 03:00:00,0,0,0
2015-08-20 04:00:00,1,0,1
2015-08-20 05:00:00,15,8,7
2015-08-20 06:00:00,38,23,15
2015-08-20 07:00:00,73,46,27
2015-08-20 08:00:00,116,83,33
2015-08-20 09:00:00,52,38,14
2015-08-20 10:00:00,25,14,11
2015-08-20 11:00:00,38,26,12
2015-08-20 12:00:00,39,22,17
2015-08-20 13:00:00,36,21,15
2015-08-20 14:00:00,27,16,11
2015-08-20 15:00:00,60,37,23
2015-08-20 16:00:00,100,81,19
2015-08-20 17:00:00,171,116,55
2015-08-20 18:00:00,80,49,31
2015-08-20 19:00:00,37,28,9
2015-08-20 20:00:00,24,17,7
2015-08-20 21:00:00,11,9,2
2015-08-20 22:00:00,4,4,0
2015-08-20 23:00:00,5,3,2
2015-08-21 00:00:00,6,2,4
2015-08-21 01:00:00,2,1,1
2015-08-21 02:00:00,1,1,0
2015-08-21 03:00:00,3,1,2
2015-08-21 04:00:00,1,0,1
2015-08-21 05:00:00,3,1,2
2015-08-21 06:00:00,32,19,13
2015-08-21 07:00:00,77,57,20
2015-08-21 08:00:00,91,61,30
2015-08-21 09:00:00,66,33,33
2015-08-21 10:00:00,20,11,9
2015-08-21 11:00:00,45,20,25
2015-08-21 12:00:00,36,14,22
2015-08-21 13:00:00,29,18,11
2015-08-21 14:00:00,35,26,9
2015-08-21 15:00:00,72,49,23
2015-08-21 16:00:00,111,75,36
2015-08-21 17:00:00,139,102,37
2015-08-21 18:00:00,54,34,20
2015-08-21 19:00:00,24,14,10
2015-08-21 20:00:00,10,6,4
2015-08-21 21:00:00,12,8,4
2015-08-21 22:00:00,11,2,9
2015-08-21 23:00:00,9,3,6
2015-08-22 00:00:00,10,8,2
2015-08-22 01:00:00,6,5,1
2015-08-22 02:00:00,0,0,0
2015-08-22 03:00:00,2,1,1
2015-08-22 04:00:00,0,0,0
2015-08-22 05:00:00,4,3,1
2015-08-22 06:00:00,3,2,1
2015-08-22 07:00:00,4,2,2
2015-08-22 08:00:00,11,7,4
2015-08-22 09:00:00,25,18,7
2015-08-22 10:00:00,16,8,8
2015-08-22 11:00:00,10,6,4
2015-08-22 12:00:00,22,6,16
2015-08-22 13:00:00,25,14,11
2015-08-22 14:00:00,18,13,5
2015-08-22 15:00:00,19,12,7
2015-08-22 16:00:00,23,15,8
2015-08-22 17:00:00,17,10,7
2015-08-22 18:00:00,26,16,10
2015-08-22 19:00:00,21,13,8
2015-08-22 20:00:00,6,3,3
2015-08-22 21:00:00,9,4,5
2015-08-22 22:00:00,7,4,3
2015-08-22 23:00:00,11,6,5
2015-08-23 00:00:00,4,3,1
2015-08-23 01:00:00,2,2,0
2015-08-23 02:00:00,2,1,1
2015-08-23 03:00:00,1,1,0
2015-08-23 04:00:00,0,0,0
2015-08-23 05:00:00,1,0,1
2015-08-23 06:00:00,2,2,0
2015-08-23 07:00:00,7,5,2
2015-08-23 08:00:00,8,6,2
2015-08-23 09:00:00,22,14,8
2015-08-23 10:00:00,20,11,9
2015-08-23 11:00:00,10,7,3
2015-08-23 12:00:00,23,16,7
2015-08-23 13:00:00,16,11,5
2015-08-23 14:00:00,21,16,5
2015-08-23 15:00:00,12,9,3
2015-08-23 16:00:00,29,14,15
2015-08-23 17:00:00,23,13,10
2015-08-23 18:00:00,13,5,8
2015-08-23 19:00:00,15,8,7
2015-08-23 20:00:00,9,7,2
2015-08-23 21:00:00,7,5,2
2015-08-23 22:00:00,5,4,1
2015-08-23 23:00:00,3,2,1
2015-08-24 00:00:00,3,2,1
2015-08-24 01:00:00,0,0,0
2015-08-24 02:00:00,1,1,0
2015-08-24 03:00:00,0,0,0
2015-08-24 04:00:00,0,0,0
2015-08-24 05:00:00,12,5,7
2015-08-24 06:00:00,37,25,12
2015-08-24 07:00:00,75,45,30
2015-08-24 08:00:00,133,92,41
2015-08-24 09:00:00,56,34,22
2015-08-24 10:00:00,20,13,7
2015-08-24 11:00:00,44,26,18
2015-08-24 12:00:00,25,14,11
2015-08-24 13:00:00,29,17,12
2015-08-24 14:00:00,45,29,16
2015-08-24 15:00:00,55,41,14
2015-08-24 16:00:00,113,75,38
2015-08-24 17:00:00,153,107,46
2015-08-24 18:00:00,79,48,31
2015-08-24 19:00:00,30,16,14
2015-08-24 20:00:00,13,9,4
2015-08-24 21:00:00,12,7,5
2015-08-24 22:00:00,11,6,5
2015-08-24 23:00:00,4,2,2
2015-08-25 00:00:00,4,4,0
2015-08-25 01:00:00,0,0,0
2015-08-25 02:00:00,2,1,1
2015-08-25 03:00:00,0,0,0
2015-08-25 04:00:00,1,0,1
2015-08-25 05:00:00,11,6,5
2015-08-25 06:00:00,35,23,12
2015-08-25 07:00:00,104,65,39
2015-08-25 08:00:00,137,98,39
2015-08-25 09:00:00,57,36,21
2015-08-25 10:00:00,34,29,5
2015-08-25 11:00:00,32,18,14
2015-08-25 12:00:00,34,21,13
2015-08-25 13:00:00,32,18,14
2015-08-25 14:00:00,39,26,13
2015-08-25 15:00:00,65,49,16
2015-08-25 16:00:00,124,85,39
2015-08-25 17:00:00,172,115,57
2015-08-25 18:00:00,72,48,24
2015-08-25 19:00:00,35,25,10
2015-08-25 20:00:00,20,11,9
2015-08-25 21:00:00,11,8,3
2015-08-25 22:00:00,11,5,6
2015-08-25 23:00:00,4,2,2
2015-08-26 00:00:00,3,3,0
2015-08-26 01:00:00,0,0,0
2015-08-26 02:00:00,0,0,0
2015-08-26 03:00:00,0,0,0
2015-08-26 04:00:00,0,0,0
2015-08-26 05:00:00,12,7,5
2015-08-26 06:00:00,41,24,17
2015-08-26 07:00:00,76,56,20
2015-08-26 08:00:00,144,100,44
2015-08-26 09:00:00,61,40,21
2015-08-26 10:00:00,38,21,17
2015-08-26 11:00:00,26,19,7
2015-08-26 12:00:00,37,27,10
2015-08-26 13:00:00,27,13,14
2015-08-26 14:00:00,45,27,18
2015-08-26 15:00:00,51,37,14
2015-08-26 16:00:00,99,67,32
2015-08-26 17:00:00,138,90,48
2015-08-26 18:00:00,61,37,24
2015-08-26 19:00:00,27,13,14
2015-08-26 20:00:00,19,16,3
2015-08-26 21:00:00,7,6,1
2015-08-26 22:00:00,8,6,2
2015-08-26 23:00:00,7,3,4
2015-08-27 00:00:00,2,2,0
2015-08-27 01:00:00,1,0,1
2015-08-27 02:00:00,0,0,0
2015-08-27 03:00:00,0,0,0
2015-08-27 04:00:00,1,0,1
2015-08-27 05:00:00,7,3,4
2015-08-27 06:00:00,43,31,12
2015-08-27 07:00:00,84,54,30
2015-08-27 08:00:00,112,78,34
2015-08-27 09:00:00,69,41,28
2015-08-27 10:00:00,27,19,8
2015-08-27 11:00:00,26,15,11
2015-08-27 12:00:00,37,18,19
2015-08-27 13:00:00,36,19,17
2015-08-27 14:00:00,31,19,12
2015-08-27 15:00:00,61,37,24
2015-08-27 16:00:00,108,80,28
2015-08-27 17:00:00,146,103,43
2015-08-27 18:00:00,70,44,26
2015-08-27 19:00:00,26,14,12
2015-08-27 20:00:00,22,17,5
2015-08-27 21:00:00,9,8,1
2015-08-27 22:00:00,5,3,2
2015-08-27 23:00:00,2,1,1
2015-08-28 00:00:00,4,4,0
2015-08-28 01:00:00,2,2,0
2015-08-28 02:00:00,0,0,0
2015-08-28 03:00:00,0,0,0
2015-08-28 04:00:00,0,0,0
2015-08-28 05:00:00,5,3,2
2015-08-28 06:00:00,25,14,11
2015-08-28 07:00:00,49,27,22
2015-08-28 08:00:00,74,54,20
2015-08-28 09:00:00,39,18,21
2015-08-28 10:00:00,35,23,12
2015-08-28 11:00:00,26,16,10
2015-08-28 12:00:00,27,16,11
2015-08-28 13:00:00,18,11,7
2015-08-28 14:00:00,40,31,9
2015-08-28 15:00:00,66,45,21
2015-08-28 16:00:00,79,49,30
2015-08-28 17:00:00,87,56,31
2015-08-28 18:00:00,40,24,16
2015-08-28 19:00:00,13,7,6
2015-08-28 20:00:00,10,7,3
2015-08-28 21:00:00,10,6,4
2015-08-28 22:00:00,8,3,5
2015-08-28 23:00:00,7,3,4
2015-08-29 00:00:00,5,4,1
2015-08-29 01:00:00,2,1,1
2015-08-29 02:00:00,3,3,0
2015-08-29 03:00:00,0,0,0
2015-08-29 04:00:00,1,1,0
2015-08-29 05:00:00,3,1,2
2015-08-29 06:00:00,2,1,1
2015-08-29 07:00:00,3,2,1
2015-08-29 08:00:00,4,3,1
2015-08-29 09:00:00,8,5,3
2015-08-29 10:00:00,12,7,5
2015-08-29 11:00:00,9,6,3
2015-08-29 12:00:00,11,9,2
2015-08-29 13:00:00,13,8,5
2015-08-29 14:00:00,10,6,4
2015-08-29 15:00:00,16,10,6
2015-08-29 16:00:00,16,8,8
2015-08-29 17:00:00,12,8,4
2015-08-29 18:00:00,7,6,1
2015-08-29 19:00:00,4,1,3
2015-08-29 20:00:00,4,3,1
2015-08-29 21:00:00,1,0,1
2015-08-29 22:00:00,5,2,3
2015-08-29 23:00:00,0,0,0
2015-08-30 00:00:00,3,3,0
2015-08-30 01:00:00,0,0,0
2015-08-30 02:00:00,1,1,0
2015-08-30 03:00:00,1,1,0
2015-08-30 04:00:00,0,0,0
2015-08-30 05:00:00,2,2,0
2015-08-30 06:00:00,1,0,1
2015-08-30 07:00:00,1,1,0
2015-08-30 08:00:00,8,7,1
2015-08-30 09:00:00,0,0,0
2015-08-30 10:00:00,18,12,6
2015-08-30 11:00:00,16,14,2
2015-08-30 12:00:00,32,28,4
2015-08-30 13:00:00,64,62,2
2015-08-30 14:00:00,11,7,4
2015-08-30 15:00:00,16,6,10
2015-08-30 16:00:00,46,7,39
2015-08-30 17:00:00,10,5,5
2015-08-30 18:00:00,8,3,5
2015-08-30 19:00:00,9,7,2
2015-08-30 20:00:00,5,5,0
2015-08-30 21:00:00,5,3,2
2015-08-30 22:00:00,2,0,2
2015-08-30 23:00:00,6,6,0
2015-08-31 00:00:00,4,2,2
2015-08-31 01:00:00,2,2,0
2015-08-31 02:00:00,1,0,1
2015-08-31 03:00:00,0,0,0
2015-08-31 04:00:00,2,2,0
2015-08-31 05:00:00,8,4,4
2015-08-31 06:00:00,22,14,8
2015-08-31 07:00:00,60,37,23
2015-08-31 08:00:00,94,56,38
2015-08-31 09:00:00,46,32,14
2015-08-31 10:00:00,15,6,9
2015-08-31 11:00:00,24,15,9
2015-08-31 12:00:00,41,28,13
2015-08-31 13:00:00,23,16,7
2015-08-31 14:00:00,24,16,8
2015-08-31 15:00:00,42,29,13
2015-08-31 16:00:00,77,56,21
2015-08-31 17:00:00,100,67,33
2015-08-31 18:00:00,47,29,18
2015-08-31 19:00:00,20,15,5
2015-08-31 20:00:00,8,3,5
2015-08-31 21:00:00,11,5,6
2015-08-31 22:00:00,6,4,2
2015-08-31 23:00:00,11,10,1
2015-09-01 00:00:00,3,3,0
2015-09-01 01:00:00,0,0,0
2015-09-01 02:00:00,1,0,1
2015-09-01 03:00:00,0,0,0
2015-09-01 04:00:00,1,1,0
2015-09-01 05:00:00,10,7,3
2015-09-01 06:00:00,30,23,7
2015-09-01 07:00:00,63,48,15
2015-09-01 08:00:00,100,71,29
2015-09-01 09:00:00,37,21,16
2015-09-01 10:00:00,25,13,12
2015-09-01 11:00:00,23,13,10
2015-09-01 12:00:00,25,14,11
2015-09-01 13:00:00,31,17,14
2015-09-01 14:00:00,27,22,5
2015-09-01 15:00:00,46,33,13
2015-09-01 16:00:00,70,48,22
2015-09-01 17:00:00,122,75,47
2015-09-01 18:00:00,41,20,21
2015-09-01 19:00:00,16,12,4
2015-09-01 20:00:00,12,7,5
2015-09-01 21:00:00,6,5,1
2015-09-01 22:00:00,4,4,0
2015-09-01 23:00:00,3,2,1
2015-09-02 00:00:00,1,1,0
2015-09-02 01:00:00,0,0,0
2015-09-02 02:00:00,1,0,1
2015-09-02 03:00:00,0,0,0
2015-09-02 04:00:00,1,1,0
2015-09-02 05:00:00,9,7,2
2015-09-02 06:00:00,33,16,17
2015-09-02 07:00:00,74,56,18
2015-09-02 08:00:00,105,71,34
2015-09-02 09:00:00,55,34,21
2015-09-02 10:00:00,26,18,8
2015-09-02 11:00:00,24,14,10
2015-09-02 12:00:00,27,11,16
2015-09-02 13:00:00,31,19,12
2015-09-02 14:00:00,36,23,13
2015-09-02 15:00:00,52,31,21
2015-09-02 16:00:00,94,65,29
2015-09-02 17:00:00,146,104,42
2015-09-02 18:00:00,57,30,27
2015-09-02 19:00:00,23,16,7
2015-09-02 20:00:00,15,12,3
2015-09-02 21:00:00,2,0,2
2015-09-02 22:00:00,11,8,3
2015-09-02 23:00:00,3,2,1
2015-09-03 00:00:00,4,4,0
2015-09-03 01:00:00,0,0,0
2015-09-03 02:00:00,1,0,1
2015-09-03 03:00:00,1,1,0
2015-09-03 04:00:00,0,0,0
2015-09-03 05:00:00,8,5,3
2015-09-03 06:00:00,37,23,14
2015-09-03 07:00:00,62,35,27
2015-09-03 08:00:00,94,61,33
2015-09-03 09:00:00,50,29,21
2015-09-03 10:00:00,31,21,10
2015-09-03 11:00:00,31,16,15
2015-09-03 12:00:00,30,13,17
2015-09-03 13:00:00,37,27,10
2015-09-03 14:00:00,35,25,10
2015-09-03 15:00:00,53,27,26
2015-09-03 16:00:00,103,70,33
2015-09-03 17:00:00,147,106,41
2015-09-03 18:00:00,96,68,28
2015-09-03 19:00:00,44,27,17
2015-09-03 20:00:00,22,14,8
2015-09-03 21:00:00,13,10,3
2015-09-03 22:00:00,14,7,7
2015-09-03 23:00:00,5,2,3
2015-09-04 00:00:00,8,3,5
2015-09-04 01:00:00,0,0,0
2015-09-04 02:00:00,1,0,1
2015-09-04 03:00:00,2,2,0
2015-09-04 04:00:00,1,1,0
2015-09-04 05:00:00,6,3,3
2015-09-04 06:00:00,25,9,16
2015-09-04 07:00:00,46,32,14
2015-09-04 08:00:00,78,49,29
2015-09-04 09:00:00,58,34,24
2015-09-04 10:00:00,32,23,9
2015-09-04 11:00:00,24,17,7
2015-09-04 12:00:00,20,12,8
2015-09-04 13:00:00,43,30,13
2015-09-04 14:00:00,47,31,16
2015-09-04 15:00:00,63,41,22
2015-09-04 16:00:00,85,57,28
2015-09-04 17:00:00,96,58,38
2015-09-04 18:00:00,46,27,19
2015-09-04 19:00:00,16,10,6
2015-09-04 20:00:00,16,12,4
2015-09-04 21:00:00,7,6,1
2015-09-04 22:00:00,5,3,2
2015-09-04 23:00:00,3,3,0
2015-09-05 00:00:00,6,4,2
2015-09-05 01:00:00,2,2,0
2015-09-05 02:00:00,0,0,0
2015-09-05 03:00:00,2,1,1
2015-09-05 04:00:00,0,0,0
2015-09-05 05:00:00,1,0,1
2015-09-05 06:00:00,4,4,0
2015-09-05 07:00:00,2,1,1
2015-09-05 08:00:00,16,16,0
2015-09-05 09:00:00,12,7,5
2015-09-05 10:00:00,17,9,8
2015-09-05 11:00:00,16,13,3
2015-09-05 12:00:00,20,16,4
2015-09-05 13:00:00,31,17,14
2015-09-05 14:00:00,25,17,8
2015-09-05 15:00:00,15,12,3
2015-09-05 16:00:00,17,7,10
2015-09-05 17:00:00,12,5,7
2015-09-05 18:00:00,13,9,4
2015-09-05 19:00:00,8,5,3
2015-09-05 20:00:00,3,2,1
2015-09-05 21:00:00,16,4,12
2015-09-05 22:00:00,3,2,1
2015-09-05 23:00:00,3,3,0
2015-09-06 00:00:00,5,1,4
2015-09-06 01:00:00,1,1,0
2015-09-06 02:00:00,2,2,0
2015-09-06 03:00:00,0,0,0
2015-09-06 04:00:00,0,0,0
2015-09-06 05:00:00,0,0,0
2015-09-06 06:00:00,1,1,0
2015-09-06 07:00:00,3,3,0
2015-09-06 08:00:00,3,2,1
2015-09-06 09:00:00,3,2,1
2015-09-06 10:00:00,5,3,2
2015-09-06 11:00:00,7,6,1
2015-09-06 12:00:00,17,12,5
2015-09-06 13:00:00,9,6,3
2015-09-06 14:00:00,16,6,10
2015-09-06 15:00:00,14,8,6
2015-09-06 16:00:00,10,7,3
2015-09-06 17:00:00,16,14,2
2015-09-06 18:00:00,3,1,2
2015-09-06 19:00:00,5,3,2
2015-09-06 20:00:00,5,2,3
2015-09-06 21:00:00,4,4,0
2015-09-06 22:00:00,5,2,3
2015-09-06 23:00:00,4,1,3
2015-09-07 00:00:00,2,2,0
2015-09-07 01:00:00,1,1,0
2015-09-07 02:00:00,3,1,2
2015-09-07 03:00:00,0,0,0
2015-09-07 04:00:00,2,2,0
2015-09-07 05:00:00,0,0,0
2015-09-07 06:00:00,1,1,0
2015-09-07 07:00:00,6,5,1
2015-09-07 08:00:00,6,4,2
2015-09-07 09:00:00,14,8,6
2015-09-07 10:00:00,11,8,3
2015-09-07 11:00:00,13,11,2
2015-09-07 12:00:00,24,18,6
2015-09-07 13:00:00,20,11,9
2015-09-07 14:00:00,27,16,11
2015-09-07 15:00:00,33,23,10
2015-09-07 16:00:00,25,16,9
2015-09-07 17:00:00,27,12,15
2015-09-07 18:00:00,14,9,5
2015-09-07 19:00:00,13,7,6
2015-09-07 20:00:00,8,5,3
2015-09-07 21:00:00,12,10,2
2015-09-07 22:00:00,6,4,2
2015-09-07 23:00:00,2,2,0
2015-09-08 00:00:00,2,2,0
2015-09-08 01:00:00,1,1,0
2015-09-08 02:00:00,2,1,1
2015-09-08 03:00:00,1,1,0
2015-09-08 04:00:00,0,0,0
2015-09-08 05:00:00,8,3,5
2015-09-08 06:00:00,36,26,10
2015-09-08 07:00:00,83,53,30
2015-09-08 08:00:00,134,88,46
2015-09-08 09:00:00,51,33,18
2015-09-08 10:00:00,31,24,7
2015-09-08 11:00:00,28,19,9
2015-09-08 12:00:00,26,13,13
2015-09-08 13:00:00,24,15,9
2015-09-08 14:00:00,36,15,21
2015-09-08 15:00:00,50,35,15
2015-09-08 16:00:00,118,86,32
2015-09-08 17:00:00,135,90,45
2015-09-08 18:00:00,55,27,28
2015-09-08 19:00:00,43,33,10
2015-09-08 20:00:00,16,8,8
2015-09-08 21:00:00,2,1,1
2015-09-08 22:00:00,4,2,2
2015-09-08 23:00:00,3,1,2
2015-09-09 00:00:00,7,7,0
2015-09-09 01:00:00,1,1,0
2015-09-09 02:00:00,1,0,1
2015-09-09 03:00:00,1,1,0
2015-09-09 04:00:00,2,1,1
2015-09-09 05:00:00,8,2,6
2015-09-09 06:00:00,39,23,16
2015-09-09 07:00:00,82,54,28
2015-09-09 08:00:00,117,84,33
2015-09-09 09:00:00,54,28,26
2015-09-09 10:00:00,35,18,17
2015-09-09 11:00:00,23,15,8
2015-09-09 12:00:00,46,31,15
2015-09-09 13:00:00,20,13,7
2015-09-09 14:00:00,38,24,14
2015-09-09 15:00:00,59,40,19
2015-09-09 16:00:00,96,71,25
2015-09-09 17:00:00,160,102,58
2015-09-09 18:00:00,70,51,19
2015-09-09 19:00:00,33,21,12
2015-09-09 20:00:00,17,12,5
2015-09-09 21:00:00,9,6,3
2015-09-09 22:00:00,8,3,5
2015-09-09 23:00:00,6,5,1
2015-09-10 00:00:00,3,2,1
2015-09-10 01:00:00,1,0,1
2015-09-10 02:00:00,2,1,1
2015-09-10 03:00:00,0,0,0
2015-09-10 04:00:00,0,0,0
2015-09-10 05:00:00,11,4,7
2015-09-10 06:00:00,28,19,9
2015-09-10 07:00:00,76,52,24
2015-09-10 08:00:00,106,75,31
2015-09-10 09:00:00,54,28,26
2015-09-10 10:00:00,31,14,17
2015-09-10 11:00:00,35,27,8
2015-09-10 12:00:00,57,36,21
2015-09-10 13:00:00,28,13,15
2015-09-10 14:00:00,35,17,18
2015-09-10 15:00:00,68,42,26
2015-09-10 16:00:00,101,69,32
2015-09-10 17:00:00,148,105,43
2015-09-10 18:00:00,71,42,29
2015-09-10 19:00:00,29,20,9
2015-09-10 20:00:00,23,13,10
2015-09-10 21:00:00,17,10,7
2015-09-10 22:00:00,6,4,2
2015-09-10 23:00:00,3,3,0
2015-09-11 00:00:00,4,4,0
2015-09-11 01:00:00,1,1,0
2015-09-11 02:00:00,2,1,1
2015-09-11 03:00:00,0,0,0
2015-09-11 04:00:00,0,0,0
2015-09-11 05:00:00,7,3,4
2015-09-11 06:00:00,26,15,11
2015-09-11 07:00:00,76,56,20
2015-09-11 08:00:00,105,68,37
2015-09-11 09:00:00,44,31,13
2015-09-11 10:00:00,40,21,19
2015-09-11 11:00:00,26,19,7
2015-09-11 12:00:00,35,18,17
2015-09-11 13:00:00,37,24,13
2015-09-11 14:00:00,51,32,19
2015-09-11 15:00:00,59,38,21
2015-09-11 16:00:00,99,67,32
2015-09-11 17:00:00,127,91,36
2015-09-11 18:00:00,61,40,21
2015-09-11 19:00:00,24,13,11
2015-09-11 20:00:00,12,7,5
2015-09-11 21:00:00,6,4,2
2015-09-11 22:00:00,13,4,9
2015-09-11 23:00:00,5,1,4
2015-09-12 00:00:00,8,5,3
2015-09-12 01:00:00,1,0,1
2015-09-12 02:00:00,0,0,0
2015-09-12 03:00:00,3,2,1
2015-09-12 04:00:00,1,1,0
2015-09-12 05:00:00,1,0,1
2015-09-12 06:00:00,2,1,1
2015-09-12 07:00:00,8,4,4
2015-09-12 08:00:00,13,9,4
2015-09-12 09:00:00,21,14,7
2015-09-12 10:00:00,24,18,6
2015-09-12 11:00:00,18,13,5
2015-09-12 12:00:00,32,23,9
2015-09-12 13:00:00,34,23,11
2015-09-12 14:00:00,35,26,9
2015-09-12 15:00:00,28,15,13
2015-09-12 16:00:00,24,10,14
2015-09-12 17:00:00,30,16,14
2015-09-12 18:00:00,19,14,5
2015-09-12 19:00:00,15,8,7
2015-09-12 20:00:00,13,6,7
2015-09-12 21:00:00,20,9,11
2015-09-12 22:00:00,18,10,8
2015-09-12 23:00:00,11,6,5
2015-09-13 00:00:00,3,2,1
2015-09-13 01:00:00,1,1,0
2015-09-13 02:00:00,3,3,0
2015-09-13 03:00:00,1,0,1
2015-09-13 04:00:00,0,0,0
2015-09-13 05:00:00,2,1,1
2015-09-13 06:00:00,1,1,0
2015-09-13 07:00:00,1,1,0
2015-09-13 08:00:00,8,3,5
2015-09-13 09:00:00,19,15,4
2015-09-13 10:00:00,7,4,3
2015-09-13 11:00:00,10,3,7
2015-09-13 12:00:00,5,2,3
2015-09-13 13:00:00,8,6,2
2015-09-13 14:00:00,13,8,5
2015-09-13 15:00:00,9,6,3
2015-09-13 16:00:00,4,3,1
2015-09-13 17:00:00,13,9,4
2015-09-13 18:00:00,14,11,3
2015-09-13 19:00:00,14,9,5
2015-09-13 20:00:00,3,3,0
2015-09-13 21:00:00,7,7,0
2015-09-13 22:00:00,4,2,2
2015-09-13 23:00:00,5,4,1
2015-09-14 00:00:00,2,1,1
2015-09-14 01:00:00,2,0,2
2015-09-14 02:00:00,1,0,1
2015-09-14 03:00:00,1,0,1
2015-09-14 04:00:00,2,2,0
2015-09-14 05:00:00,10,6,4
2015-09-14 06:00:00,35,21,14
2015-09-14 07:00:00,76,47,29
2015-09-14 08:00:00,99,62,37
2015-09-14 09:00:00,50,29,21
2015-09-14 10:00:00,17,12,5
2015-09-14 11:00:00,26,14,12
2015-09-14 12:00:00,23,15,8
2015-09-14 13:00:00,21,14,7
2015-09-14 14:00:00,33,18,15
2015-09-14 15:00:00,53,36,17
2015-09-14 16:00:00,78,63,15
2015-09-14 17:00:00,145,103,42
2015-09-14 18:00:00,56,36,20
2015-09-14 19:00:00,27,19,8
2015-09-14 20:00:00,12,6,6
2015-09-14 21:00:00,9,7,2
2015-09-14 22:00:00,11,3,8
2015-09-14 23:00:00,1,1,0
2015-09-15 00:00:00,2,2,0
2015-09-15 01:00:00,4,1,3
2015-09-15 02:00:00,2,1,1
2015-09-15 03:00:00,4,4,0
2015-09-15 04:00:00,0,0,0
2015-09-15 05:00:00,6,3,3
2015-09-15 06:00:00,28,18,10
2015-09-15 07:00:00,73,51,22
2015-09-15 08:00:00,111,77,34
2015-09-15 09:00:00,72,46,26
2015-09-15 10:00:00,29,17,12
2015-09-15 11:00:00,20,13,7
2015-09-15 12:00:00,35,22,13
2015-09-15 13:00:00,17,7,10
2015-09-15 14:00:00,30,21,9
2015-09-15 15:00:00,55,43,12
2015-09-15 16:00:00,90,65,25
2015-09-15 17:00:00,154,104,50
2015-09-15 18:00:00,65,39,26
2015-09-15 19:00:00,28,16,12
2015-09-15 20:00:00,8,5,3
2015-09-15 21:00:00,14,9,5
2015-09-15 22:00:00,2,1,1
2015-09-15 23:00:00,3,2,1
2015-09-16 00:00:00,2,2,0
2015-09-16 01:00:00,1,0,1
2015-09-16 02:00:00,2,0,2
2015-09-16 03:00:00,1,1,0
2015-09-16 04:00:00,1,0,1
2015-09-16 05:00:00,6,4,2
2015-09-16 06:00:00,34,22,12
2015-09-16 07:00:00,71,41,30
2015-09-16 08:00:00,120,78,42
2015-09-16 09:00:00,58,37,21
2015-09-16 10:00:00,31,13,18
2015-09-16 11:00:00,29,24,5
2015-09-16 12:00:00,30,16,14
2015-09-16 13:00:00,37,21,16
2015-09-16 14:00:00,37,23,14
2015-09-16 15:00:00,49,39,10
2015-09-16 16:00:00,102,68,34
2015-09-16 17:00:00,140,95,45
2015-09-16 18:00:00,59,39,20
2015-09-16 19:00:00,28,19,9
2015-09-16 20:00:00,14,7,7
2015-09-16 21:00:00,6,4,2
2015-09-16 22:00:00,8,2,6
2015-09-16 23:00:00,5,1,4
2015-09-17 00:00:00,2,0,2
2015-09-17 01:00:00,1,0,1
2015-09-17 02:00:00,1,0,1
2015-09-17 03:00:00,0,0,0
2015-09-17 04:00:00,0,0,0
2015-09-17 05:00:00,7,4,3
2015-09-17 06:00:00,21,14,7
2015-09-17 07:00:00,61,38,23
2015-09-17 08:00:00,103,69,34
2015-09-17 09:00:00,44,27,17
2015-09-17 10:00:00,31,18,13
2015-09-17 11:00:00,31,26,5
2015-09-17 12:00:00,22,18,4
2015-09-17 13:00:00,25,11,14
2015-09-17 14:00:00,26,13,13
2015-09-17 15:00:00,34,20,14
2015-09-17 16:00:00,60,40,20
2015-09-17 17:00:00,99,68,31
2015-09-17 18:00:00,40,31,9
2015-09-17 19:00:00,13,8,5
2015-09-17 20:00:00,11,7,4
2015-09-17 21:00:00,10,8,2
2015-09-17 22:00:00,1,0,1
2015-09-17 23:00:00,1,1,0
2015-09-18 00:00:00,3,1,2
2015-09-18 01:00:00,1,0,1
2015-09-18 02:00:00,1,1,0
2015-09-18 03:00:00,0,0,0
2015-09-18 04:00:00,0,0,0
2015-09-18 05:00:00,3,2,1
2015-09-18 06:00:00,22,12,10
2015-09-18 07:00:00,69,45,24
2015-09-18 08:00:00,103,73,30
2015-09-18 09:00:00,40,21,19
2015-09-18 10:00:00,23,13,10
2015-09-18 11:00:00,19,9,10
2015-09-18 12:00:00,33,20,13
2015-09-18 13:00:00,40,25,15
2015-09-18 14:00:00,42,25,17
2015-09-18 15:00:00,54,36,18
2015-09-18 16:00:00,78,54,24
2015-09-18 17:00:00,92,66,26
2015-09-18 18:00:00,43,33,10
2015-09-18 19:00:00,19,15,4
2015-09-18 20:00:00,8,4,4
2015-09-18 21:00:00,6,4,2
2015-09-18 22:00:00,4,3,1
2015-09-18 23:00:00,3,2,1
2015-09-19 00:00:00,6,6,0
2015-09-19 01:00:00,3,2,1
2015-09-19 02:00:00,0,0,0
2015-09-19 03:00:00,0,0,0
2015-09-19 04:00:00,0,0,0
2015-09-19 05:00:00,4,3,1
2015-09-19 06:00:00,5,3,2
2015-09-19 07:00:00,6,4,2
2015-09-19 08:00:00,14,12,2
2015-09-19 09:00:00,14,10,4
2015-09-19 10:00:00,18,11,7
2015-09-19 11:00:00,17,10,7
2015-09-19 12:00:00,14,10,4
2015-09-19 13:00:00,28,21,7
2015-09-19 14:00:00,11,6,5
2015-09-19 15:00:00,16,10,6
2015-09-19 16:00:00,20,15,5
2015-09-19 17:00:00,14,11,3
2015-09-19 18:00:00,16,7,9
2015-09-19 19:00:00,12,7,5
2015-09-19 20:00:00,8,2,6
2015-09-19 21:00:00,1,0,1
2015-09-19 22:00:00,8,7,1
2015-09-19 23:00:00,5,4,1
2015-09-20 00:00:00,5,5,0
2015-09-20 01:00:00,3,3,0
2015-09-20 02:00:00,2,2,0
2015-09-20 03:00:00,1,1,0
2015-09-20 04:00:00,1,1,0
2015-09-20 05:00:00,0,0,0
2015-09-20 06:00:00,3,2,1
2015-09-20 07:00:00,2,1,1
2015-09-20 08:00:00,8,6,2
2015-09-20 09:00:00,10,4,6
2015-09-20 10:00:00,14,9,5
2015-09-20 11:00:00,7,4,3
2015-09-20 12:00:00,12,7,5
2015-09-20 13:00:00,25,18,7
2015-09-20 14:00:00,10,5,5
2015-09-20 15:00:00,24,15,9
2015-09-20 16:00:00,10,5,5
2015-09-20 17:00:00,11,8,3
2015-09-20 18:00:00,15,7,8
2015-09-20 19:00:00,9,7,2
2015-09-20 20:00:00,7,3,4
2015-09-20 21:00:00,3,3,0
2015-09-20 22:00:00,3,1,2
2015-09-20 23:00:00,3,2,1
2015-09-21 00:00:00,1,0,1
2015-09-21 01:00:00,1,1,0
2015-09-21 02:00:00,1,1,0
2015-09-21 03:00:00,1,1,0
2015-09-21 04:00:00,0,0,0
2015-09-21 05:00:00,21,7,14
2015-09-21 06:00:00,32,20,12
2015-09-21 07:00:00,71,47,24
2015-09-21 08:00:00,117,79,38
2015-09-21 09:00:00,47,28,19
2015-09-21 10:00:00,22,13,9
2015-09-21 11:00:00,29,17,12
2015-09-21 12:00:00,20,7,13
2015-09-21 13:00:00,27,19,8
2015-09-21 14:00:00,32,23,9
2015-09-21 15:00:00,44,33,11
2015-09-21 16:00:00,88,59,29
2015-09-21 17:00:00,161,113,48
2015-09-21 18:00:00,91,60,31
2015-09-21 19:00:00,23,8,15
2015-09-21 20:00:00,19,11,8
2015-09-21 21:00:00,8,7,1
2015-09-21 22:00:00,11,5,6
2015-09-21 23:00:00,0,0,0
2015-09-22 00:00:00,4,4,0
2015-09-22 01:00:00,1,1,0
2015-09-22 02:00:00,2,2,0
2015-09-22 03:00:00,0,0,0
2015-09-22 04:00:00,0,0,0
2015-09-22 05:00:00,10,3,7
2015-09-22 06:00:00,32,21,11
2015-09-22 07:00:00,108,75,33
2015-09-22 08:00:00,157,112,45
2015-09-22 09:00:00,69,48,21
2015-09-22 10:00:00,28,15,13
2015-09-22 11:00:00,26,16,10
2015-09-22 12:00:00,26,16,10
2015-09-22 13:00:00,34,14,20
2015-09-22 14:00:00,47,32,15
2015-09-22 15:00:00,55,41,14
2015-09-22 16:00:00,100,78,22
2015-09-22 17:00:00,164,112,52
2015-09-22 18:00:00,82,40,42
2015-09-22 19:00:00,29,9,20
2015-09-22 20:00:00,12,10,2
2015-09-22 21:00:00,8,7,1
2015-09-22 22:00:00,7,4,3
2015-09-22 23:00:00,4,4,0
2015-09-23 00:00:00,3,3,0
2015-09-23 01:00:00,1,1,0
2015-09-23 02:00:00,2,1,1
2015-09-23 03:00:00,1,0,1
2015-09-23 04:00:00,1,1,0
2015-09-23 05:00:00,11,9,2
2015-09-23 06:00:00,36,22,14
2015-09-23 07:00:00,86,58,28
2015-09-23 08:00:00,142,102,40
2015-09-23 09:00:00,57,39,18
2015-09-23 10:00:00,32,20,12
2015-09-23 11:00:00,35,18,17
2015-09-23 12:00:00,29,17,12
2015-09-23 13:00:00,31,18,13
2015-09-23 14:00:00,33,16,17
2015-09-23 15:00:00,61,44,17
2015-09-23 16:00:00,102,74,28
2015-09-23 17:00:00,194,133,61
2015-09-23 18:00:00,127,96,31
2015-09-23 19:00:00,42,26,16
2015-09-23 20:00:00,10,7,3
2015-09-23 21:00:00,37,8,29
2015-09-23 22:00:00,7,2,5
2015-09-23 23:00:00,5,5,0
2015-09-24 00:00:00,2,1,1
2015-09-24 01:00:00,0,0,0
2015-09-24 02:00:00,4,2,2
2015-09-24 03:00:00,1,1,0
2015-09-24 04:00:00,1,1,0
2015-09-24 05:00:00,6,4,2
2015-09-24 06:00:00,38,19,19
2015-09-24 07:00:00,88,55,33
2015-09-24 08:00:00,123,78,45
2015-09-24 09:00:00,70,41,29
2015-09-24 10:00:00,24,17,7
2015-09-24 11:00:00,33,22,11
2015-09-24 12:00:00,29,19,10
2015-09-24 13:00:00,42,27,15
2015-09-24 14:00:00,39,21,18
2015-09-24 15:00:00,48,34,14
2015-09-24 16:00:00,127,89,38
2015-09-24 17:00:00,177,119,58
2015-09-24 18:00:00,58,37,21
2015-09-24 19:00:00,21,18,3
2015-09-24 20:00:00,19,14,5
2015-09-24 21:00:00,11,8,3
2015-09-24 22:00:00,9,5,4
2015-09-24 23:00:00,11,6,5
2015-09-25 00:00:00,3,1,2
2015-09-25 01:00:00,1,1,0
2015-09-25 02:00:00,1,0,1
2015-09-25 03:00:00,0,0,0
2015-09-25 04:00:00,0,0,0
2015-09-25 05:00:00,2,1,1
2015-09-25 06:00:00,18,10,8
2015-09-25 07:00:00,44,28,16
2015-09-25 08:00:00,78,51,27
2015-09-25 09:00:00,34,16,18
2015-09-25 10:00:00,19,13,6
2015-09-25 11:00:00,20,12,8
2015-09-25 12:00:00,36,21,15
2015-09-25 13:00:00,20,15,5
2015-09-25 14:00:00,28,23,5
2015-09-25 15:00:00,46,28,18
2015-09-25 16:00:00,67,42,25
2015-09-25 17:00:00,89,66,23
2015-09-25 18:00:00,52,35,17
2015-09-25 19:00:00,12,4,8
2015-09-25 20:00:00,11,7,4
2015-09-25 21:00:00,7,5,2
2015-09-25 22:00:00,13,8,5
2015-09-25 23:00:00,3,1,2
2015-09-26 00:00:00,5,5,0
2015-09-26 01:00:00,1,1,0
2015-09-26 02:00:00,2,1,1
2015-09-26 03:00:00,2,1,1
2015-09-26 04:00:00,0,0,0
2015-09-26 05:00:00,0,0,0
2015-09-26 06:00:00,10,8,2
2015-09-26 07:00:00,4,0,4
2015-09-26 08:00:00,15,13,2
2015-09-26 09:00:00,15,9,6
2015-09-26 10:00:00,23,15,8
2015-09-26 11:00:00,25,16,9
2015-09-26 12:00:00,15,9,6
2015-09-26 13:00:00,24,16,8
2015-09-26 14:00:00,25,20,5
2015-09-26 15:00:00,28,17,11
2015-09-26 16:00:00,13,6,7
2015-09-26 17:00:00,19,12,7
2015-09-26 18:00:00,14,9,5
2015-09-26 19:00:00,11,6,5
2015-09-26 20:00:00,2,2,0
2015-09-26 21:00:00,8,7,1
2015-09-26 22:00:00,13,10,3
2015-09-26 23:00:00,11,7,4
2015-09-27 00:00:00,3,2,1
2015-09-27 01:00:00,4,3,1
2015-09-27 02:00:00,1,1,0
2015-09-27 03:00:00,3,2,1
2015-09-27 04:00:00,0,0,0
2015-09-27 05:00:00,1,1,0
2015-09-27 06:00:00,1,1,0
2015-09-27 07:00:00,3,3,0
2015-09-27 08:00:00,12,7,5
2015-09-27 09:00:00,16,13,3
2015-09-27 10:00:00,30,19,11
2015-09-27 11:00:00,22,12,10
2015-09-27 12:00:00,25,19,6
2015-09-27 13:00:00,34,21,13
2015-09-27 14:00:00,24,16,8
2015-09-27 15:00:00,15,10,5
2015-09-27 16:00:00,29,12,17
2015-09-27 17:00:00,23,8,15
2015-09-27 18:00:00,17,10,7
2015-09-27 19:00:00,8,5,3
2015-09-27 20:00:00,13,6,7
2015-09-27 21:00:00,7,5,2
2015-09-27 22:00:00,4,3,1
2015-09-27 23:00:00,3,1,2
2015-09-28 00:00:00,5,3,2
2015-09-28 01:00:00,1,0,1
2015-09-28 02:00:00,0,0,0
2015-09-28 03:00:00,0,0,0
2015-09-28 04:00:00,2,1,1
2015-09-28 05:00:00,8,4,4
2015-09-28 06:00:00,36,21,15
2015-09-28 07:00:00,79,50,29
2015-09-28 08:00:00,122,79,43
2015-09-28 09:00:00,58,43,15
2015-09-28 10:00:00,14,7,7
2015-09-28 11:00:00,25,17,8
2015-09-28 12:00:00,32,20,12
2015-09-28 13:00:00,17,10,7
2015-09-28 14:00:00,34,22,12
2015-09-28 15:00:00,43,28,15
2015-09-28 16:00:00,97,76,21
2015-09-28 17:00:00,144,94,50
2015-09-28 18:00:00,81,54,27
2015-09-28 19:00:00,27,19,8
2015-09-28 20:00:00,5,4,1
2015-09-28 21:00:00,7,4,3
2015-09-28 22:00:00,8,1,7
2015-09-28 23:00:00,5,1,4
2015-09-29 00:00:00,3,2,1
2015-09-29 01:00:00,1,1,0
2015-09-29 02:00:00,1,0,1
2015-09-29 03:00:00,0,0,0
2015-09-29 04:00:00,1,1,0
2015-09-29 05:00:00,3,0,3
2015-09-29 06:00:00,32,22,10
2015-09-29 07:00:00,87,52,35
2015-09-29 08:00:00,135,92,43
2015-09-29 09:00:00,63,36,27
2015-09-29 10:00:00,35,18,17
2015-09-29 11:00:00,28,19,9
2015-09-29 12:00:00,30,20,10
2015-09-29 13:00:00,35,23,12
2015-09-29 14:00:00,19,15,4
2015-09-29 15:00:00,44,29,15
2015-09-29 16:00:00,118,82,36
2015-09-29 17:00:00,199,115,84
2015-09-29 18:00:00,77,46,31
2015-09-29 19:00:00,30,22,8
2015-09-29 20:00:00,12,10,2
2015-09-29 21:00:00,11,7,4
2015-09-29 22:00:00,12,5,7
2015-09-29 23:00:00,1,1,0
2015-09-30 00:00:00,4,4,0
2015-09-30 01:00:00,0,0,0
2015-09-30 02:00:00,1,0,1
2015-09-30 03:00:00,0,0,0
2015-09-30 04:00:00,1,1,0
2015-09-30 05:00:00,10,5,5
2015-09-30 06:00:00,35,14,21
2015-09-30 07:00:00,79,37,42
2015-09-30 08:00:00,139,92,47
2015-09-30 09:00:00,49,29,20
2015-09-30 10:00:00,45,28,17
2015-09-30 11:00:00,33,20,13
2015-09-30 12:00:00,31,16,15
2015-09-30 13:00:00,35,23,12
2015-09-30 14:00:00,32,20,12
2015-09-30 15:00:00,35,28,7
2015-09-30 16:00:00,87,69,18
2015-09-30 17:00:00,159,108,51
2015-09-30 18:00:00,84,60,24
2015-09-30 19:00:00,30,22,8
2015-09-30 20:00:00,18,13,5
2015-09-30 21:00:00,7,5,2
2015-09-30 22:00:00,5,3,2
2015-09-30 23:00:00,4,4,0
2015-10-01 00:00:00,4,2,2
2015-10-01 01:00:00,1,1,0
2015-10-01 02:00:00,1,0,1
2015-10-01 03:00:00,0,0,0
2015-10-01 04:00:00,1,1,0
2015-10-01 05:00:00,8,5,3
2015-10-01 06:00:00,35,16,19
2015-10-01 07:00:00,82,53,29
2015-10-01 08:00:00,110,82,28
2015-10-01 09:00:00,51,27,24
2015-10-01 10:00:00,31,21,10
2015-10-01 11:00:00,22,12,10
2015-10-01 12:00:00,38,17,21
2015-10-01 13:00:00,30,22,8
2015-10-01 14:00:00,41,23,18
2015-10-01 15:00:00,59,45,14
2015-10-01 16:00:00,104,75,29
2015-10-01 17:00:00,146,109,37
2015-10-01 18:00:00,69,45,24
2015-10-01 19:00:00,14,9,5
2015-10-01 20:00:00,21,15,6
2015-10-01 21:00:00,14,10,4
2015-10-01 22:00:00,5,1,4
2015-10-01 23:00:00,2,1,1
2015-10-02 00:00:00,4,3,1
2015-10-02 01:00:00,5,3,2
2015-10-02 02:00:00,2,1,1
2015-10-02 03:00:00,1,1,0
2015-10-02 04:00:00,1,1,0
2015-10-02 05:00:00,5,2,3
2015-10-02 06:00:00,30,15,15
2015-10-02 07:00:00,53,27,26
2015-10-02 08:00:00,84,55,29
2015-10-02 09:00:00,44,23,21
2015-10-02 10:00:00,28,15,13
2015-10-02 11:00:00,21,11,10
2015-10-02 12:00:00,25,15,10
2015-10-02 13:00:00,21,17,4
2015-10-02 14:00:00,45,32,13
2015-10-02 15:00:00,56,35,21
2015-10-02 16:00:00,84,67,17
2015-10-02 17:00:00,91,68,23
2015-10-02 18:00:00,50,30,20
2015-10-02 19:00:00,26,13,13
2015-10-02 20:00:00,9,5,4
2015-10-02 21:00:00,11,9,2
2015-10-02 22:00:00,10,3,7
2015-10-02 23:00:00,4,3,1
2015-10-03 00:00:00,6,4,2
2015-10-03 01:00:00,0,0,0
2015-10-03 02:00:00,0,0,0
2015-10-03 03:00:00,1,0,1
2015-10-03 04:00:00,1,0,1
2015-10-03 05:00:00,0,0,0
2015-10-03 06:00:00,3,2,1
2015-10-03 07:00:00,4,3,1
2015-10-03 08:00:00,17,9,8
2015-10-03 09:00:00,9,6,3
2015-10-03 10:00:00,7,5,2
2015-10-03 11:00:00,15,10,5
2015-10-03 12:00:00,13,8,5
2015-10-03 13:00:00,19,15,4
2015-10-03 14:00:00,22,18,4
2015-10-03 15:00:00,24,13,11
2015-10-03 16:00:00,31,23,8
2015-10-03 17:00:00,12,9,3
2015-10-03 18:00:00,7,6,1
2015-10-03 19:00:00,19,14,5
2015-10-03 20:00:00,5,4,1
2015-10-03 21:00:00,14,9,5
2015-10-03 22:00:00,9,5,4
2015-10-03 23:00:00,5,3,2
2015-10-04 00:00:00,7,4,3
2015-10-04 01:00:00,1,1,0
2015-10-04 02:00:00,2,2,0
2015-10-04 03:00:00,2,2,0
2015-10-04 04:00:00,0,0,0
2015-10-04 05:00:00,3,2,1
2015-10-04 06:00:00,2,1,1
2015-10-04 07:00:00,4,1,3
2015-10-04 08:00:00,4,4,0
2015-10-04 09:00:00,13,7,6
2015-10-04 10:00:00,13,8,5
2015-10-04 11:00:00,29,25,4
2015-10-04 12:00:00,18,15,3
2015-10-04 13:00:00,12,7,5
2015-10-04 14:00:00,26,19,7
2015-10-04 15:00:00,32,17,15
2015-10-04 16:00:00,44,30,14
2015-10-04 17:00:00,43,36,7
2015-10-04 18:00:00,31,29,2
2015-10-04 19:00:00,11,10,1
2015-10-04 20:00:00,42,4,38
2015-10-04 21:00:00,11,4,7
2015-10-04 22:00:00,2,1,1
2015-10-04 23:00:00,6,2,4
2015-10-05 00:00:00,1,0,1
2015-10-05 01:00:00,0,0,0
2015-10-05 02:00:00,1,1,0
2015-10-05 03:00:00,0,0,0
2015-10-05 04:00:00,0,0,0
2015-10-05 05:00:00,11,3,8
2015-10-05 06:00:00,32,16,16
2015-10-05 07:00:00,86,56,30
2015-10-05 08:00:00,117,64,53
2015-10-05 09:00:00,49,31,18
2015-10-05 10:00:00,35,16,19
2015-10-05 11:00:00,35,30,5
2015-10-05 12:00:00,21,11,10
2015-10-05 13:00:00,32,19,13
2015-10-05 14:00:00,54,43,11
2015-10-05 15:00:00,73,56,17
2015-10-05 16:00:00,140,109,31
2015-10-05 17:00:00,158,91,67
2015-10-05 18:00:00,49,25,24
2015-10-05 19:00:00,19,11,8
2015-10-05 20:00:00,32,9,23
2015-10-05 21:00:00,17,9,8
2015-10-05 22:00:00,3,2,1
2015-10-05 23:00:00,6,4,2
2015-10-06 00:00:00,2,1,1
2015-10-06 01:00:00,0,0,0
2015-10-06 02:00:00,1,0,1
2015-10-06 03:00:00,0,0,0
2015-10-06 04:00:00,4,2,2
2015-10-06 05:00:00,14,5,9
2015-10-06 06:00:00,42,29,13
2015-10-06 07:00:00,88,52,36
2015-10-06 08:00:00,122,84,38
2015-10-06 09:00:00,54,42,12
2015-10-06 10:00:00,24,14,10
2015-10-06 11:00:00,26,19,7
2015-10-06 12:00:00,25,13,12
2015-10-06 13:00:00,38,27,11
2015-10-06 14:00:00,40,25,15
2015-10-06 15:00:00,56,41,15
2015-10-06 16:00:00,106,75,31
2015-10-06 17:00:00,152,103,49
2015-10-06 18:00:00,62,37,25
2015-10-06 19:00:00,20,13,7
2015-10-06 20:00:00,8,4,4
2015-10-06 21:00:00,8,6,2
2015-10-06 22:00:00,9,7,2
2015-10-06 23:00:00,2,0,2
2015-10-07 00:00:00,2,2,0
2015-10-07 01:00:00,1,1,0
2015-10-07 02:00:00,2,0,2
2015-10-07 03:00:00,0,0,0
2015-10-07 04:00:00,0,0,0
2015-10-07 05:00:00,10,1,9
2015-10-07 06:00:00,28,16,12
2015-10-07 07:00:00,49,32,17
2015-10-07 08:00:00,66,40,26
2015-10-07 09:00:00,40,23,17
2015-10-07 10:00:00,22,9,13
2015-10-07 11:00:00,19,10,9
2015-10-07 12:00:00,14,8,6
2015-10-07 13:00:00,19,13,6
2015-10-07 14:00:00,16,9,7
2015-10-07 15:00:00,32,25,7
2015-10-07 16:00:00,68,53,15
2015-10-07 17:00:00,102,72,30
2015-10-07 18:00:00,39,23,16
2015-10-07 19:00:00,13,8,5
2015-10-07 20:00:00,4,4,0
2015-10-07 21:00:00,7,4,3
2015-10-07 22:00:00,3,0,3
2015-10-07 23:00:00,3,3,0
2015-10-08 00:00:00,5,4,1
2015-10-08 01:00:00,1,1,0
2015-10-08 02:00:00,1,0,1
2015-10-08 03:00:00,0,0,0
2015-10-08 04:00:00,0,0,0
2015-10-08 05:00:00,9,2,7
2015-10-08 06:00:00,26,12,14
2015-10-08 07:00:00,61,38,23
2015-10-08 08:00:00,110,71,39
2015-10-08 09:00:00,68,36,32
2015-10-08 10:00:00,23,14,9
2015-10-08 11:00:00,30,18,12
2015-10-08 12:00:00,26,17,9
2015-10-08 13:00:00,36,24,12
2015-10-08 14:00:00,39,24,15
2015-10-08 15:00:00,55,36,19
2015-10-08 16:00:00,87,56,31
2015-10-08 17:00:00,134,86,48
2015-10-08 18:00:00,54,33,21
2015-10-08 19:00:00,25,16,9
2015-10-08 20:00:00,18,14,4
2015-10-08 21:00:00,9,9,0
2015-10-08 22:00:00,6,3,3
2015-10-08 23:00:00,8,2,6
2015-10-09 00:00:00,2,1,1
2015-10-09 01:00:00,1,0,1
2015-10-09 02:00:00,1,0,1
2015-10-09 03:00:00,1,0,1
2015-10-09 04:00:00,0,0,0
2015-10-09 05:00:00,8,2,6
2015-10-09 06:00:00,27,12,15
2015-10-09 07:00:00,42,27,15
2015-10-09 08:00:00,94,64,30
2015-10-09 09:00:00,49,27,22
2015-10-09 10:00:00,27,19,8
2015-10-09 11:00:00,28,15,13
2015-10-09 12:00:00,30,16,14
2015-10-09 13:00:00,27,21,6
2015-10-09 14:00:00,40,20,20
2015-10-09 15:00:00,47,31,16
2015-10-09 16:00:00,88,62,26
2015-10-09 17:00:00,101,71,30
2015-10-09 18:00:00,37,28,9
2015-10-09 19:00:00,22,9,13
2015-10-09 20:00:00,11,4,7
2015-10-09 21:00:00,8,6,2
2015-10-09 22:00:00,5,2,3
2015-10-09 23:00:00,5,3,2
2015-10-10 00:00:00,7,6,1
2015-10-10 01:00:00,2,2,0
2015-10-10 02:00:00,1,0,1
2015-10-10 03:00:00,1,0,1
2015-10-10 04:00:00,1,1,0
2015-10-10 05:00:00,0,0,0
2015-10-10 06:00:00,4,2,2
2015-10-10 07:00:00,2,1,1
2015-10-10 08:00:00,8,5,3
2015-10-10 09:00:00,5,1,4
2015-10-10 10:00:00,6,6,0
2015-10-10 11:00:00,1,1,0
2015-10-10 12:00:00,8,4,4
2015-10-10 13:00:00,8,6,2
2015-10-10 14:00:00,13,8,5
2015-10-10 15:00:00,4,3,1
2015-10-10 16:00:00,8,3,5
2015-10-10 17:00:00,7,6,1
2015-10-10 18:00:00,4,3,1
2015-10-10 19:00:00,5,2,3
2015-10-10 20:00:00,4,3,1
2015-10-10 21:00:00,8,6,2
2015-10-10 22:00:00,4,3,1
2015-10-10 23:00:00,4,4,0
2015-10-11 00:00:00,4,3,1
2015-10-11 01:00:00,1,1,0
2015-10-11 02:00:00,0,0,0
2015-10-11 03:00:00,1,1,0
2015-10-11 04:00:00,0,0,0
2015-10-11 05:00:00,0,0,0
2015-10-11 06:00:00,2,1,1
2015-10-11 07:00:00,1,1,0
2015-10-11 08:00:00,4,2,2
2015-10-11 09:00:00,9,7,2
2015-10-11 10:00:00,5,3,2
2015-10-11 11:00:00,21,12,9
2015-10-11 12:00:00,11,10,1
2015-10-11 13:00:00,14,5,9
2015-10-11 14:00:00,25,16,9
2015-10-11 15:00:00,18,14,4
2015-10-11 16:00:00,27,15,12
2015-10-11 17:00:00,10,6,4
2015-10-11 18:00:00,12,7,5
2015-10-11 19:00:00,4,2,2
2015-10-11 20:00:00,7,4,3
2015-10-11 21:00:00,5,2,3
2015-10-11 22:00:00,7,4,3
2015-10-11 23:00:00,3,0,3
2015-10-12 00:00:00,1,1,0
2015-10-12 01:00:00,0,0,0
2015-10-12 02:00:00,1,1,0
2015-10-12 03:00:00,0,0,0
2015-10-12 04:00:00,3,2,1
2015-10-12 05:00:00,11,4,7
2015-10-12 06:00:00,35,18,17
2015-10-12 07:00:00,68,42,26
2015-10-12 08:00:00,121,80,41
2015-10-12 09:00:00,39,24,15
2015-10-12 10:00:00,20,9,11
2015-10-12 11:00:00,16,10,6
2015-10-12 12:00:00,32,18,14
2015-10-12 13:00:00,18,11,7
2015-10-12 14:00:00,33,21,12
2015-10-12 15:00:00,37,25,12
2015-10-12 16:00:00,94,62,32
2015-10-12 17:00:00,164,119,45
2015-10-12 18:00:00,33,21,12
2015-10-12 19:00:00,17,8,9
2015-10-12 20:00:00,11,7,4
2015-10-12 21:00:00,7,5,2
2015-10-12 22:00:00,10,5,5
2015-10-12 23:00:00,2,0,2
2015-10-13 00:00:00,2,2,0
2015-10-13 01:00:00,1,1,0
2015-10-13 02:00:00,3,1,2
2015-10-13 03:00:00,0,0,0
2015-10-13 04:00:00,0,0,0
2015-10-13 05:00:00,9,3,6
2015-10-13 06:00:00,32,17,15
2015-10-13 07:00:00,80,55,25
2015-10-13 08:00:00,109,68,41
2015-10-13 09:00:00,48,26,22
2015-10-13 10:00:00,24,10,14
2015-10-13 11:00:00,26,15,11
2015-10-13 12:00:00,25,13,12
2015-10-13 13:00:00,20,12,8
2015-10-13 14:00:00,33,21,12
2015-10-13 15:00:00,50,34,16
2015-10-13 16:00:00,88,58,30
2015-10-13 17:00:00,135,94,41
2015-10-13 18:00:00,57,34,23
2015-10-13 19:00:00,11,7,4
2015-10-13 20:00:00,13,5,8
2015-10-13 21:00:00,8,6,2
2015-10-13 22:00:00,7,2,5
2015-10-13 23:00:00,1,0,1
2015-10-14 00:00:00,3,3,0
2015-10-14 01:00:00,0,0,0
2015-10-14 02:00:00,2,1,1
2015-10-14 03:00:00,1,1,0
2015-10-14 04:00:00,0,0,0
2015-10-14 05:00:00,13,4,9
2015-10-14 06:00:00,37,19,18
2015-10-14 07:00:00,81,56,25
2015-10-14 08:00:00,110,72,38
2015-10-14 09:00:00,57,31,26
2015-10-14 10:00:00,27,14,13
2015-10-14 11:00:00,32,22,10
2015-10-14 12:00:00,22,11,11
2015-10-14 13:00:00,31,20,11
2015-10-14 14:00:00,35,26,9
2015-10-14 15:00:00,44,35,9
2015-10-14 16:00:00,85,62,23
2015-10-14 17:00:00,160,120,40
2015-10-14 18:00:00,84,53,31
2015-10-14 19:00:00,25,15,10
2015-10-14 20:00:00,15,7,8
2015-10-14 21:00:00,12,9,3
2015-10-14 22:00:00,2,2,0
2015-10-14 23:00:00,3,2,1
2015-10-15 00:00:00,2,0,2
2015-10-15 01:00:00,0,0,0
2015-10-15 02:00:00,1,0,1
2015-10-15 03:00:00,0,0,0
2015-10-15 04:00:00,0,0,0
2015-10-15 05:00:00,9,5,4
2015-10-15 06:00:00,27,15,12
2015-10-15 07:00:00,71,54,17
2015-10-15 08:00:00,108,70,38
2015-10-15 09:00:00,54,32,22
2015-10-15 10:00:00,32,25,7
2015-10-15 11:00:00,29,13,16
2015-10-15 12:00:00,34,21,13
2015-10-15 13:00:00,31,24,7
2015-10-15 14:00:00,34,19,15
2015-10-15 15:00:00,48,38,10
2015-10-15 16:00:00,88,72,16
2015-10-15 17:00:00,139,86,53
2015-10-15 18:00:00,59,37,22
2015-10-15 19:00:00,22,13,9
2015-10-15 20:00:00,16,10,6
2015-10-15 21:00:00,3,3,0
2015-10-15 22:00:00,4,3,1
2015-10-15 23:00:00,1,0,1
2015-10-16 00:00:00,0,0,0
2015-10-16 01:00:00,0,0,0
2015-10-16 02:00:00,1,0,1
2015-10-16 03:00:00,0,0,0
2015-10-16 04:00:00,0,0,0
2015-10-16 05:00:00,6,3,3
2015-10-16 06:00:00,21,9,12
2015-10-16 07:00:00,56,43,13
2015-10-16 08:00:00,102,64,38
2015-10-16 09:00:00,37,22,15
2015-10-16 10:00:00,33,19,14
2015-10-16 11:00:00,26,18,8
2015-10-16 12:00:00,30,14,16
2015-10-16 13:00:00,27,16,11
2015-10-16 14:00:00,51,32,19
2015-10-16 15:00:00,43,25,18
2015-10-16 16:00:00,96,62,34
2015-10-16 17:00:00,114,78,36
2015-10-16 18:00:00,51,30,21
2015-10-16 19:00:00,22,13,9
2015-10-16 20:00:00,8,5,3
2015-10-16 21:00:00,9,6,3
2015-10-16 22:00:00,7,4,3
2015-10-16 23:00:00,7,4,3
2015-10-17 00:00:00,3,3,0
2015-10-17 01:00:00,1,1,0
2015-10-17 02:00:00,0,0,0
2015-10-17 03:00:00,0,0,0
2015-10-17 04:00:00,0,0,0
2015-10-17 05:00:00,2,2,0
2015-10-17 06:00:00,5,0,5
2015-10-17 07:00:00,2,2,0
2015-10-17 08:00:00,10,7,3
2015-10-17 09:00:00,9,8,1
2015-10-17 10:00:00,14,13,1
2015-10-17 11:00:00,11,7,4
2015-10-17 12:00:00,25,24,1
2015-10-17 13:00:00,11,5,6
2015-10-17 14:00:00,9,5,4
2015-10-17 15:00:00,17,10,7
2015-10-17 16:00:00,21,12,9
2015-10-17 17:00:00,8,6,2
2015-10-17 18:00:00,12,7,5
2015-10-17 19:00:00,7,4,3
2015-10-17 20:00:00,2,2,0
2015-10-17 21:00:00,4,1,3
2015-10-17 22:00:00,4,3,1
2015-10-17 23:00:00,3,2,1
2015-10-18 00:00:00,5,4,1
2015-10-18 01:00:00,2,2,0
2015-10-18 02:00:00,0,0,0
2015-10-18 03:00:00,0,0,0
2015-10-18 04:00:00,2,1,1
2015-10-18 05:00:00,2,1,1
2015-10-18 06:00:00,1,0,1
2015-10-18 07:00:00,3,2,1
2015-10-18 08:00:00,9,8,1
2015-10-18 09:00:00,10,10,0
2015-10-18 10:00:00,13,10,3
2015-10-18 11:00:00,14,9,5
2015-10-18 12:00:00,11,9,2
2015-10-18 13:00:00,10,5,5
2015-10-18 14:00:00,7,3,4
2015-10-18 15:00:00,8,7,1
2015-10-18 16:00:00,12,5,7
2015-10-18 17:00:00,12,5,7
2015-10-18 18:00:00,16,8,8
2015-10-18 19:00:00,10,6,4
2015-10-18 20:00:00,4,3,1
2015-10-18 21:00:00,7,6,1
2015-10-18 22:00:00,1,1,0
2015-10-18 23:00:00,1,0,1
2015-10-19 00:00:00,3,1,2
2015-10-19 01:00:00,0,0,0
2015-10-19 02:00:00,2,1,1
2015-10-19 03:00:00,1,1,0
2015-10-19 04:00:00,0,0,0
2015-10-19 05:00:00,13,7,6
2015-10-19 06:00:00,26,14,12
2015-10-19 07:00:00,53,35,18
2015-10-19 08:00:00,96,62,34
2015-10-19 09:00:00,49,31,18
2015-10-19 10:00:00,21,16,5
2015-10-19 11:00:00,20,14,6
2015-10-19 12:00:00,20,13,7
2015-10-19 13:00:00,23,14,9
2015-10-19 14:00:00,28,19,9
2015-10-19 15:00:00,36,26,10
2015-10-19 16:00:00,97,67,30
2015-10-19 17:00:00,114,71,43
2015-10-19 18:00:00,43,23,20
2015-10-19 19:00:00,18,11,7
2015-10-19 20:00:00,2,1,1
2015-10-19 21:00:00,10,7,3
2015-10-19 22:00:00,3,3,0
2015-10-19 23:00:00,4,1,3
2015-10-20 00:00:00,1,1,0
2015-10-20 01:00:00,1,1,0
2015-10-20 02:00:00,4,2,2
2015-10-20 03:00:00,1,1,0
2015-10-20 04:00:00,1,0,1
2015-10-20 05:00:00,8,2,6
2015-10-20 06:00:00,33,19,14
2015-10-20 07:00:00,63,42,21
2015-10-20 08:00:00,131,86,45
2015-10-20 09:00:00,62,35,27
2015-10-20 10:00:00,36,25,11
2015-10-20 11:00:00,22,14,8
2015-10-20 12:00:00,24,12,12
2015-10-20 13:00:00,33,23,10
2015-10-20 14:00:00,34,21,13
2015-10-20 15:00:00,53,38,15
2015-10-20 16:00:00,81,59,22
2015-10-20 17:00:00,136,102,34
2015-10-20 18:00:00,75,37,38
2015-10-20 19:00:00,21,10,11
2015-10-20 20:00:00,12,7,5
2015-10-20 21:00:00,7,2,5
2015-10-20 22:00:00,7,4,3
2015-10-20 23:00:00,3,3,0
2015-10-21 00:00:00,5,4,1
2015-10-21 01:00:00,2,2,0
2015-10-21 02:00:00,2,0,2
2015-10-21 03:00:00,1,1,0
2015-10-21 04:00:00,1,0,1
2015-10-21 05:00:00,11,5,6
2015-10-21 06:00:00,30,17,13
2015-10-21 07:00:00,67,46,21
2015-10-21 08:00:00,111,77,34
2015-10-21 09:00:00,60,32,28
2015-10-21 10:00:00,23,16,7
2015-10-21 11:00:00,21,11,10
2015-10-21 12:00:00,22,16,6
2015-10-21 13:00:00,33,23,10
2015-10-21 14:00:00,38,23,15
2015-10-21 15:00:00,39,25,14
2015-10-21 16:00:00,100,79,21
2015-10-21 17:00:00,164,105,59
2015-10-21 18:00:00,69,55,14
2015-10-21 19:00:00,26,19,7
2015-10-21 20:00:00,12,5,7
2015-10-21 21:00:00,18,4,14
2015-10-21 22:00:00,5,2,3
2015-10-21 23:00:00,2,1,1
2015-10-22 00:00:00,3,2,1
2015-10-22 01:00:00,1,0,1
2015-10-22 02:00:00,2,1,1
2015-10-22 03:00:00,1,1,0
2015-10-22 04:00:00,1,0,1
2015-10-22 05:00:00,6,2,4
2015-10-22 06:00:00,24,11,13
2015-10-22 07:00:00,71,48,23
2015-10-22 08:00:00,113,83,30
2015-10-22 09:00:00,45,26,19
2015-10-22 10:00:00,22,13,9
2015-10-22 11:00:00,28,20,8
2015-10-22 12:00:00,20,11,9
2015-10-22 13:00:00,35,21,14
2015-10-22 14:00:00,39,25,14
2015-10-22 15:00:00,33,21,12
2015-10-22 16:00:00,100,69,31
2015-10-22 17:00:00,125,82,43
2015-10-22 18:00:00,49,34,15
2015-10-22 19:00:00,22,14,8
2015-10-22 20:00:00,14,9,5
2015-10-22 21:00:00,11,10,1
2015-10-22 22:00:00,7,6,1
2015-10-22 23:00:00,4,0,4
2015-10-23 00:00:00,2,1,1
2015-10-23 01:00:00,1,1,0
2015-10-23 02:00:00,2,1,1
2015-10-23 03:00:00,0,0,0
2015-10-23 04:00:00,2,0,2
2015-10-23 05:00:00,5,2,3
2015-10-23 06:00:00,28,14,14
2015-10-23 07:00:00,45,29,16
2015-10-23 08:00:00,99,67,32
2015-10-23 09:00:00,37,25,12
2015-10-23 10:00:00,32,22,10
2015-10-23 11:00:00,30,16,14
2015-10-23 12:00:00,22,12,10
2015-10-23 13:00:00,53,32,21
2015-10-23 14:00:00,30,24,6
2015-10-23 15:00:00,57,42,15
2015-10-23 16:00:00,81,57,24
2015-10-23 17:00:00,101,68,33
2015-10-23 18:00:00,44,30,14
2015-10-23 19:00:00,11,6,5
2015-10-23 20:00:00,8,6,2
2015-10-23 21:00:00,5,3,2
2015-10-23 22:00:00,12,10,2
2015-10-23 23:00:00,4,3,1
2015-10-24 00:00:00,3,2,1
2015-10-24 01:00:00,2,1,1
2015-10-24 02:00:00,1,1,0
2015-10-24 03:00:00,1,1,0
2015-10-24 04:00:00,0,0,0
2015-10-24 05:00:00,1,1,0
2015-10-24 06:00:00,7,4,3
2015-10-24 07:00:00,9,5,4
2015-10-24 08:00:00,11,9,2
2015-10-24 09:00:00,11,7,4
2015-10-24 10:00:00,14,8,6
2015-10-24 11:00:00,10,7,3
2015-10-24 12:00:00,10,5,5
2015-10-24 13:00:00,21,12,9
2015-10-24 14:00:00,9,7,2
2015-10-24 15:00:00,19,11,8
2015-10-24 16:00:00,19,11,8
2015-10-24 17:00:00,6,3,3
2015-10-24 18:00:00,16,12,4
2015-10-24 19:00:00,6,4,2
2015-10-24 20:00:00,4,4,0
2015-10-24 21:00:00,5,2,3
2015-10-24 22:00:00,17,5,12
2015-10-24 23:00:00,2,1,1
2015-10-25 00:00:00,6,3,3
2015-10-25 01:00:00,2,1,1
2015-10-25 02:00:00,0,0,0
2015-10-25 03:00:00,0,0,0
2015-10-25 04:00:00,1,0,1
2015-10-25 05:00:00,1,1,0
2015-10-25 06:00:00,3,2,1
2015-10-25 07:00:00,7,6,1
2015-10-25 08:00:00,4,2,2
2015-10-25 09:00:00,8,5,3
2015-10-25 10:00:00,13,7,6
2015-10-25 11:00:00,13,11,2
2015-10-25 12:00:00,14,7,7
2015-10-25 13:00:00,14,10,4
2015-10-25 14:00:00,29,24,5
2015-10-25 15:00:00,25,19,6
2015-10-25 16:00:00,13,10,3
2015-10-25 17:00:00,9,7,2
2015-10-25 18:00:00,23,2,21
2015-10-25 19:00:00,9,5,4
2015-10-25 20:00:00,6,5,1
2015-10-25 21:00:00,4,3,1
2015-10-25 22:00:00,2,2,0
2015-10-25 23:00:00,3,2,1
2015-10-26 00:00:00,1,1,0
2015-10-26 01:00:00,1,1,0
2015-10-26 02:00:00,2,2,0
2015-10-26 03:00:00,0,0,0
2015-10-26 04:00:00,1,0,1
2015-10-26 05:00:00,8,6,2
2015-10-26 06:00:00,20,10,10
2015-10-26 07:00:00,41,24,17
2015-10-26 08:00:00,80,58,22
2015-10-26 09:00:00,42,23,19
2015-10-26 10:00:00,19,10,9
2015-10-26 11:00:00,18,13,5
2015-10-26 12:00:00,13,6,7
2015-10-26 13:00:00,22,17,5
2015-10-26 14:00:00,20,11,9
2015-10-26 15:00:00,29,17,12
2015-10-26 16:00:00,67,45,22
2015-10-26 17:00:00,101,63,38
2015-10-26 18:00:00,36,17,19
2015-10-26 19:00:00,19,9,10
2015-10-26 20:00:00,6,5,1
2015-10-26 21:00:00,4,4,0
2015-10-26 22:00:00,3,1,2
2015-10-26 23:00:00,4,3,1
2015-10-27 00:00:00,2,1,1
2015-10-27 01:00:00,0,0,0
2015-10-27 02:00:00,2,0,2
2015-10-27 03:00:00,1,0,1
2015-10-27 04:00:00,1,0,1
2015-10-27 05:00:00,7,2,5
2015-10-27 06:00:00,31,19,12
2015-10-27 07:00:00,60,36,24
2015-10-27 08:00:00,113,79,34
2015-10-27 09:00:00,63,37,26
2015-10-27 10:00:00,20,16,4
2015-10-27 11:00:00,28,18,10
2015-10-27 12:00:00,22,17,5
2015-10-27 13:00:00,29,14,15
2015-10-27 14:00:00,35,22,13
2015-10-27 15:00:00,29,19,10
2015-10-27 16:00:00,91,61,30
2015-10-27 17:00:00,159,103,56
2015-10-27 18:00:00,57,29,28
2015-10-27 19:00:00,26,20,6
2015-10-27 20:00:00,12,7,5
2015-10-27 21:00:00,9,4,5
2015-10-27 22:00:00,7,5,2
2015-10-27 23:00:00,9,4,5
2015-10-28 00:00:00,5,4,1
2015-10-28 01:00:00,1,0,1
2015-10-28 02:00:00,1,0,1
2015-10-28 03:00:00,2,2,0
2015-10-28 04:00:00,2,1,1
2015-10-28 05:00:00,5,2,3
2015-10-28 06:00:00,25,11,14
2015-10-28 07:00:00,50,37,13
2015-10-28 08:00:00,100,72,28
2015-10-28 09:00:00,34,22,12
2015-10-28 10:00:00,23,13,10
2015-10-28 11:00:00,15,8,7
2015-10-28 12:00:00,27,16,11
2015-10-28 13:00:00,21,13,8
2015-10-28 14:00:00,25,19,6
2015-10-28 15:00:00,35,22,13
2015-10-28 16:00:00,74,58,16
2015-10-28 17:00:00,125,92,33
2015-10-28 18:00:00,62,46,16
2015-10-28 19:00:00,20,12,8
2015-10-28 20:00:00,5,5,0
2015-10-28 21:00:00,25,3,22
2015-10-28 22:00:00,7,4,3
2015-10-28 23:00:00,4,3,1
2015-10-29 00:00:00,3,1,2
2015-10-29 01:00:00,2,0,2
2015-10-29 02:00:00,3,3,0
2015-10-29 03:00:00,0,0,0
2015-10-29 04:00:00,2,0,2
2015-10-29 05:00:00,6,3,3
2015-10-29 06:00:00,24,11,13
2015-10-29 07:00:00,57,35,22
2015-10-29 08:00:00,101,71,30
2015-10-29 09:00:00,44,31,13
2015-10-29 10:00:00,32,19,13
2015-10-29 11:00:00,25,18,7
2015-10-29 12:00:00,23,15,8
2015-10-29 13:00:00,23,15,8
2015-10-29 14:00:00,20,12,8
2015-10-29 15:00:00,42,28,14
2015-10-29 16:00:00,77,58,19
2015-10-29 17:00:00,130,83,47
2015-10-29 18:00:00,43,21,22
2015-10-29 19:00:00,24,18,6
2015-10-29 20:00:00,4,4,0
2015-10-29 21:00:00,6,5,1
2015-10-29 22:00:00,5,3,2
2015-10-29 23:00:00,2,0,2
2015-10-30 00:00:00,5,3,2
2015-10-30 01:00:00,0,0,0
2015-10-30 02:00:00,1,0,1
2015-10-30 03:00:00,0,0,0
2015-10-30 04:00:00,0,0,0
2015-10-30 05:00:00,3,2,1
2015-10-30 06:00:00,14,8,6
2015-10-30 07:00:00,33,22,11
2015-10-30 08:00:00,58,39,19
2015-10-30 09:00:00,35,17,18
2015-10-30 10:00:00,28,19,9
2015-10-30 11:00:00,23,16,7
2015-10-30 12:00:00,31,15,16
2015-10-30 13:00:00,24,14,10
2015-10-30 14:00:00,21,10,11
2015-10-30 15:00:00,41,30,11
2015-10-30 16:00:00,59,40,19
2015-10-30 17:00:00,68,43,25
2015-10-30 18:00:00,27,19,8
2015-10-30 19:00:00,10,6,4
2015-10-30 20:00:00,6,4,2
2015-10-30 21:00:00,4,3,1
2015-10-30 22:00:00,5,3,2
2015-10-30 23:00:00,4,1,3
2015-10-31 00:00:00,3,3,0
2015-10-31 01:00:00,3,3,0
2015-10-31 02:00:00,0,0,0
2015-10-31 03:00:00,0,0,0
2015-10-31 04:00:00,0,0,0
2015-10-31 05:00:00,1,1,0
2015-10-31 06:00:00,0,0,0
2015-10-31 07:00:00,3,2,1
2015-10-31 08:00:00,2,1,1
2015-10-31 09:00:00,6,3,3
2015-10-31 10:00:00,12,8,4
2015-10-31 11:00:00,4,3,1
2015-10-31 12:00:00,4,4,0
2015-10-31 13:00:00,14,7,7
2015-10-31 14:00:00,3,3,0
2015-10-31 15:00:00,5,3,2
2015-10-31 16:00:00,5,5,0
2015-10-31 17:00:00,9,6,3
2015-10-31 18:00:00,4,2,2
2015-10-31 19:00:00,0,0,0
2015-10-31 20:00:00,2,1,1
2015-10-31 21:00:00,1,1,0
2015-10-31 22:00:00,1,1,0
2015-10-31 23:00:00,3,3,0
2015-11-01 00:00:00,6,5,1
2015-11-01 01:00:00,3,2,1
2015-11-01 02:00:00,4,0,4
2015-11-01 03:00:00,0,0,0
2015-11-01 04:00:00,0,0,0
2015-11-01 05:00:00,0,0,0
2015-11-01 06:00:00,2,1,1
2015-11-01 07:00:00,1,0,1
2015-11-01 08:00:00,2,1,1
2015-11-01 09:00:00,8,7,1
2015-11-01 10:00:00,5,4,1
2015-11-01 11:00:00,2,2,0
2015-11-01 12:00:00,6,3,3
2015-11-01 13:00:00,4,4,0
2015-11-01 14:00:00,4,2,2
2015-11-01 15:00:00,7,5,2
2015-11-01 16:00:00,7,3,4
2015-11-01 17:00:00,28,25,3
2015-11-01 18:00:00,13,11,2
2015-11-01 19:00:00,3,2,1
2015-11-01 20:00:00,20,5,15
2015-11-01 21:00:00,4,2,2
2015-11-01 22:00:00,1,1,0
2015-11-01 23:00:00,0,0,0
2015-11-02 00:00:00,1,0,1
2015-11-02 01:00:00,1,1,0
2015-11-02 02:00:00,0,0,0
2015-11-02 03:00:00,0,0,0
2015-11-02 04:00:00,1,0,1
2015-11-02 05:00:00,7,4,3
2015-11-02 06:00:00,30,14,16
2015-11-02 07:00:00,56,35,21
2015-11-02 08:00:00,94,58,36
2015-11-02 09:00:00,33,17,16
2015-11-02 10:00:00,18,12,6
2015-11-02 11:00:00,20,13,7
2015-11-02 12:00:00,19,10,9
2015-11-02 13:00:00,20,14,6
2015-11-02 14:00:00,21,15,6
2015-11-02 15:00:00,43,30,13
2015-11-02 16:00:00,85,60,25
2015-11-02 17:00:00,127,93,34
2015-11-02 18:00:00,40,26,14
2015-11-02 19:00:00,12,8,4
2015-11-02 20:00:00,10,7,3
2015-11-02 21:00:00,6,5,1
2015-11-02 22:00:00,0,0,0
2015-11-02 23:00:00,1,0,1
2015-11-03 00:00:00,0,0,0
2015-11-03 01:00:00,0,0,0
2015-11-03 02:00:00,2,2,0
2015-11-03 03:00:00,1,1,0
2015-11-03 04:00:00,2,1,1
2015-11-03 05:00:00,8,4,4
2015-11-03 06:00:00,32,21,11
2015-11-03 07:00:00,79,54,25
2015-11-03 08:00:00,107,74,33
2015-11-03 09:00:00,42,23,19
2015-11-03 10:00:00,18,7,11
2015-11-03 11:00:00,19,12,7
2015-11-03 12:00:00,29,17,12
2015-11-03 13:00:00,23,16,7
2015-11-03 14:00:00,24,15,9
2015-11-03 15:00:00,44,30,14
2015-11-03 16:00:00,97,74,23
2015-11-03 17:00:00,109,76,33
2015-11-03 18:00:00,44,24,20
2015-11-03 19:00:00,23,13,10
2015-11-03 20:00:00,4,2,2
2015-11-03 21:00:00,10,6,4
2015-11-03 22:00:00,3,2,1
2015-11-03 23:00:00,4,4,0
2015-11-04 00:00:00,3,3,0
2015-11-04 01:00:00,0,0,0
2015-11-04 02:00:00,2,1,1
2015-11-04 03:00:00,0,0,0
2015-11-04 04:00:00,1,0,1
2015-11-04 05:00:00,6,2,4
2015-11-04 06:00:00,21,9,12
2015-11-04 07:00:00,77,45,32
2015-11-04 08:00:00,116,92,24
2015-11-04 09:00:00,53,36,17
2015-11-04 10:00:00,34,25,9
2015-11-04 11:00:00,23,12,11
2015-11-04 12:00:00,25,13,12
2015-11-04 13:00:00,35,22,13
2015-11-04 14:00:00,25,16,9
2015-11-04 15:00:00,31,18,13
2015-11-04 16:00:00,92,66,26
2015-11-04 17:00:00,129,86,43
2015-11-04 18:00:00,44,27,17
2015-11-04 19:00:00,24,15,9
2015-11-04 20:00:00,8,5,3
2015-11-04 21:00:00,6,5,1
2015-11-04 22:00:00,4,3,1
2015-11-04 23:00:00,0,0,0
2015-11-05 00:00:00,0,0,0
2015-11-05 01:00:00,0,0,0
2015-11-05 02:00:00,1,1,0
2015-11-05 03:00:00,0,0,0
2015-11-05 04:00:00,0,0,0
2015-11-05 05:00:00,9,4,5
2015-11-05 06:00:00,32,18,14
2015-11-05 07:00:00,71,40,31
2015-11-05 08:00:00,114,81,33
2015-11-05 09:00:00,51,34,17
2015-11-05 10:00:00,28,15,13
2015-11-05 11:00:00,23,18,5
2015-11-05 12:00:00,15,8,7
2015-11-05 13:00:00,27,18,9
2015-11-05 14:00:00,31,20,11
2015-11-05 15:00:00,41,26,15
2015-11-05 16:00:00,91,62,29
2015-11-05 17:00:00,128,87,41
2015-11-05 18:00:00,55,36,19
2015-11-05 19:00:00,25,17,8
2015-11-05 20:00:00,22,10,12
2015-11-05 21:00:00,13,9,4
2015-11-05 22:00:00,3,3,0
2015-11-05 23:00:00,2,1,1
2015-11-06 00:00:00,5,2,3
2015-11-06 01:00:00,1,1,0
2015-11-06 02:00:00,1,0,1
2015-11-06 03:00:00,0,0,0
2015-11-06 04:00:00,2,1,1
2015-11-06 05:00:00,5,2,3
2015-11-06 06:00:00,22,11,11
2015-11-06 07:00:00,55,32,23
2015-11-06 08:00:00,93,65,28
2015-11-06 09:00:00,41,27,14
2015-11-06 10:00:00,16,6,10
2015-11-06 11:00:00,22,12,10
2015-11-06 12:00:00,24,12,12
2015-11-06 13:00:00,17,10,7
2015-11-06 14:00:00,23,12,11
2015-11-06 15:00:00,50,34,16
2015-11-06 16:00:00,64,42,22
2015-11-06 17:00:00,87,60,27
2015-11-06 18:00:00,24,16,8
2015-11-06 19:00:00,10,6,4
2015-11-06 20:00:00,7,5,2
2015-11-06 21:00:00,5,5,0
2015-11-06 22:00:00,4,4,0
2015-11-06 23:00:00,8,7,1
2015-11-07 00:00:00,4,3,1
2015-11-07 01:00:00,0,0,0
2015-11-07 02:00:00,0,0,0
2015-11-07 03:00:00,1,0,1
2015-11-07 04:00:00,0,0,0
2015-11-07 05:00:00,0,0,0
2015-11-07 06:00:00,1,1,0
2015-11-07 07:00:00,4,1,3
2015-11-07 08:00:00,10,7,3
2015-11-07 09:00:00,3,3,0
2015-11-07 10:00:00,6,3,3
2015-11-07 11:00:00,6,4,2
2015-11-07 12:00:00,15,8,7
2015-11-07 13:00:00,10,4,6
2015-11-07 14:00:00,8,5,3
2015-11-07 15:00:00,7,4,3
2015-11-07 16:00:00,5,1,4
2015-11-07 17:00:00,4,4,0
2015-11-07 18:00:00,6,5,1
2015-11-07 19:00:00,2,1,1
2015-11-07 20:00:00,0,0,0
2015-11-07 21:00:00,5,4,1
2015-11-07 22:00:00,4,3,1
2015-11-07 23:00:00,0,0,0
2015-11-08 00:00:00,5,4,1
2015-11-08 01:00:00,1,0,1
2015-11-08 02:00:00,0,0,0
2015-11-08 03:00:00,1,0,1
2015-11-08 04:00:00,0,0,0
2015-11-08 05:00:00,0,0,0
2015-11-08 06:00:00,1,1,0
2015-11-08 07:00:00,3,2,1
2015-11-08 08:00:00,8,6,2
2015-11-08 09:00:00,3,1,2
2015-11-08 10:00:00,7,3,4
2015-11-08 11:00:00,3,3,0
2015-11-08 12:00:00,8,6,2
2015-11-08 13:00:00,10,3,7
2015-11-08 14:00:00,9,2,7
2015-11-08 15:00:00,13,9,4
2015-11-08 16:00:00,9,5,4
2015-11-08 17:00:00,9,7,2
2015-11-08 18:00:00,4,3,1
2015-11-08 19:00:00,4,4,0
2015-11-08 20:00:00,1,1,0
2015-11-08 21:00:00,2,1,1
2015-11-08 22:00:00,2,2,0
2015-11-08 23:00:00,5,3,2
2015-11-09 00:00:00,1,1,0
2015-11-09 01:00:00,0,0,0
2015-11-09 02:00:00,0,0,0
2015-11-09 03:00:00,0,0,0
2015-11-09 04:00:00,1,0,1
2015-11-09 05:00:00,10,5,5
2015-11-09 06:00:00,33,19,14
2015-11-09 07:00:00,48,28,20
2015-11-09 08:00:00,84,52,32
2015-11-09 09:00:00,53,28,25
2015-11-09 10:00:00,10,5,5
2015-11-09 11:00:00,16,7,9
2015-11-09 12:00:00,11,5,6
2015-11-09 13:00:00,15,11,4
2015-11-09 14:00:00,24,11,13
2015-11-09 15:00:00,42,33,9
2015-11-09 16:00:00,92,67,25
2015-11-09 17:00:00,99,63,36
2015-11-09 18:00:00,30,15,15
2015-11-09 19:00:00,14,7,7
2015-11-09 20:00:00,10,7,3
2015-11-09 21:00:00,9,5,4
2015-11-09 22:00:00,2,1,1
2015-11-09 23:00:00,3,1,2
2015-11-10 00:00:00,0,0,0
2015-11-10 01:00:00,3,1,2
2015-11-10 02:00:00,2,1,1
2015-11-10 03:00:00,0,0,0
2015-11-10 04:00:00,1,0,1
2015-11-10 05:00:00,7,2,5
2015-11-10 06:00:00,23,11,12
2015-11-10 07:00:00,77,51,26
2015-11-10 08:00:00,126,93,33
2015-11-10 09:00:00,62,30,32
2015-11-10 10:00:00,21,17,4
2015-11-10 11:00:00,27,14,13
2015-11-10 12:00:00,22,13,9
2015-11-10 13:00:00,19,11,8
2015-11-10 14:00:00,34,24,10
2015-11-10 15:00:00,51,34,17
2015-11-10 16:00:00,97,67,30
2015-11-10 17:00:00,133,86,47
2015-11-10 18:00:00,55,28,27
2015-11-10 19:00:00,22,12,10
2015-11-10 20:00:00,8,4,4
2015-11-10 21:00:00,12,9,3
2015-11-10 22:00:00,5,3,2
2015-11-10 23:00:00,2,2,0
2015-11-11 00:00:00,4,3,1
2015-11-11 01:00:00,1,1,0
2015-11-11 02:00:00,3,0,3
2015-11-11 03:00:00,1,1,0
2015-11-11 04:00:00,0,0,0
2015-11-11 05:00:00,11,3,8
2015-11-11 06:00:00,14,7,7
2015-11-11 07:00:00,43,26,17
2015-11-11 08:00:00,84,56,28
2015-11-11 09:00:00,45,29,16
2015-11-11 10:00:00,20,12,8
2015-11-11 11:00:00,33,20,13
2015-11-11 12:00:00,26,19,7
2015-11-11 13:00:00,25,14,11
2015-11-11 14:00:00,26,12,14
2015-11-11 15:00:00,42,27,15
2015-11-11 16:00:00,77,57,20
2015-11-11 17:00:00,91,65,26
2015-11-11 18:00:00,54,36,18
2015-11-11 19:00:00,18,10,8
2015-11-11 20:00:00,10,3,7
2015-11-11 21:00:00,10,4,6
2015-11-11 22:00:00,6,2,4
2015-11-11 23:00:00,5,4,1
2015-11-12 00:00:00,3,2,1
2015-11-12 01:00:00,0,0,0
2015-11-12 02:00:00,1,0,1
2015-11-12 03:00:00,1,1,0
2015-11-12 04:00:00,1,0,1
2015-11-12 05:00:00,6,0,6
2015-11-12 06:00:00,27,17,10
2015-11-12 07:00:00,59,40,19
2015-11-12 08:00:00,81,53,28
2015-11-12 09:00:00,33,17,16
2015-11-12 10:00:00,26,16,10
2015-11-12 11:00:00,27,17,10
2015-11-12 12:00:00,37,21,16
2015-11-12 13:00:00,19,10,9
2015-11-12 14:00:00,19,13,6
2015-11-12 15:00:00,35,25,10
2015-11-12 16:00:00,74,55,19
2015-11-12 17:00:00,88,56,32
2015-11-12 18:00:00,40,21,19
2015-11-12 19:00:00,16,11,5
2015-11-12 20:00:00,7,3,4
2015-11-12 21:00:00,9,7,2
2015-11-12 22:00:00,10,7,3
2015-11-12 23:00:00,4,2,2
2015-11-13 00:00:00,2,2,0
2015-11-13 01:00:00,0,0,0
2015-11-13 02:00:00,0,0,0
2015-11-13 03:00:00,0,0,0
2015-11-13 04:00:00,0,0,0
2015-11-13 05:00:00,2,0,2
2015-11-13 06:00:00,12,5,7
2015-11-13 07:00:00,27,18,9
2015-11-13 08:00:00,61,42,19
2015-11-13 09:00:00,31,21,10
2015-11-13 10:00:00,22,12,10
2015-11-13 11:00:00,26,15,11
2015-11-13 12:00:00,20,12,8
2015-11-13 13:00:00,20,9,11
2015-11-13 14:00:00,14,11,3
2015-11-13 15:00:00,21,17,4
2015-11-13 16:00:00,50,35,15
2015-11-13 17:00:00,63,43,20
2015-11-13 18:00:00,30,19,11
2015-11-13 19:00:00,10,6,4
2015-11-13 20:00:00,4,3,1
2015-11-13 21:00:00,4,2,2
2015-11-13 22:00:00,6,5,1
2015-11-13 23:00:00,2,2,0
2015-11-14 00:00:00,4,2,2
2015-11-14 01:00:00,1,0,1
2015-11-14 02:00:00,0,0,0
2015-11-14 03:00:00,0,0,0
2015-11-14 04:00:00,0,0,0
2015-11-14 05:00:00,0,0,0
2015-11-14 06:00:00,0,0,0
2015-11-14 07:00:00,1,1,0
2015-11-14 08:00:00,1,1,0
2015-11-14 09:00:00,1,0,1
2015-11-14 10:00:00,7,3,4
2015-11-14 11:00:00,8,5,3
2015-11-14 12:00:00,9,7,2
2015-11-14 13:00:00,11,8,3
2015-11-14 14:00:00,11,10,1
2015-11-14 15:00:00,9,6,3
2015-11-14 16:00:00,5,4,1
2015-11-14 17:00:00,10,7,3
2015-11-14 18:00:00,1,0,1
2015-11-14 19:00:00,4,4,0
2015-11-14 20:00:00,0,0,0
2015-11-14 21:00:00,1,1,0
2015-11-14 22:00:00,2,2,0
2015-11-14 23:00:00,2,0,2
2015-11-15 00:00:00,2,2,0
2015-11-15 01:00:00,0,0,0
2015-11-15 02:00:00,1,0,1
2015-11-15 03:00:00,0,0,0
2015-11-15 04:00:00,0,0,0
2015-11-15 05:00:00,0,0,0
2015-11-15 06:00:00,0,0,0
2015-11-15 07:00:00,2,1,1
2015-11-15 08:00:00,3,1,2
2015-11-15 09:00:00,4,3,1
2015-11-15 10:00:00,9,8,1
2015-11-15 11:00:00,9,8,1
2015-11-15 12:00:00,12,7,5
2015-11-15 13:00:00,10,4,6
2015-11-15 14:00:00,12,9,3
2015-11-15 15:00:00,14,11,3
2015-11-15 16:00:00,8,7,1
2015-11-15 17:00:00,11,8,3
2015-11-15 18:00:00,4,2,2
2015-11-15 19:00:00,1,1,0
2015-11-15 20:00:00,6,4,2
2015-11-15 21:00:00,18,5,13
2015-11-15 22:00:00,9,1,8
2015-11-15 23:00:00,4,2,2
2015-11-16 00:00:00,2,1,1
2015-11-16 01:00:00,0,0,0
2015-11-16 02:00:00,0,0,0
2015-11-16 03:00:00,0,0,0
2015-11-16 04:00:00,2,1,1
2015-11-16 05:00:00,6,2,4
2015-11-16 06:00:00,26,13,13
2015-11-16 07:00:00,52,35,17
2015-11-16 08:00:00,82,52,30
2015-11-16 09:00:00,44,22,22
2015-11-16 10:00:00,24,11,13
2015-11-16 11:00:00,26,16,10
2015-11-16 12:00:00,25,12,13
2015-11-16 13:00:00,16,10,6
2015-11-16 14:00:00,18,7,11
2015-11-16 15:00:00,31,20,11
2015-11-16 16:00:00,55,41,14
2015-11-16 17:00:00,97,76,21
2015-11-16 18:00:00,56,28,28
2015-11-16 19:00:00,14,8,6
2015-11-16 20:00:00,7,5,2
2015-11-16 21:00:00,12,9,3
2015-11-16 22:00:00,4,2,2
2015-11-16 23:00:00,0,0,0
2015-11-17 00:00:00,1,1,0
2015-11-17 01:00:00,0,0,0
2015-11-17 02:00:00,1,0,1
2015-11-17 03:00:00,0,0,0
2015-11-17 04:00:00,0,0,0
2015-11-17 05:00:00,5,0,5
2015-11-17 06:00:00,18,7,11
2015-11-17 07:00:00,44,30,14
2015-11-17 08:00:00,61,43,18
2015-11-17 09:00:00,30,14,16
2015-11-17 10:00:00,12,8,4
2015-11-17 11:00:00,13,10,3
2015-11-17 12:00:00,15,10,5
2015-11-17 13:00:00,18,11,7
2015-11-17 14:00:00,11,6,5
2015-11-17 15:00:00,36,27,9
2015-11-17 16:00:00,54,37,17
2015-11-17 17:00:00,70,52,18
2015-11-17 18:00:00,25,11,14
2015-11-17 19:00:00,19,10,9
2015-11-17 20:00:00,2,2,0
2015-11-17 21:00:00,5,2,3
2015-11-17 22:00:00,3,2,1
2015-11-17 23:00:00,1,0,1
2015-11-18 00:00:00,2,2,0
2015-11-18 01:00:00,0,0,0
2015-11-18 02:00:00,3,2,1
2015-11-18 03:00:00,0,0,0
2015-11-18 04:00:00,0,0,0
2015-11-18 05:00:00,8,3,5
2015-11-18 06:00:00,29,14,15
2015-11-18 07:00:00,44,26,18
2015-11-18 08:00:00,99,71,28
2015-11-18 09:00:00,38,27,11
2015-11-18 10:00:00,28,14,14
2015-11-18 11:00:00,29,24,5
2015-11-18 12:00:00,22,10,12
2015-11-18 13:00:00,28,16,12
2015-11-18 14:00:00,28,12,16
2015-11-18 15:00:00,45,36,9
2015-11-18 16:00:00,84,60,24
2015-11-18 17:00:00,114,82,32
2015-11-18 18:00:00,50,32,18
2015-11-18 19:00:00,22,11,11
2015-11-18 20:00:00,10,6,4
2015-11-18 21:00:00,7,5,2
2015-11-18 22:00:00,3,2,1
2015-11-18 23:00:00,0,0,0
2015-11-19 00:00:00,3,1,2
2015-11-19 01:00:00,1,0,1
2015-11-19 02:00:00,15,4,11
2015-11-19 03:00:00,0,0,0
2015-11-19 04:00:00,1,0,1
2015-11-19 05:00:00,7,2,5
2015-11-19 06:00:00,20,6,14
2015-11-19 07:00:00,59,38,21
2015-11-19 08:00:00,96,67,29
2015-11-19 09:00:00,44,25,19
2015-11-19 10:00:00,24,13,11
2015-11-19 11:00:00,24,13,11
2015-11-19 12:00:00,29,20,9
2015-11-19 13:00:00,19,12,7
2015-11-19 14:00:00,28,16,12
2015-11-19 15:00:00,50,29,21
2015-11-19 16:00:00,87,59,28
2015-11-19 17:00:00,129,92,37
2015-11-19 18:00:00,48,31,17
2015-11-19 19:00:00,21,9,12
2015-11-19 20:00:00,11,9,2
2015-11-19 21:00:00,10,9,1
2015-11-19 22:00:00,9,6,3
2015-11-19 23:00:00,3,3,0
2015-11-20 00:00:00,4,2,2
2015-11-20 01:00:00,0,0,0
2015-11-20 02:00:00,1,1,0
2015-11-20 03:00:00,0,0,0
2015-11-20 04:00:00,1,0,1
2015-11-20 05:00:00,6,2,4
2015-11-20 06:00:00,21,9,12
2015-11-20 07:00:00,39,22,17
2015-11-20 08:00:00,76,51,25
2015-11-20 09:00:00,35,18,17
2015-11-20 10:00:00,24,16,8
2015-11-20 11:00:00,27,15,12
2015-11-20 12:00:00,20,11,9
2015-11-20 13:00:00,27,22,5
2015-11-20 14:00:00,29,18,11
2015-11-20 15:00:00,47,32,15
2015-11-20 16:00:00,68,51,17
2015-11-20 17:00:00,84,58,26
2015-11-20 18:00:00,29,21,8
2015-11-20 19:00:00,21,10,11
2015-11-20 20:00:00,12,7,5
2015-11-20 21:00:00,7,2,5
2015-11-20 22:00:00,5,5,0
2015-11-20 23:00:00,1,0,1
2015-11-21 00:00:00,5,4,1
2015-11-21 01:00:00,0,0,0
2015-11-21 02:00:00,0,0,0
2015-11-21 03:00:00,0,0,0
2015-11-21 04:00:00,0,0,0
2015-11-21 05:00:00,0,0,0
2015-11-21 06:00:00,1,1,0
2015-11-21 07:00:00,1,0,1
2015-11-21 08:00:00,6,4,2
2015-11-21 09:00:00,4,3,1
2015-11-21 10:00:00,10,5,5
2015-11-21 11:00:00,12,9,3
2015-11-21 12:00:00,39,28,11
2015-11-21 13:00:00,16,8,8
2015-11-21 14:00:00,13,7,6
2015-11-21 15:00:00,22,10,12
2015-11-21 16:00:00,14,7,7
2015-11-21 17:00:00,7,6,1
2015-11-21 18:00:00,13,7,6
2015-11-21 19:00:00,4,3,1
2015-11-21 20:00:00,3,2,1
2015-11-21 21:00:00,2,1,1
2015-11-21 22:00:00,4,3,1
2015-11-21 23:00:00,2,1,1
2015-11-22 00:00:00,1,1,0
2015-11-22 01:00:00,0,0,0
2015-11-22 02:00:00,0,0,0
2015-11-22 03:00:00,1,1,0
2015-11-22 04:00:00,0,0,0
2015-11-22 05:00:00,0,0,0
2015-11-22 06:00:00,3,2,1
2015-11-22 07:00:00,5,3,2
2015-11-22 08:00:00,7,5,2
2015-11-22 09:00:00,2,2,0
2015-11-22 10:00:00,14,10,4
2015-11-22 11:00:00,14,10,4
2015-11-22 12:00:00,7,5,2
2015-11-22 13:00:00,18,12,6
2015-11-22 14:00:00,14,8,6
2015-11-22 15:00:00,8,4,4
2015-11-22 16:00:00,16,7,9
2015-11-22 17:00:00,13,8,5
2015-11-22 18:00:00,7,3,4
2015-11-22 19:00:00,6,5,1
2015-11-22 20:00:00,6,5,1
2015-11-22 21:00:00,1,1,0
2015-11-22 22:00:00,0,0,0
2015-11-22 23:00:00,3,2,1
2015-11-23 00:00:00,1,0,1
2015-11-23 01:00:00,2,0,2
2015-11-23 02:00:00,0,0,0
2015-11-23 03:00:00,0,0,0
2015-11-23 04:00:00,2,2,0
2015-11-23 05:00:00,3,1,2
2015-11-23 06:00:00,21,9,12
2015-11-23 07:00:00,42,31,11
2015-11-23 08:00:00,86,59,27
2015-11-23 09:00:00,40,22,18
2015-11-23 10:00:00,18,8,10
2015-11-23 11:00:00,16,9,7
2015-11-23 12:00:00,15,8,7
2015-11-23 13:00:00,18,12,6
2015-11-23 14:00:00,24,17,7
2015-11-23 15:00:00,33,22,11
2015-11-23 16:00:00,66,49,17
2015-11-23 17:00:00,91,64,27
2015-11-23 18:00:00,38,17,21
2015-11-23 19:00:00,10,6,4
2015-11-23 20:00:00,8,4,4
2015-11-23 21:00:00,7,5,2
2015-11-23 22:00:00,1,1,0
2015-11-23 23:00:00,2,0,2
2015-11-24 00:00:00,1,1,0
2015-11-24 01:00:00,0,0,0
2015-11-24 02:00:00,1,0,1
2015-11-24 03:00:00,0,0,0
2015-11-24 04:00:00,1,1,0
2015-11-24 05:00:00,3,1,2
2015-11-24 06:00:00,20,10,10
2015-11-24 07:00:00,38,22,16
2015-11-24 08:00:00,58,42,16
2015-11-24 09:00:00,33,20,13
2015-11-24 10:00:00,15,8,7
2015-11-24 11:00:00,25,9,16
2015-11-24 12:00:00,19,11,8
2015-11-24 13:00:00,16,8,8
2015-11-24 14:00:00,17,11,6
2015-11-24 15:00:00,34,28,6
2015-11-24 16:00:00,58,42,16
2015-11-24 17:00:00,86,62,24
2015-11-24 18:00:00,26,13,13
2015-11-24 19:00:00,16,10,6
2015-11-24 20:00:00,5,4,1
2015-11-24 21:00:00,3,3,0
2015-11-24 22:00:00,3,2,1
2015-11-24 23:00:00,1,1,0
2015-11-25 00:00:00,4,2,2
2015-11-25 01:00:00,0,0,0
2015-11-25 02:00:00,2,0,2
2015-11-25 03:00:00,0,0,0
2015-11-25 04:00:00,0,0,0
2015-11-25 05:00:00,4,1,3
2015-11-25 06:00:00,11,6,5
2015-11-25 07:00:00,32,25,7
2015-11-25 08:00:00,54,36,18
2015-11-25 09:00:00,27,14,13
2015-11-25 10:00:00,23,12,11
2015-11-25 11:00:00,19,12,7
2015-11-25 12:00:00,20,11,9
2015-11-25 13:00:00,24,16,8
2015-11-25 14:00:00,55,36,19
2015-11-25 15:00:00,46,31,15
2015-11-25 16:00:00,50,39,11
2015-11-25 17:00:00,41,27,14
2015-11-25 18:00:00,16,12,4
2015-11-25 19:00:00,7,6,1
2015-11-25 20:00:00,5,4,1
2015-11-25 21:00:00,6,2,4
2015-11-25 22:00:00,0,0,0
2015-11-25 23:00:00,3,2,1
2015-11-26 00:00:00,0,0,0
2015-11-26 01:00:00,0,0,0
2015-11-26 02:00:00,1,1,0
2015-11-26 03:00:00,0,0,0
2015-11-26 04:00:00,0,0,0
2015-11-26 05:00:00,1,1,0
2015-11-26 06:00:00,2,2,0
2015-11-26 07:00:00,1,1,0
2015-11-26 08:00:00,0,0,0
2015-11-26 09:00:00,4,2,2
2015-11-26 10:00:00,4,0,4
2015-11-26 11:00:00,2,0,2
2015-11-26 12:00:00,0,0,0
2015-11-26 13:00:00,4,1,3
2015-11-26 14:00:00,2,2,0
2015-11-26 15:00:00,3,1,2
2015-11-26 16:00:00,4,1,3
2015-11-26 17:00:00,0,0,0
2015-11-26 18:00:00,1,0,1
2015-11-26 19:00:00,2,1,1
2015-11-26 20:00:00,0,0,0
2015-11-26 21:00:00,2,0,2
2015-11-26 22:00:00,3,2,1
2015-11-26 23:00:00,2,0,2
2015-11-27 00:00:00,1,1,0
2015-11-27 01:00:00,1,1,0
2015-11-27 02:00:00,1,0,1
2015-11-27 03:00:00,0,0,0
2015-11-27 04:00:00,0,0,0
2015-11-27 05:00:00,3,0,3
2015-11-27 06:00:00,1,1,0
2015-11-27 07:00:00,4,3,1
2015-11-27 08:00:00,7,3,4
2015-11-27 09:00:00,2,2,0
2015-11-27 10:00:00,6,2,4
2015-11-27 11:00:00,4,4,0
2015-11-27 12:00:00,10,6,4
2015-11-27 13:00:00,7,7,0
2015-11-27 14:00:00,10,10,0
2015-11-27 15:00:00,5,5,0
2015-11-27 16:00:00,10,10,0
2015-11-27 17:00:00,6,6,0
2015-11-27 18:00:00,9,9,0
2015-11-27 19:00:00,1,1,0
2015-11-27 20:00:00,1,1,0
2015-11-27 21:00:00,1,1,0
2015-11-27 22:00:00,2,2,0
2015-11-27 23:00:00,0,0,0
2015-11-28 00:00:00,1,1,0
2015-11-28 01:00:00,0,0,0
2015-11-28 02:00:00,0,0,0
2015-11-28 03:00:00,0,0,0
2015-11-28 04:00:00,0,0,0
2015-11-28 05:00:00,0,0,0
2015-11-28 06:00:00,0,0,0
2015-11-28 07:00:00,0,0,0
2015-11-28 08:00:00,2,2,0
2015-11-28 09:00:00,3,3,0
2015-11-28 10:00:00,6,6,0
2015-11-28 11:00:00,3,3,0
2015-11-28 12:00:00,5,5,0
2015-11-28 13:00:00,5,5,0
2015-11-28 14:00:00,6,6,0
2015-11-28 15:00:00,10,10,0
2015-11-28 16:00:00,8,8,0
2015-11-28 17:00:00,3,3,0
2015-11-28 18:00:00,5,5,0
2015-11-28 19:00:00,2,2,0
2015-11-28 20:00:00,1,1,0
2015-11-28 21:00:00,1,1,0
2015-11-28 22:00:00,3,3,0
2015-11-28 23:00:00,0,0,0
2015-11-29 00:00:00,0,0,0
2015-11-29 01:00:00,0,0,0
2015-11-29 02:00:00,2,2,0
2015-11-29 03:00:00,0,0,0
2015-11-29 04:00:00,0,0,0
2015-11-29 05:00:00,0,0,0
2015-11-29 06:00:00,1,1,0
2015-11-29 07:00:00,0,0,0
2015-11-29 08:00:00,5,5,0
2015-11-29 09:00:00,0,0,0
2015-11-29 10:00:00,4,4,0
2015-11-29 11:00:00,7,7,0
2015-11-29 12:00:00,9,9,0
2015-11-29 13:00:00,8,8,0
2015-11-29 14:00:00,3,2,1
2015-11-29 15:00:00,10,10,0
2015-11-29 16:00:00,3,3,0
2015-11-29 17:00:00,9,9,0
2015-11-29 18:00:00,5,5,0
2015-11-29 19:00:00,2,2,0
2015-11-29 20:00:00,1,1,0
2015-11-29 21:00:00,2,2,0
2015-11-29 22:00:00,0,0,0
2015-11-29 23:00:00,0,0,0
2015-11-30 00:00:00,1,1,0
2015-11-30 01:00:00,0,0,0
2015-11-30 02:00:00,0,0,0
2015-11-30 03:00:00,0,0,0
2015-11-30 04:00:00,0,0,0
2015-11-30 05:00:00,0,0,0
2015-11-30 06:00:00,4,4,0
2015-11-30 07:00:00,25,25,0
2015-11-30 08:00:00,40,40,0
2015-11-30 09:00:00,22,21,1
2015-11-30 10:00:00,8,8,0
2015-11-30 11:00:00,13,12,1
2015-11-30 12:00:00,7,5,2
2015-11-30 13:00:00,16,16,0
2015-11-30 14:00:00,10,10,0
2015-11-30 15:00:00,22,21,1
2015-11-30 16:00:00,36,36,0
2015-11-30 17:00:00,45,45,0
2015-11-30 18:00:00,12,12,0
2015-11-30 19:00:00,2,2,0
2015-11-30 20:00:00,0,0,0
2015-11-30 21:00:00,2,2,0
2015-11-30 22:00:00,0,0,0
2015-11-30 23:00:00,1,1,0
2015-12-01 00:00:00,1,1,0
2015-12-01 01:00:00,0,0,0
2015-12-01 02:00:00,0,0,0
2015-12-01 03:00:00,0,0,0
2015-12-01 04:00:00,0,0,0
2015-12-01 05:00:00,1,1,0
2015-12-01 06:00:00,7,7,0
2015-12-01 07:00:00,30,30,0
2015-12-01 08:00:00,39,39,0
2015-12-01 09:00:00,19,18,1
2015-12-01 10:00:00,8,8,0
2015-12-01 11:00:00,10,10,0
2015-12-01 12:00:00,6,6,0
2015-12-01 13:00:00,20,13,7
2015-12-01 14:00:00,28,17,11
2015-12-01 15:00:00,42,32,10
2015-12-01 16:00:00,77,62,15
2015-12-01 17:00:00,101,67,34
2015-12-01 18:00:00,27,16,11
2015-12-01 19:00:00,14,8,6
2015-12-01 20:00:00,5,3,2
2015-12-01 21:00:00,3,2,1
2015-12-01 22:00:00,5,2,3
2015-12-01 23:00:00,0,0,0
2015-12-02 00:00:00,4,3,1
2015-12-02 01:00:00,1,0,1
2015-12-02 02:00:00,1,0,1
2015-12-02 03:00:00,1,0,1
2015-12-02 04:00:00,2,0,2
2015-12-02 05:00:00,4,2,2
2015-12-02 06:00:00,28,15,13
2015-12-02 07:00:00,44,28,16
2015-12-02 08:00:00,84,51,33
2015-12-02 09:00:00,40,27,13
2015-12-02 10:00:00,22,12,10
2015-12-02 11:00:00,14,10,4
2015-12-02 12:00:00,17,8,9
2015-12-02 13:00:00,20,17,3
2015-12-02 14:00:00,19,8,11
2015-12-02 15:00:00,46,30,16
2015-12-02 16:00:00,67,52,15
2015-12-02 17:00:00,101,70,31
2015-12-02 18:00:00,48,27,21
2015-12-02 19:00:00,18,12,6
2015-12-02 20:00:00,14,7,7
2015-12-02 21:00:00,5,4,1
2015-12-02 22:00:00,0,0,0
2015-12-02 23:00:00,3,0,3
2015-12-03 00:00:00,2,2,0
2015-12-03 01:00:00,0,0,0
2015-12-03 02:00:00,1,0,1
2015-12-03 03:00:00,0,0,0
2015-12-03 04:00:00,2,0,2
2015-12-03 05:00:00,9,5,4
2015-12-03 06:00:00,22,13,9
2015-12-03 07:00:00,43,28,15
2015-12-03 08:00:00,55,38,17
2015-12-03 09:00:00,27,11,16
2015-12-03 10:00:00,25,8,17
2015-12-03 11:00:00,19,11,8
2015-12-03 12:00:00,20,11,9
2015-12-03 13:00:00,16,9,7
2015-12-03 14:00:00,28,20,8
2015-12-03 15:00:00,24,19,5
2015-12-03 16:00:00,57,40,17
2015-12-03 17:00:00,78,60,18
2015-12-03 18:00:00,35,24,11
2015-12-03 19:00:00,20,8,12
2015-12-03 20:00:00,8,3,5
2015-12-03 21:00:00,7,5,2
2015-12-03 22:00:00,9,5,4
2015-12-03 23:00:00,4,3,1
2015-12-04 00:00:00,1,1,0
2015-12-04 01:00:00,1,0,1
2015-12-04 02:00:00,1,0,1
2015-12-04 03:00:00,1,1,0
2015-12-04 04:00:00,3,2,1
2015-12-04 05:00:00,4,2,2
2015-12-04 06:00:00,19,11,8
2015-12-04 07:00:00,32,26,6
2015-12-04 08:00:00,68,43,25
2015-12-04 09:00:00,40,23,17
2015-12-04 10:00:00,32,17,15
2015-12-04 11:00:00,18,12,6
2015-12-04 12:00:00,21,11,10
2015-12-04 13:00:00,25,15,10
2015-12-04 14:00:00,25,13,12
2015-12-04 15:00:00,43,31,12
2015-12-04 16:00:00,59,30,29
2015-12-04 17:00:00,87,63,24
2015-12-04 18:00:00,29,22,7
2015-12-04 19:00:00,11,8,3
2015-12-04 20:00:00,6,5,1
2015-12-04 21:00:00,6,3,3
2015-12-04 22:00:00,9,2,7
2015-12-04 23:00:00,4,2,2
2015-12-05 00:00:00,4,3,1
2015-12-05 01:00:00,2,2,0
2015-12-05 02:00:00,3,1,2
2015-12-05 03:00:00,0,0,0
2015-12-05 04:00:00,1,1,0
2015-12-05 05:00:00,0,0,0
2015-12-05 06:00:00,1,0,1
2015-12-05 07:00:00,1,0,1
2015-12-05 08:00:00,5,3,2
2015-12-05 09:00:00,5,4,1
2015-12-05 10:00:00,0,0,0
2015-12-05 11:00:00,3,3,0
2015-12-05 12:00:00,9,6,3
2015-12-05 13:00:00,4,0,4
2015-12-05 14:00:00,4,4,0
2015-12-05 15:00:00,5,2,3
2015-12-05 16:00:00,7,7,0
2015-12-05 17:00:00,6,4,2
2015-12-05 18:00:00,5,4,1
2015-12-05 19:00:00,5,2,3
2015-12-05 20:00:00,3,3,0
2015-12-05 21:00:00,1,1,0
2015-12-05 22:00:00,4,1,3
2015-12-05 23:00:00,1,1,0
2015-12-06 00:00:00,2,2,0
2015-12-06 01:00:00,0,0,0
2015-12-06 02:00:00,0,0,0
2015-12-06 03:00:00,0,0,0
2015-12-06 04:00:00,0,0,0
2015-12-06 05:00:00,0,0,0
2015-12-06 06:00:00,0,0,0
2015-12-06 07:00:00,0,0,0
2015-12-06 08:00:00,2,1,1
2015-12-06 09:00:00,5,4,1
2015-12-06 10:00:00,2,0,2
2015-12-06 11:00:00,7,5,2
2015-12-06 12:00:00,7,5,2
2015-12-06 13:00:00,5,3,2
2015-12-06 14:00:00,5,3,2
2015-12-06 15:00:00,6,3,3
2015-12-06 16:00:00,4,3,1
2015-12-06 17:00:00,6,4,2
2015-12-06 18:00:00,0,0,0
2015-12-06 19:00:00,6,2,4
2015-12-06 20:00:00,0,0,0
2015-12-06 21:00:00,2,2,0
2015-12-06 22:00:00,0,0,0
2015-12-06 23:00:00,1,0,1
2015-12-07 00:00:00,0,0,0
2015-12-07 01:00:00,0,0,0
2015-12-07 02:00:00,0,0,0
2015-12-07 03:00:00,0,0,0
2015-12-07 04:00:00,1,0,1
2015-12-07 05:00:00,5,2,3
2015-12-07 06:00:00,22,11,11
2015-12-07 07:00:00,45,31,14
2015-12-07 08:00:00,68,41,27
2015-12-07 09:00:00,32,17,15
2015-12-07 10:00:00,9,4,5
2015-12-07 11:00:00,12,7,5
2015-12-07 12:00:00,17,10,7
2015-12-07 13:00:00,11,5,6
2015-12-07 14:00:00,18,8,10
2015-12-07 15:00:00,26,21,5
2015-12-07 16:00:00,47,40,7
2015-12-07 17:00:00,90,62,28
2015-12-07 18:00:00,32,20,12
2015-12-07 19:00:00,17,8,9
2015-12-07 20:00:00,10,6,4
2015-12-07 21:00:00,7,6,1
2015-12-07 22:00:00,6,3,3
2015-12-07 23:00:00,1,1,0
2015-12-08 00:00:00,0,0,0
2015-12-08 01:00:00,2,1,1
2015-12-08 02:00:00,1,0,1
2015-12-08 03:00:00,0,0,0
2015-12-08 04:00:00,0,0,0
2015-12-08 05:00:00,4,2,2
2015-12-08 06:00:00,18,6,12
2015-12-08 07:00:00,29,15,14
2015-12-08 08:00:00,67,41,26
2015-12-08 09:00:00,34,19,15
2015-12-08 10:00:00,12,6,6
2015-12-08 11:00:00,7,4,3
2015-12-08 12:00:00,21,7,14
2015-12-08 13:00:00,13,6,7
2015-12-08 14:00:00,16,8,8
2015-12-08 15:00:00,31,24,7
2015-12-08 16:00:00,45,33,12
2015-12-08 17:00:00,74,46,28
2015-12-08 18:00:00,28,21,7
2015-12-08 19:00:00,15,7,8
2015-12-08 20:00:00,8,6,2
2015-12-08 21:00:00,1,0,1
2015-12-08 22:00:00,3,1,2
2015-12-08 23:00:00,1,0,1
2015-12-09 00:00:00,1,1,0
2015-12-09 01:00:00,0,0,0
2015-12-09 02:00:00,1,0,1
2015-12-09 03:00:00,0,0,0
2015-12-09 04:00:00,0,0,0
2015-12-09 05:00:00,2,1,1
2015-12-09 06:00:00,16,5,11
2015-12-09 07:00:00,24,15,9
2015-12-09 08:00:00,62,42,20
2015-12-09 09:00:00,33,20,13
2015-12-09 10:00:00,31,17,14
2015-12-09 11:00:00,22,9,13
2015-12-09 12:00:00,25,11,14
2015-12-09 13:00:00,19,17,2
2015-12-09 14:00:00,28,20,8
2015-12-09 15:00:00,37,24,13
2015-12-09 16:00:00,55,41,14
2015-12-09 17:00:00,83,64,19
2015-12-09 18:00:00,40,23,17
2015-12-09 19:00:00,13,9,4
2015-12-09 20:00:00,7,4,3
2015-12-09 21:00:00,7,5,2
2015-12-09 22:00:00,4,1,3
2015-12-09 23:00:00,1,0,1
2015-12-10 00:00:00,2,1,1
2015-12-10 01:00:00,0,0,0
2015-12-10 02:00:00,2,1,1
2015-12-10 03:00:00,0,0,0
2015-12-10 04:00:00,0,0,0
2015-12-10 05:00:00,3,2,1
2015-12-10 06:00:00,13,7,6
2015-12-10 07:00:00,37,25,12
2015-12-10 08:00:00,63,36,27
2015-12-10 09:00:00,34,22,12
2015-12-10 10:00:00,13,5,8
2015-12-10 11:00:00,13,9,4
2015-12-10 12:00:00,11,3,8
2015-12-10 13:00:00,13,9,4
2015-12-10 14:00:00,17,9,8
2015-12-10 15:00:00,22,13,9
2015-12-10 16:00:00,47,27,20
2015-12-10 17:00:00,69,54,15
2015-12-10 18:00:00,26,15,11
2015-12-10 19:00:00,12,8,4
2015-12-10 20:00:00,6,4,2
2015-12-10 21:00:00,6,5,1
2015-12-10 22:00:00,1,1,0
2015-12-10 23:00:00,2,1,1
2015-12-11 00:00:00,2,1,1
2015-12-11 01:00:00,0,0,0
2015-12-11 02:00:00,3,2,1
2015-12-11 03:00:00,0,0,0
2015-12-11 04:00:00,1,0,1
2015-12-11 05:00:00,2,1,1
2015-12-11 06:00:00,14,8,6
2015-12-11 07:00:00,35,20,15
2015-12-11 08:00:00,58,38,20
2015-12-11 09:00:00,39,23,16
2015-12-11 10:00:00,26,12,14
2015-12-11 11:00:00,16,13,3
2015-12-11 12:00:00,25,18,7
2015-12-11 13:00:00,23,11,12
2015-12-11 14:00:00,23,16,7
2015-12-11 15:00:00,39,29,10
2015-12-11 16:00:00,53,40,13
2015-12-11 17:00:00,68,48,20
2015-12-11 18:00:00,34,24,10
2015-12-11 19:00:00,16,10,6
2015-12-11 20:00:00,3,2,1
2015-12-11 21:00:00,4,3,1
2015-12-11 22:00:00,4,3,1
2015-12-11 23:00:00,4,2,2
2015-12-12 00:00:00,5,5,0
2015-12-12 01:00:00,1,0,1
2015-12-12 02:00:00,1,0,1
2015-12-12 03:00:00,2,1,1
2015-12-12 04:00:00,0,0,0
2015-12-12 05:00:00,0,0,0
2015-12-12 06:00:00,1,0,1
2015-12-12 07:00:00,0,0,0
2015-12-12 08:00:00,5,3,2
2015-12-12 09:00:00,4,2,2
2015-12-12 10:00:00,3,2,1
2015-12-12 11:00:00,2,2,0
2015-12-12 12:00:00,4,4,0
2015-12-12 13:00:00,3,2,1
2015-12-12 14:00:00,3,1,2
2015-12-12 15:00:00,8,3,5
2015-12-12 16:00:00,10,6,4
2015-12-12 17:00:00,4,3,1
2015-12-12 18:00:00,4,3,1
2015-12-12 19:00:00,2,0,2
2015-12-12 20:00:00,3,3,0
2015-12-12 21:00:00,4,4,0
2015-12-12 22:00:00,0,0,0
2015-12-12 23:00:00,2,1,1
2015-12-13 00:00:00,4,4,0
2015-12-13 01:00:00,2,2,0
2015-12-13 02:00:00,1,0,1
2015-12-13 03:00:00,1,0,1
2015-12-13 04:00:00,0,0,0
2015-12-13 05:00:00,1,0,1
2015-12-13 06:00:00,2,0,2
2015-12-13 07:00:00,0,0,0
2015-12-13 08:00:00,2,1,1
2015-12-13 09:00:00,3,2,1
2015-12-13 10:00:00,3,1,2
2015-12-13 11:00:00,0,0,0
2015-12-13 12:00:00,4,3,1
2015-12-13 13:00:00,2,2,0
2015-12-13 14:00:00,5,5,0
2015-12-13 15:00:00,2,1,1
2015-12-13 16:00:00,2,2,0
2015-12-13 17:00:00,5,4,1
2015-12-13 18:00:00,3,2,1
2015-12-13 19:00:00,1,1,0
2015-12-13 20:00:00,1,1,0
2015-12-13 21:00:00,2,2,0
2015-12-13 22:00:00,1,0,1
2015-12-13 23:00:00,1,1,0
2015-12-14 00:00:00,1,0,1
2015-12-14 01:00:00,0,0,0
2015-12-14 02:00:00,0,0,0
2015-12-14 03:00:00,0,0,0
2015-12-14 04:00:00,2,1,1
2015-12-14 05:00:00,6,2,4
2015-12-14 06:00:00,22,12,10
2015-12-14 07:00:00,59,38,21
2015-12-14 08:00:00,79,50,29
2015-12-14 09:00:00,40,25,15
2015-12-14 10:00:00,20,14,6
2015-12-14 11:00:00,21,15,6
2015-12-14 12:00:00,18,9,9
2015-12-14 13:00:00,17,15,2
2015-12-14 14:00:00,23,10,13
2015-12-14 15:00:00,35,24,11
2015-12-14 16:00:00,85,55,30
2015-12-14 17:00:00,87,59,28
2015-12-14 18:00:00,45,26,19
2015-12-14 19:00:00,25,14,11
2015-12-14 20:00:00,5,2,3
2015-12-14 21:00:00,8,7,1
2015-12-14 22:00:00,6,5,1
2015-12-14 23:00:00,1,1,0
2015-12-15 00:00:00,3,3,0
2015-12-15 01:00:00,1,1,0
2015-12-15 02:00:00,2,1,1
2015-12-15 03:00:00,0,0,0
2015-12-15 04:00:00,2,0,2
2015-12-15 05:00:00,7,2,5
2015-12-15 06:00:00,20,9,11
2015-12-15 07:00:00,47,36,11
2015-12-15 08:00:00,73,48,25
2015-12-15 09:00:00,45,24,21
2015-12-15 10:00:00,13,9,4
2015-12-15 11:00:00,22,16,6
2015-12-15 12:00:00,20,11,9
2015-12-15 13:00:00,27,15,12
2015-12-15 14:00:00,24,15,9
2015-12-15 15:00:00,45,32,13
2015-12-15 16:00:00,58,46,12
2015-12-15 17:00:00,109,74,35
2015-12-15 18:00:00,55,41,14
2015-12-15 19:00:00,17,9,8
2015-12-15 20:00:00,5,4,1
2015-12-15 21:00:00,5,2,3
2015-12-15 22:00:00,2,1,1
2015-12-15 23:00:00,0,0,0
2015-12-16 00:00:00,3,3,0
2015-12-16 01:00:00,0,0,0
2015-12-16 02:00:00,1,0,1
2015-12-16 03:00:00,0,0,0
2015-12-16 04:00:00,1,0,1
2015-12-16 05:00:00,6,2,4
2015-12-16 06:00:00,20,10,10
2015-12-16 07:00:00,37,28,9
2015-12-16 08:00:00,71,46,25
2015-12-16 09:00:00,45,29,16
2015-12-16 10:00:00,29,18,11
2015-12-16 11:00:00,17,6,11
2015-12-16 12:00:00,17,8,9
2015-12-16 13:00:00,27,19,8
2015-12-16 14:00:00,20,8,12
2015-12-16 15:00:00,36,25,11
2015-12-16 16:00:00,67,52,15
2015-12-16 17:00:00,91,63,28
2015-12-16 18:00:00,34,23,11
2015-12-16 19:00:00,21,12,9
2015-12-16 20:00:00,13,5,8
2015-12-16 21:00:00,4,2,2
2015-12-16 22:00:00,6,2,4
2015-12-16 23:00:00,2,1,1
2015-12-17 00:00:00,3,3,0
2015-12-17 01:00:00,0,0,0
2015-12-17 02:00:00,2,0,2
2015-12-17 03:00:00,0,0,0
2015-12-17 04:00:00,1,0,1
2015-12-17 05:00:00,7,4,3
2015-12-17 06:00:00,18,8,10
2015-12-17 07:00:00,29,21,8
2015-12-17 08:00:00,50,31,19
2015-12-17 09:00:00,31,22,9
2015-12-17 10:00:00,16,12,4
2015-12-17 11:00:00,8,5,3
2015-12-17 12:00:00,15,7,8
2015-12-17 13:00:00,14,9,5
2015-12-17 14:00:00,15,5,10
2015-12-17 15:00:00,36,24,12
2015-12-17 16:00:00,39,27,12
2015-12-17 17:00:00,82,61,21
2015-12-17 18:00:00,33,22,11
2015-12-17 19:00:00,15,11,4
2015-12-17 20:00:00,5,4,1
2015-12-17 21:00:00,8,6,2
2015-12-17 22:00:00,6,4,2
2015-12-17 23:00:00,1,1,0
2015-12-18 00:00:00,0,0,0
2015-12-18 01:00:00,1,1,0
2015-12-18 02:00:00,1,0,1
2015-12-18 03:00:00,0,0,0
2015-12-18 04:00:00,1,0,1
2015-12-18 05:00:00,3,2,1
2015-12-18 06:00:00,14,5,9
2015-12-18 07:00:00,27,19,8
2015-12-18 08:00:00,53,34,19
2015-12-18 09:00:00,35,20,15
2015-12-18 10:00:00,16,10,6
2015-12-18 11:00:00,18,5,13
2015-12-18 12:00:00,16,9,7
2015-12-18 13:00:00,30,21,9
2015-12-18 14:00:00,26,12,14
2015-12-18 15:00:00,32,23,9
2015-12-18 16:00:00,52,35,17
2015-12-18 17:00:00,54,35,19
2015-12-18 18:00:00,17,13,4
2015-12-18 19:00:00,12,5,7
2015-12-18 20:00:00,12,7,5
2015-12-18 21:00:00,3,3,0
2015-12-18 22:00:00,2,2,0
2015-12-18 23:00:00,3,1,2
2015-12-19 00:00:00,1,1,0
2015-12-19 01:00:00,0,0,0
2015-12-19 02:00:00,1,0,1
2015-12-19 03:00:00,0,0,0
2015-12-19 04:00:00,0,0,0
2015-12-19 05:00:00,0,0,0
2015-12-19 06:00:00,4,1,3
2015-12-19 07:00:00,2,2,0
2015-12-19 08:00:00,2,1,1
2015-12-19 09:00:00,4,2,2
2015-12-19 10:00:00,14,6,8
2015-12-19 11:00:00,9,6,3
2015-12-19 12:00:00,12,10,2
2015-12-19 13:00:00,6,4,2
2015-12-19 14:00:00,23,13,10
2015-12-19 15:00:00,10,5,5
2015-12-19 16:00:00,9,8,1
2015-12-19 17:00:00,7,6,1
2015-12-19 18:00:00,4,1,3
2015-12-19 19:00:00,8,4,4
2015-12-19 20:00:00,4,3,1
2015-12-19 21:00:00,3,3,0
2015-12-19 22:00:00,4,3,1
2015-12-19 23:00:00,1,0,1
2015-12-20 00:00:00,3,3,0
2015-12-20 01:00:00,0,0,0
2015-12-20 02:00:00,3,3,0
2015-12-20 03:00:00,0,0,0
2015-12-20 04:00:00,4,3,1
2015-12-20 05:00:00,1,0,1
2015-12-20 06:00:00,0,0,0
2015-12-20 07:00:00,2,1,1
2015-12-20 08:00:00,4,3,1
2015-12-20 09:00:00,3,2,1
2015-12-20 10:00:00,3,0,3
2015-12-20 11:00:00,12,8,4
2015-12-20 12:00:00,17,10,7
2015-12-20 13:00:00,6,3,3
2015-12-20 14:00:00,16,12,4
2015-12-20 15:00:00,10,4,6
2015-12-20 16:00:00,12,4,8
2015-12-20 17:00:00,14,7,7
2015-12-20 18:00:00,10,5,5
2015-12-20 19:00:00,5,4,1
2015-12-20 20:00:00,5,3,2
2015-12-20 21:00:00,2,2,0
2015-12-20 22:00:00,1,1,0
2015-12-20 23:00:00,3,2,1
2015-12-21 00:00:00,2,1,1
2015-12-21 01:00:00,0,0,0
2015-12-21 02:00:00,0,0,0
2015-12-21 03:00:00,1,0,1
2015-12-21 04:00:00,1,0,1
2015-12-21 05:00:00,5,2,3
2015-12-21 06:00:00,11,5,6
2015-12-21 07:00:00,24,17,7
2015-12-21 08:00:00,44,31,13
2015-12-21 09:00:00,25,10,15
2015-12-21 10:00:00,11,6,5
2015-12-21 11:00:00,21,9,12
2015-12-21 12:00:00,7,4,3
2015-12-21 13:00:00,6,4,2
2015-12-21 14:00:00,16,11,5
2015-12-21 15:00:00,30,21,9
2015-12-21 16:00:00,34,28,6
2015-12-21 17:00:00,58,42,16
2015-12-21 18:00:00,22,14,8
2015-12-21 19:00:00,7,3,4
2015-12-21 20:00:00,7,4,3
2015-12-21 21:00:00,6,6,0
2015-12-21 22:00:00,2,0,2
2015-12-21 23:00:00,1,1,0
2015-12-22 00:00:00,1,1,0
2015-12-22 01:00:00,0,0,0
2015-12-22 02:00:00,1,0,1
2015-12-22 03:00:00,0,0,0
2015-12-22 04:00:00,1,0,1
2015-12-22 05:00:00,6,3,3
2015-12-22 06:00:00,14,9,5
2015-12-22 07:00:00,23,13,10
2015-12-22 08:00:00,51,32,19
2015-12-22 09:00:00,34,19,15
2015-12-22 10:00:00,14,8,6
2015-12-22 11:00:00,16,12,4
2015-12-22 12:00:00,11,5,6
2015-12-22 13:00:00,27,19,8
2015-12-22 14:00:00,23,9,14
2015-12-22 15:00:00,29,20,9
2015-12-22 16:00:00,65,45,20
2015-12-22 17:00:00,73,47,26
2015-12-22 18:00:00,32,19,13
2015-12-22 19:00:00,8,3,5
2015-12-22 20:00:00,3,2,1
2015-12-22 21:00:00,3,1,2
2015-12-22 22:00:00,2,1,1
2015-12-22 23:00:00,0,0,0
2015-12-23 00:00:00,2,2,0
2015-12-23 01:00:00,2,2,0
2015-12-23 02:00:00,1,0,1
2015-12-23 03:00:00,1,1,0
2015-12-23 04:00:00,0,0,0
2015-12-23 05:00:00,7,4,3
2015-12-23 06:00:00,9,4,5
2015-12-23 07:00:00,8,6,2
2015-12-23 08:00:00,33,21,12
2015-12-23 09:00:00,23,14,9
2015-12-23 10:00:00,7,4,3
2015-12-23 11:00:00,13,8,5
2015-12-23 12:00:00,12,11,1
2015-12-23 13:00:00,13,7,6
2015-12-23 14:00:00,14,9,5
2015-12-23 15:00:00,21,16,5
2015-12-23 16:00:00,40,26,14
2015-12-23 17:00:00,45,26,19
2015-12-23 18:00:00,14,8,6
2015-12-23 19:00:00,2,0,2
2015-12-23 20:00:00,1,1,0
2015-12-23 21:00:00,2,2,0
2015-12-23 22:00:00,2,1,1
2015-12-23 23:00:00,1,1,0
2015-12-24 00:00:00,1,1,0
2015-12-24 01:00:00,0,0,0
2015-12-24 02:00:00,1,0,1
2015-12-24 03:00:00,0,0,0
2015-12-24 04:00:00,0,0,0
2015-12-24 05:00:00,4,3,1
2015-12-24 06:00:00,2,0,2
2015-12-24 07:00:00,6,4,2
2015-12-24 08:00:00,11,8,3
2015-12-24 09:00:00,12,6,6
2015-12-24 10:00:00,12,5,7
2015-12-24 11:00:00,11,9,2
2015-12-24 12:00:00,20,10,10
2015-12-24 13:00:00,24,14,10
2015-12-24 14:00:00,8,4,4
2015-12-24 15:00:00,6,3,3
2015-12-24 16:00:00,18,14,4
2015-12-24 17:00:00,4,2,2
2015-12-24 18:00:00,3,1,2
2015-12-24 19:00:00,1,0,1
2015-12-24 20:00:00,1,1,0
2015-12-24 21:00:00,2,2,0
2015-12-24 22:00:00,1,0,1
2015-12-24 23:00:00,1,1,0
2015-12-25 00:00:00,1,0,1
2015-12-25 01:00:00,0,0,0
2015-12-25 02:00:00,0,0,0
2015-12-25 03:00:00,1,1,0
2015-12-25 04:00:00,0,0,0
2015-12-25 05:00:00,0,0,0
2015-12-25 06:00:00,0,0,0
2015-12-25 07:00:00,0,0,0
2015-12-25 08:00:00,0,0,0
2015-12-25 09:00:00,2,1,1
2015-12-25 10:00:00,2,1,1
2015-12-25 11:00:00,1,1,0
2015-12-25 12:00:00,8,6,2
2015-12-25 13:00:00,2,1,1
2015-12-25 14:00:00,6,5,1
2015-12-25 15:00:00,2,2,0
2015-12-25 16:00:00,2,1,1
2015-12-25 17:00:00,1,1,0
2015-12-25 18:00:00,2,2,0
2015-12-25 19:00:00,0,0,0
2015-12-25 20:00:00,0,0,0
2015-12-25 21:00:00,0,0,0
2015-12-25 22:00:00,1,0,1
2015-12-25 23:00:00,1,0,1
2015-12-26 00:00:00,0,0,0
2015-12-26 01:00:00,0,0,0
2015-12-26 02:00:00,1,1,0
2015-12-26 03:00:00,0,0,0
2015-12-26 04:00:00,0,0,0
2015-12-26 05:00:00,0,0,0
2015-12-26 06:00:00,1,0,1
2015-12-26 07:00:00,1,1,0
2015-12-26 08:00:00,1,0,1
2015-12-26 09:00:00,6,4,2
2015-12-26 10:00:00,4,3,1
2015-12-26 11:00:00,7,5,2
2015-12-26 12:00:00,10,8,2
2015-12-26 13:00:00,6,3,3
2015-12-26 14:00:00,10,9,1
2015-12-26 15:00:00,10,8,2
2015-12-26 16:00:00,6,5,1
2015-12-26 17:00:00,6,4,2
2015-12-26 18:00:00,2,1,1
2015-12-26 19:00:00,2,1,1
2015-12-26 20:00:00,1,1,0
2015-12-26 21:00:00,1,1,0
2015-12-26 22:00:00,3,2,1
2015-12-26 23:00:00,2,1,1
2015-12-27 00:00:00,2,2,0
2015-12-27 01:00:00,1,1,0
2015-12-27 02:00:00,0,0,0
2015-12-27 03:00:00,0,0,0
2015-12-27 04:00:00,1,1,0
2015-12-27 05:00:00,0,0,0
2015-12-27 06:00:00,2,2,0
2015-12-27 07:00:00,2,2,0
2015-12-27 08:00:00,3,3,0
2015-12-27 09:00:00,0,0,0
2015-12-27 10:00:00,2,2,0
2015-12-27 11:00:00,7,4,3
2015-12-27 12:00:00,3,3,0
2015-12-27 13:00:00,1,1,0
2015-12-27 14:00:00,3,1,2
2015-12-27 15:00:00,1,0,1
2015-12-27 16:00:00,9,4,5
2015-12-27 17:00:00,6,0,6
2015-12-27 18:00:00,4,3,1
2015-12-27 19:00:00,7,4,3
2015-12-27 20:00:00,0,0,0
2015-12-27 21:00:00,3,2,1
2015-12-27 22:00:00,0,0,0
2015-12-27 23:00:00,0,0,0
2015-12-28 00:00:00,0,0,0
2015-12-28 01:00:00,1,1,0
2015-12-28 02:00:00,0,0,0
2015-12-28 03:00:00,0,0,0
2015-12-28 04:00:00,0,0,0
2015-12-28 05:00:00,2,2,0
2015-12-28 06:00:00,8,3,5
2015-12-28 07:00:00,14,8,6
2015-12-28 08:00:00,40,24,16
2015-12-28 09:00:00,26,12,14
2015-12-28 10:00:00,10,8,2
2015-12-28 11:00:00,10,6,4
2015-12-28 12:00:00,12,7,5
2015-12-28 13:00:00,14,10,4
2015-12-28 14:00:00,16,7,9
2015-12-28 15:00:00,28,20,8
2015-12-28 16:00:00,23,12,11
2015-12-28 17:00:00,41,26,15
2015-12-28 18:00:00,20,8,12
2015-12-28 19:00:00,4,0,4
2015-12-28 20:00:00,1,0,1
2015-12-28 21:00:00,7,5,2
2015-12-28 22:00:00,2,2,0
2015-12-28 23:00:00,1,1,0
2015-12-29 00:00:00,2,2,0
2015-12-29 01:00:00,0,0,0
2015-12-29 02:00:00,1,0,1
2015-12-29 03:00:00,0,0,0
2015-12-29 04:00:00,0,0,0
2015-12-29 05:00:00,8,3,5
2015-12-29 06:00:00,11,5,6
2015-12-29 07:00:00,33,20,13
2015-12-29 08:00:00,48,32,16
2015-12-29 09:00:00,19,9,10
2015-12-29 10:00:00,14,5,9
2015-12-29 11:00:00,16,10,6
2015-12-29 12:00:00,12,6,6
2015-12-29 13:00:00,9,6,3
2015-12-29 14:00:00,11,6,5
2015-12-29 15:00:00,31,23,8
2015-12-29 16:00:00,33,26,7
2015-12-29 17:00:00,57,43,14
2015-12-29 18:00:00,27,14,13
2015-12-29 19:00:00,3,2,1
2015-12-29 20:00:00,3,2,1
2015-12-29 21:00:00,4,4,0
2015-12-29 22:00:00,6,5,1
2015-12-29 23:00:00,2,1,1
2015-12-30 00:00:00,5,3,2
2015-12-30 01:00:00,1,1,0
2015-12-30 02:00:00,1,0,1
2015-12-30 03:00:00,0,0,0
2015-12-30 04:00:00,0,0,0
2015-12-30 05:00:00,5,2,3
2015-12-30 06:00:00,13,7,6
2015-12-30 07:00:00,23,16,7
2015-12-30 08:00:00,29,17,12
2015-12-30 09:00:00,23,12,11
2015-12-30 10:00:00,23,13,10
2015-12-30 11:00:00,15,10,5
2015-12-30 12:00:00,19,5,14
2015-12-30 13:00:00,16,9,7
2015-12-30 14:00:00,14,10,4
2015-12-30 15:00:00,30,24,6
2015-12-30 16:00:00,40,27,13
2015-12-30 17:00:00,63,36,27
2015-12-30 18:00:00,21,10,11
2015-12-30 19:00:00,9,5,4
2015-12-30 20:00:00,3,0,3
2015-12-30 21:00:00,3,3,0
2015-12-30 22:00:00,3,2,1
2015-12-30 23:00:00,3,2,1
2015-12-31 00:00:00,1,0,1
2015-12-31 01:00:00,1,0,1
2015-12-31 02:00:00,1,0,1
2015-12-31 03:00:00,0,0,0
2015-12-31 04:00:00,1,1,0
2015-12-31 05:00:00,2,1,1
2015-12-31 06:00:00,9,3,6
2015-12-31 07:00:00,12,8,4
2015-12-31 08:00:00,29,16,13
2015-12-31 09:00:00,19,11,8
2015-12-31 10:00:00,12,8,4
2015-12-31 11:00:00,15,9,6
2015-12-31 12:00:00,18,11,7
2015-12-31 13:00:00,28,19,9
2015-12-31 14:00:00,27,17,10
2015-12-31 15:00:00,34,23,11
2015-12-31 16:00:00,24,13,11
2015-12-31 17:00:00,18,10,8
2015-12-31 18:00:00,13,5,8
2015-12-31 19:00:00,11,7,4
2015-12-31 20:00:00,2,1,1
2015-12-31 21:00:00,7,4,3
2015-12-31 22:00:00,2,1,1
2015-12-31 23:00:00,0,0,0
2016-01-01 00:00:00,5,5,0
2016-01-01 01:00:00,0,0,0
2016-01-01 02:00:00,6,4,2
2016-01-01 03:00:00,0,0,0
2016-01-01 04:00:00,2,2,0
2016-01-01 05:00:00,0,0,0
2016-01-01 06:00:00,0,0,0
2016-01-01 07:00:00,0,0,0
2016-01-01 08:00:00,2,0,2
2016-01-01 09:00:00,1,1,0
2016-01-01 10:00:00,5,3,2
2016-01-01 11:00:00,4,4,0
2016-01-01 12:00:00,7,4,3
2016-01-01 13:00:00,7,4,3
2016-01-01 14:00:00,19,15,4
2016-01-01 15:00:00,10,8,2
2016-01-01 16:00:00,9,4,5
2016-01-01 17:00:00,4,2,2
2016-01-01 18:00:00,2,1,1
2016-01-01 19:00:00,3,3,0
2016-01-01 20:00:00,1,1,0
2016-01-01 21:00:00,0,0,0
2016-01-01 22:00:00,1,1,0
2016-01-01 23:00:00,0,0,0
2016-01-02 00:00:00,1,0,1
2016-01-02 01:00:00,3,3,0
2016-01-02 02:00:00,1,1,0
2016-01-02 03:00:00,0,0,0
2016-01-02 04:00:00,0,0,0
2016-01-02 05:00:00,0,0,0
2016-01-02 06:00:00,1,0,1
2016-01-02 07:00:00,2,0,2
2016-01-02 08:00:00,2,0,2
2016-01-02 09:00:00,3,3,0
2016-01-02 10:00:00,3,3,0
2016-01-02 11:00:00,12,11,1
2016-01-02 12:00:00,14,10,4
2016-01-02 13:00:00,8,4,4
2016-01-02 14:00:00,6,2,4
2016-01-02 15:00:00,9,4,5
2016-01-02 16:00:00,4,1,3
2016-01-02 17:00:00,12,6,6
2016-01-02 18:00:00,3,2,1
2016-01-02 19:00:00,3,2,1
2016-01-02 20:00:00,5,5,0
2016-01-02 21:00:00,1,1,0
2016-01-02 22:00:00,4,2,2
2016-01-02 23:00:00,0,0,0
2016-01-03 00:00:00,1,1,0
2016-01-03 01:00:00,1,1,0
2016-01-03 02:00:00,0,0,0
2016-01-03 03:00:00,1,1,0
2016-01-03 04:00:00,0,0,0
2016-01-03 05:00:00,0,0,0
2016-01-03 06:00:00,0,0,0
2016-01-03 07:00:00,1,0,1
2016-01-03 08:00:00,0,0,0
2016-01-03 09:00:00,4,2,2
2016-01-03 10:00:00,2,2,0
2016-01-03 11:00:00,7,0,7
2016-01-03 12:00:00,5,3,2
2016-01-03 13:00:00,4,3,1
2016-01-03 14:00:00,6,3,3
2016-01-03 15:00:00,3,1,2
2016-01-03 16:00:00,8,8,0
2016-01-03 17:00:00,5,3,2
2016-01-03 18:00:00,5,5,0
2016-01-03 19:00:00,4,4,0
2016-01-03 20:00:00,0,0,0
2016-01-03 21:00:00,4,2,2
2016-01-03 22:00:00,0,0,0
2016-01-03 23:00:00,1,1,0
2016-01-04 00:00:00,0,0,0
2016-01-04 01:00:00,0,0,0
2016-01-04 02:00:00,0,0,0
2016-01-04 03:00:00,0,0,0
2016-01-04 04:00:00,0,0,0
2016-01-04 05:00:00,4,1,3
2016-01-04 06:00:00,12,4,8
2016-01-04 07:00:00,33,18,15
2016-01-04 08:00:00,61,47,14
2016-01-04 09:00:00,33,16,17
2016-01-04 10:00:00,19,13,6
2016-01-04 11:00:00,12,9,3
2016-01-04 12:00:00,12,8,4
2016-01-04 13:00:00,14,9,5
2016-01-04 14:00:00,11,6,5
2016-01-04 15:00:00,33,25,8
2016-01-04 16:00:00,49,42,7
2016-01-04 17:00:00,83,55,28
2016-01-04 18:00:00,34,17,17
2016-01-04 19:00:00,9,5,4
2016-01-04 20:00:00,2,1,1
2016-01-04 21:00:00,7,3,4
2016-01-04 22:00:00,2,2,0
2016-01-04 23:00:00,0,0,0
2016-01-05 00:00:00,2,1,1
2016-01-05 01:00:00,0,0,0
2016-01-05 02:00:00,2,1,1
2016-01-05 03:00:00,1,1,0
2016-01-05 04:00:00,0,0,0
2016-01-05 05:00:00,9,4,5
2016-01-05 06:00:00,21,9,12
2016-01-05 07:00:00,52,34,18
2016-01-05 08:00:00,66,44,22
2016-01-05 09:00:00,39,21,18
2016-01-05 10:00:00,13,5,8
2016-01-05 11:00:00,15,9,6
2016-01-05 12:00:00,12,9,3
2016-01-05 13:00:00,18,11,7
2016-01-05 14:00:00,19,8,11
2016-01-05 15:00:00,33,23,10
2016-01-05 16:00:00,61,41,20
2016-01-05 17:00:00,87,67,20
2016-01-05 18:00:00,44,24,20
2016-01-05 19:00:00,15,11,4
2016-01-05 20:00:00,4,3,1
2016-01-05 21:00:00,4,3,1
2016-01-05 22:00:00,3,2,1
2016-01-05 23:00:00,0,0,0
2016-01-06 00:00:00,0,0,0
2016-01-06 01:00:00,0,0,0
2016-01-06 02:00:00,1,0,1
2016-01-06 03:00:00,0,0,0
2016-01-06 04:00:00,0,0,0
2016-01-06 05:00:00,10,4,6
2016-01-06 06:00:00,21,8,13
2016-01-06 07:00:00,61,40,21
2016-01-06 08:00:00,93,66,27
2016-01-06 09:00:00,44,26,18
2016-01-06 10:00:00,24,13,11
2016-01-06 11:00:00,15,8,7
2016-01-06 12:00:00,11,3,8
2016-01-06 13:00:00,17,6,11
2016-01-06 14:00:00,19,6,13
2016-01-06 15:00:00,44,28,16
2016-01-06 16:00:00,73,56,17
2016-01-06 17:00:00,104,77,27
2016-01-06 18:00:00,41,23,18
2016-01-06 19:00:00,13,9,4
2016-01-06 20:00:00,8,7,1
2016-01-06 21:00:00,4,2,2
2016-01-06 22:00:00,7,3,4
2016-01-06 23:00:00,1,1,0
2016-01-07 00:00:00,1,1,0
2016-01-07 01:00:00,1,1,0
2016-01-07 02:00:00,1,0,1
2016-01-07 03:00:00,0,0,0
2016-01-07 04:00:00,1,0,1
2016-01-07 05:00:00,5,0,5
2016-01-07 06:00:00,25,15,10
2016-01-07 07:00:00,49,29,20
2016-01-07 08:00:00,81,56,25
2016-01-07 09:00:00,34,18,16
2016-01-07 10:00:00,19,14,5
2016-01-07 11:00:00,21,14,7
2016-01-07 12:00:00,26,14,12
2016-01-07 13:00:00,20,10,10
2016-01-07 14:00:00,19,11,8
2016-01-07 15:00:00,46,30,16
2016-01-07 16:00:00,78,52,26
2016-01-07 17:00:00,111,82,29
2016-01-07 18:00:00,41,26,15
2016-01-07 19:00:00,23,14,9
2016-01-07 20:00:00,11,7,4
2016-01-07 21:00:00,5,4,1
2016-01-07 22:00:00,4,1,3
2016-01-07 23:00:00,2,1,1
2016-01-08 00:00:00,2,2,0
2016-01-08 01:00:00,1,1,0
2016-01-08 02:00:00,1,0,1
2016-01-08 03:00:00,0,0,0
2016-01-08 04:00:00,0,0,0
2016-01-08 05:00:00,6,3,3
2016-01-08 06:00:00,19,8,11
2016-01-08 07:00:00,44,29,15
2016-01-08 08:00:00,70,43,27
2016-01-08 09:00:00,28,14,14
2016-01-08 10:00:00,19,8,11
2016-01-08 11:00:00,20,12,8
2016-01-08 12:00:00,25,12,13
2016-01-08 13:00:00,25,19,6
2016-01-08 14:00:00,18,12,6
2016-01-08 15:00:00,55,46,9
2016-01-08 16:00:00,59,38,21
2016-01-08 17:00:00,84,59,25
2016-01-08 18:00:00,43,18,25
2016-01-08 19:00:00,13,7,6
2016-01-08 20:00:00,9,5,4
2016-01-08 21:00:00,5,5,0
2016-01-08 22:00:00,4,3,1
2016-01-08 23:00:00,3,2,1
2016-01-09 00:00:00,3,2,1
2016-01-09 01:00:00,0,0,0
2016-01-09 02:00:00,3,3,0
2016-01-09 03:00:00,0,0,0
2016-01-09 04:00:00,0,0,0
2016-01-09 05:00:00,1,1,0
2016-01-09 06:00:00,1,1,0
2016-01-09 07:00:00,0,0,0
2016-01-09 08:00:00,4,2,2
2016-01-09 09:00:00,8,3,5
2016-01-09 10:00:00,5,4,1
2016-01-09 11:00:00,7,5,2
2016-01-09 12:00:00,10,6,4
2016-01-09 13:00:00,17,13,4
2016-01-09 14:00:00,23,10,13
2016-01-09 15:00:00,16,5,11
2016-01-09 16:00:00,9,5,4
2016-01-09 17:00:00,6,2,4
2016-01-09 18:00:00,6,3,3
2016-01-09 19:00:00,4,3,1
2016-01-09 20:00:00,3,3,0
2016-01-09 21:00:00,1,1,0
2016-01-09 22:00:00,1,1,0
2016-01-09 23:00:00,2,1,1
2016-01-10 00:00:00,6,3,3
2016-01-10 01:00:00,2,2,0
2016-01-10 02:00:00,2,2,0
2016-01-10 03:00:00,0,0,0
2016-01-10 04:00:00,0,0,0
2016-01-10 05:00:00,0,0,0
2016-01-10 06:00:00,3,0,3
2016-01-10 07:00:00,1,0,1
2016-01-10 08:00:00,5,3,2
2016-01-10 09:00:00,8,7,1
2016-01-10 10:00:00,9,3,6
2016-01-10 11:00:00,20,5,15
2016-01-10 12:00:00,12,7,5
2016-01-10 13:00:00,12,9,3
2016-01-10 14:00:00,19,10,9
2016-01-10 15:00:00,8,5,3
2016-01-10 16:00:00,7,6,1
2016-01-10 17:00:00,8,5,3
2016-01-10 18:00:00,5,4,1
2016-01-10 19:00:00,7,5,2
2016-01-10 20:00:00,1,0,1
2016-01-10 21:00:00,5,3,2
2016-01-10 22:00:00,4,2,2
2016-01-10 23:00:00,1,0,1
2016-01-11 00:00:00,1,1,0
2016-01-11 01:00:00,0,0,0
2016-01-11 02:00:00,0,0,0
2016-01-11 03:00:00,1,1,0
2016-01-11 04:00:00,2,0,2
2016-01-11 05:00:00,6,3,3
2016-01-11 06:00:00,19,11,8
2016-01-11 07:00:00,42,23,19
2016-01-11 08:00:00,64,48,16
2016-01-11 09:00:00,39,17,22
2016-01-11 10:00:00,21,12,9
2016-01-11 11:00:00,14,5,9
2016-01-11 12:00:00,16,8,8
2016-01-11 13:00:00,17,9,8
2016-01-11 14:00:00,23,10,13
2016-01-11 15:00:00,30,24,6
2016-01-11 16:00:00,64,43,21
2016-01-11 17:00:00,107,70,37
2016-01-11 18:00:00,34,19,15
2016-01-11 19:00:00,12,6,6
2016-01-11 20:00:00,6,5,1
2016-01-11 21:00:00,6,3,3
2016-01-11 22:00:00,2,0,2
2016-01-11 23:00:00,1,1,0
2016-01-12 00:00:00,1,1,0
2016-01-12 01:00:00,1,1,0
2016-01-12 02:00:00,2,1,1
2016-01-12 03:00:00,0,0,0
2016-01-12 04:00:00,0,0,0
2016-01-12 05:00:00,6,4,2
2016-01-12 06:00:00,24,13,11
2016-01-12 07:00:00,47,30,17
2016-01-12 08:00:00,65,42,23
2016-01-12 09:00:00,37,24,13
2016-01-12 10:00:00,11,5,6
2016-01-12 11:00:00,17,6,11
2016-01-12 12:00:00,14,8,6
2016-01-12 13:00:00,15,11,4
2016-01-12 14:00:00,23,13,10
2016-01-12 15:00:00,21,17,4
2016-01-12 16:00:00,57,50,7
2016-01-12 17:00:00,102,64,38
2016-01-12 18:00:00,32,20,12
2016-01-12 19:00:00,13,8,5
2016-01-12 20:00:00,4,4,0
2016-01-12 21:00:00,2,1,1
2016-01-12 22:00:00,2,1,1
2016-01-12 23:00:00,1,1,0
2016-01-13 00:00:00,2,2,0
2016-01-13 01:00:00,0,0,0
2016-01-13 02:00:00,0,0,0
2016-01-13 03:00:00,0,0,0
2016-01-13 04:00:00,1,0,1
2016-01-13 05:00:00,5,2,3
2016-01-13 06:00:00,15,8,7
2016-01-13 07:00:00,31,21,10
2016-01-13 08:00:00,47,27,20
2016-01-13 09:00:00,20,10,10
2016-01-13 10:00:00,12,6,6
2016-01-13 11:00:00,16,10,6
2016-01-13 12:00:00,12,6,6
2016-01-13 13:00:00,15,9,6
2016-01-13 14:00:00,12,9,3
2016-01-13 15:00:00,26,16,10
2016-01-13 16:00:00,54,37,17
2016-01-13 17:00:00,87,61,26
2016-01-13 18:00:00,30,17,13
2016-01-13 19:00:00,13,5,8
2016-01-13 20:00:00,7,1,6
2016-01-13 21:00:00,4,3,1
2016-01-13 22:00:00,2,1,1
2016-01-13 23:00:00,0,0,0
2016-01-14 00:00:00,4,4,0
2016-01-14 01:00:00,0,0,0
2016-01-14 02:00:00,1,0,1
2016-01-14 03:00:00,0,0,0
2016-01-14 04:00:00,0,0,0
2016-01-14 05:00:00,3,2,1
2016-01-14 06:00:00,20,11,9
2016-01-14 07:00:00,41,24,17
2016-01-14 08:00:00,85,58,27
2016-01-14 09:00:00,43,28,15
2016-01-14 10:00:00,18,8,10
2016-01-14 11:00:00,25,13,12
2016-01-14 12:00:00,26,16,10
2016-01-14 13:00:00,22,15,7
2016-01-14 14:00:00,21,13,8
2016-01-14 15:00:00,42,28,14
2016-01-14 16:00:00,64,50,14
2016-01-14 17:00:00,117,76,41
2016-01-14 18:00:00,45,27,18
2016-01-14 19:00:00,17,11,6
2016-01-14 20:00:00,11,7,4
2016-01-14 21:00:00,6,5,1
2016-01-14 22:00:00,3,2,1
2016-01-14 23:00:00,2,0,2
2016-01-15 00:00:00,2,2,0
2016-01-15 01:00:00,1,1,0
2016-01-15 02:00:00,1,0,1
2016-01-15 03:00:00,0,0,0
2016-01-15 04:00:00,0,0,0
2016-01-15 05:00:00,2,2,0
2016-01-15 06:00:00,13,6,7
2016-01-15 07:00:00,41,30,11
2016-01-15 08:00:00,67,42,25
2016-01-15 09:00:00,44,26,18
2016-01-15 10:00:00,17,10,7
2016-01-15 11:00:00,14,6,8
2016-01-15 12:00:00,25,13,12
2016-01-15 13:00:00,12,8,4
2016-01-15 14:00:00,21,15,6
2016-01-15 15:00:00,34,23,11
2016-01-15 16:00:00,60,37,23
2016-01-15 17:00:00,67,50,17
2016-01-15 18:00:00,37,17,20
2016-01-15 19:00:00,23,10,13
2016-01-15 20:00:00,6,3,3
2016-01-15 21:00:00,6,5,1
2016-01-15 22:00:00,4,1,3
2016-01-15 23:00:00,7,4,3
2016-01-16 00:00:00,2,2,0
2016-01-16 01:00:00,0,0,0
2016-01-16 02:00:00,0,0,0
2016-01-16 03:00:00,0,0,0
2016-01-16 04:00:00,0,0,0
2016-01-16 05:00:00,1,1,0
2016-01-16 06:00:00,0,0,0
2016-01-16 07:00:00,0,0,0
2016-01-16 08:00:00,4,2,2
2016-01-16 09:00:00,6,1,5
2016-01-16 10:00:00,5,5,0
2016-01-16 11:00:00,9,7,2
2016-01-16 12:00:00,4,0,4
2016-01-16 13:00:00,10,7,3
2016-01-16 14:00:00,9,6,3
2016-01-16 15:00:00,7,1,6
2016-01-16 16:00:00,4,1,3
2016-01-16 17:00:00,5,3,2
2016-01-16 18:00:00,8,5,3
2016-01-16 19:00:00,4,3,1
2016-01-16 20:00:00,4,3,1
2016-01-16 21:00:00,2,1,1
2016-01-16 22:00:00,2,1,1
2016-01-16 23:00:00,2,0,2
2016-01-17 00:00:00,4,3,1
2016-01-17 01:00:00,3,2,1
2016-01-17 02:00:00,1,0,1
2016-01-17 03:00:00,0,0,0
2016-01-17 04:00:00,0,0,0
2016-01-17 05:00:00,0,0,0
2016-01-17 06:00:00,1,0,1
2016-01-17 07:00:00,2,0,2
2016-01-17 08:00:00,2,1,1
2016-01-17 09:00:00,1,1,0
2016-01-17 10:00:00,0,0,0
2016-01-17 11:00:00,8,3,5
2016-01-17 12:00:00,7,4,3
2016-01-17 13:00:00,5,2,3
2016-01-17 14:00:00,13,8,5
2016-01-17 15:00:00,6,3,3
2016-01-17 16:00:00,7,5,2
2016-01-17 17:00:00,6,3,3
2016-01-17 18:00:00,0,0,0
2016-01-17 19:00:00,3,2,1
2016-01-17 20:00:00,1,1,0
2016-01-17 21:00:00,3,2,1
2016-01-17 22:00:00,1,1,0
2016-01-17 23:00:00,2,2,0
2016-01-18 00:00:00,1,1,0
2016-01-18 01:00:00,0,0,0
2016-01-18 02:00:00,0,0,0
2016-01-18 03:00:00,3,3,0
2016-01-18 04:00:00,0,0,0
2016-01-18 05:00:00,2,0,2
2016-01-18 06:00:00,17,7,10
2016-01-18 07:00:00,21,13,8
2016-01-18 08:00:00,40,26,14
2016-01-18 09:00:00,27,14,13
2016-01-18 10:00:00,17,9,8
2016-01-18 11:00:00,13,10,3
2016-01-18 12:00:00,24,14,10
2016-01-18 13:00:00,35,24,11
2016-01-18 14:00:00,25,15,10
2016-01-18 15:00:00,33,22,11
2016-01-18 16:00:00,43,29,14
2016-01-18 17:00:00,54,38,16
2016-01-18 18:00:00,22,13,9
2016-01-18 19:00:00,12,6,6
2016-01-18 20:00:00,4,2,2
2016-01-18 21:00:00,2,1,1
2016-01-18 22:00:00,4,3,1
2016-01-18 23:00:00,3,1,2
2016-01-19 00:00:00,0,0,0
2016-01-19 01:00:00,0,0,0
2016-01-19 02:00:00,5,4,1
2016-01-19 03:00:00,0,0,0
2016-01-19 04:00:00,0,0,0
2016-01-19 05:00:00,7,1,6
2016-01-19 06:00:00,29,14,15
2016-01-19 07:00:00,48,35,13
2016-01-19 08:00:00,91,62,29
2016-01-19 09:00:00,41,20,21
2016-01-19 10:00:00,19,10,9
2016-01-19 11:00:00,30,17,13
2016-01-19 12:00:00,16,6,10
2016-01-19 13:00:00,16,7,9
2016-01-19 14:00:00,22,13,9
2016-01-19 15:00:00,32,25,7
2016-01-19 16:00:00,65,46,19
2016-01-19 17:00:00,98,66,32
2016-01-19 18:00:00,38,20,18
2016-01-19 19:00:00,12,7,5
2016-01-19 20:00:00,5,3,2
2016-01-19 21:00:00,3,2,1
2016-01-19 22:00:00,2,0,2
2016-01-19 23:00:00,0,0,0
2016-01-20 00:00:00,3,3,0
2016-01-20 01:00:00,0,0,0
2016-01-20 02:00:00,1,0,1
2016-01-20 03:00:00,0,0,0
2016-01-20 04:00:00,1,0,1
2016-01-20 05:00:00,8,3,5
2016-01-20 06:00:00,24,10,14
2016-01-20 07:00:00,51,31,20
2016-01-20 08:00:00,73,50,23
2016-01-20 09:00:00,46,26,20
2016-01-20 10:00:00,17,9,8
2016-01-20 11:00:00,17,11,6
2016-01-20 12:00:00,27,14,13
2016-01-20 13:00:00,23,14,9
2016-01-20 14:00:00,16,9,7
2016-01-20 15:00:00,28,23,5
2016-01-20 16:00:00,72,48,24
2016-01-20 17:00:00,118,81,37
2016-01-20 18:00:00,37,20,17
2016-01-20 19:00:00,15,9,6
2016-01-20 20:00:00,5,0,5
2016-01-20 21:00:00,6,4,2
2016-01-20 22:00:00,5,3,2
2016-01-20 23:00:00,0,0,0
2016-01-21 00:00:00,1,1,0
2016-01-21 01:00:00,0,0,0
2016-01-21 02:00:00,2,1,1
2016-01-21 03:00:00,0,0,0
2016-01-21 04:00:00,1,1,0
2016-01-21 05:00:00,4,2,2
2016-01-21 06:00:00,11,5,6
2016-01-21 07:00:00,32,23,9
2016-01-21 08:00:00,50,29,21
2016-01-21 09:00:00,23,12,11
2016-01-21 10:00:00,8,1,7
2016-01-21 11:00:00,10,9,1
2016-01-21 12:00:00,16,9,7
2016-01-21 13:00:00,8,6,2
2016-01-21 14:00:00,16,8,8
2016-01-21 15:00:00,16,13,3
2016-01-21 16:00:00,51,38,13
2016-01-21 17:00:00,67,45,22
2016-01-21 18:00:00,28,19,9
2016-01-21 19:00:00,14,10,4
2016-01-21 20:00:00,10,5,5
2016-01-21 21:00:00,5,4,1
2016-01-21 22:00:00,1,1,0
2016-01-21 23:00:00,2,1,1
2016-01-22 00:00:00,3,2,1
2016-01-22 01:00:00,0,0,0
2016-01-22 02:00:00,1,0,1
2016-01-22 03:00:00,0,0,0
2016-01-22 04:00:00,2,0,2
2016-01-22 05:00:00,4,0,4
2016-01-22 06:00:00,13,2,11
2016-01-22 07:00:00,31,18,13
2016-01-22 08:00:00,56,33,23
2016-01-22 09:00:00,41,25,16
2016-01-22 10:00:00,17,9,8
2016-01-22 11:00:00,19,10,9
2016-01-22 12:00:00,22,12,10
2016-01-22 13:00:00,22,15,7
2016-01-22 14:00:00,18,8,10
2016-01-22 15:00:00,40,30,10
2016-01-22 16:00:00,64,43,21
2016-01-22 17:00:00,67,48,19
2016-01-22 18:00:00,31,18,13
2016-01-22 19:00:00,17,10,7
2016-01-22 20:00:00,9,9,0
2016-01-22 21:00:00,4,2,2
2016-01-22 22:00:00,7,3,4
2016-01-22 23:00:00,1,1,0
2016-01-23 00:00:00,3,1,2
2016-01-23 01:00:00,1,0,1
2016-01-23 02:00:00,0,0,0
2016-01-23 03:00:00,0,0,0
2016-01-23 04:00:00,0,0,0
2016-01-23 05:00:00,0,0,0
2016-01-23 06:00:00,1,0,1
2016-01-23 07:00:00,1,1,0
2016-01-23 08:00:00,4,3,1
2016-01-23 09:00:00,5,3,2
2016-01-23 10:00:00,3,2,1
2016-01-23 11:00:00,3,3,0
2016-01-23 12:00:00,5,2,3
2016-01-23 13:00:00,8,3,5
2016-01-23 14:00:00,3,0,3
2016-01-23 15:00:00,6,4,2
2016-01-23 16:00:00,6,2,4
2016-01-23 17:00:00,9,7,2
2016-01-23 18:00:00,7,5,2
2016-01-23 19:00:00,9,5,4
2016-01-23 20:00:00,4,2,2
2016-01-23 21:00:00,3,1,2
2016-01-23 22:00:00,2,2,0
2016-01-23 23:00:00,1,1,0
2016-01-24 00:00:00,2,1,1
2016-01-24 01:00:00,2,2,0
2016-01-24 02:00:00,2,0,2
2016-01-24 03:00:00,0,0,0
2016-01-24 04:00:00,0,0,0
2016-01-24 05:00:00,0,0,0
2016-01-24 06:00:00,1,0,1
2016-01-24 07:00:00,1,0,1
2016-01-24 08:00:00,1,1,0
2016-01-24 09:00:00,8,6,2
2016-01-24 10:00:00,3,3,0
2016-01-24 11:00:00,12,6,6
2016-01-24 12:00:00,17,9,8
2016-01-24 13:00:00,11,4,7
2016-01-24 14:00:00,20,15,5
2016-01-24 15:00:00,13,6,7
2016-01-24 16:00:00,10,5,5
2016-01-24 17:00:00,14,7,7
2016-01-24 18:00:00,5,4,1
2016-01-24 19:00:00,9,5,4
2016-01-24 20:00:00,4,1,3
2016-01-24 21:00:00,2,1,1
2016-01-24 22:00:00,2,0,2
2016-01-24 23:00:00,1,1,0
2016-01-25 00:00:00,2,2,0
2016-01-25 01:00:00,0,0,0
2016-01-25 02:00:00,0,0,0
2016-01-25 03:00:00,4,3,1
2016-01-25 04:00:00,3,3,0
2016-01-25 05:00:00,6,2,4
2016-01-25 06:00:00,16,8,8
2016-01-25 07:00:00,57,36,21
2016-01-25 08:00:00,91,62,29
2016-01-25 09:00:00,42,21,21
2016-01-25 10:00:00,17,10,7
2016-01-25 11:00:00,19,9,10
2016-01-25 12:00:00,20,10,10
2016-01-25 13:00:00,25,16,9
2016-01-25 14:00:00,25,11,14
2016-01-25 15:00:00,34,19,15
2016-01-25 16:00:00,69,47,22
2016-01-25 17:00:00,132,88,44
2016-01-25 18:00:00,45,27,18
2016-01-25 19:00:00,16,12,4
2016-01-25 20:00:00,7,6,1
2016-01-25 21:00:00,10,8,2
2016-01-25 22:00:00,4,2,2
2016-01-25 23:00:00,3,1,2
2016-01-26 00:00:00,1,1,0
2016-01-26 01:00:00,2,2,0
2016-01-26 02:00:00,1,0,1
2016-01-26 03:00:00,0,0,0
2016-01-26 04:00:00,1,0,1
2016-01-26 05:00:00,9,4,5
2016-01-26 06:00:00,20,12,8
2016-01-26 07:00:00,59,45,14
2016-01-26 08:00:00,59,36,23
2016-01-26 09:00:00,30,19,11
2016-01-26 10:00:00,10,5,5
2016-01-26 11:00:00,19,10,9
2016-01-26 12:00:00,17,11,6
2016-01-26 13:00:00,17,10,7
2016-01-26 14:00:00,23,9,14
2016-01-26 15:00:00,36,26,10
2016-01-26 16:00:00,67,43,24
2016-01-26 17:00:00,83,56,27
2016-01-26 18:00:00,40,28,12
2016-01-26 19:00:00,13,9,4
2016-01-26 20:00:00,15,7,8
2016-01-26 21:00:00,2,2,0
2016-01-26 22:00:00,2,1,1
2016-01-26 23:00:00,2,1,1
2016-01-27 00:00:00,2,2,0
2016-01-27 01:00:00,0,0,0
2016-01-27 02:00:00,1,0,1
2016-01-27 03:00:00,3,3,0
2016-01-27 04:00:00,0,0,0
2016-01-27 05:00:00,3,0,3
2016-01-27 06:00:00,18,11,7
2016-01-27 07:00:00,41,28,13
2016-01-27 08:00:00,77,49,28
2016-01-27 09:00:00,47,25,22
2016-01-27 10:00:00,22,14,8
2016-01-27 11:00:00,18,10,8
2016-01-27 12:00:00,18,13,5
2016-01-27 13:00:00,24,17,7
2016-01-27 14:00:00,19,13,6
2016-01-27 15:00:00,36,27,9
2016-01-27 16:00:00,60,44,16
2016-01-27 17:00:00,97,71,26
2016-01-27 18:00:00,38,26,12
2016-01-27 19:00:00,10,4,6
2016-01-27 20:00:00,5,4,1
2016-01-27 21:00:00,7,4,3
2016-01-27 22:00:00,0,0,0
2016-01-27 23:00:00,3,2,1
2016-01-28 00:00:00,1,0,1
2016-01-28 01:00:00,0,0,0
2016-01-28 02:00:00,2,1,1
2016-01-28 03:00:00,0,0,0
2016-01-28 04:00:00,0,0,0
2016-01-28 05:00:00,1,0,1
2016-01-28 06:00:00,15,7,8
2016-01-28 07:00:00,34,22,12
2016-01-28 08:00:00,55,36,19
2016-01-28 09:00:00,34,22,12
2016-01-28 10:00:00,15,6,9
2016-01-28 11:00:00,15,9,6
2016-01-28 12:00:00,20,9,11
2016-01-28 13:00:00,8,5,3
2016-01-28 14:00:00,17,13,4
2016-01-28 15:00:00,37,27,10
2016-01-28 16:00:00,53,45,8
2016-01-28 17:00:00,88,52,36
2016-01-28 18:00:00,35,24,11
2016-01-28 19:00:00,35,21,14
2016-01-28 20:00:00,10,9,1
2016-01-28 21:00:00,3,2,1
2016-01-28 22:00:00,3,2,1
2016-01-28 23:00:00,6,0,6
2016-01-29 00:00:00,3,3,0
2016-01-29 01:00:00,3,1,2
2016-01-29 02:00:00,0,0,0
2016-01-29 03:00:00,2,0,2
2016-01-29 04:00:00,1,1,0
2016-01-29 05:00:00,3,0,3
2016-01-29 06:00:00,19,9,10
2016-01-29 07:00:00,40,27,13
2016-01-29 08:00:00,48,26,22
2016-01-29 09:00:00,28,19,9
2016-01-29 10:00:00,17,8,9
2016-01-29 11:00:00,19,6,13
2016-01-29 12:00:00,15,6,9
2016-01-29 13:00:00,21,9,12
2016-01-29 14:00:00,29,16,13
2016-01-29 15:00:00,31,23,8
2016-01-29 16:00:00,60,39,21
2016-01-29 17:00:00,72,52,20
2016-01-29 18:00:00,34,16,18
2016-01-29 19:00:00,11,6,5
2016-01-29 20:00:00,9,6,3
2016-01-29 21:00:00,3,1,2
2016-01-29 22:00:00,3,2,1
2016-01-29 23:00:00,3,2,1
2016-01-30 00:00:00,3,2,1
2016-01-30 01:00:00,1,1,0
2016-01-30 02:00:00,0,0,0
2016-01-30 03:00:00,0,0,0
2016-01-30 04:00:00,0,0,0
2016-01-30 05:00:00,1,0,1
2016-01-30 06:00:00,2,2,0
2016-01-30 07:00:00,3,3,0
2016-01-30 08:00:00,4,3,1
2016-01-30 09:00:00,8,7,1
2016-01-30 10:00:00,4,1,3
2016-01-30 11:00:00,7,3,4
2016-01-30 12:00:00,11,7,4
2016-01-30 13:00:00,13,3,10
2016-01-30 14:00:00,18,11,7
2016-01-30 15:00:00,15,7,8
2016-01-30 16:00:00,14,10,4
2016-01-30 17:00:00,8,4,4
2016-01-30 18:00:00,10,8,2
2016-01-30 19:00:00,7,4,3
2016-01-30 20:00:00,5,3,2
2016-01-30 21:00:00,3,3,0
2016-01-30 22:00:00,7,7,0
2016-01-30 23:00:00,6,4,2
2016-01-31 00:00:00,2,1,1
2016-01-31 01:00:00,3,3,0
2016-01-31 02:00:00,3,3,0
2016-01-31 03:00:00,0,0,0
2016-01-31 04:00:00,0,0,0
2016-01-31 05:00:00,0,0,0
2016-01-31 06:00:00,1,0,1
2016-01-31 07:00:00,0,0,0
2016-01-31 08:00:00,3,2,1
2016-01-31 09:00:00,6,2,4
2016-01-31 10:00:00,6,4,2
2016-01-31 11:00:00,11,7,4
2016-01-31 12:00:00,12,8,4
2016-01-31 13:00:00,11,5,6
2016-01-31 14:00:00,8,4,4
2016-01-31 15:00:00,13,10,3
2016-01-31 16:00:00,7,3,4
2016-01-31 17:00:00,11,4,7
2016-01-31 18:00:00,3,3,0
2016-01-31 19:00:00,9,3,6
2016-01-31 20:00:00,4,3,1
2016-01-31 21:00:00,4,3,1
2016-01-31 22:00:00,3,3,0
2016-01-31 23:00:00,1,0,1
2016-02-01 00:00:00,0,0,0
2016-02-01 01:00:00,0,0,0
2016-02-01 02:00:00,0,0,0
2016-02-01 03:00:00,0,0,0
2016-02-01 04:00:00,1,0,1
2016-02-01 05:00:00,6,4,2
2016-02-01 06:00:00,23,14,9
2016-02-01 07:00:00,45,34,11
2016-02-01 08:00:00,74,53,21
2016-02-01 09:00:00,49,29,20
2016-02-01 10:00:00,28,17,11
2016-02-01 11:00:00,19,10,9
2016-02-01 12:00:00,16,10,6
2016-02-01 13:00:00,16,11,5
2016-02-01 14:00:00,21,12,9
2016-02-01 15:00:00,38,27,11
2016-02-01 16:00:00,78,54,24
2016-02-01 17:00:00,105,68,37
2016-02-01 18:00:00,53,35,18
2016-02-01 19:00:00,8,5,3
2016-02-01 20:00:00,13,7,6
2016-02-01 21:00:00,4,4,0
2016-02-01 22:00:00,6,2,4
2016-02-01 23:00:00,0,0,0
2016-02-02 00:00:00,1,1,0
2016-02-02 01:00:00,2,1,1
2016-02-02 02:00:00,0,0,0
2016-02-02 03:00:00,1,1,0
2016-02-02 04:00:00,0,0,0
2016-02-02 05:00:00,13,5,8
2016-02-02 06:00:00,26,12,14
2016-02-02 07:00:00,68,47,21
2016-02-02 08:00:00,95,51,44
2016-02-02 09:00:00,45,26,19
2016-02-02 10:00:00,16,11,5
2016-02-02 11:00:00,21,8,13
2016-02-02 12:00:00,27,14,13
2016-02-02 13:00:00,25,19,6
2016-02-02 14:00:00,20,9,11
2016-02-02 15:00:00,39,32,7
2016-02-02 16:00:00,110,70,40
2016-02-02 17:00:00,125,74,51
2016-02-02 18:00:00,47,32,15
2016-02-02 19:00:00,13,7,6
2016-02-02 20:00:00,14,9,5
2016-02-02 21:00:00,7,5,2
2016-02-02 22:00:00,5,5,0
2016-02-02 23:00:00,1,1,0
2016-02-03 00:00:00,2,2,0
2016-02-03 01:00:00,3,3,0
2016-02-03 02:00:00,1,0,1
2016-02-03 03:00:00,0,0,0
2016-02-03 04:00:00,0,0,0
2016-02-03 05:00:00,12,4,8
2016-02-03 06:00:00,26,13,13
2016-02-03 07:00:00,55,26,29
2016-02-03 08:00:00,75,49,26
2016-02-03 09:00:00,38,27,11
2016-02-03 10:00:00,27,14,13
2016-02-03 11:00:00,12,6,6
2016-02-03 12:00:00,22,13,9
2016-02-03 13:00:00,19,11,8
2016-02-03 14:00:00,20,12,8
2016-02-03 15:00:00,30,20,10
2016-02-03 16:00:00,69,50,19
2016-02-03 17:00:00,98,63,35
2016-02-03 18:00:00,31,21,10
2016-02-03 19:00:00,19,12,7
2016-02-03 20:00:00,6,3,3
2016-02-03 21:00:00,7,5,2
2016-02-03 22:00:00,1,1,0
2016-02-03 23:00:00,0,0,0
2016-02-04 00:00:00,2,2,0
2016-02-04 01:00:00,0,0,0
2016-02-04 02:00:00,1,0,1
2016-02-04 03:00:00,0,0,0
2016-02-04 04:00:00,1,0,1
2016-02-04 05:00:00,5,2,3
2016-02-04 06:00:00,18,10,8
2016-02-04 07:00:00,39,25,14
2016-02-04 08:00:00,74,44,30
2016-02-04 09:00:00,31,21,10
2016-02-04 10:00:00,15,5,10
2016-02-04 11:00:00,23,11,12
2016-02-04 12:00:00,20,9,11
2016-02-04 13:00:00,25,14,11
2016-02-04 14:00:00,14,9,5
2016-02-04 15:00:00,29,22,7
2016-02-04 16:00:00,74,58,16
2016-02-04 17:00:00,123,82,41
2016-02-04 18:00:00,39,24,15
2016-02-04 19:00:00,27,13,14
2016-02-04 20:00:00,21,10,11
2016-02-04 21:00:00,8,6,2
2016-02-04 22:00:00,4,2,2
2016-02-04 23:00:00,1,0,1
2016-02-05 00:00:00,5,4,1
2016-02-05 01:00:00,1,0,1
2016-02-05 02:00:00,2,0,2
2016-02-05 03:00:00,0,0,0
2016-02-05 04:00:00,1,0,1
2016-02-05 05:00:00,1,1,0
2016-02-05 06:00:00,17,5,12
2016-02-05 07:00:00,42,30,12
2016-02-05 08:00:00,66,41,25
2016-02-05 09:00:00,31,16,15
2016-02-05 10:00:00,14,12,2
2016-02-05 11:00:00,21,13,8
2016-02-05 12:00:00,26,13,13
2016-02-05 13:00:00,39,24,15
2016-02-05 14:00:00,23,15,8
2016-02-05 15:00:00,37,21,16
2016-02-05 16:00:00,67,53,14
2016-02-05 17:00:00,77,51,26
2016-02-05 18:00:00,33,18,15
2016-02-05 19:00:00,10,8,2
2016-02-05 20:00:00,5,3,2
2016-02-05 21:00:00,6,3,3
2016-02-05 22:00:00,4,3,1
2016-02-05 23:00:00,2,0,2
2016-02-06 00:00:00,3,3,0
2016-02-06 01:00:00,2,1,1
2016-02-06 02:00:00,0,0,0
2016-02-06 03:00:00,0,0,0
2016-02-06 04:00:00,1,1,0
2016-02-06 05:00:00,1,0,1
2016-02-06 06:00:00,2,2,0
2016-02-06 07:00:00,2,1,1
2016-02-06 08:00:00,5,3,2
2016-02-06 09:00:00,6,3,3
2016-02-06 10:00:00,10,9,1
2016-02-06 11:00:00,7,5,2
2016-02-06 12:00:00,25,15,10
2016-02-06 13:00:00,22,16,6
2016-02-06 14:00:00,21,12,9
2016-02-06 15:00:00,13,9,4
2016-02-06 16:00:00,15,13,2
2016-02-06 17:00:00,12,5,7
2016-02-06 18:00:00,6,5,1
2016-02-06 19:00:00,6,1,5
2016-02-06 20:00:00,3,3,0
2016-02-06 21:00:00,4,1,3
2016-02-06 22:00:00,3,2,1
2016-02-06 23:00:00,2,1,1
2016-02-07 00:00:00,2,1,1
2016-02-07 01:00:00,1,1,0
2016-02-07 02:00:00,2,1,1
2016-02-07 03:00:00,0,0,0
2016-02-07 04:00:00,0,0,0
2016-02-07 05:00:00,0,0,0
2016-02-07 06:00:00,2,1,1
2016-02-07 07:00:00,3,1,2
2016-02-07 08:00:00,5,2,3
2016-02-07 09:00:00,7,6,1
2016-02-07 10:00:00,8,5,3
2016-02-07 11:00:00,13,4,9
2016-02-07 12:00:00,22,16,6
2016-02-07 13:00:00,19,10,9
2016-02-07 14:00:00,10,6,4
2016-02-07 15:00:00,9,8,1
2016-02-07 16:00:00,12,7,5
2016-02-07 17:00:00,3,2,1
2016-02-07 18:00:00,8,5,3
2016-02-07 19:00:00,4,4,0
2016-02-07 20:00:00,3,1,2
2016-02-07 21:00:00,3,1,2
2016-02-07 22:00:00,1,0,1
2016-02-07 23:00:00,1,0,1
2016-02-08 00:00:00,5,4,1
2016-02-08 01:00:00,0,0,0
2016-02-08 02:00:00,2,2,0
2016-02-08 03:00:00,1,1,0
2016-02-08 04:00:00,0,0,0
2016-02-08 05:00:00,8,3,5
2016-02-08 06:00:00,35,21,14
2016-02-08 07:00:00,66,38,28
2016-02-08 08:00:00,86,63,23
2016-02-08 09:00:00,48,25,23
2016-02-08 10:00:00,19,9,10
2016-02-08 11:00:00,21,7,14
2016-02-08 12:00:00,15,8,7
2016-02-08 13:00:00,21,14,7
2016-02-08 14:00:00,23,14,9
2016-02-08 15:00:00,37,25,12
2016-02-08 16:00:00,77,58,19
2016-02-08 17:00:00,112,69,43
2016-02-08 18:00:00,32,20,12
2016-02-08 19:00:00,21,15,6
2016-02-08 20:00:00,12,6,6
2016-02-08 21:00:00,7,4,3
2016-02-08 22:00:00,2,1,1
2016-02-08 23:00:00,1,0,1
2016-02-09 00:00:00,0,0,0
2016-02-09 01:00:00,2,1,1
2016-02-09 02:00:00,3,2,1
2016-02-09 03:00:00,0,0,0
2016-02-09 04:00:00,0,0,0
2016-02-09 05:00:00,6,4,2
2016-02-09 06:00:00,31,20,11
2016-02-09 07:00:00,71,44,27
2016-02-09 08:00:00,116,68,48
2016-02-09 09:00:00,37,21,16
2016-02-09 10:00:00,23,15,8
2016-02-09 11:00:00,27,12,15
2016-02-09 12:00:00,17,12,5
2016-02-09 13:00:00,13,7,6
2016-02-09 14:00:00,37,23,14
2016-02-09 15:00:00,58,49,9
2016-02-09 16:00:00,96,68,28
2016-02-09 17:00:00,128,88,40
2016-02-09 18:00:00,53,33,20
2016-02-09 19:00:00,19,10,9
2016-02-09 20:00:00,16,13,3
2016-02-09 21:00:00,10,4,6
2016-02-09 22:00:00,5,2,3
2016-02-09 23:00:00,0,0,0
2016-02-10 00:00:00,1,1,0
2016-02-10 01:00:00,0,0,0
2016-02-10 02:00:00,2,1,1
2016-02-10 03:00:00,0,0,0
2016-02-10 04:00:00,3,3,0
2016-02-10 05:00:00,4,1,3
2016-02-10 06:00:00,21,15,6
2016-02-10 07:00:00,55,36,19
2016-02-10 08:00:00,87,51,36
2016-02-10 09:00:00,42,28,14
2016-02-10 10:00:00,23,13,10
2016-02-10 11:00:00,15,9,6
2016-02-10 12:00:00,25,17,8
2016-02-10 13:00:00,18,8,10
2016-02-10 14:00:00,27,16,11
2016-02-10 15:00:00,31,24,7
2016-02-10 16:00:00,77,59,18
2016-02-10 17:00:00,100,66,34
2016-02-10 18:00:00,49,32,17
2016-02-10 19:00:00,11,8,3
2016-02-10 20:00:00,4,2,2
2016-02-10 21:00:00,8,4,4
2016-02-10 22:00:00,1,1,0
2016-02-10 23:00:00,1,1,0
2016-02-11 00:00:00,2,1,1
2016-02-11 01:00:00,1,1,0
2016-02-11 02:00:00,2,0,2
2016-02-11 03:00:00,0,0,0
2016-02-11 04:00:00,3,2,1
2016-02-11 05:00:00,5,2,3
2016-02-11 06:00:00,17,9,8
2016-02-11 07:00:00,55,35,20
2016-02-11 08:00:00,74,46,28
2016-02-11 09:00:00,31,15,16
2016-02-11 10:00:00,21,10,11
2016-02-11 11:00:00,15,11,4
2016-02-11 12:00:00,16,11,5
2016-02-11 13:00:00,18,10,8
2016-02-11 14:00:00,16,10,6
2016-02-11 15:00:00,25,19,6
2016-02-11 16:00:00,78,51,27
2016-02-11 17:00:00,104,69,35
2016-02-11 18:00:00,44,27,17
2016-02-11 19:00:00,18,12,6
2016-02-11 20:00:00,4,1,3
2016-02-11 21:00:00,7,5,2
2016-02-11 22:00:00,3,2,1
2016-02-11 23:00:00,3,2,1
2016-02-12 00:00:00,3,2,1
2016-02-12 01:00:00,0,0,0
2016-02-12 02:00:00,0,0,0
2016-02-12 03:00:00,0,0,0
2016-02-12 04:00:00,0,0,0
2016-02-12 05:00:00,1,0,1
2016-02-12 06:00:00,11,4,7
2016-02-12 07:00:00,38,27,11
2016-02-12 08:00:00,52,29,23
2016-02-12 09:00:00,34,15,19
2016-02-12 10:00:00,11,7,4
2016-02-12 11:00:00,12,5,7
2016-02-12 12:00:00,24,15,9
2016-02-12 13:00:00,16,12,4
2016-02-12 14:00:00,20,10,10
2016-02-12 15:00:00,29,20,9
2016-02-12 16:00:00,59,37,22
2016-02-12 17:00:00,71,57,14
2016-02-12 18:00:00,27,19,8
2016-02-12 19:00:00,18,12,6
2016-02-12 20:00:00,9,6,3
2016-02-12 21:00:00,5,3,2
2016-02-12 22:00:00,4,4,0
2016-02-12 23:00:00,2,1,1
2016-02-13 00:00:00,2,2,0
2016-02-13 01:00:00,1,1,0
2016-02-13 02:00:00,1,0,1
2016-02-13 03:00:00,0,0,0
2016-02-13 04:00:00,0,0,0
2016-02-13 05:00:00,1,1,0
2016-02-13 06:00:00,5,4,1
2016-02-13 07:00:00,1,1,0
2016-02-13 08:00:00,3,2,1
2016-02-13 09:00:00,8,4,4
2016-02-13 10:00:00,6,5,1
2016-02-13 11:00:00,11,7,4
2016-02-13 12:00:00,5,4,1
2016-02-13 13:00:00,9,3,6
2016-02-13 14:00:00,11,3,8
2016-02-13 15:00:00,4,3,1
2016-02-13 16:00:00,8,6,2
2016-02-13 17:00:00,7,3,4
2016-02-13 18:00:00,7,4,3
2016-02-13 19:00:00,6,4,2
2016-02-13 20:00:00,4,2,2
2016-02-13 21:00:00,2,0,2
2016-02-13 22:00:00,9,1,8
2016-02-13 23:00:00,0,0,0
2016-02-14 00:00:00,0,0,0
2016-02-14 01:00:00,2,2,0
2016-02-14 02:00:00,0,0,0
2016-02-14 03:00:00,1,1,0
2016-02-14 04:00:00,0,0,0
2016-02-14 05:00:00,1,0,1
2016-02-14 06:00:00,0,0,0
2016-02-14 07:00:00,3,0,3
2016-02-14 08:00:00,1,1,0
2016-02-14 09:00:00,3,1,2
2016-02-14 10:00:00,6,3,3
2016-02-14 11:00:00,6,5,1
2016-02-14 12:00:00,11,5,6
2016-02-14 13:00:00,6,3,3
2016-02-14 14:00:00,13,9,4
2016-02-14 15:00:00,2,2,0
2016-02-14 16:00:00,4,4,0
2016-02-14 17:00:00,10,7,3
2016-02-14 18:00:00,2,2,0
2016-02-14 19:00:00,6,1,5
2016-02-14 20:00:00,5,2,3
2016-02-14 21:00:00,3,0,3
2016-02-14 22:00:00,1,1,0
2016-02-14 23:00:00,0,0,0
2016-02-15 00:00:00,1,1,0
2016-02-15 01:00:00,1,1,0
2016-02-15 02:00:00,0,0,0
2016-02-15 03:00:00,0,0,0
2016-02-15 04:00:00,1,1,0
2016-02-15 05:00:00,1,1,0
2016-02-15 06:00:00,7,4,3
2016-02-15 07:00:00,20,13,7
2016-02-15 08:00:00,25,13,12
2016-02-15 09:00:00,11,3,8
2016-02-15 10:00:00,12,6,6
2016-02-15 11:00:00,13,9,4
2016-02-15 12:00:00,12,5,7
2016-02-15 13:00:00,13,9,4
2016-02-15 14:00:00,10,4,6
2016-02-15 15:00:00,16,13,3
2016-02-15 16:00:00,23,17,6
2016-02-15 17:00:00,36,19,17
2016-02-15 18:00:00,18,10,8
2016-02-15 19:00:00,10,7,3
2016-02-15 20:00:00,4,2,2
2016-02-15 21:00:00,6,2,4
2016-02-15 22:00:00,5,2,3
2016-02-15 23:00:00,1,1,0
2016-02-16 00:00:00,1,1,0
2016-02-16 01:00:00,0,0,0
2016-02-16 02:00:00,1,1,0
2016-02-16 03:00:00,2,2,0
2016-02-16 04:00:00,1,1,0
2016-02-16 05:00:00,4,2,2
2016-02-16 06:00:00,23,15,8
2016-02-16 07:00:00,54,37,17
2016-02-16 08:00:00,78,48,30
2016-02-16 09:00:00,33,13,20
2016-02-16 10:00:00,22,12,10
2016-02-16 11:00:00,15,11,4
2016-02-16 12:00:00,23,10,13
2016-02-16 13:00:00,24,19,5
2016-02-16 14:00:00,21,12,9
2016-02-16 15:00:00,30,25,5
2016-02-16 16:00:00,75,53,22
2016-02-16 17:00:00,84,62,22
2016-02-16 18:00:00,37,24,13
2016-02-16 19:00:00,20,15,5
2016-02-16 20:00:00,15,9,6
2016-02-16 21:00:00,1,0,1
2016-02-16 22:00:00,3,1,2
2016-02-16 23:00:00,2,2,0
2016-02-17 00:00:00,1,1,0
2016-02-17 01:00:00,0,0,0
2016-02-17 02:00:00,1,1,0
2016-02-17 03:00:00,0,0,0
2016-02-17 04:00:00,1,1,0
2016-02-17 05:00:00,6,3,3
2016-02-17 06:00:00,23,13,10
2016-02-17 07:00:00,51,39,12
2016-02-17 08:00:00,81,49,32
2016-02-17 09:00:00,32,15,17
2016-02-17 10:00:00,19,13,6
2016-02-17 11:00:00,17,8,9
2016-02-17 12:00:00,22,9,13
2016-02-17 13:00:00,16,14,2
2016-02-17 14:00:00,20,13,7
2016-02-17 15:00:00,27,22,5
2016-02-17 16:00:00,71,54,17
2016-02-17 17:00:00,93,63,30
2016-02-17 18:00:00,34,19,15
2016-02-17 19:00:00,9,6,3
2016-02-17 20:00:00,4,2,2
2016-02-17 21:00:00,2,2,0
2016-02-17 22:00:00,2,1,1
2016-02-17 23:00:00,2,2,0
2016-02-18 00:00:00,1,1,0
2016-02-18 01:00:00,0,0,0
2016-02-18 02:00:00,0,0,0
2016-02-18 03:00:00,0,0,0
2016-02-18 04:00:00,1,1,0
2016-02-18 05:00:00,7,2,5
2016-02-18 06:00:00,19,10,9
2016-02-18 07:00:00,46,32,14
2016-02-18 08:00:00,65,39,26
2016-02-18 09:00:00,29,13,16
2016-02-18 10:00:00,14,9,5
2016-02-18 11:00:00,19,15,4
2016-02-18 12:00:00,23,17,6
2016-02-18 13:00:00,34,20,14
2016-02-18 14:00:00,13,7,6
2016-02-18 15:00:00,34,25,9
2016-02-18 16:00:00,69,51,18
2016-02-18 17:00:00,92,72,20
2016-02-18 18:00:00,41,22,19
2016-02-18 19:00:00,19,8,11
2016-02-18 20:00:00,4,3,1
2016-02-18 21:00:00,8,4,4
2016-02-18 22:00:00,1,1,0
2016-02-18 23:00:00,5,1,4
2016-02-19 00:00:00,12,10,2
2016-02-19 01:00:00,1,0,1
2016-02-19 02:00:00,1,0,1
2016-02-19 03:00:00,0,0,0
2016-02-19 04:00:00,0,0,0
2016-02-19 05:00:00,0,0,0
2016-02-19 06:00:00,17,9,8
2016-02-19 07:00:00,29,20,9
2016-02-19 08:00:00,42,25,17
2016-02-19 09:00:00,33,19,14
2016-02-19 10:00:00,17,11,6
2016-02-19 11:00:00,11,6,5
2016-02-19 12:00:00,14,9,5
2016-02-19 13:00:00,17,13,4
2016-02-19 14:00:00,11,9,2
2016-02-19 15:00:00,32,23,9
2016-02-19 16:00:00,50,37,13
2016-02-19 17:00:00,56,42,14
2016-02-19 18:00:00,28,23,5
2016-02-19 19:00:00,9,3,6
2016-02-19 20:00:00,5,4,1
2016-02-19 21:00:00,7,2,5
2016-02-19 22:00:00,1,1,0
2016-02-19 23:00:00,0,0,0
2016-02-20 00:00:00,1,1,0
2016-02-20 01:00:00,1,1,0
2016-02-20 02:00:00,0,0,0
2016-02-20 03:00:00,2,1,1
2016-02-20 04:00:00,2,0,2
2016-02-20 05:00:00,0,0,0
2016-02-20 06:00:00,4,4,0
2016-02-20 07:00:00,2,2,0
2016-02-20 08:00:00,9,5,4
2016-02-20 09:00:00,11,6,5
2016-02-20 10:00:00,12,5,7
2016-02-20 11:00:00,13,10,3
2016-02-20 12:00:00,18,12,6
2016-02-20 13:00:00,25,14,11
2016-02-20 14:00:00,21,18,3
2016-02-20 15:00:00,17,7,10
2016-02-20 16:00:00,17,5,12
2016-02-20 17:00:00,22,13,9
2016-02-20 18:00:00,15,11,4
2016-02-20 19:00:00,8,2,6
2016-02-20 20:00:00,4,3,1
2016-02-20 21:00:00,4,2,2
2016-02-20 22:00:00,7,2,5
2016-02-20 23:00:00,0,0,0
2016-02-21 00:00:00,3,3,0
2016-02-21 01:00:00,3,2,1
2016-02-21 02:00:00,0,0,0
2016-02-21 03:00:00,0,0,0
2016-02-21 04:00:00,3,3,0
2016-02-21 05:00:00,1,1,0
2016-02-21 06:00:00,2,1,1
2016-02-21 07:00:00,1,1,0
2016-02-21 08:00:00,2,1,1
2016-02-21 09:00:00,4,3,1
2016-02-21 10:00:00,9,7,2
2016-02-21 11:00:00,5,4,1
2016-02-21 12:00:00,6,5,1
2016-02-21 13:00:00,5,3,2
2016-02-21 14:00:00,10,7,3
2016-02-21 15:00:00,11,6,5
2016-02-21 16:00:00,3,3,0
2016-02-21 17:00:00,8,6,2
2016-02-21 18:00:00,4,3,1
2016-02-21 19:00:00,6,5,1
2016-02-21 20:00:00,6,3,3
2016-02-21 21:00:00,3,3,0
2016-02-21 22:00:00,3,0,3
2016-02-21 23:00:00,4,2,2
2016-02-22 00:00:00,0,0,0
2016-02-22 01:00:00,1,1,0
2016-02-22 02:00:00,1,1,0
2016-02-22 03:00:00,0,0,0
2016-02-22 04:00:00,1,1,0
2016-02-22 05:00:00,7,4,3
2016-02-22 06:00:00,21,12,9
2016-02-22 07:00:00,55,30,25
2016-02-22 08:00:00,82,55,27
2016-02-22 09:00:00,44,27,17
2016-02-22 10:00:00,14,8,6
2016-02-22 11:00:00,14,6,8
2016-02-22 12:00:00,19,10,9
2016-02-22 13:00:00,17,8,9
2016-02-22 14:00:00,24,17,7
2016-02-22 15:00:00,35,25,10
2016-02-22 16:00:00,79,58,21
2016-02-22 17:00:00,97,63,34
2016-02-22 18:00:00,44,30,14
2016-02-22 19:00:00,18,12,6
2016-02-22 20:00:00,7,4,3
2016-02-22 21:00:00,6,2,4
2016-02-22 22:00:00,4,1,3
2016-02-22 23:00:00,2,1,1
2016-02-23 00:00:00,0,0,0
2016-02-23 01:00:00,1,1,0
2016-02-23 02:00:00,1,0,1
2016-02-23 03:00:00,0,0,0
2016-02-23 04:00:00,1,1,0
2016-02-23 05:00:00,8,6,2
2016-02-23 06:00:00,25,17,8
2016-02-23 07:00:00,73,45,28
2016-02-23 08:00:00,101,70,31
2016-02-23 09:00:00,46,27,19
2016-02-23 10:00:00,20,14,6
2016-02-23 11:00:00,23,15,8
2016-02-23 12:00:00,20,12,8
2016-02-23 13:00:00,15,9,6
2016-02-23 14:00:00,29,21,8
2016-02-23 15:00:00,45,31,14
2016-02-23 16:00:00,88,66,22
2016-02-23 17:00:00,141,100,41
2016-02-23 18:00:00,66,42,24
2016-02-23 19:00:00,24,16,8
2016-02-23 20:00:00,14,7,7
2016-02-23 21:00:00,20,4,16
2016-02-23 22:00:00,7,3,4
2016-02-23 23:00:00,2,0,2
2016-02-24 00:00:00,2,1,1
2016-02-24 01:00:00,2,2,0
2016-02-24 02:00:00,2,1,1
2016-02-24 03:00:00,0,0,0
2016-02-24 04:00:00,1,1,0
2016-02-24 05:00:00,7,5,2
2016-02-24 06:00:00,26,18,8
2016-02-24 07:00:00,61,41,20
2016-02-24 08:00:00,95,72,23
2016-02-24 09:00:00,59,29,30
2016-02-24 10:00:00,16,8,8
2016-02-24 11:00:00,17,8,9
2016-02-24 12:00:00,21,14,7
2016-02-24 13:00:00,22,12,10
2016-02-24 14:00:00,24,16,8
2016-02-24 15:00:00,38,26,12
2016-02-24 16:00:00,80,61,19
2016-02-24 17:00:00,131,78,53
2016-02-24 18:00:00,43,24,19
2016-02-24 19:00:00,17,11,6
2016-02-24 20:00:00,15,9,6
2016-02-24 21:00:00,2,2,0
2016-02-24 22:00:00,6,4,2
2016-02-24 23:00:00,2,1,1
2016-02-25 00:00:00,2,1,1
2016-02-25 01:00:00,0,0,0
2016-02-25 02:00:00,3,2,1
2016-02-25 03:00:00,0,0,0
2016-02-25 04:00:00,1,0,1
2016-02-25 05:00:00,7,2,5
2016-02-25 06:00:00,24,14,10
2016-02-25 07:00:00,57,35,22
2016-02-25 08:00:00,109,72,37
2016-02-25 09:00:00,47,25,22
2016-02-25 10:00:00,29,15,14
2016-02-25 11:00:00,27,15,12
2016-02-25 12:00:00,17,5,12
2016-02-25 13:00:00,31,18,13
2016-02-25 14:00:00,23,16,7
2016-02-25 15:00:00,43,32,11
2016-02-25 16:00:00,83,53,30
2016-02-25 17:00:00,133,87,46
2016-02-25 18:00:00,37,23,14
2016-02-25 19:00:00,16,12,4
2016-02-25 20:00:00,21,16,5
2016-02-25 21:00:00,15,9,6
2016-02-25 22:00:00,2,1,1
2016-02-25 23:00:00,2,0,2
2016-02-26 00:00:00,5,4,1
2016-02-26 01:00:00,0,0,0
2016-02-26 02:00:00,0,0,0
2016-02-26 03:00:00,0,0,0
2016-02-26 04:00:00,1,1,0
2016-02-26 05:00:00,3,1,2
2016-02-26 06:00:00,21,8,13
2016-02-26 07:00:00,52,37,15
2016-02-26 08:00:00,79,52,27
2016-02-26 09:00:00,33,18,15
2016-02-26 10:00:00,28,18,10
2016-02-26 11:00:00,26,13,13
2016-02-26 12:00:00,24,11,13
2016-02-26 13:00:00,30,18,12
2016-02-26 14:00:00,24,10,14
2016-02-26 15:00:00,50,36,14
2016-02-26 16:00:00,54,40,14
2016-02-26 17:00:00,64,41,23
2016-02-26 18:00:00,22,9,13
2016-02-26 19:00:00,15,9,6
2016-02-26 20:00:00,5,4,1
2016-02-26 21:00:00,3,2,1
2016-02-26 22:00:00,7,3,4
2016-02-26 23:00:00,7,3,4
2016-02-27 00:00:00,1,1,0
2016-02-27 01:00:00,0,0,0
2016-02-27 02:00:00,0,0,0
2016-02-27 03:00:00,0,0,0
2016-02-27 04:00:00,0,0,0
2016-02-27 05:00:00,1,1,0
2016-02-27 06:00:00,2,1,1
2016-02-27 07:00:00,1,0,1
2016-02-27 08:00:00,6,4,2
2016-02-27 09:00:00,1,0,1
2016-02-27 10:00:00,4,2,2
2016-02-27 11:00:00,5,3,2
2016-02-27 12:00:00,17,12,5
2016-02-27 13:00:00,15,8,7
2016-02-27 14:00:00,17,14,3
2016-02-27 15:00:00,23,18,5
2016-02-27 16:00:00,22,13,9
2016-02-27 17:00:00,18,9,9
2016-02-27 18:00:00,12,9,3
2016-02-27 19:00:00,9,5,4
2016-02-27 20:00:00,7,5,2
2016-02-27 21:00:00,7,5,2
2016-02-27 22:00:00,4,4,0
2016-02-27 23:00:00,4,4,0
2016-02-28 00:00:00,3,2,1
2016-02-28 01:00:00,3,3,0
2016-02-28 02:00:00,8,1,7
2016-02-28 03:00:00,2,2,0
2016-02-28 04:00:00,0,0,0
2016-02-28 05:00:00,0,0,0
2016-02-28 06:00:00,6,5,1
2016-02-28 07:00:00,25,24,1
2016-02-28 08:00:00,24,24,0
2016-02-28 09:00:00,3,2,1
2016-02-28 10:00:00,4,4,0
2016-02-28 11:00:00,8,4,4
2016-02-28 12:00:00,10,3,7
2016-02-28 13:00:00,6,3,3
2016-02-28 14:00:00,27,3,24
2016-02-28 15:00:00,5,4,1
2016-02-28 16:00:00,8,3,5
2016-02-28 17:00:00,4,3,1
2016-02-28 18:00:00,4,2,2
2016-02-28 19:00:00,6,4,2
2016-02-28 20:00:00,3,1,2
2016-02-28 21:00:00,3,3,0
2016-02-28 22:00:00,0,0,0
2016-02-28 23:00:00,1,1,0
2016-02-29 00:00:00,0,0,0
2016-02-29 01:00:00,0,0,0
2016-02-29 02:00:00,0,0,0
2016-02-29 03:00:00,1,0,1
2016-02-29 04:00:00,1,1,0
2016-02-29 05:00:00,6,2,4
2016-02-29 06:00:00,18,9,9
2016-02-29 07:00:00,53,36,17
2016-02-29 08:00:00,70,40,30
2016-02-29 09:00:00,41,21,20
2016-02-29 10:00:00,19,11,8
2016-02-29 11:00:00,21,12,9
2016-02-29 12:00:00,20,15,5
2016-02-29 13:00:00,25,19,6
2016-02-29 14:00:00,28,13,15
2016-02-29 15:00:00,35,22,13
2016-02-29 16:00:00,75,53,22
2016-02-29 17:00:00,120,86,34
2016-02-29 18:00:00,43,21,22
2016-02-29 19:00:00,24,15,9
2016-02-29 20:00:00,9,8,1
2016-02-29 21:00:00,4,3,1
2016-02-29 22:00:00,2,0,2
2016-02-29 23:00:00,2,0,2
2016-03-01 00:00:00,0,0,0
2016-03-01 01:00:00,0,0,0
2016-03-01 02:00:00,2,1,1
2016-03-01 03:00:00,0,0,0
2016-03-01 04:00:00,1,1,0
2016-03-01 05:00:00,4,2,2
2016-03-01 06:00:00,19,11,8
2016-03-01 07:00:00,47,32,15
2016-03-01 08:00:00,65,43,22
2016-03-01 09:00:00,36,18,18
2016-03-01 10:00:00,20,10,10
2016-03-01 11:00:00,7,4,3
2016-03-01 12:00:00,16,8,8
2016-03-01 13:00:00,10,5,5
2016-03-01 14:00:00,17,8,9
2016-03-01 15:00:00,20,15,5
2016-03-01 16:00:00,64,46,18
2016-03-01 17:00:00,77,50,27
2016-03-01 18:00:00,27,13,14
2016-03-01 19:00:00,10,6,4
2016-03-01 20:00:00,7,5,2
2016-03-01 21:00:00,6,3,3
2016-03-01 22:00:00,1,0,1
2016-03-01 23:00:00,0,0,0
2016-03-02 00:00:00,1,0,1
2016-03-02 01:00:00,0,0,0
2016-03-02 02:00:00,1,0,1
2016-03-02 03:00:00,0,0,0
2016-03-02 04:00:00,1,1,0
2016-03-02 05:00:00,6,3,3
2016-03-02 06:00:00,22,10,12
2016-03-02 07:00:00,56,32,24
2016-03-02 08:00:00,89,57,32
2016-03-02 09:00:00,42,23,19
2016-03-02 10:00:00,20,13,7
2016-03-02 11:00:00,13,4,9
2016-03-02 12:00:00,21,17,4
2016-03-02 13:00:00,18,11,7
2016-03-02 14:00:00,21,15,6
2016-03-02 15:00:00,30,25,5
2016-03-02 16:00:00,74,53,21
2016-03-02 17:00:00,102,77,25
2016-03-02 18:00:00,34,23,11
2016-03-02 19:00:00,18,10,8
2016-03-02 20:00:00,6,2,4
2016-03-02 21:00:00,4,2,2
2016-03-02 22:00:00,2,1,1
2016-03-02 23:00:00,1,1,0
2016-03-03 00:00:00,4,3,1
2016-03-03 01:00:00,0,0,0
2016-03-03 02:00:00,1,0,1
2016-03-03 03:00:00,1,1,0
2016-03-03 04:00:00,1,1,0
2016-03-03 05:00:00,7,4,3
2016-03-03 06:00:00,22,11,11
2016-03-03 07:00:00,40,30,10
2016-03-03 08:00:00,74,44,30
2016-03-03 09:00:00,43,25,18
2016-03-03 10:00:00,24,12,12
2016-03-03 11:00:00,13,6,7
2016-03-03 12:00:00,16,11,5
2016-03-03 13:00:00,20,10,10
2016-03-03 14:00:00,19,13,6
2016-03-03 15:00:00,32,19,13
2016-03-03 16:00:00,64,45,19
2016-03-03 17:00:00,111,74,37
2016-03-03 18:00:00,48,28,20
2016-03-03 19:00:00,21,14,7
2016-03-03 20:00:00,7,5,2
2016-03-03 21:00:00,6,5,1
2016-03-03 22:00:00,7,5,2
2016-03-03 23:00:00,2,1,1
2016-03-04 00:00:00,4,4,0
2016-03-04 01:00:00,0,0,0
2016-03-04 02:00:00,1,0,1
2016-03-04 03:00:00,0,0,0
2016-03-04 04:00:00,0,0,0
2016-03-04 05:00:00,5,1,4
2016-03-04 06:00:00,16,8,8
2016-03-04 07:00:00,40,24,16
2016-03-04 08:00:00,76,43,33
2016-03-04 09:00:00,44,23,21
2016-03-04 10:00:00,20,11,9
2016-03-04 11:00:00,26,14,12
2016-03-04 12:00:00,28,16,12
2016-03-04 13:00:00,20,11,9
2016-03-04 14:00:00,19,12,7
2016-03-04 15:00:00,36,27,9
2016-03-04 16:00:00,71,56,15
2016-03-04 17:00:00,72,46,26
2016-03-04 18:00:00,33,22,11
2016-03-04 19:00:00,10,5,5
2016-03-04 20:00:00,6,5,1
2016-03-04 21:00:00,5,3,2
2016-03-04 22:00:00,4,2,2
2016-03-04 23:00:00,3,3,0
2016-03-05 00:00:00,3,3,0
2016-03-05 01:00:00,2,2,0
2016-03-05 02:00:00,0,0,0
2016-03-05 03:00:00,0,0,0
2016-03-05 04:00:00,0,0,0
2016-03-05 05:00:00,3,2,1
2016-03-05 06:00:00,3,2,1
2016-03-05 07:00:00,1,1,0
2016-03-05 08:00:00,11,9,2
2016-03-05 09:00:00,11,7,4
2016-03-05 10:00:00,19,13,6
2016-03-05 11:00:00,14,7,7
2016-03-05 12:00:00,24,13,11
2016-03-05 13:00:00,25,17,8
2016-03-05 14:00:00,24,13,11
2016-03-05 15:00:00,26,8,18
2016-03-05 16:00:00,8,5,3
2016-03-05 17:00:00,15,8,7
2016-03-05 18:00:00,14,7,7
2016-03-05 19:00:00,3,2,1
2016-03-05 20:00:00,3,2,1
2016-03-05 21:00:00,3,2,1
2016-03-05 22:00:00,1,0,1
2016-03-05 23:00:00,3,1,2
2016-03-06 00:00:00,4,4,0
2016-03-06 01:00:00,1,1,0
2016-03-06 02:00:00,2,2,0
2016-03-06 03:00:00,0,0,0
2016-03-06 04:00:00,0,0,0
2016-03-06 05:00:00,0,0,0
2016-03-06 06:00:00,1,1,0
2016-03-06 07:00:00,1,1,0
2016-03-06 08:00:00,3,1,2
2016-03-06 09:00:00,7,6,1
2016-03-06 10:00:00,3,1,2
2016-03-06 11:00:00,6,4,2
2016-03-06 12:00:00,1,1,0
2016-03-06 13:00:00,10,6,4
2016-03-06 14:00:00,9,8,1
2016-03-06 15:00:00,12,11,1
2016-03-06 16:00:00,7,6,1
2016-03-06 17:00:00,5,2,3
2016-03-06 18:00:00,11,2,9
2016-03-06 19:00:00,3,2,1
2016-03-06 20:00:00,4,2,2
2016-03-06 21:00:00,1,1,0
2016-03-06 22:00:00,1,1,0
2016-03-06 23:00:00,2,1,1
2016-03-07 00:00:00,1,1,0
2016-03-07 01:00:00,1,1,0
2016-03-07 02:00:00,0,0,0
2016-03-07 03:00:00,0,0,0
2016-03-07 04:00:00,1,1,0
2016-03-07 05:00:00,7,4,3
2016-03-07 06:00:00,20,12,8
2016-03-07 07:00:00,29,19,10
2016-03-07 08:00:00,50,32,18
2016-03-07 09:00:00,32,16,16
2016-03-07 10:00:00,12,6,6
2016-03-07 11:00:00,15,8,7
2016-03-07 12:00:00,15,8,7
2016-03-07 13:00:00,15,11,4
2016-03-07 14:00:00,8,4,4
2016-03-07 15:00:00,26,20,6
2016-03-07 16:00:00,68,50,18
2016-03-07 17:00:00,91,64,27
2016-03-07 18:00:00,35,25,10
2016-03-07 19:00:00,12,9,3
2016-03-07 20:00:00,4,2,2
2016-03-07 21:00:00,8,3,5
2016-03-07 22:00:00,2,2,0
2016-03-07 23:00:00,2,0,2
2016-03-08 00:00:00,1,0,1
2016-03-08 01:00:00,0,0,0
2016-03-08 02:00:00,2,1,1
2016-03-08 03:00:00,0,0,0
2016-03-08 04:00:00,0,0,0
2016-03-08 05:00:00,7,3,4
2016-03-08 06:00:00,25,16,9
2016-03-08 07:00:00,62,39,23
2016-03-08 08:00:00,78,51,27
2016-03-08 09:00:00,49,32,17
2016-03-08 10:00:00,28,16,12
2016-03-08 11:00:00,23,12,11
2016-03-08 12:00:00,28,15,13
2016-03-08 13:00:00,20,9,11
2016-03-08 14:00:00,16,5,11
2016-03-08 15:00:00,38,23,15
2016-03-08 16:00:00,79,63,16
2016-03-08 17:00:00,102,73,29
2016-03-08 18:00:00,41,26,15
2016-03-08 19:00:00,17,10,7
2016-03-08 20:00:00,8,6,2
2016-03-08 21:00:00,5,3,2
2016-03-08 22:00:00,1,0,1
2016-03-08 23:00:00,0,0,0
2016-03-09 00:00:00,0,0,0
2016-03-09 01:00:00,0,0,0
2016-03-09 02:00:00,3,2,1
2016-03-09 03:00:00,0,0,0
2016-03-09 04:00:00,0,0,0
2016-03-09 05:00:00,5,2,3
2016-03-09 06:00:00,17,12,5
2016-03-09 07:00:00,46,31,15
2016-03-09 08:00:00,58,37,21
2016-03-09 09:00:00,47,32,15
2016-03-09 10:00:00,19,10,9
2016-03-09 11:00:00,14,8,6
2016-03-09 12:00:00,12,7,5
2016-03-09 13:00:00,16,9,7
2016-03-09 14:00:00,12,7,5
2016-03-09 15:00:00,21,18,3
2016-03-09 16:00:00,49,35,14
2016-03-09 17:00:00,67,51,16
2016-03-09 18:00:00,22,11,11
2016-03-09 19:00:00,12,6,6
2016-03-09 20:00:00,7,6,1
2016-03-09 21:00:00,3,2,1
2016-03-09 22:00:00,0,0,0
2016-03-09 23:00:00,1,1,0
2016-03-10 00:00:00,3,2,1
2016-03-10 01:00:00,0,0,0
2016-03-10 02:00:00,1,0,1
2016-03-10 03:00:00,1,1,0
2016-03-10 04:00:00,0,0,0
2016-03-10 05:00:00,5,1,4
2016-03-10 06:00:00,20,8,12
2016-03-10 07:00:00,30,15,15
2016-03-10 08:00:00,58,34,24
2016-03-10 09:00:00,36,25,11
2016-03-10 10:00:00,20,11,9
2016-03-10 11:00:00,10,6,4
2016-03-10 12:00:00,18,11,7
2016-03-10 13:00:00,23,13,10
2016-03-10 14:00:00,18,15,3
2016-03-10 15:00:00,27,20,7
2016-03-10 16:00:00,48,31,17
2016-03-10 17:00:00,71,52,19
2016-03-10 18:00:00,38,26,12
2016-03-10 19:00:00,9,5,4
2016-03-10 20:00:00,8,5,3
2016-03-10 21:00:00,5,3,2
2016-03-10 22:00:00,3,3,0
2016-03-10 23:00:00,1,0,1
2016-03-11 00:00:00,2,1,1
2016-03-11 01:00:00,0,0,0
2016-03-11 02:00:00,1,0,1
2016-03-11 03:00:00,0,0,0
2016-03-11 04:00:00,0,0,0
2016-03-11 05:00:00,2,0,2
2016-03-11 06:00:00,16,7,9
2016-03-11 07:00:00,50,33,17
2016-03-11 08:00:00,72,50,22
2016-03-11 09:00:00,50,26,24
2016-03-11 10:00:00,30,18,12
2016-03-11 11:00:00,18,9,9
2016-03-11 12:00:00,18,9,9
2016-03-11 13:00:00,21,15,6
2016-03-11 14:00:00,14,8,6
2016-03-11 15:00:00,39,31,8
2016-03-11 16:00:00,57,40,17
2016-03-11 17:00:00,76,60,16
2016-03-11 18:00:00,30,18,12
2016-03-11 19:00:00,10,3,7
2016-03-11 20:00:00,12,6,6
2016-03-11 21:00:00,1,1,0
2016-03-11 22:00:00,4,3,1
2016-03-11 23:00:00,2,0,2
2016-03-12 00:00:00,2,2,0
2016-03-12 01:00:00,0,0,0
2016-03-12 02:00:00,0,0,0
2016-03-12 03:00:00,1,1,0
2016-03-12 04:00:00,1,1,0
2016-03-12 05:00:00,0,0,0
2016-03-12 06:00:00,0,0,0
2016-03-12 07:00:00,2,1,1
2016-03-12 08:00:00,7,4,3
2016-03-12 09:00:00,3,2,1
2016-03-12 10:00:00,5,4,1
2016-03-12 11:00:00,9,7,2
2016-03-12 12:00:00,9,3,6
2016-03-12 13:00:00,12,3,9
2016-03-12 14:00:00,18,17,1
2016-03-12 15:00:00,13,9,4
2016-03-12 16:00:00,3,2,1
2016-03-12 17:00:00,9,7,2
2016-03-12 18:00:00,9,8,1
2016-03-12 19:00:00,5,5,0
2016-03-12 20:00:00,7,5,2
2016-03-12 21:00:00,1,1,0
2016-03-12 22:00:00,1,0,1
2016-03-12 23:00:00,4,2,2
2016-03-13 00:00:00,0,0,0
2016-03-13 01:00:00,0,0,0
2016-03-13 02:00:00,0,0,0
2016-03-13 03:00:00,0,0,0
2016-03-13 04:00:00,0,0,0
2016-03-13 05:00:00,0,0,0
2016-03-13 06:00:00,0,0,0
2016-03-13 07:00:00,1,1,0
2016-03-13 08:00:00,2,0,2
2016-03-13 09:00:00,2,0,2
2016-03-13 10:00:00,1,1,0
2016-03-13 11:00:00,5,2,3
2016-03-13 12:00:00,8,4,4
2016-03-13 13:00:00,4,3,1
2016-03-13 14:00:00,5,5,0
2016-03-13 15:00:00,4,2,2
2016-03-13 16:00:00,9,6,3
2016-03-13 17:00:00,4,1,3
2016-03-13 18:00:00,5,2,3
2016-03-13 19:00:00,2,2,0
2016-03-13 20:00:00,3,2,1
2016-03-13 21:00:00,4,2,2
2016-03-13 22:00:00,2,0,2
2016-03-13 23:00:00,3,2,1
2016-03-14 00:00:00,0,0,0
2016-03-14 01:00:00,0,0,0
2016-03-14 02:00:00,0,0,0
2016-03-14 03:00:00,0,0,0
2016-03-14 04:00:00,0,0,0
2016-03-14 05:00:00,5,2,3
2016-03-14 06:00:00,15,8,7
2016-03-14 07:00:00,35,19,16
2016-03-14 08:00:00,58,34,24
2016-03-14 09:00:00,45,23,22
2016-03-14 10:00:00,18,7,11
2016-03-14 11:00:00,14,8,6
2016-03-14 12:00:00,16,10,6
2016-03-14 13:00:00,15,5,10
2016-03-14 14:00:00,17,7,10
2016-03-14 15:00:00,24,15,9
2016-03-14 16:00:00,45,33,12
2016-03-14 17:00:00,85,68,17
2016-03-14 18:00:00,46,24,22
2016-03-14 19:00:00,12,7,5
2016-03-14 20:00:00,4,2,2
2016-03-14 21:00:00,4,3,1
2016-03-14 22:00:00,3,0,3
2016-03-14 23:00:00,3,2,1
2016-03-15 00:00:00,1,0,1
2016-03-15 01:00:00,5,0,5
2016-03-15 02:00:00,2,1,1
2016-03-15 03:00:00,0,0,0
2016-03-15 04:00:00,1,0,1
2016-03-15 05:00:00,5,3,2
2016-03-15 06:00:00,21,11,10
2016-03-15 07:00:00,37,24,13
2016-03-15 08:00:00,73,48,25
2016-03-15 09:00:00,47,26,21
2016-03-15 10:00:00,26,21,5
2016-03-15 11:00:00,9,3,6
2016-03-15 12:00:00,17,9,8
2016-03-15 13:00:00,19,13,6
2016-03-15 14:00:00,21,9,12
2016-03-15 15:00:00,42,27,15
2016-03-15 16:00:00,64,45,19
2016-03-15 17:00:00,109,78,31
2016-03-15 18:00:00,45,25,20
2016-03-15 19:00:00,14,11,3
2016-03-15 20:00:00,6,5,1
2016-03-15 21:00:00,5,1,4
2016-03-15 22:00:00,2,1,1
2016-03-15 23:00:00,0,0,0
2016-03-16 00:00:00,1,1,0
2016-03-16 01:00:00,0,0,0
2016-03-16 02:00:00,2,1,1
2016-03-16 03:00:00,0,0,0
2016-03-16 04:00:00,0,0,0
2016-03-16 05:00:00,4,1,3
2016-03-16 06:00:00,30,16,14
2016-03-16 07:00:00,55,38,17
2016-03-16 08:00:00,90,50,40
2016-03-16 09:00:00,54,28,26
2016-03-16 10:00:00,27,15,12
2016-03-16 11:00:00,27,20,7
2016-03-16 12:00:00,24,11,13
2016-03-16 13:00:00,16,10,6
2016-03-16 14:00:00,17,10,7
2016-03-16 15:00:00,43,28,15
2016-03-16 16:00:00,81,58,23
2016-03-16 17:00:00,135,98,37
2016-03-16 18:00:00,53,31,22
2016-03-16 19:00:00,23,12,11
2016-03-16 20:00:00,6,4,2
2016-03-16 21:00:00,7,4,3
2016-03-16 22:00:00,6,4,2
2016-03-16 23:00:00,0,0,0
2016-03-17 00:00:00,1,1,0
2016-03-17 01:00:00,0,0,0
2016-03-17 02:00:00,2,1,1
2016-03-17 03:00:00,0,0,0
2016-03-17 04:00:00,1,1,0
2016-03-17 05:00:00,4,1,3
2016-03-17 06:00:00,31,21,10
2016-03-17 07:00:00,79,56,23
2016-03-17 08:00:00,95,53,42
2016-03-17 09:00:00,48,27,21
2016-03-17 10:00:00,23,17,6
2016-03-17 11:00:00,13,8,5
2016-03-17 12:00:00,21,9,12
2016-03-17 13:00:00,27,10,17
2016-03-17 14:00:00,29,23,6
2016-03-17 15:00:00,39,27,12
2016-03-17 16:00:00,79,62,17
2016-03-17 17:00:00,138,86,52
2016-03-17 18:00:00,55,34,21
2016-03-17 19:00:00,26,14,12
2016-03-17 20:00:00,5,4,1
2016-03-17 21:00:00,7,6,1
2016-03-17 22:00:00,5,3,2
2016-03-17 23:00:00,3,1,2
2016-03-18 00:00:00,3,2,1
2016-03-18 01:00:00,0,0,0
2016-03-18 02:00:00,2,0,2
2016-03-18 03:00:00,1,1,0
2016-03-18 04:00:00,0,0,0
2016-03-18 05:00:00,4,1,3
2016-03-18 06:00:00,19,10,9
2016-03-18 07:00:00,55,36,19
2016-03-18 08:00:00,84,57,27
2016-03-18 09:00:00,43,27,16
2016-03-18 10:00:00,27,17,10
2016-03-18 11:00:00,23,14,9
2016-03-18 12:00:00,32,22,10
2016-03-18 13:00:00,22,14,8
2016-03-18 14:00:00,31,24,7
2016-03-18 15:00:00,48,25,23
2016-03-18 16:00:00,89,59,30
2016-03-18 17:00:00,88,60,28
2016-03-18 18:00:00,29,20,9
2016-03-18 19:00:00,25,11,14
2016-03-18 20:00:00,7,4,3
2016-03-18 21:00:00,6,4,2
2016-03-18 22:00:00,3,1,2
2016-03-18 23:00:00,7,5,2
2016-03-19 00:00:00,3,2,1
2016-03-19 01:00:00,2,1,1
2016-03-19 02:00:00,0,0,0
2016-03-19 03:00:00,0,0,0
2016-03-19 04:00:00,1,1,0
2016-03-19 05:00:00,0,0,0
2016-03-19 06:00:00,1,0,1
2016-03-19 07:00:00,3,2,1
2016-03-19 08:00:00,11,6,5
2016-03-19 09:00:00,3,2,1
2016-03-19 10:00:00,7,4,3
2016-03-19 11:00:00,18,7,11
2016-03-19 12:00:00,22,6,16
2016-03-19 13:00:00,14,7,7
2016-03-19 14:00:00,16,13,3
2016-03-19 15:00:00,8,2,6
2016-03-19 16:00:00,16,8,8
2016-03-19 17:00:00,20,13,7
2016-03-19 18:00:00,14,13,1
2016-03-19 19:00:00,8,4,4
2016-03-19 20:00:00,3,2,1
2016-03-19 21:00:00,13,1,12
2016-03-19 22:00:00,7,5,2
2016-03-19 23:00:00,4,1,3
2016-03-20 00:00:00,5,4,1
2016-03-20 01:00:00,3,2,1
2016-03-20 02:00:00,0,0,0
2016-03-20 03:00:00,1,1,0
2016-03-20 04:00:00,0,0,0
2016-03-20 05:00:00,0,0,0
2016-03-20 06:00:00,1,1,0
2016-03-20 07:00:00,0,0,0
2016-03-20 08:00:00,6,5,1
2016-03-20 09:00:00,12,6,6
2016-03-20 10:00:00,7,6,1
2016-03-20 11:00:00,9,5,4
2016-03-20 12:00:00,7,4,3
2016-03-20 13:00:00,5,2,3
2016-03-20 14:00:00,8,4,4
2016-03-20 15:00:00,7,5,2
2016-03-20 16:00:00,8,7,1
2016-03-20 17:00:00,4,2,2
2016-03-20 18:00:00,5,5,0
2016-03-20 19:00:00,8,7,1
2016-03-20 20:00:00,7,3,4
2016-03-20 21:00:00,2,1,1
2016-03-20 22:00:00,3,1,2
2016-03-20 23:00:00,2,0,2
2016-03-21 00:00:00,1,1,0
2016-03-21 01:00:00,1,1,0
2016-03-21 02:00:00,1,1,0
2016-03-21 03:00:00,4,0,4
2016-03-21 04:00:00,1,0,1
2016-03-21 05:00:00,3,1,2
2016-03-21 06:00:00,11,6,5
2016-03-21 07:00:00,38,22,16
2016-03-21 08:00:00,67,42,25
2016-03-21 09:00:00,37,20,17
2016-03-21 10:00:00,13,6,7
2016-03-21 11:00:00,6,3,3
2016-03-21 12:00:00,13,7,6
2016-03-21 13:00:00,8,4,4
2016-03-21 14:00:00,17,8,9
2016-03-21 15:00:00,23,16,7
2016-03-21 16:00:00,55,42,13
2016-03-21 17:00:00,79,58,21
2016-03-21 18:00:00,40,19,21
2016-03-21 19:00:00,10,6,4
2016-03-21 20:00:00,4,3,1
2016-03-21 21:00:00,6,4,2
2016-03-21 22:00:00,0,0,0
2016-03-21 23:00:00,3,2,1
2016-03-22 00:00:00,1,1,0
2016-03-22 01:00:00,1,1,0
2016-03-22 02:00:00,0,0,0
2016-03-22 03:00:00,0,0,0
2016-03-22 04:00:00,1,0,1
2016-03-22 05:00:00,2,0,2
2016-03-22 06:00:00,29,21,8
2016-03-22 07:00:00,61,38,23
2016-03-22 08:00:00,75,53,22
2016-03-22 09:00:00,38,22,16
2016-03-22 10:00:00,12,7,5
2016-03-22 11:00:00,17,14,3
2016-03-22 12:00:00,16,7,9
2016-03-22 13:00:00,15,7,8
2016-03-22 14:00:00,22,16,6
2016-03-22 15:00:00,45,29,16
2016-03-22 16:00:00,59,38,21
2016-03-22 17:00:00,116,77,39
2016-03-22 18:00:00,37,27,10
2016-03-22 19:00:00,19,15,4
2016-03-22 20:00:00,9,3,6
2016-03-22 21:00:00,5,5,0
2016-03-22 22:00:00,3,2,1
2016-03-22 23:00:00,0,0,0
2016-03-23 00:00:00,1,1,0
2016-03-23 01:00:00,1,1,0
2016-03-23 02:00:00,3,3,0
2016-03-23 03:00:00,1,1,0
2016-03-23 04:00:00,1,0,1
2016-03-23 05:00:00,5,0,5
2016-03-23 06:00:00,19,13,6
2016-03-23 07:00:00,44,29,15
2016-03-23 08:00:00,70,41,29
2016-03-23 09:00:00,35,26,9
2016-03-23 10:00:00,25,16,9
2016-03-23 11:00:00,13,5,8
2016-03-23 12:00:00,14,9,5
2016-03-23 13:00:00,11,8,3
2016-03-23 14:00:00,24,14,10
2016-03-23 15:00:00,40,26,14
2016-03-23 16:00:00,82,60,22
2016-03-23 17:00:00,106,78,28
2016-03-23 18:00:00,30,23,7
2016-03-23 19:00:00,19,12,7
2016-03-23 20:00:00,9,3,6
2016-03-23 21:00:00,5,4,1
2016-03-23 22:00:00,1,0,1
2016-03-23 23:00:00,1,1,0
2016-03-24 00:00:00,2,2,0
2016-03-24 01:00:00,1,0,1
2016-03-24 02:00:00,0,0,0
2016-03-24 03:00:00,0,0,0
2016-03-24 04:00:00,0,0,0
2016-03-24 05:00:00,3,0,3
2016-03-24 06:00:00,18,12,6
2016-03-24 07:00:00,48,32,16
2016-03-24 08:00:00,77,53,24
2016-03-24 09:00:00,48,29,19
2016-03-24 10:00:00,23,14,9
2016-03-24 11:00:00,15,10,5
2016-03-24 12:00:00,15,9,6
2016-03-24 13:00:00,22,13,9
2016-03-24 14:00:00,24,15,9
2016-03-24 15:00:00,21,11,10
2016-03-24 16:00:00,75,58,17
2016-03-24 17:00:00,85,54,31
2016-03-24 18:00:00,45,26,19
2016-03-24 19:00:00,17,14,3
2016-03-24 20:00:00,8,6,2
2016-03-24 21:00:00,6,4,2
2016-03-24 22:00:00,4,3,1
2016-03-24 23:00:00,4,2,2
2016-03-25 00:00:00,3,2,1
2016-03-25 01:00:00,0,0,0
2016-03-25 02:00:00,0,0,0
2016-03-25 03:00:00,0,0,0
2016-03-25 04:00:00,1,0,1
2016-03-25 05:00:00,0,0,0
2016-03-25 06:00:00,27,15,12
2016-03-25 07:00:00,41,27,14
2016-03-25 08:00:00,69,40,29
2016-03-25 09:00:00,45,26,19
2016-03-25 10:00:00,23,17,6
2016-03-25 11:00:00,30,25,5
2016-03-25 12:00:00,27,20,7
2016-03-25 13:00:00,27,14,13
2016-03-25 14:00:00,29,26,3
2016-03-25 15:00:00,46,34,12
2016-03-25 16:00:00,94,68,26
2016-03-25 17:00:00,83,58,25
2016-03-25 18:00:00,42,30,12
2016-03-25 19:00:00,12,8,4
2016-03-25 20:00:00,19,8,11
2016-03-25 21:00:00,22,6,16
2016-03-25 22:00:00,9,1,8
2016-03-25 23:00:00,6,3,3
2016-03-26 00:00:00,4,4,0
2016-03-26 01:00:00,2,2,0
2016-03-26 02:00:00,1,1,0
2016-03-26 03:00:00,0,0,0
2016-03-26 04:00:00,0,0,0
2016-03-26 05:00:00,0,0,0
2016-03-26 06:00:00,1,1,0
2016-03-26 07:00:00,0,0,0
2016-03-26 08:00:00,5,4,1
2016-03-26 09:00:00,5,1,4
2016-03-26 10:00:00,4,2,2
2016-03-26 11:00:00,12,8,4
2016-03-26 12:00:00,12,7,5
2016-03-26 13:00:00,18,7,11
2016-03-26 14:00:00,13,5,8
2016-03-26 15:00:00,14,6,8
2016-03-26 16:00:00,12,10,2
2016-03-26 17:00:00,2,2,0
2016-03-26 18:00:00,7,3,4
2016-03-26 19:00:00,5,4,1
2016-03-26 20:00:00,0,0,0
2016-03-26 21:00:00,3,2,1
2016-03-26 22:00:00,9,6,3
2016-03-26 23:00:00,4,1,3
2016-03-27 00:00:00,1,1,0
2016-03-27 01:00:00,3,2,1
2016-03-27 02:00:00,4,2,2
2016-03-27 03:00:00,0,0,0
2016-03-27 04:00:00,1,1,0
2016-03-27 05:00:00,0,0,0
2016-03-27 06:00:00,1,1,0
2016-03-27 07:00:00,1,1,0
2016-03-27 08:00:00,2,0,2
2016-03-27 09:00:00,2,2,0
2016-03-27 10:00:00,3,3,0
2016-03-27 11:00:00,2,1,1
2016-03-27 12:00:00,2,1,1
2016-03-27 13:00:00,8,4,4
2016-03-27 14:00:00,3,2,1
2016-03-27 15:00:00,5,4,1
2016-03-27 16:00:00,2,2,0
2016-03-27 17:00:00,9,5,4
2016-03-27 18:00:00,2,1,1
2016-03-27 19:00:00,1,0,1
2016-03-27 20:00:00,1,0,1
2016-03-27 21:00:00,3,2,1
2016-03-27 22:00:00,0,0,0
2016-03-27 23:00:00,0,0,0
2016-03-28 00:00:00,2,2,0
2016-03-28 01:00:00,0,0,0
2016-03-28 02:00:00,2,2,0
2016-03-28 03:00:00,0,0,0
2016-03-28 04:00:00,1,1,0
2016-03-28 05:00:00,5,1,4
2016-03-28 06:00:00,21,14,7
2016-03-28 07:00:00,56,34,22
2016-03-28 08:00:00,86,49,37
2016-03-28 09:00:00,47,26,21
2016-03-28 10:00:00,11,6,5
2016-03-28 11:00:00,10,3,7
2016-03-28 12:00:00,18,11,7
2016-03-28 13:00:00,11,6,5
2016-03-28 14:00:00,21,12,9
2016-03-28 15:00:00,25,16,9
2016-03-28 16:00:00,67,51,16
2016-03-28 17:00:00,105,75,30
2016-03-28 18:00:00,47,33,14
2016-03-28 19:00:00,23,15,8
2016-03-28 20:00:00,11,8,3
2016-03-28 21:00:00,6,5,1
2016-03-28 22:00:00,3,2,1
2016-03-28 23:00:00,1,0,1
2016-03-29 00:00:00,2,2,0
2016-03-29 01:00:00,2,1,1
2016-03-29 02:00:00,2,2,0
2016-03-29 03:00:00,0,0,0
2016-03-29 04:00:00,0,0,0
2016-03-29 05:00:00,9,2,7
2016-03-29 06:00:00,26,18,8
2016-03-29 07:00:00,70,42,28
2016-03-29 08:00:00,106,73,33
2016-03-29 09:00:00,48,22,26
2016-03-29 10:00:00,12,5,7
2016-03-29 11:00:00,29,16,13
2016-03-29 12:00:00,20,13,7
2016-03-29 13:00:00,19,11,8
2016-03-29 14:00:00,31,19,12
2016-03-29 15:00:00,39,31,8
2016-03-29 16:00:00,78,54,24
2016-03-29 17:00:00,118,77,41
2016-03-29 18:00:00,58,31,27
2016-03-29 19:00:00,29,20,9
2016-03-29 20:00:00,12,6,6
2016-03-29 21:00:00,8,2,6
2016-03-29 22:00:00,5,5,0
2016-03-29 23:00:00,3,1,2
2016-03-30 00:00:00,2,1,1
2016-03-30 01:00:00,0,0,0
2016-03-30 02:00:00,0,0,0
2016-03-30 03:00:00,0,0,0
2016-03-30 04:00:00,0,0,0
2016-03-30 05:00:00,8,3,5
2016-03-30 06:00:00,32,21,11
2016-03-30 07:00:00,62,42,20
2016-03-30 08:00:00,132,87,45
2016-03-30 09:00:00,53,35,18
2016-03-30 10:00:00,26,17,9
2016-03-30 11:00:00,14,9,5
2016-03-30 12:00:00,29,13,16
2016-03-30 13:00:00,26,16,10
2016-03-30 14:00:00,33,19,14
2016-03-30 15:00:00,41,26,15
2016-03-30 16:00:00,97,71,26
2016-03-30 17:00:00,150,95,55
2016-03-30 18:00:00,54,38,16
2016-03-30 19:00:00,18,10,8
2016-03-30 20:00:00,16,11,5
2016-03-30 21:00:00,8,6,2
2016-03-30 22:00:00,5,5,0
2016-03-30 23:00:00,3,2,1
2016-03-31 00:00:00,2,2,0
2016-03-31 01:00:00,0,0,0
2016-03-31 02:00:00,0,0,0
2016-03-31 03:00:00,0,0,0
2016-03-31 04:00:00,1,1,0
2016-03-31 05:00:00,7,2,5
2016-03-31 06:00:00,30,16,14
2016-03-31 07:00:00,77,48,29
2016-03-31 08:00:00,94,58,36
2016-03-31 09:00:00,52,28,24
2016-03-31 10:00:00,22,8,14
2016-03-31 11:00:00,19,13,6
2016-03-31 12:00:00,19,10,9
2016-03-31 13:00:00,20,12,8
2016-03-31 14:00:00,30,20,10
2016-03-31 15:00:00,49,37,12
2016-03-31 16:00:00,106,76,30
2016-03-31 17:00:00,137,95,42
2016-03-31 18:00:00,66,39,27
2016-03-31 19:00:00,11,8,3
2016-03-31 20:00:00,17,14,3
2016-03-31 21:00:00,4,3,1
2016-03-31 22:00:00,8,4,4
2016-03-31 23:00:00,5,3,2
2016-04-01 00:00:00,2,2,0
2016-04-01 01:00:00,0,0,0
2016-04-01 02:00:00,2,1,1
2016-04-01 03:00:00,0,0,0
2016-04-01 04:00:00,1,0,1
2016-04-01 05:00:00,3,1,2
2016-04-01 06:00:00,24,13,11
2016-04-01 07:00:00,50,28,22
2016-04-01 08:00:00,85,57,28
2016-04-01 09:00:00,38,30,8
2016-04-01 10:00:00,20,13,7
2016-04-01 11:00:00,12,7,5
2016-04-01 12:00:00,39,29,10
2016-04-01 13:00:00,31,17,14
2016-04-01 14:00:00,29,18,11
2016-04-01 15:00:00,58,44,14
2016-04-01 16:00:00,86,57,29
2016-04-01 17:00:00,106,79,27
2016-04-01 18:00:00,45,24,21
2016-04-01 19:00:00,12,7,5
2016-04-01 20:00:00,13,7,6
2016-04-01 21:00:00,10,4,6
2016-04-01 22:00:00,6,1,5
2016-04-01 23:00:00,1,1,0
2016-04-02 00:00:00,0,0,0
2016-04-02 01:00:00,0,0,0
2016-04-02 02:00:00,0,0,0
2016-04-02 03:00:00,0,0,0
2016-04-02 04:00:00,0,0,0
2016-04-02 05:00:00,0,0,0
2016-04-02 06:00:00,0,0,0
2016-04-02 07:00:00,0,0,0
2016-04-02 08:00:00,0,0,0
2016-04-02 09:00:00,0,0,0
2016-04-02 10:00:00,0,0,0
2016-04-02 11:00:00,0,0,0
2016-04-02 12:00:00,0,0,0
2016-04-02 13:00:00,0,0,0
2016-04-02 14:00:00,0,0,0
2016-04-02 15:00:00,0,0,0
2016-04-02 16:00:00,0,0,0
2016-04-02 17:00:00,0,0,0
2016-04-02 18:00:00,0,0,0
2016-04-02 19:00:00,0,0,0
2016-04-02 20:00:00,1,1,0
2016-04-02 21:00:00,0,0,0
2016-04-02 22:00:00,0,0,0
2016-04-02 23:00:00,0,0,0
2016-04-03 00:00:00,0,0,0
2016-04-03 01:00:00,0,0,0
2016-04-03 02:00:00,0,0,0
2016-04-03 03:00:00,0,0,0
2016-04-03 04:00:00,0,0,0
2016-04-03 05:00:00,0,0,0
2016-04-03 06:00:00,0,0,0
2016-04-03 07:00:00,0,0,0
2016-04-03 08:00:00,1,0,1
2016-04-03 09:00:00,0,0,0
2016-04-03 10:00:00,0,0,0
2016-04-03 11:00:00,0,0,0
2016-04-03 12:00:00,0,0,0
2016-04-03 13:00:00,0,0,0
2016-04-03 14:00:00,0,0,0
2016-04-03 15:00:00,0,0,0
2016-04-03 16:00:00,0,0,0
2016-04-03 17:00:00,0,0,0
2016-04-03 18:00:00,0,0,0
2016-04-03 19:00:00,0,0,0
2016-04-03 20:00:00,0,0,0
2016-04-03 21:00:00,0,0,0
2016-04-03 22:00:00,0,0,0
2016-04-03 23:00:00,0,0,0
2016-04-04 00:00:00,0,0,0
2016-04-04 01:00:00,0,0,0
2016-04-04 02:00:00,0,0,0
2016-04-04 03:00:00,0,0,0
2016-04-04 04:00:00,0,0,0
2016-04-04 05:00:00,0,0,0
2016-04-04 06:00:00,0,0,0
2016-04-04 07:00:00,0,0,0
2016-04-04 08:00:00,0,0,0
2016-04-04 09:00:00,0,0,0
2016-04-04 10:00:00,0,0,0
2016-04-04 11:00:00,9,5,4
2016-04-04 12:00:00,23,7,16
2016-04-04 13:00:00,15,9,6
2016-04-04 14:00:00,20,9,11
2016-04-04 15:00:00,21,17,4
2016-04-04 16:00:00,63,43,20
2016-04-04 17:00:00,97,67,30
2016-04-04 18:00:00,31,22,9
2016-04-04 19:00:00,23,14,9
2016-04-04 20:00:00,9,6,3
2016-04-04 21:00:00,6,5,1
2016-04-04 22:00:00,5,4,1
2016-04-04 23:00:00,3,2,1
2016-04-05 00:00:00,1,1,0
2016-04-05 01:00:00,0,0,0
2016-04-05 02:00:00,2,1,1
2016-04-05 03:00:00,0,0,0
2016-04-05 04:00:00,3,3,0
2016-04-05 05:00:00,14,7,7
2016-04-05 06:00:00,24,12,12
2016-04-05 07:00:00,74,47,27
2016-04-05 08:00:00,82,65,17
2016-04-05 09:00:00,28,15,13
2016-04-05 10:00:00,12,10,2
2016-04-05 11:00:00,9,6,3
2016-04-05 12:00:00,15,6,9
2016-04-05 13:00:00,10,4,6
2016-04-05 14:00:00,10,8,2
2016-04-05 15:00:00,34,21,13
2016-04-05 16:00:00,43,30,13
2016-04-05 17:00:00,91,72,19
2016-04-05 18:00:00,37,23,14
2016-04-05 19:00:00,14,10,4
2016-04-05 20:00:00,11,10,1
2016-04-05 21:00:00,2,0,2
2016-04-05 22:00:00,0,0,0
2016-04-05 23:00:00,1,0,1
2016-04-06 00:00:00,1,1,0
2016-04-06 01:00:00,0,0,0
2016-04-06 02:00:00,0,0,0
2016-04-06 03:00:00,0,0,0
2016-04-06 04:00:00,0,0,0
2016-04-06 05:00:00,5,4,1
2016-04-06 06:00:00,26,14,12
2016-04-06 07:00:00,37,24,13
2016-04-06 08:00:00,70,48,22
2016-04-06 09:00:00,30,17,13
2016-04-06 10:00:00,12,10,2
2016-04-06 11:00:00,11,8,3
2016-04-06 12:00:00,17,7,10
2016-04-06 13:00:00,17,12,5
2016-04-06 14:00:00,14,9,5
2016-04-06 15:00:00,28,21,7
2016-04-06 16:00:00,54,40,14
2016-04-06 17:00:00,92,73,19
2016-04-06 18:00:00,36,28,8
2016-04-06 19:00:00,20,10,10
2016-04-06 20:00:00,2,1,1
2016-04-06 21:00:00,2,2,0
2016-04-06 22:00:00,2,2,0
2016-04-06 23:00:00,2,1,1
2016-04-07 00:00:00,1,1,0
2016-04-07 01:00:00,1,0,1
2016-04-07 02:00:00,2,1,1
2016-04-07 03:00:00,16,8,8
2016-04-07 04:00:00,1,1,0
2016-04-07 05:00:00,5,4,1
2016-04-07 06:00:00,22,13,9
2016-04-07 07:00:00,41,23,18
2016-04-07 08:00:00,27,11,16
2016-04-07 09:00:00,17,1,16
2016-04-07 10:00:00,4,1,3
2016-04-07 11:00:00,8,2,6
2016-04-07 12:00:00,20,4,16
2016-04-07 13:00:00,6,0,6
2016-04-07 14:00:00,6,4,2
2016-04-07 15:00:00,17,7,10
2016-04-07 16:00:00,24,13,11
2016-04-07 17:00:00,33,16,17
2016-04-07 18:00:00,20,9,11
2016-04-07 19:00:00,8,6,2
2016-04-07 20:00:00,5,2,3
2016-04-07 21:00:00,4,1,3
2016-04-07 22:00:00,0,0,0
2016-04-07 23:00:00,2,1,1
2016-04-08 00:00:00,0,0,0
2016-04-08 01:00:00,0,0,0
2016-04-08 02:00:00,0,0,0
2016-04-08 03:00:00,1,0,1
2016-04-08 04:00:00,0,0,0
2016-04-08 05:00:00,1,0,1
2016-04-08 06:00:00,4,0,4
2016-04-08 07:00:00,12,3,9
2016-04-08 08:00:00,48,25,23
2016-04-08 09:00:00,26,10,16
2016-04-08 10:00:00,16,10,6
2016-04-08 11:00:00,17,9,8
2016-04-08 12:00:00,26,9,17
2016-04-08 13:00:00,18,11,7
2016-04-08 14:00:00,19,14,5
2016-04-08 15:00:00,38,24,14
2016-04-08 16:00:00,64,52,12
2016-04-08 17:00:00,111,73,38
2016-04-08 18:00:00,43,34,9
2016-04-08 19:00:00,15,6,9
2016-04-08 20:00:00,12,6,6
2016-04-08 21:00:00,5,0,5
2016-04-08 22:00:00,8,2,6
2016-04-08 23:00:00,8,5,3
2016-04-09 00:00:00,5,4,1
2016-04-09 01:00:00,1,1,0
2016-04-09 02:00:00,1,0,1
2016-04-09 03:00:00,0,0,0
2016-04-09 04:00:00,0,0,0
2016-04-09 05:00:00,1,0,1
2016-04-09 06:00:00,0,0,0
2016-04-09 07:00:00,3,1,2
2016-04-09 08:00:00,23,18,5
2016-04-09 09:00:00,12,6,6
2016-04-09 10:00:00,7,4,3
2016-04-09 11:00:00,10,5,5
2016-04-09 12:00:00,16,11,5
2016-04-09 13:00:00,19,8,11
2016-04-09 14:00:00,24,11,13
2016-04-09 15:00:00,17,8,9
2016-04-09 16:00:00,13,10,3
2016-04-09 17:00:00,22,9,13
2016-04-09 18:00:00,21,13,8
2016-04-09 19:00:00,9,4,5
2016-04-09 20:00:00,14,8,6
2016-04-09 21:00:00,21,10,11
2016-04-09 22:00:00,2,1,1
2016-04-09 23:00:00,2,1,1
2016-04-10 00:00:00,2,2,0
2016-04-10 01:00:00,2,2,0
2016-04-10 02:00:00,0,0,0
2016-04-10 03:00:00,1,1,0
2016-04-10 04:00:00,0,0,0
2016-04-10 05:00:00,1,1,0
2016-04-10 06:00:00,1,0,1
2016-04-10 07:00:00,5,3,2
2016-04-10 08:00:00,4,4,0
2016-04-10 09:00:00,13,9,4
2016-04-10 10:00:00,5,4,1
2016-04-10 11:00:00,14,12,2
2016-04-10 12:00:00,16,15,1
2016-04-10 13:00:00,16,7,9
2016-04-10 14:00:00,16,5,11
2016-04-10 15:00:00,11,7,4
2016-04-10 16:00:00,19,6,13
2016-04-10 17:00:00,7,5,2
2016-04-10 18:00:00,12,4,8
2016-04-10 19:00:00,10,7,3
2016-04-10 20:00:00,5,3,2
2016-04-10 21:00:00,4,4,0
2016-04-10 22:00:00,2,1,1
2016-04-10 23:00:00,1,0,1
2016-04-11 00:00:00,0,0,0
2016-04-11 01:00:00,0,0,0
2016-04-11 02:00:00,0,0,0
2016-04-11 03:00:00,0,0,0
2016-04-11 04:00:00,0,0,0
2016-04-11 05:00:00,3,2,1
2016-04-11 06:00:00,14,5,9
2016-04-11 07:00:00,36,18,18
2016-04-11 08:00:00,68,37,31
2016-04-11 09:00:00,24,7,17
2016-04-11 10:00:00,16,7,9
2016-04-11 11:00:00,10,6,4
2016-04-11 12:00:00,12,9,3
2016-04-11 13:00:00,9,5,4
2016-04-11 14:00:00,13,9,4
2016-04-11 15:00:00,27,17,10
2016-04-11 16:00:00,64,51,13
2016-04-11 17:00:00,108,79,29
2016-04-11 18:00:00,40,27,13
2016-04-11 19:00:00,19,10,9
2016-04-11 20:00:00,5,4,1
2016-04-11 21:00:00,6,4,2
2016-04-11 22:00:00,4,0,4
2016-04-11 23:00:00,4,3,1
2016-04-12 00:00:00,3,0,3
2016-04-12 01:00:00,0,0,0
2016-04-12 02:00:00,1,1,0
2016-04-12 03:00:00,0,0,0
2016-04-12 04:00:00,1,1,0
2016-04-12 05:00:00,6,2,4
2016-04-12 06:00:00,11,5,6
2016-04-12 07:00:00,39,20,19
2016-04-12 08:00:00,52,32,20
2016-04-12 09:00:00,41,19,22
2016-04-12 10:00:00,19,9,10
2016-04-12 11:00:00,17,9,8
2016-04-12 12:00:00,15,7,8
2016-04-12 13:00:00,8,4,4
2016-04-12 14:00:00,20,11,9
2016-04-12 15:00:00,20,10,10
2016-04-12 16:00:00,35,28,7
2016-04-12 17:00:00,64,44,20
2016-04-12 18:00:00,30,17,13
2016-04-12 19:00:00,12,7,5
2016-04-12 20:00:00,5,4,1
2016-04-12 21:00:00,4,2,2
2016-04-12 22:00:00,3,2,1
2016-04-12 23:00:00,0,0,0
2016-04-13 00:00:00,1,1,0
2016-04-13 01:00:00,0,0,0
2016-04-13 02:00:00,0,0,0
2016-04-13 03:00:00,3,1,2
2016-04-13 04:00:00,0,0,0
2016-04-13 05:00:00,4,1,3
2016-04-13 06:00:00,13,6,7
2016-04-13 07:00:00,39,24,15
2016-04-13 08:00:00,49,23,26
2016-04-13 09:00:00,31,14,17
2016-04-13 10:00:00,17,10,7
2016-04-13 11:00:00,18,9,9
2016-04-13 12:00:00,24,8,16
2016-04-13 13:00:00,16,5,11
2016-04-13 14:00:00,25,15,10
2016-04-13 15:00:00,36,28,8
2016-04-13 16:00:00,56,41,15
2016-04-13 17:00:00,79,50,29
2016-04-13 18:00:00,47,29,18
2016-04-13 19:00:00,21,13,8
2016-04-13 20:00:00,11,7,4
2016-04-13 21:00:00,5,3,2
2016-04-13 22:00:00,1,0,1
2016-04-13 23:00:00,4,3,1
2016-04-14 00:00:00,0,0,0
2016-04-14 01:00:00,0,0,0
2016-04-14 02:00:00,0,0,0
2016-04-14 03:00:00,1,1,0
2016-04-14 04:00:00,0,0,0
2016-04-14 05:00:00,5,4,1
2016-04-14 06:00:00,15,9,6
2016-04-14 07:00:00,36,14,22
2016-04-14 08:00:00,62,31,31
2016-04-14 09:00:00,34,17,17
2016-04-14 10:00:00,21,9,12
2016-04-14 11:00:00,21,10,11
2016-04-14 12:00:00,17,10,7
2016-04-14 13:00:00,18,13,5
2016-04-14 14:00:00,28,21,7
2016-04-14 15:00:00,31,23,8
2016-04-14 16:00:00,72,47,25
2016-04-14 17:00:00,107,79,28
2016-04-14 18:00:00,43,32,11
2016-04-14 19:00:00,16,9,7
2016-04-14 20:00:00,12,8,4
2016-04-14 21:00:00,5,3,2
2016-04-14 22:00:00,1,1,0
2016-04-14 23:00:00,4,2,2
2016-04-15 00:00:00,2,2,0
2016-04-15 01:00:00,1,1,0
2016-04-15 02:00:00,2,1,1
2016-04-15 03:00:00,1,1,0
2016-04-15 04:00:00,0,0,0
2016-04-15 05:00:00,6,3,3
2016-04-15 06:00:00,15,6,9
2016-04-15 07:00:00,33,13,20
2016-04-15 08:00:00,61,41,20
2016-04-15 09:00:00,27,11,16
2016-04-15 10:00:00,29,18,11
2016-04-15 11:00:00,24,13,11
2016-04-15 12:00:00,25,13,12
2016-04-15 13:00:00,22,14,8
2016-04-15 14:00:00,24,13,11
2016-04-15 15:00:00,44,30,14
2016-04-15 16:00:00,71,58,13
2016-04-15 17:00:00,85,56,29
2016-04-15 18:00:00,34,21,13
2016-04-15 19:00:00,16,11,5
2016-04-15 20:00:00,8,5,3
2016-04-15 21:00:00,1,1,0
2016-04-15 22:00:00,3,2,1
2016-04-15 23:00:00,1,0,1
2016-04-16 00:00:00,3,3,0
2016-04-16 01:00:00,2,2,0
2016-04-16 02:00:00,0,0,0
2016-04-16 03:00:00,3,2,1
2016-04-16 04:00:00,0,0,0
2016-04-16 05:00:00,1,1,0
2016-04-16 06:00:00,5,5,0
2016-04-16 07:00:00,5,3,2
2016-04-16 08:00:00,13,8,5
2016-04-16 09:00:00,16,7,9
2016-04-16 10:00:00,13,10,3
2016-04-16 11:00:00,9,7,2
2016-04-16 12:00:00,25,14,11
2016-04-16 13:00:00,36,9,27
2016-04-16 14:00:00,14,9,5
2016-04-16 15:00:00,35,29,6
2016-04-16 16:00:00,21,13,8
2016-04-16 17:00:00,26,20,6
2016-04-16 18:00:00,34,30,4
2016-04-16 19:00:00,9,5,4
2016-04-16 20:00:00,12,5,7
2016-04-16 21:00:00,22,6,16
2016-04-16 22:00:00,12,7,5
2016-04-16 23:00:00,4,3,1
2016-04-17 00:00:00,4,4,0
2016-04-17 01:00:00,1,1,0
2016-04-17 02:00:00,3,2,1
2016-04-17 03:00:00,0,0,0
2016-04-17 04:00:00,0,0,0
2016-04-17 05:00:00,1,1,0
2016-04-17 06:00:00,3,3,0
2016-04-17 07:00:00,1,1,0
2016-04-17 08:00:00,4,2,2
2016-04-17 09:00:00,8,5,3
2016-04-17 10:00:00,9,6,3
2016-04-17 11:00:00,13,11,2
2016-04-17 12:00:00,19,14,5
2016-04-17 13:00:00,19,12,7
2016-04-17 14:00:00,16,8,8
2016-04-17 15:00:00,27,11,16
2016-04-17 16:00:00,34,18,16
2016-04-17 17:00:00,29,21,8
2016-04-17 18:00:00,16,12,4
2016-04-17 19:00:00,9,4,5
2016-04-17 20:00:00,5,3,2
2016-04-17 21:00:00,1,0,1
2016-04-17 22:00:00,3,1,2
2016-04-17 23:00:00,2,2,0
2016-04-18 00:00:00,1,1,0
2016-04-18 01:00:00,0,0,0
2016-04-18 02:00:00,0,0,0
2016-04-18 03:00:00,0,0,0
2016-04-18 04:00:00,0,0,0
2016-04-18 05:00:00,7,4,3
2016-04-18 06:00:00,26,16,10
2016-04-18 07:00:00,36,18,18
2016-04-18 08:00:00,25,3,22
2016-04-18 09:00:00,21,4,17
2016-04-18 10:00:00,4,1,3
2016-04-18 11:00:00,2,0,2
2016-04-18 12:00:00,7,2,5
2016-04-18 13:00:00,5,0,5
2016-04-18 14:00:00,4,3,1
2016-04-18 15:00:00,9,5,4
2016-04-18 16:00:00,29,14,15
2016-04-18 17:00:00,27,10,17
2016-04-18 18:00:00,6,0,6
2016-04-18 19:00:00,6,1,5
2016-04-18 20:00:00,5,3,2
2016-04-18 21:00:00,0,0,0
2016-04-18 22:00:00,2,1,1
2016-04-18 23:00:00,0,0,0
2016-04-19 00:00:00,3,2,1
2016-04-19 01:00:00,0,0,0
2016-04-19 02:00:00,0,0,0
2016-04-19 03:00:00,0,0,0
2016-04-19 04:00:00,1,1,0
2016-04-19 05:00:00,2,0,2
2016-04-19 06:00:00,13,4,9
2016-04-19 07:00:00,13,2,11
2016-04-19 08:00:00,24,4,20
2016-04-19 09:00:00,9,2,7
2016-04-19 10:00:00,10,2,8
2016-04-19 11:00:00,2,1,1
2016-04-19 12:00:00,1,0,1
2016-04-19 13:00:00,8,3,5
2016-04-19 14:00:00,18,11,7
2016-04-19 15:00:00,55,38,17
2016-04-19 16:00:00,94,71,23
2016-04-19 17:00:00,148,98,50
2016-04-19 18:00:00,61,37,24
2016-04-19 19:00:00,18,6,12
2016-04-19 20:00:00,11,10,1
2016-04-19 21:00:00,9,6,3
2016-04-19 22:00:00,3,2,1
2016-04-19 23:00:00,2,0,2
2016-04-20 00:00:00,2,2,0
2016-04-20 01:00:00,1,0,1
2016-04-20 02:00:00,0,0,0
2016-04-20 03:00:00,1,1,0
2016-04-20 04:00:00,0,0,0
2016-04-20 05:00:00,13,10,3
2016-04-20 06:00:00,29,15,14
2016-04-20 07:00:00,51,26,25
2016-04-20 08:00:00,109,67,42
2016-04-20 09:00:00,44,24,20
2016-04-20 10:00:00,24,16,8
2016-04-20 11:00:00,22,10,12
2016-04-20 12:00:00,24,18,6
2016-04-20 13:00:00,22,13,9
2016-04-20 14:00:00,27,17,10
2016-04-20 15:00:00,46,37,9
2016-04-20 16:00:00,89,74,15
2016-04-20 17:00:00,131,99,32
2016-04-20 18:00:00,58,38,20
2016-04-20 19:00:00,28,17,11
2016-04-20 20:00:00,10,4,6
2016-04-20 21:00:00,5,3,2
2016-04-20 22:00:00,4,3,1
2016-04-20 23:00:00,0,0,0
2016-04-21 00:00:00,1,1,0
2016-04-21 01:00:00,0,0,0
2016-04-21 02:00:00,0,0,0
2016-04-21 03:00:00,2,2,0
2016-04-21 04:00:00,0,0,0
2016-04-21 05:00:00,5,3,2
2016-04-21 06:00:00,25,10,15
2016-04-21 07:00:00,63,34,29
2016-04-21 08:00:00,114,72,42
2016-04-21 09:00:00,44,25,19
2016-04-21 10:00:00,29,17,12
2016-04-21 11:00:00,14,3,11
2016-04-21 12:00:00,20,13,7
2016-04-21 13:00:00,19,14,5
2016-04-21 14:00:00,29,17,12
2016-04-21 15:00:00,49,33,16
2016-04-21 16:00:00,107,75,32
2016-04-21 17:00:00,152,109,43
2016-04-21 18:00:00,67,45,22
2016-04-21 19:00:00,12,7,5
2016-04-21 20:00:00,24,16,8
2016-04-21 21:00:00,5,4,1
2016-04-21 22:00:00,6,6,0
2016-04-21 23:00:00,0,0,0
2016-04-22 00:00:00,3,2,1
2016-04-22 01:00:00,0,0,0
2016-04-22 02:00:00,0,0,0
2016-04-22 03:00:00,0,0,0
2016-04-22 04:00:00,1,1,0
2016-04-22 05:00:00,1,1,0
2016-04-22 06:00:00,19,8,11
2016-04-22 07:00:00,36,15,21
2016-04-22 08:00:00,61,34,27
2016-04-22 09:00:00,3,2,1
2016-04-22 10:00:00,5,5,0
2016-04-22 11:00:00,1,1,0
2016-04-22 12:00:00,9,7,2
2016-04-22 13:00:00,2,2,0
2016-04-22 14:00:00,7,2,5
2016-04-22 15:00:00,28,17,11
2016-04-22 16:00:00,71,47,24
2016-04-22 17:00:00,90,61,29
2016-04-22 18:00:00,33,22,11
2016-04-22 19:00:00,11,8,3
2016-04-22 20:00:00,10,3,7
2016-04-22 21:00:00,4,2,2
2016-04-22 22:00:00,1,0,1
2016-04-22 23:00:00,3,1,2
2016-04-23 00:00:00,1,1,0
2016-04-23 01:00:00,0,0,0
2016-04-23 02:00:00,5,4,1
2016-04-23 03:00:00,0,0,0
2016-04-23 04:00:00,0,0,0
2016-04-23 05:00:00,1,0,1
2016-04-23 06:00:00,0,0,0
2016-04-23 07:00:00,3,0,3
2016-04-23 08:00:00,2,0,2
2016-04-23 09:00:00,5,2,3
2016-04-23 10:00:00,0,0,0
2016-04-23 11:00:00,0,0,0
2016-04-23 12:00:00,0,0,0
2016-04-23 13:00:00,1,1,0
2016-04-23 14:00:00,16,11,5
2016-04-23 15:00:00,25,16,9
2016-04-23 16:00:00,15,10,5
2016-04-23 17:00:00,8,6,2
2016-04-23 18:00:00,12,7,5
2016-04-23 19:00:00,4,3,1
2016-04-23 20:00:00,7,4,3
2016-04-23 21:00:00,1,1,0
2016-04-23 22:00:00,1,1,0
2016-04-23 23:00:00,3,2,1
2016-04-24 00:00:00,1,1,0
2016-04-24 01:00:00,2,2,0
2016-04-24 02:00:00,1,1,0
2016-04-24 03:00:00,0,0,0
2016-04-24 04:00:00,1,1,0
2016-04-24 05:00:00,0,0,0
2016-04-24 06:00:00,1,1,0
2016-04-24 07:00:00,2,2,0
2016-04-24 08:00:00,3,0,3
2016-04-24 09:00:00,2,0,2
2016-04-24 10:00:00,0,0,0
2016-04-24 11:00:00,2,1,1
2016-04-24 12:00:00,1,0,1
2016-04-24 13:00:00,3,3,0
2016-04-24 14:00:00,5,3,2
2016-04-24 15:00:00,9,7,2
2016-04-24 16:00:00,3,1,2
2016-04-24 17:00:00,8,7,1
2016-04-24 18:00:00,8,4,4
2016-04-24 19:00:00,4,3,1
2016-04-24 20:00:00,5,4,1
2016-04-24 21:00:00,1,1,0
2016-04-24 22:00:00,4,1,3
2016-04-24 23:00:00,2,1,1
2016-04-25 00:00:00,1,1,0
2016-04-25 01:00:00,0,0,0
2016-04-25 02:00:00,0,0,0
2016-04-25 03:00:00,0,0,0
2016-04-25 04:00:00,0,0,0
2016-04-25 05:00:00,4,2,2
2016-04-25 06:00:00,14,7,7
2016-04-25 07:00:00,43,25,18
2016-04-25 08:00:00,69,40,29
2016-04-25 09:00:00,6,1,5
2016-04-25 10:00:00,2,2,0
2016-04-25 11:00:00,0,0,0
2016-04-25 12:00:00,12,5,7
2016-04-25 13:00:00,11,4,7
2016-04-25 14:00:00,2,1,1
2016-04-25 15:00:00,4,1,3
2016-04-25 16:00:00,11,9,2
2016-04-25 17:00:00,25,13,12
2016-04-25 18:00:00,9,5,4
2016-04-25 19:00:00,3,3,0
2016-04-25 20:00:00,3,1,2
2016-04-25 21:00:00,3,0,3
2016-04-25 22:00:00,1,0,1
2016-04-25 23:00:00,0,0,0
2016-04-26 00:00:00,1,0,1
2016-04-26 01:00:00,0,0,0
2016-04-26 02:00:00,0,0,0
2016-04-26 03:00:00,0,0,0
2016-04-26 04:00:00,1,0,1
2016-04-26 05:00:00,2,1,1
2016-04-26 06:00:00,4,2,2
2016-04-26 07:00:00,16,4,12
2016-04-26 08:00:00,32,8,24
2016-04-26 09:00:00,4,0,4
2016-04-26 10:00:00,8,4,4
2016-04-26 11:00:00,13,9,4
2016-04-26 12:00:00,12,8,4
2016-04-26 13:00:00,68,38,30
2016-04-26 14:00:00,75,37,38
2016-04-26 15:00:00,105,53,52
2016-04-26 16:00:00,195,108,87
2016-04-26 17:00:00,303,154,149
2016-04-26 18:00:00,139,66,73
2016-04-26 19:00:00,66,31,35
2016-04-26 20:00:00,27,15,12
2016-04-26 21:00:00,10,4,6
2016-04-26 22:00:00,10,6,4
2016-04-26 23:00:00,2,1,1
2016-04-27 00:00:00,6,3,3
2016-04-27 01:00:00,2,1,1
2016-04-27 02:00:00,0,0,0
2016-04-27 03:00:00,0,0,0
2016-04-27 04:00:00,0,0,0
2016-04-27 05:00:00,16,8,8
2016-04-27 06:00:00,56,28,28
2016-04-27 07:00:00,136,68,68
2016-04-27 08:00:00,209,105,104
2016-04-27 09:00:00,116,54,62
2016-04-27 10:00:00,47,23,24
2016-04-27 11:00:00,52,27,25
2016-04-27 12:00:00,53,31,22
2016-04-27 13:00:00,59,32,27
2016-04-27 14:00:00,50,25,25
2016-04-27 15:00:00,93,48,45
2016-04-27 16:00:00,194,102,92
2016-04-27 17:00:00,339,171,168
2016-04-27 18:00:00,162,83,79
2016-04-27 19:00:00,61,26,35
2016-04-27 20:00:00,26,14,12
2016-04-27 21:00:00,11,5,6
2016-04-27 22:00:00,26,12,14
2016-04-27 23:00:00,2,1,1
2016-04-28 00:00:00,11,6,5
2016-04-28 01:00:00,2,1,1
2016-04-28 02:00:00,1,0,1
2016-04-28 03:00:00,1,0,1
2016-04-28 04:00:00,2,2,0
2016-04-28 05:00:00,13,8,5
2016-04-28 06:00:00,49,27,22
2016-04-28 07:00:00,124,67,57
2016-04-28 08:00:00,234,113,121
2016-04-28 09:00:00,112,52,60
2016-04-28 10:00:00,72,38,34
2016-04-28 11:00:00,44,21,23
2016-04-28 12:00:00,57,29,28
2016-04-28 13:00:00,47,26,21
2016-04-28 14:00:00,49,23,26
2016-04-28 15:00:00,69,34,35
2016-04-28 16:00:00,231,122,109
2016-04-28 17:00:00,306,160,146
2016-04-28 18:00:00,129,64,65
2016-04-28 19:00:00,62,31,31
2016-04-28 20:00:00,38,22,16
2016-04-28 21:00:00,25,14,11
2016-04-28 22:00:00,7,4,3
2016-04-28 23:00:00,6,3,3
2016-04-29 00:00:00,4,3,1
2016-04-29 01:00:00,0,0,0
2016-04-29 02:00:00,0,0,0
2016-04-29 03:00:00,4,2,2
2016-04-29 04:00:00,2,1,1
2016-04-29 05:00:00,5,2,3
2016-04-29 06:00:00,70,36,34
2016-04-29 07:00:00,131,67,64
2016-04-29 08:00:00,199,104,95
2016-04-29 09:00:00,88,41,47
2016-04-29 10:00:00,39,19,20
2016-04-29 11:00:00,41,20,21
2016-04-29 12:00:00,20,9,11
2016-04-29 13:00:00,26,10,16
2016-04-29 14:00:00,44,18,26
2016-04-29 15:00:00,47,15,32
2016-04-29 16:00:00,116,45,71
2016-04-29 17:00:00,149,43,106
2016-04-29 18:00:00,69,24,45
2016-04-29 19:00:00,26,5,21
2016-04-29 20:00:00,10,2,8
2016-04-29 21:00:00,6,1,5
2016-04-29 22:00:00,13,8,5
2016-04-29 23:00:00,7,4,3
2016-04-30 00:00:00,8,2,6
2016-04-30 01:00:00,3,3,0
2016-04-30 02:00:00,8,5,3
2016-04-30 03:00:00,1,1,0
2016-04-30 04:00:00,1,1,0
2016-04-30 05:00:00,2,0,2
2016-04-30 06:00:00,7,0,7
2016-04-30 07:00:00,10,3,7
2016-04-30 08:00:00,9,3,6
2016-04-30 09:00:00,20,6,14
2016-04-30 10:00:00,30,13,17
2016-04-30 11:00:00,34,7,27
2016-04-30 12:00:00,79,14,65
2016-04-30 13:00:00,36,14,22
2016-04-30 14:00:00,23,9,14
2016-04-30 15:00:00,73,55,18
2016-04-30 16:00:00,38,18,20
2016-04-30 17:00:00,23,10,13
2016-04-30 18:00:00,27,11,16
2016-04-30 19:00:00,16,7,9
2016-04-30 20:00:00,12,7,5
2016-04-30 21:00:00,10,9,1
2016-04-30 22:00:00,10,9,1
2016-04-30 23:00:00,5,3,2
2016-05-01 00:00:00,6,2,4
2016-05-01 01:00:00,2,1,1
2016-05-01 02:00:00,2,2,0
2016-05-01 03:00:00,0,0,0
2016-05-01 04:00:00,0,0,0
2016-05-01 05:00:00,2,0,2
2016-05-01 06:00:00,2,0,2
2016-05-01 07:00:00,8,5,3
2016-05-01 08:00:00,18,7,11
2016-05-01 09:00:00,21,5,16
2016-05-01 10:00:00,19,5,14
2016-05-01 11:00:00,42,12,30
2016-05-01 12:00:00,47,15,32
2016-05-01 13:00:00,44,19,25
2016-05-01 14:00:00,37,26,11
2016-05-01 15:00:00,44,20,24
2016-05-01 16:00:00,41,27,14
2016-05-01 17:00:00,22,15,7
2016-05-01 18:00:00,15,8,7
2016-05-01 19:00:00,19,8,11
2016-05-01 20:00:00,10,6,4
2016-05-01 21:00:00,7,4,3
2016-05-01 22:00:00,2,1,1
2016-05-01 23:00:00,4,3,1
2016-05-02 00:00:00,2,0,2
2016-05-02 01:00:00,0,0,0
2016-05-02 02:00:00,1,0,1
2016-05-02 03:00:00,1,0,1
2016-05-02 04:00:00,0,0,0
2016-05-02 05:00:00,11,8,3
2016-05-02 06:00:00,44,23,21
2016-05-02 07:00:00,143,80,63
2016-05-02 08:00:00,191,93,98
2016-05-02 09:00:00,105,51,54
2016-05-02 10:00:00,41,19,22
2016-05-02 11:00:00,22,11,11
2016-05-02 12:00:00,37,23,14
2016-05-02 13:00:00,45,24,21
2016-05-02 14:00:00,40,11,29
2016-05-02 15:00:00,70,22,48
2016-05-02 16:00:00,185,53,132
2016-05-02 17:00:00,246,78,168
2016-05-02 18:00:00,119,42,77
2016-05-02 19:00:00,40,11,29
2016-05-02 20:00:00,22,11,11
2016-05-02 21:00:00,13,4,9
2016-05-02 22:00:00,12,5,7
2016-05-02 23:00:00,6,2,4
2016-05-03 00:00:00,3,1,2
2016-05-03 01:00:00,0,0,0
2016-05-03 02:00:00,2,1,1
2016-05-03 03:00:00,1,0,1
2016-05-03 04:00:00,1,1,0
2016-05-03 05:00:00,14,6,8
2016-05-03 06:00:00,41,24,17
2016-05-03 07:00:00,163,87,76
2016-05-03 08:00:00,178,87,91
2016-05-03 09:00:00,89,45,44
2016-05-03 10:00:00,33,17,16
2016-05-03 11:00:00,27,12,15
2016-05-03 12:00:00,46,26,20
2016-05-03 13:00:00,36,18,18
2016-05-03 14:00:00,43,12,31
2016-05-03 15:00:00,69,22,47
2016-05-03 16:00:00,159,41,118
2016-05-03 17:00:00,265,90,175
2016-05-03 18:00:00,106,44,62
2016-05-03 19:00:00,46,19,27
2016-05-03 20:00:00,15,8,7
2016-05-03 21:00:00,10,3,7
2016-05-03 22:00:00,7,4,3
2016-05-03 23:00:00,2,1,1
2016-05-04 00:00:00,3,0,3
2016-05-04 01:00:00,1,1,0
2016-05-04 02:00:00,1,0,1
2016-05-04 03:00:00,1,0,1
2016-05-04 04:00:00,1,0,1
2016-05-04 05:00:00,13,7,6
2016-05-04 06:00:00,51,29,22
2016-05-04 07:00:00,101,53,48
2016-05-04 08:00:00,160,86,74
2016-05-04 09:00:00,82,40,42
2016-05-04 10:00:00,40,20,20
2016-05-04 11:00:00,32,16,16
2016-05-04 12:00:00,27,9,18
2016-05-04 13:00:00,51,27,24
2016-05-04 14:00:00,48,19,29
2016-05-04 15:00:00,64,22,42
2016-05-04 16:00:00,148,47,101
2016-05-04 17:00:00,211,59,152
2016-05-04 18:00:00,122,32,90
2016-05-04 19:00:00,41,19,22
2016-05-04 20:00:00,26,8,18
2016-05-04 21:00:00,9,2,7
2016-05-04 22:00:00,5,3,2
2016-05-04 23:00:00,2,2,0
2016-05-05 00:00:00,2,1,1
2016-05-05 01:00:00,0,0,0
2016-05-05 02:00:00,0,0,0
2016-05-05 03:00:00,1,1,0
2016-05-05 04:00:00,2,1,1
2016-05-05 05:00:00,12,5,7
2016-05-05 06:00:00,47,27,20
2016-05-05 07:00:00,138,68,70
2016-05-05 08:00:00,180,83,97
2016-05-05 09:00:00,81,38,43
2016-05-05 10:00:00,27,17,10
2016-05-05 11:00:00,26,11,15
2016-05-05 12:00:00,33,18,15
2016-05-05 13:00:00,27,12,15
2016-05-05 14:00:00,45,19,26
2016-05-05 15:00:00,69,25,44
2016-05-05 16:00:00,160,49,111
2016-05-05 17:00:00,216,65,151
2016-05-05 18:00:00,131,42,89
2016-05-05 19:00:00,64,31,33
2016-05-05 20:00:00,29,16,13
2016-05-05 21:00:00,15,6,9
2016-05-05 22:00:00,12,3,9
2016-05-05 23:00:00,5,3,2
2016-05-06 00:00:00,4,2,2
2016-05-06 01:00:00,1,0,1
2016-05-06 02:00:00,1,1,0
2016-05-06 03:00:00,0,0,0
2016-05-06 04:00:00,1,0,1
2016-05-06 05:00:00,6,5,1
2016-05-06 06:00:00,53,27,26
2016-05-06 07:00:00,116,56,60
2016-05-06 08:00:00,178,90,88
2016-05-06 09:00:00,104,58,46
2016-05-06 10:00:00,44,17,27
2016-05-06 11:00:00,29,13,16
2016-05-06 12:00:00,45,22,23
2016-05-06 13:00:00,44,19,25
2016-05-06 14:00:00,41,18,23
2016-05-06 15:00:00,87,28,59
2016-05-06 16:00:00,163,46,117
2016-05-06 17:00:00,216,76,140
2016-05-06 18:00:00,110,33,77
2016-05-06 19:00:00,43,22,21
2016-05-06 20:00:00,21,3,18
2016-05-06 21:00:00,11,4,7
2016-05-06 22:00:00,13,4,9
2016-05-06 23:00:00,6,3,3
2016-05-07 00:00:00,7,1,6
2016-05-07 01:00:00,1,1,0
2016-05-07 02:00:00,0,0,0
2016-05-07 03:00:00,1,0,1
2016-05-07 04:00:00,0,0,0
2016-05-07 05:00:00,3,2,1
2016-05-07 06:00:00,4,2,2
2016-05-07 07:00:00,9,4,5
2016-05-07 08:00:00,30,6,24
2016-05-07 09:00:00,25,7,18
2016-05-07 10:00:00,34,14,20
2016-05-07 11:00:00,22,9,13
2016-05-07 12:00:00,54,12,42
2016-05-07 13:00:00,44,16,28
2016-05-07 14:00:00,61,27,34
2016-05-07 15:00:00,44,15,29
2016-05-07 16:00:00,55,16,39
2016-05-07 17:00:00,38,13,25
2016-05-07 18:00:00,66,17,49
2016-05-07 19:00:00,27,16,11
2016-05-07 20:00:00,12,6,6
2016-05-07 21:00:00,45,40,5
2016-05-07 22:00:00,7,5,2
2016-05-07 23:00:00,4,2,2
2016-05-08 00:00:00,11,4,7
2016-05-08 01:00:00,3,1,2
2016-05-08 02:00:00,1,0,1
2016-05-08 03:00:00,2,2,0
2016-05-08 04:00:00,0,0,0
2016-05-08 05:00:00,2,0,2
2016-05-08 06:00:00,0,0,0
2016-05-08 07:00:00,1,1,0
2016-05-08 08:00:00,10,4,6
2016-05-08 09:00:00,7,4,3
2016-05-08 10:00:00,11,4,7
2016-05-08 11:00:00,12,5,7
2016-05-08 12:00:00,18,10,8
2016-05-08 13:00:00,14,10,4
2016-05-08 14:00:00,14,10,4
2016-05-08 15:00:00,16,10,6
2016-05-08 16:00:00,17,8,9
2016-05-08 17:00:00,14,7,7
2016-05-08 18:00:00,12,6,6
2016-05-08 19:00:00,8,4,4
2016-05-08 20:00:00,3,2,1
2016-05-08 21:00:00,7,1,6
2016-05-08 22:00:00,1,1,0
2016-05-08 23:00:00,1,0,1
2016-05-09 00:00:00,3,1,2
2016-05-09 01:00:00,2,1,1
2016-05-09 02:00:00,3,0,3
2016-05-09 03:00:00,1,0,1
2016-05-09 04:00:00,0,0,0
2016-05-09 05:00:00,11,8,3
2016-05-09 06:00:00,38,19,19
2016-05-09 07:00:00,125,53,72
2016-05-09 08:00:00,165,69,96
2016-05-09 09:00:00,101,53,48
2016-05-09 10:00:00,23,17,6
2016-05-09 11:00:00,23,9,14
2016-05-09 12:00:00,33,18,15
2016-05-09 13:00:00,32,9,23
2016-05-09 14:00:00,43,11,32
2016-05-09 15:00:00,64,23,41
2016-05-09 16:00:00,136,44,92
2016-05-09 17:00:00,249,74,175
2016-05-09 18:00:00,114,36,78
2016-05-09 19:00:00,31,7,24
2016-05-09 20:00:00,22,8,14
2016-05-09 21:00:00,16,7,9
2016-05-09 22:00:00,8,6,2
2016-05-09 23:00:00,8,5,3
2016-05-10 00:00:00,5,2,3
2016-05-10 01:00:00,2,1,1
2016-05-10 02:00:00,1,0,1
2016-05-10 03:00:00,0,0,0
2016-05-10 04:00:00,1,1,0
2016-05-10 05:00:00,11,3,8
2016-05-10 06:00:00,59,22,37
2016-05-10 07:00:00,136,57,79
2016-05-10 08:00:00,179,72,107
2016-05-10 09:00:00,99,46,53
2016-05-10 10:00:00,24,10,14
2016-05-10 11:00:00,27,8,19
2016-05-10 12:00:00,39,17,22
2016-05-10 13:00:00,34,19,15
2016-05-10 14:00:00,52,27,25
2016-05-10 15:00:00,74,21,53
2016-05-10 16:00:00,170,53,117
2016-05-10 17:00:00,265,97,168
2016-05-10 18:00:00,96,31,65
2016-05-10 19:00:00,47,13,34
2016-05-10 20:00:00,32,15,17
2016-05-10 21:00:00,16,5,11
2016-05-10 22:00:00,10,5,5
2016-05-10 23:00:00,6,3,3
2016-05-11 00:00:00,6,2,4
2016-05-11 01:00:00,0,0,0
2016-05-11 02:00:00,0,0,0
2016-05-11 03:00:00,1,1,0
2016-05-11 04:00:00,1,0,1
2016-05-11 05:00:00,14,7,7
2016-05-11 06:00:00,44,26,18
2016-05-11 07:00:00,111,44,67
2016-05-11 08:00:00,183,73,110
2016-05-11 09:00:00,95,46,49
2016-05-11 10:00:00,32,12,20
2016-05-11 11:00:00,24,11,13
2016-05-11 12:00:00,46,16,30
2016-05-11 13:00:00,24,11,13
2016-05-11 14:00:00,48,19,29
2016-05-11 15:00:00,66,18,48
2016-05-11 16:00:00,139,31,108
2016-05-11 17:00:00,256,92,164
2016-05-11 18:00:00,108,38,70
2016-05-11 19:00:00,42,14,28
2016-05-11 20:00:00,27,8,19
2016-05-11 21:00:00,13,5,8
2016-05-11 22:00:00,8,3,5
2016-05-11 23:00:00,7,5,2
2016-05-12 00:00:00,3,2,1
2016-05-12 01:00:00,0,0,0
2016-05-12 02:00:00,0,0,0
2016-05-12 03:00:00,10,9,1
2016-05-12 04:00:00,1,1,0
2016-05-12 05:00:00,15,8,7
2016-05-12 06:00:00,46,19,27
2016-05-12 07:00:00,105,45,60
2016-05-12 08:00:00,163,69,94
2016-05-12 09:00:00,94,44,50
2016-05-12 10:00:00,30,14,16
2016-05-12 11:00:00,29,11,18
2016-05-12 12:00:00,34,19,15
2016-05-12 13:00:00,47,19,28
2016-05-12 14:00:00,50,15,35
2016-05-12 15:00:00,71,27,44
2016-05-12 16:00:00,141,41,100
2016-05-12 17:00:00,216,69,147
2016-05-12 18:00:00,115,40,75
2016-05-12 19:00:00,49,26,23
2016-05-12 20:00:00,32,15,17
2016-05-12 21:00:00,15,6,9
2016-05-12 22:00:00,10,4,6
2016-05-12 23:00:00,8,4,4
2016-05-13 00:00:00,6,3,3
2016-05-13 01:00:00,0,0,0
2016-05-13 02:00:00,0,0,0
2016-05-13 03:00:00,1,0,1
2016-05-13 04:00:00,1,0,1
2016-05-13 05:00:00,18,12,6
2016-05-13 06:00:00,43,21,22
2016-05-13 07:00:00,122,63,59
2016-05-13 08:00:00,160,58,102
2016-05-13 09:00:00,79,28,51
2016-05-13 10:00:00,47,26,21
2016-05-13 11:00:00,28,11,17
2016-05-13 12:00:00,55,31,24
2016-05-13 13:00:00,46,24,22
2016-05-13 14:00:00,48,11,37
2016-05-13 15:00:00,86,29,57
2016-05-13 16:00:00,156,46,110
2016-05-13 17:00:00,204,58,146
2016-05-13 18:00:00,82,25,57
2016-05-13 19:00:00,41,15,26
2016-05-13 20:00:00,18,7,11
2016-05-13 21:00:00,18,8,10
2016-05-13 22:00:00,10,3,7
2016-05-13 23:00:00,11,7,4
2016-05-14 00:00:00,7,4,3
2016-05-14 01:00:00,3,2,1
2016-05-14 02:00:00,1,1,0
2016-05-14 03:00:00,1,0,1
2016-05-14 04:00:00,1,0,1
2016-05-14 05:00:00,2,1,1
2016-05-14 06:00:00,2,1,1
2016-05-14 07:00:00,8,5,3
2016-05-14 08:00:00,17,7,10
2016-05-14 09:00:00,12,7,5
2016-05-14 10:00:00,35,10,25
2016-05-14 11:00:00,33,10,23
2016-05-14 12:00:00,24,12,12
2016-05-14 13:00:00,20,14,6
2016-05-14 14:00:00,17,6,11
2016-05-14 15:00:00,23,14,9
2016-05-14 16:00:00,21,10,11
2016-05-14 17:00:00,31,12,19
2016-05-14 18:00:00,11,1,10
2016-05-14 19:00:00,6,3,3
2016-05-14 20:00:00,7,3,4
2016-05-14 21:00:00,17,8,9
2016-05-14 22:00:00,4,3,1
2016-05-14 23:00:00,3,1,2
2016-05-15 00:00:00,5,1,4
2016-05-15 01:00:00,2,1,1
2016-05-15 02:00:00,1,1,0
2016-05-15 03:00:00,0,0,0
2016-05-15 04:00:00,0,0,0
2016-05-15 05:00:00,0,0,0
2016-05-15 06:00:00,3,1,2
2016-05-15 07:00:00,4,3,1
2016-05-15 08:00:00,6,6,0
2016-05-15 09:00:00,3,1,2
2016-05-15 10:00:00,6,4,2
2016-05-15 11:00:00,12,7,5
2016-05-15 12:00:00,16,9,7
2016-05-15 13:00:00,10,2,8
2016-05-15 14:00:00,12,5,7
2016-05-15 15:00:00,15,9,6
2016-05-15 16:00:00,21,12,9
2016-05-15 17:00:00,20,10,10
2016-05-15 18:00:00,8,5,3
2016-05-15 19:00:00,10,4,6
2016-05-15 20:00:00,4,2,2
2016-05-15 21:00:00,0,0,0
2016-05-15 22:00:00,5,1,4
2016-05-15 23:00:00,1,0,1
2016-05-16 00:00:00,2,1,1
2016-05-16 01:00:00,0,0,0
2016-05-16 02:00:00,3,2,1
2016-05-16 03:00:00,1,0,1
2016-05-16 04:00:00,1,1,0
2016-05-16 05:00:00,8,4,4
2016-05-16 06:00:00,34,18,16
2016-05-16 07:00:00,80,31,49
2016-05-16 08:00:00,121,43,78
2016-05-16 09:00:00,74,34,40
2016-05-16 10:00:00,27,14,13
2016-05-16 11:00:00,24,13,11
2016-05-16 12:00:00,17,10,7
2016-05-16 13:00:00,25,18,7
2016-05-16 14:00:00,21,8,13
2016-05-16 15:00:00,57,24,33
2016-05-16 16:00:00,109,33,76
2016-05-16 17:00:00,185,74,111
2016-05-16 18:00:00,110,37,73
2016-05-16 19:00:00,29,8,21
2016-05-16 20:00:00,12,5,7
2016-05-16 21:00:00,19,9,10
2016-05-16 22:00:00,9,7,2
2016-05-16 23:00:00,3,2,1
2016-05-17 00:00:00,1,0,1
2016-05-17 01:00:00,0,0,0
2016-05-17 02:00:00,2,1,1
2016-05-17 03:00:00,0,0,0
2016-05-17 04:00:00,1,0,1
2016-05-17 05:00:00,8,4,4
2016-05-17 06:00:00,53,25,28
2016-05-17 07:00:00,124,53,71
2016-05-17 08:00:00,168,65,103
2016-05-17 09:00:00,94,42,52
2016-05-17 10:00:00,37,20,17
2016-05-17 11:00:00,18,6,12
2016-05-17 12:00:00,37,20,17
2016-05-17 13:00:00,42,22,20
2016-05-17 14:00:00,48,19,29
2016-05-17 15:00:00,61,21,40
2016-05-17 16:00:00,144,42,102
2016-05-17 17:00:00,243,89,154
2016-05-17 18:00:00,120,40,80
2016-05-17 19:00:00,44,12,32
2016-05-17 20:00:00,22,11,11
2016-05-17 21:00:00,19,9,10
2016-05-17 22:00:00,11,7,4
2016-05-17 23:00:00,3,1,2
2016-05-18 00:00:00,4,0,4
2016-05-18 01:00:00,3,1,2
2016-05-18 02:00:00,5,3,2
2016-05-18 03:00:00,1,0,1
2016-05-18 04:00:00,0,0,0
2016-05-18 05:00:00,7,5,2
2016-05-18 06:00:00,44,22,22
2016-05-18 07:00:00,100,41,59
2016-05-18 08:00:00,155,71,84
2016-05-18 09:00:00,98,42,56
2016-05-18 10:00:00,31,14,17
2016-05-18 11:00:00,28,14,14
2016-05-18 12:00:00,42,26,16
2016-05-18 13:00:00,28,12,16
2016-05-18 14:00:00,39,15,24
2016-05-18 15:00:00,62,25,37
2016-05-18 16:00:00,160,47,113
2016-05-18 17:00:00,193,59,134
2016-05-18 18:00:00,93,31,62
2016-05-18 19:00:00,44,18,26
2016-05-18 20:00:00,21,11,10
2016-05-18 21:00:00,12,4,8
2016-05-18 22:00:00,11,5,6
2016-05-18 23:00:00,13,7,6
2016-05-19 00:00:00,7,5,2
2016-05-19 01:00:00,0,0,0
2016-05-19 02:00:00,1,1,0
2016-05-19 03:00:00,0,0,0
2016-05-19 04:00:00,1,0,1
2016-05-19 05:00:00,6,2,4
2016-05-19 06:00:00,22,10,12
2016-05-19 07:00:00,72,34,38
2016-05-19 08:00:00,100,38,62
2016-05-19 09:00:00,78,33,45
2016-05-19 10:00:00,37,19,18
2016-05-19 11:00:00,26,12,14
2016-05-19 12:00:00,27,12,15
2016-05-19 13:00:00,36,15,21
2016-05-19 14:00:00,31,12,19
2016-05-19 15:00:00,56,19,37
2016-05-19 16:00:00,104,28,76
2016-05-19 17:00:00,168,60,108
2016-05-19 18:00:00,71,22,49
2016-05-19 19:00:00,25,16,9
2016-05-19 20:00:00,7,3,4
2016-05-19 21:00:00,7,2,5
2016-05-19 22:00:00,4,2,2
2016-05-19 23:00:00,4,2,2
2016-05-20 00:00:00,4,0,4
2016-05-20 01:00:00,0,0,0
2016-05-20 02:00:00,1,0,1
2016-05-20 03:00:00,5,3,2
2016-05-20 04:00:00,1,0,1
2016-05-20 05:00:00,8,3,5
2016-05-20 06:00:00,52,30,22
2016-05-20 07:00:00,117,57,60
2016-05-20 08:00:00,191,77,114
2016-05-20 09:00:00,101,44,57
2016-05-20 10:00:00,27,14,13
2016-05-20 11:00:00,33,14,19
2016-05-20 12:00:00,42,17,25
2016-05-20 13:00:00,47,21,26
2016-05-20 14:00:00,52,18,34
2016-05-20 15:00:00,84,32,52
2016-05-20 16:00:00,153,45,108
2016-05-20 17:00:00,181,55,126
2016-05-20 18:00:00,104,25,79
2016-05-20 19:00:00,25,7,18
2016-05-20 20:00:00,6,3,3
2016-05-20 21:00:00,17,4,13
2016-05-20 22:00:00,9,5,4
2016-05-20 23:00:00,18,7,11
2016-05-21 00:00:00,7,4,3
2016-05-21 01:00:00,1,0,1
2016-05-21 02:00:00,3,3,0
2016-05-21 03:00:00,3,1,2
2016-05-21 04:00:00,1,0,1
2016-05-21 05:00:00,1,0,1
2016-05-21 06:00:00,4,1,3
2016-05-21 07:00:00,1,0,1
2016-05-21 08:00:00,12,5,7
2016-05-21 09:00:00,6,3,3
2016-05-21 10:00:00,8,1,7
2016-05-21 11:00:00,8,4,4
2016-05-21 12:00:00,8,2,6
2016-05-21 13:00:00,16,6,10
2016-05-21 14:00:00,16,6,10
2016-05-21 15:00:00,18,7,11
2016-05-21 16:00:00,17,9,8
2016-05-21 17:00:00,15,5,10
2016-05-21 18:00:00,28,7,21
2016-05-21 19:00:00,10,3,7
2016-05-21 20:00:00,6,1,5
2016-05-21 21:00:00,17,11,6
2016-05-21 22:00:00,5,4,1
2016-05-21 23:00:00,6,1,5
2016-05-22 00:00:00,2,0,2
2016-05-22 01:00:00,0,0,0
2016-05-22 02:00:00,1,1,0
2016-05-22 03:00:00,2,1,1
2016-05-22 04:00:00,2,1,1
2016-05-22 05:00:00,0,0,0
2016-05-22 06:00:00,2,0,2
2016-05-22 07:00:00,6,2,4
2016-05-22 08:00:00,6,4,2
2016-05-22 09:00:00,5,3,2
2016-05-22 10:00:00,16,8,8
2016-05-22 11:00:00,22,7,15
2016-05-22 12:00:00,27,10,17
2016-05-22 13:00:00,30,8,22
2016-05-22 14:00:00,32,14,18
2016-05-22 15:00:00,32,16,16
2016-05-22 16:00:00,19,8,11
2016-05-22 17:00:00,29,16,13
2016-05-22 18:00:00,17,9,8
2016-05-22 19:00:00,17,4,13
2016-05-22 20:00:00,7,5,2
2016-05-22 21:00:00,1,0,1
2016-05-22 22:00:00,4,3,1
2016-05-22 23:00:00,0,0,0
2016-05-23 00:00:00,0,0,0
2016-05-23 01:00:00,1,1,0
2016-05-23 02:00:00,1,0,1
2016-05-23 03:00:00,0,0,0
2016-05-23 04:00:00,0,0,0
2016-05-23 05:00:00,8,5,3
2016-05-23 06:00:00,37,17,20
2016-05-23 07:00:00,96,50,46
2016-05-23 08:00:00,143,60,83
2016-05-23 09:00:00,88,40,48
2016-05-23 10:00:00,19,9,10
2016-05-23 11:00:00,32,14,18
2016-05-23 12:00:00,27,16,11
2016-05-23 13:00:00,35,16,19
2016-05-23 14:00:00,34,16,18
2016-05-23 15:00:00,52,13,39
2016-05-23 16:00:00,139,52,87
2016-05-23 17:00:00,207,58,149
2016-05-23 18:00:00,97,27,70
2016-05-23 19:00:00,29,9,20
2016-05-23 20:00:00,19,9,10
2016-05-23 21:00:00,9,6,3
2016-05-23 22:00:00,7,3,4
2016-05-23 23:00:00,2,1,1
2016-05-24 00:00:00,3,1,2
2016-05-24 01:00:00,0,0,0
2016-05-24 02:00:00,0,0,0
2016-05-24 03:00:00,0,0,0
2016-05-24 04:00:00,0,0,0
2016-05-24 05:00:00,12,5,7
2016-05-24 06:00:00,48,24,24
2016-05-24 07:00:00,114,61,53
2016-05-24 08:00:00,146,51,95
2016-05-24 09:00:00,87,48,39
2016-05-24 10:00:00,27,12,15
2016-05-24 11:00:00,28,13,15
2016-05-24 12:00:00,37,20,17
2016-05-24 13:00:00,30,14,16
2016-05-24 14:00:00,34,11,23
2016-05-24 15:00:00,53,19,34
2016-05-24 16:00:00,140,39,101
2016-05-24 17:00:00,213,54,159
2016-05-24 18:00:00,131,52,79
2016-05-24 19:00:00,46,19,27
2016-05-24 20:00:00,17,4,13
2016-05-24 21:00:00,10,7,3
2016-05-24 22:00:00,7,3,4
2016-05-24 23:00:00,4,2,2
2016-05-25 00:00:00,2,0,2
2016-05-25 01:00:00,3,2,1
2016-05-25 02:00:00,0,0,0
2016-05-25 03:00:00,0,0,0
2016-05-25 04:00:00,1,0,1
2016-05-25 05:00:00,8,5,3
2016-05-25 06:00:00,38,13,25
2016-05-25 07:00:00,90,42,48
2016-05-25 08:00:00,137,61,76
2016-05-25 09:00:00,77,36,41
2016-05-25 10:00:00,30,19,11
2016-05-25 11:00:00,34,15,19
2016-05-25 12:00:00,48,18,30
2016-05-25 13:00:00,31,12,19
2016-05-25 14:00:00,42,19,23
2016-05-25 15:00:00,77,26,51
2016-05-25 16:00:00,102,31,71
2016-05-25 17:00:00,189,56,133
2016-05-25 18:00:00,102,30,72
2016-05-25 19:00:00,43,14,29
2016-05-25 20:00:00,21,11,10
2016-05-25 21:00:00,12,4,8
2016-05-25 22:00:00,11,5,6
2016-05-25 23:00:00,2,0,2
2016-05-26 00:00:00,5,2,3
2016-05-26 01:00:00,2,1,1
2016-05-26 02:00:00,0,0,0
2016-05-26 03:00:00,1,1,0
2016-05-26 04:00:00,0,0,0
2016-05-26 05:00:00,7,3,4
2016-05-26 06:00:00,32,16,16
2016-05-26 07:00:00,91,40,51
2016-05-26 08:00:00,138,54,84
2016-05-26 09:00:00,59,26,33
2016-05-26 10:00:00,35,16,19
2016-05-26 11:00:00,30,11,19
2016-05-26 12:00:00,39,21,18
2016-05-26 13:00:00,29,15,14
2016-05-26 14:00:00,36,8,28
2016-05-26 15:00:00,48,21,27
2016-05-26 16:00:00,133,33,100
2016-05-26 17:00:00,201,59,142
2016-05-26 18:00:00,74,27,47
2016-05-26 19:00:00,42,21,21
2016-05-26 20:00:00,9,5,4
2016-05-26 21:00:00,18,8,10
2016-05-26 22:00:00,10,2,8
2016-05-26 23:00:00,6,2,4
2016-05-27 00:00:00,0,0,0
2016-05-27 01:00:00,1,1,0
2016-05-27 02:00:00,0,0,0
2016-05-27 03:00:00,1,1,0
2016-05-27 04:00:00,0,0,0
2016-05-27 05:00:00,3,2,1
2016-05-27 06:00:00,21,11,10
2016-05-27 07:00:00,53,20,33
2016-05-27 08:00:00,95,41,54
2016-05-27 09:00:00,64,31,33
2016-05-27 10:00:00,25,13,12
2016-05-27 11:00:00,25,9,16
2016-05-27 12:00:00,35,18,17
2016-05-27 13:00:00,36,14,22
2016-05-27 14:00:00,33,14,19
2016-05-27 15:00:00,69,22,47
2016-05-27 16:00:00,103,28,75
2016-05-27 17:00:00,119,37,82
2016-05-27 18:00:00,55,20,35
2016-05-27 19:00:00,19,8,11
2016-05-27 20:00:00,11,4,7
2016-05-27 21:00:00,6,3,3
2016-05-27 22:00:00,10,7,3
2016-05-27 23:00:00,7,5,2
2016-05-28 00:00:00,1,0,1
2016-05-28 01:00:00,2,1,1
2016-05-28 02:00:00,2,0,2
2016-05-28 03:00:00,0,0,0
2016-05-28 04:00:00,0,0,0
2016-05-28 05:00:00,1,1,0
2016-05-28 06:00:00,2,1,1
2016-05-28 07:00:00,9,5,4
2016-05-28 08:00:00,25,6,19
2016-05-28 09:00:00,13,8,5
2016-05-28 10:00:00,10,3,7
2016-05-28 11:00:00,19,15,4
2016-05-28 12:00:00,19,8,11
2016-05-28 13:00:00,28,16,12
2016-05-28 14:00:00,15,6,9
2016-05-28 15:00:00,14,3,11
2016-05-28 16:00:00,16,8,8
2016-05-28 17:00:00,23,4,19
2016-05-28 18:00:00,9,3,6
2016-05-28 19:00:00,9,3,6
2016-05-28 20:00:00,11,4,7
2016-05-28 21:00:00,3,1,2
2016-05-28 22:00:00,13,4,9
2016-05-28 23:00:00,7,3,4
2016-05-29 00:00:00,6,4,2
2016-05-29 01:00:00,2,1,1
2016-05-29 02:00:00,2,1,1
2016-05-29 03:00:00,0,0,0
2016-05-29 04:00:00,0,0,0
2016-05-29 05:00:00,1,0,1
2016-05-29 06:00:00,2,1,1
2016-05-29 07:00:00,5,0,5
2016-05-29 08:00:00,4,3,1
2016-05-29 09:00:00,2,1,1
2016-05-29 10:00:00,6,3,3
2016-05-29 11:00:00,13,5,8
2016-05-29 12:00:00,16,4,12
2016-05-29 13:00:00,8,6,2
2016-05-29 14:00:00,14,9,5
2016-05-29 15:00:00,19,5,14
2016-05-29 16:00:00,18,10,8
2016-05-29 17:00:00,13,8,5
2016-05-29 18:00:00,16,4,12
2016-05-29 19:00:00,10,4,6
2016-05-29 20:00:00,6,2,4
2016-05-29 21:00:00,11,4,7
2016-05-29 22:00:00,4,4,0
2016-05-29 23:00:00,3,1,2
2016-05-30 00:00:00,4,2,2
2016-05-30 01:00:00,1,0,1
2016-05-30 02:00:00,0,0,0
2016-05-30 03:00:00,2,2,0
2016-05-30 04:00:00,0,0,0
2016-05-30 05:00:00,1,0,1
2016-05-30 06:00:00,5,1,4
2016-05-30 07:00:00,10,6,4
2016-05-30 08:00:00,13,3,10
2016-05-30 09:00:00,17,8,9
2016-05-30 10:00:00,29,10,19
2016-05-30 11:00:00,24,13,11
2016-05-30 12:00:00,33,18,15
2016-05-30 13:00:00,43,15,28
2016-05-30 14:00:00,31,13,18
2016-05-30 15:00:00,43,19,24
2016-05-30 16:00:00,33,20,13
2016-05-30 17:00:00,33,16,17
2016-05-30 18:00:00,24,8,16
2016-05-30 19:00:00,6,3,3
2016-05-30 20:00:00,17,14,3
2016-05-30 21:00:00,19,6,13
2016-05-30 22:00:00,9,6,3
2016-05-30 23:00:00,5,2,3
2016-05-31 00:00:00,2,1,1
2016-05-31 01:00:00,0,0,0
2016-05-31 02:00:00,0,0,0
2016-05-31 03:00:00,7,2,5
2016-05-31 04:00:00,4,1,3
2016-05-31 05:00:00,6,5,1
2016-05-31 06:00:00,40,19,21
2016-05-31 07:00:00,100,42,58
2016-05-31 08:00:00,172,70,102
2016-05-31 09:00:00,69,36,33
2016-05-31 10:00:00,41,22,19
2016-05-31 11:00:00,33,20,13
2016-05-31 12:00:00,51,18,33
2016-05-31 13:00:00,39,25,14
2016-05-31 14:00:00,47,30,17
2016-05-31 15:00:00,72,20,52
2016-05-31 16:00:00,149,42,107
2016-05-31 17:00:00,229,64,165
2016-05-31 18:00:00,96,30,66
2016-05-31 19:00:00,35,9,26
2016-05-31 20:00:00,21,12,9
2016-05-31 21:00:00,19,7,12
2016-05-31 22:00:00,10,1,9
2016-05-31 23:00:00,5,4,1
2016-06-01 00:00:00,1,0,1
2016-06-01 01:00:00,0,0,0
2016-06-01 02:00:00,3,1,2
2016-06-01 03:00:00,1,1,0
2016-06-01 04:00:00,3,1,2
2016-06-01 05:00:00,13,7,6
2016-06-01 06:00:00,50,28,22
2016-06-01 07:00:00,113,50,63
2016-06-01 08:00:00,180,78,102
2016-06-01 09:00:00,87,40,47
2016-06-01 10:00:00,41,13,28
2016-06-01 11:00:00,35,19,16
2016-06-01 12:00:00,38,22,16
2016-06-01 13:00:00,30,8,22
2016-06-01 14:00:00,51,23,28
2016-06-01 15:00:00,70,23,47
2016-06-01 16:00:00,154,51,103
2016-06-01 17:00:00,230,68,162
2016-06-01 18:00:00,117,36,81
2016-06-01 19:00:00,45,18,27
2016-06-01 20:00:00,18,7,11
2016-06-01 21:00:00,7,2,5
2016-06-01 22:00:00,9,5,4
2016-06-01 23:00:00,7,5,2
2016-06-02 00:00:00,2,1,1
2016-06-02 01:00:00,0,0,0
2016-06-02 02:00:00,1,1,0
2016-06-02 03:00:00,0,0,0
2016-06-02 04:00:00,0,0,0
2016-06-02 05:00:00,9,7,2
2016-06-02 06:00:00,39,22,17
2016-06-02 07:00:00,86,38,48
2016-06-02 08:00:00,116,57,59
2016-06-02 09:00:00,85,38,47
2016-06-02 10:00:00,36,12,24
2016-06-02 11:00:00,30,10,20
2016-06-02 12:00:00,36,19,17
2016-06-02 13:00:00,32,16,16
2016-06-02 14:00:00,37,16,21
2016-06-02 15:00:00,55,18,37
2016-06-02 16:00:00,122,32,90
2016-06-02 17:00:00,207,50,157
2016-06-02 18:00:00,99,40,59
2016-06-02 19:00:00,58,18,40
2016-06-02 20:00:00,23,6,17
2016-06-02 21:00:00,12,7,5
2016-06-02 22:00:00,9,8,1
2016-06-02 23:00:00,2,2,0
2016-06-03 00:00:00,2,1,1
2016-06-03 01:00:00,0,0,0
2016-06-03 02:00:00,1,0,1
2016-06-03 03:00:00,0,0,0
2016-06-03 04:00:00,1,0,1
2016-06-03 05:00:00,9,5,4
2016-06-03 06:00:00,34,18,16
2016-06-03 07:00:00,87,47,40
2016-06-03 08:00:00,128,52,76
2016-06-03 09:00:00,81,28,53
2016-06-03 10:00:00,33,18,15
2016-06-03 11:00:00,40,16,24
2016-06-03 12:00:00,30,16,14
2016-06-03 13:00:00,37,16,21
2016-06-03 14:00:00,45,21,24
2016-06-03 15:00:00,86,25,61
2016-06-03 16:00:00,132,43,89
2016-06-03 17:00:00,163,48,115
2016-06-03 18:00:00,101,41,60
2016-06-03 19:00:00,24,10,14
2016-06-03 20:00:00,14,6,8
2016-06-03 21:00:00,12,4,8
2016-06-03 22:00:00,3,0,3
2016-06-03 23:00:00,6,3,3
2016-06-04 00:00:00,5,3,2
2016-06-04 01:00:00,5,2,3
2016-06-04 02:00:00,4,1,3
2016-06-04 03:00:00,1,1,0
2016-06-04 04:00:00,1,0,1
2016-06-04 05:00:00,2,1,1
2016-06-04 06:00:00,2,1,1
2016-06-04 07:00:00,8,2,6
2016-06-04 08:00:00,11,10,1
2016-06-04 09:00:00,10,6,4
2016-06-04 10:00:00,9,8,1
2016-06-04 11:00:00,14,4,10
2016-06-04 12:00:00,31,13,18
2016-06-04 13:00:00,25,11,14
2016-06-04 14:00:00,25,12,13
2016-06-04 15:00:00,41,11,30
2016-06-04 16:00:00,47,14,33
2016-06-04 17:00:00,26,12,14
2016-06-04 18:00:00,31,20,11
2016-06-04 19:00:00,16,10,6
2016-06-04 20:00:00,16,8,8
2016-06-04 21:00:00,14,7,7
2016-06-04 22:00:00,7,2,5
2016-06-04 23:00:00,5,3,2
2016-06-05 00:00:00,5,0,5
2016-06-05 01:00:00,9,3,6
2016-06-05 02:00:00,1,0,1
2016-06-05 03:00:00,0,0,0
2016-06-05 04:00:00,2,1,1
2016-06-05 05:00:00,1,0,1
2016-06-05 06:00:00,2,1,1
2016-06-05 07:00:00,4,2,2
2016-06-05 08:00:00,5,3,2
2016-06-05 09:00:00,14,8,6
2016-06-05 10:00:00,7,4,3
2016-06-05 11:00:00,7,3,4
2016-06-05 12:00:00,20,8,12
2016-06-05 13:00:00,36,15,21
2016-06-05 14:00:00,29,19,10
2016-06-05 15:00:00,31,14,17
2016-06-05 16:00:00,25,10,15
2016-06-05 17:00:00,30,16,14
2016-06-05 18:00:00,19,8,11
2016-06-05 19:00:00,17,4,13
2016-06-05 20:00:00,10,8,2
2016-06-05 21:00:00,13,5,8
2016-06-05 22:00:00,9,3,6
2016-06-05 23:00:00,1,1,0
2016-06-06 00:00:00,4,1,3
2016-06-06 01:00:00,1,0,1
2016-06-06 02:00:00,2,0,2
2016-06-06 03:00:00,0,0,0
2016-06-06 04:00:00,1,1,0
2016-06-06 05:00:00,9,7,2
2016-06-06 06:00:00,47,27,20
2016-06-06 07:00:00,107,44,63
2016-06-06 08:00:00,152,79,73
2016-06-06 09:00:00,79,34,45
2016-06-06 10:00:00,25,15,10
2016-06-06 11:00:00,30,13,17
2016-06-06 12:00:00,22,10,12
2016-06-06 13:00:00,25,12,13
2016-06-06 14:00:00,37,10,27
2016-06-06 15:00:00,55,17,38
2016-06-06 16:00:00,147,39,108
2016-06-06 17:00:00,219,68,151
2016-06-06 18:00:00,121,37,84
2016-06-06 19:00:00,34,10,24
2016-06-06 20:00:00,17,5,12
2016-06-06 21:00:00,22,10,12
2016-06-06 22:00:00,8,2,6
2016-06-06 23:00:00,1,0,1
2016-06-07 00:00:00,6,1,5
2016-06-07 01:00:00,0,0,0
2016-06-07 02:00:00,2,1,1
2016-06-07 03:00:00,0,0,0
2016-06-07 04:00:00,0,0,0
2016-06-07 05:00:00,8,5,3
2016-06-07 06:00:00,43,19,24
2016-06-07 07:00:00,112,49,63
2016-06-07 08:00:00,138,69,69
2016-06-07 09:00:00,86,42,44
2016-06-07 10:00:00,33,18,15
2016-06-07 11:00:00,36,21,15
2016-06-07 12:00:00,50,28,22
2016-06-07 13:00:00,44,17,27
2016-06-07 14:00:00,40,16,24
2016-06-07 15:00:00,51,22,29
2016-06-07 16:00:00,167,52,115
2016-06-07 17:00:00,230,62,168
2016-06-07 18:00:00,134,34,100
2016-06-07 19:00:00,41,18,23
2016-06-07 20:00:00,26,13,13
2016-06-07 21:00:00,31,8,23
2016-06-07 22:00:00,13,10,3
2016-06-07 23:00:00,1,0,1
2016-06-08 00:00:00,9,4,5
2016-06-08 01:00:00,1,0,1
2016-06-08 02:00:00,1,1,0
2016-06-08 03:00:00,0,0,0
2016-06-08 04:00:00,0,0,0
2016-06-08 05:00:00,10,7,3
2016-06-08 06:00:00,45,17,28
2016-06-08 07:00:00,105,43,62
2016-06-08 08:00:00,153,69,84
2016-06-08 09:00:00,83,42,41
2016-06-08 10:00:00,32,13,19
2016-06-08 11:00:00,35,14,21
2016-06-08 12:00:00,44,24,20
2016-06-08 13:00:00,35,17,18
2016-06-08 14:00:00,36,13,23
2016-06-08 15:00:00,52,16,36
2016-06-08 16:00:00,118,35,83
2016-06-08 17:00:00,198,60,138
2016-06-08 18:00:00,116,31,85
2016-06-08 19:00:00,35,11,24
2016-06-08 20:00:00,31,16,15
2016-06-08 21:00:00,16,7,9
2016-06-08 22:00:00,10,6,4
2016-06-08 23:00:00,4,1,3
2016-06-09 00:00:00,2,1,1
2016-06-09 01:00:00,3,3,0
2016-06-09 02:00:00,2,1,1
2016-06-09 03:00:00,0,0,0
2016-06-09 04:00:00,1,0,1
2016-06-09 05:00:00,7,6,1
2016-06-09 06:00:00,29,16,13
2016-06-09 07:00:00,90,43,47
2016-06-09 08:00:00,124,53,71
2016-06-09 09:00:00,79,32,47
2016-06-09 10:00:00,37,21,16
2016-06-09 11:00:00,28,16,12
2016-06-09 12:00:00,27,14,13
2016-06-09 13:00:00,35,13,22
2016-06-09 14:00:00,34,15,19
2016-06-09 15:00:00,46,21,25
2016-06-09 16:00:00,128,31,97
2016-06-09 17:00:00,188,57,131
2016-06-09 18:00:00,94,29,65
2016-06-09 19:00:00,51,19,32
2016-06-09 20:00:00,19,4,15
2016-06-09 21:00:00,8,3,5
2016-06-09 22:00:00,7,6,1
2016-06-09 23:00:00,4,3,1
2016-06-10 00:00:00,0,0,0
2016-06-10 01:00:00,2,0,2
2016-06-10 02:00:00,0,0,0
2016-06-10 03:00:00,1,1,0
2016-06-10 04:00:00,1,0,1
2016-06-10 05:00:00,6,3,3
2016-06-10 06:00:00,35,17,18
2016-06-10 07:00:00,48,25,23
2016-06-10 08:00:00,114,53,61
2016-06-10 09:00:00,56,33,23
2016-06-10 10:00:00,29,15,14
2016-06-10 11:00:00,30,11,19
2016-06-10 12:00:00,31,16,15
2016-06-10 13:00:00,46,20,26
2016-06-10 14:00:00,41,12,29
2016-06-10 15:00:00,58,22,36
2016-06-10 16:00:00,113,39,74
2016-06-10 17:00:00,136,37,99
2016-06-10 18:00:00,58,14,44
2016-06-10 19:00:00,30,12,18
2016-06-10 20:00:00,19,10,9
2016-06-10 21:00:00,9,4,5
2016-06-10 22:00:00,12,3,9
2016-06-10 23:00:00,3,2,1
2016-06-11 00:00:00,2,0,2
2016-06-11 01:00:00,2,0,2
2016-06-11 02:00:00,0,0,0
2016-06-11 03:00:00,0,0,0
2016-06-11 04:00:00,0,0,0
2016-06-11 05:00:00,0,0,0
2016-06-11 06:00:00,5,2,3
2016-06-11 07:00:00,3,2,1
2016-06-11 08:00:00,11,5,6
2016-06-11 09:00:00,14,7,7
2016-06-11 10:00:00,13,9,4
2016-06-11 11:00:00,18,4,14
2016-06-11 12:00:00,16,9,7
2016-06-11 13:00:00,31,15,16
2016-06-11 14:00:00,24,15,9
2016-06-11 15:00:00,27,11,16
2016-06-11 16:00:00,21,8,13
2016-06-11 17:00:00,25,10,15
2016-06-11 18:00:00,22,9,13
2016-06-11 19:00:00,17,10,7
2016-06-11 20:00:00,13,8,5
2016-06-11 21:00:00,5,5,0
2016-06-11 22:00:00,9,6,3
2016-06-11 23:00:00,8,3,5
2016-06-12 00:00:00,6,4,2
2016-06-12 01:00:00,2,1,1
2016-06-12 02:00:00,3,1,2
2016-06-12 03:00:00,0,0,0
2016-06-12 04:00:00,0,0,0
2016-06-12 05:00:00,0,0,0
2016-06-12 06:00:00,1,1,0
2016-06-12 07:00:00,3,2,1
2016-06-12 08:00:00,10,5,5
2016-06-12 09:00:00,16,3,13
2016-06-12 10:00:00,15,4,11
2016-06-12 11:00:00,32,10,22
2016-06-12 12:00:00,39,14,25
2016-06-12 13:00:00,29,6,23
2016-06-12 14:00:00,21,11,10
2016-06-12 15:00:00,17,10,7
2016-06-12 16:00:00,38,17,21
2016-06-12 17:00:00,19,8,11
2016-06-12 18:00:00,25,10,15
2016-06-12 19:00:00,23,10,13
2016-06-12 20:00:00,10,2,8
2016-06-12 21:00:00,7,4,3
2016-06-12 22:00:00,1,0,1
2016-06-12 23:00:00,2,2,0
2016-06-13 00:00:00,5,0,5
2016-06-13 01:00:00,0,0,0
2016-06-13 02:00:00,2,0,2
2016-06-13 03:00:00,0,0,0
2016-06-13 04:00:00,2,0,2
2016-06-13 05:00:00,13,7,6
2016-06-13 06:00:00,33,20,13
2016-06-13 07:00:00,94,35,59
2016-06-13 08:00:00,119,58,61
2016-06-13 09:00:00,66,27,39
2016-06-13 10:00:00,29,16,13
2016-06-13 11:00:00,19,10,9
2016-06-13 12:00:00,30,13,17
2016-06-13 13:00:00,26,9,17
2016-06-13 14:00:00,39,18,21
2016-06-13 15:00:00,48,20,28
2016-06-13 16:00:00,112,26,86
2016-06-13 17:00:00,180,52,128
2016-06-13 18:00:00,96,30,66
2016-06-13 19:00:00,37,19,18
2016-06-13 20:00:00,7,4,3
2016-06-13 21:00:00,13,5,8
2016-06-13 22:00:00,8,6,2
2016-06-13 23:00:00,3,2,1
2016-06-14 00:00:00,4,2,2
2016-06-14 01:00:00,0,0,0
2016-06-14 02:00:00,1,1,0
2016-06-14 03:00:00,0,0,0
2016-06-14 04:00:00,0,0,0
2016-06-14 05:00:00,4,4,0
2016-06-14 06:00:00,23,12,11
2016-06-14 07:00:00,62,24,38
2016-06-14 08:00:00,105,56,49
2016-06-14 09:00:00,59,25,34
2016-06-14 10:00:00,24,13,11
2016-06-14 11:00:00,23,10,13
2016-06-14 12:00:00,37,23,14
2016-06-14 13:00:00,31,12,19
2016-06-14 14:00:00,43,23,20
2016-06-14 15:00:00,51,24,27
2016-06-14 16:00:00,98,25,73
2016-06-14 17:00:00,182,51,131
2016-06-14 18:00:00,89,21,68
2016-06-14 19:00:00,33,10,23
2016-06-14 20:00:00,16,7,9
2016-06-14 21:00:00,27,17,10
2016-06-14 22:00:00,4,2,2
2016-06-14 23:00:00,4,2,2
2016-06-15 00:00:00,6,4,2
2016-06-15 01:00:00,1,1,0
2016-06-15 02:00:00,0,0,0
2016-06-15 03:00:00,0,0,0
2016-06-15 04:00:00,0,0,0
2016-06-15 05:00:00,9,5,4
2016-06-15 06:00:00,37,18,19
2016-06-15 07:00:00,98,45,53
2016-06-15 08:00:00,144,64,80
2016-06-15 09:00:00,73,40,33
2016-06-15 10:00:00,32,16,16
2016-06-15 11:00:00,34,15,19
2016-06-15 12:00:00,37,21,16
2016-06-15 13:00:00,38,13,25
2016-06-15 14:00:00,44,19,25
2016-06-15 15:00:00,67,28,39
2016-06-15 16:00:00,120,41,79
2016-06-15 17:00:00,213,63,150
2016-06-15 18:00:00,116,33,83
2016-06-15 19:00:00,35,12,23
2016-06-15 20:00:00,16,7,9
2016-06-15 21:00:00,12,5,7
2016-06-15 22:00:00,8,6,2
2016-06-15 23:00:00,1,0,1
2016-06-16 00:00:00,5,3,2
2016-06-16 01:00:00,3,1,2
2016-06-16 02:00:00,1,0,1
2016-06-16 03:00:00,0,0,0
2016-06-16 04:00:00,0,0,0
2016-06-16 05:00:00,8,6,2
2016-06-16 06:00:00,31,16,15
2016-06-16 07:00:00,93,42,51
2016-06-16 08:00:00,140,68,72
2016-06-16 09:00:00,72,51,21
2016-06-16 10:00:00,48,31,17
2016-06-16 11:00:00,28,9,19
2016-06-16 12:00:00,28,20,8
2016-06-16 13:00:00,49,29,20
2016-06-16 14:00:00,49,28,21
2016-06-16 15:00:00,85,27,58
2016-06-16 16:00:00,135,36,99
2016-06-16 17:00:00,270,77,193
2016-06-16 18:00:00,114,31,83
2016-06-16 19:00:00,32,15,17
2016-06-16 20:00:00,32,18,14
2016-06-16 21:00:00,29,20,9
2016-06-16 22:00:00,17,13,4
2016-06-16 23:00:00,7,4,3
2016-06-17 00:00:00,6,3,3
2016-06-17 01:00:00,1,0,1
2016-06-17 02:00:00,0,0,0
2016-06-17 03:00:00,0,0,0
2016-06-17 04:00:00,3,1,2
2016-06-17 05:00:00,8,4,4
2016-06-17 06:00:00,32,18,14
2016-06-17 07:00:00,83,31,52
2016-06-17 08:00:00,120,49,71
2016-06-17 09:00:00,63,38,25
2016-06-17 10:00:00,26,11,15
2016-06-17 11:00:00,56,23,33
2016-06-17 12:00:00,44,19,25
2016-06-17 13:00:00,39,15,24
2016-06-17 14:00:00,50,20,30
2016-06-17 15:00:00,73,29,44
2016-06-17 16:00:00,99,34,65
2016-06-17 17:00:00,121,42,79
2016-06-17 18:00:00,84,37,47
2016-06-17 19:00:00,24,10,14
2016-06-17 20:00:00,14,5,9
2016-06-17 21:00:00,7,3,4
2016-06-17 22:00:00,4,1,3
2016-06-17 23:00:00,3,3,0
2016-06-18 00:00:00,1,1,0
2016-06-18 01:00:00,0,0,0
2016-06-18 02:00:00,1,0,1
2016-06-18 03:00:00,0,0,0
2016-06-18 04:00:00,2,1,1
2016-06-18 05:00:00,2,2,0
2016-06-18 06:00:00,5,1,4
2016-06-18 07:00:00,5,2,3
2016-06-18 08:00:00,14,7,7
2016-06-18 09:00:00,14,13,1
2016-06-18 10:00:00,6,5,1
2016-06-18 11:00:00,15,10,5
2016-06-18 12:00:00,12,5,7
2016-06-18 13:00:00,29,15,14
2016-06-18 14:00:00,20,14,6
2016-06-18 15:00:00,8,2,6
2016-06-18 16:00:00,23,7,16
2016-06-18 17:00:00,16,3,13
2016-06-18 18:00:00,22,6,16
2016-06-18 19:00:00,10,7,3
2016-06-18 20:00:00,7,3,4
2016-06-18 21:00:00,8,2,6
2016-06-18 22:00:00,7,4,3
2016-06-18 23:00:00,4,2,2
2016-06-19 00:00:00,6,4,2
2016-06-19 01:00:00,2,0,2
2016-06-19 02:00:00,1,0,1
2016-06-19 03:00:00,2,0,2
2016-06-19 04:00:00,1,0,1
2016-06-19 05:00:00,0,0,0
2016-06-19 06:00:00,5,0,5
2016-06-19 07:00:00,8,3,5
2016-06-19 08:00:00,18,9,9
2016-06-19 09:00:00,15,6,9
2016-06-19 10:00:00,15,6,9
2016-06-19 11:00:00,27,8,19
2016-06-19 12:00:00,23,11,12
2016-06-19 13:00:00,34,24,10
2016-06-19 14:00:00,23,7,16
2016-06-19 15:00:00,24,11,13
2016-06-19 16:00:00,13,3,10
2016-06-19 17:00:00,17,9,8
2016-06-19 18:00:00,17,7,10
2016-06-19 19:00:00,9,5,4
2016-06-19 20:00:00,15,9,6
2016-06-19 21:00:00,7,4,3
2016-06-19 22:00:00,4,3,1
2016-06-19 23:00:00,8,7,1
2016-06-20 00:00:00,2,2,0
2016-06-20 01:00:00,1,0,1
2016-06-20 02:00:00,3,2,1
2016-06-20 03:00:00,0,0,0
2016-06-20 04:00:00,4,1,3
2016-06-20 05:00:00,12,5,7
2016-06-20 06:00:00,35,14,21
2016-06-20 07:00:00,92,38,54
2016-06-20 08:00:00,136,56,80
2016-06-20 09:00:00,81,43,38
2016-06-20 10:00:00,35,20,15
2016-06-20 11:00:00,27,16,11
2016-06-20 12:00:00,33,17,16
2016-06-20 13:00:00,23,8,15
2016-06-20 14:00:00,24,11,13
2016-06-20 15:00:00,48,17,31
2016-06-20 16:00:00,131,34,97
2016-06-20 17:00:00,190,52,138
2016-06-20 18:00:00,110,42,68
2016-06-20 19:00:00,43,16,27
2016-06-20 20:00:00,16,5,11
2016-06-20 21:00:00,16,8,8
2016-06-20 22:00:00,0,0,0
2016-06-20 23:00:00,1,0,1
2016-06-21 00:00:00,3,1,2
2016-06-21 01:00:00,0,0,0
2016-06-21 02:00:00,1,0,1
2016-06-21 03:00:00,2,1,1
2016-06-21 04:00:00,0,0,0
2016-06-21 05:00:00,12,5,7
2016-06-21 06:00:00,34,11,23
2016-06-21 07:00:00,88,37,51
2016-06-21 08:00:00,139,59,80
2016-06-21 09:00:00,64,31,33
2016-06-21 10:00:00,29,11,18
2016-06-21 11:00:00,28,14,14
2016-06-21 12:00:00,50,31,19
2016-06-21 13:00:00,35,19,16
2016-06-21 14:00:00,52,27,25
2016-06-21 15:00:00,55,18,37
2016-06-21 16:00:00,122,38,84
2016-06-21 17:00:00,197,64,133
2016-06-21 18:00:00,105,33,72
2016-06-21 19:00:00,39,15,24
2016-06-21 20:00:00,32,14,18
2016-06-21 21:00:00,17,3,14
2016-06-21 22:00:00,5,1,4
2016-06-21 23:00:00,15,8,7
2016-06-22 00:00:00,4,2,2
2016-06-22 01:00:00,0,0,0
2016-06-22 02:00:00,1,0,1
2016-06-22 03:00:00,0,0,0
2016-06-22 04:00:00,0,0,0
2016-06-22 05:00:00,11,8,3
2016-06-22 06:00:00,39,19,20
2016-06-22 07:00:00,100,34,66
2016-06-22 08:00:00,129,57,72
2016-06-22 09:00:00,79,35,44
2016-06-22 10:00:00,32,10,22
2016-06-22 11:00:00,31,15,16
2016-06-22 12:00:00,39,22,17
2016-06-22 13:00:00,36,15,21
2016-06-22 14:00:00,59,20,39
2016-06-22 15:00:00,71,29,42
2016-06-22 16:00:00,129,39,90
2016-06-22 17:00:00,220,72,148
2016-06-22 18:00:00,118,42,76
2016-06-22 19:00:00,41,15,26
2016-06-22 20:00:00,29,12,17
2016-06-22 21:00:00,19,6,13
2016-06-22 22:00:00,6,1,5
2016-06-22 23:00:00,9,5,4
2016-06-23 00:00:00,5,1,4
2016-06-23 01:00:00,0,0,0
2016-06-23 02:00:00,2,1,1
2016-06-23 03:00:00,2,1,1
2016-06-23 04:00:00,0,0,0
2016-06-23 05:00:00,9,6,3
2016-06-23 06:00:00,22,10,12
2016-06-23 07:00:00,41,21,20
2016-06-23 08:00:00,86,40,46
2016-06-23 09:00:00,56,28,28
2016-06-23 10:00:00,33,17,16
2016-06-23 11:00:00,22,15,7
2016-06-23 12:00:00,37,21,16
2016-06-23 13:00:00,31,11,20
2016-06-23 14:00:00,30,12,18
2016-06-23 15:00:00,41,12,29
2016-06-23 16:00:00,89,27,62
2016-06-23 17:00:00,128,34,94
2016-06-23 18:00:00,62,23,39
2016-06-23 19:00:00,33,14,19
2016-06-23 20:00:00,14,2,12
2016-06-23 21:00:00,7,3,4
2016-06-23 22:00:00,1,1,0
2016-06-23 23:00:00,4,1,3
2016-06-24 00:00:00,2,2,0
2016-06-24 01:00:00,0,0,0
2016-06-24 02:00:00,1,0,1
2016-06-24 03:00:00,1,1,0
2016-06-24 04:00:00,1,0,1
2016-06-24 05:00:00,6,2,4
2016-06-24 06:00:00,30,18,12
2016-06-24 07:00:00,41,25,16
2016-06-24 08:00:00,86,34,52
2016-06-24 09:00:00,44,20,24
2016-06-24 10:00:00,34,20,14
2016-06-24 11:00:00,18,10,8
2016-06-24 12:00:00,40,21,19
2016-06-24 13:00:00,31,12,19
2016-06-24 14:00:00,39,11,28
2016-06-24 15:00:00,62,17,45
2016-06-24 16:00:00,101,28,73
2016-06-24 17:00:00,124,45,79
2016-06-24 18:00:00,71,23,48
2016-06-24 19:00:00,22,15,7
2016-06-24 20:00:00,7,5,2
2016-06-24 21:00:00,15,6,9
2016-06-24 22:00:00,10,6,4
2016-06-24 23:00:00,6,1,5
2016-06-25 00:00:00,5,4,1
2016-06-25 01:00:00,1,0,1
2016-06-25 02:00:00,1,0,1
2016-06-25 03:00:00,1,0,1
2016-06-25 04:00:00,2,1,1
2016-06-25 05:00:00,2,2,0
2016-06-25 06:00:00,4,0,4
2016-06-25 07:00:00,7,4,3
2016-06-25 08:00:00,23,7,16
2016-06-25 09:00:00,16,8,8
2016-06-25 10:00:00,17,6,11
2016-06-25 11:00:00,17,5,12
2016-06-25 12:00:00,36,10,26
2016-06-25 13:00:00,78,26,52
2016-06-25 14:00:00,24,4,20
2016-06-25 15:00:00,31,14,17
2016-06-25 16:00:00,49,30,19
2016-06-25 17:00:00,26,14,12
2016-06-25 18:00:00,31,13,18
2016-06-25 19:00:00,27,12,15
2016-06-25 20:00:00,24,11,13
2016-06-25 21:00:00,7,3,4
2016-06-25 22:00:00,30,15,15
2016-06-25 23:00:00,13,7,6
2016-06-26 00:00:00,4,0,4
2016-06-26 01:00:00,4,2,2
2016-06-26 02:00:00,5,4,1
2016-06-26 03:00:00,0,0,0
2016-06-26 04:00:00,1,0,1
2016-06-26 05:00:00,1,1,0
2016-06-26 06:00:00,5,2,3
2016-06-26 07:00:00,7,5,2
2016-06-26 08:00:00,6,3,3
2016-06-26 09:00:00,16,7,9
2016-06-26 10:00:00,27,19,8
2016-06-26 11:00:00,31,25,6
2016-06-26 12:00:00,37,19,18
2016-06-26 13:00:00,24,12,12
2016-06-26 14:00:00,28,9,19
2016-06-26 15:00:00,44,20,24
2016-06-26 16:00:00,47,19,28
2016-06-26 17:00:00,35,17,18
2016-06-26 18:00:00,21,5,16
2016-06-26 19:00:00,24,14,10
2016-06-26 20:00:00,15,8,7
2016-06-26 21:00:00,5,2,3
2016-06-26 22:00:00,4,2,2
2016-06-26 23:00:00,4,1,3
2016-06-27 00:00:00,8,3,5
2016-06-27 01:00:00,1,0,1
2016-06-27 02:00:00,0,0,0
2016-06-27 03:00:00,1,0,1
2016-06-27 04:00:00,2,1,1
2016-06-27 05:00:00,12,7,5
2016-06-27 06:00:00,31,18,13
2016-06-27 07:00:00,116,59,57
2016-06-27 08:00:00,137,64,73
2016-06-27 09:00:00,71,44,27
2016-06-27 10:00:00,29,14,15
2016-06-27 11:00:00,32,14,18
2016-06-27 12:00:00,32,16,16
2016-06-27 13:00:00,35,21,14
2016-06-27 14:00:00,32,13,19
2016-06-27 15:00:00,53,18,35
2016-06-27 16:00:00,135,31,104
2016-06-27 17:00:00,197,59,138
2016-06-27 18:00:00,105,38,67
2016-06-27 19:00:00,39,17,22
2016-06-27 20:00:00,23,8,15
2016-06-27 21:00:00,14,6,8
2016-06-27 22:00:00,7,4,3
2016-06-27 23:00:00,4,1,3
2016-06-28 00:00:00,8,3,5
2016-06-28 01:00:00,0,0,0
2016-06-28 02:00:00,2,0,2
2016-06-28 03:00:00,1,0,1
2016-06-28 04:00:00,2,1,1
2016-06-28 05:00:00,13,6,7
2016-06-28 06:00:00,43,18,25
2016-06-28 07:00:00,106,52,54
2016-06-28 08:00:00,133,56,77
2016-06-28 09:00:00,85,39,46
2016-06-28 10:00:00,39,17,22
2016-06-28 11:00:00,34,19,15
2016-06-28 12:00:00,31,17,14
2016-06-28 13:00:00,32,12,20
2016-06-28 14:00:00,29,10,19
2016-06-28 15:00:00,65,21,44
2016-06-28 16:00:00,134,40,94
2016-06-28 17:00:00,185,57,128
2016-06-28 18:00:00,119,54,65
2016-06-28 19:00:00,42,18,24
2016-06-28 20:00:00,31,13,18
2016-06-28 21:00:00,16,6,10
2016-06-28 22:00:00,12,7,5
2016-06-28 23:00:00,5,1,4
2016-06-29 00:00:00,4,2,2
2016-06-29 01:00:00,0,0,0
2016-06-29 02:00:00,1,0,1
2016-06-29 03:00:00,0,0,0
2016-06-29 04:00:00,2,0,2
2016-06-29 05:00:00,10,4,6
2016-06-29 06:00:00,47,26,21
2016-06-29 07:00:00,92,42,50
2016-06-29 08:00:00,137,63,74
2016-06-29 09:00:00,85,40,45
2016-06-29 10:00:00,32,18,14
2016-06-29 11:00:00,31,15,16
2016-06-29 12:00:00,37,12,25
2016-06-29 13:00:00,45,31,14
2016-06-29 14:00:00,45,17,28
2016-06-29 15:00:00,62,19,43
2016-06-29 16:00:00,138,49,89
2016-06-29 17:00:00,194,60,134
2016-06-29 18:00:00,113,39,74
2016-06-29 19:00:00,43,14,29
2016-06-29 20:00:00,27,7,20
2016-06-29 21:00:00,15,9,6
2016-06-29 22:00:00,18,12,6
2016-06-29 23:00:00,3,2,1
2016-06-30 00:00:00,3,1,2
2016-06-30 01:00:00,0,0,0
2016-06-30 02:00:00,2,1,1
2016-06-30 03:00:00,0,0,0
2016-06-30 04:00:00,2,1,1
2016-06-30 05:00:00,9,5,4
2016-06-30 06:00:00,37,18,19
2016-06-30 07:00:00,85,41,44
2016-06-30 08:00:00,131,54,77
2016-06-30 09:00:00,69,39,30
2016-06-30 10:00:00,42,19,23
2016-06-30 11:00:00,32,12,20
2016-06-30 12:00:00,44,24,20
2016-06-30 13:00:00,34,15,19
2016-06-30 14:00:00,44,15,29
2016-06-30 15:00:00,72,22,50
2016-06-30 16:00:00,127,38,89
2016-06-30 17:00:00,195,62,133
2016-06-30 18:00:00,105,31,74
2016-06-30 19:00:00,45,13,32
2016-06-30 20:00:00,16,5,11
2016-06-30 21:00:00,25,6,19
2016-06-30 22:00:00,11,9,2
2016-06-30 23:00:00,12,3,9
2016-07-01 00:00:00,4,2,2
2016-07-01 01:00:00,1,1,0
2016-07-01 02:00:00,3,0,3
2016-07-01 03:00:00,0,0,0
2016-07-01 04:00:00,3,1,2
2016-07-01 05:00:00,6,3,3
2016-07-01 06:00:00,44,20,24
2016-07-01 07:00:00,59,33,26
2016-07-01 08:00:00,98,38,60
2016-07-01 09:00:00,66,31,35
2016-07-01 10:00:00,30,22,8
2016-07-01 11:00:00,29,12,17
2016-07-01 12:00:00,38,22,16
2016-07-01 13:00:00,42,17,25
2016-07-01 14:00:00,50,20,30
2016-07-01 15:00:00,82,25,57
2016-07-01 16:00:00,122,44,78
2016-07-01 17:00:00,115,35,80
2016-07-01 18:00:00,83,16,67
2016-07-01 19:00:00,31,10,21
2016-07-01 20:00:00,21,9,12
2016-07-01 21:00:00,17,7,10
2016-07-01 22:00:00,16,13,3
2016-07-01 23:00:00,1,0,1
2016-07-02 00:00:00,5,4,1
2016-07-02 01:00:00,6,1,5
2016-07-02 02:00:00,1,0,1
2016-07-02 03:00:00,0,0,0
2016-07-02 04:00:00,1,1,0
2016-07-02 05:00:00,0,0,0
2016-07-02 06:00:00,5,0,5
2016-07-02 07:00:00,8,4,4
2016-07-02 08:00:00,18,5,13
2016-07-02 09:00:00,17,2,15
2016-07-02 10:00:00,23,11,12
2016-07-02 11:00:00,22,4,18
2016-07-02 12:00:00,33,16,17
2016-07-02 13:00:00,22,13,9
2016-07-02 14:00:00,19,7,12
2016-07-02 15:00:00,45,20,25
2016-07-02 16:00:00,22,8,14
2016-07-02 17:00:00,29,8,21
2016-07-02 18:00:00,12,2,10
2016-07-02 19:00:00,13,6,7
2016-07-02 20:00:00,21,12,9
2016-07-02 21:00:00,12,4,8
2016-07-02 22:00:00,7,5,2
2016-07-02 23:00:00,9,5,4
2016-07-03 00:00:00,0,0,0
2016-07-03 01:00:00,4,2,2
2016-07-03 02:00:00,2,1,1
2016-07-03 03:00:00,0,0,0
2016-07-03 04:00:00,0,0,0
2016-07-03 05:00:00,0,0,0
2016-07-03 06:00:00,3,1,2
2016-07-03 07:00:00,8,3,5
2016-07-03 08:00:00,7,4,3
2016-07-03 09:00:00,8,1,7
2016-07-03 10:00:00,13,8,5
2016-07-03 11:00:00,16,6,10
2016-07-03 12:00:00,29,11,18
2016-07-03 13:00:00,21,9,12
2016-07-03 14:00:00,17,9,8
2016-07-03 15:00:00,35,3,32
2016-07-03 16:00:00,30,16,14
2016-07-03 17:00:00,21,14,7
2016-07-03 18:00:00,18,10,8
2016-07-03 19:00:00,11,8,3
2016-07-03 20:00:00,15,7,8
2016-07-03 21:00:00,12,7,5
2016-07-03 22:00:00,6,2,4
2016-07-03 23:00:00,1,0,1
2016-07-04 00:00:00,1,1,0
2016-07-04 01:00:00,0,0,0
2016-07-04 02:00:00,1,0,1
2016-07-04 03:00:00,0,0,0
2016-07-04 04:00:00,0,0,0
2016-07-04 05:00:00,0,0,0
2016-07-04 06:00:00,0,0,0
2016-07-04 07:00:00,10,2,8
2016-07-04 08:00:00,9,4,5
2016-07-04 09:00:00,12,4,8
2016-07-04 10:00:00,19,11,8
2016-07-04 11:00:00,18,9,9
2016-07-04 12:00:00,12,8,4
2016-07-04 13:00:00,25,16,9
2016-07-04 14:00:00,20,9,11
2016-07-04 15:00:00,15,7,8
2016-07-04 16:00:00,16,7,9
2016-07-04 17:00:00,14,7,7
2016-07-04 18:00:00,17,8,9
2016-07-04 19:00:00,13,6,7
2016-07-04 20:00:00,6,2,4
2016-07-04 21:00:00,9,7,2
2016-07-04 22:00:00,7,5,2
2016-07-04 23:00:00,10,0,10
2016-07-05 00:00:00,10,0,10
2016-07-05 01:00:00,1,0,1
2016-07-05 02:00:00,1,1,0
2016-07-05 03:00:00,0,0,0
2016-07-05 04:00:00,2,1,1
2016-07-05 05:00:00,9,5,4
2016-07-05 06:00:00,20,9,11
2016-07-05 07:00:00,54,28,26
2016-07-05 08:00:00,108,47,61
2016-07-05 09:00:00,53,27,26
2016-07-05 10:00:00,31,16,15
2016-07-05 11:00:00,22,11,11
2016-07-05 12:00:00,38,16,22
2016-07-05 13:00:00,30,16,14
2016-07-05 14:00:00,30,6,24
2016-07-05 15:00:00,53,22,31
2016-07-05 16:00:00,92,28,64
2016-07-05 17:00:00,151,41,110
2016-07-05 18:00:00,85,30,55
2016-07-05 19:00:00,43,15,28
2016-07-05 20:00:00,20,10,10
2016-07-05 21:00:00,23,15,8
2016-07-05 22:00:00,12,8,4
2016-07-05 23:00:00,2,0,2
2016-07-06 00:00:00,7,4,3
2016-07-06 01:00:00,3,2,1
2016-07-06 02:00:00,2,2,0
2016-07-06 03:00:00,0,0,0
2016-07-06 04:00:00,2,1,1
2016-07-06 05:00:00,23,11,12
2016-07-06 06:00:00,29,14,15
2016-07-06 07:00:00,91,41,50
2016-07-06 08:00:00,147,63,84
2016-07-06 09:00:00,68,35,33
2016-07-06 10:00:00,26,16,10
2016-07-06 11:00:00,27,14,13
2016-07-06 12:00:00,34,18,16
2016-07-06 13:00:00,36,14,22
2016-07-06 14:00:00,34,16,18
2016-07-06 15:00:00,50,15,35
2016-07-06 16:00:00,130,48,82
2016-07-06 17:00:00,194,52,142
2016-07-06 18:00:00,112,36,76
2016-07-06 19:00:00,46,21,25
2016-07-06 20:00:00,27,9,18
2016-07-06 21:00:00,16,5,11
2016-07-06 22:00:00,9,3,6
2016-07-06 23:00:00,8,4,4
2016-07-07 00:00:00,3,2,1
2016-07-07 01:00:00,1,1,0
2016-07-07 02:00:00,0,0,0
2016-07-07 03:00:00,0,0,0
2016-07-07 04:00:00,3,1,2
2016-07-07 05:00:00,10,5,5
2016-07-07 06:00:00,30,19,11
2016-07-07 07:00:00,60,31,29
2016-07-07 08:00:00,111,54,57
2016-07-07 09:00:00,67,28,39
2016-07-07 10:00:00,31,15,16
2016-07-07 11:00:00,25,15,10
2016-07-07 12:00:00,32,16,16
2016-07-07 13:00:00,29,16,13
2016-07-07 14:00:00,33,16,17
2016-07-07 15:00:00,49,14,35
2016-07-07 16:00:00,114,33,81
2016-07-07 17:00:00,154,44,110
2016-07-07 18:00:00,74,25,49
2016-07-07 19:00:00,28,15,13
2016-07-07 20:00:00,21,8,13
2016-07-07 21:00:00,12,7,5
2016-07-07 22:00:00,8,4,4
2016-07-07 23:00:00,2,1,1
2016-07-08 00:00:00,2,2,0
2016-07-08 01:00:00,1,1,0
2016-07-08 02:00:00,0,0,0
2016-07-08 03:00:00,0,0,0
2016-07-08 04:00:00,2,1,1
2016-07-08 05:00:00,2,2,0
2016-07-08 06:00:00,26,10,16
2016-07-08 07:00:00,59,26,33
2016-07-08 08:00:00,87,33,54
2016-07-08 09:00:00,49,26,23
2016-07-08 10:00:00,18,13,5
2016-07-08 11:00:00,26,17,9
2016-07-08 12:00:00,37,19,18
2016-07-08 13:00:00,40,19,21
2016-07-08 14:00:00,35,13,22
2016-07-08 15:00:00,45,10,35
2016-07-08 16:00:00,97,34,63
2016-07-08 17:00:00,123,38,85
2016-07-08 18:00:00,76,21,55
2016-07-08 19:00:00,28,12,16
2016-07-08 20:00:00,21,11,10
2016-07-08 21:00:00,10,2,8
2016-07-08 22:00:00,4,0,4
2016-07-08 23:00:00,6,3,3
2016-07-09 00:00:00,2,1,1
2016-07-09 01:00:00,3,1,2
2016-07-09 02:00:00,1,1,0
2016-07-09 03:00:00,0,0,0
2016-07-09 04:00:00,2,0,2
2016-07-09 05:00:00,3,1,2
2016-07-09 06:00:00,1,0,1
2016-07-09 07:00:00,12,5,7
2016-07-09 08:00:00,24,9,15
2016-07-09 09:00:00,24,11,13
2016-07-09 10:00:00,36,12,24
2016-07-09 11:00:00,63,7,56
2016-07-09 12:00:00,43,15,28
2016-07-09 13:00:00,32,21,11
2016-07-09 14:00:00,61,48,13
2016-07-09 15:00:00,40,25,15
2016-07-09 16:00:00,32,16,16
2016-07-09 17:00:00,25,10,15
2016-07-09 18:00:00,28,12,16
2016-07-09 19:00:00,14,9,5
2016-07-09 20:00:00,17,9,8
2016-07-09 21:00:00,8,4,4
2016-07-09 22:00:00,4,3,1
2016-07-09 23:00:00,5,3,2
2016-07-10 00:00:00,2,0,2
2016-07-10 01:00:00,3,1,2
2016-07-10 02:00:00,1,0,1
2016-07-10 03:00:00,0,0,0
2016-07-10 04:00:00,0,0,0
2016-07-10 05:00:00,3,0,3
2016-07-10 06:00:00,2,2,0
2016-07-10 07:00:00,5,4,1
2016-07-10 08:00:00,9,2,7
2016-07-10 09:00:00,12,6,6
2016-07-10 10:00:00,19,11,8
2016-07-10 11:00:00,25,6,19
2016-07-10 12:00:00,29,10,19
2016-07-10 13:00:00,25,10,15
2016-07-10 14:00:00,32,13,19
2016-07-10 15:00:00,30,11,19
2016-07-10 16:00:00,49,31,18
2016-07-10 17:00:00,27,11,16
2016-07-10 18:00:00,22,6,16
2016-07-10 19:00:00,13,5,8
2016-07-10 20:00:00,8,5,3
2016-07-10 21:00:00,4,2,2
2016-07-10 22:00:00,3,3,0
2016-07-10 23:00:00,1,1,0
2016-07-11 00:00:00,4,0,4
2016-07-11 01:00:00,0,0,0
2016-07-11 02:00:00,2,1,1
2016-07-11 03:00:00,0,0,0
2016-07-11 04:00:00,2,1,1
2016-07-11 05:00:00,8,6,2
2016-07-11 06:00:00,28,16,12
2016-07-11 07:00:00,93,40,53
2016-07-11 08:00:00,137,58,79
2016-07-11 09:00:00,67,39,28
2016-07-11 10:00:00,29,18,11
2016-07-11 11:00:00,30,16,14
2016-07-11 12:00:00,33,15,18
2016-07-11 13:00:00,32,17,15
2016-07-11 14:00:00,28,12,16
2016-07-11 15:00:00,51,17,34
2016-07-11 16:00:00,121,38,83
2016-07-11 17:00:00,201,59,142
2016-07-11 18:00:00,75,32,43
2016-07-11 19:00:00,37,11,26
2016-07-11 20:00:00,26,15,11
2016-07-11 21:00:00,13,6,7
2016-07-11 22:00:00,2,1,1
2016-07-11 23:00:00,2,0,2
2016-07-12 00:00:00,2,0,2
2016-07-12 01:00:00,1,0,1
2016-07-12 02:00:00,0,0,0
2016-07-12 03:00:00,0,0,0
2016-07-12 04:00:00,2,1,1
2016-07-12 05:00:00,12,4,8
2016-07-12 06:00:00,34,21,13
2016-07-12 07:00:00,102,45,57
2016-07-12 08:00:00,136,53,83
2016-07-12 09:00:00,90,54,36
2016-07-12 10:00:00,29,19,10
2016-07-12 11:00:00,38,20,18
2016-07-12 12:00:00,49,28,21
2016-07-12 13:00:00,35,16,19
2016-07-12 14:00:00,37,20,17
2016-07-12 15:00:00,65,20,45
2016-07-12 16:00:00,125,36,89
2016-07-12 17:00:00,209,70,139
2016-07-12 18:00:00,118,42,76
2016-07-12 19:00:00,52,24,28
2016-07-12 20:00:00,13,6,7
2016-07-12 21:00:00,16,5,11
2016-07-12 22:00:00,8,4,4
2016-07-12 23:00:00,9,6,3
2016-07-13 00:00:00,2,0,2
2016-07-13 01:00:00,2,1,1
2016-07-13 02:00:00,3,1,2
2016-07-13 03:00:00,0,0,0
2016-07-13 04:00:00,0,0,0
2016-07-13 05:00:00,3,1,2
2016-07-13 06:00:00,37,21,16
2016-07-13 07:00:00,95,36,59
2016-07-13 08:00:00,126,59,67
2016-07-13 09:00:00,72,43,29
2016-07-13 10:00:00,41,21,20
2016-07-13 11:00:00,31,14,17
2016-07-13 12:00:00,37,19,18
2016-07-13 13:00:00,36,20,16
2016-07-13 14:00:00,38,16,22
2016-07-13 15:00:00,62,22,40
2016-07-13 16:00:00,150,42,108
2016-07-13 17:00:00,200,61,139
2016-07-13 18:00:00,147,39,108
2016-07-13 19:00:00,65,17,48
2016-07-13 20:00:00,29,10,19
2016-07-13 21:00:00,37,30,7
2016-07-13 22:00:00,13,7,6
2016-07-13 23:00:00,4,3,1
2016-07-14 00:00:00,4,3,1
2016-07-14 01:00:00,0,0,0
2016-07-14 02:00:00,2,1,1
2016-07-14 03:00:00,0,0,0
2016-07-14 04:00:00,2,1,1
2016-07-14 05:00:00,9,6,3
2016-07-14 06:00:00,22,9,13
2016-07-14 07:00:00,96,42,54
2016-07-14 08:00:00,138,58,80
2016-07-14 09:00:00,89,39,50
2016-07-14 10:00:00,47,21,26
2016-07-14 11:00:00,41,21,20
2016-07-14 12:00:00,53,24,29
2016-07-14 13:00:00,30,11,19
2016-07-14 14:00:00,45,25,20
2016-07-14 15:00:00,64,30,34
2016-07-14 16:00:00,130,33,97
2016-07-14 17:00:00,185,56,129
2016-07-14 18:00:00,106,39,67
2016-07-14 19:00:00,59,21,38
2016-07-14 20:00:00,27,9,18
2016-07-14 21:00:00,25,15,10
2016-07-14 22:00:00,7,7,0
2016-07-14 23:00:00,7,4,3
2016-07-15 00:00:00,7,2,5
2016-07-15 01:00:00,1,1,0
2016-07-15 02:00:00,4,3,1
2016-07-15 03:00:00,1,1,0
2016-07-15 04:00:00,0,0,0
2016-07-15 05:00:00,6,4,2
2016-07-15 06:00:00,27,12,15
2016-07-15 07:00:00,74,37,37
2016-07-15 08:00:00,124,38,86
2016-07-15 09:00:00,61,39,22
2016-07-15 10:00:00,31,15,16
2016-07-15 11:00:00,38,18,20
2016-07-15 12:00:00,42,21,21
2016-07-15 13:00:00,43,18,25
2016-07-15 14:00:00,51,21,30
2016-07-15 15:00:00,72,28,44
2016-07-15 16:00:00,155,47,108
2016-07-15 17:00:00,144,38,106
2016-07-15 18:00:00,80,22,58
2016-07-15 19:00:00,24,11,13
2016-07-15 20:00:00,21,12,9
2016-07-15 21:00:00,20,11,9
2016-07-15 22:00:00,21,11,10
2016-07-15 23:00:00,3,2,1
2016-07-16 00:00:00,7,3,4
2016-07-16 01:00:00,3,1,2
2016-07-16 02:00:00,0,0,0
2016-07-16 03:00:00,4,1,3
2016-07-16 04:00:00,2,0,2
2016-07-16 05:00:00,2,1,1
2016-07-16 06:00:00,0,0,0
2016-07-16 07:00:00,5,1,4
2016-07-16 08:00:00,16,7,9
2016-07-16 09:00:00,17,3,14
2016-07-16 10:00:00,18,6,12
2016-07-16 11:00:00,24,3,21
2016-07-16 12:00:00,42,10,32
2016-07-16 13:00:00,27,12,15
2016-07-16 14:00:00,37,11,26
2016-07-16 15:00:00,42,12,30
2016-07-16 16:00:00,36,16,20
2016-07-16 17:00:00,39,18,21
2016-07-16 18:00:00,29,16,13
2016-07-16 19:00:00,19,12,7
2016-07-16 20:00:00,12,5,7
2016-07-16 21:00:00,16,6,10
2016-07-16 22:00:00,9,3,6
2016-07-16 23:00:00,5,3,2
2016-07-17 00:00:00,4,1,3
2016-07-17 01:00:00,2,1,1
2016-07-17 02:00:00,2,0,2
2016-07-17 03:00:00,4,2,2
2016-07-17 04:00:00,1,0,1
2016-07-17 05:00:00,2,2,0
2016-07-17 06:00:00,8,2,6
2016-07-17 07:00:00,5,2,3
2016-07-17 08:00:00,8,2,6
2016-07-17 09:00:00,9,2,7
2016-07-17 10:00:00,18,5,13
2016-07-17 11:00:00,22,6,16
2016-07-17 12:00:00,46,9,37
2016-07-17 13:00:00,25,7,18
2016-07-17 14:00:00,29,10,19
2016-07-17 15:00:00,42,16,26
2016-07-17 16:00:00,42,23,19
2016-07-17 17:00:00,22,15,7
2016-07-17 18:00:00,17,8,9
2016-07-17 19:00:00,13,7,6
2016-07-17 20:00:00,11,3,8
2016-07-17 21:00:00,9,6,3
2016-07-17 22:00:00,7,6,1
2016-07-17 23:00:00,1,1,0
2016-07-18 00:00:00,6,3,3
2016-07-18 01:00:00,0,0,0
2016-07-18 02:00:00,0,0,0
2016-07-18 03:00:00,0,0,0
2016-07-18 04:00:00,2,1,1
2016-07-18 05:00:00,16,9,7
2016-07-18 06:00:00,33,15,18
2016-07-18 07:00:00,106,45,61
2016-07-18 08:00:00,136,50,86
2016-07-18 09:00:00,71,35,36
2016-07-18 10:00:00,28,15,13
2016-07-18 11:00:00,25,14,11
2016-07-18 12:00:00,34,18,16
2016-07-18 13:00:00,19,6,13
2016-07-18 14:00:00,25,7,18
2016-07-18 15:00:00,62,26,36
2016-07-18 16:00:00,134,38,96
2016-07-18 17:00:00,189,56,133
2016-07-18 18:00:00,92,32,60
2016-07-18 19:00:00,36,16,20
2016-07-18 20:00:00,14,4,10
2016-07-18 21:00:00,15,6,9
2016-07-18 22:00:00,15,8,7
2016-07-18 23:00:00,5,3,2
2016-07-19 00:00:00,1,0,1
2016-07-19 01:00:00,0,0,0
2016-07-19 02:00:00,2,2,0
2016-07-19 03:00:00,1,1,0
2016-07-19 04:00:00,1,0,1
2016-07-19 05:00:00,16,11,5
2016-07-19 06:00:00,35,19,16
2016-07-19 07:00:00,99,40,59
2016-07-19 08:00:00,146,52,94
2016-07-19 09:00:00,66,32,34
2016-07-19 10:00:00,27,15,12
2016-07-19 11:00:00,38,24,14
2016-07-19 12:00:00,38,24,14
2016-07-19 13:00:00,35,19,16
2016-07-19 14:00:00,25,11,14
2016-07-19 15:00:00,58,21,37
2016-07-19 16:00:00,127,33,94
2016-07-19 17:00:00,224,76,148
2016-07-19 18:00:00,109,34,75
2016-07-19 19:00:00,46,17,29
2016-07-19 20:00:00,31,12,19
2016-07-19 21:00:00,16,9,7
2016-07-19 22:00:00,22,19,3
2016-07-19 23:00:00,6,3,3
2016-07-20 00:00:00,4,2,2
2016-07-20 01:00:00,3,2,1
2016-07-20 02:00:00,2,2,0
2016-07-20 03:00:00,2,1,1
2016-07-20 04:00:00,2,1,1
2016-07-20 05:00:00,23,16,7
2016-07-20 06:00:00,37,16,21
2016-07-20 07:00:00,90,36,54
2016-07-20 08:00:00,148,68,80
2016-07-20 09:00:00,88,38,50
2016-07-20 10:00:00,39,21,18
2016-07-20 11:00:00,28,16,12
2016-07-20 12:00:00,70,26,44
2016-07-20 13:00:00,27,14,13
2016-07-20 14:00:00,32,10,22
2016-07-20 15:00:00,56,19,37
2016-07-20 16:00:00,114,33,81
2016-07-20 17:00:00,225,65,160
2016-07-20 18:00:00,115,37,78
2016-07-20 19:00:00,38,15,23
2016-07-20 20:00:00,25,11,14
2016-07-20 21:00:00,20,9,11
2016-07-20 22:00:00,16,9,7
2016-07-20 23:00:00,4,3,1
2016-07-21 00:00:00,1,0,1
2016-07-21 01:00:00,0,0,0
2016-07-21 02:00:00,2,0,2
2016-07-21 03:00:00,1,0,1
2016-07-21 04:00:00,6,5,1
2016-07-21 05:00:00,10,7,3
2016-07-21 06:00:00,38,20,18
2016-07-21 07:00:00,92,40,52
2016-07-21 08:00:00,139,52,87
2016-07-21 09:00:00,78,39,39
2016-07-21 10:00:00,35,17,18
2016-07-21 11:00:00,44,18,26
2016-07-21 12:00:00,53,20,33
2016-07-21 13:00:00,44,23,21
2016-07-21 14:00:00,36,17,19
2016-07-21 15:00:00,63,21,42
2016-07-21 16:00:00,151,43,108
2016-07-21 17:00:00,185,66,119
2016-07-21 18:00:00,107,34,73
2016-07-21 19:00:00,46,14,32
2016-07-21 20:00:00,27,9,18
2016-07-21 21:00:00,17,10,7
2016-07-21 22:00:00,11,5,6
2016-07-21 23:00:00,9,4,5
2016-07-22 00:00:00,3,1,2
2016-07-22 01:00:00,3,1,2
2016-07-22 02:00:00,0,0,0
2016-07-22 03:00:00,1,1,0
2016-07-22 04:00:00,1,1,0
2016-07-22 05:00:00,3,2,1
2016-07-22 06:00:00,17,6,11
2016-07-22 07:00:00,29,11,18
2016-07-22 08:00:00,48,19,29
2016-07-22 09:00:00,42,19,23
2016-07-22 10:00:00,43,28,15
2016-07-22 11:00:00,36,14,22
2016-07-22 12:00:00,30,16,14
2016-07-22 13:00:00,38,20,18
2016-07-22 14:00:00,28,14,14
2016-07-22 15:00:00,45,17,28
2016-07-22 16:00:00,68,31,37
2016-07-22 17:00:00,82,29,53
2016-07-22 18:00:00,44,23,21
2016-07-22 19:00:00,26,8,18
2016-07-22 20:00:00,23,8,15
2016-07-22 21:00:00,7,3,4
2016-07-22 22:00:00,5,3,2
2016-07-22 23:00:00,3,2,1
2016-07-23 00:00:00,2,1,1
2016-07-23 01:00:00,2,0,2
2016-07-23 02:00:00,2,1,1
2016-07-23 03:00:00,2,1,1
2016-07-23 04:00:00,2,1,1
2016-07-23 05:00:00,2,0,2
2016-07-23 06:00:00,2,0,2
2016-07-23 07:00:00,3,1,2
2016-07-23 08:00:00,12,7,5
2016-07-23 09:00:00,22,7,15
2016-07-23 10:00:00,14,3,11
2016-07-23 11:00:00,26,6,20
2016-07-23 12:00:00,21,10,11
2016-07-23 13:00:00,45,25,20
2016-07-23 14:00:00,28,11,17
2016-07-23 15:00:00,53,26,27
2016-07-23 16:00:00,34,13,21
2016-07-23 17:00:00,32,11,21
2016-07-23 18:00:00,32,15,17
2016-07-23 19:00:00,23,14,9
2016-07-23 20:00:00,31,12,19
2016-07-23 21:00:00,14,6,8
2016-07-23 22:00:00,7,6,1
2016-07-23 23:00:00,13,7,6
2016-07-24 00:00:00,6,4,2
2016-07-24 01:00:00,0,0,0
2016-07-24 02:00:00,1,1,0
2016-07-24 03:00:00,0,0,0
2016-07-24 04:00:00,2,1,1
2016-07-24 05:00:00,4,0,4
2016-07-24 06:00:00,1,0,1
2016-07-24 07:00:00,7,2,5
2016-07-24 08:00:00,14,4,10
2016-07-24 09:00:00,17,8,9
2016-07-24 10:00:00,25,10,15
2016-07-24 11:00:00,29,9,20
2016-07-24 12:00:00,40,22,18
2016-07-24 13:00:00,30,20,10
2016-07-24 14:00:00,40,17,23
2016-07-24 15:00:00,26,11,15
2016-07-24 16:00:00,32,20,12
2016-07-24 17:00:00,24,9,15
2016-07-24 18:00:00,23,13,10
2016-07-24 19:00:00,30,19,11
2016-07-24 20:00:00,11,6,5
2016-07-24 21:00:00,19,13,6
2016-07-24 22:00:00,3,2,1
2016-07-24 23:00:00,0,0,0
2016-07-25 00:00:00,3,0,3
2016-07-25 01:00:00,0,0,0
2016-07-25 02:00:00,3,2,1
2016-07-25 03:00:00,1,1,0
2016-07-25 04:00:00,2,2,0
2016-07-25 05:00:00,6,2,4
2016-07-25 06:00:00,26,16,10
2016-07-25 07:00:00,111,43,68
2016-07-25 08:00:00,123,55,68
2016-07-25 09:00:00,81,46,35
2016-07-25 10:00:00,27,16,11
2016-07-25 11:00:00,30,12,18
2016-07-25 12:00:00,39,15,24
2016-07-25 13:00:00,34,14,20
2016-07-25 14:00:00,30,16,14
2016-07-25 15:00:00,62,19,43
2016-07-25 16:00:00,145,35,110
2016-07-25 17:00:00,204,69,135
2016-07-25 18:00:00,112,35,77
2016-07-25 19:00:00,31,14,17
2016-07-25 20:00:00,23,7,16
2016-07-25 21:00:00,17,5,12
2016-07-25 22:00:00,11,2,9
2016-07-25 23:00:00,6,1,5
2016-07-26 00:00:00,6,2,4
2016-07-26 01:00:00,3,1,2
2016-07-26 02:00:00,0,0,0
2016-07-26 03:00:00,0,0,0
2016-07-26 04:00:00,2,1,1
2016-07-26 05:00:00,9,5,4
2016-07-26 06:00:00,32,20,12
2016-07-26 07:00:00,109,49,60
2016-07-26 08:00:00,144,65,79
2016-07-26 09:00:00,82,46,36
2016-07-26 10:00:00,36,24,12
2016-07-26 11:00:00,33,17,16
2016-07-26 12:00:00,31,12,19
2016-07-26 13:00:00,32,9,23
2016-07-26 14:00:00,40,13,27
2016-07-26 15:00:00,46,18,28
2016-07-26 16:00:00,169,58,111
2016-07-26 17:00:00,222,68,154
2016-07-26 18:00:00,113,44,69
2016-07-26 19:00:00,51,21,30
2016-07-26 20:00:00,29,12,17
2016-07-26 21:00:00,11,7,4
2016-07-26 22:00:00,10,1,9
2016-07-26 23:00:00,6,3,3
2016-07-27 00:00:00,6,1,5
2016-07-27 01:00:00,1,0,1
2016-07-27 02:00:00,2,1,1
2016-07-27 03:00:00,2,1,1
2016-07-27 04:00:00,1,1,0
2016-07-27 05:00:00,9,5,4
2016-07-27 06:00:00,34,15,19
2016-07-27 07:00:00,98,37,61
2016-07-27 08:00:00,154,65,89
2016-07-27 09:00:00,72,33,39
2016-07-27 10:00:00,39,22,17
2016-07-27 11:00:00,34,15,19
2016-07-27 12:00:00,46,22,24
2016-07-27 13:00:00,47,21,26
2016-07-27 14:00:00,45,19,26
2016-07-27 15:00:00,71,27,44
2016-07-27 16:00:00,136,39,97
2016-07-27 17:00:00,198,67,131
2016-07-27 18:00:00,113,32,81
2016-07-27 19:00:00,40,10,30
2016-07-27 20:00:00,33,17,16
2016-07-27 21:00:00,11,3,8
2016-07-27 22:00:00,13,7,6
2016-07-27 23:00:00,2,2,0
2016-07-28 00:00:00,3,2,1
2016-07-28 01:00:00,1,0,1
2016-07-28 02:00:00,2,0,2
2016-07-28 03:00:00,0,0,0
2016-07-28 04:00:00,2,2,0
2016-07-28 05:00:00,8,5,3
2016-07-28 06:00:00,31,18,13
2016-07-28 07:00:00,96,34,62
2016-07-28 08:00:00,122,57,65
2016-07-28 09:00:00,68,29,39
2016-07-28 10:00:00,43,21,22
2016-07-28 11:00:00,39,15,24
2016-07-28 12:00:00,43,20,23
2016-07-28 13:00:00,36,19,17
2016-07-28 14:00:00,43,20,23
2016-07-28 15:00:00,72,32,40
2016-07-28 16:00:00,144,37,107
2016-07-28 17:00:00,190,56,134
2016-07-28 18:00:00,126,47,79
2016-07-28 19:00:00,65,20,45
2016-07-28 20:00:00,31,5,26
2016-07-28 21:00:00,17,5,12
2016-07-28 22:00:00,11,4,7
2016-07-28 23:00:00,12,5,7
2016-07-29 00:00:00,6,5,1
2016-07-29 01:00:00,3,0,3
2016-07-29 02:00:00,4,1,3
2016-07-29 03:00:00,0,0,0
2016-07-29 04:00:00,1,1,0
2016-07-29 05:00:00,5,4,1
2016-07-29 06:00:00,26,11,15
2016-07-29 07:00:00,100,43,57
2016-07-29 08:00:00,117,42,75
2016-07-29 09:00:00,71,39,32
2016-07-29 10:00:00,42,19,23
2016-07-29 11:00:00,32,13,19
2016-07-29 12:00:00,43,16,27
2016-07-29 13:00:00,47,17,30
2016-07-29 14:00:00,48,17,31
2016-07-29 15:00:00,61,28,33
2016-07-29 16:00:00,131,30,101
2016-07-29 17:00:00,157,56,101
2016-07-29 18:00:00,86,31,55
2016-07-29 19:00:00,41,21,20
2016-07-29 20:00:00,17,8,9
2016-07-29 21:00:00,14,7,7
2016-07-29 22:00:00,7,3,4
2016-07-29 23:00:00,3,1,2
2016-07-30 00:00:00,6,0,6
2016-07-30 01:00:00,2,0,2
2016-07-30 02:00:00,2,2,0
2016-07-30 03:00:00,1,1,0
2016-07-30 04:00:00,1,1,0
2016-07-30 05:00:00,1,0,1
2016-07-30 06:00:00,7,3,4
2016-07-30 07:00:00,14,3,11
2016-07-30 08:00:00,23,9,14
2016-07-30 09:00:00,20,12,8
2016-07-30 10:00:00,23,4,19
2016-07-30 11:00:00,29,9,20
2016-07-30 12:00:00,46,20,26
2016-07-30 13:00:00,53,27,26
2016-07-30 14:00:00,28,13,15
2016-07-30 15:00:00,47,31,16
2016-07-30 16:00:00,36,19,17
2016-07-30 17:00:00,37,19,18
2016-07-30 18:00:00,35,18,17
2016-07-30 19:00:00,16,9,7
2016-07-30 20:00:00,12,7,5
2016-07-30 21:00:00,12,6,6
2016-07-30 22:00:00,28,10,18
2016-07-30 23:00:00,6,4,2
2016-07-31 00:00:00,3,1,2
2016-07-31 01:00:00,0,0,0
2016-07-31 02:00:00,3,2,1
2016-07-31 03:00:00,0,0,0
2016-07-31 04:00:00,1,0,1
2016-07-31 05:00:00,2,1,1
2016-07-31 06:00:00,8,2,6
2016-07-31 07:00:00,6,2,4
2016-07-31 08:00:00,7,0,7
2016-07-31 09:00:00,12,6,6
2016-07-31 10:00:00,18,9,9
2016-07-31 11:00:00,38,12,26
2016-07-31 12:00:00,80,14,66
2016-07-31 13:00:00,31,8,23
2016-07-31 14:00:00,21,9,12
2016-07-31 15:00:00,57,42,15
2016-07-31 16:00:00,21,13,8
2016-07-31 17:00:00,26,12,14
2016-07-31 18:00:00,21,8,13
2016-07-31 19:00:00,13,7,6
2016-07-31 20:00:00,12,4,8
2016-07-31 21:00:00,10,6,4
2016-07-31 22:00:00,8,3,5
2016-07-31 23:00:00,2,1,1
2016-08-01 00:00:00,3,1,2
2016-08-01 01:00:00,1,0,1
2016-08-01 02:00:00,3,1,2
2016-08-01 03:00:00,0,0,0
2016-08-01 04:00:00,2,1,1
2016-08-01 05:00:00,13,5,8
2016-08-01 06:00:00,26,12,14
2016-08-01 07:00:00,92,33,59
2016-08-01 08:00:00,124,45,79
2016-08-01 09:00:00,78,38,40
2016-08-01 10:00:00,30,23,7
2016-08-01 11:00:00,33,16,17
2016-08-01 12:00:00,39,19,20
2016-08-01 13:00:00,31,20,11
2016-08-01 14:00:00,33,12,21
2016-08-01 15:00:00,45,14,31
2016-08-01 16:00:00,146,47,99
2016-08-01 17:00:00,193,50,143
2016-08-01 18:00:00,120,40,80
2016-08-01 19:00:00,44,13,31
2016-08-01 20:00:00,26,13,13
2016-08-01 21:00:00,16,8,8
2016-08-01 22:00:00,15,11,4
2016-08-01 23:00:00,6,3,3
2016-08-02 00:00:00,5,3,2
2016-08-02 01:00:00,1,1,0
2016-08-02 02:00:00,0,0,0
2016-08-02 03:00:00,0,0,0
2016-08-02 04:00:00,1,1,0
2016-08-02 05:00:00,8,4,4
2016-08-02 06:00:00,32,23,9
2016-08-02 07:00:00,57,22,35
2016-08-02 08:00:00,129,53,76
2016-08-02 09:00:00,61,31,30
2016-08-02 10:00:00,26,17,9
2016-08-02 11:00:00,30,19,11
2016-08-02 12:00:00,40,23,17
2016-08-02 13:00:00,33,14,19
2016-08-02 14:00:00,27,11,16
2016-08-02 15:00:00,39,18,21
2016-08-02 16:00:00,126,38,88
2016-08-02 17:00:00,188,55,133
2016-08-02 18:00:00,112,42,70
2016-08-02 19:00:00,40,18,22
2016-08-02 20:00:00,15,5,10
2016-08-02 21:00:00,14,10,4
2016-08-02 22:00:00,19,12,7
2016-08-02 23:00:00,10,3,7
2016-08-03 00:00:00,3,1,2
2016-08-03 01:00:00,1,1,0
2016-08-03 02:00:00,3,0,3
2016-08-03 03:00:00,1,1,0
2016-08-03 04:00:00,1,1,0
2016-08-03 05:00:00,6,4,2
2016-08-03 06:00:00,37,21,16
2016-08-03 07:00:00,88,34,54
2016-08-03 08:00:00,141,53,88
2016-08-03 09:00:00,80,35,45
2016-08-03 10:00:00,29,14,15
2016-08-03 11:00:00,33,8,25
2016-08-03 12:00:00,44,23,21
2016-08-03 13:00:00,40,18,22
2016-08-03 14:00:00,46,25,21
2016-08-03 15:00:00,61,20,41
2016-08-03 16:00:00,137,42,95
2016-08-03 17:00:00,197,64,133
2016-08-03 18:00:00,113,35,78
2016-08-03 19:00:00,56,21,35
2016-08-03 20:00:00,27,9,18
2016-08-03 21:00:00,27,16,11
2016-08-03 22:00:00,15,11,4
2016-08-03 23:00:00,4,3,1
2016-08-04 00:00:00,2,0,2
2016-08-04 01:00:00,0,0,0
2016-08-04 02:00:00,0,0,0
2016-08-04 03:00:00,2,2,0
2016-08-04 04:00:00,0,0,0
2016-08-04 05:00:00,8,6,2
2016-08-04 06:00:00,36,22,14
2016-08-04 07:00:00,102,37,65
2016-08-04 08:00:00,120,43,77
2016-08-04 09:00:00,85,43,42
2016-08-04 10:00:00,41,17,24
2016-08-04 11:00:00,41,15,26
2016-08-04 12:00:00,45,21,24
2016-08-04 13:00:00,47,21,26
2016-08-04 14:00:00,52,22,30
2016-08-04 15:00:00,75,27,48
2016-08-04 16:00:00,139,35,104
2016-08-04 17:00:00,207,60,147
2016-08-04 18:00:00,137,36,101
2016-08-04 19:00:00,52,18,34
2016-08-04 20:00:00,43,17,26
2016-08-04 21:00:00,24,15,9
2016-08-04 22:00:00,17,11,6
2016-08-04 23:00:00,18,15,3
2016-08-05 00:00:00,6,5,1
2016-08-05 01:00:00,1,1,0
2016-08-05 02:00:00,1,1,0
2016-08-05 03:00:00,0,0,0
2016-08-05 04:00:00,0,0,0
2016-08-05 05:00:00,5,1,4
2016-08-05 06:00:00,24,14,10
2016-08-05 07:00:00,79,34,45
2016-08-05 08:00:00,121,51,70
2016-08-05 09:00:00,72,36,36
2016-08-05 10:00:00,36,18,18
2016-08-05 11:00:00,43,18,25
2016-08-05 12:00:00,39,22,17
2016-08-05 13:00:00,63,29,34
2016-08-05 14:00:00,61,25,36
2016-08-05 15:00:00,68,22,46
2016-08-05 16:00:00,139,45,94
2016-08-05 17:00:00,149,53,96
2016-08-05 18:00:00,90,26,64
2016-08-05 19:00:00,26,17,9
2016-08-05 20:00:00,16,8,8
2016-08-05 21:00:00,10,5,5
2016-08-05 22:00:00,16,12,4
2016-08-05 23:00:00,4,4,0
2016-08-06 00:00:00,3,3,0
2016-08-06 01:00:00,3,2,1
2016-08-06 02:00:00,3,2,1
2016-08-06 03:00:00,1,0,1
2016-08-06 04:00:00,0,0,0
2016-08-06 05:00:00,3,1,2
2016-08-06 06:00:00,2,0,2
2016-08-06 07:00:00,9,3,6
2016-08-06 08:00:00,26,7,19
2016-08-06 09:00:00,11,2,9
2016-08-06 10:00:00,18,9,9
2016-08-06 11:00:00,26,9,17
2016-08-06 12:00:00,51,9,42
2016-08-06 13:00:00,34,16,18
2016-08-06 14:00:00,31,13,18
2016-08-06 15:00:00,32,13,19
2016-08-06 16:00:00,39,22,17
2016-08-06 17:00:00,28,10,18
2016-08-06 18:00:00,24,10,14
2016-08-06 19:00:00,27,9,18
2016-08-06 20:00:00,24,14,10
2016-08-06 21:00:00,9,7,2
2016-08-06 22:00:00,14,8,6
2016-08-06 23:00:00,22,12,10
2016-08-07 00:00:00,11,7,4
2016-08-07 01:00:00,5,5,0
2016-08-07 02:00:00,6,3,3
2016-08-07 03:00:00,0,0,0
2016-08-07 04:00:00,3,2,1
2016-08-07 05:00:00,1,1,0
2016-08-07 06:00:00,3,1,2
2016-08-07 07:00:00,6,2,4
2016-08-07 08:00:00,8,3,5
2016-08-07 09:00:00,12,4,8
2016-08-07 10:00:00,17,11,6
2016-08-07 11:00:00,20,8,12
2016-08-07 12:00:00,30,7,23
2016-08-07 13:00:00,37,10,27
2016-08-07 14:00:00,31,22,9
2016-08-07 15:00:00,27,12,15
2016-08-07 16:00:00,22,15,7
2016-08-07 17:00:00,31,19,12
2016-08-07 18:00:00,10,5,5
2016-08-07 19:00:00,8,5,3
2016-08-07 20:00:00,4,4,0
2016-08-07 21:00:00,3,1,2
2016-08-07 22:00:00,3,1,2
2016-08-07 23:00:00,3,2,1
2016-08-08 00:00:00,2,0,2
2016-08-08 01:00:00,0,0,0
2016-08-08 02:00:00,1,1,0
2016-08-08 03:00:00,1,1,0
2016-08-08 04:00:00,0,0,0
2016-08-08 05:00:00,8,3,5
2016-08-08 06:00:00,26,18,8
2016-08-08 07:00:00,79,37,42
2016-08-08 08:00:00,121,54,67
2016-08-08 09:00:00,63,31,32
2016-08-08 10:00:00,22,13,9
2016-08-08 11:00:00,22,10,12
2016-08-08 12:00:00,40,19,21
2016-08-08 13:00:00,26,15,11
2016-08-08 14:00:00,31,13,18
2016-08-08 15:00:00,36,9,27
2016-08-08 16:00:00,117,37,80
2016-08-08 17:00:00,197,63,134
2016-08-08 18:00:00,99,34,65
2016-08-08 19:00:00,41,14,27
2016-08-08 20:00:00,19,7,12
2016-08-08 21:00:00,6,3,3
2016-08-08 22:00:00,10,7,3
2016-08-08 23:00:00,8,1,7
2016-08-09 00:00:00,1,0,1
2016-08-09 01:00:00,3,2,1
2016-08-09 02:00:00,0,0,0
2016-08-09 03:00:00,1,1,0
2016-08-09 04:00:00,0,0,0
2016-08-09 05:00:00,10,5,5
2016-08-09 06:00:00,43,25,18
2016-08-09 07:00:00,90,43,47
2016-08-09 08:00:00,127,42,85
2016-08-09 09:00:00,75,42,33
2016-08-09 10:00:00,31,10,21
2016-08-09 11:00:00,34,15,19
2016-08-09 12:00:00,44,24,20
2016-08-09 13:00:00,38,19,19
2016-08-09 14:00:00,29,14,15
2016-08-09 15:00:00,99,60,39
2016-08-09 16:00:00,150,49,101
2016-08-09 17:00:00,205,66,139
2016-08-09 18:00:00,127,47,80
2016-08-09 19:00:00,47,21,26
2016-08-09 20:00:00,32,5,27
2016-08-09 21:00:00,10,2,8
2016-08-09 22:00:00,10,3,7
2016-08-09 23:00:00,8,4,4
2016-08-10 00:00:00,7,3,4
2016-08-10 01:00:00,0,0,0
2016-08-10 02:00:00,2,2,0
2016-08-10 03:00:00,2,2,0
2016-08-10 04:00:00,0,0,0
2016-08-10 05:00:00,9,5,4
2016-08-10 06:00:00,47,26,21
2016-08-10 07:00:00,85,43,42
2016-08-10 08:00:00,137,56,81
2016-08-10 09:00:00,91,46,45
2016-08-10 10:00:00,32,15,17
2016-08-10 11:00:00,31,14,17
2016-08-10 12:00:00,45,30,15
2016-08-10 13:00:00,33,18,15
2016-08-10 14:00:00,33,11,22
2016-08-10 15:00:00,63,24,39
2016-08-10 16:00:00,151,50,101
2016-08-10 17:00:00,226,63,163
2016-08-10 18:00:00,118,48,70
2016-08-10 19:00:00,40,21,19
2016-08-10 20:00:00,25,8,17
2016-08-10 21:00:00,11,4,7
2016-08-10 22:00:00,19,14,5
2016-08-10 23:00:00,10,7,3
2016-08-11 00:00:00,3,1,2
2016-08-11 01:00:00,5,2,3
2016-08-11 02:00:00,3,1,2
2016-08-11 03:00:00,1,1,0
2016-08-11 04:00:00,0,0,0
2016-08-11 05:00:00,9,5,4
2016-08-11 06:00:00,35,22,13
2016-08-11 07:00:00,85,40,45
2016-08-11 08:00:00,138,49,89
2016-08-11 09:00:00,59,26,33
2016-08-11 10:00:00,33,21,12
2016-08-11 11:00:00,46,24,22
2016-08-11 12:00:00,39,15,24
2016-08-11 13:00:00,53,26,27
2016-08-11 14:00:00,44,25,19
2016-08-11 15:00:00,68,24,44
2016-08-11 16:00:00,143,39,104
2016-08-11 17:00:00,187,50,137
2016-08-11 18:00:00,118,37,81
2016-08-11 19:00:00,37,14,23
2016-08-11 20:00:00,19,4,15
2016-08-11 21:00:00,21,9,12
2016-08-11 22:00:00,6,2,4
2016-08-11 23:00:00,6,4,2
2016-08-12 00:00:00,3,1,2
2016-08-12 01:00:00,0,0,0
2016-08-12 02:00:00,1,1,0
2016-08-12 03:00:00,0,0,0
2016-08-12 04:00:00,0,0,0
2016-08-12 05:00:00,6,3,3
2016-08-12 06:00:00,30,14,16
2016-08-12 07:00:00,85,39,46
2016-08-12 08:00:00,117,54,63
2016-08-12 09:00:00,74,37,37
2016-08-12 10:00:00,37,21,16
2016-08-12 11:00:00,36,19,17
2016-08-12 12:00:00,39,16,23
2016-08-12 13:00:00,41,19,22
2016-08-12 14:00:00,38,15,23
2016-08-12 15:00:00,75,28,47
2016-08-12 16:00:00,122,34,88
2016-08-12 17:00:00,160,54,106
2016-08-12 18:00:00,69,26,43
2016-08-12 19:00:00,49,21,28
2016-08-12 20:00:00,29,21,8
2016-08-12 21:00:00,12,4,8
2016-08-12 22:00:00,6,3,3
2016-08-12 23:00:00,8,4,4
2016-08-13 00:00:00,10,5,5
2016-08-13 01:00:00,6,3,3
2016-08-13 02:00:00,3,1,2
2016-08-13 03:00:00,1,1,0
2016-08-13 04:00:00,0,0,0
2016-08-13 05:00:00,1,0,1
2016-08-13 06:00:00,1,0,1
2016-08-13 07:00:00,9,2,7
2016-08-13 08:00:00,7,5,2
2016-08-13 09:00:00,6,2,4
2016-08-13 10:00:00,25,9,16
2016-08-13 11:00:00,20,2,18
2016-08-13 12:00:00,19,4,15
2016-08-13 13:00:00,16,5,11
2016-08-13 14:00:00,30,9,21
2016-08-13 15:00:00,21,5,16
2016-08-13 16:00:00,17,2,15
2016-08-13 17:00:00,16,3,13
2016-08-13 18:00:00,20,9,11
2016-08-13 19:00:00,16,10,6
2016-08-13 20:00:00,8,3,5
2016-08-13 21:00:00,5,4,1
2016-08-13 22:00:00,11,6,5
2016-08-13 23:00:00,2,1,1
2016-08-14 00:00:00,2,1,1
2016-08-14 01:00:00,3,1,2
2016-08-14 02:00:00,2,1,1
2016-08-14 03:00:00,0,0,0
2016-08-14 04:00:00,0,0,0
2016-08-14 05:00:00,0,0,0
2016-08-14 06:00:00,5,3,2
2016-08-14 07:00:00,5,2,3
2016-08-14 08:00:00,10,3,7
2016-08-14 09:00:00,7,3,4
2016-08-14 10:00:00,9,5,4
2016-08-14 11:00:00,15,2,13
2016-08-14 12:00:00,32,14,18
2016-08-14 13:00:00,32,15,17
2016-08-14 14:00:00,31,8,23
2016-08-14 15:00:00,46,7,39
2016-08-14 16:00:00,36,12,24
2016-08-14 17:00:00,24,12,12
2016-08-14 18:00:00,52,40,12
2016-08-14 19:00:00,11,5,6
2016-08-14 20:00:00,11,3,8
2016-08-14 21:00:00,8,4,4
2016-08-14 22:00:00,7,3,4
2016-08-14 23:00:00,6,4,2
2016-08-15 00:00:00,3,0,3
2016-08-15 01:00:00,2,0,2
2016-08-15 02:00:00,0,0,0
2016-08-15 03:00:00,0,0,0
2016-08-15 04:00:00,1,0,1
2016-08-15 05:00:00,11,6,5
2016-08-15 06:00:00,40,22,18
2016-08-15 07:00:00,90,45,45
2016-08-15 08:00:00,124,56,68
2016-08-15 09:00:00,92,45,47
2016-08-15 10:00:00,30,15,15
2016-08-15 11:00:00,24,12,12
2016-08-15 12:00:00,35,13,22
2016-08-15 13:00:00,29,11,18
2016-08-15 14:00:00,38,21,17
2016-08-15 15:00:00,62,30,32
2016-08-15 16:00:00,122,37,85
2016-08-15 17:00:00,212,69,143
2016-08-15 18:00:00,107,40,67
2016-08-15 19:00:00,45,20,25
2016-08-15 20:00:00,17,4,13
2016-08-15 21:00:00,18,7,11
2016-08-15 22:00:00,9,6,3
2016-08-15 23:00:00,1,0,1
2016-08-16 00:00:00,1,0,1
2016-08-16 01:00:00,0,0,0
2016-08-16 02:00:00,0,0,0
2016-08-16 03:00:00,1,0,1
2016-08-16 04:00:00,0,0,0
2016-08-16 05:00:00,13,6,7
2016-08-16 06:00:00,45,26,19
2016-08-16 07:00:00,116,46,70
2016-08-16 08:00:00,148,59,89
2016-08-16 09:00:00,90,39,51
2016-08-16 10:00:00,34,16,18
2016-08-16 11:00:00,39,16,23
2016-08-16 12:00:00,51,33,18
2016-08-16 13:00:00,40,19,21
2016-08-16 14:00:00,41,21,20
2016-08-16 15:00:00,54,23,31
2016-08-16 16:00:00,133,49,84
2016-08-16 17:00:00,196,69,127
2016-08-16 18:00:00,116,33,83
2016-08-16 19:00:00,51,20,31
2016-08-16 20:00:00,21,9,12
2016-08-16 21:00:00,20,10,10
2016-08-16 22:00:00,11,5,6
2016-08-16 23:00:00,6,3,3
2016-08-17 00:00:00,4,1,3
2016-08-17 01:00:00,0,0,0
2016-08-17 02:00:00,0,0,0
2016-08-17 03:00:00,3,2,1
2016-08-17 04:00:00,2,1,1
2016-08-17 05:00:00,16,10,6
2016-08-17 06:00:00,39,19,20
2016-08-17 07:00:00,94,40,54
2016-08-17 08:00:00,163,65,98
2016-08-17 09:00:00,80,38,42
2016-08-17 10:00:00,34,21,13
2016-08-17 11:00:00,36,14,22
2016-08-17 12:00:00,46,19,27
2016-08-17 13:00:00,47,28,19
2016-08-17 14:00:00,45,20,25
2016-08-17 15:00:00,56,23,33
2016-08-17 16:00:00,152,47,105
2016-08-17 17:00:00,210,72,138
2016-08-17 18:00:00,97,32,65
2016-08-17 19:00:00,40,12,28
2016-08-17 20:00:00,14,9,5
2016-08-17 21:00:00,9,5,4
2016-08-17 22:00:00,7,4,3
2016-08-17 23:00:00,6,4,2
2016-08-18 00:00:00,4,0,4
2016-08-18 01:00:00,1,1,0
2016-08-18 02:00:00,0,0,0
2016-08-18 03:00:00,1,1,0
2016-08-18 04:00:00,1,0,1
2016-08-18 05:00:00,10,5,5
2016-08-18 06:00:00,31,16,15
2016-08-18 07:00:00,99,45,54
2016-08-18 08:00:00,124,45,79
2016-08-18 09:00:00,81,37,44
2016-08-18 10:00:00,47,20,27
2016-08-18 11:00:00,37,14,23
2016-08-18 12:00:00,39,21,18
2016-08-18 13:00:00,45,21,24
2016-08-18 14:00:00,51,24,27
2016-08-18 15:00:00,58,21,37
2016-08-18 16:00:00,122,38,84
2016-08-18 17:00:00,174,48,126
2016-08-18 18:00:00,138,41,97
2016-08-18 19:00:00,42,15,27
2016-08-18 20:00:00,21,6,15
2016-08-18 21:00:00,17,8,9
2016-08-18 22:00:00,19,9,10
2016-08-18 23:00:00,6,3,3
2016-08-19 00:00:00,2,0,2
2016-08-19 01:00:00,1,1,0
2016-08-19 02:00:00,0,0,0
2016-08-19 03:00:00,2,1,1
2016-08-19 04:00:00,1,0,1
2016-08-19 05:00:00,7,2,5
2016-08-19 06:00:00,30,16,14
2016-08-19 07:00:00,81,38,43
2016-08-19 08:00:00,138,50,88
2016-08-19 09:00:00,65,29,36
2016-08-19 10:00:00,36,17,19
2016-08-19 11:00:00,31,11,20
2016-08-19 12:00:00,37,17,20
2016-08-19 13:00:00,30,19,11
2016-08-19 14:00:00,60,26,34
2016-08-19 15:00:00,67,28,39
2016-08-19 16:00:00,119,44,75
2016-08-19 17:00:00,129,35,94
2016-08-19 18:00:00,105,33,72
2016-08-19 19:00:00,37,17,20
2016-08-19 20:00:00,25,13,12
2016-08-19 21:00:00,18,5,13
2016-08-19 22:00:00,8,5,3
2016-08-19 23:00:00,9,7,2
2016-08-20 00:00:00,5,4,1
2016-08-20 01:00:00,1,0,1
2016-08-20 02:00:00,4,1,3
2016-08-20 03:00:00,0,0,0
2016-08-20 04:00:00,0,0,0
2016-08-20 05:00:00,3,0,3
2016-08-20 06:00:00,3,2,1
2016-08-20 07:00:00,7,3,4
2016-08-20 08:00:00,10,2,8
2016-08-20 09:00:00,14,4,10
2016-08-20 10:00:00,23,12,11
2016-08-20 11:00:00,21,5,16
2016-08-20 12:00:00,31,9,22
2016-08-20 13:00:00,28,15,13
2016-08-20 14:00:00,20,7,13
2016-08-20 15:00:00,28,11,17
2016-08-20 16:00:00,20,6,14
2016-08-20 17:00:00,18,3,15
2016-08-20 18:00:00,14,4,10
2016-08-20 19:00:00,26,18,8
2016-08-20 20:00:00,13,9,4
2016-08-20 21:00:00,17,12,5
2016-08-20 22:00:00,12,4,8
2016-08-20 23:00:00,3,3,0
2016-08-21 00:00:00,2,0,2
2016-08-21 01:00:00,4,1,3
2016-08-21 02:00:00,2,0,2
2016-08-21 03:00:00,1,1,0
2016-08-21 04:00:00,0,0,0
2016-08-21 05:00:00,1,1,0
2016-08-21 06:00:00,3,2,1
2016-08-21 07:00:00,5,3,2
2016-08-21 08:00:00,10,3,7
2016-08-21 09:00:00,11,1,10
2016-08-21 10:00:00,13,9,4
2016-08-21 11:00:00,23,8,15
2016-08-21 12:00:00,44,14,30
2016-08-21 13:00:00,28,12,16
2016-08-21 14:00:00,26,11,15
2016-08-21 15:00:00,26,8,18
2016-08-21 16:00:00,34,17,17
2016-08-21 17:00:00,54,15,39
2016-08-21 18:00:00,45,14,31
2016-08-21 19:00:00,27,11,16
2016-08-21 20:00:00,25,18,7
2016-08-21 21:00:00,38,30,8
2016-08-21 22:00:00,8,5,3
2016-08-21 23:00:00,4,3,1
2016-08-22 00:00:00,1,0,1
2016-08-22 01:00:00,0,0,0
2016-08-22 02:00:00,1,1,0
2016-08-22 03:00:00,1,1,0
2016-08-22 04:00:00,2,1,1
2016-08-22 05:00:00,9,5,4
2016-08-22 06:00:00,36,21,15
2016-08-22 07:00:00,96,43,53
2016-08-22 08:00:00,140,54,86
2016-08-22 09:00:00,70,38,32
2016-08-22 10:00:00,30,15,15
2016-08-22 11:00:00,26,12,14
2016-08-22 12:00:00,25,13,12
2016-08-22 13:00:00,34,17,17
2016-08-22 14:00:00,29,15,14
2016-08-22 15:00:00,57,19,38
2016-08-22 16:00:00,144,46,98
2016-08-22 17:00:00,211,66,145
2016-08-22 18:00:00,109,39,70
2016-08-22 19:00:00,32,10,22
2016-08-22 20:00:00,9,4,5
2016-08-22 21:00:00,8,3,5
2016-08-22 22:00:00,14,6,8
2016-08-22 23:00:00,4,1,3
2016-08-23 00:00:00,5,1,4
2016-08-23 01:00:00,0,0,0
2016-08-23 02:00:00,2,0,2
2016-08-23 03:00:00,1,1,0
2016-08-23 04:00:00,1,1,0
2016-08-23 05:00:00,6,4,2
2016-08-23 06:00:00,41,23,18
2016-08-23 07:00:00,107,52,55
2016-08-23 08:00:00,150,63,87
2016-08-23 09:00:00,78,32,46
2016-08-23 10:00:00,36,15,21
2016-08-23 11:00:00,28,11,17
2016-08-23 12:00:00,34,15,19
2016-08-23 13:00:00,38,16,22
2016-08-23 14:00:00,41,12,29
2016-08-23 15:00:00,72,33,39
2016-08-23 16:00:00,132,41,91
2016-08-23 17:00:00,219,62,157
2016-08-23 18:00:00,120,47,73
2016-08-23 19:00:00,39,13,26
2016-08-23 20:00:00,31,16,15
2016-08-23 21:00:00,16,11,5
2016-08-23 22:00:00,18,12,6
2016-08-23 23:00:00,5,2,3
2016-08-24 00:00:00,4,2,2
2016-08-24 01:00:00,0,0,0
2016-08-24 02:00:00,2,1,1
2016-08-24 03:00:00,1,1,0
2016-08-24 04:00:00,0,0,0
2016-08-24 05:00:00,10,8,2
2016-08-24 06:00:00,37,20,17
2016-08-24 07:00:00,99,41,58
2016-08-24 08:00:00,137,56,81
2016-08-24 09:00:00,98,46,52
2016-08-24 10:00:00,38,20,18
2016-08-24 11:00:00,48,20,28
2016-08-24 12:00:00,68,24,44
2016-08-24 13:00:00,35,13,22
2016-08-24 14:00:00,30,12,18
2016-08-24 15:00:00,66,25,41
2016-08-24 16:00:00,157,50,107
2016-08-24 17:00:00,219,71,148
2016-08-24 18:00:00,107,35,72
2016-08-24 19:00:00,34,7,27
2016-08-24 20:00:00,22,9,13
2016-08-24 21:00:00,15,5,10
2016-08-24 22:00:00,6,3,3
2016-08-24 23:00:00,3,2,1
2016-08-25 00:00:00,2,0,2
2016-08-25 01:00:00,0,0,0
2016-08-25 02:00:00,0,0,0
2016-08-25 03:00:00,3,1,2
2016-08-25 04:00:00,0,0,0
2016-08-25 05:00:00,7,7,0
2016-08-25 06:00:00,41,19,22
2016-08-25 07:00:00,97,41,56
2016-08-25 08:00:00,143,48,95
2016-08-25 09:00:00,70,26,44
2016-08-25 10:00:00,42,16,26
2016-08-25 11:00:00,43,17,26
2016-08-25 12:00:00,35,15,20
2016-08-25 13:00:00,46,20,26
2016-08-25 14:00:00,54,23,31
2016-08-25 15:00:00,61,17,44
2016-08-25 16:00:00,128,41,87
2016-08-25 17:00:00,190,46,144
2016-08-25 18:00:00,121,32,89
2016-08-25 19:00:00,46,20,26
2016-08-25 20:00:00,16,8,8
2016-08-25 21:00:00,28,14,14
2016-08-25 22:00:00,19,14,5
2016-08-25 23:00:00,5,1,4
2016-08-26 00:00:00,5,2,3
2016-08-26 01:00:00,1,1,0
2016-08-26 02:00:00,1,0,1
2016-08-26 03:00:00,2,2,0
2016-08-26 04:00:00,1,0,1
2016-08-26 05:00:00,4,2,2
2016-08-26 06:00:00,39,21,18
2016-08-26 07:00:00,74,31,43
2016-08-26 08:00:00,113,41,72
2016-08-26 09:00:00,68,28,40
2016-08-26 10:00:00,28,13,15
2016-08-26 11:00:00,28,15,13
2016-08-26 12:00:00,44,25,19
2016-08-26 13:00:00,38,19,19
2016-08-26 14:00:00,45,19,26
2016-08-26 15:00:00,66,20,46
2016-08-26 16:00:00,113,42,71
2016-08-26 17:00:00,135,46,89
2016-08-26 18:00:00,70,29,41
2016-08-26 19:00:00,29,11,18
2016-08-26 20:00:00,11,7,4
2016-08-26 21:00:00,15,6,9
2016-08-26 22:00:00,3,1,2
2016-08-26 23:00:00,9,6,3
2016-08-27 00:00:00,3,1,2
2016-08-27 01:00:00,4,1,3
2016-08-27 02:00:00,0,0,0
2016-08-27 03:00:00,0,0,0
2016-08-27 04:00:00,1,0,1
2016-08-27 05:00:00,2,2,0
2016-08-27 06:00:00,5,2,3
2016-08-27 07:00:00,11,6,5
2016-08-27 08:00:00,13,3,10
2016-08-27 09:00:00,8,3,5
2016-08-27 10:00:00,25,12,13
2016-08-27 11:00:00,28,16,12
2016-08-27 12:00:00,36,14,22
2016-08-27 13:00:00,24,13,11
2016-08-27 14:00:00,26,12,14
2016-08-27 15:00:00,27,14,13
2016-08-27 16:00:00,27,13,14
2016-08-27 17:00:00,25,11,14
2016-08-27 18:00:00,19,8,11
2016-08-27 19:00:00,15,11,4
2016-08-27 20:00:00,9,4,5
2016-08-27 21:00:00,12,8,4
2016-08-27 22:00:00,6,3,3
2016-08-27 23:00:00,7,3,4
2016-08-28 00:00:00,3,1,2
2016-08-28 01:00:00,2,2,0
2016-08-28 02:00:00,3,1,2
2016-08-28 03:00:00,1,1,0
2016-08-28 04:00:00,0,0,0
2016-08-28 05:00:00,1,1,0
2016-08-28 06:00:00,6,3,3
2016-08-28 07:00:00,10,5,5
2016-08-28 08:00:00,5,2,3
2016-08-28 09:00:00,13,4,9
2016-08-28 10:00:00,18,10,8
2016-08-28 11:00:00,23,11,12
2016-08-28 12:00:00,28,11,17
2016-08-28 13:00:00,13,7,6
2016-08-28 14:00:00,20,14,6
2016-08-28 15:00:00,27,12,15
2016-08-28 16:00:00,29,10,19
2016-08-28 17:00:00,23,13,10
2016-08-28 18:00:00,14,8,6
2016-08-28 19:00:00,17,9,8
2016-08-28 20:00:00,3,1,2
2016-08-28 21:00:00,5,2,3
2016-08-28 22:00:00,7,3,4
2016-08-28 23:00:00,1,1,0
2016-08-29 00:00:00,3,2,1
2016-08-29 01:00:00,0,0,0
2016-08-29 02:00:00,1,0,1
2016-08-29 03:00:00,0,0,0
2016-08-29 04:00:00,0,0,0
2016-08-29 05:00:00,9,6,3
2016-08-29 06:00:00,37,23,14
2016-08-29 07:00:00,93,38,55
2016-08-29 08:00:00,142,54,88
2016-08-29 09:00:00,72,28,44
2016-08-29 10:00:00,28,13,15
2016-08-29 11:00:00,26,10,16
2016-08-29 12:00:00,32,14,18
2016-08-29 13:00:00,33,17,16
2016-08-29 14:00:00,31,13,18
2016-08-29 15:00:00,55,18,37
2016-08-29 16:00:00,106,34,72
2016-08-29 17:00:00,192,60,132
2016-08-29 18:00:00,113,29,84
2016-08-29 19:00:00,40,16,24
2016-08-29 20:00:00,19,5,14
2016-08-29 21:00:00,13,7,6
2016-08-29 22:00:00,4,1,3
2016-08-29 23:00:00,4,3,1
2016-08-30 00:00:00,2,0,2
2016-08-30 01:00:00,0,0,0
2016-08-30 02:00:00,2,1,1
2016-08-30 03:00:00,0,0,0
2016-08-30 04:00:00,0,0,0
2016-08-30 05:00:00,12,8,4
2016-08-30 06:00:00,37,18,19
2016-08-30 07:00:00,89,44,45
2016-08-30 08:00:00,145,57,88
2016-08-30 09:00:00,69,31,38
2016-08-30 10:00:00,34,11,23
2016-08-30 11:00:00,45,17,28
2016-08-30 12:00:00,45,28,17
2016-08-30 13:00:00,32,15,17
2016-08-30 14:00:00,44,15,29
2016-08-30 15:00:00,58,21,37
2016-08-30 16:00:00,137,42,95
2016-08-30 17:00:00,185,61,124
2016-08-30 18:00:00,116,39,77
2016-08-30 19:00:00,44,11,33
2016-08-30 20:00:00,18,7,11
2016-08-30 21:00:00,9,3,6
2016-08-30 22:00:00,7,1,6
2016-08-30 23:00:00,9,5,4
2016-08-31 00:00:00,3,1,2
2016-08-31 01:00:00,1,1,0
2016-08-31 02:00:00,2,1,1
2016-08-31 03:00:00,1,1,0
2016-08-31 04:00:00,0,0,0
2016-08-31 05:00:00,12,9,3
2016-08-31 06:00:00,28,15,13
2016-08-31 07:00:00,75,41,34
2016-08-31 08:00:00,109,42,67
2016-08-31 09:00:00,57,21,36
2016-08-31 10:00:00,36,21,15
2016-08-31 11:00:00,26,14,12
2016-08-31 12:00:00,33,18,15
2016-08-31 13:00:00,28,16,12
2016-08-31 14:00:00,36,9,27
2016-08-31 15:00:00,44,17,27
2016-08-31 16:00:00,102,22,80
2016-08-31 17:00:00,161,46,115
2016-08-31 18:00:00,96,34,62
2016-08-31 19:00:00,27,9,18
2016-08-31 20:00:00,18,6,12
2016-08-31 21:00:00,12,3,9
2016-08-31 22:00:00,5,3,2
2016-08-31 23:00:00,5,2,3
2016-09-01 00:00:00,4,3,1
2016-09-01 01:00:00,1,0,1
2016-09-01 02:00:00,0,0,0
2016-09-01 03:00:00,1,0,1
2016-09-01 04:00:00,0,0,0
2016-09-01 05:00:00,7,6,1
2016-09-01 06:00:00,30,17,13
2016-09-01 07:00:00,70,34,36
2016-09-01 08:00:00,91,36,55
2016-09-01 09:00:00,88,38,50
2016-09-01 10:00:00,34,20,14
2016-09-01 11:00:00,37,20,17
2016-09-01 12:00:00,45,24,21
2016-09-01 13:00:00,27,14,13
2016-09-01 14:00:00,30,7,23
2016-09-01 15:00:00,45,20,25
2016-09-01 16:00:00,91,24,67
2016-09-01 17:00:00,168,45,123
2016-09-01 18:00:00,102,33,69
2016-09-01 19:00:00,31,13,18
2016-09-01 20:00:00,11,7,4
2016-09-01 21:00:00,11,6,5
2016-09-01 22:00:00,11,6,5
2016-09-01 23:00:00,2,1,1
2016-09-02 00:00:00,8,2,6
2016-09-02 01:00:00,0,0,0
2016-09-02 02:00:00,0,0,0
2016-09-02 03:00:00,0,0,0
2016-09-02 04:00:00,0,0,0
2016-09-02 05:00:00,2,2,0
2016-09-02 06:00:00,16,7,9
2016-09-02 07:00:00,38,18,20
2016-09-02 08:00:00,77,36,41
2016-09-02 09:00:00,36,17,19
2016-09-02 10:00:00,18,13,5
2016-09-02 11:00:00,7,3,4
2016-09-02 12:00:00,26,12,14
2016-09-02 13:00:00,30,15,15
2016-09-02 14:00:00,34,13,21
2016-09-02 15:00:00,49,17,32
2016-09-02 16:00:00,91,26,65
2016-09-02 17:00:00,91,26,65
2016-09-02 18:00:00,50,16,34
2016-09-02 19:00:00,16,10,6
2016-09-02 20:00:00,14,7,7
2016-09-02 21:00:00,9,6,3
2016-09-02 22:00:00,11,4,7
2016-09-02 23:00:00,2,1,1
2016-09-03 00:00:00,5,2,3
2016-09-03 01:00:00,2,0,2
2016-09-03 02:00:00,1,0,1
2016-09-03 03:00:00,1,0,1
2016-09-03 04:00:00,1,0,1
2016-09-03 05:00:00,5,3,2
2016-09-03 06:00:00,3,1,2
2016-09-03 07:00:00,7,3,4
2016-09-03 08:00:00,9,5,4
2016-09-03 09:00:00,8,3,5
2016-09-03 10:00:00,9,6,3
2016-09-03 11:00:00,12,4,8
2016-09-03 12:00:00,16,7,9
2016-09-03 13:00:00,25,13,12
2016-09-03 14:00:00,24,9,15
2016-09-03 15:00:00,32,15,17
2016-09-03 16:00:00,18,8,10
2016-09-03 17:00:00,40,14,26
2016-09-03 18:00:00,26,9,17
2016-09-03 19:00:00,19,10,9
2016-09-03 20:00:00,9,7,2
2016-09-03 21:00:00,7,4,3
2016-09-03 22:00:00,5,3,2
2016-09-03 23:00:00,7,4,3
2016-09-04 00:00:00,1,0,1
2016-09-04 01:00:00,1,0,1
2016-09-04 02:00:00,2,1,1
2016-09-04 03:00:00,0,0,0
2016-09-04 04:00:00,0,0,0
2016-09-04 05:00:00,1,1,0
2016-09-04 06:00:00,2,0,2
2016-09-04 07:00:00,2,1,1
2016-09-04 08:00:00,2,2,0
2016-09-04 09:00:00,9,2,7
2016-09-04 10:00:00,8,2,6
2016-09-04 11:00:00,22,7,15
2016-09-04 12:00:00,27,8,19
2016-09-04 13:00:00,21,12,9
2016-09-04 14:00:00,35,14,21
2016-09-04 15:00:00,30,15,15
2016-09-04 16:00:00,27,15,12
2016-09-04 17:00:00,27,10,17
2016-09-04 18:00:00,18,2,16
2016-09-04 19:00:00,13,6,7
2016-09-04 20:00:00,6,4,2
2016-09-04 21:00:00,9,6,3
2016-09-04 22:00:00,4,2,2
2016-09-04 23:00:00,5,1,4
2016-09-05 00:00:00,3,1,2
2016-09-05 01:00:00,0,0,0
2016-09-05 02:00:00,1,1,0
2016-09-05 03:00:00,1,0,1
2016-09-05 04:00:00,1,0,1
2016-09-05 05:00:00,1,1,0
2016-09-05 06:00:00,2,0,2
2016-09-05 07:00:00,8,4,4
2016-09-05 08:00:00,7,4,3
2016-09-05 09:00:00,8,3,5
2016-09-05 10:00:00,9,3,6
2016-09-05 11:00:00,24,8,16
2016-09-05 12:00:00,31,13,18
2016-09-05 13:00:00,23,10,13
2016-09-05 14:00:00,16,4,12
2016-09-05 15:00:00,23,11,12
2016-09-05 16:00:00,32,15,17
2016-09-05 17:00:00,32,13,19
2016-09-05 18:00:00,28,13,15
2016-09-05 19:00:00,9,4,5
2016-09-05 20:00:00,10,4,6
2016-09-05 21:00:00,5,3,2
2016-09-05 22:00:00,11,7,4
2016-09-05 23:00:00,3,1,2
2016-09-06 00:00:00,2,2,0
2016-09-06 01:00:00,0,0,0
2016-09-06 02:00:00,0,0,0
2016-09-06 03:00:00,0,0,0
2016-09-06 04:00:00,0,0,0
2016-09-06 05:00:00,4,3,1
2016-09-06 06:00:00,15,9,6
2016-09-06 07:00:00,55,27,28
2016-09-06 08:00:00,85,32,53
2016-09-06 09:00:00,55,26,29
2016-09-06 10:00:00,22,14,8
2016-09-06 11:00:00,34,14,20
2016-09-06 12:00:00,30,14,16
2016-09-06 13:00:00,31,9,22
2016-09-06 14:00:00,35,15,20
2016-09-06 15:00:00,46,16,30
2016-09-06 16:00:00,111,32,79
2016-09-06 17:00:00,138,45,93
2016-09-06 18:00:00,66,32,34
2016-09-06 19:00:00,33,19,14
2016-09-06 20:00:00,18,6,12
2016-09-06 21:00:00,16,7,9
2016-09-06 22:00:00,3,1,2
2016-09-06 23:00:00,3,1,2
2016-09-07 00:00:00,3,1,2
2016-09-07 01:00:00,2,1,1
2016-09-07 02:00:00,0,0,0
2016-09-07 03:00:00,0,0,0
2016-09-07 04:00:00,2,1,1
2016-09-07 05:00:00,8,6,2
2016-09-07 06:00:00,36,20,16
2016-09-07 07:00:00,72,40,32
2016-09-07 08:00:00,121,52,69
2016-09-07 09:00:00,67,22,45
2016-09-07 10:00:00,31,14,17
2016-09-07 11:00:00,30,9,21
2016-09-07 12:00:00,45,20,25
2016-09-07 13:00:00,34,15,19
2016-09-07 14:00:00,29,10,19
2016-09-07 15:00:00,46,14,32
2016-09-07 16:00:00,117,31,86
2016-09-07 17:00:00,137,42,95
2016-09-07 18:00:00,99,36,63
2016-09-07 19:00:00,31,9,22
2016-09-07 20:00:00,16,10,6
2016-09-07 21:00:00,7,6,1
2016-09-07 22:00:00,5,3,2
2016-09-07 23:00:00,3,3,0
2016-09-08 00:00:00,2,0,2
2016-09-08 01:00:00,0,0,0
2016-09-08 02:00:00,0,0,0
2016-09-08 03:00:00,0,0,0
2016-09-08 04:00:00,0,0,0
2016-09-08 05:00:00,6,3,3
2016-09-08 06:00:00,32,16,16
2016-09-08 07:00:00,85,36,49
2016-09-08 08:00:00,117,39,78
2016-09-08 09:00:00,60,20,40
2016-09-08 10:00:00,30,10,20
2016-09-08 11:00:00,21,10,11
2016-09-08 12:00:00,37,17,20
2016-09-08 13:00:00,26,11,15
2016-09-08 14:00:00,45,23,22
2016-09-08 15:00:00,61,28,33
2016-09-08 16:00:00,122,32,90
2016-09-08 17:00:00,189,56,133
2016-09-08 18:00:00,85,29,56
2016-09-08 19:00:00,43,19,24
2016-09-08 20:00:00,9,4,5
2016-09-08 21:00:00,16,8,8
2016-09-08 22:00:00,7,3,4
2016-09-08 23:00:00,2,1,1
2016-09-09 00:00:00,3,1,2
2016-09-09 01:00:00,1,1,0
2016-09-09 02:00:00,0,0,0
2016-09-09 03:00:00,0,0,0
2016-09-09 04:00:00,0,0,0
2016-09-09 05:00:00,7,6,1
2016-09-09 06:00:00,30,11,19
2016-09-09 07:00:00,96,45,51
2016-09-09 08:00:00,112,45,67
2016-09-09 09:00:00,57,24,33
2016-09-09 10:00:00,43,19,24
2016-09-09 11:00:00,45,22,23
2016-09-09 12:00:00,53,32,21
2016-09-09 13:00:00,48,29,19
2016-09-09 14:00:00,48,17,31
2016-09-09 15:00:00,77,30,47
2016-09-09 16:00:00,122,39,83
2016-09-09 17:00:00,177,55,122
2016-09-09 18:00:00,67,22,45
2016-09-09 19:00:00,33,17,16
2016-09-09 20:00:00,15,9,6
2016-09-09 21:00:00,15,7,8
2016-09-09 22:00:00,8,5,3
2016-09-09 23:00:00,10,2,8
2016-09-10 00:00:00,5,2,3
2016-09-10 01:00:00,5,0,5
2016-09-10 02:00:00,0,0,0
2016-09-10 03:00:00,1,0,1
2016-09-10 04:00:00,0,0,0
2016-09-10 05:00:00,3,2,1
2016-09-10 06:00:00,2,0,2
2016-09-10 07:00:00,5,2,3
2016-09-10 08:00:00,10,6,4
2016-09-10 09:00:00,11,8,3
2016-09-10 10:00:00,20,5,15
2016-09-10 11:00:00,30,14,16
2016-09-10 12:00:00,47,24,23
2016-09-10 13:00:00,42,22,20
2016-09-10 14:00:00,48,17,31
2016-09-10 15:00:00,39,10,29
2016-09-10 16:00:00,38,22,16
2016-09-10 17:00:00,43,21,22
2016-09-10 18:00:00,26,12,14
2016-09-10 19:00:00,15,9,6
2016-09-10 20:00:00,9,4,5
2016-09-10 21:00:00,6,5,1
2016-09-10 22:00:00,5,3,2
2016-09-10 23:00:00,6,4,2
2016-09-11 00:00:00,4,1,3
2016-09-11 01:00:00,2,0,2
2016-09-11 02:00:00,2,1,1
2016-09-11 03:00:00,1,0,1
2016-09-11 04:00:00,0,0,0
2016-09-11 05:00:00,1,1,0
2016-09-11 06:00:00,1,0,1
2016-09-11 07:00:00,5,3,2
2016-09-11 08:00:00,6,0,6
2016-09-11 09:00:00,12,5,7
2016-09-11 10:00:00,21,10,11
2016-09-11 11:00:00,21,5,16
2016-09-11 12:00:00,19,6,13
2016-09-11 13:00:00,26,14,12
2016-09-11 14:00:00,18,7,11
2016-09-11 15:00:00,22,15,7
2016-09-11 16:00:00,28,17,11
2016-09-11 17:00:00,34,13,21
2016-09-11 18:00:00,20,14,6
2016-09-11 19:00:00,10,5,5
2016-09-11 20:00:00,10,6,4
2016-09-11 21:00:00,2,1,1
2016-09-11 22:00:00,6,4,2
2016-09-11 23:00:00,6,2,4
2016-09-12 00:00:00,4,2,2
2016-09-12 01:00:00,0,0,0
2016-09-12 02:00:00,2,1,1
2016-09-12 03:00:00,0,0,0
2016-09-12 04:00:00,0,0,0
2016-09-12 05:00:00,8,7,1
2016-09-12 06:00:00,27,15,12
2016-09-12 07:00:00,100,40,60
2016-09-12 08:00:00,150,70,80
2016-09-12 09:00:00,63,28,35
2016-09-12 10:00:00,27,16,11
2016-09-12 11:00:00,23,12,11
2016-09-12 12:00:00,33,14,19
2016-09-12 13:00:00,43,26,17
2016-09-12 14:00:00,30,9,21
2016-09-12 15:00:00,48,13,35
2016-09-12 16:00:00,120,26,94
2016-09-12 17:00:00,223,64,159
2016-09-12 18:00:00,96,43,53
2016-09-12 19:00:00,20,10,10
2016-09-12 20:00:00,18,7,11
2016-09-12 21:00:00,10,2,8
2016-09-12 22:00:00,2,1,1
2016-09-12 23:00:00,2,2,0
2016-09-13 00:00:00,4,3,1
2016-09-13 01:00:00,0,0,0
2016-09-13 02:00:00,0,0,0
2016-09-13 03:00:00,0,0,0
2016-09-13 04:00:00,1,1,0
2016-09-13 05:00:00,8,4,4
2016-09-13 06:00:00,35,17,18
2016-09-13 07:00:00,103,42,61
2016-09-13 08:00:00,135,57,78
2016-09-13 09:00:00,86,38,48
2016-09-13 10:00:00,32,17,15
2016-09-13 11:00:00,40,16,24
2016-09-13 12:00:00,47,22,25
2016-09-13 13:00:00,37,22,15
2016-09-13 14:00:00,30,12,18
2016-09-13 15:00:00,65,30,35
2016-09-13 16:00:00,140,45,95
2016-09-13 17:00:00,207,69,138
2016-09-13 18:00:00,105,40,65
2016-09-13 19:00:00,45,16,29
2016-09-13 20:00:00,14,9,5
2016-09-13 21:00:00,13,6,7
2016-09-13 22:00:00,13,5,8
2016-09-13 23:00:00,5,3,2
2016-09-14 00:00:00,1,1,0
2016-09-14 01:00:00,1,1,0
2016-09-14 02:00:00,0,0,0
2016-09-14 03:00:00,0,0,0
2016-09-14 04:00:00,1,0,1
2016-09-14 05:00:00,8,6,2
2016-09-14 06:00:00,27,15,12
2016-09-14 07:00:00,83,34,49
2016-09-14 08:00:00,148,58,90
2016-09-14 09:00:00,70,29,41
2016-09-14 10:00:00,31,17,14
2016-09-14 11:00:00,30,18,12
2016-09-14 12:00:00,43,20,23
2016-09-14 13:00:00,37,14,23
2016-09-14 14:00:00,39,13,26
2016-09-14 15:00:00,62,22,40
2016-09-14 16:00:00,113,28,85
2016-09-14 17:00:00,202,63,139
2016-09-14 18:00:00,104,26,78
2016-09-14 19:00:00,25,9,16
2016-09-14 20:00:00,18,5,13
2016-09-14 21:00:00,8,3,5
2016-09-14 22:00:00,10,7,3
2016-09-14 23:00:00,6,2,4
2016-09-15 00:00:00,2,0,2
2016-09-15 01:00:00,2,0,2
2016-09-15 02:00:00,2,2,0
2016-09-15 03:00:00,1,0,1
2016-09-15 04:00:00,2,2,0
2016-09-15 05:00:00,9,6,3
2016-09-15 06:00:00,32,14,18
2016-09-15 07:00:00,97,44,53
2016-09-15 08:00:00,139,54,85
2016-09-15 09:00:00,72,38,34
2016-09-15 10:00:00,34,10,24
2016-09-15 11:00:00,36,14,22
2016-09-15 12:00:00,44,17,27
2016-09-15 13:00:00,36,19,17
2016-09-15 14:00:00,39,14,25
2016-09-15 15:00:00,57,13,44
2016-09-15 16:00:00,134,47,87
2016-09-15 17:00:00,195,61,134
2016-09-15 18:00:00,105,36,69
2016-09-15 19:00:00,40,14,26
2016-09-15 20:00:00,18,9,9
2016-09-15 21:00:00,9,6,3
2016-09-15 22:00:00,7,2,5
2016-09-15 23:00:00,5,4,1
2016-09-16 00:00:00,5,1,4
2016-09-16 01:00:00,2,0,2
2016-09-16 02:00:00,0,0,0
2016-09-16 03:00:00,0,0,0
2016-09-16 04:00:00,0,0,0
2016-09-16 05:00:00,4,3,1
2016-09-16 06:00:00,33,13,20
2016-09-16 07:00:00,67,27,40
2016-09-16 08:00:00,125,57,68
2016-09-16 09:00:00,63,28,35
2016-09-16 10:00:00,29,13,16
2016-09-16 11:00:00,24,10,14
2016-09-16 12:00:00,34,13,21
2016-09-16 13:00:00,52,29,23
2016-09-16 14:00:00,58,32,26
2016-09-16 15:00:00,46,22,24
2016-09-16 16:00:00,115,27,88
2016-09-16 17:00:00,191,70,121
2016-09-16 18:00:00,85,19,66
2016-09-16 19:00:00,41,16,25
2016-09-16 20:00:00,16,6,10
2016-09-16 21:00:00,10,5,5
2016-09-16 22:00:00,15,9,6
2016-09-16 23:00:00,5,3,2
2016-09-17 00:00:00,3,3,0
2016-09-17 01:00:00,0,0,0
2016-09-17 02:00:00,2,0,2
2016-09-17 03:00:00,0,0,0
2016-09-17 04:00:00,0,0,0
2016-09-17 05:00:00,2,2,0
2016-09-17 06:00:00,3,1,2
2016-09-17 07:00:00,83,17,66
2016-09-17 08:00:00,28,9,19
2016-09-17 09:00:00,4,2,2
2016-09-17 10:00:00,8,1,7
2016-09-17 11:00:00,20,5,15
2016-09-17 12:00:00,24,12,12
2016-09-17 13:00:00,25,10,15
2016-09-17 14:00:00,14,6,8
2016-09-17 15:00:00,23,15,8
2016-09-17 16:00:00,19,9,10
2016-09-17 17:00:00,23,8,15
2016-09-17 18:00:00,20,13,7
2016-09-17 19:00:00,16,10,6
2016-09-17 20:00:00,14,13,1
2016-09-17 21:00:00,7,2,5
2016-09-17 22:00:00,13,8,5
2016-09-17 23:00:00,2,0,2
2016-09-18 00:00:00,0,0,0
2016-09-18 01:00:00,1,0,1
2016-09-18 02:00:00,0,0,0
2016-09-18 03:00:00,0,0,0
2016-09-18 04:00:00,0,0,0
2016-09-18 05:00:00,2,2,0
2016-09-18 06:00:00,0,0,0
2016-09-18 07:00:00,4,1,3
2016-09-18 08:00:00,8,3,5
2016-09-18 09:00:00,13,9,4
2016-09-18 10:00:00,14,4,10
2016-09-18 11:00:00,12,4,8
2016-09-18 12:00:00,24,7,17
2016-09-18 13:00:00,30,18,12
2016-09-18 14:00:00,24,5,19
2016-09-18 15:00:00,18,5,13
2016-09-18 16:00:00,18,9,9
2016-09-18 17:00:00,19,11,8
2016-09-18 18:00:00,12,6,6
2016-09-18 19:00:00,8,3,5
2016-09-18 20:00:00,2,1,1
2016-09-18 21:00:00,5,1,4
2016-09-18 22:00:00,1,1,0
2016-09-18 23:00:00,6,4,2
2016-09-19 00:00:00,1,1,0
2016-09-19 01:00:00,0,0,0
2016-09-19 02:00:00,2,1,1
2016-09-19 03:00:00,0,0,0
2016-09-19 04:00:00,2,0,2
2016-09-19 05:00:00,6,4,2
2016-09-19 06:00:00,29,15,14
2016-09-19 07:00:00,40,16,24
2016-09-19 08:00:00,98,41,57
2016-09-19 09:00:00,62,29,33
2016-09-19 10:00:00,19,8,11
2016-09-19 11:00:00,18,13,5
2016-09-19 12:00:00,35,17,18
2016-09-19 13:00:00,27,18,9
2016-09-19 14:00:00,22,5,17
2016-09-19 15:00:00,46,19,27
2016-09-19 16:00:00,104,24,80
2016-09-19 17:00:00,139,36,103
2016-09-19 18:00:00,92,33,59
2016-09-19 19:00:00,28,13,15
2016-09-19 20:00:00,15,9,6
2016-09-19 21:00:00,5,2,3
2016-09-19 22:00:00,18,16,2
2016-09-19 23:00:00,4,0,4
2016-09-20 00:00:00,6,3,3
2016-09-20 01:00:00,1,0,1
2016-09-20 02:00:00,1,0,1
2016-09-20 03:00:00,0,0,0
2016-09-20 04:00:00,0,0,0
2016-09-20 05:00:00,8,6,2
2016-09-20 06:00:00,29,16,13
2016-09-20 07:00:00,93,42,51
2016-09-20 08:00:00,133,49,84
2016-09-20 09:00:00,61,30,31
2016-09-20 10:00:00,23,12,11
2016-09-20 11:00:00,28,16,12
2016-09-20 12:00:00,48,25,23
2016-09-20 13:00:00,41,20,21
2016-09-20 14:00:00,33,9,24
2016-09-20 15:00:00,54,16,38
2016-09-20 16:00:00,125,29,96
2016-09-20 17:00:00,212,61,151
2016-09-20 18:00:00,127,47,80
2016-09-20 19:00:00,32,18,14
2016-09-20 20:00:00,16,9,7
2016-09-20 21:00:00,10,5,5
2016-09-20 22:00:00,9,4,5
2016-09-20 23:00:00,12,10,2
2016-09-21 00:00:00,3,1,2
2016-09-21 01:00:00,3,2,1
2016-09-21 02:00:00,1,1,0
2016-09-21 03:00:00,0,0,0
2016-09-21 04:00:00,0,0,0
2016-09-21 05:00:00,14,10,4
2016-09-21 06:00:00,32,16,16
2016-09-21 07:00:00,85,39,46
2016-09-21 08:00:00,133,45,88
2016-09-21 09:00:00,80,31,49
2016-09-21 10:00:00,30,17,13
2016-09-21 11:00:00,41,12,29
2016-09-21 12:00:00,48,21,27
2016-09-21 13:00:00,46,19,27
2016-09-21 14:00:00,42,15,27
2016-09-21 15:00:00,67,17,50
2016-09-21 16:00:00,130,45,85
2016-09-21 17:00:00,201,69,132
2016-09-21 18:00:00,137,54,83
2016-09-21 19:00:00,33,15,18
2016-09-21 20:00:00,13,5,8
2016-09-21 21:00:00,15,4,11
2016-09-21 22:00:00,7,3,4
2016-09-21 23:00:00,5,3,2
2016-09-22 00:00:00,3,1,2
2016-09-22 01:00:00,1,1,0
2016-09-22 02:00:00,0,0,0
2016-09-22 03:00:00,4,1,3
2016-09-22 04:00:00,1,1,0
2016-09-22 05:00:00,9,5,4
2016-09-22 06:00:00,31,15,16
2016-09-22 07:00:00,81,37,44
2016-09-22 08:00:00,135,44,91
2016-09-22 09:00:00,64,28,36
2016-09-22 10:00:00,42,20,22
2016-09-22 11:00:00,42,15,27
2016-09-22 12:00:00,48,23,25
2016-09-22 13:00:00,46,26,20
2016-09-22 14:00:00,43,22,21
2016-09-22 15:00:00,58,13,45
2016-09-22 16:00:00,115,35,80
2016-09-22 17:00:00,192,66,126
2016-09-22 18:00:00,105,48,57
2016-09-22 19:00:00,46,23,23
2016-09-22 20:00:00,10,2,8
2016-09-22 21:00:00,8,4,4
2016-09-22 22:00:00,13,9,4
2016-09-22 23:00:00,3,0,3
2016-09-23 00:00:00,3,1,2
2016-09-23 01:00:00,1,1,0
2016-09-23 02:00:00,0,0,0
2016-09-23 03:00:00,1,1,0
2016-09-23 04:00:00,2,0,2
2016-09-23 05:00:00,7,5,2
2016-09-23 06:00:00,27,11,16
2016-09-23 07:00:00,40,20,20
2016-09-23 08:00:00,91,38,53
2016-09-23 09:00:00,48,20,28
2016-09-23 10:00:00,31,15,16
2016-09-23 11:00:00,28,12,16
2016-09-23 12:00:00,24,9,15
2016-09-23 13:00:00,43,17,26
2016-09-23 14:00:00,35,21,14
2016-09-23 15:00:00,40,12,28
2016-09-23 16:00:00,100,35,65
2016-09-23 17:00:00,138,42,96
2016-09-23 18:00:00,58,17,41
2016-09-23 19:00:00,27,13,14
2016-09-23 20:00:00,8,3,5
2016-09-23 21:00:00,6,2,4
2016-09-23 22:00:00,8,3,5
2016-09-23 23:00:00,3,3,0
2016-09-24 00:00:00,3,1,2
2016-09-24 01:00:00,5,1,4
2016-09-24 02:00:00,3,0,3
2016-09-24 03:00:00,0,0,0
2016-09-24 04:00:00,2,0,2
2016-09-24 05:00:00,1,1,0
2016-09-24 06:00:00,2,0,2
2016-09-24 07:00:00,7,4,3
2016-09-24 08:00:00,17,11,6
2016-09-24 09:00:00,11,7,4
2016-09-24 10:00:00,12,4,8
2016-09-24 11:00:00,29,18,11
2016-09-24 12:00:00,27,7,20
2016-09-24 13:00:00,33,19,14
2016-09-24 14:00:00,19,10,9
2016-09-24 15:00:00,35,13,22
2016-09-24 16:00:00,26,8,18
2016-09-24 17:00:00,25,8,17
2016-09-24 18:00:00,26,10,16
2016-09-24 19:00:00,7,5,2
2016-09-24 20:00:00,7,2,5
2016-09-24 21:00:00,5,1,4
2016-09-24 22:00:00,9,4,5
2016-09-24 23:00:00,2,0,2
2016-09-25 00:00:00,2,1,1
2016-09-25 01:00:00,4,2,2
2016-09-25 02:00:00,2,0,2
2016-09-25 03:00:00,1,0,1
2016-09-25 04:00:00,1,0,1
2016-09-25 05:00:00,1,1,0
2016-09-25 06:00:00,1,0,1
2016-09-25 07:00:00,5,0,5
2016-09-25 08:00:00,10,3,7
2016-09-25 09:00:00,28,11,17
2016-09-25 10:00:00,29,10,19
2016-09-25 11:00:00,39,22,17
2016-09-25 12:00:00,37,6,31
2016-09-25 13:00:00,21,7,14
2016-09-25 14:00:00,27,9,18
2016-09-25 15:00:00,28,12,16
2016-09-25 16:00:00,24,14,10
2016-09-25 17:00:00,28,19,9
2016-09-25 18:00:00,23,9,14
2016-09-25 19:00:00,22,11,11
2016-09-25 20:00:00,13,8,5
2016-09-25 21:00:00,12,10,2
2016-09-25 22:00:00,6,5,1
2016-09-25 23:00:00,2,1,1
2016-09-26 00:00:00,2,0,2
2016-09-26 01:00:00,0,0,0
2016-09-26 02:00:00,0,0,0
2016-09-26 03:00:00,0,0,0
2016-09-26 04:00:00,5,4,1
2016-09-26 05:00:00,5,4,1
2016-09-26 06:00:00,35,21,14
2016-09-26 07:00:00,89,34,55
2016-09-26 08:00:00,166,66,100
2016-09-26 09:00:00,59,31,28
2016-09-26 10:00:00,28,13,15
2016-09-26 11:00:00,34,19,15
2016-09-26 12:00:00,21,8,13
2016-09-26 13:00:00,34,19,15
2016-09-26 14:00:00,29,16,13
2016-09-26 15:00:00,48,18,30
2016-09-26 16:00:00,145,41,104
2016-09-26 17:00:00,224,60,164
2016-09-26 18:00:00,73,22,51
2016-09-26 19:00:00,27,13,14
2016-09-26 20:00:00,16,9,7
2016-09-26 21:00:00,9,5,4
2016-09-26 22:00:00,7,5,2
2016-09-26 23:00:00,1,1,0
2016-09-27 00:00:00,0,0,0
2016-09-27 01:00:00,0,0,0
2016-09-27 02:00:00,0,0,0
2016-09-27 03:00:00,0,0,0
2016-09-27 04:00:00,1,1,0
2016-09-27 05:00:00,8,5,3
2016-09-27 06:00:00,37,18,19
2016-09-27 07:00:00,76,36,40
2016-09-27 08:00:00,137,53,84
2016-09-27 09:00:00,77,35,42
2016-09-27 10:00:00,38,18,20
2016-09-27 11:00:00,39,16,23
2016-09-27 12:00:00,33,22,11
2016-09-27 13:00:00,35,17,18
2016-09-27 14:00:00,65,40,25
2016-09-27 15:00:00,66,28,38
2016-09-27 16:00:00,114,37,77
2016-09-27 17:00:00,203,60,143
2016-09-27 18:00:00,122,51,71
2016-09-27 19:00:00,31,12,19
2016-09-27 20:00:00,22,9,13
2016-09-27 21:00:00,6,2,4
2016-09-27 22:00:00,6,4,2
2016-09-27 23:00:00,2,1,1
2016-09-28 00:00:00,0,0,0
2016-09-28 01:00:00,0,0,0
2016-09-28 02:00:00,2,2,0
2016-09-28 03:00:00,0,0,0
2016-09-28 04:00:00,2,1,1
2016-09-28 05:00:00,6,5,1
2016-09-28 06:00:00,32,16,16
2016-09-28 07:00:00,76,37,39
2016-09-28 08:00:00,138,49,89
2016-09-28 09:00:00,72,32,40
2016-09-28 10:00:00,37,18,19
2016-09-28 11:00:00,35,16,19
2016-09-28 12:00:00,25,13,12
2016-09-28 13:00:00,36,13,23
2016-09-28 14:00:00,66,34,32
2016-09-28 15:00:00,75,23,52
2016-09-28 16:00:00,125,37,88
2016-09-28 17:00:00,187,54,133
2016-09-28 18:00:00,132,42,90
2016-09-28 19:00:00,36,10,26
2016-09-28 20:00:00,19,8,11
2016-09-28 21:00:00,32,28,4
2016-09-28 22:00:00,14,11,3
2016-09-28 23:00:00,5,4,1
2016-09-29 00:00:00,2,0,2
2016-09-29 01:00:00,2,1,1
2016-09-29 02:00:00,1,0,1
2016-09-29 03:00:00,0,0,0
2016-09-29 04:00:00,1,1,0
2016-09-29 05:00:00,16,12,4
2016-09-29 06:00:00,45,22,23
2016-09-29 07:00:00,82,28,54
2016-09-29 08:00:00,138,44,94
2016-09-29 09:00:00,69,30,39
2016-09-29 10:00:00,28,16,12
2016-09-29 11:00:00,48,29,19
2016-09-29 12:00:00,23,13,10
2016-09-29 13:00:00,34,17,17
2016-09-29 14:00:00,41,17,24
2016-09-29 15:00:00,50,22,28
2016-09-29 16:00:00,128,35,93
2016-09-29 17:00:00,178,65,113
2016-09-29 18:00:00,84,30,54
2016-09-29 19:00:00,38,16,22
2016-09-29 20:00:00,13,6,7
2016-09-29 21:00:00,10,5,5
2016-09-29 22:00:00,14,7,7
2016-09-29 23:00:00,6,4,2
2016-09-30 00:00:00,5,0,5
2016-09-30 01:00:00,1,0,1
2016-09-30 02:00:00,4,1,3
2016-09-30 03:00:00,0,0,0
2016-09-30 04:00:00,0,0,0
2016-09-30 05:00:00,3,3,0
2016-09-30 06:00:00,34,14,20
2016-09-30 07:00:00,67,29,38
2016-09-30 08:00:00,122,47,75
2016-09-30 09:00:00,69,34,35
2016-09-30 10:00:00,30,10,20
2016-09-30 11:00:00,31,12,19
2016-09-30 12:00:00,45,24,21
2016-09-30 13:00:00,29,10,19
2016-09-30 14:00:00,36,13,23
2016-09-30 15:00:00,74,30,44
2016-09-30 16:00:00,118,34,84
2016-09-30 17:00:00,139,34,105
2016-09-30 18:00:00,88,30,58
2016-09-30 19:00:00,26,8,18
2016-09-30 20:00:00,10,4,6
2016-09-30 21:00:00,7,4,3
2016-09-30 22:00:00,7,4,3
2016-09-30 23:00:00,3,3,0
2016-10-01 00:00:00,6,5,1
2016-10-01 01:00:00,2,0,2
2016-10-01 02:00:00,1,0,1
2016-10-01 03:00:00,0,0,0
2016-10-01 04:00:00,0,0,0
2016-10-01 05:00:00,1,1,0
2016-10-01 06:00:00,4,1,3
2016-10-01 07:00:00,6,2,4
2016-10-01 08:00:00,16,7,9
2016-10-01 09:00:00,7,2,5
2016-10-01 10:00:00,11,2,9
2016-10-01 11:00:00,24,11,13
2016-10-01 12:00:00,19,10,9
2016-10-01 13:00:00,14,9,5
2016-10-01 14:00:00,16,7,9
2016-10-01 15:00:00,27,15,12
2016-10-01 16:00:00,18,10,8
2016-10-01 17:00:00,17,3,14
2016-10-01 18:00:00,16,8,8
2016-10-01 19:00:00,21,21,0
2016-10-01 20:00:00,3,2,1
2016-10-01 21:00:00,3,1,2
2016-10-01 22:00:00,5,1,4
2016-10-01 23:00:00,6,3,3
2016-10-02 00:00:00,2,1,1
2016-10-02 01:00:00,0,0,0
2016-10-02 02:00:00,3,1,2
2016-10-02 03:00:00,1,1,0
2016-10-02 04:00:00,0,0,0
2016-10-02 05:00:00,1,0,1
2016-10-02 06:00:00,0,0,0
2016-10-02 07:00:00,5,2,3
2016-10-02 08:00:00,6,3,3
2016-10-02 09:00:00,10,4,6
2016-10-02 10:00:00,18,8,10
2016-10-02 11:00:00,33,10,23
2016-10-02 12:00:00,17,5,12
2016-10-02 13:00:00,23,11,12
2016-10-02 14:00:00,20,9,11
2016-10-02 15:00:00,31,20,11
2016-10-02 16:00:00,19,7,12
2016-10-02 17:00:00,15,10,5
2016-10-02 18:00:00,12,10,2
2016-10-02 19:00:00,14,6,8
2016-10-02 20:00:00,6,5,1
2016-10-02 21:00:00,2,0,2
2016-10-02 22:00:00,2,1,1
2016-10-02 23:00:00,0,0,0
2016-10-03 00:00:00,2,2,0
2016-10-03 01:00:00,0,0,0
2016-10-03 02:00:00,0,0,0
2016-10-03 03:00:00,0,0,0
2016-10-03 04:00:00,0,0,0
2016-10-03 05:00:00,9,3,6
2016-10-03 06:00:00,31,16,15
2016-10-03 07:00:00,76,36,40
2016-10-03 08:00:00,142,60,82
2016-10-03 09:00:00,65,33,32
2016-10-03 10:00:00,33,17,16
2016-10-03 11:00:00,27,13,14
2016-10-03 12:00:00,30,12,18
2016-10-03 13:00:00,27,14,13
2016-10-03 14:00:00,25,10,15
2016-10-03 15:00:00,48,17,31
2016-10-03 16:00:00,105,32,73
2016-10-03 17:00:00,169,41,128
2016-10-03 18:00:00,82,31,51
2016-10-03 19:00:00,26,9,17
2016-10-03 20:00:00,7,3,4
2016-10-03 21:00:00,9,3,6
2016-10-03 22:00:00,4,0,4
2016-10-03 23:00:00,5,3,2
2016-10-04 00:00:00,0,0,0
2016-10-04 01:00:00,0,0,0
2016-10-04 02:00:00,0,0,0
2016-10-04 03:00:00,2,0,2
2016-10-04 04:00:00,1,1,0
2016-10-04 05:00:00,5,4,1
2016-10-04 06:00:00,20,12,8
2016-10-04 07:00:00,53,22,31
2016-10-04 08:00:00,107,47,60
2016-10-04 09:00:00,54,23,31
2016-10-04 10:00:00,29,14,15
2016-10-04 11:00:00,24,11,13
2016-10-04 12:00:00,24,11,13
2016-10-04 13:00:00,18,7,11
2016-10-04 14:00:00,23,7,16
2016-10-04 15:00:00,43,8,35
2016-10-04 16:00:00,91,33,58
2016-10-04 17:00:00,143,44,99
2016-10-04 18:00:00,57,16,41
2016-10-04 19:00:00,24,11,13
2016-10-04 20:00:00,13,6,7
2016-10-04 21:00:00,4,1,3
2016-10-04 22:00:00,4,3,1
2016-10-04 23:00:00,1,1,0
2016-10-05 00:00:00,0,0,0
2016-10-05 01:00:00,1,1,0
2016-10-05 02:00:00,0,0,0
2016-10-05 03:00:00,0,0,0
2016-10-05 04:00:00,2,0,2
2016-10-05 05:00:00,7,5,2
2016-10-05 06:00:00,27,14,13
2016-10-05 07:00:00,49,24,25
2016-10-05 08:00:00,105,47,58
2016-10-05 09:00:00,61,31,30
2016-10-05 10:00:00,31,19,12
2016-10-05 11:00:00,18,11,7
2016-10-05 12:00:00,16,6,10
2016-10-05 13:00:00,23,14,9
2016-10-05 14:00:00,45,22,23
2016-10-05 15:00:00,51,13,38
2016-10-05 16:00:00,105,26,79
2016-10-05 17:00:00,148,51,97
2016-10-05 18:00:00,80,27,53
2016-10-05 19:00:00,15,8,7
2016-10-05 20:00:00,13,7,6
2016-10-05 21:00:00,6,2,4
2016-10-05 22:00:00,5,2,3
2016-10-05 23:00:00,0,0,0
2016-10-06 00:00:00,2,1,1
2016-10-06 01:00:00,0,0,0
2016-10-06 02:00:00,2,1,1
2016-10-06 03:00:00,0,0,0
2016-10-06 04:00:00,1,0,1
2016-10-06 05:00:00,3,2,1
2016-10-06 06:00:00,23,11,12
2016-10-06 07:00:00,61,32,29
2016-10-06 08:00:00,113,40,73
2016-10-06 09:00:00,62,29,33
2016-10-06 10:00:00,33,17,16
2016-10-06 11:00:00,37,24,13
2016-10-06 12:00:00,33,15,18
2016-10-06 13:00:00,30,18,12
2016-10-06 14:00:00,35,12,23
2016-10-06 15:00:00,52,19,33
2016-10-06 16:00:00,105,25,80
2016-10-06 17:00:00,159,46,113
2016-10-06 18:00:00,71,23,48
2016-10-06 19:00:00,26,13,13
2016-10-06 20:00:00,16,6,10
2016-10-06 21:00:00,6,4,2
2016-10-06 22:00:00,7,2,5
2016-10-06 23:00:00,1,1,0
2016-10-07 00:00:00,1,1,0
2016-10-07 01:00:00,0,0,0
2016-10-07 02:00:00,0,0,0
2016-10-07 03:00:00,0,0,0
2016-10-07 04:00:00,0,0,0
2016-10-07 05:00:00,2,2,0
2016-10-07 06:00:00,19,9,10
2016-10-07 07:00:00,53,23,30
2016-10-07 08:00:00,79,32,47
2016-10-07 09:00:00,50,25,25
2016-10-07 10:00:00,25,14,11
2016-10-07 11:00:00,37,18,19
2016-10-07 12:00:00,26,13,13
2016-10-07 13:00:00,23,10,13
2016-10-07 14:00:00,27,7,20
2016-10-07 15:00:00,39,20,19
2016-10-07 16:00:00,89,28,61
2016-10-07 17:00:00,106,38,68
2016-10-07 18:00:00,53,20,33
2016-10-07 19:00:00,25,15,10
2016-10-07 20:00:00,7,3,4
2016-10-07 21:00:00,7,1,6
2016-10-07 22:00:00,6,1,5
2016-10-07 23:00:00,6,2,4
2016-10-08 00:00:00,1,0,1
2016-10-08 01:00:00,0,0,0
2016-10-08 02:00:00,1,0,1
2016-10-08 03:00:00,1,0,1
2016-10-08 04:00:00,1,0,1
2016-10-08 05:00:00,0,0,0
2016-10-08 06:00:00,2,1,1
2016-10-08 07:00:00,2,0,2
2016-10-08 08:00:00,4,3,1
2016-10-08 09:00:00,12,5,7
2016-10-08 10:00:00,6,1,5
2016-10-08 11:00:00,15,4,11
2016-10-08 12:00:00,18,3,15
2016-10-08 13:00:00,5,3,2
2016-10-08 14:00:00,10,6,4
2016-10-08 15:00:00,3,0,3
2016-10-08 16:00:00,8,2,6
2016-10-08 17:00:00,5,1,4
2016-10-08 18:00:00,10,3,7
2016-10-08 19:00:00,8,7,1
2016-10-08 20:00:00,3,0,3
2016-10-08 21:00:00,1,1,0
2016-10-08 22:00:00,2,1,1
2016-10-08 23:00:00,3,2,1
2016-10-09 00:00:00,1,0,1
2016-10-09 01:00:00,1,0,1
2016-10-09 02:00:00,0,0,0
2016-10-09 03:00:00,1,1,0
2016-10-09 04:00:00,1,1,0
2016-10-09 05:00:00,1,1,0
2016-10-09 06:00:00,2,2,0
2016-10-09 07:00:00,1,1,0
2016-10-09 08:00:00,5,1,4
2016-10-09 09:00:00,10,3,7
2016-10-09 10:00:00,11,4,7
2016-10-09 11:00:00,12,4,8
2016-10-09 12:00:00,4,1,3
2016-10-09 13:00:00,15,9,6
2016-10-09 14:00:00,17,6,11
2016-10-09 15:00:00,10,5,5
2016-10-09 16:00:00,13,6,7
2016-10-09 17:00:00,22,11,11
2016-10-09 18:00:00,8,5,3
2016-10-09 19:00:00,0,0,0
2016-10-09 20:00:00,4,1,3
2016-10-09 21:00:00,3,2,1
2016-10-09 22:00:00,2,0,2
2016-10-09 23:00:00,2,1,1
2016-10-10 00:00:00,1,0,1
2016-10-10 01:00:00,0,0,0
2016-10-10 02:00:00,2,1,1
2016-10-10 03:00:00,0,0,0
2016-10-10 04:00:00,1,0,1
2016-10-10 05:00:00,4,4,0
2016-10-10 06:00:00,13,10,3
2016-10-10 07:00:00,66,29,37
2016-10-10 08:00:00,117,47,70
2016-10-10 09:00:00,67,30,37
2016-10-10 10:00:00,23,9,14
2016-10-10 11:00:00,26,13,13
2016-10-10 12:00:00,28,17,11
2016-10-10 13:00:00,21,9,12
2016-10-10 14:00:00,26,10,16
2016-10-10 15:00:00,44,12,32
2016-10-10 16:00:00,116,34,82
2016-10-10 17:00:00,166,42,124
2016-10-10 18:00:00,58,20,38
2016-10-10 19:00:00,27,14,13
2016-10-10 20:00:00,9,6,3
2016-10-10 21:00:00,12,5,7
2016-10-10 22:00:00,3,2,1
2016-10-10 23:00:00,4,2,2
2016-10-11 00:00:00,2,2,0
2016-10-11 01:00:00,0,0,0
2016-10-11 02:00:00,0,0,0
2016-10-11 03:00:00,0,0,0
2016-10-11 04:00:00,3,0,3
2016-10-11 05:00:00,9,5,4
2016-10-11 06:00:00,29,17,12
2016-10-11 07:00:00,67,33,34
2016-10-11 08:00:00,123,56,67
2016-10-11 09:00:00,73,36,37
2016-10-11 10:00:00,29,15,14
2016-10-11 11:00:00,31,16,15
2016-10-11 12:00:00,28,16,12
2016-10-11 13:00:00,30,14,16
2016-10-11 14:00:00,40,13,27
2016-10-11 15:00:00,61,25,36
2016-10-11 16:00:00,129,36,93
2016-10-11 17:00:00,172,56,116
2016-10-11 18:00:00,76,27,49
2016-10-11 19:00:00,21,10,11
2016-10-11 20:00:00,15,6,9
2016-10-11 21:00:00,9,3,6
2016-10-11 22:00:00,4,0,4
2016-10-11 23:00:00,4,2,2
2016-10-12 00:00:00,4,3,1
2016-10-12 01:00:00,1,1,0
2016-10-12 02:00:00,3,1,2
2016-10-12 03:00:00,5,5,0
2016-10-12 04:00:00,0,0,0
2016-10-12 05:00:00,9,6,3
2016-10-12 06:00:00,24,13,11
2016-10-12 07:00:00,73,36,37
2016-10-12 08:00:00,129,51,78
2016-10-12 09:00:00,69,31,38
2016-10-12 10:00:00,28,14,14
2016-10-12 11:00:00,57,32,25
2016-10-12 12:00:00,39,25,14
2016-10-12 13:00:00,27,9,18
2016-10-12 14:00:00,39,15,24
2016-10-12 15:00:00,59,13,46
2016-10-12 16:00:00,99,25,74
2016-10-12 17:00:00,181,51,130
2016-10-12 18:00:00,85,28,57
2016-10-12 19:00:00,43,14,29
2016-10-12 20:00:00,10,3,7
2016-10-12 21:00:00,20,16,4
2016-10-12 22:00:00,8,4,4
2016-10-12 23:00:00,3,2,1
2016-10-13 00:00:00,2,1,1
2016-10-13 01:00:00,0,0,0
2016-10-13 02:00:00,1,0,1
2016-10-13 03:00:00,2,0,2
2016-10-13 04:00:00,2,0,2
2016-10-13 05:00:00,2,2,0
2016-10-13 06:00:00,13,10,3
2016-10-13 07:00:00,24,13,11
2016-10-13 08:00:00,45,18,27
2016-10-13 09:00:00,22,13,9
2016-10-13 10:00:00,12,7,5
2016-10-13 11:00:00,22,14,8
2016-10-13 12:00:00,16,9,7
2016-10-13 13:00:00,11,9,2
2016-10-13 14:00:00,16,7,9
2016-10-13 15:00:00,33,7,26
2016-10-13 16:00:00,57,21,36
2016-10-13 17:00:00,64,17,47
2016-10-13 18:00:00,30,7,23
2016-10-13 19:00:00,14,4,10
2016-10-13 20:00:00,4,2,2
2016-10-13 21:00:00,2,1,1
2016-10-13 22:00:00,3,3,0
2016-10-13 23:00:00,0,0,0
2016-10-14 00:00:00,0,0,0
2016-10-14 01:00:00,0,0,0
2016-10-14 02:00:00,0,0,0
2016-10-14 03:00:00,0,0,0
2016-10-14 04:00:00,1,0,1
2016-10-14 05:00:00,3,2,1
2016-10-14 06:00:00,8,2,6
2016-10-14 07:00:00,11,4,7
2016-10-14 08:00:00,31,17,14
2016-10-14 09:00:00,24,6,18
2016-10-14 10:00:00,11,8,3
2016-10-14 11:00:00,12,8,4
2016-10-14 12:00:00,14,6,8
2016-10-14 13:00:00,9,7,2
2016-10-14 14:00:00,15,6,9
2016-10-14 15:00:00,16,6,10
2016-10-14 16:00:00,45,13,32
2016-10-14 17:00:00,46,17,29
2016-10-14 18:00:00,19,8,11
2016-10-14 19:00:00,6,3,3
2016-10-14 20:00:00,0,0,0
2016-10-14 21:00:00,1,1,0
2016-10-14 22:00:00,1,1,0
2016-10-14 23:00:00,0,0,0
2016-10-15 00:00:00,2,0,2
2016-10-15 01:00:00,0,0,0
2016-10-15 02:00:00,0,0,0
2016-10-15 03:00:00,2,1,1
2016-10-15 04:00:00,1,0,1
2016-10-15 05:00:00,0,0,0
2016-10-15 06:00:00,1,0,1
2016-10-15 07:00:00,2,1,1
2016-10-15 08:00:00,0,0,0
2016-10-15 09:00:00,1,0,1
2016-10-15 10:00:00,2,1,1
2016-10-15 11:00:00,1,0,1
2016-10-15 12:00:00,2,2,0
2016-10-15 13:00:00,4,1,3
2016-10-15 14:00:00,7,3,4
2016-10-15 15:00:00,6,2,4
2016-10-15 16:00:00,5,2,3
2016-10-15 17:00:00,5,5,0
2016-10-15 18:00:00,2,2,0
2016-10-15 19:00:00,2,0,2
2016-10-15 20:00:00,8,4,4
2016-10-15 21:00:00,1,0,1
2016-10-15 22:00:00,0,0,0
2016-10-15 23:00:00,3,1,2
2016-10-16 00:00:00,1,0,1
2016-10-16 01:00:00,1,0,1
2016-10-16 02:00:00,0,0,0
2016-10-16 03:00:00,0,0,0
2016-10-16 04:00:00,0,0,0
2016-10-16 05:00:00,1,0,1
2016-10-16 06:00:00,0,0,0
2016-10-16 07:00:00,1,0,1
2016-10-16 08:00:00,6,5,1
2016-10-16 09:00:00,4,1,3
2016-10-16 10:00:00,5,1,4
2016-10-16 11:00:00,10,3,7
2016-10-16 12:00:00,9,7,2
2016-10-16 13:00:00,6,4,2
2016-10-16 14:00:00,5,3,2
2016-10-16 15:00:00,6,3,3
2016-10-16 16:00:00,14,6,8
2016-10-16 17:00:00,12,6,6
2016-10-16 18:00:00,8,2,6
2016-10-16 19:00:00,2,1,1
2016-10-16 20:00:00,5,2,3
2016-10-16 21:00:00,0,0,0
2016-10-16 22:00:00,1,1,0
2016-10-16 23:00:00,0,0,0
2016-10-17 00:00:00,0,0,0
2016-10-17 01:00:00,0,0,0
2016-10-17 02:00:00,0,0,0
2016-10-17 03:00:00,0,0,0
2016-10-17 04:00:00,2,1,1
2016-10-17 05:00:00,6,4,2
2016-10-17 06:00:00,17,12,5
2016-10-17 07:00:00,47,24,23
2016-10-17 08:00:00,94,39,55
2016-10-17 09:00:00,49,24,25
2016-10-17 10:00:00,12,7,5
2016-10-17 11:00:00,13,7,6
2016-10-17 12:00:00,16,7,9
2016-10-17 13:00:00,20,9,11
2016-10-17 14:00:00,24,9,15
2016-10-17 15:00:00,31,11,20
2016-10-17 16:00:00,91,31,60
2016-10-17 17:00:00,135,33,102
2016-10-17 18:00:00,43,13,30
2016-10-17 19:00:00,18,7,11
2016-10-17 20:00:00,11,4,7
2016-10-17 21:00:00,3,2,1
2016-10-17 22:00:00,2,1,1
2016-10-17 23:00:00,3,0,3
2016-10-18 00:00:00,0,0,0
2016-10-18 01:00:00,1,1,0
2016-10-18 02:00:00,0,0,0
2016-10-18 03:00:00,0,0,0
2016-10-18 04:00:00,3,2,1
2016-10-18 05:00:00,4,2,2
2016-10-18 06:00:00,26,16,10
2016-10-18 07:00:00,49,25,24
2016-10-18 08:00:00,98,46,52
2016-10-18 09:00:00,53,24,29
2016-10-18 10:00:00,27,13,14
2016-10-18 11:00:00,23,14,9
2016-10-18 12:00:00,26,11,15
2016-10-18 13:00:00,28,13,15
2016-10-18 14:00:00,35,10,25
2016-10-18 15:00:00,31,12,19
2016-10-18 16:00:00,77,24,53
2016-10-18 17:00:00,146,46,100
2016-10-18 18:00:00,54,19,35
2016-10-18 19:00:00,21,12,9
2016-10-18 20:00:00,14,5,9
2016-10-18 21:00:00,6,3,3
2016-10-18 22:00:00,5,3,2
2016-10-18 23:00:00,9,5,4
2016-10-19 00:00:00,0,0,0
2016-10-19 01:00:00,2,2,0
2016-10-19 02:00:00,2,2,0
2016-10-19 03:00:00,0,0,0
2016-10-19 04:00:00,1,0,1
2016-10-19 05:00:00,5,4,1
2016-10-19 06:00:00,31,14,17
2016-10-19 07:00:00,59,32,27
2016-10-19 08:00:00,122,55,67
2016-10-19 09:00:00,65,33,32
2016-10-19 10:00:00,23,12,11
2016-10-19 11:00:00,36,19,17
2016-10-19 12:00:00,19,9,10
2016-10-19 13:00:00,30,13,17
2016-10-19 14:00:00,32,13,19
2016-10-19 15:00:00,51,22,29
2016-10-19 16:00:00,114,31,83
2016-10-19 17:00:00,159,56,103
2016-10-19 18:00:00,61,20,41
2016-10-19 19:00:00,27,12,15
2016-10-19 20:00:00,12,7,5
2016-10-19 21:00:00,4,1,3
2016-10-19 22:00:00,6,4,2
2016-10-19 23:00:00,3,0,3
2016-10-20 00:00:00,0,0,0
2016-10-20 01:00:00,0,0,0
2016-10-20 02:00:00,0,0,0
2016-10-20 03:00:00,23,23,0
2016-10-20 04:00:00,1,0,1
2016-10-20 05:00:00,2,2,0
2016-10-20 06:00:00,14,8,6
2016-10-20 07:00:00,42,20,22
2016-10-20 08:00:00,66,22,44
2016-10-20 09:00:00,34,16,18
2016-10-20 10:00:00,18,10,8
2016-10-20 11:00:00,19,10,9
2016-10-20 12:00:00,19,9,10
2016-10-20 13:00:00,12,6,6
2016-10-20 14:00:00,17,9,8
2016-10-20 15:00:00,31,10,21
2016-10-20 16:00:00,76,30,46
2016-10-20 17:00:00,109,32,77
2016-10-20 18:00:00,45,14,31
2016-10-20 19:00:00,18,9,9
2016-10-20 20:00:00,12,8,4
2016-10-20 21:00:00,7,4,3
2016-10-20 22:00:00,4,1,3
2016-10-20 23:00:00,2,2,0
2016-10-21 00:00:00,0,0,0
2016-10-21 01:00:00,2,1,1
2016-10-21 02:00:00,0,0,0
2016-10-21 03:00:00,0,0,0
2016-10-21 04:00:00,1,0,1
2016-10-21 05:00:00,3,2,1
2016-10-21 06:00:00,22,12,10
2016-10-21 07:00:00,38,21,17
2016-10-21 08:00:00,80,36,44
2016-10-21 09:00:00,57,23,34
2016-10-21 10:00:00,28,12,16
2016-10-21 11:00:00,19,9,10
2016-10-21 12:00:00,36,13,23
2016-10-21 13:00:00,40,21,19
2016-10-21 14:00:00,31,18,13
2016-10-21 15:00:00,48,18,30
2016-10-21 16:00:00,92,36,56
2016-10-21 17:00:00,122,40,82
2016-10-21 18:00:00,51,20,31
2016-10-21 19:00:00,19,9,10
2016-10-21 20:00:00,16,11,5
2016-10-21 21:00:00,5,4,1
2016-10-21 22:00:00,6,3,3
2016-10-21 23:00:00,4,2,2
2016-10-22 00:00:00,2,2,0
2016-10-22 01:00:00,2,2,0
2016-10-22 02:00:00,0,0,0
2016-10-22 03:00:00,1,1,0
2016-10-22 04:00:00,0,0,0
2016-10-22 05:00:00,2,1,1
2016-10-22 06:00:00,0,0,0
2016-10-22 07:00:00,5,1,4
2016-10-22 08:00:00,13,3,10
2016-10-22 09:00:00,9,2,7
2016-10-22 10:00:00,9,1,8
2016-10-22 11:00:00,20,8,12
2016-10-22 12:00:00,19,7,12
2016-10-22 13:00:00,33,20,13
2016-10-22 14:00:00,23,11,12
2016-10-22 15:00:00,27,11,16
2016-10-22 16:00:00,21,11,10
2016-10-22 17:00:00,15,8,7
2016-10-22 18:00:00,17,9,8
2016-10-22 19:00:00,6,5,1
2016-10-22 20:00:00,12,3,9
2016-10-22 21:00:00,8,3,5
2016-10-22 22:00:00,8,3,5
2016-10-22 23:00:00,8,4,4
2016-10-23 00:00:00,2,1,1
2016-10-23 01:00:00,0,0,0
2016-10-23 02:00:00,3,1,2
2016-10-23 03:00:00,0,0,0
2016-10-23 04:00:00,0,0,0
2016-10-23 05:00:00,0,0,0
2016-10-23 06:00:00,1,0,1
2016-10-23 07:00:00,1,1,0
2016-10-23 08:00:00,4,2,2
2016-10-23 09:00:00,8,1,7
2016-10-23 10:00:00,11,5,6
2016-10-23 11:00:00,20,10,10
2016-10-23 12:00:00,41,11,30
2016-10-23 13:00:00,22,4,18
2016-10-23 14:00:00,19,7,12
2016-10-23 15:00:00,42,27,15
2016-10-23 16:00:00,24,14,10
2016-10-23 17:00:00,17,3,14
2016-10-23 18:00:00,9,6,3
2016-10-23 19:00:00,12,7,5
2016-10-23 20:00:00,5,4,1
2016-10-23 21:00:00,1,0,1
2016-10-23 22:00:00,6,3,3
2016-10-23 23:00:00,2,1,1
2016-10-24 00:00:00,1,1,0
2016-10-24 01:00:00,1,0,1
2016-10-24 02:00:00,1,0,1
2016-10-24 03:00:00,0,0,0
2016-10-24 04:00:00,1,0,1
2016-10-24 05:00:00,4,3,1
2016-10-24 06:00:00,30,18,12
2016-10-24 07:00:00,57,27,30
2016-10-24 08:00:00,110,45,65
2016-10-24 09:00:00,64,29,35
2016-10-24 10:00:00,35,23,12
2016-10-24 11:00:00,25,15,10
2016-10-24 12:00:00,24,10,14
2016-10-24 13:00:00,24,10,14
2016-10-24 14:00:00,31,11,20
2016-10-24 15:00:00,48,19,29
2016-10-24 16:00:00,98,37,61
2016-10-24 17:00:00,129,33,96
2016-10-24 18:00:00,50,19,31
2016-10-24 19:00:00,23,14,9
2016-10-24 20:00:00,9,4,5
2016-10-24 21:00:00,2,0,2
2016-10-24 22:00:00,2,1,1
2016-10-24 23:00:00,3,2,1
2016-10-25 00:00:00,2,1,1
2016-10-25 01:00:00,2,1,1
2016-10-25 02:00:00,1,0,1
2016-10-25 03:00:00,0,0,0
2016-10-25 04:00:00,3,0,3
2016-10-25 05:00:00,8,5,3
2016-10-25 06:00:00,27,13,14
2016-10-25 07:00:00,65,35,30
2016-10-25 08:00:00,97,39,58
2016-10-25 09:00:00,62,17,45
2016-10-25 10:00:00,35,16,19
2016-10-25 11:00:00,23,12,11
2016-10-25 12:00:00,25,12,13
2016-10-25 13:00:00,29,10,19
2016-10-25 14:00:00,33,17,16
2016-10-25 15:00:00,38,11,27
2016-10-25 16:00:00,94,30,64
2016-10-25 17:00:00,130,41,89
2016-10-25 18:00:00,71,25,46
2016-10-25 19:00:00,23,10,13
2016-10-25 20:00:00,9,2,7
2016-10-25 21:00:00,12,5,7
2016-10-25 22:00:00,3,2,1
2016-10-25 23:00:00,2,2,0
2016-10-26 00:00:00,3,2,1
2016-10-26 01:00:00,0,0,0
2016-10-26 02:00:00,4,2,2
2016-10-26 03:00:00,0,0,0
2016-10-26 04:00:00,3,1,2
2016-10-26 05:00:00,3,3,0
2016-10-26 06:00:00,24,13,11
2016-10-26 07:00:00,46,25,21
2016-10-26 08:00:00,63,25,38
2016-10-26 09:00:00,41,18,23
2016-10-26 10:00:00,22,12,10
2016-10-26 11:00:00,12,6,6
2016-10-26 12:00:00,19,7,12
2016-10-26 13:00:00,16,12,4
2016-10-26 14:00:00,16,6,10
2016-10-26 15:00:00,32,13,19
2016-10-26 16:00:00,67,23,44
2016-10-26 17:00:00,102,36,66
2016-10-26 18:00:00,40,20,20
2016-10-26 19:00:00,12,3,9
2016-10-26 20:00:00,15,3,12
2016-10-26 21:00:00,1,1,0
2016-10-26 22:00:00,1,1,0
2016-10-26 23:00:00,1,0,1
2016-10-27 00:00:00,1,1,0
2016-10-27 01:00:00,0,0,0
2016-10-27 02:00:00,1,0,1
2016-10-27 03:00:00,1,0,1
2016-10-27 04:00:00,2,0,2
2016-10-27 05:00:00,6,5,1
2016-10-27 06:00:00,19,8,11
2016-10-27 07:00:00,47,23,24
2016-10-27 08:00:00,90,33,57
2016-10-27 09:00:00,51,22,29
2016-10-27 10:00:00,30,16,14
2016-10-27 11:00:00,24,14,10
2016-10-27 12:00:00,29,18,11
2016-10-27 13:00:00,35,18,17
2016-10-27 14:00:00,40,14,26
2016-10-27 15:00:00,44,15,29
2016-10-27 16:00:00,92,31,61
2016-10-27 17:00:00,134,40,94
2016-10-27 18:00:00,80,27,53
2016-10-27 19:00:00,15,3,12
2016-10-27 20:00:00,13,6,7
2016-10-27 21:00:00,18,16,2
2016-10-27 22:00:00,8,3,5
2016-10-27 23:00:00,5,4,1
2016-10-28 00:00:00,2,2,0
2016-10-28 01:00:00,1,0,1
2016-10-28 02:00:00,0,0,0
2016-10-28 03:00:00,1,0,1
2016-10-28 04:00:00,0,0,0
2016-10-28 05:00:00,3,3,0
2016-10-28 06:00:00,29,11,18
2016-10-28 07:00:00,47,22,25
2016-10-28 08:00:00,81,29,52
2016-10-28 09:00:00,47,21,26
2016-10-28 10:00:00,21,12,9
2016-10-28 11:00:00,30,21,9
2016-10-28 12:00:00,37,19,18
2016-10-28 13:00:00,31,17,14
2016-10-28 14:00:00,37,14,23
2016-10-28 15:00:00,55,27,28
2016-10-28 16:00:00,87,22,65
2016-10-28 17:00:00,133,40,93
2016-10-28 18:00:00,61,16,45
2016-10-28 19:00:00,20,12,8
2016-10-28 20:00:00,11,6,5
2016-10-28 21:00:00,7,2,5
2016-10-28 22:00:00,4,1,3
2016-10-28 23:00:00,4,0,4
2016-10-29 00:00:00,2,1,1
2016-10-29 01:00:00,3,1,2
2016-10-29 02:00:00,1,0,1
2016-10-29 03:00:00,1,0,1
2016-10-29 04:00:00,1,1,0
2016-10-29 05:00:00,1,0,1
2016-10-29 06:00:00,2,1,1
2016-10-29 07:00:00,4,1,3
2016-10-29 08:00:00,7,3,4
2016-10-29 09:00:00,3,2,1
2016-10-29 10:00:00,5,1,4
2016-10-29 11:00:00,1,1,0
2016-10-29 12:00:00,3,2,1
2016-10-29 13:00:00,12,8,4
2016-10-29 14:00:00,9,3,6
2016-10-29 15:00:00,11,1,10
2016-10-29 16:00:00,15,6,9
2016-10-29 17:00:00,20,9,11
2016-10-29 18:00:00,18,11,7
2016-10-29 19:00:00,10,6,4
2016-10-29 20:00:00,7,5,2
2016-10-29 21:00:00,3,2,1
2016-10-29 22:00:00,13,7,6
2016-10-29 23:00:00,4,1,3
2016-10-30 00:00:00,2,2,0
2016-10-30 01:00:00,3,0,3
2016-10-30 02:00:00,3,1,2
2016-10-30 03:00:00,0,0,0
2016-10-30 04:00:00,0,0,0
2016-10-30 05:00:00,1,1,0
2016-10-30 06:00:00,0,0,0
2016-10-30 07:00:00,1,1,0
2016-10-30 08:00:00,4,2,2
2016-10-30 09:00:00,6,3,3
2016-10-30 10:00:00,10,6,4
2016-10-30 11:00:00,8,4,4
2016-10-30 12:00:00,17,13,4
2016-10-30 13:00:00,13,8,5
2016-10-30 14:00:00,4,1,3
2016-10-30 15:00:00,11,3,8
2016-10-30 16:00:00,8,4,4
2016-10-30 17:00:00,15,4,11
2016-10-30 18:00:00,11,3,8
2016-10-30 19:00:00,2,0,2
2016-10-30 20:00:00,8,7,1
2016-10-30 21:00:00,5,1,4
2016-10-30 22:00:00,5,3,2
2016-10-30 23:00:00,0,0,0
2016-10-31 00:00:00,0,0,0
2016-10-31 01:00:00,0,0,0
2016-10-31 02:00:00,2,0,2
2016-10-31 03:00:00,0,0,0
2016-10-31 04:00:00,1,0,1
2016-10-31 05:00:00,4,3,1
2016-10-31 06:00:00,20,12,8
2016-10-31 07:00:00,39,22,17
2016-10-31 08:00:00,68,28,40
2016-10-31 09:00:00,38,21,17
2016-10-31 10:00:00,19,12,7
2016-10-31 11:00:00,19,13,6
2016-10-31 12:00:00,16,7,9
2016-10-31 13:00:00,14,8,6
2016-10-31 14:00:00,23,4,19
2016-10-31 15:00:00,46,11,35
2016-10-31 16:00:00,103,30,73
2016-10-31 17:00:00,104,36,68
2016-10-31 18:00:00,33,14,19
2016-10-31 19:00:00,6,4,2
2016-10-31 20:00:00,2,1,1
2016-10-31 21:00:00,2,2,0
2016-10-31 22:00:00,1,1,0
2016-10-31 23:00:00,1,1,0
2016-11-01 00:00:00,1,0,1
2016-11-01 01:00:00,0,0,0
2016-11-01 02:00:00,0,0,0
2016-11-01 03:00:00,1,0,1
2016-11-01 04:00:00,2,1,1
2016-11-01 05:00:00,6,4,2
2016-11-01 06:00:00,24,11,13
2016-11-01 07:00:00,53,23,30
2016-11-01 08:00:00,72,33,39
2016-11-01 09:00:00,44,21,23
2016-11-01 10:00:00,22,10,12
2016-11-01 11:00:00,14,9,5
2016-11-01 12:00:00,26,16,10
2016-11-01 13:00:00,19,8,11
2016-11-01 14:00:00,22,9,13
2016-11-01 15:00:00,35,11,24
2016-11-01 16:00:00,74,24,50
2016-11-01 17:00:00,110,30,80
2016-11-01 18:00:00,52,17,35
2016-11-01 19:00:00,17,5,12
2016-11-01 20:00:00,6,3,3
2016-11-01 21:00:00,4,3,1
2016-11-01 22:00:00,3,2,1
2016-11-01 23:00:00,2,1,1
2016-11-02 00:00:00,1,0,1
2016-11-02 01:00:00,0,0,0
2016-11-02 02:00:00,0,0,0
2016-11-02 03:00:00,0,0,0
2016-11-02 04:00:00,1,0,1
2016-11-02 05:00:00,12,8,4
2016-11-02 06:00:00,19,12,7
2016-11-02 07:00:00,46,23,23
2016-11-02 08:00:00,68,32,36
2016-11-02 09:00:00,33,19,14
2016-11-02 10:00:00,19,10,9
2016-11-02 11:00:00,14,10,4
2016-11-02 12:00:00,19,12,7
2016-11-02 13:00:00,19,11,8
2016-11-02 14:00:00,20,10,10
2016-11-02 15:00:00,32,8,24
2016-11-02 16:00:00,73,15,58
2016-11-02 17:00:00,97,27,70
2016-11-02 18:00:00,44,22,22
2016-11-02 19:00:00,16,5,11
2016-11-02 20:00:00,7,4,3
2016-11-02 21:00:00,7,2,5
2016-11-02 22:00:00,2,0,2
2016-11-02 23:00:00,1,0,1
2016-11-03 00:00:00,1,1,0
2016-11-03 01:00:00,1,1,0
2016-11-03 02:00:00,1,0,1
2016-11-03 03:00:00,1,0,1
2016-11-03 04:00:00,1,0,1
2016-11-03 05:00:00,5,4,1
2016-11-03 06:00:00,25,13,12
2016-11-03 07:00:00,71,39,32
2016-11-03 08:00:00,110,44,66
2016-11-03 09:00:00,69,29,40
2016-11-03 10:00:00,43,14,29
2016-11-03 11:00:00,30,13,17
2016-11-03 12:00:00,26,14,12
2016-11-03 13:00:00,30,15,15
2016-11-03 14:00:00,36,14,22
2016-11-03 15:00:00,55,18,37
2016-11-03 16:00:00,99,35,64
2016-11-03 17:00:00,139,39,100
2016-11-03 18:00:00,82,24,58
2016-11-03 19:00:00,36,15,21
2016-11-03 20:00:00,17,5,12
2016-11-03 21:00:00,10,5,5
2016-11-03 22:00:00,7,3,4
2016-11-03 23:00:00,4,3,1
2016-11-04 00:00:00,1,0,1
2016-11-04 01:00:00,3,1,2
2016-11-04 02:00:00,2,1,1
2016-11-04 03:00:00,2,1,1
2016-11-04 04:00:00,3,0,3
2016-11-04 05:00:00,11,8,3
2016-11-04 06:00:00,20,8,12
2016-11-04 07:00:00,57,21,36
2016-11-04 08:00:00,85,31,54
2016-11-04 09:00:00,72,26,46
2016-11-04 10:00:00,36,19,17
2016-11-04 11:00:00,28,16,12
2016-11-04 12:00:00,34,23,11
2016-11-04 13:00:00,36,25,11
2016-11-04 14:00:00,27,8,19
2016-11-04 15:00:00,43,17,26
2016-11-04 16:00:00,97,33,64
2016-11-04 17:00:00,126,37,89
2016-11-04 18:00:00,58,19,39
2016-11-04 19:00:00,22,8,14
2016-11-04 20:00:00,8,3,5
2016-11-04 21:00:00,7,3,4
2016-11-04 22:00:00,4,3,1
2016-11-04 23:00:00,6,3,3
2016-11-05 00:00:00,3,2,1
2016-11-05 01:00:00,0,0,0
2016-11-05 02:00:00,4,2,2
2016-11-05 03:00:00,1,1,0
2016-11-05 04:00:00,1,0,1
2016-11-05 05:00:00,0,0,0
2016-11-05 06:00:00,2,1,1
2016-11-05 07:00:00,1,1,0
2016-11-05 08:00:00,4,3,1
2016-11-05 09:00:00,2,1,1
2016-11-05 10:00:00,2,0,2
2016-11-05 11:00:00,5,2,3
2016-11-05 12:00:00,9,4,5
2016-11-05 13:00:00,8,4,4
2016-11-05 14:00:00,15,8,7
2016-11-05 15:00:00,7,2,5
2016-11-05 16:00:00,13,4,9
2016-11-05 17:00:00,6,1,5
2016-11-05 18:00:00,5,2,3
2016-11-05 19:00:00,4,2,2
2016-11-05 20:00:00,2,1,1
2016-11-05 21:00:00,3,0,3
2016-11-05 22:00:00,4,1,3
2016-11-05 23:00:00,3,1,2
2016-11-06 00:00:00,5,1,4
2016-11-06 01:00:00,8,4,4
2016-11-06 02:00:00,1,1,0
2016-11-06 03:00:00,0,0,0
2016-11-06 04:00:00,0,0,0
2016-11-06 05:00:00,0,0,0
2016-11-06 06:00:00,3,2,1
2016-11-06 07:00:00,0,0,0
2016-11-06 08:00:00,5,1,4
2016-11-06 09:00:00,8,4,4
2016-11-06 10:00:00,15,3,12
2016-11-06 11:00:00,15,2,13
2016-11-06 12:00:00,13,7,6
2016-11-06 13:00:00,17,9,8
2016-11-06 14:00:00,14,7,7
2016-11-06 15:00:00,28,9,19
2016-11-06 16:00:00,24,13,11
2016-11-06 17:00:00,12,6,6
2016-11-06 18:00:00,5,1,4
2016-11-06 19:00:00,4,2,2
2016-11-06 20:00:00,3,2,1
2016-11-06 21:00:00,5,1,4
2016-11-06 22:00:00,2,2,0
2016-11-06 23:00:00,3,1,2
2016-11-07 00:00:00,2,0,2
2016-11-07 01:00:00,0,0,0
2016-11-07 02:00:00,0,0,0
2016-11-07 03:00:00,0,0,0
2016-11-07 04:00:00,2,0,2
2016-11-07 05:00:00,8,8,0
2016-11-07 06:00:00,24,13,11
2016-11-07 07:00:00,77,29,48
2016-11-07 08:00:00,119,52,67
2016-11-07 09:00:00,63,21,42
2016-11-07 10:00:00,25,14,11
2016-11-07 11:00:00,19,11,8
2016-11-07 12:00:00,27,7,20
2016-11-07 13:00:00,32,13,19
2016-11-07 14:00:00,31,11,20
2016-11-07 15:00:00,72,28,44
2016-11-07 16:00:00,127,35,92
2016-11-07 17:00:00,141,44,97
2016-11-07 18:00:00,55,19,36
2016-11-07 19:00:00,12,6,6
2016-11-07 20:00:00,15,5,10
2016-11-07 21:00:00,24,17,7
2016-11-07 22:00:00,6,2,4
2016-11-07 23:00:00,2,1,1
2016-11-08 00:00:00,1,1,0
2016-11-08 01:00:00,1,0,1
2016-11-08 02:00:00,0,0,0
2016-11-08 03:00:00,0,0,0
2016-11-08 04:00:00,2,0,2
2016-11-08 05:00:00,7,4,3
2016-11-08 06:00:00,36,22,14
2016-11-08 07:00:00,82,34,48
2016-11-08 08:00:00,133,53,80
2016-11-08 09:00:00,66,25,41
2016-11-08 10:00:00,31,16,15
2016-11-08 11:00:00,27,14,13
2016-11-08 12:00:00,30,13,17
2016-11-08 13:00:00,43,21,22
2016-11-08 14:00:00,33,11,22
2016-11-08 15:00:00,65,29,36
2016-11-08 16:00:00,145,45,100
2016-11-08 17:00:00,137,47,90
2016-11-08 18:00:00,58,23,35
2016-11-08 19:00:00,15,10,5
2016-11-08 20:00:00,7,4,3
2016-11-08 21:00:00,9,4,5
2016-11-08 22:00:00,7,1,6
2016-11-08 23:00:00,4,1,3
2016-11-09 00:00:00,5,3,2
2016-11-09 01:00:00,0,0,0
2016-11-09 02:00:00,1,1,0
2016-11-09 03:00:00,1,1,0
2016-11-09 04:00:00,3,2,1
2016-11-09 05:00:00,7,6,1
2016-11-09 06:00:00,24,13,11
2016-11-09 07:00:00,37,17,20
2016-11-09 08:00:00,91,37,54
2016-11-09 09:00:00,52,23,29
2016-11-09 10:00:00,16,8,8
2016-11-09 11:00:00,30,18,12
2016-11-09 12:00:00,23,13,10
2016-11-09 13:00:00,21,12,9
2016-11-09 14:00:00,25,11,14
2016-11-09 15:00:00,44,10,34
2016-11-09 16:00:00,100,29,71
2016-11-09 17:00:00,116,47,69
2016-11-09 18:00:00,56,23,33
2016-11-09 19:00:00,40,12,28
2016-11-09 20:00:00,9,3,6
2016-11-09 21:00:00,6,3,3
2016-11-09 22:00:00,4,3,1
2016-11-09 23:00:00,2,0,2
2016-11-10 00:00:00,1,1,0
2016-11-10 01:00:00,3,3,0
2016-11-10 02:00:00,1,0,1
2016-11-10 03:00:00,0,0,0
2016-11-10 04:00:00,1,0,1
2016-11-10 05:00:00,3,3,0
2016-11-10 06:00:00,26,14,12
2016-11-10 07:00:00,68,21,47
2016-11-10 08:00:00,122,53,69
2016-11-10 09:00:00,68,27,41
2016-11-10 10:00:00,26,13,13
2016-11-10 11:00:00,27,11,16
2016-11-10 12:00:00,30,12,18
2016-11-10 13:00:00,35,18,17
2016-11-10 14:00:00,34,15,19
2016-11-10 15:00:00,50,14,36
2016-11-10 16:00:00,99,28,71
2016-11-10 17:00:00,121,43,78
2016-11-10 18:00:00,68,21,47
2016-11-10 19:00:00,19,5,14
2016-11-10 20:00:00,9,5,4
2016-11-10 21:00:00,13,2,11
2016-11-10 22:00:00,8,4,4
2016-11-10 23:00:00,2,2,0
2016-11-11 00:00:00,5,3,2
2016-11-11 01:00:00,2,1,1
2016-11-11 02:00:00,0,0,0
2016-11-11 03:00:00,1,1,0
2016-11-11 04:00:00,1,0,1
2016-11-11 05:00:00,1,1,0
2016-11-11 06:00:00,16,5,11
2016-11-11 07:00:00,55,24,31
2016-11-11 08:00:00,82,40,42
2016-11-11 09:00:00,51,27,24
2016-11-11 10:00:00,22,11,11
2016-11-11 11:00:00,24,9,15
2016-11-11 12:00:00,30,14,16
2016-11-11 13:00:00,30,17,13
2016-11-11 14:00:00,34,16,18
2016-11-11 15:00:00,52,16,36
2016-11-11 16:00:00,82,31,51
2016-11-11 17:00:00,100,37,63
2016-11-11 18:00:00,53,13,40
2016-11-11 19:00:00,22,8,14
2016-11-11 20:00:00,12,6,6
2016-11-11 21:00:00,10,3,7
2016-11-11 22:00:00,4,2,2
2016-11-11 23:00:00,8,4,4
2016-11-12 00:00:00,5,2,3
2016-11-12 01:00:00,2,1,1
2016-11-12 02:00:00,1,0,1
2016-11-12 03:00:00,3,2,1
2016-11-12 04:00:00,0,0,0
2016-11-12 05:00:00,1,0,1
2016-11-12 06:00:00,2,1,1
2016-11-12 07:00:00,1,1,0
2016-11-12 08:00:00,7,5,2
2016-11-12 09:00:00,3,2,1
2016-11-12 10:00:00,8,1,7
2016-11-12 11:00:00,9,6,3
2016-11-12 12:00:00,20,11,9
2016-11-12 13:00:00,14,8,6
2016-11-12 14:00:00,16,9,7
2016-11-12 15:00:00,15,4,11
2016-11-12 16:00:00,10,6,4
2016-11-12 17:00:00,10,6,4
2016-11-12 18:00:00,11,3,8
2016-11-12 19:00:00,4,3,1
2016-11-12 20:00:00,12,4,8
2016-11-12 21:00:00,4,2,2
2016-11-12 22:00:00,7,3,4
2016-11-12 23:00:00,6,5,1
2016-11-13 00:00:00,3,1,2
2016-11-13 01:00:00,1,1,0
2016-11-13 02:00:00,4,1,3
2016-11-13 03:00:00,1,1,0
2016-11-13 04:00:00,0,0,0
2016-11-13 05:00:00,1,0,1
2016-11-13 06:00:00,0,0,0
2016-11-13 07:00:00,1,0,1
2016-11-13 08:00:00,1,1,0
2016-11-13 09:00:00,3,1,2
2016-11-13 10:00:00,4,2,2
2016-11-13 11:00:00,4,2,2
2016-11-13 12:00:00,10,4,6
2016-11-13 13:00:00,4,1,3
2016-11-13 14:00:00,3,1,2
2016-11-13 15:00:00,4,1,3
2016-11-13 16:00:00,6,4,2
2016-11-13 17:00:00,8,3,5
2016-11-13 18:00:00,9,3,6
2016-11-13 19:00:00,4,3,1
2016-11-13 20:00:00,5,3,2
2016-11-13 21:00:00,3,2,1
2016-11-13 22:00:00,2,1,1
2016-11-13 23:00:00,0,0,0
2016-11-14 00:00:00,1,1,0
2016-11-14 01:00:00,2,0,2
2016-11-14 02:00:00,2,1,1
2016-11-14 03:00:00,0,0,0
2016-11-14 04:00:00,2,0,2
2016-11-14 05:00:00,8,5,3
2016-11-14 06:00:00,20,14,6
2016-11-14 07:00:00,59,25,34
2016-11-14 08:00:00,103,47,56
2016-11-14 09:00:00,70,30,40
2016-11-14 10:00:00,23,15,8
2016-11-14 11:00:00,29,16,13
2016-11-14 12:00:00,13,11,2
2016-11-14 13:00:00,12,6,6
2016-11-14 14:00:00,32,13,19
2016-11-14 15:00:00,37,12,25
2016-11-14 16:00:00,113,35,78
2016-11-14 17:00:00,130,43,87
2016-11-14 18:00:00,56,17,39
2016-11-14 19:00:00,18,9,9
2016-11-14 20:00:00,12,4,8
2016-11-14 21:00:00,12,6,6
2016-11-14 22:00:00,4,2,2
2016-11-14 23:00:00,2,1,1
2016-11-15 00:00:00,1,0,1
2016-11-15 01:00:00,0,0,0
2016-11-15 02:00:00,0,0,0
2016-11-15 03:00:00,0,0,0
2016-11-15 04:00:00,2,1,1
2016-11-15 05:00:00,7,4,3
2016-11-15 06:00:00,18,11,7
2016-11-15 07:00:00,57,26,31
2016-11-15 08:00:00,82,30,52
2016-11-15 09:00:00,51,21,30
2016-11-15 10:00:00,29,15,14
2016-11-15 11:00:00,28,10,18
2016-11-15 12:00:00,30,12,18
2016-11-15 13:00:00,25,8,17
2016-11-15 14:00:00,22,8,14
2016-11-15 15:00:00,36,12,24
2016-11-15 16:00:00,89,29,60
2016-11-15 17:00:00,100,29,71
2016-11-15 18:00:00,47,18,29
2016-11-15 19:00:00,22,10,12
2016-11-15 20:00:00,10,5,5
2016-11-15 21:00:00,5,2,3
2016-11-15 22:00:00,3,1,2
2016-11-15 23:00:00,5,2,3
2016-11-16 00:00:00,0,0,0
2016-11-16 01:00:00,1,1,0
2016-11-16 02:00:00,0,0,0
2016-11-16 03:00:00,0,0,0
2016-11-16 04:00:00,2,0,2
2016-11-16 05:00:00,9,5,4
2016-11-16 06:00:00,21,15,6
2016-11-16 07:00:00,57,22,35
2016-11-16 08:00:00,102,47,55
2016-11-16 09:00:00,52,25,27
2016-11-16 10:00:00,33,15,18
2016-11-16 11:00:00,31,14,17
2016-11-16 12:00:00,29,20,9
2016-11-16 13:00:00,32,11,21
2016-11-16 14:00:00,26,10,16
2016-11-16 15:00:00,56,22,34
2016-11-16 16:00:00,96,38,58
2016-11-16 17:00:00,114,38,76
2016-11-16 18:00:00,78,38,40
2016-11-16 19:00:00,23,10,13
2016-11-16 20:00:00,16,6,10
2016-11-16 21:00:00,6,2,4
2016-11-16 22:00:00,7,2,5
2016-11-16 23:00:00,1,0,1
2016-11-17 00:00:00,0,0,0
2016-11-17 01:00:00,0,0,0
2016-11-17 02:00:00,7,7,0
2016-11-17 03:00:00,19,17,2
2016-11-17 04:00:00,1,0,1
2016-11-17 05:00:00,7,5,2
2016-11-17 06:00:00,20,13,7
2016-11-17 07:00:00,64,28,36
2016-11-17 08:00:00,90,39,51
2016-11-17 09:00:00,63,28,35
2016-11-17 10:00:00,33,12,21
2016-11-17 11:00:00,31,14,17
2016-11-17 12:00:00,29,18,11
2016-11-17 13:00:00,25,12,13
2016-11-17 14:00:00,42,20,22
2016-11-17 15:00:00,60,28,32
2016-11-17 16:00:00,105,35,70
2016-11-17 17:00:00,130,38,92
2016-11-17 18:00:00,56,23,33
2016-11-17 19:00:00,31,16,15
2016-11-17 20:00:00,11,4,7
2016-11-17 21:00:00,12,5,7
2016-11-17 22:00:00,8,4,4
2016-11-17 23:00:00,4,0,4
2016-11-18 00:00:00,6,4,2
2016-11-18 01:00:00,0,0,0
2016-11-18 02:00:00,0,0,0
2016-11-18 03:00:00,2,1,1
2016-11-18 04:00:00,1,0,1
2016-11-18 05:00:00,9,5,4
2016-11-18 06:00:00,15,12,3
2016-11-18 07:00:00,54,26,28
2016-11-18 08:00:00,85,34,51
2016-11-18 09:00:00,55,23,32
2016-11-18 10:00:00,34,21,13
2016-11-18 11:00:00,24,14,10
2016-11-18 12:00:00,25,12,13
2016-11-18 13:00:00,32,17,15
2016-11-18 14:00:00,38,16,22
2016-11-18 15:00:00,50,17,33
2016-11-18 16:00:00,90,31,59
2016-11-18 17:00:00,105,41,64
2016-11-18 18:00:00,61,24,37
2016-11-18 19:00:00,16,5,11
2016-11-18 20:00:00,9,4,5
2016-11-18 21:00:00,2,1,1
2016-11-18 22:00:00,4,1,3
2016-11-18 23:00:00,2,0,2
2016-11-19 00:00:00,5,1,4
2016-11-19 01:00:00,0,0,0
2016-11-19 02:00:00,2,1,1
2016-11-19 03:00:00,1,0,1
2016-11-19 04:00:00,0,0,0
2016-11-19 05:00:00,0,0,0
2016-11-19 06:00:00,2,0,2
2016-11-19 07:00:00,3,2,1
2016-11-19 08:00:00,2,2,0
2016-11-19 09:00:00,7,2,5
2016-11-19 10:00:00,9,4,5
2016-11-19 11:00:00,14,5,9
2016-11-19 12:00:00,30,6,24
2016-11-19 13:00:00,20,7,13
2016-11-19 14:00:00,13,8,5
2016-11-19 15:00:00,20,11,9
2016-11-19 16:00:00,28,10,18
2016-11-19 17:00:00,17,5,12
2016-11-19 18:00:00,21,11,10
2016-11-19 19:00:00,9,5,4
2016-11-19 20:00:00,6,5,1
2016-11-19 21:00:00,3,0,3
2016-11-19 22:00:00,5,1,4
2016-11-19 23:00:00,4,2,2
2016-11-20 00:00:00,6,3,3
2016-11-20 01:00:00,3,1,2
2016-11-20 02:00:00,1,1,0
2016-11-20 03:00:00,2,0,2
2016-11-20 04:00:00,0,0,0
2016-11-20 05:00:00,1,1,0
2016-11-20 06:00:00,0,0,0
2016-11-20 07:00:00,2,1,1
2016-11-20 08:00:00,5,1,4
2016-11-20 09:00:00,9,5,4
2016-11-20 10:00:00,10,6,4
2016-11-20 11:00:00,10,5,5
2016-11-20 12:00:00,10,2,8
2016-11-20 13:00:00,7,1,6
2016-11-20 14:00:00,6,5,1
2016-11-20 15:00:00,13,2,11
2016-11-20 16:00:00,15,6,9
2016-11-20 17:00:00,10,4,6
2016-11-20 18:00:00,4,3,1
2016-11-20 19:00:00,4,2,2
2016-11-20 20:00:00,0,0,0
2016-11-20 21:00:00,1,1,0
2016-11-20 22:00:00,3,2,1
2016-11-20 23:00:00,3,3,0
2016-11-21 00:00:00,2,1,1
2016-11-21 01:00:00,0,0,0
2016-11-21 02:00:00,1,0,1
2016-11-21 03:00:00,0,0,0
2016-11-21 04:00:00,6,2,4
2016-11-21 05:00:00,5,2,3
2016-11-21 06:00:00,24,15,9
2016-11-21 07:00:00,56,20,36
2016-11-21 08:00:00,87,36,51
2016-11-21 09:00:00,58,24,34
2016-11-21 10:00:00,32,16,16
2016-11-21 11:00:00,25,15,10
2016-11-21 12:00:00,21,9,12
2016-11-21 13:00:00,28,14,14
2016-11-21 14:00:00,38,16,22
2016-11-21 15:00:00,34,12,22
2016-11-21 16:00:00,84,30,54
2016-11-21 17:00:00,125,41,84
2016-11-21 18:00:00,54,18,36
2016-11-21 19:00:00,28,15,13
2016-11-21 20:00:00,13,3,10
2016-11-21 21:00:00,16,5,11
2016-11-21 22:00:00,3,0,3
2016-11-21 23:00:00,0,0,0
2016-11-22 00:00:00,1,0,1
2016-11-22 01:00:00,0,0,0
2016-11-22 02:00:00,1,1,0
2016-11-22 03:00:00,0,0,0
2016-11-22 04:00:00,2,1,1
2016-11-22 05:00:00,6,6,0
2016-11-22 06:00:00,15,9,6
2016-11-22 07:00:00,45,25,20
2016-11-22 08:00:00,70,28,42
2016-11-22 09:00:00,47,25,22
2016-11-22 10:00:00,20,9,11
2016-11-22 11:00:00,25,17,8
2016-11-22 12:00:00,22,8,14
2016-11-22 13:00:00,24,12,12
2016-11-22 14:00:00,23,8,15
2016-11-22 15:00:00,32,13,19
2016-11-22 16:00:00,74,13,61
2016-11-22 17:00:00,108,29,79
2016-11-22 18:00:00,58,17,41
2016-11-22 19:00:00,26,8,18
2016-11-22 20:00:00,5,2,3
2016-11-22 21:00:00,9,6,3
2016-11-22 22:00:00,2,2,0
2016-11-22 23:00:00,0,0,0
2016-11-23 00:00:00,5,4,1
2016-11-23 01:00:00,2,1,1
2016-11-23 02:00:00,0,0,0
2016-11-23 03:00:00,1,0,1
2016-11-23 04:00:00,2,1,1
2016-11-23 05:00:00,1,1,0
2016-11-23 06:00:00,18,9,9
2016-11-23 07:00:00,30,17,13
2016-11-23 08:00:00,58,30,28
2016-11-23 09:00:00,42,23,19
2016-11-23 10:00:00,20,7,13
2016-11-23 11:00:00,18,8,10
2016-11-23 12:00:00,33,12,21
2016-11-23 13:00:00,23,9,14
2016-11-23 14:00:00,31,13,18
2016-11-23 15:00:00,38,15,23
2016-11-23 16:00:00,64,18,46
2016-11-23 17:00:00,69,25,44
2016-11-23 18:00:00,22,7,15
2016-11-23 19:00:00,5,3,2
2016-11-23 20:00:00,7,3,4
2016-11-23 21:00:00,6,2,4
2016-11-23 22:00:00,3,2,1
2016-11-23 23:00:00,6,2,4
2016-11-24 00:00:00,2,1,1
2016-11-24 01:00:00,0,0,0
2016-11-24 02:00:00,1,1,0
2016-11-24 03:00:00,0,0,0
2016-11-24 04:00:00,0,0,0
2016-11-24 05:00:00,0,0,0
2016-11-24 06:00:00,1,1,0
2016-11-24 07:00:00,1,1,0
2016-11-24 08:00:00,2,0,2
2016-11-24 09:00:00,1,1,0
2016-11-24 10:00:00,2,1,1
2016-11-24 11:00:00,0,0,0
2016-11-24 12:00:00,2,2,0
2016-11-24 13:00:00,1,1,0
2016-11-24 14:00:00,3,2,1
2016-11-24 15:00:00,6,4,2
2016-11-24 16:00:00,2,1,1
2016-11-24 17:00:00,0,0,0
2016-11-24 18:00:00,0,0,0
2016-11-24 19:00:00,0,0,0
2016-11-24 20:00:00,0,0,0
2016-11-24 21:00:00,0,0,0
2016-11-24 22:00:00,0,0,0
2016-11-24 23:00:00,2,0,2
2016-11-25 00:00:00,1,0,1
2016-11-25 01:00:00,0,0,0
2016-11-25 02:00:00,0,0,0
2016-11-25 03:00:00,1,1,0
2016-11-25 04:00:00,1,0,1
2016-11-25 05:00:00,1,1,0
2016-11-25 06:00:00,2,0,2
2016-11-25 07:00:00,10,7,3
2016-11-25 08:00:00,12,7,5
2016-11-25 09:00:00,8,4,4
2016-11-25 10:00:00,9,5,4
2016-11-25 11:00:00,9,5,4
2016-11-25 12:00:00,23,11,12
2016-11-25 13:00:00,22,12,10
2016-11-25 14:00:00,28,10,18
2016-11-25 15:00:00,21,9,12
2016-11-25 16:00:00,23,8,15
2016-11-25 17:00:00,19,8,11
2016-11-25 18:00:00,14,7,7
2016-11-25 19:00:00,11,5,6
2016-11-25 20:00:00,4,1,3
2016-11-25 21:00:00,4,1,3
2016-11-25 22:00:00,3,2,1
2016-11-25 23:00:00,1,0,1
2016-11-26 00:00:00,2,1,1
2016-11-26 01:00:00,0,0,0
2016-11-26 02:00:00,1,0,1
2016-11-26 03:00:00,1,0,1
2016-11-26 04:00:00,0,0,0
2016-11-26 05:00:00,0,0,0
2016-11-26 06:00:00,2,1,1
2016-11-26 07:00:00,1,0,1
2016-11-26 08:00:00,3,3,0
2016-11-26 09:00:00,3,1,2
2016-11-26 10:00:00,2,2,0
2016-11-26 11:00:00,0,0,0
2016-11-26 12:00:00,9,2,7
2016-11-26 13:00:00,16,7,9
2016-11-26 14:00:00,9,5,4
2016-11-26 15:00:00,10,3,7
2016-11-26 16:00:00,13,10,3
2016-11-26 17:00:00,7,4,3
2016-11-26 18:00:00,6,0,6
2016-11-26 19:00:00,5,2,3
2016-11-26 20:00:00,1,0,1
2016-11-26 21:00:00,4,1,3
2016-11-26 22:00:00,5,3,2
2016-11-26 23:00:00,2,0,2
2016-11-27 00:00:00,1,0,1
2016-11-27 01:00:00,3,2,1
2016-11-27 02:00:00,0,0,0
2016-11-27 03:00:00,1,1,0
2016-11-27 04:00:00,0,0,0
2016-11-27 05:00:00,0,0,0
2016-11-27 06:00:00,3,1,2
2016-11-27 07:00:00,0,0,0
2016-11-27 08:00:00,6,3,3
2016-11-27 09:00:00,9,5,4
2016-11-27 10:00:00,9,7,2
2016-11-27 11:00:00,3,2,1
2016-11-27 12:00:00,12,7,5
2016-11-27 13:00:00,8,3,5
2016-11-27 14:00:00,2,0,2
2016-11-27 15:00:00,2,0,2
2016-11-27 16:00:00,5,2,3
2016-11-27 17:00:00,7,3,4
2016-11-27 18:00:00,2,0,2
2016-11-27 19:00:00,4,2,2
2016-11-27 20:00:00,6,2,4
2016-11-27 21:00:00,1,1,0
2016-11-27 22:00:00,0,0,0
2016-11-27 23:00:00,1,0,1
2016-11-28 00:00:00,0,0,0
2016-11-28 01:00:00,1,1,0
2016-11-28 02:00:00,0,0,0
2016-11-28 03:00:00,1,0,1
2016-11-28 04:00:00,1,0,1
2016-11-28 05:00:00,10,4,6
2016-11-28 06:00:00,16,9,7
2016-11-28 07:00:00,61,28,33
2016-11-28 08:00:00,77,32,45
2016-11-28 09:00:00,67,39,28
2016-11-28 10:00:00,27,12,15
2016-11-28 11:00:00,15,6,9
2016-11-28 12:00:00,20,10,10
2016-11-28 13:00:00,18,9,9
2016-11-28 14:00:00,29,14,15
2016-11-28 15:00:00,36,11,25
2016-11-28 16:00:00,90,30,60
2016-11-28 17:00:00,134,42,92
2016-11-28 18:00:00,60,19,41
2016-11-28 19:00:00,20,9,11
2016-11-28 20:00:00,11,6,5
2016-11-28 21:00:00,7,3,4
2016-11-28 22:00:00,2,0,2
2016-11-28 23:00:00,4,2,2
2016-11-29 00:00:00,2,0,2
2016-11-29 01:00:00,0,0,0
2016-11-29 02:00:00,0,0,0
2016-11-29 03:00:00,0,0,0
2016-11-29 04:00:00,2,1,1
2016-11-29 05:00:00,8,5,3
2016-11-29 06:00:00,26,11,15
2016-11-29 07:00:00,58,29,29
2016-11-29 08:00:00,97,39,58
2016-11-29 09:00:00,64,31,33
2016-11-29 10:00:00,29,11,18
2016-11-29 11:00:00,26,11,15
2016-11-29 12:00:00,35,13,22
2016-11-29 13:00:00,27,12,15
2016-11-29 14:00:00,31,10,21
2016-11-29 15:00:00,40,12,28
2016-11-29 16:00:00,90,32,58
2016-11-29 17:00:00,160,56,104
2016-11-29 18:00:00,76,25,51
2016-11-29 19:00:00,20,8,12
2016-11-29 20:00:00,6,3,3
2016-11-29 21:00:00,6,3,3
2016-11-29 22:00:00,7,3,4
2016-11-29 23:00:00,2,2,0
2016-11-30 00:00:00,1,1,0
2016-11-30 01:00:00,0,0,0
2016-11-30 02:00:00,0,0,0
2016-11-30 03:00:00,0,0,0
2016-11-30 04:00:00,1,0,1
2016-11-30 05:00:00,7,4,3
2016-11-30 06:00:00,25,15,10
2016-11-30 07:00:00,54,32,22
2016-11-30 08:00:00,86,33,53
2016-11-30 09:00:00,54,23,31
2016-11-30 10:00:00,25,14,11
2016-11-30 11:00:00,22,15,7
2016-11-30 12:00:00,28,18,10
2016-11-30 13:00:00,18,12,6
2016-11-30 14:00:00,31,16,15
2016-11-30 15:00:00,34,10,24
2016-11-30 16:00:00,78,26,52
2016-11-30 17:00:00,109,34,75
2016-11-30 18:00:00,61,24,37
2016-11-30 19:00:00,22,8,14
2016-11-30 20:00:00,11,1,10
2016-11-30 21:00:00,2,1,1
2016-11-30 22:00:00,6,2,4
2016-11-30 23:00:00,3,2,1
2016-12-01 00:00:00,0,0,0
2016-12-01 01:00:00,0,0,0
2016-12-01 02:00:00,0,0,0
2016-12-01 03:00:00,1,0,1
2016-12-01 04:00:00,2,0,2
2016-12-01 05:00:00,7,4,3
2016-12-01 06:00:00,19,8,11
2016-12-01 07:00:00,64,30,34
2016-12-01 08:00:00,92,36,56
2016-12-01 09:00:00,56,30,26
2016-12-01 10:00:00,27,12,15
2016-12-01 11:00:00,20,12,8
2016-12-01 12:00:00,36,18,18
2016-12-01 13:00:00,21,11,10
2016-12-01 14:00:00,22,9,13
2016-12-01 15:00:00,45,21,24
2016-12-01 16:00:00,90,33,57
2016-12-01 17:00:00,124,35,89
2016-12-01 18:00:00,71,25,46
2016-12-01 19:00:00,33,18,15
2016-12-01 20:00:00,12,7,5
2016-12-01 21:00:00,4,4,0
2016-12-01 22:00:00,7,4,3
2016-12-01 23:00:00,4,2,2
2016-12-02 00:00:00,3,2,1
2016-12-02 01:00:00,0,0,0
2016-12-02 02:00:00,0,0,0
2016-12-02 03:00:00,1,1,0
2016-12-02 04:00:00,2,0,2
2016-12-02 05:00:00,6,3,3
2016-12-02 06:00:00,12,9,3
2016-12-02 07:00:00,40,21,19
2016-12-02 08:00:00,56,22,34
2016-12-02 09:00:00,39,26,13
2016-12-02 10:00:00,17,8,9
2016-12-02 11:00:00,13,6,7
2016-12-02 12:00:00,17,7,10
2016-12-02 13:00:00,23,11,12
2016-12-02 14:00:00,27,9,18
2016-12-02 15:00:00,26,9,17
2016-12-02 16:00:00,55,18,37
2016-12-02 17:00:00,81,29,52
2016-12-02 18:00:00,42,11,31
2016-12-02 19:00:00,21,11,10
2016-12-02 20:00:00,6,4,2
2016-12-02 21:00:00,3,3,0
2016-12-02 22:00:00,5,0,5
2016-12-02 23:00:00,3,1,2
2016-12-03 00:00:00,3,1,2
2016-12-03 01:00:00,1,0,1
2016-12-03 02:00:00,0,0,0
2016-12-03 03:00:00,2,0,2
2016-12-03 04:00:00,1,0,1
2016-12-03 05:00:00,1,0,1
2016-12-03 06:00:00,2,0,2
2016-12-03 07:00:00,2,1,1
2016-12-03 08:00:00,5,4,1
2016-12-03 09:00:00,5,2,3
2016-12-03 10:00:00,10,6,4
2016-12-03 11:00:00,10,7,3
2016-12-03 12:00:00,12,7,5
2016-12-03 13:00:00,14,4,10
2016-12-03 14:00:00,16,7,9
2016-12-03 15:00:00,14,3,11
2016-12-03 16:00:00,16,7,9
2016-12-03 17:00:00,6,3,3
2016-12-03 18:00:00,11,1,10
2016-12-03 19:00:00,4,1,3
2016-12-03 20:00:00,5,1,4
2016-12-03 21:00:00,2,0,2
2016-12-03 22:00:00,2,0,2
2016-12-03 23:00:00,0,0,0
2016-12-04 00:00:00,4,2,2
2016-12-04 01:00:00,0,0,0
2016-12-04 02:00:00,3,1,2
2016-12-04 03:00:00,1,0,1
2016-12-04 04:00:00,1,1,0
2016-12-04 05:00:00,1,1,0
2016-12-04 06:00:00,0,0,0
2016-12-04 07:00:00,1,1,0
2016-12-04 08:00:00,7,5,2
2016-12-04 09:00:00,3,2,1
2016-12-04 10:00:00,8,5,3
2016-12-04 11:00:00,12,5,7
2016-12-04 12:00:00,16,3,13
2016-12-04 13:00:00,25,9,16
2016-12-04 14:00:00,21,13,8
2016-12-04 15:00:00,23,10,13
2016-12-04 16:00:00,20,7,13
2016-12-04 17:00:00,13,4,9
2016-12-04 18:00:00,10,5,5
2016-12-04 19:00:00,7,2,5
2016-12-04 20:00:00,5,3,2
2016-12-04 21:00:00,10,5,5
2016-12-04 22:00:00,8,4,4
2016-12-04 23:00:00,2,2,0
2016-12-05 00:00:00,2,0,2
2016-12-05 01:00:00,1,1,0
2016-12-05 02:00:00,0,0,0
2016-12-05 03:00:00,1,1,0
2016-12-05 04:00:00,1,0,1
2016-12-05 05:00:00,8,4,4
2016-12-05 06:00:00,17,8,9
2016-12-05 07:00:00,29,16,13
2016-12-05 08:00:00,41,20,21
2016-12-05 09:00:00,29,15,14
2016-12-05 10:00:00,20,12,8
2016-12-05 11:00:00,8,5,3
2016-12-05 12:00:00,14,9,5
2016-12-05 13:00:00,20,12,8
2016-12-05 14:00:00,10,4,6
2016-12-05 15:00:00,19,4,15
2016-12-05 16:00:00,52,18,34
2016-12-05 17:00:00,77,26,51
2016-12-05 18:00:00,36,16,20
2016-12-05 19:00:00,9,2,7
2016-12-05 20:00:00,3,1,2
2016-12-05 21:00:00,1,0,1
2016-12-05 22:00:00,0,0,0
2016-12-05 23:00:00,0,0,0
2016-12-06 00:00:00,0,0,0
2016-12-06 01:00:00,1,0,1
2016-12-06 02:00:00,0,0,0
2016-12-06 03:00:00,0,0,0
2016-12-06 04:00:00,2,1,1
2016-12-06 05:00:00,5,3,2
2016-12-06 06:00:00,13,6,7
2016-12-06 07:00:00,39,16,23
2016-12-06 08:00:00,57,32,25
2016-12-06 09:00:00,39,21,18
2016-12-06 10:00:00,22,13,9
2016-12-06 11:00:00,25,16,9
2016-12-06 12:00:00,19,12,7
2016-12-06 13:00:00,21,8,13
2016-12-06 14:00:00,35,19,16
2016-12-06 15:00:00,25,8,17
2016-12-06 16:00:00,63,26,37
2016-12-06 17:00:00,103,38,65
2016-12-06 18:00:00,38,16,22
2016-12-06 19:00:00,11,5,6
2016-12-06 20:00:00,11,4,7
2016-12-06 21:00:00,3,2,1
2016-12-06 22:00:00,4,2,2
2016-12-06 23:00:00,1,0,1
2016-12-07 00:00:00,0,0,0
2016-12-07 01:00:00,0,0,0
2016-12-07 02:00:00,0,0,0
2016-12-07 03:00:00,2,1,1
2016-12-07 04:00:00,1,0,1
2016-12-07 05:00:00,7,5,2
2016-12-07 06:00:00,12,7,5
2016-12-07 07:00:00,39,21,18
2016-12-07 08:00:00,62,26,36
2016-12-07 09:00:00,42,20,22
2016-12-07 10:00:00,25,10,15
2016-12-07 11:00:00,28,18,10
2016-12-07 12:00:00,16,11,5
2016-12-07 13:00:00,19,10,9
2016-12-07 14:00:00,25,12,13
2016-12-07 15:00:00,44,16,28
2016-12-07 16:00:00,64,24,40
2016-12-07 17:00:00,86,34,52
2016-12-07 18:00:00,58,18,40
2016-12-07 19:00:00,16,7,9
2016-12-07 20:00:00,11,5,6
2016-12-07 21:00:00,7,4,3
2016-12-07 22:00:00,4,2,2
2016-12-07 23:00:00,1,0,1
2016-12-08 00:00:00,2,1,1
2016-12-08 01:00:00,1,1,0
2016-12-08 02:00:00,0,0,0
2016-12-08 03:00:00,0,0,0
2016-12-08 04:00:00,0,0,0
2016-12-08 05:00:00,9,5,4
2016-12-08 06:00:00,13,8,5
2016-12-08 07:00:00,30,18,12
2016-12-08 08:00:00,49,21,28
2016-12-08 09:00:00,43,23,20
2016-12-08 10:00:00,22,13,9
2016-12-08 11:00:00,22,9,13
2016-12-08 12:00:00,18,7,11
2016-12-08 13:00:00,21,7,14
2016-12-08 14:00:00,26,11,15
2016-12-08 15:00:00,31,13,18
2016-12-08 16:00:00,58,22,36
2016-12-08 17:00:00,90,27,63
2016-12-08 18:00:00,42,16,26
2016-12-08 19:00:00,17,5,12
2016-12-08 20:00:00,4,2,2
2016-12-08 21:00:00,8,3,5
2016-12-08 22:00:00,3,1,2
2016-12-08 23:00:00,1,1,0
2016-12-09 00:00:00,1,0,1
2016-12-09 01:00:00,1,0,1
2016-12-09 02:00:00,0,0,0
2016-12-09 03:00:00,2,1,1
2016-12-09 04:00:00,0,0,0
2016-12-09 05:00:00,3,1,2
2016-12-09 06:00:00,4,2,2
2016-12-09 07:00:00,7,3,4
2016-12-09 08:00:00,6,0,6
2016-12-09 09:00:00,19,9,10
2016-12-09 10:00:00,11,7,4
2016-12-09 11:00:00,17,12,5
2016-12-09 12:00:00,7,6,1
2016-12-09 13:00:00,14,10,4
2016-12-09 14:00:00,13,6,7
2016-12-09 15:00:00,10,4,6
2016-12-09 16:00:00,24,11,13
2016-12-09 17:00:00,20,9,11
2016-12-09 18:00:00,14,6,8
2016-12-09 19:00:00,11,3,8
2016-12-09 20:00:00,5,2,3
2016-12-09 21:00:00,0,0,0
2016-12-09 22:00:00,3,2,1
2016-12-09 23:00:00,2,2,0
2016-12-10 00:00:00,2,1,1
2016-12-10 01:00:00,0,0,0
2016-12-10 02:00:00,1,1,0
2016-12-10 03:00:00,0,0,0
2016-12-10 04:00:00,1,0,1
2016-12-10 05:00:00,1,0,1
2016-12-10 06:00:00,0,0,0
2016-12-10 07:00:00,4,0,4
2016-12-10 08:00:00,4,2,2
2016-12-10 09:00:00,10,4,6
2016-12-10 10:00:00,2,2,0
2016-12-10 11:00:00,8,3,5
2016-12-10 12:00:00,4,3,1
2016-12-10 13:00:00,12,7,5
2016-12-10 14:00:00,3,2,1
2016-12-10 15:00:00,8,5,3
2016-12-10 16:00:00,7,3,4
2016-12-10 17:00:00,7,2,5
2016-12-10 18:00:00,5,1,4
2016-12-10 19:00:00,4,3,1
2016-12-10 20:00:00,3,1,2
2016-12-10 21:00:00,2,1,1
2016-12-10 22:00:00,6,4,2
2016-12-10 23:00:00,1,1,0
2016-12-11 00:00:00,5,3,2
2016-12-11 01:00:00,2,2,0
2016-12-11 02:00:00,1,0,1
2016-12-11 03:00:00,0,0,0
2016-12-11 04:00:00,0,0,0
2016-12-11 05:00:00,0,0,0
2016-12-11 06:00:00,0,0,0
2016-12-11 07:00:00,1,1,0
2016-12-11 08:00:00,4,3,1
2016-12-11 09:00:00,4,2,2
2016-12-11 10:00:00,1,1,0
2016-12-11 11:00:00,5,3,2
2016-12-11 12:00:00,6,0,6
2016-12-11 13:00:00,9,6,3
2016-12-11 14:00:00,3,1,2
2016-12-11 15:00:00,4,1,3
2016-12-11 16:00:00,5,2,3
2016-12-11 17:00:00,3,0,3
2016-12-11 18:00:00,9,4,5
2016-12-11 19:00:00,2,0,2
2016-12-11 20:00:00,2,1,1
2016-12-11 21:00:00,0,0,0
2016-12-11 22:00:00,1,1,0
2016-12-11 23:00:00,1,0,1
2016-12-12 00:00:00,1,1,0
2016-12-12 01:00:00,0,0,0
2016-12-12 02:00:00,0,0,0
2016-12-12 03:00:00,0,0,0
2016-12-12 04:00:00,1,0,1
2016-12-12 05:00:00,6,3,3
2016-12-12 06:00:00,17,9,8
2016-12-12 07:00:00,43,26,17
2016-12-12 08:00:00,74,27,47
2016-12-12 09:00:00,50,31,19
2016-12-12 10:00:00,19,9,10
2016-12-12 11:00:00,11,5,6
2016-12-12 12:00:00,12,6,6
2016-12-12 13:00:00,25,16,9
2016-12-12 14:00:00,19,10,9
2016-12-12 15:00:00,34,14,20
2016-12-12 16:00:00,75,20,55
2016-12-12 17:00:00,101,30,71
2016-12-12 18:00:00,43,16,27
2016-12-12 19:00:00,19,8,11
2016-12-12 20:00:00,2,1,1
2016-12-12 21:00:00,8,4,4
2016-12-12 22:00:00,5,3,2
2016-12-12 23:00:00,3,2,1
2016-12-13 00:00:00,0,0,0
2016-12-13 01:00:00,0,0,0
2016-12-13 02:00:00,0,0,0
2016-12-13 03:00:00,3,3,0
2016-12-13 04:00:00,2,1,1
2016-12-13 05:00:00,5,2,3
2016-12-13 06:00:00,21,11,10
2016-12-13 07:00:00,50,24,26
2016-12-13 08:00:00,84,38,46
2016-12-13 09:00:00,65,32,33
2016-12-13 10:00:00,17,9,8
2016-12-13 11:00:00,20,10,10
2016-12-13 12:00:00,23,12,11
2016-12-13 13:00:00,25,12,13
2016-12-13 14:00:00,25,14,11
2016-12-13 15:00:00,32,13,19
2016-12-13 16:00:00,86,25,61
2016-12-13 17:00:00,110,35,75
2016-12-13 18:00:00,47,19,28
2016-12-13 19:00:00,28,11,17
2016-12-13 20:00:00,12,4,8
2016-12-13 21:00:00,2,0,2
2016-12-13 22:00:00,2,1,1
2016-12-13 23:00:00,1,1,0
2016-12-14 00:00:00,3,2,1
2016-12-14 01:00:00,0,0,0
2016-12-14 02:00:00,1,1,0
2016-12-14 03:00:00,1,1,0
2016-12-14 04:00:00,1,0,1
2016-12-14 05:00:00,12,9,3
2016-12-14 06:00:00,11,7,4
2016-12-14 07:00:00,29,15,14
2016-12-14 08:00:00,66,31,35
2016-12-14 09:00:00,48,20,28
2016-12-14 10:00:00,22,10,12
2016-12-14 11:00:00,22,11,11
2016-12-14 12:00:00,33,16,17
2016-12-14 13:00:00,35,20,15
2016-12-14 14:00:00,28,10,18
2016-12-14 15:00:00,32,13,19
2016-12-14 16:00:00,69,15,54
2016-12-14 17:00:00,98,30,68
2016-12-14 18:00:00,61,19,42
2016-12-14 19:00:00,11,3,8
2016-12-14 20:00:00,12,2,10
2016-12-14 21:00:00,5,2,3
2016-12-14 22:00:00,3,2,1
2016-12-14 23:00:00,4,4,0
2016-12-15 00:00:00,0,0,0
2016-12-15 01:00:00,0,0,0
2016-12-15 02:00:00,1,1,0
2016-12-15 03:00:00,0,0,0
2016-12-15 04:00:00,1,0,1
2016-12-15 05:00:00,7,3,4
2016-12-15 06:00:00,16,10,6
2016-12-15 07:00:00,37,15,22
2016-12-15 08:00:00,72,36,36
2016-12-15 09:00:00,37,22,15
2016-12-15 10:00:00,15,10,5
2016-12-15 11:00:00,25,15,10
2016-12-15 12:00:00,23,9,14
2016-12-15 13:00:00,22,10,12
2016-12-15 14:00:00,21,11,10
2016-12-15 15:00:00,41,21,20
2016-12-15 16:00:00,81,19,62
2016-12-15 17:00:00,86,33,53
2016-12-15 18:00:00,52,19,33
2016-12-15 19:00:00,19,8,11
2016-12-15 20:00:00,13,7,6
2016-12-15 21:00:00,8,4,4
2016-12-15 22:00:00,7,3,4
2016-12-15 23:00:00,5,1,4
2016-12-16 00:00:00,3,2,1
2016-12-16 01:00:00,0,0,0
2016-12-16 02:00:00,0,0,0
2016-12-16 03:00:00,1,1,0
2016-12-16 04:00:00,1,0,1
2016-12-16 05:00:00,3,2,1
2016-12-16 06:00:00,14,6,8
2016-12-16 07:00:00,27,18,9
2016-12-16 08:00:00,47,19,28
2016-12-16 09:00:00,33,21,12
2016-12-16 10:00:00,11,6,5
2016-12-16 11:00:00,18,9,9
2016-12-16 12:00:00,19,11,8
2016-12-16 13:00:00,24,14,10
2016-12-16 14:00:00,19,9,10
2016-12-16 15:00:00,37,14,23
2016-12-16 16:00:00,53,18,35
2016-12-16 17:00:00,76,25,51
2016-12-16 18:00:00,47,15,32
2016-12-16 19:00:00,12,5,7
2016-12-16 20:00:00,5,2,3
2016-12-16 21:00:00,4,2,2
2016-12-16 22:00:00,2,1,1
2016-12-16 23:00:00,4,1,3
2016-12-17 00:00:00,2,1,1
2016-12-17 01:00:00,1,1,0
2016-12-17 02:00:00,0,0,0
2016-12-17 03:00:00,0,0,0
2016-12-17 04:00:00,0,0,0
2016-12-17 05:00:00,1,0,1
2016-12-17 06:00:00,3,1,2
2016-12-17 07:00:00,2,0,2
2016-12-17 08:00:00,3,3,0
2016-12-17 09:00:00,4,2,2
2016-12-17 10:00:00,7,4,3
2016-12-17 11:00:00,5,2,3
2016-12-17 12:00:00,13,7,6
2016-12-17 13:00:00,14,5,9
2016-12-17 14:00:00,9,2,7
2016-12-17 15:00:00,10,4,6
2016-12-17 16:00:00,9,3,6
2016-12-17 17:00:00,11,7,4
2016-12-17 18:00:00,7,0,7
2016-12-17 19:00:00,5,2,3
2016-12-17 20:00:00,5,1,4
2016-12-17 21:00:00,0,0,0
2016-12-17 22:00:00,3,0,3
2016-12-17 23:00:00,0,0,0
2016-12-18 00:00:00,3,1,2
2016-12-18 01:00:00,1,0,1
2016-12-18 02:00:00,1,1,0
2016-12-18 03:00:00,1,1,0
2016-12-18 04:00:00,1,1,0
2016-12-18 05:00:00,0,0,0
2016-12-18 06:00:00,1,1,0
2016-12-18 07:00:00,1,0,1
2016-12-18 08:00:00,4,3,1
2016-12-18 09:00:00,1,1,0
2016-12-18 10:00:00,2,2,0
2016-12-18 11:00:00,4,3,1
2016-12-18 12:00:00,8,4,4
2016-12-18 13:00:00,9,5,4
2016-12-18 14:00:00,9,4,5
2016-12-18 15:00:00,6,2,4
2016-12-18 16:00:00,6,4,2
2016-12-18 17:00:00,7,2,5
2016-12-18 18:00:00,8,3,5
2016-12-18 19:00:00,1,1,0
2016-12-18 20:00:00,1,0,1
2016-12-18 21:00:00,1,0,1
2016-12-18 22:00:00,5,2,3
2016-12-18 23:00:00,0,0,0
2016-12-19 00:00:00,1,0,1
2016-12-19 01:00:00,0,0,0
2016-12-19 02:00:00,2,2,0
2016-12-19 03:00:00,0,0,0
2016-12-19 04:00:00,1,0,1
2016-12-19 05:00:00,4,2,2
2016-12-19 06:00:00,11,6,5
2016-12-19 07:00:00,34,20,14
2016-12-19 08:00:00,49,22,27
2016-12-19 09:00:00,41,19,22
2016-12-19 10:00:00,14,7,7
2016-12-19 11:00:00,7,3,4
2016-12-19 12:00:00,16,10,6
2016-12-19 13:00:00,18,9,9
2016-12-19 14:00:00,13,5,8
2016-12-19 15:00:00,25,13,12
2016-12-19 16:00:00,44,15,29
2016-12-19 17:00:00,97,30,67
2016-12-19 18:00:00,51,20,31
2016-12-19 19:00:00,14,7,7
2016-12-19 20:00:00,1,0,1
2016-12-19 21:00:00,2,0,2
2016-12-19 22:00:00,1,1,0
2016-12-19 23:00:00,0,0,0
2016-12-20 00:00:00,1,0,1
2016-12-20 01:00:00,1,0,1
2016-12-20 02:00:00,0,0,0
2016-12-20 03:00:00,3,2,1
2016-12-20 04:00:00,3,1,2
2016-12-20 05:00:00,7,3,4
2016-12-20 06:00:00,19,12,7
2016-12-20 07:00:00,36,18,18
2016-12-20 08:00:00,54,18,36
2016-12-20 09:00:00,43,24,19
2016-12-20 10:00:00,27,12,15
2016-12-20 11:00:00,15,4,11
2016-12-20 12:00:00,20,10,10
2016-12-20 13:00:00,20,11,9
2016-12-20 14:00:00,20,7,13
2016-12-20 15:00:00,35,13,22
2016-12-20 16:00:00,80,24,56
2016-12-20 17:00:00,91,31,60
2016-12-20 18:00:00,54,24,30
2016-12-20 19:00:00,14,5,9
2016-12-20 20:00:00,8,2,6
2016-12-20 21:00:00,3,1,2
2016-12-20 22:00:00,2,1,1
2016-12-20 23:00:00,0,0,0
2016-12-21 00:00:00,1,1,0
2016-12-21 01:00:00,0,0,0
2016-12-21 02:00:00,0,0,0
2016-12-21 03:00:00,0,0,0
2016-12-21 04:00:00,1,0,1
2016-12-21 05:00:00,6,4,2
2016-12-21 06:00:00,13,5,8
2016-12-21 07:00:00,27,11,16
2016-12-21 08:00:00,57,25,32
2016-12-21 09:00:00,37,19,18
2016-12-21 10:00:00,14,6,8
2016-12-21 11:00:00,30,12,18
2016-12-21 12:00:00,25,15,10
2016-12-21 13:00:00,17,10,7
2016-12-21 14:00:00,29,11,18
2016-12-21 15:00:00,43,14,29
2016-12-21 16:00:00,71,26,45
2016-12-21 17:00:00,87,31,56
2016-12-21 18:00:00,48,18,30
2016-12-21 19:00:00,16,4,12
2016-12-21 20:00:00,5,2,3
2016-12-21 21:00:00,6,4,2
2016-12-21 22:00:00,2,0,2
2016-12-21 23:00:00,2,0,2
2016-12-22 00:00:00,1,1,0
2016-12-22 01:00:00,0,0,0
2016-12-22 02:00:00,1,0,1
2016-12-22 03:00:00,1,0,1
2016-12-22 04:00:00,1,0,1
2016-12-22 05:00:00,4,2,2
2016-12-22 06:00:00,9,5,4
2016-12-22 07:00:00,29,18,11
2016-12-22 08:00:00,36,13,23
2016-12-22 09:00:00,37,23,14
2016-12-22 10:00:00,19,9,10
2016-12-22 11:00:00,20,6,14
2016-12-22 12:00:00,23,11,12
2016-12-22 13:00:00,14,7,7
2016-12-22 14:00:00,24,8,16
2016-12-22 15:00:00,29,8,21
2016-12-22 16:00:00,51,17,34
2016-12-22 17:00:00,51,13,38
2016-12-22 18:00:00,32,11,21
2016-12-22 19:00:00,13,7,6
2016-12-22 20:00:00,6,2,4
2016-12-22 21:00:00,2,1,1
2016-12-22 22:00:00,1,1,0
2016-12-22 23:00:00,5,3,2
2016-12-23 00:00:00,0,0,0
2016-12-23 01:00:00,0,0,0
2016-12-23 02:00:00,0,0,0
2016-12-23 03:00:00,0,0,0
2016-12-23 04:00:00,0,0,0
2016-12-23 05:00:00,3,2,1
2016-12-23 06:00:00,5,1,4
2016-12-23 07:00:00,8,4,4
2016-12-23 08:00:00,15,7,8
2016-12-23 09:00:00,7,4,3
2016-12-23 10:00:00,11,5,6
2016-12-23 11:00:00,3,3,0
2016-12-23 12:00:00,9,4,5
2016-12-23 13:00:00,16,9,7
2016-12-23 14:00:00,15,8,7
2016-12-23 15:00:00,13,6,7
2016-12-23 16:00:00,23,6,17
2016-12-23 17:00:00,14,2,12
2016-12-23 18:00:00,10,3,7
2016-12-23 19:00:00,2,1,1
2016-12-23 20:00:00,2,1,1
2016-12-23 21:00:00,4,2,2
2016-12-23 22:00:00,0,0,0
2016-12-23 23:00:00,4,2,2
2016-12-24 00:00:00,1,1,0
2016-12-24 01:00:00,0,0,0
2016-12-24 02:00:00,0,0,0
2016-12-24 03:00:00,0,0,0
2016-12-24 04:00:00,0,0,0
2016-12-24 05:00:00,0,0,0
2016-12-24 06:00:00,4,2,2
2016-12-24 07:00:00,4,0,4
2016-12-24 08:00:00,3,2,1
2016-12-24 09:00:00,0,0,0
2016-12-24 10:00:00,2,1,1
2016-12-24 11:00:00,7,2,5
2016-12-24 12:00:00,8,4,4
2016-12-24 13:00:00,11,5,6
2016-12-24 14:00:00,13,6,7
2016-12-24 15:00:00,11,3,8
2016-12-24 16:00:00,9,3,6
2016-12-24 17:00:00,9,7,2
2016-12-24 18:00:00,4,1,3
2016-12-24 19:00:00,2,2,0
2016-12-24 20:00:00,3,3,0
2016-12-24 21:00:00,0,0,0
2016-12-24 22:00:00,0,0,0
2016-12-24 23:00:00,2,1,1
2016-12-25 00:00:00,1,1,0
2016-12-25 01:00:00,2,2,0
2016-12-25 02:00:00,0,0,0
2016-12-25 03:00:00,0,0,0
2016-12-25 04:00:00,0,0,0
2016-12-25 05:00:00,0,0,0
2016-12-25 06:00:00,0,0,0
2016-12-25 07:00:00,1,0,1
2016-12-25 08:00:00,0,0,0
2016-12-25 09:00:00,2,1,1
2016-12-25 10:00:00,4,1,3
2016-12-25 11:00:00,4,3,1
2016-12-25 12:00:00,3,3,0
2016-12-25 13:00:00,5,2,3
2016-12-25 14:00:00,4,2,2
2016-12-25 15:00:00,3,0,3
2016-12-25 16:00:00,3,2,1
2016-12-25 17:00:00,1,1,0
2016-12-25 18:00:00,0,0,0
2016-12-25 19:00:00,1,1,0
2016-12-25 20:00:00,1,1,0
2016-12-25 21:00:00,1,0,1
2016-12-25 22:00:00,0,0,0
2016-12-25 23:00:00,0,0,0
2016-12-26 00:00:00,0,0,0
2016-12-26 01:00:00,0,0,0
2016-12-26 02:00:00,0,0,0
2016-12-26 03:00:00,0,0,0
2016-12-26 04:00:00,0,0,0
2016-12-26 05:00:00,1,1,0
2016-12-26 06:00:00,0,0,0
2016-12-26 07:00:00,6,3,3
2016-12-26 08:00:00,6,2,4
2016-12-26 09:00:00,5,2,3
2016-12-26 10:00:00,5,2,3
2016-12-26 11:00:00,7,4,3
2016-12-26 12:00:00,4,2,2
2016-12-26 13:00:00,7,4,3
2016-12-26 14:00:00,3,1,2
2016-12-26 15:00:00,5,2,3
2016-12-26 16:00:00,4,2,2
2016-12-26 17:00:00,4,1,3
2016-12-26 18:00:00,5,1,4
2016-12-26 19:00:00,1,1,0
2016-12-26 20:00:00,1,0,1
2016-12-26 21:00:00,1,0,1
2016-12-26 22:00:00,0,0,0
2016-12-26 23:00:00,1,1,0
2016-12-27 00:00:00,0,0,0
2016-12-27 01:00:00,1,0,1
2016-12-27 02:00:00,0,0,0
2016-12-27 03:00:00,0,0,0
2016-12-27 04:00:00,2,1,1
2016-12-27 05:00:00,4,1,3
2016-12-27 06:00:00,5,4,1
2016-12-27 07:00:00,23,12,11
2016-12-27 08:00:00,29,12,17
2016-12-27 09:00:00,21,17,4
2016-12-27 10:00:00,17,10,7
2016-12-27 11:00:00,14,5,9
2016-12-27 12:00:00,11,4,7
2016-12-27 13:00:00,13,8,5
2016-12-27 14:00:00,14,3,11
2016-12-27 15:00:00,21,11,10
2016-12-27 16:00:00,42,14,28
2016-12-27 17:00:00,45,17,28
2016-12-27 18:00:00,18,7,11
2016-12-27 19:00:00,8,6,2
2016-12-27 20:00:00,1,0,1
2016-12-27 21:00:00,3,0,3
2016-12-27 22:00:00,1,0,1
2016-12-27 23:00:00,3,1,2
2016-12-28 00:00:00,2,2,0
2016-12-28 01:00:00,0,0,0
2016-12-28 02:00:00,0,0,0
2016-12-28 03:00:00,1,0,1
2016-12-28 04:00:00,1,0,1
2016-12-28 05:00:00,4,0,4
2016-12-28 06:00:00,5,4,1
2016-12-28 07:00:00,25,14,11
2016-12-28 08:00:00,32,14,18
2016-12-28 09:00:00,31,17,14
2016-12-28 10:00:00,9,3,6
2016-12-28 11:00:00,19,12,7
2016-12-28 12:00:00,16,9,7
2016-12-28 13:00:00,26,15,11
2016-12-28 14:00:00,18,7,11
2016-12-28 15:00:00,27,9,18
2016-12-28 16:00:00,43,15,28
2016-12-28 17:00:00,61,20,41
2016-12-28 18:00:00,32,7,25
2016-12-28 19:00:00,11,6,5
2016-12-28 20:00:00,3,0,3
2016-12-28 21:00:00,5,4,1
2016-12-28 22:00:00,1,1,0
2016-12-28 23:00:00,3,1,2
2016-12-29 00:00:00,0,0,0
2016-12-29 01:00:00,0,0,0
2016-12-29 02:00:00,0,0,0
2016-12-29 03:00:00,0,0,0
2016-12-29 04:00:00,0,0,0
2016-12-29 05:00:00,1,0,1
2016-12-29 06:00:00,12,8,4
2016-12-29 07:00:00,19,9,10
2016-12-29 08:00:00,40,11,29
2016-12-29 09:00:00,22,13,9
2016-12-29 10:00:00,17,8,9
2016-12-29 11:00:00,7,3,4
2016-12-29 12:00:00,20,12,8
2016-12-29 13:00:00,18,7,11
2016-12-29 14:00:00,12,6,6
2016-12-29 15:00:00,16,3,13
2016-12-29 16:00:00,40,10,30
2016-12-29 17:00:00,48,23,25
2016-12-29 18:00:00,11,7,4
2016-12-29 19:00:00,8,4,4
2016-12-29 20:00:00,3,2,1
2016-12-29 21:00:00,2,1,1
2016-12-29 22:00:00,1,0,1
2016-12-29 23:00:00,2,1,1
2016-12-30 00:00:00,1,0,1
2016-12-30 01:00:00,2,2,0
2016-12-30 02:00:00,0,0,0
2016-12-30 03:00:00,0,0,0
2016-12-30 04:00:00,1,0,1
2016-12-30 05:00:00,1,0,1
2016-12-30 06:00:00,10,5,5
2016-12-30 07:00:00,13,6,7
2016-12-30 08:00:00,22,8,14
2016-12-30 09:00:00,15,8,7
2016-12-30 10:00:00,6,3,3
2016-12-30 11:00:00,10,1,9
2016-12-30 12:00:00,16,11,5
2016-12-30 13:00:00,14,7,7
2016-12-30 14:00:00,21,11,10
2016-12-30 15:00:00,31,16,15
2016-12-30 16:00:00,30,8,22
2016-12-30 17:00:00,18,8,10
2016-12-30 18:00:00,23,10,13
2016-12-30 19:00:00,7,2,5
2016-12-30 20:00:00,4,4,0
2016-12-30 21:00:00,2,0,2
2016-12-30 22:00:00,2,1,1
2016-12-30 23:00:00,2,1,1
2016-12-31 00:00:00,3,0,3
2016-12-31 01:00:00,1,1,0
2016-12-31 02:00:00,0,0,0
2016-12-31 03:00:00,0,0,0
2016-12-31 04:00:00,0,0,0
2016-12-31 05:00:00,1,1,0
2016-12-31 06:00:00,5,1,4
2016-12-31 07:00:00,0,0,0
2016-12-31 08:00:00,4,2,2
2016-12-31 09:00:00,4,2,2
2016-12-31 10:00:00,6,2,4
2016-12-31 11:00:00,6,2,4
2016-12-31 12:00:00,15,7,8
2016-12-31 13:00:00,12,6,6
2016-12-31 14:00:00,8,4,4
2016-12-31 15:00:00,6,3,3
2016-12-31 16:00:00,2,0,2
2016-12-31 17:00:00,6,2,4
2016-12-31 18:00:00,2,1,1
2016-12-31 19:00:00,2,1,1
2016-12-31 20:00:00,2,2,0
2016-12-31 21:00:00,1,0,1
2016-12-31 22:00:00,2,1,1
2016-12-31 23:00:00,3,2,1
2017-01-01 00:00:00,1,0,1
2017-01-01 01:00:00,3,1,2
2017-01-01 02:00:00,1,1,0
2017-01-01 03:00:00,2,1,1
2017-01-01 04:00:00,1,1,0
2017-01-01 05:00:00,0,0,0
2017-01-01 06:00:00,0,0,0
2017-01-01 07:00:00,1,1,0
2017-01-01 08:00:00,1,1,0
2017-01-01 09:00:00,0,0,0
2017-01-01 10:00:00,4,2,2
2017-01-01 11:00:00,5,3,2
2017-01-01 12:00:00,3,2,1
2017-01-01 13:00:00,0,0,0
2017-01-01 14:00:00,6,4,2
2017-01-01 15:00:00,6,3,3
2017-01-01 16:00:00,3,1,2
2017-01-01 17:00:00,4,1,3
2017-01-01 18:00:00,6,2,4
2017-01-01 19:00:00,0,0,0
2017-01-01 20:00:00,1,0,1
2017-01-01 21:00:00,2,0,2
2017-01-01 22:00:00,0,0,0
2017-01-01 23:00:00,0,0,0
2017-01-02 00:00:00,1,1,0
2017-01-02 01:00:00,0,0,0
2017-01-02 02:00:00,0,0,0
2017-01-02 03:00:00,0,0,0
2017-01-02 04:00:00,1,1,0
2017-01-02 05:00:00,0,0,0
2017-01-02 06:00:00,2,0,2
2017-01-02 07:00:00,2,1,1
2017-01-02 08:00:00,2,2,0
2017-01-02 09:00:00,7,5,2
2017-01-02 10:00:00,8,4,4
2017-01-02 11:00:00,6,2,4
2017-01-02 12:00:00,13,6,7
2017-01-02 13:00:00,12,5,7
2017-01-02 14:00:00,13,8,5
2017-01-02 15:00:00,14,7,7
2017-01-02 16:00:00,11,2,9
2017-01-02 17:00:00,10,3,7
2017-01-02 18:00:00,7,4,3
2017-01-02 19:00:00,4,2,2
2017-01-02 20:00:00,1,1,0
2017-01-02 21:00:00,1,1,0
2017-01-02 22:00:00,2,1,1
2017-01-02 23:00:00,0,0,0
2017-01-03 00:00:00,0,0,0
2017-01-03 01:00:00,0,0,0
2017-01-03 02:00:00,0,0,0
2017-01-03 03:00:00,0,0,0
2017-01-03 04:00:00,4,2,2
2017-01-03 05:00:00,10,4,6
2017-01-03 06:00:00,15,6,9
2017-01-03 07:00:00,41,17,24
2017-01-03 08:00:00,53,26,27
2017-01-03 09:00:00,35,17,18
2017-01-03 10:00:00,12,10,2
2017-01-03 11:00:00,9,3,6
2017-01-03 12:00:00,14,7,7
2017-01-03 13:00:00,13,8,5
2017-01-03 14:00:00,17,9,8
2017-01-03 15:00:00,29,10,19
2017-01-03 16:00:00,59,21,38
2017-01-03 17:00:00,88,25,63
2017-01-03 18:00:00,53,24,29
2017-01-03 19:00:00,13,5,8
2017-01-03 20:00:00,5,3,2
2017-01-03 21:00:00,0,0,0
2017-01-03 22:00:00,4,3,1
2017-01-03 23:00:00,3,1,2
2017-01-04 00:00:00,0,0,0
2017-01-04 01:00:00,1,0,1
2017-01-04 02:00:00,0,0,0
2017-01-04 03:00:00,0,0,0
2017-01-04 04:00:00,0,0,0
2017-01-04 05:00:00,8,5,3
2017-01-04 06:00:00,12,6,6
2017-01-04 07:00:00,34,17,17
2017-01-04 08:00:00,55,20,35
2017-01-04 09:00:00,28,18,10
2017-01-04 10:00:00,15,11,4
2017-01-04 11:00:00,15,6,9
2017-01-04 12:00:00,15,8,7
2017-01-04 13:00:00,22,16,6
2017-01-04 14:00:00,26,8,18
2017-01-04 15:00:00,22,8,14
2017-01-04 16:00:00,64,18,46
2017-01-04 17:00:00,86,30,56
2017-01-04 18:00:00,38,14,24
2017-01-04 19:00:00,11,1,10
2017-01-04 20:00:00,5,4,1
2017-01-04 21:00:00,1,0,1
2017-01-04 22:00:00,2,2,0
2017-01-04 23:00:00,3,1,2
2017-01-05 00:00:00,1,1,0
2017-01-05 01:00:00,0,0,0
2017-01-05 02:00:00,0,0,0
2017-01-05 03:00:00,5,2,3
2017-01-05 04:00:00,0,0,0
2017-01-05 05:00:00,8,5,3
2017-01-05 06:00:00,16,9,7
2017-01-05 07:00:00,31,14,17
2017-01-05 08:00:00,45,18,27
2017-01-05 09:00:00,41,21,20
2017-01-05 10:00:00,17,7,10
2017-01-05 11:00:00,25,16,9
2017-01-05 12:00:00,16,11,5
2017-01-05 13:00:00,18,13,5
2017-01-05 14:00:00,19,8,11
2017-01-05 15:00:00,29,12,17
2017-01-05 16:00:00,64,29,35
2017-01-05 17:00:00,99,30,69
2017-01-05 18:00:00,44,14,30
2017-01-05 19:00:00,16,9,7
2017-01-05 20:00:00,2,1,1
2017-01-05 21:00:00,5,1,4
2017-01-05 22:00:00,1,0,1
2017-01-05 23:00:00,1,0,1
2017-01-06 00:00:00,3,3,0
2017-01-06 01:00:00,1,1,0
2017-01-06 02:00:00,0,0,0
2017-01-06 03:00:00,2,0,2
2017-01-06 04:00:00,0,0,0
2017-01-06 05:00:00,5,2,3
2017-01-06 06:00:00,13,7,6
2017-01-06 07:00:00,30,10,20
2017-01-06 08:00:00,54,20,34
2017-01-06 09:00:00,38,24,14
2017-01-06 10:00:00,19,11,8
2017-01-06 11:00:00,19,11,8
2017-01-06 12:00:00,25,13,12
2017-01-06 13:00:00,26,14,12
2017-01-06 14:00:00,25,13,12
2017-01-06 15:00:00,27,7,20
2017-01-06 16:00:00,69,22,47
2017-01-06 17:00:00,76,29,47
2017-01-06 18:00:00,36,14,22
2017-01-06 19:00:00,15,5,10
2017-01-06 20:00:00,8,2,6
2017-01-06 21:00:00,1,0,1
2017-01-06 22:00:00,7,5,2
2017-01-06 23:00:00,0,0,0
2017-01-07 00:00:00,2,1,1
2017-01-07 01:00:00,4,1,3
2017-01-07 02:00:00,3,2,1
2017-01-07 03:00:00,0,0,0
2017-01-07 04:00:00,0,0,0
2017-01-07 05:00:00,0,0,0
2017-01-07 06:00:00,2,0,2
2017-01-07 07:00:00,2,1,1
2017-01-07 08:00:00,2,2,0
2017-01-07 09:00:00,2,1,1
2017-01-07 10:00:00,7,6,1
2017-01-07 11:00:00,5,3,2
2017-01-07 12:00:00,9,3,6
2017-01-07 13:00:00,10,6,4
2017-01-07 14:00:00,16,4,12
2017-01-07 15:00:00,19,9,10
2017-01-07 16:00:00,16,5,11
2017-01-07 17:00:00,17,7,10
2017-01-07 18:00:00,7,2,5
2017-01-07 19:00:00,4,1,3
2017-01-07 20:00:00,8,5,3
2017-01-07 21:00:00,12,7,5
2017-01-07 22:00:00,2,2,0
2017-01-07 23:00:00,4,1,3
2017-01-08 00:00:00,0,0,0
2017-01-08 01:00:00,0,0,0
2017-01-08 02:00:00,1,0,1
2017-01-08 03:00:00,0,0,0
2017-01-08 04:00:00,0,0,0
2017-01-08 05:00:00,0,0,0
2017-01-08 06:00:00,0,0,0
2017-01-08 07:00:00,1,0,1
2017-01-08 08:00:00,0,0,0
2017-01-08 09:00:00,4,1,3
2017-01-08 10:00:00,2,1,1
2017-01-08 11:00:00,5,4,1
2017-01-08 12:00:00,2,1,1
2017-01-08 13:00:00,4,3,1
2017-01-08 14:00:00,3,0,3
2017-01-08 15:00:00,2,1,1
2017-01-08 16:00:00,2,1,1
2017-01-08 17:00:00,1,1,0
2017-01-08 18:00:00,2,2,0
2017-01-08 19:00:00,0,0,0
2017-01-08 20:00:00,0,0,0
2017-01-08 21:00:00,0,0,0
2017-01-08 22:00:00,1,0,1
2017-01-08 23:00:00,0,0,0
2017-01-09 00:00:00,0,0,0
2017-01-09 01:00:00,1,1,0
2017-01-09 02:00:00,0,0,0
2017-01-09 03:00:00,0,0,0
2017-01-09 04:00:00,0,0,0
2017-01-09 05:00:00,9,3,6
2017-01-09 06:00:00,16,9,7
2017-01-09 07:00:00,30,12,18
2017-01-09 08:00:00,71,30,41
2017-01-09 09:00:00,58,30,28
2017-01-09 10:00:00,17,13,4
2017-01-09 11:00:00,14,8,6
2017-01-09 12:00:00,14,6,8
2017-01-09 13:00:00,13,8,5
2017-01-09 14:00:00,25,12,13
2017-01-09 15:00:00,30,12,18
2017-01-09 16:00:00,57,15,42
2017-01-09 17:00:00,111,42,69
2017-01-09 18:00:00,47,18,29
2017-01-09 19:00:00,11,5,6
2017-01-09 20:00:00,3,1,2
2017-01-09 21:00:00,4,1,3
2017-01-09 22:00:00,1,0,1
2017-01-09 23:00:00,1,0,1
2017-01-10 00:00:00,1,1,0
2017-01-10 01:00:00,0,0,0
2017-01-10 02:00:00,1,1,0
2017-01-10 03:00:00,1,1,0
2017-01-10 04:00:00,1,1,0
2017-01-10 05:00:00,8,3,5
2017-01-10 06:00:00,17,8,9
2017-01-10 07:00:00,43,25,18
2017-01-10 08:00:00,55,20,35
2017-01-10 09:00:00,39,22,17
2017-01-10 10:00:00,15,9,6
2017-01-10 11:00:00,10,7,3
2017-01-10 12:00:00,20,10,10
2017-01-10 13:00:00,14,8,6
2017-01-10 14:00:00,18,8,10
2017-01-10 15:00:00,29,11,18
2017-01-10 16:00:00,51,17,34
2017-01-10 17:00:00,84,27,57
2017-01-10 18:00:00,49,22,27
2017-01-10 19:00:00,11,4,7
2017-01-10 20:00:00,4,2,2
2017-01-10 21:00:00,1,1,0
2017-01-10 22:00:00,3,1,2
2017-01-10 23:00:00,0,0,0
2017-01-11 00:00:00,2,2,0
2017-01-11 01:00:00,0,0,0
2017-01-11 02:00:00,0,0,0
2017-01-11 03:00:00,0,0,0
2017-01-11 04:00:00,2,1,1
2017-01-11 05:00:00,9,5,4
2017-01-11 06:00:00,15,10,5
2017-01-11 07:00:00,32,11,21
2017-01-11 08:00:00,57,27,30
2017-01-11 09:00:00,41,18,23
2017-01-11 10:00:00,23,15,8
2017-01-11 11:00:00,14,7,7
2017-01-11 12:00:00,24,10,14
2017-01-11 13:00:00,13,8,5
2017-01-11 14:00:00,20,11,9
2017-01-11 15:00:00,27,13,14
2017-01-11 16:00:00,47,13,34
2017-01-11 17:00:00,90,36,54
2017-01-11 18:00:00,42,14,28
2017-01-11 19:00:00,11,4,7
2017-01-11 20:00:00,12,5,7
2017-01-11 21:00:00,6,3,3
2017-01-11 22:00:00,2,0,2
2017-01-11 23:00:00,3,3,0
2017-01-12 00:00:00,2,1,1
2017-01-12 01:00:00,0,0,0
2017-01-12 02:00:00,0,0,0
2017-01-12 03:00:00,1,0,1
2017-01-12 04:00:00,1,0,1
2017-01-12 05:00:00,8,5,3
2017-01-12 06:00:00,15,7,8
2017-01-12 07:00:00,39,21,18
2017-01-12 08:00:00,68,29,39
2017-01-12 09:00:00,31,18,13
2017-01-12 10:00:00,16,8,8
2017-01-12 11:00:00,17,9,8
2017-01-12 12:00:00,21,12,9
2017-01-12 13:00:00,23,11,12
2017-01-12 14:00:00,25,16,9
2017-01-12 15:00:00,29,10,19
2017-01-12 16:00:00,62,20,42
2017-01-12 17:00:00,91,37,54
2017-01-12 18:00:00,59,17,42
2017-01-12 19:00:00,17,6,11
2017-01-12 20:00:00,6,3,3
2017-01-12 21:00:00,2,1,1
2017-01-12 22:00:00,4,1,3
2017-01-12 23:00:00,1,1,0
2017-01-13 00:00:00,2,1,1
2017-01-13 01:00:00,0,0,0
2017-01-13 02:00:00,0,0,0
2017-01-13 03:00:00,1,1,0
2017-01-13 04:00:00,2,1,1
2017-01-13 05:00:00,3,1,2
2017-01-13 06:00:00,18,8,10
2017-01-13 07:00:00,29,12,17
2017-01-13 08:00:00,52,19,33
2017-01-13 09:00:00,30,18,12
2017-01-13 10:00:00,17,7,10
2017-01-13 11:00:00,21,11,10
2017-01-13 12:00:00,14,6,8
2017-01-13 13:00:00,27,13,14
2017-01-13 14:00:00,23,10,13
2017-01-13 15:00:00,39,12,27
2017-01-13 16:00:00,64,19,45
2017-01-13 17:00:00,76,36,40
2017-01-13 18:00:00,32,12,20
2017-01-13 19:00:00,13,5,8
2017-01-13 20:00:00,4,1,3
2017-01-13 21:00:00,6,5,1
2017-01-13 22:00:00,3,1,2
2017-01-13 23:00:00,2,0,2
2017-01-14 00:00:00,1,0,1
2017-01-14 01:00:00,3,0,3
2017-01-14 02:00:00,2,0,2
2017-01-14 03:00:00,0,0,0
2017-01-14 04:00:00,0,0,0
2017-01-14 05:00:00,0,0,0
2017-01-14 06:00:00,3,0,3
2017-01-14 07:00:00,0,0,0
2017-01-14 08:00:00,2,2,0
2017-01-14 09:00:00,3,1,2
2017-01-14 10:00:00,10,3,7
2017-01-14 11:00:00,11,5,6
2017-01-14 12:00:00,17,6,11
2017-01-14 13:00:00,21,11,10
2017-01-14 14:00:00,10,6,4
2017-01-14 15:00:00,11,5,6
2017-01-14 16:00:00,8,5,3
2017-01-14 17:00:00,5,4,1
2017-01-14 18:00:00,2,1,1
2017-01-14 19:00:00,4,3,1
2017-01-14 20:00:00,0,0,0
2017-01-14 21:00:00,0,0,0
2017-01-14 22:00:00,5,1,4
2017-01-14 23:00:00,0,0,0
2017-01-15 00:00:00,3,1,2
2017-01-15 01:00:00,1,0,1
2017-01-15 02:00:00,2,0,2
2017-01-15 03:00:00,0,0,0
2017-01-15 04:00:00,0,0,0
2017-01-15 05:00:00,0,0,0
2017-01-15 06:00:00,0,0,0
2017-01-15 07:00:00,0,0,0
2017-01-15 08:00:00,3,0,3
2017-01-15 09:00:00,5,3,2
2017-01-15 10:00:00,6,2,4
2017-01-15 11:00:00,2,1,1
2017-01-15 12:00:00,10,4,6
2017-01-15 13:00:00,9,5,4
2017-01-15 14:00:00,10,4,6
2017-01-15 15:00:00,4,3,1
2017-01-15 16:00:00,7,3,4
2017-01-15 17:00:00,5,0,5
2017-01-15 18:00:00,3,1,2
2017-01-15 19:00:00,6,5,1
2017-01-15 20:00:00,5,3,2
2017-01-15 21:00:00,6,3,3
2017-01-15 22:00:00,0,0,0
2017-01-15 23:00:00,0,0,0
2017-01-16 00:00:00,0,0,0
2017-01-16 01:00:00,2,1,1
2017-01-16 02:00:00,0,0,0
2017-01-16 03:00:00,0,0,0
2017-01-16 04:00:00,0,0,0
2017-01-16 05:00:00,3,3,0
2017-01-16 06:00:00,9,5,4
2017-01-16 07:00:00,15,7,8
2017-01-16 08:00:00,36,14,22
2017-01-16 09:00:00,25,16,9
2017-01-16 10:00:00,11,7,4
2017-01-16 11:00:00,12,7,5
2017-01-16 12:00:00,17,11,6
2017-01-16 13:00:00,25,7,18
2017-01-16 14:00:00,13,5,8
2017-01-16 15:00:00,22,14,8
2017-01-16 16:00:00,29,8,21
2017-01-16 17:00:00,49,14,35
2017-01-16 18:00:00,33,14,19
2017-01-16 19:00:00,8,1,7
2017-01-16 20:00:00,4,1,3
2017-01-16 21:00:00,5,2,3
2017-01-16 22:00:00,4,4,0
2017-01-16 23:00:00,0,0,0
2017-01-17 00:00:00,0,0,0
2017-01-17 01:00:00,0,0,0
2017-01-17 02:00:00,1,0,1
2017-01-17 03:00:00,0,0,0
2017-01-17 04:00:00,3,1,2
2017-01-17 05:00:00,8,4,4
2017-01-17 06:00:00,17,6,11
2017-01-17 07:00:00,34,17,17
2017-01-17 08:00:00,59,21,38
2017-01-17 09:00:00,41,22,19
2017-01-17 10:00:00,12,4,8
2017-01-17 11:00:00,10,6,4
2017-01-17 12:00:00,10,5,5
2017-01-17 13:00:00,8,6,2
2017-01-17 14:00:00,10,3,7
2017-01-17 15:00:00,21,6,15
2017-01-17 16:00:00,59,20,39
2017-01-17 17:00:00,78,18,60
2017-01-17 18:00:00,50,20,30
2017-01-17 19:00:00,10,4,6
2017-01-17 20:00:00,4,3,1
2017-01-17 21:00:00,2,1,1
2017-01-17 22:00:00,3,2,1
2017-01-17 23:00:00,0,0,0
2017-01-18 00:00:00,0,0,0
2017-01-18 01:00:00,0,0,0
2017-01-18 02:00:00,0,0,0
2017-01-18 03:00:00,0,0,0
2017-01-18 04:00:00,1,0,1
2017-01-18 05:00:00,5,4,1
2017-01-18 06:00:00,15,4,11
2017-01-18 07:00:00,29,17,12
2017-01-18 08:00:00,47,21,26
2017-01-18 09:00:00,31,15,16
2017-01-18 10:00:00,18,15,3
2017-01-18 11:00:00,15,9,6
2017-01-18 12:00:00,17,11,6
2017-01-18 13:00:00,11,8,3
2017-01-18 14:00:00,16,7,9
2017-01-18 15:00:00,31,11,20
2017-01-18 16:00:00,44,15,29
2017-01-18 17:00:00,70,20,50
2017-01-18 18:00:00,37,15,22
2017-01-18 19:00:00,16,6,10
2017-01-18 20:00:00,7,3,4
2017-01-18 21:00:00,3,0,3
2017-01-18 22:00:00,0,0,0
2017-01-18 23:00:00,1,1,0
2017-01-19 00:00:00,1,0,1
2017-01-19 01:00:00,0,0,0
2017-01-19 02:00:00,0,0,0
2017-01-19 03:00:00,3,2,1
2017-01-19 04:00:00,1,0,1
2017-01-19 05:00:00,5,3,2
2017-01-19 06:00:00,19,11,8
2017-01-19 07:00:00,24,16,8
2017-01-19 08:00:00,82,32,50
2017-01-19 09:00:00,42,21,21
2017-01-19 10:00:00,25,15,10
2017-01-19 11:00:00,17,5,12
2017-01-19 12:00:00,22,10,12
2017-01-19 13:00:00,15,9,6
2017-01-19 14:00:00,17,5,12
2017-01-19 15:00:00,24,7,17
2017-01-19 16:00:00,72,26,46
2017-01-19 17:00:00,96,34,62
2017-01-19 18:00:00,47,21,26
2017-01-19 19:00:00,19,7,12
2017-01-19 20:00:00,10,2,8
2017-01-19 21:00:00,4,0,4
2017-01-19 22:00:00,1,0,1
2017-01-19 23:00:00,5,3,2
2017-01-20 00:00:00,3,2,1
2017-01-20 01:00:00,0,0,0
2017-01-20 02:00:00,0,0,0
2017-01-20 03:00:00,2,1,1
2017-01-20 04:00:00,1,0,1
2017-01-20 05:00:00,2,1,1
2017-01-20 06:00:00,20,10,10
2017-01-20 07:00:00,45,25,20
2017-01-20 08:00:00,77,29,48
2017-01-20 09:00:00,50,23,27
2017-01-20 10:00:00,17,5,12
2017-01-20 11:00:00,21,11,10
2017-01-20 12:00:00,19,8,11
2017-01-20 13:00:00,31,16,15
2017-01-20 14:00:00,25,9,16
2017-01-20 15:00:00,45,13,32
2017-01-20 16:00:00,70,26,44
2017-01-20 17:00:00,82,30,52
2017-01-20 18:00:00,41,14,27
2017-01-20 19:00:00,21,7,14
2017-01-20 20:00:00,14,4,10
2017-01-20 21:00:00,8,7,1
2017-01-20 22:00:00,5,2,3
2017-01-20 23:00:00,5,3,2
2017-01-21 00:00:00,2,0,2
2017-01-21 01:00:00,2,1,1
2017-01-21 02:00:00,2,2,0
2017-01-21 03:00:00,1,1,0
2017-01-21 04:00:00,0,0,0
2017-01-21 05:00:00,0,0,0
2017-01-21 06:00:00,2,0,2
2017-01-21 07:00:00,4,2,2
2017-01-21 08:00:00,1,1,0
2017-01-21 09:00:00,12,1,11
2017-01-21 10:00:00,20,2,18
2017-01-21 11:00:00,35,10,25
2017-01-21 12:00:00,21,16,5
2017-01-21 13:00:00,30,21,9
2017-01-21 14:00:00,37,19,18
2017-01-21 15:00:00,32,6,26
2017-01-21 16:00:00,30,3,27
2017-01-21 17:00:00,12,4,8
2017-01-21 18:00:00,4,2,2
2017-01-21 19:00:00,1,0,1
2017-01-21 20:00:00,3,3,0
2017-01-21 21:00:00,1,0,1
2017-01-21 22:00:00,2,1,1
2017-01-21 23:00:00,0,0,0
2017-01-22 00:00:00,0,0,0
2017-01-22 01:00:00,5,2,3
2017-01-22 02:00:00,0,0,0
2017-01-22 03:00:00,0,0,0
2017-01-22 04:00:00,0,0,0
2017-01-22 05:00:00,0,0,0
2017-01-22 06:00:00,2,2,0
2017-01-22 07:00:00,2,1,1
2017-01-22 08:00:00,1,1,0
2017-01-22 09:00:00,6,2,4
2017-01-22 10:00:00,7,5,2
2017-01-22 11:00:00,3,2,1
2017-01-22 12:00:00,4,2,2
2017-01-22 13:00:00,4,4,0
2017-01-22 14:00:00,7,3,4
2017-01-22 15:00:00,6,4,2
2017-01-22 16:00:00,7,1,6
2017-01-22 17:00:00,5,1,4
2017-01-22 18:00:00,3,1,2
2017-01-22 19:00:00,2,1,1
2017-01-22 20:00:00,1,0,1
2017-01-22 21:00:00,1,1,0
2017-01-22 22:00:00,1,0,1
2017-01-22 23:00:00,0,0,0
2017-01-23 00:00:00,0,0,0
2017-01-23 01:00:00,0,0,0
2017-01-23 02:00:00,0,0,0
2017-01-23 03:00:00,2,1,1
2017-01-23 04:00:00,1,0,1
2017-01-23 05:00:00,9,5,4
2017-01-23 06:00:00,22,8,14
2017-01-23 07:00:00,50,22,28
2017-01-23 08:00:00,79,32,47
2017-01-23 09:00:00,47,26,21
2017-01-23 10:00:00,25,16,9
2017-01-23 11:00:00,14,8,6
2017-01-23 12:00:00,16,10,6
2017-01-23 13:00:00,16,10,6
2017-01-23 14:00:00,20,9,11
2017-01-23 15:00:00,31,8,23
2017-01-23 16:00:00,86,27,59
2017-01-23 17:00:00,123,47,76
2017-01-23 18:00:00,49,19,30
2017-01-23 19:00:00,20,9,11
2017-01-23 20:00:00,7,2,5
2017-01-23 21:00:00,4,2,2
2017-01-23 22:00:00,1,1,0
2017-01-23 23:00:00,2,2,0
2017-01-24 00:00:00,1,1,0
2017-01-24 01:00:00,0,0,0
2017-01-24 02:00:00,0,0,0
2017-01-24 03:00:00,1,1,0
2017-01-24 04:00:00,4,2,2
2017-01-24 05:00:00,10,5,5
2017-01-24 06:00:00,21,11,10
2017-01-24 07:00:00,48,26,22
2017-01-24 08:00:00,82,37,45
2017-01-24 09:00:00,51,28,23
2017-01-24 10:00:00,17,10,7
2017-01-24 11:00:00,14,9,5
2017-01-24 12:00:00,22,13,9
2017-01-24 13:00:00,33,17,16
2017-01-24 14:00:00,29,14,15
2017-01-24 15:00:00,32,14,18
2017-01-24 16:00:00,77,19,58
2017-01-24 17:00:00,110,38,72
2017-01-24 18:00:00,61,25,36
2017-01-24 19:00:00,20,6,14
2017-01-24 20:00:00,11,5,6
2017-01-24 21:00:00,3,0,3
2017-01-24 22:00:00,3,1,2
2017-01-24 23:00:00,1,1,0
2017-01-25 00:00:00,0,0,0
2017-01-25 01:00:00,0,0,0
2017-01-25 02:00:00,0,0,0
2017-01-25 03:00:00,1,1,0
2017-01-25 04:00:00,1,0,1
2017-01-25 05:00:00,10,4,6
2017-01-25 06:00:00,18,10,8
2017-01-25 07:00:00,39,14,25
2017-01-25 08:00:00,82,51,31
2017-01-25 09:00:00,57,29,28
2017-01-25 10:00:00,14,9,5
2017-01-25 11:00:00,18,9,9
2017-01-25 12:00:00,18,9,9
2017-01-25 13:00:00,20,14,6
2017-01-25 14:00:00,25,11,14
2017-01-25 15:00:00,43,16,27
2017-01-25 16:00:00,70,17,53
2017-01-25 17:00:00,111,41,70
2017-01-25 18:00:00,70,26,44
2017-01-25 19:00:00,18,5,13
2017-01-25 20:00:00,5,1,4
2017-01-25 21:00:00,3,2,1
2017-01-25 22:00:00,3,1,2
2017-01-25 23:00:00,4,3,1
2017-01-26 00:00:00,0,0,0
2017-01-26 01:00:00,1,0,1
2017-01-26 02:00:00,0,0,0
2017-01-26 03:00:00,1,0,1
2017-01-26 04:00:00,1,0,1
2017-01-26 05:00:00,10,4,6
2017-01-26 06:00:00,21,10,11
2017-01-26 07:00:00,55,27,28
2017-01-26 08:00:00,79,37,42
2017-01-26 09:00:00,46,21,25
2017-01-26 10:00:00,24,14,10
2017-01-26 11:00:00,22,10,12
2017-01-26 12:00:00,14,8,6
2017-01-26 13:00:00,19,14,5
2017-01-26 14:00:00,27,6,21
2017-01-26 15:00:00,37,15,22
2017-01-26 16:00:00,59,22,37
2017-01-26 17:00:00,137,50,87
2017-01-26 18:00:00,65,22,43
2017-01-26 19:00:00,19,10,9
2017-01-26 20:00:00,10,3,7
2017-01-26 21:00:00,7,5,2
2017-01-26 22:00:00,6,2,4
2017-01-26 23:00:00,3,1,2
2017-01-27 00:00:00,1,1,0
2017-01-27 01:00:00,4,4,0
2017-01-27 02:00:00,0,0,0
2017-01-27 03:00:00,1,0,1
2017-01-27 04:00:00,2,1,1
2017-01-27 05:00:00,6,3,3
2017-01-27 06:00:00,19,7,12
2017-01-27 07:00:00,40,18,22
2017-01-27 08:00:00,84,38,46
2017-01-27 09:00:00,50,26,24
2017-01-27 10:00:00,25,14,11
2017-01-27 11:00:00,22,10,12
2017-01-27 12:00:00,20,14,6
2017-01-27 13:00:00,28,18,10
2017-01-27 14:00:00,34,11,23
2017-01-27 15:00:00,46,17,29
2017-01-27 16:00:00,98,32,66
2017-01-27 17:00:00,91,29,62
2017-01-27 18:00:00,50,26,24
2017-01-27 19:00:00,20,7,13
2017-01-27 20:00:00,14,6,8
2017-01-27 21:00:00,4,3,1
2017-01-27 22:00:00,3,2,1
2017-01-27 23:00:00,5,3,2
2017-01-28 00:00:00,3,0,3
2017-01-28 01:00:00,1,1,0
2017-01-28 02:00:00,3,0,3
2017-01-28 03:00:00,2,1,1
2017-01-28 04:00:00,0,0,0
2017-01-28 05:00:00,3,3,0
2017-01-28 06:00:00,5,2,3
2017-01-28 07:00:00,2,1,1
2017-01-28 08:00:00,7,4,3
2017-01-28 09:00:00,12,3,9
2017-01-28 10:00:00,6,2,4
2017-01-28 11:00:00,15,6,9
2017-01-28 12:00:00,19,7,12
2017-01-28 13:00:00,28,9,19
2017-01-28 14:00:00,25,10,15
2017-01-28 15:00:00,20,11,9
2017-01-28 16:00:00,23,5,18
2017-01-28 17:00:00,17,9,8
2017-01-28 18:00:00,12,3,9
2017-01-28 19:00:00,8,6,2
2017-01-28 20:00:00,2,2,0
2017-01-28 21:00:00,3,1,2
2017-01-28 22:00:00,5,4,1
2017-01-28 23:00:00,3,1,2
2017-01-29 00:00:00,2,1,1
2017-01-29 01:00:00,3,3,0
2017-01-29 02:00:00,1,1,0
2017-01-29 03:00:00,1,1,0
2017-01-29 04:00:00,0,0,0
2017-01-29 05:00:00,1,1,0
2017-01-29 06:00:00,0,0,0
2017-01-29 07:00:00,4,1,3
2017-01-29 08:00:00,3,1,2
2017-01-29 09:00:00,6,3,3
2017-01-29 10:00:00,14,7,7
2017-01-29 11:00:00,7,3,4
2017-01-29 12:00:00,20,3,17
2017-01-29 13:00:00,10,3,7
2017-01-29 14:00:00,20,10,10
2017-01-29 15:00:00,9,6,3
2017-01-29 16:00:00,11,7,4
2017-01-29 17:00:00,17,14,3
2017-01-29 18:00:00,13,6,7
2017-01-29 19:00:00,12,5,7
2017-01-29 20:00:00,7,2,5
2017-01-29 21:00:00,4,0,4
2017-01-29 22:00:00,5,4,1
2017-01-29 23:00:00,1,0,1
2017-01-30 00:00:00,1,0,1
2017-01-30 01:00:00,1,0,1
2017-01-30 02:00:00,1,0,1
2017-01-30 03:00:00,0,0,0
2017-01-30 04:00:00,2,0,2
2017-01-30 05:00:00,12,4,8
2017-01-30 06:00:00,32,12,20
2017-01-30 07:00:00,51,23,28
2017-01-30 08:00:00,94,36,58
2017-01-30 09:00:00,50,21,29
2017-01-30 10:00:00,26,14,12
2017-01-30 11:00:00,8,4,4
2017-01-30 12:00:00,11,5,6
2017-01-30 13:00:00,19,10,9
2017-01-30 14:00:00,21,8,13
2017-01-30 15:00:00,23,10,13
2017-01-30 16:00:00,2,2,0
2017-01-30 17:00:00,12,6,6
2017-01-30 18:00:00,75,19,56
2017-01-30 19:00:00,18,7,11
2017-01-30 20:00:00,8,3,5
2017-01-30 21:00:00,4,0,4
2017-01-30 22:00:00,2,1,1
2017-01-30 23:00:00,3,3,0
2017-01-31 00:00:00,2,2,0
2017-01-31 01:00:00,1,1,0
2017-01-31 02:00:00,1,0,1
2017-01-31 03:00:00,0,0,0
2017-01-31 04:00:00,3,1,2
2017-01-31 05:00:00,12,5,7
2017-01-31 06:00:00,23,10,13
2017-01-31 07:00:00,59,32,27
2017-01-31 08:00:00,91,40,51
2017-01-31 09:00:00,53,29,24
2017-01-31 10:00:00,23,12,11
2017-01-31 11:00:00,17,11,6
2017-01-31 12:00:00,25,14,11
2017-01-31 13:00:00,26,14,12
2017-01-31 14:00:00,23,12,11
2017-01-31 15:00:00,47,18,29
2017-01-31 16:00:00,88,25,63
2017-01-31 17:00:00,129,49,80
2017-01-31 18:00:00,66,26,40
2017-01-31 19:00:00,20,4,16
2017-01-31 20:00:00,4,2,2
2017-01-31 21:00:00,4,2,2
2017-01-31 22:00:00,3,3,0
2017-01-31 23:00:00,5,1,4
2017-02-01 00:00:00,0,0,0
2017-02-01 01:00:00,3,0,3
2017-02-01 02:00:00,1,0,1
2017-02-01 03:00:00,1,1,0
2017-02-01 04:00:00,1,0,1
2017-02-01 05:00:00,6,4,2
2017-02-01 06:00:00,22,10,12
2017-02-01 07:00:00,44,25,19
2017-02-01 08:00:00,87,48,39
2017-02-01 09:00:00,63,33,30
2017-02-01 10:00:00,24,9,15
2017-02-01 11:00:00,14,7,7
2017-02-01 12:00:00,30,20,10
2017-02-01 13:00:00,20,16,4
2017-02-01 14:00:00,21,8,13
2017-02-01 15:00:00,39,15,24
2017-02-01 16:00:00,74,20,54
2017-02-01 17:00:00,122,33,89
2017-02-01 18:00:00,68,29,39
2017-02-01 19:00:00,18,6,12
2017-02-01 20:00:00,9,5,4
2017-02-01 21:00:00,7,3,4
2017-02-01 22:00:00,0,0,0
2017-02-01 23:00:00,4,3,1
2017-02-02 00:00:00,1,0,1
2017-02-02 01:00:00,0,0,0
2017-02-02 02:00:00,1,1,0
2017-02-02 03:00:00,1,0,1
2017-02-02 04:00:00,1,0,1
2017-02-02 05:00:00,5,5,0
2017-02-02 06:00:00,21,10,11
2017-02-02 07:00:00,44,22,22
2017-02-02 08:00:00,78,38,40
2017-02-02 09:00:00,54,23,31
2017-02-02 10:00:00,31,14,17
2017-02-02 11:00:00,21,10,11
2017-02-02 12:00:00,24,9,15
2017-02-02 13:00:00,26,11,15
2017-02-02 14:00:00,27,15,12
2017-02-02 15:00:00,46,24,22
2017-02-02 16:00:00,81,28,53
2017-02-02 17:00:00,135,37,98
2017-02-02 18:00:00,75,29,46
2017-02-02 19:00:00,32,20,12
2017-02-02 20:00:00,18,13,5
2017-02-02 21:00:00,9,4,5
2017-02-02 22:00:00,6,4,2
2017-02-02 23:00:00,3,1,2
2017-02-03 00:00:00,1,0,1
2017-02-03 01:00:00,0,0,0
2017-02-03 02:00:00,0,0,0
2017-02-03 03:00:00,3,2,1
2017-02-03 04:00:00,1,0,1
2017-02-03 05:00:00,5,3,2
2017-02-03 06:00:00,15,6,9
2017-02-03 07:00:00,12,9,3
2017-02-03 08:00:00,36,12,24
2017-02-03 09:00:00,39,15,24
2017-02-03 10:00:00,16,9,7
2017-02-03 11:00:00,14,9,5
2017-02-03 12:00:00,20,9,11
2017-02-03 13:00:00,12,3,9
2017-02-03 14:00:00,14,4,10
2017-02-03 15:00:00,19,8,11
2017-02-03 16:00:00,41,16,25
2017-02-03 17:00:00,57,16,41
2017-02-03 18:00:00,26,8,18
2017-02-03 19:00:00,11,4,7
2017-02-03 20:00:00,5,3,2
2017-02-03 21:00:00,0,0,0
2017-02-03 22:00:00,3,1,2
2017-02-03 23:00:00,0,0,0
2017-02-04 00:00:00,1,1,0
2017-02-04 01:00:00,0,0,0
2017-02-04 02:00:00,1,1,0
2017-02-04 03:00:00,0,0,0
2017-02-04 04:00:00,2,1,1
2017-02-04 05:00:00,0,0,0
2017-02-04 06:00:00,2,0,2
2017-02-04 07:00:00,3,2,1
2017-02-04 08:00:00,4,2,2
2017-02-04 09:00:00,1,0,1
2017-02-04 10:00:00,5,1,4
2017-02-04 11:00:00,1,1,0
2017-02-04 12:00:00,5,0,5
2017-02-04 13:00:00,9,5,4
2017-02-04 14:00:00,2,1,1
2017-02-04 15:00:00,7,6,1
2017-02-04 16:00:00,7,2,5
2017-02-04 17:00:00,2,2,0
2017-02-04 18:00:00,6,3,3
2017-02-04 19:00:00,3,1,2
2017-02-04 20:00:00,0,0,0
2017-02-04 21:00:00,1,0,1
2017-02-04 22:00:00,1,1,0
2017-02-04 23:00:00,1,1,0
2017-02-05 00:00:00,0,0,0
2017-02-05 01:00:00,0,0,0
2017-02-05 02:00:00,0,0,0
2017-02-05 03:00:00,1,0,1
2017-02-05 04:00:00,0,0,0
2017-02-05 05:00:00,1,1,0
2017-02-05 06:00:00,1,0,1
2017-02-05 07:00:00,0,0,0
2017-02-05 08:00:00,1,0,1
2017-02-05 09:00:00,5,3,2
2017-02-05 10:00:00,6,4,2
2017-02-05 11:00:00,4,3,1
2017-02-05 12:00:00,6,3,3
2017-02-05 13:00:00,4,3,1
2017-02-05 14:00:00,4,1,3
2017-02-05 15:00:00,3,1,2
2017-02-05 16:00:00,5,2,3
2017-02-05 17:00:00,3,1,2
2017-02-05 18:00:00,2,0,2
2017-02-05 19:00:00,1,1,0
2017-02-05 20:00:00,1,0,1
2017-02-05 21:00:00,0,0,0
2017-02-05 22:00:00,0,0,0
2017-02-05 23:00:00,0,0,0
2017-02-06 00:00:00,1,1,0
2017-02-06 01:00:00,0,0,0
2017-02-06 02:00:00,0,0,0
2017-02-06 03:00:00,0,0,0
2017-02-06 04:00:00,0,0,0
2017-02-06 05:00:00,3,2,1
2017-02-06 06:00:00,5,1,4
2017-02-06 07:00:00,8,2,6
2017-02-06 08:00:00,3,1,2
2017-02-06 09:00:00,1,0,1
2017-02-06 10:00:00,1,1,0
2017-02-06 11:00:00,6,4,2
2017-02-06 12:00:00,2,2,0
2017-02-06 13:00:00,5,4,1
2017-02-06 14:00:00,4,2,2
2017-02-06 15:00:00,5,2,3
2017-02-06 16:00:00,6,4,2
2017-02-06 17:00:00,9,3,6
2017-02-06 18:00:00,5,4,1
2017-02-06 19:00:00,5,2,3
2017-02-06 20:00:00,1,0,1
2017-02-06 21:00:00,0,0,0
2017-02-06 22:00:00,0,0,0
2017-02-06 23:00:00,0,0,0
2017-02-07 00:00:00,0,0,0
2017-02-07 01:00:00,0,0,0
2017-02-07 02:00:00,0,0,0
2017-02-07 03:00:00,0,0,0
2017-02-07 04:00:00,1,0,1
2017-02-07 05:00:00,5,3,2
2017-02-07 06:00:00,11,3,8
2017-02-07 07:00:00,15,6,9
2017-02-07 08:00:00,35,13,22
2017-02-07 09:00:00,22,6,16
2017-02-07 10:00:00,13,4,9
2017-02-07 11:00:00,9,6,3
2017-02-07 12:00:00,16,5,11
2017-02-07 13:00:00,13,7,6
2017-02-07 14:00:00,11,3,8
2017-02-07 15:00:00,15,6,9
2017-02-07 16:00:00,37,17,20
2017-02-07 17:00:00,44,18,26
2017-02-07 18:00:00,22,12,10
2017-02-07 19:00:00,11,7,4
2017-02-07 20:00:00,6,4,2
2017-02-07 21:00:00,4,2,2
2017-02-07 22:00:00,1,0,1
2017-02-07 23:00:00,2,2,0
2017-02-08 00:00:00,1,1,0
2017-02-08 01:00:00,1,0,1
2017-02-08 02:00:00,0,0,0
2017-02-08 03:00:00,0,0,0
2017-02-08 04:00:00,1,0,1
2017-02-08 05:00:00,2,1,1
2017-02-08 06:00:00,22,8,14
2017-02-08 07:00:00,32,14,18
2017-02-08 08:00:00,33,18,15
2017-02-08 09:00:00,37,19,18
2017-02-08 10:00:00,14,8,6
2017-02-08 11:00:00,15,10,5
2017-02-08 12:00:00,11,4,7
2017-02-08 13:00:00,11,5,6
2017-02-08 14:00:00,9,5,4
2017-02-08 15:00:00,25,9,16
2017-02-08 16:00:00,43,17,26
2017-02-08 17:00:00,79,27,52
2017-02-08 18:00:00,30,14,16
2017-02-08 19:00:00,15,5,10
2017-02-08 20:00:00,2,0,2
2017-02-08 21:00:00,5,3,2
2017-02-08 22:00:00,4,1,3
2017-02-08 23:00:00,2,0,2
2017-02-09 00:00:00,1,1,0
2017-02-09 01:00:00,0,0,0
2017-02-09 02:00:00,0,0,0
2017-02-09 03:00:00,0,0,0
2017-02-09 04:00:00,2,0,2
2017-02-09 05:00:00,2,2,0
2017-02-09 06:00:00,9,6,3
2017-02-09 07:00:00,22,12,10
2017-02-09 08:00:00,33,12,21
2017-02-09 09:00:00,24,13,11
2017-02-09 10:00:00,12,6,6
2017-02-09 11:00:00,12,3,9
2017-02-09 12:00:00,10,4,6
2017-02-09 13:00:00,9,3,6
2017-02-09 14:00:00,11,5,6
2017-02-09 15:00:00,23,11,12
2017-02-09 16:00:00,37,10,27
2017-02-09 17:00:00,48,15,33
2017-02-09 18:00:00,33,16,17
2017-02-09 19:00:00,13,6,7
2017-02-09 20:00:00,5,2,3
2017-02-09 21:00:00,2,0,2
2017-02-09 22:00:00,1,0,1
2017-02-09 23:00:00,0,0,0
2017-02-10 00:00:00,1,1,0
2017-02-10 01:00:00,1,1,0
2017-02-10 02:00:00,0,0,0
2017-02-10 03:00:00,1,0,1
2017-02-10 04:00:00,3,2,1
2017-02-10 05:00:00,1,1,0
2017-02-10 06:00:00,21,11,10
2017-02-10 07:00:00,32,9,23
2017-02-10 08:00:00,60,31,29
2017-02-10 09:00:00,31,11,20
2017-02-10 10:00:00,26,14,12
2017-02-10 11:00:00,14,7,7
2017-02-10 12:00:00,22,14,8
2017-02-10 13:00:00,18,6,12
2017-02-10 14:00:00,14,6,8
2017-02-10 15:00:00,34,15,19
2017-02-10 16:00:00,57,19,38
2017-02-10 17:00:00,81,31,50
2017-02-10 18:00:00,35,13,22
2017-02-10 19:00:00,19,10,9
2017-02-10 20:00:00,5,1,4
2017-02-10 21:00:00,1,0,1
2017-02-10 22:00:00,3,1,2
2017-02-10 23:00:00,3,2,1
2017-02-11 00:00:00,0,0,0
2017-02-11 01:00:00,1,0,1
2017-02-11 02:00:00,2,1,1
2017-02-11 03:00:00,1,1,0
2017-02-11 04:00:00,1,1,0
2017-02-11 05:00:00,3,0,3
2017-02-11 06:00:00,1,0,1
2017-02-11 07:00:00,2,1,1
2017-02-11 08:00:00,9,5,4
2017-02-11 09:00:00,3,1,2
2017-02-11 10:00:00,18,5,13
2017-02-11 11:00:00,7,0,7
2017-02-11 12:00:00,21,11,10
2017-02-11 13:00:00,14,7,7
2017-02-11 14:00:00,30,18,12
2017-02-11 15:00:00,17,10,7
2017-02-11 16:00:00,13,8,5
2017-02-11 17:00:00,12,5,7
2017-02-11 18:00:00,7,1,6
2017-02-11 19:00:00,4,2,2
2017-02-11 20:00:00,3,1,2
2017-02-11 21:00:00,6,0,6
2017-02-11 22:00:00,1,0,1
2017-02-11 23:00:00,4,1,3
2017-02-12 00:00:00,1,1,0
2017-02-12 01:00:00,1,1,0
2017-02-12 02:00:00,0,0,0
2017-02-12 03:00:00,0,0,0
2017-02-12 04:00:00,1,1,0
2017-02-12 05:00:00,1,0,1
2017-02-12 06:00:00,2,0,2
2017-02-12 07:00:00,3,1,2
2017-02-12 08:00:00,4,1,3
2017-02-12 09:00:00,5,3,2
2017-02-12 10:00:00,7,1,6
2017-02-12 11:00:00,5,3,2
2017-02-12 12:00:00,14,7,7
2017-02-12 13:00:00,19,10,9
2017-02-12 14:00:00,16,8,8
2017-02-12 15:00:00,20,12,8
2017-02-12 16:00:00,29,17,12
2017-02-12 17:00:00,12,5,7
2017-02-12 18:00:00,5,4,1
2017-02-12 19:00:00,6,3,3
2017-02-12 20:00:00,2,0,2
2017-02-12 21:00:00,3,2,1
2017-02-12 22:00:00,8,3,5
2017-02-12 23:00:00,1,0,1
2017-02-13 00:00:00,0,0,0
2017-02-13 01:00:00,1,1,0
2017-02-13 02:00:00,3,0,3
2017-02-13 03:00:00,0,0,0
2017-02-13 04:00:00,1,0,1
2017-02-13 05:00:00,6,5,1
2017-02-13 06:00:00,22,14,8
2017-02-13 07:00:00,55,27,28
2017-02-13 08:00:00,92,36,56
2017-02-13 09:00:00,57,23,34
2017-02-13 10:00:00,26,15,11
2017-02-13 11:00:00,16,12,4
2017-02-13 12:00:00,19,9,10
2017-02-13 13:00:00,21,13,8
2017-02-13 14:00:00,30,11,19
2017-02-13 15:00:00,38,16,22
2017-02-13 16:00:00,99,32,67
2017-02-13 17:00:00,135,44,91
2017-02-13 18:00:00,80,34,46
2017-02-13 19:00:00,18,8,10
2017-02-13 20:00:00,13,5,8
2017-02-13 21:00:00,3,1,2
2017-02-13 22:00:00,3,2,1
2017-02-13 23:00:00,2,1,1
2017-02-14 00:00:00,2,2,0
2017-02-14 01:00:00,0,0,0
2017-02-14 02:00:00,1,1,0
2017-02-14 03:00:00,0,0,0
2017-02-14 04:00:00,3,1,2
2017-02-14 05:00:00,4,1,3
2017-02-14 06:00:00,25,16,9
2017-02-14 07:00:00,50,23,27
2017-02-14 08:00:00,110,48,62
2017-02-14 09:00:00,56,21,35
2017-02-14 10:00:00,26,15,11
2017-02-14 11:00:00,25,13,12
2017-02-14 12:00:00,26,16,10
2017-02-14 13:00:00,24,15,9
2017-02-14 14:00:00,32,17,15
2017-02-14 15:00:00,48,18,30
2017-02-14 16:00:00,100,30,70
2017-02-14 17:00:00,127,52,75
2017-02-14 18:00:00,48,18,30
2017-02-14 19:00:00,17,9,8
2017-02-14 20:00:00,5,2,3
2017-02-14 21:00:00,3,1,2
2017-02-14 22:00:00,3,1,2
2017-02-14 23:00:00,1,1,0
2017-02-15 00:00:00,1,0,1
2017-02-15 01:00:00,2,1,1
2017-02-15 02:00:00,0,0,0
2017-02-15 03:00:00,0,0,0
2017-02-15 04:00:00,1,0,1
2017-02-15 05:00:00,6,4,2
2017-02-15 06:00:00,19,10,9
2017-02-15 07:00:00,33,17,16
2017-02-15 08:00:00,59,30,29
2017-02-15 09:00:00,29,13,16
2017-02-15 10:00:00,18,5,13
2017-02-15 11:00:00,10,5,5
2017-02-15 12:00:00,12,5,7
2017-02-15 13:00:00,15,8,7
2017-02-15 14:00:00,15,8,7
2017-02-15 15:00:00,18,5,13
2017-02-15 16:00:00,47,11,36
2017-02-15 17:00:00,77,23,54
2017-02-15 18:00:00,39,16,23
2017-02-15 19:00:00,13,4,9
2017-02-15 20:00:00,5,3,2
2017-02-15 21:00:00,4,1,3
2017-02-15 22:00:00,2,1,1
2017-02-15 23:00:00,3,1,2
2017-02-16 00:00:00,2,1,1
2017-02-16 01:00:00,0,0,0
2017-02-16 02:00:00,0,0,0
2017-02-16 03:00:00,10,10,0
2017-02-16 04:00:00,4,2,2
2017-02-16 05:00:00,3,2,1
2017-02-16 06:00:00,23,10,13
2017-02-16 07:00:00,38,18,20
2017-02-16 08:00:00,67,31,36
2017-02-16 09:00:00,38,22,16
2017-02-16 10:00:00,20,7,13
2017-02-16 11:00:00,12,7,5
2017-02-16 12:00:00,24,6,18
2017-02-16 13:00:00,25,16,9
2017-02-16 14:00:00,20,10,10
2017-02-16 15:00:00,38,13,25
2017-02-16 16:00:00,59,21,38
2017-02-16 17:00:00,110,44,66
2017-02-16 18:00:00,56,22,34
2017-02-16 19:00:00,20,7,13
2017-02-16 20:00:00,6,3,3
2017-02-16 21:00:00,7,3,4
2017-02-16 22:00:00,2,1,1
2017-02-16 23:00:00,1,0,1
2017-02-17 00:00:00,2,1,1
2017-02-17 01:00:00,1,0,1
2017-02-17 02:00:00,0,0,0
2017-02-17 03:00:00,1,1,0
2017-02-17 04:00:00,2,1,1
2017-02-17 05:00:00,7,3,4
2017-02-17 06:00:00,27,13,14
2017-02-17 07:00:00,33,17,16
2017-02-17 08:00:00,87,28,59
2017-02-17 09:00:00,68,32,36
2017-02-17 10:00:00,21,5,16
2017-02-17 11:00:00,25,12,13
2017-02-17 12:00:00,29,13,16
2017-02-17 13:00:00,33,14,19
2017-02-17 14:00:00,31,15,16
2017-02-17 15:00:00,40,17,23
2017-02-17 16:00:00,67,29,38
2017-02-17 17:00:00,99,40,59
2017-02-17 18:00:00,47,14,33
2017-02-17 19:00:00,19,4,15
2017-02-17 20:00:00,12,5,7
2017-02-17 21:00:00,3,0,3
2017-02-17 22:00:00,6,1,5
2017-02-17 23:00:00,5,4,1
2017-02-18 00:00:00,1,0,1
2017-02-18 01:00:00,0,0,0
2017-02-18 02:00:00,1,1,0
2017-02-18 03:00:00,2,1,1
2017-02-18 04:00:00,0,0,0
2017-02-18 05:00:00,2,0,2
2017-02-18 06:00:00,1,0,1
2017-02-18 07:00:00,1,0,1
2017-02-18 08:00:00,6,4,2
2017-02-18 09:00:00,3,1,2
2017-02-18 10:00:00,2,0,2
2017-02-18 11:00:00,10,4,6
2017-02-18 12:00:00,4,1,3
2017-02-18 13:00:00,8,5,3
2017-02-18 14:00:00,5,1,4
2017-02-18 15:00:00,5,3,2
2017-02-18 16:00:00,5,3,2
2017-02-18 17:00:00,5,3,2
2017-02-18 18:00:00,10,2,8
2017-02-18 19:00:00,6,3,3
2017-02-18 20:00:00,5,3,2
2017-02-18 21:00:00,5,1,4
2017-02-18 22:00:00,9,3,6
2017-02-18 23:00:00,4,3,1
2017-02-19 00:00:00,0,0,0
2017-02-19 01:00:00,2,1,1
2017-02-19 02:00:00,0,0,0
2017-02-19 03:00:00,0,0,0
2017-02-19 04:00:00,2,1,1
2017-02-19 05:00:00,0,0,0
2017-02-19 06:00:00,1,0,1
2017-02-19 07:00:00,0,0,0
2017-02-19 08:00:00,2,0,2
2017-02-19 09:00:00,4,2,2
2017-02-19 10:00:00,5,3,2
2017-02-19 11:00:00,5,3,2
2017-02-19 12:00:00,11,4,7
2017-02-19 13:00:00,9,5,4
2017-02-19 14:00:00,6,3,3
2017-02-19 15:00:00,6,0,6
2017-02-19 16:00:00,8,4,4
2017-02-19 17:00:00,6,1,5
2017-02-19 18:00:00,5,2,3
2017-02-19 19:00:00,6,1,5
2017-02-19 20:00:00,5,0,5
2017-02-19 21:00:00,2,0,2
2017-02-19 22:00:00,1,1,0
2017-02-19 23:00:00,0,0,0
2017-02-20 00:00:00,1,1,0
2017-02-20 01:00:00,1,1,0
2017-02-20 02:00:00,0,0,0
2017-02-20 03:00:00,1,0,1
2017-02-20 04:00:00,0,0,0
2017-02-20 05:00:00,2,1,1
2017-02-20 06:00:00,7,5,2
2017-02-20 07:00:00,22,13,9
2017-02-20 08:00:00,29,17,12
2017-02-20 09:00:00,18,10,8
2017-02-20 10:00:00,14,9,5
2017-02-20 11:00:00,8,8,0
2017-02-20 12:00:00,6,2,4
2017-02-20 13:00:00,9,3,6
2017-02-20 14:00:00,10,3,7
2017-02-20 15:00:00,16,5,11
2017-02-20 16:00:00,27,14,13
2017-02-20 17:00:00,36,9,27
2017-02-20 18:00:00,16,6,10
2017-02-20 19:00:00,10,2,8
2017-02-20 20:00:00,6,2,4
2017-02-20 21:00:00,4,2,2
2017-02-20 22:00:00,2,2,0
2017-02-20 23:00:00,2,1,1
2017-02-21 00:00:00,0,0,0
2017-02-21 01:00:00,0,0,0
2017-02-21 02:00:00,1,0,1
2017-02-21 03:00:00,1,1,0
2017-02-21 04:00:00,2,0,2
2017-02-21 05:00:00,3,1,2
2017-02-21 06:00:00,25,17,8
2017-02-21 07:00:00,45,20,25
2017-02-21 08:00:00,74,34,40
2017-02-21 09:00:00,43,20,23
2017-02-21 10:00:00,16,7,9
2017-02-21 11:00:00,12,8,4
2017-02-21 12:00:00,15,8,7
2017-02-21 13:00:00,18,9,9
2017-02-21 14:00:00,21,11,10
2017-02-21 15:00:00,22,8,14
2017-02-21 16:00:00,68,20,48
2017-02-21 17:00:00,85,29,56
2017-02-21 18:00:00,47,14,33
2017-02-21 19:00:00,18,9,9
2017-02-21 20:00:00,6,1,5
2017-02-21 21:00:00,4,0,4
2017-02-21 22:00:00,0,0,0
2017-02-21 23:00:00,2,2,0
2017-02-22 00:00:00,1,0,1
2017-02-22 01:00:00,0,0,0
2017-02-22 02:00:00,1,1,0
2017-02-22 03:00:00,0,0,0
2017-02-22 04:00:00,2,0,2
2017-02-22 05:00:00,5,5,0
2017-02-22 06:00:00,22,11,11
2017-02-22 07:00:00,45,22,23
2017-02-22 08:00:00,71,32,39
2017-02-22 09:00:00,44,23,21
2017-02-22 10:00:00,25,14,11
2017-02-22 11:00:00,16,8,8
2017-02-22 12:00:00,26,15,11
2017-02-22 13:00:00,21,9,12
2017-02-22 14:00:00,34,12,22
2017-02-22 15:00:00,27,9,18
2017-02-22 16:00:00,72,25,47
2017-02-22 17:00:00,107,45,62
2017-02-22 18:00:00,54,24,30
2017-02-22 19:00:00,18,7,11
2017-02-22 20:00:00,12,8,4
2017-02-22 21:00:00,4,2,2
2017-02-22 22:00:00,3,0,3
2017-02-22 23:00:00,3,2,1
2017-02-23 00:00:00,1,0,1
2017-02-23 01:00:00,1,1,0
2017-02-23 02:00:00,0,0,0
2017-02-23 03:00:00,1,1,0
2017-02-23 04:00:00,1,0,1
2017-02-23 05:00:00,3,3,0
2017-02-23 06:00:00,23,11,12
2017-02-23 07:00:00,48,27,21
2017-02-23 08:00:00,71,37,34
2017-02-23 09:00:00,40,19,21
2017-02-23 10:00:00,26,14,12
2017-02-23 11:00:00,14,10,4
2017-02-23 12:00:00,20,14,6
2017-02-23 13:00:00,13,6,7
2017-02-23 14:00:00,26,9,17
2017-02-23 15:00:00,27,12,15
2017-02-23 16:00:00,70,23,47
2017-02-23 17:00:00,112,40,72
2017-02-23 18:00:00,59,26,33
2017-02-23 19:00:00,22,10,12
2017-02-23 20:00:00,10,3,7
2017-02-23 21:00:00,8,4,4
2017-02-23 22:00:00,1,0,1
2017-02-23 23:00:00,3,2,1
2017-02-24 00:00:00,0,0,0
2017-02-24 01:00:00,0,0,0
2017-02-24 02:00:00,0,0,0
2017-02-24 03:00:00,0,0,0
2017-02-24 04:00:00,0,0,0
2017-02-24 05:00:00,1,1,0
2017-02-24 06:00:00,23,13,10
2017-02-24 07:00:00,29,18,11
2017-02-24 08:00:00,50,23,27
2017-02-24 09:00:00,34,11,23
2017-02-24 10:00:00,22,13,9
2017-02-24 11:00:00,20,13,7
2017-02-24 12:00:00,23,15,8
2017-02-24 13:00:00,22,8,14
2017-02-24 14:00:00,22,11,11
2017-02-24 15:00:00,41,19,22
2017-02-24 16:00:00,49,18,31
2017-02-24 17:00:00,81,22,59
2017-02-24 18:00:00,38,11,27
2017-02-24 19:00:00,14,6,8
2017-02-24 20:00:00,7,3,4
2017-02-24 21:00:00,5,2,3
2017-02-24 22:00:00,6,1,5
2017-02-24 23:00:00,3,2,1
2017-02-25 00:00:00,3,0,3
2017-02-25 01:00:00,0,0,0
2017-02-25 02:00:00,1,0,1
2017-02-25 03:00:00,2,2,0
2017-02-25 04:00:00,0,0,0
2017-02-25 05:00:00,0,0,0
2017-02-25 06:00:00,2,0,2
2017-02-25 07:00:00,1,0,1
2017-02-25 08:00:00,4,4,0
2017-02-25 09:00:00,5,2,3
2017-02-25 10:00:00,9,3,6
2017-02-25 11:00:00,16,4,12
2017-02-25 12:00:00,18,10,8
2017-02-25 13:00:00,15,12,3
2017-02-25 14:00:00,20,9,11
2017-02-25 15:00:00,13,8,5
2017-02-25 16:00:00,8,2,6
2017-02-25 17:00:00,10,6,4
2017-02-25 18:00:00,5,1,4
2017-02-25 19:00:00,5,2,3
2017-02-25 20:00:00,5,4,1
2017-02-25 21:00:00,1,0,1
2017-02-25 22:00:00,5,4,1
2017-02-25 23:00:00,1,1,0
2017-02-26 00:00:00,1,0,1
2017-02-26 01:00:00,0,0,0
2017-02-26 02:00:00,0,0,0
2017-02-26 03:00:00,1,1,0
2017-02-26 04:00:00,3,2,1
2017-02-26 05:00:00,1,0,1
2017-02-26 06:00:00,2,0,2
2017-02-26 07:00:00,17,1,16
2017-02-26 08:00:00,20,3,17
2017-02-26 09:00:00,13,3,10
2017-02-26 10:00:00,3,1,2
2017-02-26 11:00:00,1,1,0
2017-02-26 12:00:00,15,12,3
2017-02-26 13:00:00,12,11,1
2017-02-26 14:00:00,22,19,3
2017-02-26 15:00:00,11,7,4
2017-02-26 16:00:00,15,10,5
2017-02-26 17:00:00,12,6,6
2017-02-26 18:00:00,6,3,3
2017-02-26 19:00:00,2,2,0
2017-02-26 20:00:00,2,1,1
2017-02-26 21:00:00,2,2,0
2017-02-26 22:00:00,0,0,0
2017-02-26 23:00:00,0,0,0
2017-02-27 00:00:00,1,1,0
2017-02-27 01:00:00,2,2,0
2017-02-27 02:00:00,1,1,0
2017-02-27 03:00:00,0,0,0
2017-02-27 04:00:00,0,0,0
2017-02-27 05:00:00,2,2,0
2017-02-27 06:00:00,16,10,6
2017-02-27 07:00:00,25,20,5
2017-02-27 08:00:00,30,15,15
2017-02-27 09:00:00,25,16,9
2017-02-27 10:00:00,17,14,3
2017-02-27 11:00:00,13,7,6
2017-02-27 12:00:00,20,9,11
2017-02-27 13:00:00,15,8,7
2017-02-27 14:00:00,14,6,8
2017-02-27 15:00:00,28,6,22
2017-02-27 16:00:00,49,14,35
2017-02-27 17:00:00,52,18,34
2017-02-27 18:00:00,26,5,21
2017-02-27 19:00:00,11,3,8
2017-02-27 20:00:00,2,1,1
2017-02-27 21:00:00,0,0,0
2017-02-27 22:00:00,1,0,1
2017-02-27 23:00:00,0,0,0
2017-02-28 00:00:00,1,0,1
2017-02-28 01:00:00,0,0,0
2017-02-28 02:00:00,1,1,0
2017-02-28 03:00:00,0,0,0
2017-02-28 04:00:00,0,0,0
2017-02-28 05:00:00,5,2,3
2017-02-28 06:00:00,20,12,8
2017-02-28 07:00:00,25,14,11
2017-02-28 08:00:00,67,32,35
2017-02-28 09:00:00,39,22,17
2017-02-28 10:00:00,15,11,4
2017-02-28 11:00:00,14,9,5
2017-02-28 12:00:00,14,5,9
2017-02-28 13:00:00,20,11,9
2017-02-28 14:00:00,20,12,8
2017-02-28 15:00:00,38,14,24
2017-02-28 16:00:00,60,16,44
2017-02-28 17:00:00,85,32,53
2017-02-28 18:00:00,46,12,34
2017-02-28 19:00:00,17,6,11
2017-02-28 20:00:00,4,1,3
2017-02-28 21:00:00,7,3,4
2017-02-28 22:00:00,2,1,1
2017-02-28 23:00:00,1,1,0
2017-03-01 00:00:00,1,0,1
2017-03-01 01:00:00,2,2,0
2017-03-01 02:00:00,0,0,0
2017-03-01 03:00:00,0,0,0
2017-03-01 04:00:00,3,2,1
2017-03-01 05:00:00,5,4,1
2017-03-01 06:00:00,28,13,15
2017-03-01 07:00:00,43,20,23
2017-03-01 08:00:00,101,48,53
2017-03-01 09:00:00,47,24,23
2017-03-01 10:00:00,15,6,9
2017-03-01 11:00:00,16,8,8
2017-03-01 12:00:00,29,14,15
2017-03-01 13:00:00,24,11,13
2017-03-01 14:00:00,18,3,15
2017-03-01 15:00:00,37,16,21
2017-03-01 16:00:00,72,25,47
2017-03-01 17:00:00,101,37,64
2017-03-01 18:00:00,68,26,42
2017-03-01 19:00:00,19,5,14
2017-03-01 20:00:00,10,6,4
2017-03-01 21:00:00,3,1,2
2017-03-01 22:00:00,6,3,3
2017-03-01 23:00:00,4,2,2
2017-03-02 00:00:00,0,0,0
2017-03-02 01:00:00,0,0,0
2017-03-02 02:00:00,1,0,1
2017-03-02 03:00:00,0,0,0
2017-03-02 04:00:00,0,0,0
2017-03-02 05:00:00,7,4,3
2017-03-02 06:00:00,23,9,14
2017-03-02 07:00:00,40,20,20
2017-03-02 08:00:00,91,41,50
2017-03-02 09:00:00,45,24,21
2017-03-02 10:00:00,22,14,8
2017-03-02 11:00:00,27,18,9
2017-03-02 12:00:00,19,13,6
2017-03-02 13:00:00,26,15,11
2017-03-02 14:00:00,14,6,8
2017-03-02 15:00:00,39,16,23
2017-03-02 16:00:00,72,20,52
2017-03-02 17:00:00,98,34,64
2017-03-02 18:00:00,55,18,37
2017-03-02 19:00:00,25,10,15
2017-03-02 20:00:00,7,0,7
2017-03-02 21:00:00,5,2,3
2017-03-02 22:00:00,1,1,0
2017-03-02 23:00:00,0,0,0
2017-03-03 00:00:00,2,1,1
2017-03-03 01:00:00,2,1,1
2017-03-03 02:00:00,2,2,0
2017-03-03 03:00:00,0,0,0
2017-03-03 04:00:00,3,1,2
2017-03-03 05:00:00,1,0,1
2017-03-03 06:00:00,16,10,6
2017-03-03 07:00:00,28,12,16
2017-03-03 08:00:00,67,36,31
2017-03-03 09:00:00,40,20,20
2017-03-03 10:00:00,15,11,4
2017-03-03 11:00:00,23,15,8
2017-03-03 12:00:00,18,7,11
2017-03-03 13:00:00,21,13,8
2017-03-03 14:00:00,26,7,19
2017-03-03 15:00:00,37,10,27
2017-03-03 16:00:00,46,13,33
2017-03-03 17:00:00,56,21,35
2017-03-03 18:00:00,42,12,30
2017-03-03 19:00:00,8,1,7
2017-03-03 20:00:00,1,0,1
2017-03-03 21:00:00,4,0,4
2017-03-03 22:00:00,1,0,1
2017-03-03 23:00:00,4,3,1
2017-03-04 00:00:00,4,1,3
2017-03-04 01:00:00,5,2,3
2017-03-04 02:00:00,1,1,0
2017-03-04 03:00:00,0,0,0
2017-03-04 04:00:00,1,1,0
2017-03-04 05:00:00,0,0,0
2017-03-04 06:00:00,1,0,1
2017-03-04 07:00:00,5,3,2
2017-03-04 08:00:00,12,8,4
2017-03-04 09:00:00,10,4,6
2017-03-04 10:00:00,10,6,4
2017-03-04 11:00:00,9,3,6
2017-03-04 12:00:00,20,10,10
2017-03-04 13:00:00,24,11,13
2017-03-04 14:00:00,24,8,16
2017-03-04 15:00:00,20,8,12
2017-03-04 16:00:00,16,9,7
2017-03-04 17:00:00,17,12,5
2017-03-04 18:00:00,14,4,10
2017-03-04 19:00:00,6,2,4
2017-03-04 20:00:00,1,1,0
2017-03-04 21:00:00,3,2,1
2017-03-04 22:00:00,4,0,4
2017-03-04 23:00:00,2,1,1
2017-03-05 00:00:00,2,1,1
2017-03-05 01:00:00,0,0,0
2017-03-05 02:00:00,5,3,2
2017-03-05 03:00:00,0,0,0
2017-03-05 04:00:00,2,1,1
2017-03-05 05:00:00,1,0,1
2017-03-05 06:00:00,0,0,0
2017-03-05 07:00:00,4,3,1
2017-03-05 08:00:00,3,3,0
2017-03-05 09:00:00,7,4,3
2017-03-05 10:00:00,6,3,3
2017-03-05 11:00:00,17,14,3
2017-03-05 12:00:00,5,0,5
2017-03-05 13:00:00,11,5,6
2017-03-05 14:00:00,12,8,4
2017-03-05 15:00:00,4,1,3
2017-03-05 16:00:00,3,1,2
2017-03-05 17:00:00,10,5,5
2017-03-05 18:00:00,2,1,1
2017-03-05 19:00:00,5,3,2
2017-03-05 20:00:00,1,0,1
2017-03-05 21:00:00,1,0,1
2017-03-05 22:00:00,3,3,0
2017-03-05 23:00:00,2,1,1
2017-03-06 00:00:00,1,1,0
2017-03-06 01:00:00,0,0,0
2017-03-06 02:00:00,1,1,0
2017-03-06 03:00:00,0,0,0
2017-03-06 04:00:00,1,0,1
2017-03-06 05:00:00,6,5,1
2017-03-06 06:00:00,22,16,6
2017-03-06 07:00:00,47,25,22
2017-03-06 08:00:00,82,37,45
2017-03-06 09:00:00,40,20,20
2017-03-06 10:00:00,23,13,10
2017-03-06 11:00:00,18,7,11
2017-03-06 12:00:00,11,7,4
2017-03-06 13:00:00,17,9,8
2017-03-06 14:00:00,15,7,8
2017-03-06 15:00:00,31,9,22
2017-03-06 16:00:00,72,19,53
2017-03-06 17:00:00,120,48,72
2017-03-06 18:00:00,38,13,25
2017-03-06 19:00:00,23,3,20
2017-03-06 20:00:00,3,1,2
2017-03-06 21:00:00,5,1,4
2017-03-06 22:00:00,1,0,1
2017-03-06 23:00:00,0,0,0
2017-03-07 00:00:00,4,2,2
2017-03-07 01:00:00,0,0,0
2017-03-07 02:00:00,0,0,0
2017-03-07 03:00:00,0,0,0
2017-03-07 04:00:00,1,0,1
2017-03-07 05:00:00,4,3,1
2017-03-07 06:00:00,20,8,12
2017-03-07 07:00:00,32,17,15
2017-03-07 08:00:00,55,24,31
2017-03-07 09:00:00,34,15,19
2017-03-07 10:00:00,11,7,4
2017-03-07 11:00:00,8,5,3
2017-03-07 12:00:00,14,7,7
2017-03-07 13:00:00,18,10,8
2017-03-07 14:00:00,13,5,8
2017-03-07 15:00:00,27,6,21
2017-03-07 16:00:00,58,15,43
2017-03-07 17:00:00,73,29,44
2017-03-07 18:00:00,49,16,33
2017-03-07 19:00:00,14,7,7
2017-03-07 20:00:00,5,1,4
2017-03-07 21:00:00,3,1,2
2017-03-07 22:00:00,3,2,1
2017-03-07 23:00:00,0,0,0
2017-03-08 00:00:00,2,1,1
2017-03-08 01:00:00,1,1,0
2017-03-08 02:00:00,0,0,0
2017-03-08 03:00:00,0,0,0
2017-03-08 04:00:00,2,1,1
2017-03-08 05:00:00,9,6,3
2017-03-08 06:00:00,24,10,14
2017-03-08 07:00:00,50,22,28
2017-03-08 08:00:00,72,38,34
2017-03-08 09:00:00,51,28,23
2017-03-08 10:00:00,23,12,11
2017-03-08 11:00:00,16,8,8
2017-03-08 12:00:00,12,4,8
2017-03-08 13:00:00,17,7,10
2017-03-08 14:00:00,18,6,12
2017-03-08 15:00:00,29,12,17
2017-03-08 16:00:00,60,19,41
2017-03-08 17:00:00,101,34,67
2017-03-08 18:00:00,50,22,28
2017-03-08 19:00:00,20,5,15
2017-03-08 20:00:00,10,0,10
2017-03-08 21:00:00,4,3,1
2017-03-08 22:00:00,3,3,0
2017-03-08 23:00:00,1,0,1
2017-03-09 00:00:00,2,0,2
2017-03-09 01:00:00,0,0,0
2017-03-09 02:00:00,0,0,0
2017-03-09 03:00:00,0,0,0
2017-03-09 04:00:00,1,0,1
2017-03-09 05:00:00,4,3,1
2017-03-09 06:00:00,17,9,8
2017-03-09 07:00:00,44,25,19
2017-03-09 08:00:00,65,30,35
2017-03-09 09:00:00,30,17,13
2017-03-09 10:00:00,21,11,10
2017-03-09 11:00:00,21,10,11
2017-03-09 12:00:00,11,4,7
2017-03-09 13:00:00,13,8,5
2017-03-09 14:00:00,14,7,7
2017-03-09 15:00:00,33,12,21
2017-03-09 16:00:00,59,23,36
2017-03-09 17:00:00,65,22,43
2017-03-09 18:00:00,46,16,30
2017-03-09 19:00:00,13,7,6
2017-03-09 20:00:00,11,3,8
2017-03-09 21:00:00,6,3,3
2017-03-09 22:00:00,4,3,1
2017-03-09 23:00:00,2,2,0
2017-03-10 00:00:00,2,0,2
2017-03-10 01:00:00,0,0,0
2017-03-10 02:00:00,1,0,1
2017-03-10 03:00:00,1,1,0
2017-03-10 04:00:00,1,0,1
2017-03-10 05:00:00,2,1,1
2017-03-10 06:00:00,24,11,13
2017-03-10 07:00:00,29,14,15
2017-03-10 08:00:00,59,33,26
2017-03-10 09:00:00,36,19,17
2017-03-10 10:00:00,20,12,8
2017-03-10 11:00:00,26,14,12
2017-03-10 12:00:00,24,14,10
2017-03-10 13:00:00,25,12,13
2017-03-10 14:00:00,38,18,20
2017-03-10 15:00:00,31,12,19
2017-03-10 16:00:00,75,24,51
2017-03-10 17:00:00,93,31,62
2017-03-10 18:00:00,38,19,19
2017-03-10 19:00:00,18,8,10
2017-03-10 20:00:00,6,2,4
2017-03-10 21:00:00,3,2,1
2017-03-10 22:00:00,6,3,3
2017-03-10 23:00:00,1,1,0
2017-03-11 00:00:00,3,1,2
2017-03-11 01:00:00,1,1,0
2017-03-11 02:00:00,4,1,3
2017-03-11 03:00:00,1,1,0
2017-03-11 04:00:00,0,0,0
2017-03-11 05:00:00,1,1,0
2017-03-11 06:00:00,5,2,3
2017-03-11 07:00:00,5,3,2
2017-03-11 08:00:00,8,7,1
2017-03-11 09:00:00,6,0,6
2017-03-11 10:00:00,6,0,6
2017-03-11 11:00:00,5,3,2
2017-03-11 12:00:00,5,2,3
2017-03-11 13:00:00,9,4,5
2017-03-11 14:00:00,5,3,2
2017-03-11 15:00:00,13,5,8
2017-03-11 16:00:00,5,2,3
2017-03-11 17:00:00,6,3,3
2017-03-11 18:00:00,6,2,4
2017-03-11 19:00:00,4,3,1
2017-03-11 20:00:00,2,1,1
2017-03-11 21:00:00,1,0,1
2017-03-11 22:00:00,0,0,0
2017-03-11 23:00:00,1,1,0
2017-03-12 00:00:00,2,1,1
2017-03-12 01:00:00,3,2,1
2017-03-12 02:00:00,0,0,0
2017-03-12 03:00:00,1,1,0
2017-03-12 04:00:00,1,1,0
2017-03-12 05:00:00,1,0,1
2017-03-12 06:00:00,3,1,2
2017-03-12 07:00:00,3,2,1
2017-03-12 08:00:00,4,3,1
2017-03-12 09:00:00,7,5,2
2017-03-12 10:00:00,5,3,2
2017-03-12 11:00:00,5,3,2
2017-03-12 12:00:00,11,6,5
2017-03-12 13:00:00,8,6,2
2017-03-12 14:00:00,7,5,2
2017-03-12 15:00:00,9,5,4
2017-03-12 16:00:00,10,3,7
2017-03-12 17:00:00,11,8,3
2017-03-12 18:00:00,7,2,5
2017-03-12 19:00:00,4,2,2
2017-03-12 20:00:00,2,1,1
2017-03-12 21:00:00,2,1,1
2017-03-12 22:00:00,2,1,1
2017-03-12 23:00:00,0,0,0
2017-03-13 00:00:00,1,1,0
2017-03-13 01:00:00,1,1,0
2017-03-13 02:00:00,0,0,0
2017-03-13 03:00:00,0,0,0
2017-03-13 04:00:00,1,0,1
2017-03-13 05:00:00,3,1,2
2017-03-13 06:00:00,19,9,10
2017-03-13 07:00:00,32,18,14
2017-03-13 08:00:00,62,25,37
2017-03-13 09:00:00,40,21,19
2017-03-13 10:00:00,23,14,9
2017-03-13 11:00:00,14,5,9
2017-03-13 12:00:00,15,9,6
2017-03-13 13:00:00,9,7,2
2017-03-13 14:00:00,12,6,6
2017-03-13 15:00:00,33,10,23
2017-03-13 16:00:00,59,23,36
2017-03-13 17:00:00,91,34,57
2017-03-13 18:00:00,45,21,24
2017-03-13 19:00:00,14,4,10
2017-03-13 20:00:00,5,1,4
2017-03-13 21:00:00,4,3,1
2017-03-13 22:00:00,1,0,1
2017-03-13 23:00:00,2,1,1
2017-03-14 00:00:00,2,1,1
2017-03-14 01:00:00,1,1,0
2017-03-14 02:00:00,0,0,0
2017-03-14 03:00:00,2,0,2
2017-03-14 04:00:00,1,0,1
2017-03-14 05:00:00,9,3,6
2017-03-14 06:00:00,21,14,7
2017-03-14 07:00:00,34,12,22
2017-03-14 08:00:00,79,36,43
2017-03-14 09:00:00,46,21,25
2017-03-14 10:00:00,19,10,9
2017-03-14 11:00:00,17,10,7
2017-03-14 12:00:00,15,9,6
2017-03-14 13:00:00,15,10,5
2017-03-14 14:00:00,10,5,5
2017-03-14 15:00:00,30,11,19
2017-03-14 16:00:00,62,17,45
2017-03-14 17:00:00,89,32,57
2017-03-14 18:00:00,53,14,39
2017-03-14 19:00:00,20,11,9
2017-03-14 20:00:00,5,3,2
2017-03-14 21:00:00,3,2,1
2017-03-14 22:00:00,4,2,2
2017-03-14 23:00:00,3,2,1
2017-03-15 00:00:00,2,1,1
2017-03-15 01:00:00,0,0,0
2017-03-15 02:00:00,0,0,0
2017-03-15 03:00:00,0,0,0
2017-03-15 04:00:00,1,0,1
2017-03-15 05:00:00,6,3,3
2017-03-15 06:00:00,17,9,8
2017-03-15 07:00:00,34,18,16
2017-03-15 08:00:00,47,23,24
2017-03-15 09:00:00,37,19,18
2017-03-15 10:00:00,16,9,7
2017-03-15 11:00:00,10,5,5
2017-03-15 12:00:00,17,11,6
2017-03-15 13:00:00,20,10,10
2017-03-15 14:00:00,15,4,11
2017-03-15 15:00:00,33,13,20
2017-03-15 16:00:00,70,19,51
2017-03-15 17:00:00,85,28,57
2017-03-15 18:00:00,50,19,31
2017-03-15 19:00:00,11,6,5
2017-03-15 20:00:00,5,0,5
2017-03-15 21:00:00,5,3,2
2017-03-15 22:00:00,2,1,1
2017-03-15 23:00:00,2,1,1
2017-03-16 00:00:00,1,1,0
2017-03-16 01:00:00,1,0,1
2017-03-16 02:00:00,1,1,0
2017-03-16 03:00:00,0,0,0
2017-03-16 04:00:00,3,1,2
2017-03-16 05:00:00,7,4,3
2017-03-16 06:00:00,21,9,12
2017-03-16 07:00:00,44,20,24
2017-03-16 08:00:00,86,39,47
2017-03-16 09:00:00,52,25,27
2017-03-16 10:00:00,17,8,9
2017-03-16 11:00:00,26,12,14
2017-03-16 12:00:00,26,14,12
2017-03-16 13:00:00,23,13,10
2017-03-16 14:00:00,22,8,14
2017-03-16 15:00:00,39,12,27
2017-03-16 16:00:00,70,24,46
2017-03-16 17:00:00,116,40,76
2017-03-16 18:00:00,73,21,52
2017-03-16 19:00:00,22,11,11
2017-03-16 20:00:00,14,6,8
2017-03-16 21:00:00,7,2,5
2017-03-16 22:00:00,2,0,2
2017-03-16 23:00:00,2,0,2
2017-03-17 00:00:00,2,1,1
2017-03-17 01:00:00,1,1,0
2017-03-17 02:00:00,3,1,2
2017-03-17 03:00:00,0,0,0
2017-03-17 04:00:00,0,0,0
2017-03-17 05:00:00,4,3,1
2017-03-17 06:00:00,19,13,6
2017-03-17 07:00:00,23,11,12
2017-03-17 08:00:00,66,36,30
2017-03-17 09:00:00,42,22,20
2017-03-17 10:00:00,16,6,10
2017-03-17 11:00:00,16,5,11
2017-03-17 12:00:00,11,5,6
2017-03-17 13:00:00,22,10,12
2017-03-17 14:00:00,22,9,13
2017-03-17 15:00:00,20,8,12
2017-03-17 16:00:00,58,14,44
2017-03-17 17:00:00,65,22,43
2017-03-17 18:00:00,30,9,21
2017-03-17 19:00:00,8,3,5
2017-03-17 20:00:00,6,2,4
2017-03-17 21:00:00,3,0,3
2017-03-17 22:00:00,1,1,0
2017-03-17 23:00:00,1,1,0
2017-03-18 00:00:00,1,1,0
2017-03-18 01:00:00,1,0,1
2017-03-18 02:00:00,1,0,1
2017-03-18 03:00:00,1,1,0
2017-03-18 04:00:00,1,0,1
2017-03-18 05:00:00,1,1,0
2017-03-18 06:00:00,2,1,1
2017-03-18 07:00:00,1,1,0
2017-03-18 08:00:00,8,2,6
2017-03-18 09:00:00,2,1,1
2017-03-18 10:00:00,3,3,0
2017-03-18 11:00:00,3,1,2
2017-03-18 12:00:00,6,2,4
2017-03-18 13:00:00,12,10,2
2017-03-18 14:00:00,8,4,4
2017-03-18 15:00:00,12,6,6
2017-03-18 16:00:00,9,4,5
2017-03-18 17:00:00,11,6,5
2017-03-18 18:00:00,6,3,3
2017-03-18 19:00:00,10,6,4
2017-03-18 20:00:00,2,1,1
2017-03-18 21:00:00,8,2,6
2017-03-18 22:00:00,4,1,3
2017-03-18 23:00:00,5,3,2
2017-03-19 00:00:00,1,1,0
2017-03-19 01:00:00,3,3,0
2017-03-19 02:00:00,1,0,1
2017-03-19 03:00:00,2,1,1
2017-03-19 04:00:00,1,1,0
2017-03-19 05:00:00,0,0,0
2017-03-19 06:00:00,0,0,0
2017-03-19 07:00:00,2,1,1
2017-03-19 08:00:00,2,1,1
2017-03-19 09:00:00,6,4,2
2017-03-19 10:00:00,5,3,2
2017-03-19 11:00:00,21,9,12
2017-03-19 12:00:00,28,13,15
2017-03-19 13:00:00,32,9,23
2017-03-19 14:00:00,29,8,21
2017-03-19 15:00:00,51,15,36
2017-03-19 16:00:00,22,11,11
2017-03-19 17:00:00,18,12,6
2017-03-19 18:00:00,36,24,12
2017-03-19 19:00:00,12,11,1
2017-03-19 20:00:00,1,1,0
2017-03-19 21:00:00,3,0,3
2017-03-19 22:00:00,2,2,0
2017-03-19 23:00:00,1,1,0
2017-03-20 00:00:00,2,2,0
2017-03-20 01:00:00,1,0,1
2017-03-20 02:00:00,0,0,0
2017-03-20 03:00:00,0,0,0
2017-03-20 04:00:00,1,0,1
2017-03-20 05:00:00,4,2,2
2017-03-20 06:00:00,21,9,12
2017-03-20 07:00:00,62,33,29
2017-03-20 08:00:00,112,46,66
2017-03-20 09:00:00,64,35,29
2017-03-20 10:00:00,17,9,8
2017-03-20 11:00:00,15,9,6
2017-03-20 12:00:00,20,10,10
2017-03-20 13:00:00,24,13,11
2017-03-20 14:00:00,29,15,14
2017-03-20 15:00:00,29,8,21
2017-03-20 16:00:00,97,32,65
2017-03-20 17:00:00,126,43,83
2017-03-20 18:00:00,57,20,37
2017-03-20 19:00:00,21,10,11
2017-03-20 20:00:00,6,4,2
2017-03-20 21:00:00,6,3,3
2017-03-20 22:00:00,1,1,0
2017-03-20 23:00:00,2,0,2
2017-03-21 00:00:00,0,0,0
2017-03-21 01:00:00,0,0,0
2017-03-21 02:00:00,0,0,0
2017-03-21 03:00:00,1,1,0
2017-03-21 04:00:00,2,1,1
2017-03-21 05:00:00,4,3,1
2017-03-21 06:00:00,16,11,5
2017-03-21 07:00:00,37,20,17
2017-03-21 08:00:00,80,37,43
2017-03-21 09:00:00,45,24,21
2017-03-21 10:00:00,19,9,10
2017-03-21 11:00:00,20,8,12
2017-03-21 12:00:00,15,7,8
2017-03-21 13:00:00,19,9,10
2017-03-21 14:00:00,20,9,11
2017-03-21 15:00:00,31,10,21
2017-03-21 16:00:00,66,20,46
2017-03-21 17:00:00,104,34,70
2017-03-21 18:00:00,50,19,31
2017-03-21 19:00:00,19,6,13
2017-03-21 20:00:00,10,4,6
2017-03-21 21:00:00,5,2,3
2017-03-21 22:00:00,4,3,1
2017-03-21 23:00:00,2,2,0
2017-03-22 00:00:00,0,0,0
2017-03-22 01:00:00,0,0,0
2017-03-22 02:00:00,0,0,0
2017-03-22 03:00:00,3,1,2
2017-03-22 04:00:00,1,1,0
2017-03-22 05:00:00,5,3,2
2017-03-22 06:00:00,18,8,10
2017-03-22 07:00:00,48,23,25
2017-03-22 08:00:00,81,38,43
2017-03-22 09:00:00,68,32,36
2017-03-22 10:00:00,23,13,10
2017-03-22 11:00:00,12,8,4
2017-03-22 12:00:00,23,10,13
2017-03-22 13:00:00,23,7,16
2017-03-22 14:00:00,25,10,15
2017-03-22 15:00:00,29,9,20
2017-03-22 16:00:00,73,22,51
2017-03-22 17:00:00,123,42,81
2017-03-22 18:00:00,67,19,48
2017-03-22 19:00:00,20,9,11
2017-03-22 20:00:00,9,3,6
2017-03-22 21:00:00,3,2,1
2017-03-22 22:00:00,4,2,2
2017-03-22 23:00:00,6,3,3
2017-03-23 00:00:00,3,1,2
2017-03-23 01:00:00,2,2,0
2017-03-23 02:00:00,1,0,1
2017-03-23 03:00:00,0,0,0
2017-03-23 04:00:00,2,0,2
2017-03-23 05:00:00,5,3,2
2017-03-23 06:00:00,32,13,19
2017-03-23 07:00:00,53,29,24
2017-03-23 08:00:00,92,42,50
2017-03-23 09:00:00,59,21,38
2017-03-23 10:00:00,21,13,8
2017-03-23 11:00:00,27,17,10
2017-03-23 12:00:00,28,14,14
2017-03-23 13:00:00,31,15,16
2017-03-23 14:00:00,19,9,10
2017-03-23 15:00:00,46,14,32
2017-03-23 16:00:00,94,30,64
2017-03-23 17:00:00,120,41,79
2017-03-23 18:00:00,73,27,46
2017-03-23 19:00:00,31,12,19
2017-03-23 20:00:00,8,4,4
2017-03-23 21:00:00,3,2,1
2017-03-23 22:00:00,5,4,1
2017-03-23 23:00:00,2,0,2
2017-03-24 00:00:00,1,0,1
2017-03-24 01:00:00,0,0,0
2017-03-24 02:00:00,2,1,1
2017-03-24 03:00:00,0,0,0
2017-03-24 04:00:00,3,2,1
2017-03-24 05:00:00,3,3,0
2017-03-24 06:00:00,20,13,7
2017-03-24 07:00:00,39,18,21
2017-03-24 08:00:00,52,22,30
2017-03-24 09:00:00,29,12,17
2017-03-24 10:00:00,20,11,9
2017-03-24 11:00:00,18,7,11
2017-03-24 12:00:00,13,6,7
2017-03-24 13:00:00,17,10,7
2017-03-24 14:00:00,20,10,10
2017-03-24 15:00:00,22,6,16
2017-03-24 16:00:00,79,25,54
2017-03-24 17:00:00,65,27,38
2017-03-24 18:00:00,40,14,26
2017-03-24 19:00:00,16,7,9
2017-03-24 20:00:00,6,0,6
2017-03-24 21:00:00,8,4,4
2017-03-24 22:00:00,5,3,2
2017-03-24 23:00:00,2,2,0
2017-03-25 00:00:00,4,1,3
2017-03-25 01:00:00,1,1,0
2017-03-25 02:00:00,0,0,0
2017-03-25 03:00:00,1,0,1
2017-03-25 04:00:00,0,0,0
2017-03-25 05:00:00,1,1,0
2017-03-25 06:00:00,3,1,2
2017-03-25 07:00:00,3,1,2
2017-03-25 08:00:00,13,6,7
2017-03-25 09:00:00,7,2,5
2017-03-25 10:00:00,14,6,8
2017-03-25 11:00:00,15,7,8
2017-03-25 12:00:00,26,7,19
2017-03-25 13:00:00,17,8,9
2017-03-25 14:00:00,21,8,13
2017-03-25 15:00:00,29,15,14
2017-03-25 16:00:00,19,15,4
2017-03-25 17:00:00,13,8,5
2017-03-25 18:00:00,15,5,10
2017-03-25 19:00:00,8,3,5
2017-03-25 20:00:00,9,3,6
2017-03-25 21:00:00,4,3,1
2017-03-25 22:00:00,3,2,1
2017-03-25 23:00:00,2,2,0
2017-03-26 00:00:00,2,2,0
2017-03-26 01:00:00,0,0,0
2017-03-26 02:00:00,1,0,1
2017-03-26 03:00:00,3,1,2
2017-03-26 04:00:00,0,0,0
2017-03-26 05:00:00,0,0,0
2017-03-26 06:00:00,2,1,1
2017-03-26 07:00:00,3,2,1
2017-03-26 08:00:00,1,1,0
2017-03-26 09:00:00,4,2,2
2017-03-26 10:00:00,3,1,2
2017-03-26 11:00:00,3,2,1
2017-03-26 12:00:00,10,5,5
2017-03-26 13:00:00,4,2,2
2017-03-26 14:00:00,0,0,0
2017-03-26 15:00:00,2,1,1
2017-03-26 16:00:00,3,2,1
2017-03-26 17:00:00,7,5,2
2017-03-26 18:00:00,4,1,3
2017-03-26 19:00:00,3,2,1
2017-03-26 20:00:00,2,1,1
2017-03-26 21:00:00,3,0,3
2017-03-26 22:00:00,2,1,1
2017-03-26 23:00:00,1,1,0
2017-03-27 00:00:00,0,0,0
2017-03-27 01:00:00,0,0,0
2017-03-27 02:00:00,0,0,0
2017-03-27 03:00:00,9,0,9
2017-03-27 04:00:00,5,1,4
2017-03-27 05:00:00,4,4,0
2017-03-27 06:00:00,24,17,7
2017-03-27 07:00:00,50,23,27
2017-03-27 08:00:00,94,42,52
2017-03-27 09:00:00,57,26,31
2017-03-27 10:00:00,19,13,6
2017-03-27 11:00:00,13,6,7
2017-03-27 12:00:00,16,7,9
2017-03-27 13:00:00,19,9,10
2017-03-27 14:00:00,24,14,10
2017-03-27 15:00:00,33,9,24
2017-03-27 16:00:00,92,30,62
2017-03-27 17:00:00,119,42,77
2017-03-27 18:00:00,60,18,42
2017-03-27 19:00:00,23,10,13
2017-03-27 20:00:00,7,2,5
2017-03-27 21:00:00,1,1,0
2017-03-27 22:00:00,0,0,0
2017-03-27 23:00:00,0,0,0
2017-03-28 00:00:00,2,0,2
2017-03-28 01:00:00,0,0,0
2017-03-28 02:00:00,1,1,0
2017-03-28 03:00:00,0,0,0
2017-03-28 04:00:00,2,1,1
2017-03-28 05:00:00,3,2,1
2017-03-28 06:00:00,23,9,14
2017-03-28 07:00:00,56,28,28
2017-03-28 08:00:00,62,27,35
2017-03-28 09:00:00,51,22,29
2017-03-28 10:00:00,21,13,8
2017-03-28 11:00:00,15,7,8
2017-03-28 12:00:00,20,14,6
2017-03-28 13:00:00,14,7,7
2017-03-28 14:00:00,24,9,15
2017-03-28 15:00:00,33,15,18
2017-03-28 16:00:00,82,28,54
2017-03-28 17:00:00,124,44,80
2017-03-28 18:00:00,60,21,39
2017-03-28 19:00:00,25,10,15
2017-03-28 20:00:00,5,1,4
2017-03-28 21:00:00,6,3,3
2017-03-28 22:00:00,5,2,3
2017-03-28 23:00:00,2,1,1
2017-03-29 00:00:00,1,0,1
2017-03-29 01:00:00,2,1,1
2017-03-29 02:00:00,0,0,0
2017-03-29 03:00:00,0,0,0
2017-03-29 04:00:00,1,0,1
2017-03-29 05:00:00,3,3,0
2017-03-29 06:00:00,16,9,7
2017-03-29 07:00:00,33,17,16
2017-03-29 08:00:00,62,29,33
2017-03-29 09:00:00,33,15,18
2017-03-29 10:00:00,17,12,5
2017-03-29 11:00:00,13,9,4
2017-03-29 12:00:00,13,9,4
2017-03-29 13:00:00,10,6,4
2017-03-29 14:00:00,23,8,15
2017-03-29 15:00:00,28,9,19
2017-03-29 16:00:00,62,27,35
2017-03-29 17:00:00,108,35,73
2017-03-29 18:00:00,54,15,39
2017-03-29 19:00:00,21,9,12
2017-03-29 20:00:00,8,4,4
2017-03-29 21:00:00,10,5,5
2017-03-29 22:00:00,2,0,2
2017-03-29 23:00:00,3,1,2
2017-03-30 00:00:00,0,0,0
2017-03-30 01:00:00,0,0,0
2017-03-30 02:00:00,0,0,0
2017-03-30 03:00:00,0,0,0
2017-03-30 04:00:00,1,0,1
2017-03-30 05:00:00,2,2,0
2017-03-30 06:00:00,32,16,16
2017-03-30 07:00:00,67,35,32
2017-03-30 08:00:00,92,36,56
2017-03-30 09:00:00,52,22,30
2017-03-30 10:00:00,26,13,13
2017-03-30 11:00:00,12,5,7
2017-03-30 12:00:00,13,4,9
2017-03-30 13:00:00,18,10,8
2017-03-30 14:00:00,18,8,10
2017-03-30 15:00:00,33,13,20
2017-03-30 16:00:00,81,25,56
2017-03-30 17:00:00,141,46,95
2017-03-30 18:00:00,85,27,58
2017-03-30 19:00:00,27,9,18
2017-03-30 20:00:00,17,10,7
2017-03-30 21:00:00,7,3,4
2017-03-30 22:00:00,5,1,4
2017-03-30 23:00:00,1,0,1
2017-03-31 00:00:00,4,2,2
2017-03-31 01:00:00,0,0,0
2017-03-31 02:00:00,1,0,1
2017-03-31 03:00:00,0,0,0
2017-03-31 04:00:00,1,0,1
2017-03-31 05:00:00,4,3,1
2017-03-31 06:00:00,18,9,9
2017-03-31 07:00:00,48,20,28
2017-03-31 08:00:00,104,33,71
2017-03-31 09:00:00,63,25,38
2017-03-31 10:00:00,20,11,9
2017-03-31 11:00:00,32,20,12
2017-03-31 12:00:00,36,21,15
2017-03-31 13:00:00,31,12,19
2017-03-31 14:00:00,36,15,21
2017-03-31 15:00:00,60,10,50
2017-03-31 16:00:00,106,37,69
2017-03-31 17:00:00,127,35,92
2017-03-31 18:00:00,87,22,65
2017-03-31 19:00:00,27,9,18
2017-03-31 20:00:00,11,3,8
2017-03-31 21:00:00,22,16,6
2017-03-31 22:00:00,10,8,2
2017-03-31 23:00:00,9,5,4
2017-04-01 00:00:00,5,2,3
2017-04-01 01:00:00,2,0,2
2017-04-01 02:00:00,1,1,0
2017-04-01 03:00:00,1,0,1
2017-04-01 04:00:00,1,1,0
2017-04-01 05:00:00,3,1,2
2017-04-01 06:00:00,6,3,3
2017-04-01 07:00:00,2,1,1
2017-04-01 08:00:00,7,2,5
2017-04-01 09:00:00,4,2,2
2017-04-01 10:00:00,9,4,5
2017-04-01 11:00:00,18,5,13
2017-04-01 12:00:00,10,5,5
2017-04-01 13:00:00,16,5,11
2017-04-01 14:00:00,23,6,17
2017-04-01 15:00:00,17,5,12
2017-04-01 16:00:00,16,10,6
2017-04-01 17:00:00,15,12,3
2017-04-01 18:00:00,17,8,9
2017-04-01 19:00:00,5,4,1
2017-04-01 20:00:00,11,3,8
2017-04-01 21:00:00,2,2,0
2017-04-01 22:00:00,4,0,4
2017-04-01 23:00:00,4,4,0
2017-04-02 00:00:00,4,1,3
2017-04-02 01:00:00,3,2,1
2017-04-02 02:00:00,1,0,1
2017-04-02 03:00:00,0,0,0
2017-04-02 04:00:00,1,0,1
2017-04-02 05:00:00,1,0,1
2017-04-02 06:00:00,2,1,1
2017-04-02 07:00:00,5,1,4
2017-04-02 08:00:00,1,0,1
2017-04-02 09:00:00,8,6,2
2017-04-02 10:00:00,5,3,2
2017-04-02 11:00:00,14,8,6
2017-04-02 12:00:00,28,9,19
2017-04-02 13:00:00,18,9,9
2017-04-02 14:00:00,9,5,4
2017-04-02 15:00:00,22,10,12
2017-04-02 16:00:00,14,5,9
2017-04-02 17:00:00,14,4,10
2017-04-02 18:00:00,17,6,11
2017-04-02 19:00:00,9,4,5
2017-04-02 20:00:00,2,1,1
2017-04-02 21:00:00,2,0,2
2017-04-02 22:00:00,1,1,0
2017-04-02 23:00:00,0,0,0
2017-04-03 00:00:00,0,0,0
2017-04-03 01:00:00,0,0,0
2017-04-03 02:00:00,0,0,0
2017-04-03 03:00:00,0,0,0
2017-04-03 04:00:00,2,1,1
2017-04-03 05:00:00,9,8,1
2017-04-03 06:00:00,29,18,11
2017-04-03 07:00:00,74,38,36
2017-04-03 08:00:00,118,48,70
2017-04-03 09:00:00,75,38,37
2017-04-03 10:00:00,27,8,19
2017-04-03 11:00:00,19,12,7
2017-04-03 12:00:00,20,8,12
2017-04-03 13:00:00,24,12,12
2017-04-03 14:00:00,19,10,9
2017-04-03 15:00:00,37,8,29
2017-04-03 16:00:00,117,34,83
2017-04-03 17:00:00,179,59,120
2017-04-03 18:00:00,71,23,48
2017-04-03 19:00:00,31,11,20
2017-04-03 20:00:00,5,1,4
2017-04-03 21:00:00,6,3,3
2017-04-03 22:00:00,4,2,2
2017-04-03 23:00:00,2,2,0
2017-04-04 00:00:00,2,1,1
2017-04-04 01:00:00,0,0,0
2017-04-04 02:00:00,0,0,0
2017-04-04 03:00:00,0,0,0
2017-04-04 04:00:00,2,1,1
2017-04-04 05:00:00,3,2,1
2017-04-04 06:00:00,28,13,15
2017-04-04 07:00:00,84,42,42
2017-04-04 08:00:00,118,56,62
2017-04-04 09:00:00,54,32,22
2017-04-04 10:00:00,23,10,13
2017-04-04 11:00:00,34,12,22
2017-04-04 12:00:00,17,7,10
2017-04-04 13:00:00,30,12,18
2017-04-04 14:00:00,24,9,15
2017-04-04 15:00:00,39,13,26
2017-04-04 16:00:00,103,31,72
2017-04-04 17:00:00,176,66,110
2017-04-04 18:00:00,66,17,49
2017-04-04 19:00:00,24,4,20
2017-04-04 20:00:00,10,4,6
2017-04-04 21:00:00,3,0,3
2017-04-04 22:00:00,7,5,2
2017-04-04 23:00:00,3,0,3
2017-04-05 00:00:00,1,1,0
2017-04-05 01:00:00,1,0,1
2017-04-05 02:00:00,0,0,0
2017-04-05 03:00:00,0,0,0
2017-04-05 04:00:00,1,0,1
2017-04-05 05:00:00,8,7,1
2017-04-05 06:00:00,17,8,9
2017-04-05 07:00:00,32,20,12
2017-04-05 08:00:00,54,28,26
2017-04-05 09:00:00,35,21,14
2017-04-05 10:00:00,14,7,7
2017-04-05 11:00:00,12,5,7
2017-04-05 12:00:00,9,4,5
2017-04-05 13:00:00,15,8,7
2017-04-05 14:00:00,15,8,7
2017-04-05 15:00:00,25,9,16
2017-04-05 16:00:00,62,15,47
2017-04-05 17:00:00,93,30,63
2017-04-05 18:00:00,50,15,35
2017-04-05 19:00:00,18,4,14
2017-04-05 20:00:00,7,3,4
2017-04-05 21:00:00,5,2,3
2017-04-05 22:00:00,9,4,5
2017-04-05 23:00:00,2,1,1
2017-04-06 00:00:00,0,0,0
2017-04-06 01:00:00,0,0,0
2017-04-06 02:00:00,0,0,0
2017-04-06 03:00:00,0,0,0
2017-04-06 04:00:00,1,0,1
2017-04-06 05:00:00,5,5,0
2017-04-06 06:00:00,25,11,14
2017-04-06 07:00:00,40,23,17
2017-04-06 08:00:00,59,25,34
2017-04-06 09:00:00,29,12,17
2017-04-06 10:00:00,15,9,6
2017-04-06 11:00:00,15,8,7
2017-04-06 12:00:00,28,14,14
2017-04-06 13:00:00,23,11,12
2017-04-06 14:00:00,20,5,15
2017-04-06 15:00:00,35,8,27
2017-04-06 16:00:00,70,19,51
2017-04-06 17:00:00,102,33,69
2017-04-06 18:00:00,59,18,41
2017-04-06 19:00:00,54,19,35
2017-04-06 20:00:00,13,8,5
2017-04-06 21:00:00,7,5,2
2017-04-06 22:00:00,4,3,1
2017-04-06 23:00:00,1,0,1
2017-04-07 00:00:00,1,1,0
2017-04-07 01:00:00,1,0,1
2017-04-07 02:00:00,2,2,0
2017-04-07 03:00:00,0,0,0
2017-04-07 04:00:00,1,1,0
2017-04-07 05:00:00,4,4,0
2017-04-07 06:00:00,21,13,8
2017-04-07 07:00:00,41,22,19
2017-04-07 08:00:00,66,26,40
2017-04-07 09:00:00,31,18,13
2017-04-07 10:00:00,19,11,8
2017-04-07 11:00:00,16,7,9
2017-04-07 12:00:00,17,6,11
2017-04-07 13:00:00,19,7,12
2017-04-07 14:00:00,24,16,8
2017-04-07 15:00:00,28,11,17
2017-04-07 16:00:00,47,12,35
2017-04-07 17:00:00,80,28,52
2017-04-07 18:00:00,32,11,21
2017-04-07 19:00:00,9,4,5
2017-04-07 20:00:00,2,0,2
2017-04-07 21:00:00,4,1,3
2017-04-07 22:00:00,3,1,2
2017-04-07 23:00:00,2,1,1
2017-04-08 00:00:00,2,1,1
2017-04-08 01:00:00,1,1,0
2017-04-08 02:00:00,0,0,0
2017-04-08 03:00:00,2,2,0
2017-04-08 04:00:00,1,0,1
2017-04-08 05:00:00,2,2,0
2017-04-08 06:00:00,3,2,1
2017-04-08 07:00:00,7,3,4
2017-04-08 08:00:00,7,6,1
2017-04-08 09:00:00,9,4,5
2017-04-08 10:00:00,14,10,4
2017-04-08 11:00:00,18,6,12
2017-04-08 12:00:00,7,4,3
2017-04-08 13:00:00,13,8,5
2017-04-08 14:00:00,8,1,7
2017-04-08 15:00:00,13,8,5
2017-04-08 16:00:00,18,11,7
2017-04-08 17:00:00,15,9,6
2017-04-08 18:00:00,7,1,6
2017-04-08 19:00:00,5,4,1
2017-04-08 20:00:00,5,3,2
2017-04-08 21:00:00,7,3,4
2017-04-08 22:00:00,5,2,3
2017-04-08 23:00:00,9,2,7
2017-04-09 00:00:00,4,3,1
2017-04-09 01:00:00,1,1,0
2017-04-09 02:00:00,3,2,1
2017-04-09 03:00:00,0,0,0
2017-04-09 04:00:00,0,0,0
2017-04-09 05:00:00,1,1,0
2017-04-09 06:00:00,3,2,1
2017-04-09 07:00:00,4,1,3
2017-04-09 08:00:00,6,2,4
2017-04-09 09:00:00,16,5,11
2017-04-09 10:00:00,17,8,9
2017-04-09 11:00:00,15,8,7
2017-04-09 12:00:00,15,7,8
2017-04-09 13:00:00,15,7,8
2017-04-09 14:00:00,19,11,8
2017-04-09 15:00:00,16,9,7
2017-04-09 16:00:00,18,9,9
2017-04-09 17:00:00,19,12,7
2017-04-09 18:00:00,8,5,3
2017-04-09 19:00:00,12,6,6
2017-04-09 20:00:00,3,2,1
2017-04-09 21:00:00,1,0,1
2017-04-09 22:00:00,1,1,0
2017-04-09 23:00:00,1,0,1
2017-04-10 00:00:00,1,0,1
2017-04-10 01:00:00,0,0,0
2017-04-10 02:00:00,0,0,0
2017-04-10 03:00:00,0,0,0
2017-04-10 04:00:00,1,0,1
2017-04-10 05:00:00,4,3,1
2017-04-10 06:00:00,13,8,5
2017-04-10 07:00:00,44,19,25
2017-04-10 08:00:00,95,39,56
2017-04-10 09:00:00,64,30,34
2017-04-10 10:00:00,22,11,11
2017-04-10 11:00:00,19,9,10
2017-04-10 12:00:00,18,8,10
2017-04-10 13:00:00,12,7,5
2017-04-10 14:00:00,15,5,10
2017-04-10 15:00:00,23,4,19
2017-04-10 16:00:00,74,17,57
2017-04-10 17:00:00,116,39,77
2017-04-10 18:00:00,50,16,34
2017-04-10 19:00:00,18,9,9
2017-04-10 20:00:00,13,4,9
2017-04-10 21:00:00,0,0,0
2017-04-10 22:00:00,4,3,1
2017-04-10 23:00:00,2,1,1
2017-04-11 00:00:00,1,0,1
2017-04-11 01:00:00,0,0,0
2017-04-11 02:00:00,0,0,0
2017-04-11 03:00:00,0,0,0
2017-04-11 04:00:00,3,1,2
2017-04-11 05:00:00,7,6,1
2017-04-11 06:00:00,21,10,11
2017-04-11 07:00:00,78,39,39
2017-04-11 08:00:00,104,47,57
2017-04-11 09:00:00,79,36,43
2017-04-11 10:00:00,27,12,15
2017-04-11 11:00:00,27,12,15
2017-04-11 12:00:00,23,12,11
2017-04-11 13:00:00,19,10,9
2017-04-11 14:00:00,18,7,11
2017-04-11 15:00:00,43,14,29
2017-04-11 16:00:00,111,35,76
2017-04-11 17:00:00,162,56,106
2017-04-11 18:00:00,74,26,48
2017-04-11 19:00:00,30,8,22
2017-04-11 20:00:00,13,8,5
2017-04-11 21:00:00,7,0,7
2017-04-11 22:00:00,11,6,5
2017-04-11 23:00:00,6,4,2
2017-04-12 00:00:00,1,1,0
2017-04-12 01:00:00,0,0,0
2017-04-12 02:00:00,0,0,0
2017-04-12 03:00:00,0,0,0
2017-04-12 04:00:00,1,0,1
2017-04-12 05:00:00,2,2,0
2017-04-12 06:00:00,17,10,7
2017-04-12 07:00:00,31,18,13
2017-04-12 08:00:00,53,22,31
2017-04-12 09:00:00,29,14,15
2017-04-12 10:00:00,15,8,7
2017-04-12 11:00:00,10,2,8
2017-04-12 12:00:00,14,8,6
2017-04-12 13:00:00,19,9,10
2017-04-12 14:00:00,22,11,11
2017-04-12 15:00:00,34,8,26
2017-04-12 16:00:00,53,10,43
2017-04-12 17:00:00,100,40,60
2017-04-12 18:00:00,45,11,34
2017-04-12 19:00:00,18,5,13
2017-04-12 20:00:00,3,0,3
2017-04-12 21:00:00,5,3,2
2017-04-12 22:00:00,6,4,2
2017-04-12 23:00:00,3,3,0
2017-04-13 00:00:00,0,0,0
2017-04-13 01:00:00,0,0,0
2017-04-13 02:00:00,0,0,0
2017-04-13 03:00:00,0,0,0
2017-04-13 04:00:00,1,0,1
2017-04-13 05:00:00,3,3,0
2017-04-13 06:00:00,17,7,10
2017-04-13 07:00:00,57,31,26
2017-04-13 08:00:00,102,44,58
2017-04-13 09:00:00,61,31,30
2017-04-13 10:00:00,24,12,12
2017-04-13 11:00:00,24,12,12
2017-04-13 12:00:00,21,11,10
2017-04-13 13:00:00,26,15,11
2017-04-13 14:00:00,13,7,6
2017-04-13 15:00:00,31,14,17
2017-04-13 16:00:00,78,28,50
2017-04-13 17:00:00,133,49,84
2017-04-13 18:00:00,55,19,36
2017-04-13 19:00:00,34,17,17
2017-04-13 20:00:00,14,6,8
2017-04-13 21:00:00,2,2,0
2017-04-13 22:00:00,4,2,2
2017-04-13 23:00:00,2,2,0
2017-04-14 00:00:00,2,1,1
2017-04-14 01:00:00,0,0,0
2017-04-14 02:00:00,2,1,1
2017-04-14 03:00:00,1,0,1
2017-04-14 04:00:00,1,1,0
2017-04-14 05:00:00,3,0,3
2017-04-14 06:00:00,16,7,9
2017-04-14 07:00:00,39,19,20
2017-04-14 08:00:00,71,28,43
2017-04-14 09:00:00,45,26,19
2017-04-14 10:00:00,24,7,17
2017-04-14 11:00:00,13,6,7
2017-04-14 12:00:00,22,13,9
2017-04-14 13:00:00,31,14,17
2017-04-14 14:00:00,23,12,11
2017-04-14 15:00:00,41,19,22
2017-04-14 16:00:00,73,21,52
2017-04-14 17:00:00,78,27,51
2017-04-14 18:00:00,45,16,29
2017-04-14 19:00:00,20,14,6
2017-04-14 20:00:00,7,2,5
2017-04-14 21:00:00,4,0,4
2017-04-14 22:00:00,10,8,2
2017-04-14 23:00:00,3,3,0
2017-04-15 00:00:00,2,0,2
2017-04-15 01:00:00,2,2,0
2017-04-15 02:00:00,1,0,1
2017-04-15 03:00:00,0,0,0
2017-04-15 04:00:00,0,0,0
2017-04-15 05:00:00,2,0,2
2017-04-15 06:00:00,6,5,1
2017-04-15 07:00:00,9,6,3
2017-04-15 08:00:00,16,8,8
2017-04-15 09:00:00,18,12,6
2017-04-15 10:00:00,10,9,1
2017-04-15 11:00:00,14,8,6
2017-04-15 12:00:00,16,11,5
2017-04-15 13:00:00,30,19,11
2017-04-15 14:00:00,33,21,12
2017-04-15 15:00:00,22,9,13
2017-04-15 16:00:00,27,10,17
2017-04-15 17:00:00,17,7,10
2017-04-15 18:00:00,23,16,7
2017-04-15 19:00:00,8,4,4
2017-04-15 20:00:00,19,12,7
2017-04-15 21:00:00,12,8,4
2017-04-15 22:00:00,10,5,5
2017-04-15 23:00:00,6,6,0
2017-04-16 00:00:00,4,3,1
2017-04-16 01:00:00,1,1,0
2017-04-16 02:00:00,1,0,1
2017-04-16 03:00:00,1,1,0
2017-04-16 04:00:00,1,0,1
2017-04-16 05:00:00,1,0,1
2017-04-16 06:00:00,3,3,0
2017-04-16 07:00:00,4,3,1
2017-04-16 08:00:00,4,3,1
2017-04-16 09:00:00,8,6,2
2017-04-16 10:00:00,12,8,4
2017-04-16 11:00:00,11,4,7
2017-04-16 12:00:00,17,8,9
2017-04-16 13:00:00,24,14,10
2017-04-16 14:00:00,26,19,7
2017-04-16 15:00:00,16,14,2
2017-04-16 16:00:00,23,13,10
2017-04-16 17:00:00,22,12,10
2017-04-16 18:00:00,16,12,4
2017-04-16 19:00:00,4,2,2
2017-04-16 20:00:00,7,5,2
2017-04-16 21:00:00,3,3,0
2017-04-16 22:00:00,0,0,0
2017-04-16 23:00:00,4,1,3
2017-04-17 00:00:00,0,0,0
2017-04-17 01:00:00,0,0,0
2017-04-17 02:00:00,1,0,1
2017-04-17 03:00:00,0,0,0
2017-04-17 04:00:00,1,0,1
2017-04-17 05:00:00,7,7,0
2017-04-17 06:00:00,19,12,7
2017-04-17 07:00:00,58,39,19
2017-04-17 08:00:00,89,48,41
2017-04-17 09:00:00,75,45,30
2017-04-17 10:00:00,24,17,7
2017-04-17 11:00:00,26,18,8
2017-04-17 12:00:00,19,9,10
2017-04-17 13:00:00,14,7,7
2017-04-17 14:00:00,22,9,13
2017-04-17 15:00:00,39,16,23
2017-04-17 16:00:00,90,29,61
2017-04-17 17:00:00,120,39,81
2017-04-17 18:00:00,67,19,48
2017-04-17 19:00:00,17,10,7
2017-04-17 20:00:00,9,3,6
2017-04-17 21:00:00,3,2,1
2017-04-17 22:00:00,5,3,2
2017-04-17 23:00:00,1,1,0
2017-04-18 00:00:00,1,0,1
2017-04-18 01:00:00,1,0,1
2017-04-18 02:00:00,1,0,1
2017-04-18 03:00:00,1,0,1
2017-04-18 04:00:00,2,1,1
2017-04-18 05:00:00,6,5,1
2017-04-18 06:00:00,31,17,14
2017-04-18 07:00:00,55,29,26
2017-04-18 08:00:00,88,41,47
2017-04-18 09:00:00,56,34,22
2017-04-18 10:00:00,21,7,14
2017-04-18 11:00:00,28,17,11
2017-04-18 12:00:00,19,8,11
2017-04-18 13:00:00,20,11,9
2017-04-18 14:00:00,17,9,8
2017-04-18 15:00:00,37,18,19
2017-04-18 16:00:00,79,21,58
2017-04-18 17:00:00,126,43,83
2017-04-18 18:00:00,76,21,55
2017-04-18 19:00:00,27,13,14
2017-04-18 20:00:00,13,6,7
2017-04-18 21:00:00,7,4,3
2017-04-18 22:00:00,7,2,5
2017-04-18 23:00:00,5,3,2
2017-04-19 00:00:00,3,2,1
2017-04-19 01:00:00,3,0,3
2017-04-19 02:00:00,1,1,0
2017-04-19 03:00:00,0,0,0
2017-04-19 04:00:00,2,2,0
2017-04-19 05:00:00,5,5,0
2017-04-19 06:00:00,27,14,13
2017-04-19 07:00:00,63,39,24
2017-04-19 08:00:00,87,39,48
2017-04-19 09:00:00,66,31,35
2017-04-19 10:00:00,18,9,9
2017-04-19 11:00:00,20,12,8
2017-04-19 12:00:00,19,7,12
2017-04-19 13:00:00,19,12,7
2017-04-19 14:00:00,18,6,12
2017-04-19 15:00:00,40,18,22
2017-04-19 16:00:00,82,22,60
2017-04-19 17:00:00,142,49,93
2017-04-19 18:00:00,71,19,52
2017-04-19 19:00:00,17,7,10
2017-04-19 20:00:00,15,7,8
2017-04-19 21:00:00,4,2,2
2017-04-19 22:00:00,3,2,1
2017-04-19 23:00:00,2,0,2
2017-04-20 00:00:00,1,1,0
2017-04-20 01:00:00,0,0,0
2017-04-20 02:00:00,0,0,0
2017-04-20 03:00:00,1,0,1
2017-04-20 04:00:00,2,0,2
2017-04-20 05:00:00,4,4,0
2017-04-20 06:00:00,27,15,12
2017-04-20 07:00:00,55,28,27
2017-04-20 08:00:00,108,42,66
2017-04-20 09:00:00,66,32,34
2017-04-20 10:00:00,28,15,13
2017-04-20 11:00:00,22,12,10
2017-04-20 12:00:00,22,8,14
2017-04-20 13:00:00,18,11,7
2017-04-20 14:00:00,10,9,1
2017-04-20 15:00:00,43,19,24
2017-04-20 16:00:00,86,27,59
2017-04-20 17:00:00,143,44,99
2017-04-20 18:00:00,77,24,53
2017-04-20 19:00:00,18,11,7
2017-04-20 20:00:00,15,8,7
2017-04-20 21:00:00,10,1,9
2017-04-20 22:00:00,7,3,4
2017-04-20 23:00:00,3,2,1
2017-04-21 00:00:00,1,1,0
2017-04-21 01:00:00,0,0,0
2017-04-21 02:00:00,0,0,0
2017-04-21 03:00:00,1,0,1
2017-04-21 04:00:00,0,0,0
2017-04-21 05:00:00,4,4,0
2017-04-21 06:00:00,53,23,30
2017-04-21 07:00:00,86,49,37
2017-04-21 08:00:00,108,45,63
2017-04-21 09:00:00,75,32,43
2017-04-21 10:00:00,30,15,15
2017-04-21 11:00:00,34,15,19
2017-04-21 12:00:00,38,17,21
2017-04-21 13:00:00,40,23,17
2017-04-21 14:00:00,50,22,28
2017-04-21 15:00:00,86,26,60
2017-04-21 16:00:00,123,35,88
2017-04-21 17:00:00,119,44,75
2017-04-21 18:00:00,67,27,40
2017-04-21 19:00:00,30,17,13
2017-04-21 20:00:00,16,9,7
2017-04-21 21:00:00,5,2,3
2017-04-21 22:00:00,6,4,2
2017-04-21 23:00:00,2,0,2
2017-04-22 00:00:00,3,2,1
2017-04-22 01:00:00,3,0,3
2017-04-22 02:00:00,3,1,2
2017-04-22 03:00:00,0,0,0
2017-04-22 04:00:00,2,1,1
2017-04-22 05:00:00,1,1,0
2017-04-22 06:00:00,5,3,2
2017-04-22 07:00:00,14,11,3
2017-04-22 08:00:00,6,4,2
2017-04-22 09:00:00,8,5,3
2017-04-22 10:00:00,11,4,7
2017-04-22 11:00:00,9,5,4
2017-04-22 12:00:00,15,10,5
2017-04-22 13:00:00,18,8,10
2017-04-22 14:00:00,13,2,11
2017-04-22 15:00:00,13,5,8
2017-04-22 16:00:00,9,4,5
2017-04-22 17:00:00,16,8,8
2017-04-22 18:00:00,11,4,7
2017-04-22 19:00:00,8,4,4
2017-04-22 20:00:00,7,5,2
2017-04-22 21:00:00,4,2,2
2017-04-22 22:00:00,5,2,3
2017-04-22 23:00:00,8,5,3
2017-04-23 00:00:00,5,3,2
2017-04-23 01:00:00,0,0,0
2017-04-23 02:00:00,3,2,1
2017-04-23 03:00:00,0,0,0
2017-04-23 04:00:00,0,0,0
2017-04-23 05:00:00,0,0,0
2017-04-23 06:00:00,2,1,1
2017-04-23 07:00:00,5,3,2
2017-04-23 08:00:00,4,2,2
2017-04-23 09:00:00,6,2,4
2017-04-23 10:00:00,7,2,5
2017-04-23 11:00:00,7,4,3
2017-04-23 12:00:00,9,5,4
2017-04-23 13:00:00,6,3,3
2017-04-23 14:00:00,6,5,1
2017-04-23 15:00:00,7,5,2
2017-04-23 16:00:00,7,4,3
2017-04-23 17:00:00,5,2,3
2017-04-23 18:00:00,8,2,6
2017-04-23 19:00:00,8,4,4
2017-04-23 20:00:00,0,0,0
2017-04-23 21:00:00,2,2,0
2017-04-23 22:00:00,3,1,2
2017-04-23 23:00:00,5,1,4
2017-04-24 00:00:00,5,2,3
2017-04-24 01:00:00,1,1,0
2017-04-24 02:00:00,2,0,2
2017-04-24 03:00:00,0,0,0
2017-04-24 04:00:00,0,0,0
2017-04-24 05:00:00,8,7,1
2017-04-24 06:00:00,22,13,9
2017-04-24 07:00:00,51,28,23
2017-04-24 08:00:00,105,49,56
2017-04-24 09:00:00,48,22,26
2017-04-24 10:00:00,18,9,9
2017-04-24 11:00:00,20,12,8
2017-04-24 12:00:00,10,5,5
2017-04-24 13:00:00,10,6,4
2017-04-24 14:00:00,19,8,11
2017-04-24 15:00:00,32,10,22
2017-04-24 16:00:00,104,27,77
2017-04-24 17:00:00,160,53,107
2017-04-24 18:00:00,61,22,39
2017-04-24 19:00:00,23,6,17
2017-04-24 20:00:00,9,3,6
2017-04-24 21:00:00,8,2,6
2017-04-24 22:00:00,7,4,3
2017-04-24 23:00:00,10,6,4
2017-04-25 00:00:00,1,0,1
2017-04-25 01:00:00,0,0,0
2017-04-25 02:00:00,0,0,0
2017-04-25 03:00:00,0,0,0
2017-04-25 04:00:00,3,2,1
2017-04-25 05:00:00,8,6,2
2017-04-25 06:00:00,39,25,14
2017-04-25 07:00:00,77,45,32
2017-04-25 08:00:00,122,47,75
2017-04-25 09:00:00,88,38,50
2017-04-25 10:00:00,32,13,19
2017-04-25 11:00:00,14,7,7
2017-04-25 12:00:00,29,13,16
2017-04-25 13:00:00,19,10,9
2017-04-25 14:00:00,27,13,14
2017-04-25 15:00:00,42,10,32
2017-04-25 16:00:00,112,32,80
2017-04-25 17:00:00,139,37,102
2017-04-25 18:00:00,70,19,51
2017-04-25 19:00:00,17,3,14
2017-04-25 20:00:00,13,3,10
2017-04-25 21:00:00,5,2,3
2017-04-25 22:00:00,4,2,2
2017-04-25 23:00:00,1,1,0
2017-04-26 00:00:00,1,1,0
2017-04-26 01:00:00,1,0,1
2017-04-26 02:00:00,1,0,1
2017-04-26 03:00:00,1,1,0
2017-04-26 04:00:00,2,1,1
2017-04-26 05:00:00,5,5,0
2017-04-26 06:00:00,28,15,13
2017-04-26 07:00:00,54,30,24
2017-04-26 08:00:00,92,44,48
2017-04-26 09:00:00,46,19,27
2017-04-26 10:00:00,19,10,9
2017-04-26 11:00:00,14,10,4
2017-04-26 12:00:00,17,11,6
2017-04-26 13:00:00,17,9,8
2017-04-26 14:00:00,15,4,11
2017-04-26 15:00:00,33,6,27
2017-04-26 16:00:00,77,21,56
2017-04-26 17:00:00,124,37,87
2017-04-26 18:00:00,49,16,33
2017-04-26 19:00:00,27,10,17
2017-04-26 20:00:00,11,3,8
2017-04-26 21:00:00,6,3,3
2017-04-26 22:00:00,3,1,2
2017-04-26 23:00:00,3,1,2
2017-04-27 00:00:00,0,0,0
2017-04-27 01:00:00,0,0,0
2017-04-27 02:00:00,2,2,0
2017-04-27 03:00:00,1,0,1
2017-04-27 04:00:00,1,0,1
2017-04-27 05:00:00,9,6,3
2017-04-27 06:00:00,26,13,13
2017-04-27 07:00:00,48,23,25
2017-04-27 08:00:00,91,45,46
2017-04-27 09:00:00,67,26,41
2017-04-27 10:00:00,21,13,8
2017-04-27 11:00:00,23,12,11
2017-04-27 12:00:00,22,11,11
2017-04-27 13:00:00,21,15,6
2017-04-27 14:00:00,21,3,18
2017-04-27 15:00:00,52,18,34
2017-04-27 16:00:00,103,26,77
2017-04-27 17:00:00,134,48,86
2017-04-27 18:00:00,68,17,51
2017-04-27 19:00:00,21,10,11
2017-04-27 20:00:00,14,4,10
2017-04-27 21:00:00,13,8,5
2017-04-27 22:00:00,5,3,2
2017-04-27 23:00:00,3,2,1
2017-04-28 00:00:00,1,0,1
2017-04-28 01:00:00,0,0,0
2017-04-28 02:00:00,1,0,1
2017-04-28 03:00:00,0,0,0
2017-04-28 04:00:00,3,0,3
2017-04-28 05:00:00,8,5,3
2017-04-28 06:00:00,30,19,11
2017-04-28 07:00:00,68,38,30
2017-04-28 08:00:00,113,56,57
2017-04-28 09:00:00,68,30,38
2017-04-28 10:00:00,24,11,13
2017-04-28 11:00:00,30,13,17
2017-04-28 12:00:00,32,18,14
2017-04-28 13:00:00,26,8,18
2017-04-28 14:00:00,32,15,17
2017-04-28 15:00:00,69,30,39
2017-04-28 16:00:00,124,40,84
2017-04-28 17:00:00,145,49,96
2017-04-28 18:00:00,83,27,56
2017-04-28 19:00:00,31,13,18
2017-04-28 20:00:00,8,2,6
2017-04-28 21:00:00,9,2,7
2017-04-28 22:00:00,2,0,2
2017-04-28 23:00:00,6,2,4
2017-04-29 00:00:00,4,1,3
2017-04-29 01:00:00,2,2,0
2017-04-29 02:00:00,1,0,1
2017-04-29 03:00:00,1,0,1
2017-04-29 04:00:00,3,0,3
2017-04-29 05:00:00,1,1,0
2017-04-29 06:00:00,5,2,3
2017-04-29 07:00:00,7,5,2
2017-04-29 08:00:00,18,5,13
2017-04-29 09:00:00,21,6,15
2017-04-29 10:00:00,24,9,15
2017-04-29 11:00:00,24,15,9
2017-04-29 12:00:00,22,8,14
2017-04-29 13:00:00,26,10,16
2017-04-29 14:00:00,16,6,10
2017-04-29 15:00:00,23,11,12
2017-04-29 16:00:00,17,6,11
2017-04-29 17:00:00,15,6,9
2017-04-29 18:00:00,27,8,19
2017-04-29 19:00:00,7,3,4
2017-04-29 20:00:00,1,1,0
2017-04-29 21:00:00,10,6,4
2017-04-29 22:00:00,3,0,3
2017-04-29 23:00:00,4,1,3
2017-04-30 00:00:00,0,0,0
2017-04-30 01:00:00,0,0,0
2017-04-30 02:00:00,3,0,3
2017-04-30 03:00:00,1,0,1
2017-04-30 04:00:00,0,0,0
2017-04-30 05:00:00,1,1,0
2017-04-30 06:00:00,0,0,0
2017-04-30 07:00:00,5,4,1
2017-04-30 08:00:00,7,3,4
2017-04-30 09:00:00,16,9,7
2017-04-30 10:00:00,8,4,4
2017-04-30 11:00:00,18,10,8
2017-04-30 12:00:00,14,2,12
2017-04-30 13:00:00,13,8,5
2017-04-30 14:00:00,15,6,9
2017-04-30 15:00:00,15,9,6
2017-04-30 16:00:00,16,5,11
2017-04-30 17:00:00,11,6,5
2017-04-30 18:00:00,11,5,6
2017-04-30 19:00:00,10,3,7
2017-04-30 20:00:00,8,7,1
2017-04-30 21:00:00,4,1,3
2017-04-30 22:00:00,5,2,3
2017-04-30 23:00:00,1,1,0
2017-05-01 00:00:00,0,0,0
2017-05-01 01:00:00,1,0,1
2017-05-01 02:00:00,0,0,0
2017-05-01 03:00:00,0,0,0
2017-05-01 04:00:00,2,1,1
2017-05-01 05:00:00,8,6,2
2017-05-01 06:00:00,40,23,17
2017-05-01 07:00:00,85,41,44
2017-05-01 08:00:00,121,39,82
2017-05-01 09:00:00,66,37,29
2017-05-01 10:00:00,26,15,11
2017-05-01 11:00:00,19,8,11
2017-05-01 12:00:00,25,13,12
2017-05-01 13:00:00,29,9,20
2017-05-01 14:00:00,31,13,18
2017-05-01 15:00:00,55,19,36
2017-05-01 16:00:00,104,30,74
2017-05-01 17:00:00,142,57,85
2017-05-01 18:00:00,79,36,43
2017-05-01 19:00:00,17,6,11
2017-05-01 20:00:00,15,6,9
2017-05-01 21:00:00,5,0,5
2017-05-01 22:00:00,2,2,0
2017-05-01 23:00:00,4,2,2
2017-05-02 00:00:00,0,0,0
2017-05-02 01:00:00,1,1,0
2017-05-02 02:00:00,0,0,0
2017-05-02 03:00:00,3,3,0
2017-05-02 04:00:00,3,1,2
2017-05-02 05:00:00,9,6,3
2017-05-02 06:00:00,46,24,22
2017-05-02 07:00:00,100,52,48
2017-05-02 08:00:00,135,57,78
2017-05-02 09:00:00,73,33,40
2017-05-02 10:00:00,21,11,10
2017-05-02 11:00:00,26,9,17
2017-05-02 12:00:00,29,12,17
2017-05-02 13:00:00,20,9,11
2017-05-02 14:00:00,37,17,20
2017-05-02 15:00:00,57,24,33
2017-05-02 16:00:00,110,36,74
2017-05-02 17:00:00,192,58,134
2017-05-02 18:00:00,79,31,48
2017-05-02 19:00:00,26,8,18
2017-05-02 20:00:00,16,8,8
2017-05-02 21:00:00,7,3,4
2017-05-02 22:00:00,10,0,10
2017-05-02 23:00:00,3,2,1
2017-05-03 00:00:00,0,0,0
2017-05-03 01:00:00,1,1,0
2017-05-03 02:00:00,1,1,0
2017-05-03 03:00:00,0,0,0
2017-05-03 04:00:00,2,1,1
2017-05-03 05:00:00,6,6,0
2017-05-03 06:00:00,42,19,23
2017-05-03 07:00:00,122,55,67
2017-05-03 08:00:00,152,70,82
2017-05-03 09:00:00,92,38,54
2017-05-03 10:00:00,39,18,21
2017-05-03 11:00:00,26,11,15
2017-05-03 12:00:00,43,21,22
2017-05-03 13:00:00,47,28,19
2017-05-03 14:00:00,33,14,19
2017-05-03 15:00:00,52,23,29
2017-05-03 16:00:00,163,57,106
2017-05-03 17:00:00,213,71,142
2017-05-03 18:00:00,92,34,58
2017-05-03 19:00:00,55,22,33
2017-05-03 20:00:00,19,8,11
2017-05-03 21:00:00,14,3,11
2017-05-03 22:00:00,13,6,7
2017-05-03 23:00:00,14,4,10
2017-05-04 00:00:00,0,0,0
2017-05-04 01:00:00,1,1,0
2017-05-04 02:00:00,0,0,0
2017-05-04 03:00:00,0,0,0
2017-05-04 04:00:00,1,0,1
2017-05-04 05:00:00,10,7,3
2017-05-04 06:00:00,46,25,21
2017-05-04 07:00:00,73,37,36
2017-05-04 08:00:00,138,58,80
2017-05-04 09:00:00,78,28,50
2017-05-04 10:00:00,32,17,15
2017-05-04 11:00:00,30,16,14
2017-05-04 12:00:00,33,16,17
2017-05-04 13:00:00,35,22,13
2017-05-04 14:00:00,28,6,22
2017-05-04 15:00:00,78,25,53
2017-05-04 16:00:00,125,31,94
2017-05-04 17:00:00,112,37,75
2017-05-04 18:00:00,64,19,45
2017-05-04 19:00:00,30,11,19
2017-05-04 20:00:00,11,7,4
2017-05-04 21:00:00,6,3,3
2017-05-04 22:00:00,4,3,1
2017-05-04 23:00:00,1,1,0
2017-05-05 00:00:00,2,1,1
2017-05-05 01:00:00,4,2,2
2017-05-05 02:00:00,2,1,1
2017-05-05 03:00:00,0,0,0
2017-05-05 04:00:00,2,1,1
2017-05-05 05:00:00,7,5,2
2017-05-05 06:00:00,31,23,8
2017-05-05 07:00:00,65,34,31
2017-05-05 08:00:00,83,38,45
2017-05-05 09:00:00,69,36,33
2017-05-05 10:00:00,44,14,30
2017-05-05 11:00:00,23,12,11
2017-05-05 12:00:00,28,13,15
2017-05-05 13:00:00,35,19,16
2017-05-05 14:00:00,27,12,15
2017-05-05 15:00:00,50,19,31
2017-05-05 16:00:00,115,34,81
2017-05-05 17:00:00,148,62,86
2017-05-05 18:00:00,55,20,35
2017-05-05 19:00:00,33,11,22
2017-05-05 20:00:00,7,3,4
2017-05-05 21:00:00,9,3,6
2017-05-05 22:00:00,11,5,6
2017-05-05 23:00:00,4,3,1
2017-05-06 00:00:00,3,2,1
2017-05-06 01:00:00,1,1,0
2017-05-06 02:00:00,2,0,2
2017-05-06 03:00:00,1,1,0
2017-05-06 04:00:00,1,1,0
2017-05-06 05:00:00,2,1,1
2017-05-06 06:00:00,7,5,2
2017-05-06 07:00:00,9,6,3
2017-05-06 08:00:00,15,6,9
2017-05-06 09:00:00,12,6,6
2017-05-06 10:00:00,19,6,13
2017-05-06 11:00:00,40,14,26
2017-05-06 12:00:00,30,12,18
2017-05-06 13:00:00,39,21,18
2017-05-06 14:00:00,39,20,19
2017-05-06 15:00:00,24,10,14
2017-05-06 16:00:00,40,24,16
2017-05-06 17:00:00,28,16,12
2017-05-06 18:00:00,37,20,17
2017-05-06 19:00:00,8,5,3
2017-05-06 20:00:00,5,2,3
2017-05-06 21:00:00,5,2,3
2017-05-06 22:00:00,6,2,4
2017-05-06 23:00:00,5,1,4
2017-05-07 00:00:00,4,1,3
2017-05-07 01:00:00,2,0,2
2017-05-07 02:00:00,1,1,0
2017-05-07 03:00:00,1,0,1
2017-05-07 04:00:00,2,0,2
2017-05-07 05:00:00,0,0,0
2017-05-07 06:00:00,2,2,0
2017-05-07 07:00:00,7,4,3
2017-05-07 08:00:00,13,4,9
2017-05-07 09:00:00,12,7,5
2017-05-07 10:00:00,15,8,7
2017-05-07 11:00:00,21,7,14
2017-05-07 12:00:00,31,6,25
2017-05-07 13:00:00,19,9,10
2017-05-07 14:00:00,21,12,9
2017-05-07 15:00:00,30,13,17
2017-05-07 16:00:00,27,14,13
2017-05-07 17:00:00,29,16,13
2017-05-07 18:00:00,16,11,5
2017-05-07 19:00:00,7,4,3
2017-05-07 20:00:00,10,5,5
2017-05-07 21:00:00,2,2,0
2017-05-07 22:00:00,4,3,1
2017-05-07 23:00:00,1,0,1
2017-05-08 00:00:00,0,0,0
2017-05-08 01:00:00,0,0,0
2017-05-08 02:00:00,1,0,1
2017-05-08 03:00:00,2,2,0
2017-05-08 04:00:00,4,0,4
2017-05-08 05:00:00,14,10,4
2017-05-08 06:00:00,41,25,16
2017-05-08 07:00:00,109,54,55
2017-05-08 08:00:00,140,66,74
2017-05-08 09:00:00,85,34,51
2017-05-08 10:00:00,21,10,11
2017-05-08 11:00:00,23,9,14
2017-05-08 12:00:00,27,16,11
2017-05-08 13:00:00,30,15,15
2017-05-08 14:00:00,26,9,17
2017-05-08 15:00:00,64,22,42
2017-05-08 16:00:00,141,46,95
2017-05-08 17:00:00,213,68,145
2017-05-08 18:00:00,92,35,57
2017-05-08 19:00:00,50,25,25
2017-05-08 20:00:00,17,7,10
2017-05-08 21:00:00,7,2,5
2017-05-08 22:00:00,8,4,4
2017-05-08 23:00:00,0,0,0
2017-05-09 00:00:00,0,0,0
2017-05-09 01:00:00,0,0,0
2017-05-09 02:00:00,1,0,1
2017-05-09 03:00:00,1,0,1
2017-05-09 04:00:00,1,0,1
2017-05-09 05:00:00,11,8,3
2017-05-09 06:00:00,47,24,23
2017-05-09 07:00:00,135,67,68
2017-05-09 08:00:00,154,69,85
2017-05-09 09:00:00,102,43,59
2017-05-09 10:00:00,35,14,21
2017-05-09 11:00:00,27,17,10
2017-05-09 12:00:00,33,16,17
2017-05-09 13:00:00,38,19,19
2017-05-09 14:00:00,41,18,23
2017-05-09 15:00:00,60,23,37
2017-05-09 16:00:00,151,43,108
2017-05-09 17:00:00,240,78,162
2017-05-09 18:00:00,109,31,78
2017-05-09 19:00:00,42,16,26
2017-05-09 20:00:00,24,13,11
2017-05-09 21:00:00,10,5,5
2017-05-09 22:00:00,7,3,4
2017-05-09 23:00:00,7,4,3
2017-05-10 00:00:00,3,2,1
2017-05-10 01:00:00,1,0,1
2017-05-10 02:00:00,1,0,1
2017-05-10 03:00:00,0,0,0
2017-05-10 04:00:00,1,1,0
2017-05-10 05:00:00,10,8,2
2017-05-10 06:00:00,50,29,21
2017-05-10 07:00:00,93,57,36
2017-05-10 08:00:00,159,68,91
2017-05-10 09:00:00,97,45,52
2017-05-10 10:00:00,36,20,16
2017-05-10 11:00:00,35,20,15
2017-05-10 12:00:00,31,17,14
2017-05-10 13:00:00,26,9,17
2017-05-10 14:00:00,41,14,27
2017-05-10 15:00:00,65,22,43
2017-05-10 16:00:00,164,54,110
2017-05-10 17:00:00,235,80,155
2017-05-10 18:00:00,113,40,73
2017-05-10 19:00:00,37,12,25
2017-05-10 20:00:00,26,14,12
2017-05-10 21:00:00,19,8,11
2017-05-10 22:00:00,8,3,5
2017-05-10 23:00:00,5,1,4
2017-05-11 00:00:00,3,2,1
2017-05-11 01:00:00,2,2,0
2017-05-11 02:00:00,3,2,1
2017-05-11 03:00:00,4,2,2
2017-05-11 04:00:00,1,0,1
2017-05-11 05:00:00,7,4,3
2017-05-11 06:00:00,33,25,8
2017-05-11 07:00:00,68,39,29
2017-05-11 08:00:00,108,41,67
2017-05-11 09:00:00,68,30,38
2017-05-11 10:00:00,28,19,9
2017-05-11 11:00:00,14,6,8
2017-05-11 12:00:00,14,9,5
2017-05-11 13:00:00,22,10,12
2017-05-11 14:00:00,14,9,5
2017-05-11 15:00:00,41,12,29
2017-05-11 16:00:00,107,35,72
2017-05-11 17:00:00,158,53,105
2017-05-11 18:00:00,50,13,37
2017-05-11 19:00:00,30,11,19
2017-05-11 20:00:00,11,4,7
2017-05-11 21:00:00,14,2,12
2017-05-11 22:00:00,6,4,2
2017-05-11 23:00:00,6,2,4
2017-05-12 00:00:00,2,2,0
2017-05-12 01:00:00,0,0,0
2017-05-12 02:00:00,4,2,2
2017-05-12 03:00:00,1,0,1
2017-05-12 04:00:00,0,0,0
2017-05-12 05:00:00,4,3,1
2017-05-12 06:00:00,37,25,12
2017-05-12 07:00:00,87,32,55
2017-05-12 08:00:00,122,64,58
2017-05-12 09:00:00,63,34,29
2017-05-12 10:00:00,22,11,11
2017-05-12 11:00:00,20,7,13
2017-05-12 12:00:00,23,12,11
2017-05-12 13:00:00,28,12,16
2017-05-12 14:00:00,26,13,13
2017-05-12 15:00:00,55,20,35
2017-05-12 16:00:00,99,41,58
2017-05-12 17:00:00,139,41,98
2017-05-12 18:00:00,58,22,36
2017-05-12 19:00:00,31,13,18
2017-05-12 20:00:00,9,4,5
2017-05-12 21:00:00,5,2,3
2017-05-12 22:00:00,9,6,3
2017-05-12 23:00:00,6,4,2
2017-05-13 00:00:00,5,3,2
2017-05-13 01:00:00,6,4,2
2017-05-13 02:00:00,3,1,2
2017-05-13 03:00:00,0,0,0
2017-05-13 04:00:00,1,0,1
2017-05-13 05:00:00,1,0,1
2017-05-13 06:00:00,4,2,2
2017-05-13 07:00:00,7,5,2
2017-05-13 08:00:00,4,3,1
2017-05-13 09:00:00,9,4,5
2017-05-13 10:00:00,13,2,11
2017-05-13 11:00:00,20,5,15
2017-05-13 12:00:00,11,4,7
2017-05-13 13:00:00,14,5,9
2017-05-13 14:00:00,17,7,10
2017-05-13 15:00:00,16,6,10
2017-05-13 16:00:00,29,15,14
2017-05-13 17:00:00,23,14,9
2017-05-13 18:00:00,16,7,9
2017-05-13 19:00:00,6,4,2
2017-05-13 20:00:00,8,7,1
2017-05-13 21:00:00,3,1,2
2017-05-13 22:00:00,6,5,1
2017-05-13 23:00:00,3,3,0
2017-05-14 00:00:00,1,1,0
2017-05-14 01:00:00,5,2,3
2017-05-14 02:00:00,0,0,0
2017-05-14 03:00:00,0,0,0
2017-05-14 04:00:00,0,0,0
2017-05-14 05:00:00,3,1,2
2017-05-14 06:00:00,2,2,0
2017-05-14 07:00:00,3,2,1
2017-05-14 08:00:00,7,4,3
2017-05-14 09:00:00,7,2,5
2017-05-14 10:00:00,13,7,6
2017-05-14 11:00:00,10,2,8
2017-05-14 12:00:00,18,12,6
2017-05-14 13:00:00,16,7,9
2017-05-14 14:00:00,17,12,5
2017-05-14 15:00:00,14,5,9
2017-05-14 16:00:00,17,10,7
2017-05-14 17:00:00,12,5,7
2017-05-14 18:00:00,16,4,12
2017-05-14 19:00:00,15,9,6
2017-05-14 20:00:00,3,2,1
2017-05-14 21:00:00,5,1,4
2017-05-14 22:00:00,9,4,5
2017-05-14 23:00:00,11,7,4
2017-05-15 00:00:00,3,1,2
2017-05-15 01:00:00,0,0,0
2017-05-15 02:00:00,3,0,3
2017-05-15 03:00:00,2,2,0
2017-05-15 04:00:00,2,0,2
2017-05-15 05:00:00,5,4,1
2017-05-15 06:00:00,38,23,15
2017-05-15 07:00:00,87,47,40
2017-05-15 08:00:00,126,52,74
2017-05-15 09:00:00,60,23,37
2017-05-15 10:00:00,26,11,15
2017-05-15 11:00:00,21,8,13
2017-05-15 12:00:00,14,8,6
2017-05-15 13:00:00,17,11,6
2017-05-15 14:00:00,15,7,8
2017-05-15 15:00:00,45,14,31
2017-05-15 16:00:00,93,27,66
2017-05-15 17:00:00,142,51,91
2017-05-15 18:00:00,65,13,52
2017-05-15 19:00:00,26,10,16
2017-05-15 20:00:00,10,3,7
2017-05-15 21:00:00,5,1,4
2017-05-15 22:00:00,2,1,1
2017-05-15 23:00:00,1,0,1
2017-05-16 00:00:00,1,1,0
2017-05-16 01:00:00,0,0,0
2017-05-16 02:00:00,0,0,0
2017-05-16 03:00:00,3,3,0
2017-05-16 04:00:00,3,1,2
2017-05-16 05:00:00,5,4,1
2017-05-16 06:00:00,29,17,12
2017-05-16 07:00:00,59,38,21
2017-05-16 08:00:00,79,33,46
2017-05-16 09:00:00,46,24,22
2017-05-16 10:00:00,20,12,8
2017-05-16 11:00:00,11,5,6
2017-05-16 12:00:00,23,10,13
2017-05-16 13:00:00,21,8,13
2017-05-16 14:00:00,15,6,9
2017-05-16 15:00:00,43,13,30
2017-05-16 16:00:00,93,24,69
2017-05-16 17:00:00,142,42,100
2017-05-16 18:00:00,65,27,38
2017-05-16 19:00:00,29,8,21
2017-05-16 20:00:00,18,8,10
2017-05-16 21:00:00,10,4,6
2017-05-16 22:00:00,11,6,5
2017-05-16 23:00:00,6,5,1
2017-05-17 00:00:00,0,0,0
2017-05-17 01:00:00,2,0,2
2017-05-17 02:00:00,1,1,0
2017-05-17 03:00:00,1,0,1
2017-05-17 04:00:00,1,1,0
2017-05-17 05:00:00,11,9,2
2017-05-17 06:00:00,49,32,17
2017-05-17 07:00:00,103,53,50
2017-05-17 08:00:00,152,65,87
2017-05-17 09:00:00,64,28,36
2017-05-17 10:00:00,33,22,11
2017-05-17 11:00:00,22,11,11
2017-05-17 12:00:00,31,21,10
2017-05-17 13:00:00,26,10,16
2017-05-17 14:00:00,28,13,15
2017-05-17 15:00:00,49,17,32
2017-05-17 16:00:00,121,41,80
2017-05-17 17:00:00,215,76,139
2017-05-17 18:00:00,97,34,63
2017-05-17 19:00:00,31,14,17
2017-05-17 20:00:00,23,10,13
2017-05-17 21:00:00,16,7,9
2017-05-17 22:00:00,8,3,5
2017-05-17 23:00:00,7,5,2
2017-05-18 00:00:00,0,0,0
2017-05-18 01:00:00,1,0,1
2017-05-18 02:00:00,1,0,1
2017-05-18 03:00:00,0,0,0
2017-05-18 04:00:00,1,0,1
2017-05-18 05:00:00,4,2,2
2017-05-18 06:00:00,54,25,29
2017-05-18 07:00:00,106,59,47
2017-05-18 08:00:00,161,73,88
2017-05-18 09:00:00,72,20,52
2017-05-18 10:00:00,27,16,11
2017-05-18 11:00:00,33,17,16
2017-05-18 12:00:00,30,14,16
2017-05-18 13:00:00,35,21,14
2017-05-18 14:00:00,37,15,22
2017-05-18 15:00:00,66,26,40
2017-05-18 16:00:00,140,36,104
2017-05-18 17:00:00,199,65,134
2017-05-18 18:00:00,93,35,58
2017-05-18 19:00:00,50,26,24
2017-05-18 20:00:00,12,6,6
2017-05-18 21:00:00,14,8,6
2017-05-18 22:00:00,8,3,5
2017-05-18 23:00:00,6,3,3
2017-05-19 00:00:00,2,2,0
2017-05-19 01:00:00,0,0,0
2017-05-19 02:00:00,3,0,3
2017-05-19 03:00:00,2,1,1
2017-05-19 04:00:00,1,0,1
2017-05-19 05:00:00,7,4,3
2017-05-19 06:00:00,63,27,36
2017-05-19 07:00:00,165,78,87
2017-05-19 08:00:00,273,88,185
2017-05-19 09:00:00,106,40,66
2017-05-19 10:00:00,40,17,23
2017-05-19 11:00:00,46,21,25
2017-05-19 12:00:00,40,13,27
2017-05-19 13:00:00,50,16,34
2017-05-19 14:00:00,59,22,37
2017-05-19 15:00:00,94,34,60
2017-05-19 16:00:00,175,59,116
2017-05-19 17:00:00,222,83,139
2017-05-19 18:00:00,91,28,63
2017-05-19 19:00:00,31,13,18
2017-05-19 20:00:00,16,6,10
2017-05-19 21:00:00,15,5,10
2017-05-19 22:00:00,13,5,8
2017-05-19 23:00:00,7,4,3
2017-05-20 00:00:00,4,1,3
2017-05-20 01:00:00,3,2,1
2017-05-20 02:00:00,0,0,0
2017-05-20 03:00:00,0,0,0
2017-05-20 04:00:00,2,2,0
2017-05-20 05:00:00,2,1,1
2017-05-20 06:00:00,6,4,2
2017-05-20 07:00:00,13,7,6
2017-05-20 08:00:00,20,12,8
2017-05-20 09:00:00,18,8,10
2017-05-20 10:00:00,26,9,17
2017-05-20 11:00:00,24,10,14
2017-05-20 12:00:00,32,9,23
2017-05-20 13:00:00,61,15,46
2017-05-20 14:00:00,38,9,29
2017-05-20 15:00:00,28,12,16
2017-05-20 16:00:00,56,42,14
2017-05-20 17:00:00,18,12,6
2017-05-20 18:00:00,19,7,12
2017-05-20 19:00:00,9,8,1
2017-05-20 20:00:00,8,1,7
2017-05-20 21:00:00,9,4,5
2017-05-20 22:00:00,14,11,3
2017-05-20 23:00:00,7,4,3
2017-05-21 00:00:00,4,0,4
2017-05-21 01:00:00,2,1,1
2017-05-21 02:00:00,3,1,2
2017-05-21 03:00:00,0,0,0
2017-05-21 04:00:00,1,0,1
2017-05-21 05:00:00,2,2,0
2017-05-21 06:00:00,2,0,2
2017-05-21 07:00:00,7,3,4
2017-05-21 08:00:00,13,7,6
2017-05-21 09:00:00,11,3,8
2017-05-21 10:00:00,18,9,9
2017-05-21 11:00:00,26,8,18
2017-05-21 12:00:00,35,14,21
2017-05-21 13:00:00,26,13,13
2017-05-21 14:00:00,35,10,25
2017-05-21 15:00:00,26,15,11
2017-05-21 16:00:00,23,13,10
2017-05-21 17:00:00,24,12,12
2017-05-21 18:00:00,8,4,4
2017-05-21 19:00:00,14,5,9
2017-05-21 20:00:00,6,4,2
2017-05-21 21:00:00,5,3,2
2017-05-21 22:00:00,2,1,1
2017-05-21 23:00:00,3,1,2
2017-05-22 00:00:00,2,1,1
2017-05-22 01:00:00,0,0,0
2017-05-22 02:00:00,0,0,0
2017-05-22 03:00:00,13,1,12
2017-05-22 04:00:00,1,0,1
2017-05-22 05:00:00,11,7,4
2017-05-22 06:00:00,55,27,28
2017-05-22 07:00:00,120,51,69
2017-05-22 08:00:00,169,65,104
2017-05-22 09:00:00,96,42,54
2017-05-22 10:00:00,26,14,12
2017-05-22 11:00:00,26,8,18
2017-05-22 12:00:00,44,28,16
2017-05-22 13:00:00,36,16,20
2017-05-22 14:00:00,29,15,14
2017-05-22 15:00:00,77,32,45
2017-05-22 16:00:00,152,45,107
2017-05-22 17:00:00,241,77,164
2017-05-22 18:00:00,103,39,64
2017-05-22 19:00:00,47,20,27
2017-05-22 20:00:00,21,9,12
2017-05-22 21:00:00,13,8,5
2017-05-22 22:00:00,9,3,6
2017-05-22 23:00:00,5,0,5
2017-05-23 00:00:00,2,1,1
2017-05-23 01:00:00,0,0,0
2017-05-23 02:00:00,1,0,1
2017-05-23 03:00:00,2,1,1
2017-05-23 04:00:00,5,2,3
2017-05-23 05:00:00,16,10,6
2017-05-23 06:00:00,46,25,21
2017-05-23 07:00:00,147,57,90
2017-05-23 08:00:00,185,68,117
2017-05-23 09:00:00,89,42,47
2017-05-23 10:00:00,33,18,15
2017-05-23 11:00:00,28,11,17
2017-05-23 12:00:00,41,19,22
2017-05-23 13:00:00,33,18,15
2017-05-23 14:00:00,40,16,24
2017-05-23 15:00:00,79,32,47
2017-05-23 16:00:00,186,55,131
2017-05-23 17:00:00,263,103,160
2017-05-23 18:00:00,122,42,80
2017-05-23 19:00:00,41,21,20
2017-05-23 20:00:00,16,2,14
2017-05-23 21:00:00,14,9,5
2017-05-23 22:00:00,3,0,3
2017-05-23 23:00:00,6,5,1
2017-05-24 00:00:00,1,0,1
2017-05-24 01:00:00,0,0,0
2017-05-24 02:00:00,1,1,0
2017-05-24 03:00:00,0,0,0
2017-05-24 04:00:00,1,1,0
2017-05-24 05:00:00,8,8,0
2017-05-24 06:00:00,51,27,24
2017-05-24 07:00:00,106,47,59
2017-05-24 08:00:00,171,72,99
2017-05-24 09:00:00,85,39,46
2017-05-24 10:00:00,38,16,22
2017-05-24 11:00:00,34,21,13
2017-05-24 12:00:00,62,38,24
2017-05-24 13:00:00,22,12,10
2017-05-24 14:00:00,31,10,21
2017-05-24 15:00:00,63,22,41
2017-05-24 16:00:00,141,44,97
2017-05-24 17:00:00,203,64,139
2017-05-24 18:00:00,101,36,65
2017-05-24 19:00:00,34,14,20
2017-05-24 20:00:00,20,6,14
2017-05-24 21:00:00,16,6,10
2017-05-24 22:00:00,12,6,6
2017-05-24 23:00:00,7,3,4
2017-05-25 00:00:00,3,1,2
2017-05-25 01:00:00,0,0,0
2017-05-25 02:00:00,0,0,0
2017-05-25 03:00:00,0,0,0
2017-05-25 04:00:00,4,1,3
2017-05-25 05:00:00,11,9,2
2017-05-25 06:00:00,44,21,23
2017-05-25 07:00:00,85,40,45
2017-05-25 08:00:00,170,69,101
2017-05-25 09:00:00,92,39,53
2017-05-25 10:00:00,32,16,16
2017-05-25 11:00:00,26,9,17
2017-05-25 12:00:00,34,22,12
2017-05-25 13:00:00,29,16,13
2017-05-25 14:00:00,35,12,23
2017-05-25 15:00:00,69,27,42
2017-05-25 16:00:00,144,52,92
2017-05-25 17:00:00,187,70,117
2017-05-25 18:00:00,112,38,74
2017-05-25 19:00:00,42,16,26
2017-05-25 20:00:00,17,10,7
2017-05-25 21:00:00,17,9,8
2017-05-25 22:00:00,10,4,6
2017-05-25 23:00:00,5,3,2
2017-05-26 00:00:00,2,1,1
2017-05-26 01:00:00,0,0,0
2017-05-26 02:00:00,1,0,1
2017-05-26 03:00:00,0,0,0
2017-05-26 04:00:00,2,0,2
2017-05-26 05:00:00,7,6,1
2017-05-26 06:00:00,40,26,14
2017-05-26 07:00:00,94,41,53
2017-05-26 08:00:00,138,61,77
2017-05-26 09:00:00,75,30,45
2017-05-26 10:00:00,32,20,12
2017-05-26 11:00:00,34,13,21
2017-05-26 12:00:00,39,24,15
2017-05-26 13:00:00,57,34,23
2017-05-26 14:00:00,67,25,42
2017-05-26 15:00:00,90,43,47
2017-05-26 16:00:00,129,47,82
2017-05-26 17:00:00,141,59,82
2017-05-26 18:00:00,61,24,37
2017-05-26 19:00:00,22,12,10
2017-05-26 20:00:00,21,8,13
2017-05-26 21:00:00,10,2,8
2017-05-26 22:00:00,9,4,5
2017-05-26 23:00:00,7,4,3
2017-05-27 00:00:00,5,3,2
2017-05-27 01:00:00,1,0,1
2017-05-27 02:00:00,1,1,0
2017-05-27 03:00:00,0,0,0
2017-05-27 04:00:00,0,0,0
2017-05-27 05:00:00,1,0,1
2017-05-27 06:00:00,7,3,4
2017-05-27 07:00:00,5,4,1
2017-05-27 08:00:00,16,8,8
2017-05-27 09:00:00,14,6,8
2017-05-27 10:00:00,47,17,30
2017-05-27 11:00:00,74,11,63
2017-05-27 12:00:00,39,13,26
2017-05-27 13:00:00,29,20,9
2017-05-27 14:00:00,72,53,19
2017-05-27 15:00:00,25,8,17
2017-05-27 16:00:00,26,15,11
2017-05-27 17:00:00,28,12,16
2017-05-27 18:00:00,27,14,13
2017-05-27 19:00:00,17,2,15
2017-05-27 20:00:00,10,3,7
2017-05-27 21:00:00,10,3,7
2017-05-27 22:00:00,6,2,4
2017-05-27 23:00:00,4,2,2
2017-05-28 00:00:00,2,2,0
2017-05-28 01:00:00,2,1,1
2017-05-28 02:00:00,0,0,0
2017-05-28 03:00:00,3,1,2
2017-05-28 04:00:00,3,0,3
2017-05-28 05:00:00,66,9,57
2017-05-28 06:00:00,236,33,203
2017-05-28 07:00:00,77,15,62
2017-05-28 08:00:00,47,42,5
2017-05-28 09:00:00,98,82,16
2017-05-28 10:00:00,113,105,8
2017-05-28 11:00:00,55,40,15
2017-05-28 12:00:00,41,27,14
2017-05-28 13:00:00,27,7,20
2017-05-28 14:00:00,33,17,16
2017-05-28 15:00:00,23,12,11
2017-05-28 16:00:00,10,7,3
2017-05-28 17:00:00,28,13,15
2017-05-28 18:00:00,18,8,10
2017-05-28 19:00:00,15,4,11
2017-05-28 20:00:00,11,5,6
2017-05-28 21:00:00,4,3,1
2017-05-28 22:00:00,8,4,4
2017-05-28 23:00:00,3,0,3
2017-05-29 00:00:00,1,0,1
2017-05-29 01:00:00,2,1,1
2017-05-29 02:00:00,0,0,0
2017-05-29 03:00:00,0,0,0
2017-05-29 04:00:00,0,0,0
2017-05-29 05:00:00,0,0,0
2017-05-29 06:00:00,2,1,1
2017-05-29 07:00:00,8,4,4
2017-05-29 08:00:00,11,5,6
2017-05-29 09:00:00,11,6,5
2017-05-29 10:00:00,6,1,5
2017-05-29 11:00:00,17,11,6
2017-05-29 12:00:00,23,12,11
2017-05-29 13:00:00,21,8,13
2017-05-29 14:00:00,31,18,13
2017-05-29 15:00:00,43,22,21
2017-05-29 16:00:00,20,14,6
2017-05-29 17:00:00,22,11,11
2017-05-29 18:00:00,16,11,5
2017-05-29 19:00:00,20,10,10
2017-05-29 20:00:00,11,6,5
2017-05-29 21:00:00,7,4,3
2017-05-29 22:00:00,6,4,2
2017-05-29 23:00:00,9,6,3
2017-05-30 00:00:00,1,1,0
2017-05-30 01:00:00,1,0,1
2017-05-30 02:00:00,0,0,0
2017-05-30 03:00:00,1,1,0
2017-05-30 04:00:00,3,2,1
2017-05-30 05:00:00,5,3,2
2017-05-30 06:00:00,43,23,20
2017-05-30 07:00:00,89,50,39
2017-05-30 08:00:00,126,53,73
2017-05-30 09:00:00,68,29,39
2017-05-30 10:00:00,27,17,10
2017-05-30 11:00:00,19,10,9
2017-05-30 12:00:00,26,15,11
2017-05-30 13:00:00,32,15,17
2017-05-30 14:00:00,27,16,11
2017-05-30 15:00:00,43,15,28
2017-05-30 16:00:00,111,32,79
2017-05-30 17:00:00,179,58,121
2017-05-30 18:00:00,89,36,53
2017-05-30 19:00:00,34,16,18
2017-05-30 20:00:00,11,3,8
2017-05-30 21:00:00,8,5,3
2017-05-30 22:00:00,8,3,5
2017-05-30 23:00:00,3,0,3
2017-05-31 00:00:00,2,1,1
2017-05-31 01:00:00,0,0,0
2017-05-31 02:00:00,0,0,0
2017-05-31 03:00:00,0,0,0
2017-05-31 04:00:00,1,0,1
2017-05-31 05:00:00,8,6,2
2017-05-31 06:00:00,53,29,24
2017-05-31 07:00:00,103,53,50
2017-05-31 08:00:00,152,67,85
2017-05-31 09:00:00,90,45,45
2017-05-31 10:00:00,35,20,15
2017-05-31 11:00:00,26,15,11
2017-05-31 12:00:00,23,11,12
2017-05-31 13:00:00,26,16,10
2017-05-31 14:00:00,38,21,17
2017-05-31 15:00:00,72,24,48
2017-05-31 16:00:00,149,35,114
2017-05-31 17:00:00,187,67,120
2017-05-31 18:00:00,121,42,79
2017-05-31 19:00:00,52,23,29
2017-05-31 20:00:00,24,8,16
2017-05-31 21:00:00,7,3,4
2017-05-31 22:00:00,11,6,5
2017-05-31 23:00:00,4,2,2
2017-06-01 00:00:00,3,1,2
2017-06-01 01:00:00,0,0,0
2017-06-01 02:00:00,0,0,0
2017-06-01 03:00:00,0,0,0
2017-06-01 04:00:00,0,0,0
2017-06-01 05:00:00,11,7,4
2017-06-01 06:00:00,45,28,17
2017-06-01 07:00:00,90,48,42
2017-06-01 08:00:00,122,51,71
2017-06-01 09:00:00,65,32,33
2017-06-01 10:00:00,36,10,26
2017-06-01 11:00:00,29,18,11
2017-06-01 12:00:00,41,20,21
2017-06-01 13:00:00,24,9,15
2017-06-01 14:00:00,23,7,16
2017-06-01 15:00:00,65,26,39
2017-06-01 16:00:00,105,30,75
2017-06-01 17:00:00,175,57,118
2017-06-01 18:00:00,91,31,60
2017-06-01 19:00:00,36,17,19
2017-06-01 20:00:00,31,13,18
2017-06-01 21:00:00,25,16,9
2017-06-01 22:00:00,8,4,4
2017-06-01 23:00:00,6,2,4
2017-06-02 00:00:00,1,1,0
2017-06-02 01:00:00,2,1,1
2017-06-02 02:00:00,0,0,0
2017-06-02 03:00:00,1,0,1
2017-06-02 04:00:00,1,1,0
2017-06-02 05:00:00,7,3,4
2017-06-02 06:00:00,34,20,14
2017-06-02 07:00:00,81,42,39
2017-06-02 08:00:00,119,51,68
2017-06-02 09:00:00,76,39,37
2017-06-02 10:00:00,25,10,15
2017-06-02 11:00:00,28,17,11
2017-06-02 12:00:00,28,14,14
2017-06-02 13:00:00,40,20,20
2017-06-02 14:00:00,32,13,19
2017-06-02 15:00:00,68,24,44
2017-06-02 16:00:00,136,45,91
2017-06-02 17:00:00,164,60,104
2017-06-02 18:00:00,91,25,66
2017-06-02 19:00:00,46,22,24
2017-06-02 20:00:00,19,7,12
2017-06-02 21:00:00,12,7,5
2017-06-02 22:00:00,8,6,2
2017-06-02 23:00:00,7,3,4
2017-06-03 00:00:00,2,2,0
2017-06-03 01:00:00,3,2,1
2017-06-03 02:00:00,9,6,3
2017-06-03 03:00:00,1,1,0
2017-06-03 04:00:00,0,0,0
2017-06-03 05:00:00,5,2,3
2017-06-03 06:00:00,3,2,1
2017-06-03 07:00:00,6,5,1
2017-06-03 08:00:00,11,2,9
2017-06-03 09:00:00,13,5,8
2017-06-03 10:00:00,21,8,13
2017-06-03 11:00:00,26,13,13
2017-06-03 12:00:00,19,8,11
2017-06-03 13:00:00,27,13,14
2017-06-03 14:00:00,24,11,13
2017-06-03 15:00:00,27,14,13
2017-06-03 16:00:00,30,8,22
2017-06-03 17:00:00,19,8,11
2017-06-03 18:00:00,19,8,11
2017-06-03 19:00:00,16,6,10
2017-06-03 20:00:00,9,6,3
2017-06-03 21:00:00,9,6,3
2017-06-03 22:00:00,5,2,3
2017-06-03 23:00:00,6,5,1
2017-06-04 00:00:00,7,3,4
2017-06-04 01:00:00,2,1,1
2017-06-04 02:00:00,6,3,3
2017-06-04 03:00:00,3,2,1
2017-06-04 04:00:00,0,0,0
2017-06-04 05:00:00,0,0,0
2017-06-04 06:00:00,2,0,2
2017-06-04 07:00:00,10,7,3
2017-06-04 08:00:00,12,4,8
2017-06-04 09:00:00,23,11,12
2017-06-04 10:00:00,13,7,6
2017-06-04 11:00:00,18,11,7
2017-06-04 12:00:00,32,18,14
2017-06-04 13:00:00,37,19,18
2017-06-04 14:00:00,25,10,15
2017-06-04 15:00:00,35,22,13
2017-06-04 16:00:00,31,16,15
2017-06-04 17:00:00,23,11,12
2017-06-04 18:00:00,31,13,18
2017-06-04 19:00:00,16,10,6
2017-06-04 20:00:00,8,8,0
2017-06-04 21:00:00,22,15,7
2017-06-04 22:00:00,8,5,3
2017-06-04 23:00:00,2,2,0
2017-06-05 00:00:00,2,1,1
2017-06-05 01:00:00,0,0,0
2017-06-05 02:00:00,0,0,0
2017-06-05 03:00:00,1,0,1
2017-06-05 04:00:00,3,1,2
2017-06-05 05:00:00,15,11,4
2017-06-05 06:00:00,48,28,20
2017-06-05 07:00:00,90,44,46
2017-06-05 08:00:00,160,75,85
2017-06-05 09:00:00,100,48,52
2017-06-05 10:00:00,27,12,15
2017-06-05 11:00:00,21,11,10
2017-06-05 12:00:00,36,22,14
2017-06-05 13:00:00,37,18,19
2017-06-05 14:00:00,28,13,15
2017-06-05 15:00:00,52,13,39
2017-06-05 16:00:00,150,53,97
2017-06-05 17:00:00,215,58,157
2017-06-05 18:00:00,125,42,83
2017-06-05 19:00:00,45,16,29
2017-06-05 20:00:00,21,7,14
2017-06-05 21:00:00,8,5,3
2017-06-05 22:00:00,9,4,5
2017-06-05 23:00:00,5,1,4
2017-06-06 00:00:00,4,1,3
2017-06-06 01:00:00,0,0,0
2017-06-06 02:00:00,2,1,1
2017-06-06 03:00:00,4,3,1
2017-06-06 04:00:00,2,0,2
2017-06-06 05:00:00,20,12,8
2017-06-06 06:00:00,57,29,28
2017-06-06 07:00:00,114,63,51
2017-06-06 08:00:00,169,71,98
2017-06-06 09:00:00,108,44,64
2017-06-06 10:00:00,40,16,24
2017-06-06 11:00:00,25,10,15
2017-06-06 12:00:00,37,17,20
2017-06-06 13:00:00,29,14,15
2017-06-06 14:00:00,45,23,22
2017-06-06 15:00:00,71,33,38
2017-06-06 16:00:00,152,47,105
2017-06-06 17:00:00,244,61,183
2017-06-06 18:00:00,139,51,88
2017-06-06 19:00:00,54,16,38
2017-06-06 20:00:00,28,12,16
2017-06-06 21:00:00,8,2,6
2017-06-06 22:00:00,22,17,5
2017-06-06 23:00:00,6,4,2
2017-06-07 00:00:00,1,1,0
2017-06-07 01:00:00,2,2,0
2017-06-07 02:00:00,3,2,1
2017-06-07 03:00:00,0,0,0
2017-06-07 04:00:00,1,1,0
2017-06-07 05:00:00,16,12,4
2017-06-07 06:00:00,51,28,23
2017-06-07 07:00:00,96,59,37
2017-06-07 08:00:00,187,84,103
2017-06-07 09:00:00,98,35,63
2017-06-07 10:00:00,69,19,50
2017-06-07 11:00:00,28,12,16
2017-06-07 12:00:00,38,21,17
2017-06-07 13:00:00,37,22,15
2017-06-07 14:00:00,32,13,19
2017-06-07 15:00:00,63,17,46
2017-06-07 16:00:00,154,42,112
2017-06-07 17:00:00,259,84,175
2017-06-07 18:00:00,134,47,87
2017-06-07 19:00:00,41,19,22
2017-06-07 20:00:00,24,11,13
2017-06-07 21:00:00,12,5,7
2017-06-07 22:00:00,22,16,6
2017-06-07 23:00:00,8,6,2
2017-06-08 00:00:00,2,1,1
2017-06-08 01:00:00,0,0,0
2017-06-08 02:00:00,0,0,0
2017-06-08 03:00:00,0,0,0
2017-06-08 04:00:00,1,0,1
2017-06-08 05:00:00,9,8,1
2017-06-08 06:00:00,29,17,12
2017-06-08 07:00:00,60,31,29
2017-06-08 08:00:00,65,19,46
2017-06-08 09:00:00,40,14,26
2017-06-08 10:00:00,19,11,8
2017-06-08 11:00:00,12,8,4
2017-06-08 12:00:00,16,13,3
2017-06-08 13:00:00,19,10,9
2017-06-08 14:00:00,16,8,8
2017-06-08 15:00:00,45,14,31
2017-06-08 16:00:00,75,19,56
2017-06-08 17:00:00,125,36,89
2017-06-08 18:00:00,69,26,43
2017-06-08 19:00:00,29,11,18
2017-06-08 20:00:00,15,7,8
2017-06-08 21:00:00,17,6,11
2017-06-08 22:00:00,15,11,4
2017-06-08 23:00:00,5,3,2
2017-06-09 00:00:00,4,2,2
2017-06-09 01:00:00,0,0,0
2017-06-09 02:00:00,0,0,0
2017-06-09 03:00:00,1,0,1
2017-06-09 04:00:00,2,1,1
2017-06-09 05:00:00,9,6,3
2017-06-09 06:00:00,39,27,12
2017-06-09 07:00:00,78,41,37
2017-06-09 08:00:00,110,44,66
2017-06-09 09:00:00,66,29,37
2017-06-09 10:00:00,23,10,13
2017-06-09 11:00:00,36,23,13
2017-06-09 12:00:00,29,9,20
2017-06-09 13:00:00,31,16,15
2017-06-09 14:00:00,36,16,20
2017-06-09 15:00:00,58,16,42
2017-06-09 16:00:00,122,43,79
2017-06-09 17:00:00,146,52,94
2017-06-09 18:00:00,80,25,55
2017-06-09 19:00:00,33,15,18
2017-06-09 20:00:00,17,8,9
2017-06-09 21:00:00,9,5,4
2017-06-09 22:00:00,14,9,5
2017-06-09 23:00:00,9,4,5
2017-06-10 00:00:00,2,1,1
2017-06-10 01:00:00,2,0,2
2017-06-10 02:00:00,3,0,3
2017-06-10 03:00:00,0,0,0
2017-06-10 04:00:00,0,0,0
2017-06-10 05:00:00,0,0,0
2017-06-10 06:00:00,3,3,0
2017-06-10 07:00:00,9,4,5
2017-06-10 08:00:00,16,8,8
2017-06-10 09:00:00,12,3,9
2017-06-10 10:00:00,16,4,12
2017-06-10 11:00:00,33,21,12
2017-06-10 12:00:00,29,19,10
2017-06-10 13:00:00,45,31,14
2017-06-10 14:00:00,30,13,17
2017-06-10 15:00:00,34,14,20
2017-06-10 16:00:00,47,25,22
2017-06-10 17:00:00,30,14,16
2017-06-10 18:00:00,30,12,18
2017-06-10 19:00:00,20,8,12
2017-06-10 20:00:00,11,6,5
2017-06-10 21:00:00,6,4,2
2017-06-10 22:00:00,17,9,8
2017-06-10 23:00:00,9,6,3
2017-06-11 00:00:00,2,2,0
2017-06-11 01:00:00,1,1,0
2017-06-11 02:00:00,1,1,0
2017-06-11 03:00:00,0,0,0
2017-06-11 04:00:00,0,0,0
2017-06-11 05:00:00,1,1,0
2017-06-11 06:00:00,4,1,3
2017-06-11 07:00:00,7,3,4
2017-06-11 08:00:00,11,7,4
2017-06-11 09:00:00,18,3,15
2017-06-11 10:00:00,25,11,14
2017-06-11 11:00:00,18,7,11
2017-06-11 12:00:00,29,12,17
2017-06-11 13:00:00,25,9,16
2017-06-11 14:00:00,20,12,8
2017-06-11 15:00:00,41,28,13
2017-06-11 16:00:00,33,16,17
2017-06-11 17:00:00,20,14,6
2017-06-11 18:00:00,22,13,9
2017-06-11 19:00:00,11,7,4
2017-06-11 20:00:00,8,6,2
2017-06-11 21:00:00,7,6,1
2017-06-11 22:00:00,5,2,3
2017-06-11 23:00:00,3,1,2
2017-06-12 00:00:00,4,2,2
2017-06-12 01:00:00,1,1,0
2017-06-12 02:00:00,1,0,1
2017-06-12 03:00:00,0,0,0
2017-06-12 04:00:00,0,0,0
2017-06-12 05:00:00,14,8,6
2017-06-12 06:00:00,31,16,15
2017-06-12 07:00:00,102,45,57
2017-06-12 08:00:00,140,66,74
2017-06-12 09:00:00,87,47,40
2017-06-12 10:00:00,31,20,11
2017-06-12 11:00:00,28,16,12
2017-06-12 12:00:00,39,20,19
2017-06-12 13:00:00,17,9,8
2017-06-12 14:00:00,30,12,18
2017-06-12 15:00:00,50,12,38
2017-06-12 16:00:00,128,33,95
2017-06-12 17:00:00,188,64,124
2017-06-12 18:00:00,101,36,65
2017-06-12 19:00:00,27,13,14
2017-06-12 20:00:00,17,9,8
2017-06-12 21:00:00,8,4,4
2017-06-12 22:00:00,1,0,1
2017-06-12 23:00:00,3,0,3
2017-06-13 00:00:00,1,0,1
2017-06-13 01:00:00,1,1,0
2017-06-13 02:00:00,0,0,0
2017-06-13 03:00:00,0,0,0
2017-06-13 04:00:00,3,1,2
2017-06-13 05:00:00,15,12,3
2017-06-13 06:00:00,31,17,14
2017-06-13 07:00:00,92,47,45
2017-06-13 08:00:00,116,50,66
2017-06-13 09:00:00,70,34,36
2017-06-13 10:00:00,27,14,13
2017-06-13 11:00:00,25,15,10
2017-06-13 12:00:00,31,18,13
2017-06-13 13:00:00,32,12,20
2017-06-13 14:00:00,34,11,23
2017-06-13 15:00:00,47,18,29
2017-06-13 16:00:00,134,50,84
2017-06-13 17:00:00,172,52,120
2017-06-13 18:00:00,76,29,47
2017-06-13 19:00:00,39,18,21
2017-06-13 20:00:00,12,6,6
2017-06-13 21:00:00,8,5,3
2017-06-13 22:00:00,7,2,5
2017-06-13 23:00:00,2,0,2
2017-06-14 00:00:00,1,1,0
2017-06-14 01:00:00,5,4,1
2017-06-14 02:00:00,1,0,1
2017-06-14 03:00:00,1,1,0
2017-06-14 04:00:00,2,1,1
2017-06-14 05:00:00,14,11,3
2017-06-14 06:00:00,44,28,16
2017-06-14 07:00:00,124,61,63
2017-06-14 08:00:00,140,64,76
2017-06-14 09:00:00,78,41,37
2017-06-14 10:00:00,37,21,16
2017-06-14 11:00:00,22,10,12
2017-06-14 12:00:00,22,13,9
2017-06-14 13:00:00,28,14,14
2017-06-14 14:00:00,42,21,21
2017-06-14 15:00:00,68,19,49
2017-06-14 16:00:00,150,41,109
2017-06-14 17:00:00,183,62,121
2017-06-14 18:00:00,115,48,67
2017-06-14 19:00:00,42,14,28
2017-06-14 20:00:00,24,7,17
2017-06-14 21:00:00,22,8,14
2017-06-14 22:00:00,8,7,1
2017-06-14 23:00:00,1,0,1
2017-06-15 00:00:00,3,0,3
2017-06-15 01:00:00,3,2,1
2017-06-15 02:00:00,0,0,0
2017-06-15 03:00:00,1,0,1
2017-06-15 04:00:00,1,0,1
2017-06-15 05:00:00,7,5,2
2017-06-15 06:00:00,29,18,11
2017-06-15 07:00:00,57,36,21
2017-06-15 08:00:00,73,36,37
2017-06-15 09:00:00,48,21,27
2017-06-15 10:00:00,16,10,6
2017-06-15 11:00:00,12,5,7
2017-06-15 12:00:00,9,6,3
2017-06-15 13:00:00,19,8,11
2017-06-15 14:00:00,24,15,9
2017-06-15 15:00:00,38,16,22
2017-06-15 16:00:00,77,24,53
2017-06-15 17:00:00,99,33,66
2017-06-15 18:00:00,60,14,46
2017-06-15 19:00:00,17,6,11
2017-06-15 20:00:00,5,1,4
2017-06-15 21:00:00,5,1,4
2017-06-15 22:00:00,3,1,2
2017-06-15 23:00:00,1,1,0
2017-06-16 00:00:00,0,0,0
2017-06-16 01:00:00,2,1,1
2017-06-16 02:00:00,0,0,0
2017-06-16 03:00:00,1,1,0
2017-06-16 04:00:00,0,0,0
2017-06-16 05:00:00,6,6,0
2017-06-16 06:00:00,34,21,13
2017-06-16 07:00:00,70,33,37
2017-06-16 08:00:00,99,43,56
2017-06-16 09:00:00,66,28,38
2017-06-16 10:00:00,24,10,14
2017-06-16 11:00:00,37,25,12
2017-06-16 12:00:00,27,8,19
2017-06-16 13:00:00,44,25,19
2017-06-16 14:00:00,41,18,23
2017-06-16 15:00:00,68,14,54
2017-06-16 16:00:00,116,37,79
2017-06-16 17:00:00,161,52,109
2017-06-16 18:00:00,66,31,35
2017-06-16 19:00:00,28,14,14
2017-06-16 20:00:00,15,4,11
2017-06-16 21:00:00,10,5,5
2017-06-16 22:00:00,7,1,6
2017-06-16 23:00:00,5,3,2
2017-06-17 00:00:00,0,0,0
2017-06-17 01:00:00,3,2,1
2017-06-17 02:00:00,0,0,0
2017-06-17 03:00:00,1,1,0
2017-06-17 04:00:00,1,0,1
2017-06-17 05:00:00,0,0,0
2017-06-17 06:00:00,2,2,0
2017-06-17 07:00:00,9,6,3
2017-06-17 08:00:00,36,10,26
2017-06-17 09:00:00,12,0,12
2017-06-17 10:00:00,23,15,8
2017-06-17 11:00:00,45,31,14
2017-06-17 12:00:00,28,16,12
2017-06-17 13:00:00,50,41,9
2017-06-17 14:00:00,33,10,23
2017-06-17 15:00:00,20,7,13
2017-06-17 16:00:00,32,15,17
2017-06-17 17:00:00,23,9,14
2017-06-17 18:00:00,21,11,10
2017-06-17 19:00:00,12,4,8
2017-06-17 20:00:00,10,5,5
2017-06-17 21:00:00,7,3,4
2017-06-17 22:00:00,6,5,1
2017-06-17 23:00:00,2,2,0
2017-06-18 00:00:00,4,1,3
2017-06-18 01:00:00,0,0,0
2017-06-18 02:00:00,1,1,0
2017-06-18 03:00:00,1,0,1
2017-06-18 04:00:00,0,0,0
2017-06-18 05:00:00,2,1,1
2017-06-18 06:00:00,3,0,3
2017-06-18 07:00:00,7,5,2
2017-06-18 08:00:00,17,6,11
2017-06-18 09:00:00,13,5,8
2017-06-18 10:00:00,16,6,10
2017-06-18 11:00:00,22,13,9
2017-06-18 12:00:00,22,15,7
2017-06-18 13:00:00,19,8,11
2017-06-18 14:00:00,24,10,14
2017-06-18 15:00:00,15,5,10
2017-06-18 16:00:00,9,4,5
2017-06-18 17:00:00,19,10,9
2017-06-18 18:00:00,22,9,13
2017-06-18 19:00:00,18,9,9
2017-06-18 20:00:00,7,2,5
2017-06-18 21:00:00,12,6,6
2017-06-18 22:00:00,7,6,1
2017-06-18 23:00:00,2,0,2
2017-06-19 00:00:00,0,0,0
2017-06-19 01:00:00,0,0,0
2017-06-19 02:00:00,0,0,0
2017-06-19 03:00:00,1,0,1
2017-06-19 04:00:00,1,0,1
2017-06-19 05:00:00,15,11,4
2017-06-19 06:00:00,35,17,18
2017-06-19 07:00:00,89,43,46
2017-06-19 08:00:00,128,68,60
2017-06-19 09:00:00,80,36,44
2017-06-19 10:00:00,24,14,10
2017-06-19 11:00:00,26,15,11
2017-06-19 12:00:00,23,11,12
2017-06-19 13:00:00,32,19,13
2017-06-19 14:00:00,24,8,16
2017-06-19 15:00:00,57,17,40
2017-06-19 16:00:00,135,35,100
2017-06-19 17:00:00,220,68,152
2017-06-19 18:00:00,102,32,70
2017-06-19 19:00:00,34,11,23
2017-06-19 20:00:00,11,5,6
2017-06-19 21:00:00,6,3,3
2017-06-19 22:00:00,8,5,3
2017-06-19 23:00:00,6,3,3
2017-06-20 00:00:00,2,2,0
2017-06-20 01:00:00,2,2,0
2017-06-20 02:00:00,0,0,0
2017-06-20 03:00:00,0,0,0
2017-06-20 04:00:00,3,0,3
2017-06-20 05:00:00,11,9,2
2017-06-20 06:00:00,51,29,22
2017-06-20 07:00:00,89,52,37
2017-06-20 08:00:00,103,42,61
2017-06-20 09:00:00,78,30,48
2017-06-20 10:00:00,26,11,15
2017-06-20 11:00:00,27,16,11
2017-06-20 12:00:00,27,15,12
2017-06-20 13:00:00,21,8,13
2017-06-20 14:00:00,34,11,23
2017-06-20 15:00:00,57,14,43
2017-06-20 16:00:00,131,50,81
2017-06-20 17:00:00,175,48,127
2017-06-20 18:00:00,83,35,48
2017-06-20 19:00:00,39,15,24
2017-06-20 20:00:00,9,2,7
2017-06-20 21:00:00,8,2,6
2017-06-20 22:00:00,9,2,7
2017-06-20 23:00:00,4,1,3
2017-06-21 00:00:00,0,0,0
2017-06-21 01:00:00,0,0,0
2017-06-21 02:00:00,0,0,0
2017-06-21 03:00:00,1,0,1
2017-06-21 04:00:00,1,0,1
2017-06-21 05:00:00,13,11,2
2017-06-21 06:00:00,49,29,20
2017-06-21 07:00:00,92,43,49
2017-06-21 08:00:00,131,67,64
2017-06-21 09:00:00,93,39,54
2017-06-21 10:00:00,48,26,22
2017-06-21 11:00:00,26,13,13
2017-06-21 12:00:00,34,13,21
2017-06-21 13:00:00,31,15,16
2017-06-21 14:00:00,38,15,23
2017-06-21 15:00:00,81,17,64
2017-06-21 16:00:00,149,44,105
2017-06-21 17:00:00,236,68,168
2017-06-21 18:00:00,123,36,87
2017-06-21 19:00:00,60,16,44
2017-06-21 20:00:00,13,8,5
2017-06-21 21:00:00,34,25,9
2017-06-21 22:00:00,15,11,4
2017-06-21 23:00:00,5,2,3
2017-06-22 00:00:00,2,1,1
2017-06-22 01:00:00,0,0,0
2017-06-22 02:00:00,0,0,0
2017-06-22 03:00:00,1,1,0
2017-06-22 04:00:00,1,0,1
2017-06-22 05:00:00,11,8,3
2017-06-22 06:00:00,50,29,21
2017-06-22 07:00:00,107,48,59
2017-06-22 08:00:00,148,58,90
2017-06-22 09:00:00,95,42,53
2017-06-22 10:00:00,26,11,15
2017-06-22 11:00:00,26,12,14
2017-06-22 12:00:00,52,29,23
2017-06-22 13:00:00,38,17,21
2017-06-22 14:00:00,39,15,24
2017-06-22 15:00:00,74,24,50
2017-06-22 16:00:00,147,44,103
2017-06-22 17:00:00,191,67,124
2017-06-22 18:00:00,103,34,69
2017-06-22 19:00:00,53,23,30
2017-06-22 20:00:00,32,18,14
2017-06-22 21:00:00,10,3,7
2017-06-22 22:00:00,17,12,5
2017-06-22 23:00:00,3,3,0
2017-06-23 00:00:00,1,0,1
2017-06-23 01:00:00,2,2,0
2017-06-23 02:00:00,1,0,1
2017-06-23 03:00:00,0,0,0
2017-06-23 04:00:00,2,0,2
2017-06-23 05:00:00,13,9,4
2017-06-23 06:00:00,33,21,12
2017-06-23 07:00:00,92,43,49
2017-06-23 08:00:00,108,42,66
2017-06-23 09:00:00,66,34,32
2017-06-23 10:00:00,34,18,16
2017-06-23 11:00:00,37,18,19
2017-06-23 12:00:00,35,16,19
2017-06-23 13:00:00,36,14,22
2017-06-23 14:00:00,48,12,36
2017-06-23 15:00:00,99,43,56
2017-06-23 16:00:00,130,44,86
2017-06-23 17:00:00,169,57,112
2017-06-23 18:00:00,69,11,58
2017-06-23 19:00:00,48,21,27
2017-06-23 20:00:00,12,8,4
2017-06-23 21:00:00,14,7,7
2017-06-23 22:00:00,8,2,6
2017-06-23 23:00:00,6,3,3
2017-06-24 00:00:00,4,3,1
2017-06-24 01:00:00,3,1,2
2017-06-24 02:00:00,2,2,0
2017-06-24 03:00:00,2,1,1
2017-06-24 04:00:00,0,0,0
2017-06-24 05:00:00,0,0,0
2017-06-24 06:00:00,6,3,3
2017-06-24 07:00:00,11,3,8
2017-06-24 08:00:00,16,3,13
2017-06-24 09:00:00,26,7,19
2017-06-24 10:00:00,44,11,33
2017-06-24 11:00:00,32,11,21
2017-06-24 12:00:00,38,16,22
2017-06-24 13:00:00,31,19,12
2017-06-24 14:00:00,38,15,23
2017-06-24 15:00:00,24,11,13
2017-06-24 16:00:00,35,15,20
2017-06-24 17:00:00,23,10,13
2017-06-24 18:00:00,21,8,13
2017-06-24 19:00:00,16,8,8
2017-06-24 20:00:00,8,4,4
2017-06-24 21:00:00,6,4,2
2017-06-24 22:00:00,10,7,3
2017-06-24 23:00:00,9,6,3
2017-06-25 00:00:00,3,2,1
2017-06-25 01:00:00,3,2,1
2017-06-25 02:00:00,2,2,0
2017-06-25 03:00:00,0,0,0
2017-06-25 04:00:00,1,1,0
2017-06-25 05:00:00,1,1,0
2017-06-25 06:00:00,2,0,2
2017-06-25 07:00:00,9,4,5
2017-06-25 08:00:00,11,6,5
2017-06-25 09:00:00,12,4,8
2017-06-25 10:00:00,19,10,9
2017-06-25 11:00:00,21,13,8
2017-06-25 12:00:00,20,14,6
2017-06-25 13:00:00,36,21,15
2017-06-25 14:00:00,28,13,15
2017-06-25 15:00:00,10,5,5
2017-06-25 16:00:00,21,10,11
2017-06-25 17:00:00,39,23,16
2017-06-25 18:00:00,22,14,8
2017-06-25 19:00:00,9,4,5
2017-06-25 20:00:00,12,7,5
2017-06-25 21:00:00,11,8,3
2017-06-25 22:00:00,17,13,4
2017-06-25 23:00:00,5,2,3
2017-06-26 00:00:00,2,0,2
2017-06-26 01:00:00,0,0,0
2017-06-26 02:00:00,1,1,0
2017-06-26 03:00:00,0,0,0
2017-06-26 04:00:00,2,1,1
2017-06-26 05:00:00,14,11,3
2017-06-26 06:00:00,49,27,22
2017-06-26 07:00:00,96,39,57
2017-06-26 08:00:00,140,63,77
2017-06-26 09:00:00,85,31,54
2017-06-26 10:00:00,19,8,11
2017-06-26 11:00:00,30,18,12
2017-06-26 12:00:00,26,13,13
2017-06-26 13:00:00,28,11,17
2017-06-26 14:00:00,41,19,22
2017-06-26 15:00:00,67,23,44
2017-06-26 16:00:00,144,38,106
2017-06-26 17:00:00,195,67,128
2017-06-26 18:00:00,89,32,57
2017-06-26 19:00:00,31,16,15
2017-06-26 20:00:00,16,7,9
2017-06-26 21:00:00,8,2,6
2017-06-26 22:00:00,3,1,2
2017-06-26 23:00:00,5,3,2
2017-06-27 00:00:00,1,1,0
2017-06-27 01:00:00,0,0,0
2017-06-27 02:00:00,0,0,0
2017-06-27 03:00:00,1,0,1
2017-06-27 04:00:00,1,0,1
2017-06-27 05:00:00,10,8,2
2017-06-27 06:00:00,45,26,19
2017-06-27 07:00:00,107,48,59
2017-06-27 08:00:00,152,66,86
2017-06-27 09:00:00,89,45,44
2017-06-27 10:00:00,26,12,14
2017-06-27 11:00:00,40,23,17
2017-06-27 12:00:00,23,12,11
2017-06-27 13:00:00,24,6,18
2017-06-27 14:00:00,35,13,22
2017-06-27 15:00:00,72,17,55
2017-06-27 16:00:00,129,35,94
2017-06-27 17:00:00,223,67,156
2017-06-27 18:00:00,125,44,81
2017-06-27 19:00:00,56,12,44
2017-06-27 20:00:00,30,19,11
2017-06-27 21:00:00,13,6,7
2017-06-27 22:00:00,12,9,3
2017-06-27 23:00:00,5,5,0
2017-06-28 00:00:00,2,0,2
2017-06-28 01:00:00,3,2,1
2017-06-28 02:00:00,1,0,1
2017-06-28 03:00:00,0,0,0
2017-06-28 04:00:00,3,2,1
2017-06-28 05:00:00,15,10,5
2017-06-28 06:00:00,42,23,19
2017-06-28 07:00:00,86,39,47
2017-06-28 08:00:00,124,50,74
2017-06-28 09:00:00,88,40,48
2017-06-28 10:00:00,41,22,19
2017-06-28 11:00:00,31,16,15
2017-06-28 12:00:00,62,24,38
2017-06-28 13:00:00,33,17,16
2017-06-28 14:00:00,37,17,20
2017-06-28 15:00:00,77,30,47
2017-06-28 16:00:00,132,42,90
2017-06-28 17:00:00,211,62,149
2017-06-28 18:00:00,139,49,90
2017-06-28 19:00:00,33,16,17
2017-06-28 20:00:00,26,12,14
2017-06-28 21:00:00,9,6,3
2017-06-28 22:00:00,6,3,3
2017-06-28 23:00:00,5,4,1
2017-06-29 00:00:00,0,0,0
2017-06-29 01:00:00,1,0,1
2017-06-29 02:00:00,4,2,2
2017-06-29 03:00:00,1,0,1
2017-06-29 04:00:00,2,1,1
2017-06-29 05:00:00,11,6,5
2017-06-29 06:00:00,35,20,15
2017-06-29 07:00:00,92,40,52
2017-06-29 08:00:00,123,57,66
2017-06-29 09:00:00,80,36,44
2017-06-29 10:00:00,35,16,19
2017-06-29 11:00:00,41,22,19
2017-06-29 12:00:00,39,19,20
2017-06-29 13:00:00,35,17,18
2017-06-29 14:00:00,47,19,28
2017-06-29 15:00:00,67,19,48
2017-06-29 16:00:00,156,47,109
2017-06-29 17:00:00,198,78,120
2017-06-29 18:00:00,96,28,68
2017-06-29 19:00:00,43,17,26
2017-06-29 20:00:00,21,10,11
2017-06-29 21:00:00,14,6,8
2017-06-29 22:00:00,5,1,4
2017-06-29 23:00:00,8,2,6
2017-06-30 00:00:00,2,1,1
2017-06-30 01:00:00,0,0,0
2017-06-30 02:00:00,1,0,1
2017-06-30 03:00:00,0,0,0
2017-06-30 04:00:00,1,1,0
2017-06-30 05:00:00,12,6,6
2017-06-30 06:00:00,28,18,10
2017-06-30 07:00:00,76,43,33
2017-06-30 08:00:00,130,54,76
2017-06-30 09:00:00,75,32,43
2017-06-30 10:00:00,32,21,11
2017-06-30 11:00:00,44,22,22
2017-06-30 12:00:00,42,19,23
2017-06-30 13:00:00,52,21,31
2017-06-30 14:00:00,60,29,31
2017-06-30 15:00:00,91,32,59
2017-06-30 16:00:00,116,32,84
2017-06-30 17:00:00,147,58,89
2017-06-30 18:00:00,74,30,44
2017-06-30 19:00:00,35,14,21
2017-06-30 20:00:00,15,6,9
2017-06-30 21:00:00,17,9,8
2017-06-30 22:00:00,4,2,2
2017-06-30 23:00:00,3,1,2
2017-07-01 00:00:00,5,4,1
2017-07-01 01:00:00,7,3,4
2017-07-01 02:00:00,3,2,1
2017-07-01 03:00:00,0,0,0
2017-07-01 04:00:00,0,0,0
2017-07-01 05:00:00,1,1,0
2017-07-01 06:00:00,8,5,3
2017-07-01 07:00:00,11,9,2
2017-07-01 08:00:00,17,4,13
2017-07-01 09:00:00,15,10,5
2017-07-01 10:00:00,18,5,13
2017-07-01 11:00:00,17,7,10
2017-07-01 12:00:00,27,15,12
2017-07-01 13:00:00,39,19,20
2017-07-01 14:00:00,20,11,9
2017-07-01 15:00:00,32,15,17
2017-07-01 16:00:00,40,25,15
2017-07-01 17:00:00,27,15,12
2017-07-01 18:00:00,18,7,11
2017-07-01 19:00:00,13,7,6
2017-07-01 20:00:00,13,9,4
2017-07-01 21:00:00,11,6,5
2017-07-01 22:00:00,6,3,3
2017-07-01 23:00:00,6,2,4
2017-07-02 00:00:00,4,3,1
2017-07-02 01:00:00,1,1,0
2017-07-02 02:00:00,0,0,0
2017-07-02 03:00:00,0,0,0
2017-07-02 04:00:00,1,1,0
2017-07-02 05:00:00,1,0,1
2017-07-02 06:00:00,1,1,0
2017-07-02 07:00:00,5,3,2
2017-07-02 08:00:00,6,1,5
2017-07-02 09:00:00,10,2,8
2017-07-02 10:00:00,17,8,9
2017-07-02 11:00:00,24,11,13
2017-07-02 12:00:00,20,14,6
2017-07-02 13:00:00,17,10,7
2017-07-02 14:00:00,22,11,11
2017-07-02 15:00:00,27,12,15
2017-07-02 16:00:00,25,11,14
2017-07-02 17:00:00,20,11,9
2017-07-02 18:00:00,19,12,7
2017-07-02 19:00:00,17,7,10
2017-07-02 20:00:00,8,2,6
2017-07-02 21:00:00,8,6,2
2017-07-02 22:00:00,7,4,3
2017-07-02 23:00:00,7,4,3
2017-07-03 00:00:00,4,4,0
2017-07-03 01:00:00,2,1,1
2017-07-03 02:00:00,0,0,0
2017-07-03 03:00:00,1,0,1
2017-07-03 04:00:00,0,0,0
2017-07-03 05:00:00,6,6,0
2017-07-03 06:00:00,10,5,5
2017-07-03 07:00:00,39,22,17
2017-07-03 08:00:00,65,25,40
2017-07-03 09:00:00,42,16,26
2017-07-03 10:00:00,31,11,20
2017-07-03 11:00:00,17,11,6
2017-07-03 12:00:00,27,9,18
2017-07-03 13:00:00,31,11,20
2017-07-03 14:00:00,49,18,31
2017-07-03 15:00:00,53,17,36
2017-07-03 16:00:00,65,19,46
2017-07-03 17:00:00,76,29,47
2017-07-03 18:00:00,48,18,30
2017-07-03 19:00:00,17,5,12
2017-07-03 20:00:00,28,16,12
2017-07-03 21:00:00,7,2,5
2017-07-03 22:00:00,16,10,6
2017-07-03 23:00:00,5,3,2
2017-07-04 00:00:00,7,1,6
2017-07-04 01:00:00,1,0,1
2017-07-04 02:00:00,0,0,0
2017-07-04 03:00:00,0,0,0
2017-07-04 04:00:00,1,1,0
2017-07-04 05:00:00,1,0,1
2017-07-04 06:00:00,7,5,2
2017-07-04 07:00:00,4,2,2
2017-07-04 08:00:00,14,6,8
2017-07-04 09:00:00,11,5,6
2017-07-04 10:00:00,28,12,16
2017-07-04 11:00:00,16,5,11
2017-07-04 12:00:00,24,8,16
2017-07-04 13:00:00,35,12,23
2017-07-04 14:00:00,39,11,28
2017-07-04 15:00:00,32,14,18
2017-07-04 16:00:00,18,7,11
2017-07-04 17:00:00,10,5,5
2017-07-04 18:00:00,18,11,7
2017-07-04 19:00:00,18,13,5
2017-07-04 20:00:00,16,10,6
2017-07-04 21:00:00,6,4,2
2017-07-04 22:00:00,7,4,3
2017-07-04 23:00:00,13,1,12
2017-07-05 00:00:00,7,2,5
2017-07-05 01:00:00,1,0,1
2017-07-05 02:00:00,0,0,0
2017-07-05 03:00:00,2,1,1
2017-07-05 04:00:00,2,1,1
2017-07-05 05:00:00,14,10,4
2017-07-05 06:00:00,26,13,13
2017-07-05 07:00:00,76,40,36
2017-07-05 08:00:00,124,52,72
2017-07-05 09:00:00,69,26,43
2017-07-05 10:00:00,26,14,12
2017-07-05 11:00:00,28,11,17
2017-07-05 12:00:00,33,13,20
2017-07-05 13:00:00,33,19,14
2017-07-05 14:00:00,38,18,20
2017-07-05 15:00:00,47,18,29
2017-07-05 16:00:00,127,44,83
2017-07-05 17:00:00,167,58,109
2017-07-05 18:00:00,105,40,65
2017-07-05 19:00:00,29,16,13
2017-07-05 20:00:00,20,9,11
2017-07-05 21:00:00,10,7,3
2017-07-05 22:00:00,9,7,2
2017-07-05 23:00:00,6,5,1
2017-07-06 00:00:00,3,2,1
2017-07-06 01:00:00,0,0,0
2017-07-06 02:00:00,1,1,0
2017-07-06 03:00:00,0,0,0
2017-07-06 04:00:00,1,0,1
2017-07-06 05:00:00,10,6,4
2017-07-06 06:00:00,40,25,15
2017-07-06 07:00:00,88,47,41
2017-07-06 08:00:00,151,69,82
2017-07-06 09:00:00,81,35,46
2017-07-06 10:00:00,29,13,16
2017-07-06 11:00:00,38,20,18
2017-07-06 12:00:00,24,9,15
2017-07-06 13:00:00,38,16,22
2017-07-06 14:00:00,40,19,21
2017-07-06 15:00:00,79,24,55
2017-07-06 16:00:00,137,44,93
2017-07-06 17:00:00,205,66,139
2017-07-06 18:00:00,134,47,87
2017-07-06 19:00:00,51,22,29
2017-07-06 20:00:00,21,11,10
2017-07-06 21:00:00,14,4,10
2017-07-06 22:00:00,15,9,6
2017-07-06 23:00:00,2,1,1
2017-07-07 00:00:00,6,1,5
2017-07-07 01:00:00,3,2,1
2017-07-07 02:00:00,2,0,2
2017-07-07 03:00:00,0,0,0
2017-07-07 04:00:00,2,1,1
2017-07-07 05:00:00,8,4,4
2017-07-07 06:00:00,41,22,19
2017-07-07 07:00:00,75,48,27
2017-07-07 08:00:00,123,43,80
2017-07-07 09:00:00,80,42,38
2017-07-07 10:00:00,23,13,10
2017-07-07 11:00:00,37,12,25
2017-07-07 12:00:00,40,21,19
2017-07-07 13:00:00,43,21,22
2017-07-07 14:00:00,37,14,23
2017-07-07 15:00:00,75,28,47
2017-07-07 16:00:00,129,42,87
2017-07-07 17:00:00,159,52,107
2017-07-07 18:00:00,113,44,69
2017-07-07 19:00:00,35,17,18
2017-07-07 20:00:00,28,13,15
2017-07-07 21:00:00,13,9,4
2017-07-07 22:00:00,11,10,1
2017-07-07 23:00:00,5,5,0
2017-07-08 00:00:00,1,0,1
2017-07-08 01:00:00,2,1,1
2017-07-08 02:00:00,1,0,1
2017-07-08 03:00:00,0,0,0
2017-07-08 04:00:00,0,0,0
2017-07-08 05:00:00,0,0,0
2017-07-08 06:00:00,1,1,0
2017-07-08 07:00:00,20,9,11
2017-07-08 08:00:00,10,5,5
2017-07-08 09:00:00,14,5,9
2017-07-08 10:00:00,27,3,24
2017-07-08 11:00:00,43,6,37
2017-07-08 12:00:00,33,11,22
2017-07-08 13:00:00,33,15,18
2017-07-08 14:00:00,45,30,15
2017-07-08 15:00:00,48,31,17
2017-07-08 16:00:00,44,28,16
2017-07-08 17:00:00,29,17,12
2017-07-08 18:00:00,25,12,13
2017-07-08 19:00:00,15,9,6
2017-07-08 20:00:00,24,15,9
2017-07-08 21:00:00,14,5,9
2017-07-08 22:00:00,6,4,2
2017-07-08 23:00:00,6,2,4
2017-07-09 00:00:00,2,1,1
2017-07-09 01:00:00,0,0,0
2017-07-09 02:00:00,0,0,0
2017-07-09 03:00:00,1,0,1
2017-07-09 04:00:00,0,0,0
2017-07-09 05:00:00,0,0,0
2017-07-09 06:00:00,3,0,3
2017-07-09 07:00:00,7,4,3
2017-07-09 08:00:00,10,7,3
2017-07-09 09:00:00,18,6,12
2017-07-09 10:00:00,12,4,8
2017-07-09 11:00:00,25,8,17
2017-07-09 12:00:00,27,9,18
2017-07-09 13:00:00,31,15,16
2017-07-09 14:00:00,25,10,15
2017-07-09 15:00:00,22,6,16
2017-07-09 16:00:00,33,23,10
2017-07-09 17:00:00,25,15,10
2017-07-09 18:00:00,18,10,8
2017-07-09 19:00:00,16,12,4
2017-07-09 20:00:00,8,4,4
2017-07-09 21:00:00,8,8,0
2017-07-09 22:00:00,6,2,4
2017-07-09 23:00:00,3,3,0
2017-07-10 00:00:00,3,1,2
2017-07-10 01:00:00,0,0,0
2017-07-10 02:00:00,0,0,0
2017-07-10 03:00:00,2,0,2
2017-07-10 04:00:00,2,0,2
2017-07-10 05:00:00,9,6,3
2017-07-10 06:00:00,44,31,13
2017-07-10 07:00:00,91,41,50
2017-07-10 08:00:00,149,66,83
2017-07-10 09:00:00,90,51,39
2017-07-10 10:00:00,25,12,13
2017-07-10 11:00:00,44,20,24
2017-07-10 12:00:00,16,13,3
2017-07-10 13:00:00,34,16,18
2017-07-10 14:00:00,31,11,20
2017-07-10 15:00:00,51,18,33
2017-07-10 16:00:00,156,55,101
2017-07-10 17:00:00,225,69,156
2017-07-10 18:00:00,102,37,65
2017-07-10 19:00:00,38,16,22
2017-07-10 20:00:00,25,14,11
2017-07-10 21:00:00,11,4,7
2017-07-10 22:00:00,2,0,2
2017-07-10 23:00:00,3,3,0
2017-07-11 00:00:00,2,1,1
2017-07-11 01:00:00,2,2,0
2017-07-11 02:00:00,0,0,0
2017-07-11 03:00:00,2,1,1
2017-07-11 04:00:00,2,1,1
2017-07-11 05:00:00,12,10,2
2017-07-11 06:00:00,40,19,21
2017-07-11 07:00:00,103,66,37
2017-07-11 08:00:00,168,68,100
2017-07-11 09:00:00,88,36,52
2017-07-11 10:00:00,19,8,11
2017-07-11 11:00:00,29,11,18
2017-07-11 12:00:00,44,25,19
2017-07-11 13:00:00,27,15,12
2017-07-11 14:00:00,47,24,23
2017-07-11 15:00:00,75,29,46
2017-07-11 16:00:00,151,39,112
2017-07-11 17:00:00,226,72,154
2017-07-11 18:00:00,109,36,73
2017-07-11 19:00:00,52,17,35
2017-07-11 20:00:00,26,11,15
2017-07-11 21:00:00,10,3,7
2017-07-11 22:00:00,15,6,9
2017-07-11 23:00:00,2,0,2
2017-07-12 00:00:00,4,2,2
2017-07-12 01:00:00,2,2,0
2017-07-12 02:00:00,0,0,0
2017-07-12 03:00:00,1,0,1
2017-07-12 04:00:00,1,0,1
2017-07-12 05:00:00,13,7,6
2017-07-12 06:00:00,49,26,23
2017-07-12 07:00:00,96,51,45
2017-07-12 08:00:00,176,78,98
2017-07-12 09:00:00,91,44,47
2017-07-12 10:00:00,35,20,15
2017-07-12 11:00:00,33,12,21
2017-07-12 12:00:00,36,16,20
2017-07-12 13:00:00,44,19,25
2017-07-12 14:00:00,43,21,22
2017-07-12 15:00:00,82,35,47
2017-07-12 16:00:00,182,48,134
2017-07-12 17:00:00,214,67,147
2017-07-12 18:00:00,122,38,84
2017-07-12 19:00:00,59,15,44
2017-07-12 20:00:00,30,11,19
2017-07-12 21:00:00,12,5,7
2017-07-12 22:00:00,11,8,3
2017-07-12 23:00:00,5,2,3
2017-07-13 00:00:00,1,1,0
2017-07-13 01:00:00,1,0,1
2017-07-13 02:00:00,0,0,0
2017-07-13 03:00:00,0,0,0
2017-07-13 04:00:00,1,1,0
2017-07-13 05:00:00,10,6,4
2017-07-13 06:00:00,41,21,20
2017-07-13 07:00:00,98,48,50
2017-07-13 08:00:00,153,70,83
2017-07-13 09:00:00,70,27,43
2017-07-13 10:00:00,45,17,28
2017-07-13 11:00:00,32,17,15
2017-07-13 12:00:00,51,26,25
2017-07-13 13:00:00,43,22,21
2017-07-13 14:00:00,30,12,18
2017-07-13 15:00:00,71,16,55
2017-07-13 16:00:00,133,46,87
2017-07-13 17:00:00,170,56,114
2017-07-13 18:00:00,115,34,81
2017-07-13 19:00:00,47,19,28
2017-07-13 20:00:00,31,9,22
2017-07-13 21:00:00,17,9,8
2017-07-13 22:00:00,10,6,4
2017-07-13 23:00:00,5,1,4
2017-07-14 00:00:00,2,2,0
2017-07-14 01:00:00,0,0,0
2017-07-14 02:00:00,0,0,0
2017-07-14 03:00:00,1,0,1
2017-07-14 04:00:00,2,1,1
2017-07-14 05:00:00,10,7,3
2017-07-14 06:00:00,36,22,14
2017-07-14 07:00:00,91,40,51
2017-07-14 08:00:00,125,63,62
2017-07-14 09:00:00,80,36,44
2017-07-14 10:00:00,30,14,16
2017-07-14 11:00:00,38,18,20
2017-07-14 12:00:00,46,21,25
2017-07-14 13:00:00,42,14,28
2017-07-14 14:00:00,50,21,29
2017-07-14 15:00:00,79,23,56
2017-07-14 16:00:00,151,55,96
2017-07-14 17:00:00,144,47,97
2017-07-14 18:00:00,92,28,64
2017-07-14 19:00:00,29,13,16
2017-07-14 20:00:00,17,8,9
2017-07-14 21:00:00,10,6,4
2017-07-14 22:00:00,13,6,7
2017-07-14 23:00:00,3,3,0
2017-07-15 00:00:00,3,1,2
2017-07-15 01:00:00,2,2,0
2017-07-15 02:00:00,2,2,0
2017-07-15 03:00:00,1,0,1
2017-07-15 04:00:00,0,0,0
2017-07-15 05:00:00,0,0,0
2017-07-15 06:00:00,3,1,2
2017-07-15 07:00:00,19,9,10
2017-07-15 08:00:00,26,6,20
2017-07-15 09:00:00,18,11,7
2017-07-15 10:00:00,13,4,9
2017-07-15 11:00:00,29,4,25
2017-07-15 12:00:00,36,19,17
2017-07-15 13:00:00,32,17,15
2017-07-15 14:00:00,23,11,12
2017-07-15 15:00:00,40,17,23
2017-07-15 16:00:00,51,31,20
2017-07-15 17:00:00,31,21,10
2017-07-15 18:00:00,16,6,10
2017-07-15 19:00:00,19,13,6
2017-07-15 20:00:00,10,3,7
2017-07-15 21:00:00,4,2,2
2017-07-15 22:00:00,5,0,5
2017-07-15 23:00:00,6,1,5
2017-07-16 00:00:00,2,1,1
2017-07-16 01:00:00,3,2,1
2017-07-16 02:00:00,6,5,1
2017-07-16 03:00:00,0,0,0
2017-07-16 04:00:00,2,1,1
2017-07-16 05:00:00,0,0,0
2017-07-16 06:00:00,2,0,2
2017-07-16 07:00:00,4,3,1
2017-07-16 08:00:00,7,4,3
2017-07-16 09:00:00,11,5,6
2017-07-16 10:00:00,15,7,8
2017-07-16 11:00:00,30,11,19
2017-07-16 12:00:00,27,6,21
2017-07-16 13:00:00,25,9,16
2017-07-16 14:00:00,22,17,5
2017-07-16 15:00:00,25,14,11
2017-07-16 16:00:00,30,12,18
2017-07-16 17:00:00,16,9,7
2017-07-16 18:00:00,22,12,10
2017-07-16 19:00:00,17,10,7
2017-07-16 20:00:00,8,5,3
2017-07-16 21:00:00,9,4,5
2017-07-16 22:00:00,5,3,2
2017-07-16 23:00:00,0,0,0
2017-07-17 00:00:00,6,3,3
2017-07-17 01:00:00,1,1,0
2017-07-17 02:00:00,0,0,0
2017-07-17 03:00:00,2,1,1
2017-07-17 04:00:00,1,0,1
2017-07-17 05:00:00,12,10,2
2017-07-17 06:00:00,37,21,16
2017-07-17 07:00:00,104,54,50
2017-07-17 08:00:00,138,61,77
2017-07-17 09:00:00,89,42,47
2017-07-17 10:00:00,32,16,16
2017-07-17 11:00:00,38,19,19
2017-07-17 12:00:00,39,21,18
2017-07-17 13:00:00,42,21,21
2017-07-17 14:00:00,18,10,8
2017-07-17 15:00:00,61,18,43
2017-07-17 16:00:00,152,45,107
2017-07-17 17:00:00,221,67,154
2017-07-17 18:00:00,119,44,75
2017-07-17 19:00:00,40,17,23
2017-07-17 20:00:00,21,12,9
2017-07-17 21:00:00,12,2,10
2017-07-17 22:00:00,9,3,6
2017-07-17 23:00:00,5,1,4
2017-07-18 00:00:00,2,1,1
2017-07-18 01:00:00,0,0,0
2017-07-18 02:00:00,4,0,4
2017-07-18 03:00:00,1,0,1
2017-07-18 04:00:00,3,3,0
2017-07-18 05:00:00,16,13,3
2017-07-18 06:00:00,43,24,19
2017-07-18 07:00:00,112,57,55
2017-07-18 08:00:00,148,60,88
2017-07-18 09:00:00,103,38,65
2017-07-18 10:00:00,39,23,16
2017-07-18 11:00:00,32,15,17
2017-07-18 12:00:00,31,18,13
2017-07-18 13:00:00,34,15,19
2017-07-18 14:00:00,38,22,16
2017-07-18 15:00:00,70,15,55
2017-07-18 16:00:00,164,44,120
2017-07-18 17:00:00,248,82,166
2017-07-18 18:00:00,139,46,93
2017-07-18 19:00:00,45,18,27
2017-07-18 20:00:00,35,19,16
2017-07-18 21:00:00,19,12,7
2017-07-18 22:00:00,12,6,6
2017-07-18 23:00:00,4,1,3
2017-07-19 00:00:00,4,2,2
2017-07-19 01:00:00,0,0,0
2017-07-19 02:00:00,2,2,0
2017-07-19 03:00:00,0,0,0
2017-07-19 04:00:00,1,0,1
2017-07-19 05:00:00,18,11,7
2017-07-19 06:00:00,36,25,11
2017-07-19 07:00:00,95,46,49
2017-07-19 08:00:00,138,68,70
2017-07-19 09:00:00,95,47,48
2017-07-19 10:00:00,34,18,16
2017-07-19 11:00:00,27,12,15
2017-07-19 12:00:00,47,23,24
2017-07-19 13:00:00,23,10,13
2017-07-19 14:00:00,41,16,25
2017-07-19 15:00:00,67,18,49
2017-07-19 16:00:00,161,46,115
2017-07-19 17:00:00,237,73,164
2017-07-19 18:00:00,157,47,110
2017-07-19 19:00:00,69,14,55
2017-07-19 20:00:00,22,14,8
2017-07-19 21:00:00,37,28,9
2017-07-19 22:00:00,19,16,3
2017-07-19 23:00:00,7,4,3
2017-07-20 00:00:00,1,0,1
2017-07-20 01:00:00,0,0,0
2017-07-20 02:00:00,2,1,1
2017-07-20 03:00:00,1,1,0
2017-07-20 04:00:00,2,0,2
2017-07-20 05:00:00,7,5,2
2017-07-20 06:00:00,36,20,16
2017-07-20 07:00:00,105,58,47
2017-07-20 08:00:00,133,64,69
2017-07-20 09:00:00,79,38,41
2017-07-20 10:00:00,36,15,21
2017-07-20 11:00:00,30,16,14
2017-07-20 12:00:00,42,19,23
2017-07-20 13:00:00,35,22,13
2017-07-20 14:00:00,33,13,20
2017-07-20 15:00:00,54,21,33
2017-07-20 16:00:00,129,31,98
2017-07-20 17:00:00,217,72,145
2017-07-20 18:00:00,108,30,78
2017-07-20 19:00:00,43,16,27
2017-07-20 20:00:00,45,22,23
2017-07-20 21:00:00,17,10,7
2017-07-20 22:00:00,17,7,10
2017-07-20 23:00:00,13,9,4
2017-07-21 00:00:00,4,3,1
2017-07-21 01:00:00,0,0,0
2017-07-21 02:00:00,0,0,0
2017-07-21 03:00:00,0,0,0
2017-07-21 04:00:00,2,1,1
2017-07-21 05:00:00,7,5,2
2017-07-21 06:00:00,37,21,16
2017-07-21 07:00:00,76,32,44
2017-07-21 08:00:00,111,54,57
2017-07-21 09:00:00,95,43,52
2017-07-21 10:00:00,30,14,16
2017-07-21 11:00:00,79,66,13
2017-07-21 12:00:00,42,18,24
2017-07-21 13:00:00,47,29,18
2017-07-21 14:00:00,51,18,33
2017-07-21 15:00:00,74,27,47
2017-07-21 16:00:00,143,52,91
2017-07-21 17:00:00,144,55,89
2017-07-21 18:00:00,81,19,62
2017-07-21 19:00:00,39,12,27
2017-07-21 20:00:00,26,7,19
2017-07-21 21:00:00,14,5,9
2017-07-21 22:00:00,13,8,5
2017-07-21 23:00:00,3,2,1
2017-07-22 00:00:00,5,2,3
2017-07-22 01:00:00,4,1,3
2017-07-22 02:00:00,4,3,1
2017-07-22 03:00:00,0,0,0
2017-07-22 04:00:00,0,0,0
2017-07-22 05:00:00,2,2,0
2017-07-22 06:00:00,6,3,3
2017-07-22 07:00:00,17,9,8
2017-07-22 08:00:00,21,9,12
2017-07-22 09:00:00,12,6,6
2017-07-22 10:00:00,14,5,9
2017-07-22 11:00:00,22,8,14
2017-07-22 12:00:00,30,8,22
2017-07-22 13:00:00,36,22,14
2017-07-22 14:00:00,41,15,26
2017-07-22 15:00:00,34,17,17
2017-07-22 16:00:00,33,12,21
2017-07-22 17:00:00,27,8,19
2017-07-22 18:00:00,24,12,12
2017-07-22 19:00:00,15,9,6
2017-07-22 20:00:00,17,11,6
2017-07-22 21:00:00,16,9,7
2017-07-22 22:00:00,12,10,2
2017-07-22 23:00:00,5,3,2
2017-07-23 00:00:00,12,9,3
2017-07-23 01:00:00,1,1,0
2017-07-23 02:00:00,6,3,3
2017-07-23 03:00:00,2,1,1
2017-07-23 04:00:00,5,3,2
2017-07-23 05:00:00,1,1,0
2017-07-23 06:00:00,2,1,1
2017-07-23 07:00:00,7,5,2
2017-07-23 08:00:00,11,6,5
2017-07-23 09:00:00,11,3,8
2017-07-23 10:00:00,19,9,10
2017-07-23 11:00:00,24,9,15
2017-07-23 12:00:00,25,6,19
2017-07-23 13:00:00,35,13,22
2017-07-23 14:00:00,35,20,15
2017-07-23 15:00:00,26,10,16
2017-07-23 16:00:00,42,17,25
2017-07-23 17:00:00,28,16,12
2017-07-23 18:00:00,27,4,23
2017-07-23 19:00:00,31,12,19
2017-07-23 20:00:00,8,6,2
2017-07-23 21:00:00,25,22,3
2017-07-23 22:00:00,8,7,1
2017-07-23 23:00:00,6,3,3
2017-07-24 00:00:00,3,3,0
2017-07-24 01:00:00,0,0,0
2017-07-24 02:00:00,0,0,0
2017-07-24 03:00:00,0,0,0
2017-07-24 04:00:00,3,2,1
2017-07-24 05:00:00,12,8,4
2017-07-24 06:00:00,53,33,20
2017-07-24 07:00:00,112,53,59
2017-07-24 08:00:00,121,58,63
2017-07-24 09:00:00,98,54,44
2017-07-24 10:00:00,45,22,23
2017-07-24 11:00:00,28,17,11
2017-07-24 12:00:00,53,22,31
2017-07-24 13:00:00,22,9,13
2017-07-24 14:00:00,32,16,16
2017-07-24 15:00:00,64,23,41
2017-07-24 16:00:00,187,54,133
2017-07-24 17:00:00,221,57,164
2017-07-24 18:00:00,115,30,85
2017-07-24 19:00:00,44,17,27
2017-07-24 20:00:00,20,11,9
2017-07-24 21:00:00,8,4,4
2017-07-24 22:00:00,13,10,3
2017-07-24 23:00:00,6,3,3
2017-07-25 00:00:00,2,1,1
2017-07-25 01:00:00,1,0,1
2017-07-25 02:00:00,1,1,0
2017-07-25 03:00:00,1,0,1
2017-07-25 04:00:00,1,0,1
2017-07-25 05:00:00,15,11,4
2017-07-25 06:00:00,47,25,22
2017-07-25 07:00:00,117,66,51
2017-07-25 08:00:00,165,67,98
2017-07-25 09:00:00,99,48,51
2017-07-25 10:00:00,25,14,11
2017-07-25 11:00:00,38,15,23
2017-07-25 12:00:00,22,7,15
2017-07-25 13:00:00,34,16,18
2017-07-25 14:00:00,38,16,22
2017-07-25 15:00:00,79,23,56
2017-07-25 16:00:00,195,61,134
2017-07-25 17:00:00,232,71,161
2017-07-25 18:00:00,158,36,122
2017-07-25 19:00:00,50,21,29
2017-07-25 20:00:00,18,9,9
2017-07-25 21:00:00,12,7,5
2017-07-25 22:00:00,10,7,3
2017-07-25 23:00:00,4,0,4
2017-07-26 00:00:00,8,6,2
2017-07-26 01:00:00,1,1,0
2017-07-26 02:00:00,1,1,0
2017-07-26 03:00:00,0,0,0
2017-07-26 04:00:00,6,5,1
2017-07-26 05:00:00,10,6,4
2017-07-26 06:00:00,57,33,24
2017-07-26 07:00:00,103,50,53
2017-07-26 08:00:00,120,69,51
2017-07-26 09:00:00,70,44,26
2017-07-26 10:00:00,38,20,18
2017-07-26 11:00:00,42,20,22
2017-07-26 12:00:00,57,27,30
2017-07-26 13:00:00,33,15,18
2017-07-26 14:00:00,45,17,28
2017-07-26 15:00:00,75,30,45
2017-07-26 16:00:00,171,67,104
2017-07-26 17:00:00,234,78,156
2017-07-26 18:00:00,110,35,75
2017-07-26 19:00:00,56,27,29
2017-07-26 20:00:00,22,10,12
2017-07-26 21:00:00,22,11,11
2017-07-26 22:00:00,8,5,3
2017-07-26 23:00:00,6,2,4
2017-07-27 00:00:00,2,2,0
2017-07-27 01:00:00,1,1,0
2017-07-27 02:00:00,0,0,0
2017-07-27 03:00:00,0,0,0
2017-07-27 04:00:00,2,1,1
2017-07-27 05:00:00,11,7,4
2017-07-27 06:00:00,43,21,22
2017-07-27 07:00:00,83,50,33
2017-07-27 08:00:00,108,52,56
2017-07-27 09:00:00,75,38,37
2017-07-27 10:00:00,41,21,20
2017-07-27 11:00:00,32,22,10
2017-07-27 12:00:00,38,25,13
2017-07-27 13:00:00,29,18,11
2017-07-27 14:00:00,43,17,26
2017-07-27 15:00:00,79,20,59
2017-07-27 16:00:00,156,41,115
2017-07-27 17:00:00,199,64,135
2017-07-27 18:00:00,100,25,75
2017-07-27 19:00:00,51,19,32
2017-07-27 20:00:00,17,8,9
2017-07-27 21:00:00,26,15,11
2017-07-27 22:00:00,11,7,4
2017-07-27 23:00:00,0,0,0
2017-07-28 00:00:00,3,1,2
2017-07-28 01:00:00,0,0,0
2017-07-28 02:00:00,1,1,0
2017-07-28 03:00:00,1,1,0
2017-07-28 04:00:00,4,2,2
2017-07-28 05:00:00,12,10,2
2017-07-28 06:00:00,40,22,18
2017-07-28 07:00:00,88,41,47
2017-07-28 08:00:00,120,62,58
2017-07-28 09:00:00,82,40,42
2017-07-28 10:00:00,43,24,19
2017-07-28 11:00:00,36,21,15
2017-07-28 12:00:00,42,23,19
2017-07-28 13:00:00,45,18,27
2017-07-28 14:00:00,46,18,28
2017-07-28 15:00:00,69,24,45
2017-07-28 16:00:00,128,44,84
2017-07-28 17:00:00,177,61,116
2017-07-28 18:00:00,102,30,72
2017-07-28 19:00:00,28,12,16
2017-07-28 20:00:00,23,8,15
2017-07-28 21:00:00,21,8,13
2017-07-28 22:00:00,4,4,0
2017-07-28 23:00:00,9,6,3
2017-07-29 00:00:00,4,2,2
2017-07-29 01:00:00,4,1,3
2017-07-29 02:00:00,4,0,4
2017-07-29 03:00:00,2,0,2
2017-07-29 04:00:00,0,0,0
2017-07-29 05:00:00,2,2,0
2017-07-29 06:00:00,4,1,3
2017-07-29 07:00:00,19,8,11
2017-07-29 08:00:00,17,8,9
2017-07-29 09:00:00,21,8,13
2017-07-29 10:00:00,21,6,15
2017-07-29 11:00:00,32,15,17
2017-07-29 12:00:00,41,10,31
2017-07-29 13:00:00,35,17,18
2017-07-29 14:00:00,36,11,25
2017-07-29 15:00:00,25,8,17
2017-07-29 16:00:00,57,33,24
2017-07-29 17:00:00,22,16,6
2017-07-29 18:00:00,28,10,18
2017-07-29 19:00:00,11,4,7
2017-07-29 20:00:00,8,5,3
2017-07-29 21:00:00,15,12,3
2017-07-29 22:00:00,17,3,14
2017-07-29 23:00:00,5,2,3
2017-07-30 00:00:00,7,3,4
2017-07-30 01:00:00,1,1,0
2017-07-30 02:00:00,1,0,1
2017-07-30 03:00:00,1,1,0
2017-07-30 04:00:00,0,0,0
2017-07-30 05:00:00,0,0,0
2017-07-30 06:00:00,3,1,2
2017-07-30 07:00:00,11,7,4
2017-07-30 08:00:00,15,7,8
2017-07-30 09:00:00,16,6,10
2017-07-30 10:00:00,19,10,9
2017-07-30 11:00:00,26,9,17
2017-07-30 12:00:00,48,20,28
2017-07-30 13:00:00,33,12,21
2017-07-30 14:00:00,28,19,9
2017-07-30 15:00:00,27,11,16
2017-07-30 16:00:00,41,30,11
2017-07-30 17:00:00,33,14,19
2017-07-30 18:00:00,17,9,8
2017-07-30 19:00:00,12,4,8
2017-07-30 20:00:00,8,5,3
2017-07-30 21:00:00,10,5,5
2017-07-30 22:00:00,10,6,4
2017-07-30 23:00:00,3,3,0
2017-07-31 00:00:00,2,1,1
2017-07-31 01:00:00,0,0,0
2017-07-31 02:00:00,0,0,0
2017-07-31 03:00:00,1,0,1
2017-07-31 04:00:00,1,0,1
2017-07-31 05:00:00,14,11,3
2017-07-31 06:00:00,36,21,15
2017-07-31 07:00:00,109,61,48
2017-07-31 08:00:00,151,65,86
2017-07-31 09:00:00,92,40,52
2017-07-31 10:00:00,38,17,21
2017-07-31 11:00:00,44,23,21
2017-07-31 12:00:00,24,14,10
2017-07-31 13:00:00,45,19,26
2017-07-31 14:00:00,37,15,22
2017-07-31 15:00:00,74,13,61
2017-07-31 16:00:00,156,48,108
2017-07-31 17:00:00,215,67,148
2017-07-31 18:00:00,131,45,86
2017-07-31 19:00:00,36,12,24
2017-07-31 20:00:00,19,13,6
2017-07-31 21:00:00,5,1,4
2017-07-31 22:00:00,8,7,1
2017-07-31 23:00:00,1,0,1
2017-08-01 00:00:00,1,0,1
2017-08-01 01:00:00,0,0,0
2017-08-01 02:00:00,2,2,0
2017-08-01 03:00:00,1,0,1
2017-08-01 04:00:00,0,0,0
2017-08-01 05:00:00,6,6,0
2017-08-01 06:00:00,51,31,20
2017-08-01 07:00:00,124,63,61
2017-08-01 08:00:00,164,72,92
2017-08-01 09:00:00,94,50,44
2017-08-01 10:00:00,40,15,25
2017-08-01 11:00:00,36,18,18
2017-08-01 12:00:00,35,16,19
2017-08-01 13:00:00,27,17,10
2017-08-01 14:00:00,22,4,18
2017-08-01 15:00:00,74,24,50
2017-08-01 16:00:00,172,42,130
2017-08-01 17:00:00,227,85,142
2017-08-01 18:00:00,114,37,77
2017-08-01 19:00:00,39,16,23
2017-08-01 20:00:00,28,12,16
2017-08-01 21:00:00,7,2,5
2017-08-01 22:00:00,6,3,3
2017-08-01 23:00:00,5,3,2
2017-08-02 00:00:00,2,1,1
2017-08-02 01:00:00,2,0,2
2017-08-02 02:00:00,1,0,1
2017-08-02 03:00:00,3,2,1
2017-08-02 04:00:00,1,0,1
2017-08-02 05:00:00,14,12,2
2017-08-02 06:00:00,46,25,21
2017-08-02 07:00:00,116,58,58
2017-08-02 08:00:00,147,64,83
2017-08-02 09:00:00,92,46,46
2017-08-02 10:00:00,41,21,20
2017-08-02 11:00:00,42,26,16
2017-08-02 12:00:00,33,15,18
2017-08-02 13:00:00,52,24,28
2017-08-02 14:00:00,43,20,23
2017-08-02 15:00:00,74,25,49
2017-08-02 16:00:00,164,58,106
2017-08-02 17:00:00,221,67,154
2017-08-02 18:00:00,110,38,72
2017-08-02 19:00:00,40,22,18
2017-08-02 20:00:00,22,11,11
2017-08-02 21:00:00,14,7,7
2017-08-02 22:00:00,9,5,4
2017-08-02 23:00:00,5,4,1
2017-08-03 00:00:00,0,0,0
2017-08-03 01:00:00,1,1,0
2017-08-03 02:00:00,1,0,1
2017-08-03 03:00:00,0,0,0
2017-08-03 04:00:00,2,1,1
2017-08-03 05:00:00,12,9,3
2017-08-03 06:00:00,29,15,14
2017-08-03 07:00:00,104,50,54
2017-08-03 08:00:00,115,49,66
2017-08-03 09:00:00,92,40,52
2017-08-03 10:00:00,44,18,26
2017-08-03 11:00:00,28,8,20
2017-08-03 12:00:00,49,34,15
2017-08-03 13:00:00,47,18,29
2017-08-03 14:00:00,42,14,28
2017-08-03 15:00:00,67,16,51
2017-08-03 16:00:00,131,46,85
2017-08-03 17:00:00,194,61,133
2017-08-03 18:00:00,106,33,73
2017-08-03 19:00:00,67,32,35
2017-08-03 20:00:00,32,19,13
2017-08-03 21:00:00,22,13,9
2017-08-03 22:00:00,15,9,6
2017-08-03 23:00:00,8,7,1
2017-08-04 00:00:00,3,0,3
2017-08-04 01:00:00,1,0,1
2017-08-04 02:00:00,0,0,0
2017-08-04 03:00:00,0,0,0
2017-08-04 04:00:00,2,2,0
2017-08-04 05:00:00,13,10,3
2017-08-04 06:00:00,20,10,10
2017-08-04 07:00:00,71,30,41
2017-08-04 08:00:00,94,46,48
2017-08-04 09:00:00,79,28,51
2017-08-04 10:00:00,43,19,24
2017-08-04 11:00:00,56,24,32
2017-08-04 12:00:00,37,17,20
2017-08-04 13:00:00,36,16,20
2017-08-04 14:00:00,29,10,19
2017-08-04 15:00:00,74,32,42
2017-08-04 16:00:00,111,38,73
2017-08-04 17:00:00,130,47,83
2017-08-04 18:00:00,84,40,44
2017-08-04 19:00:00,29,13,16
2017-08-04 20:00:00,21,8,13
2017-08-04 21:00:00,14,7,7
2017-08-04 22:00:00,11,8,3
2017-08-04 23:00:00,4,2,2
2017-08-05 00:00:00,4,3,1
2017-08-05 01:00:00,0,0,0
2017-08-05 02:00:00,2,0,2
2017-08-05 03:00:00,0,0,0
2017-08-05 04:00:00,0,0,0
2017-08-05 05:00:00,1,1,0
2017-08-05 06:00:00,3,2,1
2017-08-05 07:00:00,6,5,1
2017-08-05 08:00:00,14,7,7
2017-08-05 09:00:00,13,6,7
2017-08-05 10:00:00,18,6,12
2017-08-05 11:00:00,26,8,18
2017-08-05 12:00:00,27,9,18
2017-08-05 13:00:00,51,29,22
2017-08-05 14:00:00,39,22,17
2017-08-05 15:00:00,41,25,16
2017-08-05 16:00:00,56,39,17
2017-08-05 17:00:00,60,33,27
2017-08-05 18:00:00,80,26,54
2017-08-05 19:00:00,18,6,12
2017-08-05 20:00:00,23,15,8
2017-08-05 21:00:00,25,15,10
2017-08-05 22:00:00,5,4,1
2017-08-05 23:00:00,11,7,4
2017-08-06 00:00:00,3,2,1
2017-08-06 01:00:00,8,8,0
2017-08-06 02:00:00,6,3,3
2017-08-06 03:00:00,1,1,0
2017-08-06 04:00:00,1,1,0
2017-08-06 05:00:00,1,1,0
2017-08-06 06:00:00,1,1,0
2017-08-06 07:00:00,5,2,3
2017-08-06 08:00:00,7,4,3
2017-08-06 09:00:00,20,4,16
2017-08-06 10:00:00,13,10,3
2017-08-06 11:00:00,33,8,25
2017-08-06 12:00:00,48,12,36
2017-08-06 13:00:00,33,15,18
2017-08-06 14:00:00,19,8,11
2017-08-06 15:00:00,32,19,13
2017-08-06 16:00:00,29,14,15
2017-08-06 17:00:00,23,10,13
2017-08-06 18:00:00,24,11,13
2017-08-06 19:00:00,19,10,9
2017-08-06 20:00:00,15,9,6
2017-08-06 21:00:00,3,2,1
2017-08-06 22:00:00,7,4,3
2017-08-06 23:00:00,1,1,0
2017-08-07 00:00:00,0,0,0
2017-08-07 01:00:00,3,0,3
2017-08-07 02:00:00,1,1,0
2017-08-07 03:00:00,1,0,1
2017-08-07 04:00:00,2,2,0
2017-08-07 05:00:00,18,13,5
2017-08-07 06:00:00,38,21,17
2017-08-07 07:00:00,98,43,55
2017-08-07 08:00:00,126,60,66
2017-08-07 09:00:00,98,49,49
2017-08-07 10:00:00,33,18,15
2017-08-07 11:00:00,46,27,19
2017-08-07 12:00:00,36,20,16
2017-08-07 13:00:00,32,15,17
2017-08-07 14:00:00,39,12,27
2017-08-07 15:00:00,71,17,54
2017-08-07 16:00:00,152,50,102
2017-08-07 17:00:00,213,69,144
2017-08-07 18:00:00,105,34,71
2017-08-07 19:00:00,32,16,16
2017-08-07 20:00:00,19,7,12
2017-08-07 21:00:00,7,2,5
2017-08-07 22:00:00,8,3,5
2017-08-07 23:00:00,6,3,3
2017-08-08 00:00:00,5,2,3
2017-08-08 01:00:00,1,1,0
2017-08-08 02:00:00,1,1,0
2017-08-08 03:00:00,1,0,1
2017-08-08 04:00:00,1,0,1
2017-08-08 05:00:00,13,8,5
2017-08-08 06:00:00,50,26,24
2017-08-08 07:00:00,92,42,50
2017-08-08 08:00:00,147,65,82
2017-08-08 09:00:00,88,38,50
2017-08-08 10:00:00,35,17,18
2017-08-08 11:00:00,35,20,15
2017-08-08 12:00:00,46,22,24
2017-08-08 13:00:00,38,16,22
2017-08-08 14:00:00,50,18,32
2017-08-08 15:00:00,72,29,43
2017-08-08 16:00:00,176,58,118
2017-08-08 17:00:00,213,74,139
2017-08-08 18:00:00,113,41,72
2017-08-08 19:00:00,36,19,17
2017-08-08 20:00:00,36,18,18
2017-08-08 21:00:00,14,4,10
2017-08-08 22:00:00,10,3,7
2017-08-08 23:00:00,8,2,6
2017-08-09 00:00:00,1,1,0
2017-08-09 01:00:00,0,0,0
2017-08-09 02:00:00,2,2,0
2017-08-09 03:00:00,2,0,2
2017-08-09 04:00:00,3,1,2
2017-08-09 05:00:00,8,7,1
2017-08-09 06:00:00,43,22,21
2017-08-09 07:00:00,94,47,47
2017-08-09 08:00:00,134,49,85
2017-08-09 09:00:00,102,48,54
2017-08-09 10:00:00,31,16,15
2017-08-09 11:00:00,34,12,22
2017-08-09 12:00:00,46,20,26
2017-08-09 13:00:00,39,21,18
2017-08-09 14:00:00,44,17,27
2017-08-09 15:00:00,57,20,37
2017-08-09 16:00:00,136,46,90
2017-08-09 17:00:00,220,72,148
2017-08-09 18:00:00,131,42,89
2017-08-09 19:00:00,50,19,31
2017-08-09 20:00:00,29,13,16
2017-08-09 21:00:00,12,2,10
2017-08-09 22:00:00,14,3,11
2017-08-09 23:00:00,13,10,3
2017-08-10 00:00:00,14,8,6
2017-08-10 01:00:00,1,0,1
2017-08-10 02:00:00,1,1,0
2017-08-10 03:00:00,1,1,0
2017-08-10 04:00:00,2,1,1
2017-08-10 05:00:00,12,8,4
2017-08-10 06:00:00,37,21,16
2017-08-10 07:00:00,89,40,49
2017-08-10 08:00:00,117,44,73
2017-08-10 09:00:00,84,40,44
2017-08-10 10:00:00,29,13,16
2017-08-10 11:00:00,36,22,14
2017-08-10 12:00:00,46,27,19
2017-08-10 13:00:00,40,19,21
2017-08-10 14:00:00,47,19,28
2017-08-10 15:00:00,70,26,44
2017-08-10 16:00:00,134,35,99
2017-08-10 17:00:00,172,51,121
2017-08-10 18:00:00,117,33,84
2017-08-10 19:00:00,42,20,22
2017-08-10 20:00:00,19,9,10
2017-08-10 21:00:00,20,10,10
2017-08-10 22:00:00,17,10,7
2017-08-10 23:00:00,5,3,2
2017-08-11 00:00:00,6,2,4
2017-08-11 01:00:00,1,1,0
2017-08-11 02:00:00,3,1,2
2017-08-11 03:00:00,0,0,0
2017-08-11 04:00:00,2,1,1
2017-08-11 05:00:00,11,7,4
2017-08-11 06:00:00,31,19,12
2017-08-11 07:00:00,74,36,38
2017-08-11 08:00:00,92,33,59
2017-08-11 09:00:00,82,37,45
2017-08-11 10:00:00,27,6,21
2017-08-11 11:00:00,43,26,17
2017-08-11 12:00:00,34,14,20
2017-08-11 13:00:00,49,22,27
2017-08-11 14:00:00,60,29,31
2017-08-11 15:00:00,71,25,46
2017-08-11 16:00:00,136,42,94
2017-08-11 17:00:00,147,62,85
2017-08-11 18:00:00,81,28,53
2017-08-11 19:00:00,37,12,25
2017-08-11 20:00:00,19,4,15
2017-08-11 21:00:00,11,3,8
2017-08-11 22:00:00,16,12,4
2017-08-11 23:00:00,6,4,2
2017-08-12 00:00:00,8,5,3
2017-08-12 01:00:00,6,5,1
2017-08-12 02:00:00,3,0,3
2017-08-12 03:00:00,0,0,0
2017-08-12 04:00:00,1,1,0
2017-08-12 05:00:00,2,1,1
2017-08-12 06:00:00,6,6,0
2017-08-12 07:00:00,13,5,8
2017-08-12 08:00:00,18,6,12
2017-08-12 09:00:00,20,4,16
2017-08-12 10:00:00,21,6,15
2017-08-12 11:00:00,38,18,20
2017-08-12 12:00:00,58,8,50
2017-08-12 13:00:00,41,17,24
2017-08-12 14:00:00,31,11,20
2017-08-12 15:00:00,57,48,9
2017-08-12 16:00:00,54,33,21
2017-08-12 17:00:00,23,12,11
2017-08-12 18:00:00,20,12,8
2017-08-12 19:00:00,25,10,15
2017-08-12 20:00:00,14,2,12
2017-08-12 21:00:00,9,6,3
2017-08-12 22:00:00,11,7,4
2017-08-12 23:00:00,2,2,0
2017-08-13 00:00:00,3,2,1
2017-08-13 01:00:00,0,0,0
2017-08-13 02:00:00,2,1,1
2017-08-13 03:00:00,2,2,0
2017-08-13 04:00:00,2,2,0
2017-08-13 05:00:00,2,1,1
2017-08-13 06:00:00,2,0,2
2017-08-13 07:00:00,7,6,1
2017-08-13 08:00:00,7,4,3
2017-08-13 09:00:00,10,3,7
2017-08-13 10:00:00,13,6,7
2017-08-13 11:00:00,31,11,20
2017-08-13 12:00:00,34,10,24
2017-08-13 13:00:00,33,15,18
2017-08-13 14:00:00,18,7,11
2017-08-13 15:00:00,25,13,12
2017-08-13 16:00:00,26,10,16
2017-08-13 17:00:00,33,20,13
2017-08-13 18:00:00,18,5,13
2017-08-13 19:00:00,13,9,4
2017-08-13 20:00:00,8,1,7
2017-08-13 21:00:00,3,1,2
2017-08-13 22:00:00,8,5,3
2017-08-13 23:00:00,5,1,4
2017-08-14 00:00:00,0,0,0
2017-08-14 01:00:00,1,0,1
2017-08-14 02:00:00,1,0,1
2017-08-14 03:00:00,0,0,0
2017-08-14 04:00:00,3,2,1
2017-08-14 05:00:00,10,7,3
2017-08-14 06:00:00,36,19,17
2017-08-14 07:00:00,73,33,40
2017-08-14 08:00:00,157,67,90
2017-08-14 09:00:00,102,55,47
2017-08-14 10:00:00,36,16,20
2017-08-14 11:00:00,25,10,15
2017-08-14 12:00:00,33,12,21
2017-08-14 13:00:00,36,17,19
2017-08-14 14:00:00,32,14,18
2017-08-14 15:00:00,69,20,49
2017-08-14 16:00:00,150,46,104
2017-08-14 17:00:00,221,65,156
2017-08-14 18:00:00,113,40,73
2017-08-14 19:00:00,44,15,29
2017-08-14 20:00:00,22,7,15
2017-08-14 21:00:00,15,8,7
2017-08-14 22:00:00,17,13,4
2017-08-14 23:00:00,4,1,3
2017-08-15 00:00:00,1,1,0
2017-08-15 01:00:00,0,0,0
2017-08-15 02:00:00,0,0,0
2017-08-15 03:00:00,0,0,0
2017-08-15 04:00:00,3,3,0
2017-08-15 05:00:00,12,8,4
2017-08-15 06:00:00,49,22,27
2017-08-15 07:00:00,96,43,53
2017-08-15 08:00:00,158,66,92
2017-08-15 09:00:00,97,36,61
2017-08-15 10:00:00,37,14,23
2017-08-15 11:00:00,23,10,13
2017-08-15 12:00:00,37,20,17
2017-08-15 13:00:00,33,16,17
2017-08-15 14:00:00,40,12,28
2017-08-15 15:00:00,74,21,53
2017-08-15 16:00:00,145,47,98
2017-08-15 17:00:00,224,78,146
2017-08-15 18:00:00,133,41,92
2017-08-15 19:00:00,42,22,20
2017-08-15 20:00:00,20,7,13
2017-08-15 21:00:00,19,12,7
2017-08-15 22:00:00,19,11,8
2017-08-15 23:00:00,3,1,2
2017-08-16 00:00:00,1,0,1
2017-08-16 01:00:00,0,0,0
2017-08-16 02:00:00,1,0,1
2017-08-16 03:00:00,1,0,1
2017-08-16 04:00:00,1,0,1
2017-08-16 05:00:00,12,12,0
2017-08-16 06:00:00,36,15,21
2017-08-16 07:00:00,96,43,53
2017-08-16 08:00:00,177,86,91
2017-08-16 09:00:00,101,46,55
2017-08-16 10:00:00,40,19,21
2017-08-16 11:00:00,46,15,31
2017-08-16 12:00:00,56,16,40
2017-08-16 13:00:00,53,22,31
2017-08-16 14:00:00,35,13,22
2017-08-16 15:00:00,69,23,46
2017-08-16 16:00:00,153,68,85
2017-08-16 17:00:00,226,69,157
2017-08-16 18:00:00,119,42,77
2017-08-16 19:00:00,41,18,23
2017-08-16 20:00:00,29,10,19
2017-08-16 21:00:00,12,3,9
2017-08-16 22:00:00,6,4,2
2017-08-16 23:00:00,5,3,2
2017-08-17 00:00:00,2,2,0
2017-08-17 01:00:00,2,2,0
2017-08-17 02:00:00,1,1,0
2017-08-17 03:00:00,3,1,2
2017-08-17 04:00:00,1,0,1
2017-08-17 05:00:00,9,8,1
2017-08-17 06:00:00,41,19,22
2017-08-17 07:00:00,92,40,52
2017-08-17 08:00:00,151,59,92
2017-08-17 09:00:00,86,42,44
2017-08-17 10:00:00,33,16,17
2017-08-17 11:00:00,32,19,13
2017-08-17 12:00:00,47,29,18
2017-08-17 13:00:00,40,20,20
2017-08-17 14:00:00,40,18,22
2017-08-17 15:00:00,68,23,45
2017-08-17 16:00:00,133,50,83
2017-08-17 17:00:00,206,65,141
2017-08-17 18:00:00,116,40,76
2017-08-17 19:00:00,42,18,24
2017-08-17 20:00:00,24,12,12
2017-08-17 21:00:00,12,4,8
2017-08-17 22:00:00,16,9,7
2017-08-17 23:00:00,3,2,1
2017-08-18 00:00:00,5,5,0
2017-08-18 01:00:00,1,0,1
2017-08-18 02:00:00,1,1,0
2017-08-18 03:00:00,0,0,0
2017-08-18 04:00:00,1,1,0
2017-08-18 05:00:00,11,7,4
2017-08-18 06:00:00,27,18,9
2017-08-18 07:00:00,72,33,39
2017-08-18 08:00:00,114,50,64
2017-08-18 09:00:00,82,35,47
2017-08-18 10:00:00,32,11,21
2017-08-18 11:00:00,31,17,14
2017-08-18 12:00:00,50,32,18
2017-08-18 13:00:00,44,17,27
2017-08-18 14:00:00,55,22,33
2017-08-18 15:00:00,69,23,46
2017-08-18 16:00:00,142,53,89
2017-08-18 17:00:00,165,53,112
2017-08-18 18:00:00,87,33,54
2017-08-18 19:00:00,49,23,26
2017-08-18 20:00:00,17,8,9
2017-08-18 21:00:00,20,12,8
2017-08-18 22:00:00,19,10,9
2017-08-18 23:00:00,16,11,5
2017-08-19 00:00:00,6,4,2
2017-08-19 01:00:00,0,0,0
2017-08-19 02:00:00,1,1,0
2017-08-19 03:00:00,0,0,0
2017-08-19 04:00:00,0,0,0
2017-08-19 05:00:00,1,0,1
2017-08-19 06:00:00,4,2,2
2017-08-19 07:00:00,12,9,3
2017-08-19 08:00:00,9,4,5
2017-08-19 09:00:00,15,11,4
2017-08-19 10:00:00,16,5,11
2017-08-19 11:00:00,21,10,11
2017-08-19 12:00:00,15,6,9
2017-08-19 13:00:00,44,18,26
2017-08-19 14:00:00,27,17,10
2017-08-19 15:00:00,32,17,15
2017-08-19 16:00:00,31,18,13
2017-08-19 17:00:00,27,16,11
2017-08-19 18:00:00,32,8,24
2017-08-19 19:00:00,16,9,7
2017-08-19 20:00:00,17,7,10
2017-08-19 21:00:00,8,6,2
2017-08-19 22:00:00,6,5,1
2017-08-19 23:00:00,10,10,0
2017-08-20 00:00:00,11,5,6
2017-08-20 01:00:00,4,4,0
2017-08-20 02:00:00,0,0,0
2017-08-20 03:00:00,2,0,2
2017-08-20 04:00:00,0,0,0
2017-08-20 05:00:00,0,0,0
2017-08-20 06:00:00,1,0,1
2017-08-20 07:00:00,10,7,3
2017-08-20 08:00:00,10,5,5
2017-08-20 09:00:00,16,12,4
2017-08-20 10:00:00,12,6,6
2017-08-20 11:00:00,18,4,14
2017-08-20 12:00:00,21,11,10
2017-08-20 13:00:00,23,12,11
2017-08-20 14:00:00,33,14,19
2017-08-20 15:00:00,25,9,16
2017-08-20 16:00:00,27,15,12
2017-08-20 17:00:00,42,19,23
2017-08-20 18:00:00,41,12,29
2017-08-20 19:00:00,19,3,16
2017-08-20 20:00:00,13,6,7
2017-08-20 21:00:00,38,35,3
2017-08-20 22:00:00,5,5,0
2017-08-20 23:00:00,5,3,2
2017-08-21 00:00:00,0,0,0
2017-08-21 01:00:00,1,1,0
2017-08-21 02:00:00,4,0,4
2017-08-21 03:00:00,2,2,0
2017-08-21 04:00:00,1,0,1
2017-08-21 05:00:00,10,8,2
2017-08-21 06:00:00,39,17,22
2017-08-21 07:00:00,85,37,48
2017-08-21 08:00:00,93,37,56
2017-08-21 09:00:00,57,27,30
2017-08-21 10:00:00,32,15,17
2017-08-21 11:00:00,39,19,20
2017-08-21 12:00:00,40,18,22
2017-08-21 13:00:00,26,14,12
2017-08-21 14:00:00,36,19,17
2017-08-21 15:00:00,59,19,40
2017-08-21 16:00:00,106,34,72
2017-08-21 17:00:00,155,55,100
2017-08-21 18:00:00,84,29,55
2017-08-21 19:00:00,23,12,11
2017-08-21 20:00:00,14,8,6
2017-08-21 21:00:00,7,3,4
2017-08-21 22:00:00,4,1,3
2017-08-21 23:00:00,0,0,0
2017-08-22 00:00:00,2,1,1
2017-08-22 01:00:00,0,0,0
2017-08-22 02:00:00,1,0,1
2017-08-22 03:00:00,1,1,0
2017-08-22 04:00:00,1,0,1
2017-08-22 05:00:00,10,8,2
2017-08-22 06:00:00,44,22,22
2017-08-22 07:00:00,98,42,56
2017-08-22 08:00:00,150,56,94
2017-08-22 09:00:00,86,36,50
2017-08-22 10:00:00,38,14,24
2017-08-22 11:00:00,31,12,19
2017-08-22 12:00:00,41,16,25
2017-08-22 13:00:00,46,27,19
2017-08-22 14:00:00,30,14,16
2017-08-22 15:00:00,42,11,31
2017-08-22 16:00:00,152,39,113
2017-08-22 17:00:00,197,70,127
2017-08-22 18:00:00,101,40,61
2017-08-22 19:00:00,49,20,29
2017-08-22 20:00:00,21,11,10
2017-08-22 21:00:00,12,4,8
2017-08-22 22:00:00,9,7,2
2017-08-22 23:00:00,4,2,2
2017-08-23 00:00:00,1,1,0
2017-08-23 01:00:00,1,0,1
2017-08-23 02:00:00,1,0,1
2017-08-23 03:00:00,0,0,0
2017-08-23 04:00:00,5,4,1
2017-08-23 05:00:00,10,7,3
2017-08-23 06:00:00,44,25,19
2017-08-23 07:00:00,97,41,56
2017-08-23 08:00:00,134,53,81
2017-08-23 09:00:00,92,45,47
2017-08-23 10:00:00,27,9,18
2017-08-23 11:00:00,28,12,16
2017-08-23 12:00:00,50,24,26
2017-08-23 13:00:00,28,18,10
2017-08-23 14:00:00,30,15,15
2017-08-23 15:00:00,64,18,46
2017-08-23 16:00:00,152,50,102
2017-08-23 17:00:00,191,73,118
2017-08-23 18:00:00,121,51,70
2017-08-23 19:00:00,40,18,22
2017-08-23 20:00:00,21,6,15
2017-08-23 21:00:00,7,4,3
2017-08-23 22:00:00,14,6,8
2017-08-23 23:00:00,4,1,3
2017-08-24 00:00:00,5,3,2
2017-08-24 01:00:00,0,0,0
2017-08-24 02:00:00,2,1,1
2017-08-24 03:00:00,0,0,0
2017-08-24 04:00:00,3,2,1
2017-08-24 05:00:00,6,4,2
2017-08-24 06:00:00,41,22,19
2017-08-24 07:00:00,83,43,40
2017-08-24 08:00:00,134,53,81
2017-08-24 09:00:00,82,45,37
2017-08-24 10:00:00,33,13,20
2017-08-24 11:00:00,35,19,16
2017-08-24 12:00:00,45,25,20
2017-08-24 13:00:00,37,17,20
2017-08-24 14:00:00,26,14,12
2017-08-24 15:00:00,57,21,36
2017-08-24 16:00:00,133,47,86
2017-08-24 17:00:00,164,51,113
2017-08-24 18:00:00,117,40,77
2017-08-24 19:00:00,55,23,32
2017-08-24 20:00:00,23,14,9
2017-08-24 21:00:00,11,3,8
2017-08-24 22:00:00,6,2,4
2017-08-24 23:00:00,5,2,3
2017-08-25 00:00:00,2,1,1
2017-08-25 01:00:00,0,0,0
2017-08-25 02:00:00,1,0,1
2017-08-25 03:00:00,0,0,0
2017-08-25 04:00:00,3,1,2
2017-08-25 05:00:00,7,7,0
2017-08-25 06:00:00,24,11,13
2017-08-25 07:00:00,86,39,47
2017-08-25 08:00:00,100,35,65
2017-08-25 09:00:00,94,45,49
2017-08-25 10:00:00,35,18,17
2017-08-25 11:00:00,52,25,27
2017-08-25 12:00:00,42,22,20
2017-08-25 13:00:00,49,22,27
2017-08-25 14:00:00,37,12,25
2017-08-25 15:00:00,77,27,50
2017-08-25 16:00:00,160,50,110
2017-08-25 17:00:00,147,53,94
2017-08-25 18:00:00,87,29,58
2017-08-25 19:00:00,42,21,21
2017-08-25 20:00:00,43,29,14
2017-08-25 21:00:00,19,11,8
2017-08-25 22:00:00,13,2,11
2017-08-25 23:00:00,11,4,7
2017-08-26 00:00:00,4,2,2
2017-08-26 01:00:00,2,1,1
2017-08-26 02:00:00,4,4,0
2017-08-26 03:00:00,3,0,3
2017-08-26 04:00:00,0,0,0
2017-08-26 05:00:00,2,2,0
2017-08-26 06:00:00,6,3,3
2017-08-26 07:00:00,10,5,5
2017-08-26 08:00:00,14,7,7
2017-08-26 09:00:00,18,6,12
2017-08-26 10:00:00,21,11,10
2017-08-26 11:00:00,32,18,14
2017-08-26 12:00:00,29,12,17
2017-08-26 13:00:00,40,22,18
2017-08-26 14:00:00,20,9,11
2017-08-26 15:00:00,27,18,9
2017-08-26 16:00:00,25,17,8
2017-08-26 17:00:00,20,5,15
2017-08-26 18:00:00,23,10,13
2017-08-26 19:00:00,15,10,5
2017-08-26 20:00:00,11,7,4
2017-08-26 21:00:00,6,3,3
2017-08-26 22:00:00,9,4,5
2017-08-26 23:00:00,5,3,2
2017-08-27 00:00:00,1,0,1
2017-08-27 01:00:00,1,1,0
2017-08-27 02:00:00,5,2,3
2017-08-27 03:00:00,2,2,0
2017-08-27 04:00:00,2,1,1
2017-08-27 05:00:00,0,0,0
2017-08-27 06:00:00,7,1,6
2017-08-27 07:00:00,4,1,3
2017-08-27 08:00:00,9,6,3
2017-08-27 09:00:00,10,5,5
2017-08-27 10:00:00,29,10,19
2017-08-27 11:00:00,26,14,12
2017-08-27 12:00:00,28,15,13
2017-08-27 13:00:00,23,14,9
2017-08-27 14:00:00,35,25,10
2017-08-27 15:00:00,25,12,13
2017-08-27 16:00:00,34,11,23
2017-08-27 17:00:00,51,15,36
2017-08-27 18:00:00,42,15,27
2017-08-27 19:00:00,8,5,3
2017-08-27 20:00:00,33,32,1
2017-08-27 21:00:00,32,23,9
2017-08-27 22:00:00,8,6,2
2017-08-27 23:00:00,5,3,2
2017-08-28 00:00:00,1,0,1
2017-08-28 01:00:00,0,0,0
2017-08-28 02:00:00,3,1,2
2017-08-28 03:00:00,1,1,0
2017-08-28 04:00:00,1,0,1
2017-08-28 05:00:00,7,4,3
2017-08-28 06:00:00,32,18,14
2017-08-28 07:00:00,100,48,52
2017-08-28 08:00:00,152,69,83
2017-08-28 09:00:00,84,49,35
2017-08-28 10:00:00,27,14,13
2017-08-28 11:00:00,34,13,21
2017-08-28 12:00:00,33,15,18
2017-08-28 13:00:00,36,17,19
2017-08-28 14:00:00,34,12,22
2017-08-28 15:00:00,53,19,34
2017-08-28 16:00:00,119,47,72
2017-08-28 17:00:00,187,58,129
2017-08-28 18:00:00,124,49,75
2017-08-28 19:00:00,44,13,31
2017-08-28 20:00:00,16,8,8
2017-08-28 21:00:00,13,6,7
2017-08-28 22:00:00,7,3,4
2017-08-28 23:00:00,3,2,1
2017-08-29 00:00:00,1,1,0
2017-08-29 01:00:00,1,1,0
2017-08-29 02:00:00,2,2,0
2017-08-29 03:00:00,1,0,1
2017-08-29 04:00:00,2,1,1
2017-08-29 05:00:00,8,5,3
2017-08-29 06:00:00,38,21,17
2017-08-29 07:00:00,105,50,55
2017-08-29 08:00:00,153,63,90
2017-08-29 09:00:00,85,30,55
2017-08-29 10:00:00,33,22,11
2017-08-29 11:00:00,33,15,18
2017-08-29 12:00:00,43,25,18
2017-08-29 13:00:00,18,6,12
2017-08-29 14:00:00,28,19,9
2017-08-29 15:00:00,64,15,49
2017-08-29 16:00:00,136,43,93
2017-08-29 17:00:00,205,73,132
2017-08-29 18:00:00,88,36,52
2017-08-29 19:00:00,43,17,26
2017-08-29 20:00:00,21,11,10
2017-08-29 21:00:00,9,4,5
2017-08-29 22:00:00,10,4,6
2017-08-29 23:00:00,4,1,3
2017-08-30 00:00:00,1,0,1
2017-08-30 01:00:00,5,2,3
2017-08-30 02:00:00,1,0,1
2017-08-30 03:00:00,2,1,1
2017-08-30 04:00:00,1,0,1
2017-08-30 05:00:00,11,7,4
2017-08-30 06:00:00,29,15,14
2017-08-30 07:00:00,97,40,57
2017-08-30 08:00:00,139,64,75
2017-08-30 09:00:00,78,33,45
2017-08-30 10:00:00,38,12,26
2017-08-30 11:00:00,32,15,17
2017-08-30 12:00:00,33,17,16
2017-08-30 13:00:00,36,17,19
2017-08-30 14:00:00,39,24,15
2017-08-30 15:00:00,66,15,51
2017-08-30 16:00:00,134,39,95
2017-08-30 17:00:00,199,60,139
2017-08-30 18:00:00,108,31,77
2017-08-30 19:00:00,36,17,19
2017-08-30 20:00:00,20,5,15
2017-08-30 21:00:00,15,5,10
2017-08-30 22:00:00,11,5,6
2017-08-30 23:00:00,6,3,3
2017-08-31 00:00:00,1,1,0
2017-08-31 01:00:00,1,1,0
2017-08-31 02:00:00,1,0,1
2017-08-31 03:00:00,3,0,3
2017-08-31 04:00:00,1,0,1
2017-08-31 05:00:00,11,7,4
2017-08-31 06:00:00,36,16,20
2017-08-31 07:00:00,81,39,42
2017-08-31 08:00:00,142,60,82
2017-08-31 09:00:00,60,34,26
2017-08-31 10:00:00,37,18,19
2017-08-31 11:00:00,28,18,10
2017-08-31 12:00:00,34,22,12
2017-08-31 13:00:00,23,8,15
2017-08-31 14:00:00,24,12,12
2017-08-31 15:00:00,46,18,28
2017-08-31 16:00:00,134,34,100
2017-08-31 17:00:00,164,60,104
2017-08-31 18:00:00,116,35,81
2017-08-31 19:00:00,46,23,23
2017-08-31 20:00:00,25,9,16
2017-08-31 21:00:00,18,7,11
2017-08-31 22:00:00,10,7,3
2017-08-31 23:00:00,2,0,2
2017-09-01 00:00:00,3,1,2
2017-09-01 01:00:00,2,0,2
2017-09-01 02:00:00,1,0,1
2017-09-01 03:00:00,0,0,0
2017-09-01 04:00:00,2,1,1
2017-09-01 05:00:00,11,4,7
2017-09-01 06:00:00,31,16,15
2017-09-01 07:00:00,74,36,38
2017-09-01 08:00:00,96,46,50
2017-09-01 09:00:00,85,36,49
2017-09-01 10:00:00,44,20,24
2017-09-01 11:00:00,40,20,20
2017-09-01 12:00:00,37,12,25
2017-09-01 13:00:00,30,18,12
2017-09-01 14:00:00,64,29,35
2017-09-01 15:00:00,70,26,44
2017-09-01 16:00:00,141,49,92
2017-09-01 17:00:00,129,39,90
2017-09-01 18:00:00,78,25,53
2017-09-01 19:00:00,47,21,26
2017-09-01 20:00:00,27,11,16
2017-09-01 21:00:00,14,6,8
2017-09-01 22:00:00,8,7,1
2017-09-01 23:00:00,13,4,9
2017-09-02 00:00:00,3,1,2
2017-09-02 01:00:00,6,1,5
2017-09-02 02:00:00,2,2,0
2017-09-02 03:00:00,3,2,1
2017-09-02 04:00:00,0,0,0
2017-09-02 05:00:00,1,0,1
2017-09-02 06:00:00,2,1,1
2017-09-02 07:00:00,7,6,1
2017-09-02 08:00:00,18,6,12
2017-09-02 09:00:00,20,11,9
2017-09-02 10:00:00,17,7,10
2017-09-02 11:00:00,23,10,13
2017-09-02 12:00:00,23,8,15
2017-09-02 13:00:00,27,14,13
2017-09-02 14:00:00,26,12,14
2017-09-02 15:00:00,25,10,15
2017-09-02 16:00:00,21,9,12
2017-09-02 17:00:00,20,7,13
2017-09-02 18:00:00,25,10,15
2017-09-02 19:00:00,15,8,7
2017-09-02 20:00:00,8,3,5
2017-09-02 21:00:00,13,9,4
2017-09-02 22:00:00,13,8,5
2017-09-02 23:00:00,6,3,3
2017-09-03 00:00:00,2,0,2
2017-09-03 01:00:00,5,3,2
2017-09-03 02:00:00,3,1,2
2017-09-03 03:00:00,2,1,1
2017-09-03 04:00:00,0,0,0
2017-09-03 05:00:00,0,0,0
2017-09-03 06:00:00,3,1,2
2017-09-03 07:00:00,3,2,1
2017-09-03 08:00:00,9,3,6
2017-09-03 09:00:00,16,3,13
2017-09-03 10:00:00,23,10,13
2017-09-03 11:00:00,24,4,20
2017-09-03 12:00:00,26,11,15
2017-09-03 13:00:00,24,15,9
2017-09-03 14:00:00,34,10,24
2017-09-03 15:00:00,15,6,9
2017-09-03 16:00:00,32,21,11
2017-09-03 17:00:00,30,13,17
2017-09-03 18:00:00,16,5,11
2017-09-03 19:00:00,17,10,7
2017-09-03 20:00:00,15,11,4
2017-09-03 21:00:00,4,0,4
2017-09-03 22:00:00,3,2,1
2017-09-03 23:00:00,5,0,5
2017-09-04 00:00:00,6,2,4
2017-09-04 01:00:00,1,0,1
2017-09-04 02:00:00,1,1,0
2017-09-04 03:00:00,2,0,2
2017-09-04 04:00:00,0,0,0
2017-09-04 05:00:00,1,0,1
2017-09-04 06:00:00,4,2,2
2017-09-04 07:00:00,10,3,7
2017-09-04 08:00:00,16,8,8
2017-09-04 09:00:00,11,7,4
2017-09-04 10:00:00,16,6,10
2017-09-04 11:00:00,20,5,15
2017-09-04 12:00:00,33,13,20
2017-09-04 13:00:00,31,14,17
2017-09-04 14:00:00,32,14,18
2017-09-04 15:00:00,36,15,21
2017-09-04 16:00:00,28,14,14
2017-09-04 17:00:00,21,4,17
2017-09-04 18:00:00,27,13,14
2017-09-04 19:00:00,15,12,3
2017-09-04 20:00:00,17,10,7
2017-09-04 21:00:00,14,7,7
2017-09-04 22:00:00,7,5,2
2017-09-04 23:00:00,3,0,3
2017-09-05 00:00:00,4,2,2
2017-09-05 01:00:00,1,1,0
2017-09-05 02:00:00,1,0,1
2017-09-05 03:00:00,1,0,1
2017-09-05 04:00:00,1,0,1
2017-09-05 05:00:00,10,8,2
2017-09-05 06:00:00,40,22,18
2017-09-05 07:00:00,84,39,45
2017-09-05 08:00:00,136,55,81
2017-09-05 09:00:00,65,28,37
2017-09-05 10:00:00,33,17,16
2017-09-05 11:00:00,46,25,21
2017-09-05 12:00:00,19,6,13
2017-09-05 13:00:00,20,12,8
2017-09-05 14:00:00,27,12,15
2017-09-05 15:00:00,53,14,39
2017-09-05 16:00:00,129,31,98
2017-09-05 17:00:00,187,65,122
2017-09-05 18:00:00,92,27,65
2017-09-05 19:00:00,19,8,11
2017-09-05 20:00:00,20,6,14
2017-09-05 21:00:00,10,6,4
2017-09-05 22:00:00,21,15,6
2017-09-05 23:00:00,4,1,3
2017-09-06 00:00:00,0,0,0
2017-09-06 01:00:00,1,1,0
2017-09-06 02:00:00,1,1,0
2017-09-06 03:00:00,0,0,0
2017-09-06 04:00:00,2,1,1
2017-09-06 05:00:00,9,8,1
2017-09-06 06:00:00,33,16,17
2017-09-06 07:00:00,77,33,44
2017-09-06 08:00:00,101,51,50
2017-09-06 09:00:00,83,39,44
2017-09-06 10:00:00,28,13,15
2017-09-06 11:00:00,21,6,15
2017-09-06 12:00:00,36,16,20
2017-09-06 13:00:00,21,10,11
2017-09-06 14:00:00,40,22,18
2017-09-06 15:00:00,47,13,34
2017-09-06 16:00:00,107,37,70
2017-09-06 17:00:00,186,58,128
2017-09-06 18:00:00,96,29,67
2017-09-06 19:00:00,36,13,23
2017-09-06 20:00:00,27,12,15
2017-09-06 21:00:00,7,5,2
2017-09-06 22:00:00,10,6,4
2017-09-06 23:00:00,2,2,0
2017-09-07 00:00:00,5,1,4
2017-09-07 01:00:00,3,2,1
2017-09-07 02:00:00,0,0,0
2017-09-07 03:00:00,0,0,0
2017-09-07 04:00:00,5,2,3
2017-09-07 05:00:00,12,10,2
2017-09-07 06:00:00,37,17,20
2017-09-07 07:00:00,74,41,33
2017-09-07 08:00:00,117,43,74
2017-09-07 09:00:00,74,28,46
2017-09-07 10:00:00,32,8,24
2017-09-07 11:00:00,37,21,16
2017-09-07 12:00:00,40,19,21
2017-09-07 13:00:00,30,15,15
2017-09-07 14:00:00,33,15,18
2017-09-07 15:00:00,61,19,42
2017-09-07 16:00:00,118,34,84
2017-09-07 17:00:00,177,56,121
2017-09-07 18:00:00,111,27,84
2017-09-07 19:00:00,46,19,27
2017-09-07 20:00:00,24,12,12
2017-09-07 21:00:00,19,8,11
2017-09-07 22:00:00,8,3,5
2017-09-07 23:00:00,5,3,2
2017-09-08 00:00:00,3,1,2
2017-09-08 01:00:00,1,1,0
2017-09-08 02:00:00,3,1,2
2017-09-08 03:00:00,2,0,2
2017-09-08 04:00:00,3,2,1
2017-09-08 05:00:00,10,6,4
2017-09-08 06:00:00,25,13,12
2017-09-08 07:00:00,61,28,33
2017-09-08 08:00:00,85,39,46
2017-09-08 09:00:00,83,34,49
2017-09-08 10:00:00,25,10,15
2017-09-08 11:00:00,38,18,20
2017-09-08 12:00:00,44,23,21
2017-09-08 13:00:00,34,15,19
2017-09-08 14:00:00,47,20,27
2017-09-08 15:00:00,66,24,42
2017-09-08 16:00:00,118,36,82
2017-09-08 17:00:00,163,45,118
2017-09-08 18:00:00,79,27,52
2017-09-08 19:00:00,35,14,21
2017-09-08 20:00:00,11,4,7
2017-09-08 21:00:00,10,3,7
2017-09-08 22:00:00,9,6,3
2017-09-08 23:00:00,7,4,3
2017-09-09 00:00:00,5,3,2
2017-09-09 01:00:00,2,2,0
2017-09-09 02:00:00,0,0,0
2017-09-09 03:00:00,0,0,0
2017-09-09 04:00:00,0,0,0
2017-09-09 05:00:00,1,1,0
2017-09-09 06:00:00,7,2,5
2017-09-09 07:00:00,7,3,4
2017-09-09 08:00:00,14,5,9
2017-09-09 09:00:00,7,4,3
2017-09-09 10:00:00,15,6,9
2017-09-09 11:00:00,18,7,11
2017-09-09 12:00:00,27,10,17
2017-09-09 13:00:00,30,18,12
2017-09-09 14:00:00,36,20,16
2017-09-09 15:00:00,43,21,22
2017-09-09 16:00:00,30,12,18
2017-09-09 17:00:00,29,9,20
2017-09-09 18:00:00,16,10,6
2017-09-09 19:00:00,16,10,6
2017-09-09 20:00:00,4,2,2
2017-09-09 21:00:00,7,4,3
2017-09-09 22:00:00,7,2,5
2017-09-09 23:00:00,3,2,1
2017-09-10 00:00:00,0,0,0
2017-09-10 01:00:00,0,0,0
2017-09-10 02:00:00,1,0,1
2017-09-10 03:00:00,1,1,0
2017-09-10 04:00:00,3,2,1
2017-09-10 05:00:00,0,0,0
2017-09-10 06:00:00,3,2,1
2017-09-10 07:00:00,0,0,0
2017-09-10 08:00:00,10,6,4
2017-09-10 09:00:00,11,5,6
2017-09-10 10:00:00,21,6,15
2017-09-10 11:00:00,20,7,13
2017-09-10 12:00:00,31,11,20
2017-09-10 13:00:00,17,5,12
2017-09-10 14:00:00,23,12,11
2017-09-10 15:00:00,18,7,11
2017-09-10 16:00:00,21,10,11
2017-09-10 17:00:00,35,16,19
2017-09-10 18:00:00,32,12,20
2017-09-10 19:00:00,16,11,5
2017-09-10 20:00:00,39,36,3
2017-09-10 21:00:00,4,2,2
2017-09-10 22:00:00,6,3,3
2017-09-10 23:00:00,2,1,1
2017-09-11 00:00:00,0,0,0
2017-09-11 01:00:00,3,1,2
2017-09-11 02:00:00,2,1,1
2017-09-11 03:00:00,1,0,1
2017-09-11 04:00:00,2,0,2
2017-09-11 05:00:00,11,11,0
2017-09-11 06:00:00,36,21,15
2017-09-11 07:00:00,107,57,50
2017-09-11 08:00:00,125,53,72
2017-09-11 09:00:00,83,39,44
2017-09-11 10:00:00,30,17,13
2017-09-11 11:00:00,18,7,11
2017-09-11 12:00:00,37,21,16
2017-09-11 13:00:00,23,11,12
2017-09-11 14:00:00,29,7,22
2017-09-11 15:00:00,57,13,44
2017-09-11 16:00:00,144,43,101
2017-09-11 17:00:00,205,74,131
2017-09-11 18:00:00,103,31,72
2017-09-11 19:00:00,36,18,18
2017-09-11 20:00:00,19,10,9
2017-09-11 21:00:00,7,4,3
2017-09-11 22:00:00,6,2,4
2017-09-11 23:00:00,2,0,2
2017-09-12 00:00:00,0,0,0
2017-09-12 01:00:00,0,0,0
2017-09-12 02:00:00,3,1,2
2017-09-12 03:00:00,0,0,0
2017-09-12 04:00:00,3,0,3
2017-09-12 05:00:00,10,9,1
2017-09-12 06:00:00,33,20,13
2017-09-12 07:00:00,116,57,59
2017-09-12 08:00:00,148,57,91
2017-09-12 09:00:00,72,31,41
2017-09-12 10:00:00,33,15,18
2017-09-12 11:00:00,31,20,11
2017-09-12 12:00:00,37,17,20
2017-09-12 13:00:00,42,20,22
2017-09-12 14:00:00,50,18,32
2017-09-12 15:00:00,75,24,51
2017-09-12 16:00:00,149,48,101
2017-09-12 17:00:00,214,66,148
2017-09-12 18:00:00,109,32,77
2017-09-12 19:00:00,40,20,20
2017-09-12 20:00:00,17,3,14
2017-09-12 21:00:00,7,4,3
2017-09-12 22:00:00,3,1,2
2017-09-12 23:00:00,7,0,7
2017-09-13 00:00:00,4,2,2
2017-09-13 01:00:00,0,0,0
2017-09-13 02:00:00,0,0,0
2017-09-13 03:00:00,1,0,1
2017-09-13 04:00:00,1,0,1
2017-09-13 05:00:00,8,6,2
2017-09-13 06:00:00,42,22,20
2017-09-13 07:00:00,99,46,53
2017-09-13 08:00:00,133,53,80
2017-09-13 09:00:00,71,38,33
2017-09-13 10:00:00,35,17,18
2017-09-13 11:00:00,38,17,21
2017-09-13 12:00:00,36,21,15
2017-09-13 13:00:00,37,14,23
2017-09-13 14:00:00,37,15,22
2017-09-13 15:00:00,72,15,57
2017-09-13 16:00:00,130,32,98
2017-09-13 17:00:00,195,62,133
2017-09-13 18:00:00,110,36,74
2017-09-13 19:00:00,51,23,28
2017-09-13 20:00:00,27,10,17
2017-09-13 21:00:00,11,5,6
2017-09-13 22:00:00,14,5,9
2017-09-13 23:00:00,2,0,2
2017-09-14 00:00:00,5,2,3
2017-09-14 01:00:00,3,2,1
2017-09-14 02:00:00,0,0,0
2017-09-14 03:00:00,0,0,0
2017-09-14 04:00:00,2,0,2
2017-09-14 05:00:00,10,7,3
2017-09-14 06:00:00,46,22,24
2017-09-14 07:00:00,79,44,35
2017-09-14 08:00:00,138,62,76
2017-09-14 09:00:00,72,31,41
2017-09-14 10:00:00,33,15,18
2017-09-14 11:00:00,23,10,13
2017-09-14 12:00:00,38,18,20
2017-09-14 13:00:00,33,13,20
2017-09-14 14:00:00,27,12,15
2017-09-14 15:00:00,63,18,45
2017-09-14 16:00:00,128,34,94
2017-09-14 17:00:00,175,60,115
2017-09-14 18:00:00,106,36,70
2017-09-14 19:00:00,42,24,18
2017-09-14 20:00:00,26,16,10
2017-09-14 21:00:00,9,3,6
2017-09-14 22:00:00,5,3,2
2017-09-14 23:00:00,4,2,2
2017-09-15 00:00:00,2,0,2
2017-09-15 01:00:00,0,0,0
2017-09-15 02:00:00,2,1,1
2017-09-15 03:00:00,1,1,0
2017-09-15 04:00:00,1,1,0
2017-09-15 05:00:00,6,4,2
2017-09-15 06:00:00,25,15,10
2017-09-15 07:00:00,69,41,28
2017-09-15 08:00:00,99,48,51
2017-09-15 09:00:00,71,35,36
2017-09-15 10:00:00,26,13,13
2017-09-15 11:00:00,32,16,16
2017-09-15 12:00:00,26,15,11
2017-09-15 13:00:00,47,22,25
2017-09-15 14:00:00,47,16,31
2017-09-15 15:00:00,80,25,55
2017-09-15 16:00:00,147,55,92
2017-09-15 17:00:00,177,61,116
2017-09-15 18:00:00,76,29,47
2017-09-15 19:00:00,31,13,18
2017-09-15 20:00:00,11,5,6
2017-09-15 21:00:00,4,0,4
2017-09-15 22:00:00,5,2,3
2017-09-15 23:00:00,4,2,2
2017-09-16 00:00:00,6,3,3
2017-09-16 01:00:00,4,2,2
2017-09-16 02:00:00,3,2,1
2017-09-16 03:00:00,0,0,0
2017-09-16 04:00:00,1,0,1
2017-09-16 05:00:00,1,1,0
2017-09-16 06:00:00,6,3,3
2017-09-16 07:00:00,9,3,6
2017-09-16 08:00:00,6,3,3
2017-09-16 09:00:00,18,4,14
2017-09-16 10:00:00,17,6,11
2017-09-16 11:00:00,22,14,8
2017-09-16 12:00:00,25,12,13
2017-09-16 13:00:00,31,19,12
2017-09-16 14:00:00,43,16,27
2017-09-16 15:00:00,21,9,12
2017-09-16 16:00:00,32,19,13
2017-09-16 17:00:00,28,13,15
2017-09-16 18:00:00,20,5,15
2017-09-16 19:00:00,19,7,12
2017-09-16 20:00:00,6,4,2
2017-09-16 21:00:00,15,8,7
2017-09-16 22:00:00,6,3,3
2017-09-16 23:00:00,12,8,4
2017-09-17 00:00:00,3,2,1
2017-09-17 01:00:00,2,2,0
2017-09-17 02:00:00,2,1,1
2017-09-17 03:00:00,0,0,0
2017-09-17 04:00:00,0,0,0
2017-09-17 05:00:00,1,0,1
2017-09-17 06:00:00,2,0,2
2017-09-17 07:00:00,13,6,7
2017-09-17 08:00:00,11,4,7
2017-09-17 09:00:00,9,5,4
2017-09-17 10:00:00,27,7,20
2017-09-17 11:00:00,17,6,11
2017-09-17 12:00:00,31,12,19
2017-09-17 13:00:00,9,1,8
2017-09-17 14:00:00,7,7,0
2017-09-17 15:00:00,10,4,6
2017-09-17 16:00:00,18,16,2
2017-09-17 17:00:00,15,9,6
2017-09-17 18:00:00,7,3,4
2017-09-17 19:00:00,11,9,2
2017-09-17 20:00:00,2,2,0
2017-09-17 21:00:00,3,1,2
2017-09-17 22:00:00,15,7,8
2017-09-17 23:00:00,1,1,0
2017-09-18 00:00:00,4,2,2
2017-09-18 01:00:00,1,1,0
2017-09-18 02:00:00,2,1,1
2017-09-18 03:00:00,1,1,0
2017-09-18 04:00:00,1,0,1
2017-09-18 05:00:00,7,7,0
2017-09-18 06:00:00,29,14,15
2017-09-18 07:00:00,66,32,34
2017-09-18 08:00:00,96,45,51
2017-09-18 09:00:00,59,24,35
2017-09-18 10:00:00,37,22,15
2017-09-18 11:00:00,34,18,16
2017-09-18 12:00:00,35,23,12
2017-09-18 13:00:00,23,9,14
2017-09-18 14:00:00,28,11,17
2017-09-18 15:00:00,44,10,34
2017-09-18 16:00:00,76,20,56
2017-09-18 17:00:00,143,37,106
2017-09-18 18:00:00,72,22,50
2017-09-18 19:00:00,17,7,10
2017-09-18 20:00:00,13,7,6
2017-09-18 21:00:00,7,6,1
2017-09-18 22:00:00,4,0,4
2017-09-18 23:00:00,1,1,0
2017-09-19 00:00:00,1,1,0
2017-09-19 01:00:00,0,0,0
2017-09-19 02:00:00,2,2,0
2017-09-19 03:00:00,0,0,0
2017-09-19 04:00:00,1,0,1
2017-09-19 05:00:00,5,4,1
2017-09-19 06:00:00,27,19,8
2017-09-19 07:00:00,50,25,25
2017-09-19 08:00:00,89,39,50
2017-09-19 09:00:00,43,22,21
2017-09-19 10:00:00,28,19,9
2017-09-19 11:00:00,23,12,11
2017-09-19 12:00:00,32,17,15
2017-09-19 13:00:00,17,11,6
2017-09-19 14:00:00,19,10,9
2017-09-19 15:00:00,45,18,27
2017-09-19 16:00:00,84,23,61
2017-09-19 17:00:00,125,32,93
2017-09-19 18:00:00,47,16,31
2017-09-19 19:00:00,27,19,8
2017-09-19 20:00:00,10,4,6
2017-09-19 21:00:00,5,3,2
2017-09-19 22:00:00,5,3,2
2017-09-19 23:00:00,5,3,2
2017-09-20 00:00:00,0,0,0
2017-09-20 01:00:00,1,0,1
2017-09-20 02:00:00,0,0,0
2017-09-20 03:00:00,1,0,1
2017-09-20 04:00:00,1,0,1
2017-09-20 05:00:00,7,5,2
2017-09-20 06:00:00,29,18,11
2017-09-20 07:00:00,69,41,28
2017-09-20 08:00:00,81,35,46
2017-09-20 09:00:00,7,3,4
2017-09-20 10:00:00,26,13,13
2017-09-20 11:00:00,25,18,7
2017-09-20 12:00:00,42,18,24
2017-09-20 13:00:00,34,17,17
2017-09-20 14:00:00,38,20,18
2017-09-20 15:00:00,46,12,34
2017-09-20 16:00:00,98,29,69
2017-09-20 17:00:00,144,48,96
2017-09-20 18:00:00,85,33,52
2017-09-20 19:00:00,20,7,13
2017-09-20 20:00:00,15,8,7
2017-09-20 21:00:00,14,8,6
2017-09-20 22:00:00,10,6,4
2017-09-20 23:00:00,4,3,1
2017-09-21 00:00:00,1,1,0
2017-09-21 01:00:00,1,0,1
2017-09-21 02:00:00,1,1,0
2017-09-21 03:00:00,0,0,0
2017-09-21 04:00:00,1,1,0
2017-09-21 05:00:00,7,5,2
2017-09-21 06:00:00,25,14,11
2017-09-21 07:00:00,58,32,26
2017-09-21 08:00:00,97,47,50
2017-09-21 09:00:00,57,25,32
2017-09-21 10:00:00,18,10,8
2017-09-21 11:00:00,26,15,11
2017-09-21 12:00:00,25,16,9
2017-09-21 13:00:00,36,18,18
2017-09-21 14:00:00,34,7,27
2017-09-21 15:00:00,45,13,32
2017-09-21 16:00:00,114,30,84
2017-09-21 17:00:00,150,56,94
2017-09-21 18:00:00,80,31,49
2017-09-21 19:00:00,26,14,12
2017-09-21 20:00:00,16,8,8
2017-09-21 21:00:00,12,4,8
2017-09-21 22:00:00,7,5,2
2017-09-21 23:00:00,7,2,5
2017-09-22 00:00:00,1,1,0
2017-09-22 01:00:00,0,0,0
2017-09-22 02:00:00,2,0,2
2017-09-22 03:00:00,0,0,0
2017-09-22 04:00:00,0,0,0
2017-09-22 05:00:00,4,3,1
2017-09-22 06:00:00,25,17,8
2017-09-22 07:00:00,69,34,35
2017-09-22 08:00:00,99,45,54
2017-09-22 09:00:00,66,27,39
2017-09-22 10:00:00,35,17,18
2017-09-22 11:00:00,28,12,16
2017-09-22 12:00:00,35,17,18
2017-09-22 13:00:00,60,27,33
2017-09-22 14:00:00,62,31,31
2017-09-22 15:00:00,71,29,42
2017-09-22 16:00:00,131,44,87
2017-09-22 17:00:00,125,33,92
2017-09-22 18:00:00,89,39,50
2017-09-22 19:00:00,33,11,22
2017-09-22 20:00:00,14,5,9
2017-09-22 21:00:00,12,6,6
2017-09-22 22:00:00,17,14,3
2017-09-22 23:00:00,3,2,1
2017-09-23 00:00:00,3,2,1
2017-09-23 01:00:00,1,0,1
2017-09-23 02:00:00,6,4,2
2017-09-23 03:00:00,1,1,0
2017-09-23 04:00:00,0,0,0
2017-09-23 05:00:00,2,2,0
2017-09-23 06:00:00,2,1,1
2017-09-23 07:00:00,9,5,4
2017-09-23 08:00:00,12,6,6
2017-09-23 09:00:00,15,6,9
2017-09-23 10:00:00,17,10,7
2017-09-23 11:00:00,20,8,12
2017-09-23 12:00:00,29,13,16
2017-09-23 13:00:00,42,18,24
2017-09-23 14:00:00,39,19,20
2017-09-23 15:00:00,20,9,11
2017-09-23 16:00:00,32,17,15
2017-09-23 17:00:00,37,16,21
2017-09-23 18:00:00,29,6,23
2017-09-23 19:00:00,22,9,13
2017-09-23 20:00:00,11,2,9
2017-09-23 21:00:00,13,9,4
2017-09-23 22:00:00,7,3,4
2017-09-23 23:00:00,31,24,7
2017-09-24 00:00:00,10,7,3
2017-09-24 01:00:00,0,0,0
2017-09-24 02:00:00,6,5,1
2017-09-24 03:00:00,1,1,0
2017-09-24 04:00:00,2,2,0
2017-09-24 05:00:00,3,1,2
2017-09-24 06:00:00,1,1,0
2017-09-24 07:00:00,4,3,1
2017-09-24 08:00:00,5,2,3
2017-09-24 09:00:00,13,6,7
2017-09-24 10:00:00,16,10,6
2017-09-24 11:00:00,19,6,13
2017-09-24 12:00:00,27,18,9
2017-09-24 13:00:00,33,17,16
2017-09-24 14:00:00,22,9,13
2017-09-24 15:00:00,17,8,9
2017-09-24 16:00:00,29,13,16
2017-09-24 17:00:00,24,10,14
2017-09-24 18:00:00,13,5,8
2017-09-24 19:00:00,11,9,2
2017-09-24 20:00:00,7,3,4
2017-09-24 21:00:00,4,1,3
2017-09-24 22:00:00,5,4,1
2017-09-24 23:00:00,1,1,0
2017-09-25 00:00:00,4,2,2
2017-09-25 01:00:00,0,0,0
2017-09-25 02:00:00,2,1,1
2017-09-25 03:00:00,0,0,0
2017-09-25 04:00:00,2,0,2
2017-09-25 05:00:00,9,6,3
2017-09-25 06:00:00,38,25,13
2017-09-25 07:00:00,67,32,35
2017-09-25 08:00:00,88,41,47
2017-09-25 09:00:00,59,35,24
2017-09-25 10:00:00,22,13,9
2017-09-25 11:00:00,28,15,13
2017-09-25 12:00:00,21,11,10
2017-09-25 13:00:00,15,6,9
2017-09-25 14:00:00,24,10,14
2017-09-25 15:00:00,46,12,34
2017-09-25 16:00:00,113,30,83
2017-09-25 17:00:00,155,52,103
2017-09-25 18:00:00,71,24,47
2017-09-25 19:00:00,28,15,13
2017-09-25 20:00:00,14,5,9
2017-09-25 21:00:00,6,4,2
2017-09-25 22:00:00,6,4,2
2017-09-25 23:00:00,1,1,0
2017-09-26 00:00:00,0,0,0
2017-09-26 01:00:00,1,0,1
2017-09-26 02:00:00,0,0,0
2017-09-26 03:00:00,1,0,1
2017-09-26 04:00:00,1,0,1
2017-09-26 05:00:00,4,4,0
2017-09-26 06:00:00,37,22,15
2017-09-26 07:00:00,95,45,50
2017-09-26 08:00:00,126,62,64
2017-09-26 09:00:00,69,37,32
2017-09-26 10:00:00,32,12,20
2017-09-26 11:00:00,34,22,12
2017-09-26 12:00:00,43,22,21
2017-09-26 13:00:00,40,22,18
2017-09-26 14:00:00,31,9,22
2017-09-26 15:00:00,68,19,49
2017-09-26 16:00:00,143,55,88
2017-09-26 17:00:00,202,71,131
2017-09-26 18:00:00,101,37,64
2017-09-26 19:00:00,39,15,24
2017-09-26 20:00:00,19,10,9
2017-09-26 21:00:00,13,7,6
2017-09-26 22:00:00,10,7,3
2017-09-26 23:00:00,8,2,6
2017-09-27 00:00:00,1,1,0
2017-09-27 01:00:00,0,0,0
2017-09-27 02:00:00,0,0,0
2017-09-27 03:00:00,0,0,0
2017-09-27 04:00:00,0,0,0
2017-09-27 05:00:00,5,5,0
2017-09-27 06:00:00,30,16,14
2017-09-27 07:00:00,84,38,46
2017-09-27 08:00:00,105,55,50
2017-09-27 09:00:00,93,45,48
2017-09-27 10:00:00,35,18,17
2017-09-27 11:00:00,39,23,16
2017-09-27 12:00:00,38,15,23
2017-09-27 13:00:00,37,14,23
2017-09-27 14:00:00,45,24,21
2017-09-27 15:00:00,73,20,53
2017-09-27 16:00:00,147,37,110
2017-09-27 17:00:00,208,66,142
2017-09-27 18:00:00,137,30,107
2017-09-27 19:00:00,66,32,34
2017-09-27 20:00:00,34,18,16
2017-09-27 21:00:00,48,43,5
2017-09-27 22:00:00,32,24,8
2017-09-27 23:00:00,3,3,0
2017-09-28 00:00:00,5,2,3
2017-09-28 01:00:00,2,2,0
2017-09-28 02:00:00,0,0,0
2017-09-28 03:00:00,2,1,1
2017-09-28 04:00:00,1,0,1
2017-09-28 05:00:00,7,5,2
2017-09-28 06:00:00,41,18,23
2017-09-28 07:00:00,95,45,50
2017-09-28 08:00:00,125,54,71
2017-09-28 09:00:00,77,30,47
2017-09-28 10:00:00,35,17,18
2017-09-28 11:00:00,31,12,19
2017-09-28 12:00:00,27,13,14
2017-09-28 13:00:00,48,28,20
2017-09-28 14:00:00,46,20,26
2017-09-28 15:00:00,77,24,53
2017-09-28 16:00:00,126,50,76
2017-09-28 17:00:00,221,77,144
2017-09-28 18:00:00,77,25,52
2017-09-28 19:00:00,40,19,21
2017-09-28 20:00:00,23,10,13
2017-09-28 21:00:00,16,8,8
2017-09-28 22:00:00,8,5,3
2017-09-28 23:00:00,3,1,2
2017-09-29 00:00:00,2,1,1
2017-09-29 01:00:00,0,0,0
2017-09-29 02:00:00,0,0,0
2017-09-29 03:00:00,1,1,0
2017-09-29 04:00:00,0,0,0
2017-09-29 05:00:00,4,4,0
2017-09-29 06:00:00,18,12,6
2017-09-29 07:00:00,55,27,28
2017-09-29 08:00:00,76,34,42
2017-09-29 09:00:00,56,28,28
2017-09-29 10:00:00,23,15,8
2017-09-29 11:00:00,26,17,9
2017-09-29 12:00:00,27,14,13
2017-09-29 13:00:00,39,17,22
2017-09-29 14:00:00,33,16,17
2017-09-29 15:00:00,58,14,44
2017-09-29 16:00:00,82,25,57
2017-09-29 17:00:00,129,49,80
2017-09-29 18:00:00,56,22,34
2017-09-29 19:00:00,22,9,13
2017-09-29 20:00:00,12,7,5
2017-09-29 21:00:00,6,3,3
2017-09-29 22:00:00,11,4,7
2017-09-29 23:00:00,3,2,1
2017-09-30 00:00:00,2,1,1
2017-09-30 01:00:00,2,2,0
2017-09-30 02:00:00,3,2,1
2017-09-30 03:00:00,1,1,0
2017-09-30 04:00:00,1,0,1
2017-09-30 05:00:00,0,0,0
2017-09-30 06:00:00,1,0,1
2017-09-30 07:00:00,5,2,3
2017-09-30 08:00:00,16,10,6
2017-09-30 09:00:00,7,1,6
2017-09-30 10:00:00,14,6,8
2017-09-30 11:00:00,17,12,5
2017-09-30 12:00:00,29,15,14
2017-09-30 13:00:00,26,17,9
2017-09-30 14:00:00,10,5,5
2017-09-30 15:00:00,16,8,8
2017-09-30 16:00:00,17,5,12
2017-09-30 17:00:00,16,9,7
2017-09-30 18:00:00,9,2,7
2017-09-30 19:00:00,14,9,5
2017-09-30 20:00:00,9,2,7
2017-09-30 21:00:00,8,3,5
2017-09-30 22:00:00,8,3,5
2017-09-30 23:00:00,11,8,3
2017-10-01 00:00:00,6,3,3
2017-10-01 01:00:00,0,0,0
2017-10-01 02:00:00,6,4,2
2017-10-01 03:00:00,1,1,0
2017-10-01 04:00:00,1,0,1
2017-10-01 05:00:00,1,1,0
2017-10-01 06:00:00,1,1,0
2017-10-01 07:00:00,1,1,0
2017-10-01 08:00:00,7,5,2
2017-10-01 09:00:00,8,4,4
2017-10-01 10:00:00,12,8,4
2017-10-01 11:00:00,5,2,3
2017-10-01 12:00:00,17,10,7
2017-10-01 13:00:00,14,8,6
2017-10-01 14:00:00,22,4,18
2017-10-01 15:00:00,36,16,20
2017-10-01 16:00:00,24,7,17
2017-10-01 17:00:00,23,9,14
2017-10-01 18:00:00,10,7,3
2017-10-01 19:00:00,15,5,10
2017-10-01 20:00:00,18,13,5
2017-10-01 21:00:00,27,18,9
2017-10-01 22:00:00,6,2,4
2017-10-01 23:00:00,4,3,1
2017-10-02 00:00:00,4,3,1
2017-10-02 01:00:00,1,0,1
2017-10-02 02:00:00,2,1,1
2017-10-02 03:00:00,1,1,0
2017-10-02 04:00:00,1,1,0
2017-10-02 05:00:00,8,6,2
2017-10-02 06:00:00,33,21,12
2017-10-02 07:00:00,69,39,30
2017-10-02 08:00:00,130,65,65
2017-10-02 09:00:00,61,36,25
2017-10-02 10:00:00,28,14,14
2017-10-02 11:00:00,32,16,16
2017-10-02 12:00:00,33,17,16
2017-10-02 13:00:00,24,10,14
2017-10-02 14:00:00,23,9,14
2017-10-02 15:00:00,45,11,34
2017-10-02 16:00:00,141,44,97
2017-10-02 17:00:00,158,50,108
2017-10-02 18:00:00,83,35,48
2017-10-02 19:00:00,33,11,22
2017-10-02 20:00:00,15,6,9
2017-10-02 21:00:00,6,4,2
2017-10-02 22:00:00,6,3,3
2017-10-02 23:00:00,2,2,0
2017-10-03 00:00:00,4,3,1
2017-10-03 01:00:00,2,0,2
2017-10-03 02:00:00,1,1,0
2017-10-03 03:00:00,1,1,0
2017-10-03 04:00:00,2,1,1
2017-10-03 05:00:00,7,4,3
2017-10-03 06:00:00,29,14,15
2017-10-03 07:00:00,93,53,40
2017-10-03 08:00:00,136,60,76
2017-10-03 09:00:00,69,35,34
2017-10-03 10:00:00,39,23,16
2017-10-03 11:00:00,40,22,18
2017-10-03 12:00:00,46,22,24
2017-10-03 13:00:00,39,18,21
2017-10-03 14:00:00,32,14,18
2017-10-03 15:00:00,72,21,51
2017-10-03 16:00:00,130,47,83
2017-10-03 17:00:00,212,66,146
2017-10-03 18:00:00,88,40,48
2017-10-03 19:00:00,38,14,24
2017-10-03 20:00:00,12,5,7
2017-10-03 21:00:00,12,3,9
2017-10-03 22:00:00,6,3,3
2017-10-03 23:00:00,6,2,4
2017-10-04 00:00:00,4,4,0
2017-10-04 01:00:00,0,0,0
2017-10-04 02:00:00,3,2,1
2017-10-04 03:00:00,1,1,0
2017-10-04 04:00:00,2,0,2
2017-10-04 05:00:00,7,6,1
2017-10-04 06:00:00,30,16,14
2017-10-04 07:00:00,87,46,41
2017-10-04 08:00:00,132,59,73
2017-10-04 09:00:00,75,35,40
2017-10-04 10:00:00,28,14,14
2017-10-04 11:00:00,29,16,13
2017-10-04 12:00:00,31,14,17
2017-10-04 13:00:00,24,8,16
2017-10-04 14:00:00,44,16,28
2017-10-04 15:00:00,56,15,41
2017-10-04 16:00:00,116,29,87
2017-10-04 17:00:00,179,66,113
2017-10-04 18:00:00,86,34,52
2017-10-04 19:00:00,34,19,15
2017-10-04 20:00:00,14,11,3
2017-10-04 21:00:00,10,5,5
2017-10-04 22:00:00,13,7,6
2017-10-04 23:00:00,4,1,3
2017-10-05 00:00:00,4,2,2
2017-10-05 01:00:00,1,1,0
2017-10-05 02:00:00,0,0,0
2017-10-05 03:00:00,0,0,0
2017-10-05 04:00:00,2,1,1
2017-10-05 05:00:00,10,9,1
2017-10-05 06:00:00,33,16,17
2017-10-05 07:00:00,69,35,34
2017-10-05 08:00:00,111,54,57
2017-10-05 09:00:00,77,31,46
2017-10-05 10:00:00,26,9,17
2017-10-05 11:00:00,29,16,13
2017-10-05 12:00:00,34,18,16
2017-10-05 13:00:00,29,16,13
2017-10-05 14:00:00,32,11,21
2017-10-05 15:00:00,53,19,34
2017-10-05 16:00:00,118,36,82
2017-10-05 17:00:00,167,58,109
2017-10-05 18:00:00,101,30,71
2017-10-05 19:00:00,39,20,19
2017-10-05 20:00:00,18,12,6
2017-10-05 21:00:00,20,13,7
2017-10-05 22:00:00,9,4,5
2017-10-05 23:00:00,5,2,3
2017-10-06 00:00:00,4,1,3
2017-10-06 01:00:00,0,0,0
2017-10-06 02:00:00,1,0,1
2017-10-06 03:00:00,0,0,0
2017-10-06 04:00:00,1,0,1
2017-10-06 05:00:00,7,5,2
2017-10-06 06:00:00,18,10,8
2017-10-06 07:00:00,66,39,27
2017-10-06 08:00:00,115,52,63
2017-10-06 09:00:00,56,30,26
2017-10-06 10:00:00,30,15,15
2017-10-06 11:00:00,33,20,13
2017-10-06 12:00:00,43,19,24
2017-10-06 13:00:00,35,13,22
2017-10-06 14:00:00,40,13,27
2017-10-06 15:00:00,74,29,45
2017-10-06 16:00:00,110,31,79
2017-10-06 17:00:00,125,45,80
2017-10-06 18:00:00,64,25,39
2017-10-06 19:00:00,29,12,17
2017-10-06 20:00:00,13,5,8
2017-10-06 21:00:00,6,3,3
2017-10-06 22:00:00,7,4,3
2017-10-06 23:00:00,3,1,2
2017-10-07 00:00:00,3,0,3
2017-10-07 01:00:00,6,1,5
2017-10-07 02:00:00,2,2,0
2017-10-07 03:00:00,0,0,0
2017-10-07 04:00:00,0,0,0
2017-10-07 05:00:00,2,1,1
2017-10-07 06:00:00,1,0,1
2017-10-07 07:00:00,2,2,0
2017-10-07 08:00:00,8,4,4
2017-10-07 09:00:00,9,4,5
2017-10-07 10:00:00,12,4,8
2017-10-07 11:00:00,15,9,6
2017-10-07 12:00:00,18,10,8
2017-10-07 13:00:00,18,11,7
2017-10-07 14:00:00,20,10,10
2017-10-07 15:00:00,16,6,10
2017-10-07 16:00:00,20,12,8
2017-10-07 17:00:00,16,12,4
2017-10-07 18:00:00,20,8,12
2017-10-07 19:00:00,5,3,2
2017-10-07 20:00:00,10,4,6
2017-10-07 21:00:00,1,1,0
2017-10-07 22:00:00,6,1,5
2017-10-07 23:00:00,3,2,1
2017-10-08 00:00:00,2,0,2
2017-10-08 01:00:00,2,1,1
2017-10-08 02:00:00,8,6,2
2017-10-08 03:00:00,0,0,0
2017-10-08 04:00:00,0,0,0
2017-10-08 05:00:00,1,0,1
2017-10-08 06:00:00,3,1,2
2017-10-08 07:00:00,4,2,2
2017-10-08 08:00:00,4,3,1
2017-10-08 09:00:00,5,1,4
2017-10-08 10:00:00,13,8,5
2017-10-08 11:00:00,15,5,10
2017-10-08 12:00:00,24,13,11
2017-10-08 13:00:00,7,3,4
2017-10-08 14:00:00,21,6,15
2017-10-08 15:00:00,19,10,9
2017-10-08 16:00:00,19,11,8
2017-10-08 17:00:00,21,8,13
2017-10-08 18:00:00,8,2,6
2017-10-08 19:00:00,11,5,6
2017-10-08 20:00:00,9,3,6
2017-10-08 21:00:00,2,1,1
2017-10-08 22:00:00,5,2,3
2017-10-08 23:00:00,0,0,0
2017-10-09 00:00:00,2,0,2
2017-10-09 01:00:00,2,1,1
2017-10-09 02:00:00,2,0,2
2017-10-09 03:00:00,1,1,0
2017-10-09 04:00:00,1,0,1
2017-10-09 05:00:00,10,7,3
2017-10-09 06:00:00,30,18,12
2017-10-09 07:00:00,73,45,28
2017-10-09 08:00:00,120,49,71
2017-10-09 09:00:00,81,41,40
2017-10-09 10:00:00,25,9,16
2017-10-09 11:00:00,33,21,12
2017-10-09 12:00:00,37,13,24
2017-10-09 13:00:00,28,18,10
2017-10-09 14:00:00,31,12,19
2017-10-09 15:00:00,47,12,35
2017-10-09 16:00:00,120,36,84
2017-10-09 17:00:00,192,69,123
2017-10-09 18:00:00,85,31,54
2017-10-09 19:00:00,24,10,14
2017-10-09 20:00:00,19,4,15
2017-10-09 21:00:00,7,3,4
2017-10-09 22:00:00,5,2,3
2017-10-09 23:00:00,1,0,1
2017-10-10 00:00:00,1,0,1
2017-10-10 01:00:00,3,1,2
2017-10-10 02:00:00,1,1,0
2017-10-10 03:00:00,0,0,0
2017-10-10 04:00:00,1,1,0
2017-10-10 05:00:00,9,7,2
2017-10-10 06:00:00,35,17,18
2017-10-10 07:00:00,60,34,26
2017-10-10 08:00:00,108,42,66
2017-10-10 09:00:00,64,28,36
2017-10-10 10:00:00,24,13,11
2017-10-10 11:00:00,18,13,5
2017-10-10 12:00:00,29,17,12
2017-10-10 13:00:00,25,13,12
2017-10-10 14:00:00,21,8,13
2017-10-10 15:00:00,42,12,30
2017-10-10 16:00:00,110,33,77
2017-10-10 17:00:00,144,46,98
2017-10-10 18:00:00,71,24,47
2017-10-10 19:00:00,27,13,14
2017-10-10 20:00:00,12,4,8
2017-10-10 21:00:00,6,2,4
2017-10-10 22:00:00,7,4,3
2017-10-10 23:00:00,3,1,2
2017-10-11 00:00:00,1,1,0
2017-10-11 01:00:00,0,0,0
2017-10-11 02:00:00,0,0,0
2017-10-11 03:00:00,0,0,0
2017-10-11 04:00:00,3,2,1
2017-10-11 05:00:00,10,8,2
2017-10-11 06:00:00,26,18,8
2017-10-11 07:00:00,60,33,27
2017-10-11 08:00:00,92,43,49
2017-10-11 09:00:00,71,36,35
2017-10-11 10:00:00,32,12,20
2017-10-11 11:00:00,23,14,9
2017-10-11 12:00:00,31,15,16
2017-10-11 13:00:00,31,15,16
2017-10-11 14:00:00,35,15,20
2017-10-11 15:00:00,50,13,37
2017-10-11 16:00:00,111,36,75
2017-10-11 17:00:00,144,52,92
2017-10-11 18:00:00,80,28,52
2017-10-11 19:00:00,27,12,15
2017-10-11 20:00:00,17,9,8
2017-10-11 21:00:00,8,5,3
2017-10-11 22:00:00,10,6,4
2017-10-11 23:00:00,3,0,3
2017-10-12 00:00:00,0,0,0
2017-10-12 01:00:00,0,0,0
2017-10-12 02:00:00,1,0,1
2017-10-12 03:00:00,0,0,0
2017-10-12 04:00:00,1,0,1
2017-10-12 05:00:00,9,8,1
2017-10-12 06:00:00,21,12,9
2017-10-12 07:00:00,49,28,21
2017-10-12 08:00:00,85,41,44
2017-10-12 09:00:00,51,24,27
2017-10-12 10:00:00,22,11,11
2017-10-12 11:00:00,24,14,10
2017-10-12 12:00:00,9,7,2
2017-10-12 13:00:00,24,14,10
2017-10-12 14:00:00,21,8,13
2017-10-12 15:00:00,36,11,25
2017-10-12 16:00:00,93,30,63
2017-10-12 17:00:00,112,29,83
2017-10-12 18:00:00,49,19,30
2017-10-12 19:00:00,26,9,17
2017-10-12 20:00:00,10,5,5
2017-10-12 21:00:00,7,4,3
2017-10-12 22:00:00,17,11,6
2017-10-12 23:00:00,3,2,1
2017-10-13 00:00:00,1,1,0
2017-10-13 01:00:00,3,2,1
2017-10-13 02:00:00,0,0,0
2017-10-13 03:00:00,0,0,0
2017-10-13 04:00:00,0,0,0
2017-10-13 05:00:00,12,9,3
2017-10-13 06:00:00,23,11,12
2017-10-13 07:00:00,57,32,25
2017-10-13 08:00:00,79,35,44
2017-10-13 09:00:00,51,23,28
2017-10-13 10:00:00,26,13,13
2017-10-13 11:00:00,24,15,9
2017-10-13 12:00:00,35,11,24
2017-10-13 13:00:00,29,11,18
2017-10-13 14:00:00,36,19,17
2017-10-13 15:00:00,59,12,47
2017-10-13 16:00:00,103,30,73
2017-10-13 17:00:00,114,42,72
2017-10-13 18:00:00,56,22,34
2017-10-13 19:00:00,16,7,9
2017-10-13 20:00:00,12,4,8
2017-10-13 21:00:00,5,3,2
2017-10-13 22:00:00,4,1,3
2017-10-13 23:00:00,3,2,1
2017-10-14 00:00:00,1,1,0
2017-10-14 01:00:00,4,3,1
2017-10-14 02:00:00,1,0,1
2017-10-14 03:00:00,1,1,0
2017-10-14 04:00:00,0,0,0
2017-10-14 05:00:00,2,1,1
2017-10-14 06:00:00,7,1,6
2017-10-14 07:00:00,7,3,4
2017-10-14 08:00:00,11,6,5
2017-10-14 09:00:00,20,8,12
2017-10-14 10:00:00,12,4,8
2017-10-14 11:00:00,27,16,11
2017-10-14 12:00:00,22,11,11
2017-10-14 13:00:00,19,10,9
2017-10-14 14:00:00,18,10,8
2017-10-14 15:00:00,26,11,15
2017-10-14 16:00:00,21,8,13
2017-10-14 17:00:00,12,4,8
2017-10-14 18:00:00,13,5,8
2017-10-14 19:00:00,7,4,3
2017-10-14 20:00:00,12,7,5
2017-10-14 21:00:00,5,4,1
2017-10-14 22:00:00,4,2,2
2017-10-14 23:00:00,3,1,2
2017-10-15 00:00:00,1,0,1
2017-10-15 01:00:00,2,0,2
2017-10-15 02:00:00,2,1,1
2017-10-15 03:00:00,0,0,0
2017-10-15 04:00:00,0,0,0
2017-10-15 05:00:00,2,1,1
2017-10-15 06:00:00,0,0,0
2017-10-15 07:00:00,1,1,0
2017-10-15 08:00:00,11,7,4
2017-10-15 09:00:00,9,7,2
2017-10-15 10:00:00,13,8,5
2017-10-15 11:00:00,14,6,8
2017-10-15 12:00:00,16,2,14
2017-10-15 13:00:00,25,9,16
2017-10-15 14:00:00,27,13,14
2017-10-15 15:00:00,41,18,23
2017-10-15 16:00:00,58,11,47
2017-10-15 17:00:00,19,9,10
2017-10-15 18:00:00,45,32,13
2017-10-15 19:00:00,12,9,3
2017-10-15 20:00:00,14,8,6
2017-10-15 21:00:00,6,5,1
2017-10-15 22:00:00,0,0,0
2017-10-15 23:00:00,1,1,0
2017-10-16 00:00:00,0,0,0
2017-10-16 01:00:00,0,0,0
2017-10-16 02:00:00,2,1,1
2017-10-16 03:00:00,0,0,0
2017-10-16 04:00:00,3,3,0
2017-10-16 05:00:00,10,8,2
2017-10-16 06:00:00,33,17,16
2017-10-16 07:00:00,80,45,35
2017-10-16 08:00:00,120,65,55
2017-10-16 09:00:00,73,41,32
2017-10-16 10:00:00,39,18,21
2017-10-16 11:00:00,24,14,10
2017-10-16 12:00:00,30,13,17
2017-10-16 13:00:00,22,10,12
2017-10-16 14:00:00,27,9,18
2017-10-16 15:00:00,69,24,45
2017-10-16 16:00:00,125,38,87
2017-10-16 17:00:00,175,50,125
2017-10-16 18:00:00,77,29,48
2017-10-16 19:00:00,29,16,13
2017-10-16 20:00:00,18,8,10
2017-10-16 21:00:00,9,4,5
2017-10-16 22:00:00,7,5,2
2017-10-16 23:00:00,1,1,0
2017-10-17 00:00:00,2,1,1
2017-10-17 01:00:00,1,1,0
2017-10-17 02:00:00,1,0,1
2017-10-17 03:00:00,0,0,0
2017-10-17 04:00:00,1,0,1
2017-10-17 05:00:00,10,6,4
2017-10-17 06:00:00,23,13,10
2017-10-17 07:00:00,66,37,29
2017-10-17 08:00:00,86,44,42
2017-10-17 09:00:00,44,17,27
2017-10-17 10:00:00,17,8,9
2017-10-17 11:00:00,23,14,9
2017-10-17 12:00:00,23,14,9
2017-10-17 13:00:00,14,8,6
2017-10-17 14:00:00,19,12,7
2017-10-17 15:00:00,42,15,27
2017-10-17 16:00:00,98,25,73
2017-10-17 17:00:00,115,29,86
2017-10-17 18:00:00,68,23,45
2017-10-17 19:00:00,23,13,10
2017-10-17 20:00:00,17,6,11
2017-10-17 21:00:00,10,7,3
2017-10-17 22:00:00,6,2,4
2017-10-17 23:00:00,3,2,1
2017-10-18 00:00:00,4,2,2
2017-10-18 01:00:00,1,0,1
2017-10-18 02:00:00,2,1,1
2017-10-18 03:00:00,0,0,0
2017-10-18 04:00:00,1,1,0
2017-10-18 05:00:00,8,7,1
2017-10-18 06:00:00,15,6,9
2017-10-18 07:00:00,55,34,21
2017-10-18 08:00:00,74,35,39
2017-10-18 09:00:00,48,20,28
2017-10-18 10:00:00,19,11,8
2017-10-18 11:00:00,15,9,6
2017-10-18 12:00:00,14,7,7
2017-10-18 13:00:00,22,8,14
2017-10-18 14:00:00,23,12,11
2017-10-18 15:00:00,31,5,26
2017-10-18 16:00:00,85,27,58
2017-10-18 17:00:00,95,36,59
2017-10-18 18:00:00,40,16,24
2017-10-18 19:00:00,16,6,10
2017-10-18 20:00:00,7,4,3
2017-10-18 21:00:00,3,1,2
2017-10-18 22:00:00,4,1,3
2017-10-18 23:00:00,1,1,0
2017-10-19 00:00:00,1,0,1
2017-10-19 01:00:00,0,0,0
2017-10-19 02:00:00,1,1,0
2017-10-19 03:00:00,0,0,0
2017-10-19 04:00:00,3,2,1
2017-10-19 05:00:00,6,4,2
2017-10-19 06:00:00,26,14,12
2017-10-19 07:00:00,34,15,19
2017-10-19 08:00:00,70,33,37
2017-10-19 09:00:00,39,17,22
2017-10-19 10:00:00,11,10,1
2017-10-19 11:00:00,24,13,11
2017-10-19 12:00:00,19,13,6
2017-10-19 13:00:00,22,14,8
2017-10-19 14:00:00,17,7,10
2017-10-19 15:00:00,27,5,22
2017-10-19 16:00:00,65,18,47
2017-10-19 17:00:00,75,31,44
2017-10-19 18:00:00,44,10,34
2017-10-19 19:00:00,21,7,14
2017-10-19 20:00:00,9,4,5
2017-10-19 21:00:00,5,2,3
2017-10-19 22:00:00,3,0,3
2017-10-19 23:00:00,3,3,0
2017-10-20 00:00:00,0,0,0
2017-10-20 01:00:00,2,2,0
2017-10-20 02:00:00,1,0,1
2017-10-20 03:00:00,0,0,0
2017-10-20 04:00:00,1,1,0
2017-10-20 05:00:00,6,4,2
2017-10-20 06:00:00,17,11,6
2017-10-20 07:00:00,36,21,15
2017-10-20 08:00:00,76,30,46
2017-10-20 09:00:00,36,17,19
2017-10-20 10:00:00,20,10,10
2017-10-20 11:00:00,31,16,15
2017-10-20 12:00:00,25,17,8
2017-10-20 13:00:00,20,9,11
2017-10-20 14:00:00,21,14,7
2017-10-20 15:00:00,49,18,31
2017-10-20 16:00:00,84,26,58
2017-10-20 17:00:00,81,26,55
2017-10-20 18:00:00,52,20,32
2017-10-20 19:00:00,28,9,19
2017-10-20 20:00:00,8,2,6
2017-10-20 21:00:00,4,1,3
2017-10-20 22:00:00,5,2,3
2017-10-20 23:00:00,5,3,2
2017-10-21 00:00:00,1,1,0
2017-10-21 01:00:00,2,2,0
2017-10-21 02:00:00,2,0,2
2017-10-21 03:00:00,2,0,2
2017-10-21 04:00:00,1,0,1
2017-10-21 05:00:00,2,2,0
2017-10-21 06:00:00,1,0,1
2017-10-21 07:00:00,3,2,1
2017-10-21 08:00:00,4,4,0
2017-10-21 09:00:00,8,3,5
2017-10-21 10:00:00,6,3,3
2017-10-21 11:00:00,10,6,4
2017-10-21 12:00:00,6,3,3
2017-10-21 13:00:00,4,2,2
2017-10-21 14:00:00,5,3,2
2017-10-21 15:00:00,9,6,3
2017-10-21 16:00:00,5,2,3
2017-10-21 17:00:00,4,2,2
2017-10-21 18:00:00,9,3,6
2017-10-21 19:00:00,8,2,6
2017-10-21 20:00:00,3,1,2
2017-10-21 21:00:00,3,3,0
2017-10-21 22:00:00,4,1,3
2017-10-21 23:00:00,1,0,1
2017-10-22 00:00:00,1,1,0
2017-10-22 01:00:00,0,0,0
2017-10-22 02:00:00,0,0,0
2017-10-22 03:00:00,2,1,1
2017-10-22 04:00:00,0,0,0
2017-10-22 05:00:00,2,1,1
2017-10-22 06:00:00,2,1,1
2017-10-22 07:00:00,2,1,1
2017-10-22 08:00:00,8,3,5
2017-10-22 09:00:00,5,0,5
2017-10-22 10:00:00,12,7,5
2017-10-22 11:00:00,19,9,10
2017-10-22 12:00:00,40,11,29
2017-10-22 13:00:00,24,4,20
2017-10-22 14:00:00,19,11,8
2017-10-22 15:00:00,30,16,14
2017-10-22 16:00:00,13,6,7
2017-10-22 17:00:00,24,14,10
2017-10-22 18:00:00,9,6,3
2017-10-22 19:00:00,7,4,3
2017-10-22 20:00:00,6,2,4
2017-10-22 21:00:00,9,5,4
2017-10-22 22:00:00,1,1,0
2017-10-22 23:00:00,7,2,5
2017-10-23 00:00:00,2,1,1
2017-10-23 01:00:00,1,1,0
2017-10-23 02:00:00,0,0,0
2017-10-23 03:00:00,0,0,0
2017-10-23 04:00:00,1,1,0
2017-10-23 05:00:00,9,8,1
2017-10-23 06:00:00,34,17,17
2017-10-23 07:00:00,69,31,38
2017-10-23 08:00:00,126,55,71
2017-10-23 09:00:00,67,29,38
2017-10-23 10:00:00,32,19,13
2017-10-23 11:00:00,26,19,7
2017-10-23 12:00:00,33,16,17
2017-10-23 13:00:00,31,19,12
2017-10-23 14:00:00,31,12,19
2017-10-23 15:00:00,53,20,33
2017-10-23 16:00:00,130,40,90
2017-10-23 17:00:00,163,48,115
2017-10-23 18:00:00,77,30,47
2017-10-23 19:00:00,25,10,15
2017-10-23 20:00:00,16,8,8
2017-10-23 21:00:00,10,3,7
2017-10-23 22:00:00,3,0,3
2017-10-23 23:00:00,5,4,1
2017-10-24 00:00:00,3,2,1
2017-10-24 01:00:00,1,1,0
2017-10-24 02:00:00,0,0,0
2017-10-24 03:00:00,1,1,0
2017-10-24 04:00:00,1,0,1
2017-10-24 05:00:00,9,8,1
2017-10-24 06:00:00,41,23,18
2017-10-24 07:00:00,80,44,36
2017-10-24 08:00:00,146,56,90
2017-10-24 09:00:00,81,33,48
2017-10-24 10:00:00,26,15,11
2017-10-24 11:00:00,36,16,20
2017-10-24 12:00:00,33,15,18
2017-10-24 13:00:00,32,13,19
2017-10-24 14:00:00,31,14,17
2017-10-24 15:00:00,60,26,34
2017-10-24 16:00:00,138,41,97
2017-10-24 17:00:00,189,62,127
2017-10-24 18:00:00,76,27,49
2017-10-24 19:00:00,38,14,24
2017-10-24 20:00:00,15,4,11
2017-10-24 21:00:00,10,2,8
2017-10-24 22:00:00,5,5,0
2017-10-24 23:00:00,4,3,1
2017-10-25 00:00:00,2,0,2
2017-10-25 01:00:00,1,1,0
2017-10-25 02:00:00,0,0,0
2017-10-25 03:00:00,1,1,0
2017-10-25 04:00:00,1,1,0
2017-10-25 05:00:00,12,9,3
2017-10-25 06:00:00,39,19,20
2017-10-25 07:00:00,69,40,29
2017-10-25 08:00:00,125,54,71
2017-10-25 09:00:00,67,26,41
2017-10-25 10:00:00,30,13,17
2017-10-25 11:00:00,24,15,9
2017-10-25 12:00:00,28,12,16
2017-10-25 13:00:00,29,13,16
2017-10-25 14:00:00,41,22,19
2017-10-25 15:00:00,65,18,47
2017-10-25 16:00:00,125,44,81
2017-10-25 17:00:00,161,49,112
2017-10-25 18:00:00,75,30,45
2017-10-25 19:00:00,22,8,14
2017-10-25 20:00:00,12,4,8
2017-10-25 21:00:00,15,3,12
2017-10-25 22:00:00,3,3,0
2017-10-25 23:00:00,6,3,3
2017-10-26 00:00:00,3,1,2
2017-10-26 01:00:00,2,1,1
2017-10-26 02:00:00,0,0,0
2017-10-26 03:00:00,1,1,0
2017-10-26 04:00:00,2,0,2
2017-10-26 05:00:00,10,6,4
2017-10-26 06:00:00,44,26,18
2017-10-26 07:00:00,73,38,35
2017-10-26 08:00:00,113,52,61
2017-10-26 09:00:00,65,26,39
2017-10-26 10:00:00,31,18,13
2017-10-26 11:00:00,25,15,10
2017-10-26 12:00:00,37,21,16
2017-10-26 13:00:00,30,14,16
2017-10-26 14:00:00,36,20,16
2017-10-26 15:00:00,47,13,34
2017-10-26 16:00:00,125,31,94
2017-10-26 17:00:00,150,53,97
2017-10-26 18:00:00,97,34,63
2017-10-26 19:00:00,28,14,14
2017-10-26 20:00:00,25,14,11
2017-10-26 21:00:00,12,4,8
2017-10-26 22:00:00,6,1,5
2017-10-26 23:00:00,2,1,1
2017-10-27 00:00:00,0,0,0
2017-10-27 01:00:00,3,2,1
2017-10-27 02:00:00,0,0,0
2017-10-27 03:00:00,2,1,1
2017-10-27 04:00:00,0,0,0
2017-10-27 05:00:00,13,10,3
2017-10-27 06:00:00,28,19,9
2017-10-27 07:00:00,58,31,27
2017-10-27 08:00:00,92,42,50
2017-10-27 09:00:00,64,33,31
2017-10-27 10:00:00,28,14,14
2017-10-27 11:00:00,36,19,17
2017-10-27 12:00:00,41,21,20
2017-10-27 13:00:00,38,15,23
2017-10-27 14:00:00,43,15,28
2017-10-27 15:00:00,87,31,56
2017-10-27 16:00:00,116,32,84
2017-10-27 17:00:00,136,54,82
2017-10-27 18:00:00,71,26,45
2017-10-27 19:00:00,22,10,12
2017-10-27 20:00:00,16,7,9
2017-10-27 21:00:00,10,4,6
2017-10-27 22:00:00,7,3,4
2017-10-27 23:00:00,4,2,2
2017-10-28 00:00:00,1,0,1
2017-10-28 01:00:00,2,1,1
2017-10-28 02:00:00,9,7,2
2017-10-28 03:00:00,1,1,0
2017-10-28 04:00:00,1,0,1
2017-10-28 05:00:00,5,2,3
2017-10-28 06:00:00,2,1,1
2017-10-28 07:00:00,6,5,1
2017-10-28 08:00:00,13,10,3
2017-10-28 09:00:00,7,2,5
2017-10-28 10:00:00,22,9,13
2017-10-28 11:00:00,17,9,8
2017-10-28 12:00:00,26,16,10
2017-10-28 13:00:00,21,11,10
2017-10-28 14:00:00,29,12,17
2017-10-28 15:00:00,20,10,10
2017-10-28 16:00:00,21,12,9
2017-10-28 17:00:00,15,7,8
2017-10-28 18:00:00,14,9,5
2017-10-28 19:00:00,12,5,7
2017-10-28 20:00:00,4,2,2
2017-10-28 21:00:00,12,6,6
2017-10-28 22:00:00,5,2,3
2017-10-28 23:00:00,9,3,6
2017-10-29 00:00:00,2,0,2
2017-10-29 01:00:00,3,1,2
2017-10-29 02:00:00,1,1,0
2017-10-29 03:00:00,1,1,0
2017-10-29 04:00:00,1,1,0
2017-10-29 05:00:00,2,1,1
2017-10-29 06:00:00,3,3,0
2017-10-29 07:00:00,5,1,4
2017-10-29 08:00:00,8,5,3
2017-10-29 09:00:00,4,1,3
2017-10-29 10:00:00,12,9,3
2017-10-29 11:00:00,16,4,12
2017-10-29 12:00:00,27,5,22
2017-10-29 13:00:00,16,7,9
2017-10-29 14:00:00,10,4,6
2017-10-29 15:00:00,13,5,8
2017-10-29 16:00:00,35,24,11
2017-10-29 17:00:00,28,14,14
2017-10-29 18:00:00,10,6,4
2017-10-29 19:00:00,11,7,4
2017-10-29 20:00:00,7,3,4
2017-10-29 21:00:00,6,3,3
2017-10-29 22:00:00,0,0,0
2017-10-29 23:00:00,0,0,0
2017-10-30 00:00:00,3,0,3
2017-10-30 01:00:00,1,0,1
2017-10-30 02:00:00,2,0,2
2017-10-30 03:00:00,1,1,0
2017-10-30 04:00:00,3,2,1
2017-10-30 05:00:00,12,8,4
2017-10-30 06:00:00,26,14,12
2017-10-30 07:00:00,79,37,42
2017-10-30 08:00:00,122,65,57
2017-10-30 09:00:00,77,35,42
2017-10-30 10:00:00,28,14,14
2017-10-30 11:00:00,26,16,10
2017-10-30 12:00:00,9,6,3
2017-10-30 13:00:00,19,7,12
2017-10-30 14:00:00,28,13,15
2017-10-30 15:00:00,71,17,54
2017-10-30 16:00:00,117,35,82
2017-10-30 17:00:00,164,60,104
2017-10-30 18:00:00,69,20,49
2017-10-30 19:00:00,28,11,17
2017-10-30 20:00:00,17,9,8
2017-10-30 21:00:00,7,3,4
2017-10-30 22:00:00,5,1,4
2017-10-30 23:00:00,2,0,2
2017-10-31 00:00:00,1,0,1
2017-10-31 01:00:00,2,1,1
2017-10-31 02:00:00,0,0,0
2017-10-31 03:00:00,1,1,0
2017-10-31 04:00:00,2,1,1
2017-10-31 05:00:00,15,9,6
2017-10-31 06:00:00,33,21,12
2017-10-31 07:00:00,78,41,37
2017-10-31 08:00:00,126,54,72
2017-10-31 09:00:00,65,32,33
2017-10-31 10:00:00,29,18,11
2017-10-31 11:00:00,16,10,6
2017-10-31 12:00:00,16,11,5
2017-10-31 13:00:00,15,5,10
2017-10-31 14:00:00,36,18,18
2017-10-31 15:00:00,63,18,45
2017-10-31 16:00:00,159,54,105
2017-10-31 17:00:00,158,52,106
2017-10-31 18:00:00,51,19,32
2017-10-31 19:00:00,25,8,17
2017-10-31 20:00:00,9,4,5
2017-10-31 21:00:00,7,7,0
2017-10-31 22:00:00,9,3,6
2017-10-31 23:00:00,3,1,2
2017-11-01 00:00:00,3,3,0
2017-11-01 01:00:00,4,2,2
2017-11-01 02:00:00,3,1,2
2017-11-01 03:00:00,2,1,1
2017-11-01 04:00:00,2,1,1
2017-11-01 05:00:00,9,7,2
2017-11-01 06:00:00,33,20,13
2017-11-01 07:00:00,58,28,30
2017-11-01 08:00:00,99,56,43
2017-11-01 09:00:00,65,28,37
2017-11-01 10:00:00,23,7,16
2017-11-01 11:00:00,31,17,14
2017-11-01 12:00:00,17,8,9
2017-11-01 13:00:00,16,11,5
2017-11-01 14:00:00,33,16,17
2017-11-01 15:00:00,48,13,35
2017-11-01 16:00:00,76,21,55
2017-11-01 17:00:00,144,46,98
2017-11-01 18:00:00,61,19,42
2017-11-01 19:00:00,28,14,14
2017-11-01 20:00:00,13,4,9
2017-11-01 21:00:00,6,5,1
2017-11-01 22:00:00,4,0,4
2017-11-01 23:00:00,7,3,4
2017-11-02 00:00:00,2,2,0
2017-11-02 01:00:00,0,0,0
2017-11-02 02:00:00,0,0,0
2017-11-02 03:00:00,3,1,2
2017-11-02 04:00:00,1,0,1
2017-11-02 05:00:00,9,5,4
2017-11-02 06:00:00,25,17,8
2017-11-02 07:00:00,45,21,24
2017-11-02 08:00:00,89,39,50
2017-11-02 09:00:00,52,24,28
2017-11-02 10:00:00,24,9,15
2017-11-02 11:00:00,27,18,9
2017-11-02 12:00:00,21,11,10
2017-11-02 13:00:00,23,8,15
2017-11-02 14:00:00,34,11,23
2017-11-02 15:00:00,33,10,23
2017-11-02 16:00:00,77,24,53
2017-11-02 17:00:00,148,33,115
2017-11-02 18:00:00,77,16,61
2017-11-02 19:00:00,42,11,31
2017-11-02 20:00:00,17,12,5
2017-11-02 21:00:00,20,11,9
2017-11-02 22:00:00,14,12,2
2017-11-02 23:00:00,7,3,4
2017-11-03 00:00:00,4,2,2
2017-11-03 01:00:00,1,1,0
2017-11-03 02:00:00,1,1,0
2017-11-03 03:00:00,1,0,1
2017-11-03 04:00:00,1,1,0
2017-11-03 05:00:00,4,3,1
2017-11-03 06:00:00,19,11,8
2017-11-03 07:00:00,41,22,19
2017-11-03 08:00:00,66,29,37
2017-11-03 09:00:00,42,19,23
2017-11-03 10:00:00,21,10,11
2017-11-03 11:00:00,21,10,11
2017-11-03 12:00:00,19,9,10
2017-11-03 13:00:00,16,9,7
2017-11-03 14:00:00,17,5,12
2017-11-03 15:00:00,35,14,21
2017-11-03 16:00:00,63,20,43
2017-11-03 17:00:00,82,24,58
2017-11-03 18:00:00,36,12,24
2017-11-03 19:00:00,15,7,8
2017-11-03 20:00:00,1,0,1
2017-11-03 21:00:00,2,0,2
2017-11-03 22:00:00,2,0,2
2017-11-03 23:00:00,1,0,1
2017-11-04 00:00:00,2,0,2
2017-11-04 01:00:00,3,2,1
2017-11-04 02:00:00,1,0,1
2017-11-04 03:00:00,1,0,1
2017-11-04 04:00:00,0,0,0
2017-11-04 05:00:00,2,1,1
2017-11-04 06:00:00,2,0,2
2017-11-04 07:00:00,2,1,1
2017-11-04 08:00:00,5,4,1
2017-11-04 09:00:00,6,4,2
2017-11-04 10:00:00,7,3,4
2017-11-04 11:00:00,13,4,9
2017-11-04 12:00:00,10,8,2
2017-11-04 13:00:00,14,5,9
2017-11-04 14:00:00,18,15,3
2017-11-04 15:00:00,19,8,11
2017-11-04 16:00:00,11,3,8
2017-11-04 17:00:00,9,5,4
2017-11-04 18:00:00,11,5,6
2017-11-04 19:00:00,4,2,2
2017-11-04 20:00:00,2,1,1
2017-11-04 21:00:00,3,1,2
2017-11-04 22:00:00,5,2,3
2017-11-04 23:00:00,3,0,3
2017-11-05 00:00:00,3,0,3
2017-11-05 01:00:00,2,2,0
2017-11-05 02:00:00,0,0,0
2017-11-05 03:00:00,0,0,0
2017-11-05 04:00:00,0,0,0
2017-11-05 05:00:00,1,0,1
2017-11-05 06:00:00,2,1,1
2017-11-05 07:00:00,3,1,2
2017-11-05 08:00:00,6,4,2
2017-11-05 09:00:00,2,1,1
2017-11-05 10:00:00,13,7,6
2017-11-05 11:00:00,8,1,7
2017-11-05 12:00:00,12,4,8
2017-11-05 13:00:00,12,4,8
2017-11-05 14:00:00,3,2,1
2017-11-05 15:00:00,7,2,5
2017-11-05 16:00:00,12,10,2
2017-11-05 17:00:00,21,15,6
2017-11-05 18:00:00,6,3,3
2017-11-05 19:00:00,4,1,3
2017-11-05 20:00:00,5,4,1
2017-11-05 21:00:00,5,0,5
2017-11-05 22:00:00,0,0,0
2017-11-05 23:00:00,0,0,0
2017-11-06 00:00:00,4,2,2
2017-11-06 01:00:00,0,0,0
2017-11-06 02:00:00,0,0,0
2017-11-06 03:00:00,1,1,0
2017-11-06 04:00:00,1,0,1
2017-11-06 05:00:00,14,8,6
2017-11-06 06:00:00,28,16,12
2017-11-06 07:00:00,62,29,33
2017-11-06 08:00:00,96,46,50
2017-11-06 09:00:00,44,22,22
2017-11-06 10:00:00,23,14,9
2017-11-06 11:00:00,26,16,10
2017-11-06 12:00:00,28,19,9
2017-11-06 13:00:00,30,15,15
2017-11-06 14:00:00,32,14,18
2017-11-06 15:00:00,41,12,29
2017-11-06 16:00:00,98,30,68
2017-11-06 17:00:00,128,33,95
2017-11-06 18:00:00,59,18,41
2017-11-06 19:00:00,18,8,10
2017-11-06 20:00:00,11,6,5
2017-11-06 21:00:00,5,3,2
2017-11-06 22:00:00,6,4,2
2017-11-06 23:00:00,3,1,2
2017-11-07 00:00:00,0,0,0
2017-11-07 01:00:00,0,0,0
2017-11-07 02:00:00,2,2,0
2017-11-07 03:00:00,0,0,0
2017-11-07 04:00:00,0,0,0
2017-11-07 05:00:00,1,1,0
2017-11-07 06:00:00,48,26,22
2017-11-07 07:00:00,75,34,41
2017-11-07 08:00:00,83,33,50
2017-11-07 09:00:00,61,28,33
2017-11-07 10:00:00,23,14,9
2017-11-07 11:00:00,16,9,7
2017-11-07 12:00:00,19,9,10
2017-11-07 13:00:00,27,16,11
2017-11-07 14:00:00,22,9,13
2017-11-07 15:00:00,46,14,32
2017-11-07 16:00:00,111,29,82
2017-11-07 17:00:00,145,46,99
2017-11-07 18:00:00,64,23,41
2017-11-07 19:00:00,23,11,12
2017-11-07 20:00:00,7,4,3
2017-11-07 21:00:00,13,7,6
2017-11-07 22:00:00,3,3,0
2017-11-07 23:00:00,7,4,3
2017-11-08 00:00:00,3,1,2
2017-11-08 01:00:00,1,0,1
2017-11-08 02:00:00,1,0,1
2017-11-08 03:00:00,1,1,0
2017-11-08 04:00:00,3,0,3
2017-11-08 05:00:00,9,5,4
2017-11-08 06:00:00,27,13,14
2017-11-08 07:00:00,63,32,31
2017-11-08 08:00:00,94,48,46
2017-11-08 09:00:00,67,34,33
2017-11-08 10:00:00,29,17,12
2017-11-08 11:00:00,24,15,9
2017-11-08 12:00:00,25,11,14
2017-11-08 13:00:00,26,13,13
2017-11-08 14:00:00,28,11,17
2017-11-08 15:00:00,37,9,28
2017-11-08 16:00:00,90,24,66
2017-11-08 17:00:00,102,31,71
2017-11-08 18:00:00,50,18,32
2017-11-08 19:00:00,15,5,10
2017-11-08 20:00:00,8,2,6
2017-11-08 21:00:00,7,3,4
2017-11-08 22:00:00,2,0,2
2017-11-08 23:00:00,0,0,0
2017-11-09 00:00:00,5,2,3
2017-11-09 01:00:00,1,1,0
2017-11-09 02:00:00,1,1,0
2017-11-09 03:00:00,0,0,0
2017-11-09 04:00:00,1,0,1
2017-11-09 05:00:00,10,5,5
2017-11-09 06:00:00,20,10,10
2017-11-09 07:00:00,38,22,16
2017-11-09 08:00:00,64,27,37
2017-11-09 09:00:00,41,20,21
2017-11-09 10:00:00,16,9,7
2017-11-09 11:00:00,17,11,6
2017-11-09 12:00:00,10,4,6
2017-11-09 13:00:00,17,6,11
2017-11-09 14:00:00,16,7,9
2017-11-09 15:00:00,38,8,30
2017-11-09 16:00:00,70,23,47
2017-11-09 17:00:00,80,30,50
2017-11-09 18:00:00,44,12,32
2017-11-09 19:00:00,12,5,7
2017-11-09 20:00:00,10,7,3
2017-11-09 21:00:00,9,6,3
2017-11-09 22:00:00,3,1,2
2017-11-09 23:00:00,6,2,4
2017-11-10 00:00:00,1,0,1
2017-11-10 01:00:00,0,0,0
2017-11-10 02:00:00,1,0,1
2017-11-10 03:00:00,0,0,0
2017-11-10 04:00:00,1,0,1
2017-11-10 05:00:00,12,5,7
2017-11-10 06:00:00,29,19,10
2017-11-10 07:00:00,51,31,20
2017-11-10 08:00:00,60,32,28
2017-11-10 09:00:00,47,25,22
2017-11-10 10:00:00,33,15,18
2017-11-10 11:00:00,29,18,11
2017-11-10 12:00:00,22,10,12
2017-11-10 13:00:00,44,23,21
2017-11-10 14:00:00,34,13,21
2017-11-10 15:00:00,53,20,33
2017-11-10 16:00:00,83,25,58
2017-11-10 17:00:00,97,29,68
2017-11-10 18:00:00,60,22,38
2017-11-10 19:00:00,21,5,16
2017-11-10 20:00:00,7,2,5
2017-11-10 21:00:00,5,1,4
2017-11-10 22:00:00,3,1,2
2017-11-10 23:00:00,6,2,4
2017-11-11 00:00:00,1,1,0
2017-11-11 01:00:00,1,0,1
2017-11-11 02:00:00,0,0,0
2017-11-11 03:00:00,0,0,0
2017-11-11 04:00:00,0,0,0
2017-11-11 05:00:00,3,2,1
2017-11-11 06:00:00,3,2,1
2017-11-11 07:00:00,4,3,1
2017-11-11 08:00:00,6,4,2
2017-11-11 09:00:00,5,3,2
2017-11-11 10:00:00,8,4,4
2017-11-11 11:00:00,5,2,3
2017-11-11 12:00:00,4,3,1
2017-11-11 13:00:00,7,3,4
2017-11-11 14:00:00,15,4,11
2017-11-11 15:00:00,6,1,5
2017-11-11 16:00:00,1,0,1
2017-11-11 17:00:00,6,3,3
2017-11-11 18:00:00,5,2,3
2017-11-11 19:00:00,1,1,0
2017-11-11 20:00:00,1,1,0
2017-11-11 21:00:00,0,0,0
2017-11-11 22:00:00,4,2,2
2017-11-11 23:00:00,1,0,1
2017-11-12 00:00:00,0,0,0
2017-11-12 01:00:00,0,0,0
2017-11-12 02:00:00,2,1,1
2017-11-12 03:00:00,1,1,0
2017-11-12 04:00:00,1,0,1
2017-11-12 05:00:00,1,0,1
2017-11-12 06:00:00,2,0,2
2017-11-12 07:00:00,3,2,1
2017-11-12 08:00:00,6,4,2
2017-11-12 09:00:00,7,3,4
2017-11-12 10:00:00,10,6,4
2017-11-12 11:00:00,12,6,6
2017-11-12 12:00:00,6,4,2
2017-11-12 13:00:00,17,11,6
2017-11-12 14:00:00,6,4,2
2017-11-12 15:00:00,7,3,4
2017-11-12 16:00:00,6,2,4
2017-11-12 17:00:00,6,4,2
2017-11-12 18:00:00,5,1,4
2017-11-12 19:00:00,6,2,4
2017-11-12 20:00:00,0,0,0
2017-11-12 21:00:00,3,2,1
2017-11-12 22:00:00,4,1,3
2017-11-12 23:00:00,0,0,0
2017-11-13 00:00:00,2,0,2
2017-11-13 01:00:00,2,1,1
2017-11-13 02:00:00,1,1,0
2017-11-13 03:00:00,0,0,0
2017-11-13 04:00:00,3,2,1
2017-11-13 05:00:00,5,4,1
2017-11-13 06:00:00,16,7,9
2017-11-13 07:00:00,32,19,13
2017-11-13 08:00:00,72,35,37
2017-11-13 09:00:00,41,20,21
2017-11-13 10:00:00,28,10,18
2017-11-13 11:00:00,16,11,5
2017-11-13 12:00:00,21,14,7
2017-11-13 13:00:00,16,9,7
2017-11-13 14:00:00,21,11,10
2017-11-13 15:00:00,28,7,21
2017-11-13 16:00:00,35,12,23
2017-11-13 17:00:00,57,19,38
2017-11-13 18:00:00,42,15,27
2017-11-13 19:00:00,6,3,3
2017-11-13 20:00:00,6,3,3
2017-11-13 21:00:00,2,1,1
2017-11-13 22:00:00,5,0,5
2017-11-13 23:00:00,3,1,2
2017-11-14 00:00:00,1,1,0
2017-11-14 01:00:00,1,1,0
2017-11-14 02:00:00,3,2,1
2017-11-14 03:00:00,0,0,0
2017-11-14 04:00:00,1,0,1
2017-11-14 05:00:00,10,5,5
2017-11-14 06:00:00,20,10,10
2017-11-14 07:00:00,40,24,16
2017-11-14 08:00:00,75,30,45
2017-11-14 09:00:00,38,20,18
2017-11-14 10:00:00,20,6,14
2017-11-14 11:00:00,25,16,9
2017-11-14 12:00:00,23,11,12
2017-11-14 13:00:00,20,11,9
2017-11-14 14:00:00,25,10,15
2017-11-14 15:00:00,36,12,24
2017-11-14 16:00:00,72,27,45
2017-11-14 17:00:00,109,34,75
2017-11-14 18:00:00,46,19,27
2017-11-14 19:00:00,34,17,17
2017-11-14 20:00:00,2,0,2
2017-11-14 21:00:00,5,2,3
2017-11-14 22:00:00,8,3,5
2017-11-14 23:00:00,1,1,0
2017-11-15 00:00:00,2,2,0
2017-11-15 01:00:00,0,0,0
2017-11-15 02:00:00,1,1,0
2017-11-15 03:00:00,0,0,0
2017-11-15 04:00:00,2,1,1
2017-11-15 05:00:00,9,6,3
2017-11-15 06:00:00,25,13,12
2017-11-15 07:00:00,43,21,22
2017-11-15 08:00:00,63,27,36
2017-11-15 09:00:00,39,21,18
2017-11-15 10:00:00,13,6,7
2017-11-15 11:00:00,19,7,12
2017-11-15 12:00:00,19,12,7
2017-11-15 13:00:00,23,9,14
2017-11-15 14:00:00,18,6,12
2017-11-15 15:00:00,38,10,28
2017-11-15 16:00:00,71,17,54
2017-11-15 17:00:00,99,34,65
2017-11-15 18:00:00,55,24,31
2017-11-15 19:00:00,19,12,7
2017-11-15 20:00:00,8,5,3
2017-11-15 21:00:00,5,2,3
2017-11-15 22:00:00,7,3,4
2017-11-15 23:00:00,2,1,1
2017-11-16 00:00:00,3,1,2
2017-11-16 01:00:00,0,0,0
2017-11-16 02:00:00,0,0,0
2017-11-16 03:00:00,1,1,0
2017-11-16 04:00:00,2,1,1
2017-11-16 05:00:00,12,7,5
2017-11-16 06:00:00,21,12,9
2017-11-16 07:00:00,36,17,19
2017-11-16 08:00:00,87,40,47
2017-11-16 09:00:00,50,19,31
2017-11-16 10:00:00,31,15,16
2017-11-16 11:00:00,30,17,13
2017-11-16 12:00:00,17,9,8
2017-11-16 13:00:00,15,11,4
2017-11-16 14:00:00,14,9,5
2017-11-16 15:00:00,43,15,28
2017-11-16 16:00:00,72,23,49
2017-11-16 17:00:00,117,37,80
2017-11-16 18:00:00,67,21,46
2017-11-16 19:00:00,26,13,13
2017-11-16 20:00:00,5,3,2
2017-11-16 21:00:00,6,3,3
2017-11-16 22:00:00,4,3,1
2017-11-16 23:00:00,2,1,1
2017-11-17 00:00:00,2,2,0
2017-11-17 01:00:00,1,1,0
2017-11-17 02:00:00,1,0,1
2017-11-17 03:00:00,0,0,0
2017-11-17 04:00:00,1,1,0
2017-11-17 05:00:00,12,6,6
2017-11-17 06:00:00,20,12,8
2017-11-17 07:00:00,47,25,22
2017-11-17 08:00:00,95,44,51
2017-11-17 09:00:00,47,23,24
2017-11-17 10:00:00,30,18,12
2017-11-17 11:00:00,25,14,11
2017-11-17 12:00:00,27,15,12
2017-11-17 13:00:00,27,9,18
2017-11-17 14:00:00,38,17,21
2017-11-17 15:00:00,58,16,42
2017-11-17 16:00:00,87,29,58
2017-11-17 17:00:00,104,43,61
2017-11-17 18:00:00,43,15,28
2017-11-17 19:00:00,27,11,16
2017-11-17 20:00:00,11,8,3
2017-11-17 21:00:00,5,3,2
2017-11-17 22:00:00,5,0,5
2017-11-17 23:00:00,7,2,5
2017-11-18 00:00:00,1,1,0
2017-11-18 01:00:00,0,0,0
2017-11-18 02:00:00,1,1,0
2017-11-18 03:00:00,1,0,1
2017-11-18 04:00:00,0,0,0
2017-11-18 05:00:00,4,2,2
2017-11-18 06:00:00,3,1,2
2017-11-18 07:00:00,6,3,3
2017-11-18 08:00:00,10,6,4
2017-11-18 09:00:00,18,7,11
2017-11-18 10:00:00,32,5,27
2017-11-18 11:00:00,39,26,13
2017-11-18 12:00:00,26,10,16
2017-11-18 13:00:00,26,9,17
2017-11-18 14:00:00,26,13,13
2017-11-18 15:00:00,27,13,14
2017-11-18 16:00:00,22,14,8
2017-11-18 17:00:00,14,9,5
2017-11-18 18:00:00,15,5,10
2017-11-18 19:00:00,10,2,8
2017-11-18 20:00:00,8,4,4
2017-11-18 21:00:00,2,1,1
2017-11-18 22:00:00,4,2,2
2017-11-18 23:00:00,2,2,0
2017-11-19 00:00:00,3,1,2
2017-11-19 01:00:00,6,3,3
2017-11-19 02:00:00,1,0,1
2017-11-19 03:00:00,0,0,0
2017-11-19 04:00:00,0,0,0
2017-11-19 05:00:00,2,0,2
2017-11-19 06:00:00,1,0,1
2017-11-19 07:00:00,3,1,2
2017-11-19 08:00:00,6,2,4
2017-11-19 09:00:00,6,2,4
2017-11-19 10:00:00,5,4,1
2017-11-19 11:00:00,8,5,3
2017-11-19 12:00:00,4,3,1
2017-11-19 13:00:00,10,8,2
2017-11-19 14:00:00,5,3,2
2017-11-19 15:00:00,8,4,4
2017-11-19 16:00:00,8,3,5
2017-11-19 17:00:00,2,1,1
2017-11-19 18:00:00,4,2,2
2017-11-19 19:00:00,2,1,1
2017-11-19 20:00:00,1,1,0
2017-11-19 21:00:00,0,0,0
2017-11-19 22:00:00,0,0,0
2017-11-19 23:00:00,0,0,0
2017-11-20 00:00:00,1,1,0
2017-11-20 01:00:00,0,0,0
2017-11-20 02:00:00,1,1,0
2017-11-20 03:00:00,0,0,0
2017-11-20 04:00:00,2,1,1
2017-11-20 05:00:00,10,7,3
2017-11-20 06:00:00,23,13,10
2017-11-20 07:00:00,27,16,11
2017-11-20 08:00:00,47,21,26
2017-11-20 09:00:00,34,23,11
2017-11-20 10:00:00,24,9,15
2017-11-20 11:00:00,17,10,7
2017-11-20 12:00:00,18,9,9
2017-11-20 13:00:00,19,13,6
2017-11-20 14:00:00,30,8,22
2017-11-20 15:00:00,39,13,26
2017-11-20 16:00:00,105,30,75
2017-11-20 17:00:00,95,24,71
2017-11-20 18:00:00,46,16,30
2017-11-20 19:00:00,16,6,10
2017-11-20 20:00:00,15,5,10
2017-11-20 21:00:00,35,21,14
2017-11-20 22:00:00,3,1,2
2017-11-20 23:00:00,3,2,1
2017-11-21 00:00:00,1,1,0
2017-11-21 01:00:00,2,2,0
2017-11-21 02:00:00,1,1,0
2017-11-21 03:00:00,0,0,0
2017-11-21 04:00:00,1,1,0
2017-11-21 05:00:00,8,5,3
2017-11-21 06:00:00,18,11,7
2017-11-21 07:00:00,30,16,14
2017-11-21 08:00:00,51,23,28
2017-11-21 09:00:00,35,17,18
2017-11-21 10:00:00,18,9,9
2017-11-21 11:00:00,13,5,8
2017-11-21 12:00:00,11,5,6
2017-11-21 13:00:00,15,8,7
2017-11-21 14:00:00,18,6,12
2017-11-21 15:00:00,33,9,24
2017-11-21 16:00:00,53,16,37
2017-11-21 17:00:00,84,27,57
2017-11-21 18:00:00,27,13,14
2017-11-21 19:00:00,10,5,5
2017-11-21 20:00:00,4,2,2
2017-11-21 21:00:00,2,1,1
2017-11-21 22:00:00,3,2,1
2017-11-21 23:00:00,2,2,0
2017-11-22 00:00:00,2,0,2
2017-11-22 01:00:00,1,1,0
2017-11-22 02:00:00,2,1,1
2017-11-22 03:00:00,1,0,1
2017-11-22 04:00:00,2,1,1
2017-11-22 05:00:00,6,4,2
2017-11-22 06:00:00,20,12,8
2017-11-22 07:00:00,30,17,13
2017-11-22 08:00:00,48,24,24
2017-11-22 09:00:00,31,15,16
2017-11-22 10:00:00,17,9,8
2017-11-22 11:00:00,20,10,10
2017-11-22 12:00:00,20,8,12
2017-11-22 13:00:00,21,14,7
2017-11-22 14:00:00,36,12,24
2017-11-22 15:00:00,53,16,37
2017-11-22 16:00:00,69,22,47
2017-11-22 17:00:00,51,23,28
2017-11-22 18:00:00,31,14,17
2017-11-22 19:00:00,16,3,13
2017-11-22 20:00:00,13,6,7
2017-11-22 21:00:00,2,2,0
2017-11-22 22:00:00,1,0,1
2017-11-22 23:00:00,3,1,2
2017-11-23 00:00:00,0,0,0
2017-11-23 01:00:00,3,2,1
2017-11-23 02:00:00,2,2,0
2017-11-23 03:00:00,3,2,1
2017-11-23 04:00:00,0,0,0
2017-11-23 05:00:00,0,0,0
2017-11-23 06:00:00,2,1,1
2017-11-23 07:00:00,3,3,0
2017-11-23 08:00:00,6,3,3
2017-11-23 09:00:00,1,1,0
2017-11-23 10:00:00,5,1,4
2017-11-23 11:00:00,3,3,0
2017-11-23 12:00:00,8,3,5
2017-11-23 13:00:00,4,3,1
2017-11-23 14:00:00,1,1,0
2017-11-23 15:00:00,8,5,3
2017-11-23 16:00:00,3,2,1
2017-11-23 17:00:00,5,5,0
2017-11-23 18:00:00,1,1,0
2017-11-23 19:00:00,1,1,0
2017-11-23 20:00:00,4,3,1
2017-11-23 21:00:00,10,4,6
2017-11-23 22:00:00,0,0,0
2017-11-23 23:00:00,3,2,1
2017-11-24 00:00:00,0,0,0
2017-11-24 01:00:00,3,1,2
2017-11-24 02:00:00,3,2,1
2017-11-24 03:00:00,0,0,0
2017-11-24 04:00:00,1,1,0
2017-11-24 05:00:00,1,1,0
2017-11-24 06:00:00,4,1,3
2017-11-24 07:00:00,9,5,4
2017-11-24 08:00:00,12,7,5
2017-11-24 09:00:00,8,6,2
2017-11-24 10:00:00,11,9,2
2017-11-24 11:00:00,15,11,4
2017-11-24 12:00:00,15,7,8
2017-11-24 13:00:00,13,8,5
2017-11-24 14:00:00,22,14,8
2017-11-24 15:00:00,16,6,10
2017-11-24 16:00:00,15,7,8
2017-11-24 17:00:00,14,4,10
2017-11-24 18:00:00,6,4,2
2017-11-24 19:00:00,9,4,5
2017-11-24 20:00:00,4,2,2
2017-11-24 21:00:00,5,1,4
2017-11-24 22:00:00,6,3,3
2017-11-24 23:00:00,7,2,5
2017-11-25 00:00:00,0,0,0
2017-11-25 01:00:00,3,1,2
2017-11-25 02:00:00,0,0,0
2017-11-25 03:00:00,1,1,0
2017-11-25 04:00:00,0,0,0
2017-11-25 05:00:00,3,0,3
2017-11-25 06:00:00,0,0,0
2017-11-25 07:00:00,5,3,2
2017-11-25 08:00:00,9,6,3
2017-11-25 09:00:00,10,3,7
2017-11-25 10:00:00,15,10,5
2017-11-25 11:00:00,8,1,7
2017-11-25 12:00:00,13,6,7
2017-11-25 13:00:00,25,13,12
2017-11-25 14:00:00,12,8,4
2017-11-25 15:00:00,15,4,11
2017-11-25 16:00:00,13,9,4
2017-11-25 17:00:00,2,1,1
2017-11-25 18:00:00,10,5,5
2017-11-25 19:00:00,5,1,4
2017-11-25 20:00:00,0,0,0
2017-11-25 21:00:00,1,0,1
2017-11-25 22:00:00,2,0,2
2017-11-25 23:00:00,1,0,1
2017-11-26 00:00:00,1,1,0
2017-11-26 01:00:00,1,0,1
2017-11-26 02:00:00,1,0,1
2017-11-26 03:00:00,2,1,1
2017-11-26 04:00:00,1,0,1
2017-11-26 05:00:00,1,0,1
2017-11-26 06:00:00,0,0,0
2017-11-26 07:00:00,2,1,1
2017-11-26 08:00:00,3,2,1
2017-11-26 09:00:00,3,1,2
2017-11-26 10:00:00,12,10,2
2017-11-26 11:00:00,2,0,2
2017-11-26 12:00:00,3,1,2
2017-11-26 13:00:00,2,2,0
2017-11-26 14:00:00,7,4,3
2017-11-26 15:00:00,4,1,3
2017-11-26 16:00:00,10,7,3
2017-11-26 17:00:00,8,4,4
2017-11-26 18:00:00,6,1,5
2017-11-26 19:00:00,3,1,2
2017-11-26 20:00:00,3,1,2
2017-11-26 21:00:00,3,2,1
2017-11-26 22:00:00,0,0,0
2017-11-26 23:00:00,2,0,2
2017-11-27 00:00:00,0,0,0
2017-11-27 01:00:00,0,0,0
2017-11-27 02:00:00,0,0,0
2017-11-27 03:00:00,1,0,1
2017-11-27 04:00:00,1,1,0
2017-11-27 05:00:00,7,4,3
2017-11-27 06:00:00,35,22,13
2017-11-27 07:00:00,58,30,28
2017-11-27 08:00:00,108,51,57
2017-11-27 09:00:00,61,32,29
2017-11-27 10:00:00,21,10,11
2017-11-27 11:00:00,21,10,11
2017-11-27 12:00:00,22,10,12
2017-11-27 13:00:00,21,13,8
2017-11-27 14:00:00,30,14,16
2017-11-27 15:00:00,49,16,33
2017-11-27 16:00:00,115,31,84
2017-11-27 17:00:00,131,35,96
2017-11-27 18:00:00,68,27,41
2017-11-27 19:00:00,29,8,21
2017-11-27 20:00:00,14,6,8
2017-11-27 21:00:00,2,1,1
2017-11-27 22:00:00,2,1,1
2017-11-27 23:00:00,1,1,0
2017-11-28 00:00:00,1,0,1
2017-11-28 01:00:00,1,0,1
2017-11-28 02:00:00,2,1,1
2017-11-28 03:00:00,0,0,0
2017-11-28 04:00:00,3,2,1
2017-11-28 05:00:00,10,7,3
2017-11-28 06:00:00,26,11,15
2017-11-28 07:00:00,38,18,20
2017-11-28 08:00:00,83,35,48
2017-11-28 09:00:00,46,26,20
2017-11-28 10:00:00,12,7,5
2017-11-28 11:00:00,15,5,10
2017-11-28 12:00:00,10,6,4
2017-11-28 13:00:00,8,6,2
2017-11-28 14:00:00,16,4,12
2017-11-28 15:00:00,25,8,17
2017-11-28 16:00:00,76,20,56
2017-11-28 17:00:00,103,30,73
2017-11-28 18:00:00,60,26,34
2017-11-28 19:00:00,21,6,15
2017-11-28 20:00:00,10,5,5
2017-11-28 21:00:00,5,3,2
2017-11-28 22:00:00,5,3,2
2017-11-28 23:00:00,2,2,0
2017-11-29 00:00:00,3,2,1
2017-11-29 01:00:00,3,2,1
2017-11-29 02:00:00,1,1,0
2017-11-29 03:00:00,1,0,1
2017-11-29 04:00:00,2,1,1
2017-11-29 05:00:00,9,6,3
2017-11-29 06:00:00,36,22,14
2017-11-29 07:00:00,46,23,23
2017-11-29 08:00:00,88,43,45
2017-11-29 09:00:00,62,28,34
2017-11-29 10:00:00,25,8,17
2017-11-29 11:00:00,15,9,6
2017-11-29 12:00:00,31,15,16
2017-11-29 13:00:00,39,26,13
2017-11-29 14:00:00,37,21,16
2017-11-29 15:00:00,49,11,38
2017-11-29 16:00:00,102,33,69
2017-11-29 17:00:00,118,43,75
2017-11-29 18:00:00,83,31,52
2017-11-29 19:00:00,31,10,21
2017-11-29 20:00:00,13,1,12
2017-11-29 21:00:00,16,10,6
2017-11-29 22:00:00,6,2,4
2017-11-29 23:00:00,5,4,1
2017-11-30 00:00:00,2,2,0
2017-11-30 01:00:00,1,1,0
2017-11-30 02:00:00,0,0,0
2017-11-30 03:00:00,1,1,0
2017-11-30 04:00:00,3,1,2
2017-11-30 05:00:00,10,6,4
2017-11-30 06:00:00,21,14,7
2017-11-30 07:00:00,37,24,13
2017-11-30 08:00:00,58,21,37
2017-11-30 09:00:00,35,17,18
2017-11-30 10:00:00,17,10,7
2017-11-30 11:00:00,27,15,12
2017-11-30 12:00:00,17,8,9
2017-11-30 13:00:00,18,9,9
2017-11-30 14:00:00,19,11,8
2017-11-30 15:00:00,39,13,26
2017-11-30 16:00:00,94,32,62
2017-11-30 17:00:00,108,30,78
2017-11-30 18:00:00,83,19,64
2017-11-30 19:00:00,41,12,29
2017-11-30 20:00:00,10,2,8
2017-11-30 21:00:00,13,12,1
2017-11-30 22:00:00,32,22,10
2017-11-30 23:00:00,4,2,2
2017-12-01 00:00:00,4,2,2
2017-12-01 01:00:00,1,1,0
2017-12-01 02:00:00,2,1,1
2017-12-01 03:00:00,1,1,0
2017-12-01 04:00:00,3,3,0
2017-12-01 05:00:00,7,4,3
2017-12-01 06:00:00,25,15,10
2017-12-01 07:00:00,40,18,22
2017-12-01 08:00:00,72,32,40
2017-12-01 09:00:00,42,22,20
2017-12-01 10:00:00,21,6,15
2017-12-01 11:00:00,31,18,13
2017-12-01 12:00:00,31,19,12
2017-12-01 13:00:00,24,11,13
2017-12-01 14:00:00,22,12,10
2017-12-01 15:00:00,37,13,24
2017-12-01 16:00:00,74,27,47
2017-12-01 17:00:00,79,23,56
2017-12-01 18:00:00,47,23,24
2017-12-01 19:00:00,18,5,13
2017-12-01 20:00:00,12,9,3
2017-12-01 21:00:00,6,2,4
2017-12-01 22:00:00,1,1,0
2017-12-01 23:00:00,3,0,3
2017-12-02 00:00:00,4,1,3
2017-12-02 01:00:00,1,0,1
2017-12-02 02:00:00,2,0,2
2017-12-02 03:00:00,0,0,0
2017-12-02 04:00:00,0,0,0
2017-12-02 05:00:00,2,1,1
2017-12-02 06:00:00,1,0,1
2017-12-02 07:00:00,2,2,0
2017-12-02 08:00:00,5,5,0
2017-12-02 09:00:00,6,3,3
2017-12-02 10:00:00,7,3,4
2017-12-02 11:00:00,1,0,1
2017-12-02 12:00:00,6,3,3
2017-12-02 13:00:00,2,2,0
2017-12-02 14:00:00,15,10,5
2017-12-02 15:00:00,7,2,5
2017-12-02 16:00:00,6,3,3
2017-12-02 17:00:00,3,1,2
2017-12-02 18:00:00,8,2,6
2017-12-02 19:00:00,1,0,1
2017-12-02 20:00:00,0,0,0
2017-12-02 21:00:00,1,1,0
2017-12-02 22:00:00,2,1,1
2017-12-02 23:00:00,4,2,2
2017-12-03 00:00:00,0,0,0
2017-12-03 01:00:00,0,0,0
2017-12-03 02:00:00,2,1,1
2017-12-03 03:00:00,1,0,1
2017-12-03 04:00:00,0,0,0
2017-12-03 05:00:00,1,0,1
2017-12-03 06:00:00,0,0,0
2017-12-03 07:00:00,3,2,1
2017-12-03 08:00:00,6,3,3
2017-12-03 09:00:00,12,4,8
2017-12-03 10:00:00,14,9,5
2017-12-03 11:00:00,24,8,16
2017-12-03 12:00:00,19,10,9
2017-12-03 13:00:00,28,13,15
2017-12-03 14:00:00,20,8,12
2017-12-03 15:00:00,22,8,14
2017-12-03 16:00:00,27,9,18
2017-12-03 17:00:00,12,4,8
2017-12-03 18:00:00,13,4,9
2017-12-03 19:00:00,6,3,3
2017-12-03 20:00:00,12,9,3
2017-12-03 21:00:00,19,10,9
2017-12-03 22:00:00,4,2,2
2017-12-03 23:00:00,8,3,5
2017-12-04 00:00:00,2,1,1
2017-12-04 01:00:00,0,0,0
2017-12-04 02:00:00,1,1,0
2017-12-04 03:00:00,0,0,0
2017-12-04 04:00:00,2,2,0
2017-12-04 05:00:00,8,4,4
2017-12-04 06:00:00,40,23,17
2017-12-04 07:00:00,56,32,24
2017-12-04 08:00:00,101,50,51
2017-12-04 09:00:00,49,24,25
2017-12-04 10:00:00,18,6,12
2017-12-04 11:00:00,14,9,5
2017-12-04 12:00:00,23,15,8
2017-12-04 13:00:00,17,7,10
2017-12-04 14:00:00,21,9,12
2017-12-04 15:00:00,52,15,37
2017-12-04 16:00:00,93,33,60
2017-12-04 17:00:00,128,35,93
2017-12-04 18:00:00,59,21,38
2017-12-04 19:00:00,31,13,18
2017-12-04 20:00:00,10,3,7
2017-12-04 21:00:00,4,2,2
2017-12-04 22:00:00,5,1,4
2017-12-04 23:00:00,4,3,1
2017-12-05 00:00:00,1,1,0
2017-12-05 01:00:00,0,0,0
2017-12-05 02:00:00,1,1,0
2017-12-05 03:00:00,0,0,0
2017-12-05 04:00:00,2,1,1
2017-12-05 05:00:00,17,11,6
2017-12-05 06:00:00,26,15,11
2017-12-05 07:00:00,55,25,30
2017-12-05 08:00:00,94,33,61
2017-12-05 09:00:00,67,33,34
2017-12-05 10:00:00,22,12,10
2017-12-05 11:00:00,19,9,10
2017-12-05 12:00:00,20,14,6
2017-12-05 13:00:00,24,9,15
2017-12-05 14:00:00,35,16,19
2017-12-05 15:00:00,53,16,37
2017-12-05 16:00:00,95,28,67
2017-12-05 17:00:00,131,42,89
2017-12-05 18:00:00,73,26,47
2017-12-05 19:00:00,24,13,11
2017-12-05 20:00:00,10,5,5
2017-12-05 21:00:00,6,4,2
2017-12-05 22:00:00,8,1,7
2017-12-05 23:00:00,1,1,0
2017-12-06 00:00:00,1,0,1
2017-12-06 01:00:00,0,0,0
2017-12-06 02:00:00,1,1,0
2017-12-06 03:00:00,0,0,0
2017-12-06 04:00:00,2,2,0
2017-12-06 05:00:00,10,7,3
2017-12-06 06:00:00,32,21,11
2017-12-06 07:00:00,52,25,27
2017-12-06 08:00:00,82,36,46
2017-12-06 09:00:00,62,30,32
2017-12-06 10:00:00,31,18,13
2017-12-06 11:00:00,15,8,7
2017-12-06 12:00:00,32,18,14
2017-12-06 13:00:00,28,11,17
2017-12-06 14:00:00,21,10,11
2017-12-06 15:00:00,45,15,30
2017-12-06 16:00:00,85,29,56
2017-12-06 17:00:00,116,39,77
2017-12-06 18:00:00,71,22,49
2017-12-06 19:00:00,22,5,17
2017-12-06 20:00:00,10,4,6
2017-12-06 21:00:00,11,5,6
2017-12-06 22:00:00,17,7,10
2017-12-06 23:00:00,2,1,1
2017-12-07 00:00:00,1,0,1
2017-12-07 01:00:00,0,0,0
2017-12-07 02:00:00,0,0,0
2017-12-07 03:00:00,0,0,0
2017-12-07 04:00:00,1,1,0
2017-12-07 05:00:00,11,6,5
2017-12-07 06:00:00,22,9,13
2017-12-07 07:00:00,50,24,26
2017-12-07 08:00:00,83,30,53
2017-12-07 09:00:00,51,22,29
2017-12-07 10:00:00,20,8,12
2017-12-07 11:00:00,34,16,18
2017-12-07 12:00:00,21,11,10
2017-12-07 13:00:00,24,15,9
2017-12-07 14:00:00,29,15,14
2017-12-07 15:00:00,50,15,35
2017-12-07 16:00:00,83,30,53
2017-12-07 17:00:00,106,35,71
2017-12-07 18:00:00,77,25,52
2017-12-07 19:00:00,41,18,23
2017-12-07 20:00:00,10,9,1
2017-12-07 21:00:00,16,7,9
2017-12-07 22:00:00,11,5,6
2017-12-07 23:00:00,6,3,3
2017-12-08 00:00:00,2,1,1
2017-12-08 01:00:00,2,0,2
2017-12-08 02:00:00,1,0,1
2017-12-08 03:00:00,1,0,1
2017-12-08 04:00:00,0,0,0
2017-12-08 05:00:00,4,3,1
2017-12-08 06:00:00,22,13,9
2017-12-08 07:00:00,30,16,14
2017-12-08 08:00:00,54,20,34
2017-12-08 09:00:00,50,18,32
2017-12-08 10:00:00,24,12,12
2017-12-08 11:00:00,28,16,12
2017-12-08 12:00:00,41,18,23
2017-12-08 13:00:00,40,22,18
2017-12-08 14:00:00,32,20,12
2017-12-08 15:00:00,53,19,34
2017-12-08 16:00:00,92,38,54
2017-12-08 17:00:00,69,19,50
2017-12-08 18:00:00,48,26,22
2017-12-08 19:00:00,19,10,9
2017-12-08 20:00:00,11,4,7
2017-12-08 21:00:00,7,4,3
2017-12-08 22:00:00,7,0,7
2017-12-08 23:00:00,5,2,3
2017-12-09 00:00:00,0,0,0
2017-12-09 01:00:00,2,0,2
2017-12-09 02:00:00,0,0,0
2017-12-09 03:00:00,1,1,0
2017-12-09 04:00:00,0,0,0
2017-12-09 05:00:00,1,1,0
2017-12-09 06:00:00,3,0,3
2017-12-09 07:00:00,2,2,0
2017-12-09 08:00:00,3,3,0
2017-12-09 09:00:00,4,3,1
2017-12-09 10:00:00,15,11,4
2017-12-09 11:00:00,13,3,10
2017-12-09 12:00:00,27,11,16
2017-12-09 13:00:00,22,9,13
2017-12-09 14:00:00,16,6,10
2017-12-09 15:00:00,15,11,4
2017-12-09 16:00:00,16,10,6
2017-12-09 17:00:00,9,2,7
2017-12-09 18:00:00,12,2,10
2017-12-09 19:00:00,18,8,10
2017-12-09 20:00:00,2,0,2
2017-12-09 21:00:00,3,1,2
2017-12-09 22:00:00,0,0,0
2017-12-09 23:00:00,0,0,0
2017-12-10 00:00:00,0,0,0
2017-12-10 01:00:00,3,0,3
2017-12-10 02:00:00,0,0,0
2017-12-10 03:00:00,2,1,1
2017-12-10 04:00:00,0,0,0
2017-12-10 05:00:00,1,0,1
2017-12-10 06:00:00,1,1,0
2017-12-10 07:00:00,1,1,0
2017-12-10 08:00:00,4,3,1
2017-12-10 09:00:00,4,4,0
2017-12-10 10:00:00,8,6,2
2017-12-10 11:00:00,7,4,3
2017-12-10 12:00:00,13,6,7
2017-12-10 13:00:00,15,10,5
2017-12-10 14:00:00,10,4,6
2017-12-10 15:00:00,7,2,5
2017-12-10 16:00:00,11,5,6
2017-12-10 17:00:00,7,4,3
2017-12-10 18:00:00,7,5,2
2017-12-10 19:00:00,6,2,4
2017-12-10 20:00:00,6,4,2
2017-12-10 21:00:00,5,2,3
2017-12-10 22:00:00,0,0,0
2017-12-10 23:00:00,3,1,2
2017-12-11 00:00:00,4,3,1
2017-12-11 01:00:00,6,3,3
2017-12-11 02:00:00,2,2,0
2017-12-11 03:00:00,1,1,0
2017-12-11 04:00:00,1,0,1
2017-12-11 05:00:00,10,5,5
2017-12-11 06:00:00,21,11,10
2017-12-11 07:00:00,53,33,20
2017-12-11 08:00:00,72,31,41
2017-12-11 09:00:00,50,17,33
2017-12-11 10:00:00,26,9,17
2017-12-11 11:00:00,21,12,9
2017-12-11 12:00:00,16,9,7
2017-12-11 13:00:00,17,10,7
2017-12-11 14:00:00,25,9,16
2017-12-11 15:00:00,54,17,37
2017-12-11 16:00:00,79,29,50
2017-12-11 17:00:00,101,41,60
2017-12-11 18:00:00,55,26,29
2017-12-11 19:00:00,24,12,12
2017-12-11 20:00:00,9,2,7
2017-12-11 21:00:00,9,4,5
2017-12-11 22:00:00,2,0,2
2017-12-11 23:00:00,0,0,0
2017-12-12 00:00:00,1,0,1
2017-12-12 01:00:00,1,1,0
2017-12-12 02:00:00,2,1,1
2017-12-12 03:00:00,0,0,0
2017-12-12 04:00:00,2,2,0
2017-12-12 05:00:00,11,8,3
2017-12-12 06:00:00,27,11,16
2017-12-12 07:00:00,56,31,25
2017-12-12 08:00:00,84,36,48
2017-12-12 09:00:00,52,24,28
2017-12-12 10:00:00,24,8,16
2017-12-12 11:00:00,15,9,6
2017-12-12 12:00:00,23,11,12
2017-12-12 13:00:00,25,13,12
2017-12-12 14:00:00,33,18,15
2017-12-12 15:00:00,50,19,31
2017-12-12 16:00:00,100,33,67
2017-12-12 17:00:00,122,44,78
2017-12-12 18:00:00,58,17,41
2017-12-12 19:00:00,26,14,12
2017-12-12 20:00:00,5,3,2
2017-12-12 21:00:00,7,2,5
2017-12-12 22:00:00,6,1,5
2017-12-12 23:00:00,0,0,0
2017-12-13 00:00:00,0,0,0
2017-12-13 01:00:00,2,2,0
2017-12-13 02:00:00,0,0,0
2017-12-13 03:00:00,0,0,0
2017-12-13 04:00:00,1,0,1
2017-12-13 05:00:00,12,7,5
2017-12-13 06:00:00,26,14,12
2017-12-13 07:00:00,49,26,23
2017-12-13 08:00:00,101,47,54
2017-12-13 09:00:00,53,23,30
2017-12-13 10:00:00,25,14,11
2017-12-13 11:00:00,28,10,18
2017-12-13 12:00:00,38,18,20
2017-12-13 13:00:00,28,16,12
2017-12-13 14:00:00,33,17,16
2017-12-13 15:00:00,47,17,30
2017-12-13 16:00:00,105,33,72
2017-12-13 17:00:00,128,50,78
2017-12-13 18:00:00,65,24,41
2017-12-13 19:00:00,27,9,18
2017-12-13 20:00:00,22,8,14
2017-12-13 21:00:00,6,3,3
2017-12-13 22:00:00,4,2,2
2017-12-13 23:00:00,6,1,5
2017-12-14 00:00:00,2,2,0
2017-12-14 01:00:00,0,0,0
2017-12-14 02:00:00,1,1,0
2017-12-14 03:00:00,1,1,0
2017-12-14 04:00:00,3,2,1
2017-12-14 05:00:00,11,6,5
2017-12-14 06:00:00,27,14,13
2017-12-14 07:00:00,42,23,19
2017-12-14 08:00:00,80,37,43
2017-12-14 09:00:00,47,16,31
2017-12-14 10:00:00,21,11,10
2017-12-14 11:00:00,30,18,12
2017-12-14 12:00:00,32,17,15
2017-12-14 13:00:00,29,11,18
2017-12-14 14:00:00,32,14,18
2017-12-14 15:00:00,59,16,43
2017-12-14 16:00:00,75,31,44
2017-12-14 17:00:00,111,32,79
2017-12-14 18:00:00,57,24,33
2017-12-14 19:00:00,30,14,16
2017-12-14 20:00:00,18,9,9
2017-12-14 21:00:00,10,4,6
2017-12-14 22:00:00,5,2,3
2017-12-14 23:00:00,1,0,1
2017-12-15 00:00:00,2,1,1
2017-12-15 01:00:00,2,0,2
2017-12-15 02:00:00,2,2,0
2017-12-15 03:00:00,0,0,0
2017-12-15 04:00:00,3,1,2
2017-12-15 05:00:00,8,5,3
2017-12-15 06:00:00,21,16,5
2017-12-15 07:00:00,34,15,19
2017-12-15 08:00:00,65,22,43
2017-12-15 09:00:00,45,21,24
2017-12-15 10:00:00,27,16,11
2017-12-15 11:00:00,21,11,10
2017-12-15 12:00:00,34,12,22
2017-12-15 13:00:00,21,14,7
2017-12-15 14:00:00,34,21,13
2017-12-15 15:00:00,57,25,32
2017-12-15 16:00:00,72,29,43
2017-12-15 17:00:00,91,36,55
2017-12-15 18:00:00,37,19,18
2017-12-15 19:00:00,24,9,15
2017-12-15 20:00:00,10,5,5
2017-12-15 21:00:00,4,1,3
2017-12-15 22:00:00,4,1,3
2017-12-15 23:00:00,3,1,2
2017-12-16 00:00:00,2,1,1
2017-12-16 01:00:00,4,1,3
2017-12-16 02:00:00,1,1,0
2017-12-16 03:00:00,0,0,0
2017-12-16 04:00:00,0,0,0
2017-12-16 05:00:00,1,0,1
2017-12-16 06:00:00,0,0,0
2017-12-16 07:00:00,9,7,2
2017-12-16 08:00:00,4,3,1
2017-12-16 09:00:00,6,5,1
2017-12-16 10:00:00,7,5,2
2017-12-16 11:00:00,16,9,7
2017-12-16 12:00:00,15,8,7
2017-12-16 13:00:00,20,11,9
2017-12-16 14:00:00,21,11,10
2017-12-16 15:00:00,9,4,5
2017-12-16 16:00:00,13,10,3
2017-12-16 17:00:00,17,6,11
2017-12-16 18:00:00,12,7,5
2017-12-16 19:00:00,11,2,9
2017-12-16 20:00:00,8,4,4
2017-12-16 21:00:00,5,3,2
2017-12-16 22:00:00,3,1,2
2017-12-16 23:00:00,1,0,1
2017-12-17 00:00:00,4,2,2
2017-12-17 01:00:00,0,0,0
2017-12-17 02:00:00,2,2,0
2017-12-17 03:00:00,2,2,0
2017-12-17 04:00:00,0,0,0
2017-12-17 05:00:00,1,0,1
2017-12-17 06:00:00,0,0,0
2017-12-17 07:00:00,5,2,3
2017-12-17 08:00:00,5,2,3
2017-12-17 09:00:00,5,2,3
2017-12-17 10:00:00,8,1,7
2017-12-17 11:00:00,18,6,12
2017-12-17 12:00:00,43,15,28
2017-12-17 13:00:00,7,3,4
2017-12-17 14:00:00,7,4,3
2017-12-17 15:00:00,15,9,6
2017-12-17 16:00:00,25,19,6
2017-12-17 17:00:00,18,12,6
2017-12-17 18:00:00,5,1,4
2017-12-17 19:00:00,2,1,1
2017-12-17 20:00:00,2,1,1
2017-12-17 21:00:00,3,2,1
2017-12-17 22:00:00,1,1,0
2017-12-17 23:00:00,4,2,2
2017-12-18 00:00:00,2,2,0
2017-12-18 01:00:00,0,0,0
2017-12-18 02:00:00,2,0,2
2017-12-18 03:00:00,0,0,0
2017-12-18 04:00:00,0,0,0
2017-12-18 05:00:00,9,6,3
2017-12-18 06:00:00,21,13,8
2017-12-18 07:00:00,31,17,14
2017-12-18 08:00:00,56,30,26
2017-12-18 09:00:00,25,12,13
2017-12-18 10:00:00,18,8,10
2017-12-18 11:00:00,14,8,6
2017-12-18 12:00:00,15,10,5
2017-12-18 13:00:00,23,11,12
2017-12-18 14:00:00,22,9,13
2017-12-18 15:00:00,33,6,27
2017-12-18 16:00:00,52,21,31
2017-12-18 17:00:00,71,18,53
2017-12-18 18:00:00,41,10,31
2017-12-18 19:00:00,17,7,10
2017-12-18 20:00:00,8,5,3
2017-12-18 21:00:00,1,0,1
2017-12-18 22:00:00,3,2,1
2017-12-18 23:00:00,0,0,0
2017-12-19 00:00:00,0,0,0
2017-12-19 01:00:00,2,1,1
2017-12-19 02:00:00,1,1,0
2017-12-19 03:00:00,0,0,0
2017-12-19 04:00:00,0,0,0
2017-12-19 05:00:00,7,5,2
2017-12-19 06:00:00,18,11,7
2017-12-19 07:00:00,26,13,13
2017-12-19 08:00:00,31,13,18
2017-12-19 09:00:00,29,15,14
2017-12-19 10:00:00,13,6,7
2017-12-19 11:00:00,10,7,3
2017-12-19 12:00:00,23,12,11
2017-12-19 13:00:00,9,5,4
2017-12-19 14:00:00,25,13,12
2017-12-19 15:00:00,33,10,23
2017-12-19 16:00:00,61,18,43
2017-12-19 17:00:00,88,36,52
2017-12-19 18:00:00,30,12,18
2017-12-19 19:00:00,12,8,4
2017-12-19 20:00:00,9,3,6
2017-12-19 21:00:00,8,3,5
2017-12-19 22:00:00,8,3,5
2017-12-19 23:00:00,0,0,0
2017-12-20 00:00:00,2,1,1
2017-12-20 01:00:00,0,0,0
2017-12-20 02:00:00,1,1,0
2017-12-20 03:00:00,0,0,0
2017-12-20 04:00:00,1,1,0
2017-12-20 05:00:00,10,5,5
2017-12-20 06:00:00,22,12,10
2017-12-20 07:00:00,38,23,15
2017-12-20 08:00:00,69,29,40
2017-12-20 09:00:00,46,25,21
2017-12-20 10:00:00,29,16,13
2017-12-20 11:00:00,23,11,12
2017-12-20 12:00:00,29,16,13
2017-12-20 13:00:00,29,15,14
2017-12-20 14:00:00,33,17,16
2017-12-20 15:00:00,46,15,31
2017-12-20 16:00:00,86,28,58
2017-12-20 17:00:00,80,32,48
2017-12-20 18:00:00,50,16,34
2017-12-20 19:00:00,22,8,14
2017-12-20 20:00:00,6,5,1
2017-12-20 21:00:00,7,7,0
2017-12-20 22:00:00,7,4,3
2017-12-20 23:00:00,3,1,2
2017-12-21 00:00:00,3,3,0
2017-12-21 01:00:00,0,0,0
2017-12-21 02:00:00,1,1,0
2017-12-21 03:00:00,0,0,0
2017-12-21 04:00:00,1,1,0
2017-12-21 05:00:00,10,6,4
2017-12-21 06:00:00,24,11,13
2017-12-21 07:00:00,26,11,15
2017-12-21 08:00:00,39,14,25
2017-12-21 09:00:00,33,15,18
2017-12-21 10:00:00,23,12,11
2017-12-21 11:00:00,22,11,11
2017-12-21 12:00:00,29,17,12
2017-12-21 13:00:00,26,14,12
2017-12-21 14:00:00,17,6,11
2017-12-21 15:00:00,44,20,24
2017-12-21 16:00:00,75,25,50
2017-12-21 17:00:00,70,26,44
2017-12-21 18:00:00,42,13,29
2017-12-21 19:00:00,12,8,4
2017-12-21 20:00:00,9,5,4
2017-12-21 21:00:00,8,6,2
2017-12-21 22:00:00,3,1,2
2017-12-21 23:00:00,2,1,1
2017-12-22 00:00:00,1,1,0
2017-12-22 01:00:00,0,0,0
2017-12-22 02:00:00,0,0,0
2017-12-22 03:00:00,0,0,0
2017-12-22 04:00:00,1,0,1
2017-12-22 05:00:00,6,4,2
2017-12-22 06:00:00,15,7,8
2017-12-22 07:00:00,18,8,10
2017-12-22 08:00:00,25,13,12
2017-12-22 09:00:00,21,8,13
2017-12-22 10:00:00,12,6,6
2017-12-22 11:00:00,11,5,6
2017-12-22 12:00:00,27,17,10
2017-12-22 13:00:00,25,14,11
2017-12-22 14:00:00,29,14,15
2017-12-22 15:00:00,31,11,20
2017-12-22 16:00:00,32,7,25
2017-12-22 17:00:00,39,19,20
2017-12-22 18:00:00,20,9,11
2017-12-22 19:00:00,9,3,6
2017-12-22 20:00:00,6,0,6
2017-12-22 21:00:00,7,4,3
2017-12-22 22:00:00,4,1,3
2017-12-22 23:00:00,3,1,2
2017-12-23 00:00:00,2,0,2
2017-12-23 01:00:00,0,0,0
2017-12-23 02:00:00,2,1,1
2017-12-23 03:00:00,0,0,0
2017-12-23 04:00:00,0,0,0
2017-12-23 05:00:00,3,1,2
2017-12-23 06:00:00,2,1,1
2017-12-23 07:00:00,3,3,0
2017-12-23 08:00:00,5,4,1
2017-12-23 09:00:00,6,5,1
2017-12-23 10:00:00,5,2,3
2017-12-23 11:00:00,4,3,1
2017-12-23 12:00:00,13,6,7
2017-12-23 13:00:00,12,5,7
2017-12-23 14:00:00,14,6,8
2017-12-23 15:00:00,11,4,7
2017-12-23 16:00:00,19,11,8
2017-12-23 17:00:00,11,5,6
2017-12-23 18:00:00,10,5,5
2017-12-23 19:00:00,5,2,3
2017-12-23 20:00:00,1,0,1
2017-12-23 21:00:00,2,0,2
2017-12-23 22:00:00,2,1,1
2017-12-23 23:00:00,9,2,7
2017-12-24 00:00:00,1,1,0
2017-12-24 01:00:00,2,0,2
2017-12-24 02:00:00,1,0,1
2017-12-24 03:00:00,1,1,0
2017-12-24 04:00:00,1,1,0
2017-12-24 05:00:00,1,0,1
2017-12-24 06:00:00,2,2,0
2017-12-24 07:00:00,0,0,0
2017-12-24 08:00:00,0,0,0
2017-12-24 09:00:00,2,0,2
2017-12-24 10:00:00,11,8,3
2017-12-24 11:00:00,4,3,1
2017-12-24 12:00:00,9,4,5
2017-12-24 13:00:00,4,1,3
2017-12-24 14:00:00,5,1,4
2017-12-24 15:00:00,10,4,6
2017-12-24 16:00:00,3,0,3
2017-12-24 17:00:00,2,1,1
2017-12-24 18:00:00,3,2,1
2017-12-24 19:00:00,1,1,0
2017-12-24 20:00:00,0,0,0
2017-12-24 21:00:00,0,0,0
2017-12-24 22:00:00,0,0,0
2017-12-24 23:00:00,1,0,1
2017-12-25 00:00:00,0,0,0
2017-12-25 01:00:00,0,0,0
2017-12-25 02:00:00,0,0,0
2017-12-25 03:00:00,0,0,0
2017-12-25 04:00:00,0,0,0
2017-12-25 05:00:00,1,0,1
2017-12-25 06:00:00,0,0,0
2017-12-25 07:00:00,0,0,0
2017-12-25 08:00:00,0,0,0
2017-12-25 09:00:00,1,1,0
2017-12-25 10:00:00,4,3,1
2017-12-25 11:00:00,4,4,0
2017-12-25 12:00:00,1,0,1
2017-12-25 13:00:00,1,1,0
2017-12-25 14:00:00,2,1,1
2017-12-25 15:00:00,4,0,4
2017-12-25 16:00:00,2,2,0
2017-12-25 17:00:00,1,0,1
2017-12-25 18:00:00,0,0,0
2017-12-25 19:00:00,1,1,0
2017-12-25 20:00:00,0,0,0
2017-12-25 21:00:00,0,0,0
2017-12-25 22:00:00,1,1,0
2017-12-25 23:00:00,2,1,1
2017-12-26 00:00:00,1,1,0
2017-12-26 01:00:00,0,0,0
2017-12-26 02:00:00,0,0,0
2017-12-26 03:00:00,1,1,0
2017-12-26 04:00:00,0,0,0
2017-12-26 05:00:00,6,4,2
2017-12-26 06:00:00,10,6,4
2017-12-26 07:00:00,3,3,0
2017-12-26 08:00:00,4,2,2
2017-12-26 09:00:00,8,4,4
2017-12-26 10:00:00,8,5,3
2017-12-26 11:00:00,7,5,2
2017-12-26 12:00:00,10,6,4
2017-12-26 13:00:00,15,6,9
2017-12-26 14:00:00,13,6,7
2017-12-26 15:00:00,19,7,12
2017-12-26 16:00:00,31,14,17
2017-12-26 17:00:00,17,9,8
2017-12-26 18:00:00,11,3,8
2017-12-26 19:00:00,15,7,8
2017-12-26 20:00:00,6,2,4
2017-12-26 21:00:00,2,1,1
2017-12-26 22:00:00,1,1,0
2017-12-26 23:00:00,2,2,0
2017-12-27 00:00:00,0,0,0
2017-12-27 01:00:00,0,0,0
2017-12-27 02:00:00,2,1,1
2017-12-27 03:00:00,0,0,0
2017-12-27 04:00:00,0,0,0
2017-12-27 05:00:00,7,3,4
2017-12-27 06:00:00,13,5,8
2017-12-27 07:00:00,8,4,4
2017-12-27 08:00:00,28,13,15
2017-12-27 09:00:00,18,5,13
2017-12-27 10:00:00,19,7,12
2017-12-27 11:00:00,42,16,26
2017-12-27 12:00:00,13,8,5
2017-12-27 13:00:00,14,4,10
2017-12-27 14:00:00,15,6,9
2017-12-27 15:00:00,29,10,19
2017-12-27 16:00:00,31,11,20
2017-12-27 17:00:00,44,19,25
2017-12-27 18:00:00,19,4,15
2017-12-27 19:00:00,5,0,5
2017-12-27 20:00:00,12,7,5
2017-12-27 21:00:00,5,4,1
2017-12-27 22:00:00,3,0,3
2017-12-27 23:00:00,5,2,3
2017-12-28 00:00:00,1,0,1
2017-12-28 01:00:00,0,0,0
2017-12-28 02:00:00,2,1,1
2017-12-28 03:00:00,1,1,0
2017-12-28 04:00:00,1,0,1
2017-12-28 05:00:00,10,5,5
2017-12-28 06:00:00,11,8,3
2017-12-28 07:00:00,13,7,6
2017-12-28 08:00:00,31,16,15
2017-12-28 09:00:00,31,11,20
2017-12-28 10:00:00,9,5,4
2017-12-28 11:00:00,9,7,2
2017-12-28 12:00:00,23,11,12
2017-12-28 13:00:00,22,14,8
2017-12-28 14:00:00,18,6,12
2017-12-28 15:00:00,25,6,19
2017-12-28 16:00:00,43,17,26
2017-12-28 17:00:00,37,15,22
2017-12-28 18:00:00,17,7,10
2017-12-28 19:00:00,9,7,2
2017-12-28 20:00:00,3,1,2
2017-12-28 21:00:00,5,1,4
2017-12-28 22:00:00,6,3,3
2017-12-28 23:00:00,2,0,2
2017-12-29 00:00:00,0,0,0
2017-12-29 01:00:00,1,1,0
2017-12-29 02:00:00,0,0,0
2017-12-29 03:00:00,0,0,0
2017-12-29 04:00:00,0,0,0
2017-12-29 05:00:00,6,5,1
2017-12-29 06:00:00,10,5,5
2017-12-29 07:00:00,11,7,4
2017-12-29 08:00:00,17,6,11
2017-12-29 09:00:00,10,3,7
2017-12-29 10:00:00,9,5,4
2017-12-29 11:00:00,4,3,1
2017-12-29 12:00:00,10,5,5
2017-12-29 13:00:00,11,6,5
2017-12-29 14:00:00,13,5,8
2017-12-29 15:00:00,15,4,11
2017-12-29 16:00:00,30,13,17
2017-12-29 17:00:00,18,5,13
2017-12-29 18:00:00,17,6,11
2017-12-29 19:00:00,12,6,6
2017-12-29 20:00:00,5,1,4
2017-12-29 21:00:00,5,2,3
2017-12-29 22:00:00,2,1,1
2017-12-29 23:00:00,0,0,0
2017-12-30 00:00:00,2,1,1
2017-12-30 01:00:00,4,2,2
2017-12-30 02:00:00,6,4,2
2017-12-30 03:00:00,0,0,0
2017-12-30 04:00:00,1,0,1
2017-12-30 05:00:00,1,0,1
2017-12-30 06:00:00,3,1,2
2017-12-30 07:00:00,3,2,1
2017-12-30 08:00:00,8,5,3
2017-12-30 09:00:00,3,2,1
2017-12-30 10:00:00,12,7,5
2017-12-30 11:00:00,7,4,3
2017-12-30 12:00:00,13,10,3
2017-12-30 13:00:00,19,10,9
2017-12-30 14:00:00,10,4,6
2017-12-30 15:00:00,19,7,12
2017-12-30 16:00:00,18,9,9
2017-12-30 17:00:00,7,4,3
2017-12-30 18:00:00,5,0,5
2017-12-30 19:00:00,2,0,2
2017-12-30 20:00:00,6,4,2
2017-12-30 21:00:00,3,1,2
2017-12-30 22:00:00,7,0,7
2017-12-30 23:00:00,2,1,1
2017-12-31 00:00:00,2,0,2
2017-12-31 01:00:00,3,1,2
2017-12-31 02:00:00,3,1,2
2017-12-31 03:00:00,2,0,2
2017-12-31 04:00:00,0,0,0
2017-12-31 05:00:00,1,0,1
2017-12-31 06:00:00,0,0,0
2017-12-31 07:00:00,4,1,3
2017-12-31 08:00:00,2,2,0
2017-12-31 09:00:00,7,1,6
2017-12-31 10:00:00,16,7,9
2017-12-31 11:00:00,10,7,3
2017-12-31 12:00:00,31,12,19
2017-12-31 13:00:00,23,8,15
2017-12-31 14:00:00,10,7,3
2017-12-31 15:00:00,10,4,6
2017-12-31 16:00:00,13,11,2
2017-12-31 17:00:00,27,14,13
2017-12-31 18:00:00,10,4,6
2017-12-31 19:00:00,7,1,6
2017-12-31 20:00:00,4,4,0
2017-12-31 21:00:00,10,7,3
2017-12-31 22:00:00,5,2,3
2017-12-31 23:00:00,2,1,1
2018-01-01 00:00:00,3,1,2
2018-01-01 01:00:00,9,4,5
2018-01-01 02:00:00,2,0,2
2018-01-01 03:00:00,3,2,1
2018-01-01 04:00:00,1,1,0
2018-01-01 05:00:00,0,0,0
2018-01-01 06:00:00,0,0,0
2018-01-01 07:00:00,3,1,2
2018-01-01 08:00:00,3,0,3
2018-01-01 09:00:00,6,3,3
2018-01-01 10:00:00,2,2,0
2018-01-01 11:00:00,12,4,8
2018-01-01 12:00:00,10,8,2
2018-01-01 13:00:00,9,4,5
2018-01-01 14:00:00,29,16,13
2018-01-01 15:00:00,15,3,12
2018-01-01 16:00:00,13,7,6
2018-01-01 17:00:00,12,6,6
2018-01-01 18:00:00,5,4,1
2018-01-01 19:00:00,6,3,3
2018-01-01 20:00:00,0,0,0
2018-01-01 21:00:00,4,3,1
2018-01-01 22:00:00,2,0,2
2018-01-01 23:00:00,0,0,0
2018-01-02 00:00:00,0,0,0
2018-01-02 01:00:00,1,1,0
2018-01-02 02:00:00,0,0,0
2018-01-02 03:00:00,2,2,0
2018-01-02 04:00:00,1,0,1
2018-01-02 05:00:00,8,5,3
2018-01-02 06:00:00,33,14,19
2018-01-02 07:00:00,56,31,25
2018-01-02 08:00:00,85,41,44
2018-01-02 09:00:00,52,24,28
2018-01-02 10:00:00,18,9,9
2018-01-02 11:00:00,13,5,8
2018-01-02 12:00:00,22,7,15
2018-01-02 13:00:00,26,18,8
2018-01-02 14:00:00,24,13,11
2018-01-02 15:00:00,40,8,32
2018-01-02 16:00:00,109,28,81
2018-01-02 17:00:00,123,47,76
2018-01-02 18:00:00,50,18,32
2018-01-02 19:00:00,20,11,9
2018-01-02 20:00:00,10,2,8
2018-01-02 21:00:00,8,3,5
2018-01-02 22:00:00,3,1,2
2018-01-02 23:00:00,2,1,1
2018-01-03 00:00:00,1,1,0
2018-01-03 01:00:00,0,0,0
2018-01-03 02:00:00,0,0,0
2018-01-03 03:00:00,0,0,0
2018-01-03 04:00:00,0,0,0
2018-01-03 05:00:00,9,3,6
2018-01-03 06:00:00,30,15,15
2018-01-03 07:00:00,46,25,21
2018-01-03 08:00:00,86,36,50
2018-01-03 09:00:00,71,39,32
2018-01-03 10:00:00,19,8,11
2018-01-03 11:00:00,23,16,7
2018-01-03 12:00:00,33,22,11
2018-01-03 13:00:00,13,8,5
2018-01-03 14:00:00,17,4,13
2018-01-03 15:00:00,43,7,36
2018-01-03 16:00:00,94,34,60
2018-01-03 17:00:00,131,46,85
2018-01-03 18:00:00,53,17,36
2018-01-03 19:00:00,28,16,12
2018-01-03 20:00:00,22,10,12
2018-01-03 21:00:00,5,2,3
2018-01-03 22:00:00,6,1,5
2018-01-03 23:00:00,0,0,0
2018-01-04 00:00:00,1,1,0
2018-01-04 01:00:00,1,1,0
2018-01-04 02:00:00,1,1,0
2018-01-04 03:00:00,0,0,0
2018-01-04 04:00:00,2,1,1
2018-01-04 05:00:00,13,9,4
2018-01-04 06:00:00,24,14,10
2018-01-04 07:00:00,35,21,14
2018-01-04 08:00:00,96,41,55
2018-01-04 09:00:00,66,27,39
2018-01-04 10:00:00,26,14,12
2018-01-04 11:00:00,26,13,13
2018-01-04 12:00:00,18,7,11
2018-01-04 13:00:00,21,12,9
2018-01-04 14:00:00,27,10,17
2018-01-04 15:00:00,30,12,18
2018-01-04 16:00:00,71,20,51
2018-01-04 17:00:00,130,46,84
2018-01-04 18:00:00,64,24,40
2018-01-04 19:00:00,21,10,11
2018-01-04 20:00:00,15,8,7
2018-01-04 21:00:00,13,6,7
2018-01-04 22:00:00,4,3,1
2018-01-04 23:00:00,2,0,2
2018-01-05 00:00:00,1,1,0
2018-01-05 01:00:00,1,0,1
2018-01-05 02:00:00,0,0,0
2018-01-05 03:00:00,0,0,0
2018-01-05 04:00:00,0,0,0
2018-01-05 05:00:00,5,3,2
2018-01-05 06:00:00,20,8,12
2018-01-05 07:00:00,28,12,16
2018-01-05 08:00:00,57,33,24
2018-01-05 09:00:00,40,16,24
2018-01-05 10:00:00,15,11,4
2018-01-05 11:00:00,17,8,9
2018-01-05 12:00:00,16,6,10
2018-01-05 13:00:00,26,12,14
2018-01-05 14:00:00,18,8,10
2018-01-05 15:00:00,36,16,20
2018-01-05 16:00:00,66,17,49
2018-01-05 17:00:00,97,41,56
2018-01-05 18:00:00,36,13,23
2018-01-05 19:00:00,17,6,11
2018-01-05 20:00:00,14,3,11
2018-01-05 21:00:00,5,1,4
2018-01-05 22:00:00,5,1,4
2018-01-05 23:00:00,3,2,1
2018-01-06 00:00:00,2,1,1
2018-01-06 01:00:00,0,0,0
2018-01-06 02:00:00,0,0,0
2018-01-06 03:00:00,0,0,0
2018-01-06 04:00:00,0,0,0
2018-01-06 05:00:00,1,1,0
2018-01-06 06:00:00,1,1,0
2018-01-06 07:00:00,2,1,1
2018-01-06 08:00:00,2,1,1
2018-01-06 09:00:00,5,3,2
2018-01-06 10:00:00,4,4,0
2018-01-06 11:00:00,5,2,3
2018-01-06 12:00:00,7,4,3
2018-01-06 13:00:00,15,8,7
2018-01-06 14:00:00,10,5,5
2018-01-06 15:00:00,11,3,8
2018-01-06 16:00:00,8,5,3
2018-01-06 17:00:00,14,7,7
2018-01-06 18:00:00,8,3,5
2018-01-06 19:00:00,2,0,2
2018-01-06 20:00:00,3,0,3
2018-01-06 21:00:00,3,1,2
2018-01-06 22:00:00,0,0,0
2018-01-06 23:00:00,0,0,0
2018-01-07 00:00:00,5,1,4
2018-01-07 01:00:00,4,1,3
2018-01-07 02:00:00,0,0,0
2018-01-07 03:00:00,1,1,0
2018-01-07 04:00:00,0,0,0
2018-01-07 05:00:00,2,0,2
2018-01-07 06:00:00,3,0,3
2018-01-07 07:00:00,3,3,0
2018-01-07 08:00:00,4,4,0
2018-01-07 09:00:00,7,4,3
2018-01-07 10:00:00,11,6,5
2018-01-07 11:00:00,9,5,4
2018-01-07 12:00:00,8,4,4
2018-01-07 13:00:00,14,7,7
2018-01-07 14:00:00,5,3,2
2018-01-07 15:00:00,3,3,0
2018-01-07 16:00:00,12,4,8
2018-01-07 17:00:00,10,6,4
2018-01-07 18:00:00,9,6,3
2018-01-07 19:00:00,3,2,1
2018-01-07 20:00:00,1,0,1
2018-01-07 21:00:00,5,2,3
2018-01-07 22:00:00,2,1,1
2018-01-07 23:00:00,1,1,0
2018-01-08 00:00:00,0,0,0
2018-01-08 01:00:00,0,0,0
2018-01-08 02:00:00,1,1,0
2018-01-08 03:00:00,0,0,0
2018-01-08 04:00:00,2,0,2
2018-01-08 05:00:00,11,7,4
2018-01-08 06:00:00,26,11,15
2018-01-08 07:00:00,58,31,27
2018-01-08 08:00:00,86,38,48
2018-01-08 09:00:00,58,20,38
2018-01-08 10:00:00,26,14,12
2018-01-08 11:00:00,18,11,7
2018-01-08 12:00:00,21,5,16
2018-01-08 13:00:00,21,10,11
2018-01-08 14:00:00,25,9,16
2018-01-08 15:00:00,40,8,32
2018-01-08 16:00:00,97,37,60
2018-01-08 17:00:00,129,50,79
2018-01-08 18:00:00,50,22,28
2018-01-08 19:00:00,32,14,18
2018-01-08 20:00:00,17,8,9
2018-01-08 21:00:00,7,4,3
2018-01-08 22:00:00,3,1,2
2018-01-08 23:00:00,2,1,1
2018-01-09 00:00:00,2,1,1
2018-01-09 01:00:00,1,0,1
2018-01-09 02:00:00,0,0,0
2018-01-09 03:00:00,1,1,0
2018-01-09 04:00:00,2,1,1
2018-01-09 05:00:00,11,8,3
2018-01-09 06:00:00,33,19,14
2018-01-09 07:00:00,48,27,21
2018-01-09 08:00:00,74,34,40
2018-01-09 09:00:00,42,19,23
2018-01-09 10:00:00,14,9,5
2018-01-09 11:00:00,14,10,4
2018-01-09 12:00:00,13,6,7
2018-01-09 13:00:00,12,8,4
2018-01-09 14:00:00,19,8,11
2018-01-09 15:00:00,41,10,31
2018-01-09 16:00:00,75,16,59
2018-01-09 17:00:00,93,32,61
2018-01-09 18:00:00,56,30,26
2018-01-09 19:00:00,27,11,16
2018-01-09 20:00:00,10,4,6
2018-01-09 21:00:00,5,3,2
2018-01-09 22:00:00,3,2,1
2018-01-09 23:00:00,1,1,0
2018-01-10 00:00:00,0,0,0
2018-01-10 01:00:00,1,1,0
2018-01-10 02:00:00,0,0,0
2018-01-10 03:00:00,1,0,1
2018-01-10 04:00:00,2,1,1
2018-01-10 05:00:00,10,6,4
2018-01-10 06:00:00,32,16,16
2018-01-10 07:00:00,49,26,23
2018-01-10 08:00:00,83,43,40
2018-01-10 09:00:00,52,24,28
2018-01-10 10:00:00,17,7,10
2018-01-10 11:00:00,21,14,7
2018-01-10 12:00:00,21,10,11
2018-01-10 13:00:00,20,6,14
2018-01-10 14:00:00,25,8,17
2018-01-10 15:00:00,41,18,23
2018-01-10 16:00:00,88,37,51
2018-01-10 17:00:00,102,40,62
2018-01-10 18:00:00,52,21,31
2018-01-10 19:00:00,19,7,12
2018-01-10 20:00:00,8,4,4
2018-01-10 21:00:00,6,4,2
2018-01-10 22:00:00,5,3,2
2018-01-10 23:00:00,1,1,0
2018-01-11 00:00:00,0,0,0
2018-01-11 01:00:00,1,1,0
2018-01-11 02:00:00,0,0,0
2018-01-11 03:00:00,1,1,0
2018-01-11 04:00:00,1,0,1
2018-01-11 05:00:00,6,6,0
2018-01-11 06:00:00,16,6,10
2018-01-11 07:00:00,26,10,16
2018-01-11 08:00:00,42,17,25
2018-01-11 09:00:00,30,15,15
2018-01-11 10:00:00,16,11,5
2018-01-11 11:00:00,14,6,8
2018-01-11 12:00:00,11,6,5
2018-01-11 13:00:00,11,5,6
2018-01-11 14:00:00,20,6,14
2018-01-11 15:00:00,28,11,17
2018-01-11 16:00:00,56,14,42
2018-01-11 17:00:00,86,36,50
2018-01-11 18:00:00,52,24,28
2018-01-11 19:00:00,21,10,11
2018-01-11 20:00:00,9,5,4
2018-01-11 21:00:00,4,1,3
2018-01-11 22:00:00,4,0,4
2018-01-11 23:00:00,5,5,0
2018-01-12 00:00:00,0,0,0
2018-01-12 01:00:00,0,0,0
2018-01-12 02:00:00,1,0,1
2018-01-12 03:00:00,0,0,0
2018-01-12 04:00:00,2,0,2
2018-01-12 05:00:00,11,4,7
2018-01-12 06:00:00,18,11,7
2018-01-12 07:00:00,31,17,14
2018-01-12 08:00:00,68,28,40
2018-01-12 09:00:00,41,17,24
2018-01-12 10:00:00,32,19,13
2018-01-12 11:00:00,24,9,15
2018-01-12 12:00:00,23,14,9
2018-01-12 13:00:00,27,12,15
2018-01-12 14:00:00,34,16,18
2018-01-12 15:00:00,43,17,26
2018-01-12 16:00:00,82,25,57
2018-01-12 17:00:00,83,28,55
2018-01-12 18:00:00,51,26,25
2018-01-12 19:00:00,18,10,8
2018-01-12 20:00:00,8,2,6
2018-01-12 21:00:00,6,1,5
2018-01-12 22:00:00,1,0,1
2018-01-12 23:00:00,3,3,0
2018-01-13 00:00:00,3,1,2
2018-01-13 01:00:00,0,0,0
2018-01-13 02:00:00,3,1,2
2018-01-13 03:00:00,0,0,0
2018-01-13 04:00:00,0,0,0
2018-01-13 05:00:00,2,1,1
2018-01-13 06:00:00,2,0,2
2018-01-13 07:00:00,5,2,3
2018-01-13 08:00:00,3,2,1
2018-01-13 09:00:00,17,10,7
2018-01-13 10:00:00,17,10,7
2018-01-13 11:00:00,16,6,10
2018-01-13 12:00:00,19,9,10
2018-01-13 13:00:00,21,11,10
2018-01-13 14:00:00,16,8,8
2018-01-13 15:00:00,18,6,12
2018-01-13 16:00:00,15,8,7
2018-01-13 17:00:00,14,8,6
2018-01-13 18:00:00,13,7,6
2018-01-13 19:00:00,11,2,9
2018-01-13 20:00:00,11,6,5
2018-01-13 21:00:00,4,3,1
2018-01-13 22:00:00,4,0,4
2018-01-13 23:00:00,8,4,4
2018-01-14 00:00:00,3,1,2
2018-01-14 01:00:00,0,0,0
2018-01-14 02:00:00,0,0,0
2018-01-14 03:00:00,2,2,0
2018-01-14 04:00:00,0,0,0
2018-01-14 05:00:00,1,0,1
2018-01-14 06:00:00,2,2,0
2018-01-14 07:00:00,6,1,5
2018-01-14 08:00:00,4,2,2
2018-01-14 09:00:00,9,3,6
2018-01-14 10:00:00,12,5,7
2018-01-14 11:00:00,14,5,9
2018-01-14 12:00:00,27,14,13
2018-01-14 13:00:00,26,9,17
2018-01-14 14:00:00,24,9,15
2018-01-14 15:00:00,18,14,4
2018-01-14 16:00:00,22,7,15
2018-01-14 17:00:00,10,5,5
2018-01-14 18:00:00,16,9,7
2018-01-14 19:00:00,10,5,5
2018-01-14 20:00:00,2,0,2
2018-01-14 21:00:00,2,0,2
2018-01-14 22:00:00,3,1,2
2018-01-14 23:00:00,2,0,2
2018-01-15 00:00:00,0,0,0
2018-01-15 01:00:00,1,1,0
2018-01-15 02:00:00,1,0,1
2018-01-15 03:00:00,1,0,1
2018-01-15 04:00:00,0,0,0
2018-01-15 05:00:00,8,7,1
2018-01-15 06:00:00,17,10,7
2018-01-15 07:00:00,38,25,13
2018-01-15 08:00:00,55,22,33
2018-01-15 09:00:00,41,15,26
2018-01-15 10:00:00,17,7,10
2018-01-15 11:00:00,25,12,13
2018-01-15 12:00:00,25,11,14
2018-01-15 13:00:00,23,12,11
2018-01-15 14:00:00,27,12,15
2018-01-15 15:00:00,51,14,37
2018-01-15 16:00:00,54,16,38
2018-01-15 17:00:00,102,34,68
2018-01-15 18:00:00,32,15,17
2018-01-15 19:00:00,24,15,9
2018-01-15 20:00:00,8,3,5
2018-01-15 21:00:00,11,5,6
2018-01-15 22:00:00,3,3,0
2018-01-15 23:00:00,4,4,0
2018-01-16 00:00:00,4,3,1
2018-01-16 01:00:00,1,1,0
2018-01-16 02:00:00,1,1,0
2018-01-16 03:00:00,0,0,0
2018-01-16 04:00:00,1,0,1
2018-01-16 05:00:00,14,9,5
2018-01-16 06:00:00,27,15,12
2018-01-16 07:00:00,53,27,26
2018-01-16 08:00:00,88,38,50
2018-01-16 09:00:00,46,20,26
2018-01-16 10:00:00,21,9,12
2018-01-16 11:00:00,17,8,9
2018-01-16 12:00:00,37,21,16
2018-01-16 13:00:00,19,9,10
2018-01-16 14:00:00,22,10,12
2018-01-16 15:00:00,49,20,29
2018-01-16 16:00:00,82,30,52
2018-01-16 17:00:00,113,36,77
2018-01-16 18:00:00,59,24,35
2018-01-16 19:00:00,23,12,11
2018-01-16 20:00:00,10,5,5
2018-01-16 21:00:00,10,3,7
2018-01-16 22:00:00,3,1,2
2018-01-16 23:00:00,1,1,0
2018-01-17 00:00:00,1,1,0
2018-01-17 01:00:00,0,0,0
2018-01-17 02:00:00,1,1,0
2018-01-17 03:00:00,3,1,2
2018-01-17 04:00:00,2,1,1
2018-01-17 05:00:00,12,9,3
2018-01-17 06:00:00,32,16,16
2018-01-17 07:00:00,45,21,24
2018-01-17 08:00:00,93,42,51
2018-01-17 09:00:00,48,20,28
2018-01-17 10:00:00,32,16,16
2018-01-17 11:00:00,26,18,8
2018-01-17 12:00:00,34,15,19
2018-01-17 13:00:00,24,10,14
2018-01-17 14:00:00,26,13,13
2018-01-17 15:00:00,33,8,25
2018-01-17 16:00:00,73,23,50
2018-01-17 17:00:00,94,38,56
2018-01-17 18:00:00,59,18,41
2018-01-17 19:00:00,15,6,9
2018-01-17 20:00:00,16,7,9
2018-01-17 21:00:00,9,4,5
2018-01-17 22:00:00,4,2,2
2018-01-17 23:00:00,3,2,1
2018-01-18 00:00:00,0,0,0
2018-01-18 01:00:00,0,0,0
2018-01-18 02:00:00,1,1,0
2018-01-18 03:00:00,0,0,0
2018-01-18 04:00:00,1,0,1
2018-01-18 05:00:00,11,7,4
2018-01-18 06:00:00,26,15,11
2018-01-18 07:00:00,36,24,12
2018-01-18 08:00:00,86,43,43
2018-01-18 09:00:00,43,20,23
2018-01-18 10:00:00,25,12,13
2018-01-18 11:00:00,28,13,15
2018-01-18 12:00:00,24,11,13
2018-01-18 13:00:00,21,8,13
2018-01-18 14:00:00,17,7,10
2018-01-18 15:00:00,39,10,29
2018-01-18 16:00:00,60,27,33
2018-01-18 17:00:00,104,36,68
2018-01-18 18:00:00,59,23,36
2018-01-18 19:00:00,40,17,23
2018-01-18 20:00:00,12,5,7
2018-01-18 21:00:00,6,1,5
2018-01-18 22:00:00,5,3,2
2018-01-18 23:00:00,5,2,3
2018-01-19 00:00:00,4,2,2
2018-01-19 01:00:00,0,0,0
2018-01-19 02:00:00,0,0,0
2018-01-19 03:00:00,1,1,0
2018-01-19 04:00:00,2,2,0
2018-01-19 05:00:00,13,6,7
2018-01-19 06:00:00,15,9,6
2018-01-19 07:00:00,47,22,25
2018-01-19 08:00:00,79,36,43
2018-01-19 09:00:00,56,28,28
2018-01-19 10:00:00,24,10,14
2018-01-19 11:00:00,29,16,13
2018-01-19 12:00:00,24,14,10
2018-01-19 13:00:00,27,14,13
2018-01-19 14:00:00,27,8,19
2018-01-19 15:00:00,41,12,29
2018-01-19 16:00:00,73,27,46
2018-01-19 17:00:00,112,45,67
2018-01-19 18:00:00,41,19,22
2018-01-19 19:00:00,26,5,21
2018-01-19 20:00:00,24,3,21
2018-01-19 21:00:00,5,4,1
2018-01-19 22:00:00,8,4,4
2018-01-19 23:00:00,17,14,3
2018-01-20 00:00:00,22,20,2
2018-01-20 01:00:00,5,4,1
2018-01-20 02:00:00,1,1,0
2018-01-20 03:00:00,1,1,0
2018-01-20 04:00:00,0,0,0
2018-01-20 05:00:00,2,1,1
2018-01-20 06:00:00,0,0,0
2018-01-20 07:00:00,6,2,4
2018-01-20 08:00:00,9,2,7
2018-01-20 09:00:00,10,7,3
2018-01-20 10:00:00,9,4,5
2018-01-20 11:00:00,8,7,1
2018-01-20 12:00:00,18,10,8
2018-01-20 13:00:00,24,16,8
2018-01-20 14:00:00,25,10,15
2018-01-20 15:00:00,13,6,7
2018-01-20 16:00:00,6,2,4
2018-01-20 17:00:00,13,8,5
2018-01-20 18:00:00,5,1,4
2018-01-20 19:00:00,13,6,7
2018-01-20 20:00:00,9,5,4
2018-01-20 21:00:00,4,2,2
2018-01-20 22:00:00,4,0,4
2018-01-20 23:00:00,7,1,6
2018-01-21 00:00:00,5,2,3
2018-01-21 01:00:00,1,1,0
2018-01-21 02:00:00,2,2,0
2018-01-21 03:00:00,1,1,0
2018-01-21 04:00:00,0,0,0
2018-01-21 05:00:00,2,1,1
2018-01-21 06:00:00,0,0,0
2018-01-21 07:00:00,2,0,2
2018-01-21 08:00:00,4,2,2
2018-01-21 09:00:00,7,3,4
2018-01-21 10:00:00,6,5,1
2018-01-21 11:00:00,3,0,3
2018-01-21 12:00:00,2,1,1
2018-01-21 13:00:00,11,7,4
2018-01-21 14:00:00,5,3,2
2018-01-21 15:00:00,7,2,5
2018-01-21 16:00:00,4,3,1
2018-01-21 17:00:00,3,1,2
2018-01-21 18:00:00,7,6,1
2018-01-21 19:00:00,4,1,3
2018-01-21 20:00:00,2,1,1
2018-01-21 21:00:00,3,1,2
2018-01-21 22:00:00,3,2,1
2018-01-21 23:00:00,0,0,0
2018-01-22 00:00:00,1,0,1
2018-01-22 01:00:00,0,0,0
2018-01-22 02:00:00,0,0,0
2018-01-22 03:00:00,0,0,0
2018-01-22 04:00:00,1,0,1
2018-01-22 05:00:00,13,11,2
2018-01-22 06:00:00,27,13,14
2018-01-22 07:00:00,50,27,23
2018-01-22 08:00:00,86,35,51
2018-01-22 09:00:00,63,22,41
2018-01-22 10:00:00,16,9,7
2018-01-22 11:00:00,16,10,6
2018-01-22 12:00:00,27,15,12
2018-01-22 13:00:00,22,11,11
2018-01-22 14:00:00,27,13,14
2018-01-22 15:00:00,42,14,28
2018-01-22 16:00:00,87,37,50
2018-01-22 17:00:00,139,49,90
2018-01-22 18:00:00,65,25,40
2018-01-22 19:00:00,21,9,12
2018-01-22 20:00:00,24,11,13
2018-01-22 21:00:00,5,4,1
2018-01-22 22:00:00,4,0,4
2018-01-22 23:00:00,1,0,1
2018-01-23 00:00:00,1,0,1
2018-01-23 01:00:00,1,1,0
2018-01-23 02:00:00,1,1,0
2018-01-23 03:00:00,1,0,1
2018-01-23 04:00:00,2,1,1
2018-01-23 05:00:00,10,7,3
2018-01-23 06:00:00,29,16,13
2018-01-23 07:00:00,50,24,26
2018-01-23 08:00:00,69,31,38
2018-01-23 09:00:00,38,20,18
2018-01-23 10:00:00,12,8,4
2018-01-23 11:00:00,12,5,7
2018-01-23 12:00:00,10,2,8
2018-01-23 13:00:00,16,9,7
2018-01-23 14:00:00,17,9,8
2018-01-23 15:00:00,24,3,21
2018-01-23 16:00:00,56,21,35
2018-01-23 17:00:00,104,35,69
2018-01-23 18:00:00,48,19,29
2018-01-23 19:00:00,27,12,15
2018-01-23 20:00:00,4,1,3
2018-01-23 21:00:00,3,1,2
2018-01-23 22:00:00,5,3,2
2018-01-23 23:00:00,1,0,1
2018-01-24 00:00:00,2,2,0
2018-01-24 01:00:00,0,0,0
2018-01-24 02:00:00,0,0,0
2018-01-24 03:00:00,1,0,1
2018-01-24 04:00:00,1,0,1
2018-01-24 05:00:00,13,10,3
2018-01-24 06:00:00,29,19,10
2018-01-24 07:00:00,35,17,18
2018-01-24 08:00:00,54,26,28
2018-01-24 09:00:00,52,20,32
2018-01-24 10:00:00,11,6,5
2018-01-24 11:00:00,17,11,6
2018-01-24 12:00:00,19,7,12
2018-01-24 13:00:00,15,7,8
2018-01-24 14:00:00,13,5,8
2018-01-24 15:00:00,28,8,20
2018-01-24 16:00:00,48,15,33
2018-01-24 17:00:00,99,43,56
2018-01-24 18:00:00,41,11,30
2018-01-24 19:00:00,26,15,11
2018-01-24 20:00:00,17,7,10
2018-01-24 21:00:00,4,1,3
2018-01-24 22:00:00,6,1,5
2018-01-24 23:00:00,1,0,1
2018-01-25 00:00:00,2,1,1
2018-01-25 01:00:00,0,0,0
2018-01-25 02:00:00,4,4,0
2018-01-25 03:00:00,0,0,0
2018-01-25 04:00:00,1,0,1
2018-01-25 05:00:00,14,9,5
2018-01-25 06:00:00,25,11,14
2018-01-25 07:00:00,36,22,14
2018-01-25 08:00:00,87,35,52
2018-01-25 09:00:00,44,17,27
2018-01-25 10:00:00,14,8,6
2018-01-25 11:00:00,15,9,6
2018-01-25 12:00:00,14,8,6
2018-01-25 13:00:00,11,6,5
2018-01-25 14:00:00,17,6,11
2018-01-25 15:00:00,36,10,26
2018-01-25 16:00:00,68,21,47
2018-01-25 17:00:00,141,40,101
2018-01-25 18:00:00,66,23,43
2018-01-25 19:00:00,22,11,11
2018-01-25 20:00:00,13,5,8
2018-01-25 21:00:00,8,3,5
2018-01-25 22:00:00,5,2,3
2018-01-25 23:00:00,3,1,2
2018-01-26 00:00:00,4,4,0
2018-01-26 01:00:00,2,1,1
2018-01-26 02:00:00,0,0,0
2018-01-26 03:00:00,0,0,0
2018-01-26 04:00:00,2,1,1
2018-01-26 05:00:00,10,8,2
2018-01-26 06:00:00,25,14,11
2018-01-26 07:00:00,30,11,19
2018-01-26 08:00:00,57,25,32
2018-01-26 09:00:00,49,20,29
2018-01-26 10:00:00,19,10,9
2018-01-26 11:00:00,27,13,14
2018-01-26 12:00:00,15,8,7
2018-01-26 13:00:00,25,9,16
2018-01-26 14:00:00,22,10,12
2018-01-26 15:00:00,35,9,26
2018-01-26 16:00:00,65,23,42
2018-01-26 17:00:00,92,33,59
2018-01-26 18:00:00,35,15,20
2018-01-26 19:00:00,16,7,9
2018-01-26 20:00:00,11,6,5
2018-01-26 21:00:00,5,3,2
2018-01-26 22:00:00,7,5,2
2018-01-26 23:00:00,5,2,3
2018-01-27 00:00:00,1,0,1
2018-01-27 01:00:00,2,1,1
2018-01-27 02:00:00,1,1,0
2018-01-27 03:00:00,1,1,0
2018-01-27 04:00:00,0,0,0
2018-01-27 05:00:00,3,1,2
2018-01-27 06:00:00,0,0,0
2018-01-27 07:00:00,4,2,2
2018-01-27 08:00:00,7,7,0
2018-01-27 09:00:00,4,1,3
2018-01-27 10:00:00,8,3,5
2018-01-27 11:00:00,7,2,5
2018-01-27 12:00:00,13,8,5
2018-01-27 13:00:00,11,6,5
2018-01-27 14:00:00,5,2,3
2018-01-27 15:00:00,6,2,4
2018-01-27 16:00:00,12,10,2
2018-01-27 17:00:00,12,9,3
2018-01-27 18:00:00,11,4,7
2018-01-27 19:00:00,9,5,4
2018-01-27 20:00:00,9,6,3
2018-01-27 21:00:00,4,2,2
2018-01-27 22:00:00,5,1,4
2018-01-27 23:00:00,1,0,1
2018-01-28 00:00:00,2,1,1
2018-01-28 01:00:00,0,0,0
2018-01-28 02:00:00,2,1,1
2018-01-28 03:00:00,1,1,0
2018-01-28 04:00:00,0,0,0
2018-01-28 05:00:00,1,0,1
2018-01-28 06:00:00,2,1,1
2018-01-28 07:00:00,2,1,1
2018-01-28 08:00:00,5,1,4
2018-01-28 09:00:00,8,3,5
2018-01-28 10:00:00,10,8,2
2018-01-28 11:00:00,6,2,4
2018-01-28 12:00:00,7,3,4
2018-01-28 13:00:00,11,4,7
2018-01-28 14:00:00,9,6,3
2018-01-28 15:00:00,11,5,6
2018-01-28 16:00:00,12,8,4
2018-01-28 17:00:00,5,0,5
2018-01-28 18:00:00,14,8,6
2018-01-28 19:00:00,8,6,2
2018-01-28 20:00:00,10,6,4
2018-01-28 21:00:00,6,4,2
2018-01-28 22:00:00,5,2,3
2018-01-28 23:00:00,0,0,0
2018-01-29 00:00:00,5,2,3
2018-01-29 01:00:00,1,1,0
2018-01-29 02:00:00,2,2,0
2018-01-29 03:00:00,2,1,1
2018-01-29 04:00:00,3,1,2
2018-01-29 05:00:00,14,8,6
2018-01-29 06:00:00,32,17,15
2018-01-29 07:00:00,31,16,15
2018-01-29 08:00:00,67,27,40
2018-01-29 09:00:00,45,23,22
2018-01-29 10:00:00,17,12,5
2018-01-29 11:00:00,18,13,5
2018-01-29 12:00:00,14,6,8
2018-01-29 13:00:00,5,3,2
2018-01-29 14:00:00,15,7,8
2018-01-29 15:00:00,23,5,18
2018-01-29 16:00:00,47,16,31
2018-01-29 17:00:00,101,29,72
2018-01-29 18:00:00,49,16,33
2018-01-29 19:00:00,16,10,6
2018-01-29 20:00:00,5,1,4
2018-01-29 21:00:00,5,2,3
2018-01-29 22:00:00,2,0,2
2018-01-29 23:00:00,1,1,0
2018-01-30 00:00:00,3,1,2
2018-01-30 01:00:00,1,1,0
2018-01-30 02:00:00,1,1,0
2018-01-30 03:00:00,0,0,0
2018-01-30 04:00:00,1,0,1
2018-01-30 05:00:00,15,11,4
2018-01-30 06:00:00,27,14,13
2018-01-30 07:00:00,51,21,30
2018-01-30 08:00:00,95,45,50
2018-01-30 09:00:00,62,23,39
2018-01-30 10:00:00,33,18,15
2018-01-30 11:00:00,24,14,10
2018-01-30 12:00:00,25,10,15
2018-01-30 13:00:00,20,12,8
2018-01-30 14:00:00,25,8,17
2018-01-30 15:00:00,41,16,25
2018-01-30 16:00:00,99,35,64
2018-01-30 17:00:00,136,44,92
2018-01-30 18:00:00,61,30,31
2018-01-30 19:00:00,23,10,13
2018-01-30 20:00:00,16,6,10
2018-01-30 21:00:00,2,1,1
2018-01-30 22:00:00,4,0,4
2018-01-30 23:00:00,4,1,3
2018-01-31 00:00:00,1,1,0
2018-01-31 01:00:00,2,1,1
2018-01-31 02:00:00,0,0,0
2018-01-31 03:00:00,1,1,0
2018-01-31 04:00:00,1,0,1
2018-01-31 05:00:00,12,9,3
2018-01-31 06:00:00,26,16,10
2018-01-31 07:00:00,57,34,23
2018-01-31 08:00:00,67,28,39
2018-01-31 09:00:00,61,32,29
2018-01-31 10:00:00,24,15,9
2018-01-31 11:00:00,23,12,11
2018-01-31 12:00:00,20,12,8
2018-01-31 13:00:00,27,11,16
2018-01-31 14:00:00,21,10,11
2018-01-31 15:00:00,37,8,29
2018-01-31 16:00:00,84,28,56
2018-01-31 17:00:00,115,42,73
2018-01-31 18:00:00,68,22,46
2018-01-31 19:00:00,30,14,16
2018-01-31 20:00:00,21,13,8
2018-01-31 21:00:00,15,6,9
2018-01-31 22:00:00,6,4,2
2018-01-31 23:00:00,4,1,3
2018-02-01 00:00:00,3,2,1
2018-02-01 01:00:00,0,0,0
2018-02-01 02:00:00,1,1,0
2018-02-01 03:00:00,2,1,1
2018-02-01 04:00:00,1,0,1
2018-02-01 05:00:00,10,8,2
2018-02-01 06:00:00,26,15,11
2018-02-01 07:00:00,44,20,24
2018-02-01 08:00:00,86,40,46
2018-02-01 09:00:00,42,19,23
2018-02-01 10:00:00,16,5,11
2018-02-01 11:00:00,11,5,6
2018-02-01 12:00:00,26,15,11
2018-02-01 13:00:00,17,10,7
2018-02-01 14:00:00,26,9,17
2018-02-01 15:00:00,31,9,22
2018-02-01 16:00:00,67,22,45
2018-02-01 17:00:00,88,29,59
2018-02-01 18:00:00,41,16,25
2018-02-01 19:00:00,22,9,13
2018-02-01 20:00:00,13,8,5
2018-02-01 21:00:00,7,2,5
2018-02-01 22:00:00,8,2,6
2018-02-01 23:00:00,9,7,2
2018-02-02 00:00:00,4,1,3
2018-02-02 01:00:00,1,1,0
2018-02-02 02:00:00,1,1,0
2018-02-02 03:00:00,1,1,0
2018-02-02 04:00:00,2,1,1
2018-02-02 05:00:00,8,5,3
2018-02-02 06:00:00,23,10,13
2018-02-02 07:00:00,38,16,22
2018-02-02 08:00:00,68,27,41
2018-02-02 09:00:00,47,20,27
2018-02-02 10:00:00,21,9,12
2018-02-02 11:00:00,25,15,10
2018-02-02 12:00:00,30,11,19
2018-02-02 13:00:00,28,11,17
2018-02-02 14:00:00,19,8,11
2018-02-02 15:00:00,45,13,32
2018-02-02 16:00:00,83,30,53
2018-02-02 17:00:00,106,36,70
2018-02-02 18:00:00,43,15,28
2018-02-02 19:00:00,19,6,13
2018-02-02 20:00:00,15,8,7
2018-02-02 21:00:00,9,5,4
2018-02-02 22:00:00,3,0,3
2018-02-02 23:00:00,4,1,3
2018-02-03 00:00:00,3,1,2
2018-02-03 01:00:00,1,0,1
2018-02-03 02:00:00,1,1,0
2018-02-03 03:00:00,0,0,0
2018-02-03 04:00:00,2,0,2
2018-02-03 05:00:00,5,2,3
2018-02-03 06:00:00,5,0,5
2018-02-03 07:00:00,5,5,0
2018-02-03 08:00:00,8,3,5
2018-02-03 09:00:00,10,1,9
2018-02-03 10:00:00,11,8,3
2018-02-03 11:00:00,9,6,3
2018-02-03 12:00:00,18,4,14
2018-02-03 13:00:00,21,11,10
2018-02-03 14:00:00,21,12,9
2018-02-03 15:00:00,13,6,7
2018-02-03 16:00:00,14,6,8
2018-02-03 17:00:00,12,6,6
2018-02-03 18:00:00,5,2,3
2018-02-03 19:00:00,3,2,1
2018-02-03 20:00:00,13,6,7
2018-02-03 21:00:00,3,2,1
2018-02-03 22:00:00,2,2,0
2018-02-03 23:00:00,3,1,2
2018-02-04 00:00:00,1,1,0
2018-02-04 01:00:00,1,0,1
2018-02-04 02:00:00,0,0,0
2018-02-04 03:00:00,2,1,1
2018-02-04 04:00:00,0,0,0
2018-02-04 05:00:00,1,0,1
2018-02-04 06:00:00,0,0,0
2018-02-04 07:00:00,7,3,4
2018-02-04 08:00:00,7,4,3
2018-02-04 09:00:00,6,3,3
2018-02-04 10:00:00,6,2,4
2018-02-04 11:00:00,6,4,2
2018-02-04 12:00:00,13,6,7
2018-02-04 13:00:00,18,9,9
2018-02-04 14:00:00,17,6,11
2018-02-04 15:00:00,19,10,9
2018-02-04 16:00:00,13,4,9
2018-02-04 17:00:00,8,3,5
2018-02-04 18:00:00,3,1,2
2018-02-04 19:00:00,11,5,6
2018-02-04 20:00:00,5,1,4
2018-02-04 21:00:00,4,1,3
2018-02-04 22:00:00,5,3,2
2018-02-04 23:00:00,3,2,1
2018-02-05 00:00:00,3,1,2
2018-02-05 01:00:00,0,0,0
2018-02-05 02:00:00,1,1,0
2018-02-05 03:00:00,0,0,0
2018-02-05 04:00:00,3,1,2
2018-02-05 05:00:00,15,10,5
2018-02-05 06:00:00,35,22,13
2018-02-05 07:00:00,52,32,20
2018-02-05 08:00:00,110,52,58
2018-02-05 09:00:00,65,32,33
2018-02-05 10:00:00,18,7,11
2018-02-05 11:00:00,28,13,15
2018-02-05 12:00:00,15,10,5
2018-02-05 13:00:00,24,12,12
2018-02-05 14:00:00,23,7,16
2018-02-05 15:00:00,48,14,34
2018-02-05 16:00:00,87,23,64
2018-02-05 17:00:00,141,60,81
2018-02-05 18:00:00,67,18,49
2018-02-05 19:00:00,22,9,13
2018-02-05 20:00:00,7,2,5
2018-02-05 21:00:00,10,4,6
2018-02-05 22:00:00,2,1,1
2018-02-05 23:00:00,0,0,0
2018-02-06 00:00:00,2,1,1
2018-02-06 01:00:00,2,2,0
2018-02-06 02:00:00,2,1,1
2018-02-06 03:00:00,0,0,0
2018-02-06 04:00:00,3,2,1
2018-02-06 05:00:00,14,8,6
2018-02-06 06:00:00,40,26,14
2018-02-06 07:00:00,62,34,28
2018-02-06 08:00:00,97,52,45
2018-02-06 09:00:00,60,27,33
2018-02-06 10:00:00,21,12,9
2018-02-06 11:00:00,29,16,13
2018-02-06 12:00:00,26,19,7
2018-02-06 13:00:00,32,17,15
2018-02-06 14:00:00,25,12,13
2018-02-06 15:00:00,41,10,31
2018-02-06 16:00:00,105,33,72
2018-02-06 17:00:00,119,38,81
2018-02-06 18:00:00,72,29,43
2018-02-06 19:00:00,22,10,12
2018-02-06 20:00:00,14,6,8
2018-02-06 21:00:00,8,4,4
2018-02-06 22:00:00,6,1,5
2018-02-06 23:00:00,4,2,2
2018-02-07 00:00:00,0,0,0
2018-02-07 01:00:00,2,1,1
2018-02-07 02:00:00,0,0,0
2018-02-07 03:00:00,1,1,0
2018-02-07 04:00:00,2,1,1
2018-02-07 05:00:00,13,10,3
2018-02-07 06:00:00,36,25,11
2018-02-07 07:00:00,54,34,20
2018-02-07 08:00:00,95,45,50
2018-02-07 09:00:00,73,37,36
2018-02-07 10:00:00,19,8,11
2018-02-07 11:00:00,19,5,14
2018-02-07 12:00:00,31,17,14
2018-02-07 13:00:00,27,10,17
2018-02-07 14:00:00,27,10,17
2018-02-07 15:00:00,44,10,34
2018-02-07 16:00:00,87,26,61
2018-02-07 17:00:00,153,48,105
2018-02-07 18:00:00,71,19,52
2018-02-07 19:00:00,32,11,21
2018-02-07 20:00:00,15,8,7
2018-02-07 21:00:00,14,10,4
2018-02-07 22:00:00,4,3,1
2018-02-07 23:00:00,1,1,0
2018-02-08 00:00:00,1,1,0
2018-02-08 01:00:00,1,0,1
2018-02-08 02:00:00,2,1,1
2018-02-08 03:00:00,0,0,0
2018-02-08 04:00:00,1,0,1
2018-02-08 05:00:00,12,10,2
2018-02-08 06:00:00,34,19,15
2018-02-08 07:00:00,58,27,31
2018-02-08 08:00:00,88,37,51
2018-02-08 09:00:00,54,25,29
2018-02-08 10:00:00,19,13,6
2018-02-08 11:00:00,32,13,19
2018-02-08 12:00:00,28,13,15
2018-02-08 13:00:00,12,6,6
2018-02-08 14:00:00,27,12,15
2018-02-08 15:00:00,49,18,31
2018-02-08 16:00:00,85,30,55
2018-02-08 17:00:00,110,33,77
2018-02-08 18:00:00,56,14,42
2018-02-08 19:00:00,26,6,20
2018-02-08 20:00:00,12,8,4
2018-02-08 21:00:00,8,3,5
2018-02-08 22:00:00,3,0,3
2018-02-08 23:00:00,4,2,2
2018-02-09 00:00:00,3,2,1
2018-02-09 01:00:00,0,0,0
2018-02-09 02:00:00,0,0,0
2018-02-09 03:00:00,0,0,0
2018-02-09 04:00:00,4,1,3
2018-02-09 05:00:00,17,11,6
2018-02-09 06:00:00,27,15,12
2018-02-09 07:00:00,47,21,26
2018-02-09 08:00:00,86,42,44
2018-02-09 09:00:00,48,24,24
2018-02-09 10:00:00,24,13,11
2018-02-09 11:00:00,35,16,19
2018-02-09 12:00:00,35,15,20
2018-02-09 13:00:00,27,12,15
2018-02-09 14:00:00,28,12,16
2018-02-09 15:00:00,56,22,34
2018-02-09 16:00:00,92,36,56
2018-02-09 17:00:00,115,42,73
2018-02-09 18:00:00,60,18,42
2018-02-09 19:00:00,20,9,11
2018-02-09 20:00:00,10,4,6
2018-02-09 21:00:00,4,1,3
2018-02-09 22:00:00,6,2,4
2018-02-09 23:00:00,4,1,3
2018-02-10 00:00:00,1,0,1
2018-02-10 01:00:00,0,0,0
2018-02-10 02:00:00,2,2,0
2018-02-10 03:00:00,0,0,0
2018-02-10 04:00:00,0,0,0
2018-02-10 05:00:00,1,1,0
2018-02-10 06:00:00,2,0,2
2018-02-10 07:00:00,5,3,2
2018-02-10 08:00:00,8,6,2
2018-02-10 09:00:00,13,3,10
2018-02-10 10:00:00,17,11,6
2018-02-10 11:00:00,21,7,14
2018-02-10 12:00:00,30,11,19
2018-02-10 13:00:00,36,13,23
2018-02-10 14:00:00,26,17,9
2018-02-10 15:00:00,22,11,11
2018-02-10 16:00:00,29,16,13
2018-02-10 17:00:00,27,12,15
2018-02-10 18:00:00,15,8,7
2018-02-10 19:00:00,4,1,3
2018-02-10 20:00:00,7,2,5
2018-02-10 21:00:00,5,2,3
2018-02-10 22:00:00,11,6,5
2018-02-10 23:00:00,6,2,4
2018-02-11 00:00:00,1,0,1
2018-02-11 01:00:00,3,1,2
2018-02-11 02:00:00,1,1,0
2018-02-11 03:00:00,0,0,0
2018-02-11 04:00:00,0,0,0
2018-02-11 05:00:00,2,0,2
2018-02-11 06:00:00,0,0,0
2018-02-11 07:00:00,2,1,1
2018-02-11 08:00:00,7,4,3
2018-02-11 09:00:00,7,6,1
2018-02-11 10:00:00,10,3,7
2018-02-11 11:00:00,26,8,18
2018-02-11 12:00:00,24,11,13
2018-02-11 13:00:00,18,10,8
2018-02-11 14:00:00,20,9,11
2018-02-11 15:00:00,22,13,9
2018-02-11 16:00:00,23,15,8
2018-02-11 17:00:00,13,7,6
2018-02-11 18:00:00,13,11,2
2018-02-11 19:00:00,5,4,1
2018-02-11 20:00:00,7,5,2
2018-02-11 21:00:00,4,1,3
2018-02-11 22:00:00,5,2,3
2018-02-11 23:00:00,2,1,1
2018-02-12 00:00:00,1,1,0
2018-02-12 01:00:00,0,0,0
2018-02-12 02:00:00,1,1,0
2018-02-12 03:00:00,0,0,0
2018-02-12 04:00:00,3,0,3
2018-02-12 05:00:00,17,10,7
2018-02-12 06:00:00,31,17,14
2018-02-12 07:00:00,58,28,30
2018-02-12 08:00:00,110,53,57
2018-02-12 09:00:00,74,34,40
2018-02-12 10:00:00,32,20,12
2018-02-12 11:00:00,28,17,11
2018-02-12 12:00:00,33,18,15
2018-02-12 13:00:00,25,14,11
2018-02-12 14:00:00,30,13,17
2018-02-12 15:00:00,41,10,31
2018-02-12 16:00:00,89,34,55
2018-02-12 17:00:00,131,43,88
2018-02-12 18:00:00,69,20,49
2018-02-12 19:00:00,33,16,17
2018-02-12 20:00:00,16,4,12
2018-02-12 21:00:00,7,2,5
2018-02-12 22:00:00,8,4,4
2018-02-12 23:00:00,2,1,1
2018-02-13 00:00:00,1,1,0
2018-02-13 01:00:00,3,2,1
2018-02-13 02:00:00,3,2,1
2018-02-13 03:00:00,2,1,1
2018-02-13 04:00:00,2,1,1
2018-02-13 05:00:00,9,7,2
2018-02-13 06:00:00,33,15,18
2018-02-13 07:00:00,55,27,28
2018-02-13 08:00:00,106,47,59
2018-02-13 09:00:00,49,25,24
2018-02-13 10:00:00,28,12,16
2018-02-13 11:00:00,23,12,11
2018-02-13 12:00:00,43,21,22
2018-02-13 13:00:00,28,16,12
2018-02-13 14:00:00,30,13,17
2018-02-13 15:00:00,48,11,37
2018-02-13 16:00:00,103,25,78
2018-02-13 17:00:00,122,50,72
2018-02-13 18:00:00,65,25,40
2018-02-13 19:00:00,20,6,14
2018-02-13 20:00:00,5,4,1
2018-02-13 21:00:00,15,7,8
2018-02-13 22:00:00,1,1,0
2018-02-13 23:00:00,3,1,2
2018-02-14 00:00:00,1,0,1
2018-02-14 01:00:00,0,0,0
2018-02-14 02:00:00,2,1,1
2018-02-14 03:00:00,0,0,0
2018-02-14 04:00:00,2,1,1
2018-02-14 05:00:00,12,9,3
2018-02-14 06:00:00,29,16,13
2018-02-14 07:00:00,37,20,17
2018-02-14 08:00:00,82,37,45
2018-02-14 09:00:00,42,20,22
2018-02-14 10:00:00,20,9,11
2018-02-14 11:00:00,33,17,16
2018-02-14 12:00:00,31,19,12
2018-02-14 13:00:00,18,11,7
2018-02-14 14:00:00,26,11,15
2018-02-14 15:00:00,33,9,24
2018-02-14 16:00:00,92,38,54
2018-02-14 17:00:00,111,37,74
2018-02-14 18:00:00,65,23,42
2018-02-14 19:00:00,21,8,13
2018-02-14 20:00:00,10,2,8
2018-02-14 21:00:00,3,1,2
2018-02-14 22:00:00,4,1,3
2018-02-14 23:00:00,2,0,2
2018-02-15 00:00:00,1,0,1
2018-02-15 01:00:00,2,2,0
2018-02-15 02:00:00,0,0,0
2018-02-15 03:00:00,1,1,0
2018-02-15 04:00:00,2,1,1
2018-02-15 05:00:00,12,9,3
2018-02-15 06:00:00,29,14,15
2018-02-15 07:00:00,55,29,26
2018-02-15 08:00:00,100,44,56
2018-02-15 09:00:00,56,22,34
2018-02-15 10:00:00,29,18,11
2018-02-15 11:00:00,32,14,18
2018-02-15 12:00:00,28,13,15
2018-02-15 13:00:00,22,9,13
2018-02-15 14:00:00,25,16,9
2018-02-15 15:00:00,41,6,35
2018-02-15 16:00:00,93,25,68
2018-02-15 17:00:00,133,50,83
2018-02-15 18:00:00,59,23,36
2018-02-15 19:00:00,27,8,19
2018-02-15 20:00:00,15,7,8
2018-02-15 21:00:00,6,2,4
2018-02-15 22:00:00,7,6,1
2018-02-15 23:00:00,1,0,1
2018-02-16 00:00:00,4,2,2
2018-02-16 01:00:00,1,0,1
2018-02-16 02:00:00,0,0,0
2018-02-16 03:00:00,0,0,0
2018-02-16 04:00:00,2,0,2
2018-02-16 05:00:00,11,10,1
2018-02-16 06:00:00,18,10,8
2018-02-16 07:00:00,37,20,17
2018-02-16 08:00:00,67,30,37
2018-02-16 09:00:00,47,30,17
2018-02-16 10:00:00,24,11,13
2018-02-16 11:00:00,22,11,11
2018-02-16 12:00:00,33,18,15
2018-02-16 13:00:00,28,7,21
2018-02-16 14:00:00,22,10,12
2018-02-16 15:00:00,48,16,32
2018-02-16 16:00:00,75,36,39
2018-02-16 17:00:00,108,38,70
2018-02-16 18:00:00,41,17,24
2018-02-16 19:00:00,23,9,14
2018-02-16 20:00:00,13,5,8
2018-02-16 21:00:00,7,4,3
2018-02-16 22:00:00,7,5,2
2018-02-16 23:00:00,1,0,1
2018-02-17 00:00:00,3,2,1
2018-02-17 01:00:00,4,1,3
2018-02-17 02:00:00,2,0,2
2018-02-17 03:00:00,3,2,1
2018-02-17 04:00:00,0,0,0
2018-02-17 05:00:00,0,0,0
2018-02-17 06:00:00,4,1,3
2018-02-17 07:00:00,4,3,1
2018-02-17 08:00:00,4,4,0
2018-02-17 09:00:00,2,1,1
2018-02-17 10:00:00,7,2,5
2018-02-17 11:00:00,14,7,7
2018-02-17 12:00:00,8,4,4
2018-02-17 13:00:00,14,7,7
2018-02-17 14:00:00,15,10,5
2018-02-17 15:00:00,18,7,11
2018-02-17 16:00:00,12,10,2
2018-02-17 17:00:00,15,11,4
2018-02-17 18:00:00,11,5,6
2018-02-17 19:00:00,6,2,4
2018-02-17 20:00:00,5,2,3
2018-02-17 21:00:00,7,3,4
2018-02-17 22:00:00,3,2,1
2018-02-17 23:00:00,4,1,3
2018-02-18 00:00:00,1,0,1
2018-02-18 01:00:00,0,0,0
2018-02-18 02:00:00,0,0,0
2018-02-18 03:00:00,2,1,1
2018-02-18 04:00:00,0,0,0
2018-02-18 05:00:00,0,0,0
2018-02-18 06:00:00,3,0,3
2018-02-18 07:00:00,1,1,0
2018-02-18 08:00:00,1,0,1
2018-02-18 09:00:00,7,4,3
2018-02-18 10:00:00,4,3,1
2018-02-18 11:00:00,11,6,5
2018-02-18 12:00:00,10,6,4
2018-02-18 13:00:00,5,3,2
2018-02-18 14:00:00,4,1,3
2018-02-18 15:00:00,7,4,3
2018-02-18 16:00:00,7,2,5
2018-02-18 17:00:00,8,4,4
2018-02-18 18:00:00,4,0,4
2018-02-18 19:00:00,5,2,3
2018-02-18 20:00:00,4,2,2
2018-02-18 21:00:00,2,2,0
2018-02-18 22:00:00,1,1,0
2018-02-18 23:00:00,4,3,1
2018-02-19 00:00:00,1,1,0
2018-02-19 01:00:00,1,1,0
2018-02-19 02:00:00,0,0,0
2018-02-19 03:00:00,0,0,0
2018-02-19 04:00:00,0,0,0
2018-02-19 05:00:00,4,3,1
2018-02-19 06:00:00,13,7,6
2018-02-19 07:00:00,17,10,7
2018-02-19 08:00:00,20,14,6
2018-02-19 09:00:00,23,13,10
2018-02-19 10:00:00,27,10,17
2018-02-19 11:00:00,15,9,6
2018-02-19 12:00:00,15,8,7
2018-02-19 13:00:00,17,9,8
2018-02-19 14:00:00,16,6,10
2018-02-19 15:00:00,23,10,13
2018-02-19 16:00:00,27,6,21
2018-02-19 17:00:00,37,17,20
2018-02-19 18:00:00,18,2,16
2018-02-19 19:00:00,14,7,7
2018-02-19 20:00:00,8,3,5
2018-02-19 21:00:00,5,1,4
2018-02-19 22:00:00,3,0,3
2018-02-19 23:00:00,1,0,1
2018-02-20 00:00:00,3,2,1
2018-02-20 01:00:00,1,1,0
2018-02-20 02:00:00,1,1,0
2018-02-20 03:00:00,0,0,0
2018-02-20 04:00:00,1,0,1
2018-02-20 05:00:00,5,5,0
2018-02-20 06:00:00,25,12,13
2018-02-20 07:00:00,43,23,20
2018-02-20 08:00:00,66,26,40
2018-02-20 09:00:00,34,12,22
2018-02-20 10:00:00,19,11,8
2018-02-20 11:00:00,21,12,9
2018-02-20 12:00:00,24,17,7
2018-02-20 13:00:00,20,13,7
2018-02-20 14:00:00,20,7,13
2018-02-20 15:00:00,26,9,17
2018-02-20 16:00:00,59,22,37
2018-02-20 17:00:00,81,29,52
2018-02-20 18:00:00,56,17,39
2018-02-20 19:00:00,17,9,8
2018-02-20 20:00:00,10,6,4
2018-02-20 21:00:00,7,2,5
2018-02-20 22:00:00,6,3,3
2018-02-20 23:00:00,1,1,0
2018-02-21 00:00:00,0,0,0
2018-02-21 01:00:00,1,0,1
2018-02-21 02:00:00,1,0,1
2018-02-21 03:00:00,0,0,0
2018-02-21 04:00:00,0,0,0
2018-02-21 05:00:00,8,5,3
2018-02-21 06:00:00,25,14,11
2018-02-21 07:00:00,43,19,24
2018-02-21 08:00:00,66,28,38
2018-02-21 09:00:00,49,19,30
2018-02-21 10:00:00,30,17,13
2018-02-21 11:00:00,28,15,13
2018-02-21 12:00:00,13,9,4
2018-02-21 13:00:00,21,10,11
2018-02-21 14:00:00,21,10,11
2018-02-21 15:00:00,32,12,20
2018-02-21 16:00:00,62,19,43
2018-02-21 17:00:00,92,36,56
2018-02-21 18:00:00,47,21,26
2018-02-21 19:00:00,23,8,15
2018-02-21 20:00:00,13,5,8
2018-02-21 21:00:00,3,1,2
2018-02-21 22:00:00,2,0,2
2018-02-21 23:00:00,2,2,0
2018-02-22 00:00:00,1,1,0
2018-02-22 01:00:00,0,0,0
2018-02-22 02:00:00,0,0,0
2018-02-22 03:00:00,0,0,0
2018-02-22 04:00:00,0,0,0
2018-02-22 05:00:00,7,5,2
2018-02-22 06:00:00,14,8,6
2018-02-22 07:00:00,14,9,5
2018-02-22 08:00:00,29,17,12
2018-02-22 09:00:00,14,3,11
2018-02-22 10:00:00,15,8,7
2018-02-22 11:00:00,14,6,8
2018-02-22 12:00:00,18,10,8
2018-02-22 13:00:00,18,10,8
2018-02-22 14:00:00,13,6,7
2018-02-22 15:00:00,21,5,16
2018-02-22 16:00:00,36,8,28
2018-02-22 17:00:00,44,21,23
2018-02-22 18:00:00,25,11,14
2018-02-22 19:00:00,16,5,11
2018-02-22 20:00:00,7,4,3
2018-02-22 21:00:00,6,3,3
2018-02-22 22:00:00,7,2,5
2018-02-22 23:00:00,3,2,1
2018-02-23 00:00:00,1,1,0
2018-02-23 01:00:00,1,0,1
2018-02-23 02:00:00,0,0,0
2018-02-23 03:00:00,0,0,0
2018-02-23 04:00:00,2,1,1
2018-02-23 05:00:00,5,3,2
2018-02-23 06:00:00,14,10,4
2018-02-23 07:00:00,30,16,14
2018-02-23 08:00:00,42,14,28
2018-02-23 09:00:00,27,12,15
2018-02-23 10:00:00,19,9,10
2018-02-23 11:00:00,21,11,10
2018-02-23 12:00:00,20,12,8
2018-02-23 13:00:00,17,5,12
2018-02-23 14:00:00,19,10,9
2018-02-23 15:00:00,37,11,26
2018-02-23 16:00:00,51,13,38
2018-02-23 17:00:00,56,24,32
2018-02-23 18:00:00,18,10,8
2018-02-23 19:00:00,9,3,6
2018-02-23 20:00:00,8,4,4
2018-02-23 21:00:00,4,2,2
2018-02-23 22:00:00,3,0,3
2018-02-23 23:00:00,3,1,2
2018-02-24 00:00:00,1,1,0
2018-02-24 01:00:00,0,0,0
2018-02-24 02:00:00,2,0,2
2018-02-24 03:00:00,1,1,0
2018-02-24 04:00:00,0,0,0
2018-02-24 05:00:00,1,0,1
2018-02-24 06:00:00,2,0,2
2018-02-24 07:00:00,2,2,0
2018-02-24 08:00:00,5,4,1
2018-02-24 09:00:00,7,4,3
2018-02-24 10:00:00,8,6,2
2018-02-24 11:00:00,4,3,1
2018-02-24 12:00:00,10,4,6
2018-02-24 13:00:00,12,6,6
2018-02-24 14:00:00,16,4,12
2018-02-24 15:00:00,14,3,11
2018-02-24 16:00:00,23,8,15
2018-02-24 17:00:00,19,2,17
2018-02-24 18:00:00,11,6,5
2018-02-24 19:00:00,13,5,8
2018-02-24 20:00:00,9,5,4
2018-02-24 21:00:00,5,0,5
2018-02-24 22:00:00,3,2,1
2018-02-24 23:00:00,5,3,2
2018-02-25 00:00:00,0,0,0
2018-02-25 01:00:00,3,1,2
2018-02-25 02:00:00,1,0,1
2018-02-25 03:00:00,1,1,0
2018-02-25 04:00:00,0,0,0
2018-02-25 05:00:00,0,0,0
2018-02-25 06:00:00,4,2,2
2018-02-25 07:00:00,15,3,12
2018-02-25 08:00:00,25,5,20
2018-02-25 09:00:00,13,5,8
2018-02-25 10:00:00,8,6,2
2018-02-25 11:00:00,9,2,7
2018-02-25 12:00:00,16,7,9
2018-02-25 13:00:00,28,19,9
2018-02-25 14:00:00,48,38,10
2018-02-25 15:00:00,21,15,6
2018-02-25 16:00:00,16,13,3
2018-02-25 17:00:00,17,9,8
2018-02-25 18:00:00,8,5,3
2018-02-25 19:00:00,14,8,6
2018-02-25 20:00:00,2,0,2
2018-02-25 21:00:00,7,2,5
2018-02-25 22:00:00,2,1,1
2018-02-25 23:00:00,1,0,1
2018-02-26 00:00:00,1,1,0
2018-02-26 01:00:00,0,0,0
2018-02-26 02:00:00,2,1,1
2018-02-26 03:00:00,1,1,0
2018-02-26 04:00:00,1,1,0
2018-02-26 05:00:00,14,11,3
2018-02-26 06:00:00,26,16,10
2018-02-26 07:00:00,61,29,32
2018-02-26 08:00:00,93,47,46
2018-02-26 09:00:00,54,25,29
2018-02-26 10:00:00,20,8,12
2018-02-26 11:00:00,14,7,7
2018-02-26 12:00:00,28,17,11
2018-02-26 13:00:00,31,17,14
2018-02-26 14:00:00,34,18,16
2018-02-26 15:00:00,35,9,26
2018-02-26 16:00:00,88,28,60
2018-02-26 17:00:00,127,50,77
2018-02-26 18:00:00,57,25,32
2018-02-26 19:00:00,29,12,17
2018-02-26 20:00:00,12,5,7
2018-02-26 21:00:00,5,1,4
2018-02-26 22:00:00,6,3,3
2018-02-26 23:00:00,5,1,4
2018-02-27 00:00:00,3,3,0
2018-02-27 01:00:00,0,0,0
2018-02-27 02:00:00,3,2,1
2018-02-27 03:00:00,1,1,0
2018-02-27 04:00:00,1,0,1
2018-02-27 05:00:00,16,10,6
2018-02-27 06:00:00,29,14,15
2018-02-27 07:00:00,62,31,31
2018-02-27 08:00:00,113,55,58
2018-02-27 09:00:00,52,24,28
2018-02-27 10:00:00,25,13,12
2018-02-27 11:00:00,26,14,12
2018-02-27 12:00:00,17,9,8
2018-02-27 13:00:00,26,14,12
2018-02-27 14:00:00,19,12,7
2018-02-27 15:00:00,46,12,34
2018-02-27 16:00:00,70,23,47
2018-02-27 17:00:00,106,41,65
2018-02-27 18:00:00,62,26,36
2018-02-27 19:00:00,28,9,19
2018-02-27 20:00:00,4,2,2
2018-02-27 21:00:00,7,3,4
2018-02-27 22:00:00,4,3,1
2018-02-27 23:00:00,4,2,2
2018-02-28 00:00:00,3,1,2
2018-02-28 01:00:00,2,1,1
2018-02-28 02:00:00,0,0,0
2018-02-28 03:00:00,1,1,0
2018-02-28 04:00:00,1,1,0
2018-02-28 05:00:00,8,7,1
2018-02-28 06:00:00,35,21,14
2018-02-28 07:00:00,48,19,29
2018-02-28 08:00:00,88,40,48
2018-02-28 09:00:00,51,22,29
2018-02-28 10:00:00,16,6,10
2018-02-28 11:00:00,28,8,20
2018-02-28 12:00:00,20,9,11
2018-02-28 13:00:00,15,9,6
2018-02-28 14:00:00,19,11,8
2018-02-28 15:00:00,31,10,21
2018-02-28 16:00:00,63,26,37
2018-02-28 17:00:00,97,29,68
2018-02-28 18:00:00,45,17,28
2018-02-28 19:00:00,18,7,11
2018-02-28 20:00:00,16,5,11
2018-02-28 21:00:00,2,1,1
2018-02-28 22:00:00,3,2,1
2018-02-28 23:00:00,2,1,1
2018-03-01 00:00:00,1,1,0
2018-03-01 01:00:00,2,2,0
2018-03-01 02:00:00,1,1,0
2018-03-01 03:00:00,0,0,0
2018-03-01 04:00:00,0,0,0
2018-03-01 05:00:00,13,8,5
2018-03-01 06:00:00,34,21,13
2018-03-01 07:00:00,55,25,30
2018-03-01 08:00:00,98,37,61
2018-03-01 09:00:00,60,27,33
2018-03-01 10:00:00,30,16,14
2018-03-01 11:00:00,17,8,9
2018-03-01 12:00:00,34,15,19
2018-03-01 13:00:00,19,11,8
2018-03-01 14:00:00,36,16,20
2018-03-01 15:00:00,55,12,43
2018-03-01 16:00:00,122,38,84
2018-03-01 17:00:00,143,45,98
2018-03-01 18:00:00,100,34,66
2018-03-01 19:00:00,34,15,19
2018-03-01 20:00:00,26,12,14
2018-03-01 21:00:00,27,16,11
2018-03-01 22:00:00,9,6,3
2018-03-01 23:00:00,2,1,1
2018-03-02 00:00:00,1,1,0
2018-03-02 01:00:00,2,1,1
2018-03-02 02:00:00,1,1,0
2018-03-02 03:00:00,0,0,0
2018-03-02 04:00:00,2,0,2
2018-03-02 05:00:00,9,6,3
2018-03-02 06:00:00,32,16,16
2018-03-02 07:00:00,46,24,22
2018-03-02 08:00:00,79,39,40
2018-03-02 09:00:00,54,24,30
2018-03-02 10:00:00,22,11,11
2018-03-02 11:00:00,26,11,15
2018-03-02 12:00:00,31,13,18
2018-03-02 13:00:00,38,21,17
2018-03-02 14:00:00,27,13,14
2018-03-02 15:00:00,43,16,27
2018-03-02 16:00:00,88,27,61
2018-03-02 17:00:00,113,49,64
2018-03-02 18:00:00,46,15,31
2018-03-02 19:00:00,24,11,13
2018-03-02 20:00:00,11,5,6
2018-03-02 21:00:00,9,3,6
2018-03-02 22:00:00,12,5,7
2018-03-02 23:00:00,5,0,5
2018-03-03 00:00:00,6,5,1
2018-03-03 01:00:00,0,0,0
2018-03-03 02:00:00,2,2,0
2018-03-03 03:00:00,1,0,1
2018-03-03 04:00:00,0,0,0
2018-03-03 05:00:00,0,0,0
2018-03-03 06:00:00,8,3,5
2018-03-03 07:00:00,6,4,2
2018-03-03 08:00:00,10,7,3
2018-03-03 09:00:00,10,2,8
2018-03-03 10:00:00,24,15,9
2018-03-03 11:00:00,29,17,12
2018-03-03 12:00:00,33,11,22
2018-03-03 13:00:00,44,18,26
2018-03-03 14:00:00,28,15,13
2018-03-03 15:00:00,25,7,18
2018-03-03 16:00:00,40,19,21
2018-03-03 17:00:00,21,12,9
2018-03-03 18:00:00,20,8,12
2018-03-03 19:00:00,15,4,11
2018-03-03 20:00:00,7,1,6
2018-03-03 21:00:00,6,2,4
2018-03-03 22:00:00,2,0,2
2018-03-03 23:00:00,4,1,3
2018-03-04 00:00:00,6,2,4
2018-03-04 01:00:00,1,0,1
2018-03-04 02:00:00,3,1,2
2018-03-04 03:00:00,2,2,0
2018-03-04 04:00:00,0,0,0
2018-03-04 05:00:00,1,0,1
2018-03-04 06:00:00,2,0,2
2018-03-04 07:00:00,3,1,2
2018-03-04 08:00:00,7,1,6
2018-03-04 09:00:00,12,3,9
2018-03-04 10:00:00,10,5,5
2018-03-04 11:00:00,22,11,11
2018-03-04 12:00:00,30,8,22
2018-03-04 13:00:00,31,6,25
2018-03-04 14:00:00,23,11,12
2018-03-04 15:00:00,24,15,9
2018-03-04 16:00:00,29,22,7
2018-03-04 17:00:00,8,3,5
2018-03-04 18:00:00,9,2,7
2018-03-04 19:00:00,10,5,5
2018-03-04 20:00:00,5,3,2
2018-03-04 21:00:00,5,3,2
2018-03-04 22:00:00,1,1,0
2018-03-04 23:00:00,2,1,1
2018-03-05 00:00:00,3,2,1
2018-03-05 01:00:00,0,0,0
2018-03-05 02:00:00,1,1,0
2018-03-05 03:00:00,0,0,0
2018-03-05 04:00:00,1,0,1
2018-03-05 05:00:00,15,9,6
2018-03-05 06:00:00,47,27,20
2018-03-05 07:00:00,64,29,35
2018-03-05 08:00:00,101,44,57
2018-03-05 09:00:00,57,35,22
2018-03-05 10:00:00,25,15,10
2018-03-05 11:00:00,20,5,15
2018-03-05 12:00:00,27,14,13
2018-03-05 13:00:00,27,14,13
2018-03-05 14:00:00,23,9,14
2018-03-05 15:00:00,53,19,34
2018-03-05 16:00:00,87,32,55
2018-03-05 17:00:00,137,48,89
2018-03-05 18:00:00,69,34,35
2018-03-05 19:00:00,23,12,11
2018-03-05 20:00:00,8,2,6
2018-03-05 21:00:00,11,3,8
2018-03-05 22:00:00,8,3,5
2018-03-05 23:00:00,1,0,1
2018-03-06 00:00:00,2,1,1
2018-03-06 01:00:00,3,2,1
2018-03-06 02:00:00,1,1,0
2018-03-06 03:00:00,0,0,0
2018-03-06 04:00:00,0,0,0
2018-03-06 05:00:00,10,7,3
2018-03-06 06:00:00,45,27,18
2018-03-06 07:00:00,78,37,41
2018-03-06 08:00:00,121,48,73
2018-03-06 09:00:00,79,40,39
2018-03-06 10:00:00,21,8,13
2018-03-06 11:00:00,32,14,18
2018-03-06 12:00:00,37,18,19
2018-03-06 13:00:00,46,23,23
2018-03-06 14:00:00,31,17,14
2018-03-06 15:00:00,53,11,42
2018-03-06 16:00:00,115,34,81
2018-03-06 17:00:00,161,63,98
2018-03-06 18:00:00,67,28,39
2018-03-06 19:00:00,32,16,16
2018-03-06 20:00:00,23,11,12
2018-03-06 21:00:00,9,2,7
2018-03-06 22:00:00,5,2,3
2018-03-06 23:00:00,5,1,4
2018-03-07 00:00:00,4,1,3
2018-03-07 01:00:00,1,1,0
2018-03-07 02:00:00,1,1,0
2018-03-07 03:00:00,0,0,0
2018-03-07 04:00:00,0,0,0
2018-03-07 05:00:00,10,5,5
2018-03-07 06:00:00,33,19,14
2018-03-07 07:00:00,56,29,27
2018-03-07 08:00:00,111,45,66
2018-03-07 09:00:00,61,28,33
2018-03-07 10:00:00,28,16,12
2018-03-07 11:00:00,23,12,11
2018-03-07 12:00:00,24,12,12
2018-03-07 13:00:00,27,13,14
2018-03-07 14:00:00,32,17,15
2018-03-07 15:00:00,58,19,39
2018-03-07 16:00:00,98,26,72
2018-03-07 17:00:00,166,50,116
2018-03-07 18:00:00,81,27,54
2018-03-07 19:00:00,34,18,16
2018-03-07 20:00:00,17,7,10
2018-03-07 21:00:00,27,19,8
2018-03-07 22:00:00,12,5,7
2018-03-07 23:00:00,0,0,0
2018-03-08 00:00:00,2,1,1
2018-03-08 01:00:00,2,2,0
2018-03-08 02:00:00,0,0,0
2018-03-08 03:00:00,0,0,0
2018-03-08 04:00:00,0,0,0
2018-03-08 05:00:00,10,6,4
2018-03-08 06:00:00,31,20,11
2018-03-08 07:00:00,37,20,17
2018-03-08 08:00:00,70,30,40
2018-03-08 09:00:00,32,16,16
2018-03-08 10:00:00,27,16,11
2018-03-08 11:00:00,20,10,10
2018-03-08 12:00:00,13,5,8
2018-03-08 13:00:00,10,9,1
2018-03-08 14:00:00,22,11,11
2018-03-08 15:00:00,24,11,13
2018-03-08 16:00:00,70,22,48
2018-03-08 17:00:00,78,25,53
2018-03-08 18:00:00,44,15,29
2018-03-08 19:00:00,19,8,11
2018-03-08 20:00:00,23,13,10
2018-03-08 21:00:00,11,5,6
2018-03-08 22:00:00,4,1,3
2018-03-08 23:00:00,0,0,0
2018-03-09 00:00:00,1,1,0
2018-03-09 01:00:00,0,0,0
2018-03-09 02:00:00,0,0,0
2018-03-09 03:00:00,0,0,0
2018-03-09 04:00:00,2,1,1
2018-03-09 05:00:00,11,8,3
2018-03-09 06:00:00,28,17,11
2018-03-09 07:00:00,53,27,26
2018-03-09 08:00:00,94,39,55
2018-03-09 09:00:00,46,23,23
2018-03-09 10:00:00,29,13,16
2018-03-09 11:00:00,38,23,15
2018-03-09 12:00:00,30,17,13
2018-03-09 13:00:00,32,16,16
2018-03-09 14:00:00,37,18,19
2018-03-09 15:00:00,54,17,37
2018-03-09 16:00:00,94,29,65
2018-03-09 17:00:00,119,50,69
2018-03-09 18:00:00,54,20,34
2018-03-09 19:00:00,26,12,14
2018-03-09 20:00:00,11,5,6
2018-03-09 21:00:00,18,13,5
2018-03-09 22:00:00,7,2,5
2018-03-09 23:00:00,5,3,2
2018-03-10 00:00:00,3,1,2
2018-03-10 01:00:00,0,0,0
2018-03-10 02:00:00,3,1,2
2018-03-10 03:00:00,0,0,0
2018-03-10 04:00:00,0,0,0
2018-03-10 05:00:00,0,0,0
2018-03-10 06:00:00,4,3,1
2018-03-10 07:00:00,2,1,1
2018-03-10 08:00:00,14,7,7
2018-03-10 09:00:00,12,3,9
2018-03-10 10:00:00,21,11,10
2018-03-10 11:00:00,23,8,15
2018-03-10 12:00:00,36,15,21
2018-03-10 13:00:00,44,21,23
2018-03-10 14:00:00,26,8,18
2018-03-10 15:00:00,20,12,8
2018-03-10 16:00:00,41,21,20
2018-03-10 17:00:00,28,9,19
2018-03-10 18:00:00,20,11,9
2018-03-10 19:00:00,11,7,4
2018-03-10 20:00:00,14,7,7
2018-03-10 21:00:00,8,4,4
2018-03-10 22:00:00,1,1,0
2018-03-10 23:00:00,1,0,1
2018-03-11 00:00:00,2,0,2
2018-03-11 01:00:00,3,1,2
2018-03-11 02:00:00,0,0,0
2018-03-11 03:00:00,3,2,1
2018-03-11 04:00:00,0,0,0
2018-03-11 05:00:00,0,0,0
2018-03-11 06:00:00,1,0,1
2018-03-11 07:00:00,1,0,1
2018-03-11 08:00:00,4,2,2
2018-03-11 09:00:00,13,8,5
2018-03-11 10:00:00,14,8,6
2018-03-11 11:00:00,19,7,12
2018-03-11 12:00:00,26,12,14
2018-03-11 13:00:00,38,14,24
2018-03-11 14:00:00,35,12,23
2018-03-11 15:00:00,29,15,14
2018-03-11 16:00:00,22,12,10
2018-03-11 17:00:00,34,16,18
2018-03-11 18:00:00,29,20,9
2018-03-11 19:00:00,14,11,3
2018-03-11 20:00:00,4,2,2
2018-03-11 21:00:00,9,4,5
2018-03-11 22:00:00,14,9,5
2018-03-11 23:00:00,2,1,1
2018-03-12 00:00:00,1,1,0
2018-03-12 01:00:00,1,1,0
2018-03-12 02:00:00,1,1,0
2018-03-12 03:00:00,0,0,0
2018-03-12 04:00:00,3,1,2
2018-03-12 05:00:00,11,7,4
2018-03-12 06:00:00,42,16,26
2018-03-12 07:00:00,71,30,41
2018-03-12 08:00:00,140,56,84
2018-03-12 09:00:00,89,39,50
2018-03-12 10:00:00,41,16,25
2018-03-12 11:00:00,42,27,15
2018-03-12 12:00:00,40,18,22
2018-03-12 13:00:00,53,29,24
2018-03-12 14:00:00,37,19,18
2018-03-12 15:00:00,60,13,47
2018-03-12 16:00:00,143,53,90
2018-03-12 17:00:00,180,67,113
2018-03-12 18:00:00,85,37,48
2018-03-12 19:00:00,36,16,20
2018-03-12 20:00:00,29,15,14
2018-03-12 21:00:00,14,5,9
2018-03-12 22:00:00,12,5,7
2018-03-12 23:00:00,1,1,0
2018-03-13 00:00:00,3,1,2
2018-03-13 01:00:00,0,0,0
2018-03-13 02:00:00,1,1,0
2018-03-13 03:00:00,0,0,0
2018-03-13 04:00:00,0,0,0
2018-03-13 05:00:00,13,9,4
2018-03-13 06:00:00,41,19,22
2018-03-13 07:00:00,64,31,33
2018-03-13 08:00:00,93,48,45
2018-03-13 09:00:00,56,27,29
2018-03-13 10:00:00,30,12,18
2018-03-13 11:00:00,40,20,20
2018-03-13 12:00:00,25,16,9
2018-03-13 13:00:00,33,14,19
2018-03-13 14:00:00,30,11,19
2018-03-13 15:00:00,47,17,30
2018-03-13 16:00:00,85,28,57
2018-03-13 17:00:00,117,40,77
2018-03-13 18:00:00,58,22,36
2018-03-13 19:00:00,16,5,11
2018-03-13 20:00:00,9,5,4
2018-03-13 21:00:00,7,2,5
2018-03-13 22:00:00,4,1,3
2018-03-13 23:00:00,1,1,0
2018-03-14 00:00:00,0,0,0
2018-03-14 01:00:00,3,2,1
2018-03-14 02:00:00,0,0,0
2018-03-14 03:00:00,0,0,0
2018-03-14 04:00:00,2,2,0
2018-03-14 05:00:00,12,9,3
2018-03-14 06:00:00,35,12,23
2018-03-14 07:00:00,52,24,28
2018-03-14 08:00:00,98,42,56
2018-03-14 09:00:00,62,23,39
2018-03-14 10:00:00,25,9,16
2018-03-14 11:00:00,34,13,21
2018-03-14 12:00:00,34,18,16
2018-03-14 13:00:00,34,17,17
2018-03-14 14:00:00,27,9,18
2018-03-14 15:00:00,60,18,42
2018-03-14 16:00:00,107,49,58
2018-03-14 17:00:00,138,42,96
2018-03-14 18:00:00,73,32,41
2018-03-14 19:00:00,35,17,18
2018-03-14 20:00:00,10,6,4
2018-03-14 21:00:00,17,9,8
2018-03-14 22:00:00,5,2,3
2018-03-14 23:00:00,3,1,2
2018-03-15 00:00:00,1,0,1
2018-03-15 01:00:00,1,1,0
2018-03-15 02:00:00,2,1,1
2018-03-15 03:00:00,0,0,0
2018-03-15 04:00:00,1,1,0
2018-03-15 05:00:00,10,6,4
2018-03-15 06:00:00,43,18,25
2018-03-15 07:00:00,65,31,34
2018-03-15 08:00:00,127,52,75
2018-03-15 09:00:00,89,43,46
2018-03-15 10:00:00,33,15,18
2018-03-15 11:00:00,37,21,16
2018-03-15 12:00:00,43,23,20
2018-03-15 13:00:00,40,18,22
2018-03-15 14:00:00,36,18,18
2018-03-15 15:00:00,70,21,49
2018-03-15 16:00:00,123,56,67
2018-03-15 17:00:00,167,70,97
2018-03-15 18:00:00,83,28,55
2018-03-15 19:00:00,36,13,23
2018-03-15 20:00:00,16,11,5
2018-03-15 21:00:00,9,5,4
2018-03-15 22:00:00,5,0,5
2018-03-15 23:00:00,1,1,0
2018-03-16 00:00:00,2,1,1
2018-03-16 01:00:00,3,1,2
2018-03-16 02:00:00,0,0,0
2018-03-16 03:00:00,1,0,1
2018-03-16 04:00:00,2,1,1
2018-03-16 05:00:00,9,6,3
2018-03-16 06:00:00,36,17,19
2018-03-16 07:00:00,55,22,33
2018-03-16 08:00:00,106,47,59
2018-03-16 09:00:00,66,25,41
2018-03-16 10:00:00,30,14,16
2018-03-16 11:00:00,28,16,12
2018-03-16 12:00:00,42,18,24
2018-03-16 13:00:00,37,18,19
2018-03-16 14:00:00,41,14,27
2018-03-16 15:00:00,62,23,39
2018-03-16 16:00:00,109,31,78
2018-03-16 17:00:00,125,51,74
2018-03-16 18:00:00,67,26,41
2018-03-16 19:00:00,33,17,16
2018-03-16 20:00:00,28,11,17
2018-03-16 21:00:00,19,6,13
2018-03-16 22:00:00,8,4,4
2018-03-16 23:00:00,6,3,3
2018-03-17 00:00:00,1,0,1
2018-03-17 01:00:00,2,2,0
2018-03-17 02:00:00,2,2,0
2018-03-17 03:00:00,3,2,1
2018-03-17 04:00:00,0,0,0
2018-03-17 05:00:00,0,0,0
2018-03-17 06:00:00,2,1,1
2018-03-17 07:00:00,7,6,1
2018-03-17 08:00:00,11,5,6
2018-03-17 09:00:00,26,16,10
2018-03-17 10:00:00,26,12,14
2018-03-17 11:00:00,13,5,8
2018-03-17 12:00:00,27,12,15
2018-03-17 13:00:00,38,19,19
2018-03-17 14:00:00,36,16,20
2018-03-17 15:00:00,33,21,12
2018-03-17 16:00:00,29,12,17
2018-03-17 17:00:00,24,10,14
2018-03-17 18:00:00,24,11,13
2018-03-17 19:00:00,34,17,17
2018-03-17 20:00:00,12,6,6
2018-03-17 21:00:00,6,2,4
2018-03-17 22:00:00,3,1,2
2018-03-17 23:00:00,6,4,2
2018-03-18 00:00:00,2,1,1
2018-03-18 01:00:00,2,1,1
2018-03-18 02:00:00,2,2,0
2018-03-18 03:00:00,0,0,0
2018-03-18 04:00:00,1,1,0
2018-03-18 05:00:00,0,0,0
2018-03-18 06:00:00,1,0,1
2018-03-18 07:00:00,3,2,1
2018-03-18 08:00:00,11,7,4
2018-03-18 09:00:00,10,4,6
2018-03-18 10:00:00,22,12,10
2018-03-18 11:00:00,16,7,9
2018-03-18 12:00:00,17,5,12
2018-03-18 13:00:00,25,15,10
2018-03-18 14:00:00,22,9,13
2018-03-18 15:00:00,45,20,25
2018-03-18 16:00:00,23,11,12
2018-03-18 17:00:00,30,16,14
2018-03-18 18:00:00,27,13,14
2018-03-18 19:00:00,15,8,7
2018-03-18 20:00:00,9,5,4
2018-03-18 21:00:00,16,5,11
2018-03-18 22:00:00,5,3,2
2018-03-18 23:00:00,1,1,0
2018-03-19 00:00:00,0,0,0
2018-03-19 01:00:00,1,0,1
2018-03-19 02:00:00,4,4,0
2018-03-19 03:00:00,0,0,0
2018-03-19 04:00:00,2,1,1
2018-03-19 05:00:00,14,8,6
2018-03-19 06:00:00,39,20,19
2018-03-19 07:00:00,90,44,46
2018-03-19 08:00:00,134,55,79
2018-03-19 09:00:00,79,38,41
2018-03-19 10:00:00,42,14,28
2018-03-19 11:00:00,30,13,17
2018-03-19 12:00:00,37,20,17
2018-03-19 13:00:00,45,25,20
2018-03-19 14:00:00,53,22,31
2018-03-19 15:00:00,43,13,30
2018-03-19 16:00:00,118,36,82
2018-03-19 17:00:00,162,73,89
2018-03-19 18:00:00,107,43,64
2018-03-19 19:00:00,41,9,32
2018-03-19 20:00:00,17,7,10
2018-03-19 21:00:00,10,4,6
2018-03-19 22:00:00,6,1,5
2018-03-19 23:00:00,3,2,1
2018-03-20 00:00:00,1,1,0
2018-03-20 01:00:00,2,1,1
2018-03-20 02:00:00,1,1,0
2018-03-20 03:00:00,1,1,0
2018-03-20 04:00:00,2,1,1
2018-03-20 05:00:00,12,10,2
2018-03-20 06:00:00,34,18,16
2018-03-20 07:00:00,94,38,56
2018-03-20 08:00:00,127,49,78
2018-03-20 09:00:00,72,33,39
2018-03-20 10:00:00,28,9,19
2018-03-20 11:00:00,41,22,19
2018-03-20 12:00:00,37,22,15
2018-03-20 13:00:00,39,21,18
2018-03-20 14:00:00,35,13,22
2018-03-20 15:00:00,68,22,46
2018-03-20 16:00:00,127,45,82
2018-03-20 17:00:00,189,68,121
2018-03-20 18:00:00,97,41,56
2018-03-20 19:00:00,43,23,20
2018-03-20 20:00:00,20,5,15
2018-03-20 21:00:00,15,6,9
2018-03-20 22:00:00,8,4,4
2018-03-20 23:00:00,3,1,2
2018-03-21 00:00:00,4,3,1
2018-03-21 01:00:00,3,2,1
2018-03-21 02:00:00,1,1,0
2018-03-21 03:00:00,2,0,2
2018-03-21 04:00:00,1,1,0
2018-03-21 05:00:00,9,7,2
2018-03-21 06:00:00,37,18,19
2018-03-21 07:00:00,81,39,42
2018-03-21 08:00:00,116,47,69
2018-03-21 09:00:00,77,31,46
2018-03-21 10:00:00,36,19,17
2018-03-21 11:00:00,35,19,16
2018-03-21 12:00:00,46,21,25
2018-03-21 13:00:00,31,20,11
2018-03-21 14:00:00,40,17,23
2018-03-21 15:00:00,61,19,42
2018-03-21 16:00:00,130,47,83
2018-03-21 17:00:00,161,49,112
2018-03-21 18:00:00,73,36,37
2018-03-21 19:00:00,32,12,20
2018-03-21 20:00:00,12,6,6
2018-03-21 21:00:00,6,2,4
2018-03-21 22:00:00,3,0,3
2018-03-21 23:00:00,1,0,1
2018-03-22 00:00:00,1,1,0
2018-03-22 01:00:00,1,1,0
2018-03-22 02:00:00,0,0,0
2018-03-22 03:00:00,0,0,0
2018-03-22 04:00:00,0,0,0
2018-03-22 05:00:00,9,8,1
2018-03-22 06:00:00,24,12,12
2018-03-22 07:00:00,37,16,21
2018-03-22 08:00:00,71,32,39
2018-03-22 09:00:00,31,16,15
2018-03-22 10:00:00,15,10,5
2018-03-22 11:00:00,14,9,5
2018-03-22 12:00:00,21,14,7
2018-03-22 13:00:00,12,6,6
2018-03-22 14:00:00,19,14,5
2018-03-22 15:00:00,29,10,19
2018-03-22 16:00:00,62,23,39
2018-03-22 17:00:00,90,30,60
2018-03-22 18:00:00,53,14,39
2018-03-22 19:00:00,19,11,8
2018-03-22 20:00:00,9,6,3
2018-03-22 21:00:00,6,6,0
2018-03-22 22:00:00,7,3,4
2018-03-22 23:00:00,2,1,1
2018-03-23 00:00:00,3,1,2
2018-03-23 01:00:00,2,1,1
2018-03-23 02:00:00,0,0,0
2018-03-23 03:00:00,1,1,0
2018-03-23 04:00:00,2,1,1
2018-03-23 05:00:00,8,4,4
2018-03-23 06:00:00,22,12,10
2018-03-23 07:00:00,46,20,26
2018-03-23 08:00:00,61,24,37
2018-03-23 09:00:00,30,16,14
2018-03-23 10:00:00,20,10,10
2018-03-23 11:00:00,15,7,8
2018-03-23 12:00:00,18,14,4
2018-03-23 13:00:00,24,15,9
2018-03-23 14:00:00,19,7,12
2018-03-23 15:00:00,52,18,34
2018-03-23 16:00:00,78,21,57
2018-03-23 17:00:00,89,34,55
2018-03-23 18:00:00,44,17,27
2018-03-23 19:00:00,20,8,12
2018-03-23 20:00:00,10,5,5
2018-03-23 21:00:00,4,1,3
2018-03-23 22:00:00,5,1,4
2018-03-23 23:00:00,3,0,3
2018-03-24 00:00:00,1,1,0
2018-03-24 01:00:00,2,2,0
2018-03-24 02:00:00,0,0,0
2018-03-24 03:00:00,0,0,0
2018-03-24 04:00:00,0,0,0
2018-03-24 05:00:00,0,0,0
2018-03-24 06:00:00,0,0,0
2018-03-24 07:00:00,3,3,0
2018-03-24 08:00:00,9,6,3
2018-03-24 09:00:00,16,6,10
2018-03-24 10:00:00,18,11,7
2018-03-24 11:00:00,23,9,14
2018-03-24 12:00:00,26,9,17
2018-03-24 13:00:00,31,11,20
2018-03-24 14:00:00,16,6,10
2018-03-24 15:00:00,22,6,16
2018-03-24 16:00:00,39,9,30
2018-03-24 17:00:00,18,8,10
2018-03-24 18:00:00,18,7,11
2018-03-24 19:00:00,15,7,8
2018-03-24 20:00:00,6,3,3
2018-03-24 21:00:00,19,11,8
2018-03-24 22:00:00,3,1,2
2018-03-24 23:00:00,4,1,3
2018-03-25 00:00:00,5,1,4
2018-03-25 01:00:00,0,0,0
2018-03-25 02:00:00,2,0,2
2018-03-25 03:00:00,0,0,0
2018-03-25 04:00:00,0,0,0
2018-03-25 05:00:00,0,0,0
2018-03-25 06:00:00,2,1,1
2018-03-25 07:00:00,3,1,2
2018-03-25 08:00:00,4,1,3
2018-03-25 09:00:00,9,4,5
2018-03-25 10:00:00,10,5,5
2018-03-25 11:00:00,14,3,11
2018-03-25 12:00:00,34,16,18
2018-03-25 13:00:00,24,9,15
2018-03-25 14:00:00,21,9,12
2018-03-25 15:00:00,27,12,15
2018-03-25 16:00:00,18,8,10
2018-03-25 17:00:00,19,8,11
2018-03-25 18:00:00,14,3,11
2018-03-25 19:00:00,12,6,6
2018-03-25 20:00:00,9,4,5
2018-03-25 21:00:00,7,2,5
2018-03-25 22:00:00,2,1,1
2018-03-25 23:00:00,1,1,0
2018-03-26 00:00:00,1,1,0
2018-03-26 01:00:00,1,1,0
2018-03-26 02:00:00,0,0,0
2018-03-26 03:00:00,0,0,0
2018-03-26 04:00:00,0,0,0
2018-03-26 05:00:00,7,4,3
2018-03-26 06:00:00,28,15,13
2018-03-26 07:00:00,48,21,27
2018-03-26 08:00:00,89,36,53
2018-03-26 09:00:00,62,25,37
2018-03-26 10:00:00,19,7,12
2018-03-26 11:00:00,23,10,13
2018-03-26 12:00:00,11,6,5
2018-03-26 13:00:00,23,14,9
2018-03-26 14:00:00,20,8,12
2018-03-26 15:00:00,37,15,22
2018-03-26 16:00:00,73,28,45
2018-03-26 17:00:00,133,49,84
2018-03-26 18:00:00,68,24,44
2018-03-26 19:00:00,21,7,14
2018-03-26 20:00:00,6,4,2
2018-03-26 21:00:00,8,3,5
2018-03-26 22:00:00,7,5,2
2018-03-26 23:00:00,0,0,0
2018-03-27 00:00:00,0,0,0
2018-03-27 01:00:00,1,1,0
2018-03-27 02:00:00,0,0,0
2018-03-27 03:00:00,0,0,0
2018-03-27 04:00:00,1,0,1
2018-03-27 05:00:00,12,9,3
2018-03-27 06:00:00,28,13,15
2018-03-27 07:00:00,61,31,30
2018-03-27 08:00:00,95,39,56
2018-03-27 09:00:00,63,22,41
2018-03-27 10:00:00,27,17,10
2018-03-27 11:00:00,24,7,17
2018-03-27 12:00:00,34,12,22
2018-03-27 13:00:00,28,16,12
2018-03-27 14:00:00,31,15,16
2018-03-27 15:00:00,54,19,35
2018-03-27 16:00:00,100,33,67
2018-03-27 17:00:00,125,57,68
2018-03-27 18:00:00,65,31,34
2018-03-27 19:00:00,25,11,14
2018-03-27 20:00:00,12,7,5
2018-03-27 21:00:00,14,4,10
2018-03-27 22:00:00,4,2,2
2018-03-27 23:00:00,4,2,2
2018-03-28 00:00:00,5,2,3
2018-03-28 01:00:00,0,0,0
2018-03-28 02:00:00,0,0,0
2018-03-28 03:00:00,0,0,0
2018-03-28 04:00:00,0,0,0
2018-03-28 05:00:00,15,10,5
2018-03-28 06:00:00,41,19,22
2018-03-28 07:00:00,85,40,45
2018-03-28 08:00:00,119,49,70
2018-03-28 09:00:00,64,28,36
2018-03-28 10:00:00,46,20,26
2018-03-28 11:00:00,49,23,26
2018-03-28 12:00:00,27,20,7
2018-03-28 13:00:00,38,23,15
2018-03-28 14:00:00,36,13,23
2018-03-28 15:00:00,73,19,54
2018-03-28 16:00:00,119,33,86
2018-03-28 17:00:00,168,79,89
2018-03-28 18:00:00,92,33,59
2018-03-28 19:00:00,29,12,17
2018-03-28 20:00:00,15,8,7
2018-03-28 21:00:00,10,3,7
2018-03-28 22:00:00,8,4,4
2018-03-28 23:00:00,2,0,2
2018-03-29 00:00:00,2,1,1
2018-03-29 01:00:00,2,2,0
2018-03-29 02:00:00,2,1,1
2018-03-29 03:00:00,1,1,0
2018-03-29 04:00:00,1,1,0
2018-03-29 05:00:00,14,7,7
2018-03-29 06:00:00,35,17,18
2018-03-29 07:00:00,67,38,29
2018-03-29 08:00:00,126,54,72
2018-03-29 09:00:00,69,22,47
2018-03-29 10:00:00,34,18,16
2018-03-29 11:00:00,39,15,24
2018-03-29 12:00:00,25,14,11
2018-03-29 13:00:00,38,16,22
2018-03-29 14:00:00,63,26,37
2018-03-29 15:00:00,58,17,41
2018-03-29 16:00:00,125,41,84
2018-03-29 17:00:00,193,58,135
2018-03-29 18:00:00,132,36,96
2018-03-29 19:00:00,47,20,27
2018-03-29 20:00:00,21,16,5
2018-03-29 21:00:00,19,11,8
2018-03-29 22:00:00,37,25,12
2018-03-29 23:00:00,14,10,4
2018-03-30 00:00:00,3,3,0
2018-03-30 01:00:00,1,1,0
2018-03-30 02:00:00,0,0,0
2018-03-30 03:00:00,2,1,1
2018-03-30 04:00:00,2,1,1
2018-03-30 05:00:00,12,10,2
2018-03-30 06:00:00,32,10,22
2018-03-30 07:00:00,52,31,21
2018-03-30 08:00:00,100,41,59
2018-03-30 09:00:00,59,21,38
2018-03-30 10:00:00,32,13,19
2018-03-30 11:00:00,35,13,22
2018-03-30 12:00:00,49,26,23
2018-03-30 13:00:00,38,21,17
2018-03-30 14:00:00,48,25,23
2018-03-30 15:00:00,67,24,43
2018-03-30 16:00:00,113,33,80
2018-03-30 17:00:00,111,49,62
2018-03-30 18:00:00,68,19,49
2018-03-30 19:00:00,28,14,14
2018-03-30 20:00:00,15,11,4
2018-03-30 21:00:00,7,3,4
2018-03-30 22:00:00,17,7,10
2018-03-30 23:00:00,20,12,8
2018-03-31 00:00:00,9,5,4
2018-03-31 01:00:00,4,2,2
2018-03-31 02:00:00,3,2,1
2018-03-31 03:00:00,4,0,4
2018-03-31 04:00:00,0,0,0
2018-03-31 05:00:00,1,1,0
2018-03-31 06:00:00,2,1,1
2018-03-31 07:00:00,5,3,2
2018-03-31 08:00:00,8,5,3
2018-03-31 09:00:00,10,5,5
2018-03-31 10:00:00,22,8,14
2018-03-31 11:00:00,36,9,27
2018-03-31 12:00:00,67,15,52
2018-03-31 13:00:00,45,19,26
2018-03-31 14:00:00,36,23,13
2018-03-31 15:00:00,47,16,31
2018-03-31 16:00:00,66,43,23
2018-03-31 17:00:00,65,26,39
2018-03-31 18:00:00,64,16,48
2018-03-31 19:00:00,25,8,17
2018-03-31 20:00:00,16,10,6
2018-03-31 21:00:00,39,29,10
2018-03-31 22:00:00,15,8,7
2018-03-31 23:00:00,10,5,5
2018-04-01 00:00:00,9,8,1
2018-04-01 01:00:00,2,2,0
2018-04-01 02:00:00,2,1,1
2018-04-01 03:00:00,0,0,0
2018-04-01 04:00:00,0,0,0
2018-04-01 05:00:00,1,0,1
2018-04-01 06:00:00,4,2,2
2018-04-01 07:00:00,4,3,1
2018-04-01 08:00:00,4,2,2
2018-04-01 09:00:00,7,3,4
2018-04-01 10:00:00,11,4,7
2018-04-01 11:00:00,9,6,3
2018-04-01 12:00:00,19,6,13
2018-04-01 13:00:00,10,4,6
2018-04-01 14:00:00,19,5,14
2018-04-01 15:00:00,12,7,5
2018-04-01 16:00:00,7,4,3
2018-04-01 17:00:00,19,11,8
2018-04-01 18:00:00,9,6,3
2018-04-01 19:00:00,7,2,5
2018-04-01 20:00:00,2,0,2
2018-04-01 21:00:00,1,0,1
2018-04-01 22:00:00,4,2,2
2018-04-01 23:00:00,0,0,0
2018-04-02 00:00:00,0,0,0
2018-04-02 01:00:00,1,1,0
2018-04-02 02:00:00,1,0,1
2018-04-02 03:00:00,0,0,0
2018-04-02 04:00:00,1,1,0
2018-04-02 05:00:00,16,10,6
2018-04-02 06:00:00,36,18,18
2018-04-02 07:00:00,75,39,36
2018-04-02 08:00:00,128,60,68
2018-04-02 09:00:00,86,44,42
2018-04-02 10:00:00,31,13,18
2018-04-02 11:00:00,24,13,11
2018-04-02 12:00:00,44,13,31
2018-04-02 13:00:00,22,16,6
2018-04-02 14:00:00,33,23,10
2018-04-02 15:00:00,58,17,41
2018-04-02 16:00:00,122,39,83
2018-04-02 17:00:00,166,64,102
2018-04-02 18:00:00,81,34,47
2018-04-02 19:00:00,25,10,15
2018-04-02 20:00:00,16,5,11
2018-04-02 21:00:00,7,3,4
2018-04-02 22:00:00,11,7,4
2018-04-02 23:00:00,3,2,1
2018-04-03 00:00:00,1,0,1
2018-04-03 01:00:00,1,1,0
2018-04-03 02:00:00,0,0,0
2018-04-03 03:00:00,1,1,0
2018-04-03 04:00:00,0,0,0
2018-04-03 05:00:00,11,6,5
2018-04-03 06:00:00,48,18,30
2018-04-03 07:00:00,75,42,33
2018-04-03 08:00:00,122,52,70
2018-04-03 09:00:00,73,30,43
2018-04-03 10:00:00,36,10,26
2018-04-03 11:00:00,30,14,16
2018-04-03 12:00:00,26,16,10
2018-04-03 13:00:00,26,12,14
2018-04-03 14:00:00,32,19,13
2018-04-03 15:00:00,58,20,38
2018-04-03 16:00:00,117,36,81
2018-04-03 17:00:00,147,59,88
2018-04-03 18:00:00,90,37,53
2018-04-03 19:00:00,29,14,15
2018-04-03 20:00:00,8,3,5
2018-04-03 21:00:00,7,3,4
2018-04-03 22:00:00,7,2,5
2018-04-03 23:00:00,3,2,1
2018-04-04 00:00:00,4,1,3
2018-04-04 01:00:00,1,1,0
2018-04-04 02:00:00,0,0,0
2018-04-04 03:00:00,2,2,0
2018-04-04 04:00:00,2,1,1
2018-04-04 05:00:00,11,7,4
2018-04-04 06:00:00,36,20,16
2018-04-04 07:00:00,44,30,14
2018-04-04 08:00:00,70,38,32
2018-04-04 09:00:00,54,18,36
2018-04-04 10:00:00,19,9,10
2018-04-04 11:00:00,18,10,8
2018-04-04 12:00:00,21,9,12
2018-04-04 13:00:00,22,13,9
2018-04-04 14:00:00,19,11,8
2018-04-04 15:00:00,30,7,23
2018-04-04 16:00:00,69,20,49
2018-04-04 17:00:00,98,34,64
2018-04-04 18:00:00,60,20,40
2018-04-04 19:00:00,33,12,21
2018-04-04 20:00:00,6,3,3
2018-04-04 21:00:00,10,2,8
2018-04-04 22:00:00,6,2,4
2018-04-04 23:00:00,6,3,3
2018-04-05 00:00:00,2,2,0
2018-04-05 01:00:00,0,0,0
2018-04-05 02:00:00,0,0,0
2018-04-05 03:00:00,0,0,0
2018-04-05 04:00:00,1,1,0
2018-04-05 05:00:00,12,6,6
2018-04-05 06:00:00,29,11,18
2018-04-05 07:00:00,47,25,22
2018-04-05 08:00:00,72,31,41
2018-04-05 09:00:00,55,25,30
2018-04-05 10:00:00,26,12,14
2018-04-05 11:00:00,21,9,12
2018-04-05 12:00:00,14,7,7
2018-04-05 13:00:00,18,8,10
2018-04-05 14:00:00,25,13,12
2018-04-05 15:00:00,36,14,22
2018-04-05 16:00:00,80,21,59
2018-04-05 17:00:00,94,37,57
2018-04-05 18:00:00,53,10,43
2018-04-05 19:00:00,30,11,19
2018-04-05 20:00:00,12,9,3
2018-04-05 21:00:00,14,9,5
2018-04-05 22:00:00,10,3,7
2018-04-05 23:00:00,6,2,4
2018-04-06 00:00:00,1,1,0
2018-04-06 01:00:00,0,0,0
2018-04-06 02:00:00,1,1,0
2018-04-06 03:00:00,0,0,0
2018-04-06 04:00:00,1,1,0
2018-04-06 05:00:00,14,10,4
2018-04-06 06:00:00,25,12,13
2018-04-06 07:00:00,59,25,34
2018-04-06 08:00:00,92,46,46
2018-04-06 09:00:00,65,27,38
2018-04-06 10:00:00,43,23,20
2018-04-06 11:00:00,22,8,14
2018-04-06 12:00:00,31,10,21
2018-04-06 13:00:00,38,11,27
2018-04-06 14:00:00,41,15,26
2018-04-06 15:00:00,65,22,43
2018-04-06 16:00:00,110,41,69
2018-04-06 17:00:00,135,43,92
2018-04-06 18:00:00,75,34,41
2018-04-06 19:00:00,32,16,16
2018-04-06 20:00:00,13,7,6
2018-04-06 21:00:00,6,2,4
2018-04-06 22:00:00,9,3,6
2018-04-06 23:00:00,8,4,4
2018-04-07 00:00:00,11,6,5
2018-04-07 01:00:00,1,1,0
2018-04-07 02:00:00,0,0,0
2018-04-07 03:00:00,1,1,0
2018-04-07 04:00:00,0,0,0
2018-04-07 05:00:00,0,0,0
2018-04-07 06:00:00,0,0,0
2018-04-07 07:00:00,3,3,0
2018-04-07 08:00:00,8,3,5
2018-04-07 09:00:00,2,2,0
2018-04-07 10:00:00,11,3,8
2018-04-07 11:00:00,18,7,11
2018-04-07 12:00:00,23,12,11
2018-04-07 13:00:00,19,10,9
2018-04-07 14:00:00,10,4,6
2018-04-07 15:00:00,19,5,14
2018-04-07 16:00:00,12,5,7
2018-04-07 17:00:00,7,1,6
2018-04-07 18:00:00,10,2,8
2018-04-07 19:00:00,6,2,4
2018-04-07 20:00:00,3,1,2
2018-04-07 21:00:00,4,1,3
2018-04-07 22:00:00,13,11,2
2018-04-07 23:00:00,6,3,3
2018-04-08 00:00:00,3,1,2
2018-04-08 01:00:00,3,2,1
2018-04-08 02:00:00,0,0,0
2018-04-08 03:00:00,1,1,0
2018-04-08 04:00:00,0,0,0
2018-04-08 05:00:00,2,0,2
2018-04-08 06:00:00,99,10,89
2018-04-08 07:00:00,299,32,267
2018-04-08 08:00:00,102,33,69
2018-04-08 09:00:00,116,97,19
2018-04-08 10:00:00,180,133,47
2018-04-08 11:00:00,48,31,17
2018-04-08 12:00:00,10,7,3
2018-04-08 13:00:00,15,8,7
2018-04-08 14:00:00,5,2,3
2018-04-08 15:00:00,12,6,6
2018-04-08 16:00:00,12,3,9
2018-04-08 17:00:00,16,5,11
2018-04-08 18:00:00,6,2,4
2018-04-08 19:00:00,8,2,6
2018-04-08 20:00:00,10,4,6
2018-04-08 21:00:00,3,1,2
2018-04-08 22:00:00,4,1,3
2018-04-08 23:00:00,3,1,2
2018-04-09 00:00:00,0,0,0
2018-04-09 01:00:00,2,2,0
2018-04-09 02:00:00,1,1,0
2018-04-09 03:00:00,0,0,0
2018-04-09 04:00:00,0,0,0
2018-04-09 05:00:00,18,11,7
2018-04-09 06:00:00,40,20,20
2018-04-09 07:00:00,88,47,41
2018-04-09 08:00:00,123,55,68
2018-04-09 09:00:00,75,29,46
2018-04-09 10:00:00,29,15,14
2018-04-09 11:00:00,29,13,16
2018-04-09 12:00:00,31,14,17
2018-04-09 13:00:00,43,22,21
2018-04-09 14:00:00,35,14,21
2018-04-09 15:00:00,51,19,32
2018-04-09 16:00:00,126,32,94
2018-04-09 17:00:00,152,61,91
2018-04-09 18:00:00,99,46,53
2018-04-09 19:00:00,39,15,24
2018-04-09 20:00:00,25,11,14
2018-04-09 21:00:00,12,5,7
2018-04-09 22:00:00,6,3,3
2018-04-09 23:00:00,1,1,0
2018-04-10 00:00:00,1,0,1
2018-04-10 01:00:00,2,2,0
2018-04-10 02:00:00,0,0,0
2018-04-10 03:00:00,1,0,1
2018-04-10 04:00:00,1,0,1
2018-04-10 05:00:00,13,10,3
2018-04-10 06:00:00,24,12,12
2018-04-10 07:00:00,47,21,26
2018-04-10 08:00:00,62,31,31
2018-04-10 09:00:00,45,19,26
2018-04-10 10:00:00,22,11,11
2018-04-10 11:00:00,16,8,8
2018-04-10 12:00:00,22,14,8
2018-04-10 13:00:00,26,18,8
2018-04-10 14:00:00,23,8,15
2018-04-10 15:00:00,45,9,36
2018-04-10 16:00:00,72,28,44
2018-04-10 17:00:00,111,40,71
2018-04-10 18:00:00,68,31,37
2018-04-10 19:00:00,33,18,15
2018-04-10 20:00:00,12,4,8
2018-04-10 21:00:00,24,10,14
2018-04-10 22:00:00,3,2,1
2018-04-10 23:00:00,6,3,3
2018-04-11 00:00:00,2,1,1
2018-04-11 01:00:00,2,1,1
2018-04-11 02:00:00,1,1,0
2018-04-11 03:00:00,0,0,0
2018-04-11 04:00:00,0,0,0
2018-04-11 05:00:00,15,10,5
2018-04-11 06:00:00,32,16,16
2018-04-11 07:00:00,50,25,25
2018-04-11 08:00:00,99,55,44
2018-04-11 09:00:00,51,21,30
2018-04-11 10:00:00,38,18,20
2018-04-11 11:00:00,15,6,9
2018-04-11 12:00:00,15,8,7
2018-04-11 13:00:00,14,7,7
2018-04-11 14:00:00,19,7,12
2018-04-11 15:00:00,36,6,30
2018-04-11 16:00:00,69,21,48
2018-04-11 17:00:00,111,34,77
2018-04-11 18:00:00,63,29,34
2018-04-11 19:00:00,26,10,16
2018-04-11 20:00:00,8,1,7
2018-04-11 21:00:00,11,5,6
2018-04-11 22:00:00,3,1,2
2018-04-11 23:00:00,1,0,1
2018-04-12 00:00:00,0,0,0
2018-04-12 01:00:00,0,0,0
2018-04-12 02:00:00,0,0,0
2018-04-12 03:00:00,0,0,0
2018-04-12 04:00:00,1,0,1
2018-04-12 05:00:00,11,8,3
2018-04-12 06:00:00,32,18,14
2018-04-12 07:00:00,53,32,21
2018-04-12 08:00:00,89,38,51
2018-04-12 09:00:00,53,23,30
2018-04-12 10:00:00,20,9,11
2018-04-12 11:00:00,17,9,8
2018-04-12 12:00:00,21,12,9
2018-04-12 13:00:00,15,7,8
2018-04-12 14:00:00,24,11,13
2018-04-12 15:00:00,45,16,29
2018-04-12 16:00:00,87,25,62
2018-04-12 17:00:00,127,41,86
2018-04-12 18:00:00,71,29,42
2018-04-12 19:00:00,33,18,15
2018-04-12 20:00:00,16,8,8
2018-04-12 21:00:00,14,5,9
2018-04-12 22:00:00,7,3,4
2018-04-12 23:00:00,0,0,0
2018-04-13 00:00:00,1,1,0
2018-04-13 01:00:00,0,0,0
2018-04-13 02:00:00,1,1,0
2018-04-13 03:00:00,0,0,0
2018-04-13 04:00:00,1,1,0
2018-04-13 05:00:00,8,6,2
2018-04-13 06:00:00,21,11,10
2018-04-13 07:00:00,39,29,10
2018-04-13 08:00:00,70,36,34
2018-04-13 09:00:00,38,16,22
2018-04-13 10:00:00,20,7,13
2018-04-13 11:00:00,27,11,16
2018-04-13 12:00:00,15,6,9
2018-04-13 13:00:00,27,15,12
2018-04-13 14:00:00,16,7,9
2018-04-13 15:00:00,34,13,21
2018-04-13 16:00:00,56,15,41
2018-04-13 17:00:00,73,25,48
2018-04-13 18:00:00,51,12,39
2018-04-13 19:00:00,10,4,6
2018-04-13 20:00:00,13,6,7
2018-04-13 21:00:00,4,3,1
2018-04-13 22:00:00,2,1,1
2018-04-13 23:00:00,0,0,0
2018-04-14 00:00:00,3,2,1
2018-04-14 01:00:00,0,0,0
2018-04-14 02:00:00,3,3,0
2018-04-14 03:00:00,0,0,0
2018-04-14 04:00:00,0,0,0
2018-04-14 05:00:00,0,0,0
2018-04-14 06:00:00,2,1,1
2018-04-14 07:00:00,3,3,0
2018-04-14 08:00:00,5,4,1
2018-04-14 09:00:00,12,5,7
2018-04-14 10:00:00,9,4,5
2018-04-14 11:00:00,5,0,5
2018-04-14 12:00:00,16,8,8
2018-04-14 13:00:00,9,9,0
2018-04-14 14:00:00,4,3,1
2018-04-14 15:00:00,4,3,1
2018-04-14 16:00:00,8,2,6
2018-04-14 17:00:00,2,2,0
2018-04-14 18:00:00,3,0,3
2018-04-14 19:00:00,3,2,1
2018-04-14 20:00:00,5,2,3
2018-04-14 21:00:00,1,0,1
2018-04-14 22:00:00,5,3,2
2018-04-14 23:00:00,1,1,0
2018-04-15 00:00:00,1,0,1
2018-04-15 01:00:00,0,0,0
2018-04-15 02:00:00,0,0,0
2018-04-15 03:00:00,1,1,0
2018-04-15 04:00:00,0,0,0
2018-04-15 05:00:00,0,0,0
2018-04-15 06:00:00,2,0,2
2018-04-15 07:00:00,4,4,0
2018-04-15 08:00:00,2,1,1
2018-04-15 09:00:00,5,4,1
2018-04-15 10:00:00,7,4,3
2018-04-15 11:00:00,21,10,11
2018-04-15 12:00:00,17,9,8
2018-04-15 13:00:00,26,9,17
2018-04-15 14:00:00,14,7,7
2018-04-15 15:00:00,14,5,9
2018-04-15 16:00:00,23,16,7
2018-04-15 17:00:00,15,8,7
2018-04-15 18:00:00,8,4,4
2018-04-15 19:00:00,8,4,4
2018-04-15 20:00:00,3,1,2
2018-04-15 21:00:00,5,2,3
2018-04-15 22:00:00,8,5,3
2018-04-15 23:00:00,2,1,1
2018-04-16 00:00:00,1,1,0
2018-04-16 01:00:00,1,0,1
2018-04-16 02:00:00,1,0,1
2018-04-16 03:00:00,1,1,0
2018-04-16 04:00:00,1,0,1
2018-04-16 05:00:00,12,8,4
2018-04-16 06:00:00,39,23,16
2018-04-16 07:00:00,57,26,31
2018-04-16 08:00:00,96,43,53
2018-04-16 09:00:00,44,19,25
2018-04-16 10:00:00,16,10,6
2018-04-16 11:00:00,19,8,11
2018-04-16 12:00:00,29,10,19
2018-04-16 13:00:00,21,9,12
2018-04-16 14:00:00,21,8,13
2018-04-16 15:00:00,37,14,23
2018-04-16 16:00:00,77,29,48
2018-04-16 17:00:00,101,34,67
2018-04-16 18:00:00,69,29,40
2018-04-16 19:00:00,26,12,14
2018-04-16 20:00:00,8,4,4
2018-04-16 21:00:00,7,5,2
2018-04-16 22:00:00,5,3,2
2018-04-16 23:00:00,4,2,2
2018-04-17 00:00:00,1,1,0
2018-04-17 01:00:00,1,0,1
2018-04-17 02:00:00,1,0,1
2018-04-17 03:00:00,1,1,0
2018-04-17 04:00:00,1,0,1
2018-04-17 05:00:00,14,8,6
2018-04-17 06:00:00,39,22,17
2018-04-17 07:00:00,63,33,30
2018-04-17 08:00:00,116,52,64
2018-04-17 09:00:00,74,38,36
2018-04-17 10:00:00,32,15,17
2018-04-17 11:00:00,37,17,20
2018-04-17 12:00:00,50,23,27
2018-04-17 13:00:00,34,15,19
2018-04-17 14:00:00,30,13,17
2018-04-17 15:00:00,57,16,41
2018-04-17 16:00:00,121,46,75
2018-04-17 17:00:00,178,68,110
2018-04-17 18:00:00,76,27,49
2018-04-17 19:00:00,42,13,29
2018-04-17 20:00:00,15,8,7
2018-04-17 21:00:00,7,4,3
2018-04-17 22:00:00,22,16,6
2018-04-17 23:00:00,2,1,1
2018-04-18 00:00:00,1,1,0
2018-04-18 01:00:00,1,1,0
2018-04-18 02:00:00,1,1,0
2018-04-18 03:00:00,1,0,1
2018-04-18 04:00:00,3,2,1
2018-04-18 05:00:00,11,9,2
2018-04-18 06:00:00,47,31,16
2018-04-18 07:00:00,83,41,42
2018-04-18 08:00:00,140,61,79
2018-04-18 09:00:00,76,34,42
2018-04-18 10:00:00,23,15,8
2018-04-18 11:00:00,23,14,9
2018-04-18 12:00:00,36,14,22
2018-04-18 13:00:00,30,12,18
2018-04-18 14:00:00,37,12,25
2018-04-18 15:00:00,61,20,41
2018-04-18 16:00:00,119,38,81
2018-04-18 17:00:00,175,59,116
2018-04-18 18:00:00,91,44,47
2018-04-18 19:00:00,51,18,33
2018-04-18 20:00:00,18,9,9
2018-04-18 21:00:00,23,11,12
2018-04-18 22:00:00,10,6,4
2018-04-18 23:00:00,6,2,4
2018-04-19 00:00:00,0,0,0
2018-04-19 01:00:00,1,0,1
2018-04-19 02:00:00,3,2,1
2018-04-19 03:00:00,2,1,1
2018-04-19 04:00:00,3,2,1
2018-04-19 05:00:00,17,10,7
2018-04-19 06:00:00,49,22,27
2018-04-19 07:00:00,93,45,48
2018-04-19 08:00:00,137,67,70
2018-04-19 09:00:00,77,29,48
2018-04-19 10:00:00,37,17,20
2018-04-19 11:00:00,48,19,29
2018-04-19 12:00:00,63,23,40
2018-04-19 13:00:00,42,16,26
2018-04-19 14:00:00,55,26,29
2018-04-19 15:00:00,67,25,42
2018-04-19 16:00:00,127,43,84
2018-04-19 17:00:00,183,68,115
2018-04-19 18:00:00,98,39,59
2018-04-19 19:00:00,55,28,27
2018-04-19 20:00:00,22,11,11
2018-04-19 21:00:00,14,6,8
2018-04-19 22:00:00,6,5,1
2018-04-19 23:00:00,6,1,5
2018-04-20 00:00:00,6,3,3
2018-04-20 01:00:00,4,2,2
2018-04-20 02:00:00,0,0,0
2018-04-20 03:00:00,3,2,1
2018-04-20 04:00:00,1,0,1
2018-04-20 05:00:00,16,12,4
2018-04-20 06:00:00,41,16,25
2018-04-20 07:00:00,80,40,40
2018-04-20 08:00:00,135,68,67
2018-04-20 09:00:00,74,26,48
2018-04-20 10:00:00,29,14,15
2018-04-20 11:00:00,49,19,30
2018-04-20 12:00:00,43,20,23
2018-04-20 13:00:00,33,12,21
2018-04-20 14:00:00,51,20,31
2018-04-20 15:00:00,76,30,46
2018-04-20 16:00:00,131,54,77
2018-04-20 17:00:00,130,56,74
2018-04-20 18:00:00,84,29,55
2018-04-20 19:00:00,27,16,11
2018-04-20 20:00:00,21,13,8
2018-04-20 21:00:00,14,6,8
2018-04-20 22:00:00,5,4,1
2018-04-20 23:00:00,5,1,4
2018-04-21 00:00:00,1,0,1
2018-04-21 01:00:00,2,2,0
2018-04-21 02:00:00,1,1,0
2018-04-21 03:00:00,0,0,0
2018-04-21 04:00:00,0,0,0
2018-04-21 05:00:00,1,0,1
2018-04-21 06:00:00,4,1,3
2018-04-21 07:00:00,5,3,2
2018-04-21 08:00:00,12,7,5
2018-04-21 09:00:00,14,7,7
2018-04-21 10:00:00,22,10,12
2018-04-21 11:00:00,19,4,15
2018-04-21 12:00:00,40,15,25
2018-04-21 13:00:00,36,10,26
2018-04-21 14:00:00,29,9,20
2018-04-21 15:00:00,22,14,8
2018-04-21 16:00:00,30,19,11
2018-04-21 17:00:00,26,14,12
2018-04-21 18:00:00,31,12,19
2018-04-21 19:00:00,30,14,16
2018-04-21 20:00:00,11,7,4
2018-04-21 21:00:00,10,3,7
2018-04-21 22:00:00,8,6,2
2018-04-21 23:00:00,4,1,3
2018-04-22 00:00:00,7,2,5
2018-04-22 01:00:00,1,1,0
2018-04-22 02:00:00,7,5,2
2018-04-22 03:00:00,0,0,0
2018-04-22 04:00:00,1,0,1
2018-04-22 05:00:00,1,0,1
2018-04-22 06:00:00,4,3,1
2018-04-22 07:00:00,11,4,7
2018-04-22 08:00:00,18,7,11
2018-04-22 09:00:00,24,11,13
2018-04-22 10:00:00,15,7,8
2018-04-22 11:00:00,44,14,30
2018-04-22 12:00:00,68,11,57
2018-04-22 13:00:00,37,14,23
2018-04-22 14:00:00,42,17,25
2018-04-22 15:00:00,64,45,19
2018-04-22 16:00:00,42,23,19
2018-04-22 17:00:00,37,21,16
2018-04-22 18:00:00,21,11,10
2018-04-22 19:00:00,15,8,7
2018-04-22 20:00:00,9,3,6
2018-04-22 21:00:00,14,5,9
2018-04-22 22:00:00,1,1,0
2018-04-22 23:00:00,2,1,1
2018-04-23 00:00:00,1,0,1
2018-04-23 01:00:00,1,0,1
2018-04-23 02:00:00,1,1,0
2018-04-23 03:00:00,1,1,0
2018-04-23 04:00:00,7,3,4
2018-04-23 05:00:00,22,14,8
2018-04-23 06:00:00,50,23,27
2018-04-23 07:00:00,109,62,47
2018-04-23 08:00:00,151,63,88
2018-04-23 09:00:00,79,37,42
2018-04-23 10:00:00,29,14,15
2018-04-23 11:00:00,40,17,23
2018-04-23 12:00:00,27,12,15
2018-04-23 13:00:00,43,22,21
2018-04-23 14:00:00,40,21,19
2018-04-23 15:00:00,82,32,50
2018-04-23 16:00:00,143,52,91
2018-04-23 17:00:00,237,85,152
2018-04-23 18:00:00,104,42,62
2018-04-23 19:00:00,27,11,16
2018-04-23 20:00:00,15,6,9
2018-04-23 21:00:00,20,10,10
2018-04-23 22:00:00,7,3,4
2018-04-23 23:00:00,2,1,1
2018-04-24 00:00:00,6,3,3
2018-04-24 01:00:00,1,1,0
2018-04-24 02:00:00,1,1,0
2018-04-24 03:00:00,0,0,0
2018-04-24 04:00:00,2,2,0
2018-04-24 05:00:00,21,14,7
2018-04-24 06:00:00,60,31,29
2018-04-24 07:00:00,117,69,48
2018-04-24 08:00:00,209,83,126
2018-04-24 09:00:00,103,41,62
2018-04-24 10:00:00,34,20,14
2018-04-24 11:00:00,57,24,33
2018-04-24 12:00:00,52,26,26
2018-04-24 13:00:00,46,25,21
2018-04-24 14:00:00,51,30,21
2018-04-24 15:00:00,89,27,62
2018-04-24 16:00:00,182,62,120
2018-04-24 17:00:00,242,102,140
2018-04-24 18:00:00,122,42,80
2018-04-24 19:00:00,54,23,31
2018-04-24 20:00:00,25,12,13
2018-04-24 21:00:00,11,5,6
2018-04-24 22:00:00,9,4,5
2018-04-24 23:00:00,8,2,6
2018-04-25 00:00:00,2,0,2
2018-04-25 01:00:00,2,1,1
2018-04-25 02:00:00,1,0,1
2018-04-25 03:00:00,0,0,0
2018-04-25 04:00:00,0,0,0
2018-04-25 05:00:00,22,12,10
2018-04-25 06:00:00,54,27,27
2018-04-25 07:00:00,124,56,68
2020-04-01 00:00:00,0,0,0
2020-04-01 01:00:00,1,0,1
2020-04-01 02:00:00,1,0,1
2020-04-01 03:00:00,0,0,0
2020-04-01 04:00:00,1,1,0
2020-04-01 05:00:00,4,1,3
2020-04-01 06:00:00,4,1,3
2020-04-01 07:00:00,11,7,4
2020-04-01 08:00:00,13,9,4
2020-04-01 09:00:00,7,3,4
2020-04-01 10:00:00,5,4,1
2020-04-01 11:00:00,13,11,2
2020-04-01 12:00:00,14,6,8
2020-04-01 13:00:00,16,6,10
2020-04-01 14:00:00,19,8,11
2020-04-01 15:00:00,30,18,12
2020-04-01 16:00:00,28,16,12
2020-04-01 17:00:00,27,16,11
2020-04-01 18:00:00,33,14,19
2020-04-01 19:00:00,18,7,11
2020-04-01 20:00:00,7,4,3
2020-04-01 21:00:00,3,3,0
2020-04-01 22:00:00,6,4,2
2020-04-01 23:00:00,0,0,0
2020-04-02 00:00:00,0,0,0
2020-04-02 01:00:00,1,0,1
2020-04-02 02:00:00,0,0,0
2020-04-02 03:00:00,0,0,0
2020-04-02 04:00:00,0,0,0
2020-04-02 05:00:00,2,0,2
2020-04-02 06:00:00,10,2,8
2020-04-02 07:00:00,11,4,7
2020-04-02 08:00:00,10,6,4
2020-04-02 09:00:00,8,5,3
2020-04-02 10:00:00,17,9,8
2020-04-02 11:00:00,11,7,4
2020-04-02 12:00:00,14,10,4
2020-04-02 13:00:00,20,7,13
2020-04-02 14:00:00,12,5,7
2020-04-02 15:00:00,22,11,11
2020-04-02 16:00:00,25,13,12
2020-04-02 17:00:00,23,13,10
2020-04-02 18:00:00,24,15,9
2020-04-02 19:00:00,9,3,6
2020-04-02 20:00:00,5,1,4
2020-04-02 21:00:00,2,2,0
2020-04-02 22:00:00,2,1,1
2020-04-02 23:00:00,2,0,2
2020-04-03 00:00:00,0,0,0
2020-04-03 01:00:00,3,2,1
2020-04-03 02:00:00,1,0,1
2020-04-03 03:00:00,1,0,1
2018-04-25 08:00:00,167,74,93
2018-04-25 09:00:00,84,33,51
2018-04-25 10:00:00,43,18,25
2018-04-25 11:00:00,41,20,21
2018-04-25 12:00:00,53,25,28
2018-04-25 13:00:00,43,21,22
2018-04-25 14:00:00,47,18,29
2018-04-25 15:00:00,82,25,57
2018-04-25 16:00:00,170,64,106
2018-04-25 17:00:00,247,91,156
2018-04-25 18:00:00,117,46,71
2018-04-25 19:00:00,41,16,25
2018-04-25 20:00:00,34,18,16
2018-04-25 21:00:00,13,4,9
2018-04-25 22:00:00,11,8,3
2018-04-25 23:00:00,6,3,3
2018-04-26 00:00:00,2,1,1
2018-04-26 01:00:00,1,0,1
2018-04-26 02:00:00,2,2,0
2018-04-26 03:00:00,3,1,2
2018-04-26 04:00:00,1,1,0
2018-04-26 05:00:00,21,13,8
2018-04-26 06:00:00,62,31,31
2018-04-26 07:00:00,109,49,60
2018-04-26 08:00:00,170,72,98
2018-04-26 09:00:00,104,42,62
2018-04-26 10:00:00,43,18,25
2018-04-26 11:00:00,43,17,26
2018-04-26 12:00:00,43,16,27
2018-04-26 13:00:00,54,25,29
2018-04-26 14:00:00,44,17,27
2018-04-26 15:00:00,116,37,79
2018-04-26 16:00:00,185,69,116
2018-04-26 17:00:00,214,74,140
2018-04-26 18:00:00,127,54,73
2018-04-26 19:00:00,62,26,36
2018-04-26 20:00:00,23,11,12
2018-04-26 21:00:00,15,5,10
2018-04-26 22:00:00,11,6,5
2018-04-26 23:00:00,5,4,1
2018-04-27 00:00:00,2,0,2
2018-04-27 01:00:00,3,1,2
2018-04-27 02:00:00,2,0,2
2018-04-27 03:00:00,1,0,1
2018-04-27 04:00:00,2,2,0
2018-04-27 05:00:00,12,7,5
2018-04-27 06:00:00,36,14,22
2018-04-27 07:00:00,78,46,32
2018-04-27 08:00:00,127,48,79
2018-04-27 09:00:00,82,33,49
2018-04-27 10:00:00,25,9,16
2018-04-27 11:00:00,40,20,20
2018-04-27 12:00:00,50,25,25
2018-04-27 13:00:00,31,9,22
2018-04-27 14:00:00,48,21,27
2018-04-27 15:00:00,78,30,48
2018-04-27 16:00:00,114,30,84
2018-04-27 17:00:00,153,64,89
2018-04-27 18:00:00,72,26,46
2018-04-27 19:00:00,41,14,27
2018-04-27 20:00:00,15,9,6
2018-04-27 21:00:00,8,2,6
2018-04-27 22:00:00,9,6,3
2018-04-27 23:00:00,8,5,3
2018-04-28 00:00:00,4,1,3
2018-04-28 01:00:00,8,1,7
2018-04-28 02:00:00,0,0,0
2018-04-28 03:00:00,0,0,0
2018-04-28 04:00:00,0,0,0
2018-04-28 05:00:00,1,0,1
2018-04-28 06:00:00,1,0,1
2018-04-28 07:00:00,5,4,1
2018-04-28 08:00:00,1,1,0
2018-04-28 09:00:00,4,2,2
2018-04-28 10:00:00,6,5,1
2018-04-28 11:00:00,10,2,8
2018-04-28 12:00:00,2,0,2
2018-04-28 13:00:00,14,8,6
2018-04-28 14:00:00,13,4,9
2018-04-28 15:00:00,21,8,13
2018-04-28 16:00:00,12,7,5
2018-04-28 17:00:00,20,10,10
2018-04-28 18:00:00,14,6,8
2018-04-28 19:00:00,7,5,2
2018-04-28 20:00:00,6,3,3
2018-04-28 21:00:00,7,4,3
2018-04-28 22:00:00,4,3,1
2018-04-28 23:00:00,4,3,1
2018-04-29 00:00:00,2,1,1
2018-04-29 01:00:00,0,0,0
2018-04-29 02:00:00,1,1,0
2018-04-29 03:00:00,0,0,0
2018-04-29 04:00:00,1,0,1
2018-04-29 05:00:00,0,0,0
2018-04-29 06:00:00,0,0,0
2018-04-29 07:00:00,2,2,0
2018-04-29 08:00:00,7,4,3
2018-04-29 09:00:00,13,5,8
2018-04-29 10:00:00,15,6,9
2018-04-29 11:00:00,16,7,9
2018-04-29 12:00:00,22,15,7
2018-04-29 13:00:00,30,11,19
2018-04-29 14:00:00,24,11,13
2018-04-29 15:00:00,22,8,14
2018-04-29 16:00:00,24,5,19
2018-04-29 17:00:00,35,15,20
2018-04-29 18:00:00,22,11,11
2018-04-29 19:00:00,17,7,10
2018-04-29 20:00:00,15,9,6
2018-04-29 21:00:00,3,2,1
2018-04-29 22:00:00,5,3,2
2018-04-29 23:00:00,3,0,3
2018-04-30 00:00:00,4,2,2
2018-04-30 01:00:00,0,0,0
2018-04-30 02:00:00,1,1,0
2018-04-30 03:00:00,2,1,1
2018-04-30 04:00:00,2,2,0
2018-04-30 05:00:00,24,16,8
2018-04-30 06:00:00,54,24,30
2018-04-30 07:00:00,100,48,52
2018-04-30 08:00:00,117,54,63
2018-04-30 09:00:00,65,31,34
2018-04-30 10:00:00,21,8,13
2018-04-30 11:00:00,32,13,19
2018-04-30 12:00:00,33,16,17
2018-04-30 13:00:00,38,21,17
2018-04-30 14:00:00,25,12,13
2018-04-30 15:00:00,54,13,41
2018-04-30 16:00:00,125,38,87
2018-04-30 17:00:00,187,69,118
2018-04-30 18:00:00,90,32,58
2018-04-30 19:00:00,33,16,17
2018-04-30 20:00:00,10,5,5
2018-04-30 21:00:00,11,5,6
2018-04-30 22:00:00,5,2,3
2018-04-30 23:00:00,4,2,2
2018-05-01 00:00:00,1,1,0
2018-05-01 01:00:00,5,3,2
2018-05-01 02:00:00,3,2,1
2018-05-01 03:00:00,0,0,0
2018-05-01 04:00:00,2,1,1
2018-05-01 05:00:00,18,12,6
2018-05-01 06:00:00,57,29,28
2018-05-01 07:00:00,123,63,60
2018-05-01 08:00:00,180,73,107
2018-05-01 09:00:00,87,38,49
2018-05-01 10:00:00,39,20,19
2018-05-01 11:00:00,39,23,16
2018-05-01 12:00:00,59,32,27
2018-05-01 13:00:00,39,18,21
2018-05-01 14:00:00,65,22,43
2018-05-01 15:00:00,82,27,55
2018-05-01 16:00:00,156,62,94
2018-05-01 17:00:00,140,67,73
2018-05-01 18:00:00,137,52,85
2018-05-01 19:00:00,57,22,35
2018-05-01 20:00:00,20,10,10
2018-05-01 21:00:00,16,8,8
2018-05-01 22:00:00,15,10,5
2018-05-01 23:00:00,5,2,3
2018-05-02 00:00:00,3,2,1
2018-05-02 01:00:00,1,1,0
2018-05-02 02:00:00,2,0,2
2018-05-02 03:00:00,2,2,0
2018-05-02 04:00:00,2,2,0
2018-05-02 05:00:00,19,12,7
2018-05-02 06:00:00,61,30,31
2018-05-02 07:00:00,139,61,78
2018-05-02 08:00:00,195,90,105
2018-05-02 09:00:00,96,41,55
2018-05-02 10:00:00,35,18,17
2018-05-02 11:00:00,56,23,33
2018-05-02 12:00:00,56,27,29
2018-05-02 13:00:00,57,25,32
2018-05-02 14:00:00,42,19,23
2018-05-02 15:00:00,81,33,48
2018-05-02 16:00:00,154,50,104
2018-05-02 17:00:00,276,103,173
2018-05-02 18:00:00,132,47,85
2018-05-02 19:00:00,49,17,32
2018-05-02 20:00:00,32,16,16
2018-05-02 21:00:00,22,8,14
2018-05-02 22:00:00,10,5,5
2018-05-02 23:00:00,8,5,3
2018-05-03 00:00:00,5,4,1
2018-05-03 01:00:00,0,0,0
2018-05-03 02:00:00,1,1,0
2018-05-03 03:00:00,0,0,0
2018-05-03 04:00:00,2,1,1
2018-05-03 05:00:00,22,17,5
2018-05-03 06:00:00,59,26,33
2018-05-03 07:00:00,114,58,56
2018-05-03 08:00:00,168,68,100
2018-05-03 09:00:00,106,51,55
2018-05-03 10:00:00,34,12,22
2018-05-03 11:00:00,44,18,26
2018-05-03 12:00:00,48,24,24
2018-05-03 13:00:00,47,26,21
2018-05-03 14:00:00,57,16,41
2018-05-03 15:00:00,82,37,45
2018-05-03 16:00:00,182,60,122
2018-05-03 17:00:00,271,80,191
2018-05-03 18:00:00,169,63,106
2018-05-03 19:00:00,49,18,31
2018-05-03 20:00:00,28,16,12
2018-05-03 21:00:00,22,13,9
2018-05-03 22:00:00,16,10,6
2018-05-03 23:00:00,14,7,7
2018-05-04 00:00:00,4,3,1
2018-05-04 01:00:00,1,0,1
2018-05-04 02:00:00,0,0,0
2018-05-04 03:00:00,0,0,0
2018-05-04 04:00:00,1,0,1
2018-05-04 05:00:00,15,11,4
2018-05-04 06:00:00,46,24,22
2018-05-04 07:00:00,89,44,45
2018-05-04 08:00:00,154,72,82
2018-05-04 09:00:00,83,35,48
2018-05-04 10:00:00,29,8,21
2018-05-04 11:00:00,52,23,29
2018-05-04 12:00:00,56,25,31
2018-05-04 13:00:00,40,20,20
2018-05-04 14:00:00,38,14,24
2018-05-04 15:00:00,84,26,58
2018-05-04 16:00:00,159,61,98
2018-05-04 17:00:00,184,63,121
2018-05-04 18:00:00,129,47,82
2018-05-04 19:00:00,47,15,32
2018-05-04 20:00:00,12,4,8
2018-05-04 21:00:00,18,5,13
2018-05-04 22:00:00,31,20,11
2018-05-04 23:00:00,12,7,5
2018-05-05 00:00:00,14,12,2
2018-05-05 01:00:00,4,3,1
2018-05-05 02:00:00,0,0,0
2018-05-05 03:00:00,0,0,0
2018-05-05 04:00:00,0,0,0
2018-05-05 05:00:00,1,0,1
2018-05-05 06:00:00,7,3,4
2018-05-05 07:00:00,13,8,5
2018-05-05 08:00:00,25,10,15
2018-05-05 09:00:00,18,4,14
2018-05-05 10:00:00,29,10,19
2018-05-05 11:00:00,60,20,40
2018-05-05 12:00:00,76,13,63
2018-05-05 13:00:00,49,16,33
2018-05-05 14:00:00,36,9,27
2018-05-05 15:00:00,77,53,24
2018-05-05 16:00:00,45,21,24
2018-05-05 17:00:00,49,24,25
2018-05-05 18:00:00,47,22,25
2018-05-05 19:00:00,5,2,3
2018-05-05 20:00:00,15,7,8
2018-05-05 21:00:00,8,3,5
2018-05-05 22:00:00,12,12,0
2018-05-05 23:00:00,14,10,4
2018-05-06 00:00:00,5,1,4
2018-05-06 01:00:00,5,1,4
2018-05-06 02:00:00,10,4,6
2018-05-06 03:00:00,0,0,0
2018-05-06 04:00:00,0,0,0
2018-05-06 05:00:00,0,0,0
2018-05-06 06:00:00,3,1,2
2018-05-06 07:00:00,12,6,6
2018-05-06 08:00:00,27,4,23
2018-05-06 09:00:00,22,12,10
2018-05-06 10:00:00,24,12,12
2018-05-06 11:00:00,39,14,25
2018-05-06 12:00:00,59,14,45
2018-05-06 13:00:00,47,23,24
2018-05-06 14:00:00,42,17,25
2018-05-06 15:00:00,56,45,11
2018-05-06 16:00:00,46,37,9
2018-05-06 17:00:00,30,9,21
2018-05-06 18:00:00,29,19,10
2018-05-06 19:00:00,14,8,6
2018-05-06 20:00:00,7,4,3
2018-05-06 21:00:00,6,2,4
2018-05-06 22:00:00,10,4,6
2018-05-06 23:00:00,3,2,1
2018-05-07 00:00:00,4,1,3
2018-05-07 01:00:00,2,2,0
2018-05-07 02:00:00,0,0,0
2018-05-07 03:00:00,1,1,0
2018-05-07 04:00:00,2,2,0
2018-05-07 05:00:00,22,16,6
2018-05-07 06:00:00,59,30,29
2018-05-07 07:00:00,122,59,63
2018-05-07 08:00:00,215,90,125
2018-05-07 09:00:00,116,41,75
2018-05-07 10:00:00,34,15,19
2018-05-07 11:00:00,28,15,13
2018-05-07 12:00:00,30,17,13
2018-05-07 13:00:00,31,20,11
2018-05-07 14:00:00,52,24,28
2018-05-07 15:00:00,66,16,50
2018-05-07 16:00:00,179,57,122
2018-05-07 17:00:00,257,100,157
2018-05-07 18:00:00,120,46,74
2018-05-07 19:00:00,62,26,36
2018-05-07 20:00:00,22,12,10
2018-05-07 21:00:00,12,3,9
2018-05-07 22:00:00,15,7,8
2018-05-07 23:00:00,4,2,2
2018-05-08 00:00:00,2,1,1
2018-05-08 01:00:00,2,2,0
2018-05-08 02:00:00,0,0,0
2018-05-08 03:00:00,1,1,0
2018-05-08 04:00:00,0,0,0
2018-05-08 05:00:00,20,15,5
2018-05-08 06:00:00,73,37,36
2018-05-08 07:00:00,138,73,65
2018-05-08 08:00:00,189,76,113
2018-05-08 09:00:00,98,42,56
2018-05-08 10:00:00,31,14,17
2018-05-08 11:00:00,38,17,21
2018-05-08 12:00:00,49,22,27
2018-05-08 13:00:00,51,25,26
2018-05-08 14:00:00,61,23,38
2018-05-08 15:00:00,65,13,52
2018-05-08 16:00:00,203,70,133
2018-05-08 17:00:00,229,97,132
2018-05-08 18:00:00,106,40,66
2018-05-08 19:00:00,53,18,35
2018-05-08 20:00:00,15,5,10
2018-05-08 21:00:00,14,6,8
2018-05-08 22:00:00,9,7,2
2018-05-08 23:00:00,4,0,4
2018-05-09 00:00:00,2,2,0
2018-05-09 01:00:00,0,0,0
2018-05-09 02:00:00,0,0,0
2018-05-09 03:00:00,0,0,0
2018-05-09 04:00:00,2,1,1
2018-05-09 05:00:00,15,7,8
2018-05-09 06:00:00,49,29,20
2018-05-09 07:00:00,120,52,68
2018-05-09 08:00:00,171,75,96
2018-05-09 09:00:00,104,45,59
2018-05-09 10:00:00,49,17,32
2018-05-09 11:00:00,34,16,18
2018-05-09 12:00:00,38,17,21
2018-05-09 13:00:00,34,16,18
2018-05-09 14:00:00,56,20,36
2018-05-09 15:00:00,70,19,51
2018-05-09 16:00:00,178,53,125
2018-05-09 17:00:00,212,93,119
2018-05-09 18:00:00,116,38,78
2018-05-09 19:00:00,53,26,27
2018-05-09 20:00:00,22,9,13
2018-05-09 21:00:00,15,8,7
2018-05-09 22:00:00,7,4,3
2018-05-09 23:00:00,4,3,1
2018-05-10 00:00:00,1,1,0
2018-05-10 01:00:00,1,1,0
2018-05-10 02:00:00,1,0,1
2018-05-10 03:00:00,1,1,0
2018-05-10 04:00:00,4,1,3
2018-05-10 05:00:00,12,9,3
2018-05-10 06:00:00,37,19,18
2018-05-10 07:00:00,93,46,47
2018-05-10 08:00:00,144,57,87
2018-05-10 09:00:00,87,32,55
2018-05-10 10:00:00,37,14,23
2018-05-10 11:00:00,42,19,23
2018-05-10 12:00:00,42,21,21
2018-05-10 13:00:00,39,14,25
2018-05-10 14:00:00,34,15,19
2018-05-10 15:00:00,75,21,54
2018-05-10 16:00:00,133,42,91
2018-05-10 17:00:00,159,59,100
2018-05-10 18:00:00,109,43,66
2018-05-10 19:00:00,31,11,20
2018-05-10 20:00:00,17,9,8
2018-05-10 21:00:00,15,6,9
2018-05-10 22:00:00,10,4,6
2018-05-10 23:00:00,5,2,3
2018-05-11 00:00:00,1,0,1
2018-05-11 01:00:00,3,2,1
2018-05-11 02:00:00,0,0,0
2018-05-11 03:00:00,0,0,0
2018-05-11 04:00:00,1,1,0
2018-05-11 05:00:00,17,13,4
2018-05-11 06:00:00,47,27,20
2018-05-11 07:00:00,121,49,72
2018-05-11 08:00:00,147,62,85
2018-05-11 09:00:00,89,39,50
2018-05-11 10:00:00,41,17,24
2018-05-11 11:00:00,49,28,21
2018-05-11 12:00:00,39,16,23
2018-05-11 13:00:00,52,25,27
2018-05-11 14:00:00,60,23,37
2018-05-11 15:00:00,117,51,66
2018-05-11 16:00:00,168,75,93
2018-05-11 17:00:00,204,67,137
2018-05-11 18:00:00,77,29,48
2018-05-11 19:00:00,45,14,31
2018-05-11 20:00:00,19,6,13
2018-05-11 21:00:00,11,6,5
2018-05-11 22:00:00,8,3,5
2018-05-11 23:00:00,5,1,4
2018-05-12 00:00:00,4,1,3
2018-05-12 01:00:00,8,6,2
2018-05-12 02:00:00,0,0,0
2018-05-12 03:00:00,2,1,1
2018-05-12 04:00:00,0,0,0
2018-05-12 05:00:00,0,0,0
2018-05-12 06:00:00,4,1,3
2018-05-12 07:00:00,13,7,6
2018-05-12 08:00:00,10,6,4
2018-05-12 09:00:00,25,13,12
2018-05-12 10:00:00,32,10,22
2018-05-12 11:00:00,34,10,24
2018-05-12 12:00:00,55,29,26
2018-05-12 13:00:00,41,15,26
2018-05-12 14:00:00,33,12,21
2018-05-12 15:00:00,40,7,33
2018-05-12 16:00:00,52,27,25
2018-05-12 17:00:00,39,18,21
2018-05-12 18:00:00,56,22,34
2018-05-12 19:00:00,33,18,15
2018-05-12 20:00:00,16,12,4
2018-05-12 21:00:00,7,4,3
2018-05-12 22:00:00,12,4,8
2018-05-12 23:00:00,5,1,4
2018-05-13 00:00:00,5,2,3
2018-05-13 01:00:00,6,3,3
2018-05-13 02:00:00,6,5,1
2018-05-13 03:00:00,0,0,0
2018-05-13 04:00:00,0,0,0
2018-05-13 05:00:00,5,0,5
2018-05-13 06:00:00,3,0,3
2018-05-13 07:00:00,4,3,1
2018-05-13 08:00:00,7,5,2
2018-05-13 09:00:00,23,12,11
2018-05-13 10:00:00,37,16,21
2018-05-13 11:00:00,38,13,25
2018-05-13 12:00:00,39,17,22
2018-05-13 13:00:00,33,16,17
2018-05-13 14:00:00,36,16,20
2018-05-13 15:00:00,42,21,21
2018-05-13 16:00:00,47,25,22
2018-05-13 17:00:00,29,5,24
2018-05-13 18:00:00,22,9,13
2018-05-13 19:00:00,16,5,11
2018-05-13 20:00:00,16,8,8
2018-05-13 21:00:00,8,4,4
2018-05-13 22:00:00,14,8,6
2018-05-13 23:00:00,6,3,3
2018-05-14 00:00:00,4,1,3
2018-05-14 01:00:00,3,3,0
2018-05-14 02:00:00,2,2,0
2018-05-14 03:00:00,1,1,0
2018-05-14 04:00:00,2,2,0
2018-05-14 05:00:00,17,10,7
2018-05-14 06:00:00,64,37,27
2018-05-14 07:00:00,149,70,79
2018-05-14 08:00:00,208,82,126
2018-05-14 09:00:00,101,46,55
2018-05-14 10:00:00,28,16,12
2018-05-14 11:00:00,34,9,25
2018-05-14 12:00:00,41,18,23
2018-05-14 13:00:00,45,22,23
2018-05-14 14:00:00,48,15,33
2018-05-14 15:00:00,73,20,53
2018-05-14 16:00:00,182,72,110
2018-05-14 17:00:00,270,102,168
2018-05-14 18:00:00,134,53,81
2018-05-14 19:00:00,56,21,35
2018-05-14 20:00:00,24,13,11
2018-05-14 21:00:00,14,6,8
2018-05-14 22:00:00,9,4,5
2018-05-14 23:00:00,6,2,4
2018-05-15 00:00:00,0,0,0
2018-05-15 01:00:00,3,2,1
2018-05-15 02:00:00,1,1,0
2018-05-15 03:00:00,0,0,0
2018-05-15 04:00:00,2,2,0
2018-05-15 05:00:00,19,11,8
2018-05-15 06:00:00,63,30,33
2018-05-15 07:00:00,149,67,82
2018-05-15 08:00:00,192,89,103
2018-05-15 09:00:00,111,49,62
2018-05-15 10:00:00,38,13,25
2018-05-15 11:00:00,28,15,13
2018-05-15 12:00:00,39,21,18
2018-05-15 13:00:00,38,14,24
2018-05-15 14:00:00,43,15,28
2018-05-15 15:00:00,84,31,53
2018-05-15 16:00:00,202,67,135
2018-05-15 17:00:00,277,105,172
2018-05-15 18:00:00,153,53,100
2018-05-15 19:00:00,62,24,38
2018-05-15 20:00:00,27,10,17
2018-05-15 21:00:00,27,15,12
2018-05-15 22:00:00,9,4,5
2018-05-15 23:00:00,9,5,4
2018-05-16 00:00:00,5,3,2
2018-05-16 01:00:00,4,3,1
2018-05-16 02:00:00,0,0,0
2018-05-16 03:00:00,0,0,0
2018-05-16 04:00:00,2,2,0
2018-05-16 05:00:00,25,16,9
2018-05-16 06:00:00,64,31,33
2018-05-16 07:00:00,140,61,79
2018-05-16 08:00:00,186,81,105
2018-05-16 09:00:00,102,44,58
2018-05-16 10:00:00,33,14,19
2018-05-16 11:00:00,41,12,29
2018-05-16 12:00:00,55,23,32
2018-05-16 13:00:00,42,22,20
2018-05-16 14:00:00,53,29,24
2018-05-16 15:00:00,107,37,70
2018-05-16 16:00:00,189,76,113
2018-05-16 17:00:00,233,104,129
2018-05-16 18:00:00,125,52,73
2018-05-16 19:00:00,52,18,34
2018-05-16 20:00:00,29,9,20
2018-05-16 21:00:00,16,5,11
2018-05-16 22:00:00,8,5,3
2018-05-16 23:00:00,10,4,6
2018-05-17 00:00:00,4,2,2
2018-05-17 01:00:00,2,2,0
2018-05-17 02:00:00,0,0,0
2018-05-17 03:00:00,2,2,0
2018-05-17 04:00:00,2,2,0
2018-05-17 05:00:00,21,13,8
2018-05-17 06:00:00,55,26,29
2018-05-17 07:00:00,131,66,65
2018-05-17 08:00:00,191,82,109
2018-05-17 09:00:00,102,49,53
2018-05-17 10:00:00,56,20,36
2018-05-17 11:00:00,32,14,18
2018-05-17 12:00:00,41,19,22
2018-05-17 13:00:00,62,35,27
2018-05-17 14:00:00,55,19,36
2018-05-17 15:00:00,103,37,66
2018-05-17 16:00:00,172,59,113
2018-05-17 17:00:00,253,105,148
2018-05-17 18:00:00,130,39,91
2018-05-17 19:00:00,45,14,31
2018-05-17 20:00:00,26,18,8
2018-05-17 21:00:00,24,9,15
2018-05-17 22:00:00,13,8,5
2018-05-17 23:00:00,11,5,6
2018-05-18 00:00:00,8,5,3
2018-05-18 01:00:00,2,0,2
2018-05-18 02:00:00,0,0,0
2018-05-18 03:00:00,0,0,0
2018-05-18 04:00:00,3,1,2
2018-05-18 05:00:00,16,11,5
2018-05-18 06:00:00,65,31,34
2018-05-18 07:00:00,198,84,114
2018-05-18 08:00:00,280,122,158
2018-05-18 09:00:00,126,61,65
2018-05-18 10:00:00,43,24,19
2018-05-18 11:00:00,36,18,18
2018-05-18 12:00:00,48,28,20
2018-05-18 13:00:00,57,23,34
2018-05-18 14:00:00,40,23,17
2018-05-18 15:00:00,107,43,64
2018-05-18 16:00:00,177,65,112
2018-05-18 17:00:00,246,83,163
2018-05-18 18:00:00,124,31,93
2018-05-18 19:00:00,55,23,32
2018-05-18 20:00:00,18,12,6
2018-05-18 21:00:00,28,21,7
2018-05-18 22:00:00,36,24,12
2018-05-18 23:00:00,13,5,8
2018-05-19 00:00:00,5,2,3
2018-05-19 01:00:00,7,6,1
2018-05-19 02:00:00,5,2,3
2018-05-19 03:00:00,1,1,0
2018-05-19 04:00:00,0,0,0
2018-05-19 05:00:00,4,2,2
2018-05-19 06:00:00,4,3,1
2018-05-19 07:00:00,7,6,1
2018-05-19 08:00:00,13,5,8
2018-05-19 09:00:00,19,7,12
2018-05-19 10:00:00,19,12,7
2018-05-19 11:00:00,37,16,21
2018-05-19 12:00:00,52,18,34
2018-05-19 13:00:00,49,19,30
2018-05-19 14:00:00,42,12,30
2018-05-19 15:00:00,41,13,28
2018-05-19 16:00:00,64,23,41
2018-05-19 17:00:00,41,13,28
2018-05-19 18:00:00,34,16,18
2018-05-19 19:00:00,14,7,7
2018-05-19 20:00:00,6,6,0
2018-05-19 21:00:00,29,21,8
2018-05-19 22:00:00,11,4,7
2018-05-19 23:00:00,10,6,4
2018-05-20 00:00:00,6,4,2
2018-05-20 01:00:00,1,1,0
2018-05-20 02:00:00,1,1,0
2018-05-20 03:00:00,2,2,0
2018-05-20 04:00:00,1,1,0
2018-05-20 05:00:00,0,0,0
2018-05-20 06:00:00,0,0,0
2018-05-20 07:00:00,14,7,7
2018-05-20 08:00:00,11,6,5
2018-05-20 09:00:00,14,8,6
2018-05-20 10:00:00,26,14,12
2018-05-20 11:00:00,26,17,9
2018-05-20 12:00:00,38,13,25
2018-05-20 13:00:00,29,10,19
2018-05-20 14:00:00,56,31,25
2018-05-20 15:00:00,33,14,19
2018-05-20 16:00:00,38,20,18
2018-05-20 17:00:00,42,30,12
2018-05-20 18:00:00,30,12,18
2018-05-20 19:00:00,14,6,8
2018-05-20 20:00:00,14,9,5
2018-05-20 21:00:00,3,1,2
2018-05-20 22:00:00,7,1,6
2018-05-20 23:00:00,8,4,4
2018-05-21 00:00:00,1,0,1
2018-05-21 01:00:00,0,0,0
2018-05-21 02:00:00,2,2,0
2018-05-21 03:00:00,1,1,0
2018-05-21 04:00:00,1,1,0
2018-05-21 05:00:00,16,12,4
2018-05-21 06:00:00,62,32,30
2018-05-21 07:00:00,122,62,60
2018-05-21 08:00:00,210,100,110
2018-05-21 09:00:00,105,41,64
2018-05-21 10:00:00,33,16,17
2018-05-21 11:00:00,31,16,15
2018-05-21 12:00:00,37,23,14
2018-05-21 13:00:00,40,20,20
2018-05-21 14:00:00,46,21,25
2018-05-21 15:00:00,85,34,51
2018-05-21 16:00:00,177,62,115
2018-05-21 17:00:00,262,96,166
2018-05-21 18:00:00,121,39,82
2018-05-21 19:00:00,43,18,25
2018-05-21 20:00:00,25,13,12
2018-05-21 21:00:00,19,6,13
2018-05-21 22:00:00,13,5,8
2018-05-21 23:00:00,10,3,7
2018-05-22 00:00:00,8,4,4
2018-05-22 01:00:00,2,1,1
2018-05-22 02:00:00,1,0,1
2018-05-22 03:00:00,0,0,0
2018-05-22 04:00:00,2,2,0
2018-05-22 05:00:00,15,11,4
2018-05-22 06:00:00,62,28,34
2018-05-22 07:00:00,147,72,75
2018-05-22 08:00:00,209,87,122
2018-05-22 09:00:00,102,35,67
2018-05-22 10:00:00,36,16,20
2018-05-22 11:00:00,60,31,29
2018-05-22 12:00:00,64,36,28
2018-05-22 13:00:00,51,29,22
2018-05-22 14:00:00,50,28,22
2018-05-22 15:00:00,110,32,78
2018-05-22 16:00:00,208,80,128
2018-05-22 17:00:00,282,111,171
2018-05-22 18:00:00,175,61,114
2018-05-22 19:00:00,65,24,41
2018-05-22 20:00:00,28,11,17
2018-05-22 21:00:00,19,10,9
2018-05-22 22:00:00,23,16,7
2018-05-22 23:00:00,37,26,11
2018-05-23 00:00:00,6,4,2
2018-05-23 01:00:00,3,2,1
2018-05-23 02:00:00,2,0,2
2018-05-23 03:00:00,0,0,0
2018-05-23 04:00:00,7,3,4
2018-05-23 05:00:00,20,12,8
2018-05-23 06:00:00,59,31,28
2018-05-23 07:00:00,129,66,63
2018-05-23 08:00:00,190,91,99
2018-05-23 09:00:00,100,35,65
2018-05-23 10:00:00,32,12,20
2018-05-23 11:00:00,51,26,25
2018-05-23 12:00:00,48,25,23
2018-05-23 13:00:00,61,21,40
2018-05-23 14:00:00,56,19,37
2018-05-23 15:00:00,87,34,53
2018-05-23 16:00:00,182,76,106
2018-05-23 17:00:00,295,110,185
2018-05-23 18:00:00,134,44,90
2018-05-23 19:00:00,50,21,29
2018-05-23 20:00:00,32,17,15
2018-05-23 21:00:00,21,5,16
2018-05-23 22:00:00,13,3,10
2018-05-23 23:00:00,13,5,8
2018-05-24 00:00:00,4,2,2
2018-05-24 01:00:00,3,1,2
2018-05-24 02:00:00,2,1,1
2018-05-24 03:00:00,1,0,1
2018-05-24 04:00:00,3,3,0
2018-05-24 05:00:00,20,11,9
2018-05-24 06:00:00,59,28,31
2018-05-24 07:00:00,103,57,46
2018-05-24 08:00:00,200,91,109
2018-05-24 09:00:00,87,35,52
2018-05-24 10:00:00,36,18,18
2018-05-24 11:00:00,48,27,21
2018-05-24 12:00:00,46,19,27
2018-05-24 13:00:00,42,25,17
2018-05-24 14:00:00,55,21,34
2018-05-24 15:00:00,88,27,61
2018-05-24 16:00:00,156,50,106
2018-05-24 17:00:00,226,83,143
2018-05-24 18:00:00,117,48,69
2018-05-24 19:00:00,57,22,35
2018-05-24 20:00:00,29,16,13
2018-05-24 21:00:00,19,8,11
2018-05-24 22:00:00,7,3,4
2018-05-24 23:00:00,11,5,6
2018-05-25 00:00:00,1,0,1
2018-05-25 01:00:00,4,1,3
2018-05-25 02:00:00,4,1,3
2018-05-25 03:00:00,0,0,0
2018-05-25 04:00:00,3,2,1
2018-05-25 05:00:00,14,9,5
2018-05-25 06:00:00,42,20,22
2018-05-25 07:00:00,98,57,41
2018-05-25 08:00:00,150,69,81
2018-05-25 09:00:00,78,35,43
2018-05-25 10:00:00,33,11,22
2018-05-25 11:00:00,36,12,24
2018-05-25 12:00:00,59,29,30
2018-05-25 13:00:00,53,17,36
2018-05-25 14:00:00,64,28,36
2018-05-25 15:00:00,98,35,63
2018-05-25 16:00:00,164,58,106
2018-05-25 17:00:00,150,53,97
2018-05-25 18:00:00,88,22,66
2018-05-25 19:00:00,38,10,28
2018-05-25 20:00:00,27,15,12
2018-05-25 21:00:00,20,10,10
2018-05-25 22:00:00,16,11,5
2018-05-25 23:00:00,9,2,7
2018-05-26 00:00:00,5,2,3
2018-05-26 01:00:00,1,1,0
2018-05-26 02:00:00,2,0,2
2018-05-26 03:00:00,3,2,1
2018-05-26 04:00:00,1,0,1
2018-05-26 05:00:00,0,0,0
2018-05-26 06:00:00,2,1,1
2018-05-26 07:00:00,7,5,2
2018-05-26 08:00:00,14,11,3
2018-05-26 09:00:00,21,8,13
2018-05-26 10:00:00,34,12,22
2018-05-26 11:00:00,43,13,30
2018-05-26 12:00:00,55,15,40
2018-05-26 13:00:00,91,27,64
2018-05-26 14:00:00,30,13,17
2018-05-26 15:00:00,43,11,32
2018-05-26 16:00:00,82,52,30
2018-05-26 17:00:00,31,15,16
2018-05-26 18:00:00,37,11,26
2018-05-26 19:00:00,21,8,13
2018-05-26 20:00:00,31,14,17
2018-05-26 21:00:00,21,10,11
2018-05-26 22:00:00,15,6,9
2018-05-26 23:00:00,15,11,4
2018-05-27 00:00:00,4,2,2
2018-05-27 01:00:00,7,4,3
2018-05-27 02:00:00,0,0,0
2018-05-27 03:00:00,3,2,1
2018-05-27 04:00:00,0,0,0
2018-05-27 05:00:00,1,1,0
2018-05-27 06:00:00,0,0,0
2018-05-27 07:00:00,7,2,5
2018-05-27 08:00:00,11,7,4
2018-05-27 09:00:00,21,4,17
2018-05-27 10:00:00,27,10,17
2018-05-27 11:00:00,30,10,20
2018-05-27 12:00:00,33,8,25
2018-05-27 13:00:00,43,9,34
2018-05-27 14:00:00,42,22,20
2018-05-27 15:00:00,51,26,25
2018-05-27 16:00:00,44,30,14
2018-05-27 17:00:00,37,19,18
2018-05-27 18:00:00,35,15,20
2018-05-27 19:00:00,27,14,13
2018-05-27 20:00:00,21,12,9
2018-05-27 21:00:00,13,7,6
2018-05-27 22:00:00,5,1,4
2018-05-27 23:00:00,9,4,5
2018-05-28 00:00:00,7,3,4
2018-05-28 01:00:00,1,0,1
2018-05-28 02:00:00,0,0,0
2018-05-28 03:00:00,3,2,1
2018-05-28 04:00:00,0,0,0
2018-05-28 05:00:00,3,2,1
2018-05-28 06:00:00,5,3,2
2018-05-28 07:00:00,5,3,2
2018-05-28 08:00:00,15,6,9
2018-05-28 09:00:00,14,3,11
2018-05-28 10:00:00,26,11,15
2018-05-28 11:00:00,35,17,18
2018-05-28 12:00:00,28,10,18
2018-05-28 13:00:00,50,20,30
2018-05-28 14:00:00,53,19,34
2018-05-28 15:00:00,37,16,21
2018-05-28 16:00:00,64,35,29
2018-05-28 17:00:00,36,19,17
2018-05-28 18:00:00,26,19,7
2018-05-28 19:00:00,18,7,11
2018-05-28 20:00:00,16,7,9
2018-05-28 21:00:00,11,2,9
2018-05-28 22:00:00,11,5,6
2018-05-28 23:00:00,7,4,3
2018-05-29 00:00:00,1,0,1
2018-05-29 01:00:00,1,0,1
2018-05-29 02:00:00,2,1,1
2018-05-29 03:00:00,0,0,0
2018-05-29 04:00:00,2,1,1
2018-05-29 05:00:00,15,10,5
2018-05-29 06:00:00,63,32,31
2018-05-29 07:00:00,126,64,62
2018-05-29 08:00:00,172,76,96
2018-05-29 09:00:00,87,41,46
2018-05-29 10:00:00,35,17,18
2018-05-29 11:00:00,37,18,19
2018-05-29 12:00:00,48,25,23
2018-05-29 13:00:00,28,12,16
2018-05-29 14:00:00,43,15,28
2018-05-29 15:00:00,79,19,60
2018-05-29 16:00:00,170,55,115
2018-05-29 17:00:00,226,82,144
2018-05-29 18:00:00,132,42,90
2018-05-29 19:00:00,39,17,22
2018-05-29 20:00:00,19,9,10
2018-05-29 21:00:00,13,7,6
2018-05-29 22:00:00,8,7,1
2018-05-29 23:00:00,5,4,1
2018-05-30 00:00:00,2,0,2
2018-05-30 01:00:00,2,1,1
2018-05-30 02:00:00,2,1,1
2018-05-30 03:00:00,1,1,0
2018-05-30 04:00:00,3,2,1
2018-05-30 05:00:00,16,12,4
2018-05-30 06:00:00,59,33,26
2018-05-30 07:00:00,137,66,71
2018-05-30 08:00:00,174,83,91
2018-05-30 09:00:00,105,43,62
2018-05-30 10:00:00,37,15,22
2018-05-30 11:00:00,45,17,28
2018-05-30 12:00:00,48,23,25
2018-05-30 13:00:00,39,19,20
2018-05-30 14:00:00,60,25,35
2018-05-30 15:00:00,89,26,63
2018-05-30 16:00:00,172,54,118
2018-05-30 17:00:00,247,72,175
2018-05-30 18:00:00,124,33,91
2018-05-30 19:00:00,47,18,29
2018-05-30 20:00:00,21,10,11
2018-05-30 21:00:00,17,10,7
2018-05-30 22:00:00,24,18,6
2018-05-30 23:00:00,10,4,6
2018-05-31 00:00:00,4,2,2
2018-05-31 01:00:00,0,0,0
2018-05-31 02:00:00,0,0,0
2018-05-31 03:00:00,2,0,2
2018-05-31 04:00:00,3,2,1
2018-05-31 05:00:00,14,8,6
2018-05-31 06:00:00,65,30,35
2018-05-31 07:00:00,127,76,51
2018-05-31 08:00:00,176,79,97
2018-05-31 09:00:00,102,46,56
2018-05-31 10:00:00,37,19,18
2018-05-31 11:00:00,64,35,29
2018-05-31 12:00:00,44,22,22
2018-05-31 13:00:00,34,18,16
2018-05-31 14:00:00,41,13,28
2018-05-31 15:00:00,93,26,67
2018-05-31 16:00:00,155,51,104
2018-05-31 17:00:00,228,89,139
2018-05-31 18:00:00,123,42,81
2018-05-31 19:00:00,57,18,39
2018-05-31 20:00:00,30,9,21
2018-05-31 21:00:00,15,7,8
2018-05-31 22:00:00,13,6,7
2018-05-31 23:00:00,8,4,4
2018-06-01 00:00:00,4,2,2
2018-06-01 01:00:00,3,2,1
2018-06-01 02:00:00,2,1,1
2018-06-01 03:00:00,2,0,2
2018-06-01 04:00:00,2,2,0
2018-06-01 05:00:00,11,8,3
2018-06-01 06:00:00,41,25,16
2018-06-01 07:00:00,109,64,45
2018-06-01 08:00:00,141,59,82
2018-06-01 09:00:00,85,40,45
2018-06-01 10:00:00,36,15,21
2018-06-01 11:00:00,46,20,26
2018-06-01 12:00:00,45,21,24
2018-06-01 13:00:00,46,25,21
2018-06-01 14:00:00,65,25,40
2018-06-01 15:00:00,89,29,60
2018-06-01 16:00:00,187,66,121
2018-06-01 17:00:00,201,76,125
2018-06-01 18:00:00,120,44,76
2018-06-01 19:00:00,55,15,40
2018-06-01 20:00:00,36,16,20
2018-06-01 21:00:00,24,11,13
2018-06-01 22:00:00,10,6,4
2018-06-01 23:00:00,15,9,6
2018-06-02 00:00:00,10,6,4
2018-06-02 01:00:00,9,7,2
2018-06-02 02:00:00,11,5,6
2018-06-02 03:00:00,2,1,1
2018-06-02 04:00:00,1,1,0
2018-06-02 05:00:00,2,1,1
2018-06-02 06:00:00,4,3,1
2018-06-02 07:00:00,12,7,5
2018-06-02 08:00:00,24,7,17
2018-06-02 09:00:00,13,5,8
2018-06-02 10:00:00,36,11,25
2018-06-02 11:00:00,38,17,21
2018-06-02 12:00:00,45,18,27
2018-06-02 13:00:00,49,20,29
2018-06-02 14:00:00,50,24,26
2018-06-02 15:00:00,50,19,31
2018-06-02 16:00:00,69,30,39
2018-06-02 17:00:00,43,17,26
2018-06-02 18:00:00,56,21,35
2018-06-02 19:00:00,46,11,35
2018-06-02 20:00:00,21,6,15
2018-06-02 21:00:00,15,5,10
2018-06-02 22:00:00,32,20,12
2018-06-02 23:00:00,15,9,6
2018-06-03 00:00:00,10,6,4
2018-06-03 01:00:00,8,7,1
2018-06-03 02:00:00,2,2,0
2018-06-03 03:00:00,0,0,0
2018-06-03 04:00:00,1,0,1
2018-06-03 05:00:00,1,0,1
2018-06-03 06:00:00,4,2,2
2018-06-03 07:00:00,8,5,3
2018-06-03 08:00:00,14,5,9
2018-06-03 09:00:00,10,4,6
2018-06-03 10:00:00,21,10,11
2018-06-03 11:00:00,34,12,22
2018-06-03 12:00:00,39,14,25
2018-06-03 13:00:00,41,22,19
2018-06-03 14:00:00,29,11,18
2018-06-03 15:00:00,18,10,8
2018-06-03 16:00:00,25,14,11
2018-06-03 17:00:00,27,9,18
2018-06-03 18:00:00,11,5,6
2018-06-03 19:00:00,8,1,7
2018-06-03 20:00:00,12,7,5
2018-06-03 21:00:00,9,5,4
2018-06-03 22:00:00,6,3,3
2018-06-03 23:00:00,7,6,1
2018-06-04 00:00:00,7,2,5
2018-06-04 01:00:00,0,0,0
2018-06-04 02:00:00,2,0,2
2018-06-04 03:00:00,2,1,1
2018-06-04 04:00:00,2,1,1
2018-06-04 05:00:00,16,12,4
2018-06-04 06:00:00,54,27,27
2018-06-04 07:00:00,103,56,47
2018-06-04 08:00:00,126,58,68
2018-06-04 09:00:00,81,33,48
2018-06-04 10:00:00,21,9,12
2018-06-04 11:00:00,30,10,20
2018-06-04 12:00:00,37,17,20
2018-06-04 13:00:00,37,22,15
2018-06-04 14:00:00,32,8,24
2018-06-04 15:00:00,61,20,41
2018-06-04 16:00:00,142,44,98
2018-06-04 17:00:00,207,77,130
2018-06-04 18:00:00,112,49,63
2018-06-04 19:00:00,30,14,16
2018-06-04 20:00:00,18,9,9
2018-06-04 21:00:00,6,2,4
2018-06-04 22:00:00,10,4,6
2018-06-04 23:00:00,7,2,5
2018-06-05 00:00:00,1,0,1
2018-06-05 01:00:00,5,3,2
2018-06-05 02:00:00,1,1,0
2018-06-05 03:00:00,2,0,2
2018-06-05 04:00:00,1,1,0
2018-06-05 05:00:00,16,11,5
2018-06-05 06:00:00,66,27,39
2018-06-05 07:00:00,114,62,52
2018-06-05 08:00:00,132,70,62
2018-06-05 09:00:00,75,46,29
2018-06-05 10:00:00,35,13,22
2018-06-05 11:00:00,35,17,18
2018-06-05 12:00:00,42,18,24
2018-06-05 13:00:00,44,14,30
2018-06-05 14:00:00,50,25,25
2018-06-05 15:00:00,92,31,61
2018-06-05 16:00:00,170,54,116
2018-06-05 17:00:00,232,80,152
2018-06-05 18:00:00,128,51,77
2018-06-05 19:00:00,66,25,41
2018-06-05 20:00:00,25,12,13
2018-06-05 21:00:00,15,4,11
2018-06-05 22:00:00,14,3,11
2018-06-05 23:00:00,7,1,6
2018-06-06 00:00:00,0,0,0
2018-06-06 01:00:00,2,1,1
2018-06-06 02:00:00,1,1,0
2018-06-06 03:00:00,2,0,2
2018-06-06 04:00:00,3,2,1
2018-06-06 05:00:00,23,15,8
2018-06-06 06:00:00,51,22,29
2018-06-06 07:00:00,135,56,79
2018-06-06 08:00:00,177,87,90
2018-06-06 09:00:00,141,57,84
2018-06-06 10:00:00,58,26,32
2018-06-06 11:00:00,58,26,32
2018-06-06 12:00:00,49,25,24
2018-06-06 13:00:00,60,35,25
2018-06-06 14:00:00,46,25,21
2018-06-06 15:00:00,95,30,65
2018-06-06 16:00:00,154,51,103
2018-06-06 17:00:00,261,93,168
2018-06-06 18:00:00,138,48,90
2018-06-06 19:00:00,41,14,27
2018-06-06 20:00:00,42,24,18
2018-06-06 21:00:00,20,5,15
2018-06-06 22:00:00,14,3,11
2018-06-06 23:00:00,6,5,1
2018-06-07 00:00:00,4,3,1
2018-06-07 01:00:00,2,2,0
2018-06-07 02:00:00,3,2,1
2018-06-07 03:00:00,1,0,1
2018-06-07 04:00:00,2,1,1
2018-06-07 05:00:00,19,14,5
2018-06-07 06:00:00,44,24,20
2018-06-07 07:00:00,105,47,58
2018-06-07 08:00:00,177,76,101
2018-06-07 09:00:00,89,38,51
2018-06-07 10:00:00,57,28,29
2018-06-07 11:00:00,49,20,29
2018-06-07 12:00:00,44,27,17
2018-06-07 13:00:00,43,20,23
2018-06-07 14:00:00,35,8,27
2018-06-07 15:00:00,84,21,63
2018-06-07 16:00:00,187,70,117
2018-06-07 17:00:00,252,84,168
2018-06-07 18:00:00,150,39,111
2018-06-07 19:00:00,80,34,46
2018-06-07 20:00:00,43,20,23
2018-06-07 21:00:00,28,8,20
2018-06-07 22:00:00,19,13,6
2018-06-07 23:00:00,10,6,4
2018-06-08 00:00:00,0,0,0
2018-06-08 01:00:00,1,0,1
2018-06-08 02:00:00,2,0,2
2018-06-08 03:00:00,2,1,1
2018-06-08 04:00:00,1,1,0
2018-06-08 05:00:00,17,12,5
2018-06-08 06:00:00,61,36,25
2018-06-08 07:00:00,77,39,38
2018-06-08 08:00:00,99,46,53
2018-06-08 09:00:00,74,38,36
2018-06-08 10:00:00,38,14,24
2018-06-08 11:00:00,42,22,20
2018-06-08 12:00:00,28,8,20
2018-06-08 13:00:00,40,17,23
2018-06-08 14:00:00,41,14,27
2018-06-08 15:00:00,59,16,43
2018-06-08 16:00:00,108,29,79
2018-06-08 17:00:00,127,50,77
2018-06-08 18:00:00,58,22,36
2018-06-08 19:00:00,27,15,12
2018-06-08 20:00:00,15,8,7
2018-06-08 21:00:00,8,3,5
2018-06-08 22:00:00,5,5,0
2018-06-08 23:00:00,4,1,3
2018-06-09 00:00:00,8,2,6
2018-06-09 01:00:00,1,0,1
2018-06-09 02:00:00,4,3,1
2018-06-09 03:00:00,1,1,0
2018-06-09 04:00:00,0,0,0
2018-06-09 05:00:00,1,0,1
2018-06-09 06:00:00,2,0,2
2018-06-09 07:00:00,7,5,2
2018-06-09 08:00:00,14,6,8
2018-06-09 09:00:00,12,6,6
2018-06-09 10:00:00,21,10,11
2018-06-09 11:00:00,26,14,12
2018-06-09 12:00:00,27,10,17
2018-06-09 13:00:00,32,14,18
2018-06-09 14:00:00,33,13,20
2018-06-09 15:00:00,37,14,23
2018-06-09 16:00:00,31,11,20
2018-06-09 17:00:00,31,11,20
2018-06-09 18:00:00,46,16,30
2018-06-09 19:00:00,5,3,2
2018-06-09 20:00:00,13,5,8
2018-06-09 21:00:00,21,15,6
2018-06-09 22:00:00,4,2,2
2018-06-09 23:00:00,5,2,3
2018-06-10 00:00:00,6,3,3
2018-06-10 01:00:00,4,3,1
2018-06-10 02:00:00,5,4,1
2018-06-10 03:00:00,0,0,0
2018-06-10 04:00:00,0,0,0
2018-06-10 05:00:00,2,1,1
2018-06-10 06:00:00,7,4,3
2018-06-10 07:00:00,7,4,3
2018-06-10 08:00:00,12,6,6
2018-06-10 09:00:00,12,6,6
2018-06-10 10:00:00,22,9,13
2018-06-10 11:00:00,17,7,10
2018-06-10 12:00:00,23,9,14
2018-06-10 13:00:00,29,12,17
2018-06-10 14:00:00,27,16,11
2018-06-10 15:00:00,22,8,14
2018-06-10 16:00:00,12,3,9
2018-06-10 17:00:00,15,10,5
2018-06-10 18:00:00,9,5,4
2018-06-10 19:00:00,9,5,4
2018-06-10 20:00:00,5,3,2
2018-06-10 21:00:00,7,4,3
2018-06-10 22:00:00,8,4,4
2018-06-10 23:00:00,3,1,2
2018-06-11 00:00:00,0,0,0
2018-06-11 01:00:00,1,1,0
2018-06-11 02:00:00,3,2,1
2018-06-11 03:00:00,0,0,0
2018-06-11 04:00:00,2,1,1
2018-06-11 05:00:00,19,14,5
2018-06-11 06:00:00,53,27,26
2018-06-11 07:00:00,119,57,62
2018-06-11 08:00:00,170,68,102
2018-06-11 09:00:00,100,50,50
2018-06-11 10:00:00,36,15,21
2018-06-11 11:00:00,36,12,24
2018-06-11 12:00:00,48,22,26
2018-06-11 13:00:00,35,16,19
2018-06-11 14:00:00,35,16,19
2018-06-11 15:00:00,82,25,57
2018-06-11 16:00:00,166,54,112
2018-06-11 17:00:00,251,87,164
2018-06-11 18:00:00,165,53,112
2018-06-11 19:00:00,50,26,24
2018-06-11 20:00:00,28,13,15
2018-06-11 21:00:00,31,11,20
2018-06-11 22:00:00,13,8,5
2018-06-11 23:00:00,4,4,0
2018-06-12 00:00:00,4,2,2
2018-06-12 01:00:00,0,0,0
2018-06-12 02:00:00,2,0,2
2018-06-12 03:00:00,2,2,0
2018-06-12 04:00:00,4,3,1
2018-06-12 05:00:00,21,19,2
2018-06-12 06:00:00,62,30,32
2018-06-12 07:00:00,129,60,69
2018-06-12 08:00:00,192,84,108
2018-06-12 09:00:00,129,59,70
2018-06-12 10:00:00,33,16,17
2018-06-12 11:00:00,39,17,22
2018-06-12 12:00:00,56,22,34
2018-06-12 13:00:00,61,26,35
2018-06-12 14:00:00,57,20,37
2018-06-12 15:00:00,83,20,63
2018-06-12 16:00:00,190,67,123
2018-06-12 17:00:00,269,96,173
2018-06-12 18:00:00,142,57,85
2018-06-12 19:00:00,63,17,46
2018-06-12 20:00:00,39,18,21
2018-06-12 21:00:00,23,12,11
2018-06-12 22:00:00,25,20,5
2018-06-12 23:00:00,2,1,1
2018-06-13 00:00:00,3,3,0
2018-06-13 01:00:00,0,0,0
2018-06-13 02:00:00,1,1,0
2018-06-13 03:00:00,6,3,3
2018-06-13 04:00:00,3,0,3
2018-06-13 05:00:00,23,15,8
2018-06-13 06:00:00,27,17,10
2018-06-13 07:00:00,59,31,28
2018-06-13 08:00:00,89,39,50
2018-06-13 09:00:00,79,33,46
2018-06-13 10:00:00,33,13,20
2018-06-13 11:00:00,45,22,23
2018-06-13 12:00:00,59,26,33
2018-06-13 13:00:00,40,15,25
2018-06-13 14:00:00,41,14,27
2018-06-13 15:00:00,58,16,42
2018-06-13 16:00:00,104,36,68
2018-06-13 17:00:00,148,52,96
2018-06-13 18:00:00,84,32,52
2018-06-13 19:00:00,24,9,15
2018-06-13 20:00:00,19,10,9
2018-06-13 21:00:00,16,7,9
2018-06-13 22:00:00,7,3,4
2018-06-13 23:00:00,6,0,6
2018-06-14 00:00:00,2,1,1
2018-06-14 01:00:00,1,1,0
2018-06-14 02:00:00,2,1,1
2018-06-14 03:00:00,2,2,0
2018-06-14 04:00:00,8,5,3
2018-06-14 05:00:00,17,12,5
2018-06-14 06:00:00,46,22,24
2018-06-14 07:00:00,89,53,36
2018-06-14 08:00:00,160,60,100
2018-06-14 09:00:00,96,40,56
2018-06-14 10:00:00,35,11,24
2018-06-14 11:00:00,52,22,30
2018-06-14 12:00:00,38,20,18
2018-06-14 13:00:00,47,23,24
2018-06-14 14:00:00,54,25,29
2018-06-14 15:00:00,74,23,51
2018-06-14 16:00:00,153,48,105
2018-06-14 17:00:00,208,77,131
2018-06-14 18:00:00,164,60,104
2018-06-14 19:00:00,55,25,30
2018-06-14 20:00:00,24,9,15
2018-06-14 21:00:00,26,14,12
2018-06-14 22:00:00,32,19,13
2018-06-14 23:00:00,6,3,3
2018-06-15 00:00:00,4,2,2
2018-06-15 01:00:00,2,1,1
2018-06-15 02:00:00,2,1,1
2018-06-15 03:00:00,1,1,0
2018-06-15 04:00:00,0,0,0
2018-06-15 05:00:00,12,8,4
2018-06-15 06:00:00,54,23,31
2018-06-15 07:00:00,104,52,52
2018-06-15 08:00:00,148,63,85
2018-06-15 09:00:00,84,33,51
2018-06-15 10:00:00,49,17,32
2018-06-15 11:00:00,47,19,28
2018-06-15 12:00:00,48,22,26
2018-06-15 13:00:00,42,28,14
2018-06-15 14:00:00,68,24,44
2018-06-15 15:00:00,99,37,62
2018-06-15 16:00:00,165,50,115
2018-06-15 17:00:00,224,73,151
2018-06-15 18:00:00,136,53,83
2018-06-15 19:00:00,55,22,33
2018-06-15 20:00:00,21,12,9
2018-06-15 21:00:00,18,11,7
2018-06-15 22:00:00,37,20,17
2018-06-15 23:00:00,41,23,18
2018-06-16 00:00:00,8,4,4
2018-06-16 01:00:00,3,1,2
2018-06-16 02:00:00,3,2,1
2018-06-16 03:00:00,2,2,0
2018-06-16 04:00:00,0,0,0
2018-06-16 05:00:00,2,2,0
2018-06-16 06:00:00,5,3,2
2018-06-16 07:00:00,10,6,4
2018-06-16 08:00:00,22,13,9
2018-06-16 09:00:00,27,11,16
2018-06-16 10:00:00,31,21,10
2018-06-16 11:00:00,24,13,11
2018-06-16 12:00:00,42,22,20
2018-06-16 13:00:00,44,34,10
2018-06-16 14:00:00,39,18,21
2018-06-16 15:00:00,64,10,54
2018-06-16 16:00:00,53,16,37
2018-06-16 17:00:00,43,8,35
2018-06-16 18:00:00,45,22,23
2018-06-16 19:00:00,33,15,18
2018-06-16 20:00:00,50,39,11
2018-06-16 21:00:00,27,11,16
2018-06-16 22:00:00,9,4,5
2018-06-16 23:00:00,14,5,9
2018-06-17 00:00:00,17,8,9
2018-06-17 01:00:00,1,0,1
2018-06-17 02:00:00,4,3,1
2018-06-17 03:00:00,3,1,2
2018-06-17 04:00:00,1,0,1
2018-06-17 05:00:00,1,0,1
2018-06-17 06:00:00,4,2,2
2018-06-17 07:00:00,5,3,2
2018-06-17 08:00:00,14,8,6
2018-06-17 09:00:00,19,9,10
2018-06-17 10:00:00,28,8,20
2018-06-17 11:00:00,35,9,26
2018-06-17 12:00:00,39,19,20
2018-06-17 13:00:00,34,12,22
2018-06-17 14:00:00,35,20,15
2018-06-17 15:00:00,33,16,17
2018-06-17 16:00:00,50,30,20
2018-06-17 17:00:00,46,20,26
2018-06-17 18:00:00,32,17,15
2018-06-17 19:00:00,28,9,19
2018-06-17 20:00:00,12,5,7
2018-06-17 21:00:00,20,11,9
2018-06-17 22:00:00,4,1,3
2018-06-17 23:00:00,3,2,1
2018-06-18 00:00:00,5,3,2
2018-06-18 01:00:00,3,3,0
2018-06-18 02:00:00,1,1,0
2018-06-18 03:00:00,1,1,0
2018-06-18 04:00:00,4,3,1
2018-06-18 05:00:00,24,17,7
2018-06-18 06:00:00,55,24,31
2018-06-18 07:00:00,120,55,65
2018-06-18 08:00:00,203,94,109
2018-06-18 09:00:00,111,45,66
2018-06-18 10:00:00,28,13,15
2018-06-18 11:00:00,45,21,24
2018-06-18 12:00:00,51,20,31
2018-06-18 13:00:00,41,24,17
2018-06-18 14:00:00,55,18,37
2018-06-18 15:00:00,74,23,51
2018-06-18 16:00:00,172,57,115
2018-06-18 17:00:00,267,117,150
2018-06-18 18:00:00,142,62,80
2018-06-18 19:00:00,50,21,29
2018-06-18 20:00:00,26,12,14
2018-06-18 21:00:00,17,6,11
2018-06-18 22:00:00,9,7,2
2018-06-18 23:00:00,4,2,2
2018-06-19 00:00:00,2,1,1
2018-06-19 01:00:00,3,1,2
2018-06-19 02:00:00,0,0,0
2018-06-19 03:00:00,3,2,1
2018-06-19 04:00:00,2,1,1
2018-06-19 05:00:00,22,15,7
2018-06-19 06:00:00,51,26,25
2018-06-19 07:00:00,134,64,70
2018-06-19 08:00:00,189,81,108
2018-06-19 09:00:00,120,58,62
2018-06-19 10:00:00,26,8,18
2018-06-19 11:00:00,44,19,25
2018-06-19 12:00:00,61,26,35
2018-06-19 13:00:00,45,19,26
2018-06-19 14:00:00,42,14,28
2018-06-19 15:00:00,98,19,79
2018-06-19 16:00:00,201,79,122
2018-06-19 17:00:00,256,93,163
2018-06-19 18:00:00,99,47,52
2018-06-19 19:00:00,55,20,35
2018-06-19 20:00:00,20,11,9
2018-06-19 21:00:00,16,4,12
2018-06-19 22:00:00,13,4,9
2018-06-19 23:00:00,3,1,2
2018-06-20 00:00:00,2,1,1
2018-06-20 01:00:00,2,1,1
2018-06-20 02:00:00,1,0,1
2018-06-20 03:00:00,2,2,0
2018-06-20 04:00:00,3,3,0
2018-06-20 05:00:00,18,12,6
2018-06-20 06:00:00,58,34,24
2018-06-20 07:00:00,137,63,74
2018-06-20 08:00:00,184,78,106
2018-06-20 09:00:00,101,40,61
2018-06-20 10:00:00,35,13,22
2018-06-20 11:00:00,54,29,25
2018-06-20 12:00:00,58,29,29
2018-06-20 13:00:00,45,18,27
2018-06-20 14:00:00,53,26,27
2018-06-20 15:00:00,117,39,78
2018-06-20 16:00:00,162,62,100
2018-06-20 17:00:00,249,98,151
2018-06-20 18:00:00,129,56,73
2018-06-20 19:00:00,74,32,42
2018-06-20 20:00:00,29,15,14
2018-06-20 21:00:00,25,10,15
2018-06-20 22:00:00,12,5,7
2018-06-20 23:00:00,13,8,5
2018-06-21 00:00:00,2,1,1
2018-06-21 01:00:00,1,1,0
2018-06-21 02:00:00,3,1,2
2018-06-21 03:00:00,3,2,1
2018-06-21 04:00:00,1,0,1
2018-06-21 05:00:00,18,10,8
2018-06-21 06:00:00,38,10,28
2018-06-21 07:00:00,91,38,53
2018-06-21 08:00:00,160,57,103
2018-06-21 09:00:00,112,40,72
2018-06-21 10:00:00,51,21,30
2018-06-21 11:00:00,34,18,16
2018-06-21 12:00:00,40,19,21
2018-06-21 13:00:00,40,19,21
2018-06-21 14:00:00,53,19,34
2018-06-21 15:00:00,70,20,50
2018-06-21 16:00:00,161,63,98
2018-06-21 17:00:00,228,95,133
2018-06-21 18:00:00,108,44,64
2018-06-21 19:00:00,65,28,37
2018-06-21 20:00:00,28,15,13
2018-06-21 21:00:00,21,10,11
2018-06-21 22:00:00,16,7,9
2018-06-21 23:00:00,3,0,3
2018-06-22 00:00:00,8,5,3
2018-06-22 01:00:00,4,1,3
2018-06-22 02:00:00,0,0,0
2018-06-22 03:00:00,3,3,0
2018-06-22 04:00:00,3,2,1
2018-06-22 05:00:00,17,9,8
2018-06-22 06:00:00,35,15,20
2018-06-22 07:00:00,74,33,41
2018-06-22 08:00:00,149,58,91
2018-06-22 09:00:00,87,35,52
2018-06-22 10:00:00,37,11,26
2018-06-22 11:00:00,42,20,22
2018-06-22 12:00:00,44,24,20
2018-06-22 13:00:00,43,18,25
2018-06-22 14:00:00,60,26,34
2018-06-22 15:00:00,99,42,57
2018-06-22 16:00:00,141,41,100
2018-06-22 17:00:00,155,66,89
2018-06-22 18:00:00,99,42,57
2018-06-22 19:00:00,40,22,18
2018-06-22 20:00:00,15,2,13
2018-06-22 21:00:00,10,7,3
2018-06-22 22:00:00,11,7,4
2018-06-22 23:00:00,7,3,4
2018-06-23 00:00:00,3,3,0
2018-06-23 01:00:00,1,0,1
2018-06-23 02:00:00,5,3,2
2018-06-23 03:00:00,2,1,1
2018-06-23 04:00:00,0,0,0
2018-06-23 05:00:00,0,0,0
2018-06-23 06:00:00,4,1,3
2018-06-23 07:00:00,15,5,10
2018-06-23 08:00:00,17,7,10
2018-06-23 09:00:00,22,5,17
2018-06-23 10:00:00,18,9,9
2018-06-23 11:00:00,26,13,13
2018-06-23 12:00:00,33,13,20
2018-06-23 13:00:00,36,16,20
2018-06-23 14:00:00,37,16,21
2018-06-23 15:00:00,37,11,26
2018-06-23 16:00:00,47,10,37
2018-06-23 17:00:00,68,18,50
2018-06-23 18:00:00,72,13,59
2018-06-23 19:00:00,27,11,16
2018-06-23 20:00:00,17,10,7
2018-06-23 21:00:00,57,45,12
2018-06-23 22:00:00,18,7,11
2018-06-23 23:00:00,12,5,7
2018-06-24 00:00:00,7,4,3
2018-06-24 01:00:00,9,7,2
2018-06-24 02:00:00,1,1,0
2018-06-24 03:00:00,3,2,1
2018-06-24 04:00:00,1,0,1
2018-06-24 05:00:00,2,1,1
2018-06-24 06:00:00,2,0,2
2018-06-24 07:00:00,9,2,7
2018-06-24 08:00:00,11,6,5
2018-06-24 09:00:00,17,10,7
2018-06-24 10:00:00,14,7,7
2018-06-24 11:00:00,43,26,17
2018-06-24 12:00:00,21,12,9
2018-06-24 13:00:00,49,22,27
2018-06-24 14:00:00,42,24,18
2018-06-24 15:00:00,60,26,34
2018-06-24 16:00:00,53,17,36
2018-06-24 17:00:00,39,18,21
2018-06-24 18:00:00,35,15,20
2018-06-24 19:00:00,23,8,15
2018-06-24 20:00:00,7,2,5
2018-06-24 21:00:00,9,3,6
2018-06-24 22:00:00,2,1,1
2018-06-24 23:00:00,6,4,2
2018-06-25 00:00:00,2,0,2
2018-06-25 01:00:00,0,0,0
2018-06-25 02:00:00,1,1,0
2018-06-25 03:00:00,1,1,0
2018-06-25 04:00:00,0,0,0
2018-06-25 05:00:00,16,10,6
2018-06-25 06:00:00,33,20,13
2018-06-25 07:00:00,77,36,41
2018-06-25 08:00:00,120,49,71
2018-06-25 09:00:00,89,38,51
2018-06-25 10:00:00,34,12,22
2018-06-25 11:00:00,28,16,12
2018-06-25 12:00:00,27,13,14
2018-06-25 13:00:00,34,21,13
2018-06-25 14:00:00,41,17,24
2018-06-25 15:00:00,62,19,43
2018-06-25 16:00:00,130,43,87
2018-06-25 17:00:00,196,76,120
2018-06-25 18:00:00,89,36,53
2018-06-25 19:00:00,42,21,21
2018-06-25 20:00:00,19,8,11
2018-06-25 21:00:00,12,4,8
2018-06-25 22:00:00,7,3,4
2018-06-25 23:00:00,4,3,1
2018-06-26 00:00:00,4,2,2
2018-06-26 01:00:00,3,3,0
2018-06-26 02:00:00,1,1,0
2018-06-26 03:00:00,2,1,1
2018-06-26 04:00:00,1,0,1
2018-06-26 05:00:00,17,10,7
2018-06-26 06:00:00,34,11,23
2018-06-26 07:00:00,88,44,44
2018-06-26 08:00:00,129,42,87
2018-06-26 09:00:00,83,35,48
2018-06-26 10:00:00,34,14,20
2018-06-26 11:00:00,38,16,22
2018-06-26 12:00:00,44,20,24
2018-06-26 13:00:00,48,17,31
2018-06-26 14:00:00,51,23,28
2018-06-26 15:00:00,69,16,53
2018-06-26 16:00:00,178,58,120
2018-06-26 17:00:00,194,73,121
2018-06-26 18:00:00,109,45,64
2018-06-26 19:00:00,63,36,27
2018-06-26 20:00:00,35,12,23
2018-06-26 21:00:00,14,10,4
2018-06-26 22:00:00,11,6,5
2018-06-26 23:00:00,4,4,0
2018-06-27 00:00:00,3,0,3
2018-06-27 01:00:00,0,0,0
2018-06-27 02:00:00,0,0,0
2018-06-27 03:00:00,5,2,3
2018-06-27 04:00:00,4,2,2
2018-06-27 05:00:00,24,14,10
2018-06-27 06:00:00,56,20,36
2018-06-27 07:00:00,118,65,53
2018-06-27 08:00:00,183,81,102
2018-06-27 09:00:00,96,40,56
2018-06-27 10:00:00,51,25,26
2018-06-27 11:00:00,51,20,31
2018-06-27 12:00:00,42,24,18
2018-06-27 13:00:00,49,25,24
2018-06-27 14:00:00,55,21,34
2018-06-27 15:00:00,93,35,58
2018-06-27 16:00:00,134,48,86
2018-06-27 17:00:00,229,86,143
2018-06-27 18:00:00,121,40,81
2018-06-27 19:00:00,50,21,29
2018-06-27 20:00:00,30,15,15
2018-06-27 21:00:00,17,7,10
2018-06-27 22:00:00,4,3,1
2018-06-27 23:00:00,3,1,2
2018-06-28 00:00:00,2,1,1
2018-06-28 01:00:00,2,0,2
2018-06-28 02:00:00,1,1,0
2018-06-28 03:00:00,4,2,2
2018-06-28 04:00:00,2,0,2
2018-06-28 05:00:00,19,15,4
2018-06-28 06:00:00,42,24,18
2018-06-28 07:00:00,93,48,45
2018-06-28 08:00:00,166,71,95
2018-06-28 09:00:00,95,43,52
2018-06-28 10:00:00,54,28,26
2018-06-28 11:00:00,46,25,21
2018-06-28 12:00:00,47,24,23
2018-06-28 13:00:00,64,35,29
2018-06-28 14:00:00,56,21,35
2018-06-28 15:00:00,85,28,57
2018-06-28 16:00:00,155,61,94
2018-06-28 17:00:00,231,77,154
2018-06-28 18:00:00,113,38,75
2018-06-28 19:00:00,54,24,30
2018-06-28 20:00:00,30,14,16
2018-06-28 21:00:00,24,14,10
2018-06-28 22:00:00,8,4,4
2018-06-28 23:00:00,3,2,1
2018-06-29 00:00:00,4,4,0
2018-06-29 01:00:00,2,2,0
2018-06-29 02:00:00,4,3,1
2018-06-29 03:00:00,2,2,0
2018-06-29 04:00:00,4,4,0
2018-06-29 05:00:00,17,13,4
2018-06-29 06:00:00,36,16,20
2018-06-29 07:00:00,88,46,42
2018-06-29 08:00:00,134,57,77
2018-06-29 09:00:00,79,38,41
2018-06-29 10:00:00,38,17,21
2018-06-29 11:00:00,39,19,20
2018-06-29 12:00:00,68,39,29
2018-06-29 13:00:00,49,21,28
2018-06-29 14:00:00,57,28,29
2018-06-29 15:00:00,81,29,52
2018-06-29 16:00:00,158,54,104
2018-06-29 17:00:00,201,67,134
2018-06-29 18:00:00,105,37,68
2018-06-29 19:00:00,38,17,21
2018-06-29 20:00:00,23,15,8
2018-06-29 21:00:00,20,13,7
2018-06-29 22:00:00,19,15,4
2018-06-29 23:00:00,14,6,8
2018-06-30 00:00:00,10,1,9
2018-06-30 01:00:00,4,1,3
2018-06-30 02:00:00,1,1,0
2018-06-30 03:00:00,1,1,0
2018-06-30 04:00:00,1,0,1
2018-06-30 05:00:00,1,1,0
2018-06-30 06:00:00,2,1,1
2018-06-30 07:00:00,14,4,10
2018-06-30 08:00:00,21,11,10
2018-06-30 09:00:00,23,8,15
2018-06-30 10:00:00,35,9,26
2018-06-30 11:00:00,36,16,20
2018-06-30 12:00:00,71,16,55
2018-06-30 13:00:00,77,18,59
2018-06-30 14:00:00,39,19,20
2018-06-30 15:00:00,52,40,12
2018-06-30 16:00:00,81,51,30
2018-06-30 17:00:00,26,14,12
2018-06-30 18:00:00,42,16,26
2018-06-30 19:00:00,20,9,11
2018-06-30 20:00:00,12,7,5
2018-06-30 21:00:00,19,8,11
2018-06-30 22:00:00,19,13,6
2018-06-30 23:00:00,18,7,11
2018-07-01 00:00:00,4,2,2
2018-07-01 01:00:00,2,0,2
2018-07-01 02:00:00,0,0,0
2018-07-01 03:00:00,2,1,1
2018-07-01 04:00:00,0,0,0
2018-07-01 05:00:00,0,0,0
2018-07-01 06:00:00,5,1,4
2018-07-01 07:00:00,8,5,3
2018-07-01 08:00:00,19,4,15
2018-07-01 09:00:00,15,6,9
2018-07-01 10:00:00,17,7,10
2018-07-01 11:00:00,19,4,15
2018-07-01 12:00:00,20,10,10
2018-07-01 13:00:00,23,10,13
2018-07-01 14:00:00,40,15,25
2018-07-01 15:00:00,45,29,16
2018-07-01 16:00:00,43,24,19
2018-07-01 17:00:00,35,14,21
2018-07-01 18:00:00,28,12,16
2018-07-01 19:00:00,25,14,11
2018-07-01 20:00:00,17,5,12
2018-07-01 21:00:00,10,2,8
2018-07-01 22:00:00,5,2,3
2018-07-01 23:00:00,6,3,3
2018-07-02 00:00:00,1,1,0
2018-07-02 01:00:00,2,1,1
2018-07-02 02:00:00,4,3,1
2018-07-02 03:00:00,1,1,0
2018-07-02 04:00:00,2,2,0
2018-07-02 05:00:00,21,13,8
2018-07-02 06:00:00,35,14,21
2018-07-02 07:00:00,94,44,50
2018-07-02 08:00:00,172,67,105
2018-07-02 09:00:00,118,62,56
2018-07-02 10:00:00,38,12,26
2018-07-02 11:00:00,49,23,26
2018-07-02 12:00:00,57,24,33
2018-07-02 13:00:00,48,28,20
2018-07-02 14:00:00,43,20,23
2018-07-02 15:00:00,84,22,62
2018-07-02 16:00:00,161,60,101
2018-07-02 17:00:00,238,120,118
2018-07-02 18:00:00,105,37,68
2018-07-02 19:00:00,49,22,27
2018-07-02 20:00:00,15,7,8
2018-07-02 21:00:00,22,14,8
2018-07-02 22:00:00,11,4,7
2018-07-02 23:00:00,8,8,0
2018-07-03 00:00:00,1,0,1
2018-07-03 01:00:00,0,0,0
2018-07-03 02:00:00,2,2,0
2018-07-03 03:00:00,2,2,0
2018-07-03 04:00:00,0,0,0
2018-07-03 05:00:00,17,10,7
2018-07-03 06:00:00,56,21,35
2018-07-03 07:00:00,96,50,46
2018-07-03 08:00:00,157,71,86
2018-07-03 09:00:00,106,54,52
2018-07-03 10:00:00,44,17,27
2018-07-03 11:00:00,48,22,26
2018-07-03 12:00:00,60,33,27
2018-07-03 13:00:00,50,25,25
2018-07-03 14:00:00,74,30,44
2018-07-03 15:00:00,117,36,81
2018-07-03 16:00:00,171,51,120
2018-07-03 17:00:00,232,83,149
2018-07-03 18:00:00,142,40,102
2018-07-03 19:00:00,57,21,36
2018-07-03 20:00:00,26,17,9
2018-07-03 21:00:00,38,22,16
2018-07-03 22:00:00,36,23,13
2018-07-03 23:00:00,11,4,7
2018-07-04 00:00:00,4,2,2
2018-07-04 01:00:00,1,1,0
2018-07-04 02:00:00,2,0,2
2018-07-04 03:00:00,4,2,2
2018-07-04 04:00:00,3,1,2
2018-07-04 05:00:00,2,1,1
2018-07-04 06:00:00,3,0,3
2018-07-04 07:00:00,16,9,7
2018-07-04 08:00:00,7,3,4
2018-07-04 09:00:00,27,4,23
2018-07-04 10:00:00,43,13,30
2018-07-04 11:00:00,34,13,21
2018-07-04 12:00:00,60,26,34
2018-07-04 13:00:00,46,18,28
2018-07-04 14:00:00,55,34,21
2018-07-04 15:00:00,35,17,18
2018-07-04 16:00:00,55,35,20
2018-07-04 17:00:00,42,27,15
2018-07-04 18:00:00,29,15,14
2018-07-04 19:00:00,20,15,5
2018-07-04 20:00:00,7,4,3
2018-07-04 21:00:00,8,4,4
2018-07-04 22:00:00,4,2,2
2018-07-04 23:00:00,34,6,28
2018-07-05 00:00:00,10,3,7
2018-07-05 01:00:00,3,1,2
2018-07-05 02:00:00,1,1,0
2018-07-05 03:00:00,1,1,0
2018-07-05 04:00:00,3,1,2
2018-07-05 05:00:00,6,4,2
2018-07-05 06:00:00,35,20,15
2018-07-05 07:00:00,87,47,40
2018-07-05 08:00:00,141,72,69
2018-07-05 09:00:00,86,39,47
2018-07-05 10:00:00,36,14,22
2018-07-05 11:00:00,45,22,23
2018-07-05 12:00:00,47,24,23
2018-07-05 13:00:00,54,27,27
2018-07-05 14:00:00,60,19,41
2018-07-05 15:00:00,88,35,53
2018-07-05 16:00:00,137,47,90
2018-07-05 17:00:00,212,70,142
2018-07-05 18:00:00,135,40,95
2018-07-05 19:00:00,69,24,45
2018-07-05 20:00:00,60,39,21
2018-07-05 21:00:00,12,7,5
2018-07-05 22:00:00,20,15,5
2018-07-05 23:00:00,15,8,7
2018-07-06 00:00:00,5,1,4
2018-07-06 01:00:00,2,1,1
2018-07-06 02:00:00,1,0,1
2018-07-06 03:00:00,1,1,0
2018-07-06 04:00:00,3,1,2
2018-07-06 05:00:00,12,9,3
2018-07-06 06:00:00,32,15,17
2018-07-06 07:00:00,77,49,28
2018-07-06 08:00:00,133,59,74
2018-07-06 09:00:00,90,35,55
2018-07-06 10:00:00,31,14,17
2018-07-06 11:00:00,55,22,33
2018-07-06 12:00:00,57,29,28
2018-07-06 13:00:00,55,25,30
2018-07-06 14:00:00,64,20,44
2018-07-06 15:00:00,82,30,52
2018-07-06 16:00:00,140,55,85
2018-07-06 17:00:00,149,49,100
2018-07-06 18:00:00,98,31,67
2018-07-06 19:00:00,37,13,24
2018-07-06 20:00:00,16,8,8
2018-07-06 21:00:00,19,10,9
2018-07-06 22:00:00,26,19,7
2018-07-06 23:00:00,15,10,5
2018-07-07 00:00:00,11,6,5
2018-07-07 01:00:00,3,2,1
2018-07-07 02:00:00,4,4,0
2018-07-07 03:00:00,2,2,0
2018-07-07 04:00:00,1,0,1
2018-07-07 05:00:00,0,0,0
2018-07-07 06:00:00,6,3,3
2018-07-07 07:00:00,17,5,12
2018-07-07 08:00:00,23,8,15
2018-07-07 09:00:00,24,11,13
2018-07-07 10:00:00,35,8,27
2018-07-07 11:00:00,45,7,38
2018-07-07 12:00:00,80,20,60
2018-07-07 13:00:00,44,15,29
2018-07-07 14:00:00,49,32,17
2018-07-07 15:00:00,52,25,27
2018-07-07 16:00:00,81,51,30
2018-07-07 17:00:00,37,15,22
2018-07-07 18:00:00,39,15,24
2018-07-07 19:00:00,32,16,16
2018-07-07 20:00:00,33,15,18
2018-07-07 21:00:00,25,10,15
2018-07-07 22:00:00,13,9,4
2018-07-07 23:00:00,29,17,12
2018-07-08 00:00:00,16,8,8
2018-07-08 01:00:00,4,4,0
2018-07-08 02:00:00,4,1,3
2018-07-08 03:00:00,0,0,0
2018-07-08 04:00:00,2,1,1
2018-07-08 05:00:00,0,0,0
2018-07-08 06:00:00,4,1,3
2018-07-08 07:00:00,5,2,3
2018-07-08 08:00:00,21,9,12
2018-07-08 09:00:00,18,7,11
2018-07-08 10:00:00,25,7,18
2018-07-08 11:00:00,38,12,26
2018-07-08 12:00:00,67,27,40
2018-07-08 13:00:00,40,18,22
2018-07-08 14:00:00,41,17,24
2018-07-08 15:00:00,42,19,23
2018-07-08 16:00:00,34,18,16
2018-07-08 17:00:00,39,17,22
2018-07-08 18:00:00,33,15,18
2018-07-08 19:00:00,21,8,13
2018-07-08 20:00:00,18,4,14
2018-07-08 21:00:00,11,6,5
2018-07-08 22:00:00,5,0,5
2018-07-08 23:00:00,10,3,7
2018-07-09 00:00:00,4,1,3
2018-07-09 01:00:00,1,1,0
2018-07-09 02:00:00,0,0,0
2018-07-09 03:00:00,1,1,0
2018-07-09 04:00:00,5,2,3
2018-07-09 05:00:00,22,16,6
2018-07-09 06:00:00,57,29,28
2018-07-09 07:00:00,132,67,65
2018-07-09 08:00:00,199,97,102
2018-07-09 09:00:00,107,41,66
2018-07-09 10:00:00,28,14,14
2018-07-09 11:00:00,43,19,24
2018-07-09 12:00:00,48,26,22
2018-07-09 13:00:00,45,21,24
2018-07-09 14:00:00,46,14,32
2018-07-09 15:00:00,73,19,54
2018-07-09 16:00:00,171,53,118
2018-07-09 17:00:00,260,97,163
2018-07-09 18:00:00,135,64,71
2018-07-09 19:00:00,36,15,21
2018-07-09 20:00:00,22,7,15
2018-07-09 21:00:00,15,5,10
2018-07-09 22:00:00,4,2,2
2018-07-09 23:00:00,5,2,3
2018-07-10 00:00:00,3,2,1
2018-07-10 01:00:00,0,0,0
2018-07-10 02:00:00,0,0,0
2018-07-10 03:00:00,2,1,1
2018-07-10 04:00:00,3,1,2
2018-07-10 05:00:00,18,11,7
2018-07-10 06:00:00,51,25,26
2018-07-10 07:00:00,106,58,48
2018-07-10 08:00:00,184,84,100
2018-07-10 09:00:00,104,44,60
2018-07-10 10:00:00,44,17,27
2018-07-10 11:00:00,46,20,26
2018-07-10 12:00:00,41,15,26
2018-07-10 13:00:00,49,26,23
2018-07-10 14:00:00,57,21,36
2018-07-10 15:00:00,107,37,70
2018-07-10 16:00:00,166,55,111
2018-07-10 17:00:00,252,87,165
2018-07-10 18:00:00,147,52,95
2018-07-10 19:00:00,48,19,29
2018-07-10 20:00:00,38,17,21
2018-07-10 21:00:00,16,9,7
2018-07-10 22:00:00,9,4,5
2018-07-10 23:00:00,6,1,5
2018-07-11 00:00:00,7,3,4
2018-07-11 01:00:00,4,1,3
2018-07-11 02:00:00,0,0,0
2018-07-11 03:00:00,1,1,0
2018-07-11 04:00:00,11,5,6
2018-07-11 05:00:00,19,11,8
2018-07-11 06:00:00,53,30,23
2018-07-11 07:00:00,125,61,64
2018-07-11 08:00:00,168,72,96
2018-07-11 09:00:00,114,42,72
2018-07-11 10:00:00,52,28,24
2018-07-11 11:00:00,57,24,33
2018-07-11 12:00:00,67,32,35
2018-07-11 13:00:00,62,33,29
2018-07-11 14:00:00,64,19,45
2018-07-11 15:00:00,92,39,53
2018-07-11 16:00:00,163,61,102
2018-07-11 17:00:00,264,97,167
2018-07-11 18:00:00,151,59,92
2018-07-11 19:00:00,44,21,23
2018-07-11 20:00:00,16,6,10
2018-07-11 21:00:00,22,11,11
2018-07-11 22:00:00,11,5,6
2018-07-11 23:00:00,6,4,2
2018-07-12 00:00:00,5,3,2
2018-07-12 01:00:00,0,0,0
2018-07-12 02:00:00,2,2,0
2018-07-12 03:00:00,2,1,1
2018-07-12 04:00:00,6,5,1
2018-07-12 05:00:00,16,11,5
2018-07-12 06:00:00,67,35,32
2018-07-12 07:00:00,99,45,54
2018-07-12 08:00:00,182,87,95
2018-07-12 09:00:00,112,49,63
2018-07-12 10:00:00,51,27,24
2018-07-12 11:00:00,57,26,31
2018-07-12 12:00:00,53,19,34
2018-07-12 13:00:00,59,26,33
2018-07-12 14:00:00,72,28,44
2018-07-12 15:00:00,99,36,63
2018-07-12 16:00:00,176,82,94
2018-07-12 17:00:00,273,99,174
2018-07-12 18:00:00,150,50,100
2018-07-12 19:00:00,48,20,28
2018-07-12 20:00:00,39,15,24
2018-07-12 21:00:00,17,10,7
2018-07-12 22:00:00,15,4,11
2018-07-12 23:00:00,9,3,6
2018-07-13 00:00:00,3,2,1
2018-07-13 01:00:00,2,0,2
2018-07-13 02:00:00,1,0,1
2018-07-13 03:00:00,1,0,1
2018-07-13 04:00:00,2,2,0
2018-07-13 05:00:00,16,10,6
2018-07-13 06:00:00,36,22,14
2018-07-13 07:00:00,91,48,43
2018-07-13 08:00:00,170,69,101
2018-07-13 09:00:00,109,41,68
2018-07-13 10:00:00,42,20,22
2018-07-13 11:00:00,54,26,28
2018-07-13 12:00:00,52,25,27
2018-07-13 13:00:00,69,38,31
2018-07-13 14:00:00,54,15,39
2018-07-13 15:00:00,90,25,65
2018-07-13 16:00:00,163,62,101
2018-07-13 17:00:00,196,69,127
2018-07-13 18:00:00,98,42,56
2018-07-13 19:00:00,54,22,32
2018-07-13 20:00:00,25,15,10
2018-07-13 21:00:00,18,9,9
2018-07-13 22:00:00,16,7,9
2018-07-13 23:00:00,10,6,4
2018-07-14 00:00:00,10,4,6
2018-07-14 01:00:00,2,1,1
2018-07-14 02:00:00,1,1,0
2018-07-14 03:00:00,3,2,1
2018-07-14 04:00:00,6,1,5
2018-07-14 05:00:00,5,0,5
2018-07-14 06:00:00,3,1,2
2018-07-14 07:00:00,9,6,3
2018-07-14 08:00:00,22,10,12
2018-07-14 09:00:00,14,7,7
2018-07-14 10:00:00,40,17,23
2018-07-14 11:00:00,22,7,15
2018-07-14 12:00:00,22,10,12
2018-07-14 13:00:00,44,15,29
2018-07-14 14:00:00,40,25,15
2018-07-14 15:00:00,41,14,27
2018-07-14 16:00:00,59,29,30
2018-07-14 17:00:00,32,15,17
2018-07-14 18:00:00,32,10,22
2018-07-14 19:00:00,16,9,7
2018-07-14 20:00:00,28,12,16
2018-07-14 21:00:00,11,5,6
2018-07-14 22:00:00,10,5,5
2018-07-14 23:00:00,8,6,2
2018-07-15 00:00:00,7,3,4
2018-07-15 01:00:00,7,6,1
2018-07-15 02:00:00,1,1,0
2018-07-15 03:00:00,1,1,0
2018-07-15 04:00:00,1,0,1
2018-07-15 05:00:00,2,2,0
2018-07-15 06:00:00,2,1,1
2018-07-15 07:00:00,10,5,5
2018-07-15 08:00:00,15,7,8
2018-07-15 09:00:00,18,9,9
2018-07-15 10:00:00,20,9,11
2018-07-15 11:00:00,32,14,18
2018-07-15 12:00:00,31,13,18
2018-07-15 13:00:00,31,15,16
2018-07-15 14:00:00,36,19,17
2018-07-15 15:00:00,23,13,10
2018-07-15 16:00:00,28,10,18
2018-07-15 17:00:00,21,8,13
2018-07-15 18:00:00,21,14,7
2018-07-15 19:00:00,20,8,12
2018-07-15 20:00:00,6,4,2
2018-07-15 21:00:00,16,4,12
2018-07-15 22:00:00,2,1,1
2018-07-15 23:00:00,3,2,1
2018-07-16 00:00:00,3,0,3
2018-07-16 01:00:00,7,5,2
2018-07-16 02:00:00,5,3,2
2018-07-16 03:00:00,1,0,1
2018-07-16 04:00:00,2,1,1
2018-07-16 05:00:00,16,10,6
2018-07-16 06:00:00,54,30,24
2018-07-16 07:00:00,121,65,56
2018-07-16 08:00:00,172,78,94
2018-07-16 09:00:00,113,54,59
2018-07-16 10:00:00,38,14,24
2018-07-16 11:00:00,38,21,17
2018-07-16 12:00:00,51,25,26
2018-07-16 13:00:00,52,24,28
2018-07-16 14:00:00,42,12,30
2018-07-16 15:00:00,72,21,51
2018-07-16 16:00:00,151,55,96
2018-07-16 17:00:00,237,89,148
2018-07-16 18:00:00,158,49,109
2018-07-16 19:00:00,36,19,17
2018-07-16 20:00:00,35,12,23
2018-07-16 21:00:00,14,11,3
2018-07-16 22:00:00,10,6,4
2018-07-16 23:00:00,4,1,3
2018-07-17 00:00:00,4,2,2
2018-07-17 01:00:00,1,1,0
2018-07-17 02:00:00,2,2,0
2018-07-17 03:00:00,2,1,1
2018-07-17 04:00:00,4,2,2
2018-07-17 05:00:00,26,17,9
2018-07-17 06:00:00,61,31,30
2018-07-17 07:00:00,123,66,57
2018-07-17 08:00:00,183,86,97
2018-07-17 09:00:00,125,49,76
2018-07-17 10:00:00,49,24,25
2018-07-17 11:00:00,56,19,37
2018-07-17 12:00:00,50,26,24
2018-07-17 13:00:00,55,19,36
2018-07-17 14:00:00,60,27,33
2018-07-17 15:00:00,94,39,55
2018-07-17 16:00:00,177,58,119
2018-07-17 17:00:00,245,93,152
2018-07-17 18:00:00,153,58,95
2018-07-17 19:00:00,44,12,32
2018-07-17 20:00:00,28,9,19
2018-07-17 21:00:00,23,12,11
2018-07-17 22:00:00,10,6,4
2018-07-17 23:00:00,9,2,7
2018-07-18 00:00:00,4,2,2
2018-07-18 01:00:00,1,1,0
2018-07-18 02:00:00,2,2,0
2018-07-18 03:00:00,1,0,1
2018-07-18 04:00:00,1,0,1
2018-07-18 05:00:00,20,15,5
2018-07-18 06:00:00,66,33,33
2018-07-18 07:00:00,116,57,59
2018-07-18 08:00:00,177,86,91
2018-07-18 09:00:00,138,67,71
2018-07-18 10:00:00,38,19,19
2018-07-18 11:00:00,64,35,29
2018-07-18 12:00:00,71,41,30
2018-07-18 13:00:00,58,31,27
2018-07-18 14:00:00,58,25,33
2018-07-18 15:00:00,86,34,52
2018-07-18 16:00:00,159,57,102
2018-07-18 17:00:00,261,103,158
2018-07-18 18:00:00,153,52,101
2018-07-18 19:00:00,54,27,27
2018-07-18 20:00:00,39,17,22
2018-07-18 21:00:00,30,16,14
2018-07-18 22:00:00,17,11,6
2018-07-18 23:00:00,10,4,6
2018-07-19 00:00:00,6,4,2
2018-07-19 01:00:00,4,4,0
2018-07-19 02:00:00,1,1,0
2018-07-19 03:00:00,1,0,1
2018-07-19 04:00:00,3,2,1
2018-07-19 05:00:00,18,14,4
2018-07-19 06:00:00,58,33,25
2018-07-19 07:00:00,114,53,61
2018-07-19 08:00:00,174,77,97
2018-07-19 09:00:00,113,41,72
2018-07-19 10:00:00,42,25,17
2018-07-19 11:00:00,46,23,23
2018-07-19 12:00:00,48,23,25
2018-07-19 13:00:00,50,21,29
2018-07-19 14:00:00,63,23,40
2018-07-19 15:00:00,88,26,62
2018-07-19 16:00:00,175,68,107
2018-07-19 17:00:00,260,96,164
2018-07-19 18:00:00,149,39,110
2018-07-19 19:00:00,62,27,35
2018-07-19 20:00:00,42,22,20
2018-07-19 21:00:00,33,17,16
2018-07-19 22:00:00,35,22,13
2018-07-19 23:00:00,12,5,7
2018-07-20 00:00:00,8,7,1
2018-07-20 01:00:00,1,0,1
2018-07-20 02:00:00,3,2,1
2018-07-20 03:00:00,0,0,0
2018-07-20 04:00:00,3,1,2
2018-07-20 05:00:00,13,10,3
2018-07-20 06:00:00,42,27,15
2018-07-20 07:00:00,97,56,41
2018-07-20 08:00:00,141,63,78
2018-07-20 09:00:00,99,45,54
2018-07-20 10:00:00,43,23,20
2018-07-20 11:00:00,48,25,23
2018-07-20 12:00:00,65,25,40
2018-07-20 13:00:00,64,33,31
2018-07-20 14:00:00,62,21,41
2018-07-20 15:00:00,98,30,68
2018-07-20 16:00:00,167,52,115
2018-07-20 17:00:00,214,65,149
2018-07-20 18:00:00,130,30,100
2018-07-20 19:00:00,52,19,33
2018-07-20 20:00:00,30,16,14
2018-07-20 21:00:00,25,15,10
2018-07-20 22:00:00,32,27,5
2018-07-20 23:00:00,10,4,6
2018-07-21 00:00:00,8,4,4
2018-07-21 01:00:00,3,1,2
2018-07-21 02:00:00,6,1,5
2018-07-21 03:00:00,4,3,1
2018-07-21 04:00:00,2,1,1
2018-07-21 05:00:00,4,3,1
2018-07-21 06:00:00,8,1,7
2018-07-21 07:00:00,16,11,5
2018-07-21 08:00:00,19,6,13
2018-07-21 09:00:00,16,10,6
2018-07-21 10:00:00,34,14,20
2018-07-21 11:00:00,56,15,41
2018-07-21 12:00:00,100,28,72
2018-07-21 13:00:00,60,29,31
2018-07-21 14:00:00,50,27,23
2018-07-21 15:00:00,92,63,29
2018-07-21 16:00:00,54,24,30
2018-07-21 17:00:00,55,16,39
2018-07-21 18:00:00,37,13,24
2018-07-21 19:00:00,22,9,13
2018-07-21 20:00:00,15,10,5
2018-07-21 21:00:00,15,8,7
2018-07-21 22:00:00,19,14,5
2018-07-21 23:00:00,10,3,7
2018-07-22 00:00:00,3,1,2
2018-07-22 01:00:00,5,2,3
2018-07-22 02:00:00,6,2,4
2018-07-22 03:00:00,3,2,1
2018-07-22 04:00:00,2,0,2
2018-07-22 05:00:00,0,0,0
2018-07-22 06:00:00,8,4,4
2018-07-22 07:00:00,3,1,2
2018-07-22 08:00:00,14,10,4
2018-07-22 09:00:00,15,7,8
2018-07-22 10:00:00,26,14,12
2018-07-22 11:00:00,24,8,16
2018-07-22 12:00:00,42,12,30
2018-07-22 13:00:00,27,12,15
2018-07-22 14:00:00,36,17,19
2018-07-22 15:00:00,38,18,20
2018-07-22 16:00:00,55,33,22
2018-07-22 17:00:00,38,15,23
2018-07-22 18:00:00,27,17,10
2018-07-22 19:00:00,22,9,13
2018-07-22 20:00:00,9,2,7
2018-07-22 21:00:00,20,10,10
2018-07-22 22:00:00,10,3,7
2018-07-22 23:00:00,6,4,2
2018-07-23 00:00:00,4,1,3
2018-07-23 01:00:00,5,3,2
2018-07-23 02:00:00,1,1,0
2018-07-23 03:00:00,2,2,0
2018-07-23 04:00:00,2,1,1
2018-07-23 05:00:00,24,15,9
2018-07-23 06:00:00,63,27,36
2018-07-23 07:00:00,121,75,46
2018-07-23 08:00:00,166,74,92
2018-07-23 09:00:00,111,52,59
2018-07-23 10:00:00,36,18,18
2018-07-23 11:00:00,38,19,19
2018-07-23 12:00:00,47,24,23
2018-07-23 13:00:00,42,23,19
2018-07-23 14:00:00,41,16,25
2018-07-23 15:00:00,92,38,54
2018-07-23 16:00:00,162,53,109
2018-07-23 17:00:00,229,80,149
2018-07-23 18:00:00,143,56,87
2018-07-23 19:00:00,50,27,23
2018-07-23 20:00:00,15,9,6
2018-07-23 21:00:00,18,7,11
2018-07-23 22:00:00,11,6,5
2018-07-23 23:00:00,7,7,0
2018-07-24 00:00:00,4,2,2
2018-07-24 01:00:00,0,0,0
2018-07-24 02:00:00,1,0,1
2018-07-24 03:00:00,3,1,2
2018-07-24 04:00:00,2,2,0
2018-07-24 05:00:00,26,20,6
2018-07-24 06:00:00,67,33,34
2018-07-24 07:00:00,129,73,56
2018-07-24 08:00:00,183,86,97
2018-07-24 09:00:00,114,59,55
2018-07-24 10:00:00,31,24,7
2018-07-24 11:00:00,36,20,16
2018-07-24 12:00:00,73,37,36
2018-07-24 13:00:00,65,35,30
2018-07-24 14:00:00,52,25,27
2018-07-24 15:00:00,76,20,56
2018-07-24 16:00:00,190,66,124
2018-07-24 17:00:00,291,97,194
2018-07-24 18:00:00,166,46,120
2018-07-24 19:00:00,63,21,42
2018-07-24 20:00:00,29,12,17
2018-07-24 21:00:00,38,24,14
2018-07-24 22:00:00,48,42,6
2018-07-24 23:00:00,9,5,4
2018-07-25 00:00:00,7,2,5
2018-07-25 01:00:00,1,1,0
2018-07-25 02:00:00,0,0,0
2018-07-25 03:00:00,0,0,0
2018-07-25 04:00:00,6,5,1
2018-07-25 05:00:00,23,17,6
2018-07-25 06:00:00,62,29,33
2018-07-25 07:00:00,125,67,58
2018-07-25 08:00:00,163,79,84
2018-07-25 09:00:00,120,48,72
2018-07-25 10:00:00,52,21,31
2018-07-25 11:00:00,66,22,44
2018-07-25 12:00:00,104,32,72
2018-07-25 13:00:00,54,19,35
2018-07-25 14:00:00,58,22,36
2018-07-25 15:00:00,101,43,58
2018-07-25 16:00:00,230,101,129
2018-07-25 17:00:00,258,98,160
2018-07-25 18:00:00,140,47,93
2018-07-25 19:00:00,62,27,35
2018-07-25 20:00:00,20,10,10
2018-07-25 21:00:00,25,13,12
2018-07-25 22:00:00,13,6,7
2018-07-25 23:00:00,5,1,4
2018-07-26 00:00:00,4,0,4
2018-07-26 01:00:00,1,0,1
2018-07-26 02:00:00,5,3,2
2018-07-26 03:00:00,2,0,2
2018-07-26 04:00:00,2,1,1
2018-07-26 05:00:00,22,13,9
2018-07-26 06:00:00,59,33,26
2018-07-26 07:00:00,123,75,48
2018-07-26 08:00:00,160,74,86
2018-07-26 09:00:00,126,56,70
2018-07-26 10:00:00,40,26,14
2018-07-26 11:00:00,68,25,43
2018-07-26 12:00:00,68,32,36
2018-07-26 13:00:00,65,42,23
2018-07-26 14:00:00,60,22,38
2018-07-26 15:00:00,90,26,64
2018-07-26 16:00:00,171,65,106
2018-07-26 17:00:00,275,104,171
2018-07-26 18:00:00,128,53,75
2018-07-26 19:00:00,56,30,26
2018-07-26 20:00:00,31,16,15
2018-07-26 21:00:00,33,15,18
2018-07-26 22:00:00,19,7,12
2018-07-26 23:00:00,9,3,6
2018-07-27 00:00:00,5,2,3
2018-07-27 01:00:00,3,2,1
2018-07-27 02:00:00,2,0,2
2018-07-27 03:00:00,3,1,2
2018-07-27 04:00:00,3,3,0
2018-07-27 05:00:00,12,9,3
2018-07-27 06:00:00,55,29,26
2018-07-27 07:00:00,101,52,49
2018-07-27 08:00:00,168,65,103
2018-07-27 09:00:00,98,42,56
2018-07-27 10:00:00,49,15,34
2018-07-27 11:00:00,58,28,30
2018-07-27 12:00:00,57,33,24
2018-07-27 13:00:00,63,31,32
2018-07-27 14:00:00,64,24,40
2018-07-27 15:00:00,113,46,67
2018-07-27 16:00:00,190,61,129
2018-07-27 17:00:00,175,75,100
2018-07-27 18:00:00,106,42,64
2018-07-27 19:00:00,48,14,34
2018-07-27 20:00:00,23,9,14
2018-07-27 21:00:00,20,8,12
2018-07-27 22:00:00,17,8,9
2018-07-27 23:00:00,17,8,9
2018-07-28 00:00:00,9,6,3
2018-07-28 01:00:00,4,2,2
2018-07-28 02:00:00,4,2,2
2018-07-28 03:00:00,3,3,0
2018-07-28 04:00:00,2,2,0
2018-07-28 05:00:00,4,3,1
2018-07-28 06:00:00,1,1,0
2018-07-28 07:00:00,18,11,7
2018-07-28 08:00:00,23,9,14
2018-07-28 09:00:00,26,12,14
2018-07-28 10:00:00,42,16,26
2018-07-28 11:00:00,29,12,17
2018-07-28 12:00:00,58,21,37
2018-07-28 13:00:00,50,24,26
2018-07-28 14:00:00,52,29,23
2018-07-28 15:00:00,35,12,23
2018-07-28 16:00:00,60,34,26
2018-07-28 17:00:00,42,25,17
2018-07-28 18:00:00,30,18,12
2018-07-28 19:00:00,26,15,11
2018-07-28 20:00:00,18,10,8
2018-07-28 21:00:00,12,8,4
2018-07-28 22:00:00,19,8,11
2018-07-28 23:00:00,7,3,4
2018-07-29 00:00:00,7,3,4
2018-07-29 01:00:00,4,3,1
2018-07-29 02:00:00,4,3,1
2018-07-29 03:00:00,5,5,0
2018-07-29 04:00:00,1,0,1
2018-07-29 05:00:00,2,0,2
2018-07-29 06:00:00,6,3,3
2018-07-29 07:00:00,10,5,5
2018-07-29 08:00:00,12,5,7
2018-07-29 09:00:00,14,5,9
2018-07-29 10:00:00,24,7,17
2018-07-29 11:00:00,48,17,31
2018-07-29 12:00:00,54,15,39
2018-07-29 13:00:00,66,16,50
2018-07-29 14:00:00,40,19,21
2018-07-29 15:00:00,34,24,10
2018-07-29 16:00:00,84,67,17
2018-07-29 17:00:00,43,23,20
2018-07-29 18:00:00,21,10,11
2018-07-29 19:00:00,32,15,17
2018-07-29 20:00:00,17,4,13
2018-07-29 21:00:00,16,9,7
2018-07-29 22:00:00,21,9,12
2018-07-29 23:00:00,3,1,2
2018-07-30 00:00:00,1,1,0
2018-07-30 01:00:00,2,1,1
2018-07-30 02:00:00,1,1,0
2018-07-30 03:00:00,2,0,2
2018-07-30 04:00:00,7,5,2
2018-07-30 05:00:00,19,14,5
2018-07-30 06:00:00,54,33,21
2018-07-30 07:00:00,120,57,63
2018-07-30 08:00:00,165,80,85
2018-07-30 09:00:00,116,54,62
2018-07-30 10:00:00,41,16,25
2018-07-30 11:00:00,30,15,15
2018-07-30 12:00:00,46,24,22
2018-07-30 13:00:00,50,29,21
2018-07-30 14:00:00,49,18,31
2018-07-30 15:00:00,85,33,52
2018-07-30 16:00:00,174,51,123
2018-07-30 17:00:00,223,79,144
2018-07-30 18:00:00,135,40,95
2018-07-30 19:00:00,62,28,34
2018-07-30 20:00:00,32,12,20
2018-07-30 21:00:00,32,23,9
2018-07-30 22:00:00,31,26,5
2018-07-30 23:00:00,5,2,3
2018-07-31 00:00:00,3,2,1
2018-07-31 01:00:00,3,2,1
2018-07-31 02:00:00,2,0,2
2018-07-31 03:00:00,3,1,2
2018-07-31 04:00:00,2,2,0
2018-07-31 05:00:00,22,14,8
2018-07-31 06:00:00,62,29,33
2018-07-31 07:00:00,121,66,55
2018-07-31 08:00:00,195,91,104
2018-07-31 09:00:00,110,53,57
2018-07-31 10:00:00,48,19,29
2018-07-31 11:00:00,37,14,23
2018-07-31 12:00:00,65,43,22
2018-07-31 13:00:00,42,25,17
2018-07-31 14:00:00,56,15,41
2018-07-31 15:00:00,81,25,56
2018-07-31 16:00:00,187,67,120
2018-07-31 17:00:00,258,90,168
2018-07-31 18:00:00,145,50,95
2018-07-31 19:00:00,65,34,31
2018-07-31 20:00:00,35,17,18
2018-07-31 21:00:00,27,13,14
2018-07-31 22:00:00,30,21,9
2018-07-31 23:00:00,8,4,4
2018-08-01 00:00:00,2,2,0
2018-08-01 01:00:00,1,0,1
2018-08-01 02:00:00,1,0,1
2018-08-01 03:00:00,2,1,1
2018-08-01 04:00:00,6,4,2
2018-08-01 05:00:00,15,12,3
2018-08-01 06:00:00,65,23,42
2018-08-01 07:00:00,117,57,60
2018-08-01 08:00:00,152,65,87
2018-08-01 09:00:00,127,54,73
2018-08-01 10:00:00,47,25,22
2018-08-01 11:00:00,59,24,35
2018-08-01 12:00:00,88,32,56
2018-08-01 13:00:00,60,18,42
2018-08-01 14:00:00,57,21,36
2018-08-01 15:00:00,96,43,53
2018-08-01 16:00:00,183,84,99
2018-08-01 17:00:00,245,90,155
2018-08-01 18:00:00,144,60,84
2018-08-01 19:00:00,64,26,38
2018-08-01 20:00:00,32,17,15
2018-08-01 21:00:00,20,10,10
2018-08-01 22:00:00,15,5,10
2018-08-01 23:00:00,4,1,3
2018-08-02 00:00:00,4,1,3
2018-08-02 01:00:00,2,1,1
2018-08-02 02:00:00,2,1,1
2018-08-02 03:00:00,2,1,1
2018-08-02 04:00:00,2,1,1
2018-08-02 05:00:00,11,10,1
2018-08-02 06:00:00,32,15,17
2018-08-02 07:00:00,90,43,47
2018-08-02 08:00:00,152,55,97
2018-08-02 09:00:00,113,54,59
2018-08-02 10:00:00,47,24,23
2018-08-02 11:00:00,60,19,41
2018-08-02 12:00:00,53,31,22
2018-08-02 13:00:00,47,23,24
2018-08-02 14:00:00,47,21,26
2018-08-02 15:00:00,84,28,56
2018-08-02 16:00:00,176,70,106
2018-08-02 17:00:00,242,79,163
2018-08-02 18:00:00,145,41,104
2018-08-02 19:00:00,62,20,42
2018-08-02 20:00:00,26,12,14
2018-08-02 21:00:00,48,32,16
2018-08-02 22:00:00,35,21,14
2018-08-02 23:00:00,8,5,3
2018-08-03 00:00:00,4,2,2
2018-08-03 01:00:00,1,0,1
2018-08-03 02:00:00,4,2,2
2018-08-03 03:00:00,1,0,1
2018-08-03 04:00:00,5,5,0
2018-08-03 05:00:00,12,11,1
2018-08-03 06:00:00,38,18,20
2018-08-03 07:00:00,64,41,23
2018-08-03 08:00:00,111,50,61
2018-08-03 09:00:00,94,44,50
2018-08-03 10:00:00,31,14,17
2018-08-03 11:00:00,58,32,26
2018-08-03 12:00:00,64,31,33
2018-08-03 13:00:00,58,32,26
2018-08-03 14:00:00,75,26,49
2018-08-03 15:00:00,87,36,51
2018-08-03 16:00:00,167,57,110
2018-08-03 17:00:00,168,66,102
2018-08-03 18:00:00,109,41,68
2018-08-03 19:00:00,50,18,32
2018-08-03 20:00:00,31,18,13
2018-08-03 21:00:00,30,21,9
2018-08-03 22:00:00,24,15,9
2018-08-03 23:00:00,15,9,6
2018-08-04 00:00:00,9,3,6
2018-08-04 01:00:00,3,2,1
2018-08-04 02:00:00,1,0,1
2018-08-04 03:00:00,1,1,0
2018-08-04 04:00:00,0,0,0
2018-08-04 05:00:00,1,1,0
2018-08-04 06:00:00,5,4,1
2018-08-04 07:00:00,14,8,6
2018-08-04 08:00:00,13,7,6
2018-08-04 09:00:00,16,9,7
2018-08-04 10:00:00,32,18,14
2018-08-04 11:00:00,36,12,24
2018-08-04 12:00:00,50,11,39
2018-08-04 13:00:00,71,28,43
2018-08-04 14:00:00,70,23,47
2018-08-04 15:00:00,85,28,57
2018-08-04 16:00:00,95,35,60
2018-08-04 17:00:00,61,28,33
2018-08-04 18:00:00,50,13,37
2018-08-04 19:00:00,43,24,19
2018-08-04 20:00:00,18,10,8
2018-08-04 21:00:00,22,11,11
2018-08-04 22:00:00,42,26,16
2018-08-04 23:00:00,19,10,9
2018-08-05 00:00:00,11,7,4
2018-08-05 01:00:00,17,9,8
2018-08-05 02:00:00,13,10,3
2018-08-05 03:00:00,2,1,1
2018-08-05 04:00:00,0,0,0
2018-08-05 05:00:00,0,0,0
2018-08-05 06:00:00,8,3,5
2018-08-05 07:00:00,10,4,6
2018-08-05 08:00:00,17,12,5
2018-08-05 09:00:00,25,12,13
2018-08-05 10:00:00,28,10,18
2018-08-05 11:00:00,52,16,36
2018-08-05 12:00:00,58,18,40
2018-08-05 13:00:00,39,15,24
2018-08-05 14:00:00,43,24,19
2018-08-05 15:00:00,41,23,18
2018-08-05 16:00:00,57,36,21
2018-08-05 17:00:00,34,19,15
2018-08-05 18:00:00,22,10,12
2018-08-05 19:00:00,29,12,17
2018-08-05 20:00:00,16,8,8
2018-08-05 21:00:00,10,4,6
2018-08-05 22:00:00,6,3,3
2018-08-05 23:00:00,4,1,3
2018-08-06 00:00:00,7,5,2
2018-08-06 01:00:00,2,1,1
2018-08-06 02:00:00,5,1,4
2018-08-06 03:00:00,0,0,0
2018-08-06 04:00:00,2,2,0
2018-08-06 05:00:00,20,15,5
2018-08-06 06:00:00,55,31,24
2018-08-06 07:00:00,126,64,62
2018-08-06 08:00:00,175,79,96
2018-08-06 09:00:00,97,50,47
2018-08-06 10:00:00,57,23,34
2018-08-06 11:00:00,39,17,22
2018-08-06 12:00:00,56,27,29
2018-08-06 13:00:00,44,26,18
2018-08-06 14:00:00,49,26,23
2018-08-06 15:00:00,72,26,46
2018-08-06 16:00:00,175,63,112
2018-08-06 17:00:00,241,72,169
2018-08-06 18:00:00,122,50,72
2018-08-06 19:00:00,60,30,30
2018-08-06 20:00:00,19,9,10
2018-08-06 21:00:00,23,13,10
2018-08-06 22:00:00,8,3,5
2018-08-06 23:00:00,4,2,2
2018-08-07 00:00:00,4,1,3
2018-08-07 01:00:00,0,0,0
2018-08-07 02:00:00,2,1,1
2018-08-07 03:00:00,0,0,0
2018-08-07 04:00:00,2,2,0
2018-08-07 05:00:00,18,15,3
2018-08-07 06:00:00,52,33,19
2018-08-07 07:00:00,118,68,50
2018-08-07 08:00:00,200,96,104
2018-08-07 09:00:00,120,58,62
2018-08-07 10:00:00,46,22,24
2018-08-07 11:00:00,53,28,25
2018-08-07 12:00:00,52,29,23
2018-08-07 13:00:00,45,19,26
2018-08-07 14:00:00,44,13,31
2018-08-07 15:00:00,77,31,46
2018-08-07 16:00:00,166,46,120
2018-08-07 17:00:00,279,111,168
2018-08-07 18:00:00,141,60,81
2018-08-07 19:00:00,60,21,39
2018-08-07 20:00:00,33,17,16
2018-08-07 21:00:00,22,7,15
2018-08-07 22:00:00,10,2,8
2018-08-07 23:00:00,10,5,5
2018-08-08 00:00:00,4,3,1
2018-08-08 01:00:00,0,0,0
2018-08-08 02:00:00,1,1,0
2018-08-08 03:00:00,0,0,0
2018-08-08 04:00:00,1,1,0
2018-08-08 05:00:00,24,14,10
2018-08-08 06:00:00,62,33,29
2018-08-08 07:00:00,120,60,60
2018-08-08 08:00:00,178,77,101
2018-08-08 09:00:00,127,49,78
2018-08-08 10:00:00,49,25,24
2018-08-08 11:00:00,49,22,27
2018-08-08 12:00:00,56,35,21
2018-08-08 13:00:00,51,20,31
2018-08-08 14:00:00,59,34,25
2018-08-08 15:00:00,99,32,67
2018-08-08 16:00:00,192,67,125
2018-08-08 17:00:00,254,87,167
2018-08-08 18:00:00,184,63,121
2018-08-08 19:00:00,76,22,54
2018-08-08 20:00:00,40,15,25
2018-08-08 21:00:00,20,10,10
2018-08-08 22:00:00,23,15,8
2018-08-08 23:00:00,35,28,7
2018-08-09 00:00:00,71,55,16
2018-08-09 01:00:00,2,2,0
2018-08-09 02:00:00,2,1,1
2018-08-09 03:00:00,3,3,0
2018-08-09 04:00:00,0,0,0
2018-08-09 05:00:00,16,12,4
2018-08-09 06:00:00,50,31,19
2018-08-09 07:00:00,111,58,53
2018-08-09 08:00:00,173,82,91
2018-08-09 09:00:00,105,51,54
2018-08-09 10:00:00,49,25,24
2018-08-09 11:00:00,40,20,20
2018-08-09 12:00:00,59,26,33
2018-08-09 13:00:00,56,26,30
2018-08-09 14:00:00,71,36,35
2018-08-09 15:00:00,101,41,60
2018-08-09 16:00:00,150,39,111
2018-08-09 17:00:00,275,94,181
2018-08-09 18:00:00,174,65,109
2018-08-09 19:00:00,73,33,40
2018-08-09 20:00:00,45,26,19
2018-08-09 21:00:00,32,15,17
2018-08-09 22:00:00,29,20,9
2018-08-09 23:00:00,17,8,9
2018-08-10 00:00:00,6,3,3
2018-08-10 01:00:00,5,3,2
2018-08-10 02:00:00,2,0,2
2018-08-10 03:00:00,2,2,0
2018-08-10 04:00:00,1,1,0
2018-08-10 05:00:00,16,9,7
2018-08-10 06:00:00,42,23,19
2018-08-10 07:00:00,114,57,57
2018-08-10 08:00:00,130,65,65
2018-08-10 09:00:00,86,31,55
2018-08-10 10:00:00,55,28,27
2018-08-10 11:00:00,43,23,20
2018-08-10 12:00:00,59,30,29
2018-08-10 13:00:00,63,29,34
2018-08-10 14:00:00,65,33,32
2018-08-10 15:00:00,110,35,75
2018-08-10 16:00:00,180,62,118
2018-08-10 17:00:00,227,74,153
2018-08-10 18:00:00,112,41,71
2018-08-10 19:00:00,59,27,32
2018-08-10 20:00:00,33,15,18
2018-08-10 21:00:00,26,9,17
2018-08-10 22:00:00,14,3,11
2018-08-10 23:00:00,26,16,10
2018-08-11 00:00:00,57,45,12
2018-08-11 01:00:00,14,5,9
2018-08-11 02:00:00,7,4,3
2018-08-11 03:00:00,3,0,3
2018-08-11 04:00:00,0,0,0
2018-08-11 05:00:00,0,0,0
2018-08-11 06:00:00,5,0,5
2018-08-11 07:00:00,19,11,8
2018-08-11 08:00:00,24,7,17
2018-08-11 09:00:00,18,8,10
2018-08-11 10:00:00,24,14,10
2018-08-11 11:00:00,47,25,22
2018-08-11 12:00:00,39,10,29
2018-08-11 13:00:00,35,15,20
2018-08-11 14:00:00,47,12,35
2018-08-11 15:00:00,47,16,31
2018-08-11 16:00:00,50,19,31
2018-08-11 17:00:00,41,18,23
2018-08-11 18:00:00,46,14,32
2018-08-11 19:00:00,48,14,34
2018-08-11 20:00:00,16,9,7
2018-08-11 21:00:00,6,4,2
2018-08-11 22:00:00,28,20,8
2018-08-11 23:00:00,19,12,7
2018-08-12 00:00:00,8,6,2
2018-08-12 01:00:00,6,3,3
2018-08-12 02:00:00,7,5,2
2018-08-12 03:00:00,4,3,1
2018-08-12 04:00:00,0,0,0
2018-08-12 05:00:00,2,1,1
2018-08-12 06:00:00,5,3,2
2018-08-12 07:00:00,6,2,4
2018-08-12 08:00:00,11,6,5
2018-08-12 09:00:00,24,12,12
2018-08-12 10:00:00,24,11,13
2018-08-12 11:00:00,8,6,2
2018-08-12 12:00:00,22,11,11
2018-08-12 13:00:00,24,14,10
2018-08-12 14:00:00,28,17,11
2018-08-12 15:00:00,37,18,19
2018-08-12 16:00:00,33,22,11
2018-08-12 17:00:00,47,21,26
2018-08-12 18:00:00,45,12,33
2018-08-12 19:00:00,27,13,14
2018-08-12 20:00:00,18,10,8
2018-08-12 21:00:00,39,35,4
2018-08-12 22:00:00,11,11,0
2018-08-12 23:00:00,7,5,2
2018-08-13 00:00:00,2,0,2
2018-08-13 01:00:00,6,2,4
2018-08-13 02:00:00,0,0,0
2018-08-13 03:00:00,3,2,1
2018-08-13 04:00:00,4,2,2
2018-08-13 05:00:00,20,14,6
2018-08-13 06:00:00,57,26,31
2018-08-13 07:00:00,114,60,54
2018-08-13 08:00:00,177,93,84
2018-08-13 09:00:00,113,52,61
2018-08-13 10:00:00,44,20,24
2018-08-13 11:00:00,28,19,9
2018-08-13 12:00:00,47,22,25
2018-08-13 13:00:00,44,25,19
2018-08-13 14:00:00,43,21,22
2018-08-13 15:00:00,83,28,55
2018-08-13 16:00:00,168,56,112
2018-08-13 17:00:00,245,85,160
2018-08-13 18:00:00,112,41,71
2018-08-13 19:00:00,59,26,33
2018-08-13 20:00:00,29,14,15
2018-08-13 21:00:00,13,9,4
2018-08-13 22:00:00,11,6,5
2018-08-13 23:00:00,18,15,3
2018-08-14 00:00:00,3,1,2
2018-08-14 01:00:00,1,1,0
2018-08-14 02:00:00,2,1,1
2018-08-14 03:00:00,3,1,2
2018-08-14 04:00:00,4,4,0
2018-08-14 05:00:00,20,11,9
2018-08-14 06:00:00,54,27,27
2018-08-14 07:00:00,122,75,47
2018-08-14 08:00:00,147,58,89
2018-08-14 09:00:00,114,48,66
2018-08-14 10:00:00,41,19,22
2018-08-14 11:00:00,38,17,21
2018-08-14 12:00:00,35,18,17
2018-08-14 13:00:00,55,30,25
2018-08-14 14:00:00,53,26,27
2018-08-14 15:00:00,88,29,59
2018-08-14 16:00:00,160,57,103
2018-08-14 17:00:00,269,99,170
2018-08-14 18:00:00,101,41,60
2018-08-14 19:00:00,47,18,29
2018-08-14 20:00:00,19,9,10
2018-08-14 21:00:00,16,8,8
2018-08-14 22:00:00,13,9,4
2018-08-14 23:00:00,5,0,5
2018-08-15 00:00:00,5,4,1
2018-08-15 01:00:00,1,0,1
2018-08-15 02:00:00,2,0,2
2018-08-15 03:00:00,1,0,1
2018-08-15 04:00:00,2,2,0
2018-08-15 05:00:00,13,9,4
2018-08-15 06:00:00,48,23,25
2018-08-15 07:00:00,115,54,61
2018-08-15 08:00:00,152,72,80
2018-08-15 09:00:00,93,43,50
2018-08-15 10:00:00,43,15,28
2018-08-15 11:00:00,48,27,21
2018-08-15 12:00:00,56,19,37
2018-08-15 13:00:00,45,21,24
2018-08-15 14:00:00,51,25,26
2018-08-15 15:00:00,79,26,53
2018-08-15 16:00:00,135,46,89
2018-08-15 17:00:00,229,98,131
2018-08-15 18:00:00,113,38,75
2018-08-15 19:00:00,41,15,26
2018-08-15 20:00:00,35,14,21
2018-08-15 21:00:00,24,12,12
2018-08-15 22:00:00,8,3,5
2018-08-15 23:00:00,2,1,1
2018-08-16 00:00:00,3,2,1
2018-08-16 01:00:00,0,0,0
2018-08-16 02:00:00,2,2,0
2018-08-16 03:00:00,5,2,3
2018-08-16 04:00:00,1,1,0
2018-08-16 05:00:00,14,10,4
2018-08-16 06:00:00,45,20,25
2018-08-16 07:00:00,98,51,47
2018-08-16 08:00:00,138,63,75
2018-08-16 09:00:00,83,39,44
2018-08-16 10:00:00,46,21,25
2018-08-16 11:00:00,51,26,25
2018-08-16 12:00:00,35,20,15
2018-08-16 13:00:00,61,27,34
2018-08-16 14:00:00,56,19,37
2018-08-16 15:00:00,93,31,62
2018-08-16 16:00:00,141,42,99
2018-08-16 17:00:00,194,82,112
2018-08-16 18:00:00,127,59,68
2018-08-16 19:00:00,48,19,29
2018-08-16 20:00:00,32,17,15
2018-08-16 21:00:00,17,6,11
2018-08-16 22:00:00,13,11,2
2018-08-16 23:00:00,4,4,0
2018-08-17 00:00:00,3,2,1
2018-08-17 01:00:00,4,1,3
2018-08-17 02:00:00,3,0,3
2018-08-17 03:00:00,4,2,2
2018-08-17 04:00:00,1,1,0
2018-08-17 05:00:00,16,10,6
2018-08-17 06:00:00,35,21,14
2018-08-17 07:00:00,73,37,36
2018-08-17 08:00:00,135,64,71
2018-08-17 09:00:00,85,34,51
2018-08-17 10:00:00,46,20,26
2018-08-17 11:00:00,43,23,20
2018-08-17 12:00:00,64,36,28
2018-08-17 13:00:00,67,34,33
2018-08-17 14:00:00,74,30,44
2018-08-17 15:00:00,99,34,65
2018-08-17 16:00:00,165,65,100
2018-08-17 17:00:00,176,69,107
2018-08-17 18:00:00,102,26,76
2018-08-17 19:00:00,51,24,27
2018-08-17 20:00:00,23,10,13
2018-08-17 21:00:00,38,25,13
2018-08-17 22:00:00,24,16,8
2018-08-17 23:00:00,21,9,12
2018-08-18 00:00:00,6,2,4
2018-08-18 01:00:00,7,2,5
2018-08-18 02:00:00,7,5,2
2018-08-18 03:00:00,2,1,1
2018-08-18 04:00:00,0,0,0
2018-08-18 05:00:00,1,1,0
2018-08-18 06:00:00,7,4,3
2018-08-18 07:00:00,8,5,3
2018-08-18 08:00:00,13,9,4
2018-08-18 09:00:00,19,9,10
2018-08-18 10:00:00,20,6,14
2018-08-18 11:00:00,53,12,41
2018-08-18 12:00:00,114,16,98
2018-08-18 13:00:00,56,14,42
2018-08-18 14:00:00,46,15,31
2018-08-18 15:00:00,106,86,20
2018-08-18 16:00:00,53,30,23
2018-08-18 17:00:00,48,25,23
2018-08-18 18:00:00,33,7,26
2018-08-18 19:00:00,33,12,21
2018-08-18 20:00:00,24,10,14
2018-08-18 21:00:00,12,5,7
2018-08-18 22:00:00,21,10,11
2018-08-18 23:00:00,24,18,6
2018-08-19 00:00:00,9,6,3
2018-08-19 01:00:00,1,1,0
2018-08-19 02:00:00,6,3,3
2018-08-19 03:00:00,3,3,0
2018-08-19 04:00:00,2,1,1
2018-08-19 05:00:00,1,0,1
2018-08-19 06:00:00,3,1,2
2018-08-19 07:00:00,8,5,3
2018-08-19 08:00:00,8,4,4
2018-08-19 09:00:00,26,13,13
2018-08-19 10:00:00,37,12,25
2018-08-19 11:00:00,42,16,26
2018-08-19 12:00:00,46,21,25
2018-08-19 13:00:00,40,15,25
2018-08-19 14:00:00,39,20,19
2018-08-19 15:00:00,45,27,18
2018-08-19 16:00:00,40,23,17
2018-08-19 17:00:00,32,14,18
2018-08-19 18:00:00,34,15,19
2018-08-19 19:00:00,27,18,9
2018-08-19 20:00:00,17,10,7
2018-08-19 21:00:00,9,2,7
2018-08-19 22:00:00,9,3,6
2018-08-19 23:00:00,7,2,5
2018-08-20 00:00:00,0,0,0
2018-08-20 01:00:00,2,1,1
2018-08-20 02:00:00,2,0,2
2018-08-20 03:00:00,2,2,0
2018-08-20 04:00:00,3,1,2
2018-08-20 05:00:00,20,11,9
2018-08-20 06:00:00,33,15,18
2018-08-20 07:00:00,76,40,36
2018-08-20 08:00:00,121,55,66
2018-08-20 09:00:00,58,22,36
2018-08-20 10:00:00,31,10,21
2018-08-20 11:00:00,39,19,20
2018-08-20 12:00:00,46,19,27
2018-08-20 13:00:00,35,22,13
2018-08-20 14:00:00,39,13,26
2018-08-20 15:00:00,57,17,40
2018-08-20 16:00:00,117,43,74
2018-08-20 17:00:00,164,62,102
2018-08-20 18:00:00,79,29,50
2018-08-20 19:00:00,32,15,17
2018-08-20 20:00:00,18,13,5
2018-08-20 21:00:00,18,6,12
2018-08-20 22:00:00,24,20,4
2018-08-20 23:00:00,5,3,2
2018-08-21 00:00:00,5,2,3
2018-08-21 01:00:00,1,1,0
2018-08-21 02:00:00,0,0,0
2018-08-21 03:00:00,4,1,3
2018-08-21 04:00:00,0,0,0
2018-08-21 05:00:00,8,5,3
2018-08-21 06:00:00,26,12,14
2018-08-21 07:00:00,49,31,18
2018-08-21 08:00:00,97,43,54
2018-08-21 09:00:00,66,30,36
2018-08-21 10:00:00,35,18,17
2018-08-21 11:00:00,34,16,18
2018-08-21 12:00:00,44,25,19
2018-08-21 13:00:00,38,21,17
2018-08-21 14:00:00,32,10,22
2018-08-21 15:00:00,57,17,40
2018-08-21 16:00:00,112,33,79
2018-08-21 17:00:00,125,39,86
2018-08-21 18:00:00,80,37,43
2018-08-21 19:00:00,31,10,21
2018-08-21 20:00:00,18,8,10
2018-08-21 21:00:00,16,11,5
2018-08-21 22:00:00,17,11,6
2018-08-21 23:00:00,12,6,6
2018-08-22 00:00:00,1,1,0
2018-08-22 01:00:00,3,0,3
2018-08-22 02:00:00,1,0,1
2018-08-22 03:00:00,4,3,1
2018-08-22 04:00:00,1,1,0
2018-08-22 05:00:00,12,12,0
2018-08-22 06:00:00,30,12,18
2018-08-22 07:00:00,60,34,26
2018-08-22 08:00:00,93,51,42
2018-08-22 09:00:00,63,31,32
2018-08-22 10:00:00,37,19,18
2018-08-22 11:00:00,37,19,18
2018-08-22 12:00:00,53,17,36
2018-08-22 13:00:00,49,12,37
2018-08-22 14:00:00,37,20,17
2018-08-22 15:00:00,52,14,38
2018-08-22 16:00:00,116,52,64
2018-08-22 17:00:00,145,62,83
2018-08-22 18:00:00,64,32,32
2018-08-22 19:00:00,28,10,18
2018-08-22 20:00:00,19,9,10
2018-08-22 21:00:00,5,3,2
2018-08-22 22:00:00,6,3,3
2018-08-22 23:00:00,6,2,4
2018-08-23 00:00:00,2,1,1
2018-08-23 01:00:00,3,1,2
2018-08-23 02:00:00,1,0,1
2018-08-23 03:00:00,2,2,0
2018-08-23 04:00:00,2,1,1
2018-08-23 05:00:00,9,6,3
2018-08-23 06:00:00,24,13,11
2018-08-23 07:00:00,67,36,31
2018-08-23 08:00:00,96,45,51
2018-08-23 09:00:00,78,32,46
2018-08-23 10:00:00,29,8,21
2018-08-23 11:00:00,52,25,27
2018-08-23 12:00:00,45,21,24
2018-08-23 13:00:00,45,19,26
2018-08-23 14:00:00,38,17,21
2018-08-23 15:00:00,58,25,33
2018-08-23 16:00:00,117,49,68
2018-08-23 17:00:00,184,72,112
2018-08-23 18:00:00,76,25,51
2018-08-23 19:00:00,45,19,26
2018-08-23 20:00:00,33,16,17
2018-08-23 21:00:00,16,11,5
2018-08-23 22:00:00,15,6,9
2018-08-23 23:00:00,8,4,4
2018-08-24 00:00:00,4,2,2
2018-08-24 01:00:00,2,1,1
2018-08-24 02:00:00,2,2,0
2018-08-24 03:00:00,2,1,1
2018-08-24 04:00:00,3,3,0
2018-08-24 05:00:00,9,5,4
2018-08-24 06:00:00,34,19,15
2018-08-24 07:00:00,73,41,32
2018-08-24 08:00:00,139,57,82
2018-08-24 09:00:00,88,39,49
2018-08-24 10:00:00,50,27,23
2018-08-24 11:00:00,51,21,30
2018-08-24 12:00:00,53,27,26
2018-08-24 13:00:00,44,25,19
2018-08-24 14:00:00,66,33,33
2018-08-24 15:00:00,86,28,58
2018-08-24 16:00:00,150,60,90
2018-08-24 17:00:00,146,43,103
2018-08-24 18:00:00,70,32,38
2018-08-24 19:00:00,34,12,22
2018-08-24 20:00:00,30,10,20
2018-08-24 21:00:00,10,5,5
2018-08-24 22:00:00,13,5,8
2018-08-24 23:00:00,11,4,7
2018-08-25 00:00:00,4,1,3
2018-08-25 01:00:00,7,5,2
2018-08-25 02:00:00,5,4,1
2018-08-25 03:00:00,2,1,1
2018-08-25 04:00:00,1,1,0
2018-08-25 05:00:00,3,1,2
2018-08-25 06:00:00,0,0,0
2018-08-25 07:00:00,4,3,1
2018-08-25 08:00:00,16,7,9
2018-08-25 09:00:00,17,10,7
2018-08-25 10:00:00,16,9,7
2018-08-25 11:00:00,18,4,14
2018-08-25 12:00:00,25,9,16
2018-08-25 13:00:00,28,8,20
2018-08-25 14:00:00,61,24,37
2018-08-25 15:00:00,34,21,13
2018-08-25 16:00:00,30,12,18
2018-08-25 17:00:00,42,20,22
2018-08-25 18:00:00,42,18,24
2018-08-25 19:00:00,26,9,17
2018-08-25 20:00:00,16,9,7
2018-08-25 21:00:00,7,3,4
2018-08-25 22:00:00,10,4,6
2018-08-25 23:00:00,24,14,10
2018-08-26 00:00:00,12,7,5
2018-08-26 01:00:00,5,2,3
2018-08-26 02:00:00,4,2,2
2018-08-26 03:00:00,1,1,0
2018-08-26 04:00:00,0,0,0
2018-08-26 05:00:00,3,0,3
2018-08-26 06:00:00,5,0,5
2018-08-26 07:00:00,9,3,6
2018-08-26 08:00:00,10,8,2
2018-08-26 09:00:00,12,5,7
2018-08-26 10:00:00,18,12,6
2018-08-26 11:00:00,28,9,19
2018-08-26 12:00:00,27,17,10
2018-08-26 13:00:00,18,8,10
2018-08-26 14:00:00,25,12,13
2018-08-26 15:00:00,39,21,18
2018-08-26 16:00:00,27,9,18
2018-08-26 17:00:00,25,9,16
2018-08-26 18:00:00,25,14,11
2018-08-26 19:00:00,12,7,5
2018-08-26 20:00:00,10,2,8
2018-08-26 21:00:00,5,2,3
2018-08-26 22:00:00,6,2,4
2018-08-26 23:00:00,0,0,0
2018-08-27 00:00:00,2,2,0
2018-08-27 01:00:00,1,1,0
2018-08-27 02:00:00,4,2,2
2018-08-27 03:00:00,1,1,0
2018-08-27 04:00:00,4,2,2
2018-08-27 05:00:00,14,10,4
2018-08-27 06:00:00,33,16,17
2018-08-27 07:00:00,89,48,41
2018-08-27 08:00:00,167,79,88
2018-08-27 09:00:00,105,59,46
2018-08-27 10:00:00,41,16,25
2018-08-27 11:00:00,39,18,21
2018-08-27 12:00:00,50,32,18
2018-08-27 13:00:00,24,10,14
2018-08-27 14:00:00,50,19,31
2018-08-27 15:00:00,69,27,42
2018-08-27 16:00:00,163,59,104
2018-08-27 17:00:00,208,78,130
2018-08-27 18:00:00,112,40,72
2018-08-27 19:00:00,57,30,27
2018-08-27 20:00:00,20,7,13
2018-08-27 21:00:00,17,10,7
2018-08-27 22:00:00,5,3,2
2018-08-27 23:00:00,2,2,0
2018-08-28 00:00:00,2,0,2
2018-08-28 01:00:00,1,1,0
2018-08-28 02:00:00,1,1,0
2018-08-28 03:00:00,2,2,0
2018-08-28 04:00:00,3,1,2
2018-08-28 05:00:00,14,11,3
2018-08-28 06:00:00,42,18,24
2018-08-28 07:00:00,120,62,58
2018-08-28 08:00:00,190,95,95
2018-08-28 09:00:00,112,44,68
2018-08-28 10:00:00,54,24,30
2018-08-28 11:00:00,50,27,23
2018-08-28 12:00:00,40,25,15
2018-08-28 13:00:00,32,11,21
2018-08-28 14:00:00,52,20,32
2018-08-28 15:00:00,80,27,53
2018-08-28 16:00:00,179,72,107
2018-08-28 17:00:00,251,105,146
2018-08-28 18:00:00,132,50,82
2018-08-28 19:00:00,55,26,29
2018-08-28 20:00:00,34,22,12
2018-08-28 21:00:00,17,7,10
2018-08-28 22:00:00,17,5,12
2018-08-28 23:00:00,5,2,3
2018-08-29 00:00:00,5,3,2
2018-08-29 01:00:00,2,1,1
2018-08-29 02:00:00,3,2,1
2018-08-29 03:00:00,3,2,1
2018-08-29 04:00:00,4,2,2
2018-08-29 05:00:00,14,9,5
2018-08-29 06:00:00,47,20,27
2018-08-29 07:00:00,105,56,49
2018-08-29 08:00:00,160,77,83
2018-08-29 09:00:00,105,50,55
2018-08-29 10:00:00,61,27,34
2018-08-29 11:00:00,54,21,33
2018-08-29 12:00:00,44,27,17
2018-08-29 13:00:00,48,24,24
2018-08-29 14:00:00,40,19,21
2018-08-29 15:00:00,91,32,59
2018-08-29 16:00:00,145,49,96
2018-08-29 17:00:00,218,76,142
2018-08-29 18:00:00,134,52,82
2018-08-29 19:00:00,50,20,30
2018-08-29 20:00:00,27,15,12
2018-08-29 21:00:00,19,4,15
2018-08-29 22:00:00,5,1,4
2018-08-29 23:00:00,7,3,4
2018-08-30 00:00:00,2,1,1
2018-08-30 01:00:00,1,1,0
2018-08-30 02:00:00,1,1,0
2018-08-30 03:00:00,2,1,1
2018-08-30 04:00:00,3,1,2
2018-08-30 05:00:00,15,10,5
2018-08-30 06:00:00,27,14,13
2018-08-30 07:00:00,83,46,37
2018-08-30 08:00:00,134,61,73
2018-08-30 09:00:00,109,42,67
2018-08-30 10:00:00,36,20,16
2018-08-30 11:00:00,49,24,25
2018-08-30 12:00:00,44,27,17
2018-08-30 13:00:00,67,33,34
2018-08-30 14:00:00,46,20,26
2018-08-30 15:00:00,66,20,46
2018-08-30 16:00:00,144,53,91
2018-08-30 17:00:00,218,61,157
2018-08-30 18:00:00,155,54,101
2018-08-30 19:00:00,56,30,26
2018-08-30 20:00:00,29,16,13
2018-08-30 21:00:00,33,23,10
2018-08-30 22:00:00,28,20,8
2018-08-30 23:00:00,14,11,3
2018-08-31 00:00:00,5,3,2
2018-08-31 01:00:00,5,3,2
2018-08-31 02:00:00,2,2,0
2018-08-31 03:00:00,3,1,2
2018-08-31 04:00:00,3,1,2
2018-08-31 05:00:00,8,7,1
2018-08-31 06:00:00,24,15,9
2018-08-31 07:00:00,62,39,23
2018-08-31 08:00:00,114,62,52
2018-08-31 09:00:00,72,32,40
2018-08-31 10:00:00,46,24,22
2018-08-31 11:00:00,54,32,22
2018-08-31 12:00:00,56,25,31
2018-08-31 13:00:00,64,23,41
2018-08-31 14:00:00,62,23,39
2018-08-31 15:00:00,100,36,64
2018-08-31 16:00:00,156,56,100
2018-08-31 17:00:00,158,50,108
2018-08-31 18:00:00,71,23,48
2018-08-31 19:00:00,31,16,15
2018-08-31 20:00:00,23,11,12
2018-08-31 21:00:00,13,4,9
2018-08-31 22:00:00,10,5,5
2018-08-31 23:00:00,21,6,15
2018-09-01 00:00:00,7,5,2
2018-09-01 01:00:00,6,2,4
2018-09-01 02:00:00,10,2,8
2018-09-01 03:00:00,2,1,1
2018-09-01 04:00:00,2,1,1
2018-09-01 05:00:00,1,1,0
2018-09-01 06:00:00,2,1,1
2018-09-01 07:00:00,8,5,3
2018-09-01 08:00:00,16,11,5
2018-09-01 09:00:00,22,9,13
2018-09-01 10:00:00,22,11,11
2018-09-01 11:00:00,37,11,26
2018-09-01 12:00:00,73,13,60
2018-09-01 13:00:00,43,23,20
2018-09-01 14:00:00,33,15,18
2018-09-01 15:00:00,65,45,20
2018-09-01 16:00:00,64,35,29
2018-09-01 17:00:00,45,20,25
2018-09-01 18:00:00,37,13,24
2018-09-01 19:00:00,42,12,30
2018-09-01 20:00:00,24,13,11
2018-09-01 21:00:00,10,4,6
2018-09-01 22:00:00,5,1,4
2018-09-01 23:00:00,39,23,16
2018-09-02 00:00:00,9,6,3
2018-09-02 01:00:00,6,3,3
2018-09-02 02:00:00,0,0,0
2018-09-02 03:00:00,5,4,1
2018-09-02 04:00:00,0,0,0
2018-09-02 05:00:00,1,0,1
2018-09-02 06:00:00,1,1,0
2018-09-02 07:00:00,7,6,1
2018-09-02 08:00:00,10,9,1
2018-09-02 09:00:00,16,9,7
2018-09-02 10:00:00,20,7,13
2018-09-02 11:00:00,47,13,34
2018-09-02 12:00:00,31,11,20
2018-09-02 13:00:00,28,17,11
2018-09-02 14:00:00,35,18,17
2018-09-02 15:00:00,30,12,18
2018-09-02 16:00:00,33,17,16
2018-09-02 17:00:00,31,14,17
2018-09-02 18:00:00,41,20,21
2018-09-02 19:00:00,25,8,17
2018-09-02 20:00:00,16,7,9
2018-09-02 21:00:00,12,5,7
2018-09-02 22:00:00,10,7,3
2018-09-02 23:00:00,11,3,8
2018-09-03 00:00:00,4,2,2
2018-09-03 01:00:00,1,1,0
2018-09-03 02:00:00,2,1,1
2018-09-03 03:00:00,2,0,2
2018-09-03 04:00:00,0,0,0
2018-09-03 05:00:00,6,4,2
2018-09-03 06:00:00,5,3,2
2018-09-03 07:00:00,3,1,2
2018-09-03 08:00:00,14,9,5
2018-09-03 09:00:00,25,15,10
2018-09-03 10:00:00,24,13,11
2018-09-03 11:00:00,31,11,20
2018-09-03 12:00:00,29,14,15
2018-09-03 13:00:00,47,16,31
2018-09-03 14:00:00,51,25,26
2018-09-03 15:00:00,34,15,19
2018-09-03 16:00:00,61,22,39
2018-09-03 17:00:00,46,19,27
2018-09-03 18:00:00,35,17,18
2018-09-03 19:00:00,31,18,13
2018-09-03 20:00:00,13,9,4
2018-09-03 21:00:00,26,19,7
2018-09-03 22:00:00,3,1,2
2018-09-03 23:00:00,6,1,5
2018-09-04 00:00:00,2,2,0
2018-09-04 01:00:00,2,0,2
2018-09-04 02:00:00,0,0,0
2018-09-04 03:00:00,0,0,0
2018-09-04 04:00:00,3,1,2
2018-09-04 05:00:00,14,9,5
2018-09-04 06:00:00,42,24,18
2018-09-04 07:00:00,112,55,57
2018-09-04 08:00:00,177,88,89
2018-09-04 09:00:00,108,52,56
2018-09-04 10:00:00,38,22,16
2018-09-04 11:00:00,43,24,19
2018-09-04 12:00:00,43,25,18
2018-09-04 13:00:00,43,20,23
2018-09-04 14:00:00,58,20,38
2018-09-04 15:00:00,71,20,51
2018-09-04 16:00:00,159,57,102
2018-09-04 17:00:00,244,98,146
2018-09-04 18:00:00,120,39,81
2018-09-04 19:00:00,46,17,29
2018-09-04 20:00:00,15,8,7
2018-09-04 21:00:00,24,10,14
2018-09-04 22:00:00,14,3,11
2018-09-04 23:00:00,8,8,0
2018-09-05 00:00:00,3,1,2
2018-09-05 01:00:00,6,3,3
2018-09-05 02:00:00,1,0,1
2018-09-05 03:00:00,0,0,0
2018-09-05 04:00:00,4,2,2
2018-09-05 05:00:00,13,10,3
2018-09-05 06:00:00,54,27,27
2018-09-05 07:00:00,117,58,59
2018-09-05 08:00:00,188,89,99
2018-09-05 09:00:00,113,54,59
2018-09-05 10:00:00,47,27,20
2018-09-05 11:00:00,76,36,40
2018-09-05 12:00:00,43,17,26
2018-09-05 13:00:00,46,27,19
2018-09-05 14:00:00,57,23,34
2018-09-05 15:00:00,79,32,47
2018-09-05 16:00:00,185,66,119
2018-09-05 17:00:00,255,90,165
2018-09-05 18:00:00,131,41,90
2018-09-05 19:00:00,52,21,31
2018-09-05 20:00:00,26,15,11
2018-09-05 21:00:00,12,5,7
2018-09-05 22:00:00,23,14,9
2018-09-05 23:00:00,9,3,6
2018-09-06 00:00:00,2,2,0
2018-09-06 01:00:00,1,0,1
2018-09-06 02:00:00,1,1,0
2018-09-06 03:00:00,2,1,1
2018-09-06 04:00:00,4,1,3
2018-09-06 05:00:00,16,14,2
2018-09-06 06:00:00,44,20,24
2018-09-06 07:00:00,118,68,50
2018-09-06 08:00:00,189,84,105
2018-09-06 09:00:00,97,48,49
2018-09-06 10:00:00,48,26,22
2018-09-06 11:00:00,69,34,35
2018-09-06 12:00:00,57,28,29
2018-09-06 13:00:00,59,25,34
2018-09-06 14:00:00,55,23,32
2018-09-06 15:00:00,79,28,51
2018-09-06 16:00:00,192,63,129
2018-09-06 17:00:00,242,92,150
2018-09-06 18:00:00,125,47,78
2018-09-06 19:00:00,61,26,35
2018-09-06 20:00:00,33,21,12
2018-09-06 21:00:00,31,20,11
2018-09-06 22:00:00,7,3,4
2018-09-06 23:00:00,3,1,2
2018-09-07 00:00:00,5,3,2
2018-09-07 01:00:00,4,3,1
2018-09-07 02:00:00,2,1,1
2018-09-07 03:00:00,0,0,0
2018-09-07 04:00:00,5,3,2
2018-09-07 05:00:00,15,12,3
2018-09-07 06:00:00,42,22,20
2018-09-07 07:00:00,60,32,28
2018-09-07 08:00:00,164,74,90
2018-09-07 09:00:00,95,42,53
2018-09-07 10:00:00,51,21,30
2018-09-07 11:00:00,46,30,16
2018-09-07 12:00:00,66,28,38
2018-09-07 13:00:00,51,17,34
2018-09-07 14:00:00,54,23,31
2018-09-07 15:00:00,110,50,60
2018-09-07 16:00:00,169,56,113
2018-09-07 17:00:00,207,82,125
2018-09-07 18:00:00,97,32,65
2018-09-07 19:00:00,30,12,18
2018-09-07 20:00:00,15,8,7
2018-09-07 21:00:00,24,8,16
2018-09-07 22:00:00,14,14,0
2018-09-07 23:00:00,7,4,3
2018-09-08 00:00:00,11,6,5
2018-09-08 01:00:00,10,5,5
2018-09-08 02:00:00,4,2,2
2018-09-08 03:00:00,0,0,0
2018-09-08 04:00:00,1,1,0
2018-09-08 05:00:00,3,0,3
2018-09-08 06:00:00,3,1,2
2018-09-08 07:00:00,16,7,9
2018-09-08 08:00:00,7,4,3
2018-09-08 09:00:00,18,8,10
2018-09-08 10:00:00,27,10,17
2018-09-08 11:00:00,32,13,19
2018-09-08 12:00:00,38,21,17
2018-09-08 13:00:00,41,22,19
2018-09-08 14:00:00,54,32,22
2018-09-08 15:00:00,57,21,36
2018-09-08 16:00:00,57,23,34
2018-09-08 17:00:00,44,13,31
2018-09-08 18:00:00,34,10,24
2018-09-08 19:00:00,17,5,12
2018-09-08 20:00:00,23,13,10
2018-09-08 21:00:00,41,26,15
2018-09-08 22:00:00,11,5,6
2018-09-08 23:00:00,9,7,2
2018-09-09 00:00:00,9,5,4
2018-09-09 01:00:00,4,3,1
2018-09-09 02:00:00,4,1,3
2018-09-09 03:00:00,0,0,0
2018-09-09 04:00:00,0,0,0
2018-09-09 05:00:00,1,1,0
2018-09-09 06:00:00,3,1,2
2018-09-09 07:00:00,8,7,1
2018-09-09 08:00:00,8,2,6
2018-09-09 09:00:00,15,7,8
2018-09-09 10:00:00,43,15,28
2018-09-09 11:00:00,42,10,32
2018-09-09 12:00:00,30,12,18
2018-09-09 13:00:00,35,13,22
2018-09-09 14:00:00,44,20,24
2018-09-09 15:00:00,37,12,25
2018-09-09 16:00:00,46,31,15
2018-09-09 17:00:00,41,23,18
2018-09-09 18:00:00,23,14,9
2018-09-09 19:00:00,19,8,11
2018-09-09 20:00:00,7,5,2
2018-09-09 21:00:00,3,0,3
2018-09-09 22:00:00,8,4,4
2018-09-09 23:00:00,1,1,0
2018-09-10 00:00:00,4,4,0
2018-09-10 01:00:00,0,0,0
2018-09-10 02:00:00,1,0,1
2018-09-10 03:00:00,2,1,1
2018-09-10 04:00:00,4,3,1
2018-09-10 05:00:00,14,12,2
2018-09-10 06:00:00,41,22,19
2018-09-10 07:00:00,83,51,32
2018-09-10 08:00:00,157,81,76
2018-09-10 09:00:00,104,38,66
2018-09-10 10:00:00,34,19,15
2018-09-10 11:00:00,30,10,20
2018-09-10 12:00:00,26,15,11
2018-09-10 13:00:00,33,14,19
2018-09-10 14:00:00,43,19,24
2018-09-10 15:00:00,65,20,45
2018-09-10 16:00:00,140,44,96
2018-09-10 17:00:00,194,68,126
2018-09-10 18:00:00,108,37,71
2018-09-10 19:00:00,39,23,16
2018-09-10 20:00:00,20,9,11
2018-09-10 21:00:00,13,5,8
2018-09-10 22:00:00,8,3,5
2018-09-10 23:00:00,5,3,2
2018-09-11 00:00:00,2,0,2
2018-09-11 01:00:00,5,4,1
2018-09-11 02:00:00,1,1,0
2018-09-11 03:00:00,1,0,1
2018-09-11 04:00:00,3,1,2
2018-09-11 05:00:00,13,12,1
2018-09-11 06:00:00,42,19,23
2018-09-11 07:00:00,89,48,41
2018-09-11 08:00:00,167,91,76
2018-09-11 09:00:00,90,44,46
2018-09-11 10:00:00,49,24,25
2018-09-11 11:00:00,32,15,17
2018-09-11 12:00:00,42,17,25
2018-09-11 13:00:00,49,27,22
2018-09-11 14:00:00,37,20,17
2018-09-11 15:00:00,71,20,51
2018-09-11 16:00:00,120,44,76
2018-09-11 17:00:00,216,78,138
2018-09-11 18:00:00,130,51,79
2018-09-11 19:00:00,34,17,17
2018-09-11 20:00:00,30,12,18
2018-09-11 21:00:00,19,8,11
2018-09-11 22:00:00,16,9,7
2018-09-11 23:00:00,5,4,1
2018-09-12 00:00:00,0,0,0
2018-09-12 01:00:00,3,2,1
2018-09-12 02:00:00,1,0,1
2018-09-12 03:00:00,1,1,0
2018-09-12 04:00:00,3,2,1
2018-09-12 05:00:00,17,13,4
2018-09-12 06:00:00,35,18,17
2018-09-12 07:00:00,102,57,45
2018-09-12 08:00:00,159,70,89
2018-09-12 09:00:00,89,33,56
2018-09-12 10:00:00,34,22,12
2018-09-12 11:00:00,44,24,20
2018-09-12 12:00:00,44,23,21
2018-09-12 13:00:00,44,23,21
2018-09-12 14:00:00,38,12,26
2018-09-12 15:00:00,62,21,41
2018-09-12 16:00:00,130,44,86
2018-09-12 17:00:00,183,68,115
2018-09-12 18:00:00,119,50,69
2018-09-12 19:00:00,57,31,26
2018-09-12 20:00:00,36,12,24
2018-09-12 21:00:00,16,6,10
2018-09-12 22:00:00,13,8,5
2018-09-12 23:00:00,5,2,3
2018-09-13 00:00:00,5,2,3
2018-09-13 01:00:00,1,0,1
2018-09-13 02:00:00,0,0,0
2018-09-13 03:00:00,2,2,0
2018-09-13 04:00:00,3,1,2
2018-09-13 05:00:00,15,12,3
2018-09-13 06:00:00,37,21,16
2018-09-13 07:00:00,79,49,30
2018-09-13 08:00:00,151,71,80
2018-09-13 09:00:00,85,40,45
2018-09-13 10:00:00,43,23,20
2018-09-13 11:00:00,32,14,18
2018-09-13 12:00:00,34,19,15
2018-09-13 13:00:00,43,17,26
2018-09-13 14:00:00,44,19,25
2018-09-13 15:00:00,88,26,62
2018-09-13 16:00:00,127,49,78
2018-09-13 17:00:00,185,76,109
2018-09-13 18:00:00,104,43,61
2018-09-13 19:00:00,41,22,19
2018-09-13 20:00:00,24,11,13
2018-09-13 21:00:00,6,2,4
2018-09-13 22:00:00,9,3,6
2018-09-13 23:00:00,10,7,3
2018-09-14 00:00:00,8,5,3
2018-09-14 01:00:00,1,0,1
2018-09-14 02:00:00,0,0,0
2018-09-14 03:00:00,3,3,0
2018-09-14 04:00:00,4,3,1
2018-09-14 05:00:00,9,6,3
2018-09-14 06:00:00,28,17,11
2018-09-14 07:00:00,55,36,19
2018-09-14 08:00:00,81,36,45
2018-09-14 09:00:00,61,25,36
2018-09-14 10:00:00,34,11,23
2018-09-14 11:00:00,28,16,12
2018-09-14 12:00:00,41,17,24
2018-09-14 13:00:00,49,16,33
2018-09-14 14:00:00,46,29,17
2018-09-14 15:00:00,68,21,47
2018-09-14 16:00:00,119,48,71
2018-09-14 17:00:00,130,47,83
2018-09-14 18:00:00,68,24,44
2018-09-14 19:00:00,37,17,20
2018-09-14 20:00:00,17,3,14
2018-09-14 21:00:00,7,2,5
2018-09-14 22:00:00,19,7,12
2018-09-14 23:00:00,17,10,7
2018-09-15 00:00:00,14,9,5
2018-09-15 01:00:00,7,3,4
2018-09-15 02:00:00,4,4,0
2018-09-15 03:00:00,0,0,0
2018-09-15 04:00:00,1,1,0
2018-09-15 05:00:00,3,1,2
2018-09-15 06:00:00,0,0,0
2018-09-15 07:00:00,7,5,2
2018-09-15 08:00:00,18,9,9
2018-09-15 09:00:00,14,2,12
2018-09-15 10:00:00,22,11,11
2018-09-15 11:00:00,27,17,10
2018-09-15 12:00:00,24,14,10
2018-09-15 13:00:00,25,13,12
2018-09-15 14:00:00,34,17,17
2018-09-15 15:00:00,37,16,21
2018-09-15 16:00:00,37,25,12
2018-09-15 17:00:00,22,8,14
2018-09-15 18:00:00,16,5,11
2018-09-15 19:00:00,17,6,11
2018-09-15 20:00:00,5,3,2
2018-09-15 21:00:00,8,4,4
2018-09-15 22:00:00,16,7,9
2018-09-15 23:00:00,6,1,5
2018-09-16 00:00:00,5,2,3
2018-09-16 01:00:00,6,3,3
2018-09-16 02:00:00,3,1,2
2018-09-16 03:00:00,1,1,0
2018-09-16 04:00:00,1,0,1
2018-09-16 05:00:00,0,0,0
2018-09-16 06:00:00,2,2,0
2018-09-16 07:00:00,3,2,1
2018-09-16 08:00:00,10,4,6
2018-09-16 09:00:00,5,2,3
2018-09-16 10:00:00,7,4,3
2018-09-16 11:00:00,13,6,7
2018-09-16 12:00:00,22,12,10
2018-09-16 13:00:00,18,12,6
2018-09-16 14:00:00,15,9,6
2018-09-16 15:00:00,24,12,12
2018-09-16 16:00:00,14,5,9
2018-09-16 17:00:00,35,13,22
2018-09-16 18:00:00,23,15,8
2018-09-16 19:00:00,10,2,8
2018-09-16 20:00:00,8,5,3
2018-09-16 21:00:00,4,1,3
2018-09-16 22:00:00,7,2,5
2018-09-16 23:00:00,2,1,1
2018-09-17 00:00:00,0,0,0
2018-09-17 01:00:00,2,1,1
2018-09-17 02:00:00,1,1,0
2018-09-17 03:00:00,1,1,0
2018-09-17 04:00:00,2,1,1
2018-09-17 05:00:00,13,11,2
2018-09-17 06:00:00,43,25,18
2018-09-17 07:00:00,114,59,55
2018-09-17 08:00:00,173,77,96
2018-09-17 09:00:00,109,57,52
2018-09-17 10:00:00,44,22,22
2018-09-17 11:00:00,49,23,26
2018-09-17 12:00:00,31,13,18
2018-09-17 13:00:00,45,27,18
2018-09-17 14:00:00,40,13,27
2018-09-17 15:00:00,94,32,62
2018-09-17 16:00:00,166,57,109
2018-09-17 17:00:00,221,80,141
2018-09-17 18:00:00,115,42,73
2018-09-17 19:00:00,50,25,25
2018-09-17 20:00:00,18,8,10
2018-09-17 21:00:00,10,5,5
2018-09-17 22:00:00,2,2,0
2018-09-17 23:00:00,2,0,2
2018-09-18 00:00:00,0,0,0
2018-09-18 01:00:00,2,1,1
2018-09-18 02:00:00,2,0,2
2018-09-18 03:00:00,1,0,1
2018-09-18 04:00:00,3,2,1
2018-09-18 05:00:00,18,13,5
2018-09-18 06:00:00,50,25,25
2018-09-18 07:00:00,108,57,51
2018-09-18 08:00:00,184,84,100
2018-09-18 09:00:00,104,56,48
2018-09-18 10:00:00,39,19,20
2018-09-18 11:00:00,40,18,22
2018-09-18 12:00:00,45,28,17
2018-09-18 13:00:00,53,27,26
2018-09-18 14:00:00,58,24,34
2018-09-18 15:00:00,81,28,53
2018-09-18 16:00:00,182,70,112
2018-09-18 17:00:00,221,85,136
2018-09-18 18:00:00,123,57,66
2018-09-18 19:00:00,37,11,26
2018-09-18 20:00:00,23,12,11
2018-09-18 21:00:00,24,12,12
2018-09-18 22:00:00,16,3,13
2018-09-18 23:00:00,3,1,2
2018-09-19 00:00:00,1,1,0
2018-09-19 01:00:00,6,4,2
2018-09-19 02:00:00,0,0,0
2018-09-19 03:00:00,2,0,2
2018-09-19 04:00:00,1,1,0
2018-09-19 05:00:00,10,9,1
2018-09-19 06:00:00,29,15,14
2018-09-19 07:00:00,107,58,49
2018-09-19 08:00:00,161,80,81
2018-09-19 09:00:00,103,40,63
2018-09-19 10:00:00,47,23,24
2018-09-19 11:00:00,43,20,23
2018-09-19 12:00:00,38,20,18
2018-09-19 13:00:00,39,20,19
2018-09-19 14:00:00,46,18,28
2018-09-19 15:00:00,61,22,39
2018-09-19 16:00:00,171,59,112
2018-09-19 17:00:00,241,81,160
2018-09-19 18:00:00,121,39,82
2018-09-19 19:00:00,86,29,57
2018-09-19 20:00:00,26,12,14
2018-09-19 21:00:00,16,11,5
2018-09-19 22:00:00,57,42,15
2018-09-19 23:00:00,9,3,6
2018-09-20 00:00:00,6,4,2
2018-09-20 01:00:00,1,1,0
2018-09-20 02:00:00,0,0,0
2018-09-20 03:00:00,3,1,2
2018-09-20 04:00:00,1,1,0
2018-09-20 05:00:00,14,10,4
2018-09-20 06:00:00,40,23,17
2018-09-20 07:00:00,86,45,41
2018-09-20 08:00:00,136,68,68
2018-09-20 09:00:00,86,32,54
2018-09-20 10:00:00,38,21,17
2018-09-20 11:00:00,39,18,21
2018-09-20 12:00:00,47,26,21
2018-09-20 13:00:00,56,29,27
2018-09-20 14:00:00,48,23,25
2018-09-20 15:00:00,75,30,45
2018-09-20 16:00:00,145,47,98
2018-09-20 17:00:00,185,73,112
2018-09-20 18:00:00,99,40,59
2018-09-20 19:00:00,62,31,31
2018-09-20 20:00:00,24,11,13
2018-09-20 21:00:00,13,7,6
2018-09-20 22:00:00,9,2,7
2018-09-20 23:00:00,9,6,3
2018-09-21 00:00:00,3,2,1
2018-09-21 01:00:00,2,0,2
2018-09-21 02:00:00,4,1,3
2018-09-21 03:00:00,1,1,0
2018-09-21 04:00:00,3,3,0
2018-09-21 05:00:00,14,10,4
2018-09-21 06:00:00,34,16,18
2018-09-21 07:00:00,87,49,38
2018-09-21 08:00:00,133,57,76
2018-09-21 09:00:00,96,35,61
2018-09-21 10:00:00,37,14,23
2018-09-21 11:00:00,42,21,21
2018-09-21 12:00:00,56,24,32
2018-09-21 13:00:00,58,30,28
2018-09-21 14:00:00,55,21,34
2018-09-21 15:00:00,122,50,72
2018-09-21 16:00:00,135,50,85
2018-09-21 17:00:00,177,64,113
2018-09-21 18:00:00,88,35,53
2018-09-21 19:00:00,35,9,26
2018-09-21 20:00:00,21,8,13
2018-09-21 21:00:00,17,10,7
2018-09-21 22:00:00,10,5,5
2018-09-21 23:00:00,6,4,2
2018-09-22 00:00:00,6,2,4
2018-09-22 01:00:00,2,1,1
2018-09-22 02:00:00,8,3,5
2018-09-22 03:00:00,2,2,0
2018-09-22 04:00:00,3,1,2
2018-09-22 05:00:00,2,2,0
2018-09-22 06:00:00,4,2,2
2018-09-22 07:00:00,9,7,2
2018-09-22 08:00:00,14,6,8
2018-09-22 09:00:00,16,6,10
2018-09-22 10:00:00,22,18,4
2018-09-22 11:00:00,17,11,6
2018-09-22 12:00:00,29,16,13
2018-09-22 13:00:00,32,16,16
2018-09-22 14:00:00,33,13,20
2018-09-22 15:00:00,32,14,18
2018-09-22 16:00:00,50,30,20
2018-09-22 17:00:00,38,22,16
2018-09-22 18:00:00,25,9,16
2018-09-22 19:00:00,23,10,13
2018-09-22 20:00:00,13,3,10
2018-09-22 21:00:00,7,4,3
2018-09-22 22:00:00,12,3,9
2018-09-22 23:00:00,21,9,12
2018-09-23 00:00:00,8,2,6
2018-09-23 01:00:00,1,1,0
2018-09-23 02:00:00,3,2,1
2018-09-23 03:00:00,0,0,0
2018-09-23 04:00:00,0,0,0
2018-09-23 05:00:00,1,1,0
2018-09-23 06:00:00,5,3,2
2018-09-23 07:00:00,8,2,6
2018-09-23 08:00:00,14,7,7
2018-09-23 09:00:00,28,8,20
2018-09-23 10:00:00,26,13,13
2018-09-23 11:00:00,53,12,41
2018-09-23 12:00:00,41,12,29
2018-09-23 13:00:00,29,12,17
2018-09-23 14:00:00,32,20,12
2018-09-23 15:00:00,34,19,15
2018-09-23 16:00:00,67,45,22
2018-09-23 17:00:00,42,25,17
2018-09-23 18:00:00,30,17,13
2018-09-23 19:00:00,21,14,7
2018-09-23 20:00:00,1,0,1
2018-09-23 21:00:00,12,8,4
2018-09-23 22:00:00,9,4,5
2018-09-23 23:00:00,1,0,1
2018-09-24 00:00:00,2,0,2
2018-09-24 01:00:00,1,1,0
2018-09-24 02:00:00,1,0,1
2018-09-24 03:00:00,1,1,0
2018-09-24 04:00:00,2,1,1
2018-09-24 05:00:00,18,12,6
2018-09-24 06:00:00,52,26,26
2018-09-24 07:00:00,102,54,48
2018-09-24 08:00:00,197,95,102
2018-09-24 09:00:00,101,53,48
2018-09-24 10:00:00,61,30,31
2018-09-24 11:00:00,39,22,17
2018-09-24 12:00:00,40,17,23
2018-09-24 13:00:00,37,23,14
2018-09-24 14:00:00,47,15,32
2018-09-24 15:00:00,75,33,42
2018-09-24 16:00:00,155,64,91
2018-09-24 17:00:00,261,86,175
2018-09-24 18:00:00,112,44,68
2018-09-24 19:00:00,42,21,21
2018-09-24 20:00:00,28,16,12
2018-09-24 21:00:00,20,15,5
2018-09-24 22:00:00,20,11,9
2018-09-24 23:00:00,9,4,5
2018-09-25 00:00:00,6,2,4
2018-09-25 01:00:00,1,0,1
2018-09-25 02:00:00,0,0,0
2018-09-25 03:00:00,3,2,1
2018-09-25 04:00:00,1,1,0
2018-09-25 05:00:00,15,12,3
2018-09-25 06:00:00,52,23,29
2018-09-25 07:00:00,111,64,47
2018-09-25 08:00:00,180,82,98
2018-09-25 09:00:00,95,42,53
2018-09-25 10:00:00,44,21,23
2018-09-25 11:00:00,62,30,32
2018-09-25 12:00:00,57,26,31
2018-09-25 13:00:00,50,27,23
2018-09-25 14:00:00,40,19,21
2018-09-25 15:00:00,80,26,54
2018-09-25 16:00:00,165,62,103
2018-09-25 17:00:00,259,105,154
2018-09-25 18:00:00,127,55,72
2018-09-25 19:00:00,32,6,26
2018-09-25 20:00:00,20,7,13
2018-09-25 21:00:00,12,2,10
2018-09-25 22:00:00,13,7,6
2018-09-25 23:00:00,11,8,3
2018-09-26 00:00:00,3,2,1
2018-09-26 01:00:00,1,1,0
2018-09-26 02:00:00,1,1,0
2018-09-26 03:00:00,2,1,1
2018-09-26 04:00:00,2,2,0
2018-09-26 05:00:00,18,13,5
2018-09-26 06:00:00,42,20,22
2018-09-26 07:00:00,101,55,46
2018-09-26 08:00:00,166,83,83
2018-09-26 09:00:00,108,55,53
2018-09-26 10:00:00,47,23,24
2018-09-26 11:00:00,51,22,29
2018-09-26 12:00:00,41,22,19
2018-09-26 13:00:00,52,23,29
2018-09-26 14:00:00,50,19,31
2018-09-26 15:00:00,74,31,43
2018-09-26 16:00:00,163,52,111
2018-09-26 17:00:00,224,81,143
2018-09-26 18:00:00,116,41,75
2018-09-26 19:00:00,33,14,19
2018-09-26 20:00:00,22,11,11
2018-09-26 21:00:00,22,11,11
2018-09-26 22:00:00,11,8,3
2018-09-26 23:00:00,7,3,4
2018-09-27 00:00:00,1,1,0
2018-09-27 01:00:00,1,0,1
2018-09-27 02:00:00,3,3,0
2018-09-27 03:00:00,3,1,2
2018-09-27 04:00:00,0,0,0
2018-09-27 05:00:00,18,13,5
2018-09-27 06:00:00,48,20,28
2018-09-27 07:00:00,101,55,46
2018-09-27 08:00:00,154,86,68
2018-09-27 09:00:00,99,38,61
2018-09-27 10:00:00,33,12,21
2018-09-27 11:00:00,51,19,32
2018-09-27 12:00:00,66,39,27
2018-09-27 13:00:00,43,22,21
2018-09-27 14:00:00,46,20,26
2018-09-27 15:00:00,76,34,42
2018-09-27 16:00:00,164,64,100
2018-09-27 17:00:00,249,106,143
2018-09-27 18:00:00,119,44,75
2018-09-27 19:00:00,45,17,28
2018-09-27 20:00:00,22,10,12
2018-09-27 21:00:00,10,4,6
2018-09-27 22:00:00,12,8,4
2018-09-27 23:00:00,7,2,5
2018-09-28 00:00:00,4,2,2
2018-09-28 01:00:00,7,4,3
2018-09-28 02:00:00,2,1,1
2018-09-28 03:00:00,0,0,0
2018-09-28 04:00:00,4,2,2
2018-09-28 05:00:00,13,8,5
2018-09-28 06:00:00,42,24,18
2018-09-28 07:00:00,91,49,42
2018-09-28 08:00:00,158,76,82
2018-09-28 09:00:00,101,42,59
2018-09-28 10:00:00,41,20,21
2018-09-28 11:00:00,50,26,24
2018-09-28 12:00:00,67,42,25
2018-09-28 13:00:00,57,26,31
2018-09-28 14:00:00,74,37,37
2018-09-28 15:00:00,100,35,65
2018-09-28 16:00:00,156,51,105
2018-09-28 17:00:00,180,73,107
2018-09-28 18:00:00,93,32,61
2018-09-28 19:00:00,49,21,28
2018-09-28 20:00:00,17,7,10
2018-09-28 21:00:00,17,12,5
2018-09-28 22:00:00,19,8,11
2018-09-28 23:00:00,19,14,5
2018-09-29 00:00:00,10,5,5
2018-09-29 01:00:00,13,7,6
2018-09-29 02:00:00,1,0,1
2018-09-29 03:00:00,2,1,1
2018-09-29 04:00:00,1,0,1
2018-09-29 05:00:00,2,1,1
2018-09-29 06:00:00,4,4,0
2018-09-29 07:00:00,6,4,2
2018-09-29 08:00:00,17,9,8
2018-09-29 09:00:00,23,11,12
2018-09-29 10:00:00,27,15,12
2018-09-29 11:00:00,60,20,40
2018-09-29 12:00:00,86,15,71
2018-09-29 13:00:00,62,27,35
2018-09-29 14:00:00,32,21,11
2018-09-29 15:00:00,105,75,30
2018-09-29 16:00:00,51,30,21
2018-09-29 17:00:00,32,10,22
2018-09-29 18:00:00,34,13,21
2018-09-29 19:00:00,13,5,8
2018-09-29 20:00:00,8,7,1
2018-09-29 21:00:00,9,3,6
2018-09-29 22:00:00,10,1,9
2018-09-29 23:00:00,6,2,4
2018-09-30 00:00:00,5,2,3
2018-09-30 01:00:00,4,4,0
2018-09-30 02:00:00,4,2,2
2018-09-30 03:00:00,3,1,2
2018-09-30 04:00:00,1,0,1
2018-09-30 05:00:00,1,1,0
2018-09-30 06:00:00,3,3,0
2018-09-30 07:00:00,6,3,3
2018-09-30 08:00:00,9,5,4
2018-09-30 09:00:00,20,8,12
2018-09-30 10:00:00,16,10,6
2018-09-30 11:00:00,37,13,24
2018-09-30 12:00:00,33,14,19
2018-09-30 13:00:00,31,12,19
2018-09-30 14:00:00,24,9,15
2018-09-30 15:00:00,19,12,7
2018-09-30 16:00:00,31,16,15
2018-09-30 17:00:00,27,12,15
2018-09-30 18:00:00,22,9,13
2018-09-30 19:00:00,14,6,8
2018-09-30 20:00:00,9,4,5
2018-09-30 21:00:00,9,5,4
2018-09-30 22:00:00,5,2,3
2018-09-30 23:00:00,1,1,0
2018-10-01 00:00:00,3,0,3
2018-10-01 01:00:00,1,1,0
2018-10-01 02:00:00,0,0,0
2018-10-01 03:00:00,0,0,0
2018-10-01 04:00:00,3,2,1
2018-10-01 05:00:00,11,8,3
2018-10-01 06:00:00,33,16,17
2018-10-01 07:00:00,86,53,33
2018-10-01 08:00:00,152,78,74
2018-10-01 09:00:00,80,41,39
2018-10-01 10:00:00,33,15,18
2018-10-01 11:00:00,15,7,8
2018-10-01 12:00:00,36,20,16
2018-10-01 13:00:00,25,13,12
2018-10-01 14:00:00,34,13,21
2018-10-01 15:00:00,49,12,37
2018-10-01 16:00:00,111,41,70
2018-10-01 17:00:00,160,43,117
2018-10-01 18:00:00,75,32,43
2018-10-01 19:00:00,28,11,17
2018-10-01 20:00:00,15,5,10
2018-10-01 21:00:00,7,3,4
2018-10-01 22:00:00,6,1,5
2018-10-01 23:00:00,3,2,1
2018-10-02 00:00:00,0,0,0
2018-10-02 01:00:00,0,0,0
2018-10-02 02:00:00,3,3,0
2018-10-02 03:00:00,1,0,1
2018-10-02 04:00:00,1,0,1
2018-10-02 05:00:00,22,19,3
2018-10-02 06:00:00,44,22,22
2018-10-02 07:00:00,85,47,38
2018-10-02 08:00:00,156,80,76
2018-10-02 09:00:00,83,37,46
2018-10-02 10:00:00,35,10,25
2018-10-02 11:00:00,36,18,18
2018-10-02 12:00:00,48,28,20
2018-10-02 13:00:00,21,10,11
2018-10-02 14:00:00,38,14,24
2018-10-02 15:00:00,82,31,51
2018-10-02 16:00:00,138,52,86
2018-10-02 17:00:00,206,85,121
2018-10-02 18:00:00,79,31,48
2018-10-02 19:00:00,28,12,16
2018-10-02 20:00:00,9,5,4
2018-10-02 21:00:00,11,5,6
2018-10-02 22:00:00,5,0,5
2018-10-02 23:00:00,3,1,2
2018-10-03 00:00:00,1,0,1
2018-10-03 01:00:00,2,1,1
2018-10-03 02:00:00,1,1,0
2018-10-03 03:00:00,2,1,1
2018-10-03 04:00:00,3,2,1
2018-10-03 05:00:00,19,14,5
2018-10-03 06:00:00,52,28,24
2018-10-03 07:00:00,112,56,56
2018-10-03 08:00:00,146,78,68
2018-10-03 09:00:00,82,39,43
2018-10-03 10:00:00,36,15,21
2018-10-03 11:00:00,33,20,13
2018-10-03 12:00:00,37,16,21
2018-10-03 13:00:00,39,17,22
2018-10-03 14:00:00,40,13,27
2018-10-03 15:00:00,77,31,46
2018-10-03 16:00:00,144,50,94
2018-10-03 17:00:00,235,91,144
2018-10-03 18:00:00,104,37,67
2018-10-03 19:00:00,31,12,19
2018-10-03 20:00:00,19,6,13
2018-10-03 21:00:00,11,4,7
2018-10-03 22:00:00,15,3,12
2018-10-03 23:00:00,8,4,4
2018-10-04 00:00:00,2,1,1
2018-10-04 01:00:00,0,0,0
2018-10-04 02:00:00,1,0,1
2018-10-04 03:00:00,2,1,1
2018-10-04 04:00:00,3,1,2
2018-10-04 05:00:00,21,17,4
2018-10-04 06:00:00,35,13,22
2018-10-04 07:00:00,93,56,37
2018-10-04 08:00:00,146,65,81
2018-10-04 09:00:00,93,43,50
2018-10-04 10:00:00,41,18,23
2018-10-04 11:00:00,41,24,17
2018-10-04 12:00:00,31,17,14
2018-10-04 13:00:00,39,20,19
2018-10-04 14:00:00,54,23,31
2018-10-04 15:00:00,76,28,48
2018-10-04 16:00:00,155,64,91
2018-10-04 17:00:00,231,61,170
2018-10-04 18:00:00,129,55,74
2018-10-04 19:00:00,74,33,41
2018-10-04 20:00:00,36,18,18
2018-10-04 21:00:00,15,7,8
2018-10-04 22:00:00,9,4,5
2018-10-04 23:00:00,3,2,1
2018-10-05 00:00:00,25,21,4
2018-10-05 01:00:00,6,3,3
2018-10-05 02:00:00,2,1,1
2018-10-05 03:00:00,1,1,0
2018-10-05 04:00:00,0,0,0
2018-10-05 05:00:00,10,6,4
2018-10-05 06:00:00,16,9,7
2018-10-05 07:00:00,63,43,20
2018-10-05 08:00:00,106,51,55
2018-10-05 09:00:00,54,24,30
2018-10-05 10:00:00,20,11,9
2018-10-05 11:00:00,26,12,14
2018-10-05 12:00:00,30,20,10
2018-10-05 13:00:00,29,16,13
2018-10-05 14:00:00,43,18,25
2018-10-05 15:00:00,49,16,33
2018-10-05 16:00:00,86,31,55
2018-10-05 17:00:00,97,29,68
2018-10-05 18:00:00,45,18,27
2018-10-05 19:00:00,32,16,16
2018-10-05 20:00:00,9,5,4
2018-10-05 21:00:00,13,5,8
2018-10-05 22:00:00,6,3,3
2018-10-05 23:00:00,4,1,3
2018-10-06 00:00:00,2,1,1
2018-10-06 01:00:00,4,3,1
2018-10-06 02:00:00,0,0,0
2018-10-06 03:00:00,0,0,0
2018-10-06 04:00:00,1,1,0
2018-10-06 05:00:00,1,0,1
2018-10-06 06:00:00,5,2,3
2018-10-06 07:00:00,10,6,4
2018-10-06 08:00:00,14,4,10
2018-10-06 09:00:00,18,8,10
2018-10-06 10:00:00,7,4,3
2018-10-06 11:00:00,20,9,11
2018-10-06 12:00:00,35,26,9
2018-10-06 13:00:00,21,6,15
2018-10-06 14:00:00,41,13,28
2018-10-06 15:00:00,25,12,13
2018-10-06 16:00:00,28,14,14
2018-10-06 17:00:00,22,8,14
2018-10-06 18:00:00,25,14,11
2018-10-06 19:00:00,8,3,5
2018-10-06 20:00:00,12,6,6
2018-10-06 21:00:00,12,5,7
2018-10-06 22:00:00,8,1,7
2018-10-06 23:00:00,5,1,4
2018-10-07 00:00:00,6,3,3
2018-10-07 01:00:00,4,3,1
2018-10-07 02:00:00,2,2,0
2018-10-07 03:00:00,1,1,0
2018-10-07 04:00:00,0,0,0
2018-10-07 05:00:00,1,0,1
2018-10-07 06:00:00,2,2,0
2018-10-07 07:00:00,5,2,3
2018-10-07 08:00:00,8,3,5
2018-10-07 09:00:00,19,8,11
2018-10-07 10:00:00,9,6,3
2018-10-07 11:00:00,22,10,12
2018-10-07 12:00:00,30,14,16
2018-10-07 13:00:00,16,5,11
2018-10-07 14:00:00,14,7,7
2018-10-07 15:00:00,18,8,10
2018-10-07 16:00:00,35,25,10
2018-10-07 17:00:00,51,36,15
2018-10-07 18:00:00,20,12,8
2018-10-07 19:00:00,22,12,10
2018-10-07 20:00:00,4,2,2
2018-10-07 21:00:00,4,1,3
2018-10-07 22:00:00,5,3,2
2018-10-07 23:00:00,4,3,1
2018-10-08 00:00:00,3,3,0
2018-10-08 01:00:00,0,0,0
2018-10-08 02:00:00,0,0,0
2018-10-08 03:00:00,1,0,1
2018-10-08 04:00:00,1,0,1
2018-10-08 05:00:00,12,8,4
2018-10-08 06:00:00,29,18,11
2018-10-08 07:00:00,71,38,33
2018-10-08 08:00:00,115,63,52
2018-10-08 09:00:00,65,29,36
2018-10-08 10:00:00,32,15,17
2018-10-08 11:00:00,28,12,16
2018-10-08 12:00:00,23,14,9
2018-10-08 13:00:00,24,12,12
2018-10-08 14:00:00,28,10,18
2018-10-08 15:00:00,44,10,34
2018-10-08 16:00:00,91,29,62
2018-10-08 17:00:00,153,51,102
2018-10-08 18:00:00,87,33,54
2018-10-08 19:00:00,33,19,14
2018-10-08 20:00:00,9,3,6
2018-10-08 21:00:00,23,17,6
2018-10-08 22:00:00,10,6,4
2018-10-08 23:00:00,4,2,2
2018-10-09 00:00:00,0,0,0
2018-10-09 01:00:00,1,1,0
2018-10-09 02:00:00,0,0,0
2018-10-09 03:00:00,2,0,2
2018-10-09 04:00:00,2,1,1
2018-10-09 05:00:00,13,8,5
2018-10-09 06:00:00,34,18,16
2018-10-09 07:00:00,89,54,35
2018-10-09 08:00:00,142,78,64
2018-10-09 09:00:00,82,34,48
2018-10-09 10:00:00,32,13,19
2018-10-09 11:00:00,43,19,24
2018-10-09 12:00:00,36,21,15
2018-10-09 13:00:00,27,14,13
2018-10-09 14:00:00,42,22,20
2018-10-09 15:00:00,60,14,46
2018-10-09 16:00:00,138,57,81
2018-10-09 17:00:00,177,68,109
2018-10-09 18:00:00,99,39,60
2018-10-09 19:00:00,37,17,20
2018-10-09 20:00:00,15,8,7
2018-10-09 21:00:00,15,8,7
2018-10-09 22:00:00,12,4,8
2018-10-09 23:00:00,4,3,1
2018-10-10 00:00:00,2,0,2
2018-10-10 01:00:00,2,2,0
2018-10-10 02:00:00,0,0,0
2018-10-10 03:00:00,1,0,1
2018-10-10 04:00:00,4,2,2
2018-10-10 05:00:00,16,13,3
2018-10-10 06:00:00,40,18,22
2018-10-10 07:00:00,103,63,40
2018-10-10 08:00:00,158,82,76
2018-10-10 09:00:00,80,31,49
2018-10-10 10:00:00,47,11,36
2018-10-10 11:00:00,39,20,19
2018-10-10 12:00:00,43,15,28
2018-10-10 13:00:00,35,16,19
2018-10-10 14:00:00,46,22,24
2018-10-10 15:00:00,78,25,53
2018-10-10 16:00:00,152,52,100
2018-10-10 17:00:00,225,82,143
2018-10-10 18:00:00,112,40,72
2018-10-10 19:00:00,48,18,30
2018-10-10 20:00:00,23,9,14
2018-10-10 21:00:00,15,6,9
2018-10-10 22:00:00,10,4,6
2018-10-10 23:00:00,9,1,8
2018-10-11 00:00:00,4,4,0
2018-10-11 01:00:00,0,0,0
2018-10-11 02:00:00,0,0,0
2018-10-11 03:00:00,4,2,2
2018-10-11 04:00:00,1,1,0
2018-10-11 05:00:00,17,16,1
2018-10-11 06:00:00,36,17,19
2018-10-11 07:00:00,110,61,49
2018-10-11 08:00:00,152,72,80
2018-10-11 09:00:00,75,32,43
2018-10-11 10:00:00,36,14,22
2018-10-11 11:00:00,49,28,21
2018-10-11 12:00:00,34,15,19
2018-10-11 13:00:00,31,12,19
2018-10-11 14:00:00,41,20,21
2018-10-11 15:00:00,67,22,45
2018-10-11 16:00:00,150,50,100
2018-10-11 17:00:00,220,87,133
2018-10-11 18:00:00,98,47,51
2018-10-11 19:00:00,40,20,20
2018-10-11 20:00:00,10,3,7
2018-10-11 21:00:00,19,11,8
2018-10-11 22:00:00,10,7,3
2018-10-11 23:00:00,4,2,2
2018-10-12 00:00:00,7,2,5
2018-10-12 01:00:00,2,2,0
2018-10-12 02:00:00,2,0,2
2018-10-12 03:00:00,1,1,0
2018-10-12 04:00:00,0,0,0
2018-10-12 05:00:00,14,10,4
2018-10-12 06:00:00,30,22,8
2018-10-12 07:00:00,79,50,29
2018-10-12 08:00:00,129,53,76
2018-10-12 09:00:00,89,40,49
2018-10-12 10:00:00,40,13,27
2018-10-12 11:00:00,48,26,22
2018-10-12 12:00:00,47,21,26
2018-10-12 13:00:00,48,15,33
2018-10-12 14:00:00,45,19,26
2018-10-12 15:00:00,82,32,50
2018-10-12 16:00:00,156,60,96
2018-10-12 17:00:00,172,64,108
2018-10-12 18:00:00,71,29,42
2018-10-12 19:00:00,27,18,9
2018-10-12 20:00:00,15,4,11
2018-10-12 21:00:00,17,7,10
2018-10-12 22:00:00,7,2,5
2018-10-12 23:00:00,9,4,5
2018-10-13 00:00:00,2,1,1
2018-10-13 01:00:00,2,1,1
2018-10-13 02:00:00,1,0,1
2018-10-13 03:00:00,1,1,0
2018-10-13 04:00:00,1,1,0
2018-10-13 05:00:00,1,0,1
2018-10-13 06:00:00,5,4,1
2018-10-13 07:00:00,7,6,1
2018-10-13 08:00:00,15,6,9
2018-10-13 09:00:00,26,12,14
2018-10-13 10:00:00,13,5,8
2018-10-13 11:00:00,29,12,17
2018-10-13 12:00:00,31,10,21
2018-10-13 13:00:00,40,17,23
2018-10-13 14:00:00,27,11,16
2018-10-13 15:00:00,39,19,20
2018-10-13 16:00:00,39,19,20
2018-10-13 17:00:00,38,16,22
2018-10-13 18:00:00,18,6,12
2018-10-13 19:00:00,10,6,4
2018-10-13 20:00:00,18,4,14
2018-10-13 21:00:00,15,7,8
2018-10-13 22:00:00,18,7,11
2018-10-13 23:00:00,8,4,4
2018-10-14 00:00:00,11,9,2
2018-10-14 01:00:00,5,4,1
2018-10-14 02:00:00,5,4,1
2018-10-14 03:00:00,0,0,0
2018-10-14 04:00:00,0,0,0
2018-10-14 05:00:00,0,0,0
2018-10-14 06:00:00,0,0,0
2018-10-14 07:00:00,4,3,1
2018-10-14 08:00:00,8,6,2
2018-10-14 09:00:00,7,2,5
2018-10-14 10:00:00,12,7,5
2018-10-14 11:00:00,27,13,14
2018-10-14 12:00:00,20,8,12
2018-10-14 13:00:00,33,12,21
2018-10-14 14:00:00,29,15,14
2018-10-14 15:00:00,35,17,18
2018-10-14 16:00:00,33,18,15
2018-10-14 17:00:00,20,8,12
2018-10-14 18:00:00,19,8,11
2018-10-14 19:00:00,18,6,12
2018-10-14 20:00:00,7,0,7
2018-10-14 21:00:00,3,3,0
2018-10-14 22:00:00,1,1,0
2018-10-14 23:00:00,4,2,2
2018-10-15 00:00:00,3,1,2
2018-10-15 01:00:00,2,1,1
2018-10-15 02:00:00,1,1,0
2018-10-15 03:00:00,1,0,1
2018-10-15 04:00:00,2,2,0
2018-10-15 05:00:00,13,13,0
2018-10-15 06:00:00,38,14,24
2018-10-15 07:00:00,100,59,41
2018-10-15 08:00:00,175,84,91
2018-10-15 09:00:00,86,36,50
2018-10-15 10:00:00,35,16,19
2018-10-15 11:00:00,30,17,13
2018-10-15 12:00:00,37,16,21
2018-10-15 13:00:00,41,20,21
2018-10-15 14:00:00,38,18,20
2018-10-15 15:00:00,69,24,45
2018-10-15 16:00:00,156,56,100
2018-10-15 17:00:00,219,83,136
2018-10-15 18:00:00,94,38,56
2018-10-15 19:00:00,32,14,18
2018-10-15 20:00:00,14,4,10
2018-10-15 21:00:00,9,3,6
2018-10-15 22:00:00,5,3,2
2018-10-15 23:00:00,7,5,2
2018-10-16 00:00:00,6,2,4
2018-10-16 01:00:00,0,0,0
2018-10-16 02:00:00,1,1,0
2018-10-16 03:00:00,1,0,1
2018-10-16 04:00:00,2,1,1
2018-10-16 05:00:00,19,14,5
2018-10-16 06:00:00,43,25,18
2018-10-16 07:00:00,116,64,52
2018-10-16 08:00:00,160,80,80
2018-10-16 09:00:00,99,37,62
2018-10-16 10:00:00,44,18,26
2018-10-16 11:00:00,46,23,23
2018-10-16 12:00:00,38,18,20
2018-10-16 13:00:00,35,15,20
2018-10-16 14:00:00,38,17,21
2018-10-16 15:00:00,83,32,51
2018-10-16 16:00:00,151,50,101
2018-10-16 17:00:00,227,100,127
2018-10-16 18:00:00,113,35,78
2018-10-16 19:00:00,32,16,16
2018-10-16 20:00:00,24,12,12
2018-10-16 21:00:00,10,6,4
2018-10-16 22:00:00,3,2,1
2018-10-16 23:00:00,7,3,4
2018-10-17 00:00:00,5,3,2
2018-10-17 01:00:00,4,3,1
2018-10-17 02:00:00,0,0,0
2018-10-17 03:00:00,1,0,1
2018-10-17 04:00:00,2,1,1
2018-10-17 05:00:00,20,17,3
2018-10-17 06:00:00,44,16,28
2018-10-17 07:00:00,108,59,49
2018-10-17 08:00:00,158,80,78
2018-10-17 09:00:00,95,41,54
2018-10-17 10:00:00,54,25,29
2018-10-17 11:00:00,49,24,25
2018-10-17 12:00:00,47,26,21
2018-10-17 13:00:00,59,29,30
2018-10-17 14:00:00,54,15,39
2018-10-17 15:00:00,83,34,49
2018-10-17 16:00:00,164,62,102
2018-10-17 17:00:00,228,93,135
2018-10-17 18:00:00,105,38,67
2018-10-17 19:00:00,36,13,23
2018-10-17 20:00:00,27,8,19
2018-10-17 21:00:00,22,15,7
2018-10-17 22:00:00,8,5,3
2018-10-17 23:00:00,7,0,7
2018-10-18 00:00:00,1,0,1
2018-10-18 01:00:00,2,0,2
2018-10-18 02:00:00,1,1,0
2018-10-18 03:00:00,1,0,1
2018-10-18 04:00:00,1,1,0
2018-10-18 05:00:00,13,12,1
2018-10-18 06:00:00,38,19,19
2018-10-18 07:00:00,94,57,37
2018-10-18 08:00:00,156,69,87
2018-10-18 09:00:00,80,33,47
2018-10-18 10:00:00,37,22,15
2018-10-18 11:00:00,46,23,23
2018-10-18 12:00:00,41,16,25
2018-10-18 13:00:00,44,18,26
2018-10-18 14:00:00,47,25,22
2018-10-18 15:00:00,76,24,52
2018-10-18 16:00:00,144,49,95
2018-10-18 17:00:00,194,74,120
2018-10-18 18:00:00,103,43,60
2018-10-18 19:00:00,44,24,20
2018-10-18 20:00:00,21,6,15
2018-10-18 21:00:00,14,3,11
2018-10-18 22:00:00,10,1,9
2018-10-18 23:00:00,2,1,1
2018-10-19 00:00:00,1,1,0
2018-10-19 01:00:00,3,1,2
2018-10-19 02:00:00,1,0,1
2018-10-19 03:00:00,2,1,1
2018-10-19 04:00:00,1,1,0
2018-10-19 05:00:00,11,8,3
2018-10-19 06:00:00,36,16,20
2018-10-19 07:00:00,89,52,37
2018-10-19 08:00:00,103,34,69
2018-10-19 09:00:00,73,9,64
2018-10-19 10:00:00,35,11,24
2018-10-19 11:00:00,51,28,23
2018-10-19 12:00:00,43,27,16
2018-10-19 13:00:00,41,17,24
2018-10-19 14:00:00,56,29,27
2018-10-19 15:00:00,90,38,52
2018-10-19 16:00:00,154,68,86
2018-10-19 17:00:00,167,61,106
2018-10-19 18:00:00,64,30,34
2018-10-19 19:00:00,32,12,20
2018-10-19 20:00:00,14,6,8
2018-10-19 21:00:00,12,4,8
2018-10-19 22:00:00,9,2,7
2018-10-19 23:00:00,5,0,5
2018-10-20 00:00:00,4,3,1
2018-10-20 01:00:00,5,3,2
2018-10-20 02:00:00,0,0,0
2018-10-20 03:00:00,3,1,2
2018-10-20 04:00:00,0,0,0
2018-10-20 05:00:00,1,0,1
2018-10-20 06:00:00,4,4,0
2018-10-20 07:00:00,7,5,2
2018-10-20 08:00:00,14,9,5
2018-10-20 09:00:00,14,6,8
2018-10-20 10:00:00,11,6,5
2018-10-20 11:00:00,33,22,11
2018-10-20 12:00:00,30,16,14
2018-10-20 13:00:00,31,12,19
2018-10-20 14:00:00,28,14,14
2018-10-20 15:00:00,31,14,17
2018-10-20 16:00:00,39,12,27
2018-10-20 17:00:00,25,7,18
2018-10-20 18:00:00,37,14,23
2018-10-20 19:00:00,20,5,15
2018-10-20 20:00:00,13,10,3
2018-10-20 21:00:00,13,4,9
2018-10-20 22:00:00,11,6,5
2018-10-20 23:00:00,9,5,4
2018-10-21 00:00:00,10,4,6
2018-10-21 01:00:00,4,3,1
2018-10-21 02:00:00,3,2,1
2018-10-21 03:00:00,5,4,1
2018-10-21 04:00:00,1,0,1
2018-10-21 05:00:00,3,1,2
2018-10-21 06:00:00,6,2,4
2018-10-21 07:00:00,1,1,0
2018-10-21 08:00:00,7,6,1
2018-10-21 09:00:00,7,4,3
2018-10-21 10:00:00,14,5,9
2018-10-21 11:00:00,28,14,14
2018-10-21 12:00:00,16,5,11
2018-10-21 13:00:00,24,8,16
2018-10-21 14:00:00,20,7,13
2018-10-21 15:00:00,20,11,9
2018-10-21 16:00:00,24,9,15
2018-10-21 17:00:00,25,9,16
2018-10-21 18:00:00,16,9,7
2018-10-21 19:00:00,8,6,2
2018-10-21 20:00:00,9,4,5
2018-10-21 21:00:00,9,2,7
2018-10-21 22:00:00,8,2,6
2018-10-21 23:00:00,5,3,2
2018-10-22 00:00:00,2,1,1
2018-10-22 01:00:00,1,1,0
2018-10-22 02:00:00,1,0,1
2018-10-22 03:00:00,1,0,1
2018-10-22 04:00:00,2,0,2
2018-10-22 05:00:00,13,9,4
2018-10-22 06:00:00,44,24,20
2018-10-22 07:00:00,90,45,45
2018-10-22 08:00:00,147,70,77
2018-10-22 09:00:00,82,37,45
2018-10-22 10:00:00,36,12,24
2018-10-22 11:00:00,24,12,12
2018-10-22 12:00:00,31,16,15
2018-10-22 13:00:00,31,23,8
2018-10-22 14:00:00,37,17,20
2018-10-22 15:00:00,85,36,49
2018-10-22 16:00:00,128,39,89
2018-10-22 17:00:00,183,65,118
2018-10-22 18:00:00,104,36,68
2018-10-22 19:00:00,20,10,10
2018-10-22 20:00:00,9,6,3
2018-10-22 21:00:00,14,8,6
2018-10-22 22:00:00,5,1,4
2018-10-22 23:00:00,6,2,4
2018-10-23 00:00:00,1,1,0
2018-10-23 01:00:00,2,1,1
2018-10-23 02:00:00,0,0,0
2018-10-23 03:00:00,1,0,1
2018-10-23 04:00:00,2,0,2
2018-10-23 05:00:00,10,8,2
2018-10-23 06:00:00,40,21,19
2018-10-23 07:00:00,92,57,35
2018-10-23 08:00:00,136,63,73
2018-10-23 09:00:00,78,33,45
2018-10-23 10:00:00,40,18,22
2018-10-23 11:00:00,30,18,12
2018-10-23 12:00:00,39,24,15
2018-10-23 13:00:00,31,17,14
2018-10-23 14:00:00,42,18,24
2018-10-23 15:00:00,69,20,49
2018-10-23 16:00:00,130,47,83
2018-10-23 17:00:00,189,69,120
2018-10-23 18:00:00,91,32,59
2018-10-23 19:00:00,27,13,14
2018-10-23 20:00:00,16,9,7
2018-10-23 21:00:00,8,4,4
2018-10-23 22:00:00,8,1,7
2018-10-23 23:00:00,7,4,3
2018-10-24 00:00:00,3,1,2
2018-10-24 01:00:00,1,0,1
2018-10-24 02:00:00,0,0,0
2018-10-24 03:00:00,1,0,1
2018-10-24 04:00:00,1,1,0
2018-10-24 05:00:00,11,10,1
2018-10-24 06:00:00,37,15,22
2018-10-24 07:00:00,90,54,36
2018-10-24 08:00:00,151,68,83
2018-10-24 09:00:00,62,30,32
2018-10-24 10:00:00,30,12,18
2018-10-24 11:00:00,35,17,18
2018-10-24 12:00:00,36,16,20
2018-10-24 13:00:00,37,14,23
2018-10-24 14:00:00,46,15,31
2018-10-24 15:00:00,63,23,40
2018-10-24 16:00:00,132,48,84
2018-10-24 17:00:00,191,74,117
2018-10-24 18:00:00,89,34,55
2018-10-24 19:00:00,30,7,23
2018-10-24 20:00:00,24,11,13
2018-10-24 21:00:00,11,2,9
2018-10-24 22:00:00,8,5,3
2018-10-24 23:00:00,5,4,1
2018-10-25 00:00:00,2,1,1
2018-10-25 01:00:00,5,1,4
2018-10-25 02:00:00,0,0,0
2018-10-25 03:00:00,1,0,1
2018-10-25 04:00:00,2,1,1
2018-10-25 05:00:00,12,9,3
2018-10-25 06:00:00,33,15,18
2018-10-25 07:00:00,63,33,30
2018-10-25 08:00:00,111,54,57
2018-10-25 09:00:00,62,28,34
2018-10-25 10:00:00,19,5,14
2018-10-25 11:00:00,25,15,10
2018-10-25 12:00:00,22,11,11
2018-10-25 13:00:00,26,13,13
2018-10-25 14:00:00,34,11,23
2018-10-25 15:00:00,47,18,29
2018-10-25 16:00:00,117,50,67
2018-10-25 17:00:00,138,52,86
2018-10-25 18:00:00,66,27,39
2018-10-25 19:00:00,26,15,11
2018-10-25 20:00:00,17,9,8
2018-10-25 21:00:00,15,6,9
2018-10-25 22:00:00,3,2,1
2018-10-25 23:00:00,8,2,6
2018-10-26 00:00:00,2,1,1
2018-10-26 01:00:00,1,0,1
2018-10-26 02:00:00,1,0,1
2018-10-26 03:00:00,0,0,0
2018-10-26 04:00:00,1,1,0
2018-10-26 05:00:00,7,5,2
2018-10-26 06:00:00,23,9,14
2018-10-26 07:00:00,73,46,27
2018-10-26 08:00:00,98,48,50
2018-10-26 09:00:00,63,27,36
2018-10-26 10:00:00,27,10,17
2018-10-26 11:00:00,49,26,23
2018-10-26 12:00:00,38,20,18
2018-10-26 13:00:00,39,22,17
2018-10-26 14:00:00,49,20,29
2018-10-26 15:00:00,75,23,52
2018-10-26 16:00:00,128,53,75
2018-10-26 17:00:00,142,45,97
2018-10-26 18:00:00,50,12,38
2018-10-26 19:00:00,31,14,17
2018-10-26 20:00:00,11,8,3
2018-10-26 21:00:00,11,3,8
2018-10-26 22:00:00,4,2,2
2018-10-26 23:00:00,6,2,4
2018-10-27 00:00:00,8,4,4
2018-10-27 01:00:00,5,3,2
2018-10-27 02:00:00,7,3,4
2018-10-27 03:00:00,6,4,2
2018-10-27 04:00:00,0,0,0
2018-10-27 05:00:00,0,0,0
2018-10-27 06:00:00,9,9,0
2018-10-27 07:00:00,5,3,2
2018-10-27 08:00:00,12,9,3
2018-10-27 09:00:00,11,8,3
2018-10-27 10:00:00,13,8,5
2018-10-27 11:00:00,18,10,8
2018-10-27 12:00:00,17,6,11
2018-10-27 13:00:00,28,14,14
2018-10-27 14:00:00,43,18,25
2018-10-27 15:00:00,29,14,15
2018-10-27 16:00:00,10,3,7
2018-10-27 17:00:00,16,7,9
2018-10-27 18:00:00,11,4,7
2018-10-27 19:00:00,3,1,2
2018-10-27 20:00:00,1,1,0
2018-10-27 21:00:00,4,2,2
2018-10-27 22:00:00,0,0,0
2018-10-27 23:00:00,3,0,3
2018-10-28 00:00:00,2,1,1
2018-10-28 01:00:00,1,1,0
2018-10-28 02:00:00,6,5,1
2018-10-28 03:00:00,1,0,1
2018-10-28 04:00:00,0,0,0
2018-10-28 05:00:00,0,0,0
2018-10-28 06:00:00,5,4,1
2018-10-28 07:00:00,4,2,2
2018-10-28 08:00:00,3,2,1
2018-10-28 09:00:00,10,7,3
2018-10-28 10:00:00,15,8,7
2018-10-28 11:00:00,13,2,11
2018-10-28 12:00:00,22,4,18
2018-10-28 13:00:00,43,14,29
2018-10-28 14:00:00,18,9,9
2018-10-28 15:00:00,20,17,3
2018-10-28 16:00:00,15,7,8
2018-10-28 17:00:00,20,13,7
2018-10-28 18:00:00,5,2,3
2018-10-28 19:00:00,5,2,3
2018-10-28 20:00:00,4,1,3
2018-10-28 21:00:00,5,2,3
2018-10-28 22:00:00,1,0,1
2018-10-28 23:00:00,2,2,0
2018-10-29 00:00:00,3,0,3
2018-10-29 01:00:00,1,1,0
2018-10-29 02:00:00,0,0,0
2018-10-29 03:00:00,1,0,1
2018-10-29 04:00:00,3,3,0
2018-10-29 05:00:00,14,13,1
2018-10-29 06:00:00,32,13,19
2018-10-29 07:00:00,83,46,37
2018-10-29 08:00:00,135,61,74
2018-10-29 09:00:00,68,33,35
2018-10-29 10:00:00,27,7,20
2018-10-29 11:00:00,36,20,16
2018-10-29 12:00:00,32,18,14
2018-10-29 13:00:00,26,16,10
2018-10-29 14:00:00,18,6,12
2018-10-29 15:00:00,62,17,45
2018-10-29 16:00:00,112,43,69
2018-10-29 17:00:00,169,54,115
2018-10-29 18:00:00,74,28,46
2018-10-29 19:00:00,25,14,11
2018-10-29 20:00:00,12,7,5
2018-10-29 21:00:00,7,2,5
2018-10-29 22:00:00,1,0,1
2018-10-29 23:00:00,5,3,2
2018-10-30 00:00:00,0,0,0
2018-10-30 01:00:00,1,0,1
2018-10-30 02:00:00,1,1,0
2018-10-30 03:00:00,3,0,3
2018-10-30 04:00:00,2,1,1
2018-10-30 05:00:00,18,13,5
2018-10-30 06:00:00,39,17,22
2018-10-30 07:00:00,91,50,41
2018-10-30 08:00:00,147,71,76
2018-10-30 09:00:00,90,42,48
2018-10-30 10:00:00,33,17,16
2018-10-30 11:00:00,44,22,22
2018-10-30 12:00:00,32,16,16
2018-10-30 13:00:00,34,21,13
2018-10-30 14:00:00,41,14,27
2018-10-30 15:00:00,56,16,40
2018-10-30 16:00:00,119,51,68
2018-10-30 17:00:00,208,74,134
2018-10-30 18:00:00,80,29,51
2018-10-30 19:00:00,18,5,13
2018-10-30 20:00:00,16,4,12
2018-10-30 21:00:00,5,2,3
2018-10-30 22:00:00,8,1,7
2018-10-30 23:00:00,2,1,1
2018-10-31 00:00:00,1,0,1
2018-10-31 01:00:00,2,1,1
2018-10-31 02:00:00,2,1,1
2018-10-31 03:00:00,2,0,2
2018-10-31 04:00:00,2,1,1
2018-10-31 05:00:00,15,12,3
2018-10-31 06:00:00,28,11,17
2018-10-31 07:00:00,78,44,34
2018-10-31 08:00:00,113,59,54
2018-10-31 09:00:00,73,29,44
2018-10-31 10:00:00,35,22,13
2018-10-31 11:00:00,31,16,15
2018-10-31 12:00:00,41,20,21
2018-10-31 13:00:00,38,20,18
2018-10-31 14:00:00,35,11,24
2018-10-31 15:00:00,80,24,56
2018-10-31 16:00:00,111,38,73
2018-10-31 17:00:00,146,55,91
2018-10-31 18:00:00,50,18,32
2018-10-31 19:00:00,23,7,16
2018-10-31 20:00:00,10,7,3
2018-10-31 21:00:00,10,6,4
2018-10-31 22:00:00,5,2,3
2018-10-31 23:00:00,2,2,0
2018-11-01 00:00:00,0,0,0
2018-11-01 01:00:00,3,2,1
2018-11-01 02:00:00,1,0,1
2018-11-01 03:00:00,0,0,0
2018-11-01 04:00:00,2,1,1
2018-11-01 05:00:00,15,12,3
2018-11-01 06:00:00,35,10,25
2018-11-01 07:00:00,87,58,29
2018-11-01 08:00:00,113,57,56
2018-11-01 09:00:00,70,29,41
2018-11-01 10:00:00,33,17,16
2018-11-01 11:00:00,31,21,10
2018-11-01 12:00:00,32,18,14
2018-11-01 13:00:00,29,9,20
2018-11-01 14:00:00,42,18,24
2018-11-01 15:00:00,62,13,49
2018-11-01 16:00:00,118,39,79
2018-11-01 17:00:00,173,66,107
2018-11-01 18:00:00,82,28,54
2018-11-01 19:00:00,39,9,30
2018-11-01 20:00:00,20,7,13
2018-11-01 21:00:00,8,4,4
2018-11-01 22:00:00,12,5,7
2018-11-01 23:00:00,2,1,1
2018-11-02 00:00:00,4,4,0
2018-11-02 01:00:00,1,0,1
2018-11-02 02:00:00,2,1,1
2018-11-02 03:00:00,1,0,1
2018-11-02 04:00:00,2,2,0
2018-11-02 05:00:00,11,8,3
2018-11-02 06:00:00,25,11,14
2018-11-02 07:00:00,55,36,19
2018-11-02 08:00:00,115,48,67
2018-11-02 09:00:00,68,26,42
2018-11-02 10:00:00,26,10,16
2018-11-02 11:00:00,24,15,9
2018-11-02 12:00:00,33,16,17
2018-11-02 13:00:00,29,14,15
2018-11-02 14:00:00,41,13,28
2018-11-02 15:00:00,69,23,46
2018-11-02 16:00:00,126,49,77
2018-11-02 17:00:00,140,54,86
2018-11-02 18:00:00,51,20,31
2018-11-02 19:00:00,18,8,10
2018-11-02 20:00:00,19,6,13
2018-11-02 21:00:00,6,2,4
2018-11-02 22:00:00,5,1,4
2018-11-02 23:00:00,11,4,7
2018-11-03 00:00:00,9,7,2
2018-11-03 01:00:00,5,1,4
2018-11-03 02:00:00,4,3,1
2018-11-03 03:00:00,3,2,1
2018-11-03 04:00:00,0,0,0
2018-11-03 05:00:00,0,0,0
2018-11-03 06:00:00,7,4,3
2018-11-03 07:00:00,8,4,4
2018-11-03 08:00:00,13,7,6
2018-11-03 09:00:00,13,9,4
2018-11-03 10:00:00,19,12,7
2018-11-03 11:00:00,8,2,6
2018-11-03 12:00:00,18,14,4
2018-11-03 13:00:00,18,8,10
2018-11-03 14:00:00,9,1,8
2018-11-03 15:00:00,11,5,6
2018-11-03 16:00:00,21,7,14
2018-11-03 17:00:00,11,5,6
2018-11-03 18:00:00,12,4,8
2018-11-03 19:00:00,14,8,6
2018-11-03 20:00:00,3,0,3
2018-11-03 21:00:00,6,3,3
2018-11-03 22:00:00,6,3,3
2018-11-03 23:00:00,3,2,1
2018-11-04 00:00:00,10,4,6
2018-11-04 01:00:00,4,1,3
2018-11-04 02:00:00,1,0,1
2018-11-04 03:00:00,1,1,0
2018-11-04 04:00:00,0,0,0
2018-11-04 05:00:00,2,0,2
2018-11-04 06:00:00,4,3,1
2018-11-04 07:00:00,9,3,6
2018-11-04 08:00:00,10,6,4
2018-11-04 09:00:00,17,9,8
2018-11-04 10:00:00,29,15,14
2018-11-04 11:00:00,37,16,21
2018-11-04 12:00:00,55,20,35
2018-11-04 13:00:00,28,14,14
2018-11-04 14:00:00,26,14,12
2018-11-04 15:00:00,24,15,9
2018-11-04 16:00:00,43,30,13
2018-11-04 17:00:00,37,23,14
2018-11-04 18:00:00,17,8,9
2018-11-04 19:00:00,7,4,3
2018-11-04 20:00:00,3,0,3
2018-11-04 21:00:00,2,2,0
2018-11-04 22:00:00,5,3,2
2018-11-04 23:00:00,5,3,2
2018-11-05 00:00:00,2,0,2
2018-11-05 01:00:00,1,0,1
2018-11-05 02:00:00,0,0,0
2018-11-05 03:00:00,0,0,0
2018-11-05 04:00:00,0,0,0
2018-11-05 05:00:00,3,2,1
2018-11-05 06:00:00,55,31,24
2018-11-05 07:00:00,91,59,32
2018-11-05 08:00:00,118,63,55
2018-11-05 09:00:00,65,29,36
2018-11-05 10:00:00,49,21,28
2018-11-05 11:00:00,32,15,17
2018-11-05 12:00:00,43,23,20
2018-11-05 13:00:00,35,19,16
2018-11-05 14:00:00,34,13,21
2018-11-05 15:00:00,66,22,44
2018-11-05 16:00:00,121,37,84
2018-11-05 17:00:00,168,69,99
2018-11-05 18:00:00,73,22,51
2018-11-05 19:00:00,20,12,8
2018-11-05 20:00:00,6,1,5
2018-11-05 21:00:00,7,4,3
2018-11-05 22:00:00,2,1,1
2018-11-05 23:00:00,6,1,5
2018-11-06 00:00:00,4,3,1
2018-11-06 01:00:00,3,0,3
2018-11-06 02:00:00,0,0,0
2018-11-06 03:00:00,1,0,1
2018-11-06 04:00:00,1,0,1
2018-11-06 05:00:00,10,9,1
2018-11-06 06:00:00,41,23,18
2018-11-06 07:00:00,90,52,38
2018-11-06 08:00:00,126,61,65
2018-11-06 09:00:00,78,31,47
2018-11-06 10:00:00,34,18,16
2018-11-06 11:00:00,44,25,19
2018-11-06 12:00:00,45,21,24
2018-11-06 13:00:00,37,18,19
2018-11-06 14:00:00,37,17,20
2018-11-06 15:00:00,64,24,40
2018-11-06 16:00:00,148,45,103
2018-11-06 17:00:00,200,72,128
2018-11-06 18:00:00,82,32,50
2018-11-06 19:00:00,22,12,10
2018-11-06 20:00:00,17,3,14
2018-11-06 21:00:00,15,6,9
2018-11-06 22:00:00,7,4,3
2018-11-06 23:00:00,1,1,0
2018-11-07 00:00:00,2,1,1
2018-11-07 01:00:00,2,1,1
2018-11-07 02:00:00,0,0,0
2018-11-07 03:00:00,2,0,2
2018-11-07 04:00:00,5,4,1
2018-11-07 05:00:00,18,12,6
2018-11-07 06:00:00,33,22,11
2018-11-07 07:00:00,82,42,40
2018-11-07 08:00:00,136,68,68
2018-11-07 09:00:00,64,28,36
2018-11-07 10:00:00,41,19,22
2018-11-07 11:00:00,55,34,21
2018-11-07 12:00:00,46,19,27
2018-11-07 13:00:00,34,15,19
2018-11-07 14:00:00,40,17,23
2018-11-07 15:00:00,65,21,44
2018-11-07 16:00:00,137,53,84
2018-11-07 17:00:00,170,63,107
2018-11-07 18:00:00,86,41,45
2018-11-07 19:00:00,36,17,19
2018-11-07 20:00:00,25,11,14
2018-11-07 21:00:00,8,6,2
2018-11-07 22:00:00,8,5,3
2018-11-07 23:00:00,7,2,5
2018-11-08 00:00:00,2,0,2
2018-11-08 01:00:00,2,1,1
2018-11-08 02:00:00,4,1,3
2018-11-08 03:00:00,0,0,0
2018-11-08 04:00:00,2,0,2
2018-11-08 05:00:00,17,16,1
2018-11-08 06:00:00,30,16,14
2018-11-08 07:00:00,77,46,31
2018-11-08 08:00:00,121,57,64
2018-11-08 09:00:00,82,41,41
2018-11-08 10:00:00,34,14,20
2018-11-08 11:00:00,42,21,21
2018-11-08 12:00:00,40,20,20
2018-11-08 13:00:00,52,22,30
2018-11-08 14:00:00,48,15,33
2018-11-08 15:00:00,82,24,58
2018-11-08 16:00:00,154,55,99
2018-11-08 17:00:00,207,64,143
2018-11-08 18:00:00,77,38,39
2018-11-08 19:00:00,50,22,28
2018-11-08 20:00:00,10,6,4
2018-11-08 21:00:00,12,8,4
2018-11-08 22:00:00,53,44,9
2018-11-08 23:00:00,26,21,5
2018-11-09 00:00:00,4,3,1
2018-11-09 01:00:00,5,2,3
2018-11-09 02:00:00,0,0,0
2018-11-09 03:00:00,0,0,0
2018-11-09 04:00:00,1,1,0
2018-11-09 05:00:00,9,8,1
2018-11-09 06:00:00,26,17,9
2018-11-09 07:00:00,71,41,30
2018-11-09 08:00:00,102,53,49
2018-11-09 09:00:00,60,32,28
2018-11-09 10:00:00,29,15,14
2018-11-09 11:00:00,29,16,13
2018-11-09 12:00:00,34,18,16
2018-11-09 13:00:00,31,15,16
2018-11-09 14:00:00,44,19,25
2018-11-09 15:00:00,79,25,54
2018-11-09 16:00:00,115,37,78
2018-11-09 17:00:00,133,45,88
2018-11-09 18:00:00,47,13,34
2018-11-09 19:00:00,18,8,10
2018-11-09 20:00:00,11,5,6
2018-11-09 21:00:00,6,4,2
2018-11-09 22:00:00,14,8,6
2018-11-09 23:00:00,6,1,5
2018-11-10 00:00:00,5,1,4
2018-11-10 01:00:00,3,0,3
2018-11-10 02:00:00,0,0,0
2018-11-10 03:00:00,1,1,0
2018-11-10 04:00:00,0,0,0
2018-11-10 05:00:00,1,1,0
2018-11-10 06:00:00,3,2,1
2018-11-10 07:00:00,7,4,3
2018-11-10 08:00:00,15,8,7
2018-11-10 09:00:00,14,5,9
2018-11-10 10:00:00,17,9,8
2018-11-10 11:00:00,20,11,9
2018-11-10 12:00:00,31,12,19
2018-11-10 13:00:00,35,23,12
2018-11-10 14:00:00,38,12,26
2018-11-10 15:00:00,30,8,22
2018-11-10 16:00:00,34,15,19
2018-11-10 17:00:00,26,17,9
2018-11-10 18:00:00,12,4,8
2018-11-10 19:00:00,10,6,4
2018-11-10 20:00:00,8,3,5
2018-11-10 21:00:00,10,6,4
2018-11-10 22:00:00,4,2,2
2018-11-10 23:00:00,4,0,4
2018-11-11 00:00:00,4,1,3
2018-11-11 01:00:00,2,1,1
2018-11-11 02:00:00,1,1,0
2018-11-11 03:00:00,1,0,1
2018-11-11 04:00:00,1,0,1
2018-11-11 05:00:00,1,1,0
2018-11-11 06:00:00,1,1,0
2018-11-11 07:00:00,5,2,3
2018-11-11 08:00:00,7,6,1
2018-11-11 09:00:00,16,10,6
2018-11-11 10:00:00,19,10,9
2018-11-11 11:00:00,14,12,2
2018-11-11 12:00:00,28,16,12
2018-11-11 13:00:00,24,10,14
2018-11-11 14:00:00,26,11,15
2018-11-11 15:00:00,22,11,11
2018-11-11 16:00:00,14,6,8
2018-11-11 17:00:00,17,8,9
2018-11-11 18:00:00,15,11,4
2018-11-11 19:00:00,8,2,6
2018-11-11 20:00:00,6,1,5
2018-11-11 21:00:00,1,1,0
2018-11-11 22:00:00,4,3,1
2018-11-11 23:00:00,6,5,1
2018-11-12 00:00:00,4,1,3
2018-11-12 01:00:00,1,1,0
2018-11-12 02:00:00,2,1,1
2018-11-12 03:00:00,0,0,0
2018-11-12 04:00:00,3,2,1
2018-11-12 05:00:00,12,9,3
2018-11-12 06:00:00,22,12,10
2018-11-12 07:00:00,53,31,22
2018-11-12 08:00:00,90,48,42
2018-11-12 09:00:00,70,42,28
2018-11-12 10:00:00,41,20,21
2018-11-12 11:00:00,32,14,18
2018-11-12 12:00:00,37,18,19
2018-11-12 13:00:00,32,15,17
2018-11-12 14:00:00,37,13,24
2018-11-12 15:00:00,41,19,22
2018-11-12 16:00:00,106,40,66
2018-11-12 17:00:00,150,55,95
2018-11-12 18:00:00,77,23,54
2018-11-12 19:00:00,22,8,14
2018-11-12 20:00:00,9,2,7
2018-11-12 21:00:00,3,2,1
2018-11-12 22:00:00,7,3,4
2018-11-12 23:00:00,7,3,4
2018-11-13 00:00:00,2,1,1
2018-11-13 01:00:00,1,0,1
2018-11-13 02:00:00,0,0,0
2018-11-13 03:00:00,2,1,1
2018-11-13 04:00:00,6,2,4
2018-11-13 05:00:00,10,8,2
2018-11-13 06:00:00,48,24,24
2018-11-13 07:00:00,80,44,36
2018-11-13 08:00:00,135,60,75
2018-11-13 09:00:00,71,34,37
2018-11-13 10:00:00,41,17,24
2018-11-13 11:00:00,45,26,19
2018-11-13 12:00:00,38,25,13
2018-11-13 13:00:00,38,25,13
2018-11-13 14:00:00,32,16,16
2018-11-13 15:00:00,58,15,43
2018-11-13 16:00:00,143,43,100
2018-11-13 17:00:00,169,64,105
2018-11-13 18:00:00,85,26,59
2018-11-13 19:00:00,30,9,21
2018-11-13 20:00:00,16,9,7
2018-11-13 21:00:00,6,2,4
2018-11-13 22:00:00,11,3,8
2018-11-13 23:00:00,2,2,0
2018-11-14 00:00:00,1,1,0
2018-11-14 01:00:00,2,1,1
2018-11-14 02:00:00,1,0,1
2018-11-14 03:00:00,2,2,0
2018-11-14 04:00:00,5,4,1
2018-11-14 05:00:00,6,5,1
2018-11-14 06:00:00,32,15,17
2018-11-14 07:00:00,57,31,26
2018-11-14 08:00:00,111,66,45
2018-11-14 09:00:00,49,26,23
2018-11-14 10:00:00,29,13,16
2018-11-14 11:00:00,32,18,14
2018-11-14 12:00:00,33,11,22
2018-11-14 13:00:00,34,16,18
2018-11-14 14:00:00,27,10,17
2018-11-14 15:00:00,49,16,33
2018-11-14 16:00:00,99,31,68
2018-11-14 17:00:00,138,50,88
2018-11-14 18:00:00,69,27,42
2018-11-14 19:00:00,28,14,14
2018-11-14 20:00:00,19,8,11
2018-11-14 21:00:00,10,3,7
2018-11-14 22:00:00,6,1,5
2018-11-14 23:00:00,3,1,2
2018-11-15 00:00:00,3,0,3
2018-11-15 01:00:00,2,1,1
2018-11-15 02:00:00,4,3,1
2018-11-15 03:00:00,0,0,0
2018-11-15 04:00:00,3,2,1
2018-11-15 05:00:00,7,6,1
2018-11-15 06:00:00,42,18,24
2018-11-15 07:00:00,73,43,30
2018-11-15 08:00:00,131,60,71
2018-11-15 09:00:00,75,32,43
2018-11-15 10:00:00,33,13,20
2018-11-15 11:00:00,25,12,13
2018-11-15 12:00:00,42,19,23
2018-11-15 13:00:00,46,20,26
2018-11-15 14:00:00,49,19,30
2018-11-15 15:00:00,106,28,78
2018-11-15 16:00:00,218,59,159
2018-11-15 17:00:00,219,78,141
2018-11-15 18:00:00,77,32,45
2018-11-15 19:00:00,43,17,26
2018-11-15 20:00:00,72,53,19
2018-11-15 21:00:00,46,27,19
2018-11-15 22:00:00,9,4,5
2018-11-15 23:00:00,7,4,3
2018-11-16 00:00:00,4,1,3
2018-11-16 01:00:00,3,2,1
2018-11-16 02:00:00,0,0,0
2018-11-16 03:00:00,1,0,1
2018-11-16 04:00:00,3,3,0
2018-11-16 05:00:00,14,9,5
2018-11-16 06:00:00,37,24,13
2018-11-16 07:00:00,64,36,28
2018-11-16 08:00:00,99,48,51
2018-11-16 09:00:00,70,30,40
2018-11-16 10:00:00,40,19,21
2018-11-16 11:00:00,50,21,29
2018-11-16 12:00:00,43,21,22
2018-11-16 13:00:00,40,22,18
2018-11-16 14:00:00,52,17,35
2018-11-16 15:00:00,70,25,45
2018-11-16 16:00:00,117,48,69
2018-11-16 17:00:00,139,50,89
2018-11-16 18:00:00,68,27,41
2018-11-16 19:00:00,22,14,8
2018-11-16 20:00:00,12,8,4
2018-11-16 21:00:00,7,4,3
2018-11-16 22:00:00,10,3,7
2018-11-16 23:00:00,3,3,0
2018-11-17 00:00:00,5,2,3
2018-11-17 01:00:00,2,2,0
2018-11-17 02:00:00,1,1,0
2018-11-17 03:00:00,1,1,0
2018-11-17 04:00:00,0,0,0
2018-11-17 05:00:00,0,0,0
2018-11-17 06:00:00,4,1,3
2018-11-17 07:00:00,10,7,3
2018-11-17 08:00:00,11,4,7
2018-11-17 09:00:00,12,10,2
2018-11-17 10:00:00,62,16,46
2018-11-17 11:00:00,81,46,35
2018-11-17 12:00:00,41,18,23
2018-11-17 13:00:00,30,13,17
2018-11-17 14:00:00,47,15,32
2018-11-17 15:00:00,40,24,16
2018-11-17 16:00:00,39,21,18
2018-11-17 17:00:00,26,20,6
2018-11-17 18:00:00,29,10,19
2018-11-17 19:00:00,13,8,5
2018-11-17 20:00:00,11,5,6
2018-11-17 21:00:00,8,5,3
2018-11-17 22:00:00,8,4,4
2018-11-17 23:00:00,6,2,4
2018-11-18 00:00:00,1,1,0
2018-11-18 01:00:00,1,0,1
2018-11-18 02:00:00,4,4,0
2018-11-18 03:00:00,1,0,1
2018-11-18 04:00:00,0,0,0
2018-11-18 05:00:00,2,0,2
2018-11-18 06:00:00,3,2,1
2018-11-18 07:00:00,3,3,0
2018-11-18 08:00:00,9,6,3
2018-11-18 09:00:00,12,7,5
2018-11-18 10:00:00,21,8,13
2018-11-18 11:00:00,24,16,8
2018-11-18 12:00:00,31,10,21
2018-11-18 13:00:00,28,8,20
2018-11-18 14:00:00,27,14,13
2018-11-18 15:00:00,26,15,11
2018-11-18 16:00:00,33,16,17
2018-11-18 17:00:00,23,15,8
2018-11-18 18:00:00,11,6,5
2018-11-18 19:00:00,11,6,5
2018-11-18 20:00:00,2,1,1
2018-11-18 21:00:00,4,1,3
2018-11-18 22:00:00,2,1,1
2018-11-18 23:00:00,6,4,2
2018-11-19 00:00:00,2,0,2
2018-11-19 01:00:00,0,0,0
2018-11-19 02:00:00,0,0,0
2018-11-19 03:00:00,1,0,1
2018-11-19 04:00:00,0,0,0
2018-11-19 05:00:00,11,7,4
2018-11-19 06:00:00,28,18,10
2018-11-19 07:00:00,72,48,24
2018-11-19 08:00:00,134,67,67
2018-11-19 09:00:00,63,23,40
2018-11-19 10:00:00,41,21,20
2018-11-19 11:00:00,44,20,24
2018-11-19 12:00:00,38,27,11
2018-11-19 13:00:00,29,17,12
2018-11-19 14:00:00,37,12,25
2018-11-19 15:00:00,69,29,40
2018-11-19 16:00:00,132,43,89
2018-11-19 17:00:00,165,55,110
2018-11-19 18:00:00,77,25,52
2018-11-19 19:00:00,25,13,12
2018-11-19 20:00:00,7,4,3
2018-11-19 21:00:00,10,3,7
2018-11-19 22:00:00,1,0,1
2018-11-19 23:00:00,7,6,1
2018-11-20 00:00:00,2,1,1
2018-11-20 01:00:00,1,0,1
2018-11-20 02:00:00,0,0,0
2018-11-20 03:00:00,2,1,1
2018-11-20 04:00:00,1,1,0
2018-11-20 05:00:00,8,5,3
2018-11-20 06:00:00,44,22,22
2018-11-20 07:00:00,62,42,20
2018-11-20 08:00:00,100,44,56
2018-11-20 09:00:00,71,34,37
2018-11-20 10:00:00,31,15,16
2018-11-20 11:00:00,42,18,24
2018-11-20 12:00:00,29,18,11
2018-11-20 13:00:00,30,16,14
2018-11-20 14:00:00,29,16,13
2018-11-20 15:00:00,61,21,40
2018-11-20 16:00:00,134,44,90
2018-11-20 17:00:00,136,51,85
2018-11-20 18:00:00,60,20,40
2018-11-20 19:00:00,26,9,17
2018-11-20 20:00:00,18,8,10
2018-11-20 21:00:00,9,5,4
2018-11-20 22:00:00,4,3,1
2018-11-20 23:00:00,5,1,4
2018-11-21 00:00:00,0,0,0
2018-11-21 01:00:00,6,1,5
2018-11-21 02:00:00,0,0,0
2018-11-21 03:00:00,1,0,1
2018-11-21 04:00:00,3,3,0
2018-11-21 05:00:00,9,5,4
2018-11-21 06:00:00,14,10,4
2018-11-21 07:00:00,52,27,25
2018-11-21 08:00:00,74,36,38
2018-11-21 09:00:00,45,26,19
2018-11-21 10:00:00,15,9,6
2018-11-21 11:00:00,27,13,14
2018-11-21 12:00:00,30,18,12
2018-11-21 13:00:00,27,11,16
2018-11-21 14:00:00,56,23,33
2018-11-21 15:00:00,57,26,31
2018-11-21 16:00:00,79,29,50
2018-11-21 17:00:00,50,17,33
2018-11-21 18:00:00,30,14,16
2018-11-21 19:00:00,14,7,7
2018-11-21 20:00:00,6,1,5
2018-11-21 21:00:00,4,1,3
2018-11-21 22:00:00,4,2,2
2018-11-21 23:00:00,4,1,3
2018-11-22 00:00:00,3,3,0
2018-11-22 01:00:00,3,1,2
2018-11-22 02:00:00,0,0,0
2018-11-22 03:00:00,0,0,0
2018-11-22 04:00:00,0,0,0
2018-11-22 05:00:00,0,0,0
2018-11-22 06:00:00,3,2,1
2018-11-22 07:00:00,3,2,1
2018-11-22 08:00:00,3,0,3
2018-11-22 09:00:00,3,2,1
2018-11-22 10:00:00,7,2,5
2018-11-22 11:00:00,8,6,2
2018-11-22 12:00:00,10,3,7
2018-11-22 13:00:00,16,5,11
2018-11-22 14:00:00,9,4,5
2018-11-22 15:00:00,3,1,2
2018-11-22 16:00:00,2,1,1
2018-11-22 17:00:00,5,2,3
2018-11-22 18:00:00,1,0,1
2018-11-22 19:00:00,4,2,2
2018-11-22 20:00:00,1,0,1
2018-11-22 21:00:00,9,5,4
2018-11-22 22:00:00,1,1,0
2018-11-22 23:00:00,0,0,0
2018-11-23 00:00:00,0,0,0
2018-11-23 01:00:00,0,0,0
2018-11-23 02:00:00,0,0,0
2018-11-23 03:00:00,0,0,0
2018-11-23 04:00:00,0,0,0
2018-11-23 05:00:00,2,2,0
2018-11-23 06:00:00,2,1,1
2018-11-23 07:00:00,5,4,1
2018-11-23 08:00:00,5,4,1
2018-11-23 09:00:00,6,3,3
2018-11-23 10:00:00,14,6,8
2018-11-23 11:00:00,14,10,4
2018-11-23 12:00:00,15,7,8
2018-11-23 13:00:00,30,12,18
2018-11-23 14:00:00,16,9,7
2018-11-23 15:00:00,20,5,15
2018-11-23 16:00:00,22,4,18
2018-11-23 17:00:00,9,4,5
2018-11-23 18:00:00,15,4,11
2018-11-23 19:00:00,7,5,2
2018-11-23 20:00:00,5,2,3
2018-11-23 21:00:00,7,4,3
2018-11-23 22:00:00,6,1,5
2018-11-23 23:00:00,3,2,1
2018-11-24 00:00:00,4,2,2
2018-11-24 01:00:00,2,1,1
2018-11-24 02:00:00,1,1,0
2018-11-24 03:00:00,0,0,0
2018-11-24 04:00:00,0,0,0
2018-11-24 05:00:00,3,1,2
2018-11-24 06:00:00,4,4,0
2018-11-24 07:00:00,4,4,0
2018-11-24 08:00:00,7,4,3
2018-11-24 09:00:00,7,3,4
2018-11-24 10:00:00,15,6,9
2018-11-24 11:00:00,24,14,10
2018-11-24 12:00:00,17,3,14
2018-11-24 13:00:00,36,14,22
2018-11-24 14:00:00,32,12,20
2018-11-24 15:00:00,31,15,16
2018-11-24 16:00:00,21,9,12
2018-11-24 17:00:00,16,10,6
2018-11-24 18:00:00,23,8,15
2018-11-24 19:00:00,17,8,9
2018-11-24 20:00:00,10,4,6
2018-11-24 21:00:00,9,5,4
2018-11-24 22:00:00,6,1,5
2018-11-24 23:00:00,2,1,1
2018-11-25 00:00:00,6,3,3
2018-11-25 01:00:00,5,3,2
2018-11-25 02:00:00,6,4,2
2018-11-25 03:00:00,3,2,1
2018-11-25 04:00:00,0,0,0
2018-11-25 05:00:00,2,1,1
2018-11-25 06:00:00,3,3,0
2018-11-25 07:00:00,6,4,2
2018-11-25 08:00:00,8,4,4
2018-11-25 09:00:00,16,8,8
2018-11-25 10:00:00,12,7,5
2018-11-25 11:00:00,15,8,7
2018-11-25 12:00:00,19,10,9
2018-11-25 13:00:00,15,3,12
2018-11-25 14:00:00,19,7,12
2018-11-25 15:00:00,11,5,6
2018-11-25 16:00:00,8,5,3
2018-11-25 17:00:00,16,9,7
2018-11-25 18:00:00,17,10,7
2018-11-25 19:00:00,7,4,3
2018-11-25 20:00:00,11,8,3
2018-11-25 21:00:00,5,1,4
2018-11-25 22:00:00,2,1,1
2018-11-25 23:00:00,0,0,0
2018-11-26 00:00:00,2,1,1
2018-11-26 01:00:00,2,1,1
2018-11-26 02:00:00,0,0,0
2018-11-26 03:00:00,0,0,0
2018-11-26 04:00:00,0,0,0
2018-11-26 05:00:00,9,9,0
2018-11-26 06:00:00,29,14,15
2018-11-26 07:00:00,54,31,23
2018-11-26 08:00:00,94,50,44
2018-11-26 09:00:00,35,22,13
2018-11-26 10:00:00,22,6,16
2018-11-26 11:00:00,17,8,9
2018-11-26 12:00:00,22,17,5
2018-11-26 13:00:00,19,10,9
2018-11-26 14:00:00,22,17,5
2018-11-26 15:00:00,34,13,21
2018-11-26 16:00:00,84,26,58
2018-11-26 17:00:00,110,33,77
2018-11-26 18:00:00,43,15,28
2018-11-26 19:00:00,14,10,4
2018-11-26 20:00:00,9,5,4
2018-11-26 21:00:00,6,4,2
2018-11-26 22:00:00,4,2,2
2018-11-26 23:00:00,3,2,1
2018-11-27 00:00:00,1,0,1
2018-11-27 01:00:00,1,0,1
2018-11-27 02:00:00,0,0,0
2018-11-27 03:00:00,0,0,0
2018-11-27 04:00:00,1,1,0
2018-11-27 05:00:00,15,11,4
2018-11-27 06:00:00,18,10,8
2018-11-27 07:00:00,62,45,17
2018-11-27 08:00:00,96,39,57
2018-11-27 09:00:00,66,36,30
2018-11-27 10:00:00,30,17,13
2018-11-27 11:00:00,34,21,13
2018-11-27 12:00:00,40,19,21
2018-11-27 13:00:00,23,11,12
2018-11-27 14:00:00,40,18,22
2018-11-27 15:00:00,52,15,37
2018-11-27 16:00:00,76,30,46
2018-11-27 17:00:00,137,43,94
2018-11-27 18:00:00,74,22,52
2018-11-27 19:00:00,24,8,16
2018-11-27 20:00:00,9,4,5
2018-11-27 21:00:00,10,3,7
2018-11-27 22:00:00,5,2,3
2018-11-27 23:00:00,3,2,1
2018-11-28 00:00:00,3,2,1
2018-11-28 01:00:00,2,1,1
2018-11-28 02:00:00,0,0,0
2018-11-28 03:00:00,0,0,0
2018-11-28 04:00:00,1,1,0
2018-11-28 05:00:00,13,11,2
2018-11-28 06:00:00,22,14,8
2018-11-28 07:00:00,69,44,25
2018-11-28 08:00:00,97,48,49
2018-11-28 09:00:00,46,20,26
2018-11-28 10:00:00,29,16,13
2018-11-28 11:00:00,27,8,19
2018-11-28 12:00:00,29,14,15
2018-11-28 13:00:00,21,14,7
2018-11-28 14:00:00,25,12,13
2018-11-28 15:00:00,45,14,31
2018-11-28 16:00:00,89,31,58
2018-11-28 17:00:00,127,55,72
2018-11-28 18:00:00,62,17,45
2018-11-28 19:00:00,24,7,17
2018-11-28 20:00:00,13,6,7
2018-11-28 21:00:00,9,5,4
2018-11-28 22:00:00,7,1,6
2018-11-28 23:00:00,3,2,1
2018-11-29 00:00:00,3,2,1
2018-11-29 01:00:00,3,0,3
2018-11-29 02:00:00,1,0,1
2018-11-29 03:00:00,0,0,0
2018-11-29 04:00:00,2,1,1
2018-11-29 05:00:00,15,12,3
2018-11-29 06:00:00,31,15,16
2018-11-29 07:00:00,79,46,33
2018-11-29 08:00:00,117,62,55
2018-11-29 09:00:00,78,38,40
2018-11-29 10:00:00,32,18,14
2018-11-29 11:00:00,39,20,19
2018-11-29 12:00:00,49,30,19
2018-11-29 13:00:00,44,17,27
2018-11-29 14:00:00,38,23,15
2018-11-29 15:00:00,57,19,38
2018-11-29 16:00:00,111,34,77
2018-11-29 17:00:00,152,52,100
2018-11-29 18:00:00,72,33,39
2018-11-29 19:00:00,34,14,20
2018-11-29 20:00:00,22,9,13
2018-11-29 21:00:00,13,5,8
2018-11-29 22:00:00,10,4,6
2018-11-29 23:00:00,2,0,2
2018-11-30 00:00:00,2,2,0
2018-11-30 01:00:00,1,0,1
2018-11-30 02:00:00,0,0,0
2018-11-30 03:00:00,2,0,2
2018-11-30 04:00:00,4,3,1
2018-11-30 05:00:00,14,12,2
2018-11-30 06:00:00,43,20,23
2018-11-30 07:00:00,65,37,28
2018-11-30 08:00:00,115,46,69
2018-11-30 09:00:00,54,29,25
2018-11-30 10:00:00,24,11,13
2018-11-30 11:00:00,45,26,19
2018-11-30 12:00:00,29,15,14
2018-11-30 13:00:00,47,25,22
2018-11-30 14:00:00,37,12,25
2018-11-30 15:00:00,66,24,42
2018-11-30 16:00:00,103,37,66
2018-11-30 17:00:00,133,38,95
2018-11-30 18:00:00,56,22,34
2018-11-30 19:00:00,7,5,2
2018-11-30 20:00:00,8,4,4
2018-11-30 21:00:00,4,2,2
2018-11-30 22:00:00,9,5,4
2018-11-30 23:00:00,4,2,2
2018-12-01 00:00:00,1,1,0
2018-12-01 01:00:00,1,1,0
2018-12-01 02:00:00,2,1,1
2018-12-01 03:00:00,2,0,2
2018-12-01 04:00:00,1,0,1
2018-12-01 05:00:00,4,3,1
2018-12-01 06:00:00,8,4,4
2018-12-01 07:00:00,6,3,3
2018-12-01 08:00:00,9,6,3
2018-12-01 09:00:00,6,2,4
2018-12-01 10:00:00,13,7,6
2018-12-01 11:00:00,33,17,16
2018-12-01 12:00:00,17,11,6
2018-12-01 13:00:00,20,11,9
2018-12-01 14:00:00,16,4,12
2018-12-01 15:00:00,20,7,13
2018-12-01 16:00:00,14,5,9
2018-12-01 17:00:00,14,7,7
2018-12-01 18:00:00,16,7,9
2018-12-01 19:00:00,13,8,5
2018-12-01 20:00:00,12,7,5
2018-12-01 21:00:00,7,2,5
2018-12-01 22:00:00,7,2,5
2018-12-01 23:00:00,4,4,0
2018-12-02 00:00:00,2,1,1
2018-12-02 01:00:00,2,1,1
2018-12-02 02:00:00,0,0,0
2018-12-02 03:00:00,1,0,1
2018-12-02 04:00:00,1,1,0
2018-12-02 05:00:00,1,1,0
2018-12-02 06:00:00,0,0,0
2018-12-02 07:00:00,5,2,3
2018-12-02 08:00:00,8,5,3
2018-12-02 09:00:00,14,7,7
2018-12-02 10:00:00,31,12,19
2018-12-02 11:00:00,34,11,23
2018-12-02 12:00:00,48,12,36
2018-12-02 13:00:00,35,15,20
2018-12-02 14:00:00,21,10,11
2018-12-02 15:00:00,33,17,16
2018-12-02 16:00:00,53,41,12
2018-12-02 17:00:00,34,20,14
2018-12-02 18:00:00,21,8,13
2018-12-02 19:00:00,4,1,3
2018-12-02 20:00:00,7,5,2
2018-12-02 21:00:00,4,1,3
2018-12-02 22:00:00,1,0,1
2018-12-02 23:00:00,2,2,0
2018-12-03 00:00:00,2,0,2
2018-12-03 01:00:00,0,0,0
2018-12-03 02:00:00,1,1,0
2018-12-03 03:00:00,1,0,1
2018-12-03 04:00:00,1,1,0
2018-12-03 05:00:00,14,11,3
2018-12-03 06:00:00,33,17,16
2018-12-03 07:00:00,77,46,31
2018-12-03 08:00:00,105,45,60
2018-12-03 09:00:00,80,41,39
2018-12-03 10:00:00,41,27,14
2018-12-03 11:00:00,26,15,11
2018-12-03 12:00:00,34,22,12
2018-12-03 13:00:00,36,18,18
2018-12-03 14:00:00,25,10,15
2018-12-03 15:00:00,56,21,35
2018-12-03 16:00:00,125,41,84
2018-12-03 17:00:00,163,59,104
2018-12-03 18:00:00,76,30,46
2018-12-03 19:00:00,26,11,15
2018-12-03 20:00:00,17,5,12
2018-12-03 21:00:00,6,3,3
2018-12-03 22:00:00,7,2,5
2018-12-03 23:00:00,1,1,0
2018-12-04 00:00:00,1,1,0
2018-12-04 01:00:00,1,0,1
2018-12-04 02:00:00,5,2,3
2018-12-04 03:00:00,2,1,1
2018-12-04 04:00:00,1,1,0
2018-12-04 05:00:00,18,14,4
2018-12-04 06:00:00,37,22,15
2018-12-04 07:00:00,77,46,31
2018-12-04 08:00:00,119,63,56
2018-12-04 09:00:00,65,24,41
2018-12-04 10:00:00,44,22,22
2018-12-04 11:00:00,37,18,19
2018-12-04 12:00:00,29,14,15
2018-12-04 13:00:00,42,20,22
2018-12-04 14:00:00,38,15,23
2018-12-04 15:00:00,71,29,42
2018-12-04 16:00:00,116,36,80
2018-12-04 17:00:00,156,64,92
2018-12-04 18:00:00,65,21,44
2018-12-04 19:00:00,39,16,23
2018-12-04 20:00:00,14,6,8
2018-12-04 21:00:00,11,5,6
2018-12-04 22:00:00,6,5,1
2018-12-04 23:00:00,4,2,2
2018-12-05 00:00:00,2,2,0
2018-12-05 01:00:00,1,0,1
2018-12-05 02:00:00,2,1,1
2018-12-05 03:00:00,3,0,3
2018-12-05 04:00:00,1,1,0
2018-12-05 05:00:00,13,11,2
2018-12-05 06:00:00,34,17,17
2018-12-05 07:00:00,67,40,27
2018-12-05 08:00:00,105,54,51
2018-12-05 09:00:00,58,24,34
2018-12-05 10:00:00,31,19,12
2018-12-05 11:00:00,45,22,23
2018-12-05 12:00:00,46,27,19
2018-12-05 13:00:00,49,28,21
2018-12-05 14:00:00,63,25,38
2018-12-05 15:00:00,63,28,35
2018-12-05 16:00:00,107,37,70
2018-12-05 17:00:00,142,61,81
2018-12-05 18:00:00,72,35,37
2018-12-05 19:00:00,21,8,13
2018-12-05 20:00:00,14,7,7
2018-12-05 21:00:00,14,8,6
2018-12-05 22:00:00,12,4,8
2018-12-05 23:00:00,2,0,2
2018-12-06 00:00:00,2,1,1
2018-12-06 01:00:00,1,0,1
2018-12-06 02:00:00,1,1,0
2018-12-06 03:00:00,1,0,1
2018-12-06 04:00:00,0,0,0
2018-12-06 05:00:00,11,9,2
2018-12-06 06:00:00,34,13,21
2018-12-06 07:00:00,54,33,21
2018-12-06 08:00:00,93,45,48
2018-12-06 09:00:00,72,32,40
2018-12-06 10:00:00,35,21,14
2018-12-06 11:00:00,23,11,12
2018-12-06 12:00:00,37,19,18
2018-12-06 13:00:00,44,24,20
2018-12-06 14:00:00,47,24,23
2018-12-06 15:00:00,59,34,25
2018-12-06 16:00:00,124,32,92
2018-12-06 17:00:00,138,44,94
2018-12-06 18:00:00,87,38,49
2018-12-06 19:00:00,34,23,11
2018-12-06 20:00:00,26,14,12
2018-12-06 21:00:00,10,4,6
2018-12-06 22:00:00,10,4,6
2018-12-06 23:00:00,5,1,4
2018-12-07 00:00:00,2,1,1
2018-12-07 01:00:00,2,1,1
2018-12-07 02:00:00,1,0,1
2018-12-07 03:00:00,2,0,2
2018-12-07 04:00:00,0,0,0
2018-12-07 05:00:00,11,8,3
2018-12-07 06:00:00,26,15,11
2018-12-07 07:00:00,57,34,23
2018-12-07 08:00:00,94,42,52
2018-12-07 09:00:00,51,18,33
2018-12-07 10:00:00,35,19,16
2018-12-07 11:00:00,39,28,11
2018-12-07 12:00:00,56,32,24
2018-12-07 13:00:00,43,26,17
2018-12-07 14:00:00,44,18,26
2018-12-07 15:00:00,56,26,30
2018-12-07 16:00:00,105,35,70
2018-12-07 17:00:00,109,39,70
2018-12-07 18:00:00,68,23,45
2018-12-07 19:00:00,30,11,19
2018-12-07 20:00:00,15,8,7
2018-12-07 21:00:00,10,6,4
2018-12-07 22:00:00,6,1,5
2018-12-07 23:00:00,7,3,4
2018-12-08 00:00:00,6,3,3
2018-12-08 01:00:00,4,3,1
2018-12-08 02:00:00,3,1,2
2018-12-08 03:00:00,0,0,0
2018-12-08 04:00:00,0,0,0
2018-12-08 05:00:00,1,1,0
2018-12-08 06:00:00,1,1,0
2018-12-08 07:00:00,5,4,1
2018-12-08 08:00:00,4,3,1
2018-12-08 09:00:00,13,5,8
2018-12-08 10:00:00,18,9,9
2018-12-08 11:00:00,17,6,11
2018-12-08 12:00:00,27,17,10
2018-12-08 13:00:00,27,13,14
2018-12-08 14:00:00,26,10,16
2018-12-08 15:00:00,28,15,13
2018-12-08 16:00:00,21,11,10
2018-12-08 17:00:00,21,6,15
2018-12-08 18:00:00,17,5,12
2018-12-08 19:00:00,8,4,4
2018-12-08 20:00:00,4,2,2
2018-12-08 21:00:00,12,5,7
2018-12-08 22:00:00,6,3,3
2018-12-08 23:00:00,0,0,0
2018-12-09 00:00:00,5,2,3
2018-12-09 01:00:00,2,1,1
2018-12-09 02:00:00,1,0,1
2018-12-09 03:00:00,0,0,0
2018-12-09 04:00:00,1,1,0
2018-12-09 05:00:00,1,1,0
2018-12-09 06:00:00,2,2,0
2018-12-09 07:00:00,3,3,0
2018-12-09 08:00:00,5,1,4
2018-12-09 09:00:00,5,2,3
2018-12-09 10:00:00,7,4,3
2018-12-09 11:00:00,1,0,1
2018-12-09 12:00:00,10,6,4
2018-12-09 13:00:00,1,0,1
2018-12-09 14:00:00,4,1,3
2018-12-09 15:00:00,6,3,3
2018-12-09 16:00:00,6,1,5
2018-12-09 17:00:00,8,5,3
2018-12-09 18:00:00,7,2,5
2018-12-09 19:00:00,4,2,2
2018-12-09 20:00:00,5,0,5
2018-12-09 21:00:00,4,1,3
2018-12-09 22:00:00,7,3,4
2018-12-09 23:00:00,2,1,1
2018-12-10 00:00:00,3,2,1
2018-12-10 01:00:00,0,0,0
2018-12-10 02:00:00,0,0,0
2018-12-10 03:00:00,0,0,0
2018-12-10 04:00:00,2,1,1
2018-12-10 05:00:00,10,7,3
2018-12-10 06:00:00,40,25,15
2018-12-10 07:00:00,73,44,29
2018-12-10 08:00:00,119,59,60
2018-12-10 09:00:00,74,35,39
2018-12-10 10:00:00,26,15,11
2018-12-10 11:00:00,25,13,12
2018-12-10 12:00:00,39,15,24
2018-12-10 13:00:00,33,17,16
2018-12-10 14:00:00,40,16,24
2018-12-10 15:00:00,106,28,78
2018-12-10 16:00:00,217,57,160
2018-12-10 17:00:00,179,59,120
2018-12-10 18:00:00,62,28,34
2018-12-10 19:00:00,29,17,12
2018-12-10 20:00:00,76,63,13
2018-12-10 21:00:00,19,7,12
2018-12-10 22:00:00,5,3,2
2018-12-10 23:00:00,3,2,1
2018-12-11 00:00:00,5,2,3
2018-12-11 01:00:00,0,0,0
2018-12-11 02:00:00,0,0,0
2018-12-11 03:00:00,2,1,1
2018-12-11 04:00:00,2,1,1
2018-12-11 05:00:00,6,3,3
2018-12-11 06:00:00,29,15,14
2018-12-11 07:00:00,56,34,22
2018-12-11 08:00:00,87,49,38
2018-12-11 09:00:00,49,24,25
2018-12-11 10:00:00,26,13,13
2018-12-11 11:00:00,21,8,13
2018-12-11 12:00:00,14,9,5
2018-12-11 13:00:00,14,7,7
2018-12-11 14:00:00,15,8,7
2018-12-11 15:00:00,25,12,13
2018-12-11 16:00:00,91,31,60
2018-12-11 17:00:00,124,40,84
2018-12-11 18:00:00,54,13,41
2018-12-11 19:00:00,28,14,14
2018-12-11 20:00:00,9,4,5
2018-12-11 21:00:00,10,6,4
2018-12-11 22:00:00,10,7,3
2018-12-11 23:00:00,3,1,2
2018-12-12 00:00:00,2,1,1
2018-12-12 01:00:00,3,0,3
2018-12-12 02:00:00,3,2,1
2018-12-12 03:00:00,1,0,1
2018-12-12 04:00:00,3,1,2
2018-12-12 05:00:00,8,6,2
2018-12-12 06:00:00,33,17,16
2018-12-12 07:00:00,72,43,29
2018-12-12 08:00:00,103,50,53
2018-12-12 09:00:00,61,31,30
2018-12-12 10:00:00,33,10,23
2018-12-12 11:00:00,35,16,19
2018-12-12 12:00:00,43,21,22
2018-12-12 13:00:00,26,12,14
2018-12-12 14:00:00,23,11,12
2018-12-12 15:00:00,42,18,24
2018-12-12 16:00:00,102,35,67
2018-12-12 17:00:00,141,55,86
2018-12-12 18:00:00,57,23,34
2018-12-12 19:00:00,25,6,19
2018-12-12 20:00:00,15,7,8
2018-12-12 21:00:00,7,2,5
2018-12-12 22:00:00,6,3,3
2018-12-12 23:00:00,3,0,3
2018-12-13 00:00:00,4,0,4
2018-12-13 01:00:00,3,2,1
2018-12-13 02:00:00,3,2,1
2018-12-13 03:00:00,2,0,2
2018-12-13 04:00:00,1,0,1
2018-12-13 05:00:00,8,7,1
2018-12-13 06:00:00,23,14,9
2018-12-13 07:00:00,60,32,28
2018-12-13 08:00:00,86,40,46
2018-12-13 09:00:00,59,31,28
2018-12-13 10:00:00,18,5,13
2018-12-13 11:00:00,26,14,12
2018-12-13 12:00:00,24,9,15
2018-12-13 13:00:00,15,8,7
2018-12-13 14:00:00,28,14,14
2018-12-13 15:00:00,54,21,33
2018-12-13 16:00:00,92,22,70
2018-12-13 17:00:00,124,40,84
2018-12-13 18:00:00,64,24,40
2018-12-13 19:00:00,29,15,14
2018-12-13 20:00:00,10,3,7
2018-12-13 21:00:00,7,3,4
2018-12-13 22:00:00,4,3,1
2018-12-13 23:00:00,2,0,2
2018-12-14 00:00:00,1,0,1
2018-12-14 01:00:00,2,0,2
2018-12-14 02:00:00,1,1,0
2018-12-14 03:00:00,5,3,2
2018-12-14 04:00:00,1,0,1
2018-12-14 05:00:00,10,9,1
2018-12-14 06:00:00,23,14,9
2018-12-14 07:00:00,57,34,23
2018-12-14 08:00:00,95,45,50
2018-12-14 09:00:00,50,26,24
2018-12-14 10:00:00,31,14,17
2018-12-14 11:00:00,30,14,16
2018-12-14 12:00:00,54,27,27
2018-12-14 13:00:00,41,17,24
2018-12-14 14:00:00,44,15,29
2018-12-14 15:00:00,55,21,34
2018-12-14 16:00:00,119,45,74
2018-12-14 17:00:00,108,39,69
2018-12-14 18:00:00,36,14,22
2018-12-14 19:00:00,20,9,11
2018-12-14 20:00:00,10,5,5
2018-12-14 21:00:00,10,4,6
2018-12-14 22:00:00,7,2,5
2018-12-14 23:00:00,1,1,0
2018-12-15 00:00:00,5,2,3
2018-12-15 01:00:00,2,1,1
2018-12-15 02:00:00,0,0,0
2018-12-15 03:00:00,1,1,0
2018-12-15 04:00:00,0,0,0
2018-12-15 05:00:00,2,2,0
2018-12-15 06:00:00,3,2,1
2018-12-15 07:00:00,5,4,1
2018-12-15 08:00:00,7,4,3
2018-12-15 09:00:00,5,2,3
2018-12-15 10:00:00,8,7,1
2018-12-15 11:00:00,28,9,19
2018-12-15 12:00:00,23,11,12
2018-12-15 13:00:00,39,22,17
2018-12-15 14:00:00,32,10,22
2018-12-15 15:00:00,40,17,23
2018-12-15 16:00:00,24,11,13
2018-12-15 17:00:00,25,11,14
2018-12-15 18:00:00,21,8,13
2018-12-15 19:00:00,20,11,9
2018-12-15 20:00:00,11,8,3
2018-12-15 21:00:00,9,3,6
2018-12-15 22:00:00,8,4,4
2018-12-15 23:00:00,5,3,2
2018-12-16 00:00:00,5,1,4
2018-12-16 01:00:00,3,1,2
2018-12-16 02:00:00,1,1,0
2018-12-16 03:00:00,0,0,0
2018-12-16 04:00:00,0,0,0
2018-12-16 05:00:00,4,2,2
2018-12-16 06:00:00,2,1,1
2018-12-16 07:00:00,2,1,1
2018-12-16 08:00:00,4,3,1
2018-12-16 09:00:00,4,3,1
2018-12-16 10:00:00,8,7,1
2018-12-16 11:00:00,9,5,4
2018-12-16 12:00:00,12,6,6
2018-12-16 13:00:00,10,6,4
2018-12-16 14:00:00,9,5,4
2018-12-16 15:00:00,11,6,5
2018-12-16 16:00:00,8,3,5
2018-12-16 17:00:00,11,6,5
2018-12-16 18:00:00,10,6,4
2018-12-16 19:00:00,0,0,0
2018-12-16 20:00:00,1,0,1
2018-12-16 21:00:00,3,2,1
2018-12-16 22:00:00,2,0,2
2018-12-16 23:00:00,3,1,2
2018-12-17 00:00:00,3,2,1
2018-12-17 01:00:00,0,0,0
2018-12-17 02:00:00,1,1,0
2018-12-17 03:00:00,0,0,0
2018-12-17 04:00:00,2,2,0
2018-12-17 05:00:00,13,12,1
2018-12-17 06:00:00,34,19,15
2018-12-17 07:00:00,70,41,29
2018-12-17 08:00:00,94,47,47
2018-12-17 09:00:00,74,31,43
2018-12-17 10:00:00,36,15,21
2018-12-17 11:00:00,37,23,14
2018-12-17 12:00:00,48,26,22
2018-12-17 13:00:00,35,20,15
2018-12-17 14:00:00,34,15,19
2018-12-17 15:00:00,51,20,31
2018-12-17 16:00:00,91,26,65
2018-12-17 17:00:00,132,51,81
2018-12-17 18:00:00,56,18,38
2018-12-17 19:00:00,22,9,13
2018-12-17 20:00:00,5,1,4
2018-12-17 21:00:00,3,3,0
2018-12-17 22:00:00,2,1,1
2018-12-17 23:00:00,0,0,0
2018-12-18 00:00:00,4,3,1
2018-12-18 01:00:00,4,1,3
2018-12-18 02:00:00,0,0,0
2018-12-18 03:00:00,0,0,0
2018-12-18 04:00:00,0,0,0
2018-12-18 05:00:00,4,3,1
2018-12-18 06:00:00,30,17,13
2018-12-18 07:00:00,52,36,16
2018-12-18 08:00:00,76,34,42
2018-12-18 09:00:00,54,24,30
2018-12-18 10:00:00,31,15,16
2018-12-18 11:00:00,27,11,16
2018-12-18 12:00:00,39,16,23
2018-12-18 13:00:00,26,15,11
2018-12-18 14:00:00,25,13,12
2018-12-18 15:00:00,39,15,24
2018-12-18 16:00:00,67,20,47
2018-12-18 17:00:00,95,31,64
2018-12-18 18:00:00,55,17,38
2018-12-18 19:00:00,23,7,16
2018-12-18 20:00:00,10,5,5
2018-12-18 21:00:00,5,2,3
2018-12-18 22:00:00,5,2,3
2018-12-18 23:00:00,1,0,1
2018-12-19 00:00:00,1,1,0
2018-12-19 01:00:00,2,1,1
2018-12-19 02:00:00,2,0,2
2018-12-19 03:00:00,1,0,1
2018-12-19 04:00:00,1,1,0
2018-12-19 05:00:00,12,10,2
2018-12-19 06:00:00,28,14,14
2018-12-19 07:00:00,55,31,24
2018-12-19 08:00:00,111,49,62
2018-12-19 09:00:00,60,27,33
2018-12-19 10:00:00,17,8,9
2018-12-19 11:00:00,28,16,12
2018-12-19 12:00:00,35,13,22
2018-12-19 13:00:00,29,14,15
2018-12-19 14:00:00,37,13,24
2018-12-19 15:00:00,55,22,33
2018-12-19 16:00:00,96,34,62
2018-12-19 17:00:00,127,40,87
2018-12-19 18:00:00,78,29,49
2018-12-19 19:00:00,30,14,16
2018-12-19 20:00:00,12,8,4
2018-12-19 21:00:00,8,5,3
2018-12-19 22:00:00,15,5,10
2018-12-19 23:00:00,3,2,1
2018-12-20 00:00:00,14,10,4
2018-12-20 01:00:00,4,1,3
2018-12-20 02:00:00,0,0,0
2018-12-20 03:00:00,1,1,0
2018-12-20 04:00:00,0,0,0
2018-12-20 05:00:00,10,9,1
2018-12-20 06:00:00,17,13,4
2018-12-20 07:00:00,37,23,14
2018-12-20 08:00:00,75,40,35
2018-12-20 09:00:00,32,18,14
2018-12-20 10:00:00,13,4,9
2018-12-20 11:00:00,20,8,12
2018-12-20 12:00:00,25,16,9
2018-12-20 13:00:00,19,5,14
2018-12-20 14:00:00,34,9,25
2018-12-20 15:00:00,37,13,24
2018-12-20 16:00:00,78,26,52
2018-12-20 17:00:00,98,33,65
2018-12-20 18:00:00,45,17,28
2018-12-20 19:00:00,19,11,8
2018-12-20 20:00:00,17,7,10
2018-12-20 21:00:00,5,1,4
2018-12-20 22:00:00,8,5,3
2018-12-20 23:00:00,7,5,2
2018-12-21 00:00:00,3,2,1
2018-12-21 01:00:00,2,0,2
2018-12-21 02:00:00,1,1,0
2018-12-21 03:00:00,1,0,1
2018-12-21 04:00:00,1,0,1
2018-12-21 05:00:00,4,3,1
2018-12-21 06:00:00,16,10,6
2018-12-21 07:00:00,42,21,21
2018-12-21 08:00:00,77,38,39
2018-12-21 09:00:00,52,27,25
2018-12-21 10:00:00,29,13,16
2018-12-21 11:00:00,40,23,17
2018-12-21 12:00:00,54,33,21
2018-12-21 13:00:00,63,32,31
2018-12-21 14:00:00,45,19,26
2018-12-21 15:00:00,84,31,53
2018-12-21 16:00:00,104,28,76
2018-12-21 17:00:00,93,42,51
2018-12-21 18:00:00,35,13,22
2018-12-21 19:00:00,14,8,6
2018-12-21 20:00:00,12,5,7
2018-12-21 21:00:00,7,1,6
2018-12-21 22:00:00,10,6,4
2018-12-21 23:00:00,6,2,4
2018-12-22 00:00:00,4,2,2
2018-12-22 01:00:00,6,3,3
2018-12-22 02:00:00,2,2,0
2018-12-22 03:00:00,0,0,0
2018-12-22 04:00:00,0,0,0
2018-12-22 05:00:00,0,0,0
2018-12-22 06:00:00,3,1,2
2018-12-22 07:00:00,4,2,2
2018-12-22 08:00:00,6,3,3
2018-12-22 09:00:00,6,3,3
2018-12-22 10:00:00,17,7,10
2018-12-22 11:00:00,11,5,6
2018-12-22 12:00:00,15,9,6
2018-12-22 13:00:00,26,14,12
2018-12-22 14:00:00,17,8,9
2018-12-22 15:00:00,15,4,11
2018-12-22 16:00:00,15,5,10
2018-12-22 17:00:00,10,4,6
2018-12-22 18:00:00,16,10,6
2018-12-22 19:00:00,6,4,2
2018-12-22 20:00:00,6,5,1
2018-12-22 21:00:00,12,2,10
2018-12-22 22:00:00,7,5,2
2018-12-22 23:00:00,3,1,2
2018-12-23 00:00:00,3,2,1
2018-12-23 01:00:00,3,2,1
2018-12-23 02:00:00,2,1,1
2018-12-23 03:00:00,0,0,0
2018-12-23 04:00:00,1,0,1
2018-12-23 05:00:00,0,0,0
2018-12-23 06:00:00,4,2,2
2018-12-23 07:00:00,3,1,2
2018-12-23 08:00:00,4,4,0
2018-12-23 09:00:00,5,4,1
2018-12-23 10:00:00,11,4,7
2018-12-23 11:00:00,7,6,1
2018-12-23 12:00:00,15,6,9
2018-12-23 13:00:00,11,6,5
2018-12-23 14:00:00,21,4,17
2018-12-23 15:00:00,18,10,8
2018-12-23 16:00:00,22,4,18
2018-12-23 17:00:00,19,8,11
2018-12-23 18:00:00,10,6,4
2018-12-23 19:00:00,9,2,7
2018-12-23 20:00:00,19,14,5
2018-12-23 21:00:00,27,19,8
2018-12-23 22:00:00,15,7,8
2018-12-23 23:00:00,4,3,1
2018-12-24 00:00:00,3,0,3
2018-12-24 01:00:00,1,0,1
2018-12-24 02:00:00,2,2,0
2018-12-24 03:00:00,0,0,0
2018-12-24 04:00:00,0,0,0
2018-12-24 05:00:00,2,2,0
2018-12-24 06:00:00,9,5,4
2018-12-24 07:00:00,10,4,6
2018-12-24 08:00:00,10,8,2
2018-12-24 09:00:00,9,7,2
2018-12-24 10:00:00,11,2,9
2018-12-24 11:00:00,21,9,12
2018-12-24 12:00:00,21,9,12
2018-12-24 13:00:00,26,10,16
2018-12-24 14:00:00,22,11,11
2018-12-24 15:00:00,15,5,10
2018-12-24 16:00:00,14,4,10
2018-12-24 17:00:00,10,3,7
2018-12-24 18:00:00,5,3,2
2018-12-24 19:00:00,4,1,3
2018-12-24 20:00:00,13,2,11
2018-12-24 21:00:00,1,1,0
2018-12-24 22:00:00,1,0,1
2018-12-24 23:00:00,3,0,3
2018-12-25 00:00:00,0,0,0
2018-12-25 01:00:00,1,0,1
2018-12-25 02:00:00,3,1,2
2018-12-25 03:00:00,0,0,0
2018-12-25 04:00:00,1,1,0
2018-12-25 05:00:00,1,0,1
2018-12-25 06:00:00,2,1,1
2018-12-25 07:00:00,1,0,1
2018-12-25 08:00:00,1,1,0
2018-12-25 09:00:00,2,1,1
2018-12-25 10:00:00,4,4,0
2018-12-25 11:00:00,6,4,2
2018-12-25 12:00:00,2,2,0
2018-12-25 13:00:00,13,9,4
2018-12-25 14:00:00,4,2,2
2018-12-25 15:00:00,9,6,3
2018-12-25 16:00:00,5,3,2
2018-12-25 17:00:00,0,0,0
2018-12-25 18:00:00,2,1,1
2018-12-25 19:00:00,5,2,3
2018-12-25 20:00:00,6,2,4
2018-12-25 21:00:00,1,1,0
2018-12-25 22:00:00,1,0,1
2018-12-25 23:00:00,2,1,1
2018-12-26 00:00:00,2,0,2
2018-12-26 01:00:00,0,0,0
2018-12-26 02:00:00,0,0,0
2018-12-26 03:00:00,2,1,1
2018-12-26 04:00:00,0,0,0
2018-12-26 05:00:00,9,5,4
2018-12-26 06:00:00,10,4,6
2018-12-26 07:00:00,20,14,6
2018-12-26 08:00:00,33,16,17
2018-12-26 09:00:00,16,9,7
2018-12-26 10:00:00,13,6,7
2018-12-26 11:00:00,13,9,4
2018-12-26 12:00:00,17,9,8
2018-12-26 13:00:00,20,10,10
2018-12-26 14:00:00,29,15,14
2018-12-26 15:00:00,24,5,19
2018-12-26 16:00:00,41,16,25
2018-12-26 17:00:00,42,17,25
2018-12-26 18:00:00,15,4,11
2018-12-26 19:00:00,10,3,7
2018-12-26 20:00:00,7,4,3
2018-12-26 21:00:00,5,2,3
2018-12-26 22:00:00,2,1,1
2018-12-26 23:00:00,1,1,0
2018-12-27 00:00:00,1,1,0
2018-12-27 01:00:00,2,0,2
2018-12-27 02:00:00,0,0,0
2018-12-27 03:00:00,1,1,0
2018-12-27 04:00:00,1,0,1
2018-12-27 05:00:00,6,5,1
2018-12-27 06:00:00,14,6,8
2018-12-27 07:00:00,28,15,13
2018-12-27 08:00:00,43,21,22
2018-12-27 09:00:00,32,5,27
2018-12-27 10:00:00,19,9,10
2018-12-27 11:00:00,21,7,14
2018-12-27 12:00:00,19,9,10
2018-12-27 13:00:00,35,13,22
2018-12-27 14:00:00,29,14,15
2018-12-27 15:00:00,51,16,35
2018-12-27 16:00:00,48,18,30
2018-12-27 17:00:00,62,27,35
2018-12-27 18:00:00,23,8,15
2018-12-27 19:00:00,11,9,2
2018-12-27 20:00:00,10,4,6
2018-12-27 21:00:00,7,3,4
2018-12-27 22:00:00,11,5,6
2018-12-27 23:00:00,6,3,3
2018-12-28 00:00:00,4,2,2
2018-12-28 01:00:00,4,0,4
2018-12-28 02:00:00,1,0,1
2018-12-28 03:00:00,1,0,1
2018-12-28 04:00:00,0,0,0
2018-12-28 05:00:00,3,2,1
2018-12-28 06:00:00,8,6,2
2018-12-28 07:00:00,21,15,6
2018-12-28 08:00:00,27,14,13
2018-12-28 09:00:00,19,4,15
2018-12-28 10:00:00,11,8,3
2018-12-28 11:00:00,17,10,7
2018-12-28 12:00:00,12,8,4
2018-12-28 13:00:00,16,8,8
2018-12-28 14:00:00,20,9,11
2018-12-28 15:00:00,24,10,14
2018-12-28 16:00:00,46,14,32
2018-12-28 17:00:00,40,16,24
2018-12-28 18:00:00,18,7,11
2018-12-28 19:00:00,7,0,7
2018-12-28 20:00:00,8,3,5
2018-12-28 21:00:00,2,2,0
2018-12-28 22:00:00,9,6,3
2018-12-28 23:00:00,3,2,1
2018-12-29 00:00:00,5,2,3
2018-12-29 01:00:00,1,0,1
2018-12-29 02:00:00,2,1,1
2018-12-29 03:00:00,0,0,0
2018-12-29 04:00:00,0,0,0
2018-12-29 05:00:00,3,1,2
2018-12-29 06:00:00,1,0,1
2018-12-29 07:00:00,4,2,2
2018-12-29 08:00:00,6,4,2
2018-12-29 09:00:00,8,4,4
2018-12-29 10:00:00,7,3,4
2018-12-29 11:00:00,7,5,2
2018-12-29 12:00:00,7,4,3
2018-12-29 13:00:00,11,7,4
2018-12-29 14:00:00,13,3,10
2018-12-29 15:00:00,3,1,2
2018-12-29 16:00:00,11,6,5
2018-12-29 17:00:00,8,3,5
2018-12-29 18:00:00,7,3,4
2018-12-29 19:00:00,4,2,2
2018-12-29 20:00:00,2,1,1
2018-12-29 21:00:00,0,0,0
2018-12-29 22:00:00,1,1,0
2018-12-29 23:00:00,1,1,0
2018-12-30 00:00:00,1,1,0
2018-12-30 01:00:00,0,0,0
2018-12-30 02:00:00,3,1,2
2018-12-30 03:00:00,2,0,2
2018-12-30 04:00:00,1,0,1
2018-12-30 05:00:00,2,2,0
2018-12-30 06:00:00,1,0,1
2018-12-30 07:00:00,4,2,2
2018-12-30 08:00:00,7,5,2
2018-12-30 09:00:00,3,2,1
2018-12-30 10:00:00,18,10,8
2018-12-30 11:00:00,29,8,21
2018-12-30 12:00:00,48,12,36
2018-12-30 13:00:00,33,11,22
2018-12-30 14:00:00,37,26,11
2018-12-30 15:00:00,27,10,17
2018-12-30 16:00:00,39,27,12
2018-12-30 17:00:00,38,25,13
2018-12-30 18:00:00,16,9,7
2018-12-30 19:00:00,9,4,5
2018-12-30 20:00:00,4,1,3
2018-12-30 21:00:00,8,5,3
2018-12-30 22:00:00,8,3,5
2018-12-30 23:00:00,6,3,3
2018-12-31 00:00:00,6,5,1
2018-12-31 01:00:00,0,0,0
2018-12-31 02:00:00,0,0,0
2018-12-31 03:00:00,2,0,2
2018-12-31 04:00:00,1,0,1
2018-12-31 05:00:00,11,8,3
2018-12-31 06:00:00,12,7,5
2018-12-31 07:00:00,15,8,7
2018-12-31 08:00:00,35,22,13
2018-12-31 09:00:00,26,10,16
2018-12-31 10:00:00,24,11,13
2018-12-31 11:00:00,32,12,20
2018-12-31 12:00:00,25,15,10
2018-12-31 13:00:00,24,13,11
2018-12-31 14:00:00,40,15,25
2018-12-31 15:00:00,39,19,20
2018-12-31 16:00:00,41,16,25
2018-12-31 17:00:00,41,12,29
2018-12-31 18:00:00,18,10,8
2018-12-31 19:00:00,8,4,4
2018-12-31 20:00:00,9,3,6
2018-12-31 21:00:00,7,3,4
2018-12-31 22:00:00,13,7,6
2018-12-31 23:00:00,7,3,4
2019-01-01 00:00:00,11,3,8
2019-01-01 01:00:00,13,6,7
2019-01-01 02:00:00,11,7,4
2019-01-01 03:00:00,1,0,1
2019-01-01 04:00:00,2,2,0
2019-01-01 05:00:00,2,1,1
2019-01-01 06:00:00,1,1,0
2019-01-01 07:00:00,4,2,2
2019-01-01 08:00:00,2,1,1
2019-01-01 09:00:00,6,2,4
2019-01-01 10:00:00,5,2,3
2019-01-01 11:00:00,8,6,2
2019-01-01 12:00:00,11,7,4
2019-01-01 13:00:00,12,7,5
2019-01-01 14:00:00,21,8,13
2019-01-01 15:00:00,10,6,4
2019-01-01 16:00:00,19,9,10
2019-01-01 17:00:00,17,10,7
2019-01-01 18:00:00,9,3,6
2019-01-01 19:00:00,2,0,2
2019-01-01 20:00:00,2,1,1
2019-01-01 21:00:00,4,2,2
2019-01-01 22:00:00,0,0,0
2019-01-01 23:00:00,1,0,1
2019-01-02 00:00:00,1,0,1
2019-01-02 01:00:00,0,0,0
2019-01-02 02:00:00,0,0,0
2019-01-02 03:00:00,1,1,0
2019-01-02 04:00:00,0,0,0
2019-01-02 05:00:00,8,7,1
2019-01-02 06:00:00,34,17,17
2019-01-02 07:00:00,81,45,36
2019-01-02 08:00:00,96,47,49
2019-01-02 09:00:00,55,24,31
2019-01-02 10:00:00,23,10,13
2019-01-02 11:00:00,28,14,14
2019-01-02 12:00:00,38,21,17
2019-01-02 13:00:00,28,13,15
2019-01-02 14:00:00,32,13,19
2019-01-02 15:00:00,50,21,29
2019-01-02 16:00:00,108,29,79
2019-01-02 17:00:00,166,70,96
2019-01-02 18:00:00,67,24,43
2019-01-02 19:00:00,19,8,11
2019-01-02 20:00:00,4,0,4
2019-01-02 21:00:00,4,1,3
2019-01-02 22:00:00,10,5,5
2019-01-02 23:00:00,3,0,3
2019-01-03 00:00:00,2,1,1
2019-01-03 01:00:00,2,1,1
2019-01-03 02:00:00,1,0,1
2019-01-03 03:00:00,2,1,1
2019-01-03 04:00:00,1,1,0
2019-01-03 05:00:00,6,4,2
2019-01-03 06:00:00,26,15,11
2019-01-03 07:00:00,43,23,20
2019-01-03 08:00:00,78,37,41
2019-01-03 09:00:00,40,14,26
2019-01-03 10:00:00,22,13,9
2019-01-03 11:00:00,23,13,10
2019-01-03 12:00:00,24,12,12
2019-01-03 13:00:00,23,11,12
2019-01-03 14:00:00,29,12,17
2019-01-03 15:00:00,42,17,25
2019-01-03 16:00:00,67,26,41
2019-01-03 17:00:00,97,28,69
2019-01-03 18:00:00,54,18,36
2019-01-03 19:00:00,13,6,7
2019-01-03 20:00:00,10,4,6
2019-01-03 21:00:00,7,3,4
2019-01-03 22:00:00,5,4,1
2019-01-03 23:00:00,2,1,1
2019-01-04 00:00:00,4,2,2
2019-01-04 01:00:00,0,0,0
2019-01-04 02:00:00,1,0,1
2019-01-04 03:00:00,2,1,1
2019-01-04 04:00:00,0,0,0
2019-01-04 05:00:00,10,8,2
2019-01-04 06:00:00,22,14,8
2019-01-04 07:00:00,62,35,27
2019-01-04 08:00:00,81,44,37
2019-01-04 09:00:00,55,24,31
2019-01-04 10:00:00,39,22,17
2019-01-04 11:00:00,32,17,15
2019-01-04 12:00:00,32,19,13
2019-01-04 13:00:00,32,15,17
2019-01-04 14:00:00,37,16,21
2019-01-04 15:00:00,52,20,32
2019-01-04 16:00:00,101,23,78
2019-01-04 17:00:00,107,40,67
2019-01-04 18:00:00,52,16,36
2019-01-04 19:00:00,20,9,11
2019-01-04 20:00:00,12,8,4
2019-01-04 21:00:00,4,3,1
2019-01-04 22:00:00,7,5,2
2019-01-04 23:00:00,9,4,5
2019-01-05 00:00:00,4,1,3
2019-01-05 01:00:00,4,3,1
2019-01-05 02:00:00,0,0,0
2019-01-05 03:00:00,2,1,1
2019-01-05 04:00:00,0,0,0
2019-01-05 05:00:00,2,1,1
2019-01-05 06:00:00,5,2,3
2019-01-05 07:00:00,5,2,3
2019-01-05 08:00:00,6,1,5
2019-01-05 09:00:00,10,2,8
2019-01-05 10:00:00,13,8,5
2019-01-05 11:00:00,39,5,34
2019-01-05 12:00:00,29,10,19
2019-01-05 13:00:00,34,19,15
2019-01-05 14:00:00,23,9,14
2019-01-05 15:00:00,22,13,9
2019-01-05 16:00:00,21,10,11
2019-01-05 17:00:00,11,3,8
2019-01-05 18:00:00,8,5,3
2019-01-05 19:00:00,6,2,4
2019-01-05 20:00:00,8,4,4
2019-01-05 21:00:00,9,4,5
2019-01-05 22:00:00,5,2,3
2019-01-05 23:00:00,6,3,3
2019-01-06 00:00:00,2,2,0
2019-01-06 01:00:00,0,0,0
2019-01-06 02:00:00,0,0,0
2019-01-06 03:00:00,0,0,0
2019-01-06 04:00:00,1,0,1
2019-01-06 05:00:00,1,0,1
2019-01-06 06:00:00,2,2,0
2019-01-06 07:00:00,2,0,2
2019-01-06 08:00:00,2,1,1
2019-01-06 09:00:00,8,6,2
2019-01-06 10:00:00,14,5,9
2019-01-06 11:00:00,19,6,13
2019-01-06 12:00:00,17,10,7
2019-01-06 13:00:00,21,8,13
2019-01-06 14:00:00,13,11,2
2019-01-06 15:00:00,22,13,9
2019-01-06 16:00:00,13,10,3
2019-01-06 17:00:00,9,0,9
2019-01-06 18:00:00,7,1,6
2019-01-06 19:00:00,8,3,5
2019-01-06 20:00:00,8,5,3
2019-01-06 21:00:00,0,0,0
2019-01-06 22:00:00,1,0,1
2019-01-06 23:00:00,0,0,0
2019-01-07 00:00:00,1,1,0
2019-01-07 01:00:00,0,0,0
2019-01-07 02:00:00,1,1,0
2019-01-07 03:00:00,0,0,0
2019-01-07 04:00:00,2,1,1
2019-01-07 05:00:00,15,14,1
2019-01-07 06:00:00,41,21,20
2019-01-07 07:00:00,84,50,34
2019-01-07 08:00:00,137,58,79
2019-01-07 09:00:00,69,32,37
2019-01-07 10:00:00,40,20,20
2019-01-07 11:00:00,25,14,11
2019-01-07 12:00:00,28,12,16
2019-01-07 13:00:00,30,20,10
2019-01-07 14:00:00,42,24,18
2019-01-07 15:00:00,57,15,42
2019-01-07 16:00:00,112,39,73
2019-01-07 17:00:00,172,66,106
2019-01-07 18:00:00,88,21,67
2019-01-07 19:00:00,29,12,17
2019-01-07 20:00:00,11,6,5
2019-01-07 21:00:00,5,3,2
2019-01-07 22:00:00,4,2,2
2019-01-07 23:00:00,1,1,0
2019-01-08 00:00:00,3,2,1
2019-01-08 01:00:00,1,1,0
2019-01-08 02:00:00,1,0,1
2019-01-08 03:00:00,1,0,1
2019-01-08 04:00:00,3,1,2
2019-01-08 05:00:00,14,13,1
2019-01-08 06:00:00,31,14,17
2019-01-08 07:00:00,81,55,26
2019-01-08 08:00:00,111,51,60
2019-01-08 09:00:00,56,22,34
2019-01-08 10:00:00,23,14,9
2019-01-08 11:00:00,27,19,8
2019-01-08 12:00:00,29,17,12
2019-01-08 13:00:00,13,7,6
2019-01-08 14:00:00,17,5,12
2019-01-08 15:00:00,60,21,39
2019-01-08 16:00:00,89,30,59
2019-01-08 17:00:00,142,47,95
2019-01-08 18:00:00,72,22,50
2019-01-08 19:00:00,18,6,12
2019-01-08 20:00:00,10,5,5
2019-01-08 21:00:00,9,6,3
2019-01-08 22:00:00,8,5,3
2019-01-08 23:00:00,6,2,4
2019-01-09 00:00:00,2,0,2
2019-01-09 01:00:00,1,0,1
2019-01-09 02:00:00,1,0,1
2019-01-09 03:00:00,0,0,0
2019-01-09 04:00:00,2,1,1
2019-01-09 05:00:00,13,10,3
2019-01-09 06:00:00,27,16,11
2019-01-09 07:00:00,62,41,21
2019-01-09 08:00:00,110,45,65
2019-01-09 09:00:00,41,21,20
2019-01-09 10:00:00,32,19,13
2019-01-09 11:00:00,28,15,13
2019-01-09 12:00:00,40,21,19
2019-01-09 13:00:00,21,9,12
2019-01-09 14:00:00,29,11,18
2019-01-09 15:00:00,37,8,29
2019-01-09 16:00:00,71,25,46
2019-01-09 17:00:00,130,46,84
2019-01-09 18:00:00,66,21,45
2019-01-09 19:00:00,25,12,13
2019-01-09 20:00:00,12,5,7
2019-01-09 21:00:00,5,1,4
2019-01-09 22:00:00,9,6,3
2019-01-09 23:00:00,4,3,1
2019-01-10 00:00:00,7,5,2
2019-01-10 01:00:00,0,0,0
2019-01-10 02:00:00,1,1,0
2019-01-10 03:00:00,0,0,0
2019-01-10 04:00:00,2,1,1
2019-01-10 05:00:00,17,14,3
2019-01-10 06:00:00,24,13,11
2019-01-10 07:00:00,69,40,29
2019-01-10 08:00:00,126,57,69
2019-01-10 09:00:00,65,31,34
2019-01-10 10:00:00,37,21,16
2019-01-10 11:00:00,43,26,17
2019-01-10 12:00:00,36,17,19
2019-01-10 13:00:00,34,21,13
2019-01-10 14:00:00,36,17,19
2019-01-10 15:00:00,54,17,37
2019-01-10 16:00:00,106,42,64
2019-01-10 17:00:00,178,71,107
2019-01-10 18:00:00,79,37,42
2019-01-10 19:00:00,32,21,11
2019-01-10 20:00:00,13,4,9
2019-01-10 21:00:00,17,6,11
2019-01-10 22:00:00,12,7,5
2019-01-10 23:00:00,5,1,4
2019-01-11 00:00:00,3,1,2
2019-01-11 01:00:00,1,0,1
2019-01-11 02:00:00,0,0,0
2019-01-11 03:00:00,3,0,3
2019-01-11 04:00:00,1,1,0
2019-01-11 05:00:00,16,11,5
2019-01-11 06:00:00,28,18,10
2019-01-11 07:00:00,67,40,27
2019-01-11 08:00:00,108,53,55
2019-01-11 09:00:00,68,27,41
2019-01-11 10:00:00,43,24,19
2019-01-11 11:00:00,37,19,18
2019-01-11 12:00:00,53,28,25
2019-01-11 13:00:00,46,20,26
2019-01-11 14:00:00,68,33,35
2019-01-11 15:00:00,72,31,41
2019-01-11 16:00:00,120,43,77
2019-01-11 17:00:00,145,53,92
2019-01-11 18:00:00,69,23,46
2019-01-11 19:00:00,35,16,19
2019-01-11 20:00:00,13,8,5
2019-01-11 21:00:00,14,11,3
2019-01-11 22:00:00,10,5,5
2019-01-11 23:00:00,5,3,2
2019-01-12 00:00:00,12,9,3
2019-01-12 01:00:00,7,5,2
2019-01-12 02:00:00,3,1,2
2019-01-12 03:00:00,1,0,1
2019-01-12 04:00:00,0,0,0
2019-01-12 05:00:00,4,2,2
2019-01-12 06:00:00,3,1,2
2019-01-12 07:00:00,2,2,0
2019-01-12 08:00:00,9,6,3
2019-01-12 09:00:00,18,13,5
2019-01-12 10:00:00,22,10,12
2019-01-12 11:00:00,28,8,20
2019-01-12 12:00:00,54,30,24
2019-01-12 13:00:00,54,31,23
2019-01-12 14:00:00,44,23,21
2019-01-12 15:00:00,35,15,20
2019-01-12 16:00:00,52,28,24
2019-01-12 17:00:00,13,4,9
2019-01-12 18:00:00,25,8,17
2019-01-12 19:00:00,16,8,8
2019-01-12 20:00:00,13,4,9
2019-01-12 21:00:00,11,4,7
2019-01-12 22:00:00,5,2,3
2019-01-12 23:00:00,2,1,1
2019-01-13 00:00:00,12,4,8
2019-01-13 01:00:00,2,1,1
2019-01-13 02:00:00,3,2,1
2019-01-13 03:00:00,0,0,0
2019-01-13 04:00:00,0,0,0
2019-01-13 05:00:00,1,0,1
2019-01-13 06:00:00,3,1,2
2019-01-13 07:00:00,5,2,3
2019-01-13 08:00:00,10,8,2
2019-01-13 09:00:00,8,2,6
2019-01-13 10:00:00,19,11,8
2019-01-13 11:00:00,36,11,25
2019-01-13 12:00:00,39,18,21
2019-01-13 13:00:00,47,16,31
2019-01-13 14:00:00,41,15,26
2019-01-13 15:00:00,45,19,26
2019-01-13 16:00:00,29,9,20
2019-01-13 17:00:00,22,10,12
2019-01-13 18:00:00,18,9,9
2019-01-13 19:00:00,13,8,5
2019-01-13 20:00:00,6,4,2
2019-01-13 21:00:00,7,2,5
2019-01-13 22:00:00,6,2,4
2019-01-13 23:00:00,5,4,1
2019-01-14 00:00:00,3,2,1
2019-01-14 01:00:00,1,0,1
2019-01-14 02:00:00,1,1,0
2019-01-14 03:00:00,0,0,0
2019-01-14 04:00:00,2,2,0
2019-01-14 05:00:00,19,14,5
2019-01-14 06:00:00,49,26,23
2019-01-14 07:00:00,147,88,59
2019-01-14 08:00:00,187,94,93
2019-01-14 09:00:00,102,52,50
2019-01-14 10:00:00,47,19,28
2019-01-14 11:00:00,41,20,21
2019-01-14 12:00:00,41,21,20
2019-01-14 13:00:00,41,23,18
2019-01-14 14:00:00,53,28,25
2019-01-14 15:00:00,92,25,67
2019-01-14 16:00:00,167,66,101
2019-01-14 17:00:00,219,72,147
2019-01-14 18:00:00,115,46,69
2019-01-14 19:00:00,33,14,19
2019-01-14 20:00:00,20,9,11
2019-01-14 21:00:00,10,7,3
2019-01-14 22:00:00,3,2,1
2019-01-14 23:00:00,2,1,1
2019-01-15 00:00:00,2,2,0
2019-01-15 01:00:00,0,0,0
2019-01-15 02:00:00,1,1,0
2019-01-15 03:00:00,1,0,1
2019-01-15 04:00:00,2,0,2
2019-01-15 05:00:00,14,14,0
2019-01-15 06:00:00,57,33,24
2019-01-15 07:00:00,105,57,48
2019-01-15 08:00:00,155,70,85
2019-01-15 09:00:00,89,40,49
2019-01-15 10:00:00,31,20,11
2019-01-15 11:00:00,43,23,20
2019-01-15 12:00:00,35,18,17
2019-01-15 13:00:00,41,22,19
2019-01-15 14:00:00,46,19,27
2019-01-15 15:00:00,71,26,45
2019-01-15 16:00:00,131,48,83
2019-01-15 17:00:00,214,67,147
2019-01-15 18:00:00,92,43,49
2019-01-15 19:00:00,25,8,17
2019-01-15 20:00:00,20,7,13
2019-01-15 21:00:00,14,6,8
2019-01-15 22:00:00,5,1,4
2019-01-15 23:00:00,4,2,2
2019-01-16 00:00:00,1,1,0
2019-01-16 01:00:00,1,0,1
2019-01-16 02:00:00,2,2,0
2019-01-16 03:00:00,2,1,1
2019-01-16 04:00:00,2,1,1
2019-01-16 05:00:00,13,11,2
2019-01-16 06:00:00,39,25,14
2019-01-16 07:00:00,115,78,37
2019-01-16 08:00:00,159,71,88
2019-01-16 09:00:00,94,46,48
2019-01-16 10:00:00,37,15,22
2019-01-16 11:00:00,45,26,19
2019-01-16 12:00:00,48,28,20
2019-01-16 13:00:00,36,15,21
2019-01-16 14:00:00,46,28,18
2019-01-16 15:00:00,82,27,55
2019-01-16 16:00:00,136,41,95
2019-01-16 17:00:00,194,68,126
2019-01-16 18:00:00,82,34,48
2019-01-16 19:00:00,30,7,23
2019-01-16 20:00:00,25,12,13
2019-01-16 21:00:00,8,3,5
2019-01-16 22:00:00,4,2,2
2019-01-16 23:00:00,6,2,4
2019-01-17 00:00:00,2,1,1
2019-01-17 01:00:00,1,0,1
2019-01-17 02:00:00,0,0,0
2019-01-17 03:00:00,6,3,3
2019-01-17 04:00:00,0,0,0
2019-01-17 05:00:00,24,17,7
2019-01-17 06:00:00,38,21,17
2019-01-17 07:00:00,84,51,33
2019-01-17 08:00:00,141,54,87
2019-01-17 09:00:00,84,39,45
2019-01-17 10:00:00,29,19,10
2019-01-17 11:00:00,28,15,13
2019-01-17 12:00:00,27,13,14
2019-01-17 13:00:00,36,16,20
2019-01-17 14:00:00,39,16,23
2019-01-17 15:00:00,84,29,55
2019-01-17 16:00:00,120,45,75
2019-01-17 17:00:00,161,57,104
2019-01-17 18:00:00,74,34,40
2019-01-17 19:00:00,38,20,18
2019-01-17 20:00:00,17,5,12
2019-01-17 21:00:00,4,3,1
2019-01-17 22:00:00,6,1,5
2019-01-17 23:00:00,4,2,2
2019-01-18 00:00:00,1,0,1
2019-01-18 01:00:00,1,0,1
2019-01-18 02:00:00,1,1,0
2019-01-18 03:00:00,1,1,0
2019-01-18 04:00:00,0,0,0
2019-01-18 05:00:00,14,10,4
2019-01-18 06:00:00,21,15,6
2019-01-18 07:00:00,90,51,39
2019-01-18 08:00:00,114,56,58
2019-01-18 09:00:00,63,26,37
2019-01-18 10:00:00,23,7,16
2019-01-18 11:00:00,43,25,18
2019-01-18 12:00:00,38,16,22
2019-01-18 13:00:00,35,12,23
2019-01-18 14:00:00,47,19,28
2019-01-18 15:00:00,61,28,33
2019-01-18 16:00:00,119,42,77
2019-01-18 17:00:00,117,47,70
2019-01-18 18:00:00,63,24,39
2019-01-18 19:00:00,23,9,14
2019-01-18 20:00:00,4,2,2
2019-01-18 21:00:00,8,5,3
2019-01-18 22:00:00,6,3,3
2019-01-18 23:00:00,3,0,3
2019-01-19 00:00:00,2,0,2
2019-01-19 01:00:00,5,2,3
2019-01-19 02:00:00,2,2,0
2019-01-19 03:00:00,0,0,0
2019-01-19 04:00:00,1,1,0
2019-01-19 05:00:00,2,1,1
2019-01-19 06:00:00,3,1,2
2019-01-19 07:00:00,6,3,3
2019-01-19 08:00:00,8,3,5
2019-01-19 09:00:00,15,8,7
2019-01-19 10:00:00,15,5,10
2019-01-19 11:00:00,18,7,11
2019-01-19 12:00:00,32,17,15
2019-01-19 13:00:00,34,13,21
2019-01-19 14:00:00,20,8,12
2019-01-19 15:00:00,27,15,12
2019-01-19 16:00:00,14,10,4
2019-01-19 17:00:00,27,20,7
2019-01-19 18:00:00,402,399,3
2019-01-19 19:00:00,203,201,2
2019-01-19 20:00:00,2,0,2
2019-01-19 21:00:00,2,2,0
2019-01-19 22:00:00,10,5,5
2019-01-19 23:00:00,7,5,2
2019-01-20 00:00:00,4,3,1
2019-01-20 01:00:00,5,3,2
2019-01-20 02:00:00,0,0,0
2019-01-20 03:00:00,0,0,0
2019-01-20 04:00:00,0,0,0
2019-01-20 05:00:00,1,0,1
2019-01-20 06:00:00,1,1,0
2019-01-20 07:00:00,4,3,1
2019-01-20 08:00:00,9,4,5
2019-01-20 09:00:00,7,6,1
2019-01-20 10:00:00,9,4,5
2019-01-20 11:00:00,13,3,10
2019-01-20 12:00:00,20,13,7
2019-01-20 13:00:00,23,14,9
2019-01-20 14:00:00,23,12,11
2019-01-20 15:00:00,20,6,14
2019-01-20 16:00:00,14,6,8
2019-01-20 17:00:00,19,13,6
2019-01-20 18:00:00,12,4,8
2019-01-20 19:00:00,15,5,10
2019-01-20 20:00:00,11,5,6
2019-01-20 21:00:00,4,1,3
2019-01-20 22:00:00,5,1,4
2019-01-20 23:00:00,3,0,3
2019-01-21 00:00:00,4,4,0
2019-01-21 01:00:00,0,0,0
2019-01-21 02:00:00,0,0,0
2019-01-21 03:00:00,1,0,1
2019-01-21 04:00:00,2,2,0
2019-01-21 05:00:00,7,6,1
2019-01-21 06:00:00,15,8,7
2019-01-21 07:00:00,49,28,21
2019-01-21 08:00:00,70,36,34
2019-01-21 09:00:00,45,20,25
2019-01-21 10:00:00,20,12,8
2019-01-21 11:00:00,27,13,14
2019-01-21 12:00:00,31,18,13
2019-01-21 13:00:00,33,16,17
2019-01-21 14:00:00,42,19,23
2019-01-21 15:00:00,38,15,23
2019-01-21 16:00:00,75,26,49
2019-01-21 17:00:00,100,29,71
2019-01-21 18:00:00,45,23,22
2019-01-21 19:00:00,20,9,11
2019-01-21 20:00:00,14,10,4
2019-01-21 21:00:00,8,4,4
2019-01-21 22:00:00,12,10,2
2019-01-21 23:00:00,2,0,2
2019-01-22 00:00:00,3,2,1
2019-01-22 01:00:00,1,1,0
2019-01-22 02:00:00,2,1,1
2019-01-22 03:00:00,2,0,2
2019-01-22 04:00:00,1,1,0
2019-01-22 05:00:00,22,18,4
2019-01-22 06:00:00,31,19,12
2019-01-22 07:00:00,91,58,33
2019-01-22 08:00:00,145,70,75
2019-01-22 09:00:00,63,30,33
2019-01-22 10:00:00,32,18,14
2019-01-22 11:00:00,32,21,11
2019-01-22 12:00:00,20,11,9
2019-01-22 13:00:00,25,14,11
2019-01-22 14:00:00,29,11,18
2019-01-22 15:00:00,55,17,38
2019-01-22 16:00:00,103,36,67
2019-01-22 17:00:00,161,49,112
2019-01-22 18:00:00,83,28,55
2019-01-22 19:00:00,24,9,15
2019-01-22 20:00:00,10,5,5
2019-01-22 21:00:00,8,4,4
2019-01-22 22:00:00,2,2,0
2019-01-22 23:00:00,3,1,2
2019-01-23 00:00:00,4,3,1
2019-01-23 01:00:00,1,0,1
2019-01-23 02:00:00,0,0,0
2019-01-23 03:00:00,1,0,1
2019-01-23 04:00:00,3,2,1
2019-01-23 05:00:00,13,8,5
2019-01-23 06:00:00,38,23,15
2019-01-23 07:00:00,90,62,28
2019-01-23 08:00:00,131,69,62
2019-01-23 09:00:00,45,22,23
2019-01-23 10:00:00,29,20,9
2019-01-23 11:00:00,32,18,14
2019-01-23 12:00:00,47,22,25
2019-01-23 13:00:00,36,23,13
2019-01-23 14:00:00,35,14,21
2019-01-23 15:00:00,73,26,47
2019-01-23 16:00:00,119,47,72
2019-01-23 17:00:00,176,70,106
2019-01-23 18:00:00,75,33,42
2019-01-23 19:00:00,30,12,18
2019-01-23 20:00:00,24,12,12
2019-01-23 21:00:00,13,5,8
2019-01-23 22:00:00,9,5,4
2019-01-23 23:00:00,4,2,2
2019-01-24 00:00:00,3,1,2
2019-01-24 01:00:00,1,0,1
2019-01-24 02:00:00,2,2,0
2019-01-24 03:00:00,0,0,0
2019-01-24 04:00:00,4,4,0
2019-01-24 05:00:00,20,14,6
2019-01-24 06:00:00,41,26,15
2019-01-24 07:00:00,101,57,44
2019-01-24 08:00:00,141,73,68
2019-01-24 09:00:00,65,23,42
2019-01-24 10:00:00,45,23,22
2019-01-24 11:00:00,44,27,17
2019-01-24 12:00:00,33,12,21
2019-01-24 13:00:00,39,18,21
2019-01-24 14:00:00,29,10,19
2019-01-24 15:00:00,73,29,44
2019-01-24 16:00:00,135,43,92
2019-01-24 17:00:00,172,54,118
2019-01-24 18:00:00,105,43,62
2019-01-24 19:00:00,33,20,13
2019-01-24 20:00:00,20,6,14
2019-01-24 21:00:00,11,4,7
2019-01-24 22:00:00,6,2,4
2019-01-24 23:00:00,5,1,4
2019-01-25 00:00:00,2,2,0
2019-01-25 01:00:00,1,0,1
2019-01-25 02:00:00,0,0,0
2019-01-25 03:00:00,0,0,0
2019-01-25 04:00:00,0,0,0
2019-01-25 05:00:00,18,12,6
2019-01-25 06:00:00,32,16,16
2019-01-25 07:00:00,99,57,42
2019-01-25 08:00:00,129,64,65
2019-01-25 09:00:00,96,45,51
2019-01-25 10:00:00,43,26,17
2019-01-25 11:00:00,55,23,32
2019-01-25 12:00:00,60,30,30
2019-01-25 13:00:00,49,19,30
2019-01-25 14:00:00,61,29,32
2019-01-25 15:00:00,91,39,52
2019-01-25 16:00:00,166,58,108
2019-01-25 17:00:00,164,68,96
2019-01-25 18:00:00,78,25,53
2019-01-25 19:00:00,32,14,18
2019-01-25 20:00:00,6,4,2
2019-01-25 21:00:00,10,3,7
2019-01-25 22:00:00,11,5,6
2019-01-25 23:00:00,6,5,1
2019-01-26 00:00:00,5,1,4
2019-01-26 01:00:00,4,1,3
2019-01-26 02:00:00,4,2,2
2019-01-26 03:00:00,1,1,0
2019-01-26 04:00:00,1,1,0
2019-01-26 05:00:00,2,0,2
2019-01-26 06:00:00,3,0,3
2019-01-26 07:00:00,4,2,2
2019-01-26 08:00:00,18,6,12
2019-01-26 09:00:00,12,6,6
2019-01-26 10:00:00,32,7,25
2019-01-26 11:00:00,34,20,14
2019-01-26 12:00:00,46,21,25
2019-01-26 13:00:00,31,15,16
2019-01-26 14:00:00,38,16,22
2019-01-26 15:00:00,36,17,19
2019-01-26 16:00:00,41,23,18
2019-01-26 17:00:00,17,6,11
2019-01-26 18:00:00,24,10,14
2019-01-26 19:00:00,11,5,6
2019-01-26 20:00:00,12,7,5
2019-01-26 21:00:00,4,2,2
2019-01-26 22:00:00,7,4,3
2019-01-26 23:00:00,12,3,9
2019-01-27 00:00:00,8,4,4
2019-01-27 01:00:00,3,1,2
2019-01-27 02:00:00,4,1,3
2019-01-27 03:00:00,1,0,1
2019-01-27 04:00:00,1,1,0
2019-01-27 05:00:00,2,2,0
2019-01-27 06:00:00,4,1,3
2019-01-27 07:00:00,3,1,2
2019-01-27 08:00:00,5,1,4
2019-01-27 09:00:00,8,5,3
2019-01-27 10:00:00,15,10,5
2019-01-27 11:00:00,15,6,9
2019-01-27 12:00:00,23,9,14
2019-01-27 13:00:00,27,14,13
2019-01-27 14:00:00,30,17,13
2019-01-27 15:00:00,25,9,16
2019-01-27 16:00:00,20,14,6
2019-01-27 17:00:00,18,8,10
2019-01-27 18:00:00,18,14,4
2019-01-27 19:00:00,9,2,7
2019-01-27 20:00:00,7,5,2
2019-01-27 21:00:00,6,2,4
2019-01-27 22:00:00,5,3,2
2019-01-27 23:00:00,1,0,1
2019-01-28 00:00:00,4,2,2
2019-01-28 01:00:00,0,0,0
2019-01-28 02:00:00,4,1,3
2019-01-28 03:00:00,0,0,0
2019-01-28 04:00:00,4,3,1
2019-01-28 05:00:00,16,9,7
2019-01-28 06:00:00,36,18,18
2019-01-28 07:00:00,95,52,43
2019-01-28 08:00:00,162,83,79
2019-01-28 09:00:00,82,36,46
2019-01-28 10:00:00,36,17,19
2019-01-28 11:00:00,30,13,17
2019-01-28 12:00:00,45,31,14
2019-01-28 13:00:00,31,16,15
2019-01-28 14:00:00,50,19,31
2019-01-28 15:00:00,76,19,57
2019-01-28 16:00:00,151,54,97
2019-01-28 17:00:00,198,77,121
2019-01-28 18:00:00,78,28,50
2019-01-28 19:00:00,31,12,19
2019-01-28 20:00:00,13,9,4
2019-01-28 21:00:00,6,4,2
2019-01-28 22:00:00,2,1,1
2019-01-28 23:00:00,1,1,0
2019-01-29 00:00:00,1,1,0
2019-01-29 01:00:00,0,0,0
2019-01-29 02:00:00,0,0,0
2019-01-29 03:00:00,1,0,1
2019-01-29 04:00:00,2,2,0
2019-01-29 05:00:00,22,14,8
2019-01-29 06:00:00,47,26,21
2019-01-29 07:00:00,97,59,38
2019-01-29 08:00:00,148,70,78
2019-01-29 09:00:00,90,43,47
2019-01-29 10:00:00,45,28,17
2019-01-29 11:00:00,39,23,16
2019-01-29 12:00:00,37,16,21
2019-01-29 13:00:00,41,20,21
2019-01-29 14:00:00,52,16,36
2019-01-29 15:00:00,69,29,40
2019-01-29 16:00:00,166,60,106
2019-01-29 17:00:00,188,75,113
2019-01-29 18:00:00,109,41,68
2019-01-29 19:00:00,36,10,26
2019-01-29 20:00:00,20,12,8
2019-01-29 21:00:00,17,7,10
2019-01-29 22:00:00,13,9,4
2019-01-29 23:00:00,4,2,2
2019-01-30 00:00:00,0,0,0
2019-01-30 01:00:00,0,0,0
2019-01-30 02:00:00,0,0,0
2019-01-30 03:00:00,0,0,0
2019-01-30 04:00:00,2,2,0
2019-01-30 05:00:00,14,10,4
2019-01-30 06:00:00,42,22,20
2019-01-30 07:00:00,84,51,33
2019-01-30 08:00:00,163,77,86
2019-01-30 09:00:00,79,30,49
2019-01-30 10:00:00,39,21,18
2019-01-30 11:00:00,37,21,16
2019-01-30 12:00:00,40,19,21
2019-01-30 13:00:00,44,21,23
2019-01-30 14:00:00,49,17,32
2019-01-30 15:00:00,50,12,38
2019-01-30 16:00:00,147,49,98
2019-01-30 17:00:00,188,69,119
2019-01-30 18:00:00,97,42,55
2019-01-30 19:00:00,43,21,22
2019-01-30 20:00:00,23,11,12
2019-01-30 21:00:00,9,4,5
2019-01-30 22:00:00,8,3,5
2019-01-30 23:00:00,5,3,2
2019-01-31 00:00:00,0,0,0
2019-01-31 01:00:00,0,0,0
2019-01-31 02:00:00,1,1,0
2019-01-31 03:00:00,2,1,1
2019-01-31 04:00:00,1,1,0
2019-01-31 05:00:00,17,10,7
2019-01-31 06:00:00,27,17,10
2019-01-31 07:00:00,97,59,38
2019-01-31 08:00:00,133,59,74
2019-01-31 09:00:00,91,40,51
2019-01-31 10:00:00,38,15,23
2019-01-31 11:00:00,41,20,21
2019-01-31 12:00:00,33,19,14
2019-01-31 13:00:00,41,19,22
2019-01-31 14:00:00,44,14,30
2019-01-31 15:00:00,80,25,55
2019-01-31 16:00:00,126,31,95
2019-01-31 17:00:00,188,62,126
2019-01-31 18:00:00,115,58,57
2019-01-31 19:00:00,40,11,29
2019-01-31 20:00:00,28,15,13
2019-01-31 21:00:00,21,8,13
2019-01-31 22:00:00,9,5,4
2019-01-31 23:00:00,5,3,2
2019-02-01 00:00:00,4,1,3
2019-02-01 01:00:00,4,3,1
2019-02-01 02:00:00,1,1,0
2019-02-01 03:00:00,3,2,1
2019-02-01 04:00:00,3,2,1
2019-02-01 05:00:00,13,4,9
2019-02-01 06:00:00,23,17,6
2019-02-01 07:00:00,50,33,17
2019-02-01 08:00:00,80,42,38
2019-02-01 09:00:00,53,21,32
2019-02-01 10:00:00,27,9,18
2019-02-01 11:00:00,27,15,12
2019-02-01 12:00:00,24,13,11
2019-02-01 13:00:00,25,11,14
2019-02-01 14:00:00,30,15,15
2019-02-01 15:00:00,49,20,29
2019-02-01 16:00:00,96,32,64
2019-02-01 17:00:00,119,45,74
2019-02-01 18:00:00,46,15,31
2019-02-01 19:00:00,37,23,14
2019-02-01 20:00:00,11,7,4
2019-02-01 21:00:00,13,9,4
2019-02-01 22:00:00,5,4,1
2019-02-01 23:00:00,2,0,2
2019-02-02 00:00:00,3,1,2
2019-02-02 01:00:00,2,1,1
2019-02-02 02:00:00,4,1,3
2019-02-02 03:00:00,0,0,0
2019-02-02 04:00:00,1,0,1
2019-02-02 05:00:00,4,2,2
2019-02-02 06:00:00,5,4,1
2019-02-02 07:00:00,11,7,4
2019-02-02 08:00:00,11,6,5
2019-02-02 09:00:00,18,8,10
2019-02-02 10:00:00,31,12,19
2019-02-02 11:00:00,23,10,13
2019-02-02 12:00:00,35,19,16
2019-02-02 13:00:00,46,23,23
2019-02-02 14:00:00,49,27,22
2019-02-02 15:00:00,25,15,10
2019-02-02 16:00:00,37,18,19
2019-02-02 17:00:00,37,18,19
2019-02-02 18:00:00,27,14,13
2019-02-02 19:00:00,16,8,8
2019-02-02 20:00:00,9,7,2
2019-02-02 21:00:00,4,3,1
2019-02-02 22:00:00,7,4,3
2019-02-02 23:00:00,3,1,2
2019-02-03 00:00:00,5,2,3
2019-02-03 01:00:00,2,1,1
2019-02-03 02:00:00,2,1,1
2019-02-03 03:00:00,0,0,0
2019-02-03 04:00:00,1,1,0
2019-02-03 05:00:00,4,3,1
2019-02-03 06:00:00,9,5,4
2019-02-03 07:00:00,115,105,10
2019-02-03 08:00:00,150,138,12
2019-02-03 09:00:00,97,51,46
2019-02-03 10:00:00,131,17,114
2019-02-03 11:00:00,111,15,96
2019-02-03 12:00:00,40,6,34
2019-02-03 13:00:00,26,11,15
2019-02-03 14:00:00,23,13,10
2019-02-03 15:00:00,14,7,7
2019-02-03 16:00:00,9,5,4
2019-02-03 17:00:00,13,6,7
2019-02-03 18:00:00,7,1,6
2019-02-03 19:00:00,3,1,2
2019-02-03 20:00:00,3,1,2
2019-02-03 21:00:00,3,2,1
2019-02-03 22:00:00,3,0,3
2019-02-03 23:00:00,1,1,0
2019-02-04 00:00:00,2,2,0
2019-02-04 01:00:00,1,1,0
2019-02-04 02:00:00,0,0,0
2019-02-04 03:00:00,4,4,0
2019-02-04 04:00:00,4,4,0
2019-02-04 05:00:00,6,3,3
2019-02-04 06:00:00,10,9,1
2019-02-04 07:00:00,13,7,6
2019-02-04 08:00:00,10,5,5
2019-02-04 09:00:00,6,3,3
2019-02-04 10:00:00,3,2,1
2019-02-04 11:00:00,5,3,2
2019-02-04 12:00:00,6,5,1
2019-02-04 13:00:00,6,4,2
2019-02-04 14:00:00,2,2,0
2019-02-04 15:00:00,6,2,4
2019-02-04 16:00:00,7,4,3
2019-02-04 17:00:00,13,7,6
2019-02-04 18:00:00,4,3,1
2019-02-04 19:00:00,1,1,0
2019-02-04 20:00:00,1,0,1
2019-02-04 21:00:00,2,2,0
2019-02-04 22:00:00,1,1,0
2019-02-04 23:00:00,0,0,0
2019-02-05 00:00:00,0,0,0
2019-02-05 01:00:00,0,0,0
2019-02-05 02:00:00,0,0,0
2019-02-05 03:00:00,2,1,1
2019-02-05 04:00:00,1,1,0
2019-02-05 05:00:00,1,1,0
2019-02-05 06:00:00,9,8,1
2019-02-05 07:00:00,9,6,3
2019-02-05 08:00:00,13,8,5
2019-02-05 09:00:00,9,3,6
2019-02-05 10:00:00,12,8,4
2019-02-05 11:00:00,19,13,6
2019-02-05 12:00:00,18,12,6
2019-02-05 13:00:00,12,8,4
2019-02-05 14:00:00,18,8,10
2019-02-05 15:00:00,16,8,8
2019-02-05 16:00:00,28,12,16
2019-02-05 17:00:00,34,13,21
2019-02-05 18:00:00,14,10,4
2019-02-05 19:00:00,6,4,2
2019-02-05 20:00:00,7,2,5
2019-02-05 21:00:00,2,0,2
2019-02-05 22:00:00,2,2,0
2019-02-05 23:00:00,1,1,0
2019-02-06 00:00:00,2,1,1
2019-02-06 01:00:00,0,0,0
2019-02-06 02:00:00,0,0,0
2019-02-06 03:00:00,0,0,0
2019-02-06 04:00:00,0,0,0
2019-02-06 05:00:00,6,4,2
2019-02-06 06:00:00,12,10,2
2019-02-06 07:00:00,23,13,10
2019-02-06 08:00:00,49,31,18
2019-02-06 09:00:00,27,14,13
2019-02-06 10:00:00,21,14,7
2019-02-06 11:00:00,31,17,14
2019-02-06 12:00:00,20,12,8
2019-02-06 13:00:00,20,12,8
2019-02-06 14:00:00,26,14,12
2019-02-06 15:00:00,31,14,17
2019-02-06 16:00:00,54,24,30
2019-02-06 17:00:00,72,26,46
2019-02-06 18:00:00,33,15,18
2019-02-06 19:00:00,13,10,3
2019-02-06 20:00:00,10,6,4
2019-02-06 21:00:00,5,2,3
2019-02-06 22:00:00,2,1,1
2019-02-06 23:00:00,3,1,2
2019-02-07 00:00:00,1,0,1
2019-02-07 01:00:00,0,0,0
2019-02-07 02:00:00,0,0,0
2019-02-07 03:00:00,0,0,0
2019-02-07 04:00:00,0,0,0
2019-02-07 05:00:00,9,7,2
2019-02-07 06:00:00,10,6,4
2019-02-07 07:00:00,23,15,8
2019-02-07 08:00:00,57,32,25
2019-02-07 09:00:00,31,12,19
2019-02-07 10:00:00,19,10,9
2019-02-07 11:00:00,19,13,6
2019-02-07 12:00:00,24,12,12
2019-02-07 13:00:00,19,9,10
2019-02-07 14:00:00,35,17,18
2019-02-07 15:00:00,40,13,27
2019-02-07 16:00:00,69,20,49
2019-02-07 17:00:00,101,32,69
2019-02-07 18:00:00,36,12,24
2019-02-07 19:00:00,26,10,16
2019-02-07 20:00:00,10,6,4
2019-02-07 21:00:00,6,2,4
2019-02-07 22:00:00,4,2,2
2019-02-07 23:00:00,2,2,0
2019-02-08 00:00:00,1,1,0
2019-02-08 01:00:00,1,1,0
2019-02-08 02:00:00,0,0,0
2019-02-08 03:00:00,1,0,1
2019-02-08 04:00:00,2,0,2
2019-02-08 05:00:00,8,5,3
2019-02-08 06:00:00,15,10,5
2019-02-08 07:00:00,20,10,10
2019-02-08 08:00:00,35,21,14
2019-02-08 09:00:00,16,8,8
2019-02-08 10:00:00,12,7,5
2019-02-08 11:00:00,34,21,13
2019-02-08 12:00:00,67,29,38
2019-02-08 13:00:00,37,13,24
2019-02-08 14:00:00,33,11,22
2019-02-08 15:00:00,19,8,11
2019-02-08 16:00:00,12,6,6
2019-02-08 17:00:00,12,7,5
2019-02-08 18:00:00,4,0,4
2019-02-08 19:00:00,2,2,0
2019-02-08 20:00:00,1,0,1
2019-02-08 21:00:00,4,1,3
2019-02-08 22:00:00,3,3,0
2019-02-08 23:00:00,1,0,1
2019-02-09 00:00:00,2,1,1
2019-02-09 01:00:00,0,0,0
2019-02-09 02:00:00,0,0,0
2019-02-09 03:00:00,0,0,0
2019-02-09 04:00:00,0,0,0
2019-02-09 05:00:00,0,0,0
2019-02-09 06:00:00,0,0,0
2019-02-09 07:00:00,0,0,0
2019-02-09 08:00:00,1,0,1
2019-02-09 09:00:00,0,0,0
2019-02-09 10:00:00,3,3,0
2019-02-09 11:00:00,0,0,0
2019-02-09 12:00:00,0,0,0
2019-02-09 13:00:00,0,0,0
2019-02-09 14:00:00,0,0,0
2019-02-09 15:00:00,0,0,0
2019-02-09 16:00:00,0,0,0
2019-02-09 17:00:00,2,1,1
2019-02-09 18:00:00,0,0,0
2019-02-09 19:00:00,1,1,0
2019-02-09 20:00:00,0,0,0
2019-02-09 21:00:00,1,1,0
2019-02-09 22:00:00,0,0,0
2019-02-09 23:00:00,0,0,0
2019-02-10 00:00:00,0,0,0
2019-02-10 01:00:00,0,0,0
2019-02-10 02:00:00,0,0,0
2019-02-10 03:00:00,0,0,0
2019-02-10 04:00:00,0,0,0
2019-02-10 05:00:00,0,0,0
2019-02-10 06:00:00,0,0,0
2019-02-10 07:00:00,0,0,0
2019-02-10 08:00:00,0,0,0
2019-02-10 09:00:00,0,0,0
2019-02-10 10:00:00,0,0,0
2019-02-10 11:00:00,0,0,0
2019-02-10 12:00:00,0,0,0
2019-02-10 13:00:00,0,0,0
2019-02-10 14:00:00,0,0,0
2019-02-10 15:00:00,1,0,1
2019-02-10 16:00:00,1,0,1
2019-02-10 17:00:00,2,1,1
2019-02-10 18:00:00,0,0,0
2019-02-10 19:00:00,0,0,0
2019-02-10 20:00:00,0,0,0
2019-02-10 21:00:00,0,0,0
2019-02-10 22:00:00,0,0,0
2019-02-10 23:00:00,0,0,0
2019-02-11 00:00:00,0,0,0
2019-02-11 01:00:00,0,0,0
2019-02-11 02:00:00,0,0,0
2019-02-11 03:00:00,0,0,0
2019-02-11 04:00:00,0,0,0
2019-02-11 05:00:00,2,2,0
2019-02-11 06:00:00,1,1,0
2019-02-11 07:00:00,0,0,0
2019-02-11 08:00:00,11,9,2
2019-02-11 09:00:00,6,6,0
2019-02-11 10:00:00,3,3,0
2019-02-11 11:00:00,2,2,0
2019-02-11 12:00:00,6,6,0
2019-02-11 13:00:00,4,4,0
2019-02-11 14:00:00,8,5,3
2019-02-11 15:00:00,6,2,4
2019-02-11 16:00:00,2,2,0
2019-02-11 17:00:00,4,3,1
2019-02-11 18:00:00,2,1,1
2019-02-11 19:00:00,1,0,1
2019-02-11 20:00:00,1,1,0
2019-02-11 21:00:00,0,0,0
2019-02-11 22:00:00,0,0,0
2019-02-11 23:00:00,1,1,0
2019-02-12 00:00:00,0,0,0
2019-02-12 01:00:00,0,0,0
2019-02-12 02:00:00,0,0,0
2019-02-12 03:00:00,0,0,0
2019-02-12 04:00:00,0,0,0
2019-02-12 05:00:00,0,0,0
2019-02-12 06:00:00,4,4,0
2019-02-12 07:00:00,2,1,1
2019-02-12 08:00:00,9,6,3
2019-02-12 09:00:00,8,4,4
2019-02-12 10:00:00,9,8,1
2019-02-12 11:00:00,12,7,5
2019-02-12 12:00:00,8,5,3
2019-02-12 13:00:00,6,2,4
2019-02-12 14:00:00,6,2,4
2019-02-12 15:00:00,11,5,6
2019-02-12 16:00:00,17,9,8
2019-02-12 17:00:00,19,9,10
2019-02-12 18:00:00,5,3,2
2019-02-12 19:00:00,7,3,4
2019-02-12 20:00:00,4,3,1
2019-02-12 21:00:00,5,4,1
2019-02-12 22:00:00,2,1,1
2019-02-12 23:00:00,1,0,1
2019-02-13 00:00:00,0,0,0
2019-02-13 01:00:00,0,0,0
2019-02-13 02:00:00,0,0,0
2019-02-13 03:00:00,0,0,0
2019-02-13 04:00:00,0,0,0
2019-02-13 05:00:00,4,4,0
2019-02-13 06:00:00,5,3,2
2019-02-13 07:00:00,21,8,13
2019-02-13 08:00:00,33,15,18
2019-02-13 09:00:00,28,17,11
2019-02-13 10:00:00,14,7,7
2019-02-13 11:00:00,28,14,14
2019-02-13 12:00:00,23,11,12
2019-02-13 13:00:00,13,6,7
2019-02-13 14:00:00,25,11,14
2019-02-13 15:00:00,22,9,13
2019-02-13 16:00:00,40,10,30
2019-02-13 17:00:00,47,20,27
2019-02-13 18:00:00,32,14,18
2019-02-13 19:00:00,10,4,6
2019-02-13 20:00:00,9,7,2
2019-02-13 21:00:00,5,3,2
2019-02-13 22:00:00,1,0,1
2019-02-13 23:00:00,4,2,2
2019-02-14 00:00:00,1,1,0
2019-02-14 01:00:00,1,1,0
2019-02-14 02:00:00,0,0,0
2019-02-14 03:00:00,0,0,0
2019-02-14 04:00:00,0,0,0
2019-02-14 05:00:00,3,2,1
2019-02-14 06:00:00,6,1,5
2019-02-14 07:00:00,28,14,14
2019-02-14 08:00:00,45,20,25
2019-02-14 09:00:00,34,14,20
2019-02-14 10:00:00,26,11,15
2019-02-14 11:00:00,33,20,13
2019-02-14 12:00:00,24,12,12
2019-02-14 13:00:00,32,16,16
2019-02-14 14:00:00,11,6,5
2019-02-14 15:00:00,22,7,15
2019-02-14 16:00:00,45,21,24
2019-02-14 17:00:00,62,24,38
2019-02-14 18:00:00,27,13,14
2019-02-14 19:00:00,12,8,4
2019-02-14 20:00:00,3,2,1
2019-02-14 21:00:00,11,3,8
2019-02-14 22:00:00,4,1,3
2019-02-14 23:00:00,1,1,0
2019-02-15 00:00:00,0,0,0
2019-02-15 01:00:00,1,1,0
2019-02-15 02:00:00,0,0,0
2019-02-15 03:00:00,3,2,1
2019-02-15 04:00:00,2,1,1
2019-02-15 05:00:00,10,7,3
2019-02-15 06:00:00,16,10,6
2019-02-15 07:00:00,40,18,22
2019-02-15 08:00:00,64,28,36
2019-02-15 09:00:00,37,20,17
2019-02-15 10:00:00,24,9,15
2019-02-15 11:00:00,35,18,17
2019-02-15 12:00:00,27,10,17
2019-02-15 13:00:00,28,10,18
2019-02-15 14:00:00,18,8,10
2019-02-15 15:00:00,37,11,26
2019-02-15 16:00:00,73,26,47
2019-02-15 17:00:00,70,25,45
2019-02-15 18:00:00,37,10,27
2019-02-15 19:00:00,12,4,8
2019-02-15 20:00:00,5,3,2
2019-02-15 21:00:00,3,2,1
2019-02-15 22:00:00,3,0,3
2019-02-15 23:00:00,2,1,1
2019-02-16 00:00:00,1,1,0
2019-02-16 01:00:00,5,3,2
2019-02-16 02:00:00,6,2,4
2019-02-16 03:00:00,1,0,1
2019-02-16 04:00:00,5,3,2
2019-02-16 05:00:00,2,1,1
2019-02-16 06:00:00,5,3,2
2019-02-16 07:00:00,6,3,3
2019-02-16 08:00:00,8,2,6
2019-02-16 09:00:00,8,6,2
2019-02-16 10:00:00,6,2,4
2019-02-16 11:00:00,13,7,6
2019-02-16 12:00:00,14,9,5
2019-02-16 13:00:00,14,8,6
2019-02-16 14:00:00,8,3,5
2019-02-16 15:00:00,12,9,3
2019-02-16 16:00:00,8,3,5
2019-02-16 17:00:00,5,3,2
2019-02-16 18:00:00,10,6,4
2019-02-16 19:00:00,3,2,1
2019-02-16 20:00:00,5,4,1
2019-02-16 21:00:00,5,2,3
2019-02-16 22:00:00,4,2,2
2019-02-16 23:00:00,4,0,4
2019-02-17 00:00:00,1,1,0
2019-02-17 01:00:00,3,1,2
2019-02-17 02:00:00,6,2,4
2019-02-17 03:00:00,1,0,1
2019-02-17 04:00:00,2,1,1
2019-02-17 05:00:00,0,0,0
2019-02-17 06:00:00,3,1,2
2019-02-17 07:00:00,2,1,1
2019-02-17 08:00:00,6,3,3
2019-02-17 09:00:00,14,7,7
2019-02-17 10:00:00,7,4,3
2019-02-17 11:00:00,9,8,1
2019-02-17 12:00:00,13,9,4
2019-02-17 13:00:00,21,13,8
2019-02-17 14:00:00,19,10,9
2019-02-17 15:00:00,12,8,4
2019-02-17 16:00:00,13,8,5
2019-02-17 17:00:00,22,8,14
2019-02-17 18:00:00,16,9,7
2019-02-17 19:00:00,11,6,5
2019-02-17 20:00:00,5,3,2
2019-02-17 21:00:00,7,2,5
2019-02-17 22:00:00,4,2,2
2019-02-17 23:00:00,1,1,0
2019-02-18 00:00:00,2,0,2
2019-02-18 01:00:00,4,2,2
2019-02-18 02:00:00,0,0,0
2019-02-18 03:00:00,1,1,0
2019-02-18 04:00:00,3,3,0
2019-02-18 05:00:00,7,5,2
2019-02-18 06:00:00,9,5,4
2019-02-18 07:00:00,32,16,16
2019-02-18 08:00:00,31,18,13
2019-02-18 09:00:00,41,23,18
2019-02-18 10:00:00,28,11,17
2019-02-18 11:00:00,19,14,5
2019-02-18 12:00:00,11,6,5
2019-02-18 13:00:00,17,12,5
2019-02-18 14:00:00,27,13,14
2019-02-18 15:00:00,27,12,15
2019-02-18 16:00:00,45,18,27
2019-02-18 17:00:00,66,29,37
2019-02-18 18:00:00,37,16,21
2019-02-18 19:00:00,20,7,13
2019-02-18 20:00:00,7,4,3
2019-02-18 21:00:00,5,2,3
2019-02-18 22:00:00,4,3,1
2019-02-18 23:00:00,1,0,1
2019-02-19 00:00:00,2,2,0
2019-02-19 01:00:00,0,0,0
2019-02-19 02:00:00,2,2,0
2019-02-19 03:00:00,0,0,0
2019-02-19 04:00:00,0,0,0
2019-02-19 05:00:00,15,11,4
2019-02-19 06:00:00,21,11,10
2019-02-19 07:00:00,68,39,29
2019-02-19 08:00:00,91,38,53
2019-02-19 09:00:00,50,24,26
2019-02-19 10:00:00,25,15,10
2019-02-19 11:00:00,36,19,17
2019-02-19 12:00:00,34,26,8
2019-02-19 13:00:00,21,12,9
2019-02-19 14:00:00,26,11,15
2019-02-19 15:00:00,46,15,31
2019-02-19 16:00:00,78,26,52
2019-02-19 17:00:00,129,49,80
2019-02-19 18:00:00,49,14,35
2019-02-19 19:00:00,24,11,13
2019-02-19 20:00:00,9,5,4
2019-02-19 21:00:00,3,2,1
2019-02-19 22:00:00,3,2,1
2019-02-19 23:00:00,2,0,2
2019-02-20 00:00:00,0,0,0
2019-02-20 01:00:00,1,1,0
2019-02-20 02:00:00,0,0,0
2019-02-20 03:00:00,1,0,1
2019-02-20 04:00:00,1,1,0
2019-02-20 05:00:00,12,9,3
2019-02-20 06:00:00,17,14,3
2019-02-20 07:00:00,67,37,30
2019-02-20 08:00:00,108,59,49
2019-02-20 09:00:00,69,32,37
2019-02-20 10:00:00,20,10,10
2019-02-20 11:00:00,37,22,15
2019-02-20 12:00:00,33,15,18
2019-02-20 13:00:00,28,15,13
2019-02-20 14:00:00,28,13,15
2019-02-20 15:00:00,46,18,28
2019-02-20 16:00:00,71,24,47
2019-02-20 17:00:00,130,48,82
2019-02-20 18:00:00,73,23,50
2019-02-20 19:00:00,17,8,9
2019-02-20 20:00:00,16,5,11
2019-02-20 21:00:00,16,9,7
2019-02-20 22:00:00,5,4,1
2019-02-20 23:00:00,3,1,2
2019-02-21 00:00:00,3,1,2
2019-02-21 01:00:00,2,2,0
2019-02-21 02:00:00,1,0,1
2019-02-21 03:00:00,1,1,0
2019-02-21 04:00:00,2,1,1
2019-02-21 05:00:00,11,9,2
2019-02-21 06:00:00,17,11,6
2019-02-21 07:00:00,59,33,26
2019-02-21 08:00:00,94,51,43
2019-02-21 09:00:00,73,38,35
2019-02-21 10:00:00,35,22,13
2019-02-21 11:00:00,27,13,14
2019-02-21 12:00:00,33,18,15
2019-02-21 13:00:00,39,14,25
2019-02-21 14:00:00,34,17,17
2019-02-21 15:00:00,54,18,36
2019-02-21 16:00:00,109,38,71
2019-02-21 17:00:00,142,52,90
2019-02-21 18:00:00,73,29,44
2019-02-21 19:00:00,26,8,18
2019-02-21 20:00:00,20,9,11
2019-02-21 21:00:00,10,4,6
2019-02-21 22:00:00,18,8,10
2019-02-21 23:00:00,4,0,4
2019-02-22 00:00:00,4,1,3
2019-02-22 01:00:00,1,1,0
2019-02-22 02:00:00,1,1,0
2019-02-22 03:00:00,1,0,1
2019-02-22 04:00:00,3,3,0
2019-02-22 05:00:00,10,7,3
2019-02-22 06:00:00,22,16,6
2019-02-22 07:00:00,51,34,17
2019-02-22 08:00:00,85,42,43
2019-02-22 09:00:00,50,21,29
2019-02-22 10:00:00,25,14,11
2019-02-22 11:00:00,26,18,8
2019-02-22 12:00:00,21,12,9
2019-02-22 13:00:00,20,7,13
2019-02-22 14:00:00,33,19,14
2019-02-22 15:00:00,44,15,29
2019-02-22 16:00:00,82,32,50
2019-02-22 17:00:00,82,43,39
2019-02-22 18:00:00,49,22,27
2019-02-22 19:00:00,17,8,9
2019-02-22 20:00:00,12,6,6
2019-02-22 21:00:00,7,3,4
2019-02-22 22:00:00,4,2,2
2019-02-22 23:00:00,5,2,3
2019-02-23 00:00:00,6,3,3
2019-02-23 01:00:00,2,0,2
2019-02-23 02:00:00,1,0,1
2019-02-23 03:00:00,1,0,1
2019-02-23 04:00:00,2,2,0
2019-02-23 05:00:00,4,2,2
2019-02-23 06:00:00,2,1,1
2019-02-23 07:00:00,5,4,1
2019-02-23 08:00:00,6,3,3
2019-02-23 09:00:00,11,5,6
2019-02-23 10:00:00,10,3,7
2019-02-23 11:00:00,13,4,9
2019-02-23 12:00:00,16,6,10
2019-02-23 13:00:00,17,9,8
2019-02-23 14:00:00,24,9,15
2019-02-23 15:00:00,23,10,13
2019-02-23 16:00:00,21,8,13
2019-02-23 17:00:00,13,5,8
2019-02-23 18:00:00,18,9,9
2019-02-23 19:00:00,5,3,2
2019-02-23 20:00:00,0,0,0
2019-02-23 21:00:00,1,0,1
2019-02-23 22:00:00,6,0,6
2019-02-23 23:00:00,4,2,2
2019-02-24 00:00:00,1,1,0
2019-02-24 01:00:00,2,1,1
2019-02-24 02:00:00,1,0,1
2019-02-24 03:00:00,1,0,1
2019-02-24 04:00:00,0,0,0
2019-02-24 05:00:00,3,2,1
2019-02-24 06:00:00,1,0,1
2019-02-24 07:00:00,22,6,16
2019-02-24 08:00:00,34,6,28
2019-02-24 09:00:00,19,5,14
2019-02-24 10:00:00,18,9,9
2019-02-24 11:00:00,12,6,6
2019-02-24 12:00:00,24,14,10
2019-02-24 13:00:00,17,11,6
2019-02-24 14:00:00,49,34,15
2019-02-24 15:00:00,46,37,9
2019-02-24 16:00:00,31,21,10
2019-02-24 17:00:00,12,5,7
2019-02-24 18:00:00,17,8,9
2019-02-24 19:00:00,7,4,3
2019-02-24 20:00:00,10,3,7
2019-02-24 21:00:00,3,2,1
2019-02-24 22:00:00,2,1,1
2019-02-24 23:00:00,3,1,2
2019-02-25 00:00:00,0,0,0
2019-02-25 01:00:00,1,1,0
2019-02-25 02:00:00,1,1,0
2019-02-25 03:00:00,3,2,1
2019-02-25 04:00:00,3,3,0
2019-02-25 05:00:00,13,11,2
2019-02-25 06:00:00,29,17,12
2019-02-25 07:00:00,86,53,33
2019-02-25 08:00:00,127,65,62
2019-02-25 09:00:00,72,38,34
2019-02-25 10:00:00,39,25,14
2019-02-25 11:00:00,42,24,18
2019-02-25 12:00:00,41,19,22
2019-02-25 13:00:00,27,19,8
2019-02-25 14:00:00,47,21,26
2019-02-25 15:00:00,57,14,43
2019-02-25 16:00:00,97,33,64
2019-02-25 17:00:00,148,60,88
2019-02-25 18:00:00,70,27,43
2019-02-25 19:00:00,17,6,11
2019-02-25 20:00:00,16,6,10
2019-02-25 21:00:00,13,7,6
2019-02-25 22:00:00,6,3,3
2019-02-25 23:00:00,2,1,1
2019-02-26 00:00:00,3,3,0
2019-02-26 01:00:00,0,0,0
2019-02-26 02:00:00,0,0,0
2019-02-26 03:00:00,0,0,0
2019-02-26 04:00:00,4,2,2
2019-02-26 05:00:00,14,13,1
2019-02-26 06:00:00,27,15,12
2019-02-26 07:00:00,88,52,36
2019-02-26 08:00:00,117,59,58
2019-02-26 09:00:00,70,31,39
2019-02-26 10:00:00,36,21,15
2019-02-26 11:00:00,31,21,10
2019-02-26 12:00:00,40,16,24
2019-02-26 13:00:00,30,16,14
2019-02-26 14:00:00,32,16,16
2019-02-26 15:00:00,60,23,37
2019-02-26 16:00:00,122,50,72
2019-02-26 17:00:00,147,57,90
2019-02-26 18:00:00,69,24,45
2019-02-26 19:00:00,29,10,19
2019-02-26 20:00:00,16,7,9
2019-02-26 21:00:00,2,1,1
2019-02-26 22:00:00,7,5,2
2019-02-26 23:00:00,6,3,3
2019-02-27 00:00:00,4,2,2
2019-02-27 01:00:00,0,0,0
2019-02-27 02:00:00,2,1,1
2019-02-27 03:00:00,0,0,0
2019-02-27 04:00:00,2,2,0
2019-02-27 05:00:00,17,11,6
2019-02-27 06:00:00,19,8,11
2019-02-27 07:00:00,70,42,28
2019-02-27 08:00:00,107,45,62
2019-02-27 09:00:00,69,34,35
2019-02-27 10:00:00,31,19,12
2019-02-27 11:00:00,19,11,8
2019-02-27 12:00:00,29,15,14
2019-02-27 13:00:00,31,12,19
2019-02-27 14:00:00,37,16,21
2019-02-27 15:00:00,43,15,28
2019-02-27 16:00:00,103,45,58
2019-02-27 17:00:00,137,52,85
2019-02-27 18:00:00,72,32,40
2019-02-27 19:00:00,22,13,9
2019-02-27 20:00:00,9,5,4
2019-02-27 21:00:00,14,4,10
2019-02-27 22:00:00,5,2,3
2019-02-27 23:00:00,4,2,2
2019-02-28 00:00:00,2,1,1
2019-02-28 01:00:00,1,1,0
2019-02-28 02:00:00,0,0,0
2019-02-28 03:00:00,1,0,1
2019-02-28 04:00:00,3,2,1
2019-02-28 05:00:00,14,11,3
2019-02-28 06:00:00,19,11,8
2019-02-28 07:00:00,76,44,32
2019-02-28 08:00:00,102,57,45
2019-02-28 09:00:00,55,23,32
2019-02-28 10:00:00,36,13,23
2019-02-28 11:00:00,37,20,17
2019-02-28 12:00:00,32,14,18
2019-02-28 13:00:00,39,18,21
2019-02-28 14:00:00,49,25,24
2019-02-28 15:00:00,65,17,48
2019-02-28 16:00:00,96,48,48
2019-02-28 17:00:00,154,58,96
2019-02-28 18:00:00,83,28,55
2019-02-28 19:00:00,23,11,12
2019-02-28 20:00:00,17,7,10
2019-02-28 21:00:00,11,5,6
2019-02-28 22:00:00,5,2,3
2019-02-28 23:00:00,5,2,3
2019-03-01 00:00:00,3,2,1
2019-03-01 01:00:00,1,0,1
2019-03-01 02:00:00,3,2,1
2019-03-01 03:00:00,0,0,0
2019-03-01 04:00:00,3,3,0
2019-03-01 05:00:00,10,8,2
2019-03-01 06:00:00,20,12,8
2019-03-01 07:00:00,79,46,33
2019-03-01 08:00:00,114,52,62
2019-03-01 09:00:00,49,25,24
2019-03-01 10:00:00,31,15,16
2019-03-01 11:00:00,32,12,20
2019-03-01 12:00:00,44,19,25
2019-03-01 13:00:00,34,16,18
2019-03-01 14:00:00,41,16,25
2019-03-01 15:00:00,73,25,48
2019-03-01 16:00:00,108,42,66
2019-03-01 17:00:00,128,45,83
2019-03-01 18:00:00,58,15,43
2019-03-01 19:00:00,20,11,9
2019-03-01 20:00:00,21,8,13
2019-03-01 21:00:00,13,7,6
2019-03-01 22:00:00,8,5,3
2019-03-01 23:00:00,7,3,4
2019-03-02 00:00:00,7,4,3
2019-03-02 01:00:00,4,1,3
2019-03-02 02:00:00,6,3,3
2019-03-02 03:00:00,1,1,0
2019-03-02 04:00:00,2,2,0
2019-03-02 05:00:00,3,1,2
2019-03-02 06:00:00,2,1,1
2019-03-02 07:00:00,5,3,2
2019-03-02 08:00:00,13,9,4
2019-03-02 09:00:00,5,3,2
2019-03-02 10:00:00,16,6,10
2019-03-02 11:00:00,16,5,11
2019-03-02 12:00:00,25,14,11
2019-03-02 13:00:00,41,19,22
2019-03-02 14:00:00,36,15,21
2019-03-02 15:00:00,41,20,21
2019-03-02 16:00:00,39,23,16
2019-03-02 17:00:00,21,4,17
2019-03-02 18:00:00,52,9,43
2019-03-02 19:00:00,20,7,13
2019-03-02 20:00:00,1,1,0
2019-03-02 21:00:00,35,28,7
2019-03-02 22:00:00,10,6,4
2019-03-02 23:00:00,6,5,1
2019-03-03 00:00:00,8,1,7
2019-03-03 01:00:00,3,1,2
2019-03-03 02:00:00,4,2,2
2019-03-03 03:00:00,1,0,1
2019-03-03 04:00:00,0,0,0
2019-03-03 05:00:00,4,0,4
2019-03-03 06:00:00,4,2,2
2019-03-03 07:00:00,2,1,1
2019-03-03 08:00:00,9,3,6
2019-03-03 09:00:00,15,10,5
2019-03-03 10:00:00,15,11,4
2019-03-03 11:00:00,18,8,10
2019-03-03 12:00:00,16,6,10
2019-03-03 13:00:00,24,13,11
2019-03-03 14:00:00,35,19,16
2019-03-03 15:00:00,36,20,16
2019-03-03 16:00:00,27,12,15
2019-03-03 17:00:00,25,9,16
2019-03-03 18:00:00,16,10,6
2019-03-03 19:00:00,10,4,6
2019-03-03 20:00:00,7,3,4
2019-03-03 21:00:00,3,2,1
2019-03-03 22:00:00,4,0,4
2019-03-03 23:00:00,0,0,0
2019-03-04 00:00:00,0,0,0
2019-03-04 01:00:00,1,0,1
2019-03-04 02:00:00,2,1,1
2019-03-04 03:00:00,1,1,0
2019-03-04 04:00:00,4,4,0
2019-03-04 05:00:00,12,10,2
2019-03-04 06:00:00,21,14,7
2019-03-04 07:00:00,112,74,38
2019-03-04 08:00:00,141,71,70
2019-03-04 09:00:00,62,31,31
2019-03-04 10:00:00,31,15,16
2019-03-04 11:00:00,27,18,9
2019-03-04 12:00:00,30,15,15
2019-03-04 13:00:00,32,17,15
2019-03-04 14:00:00,40,22,18
2019-03-04 15:00:00,69,21,48
2019-03-04 16:00:00,145,50,95
2019-03-04 17:00:00,162,67,95
2019-03-04 18:00:00,67,35,32
2019-03-04 19:00:00,21,7,14
2019-03-04 20:00:00,15,6,9
2019-03-04 21:00:00,4,2,2
2019-03-04 22:00:00,8,5,3
2019-03-04 23:00:00,4,2,2
2019-03-05 00:00:00,4,2,2
2019-03-05 01:00:00,0,0,0
2019-03-05 02:00:00,4,3,1
2019-03-05 03:00:00,1,0,1
2019-03-05 04:00:00,3,3,0
2019-03-05 05:00:00,20,17,3
2019-03-05 06:00:00,20,13,7
2019-03-05 07:00:00,85,44,41
2019-03-05 08:00:00,143,68,75
2019-03-05 09:00:00,71,38,33
2019-03-05 10:00:00,31,19,12
2019-03-05 11:00:00,24,11,13
2019-03-05 12:00:00,49,27,22
2019-03-05 13:00:00,43,18,25
2019-03-05 14:00:00,48,27,21
2019-03-05 15:00:00,55,22,33
2019-03-05 16:00:00,134,47,87
2019-03-05 17:00:00,161,60,101
2019-03-05 18:00:00,80,28,52
2019-03-05 19:00:00,23,10,13
2019-03-05 20:00:00,19,10,9
2019-03-05 21:00:00,8,2,6
2019-03-05 22:00:00,5,3,2
2019-03-05 23:00:00,4,1,3
2019-03-06 00:00:00,4,1,3
2019-03-06 01:00:00,1,1,0
2019-03-06 02:00:00,1,1,0
2019-03-06 03:00:00,2,2,0
2019-03-06 04:00:00,2,2,0
2019-03-06 05:00:00,23,15,8
2019-03-06 06:00:00,28,18,10
2019-03-06 07:00:00,76,38,38
2019-03-06 08:00:00,102,48,54
2019-03-06 09:00:00,72,36,36
2019-03-06 10:00:00,38,20,18
2019-03-06 11:00:00,26,12,14
2019-03-06 12:00:00,37,22,15
2019-03-06 13:00:00,25,12,13
2019-03-06 14:00:00,16,7,9
2019-03-06 15:00:00,43,18,25
2019-03-06 16:00:00,74,19,55
2019-03-06 17:00:00,131,58,73
2019-03-06 18:00:00,54,19,35
2019-03-06 19:00:00,25,9,16
2019-03-06 20:00:00,14,5,9
2019-03-06 21:00:00,3,1,2
2019-03-06 22:00:00,3,1,2
2019-03-06 23:00:00,2,1,1
2019-03-07 00:00:00,2,2,0
2019-03-07 01:00:00,0,0,0
2019-03-07 02:00:00,0,0,0
2019-03-07 03:00:00,0,0,0
2019-03-07 04:00:00,4,3,1
2019-03-07 05:00:00,10,8,2
2019-03-07 06:00:00,16,10,6
2019-03-07 07:00:00,34,21,13
2019-03-07 08:00:00,55,24,31
2019-03-07 09:00:00,29,12,17
2019-03-07 10:00:00,15,6,9
2019-03-07 11:00:00,17,8,9
2019-03-07 12:00:00,29,10,19
2019-03-07 13:00:00,25,16,9
2019-03-07 14:00:00,30,14,16
2019-03-07 15:00:00,36,15,21
2019-03-07 16:00:00,67,24,43
2019-03-07 17:00:00,90,26,64
2019-03-07 18:00:00,45,21,24
2019-03-07 19:00:00,33,20,13
2019-03-07 20:00:00,15,8,7
2019-03-07 21:00:00,14,7,7
2019-03-07 22:00:00,9,7,2
2019-03-07 23:00:00,6,2,4
2019-03-08 00:00:00,2,2,0
2019-03-08 01:00:00,1,0,1
2019-03-08 02:00:00,2,2,0
2019-03-08 03:00:00,1,0,1
2019-03-08 04:00:00,4,3,1
2019-03-08 05:00:00,8,4,4
2019-03-08 06:00:00,24,16,8
2019-03-08 07:00:00,53,34,19
2019-03-08 08:00:00,76,37,39
2019-03-08 09:00:00,32,16,16
2019-03-08 10:00:00,22,14,8
2019-03-08 11:00:00,38,21,17
2019-03-08 12:00:00,24,12,12
2019-03-08 13:00:00,26,15,11
2019-03-08 14:00:00,36,17,19
2019-03-08 15:00:00,40,18,22
2019-03-08 16:00:00,73,22,51
2019-03-08 17:00:00,113,43,70
2019-03-08 18:00:00,46,15,31
2019-03-08 19:00:00,25,10,15
2019-03-08 20:00:00,11,4,7
2019-03-08 21:00:00,6,2,4
2019-03-08 22:00:00,5,1,4
2019-03-08 23:00:00,6,2,4
2019-03-09 00:00:00,3,1,2
2019-03-09 01:00:00,4,3,1
2019-03-09 02:00:00,3,1,2
2019-03-09 03:00:00,0,0,0
2019-03-09 04:00:00,3,2,1
2019-03-09 05:00:00,3,1,2
2019-03-09 06:00:00,4,2,2
2019-03-09 07:00:00,3,2,1
2019-03-09 08:00:00,9,6,3
2019-03-09 09:00:00,9,3,6
2019-03-09 10:00:00,9,6,3
2019-03-09 11:00:00,15,9,6
2019-03-09 12:00:00,28,8,20
2019-03-09 13:00:00,31,12,19
2019-03-09 14:00:00,39,22,17
2019-03-09 15:00:00,31,17,14
2019-03-09 16:00:00,25,7,18
2019-03-09 17:00:00,38,14,24
2019-03-09 18:00:00,34,9,25
2019-03-09 19:00:00,7,1,6
2019-03-09 20:00:00,15,7,8
2019-03-09 21:00:00,31,24,7
2019-03-09 22:00:00,17,11,6
2019-03-09 23:00:00,6,2,4
2019-03-10 00:00:00,3,2,1
2019-03-10 01:00:00,1,1,0
2019-03-10 02:00:00,0,0,0
2019-03-10 03:00:00,1,0,1
2019-03-10 04:00:00,2,0,2
2019-03-10 05:00:00,4,2,2
2019-03-10 06:00:00,2,0,2
2019-03-10 07:00:00,2,0,2
2019-03-10 08:00:00,6,4,2
2019-03-10 09:00:00,15,11,4
2019-03-10 10:00:00,11,7,4
2019-03-10 11:00:00,29,13,16
2019-03-10 12:00:00,13,5,8
2019-03-10 13:00:00,37,20,17
2019-03-10 14:00:00,52,18,34
2019-03-10 15:00:00,13,4,9
2019-03-10 16:00:00,18,10,8
2019-03-10 17:00:00,33,17,16
2019-03-10 18:00:00,19,11,8
2019-03-10 19:00:00,14,6,8
2019-03-10 20:00:00,13,4,9
2019-03-10 21:00:00,3,3,0
2019-03-10 22:00:00,11,4,7
2019-03-10 23:00:00,10,7,3
2019-03-11 00:00:00,5,1,4
2019-03-11 01:00:00,1,1,0
2019-03-11 02:00:00,0,0,0
2019-03-11 03:00:00,1,1,0
2019-03-11 04:00:00,5,5,0
2019-03-11 05:00:00,16,14,2
2019-03-11 06:00:00,21,11,10
2019-03-11 07:00:00,77,48,29
2019-03-11 08:00:00,115,56,59
2019-03-11 09:00:00,78,37,41
2019-03-11 10:00:00,28,18,10
2019-03-11 11:00:00,32,15,17
2019-03-11 12:00:00,37,18,19
2019-03-11 13:00:00,32,18,14
2019-03-11 14:00:00,25,10,15
2019-03-11 15:00:00,59,18,41
2019-03-11 16:00:00,110,31,79
2019-03-11 17:00:00,158,62,96
2019-03-11 18:00:00,77,35,42
2019-03-11 19:00:00,24,9,15
2019-03-11 20:00:00,17,9,8
2019-03-11 21:00:00,8,5,3
2019-03-11 22:00:00,3,1,2
2019-03-11 23:00:00,0,0,0
2019-03-12 00:00:00,2,2,0
2019-03-12 01:00:00,1,1,0
2019-03-12 02:00:00,0,0,0
2019-03-12 03:00:00,0,0,0
2019-03-12 04:00:00,1,1,0
2019-03-12 05:00:00,8,5,3
2019-03-12 06:00:00,18,14,4
2019-03-12 07:00:00,52,35,17
2019-03-12 08:00:00,97,49,48
2019-03-12 09:00:00,59,33,26
2019-03-12 10:00:00,33,16,17
2019-03-12 11:00:00,30,20,10
2019-03-12 12:00:00,21,13,8
2019-03-12 13:00:00,21,12,9
2019-03-12 14:00:00,35,14,21
2019-03-12 15:00:00,37,12,25
2019-03-12 16:00:00,96,35,61
2019-03-12 17:00:00,134,48,86
2019-03-12 18:00:00,76,27,49
2019-03-12 19:00:00,30,15,15
2019-03-12 20:00:00,13,6,7
2019-03-12 21:00:00,11,6,5
2019-03-12 22:00:00,9,4,5
2019-03-12 23:00:00,3,3,0
2019-03-13 00:00:00,2,1,1
2019-03-13 01:00:00,3,1,2
2019-03-13 02:00:00,2,1,1
2019-03-13 03:00:00,0,0,0
2019-03-13 04:00:00,2,2,0
2019-03-13 05:00:00,10,8,2
2019-03-13 06:00:00,34,22,12
2019-03-13 07:00:00,75,45,30
2019-03-13 08:00:00,124,63,61
2019-03-13 09:00:00,65,29,36
2019-03-13 10:00:00,43,15,28
2019-03-13 11:00:00,44,21,23
2019-03-13 12:00:00,43,25,18
2019-03-13 13:00:00,32,17,15
2019-03-13 14:00:00,50,26,24
2019-03-13 15:00:00,68,20,48
2019-03-13 16:00:00,88,25,63
2019-03-13 17:00:00,187,71,116
2019-03-13 18:00:00,108,39,69
2019-03-13 19:00:00,31,10,21
2019-03-13 20:00:00,23,14,9
2019-03-13 21:00:00,8,3,5
2019-03-13 22:00:00,8,3,5
2019-03-13 23:00:00,4,1,3
2019-03-14 00:00:00,2,1,1
2019-03-14 01:00:00,2,1,1
2019-03-14 02:00:00,3,2,1
2019-03-14 03:00:00,2,1,1
2019-03-14 04:00:00,4,4,0
2019-03-14 05:00:00,14,9,5
2019-03-14 06:00:00,26,16,10
2019-03-14 07:00:00,81,50,31
2019-03-14 08:00:00,130,62,68
2019-03-14 09:00:00,73,38,35
2019-03-14 10:00:00,29,19,10
2019-03-14 11:00:00,54,26,28
2019-03-14 12:00:00,35,18,17
2019-03-14 13:00:00,41,21,20
2019-03-14 14:00:00,49,28,21
2019-03-14 15:00:00,56,10,46
2019-03-14 16:00:00,141,56,85
2019-03-14 17:00:00,171,57,114
2019-03-14 18:00:00,89,35,54
2019-03-14 19:00:00,31,16,15
2019-03-14 20:00:00,26,12,14
2019-03-14 21:00:00,14,5,9
2019-03-14 22:00:00,9,5,4
2019-03-14 23:00:00,13,3,10
2019-03-15 00:00:00,2,2,0
2019-03-15 01:00:00,1,1,0
2019-03-15 02:00:00,2,1,1
2019-03-15 03:00:00,2,2,0
2019-03-15 04:00:00,5,5,0
2019-03-15 05:00:00,13,11,2
2019-03-15 06:00:00,31,16,15
2019-03-15 07:00:00,65,35,30
2019-03-15 08:00:00,132,68,64
2019-03-15 09:00:00,72,32,40
2019-03-15 10:00:00,42,24,18
2019-03-15 11:00:00,55,29,26
2019-03-15 12:00:00,56,27,29
2019-03-15 13:00:00,42,18,24
2019-03-15 14:00:00,52,21,31
2019-03-15 15:00:00,73,26,47
2019-03-15 16:00:00,135,55,80
2019-03-15 17:00:00,168,65,103
2019-03-15 18:00:00,83,26,57
2019-03-15 19:00:00,50,29,21
2019-03-15 20:00:00,17,7,10
2019-03-15 21:00:00,26,12,14
2019-03-15 22:00:00,18,9,9
2019-03-15 23:00:00,12,5,7
2019-03-16 00:00:00,15,9,6
2019-03-16 01:00:00,7,6,1
2019-03-16 02:00:00,5,0,5
2019-03-16 03:00:00,0,0,0
2019-03-16 04:00:00,3,1,2
2019-03-16 05:00:00,3,1,2
2019-03-16 06:00:00,5,2,3
2019-03-16 07:00:00,8,3,5
2019-03-16 08:00:00,12,7,5
2019-03-16 09:00:00,17,10,7
2019-03-16 10:00:00,22,10,12
2019-03-16 11:00:00,36,16,20
2019-03-16 12:00:00,37,21,16
2019-03-16 13:00:00,55,26,29
2019-03-16 14:00:00,49,26,23
2019-03-16 15:00:00,45,22,23
2019-03-16 16:00:00,49,15,34
2019-03-16 17:00:00,33,17,16
2019-03-16 18:00:00,45,18,27
2019-03-16 19:00:00,33,16,17
2019-03-16 20:00:00,21,10,11
2019-03-16 21:00:00,12,5,7
2019-03-16 22:00:00,15,7,8
2019-03-16 23:00:00,13,6,7
2019-03-17 00:00:00,11,3,8
2019-03-17 01:00:00,5,4,1
2019-03-17 02:00:00,0,0,0
2019-03-17 03:00:00,1,0,1
2019-03-17 04:00:00,1,0,1
2019-03-17 05:00:00,2,1,1
2019-03-17 06:00:00,2,0,2
2019-03-17 07:00:00,1,1,0
2019-03-17 08:00:00,14,7,7
2019-03-17 09:00:00,20,8,12
2019-03-17 10:00:00,23,10,13
2019-03-17 11:00:00,28,12,16
2019-03-17 12:00:00,40,15,25
2019-03-17 13:00:00,54,23,31
2019-03-17 14:00:00,49,22,27
2019-03-17 15:00:00,51,20,31
2019-03-17 16:00:00,36,22,14
2019-03-17 17:00:00,46,15,31
2019-03-17 18:00:00,37,22,15
2019-03-17 19:00:00,24,10,14
2019-03-17 20:00:00,14,8,6
2019-03-17 21:00:00,6,4,2
2019-03-17 22:00:00,4,3,1
2019-03-17 23:00:00,11,4,7
2019-03-18 00:00:00,3,2,1
2019-03-18 01:00:00,1,1,0
2019-03-18 02:00:00,0,0,0
2019-03-18 03:00:00,3,3,0
2019-03-18 04:00:00,3,3,0
2019-03-18 05:00:00,17,11,6
2019-03-18 06:00:00,39,28,11
2019-03-18 07:00:00,104,58,46
2019-03-18 08:00:00,180,90,90
2019-03-18 09:00:00,103,59,44
2019-03-18 10:00:00,42,22,20
2019-03-18 11:00:00,48,22,26
2019-03-18 12:00:00,49,23,26
2019-03-18 13:00:00,43,21,22
2019-03-18 14:00:00,43,16,27
2019-03-18 15:00:00,94,35,59
2019-03-18 16:00:00,160,60,100
2019-03-18 17:00:00,202,77,125
2019-03-18 18:00:00,116,45,71
2019-03-18 19:00:00,47,18,29
2019-03-18 20:00:00,23,13,10
2019-03-18 21:00:00,14,5,9
2019-03-18 22:00:00,9,4,5
2019-03-18 23:00:00,7,3,4
2019-03-19 00:00:00,6,5,1
2019-03-19 01:00:00,2,0,2
2019-03-19 02:00:00,1,0,1
2019-03-19 03:00:00,2,2,0
2019-03-19 04:00:00,1,1,0
2019-03-19 05:00:00,16,13,3
2019-03-19 06:00:00,41,23,18
2019-03-19 07:00:00,123,67,56
2019-03-19 08:00:00,184,82,102
2019-03-19 09:00:00,107,56,51
2019-03-19 10:00:00,36,15,21
2019-03-19 11:00:00,57,28,29
2019-03-19 12:00:00,61,28,33
2019-03-19 13:00:00,52,21,31
2019-03-19 14:00:00,53,21,32
2019-03-19 15:00:00,108,40,68
2019-03-19 16:00:00,186,75,111
2019-03-19 17:00:00,229,87,142
2019-03-19 18:00:00,126,65,61
2019-03-19 19:00:00,47,22,25
2019-03-19 20:00:00,27,12,15
2019-03-19 21:00:00,20,11,9
2019-03-19 22:00:00,11,8,3
2019-03-19 23:00:00,3,1,2
2019-03-20 00:00:00,4,3,1
2019-03-20 01:00:00,2,0,2
2019-03-20 02:00:00,2,2,0
2019-03-20 03:00:00,1,1,0
2019-03-20 04:00:00,1,1,0
2019-03-20 05:00:00,20,16,4
2019-03-20 06:00:00,34,19,15
2019-03-20 07:00:00,111,62,49
2019-03-20 08:00:00,176,79,97
2019-03-20 09:00:00,96,45,51
2019-03-20 10:00:00,46,20,26
2019-03-20 11:00:00,44,25,19
2019-03-20 12:00:00,61,28,33
2019-03-20 13:00:00,56,32,24
2019-03-20 14:00:00,52,21,31
2019-03-20 15:00:00,90,37,53
2019-03-20 16:00:00,147,54,93
2019-03-20 17:00:00,254,90,164
2019-03-20 18:00:00,111,56,55
2019-03-20 19:00:00,52,29,23
2019-03-20 20:00:00,28,9,19
2019-03-20 21:00:00,15,6,9
2019-03-20 22:00:00,10,6,4
2019-03-20 23:00:00,5,4,1
2019-03-21 00:00:00,5,4,1
2019-03-21 01:00:00,3,1,2
2019-03-21 02:00:00,1,1,0
2019-03-21 03:00:00,1,1,0
2019-03-21 04:00:00,5,4,1
2019-03-21 05:00:00,13,11,2
2019-03-21 06:00:00,39,20,19
2019-03-21 07:00:00,106,53,53
2019-03-21 08:00:00,151,74,77
2019-03-21 09:00:00,92,49,43
2019-03-21 10:00:00,45,24,21
2019-03-21 11:00:00,53,25,28
2019-03-21 12:00:00,55,24,31
2019-03-21 13:00:00,42,21,21
2019-03-21 14:00:00,43,17,26
2019-03-21 15:00:00,116,50,66
2019-03-21 16:00:00,150,65,85
2019-03-21 17:00:00,212,75,137
2019-03-21 18:00:00,108,51,57
2019-03-21 19:00:00,61,35,26
2019-03-21 20:00:00,28,13,15
2019-03-21 21:00:00,25,11,14
2019-03-21 22:00:00,9,5,4
2019-03-21 23:00:00,7,5,2
2019-03-22 00:00:00,3,0,3
2019-03-22 01:00:00,4,3,1
2019-03-22 02:00:00,0,0,0
2019-03-22 03:00:00,0,0,0
2019-03-22 04:00:00,9,3,6
2019-03-22 05:00:00,12,10,2
2019-03-22 06:00:00,27,17,10
2019-03-22 07:00:00,96,53,43
2019-03-22 08:00:00,117,61,56
2019-03-22 09:00:00,81,34,47
2019-03-22 10:00:00,60,43,17
2019-03-22 11:00:00,56,29,27
2019-03-22 12:00:00,54,33,21
2019-03-22 13:00:00,61,34,27
2019-03-22 14:00:00,56,28,28
2019-03-22 15:00:00,86,35,51
2019-03-22 16:00:00,118,51,67
2019-03-22 17:00:00,134,57,77
2019-03-22 18:00:00,70,28,42
2019-03-22 19:00:00,38,15,23
2019-03-22 20:00:00,31,13,18
2019-03-22 21:00:00,16,8,8
2019-03-22 22:00:00,24,11,13
2019-03-22 23:00:00,8,5,3
2019-03-23 00:00:00,9,6,3
2019-03-23 01:00:00,8,4,4
2019-03-23 02:00:00,2,1,1
2019-03-23 03:00:00,0,0,0
2019-03-23 04:00:00,2,2,0
2019-03-23 05:00:00,3,2,1
2019-03-23 06:00:00,2,2,0
2019-03-23 07:00:00,7,5,2
2019-03-23 08:00:00,11,6,5
2019-03-23 09:00:00,8,3,5
2019-03-23 10:00:00,21,9,12
2019-03-23 11:00:00,44,19,25
2019-03-23 12:00:00,48,17,31
2019-03-23 13:00:00,65,30,35
2019-03-23 14:00:00,54,30,24
2019-03-23 15:00:00,70,22,48
2019-03-23 16:00:00,58,33,25
2019-03-23 17:00:00,60,23,37
2019-03-23 18:00:00,67,35,32
2019-03-23 19:00:00,45,21,24
2019-03-23 20:00:00,22,14,8
2019-03-23 21:00:00,18,13,5
2019-03-23 22:00:00,66,52,14
2019-03-23 23:00:00,20,9,11
2019-03-24 00:00:00,12,8,4
2019-03-24 01:00:00,5,3,2
2019-03-24 02:00:00,3,3,0
2019-03-24 03:00:00,0,0,0
2019-03-24 04:00:00,2,0,2
2019-03-24 05:00:00,4,1,3
2019-03-24 06:00:00,2,1,1
2019-03-24 07:00:00,4,2,2
2019-03-24 08:00:00,15,6,9
2019-03-24 09:00:00,23,7,16
2019-03-24 10:00:00,36,15,21
2019-03-24 11:00:00,34,12,22
2019-03-24 12:00:00,32,14,18
2019-03-24 13:00:00,56,31,25
2019-03-24 14:00:00,33,15,18
2019-03-24 15:00:00,30,19,11
2019-03-24 16:00:00,46,22,24
2019-03-24 17:00:00,29,17,12
2019-03-24 18:00:00,32,12,20
2019-03-24 19:00:00,16,6,10
2019-03-24 20:00:00,11,5,6
2019-03-24 21:00:00,15,6,9
2019-03-24 22:00:00,12,6,6
2019-03-24 23:00:00,4,2,2
2019-03-25 00:00:00,5,3,2
2019-03-25 01:00:00,3,2,1
2019-03-25 02:00:00,0,0,0
2019-03-25 03:00:00,2,1,1
2019-03-25 04:00:00,2,1,1
2019-03-25 05:00:00,20,15,5
2019-03-25 06:00:00,32,20,12
2019-03-25 07:00:00,93,56,37
2019-03-25 08:00:00,138,67,71
2019-03-25 09:00:00,69,34,35
2019-03-25 10:00:00,31,16,15
2019-03-25 11:00:00,33,17,16
2019-03-25 12:00:00,48,29,19
2019-03-25 13:00:00,43,20,23
2019-03-25 14:00:00,37,12,25
2019-03-25 15:00:00,82,30,52
2019-03-25 16:00:00,116,43,73
2019-03-25 17:00:00,168,54,114
2019-03-25 18:00:00,64,25,39
2019-03-25 19:00:00,22,11,11
2019-03-25 20:00:00,21,11,10
2019-03-25 21:00:00,13,8,5
2019-03-25 22:00:00,9,8,1
2019-03-25 23:00:00,8,4,4
2019-03-26 00:00:00,7,2,5
2019-03-26 01:00:00,2,1,1
2019-03-26 02:00:00,0,0,0
2019-03-26 03:00:00,1,1,0
2019-03-26 04:00:00,3,2,1
2019-03-26 05:00:00,16,12,4
2019-03-26 06:00:00,38,20,18
2019-03-26 07:00:00,111,58,53
2019-03-26 08:00:00,163,76,87
2019-03-26 09:00:00,67,26,41
2019-03-26 10:00:00,36,14,22
2019-03-26 11:00:00,59,28,31
2019-03-26 12:00:00,45,22,23
2019-03-26 13:00:00,33,19,14
2019-03-26 14:00:00,52,23,29
2019-03-26 15:00:00,70,21,49
2019-03-26 16:00:00,151,53,98
2019-03-26 17:00:00,229,87,142
2019-03-26 18:00:00,122,51,71
2019-03-26 19:00:00,31,18,13
2019-03-26 20:00:00,34,16,18
2019-03-26 21:00:00,18,12,6
2019-03-26 22:00:00,10,4,6
2019-03-26 23:00:00,7,3,4
2019-03-27 00:00:00,1,1,0
2019-03-27 01:00:00,1,1,0
2019-03-27 02:00:00,0,0,0
2019-03-27 03:00:00,3,1,2
2019-03-27 04:00:00,4,2,2
2019-03-27 05:00:00,10,7,3
2019-03-27 06:00:00,38,21,17
2019-03-27 07:00:00,81,48,33
2019-03-27 08:00:00,188,83,105
2019-03-27 09:00:00,78,34,44
2019-03-27 10:00:00,44,22,22
2019-03-27 11:00:00,45,20,25
2019-03-27 12:00:00,51,27,24
2019-03-27 13:00:00,44,24,20
2019-03-27 14:00:00,45,22,23
2019-03-27 15:00:00,89,35,54
2019-03-27 16:00:00,151,48,103
2019-03-27 17:00:00,212,86,126
2019-03-27 18:00:00,117,54,63
2019-03-27 19:00:00,50,24,26
2019-03-27 20:00:00,29,12,17
2019-03-27 21:00:00,30,17,13
2019-03-27 22:00:00,14,8,6
2019-03-27 23:00:00,4,3,1
2019-03-28 00:00:00,3,3,0
2019-03-28 01:00:00,3,2,1
2019-03-28 02:00:00,3,2,1
2019-03-28 03:00:00,2,0,2
2019-03-28 04:00:00,3,3,0
2019-03-28 05:00:00,11,9,2
2019-03-28 06:00:00,45,25,20
2019-03-28 07:00:00,98,58,40
2019-03-28 08:00:00,150,72,78
2019-03-28 09:00:00,76,36,40
2019-03-28 10:00:00,55,27,28
2019-03-28 11:00:00,47,18,29
2019-03-28 12:00:00,55,19,36
2019-03-28 13:00:00,71,29,42
2019-03-28 14:00:00,99,29,70
2019-03-28 15:00:00,152,38,114
2019-03-28 16:00:00,177,61,116
2019-03-28 17:00:00,214,83,131
2019-03-28 18:00:00,117,45,72
2019-03-28 19:00:00,82,47,35
2019-03-28 20:00:00,57,41,16
2019-03-28 21:00:00,22,12,10
2019-03-28 22:00:00,9,6,3
2019-03-28 23:00:00,9,3,6
2019-03-29 00:00:00,5,4,1
2019-03-29 01:00:00,1,1,0
2019-03-29 02:00:00,1,1,0
2019-03-29 03:00:00,1,0,1
2019-03-29 04:00:00,2,2,0
2019-03-29 05:00:00,12,9,3
2019-03-29 06:00:00,35,17,18
2019-03-29 07:00:00,81,51,30
2019-03-29 08:00:00,132,50,82
2019-03-29 09:00:00,82,35,47
2019-03-29 10:00:00,34,12,22
2019-03-29 11:00:00,53,28,25
2019-03-29 12:00:00,63,33,30
2019-03-29 13:00:00,60,20,40
2019-03-29 14:00:00,74,35,39
2019-03-29 15:00:00,111,40,71
2019-03-29 16:00:00,153,59,94
2019-03-29 17:00:00,200,80,120
2019-03-29 18:00:00,123,45,78
2019-03-29 19:00:00,75,29,46
2019-03-29 20:00:00,33,22,11
2019-03-29 21:00:00,22,20,2
2019-03-29 22:00:00,48,37,11
2019-03-29 23:00:00,42,29,13
2019-03-30 00:00:00,14,10,4
2019-03-30 01:00:00,7,5,2
2019-03-30 02:00:00,14,9,5
2019-03-30 03:00:00,3,2,1
2019-03-30 04:00:00,2,2,0
2019-03-30 05:00:00,3,2,1
2019-03-30 06:00:00,5,2,3
2019-03-30 07:00:00,8,6,2
2019-03-30 08:00:00,14,8,6
2019-03-30 09:00:00,15,10,5
2019-03-30 10:00:00,27,10,17
2019-03-30 11:00:00,35,10,25
2019-03-30 12:00:00,63,26,37
2019-03-30 13:00:00,41,12,29
2019-03-30 14:00:00,55,22,33
2019-03-30 15:00:00,57,24,33
2019-03-30 16:00:00,50,19,31
2019-03-30 17:00:00,67,33,34
2019-03-30 18:00:00,62,19,43
2019-03-30 19:00:00,27,14,13
2019-03-30 20:00:00,29,17,12
2019-03-30 21:00:00,49,37,12
2019-03-30 22:00:00,22,16,6
2019-03-30 23:00:00,7,5,2
2019-03-31 00:00:00,10,4,6
2019-03-31 01:00:00,6,5,1
2019-03-31 02:00:00,6,4,2
2019-03-31 03:00:00,0,0,0
2019-03-31 04:00:00,1,1,0
2019-03-31 05:00:00,4,3,1
2019-03-31 06:00:00,2,0,2
2019-03-31 07:00:00,2,1,1
2019-03-31 08:00:00,5,3,2
2019-03-31 09:00:00,26,17,9
2019-03-31 10:00:00,26,13,13
2019-03-31 11:00:00,54,25,29
2019-03-31 12:00:00,66,19,47
2019-03-31 13:00:00,64,18,46
2019-03-31 14:00:00,59,22,37
2019-03-31 15:00:00,43,26,17
2019-03-31 16:00:00,52,28,24
2019-03-31 17:00:00,74,45,29
2019-03-31 18:00:00,50,31,19
2019-03-31 19:00:00,30,15,15
2019-03-31 20:00:00,26,15,11
2019-03-31 21:00:00,17,7,10
2019-03-31 22:00:00,8,5,3
2019-03-31 23:00:00,7,4,3
2019-04-01 00:00:00,2,0,2
2019-04-01 01:00:00,4,1,3
2019-04-01 02:00:00,1,0,1
2019-04-01 03:00:00,1,0,1
2019-04-01 04:00:00,3,2,1
2019-04-01 05:00:00,13,11,2
2019-04-01 06:00:00,44,27,17
2019-04-01 07:00:00,115,65,50
2019-04-01 08:00:00,181,79,102
2019-04-01 09:00:00,88,41,47
2019-04-01 10:00:00,53,23,30
2019-04-01 11:00:00,41,18,23
2019-04-01 12:00:00,60,26,34
2019-04-01 13:00:00,50,21,29
2019-04-01 14:00:00,68,31,37
2019-04-01 15:00:00,82,23,59
2019-04-01 16:00:00,162,59,103
2019-04-01 17:00:00,228,81,147
2019-04-01 18:00:00,141,56,85
2019-04-01 19:00:00,62,26,36
2019-04-01 20:00:00,24,15,9
2019-04-01 21:00:00,23,15,8
2019-04-01 22:00:00,21,16,5
2019-04-01 23:00:00,7,2,5
2019-04-02 00:00:00,5,2,3
2019-04-02 01:00:00,3,2,1
2019-04-02 02:00:00,3,3,0
2019-04-02 03:00:00,1,0,1
2019-04-02 04:00:00,2,1,1
2019-04-02 05:00:00,20,14,6
2019-04-02 06:00:00,51,26,25
2019-04-02 07:00:00,103,57,46
2019-04-02 08:00:00,190,82,108
2019-04-02 09:00:00,98,48,50
2019-04-02 10:00:00,61,26,35
2019-04-02 11:00:00,53,30,23
2019-04-02 12:00:00,44,20,24
2019-04-02 13:00:00,53,24,29
2019-04-02 14:00:00,67,31,36
2019-04-02 15:00:00,96,35,61
2019-04-02 16:00:00,161,59,102
2019-04-02 17:00:00,268,107,161
2019-04-02 18:00:00,113,47,66
2019-04-02 19:00:00,53,18,35
2019-04-02 20:00:00,24,17,7
2019-04-02 21:00:00,37,28,9
2019-04-02 22:00:00,11,9,2
2019-04-02 23:00:00,4,2,2
2019-04-03 00:00:00,5,2,3
2019-04-03 01:00:00,4,2,2
2019-04-03 02:00:00,3,1,2
2019-04-03 03:00:00,1,0,1
2019-04-03 04:00:00,1,1,0
2019-04-03 05:00:00,11,6,5
2019-04-03 06:00:00,37,22,15
2019-04-03 07:00:00,77,46,31
2019-04-03 08:00:00,143,65,78
2019-04-03 09:00:00,70,27,43
2019-04-03 10:00:00,30,10,20
2019-04-03 11:00:00,48,23,25
2019-04-03 12:00:00,35,17,18
2019-04-03 13:00:00,45,20,25
2019-04-03 14:00:00,40,18,22
2019-04-03 15:00:00,76,32,44
2019-04-03 16:00:00,112,39,73
2019-04-03 17:00:00,186,69,117
2019-04-03 18:00:00,86,44,42
2019-04-03 19:00:00,39,18,21
2019-04-03 20:00:00,20,9,11
2019-04-03 21:00:00,14,4,10
2019-04-03 22:00:00,9,8,1
2019-04-03 23:00:00,4,3,1
2019-04-04 00:00:00,0,0,0
2019-04-04 01:00:00,0,0,0
2019-04-04 02:00:00,3,2,1
2019-04-04 03:00:00,1,0,1
2019-04-04 04:00:00,2,2,0
2019-04-04 05:00:00,15,11,4
2019-04-04 06:00:00,45,23,22
2019-04-04 07:00:00,96,53,43
2019-04-04 08:00:00,157,75,82
2019-04-04 09:00:00,80,39,41
2019-04-04 10:00:00,41,21,20
2019-04-04 11:00:00,53,26,27
2019-04-04 12:00:00,54,26,28
2019-04-04 13:00:00,67,23,44
2019-04-04 14:00:00,63,30,33
2019-04-04 15:00:00,93,36,57
2019-04-04 16:00:00,156,56,100
2019-04-04 17:00:00,243,94,149
2019-04-04 18:00:00,136,61,75
2019-04-04 19:00:00,51,27,24
2019-04-04 20:00:00,24,14,10
2019-04-04 21:00:00,22,14,8
2019-04-04 22:00:00,22,13,9
2019-04-04 23:00:00,12,8,4
2019-04-05 00:00:00,7,3,4
2019-04-05 01:00:00,6,5,1
2019-04-05 02:00:00,1,0,1
2019-04-05 03:00:00,1,0,1
2019-04-05 04:00:00,5,2,3
2019-04-05 05:00:00,10,7,3
2019-04-05 06:00:00,21,12,9
2019-04-05 07:00:00,67,38,29
2019-04-05 08:00:00,117,57,60
2019-04-05 09:00:00,70,20,50
2019-04-05 10:00:00,43,16,27
2019-04-05 11:00:00,41,22,19
2019-04-05 12:00:00,35,18,17
2019-04-05 13:00:00,29,11,18
2019-04-05 14:00:00,32,11,21
2019-04-05 15:00:00,45,13,32
2019-04-05 16:00:00,102,46,56
2019-04-05 17:00:00,121,50,71
2019-04-05 18:00:00,71,32,39
2019-04-05 19:00:00,43,21,22
2019-04-05 20:00:00,14,8,6
2019-04-05 21:00:00,14,8,6
2019-04-05 22:00:00,14,6,8
2019-04-05 23:00:00,3,1,2
2019-04-06 00:00:00,6,3,3
2019-04-06 01:00:00,1,1,0
2019-04-06 02:00:00,5,3,2
2019-04-06 03:00:00,0,0,0
2019-04-06 04:00:00,1,1,0
2019-04-06 05:00:00,1,1,0
2019-04-06 06:00:00,0,0,0
2019-04-06 07:00:00,6,4,2
2019-04-06 08:00:00,4,3,1
2019-04-06 09:00:00,6,4,2
2019-04-06 10:00:00,15,10,5
2019-04-06 11:00:00,23,14,9
2019-04-06 12:00:00,17,5,12
2019-04-06 13:00:00,18,10,8
2019-04-06 14:00:00,21,9,12
2019-04-06 15:00:00,28,15,13
2019-04-06 16:00:00,23,13,10
2019-04-06 17:00:00,33,14,19
2019-04-06 18:00:00,43,10,33
2019-04-06 19:00:00,17,10,7
2019-04-06 20:00:00,14,8,6
2019-04-06 21:00:00,50,38,12
2019-04-06 22:00:00,12,9,3
2019-04-06 23:00:00,3,1,2
2019-04-07 00:00:00,7,4,3
2019-04-07 01:00:00,3,3,0
2019-04-07 02:00:00,5,2,3
2019-04-07 03:00:00,0,0,0
2019-04-07 04:00:00,0,0,0
2019-04-07 05:00:00,2,1,1
2019-04-07 06:00:00,0,0,0
2019-04-07 07:00:00,5,3,2
2019-04-07 08:00:00,8,4,4
2019-04-07 09:00:00,10,4,6
2019-04-07 10:00:00,14,7,7
2019-04-07 11:00:00,21,11,10
2019-04-07 12:00:00,21,13,8
2019-04-07 13:00:00,23,13,10
2019-04-07 14:00:00,33,20,13
2019-04-07 15:00:00,22,9,13
2019-04-07 16:00:00,25,9,16
2019-04-07 17:00:00,20,9,11
2019-04-07 18:00:00,25,14,11
2019-04-07 19:00:00,23,13,10
2019-04-07 20:00:00,16,9,7
2019-04-07 21:00:00,7,5,2
2019-04-07 22:00:00,9,3,6
2019-04-07 23:00:00,9,6,3
2019-04-08 00:00:00,3,3,0
2019-04-08 01:00:00,1,0,1
2019-04-08 02:00:00,3,1,2
2019-04-08 03:00:00,0,0,0
2019-04-08 04:00:00,4,3,1
2019-04-08 05:00:00,10,7,3
2019-04-08 06:00:00,33,20,13
2019-04-08 07:00:00,74,44,30
2019-04-08 08:00:00,110,54,56
2019-04-08 09:00:00,83,32,51
2019-04-08 10:00:00,25,10,15
2019-04-08 11:00:00,32,16,16
2019-04-08 12:00:00,33,18,15
2019-04-08 13:00:00,29,12,17
2019-04-08 14:00:00,35,15,20
2019-04-08 15:00:00,74,30,44
2019-04-08 16:00:00,138,52,86
2019-04-08 17:00:00,129,45,84
2019-04-08 18:00:00,76,32,44
2019-04-08 19:00:00,29,15,14
2019-04-08 20:00:00,28,14,14
2019-04-08 21:00:00,18,11,7
2019-04-08 22:00:00,17,8,9
2019-04-08 23:00:00,5,3,2
2019-04-09 00:00:00,3,2,1
2019-04-09 01:00:00,2,1,1
2019-04-09 02:00:00,1,0,1
2019-04-09 03:00:00,1,1,0
2019-04-09 04:00:00,1,1,0
2019-04-09 05:00:00,12,7,5
2019-04-09 06:00:00,29,15,14
2019-04-09 07:00:00,73,45,28
2019-04-09 08:00:00,124,59,65
2019-04-09 09:00:00,62,24,38
2019-04-09 10:00:00,45,27,18
2019-04-09 11:00:00,42,21,21
2019-04-09 12:00:00,37,25,12
2019-04-09 13:00:00,35,21,14
2019-04-09 14:00:00,45,14,31
2019-04-09 15:00:00,90,28,62
2019-04-09 16:00:00,118,48,70
2019-04-09 17:00:00,181,69,112
2019-04-09 18:00:00,90,32,58
2019-04-09 19:00:00,33,23,10
2019-04-09 20:00:00,21,10,11
2019-04-09 21:00:00,13,7,6
2019-04-09 22:00:00,12,4,8
2019-04-09 23:00:00,4,1,3
2019-04-10 00:00:00,2,1,1
2019-04-10 01:00:00,5,3,2
2019-04-10 02:00:00,2,0,2
2019-04-10 03:00:00,2,1,1
2019-04-10 04:00:00,0,0,0
2019-04-10 05:00:00,12,6,6
2019-04-10 06:00:00,31,19,12
2019-04-10 07:00:00,66,43,23
2019-04-10 08:00:00,110,45,65
2019-04-10 09:00:00,66,32,34
2019-04-10 10:00:00,40,16,24
2019-04-10 11:00:00,42,22,20
2019-04-10 12:00:00,42,15,27
2019-04-10 13:00:00,36,19,17
2019-04-10 14:00:00,34,13,21
2019-04-10 15:00:00,61,23,38
2019-04-10 16:00:00,119,38,81
2019-04-10 17:00:00,126,49,77
2019-04-10 18:00:00,91,36,55
2019-04-10 19:00:00,31,19,12
2019-04-10 20:00:00,17,8,9
2019-04-10 21:00:00,11,3,8
2019-04-10 22:00:00,10,6,4
2019-04-10 23:00:00,5,3,2
2019-04-11 00:00:00,2,2,0
2019-04-11 01:00:00,1,0,1
2019-04-11 02:00:00,0,0,0
2019-04-11 03:00:00,2,1,1
2019-04-11 04:00:00,2,2,0
2019-04-11 05:00:00,9,6,3
2019-04-11 06:00:00,21,10,11
2019-04-11 07:00:00,65,39,26
2019-04-11 08:00:00,103,57,46
2019-04-11 09:00:00,50,19,31
2019-04-11 10:00:00,28,12,16
2019-04-11 11:00:00,28,17,11
2019-04-11 12:00:00,34,17,17
2019-04-11 13:00:00,22,13,9
2019-04-11 14:00:00,38,17,21
2019-04-11 15:00:00,66,29,37
2019-04-11 16:00:00,124,36,88
2019-04-11 17:00:00,123,51,72
2019-04-11 18:00:00,99,49,50
2019-04-11 19:00:00,38,21,17
2019-04-11 20:00:00,18,9,9
2019-04-11 21:00:00,15,7,8
2019-04-11 22:00:00,8,5,3
2019-04-11 23:00:00,12,8,4
2019-04-12 00:00:00,6,4,2
2019-04-12 01:00:00,3,2,1
2019-04-12 02:00:00,0,0,0
2019-04-12 03:00:00,1,1,0
2019-04-12 04:00:00,1,1,0
2019-04-12 05:00:00,8,5,3
2019-04-12 06:00:00,33,26,7
2019-04-12 07:00:00,52,36,16
2019-04-12 08:00:00,95,45,50
2019-04-12 09:00:00,69,30,39
2019-04-12 10:00:00,37,20,17
2019-04-12 11:00:00,51,22,29
2019-04-12 12:00:00,55,27,28
2019-04-12 13:00:00,55,26,29
2019-04-12 14:00:00,65,28,37
2019-04-12 15:00:00,87,31,56
2019-04-12 16:00:00,117,32,85
2019-04-12 17:00:00,183,58,125
2019-04-12 18:00:00,98,28,70
2019-04-12 19:00:00,42,17,25
2019-04-12 20:00:00,12,6,6
2019-04-12 21:00:00,29,21,8
2019-04-12 22:00:00,44,31,13
2019-04-12 23:00:00,14,5,9
2019-04-13 00:00:00,10,5,5
2019-04-13 01:00:00,7,5,2
2019-04-13 02:00:00,5,4,1
2019-04-13 03:00:00,1,1,0
2019-04-13 04:00:00,2,2,0
2019-04-13 05:00:00,2,1,1
2019-04-13 06:00:00,4,2,2
2019-04-13 07:00:00,5,3,2
2019-04-13 08:00:00,10,6,4
2019-04-13 09:00:00,13,5,8
2019-04-13 10:00:00,15,8,7
2019-04-13 11:00:00,27,8,19
2019-04-13 12:00:00,40,10,30
2019-04-13 13:00:00,25,13,12
2019-04-13 14:00:00,22,7,15
2019-04-13 15:00:00,40,27,13
2019-04-13 16:00:00,27,9,18
2019-04-13 17:00:00,37,17,20
2019-04-13 18:00:00,26,10,16
2019-04-13 19:00:00,24,13,11
2019-04-13 20:00:00,25,12,13
2019-04-13 21:00:00,24,14,10
2019-04-13 22:00:00,16,10,6
2019-04-13 23:00:00,7,3,4
2019-04-14 00:00:00,9,5,4
2019-04-14 01:00:00,4,3,1
2019-04-14 02:00:00,5,4,1
2019-04-14 03:00:00,1,1,0
2019-04-14 04:00:00,0,0,0
2019-04-14 05:00:00,3,2,1
2019-04-14 06:00:00,4,3,1
2019-04-14 07:00:00,5,1,4
2019-04-14 08:00:00,10,8,2
2019-04-14 09:00:00,11,8,3
2019-04-14 10:00:00,18,13,5
2019-04-14 11:00:00,30,13,17
2019-04-14 12:00:00,34,10,24
2019-04-14 13:00:00,26,16,10
2019-04-14 14:00:00,30,13,17
2019-04-14 15:00:00,28,15,13
2019-04-14 16:00:00,36,22,14
2019-04-14 17:00:00,33,12,21
2019-04-14 18:00:00,25,16,9
2019-04-14 19:00:00,11,5,6
2019-04-14 20:00:00,12,7,5
2019-04-14 21:00:00,11,3,8
2019-04-14 22:00:00,8,2,6
2019-04-14 23:00:00,4,2,2
2019-04-15 00:00:00,4,2,2
2019-04-15 01:00:00,0,0,0
2019-04-15 02:00:00,0,0,0
2019-04-15 03:00:00,0,0,0
2019-04-15 04:00:00,3,2,1
2019-04-15 05:00:00,17,11,6
2019-04-15 06:00:00,38,24,14
2019-04-15 07:00:00,98,53,45
2019-04-15 08:00:00,152,74,78
2019-04-15 09:00:00,89,42,47
2019-04-15 10:00:00,37,17,20
2019-04-15 11:00:00,41,15,26
2019-04-15 12:00:00,37,18,19
2019-04-15 13:00:00,47,19,28
2019-04-15 14:00:00,56,27,29
2019-04-15 15:00:00,85,25,60
2019-04-15 16:00:00,137,45,92
2019-04-15 17:00:00,215,73,142
2019-04-15 18:00:00,97,41,56
2019-04-15 19:00:00,38,13,25
2019-04-15 20:00:00,21,15,6
2019-04-15 21:00:00,11,5,6
2019-04-15 22:00:00,17,12,5
2019-04-15 23:00:00,9,8,1
2019-04-16 00:00:00,8,5,3
2019-04-16 01:00:00,5,4,1
2019-04-16 02:00:00,0,0,0
2019-04-16 03:00:00,2,0,2
2019-04-16 04:00:00,1,0,1
2019-04-16 05:00:00,14,9,5
2019-04-16 06:00:00,50,28,22
2019-04-16 07:00:00,102,53,49
2019-04-16 08:00:00,153,75,78
2019-04-16 09:00:00,89,43,46
2019-04-16 10:00:00,55,29,26
2019-04-16 11:00:00,50,23,27
2019-04-16 12:00:00,56,28,28
2019-04-16 13:00:00,40,19,21
2019-04-16 14:00:00,55,26,29
2019-04-16 15:00:00,78,20,58
2019-04-16 16:00:00,146,50,96
2019-04-16 17:00:00,230,83,147
2019-04-16 18:00:00,94,33,61
2019-04-16 19:00:00,35,20,15
2019-04-16 20:00:00,9,6,3
2019-04-16 21:00:00,18,10,8
2019-04-16 22:00:00,20,14,6
2019-04-16 23:00:00,5,3,2
2019-04-17 00:00:00,2,2,0
2019-04-17 01:00:00,1,1,0
2019-04-17 02:00:00,1,0,1
2019-04-17 03:00:00,1,1,0
2019-04-17 04:00:00,1,1,0
2019-04-17 05:00:00,10,7,3
2019-04-17 06:00:00,43,28,15
2019-04-17 07:00:00,94,57,37
2019-04-17 08:00:00,148,69,79
2019-04-17 09:00:00,73,32,41
2019-04-17 10:00:00,36,16,20
2019-04-17 11:00:00,43,19,24
2019-04-17 12:00:00,53,28,25
2019-04-17 13:00:00,47,26,21
2019-04-17 14:00:00,54,21,33
2019-04-17 15:00:00,97,26,71
2019-04-17 16:00:00,152,37,115
2019-04-17 17:00:00,220,79,141
2019-04-17 18:00:00,120,61,59
2019-04-17 19:00:00,52,24,28
2019-04-17 20:00:00,20,11,9
2019-04-17 21:00:00,21,10,11
2019-04-17 22:00:00,17,6,11
2019-04-17 23:00:00,6,1,5
2019-04-18 00:00:00,1,0,1
2019-04-18 01:00:00,2,0,2
2019-04-18 02:00:00,1,1,0
2019-04-18 03:00:00,1,0,1
2019-04-18 04:00:00,3,3,0
2019-04-18 05:00:00,14,11,3
2019-04-18 06:00:00,34,18,16
2019-04-18 07:00:00,80,53,27
2019-04-18 08:00:00,89,45,44
2019-04-18 09:00:00,65,32,33
2019-04-18 10:00:00,36,13,23
2019-04-18 11:00:00,42,17,25
2019-04-18 12:00:00,54,21,33
2019-04-18 13:00:00,36,18,18
2019-04-18 14:00:00,54,27,27
2019-04-18 15:00:00,94,25,69
2019-04-18 16:00:00,131,34,97
2019-04-18 17:00:00,162,57,105
2019-04-18 18:00:00,89,41,48
2019-04-18 19:00:00,45,17,28
2019-04-18 20:00:00,19,11,8
2019-04-18 21:00:00,24,9,15
2019-04-18 22:00:00,16,9,7
2019-04-18 23:00:00,14,9,5
2019-04-19 00:00:00,7,5,2
2019-04-19 01:00:00,1,1,0
2019-04-19 02:00:00,6,3,3
2019-04-19 03:00:00,1,0,1
2019-04-19 04:00:00,2,2,0
2019-04-19 05:00:00,9,6,3
2019-04-19 06:00:00,35,21,14
2019-04-19 07:00:00,63,36,27
2019-04-19 08:00:00,99,48,51
2019-04-19 09:00:00,60,26,34
2019-04-19 10:00:00,41,24,17
2019-04-19 11:00:00,55,32,23
2019-04-19 12:00:00,41,18,23
2019-04-19 13:00:00,30,17,13
2019-04-19 14:00:00,37,13,24
2019-04-19 15:00:00,67,21,46
2019-04-19 16:00:00,91,35,56
2019-04-19 17:00:00,96,28,68
2019-04-19 18:00:00,62,26,36
2019-04-19 19:00:00,27,15,12
2019-04-19 20:00:00,22,5,17
2019-04-19 21:00:00,21,10,11
2019-04-19 22:00:00,20,13,7
2019-04-19 23:00:00,11,6,5
2019-04-20 00:00:00,11,5,6
2019-04-20 01:00:00,4,2,2
2019-04-20 02:00:00,7,5,2
2019-04-20 03:00:00,3,2,1
2019-04-20 04:00:00,2,2,0
2019-04-20 05:00:00,4,1,3
2019-04-20 06:00:00,12,5,7
2019-04-20 07:00:00,14,7,7
2019-04-20 08:00:00,20,11,9
2019-04-20 09:00:00,14,7,7
2019-04-20 10:00:00,31,14,17
2019-04-20 11:00:00,33,14,19
2019-04-20 12:00:00,50,19,31
2019-04-20 13:00:00,50,26,24
2019-04-20 14:00:00,49,24,25
2019-04-20 15:00:00,40,19,21
2019-04-20 16:00:00,52,22,30
2019-04-20 17:00:00,36,20,16
2019-04-20 18:00:00,37,22,15
2019-04-20 19:00:00,37,21,16
2019-04-20 20:00:00,23,9,14
2019-04-20 21:00:00,12,4,8
2019-04-20 22:00:00,17,10,7
2019-04-20 23:00:00,20,12,8
2019-04-21 00:00:00,5,2,3
2019-04-21 01:00:00,4,3,1
2019-04-21 02:00:00,3,2,1
2019-04-21 03:00:00,1,1,0
2019-04-21 04:00:00,1,0,1
2019-04-21 05:00:00,3,2,1
2019-04-21 06:00:00,2,0,2
2019-04-21 07:00:00,4,1,3
2019-04-21 08:00:00,8,6,2
2019-04-21 09:00:00,15,8,7
2019-04-21 10:00:00,31,12,19
2019-04-21 11:00:00,29,14,15
2019-04-21 12:00:00,43,25,18
2019-04-21 13:00:00,32,20,12
2019-04-21 14:00:00,23,12,11
2019-04-21 15:00:00,31,14,17
2019-04-21 16:00:00,44,18,26
2019-04-21 17:00:00,30,14,16
2019-04-21 18:00:00,25,15,10
2019-04-21 19:00:00,22,15,7
2019-04-21 20:00:00,14,11,3
2019-04-21 21:00:00,15,9,6
2019-04-21 22:00:00,10,5,5
2019-04-21 23:00:00,8,4,4
2019-04-22 00:00:00,3,1,2
2019-04-22 01:00:00,0,0,0
2019-04-22 02:00:00,2,2,0
2019-04-22 03:00:00,0,0,0
2019-04-22 04:00:00,1,1,0
2019-04-22 05:00:00,20,16,4
2019-04-22 06:00:00,36,24,12
2019-04-22 07:00:00,93,53,40
2019-04-22 08:00:00,130,74,56
2019-04-22 09:00:00,76,25,51
2019-04-22 10:00:00,30,15,15
2019-04-22 11:00:00,41,19,22
2019-04-22 12:00:00,36,24,12
2019-04-22 13:00:00,36,15,21
2019-04-22 14:00:00,30,12,18
2019-04-22 15:00:00,47,11,36
2019-04-22 16:00:00,115,33,82
2019-04-22 17:00:00,151,59,92
2019-04-22 18:00:00,75,26,49
2019-04-22 19:00:00,34,17,17
2019-04-22 20:00:00,21,10,11
2019-04-22 21:00:00,13,5,8
2019-04-22 22:00:00,8,5,3
2019-04-22 23:00:00,1,0,1
2019-04-23 00:00:00,4,3,1
2019-04-23 01:00:00,0,0,0
2019-04-23 02:00:00,6,3,3
2019-04-23 03:00:00,2,1,1
2019-04-23 04:00:00,1,1,0
2019-04-23 05:00:00,16,9,7
2019-04-23 06:00:00,41,23,18
2019-04-23 07:00:00,102,65,37
2019-04-23 08:00:00,165,76,89
2019-04-23 09:00:00,93,45,48
2019-04-23 10:00:00,53,28,25
2019-04-23 11:00:00,56,34,22
2019-04-23 12:00:00,54,28,26
2019-04-23 13:00:00,36,20,16
2019-04-23 14:00:00,53,27,26
2019-04-23 15:00:00,89,29,60
2019-04-23 16:00:00,177,67,110
2019-04-23 17:00:00,247,92,155
2019-04-23 18:00:00,131,47,84
2019-04-23 19:00:00,50,21,29
2019-04-23 20:00:00,32,18,14
2019-04-23 21:00:00,13,5,8
2019-04-23 22:00:00,9,5,4
2019-04-23 23:00:00,5,1,4
2019-04-24 00:00:00,3,2,1
2019-04-24 01:00:00,2,1,1
2019-04-24 02:00:00,1,0,1
2019-04-24 03:00:00,2,0,2
2019-04-24 04:00:00,1,1,0
2019-04-24 05:00:00,15,13,2
2019-04-24 06:00:00,51,30,21
2019-04-24 07:00:00,119,82,37
2019-04-24 08:00:00,163,79,84
2019-04-24 09:00:00,88,35,53
2019-04-24 10:00:00,48,26,22
2019-04-24 11:00:00,43,26,17
2019-04-24 12:00:00,48,27,21
2019-04-24 13:00:00,43,20,23
2019-04-24 14:00:00,53,23,30
2019-04-24 15:00:00,92,28,64
2019-04-24 16:00:00,153,45,108
2019-04-24 17:00:00,293,94,199
2019-04-24 18:00:00,153,53,100
2019-04-24 19:00:00,88,26,62
2019-04-24 20:00:00,35,16,19
2019-04-24 21:00:00,74,62,12
2019-04-24 22:00:00,33,24,9
2019-04-24 23:00:00,12,10,2
2019-04-25 00:00:00,8,3,5
2019-04-25 01:00:00,4,3,1
2019-04-25 02:00:00,4,2,2
2019-04-25 03:00:00,1,0,1
2019-04-25 04:00:00,2,2,0
2019-04-25 05:00:00,14,10,4
2019-04-25 06:00:00,52,31,21
2019-04-25 07:00:00,126,61,65
2019-04-25 08:00:00,163,83,80
2019-04-25 09:00:00,110,56,54
2019-04-25 10:00:00,54,25,29
2019-04-25 11:00:00,62,29,33
2019-04-25 12:00:00,66,33,33
2019-04-25 13:00:00,69,28,41
2019-04-25 14:00:00,55,29,26
2019-04-25 15:00:00,83,26,57
2019-04-25 16:00:00,179,75,104
2019-04-25 17:00:00,263,82,181
2019-04-25 18:00:00,139,51,88
2019-04-25 19:00:00,62,32,30
2019-04-25 20:00:00,31,14,17
2019-04-25 21:00:00,33,21,12
2019-04-25 22:00:00,29,20,9
2019-04-25 23:00:00,10,6,4
2019-04-26 00:00:00,6,3,3
2019-04-26 01:00:00,4,3,1
2019-04-26 02:00:00,2,1,1
2019-04-26 03:00:00,0,0,0
2019-04-26 04:00:00,2,1,1
2019-04-26 05:00:00,11,8,3
2019-04-26 06:00:00,44,30,14
2019-04-26 07:00:00,101,67,34
2019-04-26 08:00:00,145,79,66
2019-04-26 09:00:00,90,40,50
2019-04-26 10:00:00,47,19,28
2019-04-26 11:00:00,37,18,19
2019-04-26 12:00:00,54,26,28
2019-04-26 13:00:00,54,24,30
2019-04-26 14:00:00,78,25,53
2019-04-26 15:00:00,111,32,79
2019-04-26 16:00:00,193,69,124
2019-04-26 17:00:00,215,74,141
2019-04-26 18:00:00,97,37,60
2019-04-26 19:00:00,53,26,27
2019-04-26 20:00:00,26,13,13
2019-04-26 21:00:00,21,11,10
2019-04-26 22:00:00,28,21,7
2019-04-26 23:00:00,32,19,13
2019-04-27 00:00:00,12,9,3
2019-04-27 01:00:00,14,9,5
2019-04-27 02:00:00,4,3,1
2019-04-27 03:00:00,0,0,0
2019-04-27 04:00:00,0,0,0
2019-04-27 05:00:00,3,1,2
2019-04-27 06:00:00,4,0,4
2019-04-27 07:00:00,16,12,4
2019-04-27 08:00:00,11,8,3
2019-04-27 09:00:00,24,13,11
2019-04-27 10:00:00,20,9,11
2019-04-27 11:00:00,50,24,26
2019-04-27 12:00:00,51,22,29
2019-04-27 13:00:00,33,22,11
2019-04-27 14:00:00,43,19,24
2019-04-27 15:00:00,38,21,17
2019-04-27 16:00:00,34,17,17
2019-04-27 17:00:00,51,20,31
2019-04-27 18:00:00,46,23,23
2019-04-27 19:00:00,29,18,11
2019-04-27 20:00:00,28,14,14
2019-04-27 21:00:00,23,14,9
2019-04-27 22:00:00,15,9,6
2019-04-27 23:00:00,16,12,4
2019-04-28 00:00:00,16,8,8
2019-04-28 01:00:00,9,3,6
2019-04-28 02:00:00,2,1,1
2019-04-28 03:00:00,1,1,0
2019-04-28 04:00:00,1,1,0
2019-04-28 05:00:00,4,3,1
2019-04-28 06:00:00,4,1,3
2019-04-28 07:00:00,6,1,5
2019-04-28 08:00:00,14,4,10
2019-04-28 09:00:00,18,11,7
2019-04-28 10:00:00,36,19,17
2019-04-28 11:00:00,68,9,59
2019-04-28 12:00:00,108,14,94
2019-04-28 13:00:00,46,20,26
2019-04-28 14:00:00,75,48,27
2019-04-28 15:00:00,99,84,15
2019-04-28 16:00:00,71,43,28
2019-04-28 17:00:00,46,25,21
2019-04-28 18:00:00,48,28,20
2019-04-28 19:00:00,26,15,11
2019-04-28 20:00:00,19,15,4
2019-04-28 21:00:00,18,8,10
2019-04-28 22:00:00,14,7,7
2019-04-28 23:00:00,8,4,4
2019-04-29 00:00:00,7,3,4
2019-04-29 01:00:00,5,4,1
2019-04-29 02:00:00,0,0,0
2019-04-29 03:00:00,1,0,1
2019-04-29 04:00:00,3,2,1
2019-04-29 05:00:00,17,14,3
2019-04-29 06:00:00,40,25,15
2019-04-29 07:00:00,125,76,49
2019-04-29 08:00:00,181,88,93
2019-04-29 09:00:00,115,53,62
2019-04-29 10:00:00,56,24,32
2019-04-29 11:00:00,40,21,19
2019-04-29 12:00:00,45,25,20
2019-04-29 13:00:00,29,17,12
2019-04-29 14:00:00,42,18,24
2019-04-29 15:00:00,87,24,63
2019-04-29 16:00:00,177,50,127
2019-04-29 17:00:00,261,100,161
2019-04-29 18:00:00,122,53,69
2019-04-29 19:00:00,52,24,28
2019-04-29 20:00:00,24,15,9
2019-04-29 21:00:00,17,10,7
2019-04-29 22:00:00,9,7,2
2019-04-29 23:00:00,4,2,2
2019-04-30 00:00:00,4,3,1
2019-04-30 01:00:00,1,0,1
2019-04-30 02:00:00,1,1,0
2019-04-30 03:00:00,0,0,0
2019-04-30 04:00:00,1,1,0
2019-04-30 05:00:00,20,14,6
2019-04-30 06:00:00,49,27,22
2019-04-30 07:00:00,131,74,57
2019-04-30 08:00:00,182,87,95
2019-04-30 09:00:00,107,54,53
2019-04-30 10:00:00,58,27,31
2019-04-30 11:00:00,72,39,33
2019-04-30 12:00:00,67,36,31
2019-04-30 13:00:00,59,28,31
2019-04-30 14:00:00,72,32,40
2019-04-30 15:00:00,101,34,67
2019-04-30 16:00:00,203,71,132
2019-04-30 17:00:00,275,86,189
2019-04-30 18:00:00,158,53,105
2019-04-30 19:00:00,73,35,38
2019-04-30 20:00:00,26,13,13
2019-04-30 21:00:00,36,19,17
2019-04-30 22:00:00,55,45,10
2019-04-30 23:00:00,12,10,2
2019-05-01 00:00:00,4,3,1
2019-05-01 01:00:00,4,4,0
2019-05-01 02:00:00,0,0,0
2019-05-01 03:00:00,0,0,0
2019-05-01 04:00:00,1,1,0
2019-05-01 05:00:00,13,10,3
2019-05-01 06:00:00,47,22,25
2019-05-01 07:00:00,125,76,49
2019-05-01 08:00:00,222,107,115
2019-05-01 09:00:00,114,45,69
2019-05-01 10:00:00,44,23,21
2019-05-01 11:00:00,54,30,24
2019-05-01 12:00:00,57,25,32
2019-05-01 13:00:00,70,24,46
2019-05-01 14:00:00,92,19,73
2019-05-01 15:00:00,131,34,97
2019-05-01 16:00:00,211,66,145
2019-05-01 17:00:00,279,125,154
2019-05-01 18:00:00,191,114,77
2019-05-01 19:00:00,62,31,31
2019-05-01 20:00:00,29,16,13
2019-05-01 21:00:00,18,10,8
2019-05-01 22:00:00,17,12,5
2019-05-01 23:00:00,5,3,2
2019-05-02 00:00:00,6,2,4
2019-05-02 01:00:00,2,1,1
2019-05-02 02:00:00,1,1,0
2019-05-02 03:00:00,1,1,0
2019-05-02 04:00:00,4,2,2
2019-05-02 05:00:00,18,14,4
2019-05-02 06:00:00,45,19,26
2019-05-02 07:00:00,111,59,52
2019-05-02 08:00:00,188,94,94
2019-05-02 09:00:00,104,42,62
2019-05-02 10:00:00,42,21,21
2019-05-02 11:00:00,50,25,25
2019-05-02 12:00:00,55,33,22
2019-05-02 13:00:00,46,17,29
2019-05-02 14:00:00,57,23,34
2019-05-02 15:00:00,115,31,84
2019-05-02 16:00:00,178,72,106
2019-05-02 17:00:00,283,102,181
2019-05-02 18:00:00,150,58,92
2019-05-02 19:00:00,59,36,23
2019-05-02 20:00:00,50,32,18
2019-05-02 21:00:00,34,13,21
2019-05-02 22:00:00,16,10,6
2019-05-02 23:00:00,9,4,5
2019-05-03 00:00:00,8,4,4
2019-05-03 01:00:00,1,1,0
2019-05-03 02:00:00,1,0,1
2019-05-03 03:00:00,1,0,1
2019-05-03 04:00:00,4,2,2
2019-05-03 05:00:00,14,10,4
2019-05-03 06:00:00,42,27,15
2019-05-03 07:00:00,102,73,29
2019-05-03 08:00:00,162,83,79
2019-05-03 09:00:00,107,35,72
2019-05-03 10:00:00,46,25,21
2019-05-03 11:00:00,60,34,26
2019-05-03 12:00:00,79,36,43
2019-05-03 13:00:00,52,25,27
2019-05-03 14:00:00,59,20,39
2019-05-03 15:00:00,111,38,73
2019-05-03 16:00:00,207,76,131
2019-05-03 17:00:00,229,90,139
2019-05-03 18:00:00,127,46,81
2019-05-03 19:00:00,60,31,29
2019-05-03 20:00:00,39,21,18
2019-05-03 21:00:00,22,9,13
2019-05-03 22:00:00,20,10,10
2019-05-03 23:00:00,19,13,6
2019-05-04 00:00:00,15,7,8
2019-05-04 01:00:00,7,1,6
2019-05-04 02:00:00,6,2,4
2019-05-04 03:00:00,0,0,0
2019-05-04 04:00:00,2,2,0
2019-05-04 05:00:00,2,1,1
2019-05-04 06:00:00,7,3,4
2019-05-04 07:00:00,13,11,2
2019-05-04 08:00:00,17,7,10
2019-05-04 09:00:00,38,17,21
2019-05-04 10:00:00,37,22,15
2019-05-04 11:00:00,48,17,31
2019-05-04 12:00:00,77,34,43
2019-05-04 13:00:00,50,20,30
2019-05-04 14:00:00,57,28,29
2019-05-04 15:00:00,69,33,36
2019-05-04 16:00:00,55,25,30
2019-05-04 17:00:00,51,18,33
2019-05-04 18:00:00,51,21,30
2019-05-04 19:00:00,35,18,17
2019-05-04 20:00:00,33,19,14
2019-05-04 21:00:00,22,12,10
2019-05-04 22:00:00,32,17,15
2019-05-04 23:00:00,22,8,14
2019-05-05 00:00:00,15,8,7
2019-05-05 01:00:00,7,5,2
2019-05-05 02:00:00,3,0,3
2019-05-05 03:00:00,1,0,1
2019-05-05 04:00:00,1,0,1
2019-05-05 05:00:00,2,2,0
2019-05-05 06:00:00,7,3,4
2019-05-05 07:00:00,8,4,4
2019-05-05 08:00:00,19,10,9
2019-05-05 09:00:00,36,16,20
2019-05-05 10:00:00,32,14,18
2019-05-05 11:00:00,54,25,29
2019-05-05 12:00:00,40,18,22
2019-05-05 13:00:00,62,37,25
2019-05-05 14:00:00,53,31,22
2019-05-05 15:00:00,40,18,22
2019-05-05 16:00:00,55,35,20
2019-05-05 17:00:00,44,18,26
2019-05-05 18:00:00,36,18,18
2019-05-05 19:00:00,27,11,16
2019-05-05 20:00:00,21,12,9
2019-05-05 21:00:00,10,6,4
2019-05-05 22:00:00,10,5,5
2019-05-05 23:00:00,5,5,0
2019-05-06 00:00:00,5,4,1
2019-05-06 01:00:00,6,3,3
2019-05-06 02:00:00,1,0,1
2019-05-06 03:00:00,3,3,0
2019-05-06 04:00:00,1,1,0
2019-05-06 05:00:00,21,16,5
2019-05-06 06:00:00,57,35,22
2019-05-06 07:00:00,143,84,59
2019-05-06 08:00:00,229,105,124
2019-05-06 09:00:00,139,66,73
2019-05-06 10:00:00,48,25,23
2019-05-06 11:00:00,53,28,25
2019-05-06 12:00:00,53,20,33
2019-05-06 13:00:00,51,30,21
2019-05-06 14:00:00,60,23,37
2019-05-06 15:00:00,117,35,82
2019-05-06 16:00:00,206,67,139
2019-05-06 17:00:00,306,121,185
2019-05-06 18:00:00,124,54,70
2019-05-06 19:00:00,61,31,30
2019-05-06 20:00:00,47,27,20
2019-05-06 21:00:00,22,12,10
2019-05-06 22:00:00,12,9,3
2019-05-06 23:00:00,1,0,1
2019-05-07 00:00:00,5,4,1
2019-05-07 01:00:00,3,1,2
2019-05-07 02:00:00,1,0,1
2019-05-07 03:00:00,2,1,1
2019-05-07 04:00:00,4,2,2
2019-05-07 05:00:00,23,18,5
2019-05-07 06:00:00,69,34,35
2019-05-07 07:00:00,166,99,67
2019-05-07 08:00:00,230,124,106
2019-05-07 09:00:00,131,59,72
2019-05-07 10:00:00,62,30,32
2019-05-07 11:00:00,63,37,26
2019-05-07 12:00:00,60,33,27
2019-05-07 13:00:00,63,27,36
2019-05-07 14:00:00,64,24,40
2019-05-07 15:00:00,124,36,88
2019-05-07 16:00:00,225,72,153
2019-05-07 17:00:00,326,122,204
2019-05-07 18:00:00,144,61,83
2019-05-07 19:00:00,66,34,32
2019-05-07 20:00:00,40,19,21
2019-05-07 21:00:00,23,12,11
2019-05-07 22:00:00,19,11,8
2019-05-07 23:00:00,7,3,4
2019-05-08 00:00:00,8,7,1
2019-05-08 01:00:00,3,0,3
2019-05-08 02:00:00,0,0,0
2019-05-08 03:00:00,2,1,1
2019-05-08 04:00:00,2,2,0
2019-05-08 05:00:00,17,14,3
2019-05-08 06:00:00,68,35,33
2019-05-08 07:00:00,168,97,71
2019-05-08 08:00:00,223,102,121
2019-05-08 09:00:00,132,47,85
2019-05-08 10:00:00,50,23,27
2019-05-08 11:00:00,60,29,31
2019-05-08 12:00:00,70,38,32
2019-05-08 13:00:00,61,28,33
2019-05-08 14:00:00,53,27,26
2019-05-08 15:00:00,118,42,76
2019-05-08 16:00:00,237,92,145
2019-05-08 17:00:00,299,117,182
2019-05-08 18:00:00,158,80,78
2019-05-08 19:00:00,60,24,36
2019-05-08 20:00:00,47,22,25
2019-05-08 21:00:00,20,12,8
2019-05-08 22:00:00,23,13,10
2019-05-08 23:00:00,12,7,5
2019-05-09 00:00:00,10,7,3
2019-05-09 01:00:00,3,1,2
2019-05-09 02:00:00,3,3,0
2019-05-09 03:00:00,0,0,0
2019-05-09 04:00:00,2,2,0
2019-05-09 05:00:00,19,13,6
2019-05-09 06:00:00,70,41,29
2019-05-09 07:00:00,155,92,63
2019-05-09 08:00:00,219,94,125
2019-05-09 09:00:00,140,66,74
2019-05-09 10:00:00,58,28,30
2019-05-09 11:00:00,64,28,36
2019-05-09 12:00:00,75,35,40
2019-05-09 13:00:00,82,42,40
2019-05-09 14:00:00,77,30,47
2019-05-09 15:00:00,129,46,83
2019-05-09 16:00:00,212,75,137
2019-05-09 17:00:00,286,103,183
2019-05-09 18:00:00,159,73,86
2019-05-09 19:00:00,58,26,32
2019-05-09 20:00:00,41,18,23
2019-05-09 21:00:00,30,18,12
2019-05-09 22:00:00,20,12,8
2019-05-09 23:00:00,6,5,1
2019-05-10 00:00:00,4,4,0
2019-05-10 01:00:00,6,2,4
2019-05-10 02:00:00,0,0,0
2019-05-10 03:00:00,0,0,0
2019-05-10 04:00:00,4,2,2
2019-05-10 05:00:00,7,2,5
2019-05-10 06:00:00,94,44,50
2019-05-10 07:00:00,268,135,133
2019-05-10 08:00:00,390,196,194
2019-05-10 09:00:00,210,98,112
2019-05-10 10:00:00,86,42,44
2019-05-10 11:00:00,99,51,48
2019-05-10 12:00:00,131,68,63
2019-05-10 13:00:00,147,80,67
2019-05-10 14:00:00,155,73,82
2019-05-10 15:00:00,253,117,136
2019-05-10 16:00:00,392,185,207
2019-05-10 17:00:00,460,219,241
2019-05-10 18:00:00,199,89,110
2019-05-10 19:00:00,96,46,50
2019-05-10 20:00:00,56,27,29
2019-05-10 21:00:00,39,21,18
2019-05-10 22:00:00,47,24,23
2019-05-10 23:00:00,23,13,10
2019-05-11 00:00:00,22,11,11
2019-05-11 01:00:00,11,6,5
2019-05-11 02:00:00,11,3,8
2019-05-11 03:00:00,10,7,3
2019-05-11 04:00:00,5,3,2
2019-05-11 05:00:00,6,4,2
2019-05-11 06:00:00,18,8,10
2019-05-11 07:00:00,32,17,15
2019-05-11 08:00:00,36,19,17
2019-05-11 09:00:00,41,23,18
2019-05-11 10:00:00,48,26,22
2019-05-11 11:00:00,52,35,17
2019-05-11 12:00:00,92,35,57
2019-05-11 13:00:00,107,53,54
2019-05-11 14:00:00,95,45,50
2019-05-11 15:00:00,95,52,43
2019-05-11 16:00:00,81,47,34
2019-05-11 17:00:00,125,80,45
2019-05-11 18:00:00,142,109,33
2019-05-11 19:00:00,102,49,53
2019-05-11 20:00:00,85,40,45
2019-05-11 21:00:00,148,23,125
2019-05-11 22:00:00,39,17,22
2019-05-11 23:00:00,29,15,14
2019-05-12 00:00:00,24,16,8
2019-05-12 01:00:00,6,1,5
2019-05-12 02:00:00,12,4,8
2019-05-12 03:00:00,3,1,2
2019-05-12 04:00:00,0,0,0
2019-05-12 05:00:00,6,2,4
2019-05-12 06:00:00,8,2,6
2019-05-12 07:00:00,11,7,4
2019-05-12 08:00:00,19,6,13
2019-05-12 09:00:00,48,37,11
2019-05-12 10:00:00,36,14,22
2019-05-12 11:00:00,33,9,24
2019-05-12 12:00:00,68,39,29
2019-05-12 13:00:00,50,39,11
2019-05-12 14:00:00,68,35,33
2019-05-12 15:00:00,87,48,39
2019-05-12 16:00:00,46,20,26
2019-05-12 17:00:00,56,24,32
2019-05-12 18:00:00,59,21,38
2019-05-12 19:00:00,44,26,18
2019-05-12 20:00:00,26,13,13
2019-05-12 21:00:00,18,8,10
2019-05-12 22:00:00,12,6,6
2019-05-12 23:00:00,8,3,5
2019-05-13 00:00:00,19,10,9
2019-05-13 01:00:00,0,0,0
2019-05-13 02:00:00,0,0,0
2019-05-13 03:00:00,0,0,0
2019-05-13 04:00:00,2,0,2
2019-05-13 05:00:00,40,10,30
2019-05-13 06:00:00,105,48,57
2019-05-13 07:00:00,243,82,161
2019-05-13 08:00:00,366,184,182
2019-05-13 09:00:00,180,92,88
2019-05-13 10:00:00,105,59,46
2019-05-13 11:00:00,47,36,11
2019-05-13 12:00:00,96,46,50
2019-05-13 13:00:00,78,33,45
2019-05-13 14:00:00,78,36,42
2019-05-13 15:00:00,153,109,44
2019-05-13 16:00:00,343,213,130
2019-05-13 17:00:00,538,336,202
2019-05-13 18:00:00,266,164,102
2019-05-13 19:00:00,83,44,39
2019-05-13 20:00:00,55,19,36
2019-05-13 21:00:00,21,11,10
2019-05-13 22:00:00,13,6,7
2019-05-13 23:00:00,15,3,12
2019-05-14 00:00:00,3,2,1
2019-05-14 01:00:00,2,2,0
2019-05-14 02:00:00,3,3,0
2019-05-14 03:00:00,0,0,0
2019-05-14 04:00:00,0,0,0
2019-05-14 05:00:00,22,8,14
2019-05-14 06:00:00,80,27,53
2019-05-14 07:00:00,228,97,131
2019-05-14 08:00:00,268,155,113
2019-05-14 09:00:00,104,49,55
2019-05-14 10:00:00,38,25,13
2019-05-14 11:00:00,38,20,18
2019-05-14 12:00:00,31,16,15
2019-05-14 13:00:00,50,34,16
2019-05-14 14:00:00,77,51,26
2019-05-14 15:00:00,142,84,58
2019-05-14 16:00:00,288,185,103
2019-05-14 17:00:00,406,260,146
2019-05-14 18:00:00,165,99,66
2019-05-14 19:00:00,66,36,30
2019-05-14 20:00:00,34,19,15
2019-05-14 21:00:00,21,12,9
2019-05-14 22:00:00,27,12,15
2019-05-14 23:00:00,7,3,4
2019-05-15 00:00:00,8,6,2
2019-05-15 01:00:00,1,1,0
2019-05-15 02:00:00,3,3,0
2019-05-15 03:00:00,0,0,0
2019-05-15 04:00:00,2,2,0
2019-05-15 05:00:00,32,16,16
2019-05-15 06:00:00,93,39,54
2019-05-15 07:00:00,231,111,120
2019-05-15 08:00:00,323,149,174
2019-05-15 09:00:00,190,111,79
2019-05-15 10:00:00,78,52,26
2019-05-15 11:00:00,94,53,41
2019-05-15 12:00:00,97,60,37
2019-05-15 13:00:00,138,66,72
2019-05-15 14:00:00,109,67,42
2019-05-15 15:00:00,165,106,59
2019-05-15 16:00:00,322,201,121
2019-05-15 17:00:00,512,351,161
2019-05-15 18:00:00,202,142,60
2019-05-15 19:00:00,62,39,23
2019-05-15 20:00:00,41,29,12
2019-05-15 21:00:00,80,27,53
2019-05-15 22:00:00,48,4,44
2019-05-15 23:00:00,14,5,9
2019-05-16 00:00:00,2,2,0
2019-05-16 01:00:00,2,0,2
2019-05-16 02:00:00,0,0,0
2019-05-16 03:00:00,0,0,0
2019-05-16 04:00:00,0,0,0
2019-05-16 05:00:00,42,18,24
2019-05-16 06:00:00,85,26,59
2019-05-16 07:00:00,197,77,120
2019-05-16 08:00:00,263,122,141
2019-05-16 09:00:00,144,72,72
2019-05-16 10:00:00,61,30,31
2019-05-16 11:00:00,92,49,43
2019-05-16 12:00:00,100,48,52
2019-05-16 13:00:00,73,39,34
2019-05-16 14:00:00,77,57,20
2019-05-16 15:00:00,152,77,75
2019-05-16 16:00:00,260,165,95
2019-05-16 17:00:00,395,241,154
2019-05-16 18:00:00,210,144,66
2019-05-16 19:00:00,100,59,41
2019-05-16 20:00:00,55,33,22
2019-05-16 21:00:00,29,19,10
2019-05-16 22:00:00,24,7,17
2019-05-16 23:00:00,17,9,8
2019-05-17 00:00:00,2,0,2
2019-05-17 01:00:00,4,2,2
2019-05-17 02:00:00,0,0,0
2019-05-17 03:00:00,2,0,2
2019-05-17 04:00:00,0,0,0
2019-05-17 05:00:00,42,6,36
2019-05-17 06:00:00,91,36,55
2019-05-17 07:00:00,286,135,151
2019-05-17 08:00:00,398,218,180
2019-05-17 09:00:00,187,104,83
2019-05-17 10:00:00,99,54,45
2019-05-17 11:00:00,82,34,48
2019-05-17 12:00:00,115,63,52
2019-05-17 13:00:00,93,52,41
2019-05-17 14:00:00,99,59,40
2019-05-17 15:00:00,223,128,95
2019-05-17 16:00:00,376,230,146
2019-05-17 17:00:00,475,282,193
2019-05-17 18:00:00,249,146,103
2019-05-17 19:00:00,76,44,32
2019-05-17 20:00:00,45,11,34
2019-05-17 21:00:00,59,15,44
2019-05-17 22:00:00,37,17,20
2019-05-17 23:00:00,21,14,7
2019-05-18 00:00:00,17,9,8
2019-05-18 01:00:00,13,4,9
2019-05-18 02:00:00,16,8,8
2019-05-18 03:00:00,3,2,1
2019-05-18 04:00:00,2,0,2
2019-05-18 05:00:00,4,2,2
2019-05-18 06:00:00,16,13,3
2019-05-18 07:00:00,24,11,13
2019-05-18 08:00:00,22,13,9
2019-05-18 09:00:00,28,14,14
2019-05-18 10:00:00,59,46,13
2019-05-18 11:00:00,102,56,46
2019-05-18 12:00:00,132,76,56
2019-05-18 13:00:00,89,41,48
2019-05-18 14:00:00,96,44,52
2019-05-18 15:00:00,113,58,55
2019-05-18 16:00:00,79,57,22
2019-05-18 17:00:00,138,81,57
2019-05-18 18:00:00,114,76,38
2019-05-18 19:00:00,62,42,20
2019-05-18 20:00:00,87,28,59
2019-05-18 21:00:00,64,29,35
2019-05-18 22:00:00,38,8,30
2019-05-18 23:00:00,34,14,20
2019-05-19 00:00:00,13,8,5
2019-05-19 01:00:00,8,7,1
2019-05-19 02:00:00,11,9,2
2019-05-19 03:00:00,0,0,0
2019-05-19 04:00:00,4,2,2
2019-05-19 05:00:00,4,2,2
2019-05-19 06:00:00,11,5,6
2019-05-19 07:00:00,21,5,16
2019-05-19 08:00:00,41,19,22
2019-05-19 09:00:00,45,21,24
2019-05-19 10:00:00,39,24,15
2019-05-19 11:00:00,76,50,26
2019-05-19 12:00:00,80,49,31
2019-05-19 13:00:00,92,41,51
2019-05-19 14:00:00,77,46,31
2019-05-19 15:00:00,92,46,46
2019-05-19 16:00:00,113,51,62
2019-05-19 17:00:00,106,54,52
2019-05-19 18:00:00,77,40,37
2019-05-19 19:00:00,53,26,27
2019-05-19 20:00:00,23,15,8
2019-05-19 21:00:00,33,20,13
2019-05-19 22:00:00,17,5,12
2019-05-19 23:00:00,7,4,3
2019-05-20 00:00:00,6,2,4
2019-05-20 01:00:00,1,0,1
2019-05-20 02:00:00,0,0,0
2019-05-20 03:00:00,2,2,0
2019-05-20 04:00:00,2,0,2
2019-05-20 05:00:00,28,4,24
2019-05-20 06:00:00,98,32,66
2019-05-20 07:00:00,221,106,115
2019-05-20 08:00:00,266,110,156
2019-05-20 09:00:00,180,96,84
2019-05-20 10:00:00,43,18,25
2019-05-20 11:00:00,57,33,24
2019-05-20 12:00:00,61,32,29
2019-05-20 13:00:00,57,26,31
2019-05-20 14:00:00,94,50,44
2019-05-20 15:00:00,118,80,38
2019-05-20 16:00:00,278,186,92
2019-05-20 17:00:00,391,252,139
2019-05-20 18:00:00,133,71,62
2019-05-20 19:00:00,66,22,44
2019-05-20 20:00:00,18,10,8
2019-05-20 21:00:00,12,10,2
2019-05-20 22:00:00,15,8,7
2019-05-20 23:00:00,8,1,7
2019-05-21 00:00:00,0,0,0
2019-05-21 01:00:00,0,0,0
2019-05-21 02:00:00,2,2,0
2019-05-21 03:00:00,0,0,0
2019-05-21 04:00:00,10,4,6
2019-05-21 05:00:00,24,6,18
2019-05-21 06:00:00,104,42,62
2019-05-21 07:00:00,226,103,123
2019-05-21 08:00:00,309,164,145
2019-05-21 09:00:00,150,95,55
2019-05-21 10:00:00,62,43,19
2019-05-21 11:00:00,118,85,33
2019-05-21 12:00:00,92,39,53
2019-05-21 13:00:00,87,48,39
2019-05-21 14:00:00,82,52,30
2019-05-21 15:00:00,151,101,50
2019-05-21 16:00:00,277,169,108
2019-05-21 17:00:00,434,245,189
2019-05-21 18:00:00,198,107,91
2019-05-21 19:00:00,63,24,39
2019-05-21 20:00:00,52,27,25
2019-05-21 21:00:00,41,29,12
2019-05-21 22:00:00,14,8,6
2019-05-21 23:00:00,19,7,12
2019-05-22 00:00:00,6,2,4
2019-05-22 01:00:00,0,0,0
2019-05-22 02:00:00,0,0,0
2019-05-22 03:00:00,0,0,0
2019-05-22 04:00:00,4,0,4
2019-05-22 05:00:00,24,10,14
2019-05-22 06:00:00,122,50,72
2019-05-22 07:00:00,286,113,173
2019-05-22 08:00:00,375,176,199
2019-05-22 09:00:00,177,85,92
2019-05-22 10:00:00,83,45,38
2019-05-22 11:00:00,107,50,57
2019-05-22 12:00:00,76,39,37
2019-05-22 13:00:00,109,71,38
2019-05-22 14:00:00,116,66,50
2019-05-22 15:00:00,187,121,66
2019-05-22 16:00:00,366,233,133
2019-05-22 17:00:00,630,432,198
2019-05-22 18:00:00,286,159,127
2019-05-22 19:00:00,71,29,42
2019-05-22 20:00:00,70,29,41
2019-05-22 21:00:00,47,30,17
2019-05-22 22:00:00,29,13,16
2019-05-22 23:00:00,8,5,3
2019-05-23 00:00:00,7,2,5
2019-05-23 01:00:00,2,2,0
2019-05-23 02:00:00,1,1,0
2019-05-23 03:00:00,4,0,4
2019-05-23 04:00:00,5,2,3
2019-05-23 05:00:00,20,10,10
2019-05-23 06:00:00,118,53,65
2019-05-23 07:00:00,301,128,173
2019-05-23 08:00:00,408,200,208
2019-05-23 09:00:00,210,109,101
2019-05-23 10:00:00,91,45,46
2019-05-23 11:00:00,99,60,39
2019-05-23 12:00:00,103,55,48
2019-05-23 13:00:00,90,41,49
2019-05-23 14:00:00,147,81,66
2019-05-23 15:00:00,215,141,74
2019-05-23 16:00:00,358,246,112
2019-05-23 17:00:00,628,397,231
2019-05-23 18:00:00,277,157,120
2019-05-23 19:00:00,85,42,43
2019-05-23 20:00:00,50,30,20
2019-05-23 21:00:00,23,13,10
2019-05-23 22:00:00,22,15,7
2019-05-23 23:00:00,10,10,0
2019-05-24 00:00:00,2,0,2
2019-05-24 01:00:00,4,2,2
2019-05-24 02:00:00,1,1,0
2019-05-24 03:00:00,2,2,0
2019-05-24 04:00:00,4,0,4
2019-05-24 05:00:00,18,8,10
2019-05-24 06:00:00,69,26,43
2019-05-24 07:00:00,197,82,115
2019-05-24 08:00:00,252,132,120
2019-05-24 09:00:00,162,86,76
2019-05-24 10:00:00,83,38,45
2019-05-24 11:00:00,79,29,50
2019-05-24 12:00:00,102,57,45
2019-05-24 13:00:00,110,69,41
2019-05-24 14:00:00,151,94,57
2019-05-24 15:00:00,199,115,84
2019-05-24 16:00:00,241,147,94
2019-05-24 17:00:00,298,181,117
2019-05-24 18:00:00,134,64,70
2019-05-24 19:00:00,53,31,22
2019-05-24 20:00:00,35,26,9
2019-05-24 21:00:00,30,14,16
2019-05-24 22:00:00,23,19,4
2019-05-24 23:00:00,18,13,5
2019-05-25 00:00:00,2,2,0
2019-05-25 01:00:00,8,2,6
2019-05-25 02:00:00,6,2,4
2019-05-25 03:00:00,2,0,2
2019-05-25 04:00:00,4,0,4
2019-05-25 05:00:00,8,4,4
2019-05-25 06:00:00,12,7,5
2019-05-25 07:00:00,8,2,6
2019-05-25 08:00:00,30,13,17
2019-05-25 09:00:00,23,12,11
2019-05-25 10:00:00,28,12,16
2019-05-25 11:00:00,51,31,20
2019-05-25 12:00:00,54,29,25
2019-05-25 13:00:00,36,26,10
2019-05-25 14:00:00,31,18,13
2019-05-25 15:00:00,44,18,26
2019-05-25 16:00:00,13,2,11
2019-05-25 17:00:00,40,21,19
2019-05-25 18:00:00,25,20,5
2019-05-25 19:00:00,54,25,29
2019-05-25 20:00:00,24,7,17
2019-05-25 21:00:00,5,1,4
2019-05-25 22:00:00,21,18,3
2019-05-25 23:00:00,17,11,6
2019-05-26 00:00:00,6,4,2
2019-05-26 01:00:00,9,2,7
2019-05-26 02:00:00,14,6,8
2019-05-26 03:00:00,5,5,0
2019-05-26 04:00:00,2,0,2
2019-05-26 05:00:00,8,8,0
2019-05-26 06:00:00,63,59,4
2019-05-26 07:00:00,194,186,8
2019-05-26 08:00:00,81,49,32
2019-05-26 09:00:00,150,26,124
2019-05-26 10:00:00,162,32,130
2019-05-26 11:00:00,73,37,36
2019-05-26 12:00:00,64,51,13
2019-05-26 13:00:00,75,60,15
2019-05-26 14:00:00,90,35,55
2019-05-26 15:00:00,104,37,67
2019-05-26 16:00:00,95,65,30
2019-05-26 17:00:00,74,35,39
2019-05-26 18:00:00,72,27,45
2019-05-26 19:00:00,64,35,29
2019-05-26 20:00:00,25,14,11
2019-05-26 21:00:00,24,22,2
2019-05-26 22:00:00,15,12,3
2019-05-26 23:00:00,22,14,8
2019-05-27 00:00:00,22,14,8
2019-05-27 01:00:00,3,2,1
2019-05-27 02:00:00,4,2,2
2019-05-27 03:00:00,4,2,2
2019-05-27 04:00:00,3,1,2
2019-05-27 05:00:00,8,0,8
2019-05-27 06:00:00,7,2,5
2019-05-27 07:00:00,33,23,10
2019-05-27 08:00:00,42,25,17
2019-05-27 09:00:00,55,37,18
2019-05-27 10:00:00,90,57,33
2019-05-27 11:00:00,91,47,44
2019-05-27 12:00:00,117,48,69
2019-05-27 13:00:00,89,57,32
2019-05-27 14:00:00,125,82,43
2019-05-27 15:00:00,92,58,34
2019-05-27 16:00:00,111,58,53
2019-05-27 17:00:00,149,83,66
2019-05-27 18:00:00,118,74,44
2019-05-27 19:00:00,54,22,32
2019-05-27 20:00:00,40,17,23
2019-05-27 21:00:00,30,8,22
2019-05-27 22:00:00,26,18,8
2019-05-27 23:00:00,13,7,6
2019-05-28 00:00:00,0,0,0
2019-05-28 01:00:00,4,2,2
2019-05-28 02:00:00,0,0,0
2019-05-28 03:00:00,2,2,0
2019-05-28 04:00:00,2,0,2
2019-05-28 05:00:00,20,2,18
2019-05-28 06:00:00,105,35,70
2019-05-28 07:00:00,264,107,157
2019-05-28 08:00:00,409,182,227
2019-05-28 09:00:00,201,120,81
2019-05-28 10:00:00,90,45,45
2019-05-28 11:00:00,64,30,34
2019-05-28 12:00:00,90,47,43
2019-05-28 13:00:00,95,50,45
2019-05-28 14:00:00,113,77,36
2019-05-28 15:00:00,182,135,47
2019-05-28 16:00:00,404,252,152
2019-05-28 17:00:00,580,389,191
2019-05-28 18:00:00,277,179,98
2019-05-28 19:00:00,78,39,39
2019-05-28 20:00:00,48,28,20
2019-05-28 21:00:00,48,31,17
2019-05-28 22:00:00,24,9,15
2019-05-28 23:00:00,17,7,10
2019-05-29 00:00:00,9,2,7
2019-05-29 01:00:00,4,4,0
2019-05-29 02:00:00,0,0,0
2019-05-29 03:00:00,0,0,0
2019-05-29 04:00:00,2,0,2
2019-05-29 05:00:00,30,12,18
2019-05-29 06:00:00,124,54,70
2019-05-29 07:00:00,299,123,176
2019-05-29 08:00:00,418,211,207
2019-05-29 09:00:00,193,104,89
2019-05-29 10:00:00,85,49,36
2019-05-29 11:00:00,98,62,36
2019-05-29 12:00:00,135,81,54
2019-05-29 13:00:00,104,65,39
2019-05-29 14:00:00,112,69,43
2019-05-29 15:00:00,183,114,69
2019-05-29 16:00:00,429,251,178
2019-05-29 17:00:00,613,401,212
2019-05-29 18:00:00,283,160,123
2019-05-29 19:00:00,141,58,83
2019-05-29 20:00:00,48,23,25
2019-05-29 21:00:00,44,27,17
2019-05-29 22:00:00,11,5,6
2019-05-29 23:00:00,16,3,13
2019-05-30 00:00:00,4,4,0
2019-05-30 01:00:00,4,2,2
2019-05-30 02:00:00,3,2,1
2019-05-30 03:00:00,7,5,2
2019-05-30 04:00:00,2,2,0
2019-05-30 05:00:00,32,8,24
2019-05-30 06:00:00,110,39,71
2019-05-30 07:00:00,310,118,192
2019-05-30 08:00:00,434,206,228
2019-05-30 09:00:00,211,118,93
2019-05-30 10:00:00,110,63,47
2019-05-30 11:00:00,99,54,45
2019-05-30 12:00:00,114,50,64
2019-05-30 13:00:00,126,83,43
2019-05-30 14:00:00,108,67,41
2019-05-30 15:00:00,239,155,84
2019-05-30 16:00:00,427,293,134
2019-05-30 17:00:00,655,441,214
2019-05-30 18:00:00,321,194,127
2019-05-30 19:00:00,119,71,48
2019-05-30 20:00:00,79,40,39
2019-05-30 21:00:00,60,30,30
2019-05-30 22:00:00,36,12,24
2019-05-30 23:00:00,42,21,21
2019-05-31 00:00:00,6,4,2
2019-05-31 01:00:00,5,4,1
2019-05-31 02:00:00,1,1,0
2019-05-31 03:00:00,4,2,2
2019-05-31 04:00:00,2,2,0
2019-05-31 05:00:00,32,2,30
2019-05-31 06:00:00,104,30,74
2019-05-31 07:00:00,267,114,153
2019-05-31 08:00:00,305,149,156
2019-05-31 09:00:00,226,125,101
2019-05-31 10:00:00,90,50,40
2019-05-31 11:00:00,86,36,50
2019-05-31 12:00:00,116,66,50
2019-05-31 13:00:00,120,59,61
2019-05-31 14:00:00,162,107,55
2019-05-31 15:00:00,240,153,87
2019-05-31 16:00:00,379,222,157
2019-05-31 17:00:00,499,317,182
2019-05-31 18:00:00,291,200,91
2019-05-31 19:00:00,78,51,27
2019-05-31 20:00:00,54,31,23
2019-05-31 21:00:00,51,18,33
2019-05-31 22:00:00,88,30,58
2019-05-31 23:00:00,33,10,23
2019-06-01 00:00:00,23,11,12
2019-06-01 01:00:00,11,6,5
2019-06-01 02:00:00,16,2,14
2019-06-01 03:00:00,5,3,2
2019-06-01 04:00:00,0,0,0
2019-06-01 05:00:00,8,8,0
2019-06-01 06:00:00,5,2,3
2019-06-01 07:00:00,18,4,14
2019-06-01 08:00:00,39,11,28
2019-06-01 09:00:00,43,36,7
2019-06-01 10:00:00,48,33,15
2019-06-01 11:00:00,96,47,49
2019-06-01 12:00:00,67,46,21
2019-06-01 13:00:00,89,61,28
2019-06-01 14:00:00,109,57,52
2019-06-01 15:00:00,100,68,32
2019-06-01 16:00:00,132,81,51
2019-06-01 17:00:00,123,66,57
2019-06-01 18:00:00,74,37,37
2019-06-01 19:00:00,82,19,63
2019-06-01 20:00:00,84,51,33
2019-06-01 21:00:00,27,13,14
2019-06-01 22:00:00,29,12,17
2019-06-01 23:00:00,18,7,11
2019-06-02 00:00:00,13,3,10
2019-06-02 01:00:00,19,13,6
2019-06-02 02:00:00,10,2,8
2019-06-02 03:00:00,2,0,2
2019-06-02 04:00:00,1,1,0
2019-06-02 05:00:00,6,4,2
2019-06-02 06:00:00,11,4,7
2019-06-02 07:00:00,12,4,8
2019-06-02 08:00:00,37,18,19
2019-06-02 09:00:00,73,32,41
2019-06-02 10:00:00,76,56,20
2019-06-02 11:00:00,72,49,23
2019-06-02 12:00:00,117,86,31
2019-06-02 13:00:00,117,70,47
2019-06-02 14:00:00,102,57,45
2019-06-02 15:00:00,97,45,52
2019-06-02 16:00:00,72,38,34
2019-06-02 17:00:00,123,60,63
2019-06-02 18:00:00,48,26,22
2019-06-02 19:00:00,39,29,10
2019-06-02 20:00:00,30,17,13
2019-06-02 21:00:00,35,28,7
2019-06-02 22:00:00,12,8,4
2019-06-02 23:00:00,8,7,1
2019-06-03 00:00:00,14,9,5
2019-06-03 01:00:00,8,8,0
2019-06-03 02:00:00,0,0,0
2019-06-03 03:00:00,1,0,1
2019-06-03 04:00:00,0,0,0
2019-06-03 05:00:00,38,6,32
2019-06-03 06:00:00,117,51,66
2019-06-03 07:00:00,308,101,207
2019-06-03 08:00:00,380,161,219
2019-06-03 09:00:00,188,113,75
2019-06-03 10:00:00,80,40,40
2019-06-03 11:00:00,91,44,47
2019-06-03 12:00:00,96,48,48
2019-06-03 13:00:00,68,33,35
2019-06-03 14:00:00,111,76,35
2019-06-03 15:00:00,174,123,51
2019-06-03 16:00:00,446,287,159
2019-06-03 17:00:00,565,366,199
2019-06-03 18:00:00,224,146,78
2019-06-03 19:00:00,97,55,42
2019-06-03 20:00:00,49,26,23
2019-06-03 21:00:00,28,17,11
2019-06-03 22:00:00,27,8,19
2019-06-03 23:00:00,16,8,8
2019-06-04 00:00:00,7,2,5
2019-06-04 01:00:00,6,2,4
2019-06-04 02:00:00,8,6,2
2019-06-04 03:00:00,4,4,0
2019-06-04 04:00:00,0,0,0
2019-06-04 05:00:00,32,0,32
2019-06-04 06:00:00,107,45,62
2019-06-04 07:00:00,277,112,165
2019-06-04 08:00:00,399,185,214
2019-06-04 09:00:00,189,96,93
2019-06-04 10:00:00,112,59,53
2019-06-04 11:00:00,103,58,45
2019-06-04 12:00:00,126,54,72
2019-06-04 13:00:00,81,45,36
2019-06-04 14:00:00,106,56,50
2019-06-04 15:00:00,187,128,59
2019-06-04 16:00:00,414,276,138
2019-06-04 17:00:00,576,388,188
2019-06-04 18:00:00,267,137,130
2019-06-04 19:00:00,113,70,43
2019-06-04 20:00:00,70,37,33
2019-06-04 21:00:00,62,33,29
2019-06-04 22:00:00,52,20,32
2019-06-04 23:00:00,11,4,7
2019-06-05 00:00:00,7,4,3
2019-06-05 01:00:00,4,4,0
2019-06-05 02:00:00,0,0,0
2019-06-05 03:00:00,5,2,3
2019-06-05 04:00:00,0,0,0
2019-06-05 05:00:00,40,4,36
2019-06-05 06:00:00,104,35,69
2019-06-05 07:00:00,300,136,164
2019-06-05 08:00:00,363,163,200
2019-06-05 09:00:00,225,142,83
2019-06-05 10:00:00,102,65,37
2019-06-05 11:00:00,110,63,47
2019-06-05 12:00:00,100,57,43
2019-06-05 13:00:00,76,34,42
2019-06-05 14:00:00,104,71,33
2019-06-05 15:00:00,221,129,92
2019-06-05 16:00:00,372,237,135
2019-06-05 17:00:00,508,325,183
2019-06-05 18:00:00,291,187,104
2019-06-05 19:00:00,118,73,45
2019-06-05 20:00:00,71,31,40
2019-06-05 21:00:00,46,23,23
2019-06-05 22:00:00,45,12,33
2019-06-05 23:00:00,23,17,6
2019-06-06 00:00:00,7,0,7
2019-06-06 01:00:00,10,10,0
2019-06-06 02:00:00,0,0,0
2019-06-06 03:00:00,0,0,0
2019-06-06 04:00:00,2,0,2
2019-06-06 05:00:00,38,9,29
2019-06-06 06:00:00,96,51,45
2019-06-06 07:00:00,237,77,160
2019-06-06 08:00:00,316,143,173
2019-06-06 09:00:00,174,95,79
2019-06-06 10:00:00,98,58,40
2019-06-06 11:00:00,108,67,41
2019-06-06 12:00:00,114,87,27
2019-06-06 13:00:00,94,58,36
2019-06-06 14:00:00,118,68,50
2019-06-06 15:00:00,153,99,54
2019-06-06 16:00:00,348,240,108
2019-06-06 17:00:00,484,317,167
2019-06-06 18:00:00,207,127,80
2019-06-06 19:00:00,137,69,68
2019-06-06 20:00:00,60,25,35
2019-06-06 21:00:00,32,14,18
2019-06-06 22:00:00,26,13,13
2019-06-06 23:00:00,10,1,9
2019-06-07 00:00:00,16,10,6
2019-06-07 01:00:00,8,2,6
2019-06-07 02:00:00,5,5,0
2019-06-07 03:00:00,0,0,0
2019-06-07 04:00:00,2,0,2
2019-06-07 05:00:00,26,8,18
2019-06-07 06:00:00,55,27,28
2019-06-07 07:00:00,139,49,90
2019-06-07 08:00:00,275,113,162
2019-06-07 09:00:00,153,90,63
2019-06-07 10:00:00,77,39,38
2019-06-07 11:00:00,92,64,28
2019-06-07 12:00:00,82,39,43
2019-06-07 13:00:00,66,27,39
2019-06-07 14:00:00,87,52,35
2019-06-07 15:00:00,156,110,46
2019-06-07 16:00:00,255,173,82
2019-06-07 17:00:00,338,226,112
2019-06-07 18:00:00,128,76,52
2019-06-07 19:00:00,72,48,24
2019-06-07 20:00:00,37,26,11
2019-06-07 21:00:00,28,19,9
2019-06-07 22:00:00,14,10,4
2019-06-07 23:00:00,11,11,0
2019-06-08 00:00:00,18,6,12
2019-06-08 01:00:00,14,6,8
2019-06-08 02:00:00,9,8,1
2019-06-08 03:00:00,4,2,2
2019-06-08 04:00:00,0,0,0
2019-06-08 05:00:00,12,8,4
2019-06-08 06:00:00,6,4,2
2019-06-08 07:00:00,17,6,11
2019-06-08 08:00:00,42,28,14
2019-06-08 09:00:00,40,29,11
2019-06-08 10:00:00,53,38,15
2019-06-08 11:00:00,67,43,24
2019-06-08 12:00:00,74,47,27
2019-06-08 13:00:00,106,67,39
2019-06-08 14:00:00,119,69,50
2019-06-08 15:00:00,68,44,24
2019-06-08 16:00:00,118,56,62
2019-06-08 17:00:00,89,52,37
2019-06-08 18:00:00,75,32,43
2019-06-08 19:00:00,47,24,23
2019-06-08 20:00:00,47,33,14
2019-06-08 21:00:00,30,16,14
2019-06-08 22:00:00,27,15,12
2019-06-08 23:00:00,17,13,4
2019-06-09 00:00:00,21,8,13
2019-06-09 01:00:00,13,9,4
2019-06-09 02:00:00,5,0,5
2019-06-09 03:00:00,0,0,0
2019-06-09 04:00:00,0,0,0
2019-06-09 05:00:00,6,2,4
2019-06-09 06:00:00,7,0,7
2019-06-09 07:00:00,12,9,3
2019-06-09 08:00:00,34,14,20
2019-06-09 09:00:00,44,23,21
2019-06-09 10:00:00,52,36,16
2019-06-09 11:00:00,55,35,20
2019-06-09 12:00:00,86,47,39
2019-06-09 13:00:00,104,68,36
2019-06-09 14:00:00,94,38,56
2019-06-09 15:00:00,73,37,36
2019-06-09 16:00:00,84,47,37
2019-06-09 17:00:00,79,36,43
2019-06-09 18:00:00,80,27,53
2019-06-09 19:00:00,28,21,7
2019-06-09 20:00:00,35,14,21
2019-06-09 21:00:00,13,11,2
2019-06-09 22:00:00,12,8,4
2019-06-09 23:00:00,12,4,8
2019-06-10 00:00:00,2,2,0
2019-06-10 01:00:00,4,4,0
2019-06-10 02:00:00,2,2,0
2019-06-10 03:00:00,2,0,2
2019-06-10 04:00:00,2,0,2
2019-06-10 05:00:00,30,6,24
2019-06-10 06:00:00,90,25,65
2019-06-10 07:00:00,246,117,129
2019-06-10 08:00:00,386,189,197
2019-06-10 09:00:00,216,109,107
2019-06-10 10:00:00,94,40,54
2019-06-10 11:00:00,85,44,41
2019-06-10 12:00:00,103,69,34
2019-06-10 13:00:00,96,55,41
2019-06-10 14:00:00,105,73,32
2019-06-10 15:00:00,195,130,65
2019-06-10 16:00:00,465,303,162
2019-06-10 17:00:00,466,262,204
2019-06-10 18:00:00,165,95,70
2019-06-10 19:00:00,79,41,38
2019-06-10 20:00:00,49,22,27
2019-06-10 21:00:00,32,17,15
2019-06-10 22:00:00,29,16,13
2019-06-10 23:00:00,12,2,10
2019-06-11 00:00:00,6,4,2
2019-06-11 01:00:00,6,6,0
2019-06-11 02:00:00,4,2,2
2019-06-11 03:00:00,2,2,0
2019-06-11 04:00:00,6,0,6
2019-06-11 05:00:00,60,27,33
2019-06-11 06:00:00,139,63,76
2019-06-11 07:00:00,349,160,189
2019-06-11 08:00:00,421,235,186
2019-06-11 09:00:00,242,142,100
2019-06-11 10:00:00,74,31,43
2019-06-11 11:00:00,102,51,51
2019-06-11 12:00:00,105,59,46
2019-06-11 13:00:00,105,59,46
2019-06-11 14:00:00,142,87,55
2019-06-11 15:00:00,214,131,83
2019-06-11 16:00:00,527,332,195
2019-06-11 17:00:00,503,296,207
2019-06-11 18:00:00,195,122,73
2019-06-11 19:00:00,116,55,61
2019-06-11 20:00:00,61,30,31
2019-06-11 21:00:00,46,25,21
2019-06-11 22:00:00,32,15,17
2019-06-11 23:00:00,14,12,2
2019-06-12 00:00:00,9,3,6
2019-06-12 01:00:00,2,0,2
2019-06-12 02:00:00,1,1,0
2019-06-12 03:00:00,6,0,6
2019-06-12 04:00:00,0,0,0
2019-06-12 05:00:00,73,17,56
2019-06-12 06:00:00,130,46,84
2019-06-12 07:00:00,260,121,139
2019-06-12 08:00:00,377,193,184
2019-06-12 09:00:00,186,104,82
2019-06-12 10:00:00,108,51,57
2019-06-12 11:00:00,101,48,53
2019-06-12 12:00:00,102,45,57
2019-06-12 13:00:00,99,60,39
2019-06-12 14:00:00,143,89,54
2019-06-12 15:00:00,208,150,58
2019-06-12 16:00:00,481,301,180
2019-06-12 17:00:00,506,337,169
2019-06-12 18:00:00,235,129,106
2019-06-12 19:00:00,84,43,41
2019-06-12 20:00:00,57,30,27
2019-06-12 21:00:00,43,22,21
2019-06-12 22:00:00,43,21,22
2019-06-12 23:00:00,10,5,5
2019-06-13 00:00:00,9,2,7
2019-06-13 01:00:00,6,4,2
2019-06-13 02:00:00,0,0,0
2019-06-13 03:00:00,1,1,0
2019-06-13 04:00:00,1,0,1
2019-06-13 05:00:00,53,13,40
2019-06-13 06:00:00,123,54,69
2019-06-13 07:00:00,308,153,155
2019-06-13 08:00:00,399,219,180
2019-06-13 09:00:00,190,111,79
2019-06-13 10:00:00,95,45,50
2019-06-13 11:00:00,95,43,52
2019-06-13 12:00:00,139,72,67
2019-06-13 13:00:00,85,42,43
2019-06-13 14:00:00,150,100,50
2019-06-13 15:00:00,253,163,90
2019-06-13 16:00:00,509,306,203
2019-06-13 17:00:00,480,268,212
2019-06-13 18:00:00,198,113,85
2019-06-13 19:00:00,105,51,54
2019-06-13 20:00:00,66,36,30
2019-06-13 21:00:00,28,17,11
2019-06-13 22:00:00,28,14,14
2019-06-13 23:00:00,12,9,3
2019-06-14 00:00:00,3,1,2
2019-06-14 01:00:00,0,0,0
2019-06-14 02:00:00,1,1,0
2019-06-14 03:00:00,3,0,3
2019-06-14 04:00:00,0,0,0
2019-06-14 05:00:00,57,12,45
2019-06-14 06:00:00,109,45,64
2019-06-14 07:00:00,231,109,122
2019-06-14 08:00:00,294,170,124
2019-06-14 09:00:00,145,67,78
2019-06-14 10:00:00,90,39,51
2019-06-14 11:00:00,117,51,66
2019-06-14 12:00:00,114,74,40
2019-06-14 13:00:00,119,63,56
2019-06-14 14:00:00,173,107,66
2019-06-14 15:00:00,229,162,67
2019-06-14 16:00:00,391,251,140
2019-06-14 17:00:00,375,204,171
2019-06-14 18:00:00,165,94,71
2019-06-14 19:00:00,77,41,36
2019-06-14 20:00:00,60,42,18
2019-06-14 21:00:00,28,22,6
2019-06-14 22:00:00,39,17,22
2019-06-14 23:00:00,33,16,17
2019-06-15 00:00:00,18,6,12
2019-06-15 01:00:00,12,10,2
2019-06-15 02:00:00,4,2,2
2019-06-15 03:00:00,6,2,4
2019-06-15 04:00:00,0,0,0
2019-06-15 05:00:00,16,12,4
2019-06-15 06:00:00,4,3,1
2019-06-15 07:00:00,26,17,9
2019-06-15 08:00:00,71,43,28
2019-06-15 09:00:00,46,24,22
2019-06-15 10:00:00,44,16,28
2019-06-15 11:00:00,104,72,32
2019-06-15 12:00:00,78,38,40
2019-06-15 13:00:00,107,70,37
2019-06-15 14:00:00,69,34,35
2019-06-15 15:00:00,84,45,39
2019-06-15 16:00:00,106,69,37
2019-06-15 17:00:00,63,44,19
2019-06-15 18:00:00,64,36,28
2019-06-15 19:00:00,47,23,24
2019-06-15 20:00:00,52,30,22
2019-06-15 21:00:00,16,7,9
2019-06-15 22:00:00,32,25,7
2019-06-15 23:00:00,20,6,14
2019-06-16 00:00:00,19,9,10
2019-06-16 01:00:00,10,8,2
2019-06-16 02:00:00,5,3,2
2019-06-16 03:00:00,4,2,2
2019-06-16 04:00:00,6,2,4
2019-06-16 05:00:00,8,6,2
2019-06-16 06:00:00,20,14,6
2019-06-16 07:00:00,25,12,13
2019-06-16 08:00:00,39,18,21
2019-06-16 09:00:00,65,32,33
2019-06-16 10:00:00,50,26,24
2019-06-16 11:00:00,71,49,22
2019-06-16 12:00:00,268,231,37
2019-06-16 13:00:00,122,80,42
2019-06-16 14:00:00,211,151,60
2019-06-16 15:00:00,98,75,23
2019-06-16 16:00:00,109,57,52
2019-06-16 17:00:00,58,34,24
2019-06-16 18:00:00,82,35,47
2019-06-16 19:00:00,38,22,16
2019-06-16 20:00:00,28,20,8
2019-06-16 21:00:00,23,16,7
2019-06-16 22:00:00,19,10,9
2019-06-16 23:00:00,11,8,3
2019-06-17 00:00:00,6,2,4
2019-06-17 01:00:00,0,0,0
2019-06-17 02:00:00,3,2,1
2019-06-17 03:00:00,0,0,0
2019-06-17 04:00:00,4,0,4
2019-06-17 05:00:00,46,9,37
2019-06-17 06:00:00,104,33,71
2019-06-17 07:00:00,319,159,160
2019-06-17 08:00:00,373,194,179
2019-06-17 09:00:00,196,111,85
2019-06-17 10:00:00,90,51,39
2019-06-17 11:00:00,93,56,37
2019-06-17 12:00:00,93,39,54
2019-06-17 13:00:00,123,77,46
2019-06-17 14:00:00,89,62,27
2019-06-17 15:00:00,235,155,80
2019-06-17 16:00:00,485,310,175
2019-06-17 17:00:00,539,350,189
2019-06-17 18:00:00,217,140,77
2019-06-17 19:00:00,98,45,53
2019-06-17 20:00:00,50,23,27
2019-06-17 21:00:00,34,18,16
2019-06-17 22:00:00,48,22,26
2019-06-17 23:00:00,16,8,8
2019-06-18 00:00:00,7,1,6
2019-06-18 01:00:00,2,2,0
2019-06-18 02:00:00,4,4,0
2019-06-18 03:00:00,2,2,0
2019-06-18 04:00:00,4,1,3
2019-06-18 05:00:00,46,10,36
2019-06-18 06:00:00,95,40,55
2019-06-18 07:00:00,213,100,113
2019-06-18 08:00:00,251,125,126
2019-06-18 09:00:00,166,82,84
2019-06-18 10:00:00,83,42,41
2019-06-18 11:00:00,83,47,36
2019-06-18 12:00:00,91,39,52
2019-06-18 13:00:00,62,36,26
2019-06-18 14:00:00,110,78,32
2019-06-18 15:00:00,173,119,54
2019-06-18 16:00:00,376,234,142
2019-06-18 17:00:00,364,241,123
2019-06-18 18:00:00,195,103,92
2019-06-18 19:00:00,72,41,31
2019-06-18 20:00:00,28,11,17
2019-06-18 21:00:00,52,20,32
2019-06-18 22:00:00,22,9,13
2019-06-18 23:00:00,5,5,0
2019-06-19 00:00:00,4,4,0
2019-06-19 01:00:00,2,0,2
2019-06-19 02:00:00,1,1,0
2019-06-19 03:00:00,2,2,0
2019-06-19 04:00:00,0,0,0
2019-06-19 05:00:00,54,8,46
2019-06-19 06:00:00,121,40,81
2019-06-19 07:00:00,268,125,143
2019-06-19 08:00:00,373,175,198
2019-06-19 09:00:00,162,94,68
2019-06-19 10:00:00,89,55,34
2019-06-19 11:00:00,89,49,40
2019-06-19 12:00:00,100,51,49
2019-06-19 13:00:00,96,65,31
2019-06-19 14:00:00,171,110,61
2019-06-19 15:00:00,218,159,59
2019-06-19 16:00:00,451,287,164
2019-06-19 17:00:00,529,308,221
2019-06-19 18:00:00,213,107,106
2019-06-19 19:00:00,85,37,48
2019-06-19 20:00:00,82,25,57
2019-06-19 21:00:00,16,9,7
2019-06-19 22:00:00,20,8,12
2019-06-19 23:00:00,21,12,9
2019-06-20 00:00:00,7,4,3
2019-06-20 01:00:00,1,0,1
2019-06-20 02:00:00,1,0,1
2019-06-20 03:00:00,0,0,0
2019-06-20 04:00:00,0,0,0
2019-06-20 05:00:00,43,11,32
2019-06-20 06:00:00,89,23,66
2019-06-20 07:00:00,214,115,99
2019-06-20 08:00:00,285,133,152
2019-06-20 09:00:00,170,86,84
2019-06-20 10:00:00,99,52,47
2019-06-20 11:00:00,102,58,44
2019-06-20 12:00:00,128,68,60
2019-06-20 13:00:00,93,47,46
2019-06-20 14:00:00,141,86,55
2019-06-20 15:00:00,245,172,73
2019-06-20 16:00:00,454,308,146
2019-06-20 17:00:00,455,292,163
2019-06-20 18:00:00,208,124,84
2019-06-20 19:00:00,91,48,43
2019-06-20 20:00:00,53,37,16
2019-06-20 21:00:00,67,27,40
2019-06-20 22:00:00,64,22,42
2019-06-20 23:00:00,42,8,34
2019-06-21 00:00:00,12,6,6
2019-06-21 01:00:00,6,6,0
2019-06-21 02:00:00,0,0,0
2019-06-21 03:00:00,6,0,6
2019-06-21 04:00:00,4,2,2
2019-06-21 05:00:00,47,11,36
2019-06-21 06:00:00,88,29,59
2019-06-21 07:00:00,220,98,122
2019-06-21 08:00:00,307,152,155
2019-06-21 09:00:00,167,97,70
2019-06-21 10:00:00,102,61,41
2019-06-21 11:00:00,117,51,66
2019-06-21 12:00:00,137,76,61
2019-06-21 13:00:00,141,87,54
2019-06-21 14:00:00,157,100,57
2019-06-21 15:00:00,261,162,99
2019-06-21 16:00:00,393,255,138
2019-06-21 17:00:00,353,216,137
2019-06-21 18:00:00,175,131,44
2019-06-21 19:00:00,95,54,41
2019-06-21 20:00:00,69,43,26
2019-06-21 21:00:00,41,20,21
2019-06-21 22:00:00,61,18,43
2019-06-21 23:00:00,44,18,26
2019-06-22 00:00:00,22,16,6
2019-06-22 01:00:00,16,5,11
2019-06-22 02:00:00,5,0,5
2019-06-22 03:00:00,0,0,0
2019-06-22 04:00:00,0,0,0
2019-06-22 05:00:00,11,7,4
2019-06-22 06:00:00,12,4,8
2019-06-22 07:00:00,29,14,15
2019-06-22 08:00:00,49,28,21
2019-06-22 09:00:00,75,25,50
2019-06-22 10:00:00,90,42,48
2019-06-22 11:00:00,84,41,43
2019-06-22 12:00:00,100,58,42
2019-06-22 13:00:00,85,52,33
2019-06-22 14:00:00,69,37,32
2019-06-22 15:00:00,113,34,79
2019-06-22 16:00:00,136,67,69
2019-06-22 17:00:00,79,53,26
2019-06-22 18:00:00,70,36,34
2019-06-22 19:00:00,82,47,35
2019-06-22 20:00:00,45,41,4
2019-06-22 21:00:00,30,15,15
2019-06-22 22:00:00,26,14,12
2019-06-22 23:00:00,22,16,6
2019-06-23 00:00:00,33,23,10
2019-06-23 01:00:00,5,3,2
2019-06-23 02:00:00,0,0,0
2019-06-23 03:00:00,0,0,0
2019-06-23 04:00:00,1,1,0
2019-06-23 05:00:00,2,2,0
2019-06-23 06:00:00,6,4,2
2019-06-23 07:00:00,15,7,8
2019-06-23 08:00:00,28,18,10
2019-06-23 09:00:00,43,27,16
2019-06-23 10:00:00,50,35,15
2019-06-23 11:00:00,56,37,19
2019-06-23 12:00:00,75,30,45
2019-06-23 13:00:00,66,35,31
2019-06-23 14:00:00,60,26,34
2019-06-23 15:00:00,66,30,36
2019-06-23 16:00:00,66,16,50
2019-06-23 17:00:00,24,15,9
2019-06-23 18:00:00,43,20,23
2019-06-23 19:00:00,16,8,8
2019-06-23 20:00:00,32,17,15
2019-06-23 21:00:00,16,12,4
2019-06-23 22:00:00,17,12,5
2019-06-23 23:00:00,5,0,5
2019-06-24 00:00:00,9,8,1
2019-06-24 01:00:00,2,0,2
2019-06-24 02:00:00,1,0,1
2019-06-24 03:00:00,2,0,2
2019-06-24 04:00:00,2,2,0
2019-06-24 05:00:00,40,9,31
2019-06-24 06:00:00,92,35,57
2019-06-24 07:00:00,288,142,146
2019-06-24 08:00:00,291,127,164
2019-06-24 09:00:00,135,74,61
2019-06-24 10:00:00,66,34,32
2019-06-24 11:00:00,59,40,19
2019-06-24 12:00:00,92,41,51
2019-06-24 13:00:00,76,51,25
2019-06-24 14:00:00,102,70,32
2019-06-24 15:00:00,214,145,69
2019-06-24 16:00:00,396,261,135
2019-06-24 17:00:00,480,282,198
2019-06-24 18:00:00,174,103,71
2019-06-24 19:00:00,99,53,46
2019-06-24 20:00:00,57,35,22
2019-06-24 21:00:00,36,26,10
2019-06-24 22:00:00,8,3,5
2019-06-24 23:00:00,18,12,6
2019-06-25 00:00:00,5,2,3
2019-06-25 01:00:00,0,0,0
2019-06-25 02:00:00,0,0,0
2019-06-25 03:00:00,0,0,0
2019-06-25 04:00:00,2,0,2
2019-06-25 05:00:00,60,9,51
2019-06-25 06:00:00,125,59,66
2019-06-25 07:00:00,314,164,150
2019-06-25 08:00:00,392,210,182
2019-06-25 09:00:00,184,78,106
2019-06-25 10:00:00,118,60,58
2019-06-25 11:00:00,137,73,64
2019-06-25 12:00:00,126,61,65
2019-06-25 13:00:00,99,49,50
2019-06-25 14:00:00,143,96,47
2019-06-25 15:00:00,204,131,73
2019-06-25 16:00:00,427,261,166
2019-06-25 17:00:00,526,328,198
2019-06-25 18:00:00,251,132,119
2019-06-25 19:00:00,112,53,59
2019-06-25 20:00:00,41,27,14
2019-06-25 21:00:00,39,19,20
2019-06-25 22:00:00,26,19,7
2019-06-25 23:00:00,8,5,3
2019-06-26 00:00:00,9,4,5
2019-06-26 01:00:00,7,2,5
2019-06-26 02:00:00,0,0,0
2019-06-26 03:00:00,0,0,0
2019-06-26 04:00:00,2,2,0
2019-06-26 05:00:00,50,17,33
2019-06-26 06:00:00,96,37,59
2019-06-26 07:00:00,242,124,118
2019-06-26 08:00:00,346,174,172
2019-06-26 09:00:00,150,98,52
2019-06-26 10:00:00,89,46,43
2019-06-26 11:00:00,106,51,55
2019-06-26 12:00:00,117,49,68
2019-06-26 13:00:00,104,50,54
2019-06-26 14:00:00,134,76,58
2019-06-26 15:00:00,174,113,61
2019-06-26 16:00:00,366,240,126
2019-06-26 17:00:00,400,254,146
2019-06-26 18:00:00,177,103,74
2019-06-26 19:00:00,84,40,44
2019-06-26 20:00:00,58,34,24
2019-06-26 21:00:00,27,15,12
2019-06-26 22:00:00,36,18,18
2019-06-26 23:00:00,12,8,4
2019-06-27 00:00:00,9,2,7
2019-06-27 01:00:00,7,4,3
2019-06-27 02:00:00,2,2,0
2019-06-27 03:00:00,0,0,0
2019-06-27 04:00:00,8,8,0
2019-06-27 05:00:00,42,11,31
2019-06-27 06:00:00,76,25,51
2019-06-27 07:00:00,167,76,91
2019-06-27 08:00:00,234,109,125
2019-06-27 09:00:00,143,87,56
2019-06-27 10:00:00,80,42,38
2019-06-27 11:00:00,81,43,38
2019-06-27 12:00:00,114,59,55
2019-06-27 13:00:00,102,54,48
2019-06-27 14:00:00,103,71,32
2019-06-27 15:00:00,191,118,73
2019-06-27 16:00:00,349,220,129
2019-06-27 17:00:00,354,230,124
2019-06-27 18:00:00,173,103,70
2019-06-27 19:00:00,81,50,31
2019-06-27 20:00:00,55,31,24
2019-06-27 21:00:00,16,12,4
2019-06-27 22:00:00,18,9,9
2019-06-27 23:00:00,12,2,10
2019-06-28 00:00:00,9,3,6
2019-06-28 01:00:00,9,7,2
2019-06-28 02:00:00,5,2,3
2019-06-28 03:00:00,5,3,2
2019-06-28 04:00:00,2,2,0
2019-06-28 05:00:00,47,8,39
2019-06-28 06:00:00,77,21,56
2019-06-28 07:00:00,207,104,103
2019-06-28 08:00:00,269,143,126
2019-06-28 09:00:00,165,98,67
2019-06-28 10:00:00,106,49,57
2019-06-28 11:00:00,115,56,59
2019-06-28 12:00:00,108,68,40
2019-06-28 13:00:00,129,75,54
2019-06-28 14:00:00,181,81,100
2019-06-28 15:00:00,264,176,88
2019-06-28 16:00:00,389,218,171
2019-06-28 17:00:00,333,232,101
2019-06-28 18:00:00,157,100,57
2019-06-28 19:00:00,108,56,52
2019-06-28 20:00:00,53,21,32
2019-06-28 21:00:00,34,21,13
2019-06-28 22:00:00,43,24,19
2019-06-28 23:00:00,13,7,6
2019-06-29 00:00:00,16,8,8
2019-06-29 01:00:00,9,5,4
2019-06-29 02:00:00,6,0,6
2019-06-29 03:00:00,0,0,0
2019-06-29 04:00:00,1,1,0
2019-06-29 05:00:00,8,6,2
2019-06-29 06:00:00,14,9,5
2019-06-29 07:00:00,26,12,14
2019-06-29 08:00:00,46,24,22
2019-06-29 09:00:00,67,57,10
2019-06-29 10:00:00,68,48,20
2019-06-29 11:00:00,73,44,29
2019-06-29 12:00:00,87,55,32
2019-06-29 13:00:00,130,89,41
2019-06-29 14:00:00,115,65,50
2019-06-29 15:00:00,89,46,43
2019-06-29 16:00:00,123,66,57
2019-06-29 17:00:00,129,92,37
2019-06-29 18:00:00,184,154,30
2019-06-29 19:00:00,71,22,49
2019-06-29 20:00:00,69,31,38
2019-06-29 21:00:00,181,21,160
2019-06-29 22:00:00,54,25,29
2019-06-29 23:00:00,33,14,19
2019-06-30 00:00:00,21,6,15
2019-06-30 01:00:00,8,2,6
2019-06-30 02:00:00,10,9,1
2019-06-30 03:00:00,6,6,0
2019-06-30 04:00:00,5,3,2
2019-06-30 05:00:00,6,6,0
2019-06-30 06:00:00,15,10,5
2019-06-30 07:00:00,22,12,10
2019-06-30 08:00:00,28,18,10
2019-06-30 09:00:00,60,22,38
2019-06-30 10:00:00,83,42,41
2019-06-30 11:00:00,90,27,63
2019-06-30 12:00:00,93,57,36
2019-06-30 13:00:00,107,36,71
2019-06-30 14:00:00,120,66,54
2019-06-30 15:00:00,115,60,55
2019-06-30 16:00:00,113,71,42
2019-06-30 17:00:00,95,73,22
2019-06-30 18:00:00,84,47,37
2019-06-30 19:00:00,50,23,27
2019-06-30 20:00:00,34,31,3
2019-06-30 21:00:00,40,25,15
2019-06-30 22:00:00,21,5,16
2019-06-30 23:00:00,9,4,5
2019-07-01 00:00:00,3,2,1
2019-07-01 01:00:00,4,2,2
2019-07-01 02:00:00,2,2,0
2019-07-01 03:00:00,4,2,2
2019-07-01 04:00:00,8,4,4
2019-07-01 05:00:00,53,8,45
2019-07-01 06:00:00,116,43,73
2019-07-01 07:00:00,321,154,167
2019-07-01 08:00:00,386,179,207
2019-07-01 09:00:00,139,62,77
2019-07-01 10:00:00,77,30,47
2019-07-01 11:00:00,94,54,40
2019-07-01 12:00:00,103,59,44
2019-07-01 13:00:00,91,43,48
2019-07-01 14:00:00,138,99,39
2019-07-01 15:00:00,236,151,85
2019-07-01 16:00:00,455,314,141
2019-07-01 17:00:00,491,336,155
2019-07-01 18:00:00,175,108,67
2019-07-01 19:00:00,133,80,53
2019-07-01 20:00:00,44,28,16
2019-07-01 21:00:00,32,17,15
2019-07-01 22:00:00,26,8,18
2019-07-01 23:00:00,8,4,4
2019-07-02 00:00:00,4,2,2
2019-07-02 01:00:00,5,5,0
2019-07-02 02:00:00,2,0,2
2019-07-02 03:00:00,6,6,0
2019-07-02 04:00:00,4,2,2
2019-07-02 05:00:00,61,16,45
2019-07-02 06:00:00,106,50,56
2019-07-02 07:00:00,239,112,127
2019-07-02 08:00:00,252,111,141
2019-07-02 09:00:00,147,75,72
2019-07-02 10:00:00,60,40,20
2019-07-02 11:00:00,107,66,41
2019-07-02 12:00:00,101,65,36
2019-07-02 13:00:00,110,61,49
2019-07-02 14:00:00,87,52,35
2019-07-02 15:00:00,138,80,58
2019-07-02 16:00:00,277,197,80
2019-07-02 17:00:00,303,193,110
2019-07-02 18:00:00,129,86,43
2019-07-02 19:00:00,36,18,18
2019-07-02 20:00:00,27,13,14
2019-07-02 21:00:00,30,16,14
2019-07-02 22:00:00,36,6,30
2019-07-02 23:00:00,17,4,13
2019-07-03 00:00:00,10,5,5
2019-07-03 01:00:00,2,2,0
2019-07-03 02:00:00,0,0,0
2019-07-03 03:00:00,4,2,2
2019-07-03 04:00:00,0,0,0
2019-07-03 05:00:00,46,15,31
2019-07-03 06:00:00,93,29,64
2019-07-03 07:00:00,207,87,120
2019-07-03 08:00:00,231,106,125
2019-07-03 09:00:00,140,71,69
2019-07-03 10:00:00,51,24,27
2019-07-03 11:00:00,101,57,44
2019-07-03 12:00:00,92,38,54
2019-07-03 13:00:00,84,53,31
2019-07-03 14:00:00,141,89,52
2019-07-03 15:00:00,222,145,77
2019-07-03 16:00:00,370,259,111
2019-07-03 17:00:00,375,265,110
2019-07-03 18:00:00,205,156,49
2019-07-03 19:00:00,116,68,48
2019-07-03 20:00:00,62,33,29
2019-07-03 21:00:00,55,19,36
2019-07-03 22:00:00,69,24,45
2019-07-03 23:00:00,42,6,36
2019-07-04 00:00:00,15,8,7
2019-07-04 01:00:00,13,11,2
2019-07-04 02:00:00,0,0,0
2019-07-04 03:00:00,0,0,0
2019-07-04 04:00:00,0,0,0
2019-07-04 05:00:00,10,4,6
2019-07-04 06:00:00,10,8,2
2019-07-04 07:00:00,14,5,9
2019-07-04 08:00:00,26,18,8
2019-07-04 09:00:00,65,43,22
2019-07-04 10:00:00,85,58,27
2019-07-04 11:00:00,64,43,21
2019-07-04 12:00:00,147,99,48
2019-07-04 13:00:00,119,74,45
2019-07-04 14:00:00,98,54,44
2019-07-04 15:00:00,126,39,87
2019-07-04 16:00:00,114,41,73
2019-07-04 17:00:00,121,49,72
2019-07-04 18:00:00,65,32,33
2019-07-04 19:00:00,67,24,43
2019-07-04 20:00:00,59,15,44
2019-07-04 21:00:00,32,11,21
2019-07-04 22:00:00,26,13,13
2019-07-04 23:00:00,62,49,13
2019-07-05 00:00:00,12,9,3
2019-07-05 01:00:00,9,7,2
2019-07-05 02:00:00,2,2,0
2019-07-05 03:00:00,2,2,0
2019-07-05 04:00:00,2,2,0
2019-07-05 05:00:00,14,6,8
2019-07-05 06:00:00,32,15,17
2019-07-05 07:00:00,70,30,40
2019-07-05 08:00:00,98,55,43
2019-07-05 09:00:00,87,65,22
2019-07-05 10:00:00,83,34,49
2019-07-05 11:00:00,67,25,42
2019-07-05 12:00:00,90,60,30
2019-07-05 13:00:00,88,58,30
2019-07-05 14:00:00,101,51,50
2019-07-05 15:00:00,139,87,52
2019-07-05 16:00:00,172,97,75
2019-07-05 17:00:00,201,151,50
2019-07-05 18:00:00,91,56,35
2019-07-05 19:00:00,54,30,24
2019-07-05 20:00:00,54,31,23
2019-07-05 21:00:00,45,11,34
2019-07-05 22:00:00,45,12,33
2019-07-05 23:00:00,32,24,8
2019-07-06 00:00:00,17,6,11
2019-07-06 01:00:00,7,5,2
2019-07-06 02:00:00,15,0,15
2019-07-06 03:00:00,2,0,2
2019-07-06 04:00:00,3,2,1
2019-07-06 05:00:00,4,4,0
2019-07-06 06:00:00,13,7,6
2019-07-06 07:00:00,12,7,5
2019-07-06 08:00:00,29,17,12
2019-07-06 09:00:00,48,24,24
2019-07-06 10:00:00,61,39,22
2019-07-06 11:00:00,78,59,19
2019-07-06 12:00:00,91,57,34
2019-07-06 13:00:00,102,73,29
2019-07-06 14:00:00,124,77,47
2019-07-06 15:00:00,81,46,35
2019-07-06 16:00:00,127,61,66
2019-07-06 17:00:00,92,55,37
2019-07-06 18:00:00,91,47,44
2019-07-06 19:00:00,75,38,37
2019-07-06 20:00:00,59,29,30
2019-07-06 21:00:00,51,16,35
2019-07-06 22:00:00,74,13,61
2019-07-06 23:00:00,13,7,6
2019-07-07 00:00:00,10,6,4
2019-07-07 01:00:00,11,7,4
2019-07-07 02:00:00,9,1,8
2019-07-07 03:00:00,0,0,0
2019-07-07 04:00:00,8,4,4
2019-07-07 05:00:00,4,2,2
2019-07-07 06:00:00,11,9,2
2019-07-07 07:00:00,22,9,13
2019-07-07 08:00:00,34,20,14
2019-07-07 09:00:00,53,23,30
2019-07-07 10:00:00,49,34,15
2019-07-07 11:00:00,56,35,21
2019-07-07 12:00:00,112,73,39
2019-07-07 13:00:00,72,27,45
2019-07-07 14:00:00,70,38,32
2019-07-07 15:00:00,55,29,26
2019-07-07 16:00:00,102,20,82
2019-07-07 17:00:00,65,42,23
2019-07-07 18:00:00,60,19,41
2019-07-07 19:00:00,29,19,10
2019-07-07 20:00:00,24,12,12
2019-07-07 21:00:00,20,15,5
2019-07-07 22:00:00,12,9,3
2019-07-07 23:00:00,11,7,4
2019-07-08 00:00:00,3,2,1
2019-07-08 01:00:00,0,0,0
2019-07-08 02:00:00,0,0,0
2019-07-08 03:00:00,2,0,2
2019-07-08 04:00:00,2,0,2
2019-07-08 05:00:00,38,8,30
2019-07-08 06:00:00,85,25,60
2019-07-08 07:00:00,227,101,126
2019-07-08 08:00:00,295,136,159
2019-07-08 09:00:00,179,83,96
2019-07-08 10:00:00,67,36,31
2019-07-08 11:00:00,66,28,38
2019-07-08 12:00:00,82,33,49
2019-07-08 13:00:00,82,39,43
2019-07-08 14:00:00,114,77,37
2019-07-08 15:00:00,167,113,54
2019-07-08 16:00:00,351,239,112
2019-07-08 17:00:00,458,321,137
2019-07-08 18:00:00,226,126,100
2019-07-08 19:00:00,84,29,55
2019-07-08 20:00:00,43,21,22
2019-07-08 21:00:00,52,32,20
2019-07-08 22:00:00,35,22,13
2019-07-08 23:00:00,12,7,5
2019-07-09 00:00:00,11,3,8
2019-07-09 01:00:00,4,2,2
2019-07-09 02:00:00,6,6,0
2019-07-09 03:00:00,2,0,2
2019-07-09 04:00:00,8,2,6
2019-07-09 05:00:00,57,19,38
2019-07-09 06:00:00,89,33,56
2019-07-09 07:00:00,245,110,135
2019-07-09 08:00:00,352,171,181
2019-07-09 09:00:00,207,106,101
2019-07-09 10:00:00,89,41,48
2019-07-09 11:00:00,105,62,43
2019-07-09 12:00:00,127,66,61
2019-07-09 13:00:00,81,46,35
2019-07-09 14:00:00,135,85,50
2019-07-09 15:00:00,206,121,85
2019-07-09 16:00:00,392,254,138
2019-07-09 17:00:00,516,339,177
2019-07-09 18:00:00,205,133,72
2019-07-09 19:00:00,93,49,44
2019-07-09 20:00:00,43,23,20
2019-07-09 21:00:00,20,8,12
2019-07-09 22:00:00,7,1,6
2019-07-09 23:00:00,10,4,6
2019-07-10 00:00:00,5,2,3
2019-07-10 01:00:00,0,0,0
2019-07-10 02:00:00,2,2,0
2019-07-10 03:00:00,2,0,2
2019-07-10 04:00:00,4,2,2
2019-07-10 05:00:00,31,9,22
2019-07-10 06:00:00,52,23,29
2019-07-10 07:00:00,132,65,67
2019-07-10 08:00:00,198,93,105
2019-07-10 09:00:00,122,76,46
2019-07-10 10:00:00,64,37,27
2019-07-10 11:00:00,62,29,33
2019-07-10 12:00:00,76,38,38
2019-07-10 13:00:00,69,42,27
2019-07-10 14:00:00,70,36,34
2019-07-10 15:00:00,118,90,28
2019-07-10 16:00:00,234,165,69
2019-07-10 17:00:00,375,252,123
2019-07-10 18:00:00,203,119,84
2019-07-10 19:00:00,84,31,53
2019-07-10 20:00:00,47,24,23
2019-07-10 21:00:00,58,34,24
2019-07-10 22:00:00,22,7,15
2019-07-10 23:00:00,16,5,11
2019-07-11 00:00:00,13,6,7
2019-07-11 01:00:00,6,5,1
2019-07-11 02:00:00,1,1,0
2019-07-11 03:00:00,2,0,2
2019-07-11 04:00:00,6,2,4
2019-07-11 05:00:00,60,22,38
2019-07-11 06:00:00,71,29,42
2019-07-11 07:00:00,234,117,117
2019-07-11 08:00:00,321,154,167
2019-07-11 09:00:00,242,122,120
2019-07-11 10:00:00,81,45,36
2019-07-11 11:00:00,120,65,55
2019-07-11 12:00:00,123,67,56
2019-07-11 13:00:00,115,66,49
2019-07-11 14:00:00,108,80,28
2019-07-11 15:00:00,200,123,77
2019-07-11 16:00:00,418,248,170
2019-07-11 17:00:00,475,321,154
2019-07-11 18:00:00,250,164,86
2019-07-11 19:00:00,126,80,46
2019-07-11 20:00:00,64,44,20
2019-07-11 21:00:00,52,22,30
2019-07-11 22:00:00,50,30,20
2019-07-11 23:00:00,15,7,8
2019-07-12 00:00:00,9,7,2
2019-07-12 01:00:00,4,2,2
2019-07-12 02:00:00,10,2,8
2019-07-12 03:00:00,4,2,2
2019-07-12 04:00:00,6,4,2
2019-07-12 05:00:00,26,10,16
2019-07-12 06:00:00,76,14,62
2019-07-12 07:00:00,219,108,111
2019-07-12 08:00:00,300,154,146
2019-07-12 09:00:00,234,132,102
2019-07-12 10:00:00,96,42,54
2019-07-12 11:00:00,122,75,47
2019-07-12 12:00:00,135,66,69
2019-07-12 13:00:00,122,73,49
2019-07-12 14:00:00,169,105,64
2019-07-12 15:00:00,227,141,86
2019-07-12 16:00:00,355,228,127
2019-07-12 17:00:00,444,278,166
2019-07-12 18:00:00,210,135,75
2019-07-12 19:00:00,104,57,47
2019-07-12 20:00:00,59,37,22
2019-07-12 21:00:00,57,30,27
2019-07-12 22:00:00,35,14,21
2019-07-12 23:00:00,25,10,15
2019-07-13 00:00:00,38,31,7
2019-07-13 01:00:00,15,11,4
2019-07-13 02:00:00,3,0,3
2019-07-13 03:00:00,5,3,2
2019-07-13 04:00:00,6,6,0
2019-07-13 05:00:00,2,2,0
2019-07-13 06:00:00,5,3,2
2019-07-13 07:00:00,11,4,7
2019-07-13 08:00:00,36,19,17
2019-07-13 09:00:00,21,11,10
2019-07-13 10:00:00,75,29,46
2019-07-13 11:00:00,88,56,32
2019-07-13 12:00:00,126,82,44
2019-07-13 13:00:00,99,57,42
2019-07-13 14:00:00,90,67,23
2019-07-13 15:00:00,78,36,42
2019-07-13 16:00:00,68,45,23
2019-07-13 17:00:00,125,78,47
2019-07-13 18:00:00,95,67,28
2019-07-13 19:00:00,72,41,31
2019-07-13 20:00:00,60,15,45
2019-07-13 21:00:00,37,26,11
2019-07-13 22:00:00,36,22,14
2019-07-13 23:00:00,10,6,4
2019-07-14 00:00:00,14,6,8
2019-07-14 01:00:00,7,4,3
2019-07-14 02:00:00,4,3,1
2019-07-14 03:00:00,2,0,2
2019-07-14 04:00:00,4,2,2
2019-07-14 05:00:00,4,4,0
2019-07-14 06:00:00,3,2,1
2019-07-14 07:00:00,25,19,6
2019-07-14 08:00:00,25,15,10
2019-07-14 09:00:00,44,17,27
2019-07-14 10:00:00,84,45,39
2019-07-14 11:00:00,119,84,35
2019-07-14 12:00:00,251,215,36
2019-07-14 13:00:00,113,71,42
2019-07-14 14:00:00,72,22,50
2019-07-14 15:00:00,281,44,237
2019-07-14 16:00:00,95,53,42
2019-07-14 17:00:00,101,44,57
2019-07-14 18:00:00,85,39,46
2019-07-14 19:00:00,57,40,17
2019-07-14 20:00:00,38,23,15
2019-07-14 21:00:00,29,18,11
2019-07-14 22:00:00,35,13,22
2019-07-14 23:00:00,11,4,7
2019-07-15 00:00:00,19,13,6
2019-07-15 01:00:00,6,6,0
2019-07-15 02:00:00,4,4,0
2019-07-15 03:00:00,0,0,0
2019-07-15 04:00:00,6,2,4
2019-07-15 05:00:00,35,13,22
2019-07-15 06:00:00,88,31,57
2019-07-15 07:00:00,235,113,122
2019-07-15 08:00:00,338,162,176
2019-07-15 09:00:00,187,93,94
2019-07-15 10:00:00,70,43,27
2019-07-15 11:00:00,65,36,29
2019-07-15 12:00:00,70,35,35
2019-07-15 13:00:00,57,29,28
2019-07-15 14:00:00,97,72,25
2019-07-15 15:00:00,172,114,58
2019-07-15 16:00:00,363,246,117
2019-07-15 17:00:00,521,337,184
2019-07-15 18:00:00,210,115,95
2019-07-15 19:00:00,91,50,41
2019-07-15 20:00:00,30,11,19
2019-07-15 21:00:00,32,17,15
2019-07-15 22:00:00,39,22,17
2019-07-15 23:00:00,2,0,2
2019-07-16 00:00:00,8,2,6
2019-07-16 01:00:00,2,1,1
2019-07-16 02:00:00,0,0,0
2019-07-16 03:00:00,4,2,2
2019-07-16 04:00:00,5,0,5
2019-07-16 05:00:00,50,16,34
2019-07-16 06:00:00,68,24,44
2019-07-16 07:00:00,306,134,172
2019-07-16 08:00:00,395,177,218
2019-07-16 09:00:00,167,78,89
2019-07-16 10:00:00,100,48,52
2019-07-16 11:00:00,106,52,54
2019-07-16 12:00:00,129,57,72
2019-07-16 13:00:00,110,65,45
2019-07-16 14:00:00,117,73,44
2019-07-16 15:00:00,218,152,66
2019-07-16 16:00:00,403,280,123
2019-07-16 17:00:00,578,364,214
2019-07-16 18:00:00,281,175,106
2019-07-16 19:00:00,134,88,46
2019-07-16 20:00:00,68,32,36
2019-07-16 21:00:00,40,17,23
2019-07-16 22:00:00,32,11,21
2019-07-16 23:00:00,15,5,10
2019-07-17 00:00:00,7,6,1
2019-07-17 01:00:00,2,0,2
2019-07-17 02:00:00,10,8,2
2019-07-17 03:00:00,2,0,2
2019-07-17 04:00:00,0,0,0
2019-07-17 05:00:00,31,13,18
2019-07-17 06:00:00,49,17,32
2019-07-17 07:00:00,172,72,100
2019-07-17 08:00:00,272,137,135
2019-07-17 09:00:00,173,92,81
2019-07-17 10:00:00,90,59,31
2019-07-17 11:00:00,75,35,40
2019-07-17 12:00:00,131,65,66
2019-07-17 13:00:00,68,34,34
2019-07-17 14:00:00,96,56,40
2019-07-17 15:00:00,126,78,48
2019-07-17 16:00:00,143,93,50
2019-07-17 17:00:00,180,116,64
2019-07-17 18:00:00,110,71,39
2019-07-17 19:00:00,50,30,20
2019-07-17 20:00:00,30,14,16
2019-07-17 21:00:00,44,13,31
2019-07-17 22:00:00,25,10,15
2019-07-17 23:00:00,10,5,5
2019-07-18 00:00:00,9,5,4
2019-07-18 01:00:00,5,2,3
2019-07-18 02:00:00,4,2,2
2019-07-18 03:00:00,1,1,0
2019-07-18 04:00:00,2,1,1
2019-07-18 05:00:00,15,6,9
2019-07-18 06:00:00,31,11,20
2019-07-18 07:00:00,92,43,49
2019-07-18 08:00:00,136,67,69
2019-07-18 09:00:00,83,42,41
2019-07-18 10:00:00,48,29,19
2019-07-18 11:00:00,45,26,19
2019-07-18 12:00:00,66,38,28
2019-07-18 13:00:00,50,29,21
2019-07-18 14:00:00,58,36,22
2019-07-18 15:00:00,93,58,35
2019-07-18 16:00:00,159,105,54
2019-07-18 17:00:00,213,138,75
2019-07-18 18:00:00,125,80,45
2019-07-18 19:00:00,51,29,22
2019-07-18 20:00:00,32,15,17
2019-07-18 21:00:00,50,13,37
2019-07-18 22:00:00,23,9,14
2019-07-18 23:00:00,10,5,5
2019-07-19 00:00:00,8,5,3
2019-07-19 01:00:00,4,2,2
2019-07-19 02:00:00,4,2,2
2019-07-19 03:00:00,2,1,1
2019-07-19 04:00:00,2,0,2
2019-07-19 05:00:00,18,6,12
2019-07-19 06:00:00,35,13,22
2019-07-19 07:00:00,105,49,56
2019-07-19 08:00:00,164,82,82
2019-07-19 09:00:00,92,47,45
2019-07-19 10:00:00,51,30,21
2019-07-19 11:00:00,74,42,32
2019-07-19 12:00:00,132,67,65
2019-07-19 13:00:00,106,56,50
2019-07-19 14:00:00,130,84,46
2019-07-19 15:00:00,263,175,88
2019-07-19 16:00:00,417,276,141
2019-07-19 17:00:00,401,270,131
2019-07-19 18:00:00,243,176,67
2019-07-19 19:00:00,100,55,45
2019-07-19 20:00:00,57,37,20
2019-07-19 21:00:00,45,27,18
2019-07-19 22:00:00,53,15,38
2019-07-19 23:00:00,26,19,7
2019-07-20 00:00:00,17,8,9
2019-07-20 01:00:00,14,5,9
2019-07-20 02:00:00,6,2,4
2019-07-20 03:00:00,2,2,0
2019-07-20 04:00:00,2,2,0
2019-07-20 05:00:00,8,8,0
2019-07-20 06:00:00,11,7,4
2019-07-20 07:00:00,25,17,8
2019-07-20 08:00:00,38,23,15
2019-07-20 09:00:00,21,13,8
2019-07-20 10:00:00,36,22,14
2019-07-20 11:00:00,43,30,13
2019-07-20 12:00:00,71,52,19
2019-07-20 13:00:00,56,38,18
2019-07-20 14:00:00,57,36,21
2019-07-20 15:00:00,66,26,40
2019-07-20 16:00:00,67,33,34
2019-07-20 17:00:00,63,34,29
2019-07-20 18:00:00,63,38,25
2019-07-20 19:00:00,37,20,17
2019-07-20 20:00:00,29,14,15
2019-07-20 21:00:00,25,13,12
2019-07-20 22:00:00,29,11,18
2019-07-20 23:00:00,12,6,6
2019-07-21 00:00:00,13,7,6
2019-07-21 01:00:00,9,3,6
2019-07-21 02:00:00,8,2,6
2019-07-21 03:00:00,2,1,1
2019-07-21 04:00:00,2,1,1
2019-07-21 05:00:00,2,1,1
2019-07-21 06:00:00,4,3,1
2019-07-21 07:00:00,11,7,4
2019-07-21 08:00:00,18,9,9
2019-07-21 09:00:00,32,18,14
2019-07-21 10:00:00,37,22,15
2019-07-21 11:00:00,41,26,15
2019-07-21 12:00:00,68,50,18
2019-07-21 13:00:00,57,33,24
2019-07-21 14:00:00,94,42,52
2019-07-21 15:00:00,122,74,48
2019-07-21 16:00:00,129,88,41
2019-07-21 17:00:00,165,132,33
2019-07-21 18:00:00,182,132,50
2019-07-21 19:00:00,63,37,26
2019-07-21 20:00:00,66,16,50
2019-07-21 21:00:00,247,30,217
2019-07-21 22:00:00,43,17,26
2019-07-21 23:00:00,19,10,9
2019-07-22 00:00:00,16,9,7
2019-07-22 01:00:00,6,4,2
2019-07-22 02:00:00,4,2,2
2019-07-22 03:00:00,0,0,0
2019-07-22 04:00:00,6,2,4
2019-07-22 05:00:00,49,15,34
2019-07-22 06:00:00,101,31,70
2019-07-22 07:00:00,264,137,127
2019-07-22 08:00:00,409,223,186
2019-07-22 09:00:00,224,105,119
2019-07-22 10:00:00,107,71,36
2019-07-22 11:00:00,87,53,34
2019-07-22 12:00:00,118,63,55
2019-07-22 13:00:00,109,59,50
2019-07-22 14:00:00,114,77,37
2019-07-22 15:00:00,236,166,70
2019-07-22 16:00:00,447,307,140
2019-07-22 17:00:00,539,350,189
2019-07-22 18:00:00,272,171,101
2019-07-22 19:00:00,73,31,42
2019-07-22 20:00:00,68,46,22
2019-07-22 21:00:00,58,23,35
2019-07-22 22:00:00,35,6,29
2019-07-22 23:00:00,16,12,4
2019-07-23 00:00:00,11,10,1
2019-07-23 01:00:00,6,4,2
2019-07-23 02:00:00,1,1,0
2019-07-23 03:00:00,4,2,2
2019-07-23 04:00:00,4,0,4
2019-07-23 05:00:00,50,12,38
2019-07-23 06:00:00,88,46,42
2019-07-23 07:00:00,235,117,118
2019-07-23 08:00:00,429,214,215
2019-07-23 09:00:00,170,95,75
2019-07-23 10:00:00,85,46,39
2019-07-23 11:00:00,70,29,41
2019-07-23 12:00:00,119,67,52
2019-07-23 13:00:00,98,52,46
2019-07-23 14:00:00,109,77,32
2019-07-23 15:00:00,194,142,52
2019-07-23 16:00:00,446,311,135
2019-07-23 17:00:00,593,418,175
2019-07-23 18:00:00,318,187,131
2019-07-23 19:00:00,119,62,57
2019-07-23 20:00:00,66,30,36
2019-07-23 21:00:00,54,20,34
2019-07-23 22:00:00,32,8,24
2019-07-23 23:00:00,28,11,17
2019-07-24 00:00:00,13,5,8
2019-07-24 01:00:00,1,0,1
2019-07-24 02:00:00,3,3,0
2019-07-24 03:00:00,3,0,3
2019-07-24 04:00:00,5,0,5
2019-07-24 05:00:00,44,10,34
2019-07-24 06:00:00,81,33,48
2019-07-24 07:00:00,282,149,133
2019-07-24 08:00:00,366,192,174
2019-07-24 09:00:00,214,132,82
2019-07-24 10:00:00,98,53,45
2019-07-24 11:00:00,112,67,45
2019-07-24 12:00:00,209,144,65
2019-07-24 13:00:00,107,67,40
2019-07-24 14:00:00,161,77,84
2019-07-24 15:00:00,278,152,126
2019-07-24 16:00:00,484,336,148
2019-07-24 17:00:00,641,399,242
2019-07-24 18:00:00,273,175,98
2019-07-24 19:00:00,118,60,58
2019-07-24 20:00:00,57,40,17
2019-07-24 21:00:00,59,33,26
2019-07-24 22:00:00,32,15,17
2019-07-24 23:00:00,9,7,2
2019-07-25 00:00:00,11,2,9
2019-07-25 01:00:00,9,3,6
2019-07-25 02:00:00,2,0,2
2019-07-25 03:00:00,4,2,2
2019-07-25 04:00:00,3,1,2
2019-07-25 05:00:00,36,12,24
2019-07-25 06:00:00,98,49,49
2019-07-25 07:00:00,253,134,119
2019-07-25 08:00:00,406,207,199
2019-07-25 09:00:00,201,109,92
2019-07-25 10:00:00,96,49,47
2019-07-25 11:00:00,89,52,37
2019-07-25 12:00:00,126,65,61
2019-07-25 13:00:00,115,70,45
2019-07-25 14:00:00,159,102,57
2019-07-25 15:00:00,220,169,51
2019-07-25 16:00:00,414,276,138
2019-07-25 17:00:00,562,343,219
2019-07-25 18:00:00,341,215,126
2019-07-25 19:00:00,139,90,49
2019-07-25 20:00:00,83,41,42
2019-07-25 21:00:00,96,27,69
2019-07-25 22:00:00,38,21,17
2019-07-25 23:00:00,17,2,15
2019-07-26 00:00:00,14,4,10
2019-07-26 01:00:00,4,2,2
2019-07-26 02:00:00,2,2,0
2019-07-26 03:00:00,4,0,4
2019-07-26 04:00:00,4,2,2
2019-07-26 05:00:00,34,4,30
2019-07-26 06:00:00,82,42,40
2019-07-26 07:00:00,243,130,113
2019-07-26 08:00:00,354,200,154
2019-07-26 09:00:00,225,126,99
2019-07-26 10:00:00,83,48,35
2019-07-26 11:00:00,87,37,50
2019-07-26 12:00:00,139,90,49
2019-07-26 13:00:00,186,92,94
2019-07-26 14:00:00,204,129,75
2019-07-26 15:00:00,267,190,77
2019-07-26 16:00:00,426,255,171
2019-07-26 17:00:00,425,257,168
2019-07-26 18:00:00,227,159,68
2019-07-26 19:00:00,96,54,42
2019-07-26 20:00:00,67,41,26
2019-07-26 21:00:00,79,30,49
2019-07-26 22:00:00,84,18,66
2019-07-26 23:00:00,37,11,26
2019-07-27 00:00:00,26,20,6
2019-07-27 01:00:00,19,12,7
2019-07-27 02:00:00,2,2,0
2019-07-27 03:00:00,4,4,0
2019-07-27 04:00:00,2,2,0
2019-07-27 05:00:00,6,2,4
2019-07-27 06:00:00,10,7,3
2019-07-27 07:00:00,10,2,8
2019-07-27 08:00:00,32,16,16
2019-07-27 09:00:00,55,40,15
2019-07-27 10:00:00,65,36,29
2019-07-27 11:00:00,56,41,15
2019-07-27 12:00:00,138,106,32
2019-07-27 13:00:00,91,72,19
2019-07-27 14:00:00,71,50,21
2019-07-27 15:00:00,79,40,39
2019-07-27 16:00:00,112,42,70
2019-07-27 17:00:00,118,62,56
2019-07-27 18:00:00,104,35,69
2019-07-27 19:00:00,58,27,31
2019-07-27 20:00:00,53,27,26
2019-07-27 21:00:00,42,33,9
2019-07-27 22:00:00,34,20,14
2019-07-27 23:00:00,32,14,18
2019-07-28 00:00:00,34,26,8
2019-07-28 01:00:00,6,2,4
2019-07-28 02:00:00,19,3,16
2019-07-28 03:00:00,4,2,2
2019-07-28 04:00:00,2,0,2
2019-07-28 05:00:00,8,4,4
2019-07-28 06:00:00,6,2,4
2019-07-28 07:00:00,18,12,6
2019-07-28 08:00:00,31,10,21
2019-07-28 09:00:00,66,37,29
2019-07-28 10:00:00,84,58,26
2019-07-28 11:00:00,64,46,18
2019-07-28 12:00:00,59,31,28
2019-07-28 13:00:00,97,63,34
2019-07-28 14:00:00,88,48,40
2019-07-28 15:00:00,70,34,36
2019-07-28 16:00:00,117,52,65
2019-07-28 17:00:00,96,37,59
2019-07-28 18:00:00,94,66,28
2019-07-28 19:00:00,71,44,27
2019-07-28 20:00:00,48,27,21
2019-07-28 21:00:00,50,28,22
2019-07-28 22:00:00,11,5,6
2019-07-28 23:00:00,17,12,5
2019-07-29 00:00:00,5,5,0
2019-07-29 01:00:00,4,4,0
2019-07-29 02:00:00,4,2,2
2019-07-29 03:00:00,2,0,2
2019-07-29 04:00:00,0,0,0
2019-07-29 05:00:00,32,6,26
2019-07-29 06:00:00,92,29,63
2019-07-29 07:00:00,269,115,154
2019-07-29 08:00:00,413,212,201
2019-07-29 09:00:00,224,110,114
2019-07-29 10:00:00,96,61,35
2019-07-29 11:00:00,104,64,40
2019-07-29 12:00:00,120,42,78
2019-07-29 13:00:00,64,45,19
2019-07-29 14:00:00,136,76,60
2019-07-29 15:00:00,184,112,72
2019-07-29 16:00:00,487,341,146
2019-07-29 17:00:00,597,404,193
2019-07-29 18:00:00,248,148,100
2019-07-29 19:00:00,80,49,31
2019-07-29 20:00:00,54,28,26
2019-07-29 21:00:00,33,17,16
2019-07-29 22:00:00,20,14,6
2019-07-29 23:00:00,16,6,10
2019-07-30 00:00:00,6,0,6
2019-07-30 01:00:00,6,2,4
2019-07-30 02:00:00,9,4,5
2019-07-30 03:00:00,4,2,2
2019-07-30 04:00:00,1,0,1
2019-07-30 05:00:00,41,17,24
2019-07-30 06:00:00,98,43,55
2019-07-30 07:00:00,271,137,134
2019-07-30 08:00:00,435,213,222
2019-07-30 09:00:00,187,97,90
2019-07-30 10:00:00,93,49,44
2019-07-30 11:00:00,128,52,76
2019-07-30 12:00:00,93,44,49
2019-07-30 13:00:00,75,41,34
2019-07-30 14:00:00,117,78,39
2019-07-30 15:00:00,218,149,69
2019-07-30 16:00:00,445,292,153
2019-07-30 17:00:00,636,385,251
2019-07-30 18:00:00,282,175,107
2019-07-30 19:00:00,138,86,52
2019-07-30 20:00:00,51,29,22
2019-07-30 21:00:00,59,34,25
2019-07-30 22:00:00,35,18,17
2019-07-30 23:00:00,10,7,3
2019-07-31 00:00:00,8,4,4
2019-07-31 01:00:00,8,6,2
2019-07-31 02:00:00,5,5,0
2019-07-31 03:00:00,3,1,2
2019-07-31 04:00:00,0,0,0
2019-07-31 05:00:00,38,10,28
2019-07-31 06:00:00,72,29,43
2019-07-31 07:00:00,254,100,154
2019-07-31 08:00:00,382,199,183
2019-07-31 09:00:00,280,160,120
2019-07-31 10:00:00,109,67,42
2019-07-31 11:00:00,99,47,52
2019-07-31 12:00:00,125,62,63
2019-07-31 13:00:00,108,65,43
2019-07-31 14:00:00,118,74,44
2019-07-31 15:00:00,219,153,66
2019-07-31 16:00:00,435,276,159
2019-07-31 17:00:00,581,358,223
2019-07-31 18:00:00,322,195,127
2019-07-31 19:00:00,100,60,40
2019-07-31 20:00:00,65,52,13
2019-07-31 21:00:00,58,26,32
2019-07-31 22:00:00,34,15,19
2019-07-31 23:00:00,16,14,2
2019-08-01 00:00:00,10,10,0
2019-08-01 01:00:00,3,0,3
2019-08-01 02:00:00,3,3,0
2019-08-01 03:00:00,4,2,2
2019-08-01 04:00:00,5,3,2
2019-08-01 05:00:00,34,6,28
2019-08-01 06:00:00,84,31,53
2019-08-01 07:00:00,262,120,142
2019-08-01 08:00:00,378,201,177
2019-08-01 09:00:00,243,127,116
2019-08-01 10:00:00,112,64,48
2019-08-01 11:00:00,138,71,67
2019-08-01 12:00:00,119,56,63
2019-08-01 13:00:00,98,56,42
2019-08-01 14:00:00,141,73,68
2019-08-01 15:00:00,206,136,70
2019-08-01 16:00:00,426,290,136
2019-08-01 17:00:00,615,401,214
2019-08-01 18:00:00,523,333,190
2019-08-01 19:00:00,250,139,111
2019-08-01 20:00:00,186,84,102
2019-08-01 21:00:00,63,29,34
2019-08-01 22:00:00,39,20,19
2019-08-01 23:00:00,17,11,6
2019-08-02 00:00:00,14,5,9
2019-08-02 01:00:00,11,6,5
2019-08-02 02:00:00,2,0,2
2019-08-02 03:00:00,4,2,2
2019-08-02 04:00:00,3,0,3
2019-08-02 05:00:00,16,4,12
2019-08-02 06:00:00,49,26,23
2019-08-02 07:00:00,142,67,75
2019-08-02 08:00:00,292,146,146
2019-08-02 09:00:00,157,87,70
2019-08-02 10:00:00,90,55,35
2019-08-02 11:00:00,113,62,51
2019-08-02 12:00:00,136,62,74
2019-08-02 13:00:00,138,85,53
2019-08-02 14:00:00,170,99,71
2019-08-02 15:00:00,216,142,74
2019-08-02 16:00:00,376,228,148
2019-08-02 17:00:00,415,278,137
2019-08-02 18:00:00,270,143,127
2019-08-02 19:00:00,94,43,51
2019-08-02 20:00:00,66,32,34
2019-08-02 21:00:00,45,30,15
2019-08-02 22:00:00,35,29,6
2019-08-02 23:00:00,31,12,19
2019-08-03 00:00:00,20,6,14
2019-08-03 01:00:00,13,5,8
2019-08-03 02:00:00,9,3,6
2019-08-03 03:00:00,0,0,0
2019-08-03 04:00:00,1,0,1
2019-08-03 05:00:00,4,4,0
2019-08-03 06:00:00,12,5,7
2019-08-03 07:00:00,10,2,8
2019-08-03 08:00:00,35,23,12
2019-08-03 09:00:00,64,42,22
2019-08-03 10:00:00,86,65,21
2019-08-03 11:00:00,79,50,29
2019-08-03 12:00:00,108,68,40
2019-08-03 13:00:00,106,61,45
2019-08-03 14:00:00,127,80,47
2019-08-03 15:00:00,108,54,54
2019-08-03 16:00:00,151,85,66
2019-08-03 17:00:00,114,42,72
2019-08-03 18:00:00,159,119,40
2019-08-03 19:00:00,69,36,33
2019-08-03 20:00:00,27,22,5
2019-08-03 21:00:00,50,26,24
2019-08-03 22:00:00,48,25,23
2019-08-03 23:00:00,36,20,16
2019-08-04 00:00:00,34,7,27
2019-08-04 01:00:00,26,3,23
2019-08-04 02:00:00,16,2,14
2019-08-04 03:00:00,2,2,0
2019-08-04 04:00:00,2,0,2
2019-08-04 05:00:00,6,2,4
2019-08-04 06:00:00,13,11,2
2019-08-04 07:00:00,20,16,4
2019-08-04 08:00:00,38,21,17
2019-08-04 09:00:00,54,39,15
2019-08-04 10:00:00,70,45,25
2019-08-04 11:00:00,77,41,36
2019-08-04 12:00:00,65,36,29
2019-08-04 13:00:00,77,46,31
2019-08-04 14:00:00,134,76,58
2019-08-04 15:00:00,98,57,41
2019-08-04 16:00:00,142,85,57
2019-08-04 17:00:00,112,80,32
2019-08-04 18:00:00,167,123,44
2019-08-04 19:00:00,84,44,40
2019-08-04 20:00:00,43,17,26
2019-08-04 21:00:00,171,16,155
2019-08-04 22:00:00,24,11,13
2019-08-04 23:00:00,12,2,10
2019-08-05 00:00:00,7,4,3
2019-08-05 01:00:00,6,2,4
2019-08-05 02:00:00,1,0,1
2019-08-05 03:00:00,4,0,4
2019-08-05 04:00:00,7,1,6
2019-08-05 05:00:00,34,12,22
2019-08-05 06:00:00,80,29,51
2019-08-05 07:00:00,279,132,147
2019-08-05 08:00:00,381,192,189
2019-08-05 09:00:00,204,112,92
2019-08-05 10:00:00,79,40,39
2019-08-05 11:00:00,66,33,33
2019-08-05 12:00:00,110,59,51
2019-08-05 13:00:00,115,58,57
2019-08-05 14:00:00,114,79,35
2019-08-05 15:00:00,189,127,62
2019-08-05 16:00:00,432,296,136
2019-08-05 17:00:00,593,380,213
2019-08-05 18:00:00,265,152,113
2019-08-05 19:00:00,100,65,35
2019-08-05 20:00:00,49,28,21
2019-08-05 21:00:00,39,21,18
2019-08-05 22:00:00,22,16,6
2019-08-05 23:00:00,8,5,3
2019-08-06 00:00:00,8,5,3
2019-08-06 01:00:00,0,0,0
2019-08-06 02:00:00,2,2,0
2019-08-06 03:00:00,2,0,2
2019-08-06 04:00:00,4,0,4
2019-08-06 05:00:00,42,14,28
2019-08-06 06:00:00,105,47,58
2019-08-06 07:00:00,299,132,167
2019-08-06 08:00:00,378,208,170
2019-08-06 09:00:00,217,101,116
2019-08-06 10:00:00,106,44,62
2019-08-06 11:00:00,123,86,37
2019-08-06 12:00:00,107,58,49
2019-08-06 13:00:00,129,70,59
2019-08-06 14:00:00,120,83,37
2019-08-06 15:00:00,256,162,94
2019-08-06 16:00:00,504,341,163
2019-08-06 17:00:00,577,377,200
2019-08-06 18:00:00,321,216,105
2019-08-06 19:00:00,145,87,58
2019-08-06 20:00:00,49,25,24
2019-08-06 21:00:00,58,15,43
2019-08-06 22:00:00,45,12,33
2019-08-06 23:00:00,10,3,7
2019-08-07 00:00:00,3,2,1
2019-08-07 01:00:00,4,4,0
2019-08-07 02:00:00,0,0,0
2019-08-07 03:00:00,4,0,4
2019-08-07 04:00:00,4,0,4
2019-08-07 05:00:00,37,7,30
2019-08-07 06:00:00,93,47,46
2019-08-07 07:00:00,265,132,133
2019-08-07 08:00:00,346,180,166
2019-08-07 09:00:00,200,114,86
2019-08-07 10:00:00,101,58,43
2019-08-07 11:00:00,77,54,23
2019-08-07 12:00:00,136,79,57
2019-08-07 13:00:00,128,80,48
2019-08-07 14:00:00,158,108,50
2019-08-07 15:00:00,273,208,65
2019-08-07 16:00:00,399,268,131
2019-08-07 17:00:00,574,355,219
2019-08-07 18:00:00,257,156,101
2019-08-07 19:00:00,134,73,61
2019-08-07 20:00:00,80,35,45
2019-08-07 21:00:00,58,23,35
2019-08-07 22:00:00,39,29,10
2019-08-07 23:00:00,13,8,5
2019-08-08 00:00:00,4,0,4
2019-08-08 01:00:00,3,2,1
2019-08-08 02:00:00,2,0,2
2019-08-08 03:00:00,3,0,3
2019-08-08 04:00:00,3,1,2
2019-08-08 05:00:00,40,12,28
2019-08-08 06:00:00,92,31,61
2019-08-08 07:00:00,249,112,137
2019-08-08 08:00:00,310,168,142
2019-08-08 09:00:00,168,95,73
2019-08-08 10:00:00,95,51,44
2019-08-08 11:00:00,104,71,33
2019-08-08 12:00:00,105,62,43
2019-08-08 13:00:00,127,62,65
2019-08-08 14:00:00,162,102,60
2019-08-08 15:00:00,403,228,175
2019-08-08 16:00:00,621,418,203
2019-08-08 17:00:00,778,486,292
2019-08-08 18:00:00,439,333,106
2019-08-08 19:00:00,122,83,39
2019-08-08 20:00:00,73,34,39
2019-08-08 21:00:00,140,21,119
2019-08-08 22:00:00,88,8,80
2019-08-08 23:00:00,36,14,22
2019-08-09 00:00:00,19,9,10
2019-08-09 01:00:00,7,2,5
2019-08-09 02:00:00,4,2,2
2019-08-09 03:00:00,3,3,0
2019-08-09 04:00:00,3,0,3
2019-08-09 05:00:00,26,4,22
2019-08-09 06:00:00,66,28,38
2019-08-09 07:00:00,200,96,104
2019-08-09 08:00:00,296,167,129
2019-08-09 09:00:00,164,104,60
2019-08-09 10:00:00,104,65,39
2019-08-09 11:00:00,113,73,40
2019-08-09 12:00:00,105,57,48
2019-08-09 13:00:00,131,83,48
2019-08-09 14:00:00,152,92,60
2019-08-09 15:00:00,231,170,61
2019-08-09 16:00:00,355,228,127
2019-08-09 17:00:00,426,288,138
2019-08-09 18:00:00,266,188,78
2019-08-09 19:00:00,90,61,29
2019-08-09 20:00:00,55,34,21
2019-08-09 21:00:00,43,16,27
2019-08-09 22:00:00,57,20,37
2019-08-09 23:00:00,29,17,12
2019-08-10 00:00:00,21,12,9
2019-08-10 01:00:00,14,6,8
2019-08-10 02:00:00,6,4,2
2019-08-10 03:00:00,0,0,0
2019-08-10 04:00:00,2,2,0
2019-08-10 05:00:00,4,2,2
2019-08-10 06:00:00,2,2,0
2019-08-10 07:00:00,16,10,6
2019-08-10 08:00:00,16,8,8
2019-08-10 09:00:00,6,0,6
2019-08-10 10:00:00,44,33,11
2019-08-10 11:00:00,85,66,19
2019-08-10 12:00:00,182,160,22
2019-08-10 13:00:00,81,63,18
2019-08-10 14:00:00,94,51,43
2019-08-10 15:00:00,251,51,200
2019-08-10 16:00:00,142,70,72
2019-08-10 17:00:00,98,58,40
2019-08-10 18:00:00,95,65,30
2019-08-10 19:00:00,43,22,21
2019-08-10 20:00:00,48,27,21
2019-08-10 21:00:00,30,15,15
2019-08-10 22:00:00,62,17,45
2019-08-10 23:00:00,11,3,8
2019-08-11 00:00:00,25,16,9
2019-08-11 01:00:00,15,6,9
2019-08-11 02:00:00,16,3,13
2019-08-11 03:00:00,5,3,2
2019-08-11 04:00:00,4,0,4
2019-08-11 05:00:00,4,2,2
2019-08-11 06:00:00,3,3,0
2019-08-11 07:00:00,15,8,7
2019-08-11 08:00:00,35,19,16
2019-08-11 09:00:00,53,31,22
2019-08-11 10:00:00,51,22,29
2019-08-11 11:00:00,54,33,21
2019-08-11 12:00:00,124,96,28
2019-08-11 13:00:00,127,76,51
2019-08-11 14:00:00,116,70,46
2019-08-11 15:00:00,84,25,59
2019-08-11 16:00:00,74,24,50
2019-08-11 17:00:00,57,25,32
2019-08-11 18:00:00,81,48,33
2019-08-11 19:00:00,36,17,19
2019-08-11 20:00:00,21,13,8
2019-08-11 21:00:00,22,12,10
2019-08-11 22:00:00,22,18,4
2019-08-11 23:00:00,8,8,0
2019-08-12 00:00:00,3,3,0
2019-08-12 01:00:00,4,2,2
2019-08-12 02:00:00,2,2,0
2019-08-12 03:00:00,4,0,4
2019-08-12 04:00:00,4,0,4
2019-08-12 05:00:00,34,8,26
2019-08-12 06:00:00,78,33,45
2019-08-12 07:00:00,291,151,140
2019-08-12 08:00:00,360,179,181
2019-08-12 09:00:00,185,105,80
2019-08-12 10:00:00,87,35,52
2019-08-12 11:00:00,99,53,46
2019-08-12 12:00:00,118,68,50
2019-08-12 13:00:00,86,56,30
2019-08-12 14:00:00,106,56,50
2019-08-12 15:00:00,177,108,69
2019-08-12 16:00:00,402,265,137
2019-08-12 17:00:00,562,342,220
2019-08-12 18:00:00,258,156,102
2019-08-12 19:00:00,100,61,39
2019-08-12 20:00:00,67,39,28
2019-08-12 21:00:00,50,29,21
2019-08-12 22:00:00,46,30,16
2019-08-12 23:00:00,16,6,10
2019-08-13 00:00:00,9,4,5
2019-08-13 01:00:00,3,2,1
2019-08-13 02:00:00,1,0,1
2019-08-13 03:00:00,0,0,0
2019-08-13 04:00:00,2,0,2
2019-08-13 05:00:00,30,8,22
2019-08-13 06:00:00,107,49,58
2019-08-13 07:00:00,310,145,165
2019-08-13 08:00:00,368,188,180
2019-08-13 09:00:00,228,126,102
2019-08-13 10:00:00,119,67,52
2019-08-13 11:00:00,125,80,45
2019-08-13 12:00:00,107,52,55
2019-08-13 13:00:00,121,63,58
2019-08-13 14:00:00,146,99,47
2019-08-13 15:00:00,221,142,79
2019-08-13 16:00:00,498,314,184
2019-08-13 17:00:00,617,370,247
2019-08-13 18:00:00,280,174,106
2019-08-13 19:00:00,117,68,49
2019-08-13 20:00:00,49,29,20
2019-08-13 21:00:00,21,6,15
2019-08-13 22:00:00,25,17,8
2019-08-13 23:00:00,23,8,15
2019-08-14 00:00:00,6,0,6
2019-08-14 01:00:00,0,0,0
2019-08-14 02:00:00,5,0,5
2019-08-14 03:00:00,9,2,7
2019-08-14 04:00:00,4,2,2
2019-08-14 05:00:00,30,6,24
2019-08-14 06:00:00,97,45,52
2019-08-14 07:00:00,313,159,154
2019-08-14 08:00:00,413,216,197
2019-08-14 09:00:00,224,124,100
2019-08-14 10:00:00,97,69,28
2019-08-14 11:00:00,110,54,56
2019-08-14 12:00:00,112,54,58
2019-08-14 13:00:00,129,73,56
2019-08-14 14:00:00,184,107,77
2019-08-14 15:00:00,249,168,81
2019-08-14 16:00:00,512,354,158
2019-08-14 17:00:00,676,403,273
2019-08-14 18:00:00,378,263,115
2019-08-14 19:00:00,168,101,67
2019-08-14 20:00:00,77,59,18
2019-08-14 21:00:00,54,34,20
2019-08-14 22:00:00,61,22,39
2019-08-14 23:00:00,134,13,121
2019-08-15 00:00:00,24,7,17
2019-08-15 01:00:00,3,2,1
2019-08-15 02:00:00,13,9,4
2019-08-15 03:00:00,4,0,4
2019-08-15 04:00:00,2,0,2
2019-08-15 05:00:00,35,11,24
2019-08-15 06:00:00,98,47,51
2019-08-15 07:00:00,298,144,154
2019-08-15 08:00:00,365,204,161
2019-08-15 09:00:00,210,109,101
2019-08-15 10:00:00,81,46,35
2019-08-15 11:00:00,119,57,62
2019-08-15 12:00:00,113,52,61
2019-08-15 13:00:00,84,45,39
2019-08-15 14:00:00,145,91,54
2019-08-15 15:00:00,229,147,82
2019-08-15 16:00:00,471,282,189
2019-08-15 17:00:00,552,339,213
2019-08-15 18:00:00,274,173,101
2019-08-15 19:00:00,110,77,33
2019-08-15 20:00:00,50,29,21
2019-08-15 21:00:00,54,32,22
2019-08-15 22:00:00,32,22,10
2019-08-15 23:00:00,21,11,10
2019-08-16 00:00:00,10,8,2
2019-08-16 01:00:00,11,4,7
2019-08-16 02:00:00,9,4,5
2019-08-16 03:00:00,2,2,0
2019-08-16 04:00:00,7,0,7
2019-08-16 05:00:00,26,8,18
2019-08-16 06:00:00,69,24,45
2019-08-16 07:00:00,212,97,115
2019-08-16 08:00:00,259,124,135
2019-08-16 09:00:00,159,92,67
2019-08-16 10:00:00,90,45,45
2019-08-16 11:00:00,77,38,39
2019-08-16 12:00:00,129,85,44
2019-08-16 13:00:00,103,59,44
2019-08-16 14:00:00,153,92,61
2019-08-16 15:00:00,222,166,56
2019-08-16 16:00:00,338,199,139
2019-08-16 17:00:00,403,252,151
2019-08-16 18:00:00,161,99,62
2019-08-16 19:00:00,86,45,41
2019-08-16 20:00:00,41,21,20
2019-08-16 21:00:00,52,34,18
2019-08-16 22:00:00,26,12,14
2019-08-16 23:00:00,32,15,17
2019-08-17 00:00:00,16,7,9
2019-08-17 01:00:00,7,2,5
2019-08-17 02:00:00,8,8,0
2019-08-17 03:00:00,0,0,0
2019-08-17 04:00:00,0,0,0
2019-08-17 05:00:00,2,2,0
2019-08-17 06:00:00,3,2,1
2019-08-17 07:00:00,13,8,5
2019-08-17 08:00:00,54,40,14
2019-08-17 09:00:00,59,37,22
2019-08-17 10:00:00,70,36,34
2019-08-17 11:00:00,46,28,18
2019-08-17 12:00:00,73,43,30
2019-08-17 13:00:00,83,38,45
2019-08-17 14:00:00,120,62,58
2019-08-17 15:00:00,68,46,22
2019-08-17 16:00:00,103,39,64
2019-08-17 17:00:00,80,24,56
2019-08-17 18:00:00,70,32,38
2019-08-17 19:00:00,74,34,40
2019-08-17 20:00:00,44,30,14
2019-08-17 21:00:00,34,17,17
2019-08-17 22:00:00,32,12,20
2019-08-17 23:00:00,22,13,9
2019-08-18 00:00:00,13,5,8
2019-08-18 01:00:00,10,4,6
2019-08-18 02:00:00,7,3,4
2019-08-18 03:00:00,6,4,2
2019-08-18 04:00:00,10,6,4
2019-08-18 05:00:00,6,2,4
2019-08-18 06:00:00,12,11,1
2019-08-18 07:00:00,8,8,0
2019-08-18 08:00:00,29,18,11
2019-08-18 09:00:00,34,21,13
2019-08-18 10:00:00,50,24,26
2019-08-18 11:00:00,85,42,43
2019-08-18 12:00:00,86,40,46
2019-08-18 13:00:00,79,37,42
2019-08-18 14:00:00,99,57,42
2019-08-18 15:00:00,65,40,25
2019-08-18 16:00:00,93,46,47
2019-08-18 17:00:00,41,25,16
2019-08-18 18:00:00,55,29,26
2019-08-18 19:00:00,72,31,41
2019-08-18 20:00:00,19,13,6
2019-08-18 21:00:00,34,13,21
2019-08-18 22:00:00,6,3,3
2019-08-18 23:00:00,13,9,4
2019-08-19 00:00:00,13,11,2
2019-08-19 01:00:00,4,2,2
2019-08-19 02:00:00,2,0,2
2019-08-19 03:00:00,4,2,2
2019-08-19 04:00:00,6,0,6
2019-08-19 05:00:00,18,4,14
2019-08-19 06:00:00,98,39,59
2019-08-19 07:00:00,271,131,140
2019-08-19 08:00:00,365,190,175
2019-08-19 09:00:00,219,129,90
2019-08-19 10:00:00,81,57,24
2019-08-19 11:00:00,57,38,19
2019-08-19 12:00:00,98,44,54
2019-08-19 13:00:00,93,51,42
2019-08-19 14:00:00,118,88,30
2019-08-19 15:00:00,200,142,58
2019-08-19 16:00:00,382,260,122
2019-08-19 17:00:00,535,338,197
2019-08-19 18:00:00,256,163,93
2019-08-19 19:00:00,103,61,42
2019-08-19 20:00:00,53,33,20
2019-08-19 21:00:00,33,26,7
2019-08-19 22:00:00,20,10,10
2019-08-19 23:00:00,20,12,8
2019-08-20 00:00:00,7,0,7
2019-08-20 01:00:00,6,4,2
2019-08-20 02:00:00,10,6,4
2019-08-20 03:00:00,8,4,4
2019-08-20 04:00:00,8,4,4
2019-08-20 05:00:00,26,10,16
2019-08-20 06:00:00,105,41,64
2019-08-20 07:00:00,325,159,166
2019-08-20 08:00:00,401,188,213
2019-08-20 09:00:00,195,100,95
2019-08-20 10:00:00,73,44,29
2019-08-20 11:00:00,120,70,50
2019-08-20 12:00:00,103,46,57
2019-08-20 13:00:00,108,57,51
2019-08-20 14:00:00,129,76,53
2019-08-20 15:00:00,171,113,58
2019-08-20 16:00:00,483,343,140
2019-08-20 17:00:00,818,611,207
2019-08-20 18:00:00,399,293,106
2019-08-20 19:00:00,115,81,34
2019-08-20 20:00:00,90,44,46
2019-08-20 21:00:00,92,11,81
2019-08-20 22:00:00,207,15,192
2019-08-20 23:00:00,37,16,21
2019-08-21 00:00:00,21,3,18
2019-08-21 01:00:00,3,2,1
2019-08-21 02:00:00,5,1,4
2019-08-21 03:00:00,0,0,0
2019-08-21 04:00:00,3,0,3
2019-08-21 05:00:00,36,14,22
2019-08-21 06:00:00,51,25,26
2019-08-21 07:00:00,158,61,97
2019-08-21 08:00:00,179,79,100
2019-08-21 09:00:00,96,47,49
2019-08-21 10:00:00,60,30,30
2019-08-21 11:00:00,54,37,17
2019-08-21 12:00:00,63,27,36
2019-08-21 13:00:00,53,34,19
2019-08-21 14:00:00,93,52,41
2019-08-21 15:00:00,134,94,40
2019-08-21 16:00:00,219,160,59
2019-08-21 17:00:00,340,223,117
2019-08-21 18:00:00,185,125,60
2019-08-21 19:00:00,47,19,28
2019-08-21 20:00:00,38,20,18
2019-08-21 21:00:00,29,10,19
2019-08-21 22:00:00,21,13,8
2019-08-21 23:00:00,10,0,10
2019-08-22 00:00:00,8,5,3
2019-08-22 01:00:00,4,0,4
2019-08-22 02:00:00,0,0,0
2019-08-22 03:00:00,1,1,0
2019-08-22 04:00:00,6,0,6
2019-08-22 05:00:00,16,4,12
2019-08-22 06:00:00,100,47,53
2019-08-22 07:00:00,238,108,130
2019-08-22 08:00:00,348,182,166
2019-08-22 09:00:00,155,95,60
2019-08-22 10:00:00,80,47,33
2019-08-22 11:00:00,105,58,47
2019-08-22 12:00:00,85,45,40
2019-08-22 13:00:00,97,52,45
2019-08-22 14:00:00,155,71,84
2019-08-22 15:00:00,198,111,87
2019-08-22 16:00:00,331,217,114
2019-08-22 17:00:00,446,292,154
2019-08-22 18:00:00,280,166,114
2019-08-22 19:00:00,90,47,43
2019-08-22 20:00:00,48,31,17
2019-08-22 21:00:00,32,19,13
2019-08-22 22:00:00,20,5,15
2019-08-22 23:00:00,15,6,9
2019-08-23 00:00:00,7,3,4
2019-08-23 01:00:00,5,1,4
2019-08-23 02:00:00,2,1,1
2019-08-23 03:00:00,2,1,1
2019-08-23 04:00:00,2,0,2
2019-08-23 05:00:00,13,4,9
2019-08-23 06:00:00,39,16,23
2019-08-23 07:00:00,104,52,52
2019-08-23 08:00:00,162,83,79
2019-08-23 09:00:00,98,57,41
2019-08-23 10:00:00,53,30,23
2019-08-23 11:00:00,58,34,24
2019-08-23 12:00:00,74,39,35
2019-08-23 13:00:00,71,42,29
2019-08-23 14:00:00,93,58,35
2019-08-23 15:00:00,135,92,43
2019-08-23 16:00:00,217,137,80
2019-08-23 17:00:00,237,152,85
2019-08-23 18:00:00,121,77,44
2019-08-23 19:00:00,50,27,23
2019-08-23 20:00:00,31,16,15
2019-08-23 21:00:00,21,12,9
2019-08-23 22:00:00,18,9,9
2019-08-23 23:00:00,17,7,10
2019-08-24 00:00:00,13,7,6
2019-08-24 01:00:00,6,3,3
2019-08-24 02:00:00,4,2,2
2019-08-24 03:00:00,0,0,0
2019-08-24 04:00:00,2,1,1
2019-08-24 05:00:00,3,2,1
2019-08-24 06:00:00,5,3,2
2019-08-24 07:00:00,8,5,3
2019-08-24 08:00:00,19,12,7
2019-08-24 09:00:00,27,17,10
2019-08-24 10:00:00,34,21,13
2019-08-24 11:00:00,40,25,15
2019-08-24 12:00:00,54,37,17
2019-08-24 13:00:00,50,28,22
2019-08-24 14:00:00,55,33,22
2019-08-24 15:00:00,64,28,36
2019-08-24 16:00:00,61,30,31
2019-08-24 17:00:00,42,21,21
2019-08-24 18:00:00,49,31,18
2019-08-24 19:00:00,31,16,15
2019-08-24 20:00:00,20,12,8
2019-08-24 21:00:00,18,8,10
2019-08-24 22:00:00,20,8,12
2019-08-24 23:00:00,14,7,7
2019-08-25 00:00:00,10,4,6
2019-08-25 01:00:00,9,3,6
2019-08-25 02:00:00,6,2,4
2019-08-25 03:00:00,1,1,0
2019-08-25 04:00:00,2,1,1
2019-08-25 05:00:00,3,1,2
2019-08-25 06:00:00,4,3,1
2019-08-25 07:00:00,8,6,2
2019-08-25 08:00:00,16,10,6
2019-08-25 09:00:00,21,12,9
2019-08-25 10:00:00,32,19,13
2019-08-25 11:00:00,36,23,13
2019-08-25 12:00:00,48,34,14
2019-08-25 13:00:00,50,30,20
2019-08-25 14:00:00,56,36,20
2019-08-25 15:00:00,45,27,18
2019-08-25 16:00:00,55,20,35
2019-08-25 17:00:00,48,20,28
2019-08-25 18:00:00,55,26,29
2019-08-25 19:00:00,27,13,14
2019-08-25 20:00:00,16,7,9
2019-08-25 21:00:00,25,6,19
2019-08-25 22:00:00,7,4,3
2019-08-25 23:00:00,7,3,4
2019-08-26 00:00:00,5,3,2
2019-08-26 01:00:00,3,2,1
2019-08-26 02:00:00,2,1,1
2019-08-26 03:00:00,2,0,2
2019-08-26 04:00:00,3,0,3
2019-08-26 05:00:00,11,3,8
2019-08-26 06:00:00,37,15,22
2019-08-26 07:00:00,117,57,60
2019-08-26 08:00:00,164,86,78
2019-08-26 09:00:00,96,54,42
2019-08-26 10:00:00,46,26,20
2019-08-26 11:00:00,43,25,18
2019-08-26 12:00:00,53,28,25
2019-08-26 13:00:00,49,26,23
2019-08-26 14:00:00,53,34,19
2019-08-26 15:00:00,91,61,30
2019-08-26 16:00:00,187,124,63
2019-08-26 17:00:00,266,167,99
2019-08-26 18:00:00,127,77,50
2019-08-26 19:00:00,52,30,22
2019-08-26 20:00:00,28,16,12
2019-08-26 21:00:00,17,11,6
2019-08-26 22:00:00,13,7,6
2019-08-26 23:00:00,9,5,4
2019-08-27 00:00:00,5,2,3
2019-08-27 01:00:00,2,1,1
2019-08-27 02:00:00,2,1,1
2019-08-27 03:00:00,2,0,2
2019-08-27 04:00:00,2,0,2
2019-08-27 05:00:00,15,5,10
2019-08-27 06:00:00,51,20,31
2019-08-27 07:00:00,139,64,75
2019-08-27 08:00:00,194,98,96
2019-08-27 09:00:00,106,55,51
2019-08-27 10:00:00,50,28,22
2019-08-27 11:00:00,54,34,20
2019-08-27 12:00:00,57,29,28
2019-08-27 13:00:00,53,29,24
2019-08-27 14:00:00,64,41,23
2019-08-27 15:00:00,114,76,38
2019-08-27 16:00:00,233,157,76
2019-08-27 17:00:00,336,229,107
2019-08-27 18:00:00,163,110,53
2019-08-27 19:00:00,61,35,26
2019-08-27 20:00:00,30,16,14
2019-08-27 21:00:00,28,8,20
2019-08-27 22:00:00,34,6,28
2019-08-27 23:00:00,11,4,7
2019-08-28 00:00:00,4,1,3
2019-08-28 01:00:00,2,1,1
2019-08-28 02:00:00,2,1,1
2019-08-28 03:00:00,2,0,2
2019-08-28 04:00:00,3,1,2
2019-08-28 05:00:00,14,4,10
2019-08-28 06:00:00,46,21,25
2019-08-28 07:00:00,132,61,71
2019-08-28 08:00:00,199,102,97
2019-08-28 09:00:00,105,57,48
2019-08-28 10:00:00,49,30,19
2019-08-28 11:00:00,49,30,19
2019-08-28 12:00:00,62,34,28
2019-08-28 13:00:00,58,32,26
2019-08-28 14:00:00,73,45,28
2019-08-28 15:00:00,116,79,37
2019-08-28 16:00:00,226,157,69
2019-08-28 17:00:00,323,203,120
2019-08-28 18:00:00,171,114,57
2019-08-28 19:00:00,70,42,28
2019-08-28 20:00:00,37,20,17
2019-08-28 21:00:00,32,12,20
2019-08-28 22:00:00,27,11,16
2019-08-28 23:00:00,22,6,16
2019-08-29 00:00:00,7,2,5
2019-08-29 01:00:00,2,1,1
2019-08-29 02:00:00,2,1,1
2019-08-29 03:00:00,3,1,2
2019-08-29 04:00:00,3,1,2
2019-08-29 05:00:00,16,6,10
2019-08-29 06:00:00,55,24,31
2019-08-29 07:00:00,139,65,74
2019-08-29 08:00:00,203,107,96
2019-08-29 09:00:00,114,64,50
2019-08-29 10:00:00,52,38,14
2019-08-29 11:00:00,91,40,51
2019-08-29 12:00:00,92,50,42
2019-08-29 13:00:00,96,48,48
2019-08-29 14:00:00,146,96,50
2019-08-29 15:00:00,238,155,83
2019-08-29 16:00:00,481,335,146
2019-08-29 17:00:00,537,358,179
2019-08-29 18:00:00,231,146,85
2019-08-29 19:00:00,77,44,33
2019-08-29 20:00:00,38,15,23
2019-08-29 21:00:00,61,17,44
2019-08-29 22:00:00,77,5,72
2019-08-29 23:00:00,47,7,40
2019-08-30 00:00:00,8,4,4
2019-08-30 01:00:00,6,2,4
2019-08-30 02:00:00,2,0,2
2019-08-30 03:00:00,0,0,0
2019-08-30 04:00:00,4,0,4
2019-08-30 05:00:00,30,10,20
2019-08-30 06:00:00,68,26,42
2019-08-30 07:00:00,183,84,99
2019-08-30 08:00:00,259,120,139
2019-08-30 09:00:00,128,66,62
2019-08-30 10:00:00,75,47,28
2019-08-30 11:00:00,119,60,59
2019-08-30 12:00:00,132,73,59
2019-08-30 13:00:00,135,82,53
2019-08-30 14:00:00,231,153,78
2019-08-30 15:00:00,264,172,92
2019-08-30 16:00:00,368,230,138
2019-08-30 17:00:00,302,185,117
2019-08-30 18:00:00,167,109,58
2019-08-30 19:00:00,67,32,35
2019-08-30 20:00:00,51,29,22
2019-08-30 21:00:00,11,7,4
2019-08-30 22:00:00,26,16,10
2019-08-30 23:00:00,24,7,17
2019-08-31 00:00:00,20,18,2
2019-08-31 01:00:00,9,6,3
2019-08-31 02:00:00,4,2,2
2019-08-31 03:00:00,3,0,3
2019-08-31 04:00:00,4,4,0
2019-08-31 05:00:00,10,6,4
2019-08-31 06:00:00,5,3,2
2019-08-31 07:00:00,20,12,8
2019-08-31 08:00:00,27,10,17
2019-08-31 09:00:00,52,28,24
2019-08-31 10:00:00,43,25,18
2019-08-31 11:00:00,52,33,19
2019-08-31 12:00:00,63,35,28
2019-08-31 13:00:00,56,32,24
2019-08-31 14:00:00,95,56,39
2019-08-31 15:00:00,90,45,45
2019-08-31 16:00:00,118,58,60
2019-08-31 17:00:00,37,22,15
2019-08-31 18:00:00,63,42,21
2019-08-31 19:00:00,46,26,20
2019-08-31 20:00:00,36,23,13
2019-08-31 21:00:00,36,8,28
2019-08-31 22:00:00,31,26,5
2019-08-31 23:00:00,27,11,16
2019-09-01 00:00:00,14,11,3
2019-09-01 01:00:00,10,5,5
2019-09-01 02:00:00,3,1,2
2019-09-01 03:00:00,0,0,0
2019-09-01 04:00:00,2,0,2
2019-09-01 05:00:00,4,2,2
2019-09-01 06:00:00,4,4,0
2019-09-01 07:00:00,15,9,6
2019-09-01 08:00:00,42,21,21
2019-09-01 09:00:00,40,16,24
2019-09-01 10:00:00,75,46,29
2019-09-01 11:00:00,50,35,15
2019-09-01 12:00:00,77,65,12
2019-09-01 13:00:00,124,85,39
2019-09-01 14:00:00,144,112,32
2019-09-01 15:00:00,133,103,30
2019-09-01 16:00:00,76,38,38
2019-09-01 17:00:00,111,39,72
2019-09-01 18:00:00,150,29,121
2019-09-01 19:00:00,55,29,26
2019-09-01 20:00:00,43,16,27
2019-09-01 21:00:00,24,6,18
2019-09-01 22:00:00,6,2,4
2019-09-01 23:00:00,18,9,9
2019-09-02 00:00:00,10,2,8
2019-09-02 01:00:00,11,8,3
2019-09-02 02:00:00,0,0,0
2019-09-02 03:00:00,2,2,0
2019-09-02 04:00:00,6,0,6
2019-09-02 05:00:00,2,2,0
2019-09-02 06:00:00,13,8,5
2019-09-02 07:00:00,17,11,6
2019-09-02 08:00:00,31,17,14
2019-09-02 09:00:00,45,33,12
2019-09-02 10:00:00,77,54,23
2019-09-02 11:00:00,62,41,21
2019-09-02 12:00:00,99,58,41
2019-09-02 13:00:00,102,64,38
2019-09-02 14:00:00,61,34,27
2019-09-02 15:00:00,77,51,26
2019-09-02 16:00:00,82,46,36
2019-09-02 17:00:00,91,40,51
2019-09-02 18:00:00,52,32,20
2019-09-02 19:00:00,52,22,30
2019-09-02 20:00:00,29,16,13
2019-09-02 21:00:00,14,10,4
2019-09-02 22:00:00,7,2,5
2019-09-02 23:00:00,18,8,10
2019-09-03 00:00:00,7,1,6
2019-09-03 01:00:00,2,2,0
2019-09-03 02:00:00,3,3,0
2019-09-03 03:00:00,11,0,11
2019-09-03 04:00:00,4,0,4
2019-09-03 05:00:00,37,10,27
2019-09-03 06:00:00,89,32,57
2019-09-03 07:00:00,253,128,125
2019-09-03 08:00:00,477,232,245
2019-09-03 09:00:00,172,101,71
2019-09-03 10:00:00,108,63,45
2019-09-03 11:00:00,86,46,40
2019-09-03 12:00:00,114,65,49
2019-09-03 13:00:00,79,49,30
2019-09-03 14:00:00,120,77,43
2019-09-03 15:00:00,248,181,67
2019-09-03 16:00:00,395,262,133
2019-09-03 17:00:00,628,421,207
2019-09-03 18:00:00,229,138,91
2019-09-03 19:00:00,111,47,64
2019-09-03 20:00:00,52,35,17
2019-09-03 21:00:00,24,12,12
2019-09-03 22:00:00,19,8,11
2019-09-03 23:00:00,11,3,8
2019-09-04 00:00:00,3,3,0
2019-09-04 01:00:00,4,2,2
2019-09-04 02:00:00,4,0,4
2019-09-04 03:00:00,2,0,2
2019-09-04 04:00:00,8,4,4
2019-09-04 05:00:00,32,10,22
2019-09-04 06:00:00,106,43,63
2019-09-04 07:00:00,280,129,151
2019-09-04 08:00:00,453,221,232
2019-09-04 09:00:00,185,96,89
2019-09-04 10:00:00,104,70,34
2019-09-04 11:00:00,104,54,50
2019-09-04 12:00:00,121,73,48
2019-09-04 13:00:00,110,65,45
2019-09-04 14:00:00,106,71,35
2019-09-04 15:00:00,214,142,72
2019-09-04 16:00:00,458,331,127
2019-09-04 17:00:00,626,397,229
2019-09-04 18:00:00,253,166,87
2019-09-04 19:00:00,100,46,54
2019-09-04 20:00:00,51,30,21
2019-09-04 21:00:00,25,13,12
2019-09-04 22:00:00,33,16,17
2019-09-04 23:00:00,16,9,7
2019-09-05 00:00:00,15,2,13
2019-09-05 01:00:00,3,2,1
2019-09-05 02:00:00,1,1,0
2019-09-05 03:00:00,10,0,10
2019-09-05 04:00:00,6,2,4
2019-09-05 05:00:00,32,12,20
2019-09-05 06:00:00,122,55,67
2019-09-05 07:00:00,277,136,141
2019-09-05 08:00:00,418,200,218
2019-09-05 09:00:00,183,95,88
2019-09-05 10:00:00,87,51,36
2019-09-05 11:00:00,87,49,38
2019-09-05 12:00:00,113,66,47
2019-09-05 13:00:00,98,52,46
2019-09-05 14:00:00,110,75,35
2019-09-05 15:00:00,219,127,92
2019-09-05 16:00:00,436,296,140
2019-09-05 17:00:00,648,437,211
2019-09-05 18:00:00,318,220,98
2019-09-05 19:00:00,112,71,41
2019-09-05 20:00:00,80,45,35
2019-09-05 21:00:00,65,32,33
2019-09-05 22:00:00,34,12,22
2019-09-05 23:00:00,10,4,6
2019-09-06 00:00:00,13,4,9
2019-09-06 01:00:00,5,0,5
2019-09-06 02:00:00,4,2,2
2019-09-06 03:00:00,4,2,2
2019-09-06 04:00:00,2,0,2
2019-09-06 05:00:00,36,8,28
2019-09-06 06:00:00,95,39,56
2019-09-06 07:00:00,216,119,97
2019-09-06 08:00:00,346,177,169
2019-09-06 09:00:00,186,105,81
2019-09-06 10:00:00,102,56,46
2019-09-06 11:00:00,92,60,32
2019-09-06 12:00:00,164,76,88
2019-09-06 13:00:00,133,84,49
2019-09-06 14:00:00,154,96,58
2019-09-06 15:00:00,269,184,85
2019-09-06 16:00:00,460,314,146
2019-09-06 17:00:00,470,280,190
2019-09-06 18:00:00,195,126,69
2019-09-06 19:00:00,94,50,44
2019-09-06 20:00:00,60,24,36
2019-09-06 21:00:00,29,10,19
2019-09-06 22:00:00,20,8,12
2019-09-06 23:00:00,18,10,8
2019-09-07 00:00:00,24,15,9
2019-09-07 01:00:00,10,9,1
2019-09-07 02:00:00,6,4,2
2019-09-07 03:00:00,0,0,0
2019-09-07 04:00:00,2,0,2
2019-09-07 05:00:00,6,2,4
2019-09-07 06:00:00,13,5,8
2019-09-07 07:00:00,7,3,4
2019-09-07 08:00:00,32,20,12
2019-09-07 09:00:00,42,30,12
2019-09-07 10:00:00,50,24,26
2019-09-07 11:00:00,70,44,26
2019-09-07 12:00:00,87,44,43
2019-09-07 13:00:00,107,53,54
2019-09-07 14:00:00,89,48,41
2019-09-07 15:00:00,92,52,40
2019-09-07 16:00:00,75,46,29
2019-09-07 17:00:00,43,29,14
2019-09-07 18:00:00,71,39,32
2019-09-07 19:00:00,30,5,25
2019-09-07 20:00:00,12,4,8
2019-09-07 21:00:00,12,8,4
2019-09-07 22:00:00,13,3,10
2019-09-07 23:00:00,27,20,7
2019-09-08 00:00:00,8,0,8
2019-09-08 01:00:00,4,4,0
2019-09-08 02:00:00,6,5,1
2019-09-08 03:00:00,0,0,0
2019-09-08 04:00:00,0,0,0
2019-09-08 05:00:00,4,0,4
2019-09-08 06:00:00,4,4,0
2019-09-08 07:00:00,15,11,4
2019-09-08 08:00:00,16,14,2
2019-09-08 09:00:00,25,17,8
2019-09-08 10:00:00,70,56,14
2019-09-08 11:00:00,116,95,21
2019-09-08 12:00:00,103,86,17
2019-09-08 13:00:00,73,54,19
2019-09-08 14:00:00,67,30,37
2019-09-08 15:00:00,20,6,14
2019-09-08 16:00:00,194,19,175
2019-09-08 17:00:00,82,13,69
2019-09-08 18:00:00,45,34,11
2019-09-08 19:00:00,31,20,11
2019-09-08 20:00:00,22,8,14
2019-09-08 21:00:00,13,7,6
2019-09-08 22:00:00,9,5,4
2019-09-08 23:00:00,6,2,4
2019-09-09 00:00:00,6,4,2
2019-09-09 01:00:00,4,0,4
2019-09-09 02:00:00,0,0,0
2019-09-09 03:00:00,6,0,6
2019-09-09 04:00:00,7,2,5
2019-09-09 05:00:00,22,2,20
2019-09-09 06:00:00,62,31,31
2019-09-09 07:00:00,202,102,100
2019-09-09 08:00:00,265,144,121
2019-09-09 09:00:00,150,77,73
2019-09-09 10:00:00,67,33,34
2019-09-09 11:00:00,80,45,35
2019-09-09 12:00:00,46,21,25
2019-09-09 13:00:00,47,20,27
2019-09-09 14:00:00,71,46,25
2019-09-09 15:00:00,161,102,59
2019-09-09 16:00:00,306,199,107
2019-09-09 17:00:00,407,263,144
2019-09-09 18:00:00,171,97,74
2019-09-09 19:00:00,82,45,37
2019-09-09 20:00:00,42,20,22
2019-09-09 21:00:00,15,13,2
2019-09-09 22:00:00,13,1,12
2019-09-09 23:00:00,17,8,9
2019-09-10 00:00:00,3,2,1
2019-09-10 01:00:00,4,4,0
2019-09-10 02:00:00,2,0,2
2019-09-10 03:00:00,4,0,4
2019-09-10 04:00:00,6,0,6
2019-09-10 05:00:00,18,6,12
2019-09-10 06:00:00,72,30,42
2019-09-10 07:00:00,196,81,115
2019-09-10 08:00:00,257,132,125
2019-09-10 09:00:00,142,73,69
2019-09-10 10:00:00,65,39,26
2019-09-10 11:00:00,70,42,28
2019-09-10 12:00:00,101,47,54
2019-09-10 13:00:00,64,37,27
2019-09-10 14:00:00,114,71,43
2019-09-10 15:00:00,175,118,57
2019-09-10 16:00:00,361,247,114
2019-09-10 17:00:00,521,387,134
2019-09-10 18:00:00,245,172,73
2019-09-10 19:00:00,87,49,38
2019-09-10 20:00:00,37,14,23
2019-09-10 21:00:00,73,31,42
2019-09-10 22:00:00,40,5,35
2019-09-10 23:00:00,14,4,10
2019-09-11 00:00:00,2,0,2
2019-09-11 01:00:00,0,0,0
2019-09-11 02:00:00,4,4,0
2019-09-11 03:00:00,9,0,9
2019-09-11 04:00:00,6,2,4
2019-09-11 05:00:00,22,10,12
2019-09-11 06:00:00,69,33,36
2019-09-11 07:00:00,253,117,136
2019-09-11 08:00:00,392,199,193
2019-09-11 09:00:00,182,102,80
2019-09-11 10:00:00,99,53,46
2019-09-11 11:00:00,107,66,41
2019-09-11 12:00:00,134,78,56
2019-09-11 13:00:00,75,42,33
2019-09-11 14:00:00,158,87,71
2019-09-11 15:00:00,203,144,59
2019-09-11 16:00:00,460,304,156
2019-09-11 17:00:00,596,388,208
2019-09-11 18:00:00,348,229,119
2019-09-11 19:00:00,84,48,36
2019-09-11 20:00:00,68,29,39
2019-09-11 21:00:00,35,21,14
2019-09-11 22:00:00,46,14,32
2019-09-11 23:00:00,36,18,18
2019-09-12 00:00:00,20,6,14
2019-09-12 01:00:00,6,2,4
2019-09-12 02:00:00,0,0,0
2019-09-12 03:00:00,6,2,4
2019-09-12 04:00:00,3,1,2
2019-09-12 05:00:00,42,20,22
2019-09-12 06:00:00,90,45,45
2019-09-12 07:00:00,252,120,132
2019-09-12 08:00:00,366,197,169
2019-09-12 09:00:00,206,118,88
2019-09-12 10:00:00,96,53,43
2019-09-12 11:00:00,110,47,63
2019-09-12 12:00:00,104,65,39
2019-09-12 13:00:00,98,57,41
2019-09-12 14:00:00,125,81,44
2019-09-12 15:00:00,208,151,57
2019-09-12 16:00:00,501,308,193
2019-09-12 17:00:00,583,401,182
2019-09-12 18:00:00,245,147,98
2019-09-12 19:00:00,106,55,51
2019-09-12 20:00:00,50,38,12
2019-09-12 21:00:00,13,6,7
2019-09-12 22:00:00,38,9,29
2019-09-12 23:00:00,15,7,8
2019-09-13 00:00:00,6,2,4
2019-09-13 01:00:00,0,0,0
2019-09-13 02:00:00,1,0,1
2019-09-13 03:00:00,4,0,4
2019-09-13 04:00:00,5,0,5
2019-09-13 05:00:00,16,10,6
2019-09-13 06:00:00,75,26,49
2019-09-13 07:00:00,183,105,78
2019-09-13 08:00:00,285,146,139
2019-09-13 09:00:00,178,100,78
2019-09-13 10:00:00,92,48,44
2019-09-13 11:00:00,98,57,41
2019-09-13 12:00:00,119,59,60
2019-09-13 13:00:00,82,37,45
2019-09-13 14:00:00,126,85,41
2019-09-13 15:00:00,231,155,76
2019-09-13 16:00:00,421,259,162
2019-09-13 17:00:00,429,266,163
2019-09-13 18:00:00,199,142,57
2019-09-13 19:00:00,64,37,27
2019-09-13 20:00:00,34,23,11
2019-09-13 21:00:00,37,23,14
2019-09-13 22:00:00,28,16,12
2019-09-13 23:00:00,36,16,20
2019-09-14 00:00:00,32,15,17
2019-09-14 01:00:00,11,2,9
2019-09-14 02:00:00,9,1,8
2019-09-14 03:00:00,2,2,0
2019-09-14 04:00:00,4,0,4
2019-09-14 05:00:00,4,2,2
2019-09-14 06:00:00,9,7,2
2019-09-14 07:00:00,16,14,2
2019-09-14 08:00:00,46,27,19
2019-09-14 09:00:00,54,37,17
2019-09-14 10:00:00,46,30,16
2019-09-14 11:00:00,86,41,45
2019-09-14 12:00:00,87,64,23
2019-09-14 13:00:00,86,47,39
2019-09-14 14:00:00,57,40,17
2019-09-14 15:00:00,78,43,35
2019-09-14 16:00:00,76,34,42
2019-09-14 17:00:00,71,44,27
2019-09-14 18:00:00,55,35,20
2019-09-14 19:00:00,52,28,24
2019-09-14 20:00:00,33,21,12
2019-09-14 21:00:00,17,10,7
2019-09-14 22:00:00,21,2,19
2019-09-14 23:00:00,19,7,12
2019-09-15 00:00:00,11,6,5
2019-09-15 01:00:00,16,2,14
2019-09-15 02:00:00,3,1,2
2019-09-15 03:00:00,0,0,0
2019-09-15 04:00:00,6,2,4
2019-09-15 05:00:00,4,2,2
2019-09-15 06:00:00,4,3,1
2019-09-15 07:00:00,11,10,1
2019-09-15 08:00:00,13,9,4
2019-09-15 09:00:00,14,2,12
2019-09-15 10:00:00,18,12,6
2019-09-15 11:00:00,15,7,8
2019-09-15 12:00:00,35,21,14
2019-09-15 13:00:00,47,24,23
2019-09-15 14:00:00,54,47,7
2019-09-15 15:00:00,61,41,20
2019-09-15 16:00:00,23,9,14
2019-09-15 17:00:00,106,25,81
2019-09-15 18:00:00,41,7,34
2019-09-15 19:00:00,10,2,8
2019-09-15 20:00:00,14,3,11
2019-09-15 21:00:00,5,5,0
2019-09-15 22:00:00,13,7,6
2019-09-15 23:00:00,18,2,16
2019-09-16 00:00:00,3,2,1
2019-09-16 01:00:00,2,2,0
2019-09-16 02:00:00,3,2,1
2019-09-16 03:00:00,6,0,6
2019-09-16 04:00:00,4,0,4
2019-09-16 05:00:00,24,8,16
2019-09-16 06:00:00,76,24,52
2019-09-16 07:00:00,229,105,124
2019-09-16 08:00:00,363,193,170
2019-09-16 09:00:00,165,88,77
2019-09-16 10:00:00,96,56,40
2019-09-16 11:00:00,74,44,30
2019-09-16 12:00:00,70,37,33
2019-09-16 13:00:00,74,41,33
2019-09-16 14:00:00,71,45,26
2019-09-16 15:00:00,146,100,46
2019-09-16 16:00:00,424,282,142
2019-09-16 17:00:00,585,372,213
2019-09-16 18:00:00,247,155,92
2019-09-16 19:00:00,87,45,42
2019-09-16 20:00:00,30,20,10
2019-09-16 21:00:00,23,18,5
2019-09-16 22:00:00,23,12,11
2019-09-16 23:00:00,11,8,3
2019-09-17 00:00:00,6,3,3
2019-09-17 01:00:00,2,0,2
2019-09-17 02:00:00,6,1,5
2019-09-17 03:00:00,2,0,2
2019-09-17 04:00:00,6,0,6
2019-09-17 05:00:00,22,10,12
2019-09-17 06:00:00,64,18,46
2019-09-17 07:00:00,147,65,82
2019-09-17 08:00:00,210,109,101
2019-09-17 09:00:00,93,52,41
2019-09-17 10:00:00,41,29,12
2019-09-17 11:00:00,44,25,19
2019-09-17 12:00:00,73,43,30
2019-09-17 13:00:00,56,27,29
2019-09-17 14:00:00,82,54,28
2019-09-17 15:00:00,134,89,45
2019-09-17 16:00:00,295,205,90
2019-09-17 17:00:00,353,242,111
2019-09-17 18:00:00,150,92,58
2019-09-17 19:00:00,51,34,17
2019-09-17 20:00:00,21,12,9
2019-09-17 21:00:00,27,14,13
2019-09-17 22:00:00,15,6,9
2019-09-17 23:00:00,0,0,0
2019-09-18 00:00:00,13,3,10
2019-09-18 01:00:00,0,0,0
2019-09-18 02:00:00,0,0,0
2019-09-18 03:00:00,2,0,2
2019-09-18 04:00:00,6,2,4
2019-09-18 05:00:00,12,4,8
2019-09-18 06:00:00,75,33,42
2019-09-18 07:00:00,201,87,114
2019-09-18 08:00:00,360,200,160
2019-09-18 09:00:00,162,88,74
2019-09-18 10:00:00,58,35,23
2019-09-18 11:00:00,69,49,20
2019-09-18 12:00:00,75,42,33
2019-09-18 13:00:00,102,51,51
2019-09-18 14:00:00,88,57,31
2019-09-18 15:00:00,165,94,71
2019-09-18 16:00:00,395,283,112
2019-09-18 17:00:00,549,334,215
2019-09-18 18:00:00,290,218,72
2019-09-18 19:00:00,147,107,40
2019-09-18 20:00:00,58,26,32
2019-09-18 21:00:00,132,15,117
2019-09-18 22:00:00,69,19,50
2019-09-18 23:00:00,18,10,8
2019-09-19 00:00:00,6,1,5
2019-09-19 01:00:00,2,2,0
2019-09-19 02:00:00,2,0,2
2019-09-19 03:00:00,5,3,2
2019-09-19 04:00:00,9,4,5
2019-09-19 05:00:00,28,14,14
2019-09-19 06:00:00,109,41,68
2019-09-19 07:00:00,229,108,121
2019-09-19 08:00:00,358,186,172
2019-09-19 09:00:00,187,100,87
2019-09-19 10:00:00,89,52,37
2019-09-19 11:00:00,91,51,40
2019-09-19 12:00:00,104,53,51
2019-09-19 13:00:00,79,50,29
2019-09-19 14:00:00,109,62,47
2019-09-19 15:00:00,226,167,59
2019-09-19 16:00:00,458,314,144
2019-09-19 17:00:00,563,366,197
2019-09-19 18:00:00,216,141,75
2019-09-19 19:00:00,101,58,43
2019-09-19 20:00:00,60,34,26
2019-09-19 21:00:00,33,21,12
2019-09-19 22:00:00,23,15,8
2019-09-19 23:00:00,12,5,7
2019-09-20 00:00:00,7,2,5
2019-09-20 01:00:00,3,3,0
2019-09-20 02:00:00,2,2,0
2019-09-20 03:00:00,2,2,0
2019-09-20 04:00:00,2,2,0
2019-09-20 05:00:00,10,6,4
2019-09-20 06:00:00,89,33,56
2019-09-20 07:00:00,201,98,103
2019-09-20 08:00:00,275,156,119
2019-09-20 09:00:00,164,76,88
2019-09-20 10:00:00,82,46,36
2019-09-20 11:00:00,89,49,40
2019-09-20 12:00:00,117,57,60
2019-09-20 13:00:00,190,87,103
2019-09-20 14:00:00,183,91,92
2019-09-20 15:00:00,255,170,85
2019-09-20 16:00:00,394,270,124
2019-09-20 17:00:00,422,271,151
2019-09-20 18:00:00,171,106,65
2019-09-20 19:00:00,90,53,37
2019-09-20 20:00:00,45,21,24
2019-09-20 21:00:00,40,27,13
2019-09-20 22:00:00,28,16,12
2019-09-20 23:00:00,33,20,13
2019-09-21 00:00:00,11,3,8
2019-09-21 01:00:00,10,6,4
2019-09-21 02:00:00,6,4,2
2019-09-21 03:00:00,1,0,1
2019-09-21 04:00:00,1,0,1
2019-09-21 05:00:00,8,6,2
2019-09-21 06:00:00,5,3,2
2019-09-21 07:00:00,21,9,12
2019-09-21 08:00:00,48,32,16
2019-09-21 09:00:00,50,23,27
2019-09-21 10:00:00,28,20,8
2019-09-21 11:00:00,74,42,32
2019-09-21 12:00:00,75,49,26
2019-09-21 13:00:00,115,60,55
2019-09-21 14:00:00,117,63,54
2019-09-21 15:00:00,94,45,49
2019-09-21 16:00:00,106,56,50
2019-09-21 17:00:00,96,54,42
2019-09-21 18:00:00,64,43,21
2019-09-21 19:00:00,55,30,25
2019-09-21 20:00:00,29,8,21
2019-09-21 21:00:00,26,18,8
2019-09-21 22:00:00,21,12,9
2019-09-21 23:00:00,10,4,6
2019-09-22 00:00:00,20,11,9
2019-09-22 01:00:00,17,8,9
2019-09-22 02:00:00,0,0,0
2019-09-22 03:00:00,2,0,2
2019-09-22 04:00:00,3,2,1
2019-09-22 05:00:00,6,4,2
2019-09-22 06:00:00,4,4,0
2019-09-22 07:00:00,13,11,2
2019-09-22 08:00:00,11,5,6
2019-09-22 09:00:00,26,14,12
2019-09-22 10:00:00,26,22,4
2019-09-22 11:00:00,38,28,10
2019-09-22 12:00:00,53,44,9
2019-09-22 13:00:00,33,8,25
2019-09-22 14:00:00,26,20,6
2019-09-22 15:00:00,13,2,11
2019-09-22 16:00:00,62,7,55
2019-09-22 17:00:00,56,19,37
2019-09-22 18:00:00,43,27,16
2019-09-22 19:00:00,33,12,21
2019-09-22 20:00:00,23,11,12
2019-09-22 21:00:00,10,5,5
2019-09-22 22:00:00,11,3,8
2019-09-22 23:00:00,5,4,1
2019-09-23 00:00:00,2,2,0
2019-09-23 01:00:00,10,6,4
2019-09-23 02:00:00,2,0,2
2019-09-23 03:00:00,4,0,4
2019-09-23 04:00:00,4,0,4
2019-09-23 05:00:00,24,18,6
2019-09-23 06:00:00,92,34,58
2019-09-23 07:00:00,220,114,106
2019-09-23 08:00:00,342,161,181
2019-09-23 09:00:00,199,108,91
2019-09-23 10:00:00,82,40,42
2019-09-23 11:00:00,71,41,30
2019-09-23 12:00:00,54,35,19
2019-09-23 13:00:00,33,11,22
2019-09-23 14:00:00,68,43,25
2019-09-23 15:00:00,108,76,32
2019-09-23 16:00:00,351,231,120
2019-09-23 17:00:00,529,361,168
2019-09-23 18:00:00,227,131,96
2019-09-23 19:00:00,69,33,36
2019-09-23 20:00:00,30,14,16
2019-09-23 21:00:00,20,15,5
2019-09-23 22:00:00,17,10,7
2019-09-23 23:00:00,10,2,8
2019-09-24 00:00:00,6,0,6
2019-09-24 01:00:00,4,2,2
2019-09-24 02:00:00,4,2,2
2019-09-24 03:00:00,4,0,4
2019-09-24 04:00:00,2,0,2
2019-09-24 05:00:00,18,10,8
2019-09-24 06:00:00,93,35,58
2019-09-24 07:00:00,182,76,106
2019-09-24 08:00:00,322,164,158
2019-09-24 09:00:00,158,78,80
2019-09-24 10:00:00,76,42,34
2019-09-24 11:00:00,78,40,38
2019-09-24 12:00:00,83,50,33
2019-09-24 13:00:00,83,38,45
2019-09-24 14:00:00,96,62,34
2019-09-24 15:00:00,172,118,54
2019-09-24 16:00:00,400,281,119
2019-09-24 17:00:00,476,356,120
2019-09-24 18:00:00,252,164,88
2019-09-24 19:00:00,88,51,37
2019-09-24 20:00:00,58,24,34
2019-09-24 21:00:00,46,33,13
2019-09-24 22:00:00,31,12,19
2019-09-24 23:00:00,13,2,11
2019-09-25 00:00:00,7,4,3
2019-09-25 01:00:00,4,0,4
2019-09-25 02:00:00,4,0,4
2019-09-25 03:00:00,4,0,4
2019-09-25 04:00:00,6,2,4
2019-09-25 05:00:00,34,8,26
2019-09-25 06:00:00,77,28,49
2019-09-25 07:00:00,221,106,115
2019-09-25 08:00:00,386,186,200
2019-09-25 09:00:00,161,92,69
2019-09-25 10:00:00,82,48,34
2019-09-25 11:00:00,97,49,48
2019-09-25 12:00:00,98,45,53
2019-09-25 13:00:00,95,47,48
2019-09-25 14:00:00,137,89,48
2019-09-25 15:00:00,235,165,70
2019-09-25 16:00:00,395,252,143
2019-09-25 17:00:00,529,338,191
2019-09-25 18:00:00,241,151,90
2019-09-25 19:00:00,85,53,32
2019-09-25 20:00:00,45,22,23
2019-09-25 21:00:00,73,38,35
2019-09-25 22:00:00,20,9,11
2019-09-25 23:00:00,10,6,4
2019-09-26 00:00:00,0,0,0
2019-09-26 01:00:00,8,4,4
2019-09-26 02:00:00,2,2,0
2019-09-26 03:00:00,2,0,2
2019-09-26 04:00:00,4,4,0
2019-09-26 05:00:00,28,10,18
2019-09-26 06:00:00,77,25,52
2019-09-26 07:00:00,170,89,81
2019-09-26 08:00:00,226,108,118
2019-09-26 09:00:00,125,71,54
2019-09-26 10:00:00,53,28,25
2019-09-26 11:00:00,93,53,40
2019-09-26 12:00:00,74,39,35
2019-09-26 13:00:00,64,30,34
2019-09-26 14:00:00,93,61,32
2019-09-26 15:00:00,144,95,49
2019-09-26 16:00:00,343,249,94
2019-09-26 17:00:00,477,335,142
2019-09-26 18:00:00,228,161,67
2019-09-26 19:00:00,103,75,28
2019-09-26 20:00:00,44,25,19
2019-09-26 21:00:00,61,28,33
2019-09-26 22:00:00,67,16,51
2019-09-26 23:00:00,25,10,15
2019-09-27 00:00:00,5,2,3
2019-09-27 01:00:00,2,2,0
2019-09-27 02:00:00,4,2,2
2019-09-27 03:00:00,5,1,4
2019-09-27 04:00:00,0,0,0
2019-09-27 05:00:00,22,10,12
2019-09-27 06:00:00,63,23,40
2019-09-27 07:00:00,128,65,63
2019-09-27 08:00:00,224,101,123
2019-09-27 09:00:00,103,52,51
2019-09-27 10:00:00,53,29,24
2019-09-27 11:00:00,102,64,38
2019-09-27 12:00:00,89,56,33
2019-09-27 13:00:00,88,53,35
2019-09-27 14:00:00,129,68,61
2019-09-27 15:00:00,189,130,59
2019-09-27 16:00:00,337,237,100
2019-09-27 17:00:00,308,211,97
2019-09-27 18:00:00,163,112,51
2019-09-27 19:00:00,35,22,13
2019-09-27 20:00:00,18,11,7
2019-09-27 21:00:00,20,13,7
2019-09-27 22:00:00,20,10,10
2019-09-27 23:00:00,20,5,15
2019-09-28 00:00:00,13,5,8
2019-09-28 01:00:00,5,4,1
2019-09-28 02:00:00,5,2,3
2019-09-28 03:00:00,2,2,0
2019-09-28 04:00:00,2,0,2
2019-09-28 05:00:00,6,4,2
2019-09-28 06:00:00,3,3,0
2019-09-28 07:00:00,7,0,7
2019-09-28 08:00:00,16,8,8
2019-09-28 09:00:00,17,16,1
2019-09-28 10:00:00,36,23,13
2019-09-28 11:00:00,53,31,22
2019-09-28 12:00:00,65,36,29
2019-09-28 13:00:00,81,34,47
2019-09-28 14:00:00,68,41,27
2019-09-28 15:00:00,75,34,41
2019-09-28 16:00:00,94,61,33
2019-09-28 17:00:00,81,53,28
2019-09-28 18:00:00,46,28,18
2019-09-28 19:00:00,31,15,16
2019-09-28 20:00:00,29,20,9
2019-09-28 21:00:00,31,16,15
2019-09-28 22:00:00,33,16,17
2019-09-28 23:00:00,24,13,11
2019-09-29 00:00:00,27,17,10
2019-09-29 01:00:00,15,5,10
2019-09-29 02:00:00,10,8,2
2019-09-29 03:00:00,0,0,0
2019-09-29 04:00:00,8,2,6
2019-09-29 05:00:00,2,2,0
2019-09-29 06:00:00,6,4,2
2019-09-29 07:00:00,16,10,6
2019-09-29 08:00:00,28,18,10
2019-09-29 09:00:00,45,21,24
2019-09-29 10:00:00,26,16,10
2019-09-29 11:00:00,59,37,22
2019-09-29 12:00:00,65,35,30
2019-09-29 13:00:00,54,29,25
2019-09-29 14:00:00,56,20,36
2019-09-29 15:00:00,44,25,19
2019-09-29 16:00:00,51,15,36
2019-09-29 17:00:00,43,23,20
2019-09-29 18:00:00,39,20,19
2019-09-29 19:00:00,24,15,9
2019-09-29 20:00:00,23,13,10
2019-09-29 21:00:00,9,7,2
2019-09-29 22:00:00,28,10,18
2019-09-29 23:00:00,12,6,6
2019-09-30 00:00:00,4,2,2
2019-09-30 01:00:00,1,1,0
2019-09-30 02:00:00,0,0,0
2019-09-30 03:00:00,8,2,6
2019-09-30 04:00:00,6,0,6
2019-09-30 05:00:00,40,14,26
2019-09-30 06:00:00,71,34,37
2019-09-30 07:00:00,203,98,105
2019-09-30 08:00:00,348,189,159
2019-09-30 09:00:00,165,92,73
2019-09-30 10:00:00,57,36,21
2019-09-30 11:00:00,75,35,40
2019-09-30 12:00:00,78,45,33
2019-09-30 13:00:00,80,47,33
2019-09-30 14:00:00,109,69,40
2019-09-30 15:00:00,189,134,55
2019-09-30 16:00:00,372,251,121
2019-09-30 17:00:00,481,314,167
2019-09-30 18:00:00,234,132,102
2019-09-30 19:00:00,79,42,37
2019-09-30 20:00:00,37,25,12
2019-09-30 21:00:00,18,13,5
2019-09-30 22:00:00,12,5,7
2019-09-30 23:00:00,16,8,8
2019-10-01 00:00:00,4,2,2
2019-10-01 01:00:00,2,0,2
2019-10-01 02:00:00,3,3,0
2019-10-01 03:00:00,4,0,4
2019-10-01 04:00:00,8,0,8
2019-10-01 05:00:00,24,10,14
2019-10-01 06:00:00,94,34,60
2019-10-01 07:00:00,233,115,118
2019-10-01 08:00:00,361,170,191
2019-10-01 09:00:00,222,111,111
2019-10-01 10:00:00,100,63,37
2019-10-01 11:00:00,73,34,39
2019-10-01 12:00:00,64,33,31
2019-10-01 13:00:00,96,55,41
2019-10-01 14:00:00,106,63,43
2019-10-01 15:00:00,188,123,65
2019-10-01 16:00:00,383,243,140
2019-10-01 17:00:00,547,349,198
2019-10-01 18:00:00,267,187,80
2019-10-01 19:00:00,78,50,28
2019-10-01 20:00:00,52,20,32
2019-10-01 21:00:00,25,16,9
2019-10-01 22:00:00,11,5,6
2019-10-01 23:00:00,5,3,2
2019-10-02 00:00:00,3,3,0
2019-10-02 01:00:00,2,2,0
2019-10-02 02:00:00,5,1,4
2019-10-02 03:00:00,7,0,7
2019-10-02 04:00:00,5,2,3
2019-10-02 05:00:00,24,10,14
2019-10-02 06:00:00,91,38,53
2019-10-02 07:00:00,225,103,122
2019-10-02 08:00:00,324,151,173
2019-10-02 09:00:00,173,85,88
2019-10-02 10:00:00,82,48,34
2019-10-02 11:00:00,87,54,33
2019-10-02 12:00:00,106,51,55
2019-10-02 13:00:00,105,66,39
2019-10-02 14:00:00,90,55,35
2019-10-02 15:00:00,189,140,49
2019-10-02 16:00:00,379,235,144
2019-10-02 17:00:00,504,346,158
2019-10-02 18:00:00,199,107,92
2019-10-02 19:00:00,70,47,23
2019-10-02 20:00:00,55,33,22
2019-10-02 21:00:00,27,14,13
2019-10-02 22:00:00,34,12,22
2019-10-02 23:00:00,16,10,6
2019-10-03 00:00:00,11,4,7
2019-10-03 01:00:00,4,0,4
2019-10-03 02:00:00,1,0,1
2019-10-03 03:00:00,3,1,2
2019-10-03 04:00:00,2,2,0
2019-10-03 05:00:00,20,8,12
2019-10-03 06:00:00,92,42,50
2019-10-03 07:00:00,193,85,108
2019-10-03 08:00:00,278,136,142
2019-10-03 09:00:00,160,82,78
2019-10-03 10:00:00,75,45,30
2019-10-03 11:00:00,81,53,28
2019-10-03 12:00:00,93,54,39
2019-10-03 13:00:00,96,57,39
2019-10-03 14:00:00,172,116,56
2019-10-03 15:00:00,300,244,56
2019-10-03 16:00:00,568,455,113
2019-10-03 17:00:00,504,376,128
2019-10-03 18:00:00,208,160,48
2019-10-03 19:00:00,84,43,41
2019-10-03 20:00:00,82,28,54
2019-10-03 21:00:00,211,33,178
2019-10-03 22:00:00,70,10,60
2019-10-03 23:00:00,20,7,13
2019-10-04 00:00:00,4,4,0
2019-10-04 01:00:00,1,1,0
2019-10-04 02:00:00,2,2,0
2019-10-04 03:00:00,4,0,4
2019-10-04 04:00:00,0,0,0
2019-10-04 05:00:00,18,8,10
2019-10-04 06:00:00,72,29,43
2019-10-04 07:00:00,153,58,95
2019-10-04 08:00:00,232,101,131
2019-10-04 09:00:00,133,65,68
2019-10-04 10:00:00,83,52,31
2019-10-04 11:00:00,74,38,36
2019-10-04 12:00:00,118,58,60
2019-10-04 13:00:00,78,35,43
2019-10-04 14:00:00,105,72,33
2019-10-04 15:00:00,191,126,65
2019-10-04 16:00:00,359,236,123
2019-10-04 17:00:00,354,218,136
2019-10-04 18:00:00,133,85,48
2019-10-04 19:00:00,67,48,19
2019-10-04 20:00:00,29,20,9
2019-10-04 21:00:00,31,19,12
2019-10-04 22:00:00,8,6,2
2019-10-04 23:00:00,22,16,6
2019-10-05 00:00:00,8,2,6
2019-10-05 01:00:00,12,8,4
2019-10-05 02:00:00,21,3,18
2019-10-05 03:00:00,0,0,0
2019-10-05 04:00:00,3,3,0
2019-10-05 05:00:00,0,0,0
2019-10-05 06:00:00,5,0,5
2019-10-05 07:00:00,17,9,8
2019-10-05 08:00:00,23,5,18
2019-10-05 09:00:00,31,19,12
2019-10-05 10:00:00,27,18,9
2019-10-05 11:00:00,50,34,16
2019-10-05 12:00:00,71,40,31
2019-10-05 13:00:00,57,30,27
2019-10-05 14:00:00,83,51,32
2019-10-05 15:00:00,91,47,44
2019-10-05 16:00:00,60,26,34
2019-10-05 17:00:00,49,23,26
2019-10-05 18:00:00,41,25,16
2019-10-05 19:00:00,47,31,16
2019-10-05 20:00:00,23,14,9
2019-10-05 21:00:00,9,8,1
2019-10-05 22:00:00,44,28,16
2019-10-05 23:00:00,11,6,5
2019-10-06 00:00:00,8,0,8
2019-10-06 01:00:00,10,4,6
2019-10-06 02:00:00,1,1,0
2019-10-06 03:00:00,9,7,2
2019-10-06 04:00:00,2,0,2
2019-10-06 05:00:00,4,4,0
2019-10-06 06:00:00,10,5,5
2019-10-06 07:00:00,9,7,2
2019-10-06 08:00:00,15,3,12
2019-10-06 09:00:00,25,19,6
2019-10-06 10:00:00,47,29,18
2019-10-06 11:00:00,103,83,20
2019-10-06 12:00:00,164,145,19
2019-10-06 13:00:00,99,72,27
2019-10-06 14:00:00,76,31,45
2019-10-06 15:00:00,191,44,147
2019-10-06 16:00:00,135,52,83
2019-10-06 17:00:00,79,34,45
2019-10-06 18:00:00,75,36,39
2019-10-06 19:00:00,42,21,21
2019-10-06 20:00:00,28,16,12
2019-10-06 21:00:00,15,9,6
2019-10-06 22:00:00,8,6,2
2019-10-06 23:00:00,9,4,5
2019-10-07 00:00:00,9,4,5
2019-10-07 01:00:00,0,0,0
2019-10-07 02:00:00,5,2,3
2019-10-07 03:00:00,7,5,2
2019-10-07 04:00:00,4,0,4
2019-10-07 05:00:00,26,10,16
2019-10-07 06:00:00,81,32,49
2019-10-07 07:00:00,171,80,91
2019-10-07 08:00:00,335,160,175
2019-10-07 09:00:00,159,89,70
2019-10-07 10:00:00,64,34,30
2019-10-07 11:00:00,67,20,47
2019-10-07 12:00:00,72,34,38
2019-10-07 13:00:00,55,34,21
2019-10-07 14:00:00,78,45,33
2019-10-07 15:00:00,138,84,54
2019-10-07 16:00:00,355,227,128
2019-10-07 17:00:00,430,284,146
2019-10-07 18:00:00,154,96,58
2019-10-07 19:00:00,69,32,37
2019-10-07 20:00:00,26,15,11
2019-10-07 21:00:00,18,7,11
2019-10-07 22:00:00,12,6,6
2019-10-07 23:00:00,6,5,1
2019-10-08 00:00:00,3,1,2
2019-10-08 01:00:00,10,3,7
2019-10-08 02:00:00,2,0,2
2019-10-08 03:00:00,4,2,2
2019-10-08 04:00:00,6,2,4
2019-10-08 05:00:00,32,16,16
2019-10-08 06:00:00,82,26,56
2019-10-08 07:00:00,171,74,97
2019-10-08 08:00:00,301,132,169
2019-10-08 09:00:00,178,94,84
2019-10-08 10:00:00,68,32,36
2019-10-08 11:00:00,55,32,23
2019-10-08 12:00:00,44,26,18
2019-10-08 13:00:00,52,32,20
2019-10-08 14:00:00,53,35,18
2019-10-08 15:00:00,120,82,38
2019-10-08 16:00:00,319,221,98
2019-10-08 17:00:00,394,257,137
2019-10-08 18:00:00,166,107,59
2019-10-08 19:00:00,74,51,23
2019-10-08 20:00:00,28,17,11
2019-10-08 21:00:00,14,9,5
2019-10-08 22:00:00,15,7,8
2019-10-08 23:00:00,7,3,4
2019-10-09 00:00:00,3,0,3
2019-10-09 01:00:00,0,0,0
2019-10-09 02:00:00,2,0,2
2019-10-09 03:00:00,0,0,0
2019-10-09 04:00:00,5,2,3
2019-10-09 05:00:00,28,12,16
2019-10-09 06:00:00,74,34,40
2019-10-09 07:00:00,179,90,89
2019-10-09 08:00:00,343,170,173
2019-10-09 09:00:00,179,99,80
2019-10-09 10:00:00,84,49,35
2019-10-09 11:00:00,93,52,41
2019-10-09 12:00:00,97,59,38
2019-10-09 13:00:00,90,59,31
2019-10-09 14:00:00,102,60,42
2019-10-09 15:00:00,172,109,63
2019-10-09 16:00:00,342,223,119
2019-10-09 17:00:00,484,298,186
2019-10-09 18:00:00,223,145,78
2019-10-09 19:00:00,59,32,27
2019-10-09 20:00:00,59,24,35
2019-10-09 21:00:00,30,23,7
2019-10-09 22:00:00,25,13,12
2019-10-09 23:00:00,10,7,3
2019-10-10 00:00:00,4,0,4
2019-10-10 01:00:00,4,0,4
2019-10-10 02:00:00,0,0,0
2019-10-10 03:00:00,4,0,4
2019-10-10 04:00:00,4,2,2
2019-10-10 05:00:00,20,14,6
2019-10-10 06:00:00,89,34,55
2019-10-10 07:00:00,184,79,105
2019-10-10 08:00:00,317,160,157
2019-10-10 09:00:00,152,73,79
2019-10-10 10:00:00,76,44,32
2019-10-10 11:00:00,71,38,33
2019-10-10 12:00:00,90,35,55
2019-10-10 13:00:00,100,63,37
2019-10-10 14:00:00,94,63,31
2019-10-10 15:00:00,157,107,50
2019-10-10 16:00:00,367,263,104
2019-10-10 17:00:00,470,313,157
2019-10-10 18:00:00,189,128,61
2019-10-10 19:00:00,77,45,32
2019-10-10 20:00:00,61,30,31
2019-10-10 21:00:00,39,18,21
2019-10-10 22:00:00,12,6,6
2019-10-10 23:00:00,11,6,5
2019-10-11 00:00:00,7,2,5
2019-10-11 01:00:00,7,5,2
2019-10-11 02:00:00,9,6,3
2019-10-11 03:00:00,4,2,2
2019-10-11 04:00:00,4,2,2
2019-10-11 05:00:00,22,8,14
2019-10-11 06:00:00,54,24,30
2019-10-11 07:00:00,149,70,79
2019-10-11 08:00:00,267,128,139
2019-10-11 09:00:00,152,95,57
2019-10-11 10:00:00,72,45,27
2019-10-11 11:00:00,85,42,43
2019-10-11 12:00:00,84,43,41
2019-10-11 13:00:00,104,56,48
2019-10-11 14:00:00,129,71,58
2019-10-11 15:00:00,173,118,55
2019-10-11 16:00:00,312,199,113
2019-10-11 17:00:00,338,203,135
2019-10-11 18:00:00,144,73,71
2019-10-11 19:00:00,61,27,34
2019-10-11 20:00:00,17,13,4
2019-10-11 21:00:00,22,16,6
2019-10-11 22:00:00,19,9,10
2019-10-11 23:00:00,24,10,14
2019-10-12 00:00:00,25,21,4
2019-10-12 01:00:00,9,4,5
2019-10-12 02:00:00,2,2,0
2019-10-12 03:00:00,0,0,0
2019-10-12 04:00:00,1,1,0
2019-10-12 05:00:00,10,4,6
2019-10-12 06:00:00,4,4,0
2019-10-12 07:00:00,20,8,12
2019-10-12 08:00:00,26,15,11
2019-10-12 09:00:00,36,20,16
2019-10-12 10:00:00,41,27,14
2019-10-12 11:00:00,60,32,28
2019-10-12 12:00:00,68,47,21
2019-10-12 13:00:00,103,64,39
2019-10-12 14:00:00,119,63,56
2019-10-12 15:00:00,62,38,24
2019-10-12 16:00:00,82,39,43
2019-10-12 17:00:00,80,33,47
2019-10-12 18:00:00,57,36,21
2019-10-12 19:00:00,33,16,17
2019-10-12 20:00:00,41,23,18
2019-10-12 21:00:00,13,10,3
2019-10-12 22:00:00,28,18,10
2019-10-12 23:00:00,20,13,7
2019-10-13 00:00:00,32,17,15
2019-10-13 01:00:00,13,7,6
2019-10-13 02:00:00,5,4,1
2019-10-13 03:00:00,0,0,0
2019-10-13 04:00:00,1,0,1
2019-10-13 05:00:00,4,2,2
2019-10-13 06:00:00,3,2,1
2019-10-13 07:00:00,12,6,6
2019-10-13 08:00:00,14,7,7
2019-10-13 09:00:00,29,20,9
2019-10-13 10:00:00,50,36,14
2019-10-13 11:00:00,37,31,6
2019-10-13 12:00:00,64,34,30
2019-10-13 13:00:00,80,31,49
2019-10-13 14:00:00,75,45,30
2019-10-13 15:00:00,45,23,22
2019-10-13 16:00:00,77,45,32
2019-10-13 17:00:00,71,38,33
2019-10-13 18:00:00,39,21,18
2019-10-13 19:00:00,39,10,29
2019-10-13 20:00:00,16,9,7
2019-10-13 21:00:00,15,11,4
2019-10-13 22:00:00,22,10,12
2019-10-13 23:00:00,6,2,4
2019-10-14 00:00:00,2,2,0
2019-10-14 01:00:00,3,2,1
2019-10-14 02:00:00,6,6,0
2019-10-14 03:00:00,4,0,4
2019-10-14 04:00:00,4,2,2
2019-10-14 05:00:00,32,8,24
2019-10-14 06:00:00,54,21,33
2019-10-14 07:00:00,225,104,121
2019-10-14 08:00:00,369,173,196
2019-10-14 09:00:00,217,116,101
2019-10-14 10:00:00,63,25,38
2019-10-14 11:00:00,67,25,42
2019-10-14 12:00:00,82,44,38
2019-10-14 13:00:00,80,42,38
2019-10-14 14:00:00,107,62,45
2019-10-14 15:00:00,125,90,35
2019-10-14 16:00:00,373,266,107
2019-10-14 17:00:00,435,285,150
2019-10-14 18:00:00,204,124,80
2019-10-14 19:00:00,66,43,23
2019-10-14 20:00:00,42,22,20
2019-10-14 21:00:00,28,20,8
2019-10-14 22:00:00,18,10,8
2019-10-14 23:00:00,4,4,0
2019-10-15 00:00:00,3,1,2
2019-10-15 01:00:00,6,6,0
2019-10-15 02:00:00,4,1,3
2019-10-15 03:00:00,0,0,0
2019-10-15 04:00:00,0,0,0
2019-10-15 05:00:00,42,12,30
2019-10-15 06:00:00,106,43,63
2019-10-15 07:00:00,235,106,129
2019-10-15 08:00:00,314,149,165
2019-10-15 09:00:00,200,108,92
2019-10-15 10:00:00,73,48,25
2019-10-15 11:00:00,75,33,42
2019-10-15 12:00:00,68,37,31
2019-10-15 13:00:00,99,62,37
2019-10-15 14:00:00,80,45,35
2019-10-15 15:00:00,200,144,56
2019-10-15 16:00:00,386,245,141
2019-10-15 17:00:00,474,302,172
2019-10-15 18:00:00,220,139,81
2019-10-15 19:00:00,65,43,22
2019-10-15 20:00:00,47,23,24
2019-10-15 21:00:00,23,11,12
2019-10-15 22:00:00,25,13,12
2019-10-15 23:00:00,13,5,8
2019-10-16 00:00:00,2,0,2
2019-10-16 01:00:00,0,0,0
2019-10-16 02:00:00,4,0,4
2019-10-16 03:00:00,2,0,2
2019-10-16 04:00:00,4,2,2
2019-10-16 05:00:00,30,10,20
2019-10-16 06:00:00,49,19,30
2019-10-16 07:00:00,131,56,75
2019-10-16 08:00:00,209,95,114
2019-10-16 09:00:00,93,51,42
2019-10-16 10:00:00,43,17,26
2019-10-16 11:00:00,63,40,23
2019-10-16 12:00:00,71,26,45
2019-10-16 13:00:00,55,27,28
2019-10-16 14:00:00,76,33,43
2019-10-16 15:00:00,116,80,36
2019-10-16 16:00:00,285,180,105
2019-10-16 17:00:00,268,174,94
2019-10-16 18:00:00,116,78,38
2019-10-16 19:00:00,35,23,12
2019-10-16 20:00:00,38,22,16
2019-10-16 21:00:00,16,9,7
2019-10-16 22:00:00,15,10,5
2019-10-16 23:00:00,9,6,3
2019-10-17 00:00:00,7,2,5
2019-10-17 01:00:00,2,0,2
2019-10-17 02:00:00,5,3,2
2019-10-17 03:00:00,2,0,2
2019-10-17 04:00:00,5,4,1
2019-10-17 05:00:00,20,10,10
2019-10-17 06:00:00,53,18,35
2019-10-17 07:00:00,120,50,70
2019-10-17 08:00:00,190,102,88
2019-10-17 09:00:00,111,54,57
2019-10-17 10:00:00,61,28,33
2019-10-17 11:00:00,61,36,25
2019-10-17 12:00:00,67,41,26
2019-10-17 13:00:00,56,36,20
2019-10-17 14:00:00,62,37,25
2019-10-17 15:00:00,111,71,40
2019-10-17 16:00:00,280,179,101
2019-10-17 17:00:00,309,194,115
2019-10-17 18:00:00,148,111,37
2019-10-17 19:00:00,39,20,19
2019-10-17 20:00:00,42,20,22
2019-10-17 21:00:00,35,26,9
2019-10-17 22:00:00,21,12,9
2019-10-17 23:00:00,12,4,8
2019-10-18 00:00:00,7,4,3
2019-10-18 01:00:00,4,0,4
2019-10-18 02:00:00,2,2,0
2019-10-18 03:00:00,2,0,2
2019-10-18 04:00:00,2,2,0
2019-10-18 05:00:00,16,2,14
2019-10-18 06:00:00,83,40,43
2019-10-18 07:00:00,121,55,66
2019-10-18 08:00:00,182,98,84
2019-10-18 09:00:00,120,65,55
2019-10-18 10:00:00,54,29,25
2019-10-18 11:00:00,51,22,29
2019-10-18 12:00:00,63,40,23
2019-10-18 13:00:00,64,36,28
2019-10-18 14:00:00,77,42,35
2019-10-18 15:00:00,154,93,61
2019-10-18 16:00:00,222,158,64
2019-10-18 17:00:00,212,148,64
2019-10-18 18:00:00,91,62,29
2019-10-18 19:00:00,32,19,13
2019-10-18 20:00:00,20,13,7
2019-10-18 21:00:00,12,10,2
2019-10-18 22:00:00,24,10,14
2019-10-18 23:00:00,8,3,5
2019-10-19 00:00:00,8,3,5
2019-10-19 01:00:00,4,2,2
2019-10-19 02:00:00,2,2,0
2019-10-19 03:00:00,0,0,0
2019-10-19 04:00:00,0,0,0
2019-10-19 05:00:00,10,6,4
2019-10-19 06:00:00,6,6,0
2019-10-19 07:00:00,5,4,1
2019-10-19 08:00:00,15,4,11
2019-10-19 09:00:00,17,11,6
2019-10-19 10:00:00,19,16,3
2019-10-19 11:00:00,50,46,4
2019-10-19 12:00:00,37,29,8
2019-10-19 13:00:00,22,9,13
2019-10-19 14:00:00,46,25,21
2019-10-19 15:00:00,74,16,58
2019-10-19 16:00:00,60,22,38
2019-10-19 17:00:00,59,33,26
2019-10-19 18:00:00,36,18,18
2019-10-19 19:00:00,44,33,11
2019-10-19 20:00:00,35,33,2
2019-10-19 21:00:00,25,14,11
2019-10-19 22:00:00,26,18,8
2019-10-19 23:00:00,30,4,26
2019-10-20 00:00:00,25,12,13
2019-10-20 01:00:00,16,7,9
2019-10-20 02:00:00,9,6,3
2019-10-20 03:00:00,2,0,2
2019-10-20 04:00:00,6,2,4
2019-10-20 05:00:00,4,2,2
2019-10-20 06:00:00,14,10,4
2019-10-20 07:00:00,12,10,2
2019-10-20 08:00:00,20,10,10
2019-10-20 09:00:00,32,26,6
2019-10-20 10:00:00,31,19,12
2019-10-20 11:00:00,71,57,14
2019-10-20 12:00:00,83,75,8
2019-10-20 13:00:00,50,35,15
2019-10-20 14:00:00,26,18,8
2019-10-20 15:00:00,11,2,9
2019-10-20 16:00:00,108,12,96
2019-10-20 17:00:00,80,41,39
2019-10-20 18:00:00,24,5,19
2019-10-20 19:00:00,10,5,5
2019-10-20 20:00:00,22,10,12
2019-10-20 21:00:00,14,9,5
2019-10-20 22:00:00,8,5,3
2019-10-20 23:00:00,8,0,8
2019-10-21 00:00:00,12,9,3
2019-10-21 01:00:00,2,2,0
2019-10-21 02:00:00,4,0,4
2019-10-21 03:00:00,0,0,0
2019-10-21 04:00:00,4,4,0
2019-10-21 05:00:00,26,10,16
2019-10-21 06:00:00,70,28,42
2019-10-21 07:00:00,139,62,77
2019-10-21 08:00:00,242,122,120
2019-10-21 09:00:00,109,60,49
2019-10-21 10:00:00,45,23,22
2019-10-21 11:00:00,61,32,29
2019-10-21 12:00:00,64,37,27
2019-10-21 13:00:00,73,41,32
2019-10-21 14:00:00,63,34,29
2019-10-21 15:00:00,109,74,35
2019-10-21 16:00:00,253,178,75
2019-10-21 17:00:00,332,205,127
2019-10-21 18:00:00,111,67,44
2019-10-21 19:00:00,34,20,14
2019-10-21 20:00:00,18,12,6
2019-10-21 21:00:00,10,8,2
2019-10-21 22:00:00,13,9,4
2019-10-21 23:00:00,10,6,4
2019-10-22 00:00:00,4,4,0
2019-10-22 01:00:00,4,2,2
2019-10-22 02:00:00,0,0,0
2019-10-22 03:00:00,0,0,0
2019-10-22 04:00:00,4,2,2
2019-10-22 05:00:00,20,2,18
2019-10-22 06:00:00,58,22,36
2019-10-22 07:00:00,169,73,96
2019-10-22 08:00:00,230,119,111
2019-10-22 09:00:00,170,78,92
2019-10-22 10:00:00,49,25,24
2019-10-22 11:00:00,56,29,27
2019-10-22 12:00:00,54,34,20
2019-10-22 13:00:00,68,36,32
2019-10-22 14:00:00,70,43,27
2019-10-22 15:00:00,104,72,32
2019-10-22 16:00:00,325,221,104
2019-10-22 17:00:00,343,236,107
2019-10-22 18:00:00,163,94,69
2019-10-22 19:00:00,42,19,23
2019-10-22 20:00:00,29,20,9
2019-10-22 21:00:00,18,17,1
2019-10-22 22:00:00,21,11,10
2019-10-22 23:00:00,11,9,2
2019-10-23 00:00:00,2,2,0
2019-10-23 01:00:00,0,0,0
2019-10-23 02:00:00,0,0,0
2019-10-23 03:00:00,2,2,0
2019-10-23 04:00:00,5,0,5
2019-10-23 05:00:00,34,10,24
2019-10-23 06:00:00,66,28,38
2019-10-23 07:00:00,196,79,117
2019-10-23 08:00:00,348,196,152
2019-10-23 09:00:00,201,109,92
2019-10-23 10:00:00,71,37,34
2019-10-23 11:00:00,69,31,38
2019-10-23 12:00:00,123,63,60
2019-10-23 13:00:00,96,53,43
2019-10-23 14:00:00,86,47,39
2019-10-23 15:00:00,169,120,49
2019-10-23 16:00:00,351,228,123
2019-10-23 17:00:00,522,353,169
2019-10-23 18:00:00,308,220,88
2019-10-23 19:00:00,62,42,20
2019-10-23 20:00:00,52,29,23
2019-10-23 21:00:00,186,18,168
2019-10-23 22:00:00,28,18,10
2019-10-23 23:00:00,16,6,10
2019-10-24 00:00:00,5,3,2
2019-10-24 01:00:00,1,0,1
2019-10-24 02:00:00,7,3,4
2019-10-24 03:00:00,6,4,2
2019-10-24 04:00:00,10,8,2
2019-10-24 05:00:00,24,8,16
2019-10-24 06:00:00,76,27,49
2019-10-24 07:00:00,220,91,129
2019-10-24 08:00:00,311,160,151
2019-10-24 09:00:00,169,88,81
2019-10-24 10:00:00,99,47,52
2019-10-24 11:00:00,80,34,46
2019-10-24 12:00:00,94,39,55
2019-10-24 13:00:00,80,58,22
2019-10-24 14:00:00,92,56,36
2019-10-24 15:00:00,169,108,61
2019-10-24 16:00:00,362,260,102
2019-10-24 17:00:00,429,261,168
2019-10-24 18:00:00,153,90,63
2019-10-24 19:00:00,84,40,44
2019-10-24 20:00:00,53,22,31
2019-10-24 21:00:00,31,14,17
2019-10-24 22:00:00,35,18,17
2019-10-24 23:00:00,13,9,4
2019-10-25 00:00:00,4,3,1
2019-10-25 01:00:00,4,3,1
2019-10-25 02:00:00,3,3,0
2019-10-25 03:00:00,0,0,0
2019-10-25 04:00:00,0,0,0
2019-10-25 05:00:00,30,4,26
2019-10-25 06:00:00,72,25,47
2019-10-25 07:00:00,180,82,98
2019-10-25 08:00:00,253,117,136
2019-10-25 09:00:00,151,80,71
2019-10-25 10:00:00,75,50,25
2019-10-25 11:00:00,68,30,38
2019-10-25 12:00:00,36,23,13
2019-10-25 13:00:00,65,39,26
2019-10-25 14:00:00,69,42,27
2019-10-25 15:00:00,151,111,40
2019-10-25 16:00:00,296,188,108
2019-10-25 17:00:00,299,184,115
2019-10-25 18:00:00,151,90,61
2019-10-25 19:00:00,60,28,32
2019-10-25 20:00:00,41,18,23
2019-10-25 21:00:00,30,21,9
2019-10-25 22:00:00,7,3,4
2019-10-25 23:00:00,16,12,4
2019-10-26 00:00:00,13,9,4
2019-10-26 01:00:00,18,4,14
2019-10-26 02:00:00,16,4,12
2019-10-26 03:00:00,0,0,0
2019-10-26 04:00:00,5,3,2
2019-10-26 05:00:00,10,6,4
2019-10-26 06:00:00,7,3,4
2019-10-26 07:00:00,21,14,7
2019-10-26 08:00:00,20,8,12
2019-10-26 09:00:00,17,8,9
2019-10-26 10:00:00,27,22,5
2019-10-26 11:00:00,61,31,30
2019-10-26 12:00:00,63,28,35
2019-10-26 13:00:00,43,25,18
2019-10-26 14:00:00,62,45,17
2019-10-26 15:00:00,64,26,38
2019-10-26 16:00:00,58,39,19
2019-10-26 17:00:00,50,21,29
2019-10-26 18:00:00,51,29,22
2019-10-26 19:00:00,33,21,12
2019-10-26 20:00:00,33,20,13
2019-10-26 21:00:00,22,20,2
2019-10-26 22:00:00,10,8,2
2019-10-26 23:00:00,23,13,10
2019-10-27 00:00:00,12,8,4
2019-10-27 01:00:00,13,7,6
2019-10-27 02:00:00,20,11,9
2019-10-27 03:00:00,6,2,4
2019-10-27 04:00:00,5,3,2
2019-10-27 05:00:00,4,4,0
2019-10-27 06:00:00,4,0,4
2019-10-27 07:00:00,14,8,6
2019-10-27 08:00:00,21,11,10
2019-10-27 09:00:00,22,12,10
2019-10-27 10:00:00,28,23,5
2019-10-27 11:00:00,35,21,14
2019-10-27 12:00:00,40,16,24
2019-10-27 13:00:00,74,49,25
2019-10-27 14:00:00,65,38,27
2019-10-27 15:00:00,63,25,38
2019-10-27 16:00:00,66,49,17
2019-10-27 17:00:00,63,35,28
2019-10-27 18:00:00,48,19,29
2019-10-27 19:00:00,30,15,15
2019-10-27 20:00:00,19,10,9
2019-10-27 21:00:00,4,3,1
2019-10-27 22:00:00,21,4,17
2019-10-27 23:00:00,6,6,0
2019-10-28 00:00:00,4,4,0
2019-10-28 01:00:00,3,3,0
2019-10-28 02:00:00,0,0,0
2019-10-28 03:00:00,0,0,0
2019-10-28 04:00:00,4,0,4
2019-10-28 05:00:00,28,10,18
2019-10-28 06:00:00,80,28,52
2019-10-28 07:00:00,223,97,126
2019-10-28 08:00:00,313,175,138
2019-10-28 09:00:00,158,72,86
2019-10-28 10:00:00,80,42,38
2019-10-28 11:00:00,41,19,22
2019-10-28 12:00:00,72,49,23
2019-10-28 13:00:00,62,32,30
2019-10-28 14:00:00,75,53,22
2019-10-28 15:00:00,156,104,52
2019-10-28 16:00:00,356,236,120
2019-10-28 17:00:00,439,248,191
2019-10-28 18:00:00,161,100,61
2019-10-28 19:00:00,85,41,44
2019-10-28 20:00:00,29,20,9
2019-10-28 21:00:00,24,12,12
2019-10-28 22:00:00,7,5,2
2019-10-28 23:00:00,4,4,0
2019-10-29 00:00:00,6,2,4
2019-10-29 01:00:00,4,0,4
2019-10-29 02:00:00,2,0,2
2019-10-29 03:00:00,3,2,1
2019-10-29 04:00:00,0,0,0
2019-10-29 05:00:00,38,14,24
2019-10-29 06:00:00,69,35,34
2019-10-29 07:00:00,195,80,115
2019-10-29 08:00:00,321,160,161
2019-10-29 09:00:00,176,90,86
2019-10-29 10:00:00,57,31,26
2019-10-29 11:00:00,78,40,38
2019-10-29 12:00:00,64,36,28
2019-10-29 13:00:00,93,49,44
2019-10-29 14:00:00,84,61,23
2019-10-29 15:00:00,154,99,55
2019-10-29 16:00:00,324,223,101
2019-10-29 17:00:00,487,318,169
2019-10-29 18:00:00,174,126,48
2019-10-29 19:00:00,64,27,37
2019-10-29 20:00:00,27,9,18
2019-10-29 21:00:00,30,11,19
2019-10-29 22:00:00,12,6,6
2019-10-29 23:00:00,21,8,13
2019-10-30 00:00:00,5,1,4
2019-10-30 01:00:00,5,1,4
2019-10-30 02:00:00,0,0,0
2019-10-30 03:00:00,0,0,0
2019-10-30 04:00:00,4,2,2
2019-10-30 05:00:00,35,12,23
2019-10-30 06:00:00,59,22,37
2019-10-30 07:00:00,160,54,106
2019-10-30 08:00:00,281,151,130
2019-10-30 09:00:00,150,74,76
2019-10-30 10:00:00,61,34,27
2019-10-30 11:00:00,84,46,38
2019-10-30 12:00:00,70,41,29
2019-10-30 13:00:00,56,38,18
2019-10-30 14:00:00,89,47,42
2019-10-30 15:00:00,126,85,41
2019-10-30 16:00:00,346,255,91
2019-10-30 17:00:00,416,269,147
2019-10-30 18:00:00,175,105,70
2019-10-30 19:00:00,50,23,27
2019-10-30 20:00:00,30,21,9
2019-10-30 21:00:00,24,11,13
2019-10-30 22:00:00,12,11,1
2019-10-30 23:00:00,9,6,3
2019-10-31 00:00:00,7,3,4
2019-10-31 01:00:00,1,0,1
2019-10-31 02:00:00,3,2,1
2019-10-31 03:00:00,4,2,2
2019-10-31 04:00:00,0,0,0
2019-10-31 05:00:00,29,6,23
2019-10-31 06:00:00,65,35,30
2019-10-31 07:00:00,152,58,94
2019-10-31 08:00:00,294,141,153
2019-10-31 09:00:00,133,66,67
2019-10-31 10:00:00,82,51,31
2019-10-31 11:00:00,67,30,37
2019-10-31 12:00:00,77,53,24
2019-10-31 13:00:00,80,43,37
2019-10-31 14:00:00,77,44,33
2019-10-31 15:00:00,178,125,53
2019-10-31 16:00:00,307,209,98
2019-10-31 17:00:00,334,214,120
2019-10-31 18:00:00,144,85,59
2019-10-31 19:00:00,60,27,33
2019-10-31 20:00:00,21,10,11
2019-10-31 21:00:00,21,12,9
2019-10-31 22:00:00,15,7,8
2019-10-31 23:00:00,12,7,5
2019-11-01 00:00:00,5,2,3
2019-11-01 01:00:00,4,1,3
2019-11-01 02:00:00,5,2,3
2019-11-01 03:00:00,1,0,1
2019-11-01 04:00:00,0,0,0
2019-11-01 05:00:00,12,2,10
2019-11-01 06:00:00,24,7,17
2019-11-01 07:00:00,81,35,46
2019-11-01 08:00:00,143,65,78
2019-11-01 09:00:00,90,45,45
2019-11-01 10:00:00,43,23,20
2019-11-01 11:00:00,41,21,20
2019-11-01 12:00:00,39,15,24
2019-11-01 13:00:00,36,22,14
2019-11-01 14:00:00,71,42,29
2019-11-01 15:00:00,117,86,31
2019-11-01 16:00:00,156,109,47
2019-11-01 17:00:00,192,126,66
2019-11-01 18:00:00,76,51,25
2019-11-01 19:00:00,37,23,14
2019-11-01 20:00:00,16,11,5
2019-11-01 21:00:00,14,8,6
2019-11-01 22:00:00,9,4,5
2019-11-01 23:00:00,3,0,3
2019-11-02 00:00:00,2,2,0
2019-11-02 01:00:00,2,2,0
2019-11-02 02:00:00,3,1,2
2019-11-02 03:00:00,0,0,0
2019-11-02 04:00:00,0,0,0
2019-11-02 05:00:00,7,4,3
2019-11-02 06:00:00,4,2,2
2019-11-02 07:00:00,42,22,20
2019-11-02 08:00:00,6,1,5
2019-11-02 09:00:00,15,9,6
2019-11-02 10:00:00,30,18,12
2019-11-02 11:00:00,26,15,11
2019-11-02 12:00:00,32,21,11
2019-11-02 13:00:00,36,15,21
2019-11-02 14:00:00,25,20,5
2019-11-02 15:00:00,43,26,17
2019-11-02 16:00:00,42,30,12
2019-11-02 17:00:00,40,22,18
2019-11-02 18:00:00,34,20,14
2019-11-02 19:00:00,24,17,7
2019-11-02 20:00:00,35,24,11
2019-11-02 21:00:00,15,10,5
2019-11-02 22:00:00,16,7,9
2019-11-02 23:00:00,18,5,13
2019-11-03 00:00:00,7,4,3
2019-11-03 01:00:00,14,11,3
2019-11-03 02:00:00,2,1,1
2019-11-03 03:00:00,2,2,0
2019-11-03 04:00:00,3,0,3
2019-11-03 05:00:00,3,1,2
2019-11-03 06:00:00,3,2,1
2019-11-03 07:00:00,2,2,0
2019-11-03 08:00:00,16,12,4
2019-11-03 09:00:00,20,12,8
2019-11-03 10:00:00,38,25,13
2019-11-03 11:00:00,77,69,8
2019-11-03 12:00:00,104,90,14
2019-11-03 13:00:00,38,22,16
2019-11-03 14:00:00,42,23,19
2019-11-03 15:00:00,42,16,26
2019-11-03 16:00:00,102,21,81
2019-11-03 17:00:00,102,29,73
2019-11-03 18:00:00,31,9,22
2019-11-03 19:00:00,28,9,19
2019-11-03 20:00:00,18,8,10
2019-11-03 21:00:00,8,4,4
2019-11-03 22:00:00,10,5,5
2019-11-03 23:00:00,4,2,2
2019-11-04 00:00:00,2,2,0
2019-11-04 01:00:00,2,2,0
2019-11-04 02:00:00,1,0,1
2019-11-04 03:00:00,0,0,0
2019-11-04 04:00:00,0,0,0
2019-11-04 05:00:00,0,0,0
2019-11-04 06:00:00,62,22,40
2019-11-04 07:00:00,132,57,75
2019-11-04 08:00:00,203,104,99
2019-11-04 09:00:00,88,50,38
2019-11-04 10:00:00,40,27,13
2019-11-04 11:00:00,42,18,24
2019-11-04 12:00:00,39,24,15
2019-11-04 13:00:00,31,15,16
2019-11-04 14:00:00,39,28,11
2019-11-04 15:00:00,100,72,28
2019-11-04 16:00:00,190,127,63
2019-11-04 17:00:00,265,157,108
2019-11-04 18:00:00,98,66,32
2019-11-04 19:00:00,39,24,15
2019-11-04 20:00:00,13,8,5
2019-11-04 21:00:00,9,3,6
2019-11-04 22:00:00,9,4,5
2019-11-04 23:00:00,3,3,0
2019-11-05 00:00:00,7,3,4
2019-11-05 01:00:00,2,2,0
2019-11-05 02:00:00,2,2,0
2019-11-05 03:00:00,0,0,0
2019-11-05 04:00:00,1,0,1
2019-11-05 05:00:00,10,2,8
2019-11-05 06:00:00,55,17,38
2019-11-05 07:00:00,129,57,72
2019-11-05 08:00:00,206,108,98
2019-11-05 09:00:00,86,43,43
2019-11-05 10:00:00,24,16,8
2019-11-05 11:00:00,53,31,22
2019-11-05 12:00:00,60,33,27
2019-11-05 13:00:00,44,20,24
2019-11-05 14:00:00,54,36,18
2019-11-05 15:00:00,100,65,35
2019-11-05 16:00:00,184,115,69
2019-11-05 17:00:00,255,161,94
2019-11-05 18:00:00,79,49,30
2019-11-05 19:00:00,37,18,19
2019-11-05 20:00:00,20,11,9
2019-11-05 21:00:00,15,9,6
2019-11-05 22:00:00,15,5,10
2019-11-05 23:00:00,7,6,1
2019-11-06 00:00:00,3,2,1
2019-11-06 01:00:00,1,1,0
2019-11-06 02:00:00,0,0,0
2019-11-06 03:00:00,0,0,0
2019-11-06 04:00:00,2,1,1
2019-11-06 05:00:00,15,3,12
2019-11-06 06:00:00,38,14,24
2019-11-06 07:00:00,123,54,69
2019-11-06 08:00:00,178,78,100
2019-11-06 09:00:00,95,56,39
2019-11-06 10:00:00,52,29,23
2019-11-06 11:00:00,69,42,27
2019-11-06 12:00:00,50,26,24
2019-11-06 13:00:00,60,25,35
2019-11-06 14:00:00,54,30,24
2019-11-06 15:00:00,98,74,24
2019-11-06 16:00:00,191,130,61
2019-11-06 17:00:00,241,153,88
2019-11-06 18:00:00,99,60,39
2019-11-06 19:00:00,37,15,22
2019-11-06 20:00:00,30,16,14
2019-11-06 21:00:00,21,12,9
2019-11-06 22:00:00,10,4,6
2019-11-06 23:00:00,4,2,2
2019-11-07 00:00:00,4,0,4
2019-11-07 01:00:00,4,3,1
2019-11-07 02:00:00,0,0,0
2019-11-07 03:00:00,1,0,1
2019-11-07 04:00:00,2,2,0
2019-11-07 05:00:00,16,5,11
2019-11-07 06:00:00,43,17,26
2019-11-07 07:00:00,118,46,72
2019-11-07 08:00:00,178,92,86
2019-11-07 09:00:00,106,61,45
2019-11-07 10:00:00,43,22,21
2019-11-07 11:00:00,68,36,32
2019-11-07 12:00:00,56,31,25
2019-11-07 13:00:00,48,24,24
2019-11-07 14:00:00,47,31,16
2019-11-07 15:00:00,108,68,40
2019-11-07 16:00:00,195,135,60
2019-11-07 17:00:00,263,164,99
2019-11-07 18:00:00,129,82,47
2019-11-07 19:00:00,32,10,22
2019-11-07 20:00:00,22,12,10
2019-11-07 21:00:00,16,9,7
2019-11-07 22:00:00,11,6,5
2019-11-07 23:00:00,6,1,5
2019-11-08 00:00:00,4,2,2
2019-11-08 01:00:00,10,2,8
2019-11-08 02:00:00,0,0,0
2019-11-08 03:00:00,1,0,1
2019-11-08 04:00:00,1,1,0
2019-11-08 05:00:00,19,6,13
2019-11-08 06:00:00,32,12,20
2019-11-08 07:00:00,83,32,51
2019-11-08 08:00:00,153,69,84
2019-11-08 09:00:00,67,35,32
2019-11-08 10:00:00,49,27,22
2019-11-08 11:00:00,46,29,17
2019-11-08 12:00:00,43,22,21
2019-11-08 13:00:00,49,26,23
2019-11-08 14:00:00,63,39,24
2019-11-08 15:00:00,99,69,30
2019-11-08 16:00:00,170,109,61
2019-11-08 17:00:00,178,106,72
2019-11-08 18:00:00,86,51,35
2019-11-08 19:00:00,21,12,9
2019-11-08 20:00:00,21,10,11
2019-11-08 21:00:00,11,6,5
2019-11-08 22:00:00,12,5,7
2019-11-08 23:00:00,11,8,3
2019-11-09 00:00:00,7,4,3
2019-11-09 01:00:00,8,4,4
2019-11-09 02:00:00,9,0,9
2019-11-09 03:00:00,0,0,0
2019-11-09 04:00:00,1,0,1
2019-11-09 05:00:00,4,2,2
2019-11-09 06:00:00,5,5,0
2019-11-09 07:00:00,4,2,2
2019-11-09 08:00:00,13,8,5
2019-11-09 09:00:00,12,7,5
2019-11-09 10:00:00,17,13,4
2019-11-09 11:00:00,14,10,4
2019-11-09 12:00:00,17,8,9
2019-11-09 13:00:00,23,11,12
2019-11-09 14:00:00,23,9,14
2019-11-09 15:00:00,15,7,8
2019-11-09 16:00:00,23,12,11
2019-11-09 17:00:00,17,10,7
2019-11-09 18:00:00,26,21,5
2019-11-09 19:00:00,16,6,10
2019-11-09 20:00:00,8,5,3
2019-11-09 21:00:00,7,1,6
2019-11-09 22:00:00,2,2,0
2019-11-09 23:00:00,6,2,4
2019-11-10 00:00:00,4,2,2
2019-11-10 01:00:00,5,2,3
2019-11-10 02:00:00,8,2,6
2019-11-10 03:00:00,2,1,1
2019-11-10 04:00:00,0,0,0
2019-11-10 05:00:00,2,2,0
2019-11-10 06:00:00,3,2,1
2019-11-10 07:00:00,8,5,3
2019-11-10 08:00:00,27,23,4
2019-11-10 09:00:00,59,55,4
2019-11-10 10:00:00,157,137,20
2019-11-10 11:00:00,91,75,16
2019-11-10 12:00:00,47,36,11
2019-11-10 13:00:00,52,26,26
2019-11-10 14:00:00,169,27,142
2019-11-10 15:00:00,94,16,78
2019-11-10 16:00:00,73,15,58
2019-11-10 17:00:00,42,17,25
2019-11-10 18:00:00,25,11,14
2019-11-10 19:00:00,11,6,5
2019-11-10 20:00:00,11,5,6
2019-11-10 21:00:00,7,3,4
2019-11-10 22:00:00,6,4,2
2019-11-10 23:00:00,7,4,3
2019-11-11 00:00:00,2,1,1
2019-11-11 01:00:00,4,3,1
2019-11-11 02:00:00,0,0,0
2019-11-11 03:00:00,2,0,2
2019-11-11 04:00:00,2,2,0
2019-11-11 05:00:00,11,5,6
2019-11-11 06:00:00,31,12,19
2019-11-11 07:00:00,81,38,43
2019-11-11 08:00:00,135,56,79
2019-11-11 09:00:00,73,40,33
2019-11-11 10:00:00,24,15,9
2019-11-11 11:00:00,34,15,19
2019-11-11 12:00:00,53,33,20
2019-11-11 13:00:00,44,19,25
2019-11-11 14:00:00,46,28,18
2019-11-11 15:00:00,77,52,25
2019-11-11 16:00:00,125,71,54
2019-11-11 17:00:00,171,115,56
2019-11-11 18:00:00,69,45,24
2019-11-11 19:00:00,39,21,18
2019-11-11 20:00:00,14,7,7
2019-11-11 21:00:00,21,6,15
2019-11-11 22:00:00,6,4,2
2019-11-11 23:00:00,3,3,0
2019-11-12 00:00:00,4,4,0
2019-11-12 01:00:00,1,1,0
2019-11-12 02:00:00,0,0,0
2019-11-12 03:00:00,1,0,1
2019-11-12 04:00:00,0,0,0
2019-11-12 05:00:00,11,3,8
2019-11-12 06:00:00,38,12,26
2019-11-12 07:00:00,85,31,54
2019-11-12 08:00:00,124,63,61
2019-11-12 09:00:00,68,38,30
2019-11-12 10:00:00,27,13,14
2019-11-12 11:00:00,44,15,29
2019-11-12 12:00:00,51,27,24
2019-11-12 13:00:00,51,26,25
2019-11-12 14:00:00,51,35,16
2019-11-12 15:00:00,68,54,14
2019-11-12 16:00:00,141,90,51
2019-11-12 17:00:00,212,132,80
2019-11-12 18:00:00,82,54,28
2019-11-12 19:00:00,38,22,16
2019-11-12 20:00:00,26,17,9
2019-11-12 21:00:00,13,9,4
2019-11-12 22:00:00,11,9,2
2019-11-12 23:00:00,3,1,2
2019-11-13 00:00:00,4,2,2
2019-11-13 01:00:00,1,1,0
2019-11-13 02:00:00,1,0,1
2019-11-13 03:00:00,1,0,1
2019-11-13 04:00:00,1,1,0
2019-11-13 05:00:00,15,3,12
2019-11-13 06:00:00,51,20,31
2019-11-13 07:00:00,116,48,68
2019-11-13 08:00:00,186,88,98
2019-11-13 09:00:00,94,52,42
2019-11-13 10:00:00,41,21,20
2019-11-13 11:00:00,46,28,18
2019-11-13 12:00:00,38,22,16
2019-11-13 13:00:00,58,39,19
2019-11-13 14:00:00,61,38,23
2019-11-13 15:00:00,81,49,32
2019-11-13 16:00:00,176,117,59
2019-11-13 17:00:00,244,142,102
2019-11-13 18:00:00,111,64,47
2019-11-13 19:00:00,45,24,21
2019-11-13 20:00:00,23,12,11
2019-11-13 21:00:00,16,8,8
2019-11-13 22:00:00,14,7,7
2019-11-13 23:00:00,7,4,3
2019-11-14 00:00:00,0,0,0
2019-11-14 01:00:00,1,0,1
2019-11-14 02:00:00,1,0,1
2019-11-14 03:00:00,3,2,1
2019-11-14 04:00:00,2,1,1
2019-11-14 05:00:00,9,2,7
2019-11-14 06:00:00,49,19,30
2019-11-14 07:00:00,112,43,69
2019-11-14 08:00:00,159,72,87
2019-11-14 09:00:00,105,57,48
2019-11-14 10:00:00,49,31,18
2019-11-14 11:00:00,53,24,29
2019-11-14 12:00:00,56,28,28
2019-11-14 13:00:00,38,21,17
2019-11-14 14:00:00,49,24,25
2019-11-14 15:00:00,78,59,19
2019-11-14 16:00:00,172,110,62
2019-11-14 17:00:00,221,146,75
2019-11-14 18:00:00,114,66,48
2019-11-14 19:00:00,65,34,31
2019-11-14 20:00:00,24,16,8
2019-11-14 21:00:00,16,9,7
2019-11-14 22:00:00,9,6,3
2019-11-14 23:00:00,6,2,4
2019-11-15 00:00:00,1,1,0
2019-11-15 01:00:00,7,5,2
2019-11-15 02:00:00,1,0,1
2019-11-15 03:00:00,1,0,1
2019-11-15 04:00:00,1,1,0
2019-11-15 05:00:00,10,2,8
2019-11-15 06:00:00,26,10,16
2019-11-15 07:00:00,73,32,41
2019-11-15 08:00:00,130,63,67
2019-11-15 09:00:00,76,43,33
2019-11-15 10:00:00,39,17,22
2019-11-15 11:00:00,43,22,21
2019-11-15 12:00:00,43,25,18
2019-11-15 13:00:00,41,16,25
2019-11-15 14:00:00,55,30,25
2019-11-15 15:00:00,80,46,34
2019-11-15 16:00:00,129,82,47
2019-11-15 17:00:00,176,111,65
2019-11-15 18:00:00,68,43,25
2019-11-15 19:00:00,30,9,21
2019-11-15 20:00:00,23,13,10
2019-11-15 21:00:00,13,9,4
2019-11-15 22:00:00,12,8,4
2019-11-15 23:00:00,14,9,5
2019-11-16 00:00:00,10,5,5
2019-11-16 01:00:00,6,4,2
2019-11-16 02:00:00,4,1,3
2019-11-16 03:00:00,0,0,0
2019-11-16 04:00:00,2,0,2
2019-11-16 05:00:00,2,2,0
2019-11-16 06:00:00,3,2,1
2019-11-16 07:00:00,5,3,2
2019-11-16 08:00:00,8,4,4
2019-11-16 09:00:00,29,19,10
2019-11-16 10:00:00,21,8,13
2019-11-16 11:00:00,18,16,2
2019-11-16 12:00:00,34,14,20
2019-11-16 13:00:00,22,10,12
2019-11-16 14:00:00,37,20,17
2019-11-16 15:00:00,24,13,11
2019-11-16 16:00:00,22,15,7
2019-11-16 17:00:00,19,11,8
2019-11-16 18:00:00,15,10,5
2019-11-16 19:00:00,9,3,6
2019-11-16 20:00:00,9,2,7
2019-11-16 21:00:00,11,2,9
2019-11-16 22:00:00,13,8,5
2019-11-16 23:00:00,5,2,3
2019-11-17 00:00:00,2,1,1
2019-11-17 01:00:00,3,1,2
2019-11-17 02:00:00,1,1,0
2019-11-17 03:00:00,3,2,1
2019-11-17 04:00:00,0,0,0
2019-11-17 05:00:00,1,1,0
2019-11-17 06:00:00,1,0,1
2019-11-17 07:00:00,0,0,0
2019-11-17 08:00:00,3,0,3
2019-11-17 09:00:00,4,2,2
2019-11-17 10:00:00,17,6,11
2019-11-17 11:00:00,22,16,6
2019-11-17 12:00:00,21,11,10
2019-11-17 13:00:00,20,12,8
2019-11-17 14:00:00,15,5,10
2019-11-17 15:00:00,16,10,6
2019-11-17 16:00:00,6,3,3
2019-11-17 17:00:00,16,11,5
2019-11-17 18:00:00,11,2,9
2019-11-17 19:00:00,9,5,4
2019-11-17 20:00:00,7,5,2
2019-11-17 21:00:00,6,2,4
2019-11-17 22:00:00,8,4,4
2019-11-17 23:00:00,4,2,2
2019-11-18 00:00:00,4,3,1
2019-11-18 01:00:00,0,0,0
2019-11-18 02:00:00,1,1,0
2019-11-18 03:00:00,0,0,0
2019-11-18 04:00:00,0,0,0
2019-11-18 05:00:00,17,6,11
2019-11-18 06:00:00,44,22,22
2019-11-18 07:00:00,98,42,56
2019-11-18 08:00:00,145,62,83
2019-11-18 09:00:00,84,43,41
2019-11-18 10:00:00,47,25,22
2019-11-18 11:00:00,33,16,17
2019-11-18 12:00:00,26,14,12
2019-11-18 13:00:00,30,16,14
2019-11-18 14:00:00,30,20,10
2019-11-18 15:00:00,55,41,14
2019-11-18 16:00:00,130,81,49
2019-11-18 17:00:00,185,112,73
2019-11-18 18:00:00,72,44,28
2019-11-18 19:00:00,14,9,5
2019-11-18 20:00:00,12,9,3
2019-11-18 21:00:00,5,4,1
2019-11-18 22:00:00,9,4,5
2019-11-18 23:00:00,3,1,2
2019-11-19 00:00:00,1,0,1
2019-11-19 01:00:00,1,0,1
2019-11-19 02:00:00,1,0,1
2019-11-19 03:00:00,0,0,0
2019-11-19 04:00:00,2,1,1
2019-11-19 05:00:00,14,2,12
2019-11-19 06:00:00,39,19,20
2019-11-19 07:00:00,83,30,53
2019-11-19 08:00:00,156,76,80
2019-11-19 09:00:00,71,39,32
2019-11-19 10:00:00,33,18,15
2019-11-19 11:00:00,35,14,21
2019-11-19 12:00:00,32,17,15
2019-11-19 13:00:00,37,21,16
2019-11-19 14:00:00,36,22,14
2019-11-19 15:00:00,69,44,25
2019-11-19 16:00:00,148,88,60
2019-11-19 17:00:00,239,145,94
2019-11-19 18:00:00,90,55,35
2019-11-19 19:00:00,40,15,25
2019-11-19 20:00:00,24,14,10
2019-11-19 21:00:00,13,9,4
2019-11-19 22:00:00,7,5,2
2019-11-19 23:00:00,5,4,1
2019-11-20 00:00:00,1,0,1
2019-11-20 01:00:00,3,1,2
2019-11-20 02:00:00,2,0,2
2019-11-20 03:00:00,0,0,0
2019-11-20 04:00:00,5,4,1
2019-11-20 05:00:00,18,7,11
2019-11-20 06:00:00,33,16,17
2019-11-20 07:00:00,113,47,66
2019-11-20 08:00:00,201,94,107
2019-11-20 09:00:00,85,47,38
2019-11-20 10:00:00,52,24,28
2019-11-20 11:00:00,45,25,20
2019-11-20 12:00:00,44,21,23
2019-11-20 13:00:00,66,38,28
2019-11-20 14:00:00,41,25,16
2019-11-20 15:00:00,88,63,25
2019-11-20 16:00:00,185,114,71
2019-11-20 17:00:00,260,173,87
2019-11-20 18:00:00,105,66,39
2019-11-20 19:00:00,40,20,20
2019-11-20 20:00:00,26,12,14
2019-11-20 21:00:00,11,6,5
2019-11-20 22:00:00,16,9,7
2019-11-20 23:00:00,9,4,5
2019-11-21 00:00:00,2,1,1
2019-11-21 01:00:00,1,0,1
2019-11-21 02:00:00,2,1,1
2019-11-21 03:00:00,0,0,0
2019-11-21 04:00:00,1,1,0
2019-11-21 05:00:00,17,6,11
2019-11-21 06:00:00,37,13,24
2019-11-21 07:00:00,108,43,65
2019-11-21 08:00:00,170,78,92
2019-11-21 09:00:00,79,43,36
2019-11-21 10:00:00,44,20,24
2019-11-21 11:00:00,49,32,17
2019-11-21 12:00:00,48,18,30
2019-11-21 13:00:00,43,26,17
2019-11-21 14:00:00,65,45,20
2019-11-21 15:00:00,97,61,36
2019-11-21 16:00:00,186,121,65
2019-11-21 17:00:00,217,142,75
2019-11-21 18:00:00,113,65,48
2019-11-21 19:00:00,44,26,18
2019-11-21 20:00:00,13,5,8
2019-11-21 21:00:00,13,10,3
2019-11-21 22:00:00,10,6,4
2019-11-21 23:00:00,4,3,1
2019-11-22 00:00:00,3,1,2
2019-11-22 01:00:00,4,2,2
2019-11-22 02:00:00,3,2,1
2019-11-22 03:00:00,0,0,0
2019-11-22 04:00:00,0,0,0
2019-11-22 05:00:00,10,3,7
2019-11-22 06:00:00,29,13,16
2019-11-22 07:00:00,82,34,48
2019-11-22 08:00:00,162,79,83
2019-11-22 09:00:00,75,50,25
2019-11-22 10:00:00,40,24,16
2019-11-22 11:00:00,51,31,20
2019-11-22 12:00:00,43,22,21
2019-11-22 13:00:00,34,20,14
2019-11-22 14:00:00,58,40,18
2019-11-22 15:00:00,91,61,30
2019-11-22 16:00:00,158,91,67
2019-11-22 17:00:00,180,110,70
2019-11-22 18:00:00,61,36,25
2019-11-22 19:00:00,34,16,18
2019-11-22 20:00:00,10,7,3
2019-11-22 21:00:00,6,1,5
2019-11-22 22:00:00,10,2,8
2019-11-22 23:00:00,4,2,2
2019-11-23 00:00:00,10,3,7
2019-11-23 01:00:00,5,1,4
2019-11-23 02:00:00,4,3,1
2019-11-23 03:00:00,3,2,1
2019-11-23 04:00:00,0,0,0
2019-11-23 05:00:00,3,1,2
2019-11-23 06:00:00,1,1,0
2019-11-23 07:00:00,2,2,0
2019-11-23 08:00:00,12,9,3
2019-11-23 09:00:00,59,52,7
2019-11-23 10:00:00,37,23,14
2019-11-23 11:00:00,27,14,13
2019-11-23 12:00:00,26,11,15
2019-11-23 13:00:00,34,20,14
2019-11-23 14:00:00,50,11,39
2019-11-23 15:00:00,46,14,32
2019-11-23 16:00:00,29,12,17
2019-11-23 17:00:00,27,16,11
2019-11-23 18:00:00,19,11,8
2019-11-23 19:00:00,13,9,4
2019-11-23 20:00:00,10,3,7
2019-11-23 21:00:00,4,2,2
2019-11-23 22:00:00,9,6,3
2019-11-23 23:00:00,5,4,1
2019-11-24 00:00:00,8,7,1
2019-11-24 01:00:00,4,2,2
2019-11-24 02:00:00,1,1,0
2019-11-24 03:00:00,0,0,0
2019-11-24 04:00:00,1,1,0
2019-11-24 05:00:00,3,1,2
2019-11-24 06:00:00,0,0,0
2019-11-24 07:00:00,1,1,0
2019-11-24 08:00:00,5,2,3
2019-11-24 09:00:00,13,7,6
2019-11-24 10:00:00,9,7,2
2019-11-24 11:00:00,15,7,8
2019-11-24 12:00:00,22,13,9
2019-11-24 13:00:00,30,17,13
2019-11-24 14:00:00,27,14,13
2019-11-24 15:00:00,25,15,10
2019-11-24 16:00:00,29,18,11
2019-11-24 17:00:00,33,19,14
2019-11-24 18:00:00,19,8,11
2019-11-24 19:00:00,11,5,6
2019-11-24 20:00:00,9,5,4
2019-11-24 21:00:00,6,5,1
2019-11-24 22:00:00,1,0,1
2019-11-24 23:00:00,2,0,2
2019-11-25 00:00:00,1,0,1
2019-11-25 01:00:00,1,1,0
2019-11-25 02:00:00,2,1,1
2019-11-25 03:00:00,0,0,0
2019-11-25 04:00:00,1,1,0
2019-11-25 05:00:00,15,4,11
2019-11-25 06:00:00,29,14,15
2019-11-25 07:00:00,92,31,61
2019-11-25 08:00:00,139,69,70
2019-11-25 09:00:00,81,53,28
2019-11-25 10:00:00,43,21,22
2019-11-25 11:00:00,35,21,14
2019-11-25 12:00:00,30,12,18
2019-11-25 13:00:00,21,9,12
2019-11-25 14:00:00,26,19,7
2019-11-25 15:00:00,62,46,16
2019-11-25 16:00:00,118,74,44
2019-11-25 17:00:00,197,118,79
2019-11-25 18:00:00,73,42,31
2019-11-25 19:00:00,30,14,16
2019-11-25 20:00:00,14,5,9
2019-11-25 21:00:00,1,0,1
2019-11-25 22:00:00,11,6,5
2019-11-25 23:00:00,1,1,0
2019-11-26 00:00:00,1,1,0
2019-11-26 01:00:00,0,0,0
2019-11-26 02:00:00,0,0,0
2019-11-26 03:00:00,1,0,1
2019-11-26 04:00:00,3,0,3
2019-11-26 05:00:00,12,2,10
2019-11-26 06:00:00,34,15,19
2019-11-26 07:00:00,84,33,51
2019-11-26 08:00:00,138,67,71
2019-11-26 09:00:00,80,42,38
2019-11-26 10:00:00,50,27,23
2019-11-26 11:00:00,39,26,13
2019-11-26 12:00:00,32,13,19
2019-11-26 13:00:00,38,23,15
2019-11-26 14:00:00,38,27,11
2019-11-26 15:00:00,69,46,23
2019-11-26 16:00:00,141,92,49
2019-11-26 17:00:00,202,111,91
2019-11-26 18:00:00,72,44,28
2019-11-26 19:00:00,25,15,10
2019-11-26 20:00:00,11,6,5
2019-11-26 21:00:00,10,9,1
2019-11-26 22:00:00,5,1,4
2019-11-26 23:00:00,3,1,2
2019-11-27 00:00:00,6,3,3
2019-11-27 01:00:00,2,1,1
2019-11-27 02:00:00,1,0,1
2019-11-27 03:00:00,4,4,0
2019-11-27 04:00:00,0,0,0
2019-11-27 05:00:00,10,3,7
2019-11-27 06:00:00,21,10,11
2019-11-27 07:00:00,65,25,40
2019-11-27 08:00:00,103,40,63
2019-11-27 09:00:00,70,39,31
2019-11-27 10:00:00,32,18,14
2019-11-27 11:00:00,47,28,19
2019-11-27 12:00:00,47,30,17
2019-11-27 13:00:00,37,21,16
2019-11-27 14:00:00,72,45,27
2019-11-27 15:00:00,96,66,30
2019-11-27 16:00:00,97,58,39
2019-11-27 17:00:00,81,53,28
2019-11-27 18:00:00,44,21,23
2019-11-27 19:00:00,17,12,5
2019-11-27 20:00:00,3,1,2
2019-11-27 21:00:00,6,1,5
2019-11-27 22:00:00,1,1,0
2019-11-27 23:00:00,3,0,3
2019-11-28 00:00:00,1,1,0
2019-11-28 01:00:00,2,0,2
2019-11-28 02:00:00,0,0,0
2019-11-28 03:00:00,2,0,2
2019-11-28 04:00:00,0,0,0
2019-11-28 05:00:00,1,1,0
2019-11-28 06:00:00,0,0,0
2019-11-28 07:00:00,3,2,1
2019-11-28 08:00:00,4,2,2
2019-11-28 09:00:00,9,6,3
2019-11-28 10:00:00,21,17,4
2019-11-28 11:00:00,16,6,10
2019-11-28 12:00:00,13,8,5
2019-11-28 13:00:00,23,16,7
2019-11-28 14:00:00,11,6,5
2019-11-28 15:00:00,12,7,5
2019-11-28 16:00:00,4,3,1
2019-11-28 17:00:00,12,5,7
2019-11-28 18:00:00,4,1,3
2019-11-28 19:00:00,2,2,0
2019-11-28 20:00:00,3,0,3
2019-11-28 21:00:00,8,1,7
2019-11-28 22:00:00,3,0,3
2019-11-28 23:00:00,2,1,1
2019-11-29 00:00:00,0,0,0
2019-11-29 01:00:00,0,0,0
2019-11-29 02:00:00,0,0,0
2019-11-29 03:00:00,0,0,0
2019-11-29 04:00:00,0,0,0
2019-11-29 05:00:00,2,1,1
2019-11-29 06:00:00,4,2,2
2019-11-29 07:00:00,5,1,4
2019-11-29 08:00:00,9,4,5
2019-11-29 09:00:00,21,10,11
2019-11-29 10:00:00,13,4,9
2019-11-29 11:00:00,22,9,13
2019-11-29 12:00:00,24,12,12
2019-11-29 13:00:00,33,21,12
2019-11-29 14:00:00,20,11,9
2019-11-29 15:00:00,23,16,7
2019-11-29 16:00:00,16,12,4
2019-11-29 17:00:00,31,23,8
2019-11-29 18:00:00,9,9,0
2019-11-29 19:00:00,8,6,2
2019-11-29 20:00:00,8,6,2
2019-11-29 21:00:00,6,4,2
2019-11-29 22:00:00,7,4,3
2019-11-29 23:00:00,6,3,3
2019-11-30 00:00:00,3,1,2
2019-11-30 01:00:00,5,1,4
2019-11-30 02:00:00,5,3,2
2019-11-30 03:00:00,0,0,0
2019-11-30 04:00:00,2,1,1
2019-11-30 05:00:00,5,2,3
2019-11-30 06:00:00,2,1,1
2019-11-30 07:00:00,2,2,0
2019-11-30 08:00:00,1,0,1
2019-11-30 09:00:00,7,2,5
2019-11-30 10:00:00,8,2,6
2019-11-30 11:00:00,22,10,12
2019-11-30 12:00:00,18,6,12
2019-11-30 13:00:00,26,20,6
2019-11-30 14:00:00,22,10,12
2019-11-30 15:00:00,27,11,16
2019-11-30 16:00:00,26,18,8
2019-11-30 17:00:00,12,8,4
2019-11-30 18:00:00,13,9,4
2019-11-30 19:00:00,5,4,1
2019-11-30 20:00:00,15,10,5
2019-11-30 21:00:00,10,5,5
2019-11-30 22:00:00,5,2,3
2019-11-30 23:00:00,12,10,2
2019-12-01 00:00:00,3,1,2
2019-12-01 01:00:00,3,2,1
2019-12-01 02:00:00,6,3,3
2019-12-01 03:00:00,1,1,0
2019-12-01 04:00:00,1,1,0
2019-12-01 05:00:00,2,1,1
2019-12-01 06:00:00,2,2,0
2019-12-01 07:00:00,1,0,1
2019-12-01 08:00:00,4,2,2
2019-12-01 09:00:00,6,4,2
2019-12-01 10:00:00,14,10,4
2019-12-01 11:00:00,16,6,10
2019-12-01 12:00:00,6,5,1
2019-12-01 13:00:00,15,10,5
2019-12-01 14:00:00,17,11,6
2019-12-01 15:00:00,13,10,3
2019-12-01 16:00:00,23,16,7
2019-12-01 17:00:00,12,6,6
2019-12-01 18:00:00,17,12,5
2019-12-01 19:00:00,10,6,4
2019-12-01 20:00:00,11,10,1
2019-12-01 21:00:00,5,2,3
2019-12-01 22:00:00,4,0,4
2019-12-01 23:00:00,0,0,0
2019-12-02 00:00:00,2,2,0
2019-12-02 01:00:00,1,1,0
2019-12-02 02:00:00,0,0,0
2019-12-02 03:00:00,0,0,0
2019-12-02 04:00:00,5,2,3
2019-12-02 05:00:00,17,3,14
2019-12-02 06:00:00,35,15,20
2019-12-02 07:00:00,96,41,55
2019-12-02 08:00:00,165,75,90
2019-12-02 09:00:00,80,49,31
2019-12-02 10:00:00,33,15,18
2019-12-02 11:00:00,37,21,16
2019-12-02 12:00:00,52,30,22
2019-12-02 13:00:00,52,32,20
2019-12-02 14:00:00,65,54,11
2019-12-02 15:00:00,191,157,34
2019-12-02 16:00:00,329,262,67
2019-12-02 17:00:00,227,163,64
2019-12-02 18:00:00,77,44,33
2019-12-02 19:00:00,31,21,10
2019-12-02 20:00:00,149,17,132
2019-12-02 21:00:00,106,16,90
2019-12-02 22:00:00,20,9,11
2019-12-02 23:00:00,7,4,3
2019-12-03 00:00:00,3,3,0
2019-12-03 01:00:00,1,0,1
2019-12-03 02:00:00,0,0,0
2019-12-03 03:00:00,0,0,0
2019-12-03 04:00:00,1,0,1
2019-12-03 05:00:00,17,3,14
2019-12-03 06:00:00,31,17,14
2019-12-03 07:00:00,110,35,75
2019-12-03 08:00:00,177,84,93
2019-12-03 09:00:00,93,47,46
2019-12-03 10:00:00,44,18,26
2019-12-03 11:00:00,36,15,21
2019-12-03 12:00:00,44,24,20
2019-12-03 13:00:00,47,32,15
2019-12-03 14:00:00,47,28,19
2019-12-03 15:00:00,78,52,26
2019-12-03 16:00:00,148,93,55
2019-12-03 17:00:00,220,147,73
2019-12-03 18:00:00,95,57,38
2019-12-03 19:00:00,35,21,14
2019-12-03 20:00:00,15,9,6
2019-12-03 21:00:00,16,9,7
2019-12-03 22:00:00,5,4,1
2019-12-03 23:00:00,2,1,1
2019-12-04 00:00:00,1,0,1
2019-12-04 01:00:00,1,1,0
2019-12-04 02:00:00,2,1,1
2019-12-04 03:00:00,0,0,0
2019-12-04 04:00:00,0,0,0
2019-12-04 05:00:00,21,6,15
2019-12-04 06:00:00,26,10,16
2019-12-04 07:00:00,87,34,53
2019-12-04 08:00:00,126,63,63
2019-12-04 09:00:00,79,42,37
2019-12-04 10:00:00,34,13,21
2019-12-04 11:00:00,30,18,12
2019-12-04 12:00:00,36,17,19
2019-12-04 13:00:00,27,19,8
2019-12-04 14:00:00,40,24,16
2019-12-04 15:00:00,55,39,16
2019-12-04 16:00:00,123,77,46
2019-12-04 17:00:00,201,130,71
2019-12-04 18:00:00,84,47,37
2019-12-04 19:00:00,41,24,17
2019-12-04 20:00:00,22,11,11
2019-12-04 21:00:00,15,8,7
2019-12-04 22:00:00,5,4,1
2019-12-04 23:00:00,8,7,1
2019-12-05 00:00:00,4,3,1
2019-12-05 01:00:00,0,0,0
2019-12-05 02:00:00,0,0,0
2019-12-05 03:00:00,2,1,1
2019-12-05 04:00:00,2,2,0
2019-12-05 05:00:00,17,6,11
2019-12-05 06:00:00,33,14,19
2019-12-05 07:00:00,103,44,59
2019-12-05 08:00:00,163,73,90
2019-12-05 09:00:00,92,51,41
2019-12-05 10:00:00,31,17,14
2019-12-05 11:00:00,49,22,27
2019-12-05 12:00:00,49,33,16
2019-12-05 13:00:00,44,27,17
2019-12-05 14:00:00,41,23,18
2019-12-05 15:00:00,82,58,24
2019-12-05 16:00:00,150,104,46
2019-12-05 17:00:00,254,170,84
2019-12-05 18:00:00,112,64,48
2019-12-05 19:00:00,51,24,27
2019-12-05 20:00:00,30,13,17
2019-12-05 21:00:00,17,7,10
2019-12-05 22:00:00,16,8,8
2019-12-05 23:00:00,8,5,3
2019-12-06 00:00:00,8,4,4
2019-12-06 01:00:00,10,8,2
2019-12-06 02:00:00,1,1,0
2019-12-06 03:00:00,0,0,0
2019-12-06 04:00:00,2,1,1
2019-12-06 05:00:00,9,3,6
2019-12-06 06:00:00,32,15,17
2019-12-06 07:00:00,81,36,45
2019-12-06 08:00:00,131,65,66
2019-12-06 09:00:00,78,47,31
2019-12-06 10:00:00,33,17,16
2019-12-06 11:00:00,54,32,22
2019-12-06 12:00:00,45,21,24
2019-12-06 13:00:00,43,27,16
2019-12-06 14:00:00,59,36,23
2019-12-06 15:00:00,98,72,26
2019-12-06 16:00:00,142,97,45
2019-12-06 17:00:00,140,83,57
2019-12-06 18:00:00,70,44,26
2019-12-06 19:00:00,31,18,13
2019-12-06 20:00:00,16,11,5
2019-12-06 21:00:00,18,9,9
2019-12-06 22:00:00,17,7,10
2019-12-06 23:00:00,5,1,4
2019-12-07 00:00:00,9,4,5
2019-12-07 01:00:00,5,4,1
2019-12-07 02:00:00,4,2,2
2019-12-07 03:00:00,2,1,1
2019-12-07 04:00:00,1,0,1
2019-12-07 05:00:00,3,2,1
2019-12-07 06:00:00,2,2,0
2019-12-07 07:00:00,2,1,1
2019-12-07 08:00:00,7,4,3
2019-12-07 09:00:00,21,10,11
2019-12-07 10:00:00,44,39,5
2019-12-07 11:00:00,53,39,14
2019-12-07 12:00:00,20,7,13
2019-12-07 13:00:00,18,7,11
2019-12-07 14:00:00,15,9,6
2019-12-07 15:00:00,14,7,7
2019-12-07 16:00:00,16,11,5
2019-12-07 17:00:00,18,11,7
2019-12-07 18:00:00,29,22,7
2019-12-07 19:00:00,20,14,6
2019-12-07 20:00:00,10,4,6
2019-12-07 21:00:00,12,7,5
2019-12-07 22:00:00,7,5,2
2019-12-07 23:00:00,8,2,6
2019-12-08 00:00:00,5,1,4
2019-12-08 01:00:00,5,2,3
2019-12-08 02:00:00,1,0,1
2019-12-08 03:00:00,1,0,1
2019-12-08 04:00:00,2,1,1
2019-12-08 05:00:00,3,1,2
2019-12-08 06:00:00,4,3,1
2019-12-08 07:00:00,7,4,3
2019-12-08 08:00:00,3,2,1
2019-12-08 09:00:00,6,4,2
2019-12-08 10:00:00,11,5,6
2019-12-08 11:00:00,27,15,12
2019-12-08 12:00:00,14,9,5
2019-12-08 13:00:00,27,14,13
2019-12-08 14:00:00,33,15,18
2019-12-08 15:00:00,19,13,6
2019-12-08 16:00:00,19,10,9
2019-12-08 17:00:00,34,23,11
2019-12-08 18:00:00,5,4,1
2019-12-08 19:00:00,14,7,7
2019-12-08 20:00:00,10,6,4
2019-12-08 21:00:00,2,1,1
2019-12-08 22:00:00,7,4,3
2019-12-08 23:00:00,2,0,2
2019-12-09 00:00:00,2,1,1
2019-12-09 01:00:00,0,0,0
2019-12-09 02:00:00,0,0,0
2019-12-09 03:00:00,2,0,2
2019-12-09 04:00:00,2,0,2
2019-12-09 05:00:00,13,2,11
2019-12-09 06:00:00,33,13,20
2019-12-09 07:00:00,112,48,64
2019-12-09 08:00:00,181,96,85
2019-12-09 09:00:00,96,50,46
2019-12-09 10:00:00,39,17,22
2019-12-09 11:00:00,43,15,28
2019-12-09 12:00:00,41,22,19
2019-12-09 13:00:00,28,20,8
2019-12-09 14:00:00,41,22,19
2019-12-09 15:00:00,77,53,24
2019-12-09 16:00:00,127,81,46
2019-12-09 17:00:00,231,145,86
2019-12-09 18:00:00,108,60,48
2019-12-09 19:00:00,36,19,17
2019-12-09 20:00:00,22,12,10
2019-12-09 21:00:00,14,6,8
2019-12-09 22:00:00,9,5,4
2019-12-09 23:00:00,0,0,0
2019-12-10 00:00:00,3,1,2
2019-12-10 01:00:00,3,1,2
2019-12-10 02:00:00,1,1,0
2019-12-10 03:00:00,3,0,3
2019-12-10 04:00:00,1,0,1
2019-12-10 05:00:00,12,4,8
2019-12-10 06:00:00,43,17,26
2019-12-10 07:00:00,82,27,55
2019-12-10 08:00:00,151,70,81
2019-12-10 09:00:00,80,44,36
2019-12-10 10:00:00,29,16,13
2019-12-10 11:00:00,32,20,12
2019-12-10 12:00:00,33,15,18
2019-12-10 13:00:00,18,11,7
2019-12-10 14:00:00,18,11,7
2019-12-10 15:00:00,50,39,11
2019-12-10 16:00:00,122,86,36
2019-12-10 17:00:00,175,110,65
2019-12-10 18:00:00,82,52,30
2019-12-10 19:00:00,20,11,9
2019-12-10 20:00:00,12,5,7
2019-12-10 21:00:00,11,6,5
2019-12-10 22:00:00,8,3,5
2019-12-10 23:00:00,8,3,5
2019-12-11 00:00:00,2,1,1
2019-12-11 01:00:00,2,1,1
2019-12-11 02:00:00,3,2,1
2019-12-11 03:00:00,1,1,0
2019-12-11 04:00:00,2,0,2
2019-12-11 05:00:00,7,3,4
2019-12-11 06:00:00,28,10,18
2019-12-11 07:00:00,81,38,43
2019-12-11 08:00:00,142,74,68
2019-12-11 09:00:00,58,30,28
2019-12-11 10:00:00,27,18,9
2019-12-11 11:00:00,29,13,16
2019-12-11 12:00:00,21,8,13
2019-12-11 13:00:00,31,18,13
2019-12-11 14:00:00,37,18,19
2019-12-11 15:00:00,63,44,19
2019-12-11 16:00:00,105,68,37
2019-12-11 17:00:00,176,111,65
2019-12-11 18:00:00,67,44,23
2019-12-11 19:00:00,27,11,16
2019-12-11 20:00:00,14,6,8
2019-12-11 21:00:00,8,4,4
2019-12-11 22:00:00,3,2,1
2019-12-11 23:00:00,5,3,2
2019-12-12 00:00:00,1,0,1
2019-12-12 01:00:00,1,1,0
2019-12-12 02:00:00,0,0,0
2019-12-12 03:00:00,0,0,0
2019-12-12 04:00:00,1,0,1
2019-12-12 05:00:00,20,7,13
2019-12-12 06:00:00,22,11,11
2019-12-12 07:00:00,70,30,40
2019-12-12 08:00:00,113,53,60
2019-12-12 09:00:00,62,36,26
2019-12-12 10:00:00,27,15,12
2019-12-12 11:00:00,31,20,11
2019-12-12 12:00:00,30,14,16
2019-12-12 13:00:00,32,12,20
2019-12-12 14:00:00,38,17,21
2019-12-12 15:00:00,52,38,14
2019-12-12 16:00:00,116,76,40
2019-12-12 17:00:00,165,108,57
2019-12-12 18:00:00,73,34,39
2019-12-12 19:00:00,28,16,12
2019-12-12 20:00:00,21,11,10
2019-12-12 21:00:00,12,5,7
2019-12-12 22:00:00,11,6,5
2019-12-12 23:00:00,1,1,0
2019-12-13 00:00:00,7,3,4
2019-12-13 01:00:00,0,0,0
2019-12-13 02:00:00,4,3,1
2019-12-13 03:00:00,2,1,1
2019-12-13 04:00:00,5,2,3
2019-12-13 05:00:00,12,6,6
2019-12-13 06:00:00,26,13,13
2019-12-13 07:00:00,70,34,36
2019-12-13 08:00:00,115,51,64
2019-12-13 09:00:00,65,35,30
2019-12-13 10:00:00,39,17,22
2019-12-13 11:00:00,52,31,21
2019-12-13 12:00:00,49,25,24
2019-12-13 13:00:00,36,12,24
2019-12-13 14:00:00,63,35,28
2019-12-13 15:00:00,66,49,17
2019-12-13 16:00:00,153,93,60
2019-12-13 17:00:00,143,84,59
2019-12-13 18:00:00,50,34,16
2019-12-13 19:00:00,33,13,20
2019-12-13 20:00:00,18,6,12
2019-12-13 21:00:00,17,8,9
2019-12-13 22:00:00,6,3,3
2019-12-13 23:00:00,8,4,4
2019-12-14 00:00:00,16,12,4
2019-12-14 01:00:00,3,1,2
2019-12-14 02:00:00,5,3,2
2019-12-14 03:00:00,1,0,1
2019-12-14 04:00:00,0,0,0
2019-12-14 05:00:00,1,1,0
2019-12-14 06:00:00,1,1,0
2019-12-14 07:00:00,2,2,0
2019-12-14 08:00:00,7,3,4
2019-12-14 09:00:00,14,5,9
2019-12-14 10:00:00,11,5,6
2019-12-14 11:00:00,15,10,5
2019-12-14 12:00:00,28,18,10
2019-12-14 13:00:00,18,5,13
2019-12-14 14:00:00,22,11,11
2019-12-14 15:00:00,14,9,5
2019-12-14 16:00:00,20,8,12
2019-12-14 17:00:00,13,10,3
2019-12-14 18:00:00,9,8,1
2019-12-14 19:00:00,4,4,0
2019-12-14 20:00:00,13,8,5
2019-12-14 21:00:00,10,6,4
2019-12-14 22:00:00,12,5,7
2019-12-14 23:00:00,9,8,1
2019-12-15 00:00:00,1,1,0
2019-12-15 01:00:00,6,1,5
2019-12-15 02:00:00,4,2,2
2019-12-15 03:00:00,0,0,0
2019-12-15 04:00:00,1,1,0
2019-12-15 05:00:00,5,1,4
2019-12-15 06:00:00,3,3,0
2019-12-15 07:00:00,4,2,2
2019-12-15 08:00:00,8,4,4
2019-12-15 09:00:00,9,6,3
2019-12-15 10:00:00,13,9,4
2019-12-15 11:00:00,12,6,6
2019-12-15 12:00:00,15,7,8
2019-12-15 13:00:00,14,5,9
2019-12-15 14:00:00,10,5,5
2019-12-15 15:00:00,17,11,6
2019-12-15 16:00:00,13,10,3
2019-12-15 17:00:00,13,8,5
2019-12-15 18:00:00,12,5,7
2019-12-15 19:00:00,7,2,5
2019-12-15 20:00:00,3,1,2
2019-12-15 21:00:00,4,2,2
2019-12-15 22:00:00,1,1,0
2019-12-15 23:00:00,1,1,0
2019-12-16 00:00:00,3,3,0
2019-12-16 01:00:00,1,1,0
2019-12-16 02:00:00,0,0,0
2019-12-16 03:00:00,0,0,0
2019-12-16 04:00:00,1,1,0
2019-12-16 05:00:00,11,2,9
2019-12-16 06:00:00,36,17,19
2019-12-16 07:00:00,92,42,50
2019-12-16 08:00:00,190,98,92
2019-12-16 09:00:00,84,50,34
2019-12-16 10:00:00,37,11,26
2019-12-16 11:00:00,34,15,19
2019-12-16 12:00:00,44,28,16
2019-12-16 13:00:00,31,20,11
2019-12-16 14:00:00,41,19,22
2019-12-16 15:00:00,68,46,22
2019-12-16 16:00:00,152,86,66
2019-12-16 17:00:00,214,135,79
2019-12-16 18:00:00,71,47,24
2019-12-16 19:00:00,42,20,22
2019-12-16 20:00:00,14,4,10
2019-12-16 21:00:00,7,4,3
2019-12-16 22:00:00,8,4,4
2019-12-16 23:00:00,2,1,1
2019-12-17 00:00:00,1,1,0
2019-12-17 01:00:00,3,1,2
2019-12-17 02:00:00,2,2,0
2019-12-17 03:00:00,1,0,1
2019-12-17 04:00:00,0,0,0
2019-12-17 05:00:00,13,5,8
2019-12-17 06:00:00,36,15,21
2019-12-17 07:00:00,97,41,56
2019-12-17 08:00:00,163,80,83
2019-12-17 09:00:00,94,45,49
2019-12-17 10:00:00,41,22,19
2019-12-17 11:00:00,55,31,24
2019-12-17 12:00:00,45,17,28
2019-12-17 13:00:00,47,20,27
2019-12-17 14:00:00,43,26,17
2019-12-17 15:00:00,82,57,25
2019-12-17 16:00:00,177,113,64
2019-12-17 17:00:00,269,167,102
2019-12-17 18:00:00,121,76,45
2019-12-17 19:00:00,44,20,24
2019-12-17 20:00:00,12,8,4
2019-12-17 21:00:00,13,8,5
2019-12-17 22:00:00,14,5,9
2019-12-17 23:00:00,5,4,1
2019-12-18 00:00:00,8,5,3
2019-12-18 01:00:00,3,1,2
2019-12-18 02:00:00,1,0,1
2019-12-18 03:00:00,2,2,0
2019-12-18 04:00:00,0,0,0
2019-12-18 05:00:00,9,3,6
2019-12-18 06:00:00,28,14,14
2019-12-18 07:00:00,81,30,51
2019-12-18 08:00:00,140,69,71
2019-12-18 09:00:00,74,48,26
2019-12-18 10:00:00,39,23,16
2019-12-18 11:00:00,27,15,12
2019-12-18 12:00:00,46,19,27
2019-12-18 13:00:00,47,25,22
2019-12-18 14:00:00,52,37,15
2019-12-18 15:00:00,63,49,14
2019-12-18 16:00:00,120,81,39
2019-12-18 17:00:00,185,119,66
2019-12-18 18:00:00,66,35,31
2019-12-18 19:00:00,24,13,11
2019-12-18 20:00:00,15,9,6
2019-12-18 21:00:00,8,4,4
2019-12-18 22:00:00,7,4,3
2019-12-18 23:00:00,1,0,1
2019-12-19 00:00:00,2,1,1
2019-12-19 01:00:00,0,0,0
2019-12-19 02:00:00,0,0,0
2019-12-19 03:00:00,0,0,0
2019-12-19 04:00:00,2,0,2
2019-12-19 05:00:00,9,2,7
2019-12-19 06:00:00,26,11,15
2019-12-19 07:00:00,68,26,42
2019-12-19 08:00:00,93,45,48
2019-12-19 09:00:00,65,43,22
2019-12-19 10:00:00,27,17,10
2019-12-19 11:00:00,37,21,16
2019-12-19 12:00:00,31,14,17
2019-12-19 13:00:00,28,17,11
2019-12-19 14:00:00,20,5,15
2019-12-19 15:00:00,44,36,8
2019-12-19 16:00:00,104,67,37
2019-12-19 17:00:00,97,57,40
2019-12-19 18:00:00,51,34,17
2019-12-19 19:00:00,28,18,10
2019-12-19 20:00:00,10,8,2
2019-12-19 21:00:00,5,4,1
2019-12-19 22:00:00,5,1,4
2019-12-19 23:00:00,6,3,3
2019-12-20 00:00:00,3,0,3
2019-12-20 01:00:00,3,2,1
2019-12-20 02:00:00,0,0,0
2019-12-20 03:00:00,0,0,0
2019-12-20 04:00:00,3,3,0
2019-12-20 05:00:00,8,3,5
2019-12-20 06:00:00,16,8,8
2019-12-20 07:00:00,39,15,24
2019-12-20 08:00:00,50,17,33
2019-12-20 09:00:00,15,11,4
2019-12-20 10:00:00,16,8,8
2019-12-20 11:00:00,15,8,7
2019-12-20 12:00:00,20,11,9
2019-12-20 13:00:00,11,8,3
2019-12-20 14:00:00,26,13,13
2019-12-20 15:00:00,45,22,23
2019-12-20 16:00:00,39,28,11
2019-12-20 17:00:00,70,49,21
2019-12-20 18:00:00,30,21,9
2019-12-20 19:00:00,5,4,1
2019-12-20 20:00:00,5,2,3
2019-12-20 21:00:00,9,5,4
2019-12-20 22:00:00,3,2,1
2019-12-20 23:00:00,3,2,1
2019-12-21 00:00:00,1,0,1
2019-12-21 01:00:00,0,0,0
2019-12-21 02:00:00,0,0,0
2019-12-21 03:00:00,1,0,1
2019-12-21 04:00:00,0,0,0
2019-12-21 05:00:00,2,1,1
2019-12-21 06:00:00,3,2,1
2019-12-21 07:00:00,1,0,1
2019-12-21 08:00:00,5,0,5
2019-12-21 09:00:00,7,0,7
2019-12-21 10:00:00,6,6,0
2019-12-21 11:00:00,9,6,3
2019-12-21 12:00:00,10,4,6
2019-12-21 13:00:00,10,5,5
2019-12-21 14:00:00,13,6,7
2019-12-21 15:00:00,12,6,6
2019-12-21 16:00:00,9,6,3
2019-12-21 17:00:00,5,2,3
2019-12-21 18:00:00,13,6,7
2019-12-21 19:00:00,10,7,3
2019-12-21 20:00:00,8,4,4
2019-12-21 21:00:00,12,6,6
2019-12-21 22:00:00,9,6,3
2019-12-21 23:00:00,5,3,2
2019-12-22 00:00:00,3,1,2
2019-12-22 01:00:00,5,1,4
2019-12-22 02:00:00,6,3,3
2019-12-22 03:00:00,0,0,0
2019-12-22 04:00:00,0,0,0
2019-12-22 05:00:00,1,1,0
2019-12-22 06:00:00,3,2,1
2019-12-22 07:00:00,8,6,2
2019-12-22 08:00:00,9,4,5
2019-12-22 09:00:00,15,9,6
2019-12-22 10:00:00,15,9,6
2019-12-22 11:00:00,45,39,6
2019-12-22 12:00:00,51,45,6
2019-12-22 13:00:00,49,35,14
2019-12-22 14:00:00,17,8,9
2019-12-22 15:00:00,13,6,7
2019-12-22 16:00:00,39,5,34
2019-12-22 17:00:00,63,16,47
2019-12-22 18:00:00,30,7,23
2019-12-22 19:00:00,3,2,1
2019-12-22 20:00:00,7,5,2
2019-12-22 21:00:00,2,2,0
2019-12-22 22:00:00,3,1,2
2019-12-22 23:00:00,3,2,1
2019-12-23 00:00:00,4,3,1
2019-12-23 01:00:00,1,1,0
2019-12-23 02:00:00,0,0,0
2019-12-23 03:00:00,0,0,0
2019-12-23 04:00:00,1,0,1
2019-12-23 05:00:00,7,2,5
2019-12-23 06:00:00,19,9,10
2019-12-23 07:00:00,33,13,20
2019-12-23 08:00:00,50,25,25
2019-12-23 09:00:00,47,23,24
2019-12-23 10:00:00,20,11,9
2019-12-23 11:00:00,28,18,10
2019-12-23 12:00:00,32,14,18
2019-12-23 13:00:00,40,14,26
2019-12-23 14:00:00,37,22,15
2019-12-23 15:00:00,55,37,18
2019-12-23 16:00:00,67,42,25
2019-12-23 17:00:00,73,44,29
2019-12-23 18:00:00,35,23,12
2019-12-23 19:00:00,9,6,3
2019-12-23 20:00:00,6,3,3
2019-12-23 21:00:00,4,3,1
2019-12-23 22:00:00,2,0,2
2019-12-23 23:00:00,1,0,1
2019-12-24 00:00:00,7,5,2
2019-12-24 01:00:00,0,0,0
2019-12-24 02:00:00,1,1,0
2019-12-24 03:00:00,1,1,0
2019-12-24 04:00:00,0,0,0
2019-12-24 05:00:00,6,2,4
2019-12-24 06:00:00,11,6,5
2019-12-24 07:00:00,22,11,11
2019-12-24 08:00:00,15,6,9
2019-12-24 09:00:00,27,17,10
2019-12-24 10:00:00,21,8,13
2019-12-24 11:00:00,19,9,10
2019-12-24 12:00:00,30,15,15
2019-12-24 13:00:00,25,19,6
2019-12-24 14:00:00,43,24,19
2019-12-24 15:00:00,25,17,8
2019-12-24 16:00:00,26,14,12
2019-12-24 17:00:00,13,6,7
2019-12-24 18:00:00,19,13,6
2019-12-24 19:00:00,12,6,6
2019-12-24 20:00:00,2,1,1
2019-12-24 21:00:00,5,5,0
2019-12-24 22:00:00,1,1,0
2019-12-24 23:00:00,1,0,1
2019-12-25 00:00:00,1,0,1
2019-12-25 01:00:00,2,1,1
2019-12-25 02:00:00,1,0,1
2019-12-25 03:00:00,5,1,4
2019-12-25 04:00:00,2,1,1
2019-12-25 05:00:00,0,0,0
2019-12-25 06:00:00,2,2,0
2019-12-25 07:00:00,2,1,1
2019-12-25 08:00:00,3,2,1
2019-12-25 09:00:00,5,4,1
2019-12-25 10:00:00,7,0,7
2019-12-25 11:00:00,12,5,7
2019-12-25 12:00:00,4,3,1
2019-12-25 13:00:00,14,11,3
2019-12-25 14:00:00,8,5,3
2019-12-25 15:00:00,12,0,12
2019-12-25 16:00:00,10,7,3
2019-12-25 17:00:00,4,3,1
2019-12-25 18:00:00,2,2,0
2019-12-25 19:00:00,2,2,0
2019-12-25 20:00:00,1,0,1
2019-12-25 21:00:00,3,3,0
2019-12-25 22:00:00,0,0,0
2019-12-25 23:00:00,2,1,1
2019-12-26 00:00:00,3,3,0
2019-12-26 01:00:00,2,1,1
2019-12-26 02:00:00,0,0,0
2019-12-26 03:00:00,0,0,0
2019-12-26 04:00:00,2,2,0
2019-12-26 05:00:00,4,1,3
2019-12-26 06:00:00,12,6,6
2019-12-26 07:00:00,13,4,9
2019-12-26 08:00:00,22,11,11
2019-12-26 09:00:00,21,11,10
2019-12-26 10:00:00,13,8,5
2019-12-26 11:00:00,13,7,6
2019-12-26 12:00:00,29,18,11
2019-12-26 13:00:00,22,12,10
2019-12-26 14:00:00,24,15,9
2019-12-26 15:00:00,40,27,13
2019-12-26 16:00:00,44,27,17
2019-12-26 17:00:00,37,27,10
2019-12-26 18:00:00,22,16,6
2019-12-26 19:00:00,16,10,6
2019-12-26 20:00:00,8,4,4
2019-12-26 21:00:00,10,6,4
2019-12-26 22:00:00,4,2,2
2019-12-26 23:00:00,2,1,1
2019-12-27 00:00:00,2,1,1
2019-12-27 01:00:00,2,2,0
2019-12-27 02:00:00,3,1,2
2019-12-27 03:00:00,0,0,0
2019-12-27 04:00:00,3,3,0
2019-12-27 05:00:00,2,0,2
2019-12-27 06:00:00,19,11,8
2019-12-27 07:00:00,22,13,9
2019-12-27 08:00:00,41,15,26
2019-12-27 09:00:00,24,12,12
2019-12-27 10:00:00,26,15,11
2019-12-27 11:00:00,25,14,11
2019-12-27 12:00:00,26,16,10
2019-12-27 13:00:00,25,13,12
2019-12-27 14:00:00,40,23,17
2019-12-27 15:00:00,53,29,24
2019-12-27 16:00:00,62,39,23
2019-12-27 17:00:00,57,35,22
2019-12-27 18:00:00,28,17,11
2019-12-27 19:00:00,13,7,6
2019-12-27 20:00:00,10,5,5
2019-12-27 21:00:00,13,7,6
2019-12-27 22:00:00,2,1,1
2019-12-27 23:00:00,6,3,3
2019-12-28 00:00:00,2,2,0
2019-12-28 01:00:00,5,1,4
2019-12-28 02:00:00,5,4,1
2019-12-28 03:00:00,0,0,0
2019-12-28 04:00:00,0,0,0
2019-12-28 05:00:00,1,1,0
2019-12-28 06:00:00,2,2,0
2019-12-28 07:00:00,6,3,3
2019-12-28 08:00:00,9,2,7
2019-12-28 09:00:00,10,3,7
2019-12-28 10:00:00,15,10,5
2019-12-28 11:00:00,19,12,7
2019-12-28 12:00:00,28,15,13
2019-12-28 13:00:00,43,35,8
2019-12-28 14:00:00,27,16,11
2019-12-28 15:00:00,21,11,10
2019-12-28 16:00:00,12,9,3
2019-12-28 17:00:00,16,11,5
2019-12-28 18:00:00,22,11,11
2019-12-28 19:00:00,5,4,1
2019-12-28 20:00:00,7,5,2
2019-12-28 21:00:00,19,15,4
2019-12-28 22:00:00,9,8,1
2019-12-28 23:00:00,5,2,3
2019-12-29 00:00:00,3,1,2
2019-12-29 01:00:00,2,0,2
2019-12-29 02:00:00,4,3,1
2019-12-29 03:00:00,1,1,0
2019-12-29 04:00:00,0,0,0
2019-12-29 05:00:00,1,0,1
2019-12-29 06:00:00,2,1,1
2019-12-29 07:00:00,2,2,0
2019-12-29 08:00:00,9,5,4
2019-12-29 09:00:00,11,7,4
2019-12-29 10:00:00,16,7,9
2019-12-29 11:00:00,32,23,9
2019-12-29 12:00:00,31,21,10
2019-12-29 13:00:00,48,25,23
2019-12-29 14:00:00,53,41,12
2019-12-29 15:00:00,64,46,18
2019-12-29 16:00:00,64,46,18
2019-12-29 17:00:00,32,21,11
2019-12-29 18:00:00,23,12,11
2019-12-29 19:00:00,8,4,4
2019-12-29 20:00:00,74,8,66
2019-12-29 21:00:00,62,13,49
2019-12-29 22:00:00,27,4,23
2019-12-29 23:00:00,5,2,3
2019-12-30 00:00:00,3,1,2
2019-12-30 01:00:00,3,2,1
2019-12-30 02:00:00,2,1,1
2019-12-30 03:00:00,0,0,0
2019-12-30 04:00:00,1,1,0
2019-12-30 05:00:00,8,3,5
2019-12-30 06:00:00,23,15,8
2019-12-30 07:00:00,49,20,29
2019-12-30 08:00:00,65,28,37
2019-12-30 09:00:00,39,23,16
2019-12-30 10:00:00,31,20,11
2019-12-30 11:00:00,17,10,7
2019-12-30 12:00:00,24,12,12
2019-12-30 13:00:00,29,13,16
2019-12-30 14:00:00,35,17,18
2019-12-30 15:00:00,53,36,17
2019-12-30 16:00:00,81,52,29
2019-12-30 17:00:00,95,60,35
2019-12-30 18:00:00,28,14,14
2019-12-30 19:00:00,16,6,10
2019-12-30 20:00:00,12,8,4
2019-12-30 21:00:00,7,5,2
2019-12-30 22:00:00,4,1,3
2019-12-30 23:00:00,1,1,0
2019-12-31 00:00:00,2,1,1
2019-12-31 01:00:00,1,1,0
2019-12-31 02:00:00,0,0,0
2019-12-31 03:00:00,2,2,0
2019-12-31 04:00:00,2,1,1
2019-12-31 05:00:00,6,3,3
2019-12-31 06:00:00,15,9,6
2019-12-31 07:00:00,33,16,17
2019-12-31 08:00:00,41,21,20
2019-12-31 09:00:00,20,12,8
2019-12-31 10:00:00,13,8,5
2019-12-31 11:00:00,26,15,11
2019-12-31 12:00:00,20,14,6
2019-12-31 13:00:00,22,14,8
2019-12-31 14:00:00,25,16,9
2019-12-31 15:00:00,37,25,12
2019-12-31 16:00:00,36,24,12
2019-12-31 17:00:00,31,18,13
2019-12-31 18:00:00,25,15,10
2019-12-31 19:00:00,16,6,10
2019-12-31 20:00:00,9,5,4
2019-12-31 21:00:00,21,5,16
2019-12-31 22:00:00,11,3,8
2019-12-31 23:00:00,6,2,4
2020-01-01 00:00:00,18,15,3
2020-01-01 01:00:00,15,9,6
2020-01-01 02:00:00,9,6,3
2020-01-01 03:00:00,4,0,4
2020-01-01 04:00:00,0,0,0
2020-01-01 05:00:00,2,2,0
2020-01-01 06:00:00,1,0,1
2020-01-01 07:00:00,3,1,2
2020-01-01 08:00:00,1,0,1
2020-01-01 09:00:00,3,1,2
2020-01-01 10:00:00,13,8,5
2020-01-01 11:00:00,9,5,4
2020-01-01 12:00:00,8,7,1
2020-01-01 13:00:00,24,14,10
2020-01-01 14:00:00,16,7,9
2020-01-01 15:00:00,19,7,12
2020-01-01 16:00:00,14,9,5
2020-01-01 17:00:00,15,4,11
2020-01-01 18:00:00,3,3,0
2020-01-01 19:00:00,4,1,3
2020-01-01 20:00:00,6,3,3
2020-01-01 21:00:00,0,0,0
2020-01-01 22:00:00,3,2,1
2020-01-01 23:00:00,1,0,1
2020-01-02 00:00:00,3,1,2
2020-01-02 01:00:00,0,0,0
2020-01-02 02:00:00,2,1,1
2020-01-02 03:00:00,0,0,0
2020-01-02 04:00:00,0,0,0
2020-01-02 05:00:00,10,4,6
2020-01-02 06:00:00,26,11,15
2020-01-02 07:00:00,63,27,36
2020-01-02 08:00:00,97,43,54
2020-01-02 09:00:00,51,28,23
2020-01-02 10:00:00,30,11,19
2020-01-02 11:00:00,29,11,18
2020-01-02 12:00:00,30,17,13
2020-01-02 13:00:00,15,8,7
2020-01-02 14:00:00,20,12,8
2020-01-02 15:00:00,34,21,13
2020-01-02 16:00:00,97,63,34
2020-01-02 17:00:00,121,78,43
2020-01-02 18:00:00,42,31,11
2020-01-02 19:00:00,15,9,6
2020-01-02 20:00:00,10,6,4
2020-01-02 21:00:00,11,5,6
2020-01-02 22:00:00,4,1,3
2020-01-02 23:00:00,2,2,0
2020-01-03 00:00:00,1,0,1
2020-01-03 01:00:00,1,1,0
2020-01-03 02:00:00,4,4,0
2020-01-03 03:00:00,0,0,0
2020-01-03 04:00:00,0,0,0
2020-01-03 05:00:00,4,3,1
2020-01-03 06:00:00,20,11,9
2020-01-03 07:00:00,65,28,37
2020-01-03 08:00:00,92,46,46
2020-01-03 09:00:00,61,33,28
2020-01-03 10:00:00,41,25,16
2020-01-03 11:00:00,35,16,19
2020-01-03 12:00:00,42,20,22
2020-01-03 13:00:00,40,22,18
2020-01-03 14:00:00,52,29,23
2020-01-03 15:00:00,48,26,22
2020-01-03 16:00:00,122,74,48
2020-01-03 17:00:00,122,76,46
2020-01-03 18:00:00,58,31,27
2020-01-03 19:00:00,20,12,8
2020-01-03 20:00:00,15,8,7
2020-01-03 21:00:00,5,4,1
2020-01-03 22:00:00,5,2,3
2020-01-03 23:00:00,2,2,0
2020-01-04 00:00:00,3,1,2
2020-01-04 01:00:00,3,1,2
2020-01-04 02:00:00,3,2,1
2020-01-04 03:00:00,0,0,0
2020-01-04 04:00:00,1,0,1
2020-01-04 05:00:00,1,1,0
2020-01-04 06:00:00,0,0,0
2020-01-04 07:00:00,4,2,2
2020-01-04 08:00:00,7,3,4
2020-01-04 09:00:00,11,7,4
2020-01-04 10:00:00,15,10,5
2020-01-04 11:00:00,21,10,11
2020-01-04 12:00:00,23,11,12
2020-01-04 13:00:00,34,20,14
2020-01-04 14:00:00,29,14,15
2020-01-04 15:00:00,12,7,5
2020-01-04 16:00:00,15,11,4
2020-01-04 17:00:00,13,8,5
2020-01-04 18:00:00,15,9,6
2020-01-04 19:00:00,12,8,4
2020-01-04 20:00:00,2,1,1
2020-01-04 21:00:00,5,5,0
2020-01-04 22:00:00,8,5,3
2020-01-04 23:00:00,4,2,2
2020-01-05 00:00:00,2,1,1
2020-01-05 01:00:00,1,1,0
2020-01-05 02:00:00,0,0,0
2020-01-05 03:00:00,0,0,0
2020-01-05 04:00:00,0,0,0
2020-01-05 05:00:00,1,1,0
2020-01-05 06:00:00,3,0,3
2020-01-05 07:00:00,2,0,2
2020-01-05 08:00:00,4,1,3
2020-01-05 09:00:00,5,3,2
2020-01-05 10:00:00,9,5,4
2020-01-05 11:00:00,18,7,11
2020-01-05 12:00:00,13,10,3
2020-01-05 13:00:00,16,9,7
2020-01-05 14:00:00,11,4,7
2020-01-05 15:00:00,21,8,13
2020-01-05 16:00:00,14,7,7
2020-01-05 17:00:00,18,9,9
2020-01-05 18:00:00,13,10,3
2020-01-05 19:00:00,9,6,3
2020-01-05 20:00:00,4,2,2
2020-01-05 21:00:00,6,2,4
2020-01-05 22:00:00,1,1,0
2020-01-05 23:00:00,1,0,1
2020-01-06 00:00:00,3,3,0
2020-01-06 01:00:00,0,0,0
2020-01-06 02:00:00,1,1,0
2020-01-06 03:00:00,0,0,0
2020-01-06 04:00:00,0,0,0
2020-01-06 05:00:00,17,8,9
2020-01-06 06:00:00,37,13,24
2020-01-06 07:00:00,96,42,54
2020-01-06 08:00:00,146,52,94
2020-01-06 09:00:00,67,36,31
2020-01-06 10:00:00,27,13,14
2020-01-06 11:00:00,16,10,6
2020-01-06 12:00:00,30,21,9
2020-01-06 13:00:00,16,7,9
2020-01-06 14:00:00,23,12,11
2020-01-06 15:00:00,58,38,20
2020-01-06 16:00:00,129,85,44
2020-01-06 17:00:00,190,117,73
2020-01-06 18:00:00,65,44,21
2020-01-06 19:00:00,13,4,9
2020-01-06 20:00:00,14,11,3
2020-01-06 21:00:00,7,4,3
2020-01-06 22:00:00,3,2,1
2020-01-06 23:00:00,0,0,0
2020-01-07 00:00:00,2,0,2
2020-01-07 01:00:00,1,1,0
2020-01-07 02:00:00,2,2,0
2020-01-07 03:00:00,1,0,1
2020-01-07 04:00:00,2,1,1
2020-01-07 05:00:00,10,5,5
2020-01-07 06:00:00,38,12,26
2020-01-07 07:00:00,94,40,54
2020-01-07 08:00:00,148,66,82
2020-01-07 09:00:00,63,35,28
2020-01-07 10:00:00,38,18,20
2020-01-07 11:00:00,23,11,12
2020-01-07 12:00:00,32,16,16
2020-01-07 13:00:00,24,13,11
2020-01-07 14:00:00,36,26,10
2020-01-07 15:00:00,78,43,35
2020-01-07 16:00:00,138,93,45
2020-01-07 17:00:00,187,112,75
2020-01-07 18:00:00,73,47,26
2020-01-07 19:00:00,29,15,14
2020-01-07 20:00:00,11,8,3
2020-01-07 21:00:00,4,1,3
2020-01-07 22:00:00,9,6,3
2020-01-07 23:00:00,1,1,0
2020-01-08 00:00:00,0,0,0
2020-01-08 01:00:00,0,0,0
2020-01-08 02:00:00,2,0,2
2020-01-08 03:00:00,0,0,0
2020-01-08 04:00:00,8,8,0
2020-01-08 05:00:00,12,6,6
2020-01-08 06:00:00,44,17,27
2020-01-08 07:00:00,87,41,46
2020-01-08 08:00:00,167,80,87
2020-01-08 09:00:00,76,38,38
2020-01-08 10:00:00,36,17,19
2020-01-08 11:00:00,40,17,23
2020-01-08 12:00:00,35,18,17
2020-01-08 13:00:00,42,18,24
2020-01-08 14:00:00,30,21,9
2020-01-08 15:00:00,62,43,19
2020-01-08 16:00:00,127,84,43
2020-01-08 17:00:00,198,126,72
2020-01-08 18:00:00,96,66,30
2020-01-08 19:00:00,29,16,13
2020-01-08 20:00:00,20,10,10
2020-01-08 21:00:00,7,5,2
2020-01-08 22:00:00,3,2,1
2020-01-08 23:00:00,5,5,0
2020-01-09 00:00:00,1,0,1
2020-01-09 01:00:00,1,0,1
2020-01-09 02:00:00,0,0,0
2020-01-09 03:00:00,1,0,1
2020-01-09 04:00:00,0,0,0
2020-01-09 05:00:00,5,1,4
2020-01-09 06:00:00,48,25,23
2020-01-09 07:00:00,73,23,50
2020-01-09 08:00:00,119,50,69
2020-01-09 09:00:00,64,35,29
2020-01-09 10:00:00,32,14,18
2020-01-09 11:00:00,28,15,13
2020-01-09 12:00:00,23,11,12
2020-01-09 13:00:00,32,19,13
2020-01-09 14:00:00,45,25,20
2020-01-09 15:00:00,61,38,23
2020-01-09 16:00:00,146,105,41
2020-01-09 17:00:00,147,99,48
2020-01-09 18:00:00,95,54,41
2020-01-09 19:00:00,41,23,18
2020-01-09 20:00:00,14,6,8
2020-01-09 21:00:00,9,4,5
2020-01-09 22:00:00,12,7,5
2020-01-09 23:00:00,11,6,5
2020-01-10 00:00:00,0,0,0
2020-01-10 01:00:00,7,5,2
2020-01-10 02:00:00,2,2,0
2020-01-10 03:00:00,0,0,0
2020-01-10 04:00:00,0,0,0
2020-01-10 05:00:00,7,4,3
2020-01-10 06:00:00,28,14,14
2020-01-10 07:00:00,61,22,39
2020-01-10 08:00:00,106,38,68
2020-01-10 09:00:00,43,20,23
2020-01-10 10:00:00,25,13,12
2020-01-10 11:00:00,28,15,13
2020-01-10 12:00:00,27,15,12
2020-01-10 13:00:00,22,9,13
2020-01-10 14:00:00,34,21,13
2020-01-10 15:00:00,36,23,13
2020-01-10 16:00:00,107,68,39
2020-01-10 17:00:00,130,83,47
2020-01-10 18:00:00,54,41,13
2020-01-10 19:00:00,21,9,12
2020-01-10 20:00:00,8,4,4
2020-01-10 21:00:00,7,5,2
2020-01-10 22:00:00,6,2,4
2020-01-10 23:00:00,5,1,4
2020-01-11 00:00:00,1,0,1
2020-01-11 01:00:00,2,0,2
2020-01-11 02:00:00,5,4,1
2020-01-11 03:00:00,0,0,0
2020-01-11 04:00:00,0,0,0
2020-01-11 05:00:00,3,2,1
2020-01-11 06:00:00,4,0,4
2020-01-11 07:00:00,5,2,3
2020-01-11 08:00:00,6,4,2
2020-01-11 09:00:00,11,3,8
2020-01-11 10:00:00,10,7,3
2020-01-11 11:00:00,8,6,2
2020-01-11 12:00:00,21,16,5
2020-01-11 13:00:00,17,7,10
2020-01-11 14:00:00,16,3,13
2020-01-11 15:00:00,19,10,9
2020-01-11 16:00:00,23,14,9
2020-01-11 17:00:00,14,8,6
2020-01-11 18:00:00,14,7,7
2020-01-11 19:00:00,8,7,1
2020-01-11 20:00:00,3,2,1
2020-01-11 21:00:00,6,4,2
2020-01-11 22:00:00,10,6,4
2020-01-11 23:00:00,2,2,0
2020-01-12 00:00:00,2,1,1
2020-01-12 01:00:00,2,1,1
2020-01-12 02:00:00,4,3,1
2020-01-12 03:00:00,0,0,0
2020-01-12 04:00:00,0,0,0
2020-01-12 05:00:00,1,1,0
2020-01-12 06:00:00,0,0,0
2020-01-12 07:00:00,7,3,4
2020-01-12 08:00:00,5,4,1
2020-01-12 09:00:00,8,5,3
2020-01-12 10:00:00,5,3,2
2020-01-12 11:00:00,6,3,3
2020-01-12 12:00:00,17,7,10
2020-01-12 13:00:00,17,9,8
2020-01-12 14:00:00,21,12,9
2020-01-12 15:00:00,21,10,11
2020-01-12 16:00:00,15,8,7
2020-01-12 17:00:00,14,8,6
2020-01-12 18:00:00,5,3,2
2020-01-12 19:00:00,7,3,4
2020-01-12 20:00:00,4,1,3
2020-01-12 21:00:00,2,2,0
2020-01-12 22:00:00,3,2,1
2020-01-12 23:00:00,3,2,1
2020-01-13 00:00:00,1,1,0
2020-01-13 01:00:00,1,1,0
2020-01-13 02:00:00,0,0,0
2020-01-13 03:00:00,1,1,0
2020-01-13 04:00:00,0,0,0
2020-01-13 05:00:00,6,1,5
2020-01-13 06:00:00,17,5,12
2020-01-13 07:00:00,40,15,25
2020-01-13 08:00:00,53,23,30
2020-01-13 09:00:00,46,25,21
2020-01-13 10:00:00,22,11,11
2020-01-13 11:00:00,18,9,9
2020-01-13 12:00:00,21,9,12
2020-01-13 13:00:00,16,9,7
2020-01-13 14:00:00,25,15,10
2020-01-13 15:00:00,33,26,7
2020-01-13 16:00:00,67,44,23
2020-01-13 17:00:00,79,50,29
2020-01-13 18:00:00,25,15,10
2020-01-13 19:00:00,16,9,7
2020-01-13 20:00:00,6,3,3
2020-01-13 21:00:00,2,1,1
2020-01-13 22:00:00,2,2,0
2020-01-13 23:00:00,4,0,4
2020-01-14 00:00:00,5,4,1
2020-01-14 01:00:00,0,0,0
2020-01-14 02:00:00,0,0,0
2020-01-14 03:00:00,0,0,0
2020-01-14 04:00:00,1,1,0
2020-01-14 05:00:00,1,0,1
2020-01-14 06:00:00,12,4,8
2020-01-14 07:00:00,26,10,16
2020-01-14 08:00:00,46,16,30
2020-01-14 09:00:00,27,15,12
2020-01-14 10:00:00,14,7,7
2020-01-14 11:00:00,15,1,14
2020-01-14 12:00:00,10,5,5
2020-01-14 13:00:00,21,15,6
2020-01-14 14:00:00,22,14,8
2020-01-14 15:00:00,17,9,8
2020-01-14 16:00:00,44,33,11
2020-01-14 17:00:00,73,45,28
2020-01-14 18:00:00,20,12,8
2020-01-14 19:00:00,11,4,7
2020-01-14 20:00:00,5,4,1
2020-01-14 21:00:00,6,5,1
2020-01-14 22:00:00,6,2,4
2020-01-14 23:00:00,7,3,4
2020-01-15 00:00:00,3,3,0
2020-01-15 01:00:00,2,2,0
2020-01-15 02:00:00,1,1,0
2020-01-15 03:00:00,1,1,0
2020-01-15 04:00:00,0,0,0
2020-01-15 05:00:00,7,3,4
2020-01-15 06:00:00,17,7,10
2020-01-15 07:00:00,22,7,15
2020-01-15 08:00:00,43,25,18
2020-01-15 09:00:00,34,23,11
2020-01-15 10:00:00,22,12,10
2020-01-15 11:00:00,27,15,12
2020-01-15 12:00:00,9,5,4
2020-01-15 13:00:00,20,11,9
2020-01-15 14:00:00,19,9,10
2020-01-15 15:00:00,18,12,6
2020-01-15 16:00:00,39,26,13
2020-01-15 17:00:00,74,44,30
2020-01-15 18:00:00,37,19,18
2020-01-15 19:00:00,13,6,7
2020-01-15 20:00:00,9,6,3
2020-01-15 21:00:00,6,2,4
2020-01-15 22:00:00,5,4,1
2020-01-15 23:00:00,4,2,2
2020-01-16 00:00:00,1,0,1
2020-01-16 01:00:00,1,0,1
2020-01-16 02:00:00,2,1,1
2020-01-16 03:00:00,0,0,0
2020-01-16 04:00:00,1,1,0
2020-01-16 05:00:00,7,2,5
2020-01-16 06:00:00,31,8,23
2020-01-16 07:00:00,62,21,41
2020-01-16 08:00:00,87,39,48
2020-01-16 09:00:00,64,34,30
2020-01-16 10:00:00,37,18,19
2020-01-16 11:00:00,32,16,16
2020-01-16 12:00:00,34,12,22
2020-01-16 13:00:00,33,19,14
2020-01-16 14:00:00,33,23,10
2020-01-16 15:00:00,43,26,17
2020-01-16 16:00:00,109,74,35
2020-01-16 17:00:00,139,94,45
2020-01-16 18:00:00,57,37,20
2020-01-16 19:00:00,23,11,12
2020-01-16 20:00:00,8,5,3
2020-01-16 21:00:00,11,6,5
2020-01-16 22:00:00,8,6,2
2020-01-16 23:00:00,1,1,0
2020-01-17 00:00:00,4,2,2
2020-01-17 01:00:00,3,3,0
2020-01-17 02:00:00,1,0,1
2020-01-17 03:00:00,1,1,0
2020-01-17 04:00:00,0,0,0
2020-01-17 05:00:00,5,2,3
2020-01-17 06:00:00,23,9,14
2020-01-17 07:00:00,65,30,35
2020-01-17 08:00:00,97,42,55
2020-01-17 09:00:00,56,36,20
2020-01-17 10:00:00,40,22,18
2020-01-17 11:00:00,26,19,7
2020-01-17 12:00:00,33,16,17
2020-01-17 13:00:00,22,11,11
2020-01-17 14:00:00,33,23,10
2020-01-17 15:00:00,61,36,25
2020-01-17 16:00:00,98,65,33
2020-01-17 17:00:00,133,76,57
2020-01-17 18:00:00,64,43,21
2020-01-17 19:00:00,23,12,11
2020-01-17 20:00:00,11,6,5
2020-01-17 21:00:00,9,5,4
2020-01-17 22:00:00,7,4,3
2020-01-17 23:00:00,2,1,1
2020-01-18 00:00:00,2,0,2
2020-01-18 01:00:00,4,2,2
2020-01-18 02:00:00,2,2,0
2020-01-18 03:00:00,1,1,0
2020-01-18 04:00:00,0,0,0
2020-01-18 05:00:00,2,1,1
2020-01-18 06:00:00,1,0,1
2020-01-18 07:00:00,5,2,3
2020-01-18 08:00:00,6,2,4
2020-01-18 09:00:00,12,5,7
2020-01-18 10:00:00,15,4,11
2020-01-18 11:00:00,20,8,12
2020-01-18 12:00:00,23,14,9
2020-01-18 13:00:00,30,17,13
2020-01-18 14:00:00,27,12,15
2020-01-18 15:00:00,24,9,15
2020-01-18 16:00:00,17,5,12
2020-01-18 17:00:00,18,11,7
2020-01-18 18:00:00,137,134,3
2020-01-18 19:00:00,72,69,3
2020-01-18 20:00:00,5,3,2
2020-01-18 21:00:00,2,1,1
2020-01-18 22:00:00,5,2,3
2020-01-18 23:00:00,5,2,3
2020-01-19 00:00:00,3,2,1
2020-01-19 01:00:00,4,2,2
2020-01-19 02:00:00,1,1,0
2020-01-19 03:00:00,0,0,0
2020-01-19 04:00:00,0,0,0
2020-01-19 05:00:00,1,0,1
2020-01-19 06:00:00,1,1,0
2020-01-19 07:00:00,2,1,1
2020-01-19 08:00:00,4,2,2
2020-01-19 09:00:00,7,4,3
2020-01-19 10:00:00,8,5,3
2020-01-19 11:00:00,7,2,5
2020-01-19 12:00:00,8,5,3
2020-01-19 13:00:00,12,8,4
2020-01-19 14:00:00,12,6,6
2020-01-19 15:00:00,11,4,7
2020-01-19 16:00:00,8,3,5
2020-01-19 17:00:00,9,5,4
2020-01-19 18:00:00,8,4,4
2020-01-19 19:00:00,7,2,5
2020-01-19 20:00:00,5,2,3
2020-01-19 21:00:00,3,1,2
2020-01-19 22:00:00,3,1,2
2020-01-19 23:00:00,1,0,1
2020-01-20 00:00:00,1,1,0
2020-01-20 01:00:00,0,0,0
2020-01-20 02:00:00,0,0,0
2020-01-20 03:00:00,1,0,1
2020-01-20 04:00:00,2,1,1
2020-01-20 05:00:00,9,7,2
2020-01-20 06:00:00,22,10,12
2020-01-20 07:00:00,50,26,24
2020-01-20 08:00:00,78,34,44
2020-01-20 09:00:00,52,23,29
2020-01-20 10:00:00,20,12,8
2020-01-20 11:00:00,19,10,9
2020-01-20 12:00:00,24,14,10
2020-01-20 13:00:00,23,12,11
2020-01-20 14:00:00,30,14,16
2020-01-20 15:00:00,37,12,25
2020-01-20 16:00:00,83,30,53
2020-01-20 17:00:00,121,42,79
2020-01-20 18:00:00,53,22,31
2020-01-20 19:00:00,20,9,11
2020-01-20 20:00:00,15,8,7
2020-01-20 21:00:00,5,3,2
2020-01-20 22:00:00,6,4,2
2020-01-20 23:00:00,2,1,1
2020-01-21 00:00:00,2,1,1
2020-01-21 01:00:00,1,1,0
2020-01-21 02:00:00,1,1,0
2020-01-21 03:00:00,1,0,1
2020-01-21 04:00:00,2,1,1
2020-01-21 05:00:00,14,10,4
2020-01-21 06:00:00,27,15,12
2020-01-21 07:00:00,63,36,27
2020-01-21 08:00:00,99,46,53
2020-01-21 09:00:00,51,26,25
2020-01-21 10:00:00,20,12,8
2020-01-21 11:00:00,20,12,8
2020-01-21 12:00:00,18,9,9
2020-01-21 13:00:00,24,13,11
2020-01-21 14:00:00,25,11,14
2020-01-21 15:00:00,37,11,26
2020-01-21 16:00:00,78,25,53
2020-01-21 17:00:00,125,41,84
2020-01-21 18:00:00,64,24,40
2020-01-21 19:00:00,24,9,15
2020-01-21 20:00:00,9,4,5
2020-01-21 21:00:00,5,2,3
2020-01-21 22:00:00,3,2,1
2020-01-21 23:00:00,2,1,1
2020-01-22 00:00:00,2,2,0
2020-01-22 01:00:00,0,0,0
2020-01-22 02:00:00,0,0,0
2020-01-22 03:00:00,1,0,1
2020-01-22 04:00:00,2,1,1
2020-01-22 05:00:00,12,7,5
2020-01-22 06:00:00,28,17,11
2020-01-22 07:00:00,55,31,24
2020-01-22 08:00:00,89,49,40
2020-01-22 09:00:00,52,24,28
2020-01-22 10:00:00,18,12,6
2020-01-22 11:00:00,23,13,10
2020-01-22 12:00:00,28,13,15
2020-01-22 13:00:00,24,15,9
2020-01-22 14:00:00,24,10,14
2020-01-22 15:00:00,48,17,31
2020-01-22 16:00:00,79,26,53
2020-01-22 17:00:00,128,51,77
2020-01-22 18:00:00,62,23,39
2020-01-22 19:00:00,25,11,14
2020-01-22 20:00:00,16,7,9
2020-01-22 21:00:00,7,3,4
2020-01-22 22:00:00,6,2,4
2020-01-22 23:00:00,3,2,1
2020-01-23 00:00:00,2,1,1
2020-01-23 01:00:00,1,0,1
2020-01-23 02:00:00,2,2,0
2020-01-23 03:00:00,0,0,0
2020-01-23 04:00:00,2,1,1
2020-01-23 05:00:00,15,9,6
2020-01-23 06:00:00,29,16,13
2020-01-23 07:00:00,64,35,29
2020-01-23 08:00:00,102,48,54
2020-01-23 09:00:00,51,20,31
2020-01-23 10:00:00,28,15,13
2020-01-23 11:00:00,27,15,12
2020-01-23 12:00:00,20,9,11
2020-01-23 13:00:00,23,13,10
2020-01-23 14:00:00,24,7,17
2020-01-23 15:00:00,49,18,31
2020-01-23 16:00:00,88,29,59
2020-01-23 17:00:00,150,48,102
2020-01-23 18:00:00,78,29,49
2020-01-23 19:00:00,25,14,11
2020-01-23 20:00:00,15,5,10
2020-01-23 21:00:00,9,4,5
2020-01-23 22:00:00,6,2,4
2020-01-23 23:00:00,4,1,3
2020-01-24 00:00:00,2,2,0
2020-01-24 01:00:00,3,2,1
2020-01-24 02:00:00,0,0,0
2020-01-24 03:00:00,0,0,0
2020-01-24 04:00:00,2,1,1
2020-01-24 05:00:00,12,8,4
2020-01-24 06:00:00,25,12,13
2020-01-24 07:00:00,57,29,28
2020-01-24 08:00:00,90,42,48
2020-01-24 09:00:00,65,30,35
2020-01-24 10:00:00,29,17,12
2020-01-24 11:00:00,34,15,19
2020-01-24 12:00:00,31,17,14
2020-01-24 13:00:00,34,15,19
2020-01-24 14:00:00,39,17,22
2020-01-24 15:00:00,58,22,36
2020-01-24 16:00:00,110,38,72
2020-01-24 17:00:00,115,43,72
2020-01-24 18:00:00,54,22,32
2020-01-24 19:00:00,22,9,13
2020-01-24 20:00:00,10,5,5
2020-01-24 21:00:00,6,3,3
2020-01-24 22:00:00,7,4,3
2020-01-24 23:00:00,5,3,2
2020-01-25 00:00:00,3,0,3
2020-01-25 01:00:00,2,1,1
2020-01-25 02:00:00,3,1,2
2020-01-25 03:00:00,1,1,0
2020-01-25 04:00:00,0,0,0
2020-01-25 05:00:00,2,1,1
2020-01-25 06:00:00,3,1,2
2020-01-25 07:00:00,4,2,2
2020-01-25 08:00:00,11,6,5
2020-01-25 09:00:00,9,3,6
2020-01-25 10:00:00,15,4,11
2020-01-25 11:00:00,18,9,9
2020-01-25 12:00:00,26,12,14
2020-01-25 13:00:00,23,10,13
2020-01-25 14:00:00,22,9,13
2020-01-25 15:00:00,21,10,11
2020-01-25 16:00:00,26,13,13
2020-01-25 17:00:00,15,8,7
2020-01-25 18:00:00,16,6,10
2020-01-25 19:00:00,9,5,4
2020-01-25 20:00:00,8,5,3
2020-01-25 21:00:00,4,2,2
2020-01-25 22:00:00,6,3,3
2020-01-25 23:00:00,5,1,4
2020-01-26 00:00:00,4,2,2
2020-01-26 01:00:00,2,1,1
2020-01-26 02:00:00,2,1,1
2020-01-26 03:00:00,1,1,0
2020-01-26 04:00:00,0,0,0
2020-01-26 05:00:00,1,1,0
2020-01-26 06:00:00,2,1,1
2020-01-26 07:00:00,3,1,2
2020-01-26 08:00:00,4,1,3
2020-01-26 09:00:00,8,4,4
2020-01-26 10:00:00,13,8,5
2020-01-26 11:00:00,10,4,6
2020-01-26 12:00:00,17,5,12
2020-01-26 13:00:00,16,7,9
2020-01-26 14:00:00,20,11,9
2020-01-26 15:00:00,15,7,8
2020-01-26 16:00:00,15,10,5
2020-01-26 17:00:00,13,7,6
2020-01-26 18:00:00,15,9,6
2020-01-26 19:00:00,9,4,5
2020-01-26 20:00:00,8,4,4
2020-01-26 21:00:00,5,2,3
2020-01-26 22:00:00,5,3,2
2020-01-26 23:00:00,1,0,1
2020-01-27 00:00:00,3,1,2
2020-01-27 01:00:00,0,0,0
2020-01-27 02:00:00,2,1,1
2020-01-27 03:00:00,0,0,0
2020-01-27 04:00:00,3,1,2
2020-01-27 05:00:00,14,7,7
2020-01-27 06:00:00,34,16,18
2020-01-27 07:00:00,59,30,29
2020-01-27 08:00:00,108,49,59
2020-01-27 09:00:00,59,27,32
2020-01-27 10:00:00,26,14,12
2020-01-27 11:00:00,19,10,9
2020-01-27 12:00:00,23,14,9
2020-01-27 13:00:00,19,10,9
2020-01-27 14:00:00,28,11,17
2020-01-27 15:00:00,40,11,29
2020-01-27 16:00:00,67,24,43
2020-01-27 17:00:00,103,37,66
2020-01-27 18:00:00,67,21,46
2020-01-27 19:00:00,22,10,12
2020-01-27 20:00:00,8,4,4
2020-01-27 21:00:00,5,2,3
2020-01-27 22:00:00,2,1,1
2020-01-27 23:00:00,2,2,0
2020-01-28 00:00:00,2,1,1
2020-01-28 01:00:00,1,1,0
2020-01-28 02:00:00,0,0,0
2020-01-28 03:00:00,0,0,0
2020-01-28 04:00:00,2,1,1
2020-01-28 05:00:00,16,10,6
2020-01-28 06:00:00,33,17,16
2020-01-28 07:00:00,69,37,32
2020-01-28 08:00:00,112,52,60
2020-01-28 09:00:00,69,32,37
2020-01-28 10:00:00,33,19,14
2020-01-28 11:00:00,27,16,11
2020-01-28 12:00:00,29,13,16
2020-01-28 13:00:00,29,15,14
2020-01-28 14:00:00,33,12,21
2020-01-28 15:00:00,52,21,31
2020-01-28 16:00:00,118,40,78
2020-01-28 17:00:00,151,56,95
2020-01-28 18:00:00,78,32,46
2020-01-28 19:00:00,26,8,18
2020-01-28 20:00:00,14,7,7
2020-01-28 21:00:00,7,3,4
2020-01-28 22:00:00,7,4,3
2020-01-28 23:00:00,4,1,3
2020-01-29 00:00:00,2,1,1
2020-01-29 01:00:00,4,2,2
2020-01-29 02:00:00,1,0,1
2020-01-29 03:00:00,1,1,0
2020-01-29 04:00:00,1,1,0
2020-01-29 05:00:00,8,6,2
2020-01-29 06:00:00,23,13,10
2020-01-29 07:00:00,48,29,19
2020-01-29 08:00:00,78,35,43
2020-01-29 09:00:00,49,22,27
2020-01-29 10:00:00,22,13,9
2020-01-29 11:00:00,24,12,12
2020-01-29 12:00:00,23,13,10
2020-01-29 13:00:00,27,12,15
2020-01-29 14:00:00,33,14,19
2020-01-29 15:00:00,34,8,26
2020-01-29 16:00:00,81,28,53
2020-01-29 17:00:00,105,39,66
2020-01-29 18:00:00,57,23,34
2020-01-29 19:00:00,27,13,14
2020-01-29 20:00:00,15,8,7
2020-01-29 21:00:00,9,4,5
2020-01-29 22:00:00,5,2,3
2020-01-29 23:00:00,3,1,2
2020-01-30 00:00:00,4,1,3
2020-01-30 01:00:00,4,2,2
2020-01-30 02:00:00,4,3,1
2020-01-30 03:00:00,2,1,1
2020-01-30 04:00:00,1,1,0
2020-01-30 05:00:00,9,5,4
2020-01-30 06:00:00,21,11,10
2020-01-30 07:00:00,53,31,22
2020-01-30 08:00:00,74,34,40
2020-01-30 09:00:00,50,22,28
2020-01-30 10:00:00,21,9,12
2020-01-30 11:00:00,20,10,10
2020-01-30 12:00:00,22,11,11
2020-01-30 13:00:00,27,15,12
2020-01-30 14:00:00,30,12,18
2020-01-30 15:00:00,43,13,30
2020-01-30 16:00:00,85,23,62
2020-01-30 17:00:00,110,40,70
2020-01-30 18:00:00,58,26,32
2020-01-30 19:00:00,20,7,13
2020-01-30 20:00:00,13,6,7
2020-01-30 21:00:00,11,4,7
2020-01-30 22:00:00,4,2,2
2020-01-30 23:00:00,2,1,1
2020-01-31 00:00:00,6,5,1
2020-01-31 01:00:00,5,3,2
2020-01-31 02:00:00,3,2,1
2020-01-31 03:00:00,1,0,1
2020-01-31 04:00:00,0,0,0
2020-01-31 05:00:00,6,4,2
2020-01-31 06:00:00,22,11,11
2020-01-31 07:00:00,44,24,20
2020-01-31 08:00:00,61,28,33
2020-01-31 09:00:00,43,21,22
2020-01-31 10:00:00,19,9,10
2020-01-31 11:00:00,20,12,8
2020-01-31 12:00:00,27,17,10
2020-01-31 13:00:00,22,12,10
2020-01-31 14:00:00,22,8,14
2020-01-31 15:00:00,38,12,26
2020-01-31 16:00:00,72,24,48
2020-01-31 17:00:00,104,40,64
2020-01-31 18:00:00,41,15,26
2020-01-31 19:00:00,17,8,9
2020-01-31 20:00:00,10,4,6
2020-01-31 21:00:00,3,1,2
2020-01-31 22:00:00,7,3,4
2020-01-31 23:00:00,1,0,1
2020-02-01 00:00:00,2,0,2
2020-02-01 01:00:00,3,1,2
2020-02-01 02:00:00,3,2,1
2020-02-01 03:00:00,1,1,0
2020-02-01 04:00:00,0,0,0
2020-02-01 05:00:00,2,1,1
2020-02-01 06:00:00,2,0,2
2020-02-01 07:00:00,5,2,3
2020-02-01 08:00:00,8,4,4
2020-02-01 09:00:00,11,4,7
2020-02-01 10:00:00,13,5,8
2020-02-01 11:00:00,16,8,8
2020-02-01 12:00:00,23,14,9
2020-02-01 13:00:00,23,11,12
2020-02-01 14:00:00,22,8,14
2020-02-01 15:00:00,22,10,12
2020-02-01 16:00:00,22,11,11
2020-02-01 17:00:00,16,9,7
2020-02-01 18:00:00,56,49,7
2020-02-01 19:00:00,30,27,3
2020-02-01 20:00:00,5,3,2
2020-02-01 21:00:00,4,2,2
2020-02-01 22:00:00,7,4,3
2020-02-01 23:00:00,4,2,2
2020-02-02 00:00:00,3,2,1
2020-02-02 01:00:00,2,1,1
2020-02-02 02:00:00,3,2,1
2020-02-02 03:00:00,0,0,0
2020-02-02 04:00:00,0,0,0
2020-02-02 05:00:00,1,1,0
2020-02-02 06:00:00,1,1,0
2020-02-02 07:00:00,4,2,2
2020-02-02 08:00:00,4,2,2
2020-02-02 09:00:00,7,4,3
2020-02-02 10:00:00,8,5,3
2020-02-02 11:00:00,8,3,5
2020-02-02 12:00:00,14,6,8
2020-02-02 13:00:00,15,8,7
2020-02-02 14:00:00,18,10,8
2020-02-02 15:00:00,16,7,9
2020-02-02 16:00:00,13,7,6
2020-02-02 17:00:00,12,7,5
2020-02-02 18:00:00,9,5,4
2020-02-02 19:00:00,8,3,5
2020-02-02 20:00:00,5,2,3
2020-02-02 21:00:00,4,2,2
2020-02-02 22:00:00,4,2,2
2020-02-02 23:00:00,2,1,1
2020-02-03 00:00:00,2,1,1
2020-02-03 01:00:00,0,0,0
2020-02-03 02:00:00,0,0,0
2020-02-03 03:00:00,0,0,0
2020-02-03 04:00:00,2,1,1
2020-02-03 05:00:00,10,5,5
2020-02-03 06:00:00,24,10,14
2020-02-03 07:00:00,50,24,26
2020-02-03 08:00:00,79,35,44
2020-02-03 09:00:00,52,25,27
2020-02-03 10:00:00,22,12,10
2020-02-03 11:00:00,19,10,9
2020-02-03 12:00:00,22,12,10
2020-02-03 13:00:00,19,10,9
2020-02-03 14:00:00,27,13,14
2020-02-03 15:00:00,36,16,20
2020-02-03 16:00:00,73,33,40
2020-02-03 17:00:00,101,43,58
2020-02-03 18:00:00,48,19,29
2020-02-03 19:00:00,19,9,10
2020-02-03 20:00:00,10,5,5
2020-02-03 21:00:00,4,2,2
2020-02-03 22:00:00,3,2,1
2020-02-03 23:00:00,3,1,2
2020-02-04 00:00:00,3,2,1
2020-02-04 01:00:00,1,1,0
2020-02-04 02:00:00,0,0,0
2020-02-04 03:00:00,0,0,0
2020-02-04 04:00:00,2,1,1
2020-02-04 05:00:00,11,7,4
2020-02-04 06:00:00,24,12,12
2020-02-04 07:00:00,53,28,25
2020-02-04 08:00:00,86,38,48
2020-02-04 09:00:00,40,30,10
2020-02-04 10:00:00,29,14,15
2020-02-04 11:00:00,25,10,15
2020-02-04 12:00:00,24,16,8
2020-02-04 13:00:00,20,9,11
2020-02-04 14:00:00,33,12,21
2020-02-04 15:00:00,50,16,34
2020-02-04 16:00:00,113,35,78
2020-02-04 17:00:00,154,47,107
2020-02-04 18:00:00,71,17,54
2020-02-04 19:00:00,28,13,15
2020-02-04 20:00:00,18,10,8
2020-02-04 21:00:00,7,1,6
2020-02-04 22:00:00,0,0,0
2020-02-04 23:00:00,0,0,0
2020-02-05 00:00:00,2,1,1
2020-02-05 01:00:00,0,0,0
2020-02-05 02:00:00,0,0,0
2020-02-05 03:00:00,1,0,1
2020-02-05 04:00:00,0,0,0
2020-02-05 05:00:00,3,0,3
2020-02-05 06:00:00,22,12,10
2020-02-05 07:00:00,83,57,26
2020-02-05 08:00:00,89,49,40
2020-02-05 09:00:00,39,14,25
2020-02-05 10:00:00,31,11,20
2020-02-05 11:00:00,27,17,10
2020-02-05 12:00:00,20,11,9
2020-02-05 13:00:00,18,10,8
2020-02-05 14:00:00,22,10,12
2020-02-05 15:00:00,45,13,32
2020-02-05 16:00:00,87,24,63
2020-02-05 17:00:00,131,52,79
2020-02-05 18:00:00,57,14,43
2020-02-05 19:00:00,17,11,6
2020-02-05 20:00:00,10,5,5
2020-02-05 21:00:00,3,2,1
2020-02-05 22:00:00,9,4,5
2020-02-05 23:00:00,1,1,0
2020-02-06 00:00:00,6,2,4
2020-02-06 01:00:00,0,0,0
2020-02-06 02:00:00,1,0,1
2020-02-06 03:00:00,0,0,0
2020-02-06 04:00:00,1,1,0
2020-02-06 05:00:00,10,7,3
2020-02-06 06:00:00,29,12,17
2020-02-06 07:00:00,69,48,21
2020-02-06 08:00:00,101,58,43
2020-02-06 09:00:00,51,25,26
2020-02-06 10:00:00,25,14,11
2020-02-06 11:00:00,27,13,14
2020-02-06 12:00:00,17,6,11
2020-02-06 13:00:00,22,8,14
2020-02-06 14:00:00,23,10,13
2020-02-06 15:00:00,41,12,29
2020-02-06 16:00:00,103,30,73
2020-02-06 17:00:00,144,55,89
2020-02-06 18:00:00,63,17,46
2020-02-06 19:00:00,23,9,14
2020-02-06 20:00:00,17,9,8
2020-02-06 21:00:00,12,8,4
2020-02-06 22:00:00,5,3,2
2020-02-06 23:00:00,4,0,4
2020-02-07 00:00:00,6,2,4
2020-02-07 01:00:00,0,0,0
2020-02-07 02:00:00,1,1,0
2020-02-07 03:00:00,0,0,0
2020-02-07 04:00:00,1,0,1
2020-02-07 05:00:00,4,2,2
2020-02-07 06:00:00,25,18,7
2020-02-07 07:00:00,73,38,35
2020-02-07 08:00:00,93,54,39
2020-02-07 09:00:00,50,25,25
2020-02-07 10:00:00,31,15,16
2020-02-07 11:00:00,30,14,16
2020-02-07 12:00:00,28,13,15
2020-02-07 13:00:00,28,13,15
2020-02-07 14:00:00,42,17,25
2020-02-07 15:00:00,62,26,36
2020-02-07 16:00:00,105,38,67
2020-02-07 17:00:00,103,38,65
2020-02-07 18:00:00,51,15,36
2020-02-07 19:00:00,18,7,11
2020-02-07 20:00:00,7,4,3
2020-02-07 21:00:00,11,5,6
2020-02-07 22:00:00,7,4,3
2020-02-07 23:00:00,6,3,3
2020-02-08 00:00:00,6,3,3
2020-02-08 01:00:00,3,2,1
2020-02-08 02:00:00,3,3,0
2020-02-08 03:00:00,1,0,1
2020-02-08 04:00:00,0,0,0
2020-02-08 05:00:00,2,0,2
2020-02-08 06:00:00,3,2,1
2020-02-08 07:00:00,3,0,3
2020-02-08 08:00:00,8,3,5
2020-02-08 09:00:00,20,17,3
2020-02-08 10:00:00,15,7,8
2020-02-08 11:00:00,25,7,18
2020-02-08 12:00:00,31,13,18
2020-02-08 13:00:00,18,4,14
2020-02-08 14:00:00,13,8,5
2020-02-08 15:00:00,30,9,21
2020-02-08 16:00:00,30,20,10
2020-02-08 17:00:00,47,22,25
2020-02-08 18:00:00,20,12,8
2020-02-08 19:00:00,9,3,6
2020-02-08 20:00:00,5,2,3
2020-02-08 21:00:00,3,2,1
2020-02-08 22:00:00,4,3,1
2020-02-08 23:00:00,1,0,1
2020-02-09 00:00:00,4,1,3
2020-02-09 01:00:00,1,1,0
2020-02-09 02:00:00,1,0,1
2020-02-09 03:00:00,0,0,0
2020-02-09 04:00:00,1,0,1
2020-02-09 05:00:00,2,0,2
2020-02-09 06:00:00,0,0,0
2020-02-09 07:00:00,6,1,5
2020-02-09 08:00:00,7,3,4
2020-02-09 09:00:00,6,4,2
2020-02-09 10:00:00,13,5,8
2020-02-09 11:00:00,24,14,10
2020-02-09 12:00:00,32,12,20
2020-02-09 13:00:00,27,9,18
2020-02-09 14:00:00,28,13,15
2020-02-09 15:00:00,33,16,17
2020-02-09 16:00:00,43,24,19
2020-02-09 17:00:00,16,7,9
2020-02-09 18:00:00,23,9,14
2020-02-09 19:00:00,10,6,4
2020-02-09 20:00:00,11,5,6
2020-02-09 21:00:00,6,1,5
2020-02-09 22:00:00,12,4,8
2020-02-09 23:00:00,1,1,0
2020-02-10 00:00:00,3,2,1
2020-02-10 01:00:00,0,0,0
2020-02-10 02:00:00,1,0,1
2020-02-10 03:00:00,2,2,0
2020-02-10 04:00:00,3,1,2
2020-02-10 05:00:00,16,9,7
2020-02-10 06:00:00,35,20,15
2020-02-10 07:00:00,120,74,46
2020-02-10 08:00:00,167,95,72
2020-02-10 09:00:00,88,43,45
2020-02-10 10:00:00,39,16,23
2020-02-10 11:00:00,26,7,19
2020-02-10 12:00:00,39,15,24
2020-02-10 13:00:00,36,18,18
2020-02-10 14:00:00,29,14,15
2020-02-10 15:00:00,55,17,38
2020-02-10 16:00:00,186,72,114
2020-02-10 17:00:00,213,73,140
2020-02-10 18:00:00,96,32,64
2020-02-10 19:00:00,33,12,21
2020-02-10 20:00:00,13,6,7
2020-02-10 21:00:00,9,5,4
2020-02-10 22:00:00,3,2,1
2020-02-10 23:00:00,4,2,2
2020-02-11 00:00:00,2,1,1
2020-02-11 01:00:00,2,1,1
2020-02-11 02:00:00,0,0,0
2020-02-11 03:00:00,3,0,3
2020-02-11 04:00:00,1,0,1
2020-02-11 05:00:00,9,6,3
2020-02-11 06:00:00,39,25,14
2020-02-11 07:00:00,115,72,43
2020-02-11 08:00:00,151,80,71
2020-02-11 09:00:00,99,43,56
2020-02-11 10:00:00,41,22,19
2020-02-11 11:00:00,41,18,23
2020-02-11 12:00:00,30,11,19
2020-02-11 13:00:00,38,12,26
2020-02-11 14:00:00,45,22,23
2020-02-11 15:00:00,73,29,44
2020-02-11 16:00:00,156,53,103
2020-02-11 17:00:00,234,81,153
2020-02-11 18:00:00,91,29,62
2020-02-11 19:00:00,42,20,22
2020-02-11 20:00:00,20,7,13
2020-02-11 21:00:00,21,7,14
2020-02-11 22:00:00,10,6,4
2020-02-11 23:00:00,4,1,3
2020-02-12 00:00:00,2,0,2
2020-02-12 01:00:00,2,1,1
2020-02-12 02:00:00,3,1,2
2020-02-12 03:00:00,1,1,0
2020-02-12 04:00:00,2,0,2
2020-02-12 05:00:00,8,6,2
2020-02-12 06:00:00,34,19,15
2020-02-12 07:00:00,112,66,46
2020-02-12 08:00:00,139,71,68
2020-02-12 09:00:00,110,44,66
2020-02-12 10:00:00,45,15,30
2020-02-12 11:00:00,41,23,18
2020-02-12 12:00:00,41,21,20
2020-02-12 13:00:00,36,15,21
2020-02-12 14:00:00,45,23,22
2020-02-12 15:00:00,57,21,36
2020-02-12 16:00:00,159,63,96
2020-02-12 17:00:00,197,85,112
2020-02-12 18:00:00,97,33,64
2020-02-12 19:00:00,30,11,19
2020-02-12 20:00:00,17,9,8
2020-02-12 21:00:00,9,4,5
2020-02-12 22:00:00,8,4,4
2020-02-12 23:00:00,5,3,2
2020-02-13 00:00:00,4,0,4
2020-02-13 01:00:00,0,0,0
2020-02-13 02:00:00,0,0,0
2020-02-13 03:00:00,0,0,0
2020-02-13 04:00:00,1,0,1
2020-02-13 05:00:00,13,10,3
2020-02-13 06:00:00,34,20,14
2020-02-13 07:00:00,100,56,44
2020-02-13 08:00:00,122,67,55
2020-02-13 09:00:00,71,27,44
2020-02-13 10:00:00,35,11,24
2020-02-13 11:00:00,25,11,14
2020-02-13 12:00:00,28,15,13
2020-02-13 13:00:00,37,10,27
2020-02-13 14:00:00,27,13,14
2020-02-13 15:00:00,49,21,28
2020-02-13 16:00:00,124,41,83
2020-02-13 17:00:00,178,53,125
2020-02-13 18:00:00,66,22,44
2020-02-13 19:00:00,37,16,21
2020-02-13 20:00:00,18,5,13
2020-02-13 21:00:00,7,5,2
2020-02-13 22:00:00,14,4,10
2020-02-13 23:00:00,4,2,2
2020-02-14 00:00:00,2,0,2
2020-02-14 01:00:00,0,0,0
2020-02-14 02:00:00,0,0,0
2020-02-14 03:00:00,0,0,0
2020-02-14 04:00:00,1,0,1
2020-02-14 05:00:00,11,7,4
2020-02-14 06:00:00,39,27,12
2020-02-14 07:00:00,67,37,30
2020-02-14 08:00:00,133,77,56
2020-02-14 09:00:00,67,28,39
2020-02-14 10:00:00,35,12,23
2020-02-14 11:00:00,47,14,33
2020-02-14 12:00:00,27,11,16
2020-02-14 13:00:00,49,19,30
2020-02-14 14:00:00,56,23,33
2020-02-14 15:00:00,81,29,52
2020-02-14 16:00:00,165,54,111
2020-02-14 17:00:00,152,68,84
2020-02-14 18:00:00,69,35,34
2020-02-14 19:00:00,30,15,15
2020-02-14 20:00:00,8,2,6
2020-02-14 21:00:00,7,0,7
2020-02-14 22:00:00,13,5,8
2020-02-14 23:00:00,4,2,2
2020-02-15 00:00:00,4,4,0
2020-02-15 01:00:00,2,1,1
2020-02-15 02:00:00,4,0,4
2020-02-15 03:00:00,0,0,0
2020-02-15 04:00:00,2,1,1
2020-02-15 05:00:00,5,1,4
2020-02-15 06:00:00,5,0,5
2020-02-15 07:00:00,4,2,2
2020-02-15 08:00:00,5,0,5
2020-02-15 09:00:00,10,4,6
2020-02-15 10:00:00,10,8,2
2020-02-15 11:00:00,26,10,16
2020-02-15 12:00:00,27,10,17
2020-02-15 13:00:00,17,2,15
2020-02-15 14:00:00,13,9,4
2020-02-15 15:00:00,15,5,10
2020-02-15 16:00:00,22,14,8
2020-02-15 17:00:00,16,12,4
2020-02-15 18:00:00,22,8,14
2020-02-15 19:00:00,22,10,12
2020-02-15 20:00:00,3,1,2
2020-02-15 21:00:00,10,6,4
2020-02-15 22:00:00,7,1,6
2020-02-15 23:00:00,2,0,2
2020-02-16 00:00:00,2,2,0
2020-02-16 01:00:00,1,1,0
2020-02-16 02:00:00,0,0,0
2020-02-16 03:00:00,0,0,0
2020-02-16 04:00:00,0,0,0
2020-02-16 05:00:00,2,0,2
2020-02-16 06:00:00,3,1,2
2020-02-16 07:00:00,2,1,1
2020-02-16 08:00:00,5,3,2
2020-02-16 09:00:00,11,5,6
2020-02-16 10:00:00,10,6,4
2020-02-16 11:00:00,15,9,6
2020-02-16 12:00:00,23,6,17
2020-02-16 13:00:00,22,9,13
2020-02-16 14:00:00,29,10,19
2020-02-16 15:00:00,18,8,10
2020-02-16 16:00:00,18,9,9
2020-02-16 17:00:00,21,10,11
2020-02-16 18:00:00,16,8,8
2020-02-16 19:00:00,4,3,1
2020-02-16 20:00:00,5,1,4
2020-02-16 21:00:00,9,6,3
2020-02-16 22:00:00,4,4,0
2020-02-16 23:00:00,4,2,2
2020-02-17 00:00:00,5,3,2
2020-02-17 01:00:00,2,0,2
2020-02-17 02:00:00,0,0,0
2020-02-17 03:00:00,1,1,0
2020-02-17 04:00:00,3,1,2
2020-02-17 05:00:00,12,8,4
2020-02-17 06:00:00,23,11,12
2020-02-17 07:00:00,36,13,23
2020-02-17 08:00:00,55,26,29
2020-02-17 09:00:00,31,11,20
2020-02-17 10:00:00,29,15,14
2020-02-17 11:00:00,39,17,22
2020-02-17 12:00:00,34,19,15
2020-02-17 13:00:00,26,9,17
2020-02-17 14:00:00,37,20,17
2020-02-17 15:00:00,46,22,24
2020-02-17 16:00:00,65,22,43
2020-02-17 17:00:00,109,46,63
2020-02-17 18:00:00,45,18,27
2020-02-17 19:00:00,24,14,10
2020-02-17 20:00:00,8,4,4
2020-02-17 21:00:00,7,3,4
2020-02-17 22:00:00,5,1,4
2020-02-17 23:00:00,2,1,1
2020-02-18 00:00:00,4,0,4
2020-02-18 01:00:00,0,0,0
2020-02-18 02:00:00,0,0,0
2020-02-18 03:00:00,2,1,1
2020-02-18 04:00:00,5,3,2
2020-02-18 05:00:00,13,12,1
2020-02-18 06:00:00,42,23,19
2020-02-18 07:00:00,101,51,50
2020-02-18 08:00:00,154,81,73
2020-02-18 09:00:00,82,37,45
2020-02-18 10:00:00,47,18,29
2020-02-18 11:00:00,28,10,18
2020-02-18 12:00:00,52,29,23
2020-02-18 13:00:00,25,10,15
2020-02-18 14:00:00,41,20,21
2020-02-18 15:00:00,47,17,30
2020-02-18 16:00:00,173,60,113
2020-02-18 17:00:00,198,69,129
2020-02-18 18:00:00,92,37,55
2020-02-18 19:00:00,32,13,19
2020-02-18 20:00:00,16,7,9
2020-02-18 21:00:00,8,5,3
2020-02-18 22:00:00,7,4,3
2020-02-18 23:00:00,2,2,0
2020-02-19 00:00:00,4,3,1
2020-02-19 01:00:00,0,0,0
2020-02-19 02:00:00,0,0,0
2020-02-19 03:00:00,1,0,1
2020-02-19 04:00:00,1,0,1
2020-02-19 05:00:00,15,11,4
2020-02-19 06:00:00,33,14,19
2020-02-19 07:00:00,105,65,40
2020-02-19 08:00:00,148,76,72
2020-02-19 09:00:00,86,38,48
2020-02-19 10:00:00,44,21,23
2020-02-19 11:00:00,27,14,13
2020-02-19 12:00:00,43,24,19
2020-02-19 13:00:00,38,21,17
2020-02-19 14:00:00,40,16,24
2020-02-19 15:00:00,64,18,46
2020-02-19 16:00:00,146,56,90
2020-02-19 17:00:00,221,78,143
2020-02-19 18:00:00,108,44,64
2020-02-19 19:00:00,27,11,16
2020-02-19 20:00:00,29,14,15
2020-02-19 21:00:00,15,1,14
2020-02-19 22:00:00,7,2,5
2020-02-19 23:00:00,3,1,2
2020-02-20 00:00:00,2,1,1
2020-02-20 01:00:00,0,0,0
2020-02-20 02:00:00,0,0,0
2020-02-20 03:00:00,1,0,1
2020-02-20 04:00:00,2,0,2
2020-02-20 05:00:00,10,8,2
2020-02-20 06:00:00,40,24,16
2020-02-20 07:00:00,73,44,29
2020-02-20 08:00:00,142,71,71
2020-02-20 09:00:00,76,33,43
2020-02-20 10:00:00,40,18,22
2020-02-20 11:00:00,37,20,17
2020-02-20 12:00:00,44,17,27
2020-02-20 13:00:00,31,14,17
2020-02-20 14:00:00,47,19,28
2020-02-20 15:00:00,65,26,39
2020-02-20 16:00:00,169,59,110
2020-02-20 17:00:00,199,72,127
2020-02-20 18:00:00,94,35,59
2020-02-20 19:00:00,40,21,19
2020-02-20 20:00:00,13,4,9
2020-02-20 21:00:00,24,4,20
2020-02-20 22:00:00,5,2,3
2020-02-20 23:00:00,2,1,1
2020-02-21 00:00:00,5,4,1
2020-02-21 01:00:00,0,0,0
2020-02-21 02:00:00,2,1,1
2020-02-21 03:00:00,0,0,0
2020-02-21 04:00:00,2,1,1
2020-02-21 05:00:00,17,13,4
2020-02-21 06:00:00,29,16,13
2020-02-21 07:00:00,72,37,35
2020-02-21 08:00:00,115,44,71
2020-02-21 09:00:00,75,37,38
2020-02-21 10:00:00,38,13,25
2020-02-21 11:00:00,42,23,19
2020-02-21 12:00:00,44,24,20
2020-02-21 13:00:00,48,25,23
2020-02-21 14:00:00,37,13,24
2020-02-21 15:00:00,73,26,47
2020-02-21 16:00:00,156,61,95
2020-02-21 17:00:00,173,74,99
2020-02-21 18:00:00,80,31,49
2020-02-21 19:00:00,20,12,8
2020-02-21 20:00:00,14,4,10
2020-02-21 21:00:00,11,5,6
2020-02-21 22:00:00,10,6,4
2020-02-21 23:00:00,10,4,6
2020-02-22 00:00:00,6,5,1
2020-02-22 01:00:00,2,1,1
2020-02-22 02:00:00,2,2,0
2020-02-22 03:00:00,0,0,0
2020-02-22 04:00:00,0,0,0
2020-02-22 05:00:00,5,1,4
2020-02-22 06:00:00,5,1,4
2020-02-22 07:00:00,6,1,5
2020-02-22 08:00:00,14,5,9
2020-02-22 09:00:00,18,11,7
2020-02-22 10:00:00,27,8,19
2020-02-22 11:00:00,28,15,13
2020-02-22 12:00:00,39,21,18
2020-02-22 13:00:00,37,14,23
2020-02-22 14:00:00,36,27,9
2020-02-22 15:00:00,37,18,19
2020-02-22 16:00:00,36,22,14
2020-02-22 17:00:00,30,17,13
2020-02-22 18:00:00,22,11,11
2020-02-22 19:00:00,15,3,12
2020-02-22 20:00:00,14,1,13
2020-02-22 21:00:00,12,5,7
2020-02-22 22:00:00,11,4,7
2020-02-22 23:00:00,3,2,1
2020-02-23 00:00:00,6,4,2
2020-02-23 01:00:00,1,1,0
2020-02-23 02:00:00,1,0,1
2020-02-23 03:00:00,0,0,0
2020-02-23 04:00:00,0,0,0
2020-02-23 05:00:00,3,0,3
2020-02-23 06:00:00,9,0,9
2020-02-23 07:00:00,51,1,50
2020-02-23 08:00:00,29,2,27
2020-02-23 09:00:00,6,2,4
2020-02-23 10:00:00,13,6,7
2020-02-23 11:00:00,10,4,6
2020-02-23 12:00:00,26,13,13
2020-02-23 13:00:00,40,28,12
2020-02-23 14:00:00,60,53,7
2020-02-23 15:00:00,8,1,7
2020-02-23 16:00:00,27,23,4
2020-02-23 17:00:00,19,6,13
2020-02-23 18:00:00,15,7,8
2020-02-23 19:00:00,7,4,3
2020-02-23 20:00:00,6,2,4
2020-02-23 21:00:00,8,2,6
2020-02-23 22:00:00,6,3,3
2020-02-23 23:00:00,6,4,2
2020-02-24 00:00:00,3,2,1
2020-02-24 01:00:00,1,1,0
2020-02-24 02:00:00,1,0,1
2020-02-24 03:00:00,0,0,0
2020-02-24 04:00:00,2,0,2
2020-02-24 05:00:00,18,13,5
2020-02-24 06:00:00,33,21,12
2020-02-24 07:00:00,98,58,40
2020-02-24 08:00:00,153,81,72
2020-02-24 09:00:00,76,30,46
2020-02-24 10:00:00,26,12,14
2020-02-24 11:00:00,49,23,26
2020-02-24 12:00:00,33,17,16
2020-02-24 13:00:00,31,18,13
2020-02-24 14:00:00,34,16,18
2020-02-24 15:00:00,76,18,58
2020-02-24 16:00:00,142,50,92
2020-02-24 17:00:00,206,77,129
2020-02-24 18:00:00,98,43,55
2020-02-24 19:00:00,42,14,28
2020-02-24 20:00:00,13,7,6
2020-02-24 21:00:00,10,2,8
2020-02-24 22:00:00,7,5,2
2020-02-24 23:00:00,7,2,5
2020-02-25 00:00:00,3,2,1
2020-02-25 01:00:00,0,0,0
2020-02-25 02:00:00,0,0,0
2020-02-25 03:00:00,1,0,1
2020-02-25 04:00:00,3,1,2
2020-02-25 05:00:00,12,10,2
2020-02-25 06:00:00,37,19,18
2020-02-25 07:00:00,116,65,51
2020-02-25 08:00:00,148,79,69
2020-02-25 09:00:00,92,42,50
2020-02-25 10:00:00,39,20,19
2020-02-25 11:00:00,31,10,21
2020-02-25 12:00:00,44,24,20
2020-02-25 13:00:00,37,10,27
2020-02-25 14:00:00,39,19,20
2020-02-25 15:00:00,84,28,56
2020-02-25 16:00:00,153,56,97
2020-02-25 17:00:00,252,102,150
2020-02-25 18:00:00,113,44,69
2020-02-25 19:00:00,47,19,28
2020-02-25 20:00:00,24,6,18
2020-02-25 21:00:00,18,8,10
2020-02-25 22:00:00,6,3,3
2020-02-25 23:00:00,9,3,6
2020-02-26 00:00:00,3,1,2
2020-02-26 01:00:00,0,0,0
2020-02-26 02:00:00,4,1,3
2020-02-26 03:00:00,0,0,0
2020-02-26 04:00:00,2,0,2
2020-02-26 05:00:00,11,7,4
2020-02-26 06:00:00,51,31,20
2020-02-26 07:00:00,94,50,44
2020-02-26 08:00:00,168,86,82
2020-02-26 09:00:00,90,35,55
2020-02-26 10:00:00,36,13,23
2020-02-26 11:00:00,30,15,15
2020-02-26 12:00:00,44,17,27
2020-02-26 13:00:00,38,18,20
2020-02-26 14:00:00,40,21,19
2020-02-26 15:00:00,78,24,54
2020-02-26 16:00:00,169,69,100
2020-02-26 17:00:00,218,83,135
2020-02-26 18:00:00,104,43,61
2020-02-26 19:00:00,36,20,16
2020-02-26 20:00:00,20,7,13
2020-02-26 21:00:00,11,5,6
2020-02-26 22:00:00,10,6,4
2020-02-26 23:00:00,3,1,2
2020-02-27 00:00:00,2,0,2
2020-02-27 01:00:00,1,0,1
2020-02-27 02:00:00,1,0,1
2020-02-27 03:00:00,2,1,1
2020-02-27 04:00:00,2,1,1
2020-02-27 05:00:00,15,9,6
2020-02-27 06:00:00,33,22,11
2020-02-27 07:00:00,103,59,44
2020-02-27 08:00:00,171,81,90
2020-02-27 09:00:00,86,40,46
2020-02-27 10:00:00,39,17,22
2020-02-27 11:00:00,53,22,31
2020-02-27 12:00:00,50,23,27
2020-02-27 13:00:00,43,21,22
2020-02-27 14:00:00,53,17,36
2020-02-27 15:00:00,86,30,56
2020-02-27 16:00:00,189,74,115
2020-02-27 17:00:00,285,101,184
2020-02-27 18:00:00,135,39,96
2020-02-27 19:00:00,50,15,35
2020-02-27 20:00:00,26,9,17
2020-02-27 21:00:00,53,42,11
2020-02-27 22:00:00,14,9,5
2020-02-27 23:00:00,9,3,6
2020-02-28 00:00:00,2,0,2
2020-02-28 01:00:00,1,0,1
2020-02-28 02:00:00,1,1,0
2020-02-28 03:00:00,0,0,0
2020-02-28 04:00:00,2,0,2
2020-02-28 05:00:00,10,8,2
2020-02-28 06:00:00,40,23,17
2020-02-28 07:00:00,80,47,33
2020-02-28 08:00:00,123,68,55
2020-02-28 09:00:00,73,25,48
2020-02-28 10:00:00,27,16,11
2020-02-28 11:00:00,42,20,22
2020-02-28 12:00:00,33,17,16
2020-02-28 13:00:00,32,17,15
2020-02-28 14:00:00,40,14,26
2020-02-28 15:00:00,71,26,45
2020-02-28 16:00:00,143,43,100
2020-02-28 17:00:00,139,55,84
2020-02-28 18:00:00,63,32,31
2020-02-28 19:00:00,31,13,18
2020-02-28 20:00:00,13,8,5
2020-02-28 21:00:00,11,7,4
2020-02-28 22:00:00,4,3,1
2020-02-28 23:00:00,2,1,1
2020-02-29 00:00:00,3,2,1
2020-02-29 01:00:00,0,0,0
2020-02-29 02:00:00,0,0,0
2020-02-29 03:00:00,2,1,1
2020-02-29 04:00:00,0,0,0
2020-02-29 05:00:00,1,0,1
2020-02-29 06:00:00,3,1,2
2020-02-29 07:00:00,8,5,3
2020-02-29 08:00:00,6,1,5
2020-02-29 09:00:00,13,6,7
2020-02-29 10:00:00,19,8,11
2020-02-29 11:00:00,17,7,10
2020-02-29 12:00:00,23,10,13
2020-02-29 13:00:00,30,15,15
2020-02-29 14:00:00,20,8,12
2020-02-29 15:00:00,25,7,18
2020-02-29 16:00:00,17,6,11
2020-02-29 17:00:00,18,9,9
2020-02-29 18:00:00,19,6,13
2020-02-29 19:00:00,14,3,11
2020-02-29 20:00:00,7,1,6
2020-02-29 21:00:00,8,2,6
2020-02-29 22:00:00,13,4,9
2020-02-29 23:00:00,5,1,4
2020-04-03 04:00:00,0,0,0
2020-04-03 05:00:00,2,2,0
2020-04-03 06:00:00,15,5,10
2020-04-03 07:00:00,7,3,4
2020-04-03 08:00:00,14,8,6
2020-04-03 09:00:00,5,3,2
2020-04-03 10:00:00,3,1,2
2020-04-03 11:00:00,11,7,4
2020-04-03 12:00:00,20,8,12
2020-04-03 13:00:00,27,16,11
2020-04-03 14:00:00,22,10,12
2020-04-03 15:00:00,16,11,5
2020-04-03 16:00:00,17,9,8
2020-04-03 17:00:00,23,15,8
2020-04-03 18:00:00,17,9,8
2020-04-03 19:00:00,11,6,5
2020-04-03 20:00:00,2,0,2
2020-04-03 21:00:00,4,1,3
2020-04-03 22:00:00,4,1,3
2020-04-03 23:00:00,2,1,1
2020-04-04 00:00:00,2,2,0
2020-04-04 01:00:00,0,0,0
2020-04-04 02:00:00,1,1,0
2020-04-04 03:00:00,0,0,0
2020-04-04 04:00:00,0,0,0
2020-04-04 05:00:00,0,0,0
2020-04-04 06:00:00,4,3,1
2020-04-04 07:00:00,1,0,1
2020-04-04 08:00:00,3,2,1
2020-04-04 09:00:00,6,2,4
2020-04-04 10:00:00,24,22,2
2020-04-04 11:00:00,21,16,5
2020-04-04 12:00:00,48,35,13
2020-04-04 13:00:00,40,27,13
2020-04-04 14:00:00,57,36,21
2020-04-04 15:00:00,53,26,27
2020-04-04 16:00:00,47,26,21
2020-04-04 17:00:00,19,13,6
2020-04-04 18:00:00,32,10,22
2020-04-04 19:00:00,16,10,6
2020-04-04 20:00:00,2,0,2
2020-04-04 21:00:00,0,0,0
2020-04-04 22:00:00,4,2,2
2020-04-04 23:00:00,3,3,0
2020-04-05 00:00:00,2,2,0
2020-04-05 01:00:00,1,0,1
2020-04-05 02:00:00,0,0,0
2020-04-05 03:00:00,1,1,0
2020-04-05 04:00:00,0,0,0
2020-04-05 05:00:00,0,0,0
2020-04-05 06:00:00,3,3,0
2020-04-05 07:00:00,1,0,1
2020-04-05 08:00:00,4,3,1
2020-04-05 09:00:00,5,3,2
2020-04-05 10:00:00,13,9,4
2020-04-05 11:00:00,22,9,13
2020-04-05 12:00:00,25,15,10
2020-04-05 13:00:00,47,29,18
2020-04-05 14:00:00,41,24,17
2020-04-05 15:00:00,37,16,21
2020-04-05 16:00:00,36,19,17
2020-04-05 17:00:00,21,10,11
2020-04-05 18:00:00,9,6,3
2020-04-05 19:00:00,10,5,5
2020-04-05 20:00:00,3,2,1
2020-04-05 21:00:00,5,3,2
2020-04-05 22:00:00,3,1,2
2020-04-05 23:00:00,0,0,0
2020-04-06 00:00:00,0,0,0
2020-04-06 01:00:00,1,0,1
2020-04-06 02:00:00,0,0,0
2020-04-06 03:00:00,0,0,0
2020-04-06 04:00:00,1,1,0
2020-04-06 05:00:00,2,0,2
2020-04-06 06:00:00,13,4,9
2020-04-06 07:00:00,14,5,9
2020-04-06 08:00:00,15,8,7
2020-04-06 09:00:00,5,4,1
2020-04-06 10:00:00,8,3,5
2020-04-06 11:00:00,17,12,5
2020-04-07 20:00:00,6,2,4
2020-04-07 21:00:00,3,2,1
2020-04-07 22:00:00,4,2,2
2020-04-07 23:00:00,2,0,2
2020-04-08 00:00:00,2,0,2
2020-04-08 01:00:00,0,0,0
2020-04-08 02:00:00,1,0,1
2020-04-08 03:00:00,0,0,0
2020-04-08 04:00:00,0,0,0
2020-04-08 05:00:00,2,2,0
2020-04-08 06:00:00,10,2,8
2020-04-08 07:00:00,18,10,8
2020-04-08 08:00:00,17,10,7
2020-04-08 09:00:00,12,4,8
2020-04-08 10:00:00,13,9,4
2020-04-08 11:00:00,19,9,10
2020-04-08 12:00:00,12,2,10
2020-04-08 13:00:00,23,11,12
2020-04-08 14:00:00,25,16,9
2020-04-08 15:00:00,35,22,13
2020-04-08 16:00:00,32,14,18
2020-04-08 17:00:00,49,26,23
2020-04-08 18:00:00,46,29,17
2020-04-08 19:00:00,26,10,16
2020-04-08 20:00:00,13,6,7
2020-04-08 21:00:00,7,4,3
2020-04-08 22:00:00,3,2,1
2020-04-08 23:00:00,2,0,2
2020-04-09 00:00:00,0,0,0
2020-04-09 01:00:00,1,1,0
2020-04-09 02:00:00,0,0,0
2020-04-09 03:00:00,0,0,0
2020-04-09 04:00:00,1,1,0
2020-04-09 05:00:00,4,1,3
2020-04-09 06:00:00,9,3,6
2020-04-09 07:00:00,12,5,7
2020-04-09 08:00:00,16,10,6
2020-04-09 09:00:00,11,8,3
2020-04-09 10:00:00,14,9,5
2020-04-09 11:00:00,10,6,4
2020-04-09 12:00:00,25,8,17
2020-04-09 13:00:00,30,12,18
2020-04-09 14:00:00,29,15,14
2020-04-09 15:00:00,35,25,10
2020-04-09 16:00:00,43,27,16
2020-04-09 17:00:00,41,26,15
2020-04-09 18:00:00,52,19,33
2020-04-09 19:00:00,27,19,8
2020-04-09 20:00:00,8,5,3
2020-04-09 21:00:00,4,4,0
2020-04-09 22:00:00,1,0,1
2020-04-09 23:00:00,1,1,0
2020-04-10 00:00:00,0,0,0
2020-04-10 01:00:00,0,0,0
2020-04-10 02:00:00,1,1,0
2020-04-10 03:00:00,1,0,1
2020-04-10 04:00:00,1,1,0
2020-04-10 05:00:00,4,3,1
2020-04-10 06:00:00,12,6,6
2020-04-10 07:00:00,16,7,9
2020-04-10 08:00:00,14,9,5
2020-04-10 09:00:00,16,9,7
2020-04-10 10:00:00,14,11,3
2020-04-10 11:00:00,17,9,8
2020-04-10 12:00:00,20,15,5
2020-04-10 13:00:00,30,15,15
2020-04-10 14:00:00,23,11,12
2020-04-10 15:00:00,33,16,17
2020-04-10 16:00:00,43,20,23
2020-04-10 17:00:00,40,26,14
2020-04-10 18:00:00,38,25,13
2020-04-10 19:00:00,20,8,12
2020-04-10 20:00:00,6,4,2
2020-04-10 21:00:00,4,4,0
2020-04-10 22:00:00,4,4,0
2020-04-10 23:00:00,1,0,1
2020-04-11 00:00:00,1,0,1
2020-04-11 01:00:00,0,0,0
2020-04-11 02:00:00,0,0,0
2020-04-11 03:00:00,0,0,0
2020-04-11 04:00:00,1,0,1
2020-04-11 05:00:00,1,0,1
2020-04-11 06:00:00,4,2,2
2020-04-11 07:00:00,4,2,2
2020-04-11 08:00:00,7,5,2
2020-04-11 09:00:00,18,12,6
2020-04-11 10:00:00,13,11,2
2020-04-11 11:00:00,24,15,9
2020-04-11 12:00:00,27,21,6
2020-04-11 13:00:00,39,24,15
2020-04-11 14:00:00,43,28,15
2020-04-11 15:00:00,53,19,34
2020-04-11 16:00:00,47,28,19
2020-04-11 17:00:00,27,17,10
2020-04-11 18:00:00,31,14,17
2020-04-11 19:00:00,17,12,5
2020-04-11 20:00:00,3,2,1
2020-04-11 21:00:00,3,0,3
2020-04-11 22:00:00,3,0,3
2020-04-11 23:00:00,3,2,1
2020-04-12 00:00:00,0,0,0
2020-04-12 01:00:00,0,0,0
2020-04-12 02:00:00,0,0,0
2020-04-12 03:00:00,3,2,1
2020-04-12 04:00:00,2,2,0
2020-04-12 05:00:00,0,0,0
2020-04-12 06:00:00,1,1,0
2020-04-12 07:00:00,2,0,2
2020-04-12 08:00:00,9,4,5
2020-04-12 09:00:00,14,11,3
2020-04-12 10:00:00,30,20,10
2020-04-12 11:00:00,44,32,12
2020-04-12 12:00:00,30,14,16
2020-04-12 13:00:00,49,30,19
2020-04-12 14:00:00,70,31,39
2020-04-12 15:00:00,55,28,27
2020-04-12 16:00:00,46,20,26
2020-04-12 17:00:00,41,20,21
2020-04-12 18:00:00,29,16,13
2020-04-12 19:00:00,16,6,10
2020-04-12 20:00:00,4,3,1
2020-04-12 21:00:00,4,2,2
2020-04-12 22:00:00,2,1,1
2020-04-12 23:00:00,0,0,0
2020-04-13 00:00:00,0,0,0
2020-04-13 01:00:00,0,0,0
2020-04-13 02:00:00,0,0,0
2020-04-13 03:00:00,0,0,0
2020-04-13 04:00:00,1,1,0
2020-04-13 05:00:00,5,2,3
2020-04-13 06:00:00,11,5,6
2020-04-13 07:00:00,12,5,7
2020-04-13 08:00:00,20,8,12
2020-04-13 09:00:00,16,5,11
2020-04-13 10:00:00,8,5,3
2020-04-13 11:00:00,18,9,9
2020-04-13 12:00:00,21,7,14
2020-04-13 13:00:00,17,9,8
2020-04-13 14:00:00,22,17,5
2020-04-13 15:00:00,28,15,13
2020-04-13 16:00:00,38,21,17
2020-04-13 17:00:00,33,19,14
2020-04-13 18:00:00,22,11,11
2020-04-13 19:00:00,19,6,13
2020-04-13 20:00:00,10,5,5
2020-04-13 21:00:00,4,2,2
2020-04-13 22:00:00,3,1,2
2020-04-13 23:00:00,1,1,0
2020-04-14 00:00:00,0,0,0
2020-04-14 01:00:00,0,0,0
2020-04-14 02:00:00,0,0,0
2020-04-14 03:00:00,0,0,0
2020-04-14 04:00:00,1,1,0
2020-04-14 05:00:00,3,3,0
2020-04-14 06:00:00,15,7,8
2020-04-14 07:00:00,11,6,5
2020-04-14 08:00:00,17,10,7
2020-04-14 09:00:00,10,7,3
2020-04-14 10:00:00,13,7,6
2020-04-14 11:00:00,18,12,6
2020-04-14 12:00:00,19,7,12
2020-04-14 13:00:00,20,14,6
2020-04-14 14:00:00,25,17,8
2020-04-14 15:00:00,28,15,13
2020-04-14 16:00:00,49,26,23
2020-04-14 17:00:00,40,20,20
2020-04-14 18:00:00,47,18,29
2020-04-14 19:00:00,15,9,6
2020-04-14 20:00:00,10,7,3
2020-04-14 21:00:00,2,0,2
2020-04-14 22:00:00,3,1,2
2020-04-14 23:00:00,0,0,0
2020-04-15 00:00:00,1,0,1
2020-04-15 01:00:00,0,0,0
2020-04-15 02:00:00,0,0,0
2020-04-15 03:00:00,0,0,0
2020-04-15 04:00:00,1,1,0
2020-04-15 05:00:00,4,2,2
2020-04-15 06:00:00,12,4,8
2020-04-15 07:00:00,21,8,13
2020-04-15 08:00:00,15,7,8
2020-04-15 09:00:00,16,8,8
2020-04-15 10:00:00,12,7,5
2020-04-15 11:00:00,23,10,13
2020-04-15 12:00:00,18,7,11
2020-04-15 13:00:00,17,11,6
2020-04-15 14:00:00,24,15,9
2020-04-15 15:00:00,27,19,8
2020-04-15 16:00:00,34,22,12
2020-04-15 17:00:00,46,26,20
2020-04-15 18:00:00,23,13,10
2020-04-15 19:00:00,15,7,8
2020-04-15 20:00:00,10,6,4
2020-04-15 21:00:00,3,0,3
2020-04-15 22:00:00,3,1,2
2020-04-15 23:00:00,1,1,0
2020-04-16 00:00:00,1,0,1
2020-04-16 01:00:00,1,1,0
2020-04-16 02:00:00,0,0,0
2020-04-16 03:00:00,1,0,1
2020-04-16 04:00:00,0,0,0
2020-04-16 05:00:00,3,3,0
2020-04-16 06:00:00,11,2,9
2020-04-16 07:00:00,14,6,8
2020-04-16 08:00:00,14,8,6
2020-04-16 09:00:00,7,3,4
2020-04-16 10:00:00,14,11,3
2020-04-16 11:00:00,23,14,9
2020-04-16 12:00:00,30,11,19
2020-04-16 13:00:00,19,8,11
2020-04-16 14:00:00,39,22,17
2020-04-16 15:00:00,41,32,9
2020-04-16 16:00:00,47,30,17
2020-04-16 17:00:00,39,27,12
2020-04-16 18:00:00,43,23,20
2020-04-16 19:00:00,24,8,16
2020-04-16 20:00:00,6,5,1
2020-04-16 21:00:00,3,2,1
2020-04-16 22:00:00,3,1,2
2020-04-16 23:00:00,1,1,0
2020-04-17 00:00:00,2,1,1
2020-04-17 01:00:00,0,0,0
2020-04-17 02:00:00,0,0,0
2020-04-17 03:00:00,0,0,0
2020-04-17 04:00:00,0,0,0
2020-04-17 05:00:00,3,1,2
2020-04-17 06:00:00,11,6,5
2020-04-17 07:00:00,14,6,8
2020-04-17 08:00:00,16,8,8
2020-04-17 09:00:00,19,14,5
2020-04-17 10:00:00,26,18,8
2020-04-17 11:00:00,37,25,12
2020-04-17 12:00:00,35,16,19
2020-04-17 13:00:00,32,23,9
2020-04-17 14:00:00,42,25,17
2020-04-17 15:00:00,50,27,23
2020-04-17 16:00:00,46,26,20
2020-04-17 17:00:00,47,35,12
2020-04-17 18:00:00,34,17,17
2020-04-17 19:00:00,14,7,7
2020-04-17 20:00:00,11,6,5
2020-04-17 21:00:00,3,2,1
2020-04-17 22:00:00,6,6,0
2020-04-17 23:00:00,3,0,3
2020-04-18 00:00:00,0,0,0
2020-04-18 01:00:00,0,0,0
2020-04-18 02:00:00,2,1,1
2020-04-18 03:00:00,0,0,0
2020-04-18 04:00:00,0,0,0
2020-04-18 05:00:00,0,0,0
2020-04-18 06:00:00,5,4,1
2020-04-18 07:00:00,3,0,3
2020-04-18 08:00:00,3,2,1
2020-04-18 09:00:00,5,1,4
2020-04-18 10:00:00,6,4,2
2020-04-18 11:00:00,12,10,2
2020-04-18 12:00:00,20,11,9
2020-04-18 13:00:00,24,9,15
2020-04-18 14:00:00,26,15,11
2020-04-18 15:00:00,30,16,14
2020-04-18 16:00:00,33,18,15
2020-04-18 17:00:00,27,13,14
2020-04-18 18:00:00,19,9,10
2020-04-18 19:00:00,16,4,12
2020-04-18 20:00:00,1,0,1
2020-04-18 21:00:00,2,1,1
2020-04-18 22:00:00,3,2,1
2020-04-18 23:00:00,5,4,1
2020-04-19 00:00:00,1,0,1
2020-04-19 01:00:00,0,0,0
2020-04-19 02:00:00,2,1,1
2020-04-19 03:00:00,1,1,0
2020-04-19 04:00:00,0,0,0
2020-04-19 05:00:00,0,0,0
2020-04-19 06:00:00,2,2,0
2020-04-19 07:00:00,2,0,2
2020-04-19 08:00:00,9,4,5
2020-04-19 09:00:00,26,17,9
2020-04-19 10:00:00,36,22,14
2020-04-19 11:00:00,49,32,17
2020-04-19 12:00:00,53,36,17
2020-04-19 13:00:00,51,29,22
2020-04-19 14:00:00,52,35,17
2020-04-19 15:00:00,69,38,31
2020-04-19 16:00:00,59,30,29
2020-04-19 17:00:00,38,19,19
2020-04-19 18:00:00,31,15,16
2020-04-19 19:00:00,18,5,13
2020-04-19 20:00:00,4,1,3
2020-04-19 21:00:00,3,1,2
2020-04-19 22:00:00,5,3,2
2020-04-19 23:00:00,0,0,0
2020-04-20 00:00:00,1,1,0
2020-04-20 01:00:00,0,0,0
2020-04-20 02:00:00,0,0,0
2020-04-20 03:00:00,0,0,0
2020-04-20 04:00:00,1,1,0
2020-04-20 05:00:00,4,1,3
2020-04-20 06:00:00,16,7,9
2020-04-20 07:00:00,15,4,11
2020-04-20 08:00:00,17,12,5
2020-04-20 09:00:00,11,5,6
2020-04-20 10:00:00,10,5,5
2020-04-20 11:00:00,9,3,6
2020-04-20 12:00:00,19,11,8
2020-04-20 13:00:00,19,11,8
2020-04-20 14:00:00,25,11,14
2020-04-20 15:00:00,28,19,9
2020-04-20 16:00:00,42,27,15
2020-04-20 17:00:00,52,25,27
2020-04-20 18:00:00,37,16,21
2020-04-20 19:00:00,20,12,8
2020-04-20 20:00:00,7,2,5
2020-04-20 21:00:00,3,2,1
2020-04-20 22:00:00,7,0,7
2020-04-20 23:00:00,0,0,0
2020-04-21 00:00:00,0,0,0
2020-04-21 01:00:00,3,3,0
2020-04-21 02:00:00,1,0,1
2020-04-21 03:00:00,1,1,0
2020-04-21 04:00:00,1,1,0
2020-04-21 05:00:00,3,1,2
2020-04-21 06:00:00,18,7,11
2020-04-21 07:00:00,14,6,8
2020-04-21 08:00:00,21,11,10
2020-04-21 09:00:00,11,6,5
2020-04-21 10:00:00,16,12,4
2020-04-21 11:00:00,13,7,6
2020-04-21 12:00:00,18,9,9
2020-04-21 13:00:00,12,7,5
2020-04-21 14:00:00,12,5,7
2020-04-21 15:00:00,19,13,6
2020-04-21 16:00:00,37,22,15
2020-04-21 17:00:00,40,22,18
2020-04-21 18:00:00,23,9,14
2020-04-21 19:00:00,3,2,1
2020-04-21 20:00:00,8,3,5
2020-04-21 21:00:00,5,3,2
2020-04-21 22:00:00,3,1,2
2020-04-21 23:00:00,0,0,0
2020-04-22 00:00:00,0,0,0
2020-04-22 01:00:00,0,0,0
2020-04-22 02:00:00,0,0,0
2020-04-22 03:00:00,0,0,0
2020-04-22 04:00:00,0,0,0
2020-04-22 05:00:00,1,1,0
2020-04-22 06:00:00,12,3,9
2020-04-22 07:00:00,10,3,7
2020-04-22 08:00:00,10,4,6
2020-04-22 09:00:00,4,2,2
2020-04-22 10:00:00,6,4,2
2020-04-22 11:00:00,5,3,2
2020-04-22 12:00:00,12,4,8
2020-04-22 13:00:00,7,4,3
2020-04-22 14:00:00,15,7,8
2020-04-22 15:00:00,9,8,1
2020-04-22 16:00:00,6,5,1
2020-04-22 17:00:00,21,10,11
2020-04-22 18:00:00,11,5,6
2020-04-22 19:00:00,4,4,0
2020-04-22 20:00:00,4,2,2
2020-04-22 21:00:00,2,0,2
2020-04-22 22:00:00,2,0,2
2020-04-22 23:00:00,1,0,1
2020-04-23 00:00:00,0,0,0
2020-04-23 01:00:00,0,0,0
2020-04-23 02:00:00,0,0,0
2020-04-23 03:00:00,1,1,0
2020-04-23 04:00:00,0,0,0
2020-04-23 05:00:00,1,0,1
2020-04-23 06:00:00,13,3,10
2020-04-23 07:00:00,10,6,4
2020-04-23 08:00:00,16,10,6
2020-04-23 09:00:00,8,6,2
2020-04-23 10:00:00,13,6,7
2020-04-23 11:00:00,9,2,7
2020-04-23 12:00:00,17,10,7
2020-04-23 13:00:00,9,5,4
2020-04-23 14:00:00,29,18,11
2020-04-23 15:00:00,23,16,7
2020-04-23 16:00:00,30,21,9
2020-04-23 17:00:00,22,12,10
2020-04-23 18:00:00,10,5,5
2020-04-23 19:00:00,14,4,10
2020-04-23 20:00:00,6,3,3
2020-04-23 21:00:00,4,1,3
2020-04-23 22:00:00,1,0,1
2020-04-23 23:00:00,3,3,0
2020-04-24 00:00:00,0,0,0
2020-04-24 01:00:00,0,0,0
2020-04-24 02:00:00,1,0,1
2020-04-24 03:00:00,1,0,1
2020-04-24 04:00:00,1,1,0
2020-04-24 05:00:00,5,2,3
2020-04-24 06:00:00,14,5,9
2020-04-24 07:00:00,16,7,9
2020-04-24 08:00:00,18,8,10
2020-04-24 09:00:00,12,9,3
2020-04-24 10:00:00,16,9,7
2020-04-24 11:00:00,14,9,5
2020-04-24 12:00:00,33,10,23
2020-04-24 13:00:00,47,28,19
2020-04-24 14:00:00,27,15,12
2020-04-24 15:00:00,40,31,9
2020-04-24 16:00:00,38,17,21
2020-04-24 17:00:00,33,18,15
2020-04-24 18:00:00,25,11,14
2020-04-24 19:00:00,17,10,7
2020-04-24 20:00:00,4,3,1
2020-04-24 21:00:00,7,5,2
2020-04-24 22:00:00,2,1,1
2020-04-24 23:00:00,3,1,2
2020-04-25 00:00:00,0,0,0
2020-04-25 01:00:00,0,0,0
2020-04-25 02:00:00,1,1,0
2020-04-25 03:00:00,0,0,0
2020-04-25 04:00:00,0,0,0
2020-04-25 05:00:00,2,1,1
2020-04-25 06:00:00,4,3,1
2020-04-25 07:00:00,1,0,1
2020-04-25 08:00:00,4,2,2
2020-04-25 09:00:00,2,2,0
2020-04-25 10:00:00,6,3,3
2020-04-25 11:00:00,6,3,3
2020-04-25 12:00:00,18,11,7
2020-04-25 13:00:00,34,19,15
2020-04-25 14:00:00,39,22,17
2020-04-25 15:00:00,58,32,26
2020-04-25 16:00:00,43,21,22
2020-04-25 17:00:00,37,22,15
2020-04-25 18:00:00,20,7,13
2020-04-25 19:00:00,11,7,4
2020-04-25 20:00:00,11,4,7
2020-04-25 21:00:00,1,1,0
2020-04-25 22:00:00,3,0,3
2020-04-25 23:00:00,4,2,2
2020-04-26 00:00:00,0,0,0
2020-04-26 01:00:00,0,0,0
2020-04-26 02:00:00,1,0,1
2020-04-26 03:00:00,0,0,0
2020-04-26 04:00:00,0,0,0
2020-04-26 05:00:00,1,1,0
2020-04-26 06:00:00,3,3,0
2020-04-26 07:00:00,6,1,5
2020-04-26 08:00:00,11,6,5
2020-04-26 09:00:00,22,18,4
2020-04-26 10:00:00,31,13,18
2020-04-26 11:00:00,43,33,10
2020-04-26 12:00:00,45,29,16
2020-04-26 13:00:00,36,21,15
2020-04-26 14:00:00,59,30,29
2020-04-26 15:00:00,59,37,22
2020-04-26 16:00:00,42,15,27
2020-04-26 17:00:00,39,16,23
2020-04-26 18:00:00,23,14,9
2020-04-26 19:00:00,6,3,3
2020-04-26 20:00:00,8,2,6
2020-04-26 21:00:00,8,5,3
2020-04-26 22:00:00,4,2,2
2020-04-26 23:00:00,1,0,1
2020-04-27 00:00:00,0,0,0
2020-04-27 01:00:00,0,0,0
2020-04-27 02:00:00,1,0,1
2020-04-27 03:00:00,0,0,0
2020-04-27 04:00:00,1,1,0
2020-04-27 05:00:00,3,0,3
2020-04-27 06:00:00,12,5,7
2020-04-27 07:00:00,11,6,5
2020-04-27 08:00:00,15,9,6
2020-04-27 09:00:00,11,4,7
2020-04-27 10:00:00,14,9,5
2020-04-27 11:00:00,15,9,6
2020-04-27 12:00:00,22,12,10
2020-04-27 13:00:00,20,12,8
2020-04-27 14:00:00,25,12,13
2020-04-27 15:00:00,17,11,6
2020-04-27 16:00:00,28,18,10
2020-04-27 17:00:00,37,20,17
2020-04-27 18:00:00,29,20,9
2020-04-27 19:00:00,16,7,9
2020-04-27 20:00:00,9,3,6
2020-04-27 21:00:00,6,3,3
2020-04-27 22:00:00,5,2,3
2020-04-27 23:00:00,0,0,0
2020-04-28 00:00:00,0,0,0
2020-04-28 01:00:00,0,0,0
2020-04-28 02:00:00,0,0,0
2020-04-28 03:00:00,0,0,0
2020-04-28 04:00:00,1,1,0
2020-04-28 05:00:00,1,0,1
2020-04-28 06:00:00,13,4,9
2020-04-28 07:00:00,10,2,8
2020-04-28 08:00:00,18,12,6
2020-04-28 09:00:00,9,5,4
2020-04-28 10:00:00,6,4,2
2020-04-28 11:00:00,19,13,6
2020-04-28 12:00:00,30,13,17
2020-04-28 13:00:00,25,11,14
2020-04-28 14:00:00,26,14,12
2020-04-28 15:00:00,34,25,9
2020-04-28 16:00:00,28,17,11
2020-04-28 17:00:00,40,17,23
2020-04-28 18:00:00,17,11,6
2020-04-28 19:00:00,12,4,8
2020-04-28 20:00:00,9,4,5
2020-04-28 21:00:00,8,4,4
2020-04-28 22:00:00,2,1,1
2020-04-28 23:00:00,2,2,0
2020-04-29 00:00:00,2,1,1
2020-04-29 01:00:00,2,1,1
2020-04-29 02:00:00,0,0,0
2020-04-29 03:00:00,0,0,0
2020-04-29 04:00:00,0,0,0
2020-04-29 05:00:00,4,1,3
2020-04-29 06:00:00,12,5,7
2020-04-29 07:00:00,16,8,8
2020-04-29 08:00:00,16,8,8
2020-04-29 09:00:00,14,4,10
2020-04-29 10:00:00,16,7,9
2020-04-29 11:00:00,15,6,9
2020-04-29 12:00:00,18,11,7
2020-04-29 13:00:00,17,10,7
2020-04-29 14:00:00,28,17,11
2020-04-29 15:00:00,34,19,15
2020-04-29 16:00:00,36,22,14
2020-04-29 17:00:00,29,18,11
2020-04-29 18:00:00,20,8,12
2020-04-29 19:00:00,13,6,7
2020-04-29 20:00:00,6,3,3
2020-04-29 21:00:00,1,1,0
2020-04-29 22:00:00,5,1,4
2020-04-29 23:00:00,3,1,2
2020-04-30 00:00:00,1,1,0
2020-04-30 01:00:00,1,0,1
2020-04-30 02:00:00,0,0,0
2020-04-30 03:00:00,0,0,0
2020-04-30 04:00:00,0,0,0
2020-04-30 05:00:00,2,1,1
2020-04-30 06:00:00,14,6,8
2020-04-30 07:00:00,19,9,10
2020-04-30 08:00:00,23,11,12
2020-04-30 09:00:00,9,6,3
2020-04-30 10:00:00,12,8,4
2020-04-30 11:00:00,12,5,7
2020-04-30 12:00:00,20,3,17
2020-04-30 13:00:00,20,8,12
2020-04-30 14:00:00,20,10,10
2020-04-30 15:00:00,26,17,9
2020-04-30 16:00:00,35,22,13
2020-04-30 17:00:00,41,25,16
2020-04-30 18:00:00,31,18,13
2020-04-30 19:00:00,16,9,7
2020-04-30 20:00:00,10,3,7
2020-04-30 21:00:00,6,4,2
2020-04-30 22:00:00,5,1,4
2020-04-30 23:00:00,0,0,0
2020-05-01 00:00:00,0,0,0
2020-05-01 01:00:00,0,0,0
2020-05-01 02:00:00,0,0,0
2020-05-01 03:00:00,0,0,0
2020-05-01 04:00:00,1,0,1
2020-05-01 05:00:00,4,1,3
2020-05-01 06:00:00,7,3,4
2020-05-01 07:00:00,19,8,11
2020-05-01 08:00:00,15,12,3
2020-05-01 09:00:00,15,10,5
2020-05-01 10:00:00,25,18,7
2020-05-01 11:00:00,41,28,13
2020-05-01 12:00:00,29,11,18
2020-05-01 13:00:00,44,19,25
2020-05-01 14:00:00,55,20,35
2020-05-01 15:00:00,40,24,16
2020-05-01 16:00:00,43,25,18
2020-05-01 17:00:00,52,26,26
2020-05-01 18:00:00,26,18,8
2020-05-01 19:00:00,34,17,17
2020-05-01 20:00:00,13,6,7
2020-05-01 21:00:00,4,3,1
2020-05-01 22:00:00,7,2,5
2020-05-01 23:00:00,7,2,5
2020-05-02 00:00:00,1,1,0
2020-05-02 01:00:00,1,0,1
2020-05-02 02:00:00,1,0,1
2020-05-02 03:00:00,0,0,0
2020-05-02 04:00:00,0,0,0
2020-05-02 05:00:00,1,1,0
2020-05-02 06:00:00,3,2,1
2020-05-02 07:00:00,4,4,0
2020-05-02 08:00:00,3,0,3
2020-05-02 09:00:00,6,0,6
2020-05-02 10:00:00,5,0,5
2020-05-02 11:00:00,12,7,5
2020-05-02 12:00:00,1,0,1
2020-05-02 13:00:00,7,4,3
2020-05-02 14:00:00,11,6,5
2020-05-02 15:00:00,8,5,3
2020-05-02 16:00:00,4,1,3
2020-05-02 17:00:00,15,6,9
2020-05-02 18:00:00,18,15,3
2020-05-02 19:00:00,8,4,4
2020-05-02 20:00:00,0,0,0
2020-05-02 21:00:00,3,3,0
2020-05-02 22:00:00,2,1,1
2020-05-02 23:00:00,0,0,0
2020-05-03 00:00:00,0,0,0
2020-05-03 01:00:00,0,0,0
2020-05-03 02:00:00,0,0,0
2020-05-03 03:00:00,0,0,0
2020-05-03 04:00:00,0,0,0
2020-05-03 05:00:00,2,2,0
2020-05-03 06:00:00,3,2,1
2020-05-03 07:00:00,2,2,0
2020-05-03 08:00:00,4,1,3
2020-05-03 09:00:00,9,5,4
2020-05-03 10:00:00,23,10,13
2020-05-03 11:00:00,42,28,14
2020-05-03 12:00:00,48,32,16
2020-05-03 13:00:00,50,33,17
2020-05-03 14:00:00,52,31,21
2020-05-03 15:00:00,53,31,22
2020-05-03 16:00:00,35,10,25
2020-05-03 17:00:00,21,9,12
2020-05-03 18:00:00,17,6,11
2020-05-03 19:00:00,15,6,9
2020-05-03 20:00:00,3,2,1
2020-05-03 21:00:00,8,5,3
2020-05-03 22:00:00,2,1,1
2020-05-03 23:00:00,1,1,0
2020-05-04 00:00:00,0,0,0
2020-05-04 01:00:00,0,0,0
2020-05-04 02:00:00,0,0,0
2020-05-04 03:00:00,0,0,0
2020-05-04 04:00:00,1,0,1
2020-05-04 05:00:00,1,0,1
2020-05-04 06:00:00,20,7,13
2020-05-04 07:00:00,18,9,9
2020-05-04 08:00:00,20,12,8
2020-05-04 09:00:00,7,4,3
2020-05-04 10:00:00,17,7,10
2020-05-04 11:00:00,12,5,7
2020-05-04 12:00:00,21,9,12
2020-05-04 13:00:00,21,14,7
2020-05-04 14:00:00,37,25,12
2020-05-04 15:00:00,34,23,11
2020-05-04 16:00:00,34,22,12
2020-05-04 17:00:00,48,29,19
2020-05-04 18:00:00,24,9,15
2020-05-04 19:00:00,12,3,9
2020-05-04 20:00:00,9,5,4
2020-05-04 21:00:00,6,2,4
2020-05-04 22:00:00,2,1,1
2020-05-04 23:00:00,3,1,2
2020-05-05 00:00:00,2,0,2
2020-05-05 01:00:00,1,1,0
2020-05-05 02:00:00,0,0,0
2020-05-05 03:00:00,0,0,0
2020-05-05 04:00:00,2,1,1
2020-05-05 05:00:00,6,5,1
2020-05-05 06:00:00,18,3,15
2020-05-05 07:00:00,18,7,11
2020-05-05 08:00:00,26,13,13
2020-05-05 09:00:00,15,10,5
2020-05-05 10:00:00,13,8,5
2020-05-05 11:00:00,18,8,10
2020-05-05 12:00:00,20,11,9
2020-05-05 13:00:00,40,22,18
2020-05-05 14:00:00,38,22,16
2020-05-05 15:00:00,35,22,13
2020-05-05 16:00:00,48,31,17
2020-05-05 17:00:00,53,29,24
2020-05-05 18:00:00,32,16,16
2020-05-05 19:00:00,19,7,12
2020-05-05 20:00:00,8,0,8
2020-05-05 21:00:00,5,3,2
2020-05-05 22:00:00,4,1,3
2020-05-05 23:00:00,1,0,1
2020-05-06 00:00:00,1,1,0
2020-05-06 01:00:00,0,0,0
2020-05-06 02:00:00,2,0,2
2020-05-06 03:00:00,0,0,0
2020-05-06 04:00:00,2,1,1
2020-05-06 05:00:00,5,2,3
2020-05-06 06:00:00,15,2,13
2020-05-06 07:00:00,21,9,12
2020-05-06 08:00:00,10,4,6
2020-05-06 09:00:00,15,6,9
2020-05-06 10:00:00,12,8,4
2020-05-06 11:00:00,15,7,8
2020-05-06 12:00:00,19,13,6
2020-05-06 13:00:00,17,9,8
2020-05-06 14:00:00,11,8,3
2020-05-06 15:00:00,28,18,10
2020-05-06 16:00:00,32,19,13
2020-05-06 17:00:00,32,14,18
2020-05-06 18:00:00,33,20,13
2020-05-06 19:00:00,20,6,14
2020-05-06 20:00:00,9,4,5
2020-05-06 21:00:00,4,1,3
2020-05-06 22:00:00,0,0,0
2020-05-06 23:00:00,1,0,1
2020-05-07 00:00:00,1,0,1
2020-05-07 01:00:00,2,2,0
2020-05-07 02:00:00,1,0,1
2020-05-07 03:00:00,0,0,0
2020-05-07 04:00:00,1,0,1
2020-05-07 05:00:00,4,2,2
2020-05-07 06:00:00,20,7,13
2020-05-07 07:00:00,18,8,10
2020-05-07 08:00:00,20,12,8
2020-05-07 09:00:00,15,11,4
2020-05-07 10:00:00,20,12,8
2020-05-07 11:00:00,26,16,10
2020-05-07 12:00:00,27,16,11
2020-05-07 13:00:00,28,15,13
2020-05-07 14:00:00,37,21,16
2020-05-07 15:00:00,41,24,17
2020-05-07 16:00:00,48,30,18
2020-05-07 17:00:00,53,37,16
2020-05-07 18:00:00,35,18,17
2020-05-07 19:00:00,28,14,14
2020-05-07 20:00:00,16,11,5
2020-05-07 21:00:00,6,4,2
2020-05-07 22:00:00,2,0,2
2020-05-07 23:00:00,1,1,0
2020-05-08 00:00:00,0,0,0
2020-05-08 01:00:00,1,1,0
2020-05-08 02:00:00,0,0,0
2020-05-08 03:00:00,0,0,0
2020-05-08 04:00:00,4,3,1
2020-05-08 05:00:00,6,2,4
2020-05-08 06:00:00,21,6,15
2020-05-08 07:00:00,19,10,9
2020-05-08 08:00:00,21,13,8
2020-05-08 09:00:00,24,14,10
2020-05-08 10:00:00,12,6,6
2020-05-08 11:00:00,19,10,9
2020-05-08 12:00:00,27,11,16
2020-05-08 13:00:00,36,22,14
2020-05-08 14:00:00,43,29,14
2020-05-08 15:00:00,51,33,18
2020-05-08 16:00:00,48,21,27
2020-05-08 17:00:00,52,32,20
2020-05-08 18:00:00,43,18,25
2020-05-08 19:00:00,26,12,14
2020-05-08 20:00:00,10,2,8
2020-05-08 21:00:00,11,6,5
2020-05-08 22:00:00,0,0,0
2020-05-08 23:00:00,1,0,1
2020-05-09 00:00:00,1,0,1
2020-05-09 01:00:00,2,0,2
2020-05-09 02:00:00,1,0,1
2020-05-09 03:00:00,1,0,1
2020-05-09 04:00:00,0,0,0
2020-05-09 05:00:00,2,2,0
2020-05-09 06:00:00,4,3,1
2020-05-09 07:00:00,6,4,2
2020-05-09 08:00:00,15,8,7
2020-05-09 09:00:00,25,18,7
2020-05-09 10:00:00,37,32,5
2020-05-09 11:00:00,37,22,15
2020-05-09 12:00:00,64,41,23
2020-05-09 13:00:00,43,27,16
2020-05-09 14:00:00,49,21,28
2020-05-09 15:00:00,61,25,36
2020-05-09 16:00:00,44,24,20
2020-05-09 17:00:00,39,18,21
2020-05-09 18:00:00,17,9,8
2020-05-09 19:00:00,18,9,9
2020-05-09 20:00:00,14,4,10
2020-05-09 21:00:00,11,5,6
2020-05-09 22:00:00,7,4,3
2020-05-09 23:00:00,1,1,0
2020-05-10 00:00:00,0,0,0
2020-05-10 01:00:00,0,0,0
2020-05-10 02:00:00,1,0,1
2020-05-10 03:00:00,0,0,0
2020-05-10 04:00:00,1,1,0
2020-05-10 05:00:00,1,1,0
2020-05-10 06:00:00,5,3,2
2020-05-10 07:00:00,5,2,3
2020-05-10 08:00:00,7,1,6
2020-05-10 09:00:00,27,17,10
2020-05-10 10:00:00,35,16,19
2020-05-10 11:00:00,34,19,15
2020-05-10 12:00:00,54,30,24
2020-05-10 13:00:00,51,27,24
2020-05-10 14:00:00,50,29,21
2020-05-10 15:00:00,33,19,14
2020-05-10 16:00:00,22,11,11
2020-05-10 17:00:00,25,18,7
2020-05-10 18:00:00,27,16,11
2020-05-10 19:00:00,14,10,4
2020-05-10 20:00:00,15,2,13
2020-05-10 21:00:00,7,2,5
2020-05-10 22:00:00,2,0,2
2020-05-10 23:00:00,0,0,0
2020-05-11 00:00:00,0,0,0
2020-05-11 01:00:00,1,1,0
2020-05-11 02:00:00,0,0,0
2020-05-11 03:00:00,0,0,0
2020-05-11 04:00:00,1,1,0
2020-05-11 05:00:00,6,1,5
2020-05-11 06:00:00,21,6,15
2020-05-11 07:00:00,21,11,10
2020-05-11 08:00:00,16,8,8
2020-05-11 09:00:00,16,9,7
2020-05-11 10:00:00,13,5,8
2020-05-11 11:00:00,18,8,10
2020-05-11 12:00:00,27,16,11
2020-05-11 13:00:00,28,17,11
2020-05-11 14:00:00,25,17,8
2020-05-11 15:00:00,40,24,16
2020-05-11 16:00:00,42,18,24
2020-05-11 17:00:00,27,12,15
2020-05-11 18:00:00,22,13,9
2020-05-11 19:00:00,9,4,5
2020-05-11 20:00:00,9,3,6
2020-05-11 21:00:00,2,2,0
2020-05-11 22:00:00,5,3,2
2020-05-11 23:00:00,1,1,0
2020-05-12 00:00:00,0,0,0
2020-05-12 01:00:00,0,0,0
2020-05-12 02:00:00,2,0,2
2020-05-12 03:00:00,0,0,0
2020-05-12 04:00:00,0,0,0
2020-05-12 05:00:00,4,2,2
2020-05-12 06:00:00,21,6,15
2020-05-12 07:00:00,12,6,6
2020-05-12 08:00:00,17,8,9
2020-05-12 09:00:00,11,6,5
2020-05-12 10:00:00,12,7,5
2020-05-12 11:00:00,11,6,5
2020-05-12 12:00:00,17,9,8
2020-05-12 13:00:00,17,9,8
2020-05-12 14:00:00,12,8,4
2020-05-12 15:00:00,24,18,6
2020-05-12 16:00:00,38,26,12
2020-05-12 17:00:00,30,17,13
2020-05-12 18:00:00,14,8,6
2020-05-12 19:00:00,11,7,4
2020-05-12 20:00:00,9,4,5
2020-05-12 21:00:00,7,2,5
2020-05-12 22:00:00,2,1,1
2020-05-12 23:00:00,2,0,2
2020-05-13 00:00:00,3,0,3
2020-05-13 01:00:00,0,0,0
2020-05-13 02:00:00,0,0,0
2020-05-13 03:00:00,0,0,0
2020-05-13 04:00:00,1,1,0
2020-05-13 05:00:00,6,4,2
2020-05-13 06:00:00,14,2,12
2020-05-13 07:00:00,23,11,12
2020-05-13 08:00:00,17,4,13
2020-05-13 09:00:00,12,6,6
2020-05-13 10:00:00,12,5,7
2020-05-13 11:00:00,17,7,10
2020-05-13 12:00:00,19,10,9
2020-05-13 13:00:00,18,9,9
2020-05-13 14:00:00,24,16,8
2020-05-13 15:00:00,40,29,11
2020-05-13 16:00:00,30,16,14
2020-05-13 17:00:00,48,27,21
2020-05-13 18:00:00,46,30,16
2020-05-13 19:00:00,27,15,12
2020-05-13 20:00:00,16,6,10
2020-05-13 21:00:00,6,2,4
2020-05-13 22:00:00,5,1,4
2020-05-13 23:00:00,0,0,0
2020-05-14 00:00:00,0,0,0
2020-05-14 01:00:00,1,1,0
2020-05-14 02:00:00,0,0,0
2020-05-14 03:00:00,0,0,0
2020-05-14 04:00:00,2,2,0
2020-05-14 05:00:00,8,5,3
2020-05-14 06:00:00,18,6,12
2020-05-14 07:00:00,13,4,9
2020-05-14 08:00:00,15,8,7
2020-05-14 09:00:00,5,1,4
2020-05-14 10:00:00,13,9,4
2020-05-14 11:00:00,16,5,11
2020-05-14 12:00:00,16,10,6
2020-05-14 13:00:00,17,11,6
2020-05-14 14:00:00,23,14,9
2020-05-14 15:00:00,28,17,11
2020-05-14 16:00:00,37,25,12
2020-05-14 17:00:00,48,24,24
2020-05-14 18:00:00,26,18,8
2020-05-14 19:00:00,18,9,9
2020-05-14 20:00:00,10,6,4
2020-05-14 21:00:00,5,4,1
2020-05-14 22:00:00,1,0,1
2020-05-14 23:00:00,2,2,0
2020-05-15 00:00:00,1,1,0
2020-05-15 01:00:00,1,1,0
2020-05-15 02:00:00,1,0,1
2020-05-15 03:00:00,1,0,1
2020-05-15 04:00:00,0,0,0
2020-05-15 05:00:00,8,4,4
2020-05-15 06:00:00,18,5,13
2020-05-15 07:00:00,15,6,9
2020-05-15 08:00:00,22,10,12
2020-05-15 09:00:00,22,12,10
2020-05-15 10:00:00,19,7,12
2020-05-15 11:00:00,27,16,11
2020-05-15 12:00:00,30,16,14
2020-05-15 13:00:00,30,22,8
2020-05-15 14:00:00,38,26,12
2020-05-15 15:00:00,40,26,14
2020-05-15 16:00:00,39,21,18
2020-05-15 17:00:00,67,33,34
2020-05-15 18:00:00,54,28,26
2020-05-15 19:00:00,22,11,11
2020-05-15 20:00:00,21,13,8
2020-05-15 21:00:00,13,4,9
2020-05-15 22:00:00,2,2,0
2020-05-15 23:00:00,6,1,5
2020-05-16 00:00:00,0,0,0
2020-05-16 01:00:00,0,0,0
2020-05-16 02:00:00,1,1,0
2020-05-16 03:00:00,0,0,0
2020-05-16 04:00:00,0,0,0
2020-05-16 05:00:00,1,0,1
2020-05-16 06:00:00,5,3,2
2020-05-16 07:00:00,6,2,4
2020-05-16 08:00:00,7,3,4
2020-05-16 09:00:00,7,6,1
2020-05-16 10:00:00,10,4,6
2020-05-16 11:00:00,11,7,4
2020-05-16 12:00:00,12,5,7
2020-05-16 13:00:00,12,7,5
2020-05-16 14:00:00,18,8,10
2020-05-16 15:00:00,6,4,2
2020-05-16 16:00:00,7,2,5
2020-05-16 17:00:00,13,7,6
2020-05-16 18:00:00,12,8,4
2020-05-16 19:00:00,3,2,1
2020-05-16 20:00:00,3,0,3
2020-05-16 21:00:00,5,4,1
2020-05-16 22:00:00,4,1,3
2020-05-16 23:00:00,2,1,1
2020-05-17 00:00:00,0,0,0
2020-05-17 01:00:00,0,0,0
2020-05-17 02:00:00,0,0,0
2020-05-17 03:00:00,0,0,0
2020-05-17 04:00:00,0,0,0
2020-05-17 05:00:00,0,0,0
2020-05-17 06:00:00,2,2,0
2020-05-17 07:00:00,5,3,2
2020-05-17 08:00:00,15,9,6
2020-05-17 09:00:00,14,5,9
2020-05-17 10:00:00,12,4,8
2020-05-17 11:00:00,26,10,16
2020-05-17 12:00:00,53,36,17
2020-05-17 13:00:00,42,18,24
2020-05-17 14:00:00,52,34,18
2020-05-17 15:00:00,49,32,17
2020-05-17 16:00:00,49,20,29
2020-05-17 17:00:00,19,4,15
2020-05-17 18:00:00,31,14,17
2020-05-17 19:00:00,18,10,8
2020-05-17 20:00:00,7,3,4
2020-05-17 21:00:00,4,3,1
2020-05-17 22:00:00,3,1,2
2020-05-17 23:00:00,4,0,4
2020-05-18 00:00:00,3,1,2
2020-05-18 01:00:00,0,0,0
2020-05-18 02:00:00,1,0,1
2020-05-18 03:00:00,0,0,0
2020-05-18 04:00:00,1,1,0
2020-05-18 05:00:00,5,3,2
2020-05-18 06:00:00,16,5,11
2020-05-18 07:00:00,23,10,13
2020-05-18 08:00:00,19,7,12
2020-05-18 09:00:00,19,10,9
2020-05-18 10:00:00,11,6,5
2020-05-18 11:00:00,29,16,13
2020-05-18 12:00:00,19,7,12
2020-05-18 13:00:00,23,14,9
2020-05-18 14:00:00,34,20,14
2020-05-18 15:00:00,19,10,9
2020-05-18 16:00:00,36,22,14
2020-05-18 17:00:00,38,17,21
2020-05-18 18:00:00,40,25,15
2020-05-18 19:00:00,15,8,7
2020-05-18 20:00:00,13,8,5
2020-05-18 21:00:00,4,2,2
2020-05-18 22:00:00,7,3,4
2020-05-18 23:00:00,3,2,1
2020-05-19 00:00:00,1,0,1
2020-05-19 01:00:00,0,0,0
2020-05-19 02:00:00,2,2,0
2020-05-19 03:00:00,1,1,0
2020-05-19 04:00:00,2,1,1
2020-05-19 05:00:00,7,3,4
2020-05-19 06:00:00,24,6,18
2020-05-19 07:00:00,23,7,16
2020-05-19 08:00:00,23,11,12
2020-05-19 09:00:00,25,14,11
2020-05-19 10:00:00,14,10,4
2020-05-19 11:00:00,19,9,10
2020-05-19 12:00:00,20,9,11
2020-05-19 13:00:00,25,7,18
2020-05-19 14:00:00,23,16,7
2020-05-19 15:00:00,41,21,20
2020-05-19 16:00:00,30,23,7
2020-05-19 17:00:00,48,22,26
2020-05-19 18:00:00,41,22,19
2020-05-19 19:00:00,17,10,7
2020-05-19 20:00:00,12,6,6
2020-05-19 21:00:00,4,2,2
2020-05-19 22:00:00,1,0,1
2020-05-19 23:00:00,4,2,2
2020-05-20 00:00:00,4,1,3
2020-05-20 01:00:00,1,0,1
2020-05-20 02:00:00,1,0,1
2020-05-20 03:00:00,0,0,0
2020-05-20 04:00:00,1,1,0
2020-05-20 05:00:00,8,6,2
2020-05-20 06:00:00,19,6,13
2020-05-20 07:00:00,18,5,13
2020-05-20 08:00:00,19,9,10
2020-05-20 09:00:00,15,9,6
2020-05-20 10:00:00,13,8,5
2020-05-20 11:00:00,17,9,8
2020-05-20 12:00:00,21,5,16
2020-05-20 13:00:00,27,14,13
2020-05-20 14:00:00,17,8,9
2020-05-20 15:00:00,20,12,8
2020-05-20 16:00:00,30,14,16
2020-05-20 17:00:00,40,19,21
2020-05-20 18:00:00,21,14,7
2020-05-20 19:00:00,3,2,1
2020-05-20 20:00:00,4,2,2
2020-05-20 21:00:00,7,3,4
2020-05-20 22:00:00,6,2,4
2020-05-20 23:00:00,3,1,2
2020-05-21 00:00:00,0,0,0
2020-05-21 01:00:00,0,0,0
2020-05-21 02:00:00,0,0,0
2020-05-21 03:00:00,0,0,0
2020-05-21 04:00:00,0,0,0
2020-05-21 05:00:00,4,2,2
2020-05-21 06:00:00,16,3,13
2020-05-21 07:00:00,13,5,8
2020-05-21 08:00:00,18,10,8
2020-05-21 09:00:00,9,5,4
2020-05-21 10:00:00,4,1,3
2020-05-21 11:00:00,13,9,4
2020-05-21 12:00:00,12,4,8
2020-05-21 13:00:00,20,13,7
2020-05-21 14:00:00,18,13,5
2020-05-21 15:00:00,16,13,3
2020-05-21 16:00:00,25,16,9
2020-05-21 17:00:00,20,8,12
2020-05-21 18:00:00,15,9,6
2020-05-21 19:00:00,3,1,2
2020-05-21 20:00:00,5,2,3
2020-05-21 21:00:00,5,4,1
2020-05-21 22:00:00,3,2,1
2020-05-21 23:00:00,3,0,3
2020-05-22 00:00:00,2,1,1
2020-05-22 01:00:00,0,0,0
2020-05-22 02:00:00,0,0,0
2020-05-22 03:00:00,1,1,0
2020-05-22 04:00:00,0,0,0
2020-05-22 05:00:00,2,1,1
2020-05-22 06:00:00,22,10,12
2020-05-22 07:00:00,24,7,17
2020-05-22 08:00:00,25,19,6
2020-05-22 09:00:00,20,12,8
2020-05-22 10:00:00,13,7,6
2020-05-22 11:00:00,30,19,11
2020-05-22 12:00:00,32,14,18
2020-05-22 13:00:00,40,24,16
2020-05-22 14:00:00,41,24,17
2020-05-22 15:00:00,39,28,11
2020-05-22 16:00:00,41,23,18
2020-05-22 17:00:00,42,24,18
2020-05-22 18:00:00,23,13,10
2020-05-22 19:00:00,8,5,3
2020-05-22 20:00:00,5,3,2
2020-05-22 21:00:00,1,1,0
2020-05-22 22:00:00,0,0,0
2020-05-22 23:00:00,0,0,0
2020-05-23 00:00:00,2,0,2
2020-05-23 01:00:00,1,0,1
2020-05-23 02:00:00,0,0,0
2020-05-23 03:00:00,0,0,0
2020-05-23 04:00:00,1,0,1
2020-05-23 05:00:00,0,0,0
2020-05-23 06:00:00,5,4,1
2020-05-23 07:00:00,9,6,3
2020-05-23 08:00:00,14,7,7
2020-05-23 09:00:00,13,10,3
2020-05-23 10:00:00,14,6,8
2020-05-23 11:00:00,55,39,16
2020-05-23 12:00:00,28,16,12
2020-05-23 13:00:00,41,32,9
2020-05-23 14:00:00,50,28,22
2020-05-23 15:00:00,48,22,26
2020-05-23 16:00:00,48,22,26
2020-05-23 17:00:00,33,17,16
2020-05-23 18:00:00,35,24,11
2020-05-23 19:00:00,26,10,16
2020-05-23 20:00:00,10,6,4
2020-05-23 21:00:00,7,3,4
2020-05-23 22:00:00,4,1,3
2020-05-23 23:00:00,3,0,3
2020-05-24 00:00:00,1,1,0
2020-05-24 01:00:00,0,0,0
2020-05-24 02:00:00,2,1,1
2020-05-24 03:00:00,0,0,0
2020-05-24 04:00:00,1,0,1
2020-05-24 05:00:00,0,0,0
2020-05-24 06:00:00,5,4,1
2020-05-24 07:00:00,4,1,3
2020-05-24 08:00:00,9,6,3
2020-05-24 09:00:00,19,15,4
2020-05-24 10:00:00,20,15,5
2020-05-24 11:00:00,32,18,14
2020-05-24 12:00:00,46,31,15
2020-05-24 13:00:00,43,22,21
2020-05-24 14:00:00,63,26,37
2020-05-24 15:00:00,47,23,24
2020-05-24 16:00:00,53,28,25
2020-05-24 17:00:00,48,19,29
2020-05-24 18:00:00,37,18,19
2020-05-24 19:00:00,17,4,13
2020-05-24 20:00:00,16,6,10
2020-05-24 21:00:00,3,3,0
2020-05-24 22:00:00,4,1,3
2020-05-24 23:00:00,2,1,1
2020-05-25 00:00:00,0,0,0
2020-05-25 01:00:00,0,0,0
2020-05-25 02:00:00,0,0,0
2020-05-25 03:00:00,0,0,0
2020-05-25 04:00:00,0,0,0
2020-05-25 05:00:00,1,1,0
2020-05-25 06:00:00,4,3,1
2020-05-25 07:00:00,4,1,3
2020-05-25 08:00:00,1,0,1
2020-05-25 09:00:00,5,2,3
2020-05-25 10:00:00,6,4,2
2020-05-25 11:00:00,8,6,2
2020-05-25 12:00:00,7,5,2
2020-05-25 13:00:00,13,7,6
2020-05-25 14:00:00,15,7,8
2020-05-25 15:00:00,9,4,5
2020-05-25 16:00:00,8,3,5
2020-05-25 17:00:00,18,8,10
2020-05-25 18:00:00,16,9,7
2020-05-25 19:00:00,10,5,5
2020-05-25 20:00:00,13,9,4
2020-05-25 21:00:00,1,0,1
2020-05-25 22:00:00,4,1,3
2020-05-25 23:00:00,1,1,0
2020-05-26 00:00:00,0,0,0
2020-05-26 01:00:00,0,0,0
2020-05-26 02:00:00,0,0,0
2020-05-26 03:00:00,0,0,0
2020-05-26 04:00:00,1,1,0
2020-05-26 05:00:00,6,2,4
2020-05-26 06:00:00,26,6,20
2020-05-26 07:00:00,15,6,9
2020-05-26 08:00:00,10,7,3
2020-05-26 09:00:00,8,6,2
2020-05-26 10:00:00,12,6,6
2020-05-26 11:00:00,17,6,11
2020-05-26 12:00:00,19,10,9
2020-05-26 13:00:00,20,10,10
2020-05-26 14:00:00,14,8,6
2020-05-26 15:00:00,41,29,12
2020-05-26 16:00:00,38,18,20
2020-05-26 17:00:00,44,22,22
2020-05-26 18:00:00,34,16,18
2020-05-26 19:00:00,25,16,9
2020-05-26 20:00:00,12,8,4
2020-05-26 21:00:00,9,5,4
2020-05-26 22:00:00,4,1,3
2020-05-26 23:00:00,2,1,1
2020-05-27 00:00:00,0,0,0
2020-05-27 01:00:00,0,0,0
2020-05-27 02:00:00,0,0,0
2020-05-27 03:00:00,0,0,0
2020-05-27 04:00:00,0,0,0
2020-05-27 05:00:00,4,3,1
2020-05-27 06:00:00,30,8,22
2020-05-27 07:00:00,29,12,17
2020-05-27 08:00:00,25,11,14
2020-05-27 09:00:00,19,8,11
2020-05-27 10:00:00,17,12,5
2020-05-27 11:00:00,24,12,12
2020-05-27 12:00:00,41,20,21
2020-05-27 13:00:00,32,24,8
2020-05-27 14:00:00,47,26,21
2020-05-27 15:00:00,35,25,10
2020-05-27 16:00:00,66,34,32
2020-05-27 17:00:00,52,29,23
2020-05-27 18:00:00,57,31,26
2020-05-27 19:00:00,17,10,7
2020-05-27 20:00:00,24,11,13
2020-05-27 21:00:00,13,5,8
2020-05-27 22:00:00,4,2,2
2020-05-27 23:00:00,2,1,1
2020-05-28 00:00:00,0,0,0
2020-05-28 01:00:00,4,3,1
2020-05-28 02:00:00,0,0,0
2020-05-28 03:00:00,0,0,0
2020-05-28 04:00:00,2,1,1
2020-05-28 05:00:00,8,4,4
2020-05-28 06:00:00,26,6,20
2020-05-28 07:00:00,30,12,18
2020-05-28 08:00:00,26,11,15
2020-05-28 09:00:00,23,9,14
2020-05-28 10:00:00,11,5,6
2020-05-28 11:00:00,22,11,11
2020-05-28 12:00:00,21,13,8
2020-05-28 13:00:00,38,23,15
2020-05-28 14:00:00,33,20,13
2020-05-28 15:00:00,40,23,17
2020-05-28 16:00:00,58,39,19
2020-05-28 17:00:00,57,33,24
2020-05-28 18:00:00,35,20,15
2020-05-28 19:00:00,34,16,18
2020-05-28 20:00:00,16,3,13
2020-05-28 21:00:00,7,6,1
2020-05-28 22:00:00,8,3,5
2020-05-28 23:00:00,3,1,2
2020-05-29 00:00:00,1,0,1
2020-05-29 01:00:00,1,0,1
2020-05-29 02:00:00,0,0,0
2020-05-29 03:00:00,0,0,0
2020-05-29 04:00:00,0,0,0
2020-05-29 05:00:00,7,3,4
2020-05-29 06:00:00,22,8,14
2020-05-29 07:00:00,29,12,17
2020-05-29 08:00:00,33,16,17
2020-05-29 09:00:00,25,11,14
2020-05-29 10:00:00,22,7,15
2020-05-29 11:00:00,27,11,16
2020-05-29 12:00:00,31,15,16
2020-05-29 13:00:00,35,21,14
2020-05-29 14:00:00,38,27,11
2020-05-29 15:00:00,36,25,11
2020-05-29 16:00:00,51,18,33
2020-05-29 17:00:00,65,36,29
2020-05-29 18:00:00,56,32,24
2020-05-29 19:00:00,29,12,17
2020-05-29 20:00:00,23,9,14
2020-05-29 21:00:00,11,4,7
2020-05-29 22:00:00,7,4,3
2020-05-29 23:00:00,2,2,0
2020-05-30 00:00:00,3,0,3
2020-05-30 01:00:00,0,0,0
2020-05-30 02:00:00,2,1,1
2020-05-30 03:00:00,1,1,0
2020-05-30 04:00:00,1,0,1
2020-05-30 05:00:00,1,0,1
2020-05-30 06:00:00,6,4,2
2020-05-30 07:00:00,4,1,3
2020-05-30 08:00:00,3,0,3
2020-05-30 09:00:00,4,0,4
2020-05-30 10:00:00,2,1,1
2020-05-30 11:00:00,4,3,1
2020-05-30 12:00:00,12,5,7
2020-05-30 13:00:00,10,3,7
2020-05-30 14:00:00,15,3,12
2020-05-30 15:00:00,14,4,10
2020-05-30 16:00:00,22,19,3
2020-05-30 17:00:00,15,13,2
2020-05-30 18:00:00,5,3,2
2020-05-30 19:00:00,0,0,0
2020-05-30 20:00:00,3,0,3
2020-05-30 21:00:00,1,1,0
2020-05-30 22:00:00,0,0,0
2020-05-30 23:00:00,1,0,1
2020-05-31 00:00:00,0,0,0
2020-05-31 01:00:00,0,0,0
2020-05-31 02:00:00,0,0,0
2020-05-31 03:00:00,0,0,0
2020-05-31 04:00:00,0,0,0
2020-05-31 05:00:00,1,0,1
2020-05-31 06:00:00,2,0,2
2020-05-31 07:00:00,2,1,1
2020-05-31 08:00:00,5,0,5
2020-05-31 09:00:00,9,3,6
2020-05-31 10:00:00,11,6,5
2020-05-31 11:00:00,22,8,14
2020-05-31 12:00:00,15,9,6
2020-05-31 13:00:00,36,19,17
2020-05-31 14:00:00,44,21,23
2020-05-31 15:00:00,46,31,15
2020-05-31 16:00:00,41,18,23
2020-05-31 17:00:00,23,9,14
2020-05-31 18:00:00,14,3,11
2020-05-31 19:00:00,9,5,4
2020-05-31 20:00:00,7,4,3
2020-05-31 21:00:00,5,3,2
2020-05-31 22:00:00,2,1,1
2020-05-31 23:00:00,1,1,0
2020-06-01 00:00:00,1,1,0
2020-06-01 01:00:00,0,0,0
2020-06-01 02:00:00,0,0,0
2020-06-01 03:00:00,0,0,0
2020-06-01 04:00:00,1,1,0
2020-06-01 05:00:00,9,6,3
2020-06-01 06:00:00,29,11,18
2020-06-01 07:00:00,34,12,22
2020-06-01 08:00:00,25,12,13
2020-06-01 09:00:00,23,11,12
2020-06-01 10:00:00,13,7,6
2020-06-01 11:00:00,21,9,12
2020-06-01 12:00:00,29,14,15
2020-06-01 13:00:00,32,20,12
2020-06-01 14:00:00,35,16,19
2020-06-01 15:00:00,43,23,20
2020-06-01 16:00:00,87,57,30
2020-06-01 17:00:00,47,23,24
2020-06-01 18:00:00,23,12,11
2020-06-01 19:00:00,9,1,8
2020-06-01 20:00:00,8,7,1
2020-06-01 21:00:00,6,0,6
2020-06-01 22:00:00,10,6,4
2020-06-01 23:00:00,4,1,3
2020-06-02 00:00:00,3,2,1
2020-06-02 01:00:00,0,0,0
2020-06-02 02:00:00,0,0,0
2020-06-02 03:00:00,0,0,0
2020-06-02 04:00:00,1,1,0
2020-06-02 05:00:00,10,5,5
2020-06-02 06:00:00,30,10,20
2020-06-02 07:00:00,28,9,19
2020-06-02 08:00:00,23,11,12
2020-06-02 09:00:00,15,10,5
2020-06-02 10:00:00,11,8,3
2020-06-02 11:00:00,16,10,6
2020-06-02 12:00:00,23,13,10
2020-06-02 13:00:00,23,18,5
2020-06-02 14:00:00,39,24,15
2020-06-02 15:00:00,84,50,34
2020-06-02 16:00:00,26,16,10
2020-06-02 17:00:00,51,30,21
2020-06-02 18:00:00,27,10,17
2020-06-02 19:00:00,10,5,5
2020-06-02 20:00:00,10,5,5
2020-06-02 21:00:00,7,4,3
2020-06-02 22:00:00,3,1,2
2020-06-02 23:00:00,4,2,2
2020-06-03 00:00:00,0,0,0
2020-06-03 01:00:00,0,0,0
2020-06-03 02:00:00,1,0,1
2020-06-03 03:00:00,0,0,0
2020-06-03 04:00:00,1,1,0
2020-06-03 05:00:00,12,5,7
2020-06-03 06:00:00,26,9,17
2020-06-03 07:00:00,34,15,19
2020-06-03 08:00:00,25,11,14
2020-06-03 09:00:00,18,10,8
2020-06-03 10:00:00,14,10,4
2020-06-03 11:00:00,26,13,13
2020-06-03 12:00:00,15,10,5
2020-06-03 13:00:00,24,12,12
2020-06-03 14:00:00,31,16,15
2020-06-03 15:00:00,42,21,21
2020-06-03 16:00:00,36,20,16
2020-06-03 17:00:00,41,20,21
2020-06-03 18:00:00,35,20,15
2020-06-03 19:00:00,16,9,7
2020-06-03 20:00:00,13,4,9
2020-06-03 21:00:00,4,3,1
2020-06-03 22:00:00,1,0,1
2020-06-03 23:00:00,3,2,1
2020-06-04 00:00:00,3,1,2
2020-06-04 01:00:00,1,0,1
2020-06-04 02:00:00,0,0,0
2020-06-04 03:00:00,0,0,0
2020-06-04 04:00:00,1,1,0
2020-06-04 05:00:00,6,2,4
2020-06-04 06:00:00,26,5,21
2020-06-04 07:00:00,28,11,17
2020-06-04 08:00:00,29,13,16
2020-06-04 09:00:00,17,9,8
2020-06-04 10:00:00,10,6,4
2020-06-04 11:00:00,16,8,8
2020-06-04 12:00:00,23,13,10
2020-06-04 13:00:00,23,10,13
2020-06-04 14:00:00,32,20,12
2020-06-04 15:00:00,28,19,9
2020-06-04 16:00:00,37,23,14
2020-06-04 17:00:00,40,18,22
2020-06-04 18:00:00,42,23,19
2020-06-04 19:00:00,20,7,13
2020-06-04 20:00:00,19,7,12
2020-06-04 21:00:00,6,4,2
2020-06-04 22:00:00,1,0,1
2020-06-04 23:00:00,3,2,1
2020-06-05 00:00:00,2,0,2
2020-06-05 01:00:00,0,0,0
2020-06-05 02:00:00,1,0,1
2020-06-05 03:00:00,0,0,0
2020-06-05 04:00:00,0,0,0
2020-06-05 05:00:00,10,4,6
2020-06-05 06:00:00,18,7,11
2020-06-05 07:00:00,24,9,15
2020-06-05 08:00:00,27,14,13
2020-06-05 09:00:00,31,19,12
2020-06-05 10:00:00,19,12,7
2020-06-05 11:00:00,33,16,17
2020-06-05 12:00:00,31,17,14
2020-06-05 13:00:00,34,16,18
2020-06-05 14:00:00,22,12,10
2020-06-05 15:00:00,28,15,13
2020-06-05 16:00:00,43,26,17
2020-06-05 17:00:00,53,27,26
2020-06-05 18:00:00,27,11,16
2020-06-05 19:00:00,15,7,8
2020-06-05 20:00:00,11,4,7
2020-06-05 21:00:00,7,4,3
2020-06-05 22:00:00,4,1,3
2020-06-05 23:00:00,1,1,0
2020-06-06 00:00:00,0,0,0
2020-06-06 01:00:00,0,0,0
2020-06-06 02:00:00,0,0,0
2020-06-06 03:00:00,0,0,0
2020-06-06 04:00:00,1,0,1
2020-06-06 05:00:00,0,0,0
2020-06-06 06:00:00,4,2,2
2020-06-06 07:00:00,10,5,5
2020-06-06 08:00:00,10,6,4
2020-06-06 09:00:00,18,12,6
2020-06-06 10:00:00,40,26,14
2020-06-06 11:00:00,84,49,35
2020-06-06 12:00:00,39,27,12
2020-06-06 13:00:00,38,19,19
2020-06-06 14:00:00,48,20,28
2020-06-06 15:00:00,18,7,11
2020-06-06 16:00:00,18,11,7
2020-06-06 17:00:00,25,17,8
2020-06-06 18:00:00,18,8,10
2020-06-06 19:00:00,11,8,3
2020-06-06 20:00:00,8,4,4
2020-06-06 21:00:00,5,1,4
2020-06-06 22:00:00,1,0,1
2020-06-06 23:00:00,1,0,1
2020-06-07 00:00:00,3,1,2
2020-06-07 01:00:00,2,2,0
2020-06-07 02:00:00,1,0,1
2020-06-07 03:00:00,0,0,0
2020-06-07 04:00:00,1,0,1
2020-06-07 05:00:00,1,1,0
2020-06-07 06:00:00,1,0,1
2020-06-07 07:00:00,2,0,2
2020-06-07 08:00:00,6,3,3
2020-06-07 09:00:00,7,2,5
2020-06-07 10:00:00,12,5,7
2020-06-07 11:00:00,13,5,8
2020-06-07 12:00:00,15,11,4
2020-06-07 13:00:00,28,17,11
2020-06-07 14:00:00,18,11,7
2020-06-07 15:00:00,26,12,14
2020-06-07 16:00:00,33,22,11
2020-06-07 17:00:00,26,10,16
2020-06-07 18:00:00,21,11,10
2020-06-07 19:00:00,8,0,8
2020-06-07 20:00:00,6,2,4
2020-06-07 21:00:00,5,0,5
2020-06-07 22:00:00,2,0,2
2020-06-07 23:00:00,2,1,1
2020-06-08 00:00:00,2,2,0
2020-06-08 01:00:00,1,0,1
2020-06-08 02:00:00,0,0,0
2020-06-08 03:00:00,0,0,0
2020-06-08 04:00:00,1,1,0
2020-06-08 05:00:00,3,2,1
2020-06-08 06:00:00,26,5,21
2020-06-08 07:00:00,20,3,17
2020-06-08 08:00:00,21,11,10
2020-06-08 09:00:00,15,6,9
2020-06-08 10:00:00,12,6,6
2020-06-08 11:00:00,11,7,4
2020-06-08 12:00:00,20,15,5
2020-06-08 13:00:00,26,12,14
2020-06-08 14:00:00,28,18,10
2020-06-08 15:00:00,31,18,13
2020-06-08 16:00:00,36,17,19
2020-06-08 17:00:00,56,23,33
2020-06-08 18:00:00,29,19,10
2020-06-08 19:00:00,17,5,12
2020-06-08 20:00:00,13,5,8
2020-06-08 21:00:00,5,2,3
2020-06-08 22:00:00,8,6,2
2020-06-08 23:00:00,2,0,2
2020-06-09 00:00:00,1,1,0
2020-06-09 01:00:00,0,0,0
2020-06-09 02:00:00,1,0,1
2020-06-09 03:00:00,1,1,0
2020-06-09 04:00:00,0,0,0
2020-06-09 05:00:00,5,2,3
2020-06-09 06:00:00,14,6,8
2020-06-09 07:00:00,17,7,10
2020-06-09 08:00:00,12,5,7
2020-06-09 09:00:00,7,6,1
2020-06-09 10:00:00,6,3,3
2020-06-09 11:00:00,12,9,3
2020-06-09 12:00:00,7,2,5
2020-06-09 13:00:00,13,7,6
2020-06-09 14:00:00,18,11,7
2020-06-09 15:00:00,22,12,10
2020-06-09 16:00:00,24,16,8
2020-06-09 17:00:00,21,9,12
2020-06-09 18:00:00,18,9,9
2020-06-09 19:00:00,10,8,2
2020-06-09 20:00:00,5,2,3
2020-06-09 21:00:00,8,5,3
2020-06-09 22:00:00,2,1,1
2020-06-09 23:00:00,5,1,4
2020-06-10 00:00:00,1,1,0
2020-06-10 01:00:00,2,2,0
2020-06-10 02:00:00,1,0,1
2020-06-10 03:00:00,0,0,0
2020-06-10 04:00:00,2,1,1
2020-06-10 05:00:00,11,5,6
2020-06-10 06:00:00,23,9,14
2020-06-10 07:00:00,27,8,19
2020-06-10 08:00:00,22,12,10
2020-06-10 09:00:00,16,7,9
2020-06-10 10:00:00,15,6,9
2020-06-10 11:00:00,28,17,11
2020-06-10 12:00:00,29,15,14
2020-06-10 13:00:00,31,17,14
2020-06-10 14:00:00,40,25,15
2020-06-10 15:00:00,34,21,13
2020-06-10 16:00:00,62,40,22
2020-06-10 17:00:00,54,26,28
2020-06-10 18:00:00,42,22,20
2020-06-10 19:00:00,35,13,22
2020-06-10 20:00:00,17,7,10
2020-06-10 21:00:00,12,6,6
2020-06-10 22:00:00,5,3,2
2020-06-10 23:00:00,2,1,1
2020-06-11 00:00:00,2,2,0
2020-06-11 01:00:00,5,1,4
2020-06-11 02:00:00,3,1,2
2020-06-11 03:00:00,1,0,1
2020-06-11 04:00:00,1,1,0
2020-06-11 05:00:00,7,4,3
2020-06-11 06:00:00,24,7,17
2020-06-11 07:00:00,29,11,18
2020-06-11 08:00:00,18,7,11
2020-06-11 09:00:00,15,9,6
2020-06-11 10:00:00,16,9,7
2020-06-11 11:00:00,35,24,11
2020-06-11 12:00:00,14,7,7
2020-06-11 13:00:00,21,11,10
2020-06-11 14:00:00,28,15,13
2020-06-11 15:00:00,37,19,18
2020-06-11 16:00:00,38,20,18
2020-06-11 17:00:00,36,18,18
2020-06-11 18:00:00,40,26,14
2020-06-11 19:00:00,20,11,9
2020-06-11 20:00:00,11,2,9
2020-06-11 21:00:00,13,6,7
2020-06-11 22:00:00,2,1,1
2020-06-11 23:00:00,3,1,2
2020-06-12 00:00:00,0,0,0
2020-06-12 01:00:00,2,2,0
2020-06-12 02:00:00,0,0,0
2020-06-12 03:00:00,1,0,1
2020-06-12 04:00:00,3,2,1
2020-06-12 05:00:00,3,1,2
2020-06-12 06:00:00,19,5,14
2020-06-12 07:00:00,22,6,16
2020-06-12 08:00:00,14,6,8
2020-06-12 09:00:00,10,5,5
2020-06-12 10:00:00,11,6,5
2020-06-12 11:00:00,20,11,9
2020-06-12 12:00:00,30,23,7
2020-06-12 13:00:00,46,36,10
2020-06-12 14:00:00,26,23,3
2020-06-12 15:00:00,20,13,7
2020-06-12 16:00:00,34,14,20
2020-06-12 17:00:00,73,24,49
2020-06-12 18:00:00,33,8,25
2020-06-12 19:00:00,14,3,11
2020-06-12 20:00:00,14,7,7
2020-06-12 21:00:00,4,0,4
2020-06-12 22:00:00,1,1,0
2020-06-12 23:00:00,4,2,2
2020-06-13 00:00:00,5,4,1
2020-06-13 01:00:00,0,0,0
2020-06-13 02:00:00,2,0,2
2020-06-13 03:00:00,0,0,0
2020-06-13 04:00:00,1,0,1
2020-06-13 05:00:00,1,1,0
2020-06-13 06:00:00,5,4,1
2020-06-13 07:00:00,6,3,3
2020-06-13 08:00:00,6,2,4
2020-06-13 09:00:00,13,8,5
2020-06-13 10:00:00,19,15,4
2020-06-13 11:00:00,22,11,11
2020-06-13 12:00:00,31,15,16
2020-06-13 13:00:00,19,9,10
2020-06-13 14:00:00,24,14,10
2020-06-13 15:00:00,19,10,9
2020-06-13 16:00:00,21,13,8
2020-06-13 17:00:00,9,2,7
2020-06-13 18:00:00,26,10,16
2020-06-13 19:00:00,20,11,9
2020-06-13 20:00:00,5,4,1
2020-06-13 21:00:00,6,4,2
2020-06-13 22:00:00,3,1,2
2020-06-13 23:00:00,1,0,1
2020-06-14 00:00:00,1,1,0
2020-06-14 01:00:00,1,0,1
2020-06-14 02:00:00,1,1,0
2020-06-14 03:00:00,2,2,0
2020-06-14 04:00:00,1,0,1
2020-06-14 05:00:00,0,0,0
2020-06-14 06:00:00,3,3,0
2020-06-14 07:00:00,1,0,1
2020-06-14 08:00:00,9,5,4
2020-06-14 09:00:00,24,15,9
2020-06-14 10:00:00,26,15,11
2020-06-14 11:00:00,28,21,7
2020-06-14 12:00:00,48,31,17
2020-06-14 13:00:00,26,18,8
2020-06-14 14:00:00,43,24,19
2020-06-14 15:00:00,36,17,19
2020-06-14 16:00:00,39,19,20
2020-06-14 17:00:00,56,29,27
2020-06-14 18:00:00,19,14,5
2020-06-14 19:00:00,10,4,6
2020-06-14 20:00:00,17,7,10
2020-06-14 21:00:00,10,3,7
2020-06-14 22:00:00,7,3,4
2020-06-14 23:00:00,1,1,0
2020-06-15 00:00:00,3,2,1
2020-06-15 01:00:00,1,1,0
2020-06-15 02:00:00,2,1,1
2020-06-15 03:00:00,1,1,0
2020-06-15 04:00:00,1,1,0
2020-06-15 05:00:00,6,3,3
2020-06-15 06:00:00,15,5,10
2020-06-15 07:00:00,20,4,16
2020-06-15 08:00:00,13,5,8
2020-06-15 09:00:00,12,4,8
2020-06-15 10:00:00,6,3,3
2020-06-15 11:00:00,10,5,5
2020-06-15 12:00:00,13,5,8
2020-06-15 13:00:00,17,7,10
2020-06-15 14:00:00,17,9,8
2020-06-15 15:00:00,20,14,6
2020-06-15 16:00:00,29,20,9
2020-06-15 17:00:00,35,21,14
2020-06-15 18:00:00,20,11,9
2020-06-15 19:00:00,13,7,6
2020-06-15 20:00:00,10,5,5
2020-06-15 21:00:00,2,1,1
2020-06-15 22:00:00,0,0,0
2020-06-15 23:00:00,2,1,1
2020-06-16 00:00:00,0,0,0
2020-06-16 01:00:00,0,0,0
2020-06-16 02:00:00,0,0,0
2020-06-16 03:00:00,0,0,0
2020-06-16 04:00:00,1,1,0
2020-06-16 05:00:00,9,2,7
2020-06-16 06:00:00,18,7,11
2020-06-16 07:00:00,23,11,12
2020-06-16 08:00:00,22,11,11
2020-06-16 09:00:00,22,11,11
2020-06-16 10:00:00,13,8,5
2020-06-16 11:00:00,19,13,6
2020-06-16 12:00:00,23,12,11
2020-06-16 13:00:00,32,13,19
2020-06-16 14:00:00,30,16,14
2020-06-16 15:00:00,32,18,14
2020-06-16 16:00:00,64,44,20
2020-06-16 17:00:00,49,29,20
2020-06-16 18:00:00,42,29,13
2020-06-16 19:00:00,21,9,12
2020-06-16 20:00:00,13,5,8
2020-06-16 21:00:00,4,0,4
2020-06-16 22:00:00,4,0,4
2020-06-16 23:00:00,3,2,1
2020-06-17 00:00:00,0,0,0
2020-06-17 01:00:00,0,0,0
2020-06-17 02:00:00,0,0,0
2020-06-17 03:00:00,3,1,2
2020-06-17 04:00:00,1,0,1
2020-06-17 05:00:00,18,10,8
2020-06-17 06:00:00,25,11,14
2020-06-17 07:00:00,34,16,18
2020-06-17 08:00:00,44,21,23
2020-06-17 09:00:00,26,12,14
2020-06-17 10:00:00,19,9,10
2020-06-17 11:00:00,22,10,12
2020-06-17 12:00:00,31,16,15
2020-06-17 13:00:00,33,22,11
2020-06-17 14:00:00,38,20,18
2020-06-17 15:00:00,37,22,15
2020-06-17 16:00:00,75,47,28
2020-06-17 17:00:00,67,36,31
2020-06-17 18:00:00,35,23,12
2020-06-17 19:00:00,36,19,17
2020-06-17 20:00:00,12,6,6
2020-06-17 21:00:00,18,6,12
2020-06-17 22:00:00,8,1,7
2020-06-17 23:00:00,4,1,3
2020-06-18 00:00:00,2,1,1
2020-06-18 01:00:00,0,0,0
2020-06-18 02:00:00,1,0,1
2020-06-18 03:00:00,0,0,0
2020-06-18 04:00:00,2,1,1
2020-06-18 05:00:00,8,1,7
2020-06-18 06:00:00,27,8,19
2020-06-18 07:00:00,31,13,18
2020-06-18 08:00:00,38,17,21
2020-06-18 09:00:00,21,5,16
2020-06-18 10:00:00,11,4,7
2020-06-18 11:00:00,26,11,15
2020-06-18 12:00:00,43,24,19
2020-06-18 13:00:00,28,13,15
2020-06-18 14:00:00,49,31,18
2020-06-18 15:00:00,43,28,15
2020-06-18 16:00:00,50,26,24
2020-06-18 17:00:00,53,29,24
2020-06-18 18:00:00,38,23,15
2020-06-18 19:00:00,26,15,11
2020-06-18 20:00:00,23,9,14
2020-06-18 21:00:00,7,2,5
2020-06-18 22:00:00,10,8,2
2020-06-18 23:00:00,2,0,2
2020-06-19 00:00:00,1,0,1
2020-06-19 01:00:00,0,0,0
2020-06-19 02:00:00,0,0,0
2020-06-19 03:00:00,1,0,1
2020-06-19 04:00:00,1,1,0
2020-06-19 05:00:00,14,6,8
2020-06-19 06:00:00,20,3,17
2020-06-19 07:00:00,40,17,23
2020-06-19 08:00:00,34,15,19
2020-06-19 09:00:00,26,17,9
2020-06-19 10:00:00,17,9,8
2020-06-19 11:00:00,33,18,15
2020-06-19 12:00:00,41,23,18
2020-06-19 13:00:00,37,21,16
2020-06-19 14:00:00,48,33,15
2020-06-19 15:00:00,45,29,16
2020-06-19 16:00:00,53,31,22
2020-06-19 17:00:00,54,24,30
2020-06-19 18:00:00,32,22,10
2020-06-19 19:00:00,24,14,10
2020-06-19 20:00:00,12,3,9
2020-06-19 21:00:00,9,6,3
2020-06-19 22:00:00,5,2,3
2020-06-19 23:00:00,2,1,1
2020-06-20 00:00:00,2,2,0
2020-06-20 01:00:00,1,1,0
2020-06-20 02:00:00,3,0,3
2020-06-20 03:00:00,0,0,0
2020-06-20 04:00:00,1,0,1
2020-06-20 05:00:00,0,0,0
2020-06-20 06:00:00,2,1,1
2020-06-20 07:00:00,1,0,1
2020-06-20 08:00:00,7,2,5
2020-06-20 09:00:00,13,6,7
2020-06-20 10:00:00,18,12,6
2020-06-20 11:00:00,23,14,9
2020-06-20 12:00:00,20,12,8
2020-06-20 13:00:00,50,18,32
2020-06-20 14:00:00,34,27,7
2020-06-20 15:00:00,27,13,14
2020-06-20 16:00:00,29,14,15
2020-06-20 17:00:00,30,13,17
2020-06-20 18:00:00,22,10,12
2020-06-20 19:00:00,9,3,6
2020-06-20 20:00:00,12,7,5
2020-06-20 21:00:00,17,11,6
2020-06-20 22:00:00,4,3,1
2020-06-20 23:00:00,5,2,3
2020-06-21 00:00:00,6,2,4
2020-06-21 01:00:00,0,0,0
2020-06-21 02:00:00,1,1,0
2020-06-21 03:00:00,0,0,0
2020-06-21 04:00:00,1,0,1
2020-06-21 05:00:00,0,0,0
2020-06-21 06:00:00,2,1,1
2020-06-21 07:00:00,2,1,1
2020-06-21 08:00:00,6,2,4
2020-06-21 09:00:00,5,2,3
2020-06-21 10:00:00,21,12,9
2020-06-21 11:00:00,17,8,9
2020-06-21 12:00:00,31,17,14
2020-06-21 13:00:00,28,19,9
2020-06-21 14:00:00,35,17,18
2020-06-21 15:00:00,20,11,9
2020-06-21 16:00:00,45,25,20
2020-06-21 17:00:00,36,12,24
2020-06-21 18:00:00,30,16,14
2020-06-21 19:00:00,18,7,11
2020-06-21 20:00:00,15,1,14
2020-06-21 21:00:00,6,2,4
2020-06-21 22:00:00,9,4,5
2020-06-21 23:00:00,3,1,2
2020-06-22 00:00:00,2,2,0
2020-06-22 01:00:00,0,0,0
2020-06-22 02:00:00,0,0,0
2020-06-22 03:00:00,0,0,0
2020-06-22 04:00:00,2,2,0
2020-06-22 05:00:00,11,3,8
2020-06-22 06:00:00,26,5,21
2020-06-22 07:00:00,31,11,20
2020-06-22 08:00:00,24,13,11
2020-06-22 09:00:00,28,12,16
2020-06-22 10:00:00,18,14,4
2020-06-22 11:00:00,22,12,10
2020-06-22 12:00:00,34,22,12
2020-06-22 13:00:00,32,16,16
2020-06-22 14:00:00,33,20,13
2020-06-22 15:00:00,38,28,10
2020-06-22 16:00:00,47,31,16
2020-06-22 17:00:00,64,40,24
2020-06-22 18:00:00,42,23,19
2020-06-22 19:00:00,29,14,15
2020-06-22 20:00:00,14,5,9
2020-06-22 21:00:00,7,4,3
2020-06-22 22:00:00,4,3,1
2020-06-22 23:00:00,2,0,2
2020-06-23 00:00:00,3,0,3
2020-06-23 01:00:00,2,2,0
2020-06-23 02:00:00,1,1,0
2020-06-23 03:00:00,0,0,0
2020-06-23 04:00:00,0,0,0
2020-06-23 05:00:00,14,5,9
2020-06-23 06:00:00,23,9,14
2020-06-23 07:00:00,33,12,21
2020-06-23 08:00:00,40,18,22
2020-06-23 09:00:00,17,12,5
2020-06-23 10:00:00,24,12,12
2020-06-23 11:00:00,23,13,10
2020-06-23 12:00:00,30,19,11
2020-06-23 13:00:00,26,13,13
2020-06-23 14:00:00,21,11,10
2020-06-23 15:00:00,46,23,23
2020-06-23 16:00:00,59,38,21
2020-06-23 17:00:00,63,36,27
2020-06-23 18:00:00,43,27,16
2020-06-23 19:00:00,32,17,15
2020-06-23 20:00:00,17,9,8
2020-06-23 21:00:00,7,3,4
2020-06-23 22:00:00,7,4,3
2020-06-23 23:00:00,7,5,2
2020-06-24 00:00:00,4,4,0
2020-06-24 01:00:00,1,1,0
2020-06-24 02:00:00,0,0,0
2020-06-24 03:00:00,1,0,1
2020-06-24 04:00:00,0,0,0
2020-06-24 05:00:00,7,2,5
2020-06-24 06:00:00,28,11,17
2020-06-24 07:00:00,35,12,23
2020-06-24 08:00:00,41,18,23
2020-06-24 09:00:00,25,9,16
2020-06-24 10:00:00,26,12,14
2020-06-24 11:00:00,25,13,12
2020-06-24 12:00:00,19,6,13
2020-06-24 13:00:00,23,11,12
2020-06-24 14:00:00,29,22,7
2020-06-24 15:00:00,31,18,13
2020-06-24 16:00:00,57,30,27
2020-06-24 17:00:00,56,44,12
2020-06-24 18:00:00,46,29,17
2020-06-24 19:00:00,27,16,11
2020-06-24 20:00:00,23,9,14
2020-06-24 21:00:00,9,2,7
2020-06-24 22:00:00,4,3,1
2020-06-24 23:00:00,1,0,1
2020-06-25 00:00:00,2,1,1
2020-06-25 01:00:00,2,1,1
2020-06-25 02:00:00,2,0,2
2020-06-25 03:00:00,0,0,0
2020-06-25 04:00:00,0,0,0
2020-06-25 05:00:00,11,3,8
2020-06-25 06:00:00,25,5,20
2020-06-25 07:00:00,43,17,26
2020-06-25 08:00:00,25,12,13
2020-06-25 09:00:00,18,8,10
2020-06-25 10:00:00,28,14,14
2020-06-25 11:00:00,24,15,9
2020-06-25 12:00:00,32,22,10
2020-06-25 13:00:00,46,23,23
2020-06-25 14:00:00,33,21,12
2020-06-25 15:00:00,36,22,14
2020-06-25 16:00:00,59,40,19
2020-06-25 17:00:00,66,38,28
2020-06-25 18:00:00,47,28,19
2020-06-25 19:00:00,33,18,15
2020-06-25 20:00:00,20,12,8
2020-06-25 21:00:00,15,4,11
2020-06-25 22:00:00,12,0,12
2020-06-25 23:00:00,5,3,2
2020-06-26 00:00:00,6,1,5
2020-06-26 01:00:00,1,0,1
2020-06-26 02:00:00,0,0,0
2020-06-26 03:00:00,0,0,0
2020-06-26 04:00:00,0,0,0
2020-06-26 05:00:00,9,5,4
2020-06-26 06:00:00,15,3,12
2020-06-26 07:00:00,23,10,13
2020-06-26 08:00:00,49,22,27
2020-06-26 09:00:00,29,15,14
2020-06-26 10:00:00,22,8,14
2020-06-26 11:00:00,33,16,17
2020-06-26 12:00:00,38,20,18
2020-06-26 13:00:00,33,20,13
2020-06-26 14:00:00,36,19,17
2020-06-26 15:00:00,39,23,16
2020-06-26 16:00:00,49,28,21
2020-06-26 17:00:00,60,31,29
2020-06-26 18:00:00,47,25,22
2020-06-26 19:00:00,37,18,19
2020-06-26 20:00:00,12,4,8
2020-06-26 21:00:00,5,0,5
2020-06-26 22:00:00,6,2,4
2020-06-26 23:00:00,6,4,2
2020-06-27 00:00:00,5,3,2
2020-06-27 01:00:00,3,2,1
2020-06-27 02:00:00,0,0,0
2020-06-27 03:00:00,0,0,0
2020-06-27 04:00:00,0,0,0
2020-06-27 05:00:00,0,0,0
2020-06-27 06:00:00,2,1,1
2020-06-27 07:00:00,6,3,3
2020-06-27 08:00:00,6,5,1
2020-06-27 09:00:00,5,4,1
2020-06-27 10:00:00,18,14,4
2020-06-27 11:00:00,14,4,10
2020-06-27 12:00:00,12,7,5
2020-06-27 13:00:00,10,4,6
2020-06-27 14:00:00,14,6,8
2020-06-27 15:00:00,14,7,7
2020-06-27 16:00:00,15,11,4
2020-06-27 17:00:00,20,12,8
2020-06-27 18:00:00,12,7,5
2020-06-27 19:00:00,6,1,5
2020-06-27 20:00:00,3,2,1
2020-06-27 21:00:00,5,1,4
2020-06-27 22:00:00,0,0,0
2020-06-27 23:00:00,1,0,1
2020-06-28 00:00:00,1,1,0
2020-06-28 01:00:00,0,0,0
2020-06-28 02:00:00,0,0,0
2020-06-28 03:00:00,0,0,0
2020-06-28 04:00:00,0,0,0
2020-06-28 05:00:00,1,0,1
2020-06-28 06:00:00,2,2,0
2020-06-28 07:00:00,4,2,2
2020-06-28 08:00:00,3,0,3
2020-06-28 09:00:00,5,4,1
2020-06-28 10:00:00,8,7,1
2020-06-28 11:00:00,22,15,7
2020-06-28 12:00:00,31,16,15
2020-06-28 13:00:00,23,13,10
2020-06-28 14:00:00,45,25,20
2020-06-28 15:00:00,45,19,26
2020-06-28 16:00:00,39,13,26
2020-06-28 17:00:00,32,17,15
2020-06-28 18:00:00,35,18,17
2020-06-28 19:00:00,17,7,10
2020-06-28 20:00:00,13,10,3
2020-06-28 21:00:00,7,3,4
2020-06-28 22:00:00,7,4,3
2020-06-28 23:00:00,2,0,2
2020-06-29 00:00:00,4,2,2
2020-06-29 01:00:00,1,0,1
2020-06-29 02:00:00,0,0,0
2020-06-29 03:00:00,0,0,0
2020-06-29 04:00:00,0,0,0
2020-06-29 05:00:00,13,6,7
2020-06-29 06:00:00,16,6,10
2020-06-29 07:00:00,38,13,25
2020-06-29 08:00:00,35,15,20
2020-06-29 09:00:00,22,11,11
2020-06-29 10:00:00,10,4,6
2020-06-29 11:00:00,17,9,8
2020-06-29 12:00:00,25,12,13
2020-06-29 13:00:00,28,15,13
2020-06-29 14:00:00,42,26,16
2020-06-29 15:00:00,32,22,10
2020-06-29 16:00:00,55,34,21
2020-06-29 17:00:00,61,35,26
2020-06-29 18:00:00,50,28,22
2020-06-29 19:00:00,17,8,9
2020-06-29 20:00:00,13,7,6
2020-06-29 21:00:00,10,4,6
2020-06-29 22:00:00,4,1,3
2020-06-29 23:00:00,4,1,3
2020-06-30 00:00:00,2,1,1
2020-06-30 01:00:00,0,0,0
2020-06-30 02:00:00,1,1,0
2020-06-30 03:00:00,1,0,1
2020-06-30 04:00:00,0,0,0
2020-06-30 05:00:00,13,5,8
2020-06-30 06:00:00,13,3,10
2020-06-30 07:00:00,27,7,20
2020-06-30 08:00:00,22,10,12
2020-06-30 09:00:00,12,9,3
2020-06-30 10:00:00,11,5,6
2020-06-30 11:00:00,19,8,11
2020-06-30 12:00:00,22,13,9
2020-06-30 13:00:00,25,12,13
2020-06-30 14:00:00,34,17,17
2020-06-30 15:00:00,22,16,6
2020-06-30 16:00:00,32,17,15
2020-06-30 17:00:00,51,28,23
2020-06-30 18:00:00,26,14,12
2020-06-30 19:00:00,12,7,5
2020-06-30 20:00:00,7,3,4
2020-06-30 21:00:00,7,2,5
2020-06-30 22:00:00,2,0,2
2020-06-30 23:00:00,4,4,0
2020-07-01 00:00:00,1,1,0
2020-07-01 01:00:00,1,1,0
2020-07-01 02:00:00,0,0,0
2020-07-01 03:00:00,1,0,1
2020-07-01 04:00:00,1,0,1
2020-07-01 05:00:00,10,6,4
2020-07-01 06:00:00,14,12,2
2020-07-01 07:00:00,26,19,7
2020-07-01 08:00:00,31,13,18
2020-07-01 09:00:00,25,12,13
2020-07-01 10:00:00,16,5,11
2020-07-01 11:00:00,20,9,11
2020-07-01 12:00:00,32,18,14
2020-07-01 13:00:00,23,10,13
2020-07-01 14:00:00,30,8,22
2020-07-01 15:00:00,46,18,28
2020-07-01 16:00:00,41,22,19
2020-07-01 17:00:00,53,28,25
2020-07-01 18:00:00,32,16,16
2020-07-01 19:00:00,13,1,12
2020-07-01 20:00:00,11,1,10
2020-07-01 21:00:00,15,11,4
2020-07-01 22:00:00,5,3,2
2020-07-01 23:00:00,1,1,0
2020-07-02 00:00:00,2,2,0
2020-07-02 01:00:00,0,0,0
2020-07-02 02:00:00,0,0,0
2020-07-02 03:00:00,0,0,0
2020-07-02 04:00:00,1,0,1
2020-07-02 05:00:00,9,8,1
2020-07-02 06:00:00,15,13,2
2020-07-02 07:00:00,37,21,16
2020-07-02 08:00:00,27,11,16
2020-07-02 09:00:00,26,15,11
2020-07-02 10:00:00,23,8,15
2020-07-02 11:00:00,26,11,15
2020-07-02 12:00:00,26,15,11
2020-07-02 13:00:00,18,11,7
2020-07-02 14:00:00,35,15,20
2020-07-02 15:00:00,49,16,33
2020-07-02 16:00:00,41,13,28
2020-07-02 17:00:00,45,19,26
2020-07-02 18:00:00,39,13,26
2020-07-02 19:00:00,30,15,15
2020-07-02 20:00:00,12,6,6
2020-07-02 21:00:00,11,6,5
2020-07-02 22:00:00,4,3,1
2020-07-02 23:00:00,4,3,1
2020-07-03 00:00:00,2,1,1
2020-07-03 01:00:00,0,0,0
2020-07-03 02:00:00,0,0,0
2020-07-03 03:00:00,0,0,0
2020-07-03 04:00:00,2,0,2
2020-07-03 05:00:00,2,0,2
2020-07-03 06:00:00,8,5,3
2020-07-03 07:00:00,15,7,8
2020-07-03 08:00:00,14,7,7
2020-07-03 09:00:00,23,8,15
2020-07-03 10:00:00,25,10,15
2020-07-03 11:00:00,33,12,21
2020-07-03 12:00:00,33,12,21
2020-07-03 13:00:00,43,23,20
2020-07-03 14:00:00,41,22,19
2020-07-03 15:00:00,32,20,12
2020-07-03 16:00:00,41,19,22
2020-07-03 17:00:00,34,16,18
2020-07-03 18:00:00,40,26,14
2020-07-03 19:00:00,22,12,10
2020-07-03 20:00:00,8,4,4
2020-07-03 21:00:00,6,3,3
2020-07-03 22:00:00,7,3,4
2020-07-03 23:00:00,1,0,1
2020-07-04 00:00:00,3,1,2
2020-07-04 01:00:00,3,2,1
2020-07-04 02:00:00,0,0,0
2020-07-04 03:00:00,0,0,0
2020-07-04 04:00:00,0,0,0
2020-07-04 05:00:00,1,0,1
2020-07-04 06:00:00,5,1,4
2020-07-04 07:00:00,4,3,1
2020-07-04 08:00:00,5,3,2
2020-07-04 09:00:00,9,5,4
2020-07-04 10:00:00,12,6,6
2020-07-04 11:00:00,22,9,13
2020-07-04 12:00:00,19,7,12
2020-07-04 13:00:00,41,17,24
2020-07-04 14:00:00,29,18,11
2020-07-04 15:00:00,29,17,12
2020-07-04 16:00:00,26,14,12
2020-07-04 17:00:00,18,7,11
2020-07-04 18:00:00,24,14,10
2020-07-04 19:00:00,20,16,4
2020-07-04 20:00:00,19,9,10
2020-07-04 21:00:00,12,5,7
2020-07-04 22:00:00,9,7,2
2020-07-04 23:00:00,2,0,2
2020-07-05 00:00:00,7,6,1
2020-07-05 01:00:00,5,3,2
2020-07-05 02:00:00,1,1,0
2020-07-05 03:00:00,0,0,0
2020-07-05 04:00:00,1,1,0
2020-07-05 05:00:00,3,1,2
2020-07-05 06:00:00,2,0,2
2020-07-05 07:00:00,2,1,1
2020-07-05 08:00:00,7,6,1
2020-07-05 09:00:00,14,5,9
2020-07-05 10:00:00,21,6,15
2020-07-05 11:00:00,33,16,17
2020-07-05 12:00:00,30,18,12
2020-07-05 13:00:00,37,19,18
2020-07-05 14:00:00,52,21,31
2020-07-05 15:00:00,41,20,21
2020-07-05 16:00:00,29,15,14
2020-07-05 17:00:00,32,17,15
2020-07-05 18:00:00,33,15,18
2020-07-05 19:00:00,17,8,9
2020-07-05 20:00:00,13,11,2
2020-07-05 21:00:00,13,4,9
2020-07-05 22:00:00,7,5,2
2020-07-05 23:00:00,1,0,1
2020-07-06 00:00:00,2,0,2
2020-07-06 01:00:00,3,0,3
2020-07-06 02:00:00,1,1,0
2020-07-06 03:00:00,1,0,1
2020-07-06 04:00:00,0,0,0
2020-07-06 05:00:00,12,10,2
2020-07-06 06:00:00,22,13,9
2020-07-06 07:00:00,34,27,7
2020-07-06 08:00:00,23,10,13
2020-07-06 09:00:00,20,11,9
2020-07-06 10:00:00,11,6,5
2020-07-06 11:00:00,23,10,13
2020-07-06 12:00:00,40,15,25
2020-07-06 13:00:00,31,11,20
2020-07-06 14:00:00,38,16,22
2020-07-06 15:00:00,38,9,29
2020-07-06 16:00:00,47,16,31
2020-07-06 17:00:00,53,21,32
2020-07-06 18:00:00,33,13,20
2020-07-06 19:00:00,22,8,14
2020-07-06 20:00:00,14,11,3
2020-07-06 21:00:00,9,5,4
2020-07-06 22:00:00,2,1,1
2020-07-06 23:00:00,2,1,1
2020-07-07 00:00:00,3,1,2
2020-07-07 01:00:00,2,1,1
2020-07-07 02:00:00,0,0,0
2020-07-07 03:00:00,0,0,0
2020-07-07 04:00:00,3,2,1
2020-07-07 05:00:00,10,8,2
2020-07-07 06:00:00,28,19,9
2020-07-07 07:00:00,37,21,16
2020-07-07 08:00:00,26,12,14
2020-07-07 09:00:00,23,9,14
2020-07-07 10:00:00,15,7,8
2020-07-07 11:00:00,26,10,16
2020-07-07 12:00:00,25,14,11
2020-07-07 13:00:00,22,8,14
2020-07-07 14:00:00,24,11,13
2020-07-07 15:00:00,29,12,17
2020-07-07 16:00:00,51,20,31
2020-07-07 17:00:00,53,20,33
2020-07-07 18:00:00,30,14,16
2020-07-07 19:00:00,19,11,8
2020-07-07 20:00:00,13,6,7
2020-07-07 21:00:00,5,5,0
2020-07-07 22:00:00,4,3,1
2020-07-07 23:00:00,2,2,0
2020-07-08 00:00:00,1,1,0
2020-07-08 01:00:00,1,0,1
2020-07-08 02:00:00,2,0,2
2020-07-08 03:00:00,0,0,0
2020-07-08 04:00:00,1,1,0
2020-07-08 05:00:00,16,11,5
2020-07-08 06:00:00,29,19,10
2020-07-08 07:00:00,31,19,12
2020-07-08 08:00:00,41,27,14
2020-07-08 09:00:00,25,15,10
2020-07-08 10:00:00,20,6,14
2020-07-08 11:00:00,26,14,12
2020-07-08 12:00:00,31,14,17
2020-07-08 13:00:00,34,21,13
2020-07-08 14:00:00,31,9,22
2020-07-08 15:00:00,47,10,37
2020-07-08 16:00:00,43,15,28
2020-07-08 17:00:00,67,29,38
2020-07-08 18:00:00,62,24,38
2020-07-08 19:00:00,32,14,18
2020-07-08 20:00:00,10,6,4
2020-07-08 21:00:00,4,2,2
2020-07-08 22:00:00,3,3,0
2020-07-08 23:00:00,5,4,1
2020-07-09 00:00:00,2,2,0
2020-07-09 01:00:00,1,0,1
2020-07-09 02:00:00,0,0,0
2020-07-09 03:00:00,0,0,0
2020-07-09 04:00:00,1,1,0
2020-07-09 05:00:00,14,9,5
2020-07-09 06:00:00,25,19,6
2020-07-09 07:00:00,29,20,9
2020-07-09 08:00:00,31,12,19
2020-07-09 09:00:00,24,15,9
2020-07-09 10:00:00,19,9,10
2020-07-09 11:00:00,23,11,12
2020-07-09 12:00:00,22,18,4
2020-07-09 13:00:00,24,7,17
2020-07-09 14:00:00,37,10,27
2020-07-09 15:00:00,28,9,19
2020-07-09 16:00:00,45,25,20
2020-07-09 17:00:00,48,18,30
2020-07-09 18:00:00,33,15,18
2020-07-09 19:00:00,19,12,7
2020-07-09 20:00:00,16,9,7
2020-07-09 21:00:00,7,4,3
2020-07-09 22:00:00,7,3,4
2020-07-09 23:00:00,3,3,0
2020-07-10 00:00:00,1,1,0
2020-07-10 01:00:00,1,1,0
2020-07-10 02:00:00,0,0,0
2020-07-10 03:00:00,1,1,0
2020-07-10 04:00:00,1,1,0
2020-07-10 05:00:00,10,4,6
2020-07-10 06:00:00,22,15,7
2020-07-10 07:00:00,35,21,14
2020-07-10 08:00:00,40,18,22
2020-07-10 09:00:00,29,11,18
2020-07-10 10:00:00,21,11,10
2020-07-10 11:00:00,24,11,13
2020-07-10 12:00:00,35,17,18
2020-07-10 13:00:00,24,8,16
2020-07-10 14:00:00,35,19,16
2020-07-10 15:00:00,48,21,27
2020-07-10 16:00:00,58,21,37
2020-07-10 17:00:00,66,25,41
2020-07-10 18:00:00,53,33,20
2020-07-10 19:00:00,29,22,7
2020-07-10 20:00:00,16,12,4
2020-07-10 21:00:00,12,8,4
2020-07-10 22:00:00,6,4,2
2020-07-10 23:00:00,4,2,2
2020-07-11 00:00:00,5,0,5
2020-07-11 01:00:00,2,1,1
2020-07-11 02:00:00,3,3,0
2020-07-11 03:00:00,1,1,0
2020-07-11 04:00:00,1,1,0
2020-07-11 05:00:00,1,0,1
2020-07-11 06:00:00,5,2,3
2020-07-11 07:00:00,7,2,5
2020-07-11 08:00:00,13,8,5
2020-07-11 09:00:00,28,12,16
2020-07-11 10:00:00,40,8,32
2020-07-11 11:00:00,29,16,13
2020-07-11 12:00:00,26,12,14
2020-07-11 13:00:00,47,21,26
2020-07-11 14:00:00,49,19,30
2020-07-11 15:00:00,47,25,22
2020-07-11 16:00:00,33,21,12
2020-07-11 17:00:00,34,18,16
2020-07-11 18:00:00,21,14,7
2020-07-11 19:00:00,15,5,10
2020-07-11 20:00:00,7,4,3
2020-07-11 21:00:00,8,2,6
2020-07-11 22:00:00,8,4,4
2020-07-11 23:00:00,7,6,1
2020-07-12 00:00:00,2,1,1
2020-07-12 01:00:00,2,2,0
2020-07-12 02:00:00,0,0,0
2020-07-12 03:00:00,0,0,0
2020-07-12 04:00:00,2,2,0
2020-07-12 05:00:00,0,0,0
2020-07-12 06:00:00,3,1,2
2020-07-12 07:00:00,1,0,1
2020-07-12 08:00:00,7,1,6
2020-07-12 09:00:00,10,5,5
2020-07-12 10:00:00,3,1,2
2020-07-12 11:00:00,19,5,14
2020-07-12 12:00:00,26,16,10
2020-07-12 13:00:00,39,14,25
2020-07-12 14:00:00,25,9,16
2020-07-12 15:00:00,49,19,30
2020-07-12 16:00:00,35,21,14
2020-07-12 17:00:00,38,24,14
2020-07-12 18:00:00,25,13,12
2020-07-12 19:00:00,21,8,13
2020-07-12 20:00:00,11,4,7
2020-07-12 21:00:00,9,6,3
2020-07-12 22:00:00,3,0,3
2020-07-12 23:00:00,2,1,1
2020-07-13 00:00:00,2,0,2
2020-07-13 01:00:00,0,0,0
2020-07-13 02:00:00,0,0,0
2020-07-13 03:00:00,2,1,1
2020-07-13 04:00:00,0,0,0
2020-07-13 05:00:00,8,5,3
2020-07-13 06:00:00,23,15,8
2020-07-13 07:00:00,47,33,14
2020-07-13 08:00:00,33,17,16
2020-07-13 09:00:00,23,15,8
2020-07-13 10:00:00,21,12,9
2020-07-13 11:00:00,26,6,20
2020-07-13 12:00:00,23,8,15
2020-07-13 13:00:00,28,14,14
2020-07-13 14:00:00,46,16,30
2020-07-13 15:00:00,38,15,23
2020-07-13 16:00:00,67,25,42
2020-07-13 17:00:00,65,31,34
2020-07-13 18:00:00,50,25,25
2020-07-13 19:00:00,29,16,13
2020-07-13 20:00:00,21,14,7
2020-07-13 21:00:00,7,5,2
2020-07-13 22:00:00,9,4,5
2020-07-13 23:00:00,1,0,1
2020-07-14 00:00:00,2,1,1
2020-07-14 01:00:00,1,1,0
2020-07-14 02:00:00,3,1,2
2020-07-14 03:00:00,1,1,0
2020-07-14 04:00:00,0,0,0
2020-07-14 05:00:00,10,8,2
2020-07-14 06:00:00,27,15,12
2020-07-14 07:00:00,41,28,13
2020-07-14 08:00:00,32,14,18
2020-07-14 09:00:00,20,10,10
2020-07-14 10:00:00,19,4,15
2020-07-14 11:00:00,24,14,10
2020-07-14 12:00:00,32,18,14
2020-07-14 13:00:00,40,25,15
2020-07-14 14:00:00,22,9,13
2020-07-14 15:00:00,38,12,26
2020-07-14 16:00:00,47,15,32
2020-07-14 17:00:00,68,32,36
2020-07-14 18:00:00,54,26,28
2020-07-14 19:00:00,28,14,14
2020-07-14 20:00:00,22,11,11
2020-07-14 21:00:00,15,10,5
2020-07-14 22:00:00,8,5,3
2020-07-14 23:00:00,6,4,2
2020-07-15 00:00:00,0,0,0
2020-07-15 01:00:00,1,1,0
2020-07-15 02:00:00,0,0,0
2020-07-15 03:00:00,3,3,0
2020-07-15 04:00:00,2,2,0
2020-07-15 05:00:00,14,9,5
2020-07-15 06:00:00,23,16,7
2020-07-15 07:00:00,39,20,19
2020-07-15 08:00:00,30,18,12
2020-07-15 09:00:00,29,10,19
2020-07-15 10:00:00,14,4,10
2020-07-15 11:00:00,36,18,18
2020-07-15 12:00:00,35,11,24
2020-07-15 13:00:00,28,11,17
2020-07-15 14:00:00,36,12,24
2020-07-15 15:00:00,24,3,21
2020-07-15 16:00:00,55,24,31
2020-07-15 17:00:00,65,33,32
2020-07-15 18:00:00,38,20,18
2020-07-15 19:00:00,24,11,13
2020-07-15 20:00:00,39,24,15
2020-07-15 21:00:00,10,7,3
2020-07-15 22:00:00,8,4,4
2020-07-15 23:00:00,6,5,1
2020-07-16 00:00:00,0,0,0
2020-07-16 01:00:00,2,1,1
2020-07-16 02:00:00,0,0,0
2020-07-16 03:00:00,1,1,0
2020-07-16 04:00:00,2,2,0
2020-07-16 05:00:00,12,7,5
2020-07-16 06:00:00,26,21,5
2020-07-16 07:00:00,36,20,16
2020-07-16 08:00:00,34,18,16
2020-07-16 09:00:00,22,12,10
2020-07-16 10:00:00,33,15,18
2020-07-16 11:00:00,34,18,16
2020-07-16 12:00:00,29,10,19
2020-07-16 13:00:00,40,26,14
2020-07-16 14:00:00,36,12,24
2020-07-16 15:00:00,33,12,21
2020-07-16 16:00:00,36,12,24
2020-07-16 17:00:00,54,23,31
2020-07-16 18:00:00,46,24,22
2020-07-16 19:00:00,23,13,10
2020-07-16 20:00:00,17,11,6
2020-07-16 21:00:00,11,1,10
2020-07-16 22:00:00,4,3,1
2020-07-16 23:00:00,5,3,2
2020-07-17 00:00:00,5,2,3
2020-07-17 01:00:00,1,1,0
2020-07-17 02:00:00,1,1,0
2020-07-17 03:00:00,0,0,0
2020-07-17 04:00:00,0,0,0
2020-07-17 05:00:00,6,2,4
2020-07-17 06:00:00,15,12,3
2020-07-17 07:00:00,17,13,4
2020-07-17 08:00:00,30,20,10
2020-07-17 09:00:00,20,9,11
2020-07-17 10:00:00,17,8,9
2020-07-17 11:00:00,17,9,8
2020-07-17 12:00:00,20,10,10
2020-07-17 13:00:00,26,14,12
2020-07-17 14:00:00,21,7,14
2020-07-17 15:00:00,31,16,15
2020-07-17 16:00:00,37,14,23
2020-07-17 17:00:00,49,17,32
2020-07-17 18:00:00,36,18,18
2020-07-17 19:00:00,26,8,18
2020-07-17 20:00:00,23,11,12
2020-07-17 21:00:00,14,8,6
2020-07-17 22:00:00,7,4,3
2020-07-17 23:00:00,3,2,1
2020-07-18 00:00:00,3,2,1
2020-07-18 01:00:00,3,1,2
2020-07-18 02:00:00,0,0,0
2020-07-18 03:00:00,0,0,0
2020-07-18 04:00:00,2,1,1
2020-07-18 05:00:00,1,0,1
2020-07-18 06:00:00,5,0,5
2020-07-18 07:00:00,6,5,1
2020-07-18 08:00:00,12,2,10
2020-07-18 09:00:00,39,19,20
2020-07-18 10:00:00,34,17,17
2020-07-18 11:00:00,50,22,28
2020-07-18 12:00:00,29,17,12
2020-07-18 13:00:00,32,14,18
2020-07-18 14:00:00,48,19,29
2020-07-18 15:00:00,47,28,19
2020-07-18 16:00:00,48,23,25
2020-07-18 17:00:00,37,22,15
2020-07-18 18:00:00,36,20,16
2020-07-18 19:00:00,23,14,9
2020-07-18 20:00:00,25,15,10
2020-07-18 21:00:00,7,3,4
2020-07-18 22:00:00,4,1,3
2020-07-18 23:00:00,0,0,0
2020-07-19 00:00:00,2,2,0
2020-07-19 01:00:00,2,1,1
2020-07-19 02:00:00,1,0,1
2020-07-19 03:00:00,0,0,0
2020-07-19 04:00:00,3,2,1
2020-07-19 05:00:00,1,0,1
2020-07-19 06:00:00,5,1,4
2020-07-19 07:00:00,9,2,7
2020-07-19 08:00:00,18,4,14
2020-07-19 09:00:00,11,5,6
2020-07-19 10:00:00,24,10,14
2020-07-19 11:00:00,27,8,19
2020-07-19 12:00:00,51,23,28
2020-07-19 13:00:00,49,25,24
2020-07-19 14:00:00,39,16,23
2020-07-19 15:00:00,45,27,18
2020-07-19 16:00:00,31,16,15
2020-07-19 17:00:00,25,14,11
2020-07-19 18:00:00,30,18,12
2020-07-19 19:00:00,19,9,10
2020-07-19 20:00:00,22,15,7
2020-07-19 21:00:00,11,7,4
2020-07-19 22:00:00,11,9,2
2020-07-19 23:00:00,2,2,0
2020-07-20 00:00:00,4,2,2
2020-07-20 01:00:00,0,0,0
2020-07-20 02:00:00,1,0,1
2020-07-20 03:00:00,0,0,0
2020-07-20 04:00:00,1,0,1
2020-07-20 05:00:00,15,9,6
2020-07-20 06:00:00,28,21,7
2020-07-20 07:00:00,37,24,13
2020-07-20 08:00:00,33,18,15
2020-07-20 09:00:00,21,10,11
2020-07-20 10:00:00,16,7,9
2020-07-20 11:00:00,33,16,17
2020-07-20 12:00:00,39,17,22
2020-07-20 13:00:00,38,16,22
2020-07-20 14:00:00,36,18,18
2020-07-20 15:00:00,39,14,25
2020-07-20 16:00:00,49,24,25
2020-07-20 17:00:00,54,21,33
2020-07-20 18:00:00,38,17,21
2020-07-20 19:00:00,28,16,12
2020-07-20 20:00:00,21,16,5
2020-07-20 21:00:00,11,7,4
2020-07-20 22:00:00,7,3,4
2020-07-20 23:00:00,4,1,3
2020-07-21 00:00:00,2,2,0
2020-07-21 01:00:00,0,0,0
2020-07-21 02:00:00,2,1,1
2020-07-21 03:00:00,0,0,0
2020-07-21 04:00:00,1,0,1
2020-07-21 05:00:00,15,10,5
2020-07-21 06:00:00,31,22,9
2020-07-21 07:00:00,42,24,18
2020-07-21 08:00:00,28,15,13
2020-07-21 09:00:00,26,16,10
2020-07-21 10:00:00,25,11,14
2020-07-21 11:00:00,30,19,11
2020-07-21 12:00:00,29,15,14
2020-07-21 13:00:00,19,10,9
2020-07-21 14:00:00,47,23,24
2020-07-21 15:00:00,37,15,22
2020-07-21 16:00:00,64,23,41
2020-07-21 17:00:00,100,39,61
2020-07-21 18:00:00,49,20,29
2020-07-21 19:00:00,22,6,16
2020-07-21 20:00:00,19,9,10
2020-07-21 21:00:00,20,12,8
2020-07-21 22:00:00,20,3,17
2020-07-21 23:00:00,3,3,0
2020-07-22 00:00:00,2,1,1
2020-07-22 01:00:00,2,1,1
2020-07-22 02:00:00,2,1,1
2020-07-22 03:00:00,0,0,0
2020-07-22 04:00:00,1,1,0
2020-07-22 05:00:00,19,14,5
2020-07-22 06:00:00,27,18,9
2020-07-22 07:00:00,36,22,14
2020-07-22 08:00:00,32,16,16
2020-07-22 09:00:00,25,14,11
2020-07-22 10:00:00,18,9,9
2020-07-22 11:00:00,43,27,16
2020-07-22 12:00:00,28,11,17
2020-07-22 13:00:00,23,7,16
2020-07-22 14:00:00,31,10,21
2020-07-22 15:00:00,49,11,38
2020-07-22 16:00:00,59,26,33
2020-07-22 17:00:00,64,27,37
2020-07-22 18:00:00,50,22,28
2020-07-22 19:00:00,33,14,19
2020-07-22 20:00:00,21,12,9
2020-07-22 21:00:00,13,9,4
2020-07-22 22:00:00,4,3,1
2020-07-22 23:00:00,3,2,1
2020-07-23 00:00:00,1,0,1
2020-07-23 01:00:00,2,0,2
2020-07-23 02:00:00,0,0,0
2020-07-23 03:00:00,0,0,0
2020-07-23 04:00:00,2,2,0
2020-07-23 05:00:00,10,6,4
2020-07-23 06:00:00,35,27,8
2020-07-23 07:00:00,31,18,13
2020-07-23 08:00:00,36,17,19
2020-07-23 09:00:00,29,23,6
2020-07-23 10:00:00,12,8,4
2020-07-23 11:00:00,16,8,8
2020-07-23 12:00:00,31,16,15
2020-07-23 13:00:00,31,12,19
2020-07-23 14:00:00,28,9,19
2020-07-23 15:00:00,45,18,27
2020-07-23 16:00:00,47,17,30
2020-07-23 17:00:00,64,21,43
2020-07-23 18:00:00,41,13,28
2020-07-23 19:00:00,26,15,11
2020-07-23 20:00:00,20,17,3
2020-07-23 21:00:00,10,4,6
2020-07-23 22:00:00,8,2,6
2020-07-23 23:00:00,1,1,0
2020-07-24 00:00:00,1,1,0
2020-07-24 01:00:00,0,0,0
2020-07-24 02:00:00,0,0,0
2020-07-24 03:00:00,0,0,0
2020-07-24 04:00:00,0,0,0
2020-07-24 05:00:00,9,5,4
2020-07-24 06:00:00,22,15,7
2020-07-24 07:00:00,30,16,14
2020-07-24 08:00:00,26,13,13
2020-07-24 09:00:00,34,20,14
2020-07-24 10:00:00,11,7,4
2020-07-24 11:00:00,33,14,19
2020-07-24 12:00:00,34,14,20
2020-07-24 13:00:00,25,10,15
2020-07-24 14:00:00,43,12,31
2020-07-24 15:00:00,53,23,30
2020-07-24 16:00:00,38,15,23
2020-07-24 17:00:00,59,31,28
2020-07-24 18:00:00,56,18,38
2020-07-24 19:00:00,27,12,15
2020-07-24 20:00:00,18,13,5
2020-07-24 21:00:00,13,9,4
2020-07-24 22:00:00,7,3,4
2020-07-24 23:00:00,3,3,0
2020-07-25 00:00:00,3,3,0
2020-07-25 01:00:00,2,1,1
2020-07-25 02:00:00,0,0,0
2020-07-25 03:00:00,1,1,0
2020-07-25 04:00:00,3,3,0
2020-07-25 05:00:00,1,0,1
2020-07-25 06:00:00,3,2,1
2020-07-25 07:00:00,13,6,7
2020-07-25 08:00:00,12,5,7
2020-07-25 09:00:00,31,15,16
2020-07-25 10:00:00,34,14,20
2020-07-25 11:00:00,38,8,30
2020-07-25 12:00:00,34,10,24
2020-07-25 13:00:00,23,10,13
2020-07-25 14:00:00,36,10,26
2020-07-25 15:00:00,35,18,17
2020-07-25 16:00:00,46,29,17
2020-07-25 17:00:00,34,9,25
2020-07-25 18:00:00,38,19,19
2020-07-25 19:00:00,11,4,7
2020-07-25 20:00:00,27,12,15
2020-07-25 21:00:00,18,8,10
2020-07-25 22:00:00,10,6,4
2020-07-25 23:00:00,6,4,2
2020-07-26 00:00:00,6,2,4
2020-07-26 01:00:00,1,1,0
2020-07-26 02:00:00,0,0,0
2020-07-26 03:00:00,1,0,1
2020-07-26 04:00:00,2,1,1
2020-07-26 05:00:00,0,0,0
2020-07-26 06:00:00,6,1,5
2020-07-26 07:00:00,4,1,3
2020-07-26 08:00:00,8,0,8
2020-07-26 09:00:00,15,6,9
2020-07-26 10:00:00,36,17,19
2020-07-26 11:00:00,46,14,32
2020-07-26 12:00:00,31,20,11
2020-07-26 13:00:00,23,11,12
2020-07-26 14:00:00,34,11,23
2020-07-26 15:00:00,37,8,29
2020-07-26 16:00:00,42,25,17
2020-07-26 17:00:00,29,17,12
2020-07-26 18:00:00,22,19,3
2020-07-26 19:00:00,12,7,5
2020-07-26 20:00:00,22,15,7
2020-07-26 21:00:00,11,6,5
2020-07-26 22:00:00,4,2,2
2020-07-26 23:00:00,1,0,1
2020-07-27 00:00:00,2,0,2
2020-07-27 01:00:00,2,2,0
2020-07-27 02:00:00,1,1,0
2020-07-27 03:00:00,0,0,0
2020-07-27 04:00:00,2,1,1
2020-07-27 05:00:00,12,6,6
2020-07-27 06:00:00,20,14,6
2020-07-27 07:00:00,36,23,13
2020-07-27 08:00:00,32,20,12
2020-07-27 09:00:00,12,7,5
2020-07-27 10:00:00,9,4,5
2020-07-27 11:00:00,22,5,17
2020-07-27 12:00:00,24,11,13
2020-07-27 13:00:00,26,15,11
2020-07-27 14:00:00,31,11,20
2020-07-27 15:00:00,32,13,19
2020-07-27 16:00:00,45,18,27
2020-07-27 17:00:00,63,31,32
2020-07-27 18:00:00,30,15,15
2020-07-27 19:00:00,12,5,7
2020-07-27 20:00:00,17,7,10
2020-07-27 21:00:00,7,5,2
2020-07-27 22:00:00,8,5,3
2020-07-27 23:00:00,5,2,3
2020-07-28 00:00:00,3,1,2
2020-07-28 01:00:00,0,0,0
2020-07-28 02:00:00,1,1,0
2020-07-28 03:00:00,1,0,1
2020-07-28 04:00:00,0,0,0
2020-07-28 05:00:00,13,7,6
2020-07-28 06:00:00,22,16,6
2020-07-28 07:00:00,46,31,15
2020-07-28 08:00:00,38,19,19
2020-07-28 09:00:00,28,16,12
2020-07-28 10:00:00,18,5,13
2020-07-28 11:00:00,23,10,13
2020-07-28 12:00:00,26,10,16
2020-07-28 13:00:00,30,18,12
2020-07-28 14:00:00,28,14,14
2020-07-28 15:00:00,47,14,33
2020-07-28 16:00:00,56,20,36
2020-07-28 17:00:00,73,25,48
2020-07-28 18:00:00,46,22,24
2020-07-28 19:00:00,38,15,23
2020-07-28 20:00:00,23,16,7
2020-07-28 21:00:00,10,6,4
2020-07-28 22:00:00,6,5,1
2020-07-28 23:00:00,3,3,0
2020-07-29 00:00:00,1,0,1
2020-07-29 01:00:00,1,1,0
2020-07-29 02:00:00,0,0,0
2020-07-29 03:00:00,1,0,1
2020-07-29 04:00:00,3,2,1
2020-07-29 05:00:00,13,9,4
2020-07-29 06:00:00,28,17,11
2020-07-29 07:00:00,41,27,14
2020-07-29 08:00:00,40,27,13
2020-07-29 09:00:00,17,8,9
2020-07-29 10:00:00,22,12,10
2020-07-29 11:00:00,30,12,18
2020-07-29 12:00:00,28,6,22
2020-07-29 13:00:00,38,18,20
2020-07-29 14:00:00,40,17,23
2020-07-29 15:00:00,38,15,23
2020-07-29 16:00:00,62,20,42
2020-07-29 17:00:00,57,30,27
2020-07-29 18:00:00,42,15,27
2020-07-29 19:00:00,28,13,15
2020-07-29 20:00:00,30,14,16
2020-07-29 21:00:00,19,14,5
2020-07-29 22:00:00,7,3,4
2020-07-29 23:00:00,1,1,0
2020-07-30 00:00:00,2,0,2
2020-07-30 01:00:00,0,0,0
2020-07-30 02:00:00,0,0,0
2020-07-30 03:00:00,0,0,0
2020-07-30 04:00:00,3,2,1
2020-07-30 05:00:00,9,6,3
2020-07-30 06:00:00,16,12,4
2020-07-30 07:00:00,48,25,23
2020-07-30 08:00:00,23,13,10
2020-07-30 09:00:00,27,19,8
2020-07-30 10:00:00,19,10,9
2020-07-30 11:00:00,30,9,21
2020-07-30 12:00:00,36,17,19
2020-07-30 13:00:00,31,13,18
2020-07-30 14:00:00,29,11,18
2020-07-30 15:00:00,37,13,24
2020-07-30 16:00:00,59,27,32
2020-07-30 17:00:00,71,37,34
2020-07-30 18:00:00,36,14,22
2020-07-30 19:00:00,34,11,23
2020-07-30 20:00:00,14,6,8
2020-07-30 21:00:00,12,8,4
2020-07-30 22:00:00,9,4,5
2020-07-30 23:00:00,5,3,2
2020-07-31 00:00:00,3,2,1
2020-07-31 01:00:00,1,0,1
2020-07-31 02:00:00,1,1,0
2020-07-31 03:00:00,1,1,0
2020-07-31 04:00:00,0,0,0
2020-07-31 05:00:00,9,6,3
2020-07-31 06:00:00,24,18,6
2020-07-31 07:00:00,35,18,17
2020-07-31 08:00:00,32,10,22
2020-07-31 09:00:00,18,11,7
2020-07-31 10:00:00,18,3,15
2020-07-31 11:00:00,34,19,15
2020-07-31 12:00:00,39,18,21
2020-07-31 13:00:00,46,29,17
2020-07-31 14:00:00,33,10,23
2020-07-31 15:00:00,50,24,26
2020-07-31 16:00:00,53,19,34
2020-07-31 17:00:00,50,28,22
2020-07-31 18:00:00,50,14,36
2020-07-31 19:00:00,24,14,10
2020-07-31 20:00:00,19,10,9
2020-07-31 21:00:00,11,7,4
2020-07-31 22:00:00,6,4,2
2020-07-31 23:00:00,6,5,1
2020-08-01 00:00:00,4,1,3
2020-08-01 01:00:00,3,2,1
2020-08-01 02:00:00,1,0,1
2020-08-01 03:00:00,0,0,0
2020-08-01 04:00:00,1,1,0
2020-08-01 05:00:00,3,3,0
2020-08-01 06:00:00,3,2,1
2020-08-01 07:00:00,9,6,3
2020-08-01 08:00:00,7,2,5
2020-08-01 09:00:00,25,14,11
2020-08-01 10:00:00,32,13,19
2020-08-01 11:00:00,43,14,29
2020-08-01 12:00:00,35,12,23
2020-08-01 13:00:00,25,13,12
2020-08-01 14:00:00,49,21,28
2020-08-01 15:00:00,26,12,14
2020-08-01 16:00:00,25,9,16
2020-08-01 17:00:00,46,31,15
2020-08-01 18:00:00,34,16,18
2020-08-01 19:00:00,41,28,13
2020-08-01 20:00:00,22,9,13
2020-08-01 21:00:00,9,7,2
2020-08-01 22:00:00,10,7,3
2020-08-01 23:00:00,4,3,1
2020-08-02 00:00:00,0,0,0
2020-08-02 01:00:00,2,0,2
2020-08-02 02:00:00,0,0,0
2020-08-02 03:00:00,0,0,0
2020-08-02 04:00:00,1,1,0
2020-08-02 05:00:00,4,2,2
2020-08-02 06:00:00,6,3,3
2020-08-02 07:00:00,6,1,5
2020-08-02 08:00:00,14,4,10
2020-08-02 09:00:00,16,6,10
2020-08-02 10:00:00,17,4,13
2020-08-02 11:00:00,39,20,19
2020-08-02 12:00:00,34,19,15
2020-08-02 13:00:00,40,23,17
2020-08-02 14:00:00,27,12,15
2020-08-02 15:00:00,37,21,16
2020-08-02 16:00:00,46,21,25
2020-08-02 17:00:00,31,18,13
2020-08-02 18:00:00,24,11,13
2020-08-02 19:00:00,11,6,5
2020-08-02 20:00:00,19,8,11
2020-08-02 21:00:00,3,1,2
2020-08-02 22:00:00,4,2,2
2020-08-02 23:00:00,1,0,1
2020-08-03 00:00:00,2,2,0
2020-08-03 01:00:00,1,0,1
2020-08-03 02:00:00,0,0,0
2020-08-03 03:00:00,0,0,0
2020-08-03 04:00:00,0,0,0
2020-08-03 05:00:00,9,5,4
2020-08-03 06:00:00,26,18,8
2020-08-03 07:00:00,33,22,11
2020-08-03 08:00:00,45,29,16
2020-08-03 09:00:00,21,11,10
2020-08-03 10:00:00,12,3,9
2020-08-03 11:00:00,25,9,16
2020-08-03 12:00:00,11,7,4
2020-08-03 13:00:00,22,14,8
2020-08-03 14:00:00,31,17,14
2020-08-03 15:00:00,28,7,21
2020-08-03 16:00:00,49,18,31
2020-08-03 17:00:00,59,25,34
2020-08-03 18:00:00,38,19,19
2020-08-03 19:00:00,39,22,17
2020-08-03 20:00:00,13,8,5
2020-08-03 21:00:00,9,5,4
2020-08-03 22:00:00,6,4,2
2020-08-03 23:00:00,5,3,2
2020-08-04 00:00:00,2,2,0
2020-08-04 01:00:00,0,0,0
2020-08-04 02:00:00,2,1,1
2020-08-04 03:00:00,1,1,0
2020-08-04 04:00:00,1,0,1
2020-08-04 05:00:00,12,7,5
2020-08-04 06:00:00,34,23,11
2020-08-04 07:00:00,41,25,16
2020-08-04 08:00:00,37,15,22
2020-08-04 09:00:00,29,20,9
2020-08-04 10:00:00,17,5,12
2020-08-04 11:00:00,23,12,11
2020-08-04 12:00:00,33,19,14
2020-08-04 13:00:00,37,22,15
2020-08-04 14:00:00,34,15,19
2020-08-04 15:00:00,37,11,26
2020-08-04 16:00:00,61,24,37
2020-08-04 17:00:00,75,34,41
2020-08-04 18:00:00,46,25,21
2020-08-04 19:00:00,43,25,18
2020-08-04 20:00:00,8,3,5
2020-08-04 21:00:00,11,5,6
2020-08-04 22:00:00,4,4,0
2020-08-04 23:00:00,2,2,0
2020-08-05 00:00:00,0,0,0
2020-08-05 01:00:00,1,1,0
2020-08-05 02:00:00,0,0,0
2020-08-05 03:00:00,1,1,0
2020-08-05 04:00:00,2,1,1
2020-08-05 05:00:00,10,5,5
2020-08-05 06:00:00,34,24,10
2020-08-05 07:00:00,41,28,13
2020-08-05 08:00:00,38,16,22
2020-08-05 09:00:00,27,18,9
2020-08-05 10:00:00,12,6,6
2020-08-05 11:00:00,25,12,13
2020-08-05 12:00:00,25,12,13
2020-08-05 13:00:00,28,14,14
2020-08-05 14:00:00,44,18,26
2020-08-05 15:00:00,58,22,36
2020-08-05 16:00:00,48,20,28
2020-08-05 17:00:00,66,29,37
2020-08-05 18:00:00,40,21,19
2020-08-05 19:00:00,35,20,15
2020-08-05 20:00:00,32,19,13
2020-08-05 21:00:00,19,14,5
2020-08-05 22:00:00,6,5,1
2020-08-05 23:00:00,2,2,0
2020-08-06 00:00:00,2,2,0
2020-08-06 01:00:00,0,0,0
2020-08-06 02:00:00,0,0,0
2020-08-06 03:00:00,0,0,0
2020-08-06 04:00:00,3,1,2
2020-08-06 05:00:00,10,4,6
2020-08-06 06:00:00,27,23,4
2020-08-06 07:00:00,20,13,7
2020-08-06 08:00:00,18,12,6
2020-08-06 09:00:00,15,11,4
2020-08-06 10:00:00,11,3,8
2020-08-06 11:00:00,8,4,4
2020-08-06 12:00:00,18,11,7
2020-08-06 13:00:00,20,8,12
2020-08-06 14:00:00,14,9,5
2020-08-06 15:00:00,23,8,15
2020-08-06 16:00:00,32,9,23
2020-08-06 17:00:00,40,14,26
2020-08-06 18:00:00,22,8,14
2020-08-06 19:00:00,8,2,6
2020-08-06 20:00:00,15,10,5
2020-08-06 21:00:00,4,1,3
2020-08-06 22:00:00,2,1,1
2020-08-06 23:00:00,1,0,1
2020-08-07 00:00:00,1,0,1
2020-08-07 01:00:00,0,0,0
2020-08-07 02:00:00,2,1,1
2020-08-07 03:00:00,0,0,0
2020-08-07 04:00:00,1,0,1
2020-08-07 05:00:00,8,2,6
2020-08-07 06:00:00,19,15,4
2020-08-07 07:00:00,22,14,8
2020-08-07 08:00:00,29,20,9
2020-08-07 09:00:00,25,15,10
2020-08-07 10:00:00,21,10,11
2020-08-07 11:00:00,29,10,19
2020-08-07 12:00:00,36,18,18
2020-08-07 13:00:00,37,15,22
2020-08-07 14:00:00,41,23,18
2020-08-07 15:00:00,39,14,25
2020-08-07 16:00:00,59,29,30
2020-08-07 17:00:00,61,34,27
2020-08-07 18:00:00,42,21,21
2020-08-07 19:00:00,29,13,16
2020-08-07 20:00:00,16,11,5
2020-08-07 21:00:00,8,3,5
2020-08-07 22:00:00,8,8,0
2020-08-07 23:00:00,3,1,2
2020-08-08 00:00:00,3,2,1
2020-08-08 01:00:00,3,2,1
2020-08-08 02:00:00,4,0,4
2020-08-08 03:00:00,0,0,0
2020-08-08 04:00:00,2,1,1
2020-08-08 05:00:00,2,1,1
2020-08-08 06:00:00,5,3,2
2020-08-08 07:00:00,8,3,5
2020-08-08 08:00:00,7,2,5
2020-08-08 09:00:00,21,7,14
2020-08-08 10:00:00,14,5,9
2020-08-08 11:00:00,32,16,16
2020-08-08 12:00:00,29,13,16
2020-08-08 13:00:00,27,11,16
2020-08-08 14:00:00,29,10,19
2020-08-08 15:00:00,16,8,8
2020-08-08 16:00:00,31,15,16
2020-08-08 17:00:00,38,19,19
2020-08-08 18:00:00,25,14,11
2020-08-08 19:00:00,28,19,9
2020-08-08 20:00:00,8,5,3
2020-08-08 21:00:00,18,5,13
2020-08-08 22:00:00,6,4,2
2020-08-08 23:00:00,5,3,2
2020-08-09 00:00:00,3,3,0
2020-08-09 01:00:00,2,0,2
2020-08-09 02:00:00,1,0,1
2020-08-09 03:00:00,0,0,0
2020-08-09 04:00:00,1,1,0
2020-08-09 05:00:00,1,1,0
2020-08-09 06:00:00,5,2,3
2020-08-09 07:00:00,12,3,9
2020-08-09 08:00:00,14,6,8
2020-08-09 09:00:00,15,8,7
2020-08-09 10:00:00,23,7,16
2020-08-09 11:00:00,33,17,16
2020-08-09 12:00:00,42,22,20
2020-08-09 13:00:00,34,13,21
2020-08-09 14:00:00,35,8,27
2020-08-09 15:00:00,31,23,8
2020-08-09 16:00:00,48,25,23
2020-08-09 17:00:00,31,21,10
2020-08-09 18:00:00,32,11,21
2020-08-09 19:00:00,24,15,9
2020-08-09 20:00:00,31,21,10
2020-08-09 21:00:00,9,5,4
2020-08-09 22:00:00,4,2,2
2020-08-09 23:00:00,1,1,0
2020-08-10 00:00:00,0,0,0
2020-08-10 01:00:00,0,0,0
2020-08-10 02:00:00,2,0,2
2020-08-10 03:00:00,1,0,1
2020-08-10 04:00:00,1,0,1
2020-08-10 05:00:00,7,4,3
2020-08-10 06:00:00,23,17,6
2020-08-10 07:00:00,29,18,11
2020-08-10 08:00:00,33,18,15
2020-08-10 09:00:00,26,16,10
2020-08-10 10:00:00,16,7,9
2020-08-10 11:00:00,23,9,14
2020-08-10 12:00:00,28,8,20
2020-08-10 13:00:00,24,17,7
2020-08-10 14:00:00,25,10,15
2020-08-10 15:00:00,40,18,22
2020-08-10 16:00:00,49,18,31
2020-08-10 17:00:00,56,23,33
2020-08-10 18:00:00,35,18,17
2020-08-10 19:00:00,27,11,16
2020-08-10 20:00:00,18,8,10
2020-08-10 21:00:00,11,7,4
2020-08-10 22:00:00,4,2,2
2020-08-10 23:00:00,1,1,0
2020-08-11 00:00:00,0,0,0
2020-08-11 01:00:00,2,2,0
2020-08-11 02:00:00,2,0,2
2020-08-11 03:00:00,2,1,1
2020-08-11 04:00:00,2,0,2
2020-08-11 05:00:00,15,10,5
2020-08-11 06:00:00,25,15,10
2020-08-11 07:00:00,40,22,18
2020-08-11 08:00:00,40,22,18
2020-08-11 09:00:00,26,15,11
2020-08-11 10:00:00,16,10,6
2020-08-11 11:00:00,33,10,23
2020-08-11 12:00:00,24,12,12
2020-08-11 13:00:00,25,14,11
2020-08-11 14:00:00,42,20,22
2020-08-11 15:00:00,46,20,26
2020-08-11 16:00:00,55,25,30
2020-08-11 17:00:00,82,40,42
2020-08-11 18:00:00,42,15,27
2020-08-11 19:00:00,33,15,18
2020-08-11 20:00:00,24,8,16
2020-08-11 21:00:00,11,6,5
2020-08-11 22:00:00,4,4,0
2020-08-11 23:00:00,2,1,1
2020-08-12 00:00:00,2,0,2
2020-08-12 01:00:00,1,1,0
2020-08-12 02:00:00,0,0,0
2020-08-12 03:00:00,1,0,1
2020-08-12 04:00:00,1,1,0
2020-08-12 05:00:00,10,5,5
2020-08-12 06:00:00,33,24,9
2020-08-12 07:00:00,38,24,14
2020-08-12 08:00:00,38,18,20
2020-08-12 09:00:00,20,16,4
2020-08-12 10:00:00,21,10,11
2020-08-12 11:00:00,22,9,13
2020-08-12 12:00:00,24,13,11
2020-08-12 13:00:00,29,14,15
2020-08-12 14:00:00,33,15,18
2020-08-12 15:00:00,33,9,24
2020-08-12 16:00:00,60,19,41
2020-08-12 17:00:00,59,24,35
2020-08-12 18:00:00,36,13,23
2020-08-12 19:00:00,34,16,18
2020-08-12 20:00:00,21,15,6
2020-08-12 21:00:00,11,6,5
2020-08-12 22:00:00,7,6,1
2020-08-12 23:00:00,4,4,0
2020-08-13 00:00:00,2,0,2
2020-08-13 01:00:00,2,1,1
2020-08-13 02:00:00,0,0,0
2020-08-13 03:00:00,0,0,0
2020-08-13 04:00:00,1,1,0
2020-08-13 05:00:00,14,8,6
2020-08-13 06:00:00,21,17,4
2020-08-13 07:00:00,37,20,17
2020-08-13 08:00:00,42,23,19
2020-08-13 09:00:00,26,15,11
2020-08-13 10:00:00,31,15,16
2020-08-13 11:00:00,28,17,11
2020-08-13 12:00:00,35,22,13
2020-08-13 13:00:00,26,12,14
2020-08-13 14:00:00,39,14,25
2020-08-13 15:00:00,54,26,28
2020-08-13 16:00:00,57,25,32
2020-08-13 17:00:00,68,35,33
2020-08-13 18:00:00,52,18,34
2020-08-13 19:00:00,44,27,17
2020-08-13 20:00:00,10,7,3
2020-08-13 21:00:00,13,5,8
2020-08-13 22:00:00,11,7,4
2020-08-13 23:00:00,3,2,1
2020-08-14 00:00:00,1,0,1
2020-08-14 01:00:00,0,0,0
2020-08-14 02:00:00,0,0,0
2020-08-14 03:00:00,0,0,0
2020-08-14 04:00:00,0,0,0
2020-08-14 05:00:00,16,10,6
2020-08-14 06:00:00,23,17,6
2020-08-14 07:00:00,33,23,10
2020-08-14 08:00:00,38,19,19
2020-08-14 09:00:00,34,19,15
2020-08-14 10:00:00,14,5,9
2020-08-14 11:00:00,26,10,16
2020-08-14 12:00:00,28,11,17
2020-08-14 13:00:00,32,14,18
2020-08-14 14:00:00,44,22,22
2020-08-14 15:00:00,46,18,28
2020-08-14 16:00:00,55,24,31
2020-08-14 17:00:00,52,27,25
2020-08-14 18:00:00,42,12,30
2020-08-14 19:00:00,29,17,12
2020-08-14 20:00:00,16,11,5
2020-08-14 21:00:00,10,3,7
2020-08-14 22:00:00,5,4,1
2020-08-14 23:00:00,3,1,2
2020-08-15 00:00:00,3,2,1
2020-08-15 01:00:00,1,1,0
2020-08-15 02:00:00,2,1,1
2020-08-15 03:00:00,3,0,3
2020-08-15 04:00:00,3,1,2
2020-08-15 05:00:00,1,0,1
2020-08-15 06:00:00,4,3,1
2020-08-15 07:00:00,8,2,6
2020-08-15 08:00:00,16,5,11
2020-08-15 09:00:00,28,10,18
2020-08-15 10:00:00,25,9,16
2020-08-15 11:00:00,34,13,21
2020-08-15 12:00:00,41,15,26
2020-08-15 13:00:00,42,23,19
2020-08-15 14:00:00,50,21,29
2020-08-15 15:00:00,44,24,20
2020-08-15 16:00:00,33,13,20
2020-08-15 17:00:00,42,21,21
2020-08-15 18:00:00,39,25,14
2020-08-15 19:00:00,13,7,6
2020-08-15 20:00:00,15,6,9
2020-08-15 21:00:00,7,5,2
2020-08-15 22:00:00,16,11,5
2020-08-15 23:00:00,6,3,3
2020-08-16 00:00:00,1,0,1
2020-08-16 01:00:00,1,1,0
2020-08-16 02:00:00,2,0,2
2020-08-16 03:00:00,1,1,0
2020-08-16 04:00:00,0,0,0
2020-08-16 05:00:00,1,0,1
2020-08-16 06:00:00,5,3,2
2020-08-16 07:00:00,12,8,4
2020-08-16 08:00:00,12,3,9
2020-08-16 09:00:00,27,13,14
2020-08-16 10:00:00,27,13,14
2020-08-16 11:00:00,31,16,15
2020-08-16 12:00:00,21,9,12
2020-08-16 13:00:00,24,14,10
2020-08-16 14:00:00,27,14,13
2020-08-16 15:00:00,22,16,6
2020-08-16 16:00:00,26,19,7
2020-08-16 17:00:00,12,6,6
2020-08-16 18:00:00,17,9,8
2020-08-16 19:00:00,17,6,11
2020-08-16 20:00:00,19,11,8
2020-08-16 21:00:00,12,7,5
2020-08-16 22:00:00,7,6,1
2020-08-16 23:00:00,2,1,1
2020-08-17 00:00:00,0,0,0
2020-08-17 01:00:00,1,1,0
2020-08-17 02:00:00,2,2,0
2020-08-17 03:00:00,1,0,1
2020-08-17 04:00:00,0,0,0
2020-08-17 05:00:00,15,10,5
2020-08-17 06:00:00,17,11,6
2020-08-17 07:00:00,41,31,10
2020-08-17 08:00:00,44,24,20
2020-08-17 09:00:00,21,15,6
2020-08-17 10:00:00,20,8,12
2020-08-17 11:00:00,17,8,9
2020-08-17 12:00:00,25,15,10
2020-08-17 13:00:00,27,14,13
2020-08-17 14:00:00,29,15,14
2020-08-17 15:00:00,44,19,25
2020-08-17 16:00:00,68,24,44
2020-08-17 17:00:00,54,22,32
2020-08-17 18:00:00,31,13,18
2020-08-17 19:00:00,23,13,10
2020-08-17 20:00:00,17,5,12
2020-08-17 21:00:00,5,1,4
2020-08-17 22:00:00,2,1,1
2020-08-17 23:00:00,2,2,0
2020-08-18 00:00:00,1,0,1
2020-08-18 01:00:00,0,0,0
2020-08-18 02:00:00,0,0,0
2020-08-18 03:00:00,0,0,0
2020-08-18 04:00:00,0,0,0
2020-08-18 05:00:00,15,7,8
2020-08-18 06:00:00,27,18,9
2020-08-18 07:00:00,40,25,15
2020-08-18 08:00:00,32,16,16
2020-08-18 09:00:00,27,13,14
2020-08-18 10:00:00,10,4,6
2020-08-18 11:00:00,27,11,16
2020-08-18 12:00:00,23,11,12
2020-08-18 13:00:00,35,19,16
2020-08-18 14:00:00,29,12,17
2020-08-18 15:00:00,45,16,29
2020-08-18 16:00:00,52,19,33
2020-08-18 17:00:00,77,35,42
2020-08-18 18:00:00,30,15,15
2020-08-18 19:00:00,31,15,16
2020-08-18 20:00:00,18,9,9
2020-08-18 21:00:00,12,8,4
2020-08-18 22:00:00,9,6,3
2020-08-18 23:00:00,3,3,0
2020-08-19 00:00:00,6,5,1
2020-08-19 01:00:00,0,0,0
2020-08-19 02:00:00,1,1,0
2020-08-19 03:00:00,1,0,1
2020-08-19 04:00:00,1,0,1
2020-08-19 05:00:00,18,11,7
2020-08-19 06:00:00,23,18,5
2020-08-19 07:00:00,41,26,15
2020-08-19 08:00:00,40,26,14
2020-08-19 09:00:00,27,14,13
2020-08-19 10:00:00,18,10,8
2020-08-19 11:00:00,27,8,19
2020-08-19 12:00:00,24,9,15
2020-08-19 13:00:00,26,11,15
2020-08-19 14:00:00,39,16,23
2020-08-19 15:00:00,40,13,27
2020-08-19 16:00:00,41,11,30
2020-08-19 17:00:00,84,30,54
2020-08-19 18:00:00,46,24,22
2020-08-19 19:00:00,27,9,18
2020-08-19 20:00:00,21,10,11
2020-08-19 21:00:00,12,6,6
2020-08-19 22:00:00,11,9,2
2020-08-19 23:00:00,6,5,1
2020-08-20 00:00:00,1,1,0
2020-08-20 01:00:00,0,0,0
2020-08-20 02:00:00,1,1,0
2020-08-20 03:00:00,0,0,0
2020-08-20 04:00:00,1,0,1
2020-08-20 05:00:00,10,8,2
2020-08-20 06:00:00,22,15,7
2020-08-20 07:00:00,26,17,9
2020-08-20 08:00:00,27,15,12
2020-08-20 09:00:00,28,16,12
2020-08-20 10:00:00,14,8,6
2020-08-20 11:00:00,31,13,18
2020-08-20 12:00:00,30,18,12
2020-08-20 13:00:00,30,12,18
2020-08-20 14:00:00,35,12,23
2020-08-20 15:00:00,39,13,26
2020-08-20 16:00:00,49,21,28
2020-08-20 17:00:00,50,22,28
2020-08-20 18:00:00,37,18,19
2020-08-20 19:00:00,32,18,14
2020-08-20 20:00:00,14,4,10
2020-08-20 21:00:00,9,5,4
2020-08-20 22:00:00,9,6,3
2020-08-20 23:00:00,6,3,3
2020-08-21 00:00:00,1,1,0
2020-08-21 01:00:00,0,0,0
2020-08-21 02:00:00,1,1,0
2020-08-21 03:00:00,0,0,0
2020-08-21 04:00:00,1,1,0
2020-08-21 05:00:00,6,4,2
2020-08-21 06:00:00,19,13,6
2020-08-21 07:00:00,33,23,10
2020-08-21 08:00:00,28,14,14
2020-08-21 09:00:00,27,14,13
2020-08-21 10:00:00,14,5,9
2020-08-21 11:00:00,33,13,20
2020-08-21 12:00:00,15,9,6
2020-08-21 13:00:00,17,10,7
2020-08-21 14:00:00,36,15,21
2020-08-21 15:00:00,28,8,20
2020-08-21 16:00:00,43,11,32
2020-08-21 17:00:00,44,16,28
2020-08-21 18:00:00,32,8,24
2020-08-21 19:00:00,26,16,10
2020-08-21 20:00:00,14,9,5
2020-08-21 21:00:00,9,2,7
2020-08-21 22:00:00,6,4,2
2020-08-21 23:00:00,5,4,1
2020-08-22 00:00:00,5,4,1
2020-08-22 01:00:00,0,0,0
2020-08-22 02:00:00,3,2,1
2020-08-22 03:00:00,1,0,1
2020-08-22 04:00:00,0,0,0
2020-08-22 05:00:00,1,1,0
2020-08-22 06:00:00,6,4,2
2020-08-22 07:00:00,8,3,5
2020-08-22 08:00:00,10,4,6
2020-08-22 09:00:00,19,8,11
2020-08-22 10:00:00,15,7,8
2020-08-22 11:00:00,47,20,27
2020-08-22 12:00:00,30,17,13
2020-08-22 13:00:00,48,24,24
2020-08-22 14:00:00,34,13,21
2020-08-22 15:00:00,36,18,18
2020-08-22 16:00:00,40,22,18
2020-08-22 17:00:00,42,20,22
2020-08-22 18:00:00,23,12,11
2020-08-22 19:00:00,26,18,8
2020-08-22 20:00:00,14,8,6
2020-08-22 21:00:00,11,6,5
2020-08-22 22:00:00,5,5,0
2020-08-22 23:00:00,7,6,1
2020-08-23 00:00:00,3,2,1
2020-08-23 01:00:00,2,2,0
2020-08-23 02:00:00,0,0,0
2020-08-23 03:00:00,0,0,0
2020-08-23 04:00:00,1,1,0
2020-08-23 05:00:00,4,1,3
2020-08-23 06:00:00,3,0,3
2020-08-23 07:00:00,8,1,7
2020-08-23 08:00:00,9,1,8
2020-08-23 09:00:00,16,8,8
2020-08-23 10:00:00,17,6,11
2020-08-23 11:00:00,41,23,18
2020-08-23 12:00:00,41,21,20
2020-08-23 13:00:00,39,24,15
2020-08-23 14:00:00,54,25,29
2020-08-23 15:00:00,56,27,29
2020-08-23 16:00:00,37,24,13
2020-08-23 17:00:00,32,20,12
2020-08-23 18:00:00,30,17,13
2020-08-23 19:00:00,25,15,10
2020-08-23 20:00:00,15,8,7
2020-08-23 21:00:00,3,1,2
2020-08-23 22:00:00,8,3,5
2020-08-23 23:00:00,1,0,1
2020-08-24 00:00:00,1,0,1
2020-08-24 01:00:00,1,0,1
2020-08-24 02:00:00,0,0,0
2020-08-24 03:00:00,1,0,1
2020-08-24 04:00:00,1,0,1
2020-08-24 05:00:00,13,9,4
2020-08-24 06:00:00,24,14,10
2020-08-24 07:00:00,37,22,15
2020-08-24 08:00:00,39,22,17
2020-08-24 09:00:00,29,13,16
2020-08-24 10:00:00,12,4,8
2020-08-24 11:00:00,11,6,5
2020-08-24 12:00:00,24,14,10
2020-08-24 13:00:00,19,12,7
2020-08-24 14:00:00,31,12,19
2020-08-24 15:00:00,49,22,27
2020-08-24 16:00:00,54,28,26
2020-08-24 17:00:00,75,29,46
2020-08-24 18:00:00,35,14,21
2020-08-24 19:00:00,30,22,8
2020-08-24 20:00:00,14,5,9
2020-08-24 21:00:00,8,4,4
2020-08-24 22:00:00,3,2,1
2020-08-24 23:00:00,6,5,1
2020-08-25 00:00:00,0,0,0
2020-08-25 01:00:00,1,0,1
2020-08-25 02:00:00,0,0,0
2020-08-25 03:00:00,0,0,0
2020-08-25 04:00:00,1,0,1
2020-08-25 05:00:00,14,10,4
2020-08-25 06:00:00,34,22,12
2020-08-25 07:00:00,40,18,22
2020-08-25 08:00:00,28,13,15
2020-08-25 09:00:00,33,15,18
2020-08-25 10:00:00,19,14,5
2020-08-25 11:00:00,18,2,16
2020-08-25 12:00:00,36,16,20
2020-08-25 13:00:00,32,21,11
2020-08-25 14:00:00,31,11,20
2020-08-25 15:00:00,42,17,25
2020-08-25 16:00:00,53,22,31
2020-08-25 17:00:00,68,29,39
2020-08-25 18:00:00,40,16,24
2020-08-25 19:00:00,32,20,12
2020-08-25 20:00:00,15,8,7
2020-08-25 21:00:00,10,6,4
2020-08-25 22:00:00,4,4,0
2020-08-25 23:00:00,5,5,0
2020-08-26 00:00:00,2,2,0
2020-08-26 01:00:00,0,0,0
2020-08-26 02:00:00,0,0,0
2020-08-26 03:00:00,0,0,0
2020-08-26 04:00:00,3,1,2
2020-08-26 05:00:00,8,5,3
2020-08-26 06:00:00,30,19,11
2020-08-26 07:00:00,40,22,18
2020-08-26 08:00:00,40,19,21
2020-08-26 09:00:00,36,23,13
2020-08-26 10:00:00,20,14,6
2020-08-26 11:00:00,28,13,15
2020-08-26 12:00:00,36,17,19
2020-08-26 13:00:00,30,13,17
2020-08-26 14:00:00,40,15,25
2020-08-26 15:00:00,40,15,25
2020-08-26 16:00:00,48,20,28
2020-08-26 17:00:00,83,40,43
2020-08-26 18:00:00,45,26,19
2020-08-26 19:00:00,25,17,8
2020-08-26 20:00:00,13,6,7
2020-08-26 21:00:00,17,10,7
2020-08-26 22:00:00,11,5,6
2020-08-26 23:00:00,5,3,2
2020-08-27 00:00:00,0,0,0
2020-08-27 01:00:00,0,0,0
2020-08-27 02:00:00,4,1,3
2020-08-27 03:00:00,0,0,0
2020-08-27 04:00:00,0,0,0
2020-08-27 05:00:00,10,8,2
2020-08-27 06:00:00,29,20,9
2020-08-27 07:00:00,29,14,15
2020-08-27 08:00:00,31,17,14
2020-08-27 09:00:00,23,13,10
2020-08-27 10:00:00,32,13,19
2020-08-27 11:00:00,33,17,16
2020-08-27 12:00:00,22,8,14
2020-08-27 13:00:00,43,20,23
2020-08-27 14:00:00,27,9,18
2020-08-27 15:00:00,56,25,31
2020-08-27 16:00:00,55,21,34
2020-08-27 17:00:00,79,26,53
2020-08-27 18:00:00,43,21,22
2020-08-27 19:00:00,23,13,10
2020-08-27 20:00:00,23,8,15
2020-08-27 21:00:00,9,4,5
2020-08-27 22:00:00,10,6,4
2020-08-27 23:00:00,2,2,0
2020-08-28 00:00:00,2,1,1
2020-08-28 01:00:00,0,0,0
2020-08-28 02:00:00,0,0,0
2020-08-28 03:00:00,1,0,1
2020-08-28 04:00:00,0,0,0
2020-08-28 05:00:00,5,4,1
2020-08-28 06:00:00,26,20,6
2020-08-28 07:00:00,33,18,15
2020-08-28 08:00:00,39,19,20
2020-08-28 09:00:00,26,16,10
2020-08-28 10:00:00,27,14,13
2020-08-28 11:00:00,23,11,12
2020-08-28 12:00:00,31,18,13
2020-08-28 13:00:00,26,13,13
2020-08-28 14:00:00,51,15,36
2020-08-28 15:00:00,58,22,36
2020-08-28 16:00:00,45,17,28
2020-08-28 17:00:00,67,28,39
2020-08-28 18:00:00,39,13,26
2020-08-28 19:00:00,32,19,13
2020-08-28 20:00:00,22,8,14
2020-08-28 21:00:00,11,3,8
2020-08-28 22:00:00,11,9,2
2020-08-28 23:00:00,7,4,3
2020-08-29 00:00:00,2,1,1
2020-08-29 01:00:00,1,1,0
2020-08-29 02:00:00,0,0,0
2020-08-29 03:00:00,0,0,0
2020-08-29 04:00:00,1,1,0
2020-08-29 05:00:00,0,0,0
2020-08-29 06:00:00,6,4,2
2020-08-29 07:00:00,12,8,4
2020-08-29 08:00:00,15,6,9
2020-08-29 09:00:00,16,10,6
2020-08-29 10:00:00,24,6,18
2020-08-29 11:00:00,34,18,16
2020-08-29 12:00:00,52,20,32
2020-08-29 13:00:00,27,16,11
2020-08-29 14:00:00,44,21,23
2020-08-29 15:00:00,40,15,25
2020-08-29 16:00:00,34,19,15
2020-08-29 17:00:00,32,18,14
2020-08-29 18:00:00,35,15,20
2020-08-29 19:00:00,23,19,4
2020-08-29 20:00:00,3,2,1
2020-08-29 21:00:00,8,4,4
2020-08-29 22:00:00,7,4,3
2020-08-29 23:00:00,3,2,1
2020-08-30 00:00:00,3,3,0
2020-08-30 01:00:00,0,0,0
2020-08-30 02:00:00,1,1,0
2020-08-30 03:00:00,0,0,0
2020-08-30 04:00:00,0,0,0
2020-08-30 05:00:00,2,0,2
2020-08-30 06:00:00,3,1,2
2020-08-30 07:00:00,6,4,2
2020-08-30 08:00:00,8,3,5
2020-08-30 09:00:00,29,10,19
2020-08-30 10:00:00,24,11,13
2020-08-30 11:00:00,43,23,20
2020-08-30 12:00:00,40,18,22
2020-08-30 13:00:00,39,19,20
2020-08-30 14:00:00,53,32,21
2020-08-30 15:00:00,33,20,13
2020-08-30 16:00:00,44,20,24
2020-08-30 17:00:00,40,21,19
2020-08-30 18:00:00,24,15,9
2020-08-30 19:00:00,17,6,11
2020-08-30 20:00:00,8,5,3
2020-08-30 21:00:00,6,6,0
2020-08-30 22:00:00,3,2,1
2020-08-30 23:00:00,2,1,1
2020-08-31 00:00:00,1,0,1
2020-08-31 01:00:00,1,0,1
2020-08-31 02:00:00,0,0,0
2020-08-31 03:00:00,2,2,0
2020-08-31 04:00:00,1,0,1
2020-08-31 05:00:00,16,13,3
2020-08-31 06:00:00,23,16,7
2020-08-31 07:00:00,33,18,15
2020-08-31 08:00:00,38,21,17
2020-08-31 09:00:00,20,12,8
2020-08-31 10:00:00,17,10,7
2020-08-31 11:00:00,27,8,19
2020-08-31 12:00:00,34,19,15
2020-08-31 13:00:00,40,21,19
2020-08-31 14:00:00,51,17,34
2020-08-31 15:00:00,42,15,27
2020-08-31 16:00:00,57,22,35
2020-08-31 17:00:00,45,19,26
2020-08-31 18:00:00,18,6,12
2020-08-31 19:00:00,27,10,17
2020-08-31 20:00:00,10,4,6
2020-08-31 21:00:00,12,7,5
2020-08-31 22:00:00,6,2,4
2020-08-31 23:00:00,1,1,0
2020-09-01 00:00:00,2,0,2
2020-09-01 01:00:00,0,0,0
2020-09-01 02:00:00,3,2,1
2020-09-01 03:00:00,0,0,0
2020-09-01 04:00:00,0,0,0
2020-09-01 05:00:00,13,5,8
2020-09-01 06:00:00,25,10,15
2020-09-01 07:00:00,40,15,25
2020-09-01 08:00:00,39,13,26
2020-09-01 09:00:00,22,9,13
2020-09-01 10:00:00,21,11,10
2020-09-01 11:00:00,30,15,15
2020-09-01 12:00:00,36,24,12
2020-09-01 13:00:00,22,12,10
2020-09-01 14:00:00,38,20,18
2020-09-01 15:00:00,38,27,11
2020-09-01 16:00:00,60,35,25
2020-09-01 17:00:00,77,40,37
2020-09-01 18:00:00,53,29,24
2020-09-01 19:00:00,34,19,15
2020-09-01 20:00:00,21,15,6
2020-09-01 21:00:00,12,3,9
2020-09-01 22:00:00,4,3,1
2020-09-01 23:00:00,4,2,2
2020-09-02 00:00:00,2,0,2
2020-09-02 01:00:00,1,0,1
2020-09-02 02:00:00,3,3,0
2020-09-02 03:00:00,0,0,0
2020-09-02 04:00:00,2,1,1
2020-09-02 05:00:00,13,5,8
2020-09-02 06:00:00,29,8,21
2020-09-02 07:00:00,52,20,32
2020-09-02 08:00:00,44,21,23
2020-09-02 09:00:00,23,5,18
2020-09-02 10:00:00,25,12,13
2020-09-02 11:00:00,31,14,17
2020-09-02 12:00:00,32,18,14
2020-09-02 13:00:00,34,18,16
2020-09-02 14:00:00,51,30,21
2020-09-02 15:00:00,43,25,18
2020-09-02 16:00:00,57,38,19
2020-09-02 17:00:00,103,54,49
2020-09-02 18:00:00,57,39,18
2020-09-02 19:00:00,26,12,14
2020-09-02 20:00:00,24,10,14
2020-09-02 21:00:00,12,4,8
2020-09-02 22:00:00,16,6,10
2020-09-02 23:00:00,3,2,1
2020-09-03 00:00:00,2,1,1
2020-09-03 01:00:00,0,0,0
2020-09-03 02:00:00,0,0,0
2020-09-03 03:00:00,1,1,0
2020-09-03 04:00:00,2,0,2
2020-09-03 05:00:00,16,6,10
2020-09-03 06:00:00,29,8,21
2020-09-03 07:00:00,53,22,31
2020-09-03 08:00:00,41,16,25
2020-09-03 09:00:00,26,9,17
2020-09-03 10:00:00,20,13,7
2020-09-03 11:00:00,30,18,12
2020-09-03 12:00:00,35,15,20
2020-09-03 13:00:00,42,22,20
2020-09-03 14:00:00,45,23,22
2020-09-03 15:00:00,56,31,25
2020-09-03 16:00:00,63,42,21
2020-09-03 17:00:00,69,46,23
2020-09-03 18:00:00,59,30,29
2020-09-03 19:00:00,25,9,16
2020-09-03 20:00:00,19,14,5
2020-09-03 21:00:00,20,7,13
2020-09-03 22:00:00,4,2,2
2020-09-03 23:00:00,6,0,6
2020-09-04 00:00:00,7,3,4
2020-09-04 01:00:00,1,0,1
2020-09-04 02:00:00,0,0,0
2020-09-04 03:00:00,1,1,0
2020-09-04 04:00:00,1,1,0
2020-09-04 05:00:00,10,3,7
2020-09-04 06:00:00,27,10,17
2020-09-04 07:00:00,36,18,18
2020-09-04 08:00:00,39,13,26
2020-09-04 09:00:00,23,9,14
2020-09-04 10:00:00,26,12,14
2020-09-04 11:00:00,28,17,11
2020-09-04 12:00:00,38,25,13
2020-09-04 13:00:00,25,13,12
2020-09-04 14:00:00,46,30,16
2020-09-04 15:00:00,61,32,29
2020-09-04 16:00:00,58,36,22
2020-09-04 17:00:00,63,36,27
2020-09-04 18:00:00,26,17,9
2020-09-04 19:00:00,33,17,16
2020-09-04 20:00:00,22,7,15
2020-09-04 21:00:00,10,7,3
2020-09-04 22:00:00,10,6,4
2020-09-04 23:00:00,8,3,5
2020-09-05 00:00:00,2,1,1
2020-09-05 01:00:00,0,0,0
2020-09-05 02:00:00,4,1,3
2020-09-05 03:00:00,1,0,1
2020-09-05 04:00:00,1,0,1
2020-09-05 05:00:00,4,3,1
2020-09-05 06:00:00,2,1,1
2020-09-05 07:00:00,7,4,3
2020-09-05 08:00:00,6,5,1
2020-09-05 09:00:00,27,16,11
2020-09-05 10:00:00,26,19,7
2020-09-05 11:00:00,59,45,14
2020-09-05 12:00:00,52,31,21
2020-09-05 13:00:00,51,23,28
2020-09-05 14:00:00,72,39,33
2020-09-05 15:00:00,29,17,12
2020-09-05 16:00:00,39,15,24
2020-09-05 17:00:00,21,9,12
2020-09-05 18:00:00,29,10,19
2020-09-05 19:00:00,26,12,14
2020-09-05 20:00:00,10,5,5
2020-09-05 21:00:00,4,3,1
2020-09-05 22:00:00,28,8,20
2020-09-05 23:00:00,14,1,13
2020-09-06 00:00:00,2,1,1
2020-09-06 01:00:00,2,1,1
2020-09-06 02:00:00,0,0,0
2020-09-06 03:00:00,0,0,0
2020-09-06 04:00:00,1,0,1
2020-09-06 05:00:00,0,0,0
2020-09-06 06:00:00,6,5,1
2020-09-06 07:00:00,4,1,3
2020-09-06 08:00:00,7,7,0
2020-09-06 09:00:00,21,12,9
2020-09-06 10:00:00,34,20,14
2020-09-06 11:00:00,29,18,11
2020-09-06 12:00:00,37,22,15
2020-09-06 13:00:00,29,17,12
2020-09-06 14:00:00,52,24,28
2020-09-06 15:00:00,46,16,30
2020-09-06 16:00:00,38,18,20
2020-09-06 17:00:00,32,15,17
2020-09-06 18:00:00,28,16,12
2020-09-06 19:00:00,18,6,12
2020-09-06 20:00:00,13,5,8
2020-09-06 21:00:00,10,5,5
2020-09-06 22:00:00,5,2,3
2020-09-06 23:00:00,2,1,1
2020-09-07 00:00:00,0,0,0
2020-09-07 01:00:00,0,0,0
2020-09-07 02:00:00,0,0,0
2020-09-07 03:00:00,1,0,1
2020-09-07 04:00:00,0,0,0
2020-09-07 05:00:00,2,2,0
2020-09-07 06:00:00,6,3,3
2020-09-07 07:00:00,16,8,8
2020-09-07 08:00:00,9,5,4
2020-09-07 09:00:00,12,7,5
2020-09-07 10:00:00,15,8,7
2020-09-07 11:00:00,30,15,15
2020-09-07 12:00:00,40,19,21
2020-09-07 13:00:00,24,8,16
2020-09-07 14:00:00,25,8,17
2020-09-07 15:00:00,37,17,20
2020-09-07 16:00:00,35,16,19
2020-09-07 17:00:00,15,6,9
2020-09-07 18:00:00,24,5,19
2020-09-07 19:00:00,18,4,14
2020-09-07 20:00:00,14,4,10
2020-09-07 21:00:00,7,1,6
2020-09-07 22:00:00,6,0,6
2020-09-07 23:00:00,4,0,4
2020-09-08 00:00:00,3,1,2
2020-09-08 01:00:00,0,0,0
2020-09-08 02:00:00,2,2,0
2020-09-08 03:00:00,0,0,0
2020-09-08 04:00:00,4,3,1
2020-09-08 05:00:00,11,2,9
2020-09-08 06:00:00,21,6,15
2020-09-08 07:00:00,27,13,14
2020-09-08 08:00:00,24,7,17
2020-09-08 09:00:00,22,10,12
2020-09-08 10:00:00,11,6,5
2020-09-08 11:00:00,14,9,5
2020-09-08 12:00:00,24,13,11
2020-09-08 13:00:00,23,14,9
2020-09-08 14:00:00,31,17,14
2020-09-08 15:00:00,27,10,17
2020-09-08 16:00:00,37,19,18
2020-09-08 17:00:00,53,34,19
2020-09-08 18:00:00,26,12,14
2020-09-08 19:00:00,21,4,17
2020-09-08 20:00:00,14,8,6
2020-09-08 21:00:00,1,1,0
2020-09-08 22:00:00,1,1,0
2020-09-08 23:00:00,4,2,2
2020-09-09 00:00:00,3,2,1
2020-09-09 01:00:00,1,1,0
2020-09-09 02:00:00,1,1,0
2020-09-09 03:00:00,1,1,0
2020-09-09 04:00:00,1,0,1
2020-09-09 05:00:00,17,11,6
2020-09-09 06:00:00,30,11,19
2020-09-09 07:00:00,34,16,18
2020-09-09 08:00:00,31,12,19
2020-09-09 09:00:00,26,8,18
2020-09-09 10:00:00,16,10,6
2020-09-09 11:00:00,20,13,7
2020-09-09 12:00:00,31,10,21
2020-09-09 13:00:00,22,13,9
2020-09-09 14:00:00,41,23,18
2020-09-09 15:00:00,34,18,16
2020-09-09 16:00:00,43,14,29
2020-09-09 17:00:00,66,39,27
2020-09-09 18:00:00,32,19,13
2020-09-09 19:00:00,13,4,9
2020-09-09 20:00:00,6,4,2
2020-09-09 21:00:00,6,2,4
2020-09-09 22:00:00,3,1,2
2020-09-09 23:00:00,1,0,1
2020-09-10 00:00:00,2,1,1
2020-09-10 01:00:00,1,0,1
2020-09-10 02:00:00,0,0,0
2020-09-10 03:00:00,0,0,0
2020-09-10 04:00:00,1,0,1
2020-09-10 05:00:00,13,5,8
2020-09-10 06:00:00,24,8,16
2020-09-10 07:00:00,33,15,18
2020-09-10 08:00:00,36,13,23
2020-09-10 09:00:00,32,11,21
2020-09-10 10:00:00,16,8,8
2020-09-10 11:00:00,24,13,11
2020-09-10 12:00:00,21,13,8
2020-09-10 13:00:00,23,13,10
2020-09-10 14:00:00,42,27,15
2020-09-10 15:00:00,35,23,12
2020-09-10 16:00:00,45,27,18
2020-09-10 17:00:00,75,46,29
2020-09-10 18:00:00,22,8,14
2020-09-10 19:00:00,12,7,5
2020-09-10 20:00:00,13,3,10
2020-09-10 21:00:00,6,5,1
2020-09-10 22:00:00,7,5,2
2020-09-10 23:00:00,4,1,3
2020-09-11 00:00:00,0,0,0
2020-09-11 01:00:00,2,1,1
2020-09-11 02:00:00,0,0,0
2020-09-11 03:00:00,0,0,0
2020-09-11 04:00:00,0,0,0
2020-09-11 05:00:00,11,5,6
2020-09-11 06:00:00,19,5,14
2020-09-11 07:00:00,25,13,12
2020-09-11 08:00:00,18,6,12
2020-09-11 09:00:00,13,7,6
2020-09-11 10:00:00,9,3,6
2020-09-11 11:00:00,15,8,7
2020-09-11 12:00:00,19,14,5
2020-09-11 13:00:00,19,11,8
2020-09-11 14:00:00,32,16,16
2020-09-11 15:00:00,21,12,9
2020-09-11 16:00:00,28,15,13
2020-09-11 17:00:00,27,14,13
2020-09-11 18:00:00,22,12,10
2020-09-11 19:00:00,8,2,6
2020-09-11 20:00:00,7,3,4
2020-09-11 21:00:00,10,1,9
2020-09-11 22:00:00,5,0,5
2020-09-11 23:00:00,8,3,5
2020-09-12 00:00:00,1,1,0
2020-09-12 01:00:00,4,2,2
2020-09-12 02:00:00,0,0,0
2020-09-12 03:00:00,0,0,0
2020-09-12 04:00:00,1,0,1
2020-09-12 05:00:00,2,2,0
2020-09-12 06:00:00,3,2,1
2020-09-12 07:00:00,6,4,2
2020-09-12 08:00:00,4,2,2
2020-09-12 09:00:00,5,3,2
2020-09-12 10:00:00,6,3,3
2020-09-12 11:00:00,4,3,1
2020-09-12 12:00:00,3,2,1
2020-09-12 13:00:00,3,2,1
2020-09-12 14:00:00,17,7,10
2020-09-12 15:00:00,11,6,5
2020-09-12 16:00:00,12,5,7
2020-09-12 17:00:00,4,2,2
2020-09-12 18:00:00,8,4,4
2020-09-12 19:00:00,7,5,2
2020-09-12 20:00:00,6,2,4
2020-09-12 21:00:00,1,0,1
2020-09-12 22:00:00,1,1,0
2020-09-12 23:00:00,3,2,1
2020-09-13 00:00:00,3,2,1
2020-09-13 01:00:00,0,0,0
2020-09-13 02:00:00,0,0,0
2020-09-13 03:00:00,1,1,0
2020-09-13 04:00:00,1,0,1
2020-09-13 05:00:00,2,2,0
2020-09-13 06:00:00,1,0,1
2020-09-13 07:00:00,2,0,2
2020-09-13 08:00:00,2,1,1
2020-09-13 09:00:00,3,3,0
2020-09-13 10:00:00,2,1,1
2020-09-13 11:00:00,8,2,6
2020-09-13 12:00:00,8,2,6
2020-09-13 13:00:00,13,8,5
2020-09-13 14:00:00,8,5,3
2020-09-13 15:00:00,7,4,3
2020-09-13 16:00:00,12,8,4
2020-09-13 17:00:00,5,2,3
2020-09-13 18:00:00,7,2,5
2020-09-13 19:00:00,7,4,3
2020-09-13 20:00:00,2,0,2
2020-09-13 21:00:00,3,3,0
2020-09-13 22:00:00,2,0,2
2020-09-13 23:00:00,0,0,0
2020-09-14 00:00:00,0,0,0
2020-09-14 01:00:00,0,0,0
2020-09-14 02:00:00,1,1,0
2020-09-14 03:00:00,0,0,0
2020-09-14 04:00:00,0,0,0
2020-09-14 05:00:00,7,3,4
2020-09-14 06:00:00,15,4,11
2020-09-14 07:00:00,15,7,8
2020-09-14 08:00:00,21,11,10
2020-09-14 09:00:00,15,7,8
2020-09-14 10:00:00,4,1,3
2020-09-14 11:00:00,7,6,1
2020-09-14 12:00:00,11,6,5
2020-09-14 13:00:00,8,2,6
2020-09-14 14:00:00,24,15,9
2020-09-14 15:00:00,12,6,6
2020-09-14 16:00:00,23,15,8
2020-09-14 17:00:00,21,10,11
2020-09-14 18:00:00,20,12,8
2020-09-14 19:00:00,8,2,6
2020-09-14 20:00:00,3,0,3
2020-09-14 21:00:00,10,4,6
2020-09-14 22:00:00,5,2,3
2020-09-14 23:00:00,0,0,0
2020-09-15 00:00:00,2,1,1
2020-09-15 01:00:00,2,0,2
2020-09-15 02:00:00,1,1,0
2020-09-15 03:00:00,0,0,0
2020-09-15 04:00:00,0,0,0
2020-09-15 05:00:00,9,2,7
2020-09-15 06:00:00,11,4,7
2020-09-15 07:00:00,18,8,10
2020-09-15 08:00:00,10,1,9
2020-09-15 09:00:00,12,5,7
2020-09-15 10:00:00,4,2,2
2020-09-15 11:00:00,10,4,6
2020-09-15 12:00:00,20,11,9
2020-09-15 13:00:00,14,7,7
2020-09-15 14:00:00,16,15,1
2020-09-15 15:00:00,10,8,2
2020-09-15 16:00:00,24,15,9
2020-09-15 17:00:00,29,18,11
2020-09-15 18:00:00,7,4,3
2020-09-15 19:00:00,6,3,3
2020-09-15 20:00:00,8,1,7
2020-09-15 21:00:00,3,3,0
2020-09-15 22:00:00,2,2,0
2020-09-15 23:00:00,2,1,1
2020-09-16 00:00:00,0,0,0
2020-09-16 01:00:00,0,0,0
2020-09-16 02:00:00,2,1,1
2020-09-16 03:00:00,0,0,0
2020-09-16 04:00:00,3,2,1
2020-09-16 05:00:00,9,4,5
2020-09-16 06:00:00,24,9,15
2020-09-16 07:00:00,18,9,9
2020-09-16 08:00:00,9,1,8
2020-09-16 09:00:00,9,3,6
2020-09-16 10:00:00,4,2,2
2020-09-16 11:00:00,12,7,5
2020-09-16 12:00:00,14,8,6
2020-09-16 13:00:00,13,5,8
2020-09-16 14:00:00,21,16,5
2020-09-16 15:00:00,23,14,9
2020-09-16 16:00:00,27,15,12
2020-09-16 17:00:00,38,26,12
2020-09-16 18:00:00,19,11,8
2020-09-16 19:00:00,12,7,5
2020-09-16 20:00:00,5,2,3
2020-09-16 21:00:00,3,1,2
2020-09-16 22:00:00,3,3,0
2020-09-16 23:00:00,3,2,1
2020-09-17 00:00:00,3,1,2
2020-09-17 01:00:00,0,0,0
2020-09-17 02:00:00,1,1,0
2020-09-17 03:00:00,2,1,1
2020-09-17 04:00:00,3,1,2
2020-09-17 05:00:00,11,3,8
2020-09-17 06:00:00,13,5,8
2020-09-17 07:00:00,23,13,10
2020-09-17 08:00:00,9,4,5
2020-09-17 09:00:00,18,8,10
2020-09-17 10:00:00,9,2,7
2020-09-17 11:00:00,15,6,9
2020-09-17 12:00:00,16,8,8
2020-09-17 13:00:00,13,5,8
2020-09-17 14:00:00,18,13,5
2020-09-17 15:00:00,33,21,12
2020-09-17 16:00:00,22,15,7
2020-09-17 17:00:00,34,18,16
2020-09-17 18:00:00,16,13,3
2020-09-17 19:00:00,11,4,7
2020-09-17 20:00:00,8,3,5
2020-09-17 21:00:00,8,3,5
2020-09-17 22:00:00,5,2,3
2020-09-17 23:00:00,4,3,1
2020-09-18 00:00:00,1,0,1
2020-09-18 01:00:00,2,2,0
2020-09-18 02:00:00,3,1,2
2020-09-18 03:00:00,0,0,0
2020-09-18 04:00:00,2,1,1
2020-09-18 05:00:00,13,8,5
2020-09-18 06:00:00,16,5,11
2020-09-18 07:00:00,27,10,17
2020-09-18 08:00:00,23,11,12
2020-09-18 09:00:00,13,6,7
2020-09-18 10:00:00,8,3,5
2020-09-18 11:00:00,9,2,7
2020-09-18 12:00:00,30,23,7
2020-09-18 13:00:00,11,8,3
2020-09-18 14:00:00,19,12,7
2020-09-18 15:00:00,13,8,5
2020-09-18 16:00:00,20,13,7
2020-09-18 17:00:00,26,13,13
2020-09-18 18:00:00,15,8,7
2020-09-18 19:00:00,11,6,5
2020-09-18 20:00:00,6,3,3
2020-09-18 21:00:00,5,3,2
2020-09-18 22:00:00,5,1,4
2020-09-18 23:00:00,5,3,2
2020-09-19 00:00:00,1,0,1
2020-09-19 01:00:00,2,0,2
2020-09-19 02:00:00,2,1,1
2020-09-19 03:00:00,0,0,0
2020-09-19 04:00:00,2,0,2
2020-09-19 05:00:00,3,2,1
2020-09-19 06:00:00,3,2,1
2020-09-19 07:00:00,2,0,2
2020-09-19 08:00:00,8,7,1
2020-09-19 09:00:00,15,8,7
2020-09-19 10:00:00,16,6,10
2020-09-19 11:00:00,27,12,15
2020-09-19 12:00:00,22,13,9
2020-09-19 13:00:00,27,15,12
2020-09-19 14:00:00,40,25,15
2020-09-19 15:00:00,40,21,19
2020-09-19 16:00:00,50,27,23
2020-09-19 17:00:00,16,9,7
2020-09-19 18:00:00,7,5,2
2020-09-19 19:00:00,11,7,4
2020-09-19 20:00:00,3,1,2
2020-09-19 21:00:00,6,3,3
2020-09-19 22:00:00,5,2,3
2020-09-19 23:00:00,6,2,4
2020-09-20 00:00:00,0,0,0
2020-09-20 01:00:00,0,0,0
2020-09-20 02:00:00,1,0,1
2020-09-20 03:00:00,1,1,0
2020-09-20 04:00:00,2,1,1
2020-09-20 05:00:00,1,0,1
2020-09-20 06:00:00,9,9,0
2020-09-20 07:00:00,11,5,6
2020-09-20 08:00:00,19,12,7
2020-09-20 09:00:00,26,13,13
2020-09-20 10:00:00,30,21,9
2020-09-20 11:00:00,29,12,17
2020-09-20 12:00:00,38,15,23
2020-09-20 13:00:00,45,26,19
2020-09-20 14:00:00,51,23,28
2020-09-20 15:00:00,47,23,24
2020-09-20 16:00:00,38,23,15
2020-09-20 17:00:00,30,14,16
2020-09-20 18:00:00,38,15,23
2020-09-20 19:00:00,15,3,12
2020-09-20 20:00:00,8,4,4
2020-09-20 21:00:00,6,1,5
2020-09-20 22:00:00,4,2,2
2020-09-20 23:00:00,7,4,3
2020-09-21 00:00:00,5,3,2
2020-09-21 01:00:00,1,0,1
2020-09-21 02:00:00,0,0,0
2020-09-21 03:00:00,0,0,0
2020-09-21 04:00:00,0,0,0
2020-09-21 05:00:00,12,6,6
2020-09-21 06:00:00,20,7,13
2020-09-21 07:00:00,40,16,24
2020-09-21 08:00:00,38,18,20
2020-09-21 09:00:00,17,10,7
2020-09-21 10:00:00,18,9,9
2020-09-21 11:00:00,29,16,13
2020-09-21 12:00:00,27,22,5
2020-09-21 13:00:00,22,9,13
2020-09-21 14:00:00,37,23,14
2020-09-21 15:00:00,44,27,17
2020-09-21 16:00:00,45,25,20
2020-09-21 17:00:00,60,31,29
2020-09-21 18:00:00,47,23,24
2020-09-21 19:00:00,43,26,17
2020-09-21 20:00:00,13,7,6
2020-09-21 21:00:00,9,6,3
2020-09-21 22:00:00,4,1,3
2020-09-21 23:00:00,5,3,2
2020-09-22 00:00:00,4,1,3
2020-09-22 01:00:00,2,0,2
2020-09-22 02:00:00,0,0,0
2020-09-22 03:00:00,1,0,1
2020-09-22 04:00:00,0,0,0
2020-09-22 05:00:00,10,4,6
2020-09-22 06:00:00,30,11,19
2020-09-22 07:00:00,36,14,22
2020-09-22 08:00:00,43,15,28
2020-09-22 09:00:00,20,11,9
2020-09-22 10:00:00,17,10,7
2020-09-22 11:00:00,30,20,10
2020-09-22 12:00:00,38,23,15
2020-09-22 13:00:00,25,14,11
2020-09-22 14:00:00,45,26,19
2020-09-22 15:00:00,49,27,22
2020-09-22 16:00:00,72,50,22
2020-09-22 17:00:00,70,39,31
2020-09-22 18:00:00,41,23,18
2020-09-22 19:00:00,19,6,13
2020-09-22 20:00:00,11,7,4
2020-09-22 21:00:00,8,7,1
2020-09-22 22:00:00,7,3,4
2020-09-22 23:00:00,4,2,2
2020-09-23 00:00:00,2,1,1
2020-09-23 01:00:00,0,0,0
2020-09-23 02:00:00,1,0,1
2020-09-23 03:00:00,0,0,0
2020-09-23 04:00:00,1,0,1
2020-09-23 05:00:00,6,3,3
2020-09-23 06:00:00,22,7,15
2020-09-23 07:00:00,23,10,13
2020-09-23 08:00:00,24,11,13
2020-09-23 09:00:00,14,6,8
2020-09-23 10:00:00,10,7,3
2020-09-23 11:00:00,12,5,7
2020-09-23 12:00:00,2,1,1
2020-09-23 13:00:00,13,9,4
2020-09-23 14:00:00,16,12,4
2020-09-23 15:00:00,14,8,6
2020-09-23 16:00:00,17,10,7
2020-09-23 17:00:00,26,17,9
2020-09-23 18:00:00,14,5,9
2020-09-23 19:00:00,8,3,5
2020-09-23 20:00:00,5,2,3
2020-09-23 21:00:00,7,5,2
2020-09-23 22:00:00,5,3,2
2020-09-23 23:00:00,3,2,1
2020-09-24 00:00:00,3,1,2
2020-09-24 01:00:00,0,0,0
2020-09-24 02:00:00,0,0,0
2020-09-24 03:00:00,3,2,1
2020-09-24 04:00:00,1,0,1
2020-09-24 05:00:00,7,1,6
2020-09-24 06:00:00,13,4,9
2020-09-24 07:00:00,16,7,9
2020-09-24 08:00:00,16,4,12
2020-09-24 09:00:00,10,6,4
2020-09-24 10:00:00,5,2,3
2020-09-24 11:00:00,9,4,5
2020-09-24 12:00:00,15,6,9
2020-09-24 13:00:00,10,5,5
2020-09-24 14:00:00,23,16,7
2020-09-24 15:00:00,28,19,9
2020-09-24 16:00:00,25,13,12
2020-09-24 17:00:00,45,26,19
2020-09-24 18:00:00,20,11,9
2020-09-24 19:00:00,14,8,6
2020-09-24 20:00:00,13,9,4
2020-09-24 21:00:00,5,3,2
2020-09-24 22:00:00,2,2,0
2020-09-24 23:00:00,4,1,3
2020-09-25 00:00:00,4,2,2
2020-09-25 01:00:00,0,0,0
2020-09-25 02:00:00,0,0,0
2020-09-25 03:00:00,0,0,0
2020-09-25 04:00:00,0,0,0
2020-09-25 05:00:00,5,3,2
2020-09-25 06:00:00,9,3,6
2020-09-25 07:00:00,20,7,13
2020-09-25 08:00:00,15,7,8
2020-09-25 09:00:00,10,6,4
2020-09-25 10:00:00,7,4,3
2020-09-25 11:00:00,12,3,9
2020-09-25 12:00:00,8,3,5
2020-09-25 13:00:00,12,4,8
2020-09-25 14:00:00,23,15,8
2020-09-25 15:00:00,32,20,12
2020-09-25 16:00:00,24,14,10
2020-09-25 17:00:00,38,19,19
2020-09-25 18:00:00,21,10,11
2020-09-25 19:00:00,13,6,7
2020-09-25 20:00:00,15,7,8
2020-09-25 21:00:00,9,5,4
2020-09-25 22:00:00,7,2,5
2020-09-25 23:00:00,7,2,5
2020-09-26 00:00:00,8,5,3
2020-09-26 01:00:00,1,0,1
2020-09-26 02:00:00,0,0,0
2020-09-26 03:00:00,0,0,0
2020-09-26 04:00:00,1,0,1
2020-09-26 05:00:00,2,2,0
2020-09-26 06:00:00,4,2,2
2020-09-26 07:00:00,3,1,2
2020-09-26 08:00:00,14,9,5
2020-09-26 09:00:00,14,4,10
2020-09-26 10:00:00,16,9,7
2020-09-26 11:00:00,19,12,7
2020-09-26 12:00:00,33,21,12
2020-09-26 13:00:00,45,20,25
2020-09-26 14:00:00,38,25,13
2020-09-26 15:00:00,29,16,13
2020-09-26 16:00:00,35,15,20
2020-09-26 17:00:00,31,21,10
2020-09-26 18:00:00,22,7,15
2020-09-26 19:00:00,21,13,8
2020-09-26 20:00:00,8,3,5
2020-09-26 21:00:00,6,4,2
2020-09-26 22:00:00,3,2,1
2020-09-26 23:00:00,4,3,1
2020-09-27 00:00:00,2,0,2
2020-09-27 01:00:00,0,0,0
2020-09-27 02:00:00,1,0,1
2020-09-27 03:00:00,0,0,0
2020-09-27 04:00:00,1,0,1
2020-09-27 05:00:00,0,0,0
2020-09-27 06:00:00,3,2,1
2020-09-27 07:00:00,13,8,5
2020-09-27 08:00:00,12,7,5
2020-09-27 09:00:00,32,21,11
2020-09-27 10:00:00,37,20,17
2020-09-27 11:00:00,35,17,18
2020-09-27 12:00:00,41,17,24
2020-09-27 13:00:00,67,31,36
2020-09-27 14:00:00,56,35,21
2020-09-27 15:00:00,56,32,24
2020-09-27 16:00:00,45,16,29
2020-09-27 17:00:00,48,25,23
2020-09-27 18:00:00,53,24,29
2020-09-27 19:00:00,16,9,7
2020-09-27 20:00:00,14,3,11
2020-09-27 21:00:00,9,1,8
2020-09-27 22:00:00,5,3,2
2020-09-27 23:00:00,3,1,2
2020-09-28 00:00:00,0,0,0
2020-09-28 01:00:00,0,0,0
2020-09-28 02:00:00,3,2,1
2020-09-28 03:00:00,0,0,0
2020-09-28 04:00:00,3,0,3
2020-09-28 05:00:00,10,3,7
2020-09-28 06:00:00,21,9,12
2020-09-28 07:00:00,39,16,23
2020-09-28 08:00:00,43,16,27
2020-09-28 09:00:00,20,7,13
2020-09-28 10:00:00,16,11,5
2020-09-28 11:00:00,29,18,11
2020-09-28 12:00:00,19,11,8
2020-09-28 13:00:00,26,11,15
2020-09-28 14:00:00,33,20,13
2020-09-28 15:00:00,23,14,9
2020-09-28 16:00:00,71,50,21
2020-09-28 17:00:00,71,38,33
2020-09-28 18:00:00,33,22,11
2020-09-28 19:00:00,20,6,14
2020-09-28 20:00:00,7,2,5
2020-09-28 21:00:00,3,3,0
2020-09-28 22:00:00,4,1,3
2020-09-28 23:00:00,3,1,2
2020-09-29 00:00:00,1,0,1
2020-09-29 01:00:00,1,0,1
2020-09-29 02:00:00,0,0,0
2020-09-29 03:00:00,0,0,0
2020-09-29 04:00:00,2,2,0
2020-09-29 05:00:00,16,5,11
2020-09-29 06:00:00,22,8,14
2020-09-29 07:00:00,42,16,26
2020-09-29 08:00:00,49,20,29
2020-09-29 09:00:00,21,8,13
2020-09-29 10:00:00,27,14,13
2020-09-29 11:00:00,18,12,6
2020-09-29 12:00:00,31,19,12
2020-09-29 13:00:00,31,15,16
2020-09-29 14:00:00,33,24,9
2020-09-29 15:00:00,54,30,24
2020-09-29 16:00:00,64,38,26
2020-09-29 17:00:00,77,43,34
2020-09-29 18:00:00,35,19,16
2020-09-29 19:00:00,18,8,10
2020-09-29 20:00:00,10,4,6
2020-09-29 21:00:00,9,5,4
2020-09-29 22:00:00,7,1,6
2020-09-29 23:00:00,4,3,1
2020-09-30 00:00:00,0,0,0
2020-09-30 01:00:00,3,0,3
2020-09-30 02:00:00,2,1,1
2020-09-30 03:00:00,1,1,0
2020-09-30 04:00:00,3,1,2
2020-09-30 05:00:00,7,2,5
2020-09-30 06:00:00,20,6,14
2020-09-30 07:00:00,45,15,30
2020-09-30 08:00:00,49,15,34
2020-09-30 09:00:00,19,8,11
2020-09-30 10:00:00,19,10,9
2020-09-30 11:00:00,21,12,9
2020-09-30 12:00:00,26,13,13
2020-09-30 13:00:00,26,12,14
2020-09-30 14:00:00,43,27,16
2020-09-30 15:00:00,44,25,19
2020-09-30 16:00:00,49,28,21
2020-09-30 17:00:00,70,48,22
2020-09-30 18:00:00,48,31,17
2020-09-30 19:00:00,21,11,10
2020-09-30 20:00:00,11,6,5
2020-09-30 21:00:00,9,6,3
2020-09-30 22:00:00,8,3,5
2020-09-30 23:00:00,3,2,1
2020-10-01 00:00:00,1,0,1
2020-10-01 01:00:00,1,0,1
2020-10-01 02:00:00,1,0,1
2020-10-01 03:00:00,1,0,1
2020-10-01 04:00:00,2,1,1
2020-10-01 05:00:00,13,3,10
2020-10-01 06:00:00,20,9,11
2020-10-01 07:00:00,43,17,26
2020-10-01 08:00:00,35,14,21
2020-10-01 09:00:00,27,8,19
2020-10-01 10:00:00,22,11,11
2020-10-01 11:00:00,21,14,7
2020-10-01 12:00:00,25,9,16
2020-10-01 13:00:00,26,14,12
2020-10-01 14:00:00,34,24,10
2020-10-01 15:00:00,45,28,17
2020-10-01 16:00:00,52,32,20
2020-10-01 17:00:00,67,40,27
2020-10-01 18:00:00,35,21,14
2020-10-01 19:00:00,22,12,10
2020-10-01 20:00:00,5,1,4
2020-10-01 21:00:00,4,2,2
2020-10-01 22:00:00,8,2,6
2020-10-01 23:00:00,4,1,3
2020-10-02 00:00:00,3,2,1
2020-10-02 01:00:00,0,0,0
2020-10-02 02:00:00,0,0,0
2020-10-02 03:00:00,0,0,0
2020-10-02 04:00:00,0,0,0
2020-10-02 05:00:00,11,7,4
2020-10-02 06:00:00,25,7,18
2020-10-02 07:00:00,29,15,14
2020-10-02 08:00:00,35,12,23
2020-10-02 09:00:00,23,12,11
2020-10-02 10:00:00,18,12,6
2020-10-02 11:00:00,19,10,9
2020-10-02 12:00:00,26,12,14
2020-10-02 13:00:00,40,28,12
2020-10-02 14:00:00,46,24,22
2020-10-02 15:00:00,45,25,20
2020-10-02 16:00:00,53,34,19
2020-10-02 17:00:00,66,36,30
2020-10-02 18:00:00,42,29,13
2020-10-02 19:00:00,24,14,10
2020-10-02 20:00:00,16,6,10
2020-10-02 21:00:00,15,3,12
2020-10-02 22:00:00,9,4,5
2020-10-02 23:00:00,12,4,8
2020-10-03 00:00:00,1,0,1
2020-10-03 01:00:00,4,3,1
2020-10-03 02:00:00,1,0,1
2020-10-03 03:00:00,0,0,0
2020-10-03 04:00:00,3,2,1
2020-10-03 05:00:00,1,1,0
2020-10-03 06:00:00,6,2,4
2020-10-03 07:00:00,6,4,2
2020-10-03 08:00:00,15,10,5
2020-10-03 09:00:00,25,15,10
2020-10-03 10:00:00,22,14,8
2020-10-03 11:00:00,20,11,9
2020-10-03 12:00:00,36,14,22
2020-10-03 13:00:00,47,24,23
2020-10-03 14:00:00,35,20,15
2020-10-03 15:00:00,44,26,18
2020-10-03 16:00:00,23,11,12
2020-10-03 17:00:00,35,15,20
2020-10-03 18:00:00,25,13,12
2020-10-03 19:00:00,15,7,8
2020-10-03 20:00:00,12,7,5
2020-10-03 21:00:00,6,3,3
2020-10-03 22:00:00,10,4,6
2020-10-03 23:00:00,2,0,2
2020-10-04 00:00:00,2,1,1
2020-10-04 01:00:00,2,2,0
2020-10-04 02:00:00,3,1,2
2020-10-04 03:00:00,0,0,0
2020-10-04 04:00:00,1,0,1
2020-10-04 05:00:00,0,0,0
2020-10-04 06:00:00,3,1,2
2020-10-04 07:00:00,6,2,4
2020-10-04 08:00:00,4,1,3
2020-10-04 09:00:00,7,2,5
2020-10-04 10:00:00,18,8,10
2020-10-04 11:00:00,27,11,16
2020-10-04 12:00:00,30,13,17
2020-10-04 13:00:00,33,21,12
2020-10-04 14:00:00,39,25,14
2020-10-04 15:00:00,27,8,19
2020-10-04 16:00:00,30,22,8
2020-10-04 17:00:00,21,9,12
2020-10-04 18:00:00,20,7,13
2020-10-04 19:00:00,13,6,7
2020-10-04 20:00:00,12,4,8
2020-10-04 21:00:00,6,3,3
2020-10-04 22:00:00,3,2,1
2020-10-04 23:00:00,4,3,1
2020-10-05 00:00:00,2,0,2
2020-10-05 01:00:00,2,2,0
2020-10-05 02:00:00,0,0,0
2020-10-05 03:00:00,0,0,0
2020-10-05 04:00:00,1,1,0
2020-10-05 05:00:00,9,4,5
2020-10-05 06:00:00,19,4,15
2020-10-05 07:00:00,37,12,25
2020-10-05 08:00:00,44,16,28
2020-10-05 09:00:00,20,7,13
2020-10-05 10:00:00,11,5,6
2020-10-05 11:00:00,16,6,10
2020-10-05 12:00:00,20,10,10
2020-10-05 13:00:00,21,13,8
2020-10-05 14:00:00,32,24,8
2020-10-05 15:00:00,40,27,13
2020-10-05 16:00:00,51,28,23
2020-10-05 17:00:00,69,38,31
2020-10-05 18:00:00,42,26,16
2020-10-05 19:00:00,14,7,7
2020-10-05 20:00:00,10,2,8
2020-10-05 21:00:00,5,3,2
2020-10-05 22:00:00,1,1,0
2020-10-05 23:00:00,2,0,2
2020-10-06 00:00:00,1,0,1
2020-10-06 01:00:00,2,0,2
2020-10-06 02:00:00,0,0,0
2020-10-06 03:00:00,0,0,0
2020-10-06 04:00:00,0,0,0
2020-10-06 05:00:00,10,4,6
2020-10-06 06:00:00,28,8,20
2020-10-06 07:00:00,51,19,32
2020-10-06 08:00:00,36,13,23
2020-10-06 09:00:00,29,13,16
2020-10-06 10:00:00,9,5,4
2020-10-06 11:00:00,23,14,9
2020-10-06 12:00:00,24,7,17
2020-10-06 13:00:00,28,18,10
2020-10-06 14:00:00,29,15,14
2020-10-06 15:00:00,36,21,15
2020-10-06 16:00:00,65,46,19
2020-10-06 17:00:00,63,36,27
2020-10-06 18:00:00,35,20,15
2020-10-06 19:00:00,18,9,9
2020-10-06 20:00:00,19,7,12
2020-10-06 21:00:00,10,8,2
2020-10-06 22:00:00,8,1,7
2020-10-06 23:00:00,12,8,4
2020-10-07 00:00:00,1,0,1
2020-10-07 01:00:00,0,0,0
2020-10-07 02:00:00,0,0,0
2020-10-07 03:00:00,0,0,0
2020-10-07 04:00:00,3,1,2
2020-10-07 05:00:00,12,4,8
2020-10-07 06:00:00,19,6,13
2020-10-07 07:00:00,35,13,22
2020-10-07 08:00:00,43,17,26
2020-10-07 09:00:00,33,15,18
2020-10-07 10:00:00,14,8,6
2020-10-07 11:00:00,23,9,14
2020-10-07 12:00:00,28,14,14
2020-10-07 13:00:00,28,12,16
2020-10-07 14:00:00,47,33,14
2020-10-07 15:00:00,48,30,18
2020-10-07 16:00:00,46,30,16
2020-10-07 17:00:00,73,46,27
2020-10-07 18:00:00,28,17,11
2020-10-07 19:00:00,19,5,14
2020-10-07 20:00:00,14,8,6
2020-10-07 21:00:00,9,4,5
2020-10-07 22:00:00,6,1,5
2020-10-07 23:00:00,8,2,6
2020-10-08 00:00:00,5,3,2
2020-10-08 01:00:00,0,0,0
2020-10-08 02:00:00,1,1,0
2020-10-08 03:00:00,2,2,0
2020-10-08 04:00:00,1,0,1
2020-10-08 05:00:00,18,6,12
2020-10-08 06:00:00,22,6,16
2020-10-08 07:00:00,29,14,15
2020-10-08 08:00:00,35,14,21
2020-10-08 09:00:00,34,13,21
2020-10-08 10:00:00,17,10,7
2020-10-08 11:00:00,17,8,9
2020-10-08 12:00:00,27,16,11
2020-10-08 13:00:00,36,17,19
2020-10-08 14:00:00,32,19,13
2020-10-08 15:00:00,49,33,16
2020-10-08 16:00:00,46,29,17
2020-10-08 17:00:00,75,38,37
2020-10-08 18:00:00,43,25,18
2020-10-08 19:00:00,21,15,6
2020-10-08 20:00:00,19,6,13
2020-10-08 21:00:00,8,4,4
2020-10-08 22:00:00,7,4,3
2020-10-08 23:00:00,11,7,4
2020-10-09 00:00:00,1,1,0
2020-10-09 01:00:00,2,1,1
2020-10-09 02:00:00,0,0,0
2020-10-09 03:00:00,3,3,0
2020-10-09 04:00:00,0,0,0
2020-10-09 05:00:00,10,6,4
2020-10-09 06:00:00,20,6,14
2020-10-09 07:00:00,32,12,20
2020-10-09 08:00:00,28,15,13
2020-10-09 09:00:00,45,19,26
2020-10-09 10:00:00,23,9,14
2020-10-09 11:00:00,24,10,14
2020-10-09 12:00:00,32,22,10
2020-10-09 13:00:00,38,25,13
2020-10-09 14:00:00,52,31,21
2020-10-09 15:00:00,43,28,15
2020-10-09 16:00:00,64,40,24
2020-10-09 17:00:00,59,35,24
2020-10-09 18:00:00,28,15,13
2020-10-09 19:00:00,22,9,13
2020-10-09 20:00:00,9,2,7
2020-10-09 21:00:00,4,2,2
2020-10-09 22:00:00,2,1,1
2020-10-09 23:00:00,6,4,2
2020-10-10 00:00:00,1,0,1
2020-10-10 01:00:00,1,1,0
2020-10-10 02:00:00,0,0,0
2020-10-10 03:00:00,1,1,0
2020-10-10 04:00:00,0,0,0
2020-10-10 05:00:00,4,2,2
2020-10-10 06:00:00,2,0,2
2020-10-10 07:00:00,7,3,4
2020-10-10 08:00:00,8,6,2
2020-10-10 09:00:00,15,11,4
2020-10-10 10:00:00,6,5,1
2020-10-10 11:00:00,9,3,6
2020-10-10 12:00:00,20,10,10
2020-10-10 13:00:00,25,15,10
2020-10-10 14:00:00,33,22,11
2020-10-10 15:00:00,32,16,16
2020-10-10 16:00:00,35,23,12
2020-10-10 17:00:00,22,10,12
2020-10-10 18:00:00,19,11,8
2020-10-10 19:00:00,8,2,6
2020-10-10 20:00:00,10,3,7
2020-10-10 21:00:00,5,1,4
2020-10-10 22:00:00,3,0,3
2020-10-10 23:00:00,3,0,3
2020-10-11 00:00:00,2,1,1
2020-10-11 01:00:00,0,0,0
2020-10-11 02:00:00,0,0,0
2020-10-11 03:00:00,0,0,0
2020-10-11 04:00:00,0,0,0
2020-10-11 05:00:00,1,0,1
2020-10-11 06:00:00,2,1,1
2020-10-11 07:00:00,3,1,2
2020-10-11 08:00:00,9,7,2
2020-10-11 09:00:00,7,4,3
2020-10-11 10:00:00,6,3,3
2020-10-11 11:00:00,4,3,1
2020-10-11 12:00:00,8,2,6
2020-10-11 13:00:00,11,3,8
2020-10-11 14:00:00,10,5,5
2020-10-11 15:00:00,11,4,7
2020-10-11 16:00:00,9,4,5
2020-10-11 17:00:00,12,4,8
2020-10-11 18:00:00,3,2,1
2020-10-11 19:00:00,7,2,5
2020-10-11 20:00:00,1,0,1
2020-10-11 21:00:00,3,3,0
2020-10-11 22:00:00,1,1,0
2020-10-11 23:00:00,2,1,1
2020-10-12 00:00:00,0,0,0
2020-10-12 01:00:00,1,1,0
2020-10-12 02:00:00,1,0,1
2020-10-12 03:00:00,3,1,2
2020-10-12 04:00:00,1,0,1
2020-10-12 05:00:00,6,3,3
2020-10-12 06:00:00,16,1,15
2020-10-12 07:00:00,26,6,20
2020-10-12 08:00:00,25,9,16
2020-10-12 09:00:00,26,10,16
2020-10-12 10:00:00,10,6,4
2020-10-12 11:00:00,15,8,7
2020-10-12 12:00:00,28,14,14
2020-10-12 13:00:00,26,15,11
2020-10-12 14:00:00,31,15,16
2020-10-12 15:00:00,30,23,7
2020-10-12 16:00:00,48,34,14
2020-10-12 17:00:00,47,28,19
2020-10-12 18:00:00,37,24,13
2020-10-12 19:00:00,11,6,5
2020-10-12 20:00:00,11,6,5
2020-10-12 21:00:00,3,1,2
2020-10-12 22:00:00,6,4,2
2020-10-12 23:00:00,0,0,0
2020-10-13 00:00:00,1,1,0
2020-10-13 01:00:00,2,1,1
2020-10-13 02:00:00,1,1,0
2020-10-13 03:00:00,2,2,0
2020-10-13 04:00:00,0,0,0
2020-10-13 05:00:00,7,3,4
2020-10-13 06:00:00,13,3,10
2020-10-13 07:00:00,23,9,14
2020-10-13 08:00:00,22,7,15
2020-10-13 09:00:00,13,5,8
2020-10-13 10:00:00,9,5,4
2020-10-13 11:00:00,7,3,4
2020-10-13 12:00:00,15,7,8
2020-10-13 13:00:00,20,12,8
2020-10-13 14:00:00,24,21,3
2020-10-13 15:00:00,18,13,5
2020-10-13 16:00:00,36,23,13
2020-10-13 17:00:00,34,21,13
2020-10-13 18:00:00,21,13,8
2020-10-13 19:00:00,19,10,9
2020-10-13 20:00:00,11,5,6
2020-10-13 21:00:00,6,4,2
2020-10-13 22:00:00,7,3,4
2020-10-13 23:00:00,8,4,4
2020-10-14 00:00:00,1,0,1
2020-10-14 01:00:00,0,0,0
2020-10-14 02:00:00,1,1,0
2020-10-14 03:00:00,1,1,0
2020-10-14 04:00:00,1,1,0
2020-10-14 05:00:00,12,5,7
2020-10-14 06:00:00,18,6,12
2020-10-14 07:00:00,41,19,22
2020-10-14 08:00:00,40,11,29
2020-10-14 09:00:00,22,8,14
2020-10-14 10:00:00,17,6,11
2020-10-14 11:00:00,22,14,8
2020-10-14 12:00:00,28,11,17
2020-10-14 13:00:00,31,16,15
2020-10-14 14:00:00,38,24,14
2020-10-14 15:00:00,39,24,15
2020-10-14 16:00:00,51,33,18
2020-10-14 17:00:00,51,31,20
2020-10-14 18:00:00,38,17,21
2020-10-14 19:00:00,18,10,8
2020-10-14 20:00:00,6,4,2
2020-10-14 21:00:00,8,1,7
2020-10-14 22:00:00,5,2,3
2020-10-14 23:00:00,6,6,0
2020-10-15 00:00:00,2,0,2
2020-10-15 01:00:00,1,0,1
2020-10-15 02:00:00,0,0,0
2020-10-15 03:00:00,1,0,1
2020-10-15 04:00:00,1,1,0
2020-10-15 05:00:00,7,5,2
2020-10-15 06:00:00,23,7,16
2020-10-15 07:00:00,41,18,23
2020-10-15 08:00:00,27,8,19
2020-10-15 09:00:00,33,14,19
2020-10-15 10:00:00,17,11,6
2020-10-15 11:00:00,16,9,7
2020-10-15 12:00:00,29,12,17
2020-10-15 13:00:00,21,11,10
2020-10-15 14:00:00,29,21,8
2020-10-15 15:00:00,52,34,18
2020-10-15 16:00:00,52,29,23
2020-10-15 17:00:00,64,36,28
2020-10-15 18:00:00,39,23,16
2020-10-15 19:00:00,17,7,10
2020-10-15 20:00:00,8,3,5
2020-10-15 21:00:00,17,9,8
2020-10-15 22:00:00,5,4,1
2020-10-15 23:00:00,7,4,3
2020-10-16 00:00:00,2,2,0
2020-10-16 01:00:00,0,0,0
2020-10-16 02:00:00,2,2,0
2020-10-16 03:00:00,0,0,0
2020-10-16 04:00:00,0,0,0
2020-10-16 05:00:00,10,7,3
2020-10-16 06:00:00,21,7,14
2020-10-16 07:00:00,22,9,13
2020-10-16 08:00:00,28,9,19
2020-10-16 09:00:00,19,8,11
2020-10-16 10:00:00,18,7,11
2020-10-16 11:00:00,16,4,12
2020-10-16 12:00:00,25,11,14
2020-10-16 13:00:00,30,20,10
2020-10-16 14:00:00,30,19,11
2020-10-16 15:00:00,29,16,13
2020-10-16 16:00:00,43,24,19
2020-10-16 17:00:00,50,29,21
2020-10-16 18:00:00,29,18,11
2020-10-16 19:00:00,11,6,5
2020-10-16 20:00:00,13,5,8
2020-10-16 21:00:00,5,3,2
2020-10-16 22:00:00,6,3,3
2020-10-16 23:00:00,7,1,6
2020-10-17 00:00:00,0,0,0
2020-10-17 01:00:00,0,0,0
2020-10-17 02:00:00,1,1,0
2020-10-17 03:00:00,0,0,0
2020-10-17 04:00:00,0,0,0
2020-10-17 05:00:00,3,3,0
2020-10-17 06:00:00,1,0,1
2020-10-17 07:00:00,6,3,3
2020-10-17 08:00:00,12,6,6
2020-10-17 09:00:00,18,11,7
2020-10-17 10:00:00,28,21,7
2020-10-17 11:00:00,28,21,7
2020-10-17 12:00:00,32,18,14
2020-10-17 13:00:00,33,27,6
2020-10-17 14:00:00,34,12,22
2020-10-17 15:00:00,43,31,12
2020-10-17 16:00:00,42,13,29
2020-10-17 17:00:00,38,8,30
2020-10-17 18:00:00,16,7,9
2020-10-17 19:00:00,22,9,13
2020-10-17 20:00:00,7,3,4
2020-10-17 21:00:00,6,4,2
2020-10-17 22:00:00,4,3,1
2020-10-17 23:00:00,7,3,4
2020-10-18 00:00:00,4,2,2
2020-10-18 01:00:00,0,0,0
2020-10-18 02:00:00,1,0,1
2020-10-18 03:00:00,0,0,0
2020-10-18 04:00:00,1,1,0
2020-10-18 05:00:00,2,0,2
2020-10-18 06:00:00,1,1,0
2020-10-18 07:00:00,4,2,2
2020-10-18 08:00:00,2,1,1
2020-10-18 09:00:00,9,1,8
2020-10-18 10:00:00,5,2,3
2020-10-18 11:00:00,12,5,7
2020-10-18 12:00:00,11,6,5
2020-10-18 13:00:00,12,6,6
2020-10-18 14:00:00,18,11,7
2020-10-18 15:00:00,14,9,5
2020-10-18 16:00:00,15,7,8
2020-10-18 17:00:00,19,12,7
2020-10-18 18:00:00,6,5,1
2020-10-18 19:00:00,9,6,3
2020-10-18 20:00:00,1,1,0
2020-10-18 21:00:00,9,3,6
2020-10-18 22:00:00,8,3,5
2020-10-18 23:00:00,2,1,1
2020-10-19 00:00:00,4,4,0
2020-10-19 01:00:00,0,0,0
2020-10-19 02:00:00,1,0,1
2020-10-19 03:00:00,0,0,0
2020-10-19 04:00:00,2,2,0
2020-10-19 05:00:00,5,2,3
2020-10-19 06:00:00,19,4,15
2020-10-19 07:00:00,29,10,19
2020-10-19 08:00:00,37,14,23
2020-10-19 09:00:00,27,11,16
2020-10-19 10:00:00,17,8,9
2020-10-19 11:00:00,16,10,6
2020-10-19 12:00:00,25,12,13
2020-10-19 13:00:00,14,8,6
2020-10-19 14:00:00,34,22,12
2020-10-19 15:00:00,24,12,12
2020-10-19 16:00:00,43,24,19
2020-10-19 17:00:00,38,22,16
2020-10-19 18:00:00,19,9,10
2020-10-19 19:00:00,12,5,7
2020-10-19 20:00:00,3,0,3
2020-10-19 21:00:00,2,0,2
2020-10-19 22:00:00,3,1,2
2020-10-19 23:00:00,1,1,0
2020-10-20 00:00:00,0,0,0
2020-10-20 01:00:00,1,0,1
2020-10-20 02:00:00,0,0,0
2020-10-20 03:00:00,0,0,0
2020-10-20 04:00:00,0,0,0
2020-10-20 05:00:00,10,4,6
2020-10-20 06:00:00,21,6,15
2020-10-20 07:00:00,30,15,15
2020-10-20 08:00:00,35,11,24
2020-10-20 09:00:00,18,7,11
2020-10-20 10:00:00,13,5,8
2020-10-20 11:00:00,16,5,11
2020-10-20 12:00:00,18,11,7
2020-10-20 13:00:00,18,9,9
2020-10-20 14:00:00,29,16,13
2020-10-20 15:00:00,35,22,13
2020-10-20 16:00:00,52,30,22
2020-10-20 17:00:00,69,30,39
2020-10-20 18:00:00,30,17,13
2020-10-20 19:00:00,23,12,11
2020-10-20 20:00:00,4,0,4
2020-10-20 21:00:00,3,2,1
2020-10-20 22:00:00,2,0,2
2020-10-20 23:00:00,9,2,7
2020-10-21 00:00:00,1,0,1
2020-10-21 01:00:00,2,1,1
2020-10-21 02:00:00,0,0,0
2020-10-21 03:00:00,0,0,0
2020-10-21 04:00:00,0,0,0
2020-10-21 05:00:00,6,2,4
2020-10-21 06:00:00,21,10,11
2020-10-21 07:00:00,33,12,21
2020-10-21 08:00:00,27,11,16
2020-10-21 09:00:00,16,5,11
2020-10-21 10:00:00,12,5,7
2020-10-21 11:00:00,14,10,4
2020-10-21 12:00:00,11,7,4
2020-10-21 13:00:00,20,13,7
2020-10-21 14:00:00,27,19,8
2020-10-21 15:00:00,24,16,8
2020-10-21 16:00:00,47,31,16
2020-10-21 17:00:00,47,26,21
2020-10-21 18:00:00,29,13,16
2020-10-21 19:00:00,8,3,5
2020-10-21 20:00:00,3,2,1
2020-10-21 21:00:00,2,0,2
2020-10-21 22:00:00,2,0,2
2020-10-21 23:00:00,6,2,4
2020-10-22 00:00:00,1,0,1
2020-10-22 01:00:00,0,0,0
2020-10-22 02:00:00,2,1,1
2020-10-22 03:00:00,0,0,0
2020-10-22 04:00:00,1,1,0
2020-10-22 05:00:00,9,3,6
2020-10-22 06:00:00,15,6,9
2020-10-22 07:00:00,35,15,20
2020-10-22 08:00:00,23,12,11
2020-10-22 09:00:00,12,3,9
2020-10-22 10:00:00,21,12,9
2020-10-22 11:00:00,21,11,10
2020-10-22 12:00:00,21,10,11
2020-10-22 13:00:00,15,9,6
2020-10-22 14:00:00,32,19,13
2020-10-22 15:00:00,49,33,16
2020-10-22 16:00:00,50,36,14
2020-10-22 17:00:00,61,31,30
2020-10-22 18:00:00,27,16,11
2020-10-22 19:00:00,22,9,13
2020-10-22 20:00:00,13,9,4
2020-10-22 21:00:00,6,3,3
2020-10-22 22:00:00,6,1,5
2020-10-22 23:00:00,3,1,2
2020-10-23 00:00:00,1,0,1
2020-10-23 01:00:00,2,1,1
2020-10-23 02:00:00,2,2,0
2020-10-23 03:00:00,0,0,0
2020-10-23 04:00:00,1,0,1
2020-10-23 05:00:00,4,2,2
2020-10-23 06:00:00,20,5,15
2020-10-23 07:00:00,23,6,17
2020-10-23 08:00:00,22,10,12
2020-10-23 09:00:00,12,6,6
2020-10-23 10:00:00,8,5,3
2020-10-23 11:00:00,9,4,5
2020-10-23 12:00:00,9,3,6
2020-10-23 13:00:00,19,12,7
2020-10-23 14:00:00,23,17,6
2020-10-23 15:00:00,27,21,6
2020-10-23 16:00:00,38,23,15
2020-10-23 17:00:00,27,11,16
2020-10-23 18:00:00,17,8,9
2020-10-23 19:00:00,6,5,1
2020-10-23 20:00:00,6,5,1
2020-10-23 21:00:00,6,1,5
2020-10-23 22:00:00,2,1,1
2020-10-23 23:00:00,4,1,3
2020-10-24 00:00:00,1,0,1
2020-10-24 01:00:00,1,0,1
2020-10-24 02:00:00,1,1,0
2020-10-24 03:00:00,1,0,1
2020-10-24 04:00:00,1,0,1
2020-10-24 05:00:00,2,1,1
2020-10-24 06:00:00,3,1,2
2020-10-24 07:00:00,4,2,2
2020-10-24 08:00:00,4,0,4
2020-10-24 09:00:00,17,13,4
2020-10-24 10:00:00,16,12,4
2020-10-24 11:00:00,31,18,13
2020-10-24 12:00:00,25,21,4
2020-10-24 13:00:00,39,18,21
2020-10-24 14:00:00,42,21,21
2020-10-24 15:00:00,32,20,12
2020-10-24 16:00:00,32,14,18
2020-10-24 17:00:00,40,11,29
2020-10-24 18:00:00,24,9,15
2020-10-24 19:00:00,17,6,11
2020-10-24 20:00:00,7,2,5
2020-10-24 21:00:00,3,2,1
2020-10-24 22:00:00,4,3,1
2020-10-24 23:00:00,4,0,4
2020-10-25 00:00:00,5,2,3
2020-10-25 01:00:00,1,1,0
2020-10-25 02:00:00,0,0,0
2020-10-25 03:00:00,0,0,0
2020-10-25 04:00:00,0,0,0
2020-10-25 05:00:00,0,0,0
2020-10-25 06:00:00,1,0,1
2020-10-25 07:00:00,7,1,6
2020-10-25 08:00:00,3,0,3
2020-10-25 09:00:00,15,5,10
2020-10-25 10:00:00,16,10,6
2020-10-25 11:00:00,20,13,7
2020-10-25 12:00:00,25,14,11
2020-10-25 13:00:00,15,7,8
2020-10-25 14:00:00,36,18,18
2020-10-25 15:00:00,26,12,14
2020-10-25 16:00:00,19,8,11
2020-10-25 17:00:00,15,5,10
2020-10-25 18:00:00,20,5,15
2020-10-25 19:00:00,11,5,6
2020-10-25 20:00:00,1,0,1
2020-10-25 21:00:00,6,6,0
2020-10-25 22:00:00,4,1,3
2020-10-25 23:00:00,1,0,1
2020-10-26 00:00:00,4,3,1
2020-10-26 01:00:00,0,0,0
2020-10-26 02:00:00,0,0,0
2020-10-26 03:00:00,0,0,0
2020-10-26 04:00:00,1,1,0
2020-10-26 05:00:00,11,5,6
2020-10-26 06:00:00,11,3,8
2020-10-26 07:00:00,29,6,23
2020-10-26 08:00:00,22,7,15
2020-10-26 09:00:00,16,5,11
2020-10-26 10:00:00,5,3,2
2020-10-26 11:00:00,18,9,9
2020-10-26 12:00:00,16,8,8
2020-10-26 13:00:00,20,9,11
2020-10-26 14:00:00,19,13,6
2020-10-26 15:00:00,21,16,5
2020-10-26 16:00:00,44,28,16
2020-10-26 17:00:00,49,28,21
2020-10-26 18:00:00,21,11,10
2020-10-26 19:00:00,14,5,9
2020-10-26 20:00:00,3,1,2
2020-10-26 21:00:00,11,6,5
2020-10-26 22:00:00,5,4,1
2020-10-26 23:00:00,3,3,0
2020-10-27 00:00:00,3,2,1
2020-10-27 01:00:00,1,0,1
2020-10-27 02:00:00,1,1,0
2020-10-27 03:00:00,0,0,0
2020-10-27 04:00:00,2,1,1
2020-10-27 05:00:00,13,4,9
2020-10-27 06:00:00,19,5,14
2020-10-27 07:00:00,37,11,26
2020-10-27 08:00:00,33,12,21
2020-10-27 09:00:00,12,3,9
2020-10-27 10:00:00,20,11,9
2020-10-27 11:00:00,22,11,11
2020-10-27 12:00:00,15,7,8
2020-10-27 13:00:00,23,10,13
2020-10-27 14:00:00,34,22,12
2020-10-27 15:00:00,35,19,16
2020-10-27 16:00:00,53,40,13
2020-10-27 17:00:00,54,29,25
2020-10-27 18:00:00,33,23,10
2020-10-27 19:00:00,8,3,5
2020-10-27 20:00:00,8,3,5
2020-10-27 21:00:00,1,0,1
2020-10-27 22:00:00,6,1,5
2020-10-27 23:00:00,4,1,3
2020-10-28 00:00:00,0,0,0
2020-10-28 01:00:00,2,1,1
2020-10-28 02:00:00,0,0,0
2020-10-28 03:00:00,0,0,0
2020-10-28 04:00:00,2,2,0
2020-10-28 05:00:00,11,5,6
2020-10-28 06:00:00,21,5,16
2020-10-28 07:00:00,34,15,19
2020-10-28 08:00:00,45,17,28
2020-10-28 09:00:00,33,12,21
2020-10-28 10:00:00,16,9,7
2020-10-28 11:00:00,17,7,10
2020-10-28 12:00:00,25,12,13
2020-10-28 13:00:00,24,15,9
2020-10-28 14:00:00,29,24,5
2020-10-28 15:00:00,36,22,14
2020-10-28 16:00:00,53,35,18
2020-10-28 17:00:00,50,29,21
2020-10-28 18:00:00,42,16,26
2020-10-28 19:00:00,18,7,11
2020-10-28 20:00:00,5,3,2
2020-10-28 21:00:00,7,4,3
2020-10-28 22:00:00,4,1,3
2020-10-28 23:00:00,3,1,2
2020-10-29 00:00:00,1,0,1
2020-10-29 01:00:00,0,0,0
2020-10-29 02:00:00,0,0,0
2020-10-29 03:00:00,2,1,1
2020-10-29 04:00:00,1,0,1
2020-10-29 05:00:00,14,3,11
2020-10-29 06:00:00,20,7,13
2020-10-29 07:00:00,35,14,21
2020-10-29 08:00:00,29,14,15
2020-10-29 09:00:00,22,8,14
2020-10-29 10:00:00,21,13,8
2020-10-29 11:00:00,18,6,12
2020-10-29 12:00:00,23,11,12
2020-10-29 13:00:00,16,4,12
2020-10-29 14:00:00,30,20,10
2020-10-29 15:00:00,36,26,10
2020-10-29 16:00:00,49,34,15
2020-10-29 17:00:00,73,42,31
2020-10-29 18:00:00,32,17,15
2020-10-29 19:00:00,24,8,16
2020-10-29 20:00:00,7,5,2
2020-10-29 21:00:00,13,6,7
2020-10-29 22:00:00,8,2,6
2020-10-29 23:00:00,1,0,1
2020-10-30 00:00:00,0,0,0
2020-10-30 01:00:00,0,0,0
2020-10-30 02:00:00,1,0,1
2020-10-30 03:00:00,0,0,0
2020-10-30 04:00:00,0,0,0
2020-10-30 05:00:00,12,6,6
2020-10-30 06:00:00,15,5,10
2020-10-30 07:00:00,29,10,19
2020-10-30 08:00:00,27,10,17
2020-10-30 09:00:00,17,9,8
2020-10-30 10:00:00,19,7,12
2020-10-30 11:00:00,15,7,8
2020-10-30 12:00:00,20,13,7
2020-10-30 13:00:00,24,16,8
2020-10-30 14:00:00,31,23,8
2020-10-30 15:00:00,38,25,13
2020-10-30 16:00:00,51,33,18
2020-10-30 17:00:00,52,30,22
2020-10-30 18:00:00,37,17,20
2020-10-30 19:00:00,17,13,4
2020-10-30 20:00:00,14,5,9
2020-10-30 21:00:00,11,8,3
2020-10-30 22:00:00,5,2,3
2020-10-30 23:00:00,7,4,3
2020-10-31 00:00:00,3,1,2
2020-10-31 01:00:00,3,2,1
2020-10-31 02:00:00,0,0,0
2020-10-31 03:00:00,0,0,0
2020-10-31 04:00:00,0,0,0
2020-10-31 05:00:00,4,1,3
2020-10-31 06:00:00,3,3,0
2020-10-31 07:00:00,4,3,1
2020-10-31 08:00:00,13,6,7
2020-10-31 09:00:00,15,11,4
2020-10-31 10:00:00,13,8,5
2020-10-31 11:00:00,35,27,8
2020-10-31 12:00:00,34,23,11
2020-10-31 13:00:00,46,24,22
2020-10-31 14:00:00,42,19,23
2020-10-31 15:00:00,24,11,13
2020-10-31 16:00:00,44,18,26
2020-10-31 17:00:00,23,13,10
2020-10-31 18:00:00,22,12,10
2020-10-31 19:00:00,7,4,3
2020-10-31 20:00:00,5,2,3
2020-10-31 21:00:00,4,1,3
2020-10-31 22:00:00,5,2,3
2020-10-31 23:00:00,4,1,3
2020-10-01 00:00:00,1,1,0
2020-10-01 01:00:00,1,1,0
2020-10-01 02:00:00,1,1,0
2020-10-01 03:00:00,1,1,0
2020-10-01 04:00:00,2,1,1
2020-10-01 05:00:00,13,10,3
2020-10-01 06:00:00,20,11,9
2020-10-01 07:00:00,43,26,17
2020-10-01 08:00:00,35,21,14
2020-10-01 09:00:00,27,19,8
2020-10-01 10:00:00,22,11,11
2020-10-01 11:00:00,21,7,14
2020-10-01 12:00:00,25,16,9
2020-10-01 13:00:00,26,12,14
2020-10-01 14:00:00,34,10,24
2020-10-01 15:00:00,45,17,28
2020-10-01 16:00:00,52,20,32
2020-10-01 17:00:00,67,27,40
2020-10-01 18:00:00,35,14,21
2020-10-01 19:00:00,22,10,12
2020-10-01 20:00:00,5,4,1
2020-10-01 21:00:00,4,2,2
2020-10-01 22:00:00,8,6,2
2020-10-01 23:00:00,4,3,1
2020-10-02 00:00:00,3,1,2
2020-10-02 01:00:00,0,0,0
2020-10-02 02:00:00,0,0,0
2020-10-02 03:00:00,0,0,0
2020-10-02 04:00:00,0,0,0
2020-10-02 05:00:00,11,4,7
2020-10-02 06:00:00,25,18,7
2020-10-02 07:00:00,29,14,15
2020-10-02 08:00:00,35,23,12
2020-10-02 09:00:00,23,11,12
2020-10-02 10:00:00,18,6,12
2020-10-02 11:00:00,19,9,10
2020-10-02 12:00:00,26,14,12
2020-10-02 13:00:00,40,12,28
2020-10-02 14:00:00,46,22,24
2020-10-02 15:00:00,45,20,25
2020-10-02 16:00:00,53,19,34
2020-10-02 17:00:00,66,30,36
2020-10-02 18:00:00,42,13,29
2020-10-02 19:00:00,24,10,14
2020-10-02 20:00:00,16,10,6
2020-10-02 21:00:00,15,12,3
2020-10-02 22:00:00,9,5,4
2020-10-02 23:00:00,12,8,4
2020-10-03 00:00:00,1,1,0
2020-10-03 01:00:00,4,1,3
2020-10-03 02:00:00,1,1,0
2020-10-03 03:00:00,0,0,0
2020-10-03 04:00:00,3,1,2
2020-10-03 05:00:00,1,0,1
2020-10-03 06:00:00,6,4,2
2020-10-03 07:00:00,6,2,4
2020-10-03 08:00:00,15,5,10
2020-10-03 09:00:00,25,10,15
2020-10-03 10:00:00,22,8,14
2020-10-03 11:00:00,20,9,11
2020-10-03 12:00:00,36,22,14
2020-10-03 13:00:00,47,23,24
2020-10-03 14:00:00,35,15,20
2020-10-03 15:00:00,44,18,26
2020-10-03 16:00:00,23,12,11
2020-10-03 17:00:00,35,20,15
2020-10-03 18:00:00,25,12,13
2020-10-03 19:00:00,15,8,7
2020-10-03 20:00:00,12,5,7
2020-10-03 21:00:00,6,3,3
2020-10-03 22:00:00,10,6,4
2020-10-03 23:00:00,2,2,0
2020-10-04 00:00:00,2,1,1
2020-10-04 01:00:00,2,0,2
2020-10-04 02:00:00,3,2,1
2020-10-04 03:00:00,0,0,0
2020-10-04 04:00:00,1,1,0
2020-10-04 05:00:00,0,0,0
2020-10-04 06:00:00,3,2,1
2020-10-04 07:00:00,6,4,2
2020-10-04 08:00:00,4,3,1
2020-10-04 09:00:00,7,5,2
2020-10-04 10:00:00,18,10,8
2020-10-04 11:00:00,27,16,11
2020-10-04 12:00:00,30,17,13
2020-10-04 13:00:00,33,12,21
2020-10-04 14:00:00,39,14,25
2020-10-04 15:00:00,27,19,8
2020-10-04 16:00:00,30,8,22
2020-10-04 17:00:00,21,12,9
2020-10-04 18:00:00,20,13,7
2020-10-04 19:00:00,13,7,6
2020-10-04 20:00:00,12,8,4
2020-10-04 21:00:00,6,3,3
2020-10-04 22:00:00,3,1,2
2020-10-04 23:00:00,4,1,3
2020-10-05 00:00:00,2,2,0
2020-10-05 01:00:00,2,0,2
2020-10-05 02:00:00,0,0,0
2020-10-05 03:00:00,0,0,0
2020-10-05 04:00:00,1,0,1
2020-10-05 05:00:00,9,5,4
2020-10-05 06:00:00,19,15,4
2020-10-05 07:00:00,37,25,12
2020-10-05 08:00:00,44,28,16
2020-10-05 09:00:00,20,13,7
2020-10-05 10:00:00,11,6,5
2020-10-05 11:00:00,16,10,6
2020-10-05 12:00:00,20,10,10
2020-10-05 13:00:00,21,8,13
2020-10-05 14:00:00,32,8,24
2020-10-05 15:00:00,40,13,27
2020-10-05 16:00:00,51,23,28
2020-10-05 17:00:00,69,31,38
2020-10-05 18:00:00,42,16,26
2020-10-05 19:00:00,14,7,7
2020-10-05 20:00:00,10,8,2
2020-10-05 21:00:00,5,2,3
2020-10-05 22:00:00,1,0,1
2020-10-05 23:00:00,2,2,0
2020-10-06 00:00:00,1,1,0
2020-10-06 01:00:00,2,2,0
2020-10-06 02:00:00,0,0,0
2020-10-06 03:00:00,0,0,0
2020-10-06 04:00:00,0,0,0
2020-10-06 05:00:00,10,6,4
2020-10-06 06:00:00,28,20,8
2020-10-06 07:00:00,51,32,19
2020-10-06 08:00:00,36,23,13
2020-10-06 09:00:00,29,16,13
2020-10-06 10:00:00,9,4,5
2020-10-06 11:00:00,23,9,14
2020-10-06 12:00:00,24,17,7
2020-10-06 13:00:00,28,10,18
2020-10-06 14:00:00,29,14,15
2020-10-06 15:00:00,36,15,21
2020-10-06 16:00:00,65,19,46
2020-10-06 17:00:00,63,27,36
2020-10-06 18:00:00,35,15,20
2020-10-06 19:00:00,18,9,9
2020-10-06 20:00:00,19,12,7
2020-10-06 21:00:00,10,2,8
2020-10-06 22:00:00,8,7,1
2020-10-06 23:00:00,12,4,8
2020-10-07 00:00:00,1,1,0
2020-10-07 01:00:00,0,0,0
2020-10-07 02:00:00,0,0,0
2020-10-07 03:00:00,0,0,0
2020-10-07 04:00:00,3,2,1
2020-10-07 05:00:00,12,8,4
2020-10-07 06:00:00,19,13,6
2020-10-07 07:00:00,35,22,13
2020-10-07 08:00:00,43,26,17
2020-10-07 09:00:00,33,18,15
2020-10-07 10:00:00,14,6,8
2020-10-07 11:00:00,23,14,9
2020-10-07 12:00:00,28,14,14
2020-10-07 13:00:00,28,16,12
2020-10-07 14:00:00,47,14,33
2020-10-07 15:00:00,48,18,30
2020-10-07 16:00:00,46,16,30
2020-10-07 17:00:00,73,27,46
2020-10-07 18:00:00,28,11,17
2020-10-07 19:00:00,19,14,5
2020-10-07 20:00:00,14,6,8
2020-10-07 21:00:00,9,5,4
2020-10-07 22:00:00,6,5,1
2020-10-07 23:00:00,8,6,2
2020-10-08 00:00:00,5,2,3
2020-10-08 01:00:00,0,0,0
2020-10-08 02:00:00,1,0,1
2020-10-08 03:00:00,2,0,2
2020-10-08 04:00:00,1,1,0
2020-10-08 05:00:00,18,12,6
2020-10-08 06:00:00,22,16,6
2020-10-08 07:00:00,29,15,14
2020-10-08 08:00:00,35,21,14
2020-10-08 09:00:00,34,21,13
2020-10-08 10:00:00,17,7,10
2020-10-08 11:00:00,17,9,8
2020-10-08 12:00:00,27,11,16
2020-10-08 13:00:00,36,19,17
2020-10-08 14:00:00,32,13,19
2020-10-08 15:00:00,49,16,33
2020-10-08 16:00:00,46,17,29
2020-10-08 17:00:00,75,37,38
2020-10-08 18:00:00,43,18,25
2020-10-08 19:00:00,21,6,15
2020-10-08 20:00:00,19,13,6
2020-10-08 21:00:00,8,4,4
2020-10-08 22:00:00,7,3,4
2020-10-08 23:00:00,11,4,7
2020-10-09 00:00:00,1,0,1
2020-10-09 01:00:00,2,1,1
2020-10-09 02:00:00,0,0,0
2020-10-09 03:00:00,3,0,3
2020-10-09 04:00:00,0,0,0
2020-10-09 05:00:00,10,4,6
2020-10-09 06:00:00,20,14,6
2020-10-09 07:00:00,32,20,12
2020-10-09 08:00:00,28,13,15
2020-10-09 09:00:00,45,26,19
2020-10-09 10:00:00,23,14,9
2020-10-09 11:00:00,24,14,10
2020-10-09 12:00:00,32,10,22
2020-10-09 13:00:00,38,13,25
2020-10-09 14:00:00,52,21,31
2020-10-09 15:00:00,43,15,28
2020-10-09 16:00:00,64,24,40
2020-10-09 17:00:00,59,24,35
2020-10-09 18:00:00,28,13,15
2020-10-09 19:00:00,22,13,9
2020-10-09 20:00:00,9,7,2
2020-10-09 21:00:00,4,2,2
2020-10-09 22:00:00,2,1,1
2020-10-09 23:00:00,6,2,4
2020-10-10 00:00:00,1,1,0
2020-10-10 01:00:00,1,0,1
2020-10-10 02:00:00,0,0,0
2020-10-10 03:00:00,1,0,1
2020-10-10 04:00:00,0,0,0
2020-10-10 05:00:00,4,2,2
2020-10-10 06:00:00,2,2,0
2020-10-10 07:00:00,7,4,3
2020-10-10 08:00:00,8,2,6
2020-10-10 09:00:00,15,4,11
2020-10-10 10:00:00,6,1,5
2020-10-10 11:00:00,9,6,3
2020-10-10 12:00:00,20,10,10
2020-10-10 13:00:00,25,10,15
2020-10-10 14:00:00,33,11,22
2020-10-10 15:00:00,32,16,16
2020-10-10 16:00:00,35,12,23
2020-10-10 17:00:00,22,12,10
2020-10-10 18:00:00,19,8,11
2020-10-10 19:00:00,8,6,2
2020-10-10 20:00:00,10,7,3
2020-10-10 21:00:00,5,4,1
2020-10-10 22:00:00,3,3,0
2020-10-10 23:00:00,3,3,0
2020-10-11 00:00:00,2,1,1
2020-10-11 01:00:00,0,0,0
2020-10-11 02:00:00,0,0,0
2020-10-11 03:00:00,0,0,0
2020-10-11 04:00:00,0,0,0
2020-10-11 05:00:00,1,1,0
2020-10-11 06:00:00,2,1,1
2020-10-11 07:00:00,3,2,1
2020-10-11 08:00:00,9,2,7
2020-10-11 09:00:00,7,3,4
2020-10-11 10:00:00,6,3,3
2020-10-11 11:00:00,4,1,3
2020-10-11 12:00:00,8,6,2
2020-10-11 13:00:00,11,8,3
2020-10-11 14:00:00,10,5,5
2020-10-11 15:00:00,11,7,4
2020-10-11 16:00:00,9,5,4
2020-10-11 17:00:00,12,8,4
2020-10-11 18:00:00,3,1,2
2020-10-11 19:00:00,7,5,2
2020-10-11 20:00:00,1,1,0
2020-10-11 21:00:00,3,0,3
2020-10-11 22:00:00,1,0,1
2020-10-11 23:00:00,2,1,1
2020-10-12 00:00:00,0,0,0
2020-10-12 01:00:00,1,0,1
2020-10-12 02:00:00,1,1,0
2020-10-12 03:00:00,3,2,1
2020-10-12 04:00:00,1,1,0
2020-10-12 05:00:00,6,3,3
2020-10-12 06:00:00,16,15,1
2020-10-12 07:00:00,26,20,6
2020-10-12 08:00:00,25,16,9
2020-10-12 09:00:00,26,16,10
2020-10-12 10:00:00,10,4,6
2020-10-12 11:00:00,15,7,8
2020-10-12 12:00:00,28,14,14
2020-10-12 13:00:00,26,11,15
2020-10-12 14:00:00,31,16,15
2020-10-12 15:00:00,30,7,23
2020-10-12 16:00:00,48,14,34
2020-10-12 17:00:00,47,19,28
2020-10-12 18:00:00,37,13,24
2020-10-12 19:00:00,11,5,6
2020-10-12 20:00:00,11,5,6
2020-10-12 21:00:00,3,2,1
2020-10-12 22:00:00,6,2,4
2020-10-12 23:00:00,0,0,0
2020-10-13 00:00:00,1,0,1
2020-10-13 01:00:00,2,1,1
2020-10-13 02:00:00,1,0,1
2020-10-13 03:00:00,2,0,2
2020-10-13 04:00:00,0,0,0
2020-10-13 05:00:00,7,4,3
2020-10-13 06:00:00,13,10,3
2020-10-13 07:00:00,23,14,9
2020-10-13 08:00:00,22,15,7
2020-10-13 09:00:00,13,8,5
2020-10-13 10:00:00,9,4,5
2020-10-13 11:00:00,7,4,3
2020-10-13 12:00:00,15,8,7
2020-10-13 13:00:00,20,8,12
2020-10-13 14:00:00,24,3,21
2020-10-13 15:00:00,18,5,13
2020-10-13 16:00:00,36,13,23
2020-10-13 17:00:00,34,13,21
2020-10-13 18:00:00,21,8,13
2020-10-13 19:00:00,19,9,10
2020-10-13 20:00:00,11,6,5
2020-10-13 21:00:00,6,2,4
2020-10-13 22:00:00,7,4,3
2020-10-13 23:00:00,8,4,4
2020-10-14 00:00:00,1,1,0
2020-10-14 01:00:00,0,0,0
2020-10-14 02:00:00,1,0,1
2020-10-14 03:00:00,1,0,1
2020-10-14 04:00:00,1,0,1
2020-10-14 05:00:00,12,7,5
2020-10-14 06:00:00,18,12,6
2020-10-14 07:00:00,41,22,19
2020-10-14 08:00:00,40,29,11
2020-10-14 09:00:00,22,14,8
2020-10-14 10:00:00,17,11,6
2020-10-14 11:00:00,22,8,14
2020-10-14 12:00:00,28,17,11
2020-10-14 13:00:00,31,15,16
2020-10-14 14:00:00,38,14,24
2020-10-14 15:00:00,39,15,24
2020-10-14 16:00:00,51,18,33
2020-10-14 17:00:00,51,20,31
2020-10-14 18:00:00,38,21,17
2020-10-14 19:00:00,18,8,10
2020-10-14 20:00:00,6,2,4
2020-10-14 21:00:00,8,7,1
2020-10-14 22:00:00,5,3,2
2020-10-14 23:00:00,6,0,6
2020-10-15 00:00:00,2,2,0
2020-10-15 01:00:00,1,1,0
2020-10-15 02:00:00,0,0,0
2020-10-15 03:00:00,1,1,0
2020-10-15 04:00:00,1,0,1
2020-10-15 05:00:00,7,2,5
2020-10-15 06:00:00,23,16,7
2020-10-15 07:00:00,41,23,18
2020-10-15 08:00:00,27,19,8
2020-10-15 09:00:00,33,19,14
2020-10-15 10:00:00,17,6,11
2020-10-15 11:00:00,16,7,9
2020-10-15 12:00:00,29,17,12
2020-10-15 13:00:00,21,10,11
2020-10-15 14:00:00,29,8,21
2020-10-15 15:00:00,52,18,34
2020-10-15 16:00:00,52,23,29
2020-10-15 17:00:00,64,28,36
2020-10-15 18:00:00,39,16,23
2020-10-15 19:00:00,17,10,7
2020-10-15 20:00:00,8,5,3
2020-10-15 21:00:00,17,8,9
2020-10-15 22:00:00,5,1,4
2020-10-15 23:00:00,7,3,4
2020-10-16 00:00:00,2,0,2
2020-10-16 01:00:00,0,0,0
2020-10-16 02:00:00,2,0,2
2020-10-16 03:00:00,0,0,0
2020-10-16 04:00:00,0,0,0
2020-10-16 05:00:00,10,3,7
2020-10-16 06:00:00,21,14,7
2020-10-16 07:00:00,22,13,9
2020-10-16 08:00:00,28,19,9
2020-10-16 09:00:00,19,11,8
2020-10-16 10:00:00,18,11,7
2020-10-16 11:00:00,16,12,4
2020-10-16 12:00:00,25,14,11
2020-10-16 13:00:00,30,10,20
2020-10-16 14:00:00,30,11,19
2020-10-16 15:00:00,29,13,16
2020-10-16 16:00:00,43,19,24
2020-10-16 17:00:00,50,21,29
2020-10-16 18:00:00,29,11,18
2020-10-16 19:00:00,11,5,6
2020-10-16 20:00:00,13,8,5
2020-10-16 21:00:00,5,2,3
2020-10-16 22:00:00,6,3,3
2020-10-16 23:00:00,7,6,1
2020-10-17 00:00:00,0,0,0
2020-10-17 01:00:00,0,0,0
2020-10-17 02:00:00,1,0,1
2020-10-17 03:00:00,0,0,0
2020-10-17 04:00:00,0,0,0
2020-10-17 05:00:00,3,0,3
2020-10-17 06:00:00,1,1,0
2020-10-17 07:00:00,6,3,3
2020-10-17 08:00:00,12,6,6
2020-10-17 09:00:00,18,7,11
2020-10-17 10:00:00,28,7,21
2020-10-17 11:00:00,28,7,21
2020-10-17 12:00:00,32,14,18
2020-10-17 13:00:00,33,6,27
2020-10-17 14:00:00,34,22,12
2020-10-17 15:00:00,43,12,31
2020-10-17 16:00:00,42,29,13
2020-10-17 17:00:00,38,30,8
2020-10-17 18:00:00,16,9,7
2020-10-17 19:00:00,22,13,9
2020-10-17 20:00:00,7,4,3
2020-10-17 21:00:00,6,2,4
2020-10-17 22:00:00,4,1,3
2020-10-17 23:00:00,7,4,3
2020-10-18 00:00:00,4,2,2
2020-10-18 01:00:00,0,0,0
2020-10-18 02:00:00,1,1,0
2020-10-18 03:00:00,0,0,0
2020-10-18 04:00:00,1,0,1
2020-10-18 05:00:00,2,2,0
2020-10-18 06:00:00,1,0,1
2020-10-18 07:00:00,4,2,2
2020-10-18 08:00:00,2,1,1
2020-10-18 09:00:00,9,8,1
2020-10-18 10:00:00,5,3,2
2020-10-18 11:00:00,12,7,5
2020-10-18 12:00:00,11,5,6
2020-10-18 13:00:00,12,6,6
2020-10-18 14:00:00,18,7,11
2020-10-18 15:00:00,14,5,9
2020-10-18 16:00:00,15,8,7
2020-10-18 17:00:00,19,7,12
2020-10-18 18:00:00,6,1,5
2020-10-18 19:00:00,9,3,6
2020-10-18 20:00:00,1,0,1
2020-10-18 21:00:00,9,6,3
2020-10-18 22:00:00,8,5,3
2020-10-18 23:00:00,2,1,1
2020-10-19 00:00:00,4,0,4
2020-10-19 01:00:00,0,0,0
2020-10-19 02:00:00,1,1,0
2020-10-19 03:00:00,0,0,0
2020-10-19 04:00:00,2,0,2
2020-10-19 05:00:00,5,3,2
2020-10-19 06:00:00,19,15,4
2020-10-19 07:00:00,29,19,10
2020-10-19 08:00:00,37,23,14
2020-10-19 09:00:00,27,16,11
2020-10-19 10:00:00,17,9,8
2020-10-19 11:00:00,16,6,10
2020-10-19 12:00:00,25,13,12
2020-10-19 13:00:00,14,6,8
2020-10-19 14:00:00,34,12,22
2020-10-19 15:00:00,24,12,12
2020-10-19 16:00:00,43,19,24
2020-10-19 17:00:00,38,16,22
2020-10-19 18:00:00,19,10,9
2020-10-19 19:00:00,12,7,5
2020-10-19 20:00:00,3,3,0
2020-10-19 21:00:00,2,2,0
2020-10-19 22:00:00,3,2,1
2020-10-19 23:00:00,1,0,1
2020-10-20 00:00:00,0,0,0
2020-10-20 01:00:00,1,1,0
2020-10-20 02:00:00,0,0,0
2020-10-20 03:00:00,0,0,0
2020-10-20 04:00:00,0,0,0
2020-10-20 05:00:00,10,6,4
2020-10-20 06:00:00,21,15,6
2020-10-20 07:00:00,30,15,15
2020-10-20 08:00:00,35,24,11
2020-10-20 09:00:00,18,11,7
2020-10-20 10:00:00,13,8,5
2020-10-20 11:00:00,16,11,5
2020-10-20 12:00:00,18,7,11
2020-10-20 13:00:00,18,9,9
2020-10-20 14:00:00,29,13,16
2020-10-20 15:00:00,35,13,22
2020-10-20 16:00:00,52,22,30
2020-10-20 17:00:00,69,39,30
2020-10-20 18:00:00,30,13,17
2020-10-20 19:00:00,23,11,12
2020-10-20 20:00:00,4,4,0
2020-10-20 21:00:00,3,1,2
2020-10-20 22:00:00,2,2,0
2020-10-20 23:00:00,9,7,2
2020-10-21 00:00:00,1,1,0
2020-10-21 01:00:00,2,1,1
2020-10-21 02:00:00,0,0,0
2020-10-21 03:00:00,0,0,0
2020-10-21 04:00:00,0,0,0
2020-10-21 05:00:00,6,4,2
2020-10-21 06:00:00,21,11,10
2020-10-21 07:00:00,33,21,12
2020-10-21 08:00:00,27,16,11
2020-10-21 09:00:00,16,11,5
2020-10-21 10:00:00,12,7,5
2020-10-21 11:00:00,14,4,10
2020-10-21 12:00:00,11,4,7
2020-10-21 13:00:00,20,7,13
2020-10-21 14:00:00,27,8,19
2020-10-21 15:00:00,24,8,16
2020-10-21 16:00:00,47,16,31
2020-10-21 17:00:00,47,21,26
2020-10-21 18:00:00,29,16,13
2020-10-21 19:00:00,8,5,3
2020-10-21 20:00:00,3,1,2
2020-10-21 21:00:00,2,2,0
2020-10-21 22:00:00,2,2,0
2020-10-21 23:00:00,6,4,2
2020-10-22 00:00:00,1,1,0
2020-10-22 01:00:00,0,0,0
2020-10-22 02:00:00,2,1,1
2020-10-22 03:00:00,0,0,0
2020-10-22 04:00:00,1,0,1
2020-10-22 05:00:00,9,6,3
2020-10-22 06:00:00,15,9,6
2020-10-22 07:00:00,35,20,15
2020-10-22 08:00:00,23,11,12
2020-10-22 09:00:00,12,9,3
2020-10-22 10:00:00,21,9,12
2020-10-22 11:00:00,21,10,11
2020-10-22 12:00:00,21,11,10
2020-10-22 13:00:00,15,6,9
2020-10-22 14:00:00,32,13,19
2020-10-22 15:00:00,49,16,33
2020-10-22 16:00:00,50,14,36
2020-10-22 17:00:00,61,30,31
2020-10-22 18:00:00,27,11,16
2020-10-22 19:00:00,22,13,9
2020-10-22 20:00:00,13,4,9
2020-10-22 21:00:00,6,3,3
2020-10-22 22:00:00,6,5,1
2020-10-22 23:00:00,3,2,1
2020-10-23 00:00:00,1,1,0
2020-10-23 01:00:00,2,1,1
2020-10-23 02:00:00,2,0,2
2020-10-23 03:00:00,0,0,0
2020-10-23 04:00:00,1,1,0
2020-10-23 05:00:00,4,2,2
2020-10-23 06:00:00,20,15,5
2020-10-23 07:00:00,23,17,6
2020-10-23 08:00:00,22,12,10
2020-10-23 09:00:00,12,6,6
2020-10-23 10:00:00,8,3,5
2020-10-23 11:00:00,9,5,4
2020-10-23 12:00:00,9,6,3
2020-10-23 13:00:00,19,7,12
2020-10-23 14:00:00,23,6,17
2020-10-23 15:00:00,27,6,21
2020-10-23 16:00:00,38,15,23
2020-10-23 17:00:00,27,16,11
2020-10-23 18:00:00,17,9,8
2020-10-23 19:00:00,6,1,5
2020-10-23 20:00:00,6,1,5
2020-10-23 21:00:00,6,5,1
2020-10-23 22:00:00,2,1,1
2020-10-23 23:00:00,4,3,1
2020-10-24 00:00:00,1,1,0
2020-10-24 01:00:00,1,1,0
2020-10-24 02:00:00,1,0,1
2020-10-24 03:00:00,1,1,0
2020-10-24 04:00:00,1,1,0
2020-10-24 05:00:00,2,1,1
2020-10-24 06:00:00,3,2,1
2020-10-24 07:00:00,4,2,2
2020-10-24 08:00:00,4,4,0
2020-10-24 09:00:00,17,4,13
2020-10-24 10:00:00,16,4,12
2020-10-24 11:00:00,31,13,18
2020-10-24 12:00:00,25,4,21
2020-10-24 13:00:00,39,21,18
2020-10-24 14:00:00,42,21,21
2020-10-24 15:00:00,32,12,20
2020-10-24 16:00:00,32,18,14
2020-10-24 17:00:00,40,29,11
2020-10-24 18:00:00,24,15,9
2020-10-24 19:00:00,17,11,6
2020-10-24 20:00:00,7,5,2
2020-10-24 21:00:00,3,1,2
2020-10-24 22:00:00,4,1,3
2020-10-24 23:00:00,4,4,0
2020-10-25 00:00:00,5,3,2
2020-10-25 01:00:00,1,0,1
2020-10-25 02:00:00,0,0,0
2020-10-25 03:00:00,0,0,0
2020-10-25 04:00:00,0,0,0
2020-10-25 05:00:00,0,0,0
2020-10-25 06:00:00,1,1,0
2020-10-25 07:00:00,7,6,1
2020-10-25 08:00:00,3,3,0
2020-10-25 09:00:00,15,10,5
2020-10-25 10:00:00,16,6,10
2020-10-25 11:00:00,20,7,13
2020-10-25 12:00:00,25,11,14
2020-10-25 13:00:00,15,8,7
2020-10-25 14:00:00,36,18,18
2020-10-25 15:00:00,26,14,12
2020-10-25 16:00:00,19,11,8
2020-10-25 17:00:00,15,10,5
2020-10-25 18:00:00,20,15,5
2020-10-25 19:00:00,11,6,5
2020-10-25 20:00:00,1,1,0
2020-10-25 21:00:00,6,0,6
2020-10-25 22:00:00,4,3,1
2020-10-25 23:00:00,1,1,0
2020-10-26 00:00:00,4,1,3
2020-10-26 01:00:00,0,0,0
2020-10-26 02:00:00,0,0,0
2020-10-26 03:00:00,0,0,0
2020-10-26 04:00:00,1,0,1
2020-10-26 05:00:00,11,6,5
2020-10-26 06:00:00,11,8,3
2020-10-26 07:00:00,29,23,6
2020-10-26 08:00:00,22,15,7
2020-10-26 09:00:00,16,11,5
2020-10-26 10:00:00,5,2,3
2020-10-26 11:00:00,18,9,9
2020-10-26 12:00:00,16,8,8
2020-10-26 13:00:00,20,11,9
2020-10-26 14:00:00,19,6,13
2020-10-26 15:00:00,21,5,16
2020-10-26 16:00:00,44,16,28
2020-10-26 17:00:00,49,21,28
2020-10-26 18:00:00,21,10,11
2020-10-26 19:00:00,14,9,5
2020-10-26 20:00:00,3,2,1
2020-10-26 21:00:00,11,5,6
2020-10-26 22:00:00,5,1,4
2020-10-26 23:00:00,3,0,3
2020-10-27 00:00:00,3,1,2
2020-10-27 01:00:00,1,1,0
2020-10-27 02:00:00,1,0,1
2020-10-27 03:00:00,0,0,0
2020-10-27 04:00:00,2,1,1
2020-10-27 05:00:00,13,9,4
2020-10-27 06:00:00,19,14,5
2020-10-27 07:00:00,37,26,11
2020-10-27 08:00:00,33,21,12
2020-10-27 09:00:00,12,9,3
2020-10-27 10:00:00,20,9,11
2020-10-27 11:00:00,22,11,11
2020-10-27 12:00:00,15,8,7
2020-10-27 13:00:00,23,13,10
2020-10-27 14:00:00,34,12,22
2020-10-27 15:00:00,35,16,19
2020-10-27 16:00:00,53,13,40
2020-10-27 17:00:00,54,25,29
2020-10-27 18:00:00,33,10,23
2020-10-27 19:00:00,8,5,3
2020-10-27 20:00:00,8,5,3
2020-10-27 21:00:00,1,1,0
2020-10-27 22:00:00,6,5,1
2020-10-27 23:00:00,4,3,1
2020-10-28 00:00:00,0,0,0
2020-10-28 01:00:00,2,1,1
2020-10-28 02:00:00,0,0,0
2020-10-28 03:00:00,0,0,0
2020-10-28 04:00:00,2,0,2
2020-10-28 05:00:00,11,6,5
2020-10-28 06:00:00,21,16,5
2020-10-28 07:00:00,34,19,15
2020-10-28 08:00:00,45,28,17
2020-10-28 09:00:00,33,21,12
2020-10-28 10:00:00,16,7,9
2020-10-28 11:00:00,17,10,7
2020-10-28 12:00:00,25,13,12
2020-10-28 13:00:00,24,9,15
2020-10-28 14:00:00,29,5,24
2020-10-28 15:00:00,36,14,22
2020-10-28 16:00:00,53,18,35
2020-10-28 17:00:00,50,21,29
2020-10-28 18:00:00,42,26,16
2020-10-28 19:00:00,18,11,7
2020-10-28 20:00:00,5,2,3
2020-10-28 21:00:00,7,3,4
2020-10-28 22:00:00,4,3,1
2020-10-28 23:00:00,3,2,1
2020-10-29 00:00:00,1,1,0
2020-10-29 01:00:00,0,0,0
2020-10-29 02:00:00,0,0,0
2020-10-29 03:00:00,2,1,1
2020-10-29 04:00:00,1,1,0
2020-10-29 05:00:00,14,11,3
2020-10-29 06:00:00,20,13,7
2020-10-29 07:00:00,35,21,14
2020-10-29 08:00:00,29,15,14
2020-10-29 09:00:00,22,14,8
2020-10-29 10:00:00,21,8,13
2020-10-29 11:00:00,18,12,6
2020-10-29 12:00:00,23,12,11
2020-10-29 13:00:00,16,12,4
2020-10-29 14:00:00,30,10,20
2020-10-29 15:00:00,36,10,26
2020-10-29 16:00:00,49,15,34
2020-10-29 17:00:00,73,31,42
2020-10-29 18:00:00,32,15,17
2020-10-29 19:00:00,24,16,8
2020-10-29 20:00:00,7,2,5
2020-10-29 21:00:00,13,7,6
2020-10-29 22:00:00,8,6,2
2020-10-29 23:00:00,1,1,0
2020-10-30 00:00:00,0,0,0
2020-10-30 01:00:00,0,0,0
2020-10-30 02:00:00,1,1,0
2020-10-30 03:00:00,0,0,0
2020-10-30 04:00:00,0,0,0
2020-10-30 05:00:00,12,6,6
2020-10-30 06:00:00,15,10,5
2020-10-30 07:00:00,29,19,10
2020-10-30 08:00:00,27,17,10
2020-10-30 09:00:00,17,8,9
2020-10-30 10:00:00,19,12,7
2020-10-30 11:00:00,15,8,7
2020-10-30 12:00:00,20,7,13
2020-10-30 13:00:00,24,8,16
2020-10-30 14:00:00,31,8,23
2020-10-30 15:00:00,38,13,25
2020-10-30 16:00:00,51,18,33
2020-10-30 17:00:00,52,22,30
2020-10-30 18:00:00,37,20,17
2020-10-30 19:00:00,17,4,13
2020-10-30 20:00:00,14,9,5
2020-10-30 21:00:00,11,3,8
2020-10-30 22:00:00,5,3,2
2020-10-30 23:00:00,7,3,4
2020-10-31 00:00:00,3,2,1
2020-10-31 01:00:00,3,1,2
2020-10-31 02:00:00,0,0,0
2020-10-31 03:00:00,0,0,0
2020-10-31 04:00:00,0,0,0
2020-10-31 05:00:00,4,3,1
2020-10-31 06:00:00,3,0,3
2020-10-31 07:00:00,4,1,3
2020-10-31 08:00:00,13,7,6
2020-10-31 09:00:00,15,4,11
2020-10-31 10:00:00,13,5,8
2020-10-31 11:00:00,35,8,27
2020-10-31 12:00:00,34,11,23
2020-10-31 13:00:00,46,22,24
2020-10-31 14:00:00,42,23,19
2020-10-31 15:00:00,24,13,11
2020-10-31 16:00:00,44,26,18
2020-10-31 17:00:00,23,10,13
2020-10-31 18:00:00,22,10,12
2020-10-31 19:00:00,7,3,4
2020-10-31 20:00:00,5,3,2
2020-10-31 21:00:00,4,3,1
2020-10-31 22:00:00,5,3,2
2020-10-31 23:00:00,4,3,1
2020-11-01 00:00:00,5,3,2
2020-11-01 01:00:00,3,2,1
2020-11-01 02:00:00,0,0,0
2020-11-01 03:00:00,0,0,0
2020-11-01 04:00:00,0,0,0
2020-11-01 05:00:00,1,1,0
2020-11-01 06:00:00,2,2,0
2020-11-01 07:00:00,8,1,7
2020-11-01 08:00:00,6,3,3
2020-11-01 09:00:00,19,7,12
2020-11-01 10:00:00,16,11,5
2020-11-01 11:00:00,30,12,18
2020-11-01 12:00:00,41,15,26
2020-11-01 13:00:00,41,19,22
2020-11-01 14:00:00,37,24,13
2020-11-01 15:00:00,36,19,17
2020-11-01 16:00:00,22,8,14
2020-11-01 17:00:00,17,5,12
2020-11-01 18:00:00,19,13,6
2020-11-01 19:00:00,17,7,10
2020-11-01 20:00:00,10,3,7
2020-11-01 21:00:00,3,2,1
2020-11-01 22:00:00,2,1,1
2020-11-01 23:00:00,1,1,0
2020-11-02 00:00:00,1,1,0
2020-11-02 01:00:00,0,0,0
2020-11-02 02:00:00,0,0,0
2020-11-02 03:00:00,0,0,0
2020-11-02 04:00:00,0,0,0
2020-11-02 05:00:00,16,9,7
2020-11-02 06:00:00,19,14,5
2020-11-02 07:00:00,41,29,12
2020-11-02 08:00:00,34,17,17
2020-11-02 09:00:00,23,14,9
2020-11-02 10:00:00,10,4,6
2020-11-02 11:00:00,22,10,12
2020-11-02 12:00:00,21,10,11
2020-11-02 13:00:00,31,16,15
2020-11-02 14:00:00,39,12,27
2020-11-02 15:00:00,42,14,28
2020-11-02 16:00:00,51,16,35
2020-11-02 17:00:00,49,20,29
2020-11-02 18:00:00,23,12,11
2020-11-02 19:00:00,18,9,9
2020-11-02 20:00:00,9,4,5
2020-11-02 21:00:00,3,2,1
2020-11-02 22:00:00,3,2,1
2020-11-02 23:00:00,2,2,0
2020-11-03 00:00:00,1,0,1
2020-11-03 01:00:00,0,0,0
2020-11-03 02:00:00,1,1,0
2020-11-03 03:00:00,0,0,0
2020-11-03 04:00:00,1,1,0
2020-11-03 05:00:00,9,4,5
2020-11-03 06:00:00,19,14,5
2020-11-03 07:00:00,24,13,11
2020-11-03 08:00:00,19,12,7
2020-11-03 09:00:00,7,5,2
2020-11-03 10:00:00,5,4,1
2020-11-03 11:00:00,8,2,6
2020-11-03 12:00:00,16,8,8
2020-11-03 13:00:00,11,8,3
2020-11-03 14:00:00,14,6,8
2020-11-03 15:00:00,23,13,10
2020-11-03 16:00:00,28,8,20
2020-11-03 17:00:00,35,16,19
2020-11-03 18:00:00,13,5,8
2020-11-03 19:00:00,12,4,8
2020-11-03 20:00:00,2,2,0
2020-11-03 21:00:00,3,2,1
2020-11-03 22:00:00,5,4,1
2020-11-03 23:00:00,4,3,1
2020-11-04 00:00:00,0,0,0
2020-11-04 01:00:00,1,0,1
2020-11-04 02:00:00,0,0,0
2020-11-04 03:00:00,1,0,1
2020-11-04 04:00:00,1,0,1
2020-11-04 05:00:00,9,4,5
2020-11-04 06:00:00,19,13,6
2020-11-04 07:00:00,20,12,8
2020-11-04 08:00:00,17,10,7
2020-11-04 09:00:00,15,11,4
2020-11-04 10:00:00,5,1,4
2020-11-04 11:00:00,11,4,7
2020-11-04 12:00:00,14,7,7
2020-11-04 13:00:00,12,7,5
2020-11-04 14:00:00,15,6,9
2020-11-04 15:00:00,26,5,21
2020-11-04 16:00:00,40,8,32
2020-11-04 17:00:00,59,18,41
2020-11-04 18:00:00,26,16,10
2020-11-04 19:00:00,12,8,4
2020-11-04 20:00:00,28,27,1
2020-11-04 21:00:00,5,4,1
2020-11-04 22:00:00,3,3,0
2020-11-04 23:00:00,3,3,0
2020-11-05 00:00:00,0,0,0
2020-11-05 01:00:00,1,1,0
2020-11-05 02:00:00,0,0,0
2020-11-05 03:00:00,0,0,0
2020-11-05 04:00:00,0,0,0
2020-11-05 05:00:00,11,5,6
2020-11-05 06:00:00,20,13,7
2020-11-05 07:00:00,27,20,7
2020-11-05 08:00:00,17,9,8
2020-11-05 09:00:00,15,11,4
2020-11-05 10:00:00,14,7,7
2020-11-05 11:00:00,12,7,5
2020-11-05 12:00:00,10,7,3
2020-11-05 13:00:00,18,11,7
2020-11-05 14:00:00,21,4,17
2020-11-05 15:00:00,25,11,14
2020-11-05 16:00:00,39,10,29
2020-11-05 17:00:00,29,13,16
2020-11-05 18:00:00,28,10,18
2020-11-05 19:00:00,5,1,4
2020-11-05 20:00:00,6,3,3
2020-11-05 21:00:00,6,3,3
2020-11-05 22:00:00,7,6,1
2020-11-05 23:00:00,2,1,1
2020-11-06 00:00:00,1,0,1
2020-11-06 01:00:00,0,0,0
2020-11-06 02:00:00,0,0,0
2020-11-06 03:00:00,0,0,0
2020-11-06 04:00:00,0,0,0
2020-11-06 05:00:00,14,7,7
2020-11-06 06:00:00,23,12,11
2020-11-06 07:00:00,20,11,9
2020-11-06 08:00:00,19,11,8
2020-11-06 09:00:00,23,12,11
2020-11-06 10:00:00,18,6,12
2020-11-06 11:00:00,20,8,12
2020-11-06 12:00:00,21,10,11
2020-11-06 13:00:00,26,12,14
2020-11-06 14:00:00,28,17,11
2020-11-06 15:00:00,31,13,18
2020-11-06 16:00:00,47,15,32
2020-11-06 17:00:00,32,14,18
2020-11-06 18:00:00,27,6,21
2020-11-06 19:00:00,12,7,5
2020-11-06 20:00:00,5,3,2
2020-11-06 21:00:00,9,4,5
2020-11-06 22:00:00,8,5,3
2020-11-06 23:00:00,3,1,2
2020-11-07 00:00:00,2,1,1
2020-11-07 01:00:00,1,0,1
2020-11-07 02:00:00,1,0,1
2020-11-07 03:00:00,0,0,0
2020-11-07 04:00:00,0,0,0
2020-11-07 05:00:00,5,3,2
2020-11-07 06:00:00,3,1,2
2020-11-07 07:00:00,8,2,6
2020-11-07 08:00:00,6,5,1
2020-11-07 09:00:00,10,6,4
2020-11-07 10:00:00,20,4,16
2020-11-07 11:00:00,28,10,18
2020-11-07 12:00:00,24,12,12
2020-11-07 13:00:00,22,13,9
2020-11-07 14:00:00,32,14,18
2020-11-07 15:00:00,29,21,8
2020-11-07 16:00:00,36,14,22
2020-11-07 17:00:00,12,8,4
2020-11-07 18:00:00,12,6,6
2020-11-07 19:00:00,6,4,2
2020-11-07 20:00:00,2,2,0
2020-11-07 21:00:00,1,0,1
2020-11-07 22:00:00,6,3,3
2020-11-07 23:00:00,5,4,1
2020-11-08 00:00:00,1,0,1
2020-11-08 01:00:00,1,1,0
2020-11-08 02:00:00,2,0,2
2020-11-08 03:00:00,0,0,0
2020-11-08 04:00:00,0,0,0
2020-11-08 05:00:00,3,3,0
2020-11-08 06:00:00,1,0,1
2020-11-08 07:00:00,4,2,2
2020-11-08 08:00:00,3,2,1
2020-11-08 09:00:00,11,8,3
2020-11-08 10:00:00,16,11,5
2020-11-08 11:00:00,24,11,13
2020-11-08 12:00:00,24,13,11
2020-11-08 13:00:00,29,16,13
2020-11-08 14:00:00,33,17,16
2020-11-08 15:00:00,27,12,15
2020-11-08 16:00:00,31,17,14
2020-11-08 17:00:00,22,10,12
2020-11-08 18:00:00,6,3,3
2020-11-08 19:00:00,7,3,4
2020-11-08 20:00:00,7,2,5
2020-11-08 21:00:00,2,0,2
2020-11-08 22:00:00,2,1,1
2020-11-08 23:00:00,1,0,1
2020-11-09 00:00:00,0,0,0
2020-11-09 01:00:00,0,0,0
2020-11-09 02:00:00,0,0,0
2020-11-09 03:00:00,0,0,0
2020-11-09 04:00:00,0,0,0
2020-11-09 05:00:00,7,2,5
2020-11-09 06:00:00,16,9,7
2020-11-09 07:00:00,30,21,9
2020-11-09 08:00:00,24,15,9
2020-11-09 09:00:00,18,12,6
2020-11-09 10:00:00,10,6,4
2020-11-09 11:00:00,14,6,8
2020-11-09 12:00:00,15,8,7
2020-11-09 13:00:00,19,7,12
2020-11-09 14:00:00,25,8,17
2020-11-09 15:00:00,28,6,22
2020-11-09 16:00:00,37,14,23
2020-11-09 17:00:00,31,12,19
2020-11-09 18:00:00,12,2,10
2020-11-09 19:00:00,10,7,3
2020-11-09 20:00:00,3,1,2
2020-11-09 21:00:00,2,2,0
2020-11-09 22:00:00,2,1,1
2020-11-09 23:00:00,4,3,1
2020-11-10 00:00:00,0,0,0
2020-11-10 01:00:00,0,0,0
2020-11-10 02:00:00,1,1,0
2020-11-10 03:00:00,0,0,0
2020-11-10 04:00:00,0,0,0
2020-11-10 05:00:00,7,3,4
2020-11-10 06:00:00,18,12,6
2020-11-10 07:00:00,23,12,11
2020-11-10 08:00:00,27,16,11
2020-11-10 09:00:00,14,10,4
2020-11-10 10:00:00,19,9,10
2020-11-10 11:00:00,13,6,7
2020-11-10 12:00:00,9,4,5
2020-11-10 13:00:00,26,9,17
2020-11-10 14:00:00,24,8,16
2020-11-10 15:00:00,19,7,12
2020-11-10 16:00:00,24,9,15
2020-11-10 17:00:00,38,14,24
2020-11-10 18:00:00,15,4,11
2020-11-10 19:00:00,9,5,4
2020-11-10 20:00:00,5,2,3
2020-11-10 21:00:00,1,1,0
2020-11-10 22:00:00,4,3,1
2020-11-10 23:00:00,3,3,0
2020-11-11 00:00:00,0,0,0
2020-11-11 01:00:00,0,0,0
2020-11-11 02:00:00,0,0,0
2020-11-11 03:00:00,0,0,0
2020-11-11 04:00:00,1,0,1
2020-11-11 05:00:00,9,4,5
2020-11-11 06:00:00,13,10,3
2020-11-11 07:00:00,16,8,8
2020-11-11 08:00:00,17,10,7
2020-11-11 09:00:00,21,11,10
2020-11-11 10:00:00,15,5,10
2020-11-11 11:00:00,19,5,14
2020-11-11 12:00:00,17,7,10
2020-11-11 13:00:00,31,17,14
2020-11-11 14:00:00,40,12,28
2020-11-11 15:00:00,29,8,21
2020-11-11 16:00:00,35,20,15
2020-11-11 17:00:00,29,17,12
2020-11-11 18:00:00,14,7,7
2020-11-11 19:00:00,10,6,4
2020-11-11 20:00:00,3,2,1
2020-11-11 21:00:00,4,2,2
2020-11-11 22:00:00,3,2,1
2020-11-11 23:00:00,4,3,1
2020-11-12 00:00:00,2,1,1
2020-11-12 01:00:00,0,0,0
2020-11-12 02:00:00,0,0,0
2020-11-12 03:00:00,0,0,0
2020-11-12 04:00:00,2,1,1
2020-11-12 05:00:00,6,4,2
2020-11-12 06:00:00,16,9,7
2020-11-12 07:00:00,25,15,10
2020-11-12 08:00:00,15,10,5
2020-11-12 09:00:00,25,18,7
2020-11-12 10:00:00,6,2,4
2020-11-12 11:00:00,18,12,6
2020-11-12 12:00:00,13,6,7
2020-11-12 13:00:00,18,8,10
2020-11-12 14:00:00,17,10,7
2020-11-12 15:00:00,20,8,12
2020-11-12 16:00:00,25,8,17
2020-11-12 17:00:00,31,11,20
2020-11-12 18:00:00,16,5,11
2020-11-12 19:00:00,7,5,2
2020-11-12 20:00:00,5,1,4
2020-11-12 21:00:00,3,2,1
2020-11-12 22:00:00,3,2,1
2020-11-12 23:00:00,4,2,2
2020-11-13 00:00:00,0,0,0
2020-11-13 01:00:00,1,1,0
2020-11-13 02:00:00,1,1,0
2020-11-13 03:00:00,0,0,0
2020-11-13 04:00:00,0,0,0
2020-11-13 05:00:00,4,2,2
2020-11-13 06:00:00,15,8,7
2020-11-13 07:00:00,17,10,7
2020-11-13 08:00:00,26,13,13
2020-11-13 09:00:00,16,7,9
2020-11-13 10:00:00,17,11,6
2020-11-13 11:00:00,15,7,8
2020-11-13 12:00:00,14,5,9
2020-11-13 13:00:00,13,5,8
2020-11-13 14:00:00,27,7,20
2020-11-13 15:00:00,19,6,13
2020-11-13 16:00:00,36,14,22
2020-11-13 17:00:00,39,19,20
2020-11-13 18:00:00,19,7,12
2020-11-13 19:00:00,8,3,5
2020-11-13 20:00:00,3,1,2
2020-11-13 21:00:00,5,3,2
2020-11-13 22:00:00,7,4,3
2020-11-13 23:00:00,4,2,2
2020-11-14 00:00:00,2,1,1
2020-11-14 01:00:00,1,1,0
2020-11-14 02:00:00,1,0,1
2020-11-14 03:00:00,0,0,0
2020-11-14 04:00:00,0,0,0
2020-11-14 05:00:00,4,2,2
2020-11-14 06:00:00,3,1,2
2020-11-14 07:00:00,6,3,3
2020-11-14 08:00:00,9,5,4
2020-11-14 09:00:00,10,4,6
2020-11-14 10:00:00,9,4,5
2020-11-14 11:00:00,18,8,10
2020-11-14 12:00:00,21,11,10
2020-11-14 13:00:00,15,4,11
2020-11-14 14:00:00,18,8,10
2020-11-14 15:00:00,9,4,5
2020-11-14 16:00:00,12,7,5
2020-11-14 17:00:00,6,3,3
2020-11-14 18:00:00,7,2,5
2020-11-14 19:00:00,4,4,0
2020-11-14 20:00:00,0,0,0
2020-11-14 21:00:00,0,0,0
2020-11-14 22:00:00,1,1,0
2020-11-14 23:00:00,1,1,0
2020-11-15 00:00:00,3,2,1
2020-11-15 01:00:00,0,0,0
2020-11-15 02:00:00,0,0,0
2020-11-15 03:00:00,1,0,1
2020-11-15 04:00:00,0,0,0
2020-11-15 05:00:00,2,2,0
2020-11-15 06:00:00,4,1,3
2020-11-15 07:00:00,6,1,5
2020-11-15 08:00:00,2,2,0
2020-11-15 09:00:00,15,7,8
2020-11-15 10:00:00,13,6,7
2020-11-15 11:00:00,15,8,7
2020-11-15 12:00:00,16,7,9
2020-11-15 13:00:00,17,10,7
2020-11-15 14:00:00,17,10,7
2020-11-15 15:00:00,13,4,9
2020-11-15 16:00:00,16,7,9
2020-11-15 17:00:00,11,5,6
2020-11-15 18:00:00,3,1,2
2020-11-15 19:00:00,10,5,5
2020-11-15 20:00:00,1,0,1
2020-11-15 21:00:00,1,0,1
2020-11-15 22:00:00,3,3,0
2020-11-15 23:00:00,2,1,1
2020-11-16 00:00:00,0,0,0
2020-11-16 01:00:00,0,0,0
2020-11-16 02:00:00,0,0,0
2020-11-16 03:00:00,1,1,0
2020-11-16 04:00:00,0,0,0
2020-11-16 05:00:00,8,4,4
2020-11-16 06:00:00,16,9,7
2020-11-16 07:00:00,26,18,8
2020-11-16 08:00:00,22,14,8
2020-11-16 09:00:00,14,11,3
2020-11-16 10:00:00,4,3,1
2020-11-16 11:00:00,10,6,4
2020-11-16 12:00:00,8,2,6
2020-11-16 13:00:00,6,3,3
2020-11-16 14:00:00,11,5,6
2020-11-16 15:00:00,12,6,6
2020-11-16 16:00:00,29,7,22
2020-11-16 17:00:00,31,18,13
2020-11-16 18:00:00,11,3,8
2020-11-16 19:00:00,9,6,3
2020-11-16 20:00:00,5,4,1
2020-11-16 21:00:00,0,0,0
2020-11-16 22:00:00,1,0,1
2020-11-16 23:00:00,3,3,0
2020-11-17 00:00:00,0,0,0
2020-11-17 01:00:00,1,0,1
2020-11-17 02:00:00,0,0,0
2020-11-17 03:00:00,0,0,0
2020-11-17 04:00:00,1,0,1
2020-11-17 05:00:00,9,5,4
2020-11-17 06:00:00,13,9,4
2020-11-17 07:00:00,17,11,6
2020-11-17 08:00:00,27,17,10
2020-11-17 09:00:00,9,5,4
2020-11-17 10:00:00,8,4,4
2020-11-17 11:00:00,8,3,5
2020-11-17 12:00:00,15,10,5
2020-11-17 13:00:00,7,4,3
2020-11-17 14:00:00,13,5,8
2020-11-17 15:00:00,16,4,12
2020-11-17 16:00:00,26,7,19
2020-11-17 17:00:00,33,14,19
2020-11-17 18:00:00,10,4,6
2020-11-17 19:00:00,4,2,2
2020-11-17 20:00:00,2,1,1
2020-11-17 21:00:00,3,1,2
2020-11-17 22:00:00,1,0,1
2020-11-17 23:00:00,3,3,0
2020-11-18 00:00:00,0,0,0
2020-11-18 01:00:00,0,0,0
2020-11-18 02:00:00,0,0,0
2020-11-18 03:00:00,0,0,0
2020-11-18 04:00:00,0,0,0
2020-11-18 05:00:00,6,4,2
2020-11-18 06:00:00,16,12,4
2020-11-18 07:00:00,20,12,8
2020-11-18 08:00:00,20,12,8
2020-11-18 09:00:00,16,12,4
2020-11-18 10:00:00,9,5,4
2020-11-18 11:00:00,8,4,4
2020-11-18 12:00:00,9,7,2
2020-11-18 13:00:00,10,3,7
2020-11-18 14:00:00,13,4,9
2020-11-18 15:00:00,12,4,8
2020-11-18 16:00:00,14,3,11
2020-11-18 17:00:00,23,15,8
2020-11-18 18:00:00,12,4,8
2020-11-18 19:00:00,8,5,3
2020-11-18 20:00:00,4,4,0
2020-11-18 21:00:00,2,0,2
2020-11-18 22:00:00,3,1,2
2020-11-18 23:00:00,7,5,2
2020-11-19 00:00:00,1,1,0
2020-11-19 01:00:00,0,0,0
2020-11-19 02:00:00,1,0,1
2020-11-19 03:00:00,3,0,3
2020-11-19 04:00:00,0,0,0
2020-11-19 05:00:00,9,6,3
2020-11-19 06:00:00,14,9,5
2020-11-19 07:00:00,17,6,11
2020-11-19 08:00:00,16,11,5
2020-11-19 09:00:00,16,11,5
2020-11-19 10:00:00,9,6,3
2020-11-19 11:00:00,10,4,6
2020-11-19 12:00:00,31,13,18
2020-11-19 13:00:00,15,4,11
2020-11-19 14:00:00,12,5,7
2020-11-19 15:00:00,22,11,11
2020-11-19 16:00:00,27,10,17
2020-11-19 17:00:00,33,12,21
2020-11-19 18:00:00,15,9,6
2020-11-19 19:00:00,9,5,4
2020-11-19 20:00:00,6,3,3
2020-11-19 21:00:00,5,1,4
2020-11-19 22:00:00,3,3,0
2020-11-19 23:00:00,3,2,1
2020-11-20 00:00:00,0,0,0
2020-11-20 01:00:00,2,1,1
2020-11-20 02:00:00,1,0,1
2020-11-20 03:00:00,1,0,1
2020-11-20 04:00:00,0,0,0
2020-11-20 05:00:00,9,4,5
2020-11-20 06:00:00,16,11,5
2020-11-20 07:00:00,19,16,3
2020-11-20 08:00:00,21,14,7
2020-11-20 09:00:00,8,8,0
2020-11-20 10:00:00,15,5,10
2020-11-20 11:00:00,13,5,8
2020-11-20 12:00:00,13,5,8
2020-11-20 13:00:00,15,7,8
2020-11-20 14:00:00,30,6,24
2020-11-20 15:00:00,17,9,8
2020-11-20 16:00:00,29,8,21
2020-11-20 17:00:00,39,18,21
2020-11-20 18:00:00,19,8,11
2020-11-20 19:00:00,11,3,8
2020-11-20 20:00:00,1,1,0
2020-11-20 21:00:00,5,4,1
2020-11-20 22:00:00,4,1,3
2020-11-20 23:00:00,3,2,1
2020-11-21 00:00:00,1,0,1
2020-11-21 01:00:00,0,0,0
2020-11-21 02:00:00,1,0,1
2020-11-21 03:00:00,0,0,0
2020-11-21 04:00:00,0,0,0
2020-11-21 05:00:00,6,3,3
2020-11-21 06:00:00,4,1,3
2020-11-21 07:00:00,3,2,1
2020-11-21 08:00:00,7,6,1
2020-11-21 09:00:00,17,6,11
2020-11-21 10:00:00,13,6,7
2020-11-21 11:00:00,40,22,18
2020-11-21 12:00:00,36,17,19
2020-11-21 13:00:00,55,19,36
2020-11-21 14:00:00,61,22,39
2020-11-21 15:00:00,32,17,15
2020-11-21 16:00:00,43,22,21
2020-11-21 17:00:00,18,10,8
2020-11-21 18:00:00,15,7,8
2020-11-21 19:00:00,4,3,1
2020-11-21 20:00:00,4,3,1
2020-11-21 21:00:00,4,2,2
2020-11-21 22:00:00,3,2,1
2020-11-21 23:00:00,4,2,2
2020-11-22 00:00:00,3,0,3
2020-11-22 01:00:00,0,0,0
2020-11-22 02:00:00,0,0,0
2020-11-22 03:00:00,1,0,1
2020-11-22 04:00:00,0,0,0
2020-11-22 05:00:00,2,2,0
2020-11-22 06:00:00,2,0,2
2020-11-22 07:00:00,5,2,3
2020-11-22 08:00:00,3,2,1
2020-11-22 09:00:00,8,3,5
2020-11-22 10:00:00,16,8,8
2020-11-22 11:00:00,16,6,10
2020-11-22 12:00:00,20,11,9
2020-11-22 13:00:00,15,9,6
2020-11-22 14:00:00,8,1,7
2020-11-22 15:00:00,10,6,4
2020-11-22 16:00:00,5,1,4
2020-11-22 17:00:00,4,3,1
2020-11-22 18:00:00,3,3,0
2020-11-22 19:00:00,1,1,0
2020-11-22 20:00:00,3,1,2
2020-11-22 21:00:00,1,0,1
2020-11-22 22:00:00,4,2,2
2020-11-22 23:00:00,0,0,0
2020-11-23 00:00:00,1,0,1
2020-11-23 01:00:00,1,0,1
2020-11-23 02:00:00,0,0,0
2020-11-23 03:00:00,0,0,0
2020-11-23 04:00:00,0,0,0
2020-11-23 05:00:00,7,4,3
2020-11-23 06:00:00,11,6,5
2020-11-23 07:00:00,23,17,6
2020-11-23 08:00:00,22,13,9
2020-11-23 09:00:00,10,8,2
2020-11-23 10:00:00,8,2,6
2020-11-23 11:00:00,7,2,5
2020-11-23 12:00:00,16,8,8
2020-11-23 13:00:00,17,8,9
2020-11-23 14:00:00,23,8,15
2020-11-23 15:00:00,21,6,15
2020-11-23 16:00:00,33,14,19
2020-11-23 17:00:00,40,16,24
2020-11-23 18:00:00,16,7,9
2020-11-23 19:00:00,7,5,2
2020-11-23 20:00:00,2,1,1
2020-11-23 21:00:00,1,0,1
2020-11-23 22:00:00,3,2,1
2020-11-23 23:00:00,2,1,1
2020-11-24 00:00:00,2,2,0
2020-11-24 01:00:00,1,0,1
2020-11-24 02:00:00,0,0,0
2020-11-24 03:00:00,1,0,1
2020-11-24 04:00:00,0,0,0
2020-11-24 05:00:00,14,9,5
2020-11-24 06:00:00,15,10,5
2020-11-24 07:00:00,28,18,10
2020-11-24 08:00:00,18,14,4
2020-11-24 09:00:00,16,8,8
2020-11-24 10:00:00,6,3,3
2020-11-24 11:00:00,17,9,8
2020-11-24 12:00:00,17,10,7
2020-11-24 13:00:00,14,6,8
2020-11-24 14:00:00,15,4,11
2020-11-24 15:00:00,22,5,17
2020-11-24 16:00:00,19,6,13
2020-11-24 17:00:00,33,10,23
2020-11-24 18:00:00,10,5,5
2020-11-24 19:00:00,6,4,2
2020-11-24 20:00:00,3,2,1
2020-11-24 21:00:00,3,1,2
2020-11-24 22:00:00,2,2,0
2020-11-24 23:00:00,3,2,1
2020-11-25 00:00:00,1,0,1
2020-11-25 01:00:00,0,0,0
2020-11-25 02:00:00,0,0,0
2020-11-25 03:00:00,0,0,0
2020-11-25 04:00:00,0,0,0
2020-11-25 05:00:00,6,3,3
2020-11-25 06:00:00,11,8,3
2020-11-25 07:00:00,25,13,12
2020-11-25 08:00:00,16,9,7
2020-11-25 09:00:00,13,8,5
2020-11-25 10:00:00,15,10,5
2020-11-25 11:00:00,19,6,13
2020-11-25 12:00:00,32,16,16
2020-11-25 13:00:00,18,8,10
2020-11-25 14:00:00,21,5,16
2020-11-25 15:00:00,28,11,17
2020-11-25 16:00:00,21,9,12
2020-11-25 17:00:00,24,14,10
2020-11-25 18:00:00,11,2,9
2020-11-25 19:00:00,5,5,0
2020-11-25 20:00:00,8,6,2
2020-11-25 21:00:00,3,0,3
2020-11-25 22:00:00,3,0,3
2020-11-25 23:00:00,5,4,1
2020-11-26 00:00:00,0,0,0
2020-11-26 01:00:00,1,1,0
2020-11-26 02:00:00,0,0,0
2020-11-26 03:00:00,1,1,0
2020-11-26 04:00:00,0,0,0
2020-11-26 05:00:00,3,2,1
2020-11-26 06:00:00,3,1,2
2020-11-26 07:00:00,1,1,0
2020-11-26 08:00:00,4,1,3
2020-11-26 09:00:00,1,1,0
2020-11-26 10:00:00,7,7,0
2020-11-26 11:00:00,14,2,12
2020-11-26 12:00:00,13,5,8
2020-11-26 13:00:00,9,5,4
2020-11-26 14:00:00,9,4,5
2020-11-26 15:00:00,12,7,5
2020-11-26 16:00:00,5,2,3
2020-11-26 17:00:00,6,1,5
2020-11-26 18:00:00,1,1,0
2020-11-26 19:00:00,4,2,2
2020-11-26 20:00:00,1,1,0
2020-11-26 21:00:00,1,0,1
2020-11-26 22:00:00,0,0,0
2020-11-26 23:00:00,1,0,1
2020-11-27 00:00:00,0,0,0
2020-11-27 01:00:00,0,0,0
2020-11-27 02:00:00,0,0,0
2020-11-27 03:00:00,1,1,0
2020-11-27 04:00:00,0,0,0
2020-11-27 05:00:00,4,2,2
2020-11-27 06:00:00,6,4,2
2020-11-27 07:00:00,8,4,4
2020-11-27 08:00:00,6,2,4
2020-11-27 09:00:00,12,6,6
2020-11-27 10:00:00,15,4,11
2020-11-27 11:00:00,16,5,11
2020-11-27 12:00:00,29,10,19
2020-11-27 13:00:00,36,20,16
2020-11-27 14:00:00,31,14,17
2020-11-27 15:00:00,45,23,22
2020-11-27 16:00:00,33,21,12
2020-11-27 17:00:00,14,7,7
2020-11-27 18:00:00,13,7,6
2020-11-27 19:00:00,7,4,3
2020-11-27 20:00:00,4,0,4
2020-11-27 21:00:00,3,0,3
2020-11-27 22:00:00,1,0,1
2020-11-27 23:00:00,1,1,0
2020-11-28 00:00:00,0,0,0
2020-11-28 01:00:00,1,0,1
2020-11-28 02:00:00,0,0,0
2020-11-28 03:00:00,1,1,0
2020-11-28 04:00:00,0,0,0
2020-11-28 05:00:00,4,3,1
2020-11-28 06:00:00,4,0,4
2020-11-28 07:00:00,3,2,1
2020-11-28 08:00:00,4,1,3
2020-11-28 09:00:00,6,6,0
2020-11-28 10:00:00,19,8,11
2020-11-28 11:00:00,16,5,11
2020-11-28 12:00:00,17,10,7
2020-11-28 13:00:00,7,3,4
2020-11-28 14:00:00,10,5,5
2020-11-28 15:00:00,18,7,11
2020-11-28 16:00:00,18,8,10
2020-11-28 17:00:00,12,5,7
2020-11-28 18:00:00,7,5,2
2020-11-28 19:00:00,2,1,1
2020-11-28 20:00:00,3,1,2
2020-11-28 21:00:00,2,2,0
2020-11-28 22:00:00,1,0,1
2020-11-28 23:00:00,1,1,0
2020-11-29 00:00:00,0,0,0
2020-11-29 01:00:00,1,1,0
2020-11-29 02:00:00,0,0,0
2020-11-29 03:00:00,0,0,0
2020-11-29 04:00:00,1,1,0
2020-11-29 05:00:00,1,1,0
2020-11-29 06:00:00,3,1,2
2020-11-29 07:00:00,4,1,3
2020-11-29 08:00:00,3,1,2
2020-11-29 09:00:00,12,10,2
2020-11-29 10:00:00,9,8,1
2020-11-29 11:00:00,10,2,8
2020-11-29 12:00:00,22,10,12
2020-11-29 13:00:00,30,17,13
2020-11-29 14:00:00,23,12,11
2020-11-29 15:00:00,35,16,19
2020-11-29 16:00:00,28,9,19
2020-11-29 17:00:00,7,5,2
2020-11-29 18:00:00,3,0,3
2020-11-29 19:00:00,6,1,5
2020-11-29 20:00:00,2,2,0
2020-11-29 21:00:00,2,1,1
2020-11-29 22:00:00,1,0,1
2020-11-29 23:00:00,0,0,0
2020-11-30 00:00:00,1,0,1
2020-11-30 01:00:00,0,0,0
2020-11-30 02:00:00,0,0,0
2020-11-30 03:00:00,0,0,0
2020-11-30 04:00:00,0,0,0
2020-11-30 05:00:00,6,5,1
2020-11-30 06:00:00,14,8,6
2020-11-30 07:00:00,17,12,5
2020-11-30 08:00:00,20,10,10
2020-11-30 09:00:00,13,9,4
2020-11-30 10:00:00,3,1,2
2020-11-30 11:00:00,17,6,11
2020-11-30 12:00:00,16,10,6
2020-11-30 13:00:00,19,12,7
2020-11-30 14:00:00,19,7,12
2020-11-30 15:00:00,27,12,15
2020-11-30 16:00:00,23,6,17
2020-11-30 17:00:00,30,15,15
2020-11-30 18:00:00,20,12,8
2020-11-30 19:00:00,9,4,5
2020-11-30 20:00:00,4,3,1
2020-11-30 21:00:00,5,1,4
2020-11-30 22:00:00,4,1,3
2020-11-30 23:00:00,4,3,1
2020-12-01 00:00:00,0,0,0
2020-12-01 01:00:00,0,0,0
2020-12-01 02:00:00,0,0,0
2020-12-01 03:00:00,0,0,0
2020-12-01 04:00:00,0,0,0
2020-12-01 05:00:00,5,3,2
2020-12-01 06:00:00,22,16,6
2020-12-01 07:00:00,29,18,11
2020-12-01 08:00:00,20,11,9
2020-12-01 09:00:00,12,8,4
2020-12-01 10:00:00,12,3,9
2020-12-01 11:00:00,11,3,8
2020-12-01 12:00:00,30,14,16
2020-12-01 13:00:00,16,7,9
2020-12-01 14:00:00,30,11,19
2020-12-01 15:00:00,42,19,23
2020-12-01 16:00:00,28,7,21
2020-12-01 17:00:00,38,15,23
2020-12-01 18:00:00,21,9,12
2020-12-01 19:00:00,8,6,2
2020-12-01 20:00:00,6,4,2
2020-12-01 21:00:00,7,2,5
2020-12-01 22:00:00,1,1,0
2020-12-01 23:00:00,2,2,0
2020-12-02 00:00:00,0,0,0
2020-12-02 01:00:00,1,0,1
2020-12-02 02:00:00,0,0,0
2020-12-02 03:00:00,0,0,0
2020-12-02 04:00:00,0,0,0
2020-12-02 05:00:00,6,6,0
2020-12-02 06:00:00,13,11,2
2020-12-02 07:00:00,25,15,10
2020-12-02 08:00:00,30,15,15
2020-12-02 09:00:00,14,11,3
2020-12-02 10:00:00,11,4,7
2020-12-02 11:00:00,13,7,6
2020-12-02 12:00:00,24,14,10
2020-12-02 13:00:00,23,9,14
2020-12-02 14:00:00,24,9,15
2020-12-02 15:00:00,34,9,25
2020-12-02 16:00:00,36,13,23
2020-12-02 17:00:00,46,17,29
2020-12-02 18:00:00,24,15,9
2020-12-02 19:00:00,15,6,9
2020-12-02 20:00:00,7,4,3
2020-12-02 21:00:00,2,1,1
2020-12-02 22:00:00,3,1,2
2020-12-02 23:00:00,1,1,0
2020-12-03 00:00:00,1,1,0
2020-12-03 01:00:00,0,0,0
2020-12-03 02:00:00,1,0,1
2020-12-03 03:00:00,0,0,0
2020-12-03 04:00:00,0,0,0
2020-12-03 05:00:00,6,4,2
2020-12-03 06:00:00,14,12,2
2020-12-03 07:00:00,21,12,9
2020-12-03 08:00:00,32,16,16
2020-12-03 09:00:00,20,11,9
2020-12-03 10:00:00,19,11,8
2020-12-03 11:00:00,27,12,15
2020-12-03 12:00:00,23,12,11
2020-12-03 13:00:00,21,9,12
2020-12-03 14:00:00,24,6,18
2020-12-03 15:00:00,33,14,19
2020-12-03 16:00:00,30,7,23
2020-12-03 17:00:00,31,13,18
2020-12-03 18:00:00,21,8,13
2020-12-03 19:00:00,12,8,4
2020-12-03 20:00:00,13,5,8
2020-12-03 21:00:00,7,2,5
2020-12-03 22:00:00,3,2,1
2020-12-03 23:00:00,2,1,1
2020-12-04 00:00:00,1,0,1
2020-12-04 01:00:00,0,0,0
2020-12-04 02:00:00,0,0,0
2020-12-04 03:00:00,0,0,0
2020-12-04 04:00:00,0,0,0
2020-12-04 05:00:00,7,5,2
2020-12-04 06:00:00,22,12,10
2020-12-04 07:00:00,13,11,2
2020-12-04 08:00:00,31,18,13
2020-12-04 09:00:00,12,8,4
2020-12-04 10:00:00,19,8,11
2020-12-04 11:00:00,16,9,7
2020-12-04 12:00:00,25,8,17
2020-12-04 13:00:00,29,16,13
2020-12-04 14:00:00,29,9,20
2020-12-04 15:00:00,41,12,29
2020-12-04 16:00:00,46,19,27
2020-12-04 17:00:00,36,13,23
2020-12-04 18:00:00,26,13,13
2020-12-04 19:00:00,11,3,8
2020-12-04 20:00:00,7,5,2
2020-12-04 21:00:00,3,1,2
2020-12-04 22:00:00,4,2,2
2020-12-04 23:00:00,0,0,0
2020-12-05 00:00:00,3,2,1
2020-12-05 01:00:00,1,0,1
2020-12-05 02:00:00,1,1,0
2020-12-05 03:00:00,0,0,0
2020-12-05 04:00:00,0,0,0
2020-12-05 05:00:00,5,3,2
2020-12-05 06:00:00,4,0,4
2020-12-05 07:00:00,4,3,1
2020-12-05 08:00:00,14,6,8
2020-12-05 09:00:00,18,11,7
2020-12-05 10:00:00,28,10,18
2020-12-05 11:00:00,32,10,22
2020-12-05 12:00:00,44,16,28
2020-12-05 13:00:00,22,13,9
2020-12-05 14:00:00,39,14,25
2020-12-05 15:00:00,46,20,26
2020-12-05 16:00:00,33,18,15
2020-12-05 17:00:00,15,6,9
2020-12-05 18:00:00,12,7,5
2020-12-05 19:00:00,13,9,4
2020-12-05 20:00:00,8,5,3
2020-12-05 21:00:00,1,0,1
2020-12-05 22:00:00,5,1,4
2020-12-05 23:00:00,0,0,0
2020-12-06 00:00:00,2,1,1
2020-12-06 01:00:00,1,0,1
2020-12-06 02:00:00,1,1,0
2020-12-06 03:00:00,0,0,0
2020-12-06 04:00:00,0,0,0
2020-12-06 05:00:00,2,2,0
2020-12-06 06:00:00,1,0,1
2020-12-06 07:00:00,2,1,1
2020-12-06 08:00:00,7,4,3
2020-12-06 09:00:00,9,6,3
2020-12-06 10:00:00,13,5,8
2020-12-06 11:00:00,26,12,14
2020-12-06 12:00:00,39,18,21
2020-12-06 13:00:00,16,6,10
2020-12-06 14:00:00,26,15,11
2020-12-06 15:00:00,35,15,20
2020-12-06 16:00:00,16,12,4
2020-12-06 17:00:00,11,5,6
2020-12-06 18:00:00,7,4,3
2020-12-06 19:00:00,1,1,0
2020-12-06 20:00:00,4,3,1
2020-12-06 21:00:00,2,0,2
2020-12-06 22:00:00,2,0,2
2020-12-06 23:00:00,2,1,1
2020-12-07 00:00:00,1,0,1
2020-12-07 01:00:00,1,0,1
2020-12-07 02:00:00,2,1,1
2020-12-07 03:00:00,0,0,0
2020-12-07 04:00:00,0,0,0
2020-12-07 05:00:00,7,4,3
2020-12-07 06:00:00,21,16,5
2020-12-07 07:00:00,21,16,5
2020-12-07 08:00:00,24,14,10
2020-12-07 09:00:00,15,9,6
2020-12-07 10:00:00,15,8,7
2020-12-07 11:00:00,19,9,10
2020-12-07 12:00:00,23,8,15
2020-12-07 13:00:00,19,10,9
2020-12-07 14:00:00,26,5,21
2020-12-07 15:00:00,25,7,18
2020-12-07 16:00:00,36,12,24
2020-12-07 17:00:00,34,17,17
2020-12-07 18:00:00,20,8,12
2020-12-07 19:00:00,9,5,4
2020-12-07 20:00:00,8,5,3
2020-12-07 21:00:00,2,1,1
2020-12-07 22:00:00,2,0,2
2020-12-07 23:00:00,1,1,0
2020-12-08 00:00:00,0,0,0
2020-12-08 01:00:00,0,0,0
2020-12-08 02:00:00,1,1,0
2020-12-08 03:00:00,1,0,1
2020-12-08 04:00:00,2,1,1
2020-12-08 05:00:00,8,4,4
2020-12-08 06:00:00,22,16,6
2020-12-08 07:00:00,23,16,7
2020-12-08 08:00:00,26,19,7
2020-12-08 09:00:00,6,5,1
2020-12-08 10:00:00,9,5,4
2020-12-08 11:00:00,8,4,4
2020-12-08 12:00:00,13,6,7
2020-12-08 13:00:00,21,7,14
2020-12-08 14:00:00,19,11,8
2020-12-08 15:00:00,17,4,13
2020-12-08 16:00:00,20,5,15
2020-12-08 17:00:00,33,16,17
2020-12-08 18:00:00,12,6,6
2020-12-08 19:00:00,11,4,7
2020-12-08 20:00:00,3,2,1
2020-12-08 21:00:00,1,1,0
2020-12-08 22:00:00,3,2,1
2020-12-08 23:00:00,4,3,1
2020-12-09 00:00:00,1,1,0
2020-12-09 01:00:00,0,0,0
2020-12-09 02:00:00,0,0,0
2020-12-09 03:00:00,2,1,1
2020-12-09 04:00:00,0,0,0
2020-12-09 05:00:00,10,7,3
2020-12-09 06:00:00,14,10,4
2020-12-09 07:00:00,18,11,7
2020-12-09 08:00:00,18,12,6
2020-12-09 09:00:00,12,7,5
2020-12-09 10:00:00,8,5,3
2020-12-09 11:00:00,14,4,10
2020-12-09 12:00:00,22,10,12
2020-12-09 13:00:00,23,10,13
2020-12-09 14:00:00,13,3,10
2020-12-09 15:00:00,30,7,23
2020-12-09 16:00:00,24,7,17
2020-12-09 17:00:00,33,10,23
2020-12-09 18:00:00,22,12,10
2020-12-09 19:00:00,9,6,3
2020-12-09 20:00:00,8,5,3
2020-12-09 21:00:00,4,1,3
2020-12-09 22:00:00,5,1,4
2020-12-09 23:00:00,3,3,0
2020-12-10 00:00:00,6,5,1
2020-12-10 01:00:00,0,0,0
2020-12-10 02:00:00,1,1,0
2020-12-10 03:00:00,0,0,0
2020-12-10 04:00:00,0,0,0
2020-12-10 05:00:00,9,6,3
2020-12-10 06:00:00,11,8,3
2020-12-10 07:00:00,23,16,7
2020-12-10 08:00:00,22,14,8
2020-12-10 09:00:00,9,7,2
2020-12-10 10:00:00,21,6,15
2020-12-10 11:00:00,15,9,6
2020-12-10 12:00:00,20,12,8
2020-12-10 13:00:00,20,8,12
2020-12-10 14:00:00,29,5,24
2020-12-10 15:00:00,33,13,20
2020-12-10 16:00:00,27,11,16
2020-12-10 17:00:00,36,13,23
2020-12-10 18:00:00,15,7,8
2020-12-10 19:00:00,13,6,7
2020-12-10 20:00:00,4,3,1
2020-12-10 21:00:00,2,1,1
2020-12-10 22:00:00,3,2,1
2020-12-10 23:00:00,4,3,1
2020-12-11 00:00:00,0,0,0
2020-12-11 01:00:00,0,0,0
2020-12-11 02:00:00,0,0,0
2020-12-11 03:00:00,0,0,0
2020-12-11 04:00:00,0,0,0
2020-12-11 05:00:00,1,0,1
2020-12-11 06:00:00,11,7,4
2020-12-11 07:00:00,12,4,8
2020-12-11 08:00:00,27,12,15
2020-12-11 09:00:00,12,8,4
2020-12-11 10:00:00,18,9,9
2020-12-11 11:00:00,35,21,14
2020-12-11 12:00:00,17,8,9
2020-12-11 13:00:00,26,17,9
2020-12-11 14:00:00,39,22,17
2020-12-11 15:00:00,33,21,12
2020-12-11 16:00:00,37,22,15
2020-12-11 17:00:00,25,18,7
2020-12-11 18:00:00,15,5,10
2020-12-11 19:00:00,11,5,6
2020-12-11 20:00:00,10,6,4
2020-12-11 21:00:00,5,1,4
2020-12-11 22:00:00,1,0,1
2020-12-11 23:00:00,0,0,0
2020-12-12 00:00:00,1,1,0
2020-12-12 01:00:00,2,1,1
2020-12-12 02:00:00,0,0,0
2020-12-12 03:00:00,0,0,0
2020-12-12 04:00:00,0,0,0
2020-12-12 05:00:00,4,0,4
2020-12-12 06:00:00,4,2,2
2020-12-12 07:00:00,4,3,1
2020-12-12 08:00:00,6,2,4
2020-12-12 09:00:00,8,5,3
2020-12-12 10:00:00,17,8,9
2020-12-12 11:00:00,11,5,6
2020-12-12 12:00:00,17,11,6
2020-12-12 13:00:00,44,18,26
2020-12-12 14:00:00,45,30,15
2020-12-12 15:00:00,32,16,16
2020-12-12 16:00:00,26,14,12
2020-12-12 17:00:00,18,5,13
2020-12-12 18:00:00,11,7,4
2020-12-12 19:00:00,1,0,1
2020-12-12 20:00:00,7,4,3
2020-12-12 21:00:00,8,7,1
2020-12-12 22:00:00,3,1,2
2020-12-12 23:00:00,0,0,0
2020-12-13 00:00:00,1,0,1
2020-12-13 01:00:00,1,0,1
2020-12-13 02:00:00,3,0,3
2020-12-13 03:00:00,0,0,0
2020-12-13 04:00:00,1,1,0
2020-12-13 05:00:00,1,0,1
2020-12-13 06:00:00,1,1,0
2020-12-13 07:00:00,1,0,1
2020-12-13 08:00:00,1,1,0
2020-12-13 09:00:00,8,4,4
2020-12-13 10:00:00,5,1,4
2020-12-13 11:00:00,7,2,5
2020-12-13 12:00:00,4,2,2
2020-12-13 13:00:00,7,4,3
2020-12-13 14:00:00,7,3,4
2020-12-13 15:00:00,13,9,4
2020-12-13 16:00:00,5,3,2
2020-12-13 17:00:00,5,1,4
2020-12-13 18:00:00,5,4,1
2020-12-13 19:00:00,5,2,3
2020-12-13 20:00:00,1,0,1
2020-12-13 21:00:00,3,1,2
2020-12-13 22:00:00,2,2,0
2020-12-13 23:00:00,1,0,1
2020-12-14 00:00:00,0,0,0
2020-12-14 01:00:00,0,0,0
2020-12-14 02:00:00,1,1,0
2020-12-14 03:00:00,0,0,0
2020-12-14 04:00:00,0,0,0
2020-12-14 05:00:00,5,2,3
2020-12-14 06:00:00,14,5,9
2020-12-14 07:00:00,24,7,17
2020-12-14 08:00:00,18,8,10
2020-12-14 09:00:00,19,6,13
2020-12-14 10:00:00,6,5,1
2020-12-14 11:00:00,15,8,7
2020-12-14 12:00:00,7,5,2
2020-12-14 13:00:00,17,9,8
2020-12-14 14:00:00,17,10,7
2020-12-14 15:00:00,28,21,7
2020-12-14 16:00:00,22,17,5
2020-12-14 17:00:00,28,18,10
2020-12-14 18:00:00,15,11,4
2020-12-14 19:00:00,6,2,4
2020-12-14 20:00:00,7,2,5
2020-12-14 21:00:00,1,1,0
2020-12-14 22:00:00,2,1,1
2020-12-14 23:00:00,3,1,2
2020-12-15 00:00:00,1,1,0
2020-12-15 01:00:00,0,0,0
2020-12-15 02:00:00,3,2,1
2020-12-15 03:00:00,0,0,0
2020-12-15 04:00:00,0,0,0
2020-12-15 05:00:00,7,1,6
2020-12-15 06:00:00,8,3,5
2020-12-15 07:00:00,23,7,16
2020-12-15 08:00:00,18,4,14
2020-12-15 09:00:00,8,3,5
2020-12-15 10:00:00,5,3,2
2020-12-15 11:00:00,14,7,7
2020-12-15 12:00:00,14,10,4
2020-12-15 13:00:00,16,13,3
2020-12-15 14:00:00,17,10,7
2020-12-15 15:00:00,16,13,3
2020-12-15 16:00:00,19,10,9
2020-12-15 17:00:00,35,18,17
2020-12-15 18:00:00,11,3,8
2020-12-15 19:00:00,8,4,4
2020-12-15 20:00:00,11,6,5
2020-12-15 21:00:00,3,1,2
2020-12-15 22:00:00,2,0,2
2020-12-15 23:00:00,5,3,2
2020-12-16 00:00:00,1,0,1
2020-12-16 01:00:00,0,0,0
2020-12-16 02:00:00,0,0,0
2020-12-16 03:00:00,0,0,0
2020-12-16 04:00:00,0,0,0
2020-12-16 05:00:00,7,1,6
2020-12-16 06:00:00,10,2,8
2020-12-16 07:00:00,19,8,11
2020-12-16 08:00:00,28,9,19
2020-12-16 09:00:00,13,3,10
2020-12-16 10:00:00,11,7,4
2020-12-16 11:00:00,12,8,4
2020-12-16 12:00:00,21,12,9
2020-12-16 13:00:00,14,6,8
2020-12-16 14:00:00,17,10,7
2020-12-16 15:00:00,11,7,4
2020-12-16 16:00:00,8,5,3
2020-12-16 17:00:00,22,16,6
2020-12-16 18:00:00,10,5,5
2020-12-16 19:00:00,5,1,4
2020-12-16 20:00:00,2,2,0
2020-12-16 21:00:00,2,0,2
2020-12-16 22:00:00,2,1,1
2020-12-16 23:00:00,3,0,3
2020-12-17 00:00:00,1,1,0
2020-12-17 01:00:00,0,0,0
2020-12-17 02:00:00,2,1,1
2020-12-17 03:00:00,0,0,0
2020-12-17 04:00:00,0,0,0
2020-12-17 05:00:00,8,1,7
2020-12-17 06:00:00,8,0,8
2020-12-17 07:00:00,19,7,12
2020-12-17 08:00:00,21,11,10
2020-12-17 09:00:00,18,6,12
2020-12-17 10:00:00,12,9,3
2020-12-17 11:00:00,22,12,10
2020-12-17 12:00:00,27,16,11
2020-12-17 13:00:00,26,17,9
2020-12-17 14:00:00,31,18,13
2020-12-17 15:00:00,40,24,16
2020-12-17 16:00:00,33,21,12
2020-12-17 17:00:00,29,13,16
2020-12-17 18:00:00,16,7,9
2020-12-17 19:00:00,10,3,7
2020-12-17 20:00:00,5,2,3
2020-12-17 21:00:00,4,2,2
2020-12-17 22:00:00,1,0,1
2020-12-17 23:00:00,3,1,2
2020-12-18 00:00:00,1,1,0
2020-12-18 01:00:00,0,0,0
2020-12-18 02:00:00,0,0,0
2020-12-18 03:00:00,0,0,0
2020-12-18 04:00:00,0,0,0
2020-12-18 05:00:00,4,0,4
2020-12-18 06:00:00,8,2,6
2020-12-18 07:00:00,14,4,10
2020-12-18 08:00:00,14,3,11
2020-12-18 09:00:00,9,6,3
2020-12-18 10:00:00,9,6,3
2020-12-18 11:00:00,13,5,8
2020-12-18 12:00:00,27,13,14
2020-12-18 13:00:00,13,8,5
2020-12-18 14:00:00,16,9,7
2020-12-18 15:00:00,17,14,3
2020-12-18 16:00:00,13,11,2
2020-12-18 17:00:00,20,11,9
2020-12-18 18:00:00,16,6,10
2020-12-18 19:00:00,5,2,3
2020-12-18 20:00:00,7,4,3
2020-12-18 21:00:00,4,2,2
2020-12-18 22:00:00,4,3,1
2020-12-18 23:00:00,1,0,1
2020-12-19 00:00:00,2,0,2
2020-12-19 01:00:00,3,1,2
2020-12-19 02:00:00,0,0,0
2020-12-19 03:00:00,0,0,0
2020-12-19 04:00:00,0,0,0
2020-12-19 05:00:00,2,0,2
2020-12-19 06:00:00,2,2,0
2020-12-19 07:00:00,2,1,1
2020-12-19 08:00:00,5,0,5
2020-12-19 09:00:00,8,4,4
2020-12-19 10:00:00,7,5,2
2020-12-19 11:00:00,21,10,11
2020-12-19 12:00:00,21,14,7
2020-12-19 13:00:00,13,6,7
2020-12-19 14:00:00,9,5,4
2020-12-19 15:00:00,11,6,5
2020-12-19 16:00:00,12,9,3
2020-12-19 17:00:00,5,2,3
2020-12-19 18:00:00,5,3,2
2020-12-19 19:00:00,5,3,2
2020-12-19 20:00:00,1,0,1
2020-12-19 21:00:00,1,0,1
2020-12-19 22:00:00,0,0,0
2020-12-19 23:00:00,1,1,0
2020-12-20 00:00:00,3,2,1
2020-12-20 01:00:00,0,0,0
2020-12-20 02:00:00,0,0,0
2020-12-20 03:00:00,0,0,0
2020-12-20 04:00:00,0,0,0
2020-12-20 05:00:00,0,0,0
2020-12-20 06:00:00,2,2,0
2020-12-20 07:00:00,1,0,1
2020-12-20 08:00:00,6,2,4
2020-12-20 09:00:00,5,2,3
2020-12-20 10:00:00,16,11,5
2020-12-20 11:00:00,18,11,7
2020-12-20 12:00:00,22,8,14
2020-12-20 13:00:00,16,11,5
2020-12-20 14:00:00,16,11,5
2020-12-20 15:00:00,25,15,10
2020-12-20 16:00:00,14,6,8
2020-12-20 17:00:00,12,7,5
2020-12-20 18:00:00,10,5,5
2020-12-20 19:00:00,4,3,1
2020-12-20 20:00:00,5,2,3
2020-12-20 21:00:00,0,0,0
2020-12-20 22:00:00,1,0,1
2020-12-20 23:00:00,1,1,0
2020-12-21 00:00:00,3,3,0
2020-12-21 01:00:00,1,1,0
2020-12-21 02:00:00,0,0,0
2020-12-21 03:00:00,0,0,0
2020-12-21 04:00:00,0,0,0
2020-12-21 05:00:00,3,1,2
2020-12-21 06:00:00,9,4,5
2020-12-21 07:00:00,17,6,11
2020-12-21 08:00:00,10,3,7
2020-12-21 09:00:00,7,3,4
2020-12-21 10:00:00,8,6,2
2020-12-21 11:00:00,4,3,1
2020-12-21 12:00:00,9,4,5
2020-12-21 13:00:00,7,1,6
2020-12-21 14:00:00,8,3,5
2020-12-21 15:00:00,10,7,3
2020-12-21 16:00:00,10,9,1
2020-12-21 17:00:00,12,6,6
2020-12-21 18:00:00,1,1,0
2020-12-21 19:00:00,1,0,1
2020-12-21 20:00:00,1,0,1
2020-12-21 21:00:00,0,0,0
2020-12-21 22:00:00,1,0,1
2020-12-21 23:00:00,2,1,1
2020-12-22 00:00:00,4,1,3
2020-12-22 01:00:00,1,1,0
2020-12-22 02:00:00,1,1,0
2020-12-22 03:00:00,1,1,0
2020-12-22 04:00:00,0,0,0
2020-12-22 05:00:00,3,1,2
2020-12-22 06:00:00,8,2,6
2020-12-22 07:00:00,16,5,11
2020-12-22 08:00:00,13,6,7
2020-12-22 09:00:00,10,3,7
2020-12-22 10:00:00,5,3,2
2020-12-22 11:00:00,21,8,13
2020-12-22 12:00:00,27,12,15
2020-12-22 13:00:00,24,17,7
2020-12-22 14:00:00,16,10,6
2020-12-22 15:00:00,26,19,7
2020-12-22 16:00:00,24,16,8
2020-12-22 17:00:00,25,15,10
2020-12-22 18:00:00,5,4,1
2020-12-22 19:00:00,13,7,6
2020-12-22 20:00:00,3,2,1
2020-12-22 21:00:00,3,1,2
2020-12-22 22:00:00,3,0,3
2020-12-22 23:00:00,3,1,2
2020-12-23 00:00:00,1,1,0
2020-12-23 01:00:00,0,0,0
2020-12-23 02:00:00,0,0,0
2020-12-23 03:00:00,1,0,1
2020-12-23 04:00:00,0,0,0
2020-12-23 05:00:00,2,0,2
2020-12-23 06:00:00,9,4,5
2020-12-23 07:00:00,14,5,9
2020-12-23 08:00:00,13,5,8
2020-12-23 09:00:00,11,4,7
2020-12-23 10:00:00,7,5,2
2020-12-23 11:00:00,14,8,6
2020-12-23 12:00:00,17,10,7
2020-12-23 13:00:00,16,9,7
2020-12-23 14:00:00,26,15,11
2020-12-23 15:00:00,26,15,11
2020-12-23 16:00:00,30,18,12
2020-12-23 17:00:00,17,9,8
2020-12-23 18:00:00,15,10,5
2020-12-23 19:00:00,12,6,6
2020-12-23 20:00:00,9,6,3
2020-12-23 21:00:00,4,1,3
2020-12-23 22:00:00,3,1,2
2020-12-23 23:00:00,5,3,2
2020-12-24 00:00:00,1,1,0
2020-12-24 01:00:00,0,0,0
2020-12-24 02:00:00,0,0,0
2020-12-24 03:00:00,0,0,0
2020-12-24 04:00:00,1,1,0
2020-12-24 05:00:00,5,2,3
2020-12-24 06:00:00,6,3,3
2020-12-24 07:00:00,6,3,3
2020-12-24 08:00:00,6,3,3
2020-12-24 09:00:00,7,2,5
2020-12-24 10:00:00,17,8,9
2020-12-24 11:00:00,32,16,16
2020-12-24 12:00:00,27,20,7
2020-12-24 13:00:00,18,9,9
2020-12-24 14:00:00,20,11,9
2020-12-24 15:00:00,24,16,8
2020-12-24 16:00:00,9,8,1
2020-12-24 17:00:00,13,7,6
2020-12-24 18:00:00,5,3,2
2020-12-24 19:00:00,8,3,5
2020-12-24 20:00:00,8,4,4
2020-12-24 21:00:00,2,1,1
2020-12-24 22:00:00,0,0,0
2020-12-24 23:00:00,1,0,1
2020-12-25 00:00:00,0,0,0
2020-12-25 01:00:00,0,0,0
2020-12-25 02:00:00,1,0,1
2020-12-25 03:00:00,0,0,0
2020-12-25 04:00:00,1,1,0
2020-12-25 05:00:00,0,0,0
2020-12-25 06:00:00,0,0,0
2020-12-25 07:00:00,1,0,1
2020-12-25 08:00:00,1,1,0
2020-12-25 09:00:00,0,0,0
2020-12-25 10:00:00,2,2,0
2020-12-25 11:00:00,8,3,5
2020-12-25 12:00:00,4,1,3
2020-12-25 13:00:00,1,1,0
2020-12-25 14:00:00,10,5,5
2020-12-25 15:00:00,6,3,3
2020-12-25 16:00:00,2,1,1
2020-12-25 17:00:00,1,0,1
2020-12-25 18:00:00,0,0,0
2020-12-25 19:00:00,1,1,0
2020-12-25 20:00:00,1,0,1
2020-12-25 21:00:00,5,1,4
2020-12-25 22:00:00,0,0,0
2020-12-25 23:00:00,0,0,0
2020-12-26 00:00:00,0,0,0
2020-12-26 01:00:00,0,0,0
2020-12-26 02:00:00,1,1,0
2020-12-26 03:00:00,0,0,0
2020-12-26 04:00:00,0,0,0
2020-12-26 05:00:00,1,0,1
2020-12-26 06:00:00,4,3,1
2020-12-26 07:00:00,1,0,1
2020-12-26 08:00:00,5,2,3
2020-12-26 09:00:00,6,2,4
2020-12-26 10:00:00,13,8,5
2020-12-26 11:00:00,3,2,1
2020-12-26 12:00:00,14,6,8
2020-12-26 13:00:00,8,2,6
2020-12-26 14:00:00,24,11,13
2020-12-26 15:00:00,19,15,4
2020-12-26 16:00:00,12,8,4
2020-12-26 17:00:00,18,8,10
2020-12-26 18:00:00,12,5,7
2020-12-26 19:00:00,3,1,2
2020-12-26 20:00:00,7,2,5
2020-12-26 21:00:00,5,2,3
2020-12-26 22:00:00,2,0,2
2020-12-26 23:00:00,0,0,0
2020-12-27 00:00:00,3,1,2
2020-12-27 01:00:00,0,0,0
2020-12-27 02:00:00,0,0,0
2020-12-27 03:00:00,0,0,0
2020-12-27 04:00:00,1,1,0
2020-12-27 05:00:00,2,1,1
2020-12-27 06:00:00,4,3,1
2020-12-27 07:00:00,0,0,0
2020-12-27 08:00:00,4,2,2
2020-12-27 09:00:00,5,1,4
2020-12-27 10:00:00,4,3,1
2020-12-27 11:00:00,3,3,0
2020-12-27 12:00:00,9,3,6
2020-12-27 13:00:00,19,13,6
2020-12-27 14:00:00,8,5,3
2020-12-27 15:00:00,17,12,5
2020-12-27 16:00:00,27,22,5
2020-12-27 17:00:00,18,9,9
2020-12-27 18:00:00,22,4,18
2020-12-27 19:00:00,9,6,3
2020-12-27 20:00:00,4,3,1
2020-12-27 21:00:00,2,1,1
2020-12-27 22:00:00,3,1,2
2020-12-27 23:00:00,1,1,0
2020-12-28 00:00:00,0,0,0
2020-12-28 01:00:00,1,1,0
2020-12-28 02:00:00,0,0,0
2020-12-28 03:00:00,0,0,0
2020-12-28 04:00:00,1,0,1
2020-12-28 05:00:00,2,0,2
2020-12-28 06:00:00,10,4,6
2020-12-28 07:00:00,9,5,4
2020-12-28 08:00:00,11,4,7
2020-12-28 09:00:00,11,2,9
2020-12-28 10:00:00,19,13,6
2020-12-28 11:00:00,23,15,8
2020-12-28 12:00:00,30,13,17
2020-12-28 13:00:00,39,21,18
2020-12-28 14:00:00,30,17,13
2020-12-28 15:00:00,29,19,10
2020-12-28 16:00:00,39,19,20
2020-12-28 17:00:00,15,7,8
2020-12-28 18:00:00,18,12,6
2020-12-28 19:00:00,11,2,9
2020-12-28 20:00:00,5,3,2
2020-12-28 21:00:00,5,3,2
2020-12-28 22:00:00,8,6,2
2020-12-28 23:00:00,1,0,1
2020-12-29 00:00:00,1,0,1
2020-12-29 01:00:00,0,0,0
2020-12-29 02:00:00,2,1,1
2020-12-29 03:00:00,0,0,0
2020-12-29 04:00:00,1,1,0
2020-12-29 05:00:00,5,1,4
2020-12-29 06:00:00,8,2,6
2020-12-29 07:00:00,13,7,6
2020-12-29 08:00:00,16,5,11
2020-12-29 09:00:00,6,3,3
2020-12-29 10:00:00,11,5,6
2020-12-29 11:00:00,11,4,7
2020-12-29 12:00:00,21,11,10
2020-12-29 13:00:00,25,13,12
2020-12-29 14:00:00,27,19,8
2020-12-29 15:00:00,14,10,4
2020-12-29 16:00:00,26,16,10
2020-12-29 17:00:00,14,8,6
2020-12-29 18:00:00,9,7,2
2020-12-29 19:00:00,7,2,5
2020-12-29 20:00:00,5,2,3
2020-12-29 21:00:00,8,5,3
2020-12-29 22:00:00,2,0,2
2020-12-29 23:00:00,5,1,4
2020-12-30 00:00:00,1,1,0
2020-12-30 01:00:00,0,0,0
2020-12-30 02:00:00,0,0,0
2020-12-30 03:00:00,0,0,0
2020-12-30 04:00:00,1,1,0
2020-12-30 05:00:00,3,0,3
2020-12-30 06:00:00,8,3,5
2020-12-30 07:00:00,12,7,5
2020-12-30 08:00:00,8,2,6
2020-12-30 09:00:00,4,1,3
2020-12-30 10:00:00,7,5,2
2020-12-30 11:00:00,16,8,8
2020-12-30 12:00:00,17,9,8
2020-12-30 13:00:00,13,9,4
2020-12-30 14:00:00,12,8,4
2020-12-30 15:00:00,7,5,2
2020-12-30 16:00:00,15,9,6
2020-12-30 17:00:00,9,6,3
2020-12-30 18:00:00,9,7,2
2020-12-30 19:00:00,1,1,0
2020-12-30 20:00:00,3,0,3
2020-12-30 21:00:00,2,0,2
2020-12-30 22:00:00,4,0,4
2020-12-30 23:00:00,2,0,2
2020-12-31 00:00:00,0,0,0
2020-12-31 01:00:00,0,0,0
2020-12-31 02:00:00,0,0,0
2020-12-31 03:00:00,0,0,0
2020-12-31 04:00:00,0,0,0
2020-12-31 05:00:00,3,1,2
2020-12-31 06:00:00,6,2,4
2020-12-31 07:00:00,12,5,7
2020-12-31 08:00:00,11,7,4
2020-12-31 09:00:00,6,1,5
2020-12-31 10:00:00,11,5,6
2020-12-31 11:00:00,16,8,8
2020-12-31 12:00:00,25,16,9
2020-12-31 13:00:00,30,18,12
2020-12-31 14:00:00,32,22,10
2020-12-31 15:00:00,29,17,12
2020-12-31 16:00:00,18,12,6
2020-12-31 17:00:00,13,9,4
2020-12-31 18:00:00,13,5,8
2020-12-31 19:00:00,5,3,2
2020-12-31 20:00:00,10,4,6
2020-12-31 21:00:00,9,5,4
2020-12-31 22:00:00,7,2,5
2020-12-31 23:00:00,2,1,1
2021-01-01 00:00:00,4,3,1
2021-01-01 01:00:00,1,0,1
2021-01-01 02:00:00,5,2,3
2021-01-01 03:00:00,0,0,0
2021-01-01 04:00:00,0,0,0
2021-01-01 05:00:00,1,0,1
2021-01-01 06:00:00,1,1,0
2021-01-01 07:00:00,4,2,2
2021-01-01 08:00:00,2,1,1
2021-01-01 09:00:00,2,1,1
2021-01-01 10:00:00,2,0,2
2021-01-01 11:00:00,5,5,0
2021-01-01 12:00:00,7,6,1
2021-01-01 13:00:00,12,4,8
2021-01-01 14:00:00,12,1,11
2021-01-01 15:00:00,5,4,1
2021-01-01 16:00:00,11,6,5
2021-01-01 17:00:00,10,4,6
2021-01-01 18:00:00,6,1,5
2021-01-01 19:00:00,6,3,3
2021-01-01 20:00:00,8,6,2
2021-01-01 21:00:00,8,4,4
2021-01-01 22:00:00,4,3,1
2021-01-01 23:00:00,5,2,3
2021-01-02 00:00:00,7,5,2
2021-01-02 01:00:00,1,1,0
2021-01-02 02:00:00,1,1,0
2021-01-02 03:00:00,1,0,1
2021-01-02 04:00:00,1,0,1
2021-01-02 05:00:00,1,0,1
2021-01-02 06:00:00,4,4,0
2021-01-02 07:00:00,5,1,4
2021-01-02 08:00:00,1,0,1
2021-01-02 09:00:00,1,0,1
2021-01-02 10:00:00,3,1,2
2021-01-02 11:00:00,1,0,1
2021-01-02 12:00:00,8,5,3
2021-01-02 13:00:00,5,5,0
2021-01-02 14:00:00,2,0,2
2021-01-02 15:00:00,5,3,2
2021-01-02 16:00:00,6,4,2
2021-01-02 17:00:00,4,2,2
2021-01-02 18:00:00,5,3,2
2021-01-02 19:00:00,3,1,2
2021-01-02 20:00:00,5,3,2
2021-01-02 21:00:00,2,0,2
2021-01-02 22:00:00,2,1,1
2021-01-02 23:00:00,0,0,0
2021-01-03 00:00:00,1,1,0
2021-01-03 01:00:00,0,0,0
2021-01-03 02:00:00,1,1,0
2021-01-03 03:00:00,0,0,0
2021-01-03 04:00:00,0,0,0
2021-01-03 05:00:00,0,0,0
2021-01-03 06:00:00,3,2,1
2021-01-03 07:00:00,2,0,2
2021-01-03 08:00:00,4,2,2
2021-01-03 09:00:00,5,2,3
2021-01-03 10:00:00,3,0,3
2021-01-03 11:00:00,7,3,4
2021-01-03 12:00:00,14,9,5
2021-01-03 13:00:00,14,8,6
2021-01-03 14:00:00,12,6,6
2021-01-03 15:00:00,26,12,14
2021-01-03 16:00:00,14,5,9
2021-01-03 17:00:00,12,5,7
2021-01-03 18:00:00,6,1,5
2021-01-03 19:00:00,7,3,4
2021-01-03 20:00:00,5,3,2
2021-01-03 21:00:00,6,1,5
2021-01-03 22:00:00,2,2,0
2021-01-03 23:00:00,1,0,1
2021-01-04 00:00:00,0,0,0
2021-01-04 01:00:00,1,1,0
2021-01-04 02:00:00,0,0,0
2021-01-04 03:00:00,0,0,0
2021-01-04 04:00:00,0,0,0
2021-01-04 05:00:00,7,3,4
2021-01-04 06:00:00,13,5,8
2021-01-04 07:00:00,10,5,5
2021-01-04 08:00:00,16,8,8
2021-01-04 09:00:00,10,4,6
2021-01-04 10:00:00,9,6,3
2021-01-04 11:00:00,10,6,4
2021-01-04 12:00:00,11,5,6
2021-01-04 13:00:00,6,4,2
2021-01-04 14:00:00,9,5,4
2021-01-04 15:00:00,17,14,3
2021-01-04 16:00:00,25,18,7
2021-01-04 17:00:00,17,10,7
2021-01-04 18:00:00,10,6,4
2021-01-04 19:00:00,8,6,2
2021-01-04 20:00:00,6,1,5
2021-01-04 21:00:00,4,1,3
2021-01-04 22:00:00,0,0,0
2021-01-04 23:00:00,1,0,1
2021-01-05 00:00:00,1,0,1
2021-01-05 01:00:00,0,0,0
2021-01-05 02:00:00,0,0,0
2021-01-05 03:00:00,0,0,0
2021-01-05 04:00:00,0,0,0
2021-01-05 05:00:00,9,2,7
2021-01-05 06:00:00,15,3,12
2021-01-05 07:00:00,14,6,8
2021-01-05 08:00:00,23,10,13
2021-01-05 09:00:00,7,5,2
2021-01-05 10:00:00,7,4,3
2021-01-05 11:00:00,17,9,8
2021-01-05 12:00:00,22,10,12
2021-01-05 13:00:00,10,6,4
2021-01-05 14:00:00,5,5,0
2021-01-05 15:00:00,17,14,3
2021-01-05 16:00:00,23,14,9
2021-01-05 17:00:00,21,12,9
2021-01-05 18:00:00,8,6,2
2021-01-05 19:00:00,4,1,3
2021-01-05 20:00:00,5,2,3
2021-01-05 21:00:00,2,1,1
2021-01-05 22:00:00,1,0,1
2021-01-05 23:00:00,5,2,3
2021-01-06 00:00:00,0,0,0
2021-01-06 01:00:00,1,1,0
2021-01-06 02:00:00,1,0,1
2021-01-06 03:00:00,0,0,0
2021-01-06 04:00:00,0,0,0
2021-01-06 05:00:00,7,2,5
2021-01-06 06:00:00,15,1,14
2021-01-06 07:00:00,16,7,9
2021-01-06 08:00:00,22,9,13
2021-01-06 09:00:00,10,5,5
2021-01-06 10:00:00,8,3,5
2021-01-06 11:00:00,19,13,6
2021-01-06 12:00:00,21,11,10
2021-01-06 13:00:00,14,8,6
2021-01-06 14:00:00,25,15,10
2021-01-06 15:00:00,23,13,10
2021-01-06 16:00:00,35,23,12
2021-01-06 17:00:00,26,16,10
2021-01-06 18:00:00,11,4,7
2021-01-06 19:00:00,13,7,6
2021-01-06 20:00:00,6,3,3
2021-01-06 21:00:00,2,1,1
2021-01-06 22:00:00,4,2,2
2021-01-06 23:00:00,6,2,4
2021-01-07 00:00:00,0,0,0
2021-01-07 01:00:00,0,0,0
2021-01-07 02:00:00,1,1,0
2021-01-07 03:00:00,0,0,0
2021-01-07 04:00:00,0,0,0
2021-01-07 05:00:00,3,1,2
2021-01-07 06:00:00,21,8,13
2021-01-07 07:00:00,28,8,20
2021-01-07 08:00:00,19,8,11
2021-01-07 09:00:00,13,5,8
2021-01-07 10:00:00,7,5,2
2021-01-07 11:00:00,18,7,11
2021-01-07 12:00:00,19,7,12
2021-01-07 13:00:00,17,8,9
2021-01-07 14:00:00,30,23,7
2021-01-07 15:00:00,32,20,12
2021-01-07 16:00:00,32,23,9
2021-01-07 17:00:00,34,21,13
2021-01-07 18:00:00,17,9,8
2021-01-07 19:00:00,8,5,3
2021-01-07 20:00:00,10,4,6
2021-01-07 21:00:00,3,1,2
2021-01-07 22:00:00,3,1,2
2021-01-07 23:00:00,3,0,3
2021-01-08 00:00:00,3,0,3
2021-01-08 01:00:00,4,3,1
2021-01-08 02:00:00,0,0,0
2021-01-08 03:00:00,1,1,0
2021-01-08 04:00:00,0,0,0
2021-01-08 05:00:00,6,3,3
2021-01-08 06:00:00,13,1,12
2021-01-08 07:00:00,16,3,13
2021-01-08 08:00:00,13,8,5
2021-01-08 09:00:00,10,4,6
2021-01-08 10:00:00,6,4,2
2021-01-08 11:00:00,5,0,5
2021-01-08 12:00:00,16,9,7
2021-01-08 13:00:00,17,6,11
2021-01-08 14:00:00,14,8,6
2021-01-08 15:00:00,13,9,4
2021-01-08 16:00:00,17,10,7
2021-01-08 17:00:00,22,14,8
2021-01-08 18:00:00,13,6,7
2021-01-08 19:00:00,6,4,2
2021-01-08 20:00:00,11,6,5
2021-01-08 21:00:00,11,7,4
2021-01-08 22:00:00,4,1,3
2021-01-08 23:00:00,9,5,4
2021-01-09 00:00:00,5,2,3
2021-01-09 01:00:00,1,1,0
2021-01-09 02:00:00,0,0,0
2021-01-09 03:00:00,0,0,0
2021-01-09 04:00:00,1,0,1
2021-01-09 05:00:00,1,0,1
2021-01-09 06:00:00,3,2,1
2021-01-09 07:00:00,2,1,1
2021-01-09 08:00:00,5,0,5
2021-01-09 09:00:00,15,11,4
2021-01-09 10:00:00,13,8,5
2021-01-09 11:00:00,19,16,3
2021-01-09 12:00:00,33,25,8
2021-01-09 13:00:00,29,19,10
2021-01-09 14:00:00,35,16,19
2021-01-09 15:00:00,22,14,8
2021-01-09 16:00:00,15,7,8
2021-01-09 17:00:00,16,11,5
2021-01-09 18:00:00,20,9,11
2021-01-09 19:00:00,8,4,4
2021-01-09 20:00:00,5,3,2
2021-01-09 21:00:00,7,4,3
2021-01-09 22:00:00,6,4,2
2021-01-09 23:00:00,2,1,1
2021-01-10 00:00:00,3,2,1
2021-01-10 01:00:00,0,0,0
2021-01-10 02:00:00,0,0,0
2021-01-10 03:00:00,0,0,0
2021-01-10 04:00:00,0,0,0
2021-01-10 05:00:00,1,0,1
2021-01-10 06:00:00,1,1,0
2021-01-10 07:00:00,4,1,3
2021-01-10 08:00:00,0,0,0
2021-01-10 09:00:00,10,6,4
2021-01-10 10:00:00,7,4,3
2021-01-10 11:00:00,28,14,14
2021-01-10 12:00:00,17,6,11
2021-01-10 13:00:00,21,14,7
2021-01-10 14:00:00,25,14,11
2021-01-10 15:00:00,25,12,13
2021-01-10 16:00:00,14,7,7
2021-01-10 17:00:00,17,11,6
2021-01-10 18:00:00,6,2,4
2021-01-10 19:00:00,8,5,3
2021-01-10 20:00:00,3,3,0
2021-01-10 21:00:00,6,2,4
2021-01-10 22:00:00,1,1,0
2021-01-10 23:00:00,1,0,1
2021-01-11 00:00:00,1,1,0
2021-01-11 01:00:00,0,0,0
2021-01-11 02:00:00,0,0,0
2021-01-11 03:00:00,0,0,0
2021-01-11 04:00:00,0,0,0
2021-01-11 05:00:00,4,1,3
2021-01-11 06:00:00,14,4,10
2021-01-11 07:00:00,16,7,9
2021-01-11 08:00:00,9,3,6
2021-01-11 09:00:00,10,5,5
2021-01-11 10:00:00,5,5,0
2021-01-11 11:00:00,12,8,4
2021-01-11 12:00:00,12,5,7
2021-01-11 13:00:00,11,4,7
2021-01-11 14:00:00,9,6,3
2021-01-11 15:00:00,16,12,4
2021-01-11 16:00:00,17,10,7
2021-01-11 17:00:00,18,9,9
2021-01-11 18:00:00,8,5,3
2021-01-11 19:00:00,2,0,2
2021-01-11 20:00:00,3,0,3
2021-01-11 21:00:00,4,1,3
2021-01-11 22:00:00,1,0,1
2021-01-11 23:00:00,0,0,0
2021-01-12 00:00:00,0,0,0
2021-01-12 01:00:00,1,0,1
2021-01-12 02:00:00,0,0,0
2021-01-12 03:00:00,1,1,0
2021-01-12 04:00:00,0,0,0
2021-01-12 05:00:00,6,2,4
2021-01-12 06:00:00,8,3,5
2021-01-12 07:00:00,9,4,5
2021-01-12 08:00:00,19,5,14
2021-01-12 09:00:00,10,3,7
2021-01-12 10:00:00,5,2,3
2021-01-12 11:00:00,10,5,5
2021-01-12 12:00:00,10,6,4
2021-01-12 13:00:00,13,5,8
2021-01-12 14:00:00,13,7,6
2021-01-12 15:00:00,19,13,6
2021-01-12 16:00:00,26,19,7
2021-01-12 17:00:00,14,6,8
2021-01-12 18:00:00,8,2,6
2021-01-12 19:00:00,7,4,3
2021-01-12 20:00:00,2,1,1
2021-01-12 21:00:00,1,0,1
2021-01-12 22:00:00,4,2,2
2021-01-12 23:00:00,3,1,2
2021-01-13 00:00:00,1,0,1
2021-01-13 01:00:00,0,0,0
2021-01-13 02:00:00,0,0,0
2021-01-13 03:00:00,1,0,1
2021-01-13 04:00:00,0,0,0
2021-01-13 05:00:00,5,1,4
2021-01-13 06:00:00,12,5,7
2021-01-13 07:00:00,26,12,14
2021-01-13 08:00:00,19,10,9
2021-01-13 09:00:00,16,6,10
2021-01-13 10:00:00,15,7,8
2021-01-13 11:00:00,14,6,8
2021-01-13 12:00:00,18,13,5
2021-01-13 13:00:00,30,22,8
2021-01-13 14:00:00,34,22,12
2021-01-13 15:00:00,36,21,15
2021-01-13 16:00:00,40,29,11
2021-01-13 17:00:00,31,17,14
2021-01-13 18:00:00,11,6,5
2021-01-13 19:00:00,9,4,5
2021-01-13 20:00:00,7,2,5
2021-01-13 21:00:00,2,2,0
2021-01-13 22:00:00,3,0,3
2021-01-13 23:00:00,2,1,1
2021-01-14 00:00:00,1,0,1
2021-01-14 01:00:00,1,0,1
2021-01-14 02:00:00,1,1,0
2021-01-14 03:00:00,0,0,0
2021-01-14 04:00:00,0,0,0
2021-01-14 05:00:00,10,1,9
2021-01-14 06:00:00,17,4,13
2021-01-14 07:00:00,26,14,12
2021-01-14 08:00:00,23,11,12
2021-01-14 09:00:00,19,8,11
2021-01-14 10:00:00,7,3,4
2021-01-14 11:00:00,19,12,7
2021-01-14 12:00:00,28,14,14
2021-01-14 13:00:00,20,8,12
2021-01-14 14:00:00,27,17,10
2021-01-14 15:00:00,27,17,10
2021-01-14 16:00:00,30,13,17
2021-01-14 17:00:00,38,27,11
2021-01-14 18:00:00,18,8,10
2021-01-14 19:00:00,15,7,8
2021-01-14 20:00:00,3,1,2
2021-01-14 21:00:00,5,2,3
2021-01-14 22:00:00,2,0,2
2021-01-14 23:00:00,1,0,1
2021-01-15 00:00:00,0,0,0
2021-01-15 01:00:00,1,1,0
2021-01-15 02:00:00,0,0,0
2021-01-15 03:00:00,0,0,0
2021-01-15 04:00:00,0,0,0
2021-01-15 05:00:00,8,3,5
2021-01-15 06:00:00,9,5,4
2021-01-15 07:00:00,23,8,15
2021-01-15 08:00:00,19,8,11
2021-01-15 09:00:00,18,6,12
2021-01-15 10:00:00,10,6,4
2021-01-15 11:00:00,13,5,8
2021-01-15 12:00:00,22,11,11
2021-01-15 13:00:00,30,20,10
2021-01-15 14:00:00,21,9,12
2021-01-15 15:00:00,19,15,4
2021-01-15 16:00:00,29,17,12
2021-01-15 17:00:00,34,20,14
2021-01-15 18:00:00,16,10,6
2021-01-15 19:00:00,12,9,3
2021-01-15 20:00:00,11,8,3
2021-01-15 21:00:00,2,2,0
2021-01-15 22:00:00,3,0,3
2021-01-15 23:00:00,3,1,2
2021-01-16 00:00:00,3,0,3
2021-01-16 01:00:00,4,1,3
2021-01-16 02:00:00,0,0,0
2021-01-16 03:00:00,1,0,1
2021-01-16 04:00:00,0,0,0
2021-01-16 05:00:00,1,0,1
2021-01-16 06:00:00,0,0,0
2021-01-16 07:00:00,1,0,1
2021-01-16 08:00:00,8,3,5
2021-01-16 09:00:00,10,4,6
2021-01-16 10:00:00,15,5,10
2021-01-16 11:00:00,27,15,12
2021-01-16 12:00:00,32,27,5
2021-01-16 13:00:00,35,17,18
2021-01-16 14:00:00,32,10,22
2021-01-16 15:00:00,28,20,8
2021-01-16 16:00:00,31,14,17
2021-01-16 17:00:00,18,9,9
2021-01-16 18:00:00,8,3,5
2021-01-16 19:00:00,8,5,3
2021-01-16 20:00:00,7,4,3
2021-01-16 21:00:00,5,4,1
2021-01-16 22:00:00,4,1,3
2021-01-16 23:00:00,0,0,0
2021-01-17 00:00:00,0,0,0
2021-01-17 01:00:00,0,0,0
2021-01-17 02:00:00,0,0,0
2021-01-17 03:00:00,0,0,0
2021-01-17 04:00:00,0,0,0
2021-01-17 05:00:00,1,0,1
2021-01-17 06:00:00,0,0,0
2021-01-17 07:00:00,2,0,2
2021-01-17 08:00:00,10,5,5
2021-01-17 09:00:00,11,7,4
2021-01-17 10:00:00,16,9,7
2021-01-17 11:00:00,20,10,10
2021-01-17 12:00:00,22,13,9
2021-01-17 13:00:00,12,8,4
2021-01-17 14:00:00,31,15,16
2021-01-17 15:00:00,13,7,6
2021-01-17 16:00:00,19,11,8
2021-01-17 17:00:00,17,12,5
2021-01-17 18:00:00,11,3,8
2021-01-17 19:00:00,9,4,5
2021-01-17 20:00:00,10,5,5
2021-01-17 21:00:00,7,5,2
2021-01-17 22:00:00,13,3,10
2021-01-17 23:00:00,0,0,0
2021-01-18 00:00:00,1,1,0
2021-01-18 01:00:00,2,2,0
2021-01-18 02:00:00,2,2,0
2021-01-18 03:00:00,0,0,0
2021-01-18 04:00:00,0,0,0
2021-01-18 05:00:00,5,1,4
2021-01-18 06:00:00,9,6,3
2021-01-18 07:00:00,8,4,4
2021-01-18 08:00:00,16,11,5
2021-01-18 09:00:00,14,6,8
2021-01-18 10:00:00,13,8,5
2021-01-18 11:00:00,19,11,8
2021-01-18 12:00:00,32,24,8
2021-01-18 13:00:00,26,14,12
2021-01-18 14:00:00,38,20,18
2021-01-18 15:00:00,48,23,25
2021-01-18 16:00:00,21,14,7
2021-01-18 17:00:00,23,11,12
2021-01-18 18:00:00,11,7,4
2021-01-18 19:00:00,12,6,6
2021-01-18 20:00:00,4,3,1
2021-01-18 21:00:00,6,3,3
2021-01-18 22:00:00,5,2,3
2021-01-18 23:00:00,1,0,1
2021-01-19 00:00:00,1,1,0
2021-01-19 01:00:00,0,0,0
2021-01-19 02:00:00,1,1,0
2021-01-19 03:00:00,1,0,1
2021-01-19 04:00:00,0,0,0
2021-01-19 05:00:00,7,3,4
2021-01-19 06:00:00,14,4,10
2021-01-19 07:00:00,17,6,11
2021-01-19 08:00:00,16,8,8
2021-01-19 09:00:00,16,9,7
2021-01-19 10:00:00,7,2,5
2021-01-19 11:00:00,8,3,5
2021-01-19 12:00:00,19,13,6
2021-01-19 13:00:00,23,12,11
2021-01-19 14:00:00,26,18,8
2021-01-19 15:00:00,24,16,8
2021-01-19 16:00:00,27,14,13
2021-01-19 17:00:00,29,20,9
2021-01-19 18:00:00,10,5,5
2021-01-19 19:00:00,5,2,3
2021-01-19 20:00:00,7,3,4
2021-01-19 21:00:00,7,2,5
2021-01-19 22:00:00,4,1,3
2021-01-19 23:00:00,0,0,0
2021-01-20 00:00:00,0,0,0
2021-01-20 01:00:00,0,0,0
2021-01-20 02:00:00,3,2,1
2021-01-20 03:00:00,3,2,1
2021-01-20 04:00:00,0,0,0
2021-01-20 05:00:00,4,1,3
2021-01-20 06:00:00,15,4,11
2021-01-20 07:00:00,20,6,14
2021-01-20 08:00:00,13,8,5
2021-01-20 09:00:00,22,10,12
2021-01-20 10:00:00,9,4,5
2021-01-20 11:00:00,11,7,4
2021-01-20 12:00:00,16,8,8
2021-01-20 13:00:00,11,5,6
2021-01-20 14:00:00,14,13,1
2021-01-20 15:00:00,21,17,4
2021-01-20 16:00:00,25,14,11
2021-01-20 17:00:00,31,23,8
2021-01-20 18:00:00,40,20,20
2021-01-20 19:00:00,13,5,8
2021-01-20 20:00:00,25,6,19
2021-01-20 21:00:00,18,3,15
2021-01-20 22:00:00,5,1,4
2021-01-20 23:00:00,4,1,3
2021-01-21 00:00:00,3,2,1
2021-01-21 01:00:00,0,0,0
2021-01-21 02:00:00,3,3,0
2021-01-21 03:00:00,0,0,0
2021-01-21 04:00:00,1,1,0
2021-01-21 05:00:00,4,1,3
2021-01-21 06:00:00,12,3,9
2021-01-21 07:00:00,20,5,15
2021-01-21 08:00:00,17,12,5
2021-01-21 09:00:00,13,1,12
2021-01-21 10:00:00,6,4,2
2021-01-21 11:00:00,12,4,8
2021-01-21 12:00:00,8,7,1
2021-01-21 13:00:00,22,7,15
2021-01-21 14:00:00,21,13,8
2021-01-21 15:00:00,21,15,6
2021-01-21 16:00:00,25,14,11
2021-01-21 17:00:00,35,23,12
2021-01-21 18:00:00,14,7,7
2021-01-21 19:00:00,7,1,6
2021-01-21 20:00:00,4,0,4
2021-01-21 21:00:00,4,0,4
2021-01-21 22:00:00,4,1,3
2021-01-21 23:00:00,2,1,1
2021-01-22 00:00:00,0,0,0
2021-01-22 01:00:00,0,0,0
2021-01-22 02:00:00,2,0,2
2021-01-22 03:00:00,0,0,0
2021-01-22 04:00:00,0,0,0
2021-01-22 05:00:00,7,3,4
2021-01-22 06:00:00,11,3,8
2021-01-22 07:00:00,20,8,12
2021-01-22 08:00:00,17,8,9
2021-01-22 09:00:00,14,5,9
2021-01-22 10:00:00,9,3,6
2021-01-22 11:00:00,11,6,5
2021-01-22 12:00:00,16,8,8
2021-01-22 13:00:00,21,11,10
2021-01-22 14:00:00,27,15,12
2021-01-22 15:00:00,33,28,5
2021-01-22 16:00:00,31,20,11
2021-01-22 17:00:00,30,14,16
2021-01-22 18:00:00,13,8,5
2021-01-22 19:00:00,8,5,3
2021-01-22 20:00:00,5,2,3
2021-01-22 21:00:00,0,0,0
2021-01-22 22:00:00,0,0,0
2021-01-22 23:00:00,1,0,1
2021-01-23 00:00:00,0,0,0
2021-01-23 01:00:00,0,0,0
2021-01-23 02:00:00,0,0,0
2021-01-23 03:00:00,0,0,0
2021-01-23 04:00:00,0,0,0
2021-01-23 05:00:00,2,1,1
2021-01-23 06:00:00,0,0,0
2021-01-23 07:00:00,0,0,0
2021-01-23 08:00:00,5,2,3
2021-01-23 09:00:00,9,4,5
2021-01-23 10:00:00,15,13,2
2021-01-23 11:00:00,24,12,12
2021-01-23 12:00:00,20,10,10
2021-01-23 13:00:00,33,21,12
2021-01-23 14:00:00,45,26,19
2021-01-23 15:00:00,43,25,18
2021-01-23 16:00:00,38,23,15
2021-01-23 17:00:00,28,12,16
2021-01-23 18:00:00,7,2,5
2021-01-23 19:00:00,15,4,11
2021-01-23 20:00:00,7,4,3
2021-01-23 21:00:00,8,5,3
2021-01-23 22:00:00,12,10,2
2021-01-23 23:00:00,5,0,5
2021-01-24 00:00:00,0,0,0
2021-01-24 01:00:00,0,0,0
2021-01-24 02:00:00,0,0,0
2021-01-24 03:00:00,0,0,0
2021-01-24 04:00:00,2,2,0
2021-01-24 05:00:00,2,0,2
2021-01-24 06:00:00,1,0,1
2021-01-24 07:00:00,1,0,1
2021-01-24 08:00:00,8,3,5
2021-01-24 09:00:00,9,4,5
2021-01-24 10:00:00,9,4,5
2021-01-24 11:00:00,5,4,1
2021-01-24 12:00:00,8,4,4
2021-01-24 13:00:00,3,2,1
2021-01-24 14:00:00,6,3,3
2021-01-24 15:00:00,4,2,2
2021-01-24 16:00:00,12,7,5
2021-01-24 17:00:00,8,2,6
2021-01-24 18:00:00,4,3,1
2021-01-24 19:00:00,0,0,0
2021-01-24 20:00:00,3,1,2
2021-01-24 21:00:00,2,1,1
2021-01-24 22:00:00,2,1,1
2021-01-24 23:00:00,0,0,0
2021-01-25 00:00:00,2,1,1
2021-01-25 01:00:00,0,0,0
2021-01-25 02:00:00,0,0,0
2021-01-25 03:00:00,0,0,0
2021-01-25 04:00:00,2,2,0
2021-01-25 05:00:00,4,1,3
2021-01-25 06:00:00,9,4,5
2021-01-25 07:00:00,26,11,15
2021-01-25 08:00:00,27,8,19
2021-01-25 09:00:00,14,7,7
2021-01-25 10:00:00,6,5,1
2021-01-25 11:00:00,12,8,4
2021-01-25 12:00:00,19,11,8
2021-01-25 13:00:00,13,6,7
2021-01-25 14:00:00,16,12,4
2021-01-25 15:00:00,21,13,8
2021-01-25 16:00:00,22,15,7
2021-01-25 17:00:00,27,19,8
2021-01-25 18:00:00,16,10,6
2021-01-25 19:00:00,4,2,2
2021-01-25 20:00:00,5,1,4
2021-01-25 21:00:00,3,2,1
2021-01-25 22:00:00,0,0,0
2021-01-25 23:00:00,3,1,2
2021-01-26 00:00:00,1,0,1
2021-01-26 01:00:00,0,0,0
2021-01-26 02:00:00,1,1,0
2021-01-26 03:00:00,0,0,0
2021-01-26 04:00:00,0,0,0
2021-01-26 05:00:00,7,1,6
2021-01-26 06:00:00,18,6,12
2021-01-26 07:00:00,18,7,11
2021-01-26 08:00:00,23,8,15
2021-01-26 09:00:00,9,4,5
2021-01-26 10:00:00,13,6,7
2021-01-26 11:00:00,15,7,8
2021-01-26 12:00:00,18,11,7
2021-01-26 13:00:00,21,9,12
2021-01-26 14:00:00,20,15,5
2021-01-26 15:00:00,18,11,7
2021-01-26 16:00:00,22,15,7
2021-01-26 17:00:00,30,20,10
2021-01-26 18:00:00,11,6,5
2021-01-26 19:00:00,8,1,7
2021-01-26 20:00:00,5,2,3
2021-01-26 21:00:00,0,0,0
2021-01-26 22:00:00,6,0,6
2021-01-26 23:00:00,4,3,1
2021-01-27 00:00:00,0,0,0
2021-01-27 01:00:00,0,0,0
2021-01-27 02:00:00,0,0,0
2021-01-27 03:00:00,2,2,0
2021-01-27 04:00:00,1,1,0
2021-01-27 05:00:00,8,1,7
2021-01-27 06:00:00,9,3,6
2021-01-27 07:00:00,23,6,17
2021-01-27 08:00:00,18,6,12
2021-01-27 09:00:00,13,5,8
2021-01-27 10:00:00,6,5,1
2021-01-27 11:00:00,10,5,5
2021-01-27 12:00:00,18,10,8
2021-01-27 13:00:00,16,10,6
2021-01-27 14:00:00,23,15,8
2021-01-27 15:00:00,18,14,4
2021-01-27 16:00:00,18,8,10
2021-01-27 17:00:00,23,16,7
2021-01-27 18:00:00,22,14,8
2021-01-27 19:00:00,13,5,8
2021-01-27 20:00:00,11,4,7
2021-01-27 21:00:00,1,0,1
2021-01-27 22:00:00,4,0,4
2021-01-27 23:00:00,2,1,1
2021-01-28 00:00:00,0,0,0
2021-01-28 01:00:00,2,2,0
2021-01-28 02:00:00,0,0,0
2021-01-28 03:00:00,0,0,0
2021-01-28 04:00:00,0,0,0
2021-01-28 05:00:00,10,3,7
2021-01-28 06:00:00,9,3,6
2021-01-28 07:00:00,22,2,20
2021-01-28 08:00:00,13,8,5
2021-01-28 09:00:00,8,3,5
2021-01-28 10:00:00,4,2,2
2021-01-28 11:00:00,8,5,3
2021-01-28 12:00:00,11,9,2
2021-01-28 13:00:00,19,8,11
2021-01-28 14:00:00,27,13,14
2021-01-28 15:00:00,26,18,8
2021-01-28 16:00:00,28,18,10
2021-01-28 17:00:00,32,19,13
2021-01-28 18:00:00,12,8,4
2021-01-28 19:00:00,21,8,13
2021-01-28 20:00:00,4,1,3
2021-01-28 21:00:00,11,5,6
2021-01-28 22:00:00,0,0,0
2021-01-28 23:00:00,4,1,3
2021-01-29 00:00:00,0,0,0
2021-01-29 01:00:00,0,0,0
2021-01-29 02:00:00,1,0,1
2021-01-29 03:00:00,0,0,0
2021-01-29 04:00:00,0,0,0
2021-01-29 05:00:00,7,2,5
2021-01-29 06:00:00,8,2,6
2021-01-29 07:00:00,26,10,16
2021-01-29 08:00:00,17,8,9
2021-01-29 09:00:00,16,8,8
2021-01-29 10:00:00,13,5,8
2021-01-29 11:00:00,20,12,8
2021-01-29 12:00:00,19,11,8
2021-01-29 13:00:00,14,8,6
2021-01-29 14:00:00,22,13,9
2021-01-29 15:00:00,23,16,7
2021-01-29 16:00:00,30,18,12
2021-01-29 17:00:00,30,23,7
2021-01-29 18:00:00,14,9,5
2021-01-29 19:00:00,10,4,6
2021-01-29 20:00:00,5,1,4
2021-01-29 21:00:00,6,3,3
2021-01-29 22:00:00,3,1,2
2021-01-29 23:00:00,0,0,0
2021-01-30 00:00:00,2,1,1
2021-01-30 01:00:00,2,1,1
2021-01-30 02:00:00,1,0,1
2021-01-30 03:00:00,1,1,0
2021-01-30 04:00:00,1,1,0
2021-01-30 05:00:00,2,0,2
2021-01-30 06:00:00,1,0,1
2021-01-30 07:00:00,6,2,4
2021-01-30 08:00:00,4,2,2
2021-01-30 09:00:00,13,7,6
2021-01-30 10:00:00,9,3,6
2021-01-30 11:00:00,17,12,5
2021-01-30 12:00:00,15,9,6
2021-01-30 13:00:00,11,5,6
2021-01-30 14:00:00,20,14,6
2021-01-30 15:00:00,13,6,7
2021-01-30 16:00:00,18,8,10
2021-01-30 17:00:00,15,8,7
2021-01-30 18:00:00,7,4,3
2021-01-30 19:00:00,5,4,1
2021-01-30 20:00:00,4,3,1
2021-01-30 21:00:00,2,2,0
2021-01-30 22:00:00,1,0,1
2021-01-30 23:00:00,3,1,2
2021-01-31 00:00:00,1,0,1
2021-01-31 01:00:00,1,1,0
2021-01-31 02:00:00,0,0,0
2021-01-31 03:00:00,1,1,0
2021-01-31 04:00:00,0,0,0
2021-01-31 05:00:00,1,0,1
2021-01-31 06:00:00,2,1,1
2021-01-31 07:00:00,3,1,2
2021-01-31 08:00:00,3,0,3
2021-01-31 09:00:00,8,3,5
2021-01-31 10:00:00,9,5,4
2021-01-31 11:00:00,5,3,2
2021-01-31 12:00:00,12,6,6
2021-01-31 13:00:00,5,2,3
2021-01-31 14:00:00,4,3,1
2021-01-31 15:00:00,5,5,0
2021-01-31 16:00:00,8,6,2
2021-01-31 17:00:00,7,3,4
2021-01-31 18:00:00,2,1,1
2021-01-31 19:00:00,3,2,1
2021-01-31 20:00:00,2,1,1
2021-01-31 21:00:00,6,4,2
2021-01-31 22:00:00,0,0,0
2021-01-31 23:00:00,2,1,1
2021-02-01 00:00:00,0,0,0
2021-02-01 01:00:00,0,0,0
2021-02-01 02:00:00,0,0,0
2021-02-01 03:00:00,0,0,0
2021-02-01 04:00:00,0,0,0
2021-02-01 05:00:00,7,1,6
2021-02-01 06:00:00,8,4,4
2021-02-01 07:00:00,21,7,14
2021-02-01 08:00:00,24,9,15
2021-02-01 09:00:00,12,6,6
2021-02-01 10:00:00,6,2,4
2021-02-01 11:00:00,10,5,5
2021-02-01 12:00:00,8,5,3
2021-02-01 13:00:00,13,11,2
2021-02-01 14:00:00,14,7,7
2021-02-01 15:00:00,21,15,6
2021-02-01 16:00:00,12,11,1
2021-02-01 17:00:00,36,22,14
2021-02-01 18:00:00,9,6,3
2021-02-01 19:00:00,8,3,5
2021-02-01 20:00:00,6,3,3
2021-02-01 21:00:00,6,5,1
2021-02-01 22:00:00,2,0,2
2021-02-01 23:00:00,5,1,4
2021-02-02 00:00:00,0,0,0
2021-02-02 01:00:00,0,0,0
2021-02-02 02:00:00,0,0,0
2021-02-02 03:00:00,0,0,0
2021-02-02 04:00:00,0,0,0
2021-02-02 05:00:00,6,1,5
2021-02-02 06:00:00,9,5,4
2021-02-02 07:00:00,22,5,17
2021-02-02 08:00:00,16,8,8
2021-02-02 09:00:00,13,4,9
2021-02-02 10:00:00,12,4,8
2021-02-02 11:00:00,9,7,2
2021-02-02 12:00:00,15,9,6
2021-02-02 13:00:00,13,8,5
2021-02-02 14:00:00,13,9,4
2021-02-02 15:00:00,14,9,5
2021-02-02 16:00:00,20,12,8
2021-02-02 17:00:00,32,21,11
2021-02-02 18:00:00,13,10,3
2021-02-02 19:00:00,8,4,4
2021-02-02 20:00:00,4,3,1
2021-02-02 21:00:00,0,0,0
2021-02-02 22:00:00,5,1,4
2021-02-02 23:00:00,0,0,0
2021-02-03 00:00:00,1,1,0
2021-02-03 01:00:00,0,0,0
2021-02-03 02:00:00,0,0,0
2021-02-03 03:00:00,0,0,0
2021-02-03 04:00:00,0,0,0
2021-02-03 05:00:00,7,2,5
2021-02-03 06:00:00,15,6,9
2021-02-03 07:00:00,19,6,13
2021-02-03 08:00:00,23,9,14
2021-02-03 09:00:00,15,8,7
2021-02-03 10:00:00,10,6,4
2021-02-03 11:00:00,17,6,11
2021-02-03 12:00:00,16,7,9
2021-02-03 13:00:00,10,6,4
2021-02-03 14:00:00,24,15,9
2021-02-03 15:00:00,34,19,15
2021-02-03 16:00:00,41,26,15
2021-02-03 17:00:00,51,37,14
2021-02-03 18:00:00,19,14,5
2021-02-03 19:00:00,8,1,7
2021-02-03 20:00:00,13,8,5
2021-02-03 21:00:00,3,0,3
2021-02-03 22:00:00,7,1,6
2021-02-03 23:00:00,3,2,1
2021-02-04 00:00:00,0,0,0
2021-02-04 01:00:00,0,0,0
2021-02-04 02:00:00,1,0,1
2021-02-04 03:00:00,0,0,0
2021-02-04 04:00:00,0,0,0
2021-02-04 05:00:00,12,1,11
2021-02-04 06:00:00,11,6,5
2021-02-04 07:00:00,26,9,17
2021-02-04 08:00:00,20,11,9
2021-02-04 09:00:00,11,5,6
2021-02-04 10:00:00,10,6,4
2021-02-04 11:00:00,7,4,3
2021-02-04 12:00:00,9,5,4
2021-02-04 13:00:00,12,8,4
2021-02-04 14:00:00,16,9,7
2021-02-04 15:00:00,23,12,11
2021-02-04 16:00:00,25,13,12
2021-02-04 17:00:00,30,18,12
2021-02-04 18:00:00,22,15,7
2021-02-04 19:00:00,8,3,5
2021-02-04 20:00:00,10,3,7
2021-02-04 21:00:00,2,1,1
2021-02-04 22:00:00,3,0,3
2021-02-04 23:00:00,3,0,3
2021-02-05 00:00:00,0,0,0
2021-02-05 01:00:00,0,0,0
2021-02-05 02:00:00,2,1,1
2021-02-05 03:00:00,0,0,0
2021-02-05 04:00:00,0,0,0
2021-02-05 05:00:00,6,2,4
2021-02-05 06:00:00,11,4,7
2021-02-05 07:00:00,24,6,18
2021-02-05 08:00:00,23,9,14
2021-02-05 09:00:00,14,8,6
2021-02-05 10:00:00,11,5,6
2021-02-05 11:00:00,19,10,9
2021-02-05 12:00:00,32,16,16
2021-02-05 13:00:00,23,17,6
2021-02-05 14:00:00,25,17,8
2021-02-05 15:00:00,25,18,7
2021-02-05 16:00:00,35,21,14
2021-02-05 17:00:00,39,23,16
2021-02-05 18:00:00,28,16,12
2021-02-05 19:00:00,15,4,11
2021-02-05 20:00:00,9,3,6
2021-02-05 21:00:00,5,1,4
2021-02-05 22:00:00,5,1,4
2021-02-05 23:00:00,2,1,1
2021-02-06 00:00:00,1,0,1
2021-02-06 01:00:00,3,2,1
2021-02-06 02:00:00,2,2,0
2021-02-06 03:00:00,0,0,0
2021-02-06 04:00:00,0,0,0
2021-02-06 05:00:00,2,0,2
2021-02-06 06:00:00,0,0,0
2021-02-06 07:00:00,2,2,0
2021-02-06 08:00:00,6,2,4
2021-02-06 09:00:00,12,5,7
2021-02-06 10:00:00,14,6,8
2021-02-06 11:00:00,7,3,4
2021-02-06 12:00:00,15,7,8
2021-02-06 13:00:00,27,17,10
2021-02-06 14:00:00,21,12,9
2021-02-06 15:00:00,11,5,6
2021-02-06 16:00:00,25,16,9
2021-02-06 17:00:00,14,7,7
2021-02-06 18:00:00,28,17,11
2021-02-06 19:00:00,13,6,7
2021-02-06 20:00:00,14,12,2
2021-02-06 21:00:00,7,3,4
2021-02-06 22:00:00,0,0,0
2021-02-06 23:00:00,4,1,3
2021-02-07 00:00:00,2,0,2
2021-02-07 01:00:00,6,4,2
2021-02-07 02:00:00,2,2,0
2021-02-07 03:00:00,0,0,0
2021-02-07 04:00:00,0,0,0
2021-02-07 05:00:00,0,0,0
2021-02-07 06:00:00,1,0,1
2021-02-07 07:00:00,3,2,1
2021-02-07 08:00:00,8,7,1
2021-02-07 09:00:00,13,3,10
2021-02-07 10:00:00,14,8,6
2021-02-07 11:00:00,20,11,9
2021-02-07 12:00:00,37,21,16
2021-02-07 13:00:00,42,23,19
2021-02-07 14:00:00,32,19,13
2021-02-07 15:00:00,15,7,8
2021-02-07 16:00:00,11,5,6
2021-02-07 17:00:00,9,4,5
2021-02-07 18:00:00,4,3,1
2021-02-07 19:00:00,5,2,3
2021-02-07 20:00:00,8,2,6
2021-02-07 21:00:00,3,0,3
2021-02-07 22:00:00,4,0,4
2021-02-07 23:00:00,0,0,0
2021-02-08 00:00:00,0,0,0
2021-02-08 01:00:00,1,1,0
2021-02-08 02:00:00,2,2,0
2021-02-08 03:00:00,0,0,0
2021-02-08 04:00:00,0,0,0
2021-02-08 05:00:00,6,1,5
2021-02-08 06:00:00,12,3,9
2021-02-08 07:00:00,21,9,12
2021-02-08 08:00:00,22,12,10
2021-02-08 09:00:00,17,4,13
2021-02-08 10:00:00,7,3,4
2021-02-08 11:00:00,10,6,4
2021-02-08 12:00:00,16,6,10
2021-02-08 13:00:00,13,5,8
2021-02-08 14:00:00,26,14,12
2021-02-08 15:00:00,28,22,6
2021-02-08 16:00:00,30,20,10
2021-02-08 17:00:00,48,29,19
2021-02-08 18:00:00,13,7,6
2021-02-08 19:00:00,9,5,4
2021-02-08 20:00:00,9,6,3
2021-02-08 21:00:00,2,2,0
2021-02-08 22:00:00,3,1,2
2021-02-08 23:00:00,0,0,0
2021-02-09 00:00:00,1,1,0
2021-02-09 01:00:00,1,1,0
2021-02-09 02:00:00,4,2,2
2021-02-09 03:00:00,0,0,0
2021-02-09 04:00:00,0,0,0
2021-02-09 05:00:00,4,1,3
2021-02-09 06:00:00,12,5,7
2021-02-09 07:00:00,20,3,17
2021-02-09 08:00:00,14,7,7
2021-02-09 09:00:00,13,6,7
2021-02-09 10:00:00,14,6,8
2021-02-09 11:00:00,9,6,3
2021-02-09 12:00:00,19,9,10
2021-02-09 13:00:00,22,11,11
2021-02-09 14:00:00,22,16,6
2021-02-09 15:00:00,18,13,5
2021-02-09 16:00:00,35,19,16
2021-02-09 17:00:00,48,28,20
2021-02-09 18:00:00,20,8,12
2021-02-09 19:00:00,10,2,8
2021-02-09 20:00:00,5,2,3
2021-02-09 21:00:00,6,2,4
2021-02-09 22:00:00,0,0,0
2021-02-09 23:00:00,0,0,0
2021-02-10 00:00:00,1,0,1
2021-02-10 01:00:00,0,0,0
2021-02-10 02:00:00,0,0,0
2021-02-10 03:00:00,0,0,0
2021-02-10 04:00:00,0,0,0
2021-02-10 05:00:00,5,2,3
2021-02-10 06:00:00,12,5,7
2021-02-10 07:00:00,15,5,10
2021-02-10 08:00:00,15,7,8
2021-02-10 09:00:00,10,3,7
2021-02-10 10:00:00,8,3,5
2021-02-10 11:00:00,9,6,3
2021-02-10 12:00:00,8,3,5
2021-02-10 13:00:00,11,8,3
2021-02-10 14:00:00,20,14,6
2021-02-10 15:00:00,26,17,9
2021-02-10 16:00:00,25,14,11
2021-02-10 17:00:00,23,12,11
2021-02-10 18:00:00,14,9,5
2021-02-10 19:00:00,12,6,6
2021-02-10 20:00:00,5,0,5
2021-02-10 21:00:00,4,3,1
2021-02-10 22:00:00,4,0,4
2021-02-10 23:00:00,3,2,1
2021-02-11 00:00:00,1,0,1
2021-02-11 01:00:00,1,0,1
2021-02-11 02:00:00,1,0,1
2021-02-11 03:00:00,0,0,0
2021-02-11 04:00:00,0,0,0
2021-02-11 05:00:00,7,1,6
2021-02-11 06:00:00,5,2,3
2021-02-11 07:00:00,16,6,10
2021-02-11 08:00:00,12,8,4
2021-02-11 09:00:00,19,5,14
2021-02-11 10:00:00,11,5,6
2021-02-11 11:00:00,11,7,4
2021-02-11 12:00:00,16,10,6
2021-02-11 13:00:00,24,12,12
2021-02-11 14:00:00,20,12,8
2021-02-11 15:00:00,13,5,8
2021-02-11 16:00:00,17,10,7
2021-02-11 17:00:00,25,11,14
2021-02-11 18:00:00,14,10,4
2021-02-11 19:00:00,3,2,1
2021-02-11 20:00:00,3,2,1
2021-02-11 21:00:00,0,0,0
2021-02-11 22:00:00,3,0,3
2021-02-11 23:00:00,3,2,1
2021-02-12 00:00:00,0,0,0
2021-02-12 01:00:00,0,0,0
2021-02-12 02:00:00,0,0,0
2021-02-12 03:00:00,0,0,0
2021-02-12 04:00:00,1,0,1
2021-02-12 05:00:00,5,2,3
2021-02-12 06:00:00,4,2,2
2021-02-12 07:00:00,7,3,4
2021-02-12 08:00:00,4,2,2
2021-02-12 09:00:00,4,2,2
2021-02-12 10:00:00,11,8,3
2021-02-12 11:00:00,13,8,5
2021-02-12 12:00:00,12,3,9
2021-02-12 13:00:00,14,8,6
2021-02-12 14:00:00,14,12,2
2021-02-12 15:00:00,9,5,4
2021-02-12 16:00:00,9,6,3
2021-02-12 17:00:00,22,12,10
2021-02-12 18:00:00,11,7,4
2021-02-12 19:00:00,13,7,6
2021-02-12 20:00:00,4,3,1
2021-02-12 21:00:00,0,0,0
2021-02-12 22:00:00,0,0,0
2021-02-12 23:00:00,0,0,0
2021-02-13 00:00:00,0,0,0
2021-02-13 01:00:00,1,1,0
2021-02-13 02:00:00,0,0,0
2021-02-13 03:00:00,0,0,0
2021-02-13 04:00:00,0,0,0
2021-02-13 05:00:00,0,0,0
2021-02-13 06:00:00,0,0,0
2021-02-13 07:00:00,0,0,0
2021-02-13 08:00:00,0,0,0
2021-02-13 09:00:00,1,1,0
2021-02-13 10:00:00,0,0,0
2021-02-13 11:00:00,1,1,0
2021-02-13 12:00:00,0,0,0
2021-02-13 13:00:00,1,1,0
2021-02-13 14:00:00,2,2,0
2021-02-13 15:00:00,0,0,0
2021-02-13 16:00:00,1,0,1
2021-02-13 17:00:00,0,0,0
2021-02-13 18:00:00,1,0,1
2021-02-13 19:00:00,2,0,2
2021-02-13 20:00:00,0,0,0
2021-02-13 21:00:00,0,0,0
2021-02-13 22:00:00,0,0,0
2021-02-13 23:00:00,0,0,0
2021-02-14 00:00:00,0,0,0
2021-02-14 01:00:00,0,0,0
2021-02-14 02:00:00,0,0,0
2021-02-14 03:00:00,0,0,0
2021-02-14 04:00:00,0,0,0
2021-02-14 05:00:00,0,0,0
2021-02-14 06:00:00,0,0,0
2021-02-14 07:00:00,0,0,0
2021-02-14 08:00:00,0,0,0
2021-02-14 09:00:00,0,0,0
2021-02-14 10:00:00,0,0,0
2021-02-14 11:00:00,0,0,0
2021-02-14 12:00:00,0,0,0
2021-02-14 13:00:00,1,1,0
2021-02-14 14:00:00,0,0,0
2021-02-14 15:00:00,1,1,0
2021-02-14 16:00:00,2,1,1
2021-02-14 17:00:00,3,2,1
2021-02-14 18:00:00,1,0,1
2021-02-14 19:00:00,0,0,0
2021-02-14 20:00:00,0,0,0
2021-02-14 21:00:00,0,0,0
2021-02-14 22:00:00,1,0,1
2021-02-14 23:00:00,0,0,0
2021-02-15 00:00:00,0,0,0
2021-02-15 01:00:00,0,0,0
2021-02-15 02:00:00,0,0,0
2021-02-15 03:00:00,0,0,0
2021-02-15 04:00:00,0,0,0
2021-02-15 05:00:00,0,0,0
2021-02-15 06:00:00,0,0,0
2021-02-15 07:00:00,2,0,2
2021-02-15 08:00:00,4,1,3
2021-02-15 09:00:00,1,1,0
2021-02-15 10:00:00,4,1,3
2021-02-15 11:00:00,2,1,1
2021-02-15 12:00:00,8,4,4
2021-02-15 13:00:00,5,2,3
2021-02-15 14:00:00,5,3,2
2021-02-15 15:00:00,6,4,2
2021-02-15 16:00:00,7,3,4
2021-02-15 17:00:00,8,4,4
2021-02-15 18:00:00,10,6,4
2021-02-15 19:00:00,4,1,3
2021-02-15 20:00:00,2,1,1
2021-02-15 21:00:00,4,1,3
2021-02-15 22:00:00,0,0,0
2021-02-15 23:00:00,0,0,0
2021-02-16 00:00:00,0,0,0
2021-02-16 01:00:00,0,0,0
2021-02-16 02:00:00,0,0,0
2021-02-16 03:00:00,3,0,3
2021-02-16 04:00:00,0,0,0
2021-02-16 05:00:00,4,1,3
2021-02-16 06:00:00,2,0,2
2021-02-16 07:00:00,13,5,8
2021-02-16 08:00:00,11,4,7
2021-02-16 09:00:00,6,2,4
2021-02-16 10:00:00,13,8,5
2021-02-16 11:00:00,9,4,5
2021-02-16 12:00:00,14,6,8
2021-02-16 13:00:00,18,10,8
2021-02-16 14:00:00,14,7,7
2021-02-16 15:00:00,14,7,7
2021-02-16 16:00:00,10,6,4
2021-02-16 17:00:00,18,9,9
2021-02-16 18:00:00,10,5,5
2021-02-16 19:00:00,10,4,6
2021-02-16 20:00:00,8,2,6
2021-02-16 21:00:00,6,4,2
2021-02-16 22:00:00,7,1,6
2021-02-16 23:00:00,2,0,2
2021-02-17 00:00:00,2,2,0
2021-02-17 01:00:00,0,0,0
2021-02-17 02:00:00,1,0,1
2021-02-17 03:00:00,0,0,0
2021-02-17 04:00:00,0,0,0
2021-02-17 05:00:00,2,1,1
2021-02-17 06:00:00,10,3,7
2021-02-17 07:00:00,21,9,12
2021-02-17 08:00:00,16,6,10
2021-02-17 09:00:00,15,4,11
2021-02-17 10:00:00,10,3,7
2021-02-17 11:00:00,17,12,5
2021-02-17 12:00:00,20,10,10
2021-02-17 13:00:00,13,10,3
2021-02-17 14:00:00,20,10,10
2021-02-17 15:00:00,22,15,7
2021-02-17 16:00:00,29,19,10
2021-02-17 17:00:00,36,22,14
2021-02-17 18:00:00,24,14,10
2021-02-17 19:00:00,19,9,10
2021-02-17 20:00:00,7,2,5
2021-02-17 21:00:00,8,5,3
2021-02-17 22:00:00,10,4,6
2021-02-17 23:00:00,1,0,1
2021-02-18 00:00:00,2,1,1
2021-02-18 01:00:00,1,0,1
2021-02-18 02:00:00,0,0,0
2021-02-18 03:00:00,0,0,0
2021-02-18 04:00:00,0,0,0
2021-02-18 05:00:00,7,0,7
2021-02-18 06:00:00,9,4,5
2021-02-18 07:00:00,15,3,12
2021-02-18 08:00:00,11,4,7
2021-02-18 09:00:00,16,3,13
2021-02-18 10:00:00,13,9,4
2021-02-18 11:00:00,11,5,6
2021-02-18 12:00:00,16,10,6
2021-02-18 13:00:00,14,7,7
2021-02-18 14:00:00,12,8,4
2021-02-18 15:00:00,17,11,6
2021-02-18 16:00:00,22,13,9
2021-02-18 17:00:00,31,20,11
2021-02-18 18:00:00,12,10,2
2021-02-18 19:00:00,7,6,1
2021-02-18 20:00:00,2,1,1
2021-02-18 21:00:00,3,2,1
2021-02-18 22:00:00,4,0,4
2021-02-18 23:00:00,2,2,0
2021-02-19 00:00:00,0,0,0
2021-02-19 01:00:00,0,0,0
2021-02-19 02:00:00,1,0,1
2021-02-19 03:00:00,0,0,0
2021-02-19 04:00:00,1,1,0
2021-02-19 05:00:00,4,1,3
2021-02-19 06:00:00,5,3,2
2021-02-19 07:00:00,13,3,10
2021-02-19 08:00:00,13,7,6
2021-02-19 09:00:00,10,6,4
2021-02-19 10:00:00,9,4,5
2021-02-19 11:00:00,17,5,12
2021-02-19 12:00:00,13,7,6
2021-02-19 13:00:00,16,7,9
2021-02-19 14:00:00,15,9,6
2021-02-19 15:00:00,19,12,7
2021-02-19 16:00:00,17,8,9
2021-02-19 17:00:00,26,19,7
2021-02-19 18:00:00,13,7,6
2021-02-19 19:00:00,10,5,5
2021-02-19 20:00:00,10,4,6
2021-02-19 21:00:00,6,4,2
2021-02-19 22:00:00,8,4,4
2021-02-19 23:00:00,9,6,3
2021-02-20 00:00:00,4,2,2
2021-02-20 01:00:00,2,2,0
2021-02-20 02:00:00,1,1,0
2021-02-20 03:00:00,0,0,0
2021-02-20 04:00:00,0,0,0
2021-02-20 05:00:00,2,0,2
2021-02-20 06:00:00,2,2,0
2021-02-20 07:00:00,4,4,0
2021-02-20 08:00:00,8,6,2
2021-02-20 09:00:00,14,3,11
2021-02-20 10:00:00,10,6,4
2021-02-20 11:00:00,25,19,6
2021-02-20 12:00:00,31,19,12
2021-02-20 13:00:00,30,18,12
2021-02-20 14:00:00,42,22,20
2021-02-20 15:00:00,37,16,21
2021-02-20 16:00:00,27,15,12
2021-02-20 17:00:00,23,12,11
2021-02-20 18:00:00,24,13,11
2021-02-20 19:00:00,13,9,4
2021-02-20 20:00:00,1,1,0
2021-02-20 21:00:00,4,3,1
2021-02-20 22:00:00,4,1,3
2021-02-20 23:00:00,3,3,0
2021-02-21 00:00:00,4,2,2
2021-02-21 01:00:00,1,0,1
2021-02-21 02:00:00,0,0,0
2021-02-21 03:00:00,1,1,0
2021-02-21 04:00:00,0,0,0
2021-02-21 05:00:00,1,0,1
2021-02-21 06:00:00,1,1,0
2021-02-21 07:00:00,5,4,1
2021-02-21 08:00:00,2,1,1
2021-02-21 09:00:00,7,2,5
2021-02-21 10:00:00,8,4,4
2021-02-21 11:00:00,6,4,2
2021-02-21 12:00:00,19,10,9
2021-02-21 13:00:00,10,8,2
2021-02-21 14:00:00,12,8,4
2021-02-21 15:00:00,15,6,9
2021-02-21 16:00:00,14,3,11
2021-02-21 17:00:00,9,3,6
2021-02-21 18:00:00,7,5,2
2021-02-21 19:00:00,3,3,0
2021-02-21 20:00:00,4,1,3
2021-02-21 21:00:00,1,1,0
2021-02-21 22:00:00,2,1,1
2021-02-21 23:00:00,0,0,0
2021-02-22 00:00:00,0,0,0
2021-02-22 01:00:00,0,0,0
2021-02-22 02:00:00,0,0,0
2021-02-22 03:00:00,0,0,0
2021-02-22 04:00:00,0,0,0
2021-02-22 05:00:00,4,1,3
2021-02-22 06:00:00,6,2,4
2021-02-22 07:00:00,15,4,11
2021-02-22 08:00:00,9,2,7
2021-02-22 09:00:00,8,4,4
2021-02-22 10:00:00,8,5,3
2021-02-22 11:00:00,9,5,4
2021-02-22 12:00:00,12,5,7
2021-02-22 13:00:00,9,3,6
2021-02-22 14:00:00,11,5,6
2021-02-22 15:00:00,15,8,7
2021-02-22 16:00:00,23,14,9
2021-02-22 17:00:00,44,30,14
2021-02-22 18:00:00,16,10,6
2021-02-22 19:00:00,12,6,6
2021-02-22 20:00:00,6,2,4
2021-02-22 21:00:00,2,2,0
2021-02-22 22:00:00,0,0,0
2021-02-22 23:00:00,1,1,0
2021-02-23 00:00:00,0,0,0
2021-02-23 01:00:00,2,0,2
2021-02-23 02:00:00,0,0,0
2021-02-23 03:00:00,2,1,1
2021-02-23 04:00:00,0,0,0
2021-02-23 05:00:00,8,1,7
2021-02-23 06:00:00,9,3,6
2021-02-23 07:00:00,19,5,14
2021-02-23 08:00:00,20,10,10
2021-02-23 09:00:00,12,4,8
2021-02-23 10:00:00,13,7,6
2021-02-23 11:00:00,7,3,4
2021-02-23 12:00:00,24,14,10
2021-02-23 13:00:00,17,11,6
2021-02-23 14:00:00,22,11,11
2021-02-23 15:00:00,20,13,7
2021-02-23 16:00:00,18,10,8
2021-02-23 17:00:00,23,14,9
2021-02-23 18:00:00,17,11,6
2021-02-23 19:00:00,13,4,9
2021-02-23 20:00:00,6,1,5
2021-02-23 21:00:00,5,2,3
2021-02-23 22:00:00,5,2,3
2021-02-23 23:00:00,1,1,0
2021-02-24 00:00:00,2,2,0
2021-02-24 01:00:00,0,0,0
2021-02-24 02:00:00,1,0,1
2021-02-24 03:00:00,1,0,1
2021-02-24 04:00:00,0,0,0
2021-02-24 05:00:00,5,0,5
2021-02-24 06:00:00,8,3,5
2021-02-24 07:00:00,16,8,8
2021-02-24 08:00:00,27,13,14
2021-02-24 09:00:00,15,5,10
2021-02-24 10:00:00,9,6,3
2021-02-24 11:00:00,11,2,9
2021-02-24 12:00:00,16,6,10
2021-02-24 13:00:00,26,15,11
2021-02-24 14:00:00,29,20,9
2021-02-24 15:00:00,19,12,7
2021-02-24 16:00:00,24,15,9
2021-02-24 17:00:00,45,31,14
2021-02-24 18:00:00,16,10,6
2021-02-24 19:00:00,13,4,9
2021-02-24 20:00:00,5,1,4
2021-02-24 21:00:00,3,3,0
2021-02-24 22:00:00,9,3,6
2021-02-24 23:00:00,3,2,1
2021-02-25 00:00:00,0,0,0
2021-02-25 01:00:00,0,0,0
2021-02-25 02:00:00,0,0,0
2021-02-25 03:00:00,0,0,0
2021-02-25 04:00:00,1,0,1
2021-02-25 05:00:00,4,1,3
2021-02-25 06:00:00,9,1,8
2021-02-25 07:00:00,17,8,9
2021-02-25 08:00:00,22,10,12
2021-02-25 09:00:00,19,7,12
2021-02-25 10:00:00,15,6,9
2021-02-25 11:00:00,10,6,4
2021-02-25 12:00:00,16,5,11
2021-02-25 13:00:00,15,9,6
2021-02-25 14:00:00,25,20,5
2021-02-25 15:00:00,19,11,8
2021-02-25 16:00:00,11,7,4
2021-02-25 17:00:00,28,19,9
2021-02-25 18:00:00,16,11,5
2021-02-25 19:00:00,7,4,3
2021-02-25 20:00:00,6,3,3
2021-02-25 21:00:00,7,3,4
2021-02-25 22:00:00,7,3,4
2021-02-25 23:00:00,0,0,0
2021-02-26 00:00:00,0,0,0
2021-02-26 01:00:00,0,0,0
2021-02-26 02:00:00,2,2,0
2021-02-26 03:00:00,0,0,0
2021-02-26 04:00:00,0,0,0
2021-02-26 05:00:00,8,1,7
2021-02-26 06:00:00,14,3,11
2021-02-26 07:00:00,26,9,17
2021-02-26 08:00:00,26,12,14
2021-02-26 09:00:00,17,8,9
2021-02-26 10:00:00,9,6,3
2021-02-26 11:00:00,15,9,6
2021-02-26 12:00:00,25,11,14
2021-02-26 13:00:00,21,10,11
2021-02-26 14:00:00,26,19,7
2021-02-26 15:00:00,20,10,10
2021-02-26 16:00:00,21,10,11
2021-02-26 17:00:00,37,23,14
2021-02-26 18:00:00,17,9,8
2021-02-26 19:00:00,11,4,7
2021-02-26 20:00:00,8,3,5
2021-02-26 21:00:00,7,2,5
2021-02-26 22:00:00,12,5,7
2021-02-26 23:00:00,8,5,3
2021-02-27 00:00:00,0,0,0
2021-02-27 01:00:00,0,0,0
2021-02-27 02:00:00,0,0,0
2021-02-27 03:00:00,0,0,0
2021-02-27 04:00:00,1,1,0
2021-02-27 05:00:00,3,1,2
2021-02-27 06:00:00,4,4,0
2021-02-27 07:00:00,5,2,3
2021-02-27 08:00:00,15,9,6
2021-02-27 09:00:00,20,9,11
2021-02-27 10:00:00,21,8,13
2021-02-27 11:00:00,18,12,6
2021-02-27 12:00:00,24,16,8
2021-02-27 13:00:00,30,17,13
2021-02-27 14:00:00,26,16,10
2021-02-27 15:00:00,35,14,21
2021-02-27 16:00:00,36,20,16
2021-02-27 17:00:00,41,18,23
2021-02-27 18:00:00,20,11,9
2021-02-27 19:00:00,4,0,4
2021-02-27 20:00:00,12,6,6
2021-02-27 21:00:00,7,4,3
2021-02-27 22:00:00,9,4,5
2021-02-27 23:00:00,10,3,7
2021-02-28 00:00:00,5,2,3
2021-02-28 01:00:00,0,0,0
2021-02-28 02:00:00,0,0,0
2021-02-28 03:00:00,0,0,0
2021-02-28 04:00:00,0,0,0
2021-02-28 05:00:00,3,0,3
2021-02-28 06:00:00,2,1,1
2021-02-28 07:00:00,5,2,3
2021-02-28 08:00:00,1,1,0
2021-02-28 09:00:00,8,4,4
2021-02-28 10:00:00,16,13,3
2021-02-28 11:00:00,13,10,3
2021-02-28 12:00:00,28,12,16
2021-02-28 13:00:00,12,8,4
2021-02-28 14:00:00,27,9,18
2021-02-28 15:00:00,35,22,13
2021-02-28 16:00:00,24,13,11
2021-02-28 17:00:00,19,9,10
2021-02-28 18:00:00,11,8,3
2021-02-28 19:00:00,12,6,6
2021-02-28 20:00:00,7,5,2
2021-02-28 21:00:00,4,2,2
2021-02-28 22:00:00,4,2,2
2021-02-28 23:00:00,7,3,4
2021-03-01 00:00:00,2,2,0
2021-03-01 01:00:00,0,0,0
2021-03-01 02:00:00,0,0,0
2021-03-01 03:00:00,0,0,0
2021-03-01 04:00:00,2,0,2
2021-03-01 05:00:00,7,1,6
2021-03-01 06:00:00,10,3,7
2021-03-01 07:00:00,20,10,10
2021-03-01 08:00:00,28,8,20
2021-03-01 09:00:00,17,6,11
2021-03-01 10:00:00,10,6,4
2021-03-01 11:00:00,26,17,9
2021-03-01 12:00:00,27,20,7
2021-03-01 13:00:00,19,8,11
2021-03-01 14:00:00,28,15,13
2021-03-01 15:00:00,27,22,5
2021-03-01 16:00:00,40,28,12
2021-03-01 17:00:00,42,24,18
2021-03-01 18:00:00,25,14,11
2021-03-01 19:00:00,4,2,2
2021-03-01 20:00:00,6,3,3
2021-03-01 21:00:00,6,2,4
2021-03-01 22:00:00,2,2,0
2021-03-01 23:00:00,5,3,2
2021-03-02 00:00:00,2,1,1
2021-03-02 01:00:00,0,0,0
2021-03-02 02:00:00,0,0,0
2021-03-02 03:00:00,3,1,2
2021-03-02 04:00:00,4,4,0
2021-03-02 05:00:00,11,1,10
2021-03-02 06:00:00,14,3,11
2021-03-02 07:00:00,20,8,12
2021-03-02 08:00:00,24,10,14
2021-03-02 09:00:00,12,2,10
2021-03-02 10:00:00,12,7,5
2021-03-02 11:00:00,16,7,9
2021-03-02 12:00:00,13,6,7
2021-03-02 13:00:00,23,17,6
2021-03-02 14:00:00,20,9,11
2021-03-02 15:00:00,28,16,12
2021-03-02 16:00:00,32,19,13
2021-03-02 17:00:00,36,22,14
2021-03-02 18:00:00,27,19,8
2021-03-02 19:00:00,16,7,9
2021-03-02 20:00:00,9,2,7
2021-03-02 21:00:00,6,4,2
2021-03-02 22:00:00,2,1,1
2021-03-02 23:00:00,5,2,3
2021-03-03 00:00:00,3,3,0
2021-03-03 01:00:00,0,0,0
2021-03-03 02:00:00,1,1,0
2021-03-03 03:00:00,1,0,1
2021-03-03 04:00:00,4,0,4
2021-03-03 05:00:00,9,2,7
2021-03-03 06:00:00,11,4,7
2021-03-03 07:00:00,18,7,11
2021-03-03 08:00:00,21,10,11
2021-03-03 09:00:00,19,6,13
2021-03-03 10:00:00,10,1,9
2021-03-03 11:00:00,21,13,8
2021-03-03 12:00:00,14,10,4
2021-03-03 13:00:00,28,15,13
2021-03-03 14:00:00,27,14,13
2021-03-03 15:00:00,38,23,15
2021-03-03 16:00:00,53,35,18
2021-03-03 17:00:00,53,35,18
2021-03-03 18:00:00,27,16,11
2021-03-03 19:00:00,15,6,9
2021-03-03 20:00:00,16,5,11
2021-03-03 21:00:00,1,0,1
2021-03-03 22:00:00,8,2,6
2021-03-03 23:00:00,9,6,3
2021-03-04 00:00:00,1,1,0
2021-03-04 01:00:00,0,0,0
2021-03-04 02:00:00,1,1,0
2021-03-04 03:00:00,0,0,0
2021-03-04 04:00:00,0,0,0
2021-03-04 05:00:00,8,1,7
2021-03-04 06:00:00,9,4,5
2021-03-04 07:00:00,19,7,12
2021-03-04 08:00:00,23,8,15
2021-03-04 09:00:00,24,14,10
2021-03-04 10:00:00,13,6,7
2021-03-04 11:00:00,26,17,9
2021-03-04 12:00:00,19,12,7
2021-03-04 13:00:00,23,9,14
2021-03-04 14:00:00,23,16,7
2021-03-04 15:00:00,10,6,4
2021-03-04 16:00:00,27,14,13
2021-03-04 17:00:00,31,20,11
2021-03-04 18:00:00,15,9,6
2021-03-04 19:00:00,12,4,8
2021-03-04 20:00:00,5,1,4
2021-03-04 21:00:00,3,1,2
2021-03-04 22:00:00,7,3,4
2021-03-04 23:00:00,2,0,2
2021-03-05 00:00:00,3,2,1
2021-03-05 01:00:00,0,0,0
2021-03-05 02:00:00,0,0,0
2021-03-05 03:00:00,0,0,0
2021-03-05 04:00:00,0,0,0
2021-03-05 05:00:00,6,2,4
2021-03-05 06:00:00,8,2,6
2021-03-05 07:00:00,21,8,13
2021-03-05 08:00:00,15,10,5
2021-03-05 09:00:00,10,5,5
2021-03-05 10:00:00,9,6,3
2021-03-05 11:00:00,9,4,5
2021-03-05 12:00:00,9,4,5
2021-03-05 13:00:00,22,13,9
2021-03-05 14:00:00,15,5,10
2021-03-05 15:00:00,17,11,6
2021-03-05 16:00:00,26,12,14
2021-03-05 17:00:00,32,17,15
2021-03-05 18:00:00,15,12,3
2021-03-05 19:00:00,15,2,13
2021-03-05 20:00:00,9,6,3
2021-03-05 21:00:00,10,4,6
2021-03-05 22:00:00,7,4,3
2021-03-05 23:00:00,14,6,8
2021-03-06 00:00:00,3,0,3
2021-03-06 01:00:00,2,2,0
2021-03-06 02:00:00,1,0,1
2021-03-06 03:00:00,1,0,1
2021-03-06 04:00:00,0,0,0
2021-03-06 05:00:00,3,0,3
2021-03-06 06:00:00,1,1,0
2021-03-06 07:00:00,4,3,1
2021-03-06 08:00:00,10,6,4
2021-03-06 09:00:00,19,13,6
2021-03-06 10:00:00,23,12,11
2021-03-06 11:00:00,22,16,6
2021-03-06 12:00:00,39,26,13
2021-03-06 13:00:00,26,16,10
2021-03-06 14:00:00,55,27,28
2021-03-06 15:00:00,23,8,15
2021-03-06 16:00:00,38,21,17
2021-03-06 17:00:00,15,10,5
2021-03-06 18:00:00,5,4,1
2021-03-06 19:00:00,13,7,6
2021-03-06 20:00:00,8,5,3
2021-03-06 21:00:00,8,2,6
2021-03-06 22:00:00,8,3,5
2021-03-06 23:00:00,5,4,1
2021-03-07 00:00:00,6,4,2
2021-03-07 01:00:00,1,0,1
2021-03-07 02:00:00,1,0,1
2021-03-07 03:00:00,0,0,0
2021-03-07 04:00:00,0,0,0
2021-03-07 05:00:00,0,0,0
2021-03-07 06:00:00,0,0,0
2021-03-07 07:00:00,6,4,2
2021-03-07 08:00:00,2,1,1
2021-03-07 09:00:00,11,6,5
2021-03-07 10:00:00,5,4,1
2021-03-07 11:00:00,8,5,3
2021-03-07 12:00:00,4,3,1
2021-03-07 13:00:00,15,7,8
2021-03-07 14:00:00,12,6,6
2021-03-07 15:00:00,12,9,3
2021-03-07 16:00:00,8,4,4
2021-03-07 17:00:00,7,4,3
2021-03-07 18:00:00,1,1,0
2021-03-07 19:00:00,6,2,4
2021-03-07 20:00:00,6,2,4
2021-03-07 21:00:00,4,3,1
2021-03-07 22:00:00,2,1,1
2021-03-07 23:00:00,3,2,1
2021-03-08 00:00:00,0,0,0
2021-03-08 01:00:00,0,0,0
2021-03-08 02:00:00,0,0,0
2021-03-08 03:00:00,0,0,0
2021-03-08 04:00:00,0,0,0
2021-03-08 05:00:00,11,1,10
2021-03-08 06:00:00,11,2,9
2021-03-08 07:00:00,23,12,11
2021-03-08 08:00:00,23,11,12
2021-03-08 09:00:00,15,4,11
2021-03-08 10:00:00,19,7,12
2021-03-08 11:00:00,16,12,4
2021-03-08 12:00:00,21,12,9
2021-03-08 13:00:00,16,11,5
2021-03-08 14:00:00,27,14,13
2021-03-08 15:00:00,20,14,6
2021-03-08 16:00:00,24,17,7
2021-03-08 17:00:00,44,24,20
2021-03-08 18:00:00,21,12,9
2021-03-08 19:00:00,10,2,8
2021-03-08 20:00:00,8,4,4
2021-03-08 21:00:00,3,0,3
2021-03-08 22:00:00,5,2,3
2021-03-08 23:00:00,2,1,1
2021-03-09 00:00:00,1,1,0
2021-03-09 01:00:00,2,1,1
2021-03-09 02:00:00,2,1,1
2021-03-09 03:00:00,1,0,1
2021-03-09 04:00:00,0,0,0
2021-03-09 05:00:00,8,0,8
2021-03-09 06:00:00,13,3,10
2021-03-09 07:00:00,25,9,16
2021-03-09 08:00:00,25,10,15
2021-03-09 09:00:00,21,10,11
2021-03-09 10:00:00,9,5,4
2021-03-09 11:00:00,19,10,9
2021-03-09 12:00:00,23,13,10
2021-03-09 13:00:00,18,7,11
2021-03-09 14:00:00,16,9,7
2021-03-09 15:00:00,20,13,7
2021-03-09 16:00:00,37,22,15
2021-03-09 17:00:00,36,23,13
2021-03-09 18:00:00,28,15,13
2021-03-09 19:00:00,14,6,8
2021-03-09 20:00:00,9,5,4
2021-03-09 21:00:00,7,4,3
2021-03-09 22:00:00,1,0,1
2021-03-09 23:00:00,9,5,4
2021-03-10 00:00:00,1,1,0
2021-03-10 01:00:00,0,0,0
2021-03-10 02:00:00,2,2,0
2021-03-10 03:00:00,0,0,0
2021-03-10 04:00:00,0,0,0
2021-03-10 05:00:00,7,1,6
2021-03-10 06:00:00,16,5,11
2021-03-10 07:00:00,24,10,14
2021-03-10 08:00:00,29,14,15
2021-03-10 09:00:00,24,13,11
2021-03-10 10:00:00,18,9,9
2021-03-10 11:00:00,26,16,10
2021-03-10 12:00:00,26,13,13
2021-03-10 13:00:00,39,23,16
2021-03-10 14:00:00,36,19,17
2021-03-10 15:00:00,32,16,16
2021-03-10 16:00:00,42,25,17
2021-03-10 17:00:00,49,28,21
2021-03-10 18:00:00,29,19,10
2021-03-10 19:00:00,13,6,7
2021-03-10 20:00:00,13,7,6
2021-03-10 21:00:00,9,2,7
2021-03-10 22:00:00,4,2,2
2021-03-10 23:00:00,1,1,0
2021-03-11 00:00:00,0,0,0
2021-03-11 01:00:00,2,0,2
2021-03-11 02:00:00,0,0,0
2021-03-11 03:00:00,0,0,0
2021-03-11 04:00:00,1,0,1
2021-03-11 05:00:00,9,0,9
2021-03-11 06:00:00,10,3,7
2021-03-11 07:00:00,29,9,20
2021-03-11 08:00:00,24,14,10
2021-03-11 09:00:00,20,8,12
2021-03-11 10:00:00,21,9,12
2021-03-11 11:00:00,15,8,7
2021-03-11 12:00:00,29,16,13
2021-03-11 13:00:00,30,19,11
2021-03-11 14:00:00,30,21,9
2021-03-11 15:00:00,27,19,8
2021-03-11 16:00:00,37,22,15
2021-03-11 17:00:00,48,31,17
2021-03-11 18:00:00,28,14,14
2021-03-11 19:00:00,16,8,8
2021-03-11 20:00:00,8,4,4
2021-03-11 21:00:00,7,4,3
2021-03-11 22:00:00,6,4,2
2021-03-11 23:00:00,5,3,2
2021-03-12 00:00:00,3,0,3
2021-03-12 01:00:00,0,0,0
2021-03-12 02:00:00,0,0,0
2021-03-12 03:00:00,0,0,0
2021-03-12 04:00:00,0,0,0
2021-03-12 05:00:00,1,0,1
2021-03-12 06:00:00,12,3,9
2021-03-12 07:00:00,29,7,22
2021-03-12 08:00:00,21,10,11
2021-03-12 09:00:00,19,9,10
2021-03-12 10:00:00,18,12,6
2021-03-12 11:00:00,23,11,12
2021-03-12 12:00:00,21,13,8
2021-03-12 13:00:00,28,18,10
2021-03-12 14:00:00,29,18,11
2021-03-12 15:00:00,42,29,13
2021-03-12 16:00:00,31,19,12
2021-03-12 17:00:00,47,27,20
2021-03-12 18:00:00,31,20,11
2021-03-12 19:00:00,14,5,9
2021-03-12 20:00:00,15,7,8
2021-03-12 21:00:00,8,3,5
2021-03-12 22:00:00,11,6,5
2021-03-12 23:00:00,4,2,2
2021-03-13 00:00:00,8,2,6
2021-03-13 01:00:00,0,0,0
2021-03-13 02:00:00,2,1,1
2021-03-13 03:00:00,1,1,0
2021-03-13 04:00:00,0,0,0
2021-03-13 05:00:00,4,1,3
2021-03-13 06:00:00,1,1,0
2021-03-13 07:00:00,13,8,5
2021-03-13 08:00:00,7,5,2
2021-03-13 09:00:00,22,11,11
2021-03-13 10:00:00,39,23,16
2021-03-13 11:00:00,47,29,18
2021-03-13 12:00:00,50,31,19
2021-03-13 13:00:00,51,29,22
2021-03-13 14:00:00,56,32,24
2021-03-13 15:00:00,57,35,22
2021-03-13 16:00:00,66,31,35
2021-03-13 17:00:00,40,19,21
2021-03-13 18:00:00,32,16,16
2021-03-13 19:00:00,19,13,6
2021-03-13 20:00:00,19,8,11
2021-03-13 21:00:00,11,4,7
2021-03-13 22:00:00,22,7,15
2021-03-13 23:00:00,4,0,4
2021-03-14 00:00:00,1,0,1
2021-03-14 01:00:00,1,0,1
2021-03-14 02:00:00,0,0,0
2021-03-14 03:00:00,1,1,0
2021-03-14 04:00:00,2,2,0
2021-03-14 05:00:00,2,1,1
2021-03-14 06:00:00,1,0,1
2021-03-14 07:00:00,3,1,2
2021-03-14 08:00:00,5,4,1
2021-03-14 09:00:00,11,6,5
2021-03-14 10:00:00,9,5,4
2021-03-14 11:00:00,10,8,2
2021-03-14 12:00:00,4,1,3
2021-03-14 13:00:00,5,2,3
2021-03-14 14:00:00,11,9,2
2021-03-14 15:00:00,5,3,2
2021-03-14 16:00:00,5,3,2
2021-03-14 17:00:00,4,2,2
2021-03-14 18:00:00,5,3,2
2021-03-14 19:00:00,0,0,0
2021-03-14 20:00:00,8,3,5
2021-03-14 21:00:00,1,0,1
2021-03-14 22:00:00,1,0,1
2021-03-14 23:00:00,4,2,2
2021-03-15 00:00:00,2,1,1
2021-03-15 01:00:00,0,0,0
2021-03-15 02:00:00,0,0,0
2021-03-15 03:00:00,0,0,0
2021-03-15 04:00:00,0,0,0
2021-03-15 05:00:00,6,1,5
2021-03-15 06:00:00,5,1,4
2021-03-15 07:00:00,20,6,14
2021-03-15 08:00:00,17,7,10
2021-03-15 09:00:00,20,5,15
2021-03-15 10:00:00,11,8,3
2021-03-15 11:00:00,9,7,2
2021-03-15 12:00:00,13,3,10
2021-03-15 13:00:00,21,8,13
2021-03-15 14:00:00,20,12,8
2021-03-15 15:00:00,27,17,10
2021-03-15 16:00:00,25,16,9
2021-03-15 17:00:00,40,22,18
2021-03-15 18:00:00,22,11,11
2021-03-15 19:00:00,5,3,2
2021-03-15 20:00:00,7,4,3
2021-03-15 21:00:00,4,3,1
2021-03-15 22:00:00,7,4,3
2021-03-15 23:00:00,2,1,1
2021-03-16 00:00:00,1,1,0
2021-03-16 01:00:00,0,0,0
2021-03-16 02:00:00,0,0,0
2021-03-16 03:00:00,0,0,0
2021-03-16 04:00:00,0,0,0
2021-03-16 05:00:00,6,1,5
2021-03-16 06:00:00,9,4,5
2021-03-16 07:00:00,22,6,16
2021-03-16 08:00:00,23,8,15
2021-03-16 09:00:00,24,8,16
2021-03-16 10:00:00,8,5,3
2021-03-16 11:00:00,12,7,5
2021-03-16 12:00:00,19,8,11
2021-03-16 13:00:00,17,6,11
2021-03-16 14:00:00,21,12,9
2021-03-16 15:00:00,27,20,7
2021-03-16 16:00:00,55,31,24
2021-03-16 17:00:00,37,23,14
2021-03-16 18:00:00,31,12,19
2021-03-16 19:00:00,14,5,9
2021-03-16 20:00:00,13,7,6
2021-03-16 21:00:00,9,6,3
2021-03-16 22:00:00,3,2,1
2021-03-16 23:00:00,4,1,3
2021-03-17 00:00:00,0,0,0
2021-03-17 01:00:00,2,2,0
2021-03-17 02:00:00,0,0,0
2021-03-17 03:00:00,0,0,0
2021-03-17 04:00:00,0,0,0
2021-03-17 05:00:00,6,2,4
2021-03-17 06:00:00,10,2,8
2021-03-17 07:00:00,23,7,16
2021-03-17 08:00:00,34,15,19
2021-03-17 09:00:00,22,6,16
2021-03-17 10:00:00,13,7,6
2021-03-17 11:00:00,23,15,8
2021-03-17 12:00:00,22,13,9
2021-03-17 13:00:00,29,20,9
2021-03-17 14:00:00,36,19,17
2021-03-17 15:00:00,27,15,12
2021-03-17 16:00:00,37,25,12
2021-03-17 17:00:00,58,36,22
2021-03-17 18:00:00,35,22,13
2021-03-17 19:00:00,23,12,11
2021-03-17 20:00:00,8,5,3
2021-03-17 21:00:00,10,5,5
2021-03-17 22:00:00,3,1,2
2021-03-17 23:00:00,10,7,3
2021-03-18 00:00:00,4,1,3
2021-03-18 01:00:00,2,1,1
2021-03-18 02:00:00,0,0,0
2021-03-18 03:00:00,0,0,0
2021-03-18 04:00:00,1,0,1
2021-03-18 05:00:00,4,1,3
2021-03-18 06:00:00,8,0,8
2021-03-18 07:00:00,20,5,15
2021-03-18 08:00:00,24,11,13
2021-03-18 09:00:00,11,5,6
2021-03-18 10:00:00,12,9,3
2021-03-18 11:00:00,20,7,13
2021-03-18 12:00:00,18,11,7
2021-03-18 13:00:00,21,14,7
2021-03-18 14:00:00,15,8,7
2021-03-18 15:00:00,20,11,9
2021-03-18 16:00:00,23,15,8
2021-03-18 17:00:00,30,19,11
2021-03-18 18:00:00,14,9,5
2021-03-18 19:00:00,11,6,5
2021-03-18 20:00:00,7,2,5
2021-03-18 21:00:00,1,1,0
2021-03-18 22:00:00,3,1,2
2021-03-18 23:00:00,2,1,1
2021-03-19 00:00:00,1,1,0
2021-03-19 01:00:00,0,0,0
2021-03-19 02:00:00,0,0,0
2021-03-19 03:00:00,0,0,0
2021-03-19 04:00:00,2,2,0
2021-03-19 05:00:00,7,2,5
2021-03-19 06:00:00,8,2,6
2021-03-19 07:00:00,19,8,11
2021-03-19 08:00:00,21,11,10
2021-03-19 09:00:00,12,5,7
2021-03-19 10:00:00,9,3,6
2021-03-19 11:00:00,22,14,8
2021-03-19 12:00:00,26,13,13
2021-03-19 13:00:00,19,8,11
2021-03-19 14:00:00,22,13,9
2021-03-19 15:00:00,32,17,15
2021-03-19 16:00:00,16,9,7
2021-03-19 17:00:00,30,15,15
2021-03-19 18:00:00,24,12,12
2021-03-19 19:00:00,13,7,6
2021-03-19 20:00:00,5,2,3
2021-03-19 21:00:00,2,0,2
2021-03-19 22:00:00,6,3,3
2021-03-19 23:00:00,6,5,1
2021-03-20 00:00:00,9,3,6
2021-03-20 01:00:00,3,1,2
2021-03-20 02:00:00,0,0,0
2021-03-20 03:00:00,0,0,0
2021-03-20 04:00:00,1,0,1
2021-03-20 05:00:00,3,1,2
2021-03-20 06:00:00,3,2,1
2021-03-20 07:00:00,6,3,3
2021-03-20 08:00:00,3,1,2
2021-03-20 09:00:00,6,1,5
2021-03-20 10:00:00,21,14,7
2021-03-20 11:00:00,13,10,3
2021-03-20 12:00:00,32,19,13
2021-03-20 13:00:00,33,17,16
2021-03-20 14:00:00,28,18,10
2021-03-20 15:00:00,40,21,19
2021-03-20 16:00:00,25,13,12
2021-03-20 17:00:00,11,3,8
2021-03-20 18:00:00,7,5,2
2021-03-20 19:00:00,6,1,5
2021-03-20 20:00:00,6,5,1
2021-03-20 21:00:00,5,3,2
2021-03-20 22:00:00,6,3,3
2021-03-20 23:00:00,9,6,3
2021-03-21 00:00:00,2,1,1
2021-03-21 01:00:00,2,1,1
2021-03-21 02:00:00,0,0,0
2021-03-21 03:00:00,0,0,0
2021-03-21 04:00:00,0,0,0
2021-03-21 05:00:00,0,0,0
2021-03-21 06:00:00,0,0,0
2021-03-21 07:00:00,5,3,2
2021-03-21 08:00:00,5,1,4
2021-03-21 09:00:00,5,2,3
2021-03-21 10:00:00,12,4,8
2021-03-21 11:00:00,11,3,8
2021-03-21 12:00:00,10,5,5
2021-03-21 13:00:00,9,4,5
2021-03-21 14:00:00,12,7,5
2021-03-21 15:00:00,7,6,1
2021-03-21 16:00:00,20,11,9
2021-03-21 17:00:00,13,6,7
2021-03-21 18:00:00,4,2,2
2021-03-21 19:00:00,6,4,2
2021-03-21 20:00:00,1,0,1
2021-03-21 21:00:00,4,3,1
2021-03-21 22:00:00,2,0,2
2021-03-21 23:00:00,2,1,1
2021-03-22 00:00:00,3,3,0
2021-03-22 01:00:00,0,0,0
2021-03-22 02:00:00,0,0,0
2021-03-22 03:00:00,0,0,0
2021-03-22 04:00:00,0,0,0
2021-03-22 05:00:00,6,1,5
2021-03-22 06:00:00,8,2,6
2021-03-22 07:00:00,13,2,11
2021-03-22 08:00:00,24,9,15
2021-03-22 09:00:00,19,13,6
2021-03-22 10:00:00,5,3,2
2021-03-22 11:00:00,16,8,8
2021-03-22 12:00:00,15,9,6
2021-03-22 13:00:00,30,12,18
2021-03-22 14:00:00,14,7,7
2021-03-22 15:00:00,23,13,10
2021-03-22 16:00:00,26,18,8
2021-03-22 17:00:00,47,27,20
2021-03-22 18:00:00,26,16,10
2021-03-22 19:00:00,14,10,4
2021-03-22 20:00:00,9,2,7
2021-03-22 21:00:00,7,2,5
2021-03-22 22:00:00,6,2,4
2021-03-22 23:00:00,1,1,0
2021-03-23 00:00:00,0,0,0
2021-03-23 01:00:00,2,1,1
2021-03-23 02:00:00,0,0,0
2021-03-23 03:00:00,1,1,0
2021-03-23 04:00:00,0,0,0
2021-03-23 05:00:00,5,0,5
2021-03-23 06:00:00,15,5,10
2021-03-23 07:00:00,23,8,15
2021-03-23 08:00:00,26,13,13
2021-03-23 09:00:00,21,12,9
2021-03-23 10:00:00,13,9,4
2021-03-23 11:00:00,22,11,11
2021-03-23 12:00:00,31,19,12
2021-03-23 13:00:00,20,9,11
2021-03-23 14:00:00,24,12,12
2021-03-23 15:00:00,36,22,14
2021-03-23 16:00:00,35,22,13
2021-03-23 17:00:00,52,33,19
2021-03-23 18:00:00,40,22,18
2021-03-23 19:00:00,13,8,5
2021-03-23 20:00:00,14,7,7
2021-03-23 21:00:00,5,4,1
2021-03-23 22:00:00,6,2,4
2021-03-23 23:00:00,1,1,0
2021-03-24 00:00:00,5,3,2
2021-03-24 01:00:00,1,0,1
2021-03-24 02:00:00,0,0,0
2021-03-24 03:00:00,0,0,0
2021-03-24 04:00:00,0,0,0
2021-03-24 05:00:00,7,1,6
2021-03-24 06:00:00,11,1,10
2021-03-24 07:00:00,22,5,17
2021-03-24 08:00:00,26,10,16
2021-03-24 09:00:00,15,6,9
2021-03-24 10:00:00,15,9,6
2021-03-24 11:00:00,13,6,7
2021-03-24 12:00:00,20,10,10
2021-03-24 13:00:00,15,8,7
2021-03-24 14:00:00,16,8,8
2021-03-24 15:00:00,17,14,3
2021-03-24 16:00:00,18,13,5
2021-03-24 17:00:00,23,15,8
2021-03-24 18:00:00,12,5,7
2021-03-24 19:00:00,11,5,6
2021-03-24 20:00:00,4,4,0
2021-03-24 21:00:00,7,4,3
2021-03-24 22:00:00,12,4,8
2021-03-24 23:00:00,5,3,2
2021-03-25 00:00:00,0,0,0
2021-03-25 01:00:00,0,0,0
2021-03-25 02:00:00,2,1,1
2021-03-25 03:00:00,0,0,0
2021-03-25 04:00:00,0,0,0
2021-03-25 05:00:00,8,2,6
2021-03-25 06:00:00,4,2,2
2021-03-25 07:00:00,22,5,17
2021-03-25 08:00:00,22,10,12
2021-03-25 09:00:00,12,5,7
2021-03-25 10:00:00,8,4,4
2021-03-25 11:00:00,12,3,9
2021-03-25 12:00:00,16,7,9
2021-03-25 13:00:00,12,7,5
2021-03-25 14:00:00,23,13,10
2021-03-25 15:00:00,26,17,9
2021-03-25 16:00:00,30,13,17
2021-03-25 17:00:00,48,32,16
2021-03-25 18:00:00,33,19,14
2021-03-25 19:00:00,13,4,9
2021-03-25 20:00:00,9,4,5
2021-03-25 21:00:00,9,6,3
2021-03-25 22:00:00,6,3,3
2021-03-25 23:00:00,3,3,0
2021-03-26 00:00:00,0,0,0
2021-03-26 01:00:00,1,1,0
2021-03-26 02:00:00,0,0,0
2021-03-26 03:00:00,0,0,0
2021-03-26 04:00:00,0,0,0
2021-03-26 05:00:00,13,5,8
2021-03-26 06:00:00,7,3,4
2021-03-26 07:00:00,20,8,12
2021-03-26 08:00:00,19,9,10
2021-03-26 09:00:00,23,11,12
2021-03-26 10:00:00,17,6,11
2021-03-26 11:00:00,16,4,12
2021-03-26 12:00:00,30,19,11
2021-03-26 13:00:00,29,14,15
2021-03-26 14:00:00,17,11,6
2021-03-26 15:00:00,31,20,11
2021-03-26 16:00:00,34,21,13
2021-03-26 17:00:00,37,22,15
2021-03-26 18:00:00,37,23,14
2021-03-26 19:00:00,15,10,5
2021-03-26 20:00:00,22,10,12
2021-03-26 21:00:00,9,6,3
2021-03-26 22:00:00,8,6,2
2021-03-26 23:00:00,3,2,1
2021-03-27 00:00:00,7,5,2
2021-03-27 01:00:00,0,0,0
2021-03-27 02:00:00,0,0,0
2021-03-27 03:00:00,1,0,1
2021-03-27 04:00:00,0,0,0
2021-03-27 05:00:00,4,1,3
2021-03-27 06:00:00,5,2,3
2021-03-27 07:00:00,7,3,4
2021-03-27 08:00:00,18,10,8
2021-03-27 09:00:00,17,6,11
2021-03-27 10:00:00,30,19,11
2021-03-27 11:00:00,28,17,11
2021-03-27 12:00:00,31,14,17
2021-03-27 13:00:00,37,28,9
2021-03-27 14:00:00,41,19,22
2021-03-27 15:00:00,43,29,14
2021-03-27 16:00:00,38,25,13
2021-03-27 17:00:00,35,11,24
2021-03-27 18:00:00,37,17,20
2021-03-27 19:00:00,13,8,5
2021-03-27 20:00:00,23,14,9
2021-03-27 21:00:00,8,3,5
2021-03-27 22:00:00,12,7,5
2021-03-27 23:00:00,7,6,1
2021-03-28 00:00:00,14,12,2
2021-03-28 01:00:00,5,3,2
2021-03-28 02:00:00,0,0,0
2021-03-28 03:00:00,1,1,0
2021-03-28 04:00:00,1,0,1
2021-03-28 05:00:00,2,0,2
2021-03-28 06:00:00,3,1,2
2021-03-28 07:00:00,2,1,1
2021-03-28 08:00:00,6,1,5
2021-03-28 09:00:00,13,7,6
2021-03-28 10:00:00,7,3,4
2021-03-28 11:00:00,10,4,6
2021-03-28 12:00:00,5,3,2
2021-03-28 13:00:00,4,3,1
2021-03-28 14:00:00,3,2,1
2021-03-28 15:00:00,4,3,1
2021-03-28 16:00:00,3,1,2
2021-03-28 17:00:00,13,4,9
2021-03-28 18:00:00,5,3,2
2021-03-28 19:00:00,11,6,5
2021-03-28 20:00:00,5,3,2
2021-03-28 21:00:00,6,2,4
2021-03-28 22:00:00,2,1,1
2021-03-28 23:00:00,3,1,2
2021-03-29 00:00:00,0,0,0
2021-03-29 01:00:00,3,1,2
2021-03-29 02:00:00,0,0,0
2021-03-29 03:00:00,0,0,0
2021-03-29 04:00:00,0,0,0
2021-03-29 05:00:00,8,2,6
2021-03-29 06:00:00,10,2,8
2021-03-29 07:00:00,25,6,19
2021-03-29 08:00:00,31,10,21
2021-03-29 09:00:00,15,8,7
2021-03-29 10:00:00,15,6,9
2021-03-29 11:00:00,22,7,15
2021-03-29 12:00:00,32,14,18
2021-03-29 13:00:00,22,13,9
2021-03-29 14:00:00,25,13,12
2021-03-29 15:00:00,21,14,7
2021-03-29 16:00:00,24,16,8
2021-03-29 17:00:00,47,31,16
2021-03-29 18:00:00,25,16,9
2021-03-29 19:00:00,19,8,11
2021-03-29 20:00:00,10,5,5
2021-03-29 21:00:00,8,4,4
2021-03-29 22:00:00,6,1,5
2021-03-29 23:00:00,3,2,1
2021-03-30 00:00:00,4,1,3
2021-03-30 01:00:00,2,1,1
2021-03-30 02:00:00,4,3,1
2021-03-30 03:00:00,2,1,1
2021-03-30 04:00:00,0,0,0
2021-03-30 05:00:00,9,2,7
2021-03-30 06:00:00,10,2,8
2021-03-30 07:00:00,21,4,17
2021-03-30 08:00:00,26,11,15
2021-03-30 09:00:00,27,15,12
2021-03-30 10:00:00,11,3,8
2021-03-30 11:00:00,19,9,10
2021-03-30 12:00:00,24,13,11
2021-03-30 13:00:00,22,8,14
2021-03-30 14:00:00,26,16,10
2021-03-30 15:00:00,26,15,11
2021-03-30 16:00:00,48,33,15
2021-03-30 17:00:00,52,37,15
2021-03-30 18:00:00,37,19,18
2021-03-30 19:00:00,14,7,7
2021-03-30 20:00:00,12,7,5
2021-03-30 21:00:00,8,4,4
2021-03-30 22:00:00,6,1,5
2021-03-30 23:00:00,3,2,1
2021-03-31 00:00:00,1,0,1
2021-03-31 01:00:00,1,0,1
2021-03-31 02:00:00,0,0,0
2021-03-31 03:00:00,0,0,0
2021-03-31 04:00:00,0,0,0
2021-03-31 05:00:00,8,2,6
2021-03-31 06:00:00,13,2,11
2021-03-31 07:00:00,24,9,15
2021-03-31 08:00:00,33,15,18
2021-03-31 09:00:00,19,6,13
2021-03-31 10:00:00,24,13,11
2021-03-31 11:00:00,20,12,8
2021-03-31 12:00:00,33,17,16
2021-03-31 13:00:00,30,17,13
2021-03-31 14:00:00,28,21,7
2021-03-31 15:00:00,45,28,17
2021-03-31 16:00:00,52,33,19
2021-03-31 17:00:00,74,45,29
2021-03-31 18:00:00,26,15,11
2021-03-31 19:00:00,24,13,11
2021-03-31 20:00:00,12,2,10
2021-03-31 21:00:00,11,7,4
2021-03-31 22:00:00,9,4,5
2021-03-31 23:00:00,6,1,5
2021-04-01 00:00:00,4,0,4
2021-04-01 01:00:00,1,1,0
2021-04-01 02:00:00,0,0,0
2021-04-01 03:00:00,1,1,0
2021-04-01 04:00:00,1,0,1
2021-04-01 05:00:00,10,4,6
2021-04-01 06:00:00,15,3,12
2021-04-01 07:00:00,20,6,14
2021-04-01 08:00:00,33,15,18
2021-04-01 09:00:00,26,13,13
2021-04-01 10:00:00,19,11,8
2021-04-01 11:00:00,19,9,10
2021-04-01 12:00:00,29,11,18
2021-04-01 13:00:00,38,20,18
2021-04-01 14:00:00,22,14,8
2021-04-01 15:00:00,42,29,13
2021-04-01 16:00:00,34,22,12
2021-04-01 17:00:00,63,40,23
2021-04-01 18:00:00,44,35,9
2021-04-01 19:00:00,26,10,16
2021-04-01 20:00:00,19,3,16
2021-04-01 21:00:00,8,5,3
2021-04-01 22:00:00,5,1,4
2021-04-01 23:00:00,16,3,13
2021-04-02 00:00:00,4,4,0
2021-04-02 01:00:00,1,0,1
2021-04-02 02:00:00,2,2,0
2021-04-02 03:00:00,0,0,0
2021-04-02 04:00:00,0,0,0
2021-04-02 05:00:00,11,3,8
2021-04-02 06:00:00,12,7,5
2021-04-02 07:00:00,19,7,12
2021-04-02 08:00:00,18,7,11
2021-04-02 09:00:00,21,12,9
2021-04-02 10:00:00,9,5,4
2021-04-02 11:00:00,27,14,13
2021-04-02 12:00:00,28,13,15
2021-04-02 13:00:00,28,14,14
2021-04-02 14:00:00,17,8,9
2021-04-02 15:00:00,42,25,17
2021-04-02 16:00:00,39,23,16
2021-04-02 17:00:00,65,42,23
2021-04-02 18:00:00,50,39,11
2021-04-02 19:00:00,19,12,7
2021-04-02 20:00:00,14,6,8
2021-04-02 21:00:00,12,4,8
2021-04-02 22:00:00,21,8,13
2021-04-02 23:00:00,15,10,5
2021-04-03 00:00:00,14,6,8
2021-04-03 01:00:00,3,2,1
2021-04-03 02:00:00,0,0,0
2021-04-03 03:00:00,0,0,0
2021-04-03 04:00:00,0,0,0
2021-04-03 05:00:00,1,0,1
2021-04-03 06:00:00,1,1,0
2021-04-03 07:00:00,4,1,3
2021-04-03 08:00:00,9,7,2
2021-04-03 09:00:00,12,6,6
2021-04-03 10:00:00,22,14,8
2021-04-03 11:00:00,43,22,21
2021-04-03 12:00:00,35,13,22
2021-04-03 13:00:00,39,27,12
2021-04-03 14:00:00,36,20,16
2021-04-03 15:00:00,36,21,15
2021-04-03 16:00:00,57,32,25
2021-04-03 17:00:00,30,15,15
2021-04-03 18:00:00,43,23,20
2021-04-03 19:00:00,28,20,8
2021-04-03 20:00:00,21,10,11
2021-04-03 21:00:00,16,9,7
2021-04-03 22:00:00,15,4,11
2021-04-03 23:00:00,11,8,3
2021-04-04 00:00:00,4,2,2
2021-04-04 01:00:00,0,0,0
2021-04-04 02:00:00,0,0,0
2021-04-04 03:00:00,0,0,0
2021-04-04 04:00:00,0,0,0
2021-04-04 05:00:00,0,0,0
2021-04-04 06:00:00,3,2,1
2021-04-04 07:00:00,2,0,2
2021-04-04 08:00:00,3,1,2
2021-04-04 09:00:00,7,4,3
2021-04-04 10:00:00,17,9,8
2021-04-04 11:00:00,6,3,3
2021-04-04 12:00:00,12,8,4
2021-04-04 13:00:00,33,15,18
2021-04-04 14:00:00,14,6,8
2021-04-04 15:00:00,19,12,7
2021-04-04 16:00:00,19,10,9
2021-04-04 17:00:00,18,14,4
2021-04-04 18:00:00,22,12,10
2021-04-04 19:00:00,5,2,3
2021-04-04 20:00:00,10,4,6
2021-04-04 21:00:00,12,5,7
2021-04-04 22:00:00,2,0,2
2021-04-04 23:00:00,2,1,1
2021-04-05 00:00:00,1,0,1
2021-04-05 01:00:00,2,1,1
2021-04-05 02:00:00,2,2,0
2021-04-05 03:00:00,0,0,0
2021-04-05 04:00:00,0,0,0
2021-04-05 05:00:00,12,4,8
2021-04-05 06:00:00,13,6,7
2021-04-05 07:00:00,25,8,17
2021-04-05 08:00:00,25,11,14
2021-04-05 09:00:00,14,4,10
2021-04-05 10:00:00,11,6,5
2021-04-05 11:00:00,14,9,5
2021-04-05 12:00:00,25,13,12
2021-04-05 13:00:00,27,16,11
2021-04-05 14:00:00,32,21,11
2021-04-05 15:00:00,49,34,15
2021-04-05 16:00:00,37,26,11
2021-04-05 17:00:00,87,51,36
2021-04-05 18:00:00,35,20,15
2021-04-05 19:00:00,23,17,6
2021-04-05 20:00:00,16,5,11
2021-04-05 21:00:00,6,4,2
2021-04-05 22:00:00,7,2,5
2021-04-05 23:00:00,2,0,2
2021-04-06 00:00:00,1,0,1
2021-04-06 01:00:00,1,0,1
2021-04-06 02:00:00,1,1,0
2021-04-06 03:00:00,0,0,0
2021-04-06 04:00:00,0,0,0
2021-04-06 05:00:00,8,2,6
2021-04-06 06:00:00,22,6,16
2021-04-06 07:00:00,24,11,13
2021-04-06 08:00:00,29,14,15
2021-04-06 09:00:00,13,6,7
2021-04-06 10:00:00,15,6,9
2021-04-06 11:00:00,17,10,7
2021-04-06 12:00:00,16,12,4
2021-04-06 13:00:00,34,22,12
2021-04-06 14:00:00,31,14,17
2021-04-06 15:00:00,42,31,11
2021-04-06 16:00:00,61,42,19
2021-04-06 17:00:00,72,45,27
2021-04-06 18:00:00,52,34,18
2021-04-06 19:00:00,19,4,15
2021-04-06 20:00:00,11,5,6
2021-04-06 21:00:00,7,4,3
2021-04-06 22:00:00,6,1,5
2021-04-06 23:00:00,6,1,5
2021-04-07 00:00:00,2,1,1
2021-04-07 01:00:00,3,1,2
2021-04-07 02:00:00,1,0,1
2021-04-07 03:00:00,2,1,1
2021-04-07 04:00:00,1,0,1
2021-04-07 05:00:00,10,2,8
2021-04-07 06:00:00,24,6,18
2021-04-07 07:00:00,22,8,14
2021-04-07 08:00:00,31,15,16
2021-04-07 09:00:00,13,7,6
2021-04-07 10:00:00,8,6,2
2021-04-07 11:00:00,12,7,5
2021-04-07 12:00:00,24,17,7
2021-04-07 13:00:00,20,12,8
2021-04-07 14:00:00,20,11,9
2021-04-07 15:00:00,34,23,11
2021-04-07 16:00:00,37,20,17
2021-04-07 17:00:00,49,24,25
2021-04-07 18:00:00,32,15,17
2021-04-07 19:00:00,15,11,4
2021-04-07 20:00:00,11,4,7
2021-04-07 21:00:00,4,3,1
2021-04-07 22:00:00,2,0,2
2021-04-07 23:00:00,3,2,1
2021-04-08 00:00:00,1,1,0
2021-04-08 01:00:00,0,0,0
2021-04-08 02:00:00,1,0,1
2021-04-08 03:00:00,3,2,1
2021-04-08 04:00:00,1,0,1
2021-04-08 05:00:00,6,2,4
2021-04-08 06:00:00,13,6,7
2021-04-08 07:00:00,29,8,21
2021-04-08 08:00:00,25,11,14
2021-04-08 09:00:00,24,11,13
2021-04-08 10:00:00,13,6,7
2021-04-08 11:00:00,22,10,12
2021-04-08 12:00:00,22,12,10
2021-04-08 13:00:00,33,17,16
2021-04-08 14:00:00,26,17,9
2021-04-08 15:00:00,37,19,18
2021-04-08 16:00:00,56,32,24
2021-04-08 17:00:00,52,34,18
2021-04-08 18:00:00,50,25,25
2021-04-08 19:00:00,18,9,9
2021-04-08 20:00:00,16,9,7
2021-04-08 21:00:00,11,5,6
2021-04-08 22:00:00,20,7,13
2021-04-08 23:00:00,2,0,2
2021-04-09 00:00:00,2,2,0
2021-04-09 01:00:00,1,0,1
2021-04-09 02:00:00,1,1,0
2021-04-09 03:00:00,0,0,0
2021-04-09 04:00:00,2,1,1
2021-04-09 05:00:00,7,2,5
2021-04-09 06:00:00,14,5,9
2021-04-09 07:00:00,28,7,21
2021-04-09 08:00:00,26,14,12
2021-04-09 09:00:00,14,2,12
2021-04-09 10:00:00,17,9,8
2021-04-09 11:00:00,21,8,13
2021-04-09 12:00:00,18,10,8
2021-04-09 13:00:00,22,10,12
2021-04-09 14:00:00,26,18,8
2021-04-09 15:00:00,36,29,7
2021-04-09 16:00:00,26,15,11
2021-04-09 17:00:00,37,24,13
2021-04-09 18:00:00,26,14,12
2021-04-09 19:00:00,12,4,8
2021-04-09 20:00:00,7,2,5
2021-04-09 21:00:00,7,3,4
2021-04-09 22:00:00,7,3,4
2021-04-09 23:00:00,3,2,1
2021-04-10 00:00:00,6,2,4
2021-04-10 01:00:00,0,0,0
2021-04-10 02:00:00,0,0,0
2021-04-10 03:00:00,0,0,0
2021-04-10 04:00:00,0,0,0
2021-04-10 05:00:00,0,0,0
2021-04-10 06:00:00,3,1,2
2021-04-10 07:00:00,5,2,3
2021-04-10 08:00:00,7,2,5
2021-04-10 09:00:00,15,8,7
2021-04-10 10:00:00,30,22,8
2021-04-10 11:00:00,15,12,3
2021-04-10 12:00:00,31,17,14
2021-04-10 13:00:00,38,22,16
2021-04-10 14:00:00,65,36,29
2021-04-10 15:00:00,46,17,29
2021-04-10 16:00:00,48,28,20
2021-04-10 17:00:00,28,15,13
2021-04-10 18:00:00,29,11,18
2021-04-10 19:00:00,15,9,6
2021-04-10 20:00:00,10,4,6
2021-04-10 21:00:00,11,8,3
2021-04-10 22:00:00,9,3,6
2021-04-10 23:00:00,8,5,3
2021-04-11 00:00:00,6,4,2
2021-04-11 01:00:00,4,0,4
2021-04-11 02:00:00,1,0,1
2021-04-11 03:00:00,1,0,1
2021-04-11 04:00:00,1,0,1
2021-04-11 05:00:00,2,1,1
2021-04-11 06:00:00,3,3,0
2021-04-11 07:00:00,3,1,2
2021-04-11 08:00:00,8,4,4
2021-04-11 09:00:00,23,15,8
2021-04-11 10:00:00,29,9,20
2021-04-11 11:00:00,39,32,7
2021-04-11 12:00:00,33,17,16
2021-04-11 13:00:00,33,18,15
2021-04-11 14:00:00,47,24,23
2021-04-11 15:00:00,30,18,12
2021-04-11 16:00:00,41,21,20
2021-04-11 17:00:00,30,14,16
2021-04-11 18:00:00,16,3,13
2021-04-11 19:00:00,14,7,7
2021-04-11 20:00:00,4,1,3
2021-04-11 21:00:00,6,3,3
2021-04-11 22:00:00,3,2,1
2021-04-11 23:00:00,3,2,1
2021-04-12 00:00:00,3,2,1
2021-04-12 01:00:00,0,0,0
2021-04-12 02:00:00,2,2,0
2021-04-12 03:00:00,0,0,0
2021-04-12 04:00:00,1,0,1
2021-04-12 05:00:00,7,0,7
2021-04-12 06:00:00,18,7,11
2021-04-12 07:00:00,27,10,17
2021-04-12 08:00:00,31,7,24
2021-04-12 09:00:00,23,11,12
2021-04-12 10:00:00,12,6,6
2021-04-12 11:00:00,21,8,13
2021-04-12 12:00:00,17,9,8
2021-04-12 13:00:00,27,14,13
2021-04-12 14:00:00,25,13,12
2021-04-12 15:00:00,52,37,15
2021-04-12 16:00:00,39,26,13
2021-04-12 17:00:00,46,26,20
2021-04-12 18:00:00,27,13,14
2021-04-12 19:00:00,19,11,8
2021-04-12 20:00:00,16,3,13
2021-04-12 21:00:00,16,8,8
2021-04-12 22:00:00,8,5,3
2021-04-12 23:00:00,5,2,3
2021-04-13 00:00:00,4,3,1
2021-04-13 01:00:00,0,0,0
2021-04-13 02:00:00,1,0,1
2021-04-13 03:00:00,1,0,1
2021-04-13 04:00:00,1,0,1
2021-04-13 05:00:00,9,3,6
2021-04-13 06:00:00,19,4,15
2021-04-13 07:00:00,33,11,22
2021-04-13 08:00:00,33,12,21
2021-04-13 09:00:00,24,14,10
2021-04-13 10:00:00,21,11,10
2021-04-13 11:00:00,23,15,8
2021-04-13 12:00:00,29,17,12
2021-04-13 13:00:00,21,9,12
2021-04-13 14:00:00,25,14,11
2021-04-13 15:00:00,43,26,17
2021-04-13 16:00:00,45,28,17
2021-04-13 17:00:00,53,35,18
2021-04-13 18:00:00,36,23,13
2021-04-13 19:00:00,28,12,16
2021-04-13 20:00:00,9,4,5
2021-04-13 21:00:00,15,7,8
2021-04-13 22:00:00,6,2,4
2021-04-13 23:00:00,1,1,0
2021-04-14 00:00:00,8,6,2
2021-04-14 01:00:00,1,0,1
2021-04-14 02:00:00,0,0,0
2021-04-14 03:00:00,2,2,0
2021-04-14 04:00:00,0,0,0
2021-04-14 05:00:00,12,3,9
2021-04-14 06:00:00,11,5,6
2021-04-14 07:00:00,45,15,30
2021-04-14 08:00:00,38,14,24
2021-04-14 09:00:00,30,10,20
2021-04-14 10:00:00,12,8,4
2021-04-14 11:00:00,18,8,10
2021-04-14 12:00:00,23,12,11
2021-04-14 13:00:00,29,16,13
2021-04-14 14:00:00,29,13,16
2021-04-14 15:00:00,53,42,11
2021-04-14 16:00:00,55,36,19
2021-04-14 17:00:00,62,37,25
2021-04-14 18:00:00,46,26,20
2021-04-14 19:00:00,24,13,11
2021-04-14 20:00:00,17,5,12
2021-04-14 21:00:00,12,5,7
2021-04-14 22:00:00,6,0,6
2021-04-14 23:00:00,5,2,3
2021-04-15 00:00:00,4,3,1
2021-04-15 01:00:00,1,0,1
2021-04-15 02:00:00,1,1,0
2021-04-15 03:00:00,0,0,0
2021-04-15 04:00:00,0,0,0
2021-04-15 05:00:00,15,3,12
2021-04-15 06:00:00,14,7,7
2021-04-15 07:00:00,43,15,28
2021-04-15 08:00:00,42,18,24
2021-04-15 09:00:00,25,7,18
2021-04-15 10:00:00,13,8,5
2021-04-15 11:00:00,22,13,9
2021-04-15 12:00:00,27,18,9
2021-04-15 13:00:00,28,12,16
2021-04-15 14:00:00,40,29,11
2021-04-15 15:00:00,50,33,17
2021-04-15 16:00:00,56,36,20
2021-04-15 17:00:00,74,43,31
2021-04-15 18:00:00,45,21,24
2021-04-15 19:00:00,31,15,16
2021-04-15 20:00:00,14,5,9
2021-04-15 21:00:00,18,10,8
2021-04-15 22:00:00,18,6,12
2021-04-15 23:00:00,5,2,3
2021-04-16 00:00:00,5,2,3
2021-04-16 01:00:00,0,0,0
2021-04-16 02:00:00,0,0,0
2021-04-16 03:00:00,1,1,0
2021-04-16 04:00:00,0,0,0
2021-04-16 05:00:00,14,4,10
2021-04-16 06:00:00,13,5,8
2021-04-16 07:00:00,23,9,14
2021-04-16 08:00:00,32,13,19
2021-04-16 09:00:00,24,14,10
2021-04-16 10:00:00,28,15,13
2021-04-16 11:00:00,32,16,16
2021-04-16 12:00:00,29,18,11
2021-04-16 13:00:00,34,23,11
2021-04-16 14:00:00,50,21,29
2021-04-16 15:00:00,59,38,21
2021-04-16 16:00:00,55,39,16
2021-04-16 17:00:00,81,49,32
2021-04-16 18:00:00,54,32,22
2021-04-16 19:00:00,31,21,10
2021-04-16 20:00:00,23,3,20
2021-04-16 21:00:00,28,7,21
2021-04-16 22:00:00,33,9,24
2021-04-16 23:00:00,12,4,8
2021-04-17 00:00:00,17,8,9
2021-04-17 01:00:00,7,6,1
2021-04-17 02:00:00,0,0,0
2021-04-17 03:00:00,0,0,0
2021-04-17 04:00:00,1,0,1
2021-04-17 05:00:00,0,0,0
2021-04-17 06:00:00,2,2,0
2021-04-17 07:00:00,13,7,6
2021-04-17 08:00:00,13,7,6
2021-04-17 09:00:00,25,10,15
2021-04-17 10:00:00,33,20,13
2021-04-17 11:00:00,47,30,17
2021-04-17 12:00:00,47,31,16
2021-04-17 13:00:00,50,29,21
2021-04-17 14:00:00,87,51,36
2021-04-17 15:00:00,58,41,17
2021-04-17 16:00:00,78,46,32
2021-04-17 17:00:00,42,22,20
2021-04-17 18:00:00,50,21,29
2021-04-17 19:00:00,32,17,15
2021-04-17 20:00:00,22,8,14
2021-04-17 21:00:00,34,8,26
2021-04-17 22:00:00,10,4,6
2021-04-17 23:00:00,14,11,3
2021-04-18 00:00:00,10,7,3
2021-04-18 01:00:00,3,3,0
2021-04-18 02:00:00,3,2,1
2021-04-18 03:00:00,4,2,2
2021-04-18 04:00:00,0,0,0
2021-04-18 05:00:00,1,0,1
2021-04-18 06:00:00,1,1,0
2021-04-18 07:00:00,7,4,3
2021-04-18 08:00:00,10,2,8
2021-04-18 09:00:00,23,8,15
2021-04-18 10:00:00,33,21,12
2021-04-18 11:00:00,44,23,21
2021-04-18 12:00:00,46,29,17
2021-04-18 13:00:00,41,17,24
2021-04-18 14:00:00,47,24,23
2021-04-18 15:00:00,58,27,31
2021-04-18 16:00:00,45,24,21
2021-04-18 17:00:00,34,16,18
2021-04-18 18:00:00,25,13,12
2021-04-18 19:00:00,28,20,8
2021-04-18 20:00:00,14,6,8
2021-04-18 21:00:00,25,13,12
2021-04-18 22:00:00,3,2,1
2021-04-18 23:00:00,5,4,1
2021-04-19 00:00:00,3,2,1
2021-04-19 01:00:00,0,0,0
2021-04-19 02:00:00,2,1,1
2021-04-19 03:00:00,0,0,0
2021-04-19 04:00:00,3,2,1
2021-04-19 05:00:00,13,4,9
2021-04-19 06:00:00,11,3,8
2021-04-19 07:00:00,45,13,32
2021-04-19 08:00:00,28,11,17
2021-04-19 09:00:00,25,10,15
2021-04-19 10:00:00,16,12,4
2021-04-19 11:00:00,20,14,6
2021-04-19 12:00:00,28,9,19
2021-04-19 13:00:00,25,14,11
2021-04-19 14:00:00,36,22,14
2021-04-19 15:00:00,45,23,22
2021-04-19 16:00:00,58,43,15
2021-04-19 17:00:00,82,51,31
2021-04-19 18:00:00,49,38,11
2021-04-19 19:00:00,21,12,9
2021-04-19 20:00:00,21,13,8
2021-04-19 21:00:00,17,6,11
2021-04-19 22:00:00,15,2,13
2021-04-19 23:00:00,14,2,12
2021-04-20 00:00:00,0,0,0
2021-04-20 01:00:00,2,1,1
2021-04-20 02:00:00,1,0,1
2021-04-20 03:00:00,0,0,0
2021-04-20 04:00:00,0,0,0
2021-04-20 05:00:00,16,4,12
2021-04-20 06:00:00,11,3,8
2021-04-20 07:00:00,35,10,25
2021-04-20 08:00:00,30,11,19
2021-04-20 09:00:00,30,13,17
2021-04-20 10:00:00,17,13,4
2021-04-20 11:00:00,26,15,11
2021-04-20 12:00:00,40,31,9
2021-04-20 13:00:00,22,13,9
2021-04-20 14:00:00,35,16,19
2021-04-20 15:00:00,41,26,15
2021-04-20 16:00:00,69,29,40
2021-04-20 17:00:00,54,28,26
2021-04-20 18:00:00,65,45,20
2021-04-20 19:00:00,28,15,13
2021-04-20 20:00:00,18,7,11
2021-04-20 21:00:00,12,6,6
2021-04-20 22:00:00,2,1,1
2021-04-20 23:00:00,8,3,5
2021-04-21 00:00:00,0,0,0
2021-04-21 01:00:00,1,0,1
2021-04-21 02:00:00,1,1,0
2021-04-21 03:00:00,0,0,0
2021-04-21 04:00:00,0,0,0
2021-04-21 05:00:00,13,3,10
2021-04-21 06:00:00,25,5,20
2021-04-21 07:00:00,38,16,22
2021-04-21 08:00:00,36,13,23
2021-04-21 09:00:00,29,12,17
2021-04-21 10:00:00,14,11,3
2021-04-21 11:00:00,21,8,13
2021-04-21 12:00:00,25,15,10
2021-04-21 13:00:00,42,24,18
2021-04-21 14:00:00,47,28,19
2021-04-21 15:00:00,49,30,19
2021-04-21 16:00:00,50,28,22
2021-04-21 17:00:00,81,47,34
2021-04-21 18:00:00,44,28,16
2021-04-21 19:00:00,21,8,13
2021-04-21 20:00:00,28,19,9
2021-04-21 21:00:00,46,18,28
2021-04-21 22:00:00,14,9,5
2021-04-21 23:00:00,5,1,4
2021-04-22 00:00:00,4,4,0
2021-04-22 01:00:00,1,0,1
2021-04-22 02:00:00,1,0,1
2021-04-22 03:00:00,2,1,1
2021-04-22 04:00:00,1,0,1
2021-04-22 05:00:00,11,1,10
2021-04-22 06:00:00,20,8,12
2021-04-22 07:00:00,37,15,22
2021-04-22 08:00:00,28,10,18
2021-04-22 09:00:00,32,12,20
2021-04-22 10:00:00,20,14,6
2021-04-22 11:00:00,16,11,5
2021-04-22 12:00:00,28,19,9
2021-04-22 13:00:00,27,15,12
2021-04-22 14:00:00,24,19,5
2021-04-22 15:00:00,44,31,13
2021-04-22 16:00:00,53,37,16
2021-04-22 17:00:00,59,35,24
2021-04-22 18:00:00,44,27,17
2021-04-22 19:00:00,23,14,9
2021-04-22 20:00:00,11,5,6
2021-04-22 21:00:00,16,5,11
2021-04-22 22:00:00,10,5,5
2021-04-22 23:00:00,3,1,2
2021-04-23 00:00:00,3,2,1
2021-04-23 01:00:00,1,0,1
2021-04-23 02:00:00,1,0,1
2021-04-23 03:00:00,1,1,0
2021-04-23 04:00:00,0,0,0
2021-04-23 05:00:00,10,1,9
2021-04-23 06:00:00,26,10,16
2021-04-23 07:00:00,27,12,15
2021-04-23 08:00:00,21,10,11
2021-04-23 09:00:00,18,7,11
2021-04-23 10:00:00,16,7,9
2021-04-23 11:00:00,16,4,12
2021-04-23 12:00:00,21,12,9
2021-04-23 13:00:00,27,15,12
2021-04-23 14:00:00,35,20,15
2021-04-23 15:00:00,48,30,18
2021-04-23 16:00:00,46,34,12
2021-04-23 17:00:00,54,37,17
2021-04-23 18:00:00,38,20,18
2021-04-23 19:00:00,26,10,16
2021-04-23 20:00:00,17,7,10
2021-04-23 21:00:00,14,9,5
2021-04-23 22:00:00,11,5,6
2021-04-23 23:00:00,9,6,3
2021-04-24 00:00:00,2,1,1
2021-04-24 01:00:00,1,0,1
2021-04-24 02:00:00,0,0,0
2021-04-24 03:00:00,0,0,0
2021-04-24 04:00:00,0,0,0
2021-04-24 05:00:00,2,0,2
2021-04-24 06:00:00,2,2,0
2021-04-24 07:00:00,5,1,4
2021-04-24 08:00:00,4,3,1
2021-04-24 09:00:00,13,3,10
2021-04-24 10:00:00,10,9,1
2021-04-24 11:00:00,18,13,5
2021-04-24 12:00:00,11,5,6
2021-04-24 13:00:00,15,9,6
2021-04-24 14:00:00,23,10,13
2021-04-24 15:00:00,27,16,11
2021-04-24 16:00:00,27,12,15
2021-04-24 17:00:00,22,17,5
2021-04-24 18:00:00,12,8,4
2021-04-24 19:00:00,9,5,4
2021-04-24 20:00:00,9,6,3
2021-04-24 21:00:00,5,2,3
2021-04-24 22:00:00,9,5,4
2021-04-24 23:00:00,4,2,2
2021-04-25 00:00:00,6,2,4
2021-04-25 01:00:00,1,1,0
2021-04-25 02:00:00,0,0,0
2021-04-25 03:00:00,0,0,0
2021-04-25 04:00:00,0,0,0
2021-04-25 05:00:00,0,0,0
2021-04-25 06:00:00,3,3,0
2021-04-25 07:00:00,4,1,3
2021-04-25 08:00:00,9,2,7
2021-04-25 09:00:00,6,3,3
2021-04-25 10:00:00,9,7,2
2021-04-25 11:00:00,16,7,9
2021-04-25 12:00:00,24,13,11
2021-04-25 13:00:00,24,14,10
2021-04-25 14:00:00,31,21,10
2021-04-25 15:00:00,24,18,6
2021-04-25 16:00:00,20,9,11
2021-04-25 17:00:00,25,14,11
2021-04-25 18:00:00,11,6,5
2021-04-25 19:00:00,11,3,8
2021-04-25 20:00:00,10,4,6
2021-04-25 21:00:00,5,3,2
2021-04-25 22:00:00,9,6,3
2021-04-25 23:00:00,1,1,0
2021-04-26 00:00:00,3,3,0
2021-04-26 01:00:00,0,0,0
2021-04-26 02:00:00,0,0,0
2021-04-26 03:00:00,2,0,2
2021-04-26 04:00:00,1,1,0
2021-04-26 05:00:00,10,3,7
2021-04-26 06:00:00,14,3,11
2021-04-26 07:00:00,30,11,19
2021-04-26 08:00:00,26,8,18
2021-04-26 09:00:00,20,6,14
2021-04-26 10:00:00,12,9,3
2021-04-26 11:00:00,21,13,8
2021-04-26 12:00:00,24,13,11
2021-04-26 13:00:00,15,9,6
2021-04-26 14:00:00,28,14,14
2021-04-26 15:00:00,39,28,11
2021-04-26 16:00:00,49,38,11
2021-04-26 17:00:00,70,42,28
2021-04-26 18:00:00,27,18,9
2021-04-26 19:00:00,31,15,16
2021-04-26 20:00:00,17,4,13
2021-04-26 21:00:00,10,3,7
2021-04-26 22:00:00,7,3,4
2021-04-26 23:00:00,2,1,1
2021-04-27 00:00:00,1,0,1
2021-04-27 01:00:00,1,0,1
2021-04-27 02:00:00,2,2,0
2021-04-27 03:00:00,0,0,0
2021-04-27 04:00:00,0,0,0
2021-04-27 05:00:00,16,3,13
2021-04-27 06:00:00,18,5,13
2021-04-27 07:00:00,37,12,25
2021-04-27 08:00:00,32,11,21
2021-04-27 09:00:00,27,11,16
2021-04-27 10:00:00,16,8,8
2021-04-27 11:00:00,24,16,8
2021-04-27 12:00:00,23,10,13
2021-04-27 13:00:00,20,12,8
2021-04-27 14:00:00,24,15,9
2021-04-27 15:00:00,43,27,16
2021-04-27 16:00:00,60,37,23
2021-04-27 17:00:00,78,46,32
2021-04-27 18:00:00,39,24,15
2021-04-27 19:00:00,21,7,14
2021-04-27 20:00:00,8,4,4
2021-04-27 21:00:00,9,6,3
2021-04-27 22:00:00,7,0,7
2021-04-27 23:00:00,4,0,4
2021-04-28 00:00:00,0,0,0
2021-04-28 01:00:00,1,0,1
2021-04-28 02:00:00,2,1,1
2021-04-28 03:00:00,1,1,0
2021-04-28 04:00:00,4,2,2
2021-04-28 05:00:00,14,3,11
2021-04-28 06:00:00,21,10,11
2021-04-28 07:00:00,46,16,30
2021-04-28 08:00:00,34,12,22
2021-04-28 09:00:00,26,10,16
2021-04-28 10:00:00,25,16,9
2021-04-28 11:00:00,35,15,20
2021-04-28 12:00:00,36,15,21
2021-04-28 13:00:00,42,24,18
2021-04-28 14:00:00,43,26,17
2021-04-28 15:00:00,60,36,24
2021-04-28 16:00:00,59,36,23
2021-04-28 17:00:00,75,48,27
2021-04-28 18:00:00,50,27,23
2021-04-28 19:00:00,15,7,8
2021-04-28 20:00:00,17,10,7
2021-04-28 21:00:00,15,8,7
2021-04-28 22:00:00,4,1,3
2021-04-28 23:00:00,9,4,5
2021-04-29 00:00:00,8,6,2
2021-04-29 01:00:00,1,1,0
2021-04-29 02:00:00,1,1,0
2021-04-29 03:00:00,6,2,4
2021-04-29 04:00:00,0,0,0
2021-04-29 05:00:00,9,0,9
2021-04-29 06:00:00,18,6,12
2021-04-29 07:00:00,37,13,24
2021-04-29 08:00:00,27,10,17
2021-04-29 09:00:00,24,11,13
2021-04-29 10:00:00,19,12,7
2021-04-29 11:00:00,15,6,9
2021-04-29 12:00:00,22,13,9
2021-04-29 13:00:00,32,21,11
2021-04-29 14:00:00,46,28,18
2021-04-29 15:00:00,42,32,10
2021-04-29 16:00:00,67,50,17
2021-04-29 17:00:00,51,28,23
2021-04-29 18:00:00,41,21,20
2021-04-29 19:00:00,21,8,13
2021-04-29 20:00:00,22,9,13
2021-04-29 21:00:00,7,4,3
2021-04-29 22:00:00,10,4,6
2021-04-29 23:00:00,8,2,6
2021-04-30 00:00:00,1,1,0
2021-04-30 01:00:00,0,0,0
2021-04-30 02:00:00,2,1,1
2021-04-30 03:00:00,0,0,0
2021-04-30 04:00:00,0,0,0
2021-04-30 05:00:00,13,2,11
2021-04-30 06:00:00,11,4,7
2021-04-30 07:00:00,26,7,19
2021-04-30 08:00:00,19,7,12
2021-04-30 09:00:00,15,6,9
2021-04-30 10:00:00,7,3,4
2021-04-30 11:00:00,15,7,8
2021-04-30 12:00:00,22,9,13
2021-04-30 13:00:00,32,22,10
2021-04-30 14:00:00,35,22,13
2021-04-30 15:00:00,40,27,13
2021-04-30 16:00:00,44,25,19
2021-04-30 17:00:00,48,29,19
2021-04-30 18:00:00,52,24,28
2021-04-30 19:00:00,24,12,12
2021-04-30 20:00:00,28,12,16
2021-04-30 21:00:00,19,9,10
2021-04-30 22:00:00,10,3,7
2021-04-30 23:00:00,15,6,9
2021-05-01 00:00:00,8,6,2
2021-05-01 01:00:00,1,1,0
2021-05-01 02:00:00,2,2,0
2021-05-01 03:00:00,0,0,0
2021-05-01 04:00:00,0,0,0
2021-05-01 05:00:00,1,0,1
2021-05-01 06:00:00,2,2,0
2021-05-01 07:00:00,3,2,1
2021-05-01 08:00:00,10,2,8
2021-05-01 09:00:00,16,10,6
2021-05-01 10:00:00,27,12,15
2021-05-01 11:00:00,21,16,5
2021-05-01 12:00:00,40,22,18
2021-05-01 13:00:00,44,26,18
2021-05-01 14:00:00,44,21,23
2021-05-01 15:00:00,42,27,15
2021-05-01 16:00:00,37,22,15
2021-05-01 17:00:00,36,24,12
2021-05-01 18:00:00,35,22,13
2021-05-01 19:00:00,27,13,14
2021-05-01 20:00:00,27,15,12
2021-05-01 21:00:00,33,10,23
2021-05-01 22:00:00,14,8,6
2021-05-01 23:00:00,11,7,4
2021-05-02 00:00:00,19,11,8
2021-05-02 01:00:00,5,3,2
2021-05-02 02:00:00,2,2,0
2021-05-02 03:00:00,2,1,1
2021-05-02 04:00:00,3,1,2
2021-05-02 05:00:00,1,0,1
2021-05-02 06:00:00,4,3,1
2021-05-02 07:00:00,3,2,1
2021-05-02 08:00:00,13,8,5
2021-05-02 09:00:00,24,12,12
2021-05-02 10:00:00,33,20,13
2021-05-02 11:00:00,31,22,9
2021-05-02 12:00:00,68,58,10
2021-05-02 13:00:00,44,31,13
2021-05-02 14:00:00,47,23,24
2021-05-02 15:00:00,40,19,21
2021-05-02 16:00:00,53,26,27
2021-05-02 17:00:00,40,19,21
2021-05-02 18:00:00,38,15,23
2021-05-02 19:00:00,25,8,17
2021-05-02 20:00:00,25,8,17
2021-05-02 21:00:00,13,3,10
2021-05-02 22:00:00,8,4,4
2021-05-02 23:00:00,6,3,3
2021-05-03 00:00:00,2,1,1
2021-05-03 01:00:00,3,1,2
2021-05-03 02:00:00,0,0,0
2021-05-03 03:00:00,4,0,4
2021-05-03 04:00:00,0,0,0
2021-05-03 05:00:00,10,3,7
2021-05-03 06:00:00,23,7,16
2021-05-03 07:00:00,34,11,23
2021-05-03 08:00:00,29,13,16
2021-05-03 09:00:00,26,9,17
2021-05-03 10:00:00,16,8,8
2021-05-03 11:00:00,15,8,7
2021-05-03 12:00:00,19,8,11
2021-05-03 13:00:00,24,7,17
2021-05-03 14:00:00,25,11,14
2021-05-03 15:00:00,25,17,8
2021-05-03 16:00:00,22,17,5
2021-05-03 17:00:00,44,27,17
2021-05-03 18:00:00,22,11,11
2021-05-03 19:00:00,10,2,8
2021-05-03 20:00:00,9,5,4
2021-05-03 21:00:00,7,2,5
2021-05-03 22:00:00,4,1,3
2021-05-03 23:00:00,5,1,4
2021-05-04 00:00:00,1,1,0
2021-05-04 01:00:00,3,1,2
2021-05-04 02:00:00,0,0,0
2021-05-04 03:00:00,1,1,0
2021-05-04 04:00:00,0,0,0
2021-05-04 05:00:00,10,2,8
2021-05-04 06:00:00,22,6,16
2021-05-04 07:00:00,39,13,26
2021-05-04 08:00:00,35,13,22
2021-05-04 09:00:00,23,6,17
2021-05-04 10:00:00,17,10,7
2021-05-04 11:00:00,21,8,13
2021-05-04 12:00:00,20,11,9
2021-05-04 13:00:00,40,18,22
2021-05-04 14:00:00,30,13,17
2021-05-04 15:00:00,54,36,18
2021-05-04 16:00:00,53,38,15
2021-05-04 17:00:00,71,45,26
2021-05-04 18:00:00,47,36,11
2021-05-04 19:00:00,29,17,12
2021-05-04 20:00:00,10,3,7
2021-05-04 21:00:00,11,5,6
2021-05-04 22:00:00,15,4,11
2021-05-04 23:00:00,4,0,4
2021-05-05 00:00:00,3,3,0
2021-05-05 01:00:00,1,1,0
2021-05-05 02:00:00,1,0,1
2021-05-05 03:00:00,0,0,0
2021-05-05 04:00:00,1,0,1
2021-05-05 05:00:00,14,3,11
2021-05-05 06:00:00,27,5,22
2021-05-05 07:00:00,43,15,28
2021-05-05 08:00:00,44,13,31
2021-05-05 09:00:00,21,10,11
2021-05-05 10:00:00,17,11,6
2021-05-05 11:00:00,35,22,13
2021-05-05 12:00:00,57,40,17
2021-05-05 13:00:00,29,12,17
2021-05-05 14:00:00,31,19,12
2021-05-05 15:00:00,60,36,24
2021-05-05 16:00:00,55,37,18
2021-05-05 17:00:00,71,48,23
2021-05-05 18:00:00,44,28,16
2021-05-05 19:00:00,33,14,19
2021-05-05 20:00:00,11,4,7
2021-05-05 21:00:00,13,8,5
2021-05-05 22:00:00,11,7,4
2021-05-05 23:00:00,3,0,3
2021-05-06 00:00:00,1,1,0
2021-05-06 01:00:00,3,1,2
2021-05-06 02:00:00,0,0,0
2021-05-06 03:00:00,1,1,0
2021-05-06 04:00:00,0,0,0
2021-05-06 05:00:00,10,2,8
2021-05-06 06:00:00,25,8,17
2021-05-06 07:00:00,38,9,29
2021-05-06 08:00:00,27,15,12
2021-05-06 09:00:00,29,13,16
2021-05-06 10:00:00,19,8,11
2021-05-06 11:00:00,25,17,8
2021-05-06 12:00:00,34,21,13
2021-05-06 13:00:00,41,19,22
2021-05-06 14:00:00,32,19,13
2021-05-06 15:00:00,37,23,14
2021-05-06 16:00:00,45,24,21
2021-05-06 17:00:00,63,41,22
2021-05-06 18:00:00,32,19,13
2021-05-06 19:00:00,22,13,9
2021-05-06 20:00:00,13,7,6
2021-05-06 21:00:00,14,7,7
2021-05-06 22:00:00,9,5,4
2021-05-06 23:00:00,8,1,7
2021-05-07 00:00:00,3,2,1
2021-05-07 01:00:00,0,0,0
2021-05-07 02:00:00,0,0,0
2021-05-07 03:00:00,1,0,1
2021-05-07 04:00:00,0,0,0
2021-05-07 05:00:00,8,1,7
2021-05-07 06:00:00,15,3,12
2021-05-07 07:00:00,20,7,13
2021-05-07 08:00:00,22,6,16
2021-05-07 09:00:00,20,10,10
2021-05-07 10:00:00,13,6,7
2021-05-07 11:00:00,18,9,9
2021-05-07 12:00:00,13,9,4
2021-05-07 13:00:00,23,13,10
2021-05-07 14:00:00,20,15,5
2021-05-07 15:00:00,34,22,12
2021-05-07 16:00:00,40,24,16
2021-05-07 17:00:00,50,30,20
2021-05-07 18:00:00,40,26,14
2021-05-07 19:00:00,23,14,9
2021-05-07 20:00:00,12,6,6
2021-05-07 21:00:00,10,3,7
2021-05-07 22:00:00,12,5,7
2021-05-07 23:00:00,4,2,2
2021-05-08 00:00:00,11,4,7
2021-05-08 01:00:00,4,3,1
2021-05-08 02:00:00,1,1,0
2021-05-08 03:00:00,2,0,2
2021-05-08 04:00:00,1,1,0
2021-05-08 05:00:00,1,0,1
2021-05-08 06:00:00,2,2,0
2021-05-08 07:00:00,7,4,3
2021-05-08 08:00:00,8,6,2
2021-05-08 09:00:00,11,2,9
2021-05-08 10:00:00,10,6,4
2021-05-08 11:00:00,21,13,8
2021-05-08 12:00:00,40,25,15
2021-05-08 13:00:00,27,14,13
2021-05-08 14:00:00,39,23,16
2021-05-08 15:00:00,40,23,17
2021-05-08 16:00:00,42,19,23
2021-05-08 17:00:00,29,15,14
2021-05-08 18:00:00,25,12,13
2021-05-08 19:00:00,15,7,8
2021-05-08 20:00:00,23,17,6
2021-05-08 21:00:00,21,7,14
2021-05-08 22:00:00,21,6,15
2021-05-08 23:00:00,5,3,2
2021-05-09 00:00:00,12,3,9
2021-05-09 01:00:00,0,0,0
2021-05-09 02:00:00,1,0,1
2021-05-09 03:00:00,0,0,0
2021-05-09 04:00:00,0,0,0
2021-05-09 05:00:00,1,0,1
2021-05-09 06:00:00,1,1,0
2021-05-09 07:00:00,5,3,2
2021-05-09 08:00:00,13,10,3
2021-05-09 09:00:00,11,6,5
2021-05-09 10:00:00,18,4,14
2021-05-09 11:00:00,23,19,4
2021-05-09 12:00:00,34,22,12
2021-05-09 13:00:00,34,19,15
2021-05-09 14:00:00,33,22,11
2021-05-09 15:00:00,32,9,23
2021-05-09 16:00:00,31,19,12
2021-05-09 17:00:00,23,13,10
2021-05-09 18:00:00,27,13,14
2021-05-09 19:00:00,21,10,11
2021-05-09 20:00:00,22,5,17
2021-05-09 21:00:00,8,4,4
2021-05-09 22:00:00,5,2,3
2021-05-09 23:00:00,6,2,4
2021-05-10 00:00:00,6,3,3
2021-05-10 01:00:00,0,0,0
2021-05-10 02:00:00,0,0,0
2021-05-10 03:00:00,0,0,0
2021-05-10 04:00:00,0,0,0
2021-05-10 05:00:00,16,4,12
2021-05-10 06:00:00,19,10,9
2021-05-10 07:00:00,18,4,14
2021-05-10 08:00:00,27,12,15
2021-05-10 09:00:00,28,18,10
2021-05-10 10:00:00,14,6,8
2021-05-10 11:00:00,15,8,7
2021-05-10 12:00:00,29,14,15
2021-05-10 13:00:00,25,10,15
2021-05-10 14:00:00,23,14,9
2021-05-10 15:00:00,45,31,14
2021-05-10 16:00:00,43,27,16
2021-05-10 17:00:00,73,42,31
2021-05-10 18:00:00,45,24,21
2021-05-10 19:00:00,12,6,6
2021-05-10 20:00:00,15,11,4
2021-05-10 21:00:00,7,4,3
2021-05-10 22:00:00,3,1,2
2021-05-10 23:00:00,3,0,3
2021-05-11 00:00:00,1,0,1
2021-05-11 01:00:00,1,0,1
2021-05-11 02:00:00,0,0,0
2021-05-11 03:00:00,0,0,0
2021-05-11 04:00:00,1,0,1
2021-05-11 05:00:00,15,2,13
2021-05-11 06:00:00,24,5,19
2021-05-11 07:00:00,47,14,33
2021-05-11 08:00:00,32,14,18
2021-05-11 09:00:00,26,11,15
2021-05-11 10:00:00,30,18,12
2021-05-11 11:00:00,19,11,8
2021-05-11 12:00:00,29,21,8
2021-05-11 13:00:00,22,18,4
2021-05-11 14:00:00,35,22,13
2021-05-11 15:00:00,37,23,14
2021-05-11 16:00:00,62,44,18
2021-05-11 17:00:00,75,54,21
2021-05-11 18:00:00,42,23,19
2021-05-11 19:00:00,15,9,6
2021-05-11 20:00:00,17,7,10
2021-05-11 21:00:00,17,4,13
2021-05-11 22:00:00,5,1,4
2021-05-11 23:00:00,2,1,1
2021-05-12 00:00:00,2,1,1
2021-05-12 01:00:00,1,1,0
2021-05-12 02:00:00,0,0,0
2021-05-12 03:00:00,0,0,0
2021-05-12 04:00:00,2,2,0
2021-05-12 05:00:00,7,1,6
2021-05-12 06:00:00,22,9,13
2021-05-12 07:00:00,44,13,31
2021-05-12 08:00:00,41,19,22
2021-05-12 09:00:00,26,8,18
2021-05-12 10:00:00,28,14,14
2021-05-12 11:00:00,31,18,13
2021-05-12 12:00:00,26,14,12
2021-05-12 13:00:00,36,18,18
2021-05-12 14:00:00,34,18,16
2021-05-12 15:00:00,49,37,12
2021-05-12 16:00:00,53,40,13
2021-05-12 17:00:00,82,52,30
2021-05-12 18:00:00,49,28,21
2021-05-12 19:00:00,25,10,15
2021-05-12 20:00:00,18,6,12
2021-05-12 21:00:00,13,6,7
2021-05-12 22:00:00,9,5,4
2021-05-12 23:00:00,7,4,3
2021-05-13 00:00:00,4,3,1
2021-05-13 01:00:00,1,1,0
2021-05-13 02:00:00,1,1,0
2021-05-13 03:00:00,0,0,0
2021-05-13 04:00:00,3,1,2
2021-05-13 05:00:00,13,1,12
2021-05-13 06:00:00,23,7,16
2021-05-13 07:00:00,34,12,22
2021-05-13 08:00:00,35,13,22
2021-05-13 09:00:00,22,8,14
2021-05-13 10:00:00,17,13,4
2021-05-13 11:00:00,31,13,18
2021-05-13 12:00:00,35,18,17
2021-05-13 13:00:00,49,28,21
2021-05-13 14:00:00,33,22,11
2021-05-13 15:00:00,47,35,12
2021-05-13 16:00:00,59,37,22
2021-05-13 17:00:00,80,62,18
2021-05-13 18:00:00,76,53,23
2021-05-13 19:00:00,38,17,21
2021-05-13 20:00:00,24,6,18
2021-05-13 21:00:00,21,5,16
2021-05-13 22:00:00,25,6,19
2021-05-13 23:00:00,4,2,2
2021-05-14 00:00:00,2,1,1
2021-05-14 01:00:00,2,2,0
2021-05-14 02:00:00,1,1,0
2021-05-14 03:00:00,4,4,0
2021-05-14 04:00:00,2,1,1
2021-05-14 05:00:00,9,0,9
2021-05-14 06:00:00,21,9,12
2021-05-14 07:00:00,45,18,27
2021-05-14 08:00:00,45,25,20
2021-05-14 09:00:00,24,14,10
2021-05-14 10:00:00,20,9,11
2021-05-14 11:00:00,29,14,15
2021-05-14 12:00:00,33,20,13
2021-05-14 13:00:00,42,24,18
2021-05-14 14:00:00,40,24,16
2021-05-14 15:00:00,71,44,27
2021-05-14 16:00:00,69,37,32
2021-05-14 17:00:00,67,52,15
2021-05-14 18:00:00,61,37,24
2021-05-14 19:00:00,37,23,14
2021-05-14 20:00:00,35,15,20
2021-05-14 21:00:00,26,12,14
2021-05-14 22:00:00,36,13,23
2021-05-14 23:00:00,16,7,9
2021-05-15 00:00:00,12,7,5
2021-05-15 01:00:00,5,2,3
2021-05-15 02:00:00,1,0,1
2021-05-15 03:00:00,1,0,1
2021-05-15 04:00:00,1,1,0
2021-05-15 05:00:00,4,1,3
2021-05-15 06:00:00,5,3,2
2021-05-15 07:00:00,6,3,3
2021-05-15 08:00:00,9,7,2
2021-05-15 09:00:00,14,10,4
2021-05-15 10:00:00,31,19,12
2021-05-15 11:00:00,48,29,19
2021-05-15 12:00:00,53,27,26
2021-05-15 13:00:00,69,34,35
2021-05-15 14:00:00,71,44,27
2021-05-15 15:00:00,81,39,42
2021-05-15 16:00:00,45,18,27
2021-05-15 17:00:00,58,37,21
2021-05-15 18:00:00,56,32,24
2021-05-15 19:00:00,24,8,16
2021-05-15 20:00:00,44,18,26
2021-05-15 21:00:00,40,14,26
2021-05-15 22:00:00,16,4,12
2021-05-15 23:00:00,15,8,7
2021-05-16 00:00:00,6,3,3
2021-05-16 01:00:00,5,2,3
2021-05-16 02:00:00,0,0,0
2021-05-16 03:00:00,0,0,0
2021-05-16 04:00:00,1,0,1
2021-05-16 05:00:00,0,0,0
2021-05-16 06:00:00,3,2,1
2021-05-16 07:00:00,6,4,2
2021-05-16 08:00:00,10,8,2
2021-05-16 09:00:00,15,8,7
2021-05-16 10:00:00,31,14,17
2021-05-16 11:00:00,25,16,9
2021-05-16 12:00:00,52,32,20
2021-05-16 13:00:00,50,26,24
2021-05-16 14:00:00,29,14,15
2021-05-16 15:00:00,35,28,7
2021-05-16 16:00:00,37,21,16
2021-05-16 17:00:00,60,32,28
2021-05-16 18:00:00,42,24,18
2021-05-16 19:00:00,30,13,17
2021-05-16 20:00:00,29,11,18
2021-05-16 21:00:00,19,13,6
2021-05-16 22:00:00,12,7,5
2021-05-16 23:00:00,5,4,1
2021-05-17 00:00:00,5,3,2
2021-05-17 01:00:00,0,0,0
2021-05-17 02:00:00,1,0,1
2021-05-17 03:00:00,0,0,0
2021-05-17 04:00:00,0,0,0
2021-05-17 05:00:00,9,2,7
2021-05-17 06:00:00,9,1,8
2021-05-17 07:00:00,43,14,29
2021-05-17 08:00:00,31,8,23
2021-05-17 09:00:00,34,15,19
2021-05-17 10:00:00,20,8,12
2021-05-17 11:00:00,31,20,11
2021-05-17 12:00:00,17,8,9
2021-05-17 13:00:00,28,11,17
2021-05-17 14:00:00,27,20,7
2021-05-17 15:00:00,35,22,13
2021-05-17 16:00:00,43,28,15
2021-05-17 17:00:00,64,40,24
2021-05-17 18:00:00,30,22,8
2021-05-17 19:00:00,8,5,3
2021-05-17 20:00:00,9,3,6
2021-05-17 21:00:00,5,3,2
2021-05-17 22:00:00,10,3,7
2021-05-17 23:00:00,1,0,1
2021-05-18 00:00:00,0,0,0
2021-05-18 01:00:00,2,0,2
2021-05-18 02:00:00,2,1,1
2021-05-18 03:00:00,0,0,0
2021-05-18 04:00:00,0,0,0
2021-05-18 05:00:00,8,2,6
2021-05-18 06:00:00,13,5,8
2021-05-18 07:00:00,25,8,17
2021-05-18 08:00:00,30,12,18
2021-05-18 09:00:00,25,13,12
2021-05-18 10:00:00,19,7,12
2021-05-18 11:00:00,18,13,5
2021-05-18 12:00:00,29,13,16
2021-05-18 13:00:00,37,17,20
2021-05-18 14:00:00,24,14,10
2021-05-18 15:00:00,31,22,9
2021-05-18 16:00:00,33,19,14
2021-05-18 17:00:00,48,26,22
2021-05-18 18:00:00,38,26,12
2021-05-18 19:00:00,18,14,4
2021-05-18 20:00:00,9,4,5
2021-05-18 21:00:00,12,8,4
2021-05-18 22:00:00,7,0,7
2021-05-18 23:00:00,1,0,1
2021-05-19 00:00:00,2,0,2
2021-05-19 01:00:00,0,0,0
2021-05-19 02:00:00,0,0,0
2021-05-19 03:00:00,0,0,0
2021-05-19 04:00:00,3,2,1
2021-05-19 05:00:00,13,2,11
2021-05-19 06:00:00,16,5,11
2021-05-19 07:00:00,27,8,19
2021-05-19 08:00:00,36,15,21
2021-05-19 09:00:00,20,5,15
2021-05-19 10:00:00,19,11,8
2021-05-19 11:00:00,30,16,14
2021-05-19 12:00:00,23,12,11
2021-05-19 13:00:00,22,15,7
2021-05-19 14:00:00,35,18,17
2021-05-19 15:00:00,53,43,10
2021-05-19 16:00:00,37,23,14
2021-05-19 17:00:00,83,53,30
2021-05-19 18:00:00,56,39,17
2021-05-19 19:00:00,28,18,10
2021-05-19 20:00:00,14,5,9
2021-05-19 21:00:00,17,8,9
2021-05-19 22:00:00,18,5,13
2021-05-19 23:00:00,5,3,2
2021-05-20 00:00:00,5,3,2
2021-05-20 01:00:00,0,0,0
2021-05-20 02:00:00,0,0,0
2021-05-20 03:00:00,1,0,1
2021-05-20 04:00:00,0,0,0
2021-05-20 05:00:00,14,2,12
2021-05-20 06:00:00,19,9,10
2021-05-20 07:00:00,32,9,23
2021-05-20 08:00:00,27,11,16
2021-05-20 09:00:00,30,12,18
2021-05-20 10:00:00,25,16,9
2021-05-20 11:00:00,22,10,12
2021-05-20 12:00:00,32,22,10
2021-05-20 13:00:00,30,16,14
2021-05-20 14:00:00,33,20,13
2021-05-20 15:00:00,30,22,8
2021-05-20 16:00:00,55,34,21
2021-05-20 17:00:00,75,51,24
2021-05-20 18:00:00,37,25,12
2021-05-20 19:00:00,36,25,11
2021-05-20 20:00:00,29,14,15
2021-05-20 21:00:00,20,7,13
2021-05-20 22:00:00,14,9,5
2021-05-20 23:00:00,8,4,4
2021-05-21 00:00:00,1,0,1
2021-05-21 01:00:00,0,0,0
2021-05-21 02:00:00,0,0,0
2021-05-21 03:00:00,0,0,0
2021-05-21 04:00:00,3,3,0
2021-05-21 05:00:00,13,4,9
2021-05-21 06:00:00,21,5,16
2021-05-21 07:00:00,38,13,25
2021-05-21 08:00:00,44,18,26
2021-05-21 09:00:00,28,17,11
2021-05-21 10:00:00,15,9,6
2021-05-21 11:00:00,34,15,19
2021-05-21 12:00:00,33,15,18
2021-05-21 13:00:00,32,22,10
2021-05-21 14:00:00,43,27,16
2021-05-21 15:00:00,54,37,17
2021-05-21 16:00:00,63,38,25
2021-05-21 17:00:00,76,49,27
2021-05-21 18:00:00,36,17,19
2021-05-21 19:00:00,31,17,14
2021-05-21 20:00:00,29,18,11
2021-05-21 21:00:00,24,14,10
2021-05-21 22:00:00,17,7,10
2021-05-21 23:00:00,7,5,2
2021-05-22 00:00:00,11,5,6
2021-05-22 01:00:00,4,2,2
2021-05-22 02:00:00,1,1,0
2021-05-22 03:00:00,0,0,0
2021-05-22 04:00:00,0,0,0
2021-05-22 05:00:00,5,2,3
2021-05-22 06:00:00,4,3,1
2021-05-22 07:00:00,9,5,4
2021-05-22 08:00:00,13,7,6
2021-05-22 09:00:00,23,12,11
2021-05-22 10:00:00,24,18,6
2021-05-22 11:00:00,20,10,10
2021-05-22 12:00:00,51,24,27
2021-05-22 13:00:00,46,27,19
2021-05-22 14:00:00,61,33,28
2021-05-22 15:00:00,55,26,29
2021-05-22 16:00:00,46,25,21
2021-05-22 17:00:00,57,28,29
2021-05-22 18:00:00,42,22,20
2021-05-22 19:00:00,44,25,19
2021-05-22 20:00:00,39,17,22
2021-05-22 21:00:00,18,10,8
2021-05-22 22:00:00,15,9,6
2021-05-22 23:00:00,14,6,8
2021-05-23 00:00:00,12,8,4
2021-05-23 01:00:00,6,4,2
2021-05-23 02:00:00,1,0,1
2021-05-23 03:00:00,1,1,0
2021-05-23 04:00:00,0,0,0
2021-05-23 05:00:00,2,1,1
2021-05-23 06:00:00,2,2,0
2021-05-23 07:00:00,9,4,5
2021-05-23 08:00:00,4,3,1
2021-05-23 09:00:00,12,6,6
2021-05-23 10:00:00,22,15,7
2021-05-23 11:00:00,21,8,13
2021-05-23 12:00:00,53,34,19
2021-05-23 13:00:00,67,44,23
2021-05-23 14:00:00,23,15,8
2021-05-23 15:00:00,32,10,22
2021-05-23 16:00:00,65,17,48
2021-05-23 17:00:00,24,15,9
2021-05-23 18:00:00,17,5,12
2021-05-23 19:00:00,20,9,11
2021-05-23 20:00:00,16,9,7
2021-05-23 21:00:00,2,1,1
2021-05-23 22:00:00,9,4,5
2021-05-23 23:00:00,10,7,3
2021-05-24 00:00:00,2,2,0
2021-05-24 01:00:00,0,0,0
2021-05-24 02:00:00,1,0,1
2021-05-24 03:00:00,2,0,2
2021-05-24 04:00:00,1,0,1
2021-05-24 05:00:00,12,1,11
2021-05-24 06:00:00,14,5,9
2021-05-24 07:00:00,27,10,17
2021-05-24 08:00:00,16,5,11
2021-05-24 09:00:00,27,11,16
2021-05-24 10:00:00,14,8,6
2021-05-24 11:00:00,13,7,6
2021-05-24 12:00:00,13,8,5
2021-05-24 13:00:00,20,6,14
2021-05-24 14:00:00,14,10,4
2021-05-24 15:00:00,27,21,6
2021-05-24 16:00:00,37,24,13
2021-05-24 17:00:00,46,21,25
2021-05-24 18:00:00,24,16,8
2021-05-24 19:00:00,16,5,11
2021-05-24 20:00:00,12,6,6
2021-05-24 21:00:00,12,6,6
2021-05-24 22:00:00,9,5,4
2021-05-24 23:00:00,2,2,0
2021-05-25 00:00:00,1,0,1
2021-05-25 01:00:00,0,0,0
2021-05-25 02:00:00,1,0,1
2021-05-25 03:00:00,1,0,1
2021-05-25 04:00:00,2,1,1
2021-05-25 05:00:00,9,0,9
2021-05-25 06:00:00,25,9,16
2021-05-25 07:00:00,40,11,29
2021-05-25 08:00:00,42,13,29
2021-05-25 09:00:00,21,10,11
2021-05-25 10:00:00,12,6,6
2021-05-25 11:00:00,17,10,7
2021-05-25 12:00:00,22,13,9
2021-05-25 13:00:00,27,15,12
2021-05-25 14:00:00,31,21,10
2021-05-25 15:00:00,54,35,19
2021-05-25 16:00:00,53,37,16
2021-05-25 17:00:00,63,41,22
2021-05-25 18:00:00,31,16,15
2021-05-25 19:00:00,27,13,14
2021-05-25 20:00:00,23,13,10
2021-05-25 21:00:00,14,8,6
2021-05-25 22:00:00,8,4,4
2021-05-25 23:00:00,4,3,1
2021-05-26 00:00:00,6,1,5
2021-05-26 01:00:00,0,0,0
2021-05-26 02:00:00,0,0,0
2021-05-26 03:00:00,1,1,0
2021-05-26 04:00:00,1,0,1
2021-05-26 05:00:00,8,0,8
2021-05-26 06:00:00,29,11,18
2021-05-26 07:00:00,42,14,28
2021-05-26 08:00:00,39,17,22
2021-05-26 09:00:00,42,18,24
2021-05-26 10:00:00,12,7,5
2021-05-26 11:00:00,20,11,9
2021-05-26 12:00:00,27,14,13
2021-05-26 13:00:00,31,19,12
2021-05-26 14:00:00,36,23,13
2021-05-26 15:00:00,43,29,14
2021-05-26 16:00:00,55,34,21
2021-05-26 17:00:00,86,50,36
2021-05-26 18:00:00,63,37,26
2021-05-26 19:00:00,35,19,16
2021-05-26 20:00:00,14,5,9
2021-05-26 21:00:00,18,12,6
2021-05-26 22:00:00,9,2,7
2021-05-26 23:00:00,1,1,0
2021-05-27 00:00:00,1,1,0
2021-05-27 01:00:00,2,1,1
2021-05-27 02:00:00,2,0,2
2021-05-27 03:00:00,1,1,0
2021-05-27 04:00:00,0,0,0
2021-05-27 05:00:00,6,0,6
2021-05-27 06:00:00,14,5,9
2021-05-27 07:00:00,24,6,18
2021-05-27 08:00:00,25,13,12
2021-05-27 09:00:00,21,15,6
2021-05-27 10:00:00,10,3,7
2021-05-27 11:00:00,11,4,7
2021-05-27 12:00:00,17,11,6
2021-05-27 13:00:00,30,19,11
2021-05-27 14:00:00,20,11,9
2021-05-27 15:00:00,26,19,7
2021-05-27 16:00:00,20,9,11
2021-05-27 17:00:00,36,23,13
2021-05-27 18:00:00,25,19,6
2021-05-27 19:00:00,21,11,10
2021-05-27 20:00:00,12,4,8
2021-05-27 21:00:00,19,6,13
2021-05-27 22:00:00,15,5,10
2021-05-27 23:00:00,8,3,5
2021-05-28 00:00:00,4,3,1
2021-05-28 01:00:00,0,0,0
2021-05-28 02:00:00,1,0,1
2021-05-28 03:00:00,2,2,0
2021-05-28 04:00:00,0,0,0
2021-05-28 05:00:00,12,1,11
2021-05-28 06:00:00,20,10,10
2021-05-28 07:00:00,28,15,13
2021-05-28 08:00:00,56,37,19
2021-05-28 09:00:00,23,13,10
2021-05-28 10:00:00,27,16,11
2021-05-28 11:00:00,31,17,14
2021-05-28 12:00:00,37,20,17
2021-05-28 13:00:00,48,28,20
2021-05-28 14:00:00,41,21,20
2021-05-28 15:00:00,74,40,34
2021-05-28 16:00:00,60,37,23
2021-05-28 17:00:00,57,32,25
2021-05-28 18:00:00,42,28,14
2021-05-28 19:00:00,35,18,17
2021-05-28 20:00:00,27,21,6
2021-05-28 21:00:00,10,2,8
2021-05-28 22:00:00,30,3,27
2021-05-28 23:00:00,5,3,2
2021-05-29 00:00:00,12,6,6
2021-05-29 01:00:00,2,1,1
2021-05-29 02:00:00,1,1,0
2021-05-29 03:00:00,0,0,0
2021-05-29 04:00:00,1,0,1
2021-05-29 05:00:00,1,0,1
2021-05-29 06:00:00,1,1,0
2021-05-29 07:00:00,8,4,4
2021-05-29 08:00:00,18,14,4
2021-05-29 09:00:00,39,21,18
2021-05-29 10:00:00,23,8,15
2021-05-29 11:00:00,58,41,17
2021-05-29 12:00:00,34,22,12
2021-05-29 13:00:00,58,33,25
2021-05-29 14:00:00,71,48,23
2021-05-29 15:00:00,55,27,28
2021-05-29 16:00:00,49,29,20
2021-05-29 17:00:00,66,32,34
2021-05-29 18:00:00,51,29,22
2021-05-29 19:00:00,29,17,12
2021-05-29 20:00:00,29,9,20
2021-05-29 21:00:00,26,8,18
2021-05-29 22:00:00,46,11,35
2021-05-29 23:00:00,14,7,7
2021-05-30 00:00:00,9,6,3
2021-05-30 01:00:00,2,2,0
2021-05-30 02:00:00,0,0,0
2021-05-30 03:00:00,0,0,0
2021-05-30 04:00:00,1,0,1
2021-05-30 05:00:00,1,1,0
2021-05-30 06:00:00,3,2,1
2021-05-30 07:00:00,5,0,5
2021-05-30 08:00:00,16,13,3
2021-05-30 09:00:00,30,17,13
2021-05-30 10:00:00,31,19,12
2021-05-30 11:00:00,40,30,10
2021-05-30 12:00:00,62,45,17
2021-05-30 13:00:00,47,31,16
2021-05-30 14:00:00,63,39,24
2021-05-30 15:00:00,34,27,7
2021-05-30 16:00:00,48,24,24
2021-05-30 17:00:00,56,33,23
2021-05-30 18:00:00,35,27,8
2021-05-30 19:00:00,25,15,10
2021-05-30 20:00:00,41,13,28
2021-05-30 21:00:00,46,11,35
2021-05-30 22:00:00,16,4,12
2021-05-30 23:00:00,12,6,6
2021-05-31 00:00:00,12,7,5
2021-05-31 01:00:00,4,4,0
2021-05-31 02:00:00,0,0,0
2021-05-31 03:00:00,0,0,0
2021-05-31 04:00:00,0,0,0
2021-05-31 05:00:00,1,1,0
2021-05-31 06:00:00,10,7,3
2021-05-31 07:00:00,6,1,5
2021-05-31 08:00:00,13,10,3
2021-05-31 09:00:00,23,8,15
2021-05-31 10:00:00,24,17,7
2021-05-31 11:00:00,56,32,24
2021-05-31 12:00:00,73,41,32
2021-05-31 13:00:00,58,38,20
2021-05-31 14:00:00,51,35,16
2021-05-31 15:00:00,48,29,19
2021-05-31 16:00:00,51,14,37
2021-05-31 17:00:00,40,12,28
2021-05-31 18:00:00,24,14,10
2021-05-31 19:00:00,25,19,6
2021-05-31 20:00:00,20,8,12
2021-05-31 21:00:00,13,7,6
2021-05-31 22:00:00,12,6,6
2021-05-31 23:00:00,3,2,1
2021-06-01 00:00:00,4,3,1
2021-06-01 01:00:00,3,2,1
2021-06-01 02:00:00,1,0,1
2021-06-01 03:00:00,1,1,0
2021-06-01 04:00:00,0,0,0
2021-06-01 05:00:00,13,4,9
2021-06-01 06:00:00,22,3,19
2021-06-01 07:00:00,39,12,27
2021-06-01 08:00:00,46,18,28
2021-06-01 09:00:00,30,13,17
2021-06-01 10:00:00,24,13,11
2021-06-01 11:00:00,35,18,17
2021-06-01 12:00:00,33,19,14
2021-06-01 13:00:00,38,25,13
2021-06-01 14:00:00,34,17,17
2021-06-01 15:00:00,53,38,15
2021-06-01 16:00:00,66,39,27
2021-06-01 17:00:00,84,58,26
2021-06-01 18:00:00,66,44,22
2021-06-01 19:00:00,31,18,13
2021-06-01 20:00:00,12,5,7
2021-06-01 21:00:00,18,12,6
2021-06-01 22:00:00,17,1,16
2021-06-01 23:00:00,13,3,10
2021-06-02 00:00:00,2,0,2
2021-06-02 01:00:00,2,1,1
2021-06-02 02:00:00,0,0,0
2021-06-02 03:00:00,1,0,1
2021-06-02 04:00:00,0,0,0
2021-06-02 05:00:00,16,3,13
2021-06-02 06:00:00,35,12,23
2021-06-02 07:00:00,52,14,38
2021-06-02 08:00:00,52,23,29
2021-06-02 09:00:00,38,18,20
2021-06-02 10:00:00,29,20,9
2021-06-02 11:00:00,22,12,10
2021-06-02 12:00:00,32,16,16
2021-06-02 13:00:00,32,18,14
2021-06-02 14:00:00,38,18,20
2021-06-02 15:00:00,57,39,18
2021-06-02 16:00:00,73,50,23
2021-06-02 17:00:00,85,52,33
2021-06-02 18:00:00,69,45,24
2021-06-02 19:00:00,55,33,22
2021-06-02 20:00:00,20,12,8
2021-06-02 21:00:00,32,13,19
2021-06-02 22:00:00,28,9,19
2021-06-02 23:00:00,3,1,2
2021-06-03 00:00:00,2,1,1
2021-06-03 01:00:00,1,0,1
2021-06-03 02:00:00,0,0,0
2021-06-03 03:00:00,4,1,3
2021-06-03 04:00:00,1,0,1
2021-06-03 05:00:00,10,2,8
2021-06-03 06:00:00,22,5,17
2021-06-03 07:00:00,43,14,29
2021-06-03 08:00:00,48,18,30
2021-06-03 09:00:00,32,17,15
2021-06-03 10:00:00,20,14,6
2021-06-03 11:00:00,21,12,9
2021-06-03 12:00:00,47,21,26
2021-06-03 13:00:00,44,26,18
2021-06-03 14:00:00,36,18,18
2021-06-03 15:00:00,49,30,19
2021-06-03 16:00:00,68,40,28
2021-06-03 17:00:00,92,51,41
2021-06-03 18:00:00,48,25,23
2021-06-03 19:00:00,33,19,14
2021-06-03 20:00:00,16,7,9
2021-06-03 21:00:00,14,5,9
2021-06-03 22:00:00,8,2,6
2021-06-03 23:00:00,9,4,5
2021-06-04 00:00:00,0,0,0
2021-06-04 01:00:00,3,1,2
2021-06-04 02:00:00,1,0,1
2021-06-04 03:00:00,3,2,1
2021-06-04 04:00:00,1,1,0
2021-06-04 05:00:00,12,2,10
2021-06-04 06:00:00,19,5,14
2021-06-04 07:00:00,34,15,19
2021-06-04 08:00:00,46,23,23
2021-06-04 09:00:00,40,24,16
2021-06-04 10:00:00,20,14,6
2021-06-04 11:00:00,27,12,15
2021-06-04 12:00:00,21,14,7
2021-06-04 13:00:00,27,16,11
2021-06-04 14:00:00,47,24,23
2021-06-04 15:00:00,51,33,18
2021-06-04 16:00:00,56,35,21
2021-06-04 17:00:00,74,41,33
2021-06-04 18:00:00,58,38,20
2021-06-04 19:00:00,49,30,19
2021-06-04 20:00:00,23,13,10
2021-06-04 21:00:00,25,14,11
2021-06-04 22:00:00,11,4,7
2021-06-04 23:00:00,11,4,7
2021-06-05 00:00:00,7,4,3
2021-06-05 01:00:00,8,1,7
2021-06-05 02:00:00,4,4,0
2021-06-05 03:00:00,7,6,1
2021-06-05 04:00:00,3,2,1
2021-06-05 05:00:00,3,1,2
2021-06-05 06:00:00,2,1,1
2021-06-05 07:00:00,8,4,4
2021-06-05 08:00:00,13,3,10
2021-06-05 09:00:00,31,24,7
2021-06-05 10:00:00,25,15,10
2021-06-05 11:00:00,35,19,16
2021-06-05 12:00:00,27,16,11
2021-06-05 13:00:00,36,31,5
2021-06-05 14:00:00,52,39,13
2021-06-05 15:00:00,28,18,10
2021-06-05 16:00:00,40,15,25
2021-06-05 17:00:00,27,12,15
2021-06-05 18:00:00,23,15,8
2021-06-05 19:00:00,19,9,10
2021-06-05 20:00:00,14,7,7
2021-06-05 21:00:00,22,14,8
2021-06-05 22:00:00,5,1,4
2021-06-05 23:00:00,6,4,2
2021-06-06 00:00:00,8,4,4
2021-06-06 01:00:00,3,1,2
2021-06-06 02:00:00,0,0,0
2021-06-06 03:00:00,3,0,3
2021-06-06 04:00:00,1,1,0
2021-06-06 05:00:00,1,0,1
2021-06-06 06:00:00,2,1,1
2021-06-06 07:00:00,4,1,3
2021-06-06 08:00:00,3,1,2
2021-06-06 09:00:00,17,5,12
2021-06-06 10:00:00,17,5,12
2021-06-06 11:00:00,11,1,10
2021-06-06 12:00:00,16,10,6
2021-06-06 13:00:00,18,11,7
2021-06-06 14:00:00,12,7,5
2021-06-06 15:00:00,14,5,9
2021-06-06 16:00:00,17,15,2
2021-06-06 17:00:00,17,11,6
2021-06-06 18:00:00,8,6,2
2021-06-06 19:00:00,9,1,8
2021-06-06 20:00:00,8,3,5
2021-06-06 21:00:00,9,7,2
2021-06-06 22:00:00,2,1,1
2021-06-06 23:00:00,2,1,1
2021-06-07 00:00:00,4,3,1
2021-06-07 01:00:00,1,1,0
2021-06-07 02:00:00,2,0,2
2021-06-07 03:00:00,1,1,0
2021-06-07 04:00:00,0,0,0
2021-06-07 05:00:00,8,2,6
2021-06-07 06:00:00,20,9,11
2021-06-07 07:00:00,24,8,16
2021-06-07 08:00:00,39,17,22
2021-06-07 09:00:00,24,13,11
2021-06-07 10:00:00,12,6,6
2021-06-07 11:00:00,21,8,13
2021-06-07 12:00:00,26,14,12
2021-06-07 13:00:00,34,19,15
2021-06-07 14:00:00,29,18,11
2021-06-07 15:00:00,31,21,10
2021-06-07 16:00:00,34,20,14
2021-06-07 17:00:00,85,51,34
2021-06-07 18:00:00,46,24,22
2021-06-07 19:00:00,24,13,11
2021-06-07 20:00:00,15,9,6
2021-06-07 21:00:00,13,6,7
2021-06-07 22:00:00,5,3,2
2021-06-07 23:00:00,5,4,1
2021-06-08 00:00:00,2,0,2
2021-06-08 01:00:00,0,0,0
2021-06-08 02:00:00,1,0,1
2021-06-08 03:00:00,1,1,0
2021-06-08 04:00:00,0,0,0
2021-06-08 05:00:00,9,1,8
2021-06-08 06:00:00,28,11,17
2021-06-08 07:00:00,55,17,38
2021-06-08 08:00:00,46,18,28
2021-06-08 09:00:00,28,9,19
2021-06-08 10:00:00,35,18,17
2021-06-08 11:00:00,26,14,12
2021-06-08 12:00:00,33,20,13
2021-06-08 13:00:00,30,12,18
2021-06-08 14:00:00,37,22,15
2021-06-08 15:00:00,48,35,13
2021-06-08 16:00:00,59,38,21
2021-06-08 17:00:00,93,59,34
2021-06-08 18:00:00,62,33,29
2021-06-08 19:00:00,24,14,10
2021-06-08 20:00:00,26,10,16
2021-06-08 21:00:00,9,7,2
2021-06-08 22:00:00,7,1,6
2021-06-08 23:00:00,4,4,0
2021-06-09 00:00:00,1,1,0
2021-06-09 01:00:00,1,0,1
2021-06-09 02:00:00,1,0,1
2021-06-09 03:00:00,0,0,0
2021-06-09 04:00:00,1,1,0
2021-06-09 05:00:00,13,3,10
2021-06-09 06:00:00,23,10,13
2021-06-09 07:00:00,49,18,31
2021-06-09 08:00:00,62,20,42
2021-06-09 09:00:00,34,19,15
2021-06-09 10:00:00,23,15,8
2021-06-09 11:00:00,28,12,16
2021-06-09 12:00:00,32,13,19
2021-06-09 13:00:00,36,20,16
2021-06-09 14:00:00,55,30,25
2021-06-09 15:00:00,42,27,15
2021-06-09 16:00:00,89,64,25
2021-06-09 17:00:00,92,50,42
2021-06-09 18:00:00,50,28,22
2021-06-09 19:00:00,29,19,10
2021-06-09 20:00:00,24,12,12
2021-06-09 21:00:00,28,7,21
2021-06-09 22:00:00,4,3,1
2021-06-09 23:00:00,7,4,3
2021-06-10 00:00:00,4,3,1
2021-06-10 01:00:00,2,1,1
2021-06-10 02:00:00,0,0,0
2021-06-10 03:00:00,3,1,2
2021-06-10 04:00:00,1,1,0
2021-06-10 05:00:00,14,3,11
2021-06-10 06:00:00,22,9,13
2021-06-10 07:00:00,49,15,34
2021-06-10 08:00:00,48,18,30
2021-06-10 09:00:00,32,14,18
2021-06-10 10:00:00,29,9,20
2021-06-10 11:00:00,18,11,7
2021-06-10 12:00:00,26,13,13
2021-06-10 13:00:00,27,14,13
2021-06-10 14:00:00,41,24,17
2021-06-10 15:00:00,52,34,18
2021-06-10 16:00:00,59,41,18
2021-06-10 17:00:00,82,53,29
2021-06-10 18:00:00,61,39,22
2021-06-10 19:00:00,33,12,21
2021-06-10 20:00:00,21,12,9
2021-06-10 21:00:00,11,6,5
2021-06-10 22:00:00,15,5,10
2021-06-10 23:00:00,6,3,3
2021-06-11 00:00:00,2,1,1
2021-06-11 01:00:00,1,1,0
2021-06-11 02:00:00,0,0,0
2021-06-11 03:00:00,2,1,1
2021-06-11 04:00:00,2,2,0
2021-06-11 05:00:00,7,2,5
2021-06-11 06:00:00,15,5,10
2021-06-11 07:00:00,42,12,30
2021-06-11 08:00:00,26,10,16
2021-06-11 09:00:00,23,15,8
2021-06-11 10:00:00,15,8,7
2021-06-11 11:00:00,15,12,3
2021-06-11 12:00:00,14,6,8
2021-06-11 13:00:00,25,13,12
2021-06-11 14:00:00,21,19,2
2021-06-11 15:00:00,17,14,3
2021-06-11 16:00:00,29,18,11
2021-06-11 17:00:00,45,27,18
2021-06-11 18:00:00,20,15,5
2021-06-11 19:00:00,17,10,7
2021-06-11 20:00:00,11,4,7
2021-06-11 21:00:00,11,4,7
2021-06-11 22:00:00,6,1,5
2021-06-11 23:00:00,8,5,3
2021-06-12 00:00:00,10,6,4
2021-06-12 01:00:00,0,0,0
2021-06-12 02:00:00,2,0,2
2021-06-12 03:00:00,1,0,1
2021-06-12 04:00:00,0,0,0
2021-06-12 05:00:00,5,3,2
2021-06-12 06:00:00,3,3,0
2021-06-12 07:00:00,7,4,3
2021-06-12 08:00:00,18,10,8
2021-06-12 09:00:00,32,22,10
2021-06-12 10:00:00,42,31,11
2021-06-12 11:00:00,50,25,25
2021-06-12 12:00:00,47,27,20
2021-06-12 13:00:00,53,33,20
2021-06-12 14:00:00,67,40,27
2021-06-12 15:00:00,73,45,28
2021-06-12 16:00:00,74,36,38
2021-06-12 17:00:00,49,25,24
2021-06-12 18:00:00,33,18,15
2021-06-12 19:00:00,19,12,7
2021-06-12 20:00:00,32,15,17
2021-06-12 21:00:00,15,11,4
2021-06-12 22:00:00,4,3,1
2021-06-12 23:00:00,9,5,4
2021-06-13 00:00:00,8,3,5
2021-06-13 01:00:00,0,0,0
2021-06-13 02:00:00,0,0,0
2021-06-13 03:00:00,1,1,0
2021-06-13 04:00:00,4,0,4
2021-06-13 05:00:00,2,0,2
2021-06-13 06:00:00,3,3,0
2021-06-13 07:00:00,1,1,0
2021-06-13 08:00:00,4,2,2
2021-06-13 09:00:00,8,4,4
2021-06-13 10:00:00,20,12,8
2021-06-13 11:00:00,20,9,11
2021-06-13 12:00:00,14,9,5
2021-06-13 13:00:00,31,13,18
2021-06-13 14:00:00,14,8,6
2021-06-13 15:00:00,13,10,3
2021-06-13 16:00:00,8,3,5
2021-06-13 17:00:00,11,5,6
2021-06-13 18:00:00,8,5,3
2021-06-13 19:00:00,2,0,2
2021-06-13 20:00:00,4,1,3
2021-06-13 21:00:00,10,5,5
2021-06-13 22:00:00,4,1,3
2021-06-13 23:00:00,5,1,4
2021-06-14 00:00:00,0,0,0
2021-06-14 01:00:00,0,0,0
2021-06-14 02:00:00,0,0,0
2021-06-14 03:00:00,0,0,0
2021-06-14 04:00:00,0,0,0
2021-06-14 05:00:00,0,0,0
2021-06-14 06:00:00,0,0,0
2021-06-14 07:00:00,0,0,0
2021-06-14 08:00:00,0,0,0
2021-06-14 09:00:00,0,0,0
2021-06-14 10:00:00,0,0,0
2021-06-14 11:00:00,0,0,0
2021-06-14 12:00:00,0,0,0
2021-06-14 13:00:00,0,0,0
2021-06-14 14:00:00,0,0,0
2021-06-14 15:00:00,0,0,0
2021-06-14 16:00:00,0,0,0
2021-06-14 17:00:00,0,0,0
2021-06-14 18:00:00,0,0,0
2021-06-14 19:00:00,0,0,0
2021-06-14 20:00:00,0,0,0
2021-06-14 21:00:00,0,0,0
2021-06-14 22:00:00,0,0,0
2021-06-14 23:00:00,0,0,0
2021-06-15 00:00:00,0,0,0
2021-06-15 01:00:00,0,0,0
2021-06-15 02:00:00,0,0,0
2021-06-15 03:00:00,0,0,0
2021-06-15 04:00:00,0,0,0
2021-06-15 05:00:00,0,0,0
2021-06-15 06:00:00,0,0,0
2021-06-15 07:00:00,0,0,0
2021-06-15 08:00:00,0,0,0
2021-06-15 09:00:00,0,0,0
2021-06-15 10:00:00,0,0,0
2021-06-15 11:00:00,0,0,0
2021-06-15 12:00:00,0,0,0
2021-06-15 13:00:00,0,0,0
2021-06-15 14:00:00,0,0,0
2021-06-15 15:00:00,0,0,0
2021-06-15 16:00:00,0,0,0
2021-06-15 17:00:00,0,0,0
2021-06-15 18:00:00,0,0,0
2021-06-15 19:00:00,0,0,0
2021-06-15 20:00:00,0,0,0
2021-06-15 21:00:00,0,0,0
2021-06-15 22:00:00,0,0,0
2021-06-15 23:00:00,0,0,0
2021-06-16 00:00:00,0,0,0
2021-06-16 01:00:00,0,0,0
2021-06-16 02:00:00,0,0,0
2021-06-16 03:00:00,0,0,0
2021-06-16 04:00:00,0,0,0
2021-06-16 05:00:00,15,3,12
2021-06-16 06:00:00,32,8,24
2021-06-16 07:00:00,59,21,38
2021-06-16 08:00:00,59,27,32
2021-06-16 09:00:00,45,17,28
2021-06-16 10:00:00,18,8,10
2021-06-16 11:00:00,34,20,14
2021-06-16 12:00:00,37,24,13
2021-06-16 13:00:00,32,18,14
2021-06-16 14:00:00,46,28,18
2021-06-16 15:00:00,61,48,13
2021-06-16 16:00:00,60,42,18
2021-06-16 17:00:00,114,74,40
2021-06-16 18:00:00,85,58,27
2021-06-16 19:00:00,40,21,19
2021-06-16 20:00:00,38,19,19
2021-06-16 21:00:00,33,16,17
2021-06-16 22:00:00,33,12,21
2021-06-16 23:00:00,15,7,8
2021-06-17 00:00:00,8,3,5
2021-06-17 01:00:00,1,1,0
2021-06-17 02:00:00,2,2,0
2021-06-17 03:00:00,1,1,0
2021-06-17 04:00:00,0,0,0
2021-06-17 05:00:00,14,2,12
2021-06-17 06:00:00,21,7,14
2021-06-17 07:00:00,51,15,36
2021-06-17 08:00:00,52,22,30
2021-06-17 09:00:00,33,17,16
2021-06-17 10:00:00,24,19,5
2021-06-17 11:00:00,42,20,22
2021-06-17 12:00:00,28,14,14
2021-06-17 13:00:00,37,19,18
2021-06-17 14:00:00,49,33,16
2021-06-17 15:00:00,62,34,28
2021-06-17 16:00:00,71,50,21
2021-06-17 17:00:00,98,69,29
2021-06-17 18:00:00,64,40,24
2021-06-17 19:00:00,42,25,17
2021-06-17 20:00:00,21,10,11
2021-06-17 21:00:00,16,5,11
2021-06-17 22:00:00,20,3,17
2021-06-17 23:00:00,18,6,12
2021-06-18 00:00:00,6,3,3
2021-06-18 01:00:00,1,0,1
2021-06-18 02:00:00,2,1,1
2021-06-18 03:00:00,0,0,0
2021-06-18 04:00:00,0,0,0
2021-06-18 05:00:00,9,1,8
2021-06-18 06:00:00,15,3,12
2021-06-18 07:00:00,42,15,27
2021-06-18 08:00:00,44,20,24
2021-06-18 09:00:00,35,13,22
2021-06-18 10:00:00,33,15,18
2021-06-18 11:00:00,30,18,12
2021-06-18 12:00:00,39,18,21
2021-06-18 13:00:00,43,22,21
2021-06-18 14:00:00,45,24,21
2021-06-18 15:00:00,74,49,25
2021-06-18 16:00:00,82,62,20
2021-06-18 17:00:00,79,47,32
2021-06-18 18:00:00,70,44,26
2021-06-18 19:00:00,45,31,14
2021-06-18 20:00:00,26,15,11
2021-06-18 21:00:00,18,8,10
2021-06-18 22:00:00,27,7,20
2021-06-18 23:00:00,16,9,7
2021-06-19 00:00:00,10,5,5
2021-06-19 01:00:00,4,1,3
2021-06-19 02:00:00,1,0,1
2021-06-19 03:00:00,1,1,0
2021-06-19 04:00:00,1,1,0
2021-06-19 05:00:00,1,0,1
2021-06-19 06:00:00,3,1,2
2021-06-19 07:00:00,15,11,4
2021-06-19 08:00:00,16,11,5
2021-06-19 09:00:00,29,21,8
2021-06-19 10:00:00,30,24,6
2021-06-19 11:00:00,44,31,13
2021-06-19 12:00:00,73,50,23
2021-06-19 13:00:00,42,20,22
2021-06-19 14:00:00,65,41,24
2021-06-19 15:00:00,56,33,23
2021-06-19 16:00:00,46,33,13
2021-06-19 17:00:00,70,49,21
2021-06-19 18:00:00,56,34,22
2021-06-19 19:00:00,42,25,17
2021-06-19 20:00:00,19,7,12
2021-06-19 21:00:00,34,11,23
2021-06-19 22:00:00,64,16,48
2021-06-19 23:00:00,15,5,10
2021-06-20 00:00:00,21,13,8
2021-06-20 01:00:00,15,8,7
2021-06-20 02:00:00,1,0,1
2021-06-20 03:00:00,3,1,2
2021-06-20 04:00:00,2,1,1
2021-06-20 05:00:00,2,1,1
2021-06-20 06:00:00,1,1,0
2021-06-20 07:00:00,6,1,5
2021-06-20 08:00:00,17,13,4
2021-06-20 09:00:00,33,23,10
2021-06-20 10:00:00,26,16,10
2021-06-20 11:00:00,41,22,19
2021-06-20 12:00:00,59,35,24
2021-06-20 13:00:00,49,26,23
2021-06-20 14:00:00,47,26,21
2021-06-20 15:00:00,46,26,20
2021-06-20 16:00:00,57,17,40
2021-06-20 17:00:00,54,19,35
2021-06-20 18:00:00,44,25,19
2021-06-20 19:00:00,38,21,17
2021-06-20 20:00:00,29,15,14
2021-06-20 21:00:00,14,9,5
2021-06-20 22:00:00,20,7,13
2021-06-20 23:00:00,11,7,4
2021-06-21 00:00:00,4,2,2
2021-06-21 01:00:00,1,1,0
2021-06-21 02:00:00,1,1,0
2021-06-21 03:00:00,2,2,0
2021-06-21 04:00:00,2,2,0
2021-06-21 05:00:00,13,5,8
2021-06-21 06:00:00,23,7,16
2021-06-21 07:00:00,49,12,37
2021-06-21 08:00:00,46,20,26
2021-06-21 09:00:00,37,15,22
2021-06-21 10:00:00,25,12,13
2021-06-21 11:00:00,35,16,19
2021-06-21 12:00:00,32,18,14
2021-06-21 13:00:00,38,18,20
2021-06-21 14:00:00,41,23,18
2021-06-21 15:00:00,45,33,12
2021-06-21 16:00:00,56,31,25
2021-06-21 17:00:00,76,52,24
2021-06-21 18:00:00,50,33,17
2021-06-21 19:00:00,30,16,14
2021-06-21 20:00:00,24,15,9
2021-06-21 21:00:00,16,7,9
2021-06-21 22:00:00,16,7,9
2021-06-21 23:00:00,7,4,3
2021-06-22 00:00:00,3,3,0
2021-06-22 01:00:00,0,0,0
2021-06-22 02:00:00,0,0,0
2021-06-22 03:00:00,0,0,0
2021-06-22 04:00:00,1,1,0
2021-06-22 05:00:00,13,3,10
2021-06-22 06:00:00,38,13,25
2021-06-22 07:00:00,45,12,33
2021-06-22 08:00:00,52,25,27
2021-06-22 09:00:00,46,24,22
2021-06-22 10:00:00,26,12,14
2021-06-22 11:00:00,23,10,13
2021-06-22 12:00:00,39,17,22
2021-06-22 13:00:00,37,19,18
2021-06-22 14:00:00,35,25,10
2021-06-22 15:00:00,51,38,13
2021-06-22 16:00:00,84,62,22
2021-06-22 17:00:00,108,73,35
2021-06-22 18:00:00,77,55,22
2021-06-22 19:00:00,45,32,13
2021-06-22 20:00:00,29,15,14
2021-06-22 21:00:00,20,9,11
2021-06-22 22:00:00,44,5,39
2021-06-22 23:00:00,6,0,6
2021-06-23 00:00:00,4,3,1
2021-06-23 01:00:00,0,0,0
2021-06-23 02:00:00,0,0,0
2021-06-23 03:00:00,0,0,0
2021-06-23 04:00:00,1,0,1
2021-06-23 05:00:00,12,1,11
2021-06-23 06:00:00,30,7,23
2021-06-23 07:00:00,40,15,25
2021-06-23 08:00:00,56,31,25
2021-06-23 09:00:00,43,18,25
2021-06-23 10:00:00,29,22,7
2021-06-23 11:00:00,20,10,10
2021-06-23 12:00:00,49,31,18
2021-06-23 13:00:00,29,15,14
2021-06-23 14:00:00,33,15,18
2021-06-23 15:00:00,60,39,21
2021-06-23 16:00:00,85,46,39
2021-06-23 17:00:00,102,77,25
2021-06-23 18:00:00,100,79,21
2021-06-23 19:00:00,49,25,24
2021-06-23 20:00:00,29,14,15
2021-06-23 21:00:00,70,7,63
2021-06-23 22:00:00,14,2,12
2021-06-23 23:00:00,8,2,6
2021-06-24 00:00:00,5,2,3
2021-06-24 01:00:00,1,1,0
2021-06-24 02:00:00,3,3,0
2021-06-24 03:00:00,1,0,1
2021-06-24 04:00:00,1,1,0
2021-06-24 05:00:00,13,4,9
2021-06-24 06:00:00,18,4,14
2021-06-24 07:00:00,58,17,41
2021-06-24 08:00:00,56,22,34
2021-06-24 09:00:00,30,12,18
2021-06-24 10:00:00,31,15,16
2021-06-24 11:00:00,32,15,17
2021-06-24 12:00:00,29,16,13
2021-06-24 13:00:00,45,23,22
2021-06-24 14:00:00,38,25,13
2021-06-24 15:00:00,58,33,25
2021-06-24 16:00:00,61,45,16
2021-06-24 17:00:00,85,57,28
2021-06-24 18:00:00,63,30,33
2021-06-24 19:00:00,45,29,16
2021-06-24 20:00:00,33,12,21
2021-06-24 21:00:00,42,25,17
2021-06-24 22:00:00,10,7,3
2021-06-24 23:00:00,16,10,6
2021-06-25 00:00:00,2,1,1
2021-06-25 01:00:00,2,0,2
2021-06-25 02:00:00,2,1,1
2021-06-25 03:00:00,0,0,0
2021-06-25 04:00:00,2,0,2
2021-06-25 05:00:00,20,9,11
2021-06-25 06:00:00,27,8,19
2021-06-25 07:00:00,43,16,27
2021-06-25 08:00:00,40,16,24
2021-06-25 09:00:00,32,20,12
2021-06-25 10:00:00,26,12,14
2021-06-25 11:00:00,28,19,9
2021-06-25 12:00:00,36,23,13
2021-06-25 13:00:00,41,23,18
2021-06-25 14:00:00,47,34,13
2021-06-25 15:00:00,59,36,23
2021-06-25 16:00:00,55,38,17
2021-06-25 17:00:00,68,51,17
2021-06-25 18:00:00,52,28,24
2021-06-25 19:00:00,38,19,19
2021-06-25 20:00:00,30,20,10
2021-06-25 21:00:00,24,10,14
2021-06-25 22:00:00,28,14,14
2021-06-25 23:00:00,13,7,6
2021-06-26 00:00:00,15,12,3
2021-06-26 01:00:00,5,3,2
2021-06-26 02:00:00,1,1,0
2021-06-26 03:00:00,3,3,0
2021-06-26 04:00:00,1,0,1
2021-06-26 05:00:00,5,0,5
2021-06-26 06:00:00,8,4,4
2021-06-26 07:00:00,20,12,8
2021-06-26 08:00:00,29,14,15
2021-06-26 09:00:00,26,10,16
2021-06-26 10:00:00,17,10,7
2021-06-26 11:00:00,27,15,12
2021-06-26 12:00:00,29,15,14
2021-06-26 13:00:00,31,15,16
2021-06-26 14:00:00,35,21,14
2021-06-26 15:00:00,14,10,4
2021-06-26 16:00:00,45,35,10
2021-06-26 17:00:00,46,27,19
2021-06-26 18:00:00,39,27,12
2021-06-26 19:00:00,20,9,11
2021-06-26 20:00:00,49,14,35
2021-06-26 21:00:00,32,12,20
2021-06-26 22:00:00,17,8,9
2021-06-26 23:00:00,12,7,5
2021-06-27 00:00:00,14,11,3
2021-06-27 01:00:00,10,8,2
2021-06-27 02:00:00,3,0,3
2021-06-27 03:00:00,1,1,0
2021-06-27 04:00:00,0,0,0
2021-06-27 05:00:00,0,0,0
2021-06-27 06:00:00,6,4,2
2021-06-27 07:00:00,10,7,3
2021-06-27 08:00:00,8,5,3
2021-06-27 09:00:00,17,10,7
2021-06-27 10:00:00,16,12,4
2021-06-27 11:00:00,22,11,11
2021-06-27 12:00:00,13,9,4
2021-06-27 13:00:00,23,15,8
2021-06-27 14:00:00,13,8,5
2021-06-27 15:00:00,26,19,7
2021-06-27 16:00:00,12,4,8
2021-06-27 17:00:00,24,13,11
2021-06-27 18:00:00,17,11,6
2021-06-27 19:00:00,12,8,4
2021-06-27 20:00:00,16,11,5
2021-06-27 21:00:00,6,2,4
2021-06-27 22:00:00,11,4,7
2021-06-27 23:00:00,6,3,3
2021-06-28 00:00:00,9,1,8
2021-06-28 01:00:00,0,0,0
2021-06-28 02:00:00,0,0,0
2021-06-28 03:00:00,4,4,0
2021-06-28 04:00:00,6,4,2
2021-06-28 05:00:00,9,3,6
2021-06-28 06:00:00,13,5,8
2021-06-28 07:00:00,28,14,14
2021-06-28 08:00:00,28,9,19
2021-06-28 09:00:00,29,18,11
2021-06-28 10:00:00,10,5,5
2021-06-28 11:00:00,19,12,7
2021-06-28 12:00:00,19,10,9
2021-06-28 13:00:00,14,6,8
2021-06-28 14:00:00,12,6,6
2021-06-28 15:00:00,25,17,8
2021-06-28 16:00:00,23,14,9
2021-06-28 17:00:00,29,16,13
2021-06-28 18:00:00,18,11,7
2021-06-28 19:00:00,16,8,8
2021-06-28 20:00:00,13,6,7
2021-06-28 21:00:00,17,10,7
2021-06-28 22:00:00,6,3,3
2021-06-28 23:00:00,6,1,5
2021-06-29 00:00:00,0,0,0
2021-06-29 01:00:00,0,0,0
2021-06-29 02:00:00,1,1,0
2021-06-29 03:00:00,1,0,1
2021-06-29 04:00:00,1,1,0
2021-06-29 05:00:00,14,3,11
2021-06-29 06:00:00,22,6,16
2021-06-29 07:00:00,33,14,19
2021-06-29 08:00:00,42,17,25
2021-06-29 09:00:00,24,15,9
2021-06-29 10:00:00,19,11,8
2021-06-29 11:00:00,19,10,9
2021-06-29 12:00:00,29,19,10
2021-06-29 13:00:00,34,19,15
2021-06-29 14:00:00,31,12,19
2021-06-29 15:00:00,49,36,13
2021-06-29 16:00:00,63,39,24
2021-06-29 17:00:00,71,49,22
2021-06-29 18:00:00,44,24,20
2021-06-29 19:00:00,19,12,7
2021-06-29 20:00:00,28,17,11
2021-06-29 21:00:00,13,10,3
2021-06-29 22:00:00,13,5,8
2021-06-29 23:00:00,6,2,4
2021-06-30 00:00:00,2,0,2
2021-06-30 01:00:00,5,4,1
2021-06-30 02:00:00,2,1,1
2021-06-30 03:00:00,2,2,0
2021-06-30 04:00:00,2,1,1
2021-06-30 05:00:00,11,5,6
2021-06-30 06:00:00,29,7,22
2021-06-30 07:00:00,51,21,30
2021-06-30 08:00:00,68,32,36
2021-06-30 09:00:00,41,24,17
2021-06-30 10:00:00,28,15,13
2021-06-30 11:00:00,35,16,19
2021-06-30 12:00:00,25,14,11
2021-06-30 13:00:00,32,15,17
2021-06-30 14:00:00,47,29,18
2021-06-30 15:00:00,51,28,23
2021-06-30 16:00:00,84,52,32
2021-06-30 17:00:00,106,64,42
2021-06-30 18:00:00,67,39,28
2021-06-30 19:00:00,32,17,15
2021-06-30 20:00:00,23,5,18
2021-06-30 21:00:00,29,18,11
2021-06-30 22:00:00,15,3,12
2021-06-30 23:00:00,10,4,6
2021-07-01 00:00:00,5,3,2
2021-07-01 01:00:00,1,0,1
2021-07-01 02:00:00,4,3,1
2021-07-01 03:00:00,1,1,0
2021-07-01 04:00:00,4,1,3
2021-07-01 05:00:00,17,3,14
2021-07-01 06:00:00,24,5,19
2021-07-01 07:00:00,50,17,33
2021-07-01 08:00:00,52,19,33
2021-07-01 09:00:00,48,29,19
2021-07-01 10:00:00,33,22,11
2021-07-01 11:00:00,17,10,7
2021-07-01 12:00:00,39,15,24
2021-07-01 13:00:00,34,19,15
2021-07-01 14:00:00,48,26,22
2021-07-01 15:00:00,83,40,43
2021-07-01 16:00:00,74,46,28
2021-07-01 17:00:00,94,62,32
2021-07-01 18:00:00,65,41,24
2021-07-01 19:00:00,47,28,19
2021-07-01 20:00:00,24,13,11
2021-07-01 21:00:00,24,16,8
2021-07-01 22:00:00,13,5,8
2021-07-01 23:00:00,6,1,5
2021-07-02 00:00:00,8,7,1
2021-07-02 01:00:00,6,4,2
2021-07-02 02:00:00,2,2,0
2021-07-02 03:00:00,1,0,1
2021-07-02 04:00:00,0,0,0
2021-07-02 05:00:00,14,2,12
2021-07-02 06:00:00,21,5,16
2021-07-02 07:00:00,41,9,32
2021-07-02 08:00:00,37,17,20
2021-07-02 09:00:00,37,26,11
2021-07-02 10:00:00,31,23,8
2021-07-02 11:00:00,31,16,15
2021-07-02 12:00:00,19,10,9
2021-07-02 13:00:00,53,28,25
2021-07-02 14:00:00,61,35,26
2021-07-02 15:00:00,59,36,23
2021-07-02 16:00:00,71,47,24
2021-07-02 17:00:00,102,61,41
2021-07-02 18:00:00,74,57,17
2021-07-02 19:00:00,49,30,19
2021-07-02 20:00:00,33,21,12
2021-07-02 21:00:00,26,16,10
2021-07-02 22:00:00,31,8,23
2021-07-02 23:00:00,46,19,27
2021-07-03 00:00:00,55,9,46
2021-07-03 01:00:00,6,4,2
2021-07-03 02:00:00,5,3,2
2021-07-03 03:00:00,2,0,2
2021-07-03 04:00:00,2,0,2
2021-07-03 05:00:00,6,2,4
2021-07-03 06:00:00,4,2,2
2021-07-03 07:00:00,16,12,4
2021-07-03 08:00:00,26,16,10
2021-07-03 09:00:00,24,13,11
2021-07-03 10:00:00,42,29,13
2021-07-03 11:00:00,44,32,12
2021-07-03 12:00:00,33,21,12
2021-07-03 13:00:00,42,22,20
2021-07-03 14:00:00,63,37,26
2021-07-03 15:00:00,47,25,22
2021-07-03 16:00:00,70,39,31
2021-07-03 17:00:00,45,33,12
2021-07-03 18:00:00,61,34,27
2021-07-03 19:00:00,29,16,13
2021-07-03 20:00:00,26,15,11
2021-07-03 21:00:00,42,20,22
2021-07-03 22:00:00,39,11,28
2021-07-03 23:00:00,18,9,9
2021-07-04 00:00:00,5,4,1
2021-07-04 01:00:00,15,12,3
2021-07-04 02:00:00,2,1,1
2021-07-04 03:00:00,3,2,1
2021-07-04 04:00:00,1,1,0
2021-07-04 05:00:00,4,3,1
2021-07-04 06:00:00,2,2,0
2021-07-04 07:00:00,5,2,3
2021-07-04 08:00:00,16,9,7
2021-07-04 09:00:00,21,15,6
2021-07-04 10:00:00,34,27,7
2021-07-04 11:00:00,29,19,10
2021-07-04 12:00:00,56,38,18
2021-07-04 13:00:00,58,40,18
2021-07-04 14:00:00,34,19,15
2021-07-04 15:00:00,45,19,26
2021-07-04 16:00:00,56,12,44
2021-07-04 17:00:00,35,17,18
2021-07-04 18:00:00,36,28,8
2021-07-04 19:00:00,33,15,18
2021-07-04 20:00:00,22,9,13
2021-07-04 21:00:00,18,10,8
2021-07-04 22:00:00,23,14,9
2021-07-04 23:00:00,13,8,5
2021-07-05 00:00:00,3,3,0
2021-07-05 01:00:00,10,6,4
2021-07-05 02:00:00,4,1,3
2021-07-05 03:00:00,0,0,0
2021-07-05 04:00:00,2,2,0
2021-07-05 05:00:00,2,0,2
2021-07-05 06:00:00,3,2,1
2021-07-05 07:00:00,13,3,10
2021-07-05 08:00:00,8,3,5
2021-07-05 09:00:00,21,12,9
2021-07-05 10:00:00,20,19,1
2021-07-05 11:00:00,31,18,13
2021-07-05 12:00:00,51,34,17
2021-07-05 13:00:00,51,19,32
2021-07-05 14:00:00,32,16,16
2021-07-05 15:00:00,33,17,16
2021-07-05 16:00:00,38,19,19
2021-07-05 17:00:00,36,15,21
2021-07-05 18:00:00,35,13,22
2021-07-05 19:00:00,19,7,12
2021-07-05 20:00:00,11,6,5
2021-07-05 21:00:00,15,8,7
2021-07-05 22:00:00,13,5,8
2021-07-05 23:00:00,11,3,8
2021-07-06 00:00:00,2,1,1
2021-07-06 01:00:00,2,2,0
2021-07-06 02:00:00,3,1,2
2021-07-06 03:00:00,0,0,0
2021-07-06 04:00:00,0,0,0
2021-07-06 05:00:00,12,2,10
2021-07-06 06:00:00,35,10,25
2021-07-06 07:00:00,52,19,33
2021-07-06 08:00:00,58,27,31
2021-07-06 09:00:00,34,19,15
2021-07-06 10:00:00,26,15,11
2021-07-06 11:00:00,33,15,18
2021-07-06 12:00:00,38,18,20
2021-07-06 13:00:00,34,17,17
2021-07-06 14:00:00,42,26,16
2021-07-06 15:00:00,58,38,20
2021-07-06 16:00:00,79,48,31
2021-07-06 17:00:00,109,71,38
2021-07-06 18:00:00,73,51,22
2021-07-06 19:00:00,31,17,14
2021-07-06 20:00:00,20,9,11
2021-07-06 21:00:00,20,7,13
2021-07-06 22:00:00,28,6,22
2021-07-06 23:00:00,9,4,5
2021-07-07 00:00:00,13,6,7
2021-07-07 01:00:00,2,0,2
2021-07-07 02:00:00,1,1,0
2021-07-07 03:00:00,1,1,0
2021-07-07 04:00:00,4,3,1
2021-07-07 05:00:00,14,2,12
2021-07-07 06:00:00,28,9,19
2021-07-07 07:00:00,60,26,34
2021-07-07 08:00:00,62,26,36
2021-07-07 09:00:00,34,17,17
2021-07-07 10:00:00,26,13,13
2021-07-07 11:00:00,33,21,12
2021-07-07 12:00:00,42,24,18
2021-07-07 13:00:00,29,19,10
2021-07-07 14:00:00,39,19,20
2021-07-07 15:00:00,44,33,11
2021-07-07 16:00:00,85,50,35
2021-07-07 17:00:00,165,126,39
2021-07-07 18:00:00,111,77,34
2021-07-07 19:00:00,49,30,19
2021-07-07 20:00:00,78,14,64
2021-07-07 21:00:00,29,10,19
2021-07-07 22:00:00,45,11,34
2021-07-07 23:00:00,23,12,11
2021-07-08 00:00:00,8,2,6
2021-07-08 01:00:00,6,6,0
2021-07-08 02:00:00,0,0,0
2021-07-08 03:00:00,1,0,1
2021-07-08 04:00:00,0,0,0
2021-07-08 05:00:00,17,2,15
2021-07-08 06:00:00,30,9,21
2021-07-08 07:00:00,59,22,37
2021-07-08 08:00:00,51,22,29
2021-07-08 09:00:00,44,27,17
2021-07-08 10:00:00,44,24,20
2021-07-08 11:00:00,46,26,20
2021-07-08 12:00:00,48,29,19
2021-07-08 13:00:00,47,30,17
2021-07-08 14:00:00,36,22,14
2021-07-08 15:00:00,61,43,18
2021-07-08 16:00:00,103,54,49
2021-07-08 17:00:00,111,72,39
2021-07-08 18:00:00,60,33,27
2021-07-08 19:00:00,41,15,26
2021-07-08 20:00:00,29,10,19
2021-07-08 21:00:00,20,11,9
2021-07-08 22:00:00,19,11,8
2021-07-08 23:00:00,8,4,4
2021-07-09 00:00:00,5,1,4
2021-07-09 01:00:00,2,2,0
2021-07-09 02:00:00,4,4,0
2021-07-09 03:00:00,1,1,0
2021-07-09 04:00:00,2,1,1
2021-07-09 05:00:00,18,6,12
2021-07-09 06:00:00,21,7,14
2021-07-09 07:00:00,51,20,31
2021-07-09 08:00:00,50,23,27
2021-07-09 09:00:00,44,27,17
2021-07-09 10:00:00,38,20,18
2021-07-09 11:00:00,34,21,13
2021-07-09 12:00:00,45,24,21
2021-07-09 13:00:00,50,31,19
2021-07-09 14:00:00,52,32,20
2021-07-09 15:00:00,55,32,23
2021-07-09 16:00:00,86,52,34
2021-07-09 17:00:00,107,78,29
2021-07-09 18:00:00,74,48,26
2021-07-09 19:00:00,31,18,13
2021-07-09 20:00:00,33,18,15
2021-07-09 21:00:00,36,15,21
2021-07-09 22:00:00,39,15,24
2021-07-09 23:00:00,45,8,37
2021-07-10 00:00:00,16,5,11
2021-07-10 01:00:00,8,5,3
2021-07-10 02:00:00,5,3,2
2021-07-10 03:00:00,3,1,2
2021-07-10 04:00:00,0,0,0
2021-07-10 05:00:00,2,0,2
2021-07-10 06:00:00,5,3,2
2021-07-10 07:00:00,14,8,6
2021-07-10 08:00:00,31,17,14
2021-07-10 09:00:00,23,11,12
2021-07-10 10:00:00,30,22,8
2021-07-10 11:00:00,27,17,10
2021-07-10 12:00:00,43,21,22
2021-07-10 13:00:00,54,42,12
2021-07-10 14:00:00,66,43,23
2021-07-10 15:00:00,52,38,14
2021-07-10 16:00:00,66,38,28
2021-07-10 17:00:00,43,26,17
2021-07-10 18:00:00,48,30,18
2021-07-10 19:00:00,49,25,24
2021-07-10 20:00:00,44,18,26
2021-07-10 21:00:00,24,8,16
2021-07-10 22:00:00,60,9,51
2021-07-10 23:00:00,5,4,1
2021-07-11 00:00:00,9,5,4
2021-07-11 01:00:00,6,5,1
2021-07-11 02:00:00,1,1,0
2021-07-11 03:00:00,0,0,0
2021-07-11 04:00:00,0,0,0
2021-07-11 05:00:00,1,0,1
2021-07-11 06:00:00,5,4,1
2021-07-11 07:00:00,4,1,3
2021-07-11 08:00:00,9,7,2
2021-07-11 09:00:00,21,12,9
2021-07-11 10:00:00,24,13,11
2021-07-11 11:00:00,43,19,24
2021-07-11 12:00:00,62,45,17
2021-07-11 13:00:00,50,35,15
2021-07-11 14:00:00,55,30,25
2021-07-11 15:00:00,48,23,25
2021-07-11 16:00:00,49,19,30
2021-07-11 17:00:00,46,19,27
2021-07-11 18:00:00,45,17,28
2021-07-11 19:00:00,20,8,12
2021-07-11 20:00:00,26,15,11
2021-07-11 21:00:00,21,10,11
2021-07-11 22:00:00,17,9,8
2021-07-11 23:00:00,11,3,8
2021-07-12 00:00:00,6,2,4
2021-07-12 01:00:00,5,3,2
2021-07-12 02:00:00,0,0,0
2021-07-12 03:00:00,0,0,0
2021-07-12 04:00:00,2,2,0
2021-07-12 05:00:00,10,3,7
2021-07-12 06:00:00,22,6,16
2021-07-12 07:00:00,65,24,41
2021-07-12 08:00:00,54,25,29
2021-07-12 09:00:00,39,19,20
2021-07-12 10:00:00,27,18,9
2021-07-12 11:00:00,25,12,13
2021-07-12 12:00:00,27,14,13
2021-07-12 13:00:00,32,20,12
2021-07-12 14:00:00,37,23,14
2021-07-12 15:00:00,54,41,13
2021-07-12 16:00:00,43,28,15
2021-07-12 17:00:00,109,70,39
2021-07-12 18:00:00,67,39,28
2021-07-12 19:00:00,37,21,16
2021-07-12 20:00:00,16,9,7
2021-07-12 21:00:00,30,22,8
2021-07-12 22:00:00,10,1,9
2021-07-12 23:00:00,6,1,5
2021-07-13 00:00:00,5,4,1
2021-07-13 01:00:00,1,0,1
2021-07-13 02:00:00,1,0,1
2021-07-13 03:00:00,0,0,0
2021-07-13 04:00:00,2,2,0
2021-07-13 05:00:00,20,5,15
2021-07-13 06:00:00,25,7,18
2021-07-13 07:00:00,68,31,37
2021-07-13 08:00:00,73,28,45
2021-07-13 09:00:00,45,16,29
2021-07-13 10:00:00,26,18,8
2021-07-13 11:00:00,26,17,9
2021-07-13 12:00:00,45,20,25
2021-07-13 13:00:00,31,17,14
2021-07-13 14:00:00,37,21,16
2021-07-13 15:00:00,50,33,17
2021-07-13 16:00:00,78,52,26
2021-07-13 17:00:00,137,90,47
2021-07-13 18:00:00,64,38,26
2021-07-13 19:00:00,26,11,15
2021-07-13 20:00:00,29,19,10
2021-07-13 21:00:00,22,15,7
2021-07-13 22:00:00,16,7,9
2021-07-13 23:00:00,14,4,10
2021-07-14 00:00:00,4,2,2
2021-07-14 01:00:00,2,0,2
2021-07-14 02:00:00,0,0,0
2021-07-14 03:00:00,3,3,0
2021-07-14 04:00:00,1,1,0
2021-07-14 05:00:00,14,3,11
2021-07-14 06:00:00,34,6,28
2021-07-14 07:00:00,64,17,47
2021-07-14 08:00:00,84,37,47
2021-07-14 09:00:00,40,22,18
2021-07-14 10:00:00,24,13,11
2021-07-14 11:00:00,32,18,14
2021-07-14 12:00:00,42,23,19
2021-07-14 13:00:00,34,17,17
2021-07-14 14:00:00,44,23,21
2021-07-14 15:00:00,65,47,18
2021-07-14 16:00:00,89,58,31
2021-07-14 17:00:00,123,83,40
2021-07-14 18:00:00,73,47,26
2021-07-14 19:00:00,39,21,18
2021-07-14 20:00:00,29,16,13
2021-07-14 21:00:00,19,9,10
2021-07-14 22:00:00,11,3,8
2021-07-14 23:00:00,5,3,2
2021-07-15 00:00:00,4,2,2
2021-07-15 01:00:00,4,4,0
2021-07-15 02:00:00,2,2,0
2021-07-15 03:00:00,0,0,0
2021-07-15 04:00:00,3,1,2
2021-07-15 05:00:00,15,4,11
2021-07-15 06:00:00,31,9,22
2021-07-15 07:00:00,61,19,42
2021-07-15 08:00:00,72,30,42
2021-07-15 09:00:00,46,22,24
2021-07-15 10:00:00,40,23,17
2021-07-15 11:00:00,23,14,9
2021-07-15 12:00:00,35,13,22
2021-07-15 13:00:00,41,23,18
2021-07-15 14:00:00,56,31,25
2021-07-15 15:00:00,73,50,23
2021-07-15 16:00:00,85,56,29
2021-07-15 17:00:00,129,84,45
2021-07-15 18:00:00,69,46,23
2021-07-15 19:00:00,33,18,15
2021-07-15 20:00:00,29,17,12
2021-07-15 21:00:00,25,16,9
2021-07-15 22:00:00,17,8,9
2021-07-15 23:00:00,5,4,1
2021-07-16 00:00:00,4,1,3
2021-07-16 01:00:00,3,2,1
2021-07-16 02:00:00,3,2,1
2021-07-16 03:00:00,2,1,1
2021-07-16 04:00:00,3,0,3
2021-07-16 05:00:00,14,2,12
2021-07-16 06:00:00,24,10,14
2021-07-16 07:00:00,52,14,38
2021-07-16 08:00:00,48,19,29
2021-07-16 09:00:00,43,23,20
2021-07-16 10:00:00,41,26,15
2021-07-16 11:00:00,16,6,10
2021-07-16 12:00:00,43,22,21
2021-07-16 13:00:00,44,25,19
2021-07-16 14:00:00,38,26,12
2021-07-16 15:00:00,61,46,15
2021-07-16 16:00:00,77,42,35
2021-07-16 17:00:00,88,46,42
2021-07-16 18:00:00,45,29,16
2021-07-16 19:00:00,38,22,16
2021-07-16 20:00:00,24,9,15
2021-07-16 21:00:00,26,15,11
2021-07-16 22:00:00,24,18,6
2021-07-16 23:00:00,12,3,9
2021-07-17 00:00:00,4,1,3
2021-07-17 01:00:00,6,3,3
2021-07-17 02:00:00,2,1,1
2021-07-17 03:00:00,0,0,0
2021-07-17 04:00:00,2,1,1
2021-07-17 05:00:00,1,0,1
2021-07-17 06:00:00,1,0,1
2021-07-17 07:00:00,15,9,6
2021-07-17 08:00:00,18,12,6
2021-07-17 09:00:00,32,20,12
2021-07-17 10:00:00,30,19,11
2021-07-17 11:00:00,52,30,22
2021-07-17 12:00:00,52,31,21
2021-07-17 13:00:00,68,38,30
2021-07-17 14:00:00,53,32,21
2021-07-17 15:00:00,55,27,28
2021-07-17 16:00:00,54,29,25
2021-07-17 17:00:00,60,32,28
2021-07-17 18:00:00,59,31,28
2021-07-17 19:00:00,40,15,25
2021-07-17 20:00:00,38,19,19
2021-07-17 21:00:00,29,13,16
2021-07-17 22:00:00,12,9,3
2021-07-17 23:00:00,13,3,10
2021-07-18 00:00:00,7,4,3
2021-07-18 01:00:00,4,3,1
2021-07-18 02:00:00,7,4,3
2021-07-18 03:00:00,1,0,1
2021-07-18 04:00:00,2,0,2
2021-07-18 05:00:00,1,1,0
2021-07-18 06:00:00,4,4,0
2021-07-18 07:00:00,14,10,4
2021-07-18 08:00:00,13,8,5
2021-07-18 09:00:00,17,11,6
2021-07-18 10:00:00,30,16,14
2021-07-18 11:00:00,44,21,23
2021-07-18 12:00:00,46,21,25
2021-07-18 13:00:00,45,25,20
2021-07-18 14:00:00,59,27,32
2021-07-18 15:00:00,50,27,23
2021-07-18 16:00:00,26,13,13
2021-07-18 17:00:00,40,23,17
2021-07-18 18:00:00,43,17,26
2021-07-18 19:00:00,27,16,11
2021-07-18 20:00:00,22,10,12
2021-07-18 21:00:00,15,6,9
2021-07-18 22:00:00,11,9,2
2021-07-18 23:00:00,9,1,8
2021-07-19 00:00:00,2,0,2
2021-07-19 01:00:00,4,4,0
2021-07-19 02:00:00,0,0,0
2021-07-19 03:00:00,0,0,0
2021-07-19 04:00:00,0,0,0
2021-07-19 05:00:00,20,3,17
2021-07-19 06:00:00,32,9,23
2021-07-19 07:00:00,48,15,33
2021-07-19 08:00:00,63,21,42
2021-07-19 09:00:00,60,25,35
2021-07-19 10:00:00,33,19,14
2021-07-19 11:00:00,34,12,22
2021-07-19 12:00:00,49,29,20
2021-07-19 13:00:00,33,21,12
2021-07-19 14:00:00,53,34,19
2021-07-19 15:00:00,50,35,15
2021-07-19 16:00:00,53,41,12
2021-07-19 17:00:00,109,70,39
2021-07-19 18:00:00,58,32,26
2021-07-19 19:00:00,54,33,21
2021-07-19 20:00:00,28,12,16
2021-07-19 21:00:00,19,8,11
2021-07-19 22:00:00,13,4,9
2021-07-19 23:00:00,6,4,2
2021-07-20 00:00:00,3,2,1
2021-07-20 01:00:00,1,1,0
2021-07-20 02:00:00,0,0,0
2021-07-20 03:00:00,1,0,1
2021-07-20 04:00:00,3,1,2
2021-07-20 05:00:00,21,5,16
2021-07-20 06:00:00,32,11,21
2021-07-20 07:00:00,65,18,47
2021-07-20 08:00:00,76,37,39
2021-07-20 09:00:00,38,22,16
2021-07-20 10:00:00,33,19,14
2021-07-20 11:00:00,34,20,14
2021-07-20 12:00:00,41,22,19
2021-07-20 13:00:00,48,21,27
2021-07-20 14:00:00,41,21,20
2021-07-20 15:00:00,56,40,16
2021-07-20 16:00:00,73,49,24
2021-07-20 17:00:00,130,84,46
2021-07-20 18:00:00,78,46,32
2021-07-20 19:00:00,44,18,26
2021-07-20 20:00:00,20,11,9
2021-07-20 21:00:00,23,13,10
2021-07-20 22:00:00,19,7,12
2021-07-20 23:00:00,7,3,4
2021-07-21 00:00:00,1,0,1
2021-07-21 01:00:00,2,1,1
2021-07-21 02:00:00,1,1,0
2021-07-21 03:00:00,0,0,0
2021-07-21 04:00:00,3,1,2
2021-07-21 05:00:00,19,3,16
2021-07-21 06:00:00,29,11,18
2021-07-21 07:00:00,81,26,55
2021-07-21 08:00:00,58,22,36
2021-07-21 09:00:00,43,19,24
2021-07-21 10:00:00,39,20,19
2021-07-21 11:00:00,34,16,18
2021-07-21 12:00:00,40,24,16
2021-07-21 13:00:00,43,26,17
2021-07-21 14:00:00,50,26,24
2021-07-21 15:00:00,63,35,28
2021-07-21 16:00:00,69,45,24
2021-07-21 17:00:00,122,73,49
2021-07-21 18:00:00,71,44,27
2021-07-21 19:00:00,37,20,17
2021-07-21 20:00:00,31,14,17
2021-07-21 21:00:00,22,11,11
2021-07-21 22:00:00,17,6,11
2021-07-21 23:00:00,6,1,5
2021-07-22 00:00:00,8,6,2
2021-07-22 01:00:00,3,1,2
2021-07-22 02:00:00,3,1,2
2021-07-22 03:00:00,0,0,0
2021-07-22 04:00:00,2,1,1
2021-07-22 05:00:00,22,3,19
2021-07-22 06:00:00,28,8,20
2021-07-22 07:00:00,78,22,56
2021-07-22 08:00:00,67,33,34
2021-07-22 09:00:00,47,29,18
2021-07-22 10:00:00,42,18,24
2021-07-22 11:00:00,24,9,15
2021-07-22 12:00:00,38,24,14
2021-07-22 13:00:00,42,26,16
2021-07-22 14:00:00,50,35,15
2021-07-22 15:00:00,73,52,21
2021-07-22 16:00:00,83,54,29
2021-07-22 17:00:00,145,93,52
2021-07-22 18:00:00,97,64,33
2021-07-22 19:00:00,45,25,20
2021-07-22 20:00:00,35,17,18
2021-07-22 21:00:00,48,19,29
2021-07-22 22:00:00,36,15,21
2021-07-22 23:00:00,15,3,12
2021-07-23 00:00:00,5,3,2
2021-07-23 01:00:00,0,0,0
2021-07-23 02:00:00,3,1,2
2021-07-23 03:00:00,2,2,0
2021-07-23 04:00:00,0,0,0
2021-07-23 05:00:00,13,2,11
2021-07-23 06:00:00,39,14,25
2021-07-23 07:00:00,49,18,31
2021-07-23 08:00:00,58,27,31
2021-07-23 09:00:00,43,19,24
2021-07-23 10:00:00,37,26,11
2021-07-23 11:00:00,34,23,11
2021-07-23 12:00:00,34,20,14
2021-07-23 13:00:00,44,24,20
2021-07-23 14:00:00,52,35,17
2021-07-23 15:00:00,74,49,25
2021-07-23 16:00:00,91,64,27
2021-07-23 17:00:00,101,63,38
2021-07-23 18:00:00,62,39,23
2021-07-23 19:00:00,49,23,26
2021-07-23 20:00:00,36,17,19
2021-07-23 21:00:00,27,12,15
2021-07-23 22:00:00,50,21,29
2021-07-23 23:00:00,31,10,21
2021-07-24 00:00:00,13,12,1
2021-07-24 01:00:00,5,3,2
2021-07-24 02:00:00,5,1,4
2021-07-24 03:00:00,3,0,3
2021-07-24 04:00:00,0,0,0
2021-07-24 05:00:00,2,0,2
2021-07-24 06:00:00,5,2,3
2021-07-24 07:00:00,6,4,2
2021-07-24 08:00:00,23,17,6
2021-07-24 09:00:00,24,16,8
2021-07-24 10:00:00,40,32,8
2021-07-24 11:00:00,60,40,20
2021-07-24 12:00:00,90,40,50
2021-07-24 13:00:00,79,37,42
2021-07-24 14:00:00,75,47,28
2021-07-24 15:00:00,67,38,29
2021-07-24 16:00:00,70,32,38
2021-07-24 17:00:00,68,42,26
2021-07-24 18:00:00,73,46,27
2021-07-24 19:00:00,42,23,19
2021-07-24 20:00:00,20,8,12
2021-07-24 21:00:00,36,14,22
2021-07-24 22:00:00,25,6,19
2021-07-24 23:00:00,37,9,28
2021-07-25 00:00:00,7,2,5
2021-07-25 01:00:00,9,5,4
2021-07-25 02:00:00,5,4,1
2021-07-25 03:00:00,2,1,1
2021-07-25 04:00:00,1,1,0
2021-07-25 05:00:00,1,0,1
2021-07-25 06:00:00,3,2,1
2021-07-25 07:00:00,14,8,6
2021-07-25 08:00:00,13,5,8
2021-07-25 09:00:00,38,24,14
2021-07-25 10:00:00,46,26,20
2021-07-25 11:00:00,44,32,12
2021-07-25 12:00:00,57,44,13
2021-07-25 13:00:00,53,34,19
2021-07-25 14:00:00,46,24,22
2021-07-25 15:00:00,72,42,30
2021-07-25 16:00:00,88,50,38
2021-07-25 17:00:00,74,47,27
2021-07-25 18:00:00,43,22,21
2021-07-25 19:00:00,34,12,22
2021-07-25 20:00:00,66,10,56
2021-07-25 21:00:00,30,16,14
2021-07-25 22:00:00,10,6,4
2021-07-25 23:00:00,4,0,4
2021-07-26 00:00:00,3,2,1
2021-07-26 01:00:00,4,2,2
2021-07-26 02:00:00,0,0,0
2021-07-26 03:00:00,0,0,0
2021-07-26 04:00:00,2,2,0
2021-07-26 05:00:00,17,6,11
2021-07-26 06:00:00,28,7,21
2021-07-26 07:00:00,61,24,37
2021-07-26 08:00:00,56,26,30
2021-07-26 09:00:00,45,22,23
2021-07-26 10:00:00,32,16,16
2021-07-26 11:00:00,41,27,14
2021-07-26 12:00:00,42,20,22
2021-07-26 13:00:00,38,25,13
2021-07-26 14:00:00,42,23,19
2021-07-26 15:00:00,60,36,24
2021-07-26 16:00:00,88,54,34
2021-07-26 17:00:00,118,68,50
2021-07-26 18:00:00,75,49,26
2021-07-26 19:00:00,35,21,14
2021-07-26 20:00:00,33,18,15
2021-07-26 21:00:00,30,12,18
2021-07-26 22:00:00,10,2,8
2021-07-26 23:00:00,32,2,30
2021-07-27 00:00:00,2,1,1
2021-07-27 01:00:00,5,3,2
2021-07-27 02:00:00,2,0,2
2021-07-27 03:00:00,1,0,1
2021-07-27 04:00:00,1,1,0
2021-07-27 05:00:00,21,7,14
2021-07-27 06:00:00,26,8,18
2021-07-27 07:00:00,64,23,41
2021-07-27 08:00:00,62,19,43
2021-07-27 09:00:00,50,33,17
2021-07-27 10:00:00,44,24,20
2021-07-27 11:00:00,33,14,19
2021-07-27 12:00:00,32,18,14
2021-07-27 13:00:00,37,25,12
2021-07-27 14:00:00,47,28,19
2021-07-27 15:00:00,63,43,20
2021-07-27 16:00:00,89,63,26
2021-07-27 17:00:00,125,76,49
2021-07-27 18:00:00,112,77,35
2021-07-27 19:00:00,54,33,21
2021-07-27 20:00:00,29,15,14
2021-07-27 21:00:00,20,10,10
2021-07-27 22:00:00,34,3,31
2021-07-27 23:00:00,26,4,22
2021-07-28 00:00:00,5,1,4
2021-07-28 01:00:00,4,3,1
2021-07-28 02:00:00,0,0,0
2021-07-28 03:00:00,2,2,0
2021-07-28 04:00:00,0,0,0
2021-07-28 05:00:00,14,5,9
2021-07-28 06:00:00,30,9,21
2021-07-28 07:00:00,76,13,63
2021-07-28 08:00:00,75,37,38
2021-07-28 09:00:00,43,24,19
2021-07-28 10:00:00,45,28,17
2021-07-28 11:00:00,57,34,23
2021-07-28 12:00:00,44,36,8
2021-07-28 13:00:00,42,24,18
2021-07-28 14:00:00,52,29,23
2021-07-28 15:00:00,68,46,22
2021-07-28 16:00:00,115,56,59
2021-07-28 17:00:00,135,88,47
2021-07-28 18:00:00,73,33,40
2021-07-28 19:00:00,58,28,30
2021-07-28 20:00:00,27,20,7
2021-07-28 21:00:00,28,12,16
2021-07-28 22:00:00,17,8,9
2021-07-28 23:00:00,5,4,1
2021-07-29 00:00:00,5,4,1
2021-07-29 01:00:00,1,1,0
2021-07-29 02:00:00,1,1,0
2021-07-29 03:00:00,1,0,1
2021-07-29 04:00:00,2,2,0
2021-07-29 05:00:00,13,2,11
2021-07-29 06:00:00,18,9,9
2021-07-29 07:00:00,54,21,33
2021-07-29 08:00:00,72,31,41
2021-07-29 09:00:00,41,26,15
2021-07-29 10:00:00,28,11,17
2021-07-29 11:00:00,28,13,15
2021-07-29 12:00:00,23,14,9
2021-07-29 13:00:00,34,18,16
2021-07-29 14:00:00,46,27,19
2021-07-29 15:00:00,64,41,23
2021-07-29 16:00:00,81,50,31
2021-07-29 17:00:00,108,63,45
2021-07-29 18:00:00,71,54,17
2021-07-29 19:00:00,51,32,19
2021-07-29 20:00:00,28,17,11
2021-07-29 21:00:00,26,11,15
2021-07-29 22:00:00,23,14,9
2021-07-29 23:00:00,13,6,7
2021-07-30 00:00:00,5,3,2
2021-07-30 01:00:00,1,1,0
2021-07-30 02:00:00,3,2,1
2021-07-30 03:00:00,0,0,0
2021-07-30 04:00:00,1,0,1
2021-07-30 05:00:00,16,4,12
2021-07-30 06:00:00,28,10,18
2021-07-30 07:00:00,45,13,32
2021-07-30 08:00:00,54,24,30
2021-07-30 09:00:00,46,24,22
2021-07-30 10:00:00,23,14,9
2021-07-30 11:00:00,40,23,17
2021-07-30 12:00:00,49,23,26
2021-07-30 13:00:00,48,30,18
2021-07-30 14:00:00,60,44,16
2021-07-30 15:00:00,51,25,26
2021-07-30 16:00:00,76,41,35
2021-07-30 17:00:00,86,44,42
2021-07-30 18:00:00,73,37,36
2021-07-30 19:00:00,44,19,25
2021-07-30 20:00:00,23,11,12
2021-07-30 21:00:00,18,13,5
2021-07-30 22:00:00,9,6,3
2021-07-30 23:00:00,23,11,12
2021-07-31 00:00:00,8,5,3
2021-07-31 01:00:00,8,5,3
2021-07-31 02:00:00,19,4,15
2021-07-31 03:00:00,1,0,1
2021-07-31 04:00:00,7,1,6
2021-07-31 05:00:00,4,0,4
2021-07-31 06:00:00,2,1,1
2021-07-31 07:00:00,12,6,6
2021-07-31 08:00:00,23,12,11
2021-07-31 09:00:00,21,11,10
2021-07-31 10:00:00,37,30,7
2021-07-31 11:00:00,35,25,10
2021-07-31 12:00:00,70,47,23
2021-07-31 13:00:00,102,73,29
2021-07-31 14:00:00,68,49,19
2021-07-31 15:00:00,57,33,24
2021-07-31 16:00:00,110,31,79
2021-07-31 17:00:00,47,24,23
2021-07-31 18:00:00,49,23,26
2021-07-31 19:00:00,41,24,17
2021-07-31 20:00:00,21,5,16
2021-07-31 21:00:00,13,11,2
2021-07-31 22:00:00,12,8,4
2021-07-31 23:00:00,13,5,8
2021-08-01 00:00:00,9,3,6
2021-08-01 01:00:00,6,1,5
2021-08-01 02:00:00,17,3,14
2021-08-01 03:00:00,1,0,1
2021-08-01 04:00:00,0,0,0
2021-08-01 05:00:00,5,1,4
2021-08-01 06:00:00,3,3,0
2021-08-01 07:00:00,41,36,5
2021-08-01 08:00:00,45,37,8
2021-08-01 09:00:00,25,15,10
2021-08-01 10:00:00,38,19,19
2021-08-01 11:00:00,44,29,15
2021-08-01 12:00:00,53,21,32
2021-08-01 13:00:00,71,25,46
2021-08-01 14:00:00,90,27,63
2021-08-01 15:00:00,74,33,41
2021-08-01 16:00:00,51,12,39
2021-08-01 17:00:00,28,12,16
2021-08-01 18:00:00,31,17,14
2021-08-01 19:00:00,24,13,11
2021-08-01 20:00:00,25,11,14
2021-08-01 21:00:00,19,15,4
2021-08-01 22:00:00,13,6,7
2021-08-01 23:00:00,3,1,2
2021-08-02 00:00:00,4,2,2
2021-08-02 01:00:00,3,1,2
2021-08-02 02:00:00,2,0,2
2021-08-02 03:00:00,2,2,0
2021-08-02 04:00:00,3,1,2
2021-08-02 05:00:00,17,4,13
2021-08-02 06:00:00,27,9,18
2021-08-02 07:00:00,46,16,30
2021-08-02 08:00:00,69,30,39
2021-08-02 09:00:00,51,29,22
2021-08-02 10:00:00,52,30,22
2021-08-02 11:00:00,43,28,15
2021-08-02 12:00:00,46,26,20
2021-08-02 13:00:00,40,18,22
2021-08-02 14:00:00,34,19,15
2021-08-02 15:00:00,71,39,32
2021-08-02 16:00:00,87,52,35
2021-08-02 17:00:00,100,52,48
2021-08-02 18:00:00,58,39,19
2021-08-02 19:00:00,43,26,17
2021-08-02 20:00:00,24,10,14
2021-08-02 21:00:00,17,12,5
2021-08-02 22:00:00,12,4,8
2021-08-02 23:00:00,7,4,3
2021-08-03 00:00:00,4,1,3
2021-08-03 01:00:00,2,1,1
2021-08-03 02:00:00,2,2,0
2021-08-03 03:00:00,1,0,1
2021-08-03 04:00:00,2,0,2
2021-08-03 05:00:00,15,4,11
2021-08-03 06:00:00,33,8,25
2021-08-03 07:00:00,67,21,46
2021-08-03 08:00:00,71,34,37
2021-08-03 09:00:00,47,21,26
2021-08-03 10:00:00,35,17,18
2021-08-03 11:00:00,50,26,24
2021-08-03 12:00:00,41,26,15
2021-08-03 13:00:00,33,18,15
2021-08-03 14:00:00,42,21,21
2021-08-03 15:00:00,44,27,17
2021-08-03 16:00:00,94,71,23
2021-08-03 17:00:00,97,56,41
2021-08-03 18:00:00,87,63,24
2021-08-03 19:00:00,32,19,13
2021-08-03 20:00:00,25,17,8
2021-08-03 21:00:00,25,12,13
2021-08-03 22:00:00,9,4,5
2021-08-03 23:00:00,13,5,8
2021-08-04 00:00:00,3,2,1
2021-08-04 01:00:00,1,1,0
2021-08-04 02:00:00,0,0,0
2021-08-04 03:00:00,0,0,0
2021-08-04 04:00:00,1,0,1
2021-08-04 05:00:00,16,3,13
2021-08-04 06:00:00,27,9,18
2021-08-04 07:00:00,58,16,42
2021-08-04 08:00:00,82,30,52
2021-08-04 09:00:00,49,27,22
2021-08-04 10:00:00,24,8,16
2021-08-04 11:00:00,23,14,9
2021-08-04 12:00:00,33,24,9
2021-08-04 13:00:00,50,32,18
2021-08-04 14:00:00,47,26,21
2021-08-04 15:00:00,67,43,24
2021-08-04 16:00:00,90,61,29
2021-08-04 17:00:00,138,94,44
2021-08-04 18:00:00,109,72,37
2021-08-04 19:00:00,46,28,18
2021-08-04 20:00:00,28,15,13
2021-08-04 21:00:00,90,11,79
2021-08-04 22:00:00,16,8,8
2021-08-04 23:00:00,12,4,8
2021-08-05 00:00:00,2,0,2
2021-08-05 01:00:00,3,1,2
2021-08-05 02:00:00,2,1,1
2021-08-05 03:00:00,2,1,1
2021-08-05 04:00:00,2,0,2
2021-08-05 05:00:00,21,4,17
2021-08-05 06:00:00,28,11,17
2021-08-05 07:00:00,74,26,48
2021-08-05 08:00:00,56,26,30
2021-08-05 09:00:00,48,30,18
2021-08-05 10:00:00,34,17,17
2021-08-05 11:00:00,26,12,14
2021-08-05 12:00:00,33,23,10
2021-08-05 13:00:00,37,14,23
2021-08-05 14:00:00,39,21,18
2021-08-05 15:00:00,65,46,19
2021-08-05 16:00:00,78,47,31
2021-08-05 17:00:00,108,66,42
2021-08-05 18:00:00,75,48,27
2021-08-05 19:00:00,67,21,46
2021-08-05 20:00:00,25,9,16
2021-08-05 21:00:00,14,8,6
2021-08-05 22:00:00,20,10,10
2021-08-05 23:00:00,6,6,0
2021-08-06 00:00:00,1,0,1
2021-08-06 01:00:00,1,0,1
2021-08-06 02:00:00,3,1,2
2021-08-06 03:00:00,3,2,1
2021-08-06 04:00:00,1,0,1
2021-08-06 05:00:00,13,4,9
2021-08-06 06:00:00,20,12,8
2021-08-06 07:00:00,46,13,33
2021-08-06 08:00:00,52,14,38
2021-08-06 09:00:00,40,25,15
2021-08-06 10:00:00,36,16,20
2021-08-06 11:00:00,22,7,15
2021-08-06 12:00:00,37,19,18
2021-08-06 13:00:00,56,36,20
2021-08-06 14:00:00,36,25,11
2021-08-06 15:00:00,42,20,22
2021-08-06 16:00:00,80,54,26
2021-08-06 17:00:00,79,48,31
2021-08-06 18:00:00,53,23,30
2021-08-06 19:00:00,23,12,11
2021-08-06 20:00:00,30,16,14
2021-08-06 21:00:00,14,4,10
2021-08-06 22:00:00,10,3,7
2021-08-06 23:00:00,11,5,6
2021-08-07 00:00:00,13,2,11
2021-08-07 01:00:00,12,7,5
2021-08-07 02:00:00,8,2,6
2021-08-07 03:00:00,2,2,0
2021-08-07 04:00:00,1,0,1
2021-08-07 05:00:00,2,0,2
2021-08-07 06:00:00,3,2,1
2021-08-07 07:00:00,4,1,3
2021-08-07 08:00:00,18,7,11
2021-08-07 09:00:00,21,10,11
2021-08-07 10:00:00,31,18,13
2021-08-07 11:00:00,37,22,15
2021-08-07 12:00:00,56,34,22
2021-08-07 13:00:00,45,26,19
2021-08-07 14:00:00,70,36,34
2021-08-07 15:00:00,47,18,29
2021-08-07 16:00:00,67,38,29
2021-08-07 17:00:00,41,25,16
2021-08-07 18:00:00,50,23,27
2021-08-07 19:00:00,41,19,22
2021-08-07 20:00:00,30,10,20
2021-08-07 21:00:00,16,5,11
2021-08-07 22:00:00,11,5,6
2021-08-07 23:00:00,10,4,6
2021-08-08 00:00:00,11,6,5
2021-08-08 01:00:00,1,1,0
2021-08-08 02:00:00,7,2,5
2021-08-08 03:00:00,2,1,1
2021-08-08 04:00:00,2,2,0
2021-08-08 05:00:00,1,0,1
2021-08-08 06:00:00,4,2,2
2021-08-08 07:00:00,7,6,1
2021-08-08 08:00:00,23,17,6
2021-08-08 09:00:00,30,21,9
2021-08-08 10:00:00,23,14,9
2021-08-08 11:00:00,57,33,24
2021-08-08 12:00:00,35,23,12
2021-08-08 13:00:00,43,16,27
2021-08-08 14:00:00,53,29,24
2021-08-08 15:00:00,54,14,40
2021-08-08 16:00:00,52,27,25
2021-08-08 17:00:00,66,34,32
2021-08-08 18:00:00,31,21,10
2021-08-08 19:00:00,30,15,15
2021-08-08 20:00:00,19,9,10
2021-08-08 21:00:00,11,5,6
2021-08-08 22:00:00,9,5,4
2021-08-08 23:00:00,6,0,6
2021-08-09 00:00:00,1,1,0
2021-08-09 01:00:00,4,3,1
2021-08-09 02:00:00,1,1,0
2021-08-09 03:00:00,1,0,1
2021-08-09 04:00:00,3,1,2
2021-08-09 05:00:00,12,3,9
2021-08-09 06:00:00,28,9,19
2021-08-09 07:00:00,66,26,40
2021-08-09 08:00:00,48,22,26
2021-08-09 09:00:00,39,20,19
2021-08-09 10:00:00,31,17,14
2021-08-09 11:00:00,32,18,14
2021-08-09 12:00:00,38,26,12
2021-08-09 13:00:00,41,22,19
2021-08-09 14:00:00,41,21,20
2021-08-09 15:00:00,40,26,14
2021-08-09 16:00:00,93,52,41
2021-08-09 17:00:00,111,63,48
2021-08-09 18:00:00,69,41,28
2021-08-09 19:00:00,33,21,12
2021-08-09 20:00:00,28,16,12
2021-08-09 21:00:00,14,7,7
2021-08-09 22:00:00,10,4,6
2021-08-09 23:00:00,12,4,8
2021-08-10 00:00:00,5,1,4
2021-08-10 01:00:00,4,1,3
2021-08-10 02:00:00,0,0,0
2021-08-10 03:00:00,0,0,0
2021-08-10 04:00:00,2,1,1
2021-08-10 05:00:00,20,3,17
2021-08-10 06:00:00,25,6,19
2021-08-10 07:00:00,62,20,42
2021-08-10 08:00:00,73,29,44
2021-08-10 09:00:00,45,23,22
2021-08-10 10:00:00,22,15,7
2021-08-10 11:00:00,39,18,21
2021-08-10 12:00:00,41,17,24
2021-08-10 13:00:00,33,15,18
2021-08-10 14:00:00,41,21,20
2021-08-10 15:00:00,83,60,23
2021-08-10 16:00:00,87,58,29
2021-08-10 17:00:00,114,72,42
2021-08-10 18:00:00,112,81,31
2021-08-10 19:00:00,41,21,20
2021-08-10 20:00:00,23,11,12
2021-08-10 21:00:00,47,14,33
2021-08-10 22:00:00,35,8,27
2021-08-10 23:00:00,25,5,20
2021-08-11 00:00:00,4,4,0
2021-08-11 01:00:00,2,2,0
2021-08-11 02:00:00,3,3,0
2021-08-11 03:00:00,0,0,0
2021-08-11 04:00:00,0,0,0
2021-08-11 05:00:00,19,6,13
2021-08-11 06:00:00,29,14,15
2021-08-11 07:00:00,59,20,39
2021-08-11 08:00:00,89,33,56
2021-08-11 09:00:00,52,26,26
2021-08-11 10:00:00,23,11,12
2021-08-11 11:00:00,32,19,13
2021-08-11 12:00:00,36,19,17
2021-08-11 13:00:00,37,22,15
2021-08-11 14:00:00,45,30,15
2021-08-11 15:00:00,50,26,24
2021-08-11 16:00:00,86,59,27
2021-08-11 17:00:00,95,59,36
2021-08-11 18:00:00,91,56,35
2021-08-11 19:00:00,45,27,18
2021-08-11 20:00:00,21,12,9
2021-08-11 21:00:00,29,12,17
2021-08-11 22:00:00,24,9,15
2021-08-11 23:00:00,9,3,6
2021-08-12 00:00:00,2,0,2
2021-08-12 01:00:00,3,1,2
2021-08-12 02:00:00,3,3,0
2021-08-12 03:00:00,2,2,0
2021-08-12 04:00:00,2,1,1
2021-08-12 05:00:00,14,4,10
2021-08-12 06:00:00,23,4,19
2021-08-12 07:00:00,59,21,38
2021-08-12 08:00:00,72,31,41
2021-08-12 09:00:00,53,29,24
2021-08-12 10:00:00,27,14,13
2021-08-12 11:00:00,30,18,12
2021-08-12 12:00:00,54,33,21
2021-08-12 13:00:00,48,33,15
2021-08-12 14:00:00,46,27,19
2021-08-12 15:00:00,56,20,36
2021-08-12 16:00:00,76,41,35
2021-08-12 17:00:00,92,56,36
2021-08-12 18:00:00,45,27,18
2021-08-12 19:00:00,34,18,16
2021-08-12 20:00:00,19,5,14
2021-08-12 21:00:00,20,10,10
2021-08-12 22:00:00,17,9,8
2021-08-12 23:00:00,5,2,3
2021-08-13 00:00:00,3,2,1
2021-08-13 01:00:00,3,2,1
2021-08-13 02:00:00,5,3,2
2021-08-13 03:00:00,1,0,1
2021-08-13 04:00:00,1,1,0
2021-08-13 05:00:00,14,4,10
2021-08-13 06:00:00,17,7,10
2021-08-13 07:00:00,42,15,27
2021-08-13 08:00:00,43,13,30
2021-08-13 09:00:00,25,11,14
2021-08-13 10:00:00,37,22,15
2021-08-13 11:00:00,23,12,11
2021-08-13 12:00:00,22,11,11
2021-08-13 13:00:00,26,12,14
2021-08-13 14:00:00,46,25,21
2021-08-13 15:00:00,49,33,16
2021-08-13 16:00:00,66,47,19
2021-08-13 17:00:00,73,43,30
2021-08-13 18:00:00,77,59,18
2021-08-13 19:00:00,43,25,18
2021-08-13 20:00:00,35,15,20
2021-08-13 21:00:00,25,8,17
2021-08-13 22:00:00,29,10,19
2021-08-13 23:00:00,36,10,26
2021-08-14 00:00:00,19,9,10
2021-08-14 01:00:00,4,1,3
2021-08-14 02:00:00,4,2,2
2021-08-14 03:00:00,2,2,0
2021-08-14 04:00:00,1,1,0
2021-08-14 05:00:00,4,1,3
2021-08-14 06:00:00,4,2,2
2021-08-14 07:00:00,9,7,2
2021-08-14 08:00:00,16,9,7
2021-08-14 09:00:00,27,15,12
2021-08-14 10:00:00,22,12,10
2021-08-14 11:00:00,55,25,30
2021-08-14 12:00:00,37,23,14
2021-08-14 13:00:00,45,29,16
2021-08-14 14:00:00,51,30,21
2021-08-14 15:00:00,56,39,17
2021-08-14 16:00:00,71,43,28
2021-08-14 17:00:00,57,38,19
2021-08-14 18:00:00,52,41,11
2021-08-14 19:00:00,39,21,18
2021-08-14 20:00:00,17,5,12
2021-08-14 21:00:00,30,9,21
2021-08-14 22:00:00,51,12,39
2021-08-14 23:00:00,41,19,22
2021-08-15 00:00:00,9,8,1
2021-08-15 01:00:00,6,3,3
2021-08-15 02:00:00,6,3,3
2021-08-15 03:00:00,3,3,0
2021-08-15 04:00:00,4,2,2
2021-08-15 05:00:00,2,1,1
2021-08-15 06:00:00,4,2,2
2021-08-15 07:00:00,6,5,1
2021-08-15 08:00:00,14,6,8
2021-08-15 09:00:00,25,18,7
2021-08-15 10:00:00,27,19,8
2021-08-15 11:00:00,45,29,16
2021-08-15 12:00:00,60,43,17
2021-08-15 13:00:00,63,39,24
2021-08-15 14:00:00,139,68,71
2021-08-15 15:00:00,65,30,35
2021-08-15 16:00:00,70,25,45
2021-08-15 17:00:00,47,18,29
2021-08-15 18:00:00,28,17,11
2021-08-15 19:00:00,31,19,12
2021-08-15 20:00:00,27,18,9
2021-08-15 21:00:00,16,10,6
2021-08-15 22:00:00,9,7,2
2021-08-15 23:00:00,8,3,5
2021-08-16 00:00:00,4,3,1
2021-08-16 01:00:00,0,0,0
2021-08-16 02:00:00,2,0,2
2021-08-16 03:00:00,3,2,1
2021-08-16 04:00:00,0,0,0
2021-08-16 05:00:00,19,3,16
2021-08-16 06:00:00,25,9,16
2021-08-16 07:00:00,52,20,32
2021-08-16 08:00:00,49,19,30
2021-08-16 09:00:00,42,24,18
2021-08-16 10:00:00,17,7,10
2021-08-16 11:00:00,34,19,15
2021-08-16 12:00:00,30,13,17
2021-08-16 13:00:00,48,22,26
2021-08-16 14:00:00,38,22,16
2021-08-16 15:00:00,46,30,16
2021-08-16 16:00:00,77,61,16
2021-08-16 17:00:00,74,45,29
2021-08-16 18:00:00,70,48,22
2021-08-16 19:00:00,22,7,15
2021-08-16 20:00:00,9,5,4
2021-08-16 21:00:00,13,11,2
2021-08-16 22:00:00,13,5,8
2021-08-16 23:00:00,5,4,1
2021-08-17 00:00:00,2,0,2
2021-08-17 01:00:00,1,1,0
2021-08-17 02:00:00,0,0,0
2021-08-17 03:00:00,2,2,0
2021-08-17 04:00:00,1,1,0
2021-08-17 05:00:00,19,4,15
2021-08-17 06:00:00,29,12,17
2021-08-17 07:00:00,58,26,32
2021-08-17 08:00:00,60,26,34
2021-08-17 09:00:00,36,15,21
2021-08-17 10:00:00,34,22,12
2021-08-17 11:00:00,38,23,15
2021-08-17 12:00:00,39,18,21
2021-08-17 13:00:00,32,18,14
2021-08-17 14:00:00,37,19,18
2021-08-17 15:00:00,73,45,28
2021-08-17 16:00:00,97,67,30
2021-08-17 17:00:00,104,59,45
2021-08-17 18:00:00,66,44,22
2021-08-17 19:00:00,35,16,19
2021-08-17 20:00:00,34,15,19
2021-08-17 21:00:00,19,10,9
2021-08-17 22:00:00,10,6,4
2021-08-17 23:00:00,6,4,2
2021-08-18 00:00:00,1,1,0
2021-08-18 01:00:00,2,1,1
2021-08-18 02:00:00,0,0,0
2021-08-18 03:00:00,3,2,1
2021-08-18 04:00:00,1,0,1
2021-08-18 05:00:00,25,5,20
2021-08-18 06:00:00,26,10,16
2021-08-18 07:00:00,69,28,41
2021-08-18 08:00:00,70,28,42
2021-08-18 09:00:00,45,29,16
2021-08-18 10:00:00,20,10,10
2021-08-18 11:00:00,27,16,11
2021-08-18 12:00:00,32,17,15
2021-08-18 13:00:00,42,21,21
2021-08-18 14:00:00,43,24,19
2021-08-18 15:00:00,64,43,21
2021-08-18 16:00:00,97,57,40
2021-08-18 17:00:00,120,70,50
2021-08-18 18:00:00,80,40,40
2021-08-18 19:00:00,34,17,17
2021-08-18 20:00:00,22,9,13
2021-08-18 21:00:00,22,12,10
2021-08-18 22:00:00,23,14,9
2021-08-18 23:00:00,5,2,3
2021-08-19 00:00:00,3,1,2
2021-08-19 01:00:00,5,5,0
2021-08-19 02:00:00,2,1,1
2021-08-19 03:00:00,2,1,1
2021-08-19 04:00:00,1,0,1
2021-08-19 05:00:00,19,5,14
2021-08-19 06:00:00,28,11,17
2021-08-19 07:00:00,57,26,31
2021-08-19 08:00:00,64,24,40
2021-08-19 09:00:00,41,20,21
2021-08-19 10:00:00,39,23,16
2021-08-19 11:00:00,27,11,16
2021-08-19 12:00:00,40,21,19
2021-08-19 13:00:00,50,26,24
2021-08-19 14:00:00,63,38,25
2021-08-19 15:00:00,72,43,29
2021-08-19 16:00:00,73,45,28
2021-08-19 17:00:00,121,73,48
2021-08-19 18:00:00,79,40,39
2021-08-19 19:00:00,48,29,19
2021-08-19 20:00:00,33,18,15
2021-08-19 21:00:00,23,7,16
2021-08-19 22:00:00,18,11,7
2021-08-19 23:00:00,3,0,3
2021-08-20 00:00:00,3,3,0
2021-08-20 01:00:00,1,1,0
2021-08-20 02:00:00,2,2,0
2021-08-20 03:00:00,1,1,0
2021-08-20 04:00:00,1,1,0
2021-08-20 05:00:00,12,3,9
2021-08-20 06:00:00,18,5,13
2021-08-20 07:00:00,42,12,30
2021-08-20 08:00:00,40,16,24
2021-08-20 09:00:00,42,23,19
2021-08-20 10:00:00,38,17,21
2021-08-20 11:00:00,29,10,19
2021-08-20 12:00:00,44,26,18
2021-08-20 13:00:00,38,21,17
2021-08-20 14:00:00,47,25,22
2021-08-20 15:00:00,52,37,15
2021-08-20 16:00:00,77,47,30
2021-08-20 17:00:00,95,59,36
2021-08-20 18:00:00,55,25,30
2021-08-20 19:00:00,23,12,11
2021-08-20 20:00:00,30,11,19
2021-08-20 21:00:00,19,11,8
2021-08-20 22:00:00,18,12,6
2021-08-20 23:00:00,12,9,3
2021-08-21 00:00:00,8,4,4
2021-08-21 01:00:00,5,3,2
2021-08-21 02:00:00,1,0,1
2021-08-21 03:00:00,4,3,1
2021-08-21 04:00:00,0,0,0
2021-08-21 05:00:00,5,1,4
2021-08-21 06:00:00,3,3,0
2021-08-21 07:00:00,4,1,3
2021-08-21 08:00:00,11,7,4
2021-08-21 09:00:00,28,17,11
2021-08-21 10:00:00,29,14,15
2021-08-21 11:00:00,37,19,18
2021-08-21 12:00:00,41,24,17
2021-08-21 13:00:00,57,37,20
2021-08-21 14:00:00,57,25,32
2021-08-21 15:00:00,51,31,20
2021-08-21 16:00:00,72,38,34
2021-08-21 17:00:00,80,50,30
2021-08-21 18:00:00,71,64,7
2021-08-21 19:00:00,49,33,16
2021-08-21 20:00:00,19,7,12
2021-08-21 21:00:00,56,4,52
2021-08-21 22:00:00,58,9,49
2021-08-21 23:00:00,14,7,7
2021-08-22 00:00:00,7,1,6
2021-08-22 01:00:00,0,0,0
2021-08-22 02:00:00,6,4,2
2021-08-22 03:00:00,3,2,1
2021-08-22 04:00:00,1,1,0
2021-08-22 05:00:00,1,0,1
2021-08-22 06:00:00,7,6,1
2021-08-22 07:00:00,7,2,5
2021-08-22 08:00:00,5,3,2
2021-08-22 09:00:00,21,12,9
2021-08-22 10:00:00,26,17,9
2021-08-22 11:00:00,26,17,9
2021-08-22 12:00:00,29,20,9
2021-08-22 13:00:00,41,21,20
2021-08-22 14:00:00,31,20,11
2021-08-22 15:00:00,36,23,13
2021-08-22 16:00:00,24,11,13
2021-08-22 17:00:00,40,23,17
2021-08-22 18:00:00,26,11,15
2021-08-22 19:00:00,40,22,18
2021-08-22 20:00:00,31,13,18
2021-08-22 21:00:00,10,5,5
2021-08-22 22:00:00,16,9,7
2021-08-22 23:00:00,11,6,5
2021-08-23 00:00:00,5,4,1
2021-08-23 01:00:00,3,2,1
2021-08-23 02:00:00,1,0,1
2021-08-23 03:00:00,2,1,1
2021-08-23 04:00:00,1,0,1
2021-08-23 05:00:00,14,5,9
2021-08-23 06:00:00,28,7,21
2021-08-23 07:00:00,42,19,23
2021-08-23 08:00:00,43,13,30
2021-08-23 09:00:00,41,23,18
2021-08-23 10:00:00,22,13,9
2021-08-23 11:00:00,21,15,6
2021-08-23 12:00:00,43,19,24
2021-08-23 13:00:00,32,16,16
2021-08-23 14:00:00,40,25,15
2021-08-23 15:00:00,46,29,17
2021-08-23 16:00:00,71,35,36
2021-08-23 17:00:00,103,67,36
2021-08-23 18:00:00,62,33,29
2021-08-23 19:00:00,45,33,12
2021-08-23 20:00:00,25,13,12
2021-08-23 21:00:00,10,6,4
2021-08-23 22:00:00,10,8,2
2021-08-23 23:00:00,6,4,2
2021-08-24 00:00:00,3,1,2
2021-08-24 01:00:00,3,2,1
2021-08-24 02:00:00,2,2,0
2021-08-24 03:00:00,1,1,0
2021-08-24 04:00:00,1,0,1
2021-08-24 05:00:00,18,2,16
2021-08-24 06:00:00,24,10,14
2021-08-24 07:00:00,66,28,38
2021-08-24 08:00:00,62,25,37
2021-08-24 09:00:00,45,26,19
2021-08-24 10:00:00,39,21,18
2021-08-24 11:00:00,33,18,15
2021-08-24 12:00:00,35,17,18
2021-08-24 13:00:00,41,24,17
2021-08-24 14:00:00,45,31,14
2021-08-24 15:00:00,68,42,26
2021-08-24 16:00:00,89,50,39
2021-08-24 17:00:00,100,58,42
2021-08-24 18:00:00,66,40,26
2021-08-24 19:00:00,36,16,20
2021-08-24 20:00:00,18,12,6
2021-08-24 21:00:00,19,12,7
2021-08-24 22:00:00,10,6,4
2021-08-24 23:00:00,10,4,6
2021-08-25 00:00:00,4,2,2
2021-08-25 01:00:00,4,2,2
2021-08-25 02:00:00,0,0,0
2021-08-25 03:00:00,0,0,0
2021-08-25 04:00:00,3,1,2
2021-08-25 05:00:00,16,4,12
2021-08-25 06:00:00,27,9,18
2021-08-25 07:00:00,59,28,31
2021-08-25 08:00:00,55,26,29
2021-08-25 09:00:00,54,29,25
2021-08-25 10:00:00,25,13,12
2021-08-25 11:00:00,28,11,17
2021-08-25 12:00:00,39,19,20
2021-08-25 13:00:00,44,24,20
2021-08-25 14:00:00,60,28,32
2021-08-25 15:00:00,51,34,17
2021-08-25 16:00:00,86,61,25
2021-08-25 17:00:00,114,71,43
2021-08-25 18:00:00,66,33,33
2021-08-25 19:00:00,44,24,20
2021-08-25 20:00:00,23,8,15
2021-08-25 21:00:00,22,14,8
2021-08-25 22:00:00,14,6,8
2021-08-25 23:00:00,8,4,4
2021-08-26 00:00:00,5,2,3
2021-08-26 01:00:00,3,2,1
2021-08-26 02:00:00,1,0,1
2021-08-26 03:00:00,2,1,1
2021-08-26 04:00:00,2,1,1
2021-08-26 05:00:00,14,0,14
2021-08-26 06:00:00,23,11,12
2021-08-26 07:00:00,52,18,34
2021-08-26 08:00:00,53,21,32
2021-08-26 09:00:00,45,22,23
2021-08-26 10:00:00,30,14,16
2021-08-26 11:00:00,32,16,16
2021-08-26 12:00:00,39,24,15
2021-08-26 13:00:00,40,22,18
2021-08-26 14:00:00,45,33,12
2021-08-26 15:00:00,53,36,17
2021-08-26 16:00:00,82,57,25
2021-08-26 17:00:00,102,75,27
2021-08-26 18:00:00,80,55,25
2021-08-26 19:00:00,51,32,19
2021-08-26 20:00:00,25,12,13
2021-08-26 21:00:00,21,8,13
2021-08-26 22:00:00,41,13,28
2021-08-26 23:00:00,24,2,22
2021-08-27 00:00:00,6,4,2
2021-08-27 01:00:00,5,1,4
2021-08-27 02:00:00,2,1,1
2021-08-27 03:00:00,0,0,0
2021-08-27 04:00:00,2,2,0
2021-08-27 05:00:00,11,1,10
2021-08-27 06:00:00,16,3,13
2021-08-27 07:00:00,51,21,30
2021-08-27 08:00:00,41,14,27
2021-08-27 09:00:00,26,10,16
2021-08-27 10:00:00,38,19,19
2021-08-27 11:00:00,34,20,14
2021-08-27 12:00:00,36,22,14
2021-08-27 13:00:00,42,26,16
2021-08-27 14:00:00,51,32,19
2021-08-27 15:00:00,52,35,17
2021-08-27 16:00:00,69,38,31
2021-08-27 17:00:00,77,54,23
2021-08-27 18:00:00,81,55,26
2021-08-27 19:00:00,53,35,18
2021-08-27 20:00:00,22,9,13
2021-08-27 21:00:00,22,7,15
2021-08-27 22:00:00,33,9,24
2021-08-27 23:00:00,29,9,20
2021-08-28 00:00:00,27,4,23
2021-08-28 01:00:00,6,1,5
2021-08-28 02:00:00,7,4,3
2021-08-28 03:00:00,4,2,2
2021-08-28 04:00:00,0,0,0
2021-08-28 05:00:00,1,0,1
2021-08-28 06:00:00,5,4,1
2021-08-28 07:00:00,8,3,5
2021-08-28 08:00:00,20,9,11
2021-08-28 09:00:00,33,22,11
2021-08-28 10:00:00,45,23,22
2021-08-28 11:00:00,43,25,18
2021-08-28 12:00:00,70,40,30
2021-08-28 13:00:00,78,44,34
2021-08-28 14:00:00,44,19,25
2021-08-28 15:00:00,46,25,21
2021-08-28 16:00:00,61,22,39
2021-08-28 17:00:00,86,44,42
2021-08-28 18:00:00,114,79,35
2021-08-28 19:00:00,61,47,14
2021-08-28 20:00:00,30,14,16
2021-08-28 21:00:00,74,11,63
2021-08-28 22:00:00,38,7,31
2021-08-28 23:00:00,26,12,14
2021-08-29 00:00:00,3,1,2
2021-08-29 01:00:00,3,3,0
2021-08-29 02:00:00,9,2,7
2021-08-29 03:00:00,1,0,1
2021-08-29 04:00:00,0,0,0
2021-08-29 05:00:00,1,0,1
2021-08-29 06:00:00,2,2,0
2021-08-29 07:00:00,2,0,2
2021-08-29 08:00:00,11,5,6
2021-08-29 09:00:00,37,16,21
2021-08-29 10:00:00,40,32,8
2021-08-29 11:00:00,39,28,11
2021-08-29 12:00:00,87,59,28
2021-08-29 13:00:00,70,46,24
2021-08-29 14:00:00,54,30,24
2021-08-29 15:00:00,101,71,30
2021-08-29 16:00:00,95,37,58
2021-08-29 17:00:00,73,42,31
2021-08-29 18:00:00,64,38,26
2021-08-29 19:00:00,61,39,22
2021-08-29 20:00:00,29,12,17
2021-08-29 21:00:00,97,11,86
2021-08-29 22:00:00,27,2,25
2021-08-29 23:00:00,16,5,11
2021-08-30 00:00:00,3,3,0
2021-08-30 01:00:00,4,3,1
2021-08-30 02:00:00,0,0,0
2021-08-30 03:00:00,0,0,0
2021-08-30 04:00:00,1,1,0
2021-08-30 05:00:00,14,2,12
2021-08-30 06:00:00,23,10,13
2021-08-30 07:00:00,48,22,26
2021-08-30 08:00:00,61,22,39
2021-08-30 09:00:00,41,22,19
2021-08-30 10:00:00,36,20,16
2021-08-30 11:00:00,25,17,8
2021-08-30 12:00:00,22,9,13
2021-08-30 13:00:00,36,21,15
2021-08-30 14:00:00,33,20,13
2021-08-30 15:00:00,42,26,16
2021-08-30 16:00:00,74,52,22
2021-08-30 17:00:00,101,67,34
2021-08-30 18:00:00,75,51,24
2021-08-30 19:00:00,29,12,17
2021-08-30 20:00:00,16,8,8
2021-08-30 21:00:00,14,6,8
2021-08-30 22:00:00,14,3,11
2021-08-30 23:00:00,9,1,8
2021-08-31 00:00:00,3,0,3
2021-08-31 01:00:00,4,3,1
2021-08-31 02:00:00,1,0,1
2021-08-31 03:00:00,1,1,0
2021-08-31 04:00:00,2,2,0
2021-08-31 05:00:00,15,1,14
2021-08-31 06:00:00,28,10,18
2021-08-31 07:00:00,60,20,40
2021-08-31 08:00:00,52,24,28
2021-08-31 09:00:00,35,19,16
2021-08-31 10:00:00,23,13,10
2021-08-31 11:00:00,29,17,12
2021-08-31 12:00:00,29,14,15
2021-08-31 13:00:00,40,23,17
2021-08-31 14:00:00,38,26,12
2021-08-31 15:00:00,35,25,10
2021-08-31 16:00:00,61,45,16
2021-08-31 17:00:00,109,73,36
2021-08-31 18:00:00,83,53,30
2021-08-31 19:00:00,31,24,7
2021-08-31 20:00:00,23,7,16
2021-08-31 21:00:00,12,6,6
2021-08-31 22:00:00,24,7,17
2021-08-31 23:00:00,9,6,3
2021-09-01 00:00:00,2,2,0
2021-09-01 01:00:00,1,1,0
2021-09-01 02:00:00,2,0,2
2021-09-01 03:00:00,0,0,0
2021-09-01 04:00:00,3,2,1
2021-09-01 05:00:00,14,1,13
2021-09-01 06:00:00,29,10,19
2021-09-01 07:00:00,49,17,32
2021-09-01 08:00:00,65,29,36
2021-09-01 09:00:00,38,24,14
2021-09-01 10:00:00,22,11,11
2021-09-01 11:00:00,31,16,15
2021-09-01 12:00:00,66,47,19
2021-09-01 13:00:00,35,19,16
2021-09-01 14:00:00,42,29,13
2021-09-01 15:00:00,52,30,22
2021-09-01 16:00:00,83,42,41
2021-09-01 17:00:00,118,73,45
2021-09-01 18:00:00,63,32,31
2021-09-01 19:00:00,47,24,23
2021-09-01 20:00:00,14,9,5
2021-09-01 21:00:00,20,11,9
2021-09-01 22:00:00,6,4,2
2021-09-01 23:00:00,6,3,3
2021-09-02 00:00:00,7,5,2
2021-09-02 01:00:00,6,1,5
2021-09-02 02:00:00,3,3,0
2021-09-02 03:00:00,3,3,0
2021-09-02 04:00:00,1,1,0
2021-09-02 05:00:00,16,2,14
2021-09-02 06:00:00,25,10,15
2021-09-02 07:00:00,57,15,42
2021-09-02 08:00:00,51,21,30
2021-09-02 09:00:00,42,24,18
2021-09-02 10:00:00,26,15,11
2021-09-02 11:00:00,26,9,17
2021-09-02 12:00:00,40,19,21
2021-09-02 13:00:00,31,16,15
2021-09-02 14:00:00,52,33,19
2021-09-02 15:00:00,44,31,13
2021-09-02 16:00:00,73,45,28
2021-09-02 17:00:00,104,54,50
2021-09-02 18:00:00,63,37,26
2021-09-02 19:00:00,31,15,16
2021-09-02 20:00:00,24,12,12
2021-09-02 21:00:00,12,9,3
2021-09-02 22:00:00,13,7,6
2021-09-02 23:00:00,8,1,7
2021-09-03 00:00:00,6,5,1
2021-09-03 01:00:00,3,2,1
2021-09-03 02:00:00,3,0,3
2021-09-03 03:00:00,0,0,0
2021-09-03 04:00:00,2,2,0
2021-09-03 05:00:00,10,1,9
2021-09-03 06:00:00,20,5,15
2021-09-03 07:00:00,39,12,27
2021-09-03 08:00:00,40,18,22
2021-09-03 09:00:00,44,22,22
2021-09-03 10:00:00,28,15,13
2021-09-03 11:00:00,31,22,9
2021-09-03 12:00:00,39,19,20
2021-09-03 13:00:00,44,29,15
2021-09-03 14:00:00,51,29,22
2021-09-03 15:00:00,51,25,26
2021-09-03 16:00:00,66,44,22
2021-09-03 17:00:00,62,40,22
2021-09-03 18:00:00,55,33,22
2021-09-03 19:00:00,36,18,18
2021-09-03 20:00:00,26,10,16
2021-09-03 21:00:00,21,6,15
2021-09-03 22:00:00,13,4,9
2021-09-03 23:00:00,11,6,5
2021-09-04 00:00:00,2,1,1
2021-09-04 01:00:00,8,2,6
2021-09-04 02:00:00,4,2,2
2021-09-04 03:00:00,0,0,0
2021-09-04 04:00:00,1,1,0
2021-09-04 05:00:00,3,0,3
2021-09-04 06:00:00,5,2,3
2021-09-04 07:00:00,8,6,2
2021-09-04 08:00:00,21,15,6
2021-09-04 09:00:00,27,13,14
2021-09-04 10:00:00,41,29,12
2021-09-04 11:00:00,37,22,15
2021-09-04 12:00:00,68,32,36
2021-09-04 13:00:00,54,35,19
2021-09-04 14:00:00,64,33,31
2021-09-04 15:00:00,56,35,21
2021-09-04 16:00:00,59,27,32
2021-09-04 17:00:00,55,32,23
2021-09-04 18:00:00,36,17,19
2021-09-04 19:00:00,37,26,11
2021-09-04 20:00:00,23,8,15
2021-09-04 21:00:00,38,14,24
2021-09-04 22:00:00,10,6,4
2021-09-04 23:00:00,12,7,5
2021-09-05 00:00:00,10,5,5
2021-09-05 01:00:00,12,3,9
2021-09-05 02:00:00,5,4,1
2021-09-05 03:00:00,3,2,1
2021-09-05 04:00:00,2,1,1
2021-09-05 05:00:00,3,1,2
2021-09-05 06:00:00,1,1,0
2021-09-05 07:00:00,5,3,2
2021-09-05 08:00:00,7,3,4
2021-09-05 09:00:00,26,16,10
2021-09-05 10:00:00,27,16,11
2021-09-05 11:00:00,41,25,16
2021-09-05 12:00:00,45,27,18
2021-09-05 13:00:00,59,35,24
2021-09-05 14:00:00,53,25,28
2021-09-05 15:00:00,44,29,15
2021-09-05 16:00:00,55,27,28
2021-09-05 17:00:00,41,22,19
2021-09-05 18:00:00,34,18,16
2021-09-05 19:00:00,28,12,16
2021-09-05 20:00:00,10,5,5
2021-09-05 21:00:00,17,3,14
2021-09-05 22:00:00,15,7,8
2021-09-05 23:00:00,19,8,11
2021-09-06 00:00:00,9,6,3
2021-09-06 01:00:00,3,2,1
2021-09-06 02:00:00,2,2,0
2021-09-06 03:00:00,2,1,1
2021-09-06 04:00:00,3,1,2
2021-09-06 05:00:00,2,0,2
2021-09-06 06:00:00,4,1,3
2021-09-06 07:00:00,10,3,7
2021-09-06 08:00:00,5,4,1
2021-09-06 09:00:00,17,8,9
2021-09-06 10:00:00,18,10,8
2021-09-06 11:00:00,29,16,13
2021-09-06 12:00:00,53,32,21
2021-09-06 13:00:00,61,34,27
2021-09-06 14:00:00,58,29,29
2021-09-06 15:00:00,60,36,24
2021-09-06 16:00:00,60,33,27
2021-09-06 17:00:00,74,54,20
2021-09-06 18:00:00,51,18,33
2021-09-06 19:00:00,45,27,18
2021-09-06 20:00:00,16,9,7
2021-09-06 21:00:00,12,8,4
2021-09-06 22:00:00,15,5,10
2021-09-06 23:00:00,66,7,59
2021-09-07 00:00:00,11,2,9
2021-09-07 01:00:00,3,1,2
2021-09-07 02:00:00,2,2,0
2021-09-07 03:00:00,0,0,0
2021-09-07 04:00:00,3,3,0
2021-09-07 05:00:00,21,2,19
2021-09-07 06:00:00,29,13,16
2021-09-07 07:00:00,56,19,37
2021-09-07 08:00:00,65,27,38
2021-09-07 09:00:00,38,15,23
2021-09-07 10:00:00,31,21,10
2021-09-07 11:00:00,34,19,15
2021-09-07 12:00:00,35,16,19
2021-09-07 13:00:00,34,18,16
2021-09-07 14:00:00,55,36,19
2021-09-07 15:00:00,62,33,29
2021-09-07 16:00:00,82,48,34
2021-09-07 17:00:00,115,78,37
2021-09-07 18:00:00,58,27,31
2021-09-07 19:00:00,26,12,14
2021-09-07 20:00:00,9,6,3
2021-09-07 21:00:00,11,8,3
2021-09-07 22:00:00,12,5,7
2021-09-07 23:00:00,7,4,3
2021-09-08 00:00:00,4,1,3
2021-09-08 01:00:00,3,2,1
2021-09-08 02:00:00,3,2,1
2021-09-08 03:00:00,2,1,1
2021-09-08 04:00:00,4,2,2
2021-09-08 05:00:00,14,1,13
2021-09-08 06:00:00,31,9,22
2021-09-08 07:00:00,65,25,40
2021-09-08 08:00:00,66,26,40
2021-09-08 09:00:00,22,11,11
2021-09-08 10:00:00,33,18,15
2021-09-08 11:00:00,35,22,13
2021-09-08 12:00:00,28,18,10
2021-09-08 13:00:00,33,16,17
2021-09-08 14:00:00,44,26,18
2021-09-08 15:00:00,56,43,13
2021-09-08 16:00:00,80,55,25
2021-09-08 17:00:00,109,73,36
2021-09-08 18:00:00,55,34,21
2021-09-08 19:00:00,34,16,18
2021-09-08 20:00:00,14,5,9
2021-09-08 21:00:00,16,8,8
2021-09-08 22:00:00,17,12,5
2021-09-08 23:00:00,16,4,12
2021-09-09 00:00:00,6,3,3
2021-09-09 01:00:00,9,5,4
2021-09-09 02:00:00,1,1,0
2021-09-09 03:00:00,1,0,1
2021-09-09 04:00:00,2,1,1
2021-09-09 05:00:00,21,3,18
2021-09-09 06:00:00,26,11,15
2021-09-09 07:00:00,46,18,28
2021-09-09 08:00:00,73,30,43
2021-09-09 09:00:00,51,26,25
2021-09-09 10:00:00,28,16,12
2021-09-09 11:00:00,45,29,16
2021-09-09 12:00:00,38,15,23
2021-09-09 13:00:00,50,28,22
2021-09-09 14:00:00,57,35,22
2021-09-09 15:00:00,49,28,21
2021-09-09 16:00:00,67,47,20
2021-09-09 17:00:00,105,71,34
2021-09-09 18:00:00,67,34,33
2021-09-09 19:00:00,31,16,15
2021-09-09 20:00:00,23,15,8
2021-09-09 21:00:00,21,12,9
2021-09-09 22:00:00,28,15,13
2021-09-09 23:00:00,4,4,0
2021-09-10 00:00:00,4,3,1
2021-09-10 01:00:00,6,4,2
2021-09-10 02:00:00,2,0,2
2021-09-10 03:00:00,1,1,0
2021-09-10 04:00:00,2,2,0
2021-09-10 05:00:00,11,3,8
2021-09-10 06:00:00,30,7,23
2021-09-10 07:00:00,45,13,32
2021-09-10 08:00:00,48,21,27
2021-09-10 09:00:00,37,19,18
2021-09-10 10:00:00,31,23,8
2021-09-10 11:00:00,33,21,12
2021-09-10 12:00:00,33,16,17
2021-09-10 13:00:00,40,19,21
2021-09-10 14:00:00,51,31,20
2021-09-10 15:00:00,54,28,26
2021-09-10 16:00:00,61,37,24
2021-09-10 17:00:00,71,43,28
2021-09-10 18:00:00,43,29,14
2021-09-10 19:00:00,27,15,12
2021-09-10 20:00:00,28,13,15
2021-09-10 21:00:00,18,7,11
2021-09-10 22:00:00,41,18,23
2021-09-10 23:00:00,21,7,14
2021-09-11 00:00:00,6,4,2
2021-09-11 01:00:00,5,2,3
2021-09-11 02:00:00,5,1,4
2021-09-11 03:00:00,2,0,2
2021-09-11 04:00:00,2,2,0
2021-09-11 05:00:00,0,0,0
2021-09-11 06:00:00,5,4,1
2021-09-11 07:00:00,11,6,5
2021-09-11 08:00:00,9,5,4
2021-09-11 09:00:00,26,11,15
2021-09-11 10:00:00,31,21,10
2021-09-11 11:00:00,30,14,16
2021-09-11 12:00:00,65,50,15
2021-09-11 13:00:00,129,108,21
2021-09-11 14:00:00,67,38,29
2021-09-11 15:00:00,47,27,20
2021-09-11 16:00:00,138,46,92
2021-09-11 17:00:00,77,50,27
2021-09-11 18:00:00,52,32,20
2021-09-11 19:00:00,33,19,14
2021-09-11 20:00:00,26,11,15
2021-09-11 21:00:00,51,21,30
2021-09-11 22:00:00,23,10,13
2021-09-11 23:00:00,24,6,18
2021-09-12 00:00:00,17,4,13
2021-09-12 01:00:00,9,5,4
2021-09-12 02:00:00,1,1,0
2021-09-12 03:00:00,3,3,0
2021-09-12 04:00:00,4,2,2
2021-09-12 05:00:00,2,1,1
2021-09-12 06:00:00,4,2,2
2021-09-12 07:00:00,2,0,2
2021-09-12 08:00:00,9,7,2
2021-09-12 09:00:00,9,4,5
2021-09-12 10:00:00,34,21,13
2021-09-12 11:00:00,25,16,9
2021-09-12 12:00:00,43,30,13
2021-09-12 13:00:00,40,23,17
2021-09-12 14:00:00,33,12,21
2021-09-12 15:00:00,23,16,7
2021-09-12 16:00:00,47,13,34
2021-09-12 17:00:00,41,24,17
2021-09-12 18:00:00,19,12,7
2021-09-12 19:00:00,22,8,14
2021-09-12 20:00:00,12,4,8
2021-09-12 21:00:00,6,5,1
2021-09-12 22:00:00,7,2,5
2021-09-12 23:00:00,5,3,2
2021-09-13 00:00:00,4,3,1
2021-09-13 01:00:00,0,0,0
2021-09-13 02:00:00,2,2,0
2021-09-13 03:00:00,2,1,1
2021-09-13 04:00:00,1,1,0
2021-09-13 05:00:00,8,2,6
2021-09-13 06:00:00,34,11,23
2021-09-13 07:00:00,44,16,28
2021-09-13 08:00:00,66,30,36
2021-09-13 09:00:00,30,11,19
2021-09-13 10:00:00,21,13,8
2021-09-13 11:00:00,41,21,20
2021-09-13 12:00:00,47,25,22
2021-09-13 13:00:00,28,16,12
2021-09-13 14:00:00,50,28,22
2021-09-13 15:00:00,36,24,12
2021-09-13 16:00:00,68,47,21
2021-09-13 17:00:00,134,84,50
2021-09-13 18:00:00,52,35,17
2021-09-13 19:00:00,52,39,13
2021-09-13 20:00:00,24,7,17
2021-09-13 21:00:00,26,10,16
2021-09-13 22:00:00,46,6,40
2021-09-13 23:00:00,9,6,3
2021-09-14 00:00:00,4,1,3
2021-09-14 01:00:00,2,2,0
2021-09-14 02:00:00,5,2,3
2021-09-14 03:00:00,2,1,1
2021-09-14 04:00:00,2,2,0
2021-09-14 05:00:00,14,1,13
2021-09-14 06:00:00,30,12,18
2021-09-14 07:00:00,62,17,45
2021-09-14 08:00:00,72,33,39
2021-09-14 09:00:00,36,18,18
2021-09-14 10:00:00,28,11,17
2021-09-14 11:00:00,25,18,7
2021-09-14 12:00:00,30,13,17
2021-09-14 13:00:00,29,19,10
2021-09-14 14:00:00,31,17,14
2021-09-14 15:00:00,40,28,12
2021-09-14 16:00:00,105,71,34
2021-09-14 17:00:00,118,76,42
2021-09-14 18:00:00,111,95,16
2021-09-14 19:00:00,49,26,23
2021-09-14 20:00:00,18,5,13
2021-09-14 21:00:00,41,11,30
2021-09-14 22:00:00,33,6,27
2021-09-14 23:00:00,30,5,25
2021-09-15 00:00:00,11,5,6
2021-09-15 01:00:00,4,3,1
2021-09-15 02:00:00,1,1,0
2021-09-15 03:00:00,2,0,2
2021-09-15 04:00:00,2,2,0
2021-09-15 05:00:00,10,3,7
2021-09-15 06:00:00,28,16,12
2021-09-15 07:00:00,56,19,37
2021-09-15 08:00:00,66,27,39
2021-09-15 09:00:00,40,19,21
2021-09-15 10:00:00,28,14,14
2021-09-15 11:00:00,43,25,18
2021-09-15 12:00:00,46,27,19
2021-09-15 13:00:00,61,46,15
2021-09-15 14:00:00,37,17,20
2021-09-15 15:00:00,43,31,12
2021-09-15 16:00:00,84,47,37
2021-09-15 17:00:00,136,71,65
2021-09-15 18:00:00,61,32,29
2021-09-15 19:00:00,43,24,19
2021-09-15 20:00:00,13,7,6
2021-09-15 21:00:00,15,12,3
2021-09-15 22:00:00,12,7,5
2021-09-15 23:00:00,6,2,4
2021-09-16 00:00:00,5,2,3
2021-09-16 01:00:00,0,0,0
2021-09-16 02:00:00,2,0,2
2021-09-16 03:00:00,0,0,0
2021-09-16 04:00:00,3,2,1
2021-09-16 05:00:00,13,1,12
2021-09-16 06:00:00,31,12,19
2021-09-16 07:00:00,51,20,31
2021-09-16 08:00:00,63,22,41
2021-09-16 09:00:00,38,26,12
2021-09-16 10:00:00,25,13,12
2021-09-16 11:00:00,40,27,13
2021-09-16 12:00:00,35,19,16
2021-09-16 13:00:00,35,22,13
2021-09-16 14:00:00,42,27,15
2021-09-16 15:00:00,64,44,20
2021-09-16 16:00:00,81,55,26
2021-09-16 17:00:00,118,74,44
2021-09-16 18:00:00,74,46,28
2021-09-16 19:00:00,40,16,24
2021-09-16 20:00:00,24,8,16
2021-09-16 21:00:00,9,6,3
2021-09-16 22:00:00,14,11,3
2021-09-16 23:00:00,5,4,1
2021-09-17 00:00:00,5,1,4
2021-09-17 01:00:00,5,3,2
2021-09-17 02:00:00,1,1,0
2021-09-17 03:00:00,1,1,0
2021-09-17 04:00:00,1,1,0
2021-09-17 05:00:00,11,3,8
2021-09-17 06:00:00,23,8,15
2021-09-17 07:00:00,26,13,13
2021-09-17 08:00:00,32,16,16
2021-09-17 09:00:00,22,7,15
2021-09-17 10:00:00,17,11,6
2021-09-17 11:00:00,19,13,6
2021-09-17 12:00:00,22,10,12
2021-09-17 13:00:00,35,15,20
2021-09-17 14:00:00,31,16,15
2021-09-17 15:00:00,30,18,12
2021-09-17 16:00:00,46,32,14
2021-09-17 17:00:00,55,30,25
2021-09-17 18:00:00,39,23,16
2021-09-17 19:00:00,30,23,7
2021-09-17 20:00:00,10,7,3
2021-09-17 21:00:00,9,3,6
2021-09-17 22:00:00,6,4,2
2021-09-17 23:00:00,4,1,3
2021-09-18 00:00:00,1,1,0
2021-09-18 01:00:00,1,0,1
2021-09-18 02:00:00,2,0,2
2021-09-18 03:00:00,1,1,0
2021-09-18 04:00:00,0,0,0
2021-09-18 05:00:00,1,0,1
2021-09-18 06:00:00,2,1,1
2021-09-18 07:00:00,6,3,3
2021-09-18 08:00:00,6,2,4
2021-09-18 09:00:00,23,12,11
2021-09-18 10:00:00,22,17,5
2021-09-18 11:00:00,27,16,11
2021-09-18 12:00:00,29,18,11
2021-09-18 13:00:00,25,13,12
2021-09-18 14:00:00,13,7,6
2021-09-18 15:00:00,14,9,5
2021-09-18 16:00:00,18,11,7
2021-09-18 17:00:00,15,12,3
2021-09-18 18:00:00,16,11,5
2021-09-18 19:00:00,14,8,6
2021-09-18 20:00:00,11,7,4
2021-09-18 21:00:00,8,5,3
2021-09-18 22:00:00,10,3,7
2021-09-18 23:00:00,8,4,4
2021-09-19 00:00:00,3,0,3
2021-09-19 01:00:00,6,4,2
2021-09-19 02:00:00,0,0,0
2021-09-19 03:00:00,1,1,0
2021-09-19 04:00:00,2,0,2
2021-09-19 05:00:00,3,3,0
2021-09-19 06:00:00,3,1,2
2021-09-19 07:00:00,9,5,4
2021-09-19 08:00:00,17,9,8
2021-09-19 09:00:00,22,17,5
2021-09-19 10:00:00,58,42,16
2021-09-19 11:00:00,66,60,6
2021-09-19 12:00:00,113,98,15
2021-09-19 13:00:00,81,65,16
2021-09-19 14:00:00,39,23,16
2021-09-19 15:00:00,40,12,28
2021-09-19 16:00:00,51,13,38
2021-09-19 17:00:00,182,15,167
2021-09-19 18:00:00,41,20,21
2021-09-19 19:00:00,11,3,8
2021-09-19 20:00:00,24,9,15
2021-09-19 21:00:00,4,0,4
2021-09-19 22:00:00,8,4,4
2021-09-19 23:00:00,1,0,1
2021-09-20 00:00:00,2,2,0
2021-09-20 01:00:00,1,0,1
2021-09-20 02:00:00,3,2,1
2021-09-20 03:00:00,1,1,0
2021-09-20 04:00:00,1,1,0
2021-09-20 05:00:00,5,2,3
2021-09-20 06:00:00,27,10,17
2021-09-20 07:00:00,52,16,36
2021-09-20 08:00:00,58,19,39
2021-09-20 09:00:00,36,19,17
2021-09-20 10:00:00,24,15,9
2021-09-20 11:00:00,29,18,11
2021-09-20 12:00:00,38,28,10
2021-09-20 13:00:00,25,16,9
2021-09-20 14:00:00,42,27,15
2021-09-20 15:00:00,38,18,20
2021-09-20 16:00:00,80,41,39
2021-09-20 17:00:00,119,71,48
2021-09-20 18:00:00,64,30,34
2021-09-20 19:00:00,29,19,10
2021-09-20 20:00:00,17,6,11
2021-09-20 21:00:00,12,4,8
2021-09-20 22:00:00,7,5,2
2021-09-20 23:00:00,9,6,3
2021-09-21 00:00:00,5,1,4
2021-09-21 01:00:00,3,3,0
2021-09-21 02:00:00,2,1,1
2021-09-21 03:00:00,0,0,0
2021-09-21 04:00:00,1,1,0
2021-09-21 05:00:00,6,2,4
2021-09-21 06:00:00,31,10,21
2021-09-21 07:00:00,56,18,38
2021-09-21 08:00:00,58,23,35
2021-09-21 09:00:00,40,22,18
2021-09-21 10:00:00,21,13,8
2021-09-21 11:00:00,38,26,12
2021-09-21 12:00:00,27,14,13
2021-09-21 13:00:00,36,17,19
2021-09-21 14:00:00,41,26,15
2021-09-21 15:00:00,53,38,15
2021-09-21 16:00:00,80,50,30
2021-09-21 17:00:00,112,70,42
2021-09-21 18:00:00,60,35,25
2021-09-21 19:00:00,24,9,15
2021-09-21 20:00:00,16,7,9
2021-09-21 21:00:00,20,15,5
2021-09-21 22:00:00,5,1,4
2021-09-21 23:00:00,4,0,4
2021-09-22 00:00:00,1,1,0
2021-09-22 01:00:00,0,0,0
2021-09-22 02:00:00,5,3,2
2021-09-22 03:00:00,0,0,0
2021-09-22 04:00:00,1,1,0
2021-09-22 05:00:00,12,2,10
2021-09-22 06:00:00,24,12,12
2021-09-22 07:00:00,62,26,36
2021-09-22 08:00:00,63,18,45
2021-09-22 09:00:00,49,27,22
2021-09-22 10:00:00,23,16,7
2021-09-22 11:00:00,25,16,9
2021-09-22 12:00:00,28,15,13
2021-09-22 13:00:00,33,15,18
2021-09-22 14:00:00,39,22,17
2021-09-22 15:00:00,47,30,17
2021-09-22 16:00:00,80,47,33
2021-09-22 17:00:00,103,66,37
2021-09-22 18:00:00,61,41,20
2021-09-22 19:00:00,33,14,19
2021-09-22 20:00:00,19,9,10
2021-09-22 21:00:00,19,8,11
2021-09-22 22:00:00,8,4,4
2021-09-22 23:00:00,3,0,3
2021-09-23 00:00:00,6,2,4
2021-09-23 01:00:00,1,1,0
2021-09-23 02:00:00,3,1,2
2021-09-23 03:00:00,1,1,0
2021-09-23 04:00:00,2,1,1
2021-09-23 05:00:00,11,2,9
2021-09-23 06:00:00,29,12,17
2021-09-23 07:00:00,47,17,30
2021-09-23 08:00:00,69,25,44
2021-09-23 09:00:00,35,12,23
2021-09-23 10:00:00,27,13,14
2021-09-23 11:00:00,26,18,8
2021-09-23 12:00:00,44,27,17
2021-09-23 13:00:00,54,26,28
2021-09-23 14:00:00,55,32,23
2021-09-23 15:00:00,59,31,28
2021-09-23 16:00:00,76,42,34
2021-09-23 17:00:00,105,72,33
2021-09-23 18:00:00,61,32,29
2021-09-23 19:00:00,30,15,15
2021-09-23 20:00:00,15,9,6
2021-09-23 21:00:00,16,8,8
2021-09-23 22:00:00,10,8,2
2021-09-23 23:00:00,9,4,5
2021-09-24 00:00:00,7,5,2
2021-09-24 01:00:00,1,0,1
2021-09-24 02:00:00,0,0,0
2021-09-24 03:00:00,3,1,2
2021-09-24 04:00:00,1,1,0
2021-09-24 05:00:00,13,4,9
2021-09-24 06:00:00,17,9,8
2021-09-24 07:00:00,46,14,32
2021-09-24 08:00:00,56,24,32
2021-09-24 09:00:00,33,18,15
2021-09-24 10:00:00,24,12,12
2021-09-24 11:00:00,49,25,24
2021-09-24 12:00:00,43,27,16
2021-09-24 13:00:00,43,22,21
2021-09-24 14:00:00,42,28,14
2021-09-24 15:00:00,52,34,18
2021-09-24 16:00:00,82,51,31
2021-09-24 17:00:00,89,43,46
2021-09-24 18:00:00,55,31,24
2021-09-24 19:00:00,33,13,20
2021-09-24 20:00:00,26,16,10
2021-09-24 21:00:00,21,10,11
2021-09-24 22:00:00,27,16,11
2021-09-24 23:00:00,18,6,12
2021-09-25 00:00:00,11,5,6
2021-09-25 01:00:00,4,1,3
2021-09-25 02:00:00,2,1,1
2021-09-25 03:00:00,0,0,0
2021-09-25 04:00:00,1,0,1
2021-09-25 05:00:00,2,0,2
2021-09-25 06:00:00,5,4,1
2021-09-25 07:00:00,5,3,2
2021-09-25 08:00:00,21,9,12
2021-09-25 09:00:00,27,13,14
2021-09-25 10:00:00,36,25,11
2021-09-25 11:00:00,51,36,15
2021-09-25 12:00:00,58,35,23
2021-09-25 13:00:00,45,30,15
2021-09-25 14:00:00,56,26,30
2021-09-25 15:00:00,73,41,32
2021-09-25 16:00:00,62,26,36
2021-09-25 17:00:00,70,40,30
2021-09-25 18:00:00,55,34,21
2021-09-25 19:00:00,30,12,18
2021-09-25 20:00:00,16,5,11
2021-09-25 21:00:00,23,14,9
2021-09-25 22:00:00,19,14,5
2021-09-25 23:00:00,22,11,11
2021-09-26 00:00:00,15,6,9
2021-09-26 01:00:00,9,6,3
2021-09-26 02:00:00,7,3,4
2021-09-26 03:00:00,1,1,0
2021-09-26 04:00:00,1,1,0
2021-09-26 05:00:00,0,0,0
2021-09-26 06:00:00,3,2,1
2021-09-26 07:00:00,6,4,2
2021-09-26 08:00:00,7,1,6
2021-09-26 09:00:00,9,5,4
2021-09-26 10:00:00,30,19,11
2021-09-26 11:00:00,49,23,26
2021-09-26 12:00:00,36,22,14
2021-09-26 13:00:00,24,12,12
2021-09-26 14:00:00,23,13,10
2021-09-26 15:00:00,11,10,1
2021-09-26 16:00:00,6,3,3
2021-09-26 17:00:00,11,5,6
2021-09-26 18:00:00,4,3,1
2021-09-26 19:00:00,4,2,2
2021-09-26 20:00:00,11,7,4
2021-09-26 21:00:00,1,1,0
2021-09-26 22:00:00,1,1,0
2021-09-26 23:00:00,5,4,1
2021-09-27 00:00:00,4,1,3
2021-09-27 01:00:00,3,3,0
2021-09-27 02:00:00,1,0,1
2021-09-27 03:00:00,2,1,1
2021-09-27 04:00:00,0,0,0
2021-09-27 05:00:00,11,3,8
2021-09-27 06:00:00,16,6,10
2021-09-27 07:00:00,35,12,23
2021-09-27 08:00:00,37,11,26
2021-09-27 09:00:00,22,10,12
2021-09-27 10:00:00,17,9,8
2021-09-27 11:00:00,31,22,9
2021-09-27 12:00:00,26,13,13
2021-09-27 13:00:00,32,24,8
2021-09-27 14:00:00,22,13,9
2021-09-27 15:00:00,32,25,7
2021-09-27 16:00:00,42,34,8
2021-09-27 17:00:00,74,41,33
2021-09-27 18:00:00,39,24,15
2021-09-27 19:00:00,23,11,12
2021-09-27 20:00:00,10,3,7
2021-09-27 21:00:00,4,3,1
2021-09-27 22:00:00,26,5,21
2021-09-27 23:00:00,12,2,10
2021-09-28 00:00:00,1,0,1
2021-09-28 01:00:00,3,3,0
2021-09-28 02:00:00,2,0,2
2021-09-28 03:00:00,0,0,0
2021-09-28 04:00:00,3,2,1
2021-09-28 05:00:00,9,1,8
2021-09-28 06:00:00,19,8,11
2021-09-28 07:00:00,38,10,28
2021-09-28 08:00:00,46,15,31
2021-09-28 09:00:00,31,18,13
2021-09-28 10:00:00,23,12,11
2021-09-28 11:00:00,21,10,11
2021-09-28 12:00:00,34,11,23
2021-09-28 13:00:00,31,18,13
2021-09-28 14:00:00,43,30,13
2021-09-28 15:00:00,34,21,13
2021-09-28 16:00:00,65,47,18
2021-09-28 17:00:00,70,54,16
2021-09-28 18:00:00,84,58,26
2021-09-28 19:00:00,34,23,11
2021-09-28 20:00:00,24,6,18
2021-09-28 21:00:00,12,7,5
2021-09-28 22:00:00,40,5,35
2021-09-28 23:00:00,4,0,4
2021-09-29 00:00:00,5,0,5
2021-09-29 01:00:00,2,2,0
2021-09-29 02:00:00,0,0,0
2021-09-29 03:00:00,2,2,0
2021-09-29 04:00:00,1,1,0
2021-09-29 05:00:00,13,1,12
2021-09-29 06:00:00,15,6,9
2021-09-29 07:00:00,41,12,29
2021-09-29 08:00:00,39,14,25
2021-09-29 09:00:00,30,18,12
2021-09-29 10:00:00,16,8,8
2021-09-29 11:00:00,25,11,14
2021-09-29 12:00:00,18,10,8
2021-09-29 13:00:00,35,21,14
2021-09-29 14:00:00,39,24,15
2021-09-29 15:00:00,43,34,9
2021-09-29 16:00:00,57,36,21
2021-09-29 17:00:00,87,62,25
2021-09-29 18:00:00,64,49,15
2021-09-29 19:00:00,36,24,12
2021-09-29 20:00:00,13,6,7
2021-09-29 21:00:00,10,2,8
2021-09-29 22:00:00,49,6,43
2021-09-29 23:00:00,7,1,6
2021-09-30 00:00:00,3,2,1
2021-09-30 01:00:00,1,0,1
2021-09-30 02:00:00,0,0,0
2021-09-30 03:00:00,1,1,0
2021-09-30 04:00:00,1,1,0
2021-09-30 05:00:00,9,1,8
2021-09-30 06:00:00,23,7,16
2021-09-30 07:00:00,40,15,25
2021-09-30 08:00:00,48,13,35
2021-09-30 09:00:00,28,12,16
2021-09-30 10:00:00,20,10,10
2021-09-30 11:00:00,14,6,8
2021-09-30 12:00:00,21,14,7
2021-09-30 13:00:00,19,11,8
2021-09-30 14:00:00,22,12,10
2021-09-30 15:00:00,30,15,15
2021-09-30 16:00:00,46,28,18
2021-09-30 17:00:00,72,49,23
2021-09-30 18:00:00,37,27,10
2021-09-30 19:00:00,27,13,14
2021-09-30 20:00:00,13,5,8
2021-09-30 21:00:00,10,6,4
2021-09-30 22:00:00,5,1,4
2021-09-30 23:00:00,9,6,3
2021-10-01 00:00:00,7,2,5
2021-10-01 01:00:00,2,2,0
2021-10-01 02:00:00,5,0,5
2021-10-01 03:00:00,1,0,1
2021-10-01 04:00:00,1,1,0
2021-10-01 05:00:00,10,3,7
2021-10-01 06:00:00,20,9,11
2021-10-01 07:00:00,42,14,28
2021-10-01 08:00:00,46,21,25
2021-10-01 09:00:00,32,17,15
2021-10-01 10:00:00,30,19,11
2021-10-01 11:00:00,35,10,25
2021-10-01 12:00:00,26,14,12
2021-10-01 13:00:00,60,32,28
2021-10-01 14:00:00,41,22,19
2021-10-01 15:00:00,67,38,29
2021-10-01 16:00:00,64,42,22
2021-10-01 17:00:00,119,74,45
2021-10-01 18:00:00,112,86,26
2021-10-01 19:00:00,49,42,7
2021-10-01 20:00:00,28,17,11
2021-10-01 21:00:00,30,10,20
2021-10-01 22:00:00,84,12,72
2021-10-01 23:00:00,37,7,30
2021-10-02 00:00:00,7,5,2
2021-10-02 01:00:00,4,1,3
2021-10-02 02:00:00,9,3,6
2021-10-02 03:00:00,4,2,2
2021-10-02 04:00:00,1,0,1
2021-10-02 05:00:00,2,1,1
2021-10-02 06:00:00,4,2,2
2021-10-02 07:00:00,10,5,5
2021-10-02 08:00:00,9,3,6
2021-10-02 09:00:00,15,6,9
2021-10-02 10:00:00,26,15,11
2021-10-02 11:00:00,35,23,12
2021-10-02 12:00:00,26,18,8
2021-10-02 13:00:00,45,33,12
2021-10-02 14:00:00,49,27,22
2021-10-02 15:00:00,51,21,30
2021-10-02 16:00:00,82,59,23
2021-10-02 17:00:00,111,95,16
2021-10-02 18:00:00,50,38,12
2021-10-02 19:00:00,26,11,15
2021-10-02 20:00:00,22,8,14
2021-10-02 21:00:00,38,13,25
2021-10-02 22:00:00,78,9,69
2021-10-02 23:00:00,19,6,13
2021-10-03 00:00:00,9,1,8
2021-10-03 01:00:00,4,2,2
2021-10-03 02:00:00,5,2,3
2021-10-03 03:00:00,0,0,0
2021-10-03 04:00:00,1,1,0
2021-10-03 05:00:00,0,0,0
2021-10-03 06:00:00,2,2,0
2021-10-03 07:00:00,4,3,1
2021-10-03 08:00:00,11,5,6
2021-10-03 09:00:00,14,10,4
2021-10-03 10:00:00,32,18,14
2021-10-03 11:00:00,67,56,11
2021-10-03 12:00:00,19,17,2
2021-10-03 13:00:00,26,18,8
2021-10-03 14:00:00,17,7,10
2021-10-03 15:00:00,36,18,18
2021-10-03 16:00:00,93,21,72
2021-10-03 17:00:00,41,20,21
2021-10-03 18:00:00,48,43,5
2021-10-03 19:00:00,19,14,5
2021-10-03 20:00:00,19,5,14
2021-10-03 21:00:00,39,7,32
2021-10-03 22:00:00,6,2,4
2021-10-03 23:00:00,8,1,7
2021-10-04 00:00:00,4,1,3
2021-10-04 01:00:00,2,2,0
2021-10-04 02:00:00,3,0,3
2021-10-04 03:00:00,1,1,0
2021-10-04 04:00:00,1,0,1
2021-10-04 05:00:00,17,5,12
2021-10-04 06:00:00,17,8,9
2021-10-04 07:00:00,43,16,27
2021-10-04 08:00:00,58,14,44
2021-10-04 09:00:00,39,23,16
2021-10-04 10:00:00,28,19,9
2021-10-04 11:00:00,38,22,16
2021-10-04 12:00:00,13,8,5
2021-10-04 13:00:00,32,14,18
2021-10-04 14:00:00,32,21,11
2021-10-04 15:00:00,44,21,23
2021-10-04 16:00:00,60,38,22
2021-10-04 17:00:00,94,55,39
2021-10-04 18:00:00,44,29,15
2021-10-04 19:00:00,22,12,10
2021-10-04 20:00:00,15,11,4
2021-10-04 21:00:00,7,3,4
2021-10-04 22:00:00,6,2,4
2021-10-04 23:00:00,5,2,3
2021-10-05 00:00:00,4,1,3
2021-10-05 01:00:00,3,3,0
2021-10-05 02:00:00,5,1,4
2021-10-05 03:00:00,1,1,0
2021-10-05 04:00:00,4,4,0
2021-10-05 05:00:00,13,4,9
2021-10-05 06:00:00,27,9,18
2021-10-05 07:00:00,32,12,20
2021-10-05 08:00:00,31,10,21
2021-10-05 09:00:00,15,5,10
2021-10-05 10:00:00,18,9,9
2021-10-05 11:00:00,8,5,3
2021-10-05 12:00:00,12,6,6
2021-10-05 13:00:00,15,13,2
2021-10-05 14:00:00,27,15,12
2021-10-05 15:00:00,21,13,8
2021-10-05 16:00:00,46,32,14
2021-10-05 17:00:00,59,40,19
2021-10-05 18:00:00,35,18,17
2021-10-05 19:00:00,16,11,5
2021-10-05 20:00:00,17,8,9
2021-10-05 21:00:00,4,3,1
2021-10-05 22:00:00,8,3,5
2021-10-05 23:00:00,8,2,6
2021-10-06 00:00:00,1,1,0
2021-10-06 01:00:00,0,0,0
2021-10-06 02:00:00,2,0,2
2021-10-06 03:00:00,1,0,1
2021-10-06 04:00:00,1,1,0
2021-10-06 05:00:00,11,1,10
2021-10-06 06:00:00,27,15,12
2021-10-06 07:00:00,42,13,29
2021-10-06 08:00:00,47,15,32
2021-10-06 09:00:00,30,12,18
2021-10-06 10:00:00,25,16,9
2021-10-06 11:00:00,28,19,9
2021-10-06 12:00:00,25,17,8
2021-10-06 13:00:00,19,10,9
2021-10-06 14:00:00,32,17,15
2021-10-06 15:00:00,35,29,6
2021-10-06 16:00:00,61,39,22
2021-10-06 17:00:00,91,50,41
2021-10-06 18:00:00,49,31,18
2021-10-06 19:00:00,23,13,10
2021-10-06 20:00:00,12,4,8
2021-10-06 21:00:00,16,9,7
2021-10-06 22:00:00,9,4,5
2021-10-06 23:00:00,4,3,1
2021-10-07 00:00:00,0,0,0
2021-10-07 01:00:00,3,1,2
2021-10-07 02:00:00,3,1,2
2021-10-07 03:00:00,1,0,1
2021-10-07 04:00:00,1,1,0
2021-10-07 05:00:00,11,2,9
2021-10-07 06:00:00,24,13,11
2021-10-07 07:00:00,51,19,32
2021-10-07 08:00:00,56,20,36
2021-10-07 09:00:00,36,20,16
2021-10-07 10:00:00,30,18,12
2021-10-07 11:00:00,39,23,16
2021-10-07 12:00:00,42,23,19
2021-10-07 13:00:00,44,22,22
2021-10-07 14:00:00,65,38,27
2021-10-07 15:00:00,103,77,26
2021-10-07 16:00:00,198,168,30
2021-10-07 17:00:00,158,121,37
2021-10-07 18:00:00,70,35,35
2021-10-07 19:00:00,34,18,16
2021-10-07 20:00:00,221,20,201
2021-10-07 21:00:00,80,15,65
2021-10-07 22:00:00,22,10,12
2021-10-07 23:00:00,12,6,6
2021-10-08 00:00:00,3,0,3
2021-10-08 01:00:00,5,4,1
2021-10-08 02:00:00,2,1,1
2021-10-08 03:00:00,0,0,0
2021-10-08 04:00:00,2,1,1
2021-10-08 05:00:00,12,4,8
2021-10-08 06:00:00,21,13,8
2021-10-08 07:00:00,30,8,22
2021-10-08 08:00:00,45,13,32
2021-10-08 09:00:00,34,24,10
2021-10-08 10:00:00,30,16,14
2021-10-08 11:00:00,31,23,8
2021-10-08 12:00:00,42,22,20
2021-10-08 13:00:00,43,24,19
2021-10-08 14:00:00,48,30,18
2021-10-08 15:00:00,62,33,29
2021-10-08 16:00:00,77,47,30
2021-10-08 17:00:00,64,41,23
2021-10-08 18:00:00,59,37,22
2021-10-08 19:00:00,42,17,25
2021-10-08 20:00:00,12,8,4
2021-10-08 21:00:00,8,7,1
2021-10-08 22:00:00,16,11,5
2021-10-08 23:00:00,15,2,13
2021-10-09 00:00:00,11,6,5
2021-10-09 01:00:00,4,1,3
2021-10-09 02:00:00,2,0,2
2021-10-09 03:00:00,3,0,3
2021-10-09 04:00:00,0,0,0
2021-10-09 05:00:00,0,0,0
2021-10-09 06:00:00,2,2,0
2021-10-09 07:00:00,11,6,5
2021-10-09 08:00:00,16,14,2
2021-10-09 09:00:00,19,5,14
2021-10-09 10:00:00,16,9,7
2021-10-09 11:00:00,25,20,5
2021-10-09 12:00:00,55,39,16
2021-10-09 13:00:00,49,30,19
2021-10-09 14:00:00,37,20,17
2021-10-09 15:00:00,39,20,19
2021-10-09 16:00:00,63,45,18
2021-10-09 17:00:00,71,45,26
2021-10-09 18:00:00,15,9,6
2021-10-09 19:00:00,12,4,8
2021-10-09 20:00:00,43,5,38
2021-10-09 21:00:00,10,9,1
2021-10-09 22:00:00,16,8,8
2021-10-09 23:00:00,5,3,2
2021-10-10 00:00:00,7,4,3
2021-10-10 01:00:00,3,2,1
2021-10-10 02:00:00,4,3,1
2021-10-10 03:00:00,3,2,1
2021-10-10 04:00:00,0,0,0
2021-10-10 05:00:00,2,1,1
2021-10-10 06:00:00,5,2,3
2021-10-10 07:00:00,2,1,1
2021-10-10 08:00:00,8,4,4
2021-10-10 09:00:00,14,5,9
2021-10-10 10:00:00,7,2,5
2021-10-10 11:00:00,13,6,7
2021-10-10 12:00:00,20,9,11
2021-10-10 13:00:00,21,7,14
2021-10-10 14:00:00,30,13,17
2021-10-10 15:00:00,32,18,14
2021-10-10 16:00:00,29,12,17
2021-10-10 17:00:00,31,19,12
2021-10-10 18:00:00,9,5,4
2021-10-10 19:00:00,12,6,6
2021-10-10 20:00:00,2,0,2
2021-10-10 21:00:00,2,2,0
2021-10-10 22:00:00,9,4,5
2021-10-10 23:00:00,9,2,7
2021-10-11 00:00:00,2,0,2
2021-10-11 01:00:00,3,2,1
2021-10-11 02:00:00,2,0,2
2021-10-11 03:00:00,0,0,0
2021-10-11 04:00:00,3,2,1
2021-10-11 05:00:00,7,1,6
2021-10-11 06:00:00,18,6,12
2021-10-11 07:00:00,40,11,29
2021-10-11 08:00:00,40,16,24
2021-10-11 09:00:00,38,15,23
2021-10-11 10:00:00,26,14,12
2021-10-11 11:00:00,26,19,7
2021-10-11 12:00:00,23,9,14
2021-10-11 13:00:00,18,11,7
2021-10-11 14:00:00,19,15,4
2021-10-11 15:00:00,31,18,13
2021-10-11 16:00:00,47,29,18
2021-10-11 17:00:00,84,49,35
2021-10-11 18:00:00,52,32,20
2021-10-11 19:00:00,34,20,14
2021-10-11 20:00:00,5,4,1
2021-10-11 21:00:00,5,1,4
2021-10-11 22:00:00,2,1,1
2021-10-11 23:00:00,8,2,6
2021-10-12 00:00:00,1,1,0
2021-10-12 01:00:00,4,1,3
2021-10-12 02:00:00,1,1,0
2021-10-12 03:00:00,0,0,0
2021-10-12 04:00:00,1,1,0
2021-10-12 05:00:00,10,4,6
2021-10-12 06:00:00,21,7,14
2021-10-12 07:00:00,49,11,38
2021-10-12 08:00:00,50,19,31
2021-10-12 09:00:00,33,20,13
2021-10-12 10:00:00,18,12,6
2021-10-12 11:00:00,24,14,10
2021-10-12 12:00:00,23,11,12
2021-10-12 13:00:00,23,14,9
2021-10-12 14:00:00,29,19,10
2021-10-12 15:00:00,34,25,9
2021-10-12 16:00:00,66,48,18
2021-10-12 17:00:00,91,58,33
2021-10-12 18:00:00,39,20,19
2021-10-12 19:00:00,14,8,6
2021-10-12 20:00:00,8,7,1
2021-10-12 21:00:00,5,3,2
2021-10-12 22:00:00,4,1,3
2021-10-12 23:00:00,4,1,3
2021-10-13 00:00:00,2,1,1
2021-10-13 01:00:00,5,3,2
2021-10-13 02:00:00,0,0,0
2021-10-13 03:00:00,0,0,0
2021-10-13 04:00:00,1,1,0
2021-10-13 05:00:00,13,3,10
2021-10-13 06:00:00,19,7,12
2021-10-13 07:00:00,37,18,19
2021-10-13 08:00:00,48,15,33
2021-10-13 09:00:00,34,22,12
2021-10-13 10:00:00,18,8,10
2021-10-13 11:00:00,16,7,9
2021-10-13 12:00:00,17,10,7
2021-10-13 13:00:00,24,15,9
2021-10-13 14:00:00,32,20,12
2021-10-13 15:00:00,37,29,8
2021-10-13 16:00:00,68,42,26
2021-10-13 17:00:00,98,56,42
2021-10-13 18:00:00,29,15,14
2021-10-13 19:00:00,22,9,13
2021-10-13 20:00:00,14,6,8
2021-10-13 21:00:00,5,4,1
2021-10-13 22:00:00,5,2,3
2021-10-13 23:00:00,2,1,1
2021-10-14 00:00:00,4,1,3
2021-10-14 01:00:00,0,0,0
2021-10-14 02:00:00,1,1,0
2021-10-14 03:00:00,1,0,1
2021-10-14 04:00:00,3,3,0
2021-10-14 05:00:00,13,2,11
2021-10-14 06:00:00,17,8,9
2021-10-14 07:00:00,50,14,36
2021-10-14 08:00:00,49,17,32
2021-10-14 09:00:00,18,9,9
2021-10-14 10:00:00,15,8,7
2021-10-14 11:00:00,27,16,11
2021-10-14 12:00:00,19,8,11
2021-10-14 13:00:00,31,17,14
2021-10-14 14:00:00,35,24,11
2021-10-14 15:00:00,40,25,15
2021-10-14 16:00:00,51,38,13
2021-10-14 17:00:00,69,47,22
2021-10-14 18:00:00,41,21,20
2021-10-14 19:00:00,23,5,18
2021-10-14 20:00:00,10,5,5
2021-10-14 21:00:00,13,5,8
2021-10-14 22:00:00,7,3,4
2021-10-14 23:00:00,8,2,6
2021-10-15 00:00:00,2,2,0
2021-10-15 01:00:00,3,1,2
2021-10-15 02:00:00,3,3,0
2021-10-15 03:00:00,1,1,0
2021-10-15 04:00:00,1,1,0
2021-10-15 05:00:00,8,2,6
2021-10-15 06:00:00,24,9,15
2021-10-15 07:00:00,38,14,24
2021-10-15 08:00:00,45,20,25
2021-10-15 09:00:00,29,17,12
2021-10-15 10:00:00,24,11,13
2021-10-15 11:00:00,33,18,15
2021-10-15 12:00:00,24,12,12
2021-10-15 13:00:00,26,15,11
2021-10-15 14:00:00,38,18,20
2021-10-15 15:00:00,62,34,28
2021-10-15 16:00:00,69,45,24
2021-10-15 17:00:00,70,40,30
2021-10-15 18:00:00,42,21,21
2021-10-15 19:00:00,21,13,8
2021-10-15 20:00:00,14,3,11
2021-10-15 21:00:00,5,3,2
2021-10-15 22:00:00,11,5,6
2021-10-15 23:00:00,6,4,2
2021-10-16 00:00:00,4,3,1
2021-10-16 01:00:00,2,1,1
2021-10-16 02:00:00,1,0,1
2021-10-16 03:00:00,4,1,3
2021-10-16 04:00:00,1,0,1
2021-10-16 05:00:00,2,1,1
2021-10-16 06:00:00,6,3,3
2021-10-16 07:00:00,8,4,4
2021-10-16 08:00:00,10,7,3
2021-10-16 09:00:00,19,12,7
2021-10-16 10:00:00,13,9,4
2021-10-16 11:00:00,31,11,20
2021-10-16 12:00:00,30,22,8
2021-10-16 13:00:00,33,14,19
2021-10-16 14:00:00,44,26,18
2021-10-16 15:00:00,49,28,21
2021-10-16 16:00:00,56,36,20
2021-10-16 17:00:00,32,10,22
2021-10-16 18:00:00,25,10,15
2021-10-16 19:00:00,23,11,12
2021-10-16 20:00:00,18,10,8
2021-10-16 21:00:00,9,3,6
2021-10-16 22:00:00,17,13,4
2021-10-16 23:00:00,17,7,10
2021-10-17 00:00:00,10,6,4
2021-10-17 01:00:00,7,1,6
2021-10-17 02:00:00,6,2,4
2021-10-17 03:00:00,2,2,0
2021-10-17 04:00:00,2,2,0
2021-10-17 05:00:00,2,2,0
2021-10-17 06:00:00,3,2,1
2021-10-17 07:00:00,3,0,3
2021-10-17 08:00:00,8,3,5
2021-10-17 09:00:00,17,10,7
2021-10-17 10:00:00,21,16,5
2021-10-17 11:00:00,34,17,17
2021-10-17 12:00:00,27,17,10
2021-10-17 13:00:00,34,17,17
2021-10-17 14:00:00,21,10,11
2021-10-17 15:00:00,27,15,12
2021-10-17 16:00:00,30,14,16
2021-10-17 17:00:00,29,19,10
2021-10-17 18:00:00,13,5,8
2021-10-17 19:00:00,12,4,8
2021-10-17 20:00:00,6,3,3
2021-10-17 21:00:00,3,3,0
2021-10-17 22:00:00,4,1,3
2021-10-17 23:00:00,7,5,2
2021-10-18 00:00:00,5,4,1
2021-10-18 01:00:00,3,1,2
2021-10-18 02:00:00,3,1,2
2021-10-18 03:00:00,1,0,1
2021-10-18 04:00:00,1,0,1
2021-10-18 05:00:00,16,5,11
2021-10-18 06:00:00,21,7,14
2021-10-18 07:00:00,40,9,31
2021-10-18 08:00:00,58,22,36
2021-10-18 09:00:00,34,15,19
2021-10-18 10:00:00,13,7,6
2021-10-18 11:00:00,13,9,4
2021-10-18 12:00:00,23,10,13
2021-10-18 13:00:00,19,12,7
2021-10-18 14:00:00,34,16,18
2021-10-18 15:00:00,39,30,9
2021-10-18 16:00:00,52,33,19
2021-10-18 17:00:00,94,61,33
2021-10-18 18:00:00,32,15,17
2021-10-18 19:00:00,24,10,14
2021-10-18 20:00:00,4,1,3
2021-10-18 21:00:00,4,1,3
2021-10-18 22:00:00,6,1,5
2021-10-18 23:00:00,5,2,3
2021-10-19 00:00:00,1,1,0
2021-10-19 01:00:00,5,3,2
2021-10-19 02:00:00,2,1,1
2021-10-19 03:00:00,2,0,2
2021-10-19 04:00:00,3,3,0
2021-10-19 05:00:00,18,5,13
2021-10-19 06:00:00,20,9,11
2021-10-19 07:00:00,60,19,41
2021-10-19 08:00:00,72,22,50
2021-10-19 09:00:00,23,14,9
2021-10-19 10:00:00,17,9,8
2021-10-19 11:00:00,30,16,14
2021-10-19 12:00:00,24,10,14
2021-10-19 13:00:00,33,17,16
2021-10-19 14:00:00,40,25,15
2021-10-19 15:00:00,60,41,19
2021-10-19 16:00:00,80,51,29
2021-10-19 17:00:00,101,64,37
2021-10-19 18:00:00,51,31,20
2021-10-19 19:00:00,26,11,15
2021-10-19 20:00:00,11,7,4
2021-10-19 21:00:00,14,8,6
2021-10-19 22:00:00,3,0,3
2021-10-19 23:00:00,12,4,8
2021-10-20 00:00:00,2,2,0
2021-10-20 01:00:00,0,0,0
2021-10-20 02:00:00,0,0,0
2021-10-20 03:00:00,2,2,0
2021-10-20 04:00:00,1,1,0
2021-10-20 05:00:00,9,0,9
2021-10-20 06:00:00,15,6,9
2021-10-20 07:00:00,29,9,20
2021-10-20 08:00:00,45,20,25
2021-10-20 09:00:00,18,6,12
2021-10-20 10:00:00,19,8,11
2021-10-20 11:00:00,15,5,10
2021-10-20 12:00:00,10,6,4
2021-10-20 13:00:00,12,7,5
2021-10-20 14:00:00,24,13,11
2021-10-20 15:00:00,31,21,10
2021-10-20 16:00:00,52,36,16
2021-10-20 17:00:00,72,43,29
2021-10-20 18:00:00,29,18,11
2021-10-20 19:00:00,27,10,17
2021-10-20 20:00:00,6,4,2
2021-10-20 21:00:00,11,4,7
2021-10-20 22:00:00,7,3,4
2021-10-20 23:00:00,6,3,3
2021-10-21 00:00:00,2,1,1
2021-10-21 01:00:00,3,2,1
2021-10-21 02:00:00,5,2,3
2021-10-21 03:00:00,3,2,1
2021-10-21 04:00:00,2,2,0
2021-10-21 05:00:00,14,3,11
2021-10-21 06:00:00,19,7,12
2021-10-21 07:00:00,37,12,25
2021-10-21 08:00:00,46,17,29
2021-10-21 09:00:00,27,12,15
2021-10-21 10:00:00,22,9,13
2021-10-21 11:00:00,30,17,13
2021-10-21 12:00:00,29,19,10
2021-10-21 13:00:00,27,11,16
2021-10-21 14:00:00,40,29,11
2021-10-21 15:00:00,31,24,7
2021-10-21 16:00:00,45,31,14
2021-10-21 17:00:00,79,55,24
2021-10-21 18:00:00,42,19,23
2021-10-21 19:00:00,12,5,7
2021-10-21 20:00:00,8,2,6
2021-10-21 21:00:00,3,0,3
2021-10-21 22:00:00,7,4,3
2021-10-21 23:00:00,3,1,2
2021-10-22 00:00:00,0,0,0
2021-10-22 01:00:00,0,0,0
2021-10-22 02:00:00,1,0,1
2021-10-22 03:00:00,0,0,0
2021-10-22 04:00:00,1,1,0
2021-10-22 05:00:00,12,6,6
2021-10-22 06:00:00,15,4,11
2021-10-22 07:00:00,31,10,21
2021-10-22 08:00:00,41,13,28
2021-10-22 09:00:00,23,13,10
2021-10-22 10:00:00,11,5,6
2021-10-22 11:00:00,7,2,5
2021-10-22 12:00:00,19,14,5
2021-10-22 13:00:00,21,11,10
2021-10-22 14:00:00,28,17,11
2021-10-22 15:00:00,50,34,16
2021-10-22 16:00:00,43,24,19
2021-10-22 17:00:00,45,27,18
2021-10-22 18:00:00,29,16,13
2021-10-22 19:00:00,13,5,8
2021-10-22 20:00:00,12,9,3
2021-10-22 21:00:00,26,20,6
2021-10-22 22:00:00,7,5,2
2021-10-22 23:00:00,13,5,8
2021-10-23 00:00:00,6,4,2
2021-10-23 01:00:00,3,2,1
2021-10-23 02:00:00,5,1,4
2021-10-23 03:00:00,3,0,3
2021-10-23 04:00:00,2,2,0
2021-10-23 05:00:00,3,1,2
2021-10-23 06:00:00,2,2,0
2021-10-23 07:00:00,6,2,4
2021-10-23 08:00:00,8,3,5
2021-10-23 09:00:00,23,9,14
2021-10-23 10:00:00,25,16,9
2021-10-23 11:00:00,33,21,12
2021-10-23 12:00:00,61,47,14
2021-10-23 13:00:00,20,16,4
2021-10-23 14:00:00,24,10,14
2021-10-23 15:00:00,73,28,45
2021-10-23 16:00:00,31,13,18
2021-10-23 17:00:00,26,15,11
2021-10-23 18:00:00,31,17,14
2021-10-23 19:00:00,7,2,5
2021-10-23 20:00:00,12,2,10
2021-10-23 21:00:00,13,8,5
2021-10-23 22:00:00,18,13,5
2021-10-23 23:00:00,13,6,7
2021-10-24 00:00:00,8,6,2
2021-10-24 01:00:00,3,1,2
2021-10-24 02:00:00,3,1,2
2021-10-24 03:00:00,0,0,0
2021-10-24 04:00:00,1,0,1
2021-10-24 05:00:00,1,1,0
2021-10-24 06:00:00,1,1,0
2021-10-24 07:00:00,7,5,2
2021-10-24 08:00:00,4,1,3
2021-10-24 09:00:00,12,2,10
2021-10-24 10:00:00,2,1,1
2021-10-24 11:00:00,12,5,7
2021-10-24 12:00:00,23,10,13
2021-10-24 13:00:00,8,5,3
2021-10-24 14:00:00,1,1,0
2021-10-24 15:00:00,11,4,7
2021-10-24 16:00:00,19,11,8
2021-10-24 17:00:00,22,12,10
2021-10-24 18:00:00,9,5,4
2021-10-24 19:00:00,16,2,14
2021-10-24 20:00:00,13,10,3
2021-10-24 21:00:00,10,5,5
2021-10-24 22:00:00,6,1,5
2021-10-24 23:00:00,6,1,5
2021-10-25 00:00:00,1,1,0
2021-10-25 01:00:00,1,0,1
2021-10-25 02:00:00,0,0,0
2021-10-25 03:00:00,2,1,1
2021-10-25 04:00:00,1,1,0
2021-10-25 05:00:00,6,3,3
2021-10-25 06:00:00,13,6,7
2021-10-25 07:00:00,39,11,28
2021-10-25 08:00:00,35,14,21
2021-10-25 09:00:00,24,12,12
2021-10-25 10:00:00,18,12,6
2021-10-25 11:00:00,18,9,9
2021-10-25 12:00:00,20,7,13
2021-10-25 13:00:00,34,23,11
2021-10-25 14:00:00,38,28,10
2021-10-25 15:00:00,77,66,11
2021-10-25 16:00:00,92,87,5
2021-10-25 17:00:00,69,53,16
2021-10-25 18:00:00,19,10,9
2021-10-25 19:00:00,25,6,19
2021-10-25 20:00:00,120,5,115
2021-10-25 21:00:00,45,14,31
2021-10-25 22:00:00,9,2,7
2021-10-25 23:00:00,3,0,3
2021-10-26 00:00:00,3,1,2
2021-10-26 01:00:00,0,0,0
2021-10-26 02:00:00,3,2,1
2021-10-26 03:00:00,0,0,0
2021-10-26 04:00:00,1,1,0
2021-10-26 05:00:00,6,2,4
2021-10-26 06:00:00,12,5,7
2021-10-26 07:00:00,45,13,32
2021-10-26 08:00:00,36,11,25
2021-10-26 09:00:00,20,9,11
2021-10-26 10:00:00,27,11,16
2021-10-26 11:00:00,14,5,9
2021-10-26 12:00:00,12,6,6
2021-10-26 13:00:00,12,7,5
2021-10-26 14:00:00,14,10,4
2021-10-26 15:00:00,30,21,9
2021-10-26 16:00:00,50,31,19
2021-10-26 17:00:00,63,41,22
2021-10-26 18:00:00,34,18,16
2021-10-26 19:00:00,17,7,10
2021-10-26 20:00:00,4,2,2
2021-10-26 21:00:00,4,0,4
2021-10-26 22:00:00,16,12,4
2021-10-26 23:00:00,8,3,5
2021-10-27 00:00:00,5,3,2
2021-10-27 01:00:00,2,2,0
2021-10-27 02:00:00,2,2,0
2021-10-27 03:00:00,1,1,0
2021-10-27 04:00:00,0,0,0
2021-10-27 05:00:00,9,2,7
2021-10-27 06:00:00,22,6,16
2021-10-27 07:00:00,42,15,27
2021-10-27 08:00:00,54,29,25
2021-10-27 09:00:00,29,16,13
2021-10-27 10:00:00,19,4,15
2021-10-27 11:00:00,20,11,9
2021-10-27 12:00:00,25,8,17
2021-10-27 13:00:00,20,9,11
2021-10-27 14:00:00,33,21,12
2021-10-27 15:00:00,34,24,10
2021-10-27 16:00:00,50,31,19
2021-10-27 17:00:00,82,51,31
2021-10-27 18:00:00,29,19,10
2021-10-27 19:00:00,13,7,6
2021-10-27 20:00:00,8,0,8
2021-10-27 21:00:00,8,5,3
2021-10-27 22:00:00,9,5,4
2021-10-27 23:00:00,2,1,1
2021-10-28 00:00:00,5,0,5
2021-10-28 01:00:00,1,1,0
2021-10-28 02:00:00,5,3,2
2021-10-28 03:00:00,0,0,0
2021-10-28 04:00:00,1,1,0
2021-10-28 05:00:00,8,2,6
2021-10-28 06:00:00,18,5,13
2021-10-28 07:00:00,28,6,22
2021-10-28 08:00:00,28,9,19
2021-10-28 09:00:00,22,13,9
2021-10-28 10:00:00,12,6,6
2021-10-28 11:00:00,10,7,3
2021-10-28 12:00:00,16,12,4
2021-10-28 13:00:00,10,6,4
2021-10-28 14:00:00,16,9,7
2021-10-28 15:00:00,21,13,8
2021-10-28 16:00:00,38,25,13
2021-10-28 17:00:00,56,36,20
2021-10-28 18:00:00,20,14,6
2021-10-28 19:00:00,3,0,3
2021-10-28 20:00:00,6,3,3
2021-10-28 21:00:00,5,3,2
2021-10-28 22:00:00,7,5,2
2021-10-28 23:00:00,6,4,2
2021-10-29 00:00:00,0,0,0
2021-10-29 01:00:00,0,0,0
2021-10-29 02:00:00,1,0,1
2021-10-29 03:00:00,0,0,0
2021-10-29 04:00:00,4,4,0
2021-10-29 05:00:00,4,2,2
2021-10-29 06:00:00,18,6,12
2021-10-29 07:00:00,29,10,19
2021-10-29 08:00:00,27,6,21
2021-10-29 09:00:00,13,7,6
2021-10-29 10:00:00,14,10,4
2021-10-29 11:00:00,17,8,9
2021-10-29 12:00:00,34,23,11
2021-10-29 13:00:00,25,15,10
2021-10-29 14:00:00,24,13,11
2021-10-29 15:00:00,43,32,11
2021-10-29 16:00:00,52,31,21
2021-10-29 17:00:00,53,32,21
2021-10-29 18:00:00,34,16,18
2021-10-29 19:00:00,19,13,6
2021-10-29 20:00:00,7,4,3
2021-10-29 21:00:00,4,4,0
2021-10-29 22:00:00,9,5,4
2021-10-29 23:00:00,7,2,5
2021-10-30 00:00:00,17,8,9
2021-10-30 01:00:00,1,1,0
2021-10-30 02:00:00,6,3,3
2021-10-30 03:00:00,3,2,1
2021-10-30 04:00:00,1,1,0
2021-10-30 05:00:00,3,2,1
2021-10-30 06:00:00,2,2,0
2021-10-30 07:00:00,8,5,3
2021-10-30 08:00:00,9,4,5
2021-10-30 09:00:00,16,14,2
2021-10-30 10:00:00,20,9,11
2021-10-30 11:00:00,23,14,9
2021-10-30 12:00:00,47,33,14
2021-10-30 13:00:00,37,20,17
2021-10-30 14:00:00,41,10,31
2021-10-30 15:00:00,54,30,24
2021-10-30 16:00:00,48,18,30
2021-10-30 17:00:00,47,26,21
2021-10-30 18:00:00,31,13,18
2021-10-30 19:00:00,12,7,5
2021-10-30 20:00:00,15,8,7
2021-10-30 21:00:00,2,1,1
2021-10-30 22:00:00,12,3,9
2021-10-30 23:00:00,14,8,6
2021-11-01 00:00:00,3,2,1
2021-11-01 01:00:00,2,1,1
2021-11-01 02:00:00,3,2,1
2021-11-01 03:00:00,2,1,1
2021-11-01 04:00:00,1,1,0
2021-11-01 05:00:00,9,3,6
2021-11-01 06:00:00,25,9,16
2021-11-01 07:00:00,42,12,30
2021-11-01 08:00:00,49,15,34
2021-11-01 09:00:00,28,15,13
2021-11-01 10:00:00,14,7,7
2021-11-01 11:00:00,25,16,9
2021-11-01 12:00:00,19,10,9
2021-11-01 13:00:00,22,15,7
2021-11-01 14:00:00,26,17,9
2021-11-01 15:00:00,29,23,6
2021-11-01 16:00:00,45,35,10
2021-11-01 17:00:00,65,48,17
2021-11-01 18:00:00,55,39,16
2021-11-01 19:00:00,15,10,5
2021-11-01 20:00:00,13,6,7
2021-11-01 21:00:00,40,4,36
2021-11-01 22:00:00,11,3,8
2021-11-01 23:00:00,7,3,4
2021-11-02 00:00:00,0,0,0
2021-11-02 01:00:00,1,1,0
2021-11-02 02:00:00,0,0,0
2021-11-02 03:00:00,2,1,1
2021-11-02 04:00:00,2,2,0
2021-11-02 05:00:00,12,4,8
2021-11-02 06:00:00,18,3,15
2021-11-02 07:00:00,43,14,29
2021-11-02 08:00:00,57,13,44
2021-11-02 09:00:00,37,21,16
2021-11-02 10:00:00,26,11,15
2021-11-02 11:00:00,20,12,8
2021-11-02 12:00:00,14,6,8
2021-11-02 13:00:00,16,8,8
2021-11-02 14:00:00,20,13,7
2021-11-02 15:00:00,33,20,13
2021-11-02 16:00:00,53,40,13
2021-11-02 17:00:00,68,45,23
2021-11-02 18:00:00,42,25,17
2021-11-02 19:00:00,13,6,7
2021-11-02 20:00:00,5,1,4
2021-11-02 21:00:00,6,3,3
2021-11-02 22:00:00,6,4,2
2021-11-02 23:00:00,9,2,7
2021-11-03 00:00:00,3,1,2
2021-11-03 01:00:00,1,1,0
2021-11-03 02:00:00,1,1,0
2021-11-03 03:00:00,2,1,1
2021-11-03 04:00:00,5,2,3
2021-11-03 05:00:00,14,1,13
2021-11-03 06:00:00,21,7,14
2021-11-03 07:00:00,39,9,30
2021-11-03 08:00:00,44,15,29
2021-11-03 09:00:00,28,11,17
2021-11-03 10:00:00,16,8,8
2021-11-03 11:00:00,17,12,5
2021-11-03 12:00:00,20,10,10
2021-11-03 13:00:00,23,9,14
2021-11-03 14:00:00,32,20,12
2021-11-03 15:00:00,38,22,16
2021-11-03 16:00:00,63,43,20
2021-11-03 17:00:00,87,55,32
2021-11-03 18:00:00,40,27,13
2021-11-03 19:00:00,16,6,10
2021-11-03 20:00:00,10,6,4
2021-11-03 21:00:00,7,3,4
2021-11-03 22:00:00,10,7,3
2021-11-03 23:00:00,7,0,7
2021-11-04 00:00:00,4,2,2
2021-11-04 01:00:00,0,0,0
2021-11-04 02:00:00,3,2,1
2021-11-04 03:00:00,0,0,0
2021-11-04 04:00:00,2,2,0
2021-11-04 05:00:00,9,3,6
2021-11-04 06:00:00,15,4,11
2021-11-04 07:00:00,35,6,29
2021-11-04 08:00:00,30,12,18
2021-11-04 09:00:00,16,7,9
2021-11-04 10:00:00,12,10,2
2021-11-04 11:00:00,15,3,12
2021-11-04 12:00:00,6,3,3
2021-11-04 13:00:00,23,7,16
2021-11-04 14:00:00,16,10,6
2021-11-04 15:00:00,26,14,12
2021-11-04 16:00:00,53,39,14
2021-11-04 17:00:00,46,33,13
2021-11-04 18:00:00,38,26,12
2021-11-04 19:00:00,16,8,8
2021-11-04 20:00:00,5,2,3
2021-11-04 21:00:00,8,6,2
2021-11-04 22:00:00,11,7,4
2021-11-04 23:00:00,7,4,3
2021-11-05 00:00:00,1,1,0
2021-11-05 01:00:00,3,0,3
2021-11-05 02:00:00,1,1,0
2021-11-05 03:00:00,3,2,1
2021-11-05 04:00:00,2,1,1
2021-11-05 05:00:00,10,2,8
2021-11-05 06:00:00,14,5,9
2021-11-05 07:00:00,28,6,22
2021-11-05 08:00:00,26,9,17
2021-11-05 09:00:00,22,10,12
2021-11-05 10:00:00,18,9,9
2021-11-05 11:00:00,19,13,6
2021-11-05 12:00:00,24,11,13
2021-11-05 13:00:00,22,9,13
2021-11-05 14:00:00,24,15,9
2021-11-05 15:00:00,40,26,14
2021-11-05 16:00:00,65,37,28
2021-11-05 17:00:00,51,29,22
2021-11-05 18:00:00,38,23,15
2021-11-05 19:00:00,15,8,7
2021-11-05 20:00:00,24,10,14
2021-11-05 21:00:00,15,8,7
2021-11-05 22:00:00,9,3,6
2021-11-05 23:00:00,13,9,4
2021-11-06 00:00:00,15,5,10
2021-11-06 01:00:00,6,3,3
2021-11-06 02:00:00,2,1,1
2021-11-06 03:00:00,1,0,1
2021-11-06 04:00:00,1,1,0
2021-11-06 05:00:00,3,1,2
2021-11-06 06:00:00,4,3,1
2021-11-06 07:00:00,8,3,5
2021-11-06 08:00:00,4,2,2
2021-11-06 09:00:00,8,3,5
2021-11-06 10:00:00,11,5,6
2021-11-06 11:00:00,6,2,4
2021-11-06 12:00:00,12,3,9
2021-11-06 13:00:00,28,17,11
2021-11-06 14:00:00,11,4,7
2021-11-06 15:00:00,21,13,8
2021-11-06 16:00:00,22,13,9
2021-11-06 17:00:00,13,7,6
2021-11-06 18:00:00,10,5,5
2021-11-06 19:00:00,3,2,1
2021-11-06 20:00:00,3,2,1
2021-11-06 21:00:00,2,2,0
2021-11-06 22:00:00,6,4,2
2021-11-06 23:00:00,6,3,3
2021-11-07 00:00:00,3,3,0
2021-11-07 01:00:00,8,2,6
2021-11-07 02:00:00,0,0,0
2021-11-07 03:00:00,1,0,1
2021-11-07 04:00:00,0,0,0
2021-11-07 05:00:00,2,2,0
2021-11-07 06:00:00,3,3,0
2021-11-07 07:00:00,9,3,6
2021-11-07 08:00:00,8,4,4
2021-11-07 09:00:00,8,6,2
2021-11-07 10:00:00,10,8,2
2021-11-07 11:00:00,6,2,4
2021-11-07 12:00:00,13,5,8
2021-11-07 13:00:00,7,3,4
2021-11-07 14:00:00,11,4,7
2021-11-07 15:00:00,12,5,7
2021-11-07 16:00:00,11,9,2
2021-11-07 17:00:00,7,5,2
2021-11-07 18:00:00,10,5,5
2021-11-07 19:00:00,6,5,1
2021-11-07 20:00:00,9,5,4
2021-11-07 21:00:00,8,5,3
2021-11-07 22:00:00,4,2,2
2021-11-07 23:00:00,2,1,1
2021-11-08 00:00:00,3,2,1
2021-11-08 01:00:00,0,0,0
2021-11-08 02:00:00,0,0,0
2021-11-08 03:00:00,2,0,2
2021-11-08 04:00:00,1,1,0
2021-11-08 05:00:00,15,4,11
2021-11-08 06:00:00,21,10,11
2021-11-08 07:00:00,43,10,33
2021-11-08 08:00:00,53,19,34
2021-11-08 09:00:00,36,14,22
2021-11-08 10:00:00,19,14,5
2021-11-08 11:00:00,15,5,10
2021-11-08 12:00:00,16,8,8
2021-11-08 13:00:00,33,12,21
2021-11-08 14:00:00,39,18,21
2021-11-08 15:00:00,41,31,10
2021-11-08 16:00:00,62,43,19
2021-11-08 17:00:00,84,49,35
2021-11-08 18:00:00,36,23,13
2021-11-08 19:00:00,6,3,3
2021-11-08 20:00:00,8,5,3
2021-11-08 21:00:00,7,2,5
2021-11-08 22:00:00,4,3,1
2021-11-08 23:00:00,7,5,2
2021-11-09 00:00:00,1,1,0
2021-11-09 01:00:00,0,0,0
2021-11-09 02:00:00,0,0,0
2021-11-09 03:00:00,0,0,0
2021-11-09 04:00:00,2,2,0
2021-11-09 05:00:00,14,2,12
2021-11-09 06:00:00,13,2,11
2021-11-09 07:00:00,39,14,25
2021-11-09 08:00:00,39,12,27
2021-11-09 09:00:00,43,14,29
2021-11-09 10:00:00,16,8,8
2021-11-09 11:00:00,17,11,6
2021-11-09 12:00:00,26,10,16
2021-11-09 13:00:00,20,10,10
2021-11-09 14:00:00,23,16,7
2021-11-09 15:00:00,21,17,4
2021-11-09 16:00:00,35,29,6
2021-11-09 17:00:00,46,19,27
2021-11-09 18:00:00,29,17,12
2021-11-09 19:00:00,10,5,5
2021-11-09 20:00:00,3,3,0
2021-11-09 21:00:00,7,3,4
2021-11-09 22:00:00,5,2,3
2021-11-09 23:00:00,5,1,4
2021-11-10 00:00:00,2,1,1
2021-11-10 01:00:00,1,0,1
2021-11-10 02:00:00,1,1,0
2021-11-10 03:00:00,0,0,0
2021-11-10 04:00:00,2,2,0
2021-11-10 05:00:00,10,2,8
2021-11-10 06:00:00,21,10,11
2021-11-10 07:00:00,42,12,30
2021-11-10 08:00:00,66,21,45
2021-11-10 09:00:00,29,15,14
2021-11-10 10:00:00,12,6,6
2021-11-10 11:00:00,28,12,16
2021-11-10 12:00:00,31,15,16
2021-11-10 13:00:00,37,20,17
2021-11-10 14:00:00,40,28,12
2021-11-10 15:00:00,51,37,14
2021-11-10 16:00:00,71,52,19
2021-11-10 17:00:00,82,41,41
2021-11-10 18:00:00,38,23,15
2021-11-10 19:00:00,14,6,8
2021-11-10 20:00:00,9,6,3
2021-11-10 21:00:00,7,5,2
2021-11-10 22:00:00,5,2,3
2021-11-10 23:00:00,7,4,3
2021-11-11 00:00:00,1,0,1
2021-11-11 01:00:00,2,1,1
2021-11-11 02:00:00,0,0,0
2021-11-11 03:00:00,0,0,0
2021-11-11 04:00:00,1,1,0
2021-11-11 05:00:00,12,2,10
2021-11-11 06:00:00,13,4,9
2021-11-11 07:00:00,37,12,25
2021-11-11 08:00:00,25,7,18
2021-11-11 09:00:00,17,8,9
2021-11-11 10:00:00,13,8,5
2021-11-11 11:00:00,13,8,5
2021-11-11 12:00:00,9,4,5
2021-11-11 13:00:00,10,6,4
2021-11-11 14:00:00,17,12,5
2021-11-11 15:00:00,25,13,12
2021-11-11 16:00:00,31,19,12
2021-11-11 17:00:00,25,14,11
2021-11-11 18:00:00,16,10,6
2021-11-11 19:00:00,8,4,4
2021-11-11 20:00:00,3,2,1
2021-11-11 21:00:00,3,1,2
2021-11-11 22:00:00,6,5,1
2021-11-11 23:00:00,2,1,1
2021-11-12 00:00:00,1,1,0
2021-11-12 01:00:00,0,0,0
2021-11-12 02:00:00,1,0,1
2021-11-12 03:00:00,0,0,0
2021-11-12 04:00:00,0,0,0
2021-11-12 05:00:00,10,4,6
2021-11-12 06:00:00,18,4,14
2021-11-12 07:00:00,20,5,15
2021-11-12 08:00:00,21,4,17
2021-11-12 09:00:00,22,11,11
2021-11-12 10:00:00,9,5,4
2021-11-12 11:00:00,15,7,8
2021-11-12 12:00:00,10,5,5
2021-11-12 13:00:00,13,8,5
2021-11-12 14:00:00,21,14,7
2021-11-12 15:00:00,30,20,10
2021-11-12 16:00:00,39,29,10
2021-11-12 17:00:00,41,25,16
2021-11-12 18:00:00,19,9,10
2021-11-12 19:00:00,19,9,10
2021-11-12 20:00:00,5,3,2
2021-11-12 21:00:00,7,6,1
2021-11-12 22:00:00,10,5,5
2021-11-12 23:00:00,13,6,7
2021-11-13 00:00:00,7,2,5
2021-11-13 01:00:00,3,0,3
2021-11-13 02:00:00,5,1,4
2021-11-13 03:00:00,0,0,0
2021-11-13 04:00:00,0,0,0
2021-11-13 05:00:00,5,2,3
2021-11-13 06:00:00,3,2,1
2021-11-13 07:00:00,12,8,4
2021-11-13 08:00:00,13,7,6
2021-11-13 09:00:00,21,11,10
2021-11-13 10:00:00,18,9,9
2021-11-13 11:00:00,21,10,11
2021-11-13 12:00:00,31,19,12
2021-11-13 13:00:00,42,18,24
2021-11-13 14:00:00,39,19,20
2021-11-13 15:00:00,40,16,24
2021-11-13 16:00:00,21,9,12
2021-11-13 17:00:00,11,3,8
2021-11-13 18:00:00,10,5,5
2021-11-13 19:00:00,7,2,5
2021-11-13 20:00:00,6,5,1
2021-11-13 21:00:00,5,5,0
2021-11-13 22:00:00,3,2,1
2021-11-13 23:00:00,5,1,4
2021-11-14 00:00:00,1,1,0
2021-11-14 01:00:00,6,2,4
2021-11-14 02:00:00,2,0,2
2021-11-14 03:00:00,2,1,1
2021-11-14 04:00:00,0,0,0
2021-11-14 05:00:00,3,1,2
2021-11-14 06:00:00,1,0,1
2021-11-14 07:00:00,3,1,2
2021-11-14 08:00:00,5,2,3
2021-11-14 09:00:00,20,16,4
2021-11-14 10:00:00,7,1,6
2021-11-14 11:00:00,6,4,2
2021-11-14 12:00:00,9,5,4
2021-11-14 13:00:00,7,2,5
2021-11-14 14:00:00,11,5,6
2021-11-14 15:00:00,15,12,3
2021-11-14 16:00:00,15,6,9
2021-11-14 17:00:00,7,3,4
2021-11-14 18:00:00,13,8,5
2021-11-14 19:00:00,4,2,2
2021-11-14 20:00:00,3,0,3
2021-11-14 21:00:00,4,2,2
2021-11-14 22:00:00,1,1,0
2021-11-14 23:00:00,2,1,1
2021-11-15 00:00:00,1,1,0
2021-11-15 01:00:00,0,0,0
2021-11-15 02:00:00,0,0,0
2021-11-15 03:00:00,1,0,1
2021-11-15 04:00:00,2,2,0
2021-11-15 05:00:00,10,1,9
2021-11-15 06:00:00,25,11,14
2021-11-15 07:00:00,29,8,21
2021-11-15 08:00:00,22,15,7
2021-11-15 09:00:00,23,8,15
2021-11-15 10:00:00,13,4,9
2021-11-15 11:00:00,6,3,3
2021-11-15 12:00:00,10,5,5
2021-11-15 13:00:00,10,5,5
2021-11-15 14:00:00,9,5,4
2021-11-15 15:00:00,28,18,10
2021-11-15 16:00:00,42,30,12
2021-11-15 17:00:00,43,26,17
2021-11-15 18:00:00,20,13,7
2021-11-15 19:00:00,11,3,8
2021-11-15 20:00:00,0,0,0
2021-11-15 21:00:00,4,1,3
2021-11-15 22:00:00,2,0,2
2021-11-15 23:00:00,2,1,1
2021-11-16 00:00:00,0,0,0
2021-11-16 01:00:00,0,0,0
2021-11-16 02:00:00,1,1,0
2021-11-16 03:00:00,0,0,0
2021-11-16 04:00:00,1,1,0
2021-11-16 05:00:00,20,6,14
2021-11-16 06:00:00,20,8,12
2021-11-16 07:00:00,45,14,31
2021-11-16 08:00:00,47,25,22
2021-11-16 09:00:00,32,11,21
2021-11-16 10:00:00,32,14,18
2021-11-16 11:00:00,19,8,11
2021-11-16 12:00:00,17,9,8
2021-11-16 13:00:00,22,11,11
2021-11-16 14:00:00,38,23,15
2021-11-16 15:00:00,49,30,19
2021-11-16 16:00:00,71,51,20
2021-11-16 17:00:00,67,39,28
2021-11-16 18:00:00,31,17,14
2021-11-16 19:00:00,16,7,9
2021-11-16 20:00:00,2,1,1
2021-11-16 21:00:00,7,0,7
2021-11-16 22:00:00,4,0,4
2021-11-16 23:00:00,3,0,3
2021-11-17 00:00:00,0,0,0
2021-11-17 01:00:00,1,0,1
2021-11-17 02:00:00,0,0,0
2021-11-17 03:00:00,0,0,0
2021-11-17 04:00:00,1,1,0
2021-11-17 05:00:00,11,2,9
2021-11-17 06:00:00,21,9,12
2021-11-17 07:00:00,36,13,23
2021-11-17 08:00:00,36,11,25
2021-11-17 09:00:00,27,16,11
2021-11-17 10:00:00,16,5,11
2021-11-17 11:00:00,19,8,11
2021-11-17 12:00:00,26,13,13
2021-11-17 13:00:00,21,9,12
2021-11-17 14:00:00,36,24,12
2021-11-17 15:00:00,36,24,12
2021-11-17 16:00:00,65,41,24
2021-11-17 17:00:00,65,46,19
2021-11-17 18:00:00,33,21,12
2021-11-17 19:00:00,8,2,6
2021-11-17 20:00:00,5,0,5
2021-11-17 21:00:00,5,1,4
2021-11-17 22:00:00,4,3,1
2021-11-17 23:00:00,4,4,0
2021-11-18 00:00:00,2,1,1
2021-11-18 01:00:00,2,1,1
2021-11-18 02:00:00,0,0,0
2021-11-18 03:00:00,1,0,1
2021-11-18 04:00:00,2,1,1
2021-11-18 05:00:00,2,1,1
2021-11-18 06:00:00,34,12,22
2021-11-18 07:00:00,39,14,25
2021-11-18 08:00:00,45,17,28
2021-11-18 09:00:00,23,10,13
2021-11-18 10:00:00,17,7,10
2021-11-18 11:00:00,20,10,10
2021-11-18 12:00:00,14,4,10
2021-11-18 13:00:00,22,11,11
2021-11-18 14:00:00,21,16,5
2021-11-18 15:00:00,29,21,8
2021-11-18 16:00:00,37,27,10
2021-11-18 17:00:00,43,22,21
2021-11-18 18:00:00,22,14,8
2021-11-18 19:00:00,7,2,5
2021-11-18 20:00:00,8,5,3
2021-11-18 21:00:00,2,1,1
2021-11-18 22:00:00,1,0,1
2021-11-18 23:00:00,1,0,1
2021-11-19 00:00:00,1,1,0
2021-11-19 01:00:00,1,0,1
2021-11-19 02:00:00,0,0,0
2021-11-19 03:00:00,0,0,0
2021-11-19 04:00:00,0,0,0
2021-11-19 05:00:00,7,2,5
2021-11-19 06:00:00,17,8,9
2021-11-19 07:00:00,28,10,18
2021-11-19 08:00:00,28,9,19
2021-11-19 09:00:00,22,8,14
2021-11-19 10:00:00,11,5,6
2021-11-19 11:00:00,10,7,3
2021-11-19 12:00:00,21,11,10
2021-11-19 13:00:00,17,12,5
2021-11-19 14:00:00,46,33,13
2021-11-19 15:00:00,38,22,16
2021-11-19 16:00:00,51,32,19
2021-11-19 17:00:00,47,31,16
2021-11-19 18:00:00,24,12,12
2021-11-19 19:00:00,9,4,5
2021-11-19 20:00:00,10,3,7
2021-11-19 21:00:00,7,5,2
2021-11-19 22:00:00,18,16,2
2021-11-19 23:00:00,9,5,4
2021-11-20 00:00:00,2,1,1
2021-11-20 01:00:00,2,1,1
2021-11-20 02:00:00,1,1,0
2021-11-20 03:00:00,1,0,1
2021-11-20 04:00:00,0,0,0
2021-11-20 05:00:00,4,2,2
2021-11-20 06:00:00,4,4,0
2021-11-20 07:00:00,9,3,6
2021-11-20 08:00:00,6,3,3
2021-11-20 09:00:00,18,13,5
2021-11-20 10:00:00,24,19,5
2021-11-20 11:00:00,25,13,12
2021-11-20 12:00:00,41,19,22
2021-11-20 13:00:00,42,35,7
2021-11-20 14:00:00,38,18,20
2021-11-20 15:00:00,41,22,19
2021-11-20 16:00:00,20,3,17
2021-11-20 17:00:00,23,14,9
2021-11-20 18:00:00,18,12,6
2021-11-20 19:00:00,12,7,5
2021-11-20 20:00:00,13,9,4
2021-11-20 21:00:00,6,3,3
2021-11-20 22:00:00,8,4,4
2021-11-20 23:00:00,10,4,6
2021-11-21 00:00:00,3,1,2
2021-11-21 01:00:00,4,2,2
2021-11-21 02:00:00,1,0,1
2021-11-21 03:00:00,2,2,0
2021-11-21 04:00:00,2,1,1
2021-11-21 05:00:00,2,2,0
2021-11-21 06:00:00,3,3,0
2021-11-21 07:00:00,9,3,6
2021-11-21 08:00:00,8,5,3
2021-11-21 09:00:00,21,12,9
2021-11-21 10:00:00,30,23,7
2021-11-21 11:00:00,54,48,6
2021-11-21 12:00:00,86,76,10
2021-11-21 13:00:00,59,44,15
2021-11-21 14:00:00,22,13,9
2021-11-21 15:00:00,29,18,11
2021-11-21 16:00:00,123,14,109
2021-11-21 17:00:00,41,10,31
2021-11-21 18:00:00,13,6,7
2021-11-21 19:00:00,4,3,1
2021-11-21 20:00:00,8,5,3
2021-11-21 21:00:00,15,12,3
2021-11-21 22:00:00,5,3,2
2021-11-21 23:00:00,3,2,1
2021-11-22 00:00:00,3,2,1
2021-11-22 01:00:00,1,0,1
2021-11-22 02:00:00,1,0,1
2021-11-22 03:00:00,0,0,0
2021-11-22 04:00:00,2,2,0
2021-11-22 05:00:00,8,1,7
2021-11-22 06:00:00,23,9,14
2021-11-22 07:00:00,32,10,22
2021-11-22 08:00:00,27,11,16
2021-11-22 09:00:00,19,7,12
2021-11-22 10:00:00,9,4,5
2021-11-22 11:00:00,18,11,7
2021-11-22 12:00:00,18,9,9
2021-11-22 13:00:00,15,7,8
2021-11-22 14:00:00,16,10,6
2021-11-22 15:00:00,24,19,5
2021-11-22 16:00:00,27,22,5
2021-11-22 17:00:00,42,29,13
2021-11-22 18:00:00,20,14,6
2021-11-22 19:00:00,5,3,2
2021-11-22 20:00:00,4,2,2
2021-11-22 21:00:00,5,4,1
2021-11-22 22:00:00,1,0,1
2021-11-22 23:00:00,1,1,0
2021-11-23 00:00:00,0,0,0
2021-11-23 01:00:00,4,3,1
2021-11-23 02:00:00,1,1,0
2021-11-23 03:00:00,0,0,0
2021-11-23 04:00:00,1,1,0
2021-11-23 05:00:00,10,3,7
2021-11-23 06:00:00,14,4,10
2021-11-23 07:00:00,23,7,16
2021-11-23 08:00:00,38,10,28
2021-11-23 09:00:00,16,6,10
2021-11-23 10:00:00,14,5,9
2021-11-23 11:00:00,20,15,5
2021-11-23 12:00:00,19,12,7
2021-11-23 13:00:00,15,8,7
2021-11-23 14:00:00,29,23,6
2021-11-23 15:00:00,27,18,9
2021-11-23 16:00:00,58,35,23
2021-11-23 17:00:00,62,44,18
2021-11-23 18:00:00,44,29,15
2021-11-23 19:00:00,29,27,2
2021-11-23 20:00:00,9,5,4
2021-11-23 21:00:00,6,2,4
2021-11-23 22:00:00,55,4,51
2021-11-23 23:00:00,16,6,10
2021-11-24 00:00:00,5,3,2
2021-11-24 01:00:00,1,0,1
2021-11-24 02:00:00,1,1,0
2021-11-24 03:00:00,0,0,0
2021-11-24 04:00:00,2,2,0
2021-11-24 05:00:00,11,3,8
2021-11-24 06:00:00,15,7,8
2021-11-24 07:00:00,13,5,8
2021-11-24 08:00:00,24,7,17
2021-11-24 09:00:00,33,26,7
2021-11-24 10:00:00,14,5,9
2021-11-24 11:00:00,34,18,16
2021-11-24 12:00:00,22,12,10
2021-11-24 13:00:00,26,16,10
2021-11-24 14:00:00,30,21,9
2021-11-24 15:00:00,26,16,10
2021-11-24 16:00:00,46,35,11
2021-11-24 17:00:00,34,25,9
2021-11-24 18:00:00,9,5,4
2021-11-24 19:00:00,11,5,6
2021-11-24 20:00:00,7,3,4
2021-11-24 21:00:00,5,3,2
2021-11-24 22:00:00,9,8,1
2021-11-24 23:00:00,2,1,1
2021-11-25 00:00:00,1,1,0
2021-11-25 01:00:00,2,1,1
2021-11-25 02:00:00,0,0,0
2021-11-25 03:00:00,1,1,0
2021-11-25 04:00:00,1,1,0
2021-11-25 05:00:00,1,0,1
2021-11-25 06:00:00,2,0,2
2021-11-25 07:00:00,3,1,2
2021-11-25 08:00:00,2,1,1
2021-11-25 09:00:00,9,7,2
2021-11-25 10:00:00,6,4,2
2021-11-25 11:00:00,6,3,3
2021-11-25 12:00:00,4,4,0
2021-11-25 13:00:00,11,4,7
2021-11-25 14:00:00,7,4,3
2021-11-25 15:00:00,8,5,3
2021-11-25 16:00:00,4,2,2
2021-11-25 17:00:00,1,1,0
2021-11-25 18:00:00,2,2,0
2021-11-25 19:00:00,2,1,1
2021-11-25 20:00:00,3,0,3
2021-11-25 21:00:00,1,0,1
2021-11-25 22:00:00,2,1,1
2021-11-25 23:00:00,0,0,0
2021-11-26 00:00:00,2,2,0
2021-11-26 01:00:00,1,0,1
2021-11-26 02:00:00,0,0,0
2021-11-26 03:00:00,0,0,0
2021-11-26 04:00:00,0,0,0
2021-11-26 05:00:00,3,2,1
2021-11-26 06:00:00,7,2,5
2021-11-26 07:00:00,11,2,9
2021-11-26 08:00:00,5,3,2
2021-11-26 09:00:00,7,0,7
2021-11-26 10:00:00,5,4,1
2021-11-26 11:00:00,12,9,3
2021-11-26 12:00:00,15,8,7
2021-11-26 13:00:00,29,19,10
2021-11-26 14:00:00,19,11,8
2021-11-26 15:00:00,19,7,12
2021-11-26 16:00:00,19,10,9
2021-11-26 17:00:00,12,8,4
2021-11-26 18:00:00,15,9,6
2021-11-26 19:00:00,19,16,3
2021-11-26 20:00:00,16,8,8
2021-11-26 21:00:00,3,2,1
2021-11-26 22:00:00,13,12,1
2021-11-26 23:00:00,12,7,5
2021-11-27 00:00:00,4,2,2
2021-11-27 01:00:00,0,0,0
2021-11-27 02:00:00,3,1,2
2021-11-27 03:00:00,1,0,1
2021-11-27 04:00:00,1,1,0
2021-11-27 05:00:00,3,2,1
2021-11-27 06:00:00,3,1,2
2021-11-27 07:00:00,7,1,6
2021-11-27 08:00:00,11,2,9
2021-11-27 09:00:00,7,2,5
2021-11-27 10:00:00,7,3,4
2021-11-27 11:00:00,9,4,5
2021-11-27 12:00:00,10,3,7
2021-11-27 13:00:00,10,9,1
2021-11-27 14:00:00,7,6,1
2021-11-27 15:00:00,8,6,2
2021-11-27 16:00:00,6,3,3
2021-11-27 17:00:00,6,4,2
2021-11-27 18:00:00,8,3,5
2021-11-27 19:00:00,6,4,2
2021-11-27 20:00:00,6,5,1
2021-11-27 21:00:00,1,1,0
2021-11-27 22:00:00,4,2,2
2021-11-27 23:00:00,3,2,1
2021-11-28 00:00:00,6,3,3
2021-11-28 01:00:00,3,2,1
2021-11-28 02:00:00,0,0,0
2021-11-28 03:00:00,0,0,0
2021-11-28 04:00:00,0,0,0
2021-11-28 05:00:00,1,1,0
2021-11-28 06:00:00,2,1,1
2021-11-28 07:00:00,4,1,3
2021-11-28 08:00:00,6,5,1
2021-11-28 09:00:00,8,3,5
2021-11-28 10:00:00,2,2,0
2021-11-28 11:00:00,5,1,4
2021-11-28 12:00:00,10,6,4
2021-11-28 13:00:00,13,9,4
2021-11-28 14:00:00,4,1,3
2021-11-28 15:00:00,5,3,2
2021-11-28 16:00:00,13,5,8
2021-11-28 17:00:00,10,6,4
2021-11-28 18:00:00,5,4,1
2021-11-28 19:00:00,6,4,2
2021-11-28 20:00:00,5,2,3
2021-11-28 21:00:00,3,1,2
2021-11-28 22:00:00,4,0,4
2021-11-28 23:00:00,2,0,2
2021-11-29 00:00:00,1,1,0
2021-11-29 01:00:00,1,1,0
2021-11-29 02:00:00,0,0,0
2021-11-29 03:00:00,1,1,0
2021-11-29 04:00:00,1,1,0
2021-11-29 05:00:00,9,2,7
2021-11-29 06:00:00,17,6,11
2021-11-29 07:00:00,36,13,23
2021-11-29 08:00:00,40,14,26
2021-11-29 09:00:00,22,10,12
2021-11-29 10:00:00,13,7,6
2021-11-29 11:00:00,21,11,10
2021-11-29 12:00:00,17,8,9
2021-11-29 13:00:00,25,15,10
2021-11-29 14:00:00,27,18,9
2021-11-29 15:00:00,33,26,7
2021-11-29 16:00:00,50,35,15
2021-11-29 17:00:00,70,48,22
2021-11-29 18:00:00,18,11,7
2021-11-29 19:00:00,11,8,3
2021-11-29 20:00:00,7,3,4
2021-11-29 21:00:00,7,5,2
2021-11-29 22:00:00,3,1,2
2021-11-29 23:00:00,2,0,2
2021-11-30 00:00:00,3,0,3
2021-11-30 01:00:00,0,0,0
2021-11-30 02:00:00,1,0,1
2021-11-30 03:00:00,0,0,0
2021-11-30 04:00:00,2,1,1
2021-11-30 05:00:00,9,1,8
2021-11-30 06:00:00,20,7,13
2021-11-30 07:00:00,37,8,29
2021-11-30 08:00:00,51,24,27
2021-11-30 09:00:00,25,9,16
2021-11-30 10:00:00,14,4,10
2021-11-30 11:00:00,16,7,9
2021-11-30 12:00:00,17,11,6
2021-11-30 13:00:00,24,14,10
2021-11-30 14:00:00,34,20,14
2021-11-30 15:00:00,29,22,7
2021-11-30 16:00:00,49,36,13
2021-11-30 17:00:00,58,34,24
2021-11-30 18:00:00,31,18,13
2021-11-30 19:00:00,16,9,7
2021-11-30 20:00:00,5,5,0
2021-11-30 21:00:00,8,6,2
2021-11-30 22:00:00,3,1,2
2021-11-30 23:00:00,3,0,3
2021-12-01 00:00:00,1,0,1
2021-12-01 01:00:00,0,0,0
2021-12-01 02:00:00,1,1,0
2021-12-01 03:00:00,1,0,1
2021-12-01 04:00:00,2,1,1
2021-12-01 05:00:00,13,4,9
2021-12-01 06:00:00,24,12,12
2021-12-01 07:00:00,37,13,24
2021-12-01 08:00:00,51,21,30
2021-12-01 09:00:00,19,14,5
2021-12-01 10:00:00,21,7,14
2021-12-01 11:00:00,19,9,10
2021-12-01 12:00:00,24,12,12
2021-12-01 13:00:00,18,11,7
2021-12-01 14:00:00,30,16,14
2021-12-01 15:00:00,36,24,12
2021-12-01 16:00:00,58,40,18
2021-12-01 17:00:00,52,28,24
2021-12-01 18:00:00,37,23,14
2021-12-01 19:00:00,14,9,5
2021-12-01 20:00:00,5,2,3
2021-12-01 21:00:00,8,2,6
2021-12-01 22:00:00,7,5,2
2021-12-01 23:00:00,9,4,5
2021-12-02 00:00:00,0,0,0
2021-12-02 01:00:00,3,2,1
2021-12-02 02:00:00,0,0,0
2021-12-02 03:00:00,0,0,0
2021-12-02 04:00:00,1,1,0
2021-12-02 05:00:00,7,2,5
2021-12-02 06:00:00,23,10,13
2021-12-02 07:00:00,40,13,27
2021-12-02 08:00:00,40,13,27
2021-12-02 09:00:00,21,8,13
2021-12-02 10:00:00,13,7,6
2021-12-02 11:00:00,8,3,5
2021-12-02 12:00:00,17,7,10
2021-12-02 13:00:00,20,9,11
2021-12-02 14:00:00,26,22,4
2021-12-02 15:00:00,37,26,11
2021-12-02 16:00:00,43,29,14
2021-12-02 17:00:00,53,29,24
2021-12-02 18:00:00,24,16,8
2021-12-02 19:00:00,16,8,8
2021-12-02 20:00:00,12,4,8
2021-12-02 21:00:00,10,5,5
2021-12-02 22:00:00,10,6,4
2021-12-02 23:00:00,5,3,2
2021-12-03 00:00:00,1,0,1
2021-12-03 01:00:00,2,1,1
2021-12-03 02:00:00,2,1,1
2021-12-03 03:00:00,0,0,0
2021-12-03 04:00:00,1,0,1
2021-12-03 05:00:00,8,5,3
2021-12-03 06:00:00,22,10,12
2021-12-03 07:00:00,27,12,15
2021-12-03 08:00:00,40,14,26
2021-12-03 09:00:00,21,11,10
2021-12-03 10:00:00,18,9,9
2021-12-03 11:00:00,15,7,8
2021-12-03 12:00:00,20,11,9
2021-12-03 13:00:00,20,11,9
2021-12-03 14:00:00,25,16,9
2021-12-03 15:00:00,41,29,12
2021-12-03 16:00:00,64,37,27
2021-12-03 17:00:00,44,22,22
2021-12-03 18:00:00,29,13,16
2021-12-03 19:00:00,17,8,9
2021-12-03 20:00:00,13,3,10
2021-12-03 21:00:00,9,8,1
2021-12-03 22:00:00,13,10,3
2021-12-03 23:00:00,4,4,0
2021-12-04 00:00:00,2,1,1
2021-12-04 01:00:00,2,0,2
2021-12-04 02:00:00,4,2,2
2021-12-04 03:00:00,1,0,1
2021-12-04 04:00:00,0,0,0
2021-12-04 05:00:00,3,1,2
2021-12-04 06:00:00,2,2,0
2021-12-04 07:00:00,4,2,2
2021-12-04 08:00:00,3,1,2
2021-12-04 09:00:00,8,1,7
2021-12-04 10:00:00,11,8,3
2021-12-04 11:00:00,23,17,6
2021-12-04 12:00:00,6,2,4
2021-12-04 13:00:00,5,3,2
2021-12-04 14:00:00,7,4,3
2021-12-04 15:00:00,8,8,0
2021-12-04 16:00:00,14,8,6
2021-12-04 17:00:00,14,5,9
2021-12-04 18:00:00,4,4,0
2021-12-04 19:00:00,1,1,0
2021-12-04 20:00:00,5,1,4
2021-12-04 21:00:00,3,2,1
2021-12-04 22:00:00,2,2,0
2021-12-04 23:00:00,2,1,1
2021-12-05 00:00:00,3,1,2
2021-12-05 01:00:00,1,1,0
2021-12-05 02:00:00,1,0,1
2021-12-05 03:00:00,0,0,0
2021-12-05 04:00:00,3,2,1
2021-12-05 05:00:00,1,1,0
2021-12-05 06:00:00,2,2,0
2021-12-05 07:00:00,6,2,4
2021-12-05 08:00:00,11,9,2
2021-12-05 09:00:00,18,7,11
2021-12-05 10:00:00,17,13,4
2021-12-05 11:00:00,58,50,8
2021-12-05 12:00:00,65,59,6
2021-12-05 13:00:00,59,44,15
2021-12-05 14:00:00,21,11,10
2021-12-05 15:00:00,20,12,8
2021-12-05 16:00:00,56,16,40
2021-12-05 17:00:00,100,18,82
2021-12-05 18:00:00,9,5,4
2021-12-05 19:00:00,11,5,6
2021-12-05 20:00:00,6,5,1
2021-12-05 21:00:00,8,3,5
2021-12-05 22:00:00,7,4,3
2021-12-05 23:00:00,4,4,0
2021-12-06 00:00:00,4,2,2
2021-12-06 01:00:00,0,0,0
2021-12-06 02:00:00,1,1,0
2021-12-06 03:00:00,1,0,1
2021-12-06 04:00:00,1,0,1
2021-12-06 05:00:00,14,4,10
2021-12-06 06:00:00,15,6,9
2021-12-06 07:00:00,26,12,14
2021-12-06 08:00:00,34,13,21
2021-12-06 09:00:00,21,12,9
2021-12-06 10:00:00,13,9,4
2021-12-06 11:00:00,12,6,6
2021-12-06 12:00:00,11,5,6
2021-12-06 13:00:00,11,5,6
2021-12-06 14:00:00,23,15,8
2021-12-06 15:00:00,21,16,5
2021-12-06 16:00:00,43,31,12
2021-12-06 17:00:00,53,33,20
2021-12-06 18:00:00,20,12,8
2021-12-06 19:00:00,5,1,4
2021-12-06 20:00:00,15,11,4
2021-12-06 21:00:00,4,2,2
2021-12-06 22:00:00,1,1,0
2021-12-06 23:00:00,3,1,2
2021-12-07 00:00:00,1,0,1
2021-12-07 01:00:00,1,0,1
2021-12-07 02:00:00,0,0,0
2021-12-07 03:00:00,1,0,1
2021-12-07 04:00:00,2,1,1
2021-12-07 05:00:00,11,4,7
2021-12-07 06:00:00,22,6,16
2021-12-07 07:00:00,35,15,20
2021-12-07 08:00:00,48,23,25
2021-12-07 09:00:00,22,11,11
2021-12-07 10:00:00,13,6,7
2021-12-07 11:00:00,12,3,9
2021-12-07 12:00:00,16,8,8
2021-12-07 13:00:00,16,9,7
2021-12-07 14:00:00,26,16,10
2021-12-07 15:00:00,38,27,11
2021-12-07 16:00:00,52,37,15
2021-12-07 17:00:00,56,29,27
2021-12-07 18:00:00,33,19,14
2021-12-07 19:00:00,12,5,7
2021-12-07 20:00:00,8,4,4
2021-12-07 21:00:00,7,5,2
2021-12-07 22:00:00,9,6,3
2021-12-07 23:00:00,4,2,2
2021-12-08 00:00:00,1,0,1
2021-12-08 01:00:00,1,0,1
2021-12-08 02:00:00,3,1,2
2021-12-08 03:00:00,2,0,2
2021-12-08 04:00:00,0,0,0
2021-12-08 05:00:00,8,3,5
2021-12-08 06:00:00,22,8,14
2021-12-08 07:00:00,39,9,30
2021-12-08 08:00:00,41,20,21
2021-12-08 09:00:00,23,14,9
2021-12-08 10:00:00,17,12,5
2021-12-08 11:00:00,13,5,8
2021-12-08 12:00:00,10,7,3
2021-12-08 13:00:00,21,14,7
2021-12-08 14:00:00,34,22,12
2021-12-08 15:00:00,33,22,11
2021-12-08 16:00:00,43,31,12
2021-12-08 17:00:00,68,41,27
2021-12-08 18:00:00,25,13,12
2021-12-08 19:00:00,12,9,3
2021-12-08 20:00:00,7,5,2
2021-12-08 21:00:00,7,3,4
2021-12-08 22:00:00,5,5,0
2021-12-08 23:00:00,3,1,2
2021-12-09 00:00:00,1,1,0
2021-12-09 01:00:00,1,1,0
2021-12-09 02:00:00,2,2,0
2021-12-09 03:00:00,0,0,0
2021-12-09 04:00:00,1,1,0
2021-12-09 05:00:00,12,5,7
2021-12-09 06:00:00,22,10,12
2021-12-09 07:00:00,36,12,24
2021-12-09 08:00:00,44,17,27
2021-12-09 09:00:00,21,9,12
2021-12-09 10:00:00,18,9,9
2021-12-09 11:00:00,8,6,2
2021-12-09 12:00:00,22,14,8
2021-12-09 13:00:00,21,16,5
2021-12-09 14:00:00,23,16,7
2021-12-09 15:00:00,40,25,15
2021-12-09 16:00:00,52,31,21
2021-12-09 17:00:00,46,32,14
2021-12-09 18:00:00,38,27,11
2021-12-09 19:00:00,10,6,4
2021-12-09 20:00:00,6,4,2
2021-12-09 21:00:00,7,4,3
2021-12-09 22:00:00,12,11,1
2021-12-09 23:00:00,3,2,1
2021-12-10 00:00:00,2,2,0
2021-12-10 01:00:00,6,2,4
2021-12-10 02:00:00,3,3,0
2021-12-10 03:00:00,0,0,0
2021-12-10 04:00:00,2,2,0
2021-12-10 05:00:00,10,6,4
2021-12-10 06:00:00,12,3,9
2021-12-10 07:00:00,31,13,18
2021-12-10 08:00:00,26,7,19
2021-12-10 09:00:00,24,13,11
2021-12-10 10:00:00,19,7,12
2021-12-10 11:00:00,22,12,10
2021-12-10 12:00:00,18,8,10
2021-12-10 13:00:00,14,9,5
2021-12-10 14:00:00,25,16,9
2021-12-10 15:00:00,30,19,11
2021-12-10 16:00:00,28,15,13
2021-12-10 17:00:00,30,13,17
2021-12-10 18:00:00,18,13,5
2021-12-10 19:00:00,9,5,4
2021-12-10 20:00:00,0,0,0
2021-12-10 21:00:00,4,2,2
2021-12-10 22:00:00,2,2,0
2021-12-10 23:00:00,1,1,0
2021-12-11 00:00:00,2,1,1
2021-12-11 01:00:00,1,1,0
2021-12-11 02:00:00,2,2,0
2021-12-11 03:00:00,2,0,2
2021-12-11 04:00:00,0,0,0
2021-12-11 05:00:00,2,1,1
2021-12-11 06:00:00,0,0,0
2021-12-11 07:00:00,1,0,1
2021-12-11 08:00:00,3,1,2
2021-12-11 09:00:00,10,2,8
2021-12-11 10:00:00,7,3,4
2021-12-11 11:00:00,21,9,12
2021-12-11 12:00:00,21,14,7
2021-12-11 13:00:00,21,11,10
2021-12-11 14:00:00,28,21,7
2021-12-11 15:00:00,15,12,3
2021-12-11 16:00:00,14,7,7
2021-12-11 17:00:00,15,9,6
2021-12-11 18:00:00,11,7,4
2021-12-11 19:00:00,12,10,2
2021-12-11 20:00:00,9,5,4
2021-12-11 21:00:00,5,4,1
2021-12-11 22:00:00,11,7,4
2021-12-11 23:00:00,8,3,5
2021-12-12 00:00:00,3,2,1
2021-12-12 01:00:00,3,1,2
2021-12-12 02:00:00,0,0,0
2021-12-12 03:00:00,1,1,0
2021-12-12 04:00:00,0,0,0
2021-12-12 05:00:00,2,2,0
2021-12-12 06:00:00,2,2,0
2021-12-12 07:00:00,2,0,2
2021-12-12 08:00:00,4,3,1
2021-12-12 09:00:00,13,6,7
2021-12-12 10:00:00,2,1,1
2021-12-12 11:00:00,12,6,6
2021-12-12 12:00:00,14,7,7
2021-12-12 13:00:00,10,7,3
2021-12-12 14:00:00,8,3,5
2021-12-12 15:00:00,11,8,3
2021-12-12 16:00:00,1,1,0
2021-12-12 17:00:00,3,1,2
2021-12-12 18:00:00,9,3,6
2021-12-12 19:00:00,9,9,0
2021-12-12 20:00:00,9,6,3
2021-12-12 21:00:00,2,2,0
2021-12-12 22:00:00,2,2,0
2021-12-12 23:00:00,1,1,0
2021-12-13 00:00:00,0,0,0
2021-12-13 01:00:00,0,0,0
2021-12-13 02:00:00,1,1,0
2021-12-13 03:00:00,0,0,0
2021-12-13 04:00:00,1,1,0
2021-12-13 05:00:00,7,2,5
2021-12-13 06:00:00,16,6,10
2021-12-13 07:00:00,30,10,20
2021-12-13 08:00:00,30,10,20
2021-12-13 09:00:00,17,10,7
2021-12-13 10:00:00,13,6,7
2021-12-13 11:00:00,22,11,11
2021-12-13 12:00:00,8,6,2
2021-12-13 13:00:00,17,7,10
2021-12-13 14:00:00,16,11,5
2021-12-13 15:00:00,24,18,6
2021-12-13 16:00:00,24,19,5
2021-12-13 17:00:00,39,26,13
2021-12-13 18:00:00,25,14,11
2021-12-13 19:00:00,6,5,1
2021-12-13 20:00:00,4,3,1
2021-12-13 21:00:00,7,3,4
2021-12-13 22:00:00,2,0,2
2021-12-13 23:00:00,3,0,3
2021-12-14 00:00:00,0,0,0
2021-12-14 01:00:00,0,0,0
2021-12-14 02:00:00,1,1,0
2021-12-14 03:00:00,0,0,0
2021-12-14 04:00:00,2,1,1
2021-12-14 05:00:00,7,2,5
2021-12-14 06:00:00,16,7,9
2021-12-14 07:00:00,34,8,26
2021-12-14 08:00:00,37,13,24
2021-12-14 09:00:00,24,13,11
2021-12-14 10:00:00,12,6,6
2021-12-14 11:00:00,11,7,4
2021-12-14 12:00:00,16,11,5
2021-12-14 13:00:00,9,4,5
2021-12-14 14:00:00,23,13,10
2021-12-14 15:00:00,33,19,14
2021-12-14 16:00:00,34,27,7
2021-12-14 17:00:00,50,30,20
2021-12-14 18:00:00,23,18,5
2021-12-14 19:00:00,11,7,4
2021-12-14 20:00:00,3,1,2
2021-12-14 21:00:00,1,1,0
2021-12-14 22:00:00,5,3,2
2021-12-14 23:00:00,2,0,2
2021-12-15 00:00:00,5,2,3
2021-12-15 01:00:00,0,0,0
2021-12-15 02:00:00,1,0,1
2021-12-15 03:00:00,1,0,1
2021-12-15 04:00:00,2,2,0
2021-12-15 05:00:00,7,1,6
2021-12-15 06:00:00,15,6,9
2021-12-15 07:00:00,34,11,23
2021-12-15 08:00:00,32,19,13
2021-12-15 09:00:00,16,5,11
2021-12-15 10:00:00,10,7,3
2021-12-15 11:00:00,16,6,10
2021-12-15 12:00:00,20,7,13
2021-12-15 13:00:00,13,7,6
2021-12-15 14:00:00,16,9,7
2021-12-15 15:00:00,25,19,6
2021-12-15 16:00:00,30,23,7
2021-12-15 17:00:00,45,27,18
2021-12-15 18:00:00,24,18,6
2021-12-15 19:00:00,15,5,10
2021-12-15 20:00:00,9,7,2
2021-12-15 21:00:00,5,5,0
2021-12-15 22:00:00,4,3,1
2021-12-15 23:00:00,0,0,0
2021-12-16 00:00:00,3,3,0
2021-12-16 01:00:00,0,0,0
2021-12-16 02:00:00,0,0,0
2021-12-16 03:00:00,0,0,0
2021-12-16 04:00:00,1,1,0
2021-12-16 05:00:00,4,2,2
2021-12-16 06:00:00,8,5,3
2021-12-16 07:00:00,32,5,27
2021-12-16 08:00:00,32,12,20
2021-12-16 09:00:00,18,9,9
2021-12-16 10:00:00,13,7,6
2021-12-16 11:00:00,20,9,11
2021-12-16 12:00:00,15,10,5
2021-12-16 13:00:00,17,10,7
2021-12-16 14:00:00,19,11,8
2021-12-16 15:00:00,23,15,8
2021-12-16 16:00:00,36,25,11
2021-12-16 17:00:00,38,27,11
2021-12-16 18:00:00,24,13,11
2021-12-16 19:00:00,12,5,7
2021-12-16 20:00:00,8,5,3
2021-12-16 21:00:00,17,11,6
2021-12-16 22:00:00,5,4,1
2021-12-16 23:00:00,1,1,0
2021-12-17 00:00:00,1,1,0
2021-12-17 01:00:00,0,0,0
2021-12-17 02:00:00,1,1,0
2021-12-17 03:00:00,2,2,0
2021-12-17 04:00:00,1,1,0
2021-12-17 05:00:00,9,5,4
2021-12-17 06:00:00,12,3,9
2021-12-17 07:00:00,29,7,22
2021-12-17 08:00:00,33,17,16
2021-12-17 09:00:00,17,5,12
2021-12-17 10:00:00,17,9,8
2021-12-17 11:00:00,16,5,11
2021-12-17 12:00:00,13,5,8
2021-12-17 13:00:00,26,14,12
2021-12-17 14:00:00,49,32,17
2021-12-17 15:00:00,32,21,11
2021-12-17 16:00:00,52,33,19
2021-12-17 17:00:00,38,20,18
2021-12-17 18:00:00,16,9,7
2021-12-17 19:00:00,6,3,3
2021-12-17 20:00:00,4,2,2
2021-12-17 21:00:00,3,2,1
2021-12-17 22:00:00,4,3,1
2021-12-17 23:00:00,2,2,0
2021-12-18 00:00:00,8,6,2
2021-12-18 01:00:00,0,0,0
2021-12-18 02:00:00,2,0,2
2021-12-18 03:00:00,1,0,1
2021-12-18 04:00:00,0,0,0
2021-12-18 05:00:00,1,0,1
2021-12-18 06:00:00,0,0,0
2021-12-18 07:00:00,4,2,2
2021-12-18 08:00:00,4,1,3
2021-12-18 09:00:00,5,3,2
2021-12-18 10:00:00,7,4,3
2021-12-18 11:00:00,5,0,5
2021-12-18 12:00:00,9,4,5
2021-12-18 13:00:00,3,1,2
2021-12-18 14:00:00,8,6,2
2021-12-18 15:00:00,10,7,3
2021-12-18 16:00:00,5,3,2
2021-12-18 17:00:00,2,0,2
2021-12-18 18:00:00,3,3,0
2021-12-18 19:00:00,4,3,1
2021-12-18 20:00:00,8,2,6
2021-12-18 21:00:00,6,4,2
2021-12-18 22:00:00,11,9,2
2021-12-18 23:00:00,6,4,2
2021-12-19 00:00:00,1,0,1
2021-12-19 01:00:00,2,2,0
2021-12-19 02:00:00,3,1,2
2021-12-19 03:00:00,2,2,0
2021-12-19 04:00:00,0,0,0
2021-12-19 05:00:00,0,0,0
2021-12-19 06:00:00,0,0,0
2021-12-19 07:00:00,5,2,3
2021-12-19 08:00:00,5,3,2
2021-12-19 09:00:00,16,7,9
2021-12-19 10:00:00,14,10,4
2021-12-19 11:00:00,13,5,8
2021-12-19 12:00:00,12,5,7
2021-12-19 13:00:00,25,15,10
2021-12-19 14:00:00,19,10,9
2021-12-19 15:00:00,21,12,9
2021-12-19 16:00:00,16,8,8
2021-12-19 17:00:00,14,6,8
2021-12-19 18:00:00,9,7,2
2021-12-19 19:00:00,3,1,2
2021-12-19 20:00:00,5,4,1
2021-12-19 21:00:00,3,3,0
2021-12-19 22:00:00,7,4,3
2021-12-19 23:00:00,3,3,0
2021-12-20 00:00:00,1,1,0
2021-12-20 01:00:00,2,1,1
2021-12-20 02:00:00,0,0,0
2021-12-20 03:00:00,0,0,0
2021-12-20 04:00:00,1,1,0
2021-12-20 05:00:00,3,3,0
2021-12-20 06:00:00,16,7,9
2021-12-20 07:00:00,27,9,18
2021-12-20 08:00:00,30,12,18
2021-12-20 09:00:00,17,9,8
2021-12-20 10:00:00,7,4,3
2021-12-20 11:00:00,11,4,7
2021-12-20 12:00:00,11,6,5
2021-12-20 13:00:00,16,12,4
2021-12-20 14:00:00,28,18,10
2021-12-20 15:00:00,19,12,7
2021-12-20 16:00:00,26,19,7
2021-12-20 17:00:00,32,18,14
2021-12-20 18:00:00,9,6,3
2021-12-20 19:00:00,8,7,1
2021-12-20 20:00:00,11,5,6
2021-12-20 21:00:00,6,2,4
2021-12-20 22:00:00,0,0,0
2021-12-20 23:00:00,3,2,1
2021-12-21 00:00:00,1,0,1
2021-12-21 01:00:00,1,0,1
2021-12-21 02:00:00,2,2,0
2021-12-21 03:00:00,0,0,0
2021-12-21 04:00:00,2,2,0
2021-12-21 05:00:00,5,2,3
2021-12-21 06:00:00,12,7,5
2021-12-21 07:00:00,19,4,15
2021-12-21 08:00:00,19,6,13
2021-12-21 09:00:00,16,5,11
2021-12-21 10:00:00,13,7,6
2021-12-21 11:00:00,15,5,10
2021-12-21 12:00:00,9,5,4
2021-12-21 13:00:00,11,10,1
2021-12-21 14:00:00,19,11,8
2021-12-21 15:00:00,30,21,9
2021-12-21 16:00:00,30,19,11
2021-12-21 17:00:00,26,17,9
2021-12-21 18:00:00,16,11,5
2021-12-21 19:00:00,6,4,2
2021-12-21 20:00:00,8,5,3
2021-12-21 21:00:00,2,1,1
2021-12-21 22:00:00,3,3,0
2021-12-21 23:00:00,1,0,1
2021-12-22 00:00:00,2,0,2
2021-12-22 01:00:00,0,0,0
2021-12-22 02:00:00,0,0,0
2021-12-22 03:00:00,1,1,0
2021-12-22 04:00:00,2,2,0
2021-12-22 05:00:00,5,3,2
2021-12-22 06:00:00,8,3,5
2021-12-22 07:00:00,11,2,9
2021-12-22 08:00:00,19,4,15
2021-12-22 09:00:00,12,3,9
2021-12-22 10:00:00,5,3,2
2021-12-22 11:00:00,23,12,11
2021-12-22 12:00:00,19,10,9
2021-12-22 13:00:00,18,15,3
2021-12-22 14:00:00,19,10,9
2021-12-22 15:00:00,10,8,2
2021-12-22 16:00:00,15,11,4
2021-12-22 17:00:00,14,12,2
2021-12-22 18:00:00,9,3,6
2021-12-22 19:00:00,6,4,2
2021-12-22 20:00:00,6,1,5
2021-12-22 21:00:00,2,2,0
2021-12-22 22:00:00,5,3,2
2021-12-22 23:00:00,1,1,0
2021-12-23 00:00:00,4,3,1
2021-12-23 01:00:00,2,0,2
2021-12-23 02:00:00,0,0,0
2021-12-23 03:00:00,1,1,0
2021-12-23 04:00:00,0,0,0
2021-12-23 05:00:00,2,1,1
2021-12-23 06:00:00,10,2,8
2021-12-23 07:00:00,12,3,9
2021-12-23 08:00:00,11,5,6
2021-12-23 09:00:00,4,3,1
2021-12-23 10:00:00,9,6,3
2021-12-23 11:00:00,11,8,3
2021-12-23 12:00:00,16,8,8
2021-12-23 13:00:00,11,8,3
2021-12-23 14:00:00,22,15,7
2021-12-23 15:00:00,14,12,2
2021-12-23 16:00:00,20,13,7
2021-12-23 17:00:00,17,11,6
2021-12-23 18:00:00,12,7,5
2021-12-23 19:00:00,8,5,3
2021-12-23 20:00:00,2,0,2
2021-12-23 21:00:00,9,4,5
2021-12-23 22:00:00,4,3,1
2021-12-23 23:00:00,4,3,1
2021-12-24 00:00:00,2,2,0
2021-12-24 01:00:00,4,1,3
2021-12-24 02:00:00,1,1,0
2021-12-24 03:00:00,0,0,0
2021-12-24 04:00:00,0,0,0
2021-12-24 05:00:00,3,3,0
2021-12-24 06:00:00,2,1,1
2021-12-24 07:00:00,6,2,4
2021-12-24 08:00:00,1,1,0
2021-12-24 09:00:00,6,4,2
2021-12-24 10:00:00,9,5,4
2021-12-24 11:00:00,8,5,3
2021-12-24 12:00:00,13,11,2
2021-12-24 13:00:00,4,2,2
2021-12-24 14:00:00,13,6,7
2021-12-24 15:00:00,6,4,2
2021-12-24 16:00:00,10,8,2
2021-12-24 17:00:00,10,7,3
2021-12-24 18:00:00,1,0,1
2021-12-24 19:00:00,4,3,1
2021-12-24 20:00:00,2,1,1
2021-12-24 21:00:00,2,1,1
2021-12-24 22:00:00,2,2,0
2021-12-24 23:00:00,2,2,0
2021-12-25 00:00:00,3,2,1
2021-12-25 01:00:00,0,0,0
2021-12-25 02:00:00,2,2,0
2021-12-25 03:00:00,0,0,0
2021-12-25 04:00:00,0,0,0
2021-12-25 05:00:00,1,1,0
2021-12-25 06:00:00,0,0,0
2021-12-25 07:00:00,0,0,0
2021-12-25 08:00:00,2,0,2
2021-12-25 09:00:00,3,2,1
2021-12-25 10:00:00,4,3,1
2021-12-25 11:00:00,7,2,5
2021-12-25 12:00:00,4,1,3
2021-12-25 13:00:00,2,1,1
2021-12-25 14:00:00,2,1,1
2021-12-25 15:00:00,4,3,1
2021-12-25 16:00:00,2,1,1
2021-12-25 17:00:00,3,2,1
2021-12-25 18:00:00,1,1,0
2021-12-25 19:00:00,1,0,1
2021-12-25 20:00:00,3,2,1
2021-12-25 21:00:00,6,4,2
2021-12-25 22:00:00,1,1,0
2021-12-25 23:00:00,0,0,0
2021-12-26 00:00:00,1,0,1
2021-12-26 01:00:00,1,1,0
2021-12-26 02:00:00,1,1,0
2021-12-26 03:00:00,0,0,0
2021-12-26 04:00:00,0,0,0
2021-12-26 05:00:00,0,0,0
2021-12-26 06:00:00,3,1,2
2021-12-26 07:00:00,0,0,0
2021-12-26 08:00:00,0,0,0
2021-12-26 09:00:00,2,2,0
2021-12-26 10:00:00,0,0,0
2021-12-26 11:00:00,2,0,2
2021-12-26 12:00:00,2,1,1
2021-12-26 13:00:00,1,0,1
2021-12-26 14:00:00,1,1,0
2021-12-26 15:00:00,3,2,1
2021-12-26 16:00:00,5,0,5
2021-12-26 17:00:00,2,0,2
2021-12-26 18:00:00,3,1,2
2021-12-26 19:00:00,0,0,0
2021-12-26 20:00:00,0,0,0
2021-12-26 21:00:00,0,0,0
2021-12-26 22:00:00,1,1,0
2021-12-26 23:00:00,0,0,0
2021-12-27 00:00:00,0,0,0
2021-12-27 01:00:00,0,0,0
2021-12-27 02:00:00,0,0,0
2021-12-27 03:00:00,0,0,0
2021-12-27 04:00:00,0,0,0
2021-12-27 05:00:00,0,0,0
2021-12-27 06:00:00,0,0,0
2021-12-27 07:00:00,0,0,0
2021-12-27 08:00:00,0,0,0
2021-12-27 09:00:00,0,0,0
2021-12-27 10:00:00,1,1,0
2021-12-27 11:00:00,0,0,0
2021-12-27 12:00:00,0,0,0
2021-12-27 13:00:00,2,2,0
2021-12-27 14:00:00,0,0,0
2021-12-27 15:00:00,3,2,1
2021-12-27 16:00:00,3,3,0
2021-12-27 17:00:00,0,0,0
2021-12-27 18:00:00,0,0,0
2021-12-27 19:00:00,1,1,0
2021-12-27 20:00:00,0,0,0
2021-12-27 21:00:00,2,1,1
2021-12-27 22:00:00,0,0,0
2021-12-27 23:00:00,0,0,0
2021-12-28 00:00:00,1,1,0
2021-12-28 01:00:00,0,0,0
2021-12-28 02:00:00,0,0,0
2021-12-28 03:00:00,0,0,0
2021-12-28 04:00:00,0,0,0
2021-12-28 05:00:00,0,0,0
2021-12-28 06:00:00,1,0,1
2021-12-28 07:00:00,0,0,0
2021-12-28 08:00:00,0,0,0
2021-12-28 09:00:00,0,0,0
2021-12-28 10:00:00,1,1,0
2021-12-28 11:00:00,0,0,0
2021-12-28 12:00:00,2,0,2
2021-12-28 13:00:00,0,0,0
2021-12-28 14:00:00,0,0,0
2021-12-28 15:00:00,0,0,0
2021-12-28 16:00:00,1,0,1
2021-12-28 17:00:00,1,0,1
2021-12-28 18:00:00,0,0,0
2021-12-28 19:00:00,2,2,0
2021-12-28 20:00:00,0,0,0
2021-12-28 21:00:00,0,0,0
2021-12-28 22:00:00,0,0,0
2021-12-28 23:00:00,0,0,0
2021-12-29 00:00:00,0,0,0
2021-12-29 01:00:00,0,0,0
2021-12-29 02:00:00,0,0,0
2021-12-29 03:00:00,0,0,0
2021-12-29 04:00:00,0,0,0
2021-12-29 05:00:00,0,0,0
2021-12-29 06:00:00,0,0,0
2021-12-29 07:00:00,0,0,0
2021-12-29 08:00:00,0,0,0
2021-12-29 09:00:00,1,1,0
2021-12-29 10:00:00,0,0,0
2021-12-29 11:00:00,0,0,0
2021-12-29 12:00:00,0,0,0
2021-12-29 13:00:00,0,0,0
2021-12-29 14:00:00,1,0,1
2021-12-29 15:00:00,5,1,4
2021-12-29 16:00:00,0,0,0
2021-12-29 17:00:00,1,0,1
2021-12-29 18:00:00,0,0,0
2021-12-29 19:00:00,0,0,0
2021-12-29 20:00:00,0,0,0
2021-12-29 21:00:00,0,0,0
2021-12-29 22:00:00,0,0,0
2021-12-29 23:00:00,1,1,0
2021-12-30 00:00:00,0,0,0
2021-12-30 01:00:00,1,1,0
2021-12-30 02:00:00,0,0,0
2021-12-30 03:00:00,0,0,0
2021-12-30 04:00:00,0,0,0
2021-12-30 05:00:00,0,0,0
2021-12-30 06:00:00,0,0,0
2021-12-30 07:00:00,0,0,0
2021-12-30 08:00:00,0,0,0
2021-12-30 09:00:00,0,0,0
2021-12-30 10:00:00,0,0,0
2021-12-30 11:00:00,0,0,0
2021-12-30 12:00:00,7,3,4
2021-12-30 13:00:00,0,0,0
2021-12-30 14:00:00,3,1,2
2021-12-30 15:00:00,1,1,0
2021-12-30 16:00:00,3,1,2
2021-12-30 17:00:00,2,2,0
2021-12-30 18:00:00,2,1,1
2021-12-30 19:00:00,0,0,0
2021-12-30 20:00:00,0,0,0
2021-12-30 21:00:00,0,0,0
2021-12-30 22:00:00,2,1,1
2021-12-30 23:00:00,0,0,0
2021-12-31 00:00:00,1,0,1
2021-12-31 01:00:00,0,0,0
2021-12-31 02:00:00,1,1,0
2021-12-31 03:00:00,0,0,0
2021-12-31 04:00:00,0,0,0
2021-12-31 05:00:00,0,0,0
2021-12-31 06:00:00,1,0,1
2021-12-31 07:00:00,2,1,1
2021-12-31 08:00:00,0,0,0
2021-12-31 09:00:00,0,0,0
2021-12-31 10:00:00,1,0,1
2021-12-31 11:00:00,1,0,1
2021-12-31 12:00:00,1,0,1
2021-12-31 13:00:00,2,0,2
2021-12-31 14:00:00,3,1,2
2021-12-31 15:00:00,0,0,0
2021-12-31 16:00:00,2,1,1
2021-12-31 17:00:00,1,0,1
2021-12-31 18:00:00,0,0,0
2021-12-31 19:00:00,5,1,4
2021-12-31 20:00:00,1,0,1
2021-12-31 21:00:00,0,0,0
2021-12-31 22:00:00,0,0,0
2021-12-31 23:00:00,2,1,1
2022-01-01 00:00:00,1,0,1
2022-01-01 01:00:00,0,0,0
2022-01-01 02:00:00,2,1,1
2022-01-01 03:00:00,0,0,0
2022-01-01 04:00:00,0,0,0
2022-01-01 05:00:00,0,0,0
2022-01-01 06:00:00,0,0,0
2022-01-01 07:00:00,0,0,0
2022-01-01 08:00:00,0,0,0
2022-01-01 09:00:00,0,0,0
2022-01-01 10:00:00,0,0,0
2022-01-01 11:00:00,1,0,1
2022-01-01 12:00:00,0,0,0
2022-01-01 13:00:00,3,0,3
2022-01-01 14:00:00,4,1,3
2022-01-01 15:00:00,2,0,2
2022-01-01 16:00:00,0,0,0
2022-01-01 17:00:00,2,0,2
2022-01-01 18:00:00,1,0,1
2022-01-01 19:00:00,2,1,1
2022-01-01 20:00:00,0,0,0
2022-01-01 21:00:00,1,0,1
2022-01-01 22:00:00,1,0,1
2022-01-01 23:00:00,0,0,0
2022-01-02 00:00:00,0,0,0
2022-01-02 01:00:00,1,1,0
2022-01-02 02:00:00,0,0,0
2022-01-02 03:00:00,0,0,0
2022-01-02 04:00:00,0,0,0
2022-01-02 05:00:00,0,0,0
2022-01-02 06:00:00,0,0,0
2022-01-02 07:00:00,1,0,1
2022-01-02 08:00:00,1,1,0
2022-01-02 09:00:00,1,0,1
2022-01-02 10:00:00,4,1,3
2022-01-02 11:00:00,0,0,0
2022-01-02 12:00:00,4,4,0
2022-01-02 13:00:00,1,1,0
2022-01-02 14:00:00,1,1,0
2022-01-02 15:00:00,8,6,2
2022-01-02 16:00:00,8,2,6
2022-01-02 17:00:00,10,6,4
2022-01-02 18:00:00,4,2,2
2022-01-02 19:00:00,2,1,1
2022-01-02 20:00:00,0,0,0
2022-01-02 21:00:00,2,1,1
2022-01-02 22:00:00,0,0,0
2022-01-02 23:00:00,0,0,0
2022-01-03 00:00:00,0,0,0
2022-01-03 01:00:00,0,0,0
2022-01-03 02:00:00,0,0,0
2022-01-03 03:00:00,0,0,0
2022-01-03 04:00:00,0,0,0
2022-01-03 05:00:00,2,0,2
2022-01-03 06:00:00,6,2,4
2022-01-03 07:00:00,9,3,6
2022-01-03 08:00:00,5,0,5
2022-01-03 09:00:00,4,0,4
2022-01-03 10:00:00,5,4,1
2022-01-03 11:00:00,8,3,5
2022-01-03 12:00:00,9,3,6
2022-01-03 13:00:00,3,2,1
2022-01-03 14:00:00,16,12,4
2022-01-03 15:00:00,19,15,4
2022-01-03 16:00:00,7,4,3
2022-01-03 17:00:00,3,2,1
2022-01-03 18:00:00,0,0,0
2022-01-03 19:00:00,2,1,1
2022-01-03 20:00:00,2,2,0
2022-01-03 21:00:00,1,1,0
2022-01-03 22:00:00,3,3,0
2022-01-03 23:00:00,0,0,0
2022-01-04 00:00:00,0,0,0
2022-01-04 01:00:00,0,0,0
2022-01-04 02:00:00,0,0,0
2022-01-04 03:00:00,0,0,0
2022-01-04 04:00:00,1,1,0
2022-01-04 05:00:00,11,3,8
2022-01-04 06:00:00,10,3,7
2022-01-04 07:00:00,11,4,7
2022-01-04 08:00:00,11,4,7
2022-01-04 09:00:00,10,7,3
2022-01-04 10:00:00,8,8,0
2022-01-04 11:00:00,9,7,2
2022-01-04 12:00:00,17,5,12
2022-01-04 13:00:00,10,6,4
2022-01-04 14:00:00,12,10,2
2022-01-04 15:00:00,10,5,5
2022-01-04 16:00:00,18,8,10
2022-01-04 17:00:00,10,6,4
2022-01-04 18:00:00,10,9,1
2022-01-04 19:00:00,3,2,1
2022-01-04 20:00:00,6,3,3
2022-01-04 21:00:00,2,2,0
2022-01-04 22:00:00,3,3,0
2022-01-04 23:00:00,2,2,0
2022-01-05 00:00:00,0,0,0
2022-01-05 01:00:00,0,0,0
2022-01-05 02:00:00,0,0,0
2022-01-05 03:00:00,1,0,1
2022-01-05 04:00:00,2,2,0
2022-01-05 05:00:00,5,2,3
2022-01-05 06:00:00,10,3,7
2022-01-05 07:00:00,11,4,7
2022-01-05 08:00:00,15,6,9
2022-01-05 09:00:00,7,4,3
2022-01-05 10:00:00,11,1,10
2022-01-05 11:00:00,14,7,7
2022-01-05 12:00:00,7,3,4
2022-01-05 13:00:00,11,7,4
2022-01-05 14:00:00,11,9,2
2022-01-05 15:00:00,19,16,3
2022-01-05 16:00:00,14,6,8
2022-01-05 17:00:00,16,9,7
2022-01-05 18:00:00,6,3,3
2022-01-05 19:00:00,8,6,2
2022-01-05 20:00:00,5,3,2
2022-01-05 21:00:00,2,0,2
2022-01-05 22:00:00,2,2,0
2022-01-05 23:00:00,2,0,2
2022-01-06 00:00:00,0,0,0
2022-01-06 01:00:00,0,0,0
2022-01-06 02:00:00,2,1,1
2022-01-06 03:00:00,1,1,0
2022-01-06 04:00:00,2,1,1
2022-01-06 05:00:00,5,2,3
2022-01-06 06:00:00,8,2,6
2022-01-06 07:00:00,16,6,10
2022-01-06 08:00:00,15,5,10
2022-01-06 09:00:00,9,7,2
2022-01-06 10:00:00,5,1,4
2022-01-06 11:00:00,8,5,3
2022-01-06 12:00:00,3,2,1
2022-01-06 13:00:00,7,4,3
2022-01-06 14:00:00,22,14,8
2022-01-06 15:00:00,13,8,5
2022-01-06 16:00:00,15,7,8
2022-01-06 17:00:00,19,11,8
2022-01-06 18:00:00,7,6,1
2022-01-06 19:00:00,5,4,1
2022-01-06 20:00:00,2,1,1
2022-01-06 21:00:00,2,1,1
2022-01-06 22:00:00,2,1,1
2022-01-06 23:00:00,2,1,1
2022-01-07 00:00:00,0,0,0
2022-01-07 01:00:00,0,0,0
2022-01-07 02:00:00,0,0,0
2022-01-07 03:00:00,1,0,1
2022-01-07 04:00:00,0,0,0
2022-01-07 05:00:00,8,4,4
2022-01-07 06:00:00,8,2,6
2022-01-07 07:00:00,22,5,17
2022-01-07 08:00:00,10,3,7
2022-01-07 09:00:00,11,7,4
2022-01-07 10:00:00,9,4,5
2022-01-07 11:00:00,11,7,4
2022-01-07 12:00:00,4,1,3
2022-01-07 13:00:00,8,2,6
2022-01-07 14:00:00,12,7,5
2022-01-07 15:00:00,16,9,7
2022-01-07 16:00:00,17,13,4
2022-01-07 17:00:00,22,13,9
2022-01-07 18:00:00,14,9,5
2022-01-07 19:00:00,6,4,2
2022-01-07 20:00:00,1,0,1
2022-01-07 21:00:00,11,10,1
2022-01-07 22:00:00,1,1,0
2022-01-07 23:00:00,3,1,2
2022-01-08 00:00:00,1,1,0
2022-01-08 01:00:00,1,0,1
2022-01-08 02:00:00,0,0,0
2022-01-08 03:00:00,2,0,2
2022-01-08 04:00:00,0,0,0
2022-01-08 05:00:00,2,0,2
2022-01-08 06:00:00,1,1,0
2022-01-08 07:00:00,4,3,1
2022-01-08 08:00:00,2,2,0
2022-01-08 09:00:00,14,5,9
2022-01-08 10:00:00,14,12,2
2022-01-08 11:00:00,13,5,8
2022-01-08 12:00:00,13,7,6
2022-01-08 13:00:00,22,15,7
2022-01-08 14:00:00,34,22,12
2022-01-08 15:00:00,20,11,9
2022-01-08 16:00:00,33,19,14
2022-01-08 17:00:00,12,5,7
2022-01-08 18:00:00,8,0,8
2022-01-08 19:00:00,16,11,5
2022-01-08 20:00:00,6,3,3
2022-01-08 21:00:00,11,9,2
2022-01-08 22:00:00,1,1,0
2022-01-08 23:00:00,3,3,0
2022-01-09 00:00:00,1,1,0
2022-01-09 01:00:00,4,3,1
2022-01-09 02:00:00,0,0,0
2022-01-09 03:00:00,0,0,0
2022-01-09 04:00:00,0,0,0
2022-01-09 05:00:00,1,1,0
2022-01-09 06:00:00,0,0,0
2022-01-09 07:00:00,6,3,3
2022-01-09 08:00:00,3,3,0
2022-01-09 09:00:00,12,10,2
2022-01-09 10:00:00,11,8,3
2022-01-09 11:00:00,16,7,9
2022-01-09 12:00:00,25,19,6
2022-01-09 13:00:00,36,25,11
2022-01-09 14:00:00,35,12,23
2022-01-09 15:00:00,28,20,8
2022-01-09 16:00:00,30,17,13
2022-01-09 17:00:00,23,6,17
2022-01-09 18:00:00,13,4,9
2022-01-09 19:00:00,3,2,1
2022-01-09 20:00:00,2,1,1
2022-01-09 21:00:00,3,1,2
2022-01-09 22:00:00,1,0,1
2022-01-09 23:00:00,1,0,1
2022-01-10 00:00:00,1,1,0
2022-01-10 01:00:00,1,1,0
2022-01-10 02:00:00,0,0,0
2022-01-10 03:00:00,0,0,0
2022-01-10 04:00:00,3,2,1
2022-01-10 05:00:00,7,3,4
2022-01-10 06:00:00,14,4,10
2022-01-10 07:00:00,23,6,17
2022-01-10 08:00:00,17,7,10
2022-01-10 09:00:00,9,6,3
2022-01-10 10:00:00,1,1,0
2022-01-10 11:00:00,3,1,2
2022-01-10 12:00:00,10,6,4
2022-01-10 13:00:00,17,7,10
2022-01-10 14:00:00,13,8,5
2022-01-10 15:00:00,15,10,5
2022-01-10 16:00:00,22,16,6
2022-01-10 17:00:00,24,13,11
2022-01-10 18:00:00,11,8,3
2022-01-10 19:00:00,10,5,5
2022-01-10 20:00:00,2,0,2
2022-01-10 21:00:00,5,2,3
2022-01-10 22:00:00,2,1,1
2022-01-10 23:00:00,1,1,0
2022-01-11 00:00:00,2,2,0
2022-01-11 01:00:00,0,0,0
2022-01-11 02:00:00,1,0,1
2022-01-11 03:00:00,0,0,0
2022-01-11 04:00:00,2,0,2
2022-01-11 05:00:00,5,1,4
2022-01-11 06:00:00,12,5,7
2022-01-11 07:00:00,20,6,14
2022-01-11 08:00:00,18,8,10
2022-01-11 09:00:00,6,5,1
2022-01-11 10:00:00,8,4,4
2022-01-11 11:00:00,6,3,3
2022-01-11 12:00:00,8,4,4
2022-01-11 13:00:00,7,5,2
2022-01-11 14:00:00,17,9,8
2022-01-11 15:00:00,17,12,5
2022-01-11 16:00:00,21,14,7
2022-01-11 17:00:00,26,15,11
2022-01-11 18:00:00,20,12,8
2022-01-11 19:00:00,5,1,4
2022-01-11 20:00:00,1,1,0
2022-01-11 21:00:00,2,1,1
2022-01-11 22:00:00,3,3,0
2022-01-11 23:00:00,4,1,3
2022-01-12 00:00:00,0,0,0
2022-01-12 01:00:00,7,7,0
2022-01-12 02:00:00,2,2,0
2022-01-12 03:00:00,0,0,0
2022-01-12 04:00:00,0,0,0
2022-01-12 05:00:00,7,2,5
2022-01-12 06:00:00,14,5,9
2022-01-12 07:00:00,23,4,19
2022-01-12 08:00:00,16,6,10
2022-01-12 09:00:00,16,10,6
2022-01-12 10:00:00,9,5,4
2022-01-12 11:00:00,6,3,3
2022-01-12 12:00:00,15,8,7
2022-01-12 13:00:00,19,4,15
2022-01-12 14:00:00,14,11,3
2022-01-12 15:00:00,34,17,17
2022-01-12 16:00:00,44,30,14
2022-01-12 17:00:00,33,20,13
2022-01-12 18:00:00,16,7,9
2022-01-12 19:00:00,7,5,2
2022-01-12 20:00:00,5,2,3
2022-01-12 21:00:00,3,0,3
2022-01-12 22:00:00,9,7,2
2022-01-12 23:00:00,3,2,1
2022-01-13 00:00:00,0,0,0
2022-01-13 01:00:00,4,1,3
2022-01-13 02:00:00,0,0,0
2022-01-13 03:00:00,0,0,0
2022-01-13 04:00:00,0,0,0
2022-01-13 05:00:00,9,3,6
2022-01-13 06:00:00,10,4,6
2022-01-13 07:00:00,15,6,9
2022-01-13 08:00:00,22,8,14
2022-01-13 09:00:00,19,8,11
2022-01-13 10:00:00,14,8,6
2022-01-13 11:00:00,13,6,7
2022-01-13 12:00:00,13,6,7
2022-01-13 13:00:00,19,11,8
2022-01-13 14:00:00,25,16,9
2022-01-13 15:00:00,27,19,8
2022-01-13 16:00:00,35,22,13
2022-01-13 17:00:00,35,22,13
2022-01-13 18:00:00,18,9,9
2022-01-13 19:00:00,7,5,2
2022-01-13 20:00:00,11,4,7
2022-01-13 21:00:00,4,4,0
2022-01-13 22:00:00,6,5,1
2022-01-13 23:00:00,7,4,3
2022-01-14 00:00:00,4,3,1
2022-01-14 01:00:00,2,0,2
2022-01-14 02:00:00,1,0,1
2022-01-14 03:00:00,0,0,0
2022-01-14 04:00:00,1,1,0
2022-01-14 05:00:00,6,2,4
2022-01-14 06:00:00,10,5,5
2022-01-14 07:00:00,26,5,21
2022-01-14 08:00:00,25,14,11
2022-01-14 09:00:00,19,9,10
2022-01-14 10:00:00,12,4,8
2022-01-14 11:00:00,11,10,1
2022-01-14 12:00:00,28,12,16
2022-01-14 13:00:00,22,10,12
2022-01-14 14:00:00,25,18,7
2022-01-14 15:00:00,29,19,10
2022-01-14 16:00:00,45,26,19
2022-01-14 17:00:00,42,24,18
2022-01-14 18:00:00,17,11,6
2022-01-14 19:00:00,15,8,7
2022-01-14 20:00:00,9,5,4
2022-01-14 21:00:00,7,4,3
2022-01-14 22:00:00,9,5,4
2022-01-14 23:00:00,9,2,7
2022-01-15 00:00:00,6,2,4
2022-01-15 01:00:00,1,0,1
2022-01-15 02:00:00,3,2,1
2022-01-15 03:00:00,0,0,0
2022-01-15 04:00:00,1,0,1
2022-01-15 05:00:00,1,0,1
2022-01-15 06:00:00,2,2,0
2022-01-15 07:00:00,4,2,2
2022-01-15 08:00:00,6,3,3
2022-01-15 09:00:00,7,6,1
2022-01-15 10:00:00,14,8,6
2022-01-15 11:00:00,17,9,8
2022-01-15 12:00:00,25,19,6
2022-01-15 13:00:00,36,27,9
2022-01-15 14:00:00,29,14,15
2022-01-15 15:00:00,26,16,10
2022-01-15 16:00:00,35,19,16
2022-01-15 17:00:00,20,9,11
2022-01-15 18:00:00,10,4,6
2022-01-15 19:00:00,9,7,2
2022-01-15 20:00:00,17,11,6
2022-01-15 21:00:00,14,10,4
2022-01-15 22:00:00,8,6,2
2022-01-15 23:00:00,10,7,3
2022-01-16 00:00:00,6,3,3
2022-01-16 01:00:00,3,3,0
2022-01-16 02:00:00,0,0,0
2022-01-16 03:00:00,2,0,2
2022-01-16 04:00:00,0,0,0
2022-01-16 05:00:00,1,1,0
2022-01-16 06:00:00,0,0,0
2022-01-16 07:00:00,9,3,6
2022-01-16 08:00:00,6,3,3
2022-01-16 09:00:00,9,8,1
2022-01-16 10:00:00,11,6,5
2022-01-16 11:00:00,18,7,11
2022-01-16 12:00:00,15,10,5
2022-01-16 13:00:00,18,12,6
2022-01-16 14:00:00,21,13,8
2022-01-16 15:00:00,24,15,9
2022-01-16 16:00:00,30,19,11
2022-01-16 17:00:00,18,8,10
2022-01-16 18:00:00,7,4,3
2022-01-16 19:00:00,10,7,3
2022-01-16 20:00:00,4,2,2
2022-01-16 21:00:00,2,2,0
2022-01-16 22:00:00,4,2,2
2022-01-16 23:00:00,8,6,2
2022-01-17 00:00:00,2,1,1
2022-01-17 01:00:00,5,1,4
2022-01-17 02:00:00,0,0,0
2022-01-17 03:00:00,0,0,0
2022-01-17 04:00:00,0,0,0
2022-01-17 05:00:00,3,3,0
2022-01-17 06:00:00,12,5,7
2022-01-17 07:00:00,17,8,9
2022-01-17 08:00:00,6,1,5
2022-01-17 09:00:00,7,4,3
2022-01-17 10:00:00,8,4,4
2022-01-17 11:00:00,21,13,8
2022-01-17 12:00:00,16,10,6
2022-01-17 13:00:00,14,9,5
2022-01-17 14:00:00,26,15,11
2022-01-17 15:00:00,37,26,11
2022-01-17 16:00:00,33,15,18
2022-01-17 17:00:00,30,16,14
2022-01-17 18:00:00,12,3,9
2022-01-17 19:00:00,5,3,2
2022-01-17 20:00:00,7,6,1
2022-01-17 21:00:00,6,3,3
2022-01-17 22:00:00,3,1,2
2022-01-17 23:00:00,5,2,3
2022-01-18 00:00:00,0,0,0
2022-01-18 01:00:00,1,1,0
2022-01-18 02:00:00,0,0,0
2022-01-18 03:00:00,1,0,1
2022-01-18 04:00:00,1,0,1
2022-01-18 05:00:00,6,2,4
2022-01-18 06:00:00,14,4,10
2022-01-18 07:00:00,22,5,17
2022-01-18 08:00:00,23,11,12
2022-01-18 09:00:00,16,7,9
2022-01-18 10:00:00,11,5,6
2022-01-18 11:00:00,9,5,4
2022-01-18 12:00:00,16,10,6
2022-01-18 13:00:00,19,10,9
2022-01-18 14:00:00,14,9,5
2022-01-18 15:00:00,29,19,10
2022-01-18 16:00:00,41,28,13
2022-01-18 17:00:00,36,19,17
2022-01-18 18:00:00,14,10,4
2022-01-18 19:00:00,13,8,5
2022-01-18 20:00:00,3,1,2
2022-01-18 21:00:00,6,1,5
2022-01-18 22:00:00,1,1,0
2022-01-18 23:00:00,1,1,0
2022-01-19 00:00:00,0,0,0
2022-01-19 01:00:00,0,0,0
2022-01-19 02:00:00,5,3,2
2022-01-19 03:00:00,2,1,1
2022-01-19 04:00:00,0,0,0
2022-01-19 05:00:00,9,3,6
2022-01-19 06:00:00,13,4,9
2022-01-19 07:00:00,24,8,16
2022-01-19 08:00:00,34,10,24
2022-01-19 09:00:00,18,10,8
2022-01-19 10:00:00,10,4,6
2022-01-19 11:00:00,11,7,4
2022-01-19 12:00:00,13,4,9
2022-01-19 13:00:00,18,10,8
2022-01-19 14:00:00,28,13,15
2022-01-19 15:00:00,25,16,9
2022-01-19 16:00:00,39,25,14
2022-01-19 17:00:00,40,20,20
2022-01-19 18:00:00,16,11,5
2022-01-19 19:00:00,13,8,5
2022-01-19 20:00:00,9,4,5
2022-01-19 21:00:00,6,2,4
2022-01-19 22:00:00,2,2,0
2022-01-19 23:00:00,1,0,1
2022-01-20 00:00:00,3,3,0
2022-01-20 01:00:00,1,0,1
2022-01-20 02:00:00,0,0,0
2022-01-20 03:00:00,0,0,0
2022-01-20 04:00:00,0,0,0
2022-01-20 05:00:00,10,3,7
2022-01-20 06:00:00,10,4,6
2022-01-20 07:00:00,24,9,15
2022-01-20 08:00:00,15,6,9
2022-01-20 09:00:00,12,6,6
2022-01-20 10:00:00,16,6,10
2022-01-20 11:00:00,11,7,4
2022-01-20 12:00:00,15,6,9
2022-01-20 13:00:00,16,9,7
2022-01-20 14:00:00,15,9,6
2022-01-20 15:00:00,26,15,11
2022-01-20 16:00:00,25,18,7
2022-01-20 17:00:00,30,13,17
2022-01-20 18:00:00,18,13,5
2022-01-20 19:00:00,8,4,4
2022-01-20 20:00:00,8,5,3
2022-01-20 21:00:00,4,4,0
2022-01-20 22:00:00,3,1,2
2022-01-20 23:00:00,3,1,2
2022-01-21 00:00:00,2,1,1
2022-01-21 01:00:00,2,1,1
2022-01-21 02:00:00,1,1,0
2022-01-21 03:00:00,0,0,0
2022-01-21 04:00:00,3,2,1
2022-01-21 05:00:00,13,7,6
2022-01-21 06:00:00,12,3,9
2022-01-21 07:00:00,28,8,20
2022-01-21 08:00:00,26,9,17
2022-01-21 09:00:00,13,8,5
2022-01-21 10:00:00,7,3,4
2022-01-21 11:00:00,17,11,6
2022-01-21 12:00:00,25,10,15
2022-01-21 13:00:00,22,16,6
2022-01-21 14:00:00,27,14,13
2022-01-21 15:00:00,27,17,10
2022-01-21 16:00:00,53,27,26
2022-01-21 17:00:00,31,20,11
2022-01-21 18:00:00,19,12,7
2022-01-21 19:00:00,7,5,2
2022-01-21 20:00:00,15,4,11
2022-01-21 21:00:00,7,5,2
2022-01-21 22:00:00,15,14,1
2022-01-21 23:00:00,12,3,9
2022-01-22 00:00:00,6,5,1
2022-01-22 01:00:00,2,1,1
2022-01-22 02:00:00,2,2,0
2022-01-22 03:00:00,1,0,1
2022-01-22 04:00:00,1,1,0
2022-01-22 05:00:00,3,2,1
2022-01-22 06:00:00,1,1,0
2022-01-22 07:00:00,5,3,2
2022-01-22 08:00:00,6,5,1
2022-01-22 09:00:00,20,9,11
2022-01-22 10:00:00,18,7,11
2022-01-22 11:00:00,20,18,2
2022-01-22 12:00:00,26,16,10
2022-01-22 13:00:00,24,11,13
2022-01-22 14:00:00,39,25,14
2022-01-22 15:00:00,36,15,21
2022-01-22 16:00:00,25,12,13
2022-01-22 17:00:00,22,9,13
2022-01-22 18:00:00,15,11,4
2022-01-22 19:00:00,10,4,6
2022-01-22 20:00:00,11,4,7
2022-01-22 21:00:00,5,2,3
2022-01-22 22:00:00,4,3,1
2022-01-22 23:00:00,4,2,2
2022-01-23 00:00:00,3,3,0
2022-01-23 01:00:00,0,0,0
2022-01-23 02:00:00,1,0,1
2022-01-23 03:00:00,2,1,1
2022-01-23 04:00:00,3,0,3
2022-01-23 05:00:00,1,1,0
2022-01-23 06:00:00,1,1,0
2022-01-23 07:00:00,5,2,3
2022-01-23 08:00:00,4,4,0
2022-01-23 09:00:00,9,5,4
2022-01-23 10:00:00,11,9,2
2022-01-23 11:00:00,23,11,12
2022-01-23 12:00:00,14,8,6
2022-01-23 13:00:00,20,9,11
2022-01-23 14:00:00,10,5,5
2022-01-23 15:00:00,27,13,14
2022-01-23 16:00:00,19,13,6
2022-01-23 17:00:00,12,6,6
2022-01-23 18:00:00,16,5,11
2022-01-23 19:00:00,2,0,2
2022-01-23 20:00:00,4,3,1
2022-01-23 21:00:00,6,4,2
2022-01-23 22:00:00,9,7,2
2022-01-23 23:00:00,2,1,1
2022-01-24 00:00:00,2,1,1
2022-01-24 01:00:00,2,1,1
2022-01-24 02:00:00,1,1,0
2022-01-24 03:00:00,0,0,0
2022-01-24 04:00:00,1,0,1
2022-01-24 05:00:00,7,4,3
2022-01-24 06:00:00,15,6,9
2022-01-24 07:00:00,27,9,18
2022-01-24 08:00:00,30,12,18
2022-01-24 09:00:00,20,10,10
2022-01-24 10:00:00,9,5,4
2022-01-24 11:00:00,10,6,4
2022-01-24 12:00:00,13,8,5
2022-01-24 13:00:00,8,5,3
2022-01-24 14:00:00,26,16,10
2022-01-24 15:00:00,31,25,6
2022-01-24 16:00:00,26,19,7
2022-01-24 17:00:00,37,22,15
2022-01-24 18:00:00,16,9,7
2022-01-24 19:00:00,11,6,5
2022-01-24 20:00:00,5,4,1
2022-01-24 21:00:00,6,2,4
2022-01-24 22:00:00,5,4,1
2022-01-24 23:00:00,1,1,0
2022-01-25 00:00:00,3,2,1
2022-01-25 01:00:00,1,0,1
2022-01-25 02:00:00,3,1,2
2022-01-25 03:00:00,1,1,0
2022-01-25 04:00:00,1,1,0
2022-01-25 05:00:00,8,2,6
2022-01-25 06:00:00,20,9,11
2022-01-25 07:00:00,28,9,19
2022-01-25 08:00:00,16,7,9
2022-01-25 09:00:00,22,12,10
2022-01-25 10:00:00,5,1,4
2022-01-25 11:00:00,12,7,5
2022-01-25 12:00:00,21,10,11
2022-01-25 13:00:00,21,14,7
2022-01-25 14:00:00,36,27,9
2022-01-25 15:00:00,27,21,6
2022-01-25 16:00:00,42,25,17
2022-01-25 17:00:00,42,29,13
2022-01-25 18:00:00,25,11,14
2022-01-25 19:00:00,8,6,2
2022-01-25 20:00:00,9,4,5
2022-01-25 21:00:00,13,8,5
2022-01-25 22:00:00,5,4,1
2022-01-25 23:00:00,2,1,1
2022-01-26 00:00:00,2,0,2
2022-01-26 01:00:00,2,1,1
2022-01-26 02:00:00,1,1,0
2022-01-26 03:00:00,2,1,1
2022-01-26 04:00:00,3,2,1
2022-01-26 05:00:00,6,2,4
2022-01-26 06:00:00,18,9,9
2022-01-26 07:00:00,26,13,13
2022-01-26 08:00:00,37,14,23
2022-01-26 09:00:00,15,9,6
2022-01-26 10:00:00,17,8,9
2022-01-26 11:00:00,10,7,3
2022-01-26 12:00:00,19,10,9
2022-01-26 13:00:00,18,11,7
2022-01-26 14:00:00,18,15,3
2022-01-26 15:00:00,29,19,10
2022-01-26 16:00:00,29,20,9
2022-01-26 17:00:00,52,31,21
2022-01-26 18:00:00,10,6,4
2022-01-26 19:00:00,17,13,4
2022-01-26 20:00:00,3,2,1
2022-01-26 21:00:00,7,3,4
2022-01-26 22:00:00,8,5,3
2022-01-26 23:00:00,3,2,1
2022-01-27 00:00:00,3,2,1
2022-01-27 01:00:00,2,1,1
2022-01-27 02:00:00,0,0,0
2022-01-27 03:00:00,0,0,0
2022-01-27 04:00:00,2,2,0
2022-01-27 05:00:00,5,2,3
2022-01-27 06:00:00,14,4,10
2022-01-27 07:00:00,27,13,14
2022-01-27 08:00:00,35,18,17
2022-01-27 09:00:00,10,4,6
2022-01-27 10:00:00,13,9,4
2022-01-27 11:00:00,10,8,2
2022-01-27 12:00:00,19,11,8
2022-01-27 13:00:00,25,12,13
2022-01-27 14:00:00,26,19,7
2022-01-27 15:00:00,27,18,9
2022-01-27 16:00:00,49,30,19
2022-01-27 17:00:00,48,33,15
2022-01-27 18:00:00,21,11,10
2022-01-27 19:00:00,9,6,3
2022-01-27 20:00:00,13,7,6
2022-01-27 21:00:00,5,3,2
2022-01-27 22:00:00,8,8,0
2022-01-27 23:00:00,2,0,2
2022-01-28 00:00:00,1,1,0
2022-01-28 01:00:00,1,1,0
2022-01-28 02:00:00,1,0,1
2022-01-28 03:00:00,1,1,0
2022-01-28 04:00:00,2,2,0
2022-01-28 05:00:00,7,3,4
2022-01-28 06:00:00,10,3,7
2022-01-28 07:00:00,27,12,15
2022-01-28 08:00:00,21,10,11
2022-01-28 09:00:00,10,5,5
2022-01-28 10:00:00,12,5,7
2022-01-28 11:00:00,12,6,6
2022-01-28 12:00:00,19,9,10
2022-01-28 13:00:00,18,9,9
2022-01-28 14:00:00,25,19,6
2022-01-28 15:00:00,29,18,11
2022-01-28 16:00:00,39,18,21
2022-01-28 17:00:00,42,23,19
2022-01-28 18:00:00,18,10,8
2022-01-28 19:00:00,19,9,10
2022-01-28 20:00:00,7,2,5
2022-01-28 21:00:00,8,2,6
2022-01-28 22:00:00,6,3,3
2022-01-28 23:00:00,8,7,1
2022-01-29 00:00:00,5,2,3
2022-01-29 01:00:00,1,1,0
2022-01-29 02:00:00,2,1,1
2022-01-29 03:00:00,1,0,1
2022-01-29 04:00:00,2,1,1
2022-01-29 05:00:00,2,1,1
2022-01-29 06:00:00,5,5,0
2022-01-29 07:00:00,5,3,2
2022-01-29 08:00:00,6,3,3
2022-01-29 09:00:00,15,9,6
2022-01-29 10:00:00,22,16,6
2022-01-29 11:00:00,20,10,10
2022-01-29 12:00:00,24,9,15
2022-01-29 13:00:00,28,16,12
2022-01-29 14:00:00,36,20,16
2022-01-29 15:00:00,31,13,18
2022-01-29 16:00:00,22,9,13
2022-01-29 17:00:00,25,12,13
2022-01-29 18:00:00,14,5,9
2022-01-29 19:00:00,18,8,10
2022-01-29 20:00:00,10,4,6
2022-01-29 21:00:00,9,6,3
2022-01-29 22:00:00,6,3,3
2022-01-29 23:00:00,5,5,0
2022-01-30 00:00:00,3,1,2
2022-01-30 01:00:00,4,3,1
2022-01-30 02:00:00,5,2,3
2022-01-30 03:00:00,1,1,0
2022-01-30 04:00:00,1,1,0
2022-01-30 05:00:00,1,1,0
2022-01-30 06:00:00,2,2,0
2022-01-30 07:00:00,2,1,1
2022-01-30 08:00:00,1,1,0
2022-01-30 09:00:00,4,3,1
2022-01-30 10:00:00,9,4,5
2022-01-30 11:00:00,13,7,6
2022-01-30 12:00:00,6,5,1
2022-01-30 13:00:00,12,6,6
2022-01-30 14:00:00,9,2,7
2022-01-30 15:00:00,9,3,6
2022-01-30 16:00:00,11,6,5
2022-01-30 17:00:00,6,3,3
2022-01-30 18:00:00,7,6,1
2022-01-30 19:00:00,4,4,0
2022-01-30 20:00:00,9,6,3
2022-01-30 21:00:00,3,1,2
2022-01-30 22:00:00,3,1,2
2022-01-30 23:00:00,1,0,1
2022-01-31 00:00:00,0,0,0
2022-01-31 01:00:00,1,0,1
2022-01-31 02:00:00,0,0,0
2022-01-31 03:00:00,0,0,0
2022-01-31 04:00:00,1,1,0
2022-01-31 05:00:00,8,3,5
2022-01-31 06:00:00,11,5,6
2022-01-31 07:00:00,30,9,21
2022-01-31 08:00:00,25,14,11
2022-01-31 09:00:00,20,11,9
2022-01-31 10:00:00,11,6,5
2022-01-31 11:00:00,16,6,10
2022-01-31 12:00:00,15,7,8
2022-01-31 13:00:00,5,1,4
2022-01-31 14:00:00,14,9,5
2022-01-31 15:00:00,31,21,10
2022-01-31 16:00:00,42,22,20
2022-01-31 17:00:00,49,33,16
2022-01-31 18:00:00,30,13,17
2022-01-31 19:00:00,8,4,4
2022-01-31 20:00:00,6,5,1
2022-01-31 21:00:00,3,3,0
2022-01-31 22:00:00,5,2,3
2022-01-31 23:00:00,8,6,2
2022-02-01 00:00:00,2,1,1
2022-02-01 01:00:00,1,1,0
2022-02-01 02:00:00,1,0,1
2022-02-01 03:00:00,1,0,1
2022-02-01 04:00:00,2,1,1
2022-02-01 05:00:00,11,3,8
2022-02-01 06:00:00,14,6,8
2022-02-01 07:00:00,31,8,23
2022-02-01 08:00:00,32,13,19
2022-02-01 09:00:00,23,12,11
2022-02-01 10:00:00,15,4,11
2022-02-01 11:00:00,14,6,8
2022-02-01 12:00:00,22,14,8
2022-02-01 13:00:00,16,12,4
2022-02-01 14:00:00,25,13,12
2022-02-01 15:00:00,22,16,6
2022-02-01 16:00:00,33,21,12
2022-02-01 17:00:00,49,31,18
2022-02-01 18:00:00,27,12,15
2022-02-01 19:00:00,5,3,2
2022-02-01 20:00:00,4,3,1
2022-02-01 21:00:00,7,4,3
2022-02-01 22:00:00,6,4,2
2022-02-01 23:00:00,1,0,1
2022-02-02 00:00:00,1,0,1
2022-02-02 01:00:00,0,0,0
2022-02-02 02:00:00,0,0,0
2022-02-02 03:00:00,0,0,0
2022-02-02 04:00:00,1,1,0
2022-02-02 05:00:00,8,2,6
2022-02-02 06:00:00,11,5,6
2022-02-02 07:00:00,24,8,16
2022-02-02 08:00:00,34,14,20
2022-02-02 09:00:00,18,9,9
2022-02-02 10:00:00,13,4,9
2022-02-02 11:00:00,13,7,6
2022-02-02 12:00:00,15,6,9
2022-02-02 13:00:00,26,13,13
2022-02-02 14:00:00,12,7,5
2022-02-02 15:00:00,16,12,4
2022-02-02 16:00:00,40,28,12
2022-02-02 17:00:00,36,23,13
2022-02-02 18:00:00,17,10,7
2022-02-02 19:00:00,4,3,1
2022-02-02 20:00:00,3,2,1
2022-02-02 21:00:00,4,1,3
2022-02-02 22:00:00,5,4,1
2022-02-02 23:00:00,4,3,1
2022-02-03 00:00:00,2,0,2
2022-02-03 01:00:00,2,1,1
2022-02-03 02:00:00,0,0,0
2022-02-03 03:00:00,0,0,0
2022-02-03 04:00:00,2,2,0
2022-02-03 05:00:00,8,4,4
2022-02-03 06:00:00,12,5,7
2022-02-03 07:00:00,27,8,19
2022-02-03 08:00:00,31,14,17
2022-02-03 09:00:00,9,5,4
2022-02-03 10:00:00,14,8,6
2022-02-03 11:00:00,7,3,4
2022-02-03 12:00:00,13,7,6
2022-02-03 13:00:00,19,12,7
2022-02-03 14:00:00,19,11,8
2022-02-03 15:00:00,20,18,2
2022-02-03 16:00:00,40,26,14
2022-02-03 17:00:00,49,27,22
2022-02-03 18:00:00,14,11,3
2022-02-03 19:00:00,21,15,6
2022-02-03 20:00:00,14,9,5
2022-02-03 21:00:00,7,4,3
2022-02-03 22:00:00,6,5,1
2022-02-03 23:00:00,4,3,1
2022-02-04 00:00:00,0,0,0
2022-02-04 01:00:00,1,0,1
2022-02-04 02:00:00,4,3,1
2022-02-04 03:00:00,0,0,0
2022-02-04 04:00:00,1,0,1
2022-02-04 05:00:00,6,3,3
2022-02-04 06:00:00,14,6,8
2022-02-04 07:00:00,27,13,14
2022-02-04 08:00:00,17,8,9
2022-02-04 09:00:00,18,9,9
2022-02-04 10:00:00,11,9,2
2022-02-04 11:00:00,15,10,5
2022-02-04 12:00:00,15,7,8
2022-02-04 13:00:00,24,14,10
2022-02-04 14:00:00,22,17,5
2022-02-04 15:00:00,26,16,10
2022-02-04 16:00:00,48,33,15
2022-02-04 17:00:00,34,23,11
2022-02-04 18:00:00,12,4,8
2022-02-04 19:00:00,11,7,4
2022-02-04 20:00:00,4,3,1
2022-02-04 21:00:00,10,5,5
2022-02-04 22:00:00,0,0,0
2022-02-04 23:00:00,4,3,1
2022-02-05 00:00:00,5,3,2
2022-02-05 01:00:00,1,1,0
2022-02-05 02:00:00,3,2,1
2022-02-05 03:00:00,3,1,2
2022-02-05 04:00:00,1,1,0
2022-02-05 05:00:00,1,0,1
2022-02-05 06:00:00,2,2,0
2022-02-05 07:00:00,7,2,5
2022-02-05 08:00:00,4,4,0
2022-02-05 09:00:00,8,6,2
2022-02-05 10:00:00,10,7,3
2022-02-05 11:00:00,18,10,8
2022-02-05 12:00:00,16,10,6
2022-02-05 13:00:00,24,13,11
2022-02-05 14:00:00,15,7,8
2022-02-05 15:00:00,16,11,5
2022-02-05 16:00:00,19,6,13
2022-02-05 17:00:00,19,6,13
2022-02-05 18:00:00,7,4,3
2022-02-05 19:00:00,22,18,4
2022-02-05 20:00:00,9,3,6
2022-02-05 21:00:00,4,2,2
2022-02-05 22:00:00,7,4,3
2022-02-05 23:00:00,4,3,1
2022-02-06 00:00:00,3,2,1
2022-02-06 01:00:00,1,1,0
2022-02-06 02:00:00,2,2,0
2022-02-06 03:00:00,0,0,0
2022-02-06 04:00:00,1,1,0
2022-02-06 05:00:00,0,0,0
2022-02-06 06:00:00,4,3,1
2022-02-06 07:00:00,7,3,4
2022-02-06 08:00:00,4,3,1
2022-02-06 09:00:00,13,9,4
2022-02-06 10:00:00,21,15,6
2022-02-06 11:00:00,12,6,6
2022-02-06 12:00:00,17,6,11
2022-02-06 13:00:00,23,14,9
2022-02-06 14:00:00,27,18,9
2022-02-06 15:00:00,27,13,14
2022-02-06 16:00:00,34,17,17
2022-02-06 17:00:00,21,10,11
2022-02-06 18:00:00,14,10,4
2022-02-06 19:00:00,2,0,2
2022-02-06 20:00:00,6,2,4
2022-02-06 21:00:00,4,3,1
2022-02-06 22:00:00,1,0,1
2022-02-06 23:00:00,3,2,1
2022-02-07 00:00:00,1,1,0
2022-02-07 01:00:00,2,1,1
2022-02-07 02:00:00,2,2,0
2022-02-07 03:00:00,0,0,0
2022-02-07 04:00:00,1,1,0
2022-02-07 05:00:00,7,2,5
2022-02-07 06:00:00,18,8,10
2022-02-07 07:00:00,31,10,21
2022-02-07 08:00:00,24,11,13
2022-02-07 09:00:00,15,8,7
2022-02-07 10:00:00,16,12,4
2022-02-07 11:00:00,6,3,3
2022-02-07 12:00:00,20,13,7
2022-02-07 13:00:00,3,2,1
2022-02-07 14:00:00,9,6,3
2022-02-07 15:00:00,32,18,14
2022-02-07 16:00:00,45,32,13
2022-02-07 17:00:00,55,34,21
2022-02-07 18:00:00,19,4,15
2022-02-07 19:00:00,11,7,4
2022-02-07 20:00:00,4,3,1
2022-02-07 21:00:00,1,0,1
2022-02-07 22:00:00,7,2,5
2022-02-07 23:00:00,5,3,2
2022-02-08 00:00:00,1,1,0
2022-02-08 01:00:00,1,1,0
2022-02-08 02:00:00,2,2,0
2022-02-08 03:00:00,0,0,0
2022-02-08 04:00:00,3,1,2
2022-02-08 05:00:00,8,6,2
2022-02-08 06:00:00,20,10,10
2022-02-08 07:00:00,35,8,27
2022-02-08 08:00:00,25,12,13
2022-02-08 09:00:00,17,11,6
2022-02-08 10:00:00,16,6,10
2022-02-08 11:00:00,19,10,9
2022-02-08 12:00:00,17,11,6
2022-02-08 13:00:00,19,11,8
2022-02-08 14:00:00,21,15,6
2022-02-08 15:00:00,30,23,7
2022-02-08 16:00:00,50,32,18
2022-02-08 17:00:00,51,34,17
2022-02-08 18:00:00,34,17,17
2022-02-08 19:00:00,7,3,4
2022-02-08 20:00:00,2,1,1
2022-02-08 21:00:00,8,5,3
2022-02-08 22:00:00,5,2,3
2022-02-08 23:00:00,1,1,0
2022-02-09 00:00:00,1,1,0
2022-02-09 01:00:00,2,0,2
2022-02-09 02:00:00,1,0,1
2022-02-09 03:00:00,1,0,1
2022-02-09 04:00:00,3,3,0
2022-02-09 05:00:00,10,3,7
2022-02-09 06:00:00,20,9,11
2022-02-09 07:00:00,26,9,17
2022-02-09 08:00:00,39,13,26
2022-02-09 09:00:00,21,12,9
2022-02-09 10:00:00,23,15,8
2022-02-09 11:00:00,18,7,11
2022-02-09 12:00:00,21,7,14
2022-02-09 13:00:00,22,16,6
2022-02-09 14:00:00,17,12,5
2022-02-09 15:00:00,48,35,13
2022-02-09 16:00:00,60,38,22
2022-02-09 17:00:00,60,31,29
2022-02-09 18:00:00,22,8,14
2022-02-09 19:00:00,15,8,7
2022-02-09 20:00:00,7,2,5
2022-02-09 21:00:00,15,8,7
2022-02-09 22:00:00,15,11,4
2022-02-09 23:00:00,9,7,2
2022-02-10 00:00:00,3,2,1
2022-02-10 01:00:00,0,0,0
2022-02-10 02:00:00,0,0,0
2022-02-10 03:00:00,2,2,0
2022-02-10 04:00:00,4,4,0
2022-02-10 05:00:00,9,3,6
2022-02-10 06:00:00,14,6,8
2022-02-10 07:00:00,43,14,29
2022-02-10 08:00:00,32,15,17
2022-02-10 09:00:00,14,9,5
2022-02-10 10:00:00,11,5,6
2022-02-10 11:00:00,19,12,7
2022-02-10 12:00:00,27,14,13
2022-02-10 13:00:00,20,12,8
2022-02-10 14:00:00,18,12,6
2022-02-10 15:00:00,37,27,10
2022-02-10 16:00:00,50,32,18
2022-02-10 17:00:00,49,29,20
2022-02-10 18:00:00,28,17,11
2022-02-10 19:00:00,16,5,11
2022-02-10 20:00:00,9,7,2
2022-02-10 21:00:00,9,7,2
2022-02-10 22:00:00,5,3,2
2022-02-10 23:00:00,6,2,4
2022-02-11 00:00:00,1,0,1
2022-02-11 01:00:00,2,1,1
2022-02-11 02:00:00,3,1,2
2022-02-11 03:00:00,0,0,0
2022-02-11 04:00:00,4,4,0
2022-02-11 05:00:00,7,1,6
2022-02-11 06:00:00,15,6,9
2022-02-11 07:00:00,29,11,18
2022-02-11 08:00:00,31,19,12
2022-02-11 09:00:00,23,12,11
2022-02-11 10:00:00,10,6,4
2022-02-11 11:00:00,12,6,6
2022-02-11 12:00:00,20,8,12
2022-02-11 13:00:00,28,14,14
2022-02-11 14:00:00,31,19,12
2022-02-11 15:00:00,39,19,20
2022-02-11 16:00:00,46,31,15
2022-02-11 17:00:00,47,26,21
2022-02-11 18:00:00,21,16,5
2022-02-11 19:00:00,12,3,9
2022-02-11 20:00:00,10,5,5
2022-02-11 21:00:00,7,3,4
2022-02-11 22:00:00,3,2,1
2022-02-11 23:00:00,2,2,0
2022-02-12 00:00:00,3,2,1
2022-02-12 01:00:00,4,3,1
2022-02-12 02:00:00,1,1,0
2022-02-12 03:00:00,1,0,1
2022-02-12 04:00:00,1,0,1
2022-02-12 05:00:00,1,0,1
2022-02-12 06:00:00,0,0,0
2022-02-12 07:00:00,3,2,1
2022-02-12 08:00:00,8,7,1
2022-02-12 09:00:00,18,12,6
2022-02-12 10:00:00,19,10,9
2022-02-12 11:00:00,35,20,15
2022-02-12 12:00:00,34,14,20
2022-02-12 13:00:00,27,19,8
2022-02-12 14:00:00,37,25,12
2022-02-12 15:00:00,64,27,37
2022-02-12 16:00:00,49,18,31
2022-02-12 17:00:00,31,18,13
2022-02-12 18:00:00,22,10,12
2022-02-12 19:00:00,12,3,9
2022-02-12 20:00:00,6,3,3
2022-02-12 21:00:00,4,3,1
2022-02-12 22:00:00,2,1,1
2022-02-12 23:00:00,7,4,3
2022-02-13 00:00:00,4,3,1
2022-02-13 01:00:00,0,0,0
2022-02-13 02:00:00,2,1,1
2022-02-13 03:00:00,0,0,0
2022-02-13 04:00:00,0,0,0
2022-02-13 05:00:00,1,1,0
2022-02-13 06:00:00,1,1,0
2022-02-13 07:00:00,4,3,1
2022-02-13 08:00:00,6,5,1
2022-02-13 09:00:00,16,10,6
2022-02-13 10:00:00,15,10,5
2022-02-13 11:00:00,25,13,12
2022-02-13 12:00:00,27,17,10
2022-02-13 13:00:00,32,20,12
2022-02-13 14:00:00,33,15,18
2022-02-13 15:00:00,21,6,15
2022-02-13 16:00:00,31,19,12
2022-02-13 17:00:00,24,12,12
2022-02-13 18:00:00,13,7,6
2022-02-13 19:00:00,14,7,7
2022-02-13 20:00:00,5,1,4
2022-02-13 21:00:00,9,6,3
2022-02-13 22:00:00,5,3,2
2022-02-13 23:00:00,4,2,2
2022-02-14 00:00:00,4,1,3
2022-02-14 01:00:00,1,0,1
2022-02-14 02:00:00,2,2,0
2022-02-14 03:00:00,1,1,0
2022-02-14 04:00:00,0,0,0
2022-02-14 05:00:00,7,1,6
2022-02-14 06:00:00,19,7,12
2022-02-14 07:00:00,24,5,19
2022-02-14 08:00:00,24,8,16
2022-02-14 09:00:00,16,11,5
2022-02-14 10:00:00,5,3,2
2022-02-14 11:00:00,9,5,4
2022-02-14 12:00:00,13,8,5
2022-02-14 13:00:00,11,3,8
2022-02-14 14:00:00,14,8,6
2022-02-14 15:00:00,21,12,9
2022-02-14 16:00:00,40,27,13
2022-02-14 17:00:00,35,27,8
2022-02-14 18:00:00,19,11,8
2022-02-14 19:00:00,11,4,7
2022-02-14 20:00:00,12,3,9
2022-02-14 21:00:00,3,2,1
2022-02-14 22:00:00,3,1,2
2022-02-14 23:00:00,7,4,3
2022-02-15 00:00:00,6,2,4
2022-02-15 01:00:00,1,1,0
2022-02-15 02:00:00,0,0,0
2022-02-15 03:00:00,0,0,0
2022-02-15 04:00:00,1,0,1
2022-02-15 05:00:00,11,2,9
2022-02-15 06:00:00,17,7,10
2022-02-15 07:00:00,34,10,24
2022-02-15 08:00:00,34,14,20
2022-02-15 09:00:00,27,14,13
2022-02-15 10:00:00,13,6,7
2022-02-15 11:00:00,15,8,7
2022-02-15 12:00:00,11,4,7
2022-02-15 13:00:00,16,11,5
2022-02-15 14:00:00,36,23,13
2022-02-15 15:00:00,26,17,9
2022-02-15 16:00:00,58,41,17
2022-02-15 17:00:00,51,35,16
2022-02-15 18:00:00,26,13,13
2022-02-15 19:00:00,12,6,6
2022-02-15 20:00:00,1,1,0
2022-02-15 21:00:00,6,2,4
2022-02-15 22:00:00,2,1,1
2022-02-15 23:00:00,2,1,1
2022-02-16 00:00:00,0,0,0
2022-02-16 01:00:00,2,2,0
2022-02-16 02:00:00,1,1,0
2022-02-16 03:00:00,1,1,0
2022-02-16 04:00:00,0,0,0
2022-02-16 05:00:00,9,1,8
2022-02-16 06:00:00,20,7,13
2022-02-16 07:00:00,37,18,19
2022-02-16 08:00:00,41,16,25
2022-02-16 09:00:00,28,13,15
2022-02-16 10:00:00,13,7,6
2022-02-16 11:00:00,15,10,5
2022-02-16 12:00:00,17,8,9
2022-02-16 13:00:00,17,11,6
2022-02-16 14:00:00,23,14,9
2022-02-16 15:00:00,33,18,15
2022-02-16 16:00:00,57,37,20
2022-02-16 17:00:00,67,44,23
2022-02-16 18:00:00,38,17,21
2022-02-16 19:00:00,10,6,4
2022-02-16 20:00:00,13,7,6
2022-02-16 21:00:00,2,1,1
2022-02-16 22:00:00,4,2,2
2022-02-16 23:00:00,2,1,1
2022-02-17 00:00:00,1,0,1
2022-02-17 01:00:00,1,1,0
2022-02-17 02:00:00,1,0,1
2022-02-17 03:00:00,0,0,0
2022-02-17 04:00:00,2,1,1
2022-02-17 05:00:00,6,1,5
2022-02-17 06:00:00,23,10,13
2022-02-17 07:00:00,37,15,22
2022-02-17 08:00:00,38,17,21
2022-02-17 09:00:00,29,14,15
2022-02-17 10:00:00,14,5,9
2022-02-17 11:00:00,14,10,4
2022-02-17 12:00:00,22,10,12
2022-02-17 13:00:00,23,15,8
2022-02-17 14:00:00,19,11,8
2022-02-17 15:00:00,26,20,6
2022-02-17 16:00:00,44,35,9
2022-02-17 17:00:00,50,34,16
2022-02-17 18:00:00,23,10,13
2022-02-17 19:00:00,15,11,4
2022-02-17 20:00:00,6,2,4
2022-02-17 21:00:00,8,6,2
2022-02-17 22:00:00,8,6,2
2022-02-17 23:00:00,5,4,1
2022-02-18 00:00:00,5,3,2
2022-02-18 01:00:00,1,1,0
2022-02-18 02:00:00,3,2,1
2022-02-18 03:00:00,0,0,0
2022-02-18 04:00:00,3,2,1
2022-02-18 05:00:00,7,3,4
2022-02-18 06:00:00,20,8,12
2022-02-18 07:00:00,30,12,18
2022-02-18 08:00:00,24,10,14
2022-02-18 09:00:00,15,7,8
2022-02-18 10:00:00,18,9,9
2022-02-18 11:00:00,19,11,8
2022-02-18 12:00:00,27,16,11
2022-02-18 13:00:00,30,15,15
2022-02-18 14:00:00,43,25,18
2022-02-18 15:00:00,27,15,12
2022-02-18 16:00:00,49,30,19
2022-02-18 17:00:00,46,23,23
2022-02-18 18:00:00,20,11,9
2022-02-18 19:00:00,17,9,8
2022-02-18 20:00:00,6,4,2
2022-02-18 21:00:00,10,6,4
2022-02-18 22:00:00,5,4,1
2022-02-18 23:00:00,6,2,4
2022-02-19 00:00:00,5,3,2
2022-02-19 01:00:00,5,1,4
2022-02-19 02:00:00,6,3,3
2022-02-19 03:00:00,2,0,2
2022-02-19 04:00:00,0,0,0
2022-02-19 05:00:00,2,0,2
2022-02-19 06:00:00,1,1,0
2022-02-19 07:00:00,4,3,1
2022-02-19 08:00:00,8,3,5
2022-02-19 09:00:00,9,7,2
2022-02-19 10:00:00,13,8,5
2022-02-19 11:00:00,7,4,3
2022-02-19 12:00:00,18,6,12
2022-02-19 13:00:00,18,11,7
2022-02-19 14:00:00,20,14,6
2022-02-19 15:00:00,23,14,9
2022-02-19 16:00:00,22,16,6
2022-02-19 17:00:00,17,14,3
2022-02-19 18:00:00,9,6,3
2022-02-19 19:00:00,14,9,5
2022-02-19 20:00:00,6,3,3
2022-02-19 21:00:00,11,5,6
2022-02-19 22:00:00,3,3,0
2022-02-19 23:00:00,3,3,0
2022-02-20 00:00:00,2,1,1
2022-02-20 01:00:00,3,3,0
2022-02-20 02:00:00,1,0,1
2022-02-20 03:00:00,0,0,0
2022-02-20 04:00:00,2,2,0
2022-02-20 05:00:00,1,0,1
2022-02-20 06:00:00,3,3,0
2022-02-20 07:00:00,5,2,3
2022-02-20 08:00:00,3,3,0
2022-02-20 09:00:00,3,1,2
2022-02-20 10:00:00,5,1,4
2022-02-20 11:00:00,14,3,11
2022-02-20 12:00:00,21,14,7
2022-02-20 13:00:00,21,12,9
2022-02-20 14:00:00,21,12,9
2022-02-20 15:00:00,26,12,14
2022-02-20 16:00:00,14,8,6
2022-02-20 17:00:00,16,8,8
2022-02-20 18:00:00,15,7,8
2022-02-20 19:00:00,7,5,2
2022-02-20 20:00:00,3,1,2
2022-02-20 21:00:00,1,1,0
2022-02-20 22:00:00,2,2,0
2022-02-20 23:00:00,2,0,2
2022-02-21 00:00:00,2,2,0
2022-02-21 01:00:00,0,0,0
2022-02-21 02:00:00,0,0,0
2022-02-21 03:00:00,0,0,0
2022-02-21 04:00:00,2,1,1
2022-02-21 05:00:00,5,1,4
2022-02-21 06:00:00,5,4,1
2022-02-21 07:00:00,13,2,11
2022-02-21 08:00:00,9,3,6
2022-02-21 09:00:00,11,4,7
2022-02-21 10:00:00,5,3,2
2022-02-21 11:00:00,18,8,10
2022-02-21 12:00:00,15,9,6
2022-02-21 13:00:00,13,8,5
2022-02-21 14:00:00,22,15,7
2022-02-21 15:00:00,26,18,8
2022-02-21 16:00:00,25,10,15
2022-02-21 17:00:00,21,11,10
2022-02-21 18:00:00,11,8,3
2022-02-21 19:00:00,6,3,3
2022-02-21 20:00:00,7,2,5
2022-02-21 21:00:00,4,2,2
2022-02-21 22:00:00,3,2,1
2022-02-21 23:00:00,0,0,0
2022-02-22 00:00:00,1,1,0
2022-02-22 01:00:00,0,0,0
2022-02-22 02:00:00,0,0,0
2022-02-22 03:00:00,1,0,1
2022-02-22 04:00:00,2,1,1
2022-02-22 05:00:00,4,1,3
2022-02-22 06:00:00,15,6,9
2022-02-22 07:00:00,14,3,11
2022-02-22 08:00:00,23,8,15
2022-02-22 09:00:00,16,7,9
2022-02-22 10:00:00,14,8,6
2022-02-22 11:00:00,6,2,4
2022-02-22 12:00:00,8,3,5
2022-02-22 13:00:00,7,6,1
2022-02-22 14:00:00,19,14,5
2022-02-22 15:00:00,12,10,2
2022-02-22 16:00:00,30,20,10
2022-02-22 17:00:00,34,25,9
2022-02-22 18:00:00,13,10,3
2022-02-22 19:00:00,4,2,2
2022-02-22 20:00:00,8,4,4
2022-02-22 21:00:00,8,5,3
2022-02-22 22:00:00,1,1,0
2022-02-22 23:00:00,2,2,0
2022-02-23 00:00:00,1,1,0
2022-02-23 01:00:00,0,0,0
2022-02-23 02:00:00,1,1,0
2022-02-23 03:00:00,1,0,1
2022-02-23 04:00:00,1,1,0
2022-02-23 05:00:00,8,3,5
2022-02-23 06:00:00,12,3,9
2022-02-23 07:00:00,17,5,12
2022-02-23 08:00:00,20,8,12
2022-02-23 09:00:00,14,9,5
2022-02-23 10:00:00,8,4,4
2022-02-23 11:00:00,19,11,8
2022-02-23 12:00:00,25,12,13
2022-02-23 13:00:00,17,13,4
2022-02-23 14:00:00,17,8,9
2022-02-23 15:00:00,24,16,8
2022-02-23 16:00:00,36,25,11
2022-02-23 17:00:00,32,20,12
2022-02-23 18:00:00,16,7,9
2022-02-23 19:00:00,8,3,5
2022-02-23 20:00:00,9,4,5
2022-02-23 21:00:00,4,4,0
2022-02-23 22:00:00,6,1,5
2022-02-23 23:00:00,5,3,2
2022-02-24 00:00:00,0,0,0
2022-02-24 01:00:00,2,1,1
2022-02-24 02:00:00,1,0,1
2022-02-24 03:00:00,3,3,0
2022-02-24 04:00:00,3,2,1
2022-02-24 05:00:00,4,1,3
2022-02-24 06:00:00,12,4,8
2022-02-24 07:00:00,16,4,12
2022-02-24 08:00:00,13,3,10
2022-02-24 09:00:00,10,6,4
2022-02-24 10:00:00,11,8,3
2022-02-24 11:00:00,12,7,5
2022-02-24 12:00:00,15,8,7
2022-02-24 13:00:00,20,12,8
2022-02-24 14:00:00,20,12,8
2022-02-24 15:00:00,26,20,6
2022-02-24 16:00:00,33,22,11
2022-02-24 17:00:00,37,20,17
2022-02-24 18:00:00,29,17,12
2022-02-24 19:00:00,17,13,4
2022-02-24 20:00:00,17,9,8
2022-02-24 21:00:00,23,5,18
2022-02-24 22:00:00,12,9,3
2022-02-24 23:00:00,3,1,2
2022-02-25 00:00:00,6,4,2
2022-02-25 01:00:00,0,0,0
2022-02-25 02:00:00,1,1,0
2022-02-25 03:00:00,2,2,0
2022-02-25 04:00:00,2,1,1
2022-02-25 05:00:00,7,2,5
2022-02-25 06:00:00,11,4,7
2022-02-25 07:00:00,21,9,12
2022-02-25 08:00:00,14,7,7
2022-02-25 09:00:00,14,6,8
2022-02-25 10:00:00,9,7,2
2022-02-25 11:00:00,16,10,6
2022-02-25 12:00:00,13,5,8
2022-02-25 13:00:00,22,12,10
2022-02-25 14:00:00,29,18,11
2022-02-25 15:00:00,32,22,10
2022-02-25 16:00:00,48,29,19
2022-02-25 17:00:00,35,20,15
2022-02-25 18:00:00,18,7,11
2022-02-25 19:00:00,9,4,5
2022-02-25 20:00:00,8,7,1
2022-02-25 21:00:00,4,2,2
2022-02-25 22:00:00,7,2,5
2022-02-25 23:00:00,5,3,2
2022-02-26 00:00:00,3,2,1
2022-02-26 01:00:00,5,1,4
2022-02-26 02:00:00,2,1,1
2022-02-26 03:00:00,2,2,0
2022-02-26 04:00:00,0,0,0
2022-02-26 05:00:00,1,0,1
2022-02-26 06:00:00,3,3,0
2022-02-26 07:00:00,6,2,4
2022-02-26 08:00:00,8,8,0
2022-02-26 09:00:00,9,4,5
2022-02-26 10:00:00,12,3,9
2022-02-26 11:00:00,18,6,12
2022-02-26 12:00:00,23,15,8
2022-02-26 13:00:00,26,17,9
2022-02-26 14:00:00,18,11,7
2022-02-26 15:00:00,17,9,8
2022-02-26 16:00:00,7,5,2
2022-02-26 17:00:00,17,4,13
2022-02-26 18:00:00,7,5,2
2022-02-26 19:00:00,1,1,0
2022-02-26 20:00:00,3,1,2
2022-02-26 21:00:00,4,4,0
2022-02-26 22:00:00,1,1,0
2022-02-26 23:00:00,4,4,0
2022-02-27 00:00:00,1,0,1
2022-02-27 01:00:00,1,1,0
2022-02-27 02:00:00,0,0,0
2022-02-27 03:00:00,0,0,0
2022-02-27 04:00:00,1,0,1
2022-02-27 05:00:00,4,2,2
2022-02-27 06:00:00,2,2,0
2022-02-27 07:00:00,46,44,2
2022-02-27 08:00:00,47,41,6
2022-02-27 09:00:00,5,2,3
2022-02-27 10:00:00,5,4,1
2022-02-27 11:00:00,13,4,9
2022-02-27 12:00:00,19,6,13
2022-02-27 13:00:00,26,4,22
2022-02-27 14:00:00,56,6,50
2022-02-27 15:00:00,21,8,13
2022-02-27 16:00:00,25,21,4
2022-02-27 17:00:00,7,5,2
2022-02-27 18:00:00,8,5,3
2022-02-27 19:00:00,20,2,18
2022-02-27 20:00:00,2,1,1
2022-02-27 21:00:00,1,1,0
2022-02-27 22:00:00,1,1,0
2022-02-27 23:00:00,2,0,2
2022-02-28 00:00:00,2,1,1
2022-02-28 01:00:00,0,0,0
2022-02-28 02:00:00,0,0,0
2022-02-28 03:00:00,2,1,1
2022-02-28 04:00:00,1,1,0
2022-02-28 05:00:00,4,1,3
2022-02-28 06:00:00,13,5,8
2022-02-28 07:00:00,16,5,11
2022-02-28 08:00:00,11,3,8
2022-02-28 09:00:00,15,8,7
2022-02-28 10:00:00,7,4,3
2022-02-28 11:00:00,10,9,1
2022-02-28 12:00:00,21,7,14
2022-02-28 13:00:00,16,4,12
2022-02-28 14:00:00,8,7,1
2022-02-28 15:00:00,12,7,5
2022-02-28 16:00:00,16,14,2
2022-02-28 17:00:00,30,15,15
2022-02-28 18:00:00,12,8,4
2022-02-28 19:00:00,7,3,4
2022-02-28 20:00:00,6,4,2
2022-02-28 21:00:00,4,3,1
2022-02-28 22:00:00,0,0,0
2022-02-28 23:00:00,3,1,2
2022-03-01 00:00:00,9,2,7
2022-03-01 01:00:00,0,0,0
2022-03-01 02:00:00,0,0,0
2022-03-01 03:00:00,2,1,1
2022-03-01 04:00:00,1,0,1
2022-03-01 05:00:00,6,2,4
2022-03-01 06:00:00,11,3,8
2022-03-01 07:00:00,22,9,13
2022-03-01 08:00:00,30,9,21
2022-03-01 09:00:00,25,13,12
2022-03-01 10:00:00,12,3,9
2022-03-01 11:00:00,7,4,3
2022-03-01 12:00:00,12,7,5
2022-03-01 13:00:00,12,7,5
2022-03-01 14:00:00,36,20,16
2022-03-01 15:00:00,33,19,14
2022-03-01 16:00:00,34,25,9
2022-03-01 17:00:00,56,40,16
2022-03-01 18:00:00,15,9,6
2022-03-01 19:00:00,14,6,8
2022-03-01 20:00:00,8,2,6
2022-03-01 21:00:00,9,5,4
2022-03-01 22:00:00,7,7,0
2022-03-01 23:00:00,9,7,2
2022-03-02 00:00:00,2,2,0
2022-03-02 01:00:00,1,1,0
2022-03-02 02:00:00,1,0,1
2022-03-02 03:00:00,0,0,0
2022-03-02 04:00:00,0,0,0
2022-03-02 05:00:00,7,1,6
2022-03-02 06:00:00,15,5,10
2022-03-02 07:00:00,30,9,21
2022-03-02 08:00:00,32,7,25
2022-03-02 09:00:00,20,14,6
2022-03-02 10:00:00,17,10,7
2022-03-02 11:00:00,15,6,9
2022-03-02 12:00:00,19,8,11
2022-03-02 13:00:00,21,15,6
2022-03-02 14:00:00,21,11,10
2022-03-02 15:00:00,15,14,1
2022-03-02 16:00:00,28,20,8
2022-03-02 17:00:00,48,39,9
2022-03-02 18:00:00,20,11,9
2022-03-02 19:00:00,9,3,6
2022-03-02 20:00:00,16,9,7
2022-03-02 21:00:00,11,6,5
2022-03-02 22:00:00,8,6,2
2022-03-02 23:00:00,1,1,0
2022-03-03 00:00:00,7,5,2
2022-03-03 01:00:00,1,0,1
2022-03-03 02:00:00,0,0,0
2022-03-03 03:00:00,0,0,0
2022-03-03 04:00:00,3,2,1
2022-03-03 05:00:00,7,1,6
2022-03-03 06:00:00,14,4,10
2022-03-03 07:00:00,24,11,13
2022-03-03 08:00:00,28,9,19
2022-03-03 09:00:00,18,13,5
2022-03-03 10:00:00,5,3,2
2022-03-03 11:00:00,16,10,6
2022-03-03 12:00:00,10,3,7
2022-03-03 13:00:00,15,10,5
2022-03-03 14:00:00,30,17,13
2022-03-03 15:00:00,41,20,21
2022-03-03 16:00:00,48,31,17
2022-03-03 17:00:00,38,22,16
2022-03-03 18:00:00,38,26,12
2022-03-03 19:00:00,15,10,5
2022-03-03 20:00:00,16,9,7
2022-03-03 21:00:00,12,9,3
2022-03-03 22:00:00,3,3,0
2022-03-03 23:00:00,5,4,1
2022-03-04 00:00:00,2,1,1
2022-03-04 01:00:00,2,0,2
2022-03-04 02:00:00,0,0,0
2022-03-04 03:00:00,0,0,0
2022-03-04 04:00:00,1,1,0
2022-03-04 05:00:00,5,1,4
2022-03-04 06:00:00,15,7,8
2022-03-04 07:00:00,32,11,21
2022-03-04 08:00:00,29,13,16
2022-03-04 09:00:00,21,11,10
2022-03-04 10:00:00,7,6,1
2022-03-04 11:00:00,10,6,4
2022-03-04 12:00:00,23,11,12
2022-03-04 13:00:00,20,13,7
2022-03-04 14:00:00,28,16,12
2022-03-04 15:00:00,26,14,12
2022-03-04 16:00:00,35,24,11
2022-03-04 17:00:00,43,25,18
2022-03-04 18:00:00,26,17,9
2022-03-04 19:00:00,14,5,9
2022-03-04 20:00:00,15,8,7
2022-03-04 21:00:00,9,4,5
2022-03-04 22:00:00,5,2,3
2022-03-04 23:00:00,7,3,4
2022-03-05 00:00:00,0,0,0
2022-03-05 01:00:00,1,1,0
2022-03-05 02:00:00,1,1,0
2022-03-05 03:00:00,3,0,3
2022-03-05 04:00:00,2,2,0
2022-03-05 05:00:00,4,0,4
2022-03-05 06:00:00,2,2,0
2022-03-05 07:00:00,4,2,2
2022-03-05 08:00:00,10,10,0
2022-03-05 09:00:00,14,8,6
2022-03-05 10:00:00,9,6,3
2022-03-05 11:00:00,18,11,7
2022-03-05 12:00:00,26,15,11
2022-03-05 13:00:00,31,19,12
2022-03-05 14:00:00,24,14,10
2022-03-05 15:00:00,30,16,14
2022-03-05 16:00:00,36,20,16
2022-03-05 17:00:00,33,16,17
2022-03-05 18:00:00,22,9,13
2022-03-05 19:00:00,34,12,22
2022-03-05 20:00:00,13,7,6
2022-03-05 21:00:00,11,6,5
2022-03-05 22:00:00,5,4,1
2022-03-05 23:00:00,8,7,1
2022-03-06 00:00:00,5,3,2
2022-03-06 01:00:00,1,1,0
2022-03-06 02:00:00,2,1,1
2022-03-06 03:00:00,0,0,0
2022-03-06 04:00:00,2,1,1
2022-03-06 05:00:00,1,0,1
2022-03-06 06:00:00,4,3,1
2022-03-06 07:00:00,6,3,3
2022-03-06 08:00:00,5,4,1
2022-03-06 09:00:00,7,3,4
2022-03-06 10:00:00,12,3,9
2022-03-06 11:00:00,17,15,2
2022-03-06 12:00:00,9,5,4
2022-03-06 13:00:00,25,16,9
2022-03-06 14:00:00,33,15,18
2022-03-06 15:00:00,19,10,9
2022-03-06 16:00:00,31,18,13
2022-03-06 17:00:00,20,7,13
2022-03-06 18:00:00,15,6,9
2022-03-06 19:00:00,3,1,2
2022-03-06 20:00:00,5,4,1
2022-03-06 21:00:00,4,3,1
2022-03-06 22:00:00,4,3,1
2022-03-06 23:00:00,4,2,2
2022-03-07 00:00:00,3,1,2
2022-03-07 01:00:00,0,0,0
2022-03-07 02:00:00,0,0,0
2022-03-07 03:00:00,1,0,1
2022-03-07 04:00:00,1,1,0
2022-03-07 05:00:00,11,2,9
2022-03-07 06:00:00,15,7,8
2022-03-07 07:00:00,32,11,21
2022-03-07 08:00:00,30,12,18
2022-03-07 09:00:00,19,14,5
2022-03-07 10:00:00,16,9,7
2022-03-07 11:00:00,9,6,3
2022-03-07 12:00:00,15,3,12
2022-03-07 13:00:00,18,10,8
2022-03-07 14:00:00,24,13,11
2022-03-07 15:00:00,27,21,6
2022-03-07 16:00:00,50,33,17
2022-03-07 17:00:00,53,33,20
2022-03-07 18:00:00,18,13,5
2022-03-07 19:00:00,14,5,9
2022-03-07 20:00:00,4,0,4
2022-03-07 21:00:00,4,2,2
2022-03-07 22:00:00,1,1,0
2022-03-07 23:00:00,1,1,0
2022-03-08 00:00:00,4,2,2
2022-03-08 01:00:00,2,0,2
2022-03-08 02:00:00,0,0,0
2022-03-08 03:00:00,2,1,1
2022-03-08 04:00:00,0,0,0
2022-03-08 05:00:00,8,2,6
2022-03-08 06:00:00,15,4,11
2022-03-08 07:00:00,28,4,24
2022-03-08 08:00:00,22,6,16
2022-03-08 09:00:00,38,23,15
2022-03-08 10:00:00,10,5,5
2022-03-08 11:00:00,16,7,9
2022-03-08 12:00:00,9,4,5
2022-03-08 13:00:00,9,5,4
2022-03-08 14:00:00,15,10,5
2022-03-08 15:00:00,33,19,14
2022-03-08 16:00:00,56,37,19
2022-03-08 17:00:00,58,44,14
2022-03-08 18:00:00,39,32,7
2022-03-08 19:00:00,21,17,4
2022-03-08 20:00:00,15,4,11
2022-03-08 21:00:00,42,11,31
2022-03-08 22:00:00,7,2,5
2022-03-08 23:00:00,2,0,2
2022-03-09 00:00:00,1,1,0
2022-03-09 01:00:00,1,1,0
2022-03-09 02:00:00,0,0,0
2022-03-09 03:00:00,0,0,0
2022-03-09 04:00:00,2,2,0
2022-03-09 05:00:00,12,2,10
2022-03-09 06:00:00,22,6,16
2022-03-09 07:00:00,27,10,17
2022-03-09 08:00:00,46,15,31
2022-03-09 09:00:00,32,17,15
2022-03-09 10:00:00,17,6,11
2022-03-09 11:00:00,22,15,7
2022-03-09 12:00:00,18,10,8
2022-03-09 13:00:00,26,16,10
2022-03-09 14:00:00,31,19,12
2022-03-09 15:00:00,50,32,18
2022-03-09 16:00:00,57,43,14
2022-03-09 17:00:00,57,38,19
2022-03-09 18:00:00,43,19,24
2022-03-09 19:00:00,18,8,10
2022-03-09 20:00:00,7,3,4
2022-03-09 21:00:00,4,1,3
2022-03-09 22:00:00,6,5,1
2022-03-09 23:00:00,2,1,1
2022-03-10 00:00:00,4,2,2
2022-03-10 01:00:00,2,2,0
2022-03-10 02:00:00,0,0,0
2022-03-10 03:00:00,0,0,0
2022-03-10 04:00:00,2,2,0
2022-03-10 05:00:00,10,2,8
2022-03-10 06:00:00,15,4,11
2022-03-10 07:00:00,30,11,19
2022-03-10 08:00:00,40,14,26
2022-03-10 09:00:00,32,18,14
2022-03-10 10:00:00,16,9,7
2022-03-10 11:00:00,18,9,9
2022-03-10 12:00:00,20,13,7
2022-03-10 13:00:00,29,16,13
2022-03-10 14:00:00,27,15,12
2022-03-10 15:00:00,33,21,12
2022-03-10 16:00:00,52,41,11
2022-03-10 17:00:00,42,30,12
2022-03-10 18:00:00,31,21,10
2022-03-10 19:00:00,14,10,4
2022-03-10 20:00:00,12,6,6
2022-03-10 21:00:00,10,9,1
2022-03-10 22:00:00,15,5,10
2022-03-10 23:00:00,5,1,4
2022-03-11 00:00:00,6,5,1
2022-03-11 01:00:00,0,0,0
2022-03-11 02:00:00,1,1,0
2022-03-11 03:00:00,0,0,0
2022-03-11 04:00:00,1,1,0
2022-03-11 05:00:00,6,2,4
2022-03-11 06:00:00,18,7,11
2022-03-11 07:00:00,30,8,22
2022-03-11 08:00:00,25,8,17
2022-03-11 09:00:00,25,18,7
2022-03-11 10:00:00,12,4,8
2022-03-11 11:00:00,18,12,6
2022-03-11 12:00:00,14,10,4
2022-03-11 13:00:00,23,15,8
2022-03-11 14:00:00,17,11,6
2022-03-11 15:00:00,50,32,18
2022-03-11 16:00:00,56,32,24
2022-03-11 17:00:00,45,25,20
2022-03-11 18:00:00,36,17,19
2022-03-11 19:00:00,21,11,10
2022-03-11 20:00:00,10,2,8
2022-03-11 21:00:00,11,5,6
2022-03-11 22:00:00,10,4,6
2022-03-11 23:00:00,19,5,14
2022-03-12 00:00:00,3,2,1
2022-03-12 01:00:00,4,2,2
2022-03-12 02:00:00,8,6,2
2022-03-12 03:00:00,2,0,2
2022-03-12 04:00:00,0,0,0
2022-03-12 05:00:00,3,1,2
2022-03-12 06:00:00,1,1,0
2022-03-12 07:00:00,3,1,2
2022-03-12 08:00:00,12,8,4
2022-03-12 09:00:00,18,10,8
2022-03-12 10:00:00,25,10,15
2022-03-12 11:00:00,29,20,9
2022-03-12 12:00:00,70,57,13
2022-03-12 13:00:00,40,17,23
2022-03-12 14:00:00,41,22,19
2022-03-12 15:00:00,76,17,59
2022-03-12 16:00:00,18,6,12
2022-03-12 17:00:00,11,6,5
2022-03-12 18:00:00,13,7,6
2022-03-12 19:00:00,7,3,4
2022-03-12 20:00:00,4,1,3
2022-03-12 21:00:00,4,3,1
2022-03-12 22:00:00,6,3,3
2022-03-12 23:00:00,8,5,3
2022-03-13 00:00:00,2,1,1
2022-03-13 01:00:00,3,3,0
2022-03-13 02:00:00,0,0,0
2022-03-13 03:00:00,3,3,0
2022-03-13 04:00:00,0,0,0
2022-03-13 05:00:00,2,0,2
2022-03-13 06:00:00,0,0,0
2022-03-13 07:00:00,4,2,2
2022-03-13 08:00:00,7,4,3
2022-03-13 09:00:00,11,5,6
2022-03-13 10:00:00,14,6,8
2022-03-13 11:00:00,23,14,9
2022-03-13 12:00:00,26,12,14
2022-03-13 13:00:00,30,17,13
2022-03-13 14:00:00,26,10,16
2022-03-13 15:00:00,16,11,5
2022-03-13 16:00:00,25,12,13
2022-03-13 17:00:00,18,8,10
2022-03-13 18:00:00,14,7,7
2022-03-13 19:00:00,15,7,8
2022-03-13 20:00:00,9,5,4
2022-03-13 21:00:00,9,5,4
2022-03-13 22:00:00,5,3,2
2022-03-13 23:00:00,3,0,3
2022-03-14 00:00:00,4,3,1
2022-03-14 01:00:00,0,0,0
2022-03-14 02:00:00,0,0,0
2022-03-14 03:00:00,0,0,0
2022-03-14 04:00:00,0,0,0
2022-03-14 05:00:00,10,4,6
2022-03-14 06:00:00,7,1,6
2022-03-14 07:00:00,25,5,20
2022-03-14 08:00:00,25,13,12
2022-03-14 09:00:00,19,6,13
2022-03-14 10:00:00,10,8,2
2022-03-14 11:00:00,21,9,12
2022-03-14 12:00:00,13,7,6
2022-03-14 13:00:00,9,4,5
2022-03-14 14:00:00,11,5,6
2022-03-14 15:00:00,22,19,3
2022-03-14 16:00:00,22,17,5
2022-03-14 17:00:00,34,24,10
2022-03-14 18:00:00,15,9,6
2022-03-14 19:00:00,8,3,5
2022-03-14 20:00:00,7,1,6
2022-03-14 21:00:00,4,2,2
2022-03-14 22:00:00,3,2,1
2022-03-14 23:00:00,3,2,1
2022-03-15 00:00:00,1,0,1
2022-03-15 01:00:00,1,0,1
2022-03-15 02:00:00,0,0,0
2022-03-15 03:00:00,2,1,1
2022-03-15 04:00:00,0,0,0
2022-03-15 05:00:00,7,2,5
2022-03-15 06:00:00,14,3,11
2022-03-15 07:00:00,29,10,19
2022-03-15 08:00:00,33,12,21
2022-03-15 09:00:00,25,12,13
2022-03-15 10:00:00,10,5,5
2022-03-15 11:00:00,16,6,10
2022-03-15 12:00:00,23,10,13
2022-03-15 13:00:00,14,6,8
2022-03-15 14:00:00,26,15,11
2022-03-15 15:00:00,40,23,17
2022-03-15 16:00:00,46,33,13
2022-03-15 17:00:00,46,38,8
2022-03-15 18:00:00,40,30,10
2022-03-15 19:00:00,16,9,7
2022-03-15 20:00:00,19,13,6
2022-03-15 21:00:00,11,6,5
2022-03-15 22:00:00,6,1,5
2022-03-15 23:00:00,2,1,1
2022-03-16 00:00:00,0,0,0
2022-03-16 01:00:00,0,0,0
2022-03-16 02:00:00,0,0,0
2022-03-16 03:00:00,0,0,0
2022-03-16 04:00:00,0,0,0
2022-03-16 05:00:00,0,0,0
2022-03-16 06:00:00,0,0,0
2022-03-16 07:00:00,0,0,0
2022-03-16 08:00:00,0,0,0
2022-03-16 09:00:00,0,0,0
2022-03-16 10:00:00,0,0,0
2022-03-16 11:00:00,0,0,0
2022-03-16 12:00:00,0,0,0
2022-03-16 13:00:00,0,0,0
2022-03-16 14:00:00,23,15,8
2022-03-16 15:00:00,42,21,21
2022-03-16 16:00:00,71,44,27
2022-03-16 17:00:00,68,48,20
2022-03-16 18:00:00,33,17,16
2022-03-16 19:00:00,23,13,10
2022-03-16 20:00:00,22,7,15
2022-03-16 21:00:00,15,7,8
2022-03-16 22:00:00,14,9,5
2022-03-16 23:00:00,6,4,2
2022-03-17 00:00:00,5,3,2
2022-03-17 01:00:00,0,0,0
2022-03-17 02:00:00,0,0,0
2022-03-17 03:00:00,0,0,0
2022-03-17 04:00:00,3,3,0
2022-03-17 05:00:00,10,3,7
2022-03-17 06:00:00,15,5,10
2022-03-17 07:00:00,32,13,19
2022-03-17 08:00:00,32,16,16
2022-03-17 09:00:00,24,13,11
2022-03-17 10:00:00,14,8,6
2022-03-17 11:00:00,24,12,12
2022-03-17 12:00:00,12,9,3
2022-03-17 13:00:00,20,11,9
2022-03-17 14:00:00,38,23,15
2022-03-17 15:00:00,36,23,13
2022-03-17 16:00:00,42,27,15
2022-03-17 17:00:00,52,30,22
2022-03-17 18:00:00,40,21,19
2022-03-17 19:00:00,15,7,8
2022-03-17 20:00:00,18,7,11
2022-03-17 21:00:00,11,5,6
2022-03-17 22:00:00,8,5,3
2022-03-17 23:00:00,8,1,7
2022-03-18 00:00:00,1,0,1
2022-03-18 01:00:00,1,0,1
2022-03-18 02:00:00,0,0,0
2022-03-18 03:00:00,2,1,1
2022-03-18 04:00:00,3,3,0
2022-03-18 05:00:00,11,5,6
2022-03-18 06:00:00,19,7,12
2022-03-18 07:00:00,29,10,19
2022-03-18 08:00:00,27,10,17
2022-03-18 09:00:00,15,9,6
2022-03-18 10:00:00,11,5,6
2022-03-18 11:00:00,25,15,10
2022-03-18 12:00:00,16,6,10
2022-03-18 13:00:00,23,11,12
2022-03-18 14:00:00,37,24,13
2022-03-18 15:00:00,44,30,14
2022-03-18 16:00:00,46,31,15
2022-03-18 17:00:00,44,28,16
2022-03-18 18:00:00,34,25,9
2022-03-18 19:00:00,29,19,10
2022-03-18 20:00:00,12,7,5
2022-03-18 21:00:00,17,7,10
2022-03-18 22:00:00,4,4,0
2022-03-18 23:00:00,6,2,4
2022-03-19 00:00:00,5,1,4
2022-03-19 01:00:00,6,5,1
2022-03-19 02:00:00,4,1,3
2022-03-19 03:00:00,2,1,1
2022-03-19 04:00:00,0,0,0
2022-03-19 05:00:00,4,0,4
2022-03-19 06:00:00,2,2,0
2022-03-19 07:00:00,2,0,2
2022-03-19 08:00:00,3,2,1
2022-03-19 09:00:00,10,7,3
2022-03-19 10:00:00,8,6,2
2022-03-19 11:00:00,12,8,4
2022-03-19 12:00:00,10,6,4
2022-03-19 13:00:00,23,13,10
2022-03-19 14:00:00,22,11,11
2022-03-19 15:00:00,15,8,7
2022-03-19 16:00:00,17,7,10
2022-03-19 17:00:00,8,6,2
2022-03-19 18:00:00,13,10,3
2022-03-19 19:00:00,16,5,11
2022-03-19 20:00:00,3,0,3
2022-03-19 21:00:00,7,4,3
2022-03-19 22:00:00,12,7,5
2022-03-19 23:00:00,12,11,1
2022-03-20 00:00:00,3,3,0
2022-03-20 01:00:00,3,2,1
2022-03-20 02:00:00,2,2,0
2022-03-20 03:00:00,1,1,0
2022-03-20 04:00:00,0,0,0
2022-03-20 05:00:00,0,0,0
2022-03-20 06:00:00,1,1,0
2022-03-20 07:00:00,1,1,0
2022-03-20 08:00:00,6,2,4
2022-03-20 09:00:00,8,2,6
2022-03-20 10:00:00,22,13,9
2022-03-20 11:00:00,15,5,10
2022-03-20 12:00:00,24,16,8
2022-03-20 13:00:00,12,8,4
2022-03-20 14:00:00,21,7,14
2022-03-20 15:00:00,5,2,3
2022-03-20 16:00:00,10,4,6
2022-03-20 17:00:00,8,3,5
2022-03-20 18:00:00,8,7,1
2022-03-20 19:00:00,6,3,3
2022-03-20 20:00:00,5,4,1
2022-03-20 21:00:00,2,2,0
2022-03-20 22:00:00,3,3,0
2022-03-20 23:00:00,5,3,2
2022-03-21 00:00:00,2,1,1
2022-03-21 01:00:00,0,0,0
2022-03-21 02:00:00,0,0,0
2022-03-21 03:00:00,0,0,0
2022-03-21 04:00:00,2,1,1
2022-03-21 05:00:00,3,1,2
2022-03-21 06:00:00,13,2,11
2022-03-21 07:00:00,25,6,19
2022-03-21 08:00:00,22,9,13
2022-03-21 09:00:00,6,4,2
2022-03-21 10:00:00,6,4,2
2022-03-21 11:00:00,9,3,6
2022-03-21 12:00:00,12,6,6
2022-03-21 13:00:00,9,5,4
2022-03-21 14:00:00,14,10,4
2022-03-21 15:00:00,27,16,11
2022-03-21 16:00:00,38,29,9
2022-03-21 17:00:00,35,21,14
2022-03-21 18:00:00,18,5,13
2022-03-21 19:00:00,9,5,4
2022-03-21 20:00:00,5,0,5
2022-03-21 21:00:00,10,5,5
2022-03-21 22:00:00,4,2,2
2022-03-21 23:00:00,2,0,2
2022-03-22 00:00:00,0,0,0
2022-03-22 01:00:00,2,1,1
2022-03-22 02:00:00,1,0,1
2022-03-22 03:00:00,1,0,1
2022-03-22 04:00:00,1,1,0
2022-03-22 05:00:00,8,2,6
2022-03-22 06:00:00,27,7,20
2022-03-22 07:00:00,32,12,20
2022-03-22 08:00:00,43,16,27
2022-03-22 09:00:00,32,19,13
2022-03-22 10:00:00,11,5,6
2022-03-22 11:00:00,33,21,12
2022-03-22 12:00:00,18,11,7
2022-03-22 13:00:00,28,12,16
2022-03-22 14:00:00,41,21,20
2022-03-22 15:00:00,39,29,10
2022-03-22 16:00:00,69,47,22
2022-03-22 17:00:00,81,52,29
2022-03-22 18:00:00,41,27,14
2022-03-22 19:00:00,22,9,13
2022-03-22 20:00:00,18,5,13
2022-03-22 21:00:00,20,10,10
2022-03-22 22:00:00,9,7,2
2022-03-22 23:00:00,8,4,4
2022-03-23 00:00:00,6,4,2
2022-03-23 01:00:00,1,1,0
2022-03-23 02:00:00,3,3,0
2022-03-23 03:00:00,1,1,0
2022-03-23 04:00:00,2,1,1
2022-03-23 05:00:00,15,2,13
2022-03-23 06:00:00,17,5,12
2022-03-23 07:00:00,33,10,23
2022-03-23 08:00:00,48,15,33
2022-03-23 09:00:00,32,22,10
2022-03-23 10:00:00,15,8,7
2022-03-23 11:00:00,20,11,9
2022-03-23 12:00:00,15,12,3
2022-03-23 13:00:00,16,8,8
2022-03-23 14:00:00,22,17,5
2022-03-23 15:00:00,26,16,10
2022-03-23 16:00:00,54,39,15
2022-03-23 17:00:00,52,37,15
2022-03-23 18:00:00,17,13,4
2022-03-23 19:00:00,12,8,4
2022-03-23 20:00:00,5,3,2
2022-03-23 21:00:00,3,2,1
2022-03-23 22:00:00,3,2,1
2022-03-23 23:00:00,13,11,2
2022-03-24 00:00:00,3,1,2
2022-03-24 01:00:00,1,0,1
2022-03-24 02:00:00,4,1,3
2022-03-24 03:00:00,1,0,1
2022-03-24 04:00:00,2,2,0
2022-03-24 05:00:00,9,4,5
2022-03-24 06:00:00,23,11,12
2022-03-24 07:00:00,42,16,26
2022-03-24 08:00:00,46,21,25
2022-03-24 09:00:00,23,14,9
2022-03-24 10:00:00,14,9,5
2022-03-24 11:00:00,20,9,11
2022-03-24 12:00:00,23,11,12
2022-03-24 13:00:00,36,18,18
2022-03-24 14:00:00,32,18,14
2022-03-24 15:00:00,35,26,9
2022-03-24 16:00:00,45,33,12
2022-03-24 17:00:00,57,34,23
2022-03-24 18:00:00,48,33,15
2022-03-24 19:00:00,26,11,15
2022-03-24 20:00:00,12,6,6
2022-03-24 21:00:00,8,4,4
2022-03-24 22:00:00,7,6,1
2022-03-24 23:00:00,7,5,2
2022-03-25 00:00:00,0,0,0
2022-03-25 01:00:00,0,0,0
2022-03-25 02:00:00,0,0,0
2022-03-25 03:00:00,1,0,1
2022-03-25 04:00:00,3,3,0
2022-03-25 05:00:00,9,5,4
2022-03-25 06:00:00,12,5,7
2022-03-25 07:00:00,33,12,21
2022-03-25 08:00:00,27,18,9
2022-03-25 09:00:00,24,19,5
2022-03-25 10:00:00,20,9,11
2022-03-25 11:00:00,23,10,13
2022-03-25 12:00:00,20,5,15
2022-03-25 13:00:00,35,19,16
2022-03-25 14:00:00,37,22,15
2022-03-25 15:00:00,41,26,15
2022-03-25 16:00:00,72,42,30
2022-03-25 17:00:00,57,32,25
2022-03-25 18:00:00,48,25,23
2022-03-25 19:00:00,36,19,17
2022-03-25 20:00:00,22,12,10
2022-03-25 21:00:00,11,6,5
2022-03-25 22:00:00,15,9,6
2022-03-25 23:00:00,12,10,2
2022-03-26 00:00:00,11,9,2
2022-03-26 01:00:00,4,0,4
2022-03-26 02:00:00,7,5,2
2022-03-26 03:00:00,1,0,1
2022-03-26 04:00:00,1,0,1
2022-03-26 05:00:00,5,1,4
2022-03-26 06:00:00,0,0,0
2022-03-26 07:00:00,5,3,2
2022-03-26 08:00:00,10,4,6
2022-03-26 09:00:00,9,2,7
2022-03-26 10:00:00,29,17,12
2022-03-26 11:00:00,20,11,9
2022-03-26 12:00:00,28,17,11
2022-03-26 13:00:00,41,26,15
2022-03-26 14:00:00,55,31,24
2022-03-26 15:00:00,38,24,14
2022-03-26 16:00:00,40,27,13
2022-03-26 17:00:00,32,25,7
2022-03-26 18:00:00,25,22,3
2022-03-26 19:00:00,22,14,8
2022-03-26 20:00:00,9,5,4
2022-03-26 21:00:00,17,7,10
2022-03-26 22:00:00,56,8,48
2022-03-26 23:00:00,20,10,10
2022-03-27 00:00:00,14,9,5
2022-03-27 01:00:00,6,2,4
2022-03-27 02:00:00,8,2,6
2022-03-27 03:00:00,2,2,0
2022-03-27 04:00:00,4,1,3
2022-03-27 05:00:00,1,0,1
2022-03-27 06:00:00,3,2,1
2022-03-27 07:00:00,5,4,1
2022-03-27 08:00:00,4,3,1
2022-03-27 09:00:00,14,5,9
2022-03-27 10:00:00,23,11,12
2022-03-27 11:00:00,20,10,10
2022-03-27 12:00:00,37,14,23
2022-03-27 13:00:00,52,22,30
2022-03-27 14:00:00,43,28,15
2022-03-27 15:00:00,44,30,14
2022-03-27 16:00:00,32,22,10
2022-03-27 17:00:00,32,12,20
2022-03-27 18:00:00,20,13,7
2022-03-27 19:00:00,10,3,7
2022-03-27 20:00:00,16,8,8
2022-03-27 21:00:00,11,9,2
2022-03-27 22:00:00,13,2,11
2022-03-27 23:00:00,4,1,3
2022-03-28 00:00:00,2,1,1
2022-03-28 01:00:00,2,1,1
2022-03-28 02:00:00,3,2,1
2022-03-28 03:00:00,3,1,2
2022-03-28 04:00:00,1,1,0
2022-03-28 05:00:00,10,6,4
2022-03-28 06:00:00,19,8,11
2022-03-28 07:00:00,33,13,20
2022-03-28 08:00:00,31,9,22
2022-03-28 09:00:00,31,16,15
2022-03-28 10:00:00,18,7,11
2022-03-28 11:00:00,21,12,9
2022-03-28 12:00:00,13,4,9
2022-03-28 13:00:00,15,8,7
2022-03-28 14:00:00,28,17,11
2022-03-28 15:00:00,45,34,11
2022-03-28 16:00:00,60,38,22
2022-03-28 17:00:00,52,30,22
2022-03-28 18:00:00,26,16,10
2022-03-28 19:00:00,12,8,4
2022-03-28 20:00:00,11,5,6
2022-03-28 21:00:00,12,9,3
2022-03-28 22:00:00,5,4,1
2022-03-28 23:00:00,2,2,0
2022-03-29 00:00:00,6,4,2
2022-03-29 01:00:00,0,0,0
2022-03-29 02:00:00,2,0,2
2022-03-29 03:00:00,1,0,1
2022-03-29 04:00:00,2,2,0
2022-03-29 05:00:00,10,5,5
2022-03-29 06:00:00,18,7,11
2022-03-29 07:00:00,48,13,35
2022-03-29 08:00:00,63,27,36
2022-03-29 09:00:00,42,20,22
2022-03-29 10:00:00,17,8,9
2022-03-29 11:00:00,29,13,16
2022-03-29 12:00:00,17,8,9
2022-03-29 13:00:00,31,18,13
2022-03-29 14:00:00,32,22,10
2022-03-29 15:00:00,35,22,13
2022-03-29 16:00:00,97,66,31
2022-03-29 17:00:00,77,49,28
2022-03-29 18:00:00,49,30,19
2022-03-29 19:00:00,21,17,4
2022-03-29 20:00:00,18,5,13
2022-03-29 21:00:00,11,8,3
2022-03-29 22:00:00,7,3,4
2022-03-29 23:00:00,10,3,7
2022-03-30 00:00:00,4,3,1
2022-03-30 01:00:00,1,1,0
2022-03-30 02:00:00,1,0,1
2022-03-30 03:00:00,1,0,1
2022-03-30 04:00:00,2,2,0
2022-03-30 05:00:00,5,3,2
2022-03-30 06:00:00,20,6,14
2022-03-30 07:00:00,34,12,22
2022-03-30 08:00:00,45,18,27
2022-03-30 09:00:00,28,16,12
2022-03-30 10:00:00,19,10,9
2022-03-30 11:00:00,33,18,15
2022-03-30 12:00:00,25,8,17
2022-03-30 13:00:00,23,12,11
2022-03-30 14:00:00,27,16,11
2022-03-30 15:00:00,26,16,10
2022-03-30 16:00:00,62,39,23
2022-03-30 17:00:00,51,33,18
2022-03-30 18:00:00,26,8,18
2022-03-30 19:00:00,8,5,3
2022-03-30 20:00:00,6,3,3
2022-03-30 21:00:00,7,3,4
2022-03-30 22:00:00,10,6,4
2022-03-30 23:00:00,6,4,2
2022-03-31 00:00:00,5,2,3
2022-03-31 01:00:00,0,0,0
2022-03-31 02:00:00,0,0,0
2022-03-31 03:00:00,3,1,2
2022-03-31 04:00:00,0,0,0
2022-03-31 05:00:00,6,2,4
2022-03-31 06:00:00,20,8,12
2022-03-31 07:00:00,46,14,32
2022-03-31 08:00:00,60,32,28
2022-03-31 09:00:00,32,21,11
2022-03-31 10:00:00,11,4,7
2022-03-31 11:00:00,21,13,8
2022-03-31 12:00:00,24,13,11
2022-03-31 13:00:00,31,17,14
2022-03-31 14:00:00,30,18,12
2022-03-31 15:00:00,40,26,14
2022-03-31 16:00:00,74,48,26
2022-03-31 17:00:00,74,45,29
2022-03-31 18:00:00,44,29,15
2022-03-31 19:00:00,24,11,13
2022-03-31 20:00:00,18,7,11
2022-03-31 21:00:00,17,10,7
2022-03-31 22:00:00,7,4,3
2022-03-31 23:00:00,14,10,4
2022-03-01 00:00:00,9,2,7
2022-03-01 01:00:00,0,0,0
2022-03-01 02:00:00,0,0,0
2022-03-01 03:00:00,2,1,1
2022-03-01 04:00:00,1,0,1
2022-03-01 05:00:00,6,2,4
2022-03-01 06:00:00,11,3,8
2022-03-01 07:00:00,22,9,13
2022-03-01 08:00:00,30,9,21
2022-03-01 09:00:00,25,13,12
2022-03-01 10:00:00,12,3,9
2022-03-01 11:00:00,7,4,3
2022-03-01 12:00:00,12,7,5
2022-03-01 13:00:00,12,7,5
2022-03-01 14:00:00,36,20,16
2022-03-01 15:00:00,33,19,14
2022-03-01 16:00:00,34,25,9
2022-03-01 17:00:00,56,40,16
2022-03-01 18:00:00,15,9,6
2022-03-01 19:00:00,14,6,8
2022-03-01 20:00:00,8,2,6
2022-03-01 21:00:00,9,5,4
2022-03-01 22:00:00,7,7,0
2022-03-01 23:00:00,9,7,2
2022-03-02 00:00:00,2,2,0
2022-03-02 01:00:00,1,1,0
2022-03-02 02:00:00,1,0,1
2022-03-02 03:00:00,0,0,0
2022-03-02 04:00:00,0,0,0
2022-03-02 05:00:00,7,1,6
2022-03-02 06:00:00,15,5,10
2022-03-02 07:00:00,30,9,21
2022-03-02 08:00:00,32,7,25
2022-03-02 09:00:00,20,14,6
2022-03-02 10:00:00,17,10,7
2022-03-02 11:00:00,15,6,9
2022-03-02 12:00:00,19,8,11
2022-03-02 13:00:00,21,15,6
2022-03-02 14:00:00,21,11,10
2022-03-02 15:00:00,15,14,1
2022-03-02 16:00:00,28,20,8
2022-03-02 17:00:00,48,39,9
2022-03-02 18:00:00,20,11,9
2022-03-02 19:00:00,9,3,6
2022-03-02 20:00:00,16,9,7
2022-03-02 21:00:00,11,6,5
2022-03-02 22:00:00,8,6,2
2022-03-02 23:00:00,1,1,0
2022-03-03 00:00:00,7,5,2
2022-03-03 01:00:00,1,0,1
2022-03-03 02:00:00,0,0,0
2022-03-03 03:00:00,0,0,0
2022-03-03 04:00:00,3,2,1
2022-03-03 05:00:00,7,1,6
2022-03-03 06:00:00,14,4,10
2022-03-03 07:00:00,24,11,13
2022-03-03 08:00:00,28,9,19
2022-03-03 09:00:00,18,13,5
2022-03-03 10:00:00,5,3,2
2022-03-03 11:00:00,16,10,6
2022-03-03 12:00:00,10,3,7
2022-03-03 13:00:00,15,10,5
2022-03-03 14:00:00,30,17,13
2022-03-03 15:00:00,41,20,21
2022-03-03 16:00:00,48,31,17
2022-03-03 17:00:00,38,22,16
2022-03-03 18:00:00,38,26,12
2022-03-03 19:00:00,15,10,5
2022-03-03 20:00:00,16,9,7
2022-03-03 21:00:00,12,9,3
2022-03-03 22:00:00,3,3,0
2022-03-03 23:00:00,5,4,1
2022-03-04 00:00:00,2,1,1
2022-03-04 01:00:00,2,0,2
2022-03-04 02:00:00,0,0,0
2022-03-04 03:00:00,0,0,0
2022-03-04 04:00:00,1,1,0
2022-03-04 05:00:00,5,1,4
2022-03-04 06:00:00,15,7,8
2022-03-04 07:00:00,32,11,21
2022-03-04 08:00:00,29,13,16
2022-03-04 09:00:00,21,11,10
2022-03-04 10:00:00,7,6,1
2022-03-04 11:00:00,10,6,4
2022-03-04 12:00:00,23,11,12
2022-03-04 13:00:00,20,13,7
2022-03-04 14:00:00,28,16,12
2022-03-04 15:00:00,26,14,12
2022-03-04 16:00:00,35,24,11
2022-03-04 17:00:00,43,25,18
2022-03-04 18:00:00,26,17,9
2022-03-04 19:00:00,14,5,9
2022-03-04 20:00:00,15,8,7
2022-03-04 21:00:00,9,4,5
2022-03-04 22:00:00,5,2,3
2022-03-04 23:00:00,7,3,4
2022-03-05 00:00:00,0,0,0
2022-03-05 01:00:00,1,1,0
2022-03-05 02:00:00,1,1,0
2022-03-05 03:00:00,3,0,3
2022-03-05 04:00:00,2,2,0
2022-03-05 05:00:00,4,0,4
2022-03-05 06:00:00,2,2,0
2022-03-05 07:00:00,4,2,2
2022-03-05 08:00:00,10,10,0
2022-03-05 09:00:00,14,8,6
2022-03-05 10:00:00,9,6,3
2022-03-05 11:00:00,18,11,7
2022-03-05 12:00:00,26,15,11
2022-03-05 13:00:00,31,19,12
2022-03-05 14:00:00,24,14,10
2022-03-05 15:00:00,30,16,14
2022-03-05 16:00:00,36,20,16
2022-03-05 17:00:00,33,16,17
2022-03-05 18:00:00,22,9,13
2022-03-05 19:00:00,34,12,22
2022-03-05 20:00:00,13,7,6
2022-03-05 21:00:00,11,6,5
2022-03-05 22:00:00,5,4,1
2022-03-05 23:00:00,8,7,1
2022-03-06 00:00:00,5,3,2
2022-03-06 01:00:00,1,1,0
2022-03-06 02:00:00,2,1,1
2022-03-06 03:00:00,0,0,0
2022-03-06 04:00:00,2,1,1
2022-03-06 05:00:00,1,0,1
2022-03-06 06:00:00,4,3,1
2022-03-06 07:00:00,6,3,3
2022-03-06 08:00:00,5,4,1
2022-03-06 09:00:00,7,3,4
2022-03-06 10:00:00,12,3,9
2022-03-06 11:00:00,17,15,2
2022-03-06 12:00:00,9,5,4
2022-03-06 13:00:00,25,16,9
2022-03-06 14:00:00,33,15,18
2022-03-06 15:00:00,19,10,9
2022-03-06 16:00:00,31,18,13
2022-03-06 17:00:00,20,7,13
2022-03-06 18:00:00,15,6,9
2022-03-06 19:00:00,3,1,2
2022-03-06 20:00:00,5,4,1
2022-03-06 21:00:00,4,3,1
2022-03-06 22:00:00,4,3,1
2022-03-06 23:00:00,4,2,2
2022-03-07 00:00:00,3,1,2
2022-03-07 01:00:00,0,0,0
2022-03-07 02:00:00,0,0,0
2022-03-07 03:00:00,1,0,1
2022-03-07 04:00:00,1,1,0
2022-03-07 05:00:00,11,2,9
2022-03-07 06:00:00,15,7,8
2022-03-07 07:00:00,32,11,21
2022-03-07 08:00:00,30,12,18
2022-03-07 09:00:00,19,14,5
2022-03-07 10:00:00,16,9,7
2022-03-07 11:00:00,9,6,3
2022-03-07 12:00:00,15,3,12
2022-03-07 13:00:00,18,10,8
2022-03-07 14:00:00,24,13,11
2022-03-07 15:00:00,27,21,6
2022-03-07 16:00:00,50,33,17
2022-03-07 17:00:00,53,33,20
2022-03-07 18:00:00,18,13,5
2022-03-07 19:00:00,14,5,9
2022-03-07 20:00:00,4,0,4
2022-03-07 21:00:00,4,2,2
2022-03-07 22:00:00,1,1,0
2022-03-07 23:00:00,1,1,0
2022-03-08 00:00:00,4,2,2
2022-03-08 01:00:00,2,0,2
2022-03-08 02:00:00,0,0,0
2022-03-08 03:00:00,2,1,1
2022-03-08 04:00:00,0,0,0
2022-03-08 05:00:00,8,2,6
2022-03-08 06:00:00,15,4,11
2022-03-08 07:00:00,28,4,24
2022-03-08 08:00:00,22,6,16
2022-03-08 09:00:00,38,23,15
2022-03-08 10:00:00,10,5,5
2022-03-08 11:00:00,16,7,9
2022-03-08 12:00:00,9,4,5
2022-03-08 13:00:00,9,5,4
2022-03-08 14:00:00,15,10,5
2022-03-08 15:00:00,33,19,14
2022-03-08 16:00:00,56,37,19
2022-03-08 17:00:00,58,44,14
2022-03-08 18:00:00,39,32,7
2022-03-08 19:00:00,21,17,4
2022-03-08 20:00:00,15,4,11
2022-03-08 21:00:00,42,11,31
2022-03-08 22:00:00,7,2,5
2022-03-08 23:00:00,2,0,2
2022-03-09 00:00:00,1,1,0
2022-03-09 01:00:00,1,1,0
2022-03-09 02:00:00,0,0,0
2022-03-09 03:00:00,0,0,0
2022-03-09 04:00:00,2,2,0
2022-03-09 05:00:00,12,2,10
2022-03-09 06:00:00,22,6,16
2022-03-09 07:00:00,27,10,17
2022-03-09 08:00:00,46,15,31
2022-03-09 09:00:00,32,17,15
2022-03-09 10:00:00,17,6,11
2022-03-09 11:00:00,22,15,7
2022-03-09 12:00:00,18,10,8
2022-03-09 13:00:00,26,16,10
2022-03-09 14:00:00,31,19,12
2022-03-09 15:00:00,50,32,18
2022-03-09 16:00:00,57,43,14
2022-03-09 17:00:00,57,38,19
2022-03-09 18:00:00,43,19,24
2022-03-09 19:00:00,18,8,10
2022-03-09 20:00:00,7,3,4
2022-03-09 21:00:00,4,1,3
2022-03-09 22:00:00,6,5,1
2022-03-09 23:00:00,2,1,1
2022-03-10 00:00:00,4,2,2
2022-03-10 01:00:00,2,2,0
2022-03-10 02:00:00,0,0,0
2022-03-10 03:00:00,0,0,0
2022-03-10 04:00:00,2,2,0
2022-03-10 05:00:00,10,2,8
2022-03-10 06:00:00,15,4,11
2022-03-10 07:00:00,30,11,19
2022-03-10 08:00:00,40,14,26
2022-03-10 09:00:00,32,18,14
2022-03-10 10:00:00,16,9,7
2022-03-10 11:00:00,18,9,9
2022-03-10 12:00:00,20,13,7
2022-03-10 13:00:00,29,16,13
2022-03-10 14:00:00,27,15,12
2022-03-10 15:00:00,33,21,12
2022-03-10 16:00:00,52,41,11
2022-03-10 17:00:00,42,30,12
2022-03-10 18:00:00,31,21,10
2022-03-10 19:00:00,14,10,4
2022-03-10 20:00:00,12,6,6
2022-03-10 21:00:00,10,9,1
2022-03-10 22:00:00,15,5,10
2022-03-10 23:00:00,5,1,4
2022-03-11 00:00:00,6,5,1
2022-03-11 01:00:00,0,0,0
2022-03-11 02:00:00,1,1,0
2022-03-11 03:00:00,0,0,0
2022-03-11 04:00:00,1,1,0
2022-03-11 05:00:00,6,2,4
2022-03-11 06:00:00,18,7,11
2022-03-11 07:00:00,30,8,22
2022-03-11 08:00:00,25,8,17
2022-03-11 09:00:00,25,18,7
2022-03-11 10:00:00,12,4,8
2022-03-11 11:00:00,18,12,6
2022-03-11 12:00:00,14,10,4
2022-03-11 13:00:00,23,15,8
2022-03-11 14:00:00,17,11,6
2022-03-11 15:00:00,50,32,18
2022-03-11 16:00:00,56,32,24
2022-03-11 17:00:00,45,25,20
2022-03-11 18:00:00,36,17,19
2022-03-11 19:00:00,21,11,10
2022-03-11 20:00:00,10,2,8
2022-03-11 21:00:00,11,5,6
2022-03-11 22:00:00,10,4,6
2022-03-11 23:00:00,19,5,14
2022-03-12 00:00:00,3,2,1
2022-03-12 01:00:00,4,2,2
2022-03-12 02:00:00,8,6,2
2022-03-12 03:00:00,2,0,2
2022-03-12 04:00:00,0,0,0
2022-03-12 05:00:00,3,1,2
2022-03-12 06:00:00,1,1,0
2022-03-12 07:00:00,3,1,2
2022-03-12 08:00:00,12,8,4
2022-03-12 09:00:00,18,10,8
2022-03-12 10:00:00,25,10,15
2022-03-12 11:00:00,29,20,9
2022-03-12 12:00:00,70,57,13
2022-03-12 13:00:00,40,17,23
2022-03-12 14:00:00,41,22,19
2022-03-12 15:00:00,76,17,59
2022-03-12 16:00:00,18,6,12
2022-03-12 17:00:00,11,6,5
2022-03-12 18:00:00,13,7,6
2022-03-12 19:00:00,7,3,4
2022-03-12 20:00:00,4,1,3
2022-03-12 21:00:00,4,3,1
2022-03-12 22:00:00,6,3,3
2022-03-12 23:00:00,8,5,3
2022-03-13 00:00:00,2,1,1
2022-03-13 01:00:00,3,3,0
2022-03-13 02:00:00,0,0,0
2022-03-13 03:00:00,3,3,0
2022-03-13 04:00:00,0,0,0
2022-03-13 05:00:00,2,0,2
2022-03-13 06:00:00,0,0,0
2022-03-13 07:00:00,4,2,2
2022-03-13 08:00:00,7,4,3
2022-03-13 09:00:00,11,5,6
2022-03-13 10:00:00,14,6,8
2022-03-13 11:00:00,23,14,9
2022-03-13 12:00:00,26,12,14
2022-03-13 13:00:00,30,17,13
2022-03-13 14:00:00,26,10,16
2022-03-13 15:00:00,16,11,5
2022-03-13 16:00:00,25,12,13
2022-03-13 17:00:00,18,8,10
2022-03-13 18:00:00,14,7,7
2022-03-13 19:00:00,15,7,8
2022-03-13 20:00:00,9,5,4
2022-03-13 21:00:00,9,5,4
2022-03-13 22:00:00,5,3,2
2022-03-13 23:00:00,3,0,3
2022-03-14 00:00:00,4,3,1
2022-03-14 01:00:00,0,0,0
2022-03-14 02:00:00,0,0,0
2022-03-14 03:00:00,0,0,0
2022-03-14 04:00:00,0,0,0
2022-03-14 05:00:00,10,4,6
2022-03-14 06:00:00,7,1,6
2022-03-14 07:00:00,25,5,20
2022-03-14 08:00:00,25,13,12
2022-03-14 09:00:00,19,6,13
2022-03-14 10:00:00,10,8,2
2022-03-14 11:00:00,21,9,12
2022-03-14 12:00:00,13,7,6
2022-03-14 13:00:00,9,4,5
2022-03-14 14:00:00,11,5,6
2022-03-14 15:00:00,22,19,3
2022-03-14 16:00:00,22,17,5
2022-03-14 17:00:00,34,24,10
2022-03-14 18:00:00,15,9,6
2022-03-14 19:00:00,8,3,5
2022-03-14 20:00:00,7,1,6
2022-03-14 21:00:00,4,2,2
2022-03-14 22:00:00,3,2,1
2022-03-14 23:00:00,3,2,1
2022-03-15 00:00:00,1,0,1
2022-03-15 01:00:00,1,0,1
2022-03-15 02:00:00,0,0,0
2022-03-15 03:00:00,2,1,1
2022-03-15 04:00:00,0,0,0
2022-03-15 05:00:00,7,2,5
2022-03-15 06:00:00,14,3,11
2022-03-15 07:00:00,29,10,19
2022-03-15 08:00:00,33,12,21
2022-03-15 09:00:00,25,12,13
2022-03-15 10:00:00,10,5,5
2022-03-15 11:00:00,16,6,10
2022-03-15 12:00:00,23,10,13
2022-03-15 13:00:00,14,6,8
2022-03-15 14:00:00,26,15,11
2022-03-15 15:00:00,40,23,17
2022-03-15 16:00:00,46,33,13
2022-03-15 17:00:00,46,38,8
2022-03-15 18:00:00,40,30,10
2022-03-15 19:00:00,16,9,7
2022-03-15 20:00:00,19,13,6
2022-03-15 21:00:00,11,6,5
2022-03-15 22:00:00,6,1,5
2022-03-15 23:00:00,2,1,1
2022-03-16 00:00:00,0,0,0
2022-03-16 01:00:00,0,0,0
2022-03-16 02:00:00,0,0,0
2022-03-16 03:00:00,0,0,0
2022-03-16 04:00:00,0,0,0
2022-03-16 05:00:00,0,0,0
2022-03-16 06:00:00,0,0,0
2022-03-16 07:00:00,0,0,0
2022-03-16 08:00:00,0,0,0
2022-03-16 09:00:00,0,0,0
2022-03-16 10:00:00,0,0,0
2022-03-16 11:00:00,0,0,0
2022-03-16 12:00:00,0,0,0
2022-03-16 13:00:00,0,0,0
2022-03-16 14:00:00,23,15,8
2022-03-16 15:00:00,42,21,21
2022-03-16 16:00:00,71,44,27
2022-03-16 17:00:00,68,48,20
2022-03-16 18:00:00,33,17,16
2022-03-16 19:00:00,23,13,10
2022-03-16 20:00:00,22,7,15
2022-03-16 21:00:00,15,7,8
2022-03-16 22:00:00,14,9,5
2022-03-16 23:00:00,6,4,2
2022-03-17 00:00:00,5,3,2
2022-03-17 01:00:00,0,0,0
2022-03-17 02:00:00,0,0,0
2022-03-17 03:00:00,0,0,0
2022-03-17 04:00:00,3,3,0
2022-03-17 05:00:00,10,3,7
2022-03-17 06:00:00,15,5,10
2022-03-17 07:00:00,32,13,19
2022-03-17 08:00:00,32,16,16
2022-03-17 09:00:00,24,13,11
2022-03-17 10:00:00,14,8,6
2022-03-17 11:00:00,24,12,12
2022-03-17 12:00:00,12,9,3
2022-03-17 13:00:00,20,11,9
2022-03-17 14:00:00,38,23,15
2022-03-17 15:00:00,36,23,13
2022-03-17 16:00:00,42,27,15
2022-03-17 17:00:00,52,30,22
2022-03-17 18:00:00,40,21,19
2022-03-17 19:00:00,15,7,8
2022-03-17 20:00:00,18,7,11
2022-03-17 21:00:00,11,5,6
2022-03-17 22:00:00,8,5,3
2022-03-17 23:00:00,8,1,7
2022-03-18 00:00:00,1,0,1
2022-03-18 01:00:00,1,0,1
2022-03-18 02:00:00,0,0,0
2022-03-18 03:00:00,2,1,1
2022-03-18 04:00:00,3,3,0
2022-03-18 05:00:00,11,5,6
2022-03-18 06:00:00,19,7,12
2022-03-18 07:00:00,29,10,19
2022-03-18 08:00:00,27,10,17
2022-03-18 09:00:00,15,9,6
2022-03-18 10:00:00,11,5,6
2022-03-18 11:00:00,25,15,10
2022-03-18 12:00:00,16,6,10
2022-03-18 13:00:00,23,11,12
2022-03-18 14:00:00,37,24,13
2022-03-18 15:00:00,44,30,14
2022-03-18 16:00:00,46,31,15
2022-03-18 17:00:00,44,28,16
2022-03-18 18:00:00,34,25,9
2022-03-18 19:00:00,29,19,10
2022-03-18 20:00:00,12,7,5
2022-03-18 21:00:00,17,7,10
2022-03-18 22:00:00,4,4,0
2022-03-18 23:00:00,6,2,4
2022-03-19 00:00:00,5,1,4
2022-03-19 01:00:00,6,5,1
2022-03-19 02:00:00,4,1,3
2022-03-19 03:00:00,2,1,1
2022-03-19 04:00:00,0,0,0
2022-03-19 05:00:00,4,0,4
2022-03-19 06:00:00,2,2,0
2022-03-19 07:00:00,2,0,2
2022-03-19 08:00:00,3,2,1
2022-03-19 09:00:00,10,7,3
2022-03-19 10:00:00,8,6,2
2022-03-19 11:00:00,12,8,4
2022-03-19 12:00:00,10,6,4
2022-03-19 13:00:00,23,13,10
2022-03-19 14:00:00,22,11,11
2022-03-19 15:00:00,15,8,7
2022-03-19 16:00:00,17,7,10
2022-03-19 17:00:00,8,6,2
2022-03-19 18:00:00,13,10,3
2022-03-19 19:00:00,16,5,11
2022-03-19 20:00:00,3,0,3
2022-03-19 21:00:00,7,4,3
2022-03-19 22:00:00,12,7,5
2022-03-19 23:00:00,12,11,1
2022-03-20 00:00:00,3,3,0
2022-03-20 01:00:00,3,2,1
2022-03-20 02:00:00,2,2,0
2022-03-20 03:00:00,1,1,0
2022-03-20 04:00:00,0,0,0
2022-03-20 05:00:00,0,0,0
2022-03-20 06:00:00,1,1,0
2022-03-20 07:00:00,1,1,0
2022-03-20 08:00:00,6,2,4
2022-03-20 09:00:00,8,2,6
2022-03-20 10:00:00,22,13,9
2022-03-20 11:00:00,15,5,10
2022-03-20 12:00:00,24,16,8
2022-03-20 13:00:00,12,8,4
2022-03-20 14:00:00,21,7,14
2022-03-20 15:00:00,5,2,3
2022-03-20 16:00:00,10,4,6
2022-03-20 17:00:00,8,3,5
2022-03-20 18:00:00,8,7,1
2022-03-20 19:00:00,6,3,3
2022-03-20 20:00:00,5,4,1
2022-03-20 21:00:00,2,2,0
2022-03-20 22:00:00,3,3,0
2022-03-20 23:00:00,5,3,2
2022-03-21 00:00:00,2,1,1
2022-03-21 01:00:00,0,0,0
2022-03-21 02:00:00,0,0,0
2022-03-21 03:00:00,0,0,0
2022-03-21 04:00:00,2,1,1
2022-03-21 05:00:00,3,1,2
2022-03-21 06:00:00,13,2,11
2022-03-21 07:00:00,25,6,19
2022-03-21 08:00:00,22,9,13
2022-03-21 09:00:00,6,4,2
2022-03-21 10:00:00,6,4,2
2022-03-21 11:00:00,9,3,6
2022-03-21 12:00:00,12,6,6
2022-03-21 13:00:00,9,5,4
2022-03-21 14:00:00,14,10,4
2022-03-21 15:00:00,27,16,11
2022-03-21 16:00:00,38,29,9
2022-03-21 17:00:00,35,21,14
2022-03-21 18:00:00,18,5,13
2022-03-21 19:00:00,9,5,4
2022-03-21 20:00:00,5,0,5
2022-03-21 21:00:00,10,5,5
2022-03-21 22:00:00,4,2,2
2022-03-21 23:00:00,2,0,2
2022-03-22 00:00:00,0,0,0
2022-03-22 01:00:00,2,1,1
2022-03-22 02:00:00,1,0,1
2022-03-22 03:00:00,1,0,1
2022-03-22 04:00:00,1,1,0
2022-03-22 05:00:00,8,2,6
2022-03-22 06:00:00,27,7,20
2022-03-22 07:00:00,32,12,20
2022-03-22 08:00:00,43,16,27
2022-03-22 09:00:00,32,19,13
2022-03-22 10:00:00,11,5,6
2022-03-22 11:00:00,33,21,12
2022-03-22 12:00:00,18,11,7
2022-03-22 13:00:00,28,12,16
2022-03-22 14:00:00,41,21,20
2022-03-22 15:00:00,39,29,10
2022-03-22 16:00:00,69,47,22
2022-03-22 17:00:00,81,52,29
2022-03-22 18:00:00,41,27,14
2022-03-22 19:00:00,22,9,13
2022-03-22 20:00:00,18,5,13
2022-03-22 21:00:00,20,10,10
2022-03-22 22:00:00,9,7,2
2022-03-22 23:00:00,8,4,4
2022-03-23 00:00:00,6,4,2
2022-03-23 01:00:00,1,1,0
2022-03-23 02:00:00,3,3,0
2022-03-23 03:00:00,1,1,0
2022-03-23 04:00:00,2,1,1
2022-03-23 05:00:00,15,2,13
2022-03-23 06:00:00,17,5,12
2022-03-23 07:00:00,33,10,23
2022-03-23 08:00:00,48,15,33
2022-03-23 09:00:00,32,22,10
2022-03-23 10:00:00,15,8,7
2022-03-23 11:00:00,20,11,9
2022-03-23 12:00:00,15,12,3
2022-03-23 13:00:00,16,8,8
2022-03-23 14:00:00,22,17,5
2022-03-23 15:00:00,26,16,10
2022-03-23 16:00:00,54,39,15
2022-03-23 17:00:00,52,37,15
2022-03-23 18:00:00,17,13,4
2022-03-23 19:00:00,12,8,4
2022-03-23 20:00:00,5,3,2
2022-03-23 21:00:00,3,2,1
2022-03-23 22:00:00,3,2,1
2022-03-23 23:00:00,13,11,2
2022-03-24 00:00:00,3,1,2
2022-03-24 01:00:00,1,0,1
2022-03-24 02:00:00,4,1,3
2022-03-24 03:00:00,1,0,1
2022-03-24 04:00:00,2,2,0
2022-03-24 05:00:00,9,4,5
2022-03-24 06:00:00,23,11,12
2022-03-24 07:00:00,42,16,26
2022-03-24 08:00:00,46,21,25
2022-03-24 09:00:00,23,14,9
2022-03-24 10:00:00,14,9,5
2022-03-24 11:00:00,20,9,11
2022-03-24 12:00:00,23,11,12
2022-03-24 13:00:00,36,18,18
2022-03-24 14:00:00,32,18,14
2022-03-24 15:00:00,35,26,9
2022-03-24 16:00:00,45,33,12
2022-03-24 17:00:00,57,34,23
2022-03-24 18:00:00,48,33,15
2022-03-24 19:00:00,26,11,15
2022-03-24 20:00:00,12,6,6
2022-03-24 21:00:00,8,4,4
2022-03-24 22:00:00,7,6,1
2022-03-24 23:00:00,7,5,2
2022-03-25 00:00:00,0,0,0
2022-03-25 01:00:00,0,0,0
2022-03-25 02:00:00,0,0,0
2022-03-25 03:00:00,1,0,1
2022-03-25 04:00:00,3,3,0
2022-03-25 05:00:00,9,5,4
2022-03-25 06:00:00,12,5,7
2022-03-25 07:00:00,33,12,21
2022-03-25 08:00:00,27,18,9
2022-03-25 09:00:00,24,19,5
2022-03-25 10:00:00,20,9,11
2022-03-25 11:00:00,23,10,13
2022-03-25 12:00:00,20,5,15
2022-03-25 13:00:00,35,19,16
2022-03-25 14:00:00,37,22,15
2022-03-25 15:00:00,41,26,15
2022-03-25 16:00:00,72,42,30
2022-03-25 17:00:00,57,32,25
2022-03-25 18:00:00,48,25,23
2022-03-25 19:00:00,36,19,17
2022-03-25 20:00:00,22,12,10
2022-03-25 21:00:00,11,6,5
2022-03-25 22:00:00,15,9,6
2022-03-25 23:00:00,12,10,2
2022-03-26 00:00:00,11,9,2
2022-03-26 01:00:00,4,0,4
2022-03-26 02:00:00,7,5,2
2022-03-26 03:00:00,1,0,1
2022-03-26 04:00:00,1,0,1
2022-03-26 05:00:00,5,1,4
2022-03-26 06:00:00,0,0,0
2022-03-26 07:00:00,5,3,2
2022-03-26 08:00:00,10,4,6
2022-03-26 09:00:00,9,2,7
2022-03-26 10:00:00,29,17,12
2022-03-26 11:00:00,20,11,9
2022-03-26 12:00:00,28,17,11
2022-03-26 13:00:00,41,26,15
2022-03-26 14:00:00,55,31,24
2022-03-26 15:00:00,38,24,14
2022-03-26 16:00:00,40,27,13
2022-03-26 17:00:00,32,25,7
2022-03-26 18:00:00,25,22,3
2022-03-26 19:00:00,22,14,8
2022-03-26 20:00:00,9,5,4
2022-03-26 21:00:00,17,7,10
2022-03-26 22:00:00,56,8,48
2022-03-26 23:00:00,20,10,10
2022-03-27 00:00:00,14,9,5
2022-03-27 01:00:00,6,2,4
2022-03-27 02:00:00,8,2,6
2022-03-27 03:00:00,2,2,0
2022-03-27 04:00:00,4,1,3
2022-03-27 05:00:00,1,0,1
2022-03-27 06:00:00,3,2,1
2022-03-27 07:00:00,5,4,1
2022-03-27 08:00:00,4,3,1
2022-03-27 09:00:00,14,5,9
2022-03-27 10:00:00,23,11,12
2022-03-27 11:00:00,20,10,10
2022-03-27 12:00:00,37,14,23
2022-03-27 13:00:00,52,22,30
2022-03-27 14:00:00,43,28,15
2022-03-27 15:00:00,44,30,14
2022-03-27 16:00:00,32,22,10
2022-03-27 17:00:00,32,12,20
2022-03-27 18:00:00,20,13,7
2022-03-27 19:00:00,10,3,7
2022-03-27 20:00:00,16,8,8
2022-03-27 21:00:00,11,9,2
2022-03-27 22:00:00,13,2,11
2022-03-27 23:00:00,4,1,3
2022-03-28 00:00:00,2,1,1
2022-03-28 01:00:00,2,1,1
2022-03-28 02:00:00,3,2,1
2022-03-28 03:00:00,3,1,2
2022-03-28 04:00:00,1,1,0
2022-03-28 05:00:00,10,6,4
2022-03-28 06:00:00,19,8,11
2022-03-28 07:00:00,33,13,20
2022-03-28 08:00:00,31,9,22
2022-03-28 09:00:00,31,16,15
2022-03-28 10:00:00,18,7,11
2022-03-28 11:00:00,21,12,9
2022-03-28 12:00:00,13,4,9
2022-03-28 13:00:00,15,8,7
2022-03-28 14:00:00,28,17,11
2022-03-28 15:00:00,45,34,11
2022-03-28 16:00:00,60,38,22
2022-03-28 17:00:00,52,30,22
2022-03-28 18:00:00,26,16,10
2022-03-28 19:00:00,12,8,4
2022-03-28 20:00:00,11,5,6
2022-03-28 21:00:00,12,9,3
2022-03-28 22:00:00,5,4,1
2022-03-28 23:00:00,2,2,0
2022-03-29 00:00:00,6,4,2
2022-03-29 01:00:00,0,0,0
2022-03-29 02:00:00,2,0,2
2022-03-29 03:00:00,1,0,1
2022-03-29 04:00:00,2,2,0
2022-03-29 05:00:00,10,5,5
2022-03-29 06:00:00,18,7,11
2022-03-29 07:00:00,48,13,35
2022-03-29 08:00:00,63,27,36
2022-03-29 09:00:00,42,20,22
2022-03-29 10:00:00,17,8,9
2022-03-29 11:00:00,29,13,16
2022-03-29 12:00:00,17,8,9
2022-03-29 13:00:00,31,18,13
2022-03-29 14:00:00,32,22,10
2022-03-29 15:00:00,35,22,13
2022-03-29 16:00:00,97,66,31
2022-03-29 17:00:00,77,49,28
2022-03-29 18:00:00,49,30,19
2022-03-29 19:00:00,21,17,4
2022-03-29 20:00:00,18,5,13
2022-03-29 21:00:00,11,8,3
2022-03-29 22:00:00,7,3,4
2022-03-29 23:00:00,10,3,7
2022-03-30 00:00:00,4,3,1
2022-03-30 01:00:00,1,1,0
2022-03-30 02:00:00,1,0,1
2022-03-30 03:00:00,1,0,1
2022-03-30 04:00:00,2,2,0
2022-03-30 05:00:00,5,3,2
2022-03-30 06:00:00,20,6,14
2022-03-30 07:00:00,34,12,22
2022-03-30 08:00:00,45,18,27
2022-03-30 09:00:00,28,16,12
2022-03-30 10:00:00,19,10,9
2022-03-30 11:00:00,33,18,15
2022-03-30 12:00:00,25,8,17
2022-03-30 13:00:00,23,12,11
2022-03-30 14:00:00,27,16,11
2022-03-30 15:00:00,26,16,10
2022-03-30 16:00:00,62,39,23
2022-03-30 17:00:00,51,33,18
2022-03-30 18:00:00,26,8,18
2022-03-30 19:00:00,8,5,3
2022-03-30 20:00:00,6,3,3
2022-03-30 21:00:00,7,3,4
2022-03-30 22:00:00,10,6,4
2022-03-30 23:00:00,6,4,2
2022-03-31 00:00:00,5,2,3
2022-03-31 01:00:00,0,0,0
2022-03-31 02:00:00,0,0,0
2022-03-31 03:00:00,3,1,2
2022-03-31 04:00:00,0,0,0
2022-03-31 05:00:00,6,2,4
2022-03-31 06:00:00,20,8,12
2022-03-31 07:00:00,46,14,32
2022-03-31 08:00:00,60,32,28
2022-03-31 09:00:00,32,21,11
2022-03-31 10:00:00,11,4,7
2022-03-31 11:00:00,21,13,8
2022-03-31 12:00:00,24,13,11
2022-03-31 13:00:00,31,17,14
2022-03-31 14:00:00,30,18,12
2022-03-31 15:00:00,40,26,14
2022-03-31 16:00:00,74,48,26
2022-03-31 17:00:00,74,45,29
2022-03-31 18:00:00,44,29,15
2022-03-31 19:00:00,24,11,13
2022-03-31 20:00:00,18,7,11
2022-03-31 21:00:00,17,10,7
2022-03-31 22:00:00,7,4,3
2022-03-31 23:00:00,14,10,4
2022-04-01 00:00:00,4,3,1
2022-04-01 01:00:00,2,2,0
2022-04-01 02:00:00,2,2,0
2022-04-01 03:00:00,2,1,1
2022-04-01 04:00:00,1,1,0
2022-04-01 05:00:00,11,5,6
2022-04-01 06:00:00,16,5,11
2022-04-01 07:00:00,35,11,24
2022-04-01 08:00:00,46,25,21
2022-04-01 09:00:00,31,18,13
2022-04-01 10:00:00,16,5,11
2022-04-01 11:00:00,32,15,17
2022-04-01 12:00:00,19,8,11
2022-04-01 13:00:00,25,13,12
2022-04-01 14:00:00,34,21,13
2022-04-01 15:00:00,44,28,16
2022-04-01 16:00:00,56,39,17
2022-04-01 17:00:00,50,30,20
2022-04-01 18:00:00,42,23,19
2022-04-01 19:00:00,23,12,11
2022-04-01 20:00:00,7,2,5
2022-04-01 21:00:00,9,5,4
2022-04-01 22:00:00,9,3,6
2022-04-01 23:00:00,7,5,2
2022-04-02 00:00:00,1,0,1
2022-04-02 01:00:00,1,1,0
2022-04-02 02:00:00,6,2,4
2022-04-02 03:00:00,3,0,3
2022-04-02 04:00:00,0,0,0
2022-04-02 05:00:00,1,0,1
2022-04-02 06:00:00,0,0,0
2022-04-02 07:00:00,4,1,3
2022-04-02 08:00:00,2,1,1
2022-04-02 09:00:00,7,2,5
2022-04-02 10:00:00,19,9,10
2022-04-02 11:00:00,13,2,11
2022-04-02 12:00:00,33,10,23
2022-04-02 13:00:00,40,21,19
2022-04-02 14:00:00,36,18,18
2022-04-02 15:00:00,18,4,14
2022-04-02 16:00:00,23,5,18
2022-04-02 17:00:00,26,11,15
2022-04-02 18:00:00,33,14,19
2022-04-02 19:00:00,31,17,14
2022-04-02 20:00:00,16,3,13
2022-04-02 21:00:00,16,7,9
2022-04-02 22:00:00,11,3,8
2022-04-02 23:00:00,8,7,1
2022-04-03 00:00:00,7,7,0
2022-04-03 01:00:00,2,1,1
2022-04-03 02:00:00,8,0,8
2022-04-03 03:00:00,3,3,0
2022-04-03 04:00:00,1,1,0
2022-04-03 05:00:00,1,0,1
2022-04-03 06:00:00,2,2,0
2022-04-03 07:00:00,3,1,2
2022-04-03 08:00:00,2,0,2
2022-04-03 09:00:00,7,2,5
2022-04-03 10:00:00,10,3,7
2022-04-03 11:00:00,13,7,6
2022-04-03 12:00:00,21,6,15
2022-04-03 13:00:00,12,6,6
2022-04-03 14:00:00,16,8,8
2022-04-03 15:00:00,22,7,15
2022-04-03 16:00:00,17,9,8
2022-04-03 17:00:00,7,2,5
2022-04-03 18:00:00,11,6,5
2022-04-03 19:00:00,4,1,3
2022-04-03 20:00:00,9,7,2
2022-04-03 21:00:00,2,1,1
2022-04-03 22:00:00,2,2,0
2022-04-03 23:00:00,4,2,2
2022-04-04 00:00:00,2,0,2
2022-04-04 01:00:00,3,2,1
2022-04-04 02:00:00,0,0,0
2022-04-04 03:00:00,1,0,1
2022-04-04 04:00:00,3,2,1
2022-04-04 05:00:00,5,2,3
2022-04-04 06:00:00,9,1,8
2022-04-04 07:00:00,26,9,17
2022-04-04 08:00:00,23,12,11
2022-04-04 09:00:00,26,13,13
2022-04-04 10:00:00,9,5,4
2022-04-04 11:00:00,13,4,9
2022-04-04 12:00:00,15,7,8
2022-04-04 13:00:00,9,4,5
2022-04-04 14:00:00,16,10,6
2022-04-04 15:00:00,26,13,13
2022-04-04 16:00:00,33,25,8
2022-04-04 17:00:00,51,28,23
2022-04-04 18:00:00,20,9,11
2022-04-04 19:00:00,11,4,7
2022-04-04 20:00:00,7,1,6
2022-04-04 21:00:00,8,8,0
2022-04-04 22:00:00,2,1,1
2022-04-04 23:00:00,4,0,4
2022-04-05 00:00:00,1,1,0
2022-04-05 01:00:00,1,1,0
2022-04-05 02:00:00,1,1,0
2022-04-05 03:00:00,1,0,1
2022-04-05 04:00:00,1,1,0
2022-04-05 05:00:00,6,3,3
2022-04-05 06:00:00,15,3,12
2022-04-05 07:00:00,36,9,27
2022-04-05 08:00:00,51,18,33
2022-04-05 09:00:00,43,20,23
2022-04-05 10:00:00,25,13,12
2022-04-05 11:00:00,20,8,12
2022-04-05 12:00:00,16,9,7
2022-04-05 13:00:00,30,16,14
2022-04-05 14:00:00,29,15,14
2022-04-05 15:00:00,48,28,20
2022-04-05 16:00:00,68,49,19
2022-04-05 17:00:00,70,45,25
2022-04-05 18:00:00,42,27,15
2022-04-05 19:00:00,19,8,11
2022-04-05 20:00:00,15,4,11
2022-04-05 21:00:00,23,15,8
2022-04-05 22:00:00,10,6,4
2022-04-05 23:00:00,3,1,2
2022-04-06 00:00:00,3,2,1
2022-04-06 01:00:00,4,3,1
2022-04-06 02:00:00,0,0,0
2022-04-06 03:00:00,0,0,0
2022-04-06 04:00:00,1,1,0
2022-04-06 05:00:00,12,5,7
2022-04-06 06:00:00,16,6,10
2022-04-06 07:00:00,39,14,25
2022-04-06 08:00:00,54,23,31
2022-04-06 09:00:00,41,28,13
2022-04-06 10:00:00,22,8,14
2022-04-06 11:00:00,28,13,15
2022-04-06 12:00:00,36,18,18
2022-04-06 13:00:00,24,15,9
2022-04-06 14:00:00,42,25,17
2022-04-06 15:00:00,46,40,6
2022-04-06 16:00:00,70,46,24
2022-04-06 17:00:00,84,53,31
2022-04-06 18:00:00,79,57,22
2022-04-06 19:00:00,48,26,22
2022-04-06 20:00:00,14,5,9
2022-04-06 21:00:00,78,14,64
2022-04-06 22:00:00,15,1,14
2022-04-06 23:00:00,4,2,2
2022-04-07 00:00:00,4,3,1
2022-04-07 01:00:00,0,0,0
2022-04-07 02:00:00,2,2,0
2022-04-07 03:00:00,1,0,1
2022-04-07 04:00:00,3,3,0
2022-04-07 05:00:00,16,5,11
2022-04-07 06:00:00,22,5,17
2022-04-07 07:00:00,47,15,32
2022-04-07 08:00:00,62,22,40
2022-04-07 09:00:00,39,20,19
2022-04-07 10:00:00,27,13,14
2022-04-07 11:00:00,27,13,14
2022-04-07 12:00:00,21,13,8
2022-04-07 13:00:00,27,15,12
2022-04-07 14:00:00,33,24,9
2022-04-07 15:00:00,59,36,23
2022-04-07 16:00:00,100,55,45
2022-04-07 17:00:00,112,68,44
2022-04-07 18:00:00,74,46,28
2022-04-07 19:00:00,41,21,20
2022-04-07 20:00:00,31,12,19
2022-04-07 21:00:00,22,11,11
2022-04-07 22:00:00,13,6,7
2022-04-07 23:00:00,10,8,2
2022-04-08 00:00:00,6,1,5
2022-04-08 01:00:00,2,1,1
2022-04-08 02:00:00,1,1,0
2022-04-08 03:00:00,0,0,0
2022-04-08 04:00:00,1,1,0
2022-04-08 05:00:00,7,0,7
2022-04-08 06:00:00,23,6,17
2022-04-08 07:00:00,18,3,15
2022-04-08 08:00:00,29,13,16
2022-04-08 09:00:00,23,15,8
2022-04-08 10:00:00,20,7,13
2022-04-08 11:00:00,15,9,6
2022-04-08 12:00:00,20,5,15
2022-04-08 13:00:00,27,12,15
2022-04-08 14:00:00,25,17,8
2022-04-08 15:00:00,32,17,15
2022-04-08 16:00:00,36,26,10
2022-04-08 17:00:00,47,32,15
2022-04-08 18:00:00,40,23,17
2022-04-08 19:00:00,20,11,9
2022-04-08 20:00:00,22,12,10
2022-04-08 21:00:00,17,10,7
2022-04-08 22:00:00,18,6,12
2022-04-08 23:00:00,7,6,1
2022-04-09 00:00:00,25,6,19
2022-04-09 01:00:00,4,2,2
2022-04-09 02:00:00,4,3,1
2022-04-09 03:00:00,1,0,1
2022-04-09 04:00:00,0,0,0
2022-04-09 05:00:00,3,0,3
2022-04-09 06:00:00,3,2,1
2022-04-09 07:00:00,8,3,5
2022-04-09 08:00:00,6,5,1
2022-04-09 09:00:00,23,11,12
2022-04-09 10:00:00,17,12,5
2022-04-09 11:00:00,26,19,7
2022-04-09 12:00:00,20,8,12
2022-04-09 13:00:00,31,21,10
2022-04-09 14:00:00,24,10,14
2022-04-09 15:00:00,31,14,17
2022-04-09 16:00:00,25,16,9
2022-04-09 17:00:00,13,9,4
2022-04-09 18:00:00,21,12,9
2022-04-09 19:00:00,15,10,5
2022-04-09 20:00:00,19,10,9
2022-04-09 21:00:00,6,4,2
2022-04-09 22:00:00,5,4,1
2022-04-09 23:00:00,9,2,7
2022-04-10 00:00:00,2,2,0
2022-04-10 01:00:00,1,1,0
2022-04-10 02:00:00,2,0,2
2022-04-10 03:00:00,1,1,0
2022-04-10 04:00:00,1,0,1
2022-04-10 05:00:00,1,0,1
2022-04-10 06:00:00,2,2,0
2022-04-10 07:00:00,3,1,2
2022-04-10 08:00:00,2,0,2
2022-04-10 09:00:00,7,2,5
2022-04-10 10:00:00,6,3,3
2022-04-10 11:00:00,12,6,6
2022-04-10 12:00:00,10,4,6
2022-04-10 13:00:00,13,4,9
2022-04-10 14:00:00,15,5,10
2022-04-10 15:00:00,14,8,6
2022-04-10 16:00:00,12,4,8
2022-04-10 17:00:00,26,7,19
2022-04-10 18:00:00,16,9,7
2022-04-10 19:00:00,6,4,2
2022-04-10 20:00:00,4,3,1
2022-04-10 21:00:00,5,3,2
2022-04-10 22:00:00,6,2,4
2022-04-10 23:00:00,0,0,0
2022-04-11 00:00:00,1,0,1
2022-04-11 01:00:00,3,3,0
2022-04-11 02:00:00,2,1,1
2022-04-11 03:00:00,0,0,0
2022-04-11 04:00:00,0,0,0
2022-04-11 05:00:00,12,4,8
2022-04-11 06:00:00,8,1,7
2022-04-11 07:00:00,26,6,20
2022-04-11 08:00:00,28,14,14
2022-04-11 09:00:00,19,10,9
2022-04-11 10:00:00,15,8,7
2022-04-11 11:00:00,14,9,5
2022-04-11 12:00:00,10,3,7
2022-04-11 13:00:00,11,6,5
2022-04-11 14:00:00,18,10,8
2022-04-11 15:00:00,30,16,14
2022-04-11 16:00:00,45,37,8
2022-04-11 17:00:00,48,31,17
2022-04-11 18:00:00,22,10,12
2022-04-11 19:00:00,15,7,8
2022-04-11 20:00:00,18,7,11
2022-04-11 21:00:00,6,3,3
2022-04-11 22:00:00,4,2,2
2022-04-11 23:00:00,0,0,0
2022-04-12 00:00:00,1,0,1
2022-04-12 01:00:00,2,2,0
2022-04-12 02:00:00,0,0,0
2022-04-12 03:00:00,1,0,1
2022-04-12 04:00:00,1,1,0
2022-04-12 05:00:00,10,5,5
2022-04-12 06:00:00,16,6,10
2022-04-12 07:00:00,27,11,16
2022-04-12 08:00:00,36,9,27
2022-04-12 09:00:00,21,12,9
2022-04-12 10:00:00,20,13,7
2022-04-12 11:00:00,10,6,4
2022-04-12 12:00:00,12,6,6
2022-04-12 13:00:00,19,8,11
2022-04-12 14:00:00,18,13,5
2022-04-12 15:00:00,40,29,11
2022-04-12 16:00:00,53,38,15
2022-04-12 17:00:00,61,43,18
2022-04-12 18:00:00,25,13,12
2022-04-12 19:00:00,13,9,4
2022-04-12 20:00:00,13,7,6
2022-04-12 21:00:00,10,3,7
2022-04-12 22:00:00,3,2,1
2022-04-12 23:00:00,5,2,3
2022-04-13 00:00:00,2,1,1
2022-04-13 01:00:00,0,0,0
2022-04-13 02:00:00,0,0,0
2022-04-13 03:00:00,2,0,2
2022-04-13 04:00:00,1,1,0
2022-04-13 05:00:00,13,4,9
2022-04-13 06:00:00,25,8,17
2022-04-13 07:00:00,28,8,20
2022-04-13 08:00:00,47,19,28
2022-04-13 09:00:00,24,16,8
2022-04-13 10:00:00,16,5,11
2022-04-13 11:00:00,13,7,6
2022-04-13 12:00:00,18,9,9
2022-04-13 13:00:00,15,8,7
2022-04-13 14:00:00,27,16,11
2022-04-13 15:00:00,35,24,11
2022-04-13 16:00:00,48,36,12
2022-04-13 17:00:00,61,37,24
2022-04-13 18:00:00,33,19,14
2022-04-13 19:00:00,18,7,11
2022-04-13 20:00:00,8,3,5
2022-04-13 21:00:00,8,3,5
2022-04-13 22:00:00,4,4,0
2022-04-13 23:00:00,5,2,3
2022-04-14 00:00:00,2,2,0
2022-04-14 01:00:00,2,2,0
2022-04-14 02:00:00,0,0,0
2022-04-14 03:00:00,0,0,0
2022-04-14 04:00:00,1,1,0
2022-04-14 05:00:00,12,5,7
2022-04-14 06:00:00,13,4,9
2022-04-14 07:00:00,29,12,17
2022-04-14 08:00:00,30,14,16
2022-04-14 09:00:00,20,13,7
2022-04-14 10:00:00,7,4,3
2022-04-14 11:00:00,10,5,5
2022-04-14 12:00:00,15,10,5
2022-04-14 13:00:00,20,10,10
2022-04-14 14:00:00,33,18,15
2022-04-14 15:00:00,30,22,8
2022-04-14 16:00:00,46,32,14
2022-04-14 17:00:00,47,28,19
2022-04-14 18:00:00,32,16,16
2022-04-14 19:00:00,28,16,12
2022-04-14 20:00:00,19,10,9
2022-04-14 21:00:00,12,4,8
2022-04-14 22:00:00,7,4,3
2022-04-14 23:00:00,5,1,4
2022-04-15 00:00:00,2,0,2
2022-04-15 01:00:00,3,0,3
2022-04-15 02:00:00,2,2,0
2022-04-15 03:00:00,0,0,0
2022-04-15 04:00:00,2,1,1
2022-04-15 05:00:00,13,4,9
2022-04-15 06:00:00,11,3,8
2022-04-15 07:00:00,24,8,16
2022-04-15 08:00:00,29,11,18
2022-04-15 09:00:00,13,8,5
2022-04-15 10:00:00,12,6,6
2022-04-15 11:00:00,10,5,5
2022-04-15 12:00:00,18,7,11
2022-04-15 13:00:00,27,13,14
2022-04-15 14:00:00,49,30,19
2022-04-15 15:00:00,52,34,18
2022-04-15 16:00:00,90,65,25
2022-04-15 17:00:00,101,80,21
2022-04-15 18:00:00,80,58,22
2022-04-15 19:00:00,40,18,22
2022-04-15 20:00:00,25,8,17
2022-04-15 21:00:00,44,10,34
2022-04-15 22:00:00,65,5,60
2022-04-15 23:00:00,12,2,10
2022-04-16 00:00:00,10,5,5
2022-04-16 01:00:00,4,1,3
2022-04-16 02:00:00,5,2,3
2022-04-16 03:00:00,0,0,0
2022-04-16 04:00:00,1,0,1
2022-04-16 05:00:00,2,0,2
2022-04-16 06:00:00,3,3,0
2022-04-16 07:00:00,12,8,4
2022-04-16 08:00:00,4,3,1
2022-04-16 09:00:00,17,7,10
2022-04-16 10:00:00,14,8,6
2022-04-16 11:00:00,17,11,6
2022-04-16 12:00:00,22,13,9
2022-04-16 13:00:00,24,12,12
2022-04-16 14:00:00,27,16,11
2022-04-16 15:00:00,25,14,11
2022-04-16 16:00:00,36,24,12
2022-04-16 17:00:00,52,42,10
2022-04-16 18:00:00,34,32,2
2022-04-16 19:00:00,23,19,4
2022-04-16 20:00:00,23,4,19
2022-04-16 21:00:00,55,4,51
2022-04-16 22:00:00,13,3,10
2022-04-16 23:00:00,7,1,6
2022-04-17 00:00:00,1,0,1
2022-04-17 01:00:00,0,0,0
2022-04-17 02:00:00,4,0,4
2022-04-17 03:00:00,6,2,4
2022-04-17 04:00:00,1,1,0
2022-04-17 05:00:00,1,0,1
2022-04-17 06:00:00,2,2,0
2022-04-17 07:00:00,3,1,2
2022-04-17 08:00:00,8,6,2
2022-04-17 09:00:00,20,11,9
2022-04-17 10:00:00,32,23,9
2022-04-17 11:00:00,17,7,10
2022-04-17 12:00:00,52,39,13
2022-04-17 13:00:00,65,47,18
2022-04-17 14:00:00,48,24,24
2022-04-17 15:00:00,59,24,35
2022-04-17 16:00:00,56,24,32
2022-04-17 17:00:00,36,11,25
2022-04-17 18:00:00,21,8,13
2022-04-17 19:00:00,22,10,12
2022-04-17 20:00:00,10,3,7
2022-04-17 21:00:00,8,6,2
2022-04-17 22:00:00,7,3,4
2022-04-17 23:00:00,1,1,0
2022-04-18 00:00:00,0,0,0
2022-04-18 01:00:00,1,1,0
2022-04-18 02:00:00,1,0,1
2022-04-18 03:00:00,1,0,1
2022-04-18 04:00:00,1,0,1
2022-04-18 05:00:00,14,4,10
2022-04-18 06:00:00,15,5,10
2022-04-18 07:00:00,20,4,16
2022-04-18 08:00:00,35,14,21
2022-04-18 09:00:00,30,12,18
2022-04-18 10:00:00,9,5,4
2022-04-18 11:00:00,15,7,8
2022-04-18 12:00:00,13,5,8
2022-04-18 13:00:00,11,3,8
2022-04-18 14:00:00,20,14,6
2022-04-18 15:00:00,19,13,6
2022-04-18 16:00:00,24,22,2
2022-04-18 17:00:00,39,23,16
2022-04-18 18:00:00,15,10,5
2022-04-18 19:00:00,7,5,2
2022-04-18 20:00:00,4,2,2
2022-04-18 21:00:00,2,2,0
2022-04-18 22:00:00,8,7,1
2022-04-18 23:00:00,1,0,1
2022-04-19 00:00:00,1,0,1
2022-04-19 01:00:00,0,0,0
2022-04-19 02:00:00,1,0,1
2022-04-19 03:00:00,1,0,1
2022-04-19 04:00:00,1,1,0
2022-04-19 05:00:00,10,3,7
2022-04-19 06:00:00,24,6,18
2022-04-19 07:00:00,29,5,24
2022-04-19 08:00:00,53,24,29
2022-04-19 09:00:00,29,15,14
2022-04-19 10:00:00,29,19,10
2022-04-19 11:00:00,20,10,10
2022-04-19 12:00:00,19,8,11
2022-04-19 13:00:00,23,17,6
2022-04-19 14:00:00,23,16,7
2022-04-19 15:00:00,37,24,13
2022-04-19 16:00:00,60,46,14
2022-04-19 17:00:00,80,51,29
2022-04-19 18:00:00,63,45,18
2022-04-19 19:00:00,23,8,15
2022-04-19 20:00:00,21,11,10
2022-04-19 21:00:00,33,8,25
2022-04-19 22:00:00,10,5,5
2022-04-19 23:00:00,4,3,1
2022-04-20 00:00:00,2,2,0
2022-04-20 01:00:00,2,1,1
2022-04-20 02:00:00,1,0,1
2022-04-20 03:00:00,0,0,0
2022-04-20 04:00:00,5,4,1
2022-04-20 05:00:00,9,4,5
2022-04-20 06:00:00,19,5,14
2022-04-20 07:00:00,30,11,19
2022-04-20 08:00:00,56,22,34
2022-04-20 09:00:00,26,12,14
2022-04-20 10:00:00,18,11,7
2022-04-20 11:00:00,16,9,7
2022-04-20 12:00:00,34,19,15
2022-04-20 13:00:00,14,9,5
2022-04-20 14:00:00,39,23,16
2022-04-20 15:00:00,31,22,9
2022-04-20 16:00:00,52,39,13
2022-04-20 17:00:00,86,58,28
2022-04-20 18:00:00,43,32,11
2022-04-20 19:00:00,18,11,7
2022-04-20 20:00:00,7,6,1
2022-04-20 21:00:00,27,13,14
2022-04-20 22:00:00,19,7,12
2022-04-20 23:00:00,8,3,5
2022-04-21 00:00:00,2,1,1
2022-04-21 01:00:00,2,2,0
2022-04-21 02:00:00,0,0,0
2022-04-21 03:00:00,2,2,0
2022-04-21 04:00:00,3,2,1
2022-04-21 05:00:00,9,2,7
2022-04-21 06:00:00,12,3,9
2022-04-21 07:00:00,32,10,22
2022-04-21 08:00:00,37,11,26
2022-04-21 09:00:00,28,15,13
2022-04-21 10:00:00,19,12,7
2022-04-21 11:00:00,17,8,9
2022-04-21 12:00:00,22,9,13
2022-04-21 13:00:00,21,14,7
2022-04-21 14:00:00,22,15,7
2022-04-21 15:00:00,33,26,7
2022-04-21 16:00:00,62,44,18
2022-04-21 17:00:00,70,43,27
2022-04-21 18:00:00,42,32,10
2022-04-21 19:00:00,19,9,10
2022-04-21 20:00:00,16,6,10
2022-04-21 21:00:00,6,2,4
2022-04-21 22:00:00,14,1,13
2022-04-21 23:00:00,6,5,1
2022-04-22 00:00:00,1,0,1
2022-04-22 01:00:00,1,1,0
2022-04-22 02:00:00,4,2,2
2022-04-22 03:00:00,0,0,0
2022-04-22 04:00:00,1,1,0
2022-04-22 05:00:00,8,2,6
2022-04-22 06:00:00,19,6,13
2022-04-22 07:00:00,28,13,15
2022-04-22 08:00:00,30,12,18
2022-04-22 09:00:00,18,7,11
2022-04-22 10:00:00,29,17,12
2022-04-22 11:00:00,29,10,19
2022-04-22 12:00:00,32,18,14
2022-04-22 13:00:00,28,21,7
2022-04-22 14:00:00,43,29,14
2022-04-22 15:00:00,51,40,11
2022-04-22 16:00:00,82,57,25
2022-04-22 17:00:00,94,64,30
2022-04-22 18:00:00,67,45,22
2022-04-22 19:00:00,35,16,19
2022-04-22 20:00:00,18,8,10
2022-04-22 21:00:00,50,11,39
2022-04-22 22:00:00,25,5,20
2022-04-22 23:00:00,7,4,3
2022-04-23 00:00:00,9,2,7
2022-04-23 01:00:00,5,5,0
2022-04-23 02:00:00,4,1,3
2022-04-23 03:00:00,2,1,1
2022-04-23 04:00:00,2,0,2
2022-04-23 05:00:00,3,1,2
2022-04-23 06:00:00,3,2,1
2022-04-23 07:00:00,5,3,2
2022-04-23 08:00:00,10,5,5
2022-04-23 09:00:00,26,19,7
2022-04-23 10:00:00,36,17,19
2022-04-23 11:00:00,22,9,13
2022-04-23 12:00:00,34,23,11
2022-04-23 13:00:00,47,26,21
2022-04-23 14:00:00,40,21,19
2022-04-23 15:00:00,52,34,18
2022-04-23 16:00:00,69,41,28
2022-04-23 17:00:00,89,61,28
2022-04-23 18:00:00,55,37,18
2022-04-23 19:00:00,41,20,21
2022-04-23 20:00:00,21,7,14
2022-04-23 21:00:00,18,10,8
2022-04-23 22:00:00,42,8,34
2022-04-23 23:00:00,12,7,5
2022-04-24 00:00:00,15,7,8
2022-04-24 01:00:00,4,1,3
2022-04-24 02:00:00,3,1,2
2022-04-24 03:00:00,1,1,0
2022-04-24 04:00:00,1,0,1
2022-04-24 05:00:00,2,1,1
2022-04-24 06:00:00,0,0,0
2022-04-24 07:00:00,5,2,3
2022-04-24 08:00:00,13,8,5
2022-04-24 09:00:00,12,8,4
2022-04-24 10:00:00,40,20,20
2022-04-24 11:00:00,43,21,22
2022-04-24 12:00:00,73,49,24
2022-04-24 13:00:00,53,33,20
2022-04-24 14:00:00,51,36,15
2022-04-24 15:00:00,52,27,25
2022-04-24 16:00:00,38,18,20
2022-04-24 17:00:00,37,8,29
2022-04-24 18:00:00,37,17,20
2022-04-24 19:00:00,27,12,15
2022-04-24 20:00:00,18,10,8
2022-04-24 21:00:00,12,6,6
2022-04-24 22:00:00,11,9,2
2022-04-24 23:00:00,2,1,1
2022-04-25 00:00:00,1,1,0
2022-04-25 01:00:00,3,1,2
2022-04-25 02:00:00,2,0,2
2022-04-25 03:00:00,1,1,0
2022-04-25 04:00:00,1,0,1
2022-04-25 05:00:00,7,3,4
2022-04-25 06:00:00,11,2,9
2022-04-25 07:00:00,29,8,21
2022-04-25 08:00:00,30,10,20
2022-04-25 09:00:00,22,9,13
2022-04-25 10:00:00,18,9,9
2022-04-25 11:00:00,26,14,12
2022-04-25 12:00:00,26,15,11
2022-04-25 13:00:00,13,4,9
2022-04-25 14:00:00,21,15,6
2022-04-25 15:00:00,35,23,12
2022-04-25 16:00:00,47,26,21
2022-04-25 17:00:00,60,36,24
2022-04-25 18:00:00,35,15,20
2022-04-25 19:00:00,15,10,5
2022-04-25 20:00:00,12,8,4
2022-04-25 21:00:00,5,1,4
2022-04-25 22:00:00,10,5,5
2022-04-25 23:00:00,1,0,1
2022-04-26 00:00:00,2,0,2
2022-04-26 01:00:00,0,0,0
2022-04-26 02:00:00,2,2,0
2022-04-26 03:00:00,0,0,0
2022-04-26 04:00:00,3,2,1
2022-04-26 05:00:00,8,3,5
2022-04-26 06:00:00,25,5,20
2022-04-26 07:00:00,48,21,27
2022-04-26 08:00:00,56,20,36
2022-04-26 09:00:00,39,20,19
2022-04-26 10:00:00,15,6,9
2022-04-26 11:00:00,11,4,7
2022-04-26 12:00:00,23,10,13
2022-04-26 13:00:00,22,13,9
2022-04-26 14:00:00,19,9,10
2022-04-26 15:00:00,37,26,11
2022-04-26 16:00:00,67,48,19
2022-04-26 17:00:00,84,62,22
2022-04-26 18:00:00,42,25,17
2022-04-26 19:00:00,24,13,11
2022-04-26 20:00:00,21,13,8
2022-04-26 21:00:00,9,7,2
2022-04-26 22:00:00,6,4,2
2022-04-26 23:00:00,5,2,3
2022-04-27 00:00:00,3,1,2
2022-04-27 01:00:00,1,1,0
2022-04-27 02:00:00,0,0,0
2022-04-27 03:00:00,0,0,0
2022-04-27 04:00:00,2,1,1
2022-04-27 05:00:00,17,6,11
2022-04-27 06:00:00,20,6,14
2022-04-27 07:00:00,47,21,26
2022-04-27 08:00:00,56,14,42
2022-04-27 09:00:00,48,26,22
2022-04-27 10:00:00,25,13,12
2022-04-27 11:00:00,26,12,14
2022-04-27 12:00:00,28,18,10
2022-04-27 13:00:00,28,19,9
2022-04-27 14:00:00,35,25,10
2022-04-27 15:00:00,48,31,17
2022-04-27 16:00:00,73,54,19
2022-04-27 17:00:00,92,61,31
2022-04-27 18:00:00,56,35,21
2022-04-27 19:00:00,22,12,10
2022-04-27 20:00:00,34,13,21
2022-04-27 21:00:00,17,12,5
2022-04-27 22:00:00,15,9,6
2022-04-27 23:00:00,5,3,2
2022-04-28 00:00:00,0,0,0
2022-04-28 01:00:00,0,0,0
2022-04-28 02:00:00,0,0,0
2022-04-28 03:00:00,0,0,0
2022-04-28 04:00:00,0,0,0
2022-04-28 05:00:00,0,0,0
2022-04-28 06:00:00,0,0,0
2022-04-28 07:00:00,0,0,0
2022-04-28 08:00:00,0,0,0
2022-04-28 09:00:00,0,0,0
2022-04-28 10:00:00,0,0,0
2022-04-28 11:00:00,0,0,0
2022-04-28 12:00:00,0,0,0
2022-04-28 13:00:00,0,0,0
2022-04-28 14:00:00,0,0,0
2022-04-28 15:00:00,0,0,0
2022-04-28 16:00:00,0,0,0
2022-04-28 17:00:00,0,0,0
2022-04-28 18:00:00,0,0,0
2022-04-28 19:00:00,0,0,0
2022-04-28 20:00:00,0,0,0
2022-04-28 21:00:00,0,0,0
2022-04-28 22:00:00,0,0,0
2022-04-28 23:00:00,0,0,0
2022-04-29 00:00:00,0,0,0
2022-04-29 01:00:00,0,0,0
2022-04-29 02:00:00,0,0,0
2022-04-29 03:00:00,0,0,0
2022-04-29 04:00:00,2,1,1
2022-04-29 05:00:00,16,5,11
2022-04-29 06:00:00,12,7,5
2022-04-29 07:00:00,24,9,15
2022-04-29 08:00:00,45,20,25
2022-04-29 09:00:00,33,22,11
2022-04-29 10:00:00,24,14,10
2022-04-29 11:00:00,27,13,14
2022-04-29 12:00:00,29,14,15
2022-04-29 13:00:00,37,29,8
2022-04-29 14:00:00,37,18,19
2022-04-29 15:00:00,50,29,21
2022-04-29 16:00:00,87,54,33
2022-04-29 17:00:00,89,43,46
2022-04-29 18:00:00,67,34,33
2022-04-29 19:00:00,26,16,10
2022-04-29 20:00:00,28,22,6
2022-04-29 21:00:00,23,10,13
2022-04-29 22:00:00,27,19,8
2022-04-29 23:00:00,15,0,15
2022-04-30 00:00:00,5,3,2
2022-04-30 01:00:00,11,6,5
2022-04-30 02:00:00,7,3,4
2022-04-30 03:00:00,6,4,2
2022-04-30 04:00:00,0,0,0
2022-04-30 05:00:00,2,0,2
2022-04-30 06:00:00,3,2,1
2022-04-30 07:00:00,3,0,3
2022-04-30 08:00:00,9,1,8
2022-04-30 09:00:00,10,8,2
2022-04-30 10:00:00,11,3,8
2022-04-30 11:00:00,21,13,8
2022-04-30 12:00:00,34,15,19
2022-04-30 13:00:00,37,20,17
2022-04-30 14:00:00,40,21,19
2022-04-30 15:00:00,50,32,18
2022-04-30 16:00:00,47,28,19
2022-04-30 17:00:00,44,23,21
2022-04-30 18:00:00,24,15,9
2022-04-30 19:00:00,36,19,17
2022-04-30 20:00:00,34,16,18
2022-04-30 21:00:00,14,6,8
2022-04-30 22:00:00,30,15,15
2022-04-30 23:00:00,12,8,4
2022-05-01 00:00:00,6,3,3
2022-05-01 01:00:00,8,7,1
2022-05-01 02:00:00,7,3,4
2022-05-01 03:00:00,6,2,4
2022-05-01 04:00:00,4,3,1
2022-05-01 05:00:00,4,2,2
2022-05-01 06:00:00,3,2,1
2022-05-01 07:00:00,17,6,11
2022-05-01 08:00:00,17,9,8
2022-05-01 09:00:00,19,9,10
2022-05-01 10:00:00,24,16,8
2022-05-01 11:00:00,31,19,12
2022-05-01 12:00:00,38,17,21
2022-05-01 13:00:00,45,21,24
2022-05-01 14:00:00,47,22,25
2022-05-01 15:00:00,45,29,16
2022-05-01 16:00:00,49,27,22
2022-05-01 17:00:00,37,22,15
2022-05-01 18:00:00,33,12,21
2022-05-01 19:00:00,28,11,17
2022-05-01 20:00:00,26,16,10
2022-05-01 21:00:00,12,8,4
2022-05-01 22:00:00,8,4,4
2022-05-01 23:00:00,6,4,2
2022-05-02 00:00:00,3,2,1
2022-05-02 01:00:00,0,0,0
2022-05-02 02:00:00,1,1,0
2022-05-02 03:00:00,1,0,1
2022-05-02 04:00:00,2,1,1
2022-05-02 05:00:00,9,2,7
2022-05-02 06:00:00,20,7,13
2022-05-02 07:00:00,22,3,19
2022-05-02 08:00:00,26,9,17
2022-05-02 09:00:00,19,7,12
2022-05-02 10:00:00,19,14,5
2022-05-02 11:00:00,14,7,7
2022-05-02 12:00:00,11,8,3
2022-05-02 13:00:00,8,3,5
2022-05-02 14:00:00,24,15,9
2022-05-02 15:00:00,34,27,7
2022-05-02 16:00:00,51,32,19
2022-05-02 17:00:00,48,25,23
2022-05-02 18:00:00,23,12,11
2022-05-02 19:00:00,28,21,7
2022-05-02 20:00:00,9,3,6
2022-05-02 21:00:00,5,1,4
2022-05-02 22:00:00,12,6,6
2022-05-02 23:00:00,8,7,1
2022-05-03 00:00:00,1,0,1
2022-05-03 01:00:00,5,4,1
2022-05-03 02:00:00,0,0,0
2022-05-03 03:00:00,3,2,1
2022-05-03 04:00:00,2,0,2
2022-05-03 05:00:00,14,3,11
2022-05-03 06:00:00,29,10,19
2022-05-03 07:00:00,48,16,32
2022-05-03 08:00:00,60,28,32
2022-05-03 09:00:00,37,16,21
2022-05-03 10:00:00,16,11,5
2022-05-03 11:00:00,16,10,6
2022-05-03 12:00:00,28,19,9
2022-05-03 13:00:00,33,16,17
2022-05-03 14:00:00,34,18,16
2022-05-03 15:00:00,54,36,18
2022-05-03 16:00:00,88,52,36
2022-05-03 17:00:00,95,56,39
2022-05-03 18:00:00,55,27,28
2022-05-03 19:00:00,25,18,7
2022-05-03 20:00:00,23,6,17
2022-05-03 21:00:00,12,11,1
2022-05-03 22:00:00,6,4,2
2022-05-03 23:00:00,15,12,3
2022-05-04 00:00:00,1,0,1
2022-05-04 01:00:00,3,1,2
2022-05-04 02:00:00,1,0,1
2022-05-04 03:00:00,0,0,0
2022-05-04 04:00:00,5,4,1
2022-05-04 05:00:00,19,5,14
2022-05-04 06:00:00,24,7,17
2022-05-04 07:00:00,41,15,26
2022-05-04 08:00:00,74,22,52
2022-05-04 09:00:00,53,25,28
2022-05-04 10:00:00,27,14,13
2022-05-04 11:00:00,27,17,10
2022-05-04 12:00:00,36,20,16
2022-05-04 13:00:00,37,29,8
2022-05-04 14:00:00,49,30,19
2022-05-04 15:00:00,62,47,15
2022-05-04 16:00:00,127,98,29
2022-05-04 17:00:00,224,184,40
2022-05-04 18:00:00,150,120,30
2022-05-04 19:00:00,40,30,10
2022-05-04 20:00:00,22,7,15
2022-05-04 21:00:00,210,14,196
2022-05-04 22:00:00,88,19,69
2022-05-04 23:00:00,25,8,17
2022-05-05 00:00:00,8,2,6
2022-05-05 01:00:00,6,4,2
2022-05-05 02:00:00,1,0,1
2022-05-05 03:00:00,2,1,1
2022-05-05 04:00:00,3,2,1
2022-05-05 05:00:00,14,4,10
2022-05-05 06:00:00,22,5,17
2022-05-05 07:00:00,34,13,21
2022-05-05 08:00:00,39,13,26
2022-05-05 09:00:00,16,7,9
2022-05-05 10:00:00,15,10,5
2022-05-05 11:00:00,15,6,9
2022-05-05 12:00:00,15,9,6
2022-05-05 13:00:00,17,10,7
2022-05-05 14:00:00,26,19,7
2022-05-05 15:00:00,35,21,14
2022-05-05 16:00:00,38,21,17
2022-05-05 17:00:00,41,28,13
2022-05-05 18:00:00,30,19,11
2022-05-05 19:00:00,14,6,8
2022-05-05 20:00:00,10,4,6
2022-05-05 21:00:00,15,2,13
2022-05-05 22:00:00,13,5,8
2022-05-05 23:00:00,5,2,3
2022-05-06 00:00:00,7,4,3
2022-05-06 01:00:00,2,2,0
2022-05-06 02:00:00,5,5,0
2022-05-06 03:00:00,3,0,3
2022-05-06 04:00:00,2,0,2
2022-05-06 05:00:00,12,3,9
2022-05-06 06:00:00,16,3,13
2022-05-06 07:00:00,18,6,12
2022-05-06 08:00:00,33,15,18
2022-05-06 09:00:00,28,19,9
2022-05-06 10:00:00,20,12,8
2022-05-06 11:00:00,15,11,4
2022-05-06 12:00:00,21,6,15
2022-05-06 13:00:00,15,9,6
2022-05-06 14:00:00,33,21,12
2022-05-06 15:00:00,29,19,10
2022-05-06 16:00:00,57,39,18
2022-05-06 17:00:00,63,45,18
2022-05-06 18:00:00,39,27,12
2022-05-06 19:00:00,26,17,9
2022-05-06 20:00:00,12,7,5
2022-05-06 21:00:00,17,10,7
2022-05-06 22:00:00,21,5,16
2022-05-06 23:00:00,8,6,2
2022-05-07 00:00:00,13,2,11
2022-05-07 01:00:00,6,5,1
2022-05-07 02:00:00,6,3,3
2022-05-07 03:00:00,2,0,2
2022-05-07 04:00:00,1,0,1
2022-05-07 05:00:00,2,0,2
2022-05-07 06:00:00,1,1,0
2022-05-07 07:00:00,5,2,3
2022-05-07 08:00:00,4,2,2
2022-05-07 09:00:00,8,1,7
2022-05-07 10:00:00,16,7,9
2022-05-07 11:00:00,27,19,8
2022-05-07 12:00:00,16,10,6
2022-05-07 13:00:00,25,17,8
2022-05-07 14:00:00,26,17,9
2022-05-07 15:00:00,26,16,10
2022-05-07 16:00:00,42,24,18
2022-05-07 17:00:00,35,25,10
2022-05-07 18:00:00,25,19,6
2022-05-07 19:00:00,19,9,10
2022-05-07 20:00:00,24,10,14
2022-05-07 21:00:00,17,1,16
2022-05-07 22:00:00,11,5,6
2022-05-07 23:00:00,14,9,5
2022-05-08 00:00:00,7,3,4
2022-05-08 01:00:00,3,1,2
2022-05-08 02:00:00,4,0,4
2022-05-08 03:00:00,4,2,2
2022-05-08 04:00:00,1,0,1
2022-05-08 05:00:00,2,0,2
2022-05-08 06:00:00,3,2,1
2022-05-08 07:00:00,6,2,4
2022-05-08 08:00:00,6,5,1
2022-05-08 09:00:00,17,11,6
2022-05-08 10:00:00,27,17,10
2022-05-08 11:00:00,23,14,9
2022-05-08 12:00:00,30,23,7
2022-05-08 13:00:00,28,20,8
2022-05-08 14:00:00,33,18,15
2022-05-08 15:00:00,31,18,13
2022-05-08 16:00:00,46,18,28
2022-05-08 17:00:00,43,16,27
2022-05-08 18:00:00,27,13,14
2022-05-08 19:00:00,24,10,14
2022-05-08 20:00:00,12,6,6
2022-05-08 21:00:00,5,1,4
2022-05-08 22:00:00,8,7,1
2022-05-08 23:00:00,6,3,3
2022-05-09 00:00:00,5,3,2
2022-05-09 01:00:00,2,1,1
2022-05-09 02:00:00,0,0,0
2022-05-09 03:00:00,2,0,2
2022-05-09 04:00:00,1,0,1
2022-05-09 05:00:00,11,5,6
2022-05-09 06:00:00,24,5,19
2022-05-09 07:00:00,37,14,23
2022-05-09 08:00:00,42,18,24
2022-05-09 09:00:00,27,14,13
2022-05-09 10:00:00,18,8,10
2022-05-09 11:00:00,32,21,11
2022-05-09 12:00:00,29,16,13
2022-05-09 13:00:00,27,14,13
2022-05-09 14:00:00,35,19,16
2022-05-09 15:00:00,49,32,17
2022-05-09 16:00:00,61,40,21
2022-05-09 17:00:00,74,60,14
2022-05-09 18:00:00,50,36,14
2022-05-09 19:00:00,21,10,11
2022-05-09 20:00:00,16,10,6
2022-05-09 21:00:00,19,2,17
2022-05-09 22:00:00,15,4,11
2022-05-09 23:00:00,4,2,2
2022-05-10 00:00:00,2,1,1
2022-05-10 01:00:00,0,0,0
2022-05-10 02:00:00,0,0,0
2022-05-10 03:00:00,1,1,0
2022-05-10 04:00:00,0,0,0
2022-05-10 05:00:00,16,5,11
2022-05-10 06:00:00,28,13,15
2022-05-10 07:00:00,58,23,35
2022-05-10 08:00:00,65,16,49
2022-05-10 09:00:00,36,8,28
2022-05-10 10:00:00,21,9,12
2022-05-10 11:00:00,31,16,15
2022-05-10 12:00:00,31,15,16
2022-05-10 13:00:00,40,22,18
2022-05-10 14:00:00,24,15,9
2022-05-10 15:00:00,65,49,16
2022-05-10 16:00:00,110,68,42
2022-05-10 17:00:00,115,81,34
2022-05-10 18:00:00,62,46,16
2022-05-10 19:00:00,34,18,16
2022-05-10 20:00:00,27,10,17
2022-05-10 21:00:00,21,7,14
2022-05-10 22:00:00,24,4,20
2022-05-10 23:00:00,5,2,3
2022-05-11 00:00:00,2,1,1
2022-05-11 01:00:00,0,0,0
2022-05-11 02:00:00,0,0,0
2022-05-11 03:00:00,2,0,2
2022-05-11 04:00:00,1,1,0
2022-05-11 05:00:00,13,5,8
2022-05-11 06:00:00,29,4,25
2022-05-11 07:00:00,45,22,23
2022-05-11 08:00:00,63,30,33
2022-05-11 09:00:00,50,24,26
2022-05-11 10:00:00,25,9,16
2022-05-11 11:00:00,23,13,10
2022-05-11 12:00:00,56,45,11
2022-05-11 13:00:00,36,21,15
2022-05-11 14:00:00,38,20,18
2022-05-11 15:00:00,62,42,20
2022-05-11 16:00:00,90,54,36
2022-05-11 17:00:00,117,70,47
2022-05-11 18:00:00,72,29,43
2022-05-11 19:00:00,28,14,14
2022-05-11 20:00:00,21,7,14
2022-05-11 21:00:00,10,9,1
2022-05-11 22:00:00,6,3,3
2022-05-11 23:00:00,3,2,1
2022-05-12 00:00:00,1,0,1
2022-05-12 01:00:00,0,0,0
2022-05-12 02:00:00,0,0,0
2022-05-12 03:00:00,1,1,0
2022-05-12 04:00:00,4,2,2
2022-05-12 05:00:00,12,3,9
2022-05-12 06:00:00,13,3,10
2022-05-12 07:00:00,29,10,19
2022-05-12 08:00:00,44,15,29
2022-05-12 09:00:00,33,15,18
2022-05-12 10:00:00,7,5,2
2022-05-12 11:00:00,11,3,8
2022-05-12 12:00:00,11,5,6
2022-05-12 13:00:00,13,6,7
2022-05-12 14:00:00,11,7,4
2022-05-12 15:00:00,16,14,2
2022-05-12 16:00:00,36,27,9
2022-05-12 17:00:00,59,36,23
2022-05-12 18:00:00,34,22,12
2022-05-12 19:00:00,25,14,11
2022-05-12 20:00:00,15,7,8
2022-05-12 21:00:00,4,3,1
2022-05-12 22:00:00,4,2,2
2022-05-12 23:00:00,2,0,2
2022-05-13 00:00:00,2,2,0
2022-05-13 01:00:00,0,0,0
2022-05-13 02:00:00,1,1,0
2022-05-13 03:00:00,1,1,0
2022-05-13 04:00:00,4,2,2
2022-05-13 05:00:00,9,5,4
2022-05-13 06:00:00,23,7,16
2022-05-13 07:00:00,35,10,25
2022-05-13 08:00:00,46,23,23
2022-05-13 09:00:00,38,22,16
2022-05-13 10:00:00,20,12,8
2022-05-13 11:00:00,21,13,8
2022-05-13 12:00:00,30,16,14
2022-05-13 13:00:00,32,21,11
2022-05-13 14:00:00,44,23,21
2022-05-13 15:00:00,58,36,22
2022-05-13 16:00:00,67,32,35
2022-05-13 17:00:00,86,47,39
2022-05-13 18:00:00,39,23,16
2022-05-13 19:00:00,37,22,15
2022-05-13 20:00:00,23,13,10
2022-05-13 21:00:00,31,18,13
2022-05-13 22:00:00,15,8,7
2022-05-13 23:00:00,10,0,10
2022-05-14 00:00:00,11,4,7
2022-05-14 01:00:00,7,3,4
2022-05-14 02:00:00,1,1,0
2022-05-14 03:00:00,5,1,4
2022-05-14 04:00:00,1,0,1
2022-05-14 05:00:00,6,2,4
2022-05-14 06:00:00,4,3,1
2022-05-14 07:00:00,3,2,1
2022-05-14 08:00:00,4,2,2
2022-05-14 09:00:00,10,5,5
2022-05-14 10:00:00,20,13,7
2022-05-14 11:00:00,27,15,12
2022-05-14 12:00:00,38,22,16
2022-05-14 13:00:00,27,14,13
2022-05-14 14:00:00,35,13,22
2022-05-14 15:00:00,31,14,17
2022-05-14 16:00:00,43,17,26
2022-05-14 17:00:00,44,19,25
2022-05-14 18:00:00,45,18,27
2022-05-14 19:00:00,21,9,12
2022-05-14 20:00:00,13,1,12
2022-05-14 21:00:00,15,10,5
2022-05-14 22:00:00,8,2,6
2022-05-14 23:00:00,10,5,5
2022-05-15 00:00:00,8,3,5
2022-05-15 01:00:00,7,6,1
2022-05-15 02:00:00,1,0,1
2022-05-15 03:00:00,3,2,1
2022-05-15 04:00:00,0,0,0
2022-05-15 05:00:00,2,1,1
2022-05-15 06:00:00,7,6,1
2022-05-15 07:00:00,8,5,3
2022-05-15 08:00:00,9,5,4
2022-05-15 09:00:00,3,2,1
2022-05-15 10:00:00,6,3,3
2022-05-15 11:00:00,6,5,1
2022-05-15 12:00:00,17,12,5
2022-05-15 13:00:00,16,12,4
2022-05-15 14:00:00,10,4,6
2022-05-15 15:00:00,32,6,26
2022-05-15 16:00:00,4,1,3
2022-05-15 17:00:00,9,3,6
2022-05-15 18:00:00,7,2,5
2022-05-15 19:00:00,19,7,12
2022-05-15 20:00:00,13,7,6
2022-05-15 21:00:00,5,3,2
2022-05-15 22:00:00,2,1,1
2022-05-15 23:00:00,2,2,0
2022-05-16 00:00:00,2,1,1
2022-05-16 01:00:00,2,1,1
2022-05-16 02:00:00,0,0,0
2022-05-16 03:00:00,2,1,1
2022-05-16 04:00:00,2,1,1
2022-05-16 05:00:00,9,3,6
2022-05-16 06:00:00,25,4,21
2022-05-16 07:00:00,46,20,26
2022-05-16 08:00:00,52,19,33
2022-05-16 09:00:00,30,15,15
2022-05-16 10:00:00,22,9,13
2022-05-16 11:00:00,26,14,12
2022-05-16 12:00:00,21,11,10
2022-05-16 13:00:00,22,15,7
2022-05-16 14:00:00,28,17,11
2022-05-16 15:00:00,42,30,12
2022-05-16 16:00:00,67,45,22
2022-05-16 17:00:00,85,51,34
2022-05-16 18:00:00,60,33,27
2022-05-16 19:00:00,21,8,13
2022-05-16 20:00:00,15,8,7
2022-05-16 21:00:00,12,4,8
2022-05-16 22:00:00,9,3,6
2022-05-16 23:00:00,4,3,1
2022-05-17 00:00:00,1,0,1
2022-05-17 01:00:00,0,0,0
2022-05-17 02:00:00,2,2,0
2022-05-17 03:00:00,2,1,1
2022-05-17 04:00:00,1,0,1
2022-05-17 05:00:00,16,6,10
2022-05-17 06:00:00,31,8,23
2022-05-17 07:00:00,48,12,36
2022-05-17 08:00:00,86,35,51
2022-05-17 09:00:00,40,17,23
2022-05-17 10:00:00,25,13,12
2022-05-17 11:00:00,23,11,12
2022-05-17 12:00:00,43,19,24
2022-05-17 13:00:00,25,18,7
2022-05-17 14:00:00,39,17,22
2022-05-17 15:00:00,60,41,19
2022-05-17 16:00:00,93,64,29
2022-05-17 17:00:00,101,59,42
2022-05-17 18:00:00,64,41,23
2022-05-17 19:00:00,32,23,9
2022-05-17 20:00:00,17,7,10
2022-05-17 21:00:00,18,6,12
2022-05-17 22:00:00,9,4,5
2022-05-17 23:00:00,4,2,2
2022-05-18 00:00:00,5,5,0
2022-05-18 01:00:00,3,0,3
2022-05-18 02:00:00,2,1,1
2022-05-18 03:00:00,1,0,1
2022-05-18 04:00:00,3,1,2
2022-05-18 05:00:00,12,2,10
2022-05-18 06:00:00,18,3,15
2022-05-18 07:00:00,28,9,19
2022-05-18 08:00:00,54,18,36
2022-05-18 09:00:00,23,11,12
2022-05-18 10:00:00,8,4,4
2022-05-18 11:00:00,24,14,10
2022-05-18 12:00:00,22,12,10
2022-05-18 13:00:00,22,13,9
2022-05-18 14:00:00,25,16,9
2022-05-18 15:00:00,35,27,8
2022-05-18 16:00:00,79,57,22
2022-05-18 17:00:00,77,47,30
2022-05-18 18:00:00,42,30,12
2022-05-18 19:00:00,16,8,8
2022-05-18 20:00:00,16,7,9
2022-05-18 21:00:00,24,8,16
2022-05-18 22:00:00,9,5,4
2022-05-18 23:00:00,5,3,2
2022-05-19 00:00:00,2,2,0
2022-05-19 01:00:00,2,1,1
2022-05-19 02:00:00,0,0,0
2022-05-19 03:00:00,2,1,1
2022-05-19 04:00:00,1,1,0
2022-05-19 05:00:00,12,3,9
2022-05-19 06:00:00,28,12,16
2022-05-19 07:00:00,44,18,26
2022-05-19 08:00:00,63,25,38
2022-05-19 09:00:00,43,18,25
2022-05-19 10:00:00,20,10,10
2022-05-19 11:00:00,20,10,10
2022-05-19 12:00:00,27,10,17
2022-05-19 13:00:00,38,21,17
2022-05-19 14:00:00,33,19,14
2022-05-19 15:00:00,55,39,16
2022-05-19 16:00:00,92,59,33
2022-05-19 17:00:00,111,67,44
2022-05-19 18:00:00,56,30,26
2022-05-19 19:00:00,40,19,21
2022-05-19 20:00:00,19,10,9
2022-05-19 21:00:00,11,5,6
2022-05-19 22:00:00,12,10,2
2022-05-19 23:00:00,8,2,6
2022-05-20 00:00:00,6,5,1
2022-05-20 01:00:00,3,1,2
2022-05-20 02:00:00,3,3,0
2022-05-20 03:00:00,1,1,0
2022-05-20 04:00:00,1,0,1
2022-05-20 05:00:00,8,2,6
2022-05-20 06:00:00,24,7,17
2022-05-20 07:00:00,56,26,30
2022-05-20 08:00:00,56,18,38
2022-05-20 09:00:00,55,33,22
2022-05-20 10:00:00,23,12,11
2022-05-20 11:00:00,37,24,13
2022-05-20 12:00:00,34,14,20
2022-05-20 13:00:00,31,17,14
2022-05-20 14:00:00,50,24,26
2022-05-20 15:00:00,64,40,24
2022-05-20 16:00:00,74,43,31
2022-05-20 17:00:00,66,41,25
2022-05-20 18:00:00,66,36,30
2022-05-20 19:00:00,46,24,22
2022-05-20 20:00:00,34,22,12
2022-05-20 21:00:00,16,7,9
2022-05-20 22:00:00,8,3,5
2022-05-20 23:00:00,17,8,9
2022-05-21 00:00:00,11,6,5
2022-05-21 01:00:00,4,1,3
2022-05-21 02:00:00,3,1,2
2022-05-21 03:00:00,3,1,2
2022-05-21 04:00:00,5,2,3
2022-05-21 05:00:00,4,2,2
2022-05-21 06:00:00,0,0,0
2022-05-21 07:00:00,11,7,4
2022-05-21 08:00:00,16,9,7
2022-05-21 09:00:00,25,17,8
2022-05-21 10:00:00,43,19,24
2022-05-21 11:00:00,37,24,13
2022-05-21 12:00:00,50,26,24
2022-05-21 13:00:00,41,22,19
2022-05-21 14:00:00,46,29,17
2022-05-21 15:00:00,47,22,25
2022-05-21 16:00:00,64,30,34
2022-05-21 17:00:00,54,27,27
2022-05-21 18:00:00,41,17,24
2022-05-21 19:00:00,43,14,29
2022-05-21 20:00:00,40,16,24
2022-05-21 21:00:00,25,15,10
2022-05-21 22:00:00,12,6,6
2022-05-21 23:00:00,21,10,11
2022-05-22 00:00:00,17,5,12
2022-05-22 01:00:00,4,2,2
2022-05-22 02:00:00,5,2,3
2022-05-22 03:00:00,5,3,2
2022-05-22 04:00:00,1,0,1
2022-05-22 05:00:00,3,1,2
2022-05-22 06:00:00,2,2,0
2022-05-22 07:00:00,7,3,4
2022-05-22 08:00:00,12,8,4
2022-05-22 09:00:00,21,6,15
2022-05-22 10:00:00,42,30,12
2022-05-22 11:00:00,31,13,18
2022-05-22 12:00:00,50,28,22
2022-05-22 13:00:00,58,25,33
2022-05-22 14:00:00,48,33,15
2022-05-22 15:00:00,34,15,19
2022-05-22 16:00:00,32,15,17
2022-05-22 17:00:00,43,20,23
2022-05-22 18:00:00,38,16,22
2022-05-22 19:00:00,28,13,15
2022-05-22 20:00:00,21,9,12
2022-05-22 21:00:00,11,6,5
2022-05-22 22:00:00,3,1,2
2022-05-22 23:00:00,3,3,0
2022-05-23 00:00:00,8,5,3
2022-05-23 01:00:00,1,0,1
2022-05-23 02:00:00,1,1,0
2022-05-23 03:00:00,2,1,1
2022-05-23 04:00:00,4,1,3
2022-05-23 05:00:00,16,5,11
2022-05-23 06:00:00,19,7,12
2022-05-23 07:00:00,42,15,27
2022-05-23 08:00:00,62,20,42
2022-05-23 09:00:00,29,19,10
2022-05-23 10:00:00,23,14,9
2022-05-23 11:00:00,27,12,15
2022-05-23 12:00:00,28,18,10
2022-05-23 13:00:00,30,20,10
2022-05-23 14:00:00,38,27,11
2022-05-23 15:00:00,34,25,9
2022-05-23 16:00:00,82,58,24
2022-05-23 17:00:00,93,57,36
2022-05-23 18:00:00,83,62,21
2022-05-23 19:00:00,39,28,11
2022-05-23 20:00:00,27,10,17
2022-05-23 21:00:00,18,3,15
2022-05-23 22:00:00,45,8,37
2022-05-23 23:00:00,5,1,4
2022-05-24 00:00:00,4,0,4
2022-05-24 01:00:00,0,0,0
2022-05-24 02:00:00,2,1,1
2022-05-24 03:00:00,1,0,1
2022-05-24 04:00:00,1,0,1
2022-05-24 05:00:00,19,7,12
2022-05-24 06:00:00,36,10,26
2022-05-24 07:00:00,59,25,34
2022-05-24 08:00:00,81,25,56
2022-05-24 09:00:00,47,20,27
2022-05-24 10:00:00,16,5,11
2022-05-24 11:00:00,22,6,16
2022-05-24 12:00:00,22,12,10
2022-05-24 13:00:00,28,12,16
2022-05-24 14:00:00,46,28,18
2022-05-24 15:00:00,52,38,14
2022-05-24 16:00:00,99,63,36
2022-05-24 17:00:00,88,64,24
2022-05-24 18:00:00,69,51,18
2022-05-24 19:00:00,19,9,10
2022-05-24 20:00:00,13,4,9
2022-05-24 21:00:00,23,6,17
2022-05-24 22:00:00,45,8,37
2022-05-24 23:00:00,1,1,0
2022-05-25 00:00:00,2,0,2
2022-05-25 01:00:00,1,1,0
2022-05-25 02:00:00,6,4,2
2022-05-25 03:00:00,1,0,1
2022-05-25 04:00:00,2,1,1
2022-05-25 05:00:00,24,6,18
2022-05-25 06:00:00,32,8,24
2022-05-25 07:00:00,40,16,24
2022-05-25 08:00:00,73,21,52
2022-05-25 09:00:00,33,19,14
2022-05-25 10:00:00,20,8,12
2022-05-25 11:00:00,28,15,13
2022-05-25 12:00:00,54,36,18
2022-05-25 13:00:00,32,27,5
2022-05-25 14:00:00,32,21,11
2022-05-25 15:00:00,60,39,21
2022-05-25 16:00:00,114,60,54
2022-05-25 17:00:00,122,71,51
2022-05-25 18:00:00,78,44,34
2022-05-25 19:00:00,33,19,14
2022-05-25 20:00:00,20,8,12
2022-05-25 21:00:00,21,6,15
2022-05-25 22:00:00,12,7,5
2022-05-25 23:00:00,9,6,3
2022-05-26 00:00:00,4,2,2
2022-05-26 01:00:00,3,0,3
2022-05-26 02:00:00,1,1,0
2022-05-26 03:00:00,0,0,0
2022-05-26 04:00:00,4,3,1
2022-05-26 05:00:00,21,6,15
2022-05-26 06:00:00,26,4,22
2022-05-26 07:00:00,47,16,31
2022-05-26 08:00:00,67,22,45
2022-05-26 09:00:00,33,18,15
2022-05-26 10:00:00,11,5,6
2022-05-26 11:00:00,14,5,9
2022-05-26 12:00:00,26,18,8
2022-05-26 13:00:00,24,14,10
2022-05-26 14:00:00,50,34,16
2022-05-26 15:00:00,50,27,23
2022-05-26 16:00:00,61,45,16
2022-05-26 17:00:00,84,58,26
2022-05-26 18:00:00,38,26,12
2022-05-26 19:00:00,23,14,9
2022-05-26 20:00:00,17,4,13
2022-05-26 21:00:00,8,7,1
2022-05-26 22:00:00,8,7,1
2022-05-26 23:00:00,14,9,5
2022-05-27 00:00:00,2,1,1
2022-05-27 01:00:00,2,1,1
2022-05-27 02:00:00,1,1,0
2022-05-27 03:00:00,3,2,1
2022-05-27 04:00:00,4,2,2
2022-05-27 05:00:00,15,5,10
2022-05-27 06:00:00,18,6,12
2022-05-27 07:00:00,31,8,23
2022-05-27 08:00:00,36,12,24
2022-05-27 09:00:00,33,16,17
2022-05-27 10:00:00,29,13,16
2022-05-27 11:00:00,21,10,11
2022-05-27 12:00:00,33,14,19
2022-05-27 13:00:00,40,25,15
2022-05-27 14:00:00,46,32,14
2022-05-27 15:00:00,68,47,21
2022-05-27 16:00:00,66,44,22
2022-05-27 17:00:00,76,52,24
2022-05-27 18:00:00,79,50,29
2022-05-27 19:00:00,49,31,18
2022-05-27 20:00:00,37,20,17
2022-05-27 21:00:00,60,15,45
2022-05-27 22:00:00,27,9,18
2022-05-27 23:00:00,15,7,8
2022-05-28 00:00:00,9,3,6
2022-05-28 01:00:00,0,0,0
2022-05-28 02:00:00,3,2,1
2022-05-28 03:00:00,4,3,1
2022-05-28 04:00:00,2,0,2
2022-05-28 05:00:00,3,1,2
2022-05-28 06:00:00,3,3,0
2022-05-28 07:00:00,8,2,6
2022-05-28 08:00:00,8,2,6
2022-05-28 09:00:00,6,4,2
2022-05-28 10:00:00,21,13,8
2022-05-28 11:00:00,13,5,8
2022-05-28 12:00:00,22,11,11
2022-05-28 13:00:00,31,19,12
2022-05-28 14:00:00,26,12,14
2022-05-28 15:00:00,36,26,10
2022-05-28 16:00:00,29,18,11
2022-05-28 17:00:00,19,13,6
2022-05-28 18:00:00,22,14,8
2022-05-28 19:00:00,18,14,4
2022-05-28 20:00:00,9,3,6
2022-05-28 21:00:00,3,1,2
2022-05-28 22:00:00,15,3,12
2022-05-28 23:00:00,12,4,8
2022-05-29 00:00:00,5,2,3
2022-05-29 01:00:00,2,2,0
2022-05-29 02:00:00,2,1,1
2022-05-29 03:00:00,2,2,0
2022-05-29 04:00:00,2,1,1
2022-05-29 05:00:00,3,2,1
2022-05-29 06:00:00,2,1,1
2022-05-29 07:00:00,5,0,5
2022-05-29 08:00:00,13,6,7
2022-05-29 09:00:00,8,6,2
2022-05-29 10:00:00,14,11,3
2022-05-29 11:00:00,31,22,9
2022-05-29 12:00:00,40,30,10
2022-05-29 13:00:00,29,19,10
2022-05-29 14:00:00,17,7,10
2022-05-29 15:00:00,23,14,9
2022-05-29 16:00:00,29,6,23
2022-05-29 17:00:00,28,18,10
2022-05-29 18:00:00,26,23,3
2022-05-29 19:00:00,6,2,4
2022-05-29 20:00:00,20,6,14
2022-05-29 21:00:00,28,5,23
2022-05-29 22:00:00,10,5,5
2022-05-29 23:00:00,8,4,4
2022-05-30 00:00:00,2,0,2
2022-05-30 01:00:00,3,2,1
2022-05-30 02:00:00,3,1,2
2022-05-30 03:00:00,3,3,0
2022-05-30 04:00:00,2,2,0
2022-05-30 05:00:00,2,2,0
2022-05-30 06:00:00,3,3,0
2022-05-30 07:00:00,13,7,6
2022-05-30 08:00:00,5,2,3
2022-05-30 09:00:00,13,7,6
2022-05-30 10:00:00,10,5,5
2022-05-30 11:00:00,39,23,16
2022-05-30 12:00:00,53,23,30
2022-05-30 13:00:00,34,11,23
2022-05-30 14:00:00,41,25,16
2022-05-30 15:00:00,35,16,19
2022-05-30 16:00:00,44,24,20
2022-05-30 17:00:00,33,15,18
2022-05-30 18:00:00,30,19,11
2022-05-30 19:00:00,17,9,8
2022-05-30 20:00:00,14,2,12
2022-05-30 21:00:00,5,3,2
2022-05-30 22:00:00,4,2,2
2022-05-30 23:00:00,4,1,3
2022-05-31 00:00:00,7,4,3
2022-05-31 01:00:00,2,2,0
2022-05-31 02:00:00,1,0,1
2022-05-31 03:00:00,1,1,0
2022-05-31 04:00:00,0,0,0
2022-05-31 05:00:00,15,4,11
2022-05-31 06:00:00,36,14,22
2022-05-31 07:00:00,47,12,35
2022-05-31 08:00:00,76,22,54
2022-05-31 09:00:00,53,16,37
2022-05-31 10:00:00,26,15,11
2022-05-31 11:00:00,25,14,11
2022-05-31 12:00:00,35,12,23
2022-05-31 13:00:00,30,21,9
2022-05-31 14:00:00,48,33,15
2022-05-31 15:00:00,54,34,20
2022-05-31 16:00:00,96,67,29
2022-05-31 17:00:00,108,71,37
2022-05-31 18:00:00,52,38,14
2022-05-31 19:00:00,38,10,28
2022-05-31 20:00:00,27,9,18
2022-05-31 21:00:00,21,11,10
2022-05-31 22:00:00,10,6,4
2022-05-31 23:00:00,7,4,3