Date,BGT North of NE 70th Total,Bike North,Bike South
2019-01-01 00:00:00,0,0,0
2019-01-01 01:00:00,1,1,0
2019-01-01 02:00:00,1,0,1
2019-01-01 03:00:00,0,0,0
2019-01-01 04:00:00,1,1,0
2019-01-01 05:00:00,1,1,0
2019-01-01 06:00:00,2,1,1
2019-01-01 07:00:00,4,2,2
2019-01-01 08:00:00,6,1,5
2019-01-01 09:00:00,22,12,10
2019-01-01 10:00:00,38,12,26
2019-01-01 11:00:00,91,34,57
2019-01-01 12:00:00,67,25,42
2019-01-01 13:00:00,95,42,53
2019-01-01 14:00:00,106,53,53
2019-01-01 15:00:00,59,41,18
2019-01-01 16:00:00,19,11,8
2019-01-01 17:00:00,5,3,2
2019-01-01 18:00:00,7,4,3
2019-01-01 19:00:00,1,1,0
2019-01-01 20:00:00,1,0,1
2019-01-01 21:00:00,0,0,0
2019-01-01 22:00:00,2,0,2
2019-01-01 23:00:00,0,0,0
2019-01-02 00:00:00,0,0,0
2019-01-02 01:00:00,0,0,0
2019-01-02 02:00:00,0,0,0
2019-01-02 03:00:00,0,0,0
2019-01-02 04:00:00,1,1,0
2019-01-02 05:00:00,8,8,0
2019-01-02 06:00:00,23,22,1
2019-01-02 07:00:00,26,26,0
2019-01-02 08:00:00,47,40,7
2019-01-02 09:00:00,29,21,8
2019-01-02 10:00:00,18,11,7
2019-01-02 11:00:00,12,8,4
2019-01-02 12:00:00,21,9,12
2019-01-02 13:00:00,28,13,15
2019-01-02 14:00:00,24,12,12
2019-01-02 15:00:00,28,5,23
2019-01-02 16:00:00,46,18,28
2019-01-02 17:00:00,63,6,57
2019-01-02 18:00:00,34,4,30
2019-01-02 19:00:00,16,4,12
2019-01-02 20:00:00,5,0,5
2019-01-02 21:00:00,4,4,0
2019-01-02 22:00:00,1,0,1
2019-01-02 23:00:00,1,0,1
2019-01-03 00:00:00,0,0,0
2019-01-03 01:00:00,0,0,0
2019-01-03 02:00:00,0,0,0
2019-01-03 03:00:00,0,0,0
2019-01-03 04:00:00,2,2,0
2019-01-03 05:00:00,8,7,1
2019-01-03 06:00:00,16,15,1
2019-01-03 07:00:00,26,23,3
2019-01-03 08:00:00,28,25,3
2019-01-03 09:00:00,19,16,3
2019-01-03 10:00:00,6,3,3
2019-01-03 11:00:00,15,8,7
2019-01-03 12:00:00,10,6,4
2019-01-03 13:00:00,11,4,7
2019-01-03 14:00:00,14,7,7
2019-01-03 15:00:00,10,1,9
2019-01-03 16:00:00,22,3,19
2019-01-03 17:00:00,34,4,30
2019-01-03 18:00:00,24,4,20
2019-01-03 19:00:00,13,1,12
2019-01-03 20:00:00,1,0,1
2019-01-03 21:00:00,2,1,1
2019-01-03 22:00:00,0,0,0
2019-01-03 23:00:00,0,0,0
2019-01-04 00:00:00,0,0,0
2019-01-04 01:00:00,0,0,0
2019-01-04 02:00:00,0,0,0
2019-01-04 03:00:00,2,0,2
2019-01-04 04:00:00,1,1,0
2019-01-04 05:00:00,6,4,2
2019-01-04 06:00:00,15,14,1
2019-01-04 07:00:00,28,23,5
2019-01-04 08:00:00,45,37,8
2019-01-04 09:00:00,33,25,8
2019-01-04 10:00:00,24,14,10
2019-01-04 11:00:00,22,11,11
2019-01-04 12:00:00,41,18,23
2019-01-04 13:00:00,34,19,15
2019-01-04 14:00:00,29,11,18
2019-01-04 15:00:00,48,20,28
2019-01-04 16:00:00,40,14,26
2019-01-04 17:00:00,50,4,46
2019-01-04 18:00:00,27,3,24
2019-01-04 19:00:00,9,0,9
2019-01-04 20:00:00,7,2,5
2019-01-04 21:00:00,4,2,2
2019-01-04 22:00:00,1,0,1
2019-01-04 23:00:00,1,1,0
2019-01-05 00:00:00,0,0,0
2019-01-05 01:00:00,0,0,0
2019-01-05 02:00:00,0,0,0
2019-01-05 03:00:00,0,0,0
2019-01-05 04:00:00,1,0,1
2019-01-05 05:00:00,2,2,0
2019-01-05 06:00:00,3,2,1
2019-01-05 07:00:00,9,5,4
2019-01-05 08:00:00,38,10,28
2019-01-05 09:00:00,94,32,62
2019-01-05 10:00:00,87,39,48
2019-01-05 11:00:00,88,38,50
2019-01-05 12:00:00,120,61,59
2019-01-05 13:00:00,96,49,47
2019-01-05 14:00:00,91,52,39
2019-01-05 15:00:00,78,41,37
2019-01-05 16:00:00,38,23,15
2019-01-05 17:00:00,14,11,3
2019-01-05 18:00:00,2,1,1
2019-01-05 19:00:00,2,0,2
2019-01-05 20:00:00,2,1,1
2019-01-05 21:00:00,3,0,3
2019-01-05 22:00:00,0,0,0
2019-01-05 23:00:00,0,0,0
2019-01-06 00:00:00,0,0,0
2019-01-06 01:00:00,0,0,0
2019-01-06 02:00:00,0,0,0
2019-01-06 03:00:00,0,0,0
2019-01-06 04:00:00,0,0,0
2019-01-06 05:00:00,1,1,0
2019-01-06 06:00:00,1,1,0
2019-01-06 07:00:00,6,2,4
2019-01-06 08:00:00,19,5,14
2019-01-06 09:00:00,29,5,24
2019-01-06 10:00:00,41,18,23
2019-01-06 11:00:00,59,31,28
2019-01-06 12:00:00,65,36,29
2019-01-06 13:00:00,73,36,37
2019-01-06 14:00:00,58,21,37
2019-01-06 15:00:00,33,20,13
2019-01-06 16:00:00,20,13,7
2019-01-06 17:00:00,5,4,1
2019-01-06 18:00:00,6,4,2
2019-01-06 19:00:00,2,1,1
2019-01-06 20:00:00,3,0,3
2019-01-06 21:00:00,0,0,0
2019-01-06 22:00:00,1,0,1
2019-01-06 23:00:00,0,0,0
2019-01-07 00:00:00,1,1,0
2019-01-07 01:00:00,1,1,0
2019-01-07 02:00:00,0,0,0
2019-01-07 03:00:00,0,0,0
2019-01-07 04:00:00,2,2,0
2019-01-07 05:00:00,10,9,1
2019-01-07 06:00:00,27,25,2
2019-01-07 07:00:00,52,45,7
2019-01-07 08:00:00,55,49,6
2019-01-07 09:00:00,41,31,10
2019-01-07 10:00:00,36,27,9
2019-01-07 11:00:00,11,3,8
2019-01-07 12:00:00,23,9,14
2019-01-07 13:00:00,35,19,16
2019-01-07 14:00:00,34,18,16
2019-01-07 15:00:00,48,14,34
2019-01-07 16:00:00,62,20,42
2019-01-07 17:00:00,70,6,64
2019-01-07 18:00:00,46,4,42
2019-01-07 19:00:00,15,2,13
2019-01-07 20:00:00,4,1,3
2019-01-07 21:00:00,1,1,0
2019-01-07 22:00:00,3,1,2
2019-01-07 23:00:00,1,0,1
2019-01-08 00:00:00,1,0,1
2019-01-08 01:00:00,2,2,0
2019-01-08 02:00:00,0,0,0
2019-01-08 03:00:00,1,0,1
2019-01-08 04:00:00,3,2,1
2019-01-08 05:00:00,7,7,0
2019-01-08 06:00:00,24,20,4
2019-01-08 07:00:00,36,31,5
2019-01-08 08:00:00,44,40,4
2019-01-08 09:00:00,16,12,4
2019-01-08 10:00:00,3,3,0
2019-01-08 11:00:00,6,2,4
2019-01-08 12:00:00,7,5,2
2019-01-08 13:00:00,8,5,3
2019-01-08 14:00:00,14,6,8
2019-01-08 15:00:00,13,1,12
2019-01-08 16:00:00,34,7,27
2019-01-08 17:00:00,50,9,41
2019-01-08 18:00:00,42,6,36
2019-01-08 19:00:00,16,1,15
2019-01-08 20:00:00,5,0,5
2019-01-08 21:00:00,3,3,0
2019-01-08 22:00:00,4,0,4
2019-01-08 23:00:00,0,0,0
2019-01-09 00:00:00,0,0,0
2019-01-09 01:00:00,0,0,0
2019-01-09 02:00:00,1,0,1
2019-01-09 03:00:00,0,0,0
2019-01-09 04:00:00,2,2,0
2019-01-09 05:00:00,9,9,0
2019-01-09 06:00:00,17,15,2
2019-01-09 07:00:00,34,33,1
2019-01-09 08:00:00,46,40,6
2019-01-09 09:00:00,25,19,6
2019-01-09 10:00:00,20,13,7
2019-01-09 11:00:00,11,6,5
2019-01-09 12:00:00,13,5,8
2019-01-09 13:00:00,18,6,12
2019-01-09 14:00:00,12,2,10
2019-01-09 15:00:00,10,2,8
2019-01-09 16:00:00,30,10,20
2019-01-09 17:00:00,46,4,42
2019-01-09 18:00:00,35,4,31
2019-01-09 19:00:00,18,2,16
2019-01-09 20:00:00,4,0,4
2019-01-09 21:00:00,3,1,2
2019-01-09 22:00:00,3,1,2
2019-01-09 23:00:00,1,0,1
2019-01-10 00:00:00,0,0,0
2019-01-10 01:00:00,0,0,0
2019-01-10 02:00:00,0,0,0
2019-01-10 03:00:00,0,0,0
2019-01-10 04:00:00,3,2,1
2019-01-10 05:00:00,14,12,2
2019-01-10 06:00:00,23,21,2
2019-01-10 07:00:00,49,45,4
2019-01-10 08:00:00,57,48,9
2019-01-10 09:00:00,25,20,5
2019-01-10 10:00:00,19,11,8
2019-01-10 11:00:00,16,6,10
2019-01-10 12:00:00,20,8,12
2019-01-10 13:00:00,15,9,6
2019-01-10 14:00:00,18,4,14
2019-01-10 15:00:00,21,2,19
2019-01-10 16:00:00,55,18,37
2019-01-10 17:00:00,75,12,63
2019-01-10 18:00:00,37,6,31
2019-01-10 19:00:00,20,2,18
2019-01-10 20:00:00,11,1,10
2019-01-10 21:00:00,9,4,5
2019-01-10 22:00:00,1,1,0
2019-01-10 23:00:00,0,0,0
2019-01-11 00:00:00,2,2,0
2019-01-11 01:00:00,0,0,0
2019-01-11 02:00:00,0,0,0
2019-01-11 03:00:00,0,0,0
2019-01-11 04:00:00,3,1,2
2019-01-11 05:00:00,6,5,1
2019-01-11 06:00:00,25,22,3
2019-01-11 07:00:00,38,28,10
2019-01-11 08:00:00,62,54,8
2019-01-11 09:00:00,47,33,14
2019-01-11 10:00:00,18,13,5
2019-01-11 11:00:00,37,20,17
2019-01-11 12:00:00,45,22,23
2019-01-11 13:00:00,36,16,20
2019-01-11 14:00:00,57,33,24
2019-01-11 15:00:00,66,19,47
2019-01-11 16:00:00,70,31,39
2019-01-11 17:00:00,67,14,53
2019-01-11 18:00:00,31,4,27
2019-01-11 19:00:00,17,1,16
2019-01-11 20:00:00,8,0,8
2019-01-11 21:00:00,6,0,6
2019-01-11 22:00:00,0,0,0
2019-01-11 23:00:00,0,0,0
2019-01-12 00:00:00,1,0,1
2019-01-12 01:00:00,0,0,0
2019-01-12 02:00:00,0,0,0
2019-01-12 03:00:00,0,0,0
2019-01-12 04:00:00,0,0,0
2019-01-12 05:00:00,5,4,1
2019-01-12 06:00:00,5,2,3
2019-01-12 07:00:00,22,11,11
2019-01-12 08:00:00,45,10,35
2019-01-12 09:00:00,63,27,36
2019-01-12 10:00:00,116,43,73
2019-01-12 11:00:00,169,72,97
2019-01-12 12:00:00,145,77,68
2019-01-12 13:00:00,190,87,103
2019-01-12 14:00:00,182,89,93
2019-01-12 15:00:00,169,86,83
2019-01-12 16:00:00,107,64,43
2019-01-12 17:00:00,23,13,10
2019-01-12 18:00:00,4,2,2
2019-01-12 19:00:00,4,1,3
2019-01-12 20:00:00,1,0,1
2019-01-12 21:00:00,1,0,1
2019-01-12 22:00:00,1,0,1
2019-01-12 23:00:00,0,0,0
2019-01-13 00:00:00,0,0,0
2019-01-13 01:00:00,0,0,0
2019-01-13 02:00:00,1,0,1
2019-01-13 03:00:00,0,0,0
2019-01-13 04:00:00,1,1,0
2019-01-13 05:00:00,3,3,0
2019-01-13 06:00:00,1,1,0
2019-01-13 07:00:00,9,2,7
2019-01-13 08:00:00,11,4,7
2019-01-13 09:00:00,45,16,29
2019-01-13 10:00:00,76,25,51
2019-01-13 11:00:00,116,55,61
2019-01-13 12:00:00,125,66,59
2019-01-13 13:00:00,203,83,120
2019-01-13 14:00:00,225,100,125
2019-01-13 15:00:00,191,104,87
2019-01-13 16:00:00,112,72,40
2019-01-13 17:00:00,22,15,7
2019-01-13 18:00:00,10,4,6
2019-01-13 19:00:00,4,2,2
2019-01-13 20:00:00,3,2,1
2019-01-13 21:00:00,1,0,1
2019-01-13 22:00:00,1,0,1
2019-01-13 23:00:00,1,1,0
2019-01-14 00:00:00,0,0,0
2019-01-14 01:00:00,0,0,0
2019-01-14 02:00:00,0,0,0
2019-01-14 03:00:00,1,0,1
2019-01-14 04:00:00,1,1,0
2019-01-14 05:00:00,6,6,0
2019-01-14 06:00:00,34,30,4
2019-01-14 07:00:00,67,60,7
2019-01-14 08:00:00,71,60,11
2019-01-14 09:00:00,47,33,14
2019-01-14 10:00:00,28,18,10
2019-01-14 11:00:00,41,28,13
2019-01-14 12:00:00,51,28,23
2019-01-14 13:00:00,53,17,36
2019-01-14 14:00:00,58,24,34
2019-01-14 15:00:00,81,33,48
2019-01-14 16:00:00,97,34,63
2019-01-14 17:00:00,96,11,85
2019-01-14 18:00:00,55,7,48
2019-01-14 19:00:00,14,3,11
2019-01-14 20:00:00,5,2,3
2019-01-14 21:00:00,3,2,1
2019-01-14 22:00:00,1,0,1
2019-01-14 23:00:00,0,0,0
2019-01-15 00:00:00,0,0,0
2019-01-15 01:00:00,0,0,0
2019-01-15 02:00:00,0,0,0
2019-01-15 03:00:00,2,0,2
2019-01-15 04:00:00,1,1,0
2019-01-15 05:00:00,7,6,1
2019-01-15 06:00:00,17,14,3
2019-01-15 07:00:00,49,46,3
2019-01-15 08:00:00,53,44,9
2019-01-15 09:00:00,34,26,8
2019-01-15 10:00:00,25,14,11
2019-01-15 11:00:00,20,15,5
2019-01-15 12:00:00,25,12,13
2019-01-15 13:00:00,29,14,15
2019-01-15 14:00:00,43,15,28
2019-01-15 15:00:00,49,23,26
2019-01-15 16:00:00,60,15,45
2019-01-15 17:00:00,79,18,61
2019-01-15 18:00:00,43,3,40
2019-01-15 19:00:00,25,3,22
2019-01-15 20:00:00,5,1,4
2019-01-15 21:00:00,4,2,2
2019-01-15 22:00:00,2,1,1
2019-01-15 23:00:00,2,0,2
2019-01-16 00:00:00,2,0,2
2019-01-16 01:00:00,0,0,0
2019-01-16 02:00:00,1,0,1
2019-01-16 03:00:00,1,0,1
2019-01-16 04:00:00,3,3,0
2019-01-16 05:00:00,7,5,2
2019-01-16 06:00:00,23,19,4
2019-01-16 07:00:00,39,36,3
2019-01-16 08:00:00,51,48,3
2019-01-16 09:00:00,32,27,5
2019-01-16 10:00:00,20,11,9
2019-01-16 11:00:00,22,12,10
2019-01-16 12:00:00,27,9,18
2019-01-16 13:00:00,38,18,20
2019-01-16 14:00:00,45,22,23
2019-01-16 15:00:00,57,20,37
2019-01-16 16:00:00,67,25,42
2019-01-16 17:00:00,77,7,70
2019-01-16 18:00:00,37,5,32
2019-01-16 19:00:00,17,4,13
2019-01-16 20:00:00,6,2,4
2019-01-16 21:00:00,7,1,6
2019-01-16 22:00:00,1,0,1
2019-01-16 23:00:00,1,0,1
2019-01-17 00:00:00,0,0,0
2019-01-17 01:00:00,0,0,0
2019-01-17 02:00:00,0,0,0
2019-01-17 03:00:00,2,0,2
2019-01-17 04:00:00,1,1,0
2019-01-17 05:00:00,8,7,1
2019-01-17 06:00:00,19,17,2
2019-01-17 07:00:00,29,26,3
2019-01-17 08:00:00,46,41,5
2019-01-17 09:00:00,27,20,7
2019-01-17 10:00:00,16,11,5
2019-01-17 11:00:00,12,8,4
2019-01-17 12:00:00,7,4,3
2019-01-17 13:00:00,13,3,10
2019-01-17 14:00:00,11,5,6
2019-01-17 15:00:00,24,2,22
2019-01-17 16:00:00,49,18,31
2019-01-17 17:00:00,49,10,39
2019-01-17 18:00:00,41,9,32
2019-01-17 19:00:00,17,2,15
2019-01-17 20:00:00,6,0,6
2019-01-17 21:00:00,6,2,4
2019-01-17 22:00:00,0,0,0
2019-01-17 23:00:00,0,0,0
2019-01-18 00:00:00,2,0,2
2019-01-18 01:00:00,0,0,0
2019-01-18 02:00:00,0,0,0
2019-01-18 03:00:00,0,0,0
2019-01-18 04:00:00,1,1,0
2019-01-18 05:00:00,7,5,2
2019-01-18 06:00:00,16,15,1
2019-01-18 07:00:00,30,28,2
2019-01-18 08:00:00,45,38,7
2019-01-18 09:00:00,29,20,9
2019-01-18 10:00:00,20,7,13
2019-01-18 11:00:00,23,11,12
2019-01-18 12:00:00,22,7,15
2019-01-18 13:00:00,33,20,13
2019-01-18 14:00:00,33,14,19
2019-01-18 15:00:00,41,17,24
2019-01-18 16:00:00,41,15,26
2019-01-18 17:00:00,42,6,36
2019-01-18 18:00:00,19,6,13
2019-01-18 19:00:00,18,0,18
2019-01-18 20:00:00,1,0,1
2019-01-18 21:00:00,2,0,2
2019-01-18 22:00:00,2,0,2
2019-01-18 23:00:00,3,1,2
2019-01-19 00:00:00,0,0,0
2019-01-19 01:00:00,0,0,0
2019-01-19 02:00:00,0,0,0
2019-01-19 03:00:00,0,0,0
2019-01-19 04:00:00,2,1,1
2019-01-19 05:00:00,0,0,0
2019-01-19 06:00:00,6,3,3
2019-01-19 07:00:00,9,3,6
2019-01-19 08:00:00,29,5,24
2019-01-19 09:00:00,37,15,22
2019-01-19 10:00:00,68,27,41
2019-01-19 11:00:00,73,27,46
2019-01-19 12:00:00,104,47,57
2019-01-19 13:00:00,71,31,40
2019-01-19 14:00:00,86,58,28
2019-01-19 15:00:00,79,34,45
2019-01-19 16:00:00,25,15,10
2019-01-19 17:00:00,12,11,1
2019-01-19 18:00:00,7,5,2
2019-01-19 19:00:00,7,1,6
2019-01-19 20:00:00,3,1,2
2019-01-19 21:00:00,0,0,0
2019-01-19 22:00:00,0,0,0
2019-01-19 23:00:00,3,0,3
2019-01-20 00:00:00,0,0,0
2019-01-20 01:00:00,0,0,0
2019-01-20 02:00:00,1,0,1
2019-01-20 03:00:00,0,0,0
2019-01-20 04:00:00,0,0,0
2019-01-20 05:00:00,1,1,0
2019-01-20 06:00:00,1,1,0
2019-01-20 07:00:00,8,3,5
2019-01-20 08:00:00,16,6,10
2019-01-20 09:00:00,32,14,18
2019-01-20 10:00:00,56,27,29
2019-01-20 11:00:00,72,32,40
2019-01-20 12:00:00,69,40,29
2019-01-20 13:00:00,88,39,49
2019-01-20 14:00:00,58,27,31
2019-01-20 15:00:00,68,40,28
2019-01-20 16:00:00,47,26,21
2019-01-20 17:00:00,6,3,3
2019-01-20 18:00:00,9,5,4
2019-01-20 19:00:00,2,1,1
2019-01-20 20:00:00,0,0,0
2019-01-20 21:00:00,0,0,0
2019-01-20 22:00:00,0,0,0
2019-01-20 23:00:00,0,0,0
2019-01-21 00:00:00,1,0,1
2019-01-21 01:00:00,0,0,0
2019-01-21 02:00:00,0,0,0
2019-01-21 03:00:00,0,0,0
2019-01-21 04:00:00,1,1,0
2019-01-21 05:00:00,2,2,0
2019-01-21 06:00:00,16,14,2
2019-01-21 07:00:00,14,9,5
2019-01-21 08:00:00,31,23,8
2019-01-21 09:00:00,40,21,19
2019-01-21 10:00:00,60,38,22
2019-01-21 11:00:00,46,23,23
2019-01-21 12:00:00,82,42,40
2019-01-21 13:00:00,75,41,34
2019-01-21 14:00:00,101,59,42
2019-01-21 15:00:00,75,29,46
2019-01-21 16:00:00,57,28,29
2019-01-21 17:00:00,40,6,34
2019-01-21 18:00:00,28,10,18
2019-01-21 19:00:00,9,1,8
2019-01-21 20:00:00,3,1,2
2019-01-21 21:00:00,3,1,2
2019-01-21 22:00:00,2,1,1
2019-01-21 23:00:00,1,0,1
2019-01-22 00:00:00,0,0,0
2019-01-22 01:00:00,0,0,0
2019-01-22 02:00:00,0,0,0
2019-01-22 03:00:00,1,0,1
2019-01-22 04:00:00,0,0,0
2019-01-22 05:00:00,14,13,1
2019-01-22 06:00:00,17,16,1
2019-01-22 07:00:00,35,32,3
2019-01-22 08:00:00,54,48,6
2019-01-22 09:00:00,28,21,7
2019-01-22 10:00:00,19,14,5
2019-01-22 11:00:00,10,4,6
2019-01-22 12:00:00,9,4,5
2019-01-22 13:00:00,5,1,4
2019-01-22 14:00:00,6,1,5
2019-01-22 15:00:00,12,0,12
2019-01-22 16:00:00,35,6,29
2019-01-22 17:00:00,58,7,51
2019-01-22 18:00:00,32,2,30
2019-01-22 19:00:00,8,0,8
2019-01-22 20:00:00,6,0,6
2019-01-22 21:00:00,6,3,3
2019-01-22 22:00:00,0,0,0
2019-01-22 23:00:00,0,0,0
2019-01-23 00:00:00,0,0,0
2019-01-23 01:00:00,0,0,0
2019-01-23 02:00:00,1,0,1
2019-01-23 03:00:00,1,0,1
2019-01-23 04:00:00,1,1,0
2019-01-23 05:00:00,10,9,1
2019-01-23 06:00:00,22,19,3
2019-01-23 07:00:00,29,25,4
2019-01-23 08:00:00,36,32,4
2019-01-23 09:00:00,38,31,7
2019-01-23 10:00:00,14,9,5
2019-01-23 11:00:00,12,8,4
2019-01-23 12:00:00,16,7,9
2019-01-23 13:00:00,19,10,9
2019-01-23 14:00:00,36,11,25
2019-01-23 15:00:00,33,12,21
2019-01-23 16:00:00,71,24,47
2019-01-23 17:00:00,65,13,52
2019-01-23 18:00:00,42,6,36
2019-01-23 19:00:00,22,6,16
2019-01-23 20:00:00,6,2,4
2019-01-23 21:00:00,8,5,3
2019-01-23 22:00:00,1,0,1
2019-01-23 23:00:00,1,0,1
2019-01-24 00:00:00,0,0,0
2019-01-24 01:00:00,0,0,0
2019-01-24 02:00:00,0,0,0
2019-01-24 03:00:00,1,0,1
2019-01-24 04:00:00,0,0,0
2019-01-24 05:00:00,12,11,1
2019-01-24 06:00:00,27,27,0
2019-01-24 07:00:00,48,41,7
2019-01-24 08:00:00,65,58,7
2019-01-24 09:00:00,23,18,5
2019-01-24 10:00:00,15,7,8
2019-01-24 11:00:00,15,5,10
2019-01-24 12:00:00,35,26,9
2019-01-24 13:00:00,23,13,10
2019-01-24 14:00:00,32,17,15
2019-01-24 15:00:00,56,18,38
2019-01-24 16:00:00,60,21,39
2019-01-24 17:00:00,67,11,56
2019-01-24 18:00:00,51,10,41
2019-01-24 19:00:00,22,0,22
2019-01-24 20:00:00,6,1,5
2019-01-24 21:00:00,10,5,5
2019-01-24 22:00:00,1,0,1
2019-01-24 23:00:00,0,0,0
2019-01-25 00:00:00,1,0,1
2019-01-25 01:00:00,0,0,0
2019-01-25 02:00:00,0,0,0
2019-01-25 03:00:00,0,0,0
2019-01-25 04:00:00,0,0,0
2019-01-25 05:00:00,8,6,2
2019-01-25 06:00:00,30,28,2
2019-01-25 07:00:00,29,24,5
2019-01-25 08:00:00,50,44,6
2019-01-25 09:00:00,43,31,12
2019-01-25 10:00:00,23,13,10
2019-01-25 11:00:00,30,18,12
2019-01-25 12:00:00,37,20,17
2019-01-25 13:00:00,43,22,21
2019-01-25 14:00:00,40,15,25
2019-01-25 15:00:00,43,11,32
2019-01-25 16:00:00,78,29,49
2019-01-25 17:00:00,64,12,52
2019-01-25 18:00:00,26,2,24
2019-01-25 19:00:00,20,2,18
2019-01-25 20:00:00,2,0,2
2019-01-25 21:00:00,2,0,2
2019-01-25 22:00:00,2,1,1
2019-01-25 23:00:00,1,0,1
2019-01-26 00:00:00,1,1,0
2019-01-26 01:00:00,0,0,0
2019-01-26 02:00:00,0,0,0
2019-01-26 03:00:00,1,0,1
2019-01-26 04:00:00,0,0,0
2019-01-26 05:00:00,4,2,2
2019-01-26 06:00:00,4,2,2
2019-01-26 07:00:00,8,4,4
2019-01-26 08:00:00,34,13,21
2019-01-26 09:00:00,62,23,39
2019-01-26 10:00:00,84,24,60
2019-01-26 11:00:00,178,86,92
2019-01-26 12:00:00,172,95,77
2019-01-26 13:00:00,210,86,124
2019-01-26 14:00:00,166,75,91
2019-01-26 15:00:00,150,84,66
2019-01-26 16:00:00,91,56,35
2019-01-26 17:00:00,39,19,20
2019-01-26 18:00:00,8,4,4
2019-01-26 19:00:00,7,4,3
2019-01-26 20:00:00,2,2,0
2019-01-26 21:00:00,2,0,2
2019-01-26 22:00:00,1,0,1
2019-01-26 23:00:00,0,0,0
2019-01-27 00:00:00,0,0,0
2019-01-27 01:00:00,2,0,2
2019-01-27 02:00:00,0,0,0
2019-01-27 03:00:00,0,0,0
2019-01-27 04:00:00,0,0,0
2019-01-27 05:00:00,2,2,0
2019-01-27 06:00:00,2,1,1
2019-01-27 07:00:00,7,1,6
2019-01-27 08:00:00,22,9,13
2019-01-27 09:00:00,47,20,27
2019-01-27 10:00:00,83,37,46
2019-01-27 11:00:00,74,32,42
2019-01-27 12:00:00,103,50,53
2019-01-27 13:00:00,95,39,56
2019-01-27 14:00:00,105,63,42
2019-01-27 15:00:00,75,42,33
2019-01-27 16:00:00,53,37,16
2019-01-27 17:00:00,14,4,10
2019-01-27 18:00:00,6,3,3
2019-01-27 19:00:00,3,1,2
2019-01-27 20:00:00,2,1,1
2019-01-27 21:00:00,0,0,0
2019-01-27 22:00:00,0,0,0
2019-01-27 23:00:00,0,0,0
2019-01-28 00:00:00,0,0,0
2019-01-28 01:00:00,0,0,0
2019-01-28 02:00:00,0,0,0
2019-01-28 03:00:00,0,0,0
2019-01-28 04:00:00,2,1,1
2019-01-28 05:00:00,5,5,0
2019-01-28 06:00:00,31,23,8
2019-01-28 07:00:00,47,40,7
2019-01-28 08:00:00,64,48,16
2019-01-28 09:00:00,57,36,21
2019-01-28 10:00:00,29,19,10
2019-01-28 11:00:00,34,19,15
2019-01-28 12:00:00,22,17,5
2019-01-28 13:00:00,44,17,27
2019-01-28 14:00:00,49,27,22
2019-01-28 15:00:00,68,26,42
2019-01-28 16:00:00,79,27,52
2019-01-28 17:00:00,89,27,62
2019-01-28 18:00:00,64,9,55
2019-01-28 19:00:00,26,6,20
2019-01-28 20:00:00,8,2,6
2019-01-28 21:00:00,5,2,3
2019-01-28 22:00:00,2,0,2
2019-01-28 23:00:00,0,0,0
2019-01-29 00:00:00,0,0,0
2019-01-29 01:00:00,0,0,0
2019-01-29 02:00:00,0,0,0
2019-01-29 03:00:00,0,0,0
2019-01-29 04:00:00,1,1,0
2019-01-29 05:00:00,8,8,0
2019-01-29 06:00:00,26,19,7
2019-01-29 07:00:00,59,48,11
2019-01-29 08:00:00,65,50,15
2019-01-29 09:00:00,42,30,12
2019-01-29 10:00:00,32,16,16
2019-01-29 11:00:00,26,10,16
2019-01-29 12:00:00,37,19,18
2019-01-29 13:00:00,58,28,30
2019-01-29 14:00:00,73,36,37
2019-01-29 15:00:00,69,36,33
2019-01-29 16:00:00,106,47,59
2019-01-29 17:00:00,109,26,83
2019-01-29 18:00:00,51,10,41
2019-01-29 19:00:00,17,6,11
2019-01-29 20:00:00,5,0,5
2019-01-29 21:00:00,5,1,4
2019-01-29 22:00:00,1,0,1
2019-01-29 23:00:00,1,0,1
2019-01-30 00:00:00,2,0,2
2019-01-30 01:00:00,0,0,0
2019-01-30 02:00:00,2,0,2
2019-01-30 03:00:00,0,0,0
2019-01-30 04:00:00,3,3,0
2019-01-30 05:00:00,7,7,0
2019-01-30 06:00:00,25,19,6
2019-01-30 07:00:00,40,34,6
2019-01-30 08:00:00,60,47,13
2019-01-30 09:00:00,50,31,19
2019-01-30 10:00:00,29,17,12
2019-01-30 11:00:00,30,15,15
2019-01-30 12:00:00,43,22,21
2019-01-30 13:00:00,41,21,20
2019-01-30 14:00:00,43,20,23
2019-01-30 15:00:00,51,18,33
2019-01-30 16:00:00,61,21,40
2019-01-30 17:00:00,76,20,56
2019-01-30 18:00:00,53,9,44
2019-01-30 19:00:00,22,8,14
2019-01-30 20:00:00,12,3,9
2019-01-30 21:00:00,7,4,3
2019-01-30 22:00:00,3,0,3
2019-01-30 23:00:00,0,0,0
2019-01-31 00:00:00,2,0,2
2019-01-31 01:00:00,0,0,0
2019-01-31 02:00:00,0,0,0
2019-01-31 03:00:00,0,0,0
2019-01-31 04:00:00,0,0,0
2019-01-31 05:00:00,17,15,2
2019-01-31 06:00:00,28,22,6
2019-01-31 07:00:00,45,37,8
2019-01-31 08:00:00,50,39,11
2019-01-31 09:00:00,32,19,13
2019-01-31 10:00:00,28,16,12
2019-01-31 11:00:00,19,5,14
2019-01-31 12:00:00,34,16,18
2019-01-31 13:00:00,36,16,20
2019-01-31 14:00:00,45,25,20
2019-01-31 15:00:00,53,22,31
2019-01-31 16:00:00,72,22,50
2019-01-31 17:00:00,67,17,50
2019-01-31 18:00:00,50,10,40
2019-01-31 19:00:00,19,7,12
2019-01-31 20:00:00,5,1,4
2019-01-31 21:00:00,6,1,5
2019-01-31 22:00:00,1,0,1
2019-01-31 23:00:00,1,0,1
2019-08-01 00:00:00,3,0,3
2019-08-01 01:00:00,0,0,0
2019-08-01 02:00:00,1,0,1
2019-08-01 03:00:00,0,0,0
2019-08-01 04:00:00,1,1,0
2019-08-01 05:00:00,29,18,11
2019-08-01 06:00:00,64,53,11
2019-08-01 07:00:00,130,91,39
2019-08-01 08:00:00,114,95,19
2019-08-01 09:00:00,83,48,35
2019-08-01 10:00:00,88,41,47
2019-08-01 11:00:00,79,37,42
2019-08-01 12:00:00,73,33,40
2019-08-01 13:00:00,97,45,52
2019-08-01 14:00:00,94,40,54
2019-08-01 15:00:00,99,37,62
2019-08-01 16:00:00,122,38,84
2019-08-01 17:00:00,194,78,116
2019-08-01 18:00:00,157,52,105
2019-08-01 19:00:00,123,53,70
2019-08-01 20:00:00,64,25,39
2019-08-01 21:00:00,22,13,9
2019-08-01 22:00:00,3,3,0
2019-02-01 00:00:00,1,0,1
2019-02-01 01:00:00,0,0,0
2019-02-01 02:00:00,0,0,0
2019-02-01 03:00:00,1,0,1
2019-02-01 04:00:00,0,0,0
2019-02-01 05:00:00,7,6,1
2019-02-01 06:00:00,16,14,2
2019-02-01 07:00:00,23,18,5
2019-02-01 08:00:00,34,27,7
2019-02-01 09:00:00,15,9,6
2019-02-01 10:00:00,15,7,8
2019-02-01 11:00:00,3,1,2
2019-02-01 12:00:00,7,4,3
2019-02-01 13:00:00,1,1,0
2019-02-01 14:00:00,8,2,6
2019-02-01 15:00:00,17,8,9
2019-02-01 16:00:00,44,14,30
2019-02-01 17:00:00,26,7,19
2019-02-01 18:00:00,26,5,21
2019-02-01 19:00:00,8,1,7
2019-02-01 20:00:00,2,2,0
2019-02-01 21:00:00,4,2,2
2019-02-01 22:00:00,2,0,2
2019-02-01 23:00:00,2,0,2
2019-02-02 00:00:00,0,0,0
2019-02-02 01:00:00,0,0,0
2019-02-02 02:00:00,1,0,1
2019-02-02 03:00:00,1,0,1
2019-02-02 04:00:00,0,0,0
2019-02-02 05:00:00,7,5,2
2019-02-02 06:00:00,6,3,3
2019-02-02 07:00:00,22,10,12
2019-02-02 08:00:00,29,8,21
2019-02-02 09:00:00,45,19,26
2019-02-02 10:00:00,61,17,44
2019-02-02 11:00:00,76,32,44
2019-02-02 12:00:00,117,62,55
2019-02-02 13:00:00,56,29,27
2019-02-02 14:00:00,51,22,29
2019-02-02 15:00:00,59,27,32
2019-02-02 16:00:00,43,31,12
2019-02-02 17:00:00,32,13,19
2019-02-02 18:00:00,11,2,9
2019-02-02 19:00:00,7,1,6
2019-02-02 20:00:00,3,1,2
2019-02-02 21:00:00,0,0,0
2019-02-02 22:00:00,0,0,0
2019-02-02 23:00:00,2,1,1
2019-02-03 00:00:00,0,0,0
2019-02-03 01:00:00,0,0,0
2019-02-03 02:00:00,0,0,0
2019-02-03 03:00:00,0,0,0
2019-02-03 04:00:00,0,0,0
2019-02-03 05:00:00,0,0,0
2019-02-03 06:00:00,8,7,1
2019-02-03 07:00:00,25,19,6
2019-02-03 08:00:00,37,31,6
2019-02-03 09:00:00,25,9,16
2019-02-03 10:00:00,52,9,43
2019-02-03 11:00:00,68,18,50
2019-02-03 12:00:00,45,16,29
2019-02-03 13:00:00,48,28,20
2019-02-03 14:00:00,27,14,13
2019-02-03 15:00:00,5,4,1
2019-02-03 16:00:00,1,0,1
2019-02-03 17:00:00,2,1,1
2019-02-03 18:00:00,2,1,1
2019-02-03 19:00:00,0,0,0
2019-02-03 20:00:00,0,0,0
2019-02-03 21:00:00,0,0,0
2019-02-03 22:00:00,0,0,0
2019-02-03 23:00:00,0,0,0
2019-02-04 00:00:00,0,0,0
2019-02-04 01:00:00,0,0,0
2019-02-04 02:00:00,0,0,0
2019-02-04 03:00:00,1,1,0
2019-02-04 04:00:00,0,0,0
2019-02-04 05:00:00,4,4,0
2019-02-04 06:00:00,2,2,0
2019-02-04 07:00:00,1,1,0
2019-02-04 08:00:00,5,4,1
2019-02-04 09:00:00,1,0,1
2019-02-04 10:00:00,6,6,0
2019-02-04 11:00:00,3,1,2
2019-02-04 12:00:00,4,2,2
2019-02-04 13:00:00,1,0,1
2019-02-04 14:00:00,1,0,1
2019-02-04 15:00:00,1,0,1
2019-02-04 16:00:00,2,1,1
2019-02-04 17:00:00,2,0,2
2019-02-04 18:00:00,2,0,2
2019-02-04 19:00:00,4,0,4
2019-02-04 20:00:00,0,0,0
2019-02-04 21:00:00,0,0,0
2019-02-04 22:00:00,0,0,0
2019-02-04 23:00:00,0,0,0
2019-02-05 00:00:00,0,0,0
2019-02-05 01:00:00,0,0,0
2019-02-05 02:00:00,0,0,0
2019-02-05 03:00:00,1,1,0
2019-02-05 04:00:00,0,0,0
2019-02-05 05:00:00,1,1,0
2019-02-05 06:00:00,2,2,0
2019-02-05 07:00:00,1,1,0
2019-02-05 08:00:00,2,2,0
2019-02-05 09:00:00,1,0,1
2019-02-05 10:00:00,1,1,0
2019-02-05 11:00:00,3,2,1
2019-02-05 12:00:00,0,0,0
2019-02-05 13:00:00,6,4,2
2019-02-05 14:00:00,1,0,1
2019-02-05 15:00:00,1,1,0
2019-02-05 16:00:00,2,0,2
2019-02-05 17:00:00,4,3,1
2019-02-05 18:00:00,2,0,2
2019-02-05 19:00:00,2,0,2
2019-02-05 20:00:00,2,1,1
2019-02-05 21:00:00,0,0,0
2019-02-05 22:00:00,0,0,0
2019-02-05 23:00:00,0,0,0
2019-02-06 00:00:00,0,0,0
2019-02-06 01:00:00,0,0,0
2019-02-06 02:00:00,0,0,0
2019-02-06 03:00:00,1,1,0
2019-02-06 04:00:00,0,0,0
2019-02-06 05:00:00,0,0,0
2019-02-06 06:00:00,2,2,0
2019-02-06 07:00:00,0,0,0
2019-02-06 08:00:00,3,3,0
2019-02-06 09:00:00,4,2,2
2019-02-06 10:00:00,3,2,1
2019-02-06 11:00:00,1,1,0
2019-02-06 12:00:00,3,1,2
2019-02-06 13:00:00,0,0,0
2019-02-06 14:00:00,3,1,2
2019-02-06 15:00:00,4,1,3
2019-02-06 16:00:00,7,1,6
2019-02-06 17:00:00,5,1,4
2019-02-06 18:00:00,3,0,3
2019-02-06 19:00:00,3,1,2
2019-02-06 20:00:00,0,0,0
2019-02-06 21:00:00,0,0,0
2019-02-06 22:00:00,0,0,0
2019-02-06 23:00:00,0,0,0
2019-02-07 00:00:00,0,0,0
2019-02-07 01:00:00,0,0,0
2019-02-07 02:00:00,0,0,0
2019-02-07 03:00:00,1,1,0
2019-02-07 04:00:00,0,0,0
2019-02-07 05:00:00,0,0,0
2019-02-07 06:00:00,3,3,0
2019-02-07 07:00:00,5,5,0
2019-02-07 08:00:00,5,3,2
2019-02-07 09:00:00,6,4,2
2019-02-07 10:00:00,3,2,1
2019-02-07 11:00:00,2,2,0
2019-02-07 12:00:00,1,1,0
2019-02-07 13:00:00,0,0,0
2019-02-07 14:00:00,1,1,0
2019-02-07 15:00:00,7,0,7
2019-02-07 16:00:00,14,3,11
2019-02-07 17:00:00,8,4,4
2019-02-07 18:00:00,6,0,6
2019-02-07 19:00:00,2,1,1
2019-02-07 20:00:00,2,0,2
2019-02-07 21:00:00,0,0,0
2019-02-07 22:00:00,0,0,0
2019-02-07 23:00:00,0,0,0
2019-02-08 00:00:00,0,0,0
2019-02-08 01:00:00,0,0,0
2019-02-08 02:00:00,0,0,0
2019-02-08 03:00:00,1,1,0
2019-02-08 04:00:00,0,0,0
2019-02-08 05:00:00,1,1,0
2019-02-08 06:00:00,1,1,0
2019-02-08 07:00:00,3,3,0
2019-02-08 08:00:00,6,4,2
2019-02-08 09:00:00,5,3,2
2019-02-08 10:00:00,2,2,0
2019-02-08 11:00:00,1,1,0
2019-02-08 12:00:00,9,4,5
2019-02-08 13:00:00,3,1,2
2019-02-08 14:00:00,4,0,4
2019-02-08 15:00:00,4,0,4
2019-02-08 16:00:00,3,0,3
2019-02-08 17:00:00,4,2,2
2019-02-08 18:00:00,3,0,3
2019-02-08 19:00:00,0,0,0
2019-02-08 20:00:00,0,0,0
2019-02-08 21:00:00,0,0,0
2019-02-08 22:00:00,3,2,1
2019-02-08 23:00:00,0,0,0
2019-02-09 00:00:00,0,0,0
2019-02-09 01:00:00,0,0,0
2019-02-09 02:00:00,0,0,0
2019-02-09 03:00:00,0,0,0
2019-02-09 04:00:00,0,0,0
2019-02-09 05:00:00,0,0,0
2019-02-09 06:00:00,0,0,0
2019-02-09 07:00:00,0,0,0
2019-02-09 08:00:00,0,0,0
2019-02-09 09:00:00,1,0,1
2019-02-09 10:00:00,3,2,1
2019-02-09 11:00:00,5,2,3
2019-02-09 12:00:00,2,0,2
2019-02-09 13:00:00,3,3,0
2019-02-09 14:00:00,3,3,0
2019-02-09 15:00:00,0,0,0
2019-02-09 16:00:00,4,1,3
2019-02-09 17:00:00,0,0,0
2019-02-09 18:00:00,0,0,0
2019-02-09 19:00:00,0,0,0
2019-02-09 20:00:00,0,0,0
2019-02-09 21:00:00,0,0,0
2019-02-09 22:00:00,0,0,0
2019-02-09 23:00:00,0,0,0
2019-02-10 00:00:00,0,0,0
2019-02-10 01:00:00,0,0,0
2019-02-10 02:00:00,0,0,0
2019-02-10 03:00:00,0,0,0
2019-02-10 04:00:00,0,0,0
2019-02-10 05:00:00,0,0,0
2019-02-10 06:00:00,0,0,0
2019-02-10 07:00:00,0,0,0
2019-02-10 08:00:00,0,0,0
2019-02-10 09:00:00,0,0,0
2019-02-10 10:00:00,0,0,0
2019-02-10 11:00:00,0,0,0
2019-02-10 12:00:00,3,2,1
2019-02-10 13:00:00,2,0,2
2019-02-10 14:00:00,0,0,0
2019-02-10 15:00:00,1,0,1
2019-02-10 16:00:00,1,0,1
2019-02-10 17:00:00,0,0,0
2019-02-10 18:00:00,1,1,0
2019-02-10 19:00:00,0,0,0
2019-02-10 20:00:00,2,2,0
2019-02-10 21:00:00,0,0,0
2019-02-10 22:00:00,0,0,0
2019-02-10 23:00:00,0,0,0
2019-02-11 00:00:00,0,0,0
2019-02-11 01:00:00,0,0,0
2019-02-11 02:00:00,0,0,0
2019-02-11 03:00:00,0,0,0
2019-02-11 04:00:00,0,0,0
2019-02-11 05:00:00,1,1,0
2019-02-11 06:00:00,0,0,0
2019-02-11 07:00:00,0,0,0
2019-02-11 08:00:00,2,1,1
2019-02-11 09:00:00,1,0,1
2019-02-11 10:00:00,1,0,1
2019-02-11 11:00:00,1,0,1
2019-02-11 12:00:00,0,0,0
2019-02-11 13:00:00,1,0,1
2019-02-11 14:00:00,1,1,0
2019-02-11 15:00:00,0,0,0
2019-02-11 16:00:00,0,0,0
2019-02-11 17:00:00,0,0,0
2019-02-11 18:00:00,0,0,0
2019-02-11 19:00:00,1,0,1
2019-02-11 20:00:00,0,0,0
2019-02-11 21:00:00,0,0,0
2019-02-11 22:00:00,0,0,0
2019-02-11 23:00:00,0,0,0
2019-02-12 00:00:00,0,0,0
2019-02-12 01:00:00,0,0,0
2019-02-12 02:00:00,0,0,0
2019-02-12 03:00:00,0,0,0
2019-02-12 04:00:00,0,0,0
2019-02-12 05:00:00,0,0,0
2019-02-12 06:00:00,0,0,0
2019-02-12 07:00:00,0,0,0
2019-02-12 08:00:00,0,0,0
2019-02-12 09:00:00,0,0,0
2019-02-12 10:00:00,0,0,0
2019-02-12 11:00:00,0,0,0
2019-02-12 12:00:00,0,0,0
2019-02-12 13:00:00,0,0,0
2019-02-12 14:00:00,0,0,0
2019-02-12 15:00:00,0,0,0
2019-02-12 16:00:00,0,0,0
2019-02-12 17:00:00,0,0,0
2019-02-12 18:00:00,0,0,0
2019-02-12 19:00:00,0,0,0
2019-02-12 20:00:00,0,0,0
2019-02-12 21:00:00,0,0,0
2019-02-12 22:00:00,0,0,0
2019-02-12 23:00:00,0,0,0
2019-02-13 00:00:00,0,0,0
2019-02-13 01:00:00,0,0,0
2019-02-13 02:00:00,0,0,0
2019-02-13 03:00:00,0,0,0
2019-02-13 04:00:00,0,0,0
2019-02-13 05:00:00,0,0,0
2019-02-13 06:00:00,0,0,0
2019-02-13 07:00:00,0,0,0
2019-02-13 08:00:00,0,0,0
2019-02-13 09:00:00,0,0,0
2019-02-13 10:00:00,0,0,0
2019-02-13 11:00:00,0,0,0
2019-02-13 12:00:00,0,0,0
2019-02-13 13:00:00,1,0,1
2019-02-13 14:00:00,0,0,0
2019-02-13 15:00:00,0,0,0
2019-02-13 16:00:00,0,0,0
2019-02-13 17:00:00,0,0,0
2019-02-13 18:00:00,0,0,0
2019-02-13 19:00:00,0,0,0
2019-02-13 20:00:00,0,0,0
2019-02-13 21:00:00,0,0,0
2019-02-13 22:00:00,0,0,0
2019-02-13 23:00:00,0,0,0
2019-02-14 00:00:00,0,0,0
2019-02-14 01:00:00,0,0,0
2019-02-14 02:00:00,0,0,0
2019-02-14 03:00:00,0,0,0
2019-02-14 04:00:00,0,0,0
2019-02-14 05:00:00,0,0,0
2019-02-14 06:00:00,0,0,0
2019-02-14 07:00:00,0,0,0
2019-02-14 08:00:00,1,1,0
2019-02-14 09:00:00,0,0,0
2019-02-14 10:00:00,0,0,0
2019-02-14 11:00:00,0,0,0
2019-02-14 12:00:00,0,0,0
2019-02-14 13:00:00,1,1,0
2019-02-14 14:00:00,0,0,0
2019-02-14 15:00:00,0,0,0
2019-02-14 16:00:00,1,0,1
2019-02-14 17:00:00,0,0,0
2019-02-14 18:00:00,0,0,0
2019-02-14 19:00:00,0,0,0
2019-02-14 20:00:00,0,0,0
2019-02-14 21:00:00,0,0,0
2019-02-14 22:00:00,0,0,0
2019-02-14 23:00:00,0,0,0
2019-02-15 00:00:00,0,0,0
2019-02-15 01:00:00,0,0,0
2019-02-15 02:00:00,0,0,0
2019-02-15 03:00:00,1,1,0
2019-02-15 04:00:00,0,0,0
2019-02-15 05:00:00,0,0,0
2019-02-15 06:00:00,0,0,0
2019-02-15 07:00:00,0,0,0
2019-02-15 08:00:00,0,0,0
2019-02-15 09:00:00,1,1,0
2019-02-15 10:00:00,0,0,0
2019-02-15 11:00:00,0,0,0
2019-02-15 12:00:00,1,0,1
2019-02-15 13:00:00,1,1,0
2019-02-15 14:00:00,2,1,1
2019-02-15 15:00:00,3,1,2
2019-02-15 16:00:00,1,0,1
2019-02-15 17:00:00,6,2,4
2019-02-15 18:00:00,1,0,1
2019-02-15 19:00:00,0,0,0
2019-02-15 20:00:00,0,0,0
2019-02-15 21:00:00,2,1,1
2019-02-15 22:00:00,0,0,0
2019-02-15 23:00:00,0,0,0
2019-02-16 00:00:00,0,0,0
2019-02-16 01:00:00,0,0,0
2019-02-16 02:00:00,0,0,0
2019-02-16 03:00:00,0,0,0
2019-02-16 04:00:00,0,0,0
2019-02-16 05:00:00,0,0,0
2019-02-16 06:00:00,0,0,0
2019-02-16 07:00:00,2,1,1
2019-02-16 08:00:00,7,3,4
2019-02-16 09:00:00,4,3,1
2019-02-16 10:00:00,1,0,1
2019-02-16 11:00:00,1,1,0
2019-02-16 12:00:00,4,0,4
2019-02-16 13:00:00,4,0,4
2019-02-16 14:00:00,11,5,6
2019-02-16 15:00:00,11,5,6
2019-02-16 16:00:00,2,0,2
2019-02-16 17:00:00,4,4,0
2019-02-16 18:00:00,0,0,0
2019-02-16 19:00:00,0,0,0
2019-02-16 20:00:00,0,0,0
2019-02-16 21:00:00,1,0,1
2019-02-16 22:00:00,0,0,0
2019-02-16 23:00:00,0,0,0
2019-02-17 00:00:00,0,0,0
2019-02-17 01:00:00,0,0,0
2019-02-17 02:00:00,0,0,0
2019-02-17 03:00:00,0,0,0
2019-02-17 04:00:00,0,0,0
2019-02-17 05:00:00,0,0,0
2019-02-17 06:00:00,0,0,0
2019-02-17 07:00:00,3,0,3
2019-02-17 08:00:00,7,4,3
2019-02-17 09:00:00,15,0,15
2019-02-17 10:00:00,28,8,20
2019-02-17 11:00:00,18,5,13
2019-02-17 12:00:00,26,17,9
2019-02-17 13:00:00,40,13,27
2019-02-17 14:00:00,34,13,21
2019-02-17 15:00:00,24,10,14
2019-02-17 16:00:00,22,11,11
2019-02-17 17:00:00,8,4,4
2019-02-17 18:00:00,5,5,0
2019-02-17 19:00:00,4,2,2
2019-02-17 20:00:00,0,0,0
2019-02-17 21:00:00,0,0,0
2019-02-17 22:00:00,1,0,1
2019-02-17 23:00:00,0,0,0
2019-02-18 00:00:00,0,0,0
2019-02-18 01:00:00,0,0,0
2019-02-18 02:00:00,0,0,0
2019-02-18 03:00:00,1,1,0
2019-02-18 04:00:00,1,0,1
2019-02-18 05:00:00,1,0,1
2019-02-18 06:00:00,5,2,3
2019-02-18 07:00:00,4,2,2
2019-02-18 08:00:00,14,9,5
2019-02-18 09:00:00,23,13,10
2019-02-18 10:00:00,25,11,14
2019-02-18 11:00:00,22,10,12
2019-02-18 12:00:00,14,4,10
2019-02-18 13:00:00,27,10,17
2019-02-18 14:00:00,29,18,11
2019-02-18 15:00:00,38,17,21
2019-02-18 16:00:00,22,11,11
2019-02-18 17:00:00,15,7,8
2019-02-18 18:00:00,13,5,8
2019-02-18 19:00:00,2,0,2
2019-02-18 20:00:00,2,1,1
2019-02-18 21:00:00,4,3,1
2019-02-18 22:00:00,0,0,0
2019-02-18 23:00:00,0,0,0
2019-02-19 00:00:00,0,0,0
2019-02-19 01:00:00,0,0,0
2019-02-19 02:00:00,0,0,0
2019-02-19 03:00:00,1,1,0
2019-02-19 04:00:00,0,0,0
2019-02-19 05:00:00,0,0,0
2019-02-19 06:00:00,5,2,3
2019-02-19 07:00:00,23,18,5
2019-02-19 08:00:00,24,20,4
2019-02-19 09:00:00,28,18,10
2019-02-19 10:00:00,24,15,9
2019-02-19 11:00:00,6,5,1
2019-02-19 12:00:00,12,5,7
2019-02-19 13:00:00,10,3,7
2019-02-19 14:00:00,8,3,5
2019-02-19 15:00:00,12,7,5
2019-02-19 16:00:00,24,9,15
2019-02-19 17:00:00,38,11,27
2019-02-19 18:00:00,19,5,14
2019-02-19 19:00:00,9,3,6
2019-02-19 20:00:00,3,0,3
2019-02-19 21:00:00,3,1,2
2019-02-19 22:00:00,0,0,0
2019-02-19 23:00:00,2,0,2
2019-02-20 00:00:00,0,0,0
2019-02-20 01:00:00,0,0,0
2019-02-20 02:00:00,0,0,0
2019-02-20 03:00:00,2,1,1
2019-02-20 04:00:00,1,1,0
2019-02-20 05:00:00,2,2,0
2019-02-20 06:00:00,6,2,4
2019-02-20 07:00:00,31,24,7
2019-02-20 08:00:00,37,29,8
2019-02-20 09:00:00,26,19,7
2019-02-20 10:00:00,14,11,3
2019-02-20 11:00:00,13,6,7
2019-02-20 12:00:00,15,5,10
2019-02-20 13:00:00,13,8,5
2019-02-20 14:00:00,17,9,8
2019-02-20 15:00:00,24,8,16
2019-02-20 16:00:00,31,11,20
2019-02-20 17:00:00,47,12,35
2019-02-20 18:00:00,34,7,27
2019-02-20 19:00:00,10,5,5
2019-02-20 20:00:00,3,0,3
2019-02-20 21:00:00,4,1,3
2019-02-20 22:00:00,1,1,0
2019-02-20 23:00:00,0,0,0
2019-02-21 00:00:00,0,0,0
2019-02-21 01:00:00,0,0,0
2019-02-21 02:00:00,0,0,0
2019-02-21 03:00:00,2,1,1
2019-02-21 04:00:00,0,0,0
2019-02-21 05:00:00,2,2,0
2019-02-21 06:00:00,11,7,4
2019-02-21 07:00:00,27,23,4
2019-02-21 08:00:00,46,31,15
2019-02-21 09:00:00,30,18,12
2019-02-21 10:00:00,13,6,7
2019-02-21 11:00:00,27,11,16
2019-02-21 12:00:00,24,10,14
2019-02-21 13:00:00,48,22,26
2019-02-21 14:00:00,49,25,24
2019-02-21 15:00:00,53,19,34
2019-02-21 16:00:00,68,25,43
2019-02-21 17:00:00,63,24,39
2019-02-21 18:00:00,48,18,30
2019-02-21 19:00:00,6,2,4
2019-02-21 20:00:00,8,3,5
2019-02-21 21:00:00,3,1,2
2019-02-21 22:00:00,2,2,0
2019-02-21 23:00:00,0,0,0
2019-02-22 00:00:00,0,0,0
2019-02-22 01:00:00,0,0,0
2019-02-22 02:00:00,0,0,0
2019-02-22 03:00:00,2,1,1
2019-02-22 04:00:00,1,1,0
2019-02-22 05:00:00,3,3,0
2019-02-22 06:00:00,14,10,4
2019-02-22 07:00:00,18,15,3
2019-02-22 08:00:00,33,26,7
2019-02-22 09:00:00,20,11,9
2019-02-22 10:00:00,12,6,6
2019-02-22 11:00:00,6,4,2
2019-02-22 12:00:00,2,1,1
2019-02-22 13:00:00,3,0,3
2019-02-22 14:00:00,10,3,7
2019-02-22 15:00:00,13,5,8
2019-02-22 16:00:00,30,9,21
2019-02-22 17:00:00,21,3,18
2019-02-22 18:00:00,19,8,11
2019-02-22 19:00:00,8,0,8
2019-02-22 20:00:00,1,0,1
2019-02-22 21:00:00,1,0,1
2019-02-22 22:00:00,2,0,2
2019-02-22 23:00:00,0,0,0
2019-02-23 00:00:00,0,0,0
2019-02-23 01:00:00,0,0,0
2019-02-23 02:00:00,0,0,0
2019-02-23 03:00:00,0,0,0
2019-02-23 04:00:00,0,0,0
2019-02-23 05:00:00,0,0,0
2019-02-23 06:00:00,2,2,0
2019-02-23 07:00:00,5,0,5
2019-02-23 08:00:00,12,6,6
2019-02-23 09:00:00,22,6,16
2019-02-23 10:00:00,52,15,37
2019-02-23 11:00:00,49,20,29
2019-02-23 12:00:00,65,40,25
2019-02-23 13:00:00,43,22,21
2019-02-23 14:00:00,52,25,27
2019-02-23 15:00:00,23,11,12
2019-02-23 16:00:00,25,18,7
2019-02-23 17:00:00,22,17,5
2019-02-23 18:00:00,2,1,1
2019-02-23 19:00:00,4,2,2
2019-02-23 20:00:00,0,0,0
2019-02-23 21:00:00,0,0,0
2019-02-23 22:00:00,1,0,1
2019-02-23 23:00:00,0,0,0
2019-02-24 00:00:00,0,0,0
2019-02-24 01:00:00,0,0,0
2019-02-24 02:00:00,0,0,0
2019-02-24 03:00:00,0,0,0
2019-02-24 04:00:00,0,0,0
2019-02-24 05:00:00,0,0,0
2019-02-24 06:00:00,2,2,0
2019-02-24 07:00:00,9,6,3
2019-02-24 08:00:00,12,2,10
2019-02-24 09:00:00,23,7,16
2019-02-24 10:00:00,30,12,18
2019-02-24 11:00:00,32,13,19
2019-02-24 12:00:00,82,31,51
2019-02-24 13:00:00,66,33,33
2019-02-24 14:00:00,76,35,41
2019-02-24 15:00:00,50,29,21
2019-02-24 16:00:00,39,18,21
2019-02-24 17:00:00,14,11,3
2019-02-24 18:00:00,3,2,1
2019-02-24 19:00:00,1,1,0
2019-02-24 20:00:00,0,0,0
2019-02-24 21:00:00,0,0,0
2019-02-24 22:00:00,0,0,0
2019-02-24 23:00:00,1,0,1
2019-02-25 00:00:00,0,0,0
2019-02-25 01:00:00,0,0,0
2019-02-25 02:00:00,0,0,0
2019-02-25 03:00:00,1,1,0
2019-02-25 04:00:00,1,1,0
2019-02-25 05:00:00,5,4,1
2019-02-25 06:00:00,12,9,3
2019-02-25 07:00:00,39,29,10
2019-02-25 08:00:00,40,36,4
2019-02-25 09:00:00,33,23,10
2019-02-25 10:00:00,23,10,13
2019-02-25 11:00:00,24,12,12
2019-02-25 12:00:00,22,11,11
2019-02-25 13:00:00,29,11,18
2019-02-25 14:00:00,31,12,19
2019-02-25 15:00:00,46,20,26
2019-02-25 16:00:00,46,19,27
2019-02-25 17:00:00,64,17,47
2019-02-25 18:00:00,45,7,38
2019-02-25 19:00:00,11,0,11
2019-02-25 20:00:00,5,3,2
2019-02-25 21:00:00,3,3,0
2019-02-25 22:00:00,2,0,2
2019-02-25 23:00:00,0,0,0
2019-02-26 00:00:00,0,0,0
2019-02-26 01:00:00,0,0,0
2019-02-26 02:00:00,1,1,0
2019-02-26 03:00:00,2,1,1
2019-02-26 04:00:00,0,0,0
2019-02-26 05:00:00,4,4,0
2019-02-26 06:00:00,19,13,6
2019-02-26 07:00:00,40,34,6
2019-02-26 08:00:00,63,44,19
2019-02-26 09:00:00,31,24,7
2019-02-26 10:00:00,22,12,10
2019-02-26 11:00:00,26,12,14
2019-02-26 12:00:00,20,10,10
2019-02-26 13:00:00,33,20,13
2019-02-26 14:00:00,22,10,12
2019-02-26 15:00:00,44,14,30
2019-02-26 16:00:00,54,22,32
2019-02-26 17:00:00,58,12,46
2019-02-26 18:00:00,43,8,35
2019-02-26 19:00:00,17,6,11
2019-02-26 20:00:00,5,0,5
2019-02-26 21:00:00,3,1,2
2019-02-26 22:00:00,0,0,0
2019-02-26 23:00:00,2,0,2
2019-02-27 00:00:00,0,0,0
2019-02-27 01:00:00,0,0,0
2019-02-27 02:00:00,0,0,0
2019-02-27 03:00:00,0,0,0
2019-02-27 04:00:00,0,0,0
2019-02-27 05:00:00,1,1,0
2019-02-27 06:00:00,18,15,3
2019-02-27 07:00:00,23,17,6
2019-02-27 08:00:00,65,57,8
2019-02-27 09:00:00,25,16,9
2019-02-27 10:00:00,32,19,13
2019-02-27 11:00:00,24,16,8
2019-02-27 12:00:00,9,5,4
2019-02-27 13:00:00,12,4,8
2019-02-27 14:00:00,21,4,17
2019-02-27 15:00:00,24,10,14
2019-02-27 16:00:00,45,8,37
2019-02-27 17:00:00,68,14,54
2019-02-27 18:00:00,29,7,22
2019-02-27 19:00:00,16,2,14
2019-02-27 20:00:00,7,2,5
2019-02-27 21:00:00,3,2,1
2019-02-27 22:00:00,0,0,0
2019-02-27 23:00:00,1,0,1
2019-02-28 00:00:00,1,0,1
2019-02-28 01:00:00,0,0,0
2019-02-28 02:00:00,0,0,0
2019-02-28 03:00:00,1,1,0
2019-02-28 04:00:00,1,0,1
2019-02-28 05:00:00,3,3,0
2019-02-28 06:00:00,17,13,4
2019-02-28 07:00:00,40,31,9
2019-02-28 08:00:00,56,44,12
2019-02-28 09:00:00,24,12,12
2019-02-28 10:00:00,24,13,11
2019-02-28 11:00:00,16,9,7
2019-02-28 12:00:00,20,9,11
2019-02-28 13:00:00,40,22,18
2019-02-28 14:00:00,37,22,15
2019-02-28 15:00:00,52,25,27
2019-02-28 16:00:00,73,26,47
2019-02-28 17:00:00,69,19,50
2019-02-28 18:00:00,47,13,34
2019-02-28 19:00:00,18,6,12
2019-02-28 20:00:00,7,2,5
2019-02-28 21:00:00,3,2,1
2019-02-28 22:00:00,2,0,2
2019-02-28 23:00:00,1,0,1
2019-08-01 23:00:00,2,0,2
2019-08-02 00:00:00,0,0,0
2019-08-02 01:00:00,0,0,0
2019-08-02 02:00:00,0,0,0
2019-08-02 03:00:00,2,1,1
2019-08-02 04:00:00,1,1,0
2019-08-02 05:00:00,9,6,3
2019-08-02 06:00:00,35,24,11
2019-08-02 07:00:00,57,39,18
2019-08-02 08:00:00,97,72,25
2019-08-02 09:00:00,58,32,26
2019-08-02 10:00:00,56,32,24
2019-08-02 11:00:00,73,33,40
2019-08-02 12:00:00,60,22,38
2019-08-02 13:00:00,71,37,34
2019-08-02 14:00:00,78,39,39
2019-08-02 15:00:00,71,30,41
2019-08-02 16:00:00,105,30,75
2019-08-02 17:00:00,151,72,79
2019-08-02 18:00:00,108,47,61
2019-08-02 19:00:00,64,20,44
2019-08-02 20:00:00,50,24,26
2019-08-02 21:00:00,25,14,11
2019-08-02 22:00:00,3,1,2
2019-08-02 23:00:00,2,2,0
2019-08-03 00:00:00,2,0,2
2019-08-03 01:00:00,0,0,0
2019-03-01 00:00:00,1,1,0
2019-03-01 01:00:00,0,0,0
2019-03-01 02:00:00,0,0,0
2019-03-01 03:00:00,1,1,0
2019-03-01 04:00:00,0,0,0
2019-03-01 05:00:00,3,2,1
2019-03-01 06:00:00,18,16,2
2019-03-01 07:00:00,43,35,8
2019-03-01 08:00:00,50,33,17
2019-03-01 09:00:00,33,23,10
2019-03-01 10:00:00,31,12,19
2019-03-01 11:00:00,36,24,12
2019-03-01 12:00:00,28,16,12
2019-03-01 13:00:00,47,19,28
2019-03-01 14:00:00,45,24,21
2019-03-01 15:00:00,49,17,32
2019-03-01 16:00:00,63,21,42
2019-03-01 17:00:00,62,13,49
2019-03-01 18:00:00,40,12,28
2019-03-01 19:00:00,13,4,9
2019-03-01 20:00:00,3,0,3
2019-03-01 21:00:00,1,0,1
2019-03-01 22:00:00,3,1,2
2019-03-01 23:00:00,0,0,0
2019-03-02 00:00:00,1,0,1
2019-03-02 01:00:00,0,0,0
2019-03-02 02:00:00,0,0,0
2019-03-02 03:00:00,0,0,0
2019-03-02 04:00:00,0,0,0
2019-03-02 05:00:00,4,2,2
2019-03-02 06:00:00,3,2,1
2019-03-02 07:00:00,20,4,16
2019-03-02 08:00:00,28,11,17
2019-03-02 09:00:00,75,25,50
2019-03-02 10:00:00,75,35,40
2019-03-02 11:00:00,145,64,81
2019-03-02 12:00:00,138,56,82
2019-03-02 13:00:00,173,82,91
2019-03-02 14:00:00,180,81,99
2019-03-02 15:00:00,128,69,59
2019-03-02 16:00:00,105,56,49
2019-03-02 17:00:00,34,18,16
2019-03-02 18:00:00,12,10,2
2019-03-02 19:00:00,4,3,1
2019-03-02 20:00:00,9,5,4
2019-03-02 21:00:00,1,0,1
2019-03-02 22:00:00,2,1,1
2019-03-02 23:00:00,1,1,0
2019-03-03 00:00:00,0,0,0
2019-03-03 01:00:00,0,0,0
2019-03-03 02:00:00,0,0,0
2019-03-03 03:00:00,2,0,2
2019-03-03 04:00:00,0,0,0
2019-03-03 05:00:00,1,1,0
2019-03-03 06:00:00,3,3,0
2019-03-03 07:00:00,17,4,13
2019-03-03 08:00:00,20,9,11
2019-03-03 09:00:00,39,16,23
2019-03-03 10:00:00,59,18,41
2019-03-03 11:00:00,111,39,72
2019-03-03 12:00:00,139,66,73
2019-03-03 13:00:00,132,60,72
2019-03-03 14:00:00,170,85,85
2019-03-03 15:00:00,176,96,80
2019-03-03 16:00:00,81,43,38
2019-03-03 17:00:00,46,28,18
2019-03-03 18:00:00,13,6,7
2019-03-03 19:00:00,4,4,0
2019-03-03 20:00:00,4,2,2
2019-03-03 21:00:00,1,0,1
2019-03-03 22:00:00,2,1,1
2019-03-03 23:00:00,2,0,2
2019-03-04 00:00:00,0,0,0
2019-03-04 01:00:00,0,0,0
2019-03-04 02:00:00,0,0,0
2019-03-04 03:00:00,1,0,1
2019-03-04 04:00:00,0,0,0
2019-03-04 05:00:00,5,4,1
2019-03-04 06:00:00,26,18,8
2019-03-04 07:00:00,40,33,7
2019-03-04 08:00:00,51,45,6
2019-03-04 09:00:00,39,26,13
2019-03-04 10:00:00,34,21,13
2019-03-04 11:00:00,29,20,9
2019-03-04 12:00:00,23,9,14
2019-03-04 13:00:00,22,12,10
2019-03-04 14:00:00,31,13,18
2019-03-04 15:00:00,46,16,30
2019-03-04 16:00:00,55,15,40
2019-03-04 17:00:00,92,27,65
2019-03-04 18:00:00,49,11,38
2019-03-04 19:00:00,19,4,15
2019-03-04 20:00:00,3,3,0
2019-03-04 21:00:00,4,1,3
2019-03-04 22:00:00,2,1,1
2019-03-04 23:00:00,2,1,1
2019-03-05 00:00:00,0,0,0
2019-03-05 01:00:00,0,0,0
2019-03-05 02:00:00,0,0,0
2019-03-05 03:00:00,1,1,0
2019-03-05 04:00:00,0,0,0
2019-03-05 05:00:00,11,8,3
2019-03-05 06:00:00,17,7,10
2019-03-05 07:00:00,35,24,11
2019-03-05 08:00:00,49,36,13
2019-03-05 09:00:00,41,28,13
2019-03-05 10:00:00,26,17,9
2019-03-05 11:00:00,55,27,28
2019-03-05 12:00:00,24,13,11
2019-03-05 13:00:00,41,21,20
2019-03-05 14:00:00,49,23,26
2019-03-05 15:00:00,60,29,31
2019-03-05 16:00:00,89,35,54
2019-03-05 17:00:00,73,21,52
2019-03-05 18:00:00,61,15,46
2019-03-05 19:00:00,17,1,16
2019-03-05 20:00:00,14,4,10
2019-03-05 21:00:00,5,5,0
2019-03-05 22:00:00,0,0,0
2019-03-05 23:00:00,0,0,0
2019-03-06 00:00:00,1,0,1
2019-03-06 01:00:00,0,0,0
2019-03-06 02:00:00,0,0,0
2019-03-06 03:00:00,1,1,0
2019-03-06 04:00:00,0,0,0
2019-03-06 05:00:00,7,5,2
2019-03-06 06:00:00,17,13,4
2019-03-06 07:00:00,39,29,10
2019-03-06 08:00:00,60,45,15
2019-03-06 09:00:00,38,27,11
2019-03-06 10:00:00,22,10,12
2019-03-06 11:00:00,18,7,11
2019-03-06 12:00:00,10,3,7
2019-03-06 13:00:00,10,5,5
2019-03-06 14:00:00,16,6,10
2019-03-06 15:00:00,14,4,10
2019-03-06 16:00:00,36,11,25
2019-03-06 17:00:00,52,9,43
2019-03-06 18:00:00,39,9,30
2019-03-06 19:00:00,4,1,3
2019-03-06 20:00:00,3,0,3
2019-03-06 21:00:00,2,0,2
2019-03-06 22:00:00,4,3,1
2019-03-06 23:00:00,0,0,0
2019-03-07 00:00:00,0,0,0
2019-03-07 01:00:00,0,0,0
2019-03-07 02:00:00,0,0,0
2019-03-07 03:00:00,1,1,0
2019-03-07 04:00:00,1,1,0
2019-03-07 05:00:00,5,5,0
2019-03-07 06:00:00,8,8,0
2019-03-07 07:00:00,10,7,3
2019-03-07 08:00:00,18,15,3
2019-03-07 09:00:00,8,5,3
2019-03-07 10:00:00,7,5,2
2019-03-07 11:00:00,4,3,1
2019-03-07 12:00:00,5,1,4
2019-03-07 13:00:00,5,5,0
2019-03-07 14:00:00,8,3,5
2019-03-07 15:00:00,19,9,10
2019-03-07 16:00:00,29,11,18
2019-03-07 17:00:00,25,6,19
2019-03-07 18:00:00,15,3,12
2019-03-07 19:00:00,13,3,10
2019-03-07 20:00:00,1,1,0
2019-03-07 21:00:00,3,1,2
2019-03-07 22:00:00,0,0,0
2019-03-07 23:00:00,2,0,2
2019-03-08 00:00:00,0,0,0
2019-03-08 01:00:00,0,0,0
2019-03-08 02:00:00,0,0,0
2019-03-08 03:00:00,1,1,0
2019-03-08 04:00:00,0,0,0
2019-03-08 05:00:00,6,5,1
2019-03-08 06:00:00,15,12,3
2019-03-08 07:00:00,26,19,7
2019-03-08 08:00:00,41,29,12
2019-03-08 09:00:00,8,3,5
2019-03-08 10:00:00,10,5,5
2019-03-08 11:00:00,5,3,2
2019-03-08 12:00:00,4,2,2
2019-03-08 13:00:00,14,8,6
2019-03-08 14:00:00,14,4,10
2019-03-08 15:00:00,27,13,14
2019-03-08 16:00:00,30,14,16
2019-03-08 17:00:00,53,16,37
2019-03-08 18:00:00,30,7,23
2019-03-08 19:00:00,10,2,8
2019-03-08 20:00:00,1,0,1
2019-03-08 21:00:00,2,1,1
2019-03-08 22:00:00,0,0,0
2019-03-08 23:00:00,0,0,0
2019-03-09 00:00:00,0,0,0
2019-03-09 01:00:00,0,0,0
2019-03-09 02:00:00,0,0,0
2019-03-09 03:00:00,0,0,0
2019-03-09 04:00:00,0,0,0
2019-03-09 05:00:00,1,1,0
2019-03-09 06:00:00,4,2,2
2019-03-09 07:00:00,14,3,11
2019-03-09 08:00:00,18,6,12
2019-03-09 09:00:00,45,14,31
2019-03-09 10:00:00,63,23,40
2019-03-09 11:00:00,81,37,44
2019-03-09 12:00:00,140,79,61
2019-03-09 13:00:00,145,58,87
2019-03-09 14:00:00,122,69,53
2019-03-09 15:00:00,122,62,60
2019-03-09 16:00:00,95,60,35
2019-03-09 17:00:00,41,27,14
2019-03-09 18:00:00,16,7,9
2019-03-09 19:00:00,3,2,1
2019-03-09 20:00:00,1,1,0
2019-03-09 21:00:00,2,0,2
2019-03-09 22:00:00,2,1,1
2019-03-09 23:00:00,2,0,2
2019-03-10 00:00:00,0,0,0
2019-03-10 01:00:00,0,0,0
2019-03-10 02:00:00,0,0,0
2019-03-10 03:00:00,0,0,0
2019-03-10 04:00:00,0,0,0
2019-03-10 05:00:00,2,2,0
2019-03-10 06:00:00,1,1,0
2019-03-10 07:00:00,3,0,3
2019-03-10 08:00:00,25,5,20
2019-03-10 09:00:00,38,12,26
2019-03-10 10:00:00,67,24,43
2019-03-10 11:00:00,87,41,46
2019-03-10 12:00:00,130,51,79
2019-03-10 13:00:00,183,73,110
2019-03-10 14:00:00,177,82,95
2019-03-10 15:00:00,209,113,96
2019-03-10 16:00:00,129,55,74
2019-03-10 17:00:00,91,67,24
2019-03-10 18:00:00,35,22,13
2019-03-10 19:00:00,8,6,2
2019-03-10 20:00:00,2,1,1
2019-03-10 21:00:00,0,0,0
2019-03-10 22:00:00,1,1,0
2019-03-10 23:00:00,0,0,0
2019-03-11 00:00:00,0,0,0
2019-03-11 01:00:00,0,0,0
2019-03-11 02:00:00,0,0,0
2019-03-11 03:00:00,0,0,0
2019-03-11 04:00:00,1,1,0
2019-03-11 05:00:00,5,4,1
2019-03-11 06:00:00,21,15,6
2019-03-11 07:00:00,29,21,8
2019-03-11 08:00:00,50,38,12
2019-03-11 09:00:00,51,33,18
2019-03-11 10:00:00,38,25,13
2019-03-11 11:00:00,20,7,13
2019-03-11 12:00:00,20,11,9
2019-03-11 13:00:00,24,12,12
2019-03-11 14:00:00,21,9,12
2019-03-11 15:00:00,35,17,18
2019-03-11 16:00:00,63,18,45
2019-03-11 17:00:00,84,19,65
2019-03-11 18:00:00,38,9,29
2019-03-11 19:00:00,7,3,4
2019-03-11 20:00:00,2,0,2
2019-03-11 21:00:00,3,3,0
2019-03-11 22:00:00,0,0,0
2019-03-11 23:00:00,0,0,0
2019-03-12 00:00:00,1,0,1
2019-03-12 01:00:00,0,0,0
2019-03-12 02:00:00,0,0,0
2019-03-12 03:00:00,1,0,1
2019-03-12 04:00:00,0,0,0
2019-03-12 05:00:00,5,4,1
2019-03-12 06:00:00,17,15,2
2019-03-12 07:00:00,24,19,5
2019-03-12 08:00:00,43,38,5
2019-03-12 09:00:00,31,15,16
2019-03-12 10:00:00,13,10,3
2019-03-12 11:00:00,11,9,2
2019-03-12 12:00:00,5,2,3
2019-03-12 13:00:00,3,2,1
2019-03-12 14:00:00,18,5,13
2019-03-12 15:00:00,6,1,5
2019-03-12 16:00:00,38,15,23
2019-03-12 17:00:00,55,16,39
2019-03-12 18:00:00,38,8,30
2019-03-12 19:00:00,16,5,11
2019-03-12 20:00:00,6,1,5
2019-03-12 21:00:00,0,0,0
2019-03-12 22:00:00,0,0,0
2019-03-12 23:00:00,1,0,1
2019-03-13 00:00:00,0,0,0
2019-03-13 01:00:00,0,0,0
2019-03-13 02:00:00,1,0,1
2019-03-13 03:00:00,0,0,0
2019-03-13 04:00:00,2,2,0
2019-03-13 05:00:00,7,5,2
2019-03-13 06:00:00,28,21,7
2019-03-13 07:00:00,37,27,10
2019-03-13 08:00:00,70,55,15
2019-03-13 09:00:00,42,24,18
2019-03-13 10:00:00,22,9,13
2019-03-13 11:00:00,24,14,10
2019-03-13 12:00:00,23,12,11
2019-03-13 13:00:00,24,10,14
2019-03-13 14:00:00,28,10,18
2019-03-13 15:00:00,45,25,20
2019-03-13 16:00:00,88,32,56
2019-03-13 17:00:00,98,23,75
2019-03-13 18:00:00,86,28,58
2019-03-13 19:00:00,35,13,22
2019-03-13 20:00:00,17,9,8
2019-03-13 21:00:00,7,3,4
2019-03-13 22:00:00,3,0,3
2019-03-13 23:00:00,0,0,0
2019-03-14 00:00:00,1,1,0
2019-03-14 01:00:00,0,0,0
2019-03-14 02:00:00,1,1,0
2019-03-14 03:00:00,0,0,0
2019-03-14 04:00:00,0,0,0
2019-03-14 05:00:00,13,11,2
2019-03-14 06:00:00,23,20,3
2019-03-14 07:00:00,43,35,8
2019-03-14 08:00:00,59,47,12
2019-03-14 09:00:00,44,25,19
2019-03-14 10:00:00,32,18,14
2019-03-14 11:00:00,23,15,8
2019-03-14 12:00:00,35,8,27
2019-03-14 13:00:00,32,25,7
2019-03-14 14:00:00,28,13,15
2019-03-14 15:00:00,57,19,38
2019-03-14 16:00:00,74,24,50
2019-03-14 17:00:00,105,32,73
2019-03-14 18:00:00,59,20,39
2019-03-14 19:00:00,13,2,11
2019-03-14 20:00:00,9,1,8
2019-03-14 21:00:00,7,4,3
2019-03-14 22:00:00,0,0,0
2019-03-14 23:00:00,0,0,0
2019-03-15 00:00:00,0,0,0
2019-03-15 01:00:00,0,0,0
2019-03-15 02:00:00,1,0,1
2019-03-15 03:00:00,0,0,0
2019-03-15 04:00:00,0,0,0
2019-03-15 05:00:00,6,5,1
2019-03-15 06:00:00,22,18,4
2019-03-15 07:00:00,36,25,11
2019-03-15 08:00:00,72,51,21
2019-03-15 09:00:00,42,26,16
2019-03-15 10:00:00,32,14,18
2019-03-15 11:00:00,42,20,22
2019-03-15 12:00:00,55,24,31
2019-03-15 13:00:00,71,30,41
2019-03-15 14:00:00,64,30,34
2019-03-15 15:00:00,95,32,63
2019-03-15 16:00:00,88,49,39
2019-03-15 17:00:00,101,34,67
2019-03-15 18:00:00,66,20,46
2019-03-15 19:00:00,28,15,13
2019-03-15 20:00:00,6,2,4
2019-03-15 21:00:00,2,0,2
2019-03-15 22:00:00,1,0,1
2019-03-15 23:00:00,1,0,1
2019-03-16 00:00:00,0,0,0
2019-03-16 01:00:00,0,0,0
2019-03-16 02:00:00,0,0,0
2019-03-16 03:00:00,1,0,1
2019-03-16 04:00:00,0,0,0
2019-03-16 05:00:00,2,0,2
2019-03-16 06:00:00,10,7,3
2019-03-16 07:00:00,25,13,12
2019-03-16 08:00:00,60,16,44
2019-03-16 09:00:00,96,43,53
2019-03-16 10:00:00,123,49,74
2019-03-16 11:00:00,132,61,71
2019-03-16 12:00:00,150,63,87
2019-03-16 13:00:00,190,74,116
2019-03-16 14:00:00,186,98,88
2019-03-16 15:00:00,203,112,91
2019-03-16 16:00:00,134,65,69
2019-03-16 17:00:00,95,55,40
2019-03-16 18:00:00,37,17,20
2019-03-16 19:00:00,30,18,12
2019-03-16 20:00:00,5,2,3
2019-03-16 21:00:00,1,1,0
2019-03-16 22:00:00,3,3,0
2019-03-16 23:00:00,1,0,1
2019-03-17 00:00:00,4,0,4
2019-03-17 01:00:00,2,1,1
2019-03-17 02:00:00,0,0,0
2019-03-17 03:00:00,0,0,0
2019-03-17 04:00:00,1,0,1
2019-03-17 05:00:00,2,0,2
2019-03-17 06:00:00,3,3,0
2019-03-17 07:00:00,9,5,4
2019-03-17 08:00:00,41,16,25
2019-03-17 09:00:00,87,37,50
2019-03-17 10:00:00,126,54,72
2019-03-17 11:00:00,243,119,124
2019-03-17 12:00:00,251,105,146
2019-03-17 13:00:00,299,143,156
2019-03-17 14:00:00,318,148,170
2019-03-17 15:00:00,273,144,129
2019-03-17 16:00:00,217,106,111
2019-03-17 17:00:00,141,81,60
2019-03-17 18:00:00,72,41,31
2019-03-17 19:00:00,15,10,5
2019-03-17 20:00:00,11,6,5
2019-03-17 21:00:00,4,0,4
2019-03-17 22:00:00,1,0,1
2019-03-17 23:00:00,0,0,0
2019-03-18 00:00:00,0,0,0
2019-03-18 01:00:00,0,0,0
2019-03-18 02:00:00,0,0,0
2019-03-18 03:00:00,1,0,1
2019-03-18 04:00:00,2,2,0
2019-03-18 05:00:00,12,11,1
2019-03-18 06:00:00,37,27,10
2019-03-18 07:00:00,71,59,12
2019-03-18 08:00:00,87,65,22
2019-03-18 09:00:00,66,43,23
2019-03-18 10:00:00,65,36,29
2019-03-18 11:00:00,75,38,37
2019-03-18 12:00:00,93,49,44
2019-03-18 13:00:00,74,35,39
2019-03-18 14:00:00,87,36,51
2019-03-18 15:00:00,121,52,69
2019-03-18 16:00:00,139,44,95
2019-03-18 17:00:00,190,63,127
2019-03-18 18:00:00,123,40,83
2019-03-18 19:00:00,56,27,29
2019-03-18 20:00:00,15,9,6
2019-03-18 21:00:00,5,4,1
2019-03-18 22:00:00,2,1,1
2019-03-18 23:00:00,2,0,2
2019-03-19 00:00:00,0,0,0
2019-03-19 01:00:00,2,0,2
2019-03-19 02:00:00,0,0,0
2019-03-19 03:00:00,0,0,0
2019-03-19 04:00:00,3,3,0
2019-03-19 05:00:00,15,13,2
2019-03-19 06:00:00,37,29,8
2019-03-19 07:00:00,78,61,17
2019-03-19 08:00:00,76,57,19
2019-03-19 09:00:00,70,37,33
2019-03-19 10:00:00,58,34,24
2019-03-19 11:00:00,59,31,28
2019-03-19 12:00:00,88,49,39
2019-03-19 13:00:00,106,40,66
2019-03-19 14:00:00,107,50,57
2019-03-19 15:00:00,116,50,66
2019-03-19 16:00:00,156,64,92
2019-03-19 17:00:00,187,64,123
2019-03-19 18:00:00,146,54,92
2019-03-19 19:00:00,68,26,42
2019-03-19 20:00:00,6,2,4
2019-03-19 21:00:00,7,4,3
2019-03-19 22:00:00,3,0,3
2019-03-19 23:00:00,2,1,1
2019-03-20 00:00:00,0,0,0
2019-03-20 01:00:00,2,2,0
2019-03-20 02:00:00,1,0,1
2019-03-20 03:00:00,0,0,0
2019-03-20 04:00:00,2,2,0
2019-03-20 05:00:00,19,15,4
2019-03-20 06:00:00,40,32,8
2019-03-20 07:00:00,87,67,20
2019-03-20 08:00:00,93,73,20
2019-03-20 09:00:00,50,21,29
2019-03-20 10:00:00,65,32,33
2019-03-20 11:00:00,107,35,72
2019-03-20 12:00:00,75,42,33
2019-03-20 13:00:00,70,25,45
2019-03-20 14:00:00,101,38,63
2019-03-20 15:00:00,124,56,68
2019-03-20 16:00:00,135,46,89
2019-03-20 17:00:00,209,62,147
2019-03-20 18:00:00,168,68,100
2019-03-20 19:00:00,75,41,34
2019-03-20 20:00:00,19,2,17
2019-03-20 21:00:00,5,2,3
2019-03-20 22:00:00,8,3,5
2019-03-20 23:00:00,2,0,2
2019-03-21 00:00:00,1,1,0
2019-03-21 01:00:00,0,0,0
2019-03-21 02:00:00,0,0,0
2019-03-21 03:00:00,1,0,1
2019-03-21 04:00:00,3,3,0
2019-03-21 05:00:00,13,10,3
2019-03-21 06:00:00,37,26,11
2019-03-21 07:00:00,67,51,16
2019-03-21 08:00:00,89,66,23
2019-03-21 09:00:00,71,38,33
2019-03-21 10:00:00,41,23,18
2019-03-21 11:00:00,38,20,18
2019-03-21 12:00:00,38,15,23
2019-03-21 13:00:00,55,32,23
2019-03-21 14:00:00,77,29,48
2019-03-21 15:00:00,52,25,27
2019-03-21 16:00:00,109,51,58
2019-03-21 17:00:00,132,37,95
2019-03-21 18:00:00,77,28,49
2019-03-21 19:00:00,40,16,24
2019-03-21 20:00:00,8,3,5
2019-03-21 21:00:00,5,1,4
2019-03-21 22:00:00,2,0,2
2019-03-21 23:00:00,0,0,0
2019-03-22 00:00:00,0,0,0
2019-03-22 01:00:00,0,0,0
2019-03-22 02:00:00,0,0,0
2019-03-22 03:00:00,1,0,1
2019-03-22 04:00:00,1,1,0
2019-03-22 05:00:00,11,8,3
2019-03-22 06:00:00,23,21,2
2019-03-22 07:00:00,53,40,13
2019-03-22 08:00:00,66,49,17
2019-03-22 09:00:00,54,33,21
2019-03-22 10:00:00,48,26,22
2019-03-22 11:00:00,50,21,29
2019-03-22 12:00:00,57,24,33
2019-03-22 13:00:00,66,26,40
2019-03-22 14:00:00,64,30,34
2019-03-22 15:00:00,61,27,34
2019-03-22 16:00:00,51,18,33
2019-03-22 17:00:00,67,9,58
2019-03-22 18:00:00,42,8,34
2019-03-22 19:00:00,20,1,19
2019-03-22 20:00:00,2,0,2
2019-03-22 21:00:00,2,1,1
2019-03-22 22:00:00,1,0,1
2019-03-22 23:00:00,0,0,0
2019-03-23 00:00:00,0,0,0
2019-03-23 01:00:00,0,0,0
2019-03-23 02:00:00,2,0,2
2019-03-23 03:00:00,0,0,0
2019-03-23 04:00:00,0,0,0
2019-03-23 05:00:00,1,1,0
2019-03-23 06:00:00,8,4,4
2019-03-23 07:00:00,20,10,10
2019-03-23 08:00:00,59,15,44
2019-03-23 09:00:00,73,36,37
2019-03-23 10:00:00,172,51,121
2019-03-23 11:00:00,171,92,79
2019-03-23 12:00:00,138,71,67
2019-03-23 13:00:00,170,53,117
2019-03-23 14:00:00,147,82,65
2019-03-23 15:00:00,128,63,65
2019-03-23 16:00:00,116,68,48
2019-03-23 17:00:00,119,71,48
2019-03-23 18:00:00,45,29,16
2019-03-23 19:00:00,26,16,10
2019-03-23 20:00:00,4,1,3
2019-03-23 21:00:00,11,8,3
2019-03-23 22:00:00,9,4,5
2019-03-23 23:00:00,4,3,1
2019-03-24 00:00:00,1,0,1
2019-03-24 01:00:00,1,0,1
2019-03-24 02:00:00,1,0,1
2019-03-24 03:00:00,0,0,0
2019-03-24 04:00:00,0,0,0
2019-03-24 05:00:00,2,0,2
2019-03-24 06:00:00,10,4,6
2019-03-24 07:00:00,25,6,19
2019-03-24 08:00:00,66,33,33
2019-03-24 09:00:00,100,34,66
2019-03-24 10:00:00,154,60,94
2019-03-24 11:00:00,201,91,110
2019-03-24 12:00:00,214,111,103
2019-03-24 13:00:00,203,104,99
2019-03-24 14:00:00,179,79,100
2019-03-24 15:00:00,125,68,57
2019-03-24 16:00:00,119,63,56
2019-03-24 17:00:00,88,57,31
2019-03-24 18:00:00,38,20,18
2019-03-24 19:00:00,9,5,4
2019-03-24 20:00:00,3,2,1
2019-03-24 21:00:00,1,1,0
2019-03-24 22:00:00,1,0,1
2019-03-24 23:00:00,3,0,3
2019-03-25 00:00:00,0,0,0
2019-03-25 01:00:00,0,0,0
2019-03-25 02:00:00,0,0,0
2019-03-25 03:00:00,0,0,0
2019-03-25 04:00:00,2,2,0
2019-03-25 05:00:00,11,9,2
2019-03-25 06:00:00,28,22,6
2019-03-25 07:00:00,69,52,17
2019-03-25 08:00:00,70,55,15
2019-03-25 09:00:00,48,19,29
2019-03-25 10:00:00,33,18,15
2019-03-25 11:00:00,48,35,13
2019-03-25 12:00:00,41,14,27
2019-03-25 13:00:00,32,13,19
2019-03-25 14:00:00,22,8,14
2019-03-25 15:00:00,40,22,18
2019-03-25 16:00:00,58,12,46
2019-03-25 17:00:00,80,16,64
2019-03-25 18:00:00,42,8,34
2019-03-25 19:00:00,14,2,12
2019-03-25 20:00:00,4,0,4
2019-03-25 21:00:00,5,2,3
2019-03-25 22:00:00,0,0,0
2019-03-25 23:00:00,0,0,0
2019-03-26 00:00:00,0,0,0
2019-03-26 01:00:00,0,0,0
2019-03-26 02:00:00,0,0,0
2019-03-26 03:00:00,0,0,0
2019-03-26 04:00:00,1,1,0
2019-03-26 05:00:00,10,9,1
2019-03-26 06:00:00,23,20,3
2019-03-26 07:00:00,69,54,15
2019-03-26 08:00:00,70,51,19
2019-03-26 09:00:00,42,25,17
2019-03-26 10:00:00,27,16,11
2019-03-26 11:00:00,35,16,19
2019-03-26 12:00:00,38,24,14
2019-03-26 13:00:00,47,27,20
2019-03-26 14:00:00,71,28,43
2019-03-26 15:00:00,76,36,40
2019-03-26 16:00:00,115,38,77
2019-03-26 17:00:00,170,66,104
2019-03-26 18:00:00,119,48,71
2019-03-26 19:00:00,45,22,23
2019-03-26 20:00:00,24,12,12
2019-03-26 21:00:00,4,1,3
2019-03-26 22:00:00,1,0,1
2019-03-26 23:00:00,0,0,0
2019-03-27 00:00:00,1,0,1
2019-03-27 01:00:00,0,0,0
2019-03-27 02:00:00,1,0,1
2019-03-27 03:00:00,2,0,2
2019-03-27 04:00:00,3,2,1
2019-03-27 05:00:00,16,14,2
2019-03-27 06:00:00,30,25,5
2019-03-27 07:00:00,79,59,20
2019-03-27 08:00:00,105,85,20
2019-03-27 09:00:00,62,28,34
2019-03-27 10:00:00,49,21,28
2019-03-27 11:00:00,68,34,34
2019-03-27 12:00:00,48,22,26
2019-03-27 13:00:00,72,36,36
2019-03-27 14:00:00,61,26,35
2019-03-27 15:00:00,69,25,44
2019-03-27 16:00:00,81,27,54
2019-03-27 17:00:00,155,56,99
2019-03-27 18:00:00,107,26,81
2019-03-27 19:00:00,36,7,29
2019-03-27 20:00:00,12,6,6
2019-03-27 21:00:00,2,0,2
2019-03-27 22:00:00,7,3,4
2019-03-27 23:00:00,2,1,1
2019-03-28 00:00:00,0,0,0
2019-03-28 01:00:00,0,0,0
2019-03-28 02:00:00,0,0,0
2019-03-28 03:00:00,0,0,0
2019-03-28 04:00:00,0,0,0
2019-03-28 05:00:00,9,8,1
2019-03-28 06:00:00,33,25,8
2019-03-28 07:00:00,52,40,12
2019-03-28 08:00:00,80,62,18
2019-03-28 09:00:00,58,40,18
2019-03-28 10:00:00,34,18,16
2019-03-28 11:00:00,43,27,16
2019-03-28 12:00:00,44,17,27
2019-03-28 13:00:00,33,16,17
2019-03-28 14:00:00,63,29,34
2019-03-28 15:00:00,88,35,53
2019-03-28 16:00:00,94,36,58
2019-03-28 17:00:00,139,43,96
2019-03-28 18:00:00,81,21,60
2019-03-28 19:00:00,58,23,35
2019-03-28 20:00:00,15,4,11
2019-03-28 21:00:00,7,2,5
2019-03-28 22:00:00,4,4,0
2019-03-28 23:00:00,1,0,1
2019-03-29 00:00:00,0,0,0
2019-03-29 01:00:00,0,0,0
2019-03-29 02:00:00,0,0,0
2019-03-29 03:00:00,0,0,0
2019-03-29 04:00:00,4,3,1
2019-03-29 05:00:00,15,11,4
2019-03-29 06:00:00,29,25,4
2019-03-29 07:00:00,68,52,16
2019-03-29 08:00:00,86,57,29
2019-03-29 09:00:00,56,39,17
2019-03-29 10:00:00,44,22,22
2019-03-29 11:00:00,53,28,25
2019-03-29 12:00:00,55,25,30
2019-03-29 13:00:00,106,21,85
2019-03-29 14:00:00,88,33,55
2019-03-29 15:00:00,87,42,45
2019-03-29 16:00:00,118,39,79
2019-03-29 17:00:00,109,29,80
2019-03-29 18:00:00,91,32,59
2019-03-29 19:00:00,38,14,24
2019-03-29 20:00:00,13,3,10
2019-03-29 21:00:00,7,4,3
2019-03-29 22:00:00,7,5,2
2019-03-29 23:00:00,0,0,0
2019-03-30 00:00:00,1,0,1
2019-03-30 01:00:00,1,0,1
2019-03-30 02:00:00,0,0,0
2019-03-30 03:00:00,0,0,0
2019-03-30 04:00:00,0,0,0
2019-03-30 05:00:00,3,2,1
2019-03-30 06:00:00,11,7,4
2019-03-30 07:00:00,34,13,21
2019-03-30 08:00:00,62,28,34
2019-03-30 09:00:00,92,39,53
2019-03-30 10:00:00,158,63,95
2019-03-30 11:00:00,260,108,152
2019-03-30 12:00:00,303,116,187
2019-03-30 13:00:00,291,157,134
2019-03-30 14:00:00,284,144,140
2019-03-30 15:00:00,255,121,134
2019-03-30 16:00:00,245,128,117
2019-03-30 17:00:00,187,89,98
2019-03-30 18:00:00,98,52,46
2019-03-30 19:00:00,57,36,21
2019-03-30 20:00:00,22,11,11
2019-03-30 21:00:00,22,14,8
2019-03-30 22:00:00,16,15,1
2019-03-30 23:00:00,5,5,0
2019-03-31 00:00:00,3,2,1
2019-03-31 01:00:00,2,2,0
2019-03-31 02:00:00,0,0,0
2019-03-31 03:00:00,0,0,0
2019-03-31 04:00:00,0,0,0
2019-03-31 05:00:00,1,1,0
2019-03-31 06:00:00,5,2,3
2019-03-31 07:00:00,22,4,18
2019-03-31 08:00:00,60,26,34
2019-03-31 09:00:00,113,44,69
2019-03-31 10:00:00,169,71,98
2019-03-31 11:00:00,265,146,119
2019-03-31 12:00:00,253,110,143
2019-03-31 13:00:00,284,137,147
2019-03-31 14:00:00,339,161,178
2019-03-31 15:00:00,277,158,119
2019-03-31 16:00:00,214,107,107
2019-03-31 17:00:00,121,64,57
2019-03-31 18:00:00,98,45,53
2019-03-31 19:00:00,36,18,18
2019-03-31 20:00:00,7,4,3
2019-03-31 21:00:00,4,2,2
2019-03-31 22:00:00,5,3,2
2019-03-31 23:00:00,2,1,1
2019-08-03 02:00:00,0,0,0
2019-08-03 03:00:00,0,0,0
2019-08-03 04:00:00,2,0,2
2019-08-03 05:00:00,4,1,3
2019-08-03 06:00:00,28,10,18
2019-08-03 07:00:00,56,23,33
2019-08-03 08:00:00,128,64,64
2019-08-03 09:00:00,186,91,95
2019-08-03 10:00:00,260,148,112
2019-08-03 11:00:00,260,134,126
2019-08-03 12:00:00,218,109,109
2019-08-03 13:00:00,196,110,86
2019-08-03 14:00:00,223,113,110
2019-08-03 15:00:00,201,100,101
2019-08-03 16:00:00,194,104,90
2019-08-03 17:00:00,169,100,69
2019-08-03 18:00:00,96,44,52
2019-08-03 19:00:00,82,33,49
2019-04-01 00:00:00,2,0,2
2019-04-01 01:00:00,0,0,0
2019-04-01 02:00:00,0,0,0
2019-04-01 03:00:00,0,0,0
2019-04-01 04:00:00,2,1,1
2019-04-01 05:00:00,6,4,2
2019-04-01 06:00:00,41,32,9
2019-04-01 07:00:00,90,72,18
2019-04-01 08:00:00,98,80,18
2019-04-01 09:00:00,60,43,17
2019-04-01 10:00:00,69,48,21
2019-04-01 11:00:00,49,28,21
2019-04-01 12:00:00,46,24,22
2019-04-01 13:00:00,68,29,39
2019-04-01 14:00:00,67,25,42
2019-04-01 15:00:00,81,30,51
2019-04-01 16:00:00,133,42,91
2019-04-01 17:00:00,132,29,103
2019-04-01 18:00:00,112,24,88
2019-04-01 19:00:00,40,17,23
2019-04-01 20:00:00,12,3,9
2019-04-01 21:00:00,7,4,3
2019-04-01 22:00:00,2,1,1
2019-04-01 23:00:00,4,0,4
2019-04-02 00:00:00,0,0,0
2019-04-02 01:00:00,1,0,1
2019-04-02 02:00:00,0,0,0
2019-04-02 03:00:00,0,0,0
2019-04-02 04:00:00,3,2,1
2019-04-02 05:00:00,15,11,4
2019-04-02 06:00:00,51,41,10
2019-04-02 07:00:00,77,59,18
2019-04-02 08:00:00,98,76,22
2019-04-02 09:00:00,68,32,36
2019-04-02 10:00:00,52,25,27
2019-04-02 11:00:00,50,27,23
2019-04-02 12:00:00,50,28,22
2019-04-02 13:00:00,63,29,34
2019-04-02 14:00:00,80,33,47
2019-04-02 15:00:00,85,40,45
2019-04-02 16:00:00,115,44,71
2019-04-02 17:00:00,143,32,111
2019-04-02 18:00:00,108,34,74
2019-04-02 19:00:00,49,24,25
2019-04-02 20:00:00,12,6,6
2019-04-02 21:00:00,9,2,7
2019-04-02 22:00:00,5,3,2
2019-04-02 23:00:00,2,1,1
2019-04-03 00:00:00,1,0,1
2019-04-03 01:00:00,0,0,0
2019-04-03 02:00:00,1,0,1
2019-04-03 03:00:00,1,0,1
2019-04-03 04:00:00,2,2,0
2019-04-03 05:00:00,13,9,4
2019-04-03 06:00:00,30,24,6
2019-04-03 07:00:00,62,43,19
2019-04-03 08:00:00,61,50,11
2019-04-03 09:00:00,40,25,15
2019-04-03 10:00:00,26,16,10
2019-04-03 11:00:00,17,9,8
2019-04-03 12:00:00,8,4,4
2019-04-03 13:00:00,23,8,15
2019-04-03 14:00:00,28,14,14
2019-04-03 15:00:00,37,12,25
2019-04-03 16:00:00,62,20,42
2019-04-03 17:00:00,92,18,74
2019-04-03 18:00:00,75,21,54
2019-04-03 19:00:00,28,12,16
2019-04-03 20:00:00,12,4,8
2019-04-03 21:00:00,4,1,3
2019-04-03 22:00:00,3,1,2
2019-04-03 23:00:00,1,1,0
2019-04-04 00:00:00,0,0,0
2019-04-04 01:00:00,0,0,0
2019-04-04 02:00:00,0,0,0
2019-04-04 03:00:00,1,0,1
2019-04-04 04:00:00,3,2,1
2019-04-04 05:00:00,12,9,3
2019-04-04 06:00:00,37,28,9
2019-04-04 07:00:00,66,57,9
2019-04-04 08:00:00,84,61,23
2019-04-04 09:00:00,50,30,20
2019-04-04 10:00:00,44,17,27
2019-04-04 11:00:00,65,34,31
2019-04-04 12:00:00,55,20,35
2019-04-04 13:00:00,81,40,41
2019-04-04 14:00:00,83,47,36
2019-04-04 15:00:00,100,37,63
2019-04-04 16:00:00,123,46,77
2019-04-04 17:00:00,165,53,112
2019-04-04 18:00:00,121,44,77
2019-04-04 19:00:00,49,20,29
2019-04-04 20:00:00,18,12,6
2019-04-04 21:00:00,14,6,8
2019-04-04 22:00:00,2,0,2
2019-04-04 23:00:00,1,1,0
2019-04-05 00:00:00,1,0,1
2019-04-05 01:00:00,0,0,0
2019-04-05 02:00:00,0,0,0
2019-04-05 03:00:00,0,0,0
2019-04-05 04:00:00,1,1,0
2019-04-05 05:00:00,7,6,1
2019-04-05 06:00:00,21,14,7
2019-04-05 07:00:00,38,30,8
2019-04-05 08:00:00,50,32,18
2019-04-05 09:00:00,47,26,21
2019-04-05 10:00:00,37,21,16
2019-04-05 11:00:00,19,15,4
2019-04-05 12:00:00,11,4,7
2019-04-05 13:00:00,5,3,2
2019-04-05 14:00:00,11,5,6
2019-04-05 15:00:00,16,5,11
2019-04-05 16:00:00,41,16,25
2019-04-05 17:00:00,54,15,39
2019-04-05 18:00:00,47,10,37
2019-04-05 19:00:00,19,7,12
2019-04-05 20:00:00,10,4,6
2019-04-05 21:00:00,4,3,1
2019-04-05 22:00:00,1,0,1
2019-04-05 23:00:00,0,0,0
2019-04-06 00:00:00,0,0,0
2019-04-06 01:00:00,1,0,1
2019-04-06 02:00:00,0,0,0
2019-04-06 03:00:00,0,0,0
2019-04-06 04:00:00,1,1,0
2019-04-06 05:00:00,3,1,2
2019-04-06 06:00:00,4,2,2
2019-04-06 07:00:00,11,6,5
2019-04-06 08:00:00,10,0,10
2019-04-06 09:00:00,41,21,20
2019-04-06 10:00:00,80,33,47
2019-04-06 11:00:00,37,15,22
2019-04-06 12:00:00,77,28,49
2019-04-06 13:00:00,67,50,17
2019-04-06 14:00:00,31,16,15
2019-04-06 15:00:00,25,8,17
2019-04-06 16:00:00,51,23,28
2019-04-06 17:00:00,35,20,15
2019-04-06 18:00:00,21,14,7
2019-04-06 19:00:00,18,8,10
2019-04-06 20:00:00,5,3,2
2019-04-06 21:00:00,1,1,0
2019-04-06 22:00:00,2,1,1
2019-04-06 23:00:00,0,0,0
2019-04-07 00:00:00,0,0,0
2019-04-07 01:00:00,0,0,0
2019-04-07 02:00:00,0,0,0
2019-04-07 03:00:00,1,0,1
2019-04-07 04:00:00,0,0,0
2019-04-07 05:00:00,1,1,0
2019-04-07 06:00:00,1,0,1
2019-04-07 07:00:00,14,4,10
2019-04-07 08:00:00,39,11,28
2019-04-07 09:00:00,62,20,42
2019-04-07 10:00:00,101,52,49
2019-04-07 11:00:00,114,57,57
2019-04-07 12:00:00,133,51,82
2019-04-07 13:00:00,79,39,40
2019-04-07 14:00:00,120,57,63
2019-04-07 15:00:00,115,54,61
2019-04-07 16:00:00,85,48,37
2019-04-07 17:00:00,62,35,27
2019-04-07 18:00:00,35,18,17
2019-04-07 19:00:00,23,15,8
2019-04-07 20:00:00,5,2,3
2019-04-07 21:00:00,7,5,2
2019-04-07 22:00:00,0,0,0
2019-04-07 23:00:00,2,0,2
2019-04-08 00:00:00,0,0,0
2019-04-08 01:00:00,0,0,0
2019-04-08 02:00:00,0,0,0
2019-04-08 03:00:00,0,0,0
2019-04-08 04:00:00,0,0,0
2019-04-08 05:00:00,9,9,0
2019-04-08 06:00:00,31,27,4
2019-04-08 07:00:00,35,32,3
2019-04-08 08:00:00,60,45,15
2019-04-08 09:00:00,42,25,17
2019-04-08 10:00:00,21,12,9
2019-04-08 11:00:00,18,15,3
2019-04-08 12:00:00,19,10,9
2019-04-08 13:00:00,33,16,17
2019-04-08 14:00:00,33,14,19
2019-04-08 15:00:00,33,17,16
2019-04-08 16:00:00,50,17,33
2019-04-08 17:00:00,78,12,66
2019-04-08 18:00:00,52,9,43
2019-04-08 19:00:00,20,7,13
2019-04-08 20:00:00,5,4,1
2019-04-08 21:00:00,4,1,3
2019-04-08 22:00:00,0,0,0
2019-04-08 23:00:00,1,0,1
2019-04-09 00:00:00,2,0,2
2019-04-09 01:00:00,1,0,1
2019-04-09 02:00:00,0,0,0
2019-04-09 03:00:00,0,0,0
2019-04-09 04:00:00,1,1,0
2019-04-09 05:00:00,15,10,5
2019-04-09 06:00:00,29,27,2
2019-04-09 07:00:00,61,51,10
2019-04-09 08:00:00,79,61,18
2019-04-09 09:00:00,35,24,11
2019-04-09 10:00:00,20,6,14
2019-04-09 11:00:00,39,20,19
2019-04-09 12:00:00,18,8,10
2019-04-09 13:00:00,39,19,20
2019-04-09 14:00:00,46,18,28
2019-04-09 15:00:00,42,17,25
2019-04-09 16:00:00,79,29,50
2019-04-09 17:00:00,121,36,85
2019-04-09 18:00:00,88,26,62
2019-04-09 19:00:00,54,21,33
2019-04-09 20:00:00,15,5,10
2019-04-09 21:00:00,3,2,1
2019-04-09 22:00:00,2,0,2
2019-04-09 23:00:00,2,0,2
2019-04-10 00:00:00,0,0,0
2019-04-10 01:00:00,0,0,0
2019-04-10 02:00:00,1,0,1
2019-04-10 03:00:00,0,0,0
2019-04-10 04:00:00,1,1,0
2019-04-10 05:00:00,13,10,3
2019-04-10 06:00:00,32,23,9
2019-04-10 07:00:00,62,46,16
2019-04-10 08:00:00,71,55,16
2019-04-10 09:00:00,41,23,18
2019-04-10 10:00:00,22,13,9
2019-04-10 11:00:00,10,9,1
2019-04-10 12:00:00,17,8,9
2019-04-10 13:00:00,6,5,1
2019-04-10 14:00:00,32,14,18
2019-04-10 15:00:00,34,14,20
2019-04-10 16:00:00,49,11,38
2019-04-10 17:00:00,73,16,57
2019-04-10 18:00:00,58,11,47
2019-04-10 19:00:00,16,4,12
2019-04-10 20:00:00,2,0,2
2019-04-10 21:00:00,1,1,0
2019-04-10 22:00:00,5,1,4
2019-04-10 23:00:00,0,0,0
2019-04-11 00:00:00,0,0,0
2019-04-11 01:00:00,0,0,0
2019-04-11 02:00:00,0,0,0
2019-04-11 03:00:00,0,0,0
2019-04-11 04:00:00,0,0,0
2019-04-11 05:00:00,7,5,2
2019-04-11 06:00:00,14,12,2
2019-04-11 07:00:00,43,33,10
2019-04-11 08:00:00,48,38,10
2019-04-11 09:00:00,28,19,9
2019-04-11 10:00:00,10,6,4
2019-04-11 11:00:00,9,5,4
2019-04-11 12:00:00,17,10,7
2019-04-11 13:00:00,7,3,4
2019-04-11 14:00:00,11,4,7
2019-04-11 15:00:00,19,7,12
2019-04-11 16:00:00,39,14,25
2019-04-11 17:00:00,43,12,31
2019-04-11 18:00:00,45,14,31
2019-04-11 19:00:00,24,9,15
2019-04-11 20:00:00,7,2,5
2019-04-11 21:00:00,3,3,0
2019-04-11 22:00:00,3,0,3
2019-04-11 23:00:00,0,0,0
2019-04-12 00:00:00,1,0,1
2019-04-12 01:00:00,0,0,0
2019-04-12 02:00:00,0,0,0
2019-04-12 03:00:00,0,0,0
2019-04-12 04:00:00,2,2,0
2019-04-12 05:00:00,7,5,2
2019-04-12 06:00:00,25,24,1
2019-04-12 07:00:00,42,30,12
2019-04-12 08:00:00,53,41,12
2019-04-12 09:00:00,35,15,20
2019-04-12 10:00:00,45,29,16
2019-04-12 11:00:00,46,13,33
2019-04-12 12:00:00,43,26,17
2019-04-12 13:00:00,56,31,25
2019-04-12 14:00:00,77,32,45
2019-04-12 15:00:00,95,37,58
2019-04-12 16:00:00,114,47,67
2019-04-12 17:00:00,119,46,73
2019-04-12 18:00:00,70,29,41
2019-04-12 19:00:00,47,24,23
2019-04-12 20:00:00,12,2,10
2019-04-12 21:00:00,5,4,1
2019-04-12 22:00:00,0,0,0
2019-04-12 23:00:00,2,2,0
2019-04-13 00:00:00,3,0,3
2019-04-13 01:00:00,0,0,0
2019-04-13 02:00:00,0,0,0
2019-04-13 03:00:00,0,0,0
2019-04-13 04:00:00,0,0,0
2019-04-13 05:00:00,1,1,0
2019-04-13 06:00:00,3,2,1
2019-04-13 07:00:00,11,3,8
2019-04-13 08:00:00,23,14,9
2019-04-13 09:00:00,22,5,17
2019-04-13 10:00:00,23,9,14
2019-04-13 11:00:00,37,14,23
2019-04-13 12:00:00,35,14,21
2019-04-13 13:00:00,22,12,10
2019-04-13 14:00:00,31,19,12
2019-04-13 15:00:00,28,8,20
2019-04-13 16:00:00,19,8,11
2019-04-13 17:00:00,41,22,19
2019-04-13 18:00:00,23,9,14
2019-04-13 19:00:00,13,8,5
2019-04-13 20:00:00,2,0,2
2019-04-13 21:00:00,3,2,1
2019-04-13 22:00:00,0,0,0
2019-04-13 23:00:00,1,1,0
2019-04-14 00:00:00,0,0,0
2019-04-14 01:00:00,0,0,0
2019-04-14 02:00:00,0,0,0
2019-04-14 03:00:00,1,0,1
2019-04-14 04:00:00,0,0,0
2019-04-14 05:00:00,2,1,1
2019-04-14 06:00:00,3,1,2
2019-04-14 07:00:00,24,5,19
2019-04-14 08:00:00,26,6,20
2019-04-14 09:00:00,81,30,51
2019-04-14 10:00:00,84,30,54
2019-04-14 11:00:00,102,46,56
2019-04-14 12:00:00,95,44,51
2019-04-14 13:00:00,93,52,41
2019-04-14 14:00:00,78,35,43
2019-04-14 15:00:00,91,45,46
2019-04-14 16:00:00,56,36,20
2019-04-14 17:00:00,30,14,16
2019-04-14 18:00:00,21,13,8
2019-04-14 19:00:00,18,12,6
2019-04-14 20:00:00,2,2,0
2019-04-14 21:00:00,2,1,1
2019-04-14 22:00:00,0,0,0
2019-04-14 23:00:00,1,1,0
2019-04-15 00:00:00,0,0,0
2019-04-15 01:00:00,0,0,0
2019-04-15 02:00:00,1,0,1
2019-04-15 03:00:00,0,0,0
2019-04-15 04:00:00,1,0,1
2019-04-15 05:00:00,11,9,2
2019-04-15 06:00:00,43,30,13
2019-04-15 07:00:00,71,56,15
2019-04-15 08:00:00,85,71,14
2019-04-15 09:00:00,73,50,23
2019-04-15 10:00:00,47,24,23
2019-04-15 11:00:00,42,16,26
2019-04-15 12:00:00,45,21,24
2019-04-15 13:00:00,61,26,35
2019-04-15 14:00:00,50,26,24
2019-04-15 15:00:00,75,26,49
2019-04-15 16:00:00,107,36,71
2019-04-15 17:00:00,137,33,104
2019-04-15 18:00:00,110,34,76
2019-04-15 19:00:00,45,19,26
2019-04-15 20:00:00,20,8,12
2019-04-15 21:00:00,8,4,4
2019-04-15 22:00:00,1,0,1
2019-04-15 23:00:00,0,0,0
2019-04-16 00:00:00,3,0,3
2019-04-16 01:00:00,0,0,0
2019-04-16 02:00:00,0,0,0
2019-04-16 03:00:00,0,0,0
2019-04-16 04:00:00,1,1,0
2019-04-16 05:00:00,13,9,4
2019-04-16 06:00:00,39,28,11
2019-04-16 07:00:00,79,61,18
2019-04-16 08:00:00,84,62,22
2019-04-16 09:00:00,58,38,20
2019-04-16 10:00:00,35,21,14
2019-04-16 11:00:00,29,19,10
2019-04-16 12:00:00,27,16,11
2019-04-16 13:00:00,25,14,11
2019-04-16 14:00:00,36,7,29
2019-04-16 15:00:00,48,22,26
2019-04-16 16:00:00,85,24,61
2019-04-16 17:00:00,112,31,81
2019-04-16 18:00:00,70,14,56
2019-04-16 19:00:00,17,4,13
2019-04-16 20:00:00,10,5,5
2019-04-16 21:00:00,6,2,4
2019-04-16 22:00:00,2,1,1
2019-04-16 23:00:00,1,0,1
2019-04-17 00:00:00,1,0,1
2019-04-17 01:00:00,1,1,0
2019-04-17 02:00:00,1,0,1
2019-04-17 03:00:00,1,0,1
2019-04-17 04:00:00,1,1,0
2019-04-17 05:00:00,19,17,2
2019-04-17 06:00:00,38,28,10
2019-04-17 07:00:00,69,52,17
2019-04-17 08:00:00,69,49,20
2019-04-17 09:00:00,46,29,17
2019-04-17 10:00:00,43,22,21
2019-04-17 11:00:00,28,14,14
2019-04-17 12:00:00,20,9,11
2019-04-17 13:00:00,25,10,15
2019-04-17 14:00:00,28,12,16
2019-04-17 15:00:00,60,18,42
2019-04-17 16:00:00,99,37,62
2019-04-17 17:00:00,104,29,75
2019-04-17 18:00:00,113,32,81
2019-04-17 19:00:00,73,30,43
2019-04-17 20:00:00,9,3,6
2019-04-17 21:00:00,8,6,2
2019-04-17 22:00:00,1,0,1
2019-04-17 23:00:00,1,1,0
2019-04-18 00:00:00,0,0,0
2019-04-18 01:00:00,0,0,0
2019-04-18 02:00:00,0,0,0
2019-04-18 03:00:00,1,0,1
2019-04-18 04:00:00,2,2,0
2019-04-18 05:00:00,11,9,2
2019-04-18 06:00:00,30,21,9
2019-04-18 07:00:00,51,39,12
2019-04-18 08:00:00,43,30,13
2019-04-18 09:00:00,23,16,7
2019-04-18 10:00:00,18,10,8
2019-04-18 11:00:00,32,22,10
2019-04-18 12:00:00,27,13,14
2019-04-18 13:00:00,26,9,17
2019-04-18 14:00:00,40,14,26
2019-04-18 15:00:00,34,18,16
2019-04-18 16:00:00,66,20,46
2019-04-18 17:00:00,69,19,50
2019-04-18 18:00:00,66,12,54
2019-04-18 19:00:00,27,12,15
2019-04-18 20:00:00,2,0,2
2019-04-18 21:00:00,11,3,8
2019-04-18 22:00:00,5,1,4
2019-04-18 23:00:00,1,1,0
2019-04-19 00:00:00,0,0,0
2019-04-19 01:00:00,0,0,0
2019-04-19 02:00:00,0,0,0
2019-04-19 03:00:00,0,0,0
2019-04-19 04:00:00,2,2,0
2019-04-19 05:00:00,11,8,3
2019-04-19 06:00:00,22,18,4
2019-04-19 07:00:00,30,20,10
2019-04-19 08:00:00,49,37,12
2019-04-19 09:00:00,28,22,6
2019-04-19 10:00:00,27,11,16
2019-04-19 11:00:00,24,11,13
2019-04-19 12:00:00,15,9,6
2019-04-19 13:00:00,18,11,7
2019-04-19 14:00:00,25,6,19
2019-04-19 15:00:00,28,7,21
2019-04-19 16:00:00,27,9,18
2019-04-19 17:00:00,47,11,36
2019-04-19 18:00:00,22,5,17
2019-04-19 19:00:00,16,3,13
2019-04-19 20:00:00,11,3,8
2019-04-19 21:00:00,7,3,4
2019-04-19 22:00:00,2,2,0
2019-04-19 23:00:00,0,0,0
2019-04-20 00:00:00,2,0,2
2019-04-20 01:00:00,0,0,0
2019-04-20 02:00:00,0,0,0
2019-04-20 03:00:00,0,0,0
2019-04-20 04:00:00,0,0,0
2019-04-20 05:00:00,1,0,1
2019-04-20 06:00:00,20,10,10
2019-04-20 07:00:00,52,16,36
2019-04-20 08:00:00,105,39,66
2019-04-20 09:00:00,132,59,73
2019-04-20 10:00:00,178,58,120
2019-04-20 11:00:00,204,84,120
2019-04-20 12:00:00,161,83,78
2019-04-20 13:00:00,174,88,86
2019-04-20 14:00:00,187,82,105
2019-04-20 15:00:00,170,85,85
2019-04-20 16:00:00,181,94,87
2019-04-20 17:00:00,126,69,57
2019-04-20 18:00:00,88,49,39
2019-04-20 19:00:00,31,18,13
2019-04-20 20:00:00,13,6,7
2019-04-20 21:00:00,3,3,0
2019-04-20 22:00:00,4,1,3
2019-04-20 23:00:00,3,2,1
2019-04-21 00:00:00,1,0,1
2019-04-21 01:00:00,0,0,0
2019-04-21 02:00:00,0,0,0
2019-04-21 03:00:00,0,0,0
2019-04-21 04:00:00,0,0,0
2019-04-21 05:00:00,1,1,0
2019-04-21 06:00:00,15,5,10
2019-04-21 07:00:00,25,7,18
2019-04-21 08:00:00,48,11,37
2019-04-21 09:00:00,90,34,56
2019-04-21 10:00:00,137,51,86
2019-04-21 11:00:00,125,60,65
2019-04-21 12:00:00,184,77,107
2019-04-21 13:00:00,205,116,89
2019-04-21 14:00:00,189,83,106
2019-04-21 15:00:00,161,82,79
2019-04-21 16:00:00,152,61,91
2019-04-21 17:00:00,125,75,50
2019-04-21 18:00:00,87,60,27
2019-04-21 19:00:00,25,17,8
2019-04-21 20:00:00,14,8,6
2019-04-21 21:00:00,4,3,1
2019-04-21 22:00:00,0,0,0
2019-04-21 23:00:00,0,0,0
2019-04-22 00:00:00,0,0,0
2019-04-22 01:00:00,0,0,0
2019-04-22 02:00:00,0,0,0
2019-04-22 03:00:00,1,0,1
2019-04-22 04:00:00,1,0,1
2019-04-22 05:00:00,10,9,1
2019-04-22 06:00:00,43,33,10
2019-04-22 07:00:00,41,32,9
2019-04-22 08:00:00,60,51,9
2019-04-22 09:00:00,51,22,29
2019-04-22 10:00:00,32,19,13
2019-04-22 11:00:00,27,16,11
2019-04-22 12:00:00,13,8,5
2019-04-22 13:00:00,26,16,10
2019-04-22 14:00:00,21,10,11
2019-04-22 15:00:00,13,6,7
2019-04-22 16:00:00,45,9,36
2019-04-22 17:00:00,77,10,67
2019-04-22 18:00:00,53,12,41
2019-04-22 19:00:00,19,6,13
2019-04-22 20:00:00,9,4,5
2019-04-22 21:00:00,3,3,0
2019-04-22 22:00:00,2,0,2
2019-04-22 23:00:00,0,0,0
2019-04-23 00:00:00,0,0,0
2019-04-23 01:00:00,0,0,0
2019-04-23 02:00:00,0,0,0
2019-04-23 03:00:00,0,0,0
2019-04-23 04:00:00,1,1,0
2019-04-23 05:00:00,15,10,5
2019-04-23 06:00:00,45,38,7
2019-04-23 07:00:00,66,48,18
2019-04-23 08:00:00,81,70,11
2019-04-23 09:00:00,48,24,24
2019-04-23 10:00:00,37,19,18
2019-04-23 11:00:00,34,19,15
2019-04-23 12:00:00,33,16,17
2019-04-23 13:00:00,34,14,20
2019-04-23 14:00:00,40,16,24
2019-04-23 15:00:00,57,27,30
2019-04-23 16:00:00,81,21,60
2019-04-23 17:00:00,124,35,89
2019-04-23 18:00:00,113,31,82
2019-04-23 19:00:00,44,24,20
2019-04-23 20:00:00,15,4,11
2019-04-23 21:00:00,8,3,5
2019-04-23 22:00:00,2,0,2
2019-04-23 23:00:00,0,0,0
2019-04-24 00:00:00,0,0,0
2019-04-24 01:00:00,0,0,0
2019-04-24 02:00:00,2,0,2
2019-04-24 03:00:00,2,1,1
2019-04-24 04:00:00,1,1,0
2019-04-24 05:00:00,12,9,3
2019-04-24 06:00:00,49,39,10
2019-04-24 07:00:00,73,56,17
2019-04-24 08:00:00,84,60,24
2019-04-24 09:00:00,76,37,39
2019-04-24 10:00:00,44,23,21
2019-04-24 11:00:00,59,32,27
2019-04-24 12:00:00,39,21,18
2019-04-24 13:00:00,64,32,32
2019-04-24 14:00:00,89,39,50
2019-04-24 15:00:00,86,38,48
2019-04-24 16:00:00,129,51,78
2019-04-24 17:00:00,161,49,112
2019-04-24 18:00:00,163,65,98
2019-04-24 19:00:00,82,30,52
2019-04-24 20:00:00,20,7,13
2019-04-24 21:00:00,12,8,4
2019-04-24 22:00:00,0,0,0
2019-04-24 23:00:00,1,1,0
2019-04-25 00:00:00,1,0,1
2019-04-25 01:00:00,1,0,1
2019-04-25 02:00:00,0,0,0
2019-04-25 03:00:00,0,0,0
2019-04-25 04:00:00,2,1,1
2019-04-25 05:00:00,13,8,5
2019-04-25 06:00:00,33,24,9
2019-04-25 07:00:00,69,55,14
2019-04-25 08:00:00,92,67,25
2019-04-25 09:00:00,60,34,26
2019-04-25 10:00:00,55,31,24
2019-04-25 11:00:00,45,17,28
2019-04-25 12:00:00,49,27,22
2019-04-25 13:00:00,35,16,19
2019-04-25 14:00:00,66,27,39
2019-04-25 15:00:00,66,31,35
2019-04-25 16:00:00,92,40,52
2019-04-25 17:00:00,133,26,107
2019-04-25 18:00:00,83,25,58
2019-04-25 19:00:00,53,24,29
2019-04-25 20:00:00,13,5,8
2019-04-25 21:00:00,7,5,2
2019-04-25 22:00:00,4,0,4
2019-04-25 23:00:00,2,0,2
2019-04-26 00:00:00,1,0,1
2019-04-26 01:00:00,1,0,1
2019-04-26 02:00:00,1,0,1
2019-04-26 03:00:00,0,0,0
2019-04-26 04:00:00,2,2,0
2019-04-26 05:00:00,10,8,2
2019-04-26 06:00:00,37,29,8
2019-04-26 07:00:00,60,43,17
2019-04-26 08:00:00,80,58,22
2019-04-26 09:00:00,73,42,31
2019-04-26 10:00:00,62,27,35
2019-04-26 11:00:00,62,39,23
2019-04-26 12:00:00,50,28,22
2019-04-26 13:00:00,63,25,38
2019-04-26 14:00:00,78,30,48
2019-04-26 15:00:00,108,54,54
2019-04-26 16:00:00,112,39,73
2019-04-26 17:00:00,140,49,91
2019-04-26 18:00:00,92,21,71
2019-04-26 19:00:00,46,16,30
2019-04-26 20:00:00,25,14,11
2019-04-26 21:00:00,5,4,1
2019-04-26 22:00:00,4,1,3
2019-04-26 23:00:00,1,0,1
2019-04-27 00:00:00,1,0,1
2019-04-27 01:00:00,0,0,0
2019-04-27 02:00:00,0,0,0
2019-04-27 03:00:00,0,0,0
2019-04-27 04:00:00,1,1,0
2019-04-27 05:00:00,2,0,2
2019-04-27 06:00:00,13,4,9
2019-04-27 07:00:00,24,12,12
2019-04-27 08:00:00,98,32,66
2019-04-27 09:00:00,104,39,65
2019-04-27 10:00:00,138,53,85
2019-04-27 11:00:00,200,86,114
2019-04-27 12:00:00,169,72,97
2019-04-27 13:00:00,106,68,38
2019-04-27 14:00:00,99,39,60
2019-04-27 15:00:00,106,44,62
2019-04-27 16:00:00,67,43,24
2019-04-27 17:00:00,46,23,23
2019-04-27 18:00:00,51,27,24
2019-04-27 19:00:00,22,12,10
2019-04-27 20:00:00,9,4,5
2019-04-27 21:00:00,2,2,0
2019-04-27 22:00:00,0,0,0
2019-04-27 23:00:00,2,1,1
2019-04-28 00:00:00,1,1,0
2019-04-28 01:00:00,0,0,0
2019-04-28 02:00:00,0,0,0
2019-04-28 03:00:00,0,0,0
2019-04-28 04:00:00,1,1,0
2019-04-28 05:00:00,3,1,2
2019-04-28 06:00:00,12,3,9
2019-04-28 07:00:00,44,9,35
2019-04-28 08:00:00,83,36,47
2019-04-28 09:00:00,135,50,85
2019-04-28 10:00:00,139,68,71
2019-04-28 11:00:00,213,79,134
2019-04-28 12:00:00,255,123,132
2019-04-28 13:00:00,257,120,137
2019-04-28 14:00:00,244,123,121
2019-04-28 15:00:00,237,108,129
2019-04-28 16:00:00,245,152,93
2019-04-28 17:00:00,155,80,75
2019-04-28 18:00:00,78,42,36
2019-04-28 19:00:00,43,26,17
2019-04-28 20:00:00,20,14,6
2019-04-28 21:00:00,11,5,6
2019-04-28 22:00:00,0,0,0
2019-04-28 23:00:00,0,0,0
2019-04-29 00:00:00,0,0,0
2019-04-29 01:00:00,0,0,0
2019-04-29 02:00:00,0,0,0
2019-04-29 03:00:00,1,0,1
2019-04-29 04:00:00,3,2,1
2019-04-29 05:00:00,10,9,1
2019-04-29 06:00:00,61,45,16
2019-04-29 07:00:00,81,64,17
2019-04-29 08:00:00,98,80,18
2019-04-29 09:00:00,82,53,29
2019-04-29 10:00:00,66,48,18
2019-04-29 11:00:00,33,16,17
2019-04-29 12:00:00,51,27,24
2019-04-29 13:00:00,55,26,29
2019-04-29 14:00:00,69,30,39
2019-04-29 15:00:00,89,32,57
2019-04-29 16:00:00,125,37,88
2019-04-29 17:00:00,173,59,114
2019-04-29 18:00:00,131,37,94
2019-04-29 19:00:00,60,29,31
2019-04-29 20:00:00,20,5,15
2019-04-29 21:00:00,10,4,6
2019-04-29 22:00:00,1,0,1
2019-04-29 23:00:00,0,0,0
2019-04-30 00:00:00,0,0,0
2019-04-30 01:00:00,0,0,0
2019-04-30 02:00:00,0,0,0
2019-04-30 03:00:00,0,0,0
2019-04-30 04:00:00,6,5,1
2019-04-30 05:00:00,21,16,5
2019-04-30 06:00:00,63,50,13
2019-04-30 07:00:00,97,78,19
2019-04-30 08:00:00,104,86,18
2019-04-30 09:00:00,66,43,23
2019-04-30 10:00:00,71,36,35
2019-04-30 11:00:00,54,27,27
2019-04-30 12:00:00,76,42,34
2019-04-30 13:00:00,65,30,35
2019-04-30 14:00:00,84,39,45
2019-04-30 15:00:00,109,53,56
2019-04-30 16:00:00,149,47,102
2019-04-30 17:00:00,215,53,162
2019-04-30 18:00:00,141,43,98
2019-04-30 19:00:00,81,36,45
2019-04-30 20:00:00,31,7,24
2019-04-30 21:00:00,8,6,2
2019-04-30 22:00:00,6,2,4
2019-04-30 23:00:00,1,0,1
2019-08-03 20:00:00,43,24,19
2019-08-03 21:00:00,30,23,7
2019-08-03 22:00:00,3,2,1
2019-08-03 23:00:00,6,0,6
2019-08-04 00:00:00,0,0,0
2019-08-04 01:00:00,1,0,1
2019-08-04 02:00:00,2,0,2
2019-08-04 03:00:00,0,0,0
2019-08-04 04:00:00,0,0,0
2019-08-04 05:00:00,5,2,3
2019-08-04 06:00:00,17,6,11
2019-08-04 07:00:00,73,26,47
2019-08-04 08:00:00,119,55,64
2019-08-04 09:00:00,147,78,69
2019-08-04 10:00:00,252,123,129
2019-08-04 11:00:00,304,170,134
2019-08-04 12:00:00,267,145,122
2019-08-04 13:00:00,216,110,106
2019-08-04 14:00:00,203,108,95
2019-08-04 15:00:00,187,89,98
2019-08-04 16:00:00,162,65,97
2019-08-04 17:00:00,145,67,78
2019-08-04 18:00:00,93,48,45
2019-08-04 19:00:00,56,26,30
2019-08-04 20:00:00,48,31,17
2019-08-04 21:00:00,8,5,3
2019-08-04 22:00:00,3,2,1
2019-08-04 23:00:00,0,0,0
2019-08-05 00:00:00,0,0,0
2019-08-05 01:00:00,0,0,0
2019-08-05 02:00:00,0,0,0
2019-08-05 03:00:00,1,1,0
2019-08-05 04:00:00,1,1,0
2019-08-05 05:00:00,14,10,4
2019-08-05 06:00:00,68,53,15
2019-08-05 07:00:00,108,85,23
2019-08-05 08:00:00,121,93,28
2019-08-05 09:00:00,85,48,37
2019-08-05 10:00:00,105,52,53
2019-08-05 11:00:00,86,44,42
2019-08-05 12:00:00,103,55,48
2019-05-01 00:00:00,0,0,0
2019-05-01 01:00:00,0,0,0
2019-05-01 02:00:00,2,0,2
2019-05-01 03:00:00,1,0,1
2019-05-01 04:00:00,6,4,2
2019-05-01 05:00:00,18,14,4
2019-05-01 06:00:00,66,54,12
2019-05-01 07:00:00,105,90,15
2019-05-01 08:00:00,128,104,24
2019-05-01 09:00:00,75,49,26
2019-05-01 10:00:00,45,20,25
2019-05-01 11:00:00,72,44,28
2019-05-01 12:00:00,44,19,25
2019-05-01 13:00:00,71,34,37
2019-05-01 14:00:00,79,38,41
2019-05-01 15:00:00,97,42,55
2019-05-01 16:00:00,160,52,108
2019-05-01 17:00:00,212,61,151
2019-05-01 18:00:00,163,52,111
2019-05-01 19:00:00,75,32,43
2019-05-01 20:00:00,36,12,24
2019-05-01 21:00:00,13,7,6
2019-05-01 22:00:00,2,0,2
2019-05-01 23:00:00,1,1,0
2019-05-02 00:00:00,0,0,0
2019-05-02 01:00:00,0,0,0
2019-05-02 02:00:00,0,0,0
2019-05-02 03:00:00,0,0,0
2019-05-02 04:00:00,3,1,2
2019-05-02 05:00:00,9,7,2
2019-05-02 06:00:00,59,46,13
2019-05-02 07:00:00,81,71,10
2019-05-02 08:00:00,86,70,16
2019-05-02 09:00:00,62,44,18
2019-05-02 10:00:00,44,27,17
2019-05-02 11:00:00,45,25,20
2019-05-02 12:00:00,43,24,19
2019-05-02 13:00:00,46,24,22
2019-05-02 14:00:00,47,21,26
2019-05-02 15:00:00,61,18,43
2019-05-02 16:00:00,106,35,71
2019-05-02 17:00:00,162,30,132
2019-05-02 18:00:00,114,38,76
2019-05-02 19:00:00,48,17,31
2019-05-02 20:00:00,15,3,12
2019-05-02 21:00:00,15,5,10
2019-05-02 22:00:00,5,2,3
2019-05-02 23:00:00,4,2,2
2019-05-03 00:00:00,2,0,2
2019-05-03 01:00:00,3,2,1
2019-05-03 02:00:00,0,0,0
2019-05-03 03:00:00,2,0,2
2019-05-03 04:00:00,5,4,1
2019-05-03 05:00:00,11,8,3
2019-05-03 06:00:00,53,40,13
2019-05-03 07:00:00,83,64,19
2019-05-03 08:00:00,88,69,19
2019-05-03 09:00:00,55,35,20
2019-05-03 10:00:00,47,19,28
2019-05-03 11:00:00,55,27,28
2019-05-03 12:00:00,56,27,29
2019-05-03 13:00:00,45,13,32
2019-05-03 14:00:00,61,26,35
2019-05-03 15:00:00,84,38,46
2019-05-03 16:00:00,139,43,96
2019-05-03 17:00:00,142,43,99
2019-05-03 18:00:00,123,41,82
2019-05-03 19:00:00,56,22,34
2019-05-03 20:00:00,21,10,11
2019-05-03 21:00:00,7,3,4
2019-05-03 22:00:00,3,2,1
2019-05-03 23:00:00,2,0,2
2019-05-04 00:00:00,0,0,0
2019-05-04 01:00:00,1,0,1
2019-05-04 02:00:00,0,0,0
2019-05-04 03:00:00,0,0,0
2019-05-04 04:00:00,0,0,0
2019-05-04 05:00:00,3,0,3
2019-05-04 06:00:00,22,8,14
2019-05-04 07:00:00,59,23,36
2019-05-04 08:00:00,123,40,83
2019-05-04 09:00:00,174,80,94
2019-05-04 10:00:00,195,104,91
2019-05-04 11:00:00,231,109,122
2019-05-04 12:00:00,304,109,195
2019-05-04 13:00:00,288,109,179
2019-05-04 14:00:00,254,88,166
2019-05-04 15:00:00,219,127,92
2019-05-04 16:00:00,178,87,91
2019-05-04 17:00:00,119,66,53
2019-05-04 18:00:00,94,35,59
2019-05-04 19:00:00,73,47,26
2019-05-04 20:00:00,21,11,10
2019-05-04 21:00:00,14,11,3
2019-05-04 22:00:00,6,4,2
2019-05-04 23:00:00,4,0,4
2019-05-05 00:00:00,2,0,2
2019-05-05 01:00:00,1,0,1
2019-05-05 02:00:00,1,0,1
2019-05-05 03:00:00,1,0,1
2019-05-05 04:00:00,1,0,1
2019-05-05 05:00:00,2,2,0
2019-05-05 06:00:00,26,11,15
2019-05-05 07:00:00,43,12,31
2019-05-05 08:00:00,107,37,70
2019-05-05 09:00:00,170,64,106
2019-05-05 10:00:00,189,82,107
2019-05-05 11:00:00,262,100,162
2019-05-05 12:00:00,274,133,141
2019-05-05 13:00:00,327,138,189
2019-05-05 14:00:00,284,139,145
2019-05-05 15:00:00,262,150,112
2019-05-05 16:00:00,210,101,109
2019-05-05 17:00:00,155,101,54
2019-05-05 18:00:00,96,48,48
2019-05-05 19:00:00,65,42,23
2019-05-05 20:00:00,12,7,5
2019-05-05 21:00:00,3,1,2
2019-05-05 22:00:00,1,1,0
2019-05-05 23:00:00,1,0,1
2019-05-06 00:00:00,1,0,1
2019-05-06 01:00:00,0,0,0
2019-05-06 02:00:00,0,0,0
2019-05-06 03:00:00,0,0,0
2019-05-06 04:00:00,3,2,1
2019-05-06 05:00:00,17,13,4
2019-05-06 06:00:00,59,47,12
2019-05-06 07:00:00,98,77,21
2019-05-06 08:00:00,113,93,20
2019-05-06 09:00:00,67,38,29
2019-05-06 10:00:00,47,25,22
2019-05-06 11:00:00,55,30,25
2019-05-06 12:00:00,79,35,44
2019-05-06 13:00:00,78,44,34
2019-05-06 14:00:00,80,35,45
2019-05-06 15:00:00,77,27,50
2019-05-06 16:00:00,134,43,91
2019-05-06 17:00:00,179,44,135
2019-05-06 18:00:00,198,61,137
2019-05-06 19:00:00,86,41,45
2019-05-06 20:00:00,25,8,17
2019-05-06 21:00:00,13,9,4
2019-05-06 22:00:00,4,3,1
2019-05-06 23:00:00,1,0,1
2019-05-07 00:00:00,0,0,0
2019-05-07 01:00:00,0,0,0
2019-05-07 02:00:00,0,0,0
2019-05-07 03:00:00,0,0,0
2019-05-07 04:00:00,5,3,2
2019-05-07 05:00:00,21,13,8
2019-05-07 06:00:00,72,52,20
2019-05-07 07:00:00,121,94,27
2019-05-07 08:00:00,123,98,25
2019-05-07 09:00:00,89,61,28
2019-05-07 10:00:00,71,22,49
2019-05-07 11:00:00,76,45,31
2019-05-07 12:00:00,76,40,36
2019-05-07 13:00:00,55,23,32
2019-05-07 14:00:00,74,31,43
2019-05-07 15:00:00,87,32,55
2019-05-07 16:00:00,163,54,109
2019-05-07 17:00:00,223,60,163
2019-05-07 18:00:00,196,72,124
2019-05-07 19:00:00,116,51,65
2019-05-07 20:00:00,51,26,25
2019-05-07 21:00:00,10,5,5
2019-05-07 22:00:00,1,0,1
2019-05-07 23:00:00,2,0,2
2019-05-08 00:00:00,1,1,0
2019-05-08 01:00:00,0,0,0
2019-05-08 02:00:00,1,0,1
2019-05-08 03:00:00,1,0,1
2019-05-08 04:00:00,5,2,3
2019-05-08 05:00:00,16,15,1
2019-05-08 06:00:00,71,55,16
2019-05-08 07:00:00,126,99,27
2019-05-08 08:00:00,132,103,29
2019-05-08 09:00:00,63,38,25
2019-05-08 10:00:00,77,42,35
2019-05-08 11:00:00,63,35,28
2019-05-08 12:00:00,58,22,36
2019-05-08 13:00:00,82,52,30
2019-05-08 14:00:00,80,30,50
2019-05-08 15:00:00,91,39,52
2019-05-08 16:00:00,142,51,91
2019-05-08 17:00:00,229,61,168
2019-05-08 18:00:00,174,51,123
2019-05-08 19:00:00,107,46,61
2019-05-08 20:00:00,55,25,30
2019-05-08 21:00:00,12,6,6
2019-05-08 22:00:00,3,1,2
2019-05-08 23:00:00,4,2,2
2019-05-09 00:00:00,2,2,0
2019-05-09 01:00:00,0,0,0
2019-05-09 02:00:00,0,0,0
2019-05-09 03:00:00,1,0,1
2019-05-09 04:00:00,1,1,0
2019-05-09 05:00:00,26,17,9
2019-05-09 06:00:00,77,51,26
2019-05-09 07:00:00,111,83,28
2019-05-09 08:00:00,104,80,24
2019-05-09 09:00:00,104,52,52
2019-05-09 10:00:00,82,32,50
2019-05-09 11:00:00,102,52,50
2019-05-09 12:00:00,95,55,40
2019-05-09 13:00:00,83,27,56
2019-05-09 14:00:00,76,33,43
2019-05-09 15:00:00,80,33,47
2019-05-09 16:00:00,145,47,98
2019-05-09 17:00:00,199,44,155
2019-05-09 18:00:00,199,59,140
2019-05-09 19:00:00,95,47,48
2019-05-09 20:00:00,45,23,22
2019-05-09 21:00:00,20,12,8
2019-05-09 22:00:00,1,0,1
2019-05-09 23:00:00,3,1,2
2019-05-10 00:00:00,0,0,0
2019-05-10 01:00:00,0,0,0
2019-05-10 02:00:00,0,0,0
2019-05-10 03:00:00,1,0,1
2019-05-10 04:00:00,7,3,4
2019-05-10 05:00:00,14,11,3
2019-05-10 06:00:00,60,52,8
2019-05-10 07:00:00,109,79,30
2019-05-10 08:00:00,130,92,38
2019-05-10 09:00:00,104,63,41
2019-05-10 10:00:00,62,37,25
2019-05-10 11:00:00,88,38,50
2019-05-10 12:00:00,76,35,41
2019-05-10 13:00:00,89,39,50
2019-05-10 14:00:00,86,32,54
2019-05-10 15:00:00,135,57,78
2019-05-10 16:00:00,150,36,114
2019-05-10 17:00:00,203,59,144
2019-05-10 18:00:00,143,53,90
2019-05-10 19:00:00,75,34,41
2019-05-10 20:00:00,39,16,23
2019-05-10 21:00:00,16,6,10
2019-05-10 22:00:00,10,2,8
2019-05-10 23:00:00,1,0,1
2019-05-11 00:00:00,2,0,2
2019-05-11 01:00:00,0,0,0
2019-05-11 02:00:00,0,0,0
2019-05-11 03:00:00,0,0,0
2019-05-11 04:00:00,1,0,1
2019-05-11 05:00:00,5,0,5
2019-05-11 06:00:00,39,16,23
2019-05-11 07:00:00,98,37,61
2019-05-11 08:00:00,167,66,101
2019-05-11 09:00:00,196,79,117
2019-05-11 10:00:00,296,132,164
2019-05-11 11:00:00,301,126,175
2019-05-11 12:00:00,255,111,144
2019-05-11 13:00:00,231,93,138
2019-05-11 14:00:00,262,134,128
2019-05-11 15:00:00,202,102,100
2019-05-11 16:00:00,155,55,100
2019-05-11 17:00:00,153,88,65
2019-05-11 18:00:00,100,56,44
2019-05-11 19:00:00,68,32,36
2019-05-11 20:00:00,44,23,21
2019-05-11 21:00:00,16,3,13
2019-05-11 22:00:00,3,2,1
2019-05-11 23:00:00,2,1,1
2019-05-12 00:00:00,0,0,0
2019-05-12 01:00:00,1,0,1
2019-05-12 02:00:00,1,0,1
2019-05-12 03:00:00,1,1,0
2019-05-12 04:00:00,2,0,2
2019-05-12 05:00:00,6,4,2
2019-05-12 06:00:00,14,3,11
2019-05-12 07:00:00,39,17,22
2019-05-12 08:00:00,57,20,37
2019-05-12 09:00:00,91,43,48
2019-05-12 10:00:00,148,55,93
2019-05-12 11:00:00,169,61,108
2019-05-12 12:00:00,160,67,93
2019-05-12 13:00:00,177,89,88
2019-05-12 14:00:00,179,84,95
2019-05-12 15:00:00,145,79,66
2019-05-12 16:00:00,189,82,107
2019-05-12 17:00:00,144,92,52
2019-05-12 18:00:00,94,56,38
2019-05-12 19:00:00,60,37,23
2019-05-12 20:00:00,25,16,9
2019-05-12 21:00:00,5,3,2
2019-05-12 22:00:00,2,1,1
2019-05-12 23:00:00,0,0,0
2019-05-13 00:00:00,0,0,0
2019-05-13 01:00:00,0,0,0
2019-05-13 02:00:00,0,0,0
2019-05-13 03:00:00,0,0,0
2019-05-13 04:00:00,2,1,1
2019-05-13 05:00:00,13,8,5
2019-05-13 06:00:00,54,43,11
2019-05-13 07:00:00,85,74,11
2019-05-13 08:00:00,90,73,17
2019-05-13 09:00:00,89,54,35
2019-05-13 10:00:00,61,40,21
2019-05-13 11:00:00,56,26,30
2019-05-13 12:00:00,58,23,35
2019-05-13 13:00:00,34,18,16
2019-05-13 14:00:00,49,20,29
2019-05-13 15:00:00,89,43,46
2019-05-13 16:00:00,120,33,87
2019-05-13 17:00:00,180,53,127
2019-05-13 18:00:00,153,47,106
2019-05-13 19:00:00,90,37,53
2019-05-13 20:00:00,42,24,18
2019-05-13 21:00:00,9,4,5
2019-05-13 22:00:00,1,0,1
2019-05-13 23:00:00,2,0,2
2019-05-14 00:00:00,0,0,0
2019-05-14 01:00:00,1,0,1
2019-05-14 02:00:00,0,0,0
2019-05-14 03:00:00,1,0,1
2019-05-14 04:00:00,2,1,1
2019-05-14 05:00:00,17,13,4
2019-05-14 06:00:00,43,33,10
2019-05-14 07:00:00,78,61,17
2019-05-14 08:00:00,62,45,17
2019-05-14 09:00:00,29,16,13
2019-05-14 10:00:00,22,16,6
2019-05-14 11:00:00,8,3,5
2019-05-14 12:00:00,18,4,14
2019-05-14 13:00:00,20,9,11
2019-05-14 14:00:00,23,5,18
2019-05-14 15:00:00,33,19,14
2019-05-14 16:00:00,67,14,53
2019-05-14 17:00:00,96,22,74
2019-05-14 18:00:00,91,28,63
2019-05-14 19:00:00,46,22,24
2019-05-14 20:00:00,25,16,9
2019-05-14 21:00:00,16,13,3
2019-05-14 22:00:00,0,0,0
2019-05-14 23:00:00,2,0,2
2019-05-15 00:00:00,1,1,0
2019-05-15 01:00:00,0,0,0
2019-05-15 02:00:00,1,0,1
2019-05-15 03:00:00,1,0,1
2019-05-15 04:00:00,2,2,0
2019-05-15 05:00:00,17,13,4
2019-05-15 06:00:00,61,46,15
2019-05-15 07:00:00,102,79,23
2019-05-15 08:00:00,108,83,25
2019-05-15 09:00:00,66,35,31
2019-05-15 10:00:00,72,42,30
2019-05-15 11:00:00,55,32,23
2019-05-15 12:00:00,57,26,31
2019-05-15 13:00:00,71,29,42
2019-05-15 14:00:00,69,32,37
2019-05-15 15:00:00,76,29,47
2019-05-15 16:00:00,109,38,71
2019-05-15 17:00:00,120,21,99
2019-05-15 18:00:00,77,21,56
2019-05-15 19:00:00,39,10,29
2019-05-15 20:00:00,12,8,4
2019-05-15 21:00:00,5,4,1
2019-05-15 22:00:00,5,1,4
2019-05-15 23:00:00,1,0,1
2019-05-16 00:00:00,4,0,4
2019-05-16 01:00:00,2,2,0
2019-05-16 02:00:00,0,0,0
2019-05-16 03:00:00,0,0,0
2019-05-16 04:00:00,3,3,0
2019-05-16 05:00:00,18,13,5
2019-05-16 06:00:00,35,27,8
2019-05-16 07:00:00,79,64,15
2019-05-16 08:00:00,79,61,18
2019-05-16 09:00:00,55,30,25
2019-05-16 10:00:00,49,25,24
2019-05-16 11:00:00,26,11,15
2019-05-16 12:00:00,26,12,14
2019-05-16 13:00:00,31,11,20
2019-05-16 14:00:00,31,12,19
2019-05-16 15:00:00,31,15,16
2019-05-16 16:00:00,55,11,44
2019-05-16 17:00:00,93,19,74
2019-05-16 18:00:00,76,19,57
2019-05-16 19:00:00,44,16,28
2019-05-16 20:00:00,18,9,9
2019-05-16 21:00:00,8,2,6
2019-05-16 22:00:00,1,0,1
2019-05-16 23:00:00,0,0,0
2019-05-17 00:00:00,0,0,0
2019-05-17 01:00:00,1,0,1
2019-05-17 02:00:00,0,0,0
2019-05-17 03:00:00,0,0,0
2019-05-17 04:00:00,3,2,1
2019-05-17 05:00:00,12,10,2
2019-05-17 06:00:00,58,46,12
2019-05-17 07:00:00,74,58,16
2019-05-17 08:00:00,79,55,24
2019-05-17 09:00:00,44,34,10
2019-05-17 10:00:00,44,24,20
2019-05-17 11:00:00,27,14,13
2019-05-17 12:00:00,41,22,19
2019-05-17 13:00:00,45,9,36
2019-05-17 14:00:00,52,18,34
2019-05-17 15:00:00,78,34,44
2019-05-17 16:00:00,114,31,83
2019-05-17 17:00:00,120,37,83
2019-05-17 18:00:00,112,31,81
2019-05-17 19:00:00,54,19,35
2019-05-17 20:00:00,28,12,16
2019-05-17 21:00:00,11,5,6
2019-05-17 22:00:00,0,0,0
2019-05-17 23:00:00,2,0,2
2019-05-18 00:00:00,2,0,2
2019-05-18 01:00:00,0,0,0
2019-05-18 02:00:00,0,0,0
2019-05-18 03:00:00,0,0,0
2019-05-18 04:00:00,2,1,1
2019-05-18 05:00:00,9,4,5
2019-05-18 06:00:00,33,14,19
2019-05-18 07:00:00,85,34,51
2019-05-18 08:00:00,148,60,88
2019-05-18 09:00:00,181,83,98
2019-05-18 10:00:00,261,111,150
2019-05-18 11:00:00,262,99,163
2019-05-18 12:00:00,287,119,168
2019-05-18 13:00:00,296,143,153
2019-05-18 14:00:00,267,128,139
2019-05-18 15:00:00,241,135,106
2019-05-18 16:00:00,196,103,93
2019-05-18 17:00:00,194,99,95
2019-05-18 18:00:00,117,61,56
2019-05-18 19:00:00,56,24,32
2019-05-18 20:00:00,24,8,16
2019-05-18 21:00:00,5,0,5
2019-05-18 22:00:00,10,6,4
2019-05-18 23:00:00,1,1,0
2019-05-19 00:00:00,1,0,1
2019-05-19 01:00:00,1,0,1
2019-05-19 02:00:00,2,0,2
2019-05-19 03:00:00,0,0,0
2019-05-19 04:00:00,1,1,0
2019-05-19 05:00:00,4,3,1
2019-05-19 06:00:00,7,1,6
2019-05-19 07:00:00,32,12,20
2019-05-19 08:00:00,56,23,33
2019-05-19 09:00:00,100,43,57
2019-05-19 10:00:00,133,34,99
2019-05-19 11:00:00,159,73,86
2019-05-19 12:00:00,176,85,91
2019-05-19 13:00:00,203,101,102
2019-05-19 14:00:00,180,84,96
2019-05-19 15:00:00,172,99,73
2019-05-19 16:00:00,206,102,104
2019-05-19 17:00:00,137,86,51
2019-05-19 18:00:00,71,43,28
2019-05-19 19:00:00,33,20,13
2019-05-19 20:00:00,14,7,7
2019-05-19 21:00:00,6,4,2
2019-05-19 22:00:00,2,1,1
2019-05-19 23:00:00,3,0,3
2019-05-20 00:00:00,0,0,0
2019-05-20 01:00:00,0,0,0
2019-05-20 02:00:00,0,0,0
2019-05-20 03:00:00,0,0,0
2019-05-20 04:00:00,1,1,0
2019-05-20 05:00:00,14,10,4
2019-05-20 06:00:00,44,36,8
2019-05-20 07:00:00,60,47,13
2019-05-20 08:00:00,63,45,18
2019-05-20 09:00:00,37,23,14
2019-05-20 10:00:00,23,16,7
2019-05-20 11:00:00,16,6,10
2019-05-20 12:00:00,13,5,8
2019-05-20 13:00:00,26,16,10
2019-05-20 14:00:00,26,10,16
2019-05-20 15:00:00,28,9,19
2019-05-20 16:00:00,51,6,45
2019-05-20 17:00:00,72,11,61
2019-05-20 18:00:00,47,11,36
2019-05-20 19:00:00,26,9,17
2019-05-20 20:00:00,8,3,5
2019-05-20 21:00:00,4,2,2
2019-05-20 22:00:00,1,0,1
2019-05-20 23:00:00,0,0,0
2019-05-21 00:00:00,0,0,0
2019-05-21 01:00:00,0,0,0
2019-05-21 02:00:00,0,0,0
2019-05-21 03:00:00,0,0,0
2019-05-21 04:00:00,1,1,0
2019-05-21 05:00:00,17,13,4
2019-05-21 06:00:00,45,36,9
2019-05-21 07:00:00,75,56,19
2019-05-21 08:00:00,75,60,15
2019-05-21 09:00:00,54,43,11
2019-05-21 10:00:00,32,12,20
2019-05-21 11:00:00,49,23,26
2019-05-21 12:00:00,21,9,12
2019-05-21 13:00:00,33,14,19
2019-05-21 14:00:00,59,32,27
2019-05-21 15:00:00,70,30,40
2019-05-21 16:00:00,105,32,73
2019-05-21 17:00:00,139,34,105
2019-05-21 18:00:00,129,38,91
2019-05-21 19:00:00,85,44,41
2019-05-21 20:00:00,27,15,12
2019-05-21 21:00:00,18,7,11
2019-05-21 22:00:00,0,0,0
2019-05-21 23:00:00,4,0,4
2019-05-22 00:00:00,0,0,0
2019-05-22 01:00:00,0,0,0
2019-05-22 02:00:00,1,0,1
2019-05-22 03:00:00,0,0,0
2019-05-22 04:00:00,4,4,0
2019-05-22 05:00:00,19,16,3
2019-05-22 06:00:00,71,60,11
2019-05-22 07:00:00,135,98,37
2019-05-22 08:00:00,117,88,29
2019-05-22 09:00:00,90,53,37
2019-05-22 10:00:00,81,39,42
2019-05-22 11:00:00,59,21,38
2019-05-22 12:00:00,68,34,34
2019-05-22 13:00:00,72,29,43
2019-05-22 14:00:00,82,42,40
2019-05-22 15:00:00,114,49,65
2019-05-22 16:00:00,173,52,121
2019-05-22 17:00:00,222,63,159
2019-05-22 18:00:00,204,80,124
2019-05-22 19:00:00,120,52,68
2019-05-22 20:00:00,60,30,30
2019-05-22 21:00:00,20,15,5
2019-05-22 22:00:00,9,3,6
2019-05-22 23:00:00,2,1,1
2019-05-23 00:00:00,5,2,3
2019-05-23 01:00:00,0,0,0
2019-05-23 02:00:00,0,0,0
2019-05-23 03:00:00,0,0,0
2019-05-23 04:00:00,3,2,1
2019-05-23 05:00:00,24,18,6
2019-05-23 06:00:00,71,55,16
2019-05-23 07:00:00,123,97,26
2019-05-23 08:00:00,119,89,30
2019-05-23 09:00:00,82,55,27
2019-05-23 10:00:00,71,42,29
2019-05-23 11:00:00,78,40,38
2019-05-23 12:00:00,79,32,47
2019-05-23 13:00:00,77,38,39
2019-05-23 14:00:00,103,36,67
2019-05-23 15:00:00,104,40,64
2019-05-23 16:00:00,160,37,123
2019-05-23 17:00:00,213,53,160
2019-05-23 18:00:00,179,72,107
2019-05-23 19:00:00,119,45,74
2019-05-23 20:00:00,43,24,19
2019-05-23 21:00:00,22,11,11
2019-05-23 22:00:00,7,0,7
2019-05-23 23:00:00,1,1,0
2019-05-24 00:00:00,0,0,0
2019-05-24 01:00:00,1,0,1
2019-05-24 02:00:00,0,0,0
2019-05-24 03:00:00,0,0,0
2019-05-24 04:00:00,3,3,0
2019-05-24 05:00:00,11,7,4
2019-05-24 06:00:00,39,33,6
2019-05-24 07:00:00,77,58,19
2019-05-24 08:00:00,54,42,12
2019-05-24 09:00:00,46,31,15
2019-05-24 10:00:00,30,19,11
2019-05-24 11:00:00,33,21,12
2019-05-24 12:00:00,33,16,17
2019-05-24 13:00:00,53,26,27
2019-05-24 14:00:00,49,17,32
2019-05-24 15:00:00,73,27,46
2019-05-24 16:00:00,104,32,72
2019-05-24 17:00:00,83,22,61
2019-05-24 18:00:00,63,29,34
2019-05-24 19:00:00,28,9,19
2019-05-24 20:00:00,14,7,7
2019-05-24 21:00:00,12,6,6
2019-05-24 22:00:00,3,1,2
2019-05-24 23:00:00,5,3,2
2019-05-25 00:00:00,1,0,1
2019-05-25 01:00:00,1,0,1
2019-05-25 02:00:00,0,0,0
2019-05-25 03:00:00,0,0,0
2019-05-25 04:00:00,1,1,0
2019-05-25 05:00:00,7,1,6
2019-05-25 06:00:00,25,12,13
2019-05-25 07:00:00,55,12,43
2019-05-25 08:00:00,76,29,47
2019-05-25 09:00:00,98,42,56
2019-05-25 10:00:00,87,33,54
2019-05-25 11:00:00,60,31,29
2019-05-25 12:00:00,47,28,19
2019-05-25 13:00:00,28,15,13
2019-05-25 14:00:00,30,13,17
2019-05-25 15:00:00,17,11,6
2019-05-25 16:00:00,9,7,2
2019-05-25 17:00:00,13,8,5
2019-05-25 18:00:00,4,2,2
2019-05-25 19:00:00,10,4,6
2019-05-25 20:00:00,10,5,5
2019-05-25 21:00:00,2,2,0
2019-05-25 22:00:00,0,0,0
2019-05-25 23:00:00,2,1,1
2019-05-26 00:00:00,0,0,0
2019-05-26 01:00:00,0,0,0
2019-05-26 02:00:00,0,0,0
2019-05-26 03:00:00,0,0,0
2019-05-26 04:00:00,1,0,1
2019-05-26 05:00:00,4,3,1
2019-05-26 06:00:00,22,17,5
2019-05-26 07:00:00,42,12,30
2019-05-26 08:00:00,59,19,40
2019-05-26 09:00:00,106,41,65
2019-05-26 10:00:00,163,61,102
2019-05-26 11:00:00,196,53,143
2019-05-26 12:00:00,194,76,118
2019-05-26 13:00:00,232,89,143
2019-05-26 14:00:00,239,121,118
2019-05-26 15:00:00,211,90,121
2019-05-26 16:00:00,199,97,102
2019-05-26 17:00:00,172,113,59
2019-05-26 18:00:00,131,74,57
2019-05-26 19:00:00,101,62,39
2019-05-26 20:00:00,24,15,9
2019-05-26 21:00:00,9,2,7
2019-05-26 22:00:00,9,0,9
2019-05-26 23:00:00,2,2,0
2019-05-27 00:00:00,0,0,0
2019-05-27 01:00:00,1,0,1
2019-05-27 02:00:00,0,0,0
2019-05-27 03:00:00,0,0,0
2019-05-27 04:00:00,2,0,2
2019-05-27 05:00:00,12,7,5
2019-05-27 06:00:00,25,9,16
2019-05-27 07:00:00,47,21,26
2019-05-27 08:00:00,90,36,54
2019-05-27 09:00:00,173,79,94
2019-05-27 10:00:00,307,110,197
2019-05-27 11:00:00,410,165,245
2019-05-27 12:00:00,379,199,180
2019-05-27 13:00:00,405,184,221
2019-05-27 14:00:00,361,155,206
2019-05-27 15:00:00,324,180,144
2019-05-27 16:00:00,270,139,131
2019-05-27 17:00:00,194,106,88
2019-05-27 18:00:00,106,67,39
2019-05-27 19:00:00,78,35,43
2019-05-27 20:00:00,42,29,13
2019-05-27 21:00:00,9,3,6
2019-05-27 22:00:00,3,3,0
2019-05-27 23:00:00,2,0,2
2019-05-28 00:00:00,3,1,2
2019-05-28 01:00:00,0,0,0
2019-05-28 02:00:00,1,1,0
2019-05-28 03:00:00,1,0,1
2019-05-28 04:00:00,6,3,3
2019-05-28 05:00:00,23,18,5
2019-05-28 06:00:00,65,55,10
2019-05-28 07:00:00,102,81,21
2019-05-28 08:00:00,83,69,14
2019-05-28 09:00:00,71,44,27
2019-05-28 10:00:00,30,17,13
2019-05-28 11:00:00,51,23,28
2019-05-28 12:00:00,53,24,29
2019-05-28 13:00:00,51,30,21
2019-05-28 14:00:00,63,27,36
2019-05-28 15:00:00,58,24,34
2019-05-28 16:00:00,112,26,86
2019-05-28 17:00:00,168,43,125
2019-05-28 18:00:00,145,43,102
2019-05-28 19:00:00,80,28,52
2019-05-28 20:00:00,34,19,15
2019-05-28 21:00:00,23,14,9
2019-05-28 22:00:00,3,1,2
2019-05-28 23:00:00,2,0,2
2019-05-29 00:00:00,0,0,0
2019-05-29 01:00:00,0,0,0
2019-05-29 02:00:00,1,0,1
2019-05-29 03:00:00,0,0,0
2019-05-29 04:00:00,6,4,2
2019-05-29 05:00:00,19,17,2
2019-05-29 06:00:00,71,53,18
2019-05-29 07:00:00,102,80,22
2019-05-29 08:00:00,122,87,35
2019-05-29 09:00:00,82,55,27
2019-05-29 10:00:00,51,25,26
2019-05-29 11:00:00,40,22,18
2019-05-29 12:00:00,31,19,12
2019-05-29 13:00:00,71,35,36
2019-05-29 14:00:00,55,23,32
2019-05-29 15:00:00,81,29,52
2019-05-29 16:00:00,148,55,93
2019-05-29 17:00:00,210,59,151
2019-05-29 18:00:00,170,50,120
2019-05-29 19:00:00,114,54,60
2019-05-29 20:00:00,52,26,26
2019-05-29 21:00:00,22,14,8
2019-05-29 22:00:00,5,2,3
2019-05-29 23:00:00,6,3,3
2019-05-30 00:00:00,0,0,0
2019-05-30 01:00:00,0,0,0
2019-05-30 02:00:00,0,0,0
2019-05-30 03:00:00,0,0,0
2019-05-30 04:00:00,5,4,1
2019-05-30 05:00:00,24,16,8
2019-05-30 06:00:00,62,50,12
2019-05-30 07:00:00,113,86,27
2019-05-30 08:00:00,117,91,26
2019-05-30 09:00:00,68,44,24
2019-05-30 10:00:00,55,28,27
2019-05-30 11:00:00,38,21,17
2019-05-30 12:00:00,47,20,27
2019-05-30 13:00:00,69,35,34
2019-05-30 14:00:00,64,23,41
2019-05-30 15:00:00,106,44,62
2019-05-30 16:00:00,129,26,103
2019-05-30 17:00:00,212,59,153
2019-05-30 18:00:00,182,59,123
2019-05-30 19:00:00,98,52,46
2019-05-30 20:00:00,53,22,31
2019-05-30 21:00:00,21,7,14
2019-05-30 22:00:00,4,2,2
2019-05-30 23:00:00,4,2,2
2019-05-31 00:00:00,4,1,3
2019-05-31 01:00:00,0,0,0
2019-05-31 02:00:00,3,1,2
2019-05-31 03:00:00,0,0,0
2019-05-31 04:00:00,6,2,4
2019-05-31 05:00:00,23,15,8
2019-05-31 06:00:00,58,49,9
2019-05-31 07:00:00,102,76,26
2019-05-31 08:00:00,108,80,28
2019-05-31 09:00:00,70,47,23
2019-05-31 10:00:00,49,14,35
2019-05-31 11:00:00,71,38,33
2019-05-31 12:00:00,68,34,34
2019-05-31 13:00:00,70,26,44
2019-05-31 14:00:00,81,27,54
2019-05-31 15:00:00,107,47,60
2019-05-31 16:00:00,149,53,96
2019-05-31 17:00:00,176,51,125
2019-05-31 18:00:00,127,41,86
2019-05-31 19:00:00,80,29,51
2019-05-31 20:00:00,55,24,31
2019-05-31 21:00:00,15,6,9
2019-05-31 22:00:00,18,5,13
2019-05-31 23:00:00,5,0,5
2019-08-05 13:00:00,51,26,25
2019-08-05 14:00:00,83,32,51
2019-08-05 15:00:00,91,32,59
2019-08-05 16:00:00,133,25,108
2019-08-05 17:00:00,168,73,95
2019-08-05 18:00:00,151,35,116
2019-08-05 19:00:00,127,54,73
2019-08-05 20:00:00,54,28,26
2019-08-05 21:00:00,15,8,7
2019-08-05 22:00:00,3,3,0
2019-08-05 23:00:00,0,0,0
2019-08-06 00:00:00,1,0,1
2019-06-01 00:00:00,2,1,1
2019-06-01 01:00:00,0,0,0
2019-06-01 02:00:00,0,0,0
2019-06-01 03:00:00,0,0,0
2019-06-01 04:00:00,0,0,0
2019-06-01 05:00:00,8,2,6
2019-06-01 06:00:00,27,13,14
2019-06-01 07:00:00,56,26,30
2019-06-01 08:00:00,119,45,74
2019-06-01 09:00:00,166,62,104
2019-06-01 10:00:00,164,68,96
2019-06-01 11:00:00,240,109,131
2019-06-01 12:00:00,179,86,93
2019-06-01 13:00:00,182,80,102
2019-06-01 14:00:00,198,100,98
2019-06-01 15:00:00,232,109,123
2019-06-01 16:00:00,180,104,76
2019-06-01 17:00:00,167,100,67
2019-06-01 18:00:00,114,57,57
2019-06-01 19:00:00,67,35,32
2019-06-01 20:00:00,40,21,19
2019-06-01 21:00:00,8,4,4
2019-06-01 22:00:00,6,1,5
2019-06-01 23:00:00,1,0,1
2019-06-02 00:00:00,1,0,1
2019-06-02 01:00:00,0,0,0
2019-06-02 02:00:00,0,0,0
2019-06-02 03:00:00,0,0,0
2019-06-02 04:00:00,0,0,0
2019-06-02 05:00:00,5,1,4
2019-06-02 06:00:00,26,7,19
2019-06-02 07:00:00,51,24,27
2019-06-02 08:00:00,118,49,69
2019-06-02 09:00:00,175,69,106
2019-06-02 10:00:00,201,83,118
2019-06-02 11:00:00,266,110,156
2019-06-02 12:00:00,267,129,138
2019-06-02 13:00:00,265,118,147
2019-06-02 14:00:00,223,107,116
2019-06-02 15:00:00,223,110,113
2019-06-02 16:00:00,195,115,80
2019-06-02 17:00:00,197,100,97
2019-06-02 18:00:00,87,42,45
2019-06-02 19:00:00,70,43,27
2019-06-02 20:00:00,39,26,13
2019-06-02 21:00:00,8,2,6
2019-06-02 22:00:00,5,3,2
2019-06-02 23:00:00,2,2,0
2019-06-03 00:00:00,0,0,0
2019-06-03 01:00:00,0,0,0
2019-06-03 02:00:00,0,0,0
2019-06-03 03:00:00,0,0,0
2019-06-03 04:00:00,3,2,1
2019-06-03 05:00:00,16,12,4
2019-06-03 06:00:00,71,62,9
2019-06-03 07:00:00,83,65,18
2019-06-03 08:00:00,97,79,18
2019-06-03 09:00:00,64,41,23
2019-06-03 10:00:00,54,31,23
2019-06-03 11:00:00,37,21,16
2019-06-03 12:00:00,44,23,21
2019-06-03 13:00:00,45,17,28
2019-06-03 14:00:00,50,21,29
2019-06-03 15:00:00,61,23,38
2019-06-03 16:00:00,117,32,85
2019-06-03 17:00:00,192,49,143
2019-06-03 18:00:00,133,35,98
2019-06-03 19:00:00,95,37,58
2019-06-03 20:00:00,44,24,20
2019-06-03 21:00:00,15,8,7
2019-06-03 22:00:00,7,4,3
2019-06-03 23:00:00,0,0,0
2019-06-04 00:00:00,0,0,0
2019-06-04 01:00:00,0,0,0
2019-06-04 02:00:00,0,0,0
2019-06-04 03:00:00,0,0,0
2019-06-04 04:00:00,2,2,0
2019-06-04 05:00:00,30,19,11
2019-06-04 06:00:00,75,60,15
2019-06-04 07:00:00,112,85,27
2019-06-04 08:00:00,112,87,25
2019-06-04 09:00:00,84,49,35
2019-06-04 10:00:00,52,26,26
2019-06-04 11:00:00,55,24,31
2019-06-04 12:00:00,57,22,35
2019-06-04 13:00:00,81,44,37
2019-06-04 14:00:00,74,31,43
2019-06-04 15:00:00,95,40,55
2019-06-04 16:00:00,136,37,99
2019-06-04 17:00:00,226,61,165
2019-06-04 18:00:00,198,78,120
2019-06-04 19:00:00,110,46,64
2019-06-04 20:00:00,40,19,21
2019-06-04 21:00:00,14,6,8
2019-06-04 22:00:00,3,2,1
2019-06-04 23:00:00,1,0,1
2019-06-05 00:00:00,0,0,0
2019-06-05 01:00:00,0,0,0
2019-06-05 02:00:00,1,0,1
2019-06-05 03:00:00,0,0,0
2019-06-05 04:00:00,4,2,2
2019-06-05 05:00:00,20,11,9
2019-06-05 06:00:00,77,60,17
2019-06-05 07:00:00,102,85,17
2019-06-05 08:00:00,103,70,33
2019-06-05 09:00:00,76,49,27
2019-06-05 10:00:00,48,31,17
2019-06-05 11:00:00,47,26,21
2019-06-05 12:00:00,45,30,15
2019-06-05 13:00:00,41,18,23
2019-06-05 14:00:00,67,27,40
2019-06-05 15:00:00,64,24,40
2019-06-05 16:00:00,106,26,80
2019-06-05 17:00:00,160,36,124
2019-06-05 18:00:00,149,40,109
2019-06-05 19:00:00,70,29,41
2019-06-05 20:00:00,36,18,18
2019-06-05 21:00:00,20,14,6
2019-06-05 22:00:00,6,3,3
2019-06-05 23:00:00,3,0,3
2019-06-06 00:00:00,1,0,1
2019-06-06 01:00:00,0,0,0
2019-06-06 02:00:00,0,0,0
2019-06-06 03:00:00,1,0,1
2019-06-06 04:00:00,3,3,0
2019-06-06 05:00:00,19,8,11
2019-06-06 06:00:00,53,40,13
2019-06-06 07:00:00,78,64,14
2019-06-06 08:00:00,75,56,19
2019-06-06 09:00:00,53,32,21
2019-06-06 10:00:00,31,15,16
2019-06-06 11:00:00,41,23,18
2019-06-06 12:00:00,37,14,23
2019-06-06 13:00:00,50,25,25
2019-06-06 14:00:00,43,18,25
2019-06-06 15:00:00,29,8,21
2019-06-06 16:00:00,66,23,43
2019-06-06 17:00:00,121,26,95
2019-06-06 18:00:00,87,22,65
2019-06-06 19:00:00,44,17,27
2019-06-06 20:00:00,25,13,12
2019-06-06 21:00:00,19,10,9
2019-06-06 22:00:00,4,1,3
2019-06-06 23:00:00,1,0,1
2019-06-07 00:00:00,0,0,0
2019-06-07 01:00:00,0,0,0
2019-06-07 02:00:00,0,0,0
2019-06-07 03:00:00,0,0,0
2019-06-07 04:00:00,1,1,0
2019-06-07 05:00:00,9,5,4
2019-06-07 06:00:00,34,29,5
2019-06-07 07:00:00,48,32,16
2019-06-07 08:00:00,60,40,20
2019-06-07 09:00:00,52,31,21
2019-06-07 10:00:00,28,13,15
2019-06-07 11:00:00,31,11,20
2019-06-07 12:00:00,17,9,8
2019-06-07 13:00:00,15,5,10
2019-06-07 14:00:00,34,16,18
2019-06-07 15:00:00,30,6,24
2019-06-07 16:00:00,65,25,40
2019-06-07 17:00:00,70,15,55
2019-06-07 18:00:00,32,8,24
2019-06-07 19:00:00,18,6,12
2019-06-07 20:00:00,11,4,7
2019-06-07 21:00:00,4,1,3
2019-06-07 22:00:00,1,1,0
2019-06-07 23:00:00,0,0,0
2019-06-08 00:00:00,0,0,0
2019-06-08 01:00:00,0,0,0
2019-06-08 02:00:00,0,0,0
2019-06-08 03:00:00,1,0,1
2019-06-08 04:00:00,2,1,1
2019-06-08 05:00:00,6,2,4
2019-06-08 06:00:00,17,3,14
2019-06-08 07:00:00,52,18,34
2019-06-08 08:00:00,108,31,77
2019-06-08 09:00:00,146,56,90
2019-06-08 10:00:00,187,66,121
2019-06-08 11:00:00,175,82,93
2019-06-08 12:00:00,235,99,136
2019-06-08 13:00:00,221,109,112
2019-06-08 14:00:00,246,104,142
2019-06-08 15:00:00,249,124,125
2019-06-08 16:00:00,245,131,114
2019-06-08 17:00:00,185,102,83
2019-06-08 18:00:00,91,57,34
2019-06-08 19:00:00,77,35,42
2019-06-08 20:00:00,44,26,18
2019-06-08 21:00:00,10,4,6
2019-06-08 22:00:00,4,4,0
2019-06-08 23:00:00,3,2,1
2019-06-09 00:00:00,0,0,0
2019-06-09 01:00:00,0,0,0
2019-06-09 02:00:00,0,0,0
2019-06-09 03:00:00,0,0,0
2019-06-09 04:00:00,0,0,0
2019-06-09 05:00:00,8,2,6
2019-06-09 06:00:00,27,7,20
2019-06-09 07:00:00,75,17,58
2019-06-09 08:00:00,132,59,73
2019-06-09 09:00:00,157,54,103
2019-06-09 10:00:00,221,97,124
2019-06-09 11:00:00,283,127,156
2019-06-09 12:00:00,229,118,111
2019-06-09 13:00:00,251,118,133
2019-06-09 14:00:00,268,139,129
2019-06-09 15:00:00,224,123,101
2019-06-09 16:00:00,172,100,72
2019-06-09 17:00:00,147,76,71
2019-06-09 18:00:00,73,45,28
2019-06-09 19:00:00,53,27,26
2019-06-09 20:00:00,30,18,12
2019-06-09 21:00:00,5,4,1
2019-06-09 22:00:00,0,0,0
2019-06-09 23:00:00,0,0,0
2019-06-10 00:00:00,0,0,0
2019-06-10 01:00:00,0,0,0
2019-06-10 02:00:00,0,0,0
2019-06-10 03:00:00,0,0,0
2019-06-10 04:00:00,2,1,1
2019-06-10 05:00:00,19,18,1
2019-06-10 06:00:00,59,41,18
2019-06-10 07:00:00,104,80,24
2019-06-10 08:00:00,104,80,24
2019-06-10 09:00:00,82,50,32
2019-06-10 10:00:00,79,37,42
2019-06-10 11:00:00,72,39,33
2019-06-10 12:00:00,100,52,48
2019-06-10 13:00:00,106,52,54
2019-06-10 14:00:00,83,37,46
2019-06-10 15:00:00,101,34,67
2019-06-10 16:00:00,150,51,99
2019-06-10 17:00:00,178,51,127
2019-06-10 18:00:00,167,49,118
2019-06-10 19:00:00,75,32,43
2019-06-10 20:00:00,46,27,19
2019-06-10 21:00:00,27,19,8
2019-06-10 22:00:00,6,4,2
2019-06-10 23:00:00,1,1,0
2019-06-11 00:00:00,2,1,1
2019-06-11 01:00:00,0,0,0
2019-06-11 02:00:00,0,0,0
2019-06-11 03:00:00,0,0,0
2019-06-11 04:00:00,3,2,1
2019-06-11 05:00:00,22,16,6
2019-06-11 06:00:00,59,50,9
2019-06-11 07:00:00,121,98,23
2019-06-11 08:00:00,112,79,33
2019-06-11 09:00:00,80,48,32
2019-06-11 10:00:00,72,38,34
2019-06-11 11:00:00,73,36,37
2019-06-11 12:00:00,65,29,36
2019-06-11 13:00:00,70,29,41
2019-06-11 14:00:00,69,31,38
2019-06-11 15:00:00,110,36,74
2019-06-11 16:00:00,160,52,108
2019-06-11 17:00:00,231,57,174
2019-06-11 18:00:00,172,57,115
2019-06-11 19:00:00,151,59,92
2019-06-11 20:00:00,64,41,23
2019-06-11 21:00:00,27,18,9
2019-06-11 22:00:00,7,2,5
2019-06-11 23:00:00,2,1,1
2019-06-12 00:00:00,1,1,0
2019-06-12 01:00:00,0,0,0
2019-06-12 02:00:00,1,0,1
2019-06-12 03:00:00,0,0,0
2019-06-12 04:00:00,7,5,2
2019-06-12 05:00:00,23,16,7
2019-06-12 06:00:00,75,62,13
2019-06-12 07:00:00,122,100,22
2019-06-12 08:00:00,149,99,50
2019-06-12 09:00:00,98,51,47
2019-06-12 10:00:00,97,43,54
2019-06-12 11:00:00,78,44,34
2019-06-12 12:00:00,78,42,36
2019-06-12 13:00:00,74,33,41
2019-06-12 14:00:00,58,20,38
2019-06-12 15:00:00,85,26,59
2019-06-12 16:00:00,105,27,78
2019-06-12 17:00:00,212,80,132
2019-06-12 18:00:00,144,45,99
2019-06-12 19:00:00,87,45,42
2019-06-12 20:00:00,54,26,28
2019-06-12 21:00:00,24,20,4
2019-06-12 22:00:00,7,6,1
2019-06-12 23:00:00,1,1,0
2019-06-13 00:00:00,4,3,1
2019-06-13 01:00:00,1,0,1
2019-06-13 02:00:00,0,0,0
2019-06-13 03:00:00,0,0,0
2019-06-13 04:00:00,5,3,2
2019-06-13 05:00:00,22,16,6
2019-06-13 06:00:00,80,61,19
2019-06-13 07:00:00,102,79,23
2019-06-13 08:00:00,109,82,27
2019-06-13 09:00:00,74,43,31
2019-06-13 10:00:00,77,45,32
2019-06-13 11:00:00,92,46,46
2019-06-13 12:00:00,71,33,38
2019-06-13 13:00:00,58,26,32
2019-06-13 14:00:00,95,39,56
2019-06-13 15:00:00,86,32,54
2019-06-13 16:00:00,124,39,85
2019-06-13 17:00:00,180,56,124
2019-06-13 18:00:00,147,41,106
2019-06-13 19:00:00,101,42,59
2019-06-13 20:00:00,83,30,53
2019-06-13 21:00:00,21,15,6
2019-06-13 22:00:00,21,19,2
2019-06-13 23:00:00,2,0,2
2019-06-14 00:00:00,1,0,1
2019-06-14 01:00:00,0,0,0
2019-06-14 02:00:00,0,0,0
2019-06-14 03:00:00,0,0,0
2019-06-14 04:00:00,3,3,0
2019-06-14 05:00:00,21,12,9
2019-06-14 06:00:00,57,37,20
2019-06-14 07:00:00,85,60,25
2019-06-14 08:00:00,99,73,26
2019-06-14 09:00:00,57,30,27
2019-06-14 10:00:00,60,36,24
2019-06-14 11:00:00,66,31,35
2019-06-14 12:00:00,57,27,30
2019-06-14 13:00:00,76,26,50
2019-06-14 14:00:00,78,35,43
2019-06-14 15:00:00,78,34,44
2019-06-14 16:00:00,132,58,74
2019-06-14 17:00:00,142,49,93
2019-06-14 18:00:00,100,32,68
2019-06-14 19:00:00,63,31,32
2019-06-14 20:00:00,50,21,29
2019-06-14 21:00:00,20,10,10
2019-06-14 22:00:00,4,1,3
2019-06-14 23:00:00,3,3,0
2019-06-15 00:00:00,0,0,0
2019-06-15 01:00:00,0,0,0
2019-06-15 02:00:00,0,0,0
2019-06-15 03:00:00,0,0,0
2019-06-15 04:00:00,5,1,4
2019-06-15 05:00:00,12,4,8
2019-06-15 06:00:00,34,6,28
2019-06-15 07:00:00,69,30,39
2019-06-15 08:00:00,152,52,100
2019-06-15 09:00:00,191,62,129
2019-06-15 10:00:00,214,82,132
2019-06-15 11:00:00,228,85,143
2019-06-15 12:00:00,202,89,113
2019-06-15 13:00:00,226,100,126
2019-06-15 14:00:00,227,104,123
2019-06-15 15:00:00,233,135,98
2019-06-15 16:00:00,219,118,101
2019-06-15 17:00:00,149,78,71
2019-06-15 18:00:00,109,66,43
2019-06-15 19:00:00,115,55,60
2019-06-15 20:00:00,50,28,22
2019-06-15 21:00:00,21,13,8
2019-06-15 22:00:00,12,3,9
2019-06-15 23:00:00,1,0,1
2019-06-16 00:00:00,1,0,1
2019-06-16 01:00:00,0,0,0
2019-06-16 02:00:00,0,0,0
2019-06-16 03:00:00,0,0,0
2019-06-16 04:00:00,1,0,1
2019-06-16 05:00:00,11,1,10
2019-06-16 06:00:00,28,9,19
2019-06-16 07:00:00,65,21,44
2019-06-16 08:00:00,127,58,69
2019-06-16 09:00:00,161,52,109
2019-06-16 10:00:00,179,67,112
2019-06-16 11:00:00,275,108,167
2019-06-16 12:00:00,250,132,118
2019-06-16 13:00:00,264,114,150
2019-06-16 14:00:00,316,164,152
2019-06-16 15:00:00,263,116,147
2019-06-16 16:00:00,248,131,117
2019-06-16 17:00:00,183,115,68
2019-06-16 18:00:00,134,76,58
2019-06-16 19:00:00,81,41,40
2019-06-16 20:00:00,51,27,24
2019-06-16 21:00:00,14,12,2
2019-06-16 22:00:00,5,4,1
2019-06-16 23:00:00,2,1,1
2019-06-17 00:00:00,0,0,0
2019-06-17 01:00:00,0,0,0
2019-06-17 02:00:00,0,0,0
2019-06-17 03:00:00,0,0,0
2019-06-17 04:00:00,2,1,1
2019-06-17 05:00:00,20,15,5
2019-06-17 06:00:00,64,47,17
2019-06-17 07:00:00,93,71,22
2019-06-17 08:00:00,107,83,24
2019-06-17 09:00:00,69,34,35
2019-06-17 10:00:00,61,33,28
2019-06-17 11:00:00,73,26,47
2019-06-17 12:00:00,60,39,21
2019-06-17 13:00:00,71,29,42
2019-06-17 14:00:00,79,33,46
2019-06-17 15:00:00,96,35,61
2019-06-17 16:00:00,119,34,85
2019-06-17 17:00:00,199,65,134
2019-06-17 18:00:00,142,49,93
2019-06-17 19:00:00,87,36,51
2019-06-17 20:00:00,32,10,22
2019-06-17 21:00:00,25,15,10
2019-06-17 22:00:00,5,3,2
2019-06-17 23:00:00,1,0,1
2019-06-18 00:00:00,1,1,0
2019-06-18 01:00:00,0,0,0
2019-06-18 02:00:00,0,0,0
2019-06-18 03:00:00,0,0,0
2019-06-18 04:00:00,1,1,0
2019-06-18 05:00:00,25,20,5
2019-06-18 06:00:00,51,39,12
2019-06-18 07:00:00,58,48,10
2019-06-18 08:00:00,76,50,26
2019-06-18 09:00:00,46,35,11
2019-06-18 10:00:00,23,10,13
2019-06-18 11:00:00,24,13,11
2019-06-18 12:00:00,35,15,20
2019-06-18 13:00:00,55,31,24
2019-06-18 14:00:00,63,29,34
2019-06-18 15:00:00,68,30,38
2019-06-18 16:00:00,101,30,71
2019-06-18 17:00:00,129,36,93
2019-06-18 18:00:00,101,32,69
2019-06-18 19:00:00,76,23,53
2019-06-18 20:00:00,23,11,12
2019-06-18 21:00:00,9,5,4
2019-06-18 22:00:00,3,0,3
2019-06-18 23:00:00,0,0,0
2019-06-19 00:00:00,1,0,1
2019-06-19 01:00:00,1,1,0
2019-06-19 02:00:00,1,0,1
2019-06-19 03:00:00,0,0,0
2019-06-19 04:00:00,7,5,2
2019-06-19 05:00:00,16,14,2
2019-06-19 06:00:00,64,47,17
2019-06-19 07:00:00,93,74,19
2019-06-19 08:00:00,101,74,27
2019-06-19 09:00:00,78,52,26
2019-06-19 10:00:00,93,70,23
2019-06-19 11:00:00,43,18,25
2019-06-19 12:00:00,67,24,43
2019-06-19 13:00:00,63,29,34
2019-06-19 14:00:00,98,29,69
2019-06-19 15:00:00,88,36,52
2019-06-19 16:00:00,140,41,99
2019-06-19 17:00:00,154,44,110
2019-06-19 18:00:00,106,32,74
2019-06-19 19:00:00,63,23,40
2019-06-19 20:00:00,31,11,20
2019-06-19 21:00:00,10,6,4
2019-06-19 22:00:00,1,1,0
2019-06-19 23:00:00,2,2,0
2019-06-20 00:00:00,1,0,1
2019-06-20 01:00:00,1,0,1
2019-06-20 02:00:00,1,0,1
2019-06-20 03:00:00,0,0,0
2019-06-20 04:00:00,3,1,2
2019-06-20 05:00:00,16,13,3
2019-06-20 06:00:00,46,33,13
2019-06-20 07:00:00,67,53,14
2019-06-20 08:00:00,41,29,12
2019-06-20 09:00:00,3,2,1
2019-06-20 10:00:00,6,6,0
2019-06-20 11:00:00,0,0,0
2019-06-20 12:00:00,0,0,0
2019-06-20 13:00:00,0,0,0
2019-06-20 14:00:00,3,1,2
2019-06-20 15:00:00,7,2,5
2019-06-20 16:00:00,102,45,57
2019-06-20 17:00:00,153,50,103
2019-06-20 18:00:00,97,35,62
2019-06-20 19:00:00,68,23,45
2019-06-20 20:00:00,48,25,23
2019-06-20 21:00:00,20,11,9
2019-06-20 22:00:00,3,0,3
2019-06-20 23:00:00,4,2,2
2019-06-21 00:00:00,1,0,1
2019-06-21 01:00:00,1,0,1
2019-06-21 02:00:00,0,0,0
2019-06-21 03:00:00,0,0,0
2019-06-21 04:00:00,3,1,2
2019-06-21 05:00:00,18,10,8
2019-06-21 06:00:00,54,39,15
2019-06-21 07:00:00,71,54,17
2019-06-21 08:00:00,85,63,22
2019-06-21 09:00:00,58,39,19
2019-06-21 10:00:00,83,43,40
2019-06-21 11:00:00,76,39,37
2019-06-21 12:00:00,58,23,35
2019-06-21 13:00:00,88,35,53
2019-06-21 14:00:00,95,44,51
2019-06-21 15:00:00,70,34,36
2019-06-21 16:00:00,109,39,70
2019-06-21 17:00:00,158,42,116
2019-06-21 18:00:00,149,64,85
2019-06-21 19:00:00,65,38,27
2019-06-21 20:00:00,50,25,25
2019-06-21 21:00:00,26,14,12
2019-06-21 22:00:00,7,2,5
2019-06-21 23:00:00,4,0,4
2019-06-22 00:00:00,3,0,3
2019-06-22 01:00:00,0,0,0
2019-06-22 02:00:00,0,0,0
2019-06-22 03:00:00,0,0,0
2019-06-22 04:00:00,0,0,0
2019-06-22 05:00:00,13,3,10
2019-06-22 06:00:00,42,8,34
2019-06-22 07:00:00,47,16,31
2019-06-22 08:00:00,97,32,65
2019-06-22 09:00:00,171,64,107
2019-06-22 10:00:00,218,81,137
2019-06-22 11:00:00,224,119,105
2019-06-22 12:00:00,211,123,88
2019-06-22 13:00:00,172,88,84
2019-06-22 14:00:00,219,94,125
2019-06-22 15:00:00,181,86,95
2019-06-22 16:00:00,175,101,74
2019-06-22 17:00:00,129,70,59
2019-06-22 18:00:00,73,41,32
2019-06-22 19:00:00,55,27,28
2019-06-22 20:00:00,44,17,27
2019-06-22 21:00:00,13,9,4
2019-06-22 22:00:00,7,2,5
2019-06-22 23:00:00,4,2,2
2019-06-23 00:00:00,0,0,0
2019-06-23 01:00:00,0,0,0
2019-06-23 02:00:00,0,0,0
2019-06-23 03:00:00,0,0,0
2019-06-23 04:00:00,2,0,2
2019-06-23 05:00:00,10,3,7
2019-06-23 06:00:00,11,6,5
2019-06-23 07:00:00,29,14,15
2019-06-23 08:00:00,64,28,36
2019-06-23 09:00:00,65,14,51
2019-06-23 10:00:00,103,38,65
2019-06-23 11:00:00,140,51,89
2019-06-23 12:00:00,164,68,96
2019-06-23 13:00:00,161,64,97
2019-06-23 14:00:00,119,55,64
2019-06-23 15:00:00,129,69,60
2019-06-23 16:00:00,137,78,59
2019-06-23 17:00:00,98,56,42
2019-06-23 18:00:00,37,12,25
2019-06-23 19:00:00,27,18,9
2019-06-23 20:00:00,13,8,5
2019-06-23 21:00:00,1,1,0
2019-06-23 22:00:00,1,1,0
2019-06-23 23:00:00,2,1,1
2019-06-24 00:00:00,0,0,0
2019-06-24 01:00:00,0,0,0
2019-06-24 02:00:00,0,0,0
2019-06-24 03:00:00,2,1,1
2019-06-24 04:00:00,1,0,1
2019-06-24 05:00:00,11,9,2
2019-06-24 06:00:00,51,37,14
2019-06-24 07:00:00,50,36,14
2019-06-24 08:00:00,87,69,18
2019-06-24 09:00:00,38,29,9
2019-06-24 10:00:00,58,31,27
2019-06-24 11:00:00,50,23,27
2019-06-24 12:00:00,45,18,27
2019-06-24 13:00:00,58,24,34
2019-06-24 14:00:00,66,34,32
2019-06-24 15:00:00,85,38,47
2019-06-24 16:00:00,100,42,58
2019-06-24 17:00:00,189,67,122
2019-06-24 18:00:00,152,52,100
2019-06-24 19:00:00,108,50,58
2019-06-24 20:00:00,69,36,33
2019-06-24 21:00:00,13,7,6
2019-06-24 22:00:00,5,3,2
2019-06-24 23:00:00,0,0,0
2019-06-25 00:00:00,1,0,1
2019-06-25 01:00:00,0,0,0
2019-06-25 02:00:00,0,0,0
2019-06-25 03:00:00,1,1,0
2019-06-25 04:00:00,2,2,0
2019-06-25 05:00:00,22,12,10
2019-06-25 06:00:00,67,51,16
2019-06-25 07:00:00,109,80,29
2019-06-25 08:00:00,129,88,41
2019-06-25 09:00:00,100,63,37
2019-06-25 10:00:00,74,38,36
2019-06-25 11:00:00,74,39,35
2019-06-25 12:00:00,98,48,50
2019-06-25 13:00:00,91,38,53
2019-06-25 14:00:00,112,50,62
2019-06-25 15:00:00,121,58,63
2019-06-25 16:00:00,162,56,106
2019-06-25 17:00:00,239,78,161
2019-06-25 18:00:00,200,70,130
2019-06-25 19:00:00,143,63,80
2019-06-25 20:00:00,74,47,27
2019-06-25 21:00:00,23,14,9
2019-06-25 22:00:00,2,2,0
2019-06-25 23:00:00,1,0,1
2019-06-26 00:00:00,1,0,1
2019-06-26 01:00:00,0,0,0
2019-06-26 02:00:00,1,0,1
2019-06-26 03:00:00,1,1,0
2019-06-26 04:00:00,3,1,2
2019-06-26 05:00:00,28,25,3
2019-06-26 06:00:00,56,46,10
2019-06-26 07:00:00,102,70,32
2019-06-26 08:00:00,85,61,24
2019-06-26 09:00:00,72,45,27
2019-06-26 10:00:00,65,25,40
2019-06-26 11:00:00,71,41,30
2019-06-26 12:00:00,81,44,37
2019-06-26 13:00:00,57,32,25
2019-06-26 14:00:00,86,41,45
2019-06-26 15:00:00,75,27,48
2019-06-26 16:00:00,65,13,52
2019-06-26 17:00:00,113,28,85
2019-06-26 18:00:00,77,21,56
2019-06-26 19:00:00,54,15,39
2019-06-26 20:00:00,30,14,16
2019-06-26 21:00:00,16,5,11
2019-06-26 22:00:00,5,1,4
2019-06-26 23:00:00,0,0,0
2019-06-27 00:00:00,0,0,0
2019-06-27 01:00:00,1,0,1
2019-06-27 02:00:00,0,0,0
2019-06-27 03:00:00,1,1,0
2019-06-27 04:00:00,0,0,0
2019-06-27 05:00:00,12,9,3
2019-06-27 06:00:00,38,29,9
2019-06-27 07:00:00,54,43,11
2019-06-27 08:00:00,74,51,23
2019-06-27 09:00:00,47,26,21
2019-06-27 10:00:00,37,24,13
2019-06-27 11:00:00,44,26,18
2019-06-27 12:00:00,62,33,29
2019-06-27 13:00:00,47,26,21
2019-06-27 14:00:00,59,15,44
2019-06-27 15:00:00,84,32,52
2019-06-27 16:00:00,102,42,60
2019-06-27 17:00:00,108,38,70
2019-06-27 18:00:00,85,33,52
2019-06-27 19:00:00,73,26,47
2019-06-27 20:00:00,40,17,23
2019-06-27 21:00:00,19,8,11
2019-06-27 22:00:00,6,3,3
2019-06-27 23:00:00,0,0,0
2019-06-28 00:00:00,1,0,1
2019-06-28 01:00:00,0,0,0
2019-06-28 02:00:00,0,0,0
2019-06-28 03:00:00,0,0,0
2019-06-28 04:00:00,5,2,3
2019-06-28 05:00:00,17,12,5
2019-06-28 06:00:00,46,31,15
2019-06-28 07:00:00,91,58,33
2019-06-28 08:00:00,87,60,27
2019-06-28 09:00:00,67,36,31
2019-06-28 10:00:00,75,32,43
2019-06-28 11:00:00,67,27,40
2019-06-28 12:00:00,61,29,32
2019-06-28 13:00:00,81,40,41
2019-06-28 14:00:00,88,34,54
2019-06-28 15:00:00,103,38,65
2019-06-28 16:00:00,142,64,78
2019-06-28 17:00:00,164,58,106
2019-06-28 18:00:00,107,48,59
2019-06-28 19:00:00,66,34,32
2019-06-28 20:00:00,47,19,28
2019-06-28 21:00:00,25,11,14
2019-06-28 22:00:00,8,2,6
2019-06-28 23:00:00,1,0,1
2019-06-29 00:00:00,2,0,2
2019-06-29 01:00:00,1,1,0
2019-06-29 02:00:00,0,0,0
2019-06-29 03:00:00,0,0,0
2019-06-29 04:00:00,3,1,2
2019-06-29 05:00:00,14,3,11
2019-06-29 06:00:00,34,10,24
2019-06-29 07:00:00,71,25,46
2019-06-29 08:00:00,184,104,80
2019-06-29 09:00:00,167,60,107
2019-06-29 10:00:00,271,107,164
2019-06-29 11:00:00,299,121,178
2019-06-29 12:00:00,274,146,128
2019-06-29 13:00:00,319,133,186
2019-06-29 14:00:00,262,123,139
2019-06-29 15:00:00,261,135,126
2019-06-29 16:00:00,240,143,97
2019-06-29 17:00:00,190,104,86
2019-06-29 18:00:00,146,98,48
2019-06-29 19:00:00,72,45,27
2019-06-29 20:00:00,48,27,21
2019-06-29 21:00:00,15,9,6
2019-06-29 22:00:00,8,5,3
2019-06-29 23:00:00,4,3,1
2019-06-30 00:00:00,3,3,0
2019-06-30 01:00:00,1,1,0
2019-06-30 02:00:00,0,0,0
2019-06-30 03:00:00,0,0,0
2019-06-30 04:00:00,2,1,1
2019-06-30 05:00:00,13,3,10
2019-06-30 06:00:00,24,6,18
2019-06-30 07:00:00,54,19,35
2019-06-30 08:00:00,107,50,57
2019-06-30 09:00:00,142,49,93
2019-06-30 10:00:00,219,84,135
2019-06-30 11:00:00,299,130,169
2019-06-30 12:00:00,314,154,160
2019-06-30 13:00:00,241,122,119
2019-06-30 14:00:00,272,110,162
2019-06-30 15:00:00,282,155,127
2019-06-30 16:00:00,222,119,103
2019-06-30 17:00:00,130,64,66
2019-06-30 18:00:00,121,62,59
2019-06-30 19:00:00,97,57,40
2019-06-30 20:00:00,49,33,16
2019-06-30 21:00:00,19,10,9
2019-06-30 22:00:00,3,1,2
2019-06-30 23:00:00,2,0,2
2019-08-06 01:00:00,2,0,2
2019-08-06 02:00:00,2,1,1
2019-08-06 03:00:00,0,0,0
2019-08-06 04:00:00,3,3,0
2019-08-06 05:00:00,23,17,6
2019-08-06 06:00:00,69,56,13
2019-08-06 07:00:00,132,103,29
2019-08-06 08:00:00,115,90,25
2019-08-06 09:00:00,96,56,40
2019-08-06 10:00:00,68,31,37
2019-08-06 11:00:00,89,46,43
2019-08-06 12:00:00,79,46,33
2019-08-06 13:00:00,70,29,41
2019-08-06 14:00:00,62,28,34
2019-08-06 15:00:00,104,38,66
2019-08-06 16:00:00,127,32,95
2019-08-06 17:00:00,203,48,155
2019-08-06 18:00:00,176,47,129
2019-08-06 19:00:00,112,54,58
2019-08-06 20:00:00,53,32,21
2019-08-06 21:00:00,23,8,15
2019-08-06 22:00:00,7,4,3
2019-08-06 23:00:00,1,0,1
2019-08-07 00:00:00,1,0,1
2019-08-07 01:00:00,0,0,0
2019-08-07 02:00:00,3,1,2
2019-08-07 03:00:00,1,1,0
2019-08-07 04:00:00,2,1,1
2019-08-07 05:00:00,21,15,6
2019-08-07 06:00:00,67,49,18
2019-08-07 07:00:00,119,92,27
2019-08-07 08:00:00,101,75,26
2019-08-07 09:00:00,74,40,34
2019-08-07 10:00:00,86,40,46
2019-08-07 11:00:00,75,32,43
2019-08-07 12:00:00,64,27,37
2019-07-01 00:00:00,2,1,1
2019-07-01 01:00:00,0,0,0
2019-07-01 02:00:00,0,0,0
2019-07-01 03:00:00,1,1,0
2019-07-01 04:00:00,4,3,1
2019-07-01 05:00:00,12,9,3
2019-07-01 06:00:00,73,56,17
2019-07-01 07:00:00,100,79,21
2019-07-01 08:00:00,97,69,28
2019-07-01 09:00:00,104,62,42
2019-07-01 10:00:00,90,48,42
2019-07-01 11:00:00,111,49,62
2019-07-01 12:00:00,107,55,52
2019-07-01 13:00:00,93,48,45
2019-07-01 14:00:00,102,45,57
2019-07-01 15:00:00,113,45,68
2019-07-01 16:00:00,151,54,97
2019-07-01 17:00:00,204,57,147
2019-07-01 18:00:00,195,61,134
2019-07-01 19:00:00,98,36,62
2019-07-01 20:00:00,52,29,23
2019-07-01 21:00:00,24,12,12
2019-07-01 22:00:00,4,2,2
2019-07-01 23:00:00,4,2,2
2019-07-02 00:00:00,0,0,0
2019-07-02 01:00:00,1,0,1
2019-07-02 02:00:00,0,0,0
2019-07-02 03:00:00,2,1,1
2019-07-02 04:00:00,6,5,1
2019-07-02 05:00:00,18,10,8
2019-07-02 06:00:00,53,43,10
2019-07-02 07:00:00,71,47,24
2019-07-02 08:00:00,79,63,16
2019-07-02 09:00:00,50,28,22
2019-07-02 10:00:00,69,33,36
2019-07-02 11:00:00,34,19,15
2019-07-02 12:00:00,32,13,19
2019-07-02 13:00:00,33,17,16
2019-07-02 14:00:00,28,14,14
2019-07-02 15:00:00,43,18,25
2019-07-02 16:00:00,40,11,29
2019-07-02 17:00:00,72,16,56
2019-07-02 18:00:00,60,10,50
2019-07-02 19:00:00,27,7,20
2019-07-02 20:00:00,7,1,6
2019-07-02 21:00:00,6,2,4
2019-07-02 22:00:00,1,0,1
2019-07-02 23:00:00,0,0,0
2019-07-03 00:00:00,0,0,0
2019-07-03 01:00:00,0,0,0
2019-07-03 02:00:00,1,0,1
2019-07-03 03:00:00,1,1,0
2019-07-03 04:00:00,4,4,0
2019-07-03 05:00:00,11,8,3
2019-07-03 06:00:00,43,33,10
2019-07-03 07:00:00,61,36,25
2019-07-03 08:00:00,67,53,14
2019-07-03 09:00:00,41,22,19
2019-07-03 10:00:00,37,19,18
2019-07-03 11:00:00,38,12,26
2019-07-03 12:00:00,48,23,25
2019-07-03 13:00:00,63,28,35
2019-07-03 14:00:00,70,29,41
2019-07-03 15:00:00,79,40,39
2019-07-03 16:00:00,107,31,76
2019-07-03 17:00:00,167,59,108
2019-07-03 18:00:00,115,43,72
2019-07-03 19:00:00,53,25,28
2019-07-03 20:00:00,32,11,21
2019-07-03 21:00:00,14,6,8
2019-07-03 22:00:00,3,1,2
2019-07-03 23:00:00,0,0,0
2019-07-04 00:00:00,2,0,2
2019-07-04 01:00:00,0,0,0
2019-07-04 02:00:00,1,0,1
2019-07-04 03:00:00,0,0,0
2019-07-04 04:00:00,2,1,1
2019-07-04 05:00:00,8,5,3
2019-07-04 06:00:00,15,6,9
2019-07-04 07:00:00,59,25,34
2019-07-04 08:00:00,93,32,61
2019-07-04 09:00:00,143,50,93
2019-07-04 10:00:00,194,64,130
2019-07-04 11:00:00,238,102,136
2019-07-04 12:00:00,234,91,143
2019-07-04 13:00:00,236,119,117
2019-07-04 14:00:00,223,114,109
2019-07-04 15:00:00,205,93,112
2019-07-04 16:00:00,163,86,77
2019-07-04 17:00:00,146,86,60
2019-07-04 18:00:00,86,50,36
2019-07-04 19:00:00,55,32,23
2019-07-04 20:00:00,31,24,7
2019-07-04 21:00:00,14,9,5
2019-07-04 22:00:00,16,11,5
2019-07-04 23:00:00,32,5,27
2019-07-05 00:00:00,11,2,9
2019-07-05 01:00:00,1,0,1
2019-07-05 02:00:00,0,0,0
2019-07-05 03:00:00,1,0,1
2019-07-05 04:00:00,3,2,1
2019-07-05 05:00:00,14,13,1
2019-07-05 06:00:00,32,20,12
2019-07-05 07:00:00,45,33,12
2019-07-05 08:00:00,66,37,29
2019-07-05 09:00:00,54,26,28
2019-07-05 10:00:00,71,30,41
2019-07-05 11:00:00,107,46,61
2019-07-05 12:00:00,128,67,61
2019-07-05 13:00:00,133,74,59
2019-07-05 14:00:00,118,45,73
2019-07-05 15:00:00,145,71,74
2019-07-05 16:00:00,147,72,75
2019-07-05 17:00:00,128,48,80
2019-07-05 18:00:00,80,36,44
2019-07-05 19:00:00,46,17,29
2019-07-05 20:00:00,20,10,10
2019-07-05 21:00:00,6,1,5
2019-07-05 22:00:00,4,1,3
2019-07-05 23:00:00,0,0,0
2019-07-06 00:00:00,0,0,0
2019-07-06 01:00:00,0,0,0
2019-07-06 02:00:00,0,0,0
2019-07-06 03:00:00,2,0,2
2019-07-06 04:00:00,1,0,1
2019-07-06 05:00:00,3,2,1
2019-07-06 06:00:00,19,7,12
2019-07-06 07:00:00,65,28,37
2019-07-06 08:00:00,108,43,65
2019-07-06 09:00:00,115,36,79
2019-07-06 10:00:00,183,66,117
2019-07-06 11:00:00,244,89,155
2019-07-06 12:00:00,235,94,141
2019-07-06 13:00:00,226,104,122
2019-07-06 14:00:00,230,120,110
2019-07-06 15:00:00,194,108,86
2019-07-06 16:00:00,216,122,94
2019-07-06 17:00:00,143,67,76
2019-07-06 18:00:00,85,49,36
2019-07-06 19:00:00,65,41,24
2019-07-06 20:00:00,31,18,13
2019-07-06 21:00:00,15,5,10
2019-07-06 22:00:00,5,1,4
2019-07-06 23:00:00,1,1,0
2019-07-07 00:00:00,2,0,2
2019-07-07 01:00:00,0,0,0
2019-07-07 02:00:00,0,0,0
2019-07-07 03:00:00,2,0,2
2019-07-07 04:00:00,2,2,0
2019-07-07 05:00:00,4,1,3
2019-07-07 06:00:00,13,3,10
2019-07-07 07:00:00,45,17,28
2019-07-07 08:00:00,63,32,31
2019-07-07 09:00:00,83,27,56
2019-07-07 10:00:00,176,77,99
2019-07-07 11:00:00,199,56,143
2019-07-07 12:00:00,228,110,118
2019-07-07 13:00:00,250,119,131
2019-07-07 14:00:00,204,89,115
2019-07-07 15:00:00,206,114,92
2019-07-07 16:00:00,151,81,70
2019-07-07 17:00:00,108,57,51
2019-07-07 18:00:00,47,30,17
2019-07-07 19:00:00,15,10,5
2019-07-07 20:00:00,12,8,4
2019-07-07 21:00:00,5,3,2
2019-07-07 22:00:00,1,0,1
2019-07-07 23:00:00,1,1,0
2019-07-08 00:00:00,1,0,1
2019-07-08 01:00:00,0,0,0
2019-07-08 02:00:00,1,0,1
2019-07-08 03:00:00,1,0,1
2019-07-08 04:00:00,3,2,1
2019-07-08 05:00:00,12,9,3
2019-07-08 06:00:00,36,30,6
2019-07-08 07:00:00,67,49,18
2019-07-08 08:00:00,64,50,14
2019-07-08 09:00:00,71,42,29
2019-07-08 10:00:00,38,19,19
2019-07-08 11:00:00,51,24,27
2019-07-08 12:00:00,49,22,27
2019-07-08 13:00:00,79,39,40
2019-07-08 14:00:00,89,32,57
2019-07-08 15:00:00,138,67,71
2019-07-08 16:00:00,141,49,92
2019-07-08 17:00:00,192,65,127
2019-07-08 18:00:00,172,67,105
2019-07-08 19:00:00,104,47,57
2019-07-08 20:00:00,65,38,27
2019-07-08 21:00:00,10,6,4
2019-07-08 22:00:00,3,0,3
2019-07-08 23:00:00,2,2,0
2019-07-09 00:00:00,0,0,0
2019-07-09 01:00:00,2,0,2
2019-07-09 02:00:00,0,0,0
2019-07-09 03:00:00,0,0,0
2019-07-09 04:00:00,6,5,1
2019-07-09 05:00:00,27,16,11
2019-07-09 06:00:00,75,50,25
2019-07-09 07:00:00,119,89,30
2019-07-09 08:00:00,113,88,25
2019-07-09 09:00:00,88,53,35
2019-07-09 10:00:00,85,41,44
2019-07-09 11:00:00,83,48,35
2019-07-09 12:00:00,91,36,55
2019-07-09 13:00:00,79,42,37
2019-07-09 14:00:00,65,31,34
2019-07-09 15:00:00,98,40,58
2019-07-09 16:00:00,117,30,87
2019-07-09 17:00:00,154,38,116
2019-07-09 18:00:00,86,26,60
2019-07-09 19:00:00,56,27,29
2019-07-09 20:00:00,26,14,12
2019-07-09 21:00:00,15,7,8
2019-07-09 22:00:00,3,3,0
2019-07-09 23:00:00,2,0,2
2019-07-10 00:00:00,0,0,0
2019-07-10 01:00:00,0,0,0
2019-07-10 02:00:00,2,0,2
2019-07-10 03:00:00,2,0,2
2019-07-10 04:00:00,4,4,0
2019-07-10 05:00:00,14,11,3
2019-07-10 06:00:00,21,15,6
2019-07-10 07:00:00,34,22,12
2019-07-10 08:00:00,68,54,14
2019-07-10 09:00:00,36,17,19
2019-07-10 10:00:00,18,10,8
2019-07-10 11:00:00,25,14,11
2019-07-10 12:00:00,31,22,9
2019-07-10 13:00:00,27,7,20
2019-07-10 14:00:00,26,6,20
2019-07-10 15:00:00,26,11,15
2019-07-10 16:00:00,36,11,25
2019-07-10 17:00:00,76,18,58
2019-07-10 18:00:00,86,22,64
2019-07-10 19:00:00,54,27,27
2019-07-10 20:00:00,22,7,15
2019-07-10 21:00:00,11,7,4
2019-07-10 22:00:00,2,0,2
2019-07-10 23:00:00,3,1,2
2019-07-11 00:00:00,0,0,0
2019-07-11 01:00:00,1,0,1
2019-07-11 02:00:00,0,0,0
2019-07-11 03:00:00,1,0,1
2019-07-11 04:00:00,5,3,2
2019-07-11 05:00:00,13,9,4
2019-07-11 06:00:00,56,44,12
2019-07-11 07:00:00,100,76,24
2019-07-11 08:00:00,104,72,32
2019-07-11 09:00:00,73,44,29
2019-07-11 10:00:00,77,39,38
2019-07-11 11:00:00,66,35,31
2019-07-11 12:00:00,82,37,45
2019-07-11 13:00:00,96,39,57
2019-07-11 14:00:00,126,66,60
2019-07-11 15:00:00,83,31,52
2019-07-11 16:00:00,183,82,101
2019-07-11 17:00:00,176,51,125
2019-07-11 18:00:00,146,41,105
2019-07-11 19:00:00,119,58,61
2019-07-11 20:00:00,45,29,16
2019-07-11 21:00:00,18,8,10
2019-07-11 22:00:00,9,5,4
2019-07-11 23:00:00,2,0,2
2019-07-12 00:00:00,0,0,0
2019-07-12 01:00:00,1,0,1
2019-07-12 02:00:00,0,0,0
2019-07-12 03:00:00,1,0,1
2019-07-12 04:00:00,2,2,0
2019-07-12 05:00:00,11,5,6
2019-07-12 06:00:00,60,45,15
2019-07-12 07:00:00,84,70,14
2019-07-12 08:00:00,85,50,35
2019-07-12 09:00:00,77,48,29
2019-07-12 10:00:00,64,34,30
2019-07-12 11:00:00,90,37,53
2019-07-12 12:00:00,89,42,47
2019-07-12 13:00:00,95,32,63
2019-07-12 14:00:00,129,55,74
2019-07-12 15:00:00,142,55,87
2019-07-12 16:00:00,153,49,104
2019-07-12 17:00:00,155,21,134
2019-07-12 18:00:00,103,36,67
2019-07-12 19:00:00,85,31,54
2019-07-12 20:00:00,38,22,16
2019-07-12 21:00:00,14,9,5
2019-07-12 22:00:00,4,1,3
2019-07-12 23:00:00,1,0,1
2019-07-13 00:00:00,0,0,0
2019-07-13 01:00:00,1,1,0
2019-07-13 02:00:00,1,0,1
2019-07-13 03:00:00,1,0,1
2019-07-13 04:00:00,26,25,1
2019-07-13 05:00:00,14,11,3
2019-07-13 06:00:00,34,16,18
2019-07-13 07:00:00,43,20,23
2019-07-13 08:00:00,76,26,50
2019-07-13 09:00:00,149,53,96
2019-07-13 10:00:00,179,74,105
2019-07-13 11:00:00,212,95,117
2019-07-13 12:00:00,191,84,107
2019-07-13 13:00:00,201,89,112
2019-07-13 14:00:00,202,103,99
2019-07-13 15:00:00,164,69,95
2019-07-13 16:00:00,178,100,78
2019-07-13 17:00:00,162,88,74
2019-07-13 18:00:00,107,51,56
2019-07-13 19:00:00,70,39,31
2019-07-13 20:00:00,37,25,12
2019-07-13 21:00:00,19,11,8
2019-07-13 22:00:00,18,14,4
2019-07-13 23:00:00,5,0,5
2019-07-14 00:00:00,1,1,0
2019-07-14 01:00:00,1,0,1
2019-07-14 02:00:00,0,0,0
2019-07-14 03:00:00,3,0,3
2019-07-14 04:00:00,0,0,0
2019-07-14 05:00:00,8,2,6
2019-07-14 06:00:00,17,5,12
2019-07-14 07:00:00,51,12,39
2019-07-14 08:00:00,95,45,50
2019-07-14 09:00:00,103,43,60
2019-07-14 10:00:00,161,77,84
2019-07-14 11:00:00,204,98,106
2019-07-14 12:00:00,178,80,98
2019-07-14 13:00:00,252,112,140
2019-07-14 14:00:00,231,120,111
2019-07-14 15:00:00,217,112,105
2019-07-14 16:00:00,215,107,108
2019-07-14 17:00:00,160,76,84
2019-07-14 18:00:00,123,64,59
2019-07-14 19:00:00,83,51,32
2019-07-14 20:00:00,37,17,20
2019-07-14 21:00:00,9,3,6
2019-07-14 22:00:00,1,0,1
2019-07-14 23:00:00,3,1,2
2019-07-15 00:00:00,0,0,0
2019-07-15 01:00:00,0,0,0
2019-07-15 02:00:00,0,0,0
2019-07-15 03:00:00,1,1,0
2019-07-15 04:00:00,3,3,0
2019-07-15 05:00:00,18,15,3
2019-07-15 06:00:00,48,36,12
2019-07-15 07:00:00,88,64,24
2019-07-15 08:00:00,100,79,21
2019-07-15 09:00:00,58,40,18
2019-07-15 10:00:00,34,21,13
2019-07-15 11:00:00,58,28,30
2019-07-15 12:00:00,47,25,22
2019-07-15 13:00:00,42,24,18
2019-07-15 14:00:00,44,17,27
2019-07-15 15:00:00,73,21,52
2019-07-15 16:00:00,123,30,93
2019-07-15 17:00:00,131,39,92
2019-07-15 18:00:00,118,30,88
2019-07-15 19:00:00,79,40,39
2019-07-15 20:00:00,39,19,20
2019-07-15 21:00:00,9,2,7
2019-07-15 22:00:00,4,2,2
2019-07-15 23:00:00,0,0,0
2019-07-16 00:00:00,0,0,0
2019-07-16 01:00:00,0,0,0
2019-07-16 02:00:00,0,0,0
2019-07-16 03:00:00,2,1,1
2019-07-16 04:00:00,3,2,1
2019-07-16 05:00:00,21,17,4
2019-07-16 06:00:00,65,45,20
2019-07-16 07:00:00,100,75,25
2019-07-16 08:00:00,117,86,31
2019-07-16 09:00:00,78,38,40
2019-07-16 10:00:00,79,49,30
2019-07-16 11:00:00,71,31,40
2019-07-16 12:00:00,53,23,30
2019-07-16 13:00:00,79,27,52
2019-07-16 14:00:00,96,50,46
2019-07-16 15:00:00,132,49,83
2019-07-16 16:00:00,127,37,90
2019-07-16 17:00:00,199,54,145
2019-07-16 18:00:00,174,48,126
2019-07-16 19:00:00,124,52,72
2019-07-16 20:00:00,59,39,20
2019-07-16 21:00:00,21,12,9
2019-07-16 22:00:00,10,5,5
2019-07-16 23:00:00,1,0,1
2019-07-17 00:00:00,0,0,0
2019-07-17 01:00:00,0,0,0
2019-07-17 02:00:00,1,0,1
2019-07-17 03:00:00,1,1,0
2019-07-17 04:00:00,4,4,0
2019-07-17 05:00:00,14,10,4
2019-07-17 06:00:00,22,16,6
2019-07-17 07:00:00,53,30,23
2019-07-17 08:00:00,61,50,11
2019-07-17 09:00:00,43,33,10
2019-07-17 10:00:00,35,21,14
2019-07-17 11:00:00,31,13,18
2019-07-17 12:00:00,36,13,23
2019-07-17 13:00:00,38,17,21
2019-07-17 14:00:00,28,14,14
2019-07-17 15:00:00,40,14,26
2019-07-17 16:00:00,69,29,40
2019-07-17 17:00:00,97,26,71
2019-07-17 18:00:00,65,15,50
2019-07-17 19:00:00,38,20,18
2019-07-17 20:00:00,22,15,7
2019-07-17 21:00:00,9,2,7
2019-07-17 22:00:00,5,3,2
2019-07-17 23:00:00,0,0,0
2019-07-18 00:00:00,0,0,0
2019-07-18 01:00:00,0,0,0
2019-07-18 02:00:00,1,0,1
2019-07-18 03:00:00,0,0,0
2019-07-18 04:00:00,2,2,0
2019-07-18 05:00:00,12,11,1
2019-07-18 06:00:00,46,35,11
2019-07-18 07:00:00,70,50,20
2019-07-18 08:00:00,80,55,25
2019-07-18 09:00:00,67,39,28
2019-07-18 10:00:00,65,33,32
2019-07-18 11:00:00,54,30,24
2019-07-18 12:00:00,64,26,38
2019-07-18 13:00:00,70,30,40
2019-07-18 14:00:00,89,47,42
2019-07-18 15:00:00,82,34,48
2019-07-18 16:00:00,108,45,63
2019-07-18 17:00:00,118,32,86
2019-07-18 18:00:00,138,44,94
2019-07-18 19:00:00,31,18,13
2019-07-18 20:00:00,15,10,5
2019-07-18 21:00:00,9,3,6
2019-07-18 22:00:00,3,0,3
2019-07-18 23:00:00,1,0,1
2019-07-19 00:00:00,1,1,0
2019-07-19 01:00:00,0,0,0
2019-07-19 02:00:00,3,1,2
2019-07-19 03:00:00,1,0,1
2019-07-19 04:00:00,2,2,0
2019-07-19 05:00:00,14,9,5
2019-07-19 06:00:00,36,31,5
2019-07-19 07:00:00,82,58,24
2019-07-19 08:00:00,83,64,19
2019-07-19 09:00:00,50,32,18
2019-07-19 10:00:00,67,29,38
2019-07-19 11:00:00,72,38,34
2019-07-19 12:00:00,47,22,25
2019-07-19 13:00:00,69,30,39
2019-07-19 14:00:00,83,33,50
2019-07-19 15:00:00,112,49,63
2019-07-19 16:00:00,153,48,105
2019-07-19 17:00:00,177,70,107
2019-07-19 18:00:00,127,53,74
2019-07-19 19:00:00,80,42,38
2019-07-19 20:00:00,39,13,26
2019-07-19 21:00:00,25,14,11
2019-07-19 22:00:00,9,6,3
2019-07-19 23:00:00,7,1,6
2019-07-20 00:00:00,2,0,2
2019-07-20 01:00:00,0,0,0
2019-07-20 02:00:00,0,0,0
2019-07-20 03:00:00,0,0,0
2019-07-20 04:00:00,0,0,0
2019-07-20 05:00:00,7,1,6
2019-07-20 06:00:00,15,8,7
2019-07-20 07:00:00,48,19,29
2019-07-20 08:00:00,119,57,62
2019-07-20 09:00:00,152,58,94
2019-07-20 10:00:00,237,91,146
2019-07-20 11:00:00,274,100,174
2019-07-20 12:00:00,244,116,128
2019-07-20 13:00:00,290,141,149
2019-07-20 14:00:00,259,128,131
2019-07-20 15:00:00,220,102,118
2019-07-20 16:00:00,174,77,97
2019-07-20 17:00:00,152,75,77
2019-07-20 18:00:00,124,69,55
2019-07-20 19:00:00,77,45,32
2019-07-20 20:00:00,47,23,24
2019-07-20 21:00:00,17,10,7
2019-07-20 22:00:00,7,2,5
2019-07-20 23:00:00,0,0,0
2019-07-21 00:00:00,2,0,2
2019-07-21 01:00:00,1,0,1
2019-07-21 02:00:00,1,1,0
2019-07-21 03:00:00,0,0,0
2019-07-21 04:00:00,1,1,0
2019-07-21 05:00:00,13,2,11
2019-07-21 06:00:00,22,9,13
2019-07-21 07:00:00,48,22,26
2019-07-21 08:00:00,116,38,78
2019-07-21 09:00:00,146,55,91
2019-07-21 10:00:00,232,91,141
2019-07-21 11:00:00,280,121,159
2019-07-21 12:00:00,254,123,131
2019-07-21 13:00:00,255,132,123
2019-07-21 14:00:00,203,89,114
2019-07-21 15:00:00,246,112,134
2019-07-21 16:00:00,156,76,80
2019-07-21 17:00:00,156,71,85
2019-07-21 18:00:00,91,53,38
2019-07-21 19:00:00,66,34,32
2019-07-21 20:00:00,35,20,15
2019-07-21 21:00:00,8,4,4
2019-07-21 22:00:00,3,1,2
2019-07-21 23:00:00,0,0,0
2019-07-22 00:00:00,0,0,0
2019-07-22 01:00:00,0,0,0
2019-07-22 02:00:00,2,0,2
2019-07-22 03:00:00,0,0,0
2019-07-22 04:00:00,4,3,1
2019-07-22 05:00:00,17,16,1
2019-07-22 06:00:00,59,48,11
2019-07-22 07:00:00,104,85,19
2019-07-22 08:00:00,122,96,26
2019-07-22 09:00:00,90,56,34
2019-07-22 10:00:00,78,43,35
2019-07-22 11:00:00,79,43,36
2019-07-22 12:00:00,94,43,51
2019-07-22 13:00:00,103,42,61
2019-07-22 14:00:00,75,31,44
2019-07-22 15:00:00,92,33,59
2019-07-22 16:00:00,127,47,80
2019-07-22 17:00:00,181,48,133
2019-07-22 18:00:00,166,49,117
2019-07-22 19:00:00,89,39,50
2019-07-22 20:00:00,61,22,39
2019-07-22 21:00:00,19,10,9
2019-07-22 22:00:00,4,2,2
2019-07-22 23:00:00,1,0,1
2019-07-23 00:00:00,1,0,1
2019-07-23 01:00:00,1,1,0
2019-07-23 02:00:00,0,0,0
2019-07-23 03:00:00,2,2,0
2019-07-23 04:00:00,2,2,0
2019-07-23 05:00:00,25,17,8
2019-07-23 06:00:00,62,44,18
2019-07-23 07:00:00,122,95,27
2019-07-23 08:00:00,124,88,36
2019-07-23 09:00:00,74,43,31
2019-07-23 10:00:00,48,24,24
2019-07-23 11:00:00,77,31,46
2019-07-23 12:00:00,75,36,39
2019-07-23 13:00:00,52,26,26
2019-07-23 14:00:00,74,39,35
2019-07-23 15:00:00,96,36,60
2019-07-23 16:00:00,129,50,79
2019-07-23 17:00:00,191,54,137
2019-07-23 18:00:00,187,56,131
2019-07-23 19:00:00,80,32,48
2019-07-23 20:00:00,44,25,19
2019-07-23 21:00:00,8,4,4
2019-07-23 22:00:00,2,2,0
2019-07-23 23:00:00,0,0,0
2019-07-24 00:00:00,0,0,0
2019-07-24 01:00:00,0,0,0
2019-07-24 02:00:00,0,0,0
2019-07-24 03:00:00,2,2,0
2019-07-24 04:00:00,2,1,1
2019-07-24 05:00:00,21,16,5
2019-07-24 06:00:00,66,45,21
2019-07-24 07:00:00,93,78,15
2019-07-24 08:00:00,100,83,17
2019-07-24 09:00:00,75,42,33
2019-07-24 10:00:00,64,27,37
2019-07-24 11:00:00,64,33,31
2019-07-24 12:00:00,79,49,30
2019-07-24 13:00:00,95,47,48
2019-07-24 14:00:00,93,46,47
2019-07-24 15:00:00,106,32,74
2019-07-24 16:00:00,158,55,103
2019-07-24 17:00:00,183,44,139
2019-07-24 18:00:00,201,66,135
2019-07-24 19:00:00,87,48,39
2019-07-24 20:00:00,57,29,28
2019-07-24 21:00:00,19,9,10
2019-07-24 22:00:00,4,0,4
2019-07-24 23:00:00,0,0,0
2019-07-25 00:00:00,0,0,0
2019-07-25 01:00:00,0,0,0
2019-07-25 02:00:00,0,0,0
2019-07-25 03:00:00,3,1,2
2019-07-25 04:00:00,2,1,1
2019-07-25 05:00:00,19,14,5
2019-07-25 06:00:00,52,42,10
2019-07-25 07:00:00,98,73,25
2019-07-25 08:00:00,100,80,20
2019-07-25 09:00:00,72,37,35
2019-07-25 10:00:00,91,39,52
2019-07-25 11:00:00,101,42,59
2019-07-25 12:00:00,90,43,47
2019-07-25 13:00:00,98,47,51
2019-07-25 14:00:00,81,36,45
2019-07-25 15:00:00,109,44,65
2019-07-25 16:00:00,133,47,86
2019-07-25 17:00:00,167,47,120
2019-07-25 18:00:00,147,53,94
2019-07-25 19:00:00,106,43,63
2019-07-25 20:00:00,65,31,34
2019-07-25 21:00:00,22,14,8
2019-07-25 22:00:00,7,1,6
2019-07-25 23:00:00,1,0,1
2019-07-26 00:00:00,1,0,1
2019-07-26 01:00:00,0,0,0
2019-07-26 02:00:00,1,1,0
2019-07-26 03:00:00,1,0,1
2019-07-26 04:00:00,2,2,0
2019-07-26 05:00:00,11,9,2
2019-07-26 06:00:00,51,37,14
2019-07-26 07:00:00,93,58,35
2019-07-26 08:00:00,113,78,35
2019-07-26 09:00:00,92,54,38
2019-07-26 10:00:00,114,62,52
2019-07-26 11:00:00,74,26,48
2019-07-26 12:00:00,101,52,49
2019-07-26 13:00:00,91,44,47
2019-07-26 14:00:00,96,52,44
2019-07-26 15:00:00,108,42,66
2019-07-26 16:00:00,152,41,111
2019-07-26 17:00:00,164,65,99
2019-07-26 18:00:00,121,36,85
2019-07-26 19:00:00,97,35,62
2019-07-26 20:00:00,51,32,19
2019-07-26 21:00:00,19,13,6
2019-07-26 22:00:00,11,3,8
2019-07-26 23:00:00,2,0,2
2019-07-27 00:00:00,1,0,1
2019-07-27 01:00:00,0,0,0
2019-07-27 02:00:00,0,0,0
2019-07-27 03:00:00,2,0,2
2019-07-27 04:00:00,4,1,3
2019-07-27 05:00:00,3,2,1
2019-07-27 06:00:00,18,5,13
2019-07-27 07:00:00,21,11,10
2019-07-27 08:00:00,45,13,32
2019-07-27 09:00:00,72,23,49
2019-07-27 10:00:00,77,29,48
2019-07-27 11:00:00,139,53,86
2019-07-27 12:00:00,191,76,115
2019-07-27 13:00:00,155,77,78
2019-07-27 14:00:00,141,76,65
2019-07-27 15:00:00,184,87,97
2019-07-27 16:00:00,121,71,50
2019-07-27 17:00:00,105,44,61
2019-07-27 18:00:00,80,44,36
2019-07-27 19:00:00,50,18,32
2019-07-27 20:00:00,29,19,10
2019-07-27 21:00:00,9,6,3
2019-07-27 22:00:00,5,2,3
2019-07-27 23:00:00,3,2,1
2019-07-28 00:00:00,2,2,0
2019-07-28 01:00:00,2,0,2
2019-07-28 02:00:00,0,0,0
2019-07-28 03:00:00,1,0,1
2019-07-28 04:00:00,0,0,0
2019-07-28 05:00:00,5,0,5
2019-07-28 06:00:00,20,6,14
2019-07-28 07:00:00,58,20,38
2019-07-28 08:00:00,121,50,71
2019-07-28 09:00:00,141,53,88
2019-07-28 10:00:00,243,90,153
2019-07-28 11:00:00,276,128,148
2019-07-28 12:00:00,291,126,165
2019-07-28 13:00:00,256,105,151
2019-07-28 14:00:00,234,122,112
2019-07-28 15:00:00,233,104,129
2019-07-28 16:00:00,208,105,103
2019-07-28 17:00:00,193,100,93
2019-07-28 18:00:00,131,71,60
2019-07-28 19:00:00,86,53,33
2019-07-28 20:00:00,52,35,17
2019-07-28 21:00:00,11,8,3
2019-07-28 22:00:00,3,2,1
2019-07-28 23:00:00,1,0,1
2019-07-29 00:00:00,0,0,0
2019-07-29 01:00:00,0,0,0
2019-07-29 02:00:00,0,0,0
2019-07-29 03:00:00,1,1,0
2019-07-29 04:00:00,4,3,1
2019-07-29 05:00:00,21,15,6
2019-07-29 06:00:00,53,41,12
2019-07-29 07:00:00,107,83,24
2019-07-29 08:00:00,99,81,18
2019-07-29 09:00:00,67,38,29
2019-07-29 10:00:00,93,46,47
2019-07-29 11:00:00,76,35,41
2019-07-29 12:00:00,77,46,31
2019-07-29 13:00:00,82,41,41
2019-07-29 14:00:00,92,49,43
2019-07-29 15:00:00,105,34,71
2019-07-29 16:00:00,145,41,104
2019-07-29 17:00:00,207,58,149
2019-07-29 18:00:00,181,62,119
2019-07-29 19:00:00,126,55,71
2019-07-29 20:00:00,53,27,26
2019-07-29 21:00:00,18,8,10
2019-07-29 22:00:00,4,3,1
2019-07-29 23:00:00,0,0,0
2019-07-30 00:00:00,0,0,0
2019-07-30 01:00:00,1,0,1
2019-07-30 02:00:00,0,0,0
2019-07-30 03:00:00,3,2,1
2019-07-30 04:00:00,4,4,0
2019-07-30 05:00:00,21,15,6
2019-07-30 06:00:00,77,55,22
2019-07-30 07:00:00,117,82,35
2019-07-30 08:00:00,125,89,36
2019-07-30 09:00:00,61,41,20
2019-07-30 10:00:00,80,39,41
2019-07-30 11:00:00,73,43,30
2019-07-30 12:00:00,61,41,20
2019-07-30 13:00:00,71,20,51
2019-07-30 14:00:00,68,39,29
2019-07-30 15:00:00,89,32,57
2019-07-30 16:00:00,152,44,108
2019-07-30 17:00:00,218,52,166
2019-07-30 18:00:00,154,48,106
2019-07-30 19:00:00,129,63,66
2019-07-30 20:00:00,56,27,29
2019-07-30 21:00:00,20,12,8
2019-07-30 22:00:00,4,2,2
2019-07-30 23:00:00,0,0,0
2019-07-31 00:00:00,0,0,0
2019-07-31 01:00:00,0,0,0
2019-07-31 02:00:00,1,0,1
2019-07-31 03:00:00,1,1,0
2019-07-31 04:00:00,3,2,1
2019-07-31 05:00:00,17,13,4
2019-07-31 06:00:00,74,54,20
2019-07-31 07:00:00,107,85,22
2019-07-31 08:00:00,112,84,28
2019-07-31 09:00:00,84,47,37
2019-07-31 10:00:00,69,34,35
2019-07-31 11:00:00,89,45,44
2019-07-31 12:00:00,76,41,35
2019-07-31 13:00:00,111,43,68
2019-07-31 14:00:00,70,36,34
2019-07-31 15:00:00,91,32,59
2019-07-31 16:00:00,154,47,107
2019-07-31 17:00:00,214,55,159
2019-07-31 18:00:00,198,53,145
2019-07-31 19:00:00,101,42,59
2019-07-31 20:00:00,63,34,29
2019-07-31 21:00:00,23,10,13
2019-07-31 22:00:00,5,3,2
2019-07-31 23:00:00,0,0,0
2019-08-07 13:00:00,98,43,55
2019-08-07 14:00:00,67,38,29
2019-08-07 15:00:00,107,55,52
2019-08-07 16:00:00,133,38,95
2019-08-07 17:00:00,194,48,146
2019-08-07 18:00:00,174,63,111
2019-08-07 19:00:00,121,52,69
2019-08-07 20:00:00,60,32,28
2019-08-07 21:00:00,14,8,6
2019-08-07 22:00:00,3,1,2
2019-08-07 23:00:00,2,2,0
2019-08-08 00:00:00,0,0,0
2019-08-08 01:00:00,0,0,0
2019-08-08 02:00:00,0,0,0
2019-08-08 03:00:00,1,1,0
2019-08-08 04:00:00,1,1,0
2019-08-08 05:00:00,16,13,3
2019-08-08 06:00:00,55,38,17
2019-08-08 07:00:00,79,55,24
2019-08-08 08:00:00,105,81,24
2019-08-08 09:00:00,66,42,24
2019-08-08 10:00:00,57,28,29
2019-08-08 11:00:00,83,46,37
2019-08-08 12:00:00,79,29,50
2019-08-08 13:00:00,71,28,43
2019-08-08 14:00:00,70,39,31
2019-08-08 15:00:00,84,38,46
2019-08-08 16:00:00,136,45,91
2019-08-08 17:00:00,162,44,118
2019-08-08 18:00:00,128,41,87
2019-08-08 19:00:00,96,42,54
2019-08-08 20:00:00,19,11,8
2019-08-08 21:00:00,11,6,5
2019-08-08 22:00:00,4,1,3
2019-08-08 23:00:00,0,0,0
2019-08-09 00:00:00,2,0,2
2019-08-09 01:00:00,1,1,0
2019-08-09 02:00:00,0,0,0
2019-08-09 03:00:00,2,1,1
2019-08-09 04:00:00,4,4,0
2019-08-09 05:00:00,15,8,7
2019-08-09 06:00:00,51,33,18
2019-08-09 07:00:00,88,62,26
2019-08-09 08:00:00,75,53,22
2019-08-09 09:00:00,58,35,23
2019-08-09 10:00:00,84,41,43
2019-08-09 11:00:00,81,37,44
2019-08-09 12:00:00,87,50,37
2019-08-09 13:00:00,85,36,49
2019-08-09 14:00:00,98,40,58
2019-08-09 15:00:00,123,47,76
2019-08-09 16:00:00,147,66,81
2019-08-09 17:00:00,146,44,102
2019-08-09 18:00:00,123,45,78
2019-08-09 19:00:00,46,26,20
2019-08-09 20:00:00,30,14,16
2019-08-09 21:00:00,11,0,11
2019-08-09 22:00:00,7,4,3
2019-08-09 23:00:00,1,0,1
2019-08-10 00:00:00,0,0,0
2019-08-10 01:00:00,1,0,1
2019-08-10 02:00:00,3,1,2
2019-08-10 03:00:00,1,0,1
2019-08-10 04:00:00,1,1,0
2019-08-10 05:00:00,4,2,2
2019-08-10 06:00:00,3,1,2
2019-08-10 07:00:00,14,4,10
2019-08-10 08:00:00,7,3,4
2019-08-10 09:00:00,17,9,8
2019-08-10 10:00:00,14,6,8
2019-08-10 11:00:00,62,14,48
2019-08-10 12:00:00,117,39,78
2019-08-10 13:00:00,162,48,114
2019-08-10 14:00:00,144,48,96
2019-08-10 15:00:00,200,94,106
2019-08-10 16:00:00,194,107,87
2019-08-10 17:00:00,166,88,78
2019-08-10 18:00:00,87,42,45
2019-08-10 19:00:00,72,51,21
2019-08-10 20:00:00,32,18,14
2019-08-10 21:00:00,10,4,6
2019-08-10 22:00:00,7,7,0
2019-08-10 23:00:00,0,0,0
2019-08-11 00:00:00,1,1,0
2019-08-11 01:00:00,0,0,0
2019-08-11 02:00:00,0,0,0
2019-08-11 03:00:00,0,0,0
2019-08-11 04:00:00,0,0,0
2019-08-11 05:00:00,6,1,5
2019-08-11 06:00:00,13,3,10
2019-08-11 07:00:00,41,8,33
2019-08-11 08:00:00,71,27,44
2019-08-11 09:00:00,143,49,94
2019-08-11 10:00:00,137,60,77
2019-08-11 11:00:00,218,67,151
2019-08-11 12:00:00,208,100,108
2019-08-11 13:00:00,208,103,105
2019-08-11 14:00:00,203,107,96
2019-08-11 15:00:00,203,102,101
2019-08-11 16:00:00,125,81,44
2019-08-11 17:00:00,95,44,51
2019-08-11 18:00:00,61,37,24
2019-08-11 19:00:00,28,14,14
2019-08-11 20:00:00,24,15,9
2019-08-11 21:00:00,13,6,7
2019-08-11 22:00:00,2,2,0
2019-08-11 23:00:00,0,0,0
2019-08-12 00:00:00,0,0,0
2019-08-12 01:00:00,0,0,0
2019-08-12 02:00:00,0,0,0
2019-08-12 03:00:00,1,1,0
2019-08-12 04:00:00,2,2,0
2019-08-12 05:00:00,20,17,3
2019-08-12 06:00:00,64,51,13
2019-08-12 07:00:00,106,82,24
2019-08-12 08:00:00,126,96,30
2019-08-12 09:00:00,72,45,27
2019-08-12 10:00:00,60,32,28
2019-08-12 11:00:00,89,48,41
2019-08-12 12:00:00,71,40,31
2019-08-12 13:00:00,92,38,54
2019-08-12 14:00:00,86,28,58
2019-08-12 15:00:00,104,51,53
2019-08-12 16:00:00,130,40,90
2019-08-12 17:00:00,215,63,152
2019-08-12 18:00:00,168,50,118
2019-08-12 19:00:00,108,42,66
2019-08-12 20:00:00,54,32,22
2019-08-12 21:00:00,11,4,7
2019-08-12 22:00:00,7,2,5
2019-08-12 23:00:00,0,0,0
2019-08-13 00:00:00,1,0,1
2019-08-13 01:00:00,0,0,0
2019-08-13 02:00:00,0,0,0
2019-08-13 03:00:00,2,0,2
2019-08-13 04:00:00,5,5,0
2019-08-13 05:00:00,19,13,6
2019-08-13 06:00:00,61,45,16
2019-08-13 07:00:00,130,93,37
2019-08-13 08:00:00,127,82,45
2019-08-13 09:00:00,115,69,46
2019-08-13 10:00:00,97,50,47
2019-08-13 11:00:00,80,47,33
2019-08-13 12:00:00,83,42,41
2019-08-13 13:00:00,77,36,41
2019-08-13 14:00:00,93,45,48
2019-08-13 15:00:00,117,50,67
2019-08-13 16:00:00,174,57,117
2019-08-13 17:00:00,219,80,139
2019-08-13 18:00:00,195,71,124
2019-08-13 19:00:00,130,59,71
2019-08-13 20:00:00,62,28,34
2019-08-13 21:00:00,18,12,6
2019-08-13 22:00:00,6,1,5
2019-08-13 23:00:00,3,0,3
2019-08-14 00:00:00,0,0,0
2019-08-14 01:00:00,1,1,0
2019-08-14 02:00:00,1,0,1
2019-08-14 03:00:00,1,1,0
2019-08-14 04:00:00,4,4,0
2019-08-14 05:00:00,18,15,3
2019-08-14 06:00:00,78,55,23
2019-08-14 07:00:00,102,75,27
2019-08-14 08:00:00,135,83,52
2019-08-14 09:00:00,83,43,40
2019-08-14 10:00:00,92,41,51
2019-08-14 11:00:00,111,47,64
2019-08-14 12:00:00,98,58,40
2019-08-14 13:00:00,82,44,38
2019-08-14 14:00:00,101,37,64
2019-08-14 15:00:00,91,39,52
2019-08-14 16:00:00,132,45,87
2019-08-14 17:00:00,205,61,144
2019-08-14 18:00:00,164,64,100
2019-08-14 19:00:00,102,43,59
2019-08-14 20:00:00,50,28,22
2019-08-14 21:00:00,17,5,12
2019-08-14 22:00:00,6,4,2
2019-08-14 23:00:00,1,0,1
2019-08-15 00:00:00,0,0,0
2019-08-15 01:00:00,0,0,0
2019-08-15 02:00:00,0,0,0
2019-08-15 03:00:00,0,0,0
2019-08-15 04:00:00,2,2,0
2019-08-15 05:00:00,13,9,4
2019-08-15 06:00:00,63,51,12
2019-08-15 07:00:00,99,75,24
2019-08-15 08:00:00,113,83,30
2019-08-15 09:00:00,84,49,35
2019-08-15 10:00:00,71,31,40
2019-08-15 11:00:00,84,37,47
2019-08-15 12:00:00,87,26,61
2019-08-15 13:00:00,104,53,51
2019-08-15 14:00:00,92,41,51
2019-08-15 15:00:00,95,44,51
2019-08-15 16:00:00,148,38,110
2019-08-15 17:00:00,171,65,106
2019-08-15 18:00:00,169,52,117
2019-08-15 19:00:00,91,39,52
2019-08-15 20:00:00,51,25,26
2019-08-15 21:00:00,16,9,7
2019-08-15 22:00:00,2,1,1
2019-08-15 23:00:00,0,0,0
2019-08-16 00:00:00,2,2,0
2019-08-16 01:00:00,1,0,1
2019-08-16 02:00:00,0,0,0
2019-08-16 03:00:00,1,1,0
2019-08-16 04:00:00,3,3,0
2019-08-16 05:00:00,14,7,7
2019-08-16 06:00:00,58,41,17
2019-08-16 07:00:00,94,63,31
2019-08-16 08:00:00,109,69,40
2019-08-16 09:00:00,79,44,35
2019-08-16 10:00:00,62,30,32
2019-08-16 11:00:00,71,28,43
2019-08-16 12:00:00,87,47,40
2019-08-16 13:00:00,106,48,58
2019-08-16 14:00:00,84,41,43
2019-08-16 15:00:00,102,41,61
2019-08-16 16:00:00,133,43,90
2019-08-16 17:00:00,140,48,92
2019-08-16 18:00:00,101,34,67
2019-08-16 19:00:00,58,24,34
2019-08-16 20:00:00,31,14,17
2019-08-16 21:00:00,19,11,8
2019-08-16 22:00:00,5,4,1
2019-08-16 23:00:00,12,8,4
2019-08-17 00:00:00,3,0,3
2019-08-17 01:00:00,2,1,1
2019-08-17 02:00:00,0,0,0
2019-08-17 03:00:00,0,0,0
2019-08-17 04:00:00,0,0,0
2019-08-17 05:00:00,4,3,1
2019-08-17 06:00:00,14,5,9
2019-08-17 07:00:00,71,22,49
2019-08-17 08:00:00,130,35,95
2019-08-17 09:00:00,121,55,66
2019-08-17 10:00:00,196,68,128
2019-08-17 11:00:00,199,92,107
2019-08-17 12:00:00,207,96,111
2019-08-17 13:00:00,204,86,118
2019-08-17 14:00:00,219,91,128
2019-08-17 15:00:00,174,91,83
2019-08-17 16:00:00,152,76,76
2019-08-17 17:00:00,119,73,46
2019-08-17 18:00:00,73,46,27
2019-08-17 19:00:00,68,41,27
2019-08-17 20:00:00,38,28,10
2019-08-17 21:00:00,17,13,4
2019-08-17 22:00:00,2,1,1
2019-08-17 23:00:00,3,2,1
2019-08-18 00:00:00,0,0,0
2019-08-18 01:00:00,0,0,0
2019-08-18 02:00:00,0,0,0
2019-08-18 03:00:00,0,0,0
2019-08-18 04:00:00,0,0,0
2019-08-18 05:00:00,3,0,3
2019-08-18 06:00:00,23,8,15
2019-08-18 07:00:00,37,16,21
2019-08-18 08:00:00,86,33,53
2019-08-18 09:00:00,109,37,72
2019-08-18 10:00:00,189,79,110
2019-08-18 11:00:00,219,87,132
2019-08-18 12:00:00,193,91,102
2019-08-18 13:00:00,265,134,131
2019-08-18 14:00:00,206,103,103
2019-08-18 15:00:00,208,101,107
2019-08-18 16:00:00,203,89,114
2019-08-18 17:00:00,137,68,69
2019-08-18 18:00:00,102,59,43
2019-08-18 19:00:00,59,42,17
2019-08-18 20:00:00,25,9,16
2019-08-18 21:00:00,5,4,1
2019-08-18 22:00:00,3,0,3
2019-08-18 23:00:00,0,0,0
2019-08-19 00:00:00,2,0,2
2019-08-19 01:00:00,0,0,0
2019-08-19 02:00:00,0,0,0
2019-08-19 03:00:00,1,1,0
2019-08-19 04:00:00,4,3,1
2019-08-19 05:00:00,14,10,4
2019-08-19 06:00:00,49,40,9
2019-08-19 07:00:00,80,60,20
2019-08-19 08:00:00,110,88,22
2019-08-19 09:00:00,70,49,21
2019-08-19 10:00:00,63,34,29
2019-08-19 11:00:00,106,34,72
2019-08-19 12:00:00,67,24,43
2019-08-19 13:00:00,83,46,37
2019-08-19 14:00:00,61,25,36
2019-08-19 15:00:00,96,35,61
2019-08-19 16:00:00,129,50,79
2019-08-19 17:00:00,179,41,138
2019-08-19 18:00:00,149,53,96
2019-08-19 19:00:00,85,43,42
2019-08-19 20:00:00,32,14,18
2019-08-19 21:00:00,7,2,5
2019-08-19 22:00:00,8,7,1
2019-08-19 23:00:00,0,0,0
2019-08-20 00:00:00,1,0,1
2019-08-20 01:00:00,0,0,0
2019-08-20 02:00:00,0,0,0
2019-08-20 03:00:00,0,0,0
2019-08-20 04:00:00,5,5,0
2019-08-20 05:00:00,13,8,5
2019-08-20 06:00:00,69,54,15
2019-08-20 07:00:00,112,82,30
2019-08-20 08:00:00,122,83,39
2019-08-20 09:00:00,73,36,37
2019-08-20 10:00:00,93,41,52
2019-08-20 11:00:00,78,37,41
2019-08-20 12:00:00,95,49,46
2019-08-20 13:00:00,101,48,53
2019-08-20 14:00:00,85,36,49
2019-08-20 15:00:00,113,46,67
2019-08-20 16:00:00,152,53,99
2019-08-20 17:00:00,199,56,143
2019-08-20 18:00:00,182,70,112
2019-08-20 19:00:00,100,38,62
2019-08-20 20:00:00,26,12,14
2019-08-20 21:00:00,8,7,1
2019-08-20 22:00:00,4,2,2
2019-08-20 23:00:00,2,0,2
2019-08-21 00:00:00,0,0,0
2019-08-21 01:00:00,0,0,0
2019-08-21 02:00:00,0,0,0
2019-08-21 03:00:00,0,0,0
2019-08-21 04:00:00,0,0,0
2019-08-21 05:00:00,5,4,1
2019-08-21 06:00:00,24,19,5
2019-08-21 07:00:00,42,27,15
2019-08-21 08:00:00,45,32,13
2019-08-21 09:00:00,23,14,9
2019-08-21 10:00:00,23,14,9
2019-08-21 11:00:00,32,8,24
2019-08-21 12:00:00,16,7,9
2019-08-21 13:00:00,27,13,14
2019-08-21 14:00:00,49,29,20
2019-08-21 15:00:00,42,11,31
2019-08-21 16:00:00,59,21,38
2019-08-21 17:00:00,81,24,57
2019-08-21 18:00:00,65,19,46
2019-08-21 19:00:00,18,11,7
2019-08-21 20:00:00,7,1,6
2019-08-21 21:00:00,5,1,4
2019-08-21 22:00:00,0,0,0
2019-08-21 23:00:00,0,0,0
2019-08-22 00:00:00,1,0,1
2019-08-22 01:00:00,0,0,0
2019-08-22 02:00:00,0,0,0
2019-08-22 03:00:00,1,1,0
2019-08-22 04:00:00,1,1,0
2019-08-22 05:00:00,9,5,4
2019-08-22 06:00:00,55,42,13
2019-08-22 07:00:00,105,74,31
2019-08-22 08:00:00,86,54,32
2019-08-22 09:00:00,74,42,32
2019-08-22 10:00:00,49,25,24
2019-08-22 11:00:00,65,32,33
2019-08-22 12:00:00,73,42,31
2019-08-22 13:00:00,91,41,50
2019-08-22 14:00:00,99,44,55
2019-08-22 15:00:00,91,31,60
2019-08-22 16:00:00,122,53,69
2019-08-22 17:00:00,147,37,110
2019-08-22 18:00:00,150,53,97
2019-08-22 19:00:00,97,40,57
2019-08-22 20:00:00,39,23,16
2019-08-22 21:00:00,9,1,8
2019-08-22 22:00:00,6,4,2
2019-08-22 23:00:00,1,0,1
2019-08-23 00:00:00,0,0,0
2019-08-23 01:00:00,1,0,1
2019-08-23 02:00:00,0,0,0
2019-08-23 03:00:00,2,2,0
2019-08-23 04:00:00,2,2,0
2019-08-23 05:00:00,82,8,74
2019-08-23 06:00:00,1039,78,961
2019-08-23 07:00:00,714,63,651
2019-08-23 08:00:00,97,59,38
2019-08-23 09:00:00,65,43,22
2019-08-23 10:00:00,60,24,36
2019-08-23 11:00:00,81,41,40
2019-08-23 12:00:00,59,32,27
2019-08-23 13:00:00,76,34,42
2019-08-23 14:00:00,80,31,49
2019-08-23 15:00:00,97,35,62
2019-08-23 16:00:00,122,48,74
2019-08-23 17:00:00,125,39,86
2019-08-23 18:00:00,93,32,61
2019-08-23 19:00:00,50,20,30
2019-08-23 20:00:00,19,8,11
2019-08-23 21:00:00,8,5,3
2019-08-23 22:00:00,5,1,4
2019-08-23 23:00:00,0,0,0
2019-08-24 00:00:00,3,0,3
2019-08-24 01:00:00,0,0,0
2019-08-24 02:00:00,1,1,0
2019-08-24 03:00:00,0,0,0
2019-08-24 04:00:00,1,0,1
2019-08-24 05:00:00,6,3,3
2019-08-24 06:00:00,17,6,11
2019-08-24 07:00:00,30,14,16
2019-08-24 08:00:00,82,24,58
2019-08-24 09:00:00,99,39,60
2019-08-24 10:00:00,154,48,106
2019-08-24 11:00:00,155,75,80
2019-08-24 12:00:00,183,89,94
2019-08-24 13:00:00,176,78,98
2019-08-24 14:00:00,182,79,103
2019-08-24 15:00:00,164,73,91
2019-08-24 16:00:00,128,78,50
2019-08-24 17:00:00,134,69,65
2019-08-24 18:00:00,69,33,36
2019-08-24 19:00:00,54,31,23
2019-08-24 20:00:00,25,15,10
2019-08-24 21:00:00,8,8,0
2019-08-24 22:00:00,4,0,4
2019-08-24 23:00:00,6,4,2
2019-08-25 00:00:00,2,0,2
2019-08-25 01:00:00,0,0,0
2019-08-25 02:00:00,0,0,0
2019-08-25 03:00:00,0,0,0
2019-08-25 04:00:00,2,0,2
2019-08-25 05:00:00,2,0,2
2019-08-25 06:00:00,9,2,7
2019-08-25 07:00:00,21,9,12
2019-08-25 08:00:00,95,36,59
2019-08-25 09:00:00,112,30,82
2019-08-25 10:00:00,165,76,89
2019-08-25 11:00:00,196,109,87
2019-08-25 12:00:00,183,79,104
2019-08-25 13:00:00,177,66,111
2019-08-25 14:00:00,183,84,99
2019-08-25 15:00:00,206,85,121
2019-08-25 16:00:00,170,91,79
2019-08-25 17:00:00,137,67,70
2019-08-25 18:00:00,107,60,47
2019-08-25 19:00:00,48,25,23
2019-08-25 20:00:00,22,14,8
2019-08-25 21:00:00,4,1,3
2019-08-25 22:00:00,2,1,1
2019-08-25 23:00:00,2,2,0
2019-08-26 00:00:00,0,0,0
2019-08-26 01:00:00,0,0,0
2019-08-26 02:00:00,2,0,2
2019-08-26 03:00:00,0,0,0
2019-08-26 04:00:00,3,3,0
2019-08-26 05:00:00,14,11,3
2019-08-26 06:00:00,52,36,16
2019-08-26 07:00:00,87,69,18
2019-08-26 08:00:00,98,76,22
2019-08-26 09:00:00,71,46,25
2019-08-26 10:00:00,82,30,52
2019-08-26 11:00:00,89,52,37
2019-08-26 12:00:00,105,61,44
2019-08-26 13:00:00,81,36,45
2019-08-26 14:00:00,98,35,63
2019-08-26 15:00:00,115,50,65
2019-08-26 16:00:00,129,48,81
2019-08-26 17:00:00,167,58,109
2019-08-26 18:00:00,155,46,109
2019-08-26 19:00:00,81,36,45
2019-08-26 20:00:00,20,8,12
2019-08-26 21:00:00,10,2,8
2019-08-26 22:00:00,2,0,2
2019-08-26 23:00:00,3,1,2
2019-08-27 00:00:00,1,0,1
2019-08-27 01:00:00,1,0,1
2019-08-27 02:00:00,0,0,0
2019-08-27 03:00:00,1,1,0
2019-08-27 04:00:00,3,3,0
2019-08-27 05:00:00,20,15,5
2019-08-27 06:00:00,57,44,13
2019-08-27 07:00:00,101,81,20
2019-08-27 08:00:00,92,62,30
2019-08-27 09:00:00,102,51,51
2019-08-27 10:00:00,57,27,30
2019-08-27 11:00:00,94,49,45
2019-08-27 12:00:00,74,45,29
2019-08-27 13:00:00,81,35,46
2019-08-27 14:00:00,98,57,41
2019-08-27 15:00:00,116,38,78
2019-08-27 16:00:00,164,54,110
2019-08-27 17:00:00,172,64,108
2019-08-27 18:00:00,157,47,110
2019-08-27 19:00:00,98,46,52
2019-08-27 20:00:00,56,29,27
2019-08-27 21:00:00,19,9,10
2019-08-27 22:00:00,5,1,4
2019-08-27 23:00:00,6,1,5
2019-08-28 00:00:00,0,0,0
2019-08-28 01:00:00,1,0,1
2019-08-28 02:00:00,1,0,1
2019-08-28 03:00:00,1,1,0
2019-08-28 04:00:00,1,1,0
2019-08-28 05:00:00,24,18,6
2019-08-28 06:00:00,55,39,16
2019-08-28 07:00:00,106,81,25
2019-08-28 08:00:00,117,76,41
2019-08-28 09:00:00,87,59,28
2019-08-28 10:00:00,95,50,45
2019-08-28 11:00:00,78,49,29
2019-08-28 12:00:00,68,39,29
2019-08-28 13:00:00,71,29,42
2019-08-28 14:00:00,73,31,42
2019-08-28 15:00:00,96,34,62
2019-08-28 16:00:00,134,39,95
2019-08-28 17:00:00,157,75,82
2019-08-28 18:00:00,195,63,132
2019-08-28 19:00:00,90,49,41
2019-08-28 20:00:00,40,20,20
2019-08-28 21:00:00,11,5,6
2019-08-28 22:00:00,4,1,3
2019-08-28 23:00:00,4,1,3
2019-08-29 00:00:00,1,0,1
2019-08-29 01:00:00,0,0,0
2019-08-29 02:00:00,0,0,0
2019-08-29 03:00:00,0,0,0
2019-08-29 04:00:00,2,2,0
2019-08-29 05:00:00,12,9,3
2019-08-29 06:00:00,56,44,12
2019-08-29 07:00:00,93,69,24
2019-08-29 08:00:00,102,77,25
2019-08-29 09:00:00,89,52,37
2019-08-29 10:00:00,67,38,29
2019-08-29 11:00:00,79,37,42
2019-08-29 12:00:00,63,28,35
2019-08-29 13:00:00,73,27,46
2019-08-29 14:00:00,62,30,32
2019-08-29 15:00:00,83,36,47
2019-08-29 16:00:00,118,38,80
2019-08-29 17:00:00,154,45,109
2019-08-29 18:00:00,89,28,61
2019-08-29 19:00:00,26,6,20
2019-08-29 20:00:00,8,4,4
2019-08-29 21:00:00,7,3,4
2019-08-29 22:00:00,0,0,0
2019-08-29 23:00:00,2,0,2
2019-08-30 00:00:00,4,0,4
2019-08-30 01:00:00,0,0,0
2019-08-30 02:00:00,0,0,0
2019-08-30 03:00:00,0,0,0
2019-08-30 04:00:00,3,3,0
2019-08-30 05:00:00,12,8,4
2019-08-30 06:00:00,43,33,10
2019-08-30 07:00:00,50,33,17
2019-08-30 08:00:00,79,60,19
2019-08-30 09:00:00,64,31,33
2019-08-30 10:00:00,49,21,28
2019-08-30 11:00:00,80,47,33
2019-08-30 12:00:00,90,44,46
2019-08-30 13:00:00,81,29,52
2019-08-30 14:00:00,104,53,51
2019-08-30 15:00:00,81,32,49
2019-08-30 16:00:00,146,48,98
2019-08-30 17:00:00,153,52,101
2019-08-30 18:00:00,134,47,87
2019-08-30 19:00:00,43,16,27
2019-08-30 20:00:00,21,15,6
2019-08-30 21:00:00,8,3,5
2019-08-30 22:00:00,5,2,3
2019-08-30 23:00:00,2,0,2
2019-08-31 00:00:00,0,0,0
2019-08-31 01:00:00,1,0,1
2019-08-31 02:00:00,0,0,0
2019-08-31 03:00:00,0,0,0
2019-08-31 04:00:00,1,0,1
2019-08-31 05:00:00,1,1,0
2019-08-31 06:00:00,17,4,13
2019-08-31 07:00:00,38,15,23
2019-08-31 08:00:00,73,27,46
2019-08-31 09:00:00,101,48,53
2019-08-31 10:00:00,156,71,85
2019-08-31 11:00:00,167,80,87
2019-08-31 12:00:00,202,99,103
2019-08-31 13:00:00,178,96,82
2019-08-31 14:00:00,177,81,96
2019-08-31 15:00:00,165,54,111
2019-08-31 16:00:00,112,57,55
2019-08-31 17:00:00,112,61,51
2019-08-31 18:00:00,66,41,25
2019-08-31 19:00:00,50,21,29
2019-08-31 20:00:00,17,7,10
2019-08-31 21:00:00,16,9,7
2019-08-31 22:00:00,3,2,1
2019-08-31 23:00:00,4,0,4
2020-02-01 00:00:00,0,0,0
2020-02-01 01:00:00,0,0,0
2020-02-01 02:00:00,0,0,0
2020-02-01 03:00:00,0,0,0
2020-02-01 04:00:00,0,0,0
2020-02-01 05:00:00,3,3,0
2020-02-01 06:00:00,4,1,3
2020-02-01 07:00:00,0,0,0
2020-02-01 08:00:00,14,5,9
2019-09-01 00:00:00,3,0,3
2019-09-01 01:00:00,3,3,0
2019-09-01 02:00:00,0,0,0
2019-09-01 03:00:00,1,0,1
2019-09-01 04:00:00,2,0,2
2019-09-01 05:00:00,1,0,1
2019-09-01 06:00:00,14,6,8
2019-09-01 07:00:00,37,10,27
2019-09-01 08:00:00,68,35,33
2019-09-01 09:00:00,103,41,62
2019-09-01 10:00:00,181,58,123
2019-09-01 11:00:00,212,103,109
2019-09-01 12:00:00,211,96,115
2019-09-01 13:00:00,218,127,91
2019-09-01 14:00:00,169,53,116
2019-09-01 15:00:00,201,97,104
2019-09-01 16:00:00,173,95,78
2019-09-01 17:00:00,143,79,64
2019-09-01 18:00:00,122,77,45
2019-09-01 19:00:00,74,47,27
2019-09-01 20:00:00,19,10,9
2019-09-01 21:00:00,15,7,8
2019-09-01 22:00:00,10,5,5
2019-09-01 23:00:00,2,1,1
2019-09-02 00:00:00,0,0,0
2019-09-02 01:00:00,0,0,0
2019-09-02 02:00:00,0,0,0
2019-09-02 03:00:00,0,0,0
2019-09-02 04:00:00,0,0,0
2019-09-02 05:00:00,5,5,0
2019-09-02 06:00:00,13,5,8
2019-09-02 07:00:00,39,13,26
2019-09-02 08:00:00,92,31,61
2019-09-02 09:00:00,135,49,86
2019-09-02 10:00:00,173,76,97
2019-09-02 11:00:00,244,108,136
2019-09-02 12:00:00,229,94,135
2019-09-02 13:00:00,271,126,145
2019-09-02 14:00:00,280,161,119
2019-09-02 15:00:00,217,96,121
2019-09-02 16:00:00,240,101,139
2019-09-02 17:00:00,191,100,91
2019-09-02 18:00:00,134,86,48
2019-09-02 19:00:00,48,26,22
2019-09-02 20:00:00,18,16,2
2019-09-02 21:00:00,4,1,3
2019-09-02 22:00:00,2,1,1
2019-09-02 23:00:00,1,1,0
2019-09-03 00:00:00,0,0,0
2019-09-03 01:00:00,0,0,0
2019-09-03 02:00:00,1,0,1
2019-09-03 03:00:00,1,1,0
2019-09-03 04:00:00,1,0,1
2019-09-03 05:00:00,23,13,10
2019-09-03 06:00:00,54,38,16
2019-09-03 07:00:00,88,72,16
2019-09-03 08:00:00,122,91,31
2019-09-03 09:00:00,74,49,25
2019-09-03 10:00:00,67,43,24
2019-09-03 11:00:00,89,41,48
2019-09-03 12:00:00,77,46,31
2019-09-03 13:00:00,70,27,43
2019-09-03 14:00:00,85,29,56
2019-09-03 15:00:00,87,37,50
2019-09-03 16:00:00,120,35,85
2019-09-03 17:00:00,183,54,129
2019-09-03 18:00:00,144,38,106
2019-09-03 19:00:00,95,38,57
2019-09-03 20:00:00,29,14,15
2019-09-03 21:00:00,5,3,2
2019-09-03 22:00:00,3,0,3
2019-09-03 23:00:00,3,1,2
2019-09-04 00:00:00,1,1,0
2019-09-04 01:00:00,1,0,1
2019-09-04 02:00:00,1,0,1
2019-09-04 03:00:00,1,1,0
2019-09-04 04:00:00,4,3,1
2019-09-04 05:00:00,12,8,4
2019-09-04 06:00:00,59,48,11
2019-09-04 07:00:00,93,64,29
2019-09-04 08:00:00,116,88,28
2019-09-04 09:00:00,71,51,20
2019-09-04 10:00:00,44,27,17
2019-09-04 11:00:00,64,31,33
2019-09-04 12:00:00,51,26,25
2019-09-04 13:00:00,57,25,32
2019-09-04 14:00:00,75,29,46
2019-09-04 15:00:00,95,31,64
2019-09-04 16:00:00,136,41,95
2019-09-04 17:00:00,179,61,118
2019-09-04 18:00:00,155,45,110
2019-09-04 19:00:00,72,35,37
2019-09-04 20:00:00,39,22,17
2019-09-04 21:00:00,8,3,5
2019-09-04 22:00:00,3,2,1
2019-09-04 23:00:00,4,0,4
2019-09-05 00:00:00,2,2,0
2019-09-05 01:00:00,0,0,0
2019-09-05 02:00:00,0,0,0
2019-09-05 03:00:00,1,1,0
2019-09-05 04:00:00,1,0,1
2019-09-05 05:00:00,10,9,1
2019-09-05 06:00:00,44,32,12
2019-09-05 07:00:00,88,68,20
2019-09-05 08:00:00,125,96,29
2019-09-05 09:00:00,92,59,33
2019-09-05 10:00:00,59,30,29
2019-09-05 11:00:00,69,39,30
2019-09-05 12:00:00,62,34,28
2019-09-05 13:00:00,55,26,29
2019-09-05 14:00:00,66,32,34
2019-09-05 15:00:00,77,24,53
2019-09-05 16:00:00,131,48,83
2019-09-05 17:00:00,155,38,117
2019-09-05 18:00:00,146,34,112
2019-09-05 19:00:00,97,41,56
2019-09-05 20:00:00,26,8,18
2019-09-05 21:00:00,2,2,0
2019-09-05 22:00:00,4,1,3
2019-09-05 23:00:00,2,0,2
2019-09-06 00:00:00,0,0,0
2019-09-06 01:00:00,0,0,0
2019-09-06 02:00:00,0,0,0
2019-09-06 03:00:00,1,1,0
2019-09-06 04:00:00,4,4,0
2019-09-06 05:00:00,13,7,6
2019-09-06 06:00:00,50,41,9
2019-09-06 07:00:00,84,58,26
2019-09-06 08:00:00,87,73,14
2019-09-06 09:00:00,77,55,22
2019-09-06 10:00:00,64,33,31
2019-09-06 11:00:00,71,43,28
2019-09-06 12:00:00,70,34,36
2019-09-06 13:00:00,71,27,44
2019-09-06 14:00:00,75,34,41
2019-09-06 15:00:00,90,30,60
2019-09-06 16:00:00,135,42,93
2019-09-06 17:00:00,174,52,122
2019-09-06 18:00:00,142,47,95
2019-09-06 19:00:00,51,17,34
2019-09-06 20:00:00,20,8,12
2019-09-06 21:00:00,4,1,3
2019-09-06 22:00:00,5,0,5
2019-09-06 23:00:00,4,3,1
2019-09-07 00:00:00,1,1,0
2019-09-07 01:00:00,0,0,0
2019-09-07 02:00:00,2,1,1
2019-09-07 03:00:00,0,0,0
2019-09-07 04:00:00,0,0,0
2019-09-07 05:00:00,5,1,4
2019-09-07 06:00:00,17,9,8
2019-09-07 07:00:00,33,9,24
2019-09-07 08:00:00,83,27,56
2019-09-07 09:00:00,137,51,86
2019-09-07 10:00:00,164,67,97
2019-09-07 11:00:00,160,62,98
2019-09-07 12:00:00,187,98,89
2019-09-07 13:00:00,142,74,68
2019-09-07 14:00:00,153,82,71
2019-09-07 15:00:00,137,80,57
2019-09-07 16:00:00,120,66,54
2019-09-07 17:00:00,87,55,32
2019-09-07 18:00:00,48,21,27
2019-09-07 19:00:00,26,10,16
2019-09-07 20:00:00,10,2,8
2019-09-07 21:00:00,6,0,6
2019-09-07 22:00:00,2,0,2
2019-09-07 23:00:00,1,1,0
2019-09-08 00:00:00,0,0,0
2019-09-08 01:00:00,1,0,1
2019-09-08 02:00:00,0,0,0
2019-09-08 03:00:00,0,0,0
2019-09-08 04:00:00,1,0,1
2019-09-08 05:00:00,2,1,1
2019-09-08 06:00:00,6,2,4
2019-09-08 07:00:00,5,3,2
2019-09-08 08:00:00,27,14,13
2019-09-08 09:00:00,22,6,16
2019-09-08 10:00:00,28,7,21
2019-09-08 11:00:00,59,23,36
2019-09-08 12:00:00,51,21,30
2019-09-08 13:00:00,63,31,32
2019-09-08 14:00:00,72,31,41
2019-09-08 15:00:00,34,18,16
2019-09-08 16:00:00,49,23,26
2019-09-08 17:00:00,45,23,22
2019-09-08 18:00:00,26,15,11
2019-09-08 19:00:00,19,8,11
2019-09-08 20:00:00,8,3,5
2019-09-08 21:00:00,2,0,2
2019-09-08 22:00:00,0,0,0
2019-09-08 23:00:00,0,0,0
2019-09-09 00:00:00,0,0,0
2019-09-09 01:00:00,0,0,0
2019-09-09 02:00:00,1,0,1
2019-09-09 03:00:00,1,1,0
2019-09-09 04:00:00,0,0,0
2019-09-09 05:00:00,6,5,1
2019-09-09 06:00:00,33,24,9
2019-09-09 07:00:00,59,47,12
2019-09-09 08:00:00,57,42,15
2019-09-09 09:00:00,45,33,12
2019-09-09 10:00:00,36,20,16
2019-09-09 11:00:00,31,13,18
2019-09-09 12:00:00,22,15,7
2019-09-09 13:00:00,25,7,18
2019-09-09 14:00:00,19,7,12
2019-09-09 15:00:00,24,9,15
2019-09-09 16:00:00,52,13,39
2019-09-09 17:00:00,74,14,60
2019-09-09 18:00:00,73,11,62
2019-09-09 19:00:00,19,5,14
2019-09-09 20:00:00,6,2,4
2019-09-09 21:00:00,5,1,4
2019-09-09 22:00:00,1,0,1
2019-09-09 23:00:00,0,0,0
2019-09-10 00:00:00,0,0,0
2019-09-10 01:00:00,0,0,0
2019-09-10 02:00:00,0,0,0
2019-09-10 03:00:00,0,0,0
2019-09-10 04:00:00,3,2,1
2019-09-10 05:00:00,12,9,3
2019-09-10 06:00:00,27,21,6
2019-09-10 07:00:00,37,23,14
2019-09-10 08:00:00,39,22,17
2019-09-10 09:00:00,44,24,20
2019-09-10 10:00:00,19,8,11
2019-09-10 11:00:00,41,26,15
2019-09-10 12:00:00,30,15,15
2019-09-10 13:00:00,48,24,24
2019-09-10 14:00:00,46,23,23
2019-09-10 15:00:00,72,32,40
2019-09-10 16:00:00,100,47,53
2019-09-10 17:00:00,117,58,59
2019-09-10 18:00:00,125,62,63
2019-09-10 19:00:00,63,31,32
2019-09-10 20:00:00,12,3,9
2019-09-10 21:00:00,4,1,3
2019-09-10 22:00:00,1,1,0
2019-09-10 23:00:00,1,0,1
2019-09-11 00:00:00,0,0,0
2019-09-11 01:00:00,0,0,0
2019-09-11 02:00:00,0,0,0
2019-09-11 03:00:00,1,1,0
2019-09-11 04:00:00,0,0,0
2019-09-11 05:00:00,12,9,3
2019-09-11 06:00:00,49,44,5
2019-09-11 07:00:00,79,60,19
2019-09-11 08:00:00,99,72,27
2019-09-11 09:00:00,62,39,23
2019-09-11 10:00:00,51,31,20
2019-09-11 11:00:00,51,26,25
2019-09-11 12:00:00,54,25,29
2019-09-11 13:00:00,68,22,46
2019-09-11 14:00:00,59,28,31
2019-09-11 15:00:00,78,42,36
2019-09-11 16:00:00,148,48,100
2019-09-11 17:00:00,173,49,124
2019-09-11 18:00:00,139,38,101
2019-09-11 19:00:00,58,26,32
2019-09-11 20:00:00,17,6,11
2019-09-11 21:00:00,7,2,5
2019-09-11 22:00:00,4,1,3
2019-09-11 23:00:00,8,5,3
2019-09-12 00:00:00,1,1,0
2019-09-12 01:00:00,0,0,0
2019-09-12 02:00:00,0,0,0
2019-09-12 03:00:00,1,0,1
2019-09-12 04:00:00,2,2,0
2019-09-12 05:00:00,12,8,4
2019-09-12 06:00:00,48,40,8
2019-09-12 07:00:00,97,76,21
2019-09-12 08:00:00,103,83,20
2019-09-12 09:00:00,75,52,23
2019-09-12 10:00:00,62,36,26
2019-09-12 11:00:00,78,38,40
2019-09-12 12:00:00,106,44,62
2019-09-12 13:00:00,96,51,45
2019-09-12 14:00:00,100,42,58
2019-09-12 15:00:00,83,36,47
2019-09-12 16:00:00,136,46,90
2019-09-12 17:00:00,178,65,113
2019-09-12 18:00:00,106,36,70
2019-09-12 19:00:00,52,18,34
2019-09-12 20:00:00,10,3,7
2019-09-12 21:00:00,9,4,5
2019-09-12 22:00:00,1,0,1
2019-09-12 23:00:00,3,1,2
2019-09-13 00:00:00,1,0,1
2019-09-13 01:00:00,1,0,1
2019-09-13 02:00:00,2,2,0
2019-09-13 03:00:00,1,1,0
2019-09-13 04:00:00,1,1,0
2019-09-13 05:00:00,8,6,2
2019-09-13 06:00:00,37,31,6
2019-09-13 07:00:00,59,44,15
2019-09-13 08:00:00,80,55,25
2019-09-13 09:00:00,58,27,31
2019-09-13 10:00:00,33,18,15
2019-09-13 11:00:00,41,25,16
2019-09-13 12:00:00,31,18,13
2019-09-13 13:00:00,41,20,21
2019-09-13 14:00:00,44,19,25
2019-09-13 15:00:00,78,22,56
2019-09-13 16:00:00,53,11,42
2019-09-13 17:00:00,113,30,83
2019-09-13 18:00:00,75,19,56
2019-09-13 19:00:00,32,12,20
2019-09-13 20:00:00,11,2,9
2019-09-13 21:00:00,6,2,4
2019-09-13 22:00:00,2,0,2
2019-09-13 23:00:00,3,0,3
2019-09-14 00:00:00,2,1,1
2019-09-14 01:00:00,0,0,0
2019-09-14 02:00:00,0,0,0
2019-09-14 03:00:00,0,0,0
2019-09-14 04:00:00,0,0,0
2019-09-14 05:00:00,4,1,3
2019-09-14 06:00:00,14,3,11
2019-09-14 07:00:00,32,4,28
2019-09-14 08:00:00,67,32,35
2019-09-14 09:00:00,82,27,55
2019-09-14 10:00:00,141,66,75
2019-09-14 11:00:00,166,75,91
2019-09-14 12:00:00,148,62,86
2019-09-14 13:00:00,120,50,70
2019-09-14 14:00:00,132,58,74
2019-09-14 15:00:00,100,61,39
2019-09-14 16:00:00,110,53,57
2019-09-14 17:00:00,74,46,28
2019-09-14 18:00:00,52,31,21
2019-09-14 19:00:00,24,9,15
2019-09-14 20:00:00,13,5,8
2019-09-14 21:00:00,3,1,2
2019-09-14 22:00:00,4,4,0
2019-09-14 23:00:00,1,0,1
2019-09-15 00:00:00,0,0,0
2019-09-15 01:00:00,4,0,4
2019-09-15 02:00:00,0,0,0
2019-09-15 03:00:00,0,0,0
2019-09-15 04:00:00,0,0,0
2019-09-15 05:00:00,2,1,1
2019-09-15 06:00:00,3,2,1
2019-09-15 07:00:00,6,3,3
2019-09-15 08:00:00,13,7,6
2019-09-15 09:00:00,12,3,9
2019-09-15 10:00:00,5,2,3
2019-09-15 11:00:00,8,3,5
2019-09-15 12:00:00,15,10,5
2019-09-15 13:00:00,20,12,8
2019-09-15 14:00:00,30,12,18
2019-09-15 15:00:00,37,20,17
2019-09-15 16:00:00,22,9,13
2019-09-15 17:00:00,21,14,7
2019-09-15 18:00:00,24,9,15
2019-09-15 19:00:00,8,5,3
2019-09-15 20:00:00,3,2,1
2019-09-15 21:00:00,1,0,1
2019-09-15 22:00:00,1,1,0
2019-09-15 23:00:00,0,0,0
2019-09-16 00:00:00,0,0,0
2019-09-16 01:00:00,0,0,0
2019-09-16 02:00:00,0,0,0
2019-09-16 03:00:00,1,1,0
2019-09-16 04:00:00,2,1,1
2019-09-16 05:00:00,5,5,0
2019-09-16 06:00:00,36,26,10
2019-09-16 07:00:00,61,41,20
2019-09-16 08:00:00,89,59,30
2019-09-16 09:00:00,55,38,17
2019-09-16 10:00:00,37,22,15
2019-09-16 11:00:00,41,19,22
2019-09-16 12:00:00,58,30,28
2019-09-16 13:00:00,49,28,21
2019-09-16 14:00:00,82,42,40
2019-09-16 15:00:00,104,40,64
2019-09-16 16:00:00,118,45,73
2019-09-16 17:00:00,156,63,93
2019-09-16 18:00:00,115,42,73
2019-09-16 19:00:00,39,16,23
2019-09-16 20:00:00,17,5,12
2019-09-16 21:00:00,5,0,5
2019-09-16 22:00:00,4,2,2
2019-09-16 23:00:00,2,0,2
2019-09-17 00:00:00,4,0,4
2019-09-17 01:00:00,0,0,0
2019-09-17 02:00:00,0,0,0
2019-09-17 03:00:00,1,1,0
2019-09-17 04:00:00,5,3,2
2019-09-17 05:00:00,9,7,2
2019-09-17 06:00:00,28,21,7
2019-09-17 07:00:00,46,33,13
2019-09-17 08:00:00,55,43,12
2019-09-17 09:00:00,25,16,9
2019-09-17 10:00:00,11,7,4
2019-09-17 11:00:00,13,9,4
2019-09-17 12:00:00,10,4,6
2019-09-17 13:00:00,12,5,7
2019-09-17 14:00:00,12,4,8
2019-09-17 15:00:00,15,5,10
2019-09-17 16:00:00,44,9,35
2019-09-17 17:00:00,74,16,58
2019-09-17 18:00:00,50,17,33
2019-09-17 19:00:00,20,3,17
2019-09-17 20:00:00,5,1,4
2019-09-17 21:00:00,4,2,2
2019-09-17 22:00:00,0,0,0
2019-09-17 23:00:00,1,0,1
2019-09-18 00:00:00,0,0,0
2019-09-18 01:00:00,0,0,0
2019-09-18 02:00:00,0,0,0
2019-09-18 03:00:00,2,1,1
2019-09-18 04:00:00,0,0,0
2019-09-18 05:00:00,7,7,0
2019-09-18 06:00:00,38,31,7
2019-09-18 07:00:00,61,43,18
2019-09-18 08:00:00,87,64,23
2019-09-18 09:00:00,67,48,19
2019-09-18 10:00:00,26,17,9
2019-09-18 11:00:00,34,15,19
2019-09-18 12:00:00,31,13,18
2019-09-18 13:00:00,34,17,17
2019-09-18 14:00:00,57,32,25
2019-09-18 15:00:00,58,18,40
2019-09-18 16:00:00,109,39,70
2019-09-18 17:00:00,134,34,100
2019-09-18 18:00:00,109,42,67
2019-09-18 19:00:00,43,16,27
2019-09-18 20:00:00,12,3,9
2019-09-18 21:00:00,6,5,1
2019-09-18 22:00:00,5,1,4
2019-09-18 23:00:00,1,0,1
2019-09-19 00:00:00,0,0,0
2019-09-19 01:00:00,0,0,0
2019-09-19 02:00:00,0,0,0
2019-09-19 03:00:00,1,1,0
2019-09-19 04:00:00,2,0,2
2019-09-19 05:00:00,14,9,5
2019-09-19 06:00:00,36,32,4
2019-09-19 07:00:00,95,69,26
2019-09-19 08:00:00,79,61,18
2019-09-19 09:00:00,63,39,24
2019-09-19 10:00:00,56,27,29
2019-09-19 11:00:00,54,28,26
2019-09-19 12:00:00,54,26,28
2019-09-19 13:00:00,57,19,38
2019-09-19 14:00:00,61,17,44
2019-09-19 15:00:00,90,39,51
2019-09-19 16:00:00,135,42,93
2019-09-19 17:00:00,167,55,112
2019-09-19 18:00:00,117,31,86
2019-09-19 19:00:00,57,21,36
2019-09-19 20:00:00,12,5,7
2019-09-19 21:00:00,7,4,3
2019-09-19 22:00:00,3,0,3
2019-09-19 23:00:00,1,0,1
2019-09-20 00:00:00,2,0,2
2019-09-20 01:00:00,1,0,1
2019-09-20 02:00:00,0,0,0
2019-09-20 03:00:00,0,0,0
2019-09-20 04:00:00,1,1,0
2019-09-20 05:00:00,11,7,4
2019-09-20 06:00:00,31,24,7
2019-09-20 07:00:00,73,58,15
2019-09-20 08:00:00,63,48,15
2019-09-20 09:00:00,60,39,21
2019-09-20 10:00:00,47,22,25
2019-09-20 11:00:00,37,14,23
2019-09-20 12:00:00,53,27,26
2019-09-20 13:00:00,45,20,25
2019-09-20 14:00:00,51,21,30
2019-09-20 15:00:00,68,28,40
2019-09-20 16:00:00,99,24,75
2019-09-20 17:00:00,115,29,86
2019-09-20 18:00:00,103,33,70
2019-09-20 19:00:00,32,14,18
2019-09-20 20:00:00,16,6,10
2019-09-20 21:00:00,5,0,5
2019-09-20 22:00:00,0,0,0
2019-09-20 23:00:00,1,0,1
2019-09-21 00:00:00,1,0,1
2019-09-21 01:00:00,0,0,0
2019-09-21 02:00:00,0,0,0
2019-09-21 03:00:00,6,0,6
2019-09-21 04:00:00,2,0,2
2019-09-21 05:00:00,3,2,1
2019-09-21 06:00:00,7,4,3
2019-09-21 07:00:00,22,7,15
2019-09-21 08:00:00,65,32,33
2019-09-21 09:00:00,91,36,55
2019-09-21 10:00:00,164,67,97
2019-09-21 11:00:00,214,97,117
2019-09-21 12:00:00,152,85,67
2019-09-21 13:00:00,186,86,100
2019-09-21 14:00:00,203,81,122
2019-09-21 15:00:00,197,109,88
2019-09-21 16:00:00,156,91,65
2019-09-21 17:00:00,121,63,58
2019-09-21 18:00:00,80,43,37
2019-09-21 19:00:00,36,19,17
2019-09-21 20:00:00,5,1,4
2019-09-21 21:00:00,3,0,3
2019-09-21 22:00:00,2,1,1
2019-09-21 23:00:00,1,1,0
2019-09-22 00:00:00,0,0,0
2019-09-22 01:00:00,0,0,0
2019-09-22 02:00:00,1,1,0
2019-09-22 03:00:00,1,1,0
2019-09-22 04:00:00,0,0,0
2019-09-22 05:00:00,0,0,0
2019-09-22 06:00:00,0,0,0
2019-09-22 07:00:00,7,5,2
2019-09-22 08:00:00,18,6,12
2019-09-22 09:00:00,15,7,8
2019-09-22 10:00:00,12,5,7
2019-09-22 11:00:00,18,5,13
2019-09-22 12:00:00,23,15,8
2019-09-22 13:00:00,21,9,12
2019-09-22 14:00:00,20,12,8
2019-09-22 15:00:00,22,9,13
2019-09-22 16:00:00,23,13,10
2019-09-22 17:00:00,13,6,7
2019-09-22 18:00:00,10,3,7
2019-09-22 19:00:00,3,0,3
2019-09-22 20:00:00,4,2,2
2019-09-22 21:00:00,0,0,0
2019-09-22 22:00:00,0,0,0
2019-09-22 23:00:00,0,0,0
2019-09-23 00:00:00,0,0,0
2019-09-23 01:00:00,0,0,0
2019-09-23 02:00:00,0,0,0
2019-09-23 03:00:00,0,0,0
2019-09-23 04:00:00,1,1,0
2019-09-23 05:00:00,9,8,1
2019-09-23 06:00:00,28,21,7
2019-09-23 07:00:00,73,55,18
2019-09-23 08:00:00,80,63,17
2019-09-23 09:00:00,67,49,18
2019-09-23 10:00:00,37,24,13
2019-09-23 11:00:00,30,11,19
2019-09-23 12:00:00,16,10,6
2019-09-23 13:00:00,20,11,9
2019-09-23 14:00:00,17,9,8
2019-09-23 15:00:00,27,5,22
2019-09-23 16:00:00,41,9,32
2019-09-23 17:00:00,92,15,77
2019-09-23 18:00:00,80,12,68
2019-09-23 19:00:00,26,8,18
2019-09-23 20:00:00,10,2,8
2019-09-23 21:00:00,3,0,3
2019-09-23 22:00:00,0,0,0
2019-09-23 23:00:00,4,1,3
2019-09-24 00:00:00,0,0,0
2019-09-24 01:00:00,0,0,0
2019-09-24 02:00:00,0,0,0
2019-09-24 03:00:00,1,1,0
2019-09-24 04:00:00,2,2,0
2019-09-24 05:00:00,10,7,3
2019-09-24 06:00:00,36,29,7
2019-09-24 07:00:00,51,36,15
2019-09-24 08:00:00,78,67,11
2019-09-24 09:00:00,31,20,11
2019-09-24 10:00:00,20,14,6
2019-09-24 11:00:00,28,15,13
2019-09-24 12:00:00,21,8,13
2019-09-24 13:00:00,33,15,18
2019-09-24 14:00:00,39,15,24
2019-09-24 15:00:00,58,24,34
2019-09-24 16:00:00,115,32,83
2019-09-24 17:00:00,137,47,90
2019-09-24 18:00:00,107,32,75
2019-09-24 19:00:00,54,18,36
2019-09-24 20:00:00,15,4,11
2019-09-24 21:00:00,7,5,2
2019-09-24 22:00:00,3,0,3
2019-09-24 23:00:00,3,0,3
2019-09-25 00:00:00,0,0,0
2019-09-25 01:00:00,0,0,0
2019-09-25 02:00:00,0,0,0
2019-09-25 03:00:00,1,1,0
2019-09-25 04:00:00,0,0,0
2019-09-25 05:00:00,15,12,3
2019-09-25 06:00:00,46,42,4
2019-09-25 07:00:00,98,75,23
2019-09-25 08:00:00,100,79,21
2019-09-25 09:00:00,64,40,24
2019-09-25 10:00:00,44,25,19
2019-09-25 11:00:00,58,36,22
2019-09-25 12:00:00,67,33,34
2019-09-25 13:00:00,81,30,51
2019-09-25 14:00:00,91,35,56
2019-09-25 15:00:00,91,48,43
2019-09-25 16:00:00,142,41,101
2019-09-25 17:00:00,185,50,135
2019-09-25 18:00:00,139,51,88
2019-09-25 19:00:00,35,8,27
2019-09-25 20:00:00,14,3,11
2019-09-25 21:00:00,12,5,7
2019-09-25 22:00:00,2,1,1
2019-09-25 23:00:00,2,1,1
2019-09-26 00:00:00,1,0,1
2019-09-26 01:00:00,0,0,0
2019-09-26 02:00:00,0,0,0
2019-09-26 03:00:00,0,0,0
2019-09-26 04:00:00,2,1,1
2019-09-26 05:00:00,14,11,3
2019-09-26 06:00:00,23,17,6
2019-09-26 07:00:00,44,34,10
2019-09-26 08:00:00,50,40,10
2019-09-26 09:00:00,41,36,5
2019-09-26 10:00:00,20,11,9
2019-09-26 11:00:00,28,14,14
2019-09-26 12:00:00,34,23,11
2019-09-26 13:00:00,38,17,21
2019-09-26 14:00:00,40,19,21
2019-09-26 15:00:00,43,15,28
2019-09-26 16:00:00,89,24,65
2019-09-26 17:00:00,109,28,81
2019-09-26 18:00:00,85,20,65
2019-09-26 19:00:00,28,12,16
2019-09-26 20:00:00,16,5,11
2019-09-26 21:00:00,7,3,4
2019-09-26 22:00:00,1,1,0
2019-09-26 23:00:00,1,0,1
2019-09-27 00:00:00,3,1,2
2019-09-27 01:00:00,0,0,0
2019-09-27 02:00:00,0,0,0
2019-09-27 03:00:00,0,0,0
2019-09-27 04:00:00,2,2,0
2019-09-27 05:00:00,13,9,4
2019-09-27 06:00:00,27,20,7
2019-09-27 07:00:00,56,43,13
2019-09-27 08:00:00,47,34,13
2019-09-27 09:00:00,45,34,11
2019-09-27 10:00:00,34,21,13
2019-09-27 11:00:00,23,13,10
2019-09-27 12:00:00,32,12,20
2019-09-27 13:00:00,39,19,20
2019-09-27 14:00:00,41,14,27
2019-09-27 15:00:00,32,10,22
2019-09-27 16:00:00,65,19,46
2019-09-27 17:00:00,83,23,60
2019-09-27 18:00:00,49,12,37
2019-09-27 19:00:00,11,2,9
2019-09-27 20:00:00,3,0,3
2019-09-27 21:00:00,1,0,1
2019-09-27 22:00:00,1,0,1
2019-09-27 23:00:00,5,2,3
2019-09-28 00:00:00,0,0,0
2019-09-28 01:00:00,1,0,1
2019-09-28 02:00:00,0,0,0
2019-09-28 03:00:00,0,0,0
2019-09-28 04:00:00,0,0,0
2019-09-28 05:00:00,3,3,0
2019-09-28 06:00:00,8,4,4
2019-09-28 07:00:00,17,4,13
2019-09-28 08:00:00,31,5,26
2019-09-28 09:00:00,61,34,27
2019-09-28 10:00:00,77,29,48
2019-09-28 11:00:00,83,48,35
2019-09-28 12:00:00,90,39,51
2019-09-28 13:00:00,112,50,62
2019-09-28 14:00:00,124,53,71
2019-09-28 15:00:00,118,64,54
2019-09-28 16:00:00,139,57,82
2019-09-28 17:00:00,76,33,43
2019-09-28 18:00:00,47,28,19
2019-09-28 19:00:00,16,3,13
2019-09-28 20:00:00,12,5,7
2019-09-28 21:00:00,6,6,0
2019-09-28 22:00:00,4,1,3
2019-09-28 23:00:00,1,1,0
2019-09-29 00:00:00,0,0,0
2019-09-29 01:00:00,0,0,0
2019-09-29 02:00:00,0,0,0
2019-09-29 03:00:00,0,0,0
2019-09-29 04:00:00,0,0,0
2019-09-29 05:00:00,1,1,0
2019-09-29 06:00:00,1,1,0
2019-09-29 07:00:00,17,6,11
2019-09-29 08:00:00,36,9,27
2019-09-29 09:00:00,67,15,52
2019-09-29 10:00:00,61,29,32
2019-09-29 11:00:00,90,45,45
2019-09-29 12:00:00,81,33,48
2019-09-29 13:00:00,117,49,68
2019-09-29 14:00:00,124,62,62
2019-09-29 15:00:00,106,50,56
2019-09-29 16:00:00,69,34,35
2019-09-29 17:00:00,69,45,24
2019-09-29 18:00:00,21,9,12
2019-09-29 19:00:00,11,8,3
2019-09-29 20:00:00,1,1,0
2019-09-29 21:00:00,2,1,1
2019-09-29 22:00:00,0,0,0
2019-09-29 23:00:00,0,0,0
2019-09-30 00:00:00,0,0,0
2019-09-30 01:00:00,1,0,1
2019-09-30 02:00:00,0,0,0
2019-09-30 03:00:00,0,0,0
2019-09-30 04:00:00,2,1,1
2019-09-30 05:00:00,14,13,1
2019-09-30 06:00:00,41,37,4
2019-09-30 07:00:00,72,58,14
2019-09-30 08:00:00,84,73,11
2019-09-30 09:00:00,64,44,20
2019-09-30 10:00:00,34,23,11
2019-09-30 11:00:00,37,18,19
2019-09-30 12:00:00,45,26,19
2019-09-30 13:00:00,46,19,27
2019-09-30 14:00:00,62,31,31
2019-09-30 15:00:00,76,31,45
2019-09-30 16:00:00,125,35,90
2019-09-30 17:00:00,170,46,124
2019-09-30 18:00:00,103,33,70
2019-09-30 19:00:00,38,8,30
2019-09-30 20:00:00,13,4,9
2019-09-30 21:00:00,9,2,7
2019-09-30 22:00:00,3,3,0
2019-09-30 23:00:00,2,0,2
2020-02-01 09:00:00,23,6,17
2020-02-01 10:00:00,40,21,19
2020-02-01 11:00:00,48,24,24
2020-02-01 12:00:00,39,26,13
2020-02-01 13:00:00,38,12,26
2020-02-01 14:00:00,48,23,25
2020-02-01 15:00:00,24,13,11
2020-02-01 16:00:00,24,17,7
2020-02-01 17:00:00,5,4,1
2020-02-01 18:00:00,1,1,0
2020-02-01 19:00:00,5,2,3
2020-02-01 20:00:00,2,1,1
2020-02-01 21:00:00,2,0,2
2020-02-01 22:00:00,0,0,0
2020-02-01 23:00:00,0,0,0
2020-02-02 00:00:00,0,0,0
2020-02-02 01:00:00,0,0,0
2020-02-02 02:00:00,0,0,0
2020-02-02 03:00:00,0,0,0
2020-02-02 04:00:00,0,0,0
2020-02-02 05:00:00,1,1,0
2020-02-02 06:00:00,0,0,0
2020-02-02 07:00:00,11,5,6
2020-02-02 08:00:00,13,7,6
2020-02-02 09:00:00,43,18,25
2020-02-02 10:00:00,55,24,31
2020-02-02 11:00:00,101,41,60
2020-02-02 12:00:00,97,45,52
2020-02-02 13:00:00,104,38,66
2020-02-02 14:00:00,121,72,49
2020-02-02 15:00:00,73,45,28
2020-02-02 16:00:00,48,23,25
2020-02-02 17:00:00,19,14,5
2020-02-02 18:00:00,7,3,4
2020-02-02 19:00:00,1,0,1
2020-02-02 20:00:00,2,1,1
2020-02-02 21:00:00,3,2,1
2020-02-02 22:00:00,0,0,0
2020-02-02 23:00:00,0,0,0
2020-02-03 00:00:00,0,0,0
2020-02-03 01:00:00,0,0,0
2019-10-01 00:00:00,1,0,1
2019-10-01 01:00:00,0,0,0
2019-10-01 02:00:00,0,0,0
2019-10-01 03:00:00,1,1,0
2019-10-01 04:00:00,3,1,2
2019-10-01 05:00:00,17,13,4
2019-10-01 06:00:00,47,40,7
2019-10-01 07:00:00,80,59,21
2019-10-01 08:00:00,93,73,20
2019-10-01 09:00:00,72,53,19
2019-10-01 10:00:00,43,27,16
2019-10-01 11:00:00,53,30,23
2019-10-01 12:00:00,57,33,24
2019-10-01 13:00:00,64,23,41
2019-10-01 14:00:00,82,36,46
2019-10-01 15:00:00,90,41,49
2019-10-01 16:00:00,136,43,93
2019-10-01 17:00:00,190,51,139
2019-10-01 18:00:00,112,39,73
2019-10-01 19:00:00,46,18,28
2019-10-01 20:00:00,12,5,7
2019-10-01 21:00:00,10,3,7
2019-10-01 22:00:00,2,0,2
2019-10-01 23:00:00,1,0,1
2019-10-02 00:00:00,0,0,0
2019-10-02 01:00:00,0,0,0
2019-10-02 02:00:00,0,0,0
2019-10-02 03:00:00,2,1,1
2019-10-02 04:00:00,0,0,0
2019-10-02 05:00:00,12,11,1
2019-10-02 06:00:00,41,35,6
2019-10-02 07:00:00,64,51,13
2019-10-02 08:00:00,93,68,25
2019-10-02 09:00:00,52,41,11
2019-10-02 10:00:00,39,21,18
2019-10-02 11:00:00,45,23,22
2019-10-02 12:00:00,46,24,22
2019-10-02 13:00:00,65,28,37
2019-10-02 14:00:00,57,30,27
2019-10-02 15:00:00,72,36,36
2019-10-02 16:00:00,106,30,76
2019-10-02 17:00:00,127,24,103
2019-10-02 18:00:00,99,29,70
2019-10-02 19:00:00,34,12,22
2019-10-02 20:00:00,9,2,7
2019-10-02 21:00:00,5,2,3
2019-10-02 22:00:00,3,0,3
2019-10-02 23:00:00,1,0,1
2019-10-03 00:00:00,3,0,3
2019-10-03 01:00:00,1,0,1
2019-10-03 02:00:00,1,0,1
2019-10-03 03:00:00,0,0,0
2019-10-03 04:00:00,0,0,0
2019-10-03 05:00:00,9,8,1
2019-10-03 06:00:00,22,20,2
2019-10-03 07:00:00,57,43,14
2019-10-03 08:00:00,58,47,11
2019-10-03 09:00:00,49,33,16
2019-10-03 10:00:00,26,12,14
2019-10-03 11:00:00,33,20,13
2019-10-03 12:00:00,33,19,14
2019-10-03 13:00:00,47,26,21
2019-10-03 14:00:00,36,17,19
2019-10-03 15:00:00,53,20,33
2019-10-03 16:00:00,82,28,54
2019-10-03 17:00:00,90,17,73
2019-10-03 18:00:00,66,16,50
2019-10-03 19:00:00,21,6,15
2019-10-03 20:00:00,8,2,6
2019-10-03 21:00:00,2,0,2
2019-10-03 22:00:00,2,1,1
2019-10-03 23:00:00,2,0,2
2019-10-04 00:00:00,1,0,1
2019-10-04 01:00:00,1,0,1
2019-10-04 02:00:00,0,0,0
2019-10-04 03:00:00,0,0,0
2019-10-04 04:00:00,1,1,0
2019-10-04 05:00:00,6,4,2
2019-10-04 06:00:00,21,18,3
2019-10-04 07:00:00,58,46,12
2019-10-04 08:00:00,50,41,9
2019-10-04 09:00:00,48,33,15
2019-10-04 10:00:00,36,22,14
2019-10-04 11:00:00,34,15,19
2019-10-04 12:00:00,34,13,21
2019-10-04 13:00:00,42,22,20
2019-10-04 14:00:00,42,14,28
2019-10-04 15:00:00,63,26,37
2019-10-04 16:00:00,80,28,52
2019-10-04 17:00:00,84,24,60
2019-10-04 18:00:00,55,15,40
2019-10-04 19:00:00,11,0,11
2019-10-04 20:00:00,8,4,4
2019-10-04 21:00:00,5,1,4
2019-10-04 22:00:00,3,1,2
2019-10-04 23:00:00,1,0,1
2019-10-05 00:00:00,0,0,0
2019-10-05 01:00:00,0,0,0
2019-10-05 02:00:00,0,0,0
2019-10-05 03:00:00,0,0,0
2019-10-05 04:00:00,1,0,1
2019-10-05 05:00:00,3,2,1
2019-10-05 06:00:00,7,6,1
2019-10-05 07:00:00,20,5,15
2019-10-05 08:00:00,43,13,30
2019-10-05 09:00:00,67,27,40
2019-10-05 10:00:00,65,24,41
2019-10-05 11:00:00,84,39,45
2019-10-05 12:00:00,115,55,60
2019-10-05 13:00:00,112,53,59
2019-10-05 14:00:00,106,55,51
2019-10-05 15:00:00,127,64,63
2019-10-05 16:00:00,118,62,56
2019-10-05 17:00:00,72,33,39
2019-10-05 18:00:00,35,19,16
2019-10-05 19:00:00,14,8,6
2019-10-05 20:00:00,7,6,1
2019-10-05 21:00:00,1,0,1
2019-10-05 22:00:00,1,1,0
2019-10-05 23:00:00,4,1,3
2019-10-06 00:00:00,1,0,1
2019-10-06 01:00:00,1,0,1
2019-10-06 02:00:00,0,0,0
2019-10-06 03:00:00,0,0,0
2019-10-06 04:00:00,1,0,1
2019-10-06 05:00:00,8,2,6
2019-10-06 06:00:00,4,1,3
2019-10-06 07:00:00,18,4,14
2019-10-06 08:00:00,45,19,26
2019-10-06 09:00:00,44,16,28
2019-10-06 10:00:00,91,21,70
2019-10-06 11:00:00,135,72,63
2019-10-06 12:00:00,174,83,91
2019-10-06 13:00:00,155,74,81
2019-10-06 14:00:00,217,110,107
2019-10-06 15:00:00,188,89,99
2019-10-06 16:00:00,164,89,75
2019-10-06 17:00:00,106,47,59
2019-10-06 18:00:00,43,25,18
2019-10-06 19:00:00,11,6,5
2019-10-06 20:00:00,3,2,1
2019-10-06 21:00:00,4,2,2
2019-10-06 22:00:00,0,0,0
2019-10-06 23:00:00,0,0,0
2019-10-07 00:00:00,0,0,0
2019-10-07 01:00:00,0,0,0
2019-10-07 02:00:00,0,0,0
2019-10-07 03:00:00,1,1,0
2019-10-07 04:00:00,2,1,1
2019-10-07 05:00:00,11,9,2
2019-10-07 06:00:00,35,30,5
2019-10-07 07:00:00,48,39,9
2019-10-07 08:00:00,93,77,16
2019-10-07 09:00:00,51,36,15
2019-10-07 10:00:00,33,20,13
2019-10-07 11:00:00,23,12,11
2019-10-07 12:00:00,24,15,9
2019-10-07 13:00:00,15,8,7
2019-10-07 14:00:00,27,10,17
2019-10-07 15:00:00,41,19,22
2019-10-07 16:00:00,54,14,40
2019-10-07 17:00:00,96,17,79
2019-10-07 18:00:00,73,18,55
2019-10-07 19:00:00,13,2,11
2019-10-07 20:00:00,5,0,5
2019-10-07 21:00:00,6,0,6
2019-10-07 22:00:00,0,0,0
2019-10-07 23:00:00,0,0,0
2019-10-08 00:00:00,1,0,1
2019-10-08 01:00:00,0,0,0
2019-10-08 02:00:00,0,0,0
2019-10-08 03:00:00,1,0,1
2019-10-08 04:00:00,4,3,1
2019-10-08 05:00:00,12,9,3
2019-10-08 06:00:00,36,28,8
2019-10-08 07:00:00,61,44,17
2019-10-08 08:00:00,61,45,16
2019-10-08 09:00:00,39,25,14
2019-10-08 10:00:00,19,11,8
2019-10-08 11:00:00,13,9,4
2019-10-08 12:00:00,12,9,3
2019-10-08 13:00:00,9,3,6
2019-10-08 14:00:00,17,7,10
2019-10-08 15:00:00,16,7,9
2019-10-08 16:00:00,53,10,43
2019-10-08 17:00:00,81,19,62
2019-10-08 18:00:00,57,11,46
2019-10-08 19:00:00,16,1,15
2019-10-08 20:00:00,6,1,5
2019-10-08 21:00:00,6,0,6
2019-10-08 22:00:00,0,0,0
2019-10-08 23:00:00,1,0,1
2019-10-09 00:00:00,1,1,0
2019-10-09 01:00:00,0,0,0
2019-10-09 02:00:00,1,0,1
2019-10-09 03:00:00,1,0,1
2019-10-09 04:00:00,3,3,0
2019-10-09 05:00:00,9,8,1
2019-10-09 06:00:00,39,30,9
2019-10-09 07:00:00,53,43,10
2019-10-09 08:00:00,86,69,17
2019-10-09 09:00:00,41,28,13
2019-10-09 10:00:00,27,16,11
2019-10-09 11:00:00,32,15,17
2019-10-09 12:00:00,36,20,16
2019-10-09 13:00:00,43,19,24
2019-10-09 14:00:00,59,22,37
2019-10-09 15:00:00,56,28,28
2019-10-09 16:00:00,105,32,73
2019-10-09 17:00:00,148,36,112
2019-10-09 18:00:00,82,32,50
2019-10-09 19:00:00,20,3,17
2019-10-09 20:00:00,7,2,5
2019-10-09 21:00:00,4,3,1
2019-10-09 22:00:00,3,1,2
2019-10-09 23:00:00,0,0,0
2019-10-10 00:00:00,0,0,0
2019-10-10 01:00:00,0,0,0
2019-10-10 02:00:00,0,0,0
2019-10-10 03:00:00,0,0,0
2019-10-10 04:00:00,4,4,0
2019-10-10 05:00:00,14,13,1
2019-10-10 06:00:00,32,28,4
2019-10-10 07:00:00,49,36,13
2019-10-10 08:00:00,61,51,10
2019-10-10 09:00:00,48,31,17
2019-10-10 10:00:00,27,16,11
2019-10-10 11:00:00,35,26,9
2019-10-10 12:00:00,40,23,17
2019-10-10 13:00:00,33,8,25
2019-10-10 14:00:00,65,32,33
2019-10-10 15:00:00,74,26,48
2019-10-10 16:00:00,111,43,68
2019-10-10 17:00:00,117,30,87
2019-10-10 18:00:00,83,25,58
2019-10-10 19:00:00,17,3,14
2019-10-10 20:00:00,4,0,4
2019-10-10 21:00:00,13,8,5
2019-10-10 22:00:00,6,2,4
2019-10-10 23:00:00,1,0,1
2019-10-11 00:00:00,0,0,0
2019-10-11 01:00:00,0,0,0
2019-10-11 02:00:00,0,0,0
2019-10-11 03:00:00,0,0,0
2019-10-11 04:00:00,1,1,0
2019-10-11 05:00:00,15,12,3
2019-10-11 06:00:00,35,28,7
2019-10-11 07:00:00,57,48,9
2019-10-11 08:00:00,63,51,12
2019-10-11 09:00:00,50,28,22
2019-10-11 10:00:00,40,26,14
2019-10-11 11:00:00,48,27,21
2019-10-11 12:00:00,72,26,46
2019-10-11 13:00:00,88,40,48
2019-10-11 14:00:00,92,46,46
2019-10-11 15:00:00,109,42,67
2019-10-11 16:00:00,141,52,89
2019-10-11 17:00:00,118,38,80
2019-10-11 18:00:00,69,17,52
2019-10-11 19:00:00,9,2,7
2019-10-11 20:00:00,13,3,10
2019-10-11 21:00:00,2,0,2
2019-10-11 22:00:00,4,0,4
2019-10-11 23:00:00,3,0,3
2019-10-12 00:00:00,0,0,0
2019-10-12 01:00:00,0,0,0
2019-10-12 02:00:00,0,0,0
2019-10-12 03:00:00,1,0,1
2019-10-12 04:00:00,1,1,0
2019-10-12 05:00:00,3,1,2
2019-10-12 06:00:00,5,4,1
2019-10-12 07:00:00,18,7,11
2019-10-12 08:00:00,42,12,30
2019-10-12 09:00:00,68,23,45
2019-10-12 10:00:00,67,30,37
2019-10-12 11:00:00,107,37,70
2019-10-12 12:00:00,121,48,73
2019-10-12 13:00:00,96,37,59
2019-10-12 14:00:00,125,54,71
2019-10-12 15:00:00,112,72,40
2019-10-12 16:00:00,104,49,55
2019-10-12 17:00:00,73,49,24
2019-10-12 18:00:00,24,13,11
2019-10-12 19:00:00,4,3,1
2019-10-12 20:00:00,4,1,3
2019-10-12 21:00:00,2,0,2
2019-10-12 22:00:00,1,1,0
2019-10-12 23:00:00,0,0,0
2019-10-13 00:00:00,3,1,2
2019-10-13 01:00:00,0,0,0
2019-10-13 02:00:00,0,0,0
2019-10-13 03:00:00,1,0,1
2019-10-13 04:00:00,8,1,7
2019-10-13 05:00:00,4,2,2
2019-10-13 06:00:00,1,1,0
2019-10-13 07:00:00,14,5,9
2019-10-13 08:00:00,42,25,17
2019-10-13 09:00:00,44,16,28
2019-10-13 10:00:00,65,27,38
2019-10-13 11:00:00,68,38,30
2019-10-13 12:00:00,111,58,53
2019-10-13 13:00:00,111,60,51
2019-10-13 14:00:00,107,43,64
2019-10-13 15:00:00,148,73,75
2019-10-13 16:00:00,102,55,47
2019-10-13 17:00:00,59,37,22
2019-10-13 18:00:00,32,18,14
2019-10-13 19:00:00,5,5,0
2019-10-13 20:00:00,4,1,3
2019-10-13 21:00:00,1,1,0
2019-10-13 22:00:00,0,0,0
2019-10-13 23:00:00,1,0,1
2019-10-14 00:00:00,1,0,1
2019-10-14 01:00:00,0,0,0
2019-10-14 02:00:00,0,0,0
2019-10-14 03:00:00,0,0,0
2019-10-14 04:00:00,1,1,0
2019-10-14 05:00:00,14,11,3
2019-10-14 06:00:00,40,36,4
2019-10-14 07:00:00,47,38,9
2019-10-14 08:00:00,79,67,12
2019-10-14 09:00:00,49,35,14
2019-10-14 10:00:00,43,27,16
2019-10-14 11:00:00,56,30,26
2019-10-14 12:00:00,46,18,28
2019-10-14 13:00:00,59,23,36
2019-10-14 14:00:00,65,28,37
2019-10-14 15:00:00,82,28,54
2019-10-14 16:00:00,121,41,80
2019-10-14 17:00:00,150,41,109
2019-10-14 18:00:00,78,25,53
2019-10-14 19:00:00,23,5,18
2019-10-14 20:00:00,11,5,6
2019-10-14 21:00:00,4,1,3
2019-10-14 22:00:00,3,0,3
2019-10-14 23:00:00,2,0,2
2019-10-15 00:00:00,1,1,0
2019-10-15 01:00:00,0,0,0
2019-10-15 02:00:00,0,0,0
2019-10-15 03:00:00,0,0,0
2019-10-15 04:00:00,4,3,1
2019-10-15 05:00:00,13,9,4
2019-10-15 06:00:00,31,25,6
2019-10-15 07:00:00,68,58,10
2019-10-15 08:00:00,88,71,17
2019-10-15 09:00:00,57,39,18
2019-10-15 10:00:00,59,34,25
2019-10-15 11:00:00,48,27,21
2019-10-15 12:00:00,47,26,21
2019-10-15 13:00:00,46,27,19
2019-10-15 14:00:00,42,16,26
2019-10-15 15:00:00,50,19,31
2019-10-15 16:00:00,90,29,61
2019-10-15 17:00:00,126,22,104
2019-10-15 18:00:00,78,28,50
2019-10-15 19:00:00,30,3,27
2019-10-15 20:00:00,9,1,8
2019-10-15 21:00:00,6,4,2
2019-10-15 22:00:00,0,0,0
2019-10-15 23:00:00,0,0,0
2019-10-16 00:00:00,0,0,0
2019-10-16 01:00:00,0,0,0
2019-10-16 02:00:00,1,0,1
2019-10-16 03:00:00,0,0,0
2019-10-16 04:00:00,3,3,0
2019-10-16 05:00:00,8,7,1
2019-10-16 06:00:00,17,15,2
2019-10-16 07:00:00,29,22,7
2019-10-16 08:00:00,43,39,4
2019-10-16 09:00:00,32,22,10
2019-10-16 10:00:00,17,12,5
2019-10-16 11:00:00,10,6,4
2019-10-16 12:00:00,10,8,2
2019-10-16 13:00:00,14,4,10
2019-10-16 14:00:00,18,8,10
2019-10-16 15:00:00,26,7,19
2019-10-16 16:00:00,36,11,25
2019-10-16 17:00:00,78,11,67
2019-10-16 18:00:00,35,9,26
2019-10-16 19:00:00,10,2,8
2019-10-16 20:00:00,2,0,2
2019-10-16 21:00:00,6,4,2
2019-10-16 22:00:00,2,0,2
2019-10-16 23:00:00,1,0,1
2019-10-17 00:00:00,0,0,0
2019-10-17 01:00:00,0,0,0
2019-10-17 02:00:00,0,0,0
2019-10-17 03:00:00,0,0,0
2019-10-17 04:00:00,4,3,1
2019-10-17 05:00:00,9,8,1
2019-10-17 06:00:00,23,18,5
2019-10-17 07:00:00,35,25,10
2019-10-17 08:00:00,55,40,15
2019-10-17 09:00:00,35,27,8
2019-10-17 10:00:00,11,7,4
2019-10-17 11:00:00,15,9,6
2019-10-17 12:00:00,8,5,3
2019-10-17 13:00:00,12,4,8
2019-10-17 14:00:00,14,6,8
2019-10-17 15:00:00,19,3,16
2019-10-17 16:00:00,52,12,40
2019-10-17 17:00:00,62,12,50
2019-10-17 18:00:00,41,13,28
2019-10-17 19:00:00,17,4,13
2019-10-17 20:00:00,3,0,3
2019-10-17 21:00:00,3,1,2
2019-10-17 22:00:00,0,0,0
2019-10-17 23:00:00,0,0,0
2019-10-18 00:00:00,0,0,0
2019-10-18 01:00:00,0,0,0
2019-10-18 02:00:00,0,0,0
2019-10-18 03:00:00,0,0,0
2019-10-18 04:00:00,3,3,0
2019-10-18 05:00:00,7,5,2
2019-10-18 06:00:00,24,21,3
2019-10-18 07:00:00,41,31,10
2019-10-18 08:00:00,45,33,12
2019-10-18 09:00:00,44,30,14
2019-10-18 10:00:00,24,13,11
2019-10-18 11:00:00,23,12,11
2019-10-18 12:00:00,11,8,3
2019-10-18 13:00:00,14,5,9
2019-10-18 14:00:00,23,9,14
2019-10-18 15:00:00,45,15,30
2019-10-18 16:00:00,50,15,35
2019-10-18 17:00:00,49,15,34
2019-10-18 18:00:00,31,4,27
2019-10-18 19:00:00,5,0,5
2019-10-18 20:00:00,9,3,6
2019-10-18 21:00:00,5,2,3
2019-10-18 22:00:00,1,0,1
2019-10-18 23:00:00,3,0,3
2019-10-19 00:00:00,0,0,0
2019-10-19 01:00:00,0,0,0
2019-10-19 02:00:00,0,0,0
2019-10-19 03:00:00,0,0,0
2019-10-19 04:00:00,0,0,0
2019-10-19 05:00:00,2,2,0
2019-10-19 06:00:00,5,2,3
2019-10-19 07:00:00,4,2,2
2019-10-19 08:00:00,10,6,4
2019-10-19 09:00:00,23,9,14
2019-10-19 10:00:00,25,13,12
2019-10-19 11:00:00,31,14,17
2019-10-19 12:00:00,23,16,7
2019-10-19 13:00:00,21,12,9
2019-10-19 14:00:00,24,11,13
2019-10-19 15:00:00,24,9,15
2019-10-19 16:00:00,33,13,20
2019-10-19 17:00:00,37,19,18
2019-10-19 18:00:00,14,8,6
2019-10-19 19:00:00,4,0,4
2019-10-19 20:00:00,6,3,3
2019-10-19 21:00:00,0,0,0
2019-10-19 22:00:00,2,0,2
2019-10-19 23:00:00,0,0,0
2019-10-20 00:00:00,1,0,1
2019-10-20 01:00:00,0,0,0
2019-10-20 02:00:00,0,0,0
2019-10-20 03:00:00,0,0,0
2019-10-20 04:00:00,2,0,2
2019-10-20 05:00:00,1,1,0
2019-10-20 06:00:00,1,1,0
2019-10-20 07:00:00,9,3,6
2019-10-20 08:00:00,26,12,14
2019-10-20 09:00:00,28,9,19
2019-10-20 10:00:00,43,23,20
2019-10-20 11:00:00,55,25,30
2019-10-20 12:00:00,46,22,24
2019-10-20 13:00:00,38,15,23
2019-10-20 14:00:00,20,12,8
2019-10-20 15:00:00,10,5,5
2019-10-20 16:00:00,20,12,8
2019-10-20 17:00:00,11,6,5
2019-10-20 18:00:00,8,3,5
2019-10-20 19:00:00,0,0,0
2019-10-20 20:00:00,3,1,2
2019-10-20 21:00:00,1,1,0
2019-10-20 22:00:00,0,0,0
2019-10-20 23:00:00,1,0,1
2019-10-21 00:00:00,0,0,0
2019-10-21 01:00:00,0,0,0
2019-10-21 02:00:00,0,0,0
2019-10-21 03:00:00,0,0,0
2019-10-21 04:00:00,3,3,0
2019-10-21 05:00:00,10,9,1
2019-10-21 06:00:00,28,22,6
2019-10-21 07:00:00,46,36,10
2019-10-21 08:00:00,56,48,8
2019-10-21 09:00:00,36,25,11
2019-10-21 10:00:00,24,17,7
2019-10-21 11:00:00,14,10,4
2019-10-21 12:00:00,11,5,6
2019-10-21 13:00:00,13,7,6
2019-10-21 14:00:00,24,8,16
2019-10-21 15:00:00,16,8,8
2019-10-21 16:00:00,44,9,35
2019-10-21 17:00:00,68,8,60
2019-10-21 18:00:00,39,5,34
2019-10-21 19:00:00,14,1,13
2019-10-21 20:00:00,1,1,0
2019-10-21 21:00:00,4,1,3
2019-10-21 22:00:00,1,0,1
2019-10-21 23:00:00,1,0,1
2019-10-22 00:00:00,0,0,0
2019-10-22 01:00:00,0,0,0
2019-10-22 02:00:00,0,0,0
2019-10-22 03:00:00,1,1,0
2019-10-22 04:00:00,2,2,0
2019-10-22 05:00:00,10,8,2
2019-10-22 06:00:00,36,32,4
2019-10-22 07:00:00,47,34,13
2019-10-22 08:00:00,62,48,14
2019-10-22 09:00:00,42,36,6
2019-10-22 10:00:00,26,16,10
2019-10-22 11:00:00,23,14,9
2019-10-22 12:00:00,34,18,16
2019-10-22 13:00:00,25,15,10
2019-10-22 14:00:00,30,10,20
2019-10-22 15:00:00,35,13,22
2019-10-22 16:00:00,69,23,46
2019-10-22 17:00:00,82,14,68
2019-10-22 18:00:00,57,11,46
2019-10-22 19:00:00,23,3,20
2019-10-22 20:00:00,14,3,11
2019-10-22 21:00:00,8,3,5
2019-10-22 22:00:00,2,1,1
2019-10-22 23:00:00,0,0,0
2019-10-23 00:00:00,0,0,0
2019-10-23 01:00:00,0,0,0
2019-10-23 02:00:00,1,0,1
2019-10-23 03:00:00,1,0,1
2019-10-23 04:00:00,4,3,1
2019-10-23 05:00:00,11,9,2
2019-10-23 06:00:00,38,30,8
2019-10-23 07:00:00,52,35,17
2019-10-23 08:00:00,65,52,13
2019-10-23 09:00:00,37,28,9
2019-10-23 10:00:00,21,11,10
2019-10-23 11:00:00,28,16,12
2019-10-23 12:00:00,35,18,17
2019-10-23 13:00:00,47,22,25
2019-10-23 14:00:00,66,31,35
2019-10-23 15:00:00,57,27,30
2019-10-23 16:00:00,95,31,64
2019-10-23 17:00:00,127,27,100
2019-10-23 18:00:00,59,13,46
2019-10-23 19:00:00,18,6,12
2019-10-23 20:00:00,7,3,4
2019-10-23 21:00:00,6,4,2
2019-10-23 22:00:00,1,0,1
2019-10-23 23:00:00,1,0,1
2019-10-24 00:00:00,0,0,0
2019-10-24 01:00:00,0,0,0
2019-10-24 02:00:00,0,0,0
2019-10-24 03:00:00,0,0,0
2019-10-24 04:00:00,2,2,0
2019-10-24 05:00:00,12,8,4
2019-10-24 06:00:00,36,31,5
2019-10-24 07:00:00,53,40,13
2019-10-24 08:00:00,91,71,20
2019-10-24 09:00:00,53,33,20
2019-10-24 10:00:00,35,20,15
2019-10-24 11:00:00,42,27,15
2019-10-24 12:00:00,42,19,23
2019-10-24 13:00:00,46,18,28
2019-10-24 14:00:00,57,32,25
2019-10-24 15:00:00,85,33,52
2019-10-24 16:00:00,111,50,61
2019-10-24 17:00:00,127,23,104
2019-10-24 18:00:00,75,19,56
2019-10-24 19:00:00,29,10,19
2019-10-24 20:00:00,12,1,11
2019-10-24 21:00:00,7,5,2
2019-10-24 22:00:00,2,0,2
2019-10-24 23:00:00,2,1,1
2019-10-25 00:00:00,0,0,0
2019-10-25 01:00:00,0,0,0
2019-10-25 02:00:00,0,0,0
2019-10-25 03:00:00,1,1,0
2019-10-25 04:00:00,2,2,0
2019-10-25 05:00:00,11,8,3
2019-10-25 06:00:00,20,19,1
2019-10-25 07:00:00,36,26,10
2019-10-25 08:00:00,56,41,15
2019-10-25 09:00:00,45,31,14
2019-10-25 10:00:00,30,16,14
2019-10-25 11:00:00,24,17,7
2019-10-25 12:00:00,8,2,6
2019-10-25 13:00:00,13,4,9
2019-10-25 14:00:00,13,6,7
2019-10-25 15:00:00,42,15,27
2019-10-25 16:00:00,59,15,44
2019-10-25 17:00:00,76,20,56
2019-10-25 18:00:00,41,14,27
2019-10-25 19:00:00,14,4,10
2019-10-25 20:00:00,5,2,3
2019-10-25 21:00:00,0,0,0
2019-10-25 22:00:00,0,0,0
2019-10-25 23:00:00,0,0,0
2019-10-26 00:00:00,1,1,0
2019-10-26 01:00:00,1,0,1
2019-10-26 02:00:00,0,0,0
2019-10-26 03:00:00,1,0,1
2019-10-26 04:00:00,1,0,1
2019-10-26 05:00:00,4,4,0
2019-10-26 06:00:00,6,5,1
2019-10-26 07:00:00,13,3,10
2019-10-26 08:00:00,36,19,17
2019-10-26 09:00:00,42,15,27
2019-10-26 10:00:00,51,27,24
2019-10-26 11:00:00,101,37,64
2019-10-26 12:00:00,92,42,50
2019-10-26 13:00:00,107,46,61
2019-10-26 14:00:00,107,48,59
2019-10-26 15:00:00,111,52,59
2019-10-26 16:00:00,76,48,28
2019-10-26 17:00:00,68,34,34
2019-10-26 18:00:00,23,16,7
2019-10-26 19:00:00,5,2,3
2019-10-26 20:00:00,2,0,2
2019-10-26 21:00:00,0,0,0
2019-10-26 22:00:00,2,0,2
2019-10-26 23:00:00,0,0,0
2019-10-27 00:00:00,0,0,0
2019-10-27 01:00:00,1,0,1
2019-10-27 02:00:00,0,0,0
2019-10-27 03:00:00,0,0,0
2019-10-27 04:00:00,0,0,0
2019-10-27 05:00:00,1,1,0
2019-10-27 06:00:00,4,4,0
2019-10-27 07:00:00,11,7,4
2019-10-27 08:00:00,18,7,11
2019-10-27 09:00:00,55,12,43
2019-10-27 10:00:00,51,17,34
2019-10-27 11:00:00,85,38,47
2019-10-27 12:00:00,107,47,60
2019-10-27 13:00:00,136,66,70
2019-10-27 14:00:00,157,78,79
2019-10-27 15:00:00,175,102,73
2019-10-27 16:00:00,128,77,51
2019-10-27 17:00:00,67,36,31
2019-10-27 18:00:00,23,8,15
2019-10-27 19:00:00,6,1,5
2019-10-27 20:00:00,2,1,1
2019-10-27 21:00:00,0,0,0
2019-10-27 22:00:00,0,0,0
2019-10-27 23:00:00,0,0,0
2019-10-28 00:00:00,0,0,0
2019-10-28 01:00:00,0,0,0
2019-10-28 02:00:00,0,0,0
2019-10-28 03:00:00,0,0,0
2019-10-28 04:00:00,2,1,1
2019-10-28 05:00:00,11,11,0
2019-10-28 06:00:00,24,20,4
2019-10-28 07:00:00,58,47,11
2019-10-28 08:00:00,73,69,4
2019-10-28 09:00:00,49,31,18
2019-10-28 10:00:00,32,20,12
2019-10-28 11:00:00,55,29,26
2019-10-28 12:00:00,32,13,19
2019-10-28 13:00:00,52,23,29
2019-10-28 14:00:00,64,21,43
2019-10-28 15:00:00,46,21,25
2019-10-28 16:00:00,86,27,59
2019-10-28 17:00:00,117,30,87
2019-10-28 18:00:00,59,10,49
2019-10-28 19:00:00,15,2,13
2019-10-28 20:00:00,7,1,6
2019-10-28 21:00:00,5,3,2
2019-10-28 22:00:00,0,0,0
2019-10-28 23:00:00,2,1,1
2019-10-29 00:00:00,0,0,0
2019-10-29 01:00:00,0,0,0
2019-10-29 02:00:00,0,0,0
2019-10-29 03:00:00,0,0,0
2019-10-29 04:00:00,4,4,0
2019-10-29 05:00:00,13,11,2
2019-10-29 06:00:00,35,25,10
2019-10-29 07:00:00,46,31,15
2019-10-29 08:00:00,75,52,23
2019-10-29 09:00:00,41,30,11
2019-10-29 10:00:00,26,12,14
2019-10-29 11:00:00,37,22,15
2019-10-29 12:00:00,31,20,11
2019-10-29 13:00:00,23,14,9
2019-10-29 14:00:00,38,13,25
2019-10-29 15:00:00,55,32,23
2019-10-29 16:00:00,90,28,62
2019-10-29 17:00:00,109,34,75
2019-10-29 18:00:00,57,14,43
2019-10-29 19:00:00,18,3,15
2019-10-29 20:00:00,4,1,3
2019-10-29 21:00:00,6,2,4
2019-10-29 22:00:00,2,0,2
2019-10-29 23:00:00,0,0,0
2019-10-30 00:00:00,0,0,0
2019-10-30 01:00:00,0,0,0
2019-10-30 02:00:00,1,0,1
2019-10-30 03:00:00,0,0,0
2019-10-30 04:00:00,3,3,0
2019-10-30 05:00:00,6,5,1
2019-10-30 06:00:00,27,23,4
2019-10-30 07:00:00,45,32,13
2019-10-30 08:00:00,64,53,11
2019-10-30 09:00:00,43,28,15
2019-10-30 10:00:00,30,20,10
2019-10-30 11:00:00,35,21,14
2019-10-30 12:00:00,31,13,18
2019-10-30 13:00:00,41,20,21
2019-10-30 14:00:00,36,17,19
2019-10-30 15:00:00,47,22,25
2019-10-30 16:00:00,80,31,49
2019-10-30 17:00:00,96,18,78
2019-10-30 18:00:00,46,13,33
2019-10-30 19:00:00,20,7,13
2019-10-30 20:00:00,9,2,7
2019-10-30 21:00:00,5,5,0
2019-10-30 22:00:00,1,0,1
2019-10-30 23:00:00,3,0,3
2019-10-31 00:00:00,1,0,1
2019-10-31 01:00:00,0,0,0
2019-10-31 02:00:00,0,0,0
2019-10-31 03:00:00,0,0,0
2019-10-31 04:00:00,2,1,1
2019-10-31 05:00:00,7,6,1
2019-10-31 06:00:00,18,16,2
2019-10-31 07:00:00,66,49,17
2019-10-31 08:00:00,43,32,11
2019-10-31 09:00:00,47,30,17
2019-10-31 10:00:00,27,14,13
2019-10-31 11:00:00,30,16,14
2019-10-31 12:00:00,42,21,21
2019-10-31 13:00:00,36,17,19
2019-10-31 14:00:00,39,16,23
2019-10-31 15:00:00,53,19,34
2019-10-31 16:00:00,80,31,49
2019-10-31 17:00:00,78,25,53
2019-10-31 18:00:00,38,14,24
2019-10-31 19:00:00,6,1,5
2019-10-31 20:00:00,5,0,5
2019-10-31 21:00:00,4,1,3
2019-10-31 22:00:00,0,0,0
2019-10-31 23:00:00,0,0,0
2020-02-03 02:00:00,0,0,0
2020-02-03 03:00:00,1,1,0
2020-02-03 04:00:00,3,2,1
2020-02-03 05:00:00,4,3,1
2020-02-03 06:00:00,18,16,2
2020-02-03 07:00:00,50,35,15
2020-02-03 08:00:00,61,49,12
2020-02-03 09:00:00,34,18,16
2020-02-03 10:00:00,32,15,17
2020-02-03 11:00:00,24,16,8
2020-02-03 12:00:00,35,13,22
2020-02-03 13:00:00,36,21,15
2020-02-03 14:00:00,38,14,24
2020-02-03 15:00:00,39,16,23
2020-02-03 16:00:00,70,24,46
2020-02-03 17:00:00,71,15,56
2020-02-03 18:00:00,43,8,35
2020-02-03 19:00:00,24,4,20
2020-02-03 20:00:00,7,4,3
2019-11-01 00:00:00,0,0,0
2019-11-01 01:00:00,0,0,0
2019-11-01 02:00:00,0,0,0
2019-11-01 03:00:00,1,0,1
2019-11-01 04:00:00,1,1,0
2019-11-01 05:00:00,6,5,1
2019-11-01 06:00:00,27,26,1
2019-11-01 07:00:00,52,39,13
2019-11-01 08:00:00,62,41,21
2019-11-01 09:00:00,43,30,13
2019-11-01 10:00:00,37,20,17
2019-11-01 11:00:00,28,16,12
2019-11-01 12:00:00,29,15,14
2019-11-01 13:00:00,45,14,31
2019-11-01 14:00:00,58,25,33
2019-11-01 15:00:00,76,40,36
2019-11-01 16:00:00,77,30,47
2019-11-01 17:00:00,75,16,59
2019-11-01 18:00:00,36,8,28
2019-11-01 19:00:00,16,4,12
2019-11-01 20:00:00,14,4,10
2019-11-01 21:00:00,4,1,3
2019-11-01 22:00:00,4,1,3
2019-11-01 23:00:00,1,1,0
2019-11-02 00:00:00,1,0,1
2019-11-02 01:00:00,0,0,0
2019-11-02 02:00:00,0,0,0
2019-11-02 03:00:00,0,0,0
2019-11-02 04:00:00,0,0,0
2019-11-02 05:00:00,4,3,1
2019-11-02 06:00:00,4,2,2
2019-11-02 07:00:00,13,10,3
2019-11-02 08:00:00,41,14,27
2019-11-02 09:00:00,36,14,22
2019-11-02 10:00:00,75,41,34
2019-11-02 11:00:00,99,54,45
2019-11-02 12:00:00,180,92,88
2019-11-02 13:00:00,160,59,101
2019-11-02 14:00:00,142,55,87
2019-11-02 15:00:00,163,91,72
2019-11-02 16:00:00,156,80,76
2019-11-02 17:00:00,73,45,28
2019-11-02 18:00:00,14,9,5
2019-11-02 19:00:00,2,1,1
2019-11-02 20:00:00,0,0,0
2019-11-02 21:00:00,1,0,1
2019-11-02 22:00:00,1,0,1
2019-11-02 23:00:00,0,0,0
2019-11-03 00:00:00,0,0,0
2019-11-03 01:00:00,1,0,1
2019-11-03 02:00:00,0,0,0
2019-11-03 03:00:00,0,0,0
2019-11-03 04:00:00,2,0,2
2019-11-03 05:00:00,4,3,1
2019-11-03 06:00:00,3,3,0
2019-11-03 07:00:00,19,2,17
2019-11-03 08:00:00,41,23,18
2019-11-03 09:00:00,64,32,32
2019-11-03 10:00:00,88,25,63
2019-11-03 11:00:00,146,65,81
2019-11-03 12:00:00,133,75,58
2019-11-03 13:00:00,116,40,76
2019-11-03 14:00:00,120,79,41
2019-11-03 15:00:00,113,64,49
2019-11-03 16:00:00,81,48,33
2019-11-03 17:00:00,29,14,15
2019-11-03 18:00:00,8,3,5
2019-11-03 19:00:00,4,1,3
2019-11-03 20:00:00,4,3,1
2019-11-03 21:00:00,2,2,0
2019-11-03 22:00:00,1,0,1
2019-11-03 23:00:00,0,0,0
2019-11-04 00:00:00,1,0,1
2019-11-04 01:00:00,0,0,0
2019-11-04 02:00:00,0,0,0
2019-11-04 03:00:00,0,0,0
2019-11-04 04:00:00,5,3,2
2019-11-04 05:00:00,9,6,3
2019-11-04 06:00:00,35,31,4
2019-11-04 07:00:00,64,49,15
2019-11-04 08:00:00,91,73,18
2019-11-04 09:00:00,47,34,13
2019-11-04 10:00:00,55,43,12
2019-11-04 11:00:00,28,17,11
2019-11-04 12:00:00,32,14,18
2019-11-04 13:00:00,36,20,16
2019-11-04 14:00:00,54,19,35
2019-11-04 15:00:00,46,20,26
2019-11-04 16:00:00,69,32,37
2019-11-04 17:00:00,86,12,74
2019-11-04 18:00:00,55,11,44
2019-11-04 19:00:00,19,2,17
2019-11-04 20:00:00,6,2,4
2019-11-04 21:00:00,3,0,3
2019-11-04 22:00:00,3,0,3
2019-11-04 23:00:00,1,1,0
2019-11-05 00:00:00,0,0,0
2019-11-05 01:00:00,0,0,0
2019-11-05 02:00:00,0,0,0
2019-11-05 03:00:00,0,0,0
2019-11-05 04:00:00,0,0,0
2019-11-05 05:00:00,13,9,4
2019-11-05 06:00:00,47,41,6
2019-11-05 07:00:00,74,62,12
2019-11-05 08:00:00,86,64,22
2019-11-05 09:00:00,44,31,13
2019-11-05 10:00:00,32,21,11
2019-11-05 11:00:00,40,20,20
2019-11-05 12:00:00,34,18,16
2019-11-05 13:00:00,40,21,19
2019-11-05 14:00:00,70,35,35
2019-11-05 15:00:00,50,16,34
2019-11-05 16:00:00,93,36,57
2019-11-05 17:00:00,104,19,85
2019-11-05 18:00:00,57,9,48
2019-11-05 19:00:00,22,8,14
2019-11-05 20:00:00,9,1,8
2019-11-05 21:00:00,11,5,6
2019-11-05 22:00:00,1,0,1
2019-11-05 23:00:00,0,0,0
2019-11-06 00:00:00,0,0,0
2019-11-06 01:00:00,0,0,0
2019-11-06 02:00:00,0,0,0
2019-11-06 03:00:00,0,0,0
2019-11-06 04:00:00,2,2,0
2019-11-06 05:00:00,11,11,0
2019-11-06 06:00:00,39,28,11
2019-11-06 07:00:00,58,47,11
2019-11-06 08:00:00,88,75,13
2019-11-06 09:00:00,61,43,18
2019-11-06 10:00:00,30,21,9
2019-11-06 11:00:00,40,23,17
2019-11-06 12:00:00,46,18,28
2019-11-06 13:00:00,45,20,25
2019-11-06 14:00:00,56,30,26
2019-11-06 15:00:00,63,31,32
2019-11-06 16:00:00,89,29,60
2019-11-06 17:00:00,111,22,89
2019-11-06 18:00:00,57,8,49
2019-11-06 19:00:00,16,8,8
2019-11-06 20:00:00,14,9,5
2019-11-06 21:00:00,5,2,3
2019-11-06 22:00:00,1,0,1
2019-11-06 23:00:00,1,0,1
2019-11-07 00:00:00,0,0,0
2019-11-07 01:00:00,0,0,0
2019-11-07 02:00:00,1,0,1
2019-11-07 03:00:00,0,0,0
2019-11-07 04:00:00,4,4,0
2019-11-07 05:00:00,12,9,3
2019-11-07 06:00:00,31,27,4
2019-11-07 07:00:00,65,50,15
2019-11-07 08:00:00,67,55,12
2019-11-07 09:00:00,33,26,7
2019-11-07 10:00:00,44,26,18
2019-11-07 11:00:00,32,21,11
2019-11-07 12:00:00,42,18,24
2019-11-07 13:00:00,55,22,33
2019-11-07 14:00:00,40,18,22
2019-11-07 15:00:00,44,15,29
2019-11-07 16:00:00,92,25,67
2019-11-07 17:00:00,77,12,65
2019-11-07 18:00:00,56,15,41
2019-11-07 19:00:00,21,4,17
2019-11-07 20:00:00,17,8,9
2019-11-07 21:00:00,9,2,7
2019-11-07 22:00:00,0,0,0
2019-11-07 23:00:00,0,0,0
2019-11-08 00:00:00,0,0,0
2019-11-08 01:00:00,0,0,0
2019-11-08 02:00:00,0,0,0
2019-11-08 03:00:00,0,0,0
2019-11-08 04:00:00,1,1,0
2019-11-08 05:00:00,7,5,2
2019-11-08 06:00:00,31,29,2
2019-11-08 07:00:00,47,32,15
2019-11-08 08:00:00,62,50,12
2019-11-08 09:00:00,40,28,12
2019-11-08 10:00:00,57,34,23
2019-11-08 11:00:00,35,15,20
2019-11-08 12:00:00,31,14,17
2019-11-08 13:00:00,66,37,29
2019-11-08 14:00:00,86,44,42
2019-11-08 15:00:00,71,28,43
2019-11-08 16:00:00,103,36,67
2019-11-08 17:00:00,60,15,45
2019-11-08 18:00:00,36,5,31
2019-11-08 19:00:00,13,4,9
2019-11-08 20:00:00,8,4,4
2019-11-08 21:00:00,7,1,6
2019-11-08 22:00:00,3,0,3
2019-11-08 23:00:00,0,0,0
2019-11-09 00:00:00,0,0,0
2019-11-09 01:00:00,1,1,0
2019-11-09 02:00:00,0,0,0
2019-11-09 03:00:00,3,0,3
2019-11-09 04:00:00,0,0,0
2019-11-09 05:00:00,3,2,1
2019-11-09 06:00:00,3,2,1
2019-11-09 07:00:00,8,3,5
2019-11-09 08:00:00,16,5,11
2019-11-09 09:00:00,11,4,7
2019-11-09 10:00:00,15,7,8
2019-11-09 11:00:00,36,15,21
2019-11-09 12:00:00,31,17,14
2019-11-09 13:00:00,36,27,9
2019-11-09 14:00:00,23,11,12
2019-11-09 15:00:00,21,9,12
2019-11-09 16:00:00,30,17,13
2019-11-09 17:00:00,14,8,6
2019-11-09 18:00:00,6,1,5
2019-11-09 19:00:00,3,0,3
2019-11-09 20:00:00,0,0,0
2019-11-09 21:00:00,2,0,2
2019-11-09 22:00:00,1,1,0
2019-11-09 23:00:00,1,1,0
2019-11-10 00:00:00,0,0,0
2019-11-10 01:00:00,1,0,1
2019-11-10 02:00:00,0,0,0
2019-11-10 03:00:00,0,0,0
2019-11-10 04:00:00,0,0,0
2019-11-10 05:00:00,3,1,2
2019-11-10 06:00:00,3,2,1
2019-11-10 07:00:00,12,4,8
2019-11-10 08:00:00,34,16,18
2019-11-10 09:00:00,55,22,33
2019-11-10 10:00:00,92,52,40
2019-11-10 11:00:00,71,21,50
2019-11-10 12:00:00,70,35,35
2019-11-10 13:00:00,73,34,39
2019-11-10 14:00:00,60,20,40
2019-11-10 15:00:00,92,43,49
2019-11-10 16:00:00,74,39,35
2019-11-10 17:00:00,17,9,8
2019-11-10 18:00:00,6,2,4
2019-11-10 19:00:00,7,2,5
2019-11-10 20:00:00,7,5,2
2019-11-10 21:00:00,1,1,0
2019-11-10 22:00:00,1,0,1
2019-11-10 23:00:00,0,0,0
2019-11-11 00:00:00,0,0,0
2019-11-11 01:00:00,0,0,0
2019-11-11 02:00:00,0,0,0
2019-11-11 03:00:00,0,0,0
2019-11-11 04:00:00,2,2,0
2019-11-11 05:00:00,4,3,1
2019-11-11 06:00:00,18,16,2
2019-11-11 07:00:00,39,26,13
2019-11-11 08:00:00,47,36,11
2019-11-11 09:00:00,34,19,15
2019-11-11 10:00:00,45,18,27
2019-11-11 11:00:00,78,38,40
2019-11-11 12:00:00,96,63,33
2019-11-11 13:00:00,94,33,61
2019-11-11 14:00:00,86,38,48
2019-11-11 15:00:00,87,49,38
2019-11-11 16:00:00,70,33,37
2019-11-11 17:00:00,56,18,38
2019-11-11 18:00:00,29,5,24
2019-11-11 19:00:00,15,2,13
2019-11-11 20:00:00,8,2,6
2019-11-11 21:00:00,6,3,3
2019-11-11 22:00:00,0,0,0
2019-11-11 23:00:00,3,2,1
2019-11-12 00:00:00,1,0,1
2019-11-12 01:00:00,0,0,0
2019-11-12 02:00:00,0,0,0
2019-11-12 03:00:00,0,0,0
2019-11-12 04:00:00,1,1,0
2019-11-12 05:00:00,4,3,1
2019-11-12 06:00:00,26,21,5
2019-11-12 07:00:00,48,37,11
2019-11-12 08:00:00,40,31,9
2019-11-12 09:00:00,35,27,8
2019-11-12 10:00:00,19,12,7
2019-11-12 11:00:00,17,6,11
2019-11-12 12:00:00,21,12,9
2019-11-12 13:00:00,13,7,6
2019-11-12 14:00:00,29,11,18
2019-11-12 15:00:00,25,8,17
2019-11-12 16:00:00,69,24,45
2019-11-12 17:00:00,70,11,59
2019-11-12 18:00:00,35,4,31
2019-11-12 19:00:00,13,1,12
2019-11-12 20:00:00,3,0,3
2019-11-12 21:00:00,7,3,4
2019-11-12 22:00:00,0,0,0
2019-11-12 23:00:00,1,0,1
2019-11-13 00:00:00,0,0,0
2019-11-13 01:00:00,0,0,0
2019-11-13 02:00:00,1,0,1
2019-11-13 03:00:00,0,0,0
2019-11-13 04:00:00,2,2,0
2019-11-13 05:00:00,9,7,2
2019-11-13 06:00:00,41,35,6
2019-11-13 07:00:00,60,48,12
2019-11-13 08:00:00,79,62,17
2019-11-13 09:00:00,38,20,18
2019-11-13 10:00:00,26,15,11
2019-11-13 11:00:00,48,20,28
2019-11-13 12:00:00,48,24,24
2019-11-13 13:00:00,41,18,23
2019-11-13 14:00:00,62,33,29
2019-11-13 15:00:00,59,26,33
2019-11-13 16:00:00,84,26,58
2019-11-13 17:00:00,81,17,64
2019-11-13 18:00:00,69,13,56
2019-11-13 19:00:00,26,10,16
2019-11-13 20:00:00,8,1,7
2019-11-13 21:00:00,10,4,6
2019-11-13 22:00:00,1,1,0
2019-11-13 23:00:00,1,0,1
2019-11-14 00:00:00,0,0,0
2019-11-14 01:00:00,0,0,0
2019-11-14 02:00:00,0,0,0
2019-11-14 03:00:00,1,0,1
2019-11-14 04:00:00,3,2,1
2019-11-14 05:00:00,8,7,1
2019-11-14 06:00:00,30,25,5
2019-11-14 07:00:00,70,56,14
2019-11-14 08:00:00,67,54,13
2019-11-14 09:00:00,48,27,21
2019-11-14 10:00:00,32,19,13
2019-11-14 11:00:00,28,13,15
2019-11-14 12:00:00,37,21,16
2019-11-14 13:00:00,35,18,17
2019-11-14 14:00:00,45,22,23
2019-11-14 15:00:00,42,17,25
2019-11-14 16:00:00,72,18,54
2019-11-14 17:00:00,91,23,68
2019-11-14 18:00:00,49,7,42
2019-11-14 19:00:00,25,6,19
2019-11-14 20:00:00,14,0,14
2019-11-14 21:00:00,6,5,1
2019-11-14 22:00:00,2,1,1
2019-11-14 23:00:00,1,1,0
2019-11-15 00:00:00,0,0,0
2019-11-15 01:00:00,0,0,0
2019-11-15 02:00:00,0,0,0
2019-11-15 03:00:00,0,0,0
2019-11-15 04:00:00,3,2,1
2019-11-15 05:00:00,4,2,2
2019-11-15 06:00:00,19,16,3
2019-11-15 07:00:00,32,24,8
2019-11-15 08:00:00,52,35,17
2019-11-15 09:00:00,36,24,12
2019-11-15 10:00:00,18,11,7
2019-11-15 11:00:00,18,10,8
2019-11-15 12:00:00,30,20,10
2019-11-15 13:00:00,23,12,11
2019-11-15 14:00:00,24,7,17
2019-11-15 15:00:00,42,20,22
2019-11-15 16:00:00,61,26,35
2019-11-15 17:00:00,67,15,52
2019-11-15 18:00:00,33,3,30
2019-11-15 19:00:00,9,1,8
2019-11-15 20:00:00,8,3,5
2019-11-15 21:00:00,15,14,1
2019-11-15 22:00:00,0,0,0
2019-11-15 23:00:00,1,1,0
2019-11-16 00:00:00,0,0,0
2019-11-16 01:00:00,4,3,1
2019-11-16 02:00:00,0,0,0
2019-11-16 03:00:00,0,0,0
2019-11-16 04:00:00,0,0,0
2019-11-16 05:00:00,1,1,0
2019-11-16 06:00:00,5,2,3
2019-11-16 07:00:00,24,5,19
2019-11-16 08:00:00,40,16,24
2019-11-16 09:00:00,67,22,45
2019-11-16 10:00:00,63,38,25
2019-11-16 11:00:00,52,31,21
2019-11-16 12:00:00,75,33,42
2019-11-16 13:00:00,75,28,47
2019-11-16 14:00:00,65,34,31
2019-11-16 15:00:00,47,25,22
2019-11-16 16:00:00,42,15,27
2019-11-16 17:00:00,11,3,8
2019-11-16 18:00:00,3,1,2
2019-11-16 19:00:00,5,0,5
2019-11-16 20:00:00,0,0,0
2019-11-16 21:00:00,2,0,2
2019-11-16 22:00:00,2,1,1
2019-11-16 23:00:00,0,0,0
2019-11-17 00:00:00,3,3,0
2019-11-17 01:00:00,1,1,0
2019-11-17 02:00:00,0,0,0
2019-11-17 03:00:00,0,0,0
2019-11-17 04:00:00,0,0,0
2019-11-17 05:00:00,1,1,0
2019-11-17 06:00:00,4,1,3
2019-11-17 07:00:00,5,2,3
2019-11-17 08:00:00,12,6,6
2019-11-17 09:00:00,24,15,9
2019-11-17 10:00:00,20,9,11
2019-11-17 11:00:00,50,19,31
2019-11-17 12:00:00,66,33,33
2019-11-17 13:00:00,63,29,34
2019-11-17 14:00:00,44,21,23
2019-11-17 15:00:00,43,22,21
2019-11-17 16:00:00,18,13,5
2019-11-17 17:00:00,6,4,2
2019-11-17 18:00:00,2,1,1
2019-11-17 19:00:00,2,1,1
2019-11-17 20:00:00,1,0,1
2019-11-17 21:00:00,2,1,1
2019-11-17 22:00:00,1,1,0
2019-11-17 23:00:00,1,1,0
2019-11-18 00:00:00,1,0,1
2019-11-18 01:00:00,0,0,0
2019-11-18 02:00:00,0,0,0
2019-11-18 03:00:00,1,1,0
2019-11-18 04:00:00,0,0,0
2019-11-18 05:00:00,7,7,0
2019-11-18 06:00:00,24,19,5
2019-11-18 07:00:00,50,40,10
2019-11-18 08:00:00,66,53,13
2019-11-18 09:00:00,47,34,13
2019-11-18 10:00:00,37,29,8
2019-11-18 11:00:00,19,10,9
2019-11-18 12:00:00,15,8,7
2019-11-18 13:00:00,11,3,8
2019-11-18 14:00:00,14,4,10
2019-11-18 15:00:00,19,5,14
2019-11-18 16:00:00,47,15,32
2019-11-18 17:00:00,64,11,53
2019-11-18 18:00:00,36,2,34
2019-11-18 19:00:00,15,1,14
2019-11-18 20:00:00,7,1,6
2019-11-18 21:00:00,4,3,1
2019-11-18 22:00:00,3,0,3
2019-11-18 23:00:00,2,0,2
2019-11-19 00:00:00,0,0,0
2019-11-19 01:00:00,0,0,0
2019-11-19 02:00:00,0,0,0
2019-11-19 03:00:00,0,0,0
2019-11-19 04:00:00,2,2,0
2019-11-19 05:00:00,11,8,3
2019-11-19 06:00:00,25,20,5
2019-11-19 07:00:00,47,40,7
2019-11-19 08:00:00,56,44,12
2019-11-19 09:00:00,45,33,12
2019-11-19 10:00:00,18,16,2
2019-11-19 11:00:00,19,6,13
2019-11-19 12:00:00,14,6,8
2019-11-19 13:00:00,17,7,10
2019-11-19 14:00:00,25,13,12
2019-11-19 15:00:00,28,9,19
2019-11-19 16:00:00,70,19,51
2019-11-19 17:00:00,81,22,59
2019-11-19 18:00:00,47,11,36
2019-11-19 19:00:00,27,7,20
2019-11-19 20:00:00,4,0,4
2019-11-19 21:00:00,5,2,3
2019-11-19 22:00:00,4,1,3
2019-11-19 23:00:00,0,0,0
2019-11-20 00:00:00,0,0,0
2019-11-20 01:00:00,0,0,0
2019-11-20 02:00:00,1,0,1
2019-11-20 03:00:00,0,0,0
2019-11-20 04:00:00,2,2,0
2019-11-20 05:00:00,7,6,1
2019-11-20 06:00:00,38,31,7
2019-11-20 07:00:00,58,43,15
2019-11-20 08:00:00,81,63,18
2019-11-20 09:00:00,53,33,20
2019-11-20 10:00:00,43,27,16
2019-11-20 11:00:00,53,27,26
2019-11-20 12:00:00,57,29,28
2019-11-20 13:00:00,43,23,20
2019-11-20 14:00:00,54,17,37
2019-11-20 15:00:00,72,34,38
2019-11-20 16:00:00,66,19,47
2019-11-20 17:00:00,85,25,60
2019-11-20 18:00:00,59,15,44
2019-11-20 19:00:00,21,2,19
2019-11-20 20:00:00,10,4,6
2019-11-20 21:00:00,6,1,5
2019-11-20 22:00:00,0,0,0
2019-11-20 23:00:00,0,0,0
2019-11-21 00:00:00,3,0,3
2019-11-21 01:00:00,0,0,0
2019-11-21 02:00:00,0,0,0
2019-11-21 03:00:00,0,0,0
2019-11-21 04:00:00,1,1,0
2019-11-21 05:00:00,7,6,1
2019-11-21 06:00:00,30,23,7
2019-11-21 07:00:00,57,43,14
2019-11-21 08:00:00,66,50,16
2019-11-21 09:00:00,45,25,20
2019-11-21 10:00:00,30,11,19
2019-11-21 11:00:00,32,16,16
2019-11-21 12:00:00,45,22,23
2019-11-21 13:00:00,34,13,21
2019-11-21 14:00:00,46,24,22
2019-11-21 15:00:00,65,25,40
2019-11-21 16:00:00,84,31,53
2019-11-21 17:00:00,73,11,62
2019-11-21 18:00:00,48,6,42
2019-11-21 19:00:00,24,4,20
2019-11-21 20:00:00,12,5,7
2019-11-21 21:00:00,1,0,1
2019-11-21 22:00:00,3,0,3
2019-11-21 23:00:00,0,0,0
2019-11-22 00:00:00,0,0,0
2019-11-22 01:00:00,0,0,0
2019-11-22 02:00:00,0,0,0
2019-11-22 03:00:00,0,0,0
2019-11-22 04:00:00,2,2,0
2019-11-22 05:00:00,7,6,1
2019-11-22 06:00:00,23,21,2
2019-11-22 07:00:00,45,35,10
2019-11-22 08:00:00,53,43,10
2019-11-22 09:00:00,40,29,11
2019-11-22 10:00:00,29,14,15
2019-11-22 11:00:00,28,13,15
2019-11-22 12:00:00,40,24,16
2019-11-22 13:00:00,42,9,33
2019-11-22 14:00:00,44,17,27
2019-11-22 15:00:00,32,10,22
2019-11-22 16:00:00,66,17,49
2019-11-22 17:00:00,69,14,55
2019-11-22 18:00:00,42,7,35
2019-11-22 19:00:00,6,1,5
2019-11-22 20:00:00,8,4,4
2019-11-22 21:00:00,2,1,1
2019-11-22 22:00:00,0,0,0
2019-11-22 23:00:00,1,0,1
2019-11-23 00:00:00,2,0,2
2019-11-23 01:00:00,0,0,0
2019-11-23 02:00:00,0,0,0
2019-11-23 03:00:00,0,0,0
2019-11-23 04:00:00,0,0,0
2019-11-23 05:00:00,2,1,1
2019-11-23 06:00:00,2,1,1
2019-11-23 07:00:00,9,1,8
2019-11-23 08:00:00,34,7,27
2019-11-23 09:00:00,59,21,38
2019-11-23 10:00:00,68,33,35
2019-11-23 11:00:00,85,31,54
2019-11-23 12:00:00,97,44,53
2019-11-23 13:00:00,85,42,43
2019-11-23 14:00:00,76,34,42
2019-11-23 15:00:00,90,56,34
2019-11-23 16:00:00,49,36,13
2019-11-23 17:00:00,15,10,5
2019-11-23 18:00:00,5,3,2
2019-11-23 19:00:00,1,1,0
2019-11-23 20:00:00,3,1,2
2019-11-23 21:00:00,0,0,0
2019-11-23 22:00:00,0,0,0
2019-11-23 23:00:00,1,0,1
2019-11-24 00:00:00,2,0,2
2019-11-24 01:00:00,0,0,0
2019-11-24 02:00:00,1,0,1
2019-11-24 03:00:00,0,0,0
2019-11-24 04:00:00,0,0,0
2019-11-24 05:00:00,0,0,0
2019-11-24 06:00:00,2,2,0
2019-11-24 07:00:00,13,0,13
2019-11-24 08:00:00,25,13,12
2019-11-24 09:00:00,45,22,23
2019-11-24 10:00:00,67,23,44
2019-11-24 11:00:00,71,27,44
2019-11-24 12:00:00,81,46,35
2019-11-24 13:00:00,82,44,38
2019-11-24 14:00:00,87,41,46
2019-11-24 15:00:00,96,45,51
2019-11-24 16:00:00,52,29,23
2019-11-24 17:00:00,9,6,3
2019-11-24 18:00:00,5,1,4
2019-11-24 19:00:00,6,0,6
2019-11-24 20:00:00,5,5,0
2019-11-24 21:00:00,1,1,0
2019-11-24 22:00:00,1,1,0
2019-11-24 23:00:00,0,0,0
2019-11-25 00:00:00,1,1,0
2019-11-25 01:00:00,0,0,0
2019-11-25 02:00:00,0,0,0
2019-11-25 03:00:00,0,0,0
2019-11-25 04:00:00,2,2,0
2019-11-25 05:00:00,5,5,0
2019-11-25 06:00:00,24,20,4
2019-11-25 07:00:00,58,45,13
2019-11-25 08:00:00,67,54,13
2019-11-25 09:00:00,41,29,12
2019-11-25 10:00:00,13,4,9
2019-11-25 11:00:00,16,10,6
2019-11-25 12:00:00,7,2,5
2019-11-25 13:00:00,21,11,10
2019-11-25 14:00:00,20,10,10
2019-11-25 15:00:00,26,9,17
2019-11-25 16:00:00,48,13,35
2019-11-25 17:00:00,57,10,47
2019-11-25 18:00:00,48,10,38
2019-11-25 19:00:00,7,1,6
2019-11-25 20:00:00,11,3,8
2019-11-25 21:00:00,5,1,4
2019-11-25 22:00:00,0,0,0
2019-11-25 23:00:00,0,0,0
2019-11-26 00:00:00,0,0,0
2019-11-26 01:00:00,0,0,0
2019-11-26 02:00:00,0,0,0
2019-11-26 03:00:00,0,0,0
2019-11-26 04:00:00,2,2,0
2019-11-26 05:00:00,6,4,2
2019-11-26 06:00:00,27,21,6
2019-11-26 07:00:00,52,43,9
2019-11-26 08:00:00,61,47,14
2019-11-26 09:00:00,29,19,10
2019-11-26 10:00:00,24,11,13
2019-11-26 11:00:00,24,14,10
2019-11-26 12:00:00,31,16,15
2019-11-26 13:00:00,30,10,20
2019-11-26 14:00:00,39,14,25
2019-11-26 15:00:00,32,15,17
2019-11-26 16:00:00,58,17,41
2019-11-26 17:00:00,65,8,57
2019-11-26 18:00:00,42,11,31
2019-11-26 19:00:00,20,1,19
2019-11-26 20:00:00,10,4,6
2019-11-26 21:00:00,4,2,2
2019-11-26 22:00:00,0,0,0
2019-11-26 23:00:00,0,0,0
2019-11-27 00:00:00,1,0,1
2019-11-27 01:00:00,0,0,0
2019-11-27 02:00:00,1,0,1
2019-11-27 03:00:00,0,0,0
2019-11-27 04:00:00,1,1,0
2019-11-27 05:00:00,8,6,2
2019-11-27 06:00:00,24,21,3
2019-11-27 07:00:00,36,29,7
2019-11-27 08:00:00,38,29,9
2019-11-27 09:00:00,27,15,12
2019-11-27 10:00:00,25,13,12
2019-11-27 11:00:00,35,19,16
2019-11-27 12:00:00,37,22,15
2019-11-27 13:00:00,45,21,24
2019-11-27 14:00:00,42,22,20
2019-11-27 15:00:00,46,20,26
2019-11-27 16:00:00,50,13,37
2019-11-27 17:00:00,42,11,31
2019-11-27 18:00:00,22,3,19
2019-11-27 19:00:00,6,0,6
2019-11-27 20:00:00,7,3,4
2019-11-27 21:00:00,6,0,6
2019-11-27 22:00:00,0,0,0
2019-11-27 23:00:00,2,0,2
2019-11-28 00:00:00,0,0,0
2019-11-28 01:00:00,0,0,0
2019-11-28 02:00:00,0,0,0
2019-11-28 03:00:00,0,0,0
2019-11-28 04:00:00,0,0,0
2019-11-28 05:00:00,1,0,1
2019-11-28 06:00:00,3,2,1
2019-11-28 07:00:00,10,2,8
2019-11-28 08:00:00,23,6,17
2019-11-28 09:00:00,31,14,17
2019-11-28 10:00:00,42,18,24
2019-11-28 11:00:00,55,19,36
2019-11-28 12:00:00,73,39,34
2019-11-28 13:00:00,55,25,30
2019-11-28 14:00:00,35,16,19
2019-11-28 15:00:00,17,10,7
2019-11-28 16:00:00,2,1,1
2019-11-28 17:00:00,2,1,1
2019-11-28 18:00:00,1,1,0
2019-11-28 19:00:00,4,4,0
2019-11-28 20:00:00,2,1,1
2019-11-28 21:00:00,2,0,2
2019-11-28 22:00:00,2,2,0
2019-11-28 23:00:00,0,0,0
2019-11-29 00:00:00,0,0,0
2019-11-29 01:00:00,0,0,0
2019-11-29 02:00:00,0,0,0
2019-11-29 03:00:00,0,0,0
2019-11-29 04:00:00,1,1,0
2019-11-29 05:00:00,0,0,0
2019-11-29 06:00:00,2,1,1
2019-11-29 07:00:00,8,4,4
2019-11-29 08:00:00,12,7,5
2019-11-29 09:00:00,17,7,10
2019-11-29 10:00:00,26,10,16
2019-11-29 11:00:00,36,12,24
2019-11-29 12:00:00,66,31,35
2019-11-29 13:00:00,61,30,31
2019-11-29 14:00:00,80,46,34
2019-11-29 15:00:00,51,31,20
2019-11-29 16:00:00,37,12,25
2019-11-29 17:00:00,24,8,16
2019-11-29 18:00:00,5,0,5
2019-11-29 19:00:00,2,0,2
2019-11-29 20:00:00,3,0,3
2019-11-29 21:00:00,0,0,0
2019-11-29 22:00:00,0,0,0
2019-11-29 23:00:00,0,0,0
2019-11-30 00:00:00,0,0,0
2019-11-30 01:00:00,0,0,0
2019-11-30 02:00:00,0,0,0
2019-11-30 03:00:00,0,0,0
2019-11-30 04:00:00,0,0,0
2019-11-30 05:00:00,1,1,0
2019-11-30 06:00:00,0,0,0
2019-11-30 07:00:00,2,1,1
2019-11-30 08:00:00,9,2,7
2019-11-30 09:00:00,14,7,7
2019-11-30 10:00:00,35,17,18
2019-11-30 11:00:00,64,23,41
2019-11-30 12:00:00,52,21,31
2019-11-30 13:00:00,73,37,36
2019-11-30 14:00:00,90,51,39
2019-11-30 15:00:00,77,41,36
2019-11-30 16:00:00,37,27,10
2019-11-30 17:00:00,7,4,3
2019-11-30 18:00:00,2,1,1
2019-11-30 19:00:00,2,2,0
2019-11-30 20:00:00,5,1,4
2019-11-30 21:00:00,1,0,1
2019-11-30 22:00:00,2,0,2
2019-11-30 23:00:00,0,0,0
2020-02-03 21:00:00,6,3,3
2020-02-03 22:00:00,0,0,0
2020-02-03 23:00:00,0,0,0
2020-02-04 00:00:00,0,0,0
2020-02-04 01:00:00,1,0,1
2020-02-04 02:00:00,0,0,0
2020-02-04 03:00:00,1,1,0
2020-02-04 04:00:00,1,1,0
2020-02-04 05:00:00,5,3,2
2020-02-04 06:00:00,20,14,6
2020-02-04 07:00:00,47,33,14
2020-02-04 08:00:00,54,41,13
2020-02-04 09:00:00,23,16,7
2020-02-04 10:00:00,18,15,3
2020-02-04 11:00:00,7,5,2
2020-02-04 12:00:00,6,4,2
2020-02-04 13:00:00,7,0,7
2020-02-04 14:00:00,14,5,9
2020-02-04 15:00:00,18,6,12
2020-02-04 16:00:00,32,9,23
2020-02-04 17:00:00,43,6,37
2020-02-04 18:00:00,37,7,30
2020-02-04 19:00:00,14,4,10
2020-02-04 20:00:00,0,0,0
2020-02-04 21:00:00,5,1,4
2020-02-04 22:00:00,1,0,1
2020-02-04 23:00:00,0,0,0
2020-02-05 00:00:00,0,0,0
2020-02-05 01:00:00,0,0,0
2020-02-05 02:00:00,1,0,1
2020-02-05 03:00:00,1,1,0
2020-02-05 04:00:00,1,1,0
2020-02-05 05:00:00,4,2,2
2020-02-05 06:00:00,11,9,2
2020-02-05 07:00:00,39,30,9
2020-02-05 08:00:00,40,31,9
2020-02-05 09:00:00,15,11,4
2020-02-05 10:00:00,9,5,4
2020-02-05 11:00:00,5,3,2
2020-02-05 12:00:00,5,3,2
2020-02-05 13:00:00,5,0,5
2020-02-05 14:00:00,6,0,6
2020-02-05 15:00:00,8,0,8
2020-02-05 16:00:00,27,9,18
2020-02-05 17:00:00,40,4,36
2020-02-05 18:00:00,17,1,16
2019-12-01 00:00:00,0,0,0
2019-12-01 01:00:00,0,0,0
2019-12-01 02:00:00,0,0,0
2019-12-01 03:00:00,0,0,0
2019-12-01 04:00:00,0,0,0
2019-12-01 05:00:00,2,2,0
2019-12-01 06:00:00,0,0,0
2019-12-01 07:00:00,8,0,8
2019-12-01 08:00:00,12,9,3
2019-12-01 09:00:00,10,5,5
2019-12-01 10:00:00,15,4,11
2019-12-01 11:00:00,25,14,11
2019-12-01 12:00:00,31,21,10
2019-12-01 13:00:00,20,12,8
2019-12-01 14:00:00,31,13,18
2019-12-01 15:00:00,28,17,11
2019-12-01 16:00:00,17,10,7
2019-12-01 17:00:00,2,0,2
2019-12-01 18:00:00,4,0,4
2019-12-01 19:00:00,4,2,2
2019-12-01 20:00:00,2,1,1
2019-12-01 21:00:00,1,0,1
2019-12-01 22:00:00,0,0,0
2019-12-01 23:00:00,4,4,0
2019-12-02 00:00:00,0,0,0
2019-12-02 01:00:00,0,0,0
2019-12-02 02:00:00,0,0,0
2019-12-02 03:00:00,0,0,0
2019-12-02 04:00:00,0,0,0
2019-12-02 05:00:00,9,8,1
2019-12-02 06:00:00,30,26,4
2019-12-02 07:00:00,49,39,10
2019-12-02 08:00:00,59,49,10
2019-12-02 09:00:00,39,25,14
2019-12-02 10:00:00,44,30,14
2019-12-02 11:00:00,23,9,14
2019-12-02 12:00:00,30,13,17
2019-12-02 13:00:00,40,22,18
2019-12-02 14:00:00,44,17,27
2019-12-02 15:00:00,39,14,25
2019-12-02 16:00:00,58,16,42
2019-12-02 17:00:00,72,12,60
2019-12-02 18:00:00,30,3,27
2019-12-02 19:00:00,22,1,21
2019-12-02 20:00:00,8,3,5
2019-12-02 21:00:00,6,2,4
2019-12-02 22:00:00,2,0,2
2019-12-02 23:00:00,0,0,0
2019-12-03 00:00:00,0,0,0
2019-12-03 01:00:00,0,0,0
2019-12-03 02:00:00,1,0,1
2019-12-03 03:00:00,0,0,0
2019-12-03 04:00:00,3,1,2
2019-12-03 05:00:00,13,10,3
2019-12-03 06:00:00,27,22,5
2019-12-03 07:00:00,60,50,10
2019-12-03 08:00:00,73,56,17
2019-12-03 09:00:00,50,30,20
2019-12-03 10:00:00,26,13,13
2019-12-03 11:00:00,35,19,16
2019-12-03 12:00:00,22,10,12
2019-12-03 13:00:00,34,11,23
2019-12-03 14:00:00,33,17,16
2019-12-03 15:00:00,32,14,18
2019-12-03 16:00:00,70,24,46
2019-12-03 17:00:00,88,17,71
2019-12-03 18:00:00,49,8,41
2019-12-03 19:00:00,25,4,21
2019-12-03 20:00:00,11,2,9
2019-12-03 21:00:00,4,2,2
2019-12-03 22:00:00,2,0,2
2019-12-03 23:00:00,0,0,0
2019-12-04 00:00:00,0,0,0
2019-12-04 01:00:00,0,0,0
2019-12-04 02:00:00,1,0,1
2019-12-04 03:00:00,1,1,0
2019-12-04 04:00:00,3,3,0
2019-12-04 05:00:00,8,5,3
2019-12-04 06:00:00,24,19,5
2019-12-04 07:00:00,36,29,7
2019-12-04 08:00:00,53,45,8
2019-12-04 09:00:00,29,19,10
2019-12-04 10:00:00,21,12,9
2019-12-04 11:00:00,13,9,4
2019-12-04 12:00:00,12,8,4
2019-12-04 13:00:00,11,6,5
2019-12-04 14:00:00,23,8,15
2019-12-04 15:00:00,40,22,18
2019-12-04 16:00:00,40,12,28
2019-12-04 17:00:00,58,6,52
2019-12-04 18:00:00,43,10,33
2019-12-04 19:00:00,16,1,15
2019-12-04 20:00:00,4,0,4
2019-12-04 21:00:00,2,1,1
2019-12-04 22:00:00,0,0,0
2019-12-04 23:00:00,0,0,0
2019-12-05 00:00:00,0,0,0
2019-12-05 01:00:00,0,0,0
2019-12-05 02:00:00,1,0,1
2019-12-05 03:00:00,0,0,0
2019-12-05 04:00:00,2,2,0
2019-12-05 05:00:00,14,10,4
2019-12-05 06:00:00,32,27,5
2019-12-05 07:00:00,65,47,18
2019-12-05 08:00:00,55,42,13
2019-12-05 09:00:00,42,28,14
2019-12-05 10:00:00,31,16,15
2019-12-05 11:00:00,26,14,12
2019-12-05 12:00:00,39,10,29
2019-12-05 13:00:00,35,19,16
2019-12-05 14:00:00,26,9,17
2019-12-05 15:00:00,44,19,25
2019-12-05 16:00:00,60,22,38
2019-12-05 17:00:00,77,16,61
2019-12-05 18:00:00,56,7,49
2019-12-05 19:00:00,23,5,18
2019-12-05 20:00:00,14,5,9
2019-12-05 21:00:00,9,3,6
2019-12-05 22:00:00,3,1,2
2019-12-05 23:00:00,1,0,1
2019-12-06 00:00:00,0,0,0
2019-12-06 01:00:00,0,0,0
2019-12-06 02:00:00,0,0,0
2019-12-06 03:00:00,0,0,0
2019-12-06 04:00:00,3,3,0
2019-12-06 05:00:00,7,6,1
2019-12-06 06:00:00,21,18,3
2019-12-06 07:00:00,35,29,6
2019-12-06 08:00:00,46,30,16
2019-12-06 09:00:00,37,31,6
2019-12-06 10:00:00,30,12,18
2019-12-06 11:00:00,33,20,13
2019-12-06 12:00:00,28,12,16
2019-12-06 13:00:00,48,24,24
2019-12-06 14:00:00,48,21,27
2019-12-06 15:00:00,43,13,30
2019-12-06 16:00:00,43,8,35
2019-12-06 17:00:00,43,4,39
2019-12-06 18:00:00,24,4,20
2019-12-06 19:00:00,19,4,15
2019-12-06 20:00:00,1,0,1
2019-12-06 21:00:00,7,3,4
2019-12-06 22:00:00,2,0,2
2019-12-06 23:00:00,2,2,0
2019-12-07 00:00:00,1,0,1
2019-12-07 01:00:00,0,0,0
2019-12-07 02:00:00,0,0,0
2019-12-07 03:00:00,0,0,0
2019-12-07 04:00:00,0,0,0
2019-12-07 05:00:00,1,1,0
2019-12-07 06:00:00,1,1,0
2019-12-07 07:00:00,6,3,3
2019-12-07 08:00:00,29,10,19
2019-12-07 09:00:00,29,12,17
2019-12-07 10:00:00,30,12,18
2019-12-07 11:00:00,31,16,15
2019-12-07 12:00:00,32,22,10
2019-12-07 13:00:00,26,16,10
2019-12-07 14:00:00,17,5,12
2019-12-07 15:00:00,24,12,12
2019-12-07 16:00:00,20,13,7
2019-12-07 17:00:00,5,3,2
2019-12-07 18:00:00,6,4,2
2019-12-07 19:00:00,0,0,0
2019-12-07 20:00:00,0,0,0
2019-12-07 21:00:00,5,2,3
2019-12-07 22:00:00,2,1,1
2019-12-07 23:00:00,1,0,1
2019-12-08 00:00:00,0,0,0
2019-12-08 01:00:00,0,0,0
2019-12-08 02:00:00,0,0,0
2019-12-08 03:00:00,0,0,0
2019-12-08 04:00:00,0,0,0
2019-12-08 05:00:00,0,0,0
2019-12-08 06:00:00,3,1,2
2019-12-08 07:00:00,7,2,5
2019-12-08 08:00:00,31,19,12
2019-12-08 09:00:00,43,16,27
2019-12-08 10:00:00,52,18,34
2019-12-08 11:00:00,92,48,44
2019-12-08 12:00:00,81,33,48
2019-12-08 13:00:00,87,37,50
2019-12-08 14:00:00,86,45,41
2019-12-08 15:00:00,74,38,36
2019-12-08 16:00:00,41,16,25
2019-12-08 17:00:00,12,11,1
2019-12-08 18:00:00,12,8,4
2019-12-08 19:00:00,3,2,1
2019-12-08 20:00:00,1,0,1
2019-12-08 21:00:00,1,1,0
2019-12-08 22:00:00,1,1,0
2019-12-08 23:00:00,0,0,0
2019-12-09 00:00:00,0,0,0
2019-12-09 01:00:00,0,0,0
2019-12-09 02:00:00,0,0,0
2019-12-09 03:00:00,0,0,0
2019-12-09 04:00:00,1,1,0
2019-12-09 05:00:00,7,7,0
2019-12-09 06:00:00,20,18,2
2019-12-09 07:00:00,48,42,6
2019-12-09 08:00:00,61,44,17
2019-12-09 09:00:00,64,44,20
2019-12-09 10:00:00,26,14,12
2019-12-09 11:00:00,36,16,20
2019-12-09 12:00:00,31,19,12
2019-12-09 13:00:00,43,13,30
2019-12-09 14:00:00,48,19,29
2019-12-09 15:00:00,44,20,24
2019-12-09 16:00:00,46,12,34
2019-12-09 17:00:00,70,12,58
2019-12-09 18:00:00,54,10,44
2019-12-09 19:00:00,17,4,13
2019-12-09 20:00:00,8,0,8
2019-12-09 21:00:00,5,2,3
2019-12-09 22:00:00,0,0,0
2019-12-09 23:00:00,1,0,1
2019-12-10 00:00:00,0,0,0
2019-12-10 01:00:00,1,0,1
2019-12-10 02:00:00,0,0,0
2019-12-10 03:00:00,0,0,0
2019-12-10 04:00:00,2,2,0
2019-12-10 05:00:00,7,5,2
2019-12-10 06:00:00,25,20,5
2019-12-10 07:00:00,58,42,16
2019-12-10 08:00:00,54,41,13
2019-12-10 09:00:00,41,27,14
2019-12-10 10:00:00,34,24,10
2019-12-10 11:00:00,20,10,10
2019-12-10 12:00:00,6,2,4
2019-12-10 13:00:00,7,5,2
2019-12-10 14:00:00,11,4,7
2019-12-10 15:00:00,16,3,13
2019-12-10 16:00:00,35,5,30
2019-12-10 17:00:00,55,11,44
2019-12-10 18:00:00,37,3,34
2019-12-10 19:00:00,16,3,13
2019-12-10 20:00:00,5,1,4
2019-12-10 21:00:00,3,2,1
2019-12-10 22:00:00,1,0,1
2019-12-10 23:00:00,1,0,1
2019-12-11 00:00:00,0,0,0
2019-12-11 01:00:00,0,0,0
2019-12-11 02:00:00,1,0,1
2019-12-11 03:00:00,0,0,0
2019-12-11 04:00:00,2,2,0
2019-12-11 05:00:00,9,7,2
2019-12-11 06:00:00,21,19,2
2019-12-11 07:00:00,43,36,7
2019-12-11 08:00:00,57,43,14
2019-12-11 09:00:00,32,21,11
2019-12-11 10:00:00,31,22,9
2019-12-11 11:00:00,17,5,12
2019-12-11 12:00:00,14,8,6
2019-12-11 13:00:00,10,7,3
2019-12-11 14:00:00,16,7,9
2019-12-11 15:00:00,19,7,12
2019-12-11 16:00:00,30,5,25
2019-12-11 17:00:00,51,7,44
2019-12-11 18:00:00,35,4,31
2019-12-11 19:00:00,6,1,5
2019-12-11 20:00:00,4,2,2
2019-12-11 21:00:00,5,3,2
2019-12-11 22:00:00,1,0,1
2019-12-11 23:00:00,0,0,0
2019-12-12 00:00:00,0,0,0
2019-12-12 01:00:00,0,0,0
2019-12-12 02:00:00,1,0,1
2019-12-12 03:00:00,0,0,0
2019-12-12 04:00:00,1,1,0
2019-12-12 05:00:00,5,5,0
2019-12-12 06:00:00,20,18,2
2019-12-12 07:00:00,31,20,11
2019-12-12 08:00:00,44,36,8
2019-12-12 09:00:00,27,17,10
2019-12-12 10:00:00,11,6,5
2019-12-12 11:00:00,10,6,4
2019-12-12 12:00:00,13,4,9
2019-12-12 13:00:00,11,7,4
2019-12-12 14:00:00,22,9,13
2019-12-12 15:00:00,16,1,15
2019-12-12 16:00:00,28,8,20
2019-12-12 17:00:00,48,8,40
2019-12-12 18:00:00,33,5,28
2019-12-12 19:00:00,8,0,8
2019-12-12 20:00:00,6,1,5
2019-12-12 21:00:00,4,1,3
2019-12-12 22:00:00,2,1,1
2019-12-12 23:00:00,0,0,0
2019-12-13 00:00:00,0,0,0
2019-12-13 01:00:00,0,0,0
2019-12-13 02:00:00,0,0,0
2019-12-13 03:00:00,0,0,0
2019-12-13 04:00:00,3,3,0
2019-12-13 05:00:00,6,3,3
2019-12-13 06:00:00,17,14,3
2019-12-13 07:00:00,35,26,9
2019-12-13 08:00:00,46,35,11
2019-12-13 09:00:00,46,28,18
2019-12-13 10:00:00,26,12,14
2019-12-13 11:00:00,25,11,14
2019-12-13 12:00:00,32,17,15
2019-12-13 13:00:00,33,14,19
2019-12-13 14:00:00,30,9,21
2019-12-13 15:00:00,29,10,19
2019-12-13 16:00:00,36,15,21
2019-12-13 17:00:00,44,9,35
2019-12-13 18:00:00,32,9,23
2019-12-13 19:00:00,7,0,7
2019-12-13 20:00:00,5,0,5
2019-12-13 21:00:00,3,1,2
2019-12-13 22:00:00,3,2,1
2019-12-13 23:00:00,0,0,0
2019-12-14 00:00:00,0,0,0
2019-12-14 01:00:00,0,0,0
2019-12-14 02:00:00,0,0,0
2019-12-14 03:00:00,0,0,0
2019-12-14 04:00:00,1,1,0
2019-12-14 05:00:00,1,1,0
2019-12-14 06:00:00,4,1,3
2019-12-14 07:00:00,7,2,5
2019-12-14 08:00:00,25,7,18
2019-12-14 09:00:00,30,11,19
2019-12-14 10:00:00,41,18,23
2019-12-14 11:00:00,54,22,32
2019-12-14 12:00:00,50,25,25
2019-12-14 13:00:00,30,13,17
2019-12-14 14:00:00,24,15,9
2019-12-14 15:00:00,37,27,10
2019-12-14 16:00:00,14,8,6
2019-12-14 17:00:00,8,3,5
2019-12-14 18:00:00,1,1,0
2019-12-14 19:00:00,0,0,0
2019-12-14 20:00:00,3,1,2
2019-12-14 21:00:00,1,1,0
2019-12-14 22:00:00,2,0,2
2019-12-14 23:00:00,4,4,0
2019-12-15 00:00:00,1,0,1
2019-12-15 01:00:00,2,0,2
2019-12-15 02:00:00,0,0,0
2019-12-15 03:00:00,0,0,0
2019-12-15 04:00:00,1,1,0
2019-12-15 05:00:00,0,0,0
2019-12-15 06:00:00,1,0,1
2019-12-15 07:00:00,9,3,6
2019-12-15 08:00:00,27,7,20
2019-12-15 09:00:00,43,20,23
2019-12-15 10:00:00,42,26,16
2019-12-15 11:00:00,36,10,26
2019-12-15 12:00:00,36,16,20
2019-12-15 13:00:00,54,31,23
2019-12-15 14:00:00,38,14,24
2019-12-15 15:00:00,40,21,19
2019-12-15 16:00:00,14,8,6
2019-12-15 17:00:00,10,4,6
2019-12-15 18:00:00,1,0,1
2019-12-15 19:00:00,1,1,0
2019-12-15 20:00:00,1,0,1
2019-12-15 21:00:00,1,1,0
2019-12-15 22:00:00,3,2,1
2019-12-15 23:00:00,1,0,1
2019-12-16 00:00:00,0,0,0
2019-12-16 01:00:00,0,0,0
2019-12-16 02:00:00,0,0,0
2019-12-16 03:00:00,0,0,0
2019-12-16 04:00:00,1,1,0
2019-12-16 05:00:00,7,7,0
2019-12-16 06:00:00,31,28,3
2019-12-16 07:00:00,46,31,15
2019-12-16 08:00:00,61,50,11
2019-12-16 09:00:00,35,23,12
2019-12-16 10:00:00,42,33,9
2019-12-16 11:00:00,26,13,13
2019-12-16 12:00:00,30,19,11
2019-12-16 13:00:00,23,12,11
2019-12-16 14:00:00,22,11,11
2019-12-16 15:00:00,42,19,23
2019-12-16 16:00:00,51,12,39
2019-12-16 17:00:00,77,17,60
2019-12-16 18:00:00,59,7,52
2019-12-16 19:00:00,23,4,19
2019-12-16 20:00:00,7,4,3
2019-12-16 21:00:00,6,4,2
2019-12-16 22:00:00,2,0,2
2019-12-16 23:00:00,1,0,1
2019-12-17 00:00:00,5,0,5
2019-12-17 01:00:00,0,0,0
2019-12-17 02:00:00,0,0,0
2019-12-17 03:00:00,1,1,0
2019-12-17 04:00:00,2,2,0
2019-12-17 05:00:00,5,4,1
2019-12-17 06:00:00,21,20,1
2019-12-17 07:00:00,61,44,17
2019-12-17 08:00:00,50,34,16
2019-12-17 09:00:00,43,28,15
2019-12-17 10:00:00,18,10,8
2019-12-17 11:00:00,35,14,21
2019-12-17 12:00:00,27,12,15
2019-12-17 13:00:00,33,11,22
2019-12-17 14:00:00,39,22,17
2019-12-17 15:00:00,33,14,19
2019-12-17 16:00:00,55,19,36
2019-12-17 17:00:00,67,16,51
2019-12-17 18:00:00,37,5,32
2019-12-17 19:00:00,32,5,27
2019-12-17 20:00:00,9,2,7
2019-12-17 21:00:00,9,4,5
2019-12-17 22:00:00,5,5,0
2019-12-17 23:00:00,0,0,0
2019-12-18 00:00:00,0,0,0
2019-12-18 01:00:00,0,0,0
2019-12-18 02:00:00,0,0,0
2019-12-18 03:00:00,0,0,0
2019-12-18 04:00:00,3,2,1
2019-12-18 05:00:00,6,6,0
2019-12-18 06:00:00,21,15,6
2019-12-18 07:00:00,54,42,12
2019-12-18 08:00:00,54,42,12
2019-12-18 09:00:00,35,21,14
2019-12-18 10:00:00,29,15,14
2019-12-18 11:00:00,21,9,12
2019-12-18 12:00:00,22,10,12
2019-12-18 13:00:00,16,10,6
2019-12-18 14:00:00,36,15,21
2019-12-18 15:00:00,29,12,17
2019-12-18 16:00:00,54,12,42
2019-12-18 17:00:00,52,11,41
2019-12-18 18:00:00,32,8,24
2019-12-18 19:00:00,15,1,14
2019-12-18 20:00:00,4,1,3
2019-12-18 21:00:00,2,1,1
2019-12-18 22:00:00,0,0,0
2019-12-18 23:00:00,0,0,0
2019-12-19 00:00:00,1,0,1
2019-12-19 01:00:00,0,0,0
2019-12-19 02:00:00,3,2,1
2019-12-19 03:00:00,0,0,0
2019-12-19 04:00:00,2,2,0
2019-12-19 05:00:00,7,7,0
2019-12-19 06:00:00,14,11,3
2019-12-19 07:00:00,37,26,11
2019-12-19 08:00:00,39,23,16
2019-12-19 09:00:00,26,18,8
2019-12-19 10:00:00,18,9,9
2019-12-19 11:00:00,11,4,7
2019-12-19 12:00:00,19,9,10
2019-12-19 13:00:00,13,5,8
2019-12-19 14:00:00,8,2,6
2019-12-19 15:00:00,11,4,7
2019-12-19 16:00:00,34,10,24
2019-12-19 17:00:00,29,5,24
2019-12-19 18:00:00,26,3,23
2019-12-19 19:00:00,13,2,11
2019-12-19 20:00:00,2,0,2
2019-12-19 21:00:00,3,2,1
2019-12-19 22:00:00,1,0,1
2019-12-19 23:00:00,0,0,0
2019-12-20 00:00:00,0,0,0
2019-12-20 01:00:00,0,0,0
2019-12-20 02:00:00,0,0,0
2019-12-20 03:00:00,0,0,0
2019-12-20 04:00:00,3,3,0
2019-12-20 05:00:00,3,2,1
2019-12-20 06:00:00,12,12,0
2019-12-20 07:00:00,19,13,6
2019-12-20 08:00:00,20,14,6
2019-12-20 09:00:00,9,6,3
2019-12-20 10:00:00,4,3,1
2019-12-20 11:00:00,3,2,1
2019-12-20 12:00:00,2,0,2
2019-12-20 13:00:00,4,0,4
2019-12-20 14:00:00,6,1,5
2019-12-20 15:00:00,13,3,10
2019-12-20 16:00:00,18,4,14
2019-12-20 17:00:00,17,3,14
2019-12-20 18:00:00,10,4,6
2019-12-20 19:00:00,4,0,4
2019-12-20 20:00:00,0,0,0
2019-12-20 21:00:00,1,0,1
2019-12-20 22:00:00,1,0,1
2019-12-20 23:00:00,2,1,1
2019-12-21 00:00:00,0,0,0
2019-12-21 01:00:00,0,0,0
2019-12-21 02:00:00,0,0,0
2019-12-21 03:00:00,0,0,0
2019-12-21 04:00:00,0,0,0
2019-12-21 05:00:00,0,0,0
2019-12-21 06:00:00,1,1,0
2019-12-21 07:00:00,3,1,2
2019-12-21 08:00:00,9,6,3
2019-12-21 09:00:00,9,4,5
2019-12-21 10:00:00,9,2,7
2019-12-21 11:00:00,11,2,9
2019-12-21 12:00:00,11,10,1
2019-12-21 13:00:00,4,1,3
2019-12-21 14:00:00,12,3,9
2019-12-21 15:00:00,17,9,8
2019-12-21 16:00:00,11,8,3
2019-12-21 17:00:00,1,1,0
2019-12-21 18:00:00,2,2,0
2019-12-21 19:00:00,7,4,3
2019-12-21 20:00:00,12,10,2
2019-12-21 21:00:00,8,6,2
2019-12-21 22:00:00,1,0,1
2019-12-21 23:00:00,1,1,0
2019-12-22 00:00:00,2,1,1
2019-12-22 01:00:00,0,0,0
2019-12-22 02:00:00,0,0,0
2019-12-22 03:00:00,0,0,0
2019-12-22 04:00:00,0,0,0
2019-12-22 05:00:00,2,1,1
2019-12-22 06:00:00,2,0,2
2019-12-22 07:00:00,6,1,5
2019-12-22 08:00:00,11,3,8
2019-12-22 09:00:00,19,12,7
2019-12-22 10:00:00,34,12,22
2019-12-22 11:00:00,53,27,26
2019-12-22 12:00:00,65,33,32
2019-12-22 13:00:00,49,21,28
2019-12-22 14:00:00,53,23,30
2019-12-22 15:00:00,29,21,8
2019-12-22 16:00:00,12,5,7
2019-12-22 17:00:00,6,2,4
2019-12-22 18:00:00,1,1,0
2019-12-22 19:00:00,0,0,0
2019-12-22 20:00:00,0,0,0
2019-12-22 21:00:00,1,1,0
2019-12-22 22:00:00,0,0,0
2019-12-22 23:00:00,0,0,0
2019-12-23 00:00:00,0,0,0
2019-12-23 01:00:00,0,0,0
2019-12-23 02:00:00,0,0,0
2019-12-23 03:00:00,0,0,0
2019-12-23 04:00:00,2,2,0
2019-12-23 05:00:00,3,3,0
2019-12-23 06:00:00,14,13,1
2019-12-23 07:00:00,27,19,8
2019-12-23 08:00:00,27,20,7
2019-12-23 09:00:00,25,15,10
2019-12-23 10:00:00,18,8,10
2019-12-23 11:00:00,24,18,6
2019-12-23 12:00:00,21,7,14
2019-12-23 13:00:00,25,7,18
2019-12-23 14:00:00,28,16,12
2019-12-23 15:00:00,34,9,25
2019-12-23 16:00:00,44,15,29
2019-12-23 17:00:00,34,7,27
2019-12-23 18:00:00,13,0,13
2019-12-23 19:00:00,3,0,3
2019-12-23 20:00:00,9,5,4
2019-12-23 21:00:00,0,0,0
2019-12-23 22:00:00,1,1,0
2019-12-23 23:00:00,0,0,0
2019-12-24 00:00:00,1,0,1
2019-12-24 01:00:00,1,0,1
2019-12-24 02:00:00,1,1,0
2019-12-24 03:00:00,0,0,0
2019-12-24 04:00:00,2,2,0
2019-12-24 05:00:00,5,5,0
2019-12-24 06:00:00,10,7,3
2019-12-24 07:00:00,17,13,4
2019-12-24 08:00:00,26,15,11
2019-12-24 09:00:00,20,12,8
2019-12-24 10:00:00,31,15,16
2019-12-24 11:00:00,40,16,24
2019-12-24 12:00:00,60,31,29
2019-12-24 13:00:00,51,25,26
2019-12-24 14:00:00,43,21,22
2019-12-24 15:00:00,49,17,32
2019-12-24 16:00:00,27,11,16
2019-12-24 17:00:00,7,1,6
2019-12-24 18:00:00,1,0,1
2019-12-24 19:00:00,2,0,2
2019-12-24 20:00:00,0,0,0
2019-12-24 21:00:00,0,0,0
2019-12-24 22:00:00,1,1,0
2019-12-24 23:00:00,0,0,0
2019-12-25 00:00:00,0,0,0
2019-12-25 01:00:00,0,0,0
2019-12-25 02:00:00,0,0,0
2019-12-25 03:00:00,0,0,0
2019-12-25 04:00:00,0,0,0
2019-12-25 05:00:00,1,1,0
2019-12-25 06:00:00,1,0,1
2019-12-25 07:00:00,1,0,1
2019-12-25 08:00:00,10,1,9
2019-12-25 09:00:00,16,5,11
2019-12-25 10:00:00,29,12,17
2019-12-25 11:00:00,25,14,11
2019-12-25 12:00:00,37,13,24
2019-12-25 13:00:00,56,28,28
2019-12-25 14:00:00,45,25,20
2019-12-25 15:00:00,35,20,15
2019-12-25 16:00:00,13,8,5
2019-12-25 17:00:00,1,1,0
2019-12-25 18:00:00,1,0,1
2019-12-25 19:00:00,1,0,1
2019-12-25 20:00:00,0,0,0
2019-12-25 21:00:00,1,1,0
2019-12-25 22:00:00,0,0,0
2019-12-25 23:00:00,0,0,0
2019-12-26 00:00:00,0,0,0
2019-12-26 01:00:00,0,0,0
2019-12-26 02:00:00,0,0,0
2019-12-26 03:00:00,0,0,0
2019-12-26 04:00:00,0,0,0
2019-12-26 05:00:00,2,2,0
2019-12-26 06:00:00,9,7,2
2019-12-26 07:00:00,12,6,6
2019-12-26 08:00:00,10,8,2
2019-12-26 09:00:00,17,9,8
2019-12-26 10:00:00,22,14,8
2019-12-26 11:00:00,35,18,17
2019-12-26 12:00:00,51,28,23
2019-12-26 13:00:00,44,21,23
2019-12-26 14:00:00,46,13,33
2019-12-26 15:00:00,42,23,19
2019-12-26 16:00:00,49,22,27
2019-12-26 17:00:00,18,4,14
2019-12-26 18:00:00,8,1,7
2019-12-26 19:00:00,8,2,6
2019-12-26 20:00:00,2,0,2
2019-12-26 21:00:00,3,0,3
2019-12-26 22:00:00,0,0,0
2019-12-26 23:00:00,0,0,0
2019-12-27 00:00:00,1,0,1
2019-12-27 01:00:00,0,0,0
2019-12-27 02:00:00,0,0,0
2019-12-27 03:00:00,0,0,0
2019-12-27 04:00:00,2,2,0
2019-12-27 05:00:00,2,2,0
2019-12-27 06:00:00,11,10,1
2019-12-27 07:00:00,19,16,3
2019-12-27 08:00:00,21,13,8
2019-12-27 09:00:00,34,12,22
2019-12-27 10:00:00,33,13,20
2019-12-27 11:00:00,43,24,19
2019-12-27 12:00:00,39,19,20
2019-12-27 13:00:00,44,21,23
2019-12-27 14:00:00,26,13,13
2019-12-27 15:00:00,38,16,22
2019-12-27 16:00:00,40,23,17
2019-12-27 17:00:00,23,4,19
2019-12-27 18:00:00,9,4,5
2019-12-27 19:00:00,7,0,7
2019-12-27 20:00:00,4,2,2
2019-12-27 21:00:00,0,0,0
2019-12-27 22:00:00,4,1,3
2019-12-27 23:00:00,0,0,0
2019-12-28 00:00:00,1,1,0
2019-12-28 01:00:00,0,0,0
2019-12-28 02:00:00,0,0,0
2019-12-28 03:00:00,0,0,0
2019-12-28 04:00:00,3,0,3
2019-12-28 05:00:00,1,0,1
2019-12-28 06:00:00,4,2,2
2019-12-28 07:00:00,5,1,4
2019-12-28 08:00:00,32,8,24
2019-12-28 09:00:00,40,15,25
2019-12-28 10:00:00,41,18,23
2019-12-28 11:00:00,71,42,29
2019-12-28 12:00:00,86,44,42
2019-12-28 13:00:00,97,51,46
2019-12-28 14:00:00,69,44,25
2019-12-28 15:00:00,41,19,22
2019-12-28 16:00:00,20,14,6
2019-12-28 17:00:00,13,11,2
2019-12-28 18:00:00,1,0,1
2019-12-28 19:00:00,1,0,1
2019-12-28 20:00:00,0,0,0
2019-12-28 21:00:00,1,0,1
2019-12-28 22:00:00,0,0,0
2019-12-28 23:00:00,0,0,0
2019-12-29 00:00:00,3,2,1
2019-12-29 01:00:00,0,0,0
2019-12-29 02:00:00,0,0,0
2019-12-29 03:00:00,1,0,1
2019-12-29 04:00:00,0,0,0
2019-12-29 05:00:00,0,0,0
2019-12-29 06:00:00,0,0,0
2019-12-29 07:00:00,2,0,2
2019-12-29 08:00:00,13,4,9
2019-12-29 09:00:00,28,13,15
2019-12-29 10:00:00,52,26,26
2019-12-29 11:00:00,73,29,44
2019-12-29 12:00:00,91,40,51
2019-12-29 13:00:00,111,56,55
2019-12-29 14:00:00,112,47,65
2019-12-29 15:00:00,99,62,37
2019-12-29 16:00:00,38,20,18
2019-12-29 17:00:00,8,4,4
2019-12-29 18:00:00,3,2,1
2019-12-29 19:00:00,2,1,1
2019-12-29 20:00:00,0,0,0
2019-12-29 21:00:00,2,0,2
2019-12-29 22:00:00,1,0,1
2019-12-29 23:00:00,0,0,0
2019-12-30 00:00:00,0,0,0
2019-12-30 01:00:00,0,0,0
2019-12-30 02:00:00,0,0,0
2019-12-30 03:00:00,0,0,0
2019-12-30 04:00:00,1,1,0
2019-12-30 05:00:00,4,4,0
2019-12-30 06:00:00,17,17,0
2019-12-30 07:00:00,23,19,4
2019-12-30 08:00:00,29,22,7
2019-12-30 09:00:00,28,16,12
2019-12-30 10:00:00,42,31,11
2019-12-30 11:00:00,30,17,13
2019-12-30 12:00:00,30,9,21
2019-12-30 13:00:00,23,7,16
2019-12-30 14:00:00,29,14,15
2019-12-30 15:00:00,40,16,24
2019-12-30 16:00:00,40,12,28
2019-12-30 17:00:00,42,4,38
2019-12-30 18:00:00,18,4,14
2019-12-30 19:00:00,10,1,9
2019-12-30 20:00:00,3,1,2
2019-12-30 21:00:00,1,0,1
2019-12-30 22:00:00,0,0,0
2019-12-30 23:00:00,1,0,1
2019-12-31 00:00:00,1,0,1
2019-12-31 01:00:00,0,0,0
2019-12-31 02:00:00,0,0,0
2019-12-31 03:00:00,1,1,0
2019-12-31 04:00:00,0,0,0
2019-12-31 05:00:00,1,1,0
2019-12-31 06:00:00,8,8,0
2019-12-31 07:00:00,16,14,2
2019-12-31 08:00:00,17,14,3
2019-12-31 09:00:00,23,15,8
2019-12-31 10:00:00,10,5,5
2019-12-31 11:00:00,22,11,11
2019-12-31 12:00:00,24,12,12
2019-12-31 13:00:00,19,12,7
2019-12-31 14:00:00,20,7,13
2019-12-31 15:00:00,21,4,17
2019-12-31 16:00:00,19,7,12
2019-12-31 17:00:00,10,1,9
2019-12-31 18:00:00,4,0,4
2019-12-31 19:00:00,3,1,2
2019-12-31 20:00:00,2,0,2
2019-12-31 21:00:00,0,0,0
2019-12-31 22:00:00,1,0,1
2019-12-31 23:00:00,1,1,0
2020-02-05 19:00:00,10,1,9
2020-02-05 20:00:00,4,1,3
2020-02-05 21:00:00,3,1,2
2020-02-05 22:00:00,0,0,0
2020-02-05 23:00:00,1,0,1
2020-02-06 00:00:00,0,0,0
2020-02-06 01:00:00,0,0,0
2020-02-06 02:00:00,0,0,0
2020-02-06 03:00:00,2,1,1
2020-02-06 04:00:00,1,1,0
2020-02-06 05:00:00,3,2,1
2020-02-06 06:00:00,12,12,0
2020-02-06 07:00:00,35,24,11
2020-02-06 08:00:00,23,18,5
2020-02-06 09:00:00,19,14,5
2020-02-06 10:00:00,9,7,2
2020-02-06 11:00:00,6,4,2
2020-02-06 12:00:00,6,4,2
2020-02-06 13:00:00,9,4,5
2020-02-06 14:00:00,6,2,4
2020-02-06 15:00:00,12,1,11
2020-02-06 16:00:00,43,12,31
2020-02-06 17:00:00,42,12,30
2020-02-06 18:00:00,18,1,17
2020-01-01 00:00:00,0,0,0
2020-01-01 01:00:00,1,0,1
2020-01-01 02:00:00,0,0,0
2020-01-01 03:00:00,0,0,0
2020-01-01 04:00:00,0,0,0
2020-01-01 05:00:00,0,0,0
2020-01-01 06:00:00,1,1,0
2020-01-01 07:00:00,1,0,1
2020-01-01 08:00:00,12,6,6
2020-01-01 09:00:00,21,5,16
2020-01-01 10:00:00,41,17,24
2020-01-01 11:00:00,86,36,50
2020-01-01 12:00:00,82,42,40
2020-01-01 13:00:00,91,39,52
2020-01-01 14:00:00,89,40,49
2020-01-01 15:00:00,64,33,31
2020-01-01 16:00:00,38,24,14
2020-01-01 17:00:00,10,5,5
2020-01-01 18:00:00,5,5,0
2020-01-01 19:00:00,1,0,1
2020-01-01 20:00:00,0,0,0
2020-01-01 21:00:00,0,0,0
2020-01-01 22:00:00,0,0,0
2020-01-01 23:00:00,0,0,0
2020-01-02 00:00:00,0,0,0
2020-01-02 01:00:00,0,0,0
2020-01-02 02:00:00,0,0,0
2020-01-02 03:00:00,0,0,0
2020-01-02 04:00:00,1,1,0
2020-01-02 05:00:00,6,6,0
2020-01-02 06:00:00,12,9,3
2020-01-02 07:00:00,28,25,3
2020-01-02 08:00:00,34,24,10
2020-01-02 09:00:00,36,24,12
2020-01-02 10:00:00,18,12,6
2020-01-02 11:00:00,10,5,5
2020-01-02 12:00:00,8,4,4
2020-01-02 13:00:00,9,3,6
2020-01-02 14:00:00,16,3,13
2020-01-02 15:00:00,12,3,9
2020-01-02 16:00:00,29,8,21
2020-01-02 17:00:00,36,9,27
2020-01-02 18:00:00,19,3,16
2020-01-02 19:00:00,12,2,10
2020-01-02 20:00:00,2,0,2
2020-01-02 21:00:00,1,1,0
2020-01-02 22:00:00,2,0,2
2020-01-02 23:00:00,0,0,0
2020-01-03 00:00:00,1,0,1
2020-01-03 01:00:00,0,0,0
2020-01-03 02:00:00,0,0,0
2020-01-03 03:00:00,0,0,0
2020-01-03 04:00:00,0,0,0
2020-01-03 05:00:00,4,4,0
2020-01-03 06:00:00,12,11,1
2020-01-03 07:00:00,34,23,11
2020-01-03 08:00:00,34,24,10
2020-01-03 09:00:00,41,25,16
2020-01-03 10:00:00,27,13,14
2020-01-03 11:00:00,44,22,22
2020-01-03 12:00:00,68,34,34
2020-01-03 13:00:00,64,30,34
2020-01-03 14:00:00,71,37,34
2020-01-03 15:00:00,49,26,23
2020-01-03 16:00:00,61,21,40
2020-01-03 17:00:00,43,9,34
2020-01-03 18:00:00,19,1,18
2020-01-03 19:00:00,10,2,8
2020-01-03 20:00:00,1,0,1
2020-01-03 21:00:00,0,0,0
2020-01-03 22:00:00,1,0,1
2020-01-03 23:00:00,0,0,0
2020-01-04 00:00:00,2,0,2
2020-01-04 01:00:00,0,0,0
2020-01-04 02:00:00,0,0,0
2020-01-04 03:00:00,0,0,0
2020-01-04 04:00:00,1,1,0
2020-01-04 05:00:00,2,2,0
2020-01-04 06:00:00,5,3,2
2020-01-04 07:00:00,8,4,4
2020-01-04 08:00:00,37,15,22
2020-01-04 09:00:00,39,11,28
2020-01-04 10:00:00,47,22,25
2020-01-04 11:00:00,106,43,63
2020-01-04 12:00:00,97,55,42
2020-01-04 13:00:00,85,48,37
2020-01-04 14:00:00,84,48,36
2020-01-04 15:00:00,38,16,22
2020-01-04 16:00:00,22,14,8
2020-01-04 17:00:00,15,12,3
2020-01-04 18:00:00,6,2,4
2020-01-04 19:00:00,1,0,1
2020-01-04 20:00:00,0,0,0
2020-01-04 21:00:00,0,0,0
2020-01-04 22:00:00,0,0,0
2020-01-04 23:00:00,0,0,0
2020-01-05 00:00:00,1,0,1
2020-01-05 01:00:00,0,0,0
2020-01-05 02:00:00,0,0,0
2020-01-05 03:00:00,0,0,0
2020-01-05 04:00:00,1,1,0
2020-01-05 05:00:00,1,1,0
2020-01-05 06:00:00,0,0,0
2020-01-05 07:00:00,8,2,6
2020-01-05 08:00:00,18,11,7
2020-01-05 09:00:00,20,10,10
2020-01-05 10:00:00,9,5,4
2020-01-05 11:00:00,15,9,6
2020-01-05 12:00:00,27,8,19
2020-01-05 13:00:00,13,5,8
2020-01-05 14:00:00,23,8,15
2020-01-05 15:00:00,37,18,19
2020-01-05 16:00:00,28,15,13
2020-01-05 17:00:00,10,6,4
2020-01-05 18:00:00,6,4,2
2020-01-05 19:00:00,4,3,1
2020-01-05 20:00:00,0,0,0
2020-01-05 21:00:00,2,0,2
2020-01-05 22:00:00,0,0,0
2020-01-05 23:00:00,0,0,0
2020-01-06 00:00:00,0,0,0
2020-01-06 01:00:00,0,0,0
2020-01-06 02:00:00,1,0,1
2020-01-06 03:00:00,0,0,0
2020-01-06 04:00:00,0,0,0
2020-01-06 05:00:00,3,3,0
2020-01-06 06:00:00,25,24,1
2020-01-06 07:00:00,49,39,10
2020-01-06 08:00:00,58,42,16
2020-01-06 09:00:00,27,17,10
2020-01-06 10:00:00,15,9,6
2020-01-06 11:00:00,9,5,4
2020-01-06 12:00:00,10,9,1
2020-01-06 13:00:00,4,1,3
2020-01-06 14:00:00,10,3,7
2020-01-06 15:00:00,28,11,17
2020-01-06 16:00:00,33,9,24
2020-01-06 17:00:00,58,7,51
2020-01-06 18:00:00,42,6,36
2020-01-06 19:00:00,8,1,7
2020-01-06 20:00:00,8,2,6
2020-01-06 21:00:00,7,3,4
2020-01-06 22:00:00,1,0,1
2020-01-06 23:00:00,0,0,0
2020-01-07 00:00:00,1,0,1
2020-01-07 01:00:00,0,0,0
2020-01-07 02:00:00,1,0,1
2020-01-07 03:00:00,0,0,0
2020-01-07 04:00:00,2,2,0
2020-01-07 05:00:00,5,4,1
2020-01-07 06:00:00,19,19,0
2020-01-07 07:00:00,55,45,10
2020-01-07 08:00:00,39,30,9
2020-01-07 09:00:00,34,21,13
2020-01-07 10:00:00,25,16,9
2020-01-07 11:00:00,19,8,11
2020-01-07 12:00:00,18,11,7
2020-01-07 13:00:00,21,9,12
2020-01-07 14:00:00,25,9,16
2020-01-07 15:00:00,33,17,16
2020-01-07 16:00:00,45,14,31
2020-01-07 17:00:00,56,7,49
2020-01-07 18:00:00,40,9,31
2020-01-07 19:00:00,15,1,14
2020-01-07 20:00:00,3,3,0
2020-01-07 21:00:00,1,1,0
2020-01-07 22:00:00,2,0,2
2020-01-07 23:00:00,1,0,1
2020-01-08 00:00:00,0,0,0
2020-01-08 01:00:00,0,0,0
2020-01-08 02:00:00,1,0,1
2020-01-08 03:00:00,0,0,0
2020-01-08 04:00:00,2,2,0
2020-01-08 05:00:00,10,8,2
2020-01-08 06:00:00,22,18,4
2020-01-08 07:00:00,60,47,13
2020-01-08 08:00:00,60,44,16
2020-01-08 09:00:00,33,26,7
2020-01-08 10:00:00,24,15,9
2020-01-08 11:00:00,18,9,9
2020-01-08 12:00:00,15,7,8
2020-01-08 13:00:00,13,6,7
2020-01-08 14:00:00,19,6,13
2020-01-08 15:00:00,15,8,7
2020-01-08 16:00:00,52,13,39
2020-01-08 17:00:00,66,13,53
2020-01-08 18:00:00,40,6,34
2020-01-08 19:00:00,14,2,12
2020-01-08 20:00:00,3,1,2
2020-01-08 21:00:00,5,3,2
2020-01-08 22:00:00,2,0,2
2020-01-08 23:00:00,2,1,1
2020-01-09 00:00:00,0,0,0
2020-01-09 01:00:00,0,0,0
2020-01-09 02:00:00,0,0,0
2020-01-09 03:00:00,0,0,0
2020-01-09 04:00:00,1,1,0
2020-01-09 05:00:00,8,7,1
2020-01-09 06:00:00,20,17,3
2020-01-09 07:00:00,34,25,9
2020-01-09 08:00:00,39,31,8
2020-01-09 09:00:00,27,19,8
2020-01-09 10:00:00,7,6,1
2020-01-09 11:00:00,10,5,5
2020-01-09 12:00:00,10,6,4
2020-01-09 13:00:00,20,12,8
2020-01-09 14:00:00,25,9,16
2020-01-09 15:00:00,24,5,19
2020-01-09 16:00:00,40,16,24
2020-01-09 17:00:00,54,11,43
2020-01-09 18:00:00,35,6,29
2020-01-09 19:00:00,20,5,15
2020-01-09 20:00:00,8,4,4
2020-01-09 21:00:00,4,0,4
2020-01-09 22:00:00,1,0,1
2020-01-09 23:00:00,1,0,1
2020-01-10 00:00:00,0,0,0
2020-01-10 01:00:00,0,0,0
2020-01-10 02:00:00,0,0,0
2020-01-10 03:00:00,0,0,0
2020-01-10 04:00:00,1,1,0
2020-01-10 05:00:00,3,3,0
2020-01-10 06:00:00,16,16,0
2020-01-10 07:00:00,28,22,6
2020-01-10 08:00:00,31,25,6
2020-01-10 09:00:00,15,12,3
2020-01-10 10:00:00,11,7,4
2020-01-10 11:00:00,13,5,8
2020-01-10 12:00:00,5,1,4
2020-01-10 13:00:00,3,3,0
2020-01-10 14:00:00,9,1,8
2020-01-10 15:00:00,29,8,21
2020-01-10 16:00:00,36,8,28
2020-01-10 17:00:00,30,4,26
2020-01-10 18:00:00,23,6,17
2020-01-10 19:00:00,12,1,11
2020-01-10 20:00:00,8,6,2
2020-01-10 21:00:00,4,2,2
2020-01-10 22:00:00,0,0,0
2020-01-10 23:00:00,2,1,1
2020-01-11 00:00:00,1,0,1
2020-01-11 01:00:00,0,0,0
2020-01-11 02:00:00,0,0,0
2020-01-11 03:00:00,0,0,0
2020-01-11 04:00:00,0,0,0
2020-01-11 05:00:00,2,2,0
2020-01-11 06:00:00,5,2,3
2020-01-11 07:00:00,9,3,6
2020-01-11 08:00:00,28,7,21
2020-01-11 09:00:00,24,11,13
2020-01-11 10:00:00,13,4,9
2020-01-11 11:00:00,15,8,7
2020-01-11 12:00:00,41,30,11
2020-01-11 13:00:00,23,12,11
2020-01-11 14:00:00,12,4,8
2020-01-11 15:00:00,21,8,13
2020-01-11 16:00:00,21,13,8
2020-01-11 17:00:00,4,3,1
2020-01-11 18:00:00,2,1,1
2020-01-11 19:00:00,3,0,3
2020-01-11 20:00:00,1,0,1
2020-01-11 21:00:00,0,0,0
2020-01-11 22:00:00,2,2,0
2020-01-11 23:00:00,0,0,0
2020-01-12 00:00:00,2,0,2
2020-01-12 01:00:00,0,0,0
2020-01-12 02:00:00,0,0,0
2020-01-12 03:00:00,0,0,0
2020-01-12 04:00:00,0,0,0
2020-01-12 05:00:00,0,0,0
2020-01-12 06:00:00,0,0,0
2020-01-12 07:00:00,6,2,4
2020-01-12 08:00:00,13,7,6
2020-01-12 09:00:00,13,6,7
2020-01-12 10:00:00,17,6,11
2020-01-12 11:00:00,34,18,16
2020-01-12 12:00:00,36,18,18
2020-01-12 13:00:00,27,18,9
2020-01-12 14:00:00,11,2,9
2020-01-12 15:00:00,10,6,4
2020-01-12 16:00:00,14,9,5
2020-01-12 17:00:00,5,4,1
2020-01-12 18:00:00,1,1,0
2020-01-12 19:00:00,0,0,0
2020-01-12 20:00:00,0,0,0
2020-01-12 21:00:00,0,0,0
2020-01-12 22:00:00,0,0,0
2020-01-12 23:00:00,0,0,0
2020-01-13 00:00:00,0,0,0
2020-01-13 01:00:00,0,0,0
2020-01-13 02:00:00,0,0,0
2020-01-13 03:00:00,0,0,0
2020-01-13 04:00:00,0,0,0
2020-01-13 05:00:00,2,2,0
2020-01-13 06:00:00,2,2,0
2020-01-13 07:00:00,4,3,1
2020-01-13 08:00:00,10,7,3
2020-01-13 09:00:00,8,5,3
2020-01-13 10:00:00,7,4,3
2020-01-13 11:00:00,3,1,2
2020-01-13 12:00:00,2,2,0
2020-01-13 13:00:00,3,1,2
2020-01-13 14:00:00,8,4,4
2020-01-13 15:00:00,6,4,2
2020-01-13 16:00:00,14,3,11
2020-01-13 17:00:00,8,3,5
2020-01-13 18:00:00,5,2,3
2020-01-13 19:00:00,1,0,1
2020-01-13 20:00:00,0,0,0
2020-01-13 21:00:00,0,0,0
2020-01-13 22:00:00,1,0,1
2020-01-13 23:00:00,0,0,0
2020-01-14 00:00:00,0,0,0
2020-01-14 01:00:00,0,0,0
2020-01-14 02:00:00,0,0,0
2020-01-14 03:00:00,1,1,0
2020-01-14 04:00:00,0,0,0
2020-01-14 05:00:00,0,0,0
2020-01-14 06:00:00,4,3,1
2020-01-14 07:00:00,3,3,0
2020-01-14 08:00:00,4,4,0
2020-01-14 09:00:00,8,6,2
2020-01-14 10:00:00,2,2,0
2020-01-14 11:00:00,1,0,1
2020-01-14 12:00:00,3,1,2
2020-01-14 13:00:00,2,1,1
2020-01-14 14:00:00,1,0,1
2020-01-14 15:00:00,3,2,1
2020-01-14 16:00:00,7,2,5
2020-01-14 17:00:00,9,2,7
2020-01-14 18:00:00,3,0,3
2020-01-14 19:00:00,1,0,1
2020-01-14 20:00:00,0,0,0
2020-01-14 21:00:00,1,0,1
2020-01-14 22:00:00,0,0,0
2020-01-14 23:00:00,0,0,0
2020-01-15 00:00:00,0,0,0
2020-01-15 01:00:00,0,0,0
2020-01-15 02:00:00,0,0,0
2020-01-15 03:00:00,0,0,0
2020-01-15 04:00:00,1,1,0
2020-01-15 05:00:00,1,1,0
2020-01-15 06:00:00,3,2,1
2020-01-15 07:00:00,1,1,0
2020-01-15 08:00:00,6,5,1
2020-01-15 09:00:00,3,2,1
2020-01-15 10:00:00,4,2,2
2020-01-15 11:00:00,0,0,0
2020-01-15 12:00:00,5,4,1
2020-01-15 13:00:00,2,1,1
2020-01-15 14:00:00,6,2,4
2020-01-15 15:00:00,3,1,2
2020-01-15 16:00:00,4,1,3
2020-01-15 17:00:00,8,1,7
2020-01-15 18:00:00,4,2,2
2020-01-15 19:00:00,2,0,2
2020-01-15 20:00:00,0,0,0
2020-01-15 21:00:00,0,0,0
2020-01-15 22:00:00,0,0,0
2020-01-15 23:00:00,0,0,0
2020-01-16 00:00:00,0,0,0
2020-01-16 01:00:00,0,0,0
2020-01-16 02:00:00,0,0,0
2020-01-16 03:00:00,1,1,0
2020-01-16 04:00:00,0,0,0
2020-01-16 05:00:00,5,4,1
2020-01-16 06:00:00,12,6,6
2020-01-16 07:00:00,22,17,5
2020-01-16 08:00:00,31,25,6
2020-01-16 09:00:00,19,12,7
2020-01-16 10:00:00,12,5,7
2020-01-16 11:00:00,7,4,3
2020-01-16 12:00:00,13,6,7
2020-01-16 13:00:00,15,7,8
2020-01-16 14:00:00,18,9,9
2020-01-16 15:00:00,23,10,13
2020-01-16 16:00:00,34,14,20
2020-01-16 17:00:00,39,11,28
2020-01-16 18:00:00,18,3,15
2020-01-16 19:00:00,10,1,9
2020-01-16 20:00:00,2,0,2
2020-01-16 21:00:00,3,2,1
2020-01-16 22:00:00,3,0,3
2020-01-16 23:00:00,0,0,0
2020-01-17 00:00:00,0,0,0
2020-01-17 01:00:00,0,0,0
2020-01-17 02:00:00,0,0,0
2020-01-17 03:00:00,1,1,0
2020-01-17 04:00:00,1,1,0
2020-01-17 05:00:00,2,1,1
2020-01-17 06:00:00,12,7,5
2020-01-17 07:00:00,20,17,3
2020-01-17 08:00:00,38,30,8
2020-01-17 09:00:00,23,17,6
2020-01-17 10:00:00,14,5,9
2020-01-17 11:00:00,19,9,10
2020-01-17 12:00:00,25,16,9
2020-01-17 13:00:00,18,8,10
2020-01-17 14:00:00,25,9,16
2020-01-17 15:00:00,25,8,17
2020-01-17 16:00:00,25,9,16
2020-01-17 17:00:00,30,7,23
2020-01-17 18:00:00,26,4,22
2020-01-17 19:00:00,5,0,5
2020-01-17 20:00:00,8,0,8
2020-01-17 21:00:00,2,1,1
2020-01-17 22:00:00,1,0,1
2020-01-17 23:00:00,1,0,1
2020-01-18 00:00:00,1,0,1
2020-01-18 01:00:00,0,0,0
2020-01-18 02:00:00,0,0,0
2020-01-18 03:00:00,0,0,0
2020-01-18 04:00:00,0,0,0
2020-01-18 05:00:00,0,0,0
2020-01-18 06:00:00,3,3,0
2020-01-18 07:00:00,3,1,2
2020-01-18 08:00:00,5,3,2
2020-01-18 09:00:00,18,6,12
2020-01-18 10:00:00,18,9,9
2020-01-18 11:00:00,18,11,7
2020-01-18 12:00:00,43,21,22
2020-01-18 13:00:00,34,21,13
2020-01-18 14:00:00,40,16,24
2020-01-18 15:00:00,48,28,20
2020-01-18 16:00:00,29,16,13
2020-01-18 17:00:00,11,7,4
2020-01-18 18:00:00,4,3,1
2020-01-18 19:00:00,3,2,1
2020-01-18 20:00:00,2,0,2
2020-01-18 21:00:00,1,1,0
2020-01-18 22:00:00,0,0,0
2020-01-18 23:00:00,0,0,0
2020-01-19 00:00:00,0,0,0
2020-01-19 01:00:00,0,0,0
2020-01-19 02:00:00,1,0,1
2020-01-19 03:00:00,0,0,0
2020-01-19 04:00:00,0,0,0
2020-01-19 05:00:00,1,1,0
2020-01-19 06:00:00,1,1,0
2020-01-19 07:00:00,10,2,8
2020-01-19 08:00:00,23,12,11
2020-01-19 09:00:00,34,11,23
2020-01-19 10:00:00,60,26,34
2020-01-19 11:00:00,52,22,30
2020-01-19 12:00:00,50,26,24
2020-01-19 13:00:00,55,19,36
2020-01-19 14:00:00,65,27,38
2020-01-19 15:00:00,66,36,30
2020-01-19 16:00:00,48,26,22
2020-01-19 17:00:00,15,12,3
2020-01-19 18:00:00,3,1,2
2020-01-19 19:00:00,4,2,2
2020-01-19 20:00:00,3,0,3
2020-01-19 21:00:00,0,0,0
2020-01-19 22:00:00,1,1,0
2020-01-19 23:00:00,1,1,0
2020-01-20 00:00:00,0,0,0
2020-01-20 01:00:00,0,0,0
2020-01-20 02:00:00,0,0,0
2020-01-20 03:00:00,0,0,0
2020-01-20 04:00:00,0,0,0
2020-01-20 05:00:00,4,4,0
2020-01-20 06:00:00,11,11,0
2020-01-20 07:00:00,21,11,10
2020-01-20 08:00:00,34,25,9
2020-01-20 09:00:00,26,14,12
2020-01-20 10:00:00,32,12,20
2020-01-20 11:00:00,24,10,14
2020-01-20 12:00:00,44,17,27
2020-01-20 13:00:00,74,26,48
2020-01-20 14:00:00,88,34,54
2020-01-20 15:00:00,60,29,31
2020-01-20 16:00:00,59,30,29
2020-01-20 17:00:00,30,12,18
2020-01-20 18:00:00,14,3,11
2020-01-20 19:00:00,9,2,7
2020-01-20 20:00:00,5,1,4
2020-01-20 21:00:00,7,6,1
2020-01-20 22:00:00,2,2,0
2020-01-20 23:00:00,0,0,0
2020-01-21 00:00:00,2,0,2
2020-01-21 01:00:00,0,0,0
2020-01-21 02:00:00,0,0,0
2020-01-21 03:00:00,1,1,0
2020-01-21 04:00:00,3,2,1
2020-01-21 05:00:00,6,4,2
2020-01-21 06:00:00,16,14,2
2020-01-21 07:00:00,51,40,11
2020-01-21 08:00:00,54,37,17
2020-01-21 09:00:00,36,23,13
2020-01-21 10:00:00,15,8,7
2020-01-21 11:00:00,12,5,7
2020-01-21 12:00:00,14,8,6
2020-01-21 13:00:00,11,9,2
2020-01-21 14:00:00,17,3,14
2020-01-21 15:00:00,12,6,6
2020-01-21 16:00:00,31,7,24
2020-01-21 17:00:00,54,12,42
2020-01-21 18:00:00,35,5,30
2020-01-21 19:00:00,12,2,10
2020-01-21 20:00:00,3,0,3
2020-01-21 21:00:00,4,3,1
2020-01-21 22:00:00,2,1,1
2020-01-21 23:00:00,0,0,0
2020-01-22 00:00:00,0,0,0
2020-01-22 01:00:00,0,0,0
2020-01-22 02:00:00,1,0,1
2020-01-22 03:00:00,1,1,0
2020-01-22 04:00:00,3,2,1
2020-01-22 05:00:00,6,5,1
2020-01-22 06:00:00,18,14,4
2020-01-22 07:00:00,37,27,10
2020-01-22 08:00:00,47,41,6
2020-01-22 09:00:00,16,13,3
2020-01-22 10:00:00,8,6,2
2020-01-22 11:00:00,9,6,3
2020-01-22 12:00:00,6,3,3
2020-01-22 13:00:00,5,1,4
2020-01-22 14:00:00,9,3,6
2020-01-22 15:00:00,11,3,8
2020-01-22 16:00:00,41,9,32
2020-01-22 17:00:00,60,8,52
2020-01-22 18:00:00,33,6,27
2020-01-22 19:00:00,13,3,10
2020-01-22 20:00:00,5,1,4
2020-01-22 21:00:00,6,3,3
2020-01-22 22:00:00,0,0,0
2020-01-22 23:00:00,0,0,0
2020-01-23 00:00:00,0,0,0
2020-01-23 01:00:00,0,0,0
2020-01-23 02:00:00,0,0,0
2020-01-23 03:00:00,1,1,0
2020-01-23 04:00:00,4,3,1
2020-01-23 05:00:00,5,3,2
2020-01-23 06:00:00,16,14,2
2020-01-23 07:00:00,40,32,8
2020-01-23 08:00:00,28,20,8
2020-01-23 09:00:00,17,13,4
2020-01-23 10:00:00,21,9,12
2020-01-23 11:00:00,12,4,8
2020-01-23 12:00:00,7,3,4
2020-01-23 13:00:00,4,2,2
2020-01-23 14:00:00,10,2,8
2020-01-23 15:00:00,18,5,13
2020-01-23 16:00:00,32,12,20
2020-01-23 17:00:00,48,9,39
2020-01-23 18:00:00,29,4,25
2020-01-23 19:00:00,9,0,9
2020-01-23 20:00:00,5,2,3
2020-01-23 21:00:00,8,3,5
2020-01-23 22:00:00,2,1,1
2020-01-23 23:00:00,0,0,0
2020-01-24 00:00:00,0,0,0
2020-01-24 01:00:00,0,0,0
2020-01-24 02:00:00,0,0,0
2020-01-24 03:00:00,1,1,0
2020-01-24 04:00:00,1,0,1
2020-01-24 05:00:00,4,2,2
2020-01-24 06:00:00,21,18,3
2020-01-24 07:00:00,45,35,10
2020-01-24 08:00:00,45,36,9
2020-01-24 09:00:00,41,27,14
2020-01-24 10:00:00,17,11,6
2020-01-24 11:00:00,11,4,7
2020-01-24 12:00:00,13,7,6
2020-01-24 13:00:00,25,14,11
2020-01-24 14:00:00,28,12,16
2020-01-24 15:00:00,34,8,26
2020-01-24 16:00:00,70,25,45
2020-01-24 17:00:00,52,15,37
2020-01-24 18:00:00,40,6,34
2020-01-24 19:00:00,9,1,8
2020-01-24 20:00:00,5,1,4
2020-01-24 21:00:00,3,1,2
2020-01-24 22:00:00,2,0,2
2020-01-24 23:00:00,0,0,0
2020-01-25 00:00:00,0,0,0
2020-01-25 01:00:00,1,1,0
2020-01-25 02:00:00,0,0,0
2020-01-25 03:00:00,0,0,0
2020-01-25 04:00:00,0,0,0
2020-01-25 05:00:00,0,0,0
2020-01-25 06:00:00,2,2,0
2020-01-25 07:00:00,11,3,8
2020-01-25 08:00:00,37,9,28
2020-01-25 09:00:00,42,12,30
2020-01-25 10:00:00,44,18,26
2020-01-25 11:00:00,48,22,26
2020-01-25 12:00:00,84,41,43
2020-01-25 13:00:00,71,28,43
2020-01-25 14:00:00,47,27,20
2020-01-25 15:00:00,99,53,46
2020-01-25 16:00:00,65,40,25
2020-01-25 17:00:00,18,13,5
2020-01-25 18:00:00,6,2,4
2020-01-25 19:00:00,2,1,1
2020-01-25 20:00:00,1,0,1
2020-01-25 21:00:00,1,0,1
2020-01-25 22:00:00,0,0,0
2020-01-25 23:00:00,1,1,0
2020-01-26 00:00:00,1,1,0
2020-01-26 01:00:00,0,0,0
2020-01-26 02:00:00,0,0,0
2020-01-26 03:00:00,1,0,1
2020-01-26 04:00:00,0,0,0
2020-01-26 05:00:00,0,0,0
2020-01-26 06:00:00,2,2,0
2020-01-26 07:00:00,7,2,5
2020-01-26 08:00:00,16,4,12
2020-01-26 09:00:00,45,22,23
2020-01-26 10:00:00,60,22,38
2020-01-26 11:00:00,68,33,35
2020-01-26 12:00:00,111,60,51
2020-01-26 13:00:00,111,56,55
2020-01-26 14:00:00,136,70,66
2020-01-26 15:00:00,111,65,46
2020-01-26 16:00:00,43,23,20
2020-01-26 17:00:00,11,7,4
2020-01-26 18:00:00,1,1,0
2020-01-26 19:00:00,0,0,0
2020-01-26 20:00:00,1,1,0
2020-01-26 21:00:00,2,0,2
2020-01-26 22:00:00,0,0,0
2020-01-26 23:00:00,1,0,1
2020-01-27 00:00:00,0,0,0
2020-01-27 01:00:00,0,0,0
2020-01-27 02:00:00,0,0,0
2020-01-27 03:00:00,1,1,0
2020-01-27 04:00:00,2,1,1
2020-01-27 05:00:00,5,3,2
2020-01-27 06:00:00,16,12,4
2020-01-27 07:00:00,55,40,15
2020-01-27 08:00:00,56,48,8
2020-01-27 09:00:00,54,35,19
2020-01-27 10:00:00,54,33,21
2020-01-27 11:00:00,40,21,19
2020-01-27 12:00:00,47,21,26
2020-01-27 13:00:00,29,16,13
2020-01-27 14:00:00,41,19,22
2020-01-27 15:00:00,42,21,21
2020-01-27 16:00:00,45,10,35
2020-01-27 17:00:00,49,8,41
2020-01-27 18:00:00,39,3,36
2020-01-27 19:00:00,8,0,8
2020-01-27 20:00:00,6,1,5
2020-01-27 21:00:00,4,4,0
2020-01-27 22:00:00,0,0,0
2020-01-27 23:00:00,1,0,1
2020-01-28 00:00:00,0,0,0
2020-01-28 01:00:00,0,0,0
2020-01-28 02:00:00,0,0,0
2020-01-28 03:00:00,1,1,0
2020-01-28 04:00:00,2,1,1
2020-01-28 05:00:00,2,1,1
2020-01-28 06:00:00,16,13,3
2020-01-28 07:00:00,29,26,3
2020-01-28 08:00:00,45,39,6
2020-01-28 09:00:00,18,11,7
2020-01-28 10:00:00,8,5,3
2020-01-28 11:00:00,13,5,8
2020-01-28 12:00:00,13,5,8
2020-01-28 13:00:00,15,9,6
2020-01-28 14:00:00,29,14,15
2020-01-28 15:00:00,33,12,21
2020-01-28 16:00:00,57,17,40
2020-01-28 17:00:00,56,8,48
2020-01-28 18:00:00,38,7,31
2020-01-28 19:00:00,10,2,8
2020-01-28 20:00:00,4,2,2
2020-01-28 21:00:00,6,4,2
2020-01-28 22:00:00,0,0,0
2020-01-28 23:00:00,1,0,1
2020-01-29 00:00:00,0,0,0
2020-01-29 01:00:00,0,0,0
2020-01-29 02:00:00,1,0,1
2020-01-29 03:00:00,1,1,0
2020-01-29 04:00:00,3,2,1
2020-01-29 05:00:00,6,4,2
2020-01-29 06:00:00,17,14,3
2020-01-29 07:00:00,52,43,9
2020-01-29 08:00:00,57,43,14
2020-01-29 09:00:00,27,20,7
2020-01-29 10:00:00,13,8,5
2020-01-29 11:00:00,10,3,7
2020-01-29 12:00:00,8,5,3
2020-01-29 13:00:00,9,4,5
2020-01-29 14:00:00,13,5,8
2020-01-29 15:00:00,22,8,14
2020-01-29 16:00:00,39,8,31
2020-01-29 17:00:00,56,7,49
2020-01-29 18:00:00,43,6,37
2020-01-29 19:00:00,19,5,14
2020-01-29 20:00:00,5,2,3
2020-01-29 21:00:00,4,2,2
2020-01-29 22:00:00,0,0,0
2020-01-29 23:00:00,0,0,0
2020-01-30 00:00:00,2,0,2
2020-01-30 01:00:00,0,0,0
2020-01-30 02:00:00,0,0,0
2020-01-30 03:00:00,1,1,0
2020-01-30 04:00:00,0,0,0
2020-01-30 05:00:00,5,4,1
2020-01-30 06:00:00,21,19,2
2020-01-30 07:00:00,50,40,10
2020-01-30 08:00:00,69,51,18
2020-01-30 09:00:00,42,30,12
2020-01-30 10:00:00,29,17,12
2020-01-30 11:00:00,24,11,13
2020-01-30 12:00:00,42,19,23
2020-01-30 13:00:00,32,17,15
2020-01-30 14:00:00,24,11,13
2020-01-30 15:00:00,36,11,25
2020-01-30 16:00:00,43,17,26
2020-01-30 17:00:00,70,9,61
2020-01-30 18:00:00,30,3,27
2020-01-30 19:00:00,15,3,12
2020-01-30 20:00:00,11,3,8
2020-01-30 21:00:00,6,1,5
2020-01-30 22:00:00,3,0,3
2020-01-30 23:00:00,1,0,1
2020-01-31 00:00:00,0,0,0
2020-01-31 01:00:00,0,0,0
2020-01-31 02:00:00,0,0,0
2020-01-31 03:00:00,1,1,0
2020-01-31 04:00:00,1,1,0
2020-01-31 05:00:00,5,4,1
2020-01-31 06:00:00,16,12,4
2020-01-31 07:00:00,42,34,8
2020-01-31 08:00:00,35,31,4
2020-01-31 09:00:00,13,11,2
2020-01-31 10:00:00,19,11,8
2020-01-31 11:00:00,8,5,3
2020-01-31 12:00:00,6,2,4
2020-01-31 13:00:00,8,1,7
2020-01-31 14:00:00,10,3,7
2020-01-31 15:00:00,13,3,10
2020-01-31 16:00:00,35,12,23
2020-01-31 17:00:00,32,4,28
2020-01-31 18:00:00,19,2,17
2020-01-31 19:00:00,9,1,8
2020-01-31 20:00:00,4,1,3
2020-01-31 21:00:00,4,2,2
2020-01-31 22:00:00,2,0,2
2020-01-31 23:00:00,1,1,0
2020-02-06 19:00:00,9,1,8
2020-02-06 20:00:00,4,0,4
2020-02-06 21:00:00,6,3,3
2020-02-06 22:00:00,0,0,0
2020-02-06 23:00:00,0,0,0
2020-02-07 00:00:00,0,0,0
2020-02-07 01:00:00,0,0,0
2020-02-07 02:00:00,0,0,0
2020-02-07 03:00:00,1,1,0
2020-02-07 04:00:00,1,1,0
2020-02-07 05:00:00,6,4,2
2020-02-07 06:00:00,14,12,2
2020-02-07 07:00:00,34,25,9
2020-02-07 08:00:00,40,33,7
2020-02-07 09:00:00,22,14,8
2020-02-07 10:00:00,14,7,7
2020-02-07 11:00:00,14,6,8
2020-02-07 12:00:00,13,8,5
2020-02-07 13:00:00,18,2,16
2020-02-07 14:00:00,28,17,11
2020-02-07 15:00:00,21,8,13
2020-02-07 16:00:00,42,11,31
2020-02-07 17:00:00,39,10,29
2020-02-07 18:00:00,16,3,13
2020-02-07 19:00:00,9,1,8
2020-02-07 20:00:00,4,1,3
2020-02-07 21:00:00,6,2,4
2020-02-07 22:00:00,0,0,0
2020-02-07 23:00:00,0,0,0
2020-02-08 00:00:00,0,0,0
2020-02-08 01:00:00,1,0,1
2020-02-08 02:00:00,0,0,0
2020-02-08 03:00:00,0,0,0
2020-02-08 04:00:00,0,0,0
2020-02-08 05:00:00,2,2,0
2020-02-08 06:00:00,6,1,5
2020-02-08 07:00:00,10,2,8
2020-02-08 08:00:00,26,8,18
2020-02-08 09:00:00,103,47,56
2020-02-08 10:00:00,103,49,54
2020-02-08 11:00:00,85,29,56
2020-02-08 12:00:00,97,61,36
2020-02-08 13:00:00,50,22,28
2020-02-08 14:00:00,41,23,18
2020-02-08 15:00:00,52,16,36
2020-02-08 16:00:00,52,33,19
2020-02-08 17:00:00,16,8,8
2020-02-08 18:00:00,5,2,3
2020-02-08 19:00:00,5,3,2
2020-02-08 20:00:00,4,1,3
2020-02-08 21:00:00,1,0,1
2020-02-08 22:00:00,0,0,0
2020-02-08 23:00:00,0,0,0
2020-02-09 00:00:00,0,0,0
2020-02-09 01:00:00,0,0,0
2020-02-09 02:00:00,0,0,0
2020-02-09 03:00:00,0,0,0
2020-02-09 04:00:00,0,0,0
2020-02-09 05:00:00,2,2,0
2020-02-09 06:00:00,2,2,0
2020-02-09 07:00:00,11,5,6
2020-02-09 08:00:00,34,14,20
2020-02-09 09:00:00,57,19,38
2020-02-09 10:00:00,79,21,58
2020-02-09 11:00:00,113,55,58
2020-02-09 12:00:00,137,40,97
2020-02-09 13:00:00,181,87,94
2020-02-09 14:00:00,130,60,70
2020-02-09 15:00:00,162,86,76
2020-02-09 16:00:00,93,54,39
2020-02-09 17:00:00,29,25,4
2020-02-09 18:00:00,11,9,2
2020-02-09 19:00:00,5,0,5
2020-02-09 20:00:00,1,0,1
2020-02-09 21:00:00,1,0,1
2020-02-09 22:00:00,2,1,1
2020-02-09 23:00:00,0,0,0
2020-02-10 00:00:00,0,0,0
2020-02-10 01:00:00,0,0,0
2020-02-10 02:00:00,0,0,0
2020-02-10 03:00:00,1,1,0
2020-02-10 04:00:00,0,0,0
2020-02-10 05:00:00,4,4,0
2020-02-10 06:00:00,30,22,8
2020-02-10 07:00:00,62,55,7
2020-02-10 08:00:00,74,60,14
2020-02-10 09:00:00,42,27,15
2020-02-10 10:00:00,42,27,15
2020-02-10 11:00:00,39,21,18
2020-02-10 12:00:00,30,14,16
2020-02-10 13:00:00,37,17,20
2020-02-10 14:00:00,54,28,26
2020-02-10 15:00:00,88,32,56
2020-02-10 16:00:00,92,34,58
2020-02-10 17:00:00,108,31,77
2020-02-10 18:00:00,51,11,40
2020-02-10 19:00:00,30,5,25
2020-02-10 20:00:00,6,3,3
2020-02-10 21:00:00,9,5,4
2020-02-10 22:00:00,4,1,3
2020-02-10 23:00:00,0,0,0
2020-02-11 00:00:00,1,0,1
2020-02-11 01:00:00,0,0,0
2020-02-11 02:00:00,0,0,0
2020-02-11 03:00:00,1,1,0
2020-02-11 04:00:00,1,1,0
2020-02-11 05:00:00,7,4,3
2020-02-11 06:00:00,27,26,1
2020-02-11 07:00:00,58,48,10
2020-02-11 08:00:00,82,60,22
2020-02-11 09:00:00,43,27,16
2020-02-11 10:00:00,20,11,9
2020-02-11 11:00:00,25,12,13
2020-02-11 12:00:00,22,12,10
2020-02-11 13:00:00,20,8,12
2020-02-11 14:00:00,24,13,11
2020-02-11 15:00:00,29,8,21
2020-02-11 16:00:00,54,16,38
2020-02-11 17:00:00,85,18,67
2020-02-11 18:00:00,54,11,43
2020-02-11 19:00:00,17,7,10
2020-02-11 20:00:00,3,1,2
2020-02-11 21:00:00,5,2,3
2020-02-11 22:00:00,0,0,0
2020-02-11 23:00:00,1,1,0
2020-02-12 00:00:00,0,0,0
2020-02-12 01:00:00,1,0,1
2020-02-12 02:00:00,2,0,2
2020-02-12 03:00:00,3,2,1
2020-02-12 04:00:00,1,1,0
2020-02-12 05:00:00,10,7,3
2020-02-12 06:00:00,30,25,5
2020-02-12 07:00:00,46,39,7
2020-02-12 08:00:00,81,59,22
2020-02-12 09:00:00,35,21,14
2020-02-12 10:00:00,24,17,7
2020-02-12 11:00:00,31,12,19
2020-02-12 12:00:00,28,11,17
2020-02-12 13:00:00,30,14,16
2020-02-12 14:00:00,34,14,20
2020-02-12 15:00:00,50,21,29
2020-02-12 16:00:00,70,24,46
2020-02-12 17:00:00,83,26,57
2020-02-12 18:00:00,37,5,32
2020-02-12 19:00:00,19,1,18
2020-02-12 20:00:00,11,4,7
2020-02-12 21:00:00,6,4,2
2020-02-12 22:00:00,4,2,2
2020-02-12 23:00:00,1,0,1
2020-02-13 00:00:00,1,1,0
2020-02-13 01:00:00,0,0,0
2020-02-13 02:00:00,0,0,0
2020-02-13 03:00:00,1,1,0
2020-02-13 04:00:00,1,1,0
2020-02-13 05:00:00,6,3,3
2020-02-13 06:00:00,23,16,7
2020-02-13 07:00:00,46,39,7
2020-02-13 08:00:00,58,47,11
2020-02-13 09:00:00,29,18,11
2020-02-13 10:00:00,12,5,7
2020-02-13 11:00:00,10,6,4
2020-02-13 12:00:00,11,4,7
2020-02-13 13:00:00,20,10,10
2020-02-13 14:00:00,17,8,9
2020-02-13 15:00:00,22,8,14
2020-02-13 16:00:00,36,6,30
2020-02-13 17:00:00,53,12,41
2020-02-13 18:00:00,36,7,29
2020-02-13 19:00:00,15,2,13
2020-02-13 20:00:00,2,0,2
2020-02-13 21:00:00,2,0,2
2020-02-13 22:00:00,2,0,2
2020-02-13 23:00:00,0,0,0
2020-02-14 00:00:00,0,0,0
2020-02-14 01:00:00,0,0,0
2020-02-14 02:00:00,0,0,0
2020-02-14 03:00:00,1,1,0
2020-02-14 04:00:00,1,0,1
2020-02-14 05:00:00,6,5,1
2020-02-14 06:00:00,17,13,4
2020-02-14 07:00:00,44,35,9
2020-02-14 08:00:00,56,44,12
2020-02-14 09:00:00,39,22,17
2020-02-14 10:00:00,38,16,22
2020-02-14 11:00:00,34,15,19
2020-02-14 12:00:00,35,15,20
2020-02-14 13:00:00,40,23,17
2020-02-14 14:00:00,42,17,25
2020-02-14 15:00:00,63,18,45
2020-02-14 16:00:00,72,26,46
2020-02-14 17:00:00,49,16,33
2020-02-14 18:00:00,34,6,28
2020-02-14 19:00:00,13,3,10
2020-02-14 20:00:00,5,0,5
2020-02-14 21:00:00,0,0,0
2020-02-14 22:00:00,0,0,0
2020-02-14 23:00:00,0,0,0
2020-02-15 00:00:00,1,0,1
2020-02-15 01:00:00,2,0,2
2020-02-15 02:00:00,0,0,0
2020-02-15 03:00:00,1,0,1
2020-02-15 04:00:00,0,0,0
2020-02-15 05:00:00,0,0,0
2020-02-15 06:00:00,3,1,2
2020-02-15 07:00:00,9,3,6
2020-02-15 08:00:00,27,5,22
2020-02-15 09:00:00,33,18,15
2020-02-15 10:00:00,53,27,26
2020-02-15 11:00:00,46,14,32
2020-02-15 12:00:00,29,19,10
2020-02-15 13:00:00,31,13,18
2020-02-15 14:00:00,26,16,10
2020-02-15 15:00:00,21,8,13
2020-02-15 16:00:00,26,18,8
2020-02-15 17:00:00,12,3,9
2020-02-15 18:00:00,6,4,2
2020-02-15 19:00:00,3,1,2
2020-02-15 20:00:00,1,0,1
2020-02-15 21:00:00,1,1,0
2020-02-15 22:00:00,0,0,0
2020-02-15 23:00:00,0,0,0
2020-02-16 00:00:00,0,0,0
2020-02-16 01:00:00,0,0,0
2020-02-16 02:00:00,0,0,0
2020-02-16 03:00:00,0,0,0
2020-02-16 04:00:00,2,1,1
2020-02-16 05:00:00,0,0,0
2020-02-16 06:00:00,3,0,3
2020-02-16 07:00:00,13,4,9
2020-02-16 08:00:00,18,7,11
2020-02-16 09:00:00,40,17,23
2020-02-16 10:00:00,58,30,28
2020-02-16 11:00:00,69,32,37
2020-02-16 12:00:00,82,36,46
2020-02-16 13:00:00,63,29,34
2020-02-16 14:00:00,61,29,32
2020-02-16 15:00:00,27,15,12
2020-02-16 16:00:00,16,8,8
2020-02-16 17:00:00,22,12,10
2020-02-16 18:00:00,7,3,4
2020-02-16 19:00:00,2,1,1
2020-02-16 20:00:00,3,1,2
2020-02-16 21:00:00,1,0,1
2020-02-16 22:00:00,1,0,1
2020-02-16 23:00:00,0,0,0
2020-02-17 00:00:00,0,0,0
2020-02-17 01:00:00,0,0,0
2020-02-17 02:00:00,0,0,0
2020-02-17 03:00:00,0,0,0
2020-02-17 04:00:00,1,0,1
2020-02-17 05:00:00,4,4,0
2020-02-17 06:00:00,11,8,3
2020-02-17 07:00:00,13,9,4
2020-02-17 08:00:00,23,18,5
2020-02-17 09:00:00,36,12,24
2020-02-17 10:00:00,70,23,47
2020-02-17 11:00:00,81,41,40
2020-02-17 12:00:00,95,44,51
2020-02-17 13:00:00,97,47,50
2020-02-17 14:00:00,126,56,70
2020-02-17 15:00:00,80,52,28
2020-02-17 16:00:00,75,32,43
2020-02-17 17:00:00,58,26,32
2020-02-17 18:00:00,29,10,19
2020-02-17 19:00:00,7,0,7
2020-02-17 20:00:00,4,2,2
2020-02-17 21:00:00,1,1,0
2020-02-17 22:00:00,2,0,2
2020-02-17 23:00:00,0,0,0
2020-02-18 00:00:00,0,0,0
2020-02-18 01:00:00,0,0,0
2020-02-18 02:00:00,0,0,0
2020-02-18 03:00:00,1,1,0
2020-02-18 04:00:00,3,2,1
2020-02-18 05:00:00,10,7,3
2020-02-18 06:00:00,25,22,3
2020-02-18 07:00:00,40,34,6
2020-02-18 08:00:00,77,59,18
2020-02-18 09:00:00,44,30,14
2020-02-18 10:00:00,25,15,10
2020-02-18 11:00:00,45,19,26
2020-02-18 12:00:00,20,11,9
2020-02-18 13:00:00,39,20,19
2020-02-18 14:00:00,67,33,34
2020-02-18 15:00:00,60,26,34
2020-02-18 16:00:00,61,16,45
2020-02-18 17:00:00,102,26,76
2020-02-18 18:00:00,50,11,39
2020-02-18 19:00:00,20,2,18
2020-02-18 20:00:00,7,1,6
2020-02-18 21:00:00,4,4,0
2020-02-18 22:00:00,2,1,1
2020-02-18 23:00:00,1,0,1
2020-02-19 00:00:00,1,0,1
2020-02-19 01:00:00,0,0,0
2020-02-19 02:00:00,1,0,1
2020-02-19 03:00:00,1,1,0
2020-02-19 04:00:00,4,3,1
2020-02-19 05:00:00,10,6,4
2020-02-19 06:00:00,25,22,3
2020-02-19 07:00:00,35,30,5
2020-02-19 08:00:00,61,45,16
2020-02-19 09:00:00,40,27,13
2020-02-19 10:00:00,28,14,14
2020-02-19 11:00:00,27,16,11
2020-02-19 12:00:00,52,23,29
2020-02-19 13:00:00,63,31,32
2020-02-19 14:00:00,58,20,38
2020-02-19 15:00:00,86,36,50
2020-02-19 16:00:00,93,37,56
2020-02-19 17:00:00,103,30,73
2020-02-19 18:00:00,35,7,28
2020-02-19 19:00:00,15,5,10
2020-02-19 20:00:00,10,3,7
2020-02-19 21:00:00,4,4,0
2020-02-19 22:00:00,2,0,2
2020-02-19 23:00:00,0,0,0
2020-02-20 00:00:00,1,0,1
2020-02-20 01:00:00,0,0,0
2020-02-20 02:00:00,0,0,0
2020-02-20 03:00:00,0,0,0
2020-02-20 04:00:00,2,2,0
2020-02-20 05:00:00,5,4,1
2020-02-20 06:00:00,22,17,5
2020-02-20 07:00:00,54,40,14
2020-02-20 08:00:00,59,45,14
2020-02-20 09:00:00,40,24,16
2020-02-20 10:00:00,29,17,12
2020-02-20 11:00:00,33,21,12
2020-02-20 12:00:00,42,16,26
2020-02-20 13:00:00,64,36,28
2020-02-20 14:00:00,66,40,26
2020-02-20 15:00:00,75,24,51
2020-02-20 16:00:00,88,32,56
2020-02-20 17:00:00,94,31,63
2020-02-20 18:00:00,45,10,35
2020-02-20 19:00:00,21,6,15
2020-02-20 20:00:00,5,0,5
2020-02-20 21:00:00,6,3,3
2020-02-20 22:00:00,3,1,2
2020-02-20 23:00:00,2,0,2
2020-02-21 00:00:00,1,0,1
2020-02-21 01:00:00,0,0,0
2020-02-21 02:00:00,0,0,0
2020-02-21 03:00:00,1,1,0
2020-02-21 04:00:00,0,0,0
2020-02-21 05:00:00,11,8,3
2020-02-21 06:00:00,19,16,3
2020-02-21 07:00:00,42,29,13
2020-02-21 08:00:00,56,42,14
2020-02-21 09:00:00,41,30,11
2020-02-21 10:00:00,41,21,20
2020-02-21 11:00:00,64,40,24
2020-02-21 12:00:00,65,27,38
2020-02-21 13:00:00,60,26,34
2020-02-21 14:00:00,51,24,27
2020-02-21 15:00:00,86,37,49
2020-02-21 16:00:00,86,31,55
2020-02-21 17:00:00,73,28,45
2020-02-21 18:00:00,39,12,27
2020-02-21 19:00:00,19,6,13
2020-02-21 20:00:00,5,1,4
2020-02-21 21:00:00,6,1,5
2020-02-21 22:00:00,2,0,2
2020-02-21 23:00:00,0,0,0
2020-02-22 00:00:00,0,0,0
2020-02-22 01:00:00,0,0,0
2020-02-22 02:00:00,0,0,0
2020-02-22 03:00:00,0,0,0
2020-02-22 04:00:00,0,0,0
2020-02-22 05:00:00,0,0,0
2020-02-22 06:00:00,3,3,0
2020-02-22 07:00:00,18,7,11
2020-02-22 08:00:00,45,16,29
2020-02-22 09:00:00,61,25,36
2020-02-22 10:00:00,106,39,67
2020-02-22 11:00:00,99,40,59
2020-02-22 12:00:00,121,53,68
2020-02-22 13:00:00,77,43,34
2020-02-22 14:00:00,98,49,49
2020-02-22 15:00:00,77,46,31
2020-02-22 16:00:00,39,27,12
2020-02-22 17:00:00,38,18,20
2020-02-22 18:00:00,18,9,9
2020-02-22 19:00:00,6,1,5
2020-02-22 20:00:00,4,3,1
2020-02-22 21:00:00,2,2,0
2020-02-22 22:00:00,1,0,1
2020-02-22 23:00:00,0,0,0
2020-02-23 00:00:00,0,0,0
2020-02-23 01:00:00,0,0,0
2020-02-23 02:00:00,0,0,0
2020-02-23 03:00:00,0,0,0
2020-02-23 04:00:00,0,0,0
2020-02-23 05:00:00,1,1,0
2020-02-23 06:00:00,2,2,0
2020-02-23 07:00:00,8,4,4
2020-02-23 08:00:00,12,6,6
2020-02-23 09:00:00,20,11,9
2020-02-23 10:00:00,16,4,12
2020-02-23 11:00:00,49,21,28
2020-02-23 12:00:00,39,23,16
2020-02-23 13:00:00,45,15,30
2020-02-23 14:00:00,47,22,25
2020-02-23 15:00:00,40,20,20
2020-02-23 16:00:00,34,21,13
2020-02-23 17:00:00,23,16,7
2020-02-23 18:00:00,9,5,4
2020-02-23 19:00:00,3,2,1
2020-02-23 20:00:00,3,0,3
2020-02-23 21:00:00,2,1,1
2020-02-23 22:00:00,1,0,1
2020-02-23 23:00:00,0,0,0
2020-02-24 00:00:00,0,0,0
2020-02-24 01:00:00,0,0,0
2020-02-24 02:00:00,0,0,0
2020-02-24 03:00:00,1,1,0
2020-02-24 04:00:00,4,2,2
2020-02-24 05:00:00,9,7,2
2020-02-24 06:00:00,16,15,1
2020-02-24 07:00:00,67,50,17
2020-02-24 08:00:00,71,60,11
2020-02-24 09:00:00,46,26,20
2020-02-24 10:00:00,33,27,6
2020-02-24 11:00:00,33,13,20
2020-02-24 12:00:00,29,16,13
2020-02-24 13:00:00,28,17,11
2020-02-24 14:00:00,38,16,22
2020-02-24 15:00:00,36,13,23
2020-02-24 16:00:00,82,25,57
2020-02-24 17:00:00,102,26,76
2020-02-24 18:00:00,62,13,49
2020-02-24 19:00:00,24,6,18
2020-02-24 20:00:00,8,3,5
2020-02-24 21:00:00,4,2,2
2020-02-24 22:00:00,2,2,0
2020-02-24 23:00:00,0,0,0
2020-02-25 00:00:00,2,0,2
2020-02-25 01:00:00,0,0,0
2020-02-25 02:00:00,0,0,0
2020-02-25 03:00:00,1,1,0
2020-02-25 04:00:00,1,1,0
2020-02-25 05:00:00,11,9,2
2020-02-25 06:00:00,23,19,4
2020-02-25 07:00:00,61,48,13
2020-02-25 08:00:00,79,60,19
2020-02-25 09:00:00,47,32,15
2020-02-25 10:00:00,26,19,7
2020-02-25 11:00:00,38,15,23
2020-02-25 12:00:00,27,12,15
2020-02-25 13:00:00,30,13,17
2020-02-25 14:00:00,32,15,17
2020-02-25 15:00:00,40,15,25
2020-02-25 16:00:00,70,23,47
2020-02-25 17:00:00,101,25,76
2020-02-25 18:00:00,55,15,40
2020-02-25 19:00:00,17,1,16
2020-02-25 20:00:00,4,0,4
2020-02-25 21:00:00,12,7,5
2020-02-25 22:00:00,5,3,2
2020-02-25 23:00:00,0,0,0
2020-02-26 00:00:00,1,0,1
2020-02-26 01:00:00,0,0,0
2020-02-26 02:00:00,1,0,1
2020-02-26 03:00:00,1,1,0
2020-02-26 04:00:00,2,2,0
2020-02-26 05:00:00,6,5,1
2020-02-26 06:00:00,30,23,7
2020-02-26 07:00:00,69,53,16
2020-02-26 08:00:00,88,71,17
2020-02-26 09:00:00,32,17,15
2020-02-26 10:00:00,24,14,10
2020-02-26 11:00:00,29,15,14
2020-02-26 12:00:00,29,13,16
2020-02-26 13:00:00,36,10,26
2020-02-26 14:00:00,34,13,21
2020-02-26 15:00:00,52,28,24
2020-02-26 16:00:00,78,29,49
2020-02-26 17:00:00,113,25,88
2020-02-26 18:00:00,46,15,31
2020-02-26 19:00:00,26,5,21
2020-02-26 20:00:00,8,4,4
2020-02-26 21:00:00,7,4,3
2020-02-26 22:00:00,3,1,2
2020-02-26 23:00:00,1,1,0
2020-02-27 00:00:00,1,0,1
2020-02-27 01:00:00,0,0,0
2020-02-27 02:00:00,1,0,1
2020-02-27 03:00:00,1,1,0
2020-02-27 04:00:00,2,2,0
2020-02-27 05:00:00,11,8,3
2020-02-27 06:00:00,30,26,4
2020-02-27 07:00:00,73,59,14
2020-02-27 08:00:00,92,69,23
2020-02-27 09:00:00,56,37,19
2020-02-27 10:00:00,35,19,16
2020-02-27 11:00:00,54,18,36
2020-02-27 12:00:00,46,20,26
2020-02-27 13:00:00,67,35,32
2020-02-27 14:00:00,57,22,35
2020-02-27 15:00:00,62,28,34
2020-02-27 16:00:00,127,46,81
2020-02-27 17:00:00,117,40,77
2020-02-27 18:00:00,44,12,32
2020-02-27 19:00:00,20,4,16
2020-02-27 20:00:00,11,2,9
2020-02-27 21:00:00,5,3,2
2020-02-27 22:00:00,5,2,3
2020-02-27 23:00:00,0,0,0
2020-02-28 00:00:00,0,0,0
2020-02-28 01:00:00,0,0,0
2020-02-28 02:00:00,0,0,0
2020-02-28 03:00:00,0,0,0
2020-02-28 04:00:00,4,4,0
2020-02-28 05:00:00,11,9,2
2020-02-28 06:00:00,24,23,1
2020-02-28 07:00:00,56,41,15
2020-02-28 08:00:00,62,44,18
2020-02-28 09:00:00,32,18,14
2020-02-28 10:00:00,30,19,11
2020-02-28 11:00:00,30,13,17
2020-02-28 12:00:00,28,17,11
2020-02-28 13:00:00,19,7,12
2020-02-28 14:00:00,21,9,12
2020-02-28 15:00:00,35,11,24
2020-02-28 16:00:00,62,15,47
2020-02-28 17:00:00,65,15,50
2020-02-28 18:00:00,26,4,22
2020-02-28 19:00:00,13,2,11
2020-02-28 20:00:00,5,3,2
2020-02-28 21:00:00,4,0,4
2020-02-28 22:00:00,0,0,0
2020-02-28 23:00:00,1,0,1
2020-02-29 00:00:00,0,0,0
2020-02-29 01:00:00,0,0,0
2020-02-29 02:00:00,0,0,0
2020-02-29 03:00:00,0,0,0
2020-02-29 04:00:00,0,0,0
2020-02-29 05:00:00,0,0,0
2020-02-29 06:00:00,2,1,1
2020-02-29 07:00:00,7,1,6
2020-02-29 08:00:00,22,7,15
2020-02-29 09:00:00,45,19,26
2020-02-29 10:00:00,69,23,46
2020-02-29 11:00:00,69,24,45
2020-02-29 12:00:00,67,29,38
2020-02-29 13:00:00,73,33,40
2020-02-29 14:00:00,61,29,32
2020-02-29 15:00:00,65,33,32
2020-02-29 16:00:00,77,42,35
2020-02-29 17:00:00,19,10,9
2020-02-29 18:00:00,6,6,0
2020-02-29 19:00:00,4,2,2
2020-02-29 20:00:00,1,1,0
2020-02-29 21:00:00,1,0,1
2020-02-29 22:00:00,4,1,3
2020-02-29 23:00:00,2,0,2
2020-06-01 00:00:00,0,0,0
2020-06-01 01:00:00,0,0,0
2020-06-01 02:00:00,1,0,1
2020-06-01 03:00:00,0,0,0
2020-06-01 04:00:00,1,0,1
2020-06-01 05:00:00,10,0,10
2020-06-01 06:00:00,38,2,36
2020-06-01 07:00:00,71,2,69
2020-06-01 08:00:00,47,1,46
2020-06-01 09:00:00,51,0,51
2020-06-01 10:00:00,49,11,38
2020-06-01 11:00:00,75,16,59
2020-06-01 12:00:00,129,13,116
2020-06-01 13:00:00,144,8,136
2020-06-01 14:00:00,154,48,106
2020-06-01 15:00:00,163,1,162
2020-06-01 16:00:00,171,0,171
2020-06-01 17:00:00,240,0,240
2020-06-01 18:00:00,137,1,136
2020-06-01 19:00:00,70,3,67
2020-06-01 20:00:00,37,0,37
2020-06-01 21:00:00,12,2,10
2020-06-01 22:00:00,5,0,5
2020-06-01 23:00:00,0,0,0
2020-06-02 00:00:00,0,0,0
2020-06-02 01:00:00,0,0,0
2020-06-02 02:00:00,0,0,0
2020-06-02 03:00:00,1,0,1
2020-06-02 04:00:00,0,0,0
2020-06-02 05:00:00,20,0,20
2020-06-02 06:00:00,51,0,51
2020-06-02 07:00:00,83,3,80
2020-06-02 08:00:00,52,0,52
2020-06-02 09:00:00,44,1,43
2020-06-02 10:00:00,51,8,43
2020-06-02 11:00:00,75,26,49
2020-06-02 12:00:00,97,15,82
2020-06-02 13:00:00,101,3,98
2020-06-02 14:00:00,84,9,75
2020-06-02 15:00:00,104,12,92
2020-06-02 16:00:00,79,11,68
2020-06-02 17:00:00,63,21,42
2020-06-02 18:00:00,72,10,62
2020-06-02 19:00:00,55,3,52
2020-06-02 20:00:00,45,2,43
2020-06-02 21:00:00,10,1,9
2020-06-02 22:00:00,4,0,4
2020-06-02 23:00:00,0,0,0
2020-06-03 00:00:00,0,0,0
2020-06-03 01:00:00,0,0,0
2020-06-03 02:00:00,1,0,1
2020-06-03 03:00:00,0,0,0
2020-06-03 04:00:00,3,0,3
2020-06-03 05:00:00,21,0,21
2020-06-03 06:00:00,58,0,58
2020-06-03 07:00:00,65,0,65
2020-06-03 08:00:00,70,0,70
2020-06-03 09:00:00,59,0,59
2020-06-03 10:00:00,72,0,72
2020-06-03 11:00:00,105,27,78
2020-06-03 12:00:00,85,13,72
2020-06-03 13:00:00,110,9,101
2020-06-03 14:00:00,114,11,103
2020-03-01 00:00:00,0,0,0
2020-03-01 01:00:00,0,0,0
2020-03-01 02:00:00,0,0,0
2020-03-01 03:00:00,0,0,0
2020-03-01 04:00:00,0,0,0
2020-03-01 05:00:00,1,0,1
2020-03-01 06:00:00,8,1,7
2020-03-01 07:00:00,9,2,7
2020-03-01 08:00:00,32,12,20
2020-03-01 09:00:00,53,17,36
2020-03-01 10:00:00,91,41,50
2020-03-01 11:00:00,96,40,56
2020-03-01 12:00:00,131,56,75
2020-03-01 13:00:00,106,57,49
2020-03-01 14:00:00,136,66,70
2020-03-01 15:00:00,88,53,35
2020-03-01 16:00:00,82,40,42
2020-03-01 17:00:00,44,32,12
2020-03-01 18:00:00,8,6,2
2020-03-01 19:00:00,7,3,4
2020-03-01 20:00:00,3,2,1
2020-03-01 21:00:00,3,2,1
2020-03-01 22:00:00,1,0,1
2020-03-01 23:00:00,1,1,0
2020-03-02 00:00:00,0,0,0
2020-03-02 01:00:00,0,0,0
2020-03-02 02:00:00,0,0,0
2020-03-02 03:00:00,1,1,0
2020-03-02 04:00:00,0,0,0
2020-03-02 05:00:00,7,4,3
2020-03-02 06:00:00,17,13,4
2020-03-02 07:00:00,44,38,6
2020-03-02 08:00:00,66,48,18
2020-03-02 09:00:00,20,14,6
2020-03-02 10:00:00,15,7,8
2020-03-02 11:00:00,6,2,4
2020-03-02 12:00:00,13,5,8
2020-03-02 13:00:00,6,3,3
2020-03-02 14:00:00,18,6,12
2020-03-02 15:00:00,13,3,10
2020-03-02 16:00:00,40,8,32
2020-03-02 17:00:00,60,15,45
2020-03-02 18:00:00,31,5,26
2020-03-02 19:00:00,15,0,15
2020-03-02 20:00:00,4,2,2
2020-03-02 21:00:00,2,1,1
2020-03-02 22:00:00,2,2,0
2020-03-02 23:00:00,0,0,0
2020-03-03 00:00:00,0,0,0
2020-03-03 01:00:00,0,0,0
2020-03-03 02:00:00,0,0,0
2020-03-03 03:00:00,0,0,0
2020-03-03 04:00:00,3,3,0
2020-03-03 05:00:00,10,7,3
2020-03-03 06:00:00,31,23,8
2020-03-03 07:00:00,54,44,10
2020-03-03 08:00:00,75,50,25
2020-03-03 09:00:00,44,26,18
2020-03-03 10:00:00,29,12,17
2020-03-03 11:00:00,26,21,5
2020-03-03 12:00:00,34,11,23
2020-03-03 13:00:00,23,13,10
2020-03-03 14:00:00,25,10,15
2020-03-03 15:00:00,36,7,29
2020-03-03 16:00:00,53,19,34
2020-03-03 17:00:00,76,16,60
2020-03-03 18:00:00,61,10,51
2020-03-03 19:00:00,18,4,14
2020-03-03 20:00:00,13,6,7
2020-03-03 21:00:00,4,2,2
2020-03-03 22:00:00,2,0,2
2020-03-03 23:00:00,1,0,1
2020-03-04 00:00:00,0,0,0
2020-03-04 01:00:00,0,0,0
2020-03-04 02:00:00,1,0,1
2020-03-04 03:00:00,0,0,0
2020-03-04 04:00:00,2,2,0
2020-03-04 05:00:00,14,11,3
2020-03-04 06:00:00,18,17,1
2020-03-04 07:00:00,58,43,15
2020-03-04 08:00:00,82,65,17
2020-03-04 09:00:00,37,19,18
2020-03-04 10:00:00,37,23,14
2020-03-04 11:00:00,32,16,16
2020-03-04 12:00:00,42,16,26
2020-03-04 13:00:00,46,19,27
2020-03-04 14:00:00,68,28,40
2020-03-04 15:00:00,84,41,43
2020-03-04 16:00:00,115,53,62
2020-03-04 17:00:00,139,43,96
2020-03-04 18:00:00,58,13,45
2020-03-04 19:00:00,22,6,16
2020-03-04 20:00:00,20,5,15
2020-03-04 21:00:00,5,1,4
2020-03-04 22:00:00,3,2,1
2020-03-04 23:00:00,1,0,1
2020-03-05 00:00:00,1,0,1
2020-03-05 01:00:00,0,0,0
2020-03-05 02:00:00,0,0,0
2020-03-05 03:00:00,1,1,0
2020-03-05 04:00:00,1,1,0
2020-03-05 05:00:00,13,7,6
2020-03-05 06:00:00,26,21,5
2020-03-05 07:00:00,51,34,17
2020-03-05 08:00:00,57,43,14
2020-03-05 09:00:00,36,18,18
2020-03-05 10:00:00,31,18,13
2020-03-05 11:00:00,32,15,17
2020-03-05 12:00:00,29,16,13
2020-03-05 13:00:00,18,8,10
2020-03-05 14:00:00,33,14,19
2020-03-05 15:00:00,40,18,22
2020-03-05 16:00:00,77,28,49
2020-03-05 17:00:00,79,20,59
2020-03-05 18:00:00,22,6,16
2020-03-05 19:00:00,12,2,10
2020-03-05 20:00:00,6,3,3
2020-03-05 21:00:00,3,1,2
2020-03-05 22:00:00,0,0,0
2020-03-05 23:00:00,0,0,0
2020-03-06 00:00:00,0,0,0
2020-03-06 01:00:00,0,0,0
2020-03-06 02:00:00,0,0,0
2020-03-06 03:00:00,1,1,0
2020-03-06 04:00:00,1,1,0
2020-03-06 05:00:00,7,5,2
2020-03-06 06:00:00,12,11,1
2020-03-06 07:00:00,29,22,7
2020-03-06 08:00:00,32,24,8
2020-03-06 09:00:00,22,15,7
2020-03-06 10:00:00,11,4,7
2020-03-06 11:00:00,15,7,8
2020-03-06 12:00:00,15,8,7
2020-03-06 13:00:00,19,10,9
2020-03-06 14:00:00,27,12,15
2020-03-06 15:00:00,29,11,18
2020-03-06 16:00:00,47,18,29
2020-03-06 17:00:00,56,11,45
2020-03-06 18:00:00,30,8,22
2020-03-06 19:00:00,13,2,11
2020-03-06 20:00:00,1,0,1
2020-03-06 21:00:00,2,0,2
2020-03-06 22:00:00,3,0,3
2020-03-06 23:00:00,2,1,1
2020-03-07 00:00:00,1,1,0
2020-03-07 01:00:00,0,0,0
2020-03-07 02:00:00,0,0,0
2020-03-07 03:00:00,0,0,0
2020-03-07 04:00:00,1,1,0
2020-03-07 05:00:00,3,3,0
2020-03-07 06:00:00,3,2,1
2020-03-07 07:00:00,11,3,8
2020-03-07 08:00:00,26,9,17
2020-03-07 09:00:00,65,27,38
2020-03-07 10:00:00,74,24,50
2020-03-07 11:00:00,71,37,34
2020-03-07 12:00:00,62,30,32
2020-03-07 13:00:00,37,19,18
2020-03-07 14:00:00,53,19,34
2020-03-07 15:00:00,44,18,26
2020-03-07 16:00:00,44,24,20
2020-03-07 17:00:00,29,15,14
2020-03-07 18:00:00,17,13,4
2020-03-07 19:00:00,2,1,1
2020-03-07 20:00:00,2,0,2
2020-03-07 21:00:00,0,0,0
2020-03-07 22:00:00,0,0,0
2020-03-07 23:00:00,3,2,1
2020-03-08 00:00:00,0,0,0
2020-03-08 01:00:00,0,0,0
2020-03-08 02:00:00,0,0,0
2020-03-08 03:00:00,0,0,0
2020-03-08 04:00:00,2,2,0
2020-03-08 05:00:00,1,0,1
2020-03-08 06:00:00,2,1,1
2020-03-08 07:00:00,3,0,3
2020-03-08 08:00:00,19,2,17
2020-03-08 09:00:00,31,12,19
2020-03-08 10:00:00,65,22,43
2020-03-08 11:00:00,104,46,58
2020-03-08 12:00:00,121,65,56
2020-03-08 13:00:00,141,57,84
2020-03-08 14:00:00,152,65,87
2020-03-08 15:00:00,173,102,71
2020-03-08 16:00:00,129,65,64
2020-03-08 17:00:00,84,40,44
2020-03-08 18:00:00,40,26,14
2020-03-08 19:00:00,8,5,3
2020-03-08 20:00:00,3,3,0
2020-03-08 21:00:00,2,1,1
2020-03-08 22:00:00,0,0,0
2020-03-08 23:00:00,0,0,0
2020-03-09 00:00:00,0,0,0
2020-03-09 01:00:00,0,0,0
2020-03-09 02:00:00,0,0,0
2020-03-09 03:00:00,0,0,0
2020-03-09 04:00:00,2,2,0
2020-03-09 05:00:00,7,5,2
2020-03-09 06:00:00,15,11,4
2020-03-09 07:00:00,37,26,11
2020-03-09 08:00:00,36,24,12
2020-03-09 09:00:00,20,12,8
2020-03-09 10:00:00,43,32,11
2020-03-09 11:00:00,24,15,9
2020-03-09 12:00:00,44,19,25
2020-03-09 13:00:00,50,21,29
2020-03-09 14:00:00,80,30,50
2020-03-09 15:00:00,76,44,32
2020-03-09 16:00:00,138,55,83
2020-03-09 17:00:00,122,49,73
2020-03-09 18:00:00,85,35,50
2020-03-09 19:00:00,18,9,9
2020-03-09 20:00:00,6,3,3
2020-03-09 21:00:00,6,4,2
2020-03-09 22:00:00,1,0,1
2020-03-09 23:00:00,1,1,0
2020-03-10 00:00:00,1,0,1
2020-03-10 01:00:00,1,0,1
2020-03-10 02:00:00,0,0,0
2020-03-10 03:00:00,1,1,0
2020-03-10 04:00:00,3,2,1
2020-03-10 05:00:00,10,7,3
2020-03-10 06:00:00,16,13,3
2020-03-10 07:00:00,43,32,11
2020-03-10 08:00:00,38,21,17
2020-03-10 09:00:00,21,16,5
2020-03-10 10:00:00,18,7,11
2020-03-10 11:00:00,40,22,18
2020-03-10 12:00:00,31,16,15
2020-03-10 13:00:00,34,19,15
2020-03-10 14:00:00,24,11,13
2020-03-10 15:00:00,44,15,29
2020-03-10 16:00:00,58,19,39
2020-03-10 17:00:00,90,28,62
2020-03-10 18:00:00,42,17,25
2020-03-10 19:00:00,11,5,6
2020-03-10 20:00:00,11,4,7
2020-03-10 21:00:00,3,0,3
2020-03-10 22:00:00,3,1,2
2020-03-10 23:00:00,0,0,0
2020-03-11 00:00:00,1,0,1
2020-03-11 01:00:00,0,0,0
2020-03-11 02:00:00,1,0,1
2020-03-11 03:00:00,0,0,0
2020-03-11 04:00:00,3,2,1
2020-03-11 05:00:00,11,6,5
2020-03-11 06:00:00,17,14,3
2020-03-11 07:00:00,28,19,9
2020-03-11 08:00:00,48,35,13
2020-03-11 09:00:00,29,21,8
2020-03-11 10:00:00,32,14,18
2020-03-11 11:00:00,36,16,20
2020-03-11 12:00:00,36,22,14
2020-03-11 13:00:00,43,23,20
2020-03-11 14:00:00,50,22,28
2020-03-11 15:00:00,45,18,27
2020-03-11 16:00:00,83,33,50
2020-03-11 17:00:00,104,38,66
2020-03-11 18:00:00,78,24,54
2020-03-11 19:00:00,26,10,16
2020-03-11 20:00:00,15,8,7
2020-03-11 21:00:00,5,3,2
2020-03-11 22:00:00,2,0,2
2020-03-11 23:00:00,2,2,0
2020-03-12 00:00:00,1,0,1
2020-03-12 01:00:00,0,0,0
2020-03-12 02:00:00,0,0,0
2020-03-12 03:00:00,2,1,1
2020-03-12 04:00:00,0,0,0
2020-03-12 05:00:00,9,4,5
2020-03-12 06:00:00,14,11,3
2020-03-12 07:00:00,32,20,12
2020-03-12 08:00:00,28,21,7
2020-03-12 09:00:00,12,7,5
2020-03-12 10:00:00,18,6,12
2020-03-12 11:00:00,25,9,16
2020-03-12 12:00:00,29,7,22
2020-03-12 13:00:00,33,17,16
2020-03-12 14:00:00,39,16,23
2020-03-12 15:00:00,70,28,42
2020-03-12 16:00:00,94,43,51
2020-03-12 17:00:00,103,44,59
2020-03-12 18:00:00,67,33,34
2020-03-12 19:00:00,30,10,20
2020-03-12 20:00:00,7,4,3
2020-03-12 21:00:00,2,2,0
2020-03-12 22:00:00,1,1,0
2020-03-12 23:00:00,0,0,0
2020-03-13 00:00:00,0,0,0
2020-03-13 01:00:00,0,0,0
2020-03-13 02:00:00,0,0,0
2020-03-13 03:00:00,1,1,0
2020-03-13 04:00:00,2,2,0
2020-03-13 05:00:00,7,5,2
2020-03-13 06:00:00,10,7,3
2020-03-13 07:00:00,9,9,0
2020-03-13 08:00:00,19,13,6
2020-03-13 09:00:00,7,5,2
2020-03-13 10:00:00,2,1,1
2020-03-13 11:00:00,7,4,3
2020-03-13 12:00:00,7,4,3
2020-03-13 13:00:00,9,1,8
2020-03-13 14:00:00,4,1,3
2020-03-13 15:00:00,7,4,3
2020-03-13 16:00:00,21,7,14
2020-03-13 17:00:00,22,4,18
2020-03-13 18:00:00,15,3,12
2020-03-13 19:00:00,6,3,3
2020-03-13 20:00:00,2,0,2
2020-03-13 21:00:00,0,0,0
2020-03-13 22:00:00,0,0,0
2020-03-13 23:00:00,1,0,1
2020-03-14 00:00:00,0,0,0
2020-03-14 01:00:00,0,0,0
2020-03-14 02:00:00,0,0,0
2020-03-14 03:00:00,0,0,0
2020-03-14 04:00:00,0,0,0
2020-03-14 05:00:00,0,0,0
2020-03-14 06:00:00,3,3,0
2020-03-14 07:00:00,2,0,2
2020-03-14 08:00:00,34,7,27
2020-03-14 09:00:00,26,12,14
2020-03-14 10:00:00,48,17,31
2020-03-14 11:00:00,76,33,43
2020-03-14 12:00:00,105,48,57
2020-03-14 13:00:00,112,57,55
2020-03-14 14:00:00,134,66,68
2020-03-14 15:00:00,120,46,74
2020-03-14 16:00:00,90,52,38
2020-03-14 17:00:00,66,26,40
2020-03-14 18:00:00,23,13,10
2020-03-14 19:00:00,10,7,3
2020-03-14 20:00:00,4,3,1
2020-03-14 21:00:00,1,0,1
2020-03-14 22:00:00,0,0,0
2020-03-14 23:00:00,0,0,0
2020-03-15 00:00:00,1,0,1
2020-03-15 01:00:00,0,0,0
2020-03-15 02:00:00,0,0,0
2020-03-15 03:00:00,0,0,0
2020-03-15 04:00:00,0,0,0
2020-03-15 05:00:00,1,0,1
2020-03-15 06:00:00,0,0,0
2020-03-15 07:00:00,2,2,0
2020-03-15 08:00:00,12,5,7
2020-03-15 09:00:00,37,13,24
2020-03-15 10:00:00,98,28,70
2020-03-15 11:00:00,165,72,93
2020-03-15 12:00:00,143,73,70
2020-03-15 13:00:00,209,90,119
2020-03-15 14:00:00,195,89,106
2020-03-15 15:00:00,185,86,99
2020-03-15 16:00:00,176,91,85
2020-03-15 17:00:00,97,56,41
2020-03-15 18:00:00,37,20,17
2020-03-15 19:00:00,9,4,5
2020-03-15 20:00:00,4,2,2
2020-03-15 21:00:00,2,1,1
2020-03-15 22:00:00,1,0,1
2020-03-15 23:00:00,0,0,0
2020-03-16 00:00:00,0,0,0
2020-03-16 01:00:00,0,0,0
2020-03-16 02:00:00,0,0,0
2020-03-16 03:00:00,2,2,0
2020-03-16 04:00:00,1,1,0
2020-03-16 05:00:00,5,5,0
2020-03-16 06:00:00,11,8,3
2020-03-16 07:00:00,22,15,7
2020-03-16 08:00:00,23,22,1
2020-03-16 09:00:00,21,13,8
2020-03-16 10:00:00,23,13,10
2020-03-16 11:00:00,41,17,24
2020-03-16 12:00:00,47,27,20
2020-03-16 13:00:00,72,33,39
2020-03-16 14:00:00,106,45,61
2020-03-16 15:00:00,136,56,80
2020-03-16 16:00:00,181,87,94
2020-03-16 17:00:00,149,51,98
2020-03-16 18:00:00,101,63,38
2020-03-16 19:00:00,26,13,13
2020-03-16 20:00:00,4,2,2
2020-03-16 21:00:00,1,1,0
2020-03-16 22:00:00,2,1,1
2020-03-16 23:00:00,2,0,2
2020-03-17 00:00:00,1,0,1
2020-03-17 01:00:00,0,0,0
2020-03-17 02:00:00,0,0,0
2020-03-17 03:00:00,1,1,0
2020-03-17 04:00:00,1,1,0
2020-03-17 05:00:00,8,6,2
2020-03-17 06:00:00,7,5,2
2020-03-17 07:00:00,26,15,11
2020-03-17 08:00:00,30,22,8
2020-03-17 09:00:00,27,13,14
2020-03-17 10:00:00,44,22,22
2020-03-17 11:00:00,50,24,26
2020-03-17 12:00:00,68,30,38
2020-03-17 13:00:00,62,39,23
2020-03-17 14:00:00,110,41,69
2020-03-17 15:00:00,150,63,87
2020-03-17 16:00:00,169,83,86
2020-03-17 17:00:00,168,82,86
2020-03-17 18:00:00,110,52,58
2020-03-17 19:00:00,22,18,4
2020-03-17 20:00:00,11,6,5
2020-03-17 21:00:00,0,0,0
2020-03-17 22:00:00,1,0,1
2020-03-17 23:00:00,1,0,1
2020-03-18 00:00:00,0,0,0
2020-03-18 01:00:00,0,0,0
2020-03-18 02:00:00,1,0,1
2020-03-18 03:00:00,1,1,0
2020-03-18 04:00:00,2,1,1
2020-03-18 05:00:00,10,8,2
2020-03-18 06:00:00,11,8,3
2020-03-18 07:00:00,29,19,10
2020-03-18 08:00:00,30,22,8
2020-03-18 09:00:00,53,24,29
2020-03-18 10:00:00,34,16,18
2020-03-18 11:00:00,47,26,21
2020-03-18 12:00:00,82,44,38
2020-03-18 13:00:00,113,47,66
2020-03-18 14:00:00,180,79,101
2020-03-18 15:00:00,193,91,102
2020-03-18 16:00:00,222,107,115
2020-03-18 17:00:00,218,123,95
2020-03-18 18:00:00,147,69,78
2020-03-18 19:00:00,38,20,18
2020-03-18 20:00:00,6,3,3
2020-03-18 21:00:00,4,2,2
2020-03-18 22:00:00,1,0,1
2020-03-18 23:00:00,4,1,3
2020-03-19 00:00:00,1,0,1
2020-03-19 01:00:00,1,1,0
2020-03-19 02:00:00,0,0,0
2020-03-19 03:00:00,1,1,0
2020-03-19 04:00:00,0,0,0
2020-03-19 05:00:00,7,6,1
2020-03-19 06:00:00,9,7,2
2020-03-19 07:00:00,35,22,13
2020-03-19 08:00:00,37,25,12
2020-03-19 09:00:00,37,23,14
2020-03-19 10:00:00,31,12,19
2020-03-19 11:00:00,67,28,39
2020-03-19 12:00:00,92,46,46
2020-03-19 13:00:00,140,57,83
2020-03-19 14:00:00,187,74,113
2020-03-19 15:00:00,239,113,126
2020-03-19 16:00:00,238,112,126
2020-03-19 17:00:00,279,131,148
2020-03-19 18:00:00,191,123,68
2020-03-19 19:00:00,59,38,21
2020-03-19 20:00:00,11,5,6
2020-03-19 21:00:00,1,0,1
2020-03-19 22:00:00,0,0,0
2020-03-19 23:00:00,1,0,1
2020-03-20 00:00:00,0,0,0
2020-03-20 01:00:00,0,0,0
2020-03-20 02:00:00,0,0,0
2020-03-20 03:00:00,1,0,1
2020-03-20 04:00:00,2,0,2
2020-03-20 05:00:00,8,0,8
2020-03-20 06:00:00,10,0,10
2020-03-20 07:00:00,29,0,29
2020-03-20 08:00:00,28,0,28
2020-03-20 09:00:00,31,0,31
2020-03-20 10:00:00,39,0,39
2020-03-20 11:00:00,105,0,105
2020-03-20 12:00:00,147,0,147
2020-03-20 13:00:00,139,0,139
2020-03-20 14:00:00,209,0,209
2020-03-20 15:00:00,245,2,243
2020-03-20 16:00:00,240,0,240
2020-03-20 17:00:00,245,0,245
2020-03-20 18:00:00,147,0,147
2020-03-20 19:00:00,53,0,53
2020-03-20 20:00:00,9,0,9
2020-03-20 21:00:00,2,0,2
2020-03-20 22:00:00,1,0,1
2020-03-20 23:00:00,0,0,0
2020-03-21 00:00:00,1,0,1
2020-03-21 01:00:00,0,0,0
2020-03-21 02:00:00,0,0,0
2020-03-21 03:00:00,0,0,0
2020-03-21 04:00:00,0,0,0
2020-03-21 05:00:00,2,0,2
2020-03-21 06:00:00,5,0,5
2020-03-21 07:00:00,26,0,26
2020-03-21 08:00:00,33,0,33
2020-03-21 09:00:00,105,0,105
2020-03-21 10:00:00,127,0,127
2020-03-21 11:00:00,188,0,188
2020-03-21 12:00:00,162,0,162
2020-03-21 13:00:00,262,0,262
2020-03-21 14:00:00,357,90,267
2020-03-21 15:00:00,423,207,216
2020-03-21 16:00:00,362,142,220
2020-03-21 17:00:00,261,147,114
2020-03-21 18:00:00,100,51,49
2020-03-21 19:00:00,24,9,15
2020-03-21 20:00:00,11,5,6
2020-03-21 21:00:00,2,0,2
2020-03-21 22:00:00,3,0,3
2020-03-21 23:00:00,0,0,0
2020-03-22 00:00:00,1,0,1
2020-03-22 01:00:00,0,0,0
2020-03-22 02:00:00,0,0,0
2020-03-22 03:00:00,0,0,0
2020-03-22 04:00:00,0,0,0
2020-03-22 05:00:00,4,4,0
2020-03-22 06:00:00,7,6,1
2020-03-22 07:00:00,7,3,4
2020-03-22 08:00:00,31,12,19
2020-03-22 09:00:00,71,32,39
2020-03-22 10:00:00,148,80,68
2020-03-22 11:00:00,185,93,92
2020-03-22 12:00:00,255,128,127
2020-03-22 13:00:00,306,151,155
2020-03-22 14:00:00,358,183,175
2020-03-22 15:00:00,308,153,155
2020-03-22 16:00:00,213,99,114
2020-03-22 17:00:00,135,69,66
2020-03-22 18:00:00,47,23,24
2020-03-22 19:00:00,11,5,6
2020-03-22 20:00:00,5,2,3
2020-03-22 21:00:00,2,1,1
2020-03-22 22:00:00,0,0,0
2020-03-22 23:00:00,0,0,0
2020-03-23 00:00:00,0,0,0
2020-03-23 01:00:00,0,0,0
2020-03-23 02:00:00,0,0,0
2020-03-23 03:00:00,1,1,0
2020-03-23 04:00:00,3,2,1
2020-03-23 05:00:00,6,2,4
2020-03-23 06:00:00,6,3,3
2020-03-23 07:00:00,27,15,12
2020-03-23 08:00:00,39,19,20
2020-03-23 09:00:00,33,19,14
2020-03-23 10:00:00,34,22,12
2020-03-23 11:00:00,43,20,23
2020-03-23 12:00:00,52,32,20
2020-03-23 13:00:00,62,34,28
2020-03-23 14:00:00,49,24,25
2020-03-23 15:00:00,80,33,47
2020-03-23 16:00:00,74,44,30
2020-03-23 17:00:00,101,46,55
2020-03-23 18:00:00,69,33,36
2020-03-23 19:00:00,25,14,11
2020-03-23 20:00:00,2,2,0
2020-03-23 21:00:00,2,2,0
2020-03-23 22:00:00,2,0,2
2020-03-23 23:00:00,1,1,0
2020-03-24 00:00:00,0,0,0
2020-03-24 01:00:00,2,1,1
2020-03-24 02:00:00,0,0,0
2020-03-24 03:00:00,0,0,0
2020-03-24 04:00:00,2,1,1
2020-03-24 05:00:00,9,8,1
2020-03-24 06:00:00,11,6,5
2020-03-24 07:00:00,32,15,17
2020-03-24 08:00:00,28,16,12
2020-03-24 09:00:00,18,10,8
2020-03-24 10:00:00,18,10,8
2020-03-24 11:00:00,29,16,13
2020-03-24 12:00:00,27,13,14
2020-03-24 13:00:00,53,25,28
2020-03-24 14:00:00,60,32,28
2020-03-24 15:00:00,71,33,38
2020-03-24 16:00:00,99,47,52
2020-03-24 17:00:00,87,49,38
2020-03-24 18:00:00,57,29,28
2020-03-24 19:00:00,22,5,17
2020-03-24 20:00:00,3,0,3
2020-03-24 21:00:00,1,0,1
2020-03-24 22:00:00,0,0,0
2020-03-24 23:00:00,0,0,0
2020-03-25 00:00:00,0,0,0
2020-03-25 01:00:00,0,0,0
2020-03-25 02:00:00,1,0,1
2020-03-25 03:00:00,1,0,1
2020-03-25 04:00:00,2,0,2
2020-03-25 05:00:00,6,0,6
2020-03-25 06:00:00,4,0,4
2020-03-25 07:00:00,16,5,11
2020-03-25 08:00:00,16,10,6
2020-03-25 09:00:00,14,8,6
2020-03-25 10:00:00,17,8,9
2020-03-25 11:00:00,19,7,12
2020-03-25 12:00:00,31,16,15
2020-03-25 13:00:00,40,22,18
2020-03-25 14:00:00,82,47,35
2020-03-25 15:00:00,138,82,56
2020-03-25 16:00:00,153,82,71
2020-03-25 17:00:00,183,89,94
2020-03-25 18:00:00,114,68,46
2020-03-25 19:00:00,50,30,20
2020-03-25 20:00:00,4,2,2
2020-03-25 21:00:00,2,1,1
2020-03-25 22:00:00,1,0,1
2020-03-25 23:00:00,0,0,0
2020-03-26 00:00:00,0,0,0
2020-03-26 01:00:00,0,0,0
2020-03-26 02:00:00,0,0,0
2020-03-26 03:00:00,0,0,0
2020-03-26 04:00:00,0,0,0
2020-03-26 05:00:00,9,4,5
2020-03-26 06:00:00,12,9,3
2020-03-26 07:00:00,46,28,18
2020-03-26 08:00:00,31,17,14
2020-03-26 09:00:00,40,17,23
2020-03-26 10:00:00,32,16,16
2020-03-26 11:00:00,56,38,18
2020-03-26 12:00:00,76,38,38
2020-03-26 13:00:00,61,18,43
2020-03-26 14:00:00,61,36,25
2020-03-26 15:00:00,65,31,34
2020-03-26 16:00:00,98,58,40
2020-03-26 17:00:00,109,59,50
2020-03-26 18:00:00,61,35,26
2020-03-26 19:00:00,29,17,12
2020-03-26 20:00:00,2,2,0
2020-03-26 21:00:00,0,0,0
2020-03-26 22:00:00,2,1,1
2020-03-26 23:00:00,0,0,0
2020-03-27 00:00:00,0,0,0
2020-03-27 01:00:00,0,0,0
2020-03-27 02:00:00,0,0,0
2020-03-27 03:00:00,0,0,0
2020-03-27 04:00:00,2,0,2
2020-03-27 05:00:00,4,2,2
2020-03-27 06:00:00,6,4,2
2020-03-27 07:00:00,20,7,13
2020-03-27 08:00:00,13,9,4
2020-03-27 09:00:00,8,4,4
2020-03-27 10:00:00,14,7,7
2020-03-27 11:00:00,28,21,7
2020-03-27 12:00:00,35,19,16
2020-03-27 13:00:00,48,26,22
2020-03-27 14:00:00,68,43,25
2020-03-27 15:00:00,79,42,37
2020-03-27 16:00:00,99,41,58
2020-03-27 17:00:00,86,50,36
2020-03-27 18:00:00,63,40,23
2020-03-27 19:00:00,27,16,11
2020-03-27 20:00:00,3,1,2
2020-03-27 21:00:00,2,1,1
2020-03-27 22:00:00,2,0,2
2020-03-27 23:00:00,1,0,1
2020-03-28 00:00:00,0,0,0
2020-03-28 01:00:00,0,0,0
2020-03-28 02:00:00,0,0,0
2020-03-28 03:00:00,0,0,0
2020-03-28 04:00:00,1,1,0
2020-03-28 05:00:00,0,0,0
2020-03-28 06:00:00,3,2,1
2020-03-28 07:00:00,12,9,3
2020-03-28 08:00:00,33,15,18
2020-03-28 09:00:00,56,29,27
2020-03-28 10:00:00,110,57,53
2020-03-28 11:00:00,147,92,55
2020-03-28 12:00:00,124,69,55
2020-03-28 13:00:00,133,72,61
2020-03-28 14:00:00,154,89,65
2020-03-28 15:00:00,135,77,58
2020-03-28 16:00:00,140,78,62
2020-03-28 17:00:00,69,38,31
2020-03-28 18:00:00,17,6,11
2020-03-28 19:00:00,25,9,16
2020-03-28 20:00:00,2,0,2
2020-03-28 21:00:00,0,0,0
2020-03-28 22:00:00,0,0,0
2020-03-28 23:00:00,0,0,0
2020-03-29 00:00:00,0,0,0
2020-03-29 01:00:00,0,0,0
2020-03-29 02:00:00,0,0,0
2020-03-29 03:00:00,0,0,0
2020-03-29 04:00:00,0,0,0
2020-03-29 05:00:00,1,1,0
2020-03-29 06:00:00,2,2,0
2020-03-29 07:00:00,12,5,7
2020-03-29 08:00:00,17,9,8
2020-03-29 09:00:00,67,37,30
2020-03-29 10:00:00,143,70,73
2020-03-29 11:00:00,202,111,91
2020-03-29 12:00:00,271,131,140
2020-03-29 13:00:00,383,186,197
2020-03-29 14:00:00,461,152,309
2020-03-29 15:00:00,402,134,268
2020-03-29 16:00:00,310,69,241
2020-03-29 17:00:00,186,59,127
2020-03-29 18:00:00,76,9,67
2020-03-29 19:00:00,22,7,15
2020-03-29 20:00:00,2,0,2
2020-03-29 21:00:00,5,4,1
2020-03-29 22:00:00,2,2,0
2020-03-29 23:00:00,1,0,1
2020-03-30 00:00:00,0,0,0
2020-03-30 01:00:00,0,0,0
2020-03-30 02:00:00,0,0,0
2020-03-30 03:00:00,2,2,0
2020-03-30 04:00:00,0,0,0
2020-03-30 05:00:00,2,0,2
2020-03-30 06:00:00,5,4,1
2020-03-30 07:00:00,12,6,6
2020-03-30 08:00:00,37,19,18
2020-03-30 09:00:00,27,14,13
2020-03-30 10:00:00,21,10,11
2020-03-30 11:00:00,44,22,22
2020-03-30 12:00:00,46,19,27
2020-03-30 13:00:00,12,7,5
2020-03-30 14:00:00,16,10,6
2020-03-30 15:00:00,30,18,12
2020-03-30 16:00:00,44,24,20
2020-03-30 17:00:00,48,29,19
2020-03-30 18:00:00,31,15,16
2020-03-30 19:00:00,22,12,10
2020-03-30 20:00:00,7,5,2
2020-03-30 21:00:00,2,1,1
2020-03-30 22:00:00,0,0,0
2020-03-30 23:00:00,0,0,0
2020-03-31 00:00:00,0,0,0
2020-03-31 01:00:00,0,0,0
2020-03-31 02:00:00,0,0,0
2020-03-31 03:00:00,0,0,0
2020-03-31 04:00:00,1,0,1
2020-03-31 05:00:00,6,3,3
2020-03-31 06:00:00,15,9,6
2020-03-31 07:00:00,33,20,13
2020-03-31 08:00:00,27,7,20
2020-03-31 09:00:00,33,15,18
2020-03-31 10:00:00,51,19,32
2020-03-31 11:00:00,49,27,22
2020-03-31 12:00:00,84,42,42
2020-03-31 13:00:00,106,38,68
2020-03-31 14:00:00,102,25,77
2020-03-31 15:00:00,66,8,58
2020-03-31 16:00:00,35,12,23
2020-03-31 17:00:00,35,16,19
2020-03-31 18:00:00,20,11,9
2020-03-31 19:00:00,10,1,9
2020-03-31 20:00:00,1,1,0
2020-03-31 21:00:00,4,0,4
2020-03-31 22:00:00,0,0,0
2020-03-31 23:00:00,0,0,0
2020-06-03 15:00:00,159,25,134
2020-06-03 16:00:00,209,22,187
2020-06-03 17:00:00,220,61,159
2020-06-03 18:00:00,177,27,150
2020-06-03 19:00:00,121,9,112
2020-06-03 20:00:00,71,1,70
2020-06-03 21:00:00,11,0,11
2020-06-03 22:00:00,5,1,4
2020-06-03 23:00:00,1,0,1
2020-06-04 00:00:00,1,0,1
2020-06-04 01:00:00,1,1,0
2020-06-04 02:00:00,2,1,1
2020-06-04 03:00:00,0,0,0
2020-06-04 04:00:00,2,0,2
2020-06-04 05:00:00,15,4,11
2020-06-04 06:00:00,29,9,20
2020-06-04 07:00:00,65,14,51
2020-06-04 08:00:00,46,2,44
2020-06-04 09:00:00,39,4,35
2020-06-04 10:00:00,53,13,40
2020-06-04 11:00:00,79,23,56
2020-04-01 00:00:00,0,0,0
2020-04-01 01:00:00,0,0,0
2020-04-01 02:00:00,1,0,1
2020-04-01 03:00:00,0,0,0
2020-04-01 04:00:00,2,0,2
2020-04-01 05:00:00,11,0,11
2020-04-01 06:00:00,11,3,8
2020-04-01 07:00:00,26,2,24
2020-04-01 08:00:00,15,3,12
2020-04-01 09:00:00,16,2,14
2020-04-01 10:00:00,25,7,18
2020-04-01 11:00:00,38,8,30
2020-04-01 12:00:00,60,26,34
2020-04-01 13:00:00,57,22,35
2020-04-01 14:00:00,93,35,58
2020-04-01 15:00:00,140,44,96
2020-04-01 16:00:00,176,56,120
2020-04-01 17:00:00,221,53,168
2020-04-01 18:00:00,148,75,73
2020-04-01 19:00:00,58,33,25
2020-04-01 20:00:00,7,4,3
2020-04-01 21:00:00,5,1,4
2020-04-01 22:00:00,1,0,1
2020-04-01 23:00:00,1,0,1
2020-04-02 00:00:00,1,0,1
2020-04-02 01:00:00,1,1,0
2020-04-02 02:00:00,1,1,0
2020-04-02 03:00:00,0,0,0
2020-04-02 04:00:00,2,1,1
2020-04-02 05:00:00,9,1,8
2020-04-02 06:00:00,14,3,11
2020-04-02 07:00:00,30,11,19
2020-04-02 08:00:00,28,12,16
2020-04-02 09:00:00,31,14,17
2020-04-02 10:00:00,29,16,13
2020-04-02 11:00:00,45,23,22
2020-04-02 12:00:00,70,42,28
2020-04-02 13:00:00,75,39,36
2020-04-02 14:00:00,77,36,41
2020-04-02 15:00:00,127,56,71
2020-04-02 16:00:00,146,79,67
2020-04-02 17:00:00,141,77,64
2020-04-02 18:00:00,119,70,49
2020-04-02 19:00:00,34,14,20
2020-04-02 20:00:00,15,7,8
2020-04-02 21:00:00,2,2,0
2020-04-02 22:00:00,0,0,0
2020-04-02 23:00:00,0,0,0
2020-04-03 00:00:00,0,0,0
2020-04-03 01:00:00,0,0,0
2020-04-03 02:00:00,0,0,0
2020-04-03 03:00:00,0,0,0
2020-04-03 04:00:00,1,0,1
2020-04-03 05:00:00,2,1,1
2020-04-03 06:00:00,8,7,1
2020-04-03 07:00:00,30,15,15
2020-04-03 08:00:00,34,18,16
2020-04-03 09:00:00,43,24,19
2020-04-03 10:00:00,58,34,24
2020-04-03 11:00:00,80,46,34
2020-04-03 12:00:00,63,29,34
2020-04-03 13:00:00,62,29,33
2020-04-03 14:00:00,88,49,39
2020-04-03 15:00:00,59,33,26
2020-04-03 16:00:00,44,31,13
2020-04-03 17:00:00,35,14,21
2020-04-03 18:00:00,28,15,13
2020-04-03 19:00:00,19,10,9
2020-04-03 20:00:00,2,2,0
2020-04-03 21:00:00,3,1,2
2020-04-03 22:00:00,0,0,0
2020-04-03 23:00:00,0,0,0
2020-04-04 00:00:00,0,0,0
2020-04-04 01:00:00,0,0,0
2020-04-04 02:00:00,0,0,0
2020-04-04 03:00:00,0,0,0
2020-04-04 04:00:00,0,0,0
2020-04-04 05:00:00,0,0,0
2020-04-04 06:00:00,5,3,2
2020-04-04 07:00:00,21,12,9
2020-04-04 08:00:00,43,29,14
2020-04-04 09:00:00,103,60,43
2020-04-04 10:00:00,163,98,65
2020-04-04 11:00:00,252,146,106
2020-04-04 12:00:00,273,145,128
2020-04-04 13:00:00,388,217,171
2020-04-04 14:00:00,363,214,149
2020-04-04 15:00:00,348,197,151
2020-04-04 16:00:00,293,183,110
2020-04-04 17:00:00,172,103,69
2020-04-04 18:00:00,89,62,27
2020-04-04 19:00:00,21,11,10
2020-04-04 20:00:00,16,10,6
2020-04-04 21:00:00,1,1,0
2020-04-04 22:00:00,2,0,2
2020-04-04 23:00:00,0,0,0
2020-04-05 00:00:00,0,0,0
2020-04-05 01:00:00,0,0,0
2020-04-05 02:00:00,0,0,0
2020-04-05 03:00:00,0,0,0
2020-04-05 04:00:00,0,0,0
2020-04-05 05:00:00,2,1,1
2020-04-05 06:00:00,6,3,3
2020-04-05 07:00:00,24,16,8
2020-04-05 08:00:00,48,29,19
2020-04-05 09:00:00,73,39,34
2020-04-05 10:00:00,115,73,42
2020-04-05 11:00:00,145,82,63
2020-04-05 12:00:00,219,134,85
2020-04-05 13:00:00,280,140,140
2020-04-05 14:00:00,295,175,120
2020-04-05 15:00:00,291,174,117
2020-04-05 16:00:00,254,149,105
2020-04-05 17:00:00,137,72,65
2020-04-05 18:00:00,58,37,21
2020-04-05 19:00:00,16,12,4
2020-04-05 20:00:00,9,7,2
2020-04-05 21:00:00,1,0,1
2020-04-05 22:00:00,0,0,0
2020-04-05 23:00:00,0,0,0
2020-04-06 00:00:00,0,0,0
2020-04-06 01:00:00,0,0,0
2020-04-06 02:00:00,0,0,0
2020-04-06 03:00:00,1,1,0
2020-04-06 04:00:00,0,0,0
2020-04-06 05:00:00,5,5,0
2020-04-06 06:00:00,9,4,5
2020-04-06 07:00:00,31,13,18
2020-04-06 08:00:00,46,25,21
2020-04-06 09:00:00,48,27,21
2020-04-06 10:00:00,58,27,31
2020-04-06 11:00:00,84,36,48
2020-04-06 12:00:00,121,58,63
2020-04-06 13:00:00,173,77,96
2020-04-06 14:00:00,157,76,81
2020-04-06 15:00:00,185,101,84
2020-04-06 16:00:00,222,123,99
2020-04-06 17:00:00,201,106,95
2020-04-06 18:00:00,151,68,83
2020-04-06 19:00:00,56,2,54
2020-04-06 20:00:00,12,0,12
2020-04-06 21:00:00,5,0,5
2020-04-06 22:00:00,1,0,1
2020-04-06 23:00:00,0,0,0
2020-04-07 00:00:00,0,0,0
2020-04-07 01:00:00,0,0,0
2020-04-07 02:00:00,0,0,0
2020-04-07 03:00:00,0,0,0
2020-04-07 04:00:00,2,1,1
2020-04-07 05:00:00,9,6,3
2020-04-07 06:00:00,19,12,7
2020-04-07 07:00:00,32,13,19
2020-04-07 08:00:00,30,17,13
2020-04-07 09:00:00,41,22,19
2020-04-07 10:00:00,35,19,16
2020-04-07 11:00:00,47,18,29
2020-04-07 12:00:00,66,45,21
2020-04-07 13:00:00,80,42,38
2020-04-07 14:00:00,125,59,66
2020-04-07 15:00:00,167,71,96
2020-04-07 16:00:00,178,103,75
2020-04-07 17:00:00,156,74,82
2020-04-07 18:00:00,116,58,58
2020-04-07 19:00:00,40,21,19
2020-04-07 20:00:00,15,5,10
2020-04-07 21:00:00,4,0,4
2020-04-07 22:00:00,4,2,2
2020-04-07 23:00:00,0,0,0
2020-04-08 00:00:00,0,0,0
2020-04-08 01:00:00,0,0,0
2020-04-08 02:00:00,1,0,1
2020-04-08 03:00:00,0,0,0
2020-04-08 04:00:00,3,1,2
2020-04-08 05:00:00,11,6,5
2020-04-08 06:00:00,22,11,11
2020-04-08 07:00:00,47,19,28
2020-04-08 08:00:00,37,17,20
2020-04-08 09:00:00,57,33,24
2020-04-08 10:00:00,77,37,40
2020-04-08 11:00:00,101,55,46
2020-04-08 12:00:00,134,73,61
2020-04-08 13:00:00,133,65,68
2020-04-08 14:00:00,207,108,99
2020-04-08 15:00:00,182,88,94
2020-04-08 16:00:00,210,117,93
2020-04-08 17:00:00,238,116,122
2020-04-08 18:00:00,145,38,107
2020-04-08 19:00:00,61,1,60
2020-04-08 20:00:00,11,0,11
2020-04-08 21:00:00,4,0,4
2020-04-08 22:00:00,2,0,2
2020-04-08 23:00:00,0,0,0
2020-04-09 00:00:00,1,0,1
2020-04-09 01:00:00,1,0,1
2020-04-09 02:00:00,0,0,0
2020-04-09 03:00:00,0,0,0
2020-04-09 04:00:00,1,0,1
2020-04-09 05:00:00,7,4,3
2020-04-09 06:00:00,25,8,17
2020-04-09 07:00:00,41,21,20
2020-04-09 08:00:00,42,20,22
2020-04-09 09:00:00,43,23,20
2020-04-09 10:00:00,76,43,33
2020-04-09 11:00:00,117,61,56
2020-04-09 12:00:00,162,89,73
2020-04-09 13:00:00,184,101,83
2020-04-09 14:00:00,240,130,110
2020-04-09 15:00:00,274,68,206
2020-04-09 16:00:00,221,1,220
2020-04-09 17:00:00,250,1,249
2020-04-09 18:00:00,174,0,174
2020-04-09 19:00:00,96,0,96
2020-04-09 20:00:00,25,0,25
2020-04-09 21:00:00,7,3,4
2020-04-09 22:00:00,1,0,1
2020-04-09 23:00:00,1,0,1
2020-04-10 00:00:00,0,0,0
2020-04-10 01:00:00,1,0,1
2020-04-10 02:00:00,0,0,0
2020-04-10 03:00:00,0,0,0
2020-04-10 04:00:00,3,2,1
2020-04-10 05:00:00,6,3,3
2020-04-10 06:00:00,12,3,9
2020-04-10 07:00:00,55,22,33
2020-04-10 08:00:00,58,34,24
2020-04-10 09:00:00,62,18,44
2020-04-10 10:00:00,80,37,43
2020-04-10 11:00:00,115,72,43
2020-04-10 12:00:00,117,69,48
2020-04-10 13:00:00,147,82,65
2020-04-10 14:00:00,173,105,68
2020-04-10 15:00:00,167,90,77
2020-04-10 16:00:00,222,71,151
2020-04-10 17:00:00,158,33,125
2020-04-10 18:00:00,127,8,119
2020-04-10 19:00:00,48,8,40
2020-04-10 20:00:00,11,5,6
2020-04-10 21:00:00,3,3,0
2020-04-10 22:00:00,1,1,0
2020-04-10 23:00:00,1,1,0
2020-04-11 00:00:00,0,0,0
2020-04-11 01:00:00,0,0,0
2020-04-11 02:00:00,0,0,0
2020-04-11 03:00:00,0,0,0
2020-04-11 04:00:00,0,0,0
2020-04-11 05:00:00,2,2,0
2020-04-11 06:00:00,13,7,6
2020-04-11 07:00:00,46,26,20
2020-04-11 08:00:00,71,38,33
2020-04-11 09:00:00,79,46,33
2020-04-11 10:00:00,121,70,51
2020-04-11 11:00:00,153,88,65
2020-04-11 12:00:00,150,93,57
2020-04-11 13:00:00,170,102,68
2020-04-11 14:00:00,214,136,78
2020-04-11 15:00:00,221,151,70
2020-04-11 16:00:00,260,116,144
2020-04-11 17:00:00,207,97,110
2020-04-11 18:00:00,106,42,64
2020-04-11 19:00:00,45,13,32
2020-04-11 20:00:00,12,2,10
2020-04-11 21:00:00,1,1,0
2020-04-11 22:00:00,2,0,2
2020-04-11 23:00:00,0,0,0
2020-04-12 00:00:00,0,0,0
2020-04-12 01:00:00,0,0,0
2020-04-12 02:00:00,0,0,0
2020-04-12 03:00:00,0,0,0
2020-04-12 04:00:00,0,0,0
2020-04-12 05:00:00,1,1,0
2020-04-12 06:00:00,9,5,4
2020-04-12 07:00:00,34,21,13
2020-04-12 08:00:00,55,27,28
2020-04-12 09:00:00,79,43,36
2020-04-12 10:00:00,128,34,94
2020-04-12 11:00:00,264,11,253
2020-04-12 12:00:00,263,131,132
2020-04-12 13:00:00,329,185,144
2020-04-12 14:00:00,319,155,164
2020-04-12 15:00:00,288,149,139
2020-04-12 16:00:00,291,116,175
2020-04-12 17:00:00,154,48,106
2020-04-12 18:00:00,83,21,62
2020-04-12 19:00:00,39,14,25
2020-04-12 20:00:00,11,5,6
2020-04-12 21:00:00,1,0,1
2020-04-12 22:00:00,0,0,0
2020-04-12 23:00:00,0,0,0
2020-04-13 00:00:00,0,0,0
2020-04-13 01:00:00,0,0,0
2020-04-13 02:00:00,0,0,0
2020-04-13 03:00:00,0,0,0
2020-04-13 04:00:00,1,0,1
2020-04-13 05:00:00,2,0,2
2020-04-13 06:00:00,21,0,21
2020-04-13 07:00:00,32,7,25
2020-04-13 08:00:00,42,4,38
2020-04-13 09:00:00,35,19,16
2020-04-13 10:00:00,53,19,34
2020-04-13 11:00:00,79,0,79
2020-04-13 12:00:00,105,0,105
2020-04-13 13:00:00,167,0,167
2020-04-13 14:00:00,169,2,167
2020-04-13 15:00:00,163,1,162
2020-04-13 16:00:00,194,0,194
2020-04-13 17:00:00,194,0,194
2020-04-13 18:00:00,134,0,134
2020-04-13 19:00:00,57,0,57
2020-04-13 20:00:00,21,0,21
2020-04-13 21:00:00,3,0,3
2020-04-13 22:00:00,3,0,3
2020-04-13 23:00:00,0,0,0
2020-04-14 00:00:00,0,0,0
2020-04-14 01:00:00,0,0,0
2020-04-14 02:00:00,0,0,0
2020-04-14 03:00:00,0,0,0
2020-04-14 04:00:00,1,0,1
2020-04-14 05:00:00,6,2,4
2020-04-14 06:00:00,27,14,13
2020-04-14 07:00:00,37,24,13
2020-04-14 08:00:00,60,32,28
2020-04-14 09:00:00,51,32,19
2020-04-14 10:00:00,65,34,31
2020-04-14 11:00:00,86,20,66
2020-04-14 12:00:00,111,9,102
2020-04-14 13:00:00,118,0,118
2020-04-14 14:00:00,134,1,133
2020-04-14 15:00:00,201,14,187
2020-04-14 16:00:00,206,35,171
2020-04-14 17:00:00,221,12,209
2020-04-14 18:00:00,182,0,182
2020-04-14 19:00:00,93,0,93
2020-04-14 20:00:00,12,0,12
2020-04-14 21:00:00,0,0,0
2020-04-14 22:00:00,0,0,0
2020-04-14 23:00:00,0,0,0
2020-04-15 00:00:00,0,0,0
2020-04-15 01:00:00,0,0,0
2020-04-15 02:00:00,2,1,1
2020-04-15 03:00:00,0,0,0
2020-04-15 04:00:00,2,0,2
2020-04-15 05:00:00,7,0,7
2020-04-15 06:00:00,31,0,31
2020-04-15 07:00:00,54,0,54
2020-04-15 08:00:00,37,0,37
2020-04-15 09:00:00,47,0,47
2020-04-15 10:00:00,58,0,58
2020-04-15 11:00:00,69,0,69
2020-04-15 12:00:00,93,0,93
2020-04-15 13:00:00,133,0,133
2020-04-15 14:00:00,159,0,159
2020-04-15 15:00:00,180,0,180
2020-04-15 16:00:00,209,0,209
2020-04-15 17:00:00,209,1,208
2020-04-15 18:00:00,155,0,155
2020-04-15 19:00:00,84,0,84
2020-04-15 20:00:00,35,0,35
2020-04-15 21:00:00,4,0,4
2020-04-15 22:00:00,1,0,1
2020-04-15 23:00:00,8,0,8
2020-04-16 00:00:00,0,0,0
2020-04-16 01:00:00,0,0,0
2020-04-16 02:00:00,0,0,0
2020-04-16 03:00:00,0,0,0
2020-04-16 04:00:00,2,0,2
2020-04-16 05:00:00,7,3,4
2020-04-16 06:00:00,27,12,15
2020-04-16 07:00:00,45,28,17
2020-04-16 08:00:00,60,30,30
2020-04-16 09:00:00,76,44,32
2020-04-16 10:00:00,94,50,44
2020-04-16 11:00:00,111,58,53
2020-04-16 12:00:00,148,92,56
2020-04-16 13:00:00,167,82,85
2020-04-16 14:00:00,231,102,129
2020-04-16 15:00:00,248,149,99
2020-04-16 16:00:00,252,145,107
2020-04-16 17:00:00,248,119,129
2020-04-16 18:00:00,170,77,93
2020-04-16 19:00:00,85,38,47
2020-04-16 20:00:00,32,14,18
2020-04-16 21:00:00,3,0,3
2020-04-16 22:00:00,4,1,3
2020-04-16 23:00:00,2,1,1
2020-04-17 00:00:00,0,0,0
2020-04-17 01:00:00,0,0,0
2020-04-17 02:00:00,0,0,0
2020-04-17 03:00:00,0,0,0
2020-04-17 04:00:00,1,1,0
2020-04-17 05:00:00,9,6,3
2020-04-17 06:00:00,33,16,17
2020-04-17 07:00:00,71,41,30
2020-04-17 08:00:00,63,40,23
2020-04-17 09:00:00,71,39,32
2020-04-17 10:00:00,107,51,56
2020-04-17 11:00:00,125,65,60
2020-04-17 12:00:00,143,39,104
2020-04-17 13:00:00,138,57,81
2020-04-17 14:00:00,209,82,127
2020-04-17 15:00:00,225,78,147
2020-04-17 16:00:00,208,91,117
2020-04-17 17:00:00,155,57,98
2020-04-17 18:00:00,143,75,68
2020-04-17 19:00:00,58,15,43
2020-04-17 20:00:00,7,1,6
2020-04-17 21:00:00,2,0,2
2020-04-17 22:00:00,3,1,2
2020-04-17 23:00:00,0,0,0
2020-04-18 00:00:00,2,0,2
2020-04-18 01:00:00,0,0,0
2020-04-18 02:00:00,0,0,0
2020-04-18 03:00:00,0,0,0
2020-04-18 04:00:00,1,0,1
2020-04-18 05:00:00,3,0,3
2020-04-18 06:00:00,8,0,8
2020-04-18 07:00:00,10,5,5
2020-04-18 08:00:00,15,2,13
2020-04-18 09:00:00,20,3,17
2020-04-18 10:00:00,25,12,13
2020-04-18 11:00:00,43,15,28
2020-04-18 12:00:00,100,11,89
2020-04-18 13:00:00,113,8,105
2020-04-18 14:00:00,131,30,101
2020-04-18 15:00:00,156,8,148
2020-04-18 16:00:00,186,19,167
2020-04-18 17:00:00,151,5,146
2020-04-18 18:00:00,74,6,68
2020-04-18 19:00:00,48,8,40
2020-04-18 20:00:00,17,3,14
2020-04-18 21:00:00,1,0,1
2020-04-18 22:00:00,0,0,0
2020-04-18 23:00:00,3,0,3
2020-04-19 00:00:00,0,0,0
2020-04-19 01:00:00,0,0,0
2020-04-19 02:00:00,2,2,0
2020-04-19 03:00:00,0,0,0
2020-04-19 04:00:00,2,1,1
2020-04-19 05:00:00,0,0,0
2020-04-19 06:00:00,11,7,4
2020-04-19 07:00:00,59,37,22
2020-04-19 08:00:00,82,36,46
2020-04-19 09:00:00,143,75,68
2020-04-19 10:00:00,219,116,103
2020-04-19 11:00:00,344,154,190
2020-04-19 12:00:00,343,172,171
2020-04-19 13:00:00,410,197,213
2020-04-19 14:00:00,431,221,210
2020-04-19 15:00:00,441,240,201
2020-04-19 16:00:00,335,193,142
2020-04-19 17:00:00,196,74,122
2020-04-19 18:00:00,149,38,111
2020-04-19 19:00:00,62,13,49
2020-04-19 20:00:00,23,3,20
2020-04-19 21:00:00,1,1,0
2020-04-19 22:00:00,0,0,0
2020-04-19 23:00:00,0,0,0
2020-04-20 00:00:00,0,0,0
2020-04-20 01:00:00,0,0,0
2020-04-20 02:00:00,0,0,0
2020-04-20 03:00:00,0,0,0
2020-04-20 04:00:00,0,0,0
2020-04-20 05:00:00,3,3,0
2020-04-20 06:00:00,28,16,12
2020-04-20 07:00:00,45,22,23
2020-04-20 08:00:00,59,25,34
2020-04-20 09:00:00,49,23,26
2020-04-20 10:00:00,75,42,33
2020-04-20 11:00:00,77,44,33
2020-04-20 12:00:00,113,60,53
2020-04-20 13:00:00,155,80,75
2020-04-20 14:00:00,178,66,112
2020-04-20 15:00:00,173,7,166
2020-04-20 16:00:00,220,10,210
2020-04-20 17:00:00,241,4,237
2020-04-20 18:00:00,167,3,164
2020-04-20 19:00:00,83,2,81
2020-04-20 20:00:00,29,3,26
2020-04-20 21:00:00,10,1,9
2020-04-20 22:00:00,4,0,4
2020-04-20 23:00:00,0,0,0
2020-04-21 00:00:00,0,0,0
2020-04-21 01:00:00,0,0,0
2020-04-21 02:00:00,0,0,0
2020-04-21 03:00:00,0,0,0
2020-04-21 04:00:00,1,0,1
2020-04-21 05:00:00,7,0,7
2020-04-21 06:00:00,34,0,34
2020-04-21 07:00:00,53,3,50
2020-04-21 08:00:00,62,2,60
2020-04-21 09:00:00,47,1,46
2020-04-21 10:00:00,55,0,55
2020-04-21 11:00:00,48,1,47
2020-04-21 12:00:00,61,11,50
2020-04-21 13:00:00,75,15,60
2020-04-21 14:00:00,86,21,65
2020-04-21 15:00:00,108,20,88
2020-04-21 16:00:00,91,7,84
2020-04-21 17:00:00,112,4,108
2020-04-21 18:00:00,108,37,71
2020-04-21 19:00:00,40,9,31
2020-04-21 20:00:00,21,1,20
2020-04-21 21:00:00,4,0,4
2020-04-21 22:00:00,1,0,1
2020-04-21 23:00:00,0,0,0
2020-04-22 00:00:00,0,0,0
2020-04-22 01:00:00,0,0,0
2020-04-22 02:00:00,1,0,1
2020-04-22 03:00:00,0,0,0
2020-04-22 04:00:00,2,0,2
2020-04-22 05:00:00,3,0,3
2020-04-22 06:00:00,26,1,25
2020-04-22 07:00:00,24,0,24
2020-04-22 08:00:00,26,0,26
2020-04-22 09:00:00,21,2,19
2020-04-22 10:00:00,9,0,9
2020-04-22 11:00:00,8,1,7
2020-04-22 12:00:00,16,0,16
2020-04-22 13:00:00,15,3,12
2020-04-22 14:00:00,6,0,6
2020-04-22 15:00:00,15,1,14
2020-04-22 16:00:00,30,2,28
2020-04-22 17:00:00,25,1,24
2020-04-22 18:00:00,31,0,31
2020-04-22 19:00:00,20,0,20
2020-04-22 20:00:00,6,2,4
2020-04-22 21:00:00,3,0,3
2020-04-22 22:00:00,1,1,0
2020-04-22 23:00:00,0,0,0
2020-04-23 00:00:00,0,0,0
2020-04-23 01:00:00,0,0,0
2020-04-23 02:00:00,1,0,1
2020-04-23 03:00:00,0,0,0
2020-04-23 04:00:00,1,0,1
2020-04-23 05:00:00,4,0,4
2020-04-23 06:00:00,26,0,26
2020-04-23 07:00:00,30,0,30
2020-04-23 08:00:00,25,0,25
2020-04-23 09:00:00,26,0,26
2020-04-23 10:00:00,32,0,32
2020-04-23 11:00:00,31,2,29
2020-04-23 12:00:00,35,2,33
2020-04-23 13:00:00,41,1,40
2020-04-23 14:00:00,71,5,66
2020-04-23 15:00:00,88,5,83
2020-04-23 16:00:00,108,4,104
2020-04-23 17:00:00,54,0,54
2020-04-23 18:00:00,43,1,42
2020-04-23 19:00:00,25,1,24
2020-04-23 20:00:00,5,0,5
2020-04-23 21:00:00,0,0,0
2020-04-23 22:00:00,2,0,2
2020-04-23 23:00:00,1,0,1
2020-04-24 00:00:00,0,0,0
2020-04-24 01:00:00,0,0,0
2020-04-24 02:00:00,0,0,0
2020-04-24 03:00:00,0,0,0
2020-04-24 04:00:00,3,0,3
2020-04-24 05:00:00,10,0,10
2020-04-24 06:00:00,27,9,18
2020-04-24 07:00:00,58,36,22
2020-04-24 08:00:00,54,30,24
2020-04-24 09:00:00,61,15,46
2020-04-24 10:00:00,82,18,64
2020-04-24 11:00:00,78,22,56
2020-04-24 12:00:00,128,34,94
2020-04-24 13:00:00,142,37,105
2020-04-24 14:00:00,201,85,116
2020-04-24 15:00:00,194,57,137
2020-04-24 16:00:00,230,140,90
2020-04-24 17:00:00,191,90,101
2020-04-24 18:00:00,145,46,99
2020-04-24 19:00:00,53,20,33
2020-04-24 20:00:00,14,4,10
2020-04-24 21:00:00,3,0,3
2020-04-24 22:00:00,1,0,1
2020-04-24 23:00:00,0,0,0
2020-04-25 00:00:00,0,0,0
2020-04-25 01:00:00,0,0,0
2020-04-25 02:00:00,0,0,0
2020-04-25 03:00:00,0,0,0
2020-04-25 04:00:00,0,0,0
2020-04-25 05:00:00,2,1,1
2020-04-25 06:00:00,10,4,6
2020-04-25 07:00:00,7,1,6
2020-04-25 08:00:00,7,2,5
2020-04-25 09:00:00,13,1,12
2020-04-25 10:00:00,14,3,11
2020-04-25 11:00:00,21,6,15
2020-04-25 12:00:00,49,14,35
2020-04-25 13:00:00,136,46,90
2020-04-25 14:00:00,244,91,153
2020-04-25 15:00:00,286,83,203
2020-04-25 16:00:00,317,73,244
2020-04-25 17:00:00,216,45,171
2020-04-25 18:00:00,129,24,105
2020-04-25 19:00:00,63,14,49
2020-04-25 20:00:00,23,8,15
2020-04-25 21:00:00,7,4,3
2020-04-25 22:00:00,3,2,1
2020-04-25 23:00:00,0,0,0
2020-04-26 00:00:00,0,0,0
2020-04-26 01:00:00,0,0,0
2020-04-26 02:00:00,0,0,0
2020-04-26 03:00:00,0,0,0
2020-04-26 04:00:00,0,0,0
2020-04-26 05:00:00,4,3,1
2020-04-26 06:00:00,22,14,8
2020-04-26 07:00:00,53,31,22
2020-04-26 08:00:00,102,51,51
2020-04-26 09:00:00,176,102,74
2020-04-26 10:00:00,253,156,97
2020-04-26 11:00:00,326,203,123
2020-04-26 12:00:00,300,187,113
2020-04-26 13:00:00,369,227,142
2020-04-26 14:00:00,320,191,129
2020-04-26 15:00:00,329,177,152
2020-04-26 16:00:00,235,143,92
2020-04-26 17:00:00,134,83,51
2020-04-26 18:00:00,100,56,44
2020-04-26 19:00:00,38,15,23
2020-04-26 20:00:00,10,8,2
2020-04-26 21:00:00,6,2,4
2020-04-26 22:00:00,3,3,0
2020-04-26 23:00:00,1,1,0
2020-04-27 00:00:00,0,0,0
2020-04-27 01:00:00,0,0,0
2020-04-27 02:00:00,0,0,0
2020-04-27 03:00:00,0,0,0
2020-04-27 04:00:00,1,0,1
2020-04-27 05:00:00,6,3,3
2020-04-27 06:00:00,17,8,9
2020-04-27 07:00:00,40,23,17
2020-04-27 08:00:00,40,15,25
2020-04-27 09:00:00,41,23,18
2020-04-27 10:00:00,43,19,24
2020-04-27 11:00:00,58,28,30
2020-04-27 12:00:00,73,41,32
2020-04-27 13:00:00,117,59,58
2020-04-27 14:00:00,122,68,54
2020-04-27 15:00:00,129,85,44
2020-04-27 16:00:00,149,75,74
2020-04-27 17:00:00,161,100,61
2020-04-27 18:00:00,117,71,46
2020-04-27 19:00:00,70,39,31
2020-04-27 20:00:00,22,9,13
2020-04-27 21:00:00,3,2,1
2020-04-27 22:00:00,2,1,1
2020-04-27 23:00:00,2,0,2
2020-04-28 00:00:00,0,0,0
2020-04-28 01:00:00,0,0,0
2020-04-28 02:00:00,0,0,0
2020-04-28 03:00:00,0,0,0
2020-04-28 04:00:00,2,2,0
2020-04-28 05:00:00,6,2,4
2020-04-28 06:00:00,42,24,18
2020-04-28 07:00:00,41,24,17
2020-04-28 08:00:00,54,24,30
2020-04-28 09:00:00,38,20,18
2020-04-28 10:00:00,51,28,23
2020-04-28 11:00:00,61,33,28
2020-04-28 12:00:00,101,53,48
2020-04-28 13:00:00,95,51,44
2020-04-28 14:00:00,109,65,44
2020-04-28 15:00:00,103,64,39
2020-04-28 16:00:00,145,75,70
2020-04-28 17:00:00,173,86,87
2020-04-28 18:00:00,110,53,57
2020-04-28 19:00:00,33,22,11
2020-04-28 20:00:00,16,9,7
2020-04-28 21:00:00,5,3,2
2020-04-28 22:00:00,3,3,0
2020-04-28 23:00:00,0,0,0
2020-04-29 00:00:00,1,1,0
2020-04-29 01:00:00,0,0,0
2020-04-29 02:00:00,1,1,0
2020-04-29 03:00:00,0,0,0
2020-04-29 04:00:00,1,1,0
2020-04-29 05:00:00,6,0,6
2020-04-29 06:00:00,28,16,12
2020-04-29 07:00:00,40,23,17
2020-04-29 08:00:00,52,30,22
2020-04-29 09:00:00,62,26,36
2020-04-29 10:00:00,54,39,15
2020-04-29 11:00:00,80,46,34
2020-04-29 12:00:00,100,54,46
2020-04-29 13:00:00,121,58,63
2020-04-29 14:00:00,141,65,76
2020-04-29 15:00:00,149,72,77
2020-04-29 16:00:00,179,93,86
2020-04-29 17:00:00,132,71,61
2020-04-29 18:00:00,117,57,60
2020-04-29 19:00:00,75,40,35
2020-04-29 20:00:00,16,9,7
2020-04-29 21:00:00,2,0,2
2020-04-29 22:00:00,1,1,0
2020-04-29 23:00:00,2,2,0
2020-04-30 00:00:00,0,0,0
2020-04-30 01:00:00,0,0,0
2020-04-30 02:00:00,0,0,0
2020-04-30 03:00:00,0,0,0
2020-04-30 04:00:00,2,2,0
2020-04-30 05:00:00,9,4,5
2020-04-30 06:00:00,28,19,9
2020-04-30 07:00:00,48,30,18
2020-04-30 08:00:00,48,26,22
2020-04-30 09:00:00,63,32,31
2020-04-30 10:00:00,44,25,19
2020-04-30 11:00:00,74,43,31
2020-04-30 12:00:00,67,44,23
2020-04-30 13:00:00,70,35,35
2020-04-30 14:00:00,92,60,32
2020-04-30 15:00:00,102,61,41
2020-04-30 16:00:00,90,42,48
2020-04-30 17:00:00,148,81,67
2020-04-30 18:00:00,122,68,54
2020-04-30 19:00:00,57,31,26
2020-04-30 20:00:00,19,11,8
2020-04-30 21:00:00,7,2,5
2020-04-30 22:00:00,0,0,0
2020-04-30 23:00:00,1,1,0
2020-06-04 12:00:00,99,9,90
2020-06-04 13:00:00,90,10,80
2020-06-04 14:00:00,119,5,114
2020-06-04 15:00:00,140,7,133
2020-06-04 16:00:00,157,14,143
2020-06-04 17:00:00,186,10,176
2020-06-04 18:00:00,180,16,164
2020-06-04 19:00:00,149,24,125
2020-06-04 20:00:00,61,6,55
2020-06-04 21:00:00,22,0,22
2020-06-04 22:00:00,7,0,7
2020-06-04 23:00:00,1,0,1
2020-06-05 00:00:00,4,0,4
2020-06-05 01:00:00,0,0,0
2020-06-05 02:00:00,0,0,0
2020-06-05 03:00:00,0,0,0
2020-06-05 04:00:00,1,0,1
2020-06-05 05:00:00,10,1,9
2020-06-05 06:00:00,45,5,40
2020-06-05 07:00:00,81,11,70
2020-06-05 08:00:00,66,5,61
2020-06-05 09:00:00,73,6,67
2020-06-05 10:00:00,77,23,54
2020-06-05 11:00:00,99,11,88
2020-06-05 12:00:00,103,9,94
2020-06-05 13:00:00,106,9,97
2020-06-05 14:00:00,143,9,134
2020-06-05 15:00:00,158,15,143
2020-06-05 16:00:00,215,11,204
2020-06-05 17:00:00,193,15,178
2020-06-05 18:00:00,143,10,133
2020-06-05 19:00:00,88,7,81
2020-06-05 20:00:00,35,1,34
2020-06-05 21:00:00,12,0,12
2020-06-05 22:00:00,2,1,1
2020-06-05 23:00:00,4,2,2
2020-06-06 00:00:00,0,0,0
2020-06-06 01:00:00,0,0,0
2020-06-06 02:00:00,3,0,3
2020-06-06 03:00:00,0,0,0
2020-06-06 04:00:00,0,0,0
2020-06-06 05:00:00,5,0,5
2020-06-06 06:00:00,23,2,21
2020-06-06 07:00:00,39,3,36
2020-06-06 08:00:00,60,3,57
2020-06-06 09:00:00,113,7,106
2020-06-06 10:00:00,172,21,151
2020-06-06 11:00:00,193,15,178
2020-05-01 00:00:00,0,0,0
2020-05-01 01:00:00,1,0,1
2020-05-01 02:00:00,0,0,0
2020-05-01 03:00:00,0,0,0
2020-05-01 04:00:00,0,0,0
2020-05-01 05:00:00,5,0,5
2020-05-01 06:00:00,30,0,30
2020-05-01 07:00:00,66,0,66
2020-05-01 08:00:00,70,0,70
2020-05-01 09:00:00,66,0,66
2020-05-01 10:00:00,108,0,108
2020-05-01 11:00:00,144,0,144
2020-05-01 12:00:00,166,65,101
2020-05-01 13:00:00,179,106,73
2020-05-01 14:00:00,227,145,82
2020-05-01 15:00:00,314,97,217
2020-05-01 16:00:00,242,11,231
2020-05-01 17:00:00,272,22,250
2020-05-01 18:00:00,179,25,154
2020-05-01 19:00:00,110,4,106
2020-05-01 20:00:00,41,0,41
2020-05-01 21:00:00,7,1,6
2020-05-01 22:00:00,4,0,4
2020-05-01 23:00:00,0,0,0
2020-05-02 00:00:00,1,0,1
2020-05-02 01:00:00,1,0,1
2020-05-02 02:00:00,0,0,0
2020-05-02 03:00:00,0,0,0
2020-05-02 04:00:00,0,0,0
2020-05-02 05:00:00,1,0,1
2020-05-02 06:00:00,5,1,4
2020-05-02 07:00:00,20,0,20
2020-05-02 08:00:00,41,0,41
2020-05-02 09:00:00,36,0,36
2020-05-02 10:00:00,66,0,66
2020-05-02 11:00:00,67,0,67
2020-05-02 12:00:00,38,0,38
2020-05-02 13:00:00,34,0,34
2020-05-02 14:00:00,32,0,32
2020-05-02 15:00:00,21,0,21
2020-05-02 16:00:00,46,0,46
2020-05-02 17:00:00,43,0,43
2020-05-02 18:00:00,70,0,70
2020-05-02 19:00:00,39,0,39
2020-05-02 20:00:00,16,0,16
2020-05-02 21:00:00,1,0,1
2020-05-02 22:00:00,3,0,3
2020-05-02 23:00:00,0,0,0
2020-05-03 00:00:00,0,0,0
2020-05-03 01:00:00,0,0,0
2020-05-03 02:00:00,0,0,0
2020-05-03 03:00:00,0,0,0
2020-05-03 04:00:00,0,0,0
2020-05-03 05:00:00,0,0,0
2020-05-03 06:00:00,12,0,12
2020-05-03 07:00:00,23,0,23
2020-05-03 08:00:00,45,0,45
2020-05-03 09:00:00,90,0,90
2020-05-03 10:00:00,145,0,145
2020-05-03 11:00:00,199,0,199
2020-05-03 12:00:00,270,5,265
2020-05-03 13:00:00,273,0,273
2020-05-03 14:00:00,267,0,267
2020-05-03 15:00:00,261,0,261
2020-05-03 16:00:00,210,0,210
2020-05-03 17:00:00,181,0,181
2020-05-03 18:00:00,111,0,111
2020-05-03 19:00:00,22,0,22
2020-05-03 20:00:00,3,0,3
2020-05-03 21:00:00,3,0,3
2020-05-03 22:00:00,2,0,2
2020-05-03 23:00:00,0,0,0
2020-05-04 00:00:00,0,0,0
2020-05-04 01:00:00,1,0,1
2020-05-04 02:00:00,0,0,0
2020-05-04 03:00:00,0,0,0
2020-05-04 04:00:00,1,0,1
2020-05-04 05:00:00,6,0,6
2020-05-04 06:00:00,30,0,30
2020-05-04 07:00:00,50,0,50
2020-05-04 08:00:00,48,0,48
2020-05-04 09:00:00,39,0,39
2020-05-04 10:00:00,48,0,48
2020-05-04 11:00:00,68,0,68
2020-05-04 12:00:00,96,6,90
2020-05-04 13:00:00,87,3,84
2020-05-04 14:00:00,115,1,114
2020-05-04 15:00:00,163,6,157
2020-05-04 16:00:00,167,0,167
2020-05-04 17:00:00,184,1,183
2020-05-04 18:00:00,126,2,124
2020-05-04 19:00:00,74,0,74
2020-05-04 20:00:00,30,0,30
2020-05-04 21:00:00,3,0,3
2020-05-04 22:00:00,2,0,2
2020-05-04 23:00:00,0,0,0
2020-05-05 00:00:00,0,0,0
2020-05-05 01:00:00,0,0,0
2020-05-05 02:00:00,0,0,0
2020-05-05 03:00:00,0,0,0
2020-05-05 04:00:00,4,0,4
2020-05-05 05:00:00,14,0,14
2020-05-05 06:00:00,28,0,28
2020-05-05 07:00:00,55,0,55
2020-05-05 08:00:00,59,0,59
2020-05-05 09:00:00,37,0,37
2020-05-05 10:00:00,54,4,50
2020-05-05 11:00:00,92,25,67
2020-05-05 12:00:00,100,41,59
2020-05-05 13:00:00,130,59,71
2020-05-05 14:00:00,146,65,81
2020-05-05 15:00:00,197,102,95
2020-05-05 16:00:00,247,127,120
2020-05-05 17:00:00,253,139,114
2020-05-05 18:00:00,204,114,90
2020-05-05 19:00:00,110,41,69
2020-05-05 20:00:00,49,25,24
2020-05-05 21:00:00,6,4,2
2020-05-05 22:00:00,2,1,1
2020-05-05 23:00:00,1,0,1
2020-05-06 00:00:00,0,0,0
2020-05-06 01:00:00,1,1,0
2020-05-06 02:00:00,1,0,1
2020-05-06 03:00:00,0,0,0
2020-05-06 04:00:00,1,1,0
2020-05-06 05:00:00,4,3,1
2020-05-06 06:00:00,25,16,9
2020-05-06 07:00:00,26,15,11
2020-05-06 08:00:00,30,10,20
2020-05-06 09:00:00,22,1,21
2020-05-06 10:00:00,15,0,15
2020-05-06 11:00:00,37,0,37
2020-05-06 12:00:00,53,3,50
2020-05-06 13:00:00,45,0,45
2020-05-06 14:00:00,30,0,30
2020-05-06 15:00:00,63,1,62
2020-05-06 16:00:00,92,4,88
2020-05-06 17:00:00,100,6,94
2020-05-06 18:00:00,105,14,91
2020-05-06 19:00:00,57,0,57
2020-05-06 20:00:00,17,0,17
2020-05-06 21:00:00,7,0,7
2020-05-06 22:00:00,1,0,1
2020-05-06 23:00:00,0,0,0
2020-05-07 00:00:00,0,0,0
2020-05-07 01:00:00,1,0,1
2020-05-07 02:00:00,0,0,0
2020-05-07 03:00:00,0,0,0
2020-05-07 04:00:00,1,0,1
2020-05-07 05:00:00,19,0,19
2020-05-07 06:00:00,45,0,45
2020-05-07 07:00:00,62,0,62
2020-05-07 08:00:00,67,0,67
2020-05-07 09:00:00,63,0,63
2020-05-07 10:00:00,76,5,71
2020-05-07 11:00:00,133,66,67
2020-05-07 12:00:00,104,52,52
2020-05-07 13:00:00,120,67,53
2020-05-07 14:00:00,177,116,61
2020-05-07 15:00:00,217,123,94
2020-05-07 16:00:00,243,98,145
2020-05-07 17:00:00,289,85,204
2020-05-07 18:00:00,276,119,157
2020-05-07 19:00:00,116,32,84
2020-05-07 20:00:00,44,3,41
2020-05-07 21:00:00,6,3,3
2020-05-07 22:00:00,9,2,7
2020-05-07 23:00:00,0,0,0
2020-05-08 00:00:00,0,0,0
2020-05-08 01:00:00,0,0,0
2020-05-08 02:00:00,0,0,0
2020-05-08 03:00:00,0,0,0
2020-05-08 04:00:00,2,0,2
2020-05-08 05:00:00,19,0,19
2020-05-08 06:00:00,31,0,31
2020-05-08 07:00:00,69,0,69
2020-05-08 08:00:00,85,0,85
2020-05-08 09:00:00,82,0,82
2020-05-08 10:00:00,120,63,57
2020-05-08 11:00:00,121,70,51
2020-05-08 12:00:00,155,94,61
2020-05-08 13:00:00,209,113,96
2020-05-08 14:00:00,221,118,103
2020-05-08 15:00:00,234,132,102
2020-05-08 16:00:00,282,156,126
2020-05-08 17:00:00,222,143,79
2020-05-08 18:00:00,211,134,77
2020-05-08 19:00:00,105,58,47
2020-05-08 20:00:00,46,21,25
2020-05-08 21:00:00,11,5,6
2020-05-08 22:00:00,5,3,2
2020-05-08 23:00:00,3,1,2
2020-05-09 00:00:00,1,1,0
2020-05-09 01:00:00,0,0,0
2020-05-09 02:00:00,0,0,0
2020-05-09 03:00:00,0,0,0
2020-05-09 04:00:00,1,1,0
2020-05-09 05:00:00,5,4,1
2020-05-09 06:00:00,38,19,19
2020-05-09 07:00:00,85,1,84
2020-05-09 08:00:00,141,14,127
2020-05-09 09:00:00,225,58,167
2020-05-09 10:00:00,287,156,131
2020-05-09 11:00:00,323,185,138
2020-05-09 12:00:00,331,178,153
2020-05-09 13:00:00,307,151,156
2020-05-09 14:00:00,346,177,169
2020-05-09 15:00:00,320,185,135
2020-05-09 16:00:00,240,148,92
2020-05-09 17:00:00,230,136,94
2020-05-09 18:00:00,148,84,64
2020-05-09 19:00:00,88,45,43
2020-05-09 20:00:00,42,32,10
2020-05-09 21:00:00,18,7,11
2020-05-09 22:00:00,3,1,2
2020-05-09 23:00:00,1,0,1
2020-05-10 00:00:00,1,0,1
2020-05-10 01:00:00,0,0,0
2020-05-10 02:00:00,0,0,0
2020-05-10 03:00:00,0,0,0
2020-05-10 04:00:00,2,2,0
2020-05-10 05:00:00,3,1,2
2020-05-10 06:00:00,32,7,25
2020-05-10 07:00:00,52,1,51
2020-05-10 08:00:00,112,4,108
2020-05-10 09:00:00,177,60,117
2020-05-10 10:00:00,219,114,105
2020-05-10 11:00:00,249,135,114
2020-05-10 12:00:00,282,152,130
2020-05-10 13:00:00,290,160,130
2020-05-10 14:00:00,243,140,103
2020-05-10 15:00:00,222,6,216
2020-05-10 16:00:00,201,9,192
2020-05-10 17:00:00,142,15,127
2020-05-10 18:00:00,127,1,126
2020-05-10 19:00:00,86,4,82
2020-05-10 20:00:00,55,4,51
2020-05-10 21:00:00,14,0,14
2020-05-10 22:00:00,3,2,1
2020-05-10 23:00:00,0,0,0
2020-05-11 00:00:00,0,0,0
2020-05-11 01:00:00,0,0,0
2020-05-11 02:00:00,0,0,0
2020-05-11 03:00:00,0,0,0
2020-05-11 04:00:00,1,0,1
2020-05-11 05:00:00,12,0,12
2020-05-11 06:00:00,49,0,49
2020-05-11 07:00:00,67,0,67
2020-05-11 08:00:00,74,0,74
2020-05-11 09:00:00,66,0,66
2020-05-11 10:00:00,75,0,75
2020-05-11 11:00:00,77,2,75
2020-05-11 12:00:00,123,29,94
2020-05-11 13:00:00,110,27,83
2020-05-11 14:00:00,165,24,141
2020-05-11 15:00:00,122,7,115
2020-05-11 16:00:00,168,0,168
2020-05-11 17:00:00,95,0,95
2020-05-11 18:00:00,63,0,63
2020-05-11 19:00:00,21,0,21
2020-05-11 20:00:00,3,0,3
2020-05-11 21:00:00,3,0,3
2020-05-11 22:00:00,0,0,0
2020-05-11 23:00:00,0,0,0
2020-05-12 00:00:00,0,0,0
2020-05-12 01:00:00,0,0,0
2020-05-12 02:00:00,0,0,0
2020-05-12 03:00:00,0,0,0
2020-05-12 04:00:00,3,0,3
2020-05-12 05:00:00,8,0,8
2020-05-12 06:00:00,34,0,34
2020-05-12 07:00:00,58,0,58
2020-05-12 08:00:00,41,0,41
2020-05-12 09:00:00,31,0,31
2020-05-12 10:00:00,40,0,40
2020-05-12 11:00:00,41,0,41
2020-05-12 12:00:00,38,7,31
2020-05-12 13:00:00,31,15,16
2020-05-12 14:00:00,57,27,30
2020-05-12 15:00:00,106,39,67
2020-05-12 16:00:00,151,107,44
2020-05-12 17:00:00,122,70,52
2020-05-12 18:00:00,68,26,42
2020-05-12 19:00:00,58,18,40
2020-05-12 20:00:00,38,4,34
2020-05-12 21:00:00,3,0,3
2020-05-12 22:00:00,5,0,5
2020-05-12 23:00:00,0,0,0
2020-05-13 00:00:00,1,0,1
2020-05-13 01:00:00,0,0,0
2020-05-13 02:00:00,1,0,1
2020-05-13 03:00:00,1,0,1
2020-05-13 04:00:00,2,0,2
2020-05-13 05:00:00,8,0,8
2020-05-13 06:00:00,23,0,23
2020-05-13 07:00:00,39,0,39
2020-05-13 08:00:00,33,0,33
2020-05-13 09:00:00,38,0,38
2020-05-13 10:00:00,53,0,53
2020-05-13 11:00:00,52,0,52
2020-05-13 12:00:00,57,0,57
2020-05-13 13:00:00,69,5,64
2020-05-13 14:00:00,101,14,87
2020-05-13 15:00:00,113,20,93
2020-05-13 16:00:00,191,38,153
2020-05-13 17:00:00,253,11,242
2020-05-13 18:00:00,213,6,207
2020-05-13 19:00:00,121,1,120
2020-05-13 20:00:00,52,1,51
2020-05-13 21:00:00,14,1,13
2020-05-13 22:00:00,4,0,4
2020-05-13 23:00:00,1,0,1
2020-05-14 00:00:00,0,0,0
2020-05-14 01:00:00,0,0,0
2020-05-14 02:00:00,0,0,0
2020-05-14 03:00:00,0,0,0
2020-05-14 04:00:00,3,0,3
2020-05-14 05:00:00,7,0,7
2020-05-14 06:00:00,21,0,21
2020-05-14 07:00:00,35,0,35
2020-05-14 08:00:00,27,0,27
2020-05-14 09:00:00,12,0,12
2020-05-14 10:00:00,15,0,15
2020-05-14 11:00:00,25,0,25
2020-05-14 12:00:00,46,0,46
2020-05-14 13:00:00,74,3,71
2020-05-14 14:00:00,94,4,90
2020-05-14 15:00:00,109,0,109
2020-05-14 16:00:00,151,0,151
2020-05-14 17:00:00,198,0,198
2020-05-14 18:00:00,164,1,163
2020-05-14 19:00:00,115,1,114
2020-05-14 20:00:00,46,0,46
2020-05-14 21:00:00,9,0,9
2020-05-14 22:00:00,2,0,2
2020-05-14 23:00:00,1,0,1
2020-05-15 00:00:00,1,0,1
2020-05-15 01:00:00,0,0,0
2020-05-15 02:00:00,0,0,0
2020-05-15 03:00:00,1,0,1
2020-05-15 04:00:00,2,0,2
2020-05-15 05:00:00,17,0,17
2020-05-15 06:00:00,36,0,36
2020-05-15 07:00:00,76,0,76
2020-05-15 08:00:00,78,0,78
2020-05-15 09:00:00,65,0,65
2020-05-15 10:00:00,104,42,62
2020-05-15 11:00:00,129,57,72
2020-05-15 12:00:00,165,89,76
2020-05-15 13:00:00,203,118,85
2020-05-15 14:00:00,221,119,102
2020-05-15 15:00:00,236,0,236
2020-05-15 16:00:00,277,0,277
2020-05-15 17:00:00,289,2,287
2020-05-15 18:00:00,211,0,211
2020-05-15 19:00:00,131,0,131
2020-05-15 20:00:00,63,0,63
2020-05-15 21:00:00,16,0,16
2020-05-15 22:00:00,4,0,4
2020-05-15 23:00:00,3,0,3
2020-05-16 00:00:00,0,0,0
2020-05-16 01:00:00,0,0,0
2020-05-16 02:00:00,0,0,0
2020-05-16 03:00:00,0,0,0
2020-05-16 04:00:00,0,0,0
2020-05-16 05:00:00,3,0,3
2020-05-16 06:00:00,12,0,12
2020-05-16 07:00:00,41,0,41
2020-05-16 08:00:00,59,0,59
2020-05-16 09:00:00,74,0,74
2020-05-16 10:00:00,79,0,79
2020-05-16 11:00:00,84,0,84
2020-05-16 12:00:00,105,0,105
2020-05-16 13:00:00,84,0,84
2020-05-16 14:00:00,66,0,66
2020-05-16 15:00:00,69,0,69
2020-05-16 16:00:00,47,0,47
2020-05-16 17:00:00,52,0,52
2020-05-16 18:00:00,39,0,39
2020-05-16 19:00:00,31,0,31
2020-05-16 20:00:00,7,0,7
2020-05-16 21:00:00,1,0,1
2020-05-16 22:00:00,3,0,3
2020-05-16 23:00:00,0,0,0
2020-05-17 00:00:00,0,0,0
2020-05-17 01:00:00,0,0,0
2020-05-17 02:00:00,0,0,0
2020-05-17 03:00:00,0,0,0
2020-05-17 04:00:00,1,0,1
2020-05-17 05:00:00,2,0,2
2020-05-17 06:00:00,6,0,6
2020-05-17 07:00:00,32,0,32
2020-05-17 08:00:00,69,0,69
2020-05-17 09:00:00,92,0,92
2020-05-17 10:00:00,128,0,128
2020-05-17 11:00:00,228,0,228
2020-05-17 12:00:00,250,5,245
2020-05-17 13:00:00,373,2,371
2020-05-17 14:00:00,416,15,401
2020-05-17 15:00:00,357,15,342
2020-05-17 16:00:00,328,10,318
2020-05-17 17:00:00,239,0,239
2020-05-17 18:00:00,153,0,153
2020-05-17 19:00:00,101,0,101
2020-05-17 20:00:00,24,1,23
2020-05-17 21:00:00,7,0,7
2020-05-17 22:00:00,3,0,3
2020-05-17 23:00:00,0,0,0
2020-05-18 00:00:00,0,0,0
2020-05-18 01:00:00,0,0,0
2020-05-18 02:00:00,0,0,0
2020-05-18 03:00:00,0,0,0
2020-05-18 04:00:00,2,0,2
2020-05-18 05:00:00,10,0,10
2020-05-18 06:00:00,50,0,50
2020-05-18 07:00:00,72,0,72
2020-05-18 08:00:00,58,1,57
2020-05-18 09:00:00,49,13,36
2020-05-18 10:00:00,52,7,45
2020-05-18 11:00:00,81,13,68
2020-05-18 12:00:00,100,18,82
2020-05-18 13:00:00,101,20,81
2020-05-18 14:00:00,120,57,63
2020-05-18 15:00:00,158,80,78
2020-05-18 16:00:00,195,97,98
2020-05-18 17:00:00,215,97,118
2020-05-18 18:00:00,173,88,85
2020-05-18 19:00:00,131,67,64
2020-05-18 20:00:00,48,23,25
2020-05-18 21:00:00,7,5,2
2020-05-18 22:00:00,3,1,2
2020-05-18 23:00:00,1,0,1
2020-05-19 00:00:00,0,0,0
2020-05-19 01:00:00,0,0,0
2020-05-19 02:00:00,0,0,0
2020-05-19 03:00:00,0,0,0
2020-05-19 04:00:00,1,0,1
2020-05-19 05:00:00,19,0,19
2020-05-19 06:00:00,52,0,52
2020-05-19 07:00:00,64,0,64
2020-05-19 08:00:00,50,0,50
2020-05-19 09:00:00,27,0,27
2020-05-19 10:00:00,44,11,33
2020-05-19 11:00:00,73,39,34
2020-05-19 12:00:00,74,38,36
2020-05-19 13:00:00,75,29,46
2020-05-19 14:00:00,90,52,38
2020-05-19 15:00:00,122,65,57
2020-05-19 16:00:00,163,82,81
2020-05-19 17:00:00,200,113,87
2020-05-19 18:00:00,145,69,76
2020-05-19 19:00:00,90,42,48
2020-05-19 20:00:00,45,23,22
2020-05-19 21:00:00,10,3,7
2020-05-19 22:00:00,7,5,2
2020-05-19 23:00:00,1,1,0
2020-05-20 00:00:00,0,0,0
2020-05-20 01:00:00,0,0,0
2020-05-20 02:00:00,0,0,0
2020-05-20 03:00:00,0,0,0
2020-05-20 04:00:00,1,0,1
2020-05-20 05:00:00,9,0,9
2020-05-20 06:00:00,39,0,39
2020-05-20 07:00:00,47,0,47
2020-05-20 08:00:00,52,0,52
2020-05-20 09:00:00,40,0,40
2020-05-20 10:00:00,30,0,30
2020-05-20 11:00:00,45,0,45
2020-05-20 12:00:00,53,0,53
2020-05-20 13:00:00,65,11,54
2020-05-20 14:00:00,58,27,31
2020-05-20 15:00:00,90,51,39
2020-05-20 16:00:00,74,34,40
2020-05-20 17:00:00,64,32,32
2020-05-20 18:00:00,51,27,24
2020-05-20 19:00:00,24,12,12
2020-05-20 20:00:00,10,4,6
2020-05-20 21:00:00,5,0,5
2020-05-20 22:00:00,2,2,0
2020-05-20 23:00:00,2,1,1
2020-05-21 00:00:00,0,0,0
2020-05-21 01:00:00,0,0,0
2020-05-21 02:00:00,0,0,0
2020-05-21 03:00:00,0,0,0
2020-05-21 04:00:00,0,0,0
2020-05-21 05:00:00,3,0,3
2020-05-21 06:00:00,7,0,7
2020-05-21 07:00:00,10,0,10
2020-05-21 08:00:00,28,0,28
2020-05-21 09:00:00,12,0,12
2020-05-21 10:00:00,5,0,5
2020-05-21 11:00:00,22,0,22
2020-05-21 12:00:00,39,0,39
2020-05-21 13:00:00,58,0,58
2020-05-21 14:00:00,46,0,46
2020-05-21 15:00:00,67,0,67
2020-05-21 16:00:00,50,0,50
2020-05-21 17:00:00,59,0,59
2020-05-21 18:00:00,29,0,29
2020-05-21 19:00:00,39,0,39
2020-05-21 20:00:00,18,0,18
2020-05-21 21:00:00,3,0,3
2020-05-21 22:00:00,2,0,2
2020-05-21 23:00:00,0,0,0
2020-05-22 00:00:00,1,0,1
2020-05-22 01:00:00,0,0,0
2020-05-22 02:00:00,0,0,0
2020-05-22 03:00:00,0,0,0
2020-05-22 04:00:00,1,0,1
2020-05-22 05:00:00,16,0,16
2020-05-22 06:00:00,49,0,49
2020-05-22 07:00:00,69,0,69
2020-05-22 08:00:00,67,0,67
2020-05-22 09:00:00,56,0,56
2020-05-22 10:00:00,71,0,71
2020-05-22 11:00:00,83,33,50
2020-05-22 12:00:00,103,55,48
2020-05-22 13:00:00,138,73,65
2020-05-22 14:00:00,167,96,71
2020-05-22 15:00:00,181,102,79
2020-05-22 16:00:00,125,58,67
2020-05-22 17:00:00,86,58,28
2020-05-22 18:00:00,69,45,24
2020-05-22 19:00:00,35,15,20
2020-05-22 20:00:00,9,6,3
2020-05-22 21:00:00,2,1,1
2020-05-22 22:00:00,2,1,1
2020-05-22 23:00:00,1,0,1
2020-05-23 00:00:00,0,0,0
2020-05-23 01:00:00,0,0,0
2020-05-23 02:00:00,0,0,0
2020-05-23 03:00:00,0,0,0
2020-05-23 04:00:00,1,0,1
2020-05-23 05:00:00,4,0,4
2020-05-23 06:00:00,14,0,14
2020-05-23 07:00:00,51,0,51
2020-05-23 08:00:00,71,0,71
2020-05-23 09:00:00,121,0,121
2020-05-23 10:00:00,188,6,182
2020-05-23 11:00:00,203,104,99
2020-05-23 12:00:00,258,149,109
2020-05-23 13:00:00,227,126,101
2020-05-23 14:00:00,270,140,130
2020-05-23 15:00:00,285,177,108
2020-05-23 16:00:00,290,161,129
2020-05-23 17:00:00,198,132,66
2020-05-23 18:00:00,135,92,43
2020-05-23 19:00:00,73,38,35
2020-05-23 20:00:00,39,27,12
2020-05-23 21:00:00,10,5,5
2020-05-23 22:00:00,1,0,1
2020-05-23 23:00:00,5,3,2
2020-05-24 00:00:00,3,0,3
2020-05-24 01:00:00,0,0,0
2020-05-24 02:00:00,0,0,0
2020-05-24 03:00:00,0,0,0
2020-05-24 04:00:00,1,0,1
2020-05-24 05:00:00,4,2,2
2020-05-24 06:00:00,22,8,14
2020-05-24 07:00:00,36,15,21
2020-05-24 08:00:00,104,57,47
2020-05-24 09:00:00,109,58,51
2020-05-24 10:00:00,155,90,65
2020-05-24 11:00:00,251,138,113
2020-05-24 12:00:00,275,150,125
2020-05-24 13:00:00,355,204,151
2020-05-24 14:00:00,362,223,139
2020-05-24 15:00:00,340,198,142
2020-05-24 16:00:00,368,216,152
2020-05-24 17:00:00,236,141,95
2020-05-24 18:00:00,140,91,49
2020-05-24 19:00:00,99,58,41
2020-05-24 20:00:00,26,20,6
2020-05-24 21:00:00,5,3,2
2020-05-24 22:00:00,3,2,1
2020-05-24 23:00:00,2,2,0
2020-05-25 00:00:00,1,0,1
2020-05-25 01:00:00,0,0,0
2020-05-25 02:00:00,0,0,0
2020-05-25 03:00:00,0,0,0
2020-05-25 04:00:00,0,0,0
2020-05-25 05:00:00,1,0,1
2020-05-25 06:00:00,4,3,1
2020-05-25 07:00:00,10,4,6
2020-05-25 08:00:00,10,4,6
2020-05-25 09:00:00,23,14,9
2020-05-25 10:00:00,26,10,16
2020-05-25 11:00:00,39,21,18
2020-05-25 12:00:00,46,21,25
2020-05-25 13:00:00,73,40,33
2020-05-25 14:00:00,78,53,25
2020-05-25 15:00:00,58,29,29
2020-05-25 16:00:00,57,29,28
2020-05-25 17:00:00,55,29,26
2020-05-25 18:00:00,50,25,25
2020-05-25 19:00:00,22,10,12
2020-05-25 20:00:00,24,13,11
2020-05-25 21:00:00,3,2,1
2020-05-25 22:00:00,0,0,0
2020-05-25 23:00:00,0,0,0
2020-05-26 00:00:00,1,0,1
2020-05-26 01:00:00,0,0,0
2020-05-26 02:00:00,0,0,0
2020-05-26 03:00:00,0,0,0
2020-05-26 04:00:00,1,1,0
2020-05-26 05:00:00,7,6,1
2020-05-26 06:00:00,34,17,17
2020-05-26 07:00:00,40,18,22
2020-05-26 08:00:00,40,20,20
2020-05-26 09:00:00,40,26,14
2020-05-26 10:00:00,36,19,17
2020-05-26 11:00:00,47,27,20
2020-05-26 12:00:00,88,49,39
2020-05-26 13:00:00,93,52,41
2020-05-26 14:00:00,117,69,48
2020-05-26 15:00:00,148,80,68
2020-05-26 16:00:00,199,105,94
2020-05-26 17:00:00,181,84,97
2020-05-26 18:00:00,188,97,91
2020-05-26 19:00:00,132,54,78
2020-05-26 20:00:00,57,15,42
2020-05-26 21:00:00,11,1,10
2020-05-26 22:00:00,2,1,1
2020-05-26 23:00:00,2,1,1
2020-05-27 00:00:00,2,2,0
2020-05-27 01:00:00,0,0,0
2020-05-27 02:00:00,1,0,1
2020-05-27 03:00:00,0,0,0
2020-05-27 04:00:00,3,2,1
2020-05-27 05:00:00,20,8,12
2020-05-27 06:00:00,57,19,38
2020-05-27 07:00:00,84,29,55
2020-05-27 08:00:00,82,29,53
2020-05-27 09:00:00,61,24,37
2020-05-27 10:00:00,94,44,50
2020-05-27 11:00:00,129,79,50
2020-05-27 12:00:00,161,80,81
2020-05-27 13:00:00,154,76,78
2020-05-27 14:00:00,144,55,89
2020-05-27 15:00:00,201,92,109
2020-05-27 16:00:00,253,84,169
2020-05-27 17:00:00,239,101,138
2020-05-27 18:00:00,298,79,219
2020-05-27 19:00:00,155,26,129
2020-05-27 20:00:00,53,4,49
2020-05-27 21:00:00,26,3,23
2020-05-27 22:00:00,9,3,6
2020-05-27 23:00:00,2,0,2
2020-05-28 00:00:00,0,0,0
2020-05-28 01:00:00,0,0,0
2020-05-28 02:00:00,0,0,0
2020-05-28 03:00:00,1,0,1
2020-05-28 04:00:00,3,1,2
2020-05-28 05:00:00,17,1,16
2020-05-28 06:00:00,60,2,58
2020-05-28 07:00:00,85,3,82
2020-05-28 08:00:00,73,0,73
2020-05-28 09:00:00,60,7,53
2020-05-28 10:00:00,82,16,66
2020-05-28 11:00:00,108,37,71
2020-05-28 12:00:00,135,16,119
2020-05-28 13:00:00,116,15,101
2020-05-28 14:00:00,95,19,76
2020-05-28 15:00:00,142,56,86
2020-05-28 16:00:00,184,71,113
2020-05-28 17:00:00,233,89,144
2020-05-28 18:00:00,179,70,109
2020-05-28 19:00:00,139,48,91
2020-05-28 20:00:00,68,26,42
2020-05-28 21:00:00,31,11,20
2020-05-28 22:00:00,3,1,2
2020-05-28 23:00:00,3,1,2
2020-05-29 00:00:00,0,0,0
2020-05-29 01:00:00,0,0,0
2020-05-29 02:00:00,0,0,0
2020-05-29 03:00:00,0,0,0
2020-05-29 04:00:00,2,0,2
2020-05-29 05:00:00,21,7,14
2020-05-29 06:00:00,44,17,27
2020-05-29 07:00:00,102,28,74
2020-05-29 08:00:00,112,20,92
2020-05-29 09:00:00,87,10,77
2020-05-29 10:00:00,102,48,54
2020-05-29 11:00:00,139,60,79
2020-05-29 12:00:00,133,24,109
2020-05-29 13:00:00,158,13,145
2020-05-29 14:00:00,188,16,172
2020-05-29 15:00:00,228,19,209
2020-05-29 16:00:00,275,14,261
2020-05-29 17:00:00,296,11,285
2020-05-29 18:00:00,238,13,225
2020-05-29 19:00:00,150,7,143
2020-05-29 20:00:00,71,13,58
2020-05-29 21:00:00,25,5,20
2020-05-29 22:00:00,10,1,9
2020-05-29 23:00:00,0,0,0
2020-05-30 00:00:00,0,0,0
2020-05-30 01:00:00,0,0,0
2020-05-30 02:00:00,1,0,1
2020-05-30 03:00:00,0,0,0
2020-05-30 04:00:00,2,1,1
2020-05-30 05:00:00,5,0,5
2020-05-30 06:00:00,21,1,20
2020-05-30 07:00:00,58,1,57
2020-05-30 08:00:00,64,2,62
2020-05-30 09:00:00,14,0,14
2020-05-30 10:00:00,7,0,7
2020-05-30 11:00:00,27,0,27
2020-05-30 12:00:00,39,0,39
2020-05-30 13:00:00,23,0,23
2020-05-30 14:00:00,19,0,19
2020-05-30 15:00:00,17,0,17
2020-05-30 16:00:00,18,1,17
2020-05-30 17:00:00,21,0,21
2020-05-30 18:00:00,4,0,4
2020-05-30 19:00:00,2,0,2
2020-05-30 20:00:00,3,0,3
2020-05-30 21:00:00,1,0,1
2020-05-30 22:00:00,0,0,0
2020-05-30 23:00:00,0,0,0
2020-05-31 00:00:00,0,0,0
2020-05-31 01:00:00,0,0,0
2020-05-31 02:00:00,0,0,0
2020-05-31 03:00:00,0,0,0
2020-05-31 04:00:00,0,0,0
2020-05-31 05:00:00,2,0,2
2020-05-31 06:00:00,4,0,4
2020-05-31 07:00:00,5,1,4
2020-05-31 08:00:00,13,3,10
2020-05-31 09:00:00,13,1,12
2020-05-31 10:00:00,33,0,33
2020-05-31 11:00:00,45,2,43
2020-05-31 12:00:00,76,1,75
2020-05-31 13:00:00,137,7,130
2020-05-31 14:00:00,148,1,147
2020-05-31 15:00:00,177,7,170
2020-05-31 16:00:00,224,19,205
2020-05-31 17:00:00,149,12,137
2020-05-31 18:00:00,74,3,71
2020-05-31 19:00:00,50,0,50
2020-05-31 20:00:00,15,0,15
2020-05-31 21:00:00,9,1,8
2020-05-31 22:00:00,3,0,3
2020-05-31 23:00:00,1,0,1
2020-06-06 12:00:00,216,8,208
2020-06-06 13:00:00,222,19,203
2020-06-06 14:00:00,220,35,185
2020-06-06 15:00:00,118,20,98
2020-06-06 16:00:00,106,17,89
2020-06-06 17:00:00,104,31,73
2020-06-06 18:00:00,65,9,56
2020-06-06 19:00:00,60,10,50
2020-06-06 20:00:00,24,1,23
2020-06-06 21:00:00,24,0,24
2020-06-06 22:00:00,12,0,12
2020-06-06 23:00:00,0,0,0
2020-06-07 00:00:00,0,0,0
2020-06-07 01:00:00,0,0,0
2020-06-07 02:00:00,0,0,0
2020-06-07 03:00:00,0,0,0
2020-06-07 04:00:00,0,0,0
2020-06-07 05:00:00,0,0,0
2020-06-07 06:00:00,6,0,6
2020-06-07 07:00:00,9,0,9
2020-06-07 08:00:00,34,1,33
2020-06-07 09:00:00,40,5,35
2020-06-07 10:00:00,59,2,57
2020-06-07 11:00:00,60,4,56
2020-06-07 12:00:00,95,9,86
2020-06-07 13:00:00,140,13,127
2020-06-07 14:00:00,153,7,146
2020-06-07 15:00:00,222,4,218
2020-06-07 16:00:00,251,10,241
2020-06-07 17:00:00,209,17,192
2020-06-07 18:00:00,133,9,124
2020-06-07 19:00:00,61,3,58
2020-06-07 20:00:00,45,5,40
2020-06-07 21:00:00,11,0,11
2020-06-07 22:00:00,5,0,5
2020-06-07 23:00:00,1,0,1
2020-06-08 00:00:00,0,0,0
2020-06-08 01:00:00,0,0,0
2020-06-08 02:00:00,0,0,0
2020-06-08 03:00:00,1,0,1
2020-06-08 04:00:00,3,0,3
2020-06-08 05:00:00,12,0,12
2020-06-08 06:00:00,55,1,54
2020-06-08 07:00:00,52,2,50
2020-06-08 08:00:00,59,2,57
2020-06-08 09:00:00,58,3,55
2020-06-08 10:00:00,61,0,61
2020-06-08 11:00:00,73,4,69
2020-06-08 12:00:00,72,1,71
2020-06-08 13:00:00,94,2,92
2020-06-08 14:00:00,99,3,96
2020-06-08 15:00:00,95,5,90
2020-06-08 16:00:00,148,5,143
2020-06-08 17:00:00,168,9,159
2020-06-08 18:00:00,159,1,158
2020-06-08 19:00:00,92,4,88
2020-06-08 20:00:00,41,0,41
2020-06-08 21:00:00,14,0,14
2020-06-08 22:00:00,5,0,5
2020-06-08 23:00:00,0,0,0
2020-06-09 00:00:00,2,0,2
2020-06-09 01:00:00,1,0,1
2020-06-09 02:00:00,0,0,0
2020-06-09 03:00:00,0,0,0
2020-06-09 04:00:00,1,0,1
2020-06-09 05:00:00,9,0,9
2020-06-09 06:00:00,20,1,19
2020-06-09 07:00:00,31,2,29
2020-06-09 08:00:00,16,1,15
2020-06-09 09:00:00,8,0,8
2020-06-09 10:00:00,6,0,6
2020-06-09 11:00:00,4,0,4
2020-06-09 12:00:00,7,1,6
2020-06-09 13:00:00,17,0,17
2020-06-09 14:00:00,25,2,23
2020-06-09 15:00:00,41,3,38
2020-06-09 16:00:00,62,4,58
2020-06-09 17:00:00,81,14,67
2020-06-09 18:00:00,64,2,62
2020-06-09 19:00:00,23,0,23
2020-06-09 20:00:00,23,1,22
2020-06-09 21:00:00,2,0,2
2020-06-09 22:00:00,1,0,1
2020-06-09 23:00:00,0,0,0
2020-06-10 00:00:00,0,0,0
2020-06-10 01:00:00,0,0,0
2020-06-10 02:00:00,1,0,1
2020-06-10 03:00:00,0,0,0
2020-06-10 04:00:00,3,0,3
2020-06-10 05:00:00,17,0,17
2020-06-10 06:00:00,46,0,46
2020-06-10 07:00:00,68,1,67
2020-06-10 08:00:00,48,0,48
2020-06-10 09:00:00,54,1,53
2020-06-10 10:00:00,50,0,50
2020-06-10 11:00:00,105,37,68
2020-06-10 12:00:00,126,13,113
2020-06-10 13:00:00,108,3,105
2020-06-10 14:00:00,179,0,179
2020-06-10 15:00:00,161,13,148
2020-06-10 16:00:00,231,9,222
2020-06-10 17:00:00,306,5,301
2020-06-10 18:00:00,265,0,265
2020-06-10 19:00:00,158,8,150
2020-06-10 20:00:00,77,6,71
2020-06-10 21:00:00,32,8,24
2020-06-10 22:00:00,7,0,7
2020-06-10 23:00:00,3,0,3
2020-06-11 00:00:00,0,0,0
2020-06-11 01:00:00,1,0,1
2020-06-11 02:00:00,0,0,0
2020-06-11 03:00:00,0,0,0
2020-06-11 04:00:00,2,0,2
2020-06-11 05:00:00,14,0,14
2020-06-11 06:00:00,42,0,42
2020-06-11 07:00:00,52,2,50
2020-06-11 08:00:00,45,0,45
2020-06-11 09:00:00,23,1,22
2020-06-11 10:00:00,13,0,13
2020-06-11 11:00:00,16,0,16
2020-06-11 12:00:00,18,2,16
2020-06-11 13:00:00,38,7,31
2020-06-11 14:00:00,61,0,61
2020-06-11 15:00:00,106,9,97
2020-06-11 16:00:00,142,5,137
2020-06-11 17:00:00,195,4,191
2020-06-11 18:00:00,165,0,165
2020-06-11 19:00:00,103,1,102
2020-06-11 20:00:00,92,3,89
2020-06-11 21:00:00,31,0,31
2020-06-11 22:00:00,2,0,2
2020-06-11 23:00:00,5,0,5
2020-06-12 00:00:00,0,0,0
2020-06-12 01:00:00,0,0,0
2020-06-12 02:00:00,0,0,0
2020-06-12 03:00:00,0,0,0
2020-06-12 04:00:00,2,0,2
2020-06-12 05:00:00,14,1,13
2020-06-12 06:00:00,22,0,22
2020-06-12 07:00:00,47,1,46
2020-06-12 08:00:00,34,0,34
2020-06-12 09:00:00,28,0,28
2020-06-12 10:00:00,16,0,16
2020-06-12 11:00:00,20,1,19
2020-06-12 12:00:00,29,0,29
2020-06-12 13:00:00,22,5,17
2020-06-12 14:00:00,15,0,15
2020-06-12 15:00:00,11,0,11
2020-06-12 16:00:00,32,0,32
2020-06-12 17:00:00,72,0,72
2020-06-12 18:00:00,74,0,74
2020-06-12 19:00:00,66,0,66
2020-06-12 20:00:00,29,2,27
2020-06-12 21:00:00,11,0,11
2020-06-12 22:00:00,3,0,3
2020-06-12 23:00:00,2,0,2
2020-06-13 00:00:00,0,0,0
2020-06-13 01:00:00,0,0,0
2020-06-13 02:00:00,0,0,0
2020-06-13 03:00:00,1,1,0
2020-06-13 04:00:00,0,0,0
2020-06-13 05:00:00,1,0,1
2020-06-13 06:00:00,16,4,12
2020-06-13 07:00:00,28,2,26
2020-06-13 08:00:00,40,2,38
2020-06-13 09:00:00,44,4,40
2020-06-13 10:00:00,55,7,48
2020-06-13 11:00:00,87,19,68
2020-06-13 12:00:00,118,5,113
2020-06-13 13:00:00,106,3,103
2020-06-13 14:00:00,79,3,76
2020-06-13 15:00:00,80,5,75
2020-06-13 16:00:00,91,2,89
2020-06-13 17:00:00,75,1,74
2020-06-13 18:00:00,72,1,71
2020-06-13 19:00:00,49,0,49
2020-06-13 20:00:00,15,0,15
2020-06-13 21:00:00,0,0,0
2020-06-13 22:00:00,1,0,1
2020-06-13 23:00:00,0,0,0
2020-06-14 00:00:00,0,0,0
2020-06-14 01:00:00,0,0,0
2020-06-14 02:00:00,0,0,0
2020-06-14 03:00:00,0,0,0
2020-06-14 04:00:00,0,0,0
2020-06-14 05:00:00,4,0,4
2020-06-14 06:00:00,16,1,15
2020-06-14 07:00:00,41,1,40
2020-06-14 08:00:00,64,0,64
2020-06-14 09:00:00,108,5,103
2020-06-14 10:00:00,183,7,176
2020-06-14 11:00:00,302,15,287
2020-06-14 12:00:00,309,12,297
2020-06-14 13:00:00,376,13,363
2020-06-14 14:00:00,383,18,365
2020-06-14 15:00:00,379,14,365
2020-06-14 16:00:00,273,14,259
2020-06-14 17:00:00,167,10,157
2020-06-14 18:00:00,121,5,116
2020-06-14 19:00:00,76,5,71
2020-06-14 20:00:00,44,2,42
2020-06-14 21:00:00,13,2,11
2020-06-14 22:00:00,2,0,2
2020-06-14 23:00:00,0,0,0
2020-06-15 00:00:00,1,0,1
2020-06-15 01:00:00,0,0,0
2020-06-15 02:00:00,0,0,0
2020-06-15 03:00:00,1,0,1
2020-06-15 04:00:00,0,0,0
2020-06-15 05:00:00,8,1,7
2020-06-15 06:00:00,19,1,18
2020-06-15 07:00:00,21,2,19
2020-06-15 08:00:00,24,0,24
2020-06-15 09:00:00,9,0,9
2020-06-15 10:00:00,4,0,4
2020-06-15 11:00:00,9,5,4
2020-06-15 12:00:00,26,1,25
2020-06-15 13:00:00,35,1,34
2020-06-15 14:00:00,39,0,39
2020-06-15 15:00:00,57,2,55
2020-06-15 16:00:00,62,1,61
2020-06-15 17:00:00,93,3,90
2020-06-15 18:00:00,77,2,75
2020-06-15 19:00:00,52,2,50
2020-06-15 20:00:00,27,1,26
2020-06-15 21:00:00,6,0,6
2020-06-15 22:00:00,4,0,4
2020-06-15 23:00:00,1,0,1
2020-06-16 00:00:00,1,0,1
2020-06-16 01:00:00,0,0,0
2020-06-16 02:00:00,0,0,0
2020-06-16 03:00:00,0,0,0
2020-06-16 04:00:00,1,0,1
2020-06-16 05:00:00,10,0,10
2020-06-16 06:00:00,31,0,31
2020-06-16 07:00:00,60,2,58
2020-06-16 08:00:00,54,8,46
2020-06-16 09:00:00,37,4,33
2020-06-16 10:00:00,35,3,32
2020-06-16 11:00:00,49,5,44
2020-06-16 12:00:00,70,4,66
2020-06-16 13:00:00,95,1,94
2020-06-16 14:00:00,94,0,94
2020-06-16 15:00:00,143,7,136
2020-06-16 16:00:00,172,1,171
2020-06-16 17:00:00,199,4,195
2020-06-16 18:00:00,203,3,200
2020-06-16 19:00:00,127,4,123
2020-06-16 20:00:00,62,0,62
2020-06-16 21:00:00,26,1,25
2020-06-16 22:00:00,1,0,1
2020-06-16 23:00:00,4,0,4
2020-06-17 00:00:00,1,0,1
2020-06-17 01:00:00,0,0,0
2020-06-17 02:00:00,1,0,1
2020-06-17 03:00:00,0,0,0
2020-06-17 04:00:00,5,0,5
2020-06-17 05:00:00,23,1,22
2020-06-17 06:00:00,38,1,37
2020-06-17 07:00:00,79,0,79
2020-06-17 08:00:00,65,0,65
2020-06-17 09:00:00,67,0,67
2020-06-17 10:00:00,78,1,77
2020-06-17 11:00:00,77,3,74
2020-06-17 12:00:00,122,2,120
2020-06-17 13:00:00,129,32,97
2020-06-17 14:00:00,172,32,140
2020-06-17 15:00:00,203,39,164
2020-06-17 16:00:00,243,43,200
2020-06-17 17:00:00,235,46,189
2020-06-17 18:00:00,237,45,192
2020-06-17 19:00:00,132,40,92
2020-06-17 20:00:00,94,1,93
2020-06-17 21:00:00,32,0,32
2020-06-17 22:00:00,12,0,12
2020-06-17 23:00:00,1,0,1
2020-06-18 00:00:00,2,0,2
2020-06-18 01:00:00,0,0,0
2020-06-18 02:00:00,0,0,0
2020-06-18 03:00:00,1,0,1
2020-06-18 04:00:00,2,0,2
2020-06-18 05:00:00,13,0,13
2020-06-18 06:00:00,63,10,53
2020-06-18 07:00:00,79,13,66
2020-06-18 08:00:00,64,10,54
2020-06-18 09:00:00,65,4,61
2020-06-18 10:00:00,89,8,81
2020-06-18 11:00:00,118,17,101
2020-06-18 12:00:00,123,4,119
2020-06-18 13:00:00,149,10,139
2020-06-18 14:00:00,150,24,126
2020-06-18 15:00:00,158,10,148
2020-06-18 16:00:00,229,11,218
2020-06-18 17:00:00,212,4,208
2020-06-18 18:00:00,204,8,196
2020-06-18 19:00:00,148,11,137
2020-06-18 20:00:00,76,1,75
2020-06-18 21:00:00,35,2,33
2020-06-18 22:00:00,10,0,10
2020-06-18 23:00:00,3,1,2
2020-06-19 00:00:00,3,1,2
2020-06-19 01:00:00,0,0,0
2020-06-19 02:00:00,0,0,0
2020-06-19 03:00:00,0,0,0
2020-06-19 04:00:00,3,0,3
2020-06-19 05:00:00,13,2,11
2020-06-19 06:00:00,52,1,51
2020-06-19 07:00:00,89,6,83
2020-06-19 08:00:00,93,7,86
2020-06-19 09:00:00,82,8,74
2020-06-19 10:00:00,140,30,110
2020-06-19 11:00:00,159,52,107
2020-06-19 12:00:00,144,61,83
2020-06-19 13:00:00,183,87,96
2020-06-19 14:00:00,175,57,118
2020-06-19 15:00:00,169,47,122
2020-06-19 16:00:00,200,55,145
2020-06-19 17:00:00,180,66,114
2020-06-19 18:00:00,141,33,108
2020-06-19 19:00:00,85,13,72
2020-06-19 20:00:00,53,8,45
2020-06-19 21:00:00,16,8,8
2020-06-19 22:00:00,3,0,3
2020-06-19 23:00:00,7,1,6
2020-06-20 00:00:00,1,1,0
2020-06-20 01:00:00,1,0,1
2020-06-20 02:00:00,0,0,0
2020-06-20 03:00:00,0,0,0
2020-06-20 04:00:00,3,0,3
2020-06-20 05:00:00,5,0,5
2020-06-20 06:00:00,15,0,15
2020-06-20 07:00:00,20,0,20
2020-06-20 08:00:00,48,0,48
2020-06-20 09:00:00,23,0,23
2020-06-20 10:00:00,63,1,62
2020-06-20 11:00:00,67,1,66
2020-06-20 12:00:00,118,7,111
2020-06-20 13:00:00,173,7,166
2020-06-20 14:00:00,180,27,153
2020-06-20 15:00:00,206,27,179
2020-06-20 16:00:00,166,18,148
2020-06-20 17:00:00,151,28,123
2020-06-20 18:00:00,130,28,102
2020-06-20 19:00:00,87,7,80
2020-06-20 20:00:00,41,1,40
2020-06-20 21:00:00,18,0,18
2020-06-20 22:00:00,10,0,10
2020-06-20 23:00:00,5,0,5
2020-06-21 00:00:00,1,0,1
2020-06-21 01:00:00,0,0,0
2020-06-21 02:00:00,0,0,0
2020-06-21 03:00:00,1,0,1
2020-06-21 04:00:00,0,0,0
2020-06-21 05:00:00,4,0,4
2020-06-21 06:00:00,18,0,18
2020-06-21 07:00:00,38,2,36
2020-06-21 08:00:00,59,5,54
2020-06-21 09:00:00,109,9,100
2020-06-21 10:00:00,137,2,135
2020-06-21 11:00:00,236,23,213
2020-06-21 12:00:00,211,10,201
2020-06-21 13:00:00,227,18,209
2020-06-21 14:00:00,264,26,238
2020-06-21 15:00:00,287,30,257
2020-06-21 16:00:00,282,46,236
2020-06-21 17:00:00,192,10,182
2020-06-21 18:00:00,105,4,101
2020-06-21 19:00:00,60,4,56
2020-06-21 20:00:00,42,0,42
2020-06-21 21:00:00,19,0,19
2020-06-21 22:00:00,3,0,3
2020-06-21 23:00:00,1,0,1
2020-06-22 00:00:00,1,0,1
2020-06-22 01:00:00,0,0,0
2020-06-22 02:00:00,0,0,0
2020-06-22 03:00:00,0,0,0
2020-06-22 04:00:00,1,0,1
2020-06-22 05:00:00,12,1,11
2020-06-22 06:00:00,45,1,44
2020-06-22 07:00:00,68,0,68
2020-06-22 08:00:00,69,2,67
2020-06-22 09:00:00,53,2,51
2020-06-22 10:00:00,84,12,72
2020-06-22 11:00:00,117,35,82
2020-06-22 12:00:00,113,48,65
2020-06-22 13:00:00,121,29,92
2020-06-22 14:00:00,151,32,119
2020-06-22 15:00:00,146,16,130
2020-06-22 16:00:00,207,24,183
2020-06-22 17:00:00,240,11,229
2020-06-22 18:00:00,228,18,210
2020-06-22 19:00:00,171,16,155
2020-06-22 20:00:00,92,8,84
2020-06-22 21:00:00,17,4,13
2020-06-22 22:00:00,8,1,7
2020-06-22 23:00:00,2,0,2
2020-06-23 00:00:00,0,0,0
2020-06-23 01:00:00,0,0,0
2020-06-23 02:00:00,0,0,0
2020-06-23 03:00:00,0,0,0
2020-06-23 04:00:00,4,0,4
2020-06-23 05:00:00,23,4,19
2020-06-23 06:00:00,46,1,45
2020-06-23 07:00:00,72,3,69
2020-06-23 08:00:00,76,3,73
2020-06-23 09:00:00,74,8,66
2020-06-23 10:00:00,115,3,112
2020-06-23 11:00:00,138,24,114
2020-06-23 12:00:00,130,45,85
2020-06-23 13:00:00,144,58,86
2020-06-23 14:00:00,133,30,103
2020-06-23 15:00:00,123,16,107
2020-06-23 16:00:00,172,57,115
2020-06-23 17:00:00,193,29,164
2020-06-23 18:00:00,209,43,166
2020-06-23 19:00:00,119,27,92
2020-06-23 20:00:00,99,16,83
2020-06-23 21:00:00,24,2,22
2020-06-23 22:00:00,15,1,14
2020-06-23 23:00:00,6,0,6
2020-06-24 00:00:00,1,0,1
2020-06-24 01:00:00,0,0,0
2020-06-24 02:00:00,1,0,1
2020-06-24 03:00:00,0,0,0
2020-06-24 04:00:00,6,0,6
2020-06-24 05:00:00,9,0,9
2020-06-24 06:00:00,29,0,29
2020-06-24 07:00:00,71,0,71
2020-06-24 08:00:00,66,1,65
2020-06-24 09:00:00,59,0,59
2020-06-24 10:00:00,72,0,72
2020-06-24 11:00:00,78,2,76
2020-06-24 12:00:00,78,0,78
2020-06-24 13:00:00,77,1,76
2020-06-24 14:00:00,105,1,104
2020-06-24 15:00:00,110,2,108
2020-06-24 16:00:00,136,2,134
2020-06-24 17:00:00,226,2,224
2020-06-24 18:00:00,159,2,157
2020-06-24 19:00:00,148,9,139
2020-06-24 20:00:00,87,0,87
2020-06-24 21:00:00,27,1,26
2020-06-24 22:00:00,11,0,11
2020-06-24 23:00:00,0,0,0
2020-06-25 00:00:00,1,0,1
2020-06-25 01:00:00,0,0,0
2020-06-25 02:00:00,1,0,1
2020-06-25 03:00:00,0,0,0
2020-06-25 04:00:00,6,1,5
2020-06-25 05:00:00,18,0,18
2020-06-25 06:00:00,47,0,47
2020-06-25 07:00:00,106,0,106
2020-06-25 08:00:00,91,0,91
2020-06-25 09:00:00,72,0,72
2020-06-25 10:00:00,120,11,109
2020-06-25 11:00:00,120,5,115
2020-06-25 12:00:00,113,4,109
2020-06-25 13:00:00,142,12,130
2020-06-25 14:00:00,132,11,121
2020-06-25 15:00:00,176,8,168
2020-06-25 16:00:00,177,8,169
2020-06-25 17:00:00,230,30,200
2020-06-25 18:00:00,214,26,188
2020-06-25 19:00:00,169,11,158
2020-06-25 20:00:00,96,2,94
2020-06-25 21:00:00,35,3,32
2020-06-25 22:00:00,12,0,12
2020-06-25 23:00:00,5,0,5
2020-06-26 00:00:00,1,0,1
2020-06-26 01:00:00,2,0,2
2020-06-26 02:00:00,2,1,1
2020-06-26 03:00:00,0,0,0
2020-06-26 04:00:00,2,0,2
2020-06-26 05:00:00,18,0,18
2020-06-26 06:00:00,48,0,48
2020-06-26 07:00:00,77,0,77
2020-06-26 08:00:00,98,1,97
2020-06-26 09:00:00,80,3,77
2020-06-26 10:00:00,132,23,109
2020-06-26 11:00:00,141,53,88
2020-06-26 12:00:00,123,34,89
2020-06-26 13:00:00,160,23,137
2020-06-26 14:00:00,179,35,144
2020-06-26 15:00:00,167,11,156
2020-06-26 16:00:00,216,2,214
2020-06-26 17:00:00,172,7,165
2020-06-26 18:00:00,135,1,134
2020-06-26 19:00:00,76,3,73
2020-06-26 20:00:00,38,2,36
2020-06-26 21:00:00,25,1,24
2020-06-26 22:00:00,9,0,9
2020-06-26 23:00:00,1,0,1
2020-06-27 00:00:00,0,0,0
2020-06-27 01:00:00,0,0,0
2020-06-27 02:00:00,0,0,0
2020-06-27 03:00:00,1,0,1
2020-06-27 04:00:00,0,0,0
2020-06-27 05:00:00,3,0,3
2020-06-27 06:00:00,8,0,8
2020-06-27 07:00:00,18,0,18
2020-06-27 08:00:00,53,0,53
2020-06-27 09:00:00,75,0,75
2020-06-27 10:00:00,95,5,90
2020-06-27 11:00:00,64,8,56
2020-06-27 12:00:00,56,5,51
2020-06-27 13:00:00,40,10,30
2020-06-27 14:00:00,39,1,38
2020-06-27 15:00:00,38,5,33
2020-06-27 16:00:00,47,4,43
2020-06-27 17:00:00,43,3,40
2020-06-27 18:00:00,42,1,41
2020-06-27 19:00:00,21,0,21
2020-06-27 20:00:00,12,1,11
2020-06-27 21:00:00,5,2,3
2020-06-27 22:00:00,6,0,6
2020-06-27 23:00:00,0,0,0
2020-06-28 00:00:00,1,0,1
2020-06-28 01:00:00,3,0,3
2020-06-28 02:00:00,0,0,0
2020-06-28 03:00:00,0,0,0
2020-06-28 04:00:00,0,0,0
2020-06-28 05:00:00,4,0,4
2020-06-28 06:00:00,10,6,4
2020-06-28 07:00:00,22,3,19
2020-06-28 08:00:00,38,12,26
2020-06-28 09:00:00,40,15,25
2020-06-28 10:00:00,71,33,38
2020-06-28 11:00:00,161,53,108
2020-06-28 12:00:00,155,69,86
2020-06-28 13:00:00,237,20,217
2020-06-28 14:00:00,290,15,275
2020-06-28 15:00:00,310,16,294
2020-06-28 16:00:00,382,76,306
2020-06-28 17:00:00,281,88,193
2020-06-28 18:00:00,162,27,135
2020-06-28 19:00:00,108,19,89
2020-06-28 20:00:00,48,4,44
2020-06-28 21:00:00,19,1,18
2020-06-28 22:00:00,12,1,11
2020-06-28 23:00:00,3,0,3
2020-06-29 00:00:00,0,0,0
2020-06-29 01:00:00,0,0,0
2020-06-29 02:00:00,0,0,0
2020-06-29 03:00:00,1,0,1
2020-06-29 04:00:00,2,0,2
2020-06-29 05:00:00,16,0,16
2020-06-29 06:00:00,27,1,26
2020-06-29 07:00:00,52,0,52
2020-06-29 08:00:00,62,0,62
2020-06-29 09:00:00,45,1,44
2020-06-29 10:00:00,42,2,40
2020-06-29 11:00:00,77,2,75
2020-06-29 12:00:00,88,4,84
2020-06-29 13:00:00,118,2,116
2020-06-29 14:00:00,134,0,134
2020-06-29 15:00:00,168,0,168
2020-06-29 16:00:00,199,0,199
2020-06-29 17:00:00,226,0,226
2020-06-29 18:00:00,193,2,191
2020-06-29 19:00:00,151,1,150
2020-06-29 20:00:00,88,0,88
2020-06-29 21:00:00,29,0,29
2020-06-29 22:00:00,7,1,6
2020-06-29 23:00:00,3,0,3
2020-06-30 00:00:00,0,0,0
2020-06-30 01:00:00,1,0,1
2020-06-30 02:00:00,0,0,0
2020-06-30 03:00:00,1,0,1
2020-06-30 04:00:00,3,2,1
2020-06-30 05:00:00,7,0,7
2020-06-30 06:00:00,30,3,27
2020-06-30 07:00:00,48,0,48
2020-06-30 08:00:00,40,0,40
2020-06-30 09:00:00,30,0,30
2020-06-30 10:00:00,32,0,32
2020-06-30 11:00:00,30,4,26
2020-06-30 12:00:00,33,4,29
2020-06-30 13:00:00,48,1,47
2020-06-30 14:00:00,66,3,63
2020-06-30 15:00:00,86,0,86
2020-06-30 16:00:00,95,4,91
2020-06-30 17:00:00,118,1,117
2020-06-30 18:00:00,82,3,79
2020-06-30 19:00:00,47,0,47
2020-06-30 20:00:00,33,4,29
2020-06-30 21:00:00,13,0,13
2020-06-30 22:00:00,4,0,4
2020-06-30 23:00:00,3,0,3
2020-07-01 00:00:00,3,0,3
2020-07-01 01:00:00,1,0,1
2020-07-01 02:00:00,1,0,1
2020-07-01 03:00:00,0,0,0
2020-07-01 04:00:00,6,0,6
2020-07-01 05:00:00,12,0,12
2020-07-01 06:00:00,20,0,20
2020-07-01 07:00:00,55,0,55
2020-07-01 08:00:00,46,2,44
2020-07-01 09:00:00,45,0,45
2020-07-01 10:00:00,44,1,43
2020-07-01 11:00:00,39,0,39
2020-07-01 12:00:00,65,2,63
2020-07-01 13:00:00,92,3,89
2020-07-01 14:00:00,86,2,84
2020-07-01 15:00:00,101,2,99
2020-07-01 16:00:00,132,2,130
2020-07-01 17:00:00,118,7,111
2020-07-01 18:00:00,106,7,99
2020-07-01 19:00:00,106,2,104
2020-07-01 20:00:00,34,1,33
2020-07-01 21:00:00,20,1,19
2020-07-01 22:00:00,7,0,7
2020-07-01 23:00:00,2,0,2
2020-07-02 00:00:00,3,0,3
2020-07-02 01:00:00,1,0,1
2020-07-02 02:00:00,0,0,0
2020-07-02 03:00:00,0,0,0
2020-07-02 04:00:00,2,0,2
2020-07-02 05:00:00,11,0,11
2020-07-02 06:00:00,41,2,39
2020-07-02 07:00:00,48,0,48
2020-07-02 08:00:00,38,2,36
2020-07-02 09:00:00,41,2,39
2020-07-02 10:00:00,54,0,54
2020-07-02 11:00:00,69,2,67
2020-07-02 12:00:00,64,2,62
2020-07-02 13:00:00,60,2,58
2020-07-02 14:00:00,87,0,87
2020-07-02 15:00:00,84,0,84
2020-07-02 16:00:00,135,2,133
2020-07-02 17:00:00,111,3,108
2020-07-02 18:00:00,119,2,117
2020-07-02 19:00:00,70,0,70
2020-07-02 20:00:00,75,1,74
2020-07-02 21:00:00,23,1,22
2020-07-02 22:00:00,2,0,2
2020-07-02 23:00:00,3,0,3
2020-07-03 00:00:00,0,0,0
2020-07-03 01:00:00,1,0,1
2020-07-03 02:00:00,0,0,0
2020-07-03 03:00:00,0,0,0
2020-07-03 04:00:00,1,0,1
2020-07-03 05:00:00,10,0,10
2020-07-03 06:00:00,29,0,29
2020-07-03 07:00:00,33,0,33
2020-07-03 08:00:00,89,0,89
2020-07-03 09:00:00,100,0,100
2020-07-03 10:00:00,103,0,103
2020-07-03 11:00:00,138,2,136
2020-07-03 12:00:00,194,1,193
2020-07-03 13:00:00,202,0,202
2020-07-03 14:00:00,256,0,256
2020-07-03 15:00:00,259,1,258
2020-07-03 16:00:00,176,3,173
2020-07-03 17:00:00,189,1,188
2020-07-03 18:00:00,105,0,105
2020-07-03 19:00:00,77,0,77
2020-07-03 20:00:00,41,0,41
2020-07-03 21:00:00,18,0,18
2020-07-03 22:00:00,8,0,8
2020-07-03 23:00:00,4,0,4
2020-07-04 00:00:00,2,0,2
2020-07-04 01:00:00,1,0,1
2020-07-04 02:00:00,0,0,0
2020-07-04 03:00:00,0,0,0
2020-07-04 04:00:00,1,0,1
2020-07-04 05:00:00,2,0,2
2020-07-04 06:00:00,17,1,16
2020-07-04 07:00:00,28,0,28
2020-07-04 08:00:00,76,2,74
2020-07-04 09:00:00,120,2,118
2020-07-04 10:00:00,149,6,143
2020-07-04 11:00:00,212,3,209
2020-07-04 12:00:00,208,11,197
2020-07-04 13:00:00,261,2,259
2020-07-04 14:00:00,291,3,288
2020-07-04 15:00:00,289,4,285
2020-07-04 16:00:00,249,0,249
2020-07-04 17:00:00,161,0,161
2020-07-04 18:00:00,102,0,102
2020-07-04 19:00:00,74,0,74
2020-07-04 20:00:00,45,0,45
2020-07-04 21:00:00,17,0,17
2020-07-04 22:00:00,1,0,1
2020-07-04 23:00:00,5,0,5
2020-07-05 00:00:00,2,0,2
2020-07-05 01:00:00,0,0,0
2020-07-05 02:00:00,0,0,0
2020-07-05 03:00:00,0,0,0
2020-07-05 04:00:00,0,0,0
2020-07-05 05:00:00,7,0,7
2020-07-05 06:00:00,29,0,29
2020-07-05 07:00:00,39,0,39
2020-07-05 08:00:00,70,2,68
2020-07-05 09:00:00,106,1,105
2020-07-05 10:00:00,189,7,182
2020-07-05 11:00:00,212,3,209
2020-07-05 12:00:00,234,4,230
2020-07-05 13:00:00,271,12,259
2020-07-05 14:00:00,313,19,294
2020-07-05 15:00:00,304,18,286
2020-07-05 16:00:00,252,10,242
2020-07-05 17:00:00,212,15,197
2020-07-05 18:00:00,128,2,126
2020-07-05 19:00:00,97,1,96
2020-07-05 20:00:00,46,5,41
2020-07-05 21:00:00,21,3,18
2020-07-05 22:00:00,4,0,4
2020-07-05 23:00:00,2,0,2
2020-07-06 00:00:00,0,0,0
2020-07-06 01:00:00,0,0,0
2020-07-06 02:00:00,0,0,0
2020-07-06 03:00:00,0,0,0
2020-07-06 04:00:00,3,1,2
2020-07-06 05:00:00,13,0,13
2020-07-06 06:00:00,32,0,32
2020-07-06 07:00:00,68,0,68
2020-07-06 08:00:00,54,3,51
2020-07-06 09:00:00,72,0,72
2020-07-06 10:00:00,91,0,91
2020-07-06 11:00:00,91,0,91
2020-07-06 12:00:00,106,0,106
2020-07-06 13:00:00,143,3,140
2020-07-06 14:00:00,138,0,138
2020-07-06 15:00:00,149,0,149
2020-07-06 16:00:00,205,0,205
2020-07-06 17:00:00,228,0,228
2020-07-06 18:00:00,161,1,160
2020-07-06 19:00:00,118,0,118
2020-07-06 20:00:00,58,0,58
2020-07-06 21:00:00,18,0,18
2020-07-06 22:00:00,7,0,7
2020-07-06 23:00:00,2,0,2
2020-07-07 00:00:00,0,0,0
2020-07-07 01:00:00,0,0,0
2020-07-07 02:00:00,0,0,0
2020-07-07 03:00:00,0,0,0
2020-07-07 04:00:00,1,0,1
2020-07-07 05:00:00,16,0,16
2020-07-07 06:00:00,26,0,26
2020-07-07 07:00:00,41,1,40
2020-07-07 08:00:00,55,2,53
2020-07-07 09:00:00,44,1,43
2020-07-07 10:00:00,39,1,38
2020-07-07 11:00:00,63,4,59
2020-07-07 12:00:00,62,5,57
2020-07-07 13:00:00,80,4,76
2020-07-07 14:00:00,79,5,74
2020-07-07 15:00:00,84,7,77
2020-07-07 16:00:00,109,6,103
2020-07-07 17:00:00,139,6,133
2020-07-07 18:00:00,102,5,97
2020-07-07 19:00:00,51,6,45
2020-07-07 20:00:00,36,2,34
2020-07-07 21:00:00,15,0,15
2020-07-07 22:00:00,4,0,4
2020-07-07 23:00:00,0,0,0
2020-07-08 00:00:00,0,0,0
2020-07-08 01:00:00,0,0,0
2020-07-08 02:00:00,2,0,2
2020-07-08 03:00:00,0,0,0
2020-07-08 04:00:00,4,0,4
2020-07-08 05:00:00,16,0,16
2020-07-08 06:00:00,39,1,38
2020-07-08 07:00:00,69,0,69
2020-07-08 08:00:00,56,4,52
2020-07-08 09:00:00,70,0,70
2020-07-08 10:00:00,82,0,82
2020-07-08 11:00:00,85,1,84
2020-07-08 12:00:00,103,10,93
2020-07-08 13:00:00,93,3,90
2020-07-08 14:00:00,142,5,137
2020-07-08 15:00:00,172,2,170
2020-07-08 16:00:00,198,6,192
2020-07-08 17:00:00,259,7,252
2020-07-08 18:00:00,190,4,186
2020-07-08 19:00:00,152,0,152
2020-07-08 20:00:00,67,0,67
2020-07-08 21:00:00,40,0,40
2020-07-08 22:00:00,8,0,8
2020-07-08 23:00:00,1,0,1
2020-07-09 00:00:00,1,0,1
2020-07-09 01:00:00,0,0,0
2020-07-09 02:00:00,1,0,1
2020-07-09 03:00:00,0,0,0
2020-07-09 04:00:00,3,0,3
2020-07-09 05:00:00,8,1,7
2020-07-09 06:00:00,39,1,38
2020-07-09 07:00:00,40,1,39
2020-07-09 08:00:00,24,1,23
2020-07-09 09:00:00,28,1,27
2020-07-09 10:00:00,51,7,44
2020-07-09 11:00:00,62,2,60
2020-07-09 12:00:00,59,0,59
2020-07-09 13:00:00,74,0,74
2020-07-09 14:00:00,95,0,95
2020-07-09 15:00:00,104,1,103
2020-07-09 16:00:00,99,1,98
2020-07-09 17:00:00,168,4,164
2020-07-09 18:00:00,125,0,125
2020-07-09 19:00:00,133,4,129
2020-07-09 20:00:00,84,3,81
2020-07-09 21:00:00,25,1,24
2020-07-09 22:00:00,12,0,12
2020-07-09 23:00:00,5,0,5
2020-07-10 00:00:00,2,0,2
2020-07-10 01:00:00,0,0,0
2020-07-10 02:00:00,3,0,3
2020-07-10 03:00:00,0,0,0
2020-07-10 04:00:00,2,0,2
2020-07-10 05:00:00,11,2,9
2020-07-10 06:00:00,42,0,42
2020-07-10 07:00:00,77,1,76
2020-07-10 08:00:00,72,1,71
2020-07-10 09:00:00,68,3,65
2020-07-10 10:00:00,83,3,80
2020-07-10 11:00:00,141,0,141
2020-07-10 12:00:00,147,5,142
2020-07-10 13:00:00,149,2,147
2020-07-10 14:00:00,167,6,161
2020-07-10 15:00:00,216,0,216
2020-07-10 16:00:00,231,2,229
2020-07-10 17:00:00,208,0,208
2020-07-10 18:00:00,201,1,200
2020-07-10 19:00:00,135,2,133
2020-07-10 20:00:00,76,0,76
2020-07-10 21:00:00,38,0,38
2020-07-10 22:00:00,16,0,16
2020-07-10 23:00:00,5,0,5
2020-07-11 00:00:00,1,0,1
2020-07-11 01:00:00,2,0,2
2020-07-11 02:00:00,0,0,0
2020-07-11 03:00:00,1,0,1
2020-07-11 04:00:00,3,0,3
2020-07-11 05:00:00,10,0,10
2020-07-11 06:00:00,26,0,26
2020-07-11 07:00:00,72,1,71
2020-07-11 08:00:00,130,4,126
2020-07-11 09:00:00,152,0,152
2020-07-11 10:00:00,232,7,225
2020-07-11 11:00:00,298,6,292
2020-07-11 12:00:00,293,4,289
2020-07-11 13:00:00,269,3,266
2020-07-11 14:00:00,281,3,278
2020-07-11 15:00:00,266,0,266
2020-07-11 16:00:00,227,3,224
2020-07-11 17:00:00,140,0,140
2020-07-11 18:00:00,116,0,116
2020-07-11 19:00:00,35,0,35
2020-07-11 20:00:00,34,0,34
2020-07-11 21:00:00,10,0,10
2020-07-11 22:00:00,3,0,3
2020-07-11 23:00:00,0,0,0
2020-07-12 00:00:00,0,0,0
2020-07-12 01:00:00,0,0,0
2020-07-12 02:00:00,0,0,0
2020-07-12 03:00:00,1,0,1
2020-07-12 04:00:00,1,0,1
2020-07-12 05:00:00,1,0,1
2020-07-12 06:00:00,6,0,6
2020-07-12 07:00:00,8,0,8
2020-07-12 08:00:00,9,0,9
2020-07-12 09:00:00,30,0,30
2020-07-12 10:00:00,47,0,47
2020-07-12 11:00:00,105,0,105
2020-07-12 12:00:00,122,2,120
2020-07-12 13:00:00,192,1,191
2020-07-12 14:00:00,209,1,208
2020-07-12 15:00:00,268,2,266
2020-07-12 16:00:00,256,2,254
2020-07-12 17:00:00,205,0,205
2020-07-12 18:00:00,175,2,173
2020-07-12 19:00:00,95,1,94
2020-07-12 20:00:00,35,1,34
2020-07-12 21:00:00,8,0,8
2020-07-12 22:00:00,4,0,4
2020-07-12 23:00:00,1,0,1
2020-07-13 00:00:00,2,0,2
2020-07-13 01:00:00,0,0,0
2020-07-13 02:00:00,0,0,0
2020-07-13 03:00:00,1,0,1
2020-07-13 04:00:00,2,0,2
2020-07-13 05:00:00,12,0,12
2020-07-13 06:00:00,37,3,34
2020-07-13 07:00:00,81,4,77
2020-07-13 08:00:00,61,0,61
2020-07-13 09:00:00,82,0,82
2020-07-13 10:00:00,105,1,104
2020-07-13 11:00:00,102,1,101
2020-07-13 12:00:00,144,1,143
2020-07-13 13:00:00,151,0,151
2020-07-13 14:00:00,152,1,151
2020-07-13 15:00:00,175,0,175
2020-07-13 16:00:00,194,0,194
2020-07-13 17:00:00,222,0,222
2020-07-13 18:00:00,218,1,217
2020-07-13 19:00:00,128,0,128
2020-07-13 20:00:00,73,2,71
2020-07-13 21:00:00,27,1,26
2020-07-13 22:00:00,6,0,6
2020-07-13 23:00:00,4,0,4
2020-07-14 00:00:00,0,0,0
2020-07-14 01:00:00,0,0,0
2020-07-14 02:00:00,0,0,0
2020-07-14 03:00:00,0,0,0
2020-07-14 04:00:00,2,0,2
2020-07-14 05:00:00,14,0,14
2020-07-14 06:00:00,45,1,44
2020-07-14 07:00:00,77,1,76
2020-07-14 08:00:00,70,0,70
2020-07-14 09:00:00,64,0,64
2020-07-14 10:00:00,75,0,75
2020-07-14 11:00:00,124,1,123
2020-07-14 12:00:00,135,0,135
2020-07-14 13:00:00,125,0,125
2020-07-14 14:00:00,146,1,145
2020-07-14 15:00:00,130,1,129
2020-07-14 16:00:00,172,0,172
2020-07-14 17:00:00,238,3,235
2020-07-14 18:00:00,191,1,190
2020-07-14 19:00:00,143,1,142
2020-07-14 20:00:00,90,0,90
2020-07-14 21:00:00,35,1,34
2020-07-14 22:00:00,3,0,3
2020-07-14 23:00:00,5,0,5
2020-07-15 00:00:00,0,0,0
2020-07-15 01:00:00,0,0,0
2020-07-15 02:00:00,1,0,1
2020-07-15 03:00:00,1,0,1
2020-07-15 04:00:00,4,0,4
2020-07-15 05:00:00,12,0,12
2020-07-15 06:00:00,45,0,45
2020-07-15 07:00:00,88,2,86
2020-07-15 08:00:00,79,0,79
2020-07-15 09:00:00,84,1,83
2020-07-15 10:00:00,101,0,101
2020-07-15 11:00:00,130,1,129
2020-07-15 12:00:00,113,6,107
2020-07-15 13:00:00,116,5,111
2020-07-15 14:00:00,121,5,116
2020-07-15 15:00:00,144,4,140
2020-07-15 16:00:00,178,1,177
2020-07-15 17:00:00,251,7,244
2020-07-15 18:00:00,224,2,222
2020-07-15 19:00:00,192,0,192
2020-07-15 20:00:00,93,2,91
2020-07-15 21:00:00,52,0,52
2020-07-15 22:00:00,12,0,12
2020-07-15 23:00:00,1,0,1
2020-07-16 00:00:00,3,0,3
2020-07-16 01:00:00,0,0,0
2020-07-16 02:00:00,0,0,0
2020-07-16 03:00:00,0,0,0
2020-07-16 04:00:00,3,0,3
2020-07-16 05:00:00,16,0,16
2020-07-16 06:00:00,56,0,56
2020-07-16 07:00:00,75,0,75
2020-07-16 08:00:00,67,0,67
2020-07-16 09:00:00,73,0,73
2020-07-16 10:00:00,88,0,88
2020-07-16 11:00:00,100,0,100
2020-07-16 12:00:00,107,0,107
2020-07-16 13:00:00,91,1,90
2020-07-16 14:00:00,103,1,102
2020-07-16 15:00:00,113,3,110
2020-07-16 16:00:00,162,1,161
2020-07-16 17:00:00,193,7,186
2020-07-16 18:00:00,166,2,164
2020-07-16 19:00:00,112,1,111
2020-07-16 20:00:00,45,1,44
2020-07-16 21:00:00,12,1,11
2020-07-16 22:00:00,2,0,2
2020-07-16 23:00:00,7,0,7
2020-07-17 00:00:00,1,0,1
2020-07-17 01:00:00,0,0,0
2020-07-17 02:00:00,0,0,0
2020-07-17 03:00:00,0,0,0
2020-07-17 04:00:00,1,0,1
2020-07-17 05:00:00,12,0,12
2020-07-17 06:00:00,33,0,33
2020-07-17 07:00:00,53,0,53
2020-07-17 08:00:00,60,1,59
2020-07-17 09:00:00,38,0,38
2020-07-17 10:00:00,58,3,55
2020-07-17 11:00:00,67,1,66
2020-07-17 12:00:00,67,1,66
2020-07-17 13:00:00,80,0,80
2020-07-17 14:00:00,80,1,79
2020-07-17 15:00:00,99,1,98
2020-07-17 16:00:00,108,1,107
2020-07-17 17:00:00,149,4,145
2020-07-17 18:00:00,99,2,97
2020-07-17 19:00:00,79,3,76
2020-07-17 20:00:00,25,0,25
2020-07-17 21:00:00,23,0,23
2020-07-17 22:00:00,10,0,10
2020-07-17 23:00:00,4,0,4
2020-07-18 00:00:00,0,0,0
2020-07-18 01:00:00,1,0,1
2020-07-18 02:00:00,0,0,0
2020-07-18 03:00:00,2,0,2
2020-07-18 04:00:00,0,0,0
2020-07-18 05:00:00,6,0,6
2020-07-18 06:00:00,30,1,29
2020-07-18 07:00:00,70,1,69
2020-07-18 08:00:00,135,3,132
2020-07-18 09:00:00,183,2,181
2020-07-18 10:00:00,250,6,244
2020-07-18 11:00:00,330,9,321
2020-07-18 12:00:00,315,10,305
2020-07-18 13:00:00,377,3,374
2020-07-18 14:00:00,383,6,377
2020-07-18 15:00:00,330,6,324
2020-07-18 16:00:00,261,7,254
2020-07-18 17:00:00,247,4,243
2020-07-18 18:00:00,147,0,147
2020-07-18 19:00:00,120,1,119
2020-07-18 20:00:00,79,0,79
2020-07-18 21:00:00,38,0,38
2020-07-18 22:00:00,12,0,12
2020-07-18 23:00:00,4,0,4
2020-07-19 00:00:00,0,0,0
2020-07-19 01:00:00,1,0,1
2020-07-19 02:00:00,0,0,0
2020-07-19 03:00:00,0,0,0
2020-07-19 04:00:00,0,0,0
2020-07-19 05:00:00,7,0,7
2020-07-19 06:00:00,32,0,32
2020-07-19 07:00:00,67,0,67
2020-07-19 08:00:00,109,1,108
2020-07-19 09:00:00,175,0,175
2020-07-19 10:00:00,236,1,235
2020-07-19 11:00:00,274,0,274
2020-07-19 12:00:00,261,1,260
2020-07-19 13:00:00,295,1,294
2020-07-19 14:00:00,278,0,278
2020-07-19 15:00:00,257,1,256
2020-07-19 16:00:00,214,0,214
2020-07-19 17:00:00,174,3,171
2020-07-19 18:00:00,122,0,122
2020-07-19 19:00:00,93,1,92
2020-07-19 20:00:00,54,0,54
2020-07-19 21:00:00,19,0,19
2020-07-19 22:00:00,4,0,4
2020-07-19 23:00:00,2,0,2
2020-07-20 00:00:00,3,0,3
2020-07-20 01:00:00,1,0,1
2020-07-20 02:00:00,0,0,0
2020-07-20 03:00:00,0,0,0
2020-07-20 04:00:00,3,0,3
2020-07-20 05:00:00,7,0,7
2020-07-20 06:00:00,39,0,39
2020-07-20 07:00:00,63,0,63
2020-07-20 08:00:00,70,0,70
2020-07-20 09:00:00,101,0,101
2020-07-20 10:00:00,106,0,106
2020-07-20 11:00:00,124,0,124
2020-07-20 12:00:00,108,0,108
2020-07-20 13:00:00,110,0,110
2020-07-20 14:00:00,91,1,90
2020-07-20 15:00:00,114,1,113
2020-07-20 16:00:00,102,3,99
2020-07-20 17:00:00,180,20,160
2020-07-20 18:00:00,161,7,154
2020-07-20 19:00:00,145,11,134
2020-07-20 20:00:00,88,1,87
2020-07-20 21:00:00,30,2,28
2020-07-20 22:00:00,3,0,3
2020-07-20 23:00:00,1,0,1
2020-07-21 00:00:00,0,0,0
2020-07-21 01:00:00,0,0,0
2020-07-21 02:00:00,0,0,0
2020-07-21 03:00:00,0,0,0
2020-07-21 04:00:00,4,0,4
2020-07-21 05:00:00,14,0,14
2020-07-21 06:00:00,65,0,65
2020-07-21 07:00:00,91,0,91
2020-07-21 08:00:00,80,0,80
2020-07-21 09:00:00,91,0,91
2020-07-21 10:00:00,102,0,102
2020-07-21 11:00:00,120,0,120
2020-07-21 12:00:00,124,0,124
2020-07-21 13:00:00,92,0,92
2020-07-21 14:00:00,112,0,112
2020-07-21 15:00:00,119,0,119
2020-07-21 16:00:00,162,4,158
2020-07-21 17:00:00,201,15,186
2020-07-21 18:00:00,151,3,148
2020-07-21 19:00:00,143,1,142
2020-07-21 20:00:00,85,0,85
2020-07-21 21:00:00,36,0,36
2020-07-21 22:00:00,11,0,11
2020-07-21 23:00:00,1,0,1
2020-07-22 00:00:00,1,0,1
2020-07-22 01:00:00,1,0,1
2020-07-22 02:00:00,1,0,1
2020-07-22 03:00:00,1,0,1
2020-07-22 04:00:00,3,0,3
2020-07-22 05:00:00,13,0,13
2020-07-22 06:00:00,32,0,32
2020-07-22 07:00:00,73,0,73
2020-07-22 08:00:00,54,0,54
2020-07-22 09:00:00,60,0,60
2020-07-22 10:00:00,59,0,59
2020-07-22 11:00:00,57,0,57
2020-07-22 12:00:00,68,0,68
2020-07-22 13:00:00,85,0,85
2020-07-22 14:00:00,104,0,104
2020-07-22 15:00:00,91,0,91
2020-07-22 16:00:00,132,0,132
2020-07-22 17:00:00,153,0,153
2020-07-22 18:00:00,192,0,192
2020-07-22 19:00:00,141,0,141
2020-07-22 20:00:00,63,0,63
2020-07-22 21:00:00,24,0,24
2020-07-22 22:00:00,10,0,10
2020-07-22 23:00:00,2,0,2
2020-07-23 00:00:00,1,0,1
2020-07-23 01:00:00,0,0,0
2020-07-23 02:00:00,1,0,1
2020-07-23 03:00:00,0,0,0
2020-07-23 04:00:00,2,0,2
2020-07-23 05:00:00,17,0,17
2020-07-23 06:00:00,47,0,47
2020-07-23 07:00:00,80,0,80
2020-07-23 08:00:00,60,0,60
2020-07-23 09:00:00,71,0,71
2020-07-23 10:00:00,91,0,91
2020-07-23 11:00:00,114,0,114
2020-07-23 12:00:00,97,0,97
2020-07-23 13:00:00,112,0,112
2020-07-23 14:00:00,130,0,130
2020-07-23 15:00:00,124,0,124
2020-07-23 16:00:00,148,0,148
2020-07-23 17:00:00,163,0,163
2020-07-23 18:00:00,156,0,156
2020-07-23 19:00:00,140,0,140
2020-07-23 20:00:00,62,0,62
2020-07-23 21:00:00,21,0,21
2020-07-23 22:00:00,8,0,8
2020-07-23 23:00:00,1,0,1
2020-07-24 00:00:00,1,0,1
2020-07-24 01:00:00,0,0,0
2020-07-24 02:00:00,0,0,0
2020-07-24 03:00:00,0,0,0
2020-07-24 04:00:00,0,0,0
2020-07-24 05:00:00,21,0,21
2020-07-24 06:00:00,34,0,34
2020-07-24 07:00:00,52,0,52
2020-07-24 08:00:00,69,0,69
2020-07-24 09:00:00,80,0,80
2020-07-24 10:00:00,80,0,80
2020-07-24 11:00:00,108,0,108
2020-07-24 12:00:00,128,0,128
2020-07-24 13:00:00,123,0,123
2020-07-24 14:00:00,114,0,114
2020-07-24 15:00:00,137,0,137
2020-07-24 16:00:00,157,0,157
2020-07-24 17:00:00,145,0,145
2020-07-24 18:00:00,116,2,114
2020-07-24 19:00:00,75,0,75
2020-07-24 20:00:00,37,0,37
2020-07-24 21:00:00,19,0,19
2020-07-24 22:00:00,4,0,4
2020-07-24 23:00:00,1,0,1
2020-07-25 00:00:00,0,0,0
2020-07-25 01:00:00,0,0,0
2020-07-25 02:00:00,0,0,0
2020-07-25 03:00:00,0,0,0
2020-07-25 04:00:00,1,0,1
2020-07-25 05:00:00,4,0,4
2020-07-25 06:00:00,30,0,30
2020-07-25 07:00:00,69,0,69
2020-07-25 08:00:00,151,0,151
2020-07-25 09:00:00,140,0,140
2020-07-25 10:00:00,264,0,264
2020-07-25 11:00:00,287,32,255
2020-07-25 12:00:00,335,12,323
2020-07-25 13:00:00,295,0,295
2020-07-25 14:00:00,288,0,288
2020-07-25 15:00:00,290,0,290
2020-07-25 16:00:00,248,0,248
2020-07-25 17:00:00,206,0,206
2020-07-25 18:00:00,201,1,200
2020-07-25 19:00:00,90,0,90
2020-07-25 20:00:00,61,0,61
2020-07-25 21:00:00,25,0,25
2020-07-25 22:00:00,8,0,8
2020-07-25 23:00:00,6,0,6
2020-07-26 00:00:00,0,0,0
2020-07-26 01:00:00,0,0,0
2020-07-26 02:00:00,0,0,0
2020-07-26 03:00:00,0,0,0
2020-07-26 04:00:00,1,0,1
2020-07-26 05:00:00,6,0,6
2020-07-26 06:00:00,21,0,21
2020-07-26 07:00:00,55,0,55
2020-07-26 08:00:00,109,1,108
2020-07-26 09:00:00,159,3,156
2020-07-26 10:00:00,237,0,237
2020-07-26 11:00:00,243,0,243
2020-07-26 12:00:00,219,0,219
2020-07-26 13:00:00,269,0,269
2020-07-26 14:00:00,245,0,245
2020-07-26 15:00:00,239,0,239
2020-07-26 16:00:00,164,4,160
2020-07-26 17:00:00,162,31,131
2020-07-26 18:00:00,141,14,127
2020-07-26 19:00:00,95,4,91
2020-07-26 20:00:00,78,1,77
2020-07-26 21:00:00,23,0,23
2020-07-26 22:00:00,3,0,3
2020-07-26 23:00:00,0,0,0
2020-07-27 00:00:00,0,0,0
2020-07-27 01:00:00,0,0,0
2020-07-27 02:00:00,0,0,0
2020-07-27 03:00:00,1,0,1
2020-07-27 04:00:00,1,0,1
2020-07-27 05:00:00,14,0,14
2020-07-27 06:00:00,46,0,46
2020-07-27 07:00:00,98,1,97
2020-07-27 08:00:00,101,0,101
2020-07-27 09:00:00,112,0,112
2020-07-27 10:00:00,119,0,119
2020-07-27 11:00:00,83,1,82
2020-07-27 12:00:00,88,0,88
2020-07-27 13:00:00,88,1,87
2020-07-27 14:00:00,86,0,86
2020-07-27 15:00:00,77,3,74
2020-07-27 16:00:00,112,20,92
2020-07-27 17:00:00,127,28,99
2020-07-27 18:00:00,118,28,90
2020-07-27 19:00:00,125,32,93
2020-07-27 20:00:00,91,12,79
2020-07-27 21:00:00,25,2,23
2020-07-27 22:00:00,6,0,6
2020-07-27 23:00:00,0,0,0
2020-07-28 00:00:00,1,0,1
2020-07-28 01:00:00,0,0,0
2020-07-28 02:00:00,0,0,0
2020-07-28 03:00:00,1,0,1
2020-07-28 04:00:00,2,0,2
2020-07-28 05:00:00,13,0,13
2020-07-28 06:00:00,48,0,48
2020-07-28 07:00:00,95,0,95
2020-07-28 08:00:00,99,0,99
2020-07-28 09:00:00,86,0,86
2020-07-28 10:00:00,85,2,83
2020-07-28 11:00:00,116,0,116
2020-07-28 12:00:00,102,1,101
2020-07-28 13:00:00,109,0,109
2020-07-28 14:00:00,133,0,133
2020-07-28 15:00:00,152,0,152
2020-07-28 16:00:00,168,1,167
2020-07-28 17:00:00,184,3,181
2020-07-28 18:00:00,187,1,186
2020-07-28 19:00:00,143,2,141
2020-07-28 20:00:00,94,0,94
2020-07-28 21:00:00,31,0,31
2020-07-28 22:00:00,5,0,5
2020-07-28 23:00:00,1,0,1
2020-07-29 00:00:00,3,0,3
2020-07-29 01:00:00,1,0,1
2020-07-29 02:00:00,2,0,2
2020-07-29 03:00:00,0,0,0
2020-07-29 04:00:00,4,0,4
2020-07-29 05:00:00,11,0,11
2020-07-29 06:00:00,47,0,47
2020-07-29 07:00:00,94,0,94
2020-07-29 08:00:00,74,0,74
2020-07-29 09:00:00,103,0,103
2020-07-29 10:00:00,100,0,100
2020-07-29 11:00:00,103,0,103
2020-07-29 12:00:00,90,0,90
2020-07-29 13:00:00,115,0,115
2020-07-29 14:00:00,123,0,123
2020-07-29 15:00:00,120,0,120
2020-07-29 16:00:00,148,2,146
2020-07-29 17:00:00,212,17,195
2020-07-29 18:00:00,220,2,218
2020-07-29 19:00:00,147,0,147
2020-07-29 20:00:00,98,0,98
2020-07-29 21:00:00,23,0,23
2020-07-29 22:00:00,4,0,4
2020-07-29 23:00:00,5,0,5
2020-07-30 00:00:00,1,0,1
2020-07-30 01:00:00,0,0,0
2020-07-30 02:00:00,1,0,1
2020-07-30 03:00:00,0,0,0
2020-07-30 04:00:00,1,0,1
2020-07-30 05:00:00,15,0,15
2020-07-30 06:00:00,43,0,43
2020-07-30 07:00:00,106,0,106
2020-07-30 08:00:00,90,0,90
2020-07-30 09:00:00,87,0,87
2020-07-30 10:00:00,110,0,110
2020-07-30 11:00:00,112,0,112
2020-07-30 12:00:00,113,0,113
2020-07-30 13:00:00,96,0,96
2020-07-30 14:00:00,112,0,112
2020-07-30 15:00:00,117,1,116
2020-07-30 16:00:00,136,6,130
2020-07-30 17:00:00,157,38,119
2020-07-30 18:00:00,164,19,145
2020-07-30 19:00:00,119,10,109
2020-07-30 20:00:00,83,6,77
2020-07-30 21:00:00,34,1,33
2020-07-30 22:00:00,3,0,3
2020-07-30 23:00:00,2,0,2
2020-07-31 00:00:00,0,0,0
2020-07-31 01:00:00,0,0,0
2020-07-31 02:00:00,0,0,0
2020-07-31 03:00:00,0,0,0
2020-07-31 04:00:00,2,0,2
2020-07-31 05:00:00,15,0,15
2020-07-31 06:00:00,56,1,55
2020-07-31 07:00:00,80,0,80
2020-07-31 08:00:00,82,0,82
2020-07-31 09:00:00,103,0,103
2020-07-31 10:00:00,132,0,132
2020-07-31 11:00:00,101,0,101
2020-07-31 12:00:00,137,0,137
2020-07-31 13:00:00,131,0,131
2020-07-31 14:00:00,151,0,151
2020-07-31 15:00:00,149,0,149
2020-07-31 16:00:00,149,5,144
2020-07-31 17:00:00,199,18,181
2020-07-31 18:00:00,125,11,114
2020-07-31 19:00:00,114,4,110
2020-07-31 20:00:00,67,2,65
2020-07-31 21:00:00,18,0,18
2020-07-31 22:00:00,8,0,8
2020-07-31 23:00:00,4,0,4
2020-08-01 00:00:00,1,0,1
2020-08-01 01:00:00,2,0,2
2020-08-01 02:00:00,0,0,0
2020-08-01 03:00:00,0,0,0
2020-08-01 04:00:00,1,0,1
2020-08-01 05:00:00,6,0,6
2020-08-01 06:00:00,44,0,44
2020-08-01 07:00:00,83,0,83
2020-08-01 08:00:00,137,0,137
2020-08-01 09:00:00,150,0,150
2020-08-01 10:00:00,195,1,194
2020-08-01 11:00:00,231,3,228
2020-08-01 12:00:00,222,1,221
2020-08-01 13:00:00,248,1,247
2020-08-01 14:00:00,189,1,188
2020-08-01 15:00:00,230,0,230
2020-08-01 16:00:00,215,0,215
2020-08-01 17:00:00,190,3,187
2020-08-01 18:00:00,123,1,122
2020-08-01 19:00:00,93,0,93
2020-08-01 20:00:00,66,0,66
2020-08-01 21:00:00,30,0,30
2020-08-01 22:00:00,14,0,14
2020-08-01 23:00:00,4,0,4
2020-08-02 00:00:00,1,0,1
2020-08-02 01:00:00,2,0,2
2020-08-02 02:00:00,0,0,0
2020-08-02 03:00:00,0,0,0
2020-08-02 04:00:00,1,0,1
2020-08-02 05:00:00,7,0,7
2020-08-02 06:00:00,17,0,17
2020-08-02 07:00:00,66,0,66
2020-08-02 08:00:00,124,0,124
2020-08-02 09:00:00,200,0,200
2020-08-02 10:00:00,237,0,237
2020-08-02 11:00:00,325,129,196
2020-08-02 12:00:00,274,81,193
2020-08-02 13:00:00,274,131,143
2020-08-02 14:00:00,259,89,170
2020-08-02 15:00:00,213,61,152
2020-08-02 16:00:00,241,102,139
2020-08-02 17:00:00,188,20,168
2020-08-02 18:00:00,133,18,115
2020-08-02 19:00:00,114,10,104
2020-08-02 20:00:00,48,9,39
2020-08-02 21:00:00,27,0,27
2020-08-02 22:00:00,1,0,1
2020-08-02 23:00:00,2,0,2
2020-08-03 00:00:00,3,0,3
2020-08-03 01:00:00,0,0,0
2020-08-03 02:00:00,0,0,0
2020-08-03 03:00:00,1,0,1
2020-08-03 04:00:00,2,0,2
2020-08-03 05:00:00,14,0,14
2020-08-03 06:00:00,39,0,39
2020-08-03 07:00:00,63,0,63
2020-08-03 08:00:00,70,0,70
2020-08-03 09:00:00,64,0,64
2020-08-03 10:00:00,79,0,79
2020-08-03 11:00:00,95,0,95
2020-08-03 12:00:00,113,0,113
2020-08-03 13:00:00,101,0,101
2020-08-03 14:00:00,118,0,118
2020-08-03 15:00:00,138,0,138
2020-08-03 16:00:00,128,2,126
2020-08-03 17:00:00,156,5,151
2020-08-03 18:00:00,164,0,164
2020-08-03 19:00:00,139,0,139
2020-08-03 20:00:00,63,0,63
2020-08-03 21:00:00,18,0,18
2020-08-03 22:00:00,7,0,7
2020-08-03 23:00:00,2,0,2
2020-08-04 00:00:00,0,0,0
2020-08-04 01:00:00,3,0,3
2020-08-04 02:00:00,0,0,0
2020-08-04 03:00:00,0,0,0
2020-08-04 04:00:00,3,0,3
2020-08-04 05:00:00,7,0,7
2020-08-04 06:00:00,54,0,54
2020-08-04 07:00:00,90,0,90
2020-08-04 08:00:00,82,0,82
2020-08-04 09:00:00,70,0,70
2020-08-04 10:00:00,75,0,75
2020-08-04 11:00:00,105,0,105
2020-08-04 12:00:00,90,0,90
2020-08-04 13:00:00,106,0,106
2020-08-04 14:00:00,134,0,134
2020-08-04 15:00:00,121,0,121
2020-08-04 16:00:00,184,2,182
2020-08-04 17:00:00,207,6,201
2020-08-04 18:00:00,183,3,180
2020-08-04 19:00:00,159,0,159
2020-08-04 20:00:00,85,0,85
2020-08-04 21:00:00,36,0,36
2020-08-04 22:00:00,8,0,8
2020-08-04 23:00:00,2,0,2
2020-08-05 00:00:00,0,0,0
2020-08-05 01:00:00,0,0,0
2020-08-05 02:00:00,0,0,0
2020-08-05 03:00:00,0,0,0
2020-08-05 04:00:00,2,0,2
2020-08-05 05:00:00,13,0,13
2020-08-05 06:00:00,64,0,64
2020-08-05 07:00:00,89,0,89
2020-08-05 08:00:00,100,0,100
2020-08-05 09:00:00,96,0,96
2020-08-05 10:00:00,84,0,84
2020-08-05 11:00:00,101,0,101
2020-08-05 12:00:00,104,0,104
2020-08-05 13:00:00,118,0,118
2020-08-05 14:00:00,124,0,124
2020-08-05 15:00:00,110,0,110
2020-08-05 16:00:00,180,2,178
2020-08-05 17:00:00,211,16,195
2020-08-05 18:00:00,207,2,205
2020-08-05 19:00:00,161,0,161
2020-08-05 20:00:00,109,0,109
2020-08-05 21:00:00,15,0,15
2020-08-05 22:00:00,5,0,5
2020-08-05 23:00:00,3,0,3
2020-08-06 00:00:00,1,0,1
2020-08-06 01:00:00,0,0,0
2020-08-06 02:00:00,0,0,0
2020-08-06 03:00:00,0,0,0
2020-08-06 04:00:00,1,0,1
2020-08-06 05:00:00,7,0,7
2020-08-06 06:00:00,20,0,20
2020-08-06 07:00:00,34,0,34
2020-08-06 08:00:00,20,0,20
2020-08-06 09:00:00,24,0,24
2020-08-06 10:00:00,13,0,13
2020-08-06 11:00:00,8,0,8
2020-08-06 12:00:00,21,0,21
2020-08-06 13:00:00,29,0,29
2020-08-06 14:00:00,37,0,37
2020-08-06 15:00:00,37,1,36
2020-08-06 16:00:00,41,0,41
2020-08-06 17:00:00,64,0,64
2020-08-06 18:00:00,77,0,77
2020-08-06 19:00:00,25,0,25
2020-08-06 20:00:00,21,0,21
2020-08-06 21:00:00,7,0,7
2020-08-06 22:00:00,2,0,2
2020-08-06 23:00:00,2,0,2
2020-08-07 00:00:00,1,0,1
2020-08-07 01:00:00,0,0,0
2020-08-07 02:00:00,0,0,0
2020-08-07 03:00:00,0,0,0
2020-08-07 04:00:00,1,0,1
2020-08-07 05:00:00,16,0,16
2020-08-07 06:00:00,36,0,36
2020-08-07 07:00:00,59,0,59
2020-08-07 08:00:00,64,0,64
2020-08-07 09:00:00,66,0,66
2020-08-07 10:00:00,78,0,78
2020-08-07 11:00:00,143,0,143
2020-08-07 12:00:00,122,45,77
2020-08-07 13:00:00,170,80,90
2020-08-07 14:00:00,150,47,103
2020-08-07 15:00:00,178,43,135
2020-08-07 16:00:00,155,42,113
2020-08-07 17:00:00,196,0,196
2020-08-07 18:00:00,145,0,145
2020-08-07 19:00:00,67,0,67
2020-08-07 20:00:00,40,0,40
2020-08-07 21:00:00,8,0,8
2020-08-07 22:00:00,0,0,0
2020-08-07 23:00:00,0,0,0
2020-08-08 00:00:00,0,0,0
2020-08-08 01:00:00,2,0,2
2020-08-08 02:00:00,0,0,0
2020-08-08 03:00:00,0,0,0
2020-08-08 04:00:00,1,0,1
2020-08-08 05:00:00,4,0,4
2020-08-08 06:00:00,15,0,15
2020-08-08 07:00:00,74,0,74
2020-08-08 08:00:00,112,0,112
2020-08-08 09:00:00,83,0,83
2020-08-08 10:00:00,156,0,156
2020-08-08 11:00:00,131,0,131
2020-08-08 12:00:00,130,0,130
2020-08-08 13:00:00,193,0,193
2020-08-08 14:00:00,177,0,177
2020-08-08 15:00:00,189,3,186
2020-08-08 16:00:00,203,0,203
2020-08-08 17:00:00,153,0,153
2020-08-08 18:00:00,103,0,103
2020-08-08 19:00:00,78,0,78
2020-08-08 20:00:00,29,0,29
2020-08-08 21:00:00,6,0,6
2020-08-08 22:00:00,4,0,4
2020-08-08 23:00:00,5,0,5
2020-08-09 00:00:00,0,0,0
2020-08-09 01:00:00,1,0,1
2020-08-09 02:00:00,1,0,1
2020-08-09 03:00:00,0,0,0
2020-08-09 04:00:00,0,0,0
2020-08-09 05:00:00,6,0,6
2020-08-09 06:00:00,23,0,23
2020-08-09 07:00:00,53,0,53
2020-08-09 08:00:00,110,0,110
2020-08-09 09:00:00,165,1,164
2020-08-09 10:00:00,259,0,259
2020-08-09 11:00:00,332,21,311
2020-08-09 12:00:00,363,119,244
2020-08-09 13:00:00,301,19,282
2020-08-09 14:00:00,330,7,323
2020-08-09 15:00:00,286,0,286
2020-08-09 16:00:00,238,2,236
2020-08-09 17:00:00,207,18,189
2020-08-09 18:00:00,168,0,168
2020-08-09 19:00:00,97,0,97
2020-08-09 20:00:00,55,0,55
2020-08-09 21:00:00,13,0,13
2020-08-09 22:00:00,7,0,7
2020-08-09 23:00:00,2,0,2
2020-08-10 00:00:00,2,0,2
2020-08-10 01:00:00,1,0,1
2020-08-10 02:00:00,2,0,2
2020-08-10 03:00:00,0,0,0
2020-08-10 04:00:00,3,0,3
2020-08-10 05:00:00,11,0,11
2020-08-10 06:00:00,33,0,33
2020-08-10 07:00:00,68,0,68
2020-08-10 08:00:00,64,0,64
2020-08-10 09:00:00,54,0,54
2020-08-10 10:00:00,68,0,68
2020-08-10 11:00:00,87,0,87
2020-08-10 12:00:00,112,0,112
2020-08-10 13:00:00,100,0,100
2020-08-10 14:00:00,121,0,121
2020-08-10 15:00:00,127,0,127
2020-08-10 16:00:00,132,0,132
2020-08-10 17:00:00,185,2,183
2020-08-10 18:00:00,157,1,156
2020-08-10 19:00:00,114,0,114
2020-08-10 20:00:00,77,0,77
2020-08-10 21:00:00,9,0,9
2020-08-10 22:00:00,3,0,3
2020-08-10 23:00:00,4,0,4
2020-08-11 00:00:00,1,0,1
2020-08-11 01:00:00,0,0,0
2020-08-11 02:00:00,1,0,1
2020-08-11 03:00:00,0,0,0
2020-08-11 04:00:00,0,0,0
2020-08-11 05:00:00,15,0,15
2020-08-11 06:00:00,37,0,37
2020-08-11 07:00:00,74,0,74
2020-08-11 08:00:00,78,0,78
2020-08-11 09:00:00,77,0,77
2020-08-11 10:00:00,75,0,75
2020-08-11 11:00:00,93,3,90
2020-08-11 12:00:00,113,0,113
2020-08-11 13:00:00,110,0,110
2020-08-11 14:00:00,119,0,119
2020-08-11 15:00:00,122,0,122
2020-08-11 16:00:00,163,0,163
2020-08-11 17:00:00,166,0,166
2020-08-11 18:00:00,146,0,146
2020-08-11 19:00:00,124,0,124
2020-08-11 20:00:00,73,0,73
2020-08-11 21:00:00,14,0,14
2020-08-11 22:00:00,6,0,6
2020-08-11 23:00:00,2,0,2
2020-08-12 00:00:00,0,0,0
2020-08-12 01:00:00,0,0,0
2020-08-12 02:00:00,1,0,1
2020-08-12 03:00:00,0,0,0
2020-08-12 04:00:00,5,0,5
2020-08-12 05:00:00,12,0,12
2020-08-12 06:00:00,39,0,39
2020-08-12 07:00:00,76,1,75
2020-08-12 08:00:00,59,0,59
2020-08-12 09:00:00,64,0,64
2020-08-12 10:00:00,73,0,73
2020-08-12 11:00:00,81,0,81
2020-08-12 12:00:00,86,0,86
2020-08-12 13:00:00,79,0,79
2020-08-12 14:00:00,101,0,101
2020-08-12 15:00:00,99,0,99
2020-08-12 16:00:00,149,0,149
2020-08-12 17:00:00,157,0,157
2020-08-12 18:00:00,175,0,175
2020-08-12 19:00:00,133,0,133
2020-08-12 20:00:00,44,0,44
2020-08-12 21:00:00,9,0,9
2020-08-12 22:00:00,1,0,1
2020-08-12 23:00:00,0,0,0
2020-08-13 00:00:00,0,0,0
2020-08-13 01:00:00,0,0,0
2020-08-13 02:00:00,0,0,0
2020-08-13 03:00:00,0,0,0
2020-08-13 04:00:00,1,0,1
2020-08-13 05:00:00,12,0,12
2020-08-13 06:00:00,41,1,40
2020-08-13 07:00:00,68,2,66
2020-08-13 08:00:00,64,0,64
2020-08-13 09:00:00,71,0,71
2020-08-13 10:00:00,74,0,74
2020-08-13 11:00:00,101,0,101
2020-08-13 12:00:00,98,0,98
2020-08-13 13:00:00,104,0,104
2020-08-13 14:00:00,94,0,94
2020-08-13 15:00:00,119,0,119
2020-08-13 16:00:00,151,0,151
2020-08-13 17:00:00,213,0,213
2020-08-13 18:00:00,200,0,200
2020-08-13 19:00:00,149,0,149
2020-08-13 20:00:00,96,0,96
2020-08-13 21:00:00,12,0,12
2020-08-13 22:00:00,6,0,6
2020-08-13 23:00:00,3,0,3
2020-08-14 00:00:00,0,0,0
2020-08-14 01:00:00,1,0,1
2020-08-14 02:00:00,0,0,0
2020-08-14 03:00:00,0,0,0
2020-08-14 04:00:00,1,0,1
2020-08-14 05:00:00,9,0,9
2020-08-14 06:00:00,44,0,44
2020-08-14 07:00:00,72,0,72
2020-08-14 08:00:00,72,2,70
2020-08-14 09:00:00,86,0,86
2020-08-14 10:00:00,113,0,113
2020-08-14 11:00:00,131,0,131
2020-08-14 12:00:00,137,0,137
2020-08-14 13:00:00,134,0,134
2020-08-14 14:00:00,142,0,142
2020-08-14 15:00:00,151,0,151
2020-08-14 16:00:00,183,1,182
2020-08-14 17:00:00,185,7,178
2020-08-14 18:00:00,151,0,151
2020-08-14 19:00:00,124,0,124
2020-08-14 20:00:00,80,0,80
2020-08-14 21:00:00,29,0,29
2020-08-14 22:00:00,3,0,3
2020-08-14 23:00:00,2,0,2
2020-08-15 00:00:00,2,0,2
2020-08-15 01:00:00,3,0,3
2020-08-15 02:00:00,0,0,0
2020-08-15 03:00:00,0,0,0
2020-08-15 04:00:00,0,0,0
2020-08-15 05:00:00,7,0,7
2020-08-15 06:00:00,31,0,31
2020-08-15 07:00:00,80,0,80
2020-08-15 08:00:00,151,0,151
2020-08-15 09:00:00,242,0,242
2020-08-15 10:00:00,260,0,260
2020-08-15 11:00:00,285,0,285
2020-08-15 12:00:00,276,0,276
2020-08-15 13:00:00,266,0,266
2020-08-15 14:00:00,264,3,261
2020-08-15 15:00:00,247,0,247
2020-08-15 16:00:00,235,9,226
2020-08-15 17:00:00,151,28,123
2020-08-15 18:00:00,137,7,130
2020-08-15 19:00:00,95,1,94
2020-08-15 20:00:00,57,0,57
2020-08-15 21:00:00,24,0,24
2020-08-15 22:00:00,7,0,7
2020-08-15 23:00:00,1,0,1
2020-08-16 00:00:00,0,0,0
2020-08-16 01:00:00,0,0,0
2020-08-16 02:00:00,1,0,1
2020-08-16 03:00:00,0,0,0
2020-08-16 04:00:00,0,0,0
2020-08-16 05:00:00,5,0,5
2020-08-16 06:00:00,38,0,38
2020-08-16 07:00:00,84,0,84
2020-08-16 08:00:00,170,0,170
2020-08-16 09:00:00,191,0,191
2020-08-16 10:00:00,244,0,244
2020-08-16 11:00:00,245,2,243
2020-08-16 12:00:00,198,1,197
2020-08-16 13:00:00,186,4,182
2020-08-16 14:00:00,153,10,143
2020-08-16 15:00:00,128,20,108
2020-08-16 16:00:00,81,17,64
2020-08-16 17:00:00,82,15,67
2020-08-16 18:00:00,92,23,69
2020-08-16 19:00:00,57,18,39
2020-08-16 20:00:00,29,5,24
2020-08-16 21:00:00,10,1,9
2020-08-16 22:00:00,3,0,3
2020-08-16 23:00:00,2,1,1
2020-08-17 00:00:00,2,0,2
2020-08-17 01:00:00,1,0,1
2020-08-17 02:00:00,0,0,0
2020-08-17 03:00:00,0,0,0
2020-08-17 04:00:00,1,0,1
2020-08-17 05:00:00,7,0,7
2020-08-17 06:00:00,26,0,26
2020-08-17 07:00:00,67,0,67
2020-08-17 08:00:00,74,1,73
2020-08-17 09:00:00,71,0,71
2020-08-17 10:00:00,95,0,95
2020-08-17 11:00:00,107,0,107
2020-08-17 12:00:00,121,0,121
2020-08-17 13:00:00,101,0,101
2020-08-17 14:00:00,73,1,72
2020-08-17 15:00:00,68,2,66
2020-08-17 16:00:00,94,18,76
2020-08-17 17:00:00,122,25,97
2020-08-17 18:00:00,96,15,81
2020-08-17 19:00:00,91,4,87
2020-08-17 20:00:00,46,0,46
2020-08-17 21:00:00,26,0,26
2020-08-17 22:00:00,2,0,2
2020-08-17 23:00:00,2,0,2
2020-08-18 00:00:00,0,0,0
2020-08-18 01:00:00,0,0,0
2020-08-18 02:00:00,0,0,0
2020-08-18 03:00:00,0,0,0
2020-08-18 04:00:00,3,0,3
2020-08-18 05:00:00,7,0,7
2020-08-18 06:00:00,41,0,41
2020-08-18 07:00:00,77,0,77
2020-08-18 08:00:00,68,0,68
2020-08-18 09:00:00,76,0,76
2020-08-18 10:00:00,76,0,76
2020-08-18 11:00:00,88,0,88
2020-08-18 12:00:00,122,0,122
2020-08-18 13:00:00,87,0,87
2020-08-18 14:00:00,100,0,100
2020-08-18 15:00:00,119,0,119
2020-08-18 16:00:00,161,2,159
2020-08-18 17:00:00,202,14,188
2020-08-18 18:00:00,164,2,162
2020-08-18 19:00:00,160,0,160
2020-08-18 20:00:00,73,0,73
2020-08-18 21:00:00,14,0,14
2020-08-18 22:00:00,7,0,7
2020-08-18 23:00:00,1,0,1
2020-08-19 00:00:00,0,0,0
2020-08-19 01:00:00,2,0,2
2020-08-19 02:00:00,1,0,1
2020-08-19 03:00:00,0,0,0
2020-08-19 04:00:00,3,0,3
2020-08-19 05:00:00,7,0,7
2020-08-19 06:00:00,41,12,29
2020-08-19 07:00:00,76,4,72
2020-08-19 08:00:00,77,8,69
2020-08-19 09:00:00,90,0,90
2020-08-19 10:00:00,67,0,67
2020-08-19 11:00:00,97,0,97
2020-08-19 12:00:00,103,0,103
2020-08-19 13:00:00,111,0,111
2020-08-19 14:00:00,118,0,118
2020-08-19 15:00:00,112,0,112
2020-08-19 16:00:00,141,4,137
2020-08-19 17:00:00,172,6,166
2020-08-19 18:00:00,154,3,151
2020-08-19 19:00:00,124,1,123
2020-08-19 20:00:00,43,0,43
2020-08-19 21:00:00,15,0,15
2020-08-19 22:00:00,4,0,4
2020-08-19 23:00:00,0,0,0
2020-08-20 00:00:00,0,0,0
2020-08-20 01:00:00,0,0,0
2020-08-20 02:00:00,0,0,0
2020-08-20 03:00:00,0,0,0
2020-08-20 04:00:00,1,0,1
2020-08-20 05:00:00,9,0,9
2020-08-20 06:00:00,12,1,11
2020-08-20 07:00:00,25,0,25
2020-08-20 08:00:00,52,0,52
2020-08-20 09:00:00,49,0,49
2020-08-20 10:00:00,84,0,84
2020-08-20 11:00:00,78,0,78
2020-08-20 12:00:00,87,0,87
2020-08-20 13:00:00,109,0,109
2020-08-20 14:00:00,102,0,102
2020-08-20 15:00:00,124,0,124
2020-08-20 16:00:00,115,0,115
2020-08-20 17:00:00,162,3,159
2020-08-20 18:00:00,145,1,144
2020-08-20 19:00:00,82,1,81
2020-08-20 20:00:00,33,1,32
2020-08-20 21:00:00,9,0,9
2020-08-20 22:00:00,6,0,6
2020-08-20 23:00:00,3,0,3
2020-08-21 00:00:00,2,0,2
2020-08-21 01:00:00,0,0,0
2020-08-21 02:00:00,0,0,0
2020-08-21 03:00:00,0,0,0
2020-08-21 04:00:00,2,0,2
2020-08-21 05:00:00,9,0,9
2020-08-21 06:00:00,24,0,24
2020-08-21 07:00:00,47,0,47
2020-08-21 08:00:00,48,0,48
2020-08-21 09:00:00,37,0,37
2020-08-21 10:00:00,51,0,51
2020-08-21 11:00:00,44,0,44
2020-08-21 12:00:00,47,0,47
2020-08-21 13:00:00,62,0,62
2020-08-21 14:00:00,47,0,47
2020-08-21 15:00:00,50,0,50
2020-08-21 16:00:00,79,0,79
2020-08-21 17:00:00,54,0,54
2020-08-21 18:00:00,66,0,66
2020-08-21 19:00:00,39,0,39
2020-08-21 20:00:00,30,0,30
2020-08-21 21:00:00,1,0,1
2020-08-21 22:00:00,2,0,2
2020-08-21 23:00:00,0,0,0
2020-08-22 00:00:00,0,0,0
2020-08-22 01:00:00,0,0,0
2020-08-22 02:00:00,0,0,0
2020-08-22 03:00:00,1,0,1
2020-08-22 04:00:00,7,0,7
2020-08-22 05:00:00,6,0,6
2020-08-22 06:00:00,19,0,19
2020-08-22 07:00:00,44,0,44
2020-08-22 08:00:00,85,0,85
2020-08-22 09:00:00,122,1,121
2020-08-22 10:00:00,167,0,167
2020-08-22 11:00:00,257,0,257
2020-08-22 12:00:00,233,0,233
2020-08-22 13:00:00,257,0,257
2020-08-22 14:00:00,280,0,280
2020-08-22 15:00:00,280,0,280
2020-08-22 16:00:00,231,0,231
2020-08-22 17:00:00,242,1,241
2020-08-22 18:00:00,128,0,128
2020-08-22 19:00:00,87,0,87
2020-08-22 20:00:00,55,0,55
2020-08-22 21:00:00,5,0,5
2020-08-22 22:00:00,3,0,3
2020-08-22 23:00:00,2,0,2
2020-08-23 00:00:00,0,0,0
2020-08-23 01:00:00,0,0,0
2020-08-23 02:00:00,0,0,0
2020-08-23 03:00:00,2,0,2
2020-08-23 04:00:00,1,0,1
2020-08-23 05:00:00,5,0,5
2020-08-23 06:00:00,20,0,20
2020-08-23 07:00:00,74,1,73
2020-08-23 08:00:00,113,0,113
2020-08-23 09:00:00,156,0,156
2020-08-23 10:00:00,175,0,175
2020-08-23 11:00:00,221,0,221
2020-08-23 12:00:00,266,69,197
2020-08-23 13:00:00,267,117,150
2020-08-23 14:00:00,312,163,149
2020-08-23 15:00:00,284,155,129
2020-08-23 16:00:00,275,141,134
2020-08-23 17:00:00,200,107,93
2020-08-23 18:00:00,146,83,63
2020-08-23 19:00:00,97,56,41
2020-08-23 20:00:00,28,14,14
2020-08-23 21:00:00,8,4,4
2020-08-23 22:00:00,5,4,1
2020-08-23 23:00:00,2,1,1
2020-08-24 00:00:00,0,0,0
2020-08-24 01:00:00,1,1,0
2020-08-24 02:00:00,0,0,0
2020-08-24 03:00:00,1,0,1
2020-08-24 04:00:00,1,1,0
2020-08-24 05:00:00,8,3,5
2020-08-24 06:00:00,35,25,10
2020-08-24 07:00:00,49,28,21
2020-08-24 08:00:00,52,33,19
2020-08-24 09:00:00,70,39,31
2020-08-24 10:00:00,60,28,32
2020-08-24 11:00:00,80,42,38
2020-08-24 12:00:00,112,52,60
2020-08-24 13:00:00,111,63,48
2020-08-24 14:00:00,110,48,62
2020-08-24 15:00:00,120,57,63
2020-08-24 16:00:00,123,54,69
2020-08-24 17:00:00,148,69,79
2020-08-24 18:00:00,144,71,73
2020-08-24 19:00:00,105,64,41
2020-08-24 20:00:00,41,21,20
2020-08-24 21:00:00,3,2,1
2020-08-24 22:00:00,1,0,1
2020-08-24 23:00:00,1,0,1
2020-08-25 00:00:00,0,0,0
2020-08-25 01:00:00,0,0,0
2020-08-25 02:00:00,0,0,0
2020-08-25 03:00:00,1,0,1
2020-08-25 04:00:00,1,1,0
2020-08-25 05:00:00,12,7,5
2020-08-25 06:00:00,41,26,15
2020-08-25 07:00:00,75,41,34
2020-08-25 08:00:00,66,37,29
2020-08-25 09:00:00,64,36,28
2020-08-25 10:00:00,89,54,35
2020-08-25 11:00:00,115,64,51
2020-08-25 12:00:00,102,53,49
2020-08-25 13:00:00,105,54,51
2020-08-25 14:00:00,124,68,56
2020-08-25 15:00:00,123,55,68
2020-08-25 16:00:00,157,73,84
2020-08-25 17:00:00,217,82,135
2020-08-25 18:00:00,175,78,97
2020-08-25 19:00:00,120,70,50
2020-08-25 20:00:00,54,36,18
2020-08-25 21:00:00,6,3,3
2020-08-25 22:00:00,3,1,2
2020-08-25 23:00:00,2,0,2
2020-08-26 00:00:00,0,0,0
2020-08-26 01:00:00,1,0,1
2020-08-26 02:00:00,2,1,1
2020-08-26 03:00:00,0,0,0
2020-08-26 04:00:00,4,3,1
2020-08-26 05:00:00,11,4,7
2020-08-26 06:00:00,48,25,23
2020-08-26 07:00:00,71,32,39
2020-08-26 08:00:00,74,35,39
2020-08-26 09:00:00,69,35,34
2020-08-26 10:00:00,85,30,55
2020-08-26 11:00:00,90,47,43
2020-08-26 12:00:00,105,52,53
2020-08-26 13:00:00,94,45,49
2020-08-26 14:00:00,144,66,78
2020-08-26 15:00:00,121,50,71
2020-08-26 16:00:00,155,74,81
2020-08-26 17:00:00,173,70,103
2020-08-26 18:00:00,151,74,77
2020-08-26 19:00:00,116,64,52
2020-08-26 20:00:00,46,32,14
2020-08-26 21:00:00,14,3,11
2020-08-26 22:00:00,2,1,1
2020-08-26 23:00:00,2,1,1
2020-08-27 00:00:00,1,0,1
2020-08-27 01:00:00,0,0,0
2020-08-27 02:00:00,0,0,0
2020-08-27 03:00:00,0,0,0
2020-08-27 04:00:00,2,2,0
2020-08-27 05:00:00,13,8,5
2020-08-27 06:00:00,28,18,10
2020-08-27 07:00:00,65,41,24
2020-08-27 08:00:00,59,38,21
2020-08-27 09:00:00,71,31,40
2020-08-27 10:00:00,79,44,35
2020-08-27 11:00:00,107,56,51
2020-08-27 12:00:00,88,61,27
2020-08-27 13:00:00,97,45,52
2020-08-27 14:00:00,113,40,73
2020-08-27 15:00:00,120,53,67
2020-08-27 16:00:00,166,66,100
2020-08-27 17:00:00,174,66,108
2020-08-27 18:00:00,156,74,82
2020-08-27 19:00:00,101,46,55
2020-08-27 20:00:00,38,26,12
2020-08-27 21:00:00,16,10,6
2020-08-27 22:00:00,4,3,1
2020-08-27 23:00:00,1,0,1
2020-08-28 00:00:00,0,0,0
2020-08-28 01:00:00,1,1,0
2020-08-28 02:00:00,0,0,0
2020-08-28 03:00:00,0,0,0
2020-08-28 04:00:00,3,3,0
2020-08-28 05:00:00,8,4,4
2020-08-28 06:00:00,37,25,12
2020-08-28 07:00:00,75,42,33
2020-08-28 08:00:00,77,31,46
2020-08-28 09:00:00,66,31,35
2020-08-28 10:00:00,116,64,52
2020-08-28 11:00:00,117,49,68
2020-08-28 12:00:00,129,72,57
2020-08-28 13:00:00,130,56,74
2020-08-28 14:00:00,180,94,86
2020-08-28 15:00:00,131,65,66
2020-08-28 16:00:00,196,96,100
2020-08-28 17:00:00,150,67,83
2020-08-28 18:00:00,123,54,69
2020-08-28 19:00:00,93,42,51
2020-08-28 20:00:00,36,20,16
2020-08-28 21:00:00,16,6,10
2020-08-28 22:00:00,4,1,3
2020-08-28 23:00:00,2,0,2
2020-08-29 00:00:00,1,1,0
2020-08-29 01:00:00,1,1,0
2020-08-29 02:00:00,1,1,0
2020-08-29 03:00:00,0,0,0
2020-08-29 04:00:00,1,1,0
2020-08-29 05:00:00,8,1,7
2020-08-29 06:00:00,23,9,14
2020-08-29 07:00:00,53,16,37
2020-08-29 08:00:00,125,63,62
2020-08-29 09:00:00,151,51,100
2020-08-29 10:00:00,198,96,102
2020-08-29 11:00:00,189,73,116
2020-08-29 12:00:00,207,93,114
2020-08-29 13:00:00,248,127,121
2020-08-29 14:00:00,220,112,108
2020-08-29 15:00:00,206,99,107
2020-08-29 16:00:00,169,103,66
2020-08-29 17:00:00,153,81,72
2020-08-29 18:00:00,118,61,57
2020-08-29 19:00:00,76,40,36
2020-08-29 20:00:00,16,7,9
2020-08-29 21:00:00,11,4,7
2020-08-29 22:00:00,4,1,3
2020-08-29 23:00:00,2,1,1
2020-08-30 00:00:00,0,0,0
2020-08-30 01:00:00,0,0,0
2020-08-30 02:00:00,0,0,0
2020-08-30 03:00:00,4,3,1
2020-08-30 04:00:00,0,0,0
2020-08-30 05:00:00,5,3,2
2020-08-30 06:00:00,21,15,6
2020-08-30 07:00:00,41,12,29
2020-08-30 08:00:00,77,32,45
2020-08-30 09:00:00,117,54,63
2020-08-30 10:00:00,198,110,88
2020-08-30 11:00:00,266,108,158
2020-08-30 12:00:00,262,108,154
2020-08-30 13:00:00,284,135,149
2020-08-30 14:00:00,284,132,152
2020-08-30 15:00:00,273,123,150
2020-08-30 16:00:00,278,137,141
2020-08-30 17:00:00,178,111,67
2020-08-30 18:00:00,161,92,69
2020-08-30 19:00:00,55,34,21
2020-08-30 20:00:00,14,10,4
2020-08-30 21:00:00,7,3,4
2020-08-30 22:00:00,5,3,2
2020-08-30 23:00:00,0,0,0
2020-08-31 00:00:00,1,1,0
2020-08-31 01:00:00,0,0,0
2020-08-31 02:00:00,0,0,0
2020-08-31 03:00:00,0,0,0
2020-08-31 04:00:00,0,0,0
2020-08-31 05:00:00,8,5,3
2020-08-31 06:00:00,19,10,9
2020-08-31 07:00:00,34,23,11
2020-08-31 08:00:00,29,19,10
2020-08-31 09:00:00,49,20,29
2020-08-31 10:00:00,47,27,20
2020-08-31 11:00:00,74,40,34
2020-08-31 12:00:00,63,23,40
2020-08-31 13:00:00,75,40,35
2020-08-31 14:00:00,82,35,47
2020-08-31 15:00:00,89,40,49
2020-08-31 16:00:00,128,52,76
2020-08-31 17:00:00,140,60,80
2020-08-31 18:00:00,140,72,68
2020-08-31 19:00:00,117,60,57
2020-08-31 20:00:00,20,17,3
2020-08-31 21:00:00,5,0,5
2020-08-31 22:00:00,3,2,1
2020-08-31 23:00:00,2,2,0
2020-09-01 00:00:00,1,0,1
2020-09-01 01:00:00,0,0,0
2020-09-01 02:00:00,0,0,0
2020-09-01 03:00:00,1,1,0
2020-09-01 04:00:00,1,1,0
2020-09-01 05:00:00,13,8,5
2020-09-01 06:00:00,43,32,11
2020-09-01 07:00:00,71,50,21
2020-09-01 08:00:00,71,39,32
2020-09-01 09:00:00,81,38,43
2020-09-01 10:00:00,78,37,41
2020-09-01 11:00:00,96,53,43
2020-09-01 12:00:00,106,46,60
2020-09-01 13:00:00,112,67,45
2020-09-01 14:00:00,109,46,63
2020-09-01 15:00:00,156,74,82
2020-09-01 16:00:00,176,72,104
2020-09-01 17:00:00,243,92,151
2020-09-01 18:00:00,217,94,123
2020-09-01 19:00:00,116,73,43
2020-09-01 20:00:00,45,18,27
2020-09-01 21:00:00,15,9,6
2020-09-01 22:00:00,9,6,3
2020-09-01 23:00:00,5,1,4
2020-09-02 00:00:00,4,4,0
2020-09-02 01:00:00,3,2,1
2020-09-02 02:00:00,1,0,1
2020-09-02 03:00:00,0,0,0
2020-09-02 04:00:00,3,2,1
2020-09-02 05:00:00,14,9,5
2020-09-02 06:00:00,49,33,16
2020-09-02 07:00:00,58,40,18
2020-09-02 08:00:00,73,45,28
2020-09-02 09:00:00,55,34,21
2020-09-02 10:00:00,68,39,29
2020-09-02 11:00:00,103,36,67
2020-09-02 12:00:00,101,51,50
2020-09-02 13:00:00,115,62,53
2020-09-02 14:00:00,122,54,68
2020-09-02 15:00:00,115,56,59
2020-09-02 16:00:00,149,80,69
2020-09-02 17:00:00,208,77,131
2020-09-02 18:00:00,141,55,86
2020-09-02 19:00:00,95,41,54
2020-09-02 20:00:00,27,17,10
2020-09-02 21:00:00,3,1,2
2020-09-02 22:00:00,2,1,1
2020-09-02 23:00:00,5,2,3
2020-09-03 00:00:00,0,0,0
2020-09-03 01:00:00,1,1,0
2020-09-03 02:00:00,0,0,0
2020-09-03 03:00:00,0,0,0
2020-09-03 04:00:00,2,2,0
2020-09-03 05:00:00,9,5,4
2020-09-03 06:00:00,33,20,13
2020-09-03 07:00:00,72,47,25
2020-09-03 08:00:00,66,39,27
2020-09-03 09:00:00,78,42,36
2020-09-03 10:00:00,67,30,37
2020-09-03 11:00:00,94,52,42
2020-09-03 12:00:00,116,52,64
2020-09-03 13:00:00,98,48,50
2020-09-03 14:00:00,94,38,56
2020-09-03 15:00:00,125,58,67
2020-09-03 16:00:00,156,64,92
2020-09-03 17:00:00,204,96,108
2020-09-03 18:00:00,154,52,102
2020-09-03 19:00:00,105,51,54
2020-09-03 20:00:00,27,18,9
2020-09-03 21:00:00,10,4,6
2020-09-03 22:00:00,1,1,0
2020-09-03 23:00:00,1,0,1
2020-09-04 00:00:00,2,2,0
2020-09-04 01:00:00,0,0,0
2020-09-04 02:00:00,0,0,0
2020-09-04 03:00:00,0,0,0
2020-09-04 04:00:00,2,1,1
2020-09-04 05:00:00,13,7,6
2020-09-04 06:00:00,47,29,18
2020-09-04 07:00:00,61,37,24
2020-09-04 08:00:00,89,42,47
2020-09-04 09:00:00,89,43,46
2020-09-04 10:00:00,87,39,48
2020-09-04 11:00:00,137,64,73
2020-09-04 12:00:00,133,59,74
2020-09-04 13:00:00,133,70,63
2020-09-04 14:00:00,144,65,79
2020-09-04 15:00:00,162,64,98
2020-09-04 16:00:00,129,61,68
2020-09-04 17:00:00,147,48,99
2020-09-04 18:00:00,137,61,76
2020-09-04 19:00:00,82,46,36
2020-09-04 20:00:00,21,14,7
2020-09-04 21:00:00,13,10,3
2020-09-04 22:00:00,2,0,2
2020-09-04 23:00:00,3,2,1
2020-09-05 00:00:00,2,2,0
2020-09-05 01:00:00,0,0,0
2020-09-05 02:00:00,2,2,0
2020-09-05 03:00:00,0,0,0
2020-09-05 04:00:00,1,1,0
2020-09-05 05:00:00,3,0,3
2020-09-05 06:00:00,22,10,12
2020-09-05 07:00:00,70,26,44
2020-09-05 08:00:00,135,48,87
2020-09-05 09:00:00,165,61,104
2020-09-05 10:00:00,232,98,134
2020-09-05 11:00:00,194,85,109
2020-09-05 12:00:00,219,89,130
2020-09-05 13:00:00,221,102,119
2020-09-05 14:00:00,223,107,116
2020-09-05 15:00:00,205,91,114
2020-09-05 16:00:00,230,122,108
2020-09-05 17:00:00,146,71,75
2020-09-05 18:00:00,122,77,45
2020-09-05 19:00:00,80,30,50
2020-09-05 20:00:00,36,24,12
2020-09-05 21:00:00,4,3,1
2020-09-05 22:00:00,4,1,3
2020-09-05 23:00:00,1,1,0
2020-09-06 00:00:00,0,0,0
2020-09-06 01:00:00,0,0,0
2020-09-06 02:00:00,0,0,0
2020-09-06 03:00:00,0,0,0
2020-09-06 04:00:00,1,0,1
2020-09-06 05:00:00,5,2,3
2020-09-06 06:00:00,14,10,4
2020-09-06 07:00:00,37,11,26
2020-09-06 08:00:00,82,28,54
2020-09-06 09:00:00,121,43,78
2020-09-06 10:00:00,204,78,126
2020-09-06 11:00:00,287,141,146
2020-09-06 12:00:00,216,87,129
2020-09-06 13:00:00,295,147,148
2020-09-06 14:00:00,287,121,166
2020-09-06 15:00:00,256,137,119
2020-09-06 16:00:00,239,146,93
2020-09-06 17:00:00,182,103,79
2020-09-06 18:00:00,127,70,57
2020-09-06 19:00:00,73,38,35
2020-09-06 20:00:00,32,21,11
2020-09-06 21:00:00,6,2,4
2020-09-06 22:00:00,3,0,3
2020-09-06 23:00:00,0,0,0
2020-09-07 00:00:00,0,0,0
2020-09-07 01:00:00,0,0,0
2020-09-07 02:00:00,0,0,0
2020-09-07 03:00:00,0,0,0
2020-09-07 04:00:00,2,1,1
2020-09-07 05:00:00,7,2,5
2020-09-07 06:00:00,13,5,8
2020-09-07 07:00:00,40,15,25
2020-09-07 08:00:00,111,52,59
2020-09-07 09:00:00,172,67,105
2020-09-07 10:00:00,268,105,163
2020-09-07 11:00:00,297,128,169
2020-09-07 12:00:00,252,126,126
2020-09-07 13:00:00,279,124,155
2020-09-07 14:00:00,258,131,127
2020-09-07 15:00:00,229,121,108
2020-09-07 16:00:00,193,105,88
2020-09-07 17:00:00,177,85,92
2020-09-07 18:00:00,97,61,36
2020-09-07 19:00:00,57,29,28
2020-09-07 20:00:00,26,18,8
2020-09-07 21:00:00,2,1,1
2020-09-07 22:00:00,4,2,2
2020-09-07 23:00:00,0,0,0
2020-09-08 00:00:00,1,0,1
2020-09-08 01:00:00,0,0,0
2020-09-08 02:00:00,0,0,0
2020-09-08 03:00:00,0,0,0
2020-09-08 04:00:00,3,2,1
2020-09-08 05:00:00,8,5,3
2020-09-08 06:00:00,20,18,2
2020-09-08 07:00:00,35,25,10
2020-09-08 08:00:00,22,13,9
2020-09-08 09:00:00,21,11,10
2020-09-08 10:00:00,31,14,17
2020-09-08 11:00:00,36,18,18
2020-09-08 12:00:00,26,14,12
2020-09-08 13:00:00,33,12,21
2020-09-08 14:00:00,59,39,20
2020-09-08 15:00:00,64,27,37
2020-09-08 16:00:00,67,34,33
2020-09-08 17:00:00,73,27,46
2020-09-08 18:00:00,42,15,27
2020-09-08 19:00:00,35,11,24
2020-09-08 20:00:00,12,8,4
2020-09-08 21:00:00,5,2,3
2020-09-08 22:00:00,1,0,1
2020-09-08 23:00:00,0,0,0
2020-09-09 00:00:00,0,0,0
2020-09-09 01:00:00,0,0,0
2020-09-09 02:00:00,1,0,1
2020-09-09 03:00:00,0,0,0
2020-09-09 04:00:00,1,1,0
2020-09-09 05:00:00,8,6,2
2020-09-09 06:00:00,22,21,1
2020-09-09 07:00:00,44,33,11
2020-09-09 08:00:00,38,25,13
2020-09-09 09:00:00,42,20,22
2020-09-09 10:00:00,51,28,23
2020-09-09 11:00:00,72,33,39
2020-09-09 12:00:00,40,23,17
2020-09-09 13:00:00,34,22,12
2020-09-09 14:00:00,46,20,26
2020-09-09 15:00:00,73,19,54
2020-09-09 16:00:00,103,45,58
2020-09-09 17:00:00,101,41,60
2020-09-09 18:00:00,101,45,56
2020-09-09 19:00:00,71,35,36
2020-09-09 20:00:00,23,13,10
2020-09-09 21:00:00,11,3,8
2020-09-09 22:00:00,3,2,1
2020-09-09 23:00:00,0,0,0
2020-09-10 00:00:00,0,0,0
2020-09-10 01:00:00,0,0,0
2020-09-10 02:00:00,0,0,0
2020-09-10 03:00:00,0,0,0
2020-09-10 04:00:00,2,2,0
2020-09-10 05:00:00,7,4,3
2020-09-10 06:00:00,38,23,15
2020-09-10 07:00:00,49,31,18
2020-09-10 08:00:00,56,36,20
2020-09-10 09:00:00,49,30,19
2020-09-10 10:00:00,67,31,36
2020-09-10 11:00:00,60,31,29
2020-09-10 12:00:00,72,28,44
2020-09-10 13:00:00,67,30,37
2020-09-10 14:00:00,61,29,32
2020-09-10 15:00:00,73,21,52
2020-09-10 16:00:00,72,28,44
2020-09-10 17:00:00,97,39,58
2020-09-10 18:00:00,87,38,49
2020-09-10 19:00:00,66,28,38
2020-09-10 20:00:00,20,9,11
2020-09-10 21:00:00,1,0,1
2020-09-10 22:00:00,5,4,1
2020-09-10 23:00:00,0,0,0
2020-09-11 00:00:00,2,1,1
2020-09-11 01:00:00,0,0,0
2020-09-11 02:00:00,0,0,0
2020-09-11 03:00:00,0,0,0
2020-09-11 04:00:00,1,1,0
2020-09-11 05:00:00,10,7,3
2020-09-11 06:00:00,16,12,4
2020-09-11 07:00:00,21,12,9
2020-09-11 08:00:00,31,17,14
2020-09-11 09:00:00,25,13,12
2020-09-11 10:00:00,22,11,11
2020-09-11 11:00:00,24,14,10
2020-09-11 12:00:00,19,5,14
2020-09-11 13:00:00,28,17,11
2020-09-11 14:00:00,23,16,7
2020-09-11 15:00:00,14,4,10
2020-09-11 16:00:00,25,12,13
2020-09-11 17:00:00,17,5,12
2020-09-11 18:00:00,14,4,10
2020-09-11 19:00:00,13,5,8
2020-09-11 20:00:00,4,2,2
2020-09-11 21:00:00,3,2,1
2020-09-11 22:00:00,3,1,2
2020-09-11 23:00:00,0,0,0
2020-09-12 00:00:00,0,0,0
2020-09-12 01:00:00,0,0,0
2020-09-12 02:00:00,0,0,0
2020-09-12 03:00:00,0,0,0
2020-09-12 04:00:00,0,0,0
2020-09-12 05:00:00,0,0,0
2020-09-12 06:00:00,1,1,0
2020-09-12 07:00:00,7,3,4
2020-09-12 08:00:00,13,4,9
2020-09-12 09:00:00,9,3,6
2020-09-12 10:00:00,11,8,3
2020-09-12 11:00:00,12,6,6
2020-09-12 12:00:00,8,5,3
2020-09-12 13:00:00,4,3,1
2020-09-12 14:00:00,11,6,5
2020-09-12 15:00:00,13,5,8
2020-09-12 16:00:00,17,5,12
2020-09-12 17:00:00,7,5,2
2020-09-12 18:00:00,6,4,2
2020-09-12 19:00:00,12,5,7
2020-09-12 20:00:00,1,1,0
2020-09-12 21:00:00,1,1,0
2020-09-12 22:00:00,1,0,1
2020-09-12 23:00:00,5,5,0
2020-09-13 00:00:00,0,0,0
2020-09-13 01:00:00,0,0,0
2020-09-13 02:00:00,0,0,0
2020-09-13 03:00:00,0,0,0
2020-09-13 04:00:00,0,0,0
2020-09-13 05:00:00,1,1,0
2020-09-13 06:00:00,3,2,1
2020-09-13 07:00:00,5,3,2
2020-09-13 08:00:00,8,2,6
2020-09-13 09:00:00,6,5,1
2020-09-13 10:00:00,4,1,3
2020-09-13 11:00:00,11,5,6
2020-09-13 12:00:00,14,4,10
2020-09-13 13:00:00,10,5,5
2020-09-13 14:00:00,18,10,8
2020-09-13 15:00:00,16,5,11
2020-09-13 16:00:00,11,8,3
2020-09-13 17:00:00,17,13,4
2020-09-13 18:00:00,8,1,7
2020-09-13 19:00:00,4,2,2
2020-09-13 20:00:00,5,3,2
2020-09-13 21:00:00,2,0,2
2020-09-13 22:00:00,1,0,1
2020-09-13 23:00:00,2,2,0
2020-09-14 00:00:00,0,0,0
2020-09-14 01:00:00,1,1,0
2020-09-14 02:00:00,0,0,0
2020-09-14 03:00:00,0,0,0
2020-09-14 04:00:00,2,1,1
2020-09-14 05:00:00,2,2,0
2020-09-14 06:00:00,11,9,2
2020-09-14 07:00:00,11,6,5
2020-09-14 08:00:00,13,11,2
2020-09-14 09:00:00,10,6,4
2020-09-14 10:00:00,5,3,2
2020-09-14 11:00:00,7,3,4
2020-09-14 12:00:00,10,6,4
2020-09-14 13:00:00,7,5,2
2020-09-14 14:00:00,7,3,4
2020-09-14 15:00:00,19,5,14
2020-09-14 16:00:00,24,11,13
2020-09-14 17:00:00,21,5,16
2020-09-14 18:00:00,16,8,8
2020-09-14 19:00:00,20,8,12
2020-09-14 20:00:00,1,1,0
2020-09-14 21:00:00,0,0,0
2020-09-14 22:00:00,0,0,0
2020-09-14 23:00:00,1,0,1
2020-09-15 00:00:00,1,0,1
2020-09-15 01:00:00,0,0,0
2020-09-15 02:00:00,0,0,0
2020-09-15 03:00:00,0,0,0
2020-09-15 04:00:00,1,0,1
2020-09-15 05:00:00,2,1,1
2020-09-15 06:00:00,3,3,0
2020-09-15 07:00:00,9,5,4
2020-09-15 08:00:00,12,8,4
2020-09-15 09:00:00,6,5,1
2020-09-15 10:00:00,7,6,1
2020-09-15 11:00:00,6,4,2
2020-09-15 12:00:00,3,2,1
2020-09-15 13:00:00,9,5,4
2020-09-15 14:00:00,6,1,5
2020-09-15 15:00:00,25,15,10
2020-09-15 16:00:00,27,9,18
2020-09-15 17:00:00,14,7,7
2020-09-15 18:00:00,25,12,13
2020-09-15 19:00:00,14,2,12
2020-09-15 20:00:00,7,6,1
2020-09-15 21:00:00,1,0,1
2020-09-15 22:00:00,1,0,1
2020-09-15 23:00:00,0,0,0
2020-09-16 00:00:00,0,0,0
2020-09-16 01:00:00,0,0,0
2020-09-16 02:00:00,3,2,1
2020-09-16 03:00:00,0,0,0
2020-09-16 04:00:00,2,2,0
2020-09-16 05:00:00,6,4,2
2020-09-16 06:00:00,12,9,3
2020-09-16 07:00:00,9,6,3
2020-09-16 08:00:00,13,7,6
2020-09-16 09:00:00,9,7,2
2020-09-16 10:00:00,11,8,3
2020-09-16 11:00:00,8,7,1
2020-09-16 12:00:00,9,1,8
2020-09-16 13:00:00,16,7,9
2020-09-16 14:00:00,16,5,11
2020-09-16 15:00:00,18,13,5
2020-09-16 16:00:00,17,5,12
2020-09-16 17:00:00,27,12,15
2020-09-16 18:00:00,23,8,15
2020-09-16 19:00:00,10,4,6
2020-09-16 20:00:00,2,1,1
2020-09-16 21:00:00,0,0,0
2020-09-16 22:00:00,1,0,1
2020-09-16 23:00:00,1,0,1
2020-09-17 00:00:00,0,0,0
2020-09-17 01:00:00,0,0,0
2020-09-17 02:00:00,0,0,0
2020-09-17 03:00:00,0,0,0
2020-09-17 04:00:00,0,0,0
2020-09-17 05:00:00,6,4,2
2020-09-17 06:00:00,7,6,1
2020-09-17 07:00:00,14,8,6
2020-09-17 08:00:00,15,11,4
2020-09-17 09:00:00,13,9,4
2020-09-17 10:00:00,7,5,2
2020-09-17 11:00:00,20,15,5
2020-09-17 12:00:00,18,9,9
2020-09-17 13:00:00,21,13,8
2020-09-17 14:00:00,24,6,18
2020-09-17 15:00:00,33,16,17
2020-09-17 16:00:00,33,17,16
2020-09-17 17:00:00,40,19,21
2020-09-17 18:00:00,46,22,24
2020-09-17 19:00:00,23,11,12
2020-09-17 20:00:00,3,0,3
2020-09-17 21:00:00,0,0,0
2020-09-17 22:00:00,0,0,0
2020-09-17 23:00:00,1,1,0
2020-09-18 00:00:00,0,0,0
2020-09-18 01:00:00,0,0,0
2020-09-18 02:00:00,0,0,0
2020-09-18 03:00:00,0,0,0
2020-09-18 04:00:00,0,0,0
2020-09-18 05:00:00,8,4,4
2020-09-18 06:00:00,12,11,1
2020-09-18 07:00:00,14,12,2
2020-09-18 08:00:00,20,11,9
2020-09-18 09:00:00,13,9,4
2020-09-18 10:00:00,15,11,4
2020-09-18 11:00:00,26,13,13
2020-09-18 12:00:00,21,12,9
2020-09-18 13:00:00,8,3,5
2020-09-18 14:00:00,6,2,4
2020-09-18 15:00:00,7,0,7
2020-09-18 16:00:00,13,7,6
2020-09-18 17:00:00,23,8,15
2020-09-18 18:00:00,14,4,10
2020-09-18 19:00:00,6,4,2
2020-09-18 20:00:00,3,1,2
2020-09-18 21:00:00,1,1,0
2020-09-18 22:00:00,2,1,1
2020-09-18 23:00:00,1,0,1
2020-09-19 00:00:00,0,0,0
2020-09-19 01:00:00,0,0,0
2020-09-19 02:00:00,0,0,0
2020-09-19 03:00:00,0,0,0
2020-09-19 04:00:00,0,0,0
2020-09-19 05:00:00,1,0,1
2020-09-19 06:00:00,5,5,0
2020-09-19 07:00:00,21,10,11
2020-09-19 08:00:00,38,14,24
2020-09-19 09:00:00,44,21,23
2020-09-19 10:00:00,69,28,41
2020-09-19 11:00:00,81,34,47
2020-09-19 12:00:00,89,32,57
2020-09-19 13:00:00,120,48,72
2020-09-19 14:00:00,110,50,60
2020-09-19 15:00:00,122,70,52
2020-09-19 16:00:00,142,72,70
2020-09-19 17:00:00,91,51,40
2020-09-19 18:00:00,42,28,14
2020-09-19 19:00:00,7,5,2
2020-09-19 20:00:00,2,1,1
2020-09-19 21:00:00,1,0,1
2020-09-19 22:00:00,2,2,0
2020-09-19 23:00:00,0,0,0
2020-09-20 00:00:00,0,0,0
2020-09-20 01:00:00,0,0,0
2020-09-20 02:00:00,1,1,0
2020-09-20 03:00:00,0,0,0
2020-09-20 04:00:00,2,1,1
2020-09-20 05:00:00,2,0,2
2020-09-20 06:00:00,8,3,5
2020-09-20 07:00:00,33,8,25
2020-09-20 08:00:00,63,22,41
2020-09-20 09:00:00,74,43,31
2020-09-20 10:00:00,102,31,71
2020-09-20 11:00:00,183,58,125
2020-09-20 12:00:00,204,97,107
2020-09-20 13:00:00,190,90,100
2020-09-20 14:00:00,294,129,165
2020-09-20 15:00:00,288,123,165
2020-09-20 16:00:00,264,137,127
2020-09-20 17:00:00,176,111,65
2020-09-20 18:00:00,114,67,47
2020-09-20 19:00:00,53,39,14
2020-09-20 20:00:00,6,4,2
2020-09-20 21:00:00,4,2,2
2020-09-20 22:00:00,5,3,2
2020-09-20 23:00:00,0,0,0
2020-09-21 00:00:00,0,0,0
2020-09-21 01:00:00,0,0,0
2020-09-21 02:00:00,0,0,0
2020-09-21 03:00:00,0,0,0
2020-09-21 04:00:00,0,0,0
2020-09-21 05:00:00,9,4,5
2020-09-21 06:00:00,25,15,10
2020-09-21 07:00:00,63,44,19
2020-09-21 08:00:00,52,32,20
2020-09-21 09:00:00,46,25,21
2020-09-21 10:00:00,42,21,21
2020-09-21 11:00:00,57,24,33
2020-09-21 12:00:00,76,42,34
2020-09-21 13:00:00,76,40,36
2020-09-21 14:00:00,88,42,46
2020-09-21 15:00:00,82,41,41
2020-09-21 16:00:00,110,48,62
2020-09-21 17:00:00,159,62,97
2020-09-21 18:00:00,105,44,61
2020-09-21 19:00:00,69,40,29
2020-09-21 20:00:00,17,5,12
2020-09-21 21:00:00,11,7,4
2020-09-21 22:00:00,5,1,4
2020-09-21 23:00:00,0,0,0
2020-09-22 00:00:00,1,0,1
2020-09-22 01:00:00,1,0,1
2020-09-22 02:00:00,0,0,0
2020-09-22 03:00:00,0,0,0
2020-09-22 04:00:00,0,0,0
2020-09-22 05:00:00,15,12,3
2020-09-22 06:00:00,24,18,6
2020-09-22 07:00:00,42,27,15
2020-09-22 08:00:00,49,33,16
2020-09-22 09:00:00,63,25,38
2020-09-22 10:00:00,46,27,19
2020-09-22 11:00:00,55,22,33
2020-09-22 12:00:00,98,45,53
2020-09-22 13:00:00,106,46,60
2020-09-22 14:00:00,131,69,62
2020-09-22 15:00:00,157,67,90
2020-09-22 16:00:00,218,95,123
2020-09-22 17:00:00,202,100,102
2020-09-22 18:00:00,190,82,108
2020-09-22 19:00:00,78,57,21
2020-09-22 20:00:00,15,7,8
2020-09-22 21:00:00,5,3,2
2020-09-22 22:00:00,3,1,2
2020-09-22 23:00:00,5,2,3
2020-09-23 00:00:00,0,0,0
2020-09-23 01:00:00,3,0,3
2020-09-23 02:00:00,1,0,1
2020-09-23 03:00:00,0,0,0
2020-09-23 04:00:00,6,6,0
2020-09-23 05:00:00,8,5,3
2020-09-23 06:00:00,16,12,4
2020-09-23 07:00:00,29,21,8
2020-09-23 08:00:00,28,23,5
2020-09-23 09:00:00,19,13,6
2020-09-23 10:00:00,11,6,5
2020-09-23 11:00:00,20,10,10
2020-09-23 12:00:00,14,8,6
2020-09-23 13:00:00,6,4,2
2020-09-23 14:00:00,12,4,8
2020-09-23 15:00:00,13,4,9
2020-09-23 16:00:00,18,5,13
2020-09-23 17:00:00,29,8,21
2020-09-23 18:00:00,27,8,19
2020-09-23 19:00:00,10,4,6
2020-09-23 20:00:00,3,2,1
2020-09-23 21:00:00,1,0,1
2020-09-23 22:00:00,2,0,2
2020-09-23 23:00:00,1,1,0
2020-09-24 00:00:00,0,0,0
2020-09-24 01:00:00,0,0,0
2020-09-24 02:00:00,0,0,0
2020-09-24 03:00:00,0,0,0
2020-09-24 04:00:00,0,0,0
2020-09-24 05:00:00,4,3,1
2020-09-24 06:00:00,9,6,3
2020-09-24 07:00:00,19,14,5
2020-09-24 08:00:00,14,7,7
2020-09-24 09:00:00,8,3,5
2020-09-24 10:00:00,11,10,1
2020-09-24 11:00:00,3,2,1
2020-09-24 12:00:00,10,4,6
2020-09-24 13:00:00,17,6,11
2020-09-24 14:00:00,35,15,20
2020-09-24 15:00:00,62,35,27
2020-09-24 16:00:00,74,33,41
2020-09-24 17:00:00,83,33,50
2020-09-24 18:00:00,55,24,31
2020-09-24 19:00:00,37,28,9
2020-09-24 20:00:00,3,0,3
2020-09-24 21:00:00,4,2,2
2020-09-24 22:00:00,0,0,0
2020-09-24 23:00:00,0,0,0
2020-09-25 00:00:00,0,0,0
2020-09-25 01:00:00,0,0,0
2020-09-25 02:00:00,0,0,0
2020-09-25 03:00:00,0,0,0
2020-09-25 04:00:00,0,0,0
2020-09-25 05:00:00,6,3,3
2020-09-25 06:00:00,9,8,1
2020-09-25 07:00:00,8,7,1
2020-09-25 08:00:00,14,9,5
2020-09-25 09:00:00,6,6,0
2020-09-25 10:00:00,4,3,1
2020-09-25 11:00:00,5,1,4
2020-09-25 12:00:00,17,10,7
2020-09-25 13:00:00,19,7,12
2020-09-25 14:00:00,22,12,10
2020-09-25 15:00:00,24,6,18
2020-09-25 16:00:00,59,21,38
2020-09-25 17:00:00,73,36,37
2020-09-25 18:00:00,52,24,28
2020-09-25 19:00:00,12,8,4
2020-09-25 20:00:00,12,8,4
2020-09-25 21:00:00,3,2,1
2020-09-25 22:00:00,2,0,2
2020-09-25 23:00:00,3,2,1
2020-09-26 00:00:00,0,0,0
2020-09-26 01:00:00,0,0,0
2020-09-26 02:00:00,0,0,0
2020-09-26 03:00:00,0,0,0
2020-09-26 04:00:00,2,1,1
2020-09-26 05:00:00,2,1,1
2020-09-26 06:00:00,6,4,2
2020-09-26 07:00:00,13,4,9
2020-09-26 08:00:00,75,32,43
2020-09-26 09:00:00,69,25,44
2020-09-26 10:00:00,135,65,70
2020-09-26 11:00:00,120,55,65
2020-09-26 12:00:00,137,77,60
2020-09-26 13:00:00,155,85,70
2020-09-26 14:00:00,163,69,94
2020-09-26 15:00:00,115,53,62
2020-09-26 16:00:00,109,58,51
2020-09-26 17:00:00,90,49,41
2020-09-26 18:00:00,51,29,22
2020-09-26 19:00:00,24,17,7
2020-09-26 20:00:00,20,16,4
2020-09-26 21:00:00,4,0,4
2020-09-26 22:00:00,2,0,2
2020-09-26 23:00:00,0,0,0
2020-09-27 00:00:00,0,0,0
2020-09-27 01:00:00,0,0,0
2020-09-27 02:00:00,1,1,0
2020-09-27 03:00:00,0,0,0
2020-09-27 04:00:00,0,0,0
2020-09-27 05:00:00,3,1,2
2020-09-27 06:00:00,9,2,7
2020-09-27 07:00:00,47,22,25
2020-09-27 08:00:00,67,22,45
2020-09-27 09:00:00,142,60,82
2020-09-27 10:00:00,220,104,116
2020-09-27 11:00:00,249,112,137
2020-09-27 12:00:00,269,143,126
2020-09-27 13:00:00,319,138,181
2020-09-27 14:00:00,247,103,144
2020-09-27 15:00:00,277,140,137
2020-09-27 16:00:00,266,141,125
2020-09-27 17:00:00,179,88,91
2020-09-27 18:00:00,123,88,35
2020-09-27 19:00:00,33,20,13
2020-09-27 20:00:00,7,3,4
2020-09-27 21:00:00,0,0,0
2020-09-27 22:00:00,4,1,3
2020-09-27 23:00:00,1,1,0
2020-09-28 00:00:00,0,0,0
2020-09-28 01:00:00,0,0,0
2020-09-28 02:00:00,0,0,0
2020-09-28 03:00:00,1,1,0
2020-09-28 04:00:00,1,1,0
2020-09-28 05:00:00,4,1,3
2020-09-28 06:00:00,37,27,10
2020-09-28 07:00:00,52,35,17
2020-09-28 08:00:00,53,27,26
2020-09-28 09:00:00,67,35,32
2020-09-28 10:00:00,67,36,31
2020-09-28 11:00:00,72,30,42
2020-09-28 12:00:00,104,48,56
2020-09-28 13:00:00,125,56,69
2020-09-28 14:00:00,138,51,87
2020-09-28 15:00:00,158,82,76
2020-09-28 16:00:00,150,64,86
2020-09-28 17:00:00,193,70,123
2020-09-28 18:00:00,158,85,73
2020-09-28 19:00:00,60,28,32
2020-09-28 20:00:00,12,6,6
2020-09-28 21:00:00,2,1,1
2020-09-28 22:00:00,2,1,1
2020-09-28 23:00:00,3,1,2
2020-09-29 00:00:00,0,0,0
2020-09-29 01:00:00,1,1,0
2020-09-29 02:00:00,0,0,0
2020-09-29 03:00:00,0,0,0
2020-09-29 04:00:00,1,0,1
2020-09-29 05:00:00,13,10,3
2020-09-29 06:00:00,34,19,15
2020-09-29 07:00:00,64,48,16
2020-09-29 08:00:00,60,34,26
2020-09-29 09:00:00,56,22,34
2020-09-29 10:00:00,82,38,44
2020-09-29 11:00:00,84,34,50
2020-09-29 12:00:00,86,40,46
2020-09-29 13:00:00,95,49,46
2020-09-29 14:00:00,130,59,71
2020-09-29 15:00:00,132,61,71
2020-09-29 16:00:00,207,92,115
2020-09-29 17:00:00,192,76,116
2020-09-29 18:00:00,137,74,63
2020-09-29 19:00:00,56,26,30
2020-09-29 20:00:00,3,1,2
2020-09-29 21:00:00,1,0,1
2020-09-29 22:00:00,1,1,0
2020-09-29 23:00:00,1,1,0
2020-09-30 00:00:00,0,0,0
2020-09-30 01:00:00,0,0,0
2020-09-30 02:00:00,2,1,1
2020-09-30 03:00:00,2,2,0
2020-09-30 04:00:00,3,2,1
2020-09-30 05:00:00,13,9,4
2020-09-30 06:00:00,29,22,7
2020-09-30 07:00:00,65,40,25
2020-09-30 08:00:00,61,39,22
2020-09-30 09:00:00,52,33,19
2020-09-30 10:00:00,36,17,19
2020-09-30 11:00:00,65,34,31
2020-09-30 12:00:00,59,38,21
2020-09-30 13:00:00,81,29,52
2020-09-30 14:00:00,105,54,51
2020-09-30 15:00:00,114,47,67
2020-09-30 16:00:00,140,47,93
2020-09-30 17:00:00,196,76,120
2020-09-30 18:00:00,166,75,91
2020-09-30 19:00:00,51,37,14
2020-09-30 20:00:00,19,12,7
2020-09-30 21:00:00,5,2,3
2020-09-30 22:00:00,9,3,6
2020-09-30 23:00:00,0,0,0
2020-09-01 00:00:00,1,0,1
2020-09-01 01:00:00,0,0,0
2020-09-01 02:00:00,0,0,0
2020-09-01 03:00:00,1,1,0
2020-09-01 04:00:00,1,1,0
2020-09-01 05:00:00,13,8,5
2020-09-01 06:00:00,43,32,11
2020-09-01 07:00:00,71,50,21
2020-09-01 08:00:00,71,39,32
2020-09-01 09:00:00,81,38,43
2020-09-01 10:00:00,78,37,41
2020-09-01 11:00:00,96,53,43
2020-09-01 12:00:00,106,46,60
2020-09-01 13:00:00,112,67,45
2020-09-01 14:00:00,109,46,63
2020-09-01 15:00:00,156,74,82
2020-09-01 16:00:00,176,72,104
2020-09-01 17:00:00,243,92,151
2020-09-01 18:00:00,217,94,123
2020-09-01 19:00:00,116,73,43
2020-09-01 20:00:00,45,18,27
2020-09-01 21:00:00,15,9,6
2020-09-01 22:00:00,9,6,3
2020-09-01 23:00:00,5,1,4
2020-09-02 00:00:00,4,4,0
2020-09-02 01:00:00,3,2,1
2020-09-02 02:00:00,1,0,1
2020-09-02 03:00:00,0,0,0
2020-09-02 04:00:00,3,2,1
2020-09-02 05:00:00,14,9,5
2020-09-02 06:00:00,49,33,16
2020-09-02 07:00:00,58,40,18
2020-09-02 08:00:00,73,45,28
2020-09-02 09:00:00,55,34,21
2020-09-02 10:00:00,68,39,29
2020-09-02 11:00:00,103,36,67
2020-09-02 12:00:00,101,51,50
2020-09-02 13:00:00,115,62,53
2020-09-02 14:00:00,122,54,68
2020-09-02 15:00:00,115,56,59
2020-09-02 16:00:00,149,80,69
2020-09-02 17:00:00,208,77,131
2020-09-02 18:00:00,141,55,86
2020-09-02 19:00:00,95,41,54
2020-09-02 20:00:00,27,17,10
2020-09-02 21:00:00,3,1,2
2020-09-02 22:00:00,2,1,1
2020-09-02 23:00:00,5,2,3
2020-09-03 00:00:00,0,0,0
2020-09-03 01:00:00,1,1,0
2020-09-03 02:00:00,0,0,0
2020-09-03 03:00:00,0,0,0
2020-09-03 04:00:00,2,2,0
2020-09-03 05:00:00,9,5,4
2020-09-03 06:00:00,33,20,13
2020-09-03 07:00:00,72,47,25
2020-09-03 08:00:00,66,39,27
2020-09-03 09:00:00,78,42,36
2020-09-03 10:00:00,67,30,37
2020-09-03 11:00:00,94,52,42
2020-09-03 12:00:00,116,52,64
2020-09-03 13:00:00,98,48,50
2020-09-03 14:00:00,94,38,56
2020-09-03 15:00:00,125,58,67
2020-09-03 16:00:00,156,64,92
2020-09-03 17:00:00,204,96,108
2020-09-03 18:00:00,154,52,102
2020-09-03 19:00:00,105,51,54
2020-09-03 20:00:00,27,18,9
2020-09-03 21:00:00,10,4,6
2020-09-03 22:00:00,1,1,0
2020-09-03 23:00:00,1,0,1
2020-09-04 00:00:00,2,2,0
2020-09-04 01:00:00,0,0,0
2020-09-04 02:00:00,0,0,0
2020-09-04 03:00:00,0,0,0
2020-09-04 04:00:00,2,1,1
2020-09-04 05:00:00,13,7,6
2020-09-04 06:00:00,47,29,18
2020-09-04 07:00:00,61,37,24
2020-09-04 08:00:00,89,42,47
2020-09-04 09:00:00,89,43,46
2020-09-04 10:00:00,87,39,48
2020-09-04 11:00:00,137,64,73
2020-09-04 12:00:00,133,59,74
2020-09-04 13:00:00,133,70,63
2020-09-04 14:00:00,144,65,79
2020-09-04 15:00:00,162,64,98
2020-09-04 16:00:00,129,61,68
2020-09-04 17:00:00,147,48,99
2020-09-04 18:00:00,137,61,76
2020-09-04 19:00:00,82,46,36
2020-09-04 20:00:00,21,14,7
2020-09-04 21:00:00,13,10,3
2020-09-04 22:00:00,2,0,2
2020-09-04 23:00:00,3,2,1
2020-09-05 00:00:00,2,2,0
2020-09-05 01:00:00,0,0,0
2020-09-05 02:00:00,2,2,0
2020-09-05 03:00:00,0,0,0
2020-09-05 04:00:00,1,1,0
2020-09-05 05:00:00,3,0,3
2020-09-05 06:00:00,22,10,12
2020-09-05 07:00:00,70,26,44
2020-09-05 08:00:00,135,48,87
2020-09-05 09:00:00,165,61,104
2020-09-05 10:00:00,232,98,134
2020-09-05 11:00:00,194,85,109
2020-09-05 12:00:00,219,89,130
2020-09-05 13:00:00,221,102,119
2020-09-05 14:00:00,223,107,116
2020-09-05 15:00:00,205,91,114
2020-09-05 16:00:00,230,122,108
2020-09-05 17:00:00,146,71,75
2020-09-05 18:00:00,122,77,45
2020-09-05 19:00:00,80,30,50
2020-09-05 20:00:00,36,24,12
2020-09-05 21:00:00,4,3,1
2020-09-05 22:00:00,4,1,3
2020-09-05 23:00:00,1,1,0
2020-09-06 00:00:00,0,0,0
2020-09-06 01:00:00,0,0,0
2020-09-06 02:00:00,0,0,0
2020-09-06 03:00:00,0,0,0
2020-09-06 04:00:00,1,0,1
2020-09-06 05:00:00,5,2,3
2020-09-06 06:00:00,14,10,4
2020-09-06 07:00:00,37,11,26
2020-09-06 08:00:00,82,28,54
2020-09-06 09:00:00,121,43,78
2020-09-06 10:00:00,204,78,126
2020-09-06 11:00:00,287,141,146
2020-09-06 12:00:00,216,87,129
2020-09-06 13:00:00,295,147,148
2020-09-06 14:00:00,287,121,166
2020-09-06 15:00:00,256,137,119
2020-09-06 16:00:00,239,146,93
2020-09-06 17:00:00,182,103,79
2020-09-06 18:00:00,127,70,57
2020-09-06 19:00:00,73,38,35
2020-09-06 20:00:00,32,21,11
2020-09-06 21:00:00,6,2,4
2020-09-06 22:00:00,3,0,3
2020-09-06 23:00:00,0,0,0
2020-09-07 00:00:00,0,0,0
2020-09-07 01:00:00,0,0,0
2020-09-07 02:00:00,0,0,0
2020-09-07 03:00:00,0,0,0
2020-09-07 04:00:00,2,1,1
2020-09-07 05:00:00,7,2,5
2020-09-07 06:00:00,13,5,8
2020-09-07 07:00:00,40,15,25
2020-09-07 08:00:00,111,52,59
2020-09-07 09:00:00,172,67,105
2020-09-07 10:00:00,268,105,163
2020-09-07 11:00:00,297,128,169
2020-09-07 12:00:00,252,126,126
2020-09-07 13:00:00,279,124,155
2020-09-07 14:00:00,258,131,127
2020-09-07 15:00:00,229,121,108
2020-09-07 16:00:00,193,105,88
2020-09-07 17:00:00,177,85,92
2020-09-07 18:00:00,97,61,36
2020-09-07 19:00:00,57,29,28
2020-09-07 20:00:00,26,18,8
2020-09-07 21:00:00,2,1,1
2020-09-07 22:00:00,4,2,2
2020-09-07 23:00:00,0,0,0
2020-09-08 00:00:00,1,0,1
2020-09-08 01:00:00,0,0,0
2020-09-08 02:00:00,0,0,0
2020-09-08 03:00:00,0,0,0
2020-09-08 04:00:00,3,2,1
2020-09-08 05:00:00,8,5,3
2020-09-08 06:00:00,20,18,2
2020-09-08 07:00:00,35,25,10
2020-09-08 08:00:00,22,13,9
2020-09-08 09:00:00,21,11,10
2020-09-08 10:00:00,31,14,17
2020-09-08 11:00:00,36,18,18
2020-09-08 12:00:00,26,14,12
2020-09-08 13:00:00,33,12,21
2020-09-08 14:00:00,59,39,20
2020-09-08 15:00:00,64,27,37
2020-09-08 16:00:00,67,34,33
2020-09-08 17:00:00,73,27,46
2020-09-08 18:00:00,42,15,27
2020-09-08 19:00:00,35,11,24
2020-09-08 20:00:00,12,8,4
2020-09-08 21:00:00,5,2,3
2020-09-08 22:00:00,1,0,1
2020-09-08 23:00:00,0,0,0
2020-09-09 00:00:00,0,0,0
2020-09-09 01:00:00,0,0,0
2020-09-09 02:00:00,1,0,1
2020-09-09 03:00:00,0,0,0
2020-09-09 04:00:00,1,1,0
2020-09-09 05:00:00,8,6,2
2020-09-09 06:00:00,22,21,1
2020-09-09 07:00:00,44,33,11
2020-09-09 08:00:00,38,25,13
2020-09-09 09:00:00,42,20,22
2020-09-09 10:00:00,51,28,23
2020-09-09 11:00:00,72,33,39
2020-09-09 12:00:00,40,23,17
2020-09-09 13:00:00,34,22,12
2020-09-09 14:00:00,46,20,26
2020-09-09 15:00:00,73,19,54
2020-09-09 16:00:00,103,45,58
2020-09-09 17:00:00,101,41,60
2020-09-09 18:00:00,101,45,56
2020-09-09 19:00:00,71,35,36
2020-09-09 20:00:00,23,13,10
2020-09-09 21:00:00,11,3,8
2020-09-09 22:00:00,3,2,1
2020-09-09 23:00:00,0,0,0
2020-09-10 00:00:00,0,0,0
2020-09-10 01:00:00,0,0,0
2020-09-10 02:00:00,0,0,0
2020-09-10 03:00:00,0,0,0
2020-09-10 04:00:00,2,2,0
2020-09-10 05:00:00,7,4,3
2020-09-10 06:00:00,38,23,15
2020-09-10 07:00:00,49,31,18
2020-09-10 08:00:00,56,36,20
2020-09-10 09:00:00,49,30,19
2020-09-10 10:00:00,67,31,36
2020-09-10 11:00:00,60,31,29
2020-09-10 12:00:00,72,28,44
2020-09-10 13:00:00,67,30,37
2020-09-10 14:00:00,61,29,32
2020-09-10 15:00:00,73,21,52
2020-09-10 16:00:00,72,28,44
2020-09-10 17:00:00,97,39,58
2020-09-10 18:00:00,87,38,49
2020-09-10 19:00:00,66,28,38
2020-09-10 20:00:00,20,9,11
2020-09-10 21:00:00,1,0,1
2020-09-10 22:00:00,5,4,1
2020-09-10 23:00:00,0,0,0
2020-09-11 00:00:00,2,1,1
2020-09-11 01:00:00,0,0,0
2020-09-11 02:00:00,0,0,0
2020-09-11 03:00:00,0,0,0
2020-09-11 04:00:00,1,1,0
2020-09-11 05:00:00,10,7,3
2020-09-11 06:00:00,16,12,4
2020-09-11 07:00:00,21,12,9
2020-09-11 08:00:00,31,17,14
2020-09-11 09:00:00,25,13,12
2020-09-11 10:00:00,22,11,11
2020-09-11 11:00:00,24,14,10
2020-09-11 12:00:00,19,5,14
2020-09-11 13:00:00,28,17,11
2020-09-11 14:00:00,23,16,7
2020-09-11 15:00:00,14,4,10
2020-09-11 16:00:00,25,12,13
2020-09-11 17:00:00,17,5,12
2020-09-11 18:00:00,14,4,10
2020-09-11 19:00:00,13,5,8
2020-09-11 20:00:00,4,2,2
2020-09-11 21:00:00,3,2,1
2020-09-11 22:00:00,3,1,2
2020-09-11 23:00:00,0,0,0
2020-09-12 00:00:00,0,0,0
2020-09-12 01:00:00,0,0,0
2020-09-12 02:00:00,0,0,0
2020-09-12 03:00:00,0,0,0
2020-09-12 04:00:00,0,0,0
2020-09-12 05:00:00,0,0,0
2020-09-12 06:00:00,1,1,0
2020-09-12 07:00:00,7,3,4
2020-09-12 08:00:00,13,4,9
2020-09-12 09:00:00,9,3,6
2020-09-12 10:00:00,11,8,3
2020-09-12 11:00:00,12,6,6
2020-09-12 12:00:00,8,5,3
2020-09-12 13:00:00,4,3,1
2020-09-12 14:00:00,11,6,5
2020-09-12 15:00:00,13,5,8
2020-09-12 16:00:00,17,5,12
2020-09-12 17:00:00,7,5,2
2020-09-12 18:00:00,6,4,2
2020-09-12 19:00:00,12,5,7
2020-09-12 20:00:00,1,1,0
2020-09-12 21:00:00,1,1,0
2020-09-12 22:00:00,1,0,1
2020-09-12 23:00:00,5,5,0
2020-09-13 00:00:00,0,0,0
2020-09-13 01:00:00,0,0,0
2020-09-13 02:00:00,0,0,0
2020-09-13 03:00:00,0,0,0
2020-09-13 04:00:00,0,0,0
2020-09-13 05:00:00,1,1,0
2020-09-13 06:00:00,3,2,1
2020-09-13 07:00:00,5,3,2
2020-09-13 08:00:00,8,2,6
2020-09-13 09:00:00,6,5,1
2020-09-13 10:00:00,4,1,3
2020-09-13 11:00:00,11,5,6
2020-09-13 12:00:00,14,4,10
2020-09-13 13:00:00,10,5,5
2020-09-13 14:00:00,18,10,8
2020-09-13 15:00:00,16,5,11
2020-09-13 16:00:00,11,8,3
2020-09-13 17:00:00,17,13,4
2020-09-13 18:00:00,8,1,7
2020-09-13 19:00:00,4,2,2
2020-09-13 20:00:00,5,3,2
2020-09-13 21:00:00,2,0,2
2020-09-13 22:00:00,1,0,1
2020-09-13 23:00:00,2,2,0
2020-09-14 00:00:00,0,0,0
2020-09-14 01:00:00,1,1,0
2020-09-14 02:00:00,0,0,0
2020-09-14 03:00:00,0,0,0
2020-09-14 04:00:00,2,1,1
2020-09-14 05:00:00,2,2,0
2020-09-14 06:00:00,11,9,2
2020-09-14 07:00:00,11,6,5
2020-09-14 08:00:00,13,11,2
2020-09-14 09:00:00,10,6,4
2020-09-14 10:00:00,5,3,2
2020-09-14 11:00:00,7,3,4
2020-09-14 12:00:00,10,6,4
2020-09-14 13:00:00,7,5,2
2020-09-14 14:00:00,7,3,4
2020-09-14 15:00:00,19,5,14
2020-09-14 16:00:00,24,11,13
2020-09-14 17:00:00,21,5,16
2020-09-14 18:00:00,16,8,8
2020-09-14 19:00:00,20,8,12
2020-09-14 20:00:00,1,1,0
2020-09-14 21:00:00,0,0,0
2020-09-14 22:00:00,0,0,0
2020-09-14 23:00:00,1,0,1
2020-09-15 00:00:00,1,0,1
2020-09-15 01:00:00,0,0,0
2020-09-15 02:00:00,0,0,0
2020-09-15 03:00:00,0,0,0
2020-09-15 04:00:00,1,0,1
2020-09-15 05:00:00,2,1,1
2020-09-15 06:00:00,3,3,0
2020-09-15 07:00:00,9,5,4
2020-09-15 08:00:00,12,8,4
2020-09-15 09:00:00,6,5,1
2020-09-15 10:00:00,7,6,1
2020-09-15 11:00:00,6,4,2
2020-09-15 12:00:00,3,2,1
2020-09-15 13:00:00,9,5,4
2020-09-15 14:00:00,6,1,5
2020-09-15 15:00:00,25,15,10
2020-09-15 16:00:00,27,9,18
2020-09-15 17:00:00,14,7,7
2020-09-15 18:00:00,25,12,13
2020-09-15 19:00:00,14,2,12
2020-09-15 20:00:00,7,6,1
2020-09-15 21:00:00,1,0,1
2020-09-15 22:00:00,1,0,1
2020-09-15 23:00:00,0,0,0
2020-09-16 00:00:00,0,0,0
2020-09-16 01:00:00,0,0,0
2020-09-16 02:00:00,3,2,1
2020-09-16 03:00:00,0,0,0
2020-09-16 04:00:00,2,2,0
2020-09-16 05:00:00,6,4,2
2020-09-16 06:00:00,12,9,3
2020-09-16 07:00:00,9,6,3
2020-09-16 08:00:00,13,7,6
2020-09-16 09:00:00,9,7,2
2020-09-16 10:00:00,11,8,3
2020-09-16 11:00:00,8,7,1
2020-09-16 12:00:00,9,1,8
2020-09-16 13:00:00,16,7,9
2020-09-16 14:00:00,16,5,11
2020-09-16 15:00:00,18,13,5
2020-09-16 16:00:00,17,5,12
2020-09-16 17:00:00,27,12,15
2020-09-16 18:00:00,23,8,15
2020-09-16 19:00:00,10,4,6
2020-09-16 20:00:00,2,1,1
2020-09-16 21:00:00,0,0,0
2020-09-16 22:00:00,1,0,1
2020-09-16 23:00:00,1,0,1
2020-09-17 00:00:00,0,0,0
2020-09-17 01:00:00,0,0,0
2020-09-17 02:00:00,0,0,0
2020-09-17 03:00:00,0,0,0
2020-09-17 04:00:00,0,0,0
2020-09-17 05:00:00,6,4,2
2020-09-17 06:00:00,7,6,1
2020-09-17 07:00:00,14,8,6
2020-09-17 08:00:00,15,11,4
2020-09-17 09:00:00,13,9,4
2020-09-17 10:00:00,7,5,2
2020-09-17 11:00:00,20,15,5
2020-09-17 12:00:00,18,9,9
2020-09-17 13:00:00,21,13,8
2020-09-17 14:00:00,24,6,18
2020-09-17 15:00:00,33,16,17
2020-09-17 16:00:00,33,17,16
2020-09-17 17:00:00,40,19,21
2020-09-17 18:00:00,46,22,24
2020-09-17 19:00:00,23,11,12
2020-09-17 20:00:00,3,0,3
2020-09-17 21:00:00,0,0,0
2020-09-17 22:00:00,0,0,0
2020-09-17 23:00:00,1,1,0
2020-09-18 00:00:00,0,0,0
2020-09-18 01:00:00,0,0,0
2020-09-18 02:00:00,0,0,0
2020-09-18 03:00:00,0,0,0
2020-09-18 04:00:00,0,0,0
2020-09-18 05:00:00,8,4,4
2020-09-18 06:00:00,12,11,1
2020-09-18 07:00:00,14,12,2
2020-09-18 08:00:00,20,11,9
2020-09-18 09:00:00,13,9,4
2020-09-18 10:00:00,15,11,4
2020-09-18 11:00:00,26,13,13
2020-09-18 12:00:00,21,12,9
2020-09-18 13:00:00,8,3,5
2020-09-18 14:00:00,6,2,4
2020-09-18 15:00:00,7,0,7
2020-09-18 16:00:00,13,7,6
2020-09-18 17:00:00,23,8,15
2020-09-18 18:00:00,14,4,10
2020-09-18 19:00:00,6,4,2
2020-09-18 20:00:00,3,1,2
2020-09-18 21:00:00,1,1,0
2020-09-18 22:00:00,2,1,1
2020-09-18 23:00:00,1,0,1
2020-09-19 00:00:00,0,0,0
2020-09-19 01:00:00,0,0,0
2020-09-19 02:00:00,0,0,0
2020-09-19 03:00:00,0,0,0
2020-09-19 04:00:00,0,0,0
2020-09-19 05:00:00,1,0,1
2020-09-19 06:00:00,5,5,0
2020-09-19 07:00:00,21,10,11
2020-09-19 08:00:00,38,14,24
2020-09-19 09:00:00,44,21,23
2020-09-19 10:00:00,69,28,41
2020-09-19 11:00:00,81,34,47
2020-09-19 12:00:00,89,32,57
2020-09-19 13:00:00,120,48,72
2020-09-19 14:00:00,110,50,60
2020-09-19 15:00:00,122,70,52
2020-09-19 16:00:00,142,72,70
2020-09-19 17:00:00,91,51,40
2020-09-19 18:00:00,42,28,14
2020-09-19 19:00:00,7,5,2
2020-09-19 20:00:00,2,1,1
2020-09-19 21:00:00,1,0,1
2020-09-19 22:00:00,2,2,0
2020-09-19 23:00:00,0,0,0
2020-09-20 00:00:00,0,0,0
2020-09-20 01:00:00,0,0,0
2020-09-20 02:00:00,1,1,0
2020-09-20 03:00:00,0,0,0
2020-09-20 04:00:00,2,1,1
2020-09-20 05:00:00,2,0,2
2020-09-20 06:00:00,8,3,5
2020-09-20 07:00:00,33,8,25
2020-09-20 08:00:00,63,22,41
2020-09-20 09:00:00,74,43,31
2020-09-20 10:00:00,102,31,71
2020-09-20 11:00:00,183,58,125
2020-09-20 12:00:00,204,97,107
2020-09-20 13:00:00,190,90,100
2020-09-20 14:00:00,294,129,165
2020-09-20 15:00:00,288,123,165
2020-09-20 16:00:00,264,137,127
2020-09-20 17:00:00,176,111,65
2020-09-20 18:00:00,114,67,47
2020-09-20 19:00:00,53,39,14
2020-09-20 20:00:00,6,4,2
2020-09-20 21:00:00,4,2,2
2020-09-20 22:00:00,5,3,2
2020-09-20 23:00:00,0,0,0
2020-09-21 00:00:00,0,0,0
2020-09-21 01:00:00,0,0,0
2020-09-21 02:00:00,0,0,0
2020-09-21 03:00:00,0,0,0
2020-09-21 04:00:00,0,0,0
2020-09-21 05:00:00,9,4,5
2020-09-21 06:00:00,25,15,10
2020-09-21 07:00:00,63,44,19
2020-09-21 08:00:00,52,32,20
2020-09-21 09:00:00,46,25,21
2020-09-21 10:00:00,42,21,21
2020-09-21 11:00:00,57,24,33
2020-09-21 12:00:00,76,42,34
2020-09-21 13:00:00,76,40,36
2020-09-21 14:00:00,88,42,46
2020-09-21 15:00:00,82,41,41
2020-09-21 16:00:00,110,48,62
2020-09-21 17:00:00,159,62,97
2020-09-21 18:00:00,105,44,61
2020-09-21 19:00:00,69,40,29
2020-09-21 20:00:00,17,5,12
2020-09-21 21:00:00,11,7,4
2020-09-21 22:00:00,5,1,4
2020-09-21 23:00:00,0,0,0
2020-09-22 00:00:00,1,0,1
2020-09-22 01:00:00,1,0,1
2020-09-22 02:00:00,0,0,0
2020-09-22 03:00:00,0,0,0
2020-09-22 04:00:00,0,0,0
2020-09-22 05:00:00,15,12,3
2020-09-22 06:00:00,24,18,6
2020-09-22 07:00:00,42,27,15
2020-09-22 08:00:00,49,33,16
2020-09-22 09:00:00,63,25,38
2020-09-22 10:00:00,46,27,19
2020-09-22 11:00:00,55,22,33
2020-09-22 12:00:00,98,45,53
2020-09-22 13:00:00,106,46,60
2020-09-22 14:00:00,131,69,62
2020-09-22 15:00:00,157,67,90
2020-09-22 16:00:00,218,95,123
2020-09-22 17:00:00,202,100,102
2020-09-22 18:00:00,190,82,108
2020-09-22 19:00:00,78,57,21
2020-09-22 20:00:00,15,7,8
2020-09-22 21:00:00,5,3,2
2020-09-22 22:00:00,3,1,2
2020-09-22 23:00:00,5,2,3
2020-09-23 00:00:00,0,0,0
2020-09-23 01:00:00,3,0,3
2020-09-23 02:00:00,1,0,1
2020-09-23 03:00:00,0,0,0
2020-09-23 04:00:00,6,6,0
2020-09-23 05:00:00,8,5,3
2020-09-23 06:00:00,16,12,4
2020-09-23 07:00:00,29,21,8
2020-09-23 08:00:00,28,23,5
2020-09-23 09:00:00,19,13,6
2020-09-23 10:00:00,11,6,5
2020-09-23 11:00:00,20,10,10
2020-09-23 12:00:00,14,8,6
2020-09-23 13:00:00,6,4,2
2020-09-23 14:00:00,12,4,8
2020-09-23 15:00:00,13,4,9
2020-09-23 16:00:00,18,5,13
2020-09-23 17:00:00,29,8,21
2020-09-23 18:00:00,27,8,19
2020-09-23 19:00:00,10,4,6
2020-09-23 20:00:00,3,2,1
2020-09-23 21:00:00,1,0,1
2020-09-23 22:00:00,2,0,2
2020-09-23 23:00:00,1,1,0
2020-09-24 00:00:00,0,0,0
2020-09-24 01:00:00,0,0,0
2020-09-24 02:00:00,0,0,0
2020-09-24 03:00:00,0,0,0
2020-09-24 04:00:00,0,0,0
2020-09-24 05:00:00,4,3,1
2020-09-24 06:00:00,9,6,3
2020-09-24 07:00:00,19,14,5
2020-09-24 08:00:00,14,7,7
2020-09-24 09:00:00,8,3,5
2020-09-24 10:00:00,11,10,1
2020-09-24 11:00:00,3,2,1
2020-09-24 12:00:00,10,4,6
2020-09-24 13:00:00,17,6,11
2020-09-24 14:00:00,35,15,20
2020-09-24 15:00:00,62,35,27
2020-09-24 16:00:00,74,33,41
2020-09-24 17:00:00,83,33,50
2020-09-24 18:00:00,55,24,31
2020-09-24 19:00:00,37,28,9
2020-09-24 20:00:00,3,0,3
2020-09-24 21:00:00,4,2,2
2020-09-24 22:00:00,0,0,0
2020-09-24 23:00:00,0,0,0
2020-09-25 00:00:00,0,0,0
2020-09-25 01:00:00,0,0,0
2020-09-25 02:00:00,0,0,0
2020-09-25 03:00:00,0,0,0
2020-09-25 04:00:00,0,0,0
2020-09-25 05:00:00,6,3,3
2020-09-25 06:00:00,9,8,1
2020-09-25 07:00:00,8,7,1
2020-09-25 08:00:00,14,9,5
2020-09-25 09:00:00,6,6,0
2020-09-25 10:00:00,4,3,1
2020-09-25 11:00:00,5,1,4
2020-09-25 12:00:00,17,10,7
2020-09-25 13:00:00,19,7,12
2020-09-25 14:00:00,22,12,10
2020-09-25 15:00:00,24,6,18
2020-09-25 16:00:00,59,21,38
2020-09-25 17:00:00,73,36,37
2020-09-25 18:00:00,52,24,28
2020-09-25 19:00:00,12,8,4
2020-09-25 20:00:00,12,8,4
2020-09-25 21:00:00,3,2,1
2020-09-25 22:00:00,2,0,2
2020-09-25 23:00:00,3,2,1
2020-09-26 00:00:00,0,0,0
2020-09-26 01:00:00,0,0,0
2020-09-26 02:00:00,0,0,0
2020-09-26 03:00:00,0,0,0
2020-09-26 04:00:00,2,1,1
2020-09-26 05:00:00,2,1,1
2020-09-26 06:00:00,6,4,2
2020-09-26 07:00:00,13,4,9
2020-09-26 08:00:00,75,32,43
2020-09-26 09:00:00,69,25,44
2020-09-26 10:00:00,135,65,70
2020-09-26 11:00:00,120,55,65
2020-09-26 12:00:00,137,77,60
2020-09-26 13:00:00,155,85,70
2020-09-26 14:00:00,163,69,94
2020-09-26 15:00:00,115,53,62
2020-09-26 16:00:00,109,58,51
2020-09-26 17:00:00,90,49,41
2020-09-26 18:00:00,51,29,22
2020-09-26 19:00:00,24,17,7
2020-09-26 20:00:00,20,16,4
2020-09-26 21:00:00,4,0,4
2020-09-26 22:00:00,2,0,2
2020-09-26 23:00:00,0,0,0
2020-09-27 00:00:00,0,0,0
2020-09-27 01:00:00,0,0,0
2020-09-27 02:00:00,1,1,0
2020-09-27 03:00:00,0,0,0
2020-09-27 04:00:00,0,0,0
2020-09-27 05:00:00,3,1,2
2020-09-27 06:00:00,9,2,7
2020-09-27 07:00:00,47,22,25
2020-09-27 08:00:00,67,22,45
2020-09-27 09:00:00,142,60,82
2020-09-27 10:00:00,220,104,116
2020-09-27 11:00:00,249,112,137
2020-09-27 12:00:00,269,143,126
2020-09-27 13:00:00,319,138,181
2020-09-27 14:00:00,247,103,144
2020-09-27 15:00:00,277,140,137
2020-09-27 16:00:00,266,141,125
2020-09-27 17:00:00,179,88,91
2020-09-27 18:00:00,123,88,35
2020-09-27 19:00:00,33,20,13
2020-09-27 20:00:00,7,3,4
2020-09-27 21:00:00,0,0,0
2020-09-27 22:00:00,4,1,3
2020-09-27 23:00:00,1,1,0
2020-09-28 00:00:00,0,0,0
2020-09-28 01:00:00,0,0,0
2020-09-28 02:00:00,0,0,0
2020-09-28 03:00:00,1,1,0
2020-09-28 04:00:00,1,1,0
2020-09-28 05:00:00,4,1,3
2020-09-28 06:00:00,37,27,10
2020-09-28 07:00:00,52,35,17
2020-09-28 08:00:00,53,27,26
2020-09-28 09:00:00,67,35,32
2020-09-28 10:00:00,67,36,31
2020-09-28 11:00:00,72,30,42
2020-09-28 12:00:00,104,48,56
2020-09-28 13:00:00,125,56,69
2020-09-28 14:00:00,138,51,87
2020-09-28 15:00:00,158,82,76
2020-09-28 16:00:00,150,64,86
2020-09-28 17:00:00,193,70,123
2020-09-28 18:00:00,158,85,73
2020-09-28 19:00:00,60,28,32
2020-09-28 20:00:00,12,6,6
2020-09-28 21:00:00,2,1,1
2020-09-28 22:00:00,2,1,1
2020-09-28 23:00:00,3,1,2
2020-09-29 00:00:00,0,0,0
2020-09-29 01:00:00,1,1,0
2020-09-29 02:00:00,0,0,0
2020-09-29 03:00:00,0,0,0
2020-09-29 04:00:00,1,0,1
2020-09-29 05:00:00,13,10,3
2020-09-29 06:00:00,34,19,15
2020-09-29 07:00:00,64,48,16
2020-09-29 08:00:00,60,34,26
2020-09-29 09:00:00,56,22,34
2020-09-29 10:00:00,82,38,44
2020-09-29 11:00:00,84,34,50
2020-09-29 12:00:00,86,40,46
2020-09-29 13:00:00,95,49,46
2020-09-29 14:00:00,130,59,71
2020-09-29 15:00:00,132,61,71
2020-09-29 16:00:00,207,92,115
2020-09-29 17:00:00,192,76,116
2020-09-29 18:00:00,137,74,63
2020-09-29 19:00:00,56,26,30
2020-09-29 20:00:00,3,1,2
2020-09-29 21:00:00,1,0,1
2020-09-29 22:00:00,1,1,0
2020-09-29 23:00:00,1,1,0
2020-09-30 00:00:00,0,0,0
2020-09-30 01:00:00,0,0,0
2020-09-30 02:00:00,2,1,1
2020-09-30 03:00:00,2,2,0
2020-09-30 04:00:00,3,2,1
2020-09-30 05:00:00,13,9,4
2020-09-30 06:00:00,29,22,7
2020-09-30 07:00:00,65,40,25
2020-09-30 08:00:00,61,39,22
2020-09-30 09:00:00,52,33,19
2020-09-30 10:00:00,36,17,19
2020-09-30 11:00:00,65,34,31
2020-09-30 12:00:00,59,38,21
2020-09-30 13:00:00,81,29,52
2020-09-30 14:00:00,105,54,51
2020-09-30 15:00:00,114,47,67
2020-09-30 16:00:00,140,47,93
2020-09-30 17:00:00,196,76,120
2020-09-30 18:00:00,166,75,91
2020-09-30 19:00:00,51,37,14
2020-09-30 20:00:00,19,12,7
2020-09-30 21:00:00,5,2,3
2020-09-30 22:00:00,9,3,6
2020-09-30 23:00:00,0,0,0
2020-10-01 00:00:00,1,0,1
2020-10-01 01:00:00,1,0,1
2020-10-01 02:00:00,0,0,0
2020-10-01 03:00:00,0,0,0
2020-10-01 04:00:00,0,0,0
2020-10-01 05:00:00,11,7,4
2020-10-01 06:00:00,32,26,6
2020-10-01 07:00:00,63,38,25
2020-10-01 08:00:00,48,35,13
2020-10-01 09:00:00,25,12,13
2020-10-01 10:00:00,44,20,24
2020-10-01 11:00:00,35,16,19
2020-10-01 12:00:00,52,29,23
2020-10-01 13:00:00,75,16,59
2020-10-01 14:00:00,79,34,45
2020-10-01 15:00:00,90,43,47
2020-10-01 16:00:00,128,62,66
2020-10-01 17:00:00,166,65,101
2020-10-01 18:00:00,115,54,61
2020-10-01 19:00:00,47,28,19
2020-10-01 20:00:00,12,2,10
2020-10-01 21:00:00,1,1,0
2020-10-01 22:00:00,0,0,0
2020-10-01 23:00:00,0,0,0
2020-10-02 00:00:00,0,0,0
2020-10-02 01:00:00,0,0,0
2020-10-02 02:00:00,0,0,0
2020-10-02 03:00:00,0,0,0
2020-10-02 04:00:00,1,1,0
2020-10-02 05:00:00,8,4,4
2020-10-02 06:00:00,27,17,10
2020-10-02 07:00:00,55,34,21
2020-10-02 08:00:00,43,27,16
2020-10-02 09:00:00,45,19,26
2020-10-02 10:00:00,53,25,28
2020-10-02 11:00:00,43,25,18
2020-10-02 12:00:00,49,22,27
2020-10-02 13:00:00,59,29,30
2020-10-02 14:00:00,111,43,68
2020-10-02 15:00:00,126,60,66
2020-10-02 16:00:00,166,80,86
2020-10-02 17:00:00,156,67,89
2020-10-02 18:00:00,111,64,47
2020-10-02 19:00:00,39,20,19
2020-10-02 20:00:00,16,3,13
2020-10-02 21:00:00,6,5,1
2020-10-02 22:00:00,7,7,0
2020-10-02 23:00:00,6,3,3
2020-10-03 00:00:00,1,0,1
2020-10-03 01:00:00,0,0,0
2020-10-03 02:00:00,1,1,0
2020-10-03 03:00:00,0,0,0
2020-10-03 04:00:00,0,0,0
2020-10-03 05:00:00,3,1,2
2020-10-03 06:00:00,9,4,5
2020-10-03 07:00:00,35,16,19
2020-10-03 08:00:00,67,34,33
2020-10-03 09:00:00,97,39,58
2020-10-03 10:00:00,118,39,79
2020-10-03 11:00:00,140,64,76
2020-10-03 12:00:00,142,59,83
2020-10-03 13:00:00,162,77,85
2020-10-03 14:00:00,160,83,77
2020-10-03 15:00:00,176,68,108
2020-10-03 16:00:00,165,90,75
2020-10-03 17:00:00,132,65,67
2020-10-03 18:00:00,84,57,27
2020-10-03 19:00:00,17,12,5
2020-10-03 20:00:00,6,1,5
2020-10-03 21:00:00,4,3,1
2020-10-03 22:00:00,10,6,4
2020-10-03 23:00:00,6,2,4
2020-10-04 00:00:00,2,2,0
2020-10-04 01:00:00,0,0,0
2020-10-04 02:00:00,0,0,0
2020-10-04 03:00:00,0,0,0
2020-10-04 04:00:00,0,0,0
2020-10-04 05:00:00,2,1,1
2020-10-04 06:00:00,3,3,0
2020-10-04 07:00:00,18,6,12
2020-10-04 08:00:00,28,14,14
2020-10-04 09:00:00,58,23,35
2020-10-04 10:00:00,77,33,44
2020-10-04 11:00:00,81,25,56
2020-10-04 12:00:00,57,28,29
2020-10-04 13:00:00,107,45,62
2020-10-04 14:00:00,126,60,66
2020-10-04 15:00:00,163,90,73
2020-10-04 16:00:00,98,55,43
2020-10-04 17:00:00,78,39,39
2020-10-04 18:00:00,42,26,16
2020-10-04 19:00:00,24,15,9
2020-10-04 20:00:00,7,4,3
2020-10-04 21:00:00,4,4,0
2020-10-04 22:00:00,3,3,0
2020-10-04 23:00:00,0,0,0
2020-10-05 00:00:00,2,0,2
2020-10-05 01:00:00,3,2,1
2020-10-05 02:00:00,0,0,0
2020-10-05 03:00:00,0,0,0
2020-10-05 04:00:00,0,0,0
2020-10-05 05:00:00,6,3,3
2020-10-05 06:00:00,21,19,2
2020-10-05 07:00:00,47,34,13
2020-10-05 08:00:00,46,27,19
2020-10-05 09:00:00,46,23,23
2020-10-05 10:00:00,42,28,14
2020-10-05 11:00:00,46,21,25
2020-10-05 12:00:00,65,34,31
2020-10-05 13:00:00,67,33,34
2020-10-05 14:00:00,78,32,46
2020-10-05 15:00:00,113,50,63
2020-10-05 16:00:00,138,68,70
2020-10-05 17:00:00,194,79,115
2020-10-05 18:00:00,116,60,56
2020-10-05 19:00:00,33,15,18
2020-10-05 20:00:00,5,4,1
2020-10-05 21:00:00,5,2,3
2020-10-05 22:00:00,1,1,0
2020-10-05 23:00:00,3,1,2
2020-10-06 00:00:00,1,0,1
2020-10-06 01:00:00,1,1,0
2020-10-06 02:00:00,0,0,0
2020-10-06 03:00:00,0,0,0
2020-10-06 04:00:00,0,0,0
2020-10-06 05:00:00,7,4,3
2020-10-06 06:00:00,33,23,10
2020-10-06 07:00:00,41,24,17
2020-10-06 08:00:00,52,36,16
2020-10-06 09:00:00,51,29,22
2020-10-06 10:00:00,43,23,20
2020-10-06 11:00:00,51,24,27
2020-10-06 12:00:00,79,37,42
2020-10-06 13:00:00,111,57,54
2020-10-06 14:00:00,115,58,57
2020-10-06 15:00:00,148,54,94
2020-10-06 16:00:00,201,101,100
2020-10-06 17:00:00,195,98,97
2020-10-06 18:00:00,147,76,71
2020-10-06 19:00:00,34,19,15
2020-10-06 20:00:00,9,6,3
2020-10-06 21:00:00,5,3,2
2020-10-06 22:00:00,0,0,0
2020-10-06 23:00:00,1,1,0
2020-10-07 00:00:00,0,0,0
2020-10-07 01:00:00,0,0,0
2020-10-07 02:00:00,1,0,1
2020-10-07 03:00:00,0,0,0
2020-10-07 04:00:00,3,3,0
2020-10-07 05:00:00,14,9,5
2020-10-07 06:00:00,23,20,3
2020-10-07 07:00:00,57,32,25
2020-10-07 08:00:00,48,36,12
2020-10-07 09:00:00,29,15,14
2020-10-07 10:00:00,48,20,28
2020-10-07 11:00:00,36,24,12
2020-10-07 12:00:00,45,25,20
2020-10-07 13:00:00,72,28,44
2020-10-07 14:00:00,63,30,33
2020-10-07 15:00:00,84,42,42
2020-10-07 16:00:00,113,42,71
2020-10-07 17:00:00,135,48,87
2020-10-07 18:00:00,90,43,47
2020-10-07 19:00:00,32,20,12
2020-10-07 20:00:00,11,7,4
2020-10-07 21:00:00,7,4,3
2020-10-07 22:00:00,5,1,4
2020-10-07 23:00:00,1,1,0
2020-10-08 00:00:00,0,0,0
2020-10-08 01:00:00,0,0,0
2020-10-08 02:00:00,1,1,0
2020-10-08 03:00:00,0,0,0
2020-10-08 04:00:00,1,1,0
2020-10-08 05:00:00,7,4,3
2020-10-08 06:00:00,31,24,7
2020-10-08 07:00:00,37,25,12
2020-10-08 08:00:00,47,33,14
2020-10-08 09:00:00,42,22,20
2020-10-08 10:00:00,45,21,24
2020-10-08 11:00:00,60,27,33
2020-10-08 12:00:00,60,35,25
2020-10-08 13:00:00,70,28,42
2020-10-08 14:00:00,69,35,34
2020-10-08 15:00:00,80,42,38
2020-10-08 16:00:00,146,56,90
2020-10-08 17:00:00,124,72,52
2020-10-08 18:00:00,108,44,64
2020-10-08 19:00:00,34,18,16
2020-10-08 20:00:00,6,2,4
2020-10-08 21:00:00,4,3,1
2020-10-08 22:00:00,2,0,2
2020-10-08 23:00:00,3,1,2
2020-10-09 00:00:00,0,0,0
2020-10-09 01:00:00,0,0,0
2020-10-09 02:00:00,1,1,0
2020-10-09 03:00:00,1,0,1
2020-10-09 04:00:00,2,1,1
2020-10-09 05:00:00,6,4,2
2020-10-09 06:00:00,32,25,7
2020-10-09 07:00:00,37,25,12
2020-10-09 08:00:00,58,33,25
2020-10-09 09:00:00,45,25,20
2020-10-09 10:00:00,70,31,39
2020-10-09 11:00:00,71,38,33
2020-10-09 12:00:00,90,50,40
2020-10-09 13:00:00,76,28,48
2020-10-09 14:00:00,103,39,64
2020-10-09 15:00:00,123,64,59
2020-10-09 16:00:00,143,60,83
2020-10-09 17:00:00,118,56,62
2020-10-09 18:00:00,79,40,39
2020-10-09 19:00:00,15,6,9
2020-10-09 20:00:00,3,1,2
2020-10-09 21:00:00,4,2,2
2020-10-09 22:00:00,1,0,1
2020-10-09 23:00:00,0,0,0
2020-10-10 00:00:00,1,1,0
2020-10-10 01:00:00,0,0,0
2020-10-10 02:00:00,0,0,0
2020-10-10 03:00:00,0,0,0
2020-10-10 04:00:00,0,0,0
2020-10-10 05:00:00,0,0,0
2020-10-10 06:00:00,3,1,2
2020-10-10 07:00:00,2,1,1
2020-10-10 08:00:00,17,3,14
2020-10-10 09:00:00,34,10,24
2020-10-10 10:00:00,65,34,31
2020-10-10 11:00:00,73,39,34
2020-10-10 12:00:00,69,23,46
2020-10-10 13:00:00,86,42,44
2020-10-10 14:00:00,105,46,59
2020-10-10 15:00:00,102,52,50
2020-10-10 16:00:00,72,32,40
2020-10-10 17:00:00,61,35,26
2020-10-10 18:00:00,51,39,12
2020-10-10 19:00:00,9,4,5
2020-10-10 20:00:00,5,4,1
2020-10-10 21:00:00,4,1,3
2020-10-10 22:00:00,4,2,2
2020-10-10 23:00:00,0,0,0
2020-10-11 00:00:00,2,2,0
2020-10-11 01:00:00,0,0,0
2020-10-11 02:00:00,0,0,0
2020-10-11 03:00:00,0,0,0
2020-10-11 04:00:00,0,0,0
2020-10-11 05:00:00,3,2,1
2020-10-11 06:00:00,8,3,5
2020-10-11 07:00:00,13,2,11
2020-10-11 08:00:00,41,27,14
2020-10-11 09:00:00,85,29,56
2020-10-11 10:00:00,96,52,44
2020-10-11 11:00:00,78,54,24
2020-10-11 12:00:00,33,17,16
2020-10-11 13:00:00,27,17,10
2020-10-11 14:00:00,13,6,7
2020-10-11 15:00:00,14,10,4
2020-10-11 16:00:00,12,5,7
2020-10-11 17:00:00,10,6,4
2020-10-11 18:00:00,10,4,6
2020-10-11 19:00:00,4,0,4
2020-10-11 20:00:00,2,2,0
2020-10-11 21:00:00,0,0,0
2020-10-11 22:00:00,0,0,0
2020-10-11 23:00:00,0,0,0
2020-10-12 00:00:00,1,1,0
2020-10-12 01:00:00,0,0,0
2020-10-12 02:00:00,0,0,0
2020-10-12 03:00:00,0,0,0
2020-10-12 04:00:00,0,0,0
2020-10-12 05:00:00,3,2,1
2020-10-12 06:00:00,19,16,3
2020-10-12 07:00:00,27,18,9
2020-10-12 08:00:00,49,42,7
2020-10-12 09:00:00,21,10,11
2020-10-12 10:00:00,26,16,10
2020-10-12 11:00:00,41,22,19
2020-10-12 12:00:00,32,11,21
2020-10-12 13:00:00,63,22,41
2020-10-12 14:00:00,64,32,32
2020-10-12 15:00:00,111,47,64
2020-10-12 16:00:00,126,56,70
2020-10-12 17:00:00,160,67,93
2020-10-12 18:00:00,78,42,36
2020-10-12 19:00:00,19,4,15
2020-10-12 20:00:00,6,3,3
2020-10-12 21:00:00,4,2,2
2020-10-12 22:00:00,0,0,0
2020-10-12 23:00:00,0,0,0
2020-10-13 00:00:00,1,0,1
2020-10-13 01:00:00,0,0,0
2020-10-13 02:00:00,0,0,0
2020-10-13 03:00:00,0,0,0
2020-10-13 04:00:00,2,2,0
2020-10-13 05:00:00,3,1,2
2020-10-13 06:00:00,12,8,4
2020-10-13 07:00:00,9,6,3
2020-10-13 08:00:00,12,9,3
2020-10-13 09:00:00,11,9,2
2020-10-13 10:00:00,18,13,5
2020-10-13 11:00:00,16,9,7
2020-10-13 12:00:00,18,11,7
2020-10-13 13:00:00,33,16,17
2020-10-13 14:00:00,29,16,13
2020-10-13 15:00:00,45,30,15
2020-10-13 16:00:00,58,24,34
2020-10-13 17:00:00,64,30,34
2020-10-13 18:00:00,50,23,27
2020-10-13 19:00:00,13,6,7
2020-10-13 20:00:00,8,5,3
2020-10-13 21:00:00,1,1,0
2020-10-13 22:00:00,2,2,0
2020-10-13 23:00:00,1,1,0
2020-10-14 00:00:00,0,0,0
2020-10-14 01:00:00,0,0,0
2020-10-14 02:00:00,0,0,0
2020-10-14 03:00:00,0,0,0
2020-10-14 04:00:00,2,1,1
2020-10-14 05:00:00,9,7,2
2020-10-14 06:00:00,17,12,5
2020-10-14 07:00:00,29,17,12
2020-10-14 08:00:00,46,30,16
2020-10-14 09:00:00,37,21,16
2020-10-14 10:00:00,44,20,24
2020-10-14 11:00:00,65,33,32
2020-10-14 12:00:00,53,30,23
2020-10-14 13:00:00,70,30,40
2020-10-14 14:00:00,82,37,45
2020-10-14 15:00:00,125,57,68
2020-10-14 16:00:00,130,65,65
2020-10-14 17:00:00,147,59,88
2020-10-14 18:00:00,99,44,55
2020-10-14 19:00:00,25,13,12
2020-10-14 20:00:00,3,1,2
2020-10-14 21:00:00,7,6,1
2020-10-14 22:00:00,5,3,2
2020-10-14 23:00:00,2,1,1
2020-10-15 00:00:00,0,0,0
2020-10-15 01:00:00,0,0,0
2020-10-15 02:00:00,0,0,0
2020-10-15 03:00:00,0,0,0
2020-10-15 04:00:00,2,1,1
2020-10-15 05:00:00,9,5,4
2020-10-15 06:00:00,26,16,10
2020-10-15 07:00:00,32,27,5
2020-10-15 08:00:00,42,25,17
2020-10-15 09:00:00,46,25,21
2020-10-15 10:00:00,73,27,46
2020-10-15 11:00:00,65,37,28
2020-10-15 12:00:00,75,34,41
2020-10-15 13:00:00,102,46,56
2020-10-15 14:00:00,120,72,48
2020-10-15 15:00:00,122,60,62
2020-10-15 16:00:00,162,67,95
2020-10-15 17:00:00,189,91,98
2020-10-15 18:00:00,88,45,43
2020-10-15 19:00:00,24,13,11
2020-10-15 20:00:00,14,5,9
2020-10-15 21:00:00,5,3,2
2020-10-15 22:00:00,2,1,1
2020-10-15 23:00:00,4,2,2
2020-10-16 00:00:00,0,0,0
2020-10-16 01:00:00,0,0,0
2020-10-16 02:00:00,0,0,0
2020-10-16 03:00:00,0,0,0
2020-10-16 04:00:00,5,4,1
2020-10-16 05:00:00,4,3,1
2020-10-16 06:00:00,17,11,6
2020-10-16 07:00:00,32,20,12
2020-10-16 08:00:00,48,27,21
2020-10-16 09:00:00,37,20,17
2020-10-16 10:00:00,45,25,20
2020-10-16 11:00:00,54,22,32
2020-10-16 12:00:00,40,20,20
2020-10-16 13:00:00,47,28,19
2020-10-16 14:00:00,53,29,24
2020-10-16 15:00:00,43,16,27
2020-10-16 16:00:00,46,23,23
2020-10-16 17:00:00,43,13,30
2020-10-16 18:00:00,23,9,14
2020-10-16 19:00:00,12,3,9
2020-10-16 20:00:00,6,4,2
2020-10-16 21:00:00,3,1,2
2020-10-16 22:00:00,4,2,2
2020-10-16 23:00:00,1,0,1
2020-10-17 00:00:00,0,0,0
2020-10-17 01:00:00,0,0,0
2020-10-17 02:00:00,0,0,0
2020-10-17 03:00:00,0,0,0
2020-10-17 04:00:00,0,0,0
2020-10-17 05:00:00,1,1,0
2020-10-17 06:00:00,5,4,1
2020-10-17 07:00:00,11,8,3
2020-10-17 08:00:00,55,15,40
2020-10-17 09:00:00,63,23,40
2020-10-17 10:00:00,85,36,49
2020-10-17 11:00:00,129,58,71
2020-10-17 12:00:00,132,67,65
2020-10-17 13:00:00,171,68,103
2020-10-17 14:00:00,173,92,81
2020-10-17 15:00:00,172,73,99
2020-10-17 16:00:00,146,72,74
2020-10-17 17:00:00,91,55,36
2020-10-17 18:00:00,46,22,24
2020-10-17 19:00:00,12,8,4
2020-10-17 20:00:00,6,3,3
2020-10-17 21:00:00,4,2,2
2020-10-17 22:00:00,2,1,1
2020-10-17 23:00:00,2,1,1
2020-10-18 00:00:00,0,0,0
2020-10-18 01:00:00,1,1,0
2020-10-18 02:00:00,0,0,0
2020-10-18 03:00:00,0,0,0
2020-10-18 04:00:00,0,0,0
2020-10-18 05:00:00,2,1,1
2020-10-18 06:00:00,1,1,0
2020-10-18 07:00:00,11,5,6
2020-10-18 08:00:00,28,13,15
2020-10-18 09:00:00,42,14,28
2020-10-18 10:00:00,45,25,20
2020-10-18 11:00:00,54,26,28
2020-10-18 12:00:00,48,22,26
2020-10-18 13:00:00,26,16,10
2020-10-18 14:00:00,38,22,16
2020-10-18 15:00:00,51,19,32
2020-10-18 16:00:00,55,29,26
2020-10-18 17:00:00,37,26,11
2020-10-18 18:00:00,18,8,10
2020-10-18 19:00:00,9,5,4
2020-10-18 20:00:00,2,2,0
2020-10-18 21:00:00,0,0,0
2020-10-18 22:00:00,3,1,2
2020-10-18 23:00:00,0,0,0
2014-01-01 00:00:00,13,2,11
2014-01-01 01:00:00,8,1,7
2014-01-01 02:00:00,9,0,9
2014-01-01 03:00:00,19,0,19
2014-01-01 04:00:00,19,0,19
2014-01-01 05:00:00,14,0,14
2014-01-01 06:00:00,9,1,8
2014-01-01 07:00:00,5,4,1
2014-01-01 08:00:00,9,8,1
2014-01-01 09:00:00,10,8,2
2014-01-01 10:00:00,40,40,0
2014-01-01 11:00:00,48,47,1
2014-01-01 12:00:00,59,59,0
2014-01-01 13:00:00,65,65,0
2014-01-01 14:00:00,79,78,1
2014-01-01 15:00:00,58,58,0
2014-01-01 16:00:00,17,17,0
2014-01-01 17:00:00,9,9,0
2014-01-01 18:00:00,1,0,1
2014-01-01 19:00:00,8,4,4
2014-01-01 20:00:00,2,0,2
2014-01-01 21:00:00,4,1,3
2014-01-01 22:00:00,15,0,15
2014-01-01 23:00:00,17,1,16
2014-01-02 00:00:00,22,0,22
2014-01-02 01:00:00,63,0,63
2014-01-02 02:00:00,59,0,59
2014-01-02 03:00:00,52,0,52
2014-01-02 04:00:00,73,0,73
2014-01-02 05:00:00,48,0,48
2014-01-02 06:00:00,8,2,6
2014-01-02 07:00:00,9,7,2
2014-01-02 08:00:00,11,9,2
2014-01-02 09:00:00,15,15,0
2014-01-02 10:00:00,5,5,0
2014-01-02 11:00:00,10,9,1
2014-01-02 12:00:00,9,9,0
2014-01-02 13:00:00,24,15,9
2014-01-02 14:00:00,26,12,14
2014-01-02 15:00:00,28,20,8
2014-01-02 16:00:00,41,27,14
2014-01-02 17:00:00,31,24,7
2014-01-02 18:00:00,27,18,9
2014-01-02 19:00:00,13,12,1
2014-01-02 20:00:00,6,5,1
2014-01-02 21:00:00,0,0,0
2014-01-02 22:00:00,0,0,0
2014-01-02 23:00:00,0,0,0
2014-01-03 00:00:00,0,0,0
2014-01-03 01:00:00,1,1,0
2014-01-03 02:00:00,2,2,0
2014-01-03 03:00:00,1,0,1
2014-01-03 04:00:00,8,1,7
2014-01-03 05:00:00,4,0,4
2014-01-03 06:00:00,12,2,10
2014-01-03 07:00:00,28,3,25
2014-01-03 08:00:00,33,5,28
2014-01-03 09:00:00,44,13,31
2014-01-03 10:00:00,22,12,10
2014-01-03 11:00:00,41,21,20
2014-01-03 12:00:00,47,28,19
2014-01-03 13:00:00,62,34,28
2014-01-03 14:00:00,71,40,31
2014-01-03 15:00:00,78,36,42
2014-01-03 16:00:00,69,45,24
2014-01-03 17:00:00,48,33,15
2014-01-03 18:00:00,30,20,10
2014-01-03 19:00:00,7,5,2
2014-01-03 20:00:00,3,3,0
2014-01-03 21:00:00,3,3,0
2014-01-03 22:00:00,1,1,0
2014-01-03 23:00:00,0,0,0
2014-01-04 00:00:00,0,0,0
2014-01-04 01:00:00,0,0,0
2014-01-04 02:00:00,1,1,0
2014-01-04 03:00:00,0,0,0
2014-01-04 04:00:00,1,1,0
2014-01-04 05:00:00,1,1,0
2014-01-04 06:00:00,2,0,2
2014-01-04 07:00:00,2,1,1
2014-01-04 08:00:00,30,11,19
2014-01-04 09:00:00,34,20,14
2014-01-04 10:00:00,58,31,27
2014-01-04 11:00:00,112,70,42
2014-01-04 12:00:00,109,45,64
2014-01-04 13:00:00,183,99,84
2014-01-04 14:00:00,163,70,93
2014-01-04 15:00:00,159,74,85
2014-01-04 16:00:00,67,25,42
2014-01-04 17:00:00,12,5,7
2014-01-04 18:00:00,3,2,1
2014-01-04 19:00:00,5,3,2
2014-01-04 20:00:00,2,2,0
2014-01-04 21:00:00,1,0,1
2014-01-04 22:00:00,0,0,0
2014-01-04 23:00:00,0,0,0
2014-01-05 00:00:00,1,1,0
2014-01-05 01:00:00,0,0,0
2014-01-05 02:00:00,0,0,0
2014-01-05 03:00:00,0,0,0
2014-01-05 04:00:00,1,1,0
2014-01-05 05:00:00,1,0,1
2014-01-05 06:00:00,5,4,1
2014-01-05 07:00:00,8,4,4
2014-01-05 08:00:00,16,13,3
2014-01-05 09:00:00,32,22,10
2014-01-05 10:00:00,31,19,12
2014-01-05 11:00:00,72,42,30
2014-01-05 12:00:00,96,47,49
2014-01-05 13:00:00,129,61,68
2014-01-05 14:00:00,101,42,59
2014-01-05 15:00:00,102,50,52
2014-01-05 16:00:00,42,11,31
2014-01-05 17:00:00,11,5,6
2014-01-05 18:00:00,2,1,1
2014-01-05 19:00:00,0,0,0
2014-01-05 20:00:00,2,2,0
2014-01-05 21:00:00,0,0,0
2014-01-05 22:00:00,0,0,0
2014-01-05 23:00:00,0,0,0
2014-01-06 00:00:00,0,0,0
2014-01-06 01:00:00,0,0,0
2014-01-06 02:00:00,0,0,0
2014-01-06 03:00:00,0,0,0
2014-01-06 04:00:00,3,0,3
2014-01-06 05:00:00,5,0,5
2014-01-06 06:00:00,18,2,16
2014-01-06 07:00:00,29,6,23
2014-01-06 08:00:00,50,9,41
2014-01-06 09:00:00,26,9,17
2014-01-06 10:00:00,25,6,19
2014-01-06 11:00:00,17,9,8
2014-01-06 12:00:00,14,9,5
2014-01-06 13:00:00,27,14,13
2014-01-06 14:00:00,41,20,21
2014-01-06 15:00:00,24,12,12
2014-01-06 16:00:00,49,34,15
2014-01-06 17:00:00,55,43,12
2014-01-06 18:00:00,47,34,13
2014-01-06 19:00:00,9,7,2
2014-01-06 20:00:00,5,3,2
2014-01-06 21:00:00,3,2,1
2014-01-06 22:00:00,4,1,3
2014-01-06 23:00:00,2,1,1
2014-01-07 00:00:00,1,0,1
2014-01-07 01:00:00,0,0,0
2014-01-07 02:00:00,0,0,0
2014-01-07 03:00:00,0,0,0
2014-01-07 04:00:00,4,0,4
2014-01-07 05:00:00,6,0,6
2014-01-07 06:00:00,15,2,13
2014-01-07 07:00:00,35,6,29
2014-01-07 08:00:00,41,8,33
2014-01-07 09:00:00,19,7,12
2014-01-07 10:00:00,11,4,7
2014-01-07 11:00:00,19,10,9
2014-01-07 12:00:00,11,4,7
2014-01-07 13:00:00,10,4,6
2014-01-07 14:00:00,17,11,6
2014-01-07 15:00:00,13,9,4
2014-01-07 16:00:00,40,30,10
2014-01-07 17:00:00,42,32,10
2014-01-07 18:00:00,28,21,7
2014-01-07 19:00:00,20,14,6
2014-01-07 20:00:00,0,0,0
2014-01-07 21:00:00,5,4,1
2014-01-07 22:00:00,2,1,1
2014-01-07 23:00:00,2,1,1
2014-01-08 00:00:00,1,0,1
2014-01-08 01:00:00,0,0,0
2014-01-08 02:00:00,1,1,0
2014-01-08 03:00:00,1,0,1
2014-01-08 04:00:00,4,0,4
2014-01-08 05:00:00,11,1,10
2014-01-08 06:00:00,12,2,10
2014-01-08 07:00:00,35,1,34
2014-01-08 08:00:00,42,9,33
2014-01-08 09:00:00,44,16,28
2014-01-08 10:00:00,16,7,9
2014-01-08 11:00:00,17,7,10
2014-01-08 12:00:00,12,9,3
2014-01-08 13:00:00,9,8,1
2014-01-08 14:00:00,14,10,4
2014-01-08 15:00:00,19,13,6
2014-01-08 16:00:00,32,24,8
2014-01-08 17:00:00,42,34,8
2014-01-08 18:00:00,39,26,13
2014-01-08 19:00:00,10,10,0
2014-01-08 20:00:00,13,9,4
2014-01-08 21:00:00,1,1,0
2014-01-08 22:00:00,2,1,1
2014-01-08 23:00:00,0,0,0
2014-01-09 00:00:00,1,1,0
2014-01-09 01:00:00,0,0,0
2014-01-09 02:00:00,0,0,0
2014-01-09 03:00:00,1,0,1
2014-01-09 04:00:00,2,0,2
2014-01-09 05:00:00,5,0,5
2014-01-09 06:00:00,15,3,12
2014-01-09 07:00:00,35,5,30
2014-01-09 08:00:00,64,19,45
2014-01-09 09:00:00,33,14,19
2014-01-09 10:00:00,21,10,11
2014-01-09 11:00:00,16,5,11
2014-01-09 12:00:00,15,4,11
2014-01-09 13:00:00,12,6,6
2014-01-09 14:00:00,10,3,7
2014-01-09 15:00:00,18,12,6
2014-01-09 16:00:00,46,37,9
2014-01-09 17:00:00,48,35,13
2014-01-09 18:00:00,27,18,9
2014-01-09 19:00:00,19,15,4
2014-01-09 20:00:00,7,6,1
2014-01-09 21:00:00,5,3,2
2014-01-09 22:00:00,3,1,2
2014-01-09 23:00:00,2,2,0
2014-01-10 00:00:00,0,0,0
2014-01-10 01:00:00,0,0,0
2014-01-10 02:00:00,0,0,0
2014-01-10 03:00:00,0,0,0
2014-01-10 04:00:00,2,0,2
2014-01-10 05:00:00,6,0,6
2014-01-10 06:00:00,12,2,10
2014-01-10 07:00:00,24,4,20
2014-01-10 08:00:00,34,6,28
2014-01-10 09:00:00,23,11,12
2014-01-10 10:00:00,20,6,14
2014-01-10 11:00:00,22,10,12
2014-01-10 12:00:00,17,10,7
2014-01-10 13:00:00,20,10,10
2014-01-10 14:00:00,17,14,3
2014-01-10 15:00:00,16,11,5
2014-01-10 16:00:00,35,24,11
2014-01-10 17:00:00,41,37,4
2014-01-10 18:00:00,21,16,5
2014-01-10 19:00:00,9,7,2
2014-01-10 20:00:00,4,4,0
2014-01-10 21:00:00,3,1,2
2014-01-10 22:00:00,4,2,2
2014-01-10 23:00:00,1,0,1
2014-01-11 00:00:00,0,0,0
2014-01-11 01:00:00,0,0,0
2014-01-11 02:00:00,0,0,0
2014-01-11 03:00:00,0,0,0
2014-01-11 04:00:00,0,0,0
2014-01-11 05:00:00,0,0,0
2014-01-11 06:00:00,1,0,1
2014-01-11 07:00:00,4,3,1
2014-01-11 08:00:00,10,5,5
2014-01-11 09:00:00,25,12,13
2014-01-11 10:00:00,37,24,13
2014-01-11 11:00:00,20,10,10
2014-01-11 12:00:00,13,6,7
2014-01-11 13:00:00,23,7,16
2014-01-11 14:00:00,9,4,5
2014-01-11 15:00:00,3,2,1
2014-01-11 16:00:00,8,3,5
2014-01-11 17:00:00,5,3,2
2014-01-11 18:00:00,3,1,2
2014-01-11 19:00:00,3,1,2
2014-01-11 20:00:00,1,1,0
2014-01-11 21:00:00,0,0,0
2014-01-11 22:00:00,1,1,0
2014-01-11 23:00:00,2,0,2
2014-01-12 00:00:00,0,0,0
2014-01-12 01:00:00,1,0,1
2014-01-12 02:00:00,0,0,0
2014-01-12 03:00:00,0,0,0
2014-01-12 04:00:00,0,0,0
2014-01-12 05:00:00,5,4,1
2014-01-12 06:00:00,2,1,1
2014-01-12 07:00:00,5,3,2
2014-01-12 08:00:00,26,15,11
2014-01-12 09:00:00,14,10,4
2014-01-12 10:00:00,33,22,11
2014-01-12 11:00:00,50,22,28
2014-01-12 12:00:00,54,34,20
2014-01-12 13:00:00,55,28,27
2014-01-12 14:00:00,46,15,31
2014-01-12 15:00:00,33,18,15
2014-01-12 16:00:00,28,13,15
2014-01-12 17:00:00,17,5,12
2014-01-12 18:00:00,2,1,1
2014-01-12 19:00:00,2,1,1
2014-01-12 20:00:00,3,3,0
2014-01-12 21:00:00,0,0,0
2014-01-12 22:00:00,0,0,0
2014-01-12 23:00:00,1,1,0
2014-01-13 00:00:00,0,0,0
2014-01-13 01:00:00,0,0,0
2014-01-13 02:00:00,1,0,1
2014-01-13 03:00:00,0,0,0
2014-01-13 04:00:00,1,0,1
2014-01-13 05:00:00,11,0,11
2014-01-13 06:00:00,20,3,17
2014-01-13 07:00:00,39,10,29
2014-01-13 08:00:00,57,12,45
2014-01-13 09:00:00,38,9,29
2014-01-13 10:00:00,30,8,22
2014-01-13 11:00:00,12,5,7
2014-01-13 12:00:00,20,12,8
2014-01-13 13:00:00,35,14,21
2014-01-13 14:00:00,37,19,18
2014-01-13 15:00:00,38,21,17
2014-01-13 16:00:00,57,42,15
2014-01-13 17:00:00,57,43,14
2014-01-13 18:00:00,52,37,15
2014-01-13 19:00:00,20,13,7
2014-01-13 20:00:00,8,5,3
2014-01-13 21:00:00,1,1,0
2014-01-13 22:00:00,2,0,2
2014-01-13 23:00:00,0,0,0
2014-01-14 00:00:00,0,0,0
2014-01-14 01:00:00,0,0,0
2014-01-14 02:00:00,1,0,1
2014-01-14 03:00:00,0,0,0
2014-01-14 04:00:00,5,0,5
2014-01-14 05:00:00,11,1,10
2014-01-14 06:00:00,26,4,22
2014-01-14 07:00:00,52,11,41
2014-01-14 08:00:00,42,10,32
2014-01-14 09:00:00,43,17,26
2014-01-14 10:00:00,30,15,15
2014-01-14 11:00:00,24,7,17
2014-01-14 12:00:00,34,15,19
2014-01-14 13:00:00,41,27,14
2014-01-14 14:00:00,38,20,18
2014-01-14 15:00:00,38,23,15
2014-01-14 16:00:00,67,45,22
2014-01-14 17:00:00,86,64,22
2014-01-14 18:00:00,42,33,9
2014-01-14 19:00:00,33,19,14
2014-01-14 20:00:00,15,13,2
2014-01-14 21:00:00,5,4,1
2014-01-14 22:00:00,1,1,0
2014-01-14 23:00:00,1,1,0
2014-01-15 00:00:00,0,0,0
2014-01-15 01:00:00,0,0,0
2014-01-15 02:00:00,0,0,0
2014-01-15 03:00:00,0,0,0
2014-01-15 04:00:00,4,0,4
2014-01-15 05:00:00,11,3,8
2014-01-15 06:00:00,20,2,18
2014-01-15 07:00:00,54,8,46
2014-01-15 08:00:00,60,17,43
2014-01-15 09:00:00,52,18,34
2014-01-15 10:00:00,30,17,13
2014-01-15 11:00:00,46,16,30
2014-01-15 12:00:00,43,20,23
2014-01-15 13:00:00,42,21,21
2014-01-15 14:00:00,53,33,20
2014-01-15 15:00:00,55,31,24
2014-01-15 16:00:00,80,55,25
2014-01-15 17:00:00,93,72,21
2014-01-15 18:00:00,58,41,17
2014-01-15 19:00:00,20,11,9
2014-01-15 20:00:00,13,6,7
2014-01-15 21:00:00,8,5,3
2014-01-15 22:00:00,3,2,1
2014-01-15 23:00:00,3,1,2
2014-01-16 00:00:00,3,0,3
2014-01-16 01:00:00,0,0,0
2014-01-16 02:00:00,3,3,0
2014-01-16 03:00:00,2,0,2
2014-01-16 04:00:00,4,1,3
2014-01-16 05:00:00,11,1,10
2014-01-16 06:00:00,20,3,17
2014-01-16 07:00:00,48,8,40
2014-01-16 08:00:00,56,14,42
2014-01-16 09:00:00,35,11,24
2014-01-16 10:00:00,17,6,11
2014-01-16 11:00:00,17,8,9
2014-01-16 12:00:00,30,14,16
2014-01-16 13:00:00,37,25,12
2014-01-16 14:00:00,47,24,23
2014-01-16 15:00:00,34,20,14
2014-01-16 16:00:00,66,47,19
2014-01-16 17:00:00,70,50,20
2014-01-16 18:00:00,50,35,15
2014-01-16 19:00:00,9,5,4
2014-01-16 20:00:00,11,8,3
2014-01-16 21:00:00,10,7,3
2014-01-16 22:00:00,4,2,2
2014-01-16 23:00:00,0,0,0
2014-01-17 00:00:00,0,0,0
2014-01-17 01:00:00,0,0,0
2014-01-17 02:00:00,2,0,2
2014-01-17 03:00:00,0,0,0
2014-01-17 04:00:00,4,0,4
2014-01-17 05:00:00,2,0,2
2014-01-17 06:00:00,22,4,18
2014-01-17 07:00:00,35,9,26
2014-01-17 08:00:00,48,7,41
2014-01-17 09:00:00,43,12,31
2014-01-17 10:00:00,15,8,7
2014-01-17 11:00:00,23,10,13
2014-01-17 12:00:00,17,9,8
2014-01-17 13:00:00,27,13,14
2014-01-17 14:00:00,40,20,20
2014-01-17 15:00:00,35,22,13
2014-01-17 16:00:00,60,37,23
2014-01-17 17:00:00,55,38,17
2014-01-17 18:00:00,35,27,8
2014-01-17 19:00:00,11,6,5
2014-01-17 20:00:00,7,6,1
2014-01-17 21:00:00,4,4,0
2014-01-17 22:00:00,0,0,0
2014-01-17 23:00:00,1,1,0
2014-01-18 00:00:00,2,0,2
2014-01-18 01:00:00,0,0,0
2014-01-18 02:00:00,1,0,1
2014-01-18 03:00:00,1,0,1
2014-01-18 04:00:00,0,0,0
2014-01-18 05:00:00,2,1,1
2014-01-18 06:00:00,4,2,2
2014-01-18 07:00:00,10,7,3
2014-01-18 08:00:00,35,18,17
2014-01-18 09:00:00,57,41,16
2014-01-18 10:00:00,106,57,49
2014-01-18 11:00:00,119,59,60
2014-01-18 12:00:00,100,58,42
2014-01-18 13:00:00,90,41,49
2014-01-18 14:00:00,116,63,53
2014-01-18 15:00:00,119,49,70
2014-01-18 16:00:00,75,25,50
2014-01-18 17:00:00,29,7,22
2014-01-18 18:00:00,11,5,6
2014-01-18 19:00:00,5,2,3
2014-01-18 20:00:00,6,4,2
2014-01-18 21:00:00,0,0,0
2014-01-18 22:00:00,1,0,1
2014-01-18 23:00:00,0,0,0
2014-01-19 00:00:00,0,0,0
2014-01-19 01:00:00,0,0,0
2014-01-19 02:00:00,1,0,1
2014-01-19 03:00:00,0,0,0
2014-01-19 04:00:00,0,0,0
2014-01-19 05:00:00,2,0,2
2014-01-19 06:00:00,2,2,0
2014-01-19 07:00:00,4,3,1
2014-01-19 08:00:00,21,6,15
2014-01-19 09:00:00,35,23,12
2014-01-19 10:00:00,70,44,26
2014-01-19 11:00:00,51,21,30
2014-01-19 12:00:00,85,40,45
2014-01-19 13:00:00,67,35,32
2014-01-19 14:00:00,73,33,40
2014-01-19 15:00:00,41,20,21
2014-01-19 16:00:00,16,4,12
2014-01-19 17:00:00,7,2,5
2014-01-19 18:00:00,2,1,1
2014-01-19 19:00:00,4,1,3
2014-01-19 20:00:00,2,0,2
2014-01-19 21:00:00,1,1,0
2014-01-19 22:00:00,0,0,0
2014-01-19 23:00:00,0,0,0
2014-01-20 00:00:00,1,0,1
2014-01-20 01:00:00,0,0,0
2014-01-20 02:00:00,1,0,1
2014-01-20 03:00:00,1,0,1
2014-01-20 04:00:00,0,0,0
2014-01-20 05:00:00,4,0,4
2014-01-20 06:00:00,13,4,9
2014-01-20 07:00:00,16,5,11
2014-01-20 08:00:00,19,7,12
2014-01-20 09:00:00,28,9,19
2014-01-20 10:00:00,43,14,29
2014-01-20 11:00:00,62,43,19
2014-01-20 12:00:00,75,39,36
2014-01-20 13:00:00,109,64,45
2014-01-20 14:00:00,120,59,61
2014-01-20 15:00:00,106,57,49
2014-01-20 16:00:00,92,42,50
2014-01-20 17:00:00,41,15,26
2014-01-20 18:00:00,14,10,4
2014-01-20 19:00:00,15,9,6
2014-01-20 20:00:00,5,4,1
2014-01-20 21:00:00,1,1,0
2014-01-20 22:00:00,0,0,0
2014-01-20 23:00:00,0,0,0
2014-01-21 00:00:00,1,0,1
2014-01-21 01:00:00,0,0,0
2014-01-21 02:00:00,0,0,0
2014-01-21 03:00:00,0,0,0
2014-01-21 04:00:00,5,0,5
2014-01-21 05:00:00,5,1,4
2014-01-21 06:00:00,23,5,18
2014-01-21 07:00:00,40,5,35
2014-01-21 08:00:00,54,16,38
2014-01-21 09:00:00,44,15,29
2014-01-21 10:00:00,27,7,20
2014-01-21 11:00:00,13,5,8
2014-01-21 12:00:00,24,15,9
2014-01-21 13:00:00,29,19,10
2014-01-21 14:00:00,43,24,19
2014-01-21 15:00:00,49,32,17
2014-01-21 16:00:00,67,51,16
2014-01-21 17:00:00,68,46,22
2014-01-21 18:00:00,53,37,16
2014-01-21 19:00:00,27,15,12
2014-01-21 20:00:00,7,4,3
2014-01-21 21:00:00,7,5,2
2014-01-21 22:00:00,2,2,0
2014-01-21 23:00:00,0,0,0
2014-01-22 00:00:00,0,0,0
2014-01-22 01:00:00,0,0,0
2014-01-22 02:00:00,1,1,0
2014-01-22 03:00:00,0,0,0
2014-01-22 04:00:00,5,0,5
2014-01-22 05:00:00,8,0,8
2014-01-22 06:00:00,17,3,14
2014-01-22 07:00:00,46,5,41
2014-01-22 08:00:00,54,13,41
2014-01-22 09:00:00,37,13,24
2014-01-22 10:00:00,22,11,11
2014-01-22 11:00:00,23,7,16
2014-01-22 12:00:00,21,13,8
2014-01-22 13:00:00,22,13,9
2014-01-22 14:00:00,40,18,22
2014-01-22 15:00:00,41,23,18
2014-01-22 16:00:00,69,47,22
2014-01-22 17:00:00,70,55,15
2014-01-22 18:00:00,56,41,15
2014-01-22 19:00:00,24,20,4
2014-01-22 20:00:00,7,6,1
2014-01-22 21:00:00,7,4,3
2014-01-22 22:00:00,5,4,1
2014-01-22 23:00:00,0,0,0
2014-01-23 00:00:00,0,0,0
2014-01-23 01:00:00,0,0,0
2014-01-23 02:00:00,0,0,0
2014-01-23 03:00:00,0,0,0
2014-01-23 04:00:00,4,1,3
2014-01-23 05:00:00,6,0,6
2014-01-23 06:00:00,25,2,23
2014-01-23 07:00:00,39,5,34
2014-01-23 08:00:00,43,6,37
2014-01-23 09:00:00,40,12,28
2014-01-23 10:00:00,16,8,8
2014-01-23 11:00:00,25,12,13
2014-01-23 12:00:00,39,21,18
2014-01-23 13:00:00,29,17,12
2014-01-23 14:00:00,50,26,24
2014-01-23 15:00:00,61,33,28
2014-01-23 16:00:00,64,42,22
2014-01-23 17:00:00,70,53,17
2014-01-23 18:00:00,40,31,9
2014-01-23 19:00:00,24,19,5
2014-01-23 20:00:00,6,5,1
2014-01-23 21:00:00,17,7,10
2014-01-23 22:00:00,0,0,0
2014-01-23 23:00:00,0,0,0
2014-01-24 00:00:00,3,1,2
2014-01-24 01:00:00,1,0,1
2014-01-24 02:00:00,2,1,1
2014-01-24 03:00:00,0,0,0
2014-01-24 04:00:00,3,0,3
2014-01-24 05:00:00,5,0,5
2014-01-24 06:00:00,25,4,21
2014-01-24 07:00:00,38,4,34
2014-01-24 08:00:00,55,9,46
2014-01-24 09:00:00,36,8,28
2014-01-24 10:00:00,19,9,10
2014-01-24 11:00:00,31,17,14
2014-01-24 12:00:00,36,19,17
2014-01-24 13:00:00,55,30,25
2014-01-24 14:00:00,79,43,36
2014-01-24 15:00:00,66,32,34
2014-01-24 16:00:00,89,55,34
2014-01-24 17:00:00,58,45,13
2014-01-24 18:00:00,34,21,13
2014-01-24 19:00:00,14,10,4
2014-01-24 20:00:00,9,4,5
2014-01-24 21:00:00,5,4,1
2014-01-24 22:00:00,0,0,0
2014-01-24 23:00:00,3,1,2
2014-01-25 00:00:00,2,2,0
2014-01-25 01:00:00,0,0,0
2014-01-25 02:00:00,1,0,1
2014-01-25 03:00:00,0,0,0
2014-01-25 04:00:00,1,0,1
2014-01-25 05:00:00,0,0,0
2014-01-25 06:00:00,3,3,0
2014-01-25 07:00:00,9,7,2
2014-01-25 08:00:00,38,27,11
2014-01-25 09:00:00,37,20,17
2014-01-25 10:00:00,79,51,28
2014-01-25 11:00:00,85,50,35
2014-01-25 12:00:00,169,95,74
2014-01-25 13:00:00,173,97,76
2014-01-25 14:00:00,177,86,91
2014-01-25 15:00:00,173,66,107
2014-01-25 16:00:00,132,54,78
2014-01-25 17:00:00,51,13,38
2014-01-25 18:00:00,16,5,11
2014-01-25 19:00:00,5,2,3
2014-01-25 20:00:00,0,0,0
2014-01-25 21:00:00,0,0,0
2014-01-25 22:00:00,1,0,1
2014-01-25 23:00:00,0,0,0
2014-01-26 00:00:00,0,0,0
2014-01-26 01:00:00,0,0,0
2014-01-26 02:00:00,1,0,1
2014-01-26 03:00:00,0,0,0
2014-01-26 04:00:00,2,0,2
2014-01-26 05:00:00,4,1,3
2014-01-26 06:00:00,3,3,0
2014-01-26 07:00:00,9,5,4
2014-01-26 08:00:00,18,12,6
2014-01-26 09:00:00,47,26,21
2014-01-26 10:00:00,70,40,30
2014-01-26 11:00:00,115,60,55
2014-01-26 12:00:00,134,73,61
2014-01-26 13:00:00,177,83,94
2014-01-26 14:00:00,186,95,91
2014-01-26 15:00:00,209,115,94
2014-01-26 16:00:00,108,45,63
2014-01-26 17:00:00,39,6,33
2014-01-26 18:00:00,13,0,13
2014-01-26 19:00:00,4,2,2
2014-01-26 20:00:00,2,0,2
2014-01-26 21:00:00,1,0,1
2014-01-26 22:00:00,1,1,0
2014-01-26 23:00:00,2,2,0
2014-01-27 00:00:00,1,0,1
2014-01-27 01:00:00,0,0,0
2014-01-27 02:00:00,1,0,1
2014-01-27 03:00:00,0,0,0
2014-01-27 04:00:00,4,0,4
2014-01-27 05:00:00,10,0,10
2014-01-27 06:00:00,16,2,14
2014-01-27 07:00:00,39,7,32
2014-01-27 08:00:00,42,7,35
2014-01-27 09:00:00,33,17,16
2014-01-27 10:00:00,27,0,27
2014-01-27 11:00:00,19,7,12
2014-01-27 12:00:00,17,11,6
2014-01-27 13:00:00,30,15,15
2014-01-27 14:00:00,42,21,21
2014-01-27 15:00:00,37,21,16
2014-01-27 16:00:00,63,43,20
2014-01-27 17:00:00,77,51,26
2014-01-27 18:00:00,41,34,7
2014-01-27 19:00:00,14,13,1
2014-01-27 20:00:00,7,5,2
2014-01-27 21:00:00,3,2,1
2014-01-27 22:00:00,1,0,1
2014-01-27 23:00:00,1,0,1
2014-01-28 00:00:00,0,0,0
2014-01-28 01:00:00,1,1,0
2014-01-28 02:00:00,0,0,0
2014-01-28 03:00:00,1,0,1
2014-01-28 04:00:00,3,0,3
2014-01-28 05:00:00,9,0,9
2014-01-28 06:00:00,22,5,17
2014-01-28 07:00:00,47,4,43
2014-01-28 08:00:00,44,12,32
2014-01-28 09:00:00,39,16,23
2014-01-28 10:00:00,23,6,17
2014-01-28 11:00:00,21,7,14
2014-01-28 12:00:00,23,11,12
2014-01-28 13:00:00,20,9,11
2014-01-28 14:00:00,19,14,5
2014-01-28 15:00:00,25,17,8
2014-01-28 16:00:00,60,42,18
2014-01-28 17:00:00,68,54,14
2014-01-28 18:00:00,34,23,11
2014-01-28 19:00:00,18,17,1
2014-01-28 20:00:00,11,10,1
2014-01-28 21:00:00,8,4,4
2014-01-28 22:00:00,1,1,0
2014-01-28 23:00:00,0,0,0
2014-01-29 00:00:00,0,0,0
2014-01-29 01:00:00,1,1,0
2014-01-29 02:00:00,1,1,0
2014-01-29 03:00:00,0,0,0
2014-01-29 04:00:00,2,0,2
2014-01-29 05:00:00,10,0,10
2014-01-29 06:00:00,15,3,12
2014-01-29 07:00:00,37,3,34
2014-01-29 08:00:00,39,7,32
2014-01-29 09:00:00,24,6,18
2014-01-29 10:00:00,11,5,6
2014-01-29 11:00:00,8,4,4
2014-01-29 12:00:00,8,6,2
2014-01-29 13:00:00,4,3,1
2014-01-29 14:00:00,14,9,5
2014-01-29 15:00:00,21,11,10
2014-01-29 16:00:00,37,29,8
2014-01-29 17:00:00,56,42,14
2014-01-29 18:00:00,31,26,5
2014-01-29 19:00:00,11,9,2
2014-01-29 20:00:00,6,4,2
2014-01-29 21:00:00,8,6,2
2014-01-29 22:00:00,2,1,1
2014-01-29 23:00:00,0,0,0
2014-01-30 00:00:00,0,0,0
2014-01-30 01:00:00,0,0,0
2014-01-30 02:00:00,2,1,1
2014-01-30 03:00:00,0,0,0
2014-01-30 04:00:00,3,0,3
2014-01-30 05:00:00,5,0,5
2014-01-30 06:00:00,18,4,14
2014-01-30 07:00:00,34,3,31
2014-01-30 08:00:00,47,15,32
2014-01-30 09:00:00,31,7,24
2014-01-30 10:00:00,23,9,14
2014-01-30 11:00:00,19,6,13
2014-01-30 12:00:00,22,12,10
2014-01-30 13:00:00,20,13,7
2014-01-30 14:00:00,28,16,12
2014-01-30 15:00:00,27,14,13
2014-01-30 16:00:00,45,34,11
2014-01-30 17:00:00,60,43,17
2014-01-30 18:00:00,38,26,12
2014-01-30 19:00:00,8,7,1
2014-01-30 20:00:00,7,6,1
2014-01-30 21:00:00,8,6,2
2014-01-30 22:00:00,4,2,2
2014-01-30 23:00:00,1,0,1
2014-01-31 00:00:00,0,0,0
2014-01-31 01:00:00,2,2,0
2014-01-31 02:00:00,1,0,1
2014-01-31 03:00:00,0,0,0
2014-01-31 04:00:00,3,1,2
2014-01-31 05:00:00,8,1,7
2014-01-31 06:00:00,20,5,15
2014-01-31 07:00:00,30,3,27
2014-01-31 08:00:00,29,7,22
2014-01-31 09:00:00,27,7,20
2014-01-31 10:00:00,22,9,13
2014-01-31 11:00:00,23,8,15
2014-01-31 12:00:00,24,16,8
2014-01-31 13:00:00,19,9,10
2014-01-31 14:00:00,25,18,7
2014-01-31 15:00:00,35,19,16
2014-01-31 16:00:00,57,41,16
2014-01-31 17:00:00,49,33,16
2014-01-31 18:00:00,35,21,14
2014-01-31 19:00:00,13,10,3
2014-01-31 20:00:00,11,8,3
2014-01-31 21:00:00,3,3,0
2014-01-31 22:00:00,2,1,1
2014-01-31 23:00:00,2,2,0
2014-02-01 00:00:00,0,0,0
2014-02-01 01:00:00,0,0,0
2014-02-01 02:00:00,1,0,1
2014-02-01 03:00:00,0,0,0
2014-02-01 04:00:00,1,0,1
2014-02-01 05:00:00,5,3,2
2014-02-01 06:00:00,5,2,3
2014-02-01 07:00:00,4,3,1
2014-02-01 08:00:00,44,29,15
2014-02-01 09:00:00,42,21,21
2014-02-01 10:00:00,84,55,29
2014-02-01 11:00:00,97,41,56
2014-02-01 12:00:00,107,69,38
2014-02-01 13:00:00,99,40,59
2014-02-01 14:00:00,110,54,56
2014-02-01 15:00:00,71,32,39
2014-02-01 16:00:00,59,31,28
2014-02-01 17:00:00,18,3,15
2014-02-01 18:00:00,9,2,7
2014-02-01 19:00:00,1,0,1
2014-02-01 20:00:00,3,2,1
2014-02-01 21:00:00,0,0,0
2014-02-01 22:00:00,1,0,1
2014-02-01 23:00:00,0,0,0
2014-02-02 00:00:00,0,0,0
2014-02-02 01:00:00,0,0,0
2014-02-02 02:00:00,2,0,2
2014-02-02 03:00:00,0,0,0
2014-02-02 04:00:00,1,1,0
2014-02-02 05:00:00,2,0,2
2014-02-02 06:00:00,5,5,0
2014-02-02 07:00:00,4,2,2
2014-02-02 08:00:00,25,17,8
2014-02-02 09:00:00,50,22,28
2014-02-02 10:00:00,65,40,25
2014-02-02 11:00:00,97,43,54
2014-02-02 12:00:00,105,64,41
2014-02-02 13:00:00,97,59,38
2014-02-02 14:00:00,110,37,73
2014-02-02 15:00:00,50,21,29
2014-02-02 16:00:00,27,10,17
2014-02-02 17:00:00,9,1,8
2014-02-02 18:00:00,2,1,1
2014-02-02 19:00:00,7,3,4
2014-02-02 20:00:00,3,1,2
2014-02-02 21:00:00,5,3,2
2014-02-02 22:00:00,3,1,2
2014-02-02 23:00:00,0,0,0
2014-02-03 00:00:00,0,0,0
2014-02-03 01:00:00,1,0,1
2014-02-03 02:00:00,1,0,1
2014-02-03 03:00:00,0,0,0
2014-02-03 04:00:00,1,0,1
2014-02-03 05:00:00,7,0,7
2014-02-03 06:00:00,11,2,9
2014-02-03 07:00:00,35,4,31
2014-02-03 08:00:00,47,9,38
2014-02-03 09:00:00,35,15,20
2014-02-03 10:00:00,29,5,24
2014-02-03 11:00:00,20,10,10
2014-02-03 12:00:00,15,10,5
2014-02-03 13:00:00,24,15,9
2014-02-03 14:00:00,32,16,16
2014-02-03 15:00:00,32,17,15
2014-02-03 16:00:00,45,28,17
2014-02-03 17:00:00,71,44,27
2014-02-03 18:00:00,42,35,7
2014-02-03 19:00:00,10,6,4
2014-02-03 20:00:00,4,2,2
2014-02-03 21:00:00,5,3,2
2014-02-03 22:00:00,2,0,2
2014-02-03 23:00:00,1,0,1
2014-02-04 00:00:00,0,0,0
2014-02-04 01:00:00,0,0,0
2014-02-04 02:00:00,2,1,1
2014-02-04 03:00:00,0,0,0
2014-02-04 04:00:00,4,0,4
2014-02-04 05:00:00,8,0,8
2014-02-04 06:00:00,17,2,15
2014-02-04 07:00:00,27,4,23
2014-02-04 08:00:00,43,12,31
2014-02-04 09:00:00,26,8,18
2014-02-04 10:00:00,22,9,13
2014-02-04 11:00:00,10,2,8
2014-02-04 12:00:00,20,12,8
2014-02-04 13:00:00,20,9,11
2014-02-04 14:00:00,22,16,6
2014-02-04 15:00:00,37,18,19
2014-02-04 16:00:00,54,39,15
2014-02-04 17:00:00,70,52,18
2014-02-04 18:00:00,38,27,11
2014-02-04 19:00:00,13,10,3
2014-02-04 20:00:00,7,5,2
2014-02-04 21:00:00,5,5,0
2014-02-04 22:00:00,4,2,2
2014-02-04 23:00:00,0,0,0
2014-02-05 00:00:00,0,0,0
2014-02-05 01:00:00,1,1,0
2014-02-05 02:00:00,0,0,0
2014-02-05 03:00:00,0,0,0
2014-02-05 04:00:00,2,1,1
2014-02-05 05:00:00,2,0,2
2014-02-05 06:00:00,14,2,12
2014-02-05 07:00:00,20,1,19
2014-02-05 08:00:00,34,9,25
2014-02-05 09:00:00,24,6,18
2014-02-05 10:00:00,9,2,7
2014-02-05 11:00:00,14,5,9
2014-02-05 12:00:00,9,2,7
2014-02-05 13:00:00,13,10,3
2014-02-05 14:00:00,15,10,5
2014-02-05 15:00:00,18,11,7
2014-02-05 16:00:00,30,22,8
2014-02-05 17:00:00,43,31,12
2014-02-05 18:00:00,21,16,5
2014-02-05 19:00:00,9,7,2
2014-02-05 20:00:00,4,3,1
2014-02-05 21:00:00,1,1,0
2014-02-05 22:00:00,0,0,0
2014-02-05 23:00:00,1,1,0
2014-02-06 00:00:00,0,0,0
2014-02-06 01:00:00,2,2,0
2014-02-06 02:00:00,0,0,0
2014-02-06 03:00:00,1,1,0
2014-02-06 04:00:00,3,0,3
2014-02-06 05:00:00,3,0,3
2014-02-06 06:00:00,12,4,8
2014-02-06 07:00:00,20,4,16
2014-02-06 08:00:00,15,3,12
2014-02-06 09:00:00,15,3,12
2014-02-06 10:00:00,15,5,10
2014-02-06 11:00:00,7,4,3
2014-02-06 12:00:00,12,6,6
2014-02-06 13:00:00,17,11,6
2014-02-06 14:00:00,15,10,5
2014-02-06 15:00:00,8,4,4
2014-02-06 16:00:00,26,21,5
2014-02-06 17:00:00,27,20,7
2014-02-06 18:00:00,21,16,5
2014-02-06 19:00:00,10,6,4
2014-02-06 20:00:00,8,5,3
2014-02-06 21:00:00,3,3,0
2014-02-06 22:00:00,2,1,1
2014-02-06 23:00:00,0,0,0
2014-02-07 00:00:00,0,0,0
2014-02-07 01:00:00,0,0,0
2014-02-07 02:00:00,2,1,1
2014-02-07 03:00:00,0,0,0
2014-02-07 04:00:00,1,0,1
2014-02-07 05:00:00,3,0,3
2014-02-07 06:00:00,12,4,8
2014-02-07 07:00:00,9,2,7
2014-02-07 08:00:00,20,2,18
2014-02-07 09:00:00,15,2,13
2014-02-07 10:00:00,11,4,7
2014-02-07 11:00:00,10,4,6
2014-02-07 12:00:00,14,6,8
2014-02-07 13:00:00,16,10,6
2014-02-07 14:00:00,22,10,12
2014-02-07 15:00:00,24,13,11
2014-02-07 16:00:00,24,18,6
2014-02-07 17:00:00,37,22,15
2014-02-07 18:00:00,15,12,3
2014-02-07 19:00:00,6,4,2
2014-02-07 20:00:00,4,4,0
2014-02-07 21:00:00,2,2,0
2014-02-07 22:00:00,1,1,0
2014-02-07 23:00:00,1,1,0
2014-02-08 00:00:00,0,0,0
2014-02-08 01:00:00,0,0,0
2014-02-08 02:00:00,1,0,1
2014-02-08 03:00:00,0,0,0
2014-02-08 04:00:00,0,0,0
2014-02-08 05:00:00,0,0,0
2014-02-08 06:00:00,1,0,1
2014-02-08 07:00:00,3,0,3
2014-02-08 08:00:00,15,9,6
2014-02-08 09:00:00,23,10,13
2014-02-08 10:00:00,41,26,15
2014-02-08 11:00:00,43,26,17
2014-02-08 12:00:00,70,44,26
2014-02-08 13:00:00,87,40,47
2014-02-08 14:00:00,74,37,37
2014-02-08 15:00:00,67,22,45
2014-02-08 16:00:00,38,18,20
2014-02-08 17:00:00,20,8,12
2014-02-08 18:00:00,10,6,4
2014-02-08 19:00:00,4,2,2
2014-02-08 20:00:00,1,0,1
2014-02-08 21:00:00,0,0,0
2014-02-08 22:00:00,0,0,0
2014-02-08 23:00:00,0,0,0
2014-02-09 00:00:00,0,0,0
2014-02-09 01:00:00,0,0,0
2014-02-09 02:00:00,0,0,0
2014-02-09 03:00:00,0,0,0
2014-02-09 04:00:00,0,0,0
2014-02-09 05:00:00,1,0,1
2014-02-09 06:00:00,1,0,1
2014-02-09 07:00:00,0,0,0
2014-02-09 08:00:00,1,0,1
2014-02-09 09:00:00,0,0,0
2014-02-09 10:00:00,0,0,0
2014-02-09 11:00:00,0,0,0
2014-02-09 12:00:00,1,1,0
2014-02-09 13:00:00,2,1,1
2014-02-09 14:00:00,1,0,1
2014-02-09 15:00:00,3,2,1
2014-02-09 16:00:00,1,0,1
2014-02-09 17:00:00,0,0,0
2014-02-09 18:00:00,1,1,0
2014-02-09 19:00:00,1,1,0
2014-02-09 20:00:00,2,2,0
2014-02-09 21:00:00,0,0,0
2014-02-09 22:00:00,0,0,0
2014-02-09 23:00:00,0,0,0
2014-02-10 00:00:00,0,0,0
2014-02-10 01:00:00,1,1,0
2014-02-10 02:00:00,1,0,1
2014-02-10 03:00:00,0,0,0
2014-02-10 04:00:00,0,0,0
2014-02-10 05:00:00,4,0,4
2014-02-10 06:00:00,4,0,4
2014-02-10 07:00:00,11,0,11
2014-02-10 08:00:00,19,2,17
2014-02-10 09:00:00,18,4,14
2014-02-10 10:00:00,5,1,4
2014-02-10 11:00:00,5,3,2
2014-02-10 12:00:00,11,5,6
2014-02-10 13:00:00,14,8,6
2014-02-10 14:00:00,18,8,10
2014-02-10 15:00:00,10,3,7
2014-02-10 16:00:00,25,16,9
2014-02-10 17:00:00,42,32,10
2014-02-10 18:00:00,30,21,9
2014-02-10 19:00:00,6,3,3
2014-02-10 20:00:00,4,3,1
2014-02-10 21:00:00,2,2,0
2014-02-10 22:00:00,1,0,1
2014-02-10 23:00:00,0,0,0
2014-02-11 00:00:00,0,0,0
2014-02-11 01:00:00,1,1,0
2014-02-11 02:00:00,1,0,1
2014-02-11 03:00:00,0,0,0
2014-02-11 04:00:00,2,0,2
2014-02-11 05:00:00,8,0,8
2014-02-11 06:00:00,21,5,16
2014-02-11 07:00:00,44,6,38
2014-02-11 08:00:00,47,15,32
2014-02-11 09:00:00,31,13,18
2014-02-11 10:00:00,17,9,8
2014-02-11 11:00:00,16,5,11
2014-02-11 12:00:00,24,8,16
2014-02-11 13:00:00,30,15,15
2014-02-11 14:00:00,28,18,10
2014-02-11 15:00:00,28,19,9
2014-02-11 16:00:00,26,22,4
2014-02-11 17:00:00,50,42,8
2014-02-11 18:00:00,29,22,7
2014-02-11 19:00:00,17,11,6
2014-02-11 20:00:00,4,4,0
2014-02-11 21:00:00,3,2,1
2014-02-11 22:00:00,2,2,0
2014-02-11 23:00:00,0,0,0
2014-02-12 00:00:00,0,0,0
2014-02-12 01:00:00,1,1,0
2014-02-12 02:00:00,2,1,1
2014-02-12 03:00:00,0,0,0
2014-02-12 04:00:00,2,0,2
2014-02-12 05:00:00,7,0,7
2014-02-12 06:00:00,4,0,4
2014-02-12 07:00:00,36,5,31
2014-02-12 08:00:00,32,12,20
2014-02-12 09:00:00,32,11,21
2014-02-12 10:00:00,14,8,6
2014-02-12 11:00:00,20,15,5
2014-02-12 12:00:00,18,7,11
2014-02-12 13:00:00,27,14,13
2014-02-12 14:00:00,38,15,23
2014-02-12 15:00:00,42,22,20
2014-02-12 16:00:00,54,35,19
2014-02-12 17:00:00,73,49,24
2014-02-12 18:00:00,47,31,16
2014-02-12 19:00:00,19,14,5
2014-02-12 20:00:00,10,4,6
2014-02-12 21:00:00,6,3,3
2014-02-12 22:00:00,2,1,1
2014-02-12 23:00:00,1,0,1
2014-02-13 00:00:00,0,0,0
2014-02-13 01:00:00,1,1,0
2014-02-13 02:00:00,0,0,0
2014-02-13 03:00:00,2,0,2
2014-02-13 04:00:00,3,1,2
2014-02-13 05:00:00,7,0,7
2014-02-13 06:00:00,16,3,13
2014-02-13 07:00:00,39,7,32
2014-02-13 08:00:00,55,19,36
2014-02-13 09:00:00,44,13,31
2014-02-13 10:00:00,29,11,18
2014-02-13 11:00:00,25,12,13
2014-02-13 12:00:00,33,15,18
2014-02-13 13:00:00,43,23,20
2014-02-13 14:00:00,55,27,28
2014-02-13 15:00:00,58,34,24
2014-02-13 16:00:00,72,48,24
2014-02-13 17:00:00,82,51,31
2014-02-13 18:00:00,43,29,14
2014-02-13 19:00:00,22,17,5
2014-02-13 20:00:00,5,4,1
2014-02-13 21:00:00,7,6,1
2014-02-13 22:00:00,0,0,0
2014-02-13 23:00:00,0,0,0
2014-02-14 00:00:00,1,1,0
2014-02-14 01:00:00,2,2,0
2014-02-14 02:00:00,0,0,0
2014-02-14 03:00:00,0,0,0
2014-02-14 04:00:00,1,0,1
2014-02-14 05:00:00,3,0,3
2014-02-14 06:00:00,12,1,11
2014-02-14 07:00:00,22,2,20
2014-02-14 08:00:00,37,9,28
2014-02-14 09:00:00,28,8,20
2014-02-14 10:00:00,19,9,10
2014-02-14 11:00:00,7,3,4
2014-02-14 12:00:00,12,6,6
2014-02-14 13:00:00,8,5,3
2014-02-14 14:00:00,21,15,6
2014-02-14 15:00:00,29,19,10
2014-02-14 16:00:00,45,26,19
2014-02-14 17:00:00,56,31,25
2014-02-14 18:00:00,32,24,8
2014-02-14 19:00:00,6,4,2
2014-02-14 20:00:00,5,4,1
2014-02-14 21:00:00,2,2,0
2014-02-14 22:00:00,1,0,1
2014-02-14 23:00:00,0,0,0
2014-02-15 00:00:00,0,0,0
2014-02-15 01:00:00,0,0,0
2014-02-15 02:00:00,1,0,1
2014-02-15 03:00:00,0,0,0
2014-02-15 04:00:00,0,0,0
2014-02-15 05:00:00,0,0,0
2014-02-15 06:00:00,6,2,4
2014-02-15 07:00:00,3,2,1
2014-02-15 08:00:00,38,25,13
2014-02-15 09:00:00,50,20,30
2014-02-15 10:00:00,78,46,32
2014-02-15 11:00:00,100,50,50
2014-02-15 12:00:00,66,27,39
2014-02-15 13:00:00,36,10,26
2014-02-15 14:00:00,13,8,5
2014-02-15 15:00:00,22,8,14
2014-02-15 16:00:00,7,5,2
2014-02-15 17:00:00,6,2,4
2014-02-15 18:00:00,2,1,1
2014-02-15 19:00:00,0,0,0
2014-02-15 20:00:00,2,1,1
2014-02-15 21:00:00,1,0,1
2014-02-15 22:00:00,1,1,0
2014-02-15 23:00:00,0,0,0
2014-02-16 00:00:00,0,0,0
2014-02-16 01:00:00,0,0,0
2014-02-16 02:00:00,0,0,0
2014-02-16 03:00:00,0,0,0
2014-02-16 04:00:00,0,0,0
2014-02-16 05:00:00,2,0,2
2014-02-16 06:00:00,2,1,1
2014-02-16 07:00:00,8,3,5
2014-02-16 08:00:00,16,8,8
2014-02-16 09:00:00,36,21,15
2014-02-16 10:00:00,77,38,39
2014-02-16 11:00:00,47,23,24
2014-02-16 12:00:00,28,11,17
2014-02-16 13:00:00,29,8,21
2014-02-16 14:00:00,34,13,21
2014-02-16 15:00:00,22,14,8
2014-02-16 16:00:00,10,7,3
2014-02-16 17:00:00,5,3,2
2014-02-16 18:00:00,4,3,1
2014-02-16 19:00:00,0,0,0
2014-02-16 20:00:00,1,1,0
2014-02-16 21:00:00,1,1,0
2014-02-16 22:00:00,0,0,0
2014-02-16 23:00:00,0,0,0
2014-02-17 00:00:00,1,1,0
2014-02-17 01:00:00,0,0,0
2014-02-17 02:00:00,1,0,1
2014-02-17 03:00:00,1,0,1
2014-02-17 04:00:00,0,0,0
2014-02-17 05:00:00,1,0,1
2014-02-17 06:00:00,6,3,3
2014-02-17 07:00:00,8,1,7
2014-02-17 08:00:00,9,3,6
2014-02-17 09:00:00,10,4,6
2014-02-17 10:00:00,22,10,12
2014-02-17 11:00:00,18,11,7
2014-02-17 12:00:00,22,12,10
2014-02-17 13:00:00,40,21,19
2014-02-17 14:00:00,44,19,25
2014-02-17 15:00:00,36,17,19
2014-02-17 16:00:00,37,21,16
2014-02-17 17:00:00,19,13,6
2014-02-17 18:00:00,11,8,3
2014-02-17 19:00:00,5,4,1
2014-02-17 20:00:00,4,2,2
2014-02-17 21:00:00,4,4,0
2014-02-17 22:00:00,1,0,1
2014-02-17 23:00:00,0,0,0
2014-02-18 00:00:00,0,0,0
2014-02-18 01:00:00,1,1,0
2014-02-18 02:00:00,1,0,1
2014-02-18 03:00:00,0,0,0
2014-02-18 04:00:00,3,0,3
2014-02-18 05:00:00,11,1,10
2014-02-18 06:00:00,10,1,9
2014-02-18 07:00:00,19,5,14
2014-02-18 08:00:00,31,12,19
2014-02-18 09:00:00,15,5,10
2014-02-18 10:00:00,12,4,8
2014-02-18 11:00:00,7,2,5
2014-02-18 12:00:00,4,4,0
2014-02-18 13:00:00,11,6,5
2014-02-18 14:00:00,12,9,3
2014-02-18 15:00:00,5,3,2
2014-02-18 16:00:00,36,23,13
2014-02-18 17:00:00,51,32,19
2014-02-18 18:00:00,36,22,14
2014-02-18 19:00:00,10,4,6
2014-02-18 20:00:00,9,7,2
2014-02-18 21:00:00,7,6,1
2014-02-18 22:00:00,1,1,0
2014-02-18 23:00:00,0,0,0
2014-02-19 00:00:00,0,0,0
2014-02-19 01:00:00,1,1,0
2014-02-19 02:00:00,1,0,1
2014-02-19 03:00:00,0,0,0
2014-02-19 04:00:00,6,1,5
2014-02-19 05:00:00,9,0,9
2014-02-19 06:00:00,10,1,9
2014-02-19 07:00:00,30,5,25
2014-02-19 08:00:00,39,12,27
2014-02-19 09:00:00,31,9,22
2014-02-19 10:00:00,18,8,10
2014-02-19 11:00:00,20,9,11
2014-02-19 12:00:00,26,13,13
2014-02-19 13:00:00,24,15,9
2014-02-19 14:00:00,43,17,26
2014-02-19 15:00:00,44,24,20
2014-02-19 16:00:00,54,35,19
2014-02-19 17:00:00,66,42,24
2014-02-19 18:00:00,39,29,10
2014-02-19 19:00:00,10,10,0
2014-02-19 20:00:00,4,3,1
2014-02-19 21:00:00,8,3,5
2014-02-19 22:00:00,0,0,0
2014-02-19 23:00:00,0,0,0
2014-02-20 00:00:00,0,0,0
2014-02-20 01:00:00,1,1,0
2014-02-20 02:00:00,0,0,0
2014-02-20 03:00:00,0,0,0
2014-02-20 04:00:00,2,1,1
2014-02-20 05:00:00,10,1,9
2014-02-20 06:00:00,11,1,10
2014-02-20 07:00:00,38,4,34
2014-02-20 08:00:00,39,14,25
2014-02-20 09:00:00,35,14,21
2014-02-20 10:00:00,22,5,17
2014-02-20 11:00:00,16,4,12
2014-02-20 12:00:00,22,11,11
2014-02-20 13:00:00,20,14,6
2014-02-20 14:00:00,18,12,6
2014-02-20 15:00:00,41,19,22
2014-02-20 16:00:00,44,32,12
2014-02-20 17:00:00,79,58,21
2014-02-20 18:00:00,42,22,20
2014-02-20 19:00:00,13,10,3
2014-02-20 20:00:00,9,7,2
2014-02-20 21:00:00,8,3,5
2014-02-20 22:00:00,7,7,0
2014-02-20 23:00:00,0,0,0
2014-02-21 00:00:00,1,1,0
2014-02-21 01:00:00,1,1,0
2014-02-21 02:00:00,0,0,0
2014-02-21 03:00:00,0,0,0
2014-02-21 04:00:00,1,0,1
2014-02-21 05:00:00,10,1,9
2014-02-21 06:00:00,9,2,7
2014-02-21 07:00:00,44,3,41
2014-02-21 08:00:00,39,13,26
2014-02-21 09:00:00,23,4,19
2014-02-21 10:00:00,27,11,16
2014-02-21 11:00:00,16,6,10
2014-02-21 12:00:00,18,11,7
2014-02-21 13:00:00,31,25,6
2014-02-21 14:00:00,27,17,10
2014-02-21 15:00:00,26,14,12
2014-02-21 16:00:00,40,24,16
2014-02-21 17:00:00,54,35,19
2014-02-21 18:00:00,38,24,14
2014-02-21 19:00:00,13,10,3
2014-02-21 20:00:00,9,8,1
2014-02-21 21:00:00,2,0,2
2014-02-21 22:00:00,3,1,2
2014-02-21 23:00:00,1,0,1
2014-02-22 00:00:00,1,1,0
2014-02-22 01:00:00,0,0,0
2014-02-22 02:00:00,2,1,1
2014-02-22 03:00:00,0,0,0
2014-02-22 04:00:00,0,0,0
2014-02-22 05:00:00,2,0,2
2014-02-22 06:00:00,2,1,1
2014-02-22 07:00:00,7,2,5
2014-02-22 08:00:00,28,17,11
2014-02-22 09:00:00,18,9,9
2014-02-22 10:00:00,51,31,20
2014-02-22 11:00:00,31,16,15
2014-02-22 12:00:00,38,17,21
2014-02-22 13:00:00,23,13,10
2014-02-22 14:00:00,28,19,9
2014-02-22 15:00:00,25,10,15
2014-02-22 16:00:00,19,4,15
2014-02-22 17:00:00,18,6,12
2014-02-22 18:00:00,5,3,2
2014-02-22 19:00:00,1,0,1
2014-02-22 20:00:00,1,1,0
2014-02-22 21:00:00,1,0,1
2014-02-22 22:00:00,0,0,0
2014-02-22 23:00:00,0,0,0
2014-02-23 00:00:00,0,0,0
2014-02-23 01:00:00,1,1,0
2014-02-23 02:00:00,0,0,0
2014-02-23 03:00:00,0,0,0
2014-02-23 04:00:00,1,1,0
2014-02-23 05:00:00,2,0,2
2014-02-23 06:00:00,2,0,2
2014-02-23 07:00:00,6,4,2
2014-02-23 08:00:00,14,7,7
2014-02-23 09:00:00,24,9,15
2014-02-23 10:00:00,27,18,9
2014-02-23 11:00:00,55,32,23
2014-02-23 12:00:00,31,20,11
2014-02-23 13:00:00,40,21,19
2014-02-23 14:00:00,36,15,21
2014-02-23 15:00:00,29,12,17
2014-02-23 16:00:00,22,8,14
2014-02-23 17:00:00,18,8,10
2014-02-23 18:00:00,2,1,1
2014-02-23 19:00:00,3,1,2
2014-02-23 20:00:00,1,0,1
2014-02-23 21:00:00,2,1,1
2014-02-23 22:00:00,1,1,0
2014-02-23 23:00:00,0,0,0
2014-02-24 00:00:00,0,0,0
2014-02-24 01:00:00,0,0,0
2014-02-24 02:00:00,1,0,1
2014-02-24 03:00:00,0,0,0
2014-02-24 04:00:00,6,1,5
2014-02-24 05:00:00,6,0,6
2014-02-24 06:00:00,8,0,8
2014-02-24 07:00:00,24,3,21
2014-02-24 08:00:00,20,4,16
2014-02-24 09:00:00,14,3,11
2014-02-24 10:00:00,4,0,4
2014-02-24 11:00:00,4,1,3
2014-02-24 12:00:00,6,5,1
2014-02-24 13:00:00,5,2,3
2014-02-24 14:00:00,5,2,3
2014-02-24 15:00:00,4,4,0
2014-02-24 16:00:00,28,22,6
2014-02-24 17:00:00,39,34,5
2014-02-24 18:00:00,18,16,2
2014-02-24 19:00:00,5,5,0
2014-02-24 20:00:00,4,3,1
2014-02-24 21:00:00,1,1,0
2014-02-24 22:00:00,1,0,1
2014-02-24 23:00:00,1,0,1
2014-02-25 00:00:00,0,0,0
2014-02-25 01:00:00,0,0,0
2014-02-25 02:00:00,1,0,1
2014-02-25 03:00:00,0,0,0
2014-02-25 04:00:00,4,0,4
2014-02-25 05:00:00,8,1,7
2014-02-25 06:00:00,20,1,19
2014-02-25 07:00:00,48,11,37
2014-02-25 08:00:00,48,16,32
2014-02-25 09:00:00,43,16,27
2014-02-25 10:00:00,24,11,13
2014-02-25 11:00:00,29,11,18
2014-02-25 12:00:00,25,14,11
2014-02-25 13:00:00,43,24,19
2014-02-25 14:00:00,50,28,22
2014-02-25 15:00:00,65,38,27
2014-02-25 16:00:00,101,62,39
2014-02-25 17:00:00,88,62,26
2014-02-25 18:00:00,47,29,18
2014-02-25 19:00:00,21,11,10
2014-02-25 20:00:00,21,13,8
2014-02-25 21:00:00,8,7,1
2014-02-25 22:00:00,0,0,0
2014-02-25 23:00:00,2,0,2
2014-02-26 00:00:00,0,0,0
2014-02-26 01:00:00,2,1,1
2014-02-26 02:00:00,1,0,1
2014-02-26 03:00:00,0,0,0
2014-02-26 04:00:00,4,0,4
2014-02-26 05:00:00,9,0,9
2014-02-26 06:00:00,16,3,13
2014-02-26 07:00:00,52,7,45
2014-02-26 08:00:00,50,16,34
2014-02-26 09:00:00,38,10,28
2014-02-26 10:00:00,31,15,16
2014-02-26 11:00:00,41,19,22
2014-02-26 12:00:00,69,39,30
2014-02-26 13:00:00,66,38,28
2014-02-26 14:00:00,77,44,33
2014-02-26 15:00:00,86,33,53
2014-02-26 16:00:00,94,59,35
2014-02-26 17:00:00,106,74,32
2014-02-26 18:00:00,66,40,26
2014-02-26 19:00:00,13,9,4
2014-02-26 20:00:00,13,9,4
2014-02-26 21:00:00,10,4,6
2014-02-26 22:00:00,1,1,0
2014-02-26 23:00:00,1,1,0
2014-02-27 00:00:00,2,1,1
2014-02-27 01:00:00,1,1,0
2014-02-27 02:00:00,0,0,0
2014-02-27 03:00:00,0,0,0
2014-02-27 04:00:00,6,3,3
2014-02-27 05:00:00,6,0,6
2014-02-27 06:00:00,20,3,17
2014-02-27 07:00:00,48,3,45
2014-02-27 08:00:00,48,15,33
2014-02-27 09:00:00,37,17,20
2014-02-27 10:00:00,31,13,18
2014-02-27 11:00:00,31,10,21
2014-02-27 12:00:00,45,27,18
2014-02-27 13:00:00,47,23,24
2014-02-27 14:00:00,48,21,27
2014-02-27 15:00:00,47,25,22
2014-02-27 16:00:00,69,50,19
2014-02-27 17:00:00,66,50,16
2014-02-27 18:00:00,41,29,12
2014-02-27 19:00:00,22,19,3
2014-02-27 20:00:00,16,12,4
2014-02-27 21:00:00,9,5,4
2014-02-27 22:00:00,1,1,0
2014-02-27 23:00:00,0,0,0
2014-02-28 00:00:00,0,0,0
2014-02-28 01:00:00,1,1,0
2014-02-28 02:00:00,1,1,0
2014-02-28 03:00:00,0,0,0
2014-02-28 04:00:00,4,0,4
2014-02-28 05:00:00,10,0,10
2014-02-28 06:00:00,15,4,11
2014-02-28 07:00:00,45,6,39
2014-02-28 08:00:00,65,16,49
2014-02-28 09:00:00,50,17,33
2014-02-28 10:00:00,51,23,28
2014-02-28 11:00:00,49,26,23
2014-02-28 12:00:00,61,31,30
2014-02-28 13:00:00,51,29,22
2014-02-28 14:00:00,85,40,45
2014-02-28 15:00:00,82,52,30
2014-02-28 16:00:00,107,66,41
2014-02-28 17:00:00,99,68,31
2014-02-28 18:00:00,48,31,17
2014-02-28 19:00:00,18,15,3
2014-02-28 20:00:00,11,8,3
2014-02-28 21:00:00,5,3,2
2014-02-28 22:00:00,3,2,1
2014-02-28 23:00:00,2,1,1
2014-03-01 00:00:00,1,0,1
2014-03-01 01:00:00,0,0,0
2014-03-01 02:00:00,1,0,1
2014-03-01 03:00:00,0,0,0
2014-03-01 04:00:00,0,0,0
2014-03-01 05:00:00,1,0,1
2014-03-01 06:00:00,5,3,2
2014-03-01 07:00:00,10,6,4
2014-03-01 08:00:00,73,58,15
2014-03-01 09:00:00,67,32,35
2014-03-01 10:00:00,84,43,41
2014-03-01 11:00:00,79,49,30
2014-03-01 12:00:00,88,45,43
2014-03-01 13:00:00,77,38,39
2014-03-01 14:00:00,39,23,16
2014-03-01 15:00:00,24,13,11
2014-03-01 16:00:00,18,8,10
2014-03-01 17:00:00,13,2,11
2014-03-01 18:00:00,8,6,2
2014-03-01 19:00:00,3,3,0
2014-03-01 20:00:00,1,1,0
2014-03-01 21:00:00,1,1,0
2014-03-01 22:00:00,1,1,0
2014-03-01 23:00:00,0,0,0
2014-03-02 00:00:00,0,0,0
2014-03-02 01:00:00,0,0,0
2014-03-02 02:00:00,0,0,0
2014-03-02 03:00:00,1,0,1
2014-03-02 04:00:00,0,0,0
2014-03-02 05:00:00,3,1,2
2014-03-02 06:00:00,3,2,1
2014-03-02 07:00:00,10,7,3
2014-03-02 08:00:00,17,4,13
2014-03-02 09:00:00,29,17,12
2014-03-02 10:00:00,30,16,14
2014-03-02 11:00:00,11,6,5
2014-03-02 12:00:00,24,8,16
2014-03-02 13:00:00,16,8,8
2014-03-02 14:00:00,9,4,5
2014-03-02 15:00:00,8,4,4
2014-03-02 16:00:00,24,14,10
2014-03-02 17:00:00,10,6,4
2014-03-02 18:00:00,2,1,1
2014-03-02 19:00:00,2,1,1
2014-03-02 20:00:00,1,1,0
2014-03-02 21:00:00,0,0,0
2014-03-02 22:00:00,0,0,0
2014-03-02 23:00:00,0,0,0
2014-03-03 00:00:00,0,0,0
2014-03-03 01:00:00,0,0,0
2014-03-03 02:00:00,1,0,1
2014-03-03 03:00:00,1,0,1
2014-03-03 04:00:00,2,0,2
2014-03-03 05:00:00,5,0,5
2014-03-03 06:00:00,10,1,9
2014-03-03 07:00:00,27,1,26
2014-03-03 08:00:00,23,7,16
2014-03-03 09:00:00,17,3,14
2014-03-03 10:00:00,11,5,6
2014-03-03 11:00:00,13,4,9
2014-03-03 12:00:00,5,4,1
2014-03-03 13:00:00,10,5,5
2014-03-03 14:00:00,26,18,8
2014-03-03 15:00:00,49,29,20
2014-03-03 16:00:00,51,32,19
2014-03-03 17:00:00,93,61,32
2014-03-03 18:00:00,41,28,13
2014-03-03 19:00:00,12,9,3
2014-03-03 20:00:00,7,3,4
2014-03-03 21:00:00,5,3,2
2014-03-03 22:00:00,1,0,1
2014-03-03 23:00:00,3,1,2
2014-03-04 00:00:00,1,1,0
2014-03-04 01:00:00,1,1,0
2014-03-04 02:00:00,0,0,0
2014-03-04 03:00:00,0,0,0
2014-03-04 04:00:00,2,0,2
2014-03-04 05:00:00,10,1,9
2014-03-04 06:00:00,20,3,17
2014-03-04 07:00:00,43,4,39
2014-03-04 08:00:00,37,11,26
2014-03-04 09:00:00,33,12,21
2014-03-04 10:00:00,7,3,4
2014-03-04 11:00:00,10,1,9
2014-03-04 12:00:00,11,7,4
2014-03-04 13:00:00,8,4,4
2014-03-04 14:00:00,8,2,6
2014-03-04 15:00:00,14,9,5
2014-03-04 16:00:00,47,41,6
2014-03-04 17:00:00,62,50,12
2014-03-04 18:00:00,33,23,10
2014-03-04 19:00:00,12,9,3
2014-03-04 20:00:00,6,5,1
2014-03-04 21:00:00,3,3,0
2014-03-04 22:00:00,4,4,0
2014-03-04 23:00:00,1,0,1
2014-03-05 00:00:00,0,0,0
2014-03-05 01:00:00,0,0,0
2014-03-05 02:00:00,1,1,0
2014-03-05 03:00:00,0,0,0
2014-03-05 04:00:00,2,0,2
2014-03-05 05:00:00,6,0,6
2014-03-05 06:00:00,8,2,6
2014-03-05 07:00:00,37,6,31
2014-03-05 08:00:00,40,8,32
2014-03-05 09:00:00,24,10,14
2014-03-05 10:00:00,10,4,6
2014-03-05 11:00:00,13,6,7
2014-03-05 12:00:00,15,6,9
2014-03-05 13:00:00,29,20,9
2014-03-05 14:00:00,44,27,17
2014-03-05 15:00:00,37,12,25
2014-03-05 16:00:00,41,32,9
2014-03-05 17:00:00,46,36,10
2014-03-05 18:00:00,46,37,9
2014-03-05 19:00:00,15,11,4
2014-03-05 20:00:00,7,5,2
2014-03-05 21:00:00,5,2,3
2014-03-05 22:00:00,0,0,0
2014-03-05 23:00:00,0,0,0
2014-03-06 00:00:00,0,0,0
2014-03-06 01:00:00,1,1,0
2014-03-06 02:00:00,0,0,0
2014-03-06 03:00:00,0,0,0
2014-03-06 04:00:00,2,0,2
2014-03-06 05:00:00,7,1,6
2014-03-06 06:00:00,12,1,11
2014-03-06 07:00:00,22,3,19
2014-03-06 08:00:00,25,8,17
2014-03-06 09:00:00,34,11,23
2014-03-06 10:00:00,13,5,8
2014-03-06 11:00:00,12,3,9
2014-03-06 12:00:00,8,5,3
2014-03-06 13:00:00,20,9,11
2014-03-06 14:00:00,20,17,3
2014-03-06 15:00:00,17,11,6
2014-03-06 16:00:00,34,23,11
2014-03-06 17:00:00,61,50,11
2014-03-06 18:00:00,45,25,20
2014-03-06 19:00:00,18,15,3
2014-03-06 20:00:00,7,2,5
2014-03-06 21:00:00,5,2,3
2014-03-06 22:00:00,5,3,2
2014-03-06 23:00:00,2,2,0
2014-03-07 00:00:00,0,0,0
2014-03-07 01:00:00,0,0,0
2014-03-07 02:00:00,2,1,1
2014-03-07 03:00:00,2,2,0
2014-03-07 04:00:00,2,0,2
2014-03-07 05:00:00,12,1,11
2014-03-07 06:00:00,24,5,19
2014-03-07 07:00:00,44,6,38
2014-03-07 08:00:00,63,16,47
2014-03-07 09:00:00,34,16,18
2014-03-07 10:00:00,30,11,19
2014-03-07 11:00:00,24,12,12
2014-03-07 12:00:00,36,22,14
2014-03-07 13:00:00,56,36,20
2014-03-07 14:00:00,53,22,31
2014-03-07 15:00:00,67,33,34
2014-03-07 16:00:00,104,65,39
2014-03-07 17:00:00,102,60,42
2014-03-07 18:00:00,61,39,22
2014-03-07 19:00:00,19,11,8
2014-03-07 20:00:00,8,7,1
2014-03-07 21:00:00,10,9,1
2014-03-07 22:00:00,4,3,1
2014-03-07 23:00:00,2,1,1
2014-03-08 00:00:00,0,0,0
2014-03-08 01:00:00,1,1,0
2014-03-08 02:00:00,1,0,1
2014-03-08 03:00:00,0,0,0
2014-03-08 04:00:00,0,0,0
2014-03-08 05:00:00,6,5,1
2014-03-08 06:00:00,5,1,4
2014-03-08 07:00:00,17,13,4
2014-03-08 08:00:00,49,31,18
2014-03-08 09:00:00,102,64,38
2014-03-08 10:00:00,105,47,58
2014-03-08 11:00:00,87,45,42
2014-03-08 12:00:00,51,21,30
2014-03-08 13:00:00,34,18,16
2014-03-08 14:00:00,14,9,5
2014-03-08 15:00:00,16,3,13
2014-03-08 16:00:00,14,9,5
2014-03-08 17:00:00,6,3,3
2014-03-08 18:00:00,1,0,1
2014-03-08 19:00:00,2,1,1
2014-03-08 20:00:00,2,2,0
2014-03-08 21:00:00,1,0,1
2014-03-08 22:00:00,1,1,0
2014-03-08 23:00:00,0,0,0
2014-03-09 00:00:00,0,0,0
2014-03-09 01:00:00,0,0,0
2014-03-09 02:00:00,0,0,0
2014-03-09 03:00:00,0,0,0
2014-03-09 04:00:00,1,0,1
2014-03-09 05:00:00,2,0,2
2014-03-09 06:00:00,3,1,2
2014-03-09 07:00:00,5,2,3
2014-03-09 08:00:00,19,15,4
2014-03-09 09:00:00,20,16,4
2014-03-09 10:00:00,30,19,11
2014-03-09 11:00:00,52,26,26
2014-03-09 12:00:00,62,34,28
2014-03-09 13:00:00,96,60,36
2014-03-09 14:00:00,151,59,92
2014-03-09 15:00:00,134,68,66
2014-03-09 16:00:00,109,53,56
2014-03-09 17:00:00,87,43,44
2014-03-09 18:00:00,45,16,29
2014-03-09 19:00:00,15,7,8
2014-03-09 20:00:00,4,2,2
2014-03-09 21:00:00,9,4,5
2014-03-09 22:00:00,0,0,0
2014-03-09 23:00:00,0,0,0
2014-03-10 00:00:00,0,0,0
2014-03-10 01:00:00,0,0,0
2014-03-10 02:00:00,1,0,1
2014-03-10 03:00:00,0,0,0
2014-03-10 04:00:00,2,0,2
2014-03-10 05:00:00,7,1,6
2014-03-10 06:00:00,10,1,9
2014-03-10 07:00:00,35,5,30
2014-03-10 08:00:00,31,8,23
2014-03-10 09:00:00,32,10,22
2014-03-10 10:00:00,18,6,12
2014-03-10 11:00:00,18,10,8
2014-03-10 12:00:00,9,3,6
2014-03-10 13:00:00,12,3,9
2014-03-10 14:00:00,13,7,6
2014-03-10 15:00:00,29,14,15
2014-03-10 16:00:00,52,42,10
2014-03-10 17:00:00,69,50,19
2014-03-10 18:00:00,61,45,16
2014-03-10 19:00:00,16,9,7
2014-03-10 20:00:00,9,7,2
2014-03-10 21:00:00,3,1,2
2014-03-10 22:00:00,3,2,1
2014-03-10 23:00:00,1,0,1
2014-03-11 00:00:00,0,0,0
2014-03-11 01:00:00,1,1,0
2014-03-11 02:00:00,1,0,1
2014-03-11 03:00:00,0,0,0
2014-03-11 04:00:00,1,0,1
2014-03-11 05:00:00,11,1,10
2014-03-11 06:00:00,22,1,21
2014-03-11 07:00:00,57,15,42
2014-03-11 08:00:00,76,20,56
2014-03-11 09:00:00,70,30,40
2014-03-11 10:00:00,41,12,29
2014-03-11 11:00:00,34,14,20
2014-03-11 12:00:00,50,29,21
2014-03-11 13:00:00,52,28,24
2014-03-11 14:00:00,84,43,41
2014-03-11 15:00:00,75,48,27
2014-03-11 16:00:00,114,74,40
2014-03-11 17:00:00,168,101,67
2014-03-11 18:00:00,149,86,63
2014-03-11 19:00:00,48,23,25
2014-03-11 20:00:00,23,17,6
2014-03-11 21:00:00,12,5,7
2014-03-11 22:00:00,3,3,0
2014-03-11 23:00:00,7,2,5
2014-03-12 00:00:00,2,1,1
2014-03-12 01:00:00,1,1,0
2014-03-12 02:00:00,0,0,0
2014-03-12 03:00:00,0,0,0
2014-03-12 04:00:00,0,0,0
2014-03-12 05:00:00,12,1,11
2014-03-12 06:00:00,16,1,15
2014-03-12 07:00:00,59,7,52
2014-03-12 08:00:00,72,17,55
2014-03-12 09:00:00,51,19,32
2014-03-12 10:00:00,51,21,30
2014-03-12 11:00:00,50,30,20
2014-03-12 12:00:00,62,26,36
2014-03-12 13:00:00,85,41,44
2014-03-12 14:00:00,101,51,50
2014-03-12 15:00:00,109,56,53
2014-03-12 16:00:00,148,98,50
2014-03-12 17:00:00,205,129,76
2014-03-12 18:00:00,138,85,53
2014-03-12 19:00:00,59,31,28
2014-03-12 20:00:00,16,8,8
2014-03-12 21:00:00,4,4,0
2014-03-12 22:00:00,3,3,0
2014-03-12 23:00:00,1,1,0
2014-03-13 00:00:00,1,0,1
2014-03-13 01:00:00,1,1,0
2014-03-13 02:00:00,0,0,0
2014-03-13 03:00:00,1,0,1
2014-03-13 04:00:00,5,0,5
2014-03-13 05:00:00,10,3,7
2014-03-13 06:00:00,23,6,17
2014-03-13 07:00:00,62,9,53
2014-03-13 08:00:00,61,23,38
2014-03-13 09:00:00,53,21,32
2014-03-13 10:00:00,44,14,30
2014-03-13 11:00:00,35,16,19
2014-03-13 12:00:00,34,19,15
2014-03-13 13:00:00,53,19,34
2014-03-13 14:00:00,58,35,23
2014-03-13 15:00:00,55,23,32
2014-03-13 16:00:00,111,64,47
2014-03-13 17:00:00,130,85,45
2014-03-13 18:00:00,108,65,43
2014-03-13 19:00:00,33,22,11
2014-03-13 20:00:00,12,7,5
2014-03-13 21:00:00,7,4,3
2014-03-13 22:00:00,5,4,1
2014-03-13 23:00:00,1,1,0
2014-03-14 00:00:00,1,1,0
2014-03-14 01:00:00,0,0,0
2014-03-14 02:00:00,1,0,1
2014-03-14 03:00:00,0,0,0
2014-03-14 04:00:00,1,0,1
2014-03-14 05:00:00,11,1,10
2014-03-14 06:00:00,18,4,14
2014-03-14 07:00:00,32,7,25
2014-03-14 08:00:00,27,4,23
2014-03-14 09:00:00,33,14,19
2014-03-14 10:00:00,17,9,8
2014-03-14 11:00:00,22,7,15
2014-03-14 12:00:00,28,19,9
2014-03-14 13:00:00,36,23,13
2014-03-14 14:00:00,61,32,29
2014-03-14 15:00:00,52,32,20
2014-03-14 16:00:00,68,43,25
2014-03-14 17:00:00,92,55,37
2014-03-14 18:00:00,64,35,29
2014-03-14 19:00:00,27,16,11
2014-03-14 20:00:00,6,5,1
2014-03-14 21:00:00,4,3,1
2014-03-14 22:00:00,3,3,0
2014-03-14 23:00:00,6,3,3
2014-03-15 00:00:00,0,0,0
2014-03-15 01:00:00,1,1,0
2014-03-15 02:00:00,1,0,1
2014-03-15 03:00:00,0,0,0
2014-03-15 04:00:00,0,0,0
2014-03-15 05:00:00,2,0,2
2014-03-15 06:00:00,6,4,2
2014-03-15 07:00:00,21,12,9
2014-03-15 08:00:00,62,37,25
2014-03-15 09:00:00,80,53,27
2014-03-15 10:00:00,110,51,59
2014-03-15 11:00:00,125,82,43
2014-03-15 12:00:00,108,55,53
2014-03-15 13:00:00,84,42,42
2014-03-15 14:00:00,63,35,28
2014-03-15 15:00:00,85,41,44
2014-03-15 16:00:00,92,43,49
2014-03-15 17:00:00,50,17,33
2014-03-15 18:00:00,29,9,20
2014-03-15 19:00:00,4,1,3
2014-03-15 20:00:00,2,2,0
2014-03-15 21:00:00,2,1,1
2014-03-15 22:00:00,1,0,1
2014-03-15 23:00:00,0,0,0
2014-03-16 00:00:00,0,0,0
2014-03-16 01:00:00,0,0,0
2014-03-16 02:00:00,0,0,0
2014-03-16 03:00:00,0,0,0
2014-03-16 04:00:00,0,0,0
2014-03-16 05:00:00,5,4,1
2014-03-16 06:00:00,0,0,0
2014-03-16 07:00:00,2,0,2
2014-03-16 08:00:00,5,3,2
2014-03-16 09:00:00,14,11,3
2014-03-16 10:00:00,14,5,9
2014-03-16 11:00:00,11,7,4
2014-03-16 12:00:00,16,11,5
2014-03-16 13:00:00,23,11,12
2014-03-16 14:00:00,28,13,15
2014-03-16 15:00:00,11,4,7
2014-03-16 16:00:00,17,9,8
2014-03-16 17:00:00,10,4,6
2014-03-16 18:00:00,3,0,3
2014-03-16 19:00:00,0,0,0
2014-03-16 20:00:00,1,1,0
2014-03-16 21:00:00,0,0,0
2014-03-16 22:00:00,0,0,0
2014-03-16 23:00:00,0,0,0
2014-03-17 00:00:00,0,0,0
2014-03-17 01:00:00,0,0,0
2014-03-17 02:00:00,1,0,1
2014-03-17 03:00:00,2,1,1
2014-03-17 04:00:00,3,0,3
2014-03-17 05:00:00,9,3,6
2014-03-17 06:00:00,11,1,10
2014-03-17 07:00:00,42,8,34
2014-03-17 08:00:00,49,13,36
2014-03-17 09:00:00,55,15,40
2014-03-17 10:00:00,43,20,23
2014-03-17 11:00:00,30,10,20
2014-03-17 12:00:00,39,27,12
2014-03-17 13:00:00,63,29,34
2014-03-17 14:00:00,40,21,19
2014-03-17 15:00:00,53,29,24
2014-03-17 16:00:00,79,45,34
2014-03-17 17:00:00,130,80,50
2014-03-17 18:00:00,95,60,35
2014-03-17 19:00:00,36,21,15
2014-03-17 20:00:00,13,10,3
2014-03-17 21:00:00,7,5,2
2014-03-17 22:00:00,3,1,2
2014-03-17 23:00:00,0,0,0
2014-03-18 00:00:00,0,0,0
2014-03-18 01:00:00,2,2,0
2014-03-18 02:00:00,0,0,0
2014-03-18 03:00:00,0,0,0
2014-03-18 04:00:00,2,0,2
2014-03-18 05:00:00,14,2,12
2014-03-18 06:00:00,22,4,18
2014-03-18 07:00:00,49,8,41
2014-03-18 08:00:00,55,18,37
2014-03-18 09:00:00,37,10,27
2014-03-18 10:00:00,19,9,10
2014-03-18 11:00:00,23,11,12
2014-03-18 12:00:00,25,9,16
2014-03-18 13:00:00,23,14,9
2014-03-18 14:00:00,28,15,13
2014-03-18 15:00:00,62,33,29
2014-03-18 16:00:00,72,55,17
2014-03-18 17:00:00,86,64,22
2014-03-18 18:00:00,82,54,28
2014-03-18 19:00:00,21,16,5
2014-03-18 20:00:00,12,6,6
2014-03-18 21:00:00,8,7,1
2014-03-18 22:00:00,1,0,1
2014-03-18 23:00:00,5,0,5
2014-03-19 00:00:00,0,0,0
2014-03-19 01:00:00,0,0,0
2014-03-19 02:00:00,2,2,0
2014-03-19 03:00:00,0,0,0
2014-03-19 04:00:00,2,0,2
2014-03-19 05:00:00,15,1,14
2014-03-19 06:00:00,12,1,11
2014-03-19 07:00:00,28,5,23
2014-03-19 08:00:00,42,10,32
2014-03-19 09:00:00,27,9,18
2014-03-19 10:00:00,7,1,6
2014-03-19 11:00:00,12,7,5
2014-03-19 12:00:00,11,7,4
2014-03-19 13:00:00,31,21,10
2014-03-19 14:00:00,40,20,20
2014-03-19 15:00:00,17,7,10
2014-03-19 16:00:00,37,27,10
2014-03-19 17:00:00,57,45,12
2014-03-19 18:00:00,48,36,12
2014-03-19 19:00:00,20,7,13
2014-03-19 20:00:00,7,5,2
2014-03-19 21:00:00,7,3,4
2014-03-19 22:00:00,2,2,0
2014-03-19 23:00:00,2,2,0
2014-03-20 00:00:00,0,0,0
2014-03-20 01:00:00,1,1,0
2014-03-20 02:00:00,1,0,1
2014-03-20 03:00:00,0,0,0
2014-03-20 04:00:00,1,0,1
2014-03-20 05:00:00,11,1,10
2014-03-20 06:00:00,16,4,12
2014-03-20 07:00:00,47,6,41
2014-03-20 08:00:00,42,11,31
2014-03-20 09:00:00,33,9,24
2014-03-20 10:00:00,33,19,14
2014-03-20 11:00:00,29,16,13
2014-03-20 12:00:00,32,17,15
2014-03-20 13:00:00,36,16,20
2014-03-20 14:00:00,40,24,16
2014-03-20 15:00:00,47,27,20
2014-03-20 16:00:00,69,41,28
2014-03-20 17:00:00,98,66,32
2014-03-20 18:00:00,85,46,39
2014-03-20 19:00:00,22,10,12
2014-03-20 20:00:00,8,6,2
2014-03-20 21:00:00,11,5,6
2014-03-20 22:00:00,1,1,0
2014-03-20 23:00:00,0,0,0
2014-03-21 00:00:00,1,0,1
2014-03-21 01:00:00,1,1,0
2014-03-21 02:00:00,0,0,0
2014-03-21 03:00:00,0,0,0
2014-03-21 04:00:00,3,1,2
2014-03-21 05:00:00,10,2,8
2014-03-21 06:00:00,13,2,11
2014-03-21 07:00:00,42,7,35
2014-03-21 08:00:00,66,23,43
2014-03-21 09:00:00,62,25,37
2014-03-21 10:00:00,50,20,30
2014-03-21 11:00:00,42,20,22
2014-03-21 12:00:00,46,19,27
2014-03-21 13:00:00,66,38,28
2014-03-21 14:00:00,67,37,30
2014-03-21 15:00:00,68,42,26
2014-03-21 16:00:00,126,66,60
2014-03-21 17:00:00,115,70,45
2014-03-21 18:00:00,89,65,24
2014-03-21 19:00:00,37,13,24
2014-03-21 20:00:00,10,7,3
2014-03-21 21:00:00,6,2,4
2014-03-21 22:00:00,0,0,0
2014-03-21 23:00:00,1,0,1
2014-03-22 00:00:00,0,0,0
2014-03-22 01:00:00,1,1,0
2014-03-22 02:00:00,1,0,1
2014-03-22 03:00:00,0,0,0
2014-03-22 04:00:00,0,0,0
2014-03-22 05:00:00,3,2,1
2014-03-22 06:00:00,3,1,2
2014-03-22 07:00:00,7,4,3
2014-03-22 08:00:00,50,36,14
2014-03-22 09:00:00,53,31,22
2014-03-22 10:00:00,232,146,86
2014-03-22 11:00:00,233,125,108
2014-03-22 12:00:00,173,87,86
2014-03-22 13:00:00,147,74,73
2014-03-22 14:00:00,166,90,76
2014-03-22 15:00:00,183,76,107
2014-03-22 16:00:00,128,57,71
2014-03-22 17:00:00,94,39,55
2014-03-22 18:00:00,55,16,39
2014-03-22 19:00:00,12,7,5
2014-03-22 20:00:00,14,5,9
2014-03-22 21:00:00,4,0,4
2014-03-22 22:00:00,3,2,1
2014-03-22 23:00:00,0,0,0
2014-03-23 00:00:00,0,0,0
2014-03-23 01:00:00,1,1,0
2014-03-23 02:00:00,1,0,1
2014-03-23 03:00:00,0,0,0
2014-03-23 04:00:00,2,2,0
2014-03-23 05:00:00,5,1,4
2014-03-23 06:00:00,7,5,2
2014-03-23 07:00:00,16,9,7
2014-03-23 08:00:00,41,29,12
2014-03-23 09:00:00,77,54,23
2014-03-23 10:00:00,86,46,40
2014-03-23 11:00:00,163,104,59
2014-03-23 12:00:00,240,118,122
2014-03-23 13:00:00,260,138,122
2014-03-23 14:00:00,261,122,139
2014-03-23 15:00:00,263,127,136
2014-03-23 16:00:00,220,100,120
2014-03-23 17:00:00,156,67,89
2014-03-23 18:00:00,81,34,47
2014-03-23 19:00:00,18,7,11
2014-03-23 20:00:00,1,1,0
2014-03-23 21:00:00,3,2,1
2014-03-23 22:00:00,0,0,0
2014-03-23 23:00:00,2,0,2
2014-03-24 00:00:00,0,0,0
2014-03-24 01:00:00,0,0,0
2014-03-24 02:00:00,1,0,1
2014-03-24 03:00:00,0,0,0
2014-03-24 04:00:00,4,1,3
2014-03-24 05:00:00,15,4,11
2014-03-24 06:00:00,21,6,15
2014-03-24 07:00:00,73,11,62
2014-03-24 08:00:00,73,19,54
2014-03-24 09:00:00,47,16,31
2014-03-24 10:00:00,44,19,25
2014-03-24 11:00:00,61,36,25
2014-03-24 12:00:00,68,36,32
2014-03-24 13:00:00,88,50,38
2014-03-24 14:00:00,111,62,49
2014-03-24 15:00:00,136,72,64
2014-03-24 16:00:00,156,93,63
2014-03-24 17:00:00,203,120,83
2014-03-24 18:00:00,196,119,77
2014-03-24 19:00:00,67,38,29
2014-03-24 20:00:00,20,8,12
2014-03-24 21:00:00,8,5,3
2014-03-24 22:00:00,7,3,4
2014-03-24 23:00:00,0,0,0
2014-03-25 00:00:00,0,0,0
2014-03-25 01:00:00,2,2,0
2014-03-25 02:00:00,0,0,0
2014-03-25 03:00:00,0,0,0
2014-03-25 04:00:00,3,0,3
2014-03-25 05:00:00,10,1,9
2014-03-25 06:00:00,19,2,17
2014-03-25 07:00:00,38,5,33
2014-03-25 08:00:00,41,14,27
2014-03-25 09:00:00,29,11,18
2014-03-25 10:00:00,19,3,16
2014-03-25 11:00:00,8,2,6
2014-03-25 12:00:00,8,5,3
2014-03-25 13:00:00,11,8,3
2014-03-25 14:00:00,12,8,4
2014-03-25 15:00:00,19,11,8
2014-03-25 16:00:00,38,30,8
2014-03-25 17:00:00,60,53,7
2014-03-25 18:00:00,35,28,7
2014-03-25 19:00:00,21,11,10
2014-03-25 20:00:00,10,5,5
2014-03-25 21:00:00,5,4,1
2014-03-25 22:00:00,0,0,0
2014-03-25 23:00:00,0,0,0
2014-03-26 00:00:00,1,1,0
2014-03-26 01:00:00,1,1,0
2014-03-26 02:00:00,1,1,0
2014-03-26 03:00:00,0,0,0
2014-03-26 04:00:00,4,1,3
2014-03-26 05:00:00,9,1,8
2014-03-26 06:00:00,21,4,17
2014-03-26 07:00:00,40,6,34
2014-03-26 08:00:00,51,15,36
2014-03-26 09:00:00,39,14,25
2014-03-26 10:00:00,32,15,17
2014-03-26 11:00:00,21,7,14
2014-03-26 12:00:00,17,7,10
2014-03-26 13:00:00,22,7,15
2014-03-26 14:00:00,31,18,13
2014-03-26 15:00:00,39,20,19
2014-03-26 16:00:00,48,35,13
2014-03-26 17:00:00,62,46,16
2014-03-26 18:00:00,47,35,12
2014-03-26 19:00:00,15,10,5
2014-03-26 20:00:00,11,7,4
2014-03-26 21:00:00,1,0,1
2014-03-26 22:00:00,0,0,0
2014-03-26 23:00:00,0,0,0
2014-03-27 00:00:00,0,0,0
2014-03-27 01:00:00,1,1,0
2014-03-27 02:00:00,2,0,2
2014-03-27 03:00:00,0,0,0
2014-03-27 04:00:00,3,1,2
2014-03-27 05:00:00,7,0,7
2014-03-27 06:00:00,14,3,11
2014-03-27 07:00:00,34,3,31
2014-03-27 08:00:00,47,17,30
2014-03-27 09:00:00,33,8,25
2014-03-27 10:00:00,26,9,17
2014-03-27 11:00:00,13,8,5
2014-03-27 12:00:00,31,19,12
2014-03-27 13:00:00,34,12,22
2014-03-27 14:00:00,46,25,21
2014-03-27 15:00:00,45,22,23
2014-03-27 16:00:00,71,41,30
2014-03-27 17:00:00,85,61,24
2014-03-27 18:00:00,83,48,35
2014-03-27 19:00:00,38,19,19
2014-03-27 20:00:00,16,11,5
2014-03-27 21:00:00,8,5,3
2014-03-27 22:00:00,4,3,1
2014-03-27 23:00:00,0,0,0
2014-03-28 00:00:00,1,1,0
2014-03-28 01:00:00,0,0,0
2014-03-28 02:00:00,3,1,2
2014-03-28 03:00:00,0,0,0
2014-03-28 04:00:00,1,0,1
2014-03-28 05:00:00,7,1,6
2014-03-28 06:00:00,12,2,10
2014-03-28 07:00:00,24,3,21
2014-03-28 08:00:00,23,6,17
2014-03-28 09:00:00,17,7,10
2014-03-28 10:00:00,12,4,8
2014-03-28 11:00:00,9,2,7
2014-03-28 12:00:00,9,5,4
2014-03-28 13:00:00,10,6,4
2014-03-28 14:00:00,10,5,5
2014-03-28 15:00:00,12,8,4
2014-03-28 16:00:00,24,21,3
2014-03-28 17:00:00,29,27,2
2014-03-28 18:00:00,22,18,4
2014-03-28 19:00:00,12,6,6
2014-03-28 20:00:00,4,4,0
2014-03-28 21:00:00,3,2,1
2014-03-28 22:00:00,2,2,0
2014-03-28 23:00:00,1,0,1
2014-03-29 00:00:00,1,1,0
2014-03-29 01:00:00,1,1,0
2014-03-29 02:00:00,1,0,1
2014-03-29 03:00:00,0,0,0
2014-03-29 04:00:00,0,0,0
2014-03-29 05:00:00,3,0,3
2014-03-29 06:00:00,2,1,1
2014-03-29 07:00:00,4,2,2
2014-03-29 08:00:00,12,5,7
2014-03-29 09:00:00,20,10,10
2014-03-29 10:00:00,40,27,13
2014-03-29 11:00:00,39,26,13
2014-03-29 12:00:00,42,15,27
2014-03-29 13:00:00,38,19,19
2014-03-29 14:00:00,26,12,14
2014-03-29 15:00:00,57,33,24
2014-03-29 16:00:00,36,12,24
2014-03-29 17:00:00,19,6,13
2014-03-29 18:00:00,5,3,2
2014-03-29 19:00:00,14,0,14
2014-03-29 20:00:00,12,5,7
2014-03-29 21:00:00,18,1,17
2014-03-29 22:00:00,8,0,8
2014-03-29 23:00:00,6,0,6
2014-03-30 00:00:00,8,1,7
2014-03-30 01:00:00,2,1,1
2014-03-30 02:00:00,0,0,0
2014-03-30 03:00:00,0,0,0
2014-03-30 04:00:00,0,0,0
2014-03-30 05:00:00,1,0,1
2014-03-30 06:00:00,2,0,2
2014-03-30 07:00:00,12,4,8
2014-03-30 08:00:00,22,15,7
2014-03-30 09:00:00,72,44,28
2014-03-30 10:00:00,110,67,43
2014-03-30 11:00:00,143,57,86
2014-03-30 12:00:00,83,39,44
2014-03-30 13:00:00,122,68,54
2014-03-30 14:00:00,153,71,82
2014-03-30 15:00:00,170,80,90
2014-03-30 16:00:00,137,79,58
2014-03-30 17:00:00,127,54,73
2014-03-30 18:00:00,54,19,35
2014-03-30 19:00:00,15,3,12
2014-03-30 20:00:00,4,2,2
2014-03-30 21:00:00,2,0,2
2014-03-30 22:00:00,6,4,2
2014-03-30 23:00:00,1,0,1
2014-03-31 00:00:00,1,0,1
2014-03-31 01:00:00,0,0,0
2014-03-31 02:00:00,1,0,1
2014-03-31 03:00:00,0,0,0
2014-03-31 04:00:00,1,0,1
2014-03-31 05:00:00,9,1,8
2014-03-31 06:00:00,25,3,22
2014-03-31 07:00:00,69,14,55
2014-03-31 08:00:00,75,22,53
2014-03-31 09:00:00,52,20,32
2014-03-31 10:00:00,35,16,19
2014-03-31 11:00:00,62,27,35
2014-03-31 12:00:00,57,25,32
2014-03-31 13:00:00,73,37,36
2014-03-31 14:00:00,104,63,41
2014-03-31 15:00:00,100,50,50
2014-03-31 16:00:00,128,84,44
2014-03-31 17:00:00,160,105,55
2014-03-31 18:00:00,141,86,55
2014-03-31 19:00:00,55,30,25
2014-03-31 20:00:00,19,13,6
2014-03-31 21:00:00,6,5,1
2014-03-31 22:00:00,6,4,2
2014-03-31 23:00:00,1,1,0
2014-04-01 00:00:00,1,0,1
2014-04-01 01:00:00,1,1,0
2014-04-01 02:00:00,1,1,0
2014-04-01 03:00:00,0,0,0
2014-04-01 04:00:00,3,1,2
2014-04-01 05:00:00,13,1,12
2014-04-01 06:00:00,23,3,20
2014-04-01 07:00:00,75,13,62
2014-04-01 08:00:00,74,26,48
2014-04-01 09:00:00,61,27,34
2014-04-01 10:00:00,46,14,32
2014-04-01 11:00:00,34,19,15
2014-04-01 12:00:00,53,18,35
2014-04-01 13:00:00,46,31,15
2014-04-01 14:00:00,71,36,35
2014-04-01 15:00:00,88,47,41
2014-04-01 16:00:00,135,86,49
2014-04-01 17:00:00,180,123,57
2014-04-01 18:00:00,150,87,63
2014-04-01 19:00:00,92,54,38
2014-04-01 20:00:00,35,17,18
2014-04-01 21:00:00,14,7,7
2014-04-01 22:00:00,2,1,1
2014-04-01 23:00:00,0,0,0
2014-04-02 00:00:00,1,1,0
2014-04-02 01:00:00,1,1,0
2014-04-02 02:00:00,0,0,0
2014-04-02 03:00:00,1,1,0
2014-04-02 04:00:00,3,0,3
2014-04-02 05:00:00,9,1,8
2014-04-02 06:00:00,26,7,19
2014-04-02 07:00:00,79,13,66
2014-04-02 08:00:00,77,21,56
2014-04-02 09:00:00,46,17,29
2014-04-02 10:00:00,41,18,23
2014-04-02 11:00:00,42,21,21
2014-04-02 12:00:00,42,25,17
2014-04-02 13:00:00,36,16,20
2014-04-02 14:00:00,56,36,20
2014-04-02 15:00:00,64,32,32
2014-04-02 16:00:00,118,81,37
2014-04-02 17:00:00,182,126,56
2014-04-02 18:00:00,135,86,49
2014-04-02 19:00:00,82,37,45
2014-04-02 20:00:00,10,8,2
2014-04-02 21:00:00,6,1,5
2014-04-02 22:00:00,2,2,0
2014-04-02 23:00:00,1,1,0
2014-04-03 00:00:00,0,0,0
2014-04-03 01:00:00,3,3,0
2014-04-03 02:00:00,0,0,0
2014-04-03 03:00:00,0,0,0
2014-04-03 04:00:00,3,1,2
2014-04-03 05:00:00,10,1,9
2014-04-03 06:00:00,17,3,14
2014-04-03 07:00:00,51,11,40
2014-04-03 08:00:00,51,14,37
2014-04-03 09:00:00,55,20,35
2014-04-03 10:00:00,22,11,11
2014-04-03 11:00:00,39,18,21
2014-04-03 12:00:00,43,25,18
2014-04-03 13:00:00,41,16,25
2014-04-03 14:00:00,29,15,14
2014-04-03 15:00:00,31,16,15
2014-04-03 16:00:00,33,28,5
2014-04-03 17:00:00,53,39,14
2014-04-03 18:00:00,39,29,10
2014-04-03 19:00:00,23,17,6
2014-04-03 20:00:00,5,3,2
2014-04-03 21:00:00,6,4,2
2014-04-03 22:00:00,1,1,0
2014-04-03 23:00:00,2,1,1
2014-04-04 00:00:00,2,2,0
2014-04-04 01:00:00,0,0,0
2014-04-04 02:00:00,2,1,1
2014-04-04 03:00:00,0,0,0
2014-04-04 04:00:00,1,0,1
2014-04-04 05:00:00,7,0,7
2014-04-04 06:00:00,18,1,17
2014-04-04 07:00:00,38,2,36
2014-04-04 08:00:00,46,12,34
2014-04-04 09:00:00,36,12,24
2014-04-04 10:00:00,25,11,14
2014-04-04 11:00:00,38,20,18
2014-04-04 12:00:00,36,16,20
2014-04-04 13:00:00,65,37,28
2014-04-04 14:00:00,77,43,34
2014-04-04 15:00:00,76,40,36
2014-04-04 16:00:00,112,65,47
2014-04-04 17:00:00,123,77,46
2014-04-04 18:00:00,87,43,44
2014-04-04 19:00:00,41,27,14
2014-04-04 20:00:00,14,10,4
2014-04-04 21:00:00,4,4,0
2014-04-04 22:00:00,2,2,0
2014-04-04 23:00:00,1,0,1
2014-04-05 00:00:00,1,0,1
2014-04-05 01:00:00,0,0,0
2014-04-05 02:00:00,1,0,1
2014-04-05 03:00:00,1,1,0
2014-04-05 04:00:00,0,0,0
2014-04-05 05:00:00,1,1,0
2014-04-05 06:00:00,4,2,2
2014-04-05 07:00:00,22,17,5
2014-04-05 08:00:00,37,23,14
2014-04-05 09:00:00,88,45,43
2014-04-05 10:00:00,71,41,30
2014-04-05 11:00:00,114,56,58
2014-04-05 12:00:00,116,77,39
2014-04-05 13:00:00,67,47,20
2014-04-05 14:00:00,59,17,42
2014-04-05 15:00:00,51,25,26
2014-04-05 16:00:00,34,14,20
2014-04-05 17:00:00,26,17,9
2014-04-05 18:00:00,12,2,10
2014-04-05 19:00:00,7,1,6
2014-04-05 20:00:00,4,3,1
2014-04-05 21:00:00,3,3,0
2014-04-05 22:00:00,0,0,0
2014-04-05 23:00:00,0,0,0
2014-04-06 00:00:00,2,2,0
2014-04-06 01:00:00,0,0,0
2014-04-06 02:00:00,0,0,0
2014-04-06 03:00:00,1,1,0
2014-04-06 04:00:00,0,0,0
2014-04-06 05:00:00,4,2,2
2014-04-06 06:00:00,3,1,2
2014-04-06 07:00:00,16,8,8
2014-04-06 08:00:00,30,20,10
2014-04-06 09:00:00,57,37,20
2014-04-06 10:00:00,104,62,42
2014-04-06 11:00:00,167,85,82
2014-04-06 12:00:00,142,92,50
2014-04-06 13:00:00,167,67,100
2014-04-06 14:00:00,212,112,100
2014-04-06 15:00:00,162,68,94
2014-04-06 16:00:00,122,56,66
2014-04-06 17:00:00,96,33,63
2014-04-06 18:00:00,55,27,28
2014-04-06 19:00:00,19,12,7
2014-04-06 20:00:00,8,2,6
2014-04-06 21:00:00,4,0,4
2014-04-06 22:00:00,1,1,0
2014-04-06 23:00:00,0,0,0
2014-04-07 00:00:00,0,0,0
2014-04-07 01:00:00,0,0,0
2014-04-07 02:00:00,1,0,1
2014-04-07 03:00:00,0,0,0
2014-04-07 04:00:00,6,1,5
2014-04-07 05:00:00,12,3,9
2014-04-07 06:00:00,33,6,27
2014-04-07 07:00:00,69,10,59
2014-04-07 08:00:00,92,27,65
2014-04-07 09:00:00,63,26,37
2014-04-07 10:00:00,50,29,21
2014-04-07 11:00:00,78,42,36
2014-04-07 12:00:00,109,61,48
2014-04-07 13:00:00,128,69,59
2014-04-07 14:00:00,129,62,67
2014-04-07 15:00:00,155,71,84
2014-04-07 16:00:00,190,119,71
2014-04-07 17:00:00,303,200,103
2014-04-07 18:00:00,273,139,134
2014-04-07 19:00:00,120,61,59
2014-04-07 20:00:00,25,13,12
2014-04-07 21:00:00,9,5,4
2014-04-07 22:00:00,1,0,1
2014-04-07 23:00:00,0,0,0
2014-04-08 00:00:00,0,0,0
2014-04-08 01:00:00,1,1,0
2014-04-08 02:00:00,0,0,0
2014-04-08 03:00:00,0,0,0
2014-04-08 04:00:00,2,0,2
2014-04-08 05:00:00,13,1,12
2014-04-08 06:00:00,24,2,22
2014-04-08 07:00:00,71,16,55
2014-04-08 08:00:00,74,18,56
2014-04-08 09:00:00,50,25,25
2014-04-08 10:00:00,37,18,19
2014-04-08 11:00:00,46,21,25
2014-04-08 12:00:00,35,13,22
2014-04-08 13:00:00,40,19,21
2014-04-08 14:00:00,46,22,24
2014-04-08 15:00:00,32,20,12
2014-04-08 16:00:00,43,33,10
2014-04-08 17:00:00,57,43,14
2014-04-08 18:00:00,51,35,16
2014-04-08 19:00:00,45,28,17
2014-04-08 20:00:00,15,10,5
2014-04-08 21:00:00,8,5,3
2014-04-08 22:00:00,2,2,0
2014-04-08 23:00:00,0,0,0
2014-04-09 00:00:00,0,0,0
2014-04-09 01:00:00,1,1,0
2014-04-09 02:00:00,1,1,0
2014-04-09 03:00:00,1,1,0
2014-04-09 04:00:00,6,0,6
2014-04-09 05:00:00,11,1,10
2014-04-09 06:00:00,18,1,17
2014-04-09 07:00:00,67,6,61
2014-04-09 08:00:00,63,10,53
2014-04-09 09:00:00,58,23,35
2014-04-09 10:00:00,33,7,26
2014-04-09 11:00:00,48,25,23
2014-04-09 12:00:00,34,18,16
2014-04-09 13:00:00,62,34,28
2014-04-09 14:00:00,56,32,24
2014-04-09 15:00:00,71,36,35
2014-04-09 16:00:00,122,86,36
2014-04-09 17:00:00,190,129,61
2014-04-09 18:00:00,164,97,67
2014-04-09 19:00:00,92,42,50
2014-04-09 20:00:00,26,12,14
2014-04-09 21:00:00,16,8,8
2014-04-09 22:00:00,5,3,2
2014-04-09 23:00:00,3,3,0
2014-04-10 00:00:00,1,1,0
2014-04-10 01:00:00,0,0,0
2014-04-10 02:00:00,2,2,0
2014-04-10 03:00:00,0,0,0
2014-04-10 04:00:00,2,0,2
2014-04-10 05:00:00,13,1,12
2014-04-10 06:00:00,30,4,26
2014-04-10 07:00:00,74,22,52
2014-04-10 08:00:00,82,22,60
2014-04-10 09:00:00,67,28,39
2014-04-10 10:00:00,48,16,32
2014-04-10 11:00:00,42,19,23
2014-04-10 12:00:00,49,30,19
2014-04-10 13:00:00,75,42,33
2014-04-10 14:00:00,65,34,31
2014-04-10 15:00:00,95,43,52
2014-04-10 16:00:00,128,83,45
2014-04-10 17:00:00,172,109,63
2014-04-10 18:00:00,125,78,47
2014-04-10 19:00:00,74,38,36
2014-04-10 20:00:00,36,22,14
2014-04-10 21:00:00,33,31,2
2014-04-10 22:00:00,24,2,22
2014-04-10 23:00:00,0,0,0
2014-04-11 00:00:00,1,1,0
2014-04-11 01:00:00,1,1,0
2014-04-11 02:00:00,0,0,0
2014-04-11 03:00:00,0,0,0
2014-04-11 04:00:00,1,0,1
2014-04-11 05:00:00,12,5,7
2014-04-11 06:00:00,19,8,11
2014-04-11 07:00:00,70,14,56
2014-04-11 08:00:00,60,16,44
2014-04-11 09:00:00,47,18,29
2014-04-11 10:00:00,43,17,26
2014-04-11 11:00:00,41,25,16
2014-04-11 12:00:00,55,32,23
2014-04-11 13:00:00,69,34,35
2014-04-11 14:00:00,75,33,42
2014-04-11 15:00:00,84,52,32
2014-04-11 16:00:00,108,60,48
2014-04-11 17:00:00,139,97,42
2014-04-11 18:00:00,119,74,45
2014-04-11 19:00:00,63,23,40
2014-04-11 20:00:00,17,11,6
2014-04-11 21:00:00,5,3,2
2014-04-11 22:00:00,3,2,1
2014-04-11 23:00:00,1,1,0
2014-04-12 00:00:00,0,0,0
2014-04-12 01:00:00,0,0,0
2014-04-12 02:00:00,1,0,1
2014-04-12 03:00:00,0,0,0
2014-04-12 04:00:00,0,0,0
2014-04-12 05:00:00,6,2,4
2014-04-12 06:00:00,7,4,3
2014-04-12 07:00:00,29,14,15
2014-04-12 08:00:00,82,45,37
2014-04-12 09:00:00,131,77,54
2014-04-12 10:00:00,178,110,68
2014-04-12 11:00:00,220,113,107
2014-04-12 12:00:00,223,126,97
2014-04-12 13:00:00,226,120,106
2014-04-12 14:00:00,230,126,104
2014-04-12 15:00:00,210,99,111
2014-04-12 16:00:00,206,102,104
2014-04-12 17:00:00,173,73,100
2014-04-12 18:00:00,154,52,102
2014-04-12 19:00:00,33,10,23
2014-04-12 20:00:00,27,8,19
2014-04-12 21:00:00,9,8,1
2014-04-12 22:00:00,4,1,3
2014-04-12 23:00:00,4,4,0
2014-04-13 00:00:00,1,0,1
2014-04-13 01:00:00,1,1,0
2014-04-13 02:00:00,1,1,0
2014-04-13 03:00:00,0,0,0
2014-04-13 04:00:00,0,0,0
2014-04-13 05:00:00,2,1,1
2014-04-13 06:00:00,5,4,1
2014-04-13 07:00:00,23,9,14
2014-04-13 08:00:00,75,46,29
2014-04-13 09:00:00,146,80,66
2014-04-13 10:00:00,195,128,67
2014-04-13 11:00:00,262,150,112
2014-04-13 12:00:00,324,172,152
2014-04-13 13:00:00,413,191,222
2014-04-13 14:00:00,383,206,177
2014-04-13 15:00:00,328,157,171
2014-04-13 16:00:00,354,179,175
2014-04-13 17:00:00,223,107,116
2014-04-13 18:00:00,145,66,79
2014-04-13 19:00:00,59,24,35
2014-04-13 20:00:00,32,17,15
2014-04-13 21:00:00,9,5,4
2014-04-13 22:00:00,0,0,0
2014-04-13 23:00:00,1,0,1
2014-04-14 00:00:00,0,0,0
2014-04-14 01:00:00,0,0,0
2014-04-14 02:00:00,1,0,1
2014-04-14 03:00:00,0,0,0
2014-04-14 04:00:00,4,0,4
2014-04-14 05:00:00,15,3,12
2014-04-14 06:00:00,34,7,27
2014-04-14 07:00:00,86,18,68
2014-04-14 08:00:00,75,15,60
2014-04-14 09:00:00,64,23,41
2014-04-14 10:00:00,51,27,24
2014-04-14 11:00:00,88,53,35
2014-04-14 12:00:00,89,34,55
2014-04-14 13:00:00,79,56,23
2014-04-14 14:00:00,97,48,49
2014-04-14 15:00:00,117,62,55
2014-04-14 16:00:00,149,99,50
2014-04-14 17:00:00,220,153,67
2014-04-14 18:00:00,173,112,61
2014-04-14 19:00:00,88,40,48
2014-04-14 20:00:00,15,10,5
2014-04-14 21:00:00,9,4,5
2014-04-14 22:00:00,4,3,1
2014-04-14 23:00:00,1,0,1
2014-04-15 00:00:00,0,0,0
2014-04-15 01:00:00,1,1,0
2014-04-15 02:00:00,2,0,2
2014-04-15 03:00:00,0,0,0
2014-04-15 04:00:00,3,0,3
2014-04-15 05:00:00,15,3,12
2014-04-15 06:00:00,20,6,14
2014-04-15 07:00:00,59,7,52
2014-04-15 08:00:00,56,11,45
2014-04-15 09:00:00,51,23,28
2014-04-15 10:00:00,52,29,23
2014-04-15 11:00:00,56,25,31
2014-04-15 12:00:00,40,17,23
2014-04-15 13:00:00,39,21,18
2014-04-15 14:00:00,33,16,17
2014-04-15 15:00:00,58,33,25
2014-04-15 16:00:00,112,67,45
2014-04-15 17:00:00,98,79,19
2014-04-15 18:00:00,92,54,38
2014-04-15 19:00:00,54,34,20
2014-04-15 20:00:00,22,16,6
2014-04-15 21:00:00,9,7,2
2014-04-15 22:00:00,3,3,0
2014-04-15 23:00:00,0,0,0
2014-04-16 00:00:00,1,1,0
2014-04-16 01:00:00,1,1,0
2014-04-16 02:00:00,3,1,2
2014-04-16 03:00:00,0,0,0
2014-04-16 04:00:00,5,1,4
2014-04-16 05:00:00,11,1,10
2014-04-16 06:00:00,20,3,17
2014-04-16 07:00:00,43,8,35
2014-04-16 08:00:00,46,10,36
2014-04-16 09:00:00,37,11,26
2014-04-16 10:00:00,21,8,13
2014-04-16 11:00:00,17,11,6
2014-04-16 12:00:00,21,11,10
2014-04-16 13:00:00,35,16,19
2014-04-16 14:00:00,19,10,9
2014-04-16 15:00:00,23,15,8
2014-04-16 16:00:00,36,26,10
2014-04-16 17:00:00,74,64,10
2014-04-16 18:00:00,42,28,14
2014-04-16 19:00:00,16,12,4
2014-04-16 20:00:00,12,11,1
2014-04-16 21:00:00,5,3,2
2014-04-16 22:00:00,1,1,0
2014-04-16 23:00:00,3,0,3
2014-04-17 00:00:00,2,2,0
2014-04-17 01:00:00,1,1,0
2014-04-17 02:00:00,1,0,1
2014-04-17 03:00:00,0,0,0
2014-04-17 04:00:00,1,0,1
2014-04-17 05:00:00,7,1,6
2014-04-17 06:00:00,14,4,10
2014-04-17 07:00:00,29,5,24
2014-04-17 08:00:00,30,5,25
2014-04-17 09:00:00,24,5,19
2014-04-17 10:00:00,5,2,3
2014-04-17 11:00:00,6,2,4
2014-04-17 12:00:00,11,5,6
2014-04-17 13:00:00,14,8,6
2014-04-17 14:00:00,8,6,2
2014-04-17 15:00:00,11,7,4
2014-04-17 16:00:00,28,22,6
2014-04-17 17:00:00,45,35,10
2014-04-17 18:00:00,35,25,10
2014-04-17 19:00:00,26,18,8
2014-04-17 20:00:00,8,6,2
2014-04-17 21:00:00,14,11,3
2014-04-17 22:00:00,1,0,1
2014-04-17 23:00:00,0,0,0
2014-04-18 00:00:00,0,0,0
2014-04-18 01:00:00,0,0,0
2014-04-18 02:00:00,0,0,0
2014-04-18 03:00:00,0,0,0
2014-04-18 04:00:00,2,0,2
2014-04-18 05:00:00,12,4,8
2014-04-18 06:00:00,20,4,16
2014-04-18 07:00:00,60,15,45
2014-04-18 08:00:00,58,17,41
2014-04-18 09:00:00,43,17,26
2014-04-18 10:00:00,53,30,23
2014-04-18 11:00:00,57,23,34
2014-04-18 12:00:00,84,47,37
2014-04-18 13:00:00,86,52,34
2014-04-18 14:00:00,97,47,50
2014-04-18 15:00:00,93,54,39
2014-04-18 16:00:00,150,90,60
2014-04-18 17:00:00,156,94,62
2014-04-18 18:00:00,114,68,46
2014-04-18 19:00:00,70,37,33
2014-04-18 20:00:00,21,12,9
2014-04-18 21:00:00,5,3,2
2014-04-18 22:00:00,3,2,1
2014-04-18 23:00:00,1,0,1
2014-04-19 00:00:00,1,0,1
2014-04-19 01:00:00,0,0,0
2014-04-19 02:00:00,2,0,2
2014-04-19 03:00:00,0,0,0
2014-04-19 04:00:00,1,1,0
2014-04-19 05:00:00,3,1,2
2014-04-19 06:00:00,5,2,3
2014-04-19 07:00:00,39,24,15
2014-04-19 08:00:00,118,73,45
2014-04-19 09:00:00,95,44,51
2014-04-19 10:00:00,144,79,65
2014-04-19 11:00:00,270,146,124
2014-04-19 12:00:00,69,35,34
2014-04-19 13:00:00,38,11,27
2014-04-19 14:00:00,22,14,8
2014-04-19 15:00:00,17,11,6
2014-04-19 16:00:00,24,15,9
2014-04-19 17:00:00,21,10,11
2014-04-19 18:00:00,17,4,13
2014-04-19 19:00:00,19,6,13
2014-04-19 20:00:00,11,10,1
2014-04-19 21:00:00,1,0,1
2014-04-19 22:00:00,1,1,0
2014-04-19 23:00:00,1,1,0
2014-04-20 00:00:00,0,0,0
2014-04-20 01:00:00,1,1,0
2014-04-20 02:00:00,1,0,1
2014-04-20 03:00:00,0,0,0
2014-04-20 04:00:00,0,0,0
2014-04-20 05:00:00,1,1,0
2014-04-20 06:00:00,3,3,0
2014-04-20 07:00:00,36,24,12
2014-04-20 08:00:00,45,33,12
2014-04-20 09:00:00,68,45,23
2014-04-20 10:00:00,109,69,40
2014-04-20 11:00:00,155,89,66
2014-04-20 12:00:00,200,100,100
2014-04-20 13:00:00,188,99,89
2014-04-20 14:00:00,221,110,111
2014-04-20 15:00:00,203,83,120
2014-04-20 16:00:00,155,86,69
2014-04-20 17:00:00,134,66,68
2014-04-20 18:00:00,103,46,57
2014-04-20 19:00:00,44,20,24
2014-04-20 20:00:00,20,7,13
2014-04-20 21:00:00,2,0,2
2014-04-20 22:00:00,4,3,1
2014-04-20 23:00:00,1,1,0
2014-04-21 00:00:00,0,0,0
2014-04-21 01:00:00,0,0,0
2014-04-21 02:00:00,0,0,0
2014-04-21 03:00:00,1,0,1
2014-04-21 04:00:00,3,0,3
2014-04-21 05:00:00,13,4,9
2014-04-21 06:00:00,27,5,22
2014-04-21 07:00:00,73,15,58
2014-04-21 08:00:00,67,17,50
2014-04-21 09:00:00,56,27,29
2014-04-21 10:00:00,48,21,27
2014-04-21 11:00:00,59,29,30
2014-04-21 12:00:00,54,21,33
2014-04-21 13:00:00,82,47,35
2014-04-21 14:00:00,57,33,24
2014-04-21 15:00:00,84,42,42
2014-04-21 16:00:00,120,81,39
2014-04-21 17:00:00,139,84,55
2014-04-21 18:00:00,120,81,39
2014-04-21 19:00:00,48,18,30
2014-04-21 20:00:00,12,7,5
2014-04-21 21:00:00,5,2,3
2014-04-21 22:00:00,1,0,1
2014-04-21 23:00:00,2,1,1
2014-04-22 00:00:00,0,0,0
2014-04-22 01:00:00,1,1,0
2014-04-22 02:00:00,1,0,1
2014-04-22 03:00:00,0,0,0
2014-04-22 04:00:00,5,0,5
2014-04-22 05:00:00,5,1,4
2014-04-22 06:00:00,11,1,10
2014-04-22 07:00:00,33,6,27
2014-04-22 08:00:00,45,12,33
2014-04-22 09:00:00,23,5,18
2014-04-22 10:00:00,26,13,13
2014-04-22 11:00:00,13,4,9
2014-04-22 12:00:00,32,14,18
2014-04-22 13:00:00,67,36,31
2014-04-22 14:00:00,43,19,24
2014-04-22 15:00:00,36,21,15
2014-04-22 16:00:00,70,55,15
2014-04-22 17:00:00,85,57,28
2014-04-22 18:00:00,85,56,29
2014-04-22 19:00:00,59,27,32
2014-04-22 20:00:00,8,5,3
2014-04-22 21:00:00,9,6,3
2014-04-22 22:00:00,1,1,0
2014-04-22 23:00:00,1,1,0
2014-04-23 00:00:00,0,0,0
2014-04-23 01:00:00,1,1,0
2014-04-23 02:00:00,1,1,0
2014-04-23 03:00:00,1,0,1
2014-04-23 04:00:00,6,0,6
2014-04-23 05:00:00,8,1,7
2014-04-23 06:00:00,29,6,23
2014-04-23 07:00:00,59,8,51
2014-04-23 08:00:00,61,9,52
2014-04-23 09:00:00,48,16,32
2014-04-23 10:00:00,27,14,13
2014-04-23 11:00:00,36,11,25
2014-04-23 12:00:00,32,18,14
2014-04-23 13:00:00,29,15,14
2014-04-23 14:00:00,26,19,7
2014-04-23 15:00:00,40,22,18
2014-04-23 16:00:00,47,37,10
2014-04-23 17:00:00,101,79,22
2014-04-23 18:00:00,63,42,21
2014-04-23 19:00:00,25,20,5
2014-04-23 20:00:00,12,9,3
2014-04-23 21:00:00,5,0,5
2014-04-23 22:00:00,3,1,2
2014-04-23 23:00:00,0,0,0
2014-04-24 00:00:00,0,0,0
2014-04-24 01:00:00,1,1,0
2014-04-24 02:00:00,0,0,0
2014-04-24 03:00:00,0,0,0
2014-04-24 04:00:00,2,0,2
2014-04-24 05:00:00,6,0,6
2014-04-24 06:00:00,20,6,14
2014-04-24 07:00:00,30,3,27
2014-04-24 08:00:00,58,16,42
2014-04-24 09:00:00,43,19,24
2014-04-24 10:00:00,26,13,13
2014-04-24 11:00:00,39,18,21
2014-04-24 12:00:00,18,9,9
2014-04-24 13:00:00,11,6,5
2014-04-24 14:00:00,12,7,5
2014-04-24 15:00:00,30,13,17
2014-04-24 16:00:00,49,38,11
2014-04-24 17:00:00,85,57,28
2014-04-24 18:00:00,99,61,38
2014-04-24 19:00:00,58,33,25
2014-04-24 20:00:00,19,12,7
2014-04-24 21:00:00,10,9,1
2014-04-24 22:00:00,1,1,0
2014-04-24 23:00:00,0,0,0
2014-04-25 00:00:00,0,0,0
2014-04-25 01:00:00,0,0,0
2014-04-25 02:00:00,2,1,1
2014-04-25 03:00:00,1,0,1
2014-04-25 04:00:00,5,1,4
2014-04-25 05:00:00,15,3,12
2014-04-25 06:00:00,24,7,17
2014-04-25 07:00:00,53,12,41
2014-04-25 08:00:00,57,11,46
2014-04-25 09:00:00,65,25,40
2014-04-25 10:00:00,37,17,20
2014-04-25 11:00:00,57,29,28
2014-04-25 12:00:00,78,45,33
2014-04-25 13:00:00,118,87,31
2014-04-25 14:00:00,87,44,43
2014-04-25 15:00:00,89,49,40
2014-04-25 16:00:00,129,79,50
2014-04-25 17:00:00,172,109,63
2014-04-25 18:00:00,105,49,56
2014-04-25 19:00:00,60,32,28
2014-04-25 20:00:00,30,22,8
2014-04-25 21:00:00,3,2,1
2014-04-25 22:00:00,5,5,0
2014-04-25 23:00:00,4,3,1
2014-04-26 00:00:00,0,0,0
2014-04-26 01:00:00,1,0,1
2014-04-26 02:00:00,1,0,1
2014-04-26 03:00:00,0,0,0
2014-04-26 04:00:00,0,0,0
2014-04-26 05:00:00,3,2,1
2014-04-26 06:00:00,8,2,6
2014-04-26 07:00:00,22,12,10
2014-04-26 08:00:00,84,61,23
2014-04-26 09:00:00,109,67,42
2014-04-26 10:00:00,228,118,110
2014-04-26 11:00:00,236,145,91
2014-04-26 12:00:00,251,148,103
2014-04-26 13:00:00,183,110,73
2014-04-26 14:00:00,191,112,79
2014-04-26 15:00:00,170,82,88
2014-04-26 16:00:00,148,61,87
2014-04-26 17:00:00,133,62,71
2014-04-26 18:00:00,65,23,42
2014-04-26 19:00:00,24,10,14
2014-04-26 20:00:00,16,5,11
2014-04-26 21:00:00,2,2,0
2014-04-26 22:00:00,1,0,1
2014-04-26 23:00:00,1,1,0
2014-04-27 00:00:00,1,1,0
2014-04-27 01:00:00,2,0,2
2014-04-27 02:00:00,2,1,1
2014-04-27 03:00:00,0,0,0
2014-04-27 04:00:00,0,0,0
2014-04-27 05:00:00,1,0,1
2014-04-27 06:00:00,2,0,2
2014-04-27 07:00:00,27,16,11
2014-04-27 08:00:00,55,37,18
2014-04-27 09:00:00,55,32,23
2014-04-27 10:00:00,85,45,40
2014-04-27 11:00:00,182,130,52
2014-04-27 12:00:00,187,130,57
2014-04-27 13:00:00,133,61,72
2014-04-27 14:00:00,123,53,70
2014-04-27 15:00:00,113,58,55
2014-04-27 16:00:00,96,43,53
2014-04-27 17:00:00,64,31,33
2014-04-27 18:00:00,50,21,29
2014-04-27 19:00:00,26,9,17
2014-04-27 20:00:00,12,7,5
2014-04-27 21:00:00,3,2,1
2014-04-27 22:00:00,1,1,0
2014-04-27 23:00:00,0,0,0
2014-04-28 00:00:00,0,0,0
2014-04-28 01:00:00,0,0,0
2014-04-28 02:00:00,0,0,0
2014-04-28 03:00:00,1,1,0
2014-04-28 04:00:00,2,0,2
2014-04-28 05:00:00,15,4,11
2014-04-28 06:00:00,35,5,30
2014-04-28 07:00:00,81,20,61
2014-04-28 08:00:00,76,20,56
2014-04-28 09:00:00,52,23,29
2014-04-28 10:00:00,41,19,22
2014-04-28 11:00:00,49,26,23
2014-04-28 12:00:00,54,25,29
2014-04-28 13:00:00,58,28,30
2014-04-28 14:00:00,61,35,26
2014-04-28 15:00:00,87,58,29
2014-04-28 16:00:00,126,82,44
2014-04-28 17:00:00,186,112,74
2014-04-28 18:00:00,188,123,65
2014-04-28 19:00:00,146,76,70
2014-04-28 20:00:00,19,10,9
2014-04-28 21:00:00,15,9,6
2014-04-28 22:00:00,5,2,3
2014-04-28 23:00:00,3,2,1
2014-04-29 00:00:00,2,2,0
2014-04-29 01:00:00,0,0,0
2014-04-29 02:00:00,1,0,1
2014-04-29 03:00:00,1,0,1
2014-04-29 04:00:00,4,0,4
2014-04-29 05:00:00,12,0,12
2014-04-29 06:00:00,44,10,34
2014-04-29 07:00:00,103,16,87
2014-04-29 08:00:00,101,29,72
2014-04-29 09:00:00,85,46,39
2014-04-29 10:00:00,62,28,34
2014-04-29 11:00:00,58,33,25
2014-04-29 12:00:00,86,42,44
2014-04-29 13:00:00,108,60,48
2014-04-29 14:00:00,105,53,52
2014-04-29 15:00:00,116,64,52
2014-04-29 16:00:00,179,126,53
2014-04-29 17:00:00,278,191,87
2014-04-29 18:00:00,272,148,124
2014-04-29 19:00:00,214,135,79
2014-04-29 20:00:00,100,26,74
2014-04-29 21:00:00,19,10,9
2014-04-29 22:00:00,4,3,1
2014-04-29 23:00:00,0,0,0
2014-04-30 00:00:00,1,0,1
2014-04-30 01:00:00,0,0,0
2014-04-30 02:00:00,2,1,1
2014-04-30 03:00:00,1,1,0
2014-04-30 04:00:00,4,0,4
2014-04-30 05:00:00,18,5,13
2014-04-30 06:00:00,55,16,39
2014-04-30 07:00:00,117,21,96
2014-04-30 08:00:00,121,31,90
2014-04-30 09:00:00,83,33,50
2014-04-30 10:00:00,75,34,41
2014-04-30 11:00:00,82,48,34
2014-04-30 12:00:00,111,65,46
2014-04-30 13:00:00,122,60,62
2014-04-30 14:00:00,128,65,63
2014-04-30 15:00:00,118,69,49
2014-04-30 16:00:00,161,100,61
2014-04-30 17:00:00,255,177,78
2014-04-30 18:00:00,276,165,111
2014-04-30 19:00:00,174,85,89
2014-04-30 20:00:00,55,22,33
2014-04-30 21:00:00,22,13,9
2014-04-30 22:00:00,9,7,2
2014-04-30 23:00:00,4,2,2
2014-05-01 00:00:00,0,0,0
2014-05-01 01:00:00,0,0,0
2014-05-01 02:00:00,0,0,0
2014-05-01 03:00:00,1,0,1
2014-05-01 04:00:00,5,1,4
2014-05-01 05:00:00,22,6,16
2014-05-01 06:00:00,69,17,52
2014-05-01 07:00:00,145,33,112
2014-05-01 08:00:00,137,44,93
2014-05-01 09:00:00,113,46,67
2014-05-01 10:00:00,100,55,45
2014-05-01 11:00:00,143,70,73
2014-05-01 12:00:00,106,51,55
2014-05-01 13:00:00,107,66,41
2014-05-01 14:00:00,132,67,65
2014-05-01 15:00:00,151,91,60
2014-05-01 16:00:00,225,146,79
2014-05-01 17:00:00,298,195,103
2014-05-01 18:00:00,260,165,95
2014-05-01 19:00:00,215,116,99
2014-05-01 20:00:00,64,27,37
2014-05-01 21:00:00,10,5,5
2014-05-01 22:00:00,9,5,4
2014-05-01 23:00:00,4,2,2
2014-05-02 00:00:00,2,2,0
2014-05-02 01:00:00,0,0,0
2014-05-02 02:00:00,0,0,0
2014-05-02 03:00:00,1,0,1
2014-05-02 04:00:00,3,0,3
2014-05-02 05:00:00,22,6,16
2014-05-02 06:00:00,61,15,46
2014-05-02 07:00:00,120,31,89
2014-05-02 08:00:00,115,30,85
2014-05-02 09:00:00,84,40,44
2014-05-02 10:00:00,94,34,60
2014-05-02 11:00:00,89,44,45
2014-05-02 12:00:00,107,57,50
2014-05-02 13:00:00,93,54,39
2014-05-02 14:00:00,106,66,40
2014-05-02 15:00:00,103,61,42
2014-05-02 16:00:00,155,106,49
2014-05-02 17:00:00,195,127,68
2014-05-02 18:00:00,141,88,53
2014-05-02 19:00:00,72,46,26
2014-05-02 20:00:00,21,11,10
2014-05-02 21:00:00,15,3,12
2014-05-02 22:00:00,3,1,2
2014-05-02 23:00:00,7,6,1
2014-05-03 00:00:00,2,0,2
2014-05-03 01:00:00,1,0,1
2014-05-03 02:00:00,1,0,1
2014-05-03 03:00:00,1,1,0
2014-05-03 04:00:00,0,0,0
2014-05-03 05:00:00,1,1,0
2014-05-03 06:00:00,6,3,3
2014-05-03 07:00:00,23,11,12
2014-05-03 08:00:00,75,39,36
2014-05-03 09:00:00,95,51,44
2014-05-03 10:00:00,173,82,91
2014-05-03 11:00:00,171,92,79
2014-05-03 12:00:00,141,66,75
2014-05-03 13:00:00,131,79,52
2014-05-03 14:00:00,75,46,29
2014-05-03 15:00:00,47,22,25
2014-05-03 16:00:00,39,11,28
2014-05-03 17:00:00,20,3,17
2014-05-03 18:00:00,22,4,18
2014-05-03 19:00:00,9,7,2
2014-05-03 20:00:00,4,3,1
2014-05-03 21:00:00,6,6,0
2014-05-03 22:00:00,0,0,0
2014-05-03 23:00:00,1,1,0
2014-05-04 00:00:00,0,0,0
2014-05-04 01:00:00,0,0,0
2014-05-04 02:00:00,1,1,0
2014-05-04 03:00:00,0,0,0
2014-05-04 04:00:00,0,0,0
2014-05-04 05:00:00,4,0,4
2014-05-04 06:00:00,8,4,4
2014-05-04 07:00:00,10,5,5
2014-05-04 08:00:00,18,9,9
2014-05-04 09:00:00,32,18,14
2014-05-04 10:00:00,29,18,11
2014-05-04 11:00:00,23,13,10
2014-05-04 12:00:00,31,18,13
2014-05-04 13:00:00,38,20,18
2014-05-04 14:00:00,37,25,12
2014-05-04 15:00:00,37,17,20
2014-05-04 16:00:00,29,16,13
2014-05-04 17:00:00,18,11,7
2014-05-04 18:00:00,11,6,5
2014-05-04 19:00:00,14,2,12
2014-05-04 20:00:00,5,3,2
2014-05-04 21:00:00,5,4,1
2014-05-04 22:00:00,1,1,0
2014-05-04 23:00:00,1,1,0
2014-05-05 00:00:00,0,0,0
2014-05-05 01:00:00,0,0,0
2014-05-05 02:00:00,0,0,0
2014-05-05 03:00:00,0,0,0
2014-05-05 04:00:00,3,0,3
2014-05-05 05:00:00,13,2,11
2014-05-05 06:00:00,32,9,23
2014-05-05 07:00:00,76,18,58
2014-05-05 08:00:00,65,14,51
2014-05-05 09:00:00,44,11,33
2014-05-05 10:00:00,31,13,18
2014-05-05 11:00:00,28,18,10
2014-05-05 12:00:00,20,6,14
2014-05-05 13:00:00,25,17,8
2014-05-05 14:00:00,25,16,9
2014-05-05 15:00:00,34,21,13
2014-05-05 16:00:00,99,70,29
2014-05-05 17:00:00,120,85,35
2014-05-05 18:00:00,107,65,42
2014-05-05 19:00:00,54,36,18
2014-05-05 20:00:00,36,17,19
2014-05-05 21:00:00,9,6,3
2014-05-05 22:00:00,1,0,1
2014-05-05 23:00:00,2,2,0
2014-05-06 00:00:00,0,0,0
2014-05-06 01:00:00,1,1,0
2014-05-06 02:00:00,0,0,0
2014-05-06 03:00:00,0,0,0
2014-05-06 04:00:00,7,2,5
2014-05-06 05:00:00,31,7,24
2014-05-06 06:00:00,53,12,41
2014-05-06 07:00:00,98,17,81
2014-05-06 08:00:00,99,25,74
2014-05-06 09:00:00,73,31,42
2014-05-06 10:00:00,45,22,23
2014-05-06 11:00:00,42,20,22
2014-05-06 12:00:00,43,19,24
2014-05-06 13:00:00,47,28,19
2014-05-06 14:00:00,73,38,35
2014-05-06 15:00:00,73,42,31
2014-05-06 16:00:00,139,102,37
2014-05-06 17:00:00,228,171,57
2014-05-06 18:00:00,182,111,71
2014-05-06 19:00:00,121,72,49
2014-05-06 20:00:00,45,18,27
2014-05-06 21:00:00,17,10,7
2014-05-06 22:00:00,4,3,1
2014-05-06 23:00:00,1,0,1
2014-05-07 00:00:00,0,0,0
2014-05-07 01:00:00,0,0,0
2014-05-07 02:00:00,1,1,0
2014-05-07 03:00:00,0,0,0
2014-05-07 04:00:00,6,0,6
2014-05-07 05:00:00,26,7,19
2014-05-07 06:00:00,74,17,57
2014-05-07 07:00:00,136,21,115
2014-05-07 08:00:00,105,26,79
2014-05-07 09:00:00,85,30,55
2014-05-07 10:00:00,60,29,31
2014-05-07 11:00:00,70,40,30
2014-05-07 12:00:00,96,51,45
2014-05-07 13:00:00,126,83,43
2014-05-07 14:00:00,117,60,57
2014-05-07 15:00:00,146,79,67
2014-05-07 16:00:00,195,128,67
2014-05-07 17:00:00,268,185,83
2014-05-07 18:00:00,236,143,93
2014-05-07 19:00:00,148,78,70
2014-05-07 20:00:00,55,25,30
2014-05-07 21:00:00,16,6,10
2014-05-07 22:00:00,11,5,6
2014-05-07 23:00:00,5,3,2
2014-05-08 00:00:00,2,2,0
2014-05-08 01:00:00,0,0,0
2014-05-08 02:00:00,0,0,0
2014-05-08 03:00:00,1,0,1
2014-05-08 04:00:00,5,0,5
2014-05-08 05:00:00,18,5,13
2014-05-08 06:00:00,48,8,40
2014-05-08 07:00:00,90,21,69
2014-05-08 08:00:00,86,28,58
2014-05-08 09:00:00,63,22,41
2014-05-08 10:00:00,42,17,25
2014-05-08 11:00:00,41,18,23
2014-05-08 12:00:00,33,13,20
2014-05-08 13:00:00,18,11,7
2014-05-08 14:00:00,18,13,5
2014-05-08 15:00:00,26,18,8
2014-05-08 16:00:00,44,39,5
2014-05-08 17:00:00,73,58,15
2014-05-08 18:00:00,90,62,28
2014-05-08 19:00:00,26,22,4
2014-05-08 20:00:00,15,10,5
2014-05-08 21:00:00,10,8,2
2014-05-08 22:00:00,0,0,0
2014-05-08 23:00:00,1,1,0
2014-05-09 00:00:00,0,0,0
2014-05-09 01:00:00,0,0,0
2014-05-09 02:00:00,0,0,0
2014-05-09 03:00:00,0,0,0
2014-05-09 04:00:00,5,0,5
2014-05-09 05:00:00,14,3,11
2014-05-09 06:00:00,26,3,23
2014-05-09 07:00:00,64,13,51
2014-05-09 08:00:00,60,15,45
2014-05-09 09:00:00,59,26,33
2014-05-09 10:00:00,39,16,23
2014-05-09 11:00:00,22,8,14
2014-05-09 12:00:00,47,22,25
2014-05-09 13:00:00,37,15,22
2014-05-09 14:00:00,40,27,13
2014-05-09 15:00:00,45,26,19
2014-05-09 16:00:00,86,63,23
2014-05-09 17:00:00,76,53,23
2014-05-09 18:00:00,62,49,13
2014-05-09 19:00:00,36,23,13
2014-05-09 20:00:00,19,10,9
2014-05-09 21:00:00,7,7,0
2014-05-09 22:00:00,2,2,0
2014-05-09 23:00:00,2,2,0
2014-05-10 00:00:00,1,1,0
2014-05-10 01:00:00,0,0,0
2014-05-10 02:00:00,0,0,0
2014-05-10 03:00:00,0,0,0
2014-05-10 04:00:00,1,0,1
2014-05-10 05:00:00,2,0,2
2014-05-10 06:00:00,17,12,5
2014-05-10 07:00:00,29,17,12
2014-05-10 08:00:00,65,51,14
2014-05-10 09:00:00,171,124,47
2014-05-10 10:00:00,139,86,53
2014-05-10 11:00:00,160,89,71
2014-05-10 12:00:00,161,95,66
2014-05-10 13:00:00,162,86,76
2014-05-10 14:00:00,163,93,70
2014-05-10 15:00:00,137,59,78
2014-05-10 16:00:00,111,54,57
2014-05-10 17:00:00,93,34,59
2014-05-10 18:00:00,41,20,21
2014-05-10 19:00:00,21,14,7
2014-05-10 20:00:00,16,4,12
2014-05-10 21:00:00,6,3,3
2014-05-10 22:00:00,7,4,3
2014-05-10 23:00:00,4,1,3
2014-05-11 00:00:00,1,1,0
2014-05-11 01:00:00,0,0,0
2014-05-11 02:00:00,0,0,0
2014-05-11 03:00:00,0,0,0
2014-05-11 04:00:00,2,2,0
2014-05-11 05:00:00,6,1,5
2014-05-11 06:00:00,9,7,2
2014-05-11 07:00:00,53,30,23
2014-05-11 08:00:00,74,46,28
2014-05-11 09:00:00,116,72,44
2014-05-11 10:00:00,175,112,63
2014-05-11 11:00:00,240,140,100
2014-05-11 12:00:00,250,149,101
2014-05-11 13:00:00,290,173,117
2014-05-11 14:00:00,287,127,160
2014-05-11 15:00:00,306,154,152
2014-05-11 16:00:00,312,134,178
2014-05-11 17:00:00,245,92,153
2014-05-11 18:00:00,123,58,65
2014-05-11 19:00:00,72,30,42
2014-05-11 20:00:00,38,20,18
2014-05-11 21:00:00,14,3,11
2014-05-11 22:00:00,2,2,0
2014-05-11 23:00:00,1,1,0
2014-05-12 00:00:00,1,0,1
2014-05-12 01:00:00,0,0,0
2014-05-12 02:00:00,1,0,1
2014-05-12 03:00:00,0,0,0
2014-05-12 04:00:00,4,0,4
2014-05-12 05:00:00,23,6,17
2014-05-12 06:00:00,71,16,55
2014-05-12 07:00:00,116,22,94
2014-05-12 08:00:00,109,26,83
2014-05-12 09:00:00,82,31,51
2014-05-12 10:00:00,63,28,35
2014-05-12 11:00:00,74,44,30
2014-05-12 12:00:00,84,47,37
2014-05-12 13:00:00,87,35,52
2014-05-12 14:00:00,105,58,47
2014-05-12 15:00:00,130,83,47
2014-05-12 16:00:00,224,149,75
2014-05-12 17:00:00,303,193,110
2014-05-12 18:00:00,273,159,114
2014-05-12 19:00:00,124,71,53
2014-05-12 20:00:00,62,31,31
2014-05-12 21:00:00,20,9,11
2014-05-12 22:00:00,7,4,3
2014-05-12 23:00:00,7,2,5
2014-05-13 00:00:00,0,0,0
2014-05-13 01:00:00,0,0,0
2014-05-13 02:00:00,0,0,0
2014-05-13 03:00:00,0,0,0
2014-05-13 04:00:00,7,1,6
2014-05-13 05:00:00,24,4,20
2014-05-13 06:00:00,65,13,52
2014-05-13 07:00:00,151,30,121
2014-05-13 08:00:00,148,42,106
2014-05-13 09:00:00,107,43,64
2014-05-13 10:00:00,84,40,44
2014-05-13 11:00:00,94,43,51
2014-05-13 12:00:00,95,61,34
2014-05-13 13:00:00,113,55,58
2014-05-13 14:00:00,90,57,33
2014-05-13 15:00:00,112,68,44
2014-05-13 16:00:00,205,139,66
2014-05-13 17:00:00,299,207,92
2014-05-13 18:00:00,315,188,127
2014-05-13 19:00:00,208,107,101
2014-05-13 20:00:00,92,32,60
2014-05-13 21:00:00,26,11,15
2014-05-13 22:00:00,8,7,1
2014-05-13 23:00:00,3,2,1
2014-05-14 00:00:00,5,3,2
2014-05-14 01:00:00,1,1,0
2014-05-14 02:00:00,1,1,0
2014-05-14 03:00:00,0,0,0
2014-05-14 04:00:00,7,1,6
2014-05-14 05:00:00,26,7,19
2014-05-14 06:00:00,94,20,74
2014-05-14 07:00:00,129,23,106
2014-05-14 08:00:00,143,42,101
2014-05-14 09:00:00,103,42,61
2014-05-14 10:00:00,73,36,37
2014-05-14 11:00:00,70,36,34
2014-05-14 12:00:00,83,43,40
2014-05-14 13:00:00,87,48,39
2014-05-14 14:00:00,93,50,43
2014-05-14 15:00:00,111,65,46
2014-05-14 16:00:00,192,135,57
2014-05-14 17:00:00,324,216,108
2014-05-14 18:00:00,275,174,101
2014-05-14 19:00:00,153,88,65
2014-05-14 20:00:00,95,42,53
2014-05-14 21:00:00,33,16,17
2014-05-14 22:00:00,5,5,0
2014-05-14 23:00:00,4,4,0
2014-05-15 00:00:00,0,0,0
2014-05-15 01:00:00,0,0,0
2014-05-15 02:00:00,0,0,0
2014-05-15 03:00:00,0,0,0
2014-05-15 04:00:00,5,0,5
2014-05-15 05:00:00,20,6,14
2014-05-15 06:00:00,53,9,44
2014-05-15 07:00:00,145,32,113
2014-05-15 08:00:00,109,42,67
2014-05-15 09:00:00,108,51,57
2014-05-15 10:00:00,93,42,51
2014-05-15 11:00:00,102,47,55
2014-05-15 12:00:00,81,47,34
2014-05-15 13:00:00,84,46,38
2014-05-15 14:00:00,92,40,52
2014-05-15 15:00:00,104,65,39
2014-05-15 16:00:00,174,106,68
2014-05-15 17:00:00,235,157,78
2014-05-15 18:00:00,211,126,85
2014-05-15 19:00:00,158,70,88
2014-05-15 20:00:00,76,35,41
2014-05-15 21:00:00,28,14,14
2014-05-15 22:00:00,6,3,3
2014-05-15 23:00:00,2,2,0
2014-05-16 00:00:00,1,1,0
2014-05-16 01:00:00,0,0,0
2014-05-16 02:00:00,0,0,0
2014-05-16 03:00:00,0,0,0
2014-05-16 04:00:00,8,1,7
2014-05-16 05:00:00,31,13,18
2014-05-16 06:00:00,99,35,64
2014-05-16 07:00:00,207,54,153
2014-05-16 08:00:00,158,52,106
2014-05-16 09:00:00,105,56,49
2014-05-16 10:00:00,60,34,26
2014-05-16 11:00:00,52,26,26
2014-05-16 12:00:00,53,21,32
2014-05-16 13:00:00,56,34,22
2014-05-16 14:00:00,85,51,34
2014-05-16 15:00:00,97,63,34
2014-05-16 16:00:00,173,114,59
2014-05-16 17:00:00,244,162,82
2014-05-16 18:00:00,220,121,99
2014-05-16 19:00:00,99,53,46
2014-05-16 20:00:00,47,26,21
2014-05-16 21:00:00,9,3,6
2014-05-16 22:00:00,9,7,2
2014-05-16 23:00:00,4,0,4
2014-05-17 00:00:00,1,0,1
2014-05-17 01:00:00,0,0,0
2014-05-17 02:00:00,3,2,1
2014-05-17 03:00:00,1,0,1
2014-05-17 04:00:00,0,0,0
2014-05-17 05:00:00,6,3,3
2014-05-17 06:00:00,10,3,7
2014-05-17 07:00:00,58,42,16
2014-05-17 08:00:00,110,78,32
2014-05-17 09:00:00,133,83,50
2014-05-17 10:00:00,457,111,346
2014-05-17 11:00:00,735,213,522
2014-05-17 12:00:00,644,483,161
2014-05-17 13:00:00,453,342,111
2014-05-17 14:00:00,280,177,103
2014-05-17 15:00:00,196,93,103
2014-05-17 16:00:00,161,53,108
2014-05-17 17:00:00,123,41,82
2014-05-17 18:00:00,75,42,33
2014-05-17 19:00:00,68,29,39
2014-05-17 20:00:00,38,15,23
2014-05-17 21:00:00,7,4,3
2014-05-17 22:00:00,8,3,5
2014-05-17 23:00:00,6,5,1
2014-05-18 00:00:00,2,2,0
2014-05-18 01:00:00,6,3,3
2014-05-18 02:00:00,0,0,0
2014-05-18 03:00:00,0,0,0
2014-05-18 04:00:00,0,0,0
2014-05-18 05:00:00,3,1,2
2014-05-18 06:00:00,10,5,5
2014-05-18 07:00:00,35,21,14
2014-05-18 08:00:00,57,33,24
2014-05-18 09:00:00,117,73,44
2014-05-18 10:00:00,133,76,57
2014-05-18 11:00:00,177,79,98
2014-05-18 12:00:00,180,84,96
2014-05-18 13:00:00,173,88,85
2014-05-18 14:00:00,209,120,89
2014-05-18 15:00:00,247,132,115
2014-05-18 16:00:00,184,71,113
2014-05-18 17:00:00,121,56,65
2014-05-18 18:00:00,67,25,42
2014-05-18 19:00:00,49,18,31
2014-05-18 20:00:00,12,5,7
2014-05-18 21:00:00,6,1,5
2014-05-18 22:00:00,1,1,0
2014-05-18 23:00:00,1,1,0
2014-05-19 00:00:00,0,0,0
2014-05-19 01:00:00,0,0,0
2014-05-19 02:00:00,1,0,1
2014-05-19 03:00:00,1,0,1
2014-05-19 04:00:00,4,0,4
2014-05-19 05:00:00,19,5,14
2014-05-19 06:00:00,37,7,30
2014-05-19 07:00:00,105,25,80
2014-05-19 08:00:00,100,33,67
2014-05-19 09:00:00,66,28,38
2014-05-19 10:00:00,55,17,38
2014-05-19 11:00:00,52,35,17
2014-05-19 12:00:00,71,30,41
2014-05-19 13:00:00,56,34,22
2014-05-19 14:00:00,71,39,32
2014-05-19 15:00:00,82,42,40
2014-05-19 16:00:00,130,81,49
2014-05-19 17:00:00,227,139,88
2014-05-19 18:00:00,181,115,66
2014-05-19 19:00:00,101,50,51
2014-05-19 20:00:00,48,27,21
2014-05-19 21:00:00,23,15,8
2014-05-19 22:00:00,1,1,0
2014-05-19 23:00:00,2,1,1
2014-05-20 00:00:00,0,0,0
2014-05-20 01:00:00,1,1,0
2014-05-20 02:00:00,0,0,0
2014-05-20 03:00:00,0,0,0
2014-05-20 04:00:00,6,0,6
2014-05-20 05:00:00,23,4,19
2014-05-20 06:00:00,57,11,46
2014-05-20 07:00:00,157,32,125
2014-05-20 08:00:00,140,48,92
2014-05-20 09:00:00,87,39,48
2014-05-20 10:00:00,61,27,34
2014-05-20 11:00:00,67,27,40
2014-05-20 12:00:00,91,45,46
2014-05-20 13:00:00,84,53,31
2014-05-20 14:00:00,85,34,51
2014-05-20 15:00:00,117,72,45
2014-05-20 16:00:00,171,104,67
2014-05-20 17:00:00,296,212,84
2014-05-20 18:00:00,253,154,99
2014-05-20 19:00:00,168,93,75
2014-05-20 20:00:00,74,30,44
2014-05-20 21:00:00,30,11,19
2014-05-20 22:00:00,8,5,3
2014-05-20 23:00:00,0,0,0
2014-05-21 00:00:00,0,0,0
2014-05-21 01:00:00,0,0,0
2014-05-21 02:00:00,1,1,0
2014-05-21 03:00:00,4,2,2
2014-05-21 04:00:00,6,0,6
2014-05-21 05:00:00,32,8,24
2014-05-21 06:00:00,62,16,46
2014-05-21 07:00:00,144,32,112
2014-05-21 08:00:00,125,27,98
2014-05-21 09:00:00,79,35,44
2014-05-21 10:00:00,43,11,32
2014-05-21 11:00:00,51,27,24
2014-05-21 12:00:00,55,25,30
2014-05-21 13:00:00,67,32,35
2014-05-21 14:00:00,61,36,25
2014-05-21 15:00:00,74,45,29
2014-05-21 16:00:00,159,101,58
2014-05-21 17:00:00,244,175,69
2014-05-21 18:00:00,218,134,84
2014-05-21 19:00:00,151,83,68
2014-05-21 20:00:00,73,38,35
2014-05-21 21:00:00,29,13,16
2014-05-21 22:00:00,5,3,2
2014-05-21 23:00:00,4,3,1
2014-05-22 00:00:00,0,0,0
2014-05-22 01:00:00,1,1,0
2014-05-22 02:00:00,0,0,0
2014-05-22 03:00:00,1,0,1
2014-05-22 04:00:00,6,0,6
2014-05-22 05:00:00,25,6,19
2014-05-22 06:00:00,53,17,36
2014-05-22 07:00:00,135,32,103
2014-05-22 08:00:00,107,31,76
2014-05-22 09:00:00,97,49,48
2014-05-22 10:00:00,73,30,43
2014-05-22 11:00:00,116,43,73
2014-05-22 12:00:00,109,67,42
2014-05-22 13:00:00,100,54,46
2014-05-22 14:00:00,97,50,47
2014-05-22 15:00:00,111,67,44
2014-05-22 16:00:00,158,107,51
2014-05-22 17:00:00,228,156,72
2014-05-22 18:00:00,191,107,84
2014-05-22 19:00:00,145,84,61
2014-05-22 20:00:00,62,32,30
2014-05-22 21:00:00,19,9,10
2014-05-22 22:00:00,3,2,1
2014-05-22 23:00:00,1,0,1
2014-05-23 00:00:00,0,0,0
2014-05-23 01:00:00,2,2,0
2014-05-23 02:00:00,0,0,0
2014-05-23 03:00:00,0,0,0
2014-05-23 04:00:00,5,0,5
2014-05-23 05:00:00,18,4,14
2014-05-23 06:00:00,36,11,25
2014-05-23 07:00:00,85,12,73
2014-05-23 08:00:00,55,20,35
2014-05-23 09:00:00,39,13,26
2014-05-23 10:00:00,22,14,8
2014-05-23 11:00:00,14,3,11
2014-05-23 12:00:00,13,2,11
2014-05-23 13:00:00,19,11,8
2014-05-23 14:00:00,34,24,10
2014-05-23 15:00:00,43,21,22
2014-05-23 16:00:00,92,71,21
2014-05-23 17:00:00,99,62,37
2014-05-23 18:00:00,102,71,31
2014-05-23 19:00:00,54,31,23
2014-05-23 20:00:00,23,12,11
2014-05-23 21:00:00,6,5,1
2014-05-23 22:00:00,1,1,0
2014-05-23 23:00:00,0,0,0
2014-05-24 00:00:00,0,0,0
2014-05-24 01:00:00,1,1,0
2014-05-24 02:00:00,1,0,1
2014-05-24 03:00:00,0,0,0
2014-05-24 04:00:00,1,0,1
2014-05-24 05:00:00,6,4,2
2014-05-24 06:00:00,18,9,9
2014-05-24 07:00:00,40,24,16
2014-05-24 08:00:00,93,64,29
2014-05-24 09:00:00,111,61,50
2014-05-24 10:00:00,208,144,64
2014-05-24 11:00:00,161,90,71
2014-05-24 12:00:00,253,138,115
2014-05-24 13:00:00,234,131,103
2014-05-24 14:00:00,247,105,142
2014-05-24 15:00:00,246,117,129
2014-05-24 16:00:00,209,102,107
2014-05-24 17:00:00,171,77,94
2014-05-24 18:00:00,75,23,52
2014-05-24 19:00:00,85,40,45
2014-05-24 20:00:00,32,12,20
2014-05-24 21:00:00,9,3,6
2014-05-24 22:00:00,5,3,2
2014-05-24 23:00:00,2,2,0
2014-05-25 00:00:00,0,0,0
2014-05-25 01:00:00,0,0,0
2014-05-25 02:00:00,0,0,0
2014-05-25 03:00:00,0,0,0
2014-05-25 04:00:00,0,0,0
2014-05-25 05:00:00,2,1,1
2014-05-25 06:00:00,10,5,5
2014-05-25 07:00:00,19,9,10
2014-05-25 08:00:00,60,40,20
2014-05-25 09:00:00,86,46,40
2014-05-25 10:00:00,108,62,46
2014-05-25 11:00:00,184,104,80
2014-05-25 12:00:00,166,81,85
2014-05-25 13:00:00,135,56,79
2014-05-25 14:00:00,101,41,60
2014-05-25 15:00:00,80,41,39
2014-05-25 16:00:00,41,13,28
2014-05-25 17:00:00,20,12,8
2014-05-25 18:00:00,24,11,13
2014-05-25 19:00:00,17,8,9
2014-05-25 20:00:00,9,5,4
2014-05-25 21:00:00,1,1,0
2014-05-25 22:00:00,2,0,2
2014-05-25 23:00:00,0,0,0
2014-05-26 00:00:00,0,0,0
2014-05-26 01:00:00,0,0,0
2014-05-26 02:00:00,0,0,0
2014-05-26 03:00:00,0,0,0
2014-05-26 04:00:00,0,0,0
2014-05-26 05:00:00,5,3,2
2014-05-26 06:00:00,8,3,5
2014-05-26 07:00:00,15,10,5
2014-05-26 08:00:00,40,26,14
2014-05-26 09:00:00,52,27,25
2014-05-26 10:00:00,98,64,34
2014-05-26 11:00:00,200,124,76
2014-05-26 12:00:00,230,124,106
2014-05-26 13:00:00,289,129,160
2014-05-26 14:00:00,208,106,102
2014-05-26 15:00:00,190,92,98
2014-05-26 16:00:00,164,70,94
2014-05-26 17:00:00,144,75,69
2014-05-26 18:00:00,115,42,73
2014-05-26 19:00:00,70,26,44
2014-05-26 20:00:00,41,23,18
2014-05-26 21:00:00,4,2,2
2014-05-26 22:00:00,2,2,0
2014-05-26 23:00:00,0,0,0
2014-05-27 00:00:00,0,0,0
2014-05-27 01:00:00,0,0,0
2014-05-27 02:00:00,0,0,0
2014-05-27 03:00:00,0,0,0
2014-05-27 04:00:00,6,0,6
2014-05-27 05:00:00,24,5,19
2014-05-27 06:00:00,35,10,25
2014-05-27 07:00:00,130,28,102
2014-05-27 08:00:00,115,25,90
2014-05-27 09:00:00,72,25,47
2014-05-27 10:00:00,63,39,24
2014-05-27 11:00:00,67,29,38
2014-05-27 12:00:00,65,34,31
2014-05-27 13:00:00,74,40,34
2014-05-27 14:00:00,77,42,35
2014-05-27 15:00:00,108,70,38
2014-05-27 16:00:00,152,98,54
2014-05-27 17:00:00,248,180,68
2014-05-27 18:00:00,228,136,92
2014-05-27 19:00:00,137,69,68
2014-05-27 20:00:00,58,28,30
2014-05-27 21:00:00,26,14,12
2014-05-27 22:00:00,6,0,6
2014-05-27 23:00:00,4,1,3
2014-05-28 00:00:00,0,0,0
2014-05-28 01:00:00,0,0,0
2014-05-28 02:00:00,2,1,1
2014-05-28 03:00:00,0,0,0
2014-05-28 04:00:00,5,0,5
2014-05-28 05:00:00,13,3,10
2014-05-28 06:00:00,38,8,30
2014-05-28 07:00:00,98,18,80
2014-05-28 08:00:00,75,26,49
2014-05-28 09:00:00,68,28,40
2014-05-28 10:00:00,50,24,26
2014-05-28 11:00:00,42,19,23
2014-05-28 12:00:00,36,15,21
2014-05-28 13:00:00,46,23,23
2014-05-28 14:00:00,86,36,50
2014-05-28 15:00:00,78,49,29
2014-05-28 16:00:00,77,54,23
2014-05-28 17:00:00,151,108,43
2014-05-28 18:00:00,102,70,32
2014-05-28 19:00:00,68,42,26
2014-05-28 20:00:00,22,12,10
2014-05-28 21:00:00,3,1,2
2014-05-28 22:00:00,4,3,1
2014-05-28 23:00:00,2,2,0
2014-05-29 00:00:00,1,1,0
2014-05-29 01:00:00,0,0,0
2014-05-29 02:00:00,0,0,0
2014-05-29 03:00:00,1,0,1
2014-05-29 04:00:00,3,0,3
2014-05-29 05:00:00,18,4,14
2014-05-29 06:00:00,51,7,44
2014-05-29 07:00:00,92,21,71
2014-05-29 08:00:00,88,20,68
2014-05-29 09:00:00,52,19,33
2014-05-29 10:00:00,42,21,21
2014-05-29 11:00:00,29,12,17
2014-05-29 12:00:00,33,20,13
2014-05-29 13:00:00,41,19,22
2014-05-29 14:00:00,50,26,24
2014-05-29 15:00:00,65,37,28
2014-05-29 16:00:00,120,86,34
2014-05-29 17:00:00,182,132,50
2014-05-29 18:00:00,125,79,46
2014-05-29 19:00:00,92,54,38
2014-05-29 20:00:00,49,29,20
2014-05-29 21:00:00,18,6,12
2014-05-29 22:00:00,2,1,1
2014-05-29 23:00:00,3,2,1
2014-05-30 00:00:00,0,0,0
2014-05-30 01:00:00,1,1,0
2014-05-30 02:00:00,0,0,0
2014-05-30 03:00:00,0,0,0
2014-05-30 04:00:00,5,2,3
2014-05-30 05:00:00,27,10,17
2014-05-30 06:00:00,67,13,54
2014-05-30 07:00:00,134,36,98
2014-05-30 08:00:00,119,29,90
2014-05-30 09:00:00,84,37,47
2014-05-30 10:00:00,79,34,45
2014-05-30 11:00:00,78,36,42
2014-05-30 12:00:00,101,55,46
2014-05-30 13:00:00,96,63,33
2014-05-30 14:00:00,126,64,62
2014-05-30 15:00:00,144,77,67
2014-05-30 16:00:00,188,123,65
2014-05-30 17:00:00,232,148,84
2014-05-30 18:00:00,184,116,68
2014-05-30 19:00:00,113,58,55
2014-05-30 20:00:00,60,29,31
2014-05-30 21:00:00,24,12,12
2014-05-30 22:00:00,12,6,6
2014-05-30 23:00:00,2,1,1
2014-05-31 00:00:00,1,1,0
2014-05-31 01:00:00,1,1,0
2014-05-31 02:00:00,1,0,1
2014-05-31 03:00:00,0,0,0
2014-05-31 04:00:00,3,2,1
2014-05-31 05:00:00,13,6,7
2014-05-31 06:00:00,14,7,7
2014-05-31 07:00:00,41,20,21
2014-05-31 08:00:00,101,80,21
2014-05-31 09:00:00,159,88,71
2014-05-31 10:00:00,230,146,84
2014-05-31 11:00:00,308,180,128
2014-05-31 12:00:00,327,147,180
2014-05-31 13:00:00,342,186,156
2014-05-31 14:00:00,304,161,143
2014-05-31 15:00:00,341,176,165
2014-05-31 16:00:00,294,125,169
2014-05-31 17:00:00,238,97,141
2014-05-31 18:00:00,142,52,90
2014-05-31 19:00:00,98,39,59
2014-05-31 20:00:00,61,21,40
2014-05-31 21:00:00,25,9,16
2014-05-31 22:00:00,7,3,4
2014-05-31 23:00:00,3,1,2
2014-06-01 00:00:00,1,0,1
2014-06-01 01:00:00,0,0,0
2014-06-01 02:00:00,2,0,2
2014-06-01 03:00:00,1,1,0
2014-06-01 04:00:00,0,0,0
2014-06-01 05:00:00,3,1,2
2014-06-01 06:00:00,12,10,2
2014-06-01 07:00:00,32,25,7
2014-06-01 08:00:00,86,49,37
2014-06-01 09:00:00,133,69,64
2014-06-01 10:00:00,206,120,86
2014-06-01 11:00:00,284,170,114
2014-06-01 12:00:00,235,134,101
2014-06-01 13:00:00,265,139,126
2014-06-01 14:00:00,325,158,167
2014-06-01 15:00:00,336,147,189
2014-06-01 16:00:00,302,136,166
2014-06-01 17:00:00,206,81,125
2014-06-01 18:00:00,159,63,96
2014-06-01 19:00:00,89,37,52
2014-06-01 20:00:00,54,22,32
2014-06-01 21:00:00,17,10,7
2014-06-01 22:00:00,4,1,3
2014-06-01 23:00:00,1,1,0
2014-06-02 00:00:00,0,0,0
2014-06-02 01:00:00,0,0,0
2014-06-02 02:00:00,1,1,0
2014-06-02 03:00:00,1,0,1
2014-06-02 04:00:00,4,0,4
2014-06-02 05:00:00,14,4,10
2014-06-02 06:00:00,52,8,44
2014-06-02 07:00:00,99,26,73
2014-06-02 08:00:00,126,35,91
2014-06-02 09:00:00,90,36,54
2014-06-02 10:00:00,74,43,31
2014-06-02 11:00:00,84,43,41
2014-06-02 12:00:00,83,43,40
2014-06-02 13:00:00,96,53,43
2014-06-02 14:00:00,86,41,45
2014-06-02 15:00:00,86,56,30
2014-06-02 16:00:00,171,115,56
2014-06-02 17:00:00,262,177,85
2014-06-02 18:00:00,236,144,92
2014-06-02 19:00:00,118,59,59
2014-06-02 20:00:00,76,27,49
2014-06-02 21:00:00,11,6,5
2014-06-02 22:00:00,6,2,4
2014-06-02 23:00:00,1,0,1
2014-06-03 00:00:00,0,0,0
2014-06-03 01:00:00,1,1,0
2014-06-03 02:00:00,1,0,1
2014-06-03 03:00:00,0,0,0
2014-06-03 04:00:00,3,0,3
2014-06-03 05:00:00,22,5,17
2014-06-03 06:00:00,59,14,45
2014-06-03 07:00:00,110,20,90
2014-06-03 08:00:00,107,21,86
2014-06-03 09:00:00,84,32,52
2014-06-03 10:00:00,47,26,21
2014-06-03 11:00:00,64,27,37
2014-06-03 12:00:00,52,31,21
2014-06-03 13:00:00,77,45,32
2014-06-03 14:00:00,80,45,35
2014-06-03 15:00:00,64,28,36
2014-06-03 16:00:00,116,82,34
2014-06-03 17:00:00,189,137,52
2014-06-03 18:00:00,188,125,63
2014-06-03 19:00:00,123,74,49
2014-06-03 20:00:00,72,28,44
2014-06-03 21:00:00,35,16,19
2014-06-03 22:00:00,3,1,2
2014-06-03 23:00:00,2,2,0
2014-06-04 00:00:00,0,0,0
2014-06-04 01:00:00,0,0,0
2014-06-04 02:00:00,1,1,0
2014-06-04 03:00:00,1,0,1
2014-06-04 04:00:00,6,0,6
2014-06-04 05:00:00,21,6,15
2014-06-04 06:00:00,47,9,38
2014-06-04 07:00:00,95,28,67
2014-06-04 08:00:00,106,26,80
2014-06-04 09:00:00,85,34,51
2014-06-04 10:00:00,59,29,30
2014-06-04 11:00:00,64,37,27
2014-06-04 12:00:00,51,30,21
2014-06-04 13:00:00,52,22,30
2014-06-04 14:00:00,63,33,30
2014-06-04 15:00:00,80,49,31
2014-06-04 16:00:00,147,96,51
2014-06-04 17:00:00,240,158,82
2014-06-04 18:00:00,220,139,81
2014-06-04 19:00:00,126,59,67
2014-06-04 20:00:00,93,35,58
2014-06-04 21:00:00,26,10,16
2014-06-04 22:00:00,9,4,5
2014-06-04 23:00:00,2,1,1
2014-06-05 00:00:00,3,3,0
2014-06-05 01:00:00,0,0,0
2014-06-05 02:00:00,1,0,1
2014-06-05 03:00:00,2,0,2
2014-06-05 04:00:00,5,1,4
2014-06-05 05:00:00,17,3,14
2014-06-05 06:00:00,53,18,35
2014-06-05 07:00:00,105,24,81
2014-06-05 08:00:00,102,24,78
2014-06-05 09:00:00,85,27,58
2014-06-05 10:00:00,65,30,35
2014-06-05 11:00:00,66,30,36
2014-06-05 12:00:00,77,41,36
2014-06-05 13:00:00,62,36,26
2014-06-05 14:00:00,104,58,46
2014-06-05 15:00:00,97,55,42
2014-06-05 16:00:00,184,113,71
2014-06-05 17:00:00,240,163,77
2014-06-05 18:00:00,210,125,85
2014-06-05 19:00:00,109,57,52
2014-06-05 20:00:00,82,38,44
2014-06-05 21:00:00,28,14,14
2014-06-05 22:00:00,1,1,0
2014-06-05 23:00:00,3,3,0
2014-06-06 00:00:00,0,0,0
2014-06-06 01:00:00,3,0,3
2014-06-06 02:00:00,1,0,1
2014-06-06 03:00:00,1,0,1
2014-06-06 04:00:00,3,0,3
2014-06-06 05:00:00,18,7,11
2014-06-06 06:00:00,60,18,42
2014-06-06 07:00:00,100,24,76
2014-06-06 08:00:00,79,14,65
2014-06-06 09:00:00,83,37,46
2014-06-06 10:00:00,81,44,37
2014-06-06 11:00:00,91,39,52
2014-06-06 12:00:00,89,42,47
2014-06-06 13:00:00,119,71,48
2014-06-06 14:00:00,100,53,47
2014-06-06 15:00:00,125,65,60
2014-06-06 16:00:00,174,111,63
2014-06-06 17:00:00,229,143,86
2014-06-06 18:00:00,163,84,79
2014-06-06 19:00:00,114,62,52
2014-06-06 20:00:00,63,22,41
2014-06-06 21:00:00,22,13,9
2014-06-06 22:00:00,12,8,4
2014-06-06 23:00:00,8,5,3
2014-06-07 00:00:00,2,2,0
2014-06-07 01:00:00,3,3,0
2014-06-07 02:00:00,2,0,2
2014-06-07 03:00:00,0,0,0
2014-06-07 04:00:00,1,0,1
2014-06-07 05:00:00,4,3,1
2014-06-07 06:00:00,18,7,11
2014-06-07 07:00:00,49,37,12
2014-06-07 08:00:00,105,65,40
2014-06-07 09:00:00,197,115,82
2014-06-07 10:00:00,254,168,86
2014-06-07 11:00:00,335,188,147
2014-06-07 12:00:00,321,161,160
2014-06-07 13:00:00,344,168,176
2014-06-07 14:00:00,283,175,108
2014-06-07 15:00:00,283,134,149
2014-06-07 16:00:00,245,114,131
2014-06-07 17:00:00,196,72,124
2014-06-07 18:00:00,132,59,73
2014-06-07 19:00:00,104,39,65
2014-06-07 20:00:00,34,11,23
2014-06-07 21:00:00,27,8,19
2014-06-07 22:00:00,6,1,5
2014-06-07 23:00:00,2,1,1
2014-06-08 00:00:00,1,1,0
2014-06-08 01:00:00,4,0,4
2014-06-08 02:00:00,0,0,0
2014-06-08 03:00:00,4,3,1
2014-06-08 04:00:00,4,3,1
2014-06-08 05:00:00,11,7,4
2014-06-08 06:00:00,16,9,7
2014-06-08 07:00:00,37,22,15
2014-06-08 08:00:00,101,55,46
2014-06-08 09:00:00,162,103,59
2014-06-08 10:00:00,553,463,90
2014-06-08 11:00:00,472,254,218
2014-06-08 12:00:00,466,133,333
2014-06-08 13:00:00,383,147,236
2014-06-08 14:00:00,330,158,172
2014-06-08 15:00:00,359,182,177
2014-06-08 16:00:00,268,122,146
2014-06-08 17:00:00,206,105,101
2014-06-08 18:00:00,168,64,104
2014-06-08 19:00:00,81,33,48
2014-06-08 20:00:00,34,14,20
2014-06-08 21:00:00,22,10,12
2014-06-08 22:00:00,1,1,0
2014-06-08 23:00:00,5,5,0
2014-06-09 00:00:00,0,0,0
2014-06-09 01:00:00,0,0,0
2014-06-09 02:00:00,2,0,2
2014-06-09 03:00:00,0,0,0
2014-06-09 04:00:00,6,1,5
2014-06-09 05:00:00,12,2,10
2014-06-09 06:00:00,27,6,21
2014-06-09 07:00:00,77,15,62
2014-06-09 08:00:00,87,25,62
2014-06-09 09:00:00,88,32,56
2014-06-09 10:00:00,62,26,36
2014-06-09 11:00:00,48,22,26
2014-06-09 12:00:00,43,24,19
2014-06-09 13:00:00,66,30,36
2014-06-09 14:00:00,72,37,35
2014-06-09 15:00:00,72,39,33
2014-06-09 16:00:00,125,83,42
2014-06-09 17:00:00,176,119,57
2014-06-09 18:00:00,140,101,39
2014-06-09 19:00:00,88,58,30
2014-06-09 20:00:00,51,28,23
2014-06-09 21:00:00,23,8,15
2014-06-09 22:00:00,10,6,4
2014-06-09 23:00:00,4,4,0
2014-06-10 00:00:00,1,0,1
2014-06-10 01:00:00,0,0,0
2014-06-10 02:00:00,0,0,0
2014-06-10 03:00:00,0,0,0
2014-06-10 04:00:00,4,0,4
2014-06-10 05:00:00,15,4,11
2014-06-10 06:00:00,49,9,40
2014-06-10 07:00:00,103,25,78
2014-06-10 08:00:00,94,31,63
2014-06-10 09:00:00,69,34,35
2014-06-10 10:00:00,47,20,27
2014-06-10 11:00:00,60,37,23
2014-06-10 12:00:00,61,23,38
2014-06-10 13:00:00,53,29,24
2014-06-10 14:00:00,81,47,34
2014-06-10 15:00:00,121,85,36
2014-06-10 16:00:00,119,76,43
2014-06-10 17:00:00,177,127,50
2014-06-10 18:00:00,177,104,73
2014-06-10 19:00:00,104,56,48
2014-06-10 20:00:00,40,17,23
2014-06-10 21:00:00,26,8,18
2014-06-10 22:00:00,10,3,7
2014-06-10 23:00:00,10,1,9
2014-06-11 00:00:00,1,1,0
2014-06-11 01:00:00,1,1,0
2014-06-11 02:00:00,2,1,1
2014-06-11 03:00:00,1,0,1
2014-06-11 04:00:00,6,0,6
2014-06-11 05:00:00,18,4,14
2014-06-11 06:00:00,54,14,40
2014-06-11 07:00:00,102,19,83
2014-06-11 08:00:00,116,28,88
2014-06-11 09:00:00,89,47,42
2014-06-11 10:00:00,73,39,34
2014-06-11 11:00:00,95,44,51
2014-06-11 12:00:00,78,33,45
2014-06-11 13:00:00,122,62,60
2014-06-11 14:00:00,93,48,45
2014-06-11 15:00:00,106,60,46
2014-06-11 16:00:00,168,108,60
2014-06-11 17:00:00,242,162,80
2014-06-11 18:00:00,234,153,81
2014-06-11 19:00:00,152,86,66
2014-06-11 20:00:00,89,35,54
2014-06-11 21:00:00,33,12,21
2014-06-11 22:00:00,14,9,5
2014-06-11 23:00:00,2,0,2
2014-06-12 00:00:00,10,5,5
2014-06-12 01:00:00,1,0,1
2014-06-12 02:00:00,0,0,0
2014-06-12 03:00:00,1,1,0
2014-06-12 04:00:00,4,0,4
2014-06-12 05:00:00,10,5,5
2014-06-12 06:00:00,38,9,29
2014-06-12 07:00:00,80,20,60
2014-06-12 08:00:00,73,22,51
2014-06-12 09:00:00,66,28,38
2014-06-12 10:00:00,48,30,18
2014-06-12 11:00:00,49,22,27
2014-06-12 12:00:00,27,14,13
2014-06-12 13:00:00,45,19,26
2014-06-12 14:00:00,54,31,23
2014-06-12 15:00:00,60,33,27
2014-06-12 16:00:00,95,58,37
2014-06-12 17:00:00,148,94,54
2014-06-12 18:00:00,122,91,31
2014-06-12 19:00:00,55,34,21
2014-06-12 20:00:00,20,11,9
2014-06-12 21:00:00,6,4,2
2014-06-12 22:00:00,9,4,5
2014-06-12 23:00:00,3,0,3
2014-06-13 00:00:00,0,0,0
2014-06-13 01:00:00,0,0,0
2014-06-13 02:00:00,1,1,0
2014-06-13 03:00:00,0,0,0
2014-06-13 04:00:00,2,0,2
2014-06-13 05:00:00,7,2,5
2014-06-13 06:00:00,21,3,18
2014-06-13 07:00:00,46,10,36
2014-06-13 08:00:00,45,15,30
2014-06-13 09:00:00,30,14,16
2014-06-13 10:00:00,15,7,8
2014-06-13 11:00:00,19,6,13
2014-06-13 12:00:00,19,9,10
2014-06-13 13:00:00,23,16,7
2014-06-13 14:00:00,27,18,9
2014-06-13 15:00:00,38,21,17
2014-06-13 16:00:00,58,34,24
2014-06-13 17:00:00,77,54,23
2014-06-13 18:00:00,51,34,17
2014-06-13 19:00:00,36,19,17
2014-06-13 20:00:00,12,9,3
2014-06-13 21:00:00,9,3,6
2014-06-13 22:00:00,2,0,2
2014-06-13 23:00:00,4,2,2
2014-06-14 00:00:00,1,1,0
2014-06-14 01:00:00,0,0,0
2014-06-14 02:00:00,0,0,0
2014-06-14 03:00:00,0,0,0
2014-06-14 04:00:00,1,1,0
2014-06-14 05:00:00,5,1,4
2014-06-14 06:00:00,17,10,7
2014-06-14 07:00:00,47,29,18
2014-06-14 08:00:00,69,44,25
2014-06-14 09:00:00,111,61,50
2014-06-14 10:00:00,162,91,71
2014-06-14 11:00:00,170,99,71
2014-06-14 12:00:00,172,101,71
2014-06-14 13:00:00,155,94,61
2014-06-14 14:00:00,171,86,85
2014-06-14 15:00:00,172,73,99
2014-06-14 16:00:00,116,48,68
2014-06-14 17:00:00,136,50,86
2014-06-14 18:00:00,80,36,44
2014-06-14 19:00:00,51,20,31
2014-06-14 20:00:00,25,15,10
2014-06-14 21:00:00,10,4,6
2014-06-14 22:00:00,2,0,2
2014-06-14 23:00:00,1,1,0
2014-06-15 00:00:00,0,0,0
2014-06-15 01:00:00,0,0,0
2014-06-15 02:00:00,0,0,0
2014-06-15 03:00:00,0,0,0
2014-06-15 04:00:00,0,0,0
2014-06-15 05:00:00,3,1,2
2014-06-15 06:00:00,9,6,3
2014-06-15 07:00:00,35,22,13
2014-06-15 08:00:00,59,33,26
2014-06-15 09:00:00,62,38,24
2014-06-15 10:00:00,110,69,41
2014-06-15 11:00:00,143,90,53
2014-06-15 12:00:00,141,64,77
2014-06-15 13:00:00,156,59,97
2014-06-15 14:00:00,149,82,67
2014-06-15 15:00:00,102,44,58
2014-06-15 16:00:00,118,63,55
2014-06-15 17:00:00,73,32,41
2014-06-15 18:00:00,54,28,26
2014-06-15 19:00:00,16,6,10
2014-06-15 20:00:00,3,1,2
2014-06-15 21:00:00,5,2,3
2014-06-15 22:00:00,0,0,0
2014-06-15 23:00:00,0,0,0
2014-06-16 00:00:00,0,0,0
2014-06-16 01:00:00,0,0,0
2014-06-16 02:00:00,1,0,1
2014-06-16 03:00:00,0,0,0
2014-06-16 04:00:00,2,0,2
2014-06-16 05:00:00,8,1,7
2014-06-16 06:00:00,25,9,16
2014-06-16 07:00:00,46,10,36
2014-06-16 08:00:00,53,12,41
2014-06-16 09:00:00,71,45,26
2014-06-16 10:00:00,22,11,11
2014-06-16 11:00:00,21,11,10
2014-06-16 12:00:00,29,17,12
2014-06-16 13:00:00,52,22,30
2014-06-16 14:00:00,47,25,22
2014-06-16 15:00:00,43,28,15
2014-06-16 16:00:00,79,56,23
2014-06-16 17:00:00,112,76,36
2014-06-16 18:00:00,113,71,42
2014-06-16 19:00:00,90,45,45
2014-06-16 20:00:00,65,27,38
2014-06-16 21:00:00,18,5,13
2014-06-16 22:00:00,1,1,0
2014-06-16 23:00:00,3,2,1
2014-06-17 00:00:00,1,1,0
2014-06-17 01:00:00,0,0,0
2014-06-17 02:00:00,0,0,0
2014-06-17 03:00:00,0,0,0
2014-06-17 04:00:00,0,0,0
2014-06-17 05:00:00,15,3,12
2014-06-17 06:00:00,26,5,21
2014-06-17 07:00:00,79,15,64
2014-06-17 08:00:00,77,26,51
2014-06-17 09:00:00,69,35,34
2014-06-17 10:00:00,36,20,16
2014-06-17 11:00:00,33,15,18
2014-06-17 12:00:00,34,18,16
2014-06-17 13:00:00,66,37,29
2014-06-17 14:00:00,55,36,19
2014-06-17 15:00:00,85,40,45
2014-06-17 16:00:00,110,72,38
2014-06-17 17:00:00,229,150,79
2014-06-17 18:00:00,156,105,51
2014-06-17 19:00:00,91,51,40
2014-06-17 20:00:00,41,12,29
2014-06-17 21:00:00,24,11,13
2014-06-17 22:00:00,4,3,1
2014-06-17 23:00:00,3,1,2
2014-06-18 00:00:00,4,3,1
2014-06-18 01:00:00,3,0,3
2014-06-18 02:00:00,1,1,0
2014-06-18 03:00:00,1,0,1
2014-06-18 04:00:00,6,0,6
2014-06-18 05:00:00,13,5,8
2014-06-18 06:00:00,46,8,38
2014-06-18 07:00:00,113,37,76
2014-06-18 08:00:00,105,31,74
2014-06-18 09:00:00,79,30,49
2014-06-18 10:00:00,40,21,19
2014-06-18 11:00:00,47,28,19
2014-06-18 12:00:00,63,27,36
2014-06-18 13:00:00,62,29,33
2014-06-18 14:00:00,63,42,21
2014-06-18 15:00:00,97,51,46
2014-06-18 16:00:00,119,75,44
2014-06-18 17:00:00,229,146,83
2014-06-18 18:00:00,223,148,75
2014-06-18 19:00:00,147,80,67
2014-06-18 20:00:00,90,36,54
2014-06-18 21:00:00,37,21,16
2014-06-18 22:00:00,7,3,4
2014-06-18 23:00:00,3,3,0
2014-06-19 00:00:00,1,1,0
2014-06-19 01:00:00,0,0,0
2014-06-19 02:00:00,0,0,0
2014-06-19 03:00:00,1,0,1
2014-06-19 04:00:00,3,0,3
2014-06-19 05:00:00,10,4,6
2014-06-19 06:00:00,34,8,26
2014-06-19 07:00:00,91,25,66
2014-06-19 08:00:00,109,30,79
2014-06-19 09:00:00,79,37,42
2014-06-19 10:00:00,45,16,29
2014-06-19 11:00:00,82,44,38
2014-06-19 12:00:00,80,46,34
2014-06-19 13:00:00,90,41,49
2014-06-19 14:00:00,103,57,46
2014-06-19 15:00:00,107,58,49
2014-06-19 16:00:00,149,93,56
2014-06-19 17:00:00,236,148,88
2014-06-19 18:00:00,192,101,91
2014-06-19 19:00:00,110,56,54
2014-06-19 20:00:00,55,24,31
2014-06-19 21:00:00,12,4,8
2014-06-19 22:00:00,16,7,9
2014-06-19 23:00:00,1,1,0
2014-06-20 00:00:00,0,0,0
2014-06-20 01:00:00,0,0,0
2014-06-20 02:00:00,1,0,1
2014-06-20 03:00:00,0,0,0
2014-06-20 04:00:00,4,0,4
2014-06-20 05:00:00,12,5,7
2014-06-20 06:00:00,37,15,22
2014-06-20 07:00:00,80,21,59
2014-06-20 08:00:00,78,28,50
2014-06-20 09:00:00,75,31,44
2014-06-20 10:00:00,49,22,27
2014-06-20 11:00:00,63,34,29
2014-06-20 12:00:00,67,32,35
2014-06-20 13:00:00,75,32,43
2014-06-20 14:00:00,103,66,37
2014-06-20 15:00:00,101,58,43
2014-06-20 16:00:00,125,68,57
2014-06-20 17:00:00,176,106,70
2014-06-20 18:00:00,111,81,30
2014-06-20 19:00:00,82,45,37
2014-06-20 20:00:00,74,27,47
2014-06-20 21:00:00,16,4,12
2014-06-20 22:00:00,5,4,1
2014-06-20 23:00:00,5,3,2
2014-06-21 00:00:00,2,2,0
2014-06-21 01:00:00,0,0,0
2014-06-21 02:00:00,1,0,1
2014-06-21 03:00:00,0,0,0
2014-06-21 04:00:00,2,2,0
2014-06-21 05:00:00,5,4,1
2014-06-21 06:00:00,32,25,7
2014-06-21 07:00:00,81,63,18
2014-06-21 08:00:00,152,103,49
2014-06-21 09:00:00,211,127,84
2014-06-21 10:00:00,277,158,119
2014-06-21 11:00:00,307,167,140
2014-06-21 12:00:00,403,173,230
2014-06-21 13:00:00,339,140,199
2014-06-21 14:00:00,366,136,230
2014-06-21 15:00:00,304,107,197
2014-06-21 16:00:00,252,141,111
2014-06-21 17:00:00,263,147,116
2014-06-21 18:00:00,212,141,71
2014-06-21 19:00:00,137,80,57
2014-06-21 20:00:00,79,50,29
2014-06-21 21:00:00,27,20,7
2014-06-21 22:00:00,11,10,1
2014-06-21 23:00:00,1,1,0
2014-06-22 00:00:00,0,0,0
2014-06-22 01:00:00,2,2,0
2014-06-22 02:00:00,0,0,0
2014-06-22 03:00:00,1,0,1
2014-06-22 04:00:00,0,0,0
2014-06-22 05:00:00,2,0,2
2014-06-22 06:00:00,16,10,6
2014-06-22 07:00:00,69,45,24
2014-06-22 08:00:00,117,72,45
2014-06-22 09:00:00,179,99,80
2014-06-22 10:00:00,249,166,83
2014-06-22 11:00:00,319,195,124
2014-06-22 12:00:00,311,151,160
2014-06-22 13:00:00,326,166,160
2014-06-22 14:00:00,303,134,169
2014-06-22 15:00:00,226,105,121
2014-06-22 16:00:00,210,92,118
2014-06-22 17:00:00,152,79,73
2014-06-22 18:00:00,135,56,79
2014-06-22 19:00:00,102,54,48
2014-06-22 20:00:00,59,21,38
2014-06-22 21:00:00,28,8,20
2014-06-22 22:00:00,4,2,2
2014-06-22 23:00:00,7,1,6
2014-06-23 00:00:00,1,1,0
2014-06-23 01:00:00,0,0,0
2014-06-23 02:00:00,0,0,0
2014-06-23 03:00:00,0,0,0
2014-06-23 04:00:00,4,0,4
2014-06-23 05:00:00,16,6,10
2014-06-23 06:00:00,37,6,31
2014-06-23 07:00:00,99,24,75
2014-06-23 08:00:00,108,30,78
2014-06-23 09:00:00,86,37,49
2014-06-23 10:00:00,85,46,39
2014-06-23 11:00:00,91,35,56
2014-06-23 12:00:00,128,68,60
2014-06-23 13:00:00,134,71,63
2014-06-23 14:00:00,136,59,77
2014-06-23 15:00:00,104,54,50
2014-06-23 16:00:00,165,107,58
2014-06-23 17:00:00,229,163,66
2014-06-23 18:00:00,176,115,61
2014-06-23 19:00:00,117,57,60
2014-06-23 20:00:00,58,32,26
2014-06-23 21:00:00,18,5,13
2014-06-23 22:00:00,10,1,9
2014-06-23 23:00:00,1,1,0
2014-06-24 00:00:00,0,0,0
2014-06-24 01:00:00,0,0,0
2014-06-24 02:00:00,0,0,0
2014-06-24 03:00:00,0,0,0
2014-06-24 04:00:00,2,0,2
2014-06-24 05:00:00,16,6,10
2014-06-24 06:00:00,29,7,22
2014-06-24 07:00:00,92,20,72
2014-06-24 08:00:00,99,34,65
2014-06-24 09:00:00,75,32,43
2014-06-24 10:00:00,46,24,22
2014-06-24 11:00:00,54,28,26
2014-06-24 12:00:00,55,28,27
2014-06-24 13:00:00,86,41,45
2014-06-24 14:00:00,66,45,21
2014-06-24 15:00:00,101,49,52
2014-06-24 16:00:00,161,102,59
2014-06-24 17:00:00,237,145,92
2014-06-24 18:00:00,192,118,74
2014-06-24 19:00:00,123,70,53
2014-06-24 20:00:00,68,28,40
2014-06-24 21:00:00,44,23,21
2014-06-24 22:00:00,12,4,8
2014-06-24 23:00:00,0,0,0
2014-06-25 00:00:00,1,1,0
2014-06-25 01:00:00,0,0,0
2014-06-25 02:00:00,1,1,0
2014-06-25 03:00:00,2,0,2
2014-06-25 04:00:00,3,0,3
2014-06-25 05:00:00,17,5,12
2014-06-25 06:00:00,53,18,35
2014-06-25 07:00:00,106,17,89
2014-06-25 08:00:00,93,25,68
2014-06-25 09:00:00,108,51,57
2014-06-25 10:00:00,82,51,31
2014-06-25 11:00:00,85,43,42
2014-06-25 12:00:00,86,40,46
2014-06-25 13:00:00,111,53,58
2014-06-25 14:00:00,116,75,41
2014-06-25 15:00:00,153,69,84
2014-06-25 16:00:00,195,125,70
2014-06-25 17:00:00,231,151,80
2014-06-25 18:00:00,209,108,101
2014-06-25 19:00:00,166,95,71
2014-06-25 20:00:00,92,36,56
2014-06-25 21:00:00,35,16,19
2014-06-25 22:00:00,14,5,9
2014-06-25 23:00:00,4,2,2
2014-06-26 00:00:00,2,2,0
2014-06-26 01:00:00,0,0,0
2014-06-26 02:00:00,0,0,0
2014-06-26 03:00:00,2,0,2
2014-06-26 04:00:00,3,0,3
2014-06-26 05:00:00,10,2,8
2014-06-26 06:00:00,39,8,31
2014-06-26 07:00:00,70,24,46
2014-06-26 08:00:00,84,27,57
2014-06-26 09:00:00,62,33,29
2014-06-26 10:00:00,38,20,18
2014-06-26 11:00:00,64,34,30
2014-06-26 12:00:00,82,54,28
2014-06-26 13:00:00,67,40,27
2014-06-26 14:00:00,97,49,48
2014-06-26 15:00:00,83,35,48
2014-06-26 16:00:00,110,72,38
2014-06-26 17:00:00,165,103,62
2014-06-26 18:00:00,171,100,71
2014-06-26 19:00:00,112,68,44
2014-06-26 20:00:00,59,25,34
2014-06-26 21:00:00,27,9,18
2014-06-26 22:00:00,5,2,3
2014-06-26 23:00:00,1,0,1
2014-06-27 00:00:00,1,1,0
2014-06-27 01:00:00,0,0,0
2014-06-27 02:00:00,0,0,0
2014-06-27 03:00:00,0,0,0
2014-06-27 04:00:00,2,0,2
2014-06-27 05:00:00,11,2,9
2014-06-27 06:00:00,27,7,20
2014-06-27 07:00:00,47,12,35
2014-06-27 08:00:00,58,19,39
2014-06-27 09:00:00,52,24,28
2014-06-27 10:00:00,39,23,16
2014-06-27 11:00:00,36,19,17
2014-06-27 12:00:00,40,15,25
2014-06-27 13:00:00,40,24,16
2014-06-27 14:00:00,57,32,25
2014-06-27 15:00:00,66,37,29
2014-06-27 16:00:00,99,54,45
2014-06-27 17:00:00,120,84,36
2014-06-27 18:00:00,88,51,37
2014-06-27 19:00:00,56,28,28
2014-06-27 20:00:00,29,16,13
2014-06-27 21:00:00,12,6,6
2014-06-27 22:00:00,7,5,2
2014-06-27 23:00:00,0,0,0
2014-06-28 00:00:00,0,0,0
2014-06-28 01:00:00,0,0,0
2014-06-28 02:00:00,0,0,0
2014-06-28 03:00:00,0,0,0
2014-06-28 04:00:00,0,0,0
2014-06-28 05:00:00,6,4,2
2014-06-28 06:00:00,16,10,6
2014-06-28 07:00:00,38,21,17
2014-06-28 08:00:00,100,75,25
2014-06-28 09:00:00,122,74,48
2014-06-28 10:00:00,152,77,75
2014-06-28 11:00:00,206,129,77
2014-06-28 12:00:00,191,101,90
2014-06-28 13:00:00,164,103,61
2014-06-28 14:00:00,127,62,65
2014-06-28 15:00:00,146,79,67
2014-06-28 16:00:00,110,48,62
2014-06-28 17:00:00,170,74,96
2014-06-28 18:00:00,89,28,61
2014-06-28 19:00:00,71,25,46
2014-06-28 20:00:00,55,28,27
2014-06-28 21:00:00,10,2,8
2014-06-28 22:00:00,7,5,2
2014-06-28 23:00:00,3,2,1
2014-06-29 00:00:00,0,0,0
2014-06-29 01:00:00,0,0,0
2014-06-29 02:00:00,0,0,0
2014-06-29 03:00:00,0,0,0
2014-06-29 04:00:00,1,1,0
2014-06-29 05:00:00,4,3,1
2014-06-29 06:00:00,11,5,6
2014-06-29 07:00:00,37,26,11
2014-06-29 08:00:00,90,69,21
2014-06-29 09:00:00,158,104,54
2014-06-29 10:00:00,184,101,83
2014-06-29 11:00:00,213,106,107
2014-06-29 12:00:00,222,125,97
2014-06-29 13:00:00,227,111,116
2014-06-29 14:00:00,278,145,133
2014-06-29 15:00:00,235,110,125
2014-06-29 16:00:00,210,103,107
2014-06-29 17:00:00,188,90,98
2014-06-29 18:00:00,128,48,80
2014-06-29 19:00:00,86,38,48
2014-06-29 20:00:00,62,19,43
2014-06-29 21:00:00,26,10,16
2014-06-29 22:00:00,8,5,3
2014-06-29 23:00:00,4,3,1
2014-06-30 00:00:00,4,2,2
2014-06-30 01:00:00,0,0,0
2014-06-30 02:00:00,0,0,0
2014-06-30 03:00:00,0,0,0
2014-06-30 04:00:00,4,0,4
2014-06-30 05:00:00,15,6,9
2014-06-30 06:00:00,39,9,30
2014-06-30 07:00:00,106,27,79
2014-06-30 08:00:00,113,33,80
2014-06-30 09:00:00,77,28,49
2014-06-30 10:00:00,73,42,31
2014-06-30 11:00:00,96,50,46
2014-06-30 12:00:00,90,28,62
2014-06-30 13:00:00,125,73,52
2014-06-30 14:00:00,120,61,59
2014-06-30 15:00:00,137,80,57
2014-06-30 16:00:00,202,104,98
2014-06-30 17:00:00,264,181,83
2014-06-30 18:00:00,216,135,81
2014-06-30 19:00:00,148,71,77
2014-06-30 20:00:00,96,48,48
2014-06-30 21:00:00,38,12,26
2014-06-30 22:00:00,13,2,11
2014-06-30 23:00:00,4,1,3
2014-07-01 00:00:00,1,1,0
2014-07-01 01:00:00,0,0,0
2014-07-01 02:00:00,5,2,3
2014-07-01 03:00:00,1,1,0
2014-07-01 04:00:00,4,0,4
2014-07-01 05:00:00,19,8,11
2014-07-01 06:00:00,64,12,52
2014-07-01 07:00:00,139,37,102
2014-07-01 08:00:00,141,49,92
2014-07-01 09:00:00,125,55,70
2014-07-01 10:00:00,88,45,43
2014-07-01 11:00:00,108,55,53
2014-07-01 12:00:00,70,38,32
2014-07-01 13:00:00,60,31,29
2014-07-01 14:00:00,101,52,49
2014-07-01 15:00:00,163,116,47
2014-07-01 16:00:00,231,163,68
2014-07-01 17:00:00,264,173,91
2014-07-01 18:00:00,167,100,67
2014-07-01 19:00:00,86,36,50
2014-07-01 20:00:00,53,20,33
2014-07-01 21:00:00,10,5,5
2014-07-01 22:00:00,4,2,2
2014-07-01 23:00:00,1,0,1
2014-07-02 00:00:00,0,0,0
2014-07-02 01:00:00,2,2,0
2014-07-02 02:00:00,0,0,0
2014-07-02 03:00:00,3,0,3
2014-07-02 04:00:00,16,5,11
2014-07-02 05:00:00,62,17,45
2014-07-02 06:00:00,113,36,77
2014-07-02 07:00:00,117,30,87
2014-07-02 08:00:00,81,30,51
2014-07-02 09:00:00,88,40,48
2014-07-02 10:00:00,97,51,46
2014-07-02 11:00:00,89,46,43
2014-07-02 12:00:00,78,46,32
2014-07-02 13:00:00,104,64,40
2014-07-02 14:00:00,113,69,44
2014-07-02 15:00:00,154,88,66
2014-07-02 16:00:00,241,158,83
2014-07-02 17:00:00,212,137,75
2014-07-02 18:00:00,142,73,69
2014-07-02 19:00:00,107,53,54
2014-07-02 20:00:00,38,13,25
2014-07-02 21:00:00,6,5,1
2014-07-02 22:00:00,3,3,0
2014-07-02 23:00:00,0,0,0
2014-07-03 00:00:00,0,0,0
2014-07-03 01:00:00,1,0,1
2014-07-03 02:00:00,0,0,0
2014-07-03 03:00:00,2,0,2
2014-07-03 04:00:00,16,7,9
2014-07-03 05:00:00,46,10,36
2014-07-03 06:00:00,96,23,73
2014-07-03 07:00:00,92,30,62
2014-07-03 08:00:00,78,35,43
2014-07-03 09:00:00,54,26,28
2014-07-03 10:00:00,89,52,37
2014-07-03 11:00:00,101,52,49
2014-07-03 12:00:00,111,56,55
2014-07-03 13:00:00,99,51,48
2014-07-03 14:00:00,123,67,56
2014-07-03 15:00:00,180,105,75
2014-07-03 16:00:00,179,116,63
2014-07-03 17:00:00,146,89,57
2014-07-03 18:00:00,76,46,30
2014-07-03 19:00:00,55,29,26
2014-07-03 20:00:00,17,4,13
2014-07-03 21:00:00,4,4,0
2014-07-03 22:00:00,5,4,1
2014-07-03 23:00:00,0,0,0
2014-07-04 00:00:00,0,0,0
2014-07-04 01:00:00,0,0,0
2014-07-04 02:00:00,0,0,0
2014-07-04 03:00:00,0,0,0
2014-07-04 04:00:00,7,3,4
2014-07-04 05:00:00,18,10,8
2014-07-04 06:00:00,79,47,32
2014-07-04 07:00:00,107,65,42
2014-07-04 08:00:00,139,76,63
2014-07-04 09:00:00,219,127,92
2014-07-04 10:00:00,308,156,152
2014-07-04 11:00:00,229,115,114
2014-07-04 12:00:00,286,142,144
2014-07-04 13:00:00,250,130,120
2014-07-04 14:00:00,228,93,135
2014-07-04 15:00:00,189,88,101
2014-07-04 16:00:00,154,64,90
2014-07-04 17:00:00,94,38,56
2014-07-04 18:00:00,42,11,31
2014-07-04 19:00:00,20,3,17
2014-07-04 20:00:00,28,4,24
2014-07-04 21:00:00,9,6,3
2014-07-04 22:00:00,25,21,4
2014-07-04 23:00:00,23,22,1
2014-07-05 00:00:00,5,5,0
2014-07-05 01:00:00,1,1,0
2014-07-05 02:00:00,3,3,0
2014-07-05 03:00:00,0,0,0
2014-07-05 04:00:00,2,0,2
2014-07-05 05:00:00,9,3,6
2014-07-05 06:00:00,41,30,11
2014-07-05 07:00:00,46,27,19
2014-07-05 08:00:00,107,60,47
2014-07-05 09:00:00,172,108,64
2014-07-05 10:00:00,246,171,75
2014-07-05 11:00:00,285,158,127
2014-07-05 12:00:00,235,111,124
2014-07-05 13:00:00,222,96,126
2014-07-05 14:00:00,167,65,102
2014-07-05 15:00:00,170,74,96
2014-07-05 16:00:00,145,67,78
2014-07-05 17:00:00,98,39,59
2014-07-05 18:00:00,64,34,30
2014-07-05 19:00:00,36,12,24
2014-07-05 20:00:00,35,6,29
2014-07-05 21:00:00,6,3,3
2014-07-05 22:00:00,2,2,0
2014-07-05 23:00:00,3,1,2
2014-07-06 00:00:00,0,0,0
2014-07-06 01:00:00,0,0,0
2014-07-06 02:00:00,0,0,0
2014-07-06 03:00:00,1,1,0
2014-07-06 04:00:00,2,1,1
2014-07-06 05:00:00,10,5,5
2014-07-06 06:00:00,34,22,12
2014-07-06 07:00:00,82,51,31
2014-07-06 08:00:00,152,92,60
2014-07-06 09:00:00,290,169,121
2014-07-06 10:00:00,326,207,119
2014-07-06 11:00:00,367,202,165
2014-07-06 12:00:00,375,201,174
2014-07-06 13:00:00,397,195,202
2014-07-06 14:00:00,363,169,194
2014-07-06 15:00:00,279,123,156
2014-07-06 16:00:00,235,105,130
2014-07-06 17:00:00,223,86,137
2014-07-06 18:00:00,138,67,71
2014-07-06 19:00:00,68,28,40
2014-07-06 20:00:00,20,9,11
2014-07-06 21:00:00,3,2,1
2014-07-06 22:00:00,3,0,3
2014-07-06 23:00:00,1,1,0
2014-07-07 00:00:00,1,0,1
2014-07-07 01:00:00,0,0,0
2014-07-07 02:00:00,0,0,0
2014-07-07 03:00:00,3,0,3
2014-07-07 04:00:00,9,4,5
2014-07-07 05:00:00,38,9,29
2014-07-07 06:00:00,98,25,73
2014-07-07 07:00:00,114,32,82
2014-07-07 08:00:00,96,42,54
2014-07-07 09:00:00,78,41,37
2014-07-07 10:00:00,104,65,39
2014-07-07 11:00:00,91,40,51
2014-07-07 12:00:00,96,48,48
2014-07-07 13:00:00,113,59,54
2014-07-07 14:00:00,127,64,63
2014-07-07 15:00:00,154,82,72
2014-07-07 16:00:00,232,139,93
2014-07-07 17:00:00,193,134,59
2014-07-07 18:00:00,151,73,78
2014-07-07 19:00:00,106,45,61
2014-07-07 20:00:00,40,20,20
2014-07-07 21:00:00,9,4,5
2014-07-07 22:00:00,2,2,0
2014-07-07 23:00:00,0,0,0
2014-07-08 00:00:00,0,0,0
2014-07-08 01:00:00,0,0,0
2014-07-08 02:00:00,0,0,0
2014-07-08 03:00:00,4,0,4
2014-07-08 04:00:00,23,10,13
2014-07-08 05:00:00,61,15,46
2014-07-08 06:00:00,144,46,98
2014-07-08 07:00:00,142,48,94
2014-07-08 08:00:00,111,51,60
2014-07-08 09:00:00,94,41,53
2014-07-08 10:00:00,87,49,38
2014-07-08 11:00:00,100,50,50
2014-07-08 12:00:00,106,44,62
2014-07-08 13:00:00,86,42,44
2014-07-08 14:00:00,92,52,40
2014-07-08 15:00:00,156,107,49
2014-07-08 16:00:00,253,161,92
2014-07-08 17:00:00,267,180,87
2014-07-08 18:00:00,188,99,89
2014-07-08 19:00:00,108,54,54
2014-07-08 20:00:00,71,26,45
2014-07-08 21:00:00,13,6,7
2014-07-08 22:00:00,5,5,0
2014-07-08 23:00:00,0,0,0
2014-07-09 00:00:00,0,0,0
2014-07-09 01:00:00,1,1,0
2014-07-09 02:00:00,0,0,0
2014-07-09 03:00:00,8,1,7
2014-07-09 04:00:00,17,8,9
2014-07-09 05:00:00,72,20,52
2014-07-09 06:00:00,116,22,94
2014-07-09 07:00:00,128,39,89
2014-07-09 08:00:00,93,37,56
2014-07-09 09:00:00,94,51,43
2014-07-09 10:00:00,113,52,61
2014-07-09 11:00:00,106,51,55
2014-07-09 12:00:00,106,49,57
2014-07-09 13:00:00,89,61,28
2014-07-09 14:00:00,84,43,41
2014-07-09 15:00:00,166,108,58
2014-07-09 16:00:00,236,144,92
2014-07-09 17:00:00,229,153,76
2014-07-09 18:00:00,189,107,82
2014-07-09 19:00:00,140,62,78
2014-07-09 20:00:00,55,27,28
2014-07-09 21:00:00,13,8,5
2014-07-09 22:00:00,13,9,4
2014-07-09 23:00:00,1,0,1
2014-07-10 00:00:00,0,0,0
2014-07-10 01:00:00,0,0,0
2014-07-10 02:00:00,0,0,0
2014-07-10 03:00:00,3,0,3
2014-07-10 04:00:00,14,9,5
2014-07-10 05:00:00,47,15,32
2014-07-10 06:00:00,129,34,95
2014-07-10 07:00:00,137,46,91
2014-07-10 08:00:00,110,48,62
2014-07-10 09:00:00,65,34,31
2014-07-10 10:00:00,99,45,54
2014-07-10 11:00:00,88,46,42
2014-07-10 12:00:00,108,53,55
2014-07-10 13:00:00,84,42,42
2014-07-10 14:00:00,118,56,62
2014-07-10 15:00:00,156,111,45
2014-07-10 16:00:00,245,151,94
2014-07-10 17:00:00,205,144,61
2014-07-10 18:00:00,148,72,76
2014-07-10 19:00:00,105,51,54
2014-07-10 20:00:00,47,21,26
2014-07-10 21:00:00,8,1,7
2014-07-10 22:00:00,3,2,1
2014-07-10 23:00:00,2,2,0
2014-07-11 00:00:00,0,0,0
2014-07-11 01:00:00,1,1,0
2014-07-11 02:00:00,0,0,0
2014-07-11 03:00:00,4,0,4
2014-07-11 04:00:00,19,8,11
2014-07-11 05:00:00,58,18,40
2014-07-11 06:00:00,102,29,73
2014-07-11 07:00:00,121,34,87
2014-07-11 08:00:00,104,53,51
2014-07-11 09:00:00,100,39,61
2014-07-11 10:00:00,122,54,68
2014-07-11 11:00:00,104,46,58
2014-07-11 12:00:00,95,62,33
2014-07-11 13:00:00,106,52,54
2014-07-11 14:00:00,104,57,47
2014-07-11 15:00:00,143,89,54
2014-07-11 16:00:00,189,134,55
2014-07-11 17:00:00,138,90,48
2014-07-11 18:00:00,104,60,44
2014-07-11 19:00:00,77,29,48
2014-07-11 20:00:00,36,15,21
2014-07-11 21:00:00,12,7,5
2014-07-11 22:00:00,0,0,0
2014-07-11 23:00:00,2,2,0
2014-07-12 00:00:00,0,0,0
2014-07-12 01:00:00,2,2,0
2014-07-12 02:00:00,1,0,1
2014-07-12 03:00:00,3,1,2
2014-07-12 04:00:00,19,4,15
2014-07-12 05:00:00,41,16,25
2014-07-12 06:00:00,96,71,25
2014-07-12 07:00:00,142,83,59
2014-07-12 08:00:00,193,110,83
2014-07-12 09:00:00,273,129,144
2014-07-12 10:00:00,223,118,105
2014-07-12 11:00:00,219,140,79
2014-07-12 12:00:00,170,102,68
2014-07-12 13:00:00,176,81,95
2014-07-12 14:00:00,204,98,106
2014-07-12 15:00:00,139,82,57
2014-07-12 16:00:00,120,55,65
2014-07-12 17:00:00,122,63,59
2014-07-12 18:00:00,114,58,56
2014-07-12 19:00:00,70,25,45
2014-07-12 20:00:00,50,11,39
2014-07-12 21:00:00,14,4,10
2014-07-12 22:00:00,2,1,1
2014-07-12 23:00:00,4,3,1
2014-07-13 00:00:00,3,3,0
2014-07-13 01:00:00,1,0,1
2014-07-13 02:00:00,0,0,0
2014-07-13 03:00:00,0,0,0
2014-07-13 04:00:00,3,3,0
2014-07-13 05:00:00,18,12,6
2014-07-13 06:00:00,64,41,23
2014-07-13 07:00:00,137,77,60
2014-07-13 08:00:00,211,114,97
2014-07-13 09:00:00,240,123,117
2014-07-13 10:00:00,244,134,110
2014-07-13 11:00:00,196,105,91
2014-07-13 12:00:00,150,68,82
2014-07-13 13:00:00,118,57,61
2014-07-13 14:00:00,159,80,79
2014-07-13 15:00:00,188,87,101
2014-07-13 16:00:00,160,73,87
2014-07-13 17:00:00,104,46,58
2014-07-13 18:00:00,89,47,42
2014-07-13 19:00:00,42,11,31
2014-07-13 20:00:00,19,8,11
2014-07-13 21:00:00,10,6,4
2014-07-13 22:00:00,1,1,0
2014-07-13 23:00:00,1,1,0
2014-07-14 00:00:00,0,0,0
2014-07-14 01:00:00,0,0,0
2014-07-14 02:00:00,0,0,0
2014-07-14 03:00:00,3,0,3
2014-07-14 04:00:00,17,8,9
2014-07-14 05:00:00,39,13,26
2014-07-14 06:00:00,108,29,79
2014-07-14 07:00:00,109,35,74
2014-07-14 08:00:00,94,46,48
2014-07-14 09:00:00,72,31,41
2014-07-14 10:00:00,67,33,34
2014-07-14 11:00:00,75,37,38
2014-07-14 12:00:00,91,44,47
2014-07-14 13:00:00,94,55,39
2014-07-14 14:00:00,103,52,51
2014-07-14 15:00:00,132,81,51
2014-07-14 16:00:00,223,140,83
2014-07-14 17:00:00,182,119,63
2014-07-14 18:00:00,140,83,57
2014-07-14 19:00:00,103,49,54
2014-07-14 20:00:00,53,26,27
2014-07-14 21:00:00,9,5,4
2014-07-14 22:00:00,6,3,3
2014-07-14 23:00:00,1,1,0
2014-07-15 00:00:00,0,0,0
2014-07-15 01:00:00,0,0,0
2014-07-15 02:00:00,1,0,1
2014-07-15 03:00:00,4,1,3
2014-07-15 04:00:00,22,7,15
2014-07-15 05:00:00,58,17,41
2014-07-15 06:00:00,120,29,91
2014-07-15 07:00:00,121,46,75
2014-07-15 08:00:00,122,45,77
2014-07-15 09:00:00,86,48,38
2014-07-15 10:00:00,88,37,51
2014-07-15 11:00:00,97,59,38
2014-07-15 12:00:00,92,51,41
2014-07-15 13:00:00,97,44,53
2014-07-15 14:00:00,114,68,46
2014-07-15 15:00:00,138,76,62
2014-07-15 16:00:00,225,163,62
2014-07-15 17:00:00,180,124,56
2014-07-15 18:00:00,162,105,57
2014-07-15 19:00:00,91,42,49
2014-07-15 20:00:00,56,23,33
2014-07-15 21:00:00,16,8,8
2014-07-15 22:00:00,0,0,0
2014-07-15 23:00:00,1,1,0
2014-07-16 00:00:00,1,0,1
2014-07-16 01:00:00,3,1,2
2014-07-16 02:00:00,0,0,0
2014-07-16 03:00:00,5,0,5
2014-07-16 04:00:00,17,6,11
2014-07-16 05:00:00,51,18,33
2014-07-16 06:00:00,123,29,94
2014-07-16 07:00:00,120,44,76
2014-07-16 08:00:00,110,49,61
2014-07-16 09:00:00,88,34,54
2014-07-16 10:00:00,88,37,51
2014-07-16 11:00:00,82,52,30
2014-07-16 12:00:00,77,49,28
2014-07-16 13:00:00,85,42,43
2014-07-16 14:00:00,97,53,44
2014-07-16 15:00:00,169,111,58
2014-07-16 16:00:00,217,140,77
2014-07-16 17:00:00,225,152,73
2014-07-16 18:00:00,164,93,71
2014-07-16 19:00:00,106,49,57
2014-07-16 20:00:00,53,24,29
2014-07-16 21:00:00,13,5,8
2014-07-16 22:00:00,3,3,0
2014-07-16 23:00:00,2,1,1
2014-07-17 00:00:00,2,1,1
2014-07-17 01:00:00,1,0,1
2014-07-17 02:00:00,0,0,0
2014-07-17 03:00:00,4,1,3
2014-07-17 04:00:00,15,6,9
2014-07-17 05:00:00,48,16,32
2014-07-17 06:00:00,85,20,65
2014-07-17 07:00:00,105,29,76
2014-07-17 08:00:00,93,41,52
2014-07-17 09:00:00,64,29,35
2014-07-17 10:00:00,63,31,32
2014-07-17 11:00:00,85,46,39
2014-07-17 12:00:00,69,35,34
2014-07-17 13:00:00,67,38,29
2014-07-17 14:00:00,100,60,40
2014-07-17 15:00:00,125,77,48
2014-07-17 16:00:00,191,116,75
2014-07-17 17:00:00,188,120,68
2014-07-17 18:00:00,158,85,73
2014-07-17 19:00:00,119,70,49
2014-07-17 20:00:00,52,15,37
2014-07-17 21:00:00,11,6,5
2014-07-17 22:00:00,7,1,6
2014-07-17 23:00:00,2,2,0
2014-07-18 00:00:00,3,1,2
2014-07-18 01:00:00,1,0,1
2014-07-18 02:00:00,0,0,0
2014-07-18 03:00:00,4,0,4
2014-07-18 04:00:00,16,6,10
2014-07-18 05:00:00,36,8,28
2014-07-18 06:00:00,95,25,70
2014-07-18 07:00:00,98,36,62
2014-07-18 08:00:00,107,46,61
2014-07-18 09:00:00,75,33,42
2014-07-18 10:00:00,90,56,34
2014-07-18 11:00:00,66,27,39
2014-07-18 12:00:00,89,52,37
2014-07-18 13:00:00,105,61,44
2014-07-18 14:00:00,144,70,74
2014-07-18 15:00:00,185,107,78
2014-07-18 16:00:00,200,136,64
2014-07-18 17:00:00,164,92,72
2014-07-18 18:00:00,104,44,60
2014-07-18 19:00:00,55,29,26
2014-07-18 20:00:00,32,10,22
2014-07-18 21:00:00,11,7,4
2014-07-18 22:00:00,2,1,1
2014-07-18 23:00:00,2,0,2
2014-07-19 00:00:00,4,0,4
2014-07-19 01:00:00,2,0,2
2014-07-19 02:00:00,0,0,0
2014-07-19 03:00:00,3,2,1
2014-07-19 04:00:00,2,0,2
2014-07-19 05:00:00,17,12,5
2014-07-19 06:00:00,39,24,15
2014-07-19 07:00:00,99,56,43
2014-07-19 08:00:00,104,60,44
2014-07-19 09:00:00,177,122,55
2014-07-19 10:00:00,207,121,86
2014-07-19 11:00:00,203,93,110
2014-07-19 12:00:00,177,106,71
2014-07-19 13:00:00,198,116,82
2014-07-19 14:00:00,215,110,105
2014-07-19 15:00:00,180,77,103
2014-07-19 16:00:00,131,56,75
2014-07-19 17:00:00,90,31,59
2014-07-19 18:00:00,62,18,44
2014-07-19 19:00:00,48,18,30
2014-07-19 20:00:00,23,4,19
2014-07-19 21:00:00,0,0,0
2014-07-19 22:00:00,3,2,1
2014-07-19 23:00:00,0,0,0
2014-07-20 00:00:00,0,0,0
2014-07-20 01:00:00,0,0,0
2014-07-20 02:00:00,1,1,0
2014-07-20 03:00:00,0,0,0
2014-07-20 04:00:00,1,1,0
2014-07-20 05:00:00,12,8,4
2014-07-20 06:00:00,19,12,7
2014-07-20 07:00:00,37,21,16
2014-07-20 08:00:00,88,58,30
2014-07-20 09:00:00,102,59,43
2014-07-20 10:00:00,85,50,35
2014-07-20 11:00:00,123,80,43
2014-07-20 12:00:00,172,91,81
2014-07-20 13:00:00,193,94,99
2014-07-20 14:00:00,212,78,134
2014-07-20 15:00:00,151,59,92
2014-07-20 16:00:00,106,36,70
2014-07-20 17:00:00,46,13,33
2014-07-20 18:00:00,28,12,16
2014-07-20 19:00:00,14,10,4
2014-07-20 20:00:00,11,6,5
2014-07-20 21:00:00,0,0,0
2014-07-20 22:00:00,0,0,0
2014-07-20 23:00:00,0,0,0
2014-07-21 00:00:00,0,0,0
2014-07-21 01:00:00,0,0,0
2014-07-21 02:00:00,0,0,0
2014-07-21 03:00:00,5,0,5
2014-07-21 04:00:00,10,3,7
2014-07-21 05:00:00,29,7,22
2014-07-21 06:00:00,91,17,74
2014-07-21 07:00:00,102,25,77
2014-07-21 08:00:00,99,44,55
2014-07-21 09:00:00,85,52,33
2014-07-21 10:00:00,84,52,32
2014-07-21 11:00:00,90,48,42
2014-07-21 12:00:00,69,32,37
2014-07-21 13:00:00,127,58,69
2014-07-21 14:00:00,119,61,58
2014-07-21 15:00:00,141,86,55
2014-07-21 16:00:00,220,144,76
2014-07-21 17:00:00,225,138,87
2014-07-21 18:00:00,142,78,64
2014-07-21 19:00:00,132,60,72
2014-07-21 20:00:00,46,17,29
2014-07-21 21:00:00,8,2,6
2014-07-21 22:00:00,2,0,2
2014-07-21 23:00:00,1,0,1
2014-07-22 00:00:00,1,1,0
2014-07-22 01:00:00,0,0,0
2014-07-22 02:00:00,0,0,0
2014-07-22 03:00:00,5,2,3
2014-07-22 04:00:00,19,6,13
2014-07-22 05:00:00,61,12,49
2014-07-22 06:00:00,118,25,93
2014-07-22 07:00:00,112,32,80
2014-07-22 08:00:00,102,51,51
2014-07-22 09:00:00,49,26,23
2014-07-22 10:00:00,56,28,28
2014-07-22 11:00:00,59,32,27
2014-07-22 12:00:00,68,28,40
2014-07-22 13:00:00,58,28,30
2014-07-22 14:00:00,73,40,33
2014-07-22 15:00:00,117,74,43
2014-07-22 16:00:00,197,148,49
2014-07-22 17:00:00,190,121,69
2014-07-22 18:00:00,94,59,35
2014-07-22 19:00:00,79,39,40
2014-07-22 20:00:00,31,9,22
2014-07-22 21:00:00,17,10,7
2014-07-22 22:00:00,0,0,0
2014-07-22 23:00:00,1,1,0
2014-07-23 00:00:00,0,0,0
2014-07-23 01:00:00,1,1,0
2014-07-23 02:00:00,0,0,0
2014-07-23 03:00:00,4,0,4
2014-07-23 04:00:00,6,2,4
2014-07-23 05:00:00,23,5,18
2014-07-23 06:00:00,23,4,19
2014-07-23 07:00:00,31,12,19
2014-07-23 08:00:00,30,14,16
2014-07-23 09:00:00,15,3,12
2014-07-23 10:00:00,7,4,3
2014-07-23 11:00:00,3,2,1
2014-07-23 12:00:00,7,4,3
2014-07-23 13:00:00,19,14,5
2014-07-23 14:00:00,9,6,3
2014-07-23 15:00:00,15,12,3
2014-07-23 16:00:00,40,31,9
2014-07-23 17:00:00,41,28,13
2014-07-23 18:00:00,29,19,10
2014-07-23 19:00:00,27,15,12
2014-07-23 20:00:00,6,2,4
2014-07-23 21:00:00,5,2,3
2014-07-23 22:00:00,0,0,0
2014-07-23 23:00:00,0,0,0
2014-07-24 00:00:00,0,0,0
2014-07-24 01:00:00,1,0,1
2014-07-24 02:00:00,0,0,0
2014-07-24 03:00:00,3,0,3
2014-07-24 04:00:00,6,2,4
2014-07-24 05:00:00,23,6,17
2014-07-24 06:00:00,39,12,27
2014-07-24 07:00:00,42,16,26
2014-07-24 08:00:00,41,14,27
2014-07-24 09:00:00,38,15,23
2014-07-24 10:00:00,28,11,17
2014-07-24 11:00:00,39,21,18
2014-07-24 12:00:00,43,28,15
2014-07-24 13:00:00,34,16,18
2014-07-24 14:00:00,34,24,10
2014-07-24 15:00:00,51,27,24
2014-07-24 16:00:00,86,62,24
2014-07-24 17:00:00,87,50,37
2014-07-24 18:00:00,62,35,27
2014-07-24 19:00:00,27,9,18
2014-07-24 20:00:00,13,5,8
2014-07-24 21:00:00,4,4,0
2014-07-24 22:00:00,2,2,0
2014-07-24 23:00:00,2,0,2
2014-07-25 00:00:00,0,0,0
2014-07-25 01:00:00,1,0,1
2014-07-25 02:00:00,0,0,0
2014-07-25 03:00:00,3,0,3
2014-07-25 04:00:00,15,4,11
2014-07-25 05:00:00,40,13,27
2014-07-25 06:00:00,92,26,66
2014-07-25 07:00:00,109,34,75
2014-07-25 08:00:00,76,32,44
2014-07-25 09:00:00,77,34,43
2014-07-25 10:00:00,100,45,55
2014-07-25 11:00:00,95,53,42
2014-07-25 12:00:00,116,65,51
2014-07-25 13:00:00,127,59,68
2014-07-25 14:00:00,150,79,71
2014-07-25 15:00:00,168,106,62
2014-07-25 16:00:00,221,138,83
2014-07-25 17:00:00,180,102,78
2014-07-25 18:00:00,103,48,55
2014-07-25 19:00:00,75,27,48
2014-07-25 20:00:00,26,14,12
2014-07-25 21:00:00,11,5,6
2014-07-25 22:00:00,6,3,3
2014-07-25 23:00:00,4,0,4
2014-07-26 00:00:00,1,0,1
2014-07-26 01:00:00,1,0,1
2014-07-26 02:00:00,0,0,0
2014-07-26 03:00:00,2,1,1
2014-07-26 04:00:00,1,1,0
2014-07-26 05:00:00,9,5,4
2014-07-26 06:00:00,43,29,14
2014-07-26 07:00:00,108,55,53
2014-07-26 08:00:00,182,116,66
2014-07-26 09:00:00,222,134,88
2014-07-26 10:00:00,285,168,117
2014-07-26 11:00:00,269,144,125
2014-07-26 12:00:00,286,157,129
2014-07-26 13:00:00,277,116,161
2014-07-26 14:00:00,241,109,132
2014-07-26 15:00:00,246,99,147
2014-07-26 16:00:00,220,92,128
2014-07-26 17:00:00,114,37,77
2014-07-26 18:00:00,93,48,45
2014-07-26 19:00:00,76,35,41
2014-07-26 20:00:00,31,14,17
2014-07-26 21:00:00,1,0,1
2014-07-26 22:00:00,1,0,1
2014-07-26 23:00:00,3,1,2
2014-07-27 00:00:00,1,0,1
2014-07-27 01:00:00,4,2,2
2014-07-27 02:00:00,0,0,0
2014-07-27 03:00:00,0,0,0
2014-07-27 04:00:00,6,1,5
2014-07-27 05:00:00,27,21,6
2014-07-27 06:00:00,45,19,26
2014-07-27 07:00:00,100,62,38
2014-07-27 08:00:00,133,65,68
2014-07-27 09:00:00,212,134,78
2014-07-27 10:00:00,283,178,105
2014-07-27 11:00:00,261,154,107
2014-07-27 12:00:00,316,144,172
2014-07-27 13:00:00,306,144,162
2014-07-27 14:00:00,245,118,127
2014-07-27 15:00:00,261,132,129
2014-07-27 16:00:00,210,101,109
2014-07-27 17:00:00,151,80,71
2014-07-27 18:00:00,119,39,80
2014-07-27 19:00:00,76,24,52
2014-07-27 20:00:00,29,15,14
2014-07-27 21:00:00,6,0,6
2014-07-27 22:00:00,3,1,2
2014-07-27 23:00:00,1,0,1
2014-07-28 00:00:00,1,1,0
2014-07-28 01:00:00,1,0,1
2014-07-28 02:00:00,0,0,0
2014-07-28 03:00:00,4,0,4
2014-07-28 04:00:00,12,4,8
2014-07-28 05:00:00,51,12,39
2014-07-28 06:00:00,96,22,74
2014-07-28 07:00:00,108,34,74
2014-07-28 08:00:00,95,47,48
2014-07-28 09:00:00,90,47,43
2014-07-28 10:00:00,127,70,57
2014-07-28 11:00:00,91,46,45
2014-07-28 12:00:00,89,44,45
2014-07-28 13:00:00,119,53,66
2014-07-28 14:00:00,139,78,61
2014-07-28 15:00:00,140,91,49
2014-07-28 16:00:00,234,167,67
2014-07-28 17:00:00,208,133,75
2014-07-28 18:00:00,149,70,79
2014-07-28 19:00:00,99,45,54
2014-07-28 20:00:00,42,18,24
2014-07-28 21:00:00,5,3,2
2014-07-28 22:00:00,3,1,2
2014-07-28 23:00:00,1,1,0
2014-07-29 00:00:00,0,0,0
2014-07-29 01:00:00,0,0,0
2014-07-29 02:00:00,1,0,1
2014-07-29 03:00:00,4,1,3
2014-07-29 04:00:00,22,8,14
2014-07-29 05:00:00,56,15,41
2014-07-29 06:00:00,114,35,79
2014-07-29 07:00:00,148,61,87
2014-07-29 08:00:00,112,41,71
2014-07-29 09:00:00,95,39,56
2014-07-29 10:00:00,87,39,48
2014-07-29 11:00:00,73,33,40
2014-07-29 12:00:00,96,43,53
2014-07-29 13:00:00,100,62,38
2014-07-29 14:00:00,114,64,50
2014-07-29 15:00:00,136,88,48
2014-07-29 16:00:00,241,151,90
2014-07-29 17:00:00,239,148,91
2014-07-29 18:00:00,178,103,75
2014-07-29 19:00:00,122,42,80
2014-07-29 20:00:00,44,18,26
2014-07-29 21:00:00,21,12,9
2014-07-29 22:00:00,3,3,0
2014-07-29 23:00:00,0,0,0
2014-07-30 00:00:00,0,0,0
2014-07-30 01:00:00,1,0,1
2014-07-30 02:00:00,2,2,0
2014-07-30 03:00:00,4,1,3
2014-07-30 04:00:00,16,3,13
2014-07-30 05:00:00,47,14,33
2014-07-30 06:00:00,119,29,90
2014-07-30 07:00:00,113,39,74
2014-07-30 08:00:00,97,41,56
2014-07-30 09:00:00,73,40,33
2014-07-30 10:00:00,93,46,47
2014-07-30 11:00:00,94,48,46
2014-07-30 12:00:00,90,43,47
2014-07-30 13:00:00,101,60,41
2014-07-30 14:00:00,118,66,52
2014-07-30 15:00:00,147,91,56
2014-07-30 16:00:00,217,156,61
2014-07-30 17:00:00,209,128,81
2014-07-30 18:00:00,178,87,91
2014-07-30 19:00:00,112,52,60
2014-07-30 20:00:00,40,9,31
2014-07-30 21:00:00,15,5,10
2014-07-30 22:00:00,4,4,0
2014-07-30 23:00:00,0,0,0
2014-07-31 00:00:00,3,1,2
2014-07-31 01:00:00,2,1,1
2014-07-31 02:00:00,1,1,0
2014-07-31 03:00:00,3,0,3
2014-07-31 04:00:00,15,5,10
2014-07-31 05:00:00,50,11,39
2014-07-31 06:00:00,103,27,76
2014-07-31 07:00:00,108,35,73
2014-07-31 08:00:00,95,31,64
2014-07-31 09:00:00,85,44,41
2014-07-31 10:00:00,87,42,45
2014-07-31 11:00:00,74,44,30
2014-07-31 12:00:00,95,41,54
2014-07-31 13:00:00,89,47,42
2014-07-31 14:00:00,105,55,50
2014-07-31 15:00:00,136,99,37
2014-07-31 16:00:00,199,136,63
2014-07-31 17:00:00,202,124,78
2014-07-31 18:00:00,118,62,56
2014-07-31 19:00:00,101,49,52
2014-07-31 20:00:00,44,15,29
2014-07-31 21:00:00,10,4,6
2014-07-31 22:00:00,4,1,3
2014-07-31 23:00:00,3,2,1
2014-08-01 00:00:00,0,0,0
2014-08-01 01:00:00,1,0,1
2014-08-01 02:00:00,0,0,0
2014-08-01 03:00:00,3,0,3
2014-08-01 04:00:00,12,5,7
2014-08-01 05:00:00,33,10,23
2014-08-01 06:00:00,93,19,74
2014-08-01 07:00:00,95,44,51
2014-08-01 08:00:00,97,41,56
2014-08-01 09:00:00,108,45,63
2014-08-01 10:00:00,121,53,68
2014-08-01 11:00:00,94,39,55
2014-08-01 12:00:00,114,63,51
2014-08-01 13:00:00,114,62,52
2014-08-01 14:00:00,123,80,43
2014-08-01 15:00:00,112,58,54
2014-08-01 16:00:00,170,113,57
2014-08-01 17:00:00,139,98,41
2014-08-01 18:00:00,99,51,48
2014-08-01 19:00:00,49,17,32
2014-08-01 20:00:00,16,6,10
2014-08-01 21:00:00,4,2,2
2014-08-01 22:00:00,7,0,7
2014-08-01 23:00:00,4,4,0
2014-08-02 00:00:00,0,0,0
2014-08-02 01:00:00,1,0,1
2014-08-02 02:00:00,1,0,1
2014-08-02 03:00:00,2,1,1
2014-08-02 04:00:00,4,2,2
2014-08-02 05:00:00,27,19,8
2014-08-02 06:00:00,61,44,17
2014-08-02 07:00:00,96,52,44
2014-08-02 08:00:00,139,93,46
2014-08-02 09:00:00,169,89,80
2014-08-02 10:00:00,221,130,91
2014-08-02 11:00:00,199,111,88
2014-08-02 12:00:00,224,116,108
2014-08-02 13:00:00,197,93,104
2014-08-02 14:00:00,199,108,91
2014-08-02 15:00:00,205,105,100
2014-08-02 16:00:00,147,52,95
2014-08-02 17:00:00,113,43,70
2014-08-02 18:00:00,82,42,40
2014-08-02 19:00:00,78,22,56
2014-08-02 20:00:00,12,3,9
2014-08-02 21:00:00,6,2,4
2014-08-02 22:00:00,2,2,0
2014-08-02 23:00:00,4,1,3
2014-08-03 00:00:00,1,1,0
2014-08-03 01:00:00,0,0,0
2014-08-03 02:00:00,1,1,0
2014-08-03 03:00:00,1,0,1
2014-08-03 04:00:00,2,1,1
2014-08-03 05:00:00,7,5,2
2014-08-03 06:00:00,48,26,22
2014-08-03 07:00:00,88,64,24
2014-08-03 08:00:00,165,97,68
2014-08-03 09:00:00,184,104,80
2014-08-03 10:00:00,270,141,129
2014-08-03 11:00:00,284,123,161
2014-08-03 12:00:00,316,147,169
2014-08-03 13:00:00,283,133,150
2014-08-03 14:00:00,266,137,129
2014-08-03 15:00:00,256,146,110
2014-08-03 16:00:00,170,81,89
2014-08-03 17:00:00,124,65,59
2014-08-03 18:00:00,105,42,63
2014-08-03 19:00:00,57,28,29
2014-08-03 20:00:00,20,8,12
2014-08-03 21:00:00,5,0,5
2014-08-03 22:00:00,0,0,0
2014-08-03 23:00:00,2,0,2
2014-08-04 00:00:00,0,0,0
2014-08-04 01:00:00,0,0,0
2014-08-04 02:00:00,0,0,0
2014-08-04 03:00:00,5,0,5
2014-08-04 04:00:00,22,6,16
2014-08-04 05:00:00,38,10,28
2014-08-04 06:00:00,106,26,80
2014-08-04 07:00:00,87,24,63
2014-08-04 08:00:00,92,49,43
2014-08-04 09:00:00,86,55,31
2014-08-04 10:00:00,90,42,48
2014-08-04 11:00:00,132,52,80
2014-08-04 12:00:00,96,57,39
2014-08-04 13:00:00,104,56,48
2014-08-04 14:00:00,104,54,50
2014-08-04 15:00:00,149,100,49
2014-08-04 16:00:00,188,123,65
2014-08-04 17:00:00,193,123,70
2014-08-04 18:00:00,114,66,48
2014-08-04 19:00:00,90,46,44
2014-08-04 20:00:00,29,9,20
2014-08-04 21:00:00,10,7,3
2014-08-04 22:00:00,5,3,2
2014-08-04 23:00:00,2,0,2
2014-08-05 00:00:00,0,0,0
2014-08-05 01:00:00,0,0,0
2014-08-05 02:00:00,0,0,0
2014-08-05 03:00:00,3,0,3
2014-08-05 04:00:00,17,8,9
2014-08-05 05:00:00,45,8,37
2014-08-05 06:00:00,100,27,73
2014-08-05 07:00:00,104,30,74
2014-08-05 08:00:00,77,32,45
2014-08-05 09:00:00,53,21,32
2014-08-05 10:00:00,79,28,51
2014-08-05 11:00:00,69,32,37
2014-08-05 12:00:00,67,42,25
2014-08-05 13:00:00,86,44,42
2014-08-05 14:00:00,105,58,47
2014-08-05 15:00:00,139,100,39
2014-08-05 16:00:00,212,133,79
2014-08-05 17:00:00,195,118,77
2014-08-05 18:00:00,149,83,66
2014-08-05 19:00:00,75,28,47
2014-08-05 20:00:00,23,14,9
2014-08-05 21:00:00,5,2,3
2014-08-05 22:00:00,2,2,0
2014-08-05 23:00:00,0,0,0
2014-08-06 00:00:00,0,0,0
2014-08-06 01:00:00,1,1,0
2014-08-06 02:00:00,0,0,0
2014-08-06 03:00:00,5,1,4
2014-08-06 04:00:00,17,5,12
2014-08-06 05:00:00,50,16,34
2014-08-06 06:00:00,101,23,78
2014-08-06 07:00:00,95,35,60
2014-08-06 08:00:00,96,44,52
2014-08-06 09:00:00,68,35,33
2014-08-06 10:00:00,86,36,50
2014-08-06 11:00:00,67,33,34
2014-08-06 12:00:00,85,45,40
2014-08-06 13:00:00,114,64,50
2014-08-06 14:00:00,104,55,49
2014-08-06 15:00:00,158,105,53
2014-08-06 16:00:00,224,144,80
2014-08-06 17:00:00,191,133,58
2014-08-06 18:00:00,165,88,77
2014-08-06 19:00:00,94,45,49
2014-08-06 20:00:00,39,13,26
2014-08-06 21:00:00,10,6,4
2014-08-06 22:00:00,2,2,0
2014-08-06 23:00:00,3,3,0
2014-08-07 00:00:00,0,0,0
2014-08-07 01:00:00,0,0,0
2014-08-07 02:00:00,0,0,0
2014-08-07 03:00:00,3,0,3
2014-08-07 04:00:00,14,4,10
2014-08-07 05:00:00,40,12,28
2014-08-07 06:00:00,101,39,62
2014-08-07 07:00:00,96,33,63
2014-08-07 08:00:00,99,46,53
2014-08-07 09:00:00,84,49,35
2014-08-07 10:00:00,116,52,64
2014-08-07 11:00:00,67,36,31
2014-08-07 12:00:00,66,32,34
2014-08-07 13:00:00,113,51,62
2014-08-07 14:00:00,104,55,49
2014-08-07 15:00:00,144,86,58
2014-08-07 16:00:00,199,129,70
2014-08-07 17:00:00,204,127,77
2014-08-07 18:00:00,118,58,60
2014-08-07 19:00:00,42,20,22
2014-08-07 20:00:00,33,21,12
2014-08-07 21:00:00,6,3,3
2014-08-07 22:00:00,0,0,0
2014-08-07 23:00:00,8,5,3
2014-08-08 00:00:00,0,0,0
2014-08-08 01:00:00,0,0,0
2014-08-08 02:00:00,0,0,0
2014-08-08 03:00:00,7,3,4
2014-08-08 04:00:00,10,2,8
2014-08-08 05:00:00,38,15,23
2014-08-08 06:00:00,86,24,62
2014-08-08 07:00:00,113,36,77
2014-08-08 08:00:00,98,38,60
2014-08-08 09:00:00,64,40,24
2014-08-08 10:00:00,91,46,45
2014-08-08 11:00:00,127,61,66
2014-08-08 12:00:00,130,74,56
2014-08-08 13:00:00,96,54,42
2014-08-08 14:00:00,137,76,61
2014-08-08 15:00:00,128,81,47
2014-08-08 16:00:00,188,113,75
2014-08-08 17:00:00,158,97,61
2014-08-08 18:00:00,103,54,49
2014-08-08 19:00:00,60,25,35
2014-08-08 20:00:00,23,14,9
2014-08-08 21:00:00,9,9,0
2014-08-08 22:00:00,4,2,2
2014-08-08 23:00:00,5,3,2
2014-08-09 00:00:00,2,2,0
2014-08-09 01:00:00,2,1,1
2014-08-09 02:00:00,1,1,0
2014-08-09 03:00:00,0,0,0
2014-08-09 04:00:00,5,2,3
2014-08-09 05:00:00,12,7,5
2014-08-09 06:00:00,40,25,15
2014-08-09 07:00:00,106,62,44
2014-08-09 08:00:00,144,80,64
2014-08-09 09:00:00,208,112,96
2014-08-09 10:00:00,231,131,100
2014-08-09 11:00:00,255,156,99
2014-08-09 12:00:00,221,96,125
2014-08-09 13:00:00,263,146,117
2014-08-09 14:00:00,197,100,97
2014-08-09 15:00:00,194,88,106
2014-08-09 16:00:00,189,87,102
2014-08-09 17:00:00,136,46,90
2014-08-09 18:00:00,84,26,58
2014-08-09 19:00:00,68,32,36
2014-08-09 20:00:00,28,12,16
2014-08-09 21:00:00,14,2,12
2014-08-09 22:00:00,6,4,2
2014-08-09 23:00:00,4,2,2
2014-08-10 00:00:00,2,0,2
2014-08-10 01:00:00,5,5,0
2014-08-10 02:00:00,0,0,0
2014-08-10 03:00:00,0,0,0
2014-08-10 04:00:00,3,0,3
2014-08-10 05:00:00,19,13,6
2014-08-10 06:00:00,39,22,17
2014-08-10 07:00:00,80,51,29
2014-08-10 08:00:00,165,91,74
2014-08-10 09:00:00,201,118,83
2014-08-10 10:00:00,294,206,88
2014-08-10 11:00:00,303,170,133
2014-08-10 12:00:00,271,141,130
2014-08-10 13:00:00,243,128,115
2014-08-10 14:00:00,196,99,97
2014-08-10 15:00:00,209,108,101
2014-08-10 16:00:00,189,82,107
2014-08-10 17:00:00,130,55,75
2014-08-10 18:00:00,87,31,56
2014-08-10 19:00:00,47,21,26
2014-08-10 20:00:00,20,6,14
2014-08-10 21:00:00,4,2,2
2014-08-10 22:00:00,5,3,2
2014-08-10 23:00:00,1,1,0
2014-08-11 00:00:00,0,0,0
2014-08-11 01:00:00,1,0,1
2014-08-11 02:00:00,0,0,0
2014-08-11 03:00:00,2,0,2
2014-08-11 04:00:00,18,5,13
2014-08-11 05:00:00,38,10,28
2014-08-11 06:00:00,108,33,75
2014-08-11 07:00:00,107,29,78
2014-08-11 08:00:00,94,39,55
2014-08-11 09:00:00,0,0,0
2014-08-11 10:00:00,75,38,37
2014-08-11 11:00:00,95,56,39
2014-08-11 12:00:00,80,42,38
2014-08-11 13:00:00,74,43,31
2014-08-11 14:00:00,98,39,59
2014-08-11 15:00:00,96,65,31
2014-08-11 16:00:00,121,69,52
2014-08-11 17:00:00,159,62,97
2014-08-11 18:00:00,187,69,118
2014-08-11 19:00:00,105,65,40
2014-08-11 20:00:00,79,40,39
2014-08-11 21:00:00,23,10,13
2014-08-11 22:00:00,1,1,0
2014-08-11 23:00:00,5,4,1
2014-08-12 00:00:00,1,1,0
2014-08-12 01:00:00,0,0,0
2014-08-12 02:00:00,1,0,1
2014-08-12 03:00:00,1,1,0
2014-08-12 04:00:00,3,0,3
2014-08-12 05:00:00,16,4,12
2014-08-12 06:00:00,31,5,26
2014-08-12 07:00:00,86,21,65
2014-08-12 08:00:00,67,29,38
2014-08-12 09:00:00,58,17,41
2014-08-12 10:00:00,27,6,21
2014-08-12 11:00:00,44,16,28
2014-08-12 12:00:00,29,18,11
2014-08-12 13:00:00,38,20,18
2014-08-12 14:00:00,68,42,26
2014-08-12 15:00:00,78,46,32
2014-08-12 16:00:00,115,69,46
2014-08-12 17:00:00,179,119,60
2014-08-12 18:00:00,145,95,50
2014-08-12 19:00:00,81,53,28
2014-08-12 20:00:00,36,11,25
2014-08-12 21:00:00,15,9,6
2014-08-12 22:00:00,4,2,2
2014-08-12 23:00:00,1,1,0
2014-08-13 00:00:00,1,1,0
2014-08-13 01:00:00,1,0,1
2014-08-13 02:00:00,2,1,1
2014-08-13 03:00:00,0,0,0
2014-08-13 04:00:00,3,0,3
2014-08-13 05:00:00,5,1,4
2014-08-13 06:00:00,12,1,11
2014-08-13 07:00:00,40,9,31
2014-08-13 08:00:00,78,23,55
2014-08-13 09:00:00,40,13,27
2014-08-13 10:00:00,25,10,15
2014-08-13 11:00:00,29,14,15
2014-08-13 12:00:00,29,15,14
2014-08-13 13:00:00,32,17,15
2014-08-13 14:00:00,59,42,17
2014-08-13 15:00:00,73,35,38
2014-08-13 16:00:00,90,54,36
2014-08-13 17:00:00,112,76,36
2014-08-13 18:00:00,143,90,53
2014-08-13 19:00:00,97,55,42
2014-08-13 20:00:00,52,24,28
2014-08-13 21:00:00,18,5,13
2014-08-13 22:00:00,9,3,6
2014-08-13 23:00:00,2,2,0
2014-08-14 00:00:00,1,0,1
2014-08-14 01:00:00,0,0,0
2014-08-14 02:00:00,0,0,0
2014-08-14 03:00:00,0,0,0
2014-08-14 04:00:00,6,3,3
2014-08-14 05:00:00,12,4,8
2014-08-14 06:00:00,32,9,23
2014-08-14 07:00:00,82,19,63
2014-08-14 08:00:00,119,38,81
2014-08-14 09:00:00,80,23,57
2014-08-14 10:00:00,74,38,36
2014-08-14 11:00:00,58,26,32
2014-08-14 12:00:00,68,45,23
2014-08-14 13:00:00,55,25,30
2014-08-14 14:00:00,65,28,37
2014-08-14 15:00:00,77,38,39
2014-08-14 16:00:00,114,74,40
2014-08-14 17:00:00,148,102,46
2014-08-14 18:00:00,146,97,49
2014-08-14 19:00:00,109,58,51
2014-08-14 20:00:00,34,15,19
2014-08-14 21:00:00,7,5,2
2014-08-14 22:00:00,4,3,1
2014-08-14 23:00:00,4,4,0
2014-08-15 00:00:00,1,0,1
2014-08-15 01:00:00,0,0,0
2014-08-15 02:00:00,0,0,0
2014-08-15 03:00:00,0,0,0
2014-08-15 04:00:00,2,0,2
2014-08-15 05:00:00,18,6,12
2014-08-15 06:00:00,554,507,47
2014-08-15 07:00:00,565,506,59
2014-08-15 08:00:00,68,20,48
2014-08-15 09:00:00,39,17,22
2014-08-15 10:00:00,41,22,19
2014-08-15 11:00:00,34,15,19
2014-08-15 12:00:00,48,23,25
2014-08-15 13:00:00,70,39,31
2014-08-15 14:00:00,58,20,38
2014-08-15 15:00:00,86,51,35
2014-08-15 16:00:00,94,60,34
2014-08-15 17:00:00,137,87,50
2014-08-15 18:00:00,91,55,36
2014-08-15 19:00:00,65,31,34
2014-08-15 20:00:00,42,16,26
2014-08-15 21:00:00,11,4,7
2014-08-15 22:00:00,8,7,1
2014-08-15 23:00:00,5,2,3
2014-08-16 00:00:00,1,1,0
2014-08-16 01:00:00,2,2,0
2014-08-16 02:00:00,1,0,1
2014-08-16 03:00:00,1,1,0
2014-08-16 04:00:00,4,4,0
2014-08-16 05:00:00,5,0,5
2014-08-16 06:00:00,458,428,30
2014-08-16 07:00:00,571,542,29
2014-08-16 08:00:00,83,50,33
2014-08-16 09:00:00,130,75,55
2014-08-16 10:00:00,155,94,61
2014-08-16 11:00:00,246,137,109
2014-08-16 12:00:00,237,127,110
2014-08-16 13:00:00,224,113,111
2014-08-16 14:00:00,265,158,107
2014-08-16 15:00:00,231,110,121
2014-08-16 16:00:00,196,88,108
2014-08-16 17:00:00,194,81,113
2014-08-16 18:00:00,143,70,73
2014-08-16 19:00:00,86,32,54
2014-08-16 20:00:00,57,18,39
2014-08-16 21:00:00,19,6,13
2014-08-16 22:00:00,4,1,3
2014-08-16 23:00:00,5,1,4
2014-08-17 00:00:00,5,4,1
2014-08-17 01:00:00,0,0,0
2014-08-17 02:00:00,2,1,1
2014-08-17 03:00:00,0,0,0
2014-08-17 04:00:00,1,1,0
2014-08-17 05:00:00,4,2,2
2014-08-17 06:00:00,10,5,5
2014-08-17 07:00:00,36,27,9
2014-08-17 08:00:00,63,34,29
2014-08-17 09:00:00,141,82,59
2014-08-17 10:00:00,198,121,77
2014-08-17 11:00:00,260,139,121
2014-08-17 12:00:00,272,160,112
2014-08-17 13:00:00,280,157,123
2014-08-17 14:00:00,283,128,155
2014-08-17 15:00:00,289,125,164
2014-08-17 16:00:00,235,104,131
2014-08-17 17:00:00,193,81,112
2014-08-17 18:00:00,157,59,98
2014-08-17 19:00:00,124,51,73
2014-08-17 20:00:00,78,35,43
2014-08-17 21:00:00,26,14,12
2014-08-17 22:00:00,1,0,1
2014-08-17 23:00:00,0,0,0
2014-08-18 00:00:00,0,0,0
2014-08-18 01:00:00,0,0,0
2014-08-18 02:00:00,4,0,4
2014-08-18 03:00:00,0,0,0
2014-08-18 04:00:00,3,0,3
2014-08-18 05:00:00,14,2,12
2014-08-18 06:00:00,38,7,31
2014-08-18 07:00:00,78,21,57
2014-08-18 08:00:00,116,31,85
2014-08-18 09:00:00,85,29,56
2014-08-18 10:00:00,68,29,39
2014-08-18 11:00:00,103,49,54
2014-08-18 12:00:00,76,41,35
2014-08-18 13:00:00,75,31,44
2014-08-18 14:00:00,97,52,45
2014-08-18 15:00:00,77,41,36
2014-08-18 16:00:00,137,93,44
2014-08-18 17:00:00,188,122,66
2014-08-18 18:00:00,195,129,66
2014-08-18 19:00:00,110,52,58
2014-08-18 20:00:00,58,31,27
2014-08-18 21:00:00,10,6,4
2014-08-18 22:00:00,4,1,3
2014-08-18 23:00:00,1,1,0
2014-08-19 00:00:00,3,3,0
2014-08-19 01:00:00,1,1,0
2014-08-19 02:00:00,0,0,0
2014-08-19 03:00:00,0,0,0
2014-08-19 04:00:00,5,1,4
2014-08-19 05:00:00,15,3,12
2014-08-19 06:00:00,37,7,30
2014-08-19 07:00:00,99,19,80
2014-08-19 08:00:00,119,38,81
2014-08-19 09:00:00,82,36,46
2014-08-19 10:00:00,68,31,37
2014-08-19 11:00:00,84,46,38
2014-08-19 12:00:00,81,33,48
2014-08-19 13:00:00,68,28,40
2014-08-19 14:00:00,103,66,37
2014-08-19 15:00:00,95,55,40
2014-08-19 16:00:00,148,95,53
2014-08-19 17:00:00,223,147,76
2014-08-19 18:00:00,203,138,65
2014-08-19 19:00:00,131,65,66
2014-08-19 20:00:00,70,28,42
2014-08-19 21:00:00,19,5,14
2014-08-19 22:00:00,8,1,7
2014-08-19 23:00:00,2,2,0
2014-08-20 00:00:00,0,0,0
2014-08-20 01:00:00,0,0,0
2014-08-20 02:00:00,1,1,0
2014-08-20 03:00:00,3,3,0
2014-08-20 04:00:00,5,0,5
2014-08-20 05:00:00,9,1,8
2014-08-20 06:00:00,54,19,35
2014-08-20 07:00:00,88,16,72
2014-08-20 08:00:00,111,37,74
2014-08-20 09:00:00,68,23,45
2014-08-20 10:00:00,50,20,30
2014-08-20 11:00:00,50,28,22
2014-08-20 12:00:00,67,34,33
2014-08-20 13:00:00,47,28,19
2014-08-20 14:00:00,78,44,34
2014-08-20 15:00:00,103,61,42
2014-08-20 16:00:00,127,76,51
2014-08-20 17:00:00,204,130,74
2014-08-20 18:00:00,173,119,54
2014-08-20 19:00:00,114,59,55
2014-08-20 20:00:00,56,31,25
2014-08-20 21:00:00,22,13,9
2014-08-20 22:00:00,7,4,3
2014-08-20 23:00:00,2,2,0
2014-08-21 00:00:00,1,1,0
2014-08-21 01:00:00,0,0,0
2014-08-21 02:00:00,0,0,0
2014-08-21 03:00:00,0,0,0
2014-08-21 04:00:00,5,1,4
2014-08-21 05:00:00,9,1,8
2014-08-21 06:00:00,34,8,26
2014-08-21 07:00:00,87,23,64
2014-08-21 08:00:00,92,19,73
2014-08-21 09:00:00,76,28,48
2014-08-21 10:00:00,61,27,34
2014-08-21 11:00:00,59,27,32
2014-08-21 12:00:00,63,32,31
2014-08-21 13:00:00,57,26,31
2014-08-21 14:00:00,87,48,39
2014-08-21 15:00:00,95,62,33
2014-08-21 16:00:00,125,75,50
2014-08-21 17:00:00,175,117,58
2014-08-21 18:00:00,168,99,69
2014-08-21 19:00:00,129,70,59
2014-08-21 20:00:00,51,25,26
2014-08-21 21:00:00,16,7,9
2014-08-21 22:00:00,6,6,0
2014-08-21 23:00:00,5,0,5
2014-08-22 00:00:00,1,1,0
2014-08-22 01:00:00,1,1,0
2014-08-22 02:00:00,1,0,1
2014-08-22 03:00:00,1,1,0
2014-08-22 04:00:00,5,1,4
2014-08-22 05:00:00,8,2,6
2014-08-22 06:00:00,42,16,26
2014-08-22 07:00:00,78,23,55
2014-08-22 08:00:00,98,31,67
2014-08-22 09:00:00,76,29,47
2014-08-22 10:00:00,68,28,40
2014-08-22 11:00:00,63,36,27
2014-08-22 12:00:00,74,35,39
2014-08-22 13:00:00,94,53,41
2014-08-22 14:00:00,95,62,33
2014-08-22 15:00:00,113,62,51
2014-08-22 16:00:00,153,89,64
2014-08-22 17:00:00,202,129,73
2014-08-22 18:00:00,144,97,47
2014-08-22 19:00:00,79,41,38
2014-08-22 20:00:00,66,30,36
2014-08-22 21:00:00,9,4,5
2014-08-22 22:00:00,5,4,1
2014-08-22 23:00:00,2,2,0
2014-08-23 00:00:00,0,0,0
2014-08-23 01:00:00,1,1,0
2014-08-23 02:00:00,2,1,1
2014-08-23 03:00:00,0,0,0
2014-08-23 04:00:00,1,1,0
2014-08-23 05:00:00,2,0,2
2014-08-23 06:00:00,50,41,9
2014-08-23 07:00:00,201,187,14
2014-08-23 08:00:00,101,69,32
2014-08-23 09:00:00,127,72,55
2014-08-23 10:00:00,173,105,68
2014-08-23 11:00:00,217,126,91
2014-08-23 12:00:00,188,98,90
2014-08-23 13:00:00,233,136,97
2014-08-23 14:00:00,227,120,107
2014-08-23 15:00:00,198,99,99
2014-08-23 16:00:00,235,101,134
2014-08-23 17:00:00,159,67,92
2014-08-23 18:00:00,128,56,72
2014-08-23 19:00:00,96,43,53
2014-08-23 20:00:00,44,13,31
2014-08-23 21:00:00,13,6,7
2014-08-23 22:00:00,6,1,5
2014-08-23 23:00:00,2,0,2
2014-08-24 00:00:00,0,0,0
2014-08-24 01:00:00,0,0,0
2014-08-24 02:00:00,2,0,2
2014-08-24 03:00:00,2,1,1
2014-08-24 04:00:00,0,0,0
2014-08-24 05:00:00,2,1,1
2014-08-24 06:00:00,15,3,12
2014-08-24 07:00:00,43,32,11
2014-08-24 08:00:00,70,40,30
2014-08-24 09:00:00,107,68,39
2014-08-24 10:00:00,176,99,77
2014-08-24 11:00:00,249,135,114
2014-08-24 12:00:00,215,96,119
2014-08-24 13:00:00,249,135,114
2014-08-24 14:00:00,261,126,135
2014-08-24 15:00:00,238,107,131
2014-08-24 16:00:00,239,133,106
2014-08-24 17:00:00,204,96,108
2014-08-24 18:00:00,115,68,47
2014-08-24 19:00:00,89,34,55
2014-08-24 20:00:00,45,20,25
2014-08-24 21:00:00,6,0,6
2014-08-24 22:00:00,2,2,0
2014-08-24 23:00:00,1,0,1
2014-08-25 00:00:00,2,2,0
2014-08-25 01:00:00,2,2,0
2014-08-25 02:00:00,0,0,0
2014-08-25 03:00:00,0,0,0
2014-08-25 04:00:00,4,0,4
2014-08-25 05:00:00,11,1,10
2014-08-25 06:00:00,33,8,25
2014-08-25 07:00:00,82,26,56
2014-08-25 08:00:00,94,27,67
2014-08-25 09:00:00,78,28,50
2014-08-25 10:00:00,86,38,48
2014-08-25 11:00:00,74,41,33
2014-08-25 12:00:00,82,41,41
2014-08-25 13:00:00,88,50,38
2014-08-25 14:00:00,93,56,37
2014-08-25 15:00:00,88,44,44
2014-08-25 16:00:00,163,101,62
2014-08-25 17:00:00,209,151,58
2014-08-25 18:00:00,214,137,77
2014-08-25 19:00:00,139,63,76
2014-08-25 20:00:00,47,23,24
2014-08-25 21:00:00,11,9,2
2014-08-25 22:00:00,2,1,1
2014-08-25 23:00:00,6,1,5
2014-08-26 00:00:00,1,1,0
2014-08-26 01:00:00,0,0,0
2014-08-26 02:00:00,0,0,0
2014-08-26 03:00:00,0,0,0
2014-08-26 04:00:00,7,2,5
2014-08-26 05:00:00,17,2,15
2014-08-26 06:00:00,46,11,35
2014-08-26 07:00:00,101,22,79
2014-08-26 08:00:00,96,21,75
2014-08-26 09:00:00,85,36,49
2014-08-26 10:00:00,89,40,49
2014-08-26 11:00:00,82,46,36
2014-08-26 12:00:00,84,42,42
2014-08-26 13:00:00,129,65,64
2014-08-26 14:00:00,88,51,37
2014-08-26 15:00:00,74,41,33
2014-08-26 16:00:00,138,97,41
2014-08-26 17:00:00,189,130,59
2014-08-26 18:00:00,197,128,69
2014-08-26 19:00:00,155,88,67
2014-08-26 20:00:00,87,42,45
2014-08-26 21:00:00,17,12,5
2014-08-26 22:00:00,9,2,7
2014-08-26 23:00:00,4,2,2
2014-08-27 00:00:00,1,1,0
2014-08-27 01:00:00,1,1,0
2014-08-27 02:00:00,1,1,0
2014-08-27 03:00:00,2,1,1
2014-08-27 04:00:00,5,0,5
2014-08-27 05:00:00,17,5,12
2014-08-27 06:00:00,41,13,28
2014-08-27 07:00:00,95,25,70
2014-08-27 08:00:00,112,34,78
2014-08-27 09:00:00,100,39,61
2014-08-27 10:00:00,79,36,43
2014-08-27 11:00:00,71,34,37
2014-08-27 12:00:00,83,45,38
2014-08-27 13:00:00,80,42,38
2014-08-27 14:00:00,85,38,47
2014-08-27 15:00:00,88,57,31
2014-08-27 16:00:00,149,100,49
2014-08-27 17:00:00,215,158,57
2014-08-27 18:00:00,208,139,69
2014-08-27 19:00:00,156,80,76
2014-08-27 20:00:00,69,26,43
2014-08-27 21:00:00,18,9,9
2014-08-27 22:00:00,4,3,1
2014-08-27 23:00:00,3,3,0
2014-08-28 00:00:00,1,1,0
2014-08-28 01:00:00,0,0,0
2014-08-28 02:00:00,1,0,1
2014-08-28 03:00:00,0,0,0
2014-08-28 04:00:00,4,0,4
2014-08-28 05:00:00,14,5,9
2014-08-28 06:00:00,32,4,28
2014-08-28 07:00:00,90,26,64
2014-08-28 08:00:00,105,29,76
2014-08-28 09:00:00,96,52,44
2014-08-28 10:00:00,68,29,39
2014-08-28 11:00:00,51,25,26
2014-08-28 12:00:00,66,35,31
2014-08-28 13:00:00,75,37,38
2014-08-28 14:00:00,66,38,28
2014-08-28 15:00:00,75,46,29
2014-08-28 16:00:00,133,79,54
2014-08-28 17:00:00,178,121,57
2014-08-28 18:00:00,173,104,69
2014-08-28 19:00:00,114,63,51
2014-08-28 20:00:00,94,72,22
2014-08-28 21:00:00,17,6,11
2014-08-28 22:00:00,7,5,2
2014-08-28 23:00:00,54,4,50
2014-08-29 00:00:00,3,1,2
2014-08-29 01:00:00,0,0,0
2014-08-29 02:00:00,0,0,0
2014-08-29 03:00:00,0,0,0
2014-08-29 04:00:00,2,0,2
2014-08-29 05:00:00,8,2,6
2014-08-29 06:00:00,24,6,18
2014-08-29 07:00:00,66,18,48
2014-08-29 08:00:00,90,35,55
2014-08-29 09:00:00,66,27,39
2014-08-29 10:00:00,43,21,22
2014-08-29 11:00:00,55,33,22
2014-08-29 12:00:00,43,21,22
2014-08-29 13:00:00,49,26,23
2014-08-29 14:00:00,36,15,21
2014-08-29 15:00:00,75,42,33
2014-08-29 16:00:00,108,58,50
2014-08-29 17:00:00,102,61,41
2014-08-29 18:00:00,96,53,43
2014-08-29 19:00:00,73,41,32
2014-08-29 20:00:00,42,25,17
2014-08-29 21:00:00,5,4,1
2014-08-29 22:00:00,5,5,0
2014-08-29 23:00:00,1,1,0
2014-08-30 00:00:00,3,1,2
2014-08-30 01:00:00,1,1,0
2014-08-30 02:00:00,3,3,0
2014-08-30 03:00:00,0,0,0
2014-08-30 04:00:00,1,0,1
2014-08-30 05:00:00,1,1,0
2014-08-30 06:00:00,10,5,5
2014-08-30 07:00:00,25,18,7
2014-08-30 08:00:00,51,32,19
2014-08-30 09:00:00,60,36,24
2014-08-30 10:00:00,44,21,23
2014-08-30 11:00:00,36,22,14
2014-08-30 12:00:00,69,28,41
2014-08-30 13:00:00,45,21,24
2014-08-30 14:00:00,53,39,14
2014-08-30 15:00:00,44,28,16
2014-08-30 16:00:00,48,27,21
2014-08-30 17:00:00,47,14,33
2014-08-30 18:00:00,21,10,11
2014-08-30 19:00:00,27,13,14
2014-08-30 20:00:00,8,3,5
2014-08-30 21:00:00,11,3,8
2014-08-30 22:00:00,6,2,4
2014-08-30 23:00:00,0,0,0
2014-08-31 00:00:00,2,0,2
2014-08-31 01:00:00,1,1,0
2014-08-31 02:00:00,2,2,0
2014-08-31 03:00:00,0,0,0
2014-08-31 04:00:00,0,0,0
2014-08-31 05:00:00,0,0,0
2014-08-31 06:00:00,3,2,1
2014-08-31 07:00:00,9,6,3
2014-08-31 08:00:00,35,21,14
2014-08-31 09:00:00,46,26,20
2014-08-31 10:00:00,103,61,42
2014-08-31 11:00:00,141,75,66
2014-08-31 12:00:00,162,95,67
2014-08-31 13:00:00,209,113,96
2014-08-31 14:00:00,213,110,103
2014-08-31 15:00:00,238,116,122
2014-08-31 16:00:00,182,100,82
2014-08-31 17:00:00,194,84,110
2014-08-31 18:00:00,138,49,89
2014-08-31 19:00:00,82,28,54
2014-08-31 20:00:00,20,4,16
2014-08-31 21:00:00,5,3,2
2014-08-31 22:00:00,4,4,0
2014-08-31 23:00:00,13,10,3
2014-09-01 00:00:00,0,0,0
2014-09-01 01:00:00,0,0,0
2014-09-01 02:00:00,0,0,0
2014-09-01 03:00:00,0,0,0
2014-09-01 04:00:00,1,0,1
2014-09-01 05:00:00,2,1,1
2014-09-01 06:00:00,7,3,4
2014-09-01 07:00:00,38,20,18
2014-09-01 08:00:00,66,43,23
2014-09-01 09:00:00,76,38,38
2014-09-01 10:00:00,173,101,72
2014-09-01 11:00:00,211,116,95
2014-09-01 12:00:00,237,119,118
2014-09-01 13:00:00,281,150,131
2014-09-01 14:00:00,372,199,173
2014-09-01 15:00:00,344,177,167
2014-09-01 16:00:00,316,150,166
2014-09-01 17:00:00,256,98,158
2014-09-01 18:00:00,192,91,101
2014-09-01 19:00:00,95,41,54
2014-09-01 20:00:00,48,14,34
2014-09-01 21:00:00,11,4,7
2014-09-01 22:00:00,3,1,2
2014-09-01 23:00:00,1,1,0
2014-09-02 00:00:00,0,0,0
2014-09-02 01:00:00,0,0,0
2014-09-02 02:00:00,0,0,0
2014-09-02 03:00:00,1,1,0
2014-09-02 04:00:00,3,0,3
2014-09-02 05:00:00,12,1,11
2014-09-02 06:00:00,22,3,19
2014-09-02 07:00:00,71,15,56
2014-09-02 08:00:00,77,21,56
2014-09-02 09:00:00,65,28,37
2014-09-02 10:00:00,43,17,26
2014-09-02 11:00:00,36,18,18
2014-09-02 12:00:00,53,30,23
2014-09-02 13:00:00,38,18,20
2014-09-02 14:00:00,41,24,17
2014-09-02 15:00:00,97,45,52
2014-09-02 16:00:00,121,88,33
2014-09-02 17:00:00,102,70,32
2014-09-02 18:00:00,39,22,17
2014-09-02 19:00:00,15,9,6
2014-09-02 20:00:00,5,3,2
2014-09-02 21:00:00,3,3,0
2014-09-02 22:00:00,2,2,0
2014-09-02 23:00:00,0,0,0
2014-09-03 00:00:00,0,0,0
2014-09-03 01:00:00,1,1,0
2014-09-03 02:00:00,0,0,0
2014-09-03 03:00:00,4,1,3
2014-09-03 04:00:00,9,3,6
2014-09-03 05:00:00,35,3,32
2014-09-03 06:00:00,84,28,56
2014-09-03 07:00:00,83,16,67
2014-09-03 08:00:00,61,23,38
2014-09-03 09:00:00,69,32,37
2014-09-03 10:00:00,59,33,26
2014-09-03 11:00:00,37,16,21
2014-09-03 12:00:00,36,14,22
2014-09-03 13:00:00,44,25,19
2014-09-03 14:00:00,84,57,27
2014-09-03 15:00:00,131,70,61
2014-09-03 16:00:00,185,121,64
2014-09-03 17:00:00,179,114,65
2014-09-03 18:00:00,110,53,57
2014-09-03 19:00:00,44,25,19
2014-09-03 20:00:00,10,4,6
2014-09-03 21:00:00,6,5,1
2014-09-03 22:00:00,3,3,0
2014-09-03 23:00:00,2,0,2
2014-09-04 00:00:00,0,0,0
2014-09-04 01:00:00,0,0,0
2014-09-04 02:00:00,0,0,0
2014-09-04 03:00:00,5,2,3
2014-09-04 04:00:00,10,1,9
2014-09-04 05:00:00,30,7,23
2014-09-04 06:00:00,89,13,76
2014-09-04 07:00:00,99,28,71
2014-09-04 08:00:00,78,34,44
2014-09-04 09:00:00,66,30,36
2014-09-04 10:00:00,68,35,33
2014-09-04 11:00:00,77,46,31
2014-09-04 12:00:00,57,26,31
2014-09-04 13:00:00,71,39,32
2014-09-04 14:00:00,105,73,32
2014-09-04 15:00:00,151,91,60
2014-09-04 16:00:00,177,110,67
2014-09-04 17:00:00,137,91,46
2014-09-04 18:00:00,73,37,36
2014-09-04 19:00:00,34,16,18
2014-09-04 20:00:00,16,10,6
2014-09-04 21:00:00,9,9,0
2014-09-04 22:00:00,6,6,0
2014-09-04 23:00:00,3,3,0
2014-09-05 00:00:00,2,2,0
2014-09-05 01:00:00,0,0,0
2014-09-05 02:00:00,0,0,0
2014-09-05 03:00:00,4,1,3
2014-09-05 04:00:00,12,2,10
2014-09-05 05:00:00,29,7,22
2014-09-05 06:00:00,77,25,52
2014-09-05 07:00:00,106,34,72
2014-09-05 08:00:00,83,34,49
2014-09-05 09:00:00,62,35,27
2014-09-05 10:00:00,88,55,33
2014-09-05 11:00:00,102,45,57
2014-09-05 12:00:00,106,59,47
2014-09-05 13:00:00,115,60,55
2014-09-05 14:00:00,105,48,57
2014-09-05 15:00:00,126,82,44
2014-09-05 16:00:00,187,107,80
2014-09-05 17:00:00,151,101,50
2014-09-05 18:00:00,104,48,56
2014-09-05 19:00:00,30,13,17
2014-09-05 20:00:00,13,3,10
2014-09-05 21:00:00,2,2,0
2014-09-05 22:00:00,4,2,2
2014-09-05 23:00:00,3,1,2
2014-09-06 00:00:00,1,0,1
2014-09-06 01:00:00,4,4,0
2014-09-06 02:00:00,0,0,0
2014-09-06 03:00:00,0,0,0
2014-09-06 04:00:00,3,3,0
2014-09-06 05:00:00,9,4,5
2014-09-06 06:00:00,38,21,17
2014-09-06 07:00:00,89,59,30
2014-09-06 08:00:00,124,75,49
2014-09-06 09:00:00,177,86,91
2014-09-06 10:00:00,199,98,101
2014-09-06 11:00:00,202,87,115
2014-09-06 12:00:00,219,116,103
2014-09-06 13:00:00,226,134,92
2014-09-06 14:00:00,204,106,98
2014-09-06 15:00:00,222,129,93
2014-09-06 16:00:00,175,72,103
2014-09-06 17:00:00,146,67,79
2014-09-06 18:00:00,107,46,61
2014-09-06 19:00:00,38,20,18
2014-09-06 20:00:00,17,8,9
2014-09-06 21:00:00,1,1,0
2014-09-06 22:00:00,6,5,1
2014-09-06 23:00:00,3,3,0
2014-09-07 00:00:00,2,2,0
2014-09-07 01:00:00,0,0,0
2014-09-07 02:00:00,0,0,0
2014-09-07 03:00:00,1,1,0
2014-09-07 04:00:00,1,0,1
2014-09-07 05:00:00,4,3,1
2014-09-07 06:00:00,30,24,6
2014-09-07 07:00:00,84,51,33
2014-09-07 08:00:00,120,72,48
2014-09-07 09:00:00,159,100,59
2014-09-07 10:00:00,243,123,120
2014-09-07 11:00:00,268,137,131
2014-09-07 12:00:00,216,117,99
2014-09-07 13:00:00,289,155,134
2014-09-07 14:00:00,255,112,143
2014-09-07 15:00:00,298,181,117
2014-09-07 16:00:00,215,91,124
2014-09-07 17:00:00,138,60,78
2014-09-07 18:00:00,83,44,39
2014-09-07 19:00:00,34,14,20
2014-09-07 20:00:00,18,5,13
2014-09-07 21:00:00,8,5,3
2014-09-07 22:00:00,2,2,0
2014-09-07 23:00:00,1,1,0
2014-09-08 00:00:00,0,0,0
2014-09-08 01:00:00,0,0,0
2014-09-08 02:00:00,0,0,0
2014-09-08 03:00:00,4,0,4
2014-09-08 04:00:00,7,0,7
2014-09-08 05:00:00,30,4,26
2014-09-08 06:00:00,86,23,63
2014-09-08 07:00:00,100,29,71
2014-09-08 08:00:00,64,25,39
2014-09-08 09:00:00,44,18,26
2014-09-08 10:00:00,57,21,36
2014-09-08 11:00:00,57,36,21
2014-09-08 12:00:00,54,32,22
2014-09-08 13:00:00,48,27,21
2014-09-08 14:00:00,52,26,26
2014-09-08 15:00:00,105,75,30
2014-09-08 16:00:00,155,112,43
2014-09-08 17:00:00,149,95,54
2014-09-08 18:00:00,74,41,33
2014-09-08 19:00:00,26,14,12
2014-09-08 20:00:00,7,5,2
2014-09-08 21:00:00,0,0,0
2014-09-08 22:00:00,3,3,0
2014-09-08 23:00:00,1,0,1
2014-09-09 00:00:00,0,0,0
2014-09-09 01:00:00,1,1,0
2014-09-09 02:00:00,0,0,0
2014-09-09 03:00:00,4,1,3
2014-09-09 04:00:00,12,3,9
2014-09-09 05:00:00,33,7,26
2014-09-09 06:00:00,68,11,57
2014-09-09 07:00:00,95,36,59
2014-09-09 08:00:00,68,30,38
2014-09-09 09:00:00,52,20,32
2014-09-09 10:00:00,46,19,27
2014-09-09 11:00:00,39,26,13
2014-09-09 12:00:00,34,24,10
2014-09-09 13:00:00,47,23,24
2014-09-09 14:00:00,69,29,40
2014-09-09 15:00:00,107,70,37
2014-09-09 16:00:00,181,123,58
2014-09-09 17:00:00,166,97,69
2014-09-09 18:00:00,74,43,31
2014-09-09 19:00:00,30,11,19
2014-09-09 20:00:00,9,6,3
2014-09-09 21:00:00,1,1,0
2014-09-09 22:00:00,3,3,0
2014-09-09 23:00:00,1,1,0
2014-09-10 00:00:00,1,1,0
2014-09-10 01:00:00,1,1,0
2014-09-10 02:00:00,0,0,0
2014-09-10 03:00:00,3,0,3
2014-09-10 04:00:00,5,1,4
2014-09-10 05:00:00,28,2,26
2014-09-10 06:00:00,75,19,56
2014-09-10 07:00:00,110,31,79
2014-09-10 08:00:00,64,26,38
2014-09-10 09:00:00,32,13,19
2014-09-10 10:00:00,48,31,17
2014-09-10 11:00:00,52,22,30
2014-09-10 12:00:00,51,29,22
2014-09-10 13:00:00,64,34,30
2014-09-10 14:00:00,85,49,36
2014-09-10 15:00:00,125,72,53
2014-09-10 16:00:00,172,117,55
2014-09-10 17:00:00,166,112,54
2014-09-10 18:00:00,100,46,54
2014-09-10 19:00:00,26,14,12
2014-09-10 20:00:00,11,4,7
2014-09-10 21:00:00,7,5,2
2014-09-10 22:00:00,2,2,0
2014-09-10 23:00:00,2,2,0
2014-09-11 00:00:00,1,1,0
2014-09-11 01:00:00,1,0,1
2014-09-11 02:00:00,0,0,0
2014-09-11 03:00:00,5,1,4
2014-09-11 04:00:00,11,3,8
2014-09-11 05:00:00,32,9,23
2014-09-11 06:00:00,91,29,62
2014-09-11 07:00:00,83,26,57
2014-09-11 08:00:00,62,23,39
2014-09-11 09:00:00,70,28,42
2014-09-11 10:00:00,52,24,28
2014-09-11 11:00:00,49,23,26
2014-09-11 12:00:00,73,49,24
2014-09-11 13:00:00,71,37,34
2014-09-11 14:00:00,61,34,27
2014-09-11 15:00:00,100,54,46
2014-09-11 16:00:00,175,118,57
2014-09-11 17:00:00,166,100,66
2014-09-11 18:00:00,83,53,30
2014-09-11 19:00:00,21,12,9
2014-09-11 20:00:00,10,8,2
2014-09-11 21:00:00,7,7,0
2014-09-11 22:00:00,1,1,0
2014-09-11 23:00:00,1,1,0
2014-09-12 00:00:00,2,0,2
2014-09-12 01:00:00,0,0,0
2014-09-12 02:00:00,0,0,0
2014-09-12 03:00:00,3,0,3
2014-09-12 04:00:00,6,2,4
2014-09-12 05:00:00,38,10,28
2014-09-12 06:00:00,69,22,47
2014-09-12 07:00:00,83,20,63
2014-09-12 08:00:00,74,27,47
2014-09-12 09:00:00,67,31,36
2014-09-12 10:00:00,82,35,47
2014-09-12 11:00:00,92,47,45
2014-09-12 12:00:00,100,52,48
2014-09-12 13:00:00,105,59,46
2014-09-12 14:00:00,98,55,43
2014-09-12 15:00:00,138,85,53
2014-09-12 16:00:00,167,115,52
2014-09-12 17:00:00,115,68,47
2014-09-12 18:00:00,62,31,31
2014-09-12 19:00:00,21,9,12
2014-09-12 20:00:00,7,5,2
2014-09-12 21:00:00,3,3,0
2014-09-12 22:00:00,6,6,0
2014-09-12 23:00:00,0,0,0
2014-09-13 00:00:00,2,2,0
2014-09-13 01:00:00,1,0,1
2014-09-13 02:00:00,0,0,0
2014-09-13 03:00:00,0,0,0
2014-09-13 04:00:00,2,0,2
2014-09-13 05:00:00,6,4,2
2014-09-13 06:00:00,39,23,16
2014-09-13 07:00:00,59,35,24
2014-09-13 08:00:00,106,46,60
2014-09-13 09:00:00,133,69,64
2014-09-13 10:00:00,193,108,85
2014-09-13 11:00:00,224,127,97
2014-09-13 12:00:00,196,99,97
2014-09-13 13:00:00,182,103,79
2014-09-13 14:00:00,175,85,90
2014-09-13 15:00:00,234,125,109
2014-09-13 16:00:00,173,99,74
2014-09-13 17:00:00,116,45,71
2014-09-13 18:00:00,86,28,58
2014-09-13 19:00:00,23,4,19
2014-09-13 20:00:00,4,3,1
2014-09-13 21:00:00,5,4,1
2014-09-13 22:00:00,3,3,0
2014-09-13 23:00:00,1,1,0
2014-09-14 00:00:00,0,0,0
2014-09-14 01:00:00,2,1,1
2014-09-14 02:00:00,0,0,0
2014-09-14 03:00:00,0,0,0
2014-09-14 04:00:00,2,0,2
2014-09-14 05:00:00,5,3,2
2014-09-14 06:00:00,29,19,10
2014-09-14 07:00:00,80,53,27
2014-09-14 08:00:00,108,53,55
2014-09-14 09:00:00,149,80,69
2014-09-14 10:00:00,248,143,105
2014-09-14 11:00:00,192,84,108
2014-09-14 12:00:00,212,114,98
2014-09-14 13:00:00,206,99,107
2014-09-14 14:00:00,146,76,70
2014-09-14 15:00:00,202,93,109
2014-09-14 16:00:00,175,86,89
2014-09-14 17:00:00,131,59,72
2014-09-14 18:00:00,58,19,39
2014-09-14 19:00:00,14,7,7
2014-09-14 20:00:00,8,7,1
2014-09-14 21:00:00,4,2,2
2014-09-14 22:00:00,2,2,0
2014-09-14 23:00:00,0,0,0
2014-09-15 00:00:00,0,0,0
2014-09-15 01:00:00,0,0,0
2014-09-15 02:00:00,0,0,0
2014-09-15 03:00:00,2,0,2
2014-09-15 04:00:00,15,3,12
2014-09-15 05:00:00,29,3,26
2014-09-15 06:00:00,81,17,64
2014-09-15 07:00:00,97,31,66
2014-09-15 08:00:00,77,25,52
2014-09-15 09:00:00,68,34,34
2014-09-15 10:00:00,88,41,47
2014-09-15 11:00:00,81,44,37
2014-09-15 12:00:00,92,51,41
2014-09-15 13:00:00,81,36,45
2014-09-15 14:00:00,100,61,39
2014-09-15 15:00:00,119,82,37
2014-09-15 16:00:00,191,123,68
2014-09-15 17:00:00,165,105,60
2014-09-15 18:00:00,83,40,43
2014-09-15 19:00:00,23,10,13
2014-09-15 20:00:00,11,9,2
2014-09-15 21:00:00,3,2,1
2014-09-15 22:00:00,4,4,0
2014-09-15 23:00:00,0,0,0
2014-09-16 00:00:00,0,0,0
2014-09-16 01:00:00,0,0,0
2014-09-16 02:00:00,0,0,0
2014-09-16 03:00:00,4,1,3
2014-09-16 04:00:00,12,3,9
2014-09-16 05:00:00,33,4,29
2014-09-16 06:00:00,69,16,53
2014-09-16 07:00:00,95,23,72
2014-09-16 08:00:00,68,21,47
2014-09-16 09:00:00,64,31,33
2014-09-16 10:00:00,48,22,26
2014-09-16 11:00:00,47,20,27
2014-09-16 12:00:00,67,35,32
2014-09-16 13:00:00,69,39,30
2014-09-16 14:00:00,87,48,39
2014-09-16 15:00:00,153,97,56
2014-09-16 16:00:00,190,127,63
2014-09-16 17:00:00,161,101,60
2014-09-16 18:00:00,69,40,29
2014-09-16 19:00:00,18,11,7
2014-09-16 20:00:00,10,8,2
2014-09-16 21:00:00,2,2,0
2014-09-16 22:00:00,0,0,0
2014-09-16 23:00:00,0,0,0
2014-09-17 00:00:00,1,1,0
2014-09-17 01:00:00,0,0,0
2014-09-17 02:00:00,0,0,0
2014-09-17 03:00:00,2,0,2
2014-09-17 04:00:00,12,2,10
2014-09-17 05:00:00,36,6,30
2014-09-17 06:00:00,74,20,54
2014-09-17 07:00:00,96,24,72
2014-09-17 08:00:00,79,35,44
2014-09-17 09:00:00,34,13,21
2014-09-17 10:00:00,37,14,23
2014-09-17 11:00:00,32,13,19
2014-09-17 12:00:00,41,26,15
2014-09-17 13:00:00,49,32,17
2014-09-17 14:00:00,57,33,24
2014-09-17 15:00:00,87,54,33
2014-09-17 16:00:00,133,96,37
2014-09-17 17:00:00,134,77,57
2014-09-17 18:00:00,74,34,40
2014-09-17 19:00:00,21,10,11
2014-09-17 20:00:00,11,7,4
2014-09-17 21:00:00,5,3,2
2014-09-17 22:00:00,5,4,1
2014-09-17 23:00:00,1,1,0
2014-09-18 00:00:00,0,0,0
2014-09-18 01:00:00,0,0,0
2014-09-18 02:00:00,0,0,0
2014-09-18 03:00:00,5,1,4
2014-09-18 04:00:00,9,2,7
2014-09-18 05:00:00,16,3,13
2014-09-18 06:00:00,39,10,29
2014-09-18 07:00:00,66,17,49
2014-09-18 08:00:00,49,21,28
2014-09-18 09:00:00,23,12,11
2014-09-18 10:00:00,22,7,15
2014-09-18 11:00:00,22,9,13
2014-09-18 12:00:00,29,14,15
2014-09-18 13:00:00,36,18,18
2014-09-18 14:00:00,41,27,14
2014-09-18 15:00:00,63,47,16
2014-09-18 16:00:00,92,58,34
2014-09-18 17:00:00,92,61,31
2014-09-18 18:00:00,25,13,12
2014-09-18 19:00:00,18,12,6
2014-09-18 20:00:00,11,7,4
2014-09-18 21:00:00,3,3,0
2014-09-18 22:00:00,4,3,1
2014-09-18 23:00:00,1,1,0
2014-09-19 00:00:00,0,0,0
2014-09-19 01:00:00,0,0,0
2014-09-19 02:00:00,2,0,2
2014-09-19 03:00:00,3,0,3
2014-09-19 04:00:00,8,1,7
2014-09-19 05:00:00,16,1,15
2014-09-19 06:00:00,70,13,57
2014-09-19 07:00:00,92,30,62
2014-09-19 08:00:00,60,22,38
2014-09-19 09:00:00,44,18,26
2014-09-19 10:00:00,57,27,30
2014-09-19 11:00:00,43,18,25
2014-09-19 12:00:00,60,33,27
2014-09-19 13:00:00,67,41,26
2014-09-19 14:00:00,76,49,27
2014-09-19 15:00:00,124,69,55
2014-09-19 16:00:00,136,89,47
2014-09-19 17:00:00,137,86,51
2014-09-19 18:00:00,44,19,25
2014-09-19 19:00:00,23,14,9
2014-09-19 20:00:00,4,3,1
2014-09-19 21:00:00,4,4,0
2014-09-19 22:00:00,2,2,0
2014-09-19 23:00:00,0,0,0
2014-09-20 00:00:00,0,0,0
2014-09-20 01:00:00,1,1,0
2014-09-20 02:00:00,0,0,0
2014-09-20 03:00:00,0,0,0
2014-09-20 04:00:00,1,0,1
2014-09-20 05:00:00,4,3,1
2014-09-20 06:00:00,29,17,12
2014-09-20 07:00:00,60,33,27
2014-09-20 08:00:00,89,48,41
2014-09-20 09:00:00,111,77,34
2014-09-20 10:00:00,175,83,92
2014-09-20 11:00:00,194,116,78
2014-09-20 12:00:00,224,125,99
2014-09-20 13:00:00,216,110,106
2014-09-20 14:00:00,235,99,136
2014-09-20 15:00:00,215,82,133
2014-09-20 16:00:00,152,57,95
2014-09-20 17:00:00,147,66,81
2014-09-20 18:00:00,83,46,37
2014-09-20 19:00:00,27,10,17
2014-09-20 20:00:00,11,6,5
2014-09-20 21:00:00,9,4,5
2014-09-20 22:00:00,5,4,1
2014-09-20 23:00:00,3,3,0
2014-09-21 00:00:00,0,0,0
2014-09-21 01:00:00,1,0,1
2014-09-21 02:00:00,0,0,0
2014-09-21 03:00:00,0,0,0
2014-09-21 04:00:00,1,1,0
2014-09-21 05:00:00,1,1,0
2014-09-21 06:00:00,32,22,10
2014-09-21 07:00:00,58,35,23
2014-09-21 08:00:00,94,54,40
2014-09-21 09:00:00,143,75,68
2014-09-21 10:00:00,167,89,78
2014-09-21 11:00:00,228,116,112
2014-09-21 12:00:00,209,101,108
2014-09-21 13:00:00,185,102,83
2014-09-21 14:00:00,195,94,101
2014-09-21 15:00:00,169,81,88
2014-09-21 16:00:00,153,69,84
2014-09-21 17:00:00,112,47,65
2014-09-21 18:00:00,46,14,32
2014-09-21 19:00:00,16,6,10
2014-09-21 20:00:00,1,1,0
2014-09-21 21:00:00,1,1,0
2014-09-21 22:00:00,0,0,0
2014-09-21 23:00:00,2,1,1
2014-09-22 00:00:00,0,0,0
2014-09-22 01:00:00,1,0,1
2014-09-22 02:00:00,1,0,1
2014-09-22 03:00:00,4,2,2
2014-09-22 04:00:00,11,1,10
2014-09-22 05:00:00,30,4,26
2014-09-22 06:00:00,74,16,58
2014-09-22 07:00:00,77,17,60
2014-09-22 08:00:00,57,24,33
2014-09-22 09:00:00,39,14,25
2014-09-22 10:00:00,36,23,13
2014-09-22 11:00:00,39,21,18
2014-09-22 12:00:00,32,13,19
2014-09-22 13:00:00,72,41,31
2014-09-22 14:00:00,63,29,34
2014-09-22 15:00:00,111,76,35
2014-09-22 16:00:00,149,103,46
2014-09-22 17:00:00,152,105,47
2014-09-22 18:00:00,68,41,27
2014-09-22 19:00:00,16,10,6
2014-09-22 20:00:00,6,2,4
2014-09-22 21:00:00,5,2,3
2014-09-22 22:00:00,2,2,0
2014-09-22 23:00:00,0,0,0
2014-09-23 00:00:00,0,0,0
2014-09-23 01:00:00,0,0,0
2014-09-23 02:00:00,0,0,0
2014-09-23 03:00:00,6,1,5
2014-09-23 04:00:00,10,1,9
2014-09-23 05:00:00,28,4,24
2014-09-23 06:00:00,56,16,40
2014-09-23 07:00:00,91,26,65
2014-09-23 08:00:00,60,21,39
2014-09-23 09:00:00,40,19,21
2014-09-23 10:00:00,29,16,13
2014-09-23 11:00:00,30,8,22
2014-09-23 12:00:00,28,16,12
2014-09-23 13:00:00,26,14,12
2014-09-23 14:00:00,29,16,13
2014-09-23 15:00:00,62,44,18
2014-09-23 16:00:00,96,74,22
2014-09-23 17:00:00,86,72,14
2014-09-23 18:00:00,37,27,10
2014-09-23 19:00:00,17,12,5
2014-09-23 20:00:00,2,2,0
2014-09-23 21:00:00,2,2,0
2014-09-23 22:00:00,0,0,0
2014-09-23 23:00:00,1,0,1
2014-09-24 00:00:00,0,0,0
2014-09-24 01:00:00,1,1,0
2014-09-24 02:00:00,0,0,0
2014-09-24 03:00:00,5,0,5
2014-09-24 04:00:00,10,3,7
2014-09-24 05:00:00,13,1,12
2014-09-24 06:00:00,25,4,21
2014-09-24 07:00:00,40,7,33
2014-09-24 08:00:00,32,7,25
2014-09-24 09:00:00,17,8,9
2014-09-24 10:00:00,15,2,13
2014-09-24 11:00:00,12,7,5
2014-09-24 12:00:00,20,12,8
2014-09-24 13:00:00,33,10,23
2014-09-24 14:00:00,31,19,12
2014-09-24 15:00:00,65,42,23
2014-09-24 16:00:00,93,70,23
2014-09-24 17:00:00,71,48,23
2014-09-24 18:00:00,27,11,16
2014-09-24 19:00:00,19,15,4
2014-09-24 20:00:00,7,5,2
2014-09-24 21:00:00,5,3,2
2014-09-24 22:00:00,2,0,2
2014-09-24 23:00:00,1,1,0
2014-09-25 00:00:00,0,0,0
2014-09-25 01:00:00,0,0,0
2014-09-25 02:00:00,0,0,0
2014-09-25 03:00:00,5,0,5
2014-09-25 04:00:00,5,0,5
2014-09-25 05:00:00,16,3,13
2014-09-25 06:00:00,44,10,34
2014-09-25 07:00:00,37,9,28
2014-09-25 08:00:00,46,16,30
2014-09-25 09:00:00,25,8,17
2014-09-25 10:00:00,9,4,5
2014-09-25 11:00:00,14,8,6
2014-09-25 12:00:00,13,10,3
2014-09-25 13:00:00,34,20,14
2014-09-25 14:00:00,60,30,30
2014-09-25 15:00:00,83,59,24
2014-09-25 16:00:00,124,81,43
2014-09-25 17:00:00,92,56,36
2014-09-25 18:00:00,33,20,13
2014-09-25 19:00:00,11,4,7
2014-09-25 20:00:00,6,6,0
2014-09-25 21:00:00,4,3,1
2014-09-25 22:00:00,2,0,2
2014-09-25 23:00:00,0,0,0
2014-09-26 00:00:00,0,0,0
2014-09-26 01:00:00,0,0,0
2014-09-26 02:00:00,0,0,0
2014-09-26 03:00:00,5,2,3
2014-09-26 04:00:00,10,1,9
2014-09-26 05:00:00,13,3,10
2014-09-26 06:00:00,34,9,25
2014-09-26 07:00:00,52,10,42
2014-09-26 08:00:00,35,11,24
2014-09-26 09:00:00,15,5,10
2014-09-26 10:00:00,20,7,13
2014-09-26 11:00:00,15,8,7
2014-09-26 12:00:00,26,13,13
2014-09-26 13:00:00,41,25,16
2014-09-26 14:00:00,58,33,25
2014-09-26 15:00:00,67,41,26
2014-09-26 16:00:00,96,66,30
2014-09-26 17:00:00,71,50,21
2014-09-26 18:00:00,20,13,7
2014-09-26 19:00:00,13,8,5
2014-09-26 20:00:00,2,2,0
2014-09-26 21:00:00,6,4,2
2014-09-26 22:00:00,2,2,0
2014-09-26 23:00:00,3,2,1
2014-09-27 00:00:00,0,0,0
2014-09-27 01:00:00,0,0,0
2014-09-27 02:00:00,0,0,0
2014-09-27 03:00:00,2,0,2
2014-09-27 04:00:00,0,0,0
2014-09-27 05:00:00,2,1,1
2014-09-27 06:00:00,11,6,5
2014-09-27 07:00:00,46,26,20
2014-09-27 08:00:00,88,42,46
2014-09-27 09:00:00,118,60,58
2014-09-27 10:00:00,163,85,78
2014-09-27 11:00:00,193,97,96
2014-09-27 12:00:00,166,98,68
2014-09-27 13:00:00,178,89,89
2014-09-27 14:00:00,168,80,88
2014-09-27 15:00:00,107,58,49
2014-09-27 16:00:00,175,86,89
2014-09-27 17:00:00,126,62,64
2014-09-27 18:00:00,46,13,33
2014-09-27 19:00:00,12,6,6
2014-09-27 20:00:00,6,5,1
2014-09-27 21:00:00,5,1,4
2014-09-27 22:00:00,3,3,0
2014-09-27 23:00:00,2,2,0
2014-09-28 00:00:00,1,1,0
2014-09-28 01:00:00,1,1,0
2014-09-28 02:00:00,0,0,0
2014-09-28 03:00:00,1,1,0
2014-09-28 04:00:00,0,0,0
2014-09-28 05:00:00,3,1,2
2014-09-28 06:00:00,10,6,4
2014-09-28 07:00:00,58,37,21
2014-09-28 08:00:00,89,47,42
2014-09-28 09:00:00,93,58,35
2014-09-28 10:00:00,125,58,67
2014-09-28 11:00:00,127,62,65
2014-09-28 12:00:00,161,99,62
2014-09-28 13:00:00,141,83,58
2014-09-28 14:00:00,158,67,91
2014-09-28 15:00:00,161,91,70
2014-09-28 16:00:00,171,68,103
2014-09-28 17:00:00,74,33,41
2014-09-28 18:00:00,25,10,15
2014-09-28 19:00:00,8,3,5
2014-09-28 20:00:00,1,0,1
2014-09-28 21:00:00,4,2,2
2014-09-28 22:00:00,1,1,0
2014-09-28 23:00:00,0,0,0
2014-09-29 00:00:00,0,0,0
2014-09-29 01:00:00,0,0,0
2014-09-29 02:00:00,0,0,0
2014-09-29 03:00:00,2,0,2
2014-09-29 04:00:00,11,0,11
2014-09-29 05:00:00,20,0,20
2014-09-29 06:00:00,46,11,35
2014-09-29 07:00:00,74,13,61
2014-09-29 08:00:00,71,23,48
2014-09-29 09:00:00,26,7,19
2014-09-29 10:00:00,23,5,18
2014-09-29 11:00:00,21,11,10
2014-09-29 12:00:00,19,8,11
2014-09-29 13:00:00,23,16,7
2014-09-29 14:00:00,23,12,11
2014-09-29 15:00:00,42,38,4
2014-09-29 16:00:00,80,58,22
2014-09-29 17:00:00,73,58,15
2014-09-29 18:00:00,22,16,6
2014-09-29 19:00:00,16,12,4
2014-09-29 20:00:00,8,6,2
2014-09-29 21:00:00,1,1,0
2014-09-29 22:00:00,3,2,1
2014-09-29 23:00:00,0,0,0
2014-09-30 00:00:00,0,0,0
2014-09-30 01:00:00,0,0,0
2014-09-30 02:00:00,0,0,0
2014-09-30 03:00:00,4,0,4
2014-09-30 04:00:00,6,1,5
2014-09-30 05:00:00,14,0,14
2014-09-30 06:00:00,57,14,43
2014-09-30 07:00:00,64,18,46
2014-09-30 08:00:00,62,19,43
2014-09-30 09:00:00,39,20,19
2014-09-30 10:00:00,33,14,19
2014-09-30 11:00:00,49,24,25
2014-09-30 12:00:00,29,16,13
2014-09-30 13:00:00,43,29,14
2014-09-30 14:00:00,74,37,37
2014-09-30 15:00:00,83,56,27
2014-09-30 16:00:00,126,93,33
2014-09-30 17:00:00,137,92,45
2014-09-30 18:00:00,46,32,14
2014-09-30 19:00:00,11,10,1
2014-09-30 20:00:00,4,4,0
2014-09-30 21:00:00,7,7,0
2014-09-30 22:00:00,5,2,3
2014-09-30 23:00:00,0,0,0
2014-10-01 00:00:00,0,0,0
2014-10-01 01:00:00,1,1,0
2014-10-01 02:00:00,1,0,1
2014-10-01 03:00:00,8,0,8
2014-10-01 04:00:00,9,4,5
2014-10-01 05:00:00,35,7,28
2014-10-01 06:00:00,67,8,59
2014-10-01 07:00:00,79,20,59
2014-10-01 08:00:00,80,12,68
2014-10-01 09:00:00,35,14,21
2014-10-01 10:00:00,42,25,17
2014-10-01 11:00:00,35,18,17
2014-10-01 12:00:00,51,21,30
2014-10-01 13:00:00,46,34,12
2014-10-01 14:00:00,68,35,33
2014-10-01 15:00:00,117,73,44
2014-10-01 16:00:00,155,112,43
2014-10-01 17:00:00,112,82,30
2014-10-01 18:00:00,47,29,18
2014-10-01 19:00:00,10,7,3
2014-10-01 20:00:00,9,4,5
2014-10-01 21:00:00,4,1,3
2014-10-01 22:00:00,4,3,1
2014-10-01 23:00:00,2,1,1
2014-10-02 00:00:00,0,0,0
2014-10-02 01:00:00,0,0,0
2014-10-02 02:00:00,1,1,0
2014-10-02 03:00:00,4,0,4
2014-10-02 04:00:00,10,2,8
2014-10-02 05:00:00,25,8,17
2014-10-02 06:00:00,57,13,44
2014-10-02 07:00:00,92,24,68
2014-10-02 08:00:00,67,23,44
2014-10-02 09:00:00,49,17,32
2014-10-02 10:00:00,0,0,0
2014-10-02 11:00:00,49,22,27
2014-10-02 12:00:00,58,30,28
2014-10-02 13:00:00,48,29,19
2014-10-02 14:00:00,64,30,34
2014-10-02 15:00:00,65,34,31
2014-10-02 16:00:00,123,81,42
2014-10-02 17:00:00,155,102,53
2014-10-02 18:00:00,142,91,51
2014-10-02 19:00:00,47,20,27
2014-10-02 20:00:00,17,15,2
2014-10-02 21:00:00,12,10,2
2014-10-02 22:00:00,7,6,1
2014-10-02 23:00:00,4,3,1
2014-10-03 00:00:00,1,1,0
2014-10-03 01:00:00,1,0,1
2014-10-03 02:00:00,0,0,0
2014-10-03 03:00:00,0,0,0
2014-10-03 04:00:00,2,0,2
2014-10-03 05:00:00,7,2,5
2014-10-03 06:00:00,20,5,15
2014-10-03 07:00:00,52,13,39
2014-10-03 08:00:00,104,20,84
2014-10-03 09:00:00,65,25,40
2014-10-03 10:00:00,68,26,42
2014-10-03 11:00:00,61,26,35
2014-10-03 12:00:00,64,33,31
2014-10-03 13:00:00,75,36,39
2014-10-03 14:00:00,109,75,34
2014-10-03 15:00:00,109,58,51
2014-10-03 16:00:00,138,82,56
2014-10-03 17:00:00,153,96,57
2014-10-03 18:00:00,109,70,39
2014-10-03 19:00:00,34,21,13
2014-10-03 20:00:00,8,7,1
2014-10-03 21:00:00,6,3,3
2014-10-03 22:00:00,7,5,2
2014-10-03 23:00:00,5,4,1
2014-10-04 00:00:00,2,2,0
2014-10-04 01:00:00,1,1,0
2014-10-04 02:00:00,1,1,0
2014-10-04 03:00:00,0,0,0
2014-10-04 04:00:00,1,1,0
2014-10-04 05:00:00,1,0,1
2014-10-04 06:00:00,4,2,2
2014-10-04 07:00:00,25,17,8
2014-10-04 08:00:00,63,36,27
2014-10-04 09:00:00,82,38,44
2014-10-04 10:00:00,95,66,29
2014-10-04 11:00:00,167,91,76
2014-10-04 12:00:00,156,89,67
2014-10-04 13:00:00,142,72,70
2014-10-04 14:00:00,151,81,70
2014-10-04 15:00:00,132,64,68
2014-10-04 16:00:00,126,55,71
2014-10-04 17:00:00,131,50,81
2014-10-04 18:00:00,82,28,54
2014-10-04 19:00:00,21,7,14
2014-10-04 20:00:00,7,4,3
2014-10-04 21:00:00,1,1,0
2014-10-04 22:00:00,2,2,0
2014-10-04 23:00:00,5,1,4
2014-10-05 00:00:00,1,0,1
2014-10-05 01:00:00,0,0,0
2014-10-05 02:00:00,1,0,1
2014-10-05 03:00:00,0,0,0
2014-10-05 04:00:00,1,1,0
2014-10-05 05:00:00,1,0,1
2014-10-05 06:00:00,1,1,0
2014-10-05 07:00:00,13,9,4
2014-10-05 08:00:00,54,35,19
2014-10-05 09:00:00,79,42,37
2014-10-05 10:00:00,109,68,41
2014-10-05 11:00:00,158,96,62
2014-10-05 12:00:00,201,116,85
2014-10-05 13:00:00,197,91,106
2014-10-05 14:00:00,209,111,98
2014-10-05 15:00:00,252,114,138
2014-10-05 16:00:00,221,92,129
2014-10-05 17:00:00,135,63,72
2014-10-05 18:00:00,93,38,55
2014-10-05 19:00:00,23,6,17
2014-10-05 20:00:00,8,5,3
2014-10-05 21:00:00,4,3,1
2014-10-05 22:00:00,4,2,2
2014-10-05 23:00:00,1,0,1
2014-10-06 00:00:00,1,1,0
2014-10-06 01:00:00,0,0,0
2014-10-06 02:00:00,0,0,0
2014-10-06 03:00:00,0,0,0
2014-10-06 04:00:00,5,0,5
2014-10-06 05:00:00,11,4,7
2014-10-06 06:00:00,30,5,25
2014-10-06 07:00:00,63,14,49
2014-10-06 08:00:00,84,21,63
2014-10-06 09:00:00,77,23,54
2014-10-06 10:00:00,52,13,39
2014-10-06 11:00:00,59,28,31
2014-10-06 12:00:00,65,29,36
2014-10-06 13:00:00,56,30,26
2014-10-06 14:00:00,82,47,35
2014-10-06 15:00:00,84,44,40
2014-10-06 16:00:00,123,81,42
2014-10-06 17:00:00,169,122,47
2014-10-06 18:00:00,140,85,55
2014-10-06 19:00:00,48,27,21
2014-10-06 20:00:00,19,14,5
2014-10-06 21:00:00,10,7,3
2014-10-06 22:00:00,1,1,0
2014-10-06 23:00:00,3,1,2
2014-10-07 00:00:00,1,1,0
2014-10-07 01:00:00,0,0,0
2014-10-07 02:00:00,0,0,0
2014-10-07 03:00:00,0,0,0
2014-10-07 04:00:00,4,0,4
2014-10-07 05:00:00,9,1,8
2014-10-07 06:00:00,26,3,23
2014-10-07 07:00:00,65,14,51
2014-10-07 08:00:00,100,28,72
2014-10-07 09:00:00,63,22,41
2014-10-07 10:00:00,60,27,33
2014-10-07 11:00:00,35,14,21
2014-10-07 12:00:00,31,15,16
2014-10-07 13:00:00,37,22,15
2014-10-07 14:00:00,45,25,20
2014-10-07 15:00:00,49,30,19
2014-10-07 16:00:00,112,67,45
2014-10-07 17:00:00,179,126,53
2014-10-07 18:00:00,121,81,40
2014-10-07 19:00:00,58,35,23
2014-10-07 20:00:00,14,9,5
2014-10-07 21:00:00,7,5,2
2014-10-07 22:00:00,13,10,3
2014-10-07 23:00:00,2,0,2
2014-10-08 00:00:00,2,2,0
2014-10-08 01:00:00,0,0,0
2014-10-08 02:00:00,1,1,0
2014-10-08 03:00:00,0,0,0
2014-10-08 04:00:00,11,2,9
2014-10-08 05:00:00,12,3,9
2014-10-08 06:00:00,26,2,24
2014-10-08 07:00:00,65,13,52
2014-10-08 08:00:00,95,15,80
2014-10-08 09:00:00,49,12,37
2014-10-08 10:00:00,50,20,30
2014-10-08 11:00:00,42,22,20
2014-10-08 12:00:00,42,19,23
2014-10-08 13:00:00,45,19,26
2014-10-08 14:00:00,53,33,20
2014-10-08 15:00:00,56,31,25
2014-10-08 16:00:00,124,75,49
2014-10-08 17:00:00,166,123,43
2014-10-08 18:00:00,141,97,44
2014-10-08 19:00:00,56,28,28
2014-10-08 20:00:00,15,12,3
2014-10-08 21:00:00,7,3,4
2014-10-08 22:00:00,3,2,1
2014-10-08 23:00:00,6,5,1
2014-10-09 00:00:00,1,1,0
2014-10-09 01:00:00,1,1,0
2014-10-09 02:00:00,0,0,0
2014-10-09 03:00:00,0,0,0
2014-10-09 04:00:00,4,0,4
2014-10-09 05:00:00,9,3,6
2014-10-09 06:00:00,22,3,19
2014-10-09 07:00:00,72,23,49
2014-10-09 08:00:00,82,15,67
2014-10-09 09:00:00,63,16,47
2014-10-09 10:00:00,37,16,21
2014-10-09 11:00:00,21,7,14
2014-10-09 12:00:00,21,9,12
2014-10-09 13:00:00,40,24,16
2014-10-09 14:00:00,54,34,20
2014-10-09 15:00:00,60,33,27
2014-10-09 16:00:00,93,62,31
2014-10-09 17:00:00,135,84,51
2014-10-09 18:00:00,146,95,51
2014-10-09 19:00:00,51,30,21
2014-10-09 20:00:00,22,20,2
2014-10-09 21:00:00,5,5,0
2014-10-09 22:00:00,5,4,1
2014-10-09 23:00:00,3,2,1
2014-10-10 00:00:00,1,1,0
2014-10-10 01:00:00,0,0,0
2014-10-10 02:00:00,0,0,0
2014-10-10 03:00:00,0,0,0
2014-10-10 04:00:00,2,0,2
2014-10-10 05:00:00,6,2,4
2014-10-10 06:00:00,25,5,20
2014-10-10 07:00:00,58,11,47
2014-10-10 08:00:00,65,15,50
2014-10-10 09:00:00,52,18,34
2014-10-10 10:00:00,43,18,25
2014-10-10 11:00:00,22,9,13
2014-10-10 12:00:00,66,35,31
2014-10-10 13:00:00,37,21,16
2014-10-10 14:00:00,48,31,17
2014-10-10 15:00:00,59,30,29
2014-10-10 16:00:00,90,55,35
2014-10-10 17:00:00,114,81,33
2014-10-10 18:00:00,70,48,22
2014-10-10 19:00:00,20,15,5
2014-10-10 20:00:00,16,13,3
2014-10-10 21:00:00,2,2,0
2014-10-10 22:00:00,2,2,0
2014-10-10 23:00:00,5,4,1
2014-10-11 00:00:00,2,0,2
2014-10-11 01:00:00,2,2,0
2014-10-11 02:00:00,0,0,0
2014-10-11 03:00:00,0,0,0
2014-10-11 04:00:00,0,0,0
2014-10-11 05:00:00,0,0,0
2014-10-11 06:00:00,4,2,2
2014-10-11 07:00:00,18,8,10
2014-10-11 08:00:00,31,16,15
2014-10-11 09:00:00,41,22,19
2014-10-11 10:00:00,51,29,22
2014-10-11 11:00:00,85,48,37
2014-10-11 12:00:00,77,40,37
2014-10-11 13:00:00,67,34,33
2014-10-11 14:00:00,62,23,39
2014-10-11 15:00:00,88,42,46
2014-10-11 16:00:00,87,44,43
2014-10-11 17:00:00,81,32,49
2014-10-11 18:00:00,31,13,18
2014-10-11 19:00:00,6,4,2
2014-10-11 20:00:00,2,1,1
2014-10-11 21:00:00,3,2,1
2014-10-11 22:00:00,0,0,0
2014-10-11 23:00:00,1,0,1
2014-10-12 00:00:00,0,0,0
2014-10-12 01:00:00,1,1,0
2014-10-12 02:00:00,0,0,0
2014-10-12 03:00:00,0,0,0
2014-10-12 04:00:00,1,1,0
2014-10-12 05:00:00,1,1,0
2014-10-12 06:00:00,2,1,1
2014-10-12 07:00:00,12,8,4
2014-10-12 08:00:00,34,19,15
2014-10-12 09:00:00,64,45,19
2014-10-12 10:00:00,96,53,43
2014-10-12 11:00:00,100,65,35
2014-10-12 12:00:00,138,72,66
2014-10-12 13:00:00,86,38,48
2014-10-12 14:00:00,117,73,44
2014-10-12 15:00:00,138,63,75
2014-10-12 16:00:00,98,37,61
2014-10-12 17:00:00,77,40,37
2014-10-12 18:00:00,27,4,23
2014-10-12 19:00:00,17,10,7
2014-10-12 20:00:00,7,2,5
2014-10-12 21:00:00,2,1,1
2014-10-12 22:00:00,2,1,1
2014-10-12 23:00:00,1,1,0
2014-10-13 00:00:00,0,0,0
2014-10-13 01:00:00,1,1,0
2014-10-13 02:00:00,1,0,1
2014-10-13 03:00:00,0,0,0
2014-10-13 04:00:00,2,0,2
2014-10-13 05:00:00,8,2,6
2014-10-13 06:00:00,27,2,25
2014-10-13 07:00:00,49,12,37
2014-10-13 08:00:00,73,8,65
2014-10-13 09:00:00,63,15,48
2014-10-13 10:00:00,53,18,35
2014-10-13 11:00:00,51,22,29
2014-10-13 12:00:00,68,33,35
2014-10-13 13:00:00,52,30,22
2014-10-13 14:00:00,58,32,26
2014-10-13 15:00:00,91,46,45
2014-10-13 16:00:00,88,58,30
2014-10-13 17:00:00,103,71,32
2014-10-13 18:00:00,72,54,18
2014-10-13 19:00:00,19,15,4
2014-10-13 20:00:00,12,8,4
2014-10-13 21:00:00,5,3,2
2014-10-13 22:00:00,3,2,1
2014-10-13 23:00:00,0,0,0
2014-10-14 00:00:00,1,0,1
2014-10-14 01:00:00,0,0,0
2014-10-14 02:00:00,0,0,0
2014-10-14 03:00:00,0,0,0
2014-10-14 04:00:00,4,0,4
2014-10-14 05:00:00,9,0,9
2014-10-14 06:00:00,13,1,12
2014-10-14 07:00:00,61,11,50
2014-10-14 08:00:00,54,14,40
2014-10-14 09:00:00,76,26,50
2014-10-14 10:00:00,34,10,24
2014-10-14 11:00:00,23,9,14
2014-10-14 12:00:00,25,12,13
2014-10-14 13:00:00,26,15,11
2014-10-14 14:00:00,38,18,20
2014-10-14 15:00:00,47,28,19
2014-10-14 16:00:00,80,55,25
2014-10-14 17:00:00,94,60,34
2014-10-14 18:00:00,99,69,30
2014-10-14 19:00:00,30,24,6
2014-10-14 20:00:00,11,9,2
2014-10-14 21:00:00,6,5,1
2014-10-14 22:00:00,6,3,3
2014-10-14 23:00:00,2,1,1
2014-10-15 00:00:00,2,0,2
2014-10-15 01:00:00,0,0,0
2014-10-15 02:00:00,1,1,0
2014-10-15 03:00:00,0,0,0
2014-10-15 04:00:00,2,0,2
2014-10-15 05:00:00,9,1,8
2014-10-15 06:00:00,14,2,12
2014-10-15 07:00:00,40,13,27
2014-10-15 08:00:00,62,14,48
2014-10-15 09:00:00,42,8,34
2014-10-15 10:00:00,17,11,6
2014-10-15 11:00:00,19,8,11
2014-10-15 12:00:00,11,5,6
2014-10-15 13:00:00,17,6,11
2014-10-15 14:00:00,16,11,5
2014-10-15 15:00:00,18,7,11
2014-10-15 16:00:00,51,29,22
2014-10-15 17:00:00,80,62,18
2014-10-15 18:00:00,93,63,30
2014-10-15 19:00:00,34,26,8
2014-10-15 20:00:00,9,4,5
2014-10-15 21:00:00,10,6,4
2014-10-15 22:00:00,8,5,3
2014-10-15 23:00:00,2,2,0
2014-10-16 00:00:00,0,0,0
2014-10-16 01:00:00,0,0,0
2014-10-16 02:00:00,0,0,0
2014-10-16 03:00:00,0,0,0
2014-10-16 04:00:00,6,1,5
2014-10-16 05:00:00,10,2,8
2014-10-16 06:00:00,27,7,20
2014-10-16 07:00:00,69,16,53
2014-10-16 08:00:00,85,11,74
2014-10-16 09:00:00,58,20,38
2014-10-16 10:00:00,36,11,25
2014-10-16 11:00:00,31,20,11
2014-10-16 12:00:00,46,19,27
2014-10-16 13:00:00,55,34,21
2014-10-16 14:00:00,61,40,21
2014-10-16 15:00:00,98,49,49
2014-10-16 16:00:00,122,70,52
2014-10-16 17:00:00,163,101,62
2014-10-16 18:00:00,109,73,36
2014-10-16 19:00:00,34,22,12
2014-10-16 20:00:00,13,11,2
2014-10-16 21:00:00,11,9,2
2014-10-16 22:00:00,4,3,1
2014-10-16 23:00:00,2,1,1
2014-10-17 00:00:00,1,1,0
2014-10-17 01:00:00,1,1,0
2014-10-17 02:00:00,0,0,0
2014-10-17 03:00:00,0,0,0
2014-10-17 04:00:00,3,1,2
2014-10-17 05:00:00,11,2,9
2014-10-17 06:00:00,13,1,12
2014-10-17 07:00:00,35,6,29
2014-10-17 08:00:00,50,17,33
2014-10-17 09:00:00,46,18,28
2014-10-17 10:00:00,35,22,13
2014-10-17 11:00:00,12,2,10
2014-10-17 12:00:00,32,16,16
2014-10-17 13:00:00,38,12,26
2014-10-17 14:00:00,23,17,6
2014-10-17 15:00:00,17,11,6
2014-10-17 16:00:00,36,28,8
2014-10-17 17:00:00,56,40,16
2014-10-17 18:00:00,41,33,8
2014-10-17 19:00:00,13,7,6
2014-10-17 20:00:00,8,4,4
2014-10-17 21:00:00,6,6,0
2014-10-17 22:00:00,1,1,0
2014-10-17 23:00:00,4,4,0
2014-10-18 00:00:00,0,0,0
2014-10-18 01:00:00,1,1,0
2014-10-18 02:00:00,0,0,0
2014-10-18 03:00:00,0,0,0
2014-10-18 04:00:00,0,0,0
2014-10-18 05:00:00,0,0,0
2014-10-18 06:00:00,2,1,1
2014-10-18 07:00:00,12,9,3
2014-10-18 08:00:00,16,12,4
2014-10-18 09:00:00,49,22,27
2014-10-18 10:00:00,60,33,27
2014-10-18 11:00:00,61,36,25
2014-10-18 12:00:00,48,28,20
2014-10-18 13:00:00,56,36,20
2014-10-18 14:00:00,61,34,27
2014-10-18 15:00:00,78,44,34
2014-10-18 16:00:00,81,31,50
2014-10-18 17:00:00,70,27,43
2014-10-18 18:00:00,36,8,28
2014-10-18 19:00:00,11,5,6
2014-10-18 20:00:00,4,2,2
2014-10-18 21:00:00,1,1,0
2014-10-18 22:00:00,7,2,5
2014-10-18 23:00:00,4,2,2
2014-10-19 00:00:00,1,1,0
2014-10-19 01:00:00,1,0,1
2014-10-19 02:00:00,1,0,1
2014-10-19 03:00:00,0,0,0
2014-10-19 04:00:00,0,0,0
2014-10-19 05:00:00,0,0,0
2014-10-19 06:00:00,7,4,3
2014-10-19 07:00:00,10,5,5
2014-10-19 08:00:00,36,25,11
2014-10-19 09:00:00,86,39,47
2014-10-19 10:00:00,102,43,59
2014-10-19 11:00:00,133,81,52
2014-10-19 12:00:00,165,88,77
2014-10-19 13:00:00,221,112,109
2014-10-19 14:00:00,277,146,131
2014-10-19 15:00:00,303,131,172
2014-10-19 16:00:00,248,138,110
2014-10-19 17:00:00,170,60,110
2014-10-19 18:00:00,69,32,37
2014-10-19 19:00:00,22,14,8
2014-10-19 20:00:00,5,5,0
2014-10-19 21:00:00,2,0,2
2014-10-19 22:00:00,2,1,1
2014-10-19 23:00:00,2,1,1
2014-10-20 00:00:00,0,0,0
2014-10-20 01:00:00,0,0,0
2014-10-20 02:00:00,0,0,0
2014-10-20 03:00:00,0,0,0
2014-10-20 04:00:00,5,0,5
2014-10-20 05:00:00,11,2,9
2014-10-20 06:00:00,13,0,13
2014-10-20 07:00:00,36,4,32
2014-10-20 08:00:00,50,12,38
2014-10-20 09:00:00,45,10,35
2014-10-20 10:00:00,33,11,22
2014-10-20 11:00:00,21,4,17
2014-10-20 12:00:00,20,9,11
2014-10-20 13:00:00,24,16,8
2014-10-20 14:00:00,42,25,17
2014-10-20 15:00:00,30,17,13
2014-10-20 16:00:00,67,47,20
2014-10-20 17:00:00,92,66,26
2014-10-20 18:00:00,88,61,27
2014-10-20 19:00:00,27,22,5
2014-10-20 20:00:00,10,6,4
2014-10-20 21:00:00,10,7,3
2014-10-20 22:00:00,6,4,2
2014-10-20 23:00:00,1,0,1
2014-10-21 00:00:00,1,1,0
2014-10-21 01:00:00,0,0,0
2014-10-21 02:00:00,0,0,0
2014-10-21 03:00:00,0,0,0
2014-10-21 04:00:00,4,0,4
2014-10-21 05:00:00,2,0,2
2014-10-21 06:00:00,25,6,19
2014-10-21 07:00:00,50,11,39
2014-10-21 08:00:00,83,19,64
2014-10-21 09:00:00,57,17,40
2014-10-21 10:00:00,27,10,17
2014-10-21 11:00:00,23,9,14
2014-10-21 12:00:00,37,19,18
2014-10-21 13:00:00,26,12,14
2014-10-21 14:00:00,37,20,17
2014-10-21 15:00:00,41,21,20
2014-10-21 16:00:00,74,47,27
2014-10-21 17:00:00,97,67,30
2014-10-21 18:00:00,93,71,22
2014-10-21 19:00:00,28,18,10
2014-10-21 20:00:00,10,7,3
2014-10-21 21:00:00,12,7,5
2014-10-21 22:00:00,5,5,0
2014-10-21 23:00:00,3,1,2
2014-10-22 00:00:00,0,0,0
2014-10-22 01:00:00,0,0,0
2014-10-22 02:00:00,2,2,0
2014-10-22 03:00:00,0,0,0
2014-10-22 04:00:00,3,0,3
2014-10-22 05:00:00,8,2,6
2014-10-22 06:00:00,17,0,17
2014-10-22 07:00:00,30,2,28
2014-10-22 08:00:00,46,8,38
2014-10-22 09:00:00,37,11,26
2014-10-22 10:00:00,11,6,5
2014-10-22 11:00:00,9,2,7
2014-10-22 12:00:00,13,4,9
2014-10-22 13:00:00,9,5,4
2014-10-22 14:00:00,7,4,3
2014-10-22 15:00:00,11,8,3
2014-10-22 16:00:00,22,15,7
2014-10-22 17:00:00,50,35,15
2014-10-22 18:00:00,45,40,5
2014-10-22 19:00:00,16,11,5
2014-10-22 20:00:00,5,5,0
2014-10-22 21:00:00,1,1,0
2014-10-22 22:00:00,2,2,0
2014-10-22 23:00:00,2,0,2
2014-10-23 00:00:00,0,0,0
2014-10-23 01:00:00,0,0,0
2014-10-23 02:00:00,0,0,0
2014-10-23 03:00:00,0,0,0
2014-10-23 04:00:00,1,0,1
2014-10-23 05:00:00,8,1,7
2014-10-23 06:00:00,17,3,14
2014-10-23 07:00:00,34,8,26
2014-10-23 08:00:00,46,13,33
2014-10-23 09:00:00,32,8,24
2014-10-23 10:00:00,12,5,7
2014-10-23 11:00:00,11,4,7
2014-10-23 12:00:00,16,6,10
2014-10-23 13:00:00,23,15,8
2014-10-23 14:00:00,22,12,10
2014-10-23 15:00:00,20,9,11
2014-10-23 16:00:00,38,23,15
2014-10-23 17:00:00,58,43,15
2014-10-23 18:00:00,71,50,21
2014-10-23 19:00:00,27,18,9
2014-10-23 20:00:00,11,9,2
2014-10-23 21:00:00,1,1,0
2014-10-23 22:00:00,2,2,0
2014-10-23 23:00:00,2,1,1
2014-10-24 00:00:00,0,0,0
2014-10-24 01:00:00,1,1,0
2014-10-24 02:00:00,0,0,0
2014-10-24 03:00:00,0,0,0
2014-10-24 04:00:00,5,1,4
2014-10-24 05:00:00,3,0,3
2014-10-24 06:00:00,15,4,11
2014-10-24 07:00:00,39,12,27
2014-10-24 08:00:00,68,18,50
2014-10-24 09:00:00,47,10,37
2014-10-24 10:00:00,34,12,22
2014-10-24 11:00:00,46,18,28
2014-10-24 12:00:00,43,16,27
2014-10-24 13:00:00,51,33,18
2014-10-24 14:00:00,72,37,35
2014-10-24 15:00:00,72,39,33
2014-10-24 16:00:00,88,47,41
2014-10-24 17:00:00,95,66,29
2014-10-24 18:00:00,68,42,26
2014-10-24 19:00:00,29,13,16
2014-10-24 20:00:00,12,7,5
2014-10-24 21:00:00,8,7,1
2014-10-24 22:00:00,1,1,0
2014-10-24 23:00:00,1,1,0
2014-10-25 00:00:00,0,0,0
2014-10-25 01:00:00,0,0,0
2014-10-25 02:00:00,0,0,0
2014-10-25 03:00:00,0,0,0
2014-10-25 04:00:00,1,0,1
2014-10-25 05:00:00,0,0,0
2014-10-25 06:00:00,3,2,1
2014-10-25 07:00:00,4,2,2
2014-10-25 08:00:00,22,13,9
2014-10-25 09:00:00,18,5,13
2014-10-25 10:00:00,33,17,16
2014-10-25 11:00:00,55,27,28
2014-10-25 12:00:00,55,26,29
2014-10-25 13:00:00,43,29,14
2014-10-25 14:00:00,17,7,10
2014-10-25 15:00:00,22,9,13
2014-10-25 16:00:00,21,10,11
2014-10-25 17:00:00,13,6,7
2014-10-25 18:00:00,8,4,4
2014-10-25 19:00:00,5,3,2
2014-10-25 20:00:00,1,1,0
2014-10-25 21:00:00,0,0,0
2014-10-25 22:00:00,0,0,0
2014-10-25 23:00:00,1,0,1
2014-10-26 00:00:00,0,0,0
2014-10-26 01:00:00,0,0,0
2014-10-26 02:00:00,0,0,0
2014-10-26 03:00:00,0,0,0
2014-10-26 04:00:00,2,1,1
2014-10-26 05:00:00,0,0,0
2014-10-26 06:00:00,3,1,2
2014-10-26 07:00:00,1,1,0
2014-10-26 08:00:00,22,16,6
2014-10-26 09:00:00,42,26,16
2014-10-26 10:00:00,53,39,14
2014-10-26 11:00:00,66,34,32
2014-10-26 12:00:00,92,21,71
2014-10-26 13:00:00,46,23,23
2014-10-26 14:00:00,58,26,32
2014-10-26 15:00:00,50,22,28
2014-10-26 16:00:00,53,33,20
2014-10-26 17:00:00,51,22,29
2014-10-26 18:00:00,23,7,16
2014-10-26 19:00:00,4,3,1
2014-10-26 20:00:00,6,1,5
2014-10-26 21:00:00,5,3,2
2014-10-26 22:00:00,0,0,0
2014-10-26 23:00:00,1,0,1
2014-10-27 00:00:00,0,0,0
2014-10-27 01:00:00,0,0,0
2014-10-27 02:00:00,0,0,0
2014-10-27 03:00:00,0,0,0
2014-10-27 04:00:00,2,0,2
2014-10-27 05:00:00,6,0,6
2014-10-27 06:00:00,22,4,18
2014-10-27 07:00:00,42,9,33
2014-10-27 08:00:00,71,17,54
2014-10-27 09:00:00,69,21,48
2014-10-27 10:00:00,45,15,30
2014-10-27 11:00:00,39,16,23
2014-10-27 12:00:00,50,28,22
2014-10-27 13:00:00,33,15,18
2014-10-27 14:00:00,66,37,29
2014-10-27 15:00:00,58,28,30
2014-10-27 16:00:00,105,69,36
2014-10-27 17:00:00,100,65,35
2014-10-27 18:00:00,85,58,27
2014-10-27 19:00:00,31,21,10
2014-10-27 20:00:00,12,8,4
2014-10-27 21:00:00,4,3,1
2014-10-27 22:00:00,3,1,2
2014-10-27 23:00:00,1,1,0
2014-10-28 00:00:00,1,1,0
2014-10-28 01:00:00,0,0,0
2014-10-28 02:00:00,1,0,1
2014-10-28 03:00:00,0,0,0
2014-10-28 04:00:00,5,2,3
2014-10-28 05:00:00,9,2,7
2014-10-28 06:00:00,14,1,13
2014-10-28 07:00:00,38,7,31
2014-10-28 08:00:00,43,9,34
2014-10-28 09:00:00,26,5,21
2014-10-28 10:00:00,16,8,8
2014-10-28 11:00:00,5,3,2
2014-10-28 12:00:00,5,1,4
2014-10-28 13:00:00,7,2,5
2014-10-28 14:00:00,21,13,8
2014-10-28 15:00:00,15,9,6
2014-10-28 16:00:00,58,43,15
2014-10-28 17:00:00,59,39,20
2014-10-28 18:00:00,65,46,19
2014-10-28 19:00:00,21,18,3
2014-10-28 20:00:00,13,8,5
2014-10-28 21:00:00,6,4,2
2014-10-28 22:00:00,2,2,0
2014-10-28 23:00:00,2,1,1
2014-10-29 00:00:00,0,0,0
2014-10-29 01:00:00,0,0,0
2014-10-29 02:00:00,1,1,0
2014-10-29 03:00:00,0,0,0
2014-10-29 04:00:00,4,0,4
2014-10-29 05:00:00,6,1,5
2014-10-29 06:00:00,26,5,21
2014-10-29 07:00:00,51,13,38
2014-10-29 08:00:00,75,14,61
2014-10-29 09:00:00,53,20,33
2014-10-29 10:00:00,34,14,20
2014-10-29 11:00:00,32,12,20
2014-10-29 12:00:00,30,19,11
2014-10-29 13:00:00,40,15,25
2014-10-29 14:00:00,54,27,27
2014-10-29 15:00:00,67,46,21
2014-10-29 16:00:00,94,55,39
2014-10-29 17:00:00,136,97,39
2014-10-29 18:00:00,96,62,34
2014-10-29 19:00:00,44,22,22
2014-10-29 20:00:00,14,8,6
2014-10-29 21:00:00,11,7,4
2014-10-29 22:00:00,3,2,1
2014-10-29 23:00:00,0,0,0
2014-10-30 00:00:00,1,0,1
2014-10-30 01:00:00,0,0,0
2014-10-30 02:00:00,0,0,0
2014-10-30 03:00:00,0,0,0
2014-10-30 04:00:00,4,0,4
2014-10-30 05:00:00,8,1,7
2014-10-30 06:00:00,11,1,10
2014-10-30 07:00:00,39,9,30
2014-10-30 08:00:00,52,11,41
2014-10-30 09:00:00,48,20,28
2014-10-30 10:00:00,14,3,11
2014-10-30 11:00:00,10,5,5
2014-10-30 12:00:00,10,4,6
2014-10-30 13:00:00,8,2,6
2014-10-30 14:00:00,16,11,5
2014-10-30 15:00:00,15,9,6
2014-10-30 16:00:00,35,27,8
2014-10-30 17:00:00,56,42,14
2014-10-30 18:00:00,46,32,14
2014-10-30 19:00:00,18,14,4
2014-10-30 20:00:00,6,6,0
2014-10-30 21:00:00,6,5,1
2014-10-30 22:00:00,3,2,1
2014-10-30 23:00:00,0,0,0
2014-10-31 00:00:00,0,0,0
2014-10-31 01:00:00,0,0,0
2014-10-31 02:00:00,0,0,0
2014-10-31 03:00:00,0,0,0
2014-10-31 04:00:00,2,0,2
2014-10-31 05:00:00,2,0,2
2014-10-31 06:00:00,17,2,15
2014-10-31 07:00:00,31,8,23
2014-10-31 08:00:00,40,7,33
2014-10-31 09:00:00,19,7,12
2014-10-31 10:00:00,15,6,9
2014-10-31 11:00:00,13,5,8
2014-10-31 12:00:00,15,4,11
2014-10-31 13:00:00,7,1,6
2014-10-31 14:00:00,21,17,4
2014-10-31 15:00:00,31,16,15
2014-10-31 16:00:00,57,45,12
2014-10-31 17:00:00,58,46,12
2014-10-31 18:00:00,30,23,7
2014-10-31 19:00:00,12,9,3
2014-10-31 20:00:00,4,4,0
2014-10-31 21:00:00,1,1,0
2014-10-31 22:00:00,0,0,0
2014-10-31 23:00:00,0,0,0
2014-11-01 00:00:00,0,0,0
2014-11-01 01:00:00,1,0,1
2014-11-01 02:00:00,0,0,0
2014-11-01 03:00:00,0,0,0
2014-11-01 04:00:00,0,0,0
2014-11-01 05:00:00,1,0,1
2014-11-01 06:00:00,3,2,1
2014-11-01 07:00:00,9,6,3
2014-11-01 08:00:00,17,10,7
2014-11-01 09:00:00,57,26,31
2014-11-01 10:00:00,71,44,27
2014-11-01 11:00:00,85,46,39
2014-11-01 12:00:00,79,43,36
2014-11-01 13:00:00,82,48,34
2014-11-01 14:00:00,111,54,57
2014-11-01 15:00:00,109,53,56
2014-11-01 16:00:00,95,51,44
2014-11-01 17:00:00,70,21,49
2014-11-01 18:00:00,25,3,22
2014-11-01 19:00:00,15,9,6
2014-11-01 20:00:00,0,0,0
2014-11-01 21:00:00,1,1,0
2014-11-01 22:00:00,3,3,0
2014-11-01 23:00:00,0,0,0
2014-11-02 00:00:00,0,0,0
2014-11-02 01:00:00,0,0,0
2014-11-02 02:00:00,0,0,0
2014-11-02 03:00:00,0,0,0
2014-11-02 04:00:00,1,1,0
2014-11-02 05:00:00,2,1,1
2014-11-02 06:00:00,4,1,3
2014-11-02 07:00:00,11,7,4
2014-11-02 08:00:00,41,30,11
2014-11-02 09:00:00,59,24,35
2014-11-02 10:00:00,84,37,47
2014-11-02 11:00:00,83,48,35
2014-11-02 12:00:00,90,47,43
2014-11-02 13:00:00,83,38,45
2014-11-02 14:00:00,45,22,23
2014-11-02 15:00:00,24,10,14
2014-11-02 16:00:00,17,6,11
2014-11-02 17:00:00,11,6,5
2014-11-02 18:00:00,3,2,1
2014-11-02 19:00:00,2,0,2
2014-11-02 20:00:00,3,3,0
2014-11-02 21:00:00,3,2,1
2014-11-02 22:00:00,2,1,1
2014-11-02 23:00:00,1,1,0
2014-11-03 00:00:00,0,0,0
2014-11-03 01:00:00,0,0,0
2014-11-03 02:00:00,0,0,0
2014-11-03 03:00:00,0,0,0
2014-11-03 04:00:00,2,0,2
2014-11-03 05:00:00,5,0,5
2014-11-03 06:00:00,22,4,18
2014-11-03 07:00:00,46,9,37
2014-11-03 08:00:00,57,10,47
2014-11-03 09:00:00,43,12,31
2014-11-03 10:00:00,16,3,13
2014-11-03 11:00:00,13,5,8
2014-11-03 12:00:00,11,8,3
2014-11-03 13:00:00,22,16,6
2014-11-03 14:00:00,25,12,13
2014-11-03 15:00:00,16,8,8
2014-11-03 16:00:00,30,25,5
2014-11-03 17:00:00,63,48,15
2014-11-03 18:00:00,61,52,9
2014-11-03 19:00:00,17,13,4
2014-11-03 20:00:00,7,7,0
2014-11-03 21:00:00,4,2,2
2014-11-03 22:00:00,0,0,0
2014-11-03 23:00:00,3,2,1
2014-11-04 00:00:00,0,0,0
2014-11-04 01:00:00,0,0,0
2014-11-04 02:00:00,0,0,0
2014-11-04 03:00:00,0,0,0
2014-11-04 04:00:00,4,0,4
2014-11-04 05:00:00,7,1,6
2014-11-04 06:00:00,20,0,20
2014-11-04 07:00:00,48,8,40
2014-11-04 08:00:00,66,12,54
2014-11-04 09:00:00,56,15,41
2014-11-04 10:00:00,21,5,16
2014-11-04 11:00:00,27,14,13
2014-11-04 12:00:00,7,4,3
2014-11-04 13:00:00,12,10,2
2014-11-04 14:00:00,24,12,12
2014-11-04 15:00:00,37,22,15
2014-11-04 16:00:00,57,46,11
2014-11-04 17:00:00,73,56,17
2014-11-04 18:00:00,69,53,16
2014-11-04 19:00:00,28,20,8
2014-11-04 20:00:00,18,15,3
2014-11-04 21:00:00,8,3,5
2014-11-04 22:00:00,2,2,0
2014-11-04 23:00:00,4,2,2
2014-11-05 00:00:00,0,0,0
2014-11-05 01:00:00,0,0,0
2014-11-05 02:00:00,1,1,0
2014-11-05 03:00:00,0,0,0
2014-11-05 04:00:00,3,0,3
2014-11-05 05:00:00,9,1,8
2014-11-05 06:00:00,39,5,34
2014-11-05 07:00:00,58,10,48
2014-11-05 08:00:00,85,14,71
2014-11-05 09:00:00,52,20,32
2014-11-05 10:00:00,40,13,27
2014-11-05 11:00:00,27,8,19
2014-11-05 12:00:00,21,11,10
2014-11-05 13:00:00,14,7,7
2014-11-05 14:00:00,38,25,13
2014-11-05 15:00:00,23,13,10
2014-11-05 16:00:00,53,45,8
2014-11-05 17:00:00,89,69,20
2014-11-05 18:00:00,56,50,6
2014-11-05 19:00:00,27,17,10
2014-11-05 20:00:00,12,8,4
2014-11-05 21:00:00,5,3,2
2014-11-05 22:00:00,2,0,2
2014-11-05 23:00:00,0,0,0
2014-11-06 00:00:00,0,0,0
2014-11-06 01:00:00,1,0,1
2014-11-06 02:00:00,0,0,0
2014-11-06 03:00:00,0,0,0
2014-11-06 04:00:00,3,0,3
2014-11-06 05:00:00,2,0,2
2014-11-06 06:00:00,16,1,15
2014-11-06 07:00:00,44,9,35
2014-11-06 08:00:00,44,12,32
2014-11-06 09:00:00,37,8,29
2014-11-06 10:00:00,22,6,16
2014-11-06 11:00:00,9,4,5
2014-11-06 12:00:00,14,5,9
2014-11-06 13:00:00,7,3,4
2014-11-06 14:00:00,17,14,3
2014-11-06 15:00:00,19,8,11
2014-11-06 16:00:00,41,31,10
2014-11-06 17:00:00,50,40,10
2014-11-06 18:00:00,52,37,15
2014-11-06 19:00:00,18,15,3
2014-11-06 20:00:00,6,6,0
2014-11-06 21:00:00,3,3,0
2014-11-06 22:00:00,1,1,0
2014-11-06 23:00:00,2,1,1
2014-11-07 00:00:00,0,0,0
2014-11-07 01:00:00,0,0,0
2014-11-07 02:00:00,1,0,1
2014-11-07 03:00:00,0,0,0
2014-11-07 04:00:00,2,0,2
2014-11-07 05:00:00,9,2,7
2014-11-07 06:00:00,25,3,22
2014-11-07 07:00:00,73,19,54
2014-11-07 08:00:00,80,22,58
2014-11-07 09:00:00,67,20,47
2014-11-07 10:00:00,39,19,20
2014-11-07 11:00:00,46,21,25
2014-11-07 12:00:00,59,30,29
2014-11-07 13:00:00,73,42,31
2014-11-07 14:00:00,88,45,43
2014-11-07 15:00:00,97,55,42
2014-11-07 16:00:00,131,82,49
2014-11-07 17:00:00,98,64,34
2014-11-07 18:00:00,56,42,14
2014-11-07 19:00:00,33,24,9
2014-11-07 20:00:00,12,10,2
2014-11-07 21:00:00,5,2,3
2014-11-07 22:00:00,5,4,1
2014-11-07 23:00:00,3,2,1
2014-11-08 00:00:00,0,0,0
2014-11-08 01:00:00,2,2,0
2014-11-08 02:00:00,0,0,0
2014-11-08 03:00:00,1,1,0
2014-11-08 04:00:00,0,0,0
2014-11-08 05:00:00,0,0,0
2014-11-08 06:00:00,1,0,1
2014-11-08 07:00:00,15,11,4
2014-11-08 08:00:00,39,25,14
2014-11-08 09:00:00,63,37,26
2014-11-08 10:00:00,94,49,45
2014-11-08 11:00:00,149,83,66
2014-11-08 12:00:00,170,95,75
2014-11-08 13:00:00,188,111,77
2014-11-08 14:00:00,209,88,121
2014-11-08 15:00:00,180,71,109
2014-11-08 16:00:00,103,44,59
2014-11-08 17:00:00,44,11,33
2014-11-08 18:00:00,7,7,0
2014-11-08 19:00:00,6,4,2
2014-11-08 20:00:00,5,3,2
2014-11-08 21:00:00,4,3,1
2014-11-08 22:00:00,3,1,2
2014-11-08 23:00:00,5,1,4
2014-11-09 00:00:00,0,0,0
2014-11-09 01:00:00,0,0,0
2014-11-09 02:00:00,0,0,0
2014-11-09 03:00:00,0,0,0
2014-11-09 04:00:00,0,0,0
2014-11-09 05:00:00,0,0,0
2014-11-09 06:00:00,2,2,0
2014-11-09 07:00:00,3,2,1
2014-11-09 08:00:00,10,6,4
2014-11-09 09:00:00,14,8,6
2014-11-09 10:00:00,33,18,15
2014-11-09 11:00:00,23,10,13
2014-11-09 12:00:00,55,36,19
2014-11-09 13:00:00,30,11,19
2014-11-09 14:00:00,27,11,16
2014-11-09 15:00:00,17,8,9
2014-11-09 16:00:00,18,5,13
2014-11-09 17:00:00,7,2,5
2014-11-09 18:00:00,6,3,3
2014-11-09 19:00:00,3,2,1
2014-11-09 20:00:00,1,1,0
2014-11-09 21:00:00,0,0,0
2014-11-09 22:00:00,0,0,0
2014-11-09 23:00:00,1,0,1
2014-11-10 00:00:00,0,0,0
2014-11-10 01:00:00,0,0,0
2014-11-10 02:00:00,0,0,0
2014-11-10 03:00:00,0,0,0
2014-11-10 04:00:00,4,0,4
2014-11-10 05:00:00,7,1,6
2014-11-10 06:00:00,21,0,21
2014-11-10 07:00:00,56,15,41
2014-11-10 08:00:00,82,14,68
2014-11-10 09:00:00,59,17,42
2014-11-10 10:00:00,38,15,23
2014-11-10 11:00:00,39,19,20
2014-11-10 12:00:00,56,25,31
2014-11-10 13:00:00,53,31,22
2014-11-10 14:00:00,63,27,36
2014-11-10 15:00:00,57,32,25
2014-11-10 16:00:00,93,65,28
2014-11-10 17:00:00,97,75,22
2014-11-10 18:00:00,70,56,14
2014-11-10 19:00:00,28,23,5
2014-11-10 20:00:00,7,5,2
2014-11-10 21:00:00,5,5,0
2014-11-10 22:00:00,2,1,1
2014-11-10 23:00:00,2,0,2
2014-11-11 00:00:00,0,0,0
2014-11-11 01:00:00,0,0,0
2014-11-11 02:00:00,0,0,0
2014-11-11 03:00:00,0,0,0
2014-11-11 04:00:00,3,0,3
2014-11-11 05:00:00,5,1,4
2014-11-11 06:00:00,17,1,16
2014-11-11 07:00:00,38,8,30
2014-11-11 08:00:00,39,11,28
2014-11-11 09:00:00,41,16,25
2014-11-11 10:00:00,51,24,27
2014-11-11 11:00:00,58,28,30
2014-11-11 12:00:00,64,38,26
2014-11-11 13:00:00,64,36,28
2014-11-11 14:00:00,65,28,37
2014-11-11 15:00:00,69,28,41
2014-11-11 16:00:00,73,41,32
2014-11-11 17:00:00,63,48,15
2014-11-11 18:00:00,36,31,5
2014-11-11 19:00:00,26,16,10
2014-11-11 20:00:00,6,6,0
2014-11-11 21:00:00,10,8,2
2014-11-11 22:00:00,6,6,0
2014-11-11 23:00:00,0,0,0
2014-11-12 00:00:00,0,0,0
2014-11-12 01:00:00,0,0,0
2014-11-12 02:00:00,0,0,0
2014-11-12 03:00:00,1,1,0
2014-11-12 04:00:00,5,1,4
2014-11-12 05:00:00,5,1,4
2014-11-12 06:00:00,19,2,17
2014-11-12 07:00:00,40,9,31
2014-11-12 08:00:00,58,10,48
2014-11-12 09:00:00,51,12,39
2014-11-12 10:00:00,35,12,23
2014-11-12 11:00:00,15,9,6
2014-11-12 12:00:00,24,13,11
2014-11-12 13:00:00,13,6,7
2014-11-12 14:00:00,36,22,14
2014-11-12 15:00:00,51,26,25
2014-11-12 16:00:00,65,36,29
2014-11-12 17:00:00,68,55,13
2014-11-12 18:00:00,53,38,15
2014-11-12 19:00:00,23,17,6
2014-11-12 20:00:00,15,10,5
2014-11-12 21:00:00,3,2,1
2014-11-12 22:00:00,2,2,0
2014-11-12 23:00:00,2,0,2
2014-11-13 00:00:00,0,0,0
2014-11-13 01:00:00,0,0,0
2014-11-13 02:00:00,0,0,0
2014-11-13 03:00:00,0,0,0
2014-11-13 04:00:00,5,0,5
2014-11-13 05:00:00,7,1,6
2014-11-13 06:00:00,12,0,12
2014-11-13 07:00:00,36,9,27
2014-11-13 08:00:00,53,13,40
2014-11-13 09:00:00,46,15,31
2014-11-13 10:00:00,21,6,15
2014-11-13 11:00:00,17,5,12
2014-11-13 12:00:00,17,8,9
2014-11-13 13:00:00,27,14,13
2014-11-13 14:00:00,30,21,9
2014-11-13 15:00:00,50,31,19
2014-11-13 16:00:00,49,26,23
2014-11-13 17:00:00,62,46,16
2014-11-13 18:00:00,56,40,16
2014-11-13 19:00:00,23,23,0
2014-11-13 20:00:00,7,6,1
2014-11-13 21:00:00,2,1,1
2014-11-13 22:00:00,0,0,0
2014-11-13 23:00:00,2,1,1
2014-11-14 00:00:00,0,0,0
2014-11-14 01:00:00,1,1,0
2014-11-14 02:00:00,0,0,0
2014-11-14 03:00:00,0,0,0
2014-11-14 04:00:00,2,0,2
2014-11-14 05:00:00,3,0,3
2014-11-14 06:00:00,17,1,16
2014-11-14 07:00:00,27,8,19
2014-11-14 08:00:00,54,7,47
2014-11-14 09:00:00,35,13,22
2014-11-14 10:00:00,26,7,19
2014-11-14 11:00:00,16,6,10
2014-11-14 12:00:00,25,12,13
2014-11-14 13:00:00,27,12,15
2014-11-14 14:00:00,38,26,12
2014-11-14 15:00:00,48,30,18
2014-11-14 16:00:00,64,35,29
2014-11-14 17:00:00,50,36,14
2014-11-14 18:00:00,37,27,10
2014-11-14 19:00:00,20,16,4
2014-11-14 20:00:00,8,7,1
2014-11-14 21:00:00,5,3,2
2014-11-14 22:00:00,1,1,0
2014-11-14 23:00:00,2,0,2
2014-11-15 00:00:00,0,0,0
2014-11-15 01:00:00,1,1,0
2014-11-15 02:00:00,2,1,1
2014-11-15 03:00:00,0,0,0
2014-11-15 04:00:00,0,0,0
2014-11-15 05:00:00,0,0,0
2014-11-15 06:00:00,2,2,0
2014-11-15 07:00:00,9,5,4
2014-11-15 08:00:00,9,5,4
2014-11-15 09:00:00,31,16,15
2014-11-15 10:00:00,65,31,34
2014-11-15 11:00:00,50,35,15
2014-11-15 12:00:00,102,45,57
2014-11-15 13:00:00,86,55,31
2014-11-15 14:00:00,95,42,53
2014-11-15 15:00:00,77,38,39
2014-11-15 16:00:00,56,17,39
2014-11-15 17:00:00,16,8,8
2014-11-15 18:00:00,10,6,4
2014-11-15 19:00:00,2,1,1
2014-11-15 20:00:00,3,3,0
2014-11-15 21:00:00,1,0,1
2014-11-15 22:00:00,0,0,0
2014-11-15 23:00:00,1,1,0
2014-11-16 00:00:00,1,0,1
2014-11-16 01:00:00,0,0,0
2014-11-16 02:00:00,0,0,0
2014-11-16 03:00:00,0,0,0
2014-11-16 04:00:00,0,0,0
2014-11-16 05:00:00,0,0,0
2014-11-16 06:00:00,4,3,1
2014-11-16 07:00:00,2,0,2
2014-11-16 08:00:00,17,11,6
2014-11-16 09:00:00,37,20,17
2014-11-16 10:00:00,50,27,23
2014-11-16 11:00:00,56,27,29
2014-11-16 12:00:00,70,31,39
2014-11-16 13:00:00,61,37,24
2014-11-16 14:00:00,101,45,56
2014-11-16 15:00:00,83,46,37
2014-11-16 16:00:00,57,24,33
2014-11-16 17:00:00,29,7,22
2014-11-16 18:00:00,11,1,10
2014-11-16 19:00:00,5,5,0
2014-11-16 20:00:00,2,0,2
2014-11-16 21:00:00,3,2,1
2014-11-16 22:00:00,0,0,0
2014-11-16 23:00:00,0,0,0
2014-11-17 00:00:00,0,0,0
2014-11-17 01:00:00,0,0,0
2014-11-17 02:00:00,0,0,0
2014-11-17 03:00:00,0,0,0
2014-11-17 04:00:00,3,0,3
2014-11-17 05:00:00,8,1,7
2014-11-17 06:00:00,16,0,16
2014-11-17 07:00:00,52,14,38
2014-11-17 08:00:00,50,7,43
2014-11-17 09:00:00,51,16,35
2014-11-17 10:00:00,45,13,32
2014-11-17 11:00:00,25,10,15
2014-11-17 12:00:00,30,16,14
2014-11-17 13:00:00,28,16,12
2014-11-17 14:00:00,52,34,18
2014-11-17 15:00:00,44,21,23
2014-11-17 16:00:00,66,44,22
2014-11-17 17:00:00,67,47,20
2014-11-17 18:00:00,61,50,11
2014-11-17 19:00:00,21,18,3
2014-11-17 20:00:00,12,9,3
2014-11-17 21:00:00,6,3,3
2014-11-17 22:00:00,1,1,0
2014-11-17 23:00:00,1,0,1
2014-11-18 00:00:00,0,0,0
2014-11-18 01:00:00,0,0,0
2014-11-18 02:00:00,0,0,0
2014-11-18 03:00:00,0,0,0
2014-11-18 04:00:00,2,0,2
2014-11-18 05:00:00,4,0,4
2014-11-18 06:00:00,19,2,17
2014-11-18 07:00:00,40,7,33
2014-11-18 08:00:00,67,18,49
2014-11-18 09:00:00,57,14,43
2014-11-18 10:00:00,27,10,17
2014-11-18 11:00:00,10,3,7
2014-11-18 12:00:00,26,14,12
2014-11-18 13:00:00,31,14,17
2014-11-18 14:00:00,40,24,16
2014-11-18 15:00:00,39,18,21
2014-11-18 16:00:00,61,43,18
2014-11-18 17:00:00,70,50,20
2014-11-18 18:00:00,65,55,10
2014-11-18 19:00:00,42,31,11
2014-11-18 20:00:00,10,8,2
2014-11-18 21:00:00,6,6,0
2014-11-18 22:00:00,4,4,0
2014-11-18 23:00:00,4,2,2
2014-11-19 00:00:00,0,0,0
2014-11-19 01:00:00,0,0,0
2014-11-19 02:00:00,0,0,0
2014-11-19 03:00:00,1,1,0
2014-11-19 04:00:00,4,0,4
2014-11-19 05:00:00,8,0,8
2014-11-19 06:00:00,28,5,23
2014-11-19 07:00:00,43,13,30
2014-11-19 08:00:00,77,15,62
2014-11-19 09:00:00,44,21,23
2014-11-19 10:00:00,23,9,14
2014-11-19 11:00:00,23,7,16
2014-11-19 12:00:00,23,20,3
2014-11-19 13:00:00,19,11,8
2014-11-19 14:00:00,33,20,13
2014-11-19 15:00:00,28,11,17
2014-11-19 16:00:00,62,40,22
2014-11-19 17:00:00,79,53,26
2014-11-19 18:00:00,53,41,12
2014-11-19 19:00:00,28,23,5
2014-11-19 20:00:00,10,6,4
2014-11-19 21:00:00,8,5,3
2014-11-19 22:00:00,4,3,1
2014-11-19 23:00:00,1,0,1
2014-11-20 00:00:00,0,0,0
2014-11-20 01:00:00,0,0,0
2014-11-20 02:00:00,0,0,0
2014-11-20 03:00:00,0,0,0
2014-11-20 04:00:00,3,0,3
2014-11-20 05:00:00,7,1,6
2014-11-20 06:00:00,21,1,20
2014-11-20 07:00:00,48,10,38
2014-11-20 08:00:00,56,13,43
2014-11-20 09:00:00,50,16,34
2014-11-20 10:00:00,27,10,17
2014-11-20 11:00:00,14,8,6
2014-11-20 12:00:00,17,7,10
2014-11-20 13:00:00,13,4,9
2014-11-20 14:00:00,23,14,9
2014-11-20 15:00:00,23,14,9
2014-11-20 16:00:00,67,46,21
2014-11-20 17:00:00,70,51,19
2014-11-20 18:00:00,64,49,15
2014-11-20 19:00:00,29,19,10
2014-11-20 20:00:00,11,10,1
2014-11-20 21:00:00,6,3,3
2014-11-20 22:00:00,9,6,3
2014-11-20 23:00:00,3,1,2
2014-11-21 00:00:00,1,1,0
2014-11-21 01:00:00,0,0,0
2014-11-21 02:00:00,1,0,1
2014-11-21 03:00:00,0,0,0
2014-11-21 04:00:00,4,1,3
2014-11-21 05:00:00,6,0,6
2014-11-21 06:00:00,12,3,9
2014-11-21 07:00:00,30,8,22
2014-11-21 08:00:00,48,8,40
2014-11-21 09:00:00,31,5,26
2014-11-21 10:00:00,21,5,16
2014-11-21 11:00:00,14,4,10
2014-11-21 12:00:00,17,9,8
2014-11-21 13:00:00,19,12,7
2014-11-21 14:00:00,10,9,1
2014-11-21 15:00:00,18,11,7
2014-11-21 16:00:00,20,17,3
2014-11-21 17:00:00,40,32,8
2014-11-21 18:00:00,39,32,7
2014-11-21 19:00:00,15,12,3
2014-11-21 20:00:00,6,6,0
2014-11-21 21:00:00,3,3,0
2014-11-21 22:00:00,1,1,0
2014-11-21 23:00:00,1,0,1
2014-11-22 00:00:00,0,0,0
2014-11-22 01:00:00,0,0,0
2014-11-22 02:00:00,0,0,0
2014-11-22 03:00:00,0,0,0
2014-11-22 04:00:00,1,0,1
2014-11-22 05:00:00,0,0,0
2014-11-22 06:00:00,0,0,0
2014-11-22 07:00:00,6,2,4
2014-11-22 08:00:00,18,11,7
2014-11-22 09:00:00,31,20,11
2014-11-22 10:00:00,35,16,19
2014-11-22 11:00:00,50,30,20
2014-11-22 12:00:00,67,30,37
2014-11-22 13:00:00,66,35,31
2014-11-22 14:00:00,62,34,28
2014-11-22 15:00:00,66,35,31
2014-11-22 16:00:00,64,25,39
2014-11-22 17:00:00,13,7,6
2014-11-22 18:00:00,8,2,6
2014-11-22 19:00:00,6,4,2
2014-11-22 20:00:00,1,0,1
2014-11-22 21:00:00,2,2,0
2014-11-22 22:00:00,1,1,0
2014-11-22 23:00:00,1,1,0
2014-11-23 00:00:00,1,0,1
2014-11-23 01:00:00,1,1,0
2014-11-23 02:00:00,0,0,0
2014-11-23 03:00:00,1,1,0
2014-11-23 04:00:00,0,0,0
2014-11-23 05:00:00,0,0,0
2014-11-23 06:00:00,1,1,0
2014-11-23 07:00:00,2,1,1
2014-11-23 08:00:00,8,5,3
2014-11-23 09:00:00,13,4,9
2014-11-23 10:00:00,17,9,8
2014-11-23 11:00:00,27,19,8
2014-11-23 12:00:00,36,19,17
2014-11-23 13:00:00,43,24,19
2014-11-23 14:00:00,52,33,19
2014-11-23 15:00:00,75,33,42
2014-11-23 16:00:00,40,9,31
2014-11-23 17:00:00,18,8,10
2014-11-23 18:00:00,9,5,4
2014-11-23 19:00:00,2,2,0
2014-11-23 20:00:00,2,1,1
2014-11-23 21:00:00,1,1,0
2014-11-23 22:00:00,3,2,1
2014-11-23 23:00:00,0,0,0
2014-11-24 00:00:00,0,0,0
2014-11-24 01:00:00,0,0,0
2014-11-24 02:00:00,0,0,0
2014-11-24 03:00:00,0,0,0
2014-11-24 04:00:00,4,0,4
2014-11-24 05:00:00,6,0,6
2014-11-24 06:00:00,18,2,16
2014-11-24 07:00:00,49,9,40
2014-11-24 08:00:00,60,18,42
2014-11-24 09:00:00,48,16,32
2014-11-24 10:00:00,37,10,27
2014-11-24 11:00:00,21,7,14
2014-11-24 12:00:00,18,12,6
2014-11-24 13:00:00,18,7,11
2014-11-24 14:00:00,22,15,7
2014-11-24 15:00:00,25,16,9
2014-11-24 16:00:00,50,32,18
2014-11-24 17:00:00,62,45,17
2014-11-24 18:00:00,55,48,7
2014-11-24 19:00:00,28,21,7
2014-11-24 20:00:00,7,7,0
2014-11-24 21:00:00,3,1,2
2014-11-24 22:00:00,1,0,1
2014-11-24 23:00:00,4,3,1
2014-11-25 00:00:00,0,0,0
2014-11-25 01:00:00,1,1,0
2014-11-25 02:00:00,0,0,0
2014-11-25 03:00:00,0,0,0
2014-11-25 04:00:00,3,0,3
2014-11-25 05:00:00,5,1,4
2014-11-25 06:00:00,18,1,17
2014-11-25 07:00:00,29,7,22
2014-11-25 08:00:00,45,17,28
2014-11-25 09:00:00,37,10,27
2014-11-25 10:00:00,16,4,12
2014-11-25 11:00:00,13,8,5
2014-11-25 12:00:00,11,5,6
2014-11-25 13:00:00,5,1,4
2014-11-25 14:00:00,18,12,6
2014-11-25 15:00:00,9,3,6
2014-11-25 16:00:00,37,28,9
2014-11-25 17:00:00,36,20,16
2014-11-25 18:00:00,54,46,8
2014-11-25 19:00:00,24,15,9
2014-11-25 20:00:00,3,3,0
2014-11-25 21:00:00,3,2,1
2014-11-25 22:00:00,2,2,0
2014-11-25 23:00:00,3,2,1
2014-11-26 00:00:00,0,0,0
2014-11-26 01:00:00,0,0,0
2014-11-26 02:00:00,0,0,0
2014-11-26 03:00:00,0,0,0
2014-11-26 04:00:00,0,0,0
2014-11-26 05:00:00,5,0,5
2014-11-26 06:00:00,14,2,12
2014-11-26 07:00:00,33,9,24
2014-11-26 08:00:00,61,12,49
2014-11-26 09:00:00,48,17,31
2014-11-26 10:00:00,32,14,18
2014-11-26 11:00:00,32,13,19
2014-11-26 12:00:00,39,17,22
2014-11-26 13:00:00,32,21,11
2014-11-26 14:00:00,57,36,21
2014-11-26 15:00:00,54,29,25
2014-11-26 16:00:00,75,49,26
2014-11-26 17:00:00,51,41,10
2014-11-26 18:00:00,30,25,5
2014-11-26 19:00:00,10,9,1
2014-11-26 20:00:00,8,8,0
2014-11-26 21:00:00,3,2,1
2014-11-26 22:00:00,0,0,0
2014-11-26 23:00:00,2,0,2
2014-11-27 00:00:00,2,0,2
2014-11-27 01:00:00,2,2,0
2014-11-27 02:00:00,0,0,0
2014-11-27 03:00:00,0,0,0
2014-11-27 04:00:00,0,0,0
2014-11-27 05:00:00,1,1,0
2014-11-27 06:00:00,3,2,1
2014-11-27 07:00:00,2,1,1
2014-11-27 08:00:00,14,6,8
2014-11-27 09:00:00,25,13,12
2014-11-27 10:00:00,37,18,19
2014-11-27 11:00:00,47,25,22
2014-11-27 12:00:00,48,27,21
2014-11-27 13:00:00,50,22,28
2014-11-27 14:00:00,28,13,15
2014-11-27 15:00:00,14,4,10
2014-11-27 16:00:00,3,0,3
2014-11-27 17:00:00,2,1,1
2014-11-27 18:00:00,2,1,1
2014-11-27 19:00:00,1,0,1
2014-11-27 20:00:00,1,0,1
2014-11-27 21:00:00,1,0,1
2014-11-27 22:00:00,1,0,1
2014-11-27 23:00:00,1,0,1
2014-11-28 00:00:00,0,0,0
2014-11-28 01:00:00,0,0,0
2014-11-28 02:00:00,0,0,0
2014-11-28 03:00:00,0,0,0
2014-11-28 04:00:00,0,0,0
2014-11-28 05:00:00,0,0,0
2014-11-28 06:00:00,2,0,2
2014-11-28 07:00:00,5,1,4
2014-11-28 08:00:00,4,2,2
2014-11-28 09:00:00,13,7,6
2014-11-28 10:00:00,16,7,9
2014-11-28 11:00:00,8,2,6
2014-11-28 12:00:00,7,3,4
2014-11-28 13:00:00,7,4,3
2014-11-28 14:00:00,5,0,5
2014-11-28 15:00:00,15,6,9
2014-11-28 16:00:00,8,5,3
2014-11-28 17:00:00,4,1,3
2014-11-28 18:00:00,2,0,2
2014-11-28 19:00:00,3,3,0
2014-11-28 20:00:00,1,0,1
2014-11-28 21:00:00,0,0,0
2014-11-28 22:00:00,0,0,0
2014-11-28 23:00:00,0,0,0
2014-11-29 00:00:00,0,0,0
2014-11-29 01:00:00,0,0,0
2014-11-29 02:00:00,0,0,0
2014-11-29 03:00:00,0,0,0
2014-11-29 04:00:00,0,0,0
2014-11-29 05:00:00,0,0,0
2014-11-29 06:00:00,0,0,0
2014-11-29 07:00:00,2,1,1
2014-11-29 08:00:00,5,1,4
2014-11-29 09:00:00,2,1,1
2014-11-29 10:00:00,6,5,1
2014-11-29 11:00:00,14,6,8
2014-11-29 12:00:00,13,10,3
2014-11-29 13:00:00,23,10,13
2014-11-29 14:00:00,17,7,10
2014-11-29 15:00:00,12,4,8
2014-11-29 16:00:00,5,2,3
2014-11-29 17:00:00,1,0,1
2014-11-29 18:00:00,0,0,0
2014-11-29 19:00:00,1,1,0
2014-11-29 20:00:00,0,0,0
2014-11-29 21:00:00,0,0,0
2014-11-29 22:00:00,0,0,0
2014-11-29 23:00:00,1,1,0
2014-11-30 00:00:00,1,1,0
2014-11-30 01:00:00,0,0,0
2014-11-30 02:00:00,0,0,0
2014-11-30 03:00:00,0,0,0
2014-11-30 04:00:00,0,0,0
2014-11-30 05:00:00,1,1,0
2014-11-30 06:00:00,1,1,0
2014-11-30 07:00:00,0,0,0
2014-11-30 08:00:00,1,1,0
2014-11-30 09:00:00,8,3,5
2014-11-30 10:00:00,13,4,9
2014-11-30 11:00:00,11,8,3
2014-11-30 12:00:00,32,18,14
2014-11-30 13:00:00,28,12,16
2014-11-30 14:00:00,42,22,20
2014-11-30 15:00:00,28,12,16
2014-11-30 16:00:00,18,6,12
2014-11-30 17:00:00,5,1,4
2014-11-30 18:00:00,2,0,2
2014-11-30 19:00:00,1,1,0
2014-11-30 20:00:00,2,2,0
2014-11-30 21:00:00,0,0,0
2014-11-30 22:00:00,0,0,0
2014-11-30 23:00:00,0,0,0
2014-12-01 00:00:00,0,0,0
2014-12-01 01:00:00,0,0,0
2014-12-01 02:00:00,0,0,0
2014-12-01 03:00:00,0,0,0
2014-12-01 04:00:00,1,0,1
2014-12-01 05:00:00,5,0,5
2014-12-01 06:00:00,13,0,13
2014-12-01 07:00:00,16,4,12
2014-12-01 08:00:00,28,3,25
2014-12-01 09:00:00,31,13,18
2014-12-01 10:00:00,16,4,12
2014-12-01 11:00:00,11,5,6
2014-12-01 12:00:00,11,6,5
2014-12-01 13:00:00,14,5,9
2014-12-01 14:00:00,31,23,8
2014-12-01 15:00:00,23,11,12
2014-12-01 16:00:00,40,28,12
2014-12-01 17:00:00,40,27,13
2014-12-01 18:00:00,23,20,3
2014-12-01 19:00:00,10,10,0
2014-12-01 20:00:00,7,4,3
2014-12-01 21:00:00,2,2,0
2014-12-01 22:00:00,3,3,0
2014-12-01 23:00:00,2,0,2
2014-12-02 00:00:00,0,0,0
2014-12-02 01:00:00,0,0,0
2014-12-02 02:00:00,0,0,0
2014-12-02 03:00:00,0,0,0
2014-12-02 04:00:00,1,0,1
2014-12-02 05:00:00,5,0,5
2014-12-02 06:00:00,11,1,10
2014-12-02 07:00:00,22,6,16
2014-12-02 08:00:00,34,10,24
2014-12-02 09:00:00,36,12,24
2014-12-02 10:00:00,19,8,11
2014-12-02 11:00:00,16,8,8
2014-12-02 12:00:00,23,11,12
2014-12-02 13:00:00,18,9,9
2014-12-02 14:00:00,20,9,11
2014-12-02 15:00:00,19,12,7
2014-12-02 16:00:00,41,28,13
2014-12-02 17:00:00,47,36,11
2014-12-02 18:00:00,39,33,6
2014-12-02 19:00:00,22,20,2
2014-12-02 20:00:00,5,2,3
2014-12-02 21:00:00,5,5,0
2014-12-02 22:00:00,8,6,2
2014-12-02 23:00:00,1,0,1
2014-12-03 00:00:00,0,0,0
2014-12-03 01:00:00,0,0,0
2014-12-03 02:00:00,0,0,0
2014-12-03 03:00:00,1,1,0
2014-12-03 04:00:00,1,0,1
2014-12-03 05:00:00,5,0,5
2014-12-03 06:00:00,9,0,9
2014-12-03 07:00:00,26,5,21
2014-12-03 08:00:00,50,15,35
2014-12-03 09:00:00,34,11,23
2014-12-03 10:00:00,16,7,9
2014-12-03 11:00:00,25,10,15
2014-12-03 12:00:00,21,13,8
2014-12-03 13:00:00,22,11,11
2014-12-03 14:00:00,26,13,13
2014-12-03 15:00:00,32,21,11
2014-12-03 16:00:00,43,29,14
2014-12-03 17:00:00,48,36,12
2014-12-03 18:00:00,47,37,10
2014-12-03 19:00:00,23,20,3
2014-12-03 20:00:00,3,2,1
2014-12-03 21:00:00,5,1,4
2014-12-03 22:00:00,0,0,0
2014-12-03 23:00:00,1,1,0
2014-12-04 00:00:00,1,1,0
2014-12-04 01:00:00,0,0,0
2014-12-04 02:00:00,0,0,0
2014-12-04 03:00:00,0,0,0
2014-12-04 04:00:00,2,0,2
2014-12-04 05:00:00,6,2,4
2014-12-04 06:00:00,16,1,15
2014-12-04 07:00:00,38,7,31
2014-12-04 08:00:00,39,10,29
2014-12-04 09:00:00,38,8,30
2014-12-04 10:00:00,18,8,10
2014-12-04 11:00:00,13,4,9
2014-12-04 12:00:00,16,7,9
2014-12-04 13:00:00,17,11,6
2014-12-04 14:00:00,15,9,6
2014-12-04 15:00:00,18,16,2
2014-12-04 16:00:00,37,30,7
2014-12-04 17:00:00,39,31,8
2014-12-04 18:00:00,52,42,10
2014-12-04 19:00:00,23,20,3
2014-12-04 20:00:00,8,7,1
2014-12-04 21:00:00,3,1,2
2014-12-04 22:00:00,3,1,2
2014-12-04 23:00:00,1,0,1
2014-12-05 00:00:00,0,0,0
2014-12-05 01:00:00,0,0,0
2014-12-05 02:00:00,0,0,0
2014-12-05 03:00:00,0,0,0
2014-12-05 04:00:00,0,0,0
2014-12-05 05:00:00,3,1,2
2014-12-05 06:00:00,15,3,12
2014-12-05 07:00:00,27,10,17
2014-12-05 08:00:00,46,14,32
2014-12-05 09:00:00,36,11,25
2014-12-05 10:00:00,22,8,14
2014-12-05 11:00:00,4,1,3
2014-12-05 12:00:00,7,5,2
2014-12-05 13:00:00,15,9,6
2014-12-05 14:00:00,19,12,7
2014-12-05 15:00:00,30,14,16
2014-12-05 16:00:00,41,25,16
2014-12-05 17:00:00,46,27,19
2014-12-05 18:00:00,36,26,10
2014-12-05 19:00:00,9,5,4
2014-12-05 20:00:00,5,4,1
2014-12-05 21:00:00,1,1,0
2014-12-05 22:00:00,0,0,0
2014-12-05 23:00:00,1,1,0
2014-12-06 00:00:00,1,1,0
2014-12-06 01:00:00,0,0,0
2014-12-06 02:00:00,0,0,0
2014-12-06 03:00:00,0,0,0
2014-12-06 04:00:00,0,0,0
2014-12-06 05:00:00,0,0,0
2014-12-06 06:00:00,5,5,0
2014-12-06 07:00:00,6,2,4
2014-12-06 08:00:00,17,8,9
2014-12-06 09:00:00,25,12,13
2014-12-06 10:00:00,40,20,20
2014-12-06 11:00:00,40,16,24
2014-12-06 12:00:00,39,28,11
2014-12-06 13:00:00,31,13,18
2014-12-06 14:00:00,52,26,26
2014-12-06 15:00:00,45,22,23
2014-12-06 16:00:00,35,15,20
2014-12-06 17:00:00,18,5,13
2014-12-06 18:00:00,5,2,3
2014-12-06 19:00:00,7,3,4
2014-12-06 20:00:00,4,1,3
2014-12-06 21:00:00,4,4,0
2014-12-06 22:00:00,1,0,1
2014-12-06 23:00:00,1,0,1
2014-12-07 00:00:00,0,0,0
2014-12-07 01:00:00,0,0,0
2014-12-07 02:00:00,0,0,0
2014-12-07 03:00:00,0,0,0
2014-12-07 04:00:00,0,0,0
2014-12-07 05:00:00,1,0,1
2014-12-07 06:00:00,2,2,0
2014-12-07 07:00:00,9,7,2
2014-12-07 08:00:00,23,18,5
2014-12-07 09:00:00,39,24,15
2014-12-07 10:00:00,53,31,22
2014-12-07 11:00:00,91,55,36
2014-12-07 12:00:00,99,47,52
2014-12-07 13:00:00,83,37,46
2014-12-07 14:00:00,93,42,51
2014-12-07 15:00:00,90,49,41
2014-12-07 16:00:00,56,16,40
2014-12-07 17:00:00,16,5,11
2014-12-07 18:00:00,5,3,2
2014-12-07 19:00:00,5,2,3
2014-12-07 20:00:00,2,0,2
2014-12-07 21:00:00,3,2,1
2014-12-07 22:00:00,0,0,0
2014-12-07 23:00:00,1,1,0
2014-12-08 00:00:00,2,0,2
2014-12-08 01:00:00,0,0,0
2014-12-08 02:00:00,0,0,0
2014-12-08 03:00:00,0,0,0
2014-12-08 04:00:00,1,0,1
2014-12-08 05:00:00,2,0,2
2014-12-08 06:00:00,18,1,17
2014-12-08 07:00:00,38,6,32
2014-12-08 08:00:00,64,15,49
2014-12-08 09:00:00,50,17,33
2014-12-08 10:00:00,34,13,21
2014-12-08 11:00:00,29,20,9
2014-12-08 12:00:00,28,11,17
2014-12-08 13:00:00,39,26,13
2014-12-08 14:00:00,37,14,23
2014-12-08 15:00:00,25,17,8
2014-12-08 16:00:00,43,25,18
2014-12-08 17:00:00,51,39,12
2014-12-08 18:00:00,58,43,15
2014-12-08 19:00:00,16,14,2
2014-12-08 20:00:00,5,4,1
2014-12-08 21:00:00,6,5,1
2014-12-08 22:00:00,1,1,0
2014-12-08 23:00:00,0,0,0
2014-12-09 00:00:00,0,0,0
2014-12-09 01:00:00,0,0,0
2014-12-09 02:00:00,0,0,0
2014-12-09 03:00:00,0,0,0
2014-12-09 04:00:00,1,0,1
2014-12-09 05:00:00,4,1,3
2014-12-09 06:00:00,13,0,13
2014-12-09 07:00:00,26,8,18
2014-12-09 08:00:00,41,10,31
2014-12-09 09:00:00,24,8,16
2014-12-09 10:00:00,16,7,9
2014-12-09 11:00:00,6,2,4
2014-12-09 12:00:00,10,7,3
2014-12-09 13:00:00,15,10,5
2014-12-09 14:00:00,32,19,13
2014-12-09 15:00:00,26,10,16
2014-12-09 16:00:00,44,30,14
2014-12-09 17:00:00,58,38,20
2014-12-09 18:00:00,50,32,18
2014-12-09 19:00:00,18,16,2
2014-12-09 20:00:00,8,3,5
2014-12-09 21:00:00,4,2,2
2014-12-09 22:00:00,3,3,0
2014-12-09 23:00:00,1,1,0
2014-12-10 00:00:00,1,1,0
2014-12-10 01:00:00,1,0,1
2014-12-10 02:00:00,0,0,0
2014-12-10 03:00:00,0,0,0
2014-12-10 04:00:00,0,0,0
2014-12-10 05:00:00,4,1,3
2014-12-10 06:00:00,15,1,14
2014-12-10 07:00:00,33,8,25
2014-12-10 08:00:00,47,9,38
2014-12-10 09:00:00,37,12,25
2014-12-10 10:00:00,26,11,15
2014-12-10 11:00:00,20,7,13
2014-12-10 12:00:00,12,6,6
2014-12-10 13:00:00,7,3,4
2014-12-10 14:00:00,6,4,2
2014-12-10 15:00:00,15,8,7
2014-12-10 16:00:00,22,13,9
2014-12-10 17:00:00,47,42,5
2014-12-10 18:00:00,41,29,12
2014-12-10 19:00:00,17,14,3
2014-12-10 20:00:00,6,5,1
2014-12-10 21:00:00,5,4,1
2014-12-10 22:00:00,1,0,1
2014-12-10 23:00:00,4,3,1
2014-12-11 00:00:00,0,0,0
2014-12-11 01:00:00,0,0,0
2014-12-11 02:00:00,0,0,0
2014-12-11 03:00:00,0,0,0
2014-12-11 04:00:00,0,0,0
2014-12-11 05:00:00,4,0,4
2014-12-11 06:00:00,10,0,10
2014-12-11 07:00:00,29,6,23
2014-12-11 08:00:00,41,16,25
2014-12-11 09:00:00,32,7,25
2014-12-11 10:00:00,18,11,7
2014-12-11 11:00:00,11,5,6
2014-12-11 12:00:00,8,2,6
2014-12-11 13:00:00,9,5,4
2014-12-11 14:00:00,13,10,3
2014-12-11 15:00:00,30,17,13
2014-12-11 16:00:00,28,20,8
2014-12-11 17:00:00,33,26,7
2014-12-11 18:00:00,36,29,7
2014-12-11 19:00:00,16,13,3
2014-12-11 20:00:00,5,4,1
2014-12-11 21:00:00,3,1,2
2014-12-11 22:00:00,1,1,0
2014-12-11 23:00:00,1,1,0
2014-12-12 00:00:00,0,0,0
2014-12-12 01:00:00,1,1,0
2014-12-12 02:00:00,0,0,0
2014-12-12 03:00:00,0,0,0
2014-12-12 04:00:00,0,0,0
2014-12-12 05:00:00,3,1,2
2014-12-12 06:00:00,10,1,9
2014-12-12 07:00:00,31,11,20
2014-12-12 08:00:00,56,11,45
2014-12-12 09:00:00,34,12,22
2014-12-12 10:00:00,22,14,8
2014-12-12 11:00:00,12,7,5
2014-12-12 12:00:00,24,12,12
2014-12-12 13:00:00,33,12,21
2014-12-12 14:00:00,35,19,16
2014-12-12 15:00:00,51,20,31
2014-12-12 16:00:00,46,30,16
2014-12-12 17:00:00,60,41,19
2014-12-12 18:00:00,43,29,14
2014-12-12 19:00:00,19,12,7
2014-12-12 20:00:00,9,3,6
2014-12-12 21:00:00,4,4,0
2014-12-12 22:00:00,2,0,2
2014-12-12 23:00:00,2,1,1
2014-12-13 00:00:00,0,0,0
2014-12-13 01:00:00,0,0,0
2014-12-13 02:00:00,1,1,0
2014-12-13 03:00:00,0,0,0
2014-12-13 04:00:00,0,0,0
2014-12-13 05:00:00,1,1,0
2014-12-13 06:00:00,5,3,2
2014-12-13 07:00:00,12,6,6
2014-12-13 08:00:00,16,9,7
2014-12-13 09:00:00,55,24,31
2014-12-13 10:00:00,53,27,26
2014-12-13 11:00:00,93,54,39
2014-12-13 12:00:00,77,40,37
2014-12-13 13:00:00,115,45,70
2014-12-13 14:00:00,89,41,48
2014-12-13 15:00:00,121,55,66
2014-12-13 16:00:00,62,22,40
2014-12-13 17:00:00,25,8,17
2014-12-13 18:00:00,10,5,5
2014-12-13 19:00:00,5,3,2
2014-12-13 20:00:00,3,1,2
2014-12-13 21:00:00,1,0,1
2014-12-13 22:00:00,0,0,0
2014-12-13 23:00:00,2,1,1
2014-12-14 00:00:00,1,0,1
2014-12-14 01:00:00,1,1,0
2014-12-14 02:00:00,1,0,1
2014-12-14 03:00:00,0,0,0
2014-12-14 04:00:00,3,0,3
2014-12-14 05:00:00,0,0,0
2014-12-14 06:00:00,2,0,2
2014-12-14 07:00:00,7,5,2
2014-12-14 08:00:00,20,17,3
2014-12-14 09:00:00,42,26,16
2014-12-14 10:00:00,58,31,27
2014-12-14 11:00:00,80,58,22
2014-12-14 12:00:00,94,37,57
2014-12-14 13:00:00,106,58,48
2014-12-14 14:00:00,137,66,71
2014-12-14 15:00:00,93,30,63
2014-12-14 16:00:00,59,18,41
2014-12-14 17:00:00,20,12,8
2014-12-14 18:00:00,4,2,2
2014-12-14 19:00:00,2,1,1
2014-12-14 20:00:00,5,4,1
2014-12-14 21:00:00,1,0,1
2014-12-14 22:00:00,1,1,0
2014-12-14 23:00:00,0,0,0
2014-12-15 00:00:00,1,1,0
2014-12-15 01:00:00,0,0,0
2014-12-15 02:00:00,0,0,0
2014-12-15 03:00:00,1,1,0
2014-12-15 04:00:00,0,0,0
2014-12-15 05:00:00,6,0,6
2014-12-15 06:00:00,13,2,11
2014-12-15 07:00:00,37,7,30
2014-12-15 08:00:00,44,11,33
2014-12-15 09:00:00,43,17,26
2014-12-15 10:00:00,42,11,31
2014-12-15 11:00:00,22,11,11
2014-12-15 12:00:00,34,18,16
2014-12-15 13:00:00,36,21,15
2014-12-15 14:00:00,42,19,23
2014-12-15 15:00:00,45,27,18
2014-12-15 16:00:00,59,34,25
2014-12-15 17:00:00,74,45,29
2014-12-15 18:00:00,40,29,11
2014-12-15 19:00:00,20,16,4
2014-12-15 20:00:00,9,7,2
2014-12-15 21:00:00,5,5,0
2014-12-15 22:00:00,1,1,0
2014-12-15 23:00:00,1,1,0
2014-12-16 00:00:00,1,1,0
2014-12-16 01:00:00,0,0,0
2014-12-16 02:00:00,0,0,0
2014-12-16 03:00:00,0,0,0
2014-12-16 04:00:00,1,0,1
2014-12-16 05:00:00,5,0,5
2014-12-16 06:00:00,19,1,18
2014-12-16 07:00:00,40,10,30
2014-12-16 08:00:00,54,18,36
2014-12-16 09:00:00,52,19,33
2014-12-16 10:00:00,23,12,11
2014-12-16 11:00:00,22,11,11
2014-12-16 12:00:00,29,13,16
2014-12-16 13:00:00,33,17,16
2014-12-16 14:00:00,32,17,15
2014-12-16 15:00:00,38,20,18
2014-12-16 16:00:00,59,37,22
2014-12-16 17:00:00,58,42,16
2014-12-16 18:00:00,58,40,18
2014-12-16 19:00:00,33,22,11
2014-12-16 20:00:00,7,5,2
2014-12-16 21:00:00,8,5,3
2014-12-16 22:00:00,1,1,0
2014-12-16 23:00:00,2,1,1
2014-12-17 00:00:00,0,0,0
2014-12-17 01:00:00,1,0,1
2014-12-17 02:00:00,1,1,0
2014-12-17 03:00:00,0,0,0
2014-12-17 04:00:00,1,0,1
2014-12-17 05:00:00,4,1,3
2014-12-17 06:00:00,11,1,10
2014-12-17 07:00:00,28,6,22
2014-12-17 08:00:00,36,7,29
2014-12-17 09:00:00,32,11,21
2014-12-17 10:00:00,13,7,6
2014-12-17 11:00:00,14,6,8
2014-12-17 12:00:00,19,11,8
2014-12-17 13:00:00,12,7,5
2014-12-17 14:00:00,15,10,5
2014-12-17 15:00:00,22,16,6
2014-12-17 16:00:00,38,25,13
2014-12-17 17:00:00,54,39,15
2014-12-17 18:00:00,32,25,7
2014-12-17 19:00:00,17,14,3
2014-12-17 20:00:00,19,8,11
2014-12-17 21:00:00,4,2,2
2014-12-17 22:00:00,3,1,2
2014-12-17 23:00:00,1,1,0
2014-12-18 00:00:00,1,1,0
2014-12-18 01:00:00,0,0,0
2014-12-18 02:00:00,0,0,0
2014-12-18 03:00:00,0,0,0
2014-12-18 04:00:00,1,0,1
2014-12-18 05:00:00,5,1,4
2014-12-18 06:00:00,19,1,18
2014-12-18 07:00:00,28,7,21
2014-12-18 08:00:00,37,10,27
2014-12-18 09:00:00,31,13,18
2014-12-18 10:00:00,25,11,14
2014-12-18 11:00:00,8,4,4
2014-12-18 12:00:00,9,4,5
2014-12-18 13:00:00,20,9,11
2014-12-18 14:00:00,21,9,12
2014-12-18 15:00:00,17,8,9
2014-12-18 16:00:00,32,21,11
2014-12-18 17:00:00,39,31,8
2014-12-18 18:00:00,35,25,10
2014-12-18 19:00:00,15,12,3
2014-12-18 20:00:00,8,8,0
2014-12-18 21:00:00,7,5,2
2014-12-18 22:00:00,0,0,0
2014-12-18 23:00:00,0,0,0
2014-12-19 00:00:00,0,0,0
2014-12-19 01:00:00,0,0,0
2014-12-19 02:00:00,0,0,0
2014-12-19 03:00:00,0,0,0
2014-12-19 04:00:00,0,0,0
2014-12-19 05:00:00,1,0,1
2014-12-19 06:00:00,13,3,10
2014-12-19 07:00:00,21,7,14
2014-12-19 08:00:00,27,8,19
2014-12-19 09:00:00,28,12,16
2014-12-19 10:00:00,22,7,15
2014-12-19 11:00:00,29,14,15
2014-12-19 12:00:00,27,14,13
2014-12-19 13:00:00,40,22,18
2014-12-19 14:00:00,46,22,24
2014-12-19 15:00:00,45,25,20
2014-12-19 16:00:00,53,25,28
2014-12-19 17:00:00,43,30,13
2014-12-19 18:00:00,29,21,8
2014-12-19 19:00:00,14,9,5
2014-12-19 20:00:00,1,1,0
2014-12-19 21:00:00,4,1,3
2014-12-19 22:00:00,4,4,0
2014-12-19 23:00:00,1,0,1
2014-12-20 00:00:00,3,0,3
2014-12-20 01:00:00,0,0,0
2014-12-20 02:00:00,0,0,0
2014-12-20 03:00:00,0,0,0
2014-12-20 04:00:00,0,0,0
2014-12-20 05:00:00,0,0,0
2014-12-20 06:00:00,0,0,0
2014-12-20 07:00:00,2,0,2
2014-12-20 08:00:00,6,5,1
2014-12-20 09:00:00,10,4,6
2014-12-20 10:00:00,9,3,6
2014-12-20 11:00:00,8,5,3
2014-12-20 12:00:00,15,5,10
2014-12-20 13:00:00,17,14,3
2014-12-20 14:00:00,9,2,7
2014-12-20 15:00:00,18,8,10
2014-12-20 16:00:00,16,5,11
2014-12-20 17:00:00,5,1,4
2014-12-20 18:00:00,7,1,6
2014-12-20 19:00:00,2,1,1
2014-12-20 20:00:00,2,2,0
2014-12-20 21:00:00,4,4,0
2014-12-20 22:00:00,1,1,0
2014-12-20 23:00:00,0,0,0
2014-12-21 00:00:00,0,0,0
2014-12-21 01:00:00,1,1,0
2014-12-21 02:00:00,1,1,0
2014-12-21 03:00:00,1,1,0
2014-12-21 04:00:00,0,0,0
2014-12-21 05:00:00,0,0,0
2014-12-21 06:00:00,2,2,0
2014-12-21 07:00:00,4,1,3
2014-12-21 08:00:00,15,10,5
2014-12-21 09:00:00,32,18,14
2014-12-21 10:00:00,38,22,16
2014-12-21 11:00:00,70,35,35
2014-12-21 12:00:00,71,35,36
2014-12-21 13:00:00,83,43,40
2014-12-21 14:00:00,60,28,32
2014-12-21 15:00:00,77,28,49
2014-12-21 16:00:00,45,16,29
2014-12-21 17:00:00,14,3,11
2014-12-21 18:00:00,8,4,4
2014-12-21 19:00:00,2,2,0
2014-12-21 20:00:00,1,1,0
2014-12-21 21:00:00,2,2,0
2014-12-21 22:00:00,1,1,0
2014-12-21 23:00:00,3,3,0
2014-12-22 00:00:00,3,1,2
2014-12-22 01:00:00,0,0,0
2014-12-22 02:00:00,0,0,0
2014-12-22 03:00:00,0,0,0
2014-12-22 04:00:00,2,0,2
2014-12-22 05:00:00,3,0,3
2014-12-22 06:00:00,13,1,12
2014-12-22 07:00:00,33,11,22
2014-12-22 08:00:00,43,11,32
2014-12-22 09:00:00,33,16,17
2014-12-22 10:00:00,38,9,29
2014-12-22 11:00:00,41,18,23
2014-12-22 12:00:00,41,20,21
2014-12-22 13:00:00,54,35,19
2014-12-22 14:00:00,62,29,33
2014-12-22 15:00:00,42,26,16
2014-12-22 16:00:00,66,32,34
2014-12-22 17:00:00,49,36,13
2014-12-22 18:00:00,38,31,7
2014-12-22 19:00:00,16,12,4
2014-12-22 20:00:00,5,3,2
2014-12-22 21:00:00,7,5,2
2014-12-22 22:00:00,0,0,0
2014-12-22 23:00:00,2,2,0
2014-12-23 00:00:00,1,1,0
2014-12-23 01:00:00,0,0,0
2014-12-23 02:00:00,0,0,0
2014-12-23 03:00:00,1,1,0
2014-12-23 04:00:00,0,0,0
2014-12-23 05:00:00,4,1,3
2014-12-23 06:00:00,11,1,10
2014-12-23 07:00:00,21,7,14
2014-12-23 08:00:00,28,9,19
2014-12-23 09:00:00,17,10,7
2014-12-23 10:00:00,17,4,13
2014-12-23 11:00:00,21,8,13
2014-12-23 12:00:00,19,9,10
2014-12-23 13:00:00,23,14,9
2014-12-23 14:00:00,20,9,11
2014-12-23 15:00:00,26,12,14
2014-12-23 16:00:00,12,11,1
2014-12-23 17:00:00,21,19,2
2014-12-23 18:00:00,22,15,7
2014-12-23 19:00:00,6,5,1
2014-12-23 20:00:00,2,2,0
2014-12-23 21:00:00,0,0,0
2014-12-23 22:00:00,2,2,0
2014-12-23 23:00:00,2,2,0
2014-12-24 00:00:00,1,1,0
2014-12-24 01:00:00,0,0,0
2014-12-24 02:00:00,0,0,0
2014-12-24 03:00:00,0,0,0
2014-12-24 04:00:00,0,0,0
2014-12-24 05:00:00,2,0,2
2014-12-24 06:00:00,6,2,4
2014-12-24 07:00:00,10,5,5
2014-12-24 08:00:00,18,6,12
2014-12-24 09:00:00,21,11,10
2014-12-24 10:00:00,14,4,10
2014-12-24 11:00:00,26,16,10
2014-12-24 12:00:00,31,18,13
2014-12-24 13:00:00,43,19,24
2014-12-24 14:00:00,41,20,21
2014-12-24 15:00:00,40,20,20
2014-12-24 16:00:00,26,17,9
2014-12-24 17:00:00,5,4,1
2014-12-24 18:00:00,7,4,3
2014-12-24 19:00:00,2,2,0
2014-12-24 20:00:00,1,1,0
2014-12-24 21:00:00,1,1,0
2014-12-24 22:00:00,0,0,0
2014-12-24 23:00:00,4,3,1
2014-12-25 00:00:00,0,0,0
2014-12-25 01:00:00,0,0,0
2014-12-25 02:00:00,1,1,0
2014-12-25 03:00:00,0,0,0
2014-12-25 04:00:00,0,0,0
2014-12-25 05:00:00,1,1,0
2014-12-25 06:00:00,1,1,0
2014-12-25 07:00:00,2,1,1
2014-12-25 08:00:00,3,2,1
2014-12-25 09:00:00,12,7,5
2014-12-25 10:00:00,18,12,6
2014-12-25 11:00:00,31,19,12
2014-12-25 12:00:00,42,20,22
2014-12-25 13:00:00,48,27,21
2014-12-25 14:00:00,64,27,37
2014-12-25 15:00:00,55,31,24
2014-12-25 16:00:00,39,17,22
2014-12-25 17:00:00,9,3,6
2014-12-25 18:00:00,1,0,1
2014-12-25 19:00:00,1,0,1
2014-12-25 20:00:00,0,0,0
2014-12-25 21:00:00,4,0,4
2014-12-25 22:00:00,0,0,0
2014-12-25 23:00:00,0,0,0
2014-12-26 00:00:00,0,0,0
2014-12-26 01:00:00,0,0,0
2014-12-26 02:00:00,0,0,0
2014-12-26 03:00:00,0,0,0
2014-12-26 04:00:00,0,0,0
2014-12-26 05:00:00,6,4,2
2014-12-26 06:00:00,5,1,4
2014-12-26 07:00:00,17,5,12
2014-12-26 08:00:00,24,3,21
2014-12-26 09:00:00,21,9,12
2014-12-26 10:00:00,26,12,14
2014-12-26 11:00:00,30,22,8
2014-12-26 12:00:00,50,33,17
2014-12-26 13:00:00,62,31,31
2014-12-26 14:00:00,68,30,38
2014-12-26 15:00:00,76,36,40
2014-12-26 16:00:00,57,31,26
2014-12-26 17:00:00,30,13,17
2014-12-26 18:00:00,8,6,2
2014-12-26 19:00:00,4,3,1
2014-12-26 20:00:00,7,3,4
2014-12-26 21:00:00,2,2,0
2014-12-26 22:00:00,2,2,0
2014-12-26 23:00:00,1,0,1
2014-12-27 00:00:00,0,0,0
2014-12-27 01:00:00,0,0,0
2014-12-27 02:00:00,0,0,0
2014-12-27 03:00:00,0,0,0
2014-12-27 04:00:00,0,0,0
2014-12-27 05:00:00,0,0,0
2014-12-27 06:00:00,2,1,1
2014-12-27 07:00:00,2,0,2
2014-12-27 08:00:00,11,6,5
2014-12-27 09:00:00,14,10,4
2014-12-27 10:00:00,19,7,12
2014-12-27 11:00:00,36,24,12
2014-12-27 12:00:00,24,10,14
2014-12-27 13:00:00,29,14,15
2014-12-27 14:00:00,54,22,32
2014-12-27 15:00:00,17,6,11
2014-12-27 16:00:00,15,9,6
2014-12-27 17:00:00,13,9,4
2014-12-27 18:00:00,6,1,5
2014-12-27 19:00:00,0,0,0
2014-12-27 20:00:00,3,1,2
2014-12-27 21:00:00,1,1,0
2014-12-27 22:00:00,1,1,0
2014-12-27 23:00:00,0,0,0
2014-12-28 00:00:00,0,0,0
2014-12-28 01:00:00,1,1,0
2014-12-28 02:00:00,0,0,0
2014-12-28 03:00:00,0,0,0
2014-12-28 04:00:00,0,0,0
2014-12-28 05:00:00,3,3,0
2014-12-28 06:00:00,6,4,2
2014-12-28 07:00:00,3,3,0
2014-12-28 08:00:00,12,8,4
2014-12-28 09:00:00,26,15,11
2014-12-28 10:00:00,54,28,26
2014-12-28 11:00:00,56,28,28
2014-12-28 12:00:00,58,33,25
2014-12-28 13:00:00,58,24,34
2014-12-28 14:00:00,34,14,20
2014-12-28 15:00:00,20,11,9
2014-12-28 16:00:00,18,7,11
2014-12-28 17:00:00,9,3,6
2014-12-28 18:00:00,2,1,1
2014-12-28 19:00:00,3,1,2
2014-12-28 20:00:00,1,1,0
2014-12-28 21:00:00,0,0,0
2014-12-28 22:00:00,0,0,0
2014-12-28 23:00:00,0,0,0
2014-12-29 00:00:00,0,0,0
2014-12-29 01:00:00,0,0,0
2014-12-29 02:00:00,0,0,0
2014-12-29 03:00:00,0,0,0
2014-12-29 04:00:00,2,0,2
2014-12-29 05:00:00,4,1,3
2014-12-29 06:00:00,8,1,7
2014-12-29 07:00:00,23,7,16
2014-12-29 08:00:00,28,9,19
2014-12-29 09:00:00,30,9,21
2014-12-29 10:00:00,38,10,28
2014-12-29 11:00:00,30,10,20
2014-12-29 12:00:00,37,19,18
2014-12-29 13:00:00,38,14,24
2014-12-29 14:00:00,36,18,18
2014-12-29 15:00:00,42,23,19
2014-12-29 16:00:00,44,27,17
2014-12-29 17:00:00,54,30,24
2014-12-29 18:00:00,25,20,5
2014-12-29 19:00:00,7,6,1
2014-12-29 20:00:00,8,8,0
2014-12-29 21:00:00,3,1,2
2014-12-29 22:00:00,1,1,0
2014-12-29 23:00:00,1,1,0
2014-12-30 00:00:00,0,0,0
2014-12-30 01:00:00,0,0,0
2014-12-30 02:00:00,0,0,0
2014-12-30 03:00:00,0,0,0
2014-12-30 04:00:00,3,1,2
2014-12-30 05:00:00,4,0,4
2014-12-30 06:00:00,6,0,6
2014-12-30 07:00:00,10,4,6
2014-12-30 08:00:00,29,8,21
2014-12-30 09:00:00,17,7,10
2014-12-30 10:00:00,24,11,13
2014-12-30 11:00:00,20,15,5
2014-12-30 12:00:00,36,20,16
2014-12-30 13:00:00,40,24,16
2014-12-30 14:00:00,36,16,20
2014-12-30 15:00:00,59,33,26
2014-12-30 16:00:00,38,22,16
2014-12-30 17:00:00,27,18,9
2014-12-30 18:00:00,24,10,14
2014-12-30 19:00:00,10,8,2
2014-12-30 20:00:00,5,5,0
2014-12-30 21:00:00,4,2,2
2014-12-30 22:00:00,2,2,0
2014-12-30 23:00:00,0,0,0
2014-12-31 00:00:00,0,0,0
2014-12-31 01:00:00,0,0,0
2014-12-31 02:00:00,0,0,0
2014-12-31 03:00:00,0,0,0
2014-12-31 04:00:00,0,0,0
2014-12-31 05:00:00,2,0,2
2014-12-31 06:00:00,6,1,5
2014-12-31 07:00:00,11,3,8
2014-12-31 08:00:00,20,6,14
2014-12-31 09:00:00,15,8,7
2014-12-31 10:00:00,18,7,11
2014-12-31 11:00:00,30,11,19
2014-12-31 12:00:00,39,22,17
2014-12-31 13:00:00,50,23,27
2014-12-31 14:00:00,51,26,25
2014-12-31 15:00:00,42,18,24
2014-12-31 16:00:00,40,28,12
2014-12-31 17:00:00,12,7,5
2014-12-31 18:00:00,15,12,3
2014-12-31 19:00:00,9,7,2
2014-12-31 20:00:00,3,0,3
2014-12-31 21:00:00,0,0,0
2014-12-31 22:00:00,1,1,0
2014-12-31 23:00:00,1,0,1
2015-01-01 00:00:00,0,0,0
2015-01-01 01:00:00,4,4,0
2015-01-01 02:00:00,0,0,0
2015-01-01 03:00:00,1,1,0
2015-01-01 04:00:00,1,0,1
2015-01-01 05:00:00,0,0,0
2015-01-01 06:00:00,2,2,0
2015-01-01 07:00:00,2,0,2
2015-01-01 08:00:00,4,3,1
2015-01-01 09:00:00,11,5,6
2015-01-01 10:00:00,19,9,10
2015-01-01 11:00:00,48,33,15
2015-01-01 12:00:00,68,47,21
2015-01-01 13:00:00,82,47,35
2015-01-01 14:00:00,79,47,32
2015-01-01 15:00:00,72,30,42
2015-01-01 16:00:00,51,18,33
2015-01-01 17:00:00,13,3,10
2015-01-01 18:00:00,2,2,0
2015-01-01 19:00:00,0,0,0
2015-01-01 20:00:00,1,1,0
2015-01-01 21:00:00,1,1,0
2015-01-01 22:00:00,0,0,0
2015-01-01 23:00:00,0,0,0
2015-01-02 00:00:00,0,0,0
2015-01-02 01:00:00,0,0,0
2015-01-02 02:00:00,0,0,0
2015-01-02 03:00:00,0,0,0
2015-01-02 04:00:00,0,0,0
2015-01-02 05:00:00,0,0,0
2015-01-02 06:00:00,2,0,2
2015-01-02 07:00:00,15,6,9
2015-01-02 08:00:00,27,10,17
2015-01-02 09:00:00,17,4,13
2015-01-02 10:00:00,22,14,8
2015-01-02 11:00:00,25,15,10
2015-01-02 12:00:00,28,15,13
2015-01-02 13:00:00,51,28,23
2015-01-02 14:00:00,42,23,19
2015-01-02 15:00:00,36,20,16
2015-01-02 16:00:00,22,16,6
2015-01-02 17:00:00,17,9,8
2015-01-02 18:00:00,10,7,3
2015-01-02 19:00:00,2,2,0
2015-01-02 20:00:00,2,2,0
2015-01-02 21:00:00,0,0,0
2015-01-02 22:00:00,4,3,1
2015-01-02 23:00:00,1,0,1
2015-01-03 00:00:00,1,1,0
2015-01-03 01:00:00,0,0,0
2015-01-03 02:00:00,0,0,0
2015-01-03 03:00:00,0,0,0
2015-01-03 04:00:00,2,1,1
2015-01-03 05:00:00,2,0,2
2015-01-03 06:00:00,6,2,4
2015-01-03 07:00:00,23,16,7
2015-01-03 08:00:00,27,11,16
2015-01-03 09:00:00,47,25,22
2015-01-03 10:00:00,50,29,21
2015-01-03 11:00:00,89,44,45
2015-01-03 12:00:00,77,47,30
2015-01-03 13:00:00,83,45,38
2015-01-03 14:00:00,81,32,49
2015-01-03 15:00:00,64,20,44
2015-01-03 16:00:00,12,4,8
2015-01-03 17:00:00,10,4,6
2015-01-03 18:00:00,2,1,1
2015-01-03 19:00:00,3,1,2
2015-01-03 20:00:00,2,2,0
2015-01-03 21:00:00,1,0,1
2015-01-03 22:00:00,0,0,0
2015-01-03 23:00:00,0,0,0
2015-01-04 00:00:00,0,0,0
2015-01-04 01:00:00,0,0,0
2015-01-04 02:00:00,0,0,0
2015-01-04 03:00:00,0,0,0
2015-01-04 04:00:00,0,0,0
2015-01-04 05:00:00,1,1,0
2015-01-04 06:00:00,5,2,3
2015-01-04 07:00:00,9,6,3
2015-01-04 08:00:00,17,8,9
2015-01-04 09:00:00,13,7,6
2015-01-04 10:00:00,13,6,7
2015-01-04 11:00:00,16,10,6
2015-01-04 12:00:00,20,10,10
2015-01-04 13:00:00,17,10,7
2015-01-04 14:00:00,16,6,10
2015-01-04 15:00:00,13,7,6
2015-01-04 16:00:00,6,0,6
2015-01-04 17:00:00,2,1,1
2015-01-04 18:00:00,1,1,0
2015-01-04 19:00:00,4,2,2
2015-01-04 20:00:00,0,0,0
2015-01-04 21:00:00,0,0,0
2015-01-04 22:00:00,0,0,0
2015-01-04 23:00:00,0,0,0
2015-01-05 00:00:00,1,0,1
2015-01-05 01:00:00,0,0,0
2015-01-05 02:00:00,0,0,0
2015-01-05 03:00:00,2,0,2
2015-01-05 04:00:00,4,1,3
2015-01-05 05:00:00,10,3,7
2015-01-05 06:00:00,25,4,21
2015-01-05 07:00:00,32,6,26
2015-01-05 08:00:00,44,14,30
2015-01-05 09:00:00,18,5,13
2015-01-05 10:00:00,12,4,8
2015-01-05 11:00:00,4,2,2
2015-01-05 12:00:00,10,7,3
2015-01-05 13:00:00,25,13,12
2015-01-05 14:00:00,20,12,8
2015-01-05 15:00:00,30,22,8
2015-01-05 16:00:00,47,35,12
2015-01-05 17:00:00,46,36,10
2015-01-05 18:00:00,15,11,4
2015-01-05 19:00:00,7,5,2
2015-01-05 20:00:00,5,4,1
2015-01-05 21:00:00,1,1,0
2015-01-05 22:00:00,1,1,0
2015-01-05 23:00:00,0,0,0
2015-01-06 00:00:00,0,0,0
2015-01-06 01:00:00,0,0,0
2015-01-06 02:00:00,0,0,0
2015-01-06 03:00:00,1,1,0
2015-01-06 04:00:00,6,0,6
2015-01-06 05:00:00,21,2,19
2015-01-06 06:00:00,37,9,28
2015-01-06 07:00:00,62,23,39
2015-01-06 08:00:00,73,27,46
2015-01-06 09:00:00,32,12,20
2015-01-06 10:00:00,32,15,17
2015-01-06 11:00:00,25,12,13
2015-01-06 12:00:00,42,22,20
2015-01-06 13:00:00,55,24,31
2015-01-06 14:00:00,57,32,25
2015-01-06 15:00:00,69,38,31
2015-01-06 16:00:00,87,67,20
2015-01-06 17:00:00,84,57,27
2015-01-06 18:00:00,35,21,14
2015-01-06 19:00:00,10,7,3
2015-01-06 20:00:00,5,3,2
2015-01-06 21:00:00,3,2,1
2015-01-06 22:00:00,1,1,0
2015-01-06 23:00:00,2,1,1
2015-01-07 00:00:00,0,0,0
2015-01-07 01:00:00,1,1,0
2015-01-07 02:00:00,2,1,1
2015-01-07 03:00:00,4,0,4
2015-01-07 04:00:00,7,1,6
2015-01-07 05:00:00,20,4,16
2015-01-07 06:00:00,44,12,32
2015-01-07 07:00:00,82,21,61
2015-01-07 08:00:00,65,19,46
2015-01-07 09:00:00,22,6,16
2015-01-07 10:00:00,33,16,17
2015-01-07 11:00:00,40,22,18
2015-01-07 12:00:00,33,20,13
2015-01-07 13:00:00,44,29,15
2015-01-07 14:00:00,47,23,24
2015-01-07 15:00:00,70,45,25
2015-01-07 16:00:00,81,56,25
2015-01-07 17:00:00,73,52,21
2015-01-07 18:00:00,35,22,13
2015-01-07 19:00:00,9,9,0
2015-01-07 20:00:00,12,9,3
2015-01-07 21:00:00,6,4,2
2015-01-07 22:00:00,1,1,0
2015-01-07 23:00:00,0,0,0
2015-01-08 00:00:00,0,0,0
2015-01-08 01:00:00,0,0,0
2015-01-08 02:00:00,0,0,0
2015-01-08 03:00:00,0,0,0
2015-01-08 04:00:00,5,2,3
2015-01-08 05:00:00,13,1,12
2015-01-08 06:00:00,29,4,25
2015-01-08 07:00:00,70,24,46
2015-01-08 08:00:00,51,16,35
2015-01-08 09:00:00,30,9,21
2015-01-08 10:00:00,18,11,7
2015-01-08 11:00:00,34,19,15
2015-01-08 12:00:00,40,16,24
2015-01-08 13:00:00,50,28,22
2015-01-08 14:00:00,38,24,14
2015-01-08 15:00:00,69,40,29
2015-01-08 16:00:00,65,46,19
2015-01-08 17:00:00,56,43,13
2015-01-08 18:00:00,24,16,8
2015-01-08 19:00:00,15,13,2
2015-01-08 20:00:00,8,5,3
2015-01-08 21:00:00,2,2,0
2015-01-08 22:00:00,1,1,0
2015-01-08 23:00:00,0,0,0
2015-01-09 00:00:00,0,0,0
2015-01-09 01:00:00,0,0,0
2015-01-09 02:00:00,0,0,0
2015-01-09 03:00:00,0,0,0
2015-01-09 04:00:00,6,1,5
2015-01-09 05:00:00,14,1,13
2015-01-09 06:00:00,36,8,28
2015-01-09 07:00:00,59,19,40
2015-01-09 08:00:00,62,19,43
2015-01-09 09:00:00,23,9,14
2015-01-09 10:00:00,23,12,11
2015-01-09 11:00:00,30,19,11
2015-01-09 12:00:00,19,6,13
2015-01-09 13:00:00,28,17,11
2015-01-09 14:00:00,37,20,17
2015-01-09 15:00:00,54,37,17
2015-01-09 16:00:00,58,37,21
2015-01-09 17:00:00,62,43,19
2015-01-09 18:00:00,16,11,5
2015-01-09 19:00:00,9,8,1
2015-01-09 20:00:00,5,4,1
2015-01-09 21:00:00,0,0,0
2015-01-09 22:00:00,4,4,0
2015-01-09 23:00:00,1,1,0
2015-01-10 00:00:00,0,0,0
2015-01-10 01:00:00,0,0,0
2015-01-10 02:00:00,0,0,0
2015-01-10 03:00:00,0,0,0
2015-01-10 04:00:00,0,0,0
2015-01-10 05:00:00,3,2,1
2015-01-10 06:00:00,7,5,2
2015-01-10 07:00:00,21,13,8
2015-01-10 08:00:00,51,27,24
2015-01-10 09:00:00,49,31,18
2015-01-10 10:00:00,63,32,31
2015-01-10 11:00:00,89,40,49
2015-01-10 12:00:00,64,27,37
2015-01-10 13:00:00,47,21,26
2015-01-10 14:00:00,34,16,18
2015-01-10 15:00:00,42,9,33
2015-01-10 16:00:00,10,4,6
2015-01-10 17:00:00,3,0,3
2015-01-10 18:00:00,1,1,0
2015-01-10 19:00:00,3,0,3
2015-01-10 20:00:00,1,0,1
2015-01-10 21:00:00,1,1,0
2015-01-10 22:00:00,1,0,1
2015-01-10 23:00:00,0,0,0
2015-01-11 00:00:00,0,0,0
2015-01-11 01:00:00,0,0,0
2015-01-11 02:00:00,0,0,0
2015-01-11 03:00:00,0,0,0
2015-01-11 04:00:00,0,0,0
2015-01-11 05:00:00,4,2,2
2015-01-11 06:00:00,6,2,4
2015-01-11 07:00:00,24,19,5
2015-01-11 08:00:00,25,12,13
2015-01-11 09:00:00,50,29,21
2015-01-11 10:00:00,60,32,28
2015-01-11 11:00:00,69,35,34
2015-01-11 12:00:00,90,43,47
2015-01-11 13:00:00,63,39,24
2015-01-11 14:00:00,76,28,48
2015-01-11 15:00:00,37,16,21
2015-01-11 16:00:00,18,3,15
2015-01-11 17:00:00,6,4,2
2015-01-11 18:00:00,0,0,0
2015-01-11 19:00:00,1,1,0
2015-01-11 20:00:00,2,1,1
2015-01-11 21:00:00,0,0,0
2015-01-11 22:00:00,0,0,0
2015-01-11 23:00:00,0,0,0
2015-01-12 00:00:00,0,0,0
2015-01-12 01:00:00,0,0,0
2015-01-12 02:00:00,0,0,0
2015-01-12 03:00:00,3,0,3
2015-01-12 04:00:00,4,0,4
2015-01-12 05:00:00,13,3,10
2015-01-12 06:00:00,39,11,28
2015-01-12 07:00:00,69,19,50
2015-01-12 08:00:00,64,20,44
2015-01-12 09:00:00,41,14,27
2015-01-12 10:00:00,21,8,13
2015-01-12 11:00:00,27,14,13
2015-01-12 12:00:00,32,19,13
2015-01-12 13:00:00,54,24,30
2015-01-12 14:00:00,49,28,21
2015-01-12 15:00:00,65,41,24
2015-01-12 16:00:00,71,51,20
2015-01-12 17:00:00,67,49,18
2015-01-12 18:00:00,36,29,7
2015-01-12 19:00:00,17,10,7
2015-01-12 20:00:00,6,3,3
2015-01-12 21:00:00,2,2,0
2015-01-12 22:00:00,0,0,0
2015-01-12 23:00:00,0,0,0
2015-01-13 00:00:00,1,1,0
2015-01-13 01:00:00,0,0,0
2015-01-13 02:00:00,0,0,0
2015-01-13 03:00:00,1,0,1
2015-01-13 04:00:00,7,3,4
2015-01-13 05:00:00,17,2,15
2015-01-13 06:00:00,50,15,35
2015-01-13 07:00:00,61,16,45
2015-01-13 08:00:00,54,18,36
2015-01-13 09:00:00,40,18,22
2015-01-13 10:00:00,35,16,19
2015-01-13 11:00:00,39,19,20
2015-01-13 12:00:00,34,17,17
2015-01-13 13:00:00,47,25,22
2015-01-13 14:00:00,59,30,29
2015-01-13 15:00:00,62,42,20
2015-01-13 16:00:00,80,60,20
2015-01-13 17:00:00,66,47,19
2015-01-13 18:00:00,32,25,7
2015-01-13 19:00:00,6,6,0
2015-01-13 20:00:00,10,2,8
2015-01-13 21:00:00,3,3,0
2015-01-13 22:00:00,2,1,1
2015-01-13 23:00:00,0,0,0
2015-01-14 00:00:00,0,0,0
2015-01-14 01:00:00,0,0,0
2015-01-14 02:00:00,1,1,0
2015-01-14 03:00:00,2,0,2
2015-01-14 04:00:00,7,0,7
2015-01-14 05:00:00,22,4,18
2015-01-14 06:00:00,36,8,28
2015-01-14 07:00:00,70,15,55
2015-01-14 08:00:00,54,20,34
2015-01-14 09:00:00,40,20,20
2015-01-14 10:00:00,35,17,18
2015-01-14 11:00:00,32,19,13
2015-01-14 12:00:00,45,21,24
2015-01-14 13:00:00,46,30,16
2015-01-14 14:00:00,48,26,22
2015-01-14 15:00:00,93,51,42
2015-01-14 16:00:00,73,46,27
2015-01-14 17:00:00,67,50,17
2015-01-14 18:00:00,35,22,13
2015-01-14 19:00:00,13,11,2
2015-01-14 20:00:00,9,7,2
2015-01-14 21:00:00,2,1,1
2015-01-14 22:00:00,0,0,0
2015-01-14 23:00:00,0,0,0
2015-01-15 00:00:00,0,0,0
2015-01-15 01:00:00,0,0,0
2015-01-15 02:00:00,0,0,0
2015-01-15 03:00:00,1,0,1
2015-01-15 04:00:00,5,0,5
2015-01-15 05:00:00,13,0,13
2015-01-15 06:00:00,22,7,15
2015-01-15 07:00:00,44,7,37
2015-01-15 08:00:00,39,22,17
2015-01-15 09:00:00,16,6,10
2015-01-15 10:00:00,12,5,7
2015-01-15 11:00:00,17,5,12
2015-01-15 12:00:00,9,5,4
2015-01-15 13:00:00,13,7,6
2015-01-15 14:00:00,14,7,7
2015-01-15 15:00:00,33,22,11
2015-01-15 16:00:00,37,27,10
2015-01-15 17:00:00,45,36,9
2015-01-15 18:00:00,23,16,7
2015-01-15 19:00:00,7,5,2
2015-01-15 20:00:00,3,3,0
2015-01-15 21:00:00,4,3,1
2015-01-15 22:00:00,1,1,0
2015-01-15 23:00:00,0,0,0
2015-01-16 00:00:00,1,1,0
2015-01-16 01:00:00,0,0,0
2015-01-16 02:00:00,2,1,1
2015-01-16 03:00:00,0,0,0
2015-01-16 04:00:00,3,1,2
2015-01-16 05:00:00,13,0,13
2015-01-16 06:00:00,23,6,17
2015-01-16 07:00:00,49,8,41
2015-01-16 08:00:00,40,13,27
2015-01-16 09:00:00,21,4,17
2015-01-16 10:00:00,21,10,11
2015-01-16 11:00:00,22,13,9
2015-01-16 12:00:00,26,15,11
2015-01-16 13:00:00,51,33,18
2015-01-16 14:00:00,63,36,27
2015-01-16 15:00:00,62,40,22
2015-01-16 16:00:00,58,42,16
2015-01-16 17:00:00,57,38,19
2015-01-16 18:00:00,14,13,1
2015-01-16 19:00:00,10,7,3
2015-01-16 20:00:00,7,6,1
2015-01-16 21:00:00,3,2,1
2015-01-16 22:00:00,2,1,1
2015-01-16 23:00:00,0,0,0
2015-01-17 00:00:00,0,0,0
2015-01-17 01:00:00,1,1,0
2015-01-17 02:00:00,0,0,0
2015-01-17 03:00:00,0,0,0
2015-01-17 04:00:00,0,0,0
2015-01-17 05:00:00,2,1,1
2015-01-17 06:00:00,6,4,2
2015-01-17 07:00:00,17,10,7
2015-01-17 08:00:00,33,17,16
2015-01-17 09:00:00,40,21,19
2015-01-17 10:00:00,54,32,22
2015-01-17 11:00:00,49,25,24
2015-01-17 12:00:00,40,18,22
2015-01-17 13:00:00,40,16,24
2015-01-17 14:00:00,20,14,6
2015-01-17 15:00:00,26,8,18
2015-01-17 16:00:00,21,12,9
2015-01-17 17:00:00,3,1,2
2015-01-17 18:00:00,3,1,2
2015-01-17 19:00:00,3,3,0
2015-01-17 20:00:00,0,0,0
2015-01-17 21:00:00,1,0,1
2015-01-17 22:00:00,0,0,0
2015-01-17 23:00:00,0,0,0
2015-01-18 00:00:00,0,0,0
2015-01-18 01:00:00,2,1,1
2015-01-18 02:00:00,0,0,0
2015-01-18 03:00:00,0,0,0
2015-01-18 04:00:00,0,0,0
2015-01-18 05:00:00,0,0,0
2015-01-18 06:00:00,1,1,0
2015-01-18 07:00:00,3,2,1
2015-01-18 08:00:00,23,16,7
2015-01-18 09:00:00,13,9,4
2015-01-18 10:00:00,18,8,10
2015-01-18 11:00:00,25,12,13
2015-01-18 12:00:00,8,3,5
2015-01-18 13:00:00,21,10,11
2015-01-18 14:00:00,12,4,8
2015-01-18 15:00:00,26,9,17
2015-01-18 16:00:00,17,7,10
2015-01-18 17:00:00,8,4,4
2015-01-18 18:00:00,0,0,0
2015-01-18 19:00:00,2,2,0
2015-01-18 20:00:00,2,0,2
2015-01-18 21:00:00,0,0,0
2015-01-18 22:00:00,1,1,0
2015-01-18 23:00:00,0,0,0
2015-01-19 00:00:00,0,0,0
2015-01-19 01:00:00,0,0,0
2015-01-19 02:00:00,0,0,0
2015-01-19 03:00:00,0,0,0
2015-01-19 04:00:00,0,0,0
2015-01-19 05:00:00,6,2,4
2015-01-19 06:00:00,17,4,13
2015-01-19 07:00:00,20,7,13
2015-01-19 08:00:00,40,14,26
2015-01-19 09:00:00,48,20,28
2015-01-19 10:00:00,71,33,38
2015-01-19 11:00:00,50,24,26
2015-01-19 12:00:00,69,38,31
2015-01-19 13:00:00,84,42,42
2015-01-19 14:00:00,87,47,40
2015-01-19 15:00:00,87,41,46
2015-01-19 16:00:00,50,21,29
2015-01-19 17:00:00,31,22,9
2015-01-19 18:00:00,13,7,6
2015-01-19 19:00:00,0,0,0
2015-01-19 20:00:00,9,6,3
2015-01-19 21:00:00,2,1,1
2015-01-19 22:00:00,2,2,0
2015-01-19 23:00:00,1,1,0
2015-01-20 00:00:00,2,1,1
2015-01-20 01:00:00,0,0,0
2015-01-20 02:00:00,0,0,0
2015-01-20 03:00:00,6,0,6
2015-01-20 04:00:00,9,2,7
2015-01-20 05:00:00,19,3,16
2015-01-20 06:00:00,45,11,34
2015-01-20 07:00:00,67,18,49
2015-01-20 08:00:00,63,24,39
2015-01-20 09:00:00,30,11,19
2015-01-20 10:00:00,29,11,18
2015-01-20 11:00:00,26,11,15
2015-01-20 12:00:00,32,19,13
2015-01-20 13:00:00,58,27,31
2015-01-20 14:00:00,60,34,26
2015-01-20 15:00:00,74,48,26
2015-01-20 16:00:00,78,54,24
2015-01-20 17:00:00,76,53,23
2015-01-20 18:00:00,37,27,10
2015-01-20 19:00:00,12,7,5
2015-01-20 20:00:00,5,2,3
2015-01-20 21:00:00,8,5,3
2015-01-20 22:00:00,1,0,1
2015-01-20 23:00:00,1,1,0
2015-01-21 00:00:00,0,0,0
2015-01-21 01:00:00,0,0,0
2015-01-21 02:00:00,1,1,0
2015-01-21 03:00:00,2,0,2
2015-01-21 04:00:00,6,1,5
2015-01-21 05:00:00,19,3,16
2015-01-21 06:00:00,37,8,29
2015-01-21 07:00:00,70,18,52
2015-01-21 08:00:00,56,19,37
2015-01-21 09:00:00,22,12,10
2015-01-21 10:00:00,26,11,15
2015-01-21 11:00:00,36,22,14
2015-01-21 12:00:00,20,7,13
2015-01-21 13:00:00,39,24,15
2015-01-21 14:00:00,60,35,25
2015-01-21 15:00:00,63,48,15
2015-01-21 16:00:00,80,58,22
2015-01-21 17:00:00,70,43,27
2015-01-21 18:00:00,23,19,4
2015-01-21 19:00:00,10,8,2
2015-01-21 20:00:00,6,4,2
2015-01-21 21:00:00,3,1,2
2015-01-21 22:00:00,2,1,1
2015-01-21 23:00:00,1,1,0
2015-01-22 00:00:00,1,1,0
2015-01-22 01:00:00,1,1,0
2015-01-22 02:00:00,0,0,0
2015-01-22 03:00:00,0,0,0
2015-01-22 04:00:00,6,0,6
2015-01-22 05:00:00,12,1,11
2015-01-22 06:00:00,36,6,30
2015-01-22 07:00:00,45,11,34
2015-01-22 08:00:00,30,13,17
2015-01-22 09:00:00,13,5,8
2015-01-22 10:00:00,7,3,4
2015-01-22 11:00:00,10,4,6
2015-01-22 12:00:00,10,4,6
2015-01-22 13:00:00,14,8,6
2015-01-22 14:00:00,26,15,11
2015-01-22 15:00:00,52,36,16
2015-01-22 16:00:00,49,35,14
2015-01-22 17:00:00,61,48,13
2015-01-22 18:00:00,21,16,5
2015-01-22 19:00:00,10,8,2
2015-01-22 20:00:00,8,5,3
2015-01-22 21:00:00,2,1,1
2015-01-22 22:00:00,2,1,1
2015-01-22 23:00:00,0,0,0
2015-01-23 00:00:00,0,0,0
2015-01-23 01:00:00,0,0,0
2015-01-23 02:00:00,0,0,0
2015-01-23 03:00:00,0,0,0
2015-01-23 04:00:00,5,1,4
2015-01-23 05:00:00,14,4,10
2015-01-23 06:00:00,29,11,18
2015-01-23 07:00:00,34,4,30
2015-01-23 08:00:00,26,9,17
2015-01-23 09:00:00,19,8,11
2015-01-23 10:00:00,17,9,8
2015-01-23 11:00:00,16,7,9
2015-01-23 12:00:00,11,4,7
2015-01-23 13:00:00,12,9,3
2015-01-23 14:00:00,15,11,4
2015-01-23 15:00:00,38,26,12
2015-01-23 16:00:00,38,27,11
2015-01-23 17:00:00,37,31,6
2015-01-23 18:00:00,20,16,4
2015-01-23 19:00:00,5,3,2
2015-01-23 20:00:00,9,7,2
2015-01-23 21:00:00,1,0,1
2015-01-23 22:00:00,1,0,1
2015-01-23 23:00:00,2,2,0
2015-01-24 00:00:00,1,1,0
2015-01-24 01:00:00,0,0,0
2015-01-24 02:00:00,0,0,0
2015-01-24 03:00:00,0,0,0
2015-01-24 04:00:00,0,0,0
2015-01-24 05:00:00,2,2,0
2015-01-24 06:00:00,3,0,3
2015-01-24 07:00:00,18,13,5
2015-01-24 08:00:00,43,27,16
2015-01-24 09:00:00,59,32,27
2015-01-24 10:00:00,62,35,27
2015-01-24 11:00:00,85,38,47
2015-01-24 12:00:00,82,35,47
2015-01-24 13:00:00,102,52,50
2015-01-24 14:00:00,96,50,46
2015-01-24 15:00:00,63,20,43
2015-01-24 16:00:00,47,17,30
2015-01-24 17:00:00,12,4,8
2015-01-24 18:00:00,10,5,5
2015-01-24 19:00:00,8,5,3
2015-01-24 20:00:00,3,1,2
2015-01-24 21:00:00,0,0,0
2015-01-24 22:00:00,1,0,1
2015-01-24 23:00:00,1,0,1
2015-01-25 00:00:00,1,1,0
2015-01-25 01:00:00,0,0,0
2015-01-25 02:00:00,0,0,0
2015-01-25 03:00:00,0,0,0
2015-01-25 04:00:00,3,2,1
2015-01-25 05:00:00,2,1,1
2015-01-25 06:00:00,7,2,5
2015-01-25 07:00:00,37,27,10
2015-01-25 08:00:00,62,45,17
2015-01-25 09:00:00,115,67,48
2015-01-25 10:00:00,174,114,60
2015-01-25 11:00:00,238,147,91
2015-01-25 12:00:00,291,152,139
2015-01-25 13:00:00,315,168,147
2015-01-25 14:00:00,299,140,159
2015-01-25 15:00:00,243,83,160
2015-01-25 16:00:00,90,37,53
2015-01-25 17:00:00,14,3,11
2015-01-25 18:00:00,4,3,1
2015-01-25 19:00:00,4,1,3
2015-01-25 20:00:00,2,1,1
2015-01-25 21:00:00,0,0,0
2015-01-25 22:00:00,5,0,5
2015-01-25 23:00:00,1,1,0
2015-01-26 00:00:00,0,0,0
2015-01-26 01:00:00,0,0,0
2015-01-26 02:00:00,0,0,0
2015-01-26 03:00:00,3,0,3
2015-01-26 04:00:00,4,0,4
2015-01-26 05:00:00,21,4,17
2015-01-26 06:00:00,55,16,39
2015-01-26 07:00:00,69,15,54
2015-01-26 08:00:00,64,19,45
2015-01-26 09:00:00,55,14,41
2015-01-26 10:00:00,44,23,21
2015-01-26 11:00:00,49,31,18
2015-01-26 12:00:00,77,38,39
2015-01-26 13:00:00,77,35,42
2015-01-26 14:00:00,102,64,38
2015-01-26 15:00:00,145,86,59
2015-01-26 16:00:00,116,64,52
2015-01-26 17:00:00,82,64,18
2015-01-26 18:00:00,37,22,15
2015-01-26 19:00:00,11,8,3
2015-01-26 20:00:00,11,7,4
2015-01-26 21:00:00,7,5,2
2015-01-26 22:00:00,2,2,0
2015-01-26 23:00:00,0,0,0
2015-01-27 00:00:00,2,0,2
2015-01-27 01:00:00,0,0,0
2015-01-27 02:00:00,0,0,0
2015-01-27 03:00:00,0,0,0
2015-01-27 04:00:00,7,1,6
2015-01-27 05:00:00,17,1,16
2015-01-27 06:00:00,47,13,34
2015-01-27 07:00:00,59,16,43
2015-01-27 08:00:00,58,22,36
2015-01-27 09:00:00,42,16,26
2015-01-27 10:00:00,15,3,12
2015-01-27 11:00:00,12,7,5
2015-01-27 12:00:00,12,6,6
2015-01-27 13:00:00,27,16,11
2015-01-27 14:00:00,20,14,6
2015-01-27 15:00:00,46,33,13
2015-01-27 16:00:00,60,43,17
2015-01-27 17:00:00,55,41,14
2015-01-27 18:00:00,24,19,5
2015-01-27 19:00:00,9,7,2
2015-01-27 20:00:00,3,2,1
2015-01-27 21:00:00,3,3,0
2015-01-27 22:00:00,1,1,0
2015-01-27 23:00:00,1,1,0
2015-01-28 00:00:00,0,0,0
2015-01-28 01:00:00,1,1,0
2015-01-28 02:00:00,0,0,0
2015-01-28 03:00:00,2,0,2
2015-01-28 04:00:00,5,2,3
2015-01-28 05:00:00,21,1,20
2015-01-28 06:00:00,37,11,26
2015-01-28 07:00:00,64,17,47
2015-01-28 08:00:00,56,20,36
2015-01-28 09:00:00,28,11,17
2015-01-28 10:00:00,17,9,8
2015-01-28 11:00:00,34,20,14
2015-01-28 12:00:00,25,14,11
2015-01-28 13:00:00,38,19,19
2015-01-28 14:00:00,54,32,22
2015-01-28 15:00:00,61,37,24
2015-01-28 16:00:00,95,60,35
2015-01-28 17:00:00,75,50,25
2015-01-28 18:00:00,29,22,7
2015-01-28 19:00:00,9,7,2
2015-01-28 20:00:00,10,5,5
2015-01-28 21:00:00,3,1,2
2015-01-28 22:00:00,0,0,0
2015-01-28 23:00:00,2,2,0
2015-01-29 00:00:00,3,1,2
2015-01-29 01:00:00,0,0,0
2015-01-29 02:00:00,0,0,0
2015-01-29 03:00:00,1,0,1
2015-01-29 04:00:00,9,2,7
2015-01-29 05:00:00,18,1,17
2015-01-29 06:00:00,50,9,41
2015-01-29 07:00:00,61,19,42
2015-01-29 08:00:00,69,26,43
2015-01-29 09:00:00,45,17,28
2015-01-29 10:00:00,25,16,9
2015-01-29 11:00:00,25,8,17
2015-01-29 12:00:00,36,17,19
2015-01-29 13:00:00,35,20,15
2015-01-29 14:00:00,64,42,22
2015-01-29 15:00:00,80,45,35
2015-01-29 16:00:00,98,65,33
2015-01-29 17:00:00,70,48,22
2015-01-29 18:00:00,36,22,14
2015-01-29 19:00:00,8,6,2
2015-01-29 20:00:00,8,5,3
2015-01-29 21:00:00,2,2,0
2015-01-29 22:00:00,1,1,0
2015-01-29 23:00:00,0,0,0
2015-01-30 00:00:00,0,0,0
2015-01-30 01:00:00,0,0,0
2015-01-30 02:00:00,0,0,0
2015-01-30 03:00:00,1,1,0
2015-01-30 04:00:00,6,0,6
2015-01-30 05:00:00,16,3,13
2015-01-30 06:00:00,36,13,23
2015-01-30 07:00:00,57,9,48
2015-01-30 08:00:00,46,16,30
2015-01-30 09:00:00,27,14,13
2015-01-30 10:00:00,31,22,9
2015-01-30 11:00:00,41,17,24
2015-01-30 12:00:00,51,32,19
2015-01-30 13:00:00,83,42,41
2015-01-30 14:00:00,83,46,37
2015-01-30 15:00:00,98,54,44
2015-01-30 16:00:00,87,51,36
2015-01-30 17:00:00,56,41,15
2015-01-30 18:00:00,16,9,7
2015-01-30 19:00:00,12,7,5
2015-01-30 20:00:00,0,0,0
2015-01-30 21:00:00,1,1,0
2015-01-30 22:00:00,0,0,0
2015-01-30 23:00:00,0,0,0
2015-01-31 00:00:00,2,2,0
2015-01-31 01:00:00,0,0,0
2015-01-31 02:00:00,0,0,0
2015-01-31 03:00:00,1,0,1
2015-01-31 04:00:00,2,1,1
2015-01-31 05:00:00,7,3,4
2015-01-31 06:00:00,8,3,5
2015-01-31 07:00:00,24,15,9
2015-01-31 08:00:00,59,31,28
2015-01-31 09:00:00,86,67,19
2015-01-31 10:00:00,90,47,43
2015-01-31 11:00:00,147,66,81
2015-01-31 12:00:00,117,47,70
2015-01-31 13:00:00,118,53,65
2015-01-31 14:00:00,131,62,69
2015-01-31 15:00:00,95,42,53
2015-01-31 16:00:00,58,19,39
2015-01-31 17:00:00,14,3,11
2015-01-31 18:00:00,6,4,2
2015-01-31 19:00:00,1,1,0
2015-01-31 20:00:00,2,1,1
2015-01-31 21:00:00,1,0,1
2015-01-31 22:00:00,0,0,0
2015-01-31 23:00:00,0,0,0
2015-02-01 00:00:00,0,0,0
2015-02-01 01:00:00,1,1,0
2015-02-01 02:00:00,0,0,0
2015-02-01 03:00:00,0,0,0
2015-02-01 04:00:00,1,1,0
2015-02-01 05:00:00,4,3,1
2015-02-01 06:00:00,7,3,4
2015-02-01 07:00:00,13,10,3
2015-02-01 08:00:00,36,22,14
2015-02-01 09:00:00,55,26,29
2015-02-01 10:00:00,50,28,22
2015-02-01 11:00:00,41,15,26
2015-02-01 12:00:00,36,22,14
2015-02-01 13:00:00,25,14,11
2015-02-01 14:00:00,28,14,14
2015-02-01 15:00:00,14,5,9
2015-02-01 16:00:00,11,5,6
2015-02-01 17:00:00,3,1,2
2015-02-01 18:00:00,2,0,2
2015-02-01 19:00:00,6,3,3
2015-02-01 20:00:00,5,3,2
2015-02-01 21:00:00,2,0,2
2015-02-01 22:00:00,0,0,0
2015-02-01 23:00:00,0,0,0
2015-02-02 00:00:00,0,0,0
2015-02-02 01:00:00,0,0,0
2015-02-02 02:00:00,1,0,1
2015-02-02 03:00:00,3,0,3
2015-02-02 04:00:00,1,0,1
2015-02-02 05:00:00,16,4,12
2015-02-02 06:00:00,34,8,26
2015-02-02 07:00:00,43,8,35
2015-02-02 08:00:00,27,6,21
2015-02-02 09:00:00,13,4,9
2015-02-02 10:00:00,9,3,6
2015-02-02 11:00:00,9,5,4
2015-02-02 12:00:00,7,3,4
2015-02-02 13:00:00,17,11,6
2015-02-02 14:00:00,24,12,12
2015-02-02 15:00:00,41,34,7
2015-02-02 16:00:00,52,40,12
2015-02-02 17:00:00,50,40,10
2015-02-02 18:00:00,20,16,4
2015-02-02 19:00:00,4,3,1
2015-02-02 20:00:00,6,4,2
2015-02-02 21:00:00,1,1,0
2015-02-02 22:00:00,1,1,0
2015-02-02 23:00:00,1,0,1
2015-02-03 00:00:00,0,0,0
2015-02-03 01:00:00,0,0,0
2015-02-03 02:00:00,0,0,0
2015-02-03 03:00:00,0,0,0
2015-02-03 04:00:00,6,1,5
2015-02-03 05:00:00,16,3,13
2015-02-03 06:00:00,40,8,32
2015-02-03 07:00:00,61,15,46
2015-02-03 08:00:00,52,21,31
2015-02-03 09:00:00,20,7,13
2015-02-03 10:00:00,15,4,11
2015-02-03 11:00:00,0,0,0
2015-02-03 12:00:00,13,6,7
2015-02-03 13:00:00,9,6,3
2015-02-03 14:00:00,14,8,6
2015-02-03 15:00:00,20,17,3
2015-02-03 16:00:00,42,29,13
2015-02-03 17:00:00,66,52,14
2015-02-03 18:00:00,55,41,14
2015-02-03 19:00:00,26,21,5
2015-02-03 20:00:00,11,7,4
2015-02-03 21:00:00,12,3,9
2015-02-03 22:00:00,0,0,0
2015-02-03 23:00:00,0,0,0
2015-02-04 00:00:00,2,1,1
2015-02-04 01:00:00,0,0,0
2015-02-04 02:00:00,1,1,0
2015-02-04 03:00:00,0,0,0
2015-02-04 04:00:00,4,0,4
2015-02-04 05:00:00,7,1,6
2015-02-04 06:00:00,16,3,13
2015-02-04 07:00:00,33,9,24
2015-02-04 08:00:00,64,14,50
2015-02-04 09:00:00,51,18,33
2015-02-04 10:00:00,27,8,19
2015-02-04 11:00:00,16,8,8
2015-02-04 12:00:00,27,18,9
2015-02-04 13:00:00,12,6,6
2015-02-04 14:00:00,37,22,15
2015-02-04 15:00:00,29,15,14
2015-02-04 16:00:00,47,32,15
2015-02-04 17:00:00,70,50,20
2015-02-04 18:00:00,63,48,15
2015-02-04 19:00:00,16,12,4
2015-02-04 20:00:00,5,3,2
2015-02-04 21:00:00,5,3,2
2015-02-04 22:00:00,1,1,0
2015-02-04 23:00:00,0,0,0
2015-02-05 00:00:00,0,0,0
2015-02-05 01:00:00,0,0,0
2015-02-05 02:00:00,0,0,0
2015-02-05 03:00:00,0,0,0
2015-02-05 04:00:00,1,0,1
2015-02-05 05:00:00,2,0,2
2015-02-05 06:00:00,6,0,6
2015-02-05 07:00:00,19,3,16
2015-02-05 08:00:00,32,9,23
2015-02-05 09:00:00,30,11,19
2015-02-05 10:00:00,10,3,7
2015-02-05 11:00:00,9,3,6
2015-02-05 12:00:00,9,2,7
2015-02-05 13:00:00,11,7,4
2015-02-05 14:00:00,8,6,2
2015-02-05 15:00:00,21,10,11
2015-02-05 16:00:00,23,14,9
2015-02-05 17:00:00,49,37,12
2015-02-05 18:00:00,41,30,11
2015-02-05 19:00:00,18,13,5
2015-02-05 20:00:00,5,3,2
2015-02-05 21:00:00,9,4,5
2015-02-05 22:00:00,1,0,1
2015-02-05 23:00:00,1,1,0
2015-02-06 00:00:00,1,1,0
2015-02-06 01:00:00,0,0,0
2015-02-06 02:00:00,0,0,0
2015-02-06 03:00:00,0,0,0
2015-02-06 04:00:00,0,0,0
2015-02-06 05:00:00,7,2,5
2015-02-06 06:00:00,12,3,9
2015-02-06 07:00:00,25,7,18
2015-02-06 08:00:00,44,10,34
2015-02-06 09:00:00,34,9,25
2015-02-06 10:00:00,6,5,1
2015-02-06 11:00:00,3,0,3
2015-02-06 12:00:00,4,3,1
2015-02-06 13:00:00,6,5,1
2015-02-06 14:00:00,8,7,1
2015-02-06 15:00:00,22,14,8
2015-02-06 16:00:00,30,23,7
2015-02-06 17:00:00,47,29,18
2015-02-06 18:00:00,39,32,7
2015-02-06 19:00:00,15,5,10
2015-02-06 20:00:00,5,2,3
2015-02-06 21:00:00,4,3,1
2015-02-06 22:00:00,1,1,0
2015-02-06 23:00:00,0,0,0
2015-02-07 00:00:00,0,0,0
2015-02-07 01:00:00,0,0,0
2015-02-07 02:00:00,0,0,0
2015-02-07 03:00:00,0,0,0
2015-02-07 04:00:00,2,0,2
2015-02-07 05:00:00,0,0,0
2015-02-07 06:00:00,0,0,0
2015-02-07 07:00:00,1,1,0
2015-02-07 08:00:00,14,13,1
2015-02-07 09:00:00,14,7,7
2015-02-07 10:00:00,26,16,10
2015-02-07 11:00:00,42,26,16
2015-02-07 12:00:00,30,13,17
2015-02-07 13:00:00,37,23,14
2015-02-07 14:00:00,40,16,24
2015-02-07 15:00:00,41,24,17
2015-02-07 16:00:00,33,13,20
2015-02-07 17:00:00,11,1,10
2015-02-07 18:00:00,3,1,2
2015-02-07 19:00:00,2,0,2
2015-02-07 20:00:00,1,0,1
2015-02-07 21:00:00,1,1,0
2015-02-07 22:00:00,0,0,0
2015-02-07 23:00:00,1,1,0
2015-02-08 00:00:00,2,0,2
2015-02-08 01:00:00,1,0,1
2015-02-08 02:00:00,0,0,0
2015-02-08 03:00:00,0,0,0
2015-02-08 04:00:00,0,0,0
2015-02-08 05:00:00,0,0,0
2015-02-08 06:00:00,1,1,0
2015-02-08 07:00:00,4,2,2
2015-02-08 08:00:00,23,17,6
2015-02-08 09:00:00,49,20,29
2015-02-08 10:00:00,73,43,30
2015-02-08 11:00:00,128,75,53
2015-02-08 12:00:00,163,94,69
2015-02-08 13:00:00,203,105,98
2015-02-08 14:00:00,169,79,90
2015-02-08 15:00:00,133,66,67
2015-02-08 16:00:00,95,31,64
2015-02-08 17:00:00,54,20,34
2015-02-08 18:00:00,18,3,15
2015-02-08 19:00:00,5,2,3
2015-02-08 20:00:00,2,1,1
2015-02-08 21:00:00,0,0,0
2015-02-08 22:00:00,0,0,0
2015-02-08 23:00:00,0,0,0
2015-02-09 00:00:00,0,0,0
2015-02-09 01:00:00,0,0,0
2015-02-09 02:00:00,0,0,0
2015-02-09 03:00:00,1,1,0
2015-02-09 04:00:00,2,0,2
2015-02-09 05:00:00,3,0,3
2015-02-09 06:00:00,14,1,13
2015-02-09 07:00:00,37,8,29
2015-02-09 08:00:00,61,15,46
2015-02-09 09:00:00,45,7,38
2015-02-09 10:00:00,16,6,10
2015-02-09 11:00:00,9,4,5
2015-02-09 12:00:00,11,5,6
2015-02-09 13:00:00,14,8,6
2015-02-09 14:00:00,13,7,6
2015-02-09 15:00:00,34,17,17
2015-02-09 16:00:00,33,22,11
2015-02-09 17:00:00,75,55,20
2015-02-09 18:00:00,67,46,21
2015-02-09 19:00:00,13,8,5
2015-02-09 20:00:00,6,4,2
2015-02-09 21:00:00,4,4,0
2015-02-09 22:00:00,1,1,0
2015-02-09 23:00:00,2,2,0
2015-02-10 00:00:00,0,0,0
2015-02-10 01:00:00,0,0,0
2015-02-10 02:00:00,1,1,0
2015-02-10 03:00:00,0,0,0
2015-02-10 04:00:00,0,0,0
2015-02-10 05:00:00,10,1,9
2015-02-10 06:00:00,19,4,15
2015-02-10 07:00:00,32,5,27
2015-02-10 08:00:00,53,17,36
2015-02-10 09:00:00,49,20,29
2015-02-10 10:00:00,22,11,11
2015-02-10 11:00:00,19,11,8
2015-02-10 12:00:00,18,10,8
2015-02-10 13:00:00,22,10,12
2015-02-10 14:00:00,26,12,14
2015-02-10 15:00:00,44,26,18
2015-02-10 16:00:00,55,41,14
2015-02-10 17:00:00,81,54,27
2015-02-10 18:00:00,70,50,20
2015-02-10 19:00:00,37,22,15
2015-02-10 20:00:00,9,6,3
2015-02-10 21:00:00,7,2,5
2015-02-10 22:00:00,4,3,1
2015-02-10 23:00:00,2,2,0
2015-02-11 00:00:00,1,0,1
2015-02-11 01:00:00,0,0,0
2015-02-11 02:00:00,0,0,0
2015-02-11 03:00:00,1,1,0
2015-02-11 04:00:00,3,1,2
2015-02-11 05:00:00,8,1,7
2015-02-11 06:00:00,33,8,25
2015-02-11 07:00:00,51,11,40
2015-02-11 08:00:00,61,11,50
2015-02-11 09:00:00,74,26,48
2015-02-11 10:00:00,38,19,19
2015-02-11 11:00:00,41,22,19
2015-02-11 12:00:00,33,16,17
2015-02-11 13:00:00,34,16,18
2015-02-11 14:00:00,42,24,18
2015-02-11 15:00:00,56,27,29
2015-02-11 16:00:00,82,47,35
2015-02-11 17:00:00,99,68,31
2015-02-11 18:00:00,87,60,27
2015-02-11 19:00:00,41,23,18
2015-02-11 20:00:00,16,10,6
2015-02-11 21:00:00,7,4,3
2015-02-11 22:00:00,7,3,4
2015-02-11 23:00:00,2,2,0
2015-02-12 00:00:00,0,0,0
2015-02-12 01:00:00,0,0,0
2015-02-12 02:00:00,0,0,0
2015-02-12 03:00:00,1,1,0
2015-02-12 04:00:00,2,0,2
2015-02-12 05:00:00,6,2,4
2015-02-12 06:00:00,16,3,13
2015-02-12 07:00:00,42,9,33
2015-02-12 08:00:00,68,16,52
2015-02-12 09:00:00,54,19,35
2015-02-12 10:00:00,43,12,31
2015-02-12 11:00:00,31,16,15
2015-02-12 12:00:00,27,14,13
2015-02-12 13:00:00,23,9,14
2015-02-12 14:00:00,39,20,19
2015-02-12 15:00:00,40,24,16
2015-02-12 16:00:00,76,50,26
2015-02-12 17:00:00,86,56,30
2015-02-12 18:00:00,72,45,27
2015-02-12 19:00:00,27,18,9
2015-02-12 20:00:00,11,10,1
2015-02-12 21:00:00,8,5,3
2015-02-12 22:00:00,3,2,1
2015-02-12 23:00:00,0,0,0
2015-02-13 00:00:00,3,2,1
2015-02-13 01:00:00,0,0,0
2015-02-13 02:00:00,0,0,0
2015-02-13 03:00:00,0,0,0
2015-02-13 04:00:00,0,0,0
2015-02-13 05:00:00,5,0,5
2015-02-13 06:00:00,18,4,14
2015-02-13 07:00:00,27,10,17
2015-02-13 08:00:00,74,20,54
2015-02-13 09:00:00,43,12,31
2015-02-13 10:00:00,46,26,20
2015-02-13 11:00:00,34,20,14
2015-02-13 12:00:00,43,17,26
2015-02-13 13:00:00,47,24,23
2015-02-13 14:00:00,52,28,24
2015-02-13 15:00:00,61,41,20
2015-02-13 16:00:00,72,44,28
2015-02-13 17:00:00,89,56,33
2015-02-13 18:00:00,63,40,23
2015-02-13 19:00:00,25,17,8
2015-02-13 20:00:00,15,10,5
2015-02-13 21:00:00,3,3,0
2015-02-13 22:00:00,2,2,0
2015-02-13 23:00:00,2,1,1
2015-02-14 00:00:00,1,1,0
2015-02-14 01:00:00,1,1,0
2015-02-14 02:00:00,1,1,0
2015-02-14 03:00:00,0,0,0
2015-02-14 04:00:00,2,0,2
2015-02-14 05:00:00,0,0,0
2015-02-14 06:00:00,8,5,3
2015-02-14 07:00:00,6,4,2
2015-02-14 08:00:00,38,22,16
2015-02-14 09:00:00,53,35,18
2015-02-14 10:00:00,91,52,39
2015-02-14 11:00:00,98,52,46
2015-02-14 12:00:00,118,57,61
2015-02-14 13:00:00,125,59,66
2015-02-14 14:00:00,126,64,62
2015-02-14 15:00:00,172,78,94
2015-02-14 16:00:00,137,69,68
2015-02-14 17:00:00,88,31,57
2015-02-14 18:00:00,31,9,22
2015-02-14 19:00:00,11,8,3
2015-02-14 20:00:00,5,5,0
2015-02-14 21:00:00,3,0,3
2015-02-14 22:00:00,2,1,1
2015-02-14 23:00:00,1,1,0
2015-02-15 00:00:00,0,0,0
2015-02-15 01:00:00,4,4,0
2015-02-15 02:00:00,0,0,0
2015-02-15 03:00:00,0,0,0
2015-02-15 04:00:00,0,0,0
2015-02-15 05:00:00,1,1,0
2015-02-15 06:00:00,6,6,0
2015-02-15 07:00:00,6,4,2
2015-02-15 08:00:00,28,18,10
2015-02-15 09:00:00,42,20,22
2015-02-15 10:00:00,86,49,37
2015-02-15 11:00:00,159,95,64
2015-02-15 12:00:00,191,118,73
2015-02-15 13:00:00,235,123,112
2015-02-15 14:00:00,229,109,120
2015-02-15 15:00:00,219,92,127
2015-02-15 16:00:00,192,79,113
2015-02-15 17:00:00,95,32,63
2015-02-15 18:00:00,30,20,10
2015-02-15 19:00:00,9,4,5
2015-02-15 20:00:00,3,2,1
2015-02-15 21:00:00,3,3,0
2015-02-15 22:00:00,0,0,0
2015-02-15 23:00:00,1,0,1
2015-02-16 00:00:00,0,0,0
2015-02-16 01:00:00,5,0,5
2015-02-16 02:00:00,0,0,0
2015-02-16 03:00:00,0,0,0
2015-02-16 04:00:00,0,0,0
2015-02-16 05:00:00,2,1,1
2015-02-16 06:00:00,11,3,8
2015-02-16 07:00:00,22,4,18
2015-02-16 08:00:00,26,7,19
2015-02-16 09:00:00,29,17,12
2015-02-16 10:00:00,78,44,34
2015-02-16 11:00:00,118,72,46
2015-02-16 12:00:00,143,77,66
2015-02-16 13:00:00,182,94,88
2015-02-16 14:00:00,163,96,67
2015-02-16 15:00:00,176,64,112
2015-02-16 16:00:00,134,58,76
2015-02-16 17:00:00,93,36,57
2015-02-16 18:00:00,43,22,21
2015-02-16 19:00:00,14,6,8
2015-02-16 20:00:00,5,5,0
2015-02-16 21:00:00,4,4,0
2015-02-16 22:00:00,4,2,2
2015-02-16 23:00:00,0,0,0
2015-02-17 00:00:00,1,1,0
2015-02-17 01:00:00,0,0,0
2015-02-17 02:00:00,0,0,0
2015-02-17 03:00:00,0,0,0
2015-02-17 04:00:00,3,0,3
2015-02-17 05:00:00,8,2,6
2015-02-17 06:00:00,19,0,19
2015-02-17 07:00:00,47,10,37
2015-02-17 08:00:00,78,23,55
2015-02-17 09:00:00,79,31,48
2015-02-17 10:00:00,40,19,21
2015-02-17 11:00:00,50,24,26
2015-02-17 12:00:00,67,29,38
2015-02-17 13:00:00,77,43,34
2015-02-17 14:00:00,69,33,36
2015-02-17 15:00:00,83,41,42
2015-02-17 16:00:00,100,59,41
2015-02-17 17:00:00,131,87,44
2015-02-17 18:00:00,107,61,46
2015-02-17 19:00:00,49,29,20
2015-02-17 20:00:00,15,11,4
2015-02-17 21:00:00,6,4,2
2015-02-17 22:00:00,9,7,2
2015-02-17 23:00:00,0,0,0
2015-02-18 00:00:00,1,1,0
2015-02-18 01:00:00,0,0,0
2015-02-18 02:00:00,0,0,0
2015-02-18 03:00:00,0,0,0
2015-02-18 04:00:00,3,0,3
2015-02-18 05:00:00,5,2,3
2015-02-18 06:00:00,27,5,22
2015-02-18 07:00:00,43,12,31
2015-02-18 08:00:00,79,21,58
2015-02-18 09:00:00,58,18,40
2015-02-18 10:00:00,35,15,20
2015-02-18 11:00:00,38,19,19
2015-02-18 12:00:00,26,12,14
2015-02-18 13:00:00,38,18,20
2015-02-18 14:00:00,32,17,15
2015-02-18 15:00:00,33,19,14
2015-02-18 16:00:00,77,60,17
2015-02-18 17:00:00,101,62,39
2015-02-18 18:00:00,79,55,24
2015-02-18 19:00:00,29,21,8
2015-02-18 20:00:00,14,10,4
2015-02-18 21:00:00,11,8,3
2015-02-18 22:00:00,6,3,3
2015-02-18 23:00:00,1,1,0
2015-02-19 00:00:00,1,0,1
2015-02-19 01:00:00,1,1,0
2015-02-19 02:00:00,0,0,0
2015-02-19 03:00:00,0,0,0
2015-02-19 04:00:00,0,0,0
2015-02-19 05:00:00,4,1,3
2015-02-19 06:00:00,12,0,12
2015-02-19 07:00:00,42,8,34
2015-02-19 08:00:00,62,15,47
2015-02-19 09:00:00,38,17,21
2015-02-19 10:00:00,27,7,20
2015-02-19 11:00:00,21,8,13
2015-02-19 12:00:00,13,6,7
2015-02-19 13:00:00,8,4,4
2015-02-19 14:00:00,13,6,7
2015-02-19 15:00:00,21,14,7
2015-02-19 16:00:00,35,23,12
2015-02-19 17:00:00,46,37,9
2015-02-19 18:00:00,51,36,15
2015-02-19 19:00:00,19,12,7
2015-02-19 20:00:00,5,5,0
2015-02-19 21:00:00,6,5,1
2015-02-19 22:00:00,1,1,0
2015-02-19 23:00:00,0,0,0
2015-02-20 00:00:00,1,1,0
2015-02-20 01:00:00,1,1,0
2015-02-20 02:00:00,1,1,0
2015-02-20 03:00:00,0,0,0
2015-02-20 04:00:00,0,0,0
2015-02-20 05:00:00,2,0,2
2015-02-20 06:00:00,11,1,10
2015-02-20 07:00:00,30,14,16
2015-02-20 08:00:00,61,14,47
2015-02-20 09:00:00,39,15,24
2015-02-20 10:00:00,33,8,25
2015-02-20 11:00:00,19,11,8
2015-02-20 12:00:00,19,11,8
2015-02-20 13:00:00,20,10,10
2015-02-20 14:00:00,40,21,19
2015-02-20 15:00:00,46,27,19
2015-02-20 16:00:00,59,36,23
2015-02-20 17:00:00,66,39,27
2015-02-20 18:00:00,58,43,15
2015-02-20 19:00:00,24,15,9
2015-02-20 20:00:00,8,5,3
2015-02-20 21:00:00,7,5,2
2015-02-20 22:00:00,1,0,1
2015-02-20 23:00:00,2,0,2
2015-02-21 00:00:00,0,0,0
2015-02-21 01:00:00,2,2,0
2015-02-21 02:00:00,1,1,0
2015-02-21 03:00:00,1,1,0
2015-02-21 04:00:00,0,0,0
2015-02-21 05:00:00,1,1,0
2015-02-21 06:00:00,6,5,1
2015-02-21 07:00:00,8,3,5
2015-02-21 08:00:00,24,15,9
2015-02-21 09:00:00,77,40,37
2015-02-21 10:00:00,81,53,28
2015-02-21 11:00:00,105,54,51
2015-02-21 12:00:00,120,71,49
2015-02-21 13:00:00,147,80,67
2015-02-21 14:00:00,176,97,79
2015-02-21 15:00:00,165,78,87
2015-02-21 16:00:00,171,97,74
2015-02-21 17:00:00,120,35,85
2015-02-21 18:00:00,37,10,27
2015-02-21 19:00:00,11,2,9
2015-02-21 20:00:00,10,4,6
2015-02-21 21:00:00,2,1,1
2015-02-21 22:00:00,1,1,0
2015-02-21 23:00:00,0,0,0
2015-02-22 00:00:00,0,0,0
2015-02-22 01:00:00,0,0,0
2015-02-22 02:00:00,0,0,0
2015-02-22 03:00:00,0,0,0
2015-02-22 04:00:00,0,0,0
2015-02-22 05:00:00,1,1,0
2015-02-22 06:00:00,2,2,0
2015-02-22 07:00:00,19,11,8
2015-02-22 08:00:00,21,11,10
2015-02-22 09:00:00,66,38,28
2015-02-22 10:00:00,92,68,24
2015-02-22 11:00:00,139,83,56
2015-02-22 12:00:00,168,84,84
2015-02-22 13:00:00,223,105,118
2015-02-22 14:00:00,166,89,77
2015-02-22 15:00:00,192,100,92
2015-02-22 16:00:00,207,61,146
2015-02-22 17:00:00,64,24,40
2015-02-22 18:00:00,27,6,21
2015-02-22 19:00:00,6,3,3
2015-02-22 20:00:00,2,0,2
2015-02-22 21:00:00,0,0,0
2015-02-22 22:00:00,3,3,0
2015-02-22 23:00:00,1,0,1
2015-02-23 00:00:00,1,1,0
2015-02-23 01:00:00,0,0,0
2015-02-23 02:00:00,0,0,0
2015-02-23 03:00:00,0,0,0
2015-02-23 04:00:00,4,0,4
2015-02-23 05:00:00,3,1,2
2015-02-23 06:00:00,16,3,13
2015-02-23 07:00:00,41,12,29
2015-02-23 08:00:00,71,20,51
2015-02-23 09:00:00,58,18,40
2015-02-23 10:00:00,54,20,34
2015-02-23 11:00:00,34,18,16
2015-02-23 12:00:00,45,27,18
2015-02-23 13:00:00,63,33,30
2015-02-23 14:00:00,83,40,43
2015-02-23 15:00:00,71,32,39
2015-02-23 16:00:00,109,72,37
2015-02-23 17:00:00,131,75,56
2015-02-23 18:00:00,79,54,25
2015-02-23 19:00:00,28,17,11
2015-02-23 20:00:00,12,9,3
2015-02-23 21:00:00,12,8,4
2015-02-23 22:00:00,4,3,1
2015-02-23 23:00:00,1,0,1
2015-02-24 00:00:00,0,0,0
2015-02-24 01:00:00,2,2,0
2015-02-24 02:00:00,0,0,0
2015-02-24 03:00:00,1,1,0
2015-02-24 04:00:00,0,0,0
2015-02-24 05:00:00,8,1,7
2015-02-24 06:00:00,21,7,14
2015-02-24 07:00:00,55,13,42
2015-02-24 08:00:00,64,15,49
2015-02-24 09:00:00,51,19,32
2015-02-24 10:00:00,38,13,25
2015-02-24 11:00:00,25,12,13
2015-02-24 12:00:00,36,25,11
2015-02-24 13:00:00,51,23,28
2015-02-24 14:00:00,49,23,26
2015-02-24 15:00:00,61,37,24
2015-02-24 16:00:00,95,60,35
2015-02-24 17:00:00,119,88,31
2015-02-24 18:00:00,80,53,27
2015-02-24 19:00:00,32,25,7
2015-02-24 20:00:00,12,8,4
2015-02-24 21:00:00,16,6,10
2015-02-24 22:00:00,8,4,4
2015-02-24 23:00:00,1,1,0
2015-02-25 00:00:00,1,0,1
2015-02-25 01:00:00,0,0,0
2015-02-25 02:00:00,0,0,0
2015-02-25 03:00:00,1,1,0
2015-02-25 04:00:00,1,1,0
2015-02-25 05:00:00,10,3,7
2015-02-25 06:00:00,19,4,15
2015-02-25 07:00:00,42,10,32
2015-02-25 08:00:00,73,18,55
2015-02-25 09:00:00,47,17,30
2015-02-25 10:00:00,15,9,6
2015-02-25 11:00:00,25,9,16
2015-02-25 12:00:00,21,11,10
2015-02-25 13:00:00,23,11,12
2015-02-25 14:00:00,17,9,8
2015-02-25 15:00:00,16,6,10
2015-02-25 16:00:00,38,29,9
2015-02-25 17:00:00,63,48,15
2015-02-25 18:00:00,62,44,18
2015-02-25 19:00:00,19,12,7
2015-02-25 20:00:00,8,6,2
2015-02-25 21:00:00,4,3,1
2015-02-25 22:00:00,3,2,1
2015-02-25 23:00:00,3,2,1
2015-02-26 00:00:00,0,0,0
2015-02-26 01:00:00,0,0,0
2015-02-26 02:00:00,0,0,0
2015-02-26 03:00:00,0,0,0
2015-02-26 04:00:00,0,0,0
2015-02-26 05:00:00,2,0,2
2015-02-26 06:00:00,12,2,10
2015-02-26 07:00:00,35,11,24
2015-02-26 08:00:00,60,20,40
2015-02-26 09:00:00,45,15,30
2015-02-26 10:00:00,17,8,9
2015-02-26 11:00:00,12,3,9
2015-02-26 12:00:00,12,8,4
2015-02-26 13:00:00,21,9,12
2015-02-26 14:00:00,15,5,10
2015-02-26 15:00:00,22,17,5
2015-02-26 16:00:00,43,30,13
2015-02-26 17:00:00,75,48,27
2015-02-26 18:00:00,54,44,10
2015-02-26 19:00:00,22,14,8
2015-02-26 20:00:00,9,8,1
2015-02-26 21:00:00,5,3,2
2015-02-26 22:00:00,1,1,0
2015-02-26 23:00:00,2,2,0
2015-02-27 00:00:00,0,0,0
2015-02-27 01:00:00,0,0,0
2015-02-27 02:00:00,0,0,0
2015-02-27 03:00:00,0,0,0
2015-02-27 04:00:00,0,0,0
2015-02-27 05:00:00,4,1,3
2015-02-27 06:00:00,10,1,9
2015-02-27 07:00:00,21,7,14
2015-02-27 08:00:00,46,18,28
2015-02-27 09:00:00,36,14,22
2015-02-27 10:00:00,15,5,10
2015-02-27 11:00:00,12,4,8
2015-02-27 12:00:00,14,7,7
2015-02-27 13:00:00,16,8,8
2015-02-27 14:00:00,11,8,3
2015-02-27 15:00:00,21,12,9
2015-02-27 16:00:00,40,25,15
2015-02-27 17:00:00,60,42,18
2015-02-27 18:00:00,50,35,15
2015-02-27 19:00:00,17,11,6
2015-02-27 20:00:00,8,5,3
2015-02-27 21:00:00,5,4,1
2015-02-27 22:00:00,0,0,0
2015-02-27 23:00:00,1,0,1
2015-02-28 00:00:00,3,2,1
2015-02-28 01:00:00,1,0,1
2015-02-28 02:00:00,0,0,0
2015-02-28 03:00:00,0,0,0
2015-02-28 04:00:00,0,0,0
2015-02-28 05:00:00,0,0,0
2015-02-28 06:00:00,1,0,1
2015-02-28 07:00:00,18,8,10
2015-02-28 08:00:00,86,66,20
2015-02-28 09:00:00,58,34,24
2015-02-28 10:00:00,127,71,56
2015-02-28 11:00:00,195,124,71
2015-02-28 12:00:00,158,96,62
2015-02-28 13:00:00,243,115,128
2015-02-28 14:00:00,203,94,109
2015-02-28 15:00:00,209,101,108
2015-02-28 16:00:00,191,90,101
2015-02-28 17:00:00,123,45,78
2015-02-28 18:00:00,62,17,45
2015-02-28 19:00:00,6,5,1
2015-02-28 20:00:00,5,4,1
2015-02-28 21:00:00,2,1,1
2015-02-28 22:00:00,1,1,0
2015-02-28 23:00:00,0,0,0
2015-03-01 00:00:00,0,0,0
2015-03-01 01:00:00,1,0,1
2015-03-01 02:00:00,0,0,0
2015-03-01 03:00:00,0,0,0
2015-03-01 04:00:00,0,0,0
2015-03-01 05:00:00,2,0,2
2015-03-01 06:00:00,3,2,1
2015-03-01 07:00:00,11,8,3
2015-03-01 08:00:00,31,17,14
2015-03-01 09:00:00,55,22,33
2015-03-01 10:00:00,108,60,48
2015-03-01 11:00:00,190,114,76
2015-03-01 12:00:00,223,125,98
2015-03-01 13:00:00,248,111,137
2015-03-01 14:00:00,212,109,103
2015-03-01 15:00:00,181,86,95
2015-03-01 16:00:00,138,57,81
2015-03-01 17:00:00,100,31,69
2015-03-01 18:00:00,30,6,24
2015-03-01 19:00:00,12,5,7
2015-03-01 20:00:00,2,2,0
2015-03-01 21:00:00,0,0,0
2015-03-01 22:00:00,1,1,0
2015-03-01 23:00:00,0,0,0
2015-03-02 00:00:00,0,0,0
2015-03-02 01:00:00,0,0,0
2015-03-02 02:00:00,2,0,2
2015-03-02 03:00:00,0,0,0
2015-03-02 04:00:00,2,0,2
2015-03-02 05:00:00,8,2,6
2015-03-02 06:00:00,17,2,15
2015-03-02 07:00:00,49,13,36
2015-03-02 08:00:00,59,10,49
2015-03-02 09:00:00,58,20,38
2015-03-02 10:00:00,41,6,35
2015-03-02 11:00:00,26,15,11
2015-03-02 12:00:00,26,15,11
2015-03-02 13:00:00,33,24,9
2015-03-02 14:00:00,52,27,25
2015-03-02 15:00:00,71,43,28
2015-03-02 16:00:00,103,69,34
2015-03-02 17:00:00,80,56,24
2015-03-02 18:00:00,26,15,11
2015-03-02 19:00:00,8,8,0
2015-03-02 20:00:00,8,5,3
2015-03-02 21:00:00,3,3,0
2015-03-02 22:00:00,1,0,1
2015-03-02 23:00:00,0,0,0
2015-03-03 00:00:00,0,0,0
2015-03-03 01:00:00,0,0,0
2015-03-03 02:00:00,1,1,0
2015-03-03 03:00:00,1,0,1
2015-03-03 04:00:00,9,1,8
2015-03-03 05:00:00,21,1,20
2015-03-03 06:00:00,47,16,31
2015-03-03 07:00:00,67,17,50
2015-03-03 08:00:00,65,30,35
2015-03-03 09:00:00,35,18,17
2015-03-03 10:00:00,29,8,21
2015-03-03 11:00:00,37,18,19
2015-03-03 12:00:00,31,16,15
2015-03-03 13:00:00,56,39,17
2015-03-03 14:00:00,61,30,31
2015-03-03 15:00:00,89,61,28
2015-03-03 16:00:00,114,69,45
2015-03-03 17:00:00,89,63,26
2015-03-03 18:00:00,41,26,15
2015-03-03 19:00:00,12,4,8
2015-03-03 20:00:00,12,7,5
2015-03-03 21:00:00,4,3,1
2015-03-03 22:00:00,0,0,0
2015-03-03 23:00:00,0,0,0
2015-03-04 00:00:00,1,1,0
2015-03-04 01:00:00,0,0,0
2015-03-04 02:00:00,0,0,0
2015-03-04 03:00:00,2,0,2
2015-03-04 04:00:00,11,3,8
2015-03-04 05:00:00,13,0,13
2015-03-04 06:00:00,55,14,41
2015-03-04 07:00:00,71,14,57
2015-03-04 08:00:00,64,21,43
2015-03-04 09:00:00,30,14,16
2015-03-04 10:00:00,29,14,15
2015-03-04 11:00:00,46,26,20
2015-03-04 12:00:00,46,27,19
2015-03-04 13:00:00,43,23,20
2015-03-04 14:00:00,83,46,37
2015-03-04 15:00:00,84,58,26
2015-03-04 16:00:00,130,83,47
2015-03-04 17:00:00,97,68,29
2015-03-04 18:00:00,28,15,13
2015-03-04 19:00:00,17,10,7
2015-03-04 20:00:00,8,5,3
2015-03-04 21:00:00,2,2,0
2015-03-04 22:00:00,0,0,0
2015-03-04 23:00:00,2,1,1
2015-03-05 00:00:00,1,1,0
2015-03-05 01:00:00,0,0,0
2015-03-05 02:00:00,0,0,0
2015-03-05 03:00:00,1,0,1
2015-03-05 04:00:00,10,1,9
2015-03-05 05:00:00,9,1,8
2015-03-05 06:00:00,54,10,44
2015-03-05 07:00:00,66,15,51
2015-03-05 08:00:00,55,19,36
2015-03-05 09:00:00,28,12,16
2015-03-05 10:00:00,23,17,6
2015-03-05 11:00:00,32,12,20
2015-03-05 12:00:00,47,26,21
2015-03-05 13:00:00,51,27,24
2015-03-05 14:00:00,54,30,24
2015-03-05 15:00:00,71,42,29
2015-03-05 16:00:00,107,67,40
2015-03-05 17:00:00,85,59,26
2015-03-05 18:00:00,33,23,10
2015-03-05 19:00:00,14,11,3
2015-03-05 20:00:00,12,7,5
2015-03-05 21:00:00,6,5,1
2015-03-05 22:00:00,3,2,1
2015-03-05 23:00:00,0,0,0
2015-03-06 00:00:00,3,3,0
2015-03-06 01:00:00,0,0,0
2015-03-06 02:00:00,1,1,0
2015-03-06 03:00:00,2,0,2
2015-03-06 04:00:00,4,0,4
2015-03-06 05:00:00,14,3,11
2015-03-06 06:00:00,55,15,40
2015-03-06 07:00:00,55,18,37
2015-03-06 08:00:00,65,20,45
2015-03-06 09:00:00,39,19,20
2015-03-06 10:00:00,33,18,15
2015-03-06 11:00:00,41,18,23
2015-03-06 12:00:00,57,27,30
2015-03-06 13:00:00,75,35,40
2015-03-06 14:00:00,80,48,32
2015-03-06 15:00:00,110,69,41
2015-03-06 16:00:00,123,83,40
2015-03-06 17:00:00,88,47,41
2015-03-06 18:00:00,32,22,10
2015-03-06 19:00:00,5,2,3
2015-03-06 20:00:00,5,4,1
2015-03-06 21:00:00,2,2,0
2015-03-06 22:00:00,0,0,0
2015-03-06 23:00:00,0,0,0
2015-03-07 00:00:00,1,0,1
2015-03-07 01:00:00,1,1,0
2015-03-07 02:00:00,1,0,1
2015-03-07 03:00:00,2,1,1
2015-03-07 04:00:00,2,2,0
2015-03-07 05:00:00,4,2,2
2015-03-07 06:00:00,17,11,6
2015-03-07 07:00:00,48,35,13
2015-03-07 08:00:00,89,55,34
2015-03-07 09:00:00,111,69,42
2015-03-07 10:00:00,230,146,84
2015-03-07 11:00:00,209,109,100
2015-03-07 12:00:00,249,135,114
2015-03-07 13:00:00,308,168,140
2015-03-07 14:00:00,268,143,125
2015-03-07 15:00:00,242,99,143
2015-03-07 16:00:00,176,67,109
2015-03-07 17:00:00,57,13,44
2015-03-07 18:00:00,18,3,15
2015-03-07 19:00:00,7,3,4
2015-03-07 20:00:00,5,1,4
2015-03-07 21:00:00,5,4,1
2015-03-07 22:00:00,3,1,2
2015-03-07 23:00:00,4,2,2
2015-03-08 00:00:00,0,0,0
2015-03-08 01:00:00,1,1,0
2015-03-08 02:00:00,0,0,0
2015-03-08 03:00:00,0,0,0
2015-03-08 04:00:00,1,0,1
2015-03-08 05:00:00,3,1,2
2015-03-08 06:00:00,4,0,4
2015-03-08 07:00:00,37,28,9
2015-03-08 08:00:00,57,36,21
2015-03-08 09:00:00,83,48,35
2015-03-08 10:00:00,219,135,84
2015-03-08 11:00:00,224,132,92
2015-03-08 12:00:00,245,146,99
2015-03-08 13:00:00,352,140,212
2015-03-08 14:00:00,362,185,177
2015-03-08 15:00:00,330,140,190
2015-03-08 16:00:00,200,99,101
2015-03-08 17:00:00,88,42,46
2015-03-08 18:00:00,42,10,32
2015-03-08 19:00:00,8,3,5
2015-03-08 20:00:00,0,0,0
2015-03-08 21:00:00,2,1,1
2015-03-08 22:00:00,0,0,0
2015-03-08 23:00:00,0,0,0
2015-03-09 00:00:00,0,0,0
2015-03-09 01:00:00,0,0,0
2015-03-09 02:00:00,0,0,0
2015-03-09 03:00:00,2,0,2
2015-03-09 04:00:00,7,1,6
2015-03-09 05:00:00,17,1,16
2015-03-09 06:00:00,44,11,33
2015-03-09 07:00:00,54,11,43
2015-03-09 08:00:00,47,13,34
2015-03-09 09:00:00,48,19,29
2015-03-09 10:00:00,33,13,20
2015-03-09 11:00:00,30,17,13
2015-03-09 12:00:00,53,26,27
2015-03-09 13:00:00,65,33,32
2015-03-09 14:00:00,96,46,50
2015-03-09 15:00:00,117,79,38
2015-03-09 16:00:00,154,106,48
2015-03-09 17:00:00,141,82,59
2015-03-09 18:00:00,65,40,25
2015-03-09 19:00:00,19,13,6
2015-03-09 20:00:00,13,8,5
2015-03-09 21:00:00,3,3,0
2015-03-09 22:00:00,0,0,0
2015-03-09 23:00:00,0,0,0
2015-03-10 00:00:00,0,0,0
2015-03-10 01:00:00,1,1,0
2015-03-10 02:00:00,0,0,0
2015-03-10 03:00:00,2,0,2
2015-03-10 04:00:00,11,2,9
2015-03-10 05:00:00,16,2,14
2015-03-10 06:00:00,43,9,34
2015-03-10 07:00:00,62,16,46
2015-03-10 08:00:00,61,19,42
2015-03-10 09:00:00,41,17,24
2015-03-10 10:00:00,35,15,20
2015-03-10 11:00:00,33,19,14
2015-03-10 12:00:00,31,12,19
2015-03-10 13:00:00,63,38,25
2015-03-10 14:00:00,65,36,29
2015-03-10 15:00:00,87,52,35
2015-03-10 16:00:00,130,88,42
2015-03-10 17:00:00,112,78,34
2015-03-10 18:00:00,59,36,23
2015-03-10 19:00:00,14,9,5
2015-03-10 20:00:00,12,6,6
2015-03-10 21:00:00,3,3,0
2015-03-10 22:00:00,0,0,0
2015-03-10 23:00:00,1,1,0
2015-03-11 00:00:00,0,0,0
2015-03-11 01:00:00,0,0,0
2015-03-11 02:00:00,1,1,0
2015-03-11 03:00:00,3,0,3
2015-03-11 04:00:00,14,2,12
2015-03-11 05:00:00,16,2,14
2015-03-11 06:00:00,31,6,25
2015-03-11 07:00:00,51,13,38
2015-03-11 08:00:00,44,10,34
2015-03-11 09:00:00,17,4,13
2015-03-11 10:00:00,14,7,7
2015-03-11 11:00:00,15,9,6
2015-03-11 12:00:00,16,9,7
2015-03-11 13:00:00,19,10,9
2015-03-11 14:00:00,25,19,6
2015-03-11 15:00:00,38,27,11
2015-03-11 16:00:00,63,46,17
2015-03-11 17:00:00,79,55,24
2015-03-11 18:00:00,18,7,11
2015-03-11 19:00:00,10,4,6
2015-03-11 20:00:00,7,5,2
2015-03-11 21:00:00,5,3,2
2015-03-11 22:00:00,1,1,0
2015-03-11 23:00:00,0,0,0
2015-03-12 00:00:00,0,0,0
2015-03-12 01:00:00,0,0,0
2015-03-12 02:00:00,0,0,0
2015-03-12 03:00:00,2,1,1
2015-03-12 04:00:00,10,1,9
2015-03-12 05:00:00,10,1,9
2015-03-12 06:00:00,37,8,29
2015-03-12 07:00:00,58,13,45
2015-03-12 08:00:00,64,26,38
2015-03-12 09:00:00,41,18,23
2015-03-12 10:00:00,34,15,19
2015-03-12 11:00:00,49,24,25
2015-03-12 12:00:00,35,15,20
2015-03-12 13:00:00,43,22,21
2015-03-12 14:00:00,74,44,30
2015-03-12 15:00:00,96,58,38
2015-03-12 16:00:00,138,88,50
2015-03-12 17:00:00,128,88,40
2015-03-12 18:00:00,74,30,44
2015-03-12 19:00:00,22,14,8
2015-03-12 20:00:00,11,5,6
2015-03-12 21:00:00,2,2,0
2015-03-12 22:00:00,3,3,0
2015-03-12 23:00:00,0,0,0
2015-03-13 00:00:00,1,1,0
2015-03-13 01:00:00,0,0,0
2015-03-13 02:00:00,0,0,0
2015-03-13 03:00:00,1,1,0
2015-03-13 04:00:00,9,1,8
2015-03-13 05:00:00,20,6,14
2015-03-13 06:00:00,49,13,36
2015-03-13 07:00:00,64,22,42
2015-03-13 08:00:00,73,32,41
2015-03-13 09:00:00,67,35,32
2015-03-13 10:00:00,64,34,30
2015-03-13 11:00:00,54,27,27
2015-03-13 12:00:00,75,41,34
2015-03-13 13:00:00,99,50,49
2015-03-13 14:00:00,107,56,51
2015-03-13 15:00:00,128,76,52
2015-03-13 16:00:00,141,82,59
2015-03-13 17:00:00,148,86,62
2015-03-13 18:00:00,67,29,38
2015-03-13 19:00:00,21,13,8
2015-03-13 20:00:00,5,5,0
2015-03-13 21:00:00,1,1,0
2015-03-13 22:00:00,1,1,0
2015-03-13 23:00:00,1,1,0
2015-03-14 00:00:00,0,0,0
2015-03-14 01:00:00,1,1,0
2015-03-14 02:00:00,0,0,0
2015-03-14 03:00:00,0,0,0
2015-03-14 04:00:00,1,1,0
2015-03-14 05:00:00,2,1,1
2015-03-14 06:00:00,3,2,1
2015-03-14 07:00:00,15,8,7
2015-03-14 08:00:00,27,19,8
2015-03-14 09:00:00,29,14,15
2015-03-14 10:00:00,46,30,16
2015-03-14 11:00:00,29,20,9
2015-03-14 12:00:00,59,32,27
2015-03-14 13:00:00,42,18,24
2015-03-14 14:00:00,64,29,35
2015-03-14 15:00:00,83,43,40
2015-03-14 16:00:00,57,22,35
2015-03-14 17:00:00,39,15,24
2015-03-14 18:00:00,6,2,4
2015-03-14 19:00:00,2,1,1
2015-03-14 20:00:00,0,0,0
2015-03-14 21:00:00,0,0,0
2015-03-14 22:00:00,0,0,0
2015-03-14 23:00:00,3,3,0
2015-03-15 00:00:00,0,0,0
2015-03-15 01:00:00,0,0,0
2015-03-15 02:00:00,0,0,0
2015-03-15 03:00:00,0,0,0
2015-03-15 04:00:00,2,2,0
2015-03-15 05:00:00,0,0,0
2015-03-15 06:00:00,3,2,1
2015-03-15 07:00:00,4,4,0
2015-03-15 08:00:00,14,5,9
2015-03-15 09:00:00,6,4,2
2015-03-15 10:00:00,18,11,7
2015-03-15 11:00:00,19,9,10
2015-03-15 12:00:00,11,7,4
2015-03-15 13:00:00,5,2,3
2015-03-15 14:00:00,11,5,6
2015-03-15 15:00:00,5,3,2
2015-03-15 16:00:00,15,7,8
2015-03-15 17:00:00,7,4,3
2015-03-15 18:00:00,3,1,2
2015-03-15 19:00:00,1,0,1
2015-03-15 20:00:00,0,0,0
2015-03-15 21:00:00,2,1,1
2015-03-15 22:00:00,1,0,1
2015-03-15 23:00:00,0,0,0
2015-03-16 00:00:00,0,0,0
2015-03-16 01:00:00,0,0,0
2015-03-16 02:00:00,0,0,0
2015-03-16 03:00:00,2,0,2
2015-03-16 04:00:00,3,0,3
2015-03-16 05:00:00,18,4,14
2015-03-16 06:00:00,38,10,28
2015-03-16 07:00:00,63,17,46
2015-03-16 08:00:00,52,23,29
2015-03-16 09:00:00,33,16,17
2015-03-16 10:00:00,28,10,18
2015-03-16 11:00:00,25,10,15
2015-03-16 12:00:00,47,29,18
2015-03-16 13:00:00,62,26,36
2015-03-16 14:00:00,51,32,19
2015-03-16 15:00:00,79,44,35
2015-03-16 16:00:00,123,75,48
2015-03-16 17:00:00,159,106,53
2015-03-16 18:00:00,60,37,23
2015-03-16 19:00:00,14,8,6
2015-03-16 20:00:00,5,4,1
2015-03-16 21:00:00,5,3,2
2015-03-16 22:00:00,2,2,0
2015-03-16 23:00:00,0,0,0
2015-03-17 00:00:00,0,0,0
2015-03-17 01:00:00,0,0,0
2015-03-17 02:00:00,0,0,0
2015-03-17 03:00:00,1,0,1
2015-03-17 04:00:00,8,2,6
2015-03-17 05:00:00,16,0,16
2015-03-17 06:00:00,35,14,21
2015-03-17 07:00:00,55,14,41
2015-03-17 08:00:00,64,19,45
2015-03-17 09:00:00,26,9,17
2015-03-17 10:00:00,28,16,12
2015-03-17 11:00:00,36,20,16
2015-03-17 12:00:00,34,22,12
2015-03-17 13:00:00,33,15,18
2015-03-17 14:00:00,50,23,27
2015-03-17 15:00:00,45,32,13
2015-03-17 16:00:00,61,43,18
2015-03-17 17:00:00,77,53,24
2015-03-17 18:00:00,37,26,11
2015-03-17 19:00:00,13,8,5
2015-03-17 20:00:00,2,1,1
2015-03-17 21:00:00,2,1,1
2015-03-17 22:00:00,3,3,0
2015-03-17 23:00:00,0,0,0
2015-03-18 00:00:00,0,0,0
2015-03-18 01:00:00,1,1,0
2015-03-18 02:00:00,0,0,0
2015-03-18 03:00:00,3,0,3
2015-03-18 04:00:00,12,2,10
2015-03-18 05:00:00,13,3,10
2015-03-18 06:00:00,51,9,42
2015-03-18 07:00:00,63,10,53
2015-03-18 08:00:00,62,20,42
2015-03-18 09:00:00,40,12,28
2015-03-18 10:00:00,24,11,13
2015-03-18 11:00:00,53,29,24
2015-03-18 12:00:00,58,33,25
2015-03-18 13:00:00,68,45,23
2015-03-18 14:00:00,80,43,37
2015-03-18 15:00:00,99,55,44
2015-03-18 16:00:00,143,103,40
2015-03-18 17:00:00,141,88,53
2015-03-18 18:00:00,71,37,34
2015-03-18 19:00:00,23,17,6
2015-03-18 20:00:00,7,4,3
2015-03-18 21:00:00,2,0,2
2015-03-18 22:00:00,6,0,6
2015-03-18 23:00:00,1,1,0
2015-03-19 00:00:00,0,0,0
2015-03-19 01:00:00,0,0,0
2015-03-19 02:00:00,1,0,1
2015-03-19 03:00:00,0,0,0
2015-03-19 04:00:00,11,3,8
2015-03-19 05:00:00,17,1,16
2015-03-19 06:00:00,39,10,29
2015-03-19 07:00:00,77,23,54
2015-03-19 08:00:00,81,28,53
2015-03-19 09:00:00,26,13,13
2015-03-19 10:00:00,30,19,11
2015-03-19 11:00:00,29,14,15
2015-03-19 12:00:00,48,26,22
2015-03-19 13:00:00,49,26,23
2015-03-19 14:00:00,44,32,12
2015-03-19 15:00:00,63,43,20
2015-03-19 16:00:00,94,66,28
2015-03-19 17:00:00,95,59,36
2015-03-19 18:00:00,40,22,18
2015-03-19 19:00:00,19,16,3
2015-03-19 20:00:00,5,3,2
2015-03-19 21:00:00,2,2,0
2015-03-19 22:00:00,2,2,0
2015-03-19 23:00:00,1,0,1
2015-03-20 00:00:00,0,0,0
2015-03-20 01:00:00,0,0,0
2015-03-20 02:00:00,1,1,0
2015-03-20 03:00:00,1,0,1
2015-03-20 04:00:00,7,3,4
2015-03-20 05:00:00,13,4,9
2015-03-20 06:00:00,45,13,32
2015-03-20 07:00:00,50,9,41
2015-03-20 08:00:00,54,20,34
2015-03-20 09:00:00,34,15,19
2015-03-20 10:00:00,41,19,22
2015-03-20 11:00:00,38,19,19
2015-03-20 12:00:00,31,14,17
2015-03-20 13:00:00,28,14,14
2015-03-20 14:00:00,25,17,8
2015-03-20 15:00:00,50,34,16
2015-03-20 16:00:00,50,36,14
2015-03-20 17:00:00,50,33,17
2015-03-20 18:00:00,28,14,14
2015-03-20 19:00:00,11,10,1
2015-03-20 20:00:00,1,1,0
2015-03-20 21:00:00,4,3,1
2015-03-20 22:00:00,2,2,0
2015-03-20 23:00:00,1,1,0
2015-03-21 00:00:00,0,0,0
2015-03-21 01:00:00,0,0,0
2015-03-21 02:00:00,0,0,0
2015-03-21 03:00:00,0,0,0
2015-03-21 04:00:00,0,0,0
2015-03-21 05:00:00,0,0,0
2015-03-21 06:00:00,7,3,4
2015-03-21 07:00:00,31,15,16
2015-03-21 08:00:00,55,39,16
2015-03-21 09:00:00,89,50,39
2015-03-21 10:00:00,126,83,43
2015-03-21 11:00:00,85,47,38
2015-03-21 12:00:00,73,34,39
2015-03-21 13:00:00,93,45,48
2015-03-21 14:00:00,102,56,46
2015-03-21 15:00:00,113,53,60
2015-03-21 16:00:00,112,51,61
2015-03-21 17:00:00,80,26,54
2015-03-21 18:00:00,38,17,21
2015-03-21 19:00:00,14,1,13
2015-03-21 20:00:00,5,3,2
2015-03-21 21:00:00,1,1,0
2015-03-21 22:00:00,4,2,2
2015-03-21 23:00:00,2,2,0
2015-03-22 00:00:00,1,1,0
2015-03-22 01:00:00,0,0,0
2015-03-22 02:00:00,0,0,0
2015-03-22 03:00:00,1,0,1
2015-03-22 04:00:00,1,1,0
2015-03-22 05:00:00,5,4,1
2015-03-22 06:00:00,11,8,3
2015-03-22 07:00:00,38,23,15
2015-03-22 08:00:00,89,62,27
2015-03-22 09:00:00,132,76,56
2015-03-22 10:00:00,209,99,110
2015-03-22 11:00:00,161,71,90
2015-03-22 12:00:00,116,49,67
2015-03-22 13:00:00,86,41,45
2015-03-22 14:00:00,35,10,25
2015-03-22 15:00:00,46,13,33
2015-03-22 16:00:00,32,17,15
2015-03-22 17:00:00,19,8,11
2015-03-22 18:00:00,17,7,10
2015-03-22 19:00:00,12,7,5
2015-03-22 20:00:00,1,1,0
2015-03-22 21:00:00,1,0,1
2015-03-22 22:00:00,3,0,3
2015-03-22 23:00:00,1,1,0
2015-03-23 00:00:00,0,0,0
2015-03-23 01:00:00,0,0,0
2015-03-23 02:00:00,0,0,0
2015-03-23 03:00:00,2,0,2
2015-03-23 04:00:00,5,0,5
2015-03-23 05:00:00,13,3,10
2015-03-23 06:00:00,36,8,28
2015-03-23 07:00:00,57,15,42
2015-03-23 08:00:00,38,13,25
2015-03-23 09:00:00,26,10,16
2015-03-23 10:00:00,19,7,12
2015-03-23 11:00:00,3,2,1
2015-03-23 12:00:00,8,4,4
2015-03-23 13:00:00,14,8,6
2015-03-23 14:00:00,16,9,7
2015-03-23 15:00:00,31,28,3
2015-03-23 16:00:00,56,43,13
2015-03-23 17:00:00,62,46,16
2015-03-23 18:00:00,31,18,13
2015-03-23 19:00:00,5,3,2
2015-03-23 20:00:00,2,2,0
2015-03-23 21:00:00,5,2,3
2015-03-23 22:00:00,0,0,0
2015-03-23 23:00:00,1,1,0
2015-03-24 00:00:00,0,0,0
2015-03-24 01:00:00,0,0,0
2015-03-24 02:00:00,0,0,0
2015-03-24 03:00:00,2,0,2
2015-03-24 04:00:00,9,1,8
2015-03-24 05:00:00,17,4,13
2015-03-24 06:00:00,32,6,26
2015-03-24 07:00:00,36,9,27
2015-03-24 08:00:00,43,15,28
2015-03-24 09:00:00,39,15,24
2015-03-24 10:00:00,28,16,12
2015-03-24 11:00:00,33,22,11
2015-03-24 12:00:00,33,13,20
2015-03-24 13:00:00,32,15,17
2015-03-24 14:00:00,36,17,19
2015-03-24 15:00:00,57,41,16
2015-03-24 16:00:00,60,43,17
2015-03-24 17:00:00,89,68,21
2015-03-24 18:00:00,54,29,25
2015-03-24 19:00:00,11,6,5
2015-03-24 20:00:00,6,2,4
2015-03-24 21:00:00,4,3,1
2015-03-24 22:00:00,1,0,1
2015-03-24 23:00:00,0,0,0
2015-03-25 00:00:00,0,0,0
2015-03-25 01:00:00,0,0,0
2015-03-25 02:00:00,0,0,0
2015-03-25 03:00:00,0,0,0
2015-03-25 04:00:00,7,2,5
2015-03-25 05:00:00,15,4,11
2015-03-25 06:00:00,32,6,26
2015-03-25 07:00:00,39,10,29
2015-03-25 08:00:00,38,12,26
2015-03-25 09:00:00,21,10,11
2015-03-25 10:00:00,12,7,5
2015-03-25 11:00:00,12,7,5
2015-03-25 12:00:00,15,9,6
2015-03-25 13:00:00,11,6,5
2015-03-25 14:00:00,10,6,4
2015-03-25 15:00:00,26,15,11
2015-03-25 16:00:00,58,40,18
2015-03-25 17:00:00,59,43,16
2015-03-25 18:00:00,26,12,14
2015-03-25 19:00:00,4,2,2
2015-03-25 20:00:00,3,2,1
2015-03-25 21:00:00,5,3,2
2015-03-25 22:00:00,0,0,0
2015-03-25 23:00:00,1,1,0
2015-03-26 00:00:00,0,0,0
2015-03-26 01:00:00,1,1,0
2015-03-26 02:00:00,0,0,0
2015-03-26 03:00:00,1,0,1
2015-03-26 04:00:00,9,0,9
2015-03-26 05:00:00,20,2,18
2015-03-26 06:00:00,59,17,42
2015-03-26 07:00:00,69,18,51
2015-03-26 08:00:00,63,23,40
2015-03-26 09:00:00,53,27,26
2015-03-26 10:00:00,69,33,36
2015-03-26 11:00:00,69,35,34
2015-03-26 12:00:00,86,46,40
2015-03-26 13:00:00,99,51,48
2015-03-26 14:00:00,110,60,50
2015-03-26 15:00:00,135,80,55
2015-03-26 16:00:00,184,112,72
2015-03-26 17:00:00,193,108,85
2015-03-26 18:00:00,93,47,46
2015-03-26 19:00:00,34,18,16
2015-03-26 20:00:00,6,5,1
2015-03-26 21:00:00,4,2,2
2015-03-26 22:00:00,2,2,0
2015-03-26 23:00:00,2,2,0
2015-03-27 00:00:00,0,0,0
2015-03-27 01:00:00,0,0,0
2015-03-27 02:00:00,0,0,0
2015-03-27 03:00:00,0,0,0
2015-03-27 04:00:00,15,3,12
2015-03-27 05:00:00,15,3,12
2015-03-27 06:00:00,52,14,38
2015-03-27 07:00:00,78,26,52
2015-03-27 08:00:00,84,40,44
2015-03-27 09:00:00,40,19,21
2015-03-27 10:00:00,37,18,19
2015-03-27 11:00:00,81,38,43
2015-03-27 12:00:00,52,33,19
2015-03-27 13:00:00,95,48,47
2015-03-27 14:00:00,98,61,37
2015-03-27 15:00:00,116,72,44
2015-03-27 16:00:00,150,93,57
2015-03-27 17:00:00,128,75,53
2015-03-27 18:00:00,57,28,29
2015-03-27 19:00:00,13,5,8
2015-03-27 20:00:00,8,6,2
2015-03-27 21:00:00,4,2,2
2015-03-27 22:00:00,0,0,0
2015-03-27 23:00:00,0,0,0
2015-03-28 00:00:00,0,0,0
2015-03-28 01:00:00,1,1,0
2015-03-28 02:00:00,0,0,0
2015-03-28 03:00:00,0,0,0
2015-03-28 04:00:00,4,0,4
2015-03-28 05:00:00,4,0,4
2015-03-28 06:00:00,17,10,7
2015-03-28 07:00:00,31,19,12
2015-03-28 08:00:00,88,56,32
2015-03-28 09:00:00,134,92,42
2015-03-28 10:00:00,185,96,89
2015-03-28 11:00:00,183,108,75
2015-03-28 12:00:00,184,103,81
2015-03-28 13:00:00,172,83,89
2015-03-28 14:00:00,182,93,89
2015-03-28 15:00:00,161,60,101
2015-03-28 16:00:00,126,52,74
2015-03-28 17:00:00,94,31,63
2015-03-28 18:00:00,30,7,23
2015-03-28 19:00:00,29,2,27
2015-03-28 20:00:00,25,6,19
2015-03-28 21:00:00,12,2,10
2015-03-28 22:00:00,12,0,12
2015-03-28 23:00:00,16,3,13
2015-03-29 00:00:00,2,1,1
2015-03-29 01:00:00,0,0,0
2015-03-29 02:00:00,0,0,0
2015-03-29 03:00:00,1,0,1
2015-03-29 04:00:00,2,0,2
2015-03-29 05:00:00,4,3,1
2015-03-29 06:00:00,11,7,4
2015-03-29 07:00:00,37,23,14
2015-03-29 08:00:00,76,48,28
2015-03-29 09:00:00,77,49,28
2015-03-29 10:00:00,144,90,54
2015-03-29 11:00:00,153,74,79
2015-03-29 12:00:00,158,84,74
2015-03-29 13:00:00,149,77,72
2015-03-29 14:00:00,167,65,102
2015-03-29 15:00:00,133,61,72
2015-03-29 16:00:00,94,43,51
2015-03-29 17:00:00,56,26,30
2015-03-29 18:00:00,14,6,8
2015-03-29 19:00:00,8,5,3
2015-03-29 20:00:00,3,1,2
2015-03-29 21:00:00,0,0,0
2015-03-29 22:00:00,0,0,0
2015-03-29 23:00:00,0,0,0
2015-03-30 00:00:00,0,0,0
2015-03-30 01:00:00,0,0,0
2015-03-30 02:00:00,0,0,0
2015-03-30 03:00:00,3,1,2
2015-03-30 04:00:00,9,1,8
2015-03-30 05:00:00,22,3,19
2015-03-30 06:00:00,48,8,40
2015-03-30 07:00:00,86,17,69
2015-03-30 08:00:00,79,30,49
2015-03-30 09:00:00,43,19,24
2015-03-30 10:00:00,45,27,18
2015-03-30 11:00:00,50,34,16
2015-03-30 12:00:00,67,26,41
2015-03-30 13:00:00,66,39,27
2015-03-30 14:00:00,71,34,37
2015-03-30 15:00:00,102,66,36
2015-03-30 16:00:00,146,93,53
2015-03-30 17:00:00,173,127,46
2015-03-30 18:00:00,88,51,37
2015-03-30 19:00:00,25,13,12
2015-03-30 20:00:00,4,3,1
2015-03-30 21:00:00,6,5,1
2015-03-30 22:00:00,4,1,3
2015-03-30 23:00:00,0,0,0
2015-03-31 00:00:00,0,0,0
2015-03-31 01:00:00,0,0,0
2015-03-31 02:00:00,0,0,0
2015-03-31 03:00:00,2,0,2
2015-03-31 04:00:00,8,1,7
2015-03-31 05:00:00,14,1,13
2015-03-31 06:00:00,41,9,32
2015-03-31 07:00:00,50,13,37
2015-03-31 08:00:00,42,16,26
2015-03-31 09:00:00,20,9,11
2015-03-31 10:00:00,22,16,6
2015-03-31 11:00:00,22,6,16
2015-03-31 12:00:00,13,4,9
2015-03-31 13:00:00,29,18,11
2015-03-31 14:00:00,32,20,12
2015-03-31 15:00:00,47,30,17
2015-03-31 16:00:00,42,32,10
2015-03-31 17:00:00,65,47,18
2015-03-31 18:00:00,22,15,7
2015-03-31 19:00:00,9,6,3
2015-03-31 20:00:00,4,2,2
2015-03-31 21:00:00,1,1,0
2015-03-31 22:00:00,0,0,0
2015-03-31 23:00:00,1,1,0
2015-04-01 00:00:00,1,1,0
2015-04-01 01:00:00,4,2,2
2015-04-01 02:00:00,1,1,0
2015-04-01 03:00:00,2,0,2
2015-04-01 04:00:00,7,1,6
2015-04-01 05:00:00,16,4,12
2015-04-01 06:00:00,36,10,26
2015-04-01 07:00:00,63,14,49
2015-04-01 08:00:00,51,18,33
2015-04-01 09:00:00,53,27,26
2015-04-01 10:00:00,21,8,13
2015-04-01 11:00:00,21,8,13
2015-04-01 12:00:00,32,15,17
2015-04-01 13:00:00,34,15,19
2015-04-01 14:00:00,34,24,10
2015-04-01 15:00:00,42,20,22
2015-04-01 16:00:00,65,44,21
2015-04-01 17:00:00,108,73,35
2015-04-01 18:00:00,105,70,35
2015-04-01 19:00:00,56,29,27
2015-04-01 20:00:00,9,6,3
2015-04-01 21:00:00,4,4,0
2015-04-01 22:00:00,5,2,3
2015-04-01 23:00:00,2,2,0
2015-04-02 00:00:00,2,1,1
2015-04-02 01:00:00,0,0,0
2015-04-02 02:00:00,0,0,0
2015-04-02 03:00:00,0,0,0
2015-04-02 04:00:00,1,0,1
2015-04-02 05:00:00,13,2,11
2015-04-02 06:00:00,15,1,14
2015-04-02 07:00:00,50,13,37
2015-04-02 08:00:00,66,11,55
2015-04-02 09:00:00,49,18,31
2015-04-02 10:00:00,40,14,26
2015-04-02 11:00:00,34,13,21
2015-04-02 12:00:00,28,20,8
2015-04-02 13:00:00,40,24,16
2015-04-02 14:00:00,34,24,10
2015-04-02 15:00:00,61,29,32
2015-04-02 16:00:00,96,68,28
2015-04-02 17:00:00,125,79,46
2015-04-02 18:00:00,153,94,59
2015-04-02 19:00:00,103,61,42
2015-04-02 20:00:00,25,11,14
2015-04-02 21:00:00,12,7,5
2015-04-02 22:00:00,3,1,2
2015-04-02 23:00:00,1,0,1
2015-04-03 00:00:00,1,1,0
2015-04-03 01:00:00,0,0,0
2015-04-03 02:00:00,0,0,0
2015-04-03 03:00:00,0,0,0
2015-04-03 04:00:00,0,0,0
2015-04-03 05:00:00,5,1,4
2015-04-03 06:00:00,14,5,9
2015-04-03 07:00:00,46,14,32
2015-04-03 08:00:00,62,18,44
2015-04-03 09:00:00,65,21,44
2015-04-03 10:00:00,46,30,16
2015-04-03 11:00:00,40,22,18
2015-04-03 12:00:00,35,14,21
2015-04-03 13:00:00,25,9,16
2015-04-03 14:00:00,20,12,8
2015-04-03 15:00:00,26,17,9
2015-04-03 16:00:00,43,31,12
2015-04-03 17:00:00,90,60,30
2015-04-03 18:00:00,74,52,22
2015-04-03 19:00:00,47,30,17
2015-04-03 20:00:00,14,10,4
2015-04-03 21:00:00,4,2,2
2015-04-03 22:00:00,0,0,0
2015-04-03 23:00:00,1,1,0
2015-04-04 00:00:00,0,0,0
2015-04-04 01:00:00,0,0,0
2015-04-04 02:00:00,0,0,0
2015-04-04 03:00:00,0,0,0
2015-04-04 04:00:00,0,0,0
2015-04-04 05:00:00,2,1,1
2015-04-04 06:00:00,2,1,1
2015-04-04 07:00:00,28,11,17
2015-04-04 08:00:00,49,31,18
2015-04-04 09:00:00,104,57,47
2015-04-04 10:00:00,156,107,49
2015-04-04 11:00:00,168,112,56
2015-04-04 12:00:00,191,93,98
2015-04-04 13:00:00,243,130,113
2015-04-04 14:00:00,200,96,104
2015-04-04 15:00:00,197,84,113
2015-04-04 16:00:00,193,89,104
2015-04-04 17:00:00,125,61,64
2015-04-04 18:00:00,72,24,48
2015-04-04 19:00:00,40,14,26
2015-04-04 20:00:00,6,3,3
2015-04-04 21:00:00,2,2,0
2015-04-04 22:00:00,3,0,3
2015-04-04 23:00:00,3,2,1
2015-04-05 00:00:00,6,2,4
2015-04-05 01:00:00,0,0,0
2015-04-05 02:00:00,0,0,0
2015-04-05 03:00:00,0,0,0
2015-04-05 04:00:00,0,0,0
2015-04-05 05:00:00,1,0,1
2015-04-05 06:00:00,2,1,1
2015-04-05 07:00:00,8,6,2
2015-04-05 08:00:00,38,25,13
2015-04-05 09:00:00,68,44,24
2015-04-05 10:00:00,102,57,45
2015-04-05 11:00:00,133,88,45
2015-04-05 12:00:00,165,92,73
2015-04-05 13:00:00,171,98,73
2015-04-05 14:00:00,179,78,101
2015-04-05 15:00:00,215,89,126
2015-04-05 16:00:00,194,78,116
2015-04-05 17:00:00,126,59,67
2015-04-05 18:00:00,88,43,45
2015-04-05 19:00:00,38,17,21
2015-04-05 20:00:00,5,3,2
2015-04-05 21:00:00,10,5,5
2015-04-05 22:00:00,2,1,1
2015-04-05 23:00:00,0,0,0
2015-04-06 00:00:00,0,0,0
2015-04-06 01:00:00,0,0,0
2015-04-06 02:00:00,1,1,0
2015-04-06 03:00:00,0,0,0
2015-04-06 04:00:00,3,0,3
2015-04-06 05:00:00,8,2,6
2015-04-06 06:00:00,15,1,14
2015-04-06 07:00:00,46,9,37
2015-04-06 08:00:00,67,11,56
2015-04-06 09:00:00,63,25,38
2015-04-06 10:00:00,32,11,21
2015-04-06 11:00:00,22,13,9
2015-04-06 12:00:00,23,13,10
2015-04-06 13:00:00,43,23,20
2015-04-06 14:00:00,25,10,15
2015-04-06 15:00:00,39,19,20
2015-04-06 16:00:00,76,44,32
2015-04-06 17:00:00,106,73,33
2015-04-06 18:00:00,128,92,36
2015-04-06 19:00:00,58,33,25
2015-04-06 20:00:00,14,7,7
2015-04-06 21:00:00,6,5,1
2015-04-06 22:00:00,7,3,4
2015-04-06 23:00:00,1,1,0
2015-04-07 00:00:00,1,1,0
2015-04-07 01:00:00,0,0,0
2015-04-07 02:00:00,0,0,0
2015-04-07 03:00:00,0,0,0
2015-04-07 04:00:00,0,0,0
2015-04-07 05:00:00,14,4,10
2015-04-07 06:00:00,19,2,17
2015-04-07 07:00:00,56,18,38
2015-04-07 08:00:00,84,21,63
2015-04-07 09:00:00,78,36,42
2015-04-07 10:00:00,33,15,18
2015-04-07 11:00:00,24,10,14
2015-04-07 12:00:00,22,12,10
2015-04-07 13:00:00,20,7,13
2015-04-07 14:00:00,22,12,10
2015-04-07 15:00:00,37,20,17
2015-04-07 16:00:00,64,49,15
2015-04-07 17:00:00,117,82,35
2015-04-07 18:00:00,137,93,44
2015-04-07 19:00:00,90,52,38
2015-04-07 20:00:00,24,12,12
2015-04-07 21:00:00,8,1,7
2015-04-07 22:00:00,2,2,0
2015-04-07 23:00:00,2,2,0
2015-04-08 00:00:00,2,2,0
2015-04-08 01:00:00,0,0,0
2015-04-08 02:00:00,0,0,0
2015-04-08 03:00:00,0,0,0
2015-04-08 04:00:00,2,1,1
2015-04-08 05:00:00,9,1,8
2015-04-08 06:00:00,20,7,13
2015-04-08 07:00:00,48,6,42
2015-04-08 08:00:00,86,25,61
2015-04-08 09:00:00,71,24,47
2015-04-08 10:00:00,50,21,29
2015-04-08 11:00:00,46,21,25
2015-04-08 12:00:00,55,21,34
2015-04-08 13:00:00,68,27,41
2015-04-08 14:00:00,74,49,25
2015-04-08 15:00:00,91,48,43
2015-04-08 16:00:00,100,61,39
2015-04-08 17:00:00,179,115,64
2015-04-08 18:00:00,175,109,66
2015-04-08 19:00:00,101,52,49
2015-04-08 20:00:00,30,8,22
2015-04-08 21:00:00,12,6,6
2015-04-08 22:00:00,2,2,0
2015-04-08 23:00:00,0,0,0
2015-04-09 00:00:00,2,2,0
2015-04-09 01:00:00,0,0,0
2015-04-09 02:00:00,0,0,0
2015-04-09 03:00:00,0,0,0
2015-04-09 04:00:00,2,0,2
2015-04-09 05:00:00,9,3,6
2015-04-09 06:00:00,23,8,15
2015-04-09 07:00:00,82,18,64
2015-04-09 08:00:00,110,34,76
2015-04-09 09:00:00,97,45,52
2015-04-09 10:00:00,45,22,23
2015-04-09 11:00:00,94,60,34
2015-04-09 12:00:00,86,39,47
2015-04-09 13:00:00,76,32,44
2015-04-09 14:00:00,93,46,47
2015-04-09 15:00:00,107,59,48
2015-04-09 16:00:00,135,73,62
2015-04-09 17:00:00,209,132,77
2015-04-09 18:00:00,214,127,87
2015-04-09 19:00:00,94,41,53
2015-04-09 20:00:00,53,27,26
2015-04-09 21:00:00,11,6,5
2015-04-09 22:00:00,3,3,0
2015-04-09 23:00:00,4,3,1
2015-04-10 00:00:00,1,1,0
2015-04-10 01:00:00,0,0,0
2015-04-10 02:00:00,0,0,0
2015-04-10 03:00:00,0,0,0
2015-04-10 04:00:00,1,1,0
2015-04-10 05:00:00,7,2,5
2015-04-10 06:00:00,11,1,10
2015-04-10 07:00:00,54,16,38
2015-04-10 08:00:00,53,10,43
2015-04-10 09:00:00,54,19,35
2015-04-10 10:00:00,50,29,21
2015-04-10 11:00:00,57,23,34
2015-04-10 12:00:00,43,26,17
2015-04-10 13:00:00,38,21,17
2015-04-10 14:00:00,48,19,29
2015-04-10 15:00:00,54,30,24
2015-04-10 16:00:00,79,53,26
2015-04-10 17:00:00,62,44,18
2015-04-10 18:00:00,49,37,12
2015-04-10 19:00:00,21,16,5
2015-04-10 20:00:00,7,6,1
2015-04-10 21:00:00,3,2,1
2015-04-10 22:00:00,2,1,1
2015-04-10 23:00:00,0,0,0
2015-04-11 00:00:00,1,1,0
2015-04-11 01:00:00,0,0,0
2015-04-11 02:00:00,0,0,0
2015-04-11 03:00:00,1,1,0
2015-04-11 04:00:00,0,0,0
2015-04-11 05:00:00,0,0,0
2015-04-11 06:00:00,2,0,2
2015-04-11 07:00:00,14,8,6
2015-04-11 08:00:00,23,15,8
2015-04-11 09:00:00,66,45,21
2015-04-11 10:00:00,89,51,38
2015-04-11 11:00:00,153,104,49
2015-04-11 12:00:00,132,56,76
2015-04-11 13:00:00,143,61,82
2015-04-11 14:00:00,115,41,74
2015-04-11 15:00:00,103,49,54
2015-04-11 16:00:00,65,26,39
2015-04-11 17:00:00,33,20,13
2015-04-11 18:00:00,25,8,17
2015-04-11 19:00:00,17,7,10
2015-04-11 20:00:00,9,7,2
2015-04-11 21:00:00,5,3,2
2015-04-11 22:00:00,1,1,0
2015-04-11 23:00:00,2,1,1
2015-04-12 00:00:00,0,0,0
2015-04-12 01:00:00,0,0,0
2015-04-12 02:00:00,0,0,0
2015-04-12 03:00:00,0,0,0
2015-04-12 04:00:00,0,0,0
2015-04-12 05:00:00,0,0,0
2015-04-12 06:00:00,4,1,3
2015-04-12 07:00:00,23,20,3
2015-04-12 08:00:00,23,9,14
2015-04-12 09:00:00,81,45,36
2015-04-12 10:00:00,125,72,53
2015-04-12 11:00:00,189,121,68
2015-04-12 12:00:00,174,95,79
2015-04-12 13:00:00,199,102,97
2015-04-12 14:00:00,171,86,85
2015-04-12 15:00:00,169,79,90
2015-04-12 16:00:00,148,51,97
2015-04-12 17:00:00,86,41,45
2015-04-12 18:00:00,36,11,25
2015-04-12 19:00:00,28,11,17
2015-04-12 20:00:00,8,2,6
2015-04-12 21:00:00,6,3,3
2015-04-12 22:00:00,0,0,0
2015-04-12 23:00:00,2,1,1
2015-04-13 00:00:00,0,0,0
2015-04-13 01:00:00,0,0,0
2015-04-13 02:00:00,1,1,0
2015-04-13 03:00:00,0,0,0
2015-04-13 04:00:00,0,0,0
2015-04-13 05:00:00,9,1,8
2015-04-13 06:00:00,12,1,11
2015-04-13 07:00:00,36,9,27
2015-04-13 08:00:00,61,15,46
2015-04-13 09:00:00,62,19,43
2015-04-13 10:00:00,40,9,31
2015-04-13 11:00:00,34,14,20
2015-04-13 12:00:00,17,10,7
2015-04-13 13:00:00,18,5,13
2015-04-13 14:00:00,17,9,8
2015-04-13 15:00:00,15,9,6
2015-04-13 16:00:00,37,30,7
2015-04-13 17:00:00,41,35,6
2015-04-13 18:00:00,49,39,10
2015-04-13 19:00:00,15,11,4
2015-04-13 20:00:00,13,10,3
2015-04-13 21:00:00,2,2,0
2015-04-13 22:00:00,2,2,0
2015-04-13 23:00:00,1,0,1
2015-04-14 00:00:00,0,0,0
2015-04-14 01:00:00,0,0,0
2015-04-14 02:00:00,0,0,0
2015-04-14 03:00:00,0,0,0
2015-04-14 04:00:00,0,0,0
2015-04-14 05:00:00,5,2,3
2015-04-14 06:00:00,9,1,8
2015-04-14 07:00:00,34,8,26
2015-04-14 08:00:00,51,7,44
2015-04-14 09:00:00,46,14,32
2015-04-14 10:00:00,24,10,14
2015-04-14 11:00:00,24,11,13
2015-04-14 12:00:00,35,16,19
2015-04-14 13:00:00,31,12,19
2015-04-14 14:00:00,28,15,13
2015-04-14 15:00:00,27,17,10
2015-04-14 16:00:00,32,27,5
2015-04-14 17:00:00,60,44,16
2015-04-14 18:00:00,79,65,14
2015-04-14 19:00:00,28,17,11
2015-04-14 20:00:00,20,7,13
2015-04-14 21:00:00,11,8,3
2015-04-14 22:00:00,3,0,3
2015-04-14 23:00:00,2,2,0
2015-04-15 00:00:00,0,0,0
2015-04-15 01:00:00,0,0,0
2015-04-15 02:00:00,1,1,0
2015-04-15 03:00:00,0,0,0
2015-04-15 04:00:00,3,1,2
2015-04-15 05:00:00,9,0,9
2015-04-15 06:00:00,20,4,16
2015-04-15 07:00:00,58,11,47
2015-04-15 08:00:00,79,16,63
2015-04-15 09:00:00,63,21,42
2015-04-15 10:00:00,42,18,24
2015-04-15 11:00:00,47,24,23
2015-04-15 12:00:00,50,19,31
2015-04-15 13:00:00,50,28,22
2015-04-15 14:00:00,67,37,30
2015-04-15 15:00:00,89,50,39
2015-04-15 16:00:00,89,62,27
2015-04-15 17:00:00,151,104,47
2015-04-15 18:00:00,157,106,51
2015-04-15 19:00:00,130,62,68
2015-04-15 20:00:00,35,14,21
2015-04-15 21:00:00,12,4,8
2015-04-15 22:00:00,8,4,4
2015-04-15 23:00:00,3,3,0
2015-04-16 00:00:00,1,1,0
2015-04-16 01:00:00,0,0,0
2015-04-16 02:00:00,0,0,0
2015-04-16 03:00:00,0,0,0
2015-04-16 04:00:00,1,0,1
2015-04-16 05:00:00,7,2,5
2015-04-16 06:00:00,28,6,22
2015-04-16 07:00:00,69,16,53
2015-04-16 08:00:00,93,33,60
2015-04-16 09:00:00,95,34,61
2015-04-16 10:00:00,50,23,27
2015-04-16 11:00:00,39,24,15
2015-04-16 12:00:00,74,44,30
2015-04-16 13:00:00,106,61,45
2015-04-16 14:00:00,70,30,40
2015-04-16 15:00:00,82,39,43
2015-04-16 16:00:00,114,69,45
2015-04-16 17:00:00,186,122,64
2015-04-16 18:00:00,183,106,77
2015-04-16 19:00:00,149,74,75
2015-04-16 20:00:00,47,22,25
2015-04-16 21:00:00,13,9,4
2015-04-16 22:00:00,5,5,0
2015-04-16 23:00:00,1,1,0
2015-04-17 00:00:00,1,1,0
2015-04-17 01:00:00,0,0,0
2015-04-17 02:00:00,0,0,0
2015-04-17 03:00:00,0,0,0
2015-04-17 04:00:00,1,0,1
2015-04-17 05:00:00,12,4,8
2015-04-17 06:00:00,19,4,15
2015-04-17 07:00:00,58,17,41
2015-04-17 08:00:00,72,17,55
2015-04-17 09:00:00,66,25,41
2015-04-17 10:00:00,50,25,25
2015-04-17 11:00:00,48,23,25
2015-04-17 12:00:00,70,28,42
2015-04-17 13:00:00,90,58,32
2015-04-17 14:00:00,93,41,52
2015-04-17 15:00:00,99,42,57
2015-04-17 16:00:00,152,95,57
2015-04-17 17:00:00,148,95,53
2015-04-17 18:00:00,154,92,62
2015-04-17 19:00:00,75,45,30
2015-04-17 20:00:00,30,11,19
2015-04-17 21:00:00,9,1,8
2015-04-17 22:00:00,5,4,1
2015-04-17 23:00:00,1,1,0
2015-04-18 00:00:00,3,2,1
2015-04-18 01:00:00,1,1,0
2015-04-18 02:00:00,1,1,0
2015-04-18 03:00:00,0,0,0
2015-04-18 04:00:00,0,0,0
2015-04-18 05:00:00,1,0,1
2015-04-18 06:00:00,4,2,2
2015-04-18 07:00:00,25,17,8
2015-04-18 08:00:00,75,50,25
2015-04-18 09:00:00,96,56,40
2015-04-18 10:00:00,198,109,89
2015-04-18 11:00:00,273,171,102
2015-04-18 12:00:00,239,141,98
2015-04-18 13:00:00,303,175,128
2015-04-18 14:00:00,307,149,158
2015-04-18 15:00:00,252,120,132
2015-04-18 16:00:00,225,112,113
2015-04-18 17:00:00,194,78,116
2015-04-18 18:00:00,122,48,74
2015-04-18 19:00:00,69,25,44
2015-04-18 20:00:00,36,11,25
2015-04-18 21:00:00,15,3,12
2015-04-18 22:00:00,1,0,1
2015-04-18 23:00:00,1,0,1
2015-04-19 00:00:00,0,0,0
2015-04-19 01:00:00,0,0,0
2015-04-19 02:00:00,1,1,0
2015-04-19 03:00:00,0,0,0
2015-04-19 04:00:00,0,0,0
2015-04-19 05:00:00,3,1,2
2015-04-19 06:00:00,3,1,2
2015-04-19 07:00:00,24,19,5
2015-04-19 08:00:00,66,39,27
2015-04-19 09:00:00,103,62,41
2015-04-19 10:00:00,165,94,71
2015-04-19 11:00:00,267,166,101
2015-04-19 12:00:00,291,175,116
2015-04-19 13:00:00,368,208,160
2015-04-19 14:00:00,383,185,198
2015-04-19 15:00:00,313,153,160
2015-04-19 16:00:00,302,137,165
2015-04-19 17:00:00,245,100,145
2015-04-19 18:00:00,156,61,95
2015-04-19 19:00:00,57,22,35
2015-04-19 20:00:00,23,9,14
2015-04-19 21:00:00,6,1,5
2015-04-19 22:00:00,2,2,0
2015-04-19 23:00:00,3,0,3
2015-04-20 00:00:00,3,1,2
2015-04-20 01:00:00,0,0,0
2015-04-20 02:00:00,1,1,0
2015-04-20 03:00:00,0,0,0
2015-04-20 04:00:00,1,0,1
2015-04-20 05:00:00,9,1,8
2015-04-20 06:00:00,21,4,17
2015-04-20 07:00:00,67,11,56
2015-04-20 08:00:00,100,25,75
2015-04-20 09:00:00,82,32,50
2015-04-20 10:00:00,67,34,33
2015-04-20 11:00:00,69,34,35
2015-04-20 12:00:00,89,45,44
2015-04-20 13:00:00,102,57,45
2015-04-20 14:00:00,76,38,38
2015-04-20 15:00:00,117,64,53
2015-04-20 16:00:00,136,90,46
2015-04-20 17:00:00,206,138,68
2015-04-20 18:00:00,225,147,78
2015-04-20 19:00:00,128,62,66
2015-04-20 20:00:00,55,28,27
2015-04-20 21:00:00,6,1,5
2015-04-20 22:00:00,5,4,1
2015-04-20 23:00:00,0,0,0
2015-04-21 00:00:00,1,1,0
2015-04-21 01:00:00,1,1,0
2015-04-21 02:00:00,0,0,0
2015-04-21 03:00:00,0,0,0
2015-04-21 04:00:00,2,1,1
2015-04-21 05:00:00,12,2,10
2015-04-21 06:00:00,22,3,19
2015-04-21 07:00:00,80,14,66
2015-04-21 08:00:00,100,26,74
2015-04-21 09:00:00,89,32,57
2015-04-21 10:00:00,51,31,20
2015-04-21 11:00:00,40,21,19
2015-04-21 12:00:00,51,23,28
2015-04-21 13:00:00,49,24,25
2015-04-21 14:00:00,46,29,17
2015-04-21 15:00:00,44,27,17
2015-04-21 16:00:00,83,61,22
2015-04-21 17:00:00,135,86,49
2015-04-21 18:00:00,107,77,30
2015-04-21 19:00:00,39,24,15
2015-04-21 20:00:00,12,7,5
2015-04-21 21:00:00,5,2,3
2015-04-21 22:00:00,2,2,0
2015-04-21 23:00:00,0,0,0
2015-04-22 00:00:00,0,0,0
2015-04-22 01:00:00,0,0,0
2015-04-22 02:00:00,1,1,0
2015-04-22 03:00:00,0,0,0
2015-04-22 04:00:00,2,0,2
2015-04-22 05:00:00,3,0,3
2015-04-22 06:00:00,15,4,11
2015-04-22 07:00:00,50,15,35
2015-04-22 08:00:00,80,16,64
2015-04-22 09:00:00,62,29,33
2015-04-22 10:00:00,37,17,20
2015-04-22 11:00:00,40,21,19
2015-04-22 12:00:00,59,35,24
2015-04-22 13:00:00,46,20,26
2015-04-22 14:00:00,65,31,34
2015-04-22 15:00:00,49,28,21
2015-04-22 16:00:00,79,55,24
2015-04-22 17:00:00,140,99,41
2015-04-22 18:00:00,159,100,59
2015-04-22 19:00:00,78,32,46
2015-04-22 20:00:00,45,23,22
2015-04-22 21:00:00,12,6,6
2015-04-22 22:00:00,2,1,1
2015-04-22 23:00:00,2,2,0
2015-04-23 00:00:00,1,1,0
2015-04-23 01:00:00,0,0,0
2015-04-23 02:00:00,1,1,0
2015-04-23 03:00:00,1,1,0
2015-04-23 04:00:00,1,0,1
2015-04-23 05:00:00,7,1,6
2015-04-23 06:00:00,13,2,11
2015-04-23 07:00:00,58,19,39
2015-04-23 08:00:00,67,11,56
2015-04-23 09:00:00,71,35,36
2015-04-23 10:00:00,37,17,20
2015-04-23 11:00:00,30,16,14
2015-04-23 12:00:00,20,9,11
2015-04-23 13:00:00,25,8,17
2015-04-23 14:00:00,20,14,6
2015-04-23 15:00:00,15,8,7
2015-04-23 16:00:00,32,22,10
2015-04-23 17:00:00,75,55,20
2015-04-23 18:00:00,68,51,17
2015-04-23 19:00:00,40,31,9
2015-04-23 20:00:00,16,9,7
2015-04-23 21:00:00,12,5,7
2015-04-23 22:00:00,5,2,3
2015-04-23 23:00:00,0,0,0
2015-04-24 00:00:00,2,2,0
2015-04-24 01:00:00,0,0,0
2015-04-24 02:00:00,1,1,0
2015-04-24 03:00:00,0,0,0
2015-04-24 04:00:00,1,1,0
2015-04-24 05:00:00,7,1,6
2015-04-24 06:00:00,13,2,11
2015-04-24 07:00:00,30,7,23
2015-04-24 08:00:00,60,10,50
2015-04-24 09:00:00,58,24,34
2015-04-24 10:00:00,25,13,12
2015-04-24 11:00:00,32,17,15
2015-04-24 12:00:00,35,16,19
2015-04-24 13:00:00,85,45,40
2015-04-24 14:00:00,95,68,27
2015-04-24 15:00:00,23,10,13
2015-04-24 16:00:00,62,46,16
2015-04-24 17:00:00,63,40,23
2015-04-24 18:00:00,71,56,15
2015-04-24 19:00:00,37,20,17
2015-04-24 20:00:00,16,10,6
2015-04-24 21:00:00,3,2,1
2015-04-24 22:00:00,2,2,0
2015-04-24 23:00:00,0,0,0
2015-04-25 00:00:00,0,0,0
2015-04-25 01:00:00,0,0,0
2015-04-25 02:00:00,0,0,0
2015-04-25 03:00:00,1,1,0
2015-04-25 04:00:00,0,0,0
2015-04-25 05:00:00,1,0,1
2015-04-25 06:00:00,10,7,3
2015-04-25 07:00:00,21,12,9
2015-04-25 08:00:00,63,42,21
2015-04-25 09:00:00,91,50,41
2015-04-25 10:00:00,146,85,61
2015-04-25 11:00:00,195,119,76
2015-04-25 12:00:00,145,70,75
2015-04-25 13:00:00,177,100,77
2015-04-25 14:00:00,135,66,69
2015-04-25 15:00:00,151,81,70
2015-04-25 16:00:00,142,56,86
2015-04-25 17:00:00,120,54,66
2015-04-25 18:00:00,90,32,58
2015-04-25 19:00:00,35,15,20
2015-04-25 20:00:00,28,14,14
2015-04-25 21:00:00,10,6,4
2015-04-25 22:00:00,7,4,3
2015-04-25 23:00:00,3,2,1
2015-04-26 00:00:00,1,0,1
2015-04-26 01:00:00,1,0,1
2015-04-26 02:00:00,0,0,0
2015-04-26 03:00:00,0,0,0
2015-04-26 04:00:00,1,1,0
2015-04-26 05:00:00,0,0,0
2015-04-26 06:00:00,5,3,2
2015-04-26 07:00:00,19,18,1
2015-04-26 08:00:00,45,27,18
2015-04-26 09:00:00,77,44,33
2015-04-26 10:00:00,114,75,39
2015-04-26 11:00:00,173,82,91
2015-04-26 12:00:00,170,93,77
2015-04-26 13:00:00,170,89,81
2015-04-26 14:00:00,189,103,86
2015-04-26 15:00:00,204,105,99
2015-04-26 16:00:00,176,79,97
2015-04-26 17:00:00,140,47,93
2015-04-26 18:00:00,90,36,54
2015-04-26 19:00:00,38,10,28
2015-04-26 20:00:00,6,1,5
2015-04-26 21:00:00,4,3,1
2015-04-26 22:00:00,3,2,1
2015-04-26 23:00:00,1,0,1
2015-04-27 00:00:00,0,0,0
2015-04-27 01:00:00,0,0,0
2015-04-27 02:00:00,0,0,0
2015-04-27 03:00:00,0,0,0
2015-04-27 04:00:00,1,0,1
2015-04-27 05:00:00,9,2,7
2015-04-27 06:00:00,22,2,20
2015-04-27 07:00:00,63,12,51
2015-04-27 08:00:00,79,17,62
2015-04-27 09:00:00,73,20,53
2015-04-27 10:00:00,56,24,32
2015-04-27 11:00:00,69,39,30
2015-04-27 12:00:00,81,41,40
2015-04-27 13:00:00,91,49,42
2015-04-27 14:00:00,106,61,45
2015-04-27 15:00:00,156,89,67
2015-04-27 16:00:00,182,98,84
2015-04-27 17:00:00,222,143,79
2015-04-27 18:00:00,265,172,93
2015-04-27 19:00:00,171,86,85
2015-04-27 20:00:00,93,35,58
2015-04-27 21:00:00,28,13,15
2015-04-27 22:00:00,13,6,7
2015-04-27 23:00:00,3,3,0
2015-04-28 00:00:00,1,1,0
2015-04-28 01:00:00,1,1,0
2015-04-28 02:00:00,1,0,1
2015-04-28 03:00:00,0,0,0
2015-04-28 04:00:00,3,0,3
2015-04-28 05:00:00,11,4,7
2015-04-28 06:00:00,23,6,17
2015-04-28 07:00:00,49,17,32
2015-04-28 08:00:00,80,20,60
2015-04-28 09:00:00,60,24,36
2015-04-28 10:00:00,28,11,17
2015-04-28 11:00:00,15,5,10
2015-04-28 12:00:00,30,15,15
2015-04-28 13:00:00,19,6,13
2015-04-28 14:00:00,11,6,5
2015-04-28 15:00:00,16,10,6
2015-04-28 16:00:00,39,31,8
2015-04-28 17:00:00,66,49,17
2015-04-28 18:00:00,94,69,25
2015-04-28 19:00:00,26,14,12
2015-04-28 20:00:00,16,12,4
2015-04-28 21:00:00,3,2,1
2015-04-28 22:00:00,4,4,0
2015-04-28 23:00:00,1,1,0
2015-04-29 00:00:00,2,2,0
2015-04-29 01:00:00,1,1,0
2015-04-29 02:00:00,0,0,0
2015-04-29 03:00:00,1,1,0
2015-04-29 04:00:00,3,0,3
2015-04-29 05:00:00,5,1,4
2015-04-29 06:00:00,15,7,8
2015-04-29 07:00:00,68,18,50
2015-04-29 08:00:00,76,17,59
2015-04-29 09:00:00,66,23,43
2015-04-29 10:00:00,53,25,28
2015-04-29 11:00:00,28,13,15
2015-04-29 12:00:00,43,27,16
2015-04-29 13:00:00,39,17,22
2015-04-29 14:00:00,56,35,21
2015-04-29 15:00:00,56,30,26
2015-04-29 16:00:00,68,40,28
2015-04-29 17:00:00,104,74,30
2015-04-29 18:00:00,164,113,51
2015-04-29 19:00:00,117,52,65
2015-04-29 20:00:00,34,20,14
2015-04-29 21:00:00,22,12,10
2015-04-29 22:00:00,7,0,7
2015-04-29 23:00:00,4,2,2
2015-04-30 00:00:00,2,1,1
2015-04-30 01:00:00,0,0,0
2015-04-30 02:00:00,0,0,0
2015-04-30 03:00:00,0,0,0
2015-04-30 04:00:00,1,1,0
2015-04-30 05:00:00,10,2,8
2015-04-30 06:00:00,23,5,18
2015-04-30 07:00:00,73,17,56
2015-04-30 08:00:00,91,21,70
2015-04-30 09:00:00,84,33,51
2015-04-30 10:00:00,37,18,19
2015-04-30 11:00:00,44,16,28
2015-04-30 12:00:00,48,20,28
2015-04-30 13:00:00,50,29,21
2015-04-30 14:00:00,65,38,27
2015-04-30 15:00:00,85,45,40
2015-04-30 16:00:00,119,77,42
2015-04-30 17:00:00,191,111,80
2015-04-30 18:00:00,196,125,71
2015-04-30 19:00:00,131,70,61
2015-04-30 20:00:00,60,33,27
2015-04-30 21:00:00,13,7,6
2015-04-30 22:00:00,10,6,4
2015-04-30 23:00:00,1,1,0
2015-05-01 00:00:00,1,1,0
2015-05-01 01:00:00,0,0,0
2015-05-01 02:00:00,0,0,0
2015-05-01 03:00:00,0,0,0
2015-05-01 04:00:00,1,0,1
2015-05-01 05:00:00,12,4,8
2015-05-01 06:00:00,28,8,20
2015-05-01 07:00:00,103,18,85
2015-05-01 08:00:00,146,39,107
2015-05-01 09:00:00,69,21,48
2015-05-01 10:00:00,97,48,49
2015-05-01 11:00:00,54,29,25
2015-05-01 12:00:00,74,34,40
2015-05-01 13:00:00,91,49,42
2015-05-01 14:00:00,108,68,40
2015-05-01 15:00:00,155,99,56
2015-05-01 16:00:00,189,133,56
2015-05-01 17:00:00,169,112,57
2015-05-01 18:00:00,87,47,40
2015-05-01 19:00:00,48,27,21
2015-05-01 20:00:00,14,6,8
2015-05-01 21:00:00,11,7,4
2015-05-01 22:00:00,0,0,0
2015-05-01 23:00:00,4,4,0
2015-05-02 00:00:00,2,2,0
2015-05-02 01:00:00,0,0,0
2015-05-02 02:00:00,1,1,0
2015-05-02 03:00:00,1,1,0
2015-05-02 04:00:00,2,1,1
2015-05-02 05:00:00,6,4,2
2015-05-02 06:00:00,29,17,12
2015-05-02 07:00:00,60,38,22
2015-05-02 08:00:00,168,97,71
2015-05-02 09:00:00,240,114,126
2015-05-02 10:00:00,259,140,119
2015-05-02 11:00:00,281,142,139
2015-05-02 12:00:00,287,177,110
2015-05-02 13:00:00,240,129,111
2015-05-02 14:00:00,279,154,125
2015-05-02 15:00:00,254,101,153
2015-05-02 16:00:00,171,64,107
2015-05-02 17:00:00,104,46,58
2015-05-02 18:00:00,70,33,37
2015-05-02 19:00:00,27,8,19
2015-05-02 20:00:00,5,2,3
2015-05-02 21:00:00,1,1,0
2015-05-02 22:00:00,5,0,5
2015-05-02 23:00:00,0,0,0
2015-05-03 00:00:00,0,0,0
2015-05-03 01:00:00,0,0,0
2015-05-03 02:00:00,0,0,0
2015-05-03 03:00:00,1,1,0
2015-05-03 04:00:00,1,0,1
2015-05-03 05:00:00,8,4,4
2015-05-03 06:00:00,24,19,5
2015-05-03 07:00:00,41,28,13
2015-05-03 08:00:00,130,94,36
2015-05-03 09:00:00,190,113,77
2015-05-03 10:00:00,249,137,112
2015-05-03 11:00:00,273,154,119
2015-05-03 12:00:00,322,151,171
2015-05-03 13:00:00,361,187,174
2015-05-03 14:00:00,333,161,172
2015-05-03 15:00:00,281,102,179
2015-05-03 16:00:00,238,121,117
2015-05-03 17:00:00,166,70,96
2015-05-03 18:00:00,80,32,48
2015-05-03 19:00:00,48,19,29
2015-05-03 20:00:00,13,1,12
2015-05-03 21:00:00,3,3,0
2015-05-03 22:00:00,5,2,3
2015-05-03 23:00:00,4,3,1
2015-05-04 00:00:00,2,1,1
2015-05-04 01:00:00,0,0,0
2015-05-04 02:00:00,0,0,0
2015-05-04 03:00:00,4,0,4
2015-05-04 04:00:00,9,0,9
2015-05-04 05:00:00,51,11,40
2015-05-04 06:00:00,94,20,74
2015-05-04 07:00:00,126,27,99
2015-05-04 08:00:00,91,35,56
2015-05-04 09:00:00,71,32,39
2015-05-04 10:00:00,45,23,22
2015-05-04 11:00:00,47,23,24
2015-05-04 12:00:00,67,32,35
2015-05-04 13:00:00,77,39,38
2015-05-04 14:00:00,70,45,25
2015-05-04 15:00:00,114,84,30
2015-05-04 16:00:00,222,174,48
2015-05-04 17:00:00,230,145,85
2015-05-04 18:00:00,142,72,70
2015-05-04 19:00:00,58,29,29
2015-05-04 20:00:00,16,8,8
2015-05-04 21:00:00,6,3,3
2015-05-04 22:00:00,2,1,1
2015-05-04 23:00:00,0,0,0
2015-05-05 00:00:00,1,1,0
2015-05-05 01:00:00,0,0,0
2015-05-05 02:00:00,1,0,1
2015-05-05 03:00:00,2,0,2
2015-05-05 04:00:00,18,6,12
2015-05-05 05:00:00,21,3,18
2015-05-05 06:00:00,44,7,37
2015-05-05 07:00:00,68,16,52
2015-05-05 08:00:00,72,32,40
2015-05-05 09:00:00,42,21,21
2015-05-05 10:00:00,15,8,7
2015-05-05 11:00:00,20,8,12
2015-05-05 12:00:00,16,9,7
2015-05-05 13:00:00,18,10,8
2015-05-05 14:00:00,19,8,11
2015-05-05 15:00:00,42,33,9
2015-05-05 16:00:00,67,43,24
2015-05-05 17:00:00,76,59,17
2015-05-05 18:00:00,31,26,5
2015-05-05 19:00:00,11,8,3
2015-05-05 20:00:00,4,1,3
2015-05-05 21:00:00,3,1,2
2015-05-05 22:00:00,0,0,0
2015-05-05 23:00:00,0,0,0
2015-05-06 00:00:00,0,0,0
2015-05-06 01:00:00,0,0,0
2015-05-06 02:00:00,1,1,0
2015-05-06 03:00:00,4,1,3
2015-05-06 04:00:00,13,2,11
2015-05-06 05:00:00,35,9,26
2015-05-06 06:00:00,93,26,67
2015-05-06 07:00:00,119,29,90
2015-05-06 08:00:00,68,21,47
2015-05-06 09:00:00,48,20,28
2015-05-06 10:00:00,34,10,24
2015-05-06 11:00:00,41,21,20
2015-05-06 12:00:00,43,24,19
2015-05-06 13:00:00,43,25,18
2015-05-06 14:00:00,46,25,21
2015-05-06 15:00:00,98,72,26
2015-05-06 16:00:00,148,107,41
2015-05-06 17:00:00,159,110,49
2015-05-06 18:00:00,96,52,44
2015-05-06 19:00:00,50,27,23
2015-05-06 20:00:00,29,11,18
2015-05-06 21:00:00,9,4,5
2015-05-06 22:00:00,2,1,1
2015-05-06 23:00:00,0,0,0
2015-05-07 00:00:00,1,0,1
2015-05-07 01:00:00,0,0,0
2015-05-07 02:00:00,0,0,0
2015-05-07 03:00:00,3,0,3
2015-05-07 04:00:00,15,2,13
2015-05-07 05:00:00,47,11,36
2015-05-07 06:00:00,102,23,79
2015-05-07 07:00:00,134,30,104
2015-05-07 08:00:00,110,42,68
2015-05-07 09:00:00,71,33,38
2015-05-07 10:00:00,75,33,42
2015-05-07 11:00:00,62,36,26
2015-05-07 12:00:00,85,53,32
2015-05-07 13:00:00,95,49,46
2015-05-07 14:00:00,101,59,42
2015-05-07 15:00:00,158,82,76
2015-05-07 16:00:00,222,147,75
2015-05-07 17:00:00,249,166,83
2015-05-07 18:00:00,156,78,78
2015-05-07 19:00:00,71,38,33
2015-05-07 20:00:00,29,17,12
2015-05-07 21:00:00,10,6,4
2015-05-07 22:00:00,3,2,1
2015-05-07 23:00:00,1,1,0
2015-05-08 00:00:00,1,1,0
2015-05-08 01:00:00,0,0,0
2015-05-08 02:00:00,0,0,0
2015-05-08 03:00:00,5,3,2
2015-05-08 04:00:00,7,1,6
2015-05-08 05:00:00,46,10,36
2015-05-08 06:00:00,113,36,77
2015-05-08 07:00:00,141,43,98
2015-05-08 08:00:00,96,36,60
2015-05-08 09:00:00,71,38,33
2015-05-08 10:00:00,62,33,29
2015-05-08 11:00:00,84,40,44
2015-05-08 12:00:00,107,53,54
2015-05-08 13:00:00,113,58,55
2015-05-08 14:00:00,110,58,52
2015-05-08 15:00:00,175,104,71
2015-05-08 16:00:00,255,167,88
2015-05-08 17:00:00,199,135,64
2015-05-08 18:00:00,98,55,43
2015-05-08 19:00:00,60,29,31
2015-05-08 20:00:00,27,14,13
2015-05-08 21:00:00,12,8,4
2015-05-08 22:00:00,5,3,2
2015-05-08 23:00:00,3,2,1
2015-05-09 00:00:00,1,1,0
2015-05-09 01:00:00,2,2,0
2015-05-09 02:00:00,0,0,0
2015-05-09 03:00:00,1,0,1
2015-05-09 04:00:00,5,3,2
2015-05-09 05:00:00,13,9,4
2015-05-09 06:00:00,52,27,25
2015-05-09 07:00:00,91,61,30
2015-05-09 08:00:00,183,119,64
2015-05-09 09:00:00,292,173,119
2015-05-09 10:00:00,336,182,154
2015-05-09 11:00:00,329,181,148
2015-05-09 12:00:00,358,172,186
2015-05-09 13:00:00,358,193,165
2015-05-09 14:00:00,323,161,162
2015-05-09 15:00:00,329,124,205
2015-05-09 16:00:00,248,100,148
2015-05-09 17:00:00,169,75,94
2015-05-09 18:00:00,101,39,62
2015-05-09 19:00:00,71,30,41
2015-05-09 20:00:00,14,5,9
2015-05-09 21:00:00,14,9,5
2015-05-09 22:00:00,4,2,2
2015-05-09 23:00:00,0,0,0
2015-05-10 00:00:00,1,0,1
2015-05-10 01:00:00,1,1,0
2015-05-10 02:00:00,0,0,0
2015-05-10 03:00:00,0,0,0
2015-05-10 04:00:00,1,0,1
2015-05-10 05:00:00,11,6,5
2015-05-10 06:00:00,28,17,11
2015-05-10 07:00:00,58,36,22
2015-05-10 08:00:00,100,47,53
2015-05-10 09:00:00,164,112,52
2015-05-10 10:00:00,213,125,88
2015-05-10 11:00:00,255,151,104
2015-05-10 12:00:00,239,132,107
2015-05-10 13:00:00,275,139,136
2015-05-10 14:00:00,257,116,141
2015-05-10 15:00:00,221,84,137
2015-05-10 16:00:00,223,99,124
2015-05-10 17:00:00,75,36,39
2015-05-10 18:00:00,69,23,46
2015-05-10 19:00:00,28,11,17
2015-05-10 20:00:00,17,1,16
2015-05-10 21:00:00,5,2,3
2015-05-10 22:00:00,1,1,0
2015-05-10 23:00:00,1,1,0
2015-05-11 00:00:00,0,0,0
2015-05-11 01:00:00,0,0,0
2015-05-11 02:00:00,0,0,0
2015-05-11 03:00:00,3,0,3
2015-05-11 04:00:00,9,2,7
2015-05-11 05:00:00,33,6,27
2015-05-11 06:00:00,87,15,72
2015-05-11 07:00:00,93,19,74
2015-05-11 08:00:00,68,25,43
2015-05-11 09:00:00,50,19,31
2015-05-11 10:00:00,33,10,23
2015-05-11 11:00:00,41,21,20
2015-05-11 12:00:00,41,18,23
2015-05-11 13:00:00,50,27,23
2015-05-11 14:00:00,51,32,19
2015-05-11 15:00:00,88,59,29
2015-05-11 16:00:00,131,94,37
2015-05-11 17:00:00,145,103,42
2015-05-11 18:00:00,78,54,24
2015-05-11 19:00:00,25,19,6
2015-05-11 20:00:00,7,0,7
2015-05-11 21:00:00,8,3,5
2015-05-11 22:00:00,2,2,0
2015-05-11 23:00:00,3,3,0
2015-05-12 00:00:00,0,0,0
2015-05-12 01:00:00,0,0,0
2015-05-12 02:00:00,0,0,0
2015-05-12 03:00:00,2,0,2
2015-05-12 04:00:00,19,5,14
2015-05-12 05:00:00,45,10,35
2015-05-12 06:00:00,81,14,67
2015-05-12 07:00:00,88,24,64
2015-05-12 08:00:00,81,35,46
2015-05-12 09:00:00,47,17,30
2015-05-12 10:00:00,41,20,21
2015-05-12 11:00:00,36,16,20
2015-05-12 12:00:00,33,19,14
2015-05-12 13:00:00,29,14,15
2015-05-12 14:00:00,26,12,14
2015-05-12 15:00:00,75,55,20
2015-05-12 16:00:00,135,101,34
2015-05-12 17:00:00,167,121,46
2015-05-12 18:00:00,71,45,26
2015-05-12 19:00:00,42,21,21
2015-05-12 20:00:00,12,5,7
2015-05-12 21:00:00,4,1,3
2015-05-12 22:00:00,3,3,0
2015-05-12 23:00:00,2,2,0
2015-05-13 00:00:00,0,0,0
2015-05-13 01:00:00,0,0,0
2015-05-13 02:00:00,1,1,0
2015-05-13 03:00:00,2,1,1
2015-05-13 04:00:00,11,5,6
2015-05-13 05:00:00,22,6,16
2015-05-13 06:00:00,56,10,46
2015-05-13 07:00:00,82,1,81
2015-05-13 08:00:00,41,2,39
2015-05-13 09:00:00,28,6,22
2015-05-13 10:00:00,14,6,8
2015-05-13 11:00:00,18,10,8
2015-05-13 12:00:00,15,7,8
2015-05-13 13:00:00,19,3,16
2015-05-13 14:00:00,13,5,8
2015-05-13 15:00:00,38,7,31
2015-05-13 16:00:00,61,13,48
2015-05-13 17:00:00,81,40,41
2015-05-13 18:00:00,41,19,22
2015-05-13 19:00:00,11,3,8
2015-05-13 20:00:00,8,1,7
2015-05-13 21:00:00,1,0,1
2015-05-13 22:00:00,2,0,2
2015-05-13 23:00:00,1,1,0
2015-05-14 00:00:00,0,0,0
2015-05-14 01:00:00,0,0,0
2015-05-14 02:00:00,0,0,0
2015-05-14 03:00:00,0,0,0
2015-05-14 04:00:00,10,5,5
2015-05-14 05:00:00,31,14,17
2015-05-14 06:00:00,70,29,41
2015-05-14 07:00:00,76,29,47
2015-05-14 08:00:00,70,29,41
2015-05-14 09:00:00,36,17,19
2015-05-14 10:00:00,36,10,26
2015-05-14 11:00:00,32,6,26
2015-05-14 12:00:00,45,8,37
2015-05-14 13:00:00,48,12,36
2015-05-14 14:00:00,60,14,46
2015-05-14 15:00:00,102,35,67
2015-05-14 16:00:00,153,37,116
2015-05-14 17:00:00,190,41,149
2015-05-14 18:00:00,123,17,106
2015-05-14 19:00:00,59,15,44
2015-05-14 20:00:00,24,11,13
2015-05-14 21:00:00,11,0,11
2015-05-14 22:00:00,2,0,2
2015-05-14 23:00:00,2,1,1
2015-05-15 00:00:00,1,1,0
2015-05-15 01:00:00,1,1,0
2015-05-15 02:00:00,1,1,0
2015-05-15 03:00:00,3,0,3
2015-05-15 04:00:00,13,0,13
2015-05-15 05:00:00,70,13,57
2015-05-15 06:00:00,161,46,115
2015-05-15 07:00:00,179,26,153
2015-05-15 08:00:00,89,13,76
2015-05-15 09:00:00,80,7,73
2015-05-15 10:00:00,67,0,67
2015-05-15 11:00:00,73,0,73
2015-05-15 12:00:00,75,18,57
2015-05-15 13:00:00,92,3,89
2015-05-15 14:00:00,99,3,96
2015-05-15 15:00:00,177,17,160
2015-05-15 16:00:00,228,3,225
2015-05-15 17:00:00,200,0,200
2015-05-15 18:00:00,119,0,119
2015-05-15 19:00:00,66,0,66
2015-05-15 20:00:00,14,0,14
2015-05-15 21:00:00,4,0,4
2015-05-15 22:00:00,5,0,5
2015-05-15 23:00:00,1,0,1
2015-05-16 00:00:00,3,3,0
2015-05-16 01:00:00,0,0,0
2015-05-16 02:00:00,0,0,0
2015-05-16 03:00:00,2,0,2
2015-05-16 04:00:00,2,0,2
2015-05-16 05:00:00,23,0,23
2015-05-16 06:00:00,52,0,52
2015-05-16 07:00:00,123,0,123
2015-05-16 08:00:00,136,0,136
2015-05-16 09:00:00,354,0,354
2015-05-16 10:00:00,718,0,718
2015-05-16 11:00:00,527,1,526
2015-05-16 12:00:00,523,25,498
2015-05-16 13:00:00,268,0,268
2015-05-16 14:00:00,163,0,163
2015-05-16 15:00:00,170,0,170
2015-05-16 16:00:00,112,0,112
2015-05-16 17:00:00,81,0,81
2015-05-16 18:00:00,37,0,37
2015-05-16 19:00:00,34,0,34
2015-05-16 20:00:00,18,0,18
2015-05-16 21:00:00,9,0,9
2015-05-16 22:00:00,5,0,5
2015-05-16 23:00:00,0,0,0
2015-05-17 00:00:00,1,0,1
2015-05-17 01:00:00,1,0,1
2015-05-17 02:00:00,1,1,0
2015-05-17 03:00:00,0,0,0
2015-05-17 04:00:00,0,0,0
2015-05-17 05:00:00,1,0,1
2015-05-17 06:00:00,35,1,34
2015-05-17 07:00:00,75,1,74
2015-05-17 08:00:00,109,0,109
2015-05-17 09:00:00,129,0,129
2015-05-17 10:00:00,183,0,183
2015-05-17 11:00:00,180,0,180
2015-05-17 12:00:00,183,0,183
2015-05-17 13:00:00,248,0,248
2015-05-17 14:00:00,207,0,207
2015-05-17 15:00:00,226,0,226
2015-05-17 16:00:00,212,1,211
2015-05-17 17:00:00,139,0,139
2015-05-17 18:00:00,81,0,81
2015-05-17 19:00:00,48,0,48
2015-05-17 20:00:00,17,0,17
2015-05-17 21:00:00,4,0,4
2015-05-17 22:00:00,0,0,0
2015-05-17 23:00:00,2,0,2
2015-05-18 00:00:00,2,0,2
2015-05-18 01:00:00,0,0,0
2015-05-18 02:00:00,2,0,2
2015-05-18 03:00:00,2,0,2
2015-05-18 04:00:00,16,1,15
2015-05-18 05:00:00,38,2,36
2015-05-18 06:00:00,106,11,95
2015-05-18 07:00:00,117,1,116
2015-05-18 08:00:00,93,1,92
2015-05-18 09:00:00,75,2,73
2015-05-18 10:00:00,76,4,72
2015-05-18 11:00:00,86,4,82
2015-05-18 12:00:00,98,1,97
2015-05-18 13:00:00,107,0,107
2015-05-18 14:00:00,108,0,108
2015-05-18 15:00:00,152,1,151
2015-05-18 16:00:00,266,0,266
2015-05-18 17:00:00,249,2,247
2015-05-18 18:00:00,181,2,179
2015-05-18 19:00:00,131,1,130
2015-05-18 20:00:00,23,0,23
2015-05-18 21:00:00,10,0,10
2015-05-18 22:00:00,1,0,1
2015-05-18 23:00:00,1,0,1
2015-05-19 00:00:00,0,0,0
2015-05-19 01:00:00,0,0,0
2015-05-19 02:00:00,2,0,2
2015-05-19 03:00:00,1,0,1
2015-05-19 04:00:00,18,2,16
2015-05-19 05:00:00,44,3,41
2015-05-19 06:00:00,117,5,112
2015-05-19 07:00:00,151,0,151
2015-05-19 08:00:00,82,0,82
2015-05-19 09:00:00,62,0,62
2015-05-19 10:00:00,60,0,60
2015-05-19 11:00:00,63,0,63
2015-05-19 12:00:00,67,0,67
2015-05-19 13:00:00,86,4,82
2015-05-19 14:00:00,87,0,87
2015-05-19 15:00:00,144,36,108
2015-05-19 16:00:00,232,30,202
2015-05-19 17:00:00,221,0,221
2015-05-19 18:00:00,127,13,114
2015-05-19 19:00:00,102,4,98
2015-05-19 20:00:00,34,0,34
2015-05-19 21:00:00,13,1,12
2015-05-19 22:00:00,2,0,2
2015-05-19 23:00:00,0,0,0
2015-05-20 00:00:00,1,1,0
2015-05-20 01:00:00,0,0,0
2015-05-20 02:00:00,2,2,0
2015-05-20 03:00:00,3,0,3
2015-05-20 04:00:00,13,0,13
2015-05-20 05:00:00,33,3,30
2015-05-20 06:00:00,108,3,105
2015-05-20 07:00:00,126,1,125
2015-05-20 08:00:00,88,0,88
2015-05-20 09:00:00,58,0,58
2015-05-20 10:00:00,43,0,43
2015-05-20 11:00:00,55,0,55
2015-05-20 12:00:00,76,0,76
2015-05-20 13:00:00,107,0,107
2015-05-20 14:00:00,92,24,68
2015-05-20 15:00:00,105,63,42
2015-05-20 16:00:00,201,111,90
2015-05-20 17:00:00,272,133,139
2015-05-20 18:00:00,158,44,114
2015-05-20 19:00:00,85,43,42
2015-05-20 20:00:00,31,12,19
2015-05-20 21:00:00,14,4,10
2015-05-20 22:00:00,3,2,1
2015-05-20 23:00:00,0,0,0
2015-05-21 00:00:00,0,0,0
2015-05-21 01:00:00,0,0,0
2015-05-21 02:00:00,0,0,0
2015-05-21 03:00:00,2,0,2
2015-05-21 04:00:00,12,0,12
2015-05-21 05:00:00,37,1,36
2015-05-21 06:00:00,115,2,113
2015-05-21 07:00:00,115,0,115
2015-05-21 08:00:00,126,5,121
2015-05-21 09:00:00,76,17,59
2015-05-21 10:00:00,65,13,52
2015-05-21 11:00:00,88,26,62
2015-05-21 12:00:00,85,49,36
2015-05-21 13:00:00,110,56,54
2015-05-21 14:00:00,93,48,45
2015-05-21 15:00:00,142,98,44
2015-05-21 16:00:00,224,156,68
2015-05-21 17:00:00,238,151,87
2015-05-21 18:00:00,193,95,98
2015-05-21 19:00:00,91,42,49
2015-05-21 20:00:00,40,26,14
2015-05-21 21:00:00,14,9,5
2015-05-21 22:00:00,3,2,1
2015-05-21 23:00:00,3,3,0
2015-05-22 00:00:00,2,2,0
2015-05-22 01:00:00,0,0,0
2015-05-22 02:00:00,0,0,0
2015-05-22 03:00:00,0,0,0
2015-05-22 04:00:00,13,2,11
2015-05-22 05:00:00,40,4,36
2015-05-22 06:00:00,89,4,85
2015-05-22 07:00:00,104,2,102
2015-05-22 08:00:00,78,16,62
2015-05-22 09:00:00,62,15,47
2015-05-22 10:00:00,58,5,53
2015-05-22 11:00:00,67,24,43
2015-05-22 12:00:00,75,24,51
2015-05-22 13:00:00,65,17,48
2015-05-22 14:00:00,86,0,86
2015-05-22 15:00:00,109,47,62
2015-05-22 16:00:00,121,37,84
2015-05-22 17:00:00,149,64,85
2015-05-22 18:00:00,47,10,37
2015-05-22 19:00:00,38,7,31
2015-05-22 20:00:00,5,0,5
2015-05-22 21:00:00,3,0,3
2015-05-22 22:00:00,4,1,3
2015-05-22 23:00:00,2,2,0
2015-05-23 00:00:00,1,1,0
2015-05-23 01:00:00,0,0,0
2015-05-23 02:00:00,0,0,0
2015-05-23 03:00:00,0,0,0
2015-05-23 04:00:00,0,0,0
2015-05-23 05:00:00,8,6,2
2015-05-23 06:00:00,39,11,28
2015-05-23 07:00:00,74,23,51
2015-05-23 08:00:00,95,57,38
2015-05-23 09:00:00,106,45,61
2015-05-23 10:00:00,147,80,67
2015-05-23 11:00:00,161,79,82
2015-05-23 12:00:00,135,70,65
2015-05-23 13:00:00,135,71,64
2015-05-23 14:00:00,171,70,101
2015-05-23 15:00:00,98,37,61
2015-05-23 16:00:00,117,49,68
2015-05-23 17:00:00,85,36,49
2015-05-23 18:00:00,40,21,19
2015-05-23 19:00:00,25,2,23
2015-05-23 20:00:00,18,9,9
2015-05-23 21:00:00,6,4,2
2015-05-23 22:00:00,2,1,1
2015-05-23 23:00:00,2,1,1
2015-05-24 00:00:00,0,0,0
2015-05-24 01:00:00,3,3,0
2015-05-24 02:00:00,0,0,0
2015-05-24 03:00:00,1,1,0
2015-05-24 04:00:00,1,1,0
2015-05-24 05:00:00,12,10,2
2015-05-24 06:00:00,26,19,7
2015-05-24 07:00:00,61,41,20
2015-05-24 08:00:00,93,56,37
2015-05-24 09:00:00,168,101,67
2015-05-24 10:00:00,187,110,77
2015-05-24 11:00:00,220,136,84
2015-05-24 12:00:00,223,128,95
2015-05-24 13:00:00,270,114,156
2015-05-24 14:00:00,228,109,119
2015-05-24 15:00:00,230,95,135
2015-05-24 16:00:00,170,60,110
2015-05-24 17:00:00,116,23,93
2015-05-24 18:00:00,80,29,51
2015-05-24 19:00:00,53,18,35
2015-05-24 20:00:00,19,8,11
2015-05-24 21:00:00,5,2,3
2015-05-24 22:00:00,6,2,4
2015-05-24 23:00:00,2,2,0
2015-05-25 00:00:00,3,1,2
2015-05-25 01:00:00,1,1,0
2015-05-25 02:00:00,0,0,0
2015-05-25 03:00:00,0,0,0
2015-05-25 04:00:00,8,6,2
2015-05-25 05:00:00,7,4,3
2015-05-25 06:00:00,22,12,10
2015-05-25 07:00:00,61,41,20
2015-05-25 08:00:00,82,48,34
2015-05-25 09:00:00,172,100,72
2015-05-25 10:00:00,265,148,117
2015-05-25 11:00:00,283,170,113
2015-05-25 12:00:00,217,99,118
2015-05-25 13:00:00,297,150,147
2015-05-25 14:00:00,228,115,113
2015-05-25 15:00:00,216,100,116
2015-05-25 16:00:00,191,80,111
2015-05-25 17:00:00,87,34,53
2015-05-25 18:00:00,51,17,34
2015-05-25 19:00:00,16,9,7
2015-05-25 20:00:00,17,2,15
2015-05-25 21:00:00,2,1,1
2015-05-25 22:00:00,1,1,0
2015-05-25 23:00:00,0,0,0
2015-05-26 00:00:00,0,0,0
2015-05-26 01:00:00,0,0,0
2015-05-26 02:00:00,0,0,0
2015-05-26 03:00:00,5,2,3
2015-05-26 04:00:00,10,1,9
2015-05-26 05:00:00,35,9,26
2015-05-26 06:00:00,84,18,66
2015-05-26 07:00:00,112,31,81
2015-05-26 08:00:00,76,32,44
2015-05-26 09:00:00,53,27,26
2015-05-26 10:00:00,43,13,30
2015-05-26 11:00:00,47,32,15
2015-05-26 12:00:00,42,24,18
2015-05-26 13:00:00,62,38,24
2015-05-26 14:00:00,76,52,24
2015-05-26 15:00:00,120,73,47
2015-05-26 16:00:00,214,133,81
2015-05-26 17:00:00,176,126,50
2015-05-26 18:00:00,219,126,93
2015-05-26 19:00:00,76,35,41
2015-05-26 20:00:00,25,8,17
2015-05-26 21:00:00,10,7,3
2015-05-26 22:00:00,6,4,2
2015-05-26 23:00:00,0,0,0
2015-05-27 00:00:00,0,0,0
2015-05-27 01:00:00,1,0,1
2015-05-27 02:00:00,1,1,0
2015-05-27 03:00:00,4,0,4
2015-05-27 04:00:00,17,5,12
2015-05-27 05:00:00,37,5,32
2015-05-27 06:00:00,103,25,78
2015-05-27 07:00:00,123,25,98
2015-05-27 08:00:00,94,36,58
2015-05-27 09:00:00,80,40,40
2015-05-27 10:00:00,39,21,18
2015-05-27 11:00:00,68,33,35
2015-05-27 12:00:00,79,45,34
2015-05-27 13:00:00,82,46,36
2015-05-27 14:00:00,92,45,47
2015-05-27 15:00:00,136,90,46
2015-05-27 16:00:00,222,156,66
2015-05-27 17:00:00,245,173,72
2015-05-27 18:00:00,181,103,78
2015-05-27 19:00:00,85,33,52
2015-05-27 20:00:00,36,12,24
2015-05-27 21:00:00,18,5,13
2015-05-27 22:00:00,7,4,3
2015-05-27 23:00:00,1,0,1
2015-05-28 00:00:00,0,0,0
2015-05-28 01:00:00,0,0,0
2015-05-28 02:00:00,1,1,0
2015-05-28 03:00:00,1,0,1
2015-05-28 04:00:00,12,1,11
2015-05-28 05:00:00,43,9,34
2015-05-28 06:00:00,99,17,82
2015-05-28 07:00:00,139,38,101
2015-05-28 08:00:00,112,43,69
2015-05-28 09:00:00,91,44,47
2015-05-28 10:00:00,88,41,47
2015-05-28 11:00:00,84,41,43
2015-05-28 12:00:00,101,49,52
2015-05-28 13:00:00,86,53,33
2015-05-28 14:00:00,109,61,48
2015-05-28 15:00:00,144,89,55
2015-05-28 16:00:00,224,148,76
2015-05-28 17:00:00,255,159,96
2015-05-28 18:00:00,189,106,83
2015-05-28 19:00:00,111,57,54
2015-05-28 20:00:00,46,19,27
2015-05-28 21:00:00,23,11,12
2015-05-28 22:00:00,3,0,3
2015-05-28 23:00:00,4,2,2
2015-05-29 00:00:00,2,2,0
2015-05-29 01:00:00,1,0,1
2015-05-29 02:00:00,0,0,0
2015-05-29 03:00:00,2,1,1
2015-05-29 04:00:00,15,3,12
2015-05-29 05:00:00,52,15,37
2015-05-29 06:00:00,96,26,70
2015-05-29 07:00:00,127,42,85
2015-05-29 08:00:00,89,30,59
2015-05-29 09:00:00,78,38,40
2015-05-29 10:00:00,89,51,38
2015-05-29 11:00:00,78,38,40
2015-05-29 12:00:00,96,52,44
2015-05-29 13:00:00,94,55,39
2015-05-29 14:00:00,111,65,46
2015-05-29 15:00:00,140,85,55
2015-05-29 16:00:00,210,128,82
2015-05-29 17:00:00,206,149,57
2015-05-29 18:00:00,149,77,72
2015-05-29 19:00:00,76,32,44
2015-05-29 20:00:00,48,19,29
2015-05-29 21:00:00,12,3,9
2015-05-29 22:00:00,5,3,2
2015-05-29 23:00:00,4,3,1
2015-05-30 00:00:00,4,4,0
2015-05-30 01:00:00,1,0,1
2015-05-30 02:00:00,0,0,0
2015-05-30 03:00:00,1,1,0
2015-05-30 04:00:00,5,4,1
2015-05-30 05:00:00,19,14,5
2015-05-30 06:00:00,46,28,18
2015-05-30 07:00:00,90,54,36
2015-05-30 08:00:00,136,78,58
2015-05-30 09:00:00,187,134,53
2015-05-30 10:00:00,269,170,99
2015-05-30 11:00:00,309,163,146
2015-05-30 12:00:00,316,162,154
2015-05-30 13:00:00,293,135,158
2015-05-30 14:00:00,343,166,177
2015-05-30 15:00:00,281,153,128
2015-05-30 16:00:00,242,92,150
2015-05-30 17:00:00,171,68,103
2015-05-30 18:00:00,112,38,74
2015-05-30 19:00:00,64,19,45
2015-05-30 20:00:00,63,23,40
2015-05-30 21:00:00,20,6,14
2015-05-30 22:00:00,6,4,2
2015-05-30 23:00:00,1,1,0
2015-05-31 00:00:00,3,2,1
2015-05-31 01:00:00,1,0,1
2015-05-31 02:00:00,2,1,1
2015-05-31 03:00:00,0,0,0
2015-05-31 04:00:00,2,1,1
2015-05-31 05:00:00,16,8,8
2015-05-31 06:00:00,39,28,11
2015-05-31 07:00:00,68,39,29
2015-05-31 08:00:00,136,83,53
2015-05-31 09:00:00,188,100,88
2015-05-31 10:00:00,257,147,110
2015-05-31 11:00:00,296,157,139
2015-05-31 12:00:00,279,149,130
2015-05-31 13:00:00,241,125,116
2015-05-31 14:00:00,301,159,142
2015-05-31 15:00:00,256,118,138
2015-05-31 16:00:00,194,88,106
2015-05-31 17:00:00,131,49,82
2015-05-31 18:00:00,91,34,57
2015-05-31 19:00:00,43,18,25
2015-05-31 20:00:00,17,8,9
2015-05-31 21:00:00,6,2,4
2015-05-31 22:00:00,5,2,3
2015-05-31 23:00:00,3,3,0
2015-06-01 00:00:00,0,0,0
2015-06-01 01:00:00,0,0,0
2015-06-01 02:00:00,0,0,0
2015-06-01 03:00:00,2,0,2
2015-06-01 04:00:00,11,3,8
2015-06-01 05:00:00,23,3,20
2015-06-01 06:00:00,69,15,54
2015-06-01 07:00:00,77,18,59
2015-06-01 08:00:00,55,13,42
2015-06-01 09:00:00,31,13,18
2015-06-01 10:00:00,16,7,9
2015-06-01 11:00:00,16,7,9
2015-06-01 12:00:00,17,12,5
2015-06-01 13:00:00,10,4,6
2015-06-01 14:00:00,34,22,12
2015-06-01 15:00:00,35,13,22
2015-06-01 16:00:00,56,38,18
2015-06-01 17:00:00,87,60,27
2015-06-01 18:00:00,134,96,38
2015-06-01 19:00:00,48,26,22
2015-06-01 20:00:00,41,25,16
2015-06-01 21:00:00,19,3,16
2015-06-01 22:00:00,2,0,2
2015-06-01 23:00:00,2,2,0
2015-06-02 00:00:00,1,1,0
2015-06-02 01:00:00,0,0,0
2015-06-02 02:00:00,0,0,0
2015-06-02 03:00:00,0,0,0
2015-06-02 04:00:00,1,0,1
2015-06-02 05:00:00,9,3,6
2015-06-02 06:00:00,16,5,11
2015-06-02 07:00:00,65,14,51
2015-06-02 08:00:00,70,15,55
2015-06-02 09:00:00,50,24,26
2015-06-02 10:00:00,32,13,19
2015-06-02 11:00:00,22,10,12
2015-06-02 12:00:00,13,8,5
2015-06-02 13:00:00,33,17,16
2015-06-02 14:00:00,22,13,9
2015-06-02 15:00:00,42,21,21
2015-06-02 16:00:00,59,44,15
2015-06-02 17:00:00,73,48,25
2015-06-02 18:00:00,97,70,27
2015-06-02 19:00:00,55,31,24
2015-06-02 20:00:00,27,13,14
2015-06-02 21:00:00,18,7,11
2015-06-02 22:00:00,7,4,3
2015-06-02 23:00:00,0,0,0
2015-06-03 00:00:00,1,1,0
2015-06-03 01:00:00,0,0,0
2015-06-03 02:00:00,1,1,0
2015-06-03 03:00:00,3,3,0
2015-06-03 04:00:00,4,0,4
2015-06-03 05:00:00,4,0,4
2015-06-03 06:00:00,20,4,16
2015-06-03 07:00:00,65,21,44
2015-06-03 08:00:00,86,33,53
2015-06-03 09:00:00,58,12,46
2015-06-03 10:00:00,37,17,20
2015-06-03 11:00:00,26,11,15
2015-06-03 12:00:00,43,25,18
2015-06-03 13:00:00,33,17,16
2015-06-03 14:00:00,48,30,18
2015-06-03 15:00:00,52,21,31
2015-06-03 16:00:00,88,53,35
2015-06-03 17:00:00,134,92,42
2015-06-03 18:00:00,157,102,55
2015-06-03 19:00:00,123,62,61
2015-06-03 20:00:00,55,31,24
2015-06-03 21:00:00,36,16,20
2015-06-03 22:00:00,4,3,1
2015-06-03 23:00:00,4,2,2
2015-06-04 00:00:00,3,1,2
2015-06-04 01:00:00,0,0,0
2015-06-04 02:00:00,0,0,0
2015-06-04 03:00:00,1,0,1
2015-06-04 04:00:00,1,0,1
2015-06-04 05:00:00,13,3,10
2015-06-04 06:00:00,39,12,27
2015-06-04 07:00:00,115,24,91
2015-06-04 08:00:00,133,35,98
2015-06-04 09:00:00,109,48,61
2015-06-04 10:00:00,68,27,41
2015-06-04 11:00:00,53,26,27
2015-06-04 12:00:00,65,33,32
2015-06-04 13:00:00,70,35,35
2015-06-04 14:00:00,100,52,48
2015-06-04 15:00:00,97,54,43
2015-06-04 16:00:00,122,83,39
2015-06-04 17:00:00,203,133,70
2015-06-04 18:00:00,225,154,71
2015-06-04 19:00:00,150,83,67
2015-06-04 20:00:00,81,34,47
2015-06-04 21:00:00,45,20,25
2015-06-04 22:00:00,20,11,9
2015-06-04 23:00:00,6,5,1
2015-06-05 00:00:00,0,0,0
2015-06-05 01:00:00,1,1,0
2015-06-05 02:00:00,1,1,0
2015-06-05 03:00:00,0,0,0
2015-06-05 04:00:00,2,1,1
2015-06-05 05:00:00,11,4,7
2015-06-05 06:00:00,45,15,30
2015-06-05 07:00:00,93,24,69
2015-06-05 08:00:00,122,34,88
2015-06-05 09:00:00,122,51,71
2015-06-05 10:00:00,89,47,42
2015-06-05 11:00:00,111,51,60
2015-06-05 12:00:00,124,62,62
2015-06-05 13:00:00,75,46,29
2015-06-05 14:00:00,119,66,53
2015-06-05 15:00:00,127,69,58
2015-06-05 16:00:00,157,75,82
2015-06-05 17:00:00,216,139,77
2015-06-05 18:00:00,229,161,68
2015-06-05 19:00:00,133,55,78
2015-06-05 20:00:00,60,30,30
2015-06-05 21:00:00,24,9,15
2015-06-05 22:00:00,17,9,8
2015-06-05 23:00:00,5,0,5
2015-06-06 00:00:00,7,7,0
2015-06-06 01:00:00,0,0,0
2015-06-06 02:00:00,4,4,0
2015-06-06 03:00:00,1,0,1
2015-06-06 04:00:00,0,0,0
2015-06-06 05:00:00,3,3,0
2015-06-06 06:00:00,14,6,8
2015-06-06 07:00:00,86,57,29
2015-06-06 08:00:00,143,93,50
2015-06-06 09:00:00,192,119,73
2015-06-06 10:00:00,295,167,128
2015-06-06 11:00:00,293,165,128
2015-06-06 12:00:00,373,192,181
2015-06-06 13:00:00,285,131,154
2015-06-06 14:00:00,297,138,159
2015-06-06 15:00:00,274,143,131
2015-06-06 16:00:00,251,144,107
2015-06-06 17:00:00,182,58,124
2015-06-06 18:00:00,146,65,81
2015-06-06 19:00:00,93,44,49
2015-06-06 20:00:00,84,37,47
2015-06-06 21:00:00,28,10,18
2015-06-06 22:00:00,12,3,9
2015-06-06 23:00:00,5,3,2
2015-06-07 00:00:00,7,1,6
2015-06-07 01:00:00,1,1,0
2015-06-07 02:00:00,0,0,0
2015-06-07 03:00:00,1,1,0
2015-06-07 04:00:00,1,0,1
2015-06-07 05:00:00,1,0,1
2015-06-07 06:00:00,25,19,6
2015-06-07 07:00:00,45,32,13
2015-06-07 08:00:00,102,64,38
2015-06-07 09:00:00,169,93,76
2015-06-07 10:00:00,606,187,419
2015-06-07 11:00:00,813,476,337
2015-06-07 12:00:00,453,321,132
2015-06-07 13:00:00,302,144,158
2015-06-07 14:00:00,281,140,141
2015-06-07 15:00:00,264,117,147
2015-06-07 16:00:00,221,97,124
2015-06-07 17:00:00,184,86,98
2015-06-07 18:00:00,124,55,69
2015-06-07 19:00:00,115,47,68
2015-06-07 20:00:00,67,32,35
2015-06-07 21:00:00,45,21,24
2015-06-07 22:00:00,11,3,8
2015-06-07 23:00:00,2,1,1
2015-06-08 00:00:00,2,2,0
2015-06-08 01:00:00,0,0,0
2015-06-08 02:00:00,0,0,0
2015-06-08 03:00:00,0,0,0
2015-06-08 04:00:00,3,0,3
2015-06-08 05:00:00,17,5,12
2015-06-08 06:00:00,41,12,29
2015-06-08 07:00:00,106,22,84
2015-06-08 08:00:00,141,53,88
2015-06-08 09:00:00,91,45,46
2015-06-08 10:00:00,100,52,48
2015-06-08 11:00:00,87,46,41
2015-06-08 12:00:00,98,42,56
2015-06-08 13:00:00,76,38,38
2015-06-08 14:00:00,111,68,43
2015-06-08 15:00:00,93,54,39
2015-06-08 16:00:00,128,84,44
2015-06-08 17:00:00,198,121,77
2015-06-08 18:00:00,223,161,62
2015-06-08 19:00:00,124,64,60
2015-06-08 20:00:00,102,59,43
2015-06-08 21:00:00,45,22,23
2015-06-08 22:00:00,27,12,15
2015-06-08 23:00:00,4,3,1
2015-06-09 00:00:00,1,1,0
2015-06-09 01:00:00,1,0,1
2015-06-09 02:00:00,1,1,0
2015-06-09 03:00:00,0,0,0
2015-06-09 04:00:00,4,1,3
2015-06-09 05:00:00,15,2,13
2015-06-09 06:00:00,43,12,31
2015-06-09 07:00:00,106,26,80
2015-06-09 08:00:00,149,50,99
2015-06-09 09:00:00,125,48,77
2015-06-09 10:00:00,87,44,43
2015-06-09 11:00:00,79,40,39
2015-06-09 12:00:00,74,42,32
2015-06-09 13:00:00,94,45,49
2015-06-09 14:00:00,80,35,45
2015-06-09 15:00:00,70,36,34
2015-06-09 16:00:00,136,91,45
2015-06-09 17:00:00,220,140,80
2015-06-09 18:00:00,206,138,68
2015-06-09 19:00:00,190,99,91
2015-06-09 20:00:00,117,59,58
2015-06-09 21:00:00,50,24,26
2015-06-09 22:00:00,16,12,4
2015-06-09 23:00:00,2,2,0
2015-06-10 00:00:00,2,1,1
2015-06-10 01:00:00,0,0,0
2015-06-10 02:00:00,2,2,0
2015-06-10 03:00:00,1,1,0
2015-06-10 04:00:00,5,1,4
2015-06-10 05:00:00,13,1,12
2015-06-10 06:00:00,48,15,33
2015-06-10 07:00:00,109,24,85
2015-06-10 08:00:00,125,35,90
2015-06-10 09:00:00,110,46,64
2015-06-10 10:00:00,96,34,62
2015-06-10 11:00:00,67,30,37
2015-06-10 12:00:00,94,49,45
2015-06-10 13:00:00,89,49,40
2015-06-10 14:00:00,81,34,47
2015-06-10 15:00:00,80,39,41
2015-06-10 16:00:00,142,99,43
2015-06-10 17:00:00,201,127,74
2015-06-10 18:00:00,224,138,86
2015-06-10 19:00:00,179,99,80
2015-06-10 20:00:00,120,55,65
2015-06-10 21:00:00,53,21,32
2015-06-10 22:00:00,13,3,10
2015-06-10 23:00:00,2,2,0
2015-06-11 00:00:00,3,3,0
2015-06-11 01:00:00,1,1,0
2015-06-11 02:00:00,0,0,0
2015-06-11 03:00:00,0,0,0
2015-06-11 04:00:00,1,1,0
2015-06-11 05:00:00,13,3,10
2015-06-11 06:00:00,47,11,36
2015-06-11 07:00:00,115,34,81
2015-06-11 08:00:00,132,44,88
2015-06-11 09:00:00,104,43,61
2015-06-11 10:00:00,77,37,40
2015-06-11 11:00:00,114,33,81
2015-06-11 12:00:00,102,61,41
2015-06-11 13:00:00,71,37,34
2015-06-11 14:00:00,137,87,50
2015-06-11 15:00:00,97,55,42
2015-06-11 16:00:00,132,75,57
2015-06-11 17:00:00,173,115,58
2015-06-11 18:00:00,215,137,78
2015-06-11 19:00:00,150,83,67
2015-06-11 20:00:00,91,48,43
2015-06-11 21:00:00,44,25,19
2015-06-11 22:00:00,8,6,2
2015-06-11 23:00:00,6,3,3
2015-06-12 00:00:00,1,1,0
2015-06-12 01:00:00,2,2,0
2015-06-12 02:00:00,0,0,0
2015-06-12 03:00:00,0,0,0
2015-06-12 04:00:00,0,0,0
2015-06-12 05:00:00,10,1,9
2015-06-12 06:00:00,39,10,29
2015-06-12 07:00:00,73,25,48
2015-06-12 08:00:00,102,26,76
2015-06-12 09:00:00,85,32,53
2015-06-12 10:00:00,66,36,30
2015-06-12 11:00:00,77,29,48
2015-06-12 12:00:00,60,32,28
2015-06-12 13:00:00,62,39,23
2015-06-12 14:00:00,64,35,29
2015-06-12 15:00:00,96,47,49
2015-06-12 16:00:00,144,91,53
2015-06-12 17:00:00,152,104,48
2015-06-12 18:00:00,165,103,62
2015-06-12 19:00:00,114,54,60
2015-06-12 20:00:00,78,40,38
2015-06-12 21:00:00,54,27,27
2015-06-12 22:00:00,8,5,3
2015-06-12 23:00:00,3,2,1
2015-06-13 00:00:00,1,0,1
2015-06-13 01:00:00,1,1,0
2015-06-13 02:00:00,0,0,0
2015-06-13 03:00:00,1,1,0
2015-06-13 04:00:00,0,0,0
2015-06-13 05:00:00,3,2,1
2015-06-13 06:00:00,13,4,9
2015-06-13 07:00:00,57,43,14
2015-06-13 08:00:00,128,86,42
2015-06-13 09:00:00,176,112,64
2015-06-13 10:00:00,230,149,81
2015-06-13 11:00:00,285,173,112
2015-06-13 12:00:00,289,161,128
2015-06-13 13:00:00,317,159,158
2015-06-13 14:00:00,334,154,180
2015-06-13 15:00:00,299,134,165
2015-06-13 16:00:00,219,93,126
2015-06-13 17:00:00,203,86,117
2015-06-13 18:00:00,147,44,103
2015-06-13 19:00:00,98,38,60
2015-06-13 20:00:00,79,38,41
2015-06-13 21:00:00,33,20,13
2015-06-13 22:00:00,15,1,14
2015-06-13 23:00:00,6,2,4
2015-06-14 00:00:00,2,1,1
2015-06-14 01:00:00,0,0,0
2015-06-14 02:00:00,2,2,0
2015-06-14 03:00:00,1,1,0
2015-06-14 04:00:00,0,0,0
2015-06-14 05:00:00,1,1,0
2015-06-14 06:00:00,10,5,5
2015-06-14 07:00:00,44,33,11
2015-06-14 08:00:00,103,58,45
2015-06-14 09:00:00,201,116,85
2015-06-14 10:00:00,263,159,104
2015-06-14 11:00:00,361,185,176
2015-06-14 12:00:00,287,158,129
2015-06-14 13:00:00,307,177,130
2015-06-14 14:00:00,346,179,167
2015-06-14 15:00:00,312,108,204
2015-06-14 16:00:00,268,125,143
2015-06-14 17:00:00,229,104,125
2015-06-14 18:00:00,163,63,100
2015-06-14 19:00:00,103,45,58
2015-06-14 20:00:00,77,25,52
2015-06-14 21:00:00,33,13,20
2015-06-14 22:00:00,12,5,7
2015-06-14 23:00:00,3,2,1
2015-06-15 00:00:00,0,0,0
2015-06-15 01:00:00,0,0,0
2015-06-15 02:00:00,0,0,0
2015-06-15 03:00:00,0,0,0
2015-06-15 04:00:00,2,0,2
2015-06-15 05:00:00,12,2,10
2015-06-15 06:00:00,37,11,26
2015-06-15 07:00:00,99,27,72
2015-06-15 08:00:00,112,38,74
2015-06-15 09:00:00,102,44,58
2015-06-15 10:00:00,84,40,44
2015-06-15 11:00:00,78,43,35
2015-06-15 12:00:00,95,43,52
2015-06-15 13:00:00,79,38,41
2015-06-15 14:00:00,89,43,46
2015-06-15 15:00:00,113,62,51
2015-06-15 16:00:00,119,71,48
2015-06-15 17:00:00,183,121,62
2015-06-15 18:00:00,197,146,51
2015-06-15 19:00:00,123,68,55
2015-06-15 20:00:00,94,48,46
2015-06-15 21:00:00,41,21,20
2015-06-15 22:00:00,20,10,10
2015-06-15 23:00:00,5,4,1
2015-06-16 00:00:00,2,0,2
2015-06-16 01:00:00,0,0,0
2015-06-16 02:00:00,1,1,0
2015-06-16 03:00:00,0,0,0
2015-06-16 04:00:00,0,0,0
2015-06-16 05:00:00,13,3,10
2015-06-16 06:00:00,31,5,26
2015-06-16 07:00:00,111,29,82
2015-06-16 08:00:00,140,35,105
2015-06-16 09:00:00,107,45,62
2015-06-16 10:00:00,73,33,40
2015-06-16 11:00:00,70,33,37
2015-06-16 12:00:00,70,39,31
2015-06-16 13:00:00,71,46,25
2015-06-16 14:00:00,77,35,42
2015-06-16 15:00:00,88,38,50
2015-06-16 16:00:00,145,95,50
2015-06-16 17:00:00,228,139,89
2015-06-16 18:00:00,248,158,90
2015-06-16 19:00:00,163,84,79
2015-06-16 20:00:00,92,43,49
2015-06-16 21:00:00,46,19,27
2015-06-16 22:00:00,21,14,7
2015-06-16 23:00:00,1,1,0
2015-06-17 00:00:00,1,1,0
2015-06-17 01:00:00,0,0,0
2015-06-17 02:00:00,1,1,0
2015-06-17 03:00:00,0,0,0
2015-06-17 04:00:00,4,1,3
2015-06-17 05:00:00,13,2,11
2015-06-17 06:00:00,38,7,31
2015-06-17 07:00:00,90,26,64
2015-06-17 08:00:00,113,29,84
2015-06-17 09:00:00,107,41,66
2015-06-17 10:00:00,84,42,42
2015-06-17 11:00:00,118,52,66
2015-06-17 12:00:00,98,55,43
2015-06-17 13:00:00,117,59,58
2015-06-17 14:00:00,89,47,42
2015-06-17 15:00:00,129,62,67
2015-06-17 16:00:00,138,91,47
2015-06-17 17:00:00,219,140,79
2015-06-17 18:00:00,249,158,91
2015-06-17 19:00:00,189,103,86
2015-06-17 20:00:00,95,41,54
2015-06-17 21:00:00,47,18,29
2015-06-17 22:00:00,14,10,4
2015-06-17 23:00:00,2,1,1
2015-06-18 00:00:00,1,1,0
2015-06-18 01:00:00,0,0,0
2015-06-18 02:00:00,0,0,0
2015-06-18 03:00:00,0,0,0
2015-06-18 04:00:00,1,0,1
2015-06-18 05:00:00,19,4,15
2015-06-18 06:00:00,40,11,29
2015-06-18 07:00:00,89,27,62
2015-06-18 08:00:00,125,42,83
2015-06-18 09:00:00,112,49,63
2015-06-18 10:00:00,91,45,46
2015-06-18 11:00:00,91,54,37
2015-06-18 12:00:00,96,45,51
2015-06-18 13:00:00,94,52,42
2015-06-18 14:00:00,103,51,52
2015-06-18 15:00:00,82,42,40
2015-06-18 16:00:00,138,96,42
2015-06-18 17:00:00,171,99,72
2015-06-18 18:00:00,197,135,62
2015-06-18 19:00:00,128,64,64
2015-06-18 20:00:00,73,45,28
2015-06-18 21:00:00,40,20,20
2015-06-18 22:00:00,10,7,3
2015-06-18 23:00:00,1,0,1
2015-06-19 00:00:00,1,1,0
2015-06-19 01:00:00,2,2,0
2015-06-19 02:00:00,0,0,0
2015-06-19 03:00:00,0,0,0
2015-06-19 04:00:00,1,0,1
2015-06-19 05:00:00,8,2,6
2015-06-19 06:00:00,25,11,14
2015-06-19 07:00:00,50,15,35
2015-06-19 08:00:00,94,33,61
2015-06-19 09:00:00,80,32,48
2015-06-19 10:00:00,62,27,35
2015-06-19 11:00:00,47,21,26
2015-06-19 12:00:00,47,21,26
2015-06-19 13:00:00,81,47,34
2015-06-19 14:00:00,60,40,20
2015-06-19 15:00:00,99,55,44
2015-06-19 16:00:00,121,67,54
2015-06-19 17:00:00,144,93,51
2015-06-19 18:00:00,146,88,58
2015-06-19 19:00:00,109,60,49
2015-06-19 20:00:00,59,25,34
2015-06-19 21:00:00,23,9,14
2015-06-19 22:00:00,11,10,1
2015-06-19 23:00:00,9,5,4
2015-06-20 00:00:00,6,3,3
2015-06-20 01:00:00,3,3,0
2015-06-20 02:00:00,1,1,0
2015-06-20 03:00:00,0,0,0
2015-06-20 04:00:00,0,0,0
2015-06-20 05:00:00,2,2,0
2015-06-20 06:00:00,23,7,16
2015-06-20 07:00:00,53,35,18
2015-06-20 08:00:00,154,98,56
2015-06-20 09:00:00,187,108,79
2015-06-20 10:00:00,264,170,94
2015-06-20 11:00:00,281,146,135
2015-06-20 12:00:00,288,120,168
2015-06-20 13:00:00,292,119,173
2015-06-20 14:00:00,287,123,164
2015-06-20 15:00:00,234,126,108
2015-06-20 16:00:00,210,107,103
2015-06-20 17:00:00,216,97,119
2015-06-20 18:00:00,207,102,105
2015-06-20 19:00:00,130,59,71
2015-06-20 20:00:00,77,41,36
2015-06-20 21:00:00,34,19,15
2015-06-20 22:00:00,6,2,4
2015-06-20 23:00:00,10,8,2
2015-06-21 00:00:00,4,4,0
2015-06-21 01:00:00,2,0,2
2015-06-21 02:00:00,1,1,0
2015-06-21 03:00:00,0,0,0
2015-06-21 04:00:00,2,0,2
2015-06-21 05:00:00,0,0,0
2015-06-21 06:00:00,11,8,3
2015-06-21 07:00:00,43,27,16
2015-06-21 08:00:00,85,50,35
2015-06-21 09:00:00,126,68,58
2015-06-21 10:00:00,148,96,52
2015-06-21 11:00:00,262,137,125
2015-06-21 12:00:00,230,143,87
2015-06-21 13:00:00,269,143,126
2015-06-21 14:00:00,259,119,140
2015-06-21 15:00:00,285,153,132
2015-06-21 16:00:00,218,120,98
2015-06-21 17:00:00,230,101,129
2015-06-21 18:00:00,168,75,93
2015-06-21 19:00:00,128,52,76
2015-06-21 20:00:00,73,23,50
2015-06-21 21:00:00,37,14,23
2015-06-21 22:00:00,9,1,8
2015-06-21 23:00:00,4,3,1
2015-06-22 00:00:00,1,1,0
2015-06-22 01:00:00,2,2,0
2015-06-22 02:00:00,2,1,1
2015-06-22 03:00:00,1,1,0
2015-06-22 04:00:00,2,1,1
2015-06-22 05:00:00,9,1,8
2015-06-22 06:00:00,35,11,24
2015-06-22 07:00:00,85,20,65
2015-06-22 08:00:00,125,38,87
2015-06-22 09:00:00,104,39,65
2015-06-22 10:00:00,92,39,53
2015-06-22 11:00:00,80,47,33
2015-06-22 12:00:00,61,28,33
2015-06-22 13:00:00,59,33,26
2015-06-22 14:00:00,102,59,43
2015-06-22 15:00:00,104,52,52
2015-06-22 16:00:00,145,78,67
2015-06-22 17:00:00,174,125,49
2015-06-22 18:00:00,236,152,84
2015-06-22 19:00:00,161,86,75
2015-06-22 20:00:00,94,51,43
2015-06-22 21:00:00,47,20,27
2015-06-22 22:00:00,11,7,4
2015-06-22 23:00:00,5,5,0
2015-06-23 00:00:00,1,1,0
2015-06-23 01:00:00,1,1,0
2015-06-23 02:00:00,1,1,0
2015-06-23 03:00:00,0,0,0
2015-06-23 04:00:00,2,2,0
2015-06-23 05:00:00,14,4,10
2015-06-23 06:00:00,34,7,27
2015-06-23 07:00:00,122,36,86
2015-06-23 08:00:00,140,37,103
2015-06-23 09:00:00,114,54,60
2015-06-23 10:00:00,100,46,54
2015-06-23 11:00:00,113,80,33
2015-06-23 12:00:00,123,46,77
2015-06-23 13:00:00,103,50,53
2015-06-23 14:00:00,105,59,46
2015-06-23 15:00:00,133,73,60
2015-06-23 16:00:00,169,93,76
2015-06-23 17:00:00,242,148,94
2015-06-23 18:00:00,283,184,99
2015-06-23 19:00:00,158,83,75
2015-06-23 20:00:00,131,51,80
2015-06-23 21:00:00,56,29,27
2015-06-23 22:00:00,24,11,13
2015-06-23 23:00:00,4,4,0
2015-06-24 00:00:00,1,1,0
2015-06-24 01:00:00,0,0,0
2015-06-24 02:00:00,0,0,0
2015-06-24 03:00:00,1,1,0
2015-06-24 04:00:00,3,1,2
2015-06-24 05:00:00,14,3,11
2015-06-24 06:00:00,44,10,34
2015-06-24 07:00:00,110,31,79
2015-06-24 08:00:00,122,39,83
2015-06-24 09:00:00,117,40,77
2015-06-24 10:00:00,89,42,47
2015-06-24 11:00:00,86,42,44
2015-06-24 12:00:00,112,50,62
2015-06-24 13:00:00,88,49,39
2015-06-24 14:00:00,87,47,40
2015-06-24 15:00:00,89,55,34
2015-06-24 16:00:00,135,84,51
2015-06-24 17:00:00,199,125,74
2015-06-24 18:00:00,230,145,85
2015-06-24 19:00:00,146,81,65
2015-06-24 20:00:00,109,47,62
2015-06-24 21:00:00,41,21,20
2015-06-24 22:00:00,16,6,10
2015-06-24 23:00:00,11,5,6
2015-06-25 00:00:00,0,0,0
2015-06-25 01:00:00,1,0,1
2015-06-25 02:00:00,0,0,0
2015-06-25 03:00:00,0,0,0
2015-06-25 04:00:00,3,2,1
2015-06-25 05:00:00,16,5,11
2015-06-25 06:00:00,40,13,27
2015-06-25 07:00:00,119,45,74
2015-06-25 08:00:00,141,50,91
2015-06-25 09:00:00,99,41,58
2015-06-25 10:00:00,84,33,51
2015-06-25 11:00:00,99,50,49
2015-06-25 12:00:00,84,26,58
2015-06-25 13:00:00,102,60,42
2015-06-25 14:00:00,114,78,36
2015-06-25 15:00:00,132,65,67
2015-06-25 16:00:00,125,79,46
2015-06-25 17:00:00,183,114,69
2015-06-25 18:00:00,231,156,75
2015-06-25 19:00:00,169,93,76
2015-06-25 20:00:00,117,62,55
2015-06-25 21:00:00,74,35,39
2015-06-25 22:00:00,26,13,13
2015-06-25 23:00:00,7,4,3
2015-06-26 00:00:00,3,2,1
2015-06-26 01:00:00,1,0,1
2015-06-26 02:00:00,0,0,0
2015-06-26 03:00:00,1,1,0
2015-06-26 04:00:00,1,1,0
2015-06-26 05:00:00,18,7,11
2015-06-26 06:00:00,34,11,23
2015-06-26 07:00:00,100,29,71
2015-06-26 08:00:00,127,38,89
2015-06-26 09:00:00,104,53,51
2015-06-26 10:00:00,101,49,52
2015-06-26 11:00:00,103,50,53
2015-06-26 12:00:00,111,50,61
2015-06-26 13:00:00,75,41,34
2015-06-26 14:00:00,87,46,41
2015-06-26 15:00:00,93,45,48
2015-06-26 16:00:00,124,82,42
2015-06-26 17:00:00,165,110,55
2015-06-26 18:00:00,157,112,45
2015-06-26 19:00:00,105,60,45
2015-06-26 20:00:00,71,34,37
2015-06-26 21:00:00,60,25,35
2015-06-26 22:00:00,16,5,11
2015-06-26 23:00:00,0,0,0
2015-06-27 00:00:00,2,2,0
2015-06-27 01:00:00,2,2,0
2015-06-27 02:00:00,0,0,0
2015-06-27 03:00:00,2,2,0
2015-06-27 04:00:00,0,0,0
2015-06-27 05:00:00,4,2,2
2015-06-27 06:00:00,50,31,19
2015-06-27 07:00:00,132,87,45
2015-06-27 08:00:00,225,147,78
2015-06-27 09:00:00,253,167,86
2015-06-27 10:00:00,271,148,123
2015-06-27 11:00:00,356,224,132
2015-06-27 12:00:00,319,190,129
2015-06-27 13:00:00,223,118,105
2015-06-27 14:00:00,224,112,112
2015-06-27 15:00:00,166,84,82
2015-06-27 16:00:00,182,82,100
2015-06-27 17:00:00,133,53,80
2015-06-27 18:00:00,107,36,71
2015-06-27 19:00:00,82,40,42
2015-06-27 20:00:00,69,24,45
2015-06-27 21:00:00,44,12,32
2015-06-27 22:00:00,10,4,6
2015-06-27 23:00:00,9,3,6
2015-06-28 00:00:00,0,0,0
2015-06-28 01:00:00,0,0,0
2015-06-28 02:00:00,3,3,0
2015-06-28 03:00:00,0,0,0
2015-06-28 04:00:00,0,0,0
2015-06-28 05:00:00,4,1,3
2015-06-28 06:00:00,16,14,2
2015-06-28 07:00:00,76,52,24
2015-06-28 08:00:00,152,81,71
2015-06-28 09:00:00,183,100,83
2015-06-28 10:00:00,266,167,99
2015-06-28 11:00:00,203,101,102
2015-06-28 12:00:00,145,77,68
2015-06-28 13:00:00,143,66,77
2015-06-28 14:00:00,108,58,50
2015-06-28 15:00:00,178,96,82
2015-06-28 16:00:00,164,81,83
2015-06-28 17:00:00,128,61,67
2015-06-28 18:00:00,87,36,51
2015-06-28 19:00:00,52,16,36
2015-06-28 20:00:00,54,15,39
2015-06-28 21:00:00,18,12,6
2015-06-28 22:00:00,7,3,4
2015-06-28 23:00:00,3,3,0
2015-06-29 00:00:00,2,2,0
2015-06-29 01:00:00,4,1,3
2015-06-29 02:00:00,0,0,0
2015-06-29 03:00:00,0,0,0
2015-06-29 04:00:00,2,1,1
2015-06-29 05:00:00,8,2,6
2015-06-29 06:00:00,35,15,20
2015-06-29 07:00:00,71,14,57
2015-06-29 08:00:00,108,38,70
2015-06-29 09:00:00,90,28,62
2015-06-29 10:00:00,83,28,55
2015-06-29 11:00:00,98,19,79
2015-06-29 12:00:00,75,27,48
2015-06-29 13:00:00,88,46,42
2015-06-29 14:00:00,85,50,35
2015-06-29 15:00:00,116,51,65
2015-06-29 16:00:00,104,67,37
2015-06-29 17:00:00,167,111,56
2015-06-29 18:00:00,217,157,60
2015-06-29 19:00:00,140,86,54
2015-06-29 20:00:00,138,64,74
2015-06-29 21:00:00,70,32,38
2015-06-29 22:00:00,18,11,7
2015-06-29 23:00:00,6,3,3
2015-06-30 00:00:00,5,4,1
2015-06-30 01:00:00,0,0,0
2015-06-30 02:00:00,0,0,0
2015-06-30 03:00:00,0,0,0
2015-06-30 04:00:00,2,1,1
2015-06-30 05:00:00,12,2,10
2015-06-30 06:00:00,49,14,35
2015-06-30 07:00:00,113,31,82
2015-06-30 08:00:00,157,56,101
2015-06-30 09:00:00,127,54,73
2015-06-30 10:00:00,89,46,43
2015-06-30 11:00:00,98,60,38
2015-06-30 12:00:00,95,57,38
2015-06-30 13:00:00,67,28,39
2015-06-30 14:00:00,93,38,55
2015-06-30 15:00:00,96,55,41
2015-06-30 16:00:00,128,92,36
2015-06-30 17:00:00,196,134,62
2015-06-30 18:00:00,209,136,73
2015-06-30 19:00:00,125,87,38
2015-06-30 20:00:00,122,61,61
2015-06-30 21:00:00,63,23,40
2015-06-30 22:00:00,23,9,14
2015-06-30 23:00:00,4,3,1
2015-07-01 00:00:00,0,0,0
2015-07-01 01:00:00,2,2,0
2015-07-01 02:00:00,0,0,0
2015-07-01 03:00:00,1,1,0
2015-07-01 04:00:00,7,4,3
2015-07-01 05:00:00,12,1,11
2015-07-01 06:00:00,49,16,33
2015-07-01 07:00:00,107,29,78
2015-07-01 08:00:00,187,55,132
2015-07-01 09:00:00,123,46,77
2015-07-01 10:00:00,98,60,38
2015-07-01 11:00:00,89,47,42
2015-07-01 12:00:00,106,60,46
2015-07-01 13:00:00,86,43,43
2015-07-01 14:00:00,102,48,54
2015-07-01 15:00:00,141,87,54
2015-07-01 16:00:00,195,144,51
2015-07-01 17:00:00,236,171,65
2015-07-01 18:00:00,193,109,84
2015-07-01 19:00:00,115,60,55
2015-07-01 20:00:00,62,30,32
2015-07-01 21:00:00,25,7,18
2015-07-01 22:00:00,4,2,2
2015-07-01 23:00:00,2,1,1
2015-07-02 00:00:00,6,4,2
2015-07-02 01:00:00,0,0,0
2015-07-02 02:00:00,0,0,0
2015-07-02 03:00:00,1,1,0
2015-07-02 04:00:00,14,2,12
2015-07-02 05:00:00,38,16,22
2015-07-02 06:00:00,113,38,75
2015-07-02 07:00:00,160,65,95
2015-07-02 08:00:00,132,63,69
2015-07-02 09:00:00,103,42,61
2015-07-02 10:00:00,115,49,66
2015-07-02 11:00:00,79,30,49
2015-07-02 12:00:00,116,74,42
2015-07-02 13:00:00,101,50,51
2015-07-02 14:00:00,124,62,62
2015-07-02 15:00:00,144,104,40
2015-07-02 16:00:00,184,136,48
2015-07-02 17:00:00,161,111,50
2015-07-02 18:00:00,121,67,54
2015-07-02 19:00:00,93,42,51
2015-07-02 20:00:00,35,18,17
2015-07-02 21:00:00,17,6,11
2015-07-02 22:00:00,3,0,3
2015-07-02 23:00:00,6,3,3
2015-07-03 00:00:00,4,4,0
2015-07-03 01:00:00,3,1,2
2015-07-03 02:00:00,0,0,0
2015-07-03 03:00:00,1,0,1
2015-07-03 04:00:00,7,5,2
2015-07-03 05:00:00,22,18,4
2015-07-03 06:00:00,90,55,35
2015-07-03 07:00:00,167,88,79
2015-07-03 08:00:00,212,119,93
2015-07-03 09:00:00,278,162,116
2015-07-03 10:00:00,312,182,130
2015-07-03 11:00:00,272,136,136
2015-07-03 12:00:00,264,149,115
2015-07-03 13:00:00,191,78,113
2015-07-03 14:00:00,174,109,65
2015-07-03 15:00:00,137,72,65
2015-07-03 16:00:00,138,74,64
2015-07-03 17:00:00,82,40,42
2015-07-03 18:00:00,78,39,39
2015-07-03 19:00:00,76,24,52
2015-07-03 20:00:00,49,22,27
2015-07-03 21:00:00,21,5,16
2015-07-03 22:00:00,7,5,2
2015-07-03 23:00:00,2,1,1
2015-07-04 00:00:00,0,0,0
2015-07-04 01:00:00,0,0,0
2015-07-04 02:00:00,0,0,0
2015-07-04 03:00:00,0,0,0
2015-07-04 04:00:00,3,2,1
2015-07-04 05:00:00,23,16,7
2015-07-04 06:00:00,73,32,41
2015-07-04 07:00:00,132,89,43
2015-07-04 08:00:00,208,125,83
2015-07-04 09:00:00,227,138,89
2015-07-04 10:00:00,269,129,140
2015-07-04 11:00:00,193,96,97
2015-07-04 12:00:00,259,130,129
2015-07-04 13:00:00,153,76,77
2015-07-04 14:00:00,137,70,67
2015-07-04 15:00:00,134,62,72
2015-07-04 16:00:00,111,47,64
2015-07-04 17:00:00,76,27,49
2015-07-04 18:00:00,65,26,39
2015-07-04 19:00:00,61,16,45
2015-07-04 20:00:00,44,7,37
2015-07-04 21:00:00,12,4,8
2015-07-04 22:00:00,10,10,0
2015-07-04 23:00:00,49,45,4
2015-07-05 00:00:00,12,10,2
2015-07-05 01:00:00,3,0,3
2015-07-05 02:00:00,1,1,0
2015-07-05 03:00:00,0,0,0
2015-07-05 04:00:00,1,1,0
2015-07-05 05:00:00,18,15,3
2015-07-05 06:00:00,45,29,16
2015-07-05 07:00:00,96,50,46
2015-07-05 08:00:00,146,85,61
2015-07-05 09:00:00,221,123,98
2015-07-05 10:00:00,248,122,126
2015-07-05 11:00:00,237,137,100
2015-07-05 12:00:00,195,97,98
2015-07-05 13:00:00,177,91,86
2015-07-05 14:00:00,169,70,99
2015-07-05 15:00:00,128,80,48
2015-07-05 16:00:00,86,39,47
2015-07-05 17:00:00,88,49,39
2015-07-05 18:00:00,82,41,41
2015-07-05 19:00:00,63,28,35
2015-07-05 20:00:00,44,20,24
2015-07-05 21:00:00,15,5,10
2015-07-05 22:00:00,4,2,2
2015-07-05 23:00:00,4,2,2
2015-07-06 00:00:00,2,2,0
2015-07-06 01:00:00,1,0,1
2015-07-06 02:00:00,0,0,0
2015-07-06 03:00:00,2,0,2
2015-07-06 04:00:00,8,1,7
2015-07-06 05:00:00,43,21,22
2015-07-06 06:00:00,117,41,76
2015-07-06 07:00:00,131,39,92
2015-07-06 08:00:00,116,51,65
2015-07-06 09:00:00,109,49,60
2015-07-06 10:00:00,123,66,57
2015-07-06 11:00:00,92,55,37
2015-07-06 12:00:00,85,41,44
2015-07-06 13:00:00,82,30,52
2015-07-06 14:00:00,93,49,44
2015-07-06 15:00:00,104,66,38
2015-07-06 16:00:00,174,118,56
2015-07-06 17:00:00,209,149,60
2015-07-06 18:00:00,159,86,73
2015-07-06 19:00:00,95,49,46
2015-07-06 20:00:00,59,30,29
2015-07-06 21:00:00,23,12,11
2015-07-06 22:00:00,4,3,1
2015-07-06 23:00:00,0,0,0
2015-07-07 00:00:00,1,1,0
2015-07-07 01:00:00,0,0,0
2015-07-07 02:00:00,2,2,0
2015-07-07 03:00:00,0,0,0
2015-07-07 04:00:00,16,5,11
2015-07-07 05:00:00,35,11,24
2015-07-07 06:00:00,127,27,100
2015-07-07 07:00:00,151,44,107
2015-07-07 08:00:00,132,61,71
2015-07-07 09:00:00,98,51,47
2015-07-07 10:00:00,85,41,44
2015-07-07 11:00:00,120,46,74
2015-07-07 12:00:00,102,46,56
2015-07-07 13:00:00,67,41,26
2015-07-07 14:00:00,105,61,44
2015-07-07 15:00:00,124,76,48
2015-07-07 16:00:00,195,129,66
2015-07-07 17:00:00,247,172,75
2015-07-07 18:00:00,209,129,80
2015-07-07 19:00:00,103,51,52
2015-07-07 20:00:00,49,18,31
2015-07-07 21:00:00,28,9,19
2015-07-07 22:00:00,10,4,6
2015-07-07 23:00:00,4,2,2
2015-07-08 00:00:00,1,1,0
2015-07-08 01:00:00,2,2,0
2015-07-08 02:00:00,1,1,0
2015-07-08 03:00:00,2,0,2
2015-07-08 04:00:00,11,3,8
2015-07-08 05:00:00,49,17,32
2015-07-08 06:00:00,123,35,88
2015-07-08 07:00:00,141,46,95
2015-07-08 08:00:00,125,56,69
2015-07-08 09:00:00,68,35,33
2015-07-08 10:00:00,77,42,35
2015-07-08 11:00:00,85,35,50
2015-07-08 12:00:00,76,38,38
2015-07-08 13:00:00,75,48,27
2015-07-08 14:00:00,86,52,34
2015-07-08 15:00:00,137,89,48
2015-07-08 16:00:00,204,132,72
2015-07-08 17:00:00,247,157,90
2015-07-08 18:00:00,158,104,54
2015-07-08 19:00:00,144,75,69
2015-07-08 20:00:00,79,29,50
2015-07-08 21:00:00,25,13,12
2015-07-08 22:00:00,18,5,13
2015-07-08 23:00:00,2,2,0
2015-07-09 00:00:00,0,0,0
2015-07-09 01:00:00,2,1,1
2015-07-09 02:00:00,0,0,0
2015-07-09 03:00:00,0,0,0
2015-07-09 04:00:00,17,4,13
2015-07-09 05:00:00,49,18,31
2015-07-09 06:00:00,102,27,75
2015-07-09 07:00:00,128,45,83
2015-07-09 08:00:00,120,54,66
2015-07-09 09:00:00,80,42,38
2015-07-09 10:00:00,77,35,42
2015-07-09 11:00:00,94,38,56
2015-07-09 12:00:00,68,39,29
2015-07-09 13:00:00,90,48,42
2015-07-09 14:00:00,79,44,35
2015-07-09 15:00:00,118,73,45
2015-07-09 16:00:00,192,134,58
2015-07-09 17:00:00,214,151,63
2015-07-09 18:00:00,132,91,41
2015-07-09 19:00:00,129,61,68
2015-07-09 20:00:00,67,23,44
2015-07-09 21:00:00,20,13,7
2015-07-09 22:00:00,3,2,1
2015-07-09 23:00:00,2,1,1
2015-07-10 00:00:00,0,0,0
2015-07-10 01:00:00,1,0,1
2015-07-10 02:00:00,0,0,0
2015-07-10 03:00:00,0,0,0
2015-07-10 04:00:00,8,6,2
2015-07-10 05:00:00,32,11,21
2015-07-10 06:00:00,80,21,59
2015-07-10 07:00:00,128,45,83
2015-07-10 08:00:00,110,52,58
2015-07-10 09:00:00,79,35,44
2015-07-10 10:00:00,69,29,40
2015-07-10 11:00:00,74,36,38
2015-07-10 12:00:00,82,38,44
2015-07-10 13:00:00,82,49,33
2015-07-10 14:00:00,100,48,52
2015-07-10 15:00:00,142,81,61
2015-07-10 16:00:00,144,99,45
2015-07-10 17:00:00,193,118,75
2015-07-10 18:00:00,136,70,66
2015-07-10 19:00:00,59,29,30
2015-07-10 20:00:00,34,15,19
2015-07-10 21:00:00,9,8,1
2015-07-10 22:00:00,1,0,1
2015-07-10 23:00:00,3,2,1
2015-07-11 00:00:00,2,1,1
2015-07-11 01:00:00,3,0,3
2015-07-11 02:00:00,0,0,0
2015-07-11 03:00:00,8,0,8
2015-07-11 04:00:00,18,2,16
2015-07-11 05:00:00,16,9,7
2015-07-11 06:00:00,42,22,20
2015-07-11 07:00:00,77,51,26
2015-07-11 08:00:00,113,67,46
2015-07-11 09:00:00,155,86,69
2015-07-11 10:00:00,241,148,93
2015-07-11 11:00:00,239,136,103
2015-07-11 12:00:00,189,102,87
2015-07-11 13:00:00,216,111,105
2015-07-11 14:00:00,179,93,86
2015-07-11 15:00:00,170,83,87
2015-07-11 16:00:00,116,46,70
2015-07-11 17:00:00,111,38,73
2015-07-11 18:00:00,86,40,46
2015-07-11 19:00:00,56,25,31
2015-07-11 20:00:00,24,14,10
2015-07-11 21:00:00,7,1,6
2015-07-11 22:00:00,5,4,1
2015-07-11 23:00:00,2,1,1
2015-07-12 00:00:00,1,0,1
2015-07-12 01:00:00,0,0,0
2015-07-12 02:00:00,0,0,0
2015-07-12 03:00:00,0,0,0
2015-07-12 04:00:00,4,3,1
2015-07-12 05:00:00,12,9,3
2015-07-12 06:00:00,20,15,5
2015-07-12 07:00:00,57,30,27
2015-07-12 08:00:00,117,81,36
2015-07-12 09:00:00,147,82,65
2015-07-12 10:00:00,184,105,79
2015-07-12 11:00:00,201,103,98
2015-07-12 12:00:00,205,97,108
2015-07-12 13:00:00,219,112,107
2015-07-12 14:00:00,230,131,99
2015-07-12 15:00:00,227,108,119
2015-07-12 16:00:00,168,83,85
2015-07-12 17:00:00,171,65,106
2015-07-12 18:00:00,112,48,64
2015-07-12 19:00:00,68,32,36
2015-07-12 20:00:00,43,23,20
2015-07-12 21:00:00,10,3,7
2015-07-12 22:00:00,2,1,1
2015-07-12 23:00:00,1,0,1
2015-07-13 00:00:00,2,1,1
2015-07-13 01:00:00,1,0,1
2015-07-13 02:00:00,0,0,0
2015-07-13 03:00:00,3,0,3
2015-07-13 04:00:00,3,0,3
2015-07-13 05:00:00,27,9,18
2015-07-13 06:00:00,71,19,52
2015-07-13 07:00:00,89,27,62
2015-07-13 08:00:00,73,18,55
2015-07-13 09:00:00,71,27,44
2015-07-13 10:00:00,57,28,29
2015-07-13 11:00:00,55,30,25
2015-07-13 12:00:00,60,38,22
2015-07-13 13:00:00,73,31,42
2015-07-13 14:00:00,84,42,42
2015-07-13 15:00:00,85,56,29
2015-07-13 16:00:00,165,105,60
2015-07-13 17:00:00,196,136,60
2015-07-13 18:00:00,130,77,53
2015-07-13 19:00:00,97,56,41
2015-07-13 20:00:00,51,18,33
2015-07-13 21:00:00,14,9,5
2015-07-13 22:00:00,3,3,0
2015-07-13 23:00:00,0,0,0
2015-07-14 00:00:00,2,1,1
2015-07-14 01:00:00,1,0,1
2015-07-14 02:00:00,0,0,0
2015-07-14 03:00:00,3,1,2
2015-07-14 04:00:00,13,5,8
2015-07-14 05:00:00,43,12,31
2015-07-14 06:00:00,98,24,74
2015-07-14 07:00:00,126,32,94
2015-07-14 08:00:00,126,58,68
2015-07-14 09:00:00,98,58,40
2015-07-14 10:00:00,85,50,35
2015-07-14 11:00:00,92,25,67
2015-07-14 12:00:00,87,49,38
2015-07-14 13:00:00,117,55,62
2015-07-14 14:00:00,100,56,44
2015-07-14 15:00:00,129,80,49
2015-07-14 16:00:00,196,139,57
2015-07-14 17:00:00,231,154,77
2015-07-14 18:00:00,172,84,88
2015-07-14 19:00:00,104,50,54
2015-07-14 20:00:00,61,25,36
2015-07-14 21:00:00,24,14,10
2015-07-14 22:00:00,8,6,2
2015-07-14 23:00:00,3,2,1
2015-07-15 00:00:00,0,0,0
2015-07-15 01:00:00,3,1,2
2015-07-15 02:00:00,0,0,0
2015-07-15 03:00:00,3,1,2
2015-07-15 04:00:00,12,1,11
2015-07-15 05:00:00,31,6,25
2015-07-15 06:00:00,112,37,75
2015-07-15 07:00:00,123,45,78
2015-07-15 08:00:00,110,42,68
2015-07-15 09:00:00,101,46,55
2015-07-15 10:00:00,102,43,59
2015-07-15 11:00:00,94,43,51
2015-07-15 12:00:00,110,59,51
2015-07-15 13:00:00,96,51,45
2015-07-15 14:00:00,110,50,60
2015-07-15 15:00:00,111,75,36
2015-07-15 16:00:00,172,111,61
2015-07-15 17:00:00,242,158,84
2015-07-15 18:00:00,162,80,82
2015-07-15 19:00:00,113,68,45
2015-07-15 20:00:00,56,26,30
2015-07-15 21:00:00,32,11,21
2015-07-15 22:00:00,4,2,2
2015-07-15 23:00:00,3,3,0
2015-07-16 00:00:00,2,2,0
2015-07-16 01:00:00,0,0,0
2015-07-16 02:00:00,0,0,0
2015-07-16 03:00:00,2,2,0
2015-07-16 04:00:00,10,5,5
2015-07-16 05:00:00,33,14,19
2015-07-16 06:00:00,108,28,80
2015-07-16 07:00:00,123,42,81
2015-07-16 08:00:00,94,31,63
2015-07-16 09:00:00,75,33,42
2015-07-16 10:00:00,71,42,29
2015-07-16 11:00:00,83,41,42
2015-07-16 12:00:00,77,42,35
2015-07-16 13:00:00,81,40,41
2015-07-16 14:00:00,81,41,40
2015-07-16 15:00:00,118,63,55
2015-07-16 16:00:00,180,121,59
2015-07-16 17:00:00,251,168,83
2015-07-16 18:00:00,150,90,60
2015-07-16 19:00:00,105,52,53
2015-07-16 20:00:00,49,19,30
2015-07-16 21:00:00,21,11,10
2015-07-16 22:00:00,10,3,7
2015-07-16 23:00:00,1,0,1
2015-07-17 00:00:00,1,1,0
2015-07-17 01:00:00,1,1,0
2015-07-17 02:00:00,0,0,0
2015-07-17 03:00:00,1,1,0
2015-07-17 04:00:00,8,2,6
2015-07-17 05:00:00,34,9,25
2015-07-17 06:00:00,92,25,67
2015-07-17 07:00:00,95,32,63
2015-07-17 08:00:00,95,43,52
2015-07-17 09:00:00,93,46,47
2015-07-17 10:00:00,98,62,36
2015-07-17 11:00:00,107,57,50
2015-07-17 12:00:00,84,41,43
2015-07-17 13:00:00,93,42,51
2015-07-17 14:00:00,118,68,50
2015-07-17 15:00:00,115,72,43
2015-07-17 16:00:00,153,106,47
2015-07-17 17:00:00,162,101,61
2015-07-17 18:00:00,107,51,56
2015-07-17 19:00:00,74,36,38
2015-07-17 20:00:00,42,28,14
2015-07-17 21:00:00,18,11,7
2015-07-17 22:00:00,4,2,2
2015-07-17 23:00:00,4,3,1
2015-07-18 00:00:00,2,1,1
2015-07-18 01:00:00,0,0,0
2015-07-18 02:00:00,1,1,0
2015-07-18 03:00:00,0,0,0
2015-07-18 04:00:00,3,2,1
2015-07-18 05:00:00,16,9,7
2015-07-18 06:00:00,46,29,17
2015-07-18 07:00:00,90,50,40
2015-07-18 08:00:00,152,82,70
2015-07-18 09:00:00,240,148,92
2015-07-18 10:00:00,278,157,121
2015-07-18 11:00:00,274,157,117
2015-07-18 12:00:00,240,151,89
2015-07-18 13:00:00,217,107,110
2015-07-18 14:00:00,208,98,110
2015-07-18 15:00:00,202,115,87
2015-07-18 16:00:00,168,65,103
2015-07-18 17:00:00,111,43,68
2015-07-18 18:00:00,76,49,27
2015-07-18 19:00:00,77,38,39
2015-07-18 20:00:00,66,26,40
2015-07-18 21:00:00,17,7,10
2015-07-18 22:00:00,4,1,3
2015-07-18 23:00:00,1,1,0
2015-07-19 00:00:00,4,4,0
2015-07-19 01:00:00,1,1,0
2015-07-19 02:00:00,0,0,0
2015-07-19 03:00:00,0,0,0
2015-07-19 04:00:00,2,2,0
2015-07-19 05:00:00,11,6,5
2015-07-19 06:00:00,38,24,14
2015-07-19 07:00:00,99,70,29
2015-07-19 08:00:00,169,97,72
2015-07-19 09:00:00,238,139,99
2015-07-19 10:00:00,262,144,118
2015-07-19 11:00:00,261,124,137
2015-07-19 12:00:00,216,115,101
2015-07-19 13:00:00,199,114,85
2015-07-19 14:00:00,179,104,75
2015-07-19 15:00:00,164,92,72
2015-07-19 16:00:00,142,63,79
2015-07-19 17:00:00,90,43,47
2015-07-19 18:00:00,62,22,40
2015-07-19 19:00:00,60,27,33
2015-07-19 20:00:00,32,12,20
2015-07-19 21:00:00,15,4,11
2015-07-19 22:00:00,2,2,0
2015-07-19 23:00:00,1,1,0
2015-07-20 00:00:00,2,1,1
2015-07-20 01:00:00,0,0,0
2015-07-20 02:00:00,0,0,0
2015-07-20 03:00:00,1,0,1
2015-07-20 04:00:00,6,0,6
2015-07-20 05:00:00,26,7,19
2015-07-20 06:00:00,97,27,70
2015-07-20 07:00:00,100,32,68
2015-07-20 08:00:00,100,33,67
2015-07-20 09:00:00,68,35,33
2015-07-20 10:00:00,80,35,45
2015-07-20 11:00:00,80,43,37
2015-07-20 12:00:00,71,40,31
2015-07-20 13:00:00,102,52,50
2015-07-20 14:00:00,92,53,39
2015-07-20 15:00:00,125,71,54
2015-07-20 16:00:00,212,135,77
2015-07-20 17:00:00,223,154,69
2015-07-20 18:00:00,157,87,70
2015-07-20 19:00:00,97,51,46
2015-07-20 20:00:00,38,15,23
2015-07-20 21:00:00,11,5,6
2015-07-20 22:00:00,4,2,2
2015-07-20 23:00:00,2,1,1
2015-07-21 00:00:00,0,0,0
2015-07-21 01:00:00,1,1,0
2015-07-21 02:00:00,0,0,0
2015-07-21 03:00:00,2,0,2
2015-07-21 04:00:00,9,2,7
2015-07-21 05:00:00,36,8,28
2015-07-21 06:00:00,100,19,81
2015-07-21 07:00:00,139,42,97
2015-07-21 08:00:00,86,33,53
2015-07-21 09:00:00,71,38,33
2015-07-21 10:00:00,94,44,50
2015-07-21 11:00:00,66,31,35
2015-07-21 12:00:00,83,39,44
2015-07-21 13:00:00,89,43,46
2015-07-21 14:00:00,92,53,39
2015-07-21 15:00:00,119,75,44
2015-07-21 16:00:00,172,117,55
2015-07-21 17:00:00,208,142,66
2015-07-21 18:00:00,148,87,61
2015-07-21 19:00:00,88,39,49
2015-07-21 20:00:00,30,15,15
2015-07-21 21:00:00,14,4,10
2015-07-21 22:00:00,6,4,2
2015-07-21 23:00:00,1,0,1
2015-07-22 00:00:00,0,0,0
2015-07-22 01:00:00,0,0,0
2015-07-22 02:00:00,2,2,0
2015-07-22 03:00:00,2,0,2
2015-07-22 04:00:00,10,3,7
2015-07-22 05:00:00,29,16,13
2015-07-22 06:00:00,102,26,76
2015-07-22 07:00:00,138,51,87
2015-07-22 08:00:00,106,37,69
2015-07-22 09:00:00,75,37,38
2015-07-22 10:00:00,86,49,37
2015-07-22 11:00:00,96,52,44
2015-07-22 12:00:00,89,40,49
2015-07-22 13:00:00,101,57,44
2015-07-22 14:00:00,104,50,54
2015-07-22 15:00:00,138,81,57
2015-07-22 16:00:00,206,141,65
2015-07-22 17:00:00,238,147,91
2015-07-22 18:00:00,153,86,67
2015-07-22 19:00:00,98,56,42
2015-07-22 20:00:00,36,11,25
2015-07-22 21:00:00,16,5,11
2015-07-22 22:00:00,7,5,2
2015-07-22 23:00:00,3,3,0
2015-07-23 00:00:00,2,1,1
2015-07-23 01:00:00,1,0,1
2015-07-23 02:00:00,1,1,0
2015-07-23 03:00:00,1,0,1
2015-07-23 04:00:00,13,3,10
2015-07-23 05:00:00,31,9,22
2015-07-23 06:00:00,85,22,63
2015-07-23 07:00:00,123,40,83
2015-07-23 08:00:00,90,32,58
2015-07-23 09:00:00,77,38,39
2015-07-23 10:00:00,96,45,51
2015-07-23 11:00:00,118,55,63
2015-07-23 12:00:00,105,62,43
2015-07-23 13:00:00,105,52,53
2015-07-23 14:00:00,130,70,60
2015-07-23 15:00:00,139,86,53
2015-07-23 16:00:00,210,127,83
2015-07-23 17:00:00,248,164,84
2015-07-23 18:00:00,129,59,70
2015-07-23 19:00:00,104,52,52
2015-07-23 20:00:00,63,24,39
2015-07-23 21:00:00,14,12,2
2015-07-23 22:00:00,6,3,3
2015-07-23 23:00:00,3,3,0
2015-07-24 00:00:00,0,0,0
2015-07-24 01:00:00,1,0,1
2015-07-24 02:00:00,1,1,0
2015-07-24 03:00:00,2,2,0
2015-07-24 04:00:00,10,4,6
2015-07-24 05:00:00,29,12,17
2015-07-24 06:00:00,84,32,52
2015-07-24 07:00:00,111,38,73
2015-07-24 08:00:00,94,32,62
2015-07-24 09:00:00,74,35,39
2015-07-24 10:00:00,47,14,33
2015-07-24 11:00:00,60,38,22
2015-07-24 12:00:00,52,26,26
2015-07-24 13:00:00,84,41,43
2015-07-24 14:00:00,100,60,40
2015-07-24 15:00:00,115,69,46
2015-07-24 16:00:00,166,105,61
2015-07-24 17:00:00,156,102,54
2015-07-24 18:00:00,89,51,38
2015-07-24 19:00:00,69,27,42
2015-07-24 20:00:00,23,12,11
2015-07-24 21:00:00,6,3,3
2015-07-24 22:00:00,8,5,3
2015-07-24 23:00:00,4,3,1
2015-07-25 00:00:00,0,0,0
2015-07-25 01:00:00,1,1,0
2015-07-25 02:00:00,0,0,0
2015-07-25 03:00:00,0,0,0
2015-07-25 04:00:00,2,1,1
2015-07-25 05:00:00,8,7,1
2015-07-25 06:00:00,30,15,15
2015-07-25 07:00:00,62,42,20
2015-07-25 08:00:00,48,33,15
2015-07-25 09:00:00,78,43,35
2015-07-25 10:00:00,89,65,24
2015-07-25 11:00:00,128,88,40
2015-07-25 12:00:00,109,51,58
2015-07-25 13:00:00,121,61,60
2015-07-25 14:00:00,120,67,53
2015-07-25 15:00:00,109,34,75
2015-07-25 16:00:00,115,49,66
2015-07-25 17:00:00,89,23,66
2015-07-25 18:00:00,56,29,27
2015-07-25 19:00:00,45,19,26
2015-07-25 20:00:00,21,11,10
2015-07-25 21:00:00,9,2,7
2015-07-25 22:00:00,2,2,0
2015-07-25 23:00:00,1,0,1
2015-07-26 00:00:00,2,0,2
2015-07-26 01:00:00,1,1,0
2015-07-26 02:00:00,2,2,0
2015-07-26 03:00:00,0,0,0
2015-07-26 04:00:00,0,0,0
2015-07-26 05:00:00,1,0,1
2015-07-26 06:00:00,11,5,6
2015-07-26 07:00:00,35,26,9
2015-07-26 08:00:00,91,72,19
2015-07-26 09:00:00,75,45,30
2015-07-26 10:00:00,145,79,66
2015-07-26 11:00:00,149,93,56
2015-07-26 12:00:00,141,61,80
2015-07-26 13:00:00,155,80,75
2015-07-26 14:00:00,174,88,86
2015-07-26 15:00:00,143,65,78
2015-07-26 16:00:00,77,22,55
2015-07-26 17:00:00,40,10,30
2015-07-26 18:00:00,31,15,16
2015-07-26 19:00:00,19,9,10
2015-07-26 20:00:00,10,4,6
2015-07-26 21:00:00,3,1,2
2015-07-26 22:00:00,3,2,1
2015-07-26 23:00:00,0,0,0
2015-07-27 00:00:00,2,1,1
2015-07-27 01:00:00,0,0,0
2015-07-27 02:00:00,0,0,0
2015-07-27 03:00:00,4,2,2
2015-07-27 04:00:00,10,0,10
2015-07-27 05:00:00,20,9,11
2015-07-27 06:00:00,84,25,59
2015-07-27 07:00:00,97,23,74
2015-07-27 08:00:00,81,31,50
2015-07-27 09:00:00,95,48,47
2015-07-27 10:00:00,84,43,41
2015-07-27 11:00:00,75,38,37
2015-07-27 12:00:00,78,39,39
2015-07-27 13:00:00,98,50,48
2015-07-27 14:00:00,116,63,53
2015-07-27 15:00:00,132,79,53
2015-07-27 16:00:00,199,123,76
2015-07-27 17:00:00,208,139,69
2015-07-27 18:00:00,142,87,55
2015-07-27 19:00:00,74,35,39
2015-07-27 20:00:00,33,19,14
2015-07-27 21:00:00,14,7,7
2015-07-27 22:00:00,9,8,1
2015-07-27 23:00:00,2,1,1
2015-07-28 00:00:00,0,0,0
2015-07-28 01:00:00,3,1,2
2015-07-28 02:00:00,0,0,0
2015-07-28 03:00:00,2,2,0
2015-07-28 04:00:00,15,5,10
2015-07-28 05:00:00,30,11,19
2015-07-28 06:00:00,105,28,77
2015-07-28 07:00:00,142,35,107
2015-07-28 08:00:00,95,29,66
2015-07-28 09:00:00,112,51,61
2015-07-28 10:00:00,108,55,53
2015-07-28 11:00:00,90,42,48
2015-07-28 12:00:00,127,61,66
2015-07-28 13:00:00,124,58,66
2015-07-28 14:00:00,100,49,51
2015-07-28 15:00:00,116,74,42
2015-07-28 16:00:00,209,146,63
2015-07-28 17:00:00,265,174,91
2015-07-28 18:00:00,220,122,98
2015-07-28 19:00:00,119,54,65
2015-07-28 20:00:00,47,26,21
2015-07-28 21:00:00,27,13,14
2015-07-28 22:00:00,8,6,2
2015-07-28 23:00:00,0,0,0
2015-07-29 00:00:00,0,0,0
2015-07-29 01:00:00,0,0,0
2015-07-29 02:00:00,0,0,0
2015-07-29 03:00:00,0,0,0
2015-07-29 04:00:00,9,2,7
2015-07-29 05:00:00,38,16,22
2015-07-29 06:00:00,99,30,69
2015-07-29 07:00:00,122,33,89
2015-07-29 08:00:00,107,33,74
2015-07-29 09:00:00,85,44,41
2015-07-29 10:00:00,80,31,49
2015-07-29 11:00:00,83,32,51
2015-07-29 12:00:00,129,61,68
2015-07-29 13:00:00,90,56,34
2015-07-29 14:00:00,100,46,54
2015-07-29 15:00:00,119,81,38
2015-07-29 16:00:00,222,141,81
2015-07-29 17:00:00,224,165,59
2015-07-29 18:00:00,151,84,67
2015-07-29 19:00:00,112,65,47
2015-07-29 20:00:00,53,21,32
2015-07-29 21:00:00,12,5,7
2015-07-29 22:00:00,7,4,3
2015-07-29 23:00:00,3,3,0
2015-07-30 00:00:00,2,2,0
2015-07-30 01:00:00,0,0,0
2015-07-30 02:00:00,0,0,0
2015-07-30 03:00:00,3,2,1
2015-07-30 04:00:00,15,6,9
2015-07-30 05:00:00,38,8,30
2015-07-30 06:00:00,96,27,69
2015-07-30 07:00:00,138,47,91
2015-07-30 08:00:00,122,34,88
2015-07-30 09:00:00,110,45,65
2015-07-30 10:00:00,121,48,73
2015-07-30 11:00:00,87,40,47
2015-07-30 12:00:00,94,55,39
2015-07-30 13:00:00,71,35,36
2015-07-30 14:00:00,92,57,35
2015-07-30 15:00:00,111,71,40
2015-07-30 16:00:00,178,122,56
2015-07-30 17:00:00,191,135,56
2015-07-30 18:00:00,183,112,71
2015-07-30 19:00:00,112,60,52
2015-07-30 20:00:00,46,17,29
2015-07-30 21:00:00,11,7,4
2015-07-30 22:00:00,11,8,3
2015-07-30 23:00:00,1,0,1
2015-07-31 00:00:00,2,1,1
2015-07-31 01:00:00,0,0,0
2015-07-31 02:00:00,1,1,0
2015-07-31 03:00:00,0,0,0
2015-07-31 04:00:00,5,1,4
2015-07-31 05:00:00,30,11,19
2015-07-31 06:00:00,86,27,59
2015-07-31 07:00:00,108,37,71
2015-07-31 08:00:00,112,53,59
2015-07-31 09:00:00,102,49,53
2015-07-31 10:00:00,100,45,55
2015-07-31 11:00:00,90,38,52
2015-07-31 12:00:00,89,54,35
2015-07-31 13:00:00,78,43,35
2015-07-31 14:00:00,126,75,51
2015-07-31 15:00:00,105,60,45
2015-07-31 16:00:00,155,105,50
2015-07-31 17:00:00,148,102,46
2015-07-31 18:00:00,113,66,47
2015-07-31 19:00:00,90,42,48
2015-07-31 20:00:00,44,18,26
2015-07-31 21:00:00,12,5,7
2015-07-31 22:00:00,3,1,2
2015-07-31 23:00:00,2,2,0
2015-08-01 00:00:00,2,2,0
2015-08-01 01:00:00,2,1,1
2015-08-01 02:00:00,1,1,0
2015-08-01 03:00:00,0,0,0
2015-08-01 04:00:00,1,0,1
2015-08-01 05:00:00,14,11,3
2015-08-01 06:00:00,56,34,22
2015-08-01 07:00:00,121,82,39
2015-08-01 08:00:00,202,106,96
2015-08-01 09:00:00,246,139,107
2015-08-01 10:00:00,295,166,129
2015-08-01 11:00:00,252,108,144
2015-08-01 12:00:00,260,103,157
2015-08-01 13:00:00,224,119,105
2015-08-01 14:00:00,176,93,83
2015-08-01 15:00:00,164,86,78
2015-08-01 16:00:00,131,41,90
2015-08-01 17:00:00,105,40,65
2015-08-01 18:00:00,73,44,29
2015-08-01 19:00:00,52,28,24
2015-08-01 20:00:00,42,17,25
2015-08-01 21:00:00,13,3,10
2015-08-01 22:00:00,6,3,3
2015-08-01 23:00:00,1,0,1
2015-08-02 00:00:00,1,1,0
2015-08-02 01:00:00,1,0,1
2015-08-02 02:00:00,0,0,0
2015-08-02 03:00:00,1,1,0
2015-08-02 04:00:00,3,2,1
2015-08-02 05:00:00,7,4,3
2015-08-02 06:00:00,48,32,16
2015-08-02 07:00:00,121,83,38
2015-08-02 08:00:00,149,87,62
2015-08-02 09:00:00,218,116,102
2015-08-02 10:00:00,253,131,122
2015-08-02 11:00:00,258,128,130
2015-08-02 12:00:00,268,122,146
2015-08-02 13:00:00,201,96,105
2015-08-02 14:00:00,241,104,137
2015-08-02 15:00:00,181,86,95
2015-08-02 16:00:00,150,72,78
2015-08-02 17:00:00,101,50,51
2015-08-02 18:00:00,101,43,58
2015-08-02 19:00:00,65,29,36
2015-08-02 20:00:00,37,14,23
2015-08-02 21:00:00,7,5,2
2015-08-02 22:00:00,3,1,2
2015-08-02 23:00:00,1,1,0
2015-08-03 00:00:00,2,1,1
2015-08-03 01:00:00,2,2,0
2015-08-03 02:00:00,1,1,0
2015-08-03 03:00:00,2,0,2
2015-08-03 04:00:00,9,2,7
2015-08-03 05:00:00,27,8,19
2015-08-03 06:00:00,77,26,51
2015-08-03 07:00:00,106,33,73
2015-08-03 08:00:00,107,39,68
2015-08-03 09:00:00,88,37,51
2015-08-03 10:00:00,71,28,43
2015-08-03 11:00:00,119,58,61
2015-08-03 12:00:00,73,40,33
2015-08-03 13:00:00,103,45,58
2015-08-03 14:00:00,103,52,51
2015-08-03 15:00:00,151,88,63
2015-08-03 16:00:00,195,124,71
2015-08-03 17:00:00,203,139,64
2015-08-03 18:00:00,183,108,75
2015-08-03 19:00:00,110,63,47
2015-08-03 20:00:00,52,21,31
2015-08-03 21:00:00,10,5,5
2015-08-03 22:00:00,3,1,2
2015-08-03 23:00:00,3,2,1
2015-08-04 00:00:00,2,2,0
2015-08-04 01:00:00,2,2,0
2015-08-04 02:00:00,1,0,1
2015-08-04 03:00:00,3,1,2
2015-08-04 04:00:00,10,4,6
2015-08-04 05:00:00,26,7,19
2015-08-04 06:00:00,91,27,64
2015-08-04 07:00:00,154,48,106
2015-08-04 08:00:00,109,37,72
2015-08-04 09:00:00,74,32,42
2015-08-04 10:00:00,90,50,40
2015-08-04 11:00:00,83,39,44
2015-08-04 12:00:00,121,54,67
2015-08-04 13:00:00,110,53,57
2015-08-04 14:00:00,93,41,52
2015-08-04 15:00:00,130,76,54
2015-08-04 16:00:00,200,128,72
2015-08-04 17:00:00,265,174,91
2015-08-04 18:00:00,168,89,79
2015-08-04 19:00:00,93,50,43
2015-08-04 20:00:00,41,20,21
2015-08-04 21:00:00,11,8,3
2015-08-04 22:00:00,3,2,1
2015-08-04 23:00:00,2,1,1
2015-08-05 00:00:00,1,1,0
2015-08-05 01:00:00,0,0,0
2015-08-05 02:00:00,1,1,0
2015-08-05 03:00:00,3,0,3
2015-08-05 04:00:00,9,3,6
2015-08-05 05:00:00,23,4,19
2015-08-05 06:00:00,96,27,69
2015-08-05 07:00:00,110,37,73
2015-08-05 08:00:00,103,33,70
2015-08-05 09:00:00,86,36,50
2015-08-05 10:00:00,65,29,36
2015-08-05 11:00:00,43,21,22
2015-08-05 12:00:00,77,38,39
2015-08-05 13:00:00,57,23,34
2015-08-05 14:00:00,97,51,46
2015-08-05 15:00:00,135,90,45
2015-08-05 16:00:00,156,106,50
2015-08-05 17:00:00,199,142,57
2015-08-05 18:00:00,125,75,50
2015-08-05 19:00:00,82,35,47
2015-08-05 20:00:00,20,8,12
2015-08-05 21:00:00,2,1,1
2015-08-05 22:00:00,5,5,0
2015-08-05 23:00:00,2,1,1
2015-08-06 00:00:00,0,0,0
2015-08-06 01:00:00,0,0,0
2015-08-06 02:00:00,0,0,0
2015-08-06 03:00:00,2,0,2
2015-08-06 04:00:00,8,4,4
2015-08-06 05:00:00,21,5,16
2015-08-06 06:00:00,81,23,58
2015-08-06 07:00:00,120,48,72
2015-08-06 08:00:00,82,32,50
2015-08-06 09:00:00,76,28,48
2015-08-06 10:00:00,91,45,46
2015-08-06 11:00:00,86,30,56
2015-08-06 12:00:00,113,49,64
2015-08-06 13:00:00,106,49,57
2015-08-06 14:00:00,103,61,42
2015-08-06 15:00:00,141,94,47
2015-08-06 16:00:00,158,100,58
2015-08-06 17:00:00,215,132,83
2015-08-06 18:00:00,128,69,59
2015-08-06 19:00:00,87,45,42
2015-08-06 20:00:00,46,23,23
2015-08-06 21:00:00,11,6,5
2015-08-06 22:00:00,8,7,1
2015-08-06 23:00:00,3,2,1
2015-08-07 00:00:00,2,1,1
2015-08-07 01:00:00,1,0,1
2015-08-07 02:00:00,2,1,1
2015-08-07 03:00:00,2,2,0
2015-08-07 04:00:00,4,1,3
2015-08-07 05:00:00,28,8,20
2015-08-07 06:00:00,66,18,48
2015-08-07 07:00:00,113,39,74
2015-08-07 08:00:00,134,60,74
2015-08-07 09:00:00,90,50,40
2015-08-07 10:00:00,142,86,56
2015-08-07 11:00:00,113,41,72
2015-08-07 12:00:00,121,69,52
2015-08-07 13:00:00,127,53,74
2015-08-07 14:00:00,98,52,46
2015-08-07 15:00:00,130,78,52
2015-08-07 16:00:00,187,112,75
2015-08-07 17:00:00,206,136,70
2015-08-07 18:00:00,128,74,54
2015-08-07 19:00:00,83,42,41
2015-08-07 20:00:00,37,18,19
2015-08-07 21:00:00,12,11,1
2015-08-07 22:00:00,10,4,6
2015-08-07 23:00:00,1,0,1
2015-08-08 00:00:00,1,0,1
2015-08-08 01:00:00,1,1,0
2015-08-08 02:00:00,2,2,0
2015-08-08 03:00:00,0,0,0
2015-08-08 04:00:00,0,0,0
2015-08-08 05:00:00,15,8,7
2015-08-08 06:00:00,52,31,21
2015-08-08 07:00:00,51,22,29
2015-08-08 08:00:00,171,117,54
2015-08-08 09:00:00,204,115,89
2015-08-08 10:00:00,196,115,81
2015-08-08 11:00:00,199,91,108
2015-08-08 12:00:00,179,90,89
2015-08-08 13:00:00,175,83,92
2015-08-08 14:00:00,184,113,71
2015-08-08 15:00:00,188,88,100
2015-08-08 16:00:00,120,47,73
2015-08-08 17:00:00,93,34,59
2015-08-08 18:00:00,65,26,39
2015-08-08 19:00:00,59,29,30
2015-08-08 20:00:00,22,10,12
2015-08-08 21:00:00,10,5,5
2015-08-08 22:00:00,10,7,3
2015-08-08 23:00:00,3,3,0
2015-08-09 00:00:00,5,0,5
2015-08-09 01:00:00,1,0,1
2015-08-09 02:00:00,0,0,0
2015-08-09 03:00:00,0,0,0
2015-08-09 04:00:00,1,1,0
2015-08-09 05:00:00,7,4,3
2015-08-09 06:00:00,27,15,12
2015-08-09 07:00:00,86,58,28
2015-08-09 08:00:00,83,46,37
2015-08-09 09:00:00,154,91,63
2015-08-09 10:00:00,241,134,107
2015-08-09 11:00:00,242,125,117
2015-08-09 12:00:00,235,150,85
2015-08-09 13:00:00,258,96,162
2015-08-09 14:00:00,285,154,131
2015-08-09 15:00:00,236,115,121
2015-08-09 16:00:00,233,116,117
2015-08-09 17:00:00,140,45,95
2015-08-09 18:00:00,105,46,59
2015-08-09 19:00:00,85,36,49
2015-08-09 20:00:00,39,9,30
2015-08-09 21:00:00,11,7,4
2015-08-09 22:00:00,4,2,2
2015-08-09 23:00:00,1,0,1
2015-08-10 00:00:00,1,1,0
2015-08-10 01:00:00,0,0,0
2015-08-10 02:00:00,0,0,0
2015-08-10 03:00:00,2,1,1
2015-08-10 04:00:00,9,2,7
2015-08-10 05:00:00,28,7,21
2015-08-10 06:00:00,68,16,52
2015-08-10 07:00:00,94,30,64
2015-08-10 08:00:00,92,31,61
2015-08-10 09:00:00,93,37,56
2015-08-10 10:00:00,94,46,48
2015-08-10 11:00:00,99,50,49
2015-08-10 12:00:00,74,39,35
2015-08-10 13:00:00,88,46,42
2015-08-10 14:00:00,97,50,47
2015-08-10 15:00:00,157,99,58
2015-08-10 16:00:00,178,108,70
2015-08-10 17:00:00,227,143,84
2015-08-10 18:00:00,163,93,70
2015-08-10 19:00:00,90,41,49
2015-08-10 20:00:00,40,19,21
2015-08-10 21:00:00,6,2,4
2015-08-10 22:00:00,5,3,2
2015-08-10 23:00:00,0,0,0
2015-08-11 00:00:00,1,1,0
2015-08-11 01:00:00,1,1,0
2015-08-11 02:00:00,0,0,0
2015-08-11 03:00:00,1,1,0
2015-08-11 04:00:00,15,5,10
2015-08-11 05:00:00,26,6,20
2015-08-11 06:00:00,98,28,70
2015-08-11 07:00:00,124,41,83
2015-08-11 08:00:00,107,45,62
2015-08-11 09:00:00,92,45,47
2015-08-11 10:00:00,99,56,43
2015-08-11 11:00:00,89,34,55
2015-08-11 12:00:00,129,75,54
2015-08-11 13:00:00,91,41,50
2015-08-11 14:00:00,117,50,67
2015-08-11 15:00:00,149,96,53
2015-08-11 16:00:00,185,100,85
2015-08-11 17:00:00,243,165,78
2015-08-11 18:00:00,168,109,59
2015-08-11 19:00:00,102,50,52
2015-08-11 20:00:00,44,15,29
2015-08-11 21:00:00,14,2,12
2015-08-11 22:00:00,10,8,2
2015-08-11 23:00:00,0,0,0
2015-08-12 00:00:00,2,0,2
2015-08-12 01:00:00,0,0,0
2015-08-12 02:00:00,1,1,0
2015-08-12 03:00:00,3,0,3
2015-08-12 04:00:00,6,1,5
2015-08-12 05:00:00,33,11,22
2015-08-12 06:00:00,104,32,72
2015-08-12 07:00:00,129,45,84
2015-08-12 08:00:00,92,34,58
2015-08-12 09:00:00,119,63,56
2015-08-12 10:00:00,105,44,61
2015-08-12 11:00:00,70,22,48
2015-08-12 12:00:00,69,37,32
2015-08-12 13:00:00,66,36,30
2015-08-12 14:00:00,79,49,30
2015-08-12 15:00:00,93,66,27
2015-08-12 16:00:00,170,113,57
2015-08-12 17:00:00,240,154,86
2015-08-12 18:00:00,151,83,68
2015-08-12 19:00:00,110,59,51
2015-08-12 20:00:00,28,10,18
2015-08-12 21:00:00,14,9,5
2015-08-12 22:00:00,2,2,0
2015-08-12 23:00:00,2,1,1
2015-08-13 00:00:00,0,0,0
2015-08-13 01:00:00,0,0,0
2015-08-13 02:00:00,0,0,0
2015-08-13 03:00:00,1,0,1
2015-08-13 04:00:00,9,3,6
2015-08-13 05:00:00,29,6,23
2015-08-13 06:00:00,91,19,72
2015-08-13 07:00:00,117,37,80
2015-08-13 08:00:00,89,39,50
2015-08-13 09:00:00,87,36,51
2015-08-13 10:00:00,84,34,50
2015-08-13 11:00:00,75,49,26
2015-08-13 12:00:00,91,47,44
2015-08-13 13:00:00,99,44,55
2015-08-13 14:00:00,109,54,55
2015-08-13 15:00:00,133,89,44
2015-08-13 16:00:00,176,118,58
2015-08-13 17:00:00,203,141,62
2015-08-13 18:00:00,156,96,60
2015-08-13 19:00:00,85,50,35
2015-08-13 20:00:00,35,13,22
2015-08-13 21:00:00,9,4,5
2015-08-13 22:00:00,6,6,0
2015-08-13 23:00:00,4,0,4
2015-08-14 00:00:00,4,4,0
2015-08-14 01:00:00,0,0,0
2015-08-14 02:00:00,0,0,0
2015-08-14 03:00:00,0,0,0
2015-08-14 04:00:00,4,2,2
2015-08-14 05:00:00,191,178,13
2015-08-14 06:00:00,810,750,60
2015-08-14 07:00:00,129,90,39
2015-08-14 08:00:00,49,22,27
2015-08-14 09:00:00,45,17,28
2015-08-14 10:00:00,53,35,18
2015-08-14 11:00:00,45,21,24
2015-08-14 12:00:00,43,12,31
2015-08-14 13:00:00,17,6,11
2015-08-14 14:00:00,8,5,3
2015-08-14 15:00:00,20,17,3
2015-08-14 16:00:00,32,21,11
2015-08-14 17:00:00,25,17,8
2015-08-14 18:00:00,19,13,6
2015-08-14 19:00:00,22,18,4
2015-08-14 20:00:00,3,3,0
2015-08-14 21:00:00,3,2,1
2015-08-14 22:00:00,2,1,1
2015-08-14 23:00:00,0,0,0
2015-08-15 00:00:00,1,0,1
2015-08-15 01:00:00,1,1,0
2015-08-15 02:00:00,0,0,0
2015-08-15 03:00:00,0,0,0
2015-08-15 04:00:00,3,2,1
2015-08-15 05:00:00,64,56,8
2015-08-15 06:00:00,851,794,57
2015-08-15 07:00:00,185,160,25
2015-08-15 08:00:00,62,41,21
2015-08-15 09:00:00,104,56,48
2015-08-15 10:00:00,141,82,59
2015-08-15 11:00:00,130,72,58
2015-08-15 12:00:00,152,81,71
2015-08-15 13:00:00,189,102,87
2015-08-15 14:00:00,186,99,87
2015-08-15 15:00:00,124,74,50
2015-08-15 16:00:00,173,79,94
2015-08-15 17:00:00,104,46,58
2015-08-15 18:00:00,69,25,44
2015-08-15 19:00:00,45,16,29
2015-08-15 20:00:00,15,7,8
2015-08-15 21:00:00,10,4,6
2015-08-15 22:00:00,3,2,1
2015-08-15 23:00:00,0,0,0
2015-08-16 00:00:00,1,1,0
2015-08-16 01:00:00,1,1,0
2015-08-16 02:00:00,0,0,0
2015-08-16 03:00:00,0,0,0
2015-08-16 04:00:00,1,1,0
2015-08-16 05:00:00,4,4,0
2015-08-16 06:00:00,22,14,8
2015-08-16 07:00:00,57,38,19
2015-08-16 08:00:00,107,70,37
2015-08-16 09:00:00,189,108,81
2015-08-16 10:00:00,223,132,91
2015-08-16 11:00:00,257,127,130
2015-08-16 12:00:00,217,79,138
2015-08-16 13:00:00,214,110,104
2015-08-16 14:00:00,236,113,123
2015-08-16 15:00:00,255,143,112
2015-08-16 16:00:00,208,94,114
2015-08-16 17:00:00,148,56,92
2015-08-16 18:00:00,78,33,45
2015-08-16 19:00:00,73,28,45
2015-08-16 20:00:00,13,4,9
2015-08-16 21:00:00,4,1,3
2015-08-16 22:00:00,4,4,0
2015-08-16 23:00:00,1,1,0
2015-08-17 00:00:00,2,2,0
2015-08-17 01:00:00,1,1,0
2015-08-17 02:00:00,1,0,1
2015-08-17 03:00:00,1,0,1
2015-08-17 04:00:00,6,0,6
2015-08-17 05:00:00,27,8,19
2015-08-17 06:00:00,76,19,57
2015-08-17 07:00:00,97,27,70
2015-08-17 08:00:00,95,32,63
2015-08-17 09:00:00,88,38,50
2015-08-17 10:00:00,93,44,49
2015-08-17 11:00:00,89,42,47
2015-08-17 12:00:00,91,43,48
2015-08-17 13:00:00,111,48,63
2015-08-17 14:00:00,105,61,44
2015-08-17 15:00:00,137,84,53
2015-08-17 16:00:00,208,124,84
2015-08-17 17:00:00,252,169,83
2015-08-17 18:00:00,134,78,56
2015-08-17 19:00:00,105,59,46
2015-08-17 20:00:00,19,12,7
2015-08-17 21:00:00,8,7,1
2015-08-17 22:00:00,6,2,4
2015-08-17 23:00:00,2,1,1
2015-08-18 00:00:00,0,0,0
2015-08-18 01:00:00,0,0,0
2015-08-18 02:00:00,1,1,0
2015-08-18 03:00:00,1,0,1
2015-08-18 04:00:00,19,7,12
2015-08-18 05:00:00,34,15,19
2015-08-18 06:00:00,85,17,68
2015-08-18 07:00:00,116,35,81
2015-08-18 08:00:00,103,33,70
2015-08-18 09:00:00,90,43,47
2015-08-18 10:00:00,73,45,28
2015-08-18 11:00:00,90,32,58
2015-08-18 12:00:00,81,43,38
2015-08-18 13:00:00,108,63,45
2015-08-18 14:00:00,100,64,36
2015-08-18 15:00:00,132,87,45
2015-08-18 16:00:00,212,147,65
2015-08-18 17:00:00,242,154,88
2015-08-18 18:00:00,154,90,64
2015-08-18 19:00:00,86,38,48
2015-08-18 20:00:00,32,18,14
2015-08-18 21:00:00,6,1,5
2015-08-18 22:00:00,6,5,1
2015-08-18 23:00:00,2,1,1
2015-08-19 00:00:00,0,0,0
2015-08-19 01:00:00,0,0,0
2015-08-19 02:00:00,1,1,0
2015-08-19 03:00:00,2,1,1
2015-08-19 04:00:00,11,1,10
2015-08-19 05:00:00,29,9,20
2015-08-19 06:00:00,98,29,69
2015-08-19 07:00:00,125,36,89
2015-08-19 08:00:00,99,34,65
2015-08-19 09:00:00,84,40,44
2015-08-19 10:00:00,83,44,39
2015-08-19 11:00:00,82,45,37
2015-08-19 12:00:00,74,37,37
2015-08-19 13:00:00,76,35,41
2015-08-19 14:00:00,93,58,35
2015-08-19 15:00:00,111,78,33
2015-08-19 16:00:00,157,116,41
2015-08-19 17:00:00,217,147,70
2015-08-19 18:00:00,173,98,75
2015-08-19 19:00:00,98,43,55
2015-08-19 20:00:00,26,9,17
2015-08-19 21:00:00,7,2,5
2015-08-19 22:00:00,5,5,0
2015-08-19 23:00:00,4,4,0
2015-08-20 00:00:00,1,0,1
2015-08-20 01:00:00,0,0,0
2015-08-20 02:00:00,0,0,0
2015-08-20 03:00:00,1,0,1
2015-08-20 04:00:00,11,3,8
2015-08-20 05:00:00,35,12,23
2015-08-20 06:00:00,73,24,49
2015-08-20 07:00:00,107,33,74
2015-08-20 08:00:00,79,33,46
2015-08-20 09:00:00,51,20,31
2015-08-20 10:00:00,52,27,25
2015-08-20 11:00:00,53,20,33
2015-08-20 12:00:00,68,37,31
2015-08-20 13:00:00,61,26,35
2015-08-20 14:00:00,78,44,34
2015-08-20 15:00:00,122,83,39
2015-08-20 16:00:00,180,121,59
2015-08-20 17:00:00,201,122,79
2015-08-20 18:00:00,137,69,68
2015-08-20 19:00:00,71,40,31
2015-08-20 20:00:00,21,13,8
2015-08-20 21:00:00,5,3,2
2015-08-20 22:00:00,6,4,2
2015-08-20 23:00:00,4,1,3
2015-08-21 00:00:00,3,3,0
2015-08-21 01:00:00,1,1,0
2015-08-21 02:00:00,0,0,0
2015-08-21 03:00:00,0,0,0
2015-08-21 04:00:00,5,1,4
2015-08-21 05:00:00,19,8,11
2015-08-21 06:00:00,66,13,53
2015-08-21 07:00:00,103,33,70
2015-08-21 08:00:00,97,46,51
2015-08-21 09:00:00,60,32,28
2015-08-21 10:00:00,63,34,29
2015-08-21 11:00:00,81,42,39
2015-08-21 12:00:00,75,48,27
2015-08-21 13:00:00,79,39,40
2015-08-21 14:00:00,114,61,53
2015-08-21 15:00:00,125,81,44
2015-08-21 16:00:00,164,111,53
2015-08-21 17:00:00,159,95,64
2015-08-21 18:00:00,93,51,42
2015-08-21 19:00:00,62,29,33
2015-08-21 20:00:00,41,17,24
2015-08-21 21:00:00,3,3,0
2015-08-21 22:00:00,3,1,2
2015-08-21 23:00:00,5,3,2
2015-08-22 00:00:00,1,0,1
2015-08-22 01:00:00,2,2,0
2015-08-22 02:00:00,0,0,0
2015-08-22 03:00:00,1,1,0
2015-08-22 04:00:00,1,1,0
2015-08-22 05:00:00,8,4,4
2015-08-22 06:00:00,159,143,16
2015-08-22 07:00:00,100,70,30
2015-08-22 08:00:00,134,77,57
2015-08-22 09:00:00,155,100,55
2015-08-22 10:00:00,194,132,62
2015-08-22 11:00:00,215,125,90
2015-08-22 12:00:00,214,119,95
2015-08-22 13:00:00,219,122,97
2015-08-22 14:00:00,251,130,121
2015-08-22 15:00:00,182,74,108
2015-08-22 16:00:00,168,71,97
2015-08-22 17:00:00,108,51,57
2015-08-22 18:00:00,80,25,55
2015-08-22 19:00:00,61,10,51
2015-08-22 20:00:00,22,8,14
2015-08-22 21:00:00,2,0,2
2015-08-22 22:00:00,8,2,6
2015-08-22 23:00:00,4,1,3
2015-08-23 00:00:00,1,1,0
2015-08-23 01:00:00,0,0,0
2015-08-23 02:00:00,0,0,0
2015-08-23 03:00:00,0,0,0
2015-08-23 04:00:00,3,2,1
2015-08-23 05:00:00,3,2,1
2015-08-23 06:00:00,26,21,5
2015-08-23 07:00:00,60,38,22
2015-08-23 08:00:00,113,54,59
2015-08-23 09:00:00,144,86,58
2015-08-23 10:00:00,220,131,89
2015-08-23 11:00:00,260,124,136
2015-08-23 12:00:00,273,158,115
2015-08-23 13:00:00,223,117,106
2015-08-23 14:00:00,258,123,135
2015-08-23 15:00:00,212,98,114
2015-08-23 16:00:00,175,76,99
2015-08-23 17:00:00,117,51,66
2015-08-23 18:00:00,114,47,67
2015-08-23 19:00:00,44,15,29
2015-08-23 20:00:00,11,2,9
2015-08-23 21:00:00,9,4,5
2015-08-23 22:00:00,6,3,3
2015-08-23 23:00:00,0,0,0
2015-08-24 00:00:00,0,0,0
2015-08-24 01:00:00,0,0,0
2015-08-24 02:00:00,1,1,0
2015-08-24 03:00:00,3,1,2
2015-08-24 04:00:00,9,3,6
2015-08-24 05:00:00,29,7,22
2015-08-24 06:00:00,73,13,60
2015-08-24 07:00:00,100,24,76
2015-08-24 08:00:00,100,39,61
2015-08-24 09:00:00,78,36,42
2015-08-24 10:00:00,96,41,55
2015-08-24 11:00:00,89,48,41
2015-08-24 12:00:00,81,39,42
2015-08-24 13:00:00,94,53,41
2015-08-24 14:00:00,88,51,37
2015-08-24 15:00:00,143,73,70
2015-08-24 16:00:00,169,110,59
2015-08-24 17:00:00,201,146,55
2015-08-24 18:00:00,116,56,60
2015-08-24 19:00:00,40,19,21
2015-08-24 20:00:00,8,5,3
2015-08-24 21:00:00,3,2,1
2015-08-24 22:00:00,2,2,0
2015-08-24 23:00:00,1,1,0
2015-08-25 00:00:00,0,0,0
2015-08-25 01:00:00,0,0,0
2015-08-25 02:00:00,1,1,0
2015-08-25 03:00:00,0,0,0
2015-08-25 04:00:00,14,5,9
2015-08-25 05:00:00,32,4,28
2015-08-25 06:00:00,96,20,76
2015-08-25 07:00:00,111,25,86
2015-08-25 08:00:00,94,41,53
2015-08-25 09:00:00,84,43,41
2015-08-25 10:00:00,76,37,39
2015-08-25 11:00:00,64,33,31
2015-08-25 12:00:00,86,45,41
2015-08-25 13:00:00,69,40,29
2015-08-25 14:00:00,65,40,25
2015-08-25 15:00:00,127,73,54
2015-08-25 16:00:00,186,128,58
2015-08-25 17:00:00,225,141,84
2015-08-25 18:00:00,132,73,59
2015-08-25 19:00:00,59,30,29
2015-08-25 20:00:00,27,12,15
2015-08-25 21:00:00,6,4,2
2015-08-25 22:00:00,3,2,1
2015-08-25 23:00:00,1,0,1
2015-08-26 00:00:00,0,0,0
2015-08-26 01:00:00,0,0,0
2015-08-26 02:00:00,3,2,1
2015-08-26 03:00:00,1,0,1
2015-08-26 04:00:00,9,0,9
2015-08-26 05:00:00,23,8,15
2015-08-26 06:00:00,82,28,54
2015-08-26 07:00:00,120,25,95
2015-08-26 08:00:00,93,26,67
2015-08-26 09:00:00,56,29,27
2015-08-26 10:00:00,75,44,31
2015-08-26 11:00:00,83,41,42
2015-08-26 12:00:00,68,36,32
2015-08-26 13:00:00,94,47,47
2015-08-26 14:00:00,102,55,47
2015-08-26 15:00:00,144,82,62
2015-08-26 16:00:00,191,119,72
2015-08-26 17:00:00,219,160,59
2015-08-26 18:00:00,182,103,79
2015-08-26 19:00:00,86,46,40
2015-08-26 20:00:00,16,7,9
2015-08-26 21:00:00,4,2,2
2015-08-26 22:00:00,9,3,6
2015-08-26 23:00:00,1,0,1
2015-08-27 00:00:00,1,1,0
2015-08-27 01:00:00,1,1,0
2015-08-27 02:00:00,0,0,0
2015-08-27 03:00:00,0,0,0
2015-08-27 04:00:00,10,4,6
2015-08-27 05:00:00,30,8,22
2015-08-27 06:00:00,74,19,55
2015-08-27 07:00:00,131,33,98
2015-08-27 08:00:00,108,38,70
2015-08-27 09:00:00,70,29,41
2015-08-27 10:00:00,68,45,23
2015-08-27 11:00:00,102,50,52
2015-08-27 12:00:00,81,40,41
2015-08-27 13:00:00,100,54,46
2015-08-27 14:00:00,108,56,52
2015-08-27 15:00:00,136,75,61
2015-08-27 16:00:00,196,116,80
2015-08-27 17:00:00,234,133,101
2015-08-27 18:00:00,138,76,62
2015-08-27 19:00:00,95,54,41
2015-08-27 20:00:00,26,17,9
2015-08-27 21:00:00,7,3,4
2015-08-27 22:00:00,5,3,2
2015-08-27 23:00:00,4,2,2
2015-08-28 00:00:00,0,0,0
2015-08-28 01:00:00,0,0,0
2015-08-28 02:00:00,0,0,0
2015-08-28 03:00:00,1,1,0
2015-08-28 04:00:00,5,2,3
2015-08-28 05:00:00,16,6,10
2015-08-28 06:00:00,38,11,27
2015-08-28 07:00:00,53,11,42
2015-08-28 08:00:00,62,23,39
2015-08-28 09:00:00,57,33,24
2015-08-28 10:00:00,64,27,37
2015-08-28 11:00:00,71,28,43
2015-08-28 12:00:00,62,30,32
2015-08-28 13:00:00,57,36,21
2015-08-28 14:00:00,87,53,34
2015-08-28 15:00:00,96,56,40
2015-08-28 16:00:00,117,67,50
2015-08-28 17:00:00,84,56,28
2015-08-28 18:00:00,49,25,24
2015-08-28 19:00:00,17,10,7
2015-08-28 20:00:00,10,6,4
2015-08-28 21:00:00,4,4,0
2015-08-28 22:00:00,2,2,0
2015-08-28 23:00:00,1,1,0
2015-08-29 00:00:00,2,2,0
2015-08-29 01:00:00,1,1,0
2015-08-29 02:00:00,0,0,0
2015-08-29 03:00:00,0,0,0
2015-08-29 04:00:00,2,0,2
2015-08-29 05:00:00,4,3,1
2015-08-29 06:00:00,5,2,3
2015-08-29 07:00:00,13,4,9
2015-08-29 08:00:00,16,12,4
2015-08-29 09:00:00,50,30,20
2015-08-29 10:00:00,44,28,16
2015-08-29 11:00:00,58,27,31
2015-08-29 12:00:00,35,18,17
2015-08-29 13:00:00,52,29,23
2015-08-29 14:00:00,50,21,29
2015-08-29 15:00:00,20,10,10
2015-08-29 16:00:00,34,17,17
2015-08-29 17:00:00,33,11,22
2015-08-29 18:00:00,27,12,15
2015-08-29 19:00:00,12,7,5
2015-08-29 20:00:00,2,2,0
2015-08-29 21:00:00,4,3,1
2015-08-29 22:00:00,1,0,1
2015-08-29 23:00:00,0,0,0
2015-08-30 00:00:00,0,0,0
2015-08-30 01:00:00,0,0,0
2015-08-30 02:00:00,1,0,1
2015-08-30 03:00:00,2,1,1
2015-08-30 04:00:00,0,0,0
2015-08-30 05:00:00,1,0,1
2015-08-30 06:00:00,5,1,4
2015-08-30 07:00:00,9,4,5
2015-08-30 08:00:00,14,9,5
2015-08-30 09:00:00,37,24,13
2015-08-30 10:00:00,68,50,18
2015-08-30 11:00:00,125,64,61
2015-08-30 12:00:00,107,62,45
2015-08-30 13:00:00,94,35,59
2015-08-30 14:00:00,115,65,50
2015-08-30 15:00:00,103,58,45
2015-08-30 16:00:00,84,32,52
2015-08-30 17:00:00,69,33,36
2015-08-30 18:00:00,52,23,29
2015-08-30 19:00:00,23,7,16
2015-08-30 20:00:00,5,3,2
2015-08-30 21:00:00,4,1,3
2015-08-30 22:00:00,4,3,1
2015-08-30 23:00:00,1,0,1
2015-08-31 00:00:00,0,0,0
2015-08-31 01:00:00,0,0,0
2015-08-31 02:00:00,0,0,0
2015-08-31 03:00:00,1,0,1
2015-08-31 04:00:00,6,1,5
2015-08-31 05:00:00,12,3,9
2015-08-31 06:00:00,45,11,34
2015-08-31 07:00:00,52,16,36
2015-08-31 08:00:00,56,19,37
2015-08-31 09:00:00,46,17,29
2015-08-31 10:00:00,25,6,19
2015-08-31 11:00:00,16,10,6
2015-08-31 12:00:00,15,6,9
2015-08-31 13:00:00,12,7,5
2015-08-31 14:00:00,34,19,15
2015-08-31 15:00:00,37,26,11
2015-08-31 16:00:00,91,59,32
2015-08-31 17:00:00,115,74,41
2015-08-31 18:00:00,51,36,15
2015-08-31 19:00:00,27,18,9
2015-08-31 20:00:00,8,8,0
2015-08-31 21:00:00,2,2,0
2015-08-31 22:00:00,2,1,1
2015-08-31 23:00:00,1,1,0
2015-09-01 00:00:00,2,1,1
2015-09-01 01:00:00,2,2,0
2015-09-01 02:00:00,0,0,0
2015-09-01 03:00:00,0,0,0
2015-09-01 04:00:00,5,2,3
2015-09-01 05:00:00,20,5,15
2015-09-01 06:00:00,40,6,34
2015-09-01 07:00:00,74,22,52
2015-09-01 08:00:00,55,17,38
2015-09-01 09:00:00,36,17,19
2015-09-01 10:00:00,36,17,19
2015-09-01 11:00:00,14,8,6
2015-09-01 12:00:00,20,9,11
2015-09-01 13:00:00,13,8,5
2015-09-01 14:00:00,25,17,8
2015-09-01 15:00:00,30,17,13
2015-09-01 16:00:00,44,31,13
2015-09-01 17:00:00,60,45,15
2015-09-01 18:00:00,110,81,29
2015-09-01 19:00:00,57,37,20
2015-09-01 20:00:00,20,12,8
2015-09-01 21:00:00,6,3,3
2015-09-01 22:00:00,2,0,2
2015-09-01 23:00:00,0,0,0
2015-09-02 00:00:00,1,1,0
2015-09-02 01:00:00,0,0,0
2015-09-02 02:00:00,0,0,0
2015-09-02 03:00:00,1,1,0
2015-09-02 04:00:00,1,0,1
2015-09-02 05:00:00,9,1,8
2015-09-02 06:00:00,13,4,9
2015-09-02 07:00:00,61,10,51
2015-09-02 08:00:00,75,22,53
2015-09-02 09:00:00,74,25,49
2015-09-02 10:00:00,46,27,19
2015-09-02 11:00:00,40,16,24
2015-09-02 12:00:00,59,28,31
2015-09-02 13:00:00,80,42,38
2015-09-02 14:00:00,56,29,27
2015-09-02 15:00:00,59,30,29
2015-09-02 16:00:00,98,61,37
2015-09-02 17:00:00,148,81,67
2015-09-02 18:00:00,154,97,57
2015-09-02 19:00:00,106,59,47
2015-09-02 20:00:00,43,22,21
2015-09-02 21:00:00,16,9,7
2015-09-02 22:00:00,3,0,3
2015-09-02 23:00:00,1,0,1
2015-09-03 00:00:00,1,1,0
2015-09-03 01:00:00,1,1,0
2015-09-03 02:00:00,0,0,0
2015-09-03 03:00:00,0,0,0
2015-09-03 04:00:00,1,1,0
2015-09-03 05:00:00,8,3,5
2015-09-03 06:00:00,14,5,9
2015-09-03 07:00:00,61,19,42
2015-09-03 08:00:00,76,16,60
2015-09-03 09:00:00,65,18,47
2015-09-03 10:00:00,46,18,28
2015-09-03 11:00:00,45,27,18
2015-09-03 12:00:00,40,19,21
2015-09-03 13:00:00,51,24,27
2015-09-03 14:00:00,55,35,20
2015-09-03 15:00:00,43,26,17
2015-09-03 16:00:00,77,44,33
2015-09-03 17:00:00,124,74,50
2015-09-03 18:00:00,111,74,37
2015-09-03 19:00:00,73,44,29
2015-09-03 20:00:00,27,18,9
2015-09-03 21:00:00,11,8,3
2015-09-03 22:00:00,12,0,12
2015-09-03 23:00:00,4,4,0
2015-09-04 00:00:00,2,2,0
2015-09-04 01:00:00,1,1,0
2015-09-04 02:00:00,1,0,1
2015-09-04 03:00:00,0,0,0
2015-09-04 04:00:00,1,0,1
2015-09-04 05:00:00,5,2,3
2015-09-04 06:00:00,20,8,12
2015-09-04 07:00:00,62,15,47
2015-09-04 08:00:00,69,16,53
2015-09-04 09:00:00,62,19,43
2015-09-04 10:00:00,61,37,24
2015-09-04 11:00:00,63,26,37
2015-09-04 12:00:00,54,32,22
2015-09-04 13:00:00,45,28,17
2015-09-04 14:00:00,64,30,34
2015-09-04 15:00:00,74,39,35
2015-09-04 16:00:00,117,65,52
2015-09-04 17:00:00,114,69,45
2015-09-04 18:00:00,105,75,30
2015-09-04 19:00:00,68,36,32
2015-09-04 20:00:00,27,15,12
2015-09-04 21:00:00,3,1,2
2015-09-04 22:00:00,8,6,2
2015-09-04 23:00:00,2,1,1
2015-09-05 00:00:00,4,2,2
2015-09-05 01:00:00,1,1,0
2015-09-05 02:00:00,0,0,0
2015-09-05 03:00:00,0,0,0
2015-09-05 04:00:00,0,0,0
2015-09-05 05:00:00,3,1,2
2015-09-05 06:00:00,4,2,2
2015-09-05 07:00:00,15,8,7
2015-09-05 08:00:00,55,30,25
2015-09-05 09:00:00,88,52,36
2015-09-05 10:00:00,155,101,54
2015-09-05 11:00:00,155,102,53
2015-09-05 12:00:00,275,155,120
2015-09-05 13:00:00,291,150,141
2015-09-05 14:00:00,265,136,129
2015-09-05 15:00:00,268,127,141
2015-09-05 16:00:00,218,103,115
2015-09-05 17:00:00,162,51,111
2015-09-05 18:00:00,83,33,50
2015-09-05 19:00:00,46,19,27
2015-09-05 20:00:00,13,3,10
2015-09-05 21:00:00,7,3,4
2015-09-05 22:00:00,3,0,3
2015-09-05 23:00:00,3,3,0
2015-09-06 00:00:00,1,1,0
2015-09-06 01:00:00,1,1,0
2015-09-06 02:00:00,1,0,1
2015-09-06 03:00:00,0,0,0
2015-09-06 04:00:00,0,0,0
2015-09-06 05:00:00,0,0,0
2015-09-06 06:00:00,2,1,1
2015-09-06 07:00:00,3,3,0
2015-09-06 08:00:00,15,7,8
2015-09-06 09:00:00,21,11,10
2015-09-06 10:00:00,51,25,26
2015-09-06 11:00:00,50,23,27
2015-09-06 12:00:00,69,38,31
2015-09-06 13:00:00,68,46,22
2015-09-06 14:00:00,103,50,53
2015-09-06 15:00:00,72,39,33
2015-09-06 16:00:00,74,33,41
2015-09-06 17:00:00,53,25,28
2015-09-06 18:00:00,37,10,27
2015-09-06 19:00:00,15,7,8
2015-09-06 20:00:00,8,2,6
2015-09-06 21:00:00,6,3,3
2015-09-06 22:00:00,1,0,1
2015-09-06 23:00:00,1,1,0
2015-09-07 00:00:00,0,0,0
2015-09-07 01:00:00,0,0,0
2015-09-07 02:00:00,0,0,0
2015-09-07 03:00:00,0,0,0
2015-09-07 04:00:00,0,0,0
2015-09-07 05:00:00,2,0,2
2015-09-07 06:00:00,2,1,1
2015-09-07 07:00:00,16,10,6
2015-09-07 08:00:00,34,16,18
2015-09-07 09:00:00,79,37,42
2015-09-07 10:00:00,121,68,53
2015-09-07 11:00:00,187,121,66
2015-09-07 12:00:00,195,99,96
2015-09-07 13:00:00,243,139,104
2015-09-07 14:00:00,291,142,149
2015-09-07 15:00:00,320,165,155
2015-09-07 16:00:00,281,133,148
2015-09-07 17:00:00,231,100,131
2015-09-07 18:00:00,162,56,106
2015-09-07 19:00:00,64,27,37
2015-09-07 20:00:00,30,15,15
2015-09-07 21:00:00,10,7,3
2015-09-07 22:00:00,7,6,1
2015-09-07 23:00:00,0,0,0
2015-09-08 00:00:00,0,0,0
2015-09-08 01:00:00,0,0,0
2015-09-08 02:00:00,0,0,0
2015-09-08 03:00:00,0,0,0
2015-09-08 04:00:00,4,2,2
2015-09-08 05:00:00,10,1,9
2015-09-08 06:00:00,19,6,13
2015-09-08 07:00:00,56,13,43
2015-09-08 08:00:00,88,24,64
2015-09-08 09:00:00,85,29,56
2015-09-08 10:00:00,42,21,21
2015-09-08 11:00:00,34,16,18
2015-09-08 12:00:00,41,21,20
2015-09-08 13:00:00,45,20,25
2015-09-08 14:00:00,51,29,22
2015-09-08 15:00:00,80,48,32
2015-09-08 16:00:00,102,66,36
2015-09-08 17:00:00,145,104,41
2015-09-08 18:00:00,191,121,70
2015-09-08 19:00:00,114,68,46
2015-09-08 20:00:00,44,22,22
2015-09-08 21:00:00,14,9,5
2015-09-08 22:00:00,4,2,2
2015-09-08 23:00:00,2,2,0
2015-09-09 00:00:00,1,1,0
2015-09-09 01:00:00,2,2,0
2015-09-09 02:00:00,0,0,0
2015-09-09 03:00:00,1,1,0
2015-09-09 04:00:00,2,1,1
2015-09-09 05:00:00,10,2,8
2015-09-09 06:00:00,13,6,7
2015-09-09 07:00:00,75,20,55
2015-09-09 08:00:00,122,20,102
2015-09-09 09:00:00,94,36,58
2015-09-09 10:00:00,60,26,34
2015-09-09 11:00:00,68,38,30
2015-09-09 12:00:00,81,37,44
2015-09-09 13:00:00,73,40,33
2015-09-09 14:00:00,74,43,31
2015-09-09 15:00:00,86,51,35
2015-09-09 16:00:00,129,79,50
2015-09-09 17:00:00,202,129,73
2015-09-09 18:00:00,227,150,77
2015-09-09 19:00:00,152,70,82
2015-09-09 20:00:00,84,37,47
2015-09-09 21:00:00,7,3,4
2015-09-09 22:00:00,6,3,3
2015-09-09 23:00:00,2,2,0
2015-09-10 00:00:00,3,2,1
2015-09-10 01:00:00,1,0,1
2015-09-10 02:00:00,0,0,0
2015-09-10 03:00:00,0,0,0
2015-09-10 04:00:00,0,0,0
2015-09-10 05:00:00,5,2,3
2015-09-10 06:00:00,24,10,14
2015-09-10 07:00:00,58,14,44
2015-09-10 08:00:00,111,30,81
2015-09-10 09:00:00,79,21,58
2015-09-10 10:00:00,63,26,37
2015-09-10 11:00:00,56,33,23
2015-09-10 12:00:00,73,23,50
2015-09-10 13:00:00,89,56,33
2015-09-10 14:00:00,90,42,48
2015-09-10 15:00:00,79,49,30
2015-09-10 16:00:00,127,73,54
2015-09-10 17:00:00,193,139,54
2015-09-10 18:00:00,202,130,72
2015-09-10 19:00:00,128,82,46
2015-09-10 20:00:00,42,14,28
2015-09-10 21:00:00,10,7,3
2015-09-10 22:00:00,9,9,0
2015-09-10 23:00:00,3,2,1
2015-09-11 00:00:00,2,2,0
2015-09-11 01:00:00,0,0,0
2015-09-11 02:00:00,0,0,0
2015-09-11 03:00:00,0,0,0
2015-09-11 04:00:00,0,0,0
2015-09-11 05:00:00,8,2,6
2015-09-11 06:00:00,25,4,21
2015-09-11 07:00:00,67,16,51
2015-09-11 08:00:00,102,28,74
2015-09-11 09:00:00,102,49,53
2015-09-11 10:00:00,80,44,36
2015-09-11 11:00:00,66,29,37
2015-09-11 12:00:00,93,46,47
2015-09-11 13:00:00,76,33,43
2015-09-11 14:00:00,120,59,61
2015-09-11 15:00:00,116,61,55
2015-09-11 16:00:00,99,60,39
2015-09-11 17:00:00,193,118,75
2015-09-11 18:00:00,175,118,57
2015-09-11 19:00:00,93,51,42
2015-09-11 20:00:00,40,20,20
2015-09-11 21:00:00,8,3,5
2015-09-11 22:00:00,10,5,5
2015-09-11 23:00:00,2,2,0
2015-09-12 00:00:00,2,0,2
2015-09-12 01:00:00,0,0,0
2015-09-12 02:00:00,0,0,0
2015-09-12 03:00:00,5,4,1
2015-09-12 04:00:00,0,0,0
2015-09-12 05:00:00,2,1,1
2015-09-12 06:00:00,4,2,2
2015-09-12 07:00:00,16,7,9
2015-09-12 08:00:00,55,31,24
2015-09-12 09:00:00,114,58,56
2015-09-12 10:00:00,144,83,61
2015-09-12 11:00:00,214,122,92
2015-09-12 12:00:00,249,132,117
2015-09-12 13:00:00,211,115,96
2015-09-12 14:00:00,256,142,114
2015-09-12 15:00:00,223,124,99
2015-09-12 16:00:00,198,100,98
2015-09-12 17:00:00,166,68,98
2015-09-12 18:00:00,131,53,78
2015-09-12 19:00:00,77,28,49
2015-09-12 20:00:00,36,11,25
2015-09-12 21:00:00,10,4,6
2015-09-12 22:00:00,3,0,3
2015-09-12 23:00:00,6,3,3
2015-09-13 00:00:00,5,1,4
2015-09-13 01:00:00,0,0,0
2015-09-13 02:00:00,0,0,0
2015-09-13 03:00:00,0,0,0
2015-09-13 04:00:00,0,0,0
2015-09-13 05:00:00,3,3,0
2015-09-13 06:00:00,2,2,0
2015-09-13 07:00:00,14,8,6
2015-09-13 08:00:00,41,16,25
2015-09-13 09:00:00,59,35,24
2015-09-13 10:00:00,193,149,44
2015-09-13 11:00:00,114,90,24
2015-09-13 12:00:00,149,33,116
2015-09-13 13:00:00,111,30,81
2015-09-13 14:00:00,69,30,39
2015-09-13 15:00:00,84,50,34
2015-09-13 16:00:00,90,44,46
2015-09-13 17:00:00,83,33,50
2015-09-13 18:00:00,69,30,39
2015-09-13 19:00:00,31,8,23
2015-09-13 20:00:00,9,1,8
2015-09-13 21:00:00,5,0,5
2015-09-13 22:00:00,2,2,0
2015-09-13 23:00:00,0,0,0
2015-09-14 00:00:00,2,2,0
2015-09-14 01:00:00,0,0,0
2015-09-14 02:00:00,0,0,0
2015-09-14 03:00:00,0,0,0
2015-09-14 04:00:00,3,1,2
2015-09-14 05:00:00,4,0,4
2015-09-14 06:00:00,21,6,15
2015-09-14 07:00:00,58,13,45
2015-09-14 08:00:00,94,18,76
2015-09-14 09:00:00,77,26,51
2015-09-14 10:00:00,34,15,19
2015-09-14 11:00:00,47,14,33
2015-09-14 12:00:00,56,35,21
2015-09-14 13:00:00,37,21,16
2015-09-14 14:00:00,41,26,15
2015-09-14 15:00:00,51,27,24
2015-09-14 16:00:00,92,66,26
2015-09-14 17:00:00,121,88,33
2015-09-14 18:00:00,148,98,50
2015-09-14 19:00:00,58,37,21
2015-09-14 20:00:00,25,12,13
2015-09-14 21:00:00,7,7,0
2015-09-14 22:00:00,4,2,2
2015-09-14 23:00:00,1,0,1
2015-09-15 00:00:00,2,1,1
2015-09-15 01:00:00,0,0,0
2015-09-15 02:00:00,0,0,0
2015-09-15 03:00:00,1,1,0
2015-09-15 04:00:00,0,0,0
2015-09-15 05:00:00,9,5,4
2015-09-15 06:00:00,16,2,14
2015-09-15 07:00:00,49,8,41
2015-09-15 08:00:00,106,24,82
2015-09-15 09:00:00,76,28,48
2015-09-15 10:00:00,49,27,22
2015-09-15 11:00:00,41,13,28
2015-09-15 12:00:00,47,27,20
2015-09-15 13:00:00,58,27,31
2015-09-15 14:00:00,53,22,31
2015-09-15 15:00:00,63,45,18
2015-09-15 16:00:00,88,52,36
2015-09-15 17:00:00,114,79,35
2015-09-15 18:00:00,155,111,44
2015-09-15 19:00:00,80,38,42
2015-09-15 20:00:00,27,16,11
2015-09-15 21:00:00,2,2,0
2015-09-15 22:00:00,7,5,2
2015-09-15 23:00:00,0,0,0
2015-09-16 00:00:00,0,0,0
2015-09-16 01:00:00,2,2,0
2015-09-16 02:00:00,0,0,0
2015-09-16 03:00:00,1,1,0
2015-09-16 04:00:00,1,0,1
2015-09-16 05:00:00,10,1,9
2015-09-16 06:00:00,19,5,14
2015-09-16 07:00:00,64,13,51
2015-09-16 08:00:00,84,19,65
2015-09-16 09:00:00,77,21,56
2015-09-16 10:00:00,60,22,38
2015-09-16 11:00:00,36,19,17
2015-09-16 12:00:00,67,28,39
2015-09-16 13:00:00,68,31,37
2015-09-16 14:00:00,77,52,25
2015-09-16 15:00:00,104,57,47
2015-09-16 16:00:00,104,54,50
2015-09-16 17:00:00,141,94,47
2015-09-16 18:00:00,191,124,67
2015-09-16 19:00:00,110,72,38
2015-09-16 20:00:00,31,13,18
2015-09-16 21:00:00,5,3,2
2015-09-16 22:00:00,7,5,2
2015-09-16 23:00:00,3,1,2
2015-09-17 00:00:00,2,2,0
2015-09-17 01:00:00,0,0,0
2015-09-17 02:00:00,0,0,0
2015-09-17 03:00:00,0,0,0
2015-09-17 04:00:00,0,0,0
2015-09-17 05:00:00,5,0,5
2015-09-17 06:00:00,17,6,11
2015-09-17 07:00:00,30,8,22
2015-09-17 08:00:00,58,15,43
2015-09-17 09:00:00,58,13,45
2015-09-17 10:00:00,23,8,15
2015-09-17 11:00:00,29,17,12
2015-09-17 12:00:00,15,6,9
2015-09-17 13:00:00,18,10,8
2015-09-17 14:00:00,22,16,6
2015-09-17 15:00:00,25,8,17
2015-09-17 16:00:00,36,25,11
2015-09-17 17:00:00,53,33,20
2015-09-17 18:00:00,77,59,18
2015-09-17 19:00:00,39,28,11
2015-09-17 20:00:00,13,9,4
2015-09-17 21:00:00,4,4,0
2015-09-17 22:00:00,4,1,3
2015-09-17 23:00:00,5,4,1
2015-09-18 00:00:00,1,1,0
2015-09-18 01:00:00,1,1,0
2015-09-18 02:00:00,1,0,1
2015-09-18 03:00:00,0,0,0
2015-09-18 04:00:00,1,1,0
2015-09-18 05:00:00,2,0,2
2015-09-18 06:00:00,18,4,14
2015-09-18 07:00:00,48,15,33
2015-09-18 08:00:00,73,16,57
2015-09-18 09:00:00,58,23,35
2015-09-18 10:00:00,64,36,28
2015-09-18 11:00:00,43,16,27
2015-09-18 12:00:00,52,24,28
2015-09-18 13:00:00,85,53,32
2015-09-18 14:00:00,61,38,23
2015-09-18 15:00:00,62,34,28
2015-09-18 16:00:00,77,42,35
2015-09-18 17:00:00,85,55,30
2015-09-18 18:00:00,118,83,35
2015-09-18 19:00:00,56,29,27
2015-09-18 20:00:00,25,15,10
2015-09-18 21:00:00,11,7,4
2015-09-18 22:00:00,5,4,1
2015-09-18 23:00:00,6,5,1
2015-09-19 00:00:00,1,1,0
2015-09-19 01:00:00,0,0,0
2015-09-19 02:00:00,0,0,0
2015-09-19 03:00:00,0,0,0
2015-09-19 04:00:00,0,0,0
2015-09-19 05:00:00,1,1,0
2015-09-19 06:00:00,9,1,8
2015-09-19 07:00:00,20,9,11
2015-09-19 08:00:00,34,22,12
2015-09-19 09:00:00,71,49,22
2015-09-19 10:00:00,102,67,35
2015-09-19 11:00:00,186,118,68
2015-09-19 12:00:00,155,73,82
2015-09-19 13:00:00,117,50,67
2015-09-19 14:00:00,136,53,83
2015-09-19 15:00:00,161,80,81
2015-09-19 16:00:00,116,55,61
2015-09-19 17:00:00,134,70,64
2015-09-19 18:00:00,92,48,44
2015-09-19 19:00:00,73,27,46
2015-09-19 20:00:00,30,21,9
2015-09-19 21:00:00,6,3,3
2015-09-19 22:00:00,2,1,1
2015-09-19 23:00:00,2,1,1
2015-09-20 00:00:00,3,1,2
2015-09-20 01:00:00,0,0,0
2015-09-20 02:00:00,0,0,0
2015-09-20 03:00:00,0,0,0
2015-09-20 04:00:00,0,0,0
2015-09-20 05:00:00,0,0,0
2015-09-20 06:00:00,1,1,0
2015-09-20 07:00:00,5,1,4
2015-09-20 08:00:00,21,14,7
2015-09-20 09:00:00,48,26,22
2015-09-20 10:00:00,74,38,36
2015-09-20 11:00:00,116,70,46
2015-09-20 12:00:00,82,40,42
2015-09-20 13:00:00,98,49,49
2015-09-20 14:00:00,126,75,51
2015-09-20 15:00:00,115,54,61
2015-09-20 16:00:00,94,46,48
2015-09-20 17:00:00,57,27,30
2015-09-20 18:00:00,60,24,36
2015-09-20 19:00:00,16,7,9
2015-09-20 20:00:00,13,1,12
2015-09-20 21:00:00,6,5,1
2015-09-20 22:00:00,2,2,0
2015-09-20 23:00:00,0,0,0
2015-09-21 00:00:00,1,1,0
2015-09-21 01:00:00,1,1,0
2015-09-21 02:00:00,0,0,0
2015-09-21 03:00:00,0,0,0
2015-09-21 04:00:00,1,0,1
2015-09-21 05:00:00,5,2,3
2015-09-21 06:00:00,13,3,10
2015-09-21 07:00:00,61,16,45
2015-09-21 08:00:00,85,19,66
2015-09-21 09:00:00,75,25,50
2015-09-21 10:00:00,68,26,42
2015-09-21 11:00:00,55,32,23
2015-09-21 12:00:00,50,28,22
2015-09-21 13:00:00,55,36,19
2015-09-21 14:00:00,82,43,39
2015-09-21 15:00:00,67,33,34
2015-09-21 16:00:00,96,60,36
2015-09-21 17:00:00,150,99,51
2015-09-21 18:00:00,147,99,48
2015-09-21 19:00:00,74,44,30
2015-09-21 20:00:00,29,21,8
2015-09-21 21:00:00,9,6,3
2015-09-21 22:00:00,7,3,4
2015-09-21 23:00:00,1,1,0
2015-09-22 00:00:00,2,1,1
2015-09-22 01:00:00,0,0,0
2015-09-22 02:00:00,0,0,0
2015-09-22 03:00:00,0,0,0
2015-09-22 04:00:00,1,1,0
2015-09-22 05:00:00,12,5,7
2015-09-22 06:00:00,14,3,11
2015-09-22 07:00:00,73,18,55
2015-09-22 08:00:00,118,23,95
2015-09-22 09:00:00,103,27,76
2015-09-22 10:00:00,64,29,35
2015-09-22 11:00:00,44,20,24
2015-09-22 12:00:00,56,34,22
2015-09-22 13:00:00,48,26,22
2015-09-22 14:00:00,61,29,32
2015-09-22 15:00:00,79,41,38
2015-09-22 16:00:00,123,76,47
2015-09-22 17:00:00,156,112,44
2015-09-22 18:00:00,183,130,53
2015-09-22 19:00:00,105,56,49
2015-09-22 20:00:00,32,18,14
2015-09-22 21:00:00,11,8,3
2015-09-22 22:00:00,19,7,12
2015-09-22 23:00:00,2,1,1
2015-09-23 00:00:00,2,2,0
2015-09-23 01:00:00,0,0,0
2015-09-23 02:00:00,0,0,0
2015-09-23 03:00:00,1,1,0
2015-09-23 04:00:00,0,0,0
2015-09-23 05:00:00,8,2,6
2015-09-23 06:00:00,28,7,21
2015-09-23 07:00:00,60,13,47
2015-09-23 08:00:00,116,18,98
2015-09-23 09:00:00,95,26,69
2015-09-23 10:00:00,67,23,44
2015-09-23 11:00:00,57,28,29
2015-09-23 12:00:00,53,24,29
2015-09-23 13:00:00,54,29,25
2015-09-23 14:00:00,60,33,27
2015-09-23 15:00:00,76,38,38
2015-09-23 16:00:00,127,74,53
2015-09-23 17:00:00,181,116,65
2015-09-23 18:00:00,218,146,72
2015-09-23 19:00:00,107,63,44
2015-09-23 20:00:00,30,18,12
2015-09-23 21:00:00,7,3,4
2015-09-23 22:00:00,3,1,2
2015-09-23 23:00:00,3,3,0
2015-09-24 00:00:00,1,1,0
2015-09-24 01:00:00,0,0,0
2015-09-24 02:00:00,0,0,0
2015-09-24 03:00:00,0,0,0
2015-09-24 04:00:00,1,0,1
2015-09-24 05:00:00,8,2,6
2015-09-24 06:00:00,19,4,15
2015-09-24 07:00:00,50,13,37
2015-09-24 08:00:00,98,21,77
2015-09-24 09:00:00,75,24,51
2015-09-24 10:00:00,53,17,36
2015-09-24 11:00:00,51,23,28
2015-09-24 12:00:00,59,30,29
2015-09-24 13:00:00,62,30,32
2015-09-24 14:00:00,69,38,31
2015-09-24 15:00:00,79,42,37
2015-09-24 16:00:00,86,54,32
2015-09-24 17:00:00,158,98,60
2015-09-24 18:00:00,177,125,52
2015-09-24 19:00:00,91,54,37
2015-09-24 20:00:00,17,12,5
2015-09-24 21:00:00,8,5,3
2015-09-24 22:00:00,7,7,0
2015-09-24 23:00:00,2,2,0
2015-09-25 00:00:00,2,2,0
2015-09-25 01:00:00,3,2,1
2015-09-25 02:00:00,2,0,2
2015-09-25 03:00:00,0,0,0
2015-09-25 04:00:00,1,1,0
2015-09-25 05:00:00,3,1,2
2015-09-25 06:00:00,13,4,9
2015-09-25 07:00:00,30,4,26
2015-09-25 08:00:00,52,10,42
2015-09-25 09:00:00,44,16,28
2015-09-25 10:00:00,28,11,17
2015-09-25 11:00:00,22,7,15
2015-09-25 12:00:00,37,15,22
2015-09-25 13:00:00,35,23,12
2015-09-25 14:00:00,36,21,15
2015-09-25 15:00:00,40,21,19
2015-09-25 16:00:00,59,38,21
2015-09-25 17:00:00,79,50,29
2015-09-25 18:00:00,86,53,33
2015-09-25 19:00:00,44,23,21
2015-09-25 20:00:00,7,4,3
2015-09-25 21:00:00,2,1,1
2015-09-25 22:00:00,1,0,1
2015-09-25 23:00:00,1,1,0
2015-09-26 00:00:00,3,3,0
2015-09-26 01:00:00,0,0,0
2015-09-26 02:00:00,0,0,0
2015-09-26 03:00:00,0,0,0
2015-09-26 04:00:00,0,0,0
2015-09-26 05:00:00,0,0,0
2015-09-26 06:00:00,6,1,5
2015-09-26 07:00:00,18,12,6
2015-09-26 08:00:00,57,32,25
2015-09-26 09:00:00,64,38,26
2015-09-26 10:00:00,116,58,58
2015-09-26 11:00:00,135,78,57
2015-09-26 12:00:00,170,79,91
2015-09-26 13:00:00,154,69,85
2015-09-26 14:00:00,166,76,90
2015-09-26 15:00:00,163,78,85
2015-09-26 16:00:00,103,46,57
2015-09-26 17:00:00,127,70,57
2015-09-26 18:00:00,95,52,43
2015-09-26 19:00:00,60,27,33
2015-09-26 20:00:00,21,12,9
2015-09-26 21:00:00,8,3,5
2015-09-26 22:00:00,0,0,0
2015-09-26 23:00:00,0,0,0
2015-09-27 00:00:00,0,0,0
2015-09-27 01:00:00,1,1,0
2015-09-27 02:00:00,0,0,0
2015-09-27 03:00:00,1,1,0
2015-09-27 04:00:00,0,0,0
2015-09-27 05:00:00,4,3,1
2015-09-27 06:00:00,2,1,1
2015-09-27 07:00:00,19,13,6
2015-09-27 08:00:00,35,23,12
2015-09-27 09:00:00,57,23,34
2015-09-27 10:00:00,76,38,38
2015-09-27 11:00:00,123,70,53
2015-09-27 12:00:00,146,82,64
2015-09-27 13:00:00,154,84,70
2015-09-27 14:00:00,156,62,94
2015-09-27 15:00:00,183,104,79
2015-09-27 16:00:00,128,52,76
2015-09-27 17:00:00,132,61,71
2015-09-27 18:00:00,85,49,36
2015-09-27 19:00:00,32,11,21
2015-09-27 20:00:00,15,5,10
2015-09-27 21:00:00,2,1,1
2015-09-27 22:00:00,0,0,0
2015-09-27 23:00:00,3,1,2
2015-09-28 00:00:00,0,0,0
2015-09-28 01:00:00,0,0,0
2015-09-28 02:00:00,0,0,0
2015-09-28 03:00:00,1,1,0
2015-09-28 04:00:00,3,0,3
2015-09-28 05:00:00,7,2,5
2015-09-28 06:00:00,21,0,21
2015-09-28 07:00:00,45,6,39
2015-09-28 08:00:00,83,16,67
2015-09-28 09:00:00,91,22,69
2015-09-28 10:00:00,48,20,28
2015-09-28 11:00:00,57,28,29
2015-09-28 12:00:00,60,23,37
2015-09-28 13:00:00,46,28,18
2015-09-28 14:00:00,76,46,30
2015-09-28 15:00:00,86,45,41
2015-09-28 16:00:00,101,69,32
2015-09-28 17:00:00,151,94,57
2015-09-28 18:00:00,159,112,47
2015-09-28 19:00:00,55,37,18
2015-09-28 20:00:00,22,17,5
2015-09-28 21:00:00,9,4,5
2015-09-28 22:00:00,5,3,2
2015-09-28 23:00:00,1,1,0
2015-09-29 00:00:00,3,3,0
2015-09-29 01:00:00,2,1,1
2015-09-29 02:00:00,0,0,0
2015-09-29 03:00:00,1,0,1
2015-09-29 04:00:00,0,0,0
2015-09-29 05:00:00,10,5,5
2015-09-29 06:00:00,16,3,13
2015-09-29 07:00:00,69,16,53
2015-09-29 08:00:00,98,24,74
2015-09-29 09:00:00,85,22,63
2015-09-29 10:00:00,77,30,47
2015-09-29 11:00:00,64,37,27
2015-09-29 12:00:00,52,18,34
2015-09-29 13:00:00,84,45,39
2015-09-29 14:00:00,94,61,33
2015-09-29 15:00:00,80,38,42
2015-09-29 16:00:00,110,68,42
2015-09-29 17:00:00,193,120,73
2015-09-29 18:00:00,228,156,72
2015-09-29 19:00:00,96,53,43
2015-09-29 20:00:00,27,17,10
2015-09-29 21:00:00,17,14,3
2015-09-29 22:00:00,5,4,1
2015-09-29 23:00:00,3,2,1
2015-09-30 00:00:00,1,1,0
2015-09-30 01:00:00,0,0,0
2015-09-30 02:00:00,0,0,0
2015-09-30 03:00:00,1,1,0
2015-09-30 04:00:00,0,0,0
2015-09-30 05:00:00,12,1,11
2015-09-30 06:00:00,17,3,14
2015-09-30 07:00:00,72,15,57
2015-09-30 08:00:00,104,24,80
2015-09-30 09:00:00,77,21,56
2015-09-30 10:00:00,53,18,35
2015-09-30 11:00:00,32,15,17
2015-09-30 12:00:00,45,24,21
2015-09-30 13:00:00,50,23,27
2015-09-30 14:00:00,38,18,20
2015-09-30 15:00:00,61,36,25
2015-09-30 16:00:00,89,67,22
2015-09-30 17:00:00,168,114,54
2015-09-30 18:00:00,190,119,71
2015-09-30 19:00:00,84,57,27
2015-09-30 20:00:00,23,13,10
2015-09-30 21:00:00,9,4,5
2015-09-30 22:00:00,6,3,3
2015-09-30 23:00:00,3,3,0
2015-10-01 00:00:00,0,0,0
2015-10-01 01:00:00,0,0,0
2015-10-01 02:00:00,1,1,0
2015-10-01 03:00:00,0,0,0
2015-10-01 04:00:00,1,0,1
2015-10-01 05:00:00,9,3,6
2015-10-01 06:00:00,16,2,14
2015-10-01 07:00:00,50,10,40
2015-10-01 08:00:00,88,24,64
2015-10-01 09:00:00,78,28,50
2015-10-01 10:00:00,67,22,45
2015-10-01 11:00:00,54,32,22
2015-10-01 12:00:00,41,19,22
2015-10-01 13:00:00,50,32,18
2015-10-01 14:00:00,82,46,36
2015-10-01 15:00:00,94,56,38
2015-10-01 16:00:00,152,102,50
2015-10-01 17:00:00,169,111,58
2015-10-01 18:00:00,81,46,35
2015-10-01 19:00:00,18,11,7
2015-10-01 20:00:00,11,11,0
2015-10-01 21:00:00,6,5,1
2015-10-01 22:00:00,0,0,0
2015-10-01 23:00:00,1,1,0
2015-10-02 00:00:00,1,1,0
2015-10-02 01:00:00,3,1,2
2015-10-02 02:00:00,0,0,0
2015-10-02 03:00:00,1,1,0
2015-10-02 04:00:00,6,2,4
2015-10-02 05:00:00,14,2,12
2015-10-02 06:00:00,57,14,43
2015-10-02 07:00:00,68,17,51
2015-10-02 08:00:00,62,16,46
2015-10-02 09:00:00,38,14,24
2015-10-02 10:00:00,27,14,13
2015-10-02 11:00:00,20,6,14
2015-10-02 12:00:00,35,18,17
2015-10-02 13:00:00,46,33,13
2015-10-02 14:00:00,29,17,12
2015-10-02 15:00:00,53,38,15
2015-10-02 16:00:00,83,61,22
2015-10-02 17:00:00,98,77,21
2015-10-02 18:00:00,40,27,13
2015-10-02 19:00:00,13,11,2
2015-10-02 20:00:00,2,1,1
2015-10-02 21:00:00,3,3,0
2015-10-02 22:00:00,4,2,2
2015-10-02 23:00:00,5,5,0
2015-10-03 00:00:00,0,0,0
2015-10-03 01:00:00,1,0,1
2015-10-03 02:00:00,0,0,0
2015-10-03 03:00:00,0,0,0
2015-10-03 04:00:00,0,0,0
2015-10-03 05:00:00,2,0,2
2015-10-03 06:00:00,10,4,6
2015-10-03 07:00:00,31,18,13
2015-10-03 08:00:00,47,30,17
2015-10-03 09:00:00,91,50,41
2015-10-03 10:00:00,120,69,51
2015-10-03 11:00:00,127,69,58
2015-10-03 12:00:00,195,107,88
2015-10-03 13:00:00,163,95,68
2015-10-03 14:00:00,137,64,73
2015-10-03 15:00:00,202,98,104
2015-10-03 16:00:00,131,64,67
2015-10-03 17:00:00,97,43,54
2015-10-03 18:00:00,34,14,20
2015-10-03 19:00:00,10,3,7
2015-10-03 20:00:00,3,0,3
2015-10-03 21:00:00,2,0,2
2015-10-03 22:00:00,2,2,0
2015-10-03 23:00:00,5,4,1
2015-10-04 00:00:00,0,0,0
2015-10-04 01:00:00,1,1,0
2015-10-04 02:00:00,1,1,0
2015-10-04 03:00:00,0,0,0
2015-10-04 04:00:00,0,0,0
2015-10-04 05:00:00,0,0,0
2015-10-04 06:00:00,9,6,3
2015-10-04 07:00:00,22,10,12
2015-10-04 08:00:00,53,36,17
2015-10-04 09:00:00,129,72,57
2015-10-04 10:00:00,157,82,75
2015-10-04 11:00:00,159,91,68
2015-10-04 12:00:00,200,121,79
2015-10-04 13:00:00,201,91,110
2015-10-04 14:00:00,265,111,154
2015-10-04 15:00:00,206,90,116
2015-10-04 16:00:00,177,90,87
2015-10-04 17:00:00,91,34,57
2015-10-04 18:00:00,36,16,20
2015-10-04 19:00:00,15,7,8
2015-10-04 20:00:00,4,3,1
2015-10-04 21:00:00,3,1,2
2015-10-04 22:00:00,2,2,0
2015-10-04 23:00:00,2,2,0
2015-10-05 00:00:00,0,0,0
2015-10-05 01:00:00,0,0,0
2015-10-05 02:00:00,0,0,0
2015-10-05 03:00:00,2,0,2
2015-10-05 04:00:00,7,3,4
2015-10-05 05:00:00,20,6,14
2015-10-05 06:00:00,66,13,53
2015-10-05 07:00:00,93,18,75
2015-10-05 08:00:00,112,35,77
2015-10-05 09:00:00,51,26,25
2015-10-05 10:00:00,57,26,31
2015-10-05 11:00:00,46,31,15
2015-10-05 12:00:00,63,36,27
2015-10-05 13:00:00,73,42,31
2015-10-05 14:00:00,86,39,47
2015-10-05 15:00:00,103,61,42
2015-10-05 16:00:00,180,126,54
2015-10-05 17:00:00,178,115,63
2015-10-05 18:00:00,55,28,27
2015-10-05 19:00:00,19,13,6
2015-10-05 20:00:00,11,8,3
2015-10-05 21:00:00,9,4,5
2015-10-05 22:00:00,3,3,0
2015-10-05 23:00:00,1,1,0
2015-10-06 00:00:00,0,0,0
2015-10-06 01:00:00,0,0,0
2015-10-06 02:00:00,1,0,1
2015-10-06 03:00:00,0,0,0
2015-10-06 04:00:00,15,6,9
2015-10-06 05:00:00,19,0,19
2015-10-06 06:00:00,61,11,50
2015-10-06 07:00:00,103,34,69
2015-10-06 08:00:00,89,22,67
2015-10-06 09:00:00,61,24,37
2015-10-06 10:00:00,25,17,8
2015-10-06 11:00:00,43,30,13
2015-10-06 12:00:00,43,16,27
2015-10-06 13:00:00,54,24,30
2015-10-06 14:00:00,47,25,22
2015-10-06 15:00:00,93,66,27
2015-10-06 16:00:00,137,89,48
2015-10-06 17:00:00,138,102,36
2015-10-06 18:00:00,72,46,26
2015-10-06 19:00:00,15,10,5
2015-10-06 20:00:00,4,4,0
2015-10-06 21:00:00,6,6,0
2015-10-06 22:00:00,8,4,4
2015-10-06 23:00:00,3,3,0
2015-10-07 00:00:00,0,0,0
2015-10-07 01:00:00,0,0,0
2015-10-07 02:00:00,1,1,0
2015-10-07 03:00:00,1,1,0
2015-10-07 04:00:00,6,0,6
2015-10-07 05:00:00,19,2,17
2015-10-07 06:00:00,40,6,34
2015-10-07 07:00:00,48,8,40
2015-10-07 08:00:00,41,8,33
2015-10-07 09:00:00,28,10,18
2015-10-07 10:00:00,10,1,9
2015-10-07 11:00:00,6,3,3
2015-10-07 12:00:00,9,6,3
2015-10-07 13:00:00,13,9,4
2015-10-07 14:00:00,12,5,7
2015-10-07 15:00:00,32,28,4
2015-10-07 16:00:00,61,47,14
2015-10-07 17:00:00,85,66,19
2015-10-07 18:00:00,25,21,4
2015-10-07 19:00:00,13,10,3
2015-10-07 20:00:00,6,3,3
2015-10-07 21:00:00,6,2,4
2015-10-07 22:00:00,4,4,0
2015-10-07 23:00:00,0,0,0
2015-10-08 00:00:00,0,0,0
2015-10-08 01:00:00,0,0,0
2015-10-08 02:00:00,1,0,1
2015-10-08 03:00:00,2,2,0
2015-10-08 04:00:00,6,2,4
2015-10-08 05:00:00,16,0,16
2015-10-08 06:00:00,59,9,50
2015-10-08 07:00:00,80,27,53
2015-10-08 08:00:00,86,28,58
2015-10-08 09:00:00,50,24,26
2015-10-08 10:00:00,32,18,14
2015-10-08 11:00:00,35,20,15
2015-10-08 12:00:00,39,20,19
2015-10-08 13:00:00,41,14,27
2015-10-08 14:00:00,53,37,16
2015-10-08 15:00:00,61,46,15
2015-10-08 16:00:00,128,82,46
2015-10-08 17:00:00,148,101,47
2015-10-08 18:00:00,51,30,21
2015-10-08 19:00:00,23,18,5
2015-10-08 20:00:00,5,2,3
2015-10-08 21:00:00,3,3,0
2015-10-08 22:00:00,4,3,1
2015-10-08 23:00:00,1,1,0
2015-10-09 00:00:00,2,2,0
2015-10-09 01:00:00,0,0,0
2015-10-09 02:00:00,0,0,0
2015-10-09 03:00:00,2,2,0
2015-10-09 04:00:00,7,1,6
2015-10-09 05:00:00,19,3,16
2015-10-09 06:00:00,37,7,30
2015-10-09 07:00:00,62,14,48
2015-10-09 08:00:00,70,23,47
2015-10-09 09:00:00,47,19,28
2015-10-09 10:00:00,33,19,14
2015-10-09 11:00:00,26,9,17
2015-10-09 12:00:00,26,19,7
2015-10-09 13:00:00,33,16,17
2015-10-09 14:00:00,38,19,19
2015-10-09 15:00:00,55,41,14
2015-10-09 16:00:00,110,79,31
2015-10-09 17:00:00,87,57,30
2015-10-09 18:00:00,47,29,18
2015-10-09 19:00:00,14,7,7
2015-10-09 20:00:00,2,2,0
2015-10-09 21:00:00,1,1,0
2015-10-09 22:00:00,4,3,1
2015-10-09 23:00:00,1,1,0
2015-10-10 00:00:00,1,1,0
2015-10-10 01:00:00,1,0,1
2015-10-10 02:00:00,0,0,0
2015-10-10 03:00:00,1,1,0
2015-10-10 04:00:00,4,0,4
2015-10-10 05:00:00,0,0,0
2015-10-10 06:00:00,6,3,3
2015-10-10 07:00:00,18,10,8
2015-10-10 08:00:00,38,20,18
2015-10-10 09:00:00,41,17,24
2015-10-10 10:00:00,20,7,13
2015-10-10 11:00:00,26,15,11
2015-10-10 12:00:00,17,11,6
2015-10-10 13:00:00,25,10,15
2015-10-10 14:00:00,23,10,13
2015-10-10 15:00:00,14,9,5
2015-10-10 16:00:00,16,11,5
2015-10-10 17:00:00,11,3,8
2015-10-10 18:00:00,10,5,5
2015-10-10 19:00:00,4,1,3
2015-10-10 20:00:00,2,2,0
2015-10-10 21:00:00,2,2,0
2015-10-10 22:00:00,0,0,0
2015-10-10 23:00:00,0,0,0
2015-10-11 00:00:00,0,0,0
2015-10-11 01:00:00,0,0,0
2015-10-11 02:00:00,0,0,0
2015-10-11 03:00:00,1,0,1
2015-10-11 04:00:00,1,1,0
2015-10-11 05:00:00,1,1,0
2015-10-11 06:00:00,3,2,1
2015-10-11 07:00:00,20,12,8
2015-10-11 08:00:00,44,23,21
2015-10-11 09:00:00,100,53,47
2015-10-11 10:00:00,73,45,28
2015-10-11 11:00:00,116,64,52
2015-10-11 12:00:00,102,60,42
2015-10-11 13:00:00,185,102,83
2015-10-11 14:00:00,248,121,127
2015-10-11 15:00:00,188,88,100
2015-10-11 16:00:00,114,47,67
2015-10-11 17:00:00,66,24,42
2015-10-11 18:00:00,33,11,22
2015-10-11 19:00:00,6,1,5
2015-10-11 20:00:00,2,2,0
2015-10-11 21:00:00,0,0,0
2015-10-11 22:00:00,3,2,1
2015-10-11 23:00:00,1,1,0
2015-10-12 00:00:00,0,0,0
2015-10-12 01:00:00,0,0,0
2015-10-12 02:00:00,0,0,0
2015-10-12 03:00:00,3,2,1
2015-10-12 04:00:00,5,0,5
2015-10-12 05:00:00,21,3,18
2015-10-12 06:00:00,51,5,46
2015-10-12 07:00:00,64,8,56
2015-10-12 08:00:00,64,14,50
2015-10-12 09:00:00,58,23,35
2015-10-12 10:00:00,44,21,23
2015-10-12 11:00:00,25,10,15
2015-10-12 12:00:00,32,15,17
2015-10-12 13:00:00,61,25,36
2015-10-12 14:00:00,34,20,14
2015-10-12 15:00:00,61,47,14
2015-10-12 16:00:00,111,79,32
2015-10-12 17:00:00,122,91,31
2015-10-12 18:00:00,30,23,7
2015-10-12 19:00:00,16,14,2
2015-10-12 20:00:00,10,6,4
2015-10-12 21:00:00,1,0,1
2015-10-12 22:00:00,1,1,0
2015-10-12 23:00:00,2,2,0
2015-10-13 00:00:00,0,0,0
2015-10-13 01:00:00,0,0,0
2015-10-13 02:00:00,0,0,0
2015-10-13 03:00:00,1,1,0
2015-10-13 04:00:00,8,3,5
2015-10-13 05:00:00,15,1,14
2015-10-13 06:00:00,50,7,43
2015-10-13 07:00:00,71,25,46
2015-10-13 08:00:00,68,24,44
2015-10-13 09:00:00,43,19,24
2015-10-13 10:00:00,21,11,10
2015-10-13 11:00:00,26,19,7
2015-10-13 12:00:00,26,15,11
2015-10-13 13:00:00,40,19,21
2015-10-13 14:00:00,52,27,25
2015-10-13 15:00:00,76,49,27
2015-10-13 16:00:00,107,65,42
2015-10-13 17:00:00,131,96,35
2015-10-13 18:00:00,44,32,12
2015-10-13 19:00:00,13,11,2
2015-10-13 20:00:00,13,7,6
2015-10-13 21:00:00,4,2,2
2015-10-13 22:00:00,4,2,2
2015-10-13 23:00:00,2,2,0
2015-10-14 00:00:00,0,0,0
2015-10-14 01:00:00,0,0,0
2015-10-14 02:00:00,1,1,0
2015-10-14 03:00:00,1,1,0
2015-10-14 04:00:00,9,1,8
2015-10-14 05:00:00,22,3,19
2015-10-14 06:00:00,51,5,46
2015-10-14 07:00:00,79,19,60
2015-10-14 08:00:00,65,16,49
2015-10-14 09:00:00,52,18,34
2015-10-14 10:00:00,42,23,19
2015-10-14 11:00:00,42,22,20
2015-10-14 12:00:00,35,19,16
2015-10-14 13:00:00,31,14,17
2015-10-14 14:00:00,55,29,26
2015-10-14 15:00:00,83,64,19
2015-10-14 16:00:00,131,81,50
2015-10-14 17:00:00,147,100,47
2015-10-14 18:00:00,50,35,15
2015-10-14 19:00:00,10,6,4
2015-10-14 20:00:00,15,9,6
2015-10-14 21:00:00,5,5,0
2015-10-14 22:00:00,5,2,3
2015-10-14 23:00:00,3,3,0
2015-10-15 00:00:00,0,0,0
2015-10-15 01:00:00,0,0,0
2015-10-15 02:00:00,0,0,0
2015-10-15 03:00:00,1,1,0
2015-10-15 04:00:00,7,1,6
2015-10-15 05:00:00,13,0,13
2015-10-15 06:00:00,52,7,45
2015-10-15 07:00:00,78,17,61
2015-10-15 08:00:00,81,30,51
2015-10-15 09:00:00,65,22,43
2015-10-15 10:00:00,54,23,31
2015-10-15 11:00:00,59,38,21
2015-10-15 12:00:00,57,27,30
2015-10-15 13:00:00,71,34,37
2015-10-15 14:00:00,78,43,35
2015-10-15 15:00:00,109,65,44
2015-10-15 16:00:00,123,74,49
2015-10-15 17:00:00,165,108,57
2015-10-15 18:00:00,69,44,25
2015-10-15 19:00:00,17,12,5
2015-10-15 20:00:00,11,8,3
2015-10-15 21:00:00,7,3,4
2015-10-15 22:00:00,3,2,1
2015-10-15 23:00:00,0,0,0
2015-10-16 00:00:00,1,1,0
2015-10-16 01:00:00,1,1,0
2015-10-16 02:00:00,0,0,0
2015-10-16 03:00:00,2,1,1
2015-10-16 04:00:00,6,2,4
2015-10-16 05:00:00,11,0,11
2015-10-16 06:00:00,42,6,36
2015-10-16 07:00:00,77,17,60
2015-10-16 08:00:00,73,27,46
2015-10-16 09:00:00,48,22,26
2015-10-16 10:00:00,48,22,26
2015-10-16 11:00:00,62,24,38
2015-10-16 12:00:00,75,39,36
2015-10-16 13:00:00,90,46,44
2015-10-16 14:00:00,106,68,38
2015-10-16 15:00:00,119,53,66
2015-10-16 16:00:00,120,73,47
2015-10-16 17:00:00,174,110,64
2015-10-16 18:00:00,161,96,65
2015-10-16 19:00:00,47,23,24
2015-10-16 20:00:00,19,17,2
2015-10-16 21:00:00,12,7,5
2015-10-16 22:00:00,11,7,4
2015-10-16 23:00:00,7,6,1
2015-10-17 00:00:00,2,2,0
2015-10-17 01:00:00,1,1,0
2015-10-17 02:00:00,0,0,0
2015-10-17 03:00:00,0,0,0
2015-10-17 04:00:00,0,0,0
2015-10-17 05:00:00,2,2,0
2015-10-17 06:00:00,3,0,3
2015-10-17 07:00:00,8,5,3
2015-10-17 08:00:00,18,11,7
2015-10-17 09:00:00,71,41,30
2015-10-17 10:00:00,108,75,33
2015-10-17 11:00:00,118,57,61
2015-10-17 12:00:00,120,59,61
2015-10-17 13:00:00,133,58,75
2015-10-17 14:00:00,111,53,58
2015-10-17 15:00:00,126,72,54
2015-10-17 16:00:00,106,49,57
2015-10-17 17:00:00,97,42,55
2015-10-17 18:00:00,45,17,28
2015-10-17 19:00:00,17,7,10
2015-10-17 20:00:00,3,2,1
2015-10-17 21:00:00,0,0,0
2015-10-17 22:00:00,1,0,1
2015-10-17 23:00:00,3,1,2
2015-10-18 00:00:00,7,7,0
2015-10-18 01:00:00,1,1,0
2015-10-18 02:00:00,0,0,0
2015-10-18 03:00:00,0,0,0
2015-10-18 04:00:00,0,0,0
2015-10-18 05:00:00,3,2,1
2015-10-18 06:00:00,4,3,1
2015-10-18 07:00:00,3,3,0
2015-10-18 08:00:00,33,21,12
2015-10-18 09:00:00,25,16,9
2015-10-18 10:00:00,45,27,18
2015-10-18 11:00:00,44,26,18
2015-10-18 12:00:00,56,26,30
2015-10-18 13:00:00,54,30,24
2015-10-18 14:00:00,40,21,19
2015-10-18 15:00:00,42,16,26
2015-10-18 16:00:00,38,20,18
2015-10-18 17:00:00,38,12,26
2015-10-18 18:00:00,26,7,19
2015-10-18 19:00:00,8,6,2
2015-10-18 20:00:00,3,1,2
2015-10-18 21:00:00,4,1,3
2015-10-18 22:00:00,3,0,3
2015-10-18 23:00:00,1,1,0
2015-10-19 00:00:00,0,0,0
2015-10-19 01:00:00,1,1,0
2015-10-19 02:00:00,1,1,0
2015-10-19 03:00:00,0,0,0
2015-10-19 04:00:00,3,1,2
2015-10-19 05:00:00,3,1,2
2015-10-19 06:00:00,15,1,14
2015-10-19 07:00:00,34,5,29
2015-10-19 08:00:00,60,15,45
2015-10-19 09:00:00,65,19,46
2015-10-19 10:00:00,38,17,21
2015-10-19 11:00:00,42,18,24
2015-10-19 12:00:00,20,16,4
2015-10-19 13:00:00,37,15,22
2015-10-19 14:00:00,29,14,15
2015-10-19 15:00:00,40,22,18
2015-10-19 16:00:00,63,42,21
2015-10-19 17:00:00,75,51,24
2015-10-19 18:00:00,105,77,28
2015-10-19 19:00:00,35,21,14
2015-10-19 20:00:00,10,5,5
2015-10-19 21:00:00,13,10,3
2015-10-19 22:00:00,7,5,2
2015-10-19 23:00:00,6,3,3
2015-10-20 00:00:00,2,1,1
2015-10-20 01:00:00,0,0,0
2015-10-20 02:00:00,0,0,0
2015-10-20 03:00:00,0,0,0
2015-10-20 04:00:00,1,1,0
2015-10-20 05:00:00,9,3,6
2015-10-20 06:00:00,13,1,12
2015-10-20 07:00:00,53,7,46
2015-10-20 08:00:00,96,26,70
2015-10-20 09:00:00,80,27,53
2015-10-20 10:00:00,55,31,24
2015-10-20 11:00:00,47,23,24
2015-10-20 12:00:00,40,20,20
2015-10-20 13:00:00,46,25,21
2015-10-20 14:00:00,57,28,29
2015-10-20 15:00:00,74,43,31
2015-10-20 16:00:00,110,68,42
2015-10-20 17:00:00,180,116,64
2015-10-20 18:00:00,176,121,55
2015-10-20 19:00:00,35,21,14
2015-10-20 20:00:00,20,13,7
2015-10-20 21:00:00,4,4,0
2015-10-20 22:00:00,6,5,1
2015-10-20 23:00:00,4,3,1
2015-10-21 00:00:00,3,1,2
2015-10-21 01:00:00,0,0,0
2015-10-21 02:00:00,0,0,0
2015-10-21 03:00:00,2,2,0
2015-10-21 04:00:00,1,0,1
2015-10-21 05:00:00,6,0,6
2015-10-21 06:00:00,19,0,19
2015-10-21 07:00:00,63,15,48
2015-10-21 08:00:00,76,16,60
2015-10-21 09:00:00,59,21,38
2015-10-21 10:00:00,54,28,26
2015-10-21 11:00:00,40,12,28
2015-10-21 12:00:00,43,17,26
2015-10-21 13:00:00,30,20,10
2015-10-21 14:00:00,55,31,24
2015-10-21 15:00:00,53,22,31
2015-10-21 16:00:00,75,43,32
2015-10-21 17:00:00,117,76,41
2015-10-21 18:00:00,135,100,35
2015-10-21 19:00:00,37,27,10
2015-10-21 20:00:00,22,11,11
2015-10-21 21:00:00,8,5,3
2015-10-21 22:00:00,3,1,2
2015-10-21 23:00:00,8,5,3
2015-10-22 00:00:00,2,2,0
2015-10-22 01:00:00,0,0,0
2015-10-22 02:00:00,0,0,0
2015-10-22 03:00:00,1,1,0
2015-10-22 04:00:00,1,1,0
2015-10-22 05:00:00,7,1,6
2015-10-22 06:00:00,12,2,10
2015-10-22 07:00:00,58,9,49
2015-10-22 08:00:00,75,17,58
2015-10-22 09:00:00,76,18,58
2015-10-22 10:00:00,57,28,29
2015-10-22 11:00:00,47,19,28
2015-10-22 12:00:00,45,24,21
2015-10-22 13:00:00,48,29,19
2015-10-22 14:00:00,57,26,31
2015-10-22 15:00:00,80,44,36
2015-10-22 16:00:00,79,55,24
2015-10-22 17:00:00,122,83,39
2015-10-22 18:00:00,111,77,34
2015-10-22 19:00:00,38,24,14
2015-10-22 20:00:00,15,10,5
2015-10-22 21:00:00,12,11,1
2015-10-22 22:00:00,5,4,1
2015-10-22 23:00:00,7,2,5
2015-10-23 00:00:00,3,2,1
2015-10-23 01:00:00,0,0,0
2015-10-23 02:00:00,1,1,0
2015-10-23 03:00:00,0,0,0
2015-10-23 04:00:00,2,0,2
2015-10-23 05:00:00,8,2,6
2015-10-23 06:00:00,14,1,13
2015-10-23 07:00:00,38,14,24
2015-10-23 08:00:00,74,11,63
2015-10-23 09:00:00,72,24,48
2015-10-23 10:00:00,47,26,21
2015-10-23 11:00:00,69,45,24
2015-10-23 12:00:00,49,23,26
2015-10-23 13:00:00,50,29,21
2015-10-23 14:00:00,58,31,27
2015-10-23 15:00:00,95,33,62
2015-10-23 16:00:00,96,44,52
2015-10-23 17:00:00,125,87,38
2015-10-23 18:00:00,102,70,32
2015-10-23 19:00:00,31,19,12
2015-10-23 20:00:00,16,12,4
2015-10-23 21:00:00,8,5,3
2015-10-23 22:00:00,7,4,3
2015-10-23 23:00:00,7,3,4
2015-10-24 00:00:00,3,3,0
2015-10-24 01:00:00,0,0,0
2015-10-24 02:00:00,1,0,1
2015-10-24 03:00:00,1,1,0
2015-10-24 04:00:00,1,1,0
2015-10-24 05:00:00,1,1,0
2015-10-24 06:00:00,1,0,1
2015-10-24 07:00:00,7,5,2
2015-10-24 08:00:00,29,14,15
2015-10-24 09:00:00,53,30,23
2015-10-24 10:00:00,73,39,34
2015-10-24 11:00:00,100,54,46
2015-10-24 12:00:00,126,68,58
2015-10-24 13:00:00,85,43,42
2015-10-24 14:00:00,74,34,40
2015-10-24 15:00:00,89,52,37
2015-10-24 16:00:00,93,45,48
2015-10-24 17:00:00,88,43,45
2015-10-24 18:00:00,56,16,40
2015-10-24 19:00:00,24,9,15
2015-10-24 20:00:00,4,3,1
2015-10-24 21:00:00,4,0,4
2015-10-24 22:00:00,1,0,1
2015-10-24 23:00:00,0,0,0
2015-10-25 00:00:00,1,1,0
2015-10-25 01:00:00,0,0,0
2015-10-25 02:00:00,0,0,0
2015-10-25 03:00:00,0,0,0
2015-10-25 04:00:00,1,0,1
2015-10-25 05:00:00,3,3,0
2015-10-25 06:00:00,2,2,0
2015-10-25 07:00:00,1,0,1
2015-10-25 08:00:00,8,4,4
2015-10-25 09:00:00,43,28,15
2015-10-25 10:00:00,69,46,23
2015-10-25 11:00:00,77,44,33
2015-10-25 12:00:00,101,65,36
2015-10-25 13:00:00,160,65,95
2015-10-25 14:00:00,103,37,66
2015-10-25 15:00:00,117,42,75
2015-10-25 16:00:00,87,53,34
2015-10-25 17:00:00,36,10,26
2015-10-25 18:00:00,29,13,16
2015-10-25 19:00:00,7,4,3
2015-10-25 20:00:00,2,1,1
2015-10-25 21:00:00,0,0,0
2015-10-25 22:00:00,1,0,1
2015-10-25 23:00:00,0,0,0
2015-10-26 00:00:00,0,0,0
2015-10-26 01:00:00,0,0,0
2015-10-26 02:00:00,0,0,0
2015-10-26 03:00:00,0,0,0
2015-10-26 04:00:00,4,3,1
2015-10-26 05:00:00,6,0,6
2015-10-26 06:00:00,12,0,12
2015-10-26 07:00:00,30,6,24
2015-10-26 08:00:00,52,8,44
2015-10-26 09:00:00,51,20,31
2015-10-26 10:00:00,29,10,19
2015-10-26 11:00:00,17,7,10
2015-10-26 12:00:00,13,8,5
2015-10-26 13:00:00,16,7,9
2015-10-26 14:00:00,10,4,6
2015-10-26 15:00:00,26,18,8
2015-10-26 16:00:00,38,25,13
2015-10-26 17:00:00,59,44,15
2015-10-26 18:00:00,73,54,19
2015-10-26 19:00:00,22,14,8
2015-10-26 20:00:00,15,15,0
2015-10-26 21:00:00,7,6,1
2015-10-26 22:00:00,2,0,2
2015-10-26 23:00:00,4,4,0
2015-10-27 00:00:00,0,0,0
2015-10-27 01:00:00,0,0,0
2015-10-27 02:00:00,0,0,0
2015-10-27 03:00:00,0,0,0
2015-10-27 04:00:00,2,2,0
2015-10-27 05:00:00,4,0,4
2015-10-27 06:00:00,22,1,21
2015-10-27 07:00:00,43,8,35
2015-10-27 08:00:00,92,17,75
2015-10-27 09:00:00,80,28,52
2015-10-27 10:00:00,62,31,31
2015-10-27 11:00:00,36,20,16
2015-10-27 12:00:00,47,23,24
2015-10-27 13:00:00,58,24,34
2015-10-27 14:00:00,49,22,27
2015-10-27 15:00:00,63,37,26
2015-10-27 16:00:00,95,64,31
2015-10-27 17:00:00,155,92,63
2015-10-27 18:00:00,164,109,55
2015-10-27 19:00:00,51,32,19
2015-10-27 20:00:00,23,19,4
2015-10-27 21:00:00,3,3,0
2015-10-27 22:00:00,6,4,2
2015-10-27 23:00:00,3,3,0
2015-10-28 00:00:00,0,0,0
2015-10-28 01:00:00,1,1,0
2015-10-28 02:00:00,2,1,1
2015-10-28 03:00:00,1,1,0
2015-10-28 04:00:00,4,3,1
2015-10-28 05:00:00,11,4,7
2015-10-28 06:00:00,17,0,17
2015-10-28 07:00:00,41,6,35
2015-10-28 08:00:00,51,11,40
2015-10-28 09:00:00,44,8,36
2015-10-28 10:00:00,26,7,19
2015-10-28 11:00:00,15,6,9
2015-10-28 12:00:00,13,7,6
2015-10-28 13:00:00,15,6,9
2015-10-28 14:00:00,13,7,6
2015-10-28 15:00:00,15,8,7
2015-10-28 16:00:00,30,26,4
2015-10-28 17:00:00,71,48,23
2015-10-28 18:00:00,79,57,22
2015-10-28 19:00:00,27,20,7
2015-10-28 20:00:00,13,10,3
2015-10-28 21:00:00,5,4,1
2015-10-28 22:00:00,1,0,1
2015-10-28 23:00:00,7,5,2
2015-10-29 00:00:00,1,1,0
2015-10-29 01:00:00,0,0,0
2015-10-29 02:00:00,0,0,0
2015-10-29 03:00:00,2,2,0
2015-10-29 04:00:00,2,2,0
2015-10-29 05:00:00,4,1,3
2015-10-29 06:00:00,14,0,14
2015-10-29 07:00:00,53,11,42
2015-10-29 08:00:00,73,15,58
2015-10-29 09:00:00,73,30,43
2015-10-29 10:00:00,53,24,29
2015-10-29 11:00:00,31,13,18
2015-10-29 12:00:00,32,12,20
2015-10-29 13:00:00,42,22,20
2015-10-29 14:00:00,31,17,14
2015-10-29 15:00:00,31,17,14
2015-10-29 16:00:00,47,29,18
2015-10-29 17:00:00,79,58,21
2015-10-29 18:00:00,72,51,21
2015-10-29 19:00:00,44,31,13
2015-10-29 20:00:00,19,13,6
2015-10-29 21:00:00,5,2,3
2015-10-29 22:00:00,6,4,2
2015-10-29 23:00:00,3,2,1
2015-10-30 00:00:00,1,1,0
2015-10-30 01:00:00,0,0,0
2015-10-30 02:00:00,2,1,1
2015-10-30 03:00:00,0,0,0
2015-10-30 04:00:00,1,1,0
2015-10-30 05:00:00,6,1,5
2015-10-30 06:00:00,12,0,12
2015-10-30 07:00:00,26,4,22
2015-10-30 08:00:00,42,8,34
2015-10-30 09:00:00,40,11,29
2015-10-30 10:00:00,22,7,15
2015-10-30 11:00:00,11,6,5
2015-10-30 12:00:00,24,13,11
2015-10-30 13:00:00,28,15,13
2015-10-30 14:00:00,27,16,11
2015-10-30 15:00:00,39,17,22
2015-10-30 16:00:00,43,30,13
2015-10-30 17:00:00,51,37,14
2015-10-30 18:00:00,38,30,8
2015-10-30 19:00:00,19,14,5
2015-10-30 20:00:00,5,4,1
2015-10-30 21:00:00,2,2,0
2015-10-30 22:00:00,3,1,2
2015-10-30 23:00:00,1,1,0
2015-10-31 00:00:00,0,0,0
2015-10-31 01:00:00,0,0,0
2015-10-31 02:00:00,1,1,0
2015-10-31 03:00:00,1,1,0
2015-10-31 04:00:00,1,1,0
2015-10-31 05:00:00,0,0,0
2015-10-31 06:00:00,2,1,1
2015-10-31 07:00:00,2,1,1
2015-10-31 08:00:00,13,7,6
2015-10-31 09:00:00,16,6,10
2015-10-31 10:00:00,17,12,5
2015-10-31 11:00:00,20,11,9
2015-10-31 12:00:00,19,11,8
2015-10-31 13:00:00,15,8,7
2015-10-31 14:00:00,13,4,9
2015-10-31 15:00:00,33,18,15
2015-10-31 16:00:00,32,20,12
2015-10-31 17:00:00,28,11,17
2015-10-31 18:00:00,6,2,4
2015-10-31 19:00:00,2,2,0
2015-10-31 20:00:00,1,1,0
2015-10-31 21:00:00,0,0,0
2015-10-31 22:00:00,2,0,2
2015-10-31 23:00:00,0,0,0
2015-11-01 00:00:00,1,1,0
2015-11-01 01:00:00,0,0,0
2015-11-01 02:00:00,0,0,0
2015-11-01 03:00:00,0,0,0
2015-11-01 04:00:00,2,2,0
2015-11-01 05:00:00,0,0,0
2015-11-01 06:00:00,0,0,0
2015-11-01 07:00:00,9,6,3
2015-11-01 08:00:00,20,8,12
2015-11-01 09:00:00,50,33,17
2015-11-01 10:00:00,40,19,21
2015-11-01 11:00:00,52,23,29
2015-11-01 12:00:00,29,16,13
2015-11-01 13:00:00,24,12,12
2015-11-01 14:00:00,14,6,8
2015-11-01 15:00:00,30,16,14
2015-11-01 16:00:00,15,8,7
2015-11-01 17:00:00,20,8,12
2015-11-01 18:00:00,7,1,6
2015-11-01 19:00:00,3,2,1
2015-11-01 20:00:00,1,0,1
2015-11-01 21:00:00,0,0,0
2015-11-01 22:00:00,2,2,0
2015-11-01 23:00:00,0,0,0
2015-11-02 00:00:00,1,1,0
2015-11-02 01:00:00,0,0,0
2015-11-02 02:00:00,0,0,0
2015-11-02 03:00:00,0,0,0
2015-11-02 04:00:00,3,1,2
2015-11-02 05:00:00,3,1,2
2015-11-02 06:00:00,24,2,22
2015-11-02 07:00:00,52,9,43
2015-11-02 08:00:00,84,19,65
2015-11-02 09:00:00,77,28,49
2015-11-02 10:00:00,41,7,34
2015-11-02 11:00:00,13,7,6
2015-11-02 12:00:00,19,10,9
2015-11-02 13:00:00,30,20,10
2015-11-02 14:00:00,44,26,18
2015-11-02 15:00:00,59,43,16
2015-11-02 16:00:00,96,68,28
2015-11-02 17:00:00,106,85,21
2015-11-02 18:00:00,23,16,7
2015-11-02 19:00:00,13,9,4
2015-11-02 20:00:00,6,5,1
2015-11-02 21:00:00,5,4,1
2015-11-02 22:00:00,4,3,1
2015-11-02 23:00:00,3,2,1
2015-11-03 00:00:00,0,0,0
2015-11-03 01:00:00,0,0,0
2015-11-03 02:00:00,0,0,0
2015-11-03 03:00:00,4,4,0
2015-11-03 04:00:00,8,2,6
2015-11-03 05:00:00,28,4,24
2015-11-03 06:00:00,52,9,43
2015-11-03 07:00:00,79,17,62
2015-11-03 08:00:00,71,27,44
2015-11-03 09:00:00,39,12,27
2015-11-03 10:00:00,29,9,20
2015-11-03 11:00:00,22,13,9
2015-11-03 12:00:00,21,13,8
2015-11-03 13:00:00,27,15,12
2015-11-03 14:00:00,46,28,18
2015-11-03 15:00:00,61,39,22
2015-11-03 16:00:00,108,82,26
2015-11-03 17:00:00,112,79,33
2015-11-03 18:00:00,47,37,10
2015-11-03 19:00:00,18,10,8
2015-11-03 20:00:00,10,6,4
2015-11-03 21:00:00,3,3,0
2015-11-03 22:00:00,3,3,0
2015-11-03 23:00:00,1,1,0
2015-11-04 00:00:00,0,0,0
2015-11-04 01:00:00,0,0,0
2015-11-04 02:00:00,0,0,0
2015-11-04 03:00:00,2,1,1
2015-11-04 04:00:00,7,0,7
2015-11-04 05:00:00,22,2,20
2015-11-04 06:00:00,64,14,50
2015-11-04 07:00:00,86,23,63
2015-11-04 08:00:00,91,24,67
2015-11-04 09:00:00,48,21,27
2015-11-04 10:00:00,52,24,28
2015-11-04 11:00:00,45,21,24
2015-11-04 12:00:00,58,31,27
2015-11-04 13:00:00,64,24,40
2015-11-04 14:00:00,57,28,29
2015-11-04 15:00:00,71,53,18
2015-11-04 16:00:00,113,72,41
2015-11-04 17:00:00,100,78,22
2015-11-04 18:00:00,34,23,11
2015-11-04 19:00:00,15,13,2
2015-11-04 20:00:00,11,5,6
2015-11-04 21:00:00,4,1,3
2015-11-04 22:00:00,7,5,2
2015-11-04 23:00:00,1,1,0
2015-11-05 00:00:00,0,0,0
2015-11-05 01:00:00,1,1,0
2015-11-05 02:00:00,0,0,0
2015-11-05 03:00:00,3,3,0
2015-11-05 04:00:00,3,0,3
2015-11-05 05:00:00,15,1,14
2015-11-05 06:00:00,41,12,29
2015-11-05 07:00:00,61,12,49
2015-11-05 08:00:00,68,23,45
2015-11-05 09:00:00,48,17,31
2015-11-05 10:00:00,24,10,14
2015-11-05 11:00:00,24,15,9
2015-11-05 12:00:00,24,10,14
2015-11-05 13:00:00,22,13,9
2015-11-05 14:00:00,19,12,7
2015-11-05 15:00:00,43,28,15
2015-11-05 16:00:00,86,65,21
2015-11-05 17:00:00,69,53,16
2015-11-05 18:00:00,30,20,10
2015-11-05 19:00:00,20,16,4
2015-11-05 20:00:00,12,7,5
2015-11-05 21:00:00,13,11,2
2015-11-05 22:00:00,9,4,5
2015-11-05 23:00:00,2,1,1
2015-11-06 00:00:00,0,0,0
2015-11-06 01:00:00,1,1,0
2015-11-06 02:00:00,0,0,0
2015-11-06 03:00:00,4,3,1
2015-11-06 04:00:00,8,3,5
2015-11-06 05:00:00,21,3,18
2015-11-06 06:00:00,41,10,31
2015-11-06 07:00:00,58,11,47
2015-11-06 08:00:00,57,14,43
2015-11-06 09:00:00,23,8,15
2015-11-06 10:00:00,20,15,5
2015-11-06 11:00:00,20,10,10
2015-11-06 12:00:00,28,16,12
2015-11-06 13:00:00,38,23,15
2015-11-06 14:00:00,58,36,22
2015-11-06 15:00:00,58,34,24
2015-11-06 16:00:00,73,52,21
2015-11-06 17:00:00,68,51,17
2015-11-06 18:00:00,28,17,11
2015-11-06 19:00:00,11,9,2
2015-11-06 20:00:00,9,7,2
2015-11-06 21:00:00,10,6,4
2015-11-06 22:00:00,4,2,2
2015-11-06 23:00:00,2,2,0
2015-11-07 00:00:00,1,1,0
2015-11-07 01:00:00,1,1,0
2015-11-07 02:00:00,0,0,0
2015-11-07 03:00:00,3,3,0
2015-11-07 04:00:00,1,1,0
2015-11-07 05:00:00,5,2,3
2015-11-07 06:00:00,9,4,5
2015-11-07 07:00:00,27,18,9
2015-11-07 08:00:00,48,25,23
2015-11-07 09:00:00,22,10,12
2015-11-07 10:00:00,24,13,11
2015-11-07 11:00:00,37,14,23
2015-11-07 12:00:00,26,6,20
2015-11-07 13:00:00,14,6,8
2015-11-07 14:00:00,11,5,6
2015-11-07 15:00:00,20,10,10
2015-11-07 16:00:00,16,2,14
2015-11-07 17:00:00,6,3,3
2015-11-07 18:00:00,5,4,1
2015-11-07 19:00:00,0,0,0
2015-11-07 20:00:00,2,2,0
2015-11-07 21:00:00,0,0,0
2015-11-07 22:00:00,1,1,0
2015-11-07 23:00:00,0,0,0
2015-11-08 00:00:00,0,0,0
2015-11-08 01:00:00,0,0,0
2015-11-08 02:00:00,0,0,0
2015-11-08 03:00:00,0,0,0
2015-11-08 04:00:00,0,0,0
2015-11-08 05:00:00,5,2,3
2015-11-08 06:00:00,12,8,4
2015-11-08 07:00:00,14,5,9
2015-11-08 08:00:00,22,14,8
2015-11-08 09:00:00,44,19,25
2015-11-08 10:00:00,45,21,24
2015-11-08 11:00:00,35,17,18
2015-11-08 12:00:00,25,13,12
2015-11-08 13:00:00,32,16,16
2015-11-08 14:00:00,61,31,30
2015-11-08 15:00:00,66,26,40
2015-11-08 16:00:00,37,19,18
2015-11-08 17:00:00,10,4,6
2015-11-08 18:00:00,3,1,2
2015-11-08 19:00:00,4,4,0
2015-11-08 20:00:00,0,0,0
2015-11-08 21:00:00,2,0,2
2015-11-08 22:00:00,0,0,0
2015-11-08 23:00:00,2,2,0
2015-11-09 00:00:00,0,0,0
2015-11-09 01:00:00,0,0,0
2015-11-09 02:00:00,0,0,0
2015-11-09 03:00:00,4,3,1
2015-11-09 04:00:00,3,1,2
2015-11-09 05:00:00,19,3,16
2015-11-09 06:00:00,42,11,31
2015-11-09 07:00:00,48,6,42
2015-11-09 08:00:00,45,17,28
2015-11-09 09:00:00,28,6,22
2015-11-09 10:00:00,14,4,10
2015-11-09 11:00:00,13,10,3
2015-11-09 12:00:00,19,9,10
2015-11-09 13:00:00,28,16,12
2015-11-09 14:00:00,30,15,15
2015-11-09 15:00:00,49,31,18
2015-11-09 16:00:00,86,65,21
2015-11-09 17:00:00,70,54,16
2015-11-09 18:00:00,24,17,7
2015-11-09 19:00:00,17,15,2
2015-11-09 20:00:00,8,5,3
2015-11-09 21:00:00,6,3,3
2015-11-09 22:00:00,2,2,0
2015-11-09 23:00:00,2,2,0
2015-11-10 00:00:00,1,1,0
2015-11-10 01:00:00,0,0,0
2015-11-10 02:00:00,0,0,0
2015-11-10 03:00:00,2,1,1
2015-11-10 04:00:00,10,2,8
2015-11-10 05:00:00,23,2,21
2015-11-10 06:00:00,58,9,49
2015-11-10 07:00:00,89,22,67
2015-11-10 08:00:00,85,33,52
2015-11-10 09:00:00,33,15,18
2015-11-10 10:00:00,30,13,17
2015-11-10 11:00:00,40,19,21
2015-11-10 12:00:00,40,20,20
2015-11-10 13:00:00,42,19,23
2015-11-10 14:00:00,51,27,24
2015-11-10 15:00:00,81,47,34
2015-11-10 16:00:00,87,62,25
2015-11-10 17:00:00,110,86,24
2015-11-10 18:00:00,51,39,12
2015-11-10 19:00:00,19,10,9
2015-11-10 20:00:00,6,5,1
2015-11-10 21:00:00,3,2,1
2015-11-10 22:00:00,5,5,0
2015-11-10 23:00:00,6,3,3
2015-11-11 00:00:00,0,0,0
2015-11-11 01:00:00,0,0,0
2015-11-11 02:00:00,0,0,0
2015-11-11 03:00:00,1,1,0
2015-11-11 04:00:00,4,0,4
2015-11-11 05:00:00,15,1,14
2015-11-11 06:00:00,29,4,25
2015-11-11 07:00:00,45,13,32
2015-11-11 08:00:00,44,15,29
2015-11-11 09:00:00,44,27,17
2015-11-11 10:00:00,51,29,22
2015-11-11 11:00:00,40,22,18
2015-11-11 12:00:00,76,39,37
2015-11-11 13:00:00,62,35,27
2015-11-11 14:00:00,74,28,46
2015-11-11 15:00:00,76,47,29
2015-11-11 16:00:00,70,38,32
2015-11-11 17:00:00,57,48,9
2015-11-11 18:00:00,28,18,10
2015-11-11 19:00:00,9,8,1
2015-11-11 20:00:00,4,1,3
2015-11-11 21:00:00,7,4,3
2015-11-11 22:00:00,5,3,2
2015-11-11 23:00:00,1,0,1
2015-11-12 00:00:00,1,1,0
2015-11-12 01:00:00,0,0,0
2015-11-12 02:00:00,1,1,0
2015-11-12 03:00:00,4,4,0
2015-11-12 04:00:00,4,0,4
2015-11-12 05:00:00,16,3,13
2015-11-12 06:00:00,49,9,40
2015-11-12 07:00:00,76,15,61
2015-11-12 08:00:00,70,22,48
2015-11-12 09:00:00,32,9,23
2015-11-12 10:00:00,22,10,12
2015-11-12 11:00:00,19,8,11
2015-11-12 12:00:00,11,5,6
2015-11-12 13:00:00,27,17,10
2015-11-12 14:00:00,28,19,9
2015-11-12 15:00:00,44,30,14
2015-11-12 16:00:00,54,44,10
2015-11-12 17:00:00,62,48,14
2015-11-12 18:00:00,29,19,10
2015-11-12 19:00:00,18,12,6
2015-11-12 20:00:00,8,6,2
2015-11-12 21:00:00,7,5,2
2015-11-12 22:00:00,0,0,0
2015-11-12 23:00:00,0,0,0
2015-11-13 00:00:00,0,0,0
2015-11-13 01:00:00,0,0,0
2015-11-13 02:00:00,1,1,0
2015-11-13 03:00:00,1,1,0
2015-11-13 04:00:00,4,1,3
2015-11-13 05:00:00,11,0,11
2015-11-13 06:00:00,21,3,18
2015-11-13 07:00:00,34,5,29
2015-11-13 08:00:00,41,15,26
2015-11-13 09:00:00,19,7,12
2015-11-13 10:00:00,22,7,15
2015-11-13 11:00:00,8,7,1
2015-11-13 12:00:00,17,6,11
2015-11-13 13:00:00,8,6,2
2015-11-13 14:00:00,14,9,5
2015-11-13 15:00:00,21,10,11
2015-11-13 16:00:00,37,26,11
2015-11-13 17:00:00,43,38,5
2015-11-13 18:00:00,15,10,5
2015-11-13 19:00:00,15,13,2
2015-11-13 20:00:00,10,7,3
2015-11-13 21:00:00,1,1,0
2015-11-13 22:00:00,2,2,0
2015-11-13 23:00:00,1,1,0
2015-11-14 00:00:00,0,0,0
2015-11-14 01:00:00,1,1,0
2015-11-14 02:00:00,1,1,0
2015-11-14 03:00:00,0,0,0
2015-11-14 04:00:00,2,2,0
2015-11-14 05:00:00,0,0,0
2015-11-14 06:00:00,3,0,3
2015-11-14 07:00:00,11,7,4
2015-11-14 08:00:00,2,0,2
2015-11-14 09:00:00,0,0,0
2015-11-14 10:00:00,0,0,0
2015-11-14 11:00:00,0,0,0
2015-11-14 12:00:00,0,0,0
2015-11-14 13:00:00,0,0,0
2015-11-14 14:00:00,0,0,0
2015-11-14 15:00:00,0,0,0
2015-11-14 16:00:00,0,0,0
2015-11-14 17:00:00,0,0,0
2015-11-14 18:00:00,0,0,0
2015-11-14 19:00:00,0,0,0
2015-11-14 20:00:00,0,0,0
2015-11-14 21:00:00,0,0,0
2015-11-14 22:00:00,0,0,0
2015-11-14 23:00:00,0,0,0
2015-11-15 00:00:00,0,0,0
2015-11-15 01:00:00,0,0,0
2015-11-15 02:00:00,0,0,0
2015-11-15 03:00:00,0,0,0
2015-11-15 04:00:00,0,0,0
2015-11-15 05:00:00,0,0,0
2015-11-15 06:00:00,0,0,0
2015-11-15 07:00:00,0,0,0
2015-11-15 08:00:00,0,0,0
2015-11-15 09:00:00,0,0,0
2015-11-15 10:00:00,0,0,0
2015-11-15 11:00:00,0,0,0
2015-11-15 12:00:00,0,0,0
2015-11-15 13:00:00,0,0,0
2015-11-15 14:00:00,0,0,0
2015-11-15 15:00:00,0,0,0
2015-11-15 16:00:00,0,0,0
2015-11-15 17:00:00,0,0,0
2015-11-15 18:00:00,0,0,0
2015-11-15 19:00:00,0,0,0
2015-11-15 20:00:00,0,0,0
2015-11-15 21:00:00,0,0,0
2015-11-15 22:00:00,0,0,0
2015-11-15 23:00:00,0,0,0
2015-11-16 00:00:00,0,0,0
2015-11-16 01:00:00,0,0,0
2015-11-16 02:00:00,0,0,0
2015-11-16 03:00:00,0,0,0
2015-11-16 04:00:00,0,0,0
2015-11-16 05:00:00,0,0,0
2015-11-16 06:00:00,0,0,0
2015-11-16 07:00:00,0,0,0
2015-11-16 08:00:00,0,0,0
2015-11-16 09:00:00,0,0,0
2015-11-16 10:00:00,0,0,0
2015-11-16 11:00:00,0,0,0
2015-11-16 12:00:00,0,0,0
2015-11-16 13:00:00,0,0,0
2015-11-16 14:00:00,0,0,0
2015-11-16 15:00:00,0,0,0
2015-11-16 16:00:00,0,0,0
2015-11-16 17:00:00,0,0,0
2015-11-16 18:00:00,0,0,0
2015-11-16 19:00:00,0,0,0
2015-11-16 20:00:00,0,0,0
2015-11-16 21:00:00,0,0,0
2015-11-16 22:00:00,0,0,0
2015-11-16 23:00:00,0,0,0
2015-11-17 00:00:00,0,0,0
2015-11-17 01:00:00,0,0,0
2015-11-17 02:00:00,0,0,0
2015-11-17 03:00:00,0,0,0
2015-11-17 04:00:00,0,0,0
2015-11-17 05:00:00,0,0,0
2015-11-17 06:00:00,0,0,0
2015-11-17 07:00:00,0,0,0
2015-11-17 08:00:00,0,0,0
2015-11-17 09:00:00,0,0,0
2015-11-17 10:00:00,0,0,0
2015-11-17 11:00:00,0,0,0
2015-11-17 12:00:00,0,0,0
2015-11-17 13:00:00,0,0,0
2015-11-17 14:00:00,0,0,0
2015-11-17 15:00:00,0,0,0
2015-11-17 16:00:00,0,0,0
2015-11-17 17:00:00,0,0,0
2015-11-17 18:00:00,0,0,0
2015-11-17 19:00:00,0,0,0
2015-11-17 20:00:00,0,0,0
2015-11-17 21:00:00,0,0,0
2015-11-17 22:00:00,0,0,0
2015-11-17 23:00:00,0,0,0
2015-11-18 00:00:00,0,0,0
2015-11-18 01:00:00,0,0,0
2015-11-18 02:00:00,0,0,0
2015-11-18 03:00:00,0,0,0
2015-11-18 04:00:00,0,0,0
2015-11-18 05:00:00,0,0,0
2015-11-18 06:00:00,0,0,0
2015-11-18 07:00:00,0,0,0
2015-11-18 08:00:00,0,0,0
2015-11-18 09:00:00,0,0,0
2015-11-18 10:00:00,0,0,0
2015-11-18 11:00:00,0,0,0
2015-11-18 12:00:00,0,0,0
2015-11-18 13:00:00,0,0,0
2015-11-18 14:00:00,0,0,0
2015-11-18 15:00:00,0,0,0
2015-11-18 16:00:00,0,0,0
2015-11-18 17:00:00,0,0,0
2015-11-18 18:00:00,0,0,0
2015-11-18 19:00:00,0,0,0
2015-11-18 20:00:00,0,0,0
2015-11-18 21:00:00,0,0,0
2015-11-18 22:00:00,0,0,0
2015-11-18 23:00:00,0,0,0
2015-11-19 00:00:00,0,0,0
2015-11-19 01:00:00,0,0,0
2015-11-19 02:00:00,0,0,0
2015-11-19 03:00:00,0,0,0
2015-11-19 04:00:00,0,0,0
2015-11-19 05:00:00,0,0,0
2015-11-19 06:00:00,0,0,0
2015-11-19 07:00:00,0,0,0
2015-11-19 08:00:00,0,0,0
2015-11-19 09:00:00,0,0,0
2015-11-19 10:00:00,0,0,0
2015-11-19 11:00:00,0,0,0
2015-11-19 12:00:00,0,0,0
2015-11-19 13:00:00,0,0,0
2015-11-19 14:00:00,0,0,0
2015-11-19 15:00:00,0,0,0
2015-11-19 16:00:00,0,0,0
2015-11-19 17:00:00,0,0,0
2015-11-19 18:00:00,0,0,0
2015-11-19 19:00:00,0,0,0
2015-11-19 20:00:00,0,0,0
2015-11-19 21:00:00,0,0,0
2015-11-19 22:00:00,0,0,0
2015-11-19 23:00:00,0,0,0
2015-11-20 00:00:00,0,0,0
2015-11-20 01:00:00,0,0,0
2015-11-20 02:00:00,0,0,0
2015-11-20 03:00:00,0,0,0
2015-11-20 04:00:00,0,0,0
2015-11-20 05:00:00,0,0,0
2015-11-20 06:00:00,0,0,0
2015-11-20 07:00:00,0,0,0
2015-11-20 08:00:00,0,0,0
2015-11-20 09:00:00,0,0,0
2015-11-20 10:00:00,0,0,0
2015-11-20 11:00:00,0,0,0
2015-11-20 12:00:00,0,0,0
2015-11-20 13:00:00,0,0,0
2015-11-20 14:00:00,0,0,0
2015-11-20 15:00:00,0,0,0
2015-11-20 16:00:00,0,0,0
2015-11-20 17:00:00,0,0,0
2015-11-20 18:00:00,0,0,0
2015-11-20 19:00:00,0,0,0
2015-11-20 20:00:00,0,0,0
2015-11-20 21:00:00,0,0,0
2015-11-20 22:00:00,0,0,0
2015-11-20 23:00:00,0,0,0
2015-11-21 00:00:00,0,0,0
2015-11-21 01:00:00,0,0,0
2015-11-21 02:00:00,0,0,0
2015-11-21 03:00:00,0,0,0
2015-11-21 04:00:00,0,0,0
2015-11-21 05:00:00,0,0,0
2015-11-21 06:00:00,0,0,0
2015-11-21 07:00:00,0,0,0
2015-11-21 08:00:00,0,0,0
2015-11-21 09:00:00,0,0,0
2015-11-21 10:00:00,0,0,0
2015-11-21 11:00:00,0,0,0
2015-11-21 12:00:00,0,0,0
2015-11-21 13:00:00,0,0,0
2015-11-21 14:00:00,0,0,0
2015-11-21 15:00:00,0,0,0
2015-11-21 16:00:00,0,0,0
2015-11-21 17:00:00,0,0,0
2015-11-21 18:00:00,0,0,0
2015-11-21 19:00:00,0,0,0
2015-11-21 20:00:00,0,0,0
2015-11-21 21:00:00,0,0,0
2015-11-21 22:00:00,0,0,0
2015-11-21 23:00:00,0,0,0
2015-11-22 00:00:00,0,0,0
2015-11-22 01:00:00,0,0,0
2015-11-22 02:00:00,0,0,0
2015-11-22 03:00:00,0,0,0
2015-11-22 04:00:00,0,0,0
2015-11-22 05:00:00,0,0,0
2015-11-22 06:00:00,0,0,0
2015-11-22 07:00:00,0,0,0
2015-11-22 08:00:00,0,0,0
2015-11-22 09:00:00,0,0,0
2015-11-22 10:00:00,0,0,0
2015-11-22 11:00:00,0,0,0
2015-11-22 12:00:00,0,0,0
2015-11-22 13:00:00,0,0,0
2015-11-22 14:00:00,0,0,0
2015-11-22 15:00:00,0,0,0
2015-11-22 16:00:00,0,0,0
2015-11-22 17:00:00,0,0,0
2015-11-22 18:00:00,0,0,0
2015-11-22 19:00:00,0,0,0
2015-11-22 20:00:00,0,0,0
2015-11-22 21:00:00,0,0,0
2015-11-22 22:00:00,0,0,0
2015-11-22 23:00:00,0,0,0
2015-11-23 00:00:00,0,0,0
2015-11-23 01:00:00,0,0,0
2015-11-23 02:00:00,0,0,0
2015-11-23 03:00:00,0,0,0
2015-11-23 04:00:00,0,0,0
2015-11-23 05:00:00,0,0,0
2015-11-23 06:00:00,0,0,0
2015-11-23 07:00:00,0,0,0
2015-11-23 08:00:00,0,0,0
2015-11-23 09:00:00,0,0,0
2015-11-23 10:00:00,0,0,0
2015-11-23 11:00:00,0,0,0
2015-11-23 12:00:00,0,0,0
2015-11-23 13:00:00,0,0,0
2015-11-23 14:00:00,0,0,0
2015-11-23 15:00:00,0,0,0
2015-11-23 16:00:00,0,0,0
2015-11-23 17:00:00,0,0,0
2015-11-23 18:00:00,0,0,0
2015-11-23 19:00:00,0,0,0
2015-11-23 20:00:00,0,0,0
2015-11-23 21:00:00,0,0,0
2015-11-23 22:00:00,0,0,0
2015-11-23 23:00:00,0,0,0
2015-11-24 00:00:00,0,0,0
2015-11-24 01:00:00,0,0,0
2015-11-24 02:00:00,0,0,0
2015-11-24 03:00:00,0,0,0
2015-11-24 04:00:00,0,0,0
2015-11-24 05:00:00,0,0,0
2015-11-24 06:00:00,0,0,0
2015-11-24 07:00:00,0,0,0
2015-11-24 08:00:00,0,0,0
2015-11-24 09:00:00,0,0,0
2015-11-24 10:00:00,0,0,0
2015-11-24 11:00:00,0,0,0
2015-11-24 12:00:00,0,0,0
2015-11-24 13:00:00,0,0,0
2015-11-24 14:00:00,0,0,0
2015-11-24 15:00:00,0,0,0
2015-11-24 16:00:00,0,0,0
2015-11-24 17:00:00,0,0,0
2015-11-24 18:00:00,0,0,0
2015-11-24 19:00:00,0,0,0
2015-11-24 20:00:00,0,0,0
2015-11-24 21:00:00,0,0,0
2015-11-24 22:00:00,0,0,0
2015-11-24 23:00:00,0,0,0
2015-11-25 00:00:00,0,0,0
2015-11-25 01:00:00,0,0,0
2015-11-25 02:00:00,0,0,0
2015-11-25 03:00:00,0,0,0
2015-11-25 04:00:00,0,0,0
2015-11-25 05:00:00,0,0,0
2015-11-25 06:00:00,0,0,0
2015-11-25 07:00:00,0,0,0
2015-11-25 08:00:00,0,0,0
2015-11-25 09:00:00,0,0,0
2015-11-25 10:00:00,0,0,0
2015-11-25 11:00:00,0,0,0
2015-11-25 12:00:00,0,0,0
2015-11-25 13:00:00,0,0,0
2015-11-25 14:00:00,0,0,0
2015-11-25 15:00:00,0,0,0
2015-11-25 16:00:00,0,0,0
2015-11-25 17:00:00,0,0,0
2015-11-25 18:00:00,0,0,0
2015-11-25 19:00:00,0,0,0
2015-11-25 20:00:00,0,0,0
2015-11-25 21:00:00,0,0,0
2015-11-25 22:00:00,0,0,0
2015-11-25 23:00:00,0,0,0
2015-11-26 00:00:00,0,0,0
2015-11-26 01:00:00,0,0,0
2015-11-26 02:00:00,0,0,0
2015-11-26 03:00:00,0,0,0
2015-11-26 04:00:00,0,0,0
2015-11-26 05:00:00,0,0,0
2015-11-26 06:00:00,0,0,0
2015-11-26 07:00:00,0,0,0
2015-11-26 08:00:00,0,0,0
2015-11-26 09:00:00,0,0,0
2015-11-26 10:00:00,0,0,0
2015-11-26 11:00:00,0,0,0
2015-11-26 12:00:00,0,0,0
2015-11-26 13:00:00,0,0,0
2015-11-26 14:00:00,0,0,0
2015-11-26 15:00:00,0,0,0
2015-11-26 16:00:00,0,0,0
2015-11-26 17:00:00,0,0,0
2015-11-26 18:00:00,0,0,0
2015-11-26 19:00:00,0,0,0
2015-11-26 20:00:00,0,0,0
2015-11-26 21:00:00,0,0,0
2015-11-26 22:00:00,0,0,0
2015-11-26 23:00:00,0,0,0
2015-11-27 00:00:00,0,0,0
2015-11-27 01:00:00,0,0,0
2015-11-27 02:00:00,0,0,0
2015-11-27 03:00:00,0,0,0
2015-11-27 04:00:00,0,0,0
2015-11-27 05:00:00,0,0,0
2015-11-27 06:00:00,0,0,0
2015-11-27 07:00:00,0,0,0
2015-11-27 08:00:00,0,0,0
2015-11-27 09:00:00,0,0,0
2015-11-27 10:00:00,0,0,0
2015-11-27 11:00:00,0,0,0
2015-11-27 12:00:00,0,0,0
2015-11-27 13:00:00,0,0,0
2015-11-27 14:00:00,0,0,0
2015-11-27 15:00:00,0,0,0
2015-11-27 16:00:00,0,0,0
2015-11-27 17:00:00,0,0,0
2015-11-27 18:00:00,0,0,0
2015-11-27 19:00:00,0,0,0
2015-11-27 20:00:00,0,0,0
2015-11-27 21:00:00,0,0,0
2015-11-27 22:00:00,0,0,0
2015-11-27 23:00:00,0,0,0
2015-11-28 00:00:00,0,0,0
2015-11-28 01:00:00,0,0,0
2015-11-28 02:00:00,0,0,0
2015-11-28 03:00:00,0,0,0
2015-11-28 04:00:00,0,0,0
2015-11-28 05:00:00,0,0,0
2015-11-28 06:00:00,0,0,0
2015-11-28 07:00:00,0,0,0
2015-11-28 08:00:00,0,0,0
2015-11-28 09:00:00,0,0,0
2015-11-28 10:00:00,0,0,0
2015-11-28 11:00:00,0,0,0
2015-11-28 12:00:00,0,0,0
2015-11-28 13:00:00,0,0,0
2015-11-28 14:00:00,0,0,0
2015-11-28 15:00:00,0,0,0
2015-11-28 16:00:00,0,0,0
2015-11-28 17:00:00,0,0,0
2015-11-28 18:00:00,0,0,0
2015-11-28 19:00:00,0,0,0
2015-11-28 20:00:00,0,0,0
2015-11-28 21:00:00,0,0,0
2015-11-28 22:00:00,0,0,0
2015-11-28 23:00:00,0,0,0
2015-11-29 00:00:00,0,0,0
2015-11-29 01:00:00,0,0,0
2015-11-29 02:00:00,0,0,0
2015-11-29 03:00:00,0,0,0
2015-11-29 04:00:00,0,0,0
2015-11-29 05:00:00,0,0,0
2015-11-29 06:00:00,0,0,0
2015-11-29 07:00:00,0,0,0
2015-11-29 08:00:00,0,0,0
2015-11-29 09:00:00,0,0,0
2015-11-29 10:00:00,0,0,0
2015-11-29 11:00:00,0,0,0
2015-11-29 12:00:00,0,0,0
2015-11-29 13:00:00,0,0,0
2015-11-29 14:00:00,0,0,0
2015-11-29 15:00:00,0,0,0
2015-11-29 16:00:00,0,0,0
2015-11-29 17:00:00,0,0,0
2015-11-29 18:00:00,0,0,0
2015-11-29 19:00:00,0,0,0
2015-11-29 20:00:00,0,0,0
2015-11-29 21:00:00,0,0,0
2015-11-29 22:00:00,0,0,0
2015-11-29 23:00:00,0,0,0
2015-11-30 00:00:00,0,0,0
2015-11-30 01:00:00,0,0,0
2015-11-30 02:00:00,0,0,0
2015-11-30 03:00:00,0,0,0
2015-11-30 04:00:00,0,0,0
2015-11-30 05:00:00,0,0,0
2015-11-30 06:00:00,0,0,0
2015-11-30 07:00:00,0,0,0
2015-11-30 08:00:00,0,0,0
2015-11-30 09:00:00,0,0,0
2015-11-30 10:00:00,0,0,0
2015-11-30 11:00:00,0,0,0
2015-11-30 12:00:00,0,0,0
2015-11-30 13:00:00,0,0,0
2015-11-30 14:00:00,0,0,0
2015-11-30 15:00:00,0,0,0
2015-11-30 16:00:00,0,0,0
2015-11-30 17:00:00,0,0,0
2015-11-30 18:00:00,0,0,0
2015-11-30 19:00:00,0,0,0
2015-11-30 20:00:00,0,0,0
2015-11-30 21:00:00,0,0,0
2015-11-30 22:00:00,0,0,0
2015-11-30 23:00:00,0,0,0
2015-12-01 00:00:00,0,0,0
2015-12-01 01:00:00,0,0,0
2015-12-01 02:00:00,0,0,0
2015-12-01 03:00:00,0,0,0
2015-12-01 04:00:00,0,0,0
2015-12-01 05:00:00,0,0,0
2015-12-01 06:00:00,0,0,0
2015-12-01 07:00:00,0,0,0
2015-12-01 08:00:00,0,0,0
2015-12-01 09:00:00,0,0,0
2015-12-01 10:00:00,0,0,0
2015-12-01 11:00:00,0,0,0
2015-12-01 12:00:00,0,0,0
2015-12-01 13:00:00,0,0,0
2015-12-01 14:00:00,0,0,0
2015-12-01 15:00:00,0,0,0
2015-12-01 16:00:00,0,0,0
2015-12-01 17:00:00,0,0,0
2015-12-01 18:00:00,0,0,0
2015-12-01 19:00:00,0,0,0
2015-12-01 20:00:00,0,0,0
2015-12-01 21:00:00,0,0,0
2015-12-01 22:00:00,0,0,0
2015-12-01 23:00:00,0,0,0
2015-12-02 00:00:00,0,0,0
2015-12-02 01:00:00,0,0,0
2015-12-02 02:00:00,0,0,0
2015-12-02 03:00:00,0,0,0
2015-12-02 04:00:00,0,0,0
2015-12-02 05:00:00,0,0,0
2015-12-02 06:00:00,0,0,0
2015-12-02 07:00:00,0,0,0
2015-12-02 08:00:00,0,0,0
2015-12-02 09:00:00,0,0,0
2015-12-02 10:00:00,0,0,0
2015-12-02 11:00:00,0,0,0
2015-12-02 12:00:00,0,0,0
2015-12-02 13:00:00,0,0,0
2015-12-02 14:00:00,0,0,0
2015-12-02 15:00:00,0,0,0
2015-12-02 16:00:00,0,0,0
2015-12-02 17:00:00,0,0,0
2015-12-02 18:00:00,0,0,0
2015-12-02 19:00:00,0,0,0
2015-12-02 20:00:00,0,0,0
2015-12-02 21:00:00,0,0,0
2015-12-02 22:00:00,0,0,0
2015-12-02 23:00:00,0,0,0
2015-12-03 00:00:00,0,0,0
2015-12-03 01:00:00,0,0,0
2015-12-03 02:00:00,0,0,0
2015-12-03 03:00:00,0,0,0
2015-12-03 04:00:00,0,0,0
2015-12-03 05:00:00,0,0,0
2015-12-03 06:00:00,0,0,0
2015-12-03 07:00:00,0,0,0
2015-12-03 08:00:00,0,0,0
2015-12-03 09:00:00,0,0,0
2015-12-03 10:00:00,0,0,0
2015-12-03 11:00:00,0,0,0
2015-12-03 12:00:00,0,0,0
2015-12-03 13:00:00,0,0,0
2015-12-03 14:00:00,0,0,0
2015-12-03 15:00:00,0,0,0
2015-12-03 16:00:00,0,0,0
2015-12-03 17:00:00,0,0,0
2015-12-03 18:00:00,0,0,0
2015-12-03 19:00:00,0,0,0
2015-12-03 20:00:00,0,0,0
2015-12-03 21:00:00,0,0,0
2015-12-03 22:00:00,0,0,0
2015-12-03 23:00:00,0,0,0
2015-12-04 00:00:00,0,0,0
2015-12-04 01:00:00,0,0,0
2015-12-04 02:00:00,0,0,0
2015-12-04 03:00:00,0,0,0
2015-12-04 04:00:00,0,0,0
2015-12-04 05:00:00,0,0,0
2015-12-04 06:00:00,0,0,0
2015-12-04 07:00:00,0,0,0
2015-12-04 08:00:00,0,0,0
2015-12-04 09:00:00,0,0,0
2015-12-04 10:00:00,0,0,0
2015-12-04 11:00:00,0,0,0
2015-12-04 12:00:00,0,0,0
2015-12-04 13:00:00,0,0,0
2015-12-04 14:00:00,0,0,0
2015-12-04 15:00:00,0,0,0
2015-12-04 16:00:00,0,0,0
2015-12-04 17:00:00,0,0,0
2015-12-04 18:00:00,0,0,0
2015-12-04 19:00:00,0,0,0
2015-12-04 20:00:00,0,0,0
2015-12-04 21:00:00,0,0,0
2015-12-04 22:00:00,0,0,0
2015-12-04 23:00:00,0,0,0
2015-12-05 00:00:00,0,0,0
2015-12-05 01:00:00,0,0,0
2015-12-05 02:00:00,0,0,0
2015-12-05 03:00:00,0,0,0
2015-12-05 04:00:00,0,0,0
2015-12-05 05:00:00,0,0,0
2015-12-05 06:00:00,0,0,0
2015-12-05 07:00:00,0,0,0
2015-12-05 08:00:00,0,0,0
2015-12-05 09:00:00,0,0,0
2015-12-05 10:00:00,0,0,0
2015-12-05 11:00:00,0,0,0
2015-12-05 12:00:00,0,0,0
2015-12-05 13:00:00,0,0,0
2015-12-05 14:00:00,0,0,0
2015-12-05 15:00:00,0,0,0
2015-12-05 16:00:00,0,0,0
2015-12-05 17:00:00,0,0,0
2015-12-05 18:00:00,0,0,0
2015-12-05 19:00:00,0,0,0
2015-12-05 20:00:00,0,0,0
2015-12-05 21:00:00,0,0,0
2015-12-05 22:00:00,0,0,0
2015-12-05 23:00:00,0,0,0
2015-12-06 00:00:00,0,0,0
2015-12-06 01:00:00,0,0,0
2015-12-06 02:00:00,0,0,0
2015-12-06 03:00:00,0,0,0
2015-12-06 04:00:00,0,0,0
2015-12-06 05:00:00,0,0,0
2015-12-06 06:00:00,0,0,0
2015-12-06 07:00:00,0,0,0
2015-12-06 08:00:00,0,0,0
2015-12-06 09:00:00,0,0,0
2015-12-06 10:00:00,0,0,0
2015-12-06 11:00:00,0,0,0
2015-12-06 12:00:00,0,0,0
2015-12-06 13:00:00,0,0,0
2015-12-06 14:00:00,0,0,0
2015-12-06 15:00:00,0,0,0
2015-12-06 16:00:00,0,0,0
2015-12-06 17:00:00,0,0,0
2015-12-06 18:00:00,0,0,0
2015-12-06 19:00:00,0,0,0
2015-12-06 20:00:00,0,0,0
2015-12-06 21:00:00,0,0,0
2015-12-06 22:00:00,0,0,0
2015-12-06 23:00:00,0,0,0
2015-12-07 00:00:00,0,0,0
2015-12-07 01:00:00,0,0,0
2015-12-07 02:00:00,0,0,0
2015-12-07 03:00:00,0,0,0
2015-12-07 04:00:00,0,0,0
2015-12-07 05:00:00,0,0,0
2015-12-07 06:00:00,0,0,0
2015-12-07 07:00:00,0,0,0
2015-12-07 08:00:00,0,0,0
2015-12-07 09:00:00,0,0,0
2015-12-07 10:00:00,0,0,0
2015-12-07 11:00:00,0,0,0
2015-12-07 12:00:00,3,2,1
2015-12-07 13:00:00,5,2,3
2015-12-07 14:00:00,11,9,2
2015-12-07 15:00:00,24,17,7
2015-12-07 16:00:00,40,30,10
2015-12-07 17:00:00,51,38,13
2015-12-07 18:00:00,34,30,4
2015-12-07 19:00:00,8,5,3
2015-12-07 20:00:00,6,6,0
2015-12-07 21:00:00,6,5,1
2015-12-07 22:00:00,0,0,0
2015-12-07 23:00:00,0,0,0
2015-12-08 00:00:00,0,0,0
2015-12-08 01:00:00,0,0,0
2015-12-08 02:00:00,0,0,0
2015-12-08 03:00:00,1,0,1
2015-12-08 04:00:00,4,0,4
2015-12-08 05:00:00,13,3,10
2015-12-08 06:00:00,18,3,15
2015-12-08 07:00:00,38,7,31
2015-12-08 08:00:00,44,10,34
2015-12-08 09:00:00,30,16,14
2015-12-08 10:00:00,12,2,10
2015-12-08 11:00:00,6,1,5
2015-12-08 12:00:00,8,3,5
2015-12-08 13:00:00,4,2,2
2015-12-08 14:00:00,12,8,4
2015-12-08 15:00:00,24,16,8
2015-12-08 16:00:00,26,16,10
2015-12-08 17:00:00,43,32,11
2015-12-08 18:00:00,27,18,9
2015-12-08 19:00:00,11,9,2
2015-12-08 20:00:00,1,0,1
2015-12-08 21:00:00,3,3,0
2015-12-08 22:00:00,2,2,0
2015-12-08 23:00:00,1,0,1
2015-12-09 00:00:00,2,2,0
2015-12-09 01:00:00,1,1,0
2015-12-09 02:00:00,0,0,0
2015-12-09 03:00:00,0,0,0
2015-12-09 04:00:00,3,0,3
2015-12-09 05:00:00,6,1,5
2015-12-09 06:00:00,19,3,16
2015-12-09 07:00:00,38,10,28
2015-12-09 08:00:00,54,14,40
2015-12-09 09:00:00,38,21,17
2015-12-09 10:00:00,27,8,19
2015-12-09 11:00:00,17,8,9
2015-12-09 12:00:00,23,11,12
2015-12-09 13:00:00,29,16,13
2015-12-09 14:00:00,28,13,15
2015-12-09 15:00:00,49,27,22
2015-12-09 16:00:00,48,31,17
2015-12-09 17:00:00,61,52,9
2015-12-09 18:00:00,33,23,10
2015-12-09 19:00:00,23,17,6
2015-12-09 20:00:00,11,7,4
2015-12-09 21:00:00,5,1,4
2015-12-09 22:00:00,3,2,1
2015-12-09 23:00:00,2,2,0
2015-12-10 00:00:00,1,1,0
2015-12-10 01:00:00,0,0,0
2015-12-10 02:00:00,0,0,0
2015-12-10 03:00:00,0,0,0
2015-12-10 04:00:00,6,1,5
2015-12-10 05:00:00,6,1,5
2015-12-10 06:00:00,18,3,15
2015-12-10 07:00:00,43,9,34
2015-12-10 08:00:00,49,20,29
2015-12-10 09:00:00,30,12,18
2015-12-10 10:00:00,12,5,7
2015-12-10 11:00:00,4,2,2
2015-12-10 12:00:00,5,2,3
2015-12-10 13:00:00,5,2,3
2015-12-10 14:00:00,15,12,3
2015-12-10 15:00:00,11,8,3
2015-12-10 16:00:00,41,30,11
2015-12-10 17:00:00,48,30,18
2015-12-10 18:00:00,27,23,4
2015-12-10 19:00:00,13,10,3
2015-12-10 20:00:00,4,4,0
2015-12-10 21:00:00,6,5,1
2015-12-10 22:00:00,7,5,2
2015-12-10 23:00:00,1,0,1
2015-12-11 00:00:00,0,0,0
2015-12-11 01:00:00,1,1,0
2015-12-11 02:00:00,1,1,0
2015-12-11 03:00:00,1,1,0
2015-12-11 04:00:00,5,2,3
2015-12-11 05:00:00,5,2,3
2015-12-11 06:00:00,29,6,23
2015-12-11 07:00:00,36,9,27
2015-12-11 08:00:00,49,10,39
2015-12-11 09:00:00,44,16,28
2015-12-11 10:00:00,22,11,11
2015-12-11 11:00:00,28,15,13
2015-12-11 12:00:00,32,14,18
2015-12-11 13:00:00,38,19,19
2015-12-11 14:00:00,35,16,19
2015-12-11 15:00:00,50,32,18
2015-12-11 16:00:00,54,37,17
2015-12-11 17:00:00,55,43,12
2015-12-11 18:00:00,31,24,7
2015-12-11 19:00:00,11,11,0
2015-12-11 20:00:00,4,4,0
2015-12-11 21:00:00,3,1,2
2015-12-11 22:00:00,2,2,0
2015-12-11 23:00:00,2,2,0
2015-12-12 00:00:00,2,0,2
2015-12-12 01:00:00,0,0,0
2015-12-12 02:00:00,0,0,0
2015-12-12 03:00:00,0,0,0
2015-12-12 04:00:00,0,0,0
2015-12-12 05:00:00,1,1,0
2015-12-12 06:00:00,4,4,0
2015-12-12 07:00:00,8,2,6
2015-12-12 08:00:00,23,11,12
2015-12-12 09:00:00,26,17,9
2015-12-12 10:00:00,31,14,17
2015-12-12 11:00:00,21,11,10
2015-12-12 12:00:00,28,8,20
2015-12-12 13:00:00,11,3,8
2015-12-12 14:00:00,15,9,6
2015-12-12 15:00:00,16,11,5
2015-12-12 16:00:00,10,4,6
2015-12-12 17:00:00,5,5,0
2015-12-12 18:00:00,1,0,1
2015-12-12 19:00:00,0,0,0
2015-12-12 20:00:00,0,0,0
2015-12-12 21:00:00,0,0,0
2015-12-12 22:00:00,0,0,0
2015-12-12 23:00:00,2,2,0
2015-12-13 00:00:00,0,0,0
2015-12-13 01:00:00,0,0,0
2015-12-13 02:00:00,0,0,0
2015-12-13 03:00:00,0,0,0
2015-12-13 04:00:00,0,0,0
2015-12-13 05:00:00,1,1,0
2015-12-13 06:00:00,0,0,0
2015-12-13 07:00:00,5,2,3
2015-12-13 08:00:00,25,14,11
2015-12-13 09:00:00,31,16,15
2015-12-13 10:00:00,27,15,12
2015-12-13 11:00:00,23,15,8
2015-12-13 12:00:00,21,9,12
2015-12-13 13:00:00,29,13,16
2015-12-13 14:00:00,34,17,17
2015-12-13 15:00:00,22,8,14
2015-12-13 16:00:00,19,10,9
2015-12-13 17:00:00,7,4,3
2015-12-13 18:00:00,1,1,0
2015-12-13 19:00:00,1,0,1
2015-12-13 20:00:00,0,0,0
2015-12-13 21:00:00,0,0,0
2015-12-13 22:00:00,1,1,0
2015-12-13 23:00:00,1,0,1
2015-12-14 00:00:00,1,1,0
2015-12-14 01:00:00,0,0,0
2015-12-14 02:00:00,0,0,0
2015-12-14 03:00:00,0,0,0
2015-12-14 04:00:00,4,1,3
2015-12-14 05:00:00,7,0,7
2015-12-14 06:00:00,22,3,19
2015-12-14 07:00:00,50,12,38
2015-12-14 08:00:00,64,13,51
2015-12-14 09:00:00,32,20,12
2015-12-14 10:00:00,37,11,26
2015-12-14 11:00:00,18,7,11
2015-12-14 12:00:00,19,10,9
2015-12-14 13:00:00,30,20,10
2015-12-14 14:00:00,37,13,24
2015-12-14 15:00:00,49,26,23
2015-12-14 16:00:00,45,32,13
2015-12-14 17:00:00,78,57,21
2015-12-14 18:00:00,36,29,7
2015-12-14 19:00:00,23,17,6
2015-12-14 20:00:00,13,11,2
2015-12-14 21:00:00,5,5,0
2015-12-14 22:00:00,3,2,1
2015-12-14 23:00:00,3,2,1
2015-12-15 00:00:00,1,1,0
2015-12-15 01:00:00,0,0,0
2015-12-15 02:00:00,0,0,0
2015-12-15 03:00:00,0,0,0
2015-12-15 04:00:00,3,1,2
2015-12-15 05:00:00,9,1,8
2015-12-15 06:00:00,26,2,24
2015-12-15 07:00:00,45,8,37
2015-12-15 08:00:00,51,14,37
2015-12-15 09:00:00,34,16,18
2015-12-15 10:00:00,23,12,11
2015-12-15 11:00:00,18,8,10
2015-12-15 12:00:00,18,8,10
2015-12-15 13:00:00,19,8,11
2015-12-15 14:00:00,26,15,11
2015-12-15 15:00:00,38,26,12
2015-12-15 16:00:00,51,33,18
2015-12-15 17:00:00,60,51,9
2015-12-15 18:00:00,28,24,4
2015-12-15 19:00:00,13,9,4
2015-12-15 20:00:00,6,3,3
2015-12-15 21:00:00,5,4,1
2015-12-15 22:00:00,2,2,0
2015-12-15 23:00:00,1,1,0
2015-12-16 00:00:00,0,0,0
2015-12-16 01:00:00,0,0,0
2015-12-16 02:00:00,1,1,0
2015-12-16 03:00:00,0,0,0
2015-12-16 04:00:00,4,1,3
2015-12-16 05:00:00,10,2,8
2015-12-16 06:00:00,35,5,30
2015-12-16 07:00:00,48,13,35
2015-12-16 08:00:00,56,13,43
2015-12-16 09:00:00,31,15,16
2015-12-16 10:00:00,17,6,11
2015-12-16 11:00:00,21,9,12
2015-12-16 12:00:00,25,12,13
2015-12-16 13:00:00,25,18,7
2015-12-16 14:00:00,31,17,14
2015-12-16 15:00:00,43,22,21
2015-12-16 16:00:00,49,38,11
2015-12-16 17:00:00,85,58,27
2015-12-16 18:00:00,41,32,9
2015-12-16 19:00:00,11,10,1
2015-12-16 20:00:00,9,7,2
2015-12-16 21:00:00,5,3,2
2015-12-16 22:00:00,0,0,0
2015-12-16 23:00:00,0,0,0
2015-12-17 00:00:00,0,0,0
2015-12-17 01:00:00,0,0,0
2015-12-17 02:00:00,1,0,1
2015-12-17 03:00:00,1,1,0
2015-12-17 04:00:00,4,1,3
2015-12-17 05:00:00,6,2,4
2015-12-17 06:00:00,14,2,12
2015-12-17 07:00:00,30,3,27
2015-12-17 08:00:00,28,4,24
2015-12-17 09:00:00,24,10,14
2015-12-17 10:00:00,11,4,7
2015-12-17 11:00:00,11,2,9
2015-12-17 12:00:00,7,2,5
2015-12-17 13:00:00,12,10,2
2015-12-17 14:00:00,15,7,8
2015-12-17 15:00:00,14,10,4
2015-12-17 16:00:00,26,21,5
2015-12-17 17:00:00,23,19,4
2015-12-17 18:00:00,23,19,4
2015-12-17 19:00:00,12,11,1
2015-12-17 20:00:00,3,2,1
2015-12-17 21:00:00,2,2,0
2015-12-17 22:00:00,0,0,0
2015-12-17 23:00:00,0,0,0
2015-12-18 00:00:00,1,1,0
2015-12-18 01:00:00,0,0,0
2015-12-18 02:00:00,0,0,0
2015-12-18 03:00:00,2,1,1
2015-12-18 04:00:00,4,1,3
2015-12-18 05:00:00,4,1,3
2015-12-18 06:00:00,16,2,14
2015-12-18 07:00:00,22,3,19
2015-12-18 08:00:00,33,5,28
2015-12-18 09:00:00,19,6,13
2015-12-18 10:00:00,22,13,9
2015-12-18 11:00:00,18,7,11
2015-12-18 12:00:00,19,9,10
2015-12-18 13:00:00,17,9,8
2015-12-18 14:00:00,28,14,14
2015-12-18 15:00:00,24,14,10
2015-12-18 16:00:00,39,31,8
2015-12-18 17:00:00,32,25,7
2015-12-18 18:00:00,15,11,4
2015-12-18 19:00:00,7,7,0
2015-12-18 20:00:00,7,6,1
2015-12-18 21:00:00,9,3,6
2015-12-18 22:00:00,2,2,0
2015-12-18 23:00:00,0,0,0
2015-12-19 00:00:00,0,0,0
2015-12-19 01:00:00,0,0,0
2015-12-19 02:00:00,0,0,0
2015-12-19 03:00:00,0,0,0
2015-12-19 04:00:00,0,0,0
2015-12-19 05:00:00,1,0,1
2015-12-19 06:00:00,0,0,0
2015-12-19 07:00:00,10,7,3
2015-12-19 08:00:00,24,14,10
2015-12-19 09:00:00,37,21,16
2015-12-19 10:00:00,46,31,15
2015-12-19 11:00:00,40,19,21
2015-12-19 12:00:00,69,38,31
2015-12-19 13:00:00,63,29,34
2015-12-19 14:00:00,68,34,34
2015-12-19 15:00:00,54,21,33
2015-12-19 16:00:00,27,7,20
2015-12-19 17:00:00,6,2,4
2015-12-19 18:00:00,2,1,1
2015-12-19 19:00:00,2,1,1
2015-12-19 20:00:00,1,0,1
2015-12-19 21:00:00,0,0,0
2015-12-19 22:00:00,1,1,0
2015-12-19 23:00:00,0,0,0
2015-12-20 00:00:00,0,0,0
2015-12-20 01:00:00,4,3,1
2015-12-20 02:00:00,0,0,0
2015-12-20 03:00:00,0,0,0
2015-12-20 04:00:00,0,0,0
2015-12-20 05:00:00,0,0,0
2015-12-20 06:00:00,1,0,1
2015-12-20 07:00:00,0,0,0
2015-12-20 08:00:00,4,2,2
2015-12-20 09:00:00,26,17,9
2015-12-20 10:00:00,20,11,9
2015-12-20 11:00:00,18,10,8
2015-12-20 12:00:00,37,15,22
2015-12-20 13:00:00,26,13,13
2015-12-20 14:00:00,24,9,15
2015-12-20 15:00:00,25,15,10
2015-12-20 16:00:00,17,3,14
2015-12-20 17:00:00,12,5,7
2015-12-20 18:00:00,5,3,2
2015-12-20 19:00:00,1,0,1
2015-12-20 20:00:00,5,2,3
2015-12-20 21:00:00,4,2,2
2015-12-20 22:00:00,0,0,0
2015-12-20 23:00:00,1,1,0
2015-12-21 00:00:00,1,1,0
2015-12-21 01:00:00,1,1,0
2015-12-21 02:00:00,0,0,0
2015-12-21 03:00:00,1,0,1
2015-12-21 04:00:00,3,1,2
2015-12-21 05:00:00,6,1,5
2015-12-21 06:00:00,12,2,10
2015-12-21 07:00:00,20,3,17
2015-12-21 08:00:00,25,8,17
2015-12-21 09:00:00,17,4,13
2015-12-21 10:00:00,9,1,8
2015-12-21 11:00:00,7,0,7
2015-12-21 12:00:00,4,3,1
2015-12-21 13:00:00,7,3,4
2015-12-21 14:00:00,8,6,2
2015-12-21 15:00:00,6,5,1
2015-12-21 16:00:00,23,19,4
2015-12-21 17:00:00,44,34,10
2015-12-21 18:00:00,13,10,3
2015-12-21 19:00:00,5,5,0
2015-12-21 20:00:00,6,5,1
2015-12-21 21:00:00,1,1,0
2015-12-21 22:00:00,1,0,1
2015-12-21 23:00:00,2,2,0
2015-12-22 00:00:00,1,0,1
2015-12-22 01:00:00,0,0,0
2015-12-22 02:00:00,0,0,0
2015-12-22 03:00:00,0,0,0
2015-12-22 04:00:00,3,0,3
2015-12-22 05:00:00,9,2,7
2015-12-22 06:00:00,11,2,9
2015-12-22 07:00:00,27,6,21
2015-12-22 08:00:00,39,8,31
2015-12-22 09:00:00,37,18,19
2015-12-22 10:00:00,29,13,16
2015-12-22 11:00:00,31,13,18
2015-12-22 12:00:00,18,8,10
2015-12-22 13:00:00,33,16,17
2015-12-22 14:00:00,32,19,13
2015-12-22 15:00:00,30,17,13
2015-12-22 16:00:00,37,28,9
2015-12-22 17:00:00,37,28,9
2015-12-22 18:00:00,15,13,2
2015-12-22 19:00:00,3,2,1
2015-12-22 20:00:00,3,3,0
2015-12-22 21:00:00,1,1,0
2015-12-22 22:00:00,3,2,1
2015-12-22 23:00:00,3,3,0
2015-12-23 00:00:00,0,0,0
2015-12-23 01:00:00,0,0,0
2015-12-23 02:00:00,0,0,0
2015-12-23 03:00:00,0,0,0
2015-12-23 04:00:00,2,0,2
2015-12-23 05:00:00,4,2,2
2015-12-23 06:00:00,16,4,12
2015-12-23 07:00:00,20,5,15
2015-12-23 08:00:00,20,8,12
2015-12-23 09:00:00,21,7,14
2015-12-23 10:00:00,9,3,6
2015-12-23 11:00:00,25,10,15
2015-12-23 12:00:00,13,8,5
2015-12-23 13:00:00,15,8,7
2015-12-23 14:00:00,9,7,2
2015-12-23 15:00:00,18,13,5
2015-12-23 16:00:00,24,17,7
2015-12-23 17:00:00,21,19,2
2015-12-23 18:00:00,16,12,4
2015-12-23 19:00:00,3,2,1
2015-12-23 20:00:00,3,3,0
2015-12-23 21:00:00,3,2,1
2015-12-23 22:00:00,1,0,1
2015-12-23 23:00:00,1,0,1
2015-12-24 00:00:00,1,0,1
2015-12-24 01:00:00,1,1,0
2015-12-24 02:00:00,0,0,0
2015-12-24 03:00:00,0,0,0
2015-12-24 04:00:00,1,0,1
2015-12-24 05:00:00,3,2,1
2015-12-24 06:00:00,6,0,6
2015-12-24 07:00:00,15,7,8
2015-12-24 08:00:00,21,10,11
2015-12-24 09:00:00,21,6,15
2015-12-24 10:00:00,30,17,13
2015-12-24 11:00:00,19,12,7
2015-12-24 12:00:00,29,16,13
2015-12-24 13:00:00,17,11,6
2015-12-24 14:00:00,22,10,12
2015-12-24 15:00:00,16,9,7
2015-12-24 16:00:00,11,8,3
2015-12-24 17:00:00,7,6,1
2015-12-24 18:00:00,2,0,2
2015-12-24 19:00:00,0,0,0
2015-12-24 20:00:00,1,1,0
2015-12-24 21:00:00,1,1,0
2015-12-24 22:00:00,1,0,1
2015-12-24 23:00:00,1,0,1
2015-12-25 00:00:00,0,0,0
2015-12-25 01:00:00,0,0,0
2015-12-25 02:00:00,0,0,0
2015-12-25 03:00:00,0,0,0
2015-12-25 04:00:00,0,0,0
2015-12-25 05:00:00,0,0,0
2015-12-25 06:00:00,0,0,0
2015-12-25 07:00:00,0,0,0
2015-12-25 08:00:00,3,2,1
2015-12-25 09:00:00,7,4,3
2015-12-25 10:00:00,14,7,7
2015-12-25 11:00:00,9,6,3
2015-12-25 12:00:00,19,11,8
2015-12-25 13:00:00,30,19,11
2015-12-25 14:00:00,39,14,25
2015-12-25 15:00:00,19,10,9
2015-12-25 16:00:00,6,1,5
2015-12-25 17:00:00,3,1,2
2015-12-25 18:00:00,0,0,0
2015-12-25 19:00:00,0,0,0
2015-12-25 20:00:00,0,0,0
2015-12-25 21:00:00,1,1,0
2015-12-25 22:00:00,2,1,1
2015-12-25 23:00:00,1,0,1
2015-12-26 00:00:00,0,0,0
2015-12-26 01:00:00,0,0,0
2015-12-26 02:00:00,0,0,0
2015-12-26 03:00:00,0,0,0
2015-12-26 04:00:00,3,3,0
2015-12-26 05:00:00,1,0,1
2015-12-26 06:00:00,0,0,0
2015-12-26 07:00:00,3,2,1
2015-12-26 08:00:00,16,12,4
2015-12-26 09:00:00,17,13,4
2015-12-26 10:00:00,21,12,9
2015-12-26 11:00:00,33,15,18
2015-12-26 12:00:00,48,25,23
2015-12-26 13:00:00,66,37,29
2015-12-26 14:00:00,43,13,30
2015-12-26 15:00:00,43,17,26
2015-12-26 16:00:00,31,13,18
2015-12-26 17:00:00,15,10,5
2015-12-26 18:00:00,3,1,2
2015-12-26 19:00:00,3,2,1
2015-12-26 20:00:00,3,3,0
2015-12-26 21:00:00,0,0,0
2015-12-26 22:00:00,0,0,0
2015-12-26 23:00:00,0,0,0
2015-12-27 00:00:00,2,2,0
2015-12-27 01:00:00,2,0,2
2015-12-27 02:00:00,0,0,0
2015-12-27 03:00:00,1,0,1
2015-12-27 04:00:00,0,0,0
2015-12-27 05:00:00,0,0,0
2015-12-27 06:00:00,0,0,0
2015-12-27 07:00:00,2,1,1
2015-12-27 08:00:00,9,4,5
2015-12-27 09:00:00,17,11,6
2015-12-27 10:00:00,19,10,9
2015-12-27 11:00:00,22,10,12
2015-12-27 12:00:00,20,9,11
2015-12-27 13:00:00,8,0,8
2015-12-27 14:00:00,7,1,6
2015-12-27 15:00:00,6,3,3
2015-12-27 16:00:00,2,0,2
2015-12-27 17:00:00,5,4,1
2015-12-27 18:00:00,1,0,1
2015-12-27 19:00:00,1,1,0
2015-12-27 20:00:00,1,0,1
2015-12-27 21:00:00,0,0,0
2015-12-27 22:00:00,1,1,0
2015-12-27 23:00:00,0,0,0
2015-12-28 00:00:00,0,0,0
2015-12-28 01:00:00,0,0,0
2015-12-28 02:00:00,0,0,0
2015-12-28 03:00:00,0,0,0
2015-12-28 04:00:00,2,1,1
2015-12-28 05:00:00,7,2,5
2015-12-28 06:00:00,8,1,7
2015-12-28 07:00:00,22,5,17
2015-12-28 08:00:00,24,7,17
2015-12-28 09:00:00,20,9,11
2015-12-28 10:00:00,21,6,15
2015-12-28 11:00:00,17,12,5
2015-12-28 12:00:00,29,9,20
2015-12-28 13:00:00,39,25,14
2015-12-28 14:00:00,33,21,12
2015-12-28 15:00:00,37,20,17
2015-12-28 16:00:00,31,22,9
2015-12-28 17:00:00,36,31,5
2015-12-28 18:00:00,11,7,4
2015-12-28 19:00:00,9,5,4
2015-12-28 20:00:00,2,2,0
2015-12-28 21:00:00,3,2,1
2015-12-28 22:00:00,1,1,0
2015-12-28 23:00:00,2,0,2
2015-12-29 00:00:00,1,1,0
2015-12-29 01:00:00,0,0,0
2015-12-29 02:00:00,0,0,0
2015-12-29 03:00:00,1,1,0
2015-12-29 04:00:00,3,1,2
2015-12-29 05:00:00,10,1,9
2015-12-29 06:00:00,14,3,11
2015-12-29 07:00:00,23,5,18
2015-12-29 08:00:00,38,10,28
2015-12-29 09:00:00,36,14,22
2015-12-29 10:00:00,19,10,9
2015-12-29 11:00:00,23,11,12
2015-12-29 12:00:00,31,16,15
2015-12-29 13:00:00,53,21,32
2015-12-29 14:00:00,33,19,14
2015-12-29 15:00:00,47,24,23
2015-12-29 16:00:00,44,27,17
2015-12-29 17:00:00,42,37,5
2015-12-29 18:00:00,27,23,4
2015-12-29 19:00:00,4,3,1
2015-12-29 20:00:00,6,5,1
2015-12-29 21:00:00,4,4,0
2015-12-29 22:00:00,3,2,1
2015-12-29 23:00:00,0,0,0
2015-12-30 00:00:00,0,0,0
2015-12-30 01:00:00,0,0,0
2015-12-30 02:00:00,1,1,0
2015-12-30 03:00:00,1,0,1
2015-12-30 04:00:00,4,1,3
2015-12-30 05:00:00,7,0,7
2015-12-30 06:00:00,10,2,8
2015-12-30 07:00:00,13,2,11
2015-12-30 08:00:00,27,10,17
2015-12-30 09:00:00,23,6,17
2015-12-30 10:00:00,17,9,8
2015-12-30 11:00:00,28,16,12
2015-12-30 12:00:00,31,14,17
2015-12-30 13:00:00,33,18,15
2015-12-30 14:00:00,53,26,27
2015-12-30 15:00:00,45,27,18
2015-12-30 16:00:00,42,31,11
2015-12-30 17:00:00,36,23,13
2015-12-30 18:00:00,16,13,3
2015-12-30 19:00:00,8,7,1
2015-12-30 20:00:00,2,1,1
2015-12-30 21:00:00,2,2,0
2015-12-30 22:00:00,4,1,3
2015-12-30 23:00:00,0,0,0
2015-12-31 00:00:00,1,1,0
2015-12-31 01:00:00,0,0,0
2015-12-31 02:00:00,0,0,0
2015-12-31 03:00:00,2,2,0
2015-12-31 04:00:00,5,2,3
2015-12-31 05:00:00,1,0,1
2015-12-31 06:00:00,8,2,6
2015-12-31 07:00:00,16,5,11
2015-12-31 08:00:00,13,4,9
2015-12-31 09:00:00,19,8,11
2015-12-31 10:00:00,18,9,9
2015-12-31 11:00:00,32,18,14
2015-12-31 12:00:00,34,17,17
2015-12-31 13:00:00,33,21,12
2015-12-31 14:00:00,47,21,26
2015-12-31 15:00:00,54,26,28
2015-12-31 16:00:00,34,14,20
2015-12-31 17:00:00,20,18,2
2015-12-31 18:00:00,14,9,5
2015-12-31 19:00:00,6,6,0
2015-12-31 20:00:00,2,2,0
2015-12-31 21:00:00,1,1,0
2015-12-31 22:00:00,0,0,0
2015-12-31 23:00:00,0,0,0
2016-01-01 00:00:00,0,0,0
2016-01-01 01:00:00,0,0,0
2016-01-01 02:00:00,0,0,0
2016-01-01 03:00:00,0,0,0
2016-01-01 04:00:00,0,0,0
2016-01-01 05:00:00,3,2,1
2016-01-01 06:00:00,0,0,0
2016-01-01 07:00:00,3,1,2
2016-01-01 08:00:00,5,1,4
2016-01-01 09:00:00,12,9,3
2016-01-01 10:00:00,34,20,14
2016-01-01 11:00:00,77,57,20
2016-01-01 12:00:00,59,27,32
2016-01-01 13:00:00,97,52,45
2016-01-01 14:00:00,63,29,34
2016-01-01 15:00:00,89,21,68
2016-01-01 16:00:00,41,15,26
2016-01-01 17:00:00,15,2,13
2016-01-01 18:00:00,3,2,1
2016-01-01 19:00:00,2,1,1
2016-01-01 20:00:00,0,0,0
2016-01-01 21:00:00,1,1,0
2016-01-01 22:00:00,0,0,0
2016-01-01 23:00:00,0,0,0
2016-01-02 00:00:00,0,0,0
2016-01-02 01:00:00,0,0,0
2016-01-02 02:00:00,0,0,0
2016-01-02 03:00:00,0,0,0
2016-01-02 04:00:00,1,1,0
2016-01-02 05:00:00,1,1,0
2016-01-02 06:00:00,2,2,0
2016-01-02 07:00:00,5,2,3
2016-01-02 08:00:00,12,8,4
2016-01-02 09:00:00,9,3,6
2016-01-02 10:00:00,25,10,15
2016-01-02 11:00:00,45,34,11
2016-01-02 12:00:00,75,45,30
2016-01-02 13:00:00,82,47,35
2016-01-02 14:00:00,92,35,57
2016-01-02 15:00:00,66,24,42
2016-01-02 16:00:00,38,21,17
2016-01-02 17:00:00,15,6,9
2016-01-02 18:00:00,1,0,1
2016-01-02 19:00:00,0,0,0
2016-01-02 20:00:00,1,0,1
2016-01-02 21:00:00,0,0,0
2016-01-02 22:00:00,3,0,3
2016-01-02 23:00:00,0,0,0
2016-01-03 00:00:00,0,0,0
2016-01-03 01:00:00,0,0,0
2016-01-03 02:00:00,0,0,0
2016-01-03 03:00:00,0,0,0
2016-01-03 04:00:00,0,0,0
2016-01-03 05:00:00,1,1,0
2016-01-03 06:00:00,0,0,0
2016-01-03 07:00:00,3,2,1
2016-01-03 08:00:00,11,6,5
2016-01-03 09:00:00,25,13,12
2016-01-03 10:00:00,63,35,28
2016-01-03 11:00:00,46,28,18
2016-01-03 12:00:00,54,25,29
2016-01-03 13:00:00,57,27,30
2016-01-03 14:00:00,30,8,22
2016-01-03 15:00:00,17,11,6
2016-01-03 16:00:00,9,4,5
2016-01-03 17:00:00,3,3,0
2016-01-03 18:00:00,1,0,1
2016-01-03 19:00:00,0,0,0
2016-01-03 20:00:00,0,0,0
2016-01-03 21:00:00,1,0,1
2016-01-03 22:00:00,0,0,0
2016-01-03 23:00:00,0,0,0
2016-01-04 00:00:00,0,0,0
2016-01-04 01:00:00,1,1,0
2016-01-04 02:00:00,0,0,0
2016-01-04 03:00:00,0,0,0
2016-01-04 04:00:00,2,1,1
2016-01-04 05:00:00,7,0,7
2016-01-04 06:00:00,17,2,15
2016-01-04 07:00:00,25,6,19
2016-01-04 08:00:00,47,10,37
2016-01-04 09:00:00,33,16,17
2016-01-04 10:00:00,18,5,13
2016-01-04 11:00:00,6,3,3
2016-01-04 12:00:00,8,4,4
2016-01-04 13:00:00,9,5,4
2016-01-04 14:00:00,12,9,3
2016-01-04 15:00:00,14,10,4
2016-01-04 16:00:00,30,22,8
2016-01-04 17:00:00,47,36,11
2016-01-04 18:00:00,31,27,4
2016-01-04 19:00:00,12,6,6
2016-01-04 20:00:00,2,2,0
2016-01-04 21:00:00,1,1,0
2016-01-04 22:00:00,2,2,0
2016-01-04 23:00:00,1,1,0
2016-01-05 00:00:00,0,0,0
2016-01-05 01:00:00,1,1,0
2016-01-05 02:00:00,0,0,0
2016-01-05 03:00:00,0,0,0
2016-01-05 04:00:00,4,1,3
2016-01-05 05:00:00,13,1,12
2016-01-05 06:00:00,23,7,16
2016-01-05 07:00:00,38,5,33
2016-01-05 08:00:00,50,12,38
2016-01-05 09:00:00,26,8,18
2016-01-05 10:00:00,13,3,10
2016-01-05 11:00:00,7,3,4
2016-01-05 12:00:00,8,6,2
2016-01-05 13:00:00,11,6,5
2016-01-05 14:00:00,17,11,6
2016-01-05 15:00:00,26,18,8
2016-01-05 16:00:00,43,31,12
2016-01-05 17:00:00,51,40,11
2016-01-05 18:00:00,44,36,8
2016-01-05 19:00:00,14,11,3
2016-01-05 20:00:00,5,4,1
2016-01-05 21:00:00,3,3,0
2016-01-05 22:00:00,2,2,0
2016-01-05 23:00:00,1,1,0
2016-01-06 00:00:00,1,1,0
2016-01-06 01:00:00,0,0,0
2016-01-06 02:00:00,0,0,0
2016-01-06 03:00:00,0,0,0
2016-01-06 04:00:00,6,2,4
2016-01-06 05:00:00,11,2,9
2016-01-06 06:00:00,26,4,22
2016-01-06 07:00:00,55,11,44
2016-01-06 08:00:00,48,14,34
2016-01-06 09:00:00,40,17,23
2016-01-06 10:00:00,27,13,14
2016-01-06 11:00:00,26,12,14
2016-01-06 12:00:00,34,17,17
2016-01-06 13:00:00,35,20,15
2016-01-06 14:00:00,57,21,36
2016-01-06 15:00:00,60,36,24
2016-01-06 16:00:00,76,45,31
2016-01-06 17:00:00,70,47,23
2016-01-06 18:00:00,62,45,17
2016-01-06 19:00:00,16,10,6
2016-01-06 20:00:00,2,1,1
2016-01-06 21:00:00,3,0,3
2016-01-06 22:00:00,6,4,2
2016-01-06 23:00:00,1,1,0
2016-01-07 00:00:00,0,0,0
2016-01-07 01:00:00,0,0,0
2016-01-07 02:00:00,0,0,0
2016-01-07 03:00:00,0,0,0
2016-01-07 04:00:00,2,0,2
2016-01-07 05:00:00,7,1,6
2016-01-07 06:00:00,20,4,16
2016-01-07 07:00:00,32,8,24
2016-01-07 08:00:00,47,17,30
2016-01-07 09:00:00,53,21,32
2016-01-07 10:00:00,20,8,12
2016-01-07 11:00:00,27,14,13
2016-01-07 12:00:00,27,11,16
2016-01-07 13:00:00,24,10,14
2016-01-07 14:00:00,25,16,9
2016-01-07 15:00:00,35,22,13
2016-01-07 16:00:00,45,33,12
2016-01-07 17:00:00,49,40,9
2016-01-07 18:00:00,34,26,8
2016-01-07 19:00:00,10,7,3
2016-01-07 20:00:00,11,10,1
2016-01-07 21:00:00,6,3,3
2016-01-07 22:00:00,1,1,0
2016-01-07 23:00:00,1,0,1
2016-01-08 00:00:00,2,1,1
2016-01-08 01:00:00,0,0,0
2016-01-08 02:00:00,0,0,0
2016-01-08 03:00:00,1,1,0
2016-01-08 04:00:00,4,1,3
2016-01-08 05:00:00,4,1,3
2016-01-08 06:00:00,21,5,16
2016-01-08 07:00:00,47,11,36
2016-01-08 08:00:00,49,14,35
2016-01-08 09:00:00,44,19,25
2016-01-08 10:00:00,21,10,11
2016-01-08 11:00:00,16,6,10
2016-01-08 12:00:00,32,23,9
2016-01-08 13:00:00,28,15,13
2016-01-08 14:00:00,48,28,20
2016-01-08 15:00:00,52,25,27
2016-01-08 16:00:00,58,33,25
2016-01-08 17:00:00,50,37,13
2016-01-08 18:00:00,38,28,10
2016-01-08 19:00:00,15,13,2
2016-01-08 20:00:00,6,5,1
2016-01-08 21:00:00,3,3,0
2016-01-08 22:00:00,5,3,2
2016-01-08 23:00:00,1,0,1
2016-01-09 00:00:00,0,0,0
2016-01-09 01:00:00,0,0,0
2016-01-09 02:00:00,1,1,0
2016-01-09 03:00:00,0,0,0
2016-01-09 04:00:00,0,0,0
2016-01-09 05:00:00,1,1,0
2016-01-09 06:00:00,4,2,2
2016-01-09 07:00:00,9,5,4
2016-01-09 08:00:00,39,32,7
2016-01-09 09:00:00,37,16,21
2016-01-09 10:00:00,50,28,22
2016-01-09 11:00:00,79,51,28
2016-01-09 12:00:00,106,64,42
2016-01-09 13:00:00,125,61,64
2016-01-09 14:00:00,110,52,58
2016-01-09 15:00:00,84,33,51
2016-01-09 16:00:00,64,28,36
2016-01-09 17:00:00,22,10,12
2016-01-09 18:00:00,2,1,1
2016-01-09 19:00:00,5,0,5
2016-01-09 20:00:00,1,1,0
2016-01-09 21:00:00,4,2,2
2016-01-09 22:00:00,4,0,4
2016-01-09 23:00:00,7,6,1
2016-01-10 00:00:00,1,0,1
2016-01-10 01:00:00,2,1,1
2016-01-10 02:00:00,1,1,0
2016-01-10 03:00:00,1,1,0
2016-01-10 04:00:00,0,0,0
2016-01-10 05:00:00,2,1,1
2016-01-10 06:00:00,1,0,1
2016-01-10 07:00:00,6,4,2
2016-01-10 08:00:00,19,11,8
2016-01-10 09:00:00,33,17,16
2016-01-10 10:00:00,33,24,9
2016-01-10 11:00:00,52,24,28
2016-01-10 12:00:00,86,47,39
2016-01-10 13:00:00,104,61,43
2016-01-10 14:00:00,184,97,87
2016-01-10 15:00:00,128,47,81
2016-01-10 16:00:00,61,25,36
2016-01-10 17:00:00,18,3,15
2016-01-10 18:00:00,9,5,4
2016-01-10 19:00:00,5,3,2
2016-01-10 20:00:00,3,1,2
2016-01-10 21:00:00,3,2,1
2016-01-10 22:00:00,2,2,0
2016-01-10 23:00:00,0,0,0
2016-01-11 00:00:00,3,2,1
2016-01-11 01:00:00,0,0,0
2016-01-11 02:00:00,0,0,0
2016-01-11 03:00:00,0,0,0
2016-01-11 04:00:00,3,0,3
2016-01-11 05:00:00,10,0,10
2016-01-11 06:00:00,16,2,14
2016-01-11 07:00:00,43,6,37
2016-01-11 08:00:00,60,11,49
2016-01-11 09:00:00,24,12,12
2016-01-11 10:00:00,21,4,17
2016-01-11 11:00:00,11,5,6
2016-01-11 12:00:00,5,4,1
2016-01-11 13:00:00,7,5,2
2016-01-11 14:00:00,11,6,5
2016-01-11 15:00:00,17,14,3
2016-01-11 16:00:00,41,31,10
2016-01-11 17:00:00,51,38,13
2016-01-11 18:00:00,40,40,0
2016-01-11 19:00:00,7,6,1
2016-01-11 20:00:00,5,5,0
2016-01-11 21:00:00,4,3,1
2016-01-11 22:00:00,1,1,0
2016-01-11 23:00:00,1,1,0
2016-01-12 00:00:00,2,2,0
2016-01-12 01:00:00,0,0,0
2016-01-12 02:00:00,0,0,0
2016-01-12 03:00:00,0,0,0
2016-01-12 04:00:00,5,0,5
2016-01-12 05:00:00,13,3,10
2016-01-12 06:00:00,21,1,20
2016-01-12 07:00:00,36,8,28
2016-01-12 08:00:00,60,16,44
2016-01-12 09:00:00,34,11,23
2016-01-12 10:00:00,19,6,13
2016-01-12 11:00:00,10,5,5
2016-01-12 12:00:00,9,4,5
2016-01-12 13:00:00,9,5,4
2016-01-12 14:00:00,17,13,4
2016-01-12 15:00:00,22,16,6
2016-01-12 16:00:00,36,29,7
2016-01-12 17:00:00,36,31,5
2016-01-12 18:00:00,39,32,7
2016-01-12 19:00:00,10,8,2
2016-01-12 20:00:00,0,0,0
2016-01-12 21:00:00,1,1,0
2016-01-12 22:00:00,0,0,0
2016-01-12 23:00:00,2,2,0
2016-01-13 00:00:00,0,0,0
2016-01-13 01:00:00,0,0,0
2016-01-13 02:00:00,0,0,0
2016-01-13 03:00:00,0,0,0
2016-01-13 04:00:00,5,2,3
2016-01-13 05:00:00,10,1,9
2016-01-13 06:00:00,26,3,23
2016-01-13 07:00:00,19,5,14
2016-01-13 08:00:00,26,2,24
2016-01-13 09:00:00,27,13,14
2016-01-13 10:00:00,9,4,5
2016-01-13 11:00:00,11,3,8
2016-01-13 12:00:00,17,10,7
2016-01-13 13:00:00,7,2,5
2016-01-13 14:00:00,14,8,6
2016-01-13 15:00:00,26,19,7
2016-01-13 16:00:00,47,31,16
2016-01-13 17:00:00,57,48,9
2016-01-13 18:00:00,39,33,6
2016-01-13 19:00:00,15,13,2
2016-01-13 20:00:00,7,4,3
2016-01-13 21:00:00,2,2,0
2016-01-13 22:00:00,3,2,1
2016-01-13 23:00:00,0,0,0
2016-01-14 00:00:00,1,0,1
2016-01-14 01:00:00,0,0,0
2016-01-14 02:00:00,0,0,0
2016-01-14 03:00:00,0,0,0
2016-01-14 04:00:00,3,1,2
2016-01-14 05:00:00,7,0,7
2016-01-14 06:00:00,27,7,20
2016-01-14 07:00:00,46,9,37
2016-01-14 08:00:00,51,12,39
2016-01-14 09:00:00,45,17,28
2016-01-14 10:00:00,38,11,27
2016-01-14 11:00:00,21,10,11
2016-01-14 12:00:00,23,10,13
2016-01-14 13:00:00,38,20,18
2016-01-14 14:00:00,53,30,23
2016-01-14 15:00:00,71,45,26
2016-01-14 16:00:00,54,38,16
2016-01-14 17:00:00,62,42,20
2016-01-14 18:00:00,51,38,13
2016-01-14 19:00:00,17,14,3
2016-01-14 20:00:00,6,3,3
2016-01-14 21:00:00,4,3,1
2016-01-14 22:00:00,1,1,0
2016-01-14 23:00:00,0,0,0
2016-01-15 00:00:00,2,1,1
2016-01-15 01:00:00,0,0,0
2016-01-15 02:00:00,1,1,0
2016-01-15 03:00:00,0,0,0
2016-01-15 04:00:00,4,2,2
2016-01-15 05:00:00,7,0,7
2016-01-15 06:00:00,13,3,10
2016-01-15 07:00:00,29,8,21
2016-01-15 08:00:00,48,7,41
2016-01-15 09:00:00,29,12,17
2016-01-15 10:00:00,17,7,10
2016-01-15 11:00:00,13,5,8
2016-01-15 12:00:00,8,3,5
2016-01-15 13:00:00,7,6,1
2016-01-15 14:00:00,18,13,5
2016-01-15 15:00:00,30,18,12
2016-01-15 16:00:00,33,23,10
2016-01-15 17:00:00,40,36,4
2016-01-15 18:00:00,34,25,9
2016-01-15 19:00:00,9,7,2
2016-01-15 20:00:00,5,4,1
2016-01-15 21:00:00,4,4,0
2016-01-15 22:00:00,2,1,1
2016-01-15 23:00:00,0,0,0
2016-01-16 00:00:00,0,0,0
2016-01-16 01:00:00,0,0,0
2016-01-16 02:00:00,1,0,1
2016-01-16 03:00:00,1,0,1
2016-01-16 04:00:00,0,0,0
2016-01-16 05:00:00,0,0,0
2016-01-16 06:00:00,2,0,2
2016-01-16 07:00:00,3,1,2
2016-01-16 08:00:00,15,9,6
2016-01-16 09:00:00,14,8,6
2016-01-16 10:00:00,37,23,14
2016-01-16 11:00:00,53,33,20
2016-01-16 12:00:00,61,24,37
2016-01-16 13:00:00,44,21,23
2016-01-16 14:00:00,39,22,17
2016-01-16 15:00:00,23,8,15
2016-01-16 16:00:00,16,11,5
2016-01-16 17:00:00,5,1,4
2016-01-16 18:00:00,5,4,1
2016-01-16 19:00:00,3,2,1
2016-01-16 20:00:00,1,0,1
2016-01-16 21:00:00,3,3,0
2016-01-16 22:00:00,3,1,2
2016-01-16 23:00:00,2,0,2
2016-01-17 00:00:00,1,1,0
2016-01-17 01:00:00,1,0,1
2016-01-17 02:00:00,0,0,0
2016-01-17 03:00:00,0,0,0
2016-01-17 04:00:00,1,0,1
2016-01-17 05:00:00,0,0,0
2016-01-17 06:00:00,2,2,0
2016-01-17 07:00:00,4,3,1
2016-01-17 08:00:00,13,5,8
2016-01-17 09:00:00,13,10,3
2016-01-17 10:00:00,14,4,10
2016-01-17 11:00:00,8,3,5
2016-01-17 12:00:00,17,12,5
2016-01-17 13:00:00,28,15,13
2016-01-17 14:00:00,34,17,17
2016-01-17 15:00:00,26,12,14
2016-01-17 16:00:00,24,13,11
2016-01-17 17:00:00,6,1,5
2016-01-17 18:00:00,1,0,1
2016-01-17 19:00:00,4,4,0
2016-01-17 20:00:00,0,0,0
2016-01-17 21:00:00,0,0,0
2016-01-17 22:00:00,0,0,0
2016-01-17 23:00:00,0,0,0
2016-01-18 00:00:00,1,1,0
2016-01-18 01:00:00,0,0,0
2016-01-18 02:00:00,1,1,0
2016-01-18 03:00:00,1,0,1
2016-01-18 04:00:00,2,0,2
2016-01-18 05:00:00,0,0,0
2016-01-18 06:00:00,10,2,8
2016-01-18 07:00:00,12,5,7
2016-01-18 08:00:00,15,6,9
2016-01-18 09:00:00,24,11,13
2016-01-18 10:00:00,60,28,32
2016-01-18 11:00:00,70,38,32
2016-01-18 12:00:00,74,36,38
2016-01-18 13:00:00,103,55,48
2016-01-18 14:00:00,96,47,49
2016-01-18 15:00:00,76,36,40
2016-01-18 16:00:00,56,25,31
2016-01-18 17:00:00,31,13,18
2016-01-18 18:00:00,23,15,8
2016-01-18 19:00:00,6,2,4
2016-01-18 20:00:00,4,2,2
2016-01-18 21:00:00,3,1,2
2016-01-18 22:00:00,1,1,0
2016-01-18 23:00:00,0,0,0
2016-01-19 00:00:00,2,1,1
2016-01-19 01:00:00,0,0,0
2016-01-19 02:00:00,1,1,0
2016-01-19 03:00:00,0,0,0
2016-01-19 04:00:00,4,1,3
2016-01-19 05:00:00,9,2,7
2016-01-19 06:00:00,29,2,27
2016-01-19 07:00:00,44,12,32
2016-01-19 08:00:00,56,18,38
2016-01-19 09:00:00,32,13,19
2016-01-19 10:00:00,26,10,16
2016-01-19 11:00:00,12,6,6
2016-01-19 12:00:00,18,8,10
2016-01-19 13:00:00,12,6,6
2016-01-19 14:00:00,10,3,7
2016-01-19 15:00:00,22,16,6
2016-01-19 16:00:00,36,26,10
2016-01-19 17:00:00,42,37,5
2016-01-19 18:00:00,41,32,9
2016-01-19 19:00:00,12,9,3
2016-01-19 20:00:00,6,5,1
2016-01-19 21:00:00,4,3,1
2016-01-19 22:00:00,1,1,0
2016-01-19 23:00:00,0,0,0
2016-01-20 00:00:00,0,0,0
2016-01-20 01:00:00,1,1,0
2016-01-20 02:00:00,1,1,0
2016-01-20 03:00:00,1,0,1
2016-01-20 04:00:00,6,2,4
2016-01-20 05:00:00,10,0,10
2016-01-20 06:00:00,22,6,16
2016-01-20 07:00:00,47,6,41
2016-01-20 08:00:00,56,13,43
2016-01-20 09:00:00,40,19,21
2016-01-20 10:00:00,22,11,11
2016-01-20 11:00:00,26,11,15
2016-01-20 12:00:00,27,16,11
2016-01-20 13:00:00,24,17,7
2016-01-20 14:00:00,39,18,21
2016-01-20 15:00:00,39,22,17
2016-01-20 16:00:00,67,44,23
2016-01-20 17:00:00,70,55,15
2016-01-20 18:00:00,39,30,9
2016-01-20 19:00:00,29,25,4
2016-01-20 20:00:00,10,6,4
2016-01-20 21:00:00,6,4,2
2016-01-20 22:00:00,3,2,1
2016-01-20 23:00:00,0,0,0
2016-01-21 00:00:00,0,0,0
2016-01-21 01:00:00,1,0,1
2016-01-21 02:00:00,0,0,0
2016-01-21 03:00:00,1,0,1
2016-01-21 04:00:00,5,3,2
2016-01-21 05:00:00,6,1,5
2016-01-21 06:00:00,14,2,12
2016-01-21 07:00:00,24,3,21
2016-01-21 08:00:00,28,5,23
2016-01-21 09:00:00,22,6,16
2016-01-21 10:00:00,3,2,1
2016-01-21 11:00:00,6,4,2
2016-01-21 12:00:00,2,0,2
2016-01-21 13:00:00,6,5,1
2016-01-21 14:00:00,8,5,3
2016-01-21 15:00:00,19,11,8
2016-01-21 16:00:00,14,12,2
2016-01-21 17:00:00,34,29,5
2016-01-21 18:00:00,15,13,2
2016-01-21 19:00:00,8,8,0
2016-01-21 20:00:00,4,4,0
2016-01-21 21:00:00,7,3,4
2016-01-21 22:00:00,0,0,0
2016-01-21 23:00:00,0,0,0
2016-01-22 00:00:00,0,0,0
2016-01-22 01:00:00,0,0,0
2016-01-22 02:00:00,0,0,0
2016-01-22 03:00:00,0,0,0
2016-01-22 04:00:00,3,1,2
2016-01-22 05:00:00,3,0,3
2016-01-22 06:00:00,13,2,11
2016-01-22 07:00:00,30,6,24
2016-01-22 08:00:00,41,7,34
2016-01-22 09:00:00,47,21,26
2016-01-22 10:00:00,20,9,11
2016-01-22 11:00:00,15,7,8
2016-01-22 12:00:00,22,12,10
2016-01-22 13:00:00,26,17,9
2016-01-22 14:00:00,51,25,26
2016-01-22 15:00:00,54,30,24
2016-01-22 16:00:00,64,38,26
2016-01-22 17:00:00,47,36,11
2016-01-22 18:00:00,41,30,11
2016-01-22 19:00:00,14,8,6
2016-01-22 20:00:00,9,5,4
2016-01-22 21:00:00,1,1,0
2016-01-22 22:00:00,3,2,1
2016-01-22 23:00:00,1,1,0
2016-01-23 00:00:00,3,1,2
2016-01-23 01:00:00,0,0,0
2016-01-23 02:00:00,1,0,1
2016-01-23 03:00:00,0,0,0
2016-01-23 04:00:00,1,1,0
2016-01-23 05:00:00,1,0,1
2016-01-23 06:00:00,4,1,3
2016-01-23 07:00:00,4,3,1
2016-01-23 08:00:00,23,14,9
2016-01-23 09:00:00,24,16,8
2016-01-23 10:00:00,26,13,13
2016-01-23 11:00:00,27,17,10
2016-01-23 12:00:00,29,13,16
2016-01-23 13:00:00,21,6,15
2016-01-23 14:00:00,14,5,9
2016-01-23 15:00:00,23,14,9
2016-01-23 16:00:00,10,3,7
2016-01-23 17:00:00,14,7,7
2016-01-23 18:00:00,4,3,1
2016-01-23 19:00:00,3,2,1
2016-01-23 20:00:00,4,0,4
2016-01-23 21:00:00,3,2,1
2016-01-23 22:00:00,2,1,1
2016-01-23 23:00:00,0,0,0
2016-01-24 00:00:00,0,0,0
2016-01-24 01:00:00,0,0,0
2016-01-24 02:00:00,0,0,0
2016-01-24 03:00:00,0,0,0
2016-01-24 04:00:00,2,2,0
2016-01-24 05:00:00,0,0,0
2016-01-24 06:00:00,3,2,1
2016-01-24 07:00:00,11,7,4
2016-01-24 08:00:00,19,16,3
2016-01-24 09:00:00,42,28,14
2016-01-24 10:00:00,74,49,25
2016-01-24 11:00:00,96,44,52
2016-01-24 12:00:00,136,71,65
2016-01-24 13:00:00,104,44,60
2016-01-24 14:00:00,124,66,58
2016-01-24 15:00:00,116,57,59
2016-01-24 16:00:00,73,24,49
2016-01-24 17:00:00,31,6,25
2016-01-24 18:00:00,2,1,1
2016-01-24 19:00:00,0,0,0
2016-01-24 20:00:00,2,1,1
2016-01-24 21:00:00,4,3,1
2016-01-24 22:00:00,3,0,3
2016-01-24 23:00:00,0,0,0
2016-01-25 00:00:00,0,0,0
2016-01-25 01:00:00,0,0,0
2016-01-25 02:00:00,0,0,0
2016-01-25 03:00:00,1,0,1
2016-01-25 04:00:00,6,2,4
2016-01-25 05:00:00,8,0,8
2016-01-25 06:00:00,32,5,27
2016-01-25 07:00:00,69,15,54
2016-01-25 08:00:00,58,16,42
2016-01-25 09:00:00,54,21,33
2016-01-25 10:00:00,47,16,31
2016-01-25 11:00:00,44,17,27
2016-01-25 12:00:00,34,18,16
2016-01-25 13:00:00,61,26,35
2016-01-25 14:00:00,47,30,17
2016-01-25 15:00:00,80,45,35
2016-01-25 16:00:00,92,60,32
2016-01-25 17:00:00,90,66,24
2016-01-25 18:00:00,52,41,11
2016-01-25 19:00:00,19,12,7
2016-01-25 20:00:00,8,7,1
2016-01-25 21:00:00,7,6,1
2016-01-25 22:00:00,2,2,0
2016-01-25 23:00:00,1,1,0
2016-01-26 00:00:00,0,0,0
2016-01-26 01:00:00,0,0,0
2016-01-26 02:00:00,0,0,0
2016-01-26 03:00:00,0,0,0
2016-01-26 04:00:00,5,2,3
2016-01-26 05:00:00,6,0,6
2016-01-26 06:00:00,20,4,16
2016-01-26 07:00:00,45,6,39
2016-01-26 08:00:00,49,9,40
2016-01-26 09:00:00,23,9,14
2016-01-26 10:00:00,15,2,13
2016-01-26 11:00:00,8,3,5
2016-01-26 12:00:00,9,2,7
2016-01-26 13:00:00,11,5,6
2016-01-26 14:00:00,9,4,5
2016-01-26 15:00:00,20,15,5
2016-01-26 16:00:00,49,39,10
2016-01-26 17:00:00,55,47,8
2016-01-26 18:00:00,37,28,9
2016-01-26 19:00:00,16,11,5
2016-01-26 20:00:00,3,3,0
2016-01-26 21:00:00,2,1,1
2016-01-26 22:00:00,3,3,0
2016-01-26 23:00:00,1,0,1
2016-01-27 00:00:00,1,1,0
2016-01-27 01:00:00,0,0,0
2016-01-27 02:00:00,0,0,0
2016-01-27 03:00:00,0,0,0
2016-01-27 04:00:00,6,1,5
2016-01-27 05:00:00,5,1,4
2016-01-27 06:00:00,30,6,24
2016-01-27 07:00:00,48,10,38
2016-01-27 08:00:00,59,20,39
2016-01-27 09:00:00,36,13,23
2016-01-27 10:00:00,15,4,11
2016-01-27 11:00:00,15,9,6
2016-01-27 12:00:00,25,18,7
2016-01-27 13:00:00,21,14,7
2016-01-27 14:00:00,34,16,18
2016-01-27 15:00:00,28,14,14
2016-01-27 16:00:00,32,21,11
2016-01-27 17:00:00,56,45,11
2016-01-27 18:00:00,34,28,6
2016-01-27 19:00:00,17,16,1
2016-01-27 20:00:00,5,4,1
2016-01-27 21:00:00,2,2,0
2016-01-27 22:00:00,3,2,1
2016-01-27 23:00:00,0,0,0
2016-01-28 00:00:00,0,0,0
2016-01-28 01:00:00,0,0,0
2016-01-28 02:00:00,0,0,0
2016-01-28 03:00:00,0,0,0
2016-01-28 04:00:00,3,1,2
2016-01-28 05:00:00,3,0,3
2016-01-28 06:00:00,10,0,10
2016-01-28 07:00:00,29,10,19
2016-01-28 08:00:00,37,13,24
2016-01-28 09:00:00,23,8,15
2016-01-28 10:00:00,10,4,6
2016-01-28 11:00:00,13,5,8
2016-01-28 12:00:00,14,9,5
2016-01-28 13:00:00,18,9,9
2016-01-28 14:00:00,23,16,7
2016-01-28 15:00:00,32,20,12
2016-01-28 16:00:00,57,35,22
2016-01-28 17:00:00,67,41,26
2016-01-28 18:00:00,31,22,9
2016-01-28 19:00:00,10,9,1
2016-01-28 20:00:00,3,2,1
2016-01-28 21:00:00,4,3,1
2016-01-28 22:00:00,5,3,2
2016-01-28 23:00:00,0,0,0
2016-01-29 00:00:00,1,1,0
2016-01-29 01:00:00,0,0,0
2016-01-29 02:00:00,0,0,0
2016-01-29 03:00:00,0,0,0
2016-01-29 04:00:00,4,1,3
2016-01-29 05:00:00,6,2,4
2016-01-29 06:00:00,15,2,13
2016-01-29 07:00:00,38,10,28
2016-01-29 08:00:00,37,6,31
2016-01-29 09:00:00,24,12,12
2016-01-29 10:00:00,4,1,3
2016-01-29 11:00:00,6,2,4
2016-01-29 12:00:00,10,5,5
2016-01-29 13:00:00,17,11,6
2016-01-29 14:00:00,29,14,15
2016-01-29 15:00:00,36,22,14
2016-01-29 16:00:00,60,37,23
2016-01-29 17:00:00,57,42,15
2016-01-29 18:00:00,28,23,5
2016-01-29 19:00:00,16,12,4
2016-01-29 20:00:00,4,4,0
2016-01-29 21:00:00,3,3,0
2016-01-29 22:00:00,3,2,1
2016-01-29 23:00:00,1,0,1
2016-01-30 00:00:00,1,1,0
2016-01-30 01:00:00,1,1,0
2016-01-30 02:00:00,0,0,0
2016-01-30 03:00:00,0,0,0
2016-01-30 04:00:00,0,0,0
2016-01-30 05:00:00,2,0,2
2016-01-30 06:00:00,5,2,3
2016-01-30 07:00:00,15,8,7
2016-01-30 08:00:00,35,22,13
2016-01-30 09:00:00,48,22,26
2016-01-30 10:00:00,64,35,29
2016-01-30 11:00:00,61,36,25
2016-01-30 12:00:00,104,52,52
2016-01-30 13:00:00,97,51,46
2016-01-30 14:00:00,87,35,52
2016-01-30 15:00:00,99,47,52
2016-01-30 16:00:00,57,29,28
2016-01-30 17:00:00,37,13,24
2016-01-30 18:00:00,11,8,3
2016-01-30 19:00:00,8,4,4
2016-01-30 20:00:00,5,2,3
2016-01-30 21:00:00,1,1,0
2016-01-30 22:00:00,3,1,2
2016-01-30 23:00:00,1,1,0
2016-01-31 00:00:00,1,1,0
2016-01-31 01:00:00,0,0,0
2016-01-31 02:00:00,1,1,0
2016-01-31 03:00:00,0,0,0
2016-01-31 04:00:00,1,1,0
2016-01-31 05:00:00,1,1,0
2016-01-31 06:00:00,4,2,2
2016-01-31 07:00:00,5,2,3
2016-01-31 08:00:00,34,26,8
2016-01-31 09:00:00,31,18,13
2016-01-31 10:00:00,60,36,24
2016-01-31 11:00:00,77,47,30
2016-01-31 12:00:00,66,23,43
2016-01-31 13:00:00,74,38,36
2016-01-31 14:00:00,55,23,32
2016-01-31 15:00:00,73,37,36
2016-01-31 16:00:00,30,15,15
2016-01-31 17:00:00,39,19,20
2016-01-31 18:00:00,7,3,4
2016-01-31 19:00:00,1,1,0
2016-01-31 20:00:00,1,0,1
2016-01-31 21:00:00,9,1,8
2016-01-31 22:00:00,0,0,0
2016-01-31 23:00:00,0,0,0
2016-02-01 00:00:00,1,1,0
2016-02-01 01:00:00,1,1,0
2016-02-01 02:00:00,0,0,0
2016-02-01 03:00:00,0,0,0
2016-02-01 04:00:00,7,1,6
2016-02-01 05:00:00,8,0,8
2016-02-01 06:00:00,17,2,15
2016-02-01 07:00:00,59,11,48
2016-02-01 08:00:00,60,17,43
2016-02-01 09:00:00,52,23,29
2016-02-01 10:00:00,30,10,20
2016-02-01 11:00:00,23,6,17
2016-02-01 12:00:00,20,8,12
2016-02-01 13:00:00,31,17,14
2016-02-01 14:00:00,30,17,13
2016-02-01 15:00:00,39,27,12
2016-02-01 16:00:00,52,39,13
2016-02-01 17:00:00,89,67,22
2016-02-01 18:00:00,57,38,19
2016-02-01 19:00:00,21,18,3
2016-02-01 20:00:00,11,10,1
2016-02-01 21:00:00,3,2,1
2016-02-01 22:00:00,4,3,1
2016-02-01 23:00:00,5,3,2
2016-02-02 00:00:00,1,1,0
2016-02-02 01:00:00,0,0,0
2016-02-02 02:00:00,1,1,0
2016-02-02 03:00:00,1,0,1
2016-02-02 04:00:00,6,1,5
2016-02-02 05:00:00,12,2,10
2016-02-02 06:00:00,29,4,25
2016-02-02 07:00:00,67,13,54
2016-02-02 08:00:00,67,19,48
2016-02-02 09:00:00,41,16,25
2016-02-02 10:00:00,37,18,19
2016-02-02 11:00:00,39,20,19
2016-02-02 12:00:00,42,24,18
2016-02-02 13:00:00,46,20,26
2016-02-02 14:00:00,65,42,23
2016-02-02 15:00:00,56,28,28
2016-02-02 16:00:00,95,67,28
2016-02-02 17:00:00,111,78,33
2016-02-02 18:00:00,57,40,17
2016-02-02 19:00:00,34,27,7
2016-02-02 20:00:00,6,3,3
2016-02-02 21:00:00,3,3,0
2016-02-02 22:00:00,4,3,1
2016-02-02 23:00:00,3,1,2
2016-02-03 00:00:00,3,3,0
2016-02-03 01:00:00,8,0,8
2016-02-03 02:00:00,0,0,0
2016-02-03 03:00:00,0,0,0
2016-02-03 04:00:00,4,1,3
2016-02-03 05:00:00,6,1,5
2016-02-03 06:00:00,21,3,18
2016-02-03 07:00:00,48,11,37
2016-02-03 08:00:00,53,10,43
2016-02-03 09:00:00,40,15,25
2016-02-03 10:00:00,20,9,11
2016-02-03 11:00:00,15,8,7
2016-02-03 12:00:00,16,7,9
2016-02-03 13:00:00,12,5,7
2016-02-03 14:00:00,12,6,6
2016-02-03 15:00:00,12,8,4
2016-02-03 16:00:00,36,25,11
2016-02-03 17:00:00,62,58,4
2016-02-03 18:00:00,36,31,5
2016-02-03 19:00:00,12,11,1
2016-02-03 20:00:00,10,7,3
2016-02-03 21:00:00,4,1,3
2016-02-03 22:00:00,1,1,0
2016-02-03 23:00:00,0,0,0
2016-02-04 00:00:00,1,1,0
2016-02-04 01:00:00,0,0,0
2016-02-04 02:00:00,0,0,0
2016-02-04 03:00:00,0,0,0
2016-02-04 04:00:00,5,0,5
2016-02-04 05:00:00,8,0,8
2016-02-04 06:00:00,17,3,14
2016-02-04 07:00:00,56,13,43
2016-02-04 08:00:00,50,16,34
2016-02-04 09:00:00,32,14,18
2016-02-04 10:00:00,25,9,16
2016-02-04 11:00:00,14,3,11
2016-02-04 12:00:00,18,12,6
2016-02-04 13:00:00,18,7,11
2016-02-04 14:00:00,24,17,7
2016-02-04 15:00:00,28,17,11
2016-02-04 16:00:00,52,37,15
2016-02-04 17:00:00,67,53,14
2016-02-04 18:00:00,41,26,15
2016-02-04 19:00:00,22,17,5
2016-02-04 20:00:00,3,3,0
2016-02-04 21:00:00,9,8,1
2016-02-04 22:00:00,3,2,1
2016-02-04 23:00:00,1,0,1
2016-02-05 00:00:00,2,1,1
2016-02-05 01:00:00,1,0,1
2016-02-05 02:00:00,0,0,0
2016-02-05 03:00:00,0,0,0
2016-02-05 04:00:00,7,2,5
2016-02-05 05:00:00,9,3,6
2016-02-05 06:00:00,20,6,14
2016-02-05 07:00:00,44,11,33
2016-02-05 08:00:00,57,22,35
2016-02-05 09:00:00,42,20,22
2016-02-05 10:00:00,23,11,12
2016-02-05 11:00:00,46,24,22
2016-02-05 12:00:00,29,14,15
2016-02-05 13:00:00,29,11,18
2016-02-05 14:00:00,36,20,16
2016-02-05 15:00:00,56,38,18
2016-02-05 16:00:00,37,17,20
2016-02-05 17:00:00,39,28,11
2016-02-05 18:00:00,18,12,6
2016-02-05 19:00:00,9,8,1
2016-02-05 20:00:00,8,7,1
2016-02-05 21:00:00,2,2,0
2016-02-05 22:00:00,3,2,1
2016-02-05 23:00:00,1,0,1
2016-02-06 00:00:00,3,2,1
2016-02-06 01:00:00,0,0,0
2016-02-06 02:00:00,0,0,0
2016-02-06 03:00:00,0,0,0
2016-02-06 04:00:00,0,0,0
2016-02-06 05:00:00,5,2,3
2016-02-06 06:00:00,2,2,0
2016-02-06 07:00:00,13,8,5
2016-02-06 08:00:00,31,21,10
2016-02-06 09:00:00,61,31,30
2016-02-06 10:00:00,80,51,29
2016-02-06 11:00:00,82,50,32
2016-02-06 12:00:00,83,48,35
2016-02-06 13:00:00,133,50,83
2016-02-06 14:00:00,91,43,48
2016-02-06 15:00:00,93,44,49
2016-02-06 16:00:00,78,35,43
2016-02-06 17:00:00,46,15,31
2016-02-06 18:00:00,9,2,7
2016-02-06 19:00:00,3,1,2
2016-02-06 20:00:00,10,1,9
2016-02-06 21:00:00,0,0,0
2016-02-06 22:00:00,0,0,0
2016-02-06 23:00:00,1,1,0
2016-02-07 00:00:00,1,1,0
2016-02-07 01:00:00,1,0,1
2016-02-07 02:00:00,1,1,0
2016-02-07 03:00:00,0,0,0
2016-02-07 04:00:00,0,0,0
2016-02-07 05:00:00,2,1,1
2016-02-07 06:00:00,5,5,0
2016-02-07 07:00:00,10,7,3
2016-02-07 08:00:00,31,22,9
2016-02-07 09:00:00,51,28,23
2016-02-07 10:00:00,85,47,38
2016-02-07 11:00:00,151,91,60
2016-02-07 12:00:00,117,68,49
2016-02-07 13:00:00,161,77,84
2016-02-07 14:00:00,130,53,77
2016-02-07 15:00:00,95,48,47
2016-02-07 16:00:00,50,17,33
2016-02-07 17:00:00,33,5,28
2016-02-07 18:00:00,9,3,6
2016-02-07 19:00:00,8,1,7
2016-02-07 20:00:00,10,8,2
2016-02-07 21:00:00,6,5,1
2016-02-07 22:00:00,4,3,1
2016-02-07 23:00:00,1,0,1
2016-02-08 00:00:00,1,1,0
2016-02-08 01:00:00,1,0,1
2016-02-08 02:00:00,1,1,0
2016-02-08 03:00:00,0,0,0
2016-02-08 04:00:00,8,2,6
2016-02-08 05:00:00,5,2,3
2016-02-08 06:00:00,30,7,23
2016-02-08 07:00:00,58,11,47
2016-02-08 08:00:00,55,15,40
2016-02-08 09:00:00,49,22,27
2016-02-08 10:00:00,40,12,28
2016-02-08 11:00:00,59,31,28
2016-02-08 12:00:00,50,28,22
2016-02-08 13:00:00,77,43,34
2016-02-08 14:00:00,71,38,33
2016-02-08 15:00:00,87,48,39
2016-02-08 16:00:00,114,70,44
2016-02-08 17:00:00,132,89,43
2016-02-08 18:00:00,64,44,20
2016-02-08 19:00:00,29,22,7
2016-02-08 20:00:00,12,6,6
2016-02-08 21:00:00,7,6,1
2016-02-08 22:00:00,2,2,0
2016-02-08 23:00:00,0,0,0
2016-02-09 00:00:00,1,1,0
2016-02-09 01:00:00,0,0,0
2016-02-09 02:00:00,0,0,0
2016-02-09 03:00:00,0,0,0
2016-02-09 04:00:00,8,1,7
2016-02-09 05:00:00,7,1,6
2016-02-09 06:00:00,31,9,22
2016-02-09 07:00:00,79,17,62
2016-02-09 08:00:00,74,21,53
2016-02-09 09:00:00,48,19,29
2016-02-09 10:00:00,20,11,9
2016-02-09 11:00:00,27,9,18
2016-02-09 12:00:00,48,23,25
2016-02-09 13:00:00,66,45,21
2016-02-09 14:00:00,85,43,42
2016-02-09 15:00:00,96,54,42
2016-02-09 16:00:00,134,80,54
2016-02-09 17:00:00,133,86,47
2016-02-09 18:00:00,63,38,25
2016-02-09 19:00:00,9,6,3
2016-02-09 20:00:00,16,10,6
2016-02-09 21:00:00,7,4,3
2016-02-09 22:00:00,3,2,1
2016-02-09 23:00:00,0,0,0
2016-02-10 00:00:00,0,0,0
2016-02-10 01:00:00,0,0,0
2016-02-10 02:00:00,1,1,0
2016-02-10 03:00:00,0,0,0
2016-02-10 04:00:00,5,2,3
2016-02-10 05:00:00,14,4,10
2016-02-10 06:00:00,20,4,16
2016-02-10 07:00:00,69,15,54
2016-02-10 08:00:00,69,20,49
2016-02-10 09:00:00,29,8,21
2016-02-10 10:00:00,33,17,16
2016-02-10 11:00:00,16,7,9
2016-02-10 12:00:00,20,8,12
2016-02-10 13:00:00,11,6,5
2016-02-10 14:00:00,30,16,14
2016-02-10 15:00:00,23,16,7
2016-02-10 16:00:00,45,35,10
2016-02-10 17:00:00,75,57,18
2016-02-10 18:00:00,46,37,9
2016-02-10 19:00:00,18,15,3
2016-02-10 20:00:00,3,3,0
2016-02-10 21:00:00,4,4,0
2016-02-10 22:00:00,2,1,1
2016-02-10 23:00:00,3,2,1
2016-02-11 00:00:00,2,2,0
2016-02-11 01:00:00,0,0,0
2016-02-11 02:00:00,0,0,0
2016-02-11 03:00:00,0,0,0
2016-02-11 04:00:00,5,2,3
2016-02-11 05:00:00,7,1,6
2016-02-11 06:00:00,22,3,19
2016-02-11 07:00:00,56,16,40
2016-02-11 08:00:00,49,16,33
2016-02-11 09:00:00,33,12,21
2016-02-11 10:00:00,19,5,14
2016-02-11 11:00:00,18,7,11
2016-02-11 12:00:00,20,10,10
2016-02-11 13:00:00,14,6,8
2016-02-11 14:00:00,17,11,6
2016-02-11 15:00:00,19,14,5
2016-02-11 16:00:00,38,24,14
2016-02-11 17:00:00,52,45,7
2016-02-11 18:00:00,29,20,9
2016-02-11 19:00:00,14,13,1
2016-02-11 20:00:00,10,5,5
2016-02-11 21:00:00,4,4,0
2016-02-11 22:00:00,2,2,0
2016-02-11 23:00:00,1,1,0
2016-02-12 00:00:00,1,1,0
2016-02-12 01:00:00,3,3,0
2016-02-12 02:00:00,0,0,0
2016-02-12 03:00:00,0,0,0
2016-02-12 04:00:00,3,1,2
2016-02-12 05:00:00,6,1,5
2016-02-12 06:00:00,16,3,13
2016-02-12 07:00:00,39,6,33
2016-02-12 08:00:00,38,12,26
2016-02-12 09:00:00,17,9,8
2016-02-12 10:00:00,13,2,11
2016-02-12 11:00:00,6,1,5
2016-02-12 12:00:00,17,8,9
2016-02-12 13:00:00,23,16,7
2016-02-12 14:00:00,38,23,15
2016-02-12 15:00:00,49,28,21
2016-02-12 16:00:00,73,43,30
2016-02-12 17:00:00,75,47,28
2016-02-12 18:00:00,40,31,9
2016-02-12 19:00:00,17,13,4
2016-02-12 20:00:00,4,4,0
2016-02-12 21:00:00,2,1,1
2016-02-12 22:00:00,2,1,1
2016-02-12 23:00:00,1,1,0
2016-02-13 00:00:00,2,2,0
2016-02-13 01:00:00,0,0,0
2016-02-13 02:00:00,0,0,0
2016-02-13 03:00:00,1,0,1
2016-02-13 04:00:00,0,0,0
2016-02-13 05:00:00,1,1,0
2016-02-13 06:00:00,5,4,1
2016-02-13 07:00:00,11,7,4
2016-02-13 08:00:00,56,37,19
2016-02-13 09:00:00,70,38,32
2016-02-13 10:00:00,90,47,43
2016-02-13 11:00:00,79,46,33
2016-02-13 12:00:00,78,29,49
2016-02-13 13:00:00,44,25,19
2016-02-13 14:00:00,43,14,29
2016-02-13 15:00:00,38,17,21
2016-02-13 16:00:00,13,5,8
2016-02-13 17:00:00,5,2,3
2016-02-13 18:00:00,5,2,3
2016-02-13 19:00:00,0,0,0
2016-02-13 20:00:00,1,1,0
2016-02-13 21:00:00,2,1,1
2016-02-13 22:00:00,4,2,2
2016-02-13 23:00:00,0,0,0
2016-02-14 00:00:00,3,2,1
2016-02-14 01:00:00,2,2,0
2016-02-14 02:00:00,0,0,0
2016-02-14 03:00:00,1,0,1
2016-02-14 04:00:00,1,1,0
2016-02-14 05:00:00,2,1,1
2016-02-14 06:00:00,2,1,1
2016-02-14 07:00:00,4,2,2
2016-02-14 08:00:00,14,7,7
2016-02-14 09:00:00,10,7,3
2016-02-14 10:00:00,25,14,11
2016-02-14 11:00:00,47,25,22
2016-02-14 12:00:00,42,21,21
2016-02-14 13:00:00,44,19,25
2016-02-14 14:00:00,37,23,14
2016-02-14 15:00:00,37,24,13
2016-02-14 16:00:00,39,11,28
2016-02-14 17:00:00,20,11,9
2016-02-14 18:00:00,4,3,1
2016-02-14 19:00:00,3,2,1
2016-02-14 20:00:00,2,0,2
2016-02-14 21:00:00,2,1,1
2016-02-14 22:00:00,0,0,0
2016-02-14 23:00:00,1,1,0
2016-02-15 00:00:00,1,1,0
2016-02-15 01:00:00,0,0,0
2016-02-15 02:00:00,0,0,0
2016-02-15 03:00:00,3,0,3
2016-02-15 04:00:00,2,1,1
2016-02-15 05:00:00,1,0,1
2016-02-15 06:00:00,5,4,1
2016-02-15 07:00:00,9,1,8
2016-02-15 08:00:00,11,7,4
2016-02-15 09:00:00,19,10,9
2016-02-15 10:00:00,25,7,18
2016-02-15 11:00:00,19,10,9
2016-02-15 12:00:00,16,9,7
2016-02-15 13:00:00,24,16,8
2016-02-15 14:00:00,15,4,11
2016-02-15 15:00:00,18,11,7
2016-02-15 16:00:00,22,12,10
2016-02-15 17:00:00,23,12,11
2016-02-15 18:00:00,7,5,2
2016-02-15 19:00:00,4,4,0
2016-02-15 20:00:00,0,0,0
2016-02-15 21:00:00,0,0,0
2016-02-15 22:00:00,2,1,1
2016-02-15 23:00:00,1,1,0
2016-02-16 00:00:00,0,0,0
2016-02-16 01:00:00,0,0,0
2016-02-16 02:00:00,0,0,0
2016-02-16 03:00:00,0,0,0
2016-02-16 04:00:00,5,1,4
2016-02-16 05:00:00,8,0,8
2016-02-16 06:00:00,27,13,14
2016-02-16 07:00:00,49,10,39
2016-02-16 08:00:00,60,16,44
2016-02-16 09:00:00,34,18,16
2016-02-16 10:00:00,27,10,17
2016-02-16 11:00:00,31,16,15
2016-02-16 12:00:00,36,20,16
2016-02-16 13:00:00,47,27,20
2016-02-16 14:00:00,53,26,27
2016-02-16 15:00:00,40,21,19
2016-02-16 16:00:00,63,45,18
2016-02-16 17:00:00,87,61,26
2016-02-16 18:00:00,41,28,13
2016-02-16 19:00:00,30,25,5
2016-02-16 20:00:00,9,7,2
2016-02-16 21:00:00,4,3,1
2016-02-16 22:00:00,4,3,1
2016-02-16 23:00:00,3,1,2
2016-02-17 00:00:00,0,0,0
2016-02-17 01:00:00,1,1,0
2016-02-17 02:00:00,0,0,0
2016-02-17 03:00:00,0,0,0
2016-02-17 04:00:00,6,1,5
2016-02-17 05:00:00,11,3,8
2016-02-17 06:00:00,30,8,22
2016-02-17 07:00:00,51,14,37
2016-02-17 08:00:00,69,16,53
2016-02-17 09:00:00,41,17,24
2016-02-17 10:00:00,40,22,18
2016-02-17 11:00:00,34,20,14
2016-02-17 12:00:00,32,18,14
2016-02-17 13:00:00,39,20,19
2016-02-17 14:00:00,34,12,22
2016-02-17 15:00:00,17,10,7
2016-02-17 16:00:00,53,41,12
2016-02-17 17:00:00,79,65,14
2016-02-17 18:00:00,48,35,13
2016-02-17 19:00:00,14,11,3
2016-02-17 20:00:00,8,6,2
2016-02-17 21:00:00,2,2,0
2016-02-17 22:00:00,1,0,1
2016-02-17 23:00:00,0,0,0
2016-02-18 00:00:00,1,1,0
2016-02-18 01:00:00,0,0,0
2016-02-18 02:00:00,0,0,0
2016-02-18 03:00:00,0,0,0
2016-02-18 04:00:00,5,1,4
2016-02-18 05:00:00,10,1,9
2016-02-18 06:00:00,28,5,23
2016-02-18 07:00:00,46,14,32
2016-02-18 08:00:00,49,20,29
2016-02-18 09:00:00,48,15,33
2016-02-18 10:00:00,30,10,20
2016-02-18 11:00:00,16,10,6
2016-02-18 12:00:00,20,10,10
2016-02-18 13:00:00,22,11,11
2016-02-18 14:00:00,25,15,10
2016-02-18 15:00:00,40,26,14
2016-02-18 16:00:00,82,56,26
2016-02-18 17:00:00,85,58,27
2016-02-18 18:00:00,54,33,21
2016-02-18 19:00:00,17,14,3
2016-02-18 20:00:00,5,4,1
2016-02-18 21:00:00,1,0,1
2016-02-18 22:00:00,2,2,0
2016-02-18 23:00:00,2,2,0
2016-02-19 00:00:00,2,2,0
2016-02-19 01:00:00,1,1,0
2016-02-19 02:00:00,0,0,0
2016-02-19 03:00:00,0,0,0
2016-02-19 04:00:00,1,1,0
2016-02-19 05:00:00,5,1,4
2016-02-19 06:00:00,12,5,7
2016-02-19 07:00:00,41,9,32
2016-02-19 08:00:00,33,13,20
2016-02-19 09:00:00,23,10,13
2016-02-19 10:00:00,15,6,9
2016-02-19 11:00:00,6,1,5
2016-02-19 12:00:00,11,3,8
2016-02-19 13:00:00,7,5,2
2016-02-19 14:00:00,12,8,4
2016-02-19 15:00:00,17,10,7
2016-02-19 16:00:00,31,19,12
2016-02-19 17:00:00,39,30,9
2016-02-19 18:00:00,22,16,6
2016-02-19 19:00:00,4,4,0
2016-02-19 20:00:00,6,4,2
2016-02-19 21:00:00,1,1,0
2016-02-19 22:00:00,2,1,1
2016-02-19 23:00:00,2,0,2
2016-02-20 00:00:00,1,1,0
2016-02-20 01:00:00,1,0,1
2016-02-20 02:00:00,1,1,0
2016-02-20 03:00:00,0,0,0
2016-02-20 04:00:00,0,0,0
2016-02-20 05:00:00,1,0,1
2016-02-20 06:00:00,5,3,2
2016-02-20 07:00:00,10,8,2
2016-02-20 08:00:00,61,37,24
2016-02-20 09:00:00,61,32,29
2016-02-20 10:00:00,138,93,45
2016-02-20 11:00:00,166,91,75
2016-02-20 12:00:00,202,112,90
2016-02-20 13:00:00,210,121,89
2016-02-20 14:00:00,221,101,120
2016-02-20 15:00:00,183,82,101
2016-02-20 16:00:00,138,54,84
2016-02-20 17:00:00,88,32,56
2016-02-20 18:00:00,23,7,16
2016-02-20 19:00:00,12,6,6
2016-02-20 20:00:00,6,0,6
2016-02-20 21:00:00,3,2,1
2016-02-20 22:00:00,2,1,1
2016-02-20 23:00:00,1,0,1
2016-02-21 00:00:00,0,0,0
2016-02-21 01:00:00,2,1,1
2016-02-21 02:00:00,0,0,0
2016-02-21 03:00:00,0,0,0
2016-02-21 04:00:00,0,0,0
2016-02-21 05:00:00,1,1,0
2016-02-21 06:00:00,6,4,2
2016-02-21 07:00:00,10,6,4
2016-02-21 08:00:00,33,21,12
2016-02-21 09:00:00,44,24,20
2016-02-21 10:00:00,65,35,30
2016-02-21 11:00:00,73,32,41
2016-02-21 12:00:00,54,19,35
2016-02-21 13:00:00,26,15,11
2016-02-21 14:00:00,28,11,17
2016-02-21 15:00:00,34,18,16
2016-02-21 16:00:00,33,22,11
2016-02-21 17:00:00,30,15,15
2016-02-21 18:00:00,4,1,3
2016-02-21 19:00:00,2,1,1
2016-02-21 20:00:00,1,1,0
2016-02-21 21:00:00,1,0,1
2016-02-21 22:00:00,3,2,1
2016-02-21 23:00:00,2,1,1
2016-02-22 00:00:00,0,0,0
2016-02-22 01:00:00,0,0,0
2016-02-22 02:00:00,0,0,0
2016-02-22 03:00:00,1,1,0
2016-02-22 04:00:00,3,0,3
2016-02-22 05:00:00,9,2,7
2016-02-22 06:00:00,20,2,18
2016-02-22 07:00:00,52,13,39
2016-02-22 08:00:00,50,9,41
2016-02-22 09:00:00,41,14,27
2016-02-22 10:00:00,22,2,20
2016-02-22 11:00:00,12,7,5
2016-02-22 12:00:00,12,6,6
2016-02-22 13:00:00,19,11,8
2016-02-22 14:00:00,31,14,17
2016-02-22 15:00:00,41,24,17
2016-02-22 16:00:00,78,49,29
2016-02-22 17:00:00,107,76,31
2016-02-22 18:00:00,59,42,17
2016-02-22 19:00:00,12,10,2
2016-02-22 20:00:00,10,8,2
2016-02-22 21:00:00,10,5,5
2016-02-22 22:00:00,2,2,0
2016-02-22 23:00:00,1,1,0
2016-02-23 00:00:00,0,0,0
2016-02-23 01:00:00,0,0,0
2016-02-23 02:00:00,0,0,0
2016-02-23 03:00:00,0,0,0
2016-02-23 04:00:00,6,0,6
2016-02-23 05:00:00,5,1,4
2016-02-23 06:00:00,30,12,18
2016-02-23 07:00:00,66,14,52
2016-02-23 08:00:00,81,29,52
2016-02-23 09:00:00,42,18,24
2016-02-23 10:00:00,34,15,19
2016-02-23 11:00:00,37,18,19
2016-02-23 12:00:00,58,37,21
2016-02-23 13:00:00,47,25,22
2016-02-23 14:00:00,61,29,32
2016-02-23 15:00:00,82,48,34
2016-02-23 16:00:00,112,76,36
2016-02-23 17:00:00,143,98,45
2016-02-23 18:00:00,75,49,26
2016-02-23 19:00:00,20,13,7
2016-02-23 20:00:00,6,5,1
2016-02-23 21:00:00,3,3,0
2016-02-23 22:00:00,3,1,2
2016-02-23 23:00:00,2,1,1
2016-02-24 00:00:00,0,0,0
2016-02-24 01:00:00,1,1,0
2016-02-24 02:00:00,0,0,0
2016-02-24 03:00:00,0,0,0
2016-02-24 04:00:00,2,0,2
2016-02-24 05:00:00,10,3,7
2016-02-24 06:00:00,40,9,31
2016-02-24 07:00:00,66,16,50
2016-02-24 08:00:00,87,34,53
2016-02-24 09:00:00,50,20,30
2016-02-24 10:00:00,33,15,18
2016-02-24 11:00:00,34,12,22
2016-02-24 12:00:00,33,19,14
2016-02-24 13:00:00,39,22,17
2016-02-24 14:00:00,53,27,26
2016-02-24 15:00:00,60,34,26
2016-02-24 16:00:00,129,93,36
2016-02-24 17:00:00,141,91,50
2016-02-24 18:00:00,63,36,27
2016-02-24 19:00:00,26,17,9
2016-02-24 20:00:00,12,9,3
2016-02-24 21:00:00,7,4,3
2016-02-24 22:00:00,4,2,2
2016-02-24 23:00:00,3,2,1
2016-02-25 00:00:00,1,1,0
2016-02-25 01:00:00,0,0,0
2016-02-25 02:00:00,0,0,0
2016-02-25 03:00:00,0,0,0
2016-02-25 04:00:00,4,2,2
2016-02-25 05:00:00,9,2,7
2016-02-25 06:00:00,42,7,35
2016-02-25 07:00:00,75,20,55
2016-02-25 08:00:00,81,22,59
2016-02-25 09:00:00,47,19,28
2016-02-25 10:00:00,43,20,23
2016-02-25 11:00:00,33,7,26
2016-02-25 12:00:00,59,31,28
2016-02-25 13:00:00,63,40,23
2016-02-25 14:00:00,120,64,56
2016-02-25 15:00:00,106,66,40
2016-02-25 16:00:00,165,94,71
2016-02-25 17:00:00,159,105,54
2016-02-25 18:00:00,91,49,42
2016-02-25 19:00:00,30,18,12
2016-02-25 20:00:00,14,11,3
2016-02-25 21:00:00,3,2,1
2016-02-25 22:00:00,1,0,1
2016-02-25 23:00:00,1,1,0
2016-02-26 00:00:00,1,1,0
2016-02-26 01:00:00,0,0,0
2016-02-26 02:00:00,0,0,0
2016-02-26 03:00:00,0,0,0
2016-02-26 04:00:00,2,0,2
2016-02-26 05:00:00,8,2,6
2016-02-26 06:00:00,20,8,12
2016-02-26 07:00:00,53,13,40
2016-02-26 08:00:00,62,21,41
2016-02-26 09:00:00,56,26,30
2016-02-26 10:00:00,48,17,31
2016-02-26 11:00:00,73,42,31
2016-02-26 12:00:00,57,26,31
2016-02-26 13:00:00,59,19,40
2016-02-26 14:00:00,37,19,18
2016-02-26 15:00:00,48,35,13
2016-02-26 16:00:00,51,25,26
2016-02-26 17:00:00,52,36,16
2016-02-26 18:00:00,26,21,5
2016-02-26 19:00:00,8,7,1
2016-02-26 20:00:00,9,9,0
2016-02-26 21:00:00,1,1,0
2016-02-26 22:00:00,1,1,0
2016-02-26 23:00:00,1,0,1
2016-02-27 00:00:00,2,2,0
2016-02-27 01:00:00,0,0,0
2016-02-27 02:00:00,0,0,0
2016-02-27 03:00:00,1,0,1
2016-02-27 04:00:00,0,0,0
2016-02-27 05:00:00,1,1,0
2016-02-27 06:00:00,5,4,1
2016-02-27 07:00:00,11,5,6
2016-02-27 08:00:00,64,46,18
2016-02-27 09:00:00,80,49,31
2016-02-27 10:00:00,44,26,18
2016-02-27 11:00:00,98,60,38
2016-02-27 12:00:00,116,79,37
2016-02-27 13:00:00,159,77,82
2016-02-27 14:00:00,168,75,93
2016-02-27 15:00:00,148,72,76
2016-02-27 16:00:00,120,47,73
2016-02-27 17:00:00,88,36,52
2016-02-27 18:00:00,22,6,16
2016-02-27 19:00:00,5,3,2
2016-02-27 20:00:00,5,3,2
2016-02-27 21:00:00,4,2,2
2016-02-27 22:00:00,6,6,0
2016-02-27 23:00:00,4,3,1
2016-02-28 00:00:00,0,0,0
2016-02-28 01:00:00,0,0,0
2016-02-28 02:00:00,0,0,0
2016-02-28 03:00:00,0,0,0
2016-02-28 04:00:00,0,0,0
2016-02-28 05:00:00,1,0,1
2016-02-28 06:00:00,7,1,6
2016-02-28 07:00:00,5,2,3
2016-02-28 08:00:00,17,7,10
2016-02-28 09:00:00,21,15,6
2016-02-28 10:00:00,29,21,8
2016-02-28 11:00:00,36,18,18
2016-02-28 12:00:00,34,14,20
2016-02-28 13:00:00,21,11,10
2016-02-28 14:00:00,36,15,21
2016-02-28 15:00:00,30,17,13
2016-02-28 16:00:00,27,17,10
2016-02-28 17:00:00,16,7,9
2016-02-28 18:00:00,11,5,6
2016-02-28 19:00:00,3,2,1
2016-02-28 20:00:00,3,0,3
2016-02-28 21:00:00,0,0,0
2016-02-28 22:00:00,0,0,0
2016-02-28 23:00:00,2,2,0
2016-02-29 00:00:00,1,1,0
2016-02-29 01:00:00,1,1,0
2016-02-29 02:00:00,0,0,0
2016-02-29 03:00:00,0,0,0
2016-02-29 04:00:00,4,0,4
2016-02-29 05:00:00,7,0,7
2016-02-29 06:00:00,27,9,18
2016-02-29 07:00:00,56,11,45
2016-02-29 08:00:00,66,18,48
2016-02-29 09:00:00,36,11,25
2016-02-29 10:00:00,38,14,24
2016-02-29 11:00:00,27,12,15
2016-02-29 12:00:00,36,19,17
2016-02-29 13:00:00,45,24,21
2016-02-29 14:00:00,47,22,25
2016-02-29 15:00:00,58,36,22
2016-02-29 16:00:00,80,53,27
2016-02-29 17:00:00,112,78,34
2016-02-29 18:00:00,65,42,23
2016-02-29 19:00:00,24,18,6
2016-02-29 20:00:00,8,7,1
2016-02-29 21:00:00,6,4,2
2016-02-29 22:00:00,1,1,0
2016-02-29 23:00:00,2,2,0
2016-03-01 00:00:00,0,0,0
2016-03-01 01:00:00,0,0,0
2016-03-01 02:00:00,0,0,0
2016-03-01 03:00:00,0,0,0
2016-03-01 04:00:00,4,1,3
2016-03-01 05:00:00,5,2,3
2016-03-01 06:00:00,12,0,12
2016-03-01 07:00:00,40,6,34
2016-03-01 08:00:00,54,23,31
2016-03-01 09:00:00,26,10,16
2016-03-01 10:00:00,18,6,12
2016-03-01 11:00:00,4,1,3
2016-03-01 12:00:00,13,6,7
2016-03-01 13:00:00,10,5,5
2016-03-01 14:00:00,10,6,4
2016-03-01 15:00:00,13,9,4
2016-03-01 16:00:00,35,28,7
2016-03-01 17:00:00,51,38,13
2016-03-01 18:00:00,41,28,13
2016-03-01 19:00:00,9,8,1
2016-03-01 20:00:00,3,2,1
2016-03-01 21:00:00,3,2,1
2016-03-01 22:00:00,0,0,0
2016-03-01 23:00:00,0,0,0
2016-03-02 00:00:00,2,2,0
2016-03-02 01:00:00,1,1,0
2016-03-02 02:00:00,0,0,0
2016-03-02 03:00:00,0,0,0
2016-03-02 04:00:00,3,0,3
2016-03-02 05:00:00,3,1,2
2016-03-02 06:00:00,23,3,20
2016-03-02 07:00:00,55,14,41
2016-03-02 08:00:00,75,20,55
2016-03-02 09:00:00,34,13,21
2016-03-02 10:00:00,44,27,17
2016-03-02 11:00:00,39,19,20
2016-03-02 12:00:00,37,23,14
2016-03-02 13:00:00,44,23,21
2016-03-02 14:00:00,41,23,18
2016-03-02 15:00:00,48,31,17
2016-03-02 16:00:00,58,43,15
2016-03-02 17:00:00,85,62,23
2016-03-02 18:00:00,42,33,9
2016-03-02 19:00:00,21,17,4
2016-03-02 20:00:00,9,7,2
2016-03-02 21:00:00,5,5,0
2016-03-02 22:00:00,3,1,2
2016-03-02 23:00:00,0,0,0
2016-03-03 00:00:00,2,2,0
2016-03-03 01:00:00,0,0,0
2016-03-03 02:00:00,0,0,0
2016-03-03 03:00:00,1,0,1
2016-03-03 04:00:00,4,0,4
2016-03-03 05:00:00,7,0,7
2016-03-03 06:00:00,23,7,16
2016-03-03 07:00:00,52,12,40
2016-03-03 08:00:00,68,24,44
2016-03-03 09:00:00,47,19,28
2016-03-03 10:00:00,30,9,21
2016-03-03 11:00:00,16,7,9
2016-03-03 12:00:00,17,12,5
2016-03-03 13:00:00,19,9,10
2016-03-03 14:00:00,36,26,10
2016-03-03 15:00:00,20,14,6
2016-03-03 16:00:00,59,43,16
2016-03-03 17:00:00,78,59,19
2016-03-03 18:00:00,56,41,15
2016-03-03 19:00:00,21,14,7
2016-03-03 20:00:00,7,6,1
2016-03-03 21:00:00,8,6,2
2016-03-03 22:00:00,5,5,0
2016-03-03 23:00:00,1,0,1
2016-03-04 00:00:00,1,1,0
2016-03-04 01:00:00,0,0,0
2016-03-04 02:00:00,0,0,0
2016-03-04 03:00:00,0,0,0
2016-03-04 04:00:00,3,0,3
2016-03-04 05:00:00,7,2,5
2016-03-04 06:00:00,22,7,15
2016-03-04 07:00:00,59,16,43
2016-03-04 08:00:00,68,14,54
2016-03-04 09:00:00,45,18,27
2016-03-04 10:00:00,31,14,17
2016-03-04 11:00:00,30,11,19
2016-03-04 12:00:00,35,20,15
2016-03-04 13:00:00,36,21,15
2016-03-04 14:00:00,27,16,11
2016-03-04 15:00:00,21,17,4
2016-03-04 16:00:00,48,35,13
2016-03-04 17:00:00,64,52,12
2016-03-04 18:00:00,34,28,6
2016-03-04 19:00:00,13,9,4
2016-03-04 20:00:00,6,5,1
2016-03-04 21:00:00,3,3,0
2016-03-04 22:00:00,3,2,1
2016-03-04 23:00:00,0,0,0
2016-03-05 00:00:00,0,0,0
2016-03-05 01:00:00,1,0,1
2016-03-05 02:00:00,0,0,0
2016-03-05 03:00:00,0,0,0
2016-03-05 04:00:00,0,0,0
2016-03-05 05:00:00,2,2,0
2016-03-05 06:00:00,6,3,3
2016-03-05 07:00:00,22,13,9
2016-03-05 08:00:00,57,37,20
2016-03-05 09:00:00,84,52,32
2016-03-05 10:00:00,150,91,59
2016-03-05 11:00:00,195,107,88
2016-03-05 12:00:00,218,112,106
2016-03-05 13:00:00,244,119,125
2016-03-05 14:00:00,224,121,103
2016-03-05 15:00:00,218,104,114
2016-03-05 16:00:00,135,57,78
2016-03-05 17:00:00,78,39,39
2016-03-05 18:00:00,27,12,15
2016-03-05 19:00:00,4,1,3
2016-03-05 20:00:00,9,3,6
2016-03-05 21:00:00,3,1,2
2016-03-05 22:00:00,2,1,1
2016-03-05 23:00:00,1,0,1
2016-03-06 00:00:00,3,2,1
2016-03-06 01:00:00,1,0,1
2016-03-06 02:00:00,0,0,0
2016-03-06 03:00:00,0,0,0
2016-03-06 04:00:00,1,1,0
2016-03-06 05:00:00,2,1,1
2016-03-06 06:00:00,4,3,1
2016-03-06 07:00:00,18,9,9
2016-03-06 08:00:00,26,16,10
2016-03-06 09:00:00,42,30,12
2016-03-06 10:00:00,43,19,24
2016-03-06 11:00:00,38,23,15
2016-03-06 12:00:00,56,25,31
2016-03-06 13:00:00,17,7,10
2016-03-06 14:00:00,37,19,18
2016-03-06 15:00:00,33,15,18
2016-03-06 16:00:00,29,13,16
2016-03-06 17:00:00,31,16,15
2016-03-06 18:00:00,2,0,2
2016-03-06 19:00:00,1,1,0
2016-03-06 20:00:00,1,0,1
2016-03-06 21:00:00,4,4,0
2016-03-06 22:00:00,1,0,1
2016-03-06 23:00:00,0,0,0
2016-03-07 00:00:00,1,0,1
2016-03-07 01:00:00,0,0,0
2016-03-07 02:00:00,1,0,1
2016-03-07 03:00:00,0,0,0
2016-03-07 04:00:00,4,1,3
2016-03-07 05:00:00,7,0,7
2016-03-07 06:00:00,21,3,18
2016-03-07 07:00:00,39,5,34
2016-03-07 08:00:00,39,10,29
2016-03-07 09:00:00,15,7,8
2016-03-07 10:00:00,13,5,8
2016-03-07 11:00:00,9,4,5
2016-03-07 12:00:00,6,2,4
2016-03-07 13:00:00,13,10,3
2016-03-07 14:00:00,29,19,10
2016-03-07 15:00:00,36,17,19
2016-03-07 16:00:00,59,36,23
2016-03-07 17:00:00,80,55,25
2016-03-07 18:00:00,55,39,16
2016-03-07 19:00:00,18,15,3
2016-03-07 20:00:00,3,2,1
2016-03-07 21:00:00,4,3,1
2016-03-07 22:00:00,4,4,0
2016-03-07 23:00:00,3,1,2
2016-03-08 00:00:00,1,1,0
2016-03-08 01:00:00,0,0,0
2016-03-08 02:00:00,1,1,0
2016-03-08 03:00:00,0,0,0
2016-03-08 04:00:00,5,0,5
2016-03-08 05:00:00,9,2,7
2016-03-08 06:00:00,31,5,26
2016-03-08 07:00:00,67,20,47
2016-03-08 08:00:00,88,26,62
2016-03-08 09:00:00,51,21,30
2016-03-08 10:00:00,35,20,15
2016-03-08 11:00:00,39,17,22
2016-03-08 12:00:00,29,11,18
2016-03-08 13:00:00,32,12,20
2016-03-08 14:00:00,34,22,12
2016-03-08 15:00:00,47,25,22
2016-03-08 16:00:00,80,55,25
2016-03-08 17:00:00,99,66,33
2016-03-08 18:00:00,72,45,27
2016-03-08 19:00:00,21,15,6
2016-03-08 20:00:00,6,5,1
2016-03-08 21:00:00,2,1,1
2016-03-08 22:00:00,5,5,0
2016-03-08 23:00:00,0,0,0
2016-03-09 00:00:00,3,2,1
2016-03-09 01:00:00,0,0,0
2016-03-09 02:00:00,0,0,0
2016-03-09 03:00:00,0,0,0
2016-03-09 04:00:00,5,0,5
2016-03-09 05:00:00,6,2,4
2016-03-09 06:00:00,26,7,19
2016-03-09 07:00:00,46,8,38
2016-03-09 08:00:00,51,11,40
2016-03-09 09:00:00,36,16,20
2016-03-09 10:00:00,23,11,12
2016-03-09 11:00:00,27,16,11
2016-03-09 12:00:00,19,9,10
2016-03-09 13:00:00,12,3,9
2016-03-09 14:00:00,8,4,4
2016-03-09 15:00:00,13,11,2
2016-03-09 16:00:00,31,25,6
2016-03-09 17:00:00,56,48,8
2016-03-09 18:00:00,30,23,7
2016-03-09 19:00:00,11,10,1
2016-03-09 20:00:00,4,4,0
2016-03-09 21:00:00,3,3,0
2016-03-09 22:00:00,3,2,1
2016-03-09 23:00:00,1,1,0
2016-03-10 00:00:00,2,1,1
2016-03-10 01:00:00,0,0,0
2016-03-10 02:00:00,0,0,0
2016-03-10 03:00:00,0,0,0
2016-03-10 04:00:00,2,0,2
2016-03-10 05:00:00,6,1,5
2016-03-10 06:00:00,11,3,8
2016-03-10 07:00:00,32,11,21
2016-03-10 08:00:00,39,11,28
2016-03-10 09:00:00,28,12,16
2016-03-10 10:00:00,18,9,9
2016-03-10 11:00:00,16,5,11
2016-03-10 12:00:00,23,10,13
2016-03-10 13:00:00,18,8,10
2016-03-10 14:00:00,14,10,4
2016-03-10 15:00:00,26,13,13
2016-03-10 16:00:00,34,21,13
2016-03-10 17:00:00,56,43,13
2016-03-10 18:00:00,37,26,11
2016-03-10 19:00:00,19,14,5
2016-03-10 20:00:00,7,6,1
2016-03-10 21:00:00,2,2,0
2016-03-10 22:00:00,3,3,0
2016-03-10 23:00:00,2,1,1
2016-03-11 00:00:00,1,1,0
2016-03-11 01:00:00,0,0,0
2016-03-11 02:00:00,0,0,0
2016-03-11 03:00:00,0,0,0
2016-03-11 04:00:00,4,2,2
2016-03-11 05:00:00,3,1,2
2016-03-11 06:00:00,22,5,17
2016-03-11 07:00:00,50,12,38
2016-03-11 08:00:00,65,20,45
2016-03-11 09:00:00,40,19,21
2016-03-11 10:00:00,61,33,28
2016-03-11 11:00:00,53,24,29
2016-03-11 12:00:00,54,23,31
2016-03-11 13:00:00,28,9,19
2016-03-11 14:00:00,20,9,11
2016-03-11 15:00:00,23,13,10
2016-03-11 16:00:00,53,42,11
2016-03-11 17:00:00,61,38,23
2016-03-11 18:00:00,36,22,14
2016-03-11 19:00:00,9,8,1
2016-03-11 20:00:00,7,6,1
2016-03-11 21:00:00,4,2,2
2016-03-11 22:00:00,2,1,1
2016-03-11 23:00:00,1,1,0
2016-03-12 00:00:00,4,4,0
2016-03-12 01:00:00,0,0,0
2016-03-12 02:00:00,0,0,0
2016-03-12 03:00:00,1,0,1
2016-03-12 04:00:00,1,1,0
2016-03-12 05:00:00,0,0,0
2016-03-12 06:00:00,11,9,2
2016-03-12 07:00:00,15,11,4
2016-03-12 08:00:00,28,10,18
2016-03-12 09:00:00,32,16,16
2016-03-12 10:00:00,50,37,13
2016-03-12 11:00:00,99,64,35
2016-03-12 12:00:00,98,54,44
2016-03-12 13:00:00,83,30,53
2016-03-12 14:00:00,67,32,35
2016-03-12 15:00:00,59,27,32
2016-03-12 16:00:00,44,18,26
2016-03-12 17:00:00,16,13,3
2016-03-12 18:00:00,8,1,7
2016-03-12 19:00:00,3,2,1
2016-03-12 20:00:00,3,2,1
2016-03-12 21:00:00,2,1,1
2016-03-12 22:00:00,1,1,0
2016-03-12 23:00:00,1,0,1
2016-03-13 00:00:00,1,1,0
2016-03-13 01:00:00,0,0,0
2016-03-13 02:00:00,0,0,0
2016-03-13 03:00:00,0,0,0
2016-03-13 04:00:00,0,0,0
2016-03-13 05:00:00,2,1,1
2016-03-13 06:00:00,0,0,0
2016-03-13 07:00:00,3,0,3
2016-03-13 08:00:00,8,5,3
2016-03-13 09:00:00,25,17,8
2016-03-13 10:00:00,46,19,27
2016-03-13 11:00:00,21,13,8
2016-03-13 12:00:00,16,10,6
2016-03-13 13:00:00,23,13,10
2016-03-13 14:00:00,28,10,18
2016-03-13 15:00:00,26,15,11
2016-03-13 16:00:00,12,4,8
2016-03-13 17:00:00,6,3,3
2016-03-13 18:00:00,6,1,5
2016-03-13 19:00:00,1,1,0
2016-03-13 20:00:00,2,1,1
2016-03-13 21:00:00,1,1,0
2016-03-13 22:00:00,0,0,0
2016-03-13 23:00:00,0,0,0
2016-03-14 00:00:00,1,1,0
2016-03-14 01:00:00,1,1,0
2016-03-14 02:00:00,0,0,0
2016-03-14 03:00:00,1,0,1
2016-03-14 04:00:00,2,0,2
2016-03-14 05:00:00,4,1,3
2016-03-14 06:00:00,6,1,5
2016-03-14 07:00:00,32,4,28
2016-03-14 08:00:00,52,18,34
2016-03-14 09:00:00,37,16,21
2016-03-14 10:00:00,13,2,11
2016-03-14 11:00:00,15,6,9
2016-03-14 12:00:00,14,6,8
2016-03-14 13:00:00,16,7,9
2016-03-14 14:00:00,21,12,9
2016-03-14 15:00:00,19,14,5
2016-03-14 16:00:00,34,25,9
2016-03-14 17:00:00,58,44,14
2016-03-14 18:00:00,40,28,12
2016-03-14 19:00:00,27,24,3
2016-03-14 20:00:00,8,6,2
2016-03-14 21:00:00,8,5,3
2016-03-14 22:00:00,2,2,0
2016-03-14 23:00:00,2,2,0
2016-03-15 00:00:00,1,1,0
2016-03-15 01:00:00,0,0,0
2016-03-15 02:00:00,0,0,0
2016-03-15 03:00:00,0,0,0
2016-03-15 04:00:00,2,0,2
2016-03-15 05:00:00,10,2,8
2016-03-15 06:00:00,15,1,14
2016-03-15 07:00:00,53,5,48
2016-03-15 08:00:00,55,23,32
2016-03-15 09:00:00,44,21,23
2016-03-15 10:00:00,16,7,9
2016-03-15 11:00:00,17,9,8
2016-03-15 12:00:00,22,10,12
2016-03-15 13:00:00,29,11,18
2016-03-15 14:00:00,28,16,12
2016-03-15 15:00:00,34,24,10
2016-03-15 16:00:00,59,46,13
2016-03-15 17:00:00,88,56,32
2016-03-15 18:00:00,60,34,26
2016-03-15 19:00:00,25,17,8
2016-03-15 20:00:00,12,10,2
2016-03-15 21:00:00,3,3,0
2016-03-15 22:00:00,1,1,0
2016-03-15 23:00:00,1,1,0
2016-03-16 00:00:00,2,2,0
2016-03-16 01:00:00,1,1,0
2016-03-16 02:00:00,0,0,0
2016-03-16 03:00:00,0,0,0
2016-03-16 04:00:00,3,1,2
2016-03-16 05:00:00,12,1,11
2016-03-16 06:00:00,19,2,17
2016-03-16 07:00:00,67,16,51
2016-03-16 08:00:00,66,17,49
2016-03-16 09:00:00,55,21,34
2016-03-16 10:00:00,45,18,27
2016-03-16 11:00:00,37,23,14
2016-03-16 12:00:00,38,24,14
2016-03-16 13:00:00,38,18,20
2016-03-16 14:00:00,41,22,19
2016-03-16 15:00:00,72,36,36
2016-03-16 16:00:00,94,58,36
2016-03-16 17:00:00,142,98,44
2016-03-16 18:00:00,107,65,42
2016-03-16 19:00:00,46,31,15
2016-03-16 20:00:00,19,12,7
2016-03-16 21:00:00,8,7,1
2016-03-16 22:00:00,12,8,4
2016-03-16 23:00:00,1,1,0
2016-03-17 00:00:00,1,1,0
2016-03-17 01:00:00,1,1,0
2016-03-17 02:00:00,0,0,0
2016-03-17 03:00:00,0,0,0
2016-03-17 04:00:00,2,1,1
2016-03-17 05:00:00,15,3,12
2016-03-17 06:00:00,19,4,15
2016-03-17 07:00:00,61,15,46
2016-03-17 08:00:00,71,18,53
2016-03-17 09:00:00,46,18,28
2016-03-17 10:00:00,37,19,18
2016-03-17 11:00:00,41,20,21
2016-03-17 12:00:00,56,31,25
2016-03-17 13:00:00,53,24,29
2016-03-17 14:00:00,89,47,42
2016-03-17 15:00:00,77,39,38
2016-03-17 16:00:00,153,93,60
2016-03-17 17:00:00,145,93,52
2016-03-17 18:00:00,111,69,42
2016-03-17 19:00:00,39,19,20
2016-03-17 20:00:00,17,15,2
2016-03-17 21:00:00,7,3,4
2016-03-17 22:00:00,3,2,1
2016-03-17 23:00:00,1,1,0
2016-03-18 00:00:00,5,4,1
2016-03-18 01:00:00,1,1,0
2016-03-18 02:00:00,0,0,0
2016-03-18 03:00:00,2,1,1
2016-03-18 04:00:00,6,0,6
2016-03-18 05:00:00,10,2,8
2016-03-18 06:00:00,23,7,16
2016-03-18 07:00:00,52,12,40
2016-03-18 08:00:00,79,23,56
2016-03-18 09:00:00,52,14,38
2016-03-18 10:00:00,46,27,19
2016-03-18 11:00:00,46,29,17
2016-03-18 12:00:00,70,33,37
2016-03-18 13:00:00,84,43,41
2016-03-18 14:00:00,97,56,41
2016-03-18 15:00:00,101,62,39
2016-03-18 16:00:00,122,67,55
2016-03-18 17:00:00,120,82,38
2016-03-18 18:00:00,110,62,48
2016-03-18 19:00:00,38,19,19
2016-03-18 20:00:00,14,11,3
2016-03-18 21:00:00,3,3,0
2016-03-18 22:00:00,2,2,0
2016-03-18 23:00:00,0,0,0
2016-03-19 00:00:00,1,1,0
2016-03-19 01:00:00,0,0,0
2016-03-19 02:00:00,1,0,1
2016-03-19 03:00:00,0,0,0
2016-03-19 04:00:00,0,0,0
2016-03-19 05:00:00,1,1,0
2016-03-19 06:00:00,11,8,3
2016-03-19 07:00:00,20,15,5
2016-03-19 08:00:00,71,42,29
2016-03-19 09:00:00,142,87,55
2016-03-19 10:00:00,185,97,88
2016-03-19 11:00:00,211,113,98
2016-03-19 12:00:00,195,97,98
2016-03-19 13:00:00,196,102,94
2016-03-19 14:00:00,157,72,85
2016-03-19 15:00:00,168,102,66
2016-03-19 16:00:00,168,73,95
2016-03-19 17:00:00,94,44,50
2016-03-19 18:00:00,68,25,43
2016-03-19 19:00:00,19,5,14
2016-03-19 20:00:00,10,5,5
2016-03-19 21:00:00,1,1,0
2016-03-19 22:00:00,3,3,0
2016-03-19 23:00:00,5,3,2
2016-03-20 00:00:00,7,6,1
2016-03-20 01:00:00,0,0,0
2016-03-20 02:00:00,0,0,0
2016-03-20 03:00:00,0,0,0
2016-03-20 04:00:00,1,1,0
2016-03-20 05:00:00,1,0,1
2016-03-20 06:00:00,5,4,1
2016-03-20 07:00:00,4,4,0
2016-03-20 08:00:00,31,19,12
2016-03-20 09:00:00,54,20,34
2016-03-20 10:00:00,85,44,41
2016-03-20 11:00:00,70,34,36
2016-03-20 12:00:00,49,23,26
2016-03-20 13:00:00,48,24,24
2016-03-20 14:00:00,34,12,22
2016-03-20 15:00:00,37,21,16
2016-03-20 16:00:00,25,14,11
2016-03-20 17:00:00,20,8,12
2016-03-20 18:00:00,10,4,6
2016-03-20 19:00:00,8,2,6
2016-03-20 20:00:00,6,3,3
2016-03-20 21:00:00,1,1,0
2016-03-20 22:00:00,0,0,0
2016-03-20 23:00:00,0,0,0
2016-03-21 00:00:00,2,2,0
2016-03-21 01:00:00,0,0,0
2016-03-21 02:00:00,1,1,0
2016-03-21 03:00:00,0,0,0
2016-03-21 04:00:00,4,0,4
2016-03-21 05:00:00,10,0,10
2016-03-21 06:00:00,13,4,9
2016-03-21 07:00:00,35,8,27
2016-03-21 08:00:00,49,10,39
2016-03-21 09:00:00,35,11,24
2016-03-21 10:00:00,19,9,10
2016-03-21 11:00:00,20,8,12
2016-03-21 12:00:00,12,3,9
2016-03-21 13:00:00,11,6,5
2016-03-21 14:00:00,18,10,8
2016-03-21 15:00:00,21,16,5
2016-03-21 16:00:00,33,27,6
2016-03-21 17:00:00,76,59,17
2016-03-21 18:00:00,50,39,11
2016-03-21 19:00:00,10,7,3
2016-03-21 20:00:00,4,2,2
2016-03-21 21:00:00,7,4,3
2016-03-21 22:00:00,0,0,0
2016-03-21 23:00:00,0,0,0
2016-03-22 00:00:00,1,0,1
2016-03-22 01:00:00,0,0,0
2016-03-22 02:00:00,0,0,0
2016-03-22 03:00:00,1,0,1
2016-03-22 04:00:00,5,0,5
2016-03-22 05:00:00,9,2,7
2016-03-22 06:00:00,22,4,18
2016-03-22 07:00:00,50,11,39
2016-03-22 08:00:00,73,22,51
2016-03-22 09:00:00,36,12,24
2016-03-22 10:00:00,21,10,11
2016-03-22 11:00:00,17,10,7
2016-03-22 12:00:00,32,16,16
2016-03-22 13:00:00,51,24,27
2016-03-22 14:00:00,55,28,27
2016-03-22 15:00:00,47,23,24
2016-03-22 16:00:00,94,59,35
2016-03-22 17:00:00,131,93,38
2016-03-22 18:00:00,92,55,37
2016-03-22 19:00:00,31,22,9
2016-03-22 20:00:00,11,7,4
2016-03-22 21:00:00,4,2,2
2016-03-22 22:00:00,4,2,2
2016-03-22 23:00:00,2,1,1
2016-03-23 00:00:00,1,1,0
2016-03-23 01:00:00,1,1,0
2016-03-23 02:00:00,1,1,0
2016-03-23 03:00:00,0,0,0
2016-03-23 04:00:00,4,0,4
2016-03-23 05:00:00,9,0,9
2016-03-23 06:00:00,29,8,21
2016-03-23 07:00:00,71,21,50
2016-03-23 08:00:00,69,17,52
2016-03-23 09:00:00,43,18,25
2016-03-23 10:00:00,33,12,21
2016-03-23 11:00:00,30,13,17
2016-03-23 12:00:00,14,9,5
2016-03-23 13:00:00,21,11,10
2016-03-23 14:00:00,32,14,18
2016-03-23 15:00:00,28,18,10
2016-03-23 16:00:00,53,37,16
2016-03-23 17:00:00,94,68,26
2016-03-23 18:00:00,61,47,14
2016-03-23 19:00:00,26,18,8
2016-03-23 20:00:00,7,7,0
2016-03-23 21:00:00,1,1,0
2016-03-23 22:00:00,3,3,0
2016-03-23 23:00:00,0,0,0
2016-03-24 00:00:00,1,1,0
2016-03-24 01:00:00,0,0,0
2016-03-24 02:00:00,0,0,0
2016-03-24 03:00:00,0,0,0
2016-03-24 04:00:00,3,1,2
2016-03-24 05:00:00,8,0,8
2016-03-24 06:00:00,31,7,24
2016-03-24 07:00:00,51,10,41
2016-03-24 08:00:00,66,24,42
2016-03-24 09:00:00,51,22,29
2016-03-24 10:00:00,33,19,14
2016-03-24 11:00:00,28,12,16
2016-03-24 12:00:00,45,23,22
2016-03-24 13:00:00,43,22,21
2016-03-24 14:00:00,43,19,24
2016-03-24 15:00:00,54,26,28
2016-03-24 16:00:00,58,46,12
2016-03-24 17:00:00,118,82,36
2016-03-24 18:00:00,86,57,29
2016-03-24 19:00:00,41,20,21
2016-03-24 20:00:00,8,5,3
2016-03-24 21:00:00,0,0,0
2016-03-24 22:00:00,2,2,0
2016-03-24 23:00:00,2,2,0
2016-03-25 00:00:00,4,2,2
2016-03-25 01:00:00,1,0,1
2016-03-25 02:00:00,1,1,0
2016-03-25 03:00:00,0,0,0
2016-03-25 04:00:00,4,0,4
2016-03-25 05:00:00,4,1,3
2016-03-25 06:00:00,26,5,21
2016-03-25 07:00:00,50,16,34
2016-03-25 08:00:00,57,12,45
2016-03-25 09:00:00,50,24,26
2016-03-25 10:00:00,51,25,26
2016-03-25 11:00:00,45,22,23
2016-03-25 12:00:00,65,32,33
2016-03-25 13:00:00,57,29,28
2016-03-25 14:00:00,77,39,38
2016-03-25 15:00:00,103,62,41
2016-03-25 16:00:00,102,64,38
2016-03-25 17:00:00,126,85,41
2016-03-25 18:00:00,72,46,26
2016-03-25 19:00:00,25,20,5
2016-03-25 20:00:00,8,5,3
2016-03-25 21:00:00,4,3,1
2016-03-25 22:00:00,4,4,0
2016-03-25 23:00:00,1,1,0
2016-03-26 00:00:00,2,1,1
2016-03-26 01:00:00,1,1,0
2016-03-26 02:00:00,0,0,0
2016-03-26 03:00:00,0,0,0
2016-03-26 04:00:00,1,0,1
2016-03-26 05:00:00,4,2,2
2016-03-26 06:00:00,9,5,4
2016-03-26 07:00:00,28,15,13
2016-03-26 08:00:00,70,41,29
2016-03-26 09:00:00,106,71,35
2016-03-26 10:00:00,185,112,73
2016-03-26 11:00:00,214,108,106
2016-03-26 12:00:00,232,133,99
2016-03-26 13:00:00,311,177,134
2016-03-26 14:00:00,284,122,162
2016-03-26 15:00:00,274,131,143
2016-03-26 16:00:00,221,100,121
2016-03-26 17:00:00,155,55,100
2016-03-26 18:00:00,77,25,52
2016-03-26 19:00:00,40,21,19
2016-03-26 20:00:00,11,1,10
2016-03-26 21:00:00,4,1,3
2016-03-26 22:00:00,4,2,2
2016-03-26 23:00:00,1,1,0
2016-03-27 00:00:00,1,1,0
2016-03-27 01:00:00,3,3,0
2016-03-27 02:00:00,0,0,0
2016-03-27 03:00:00,1,1,0
2016-03-27 04:00:00,1,1,0
2016-03-27 05:00:00,0,0,0
2016-03-27 06:00:00,1,0,1
2016-03-27 07:00:00,10,6,4
2016-03-27 08:00:00,24,12,12
2016-03-27 09:00:00,26,15,11
2016-03-27 10:00:00,16,11,5
2016-03-27 11:00:00,17,15,2
2016-03-27 12:00:00,19,12,7
2016-03-27 13:00:00,25,15,10
2016-03-27 14:00:00,44,20,24
2016-03-27 15:00:00,24,8,16
2016-03-27 16:00:00,22,13,9
2016-03-27 17:00:00,14,7,7
2016-03-27 18:00:00,11,6,5
2016-03-27 19:00:00,9,4,5
2016-03-27 20:00:00,5,4,1
2016-03-27 21:00:00,4,3,1
2016-03-27 22:00:00,3,1,2
2016-03-27 23:00:00,1,0,1
2016-03-28 00:00:00,1,1,0
2016-03-28 01:00:00,0,0,0
2016-03-28 02:00:00,0,0,0
2016-03-28 03:00:00,0,0,0
2016-03-28 04:00:00,6,0,6
2016-03-28 05:00:00,8,1,7
2016-03-28 06:00:00,27,5,22
2016-03-28 07:00:00,72,16,56
2016-03-28 08:00:00,79,20,59
2016-03-28 09:00:00,47,20,27
2016-03-28 10:00:00,28,16,12
2016-03-28 11:00:00,13,7,6
2016-03-28 12:00:00,30,12,18
2016-03-28 13:00:00,37,24,13
2016-03-28 14:00:00,42,19,23
2016-03-28 15:00:00,47,35,12
2016-03-28 16:00:00,82,61,21
2016-03-28 17:00:00,134,95,39
2016-03-28 18:00:00,120,83,37
2016-03-28 19:00:00,55,25,30
2016-03-28 20:00:00,18,7,11
2016-03-28 21:00:00,4,2,2
2016-03-28 22:00:00,4,4,0
2016-03-28 23:00:00,1,1,0
2016-03-29 00:00:00,0,0,0
2016-03-29 01:00:00,0,0,0
2016-03-29 02:00:00,0,0,0
2016-03-29 03:00:00,1,1,0
2016-03-29 04:00:00,6,0,6
2016-03-29 05:00:00,15,2,13
2016-03-29 06:00:00,34,6,28
2016-03-29 07:00:00,84,14,70
2016-03-29 08:00:00,103,18,85
2016-03-29 09:00:00,61,33,28
2016-03-29 10:00:00,37,17,20
2016-03-29 11:00:00,54,28,26
2016-03-29 12:00:00,64,25,39
2016-03-29 13:00:00,64,37,27
2016-03-29 14:00:00,69,29,40
2016-03-29 15:00:00,91,59,32
2016-03-29 16:00:00,139,94,45
2016-03-29 17:00:00,219,157,62
2016-03-29 18:00:00,187,114,73
2016-03-29 19:00:00,74,34,40
2016-03-29 20:00:00,18,5,13
2016-03-29 21:00:00,8,3,5
2016-03-29 22:00:00,4,3,1
2016-03-29 23:00:00,3,2,1
2016-03-30 00:00:00,0,0,0
2016-03-30 01:00:00,1,1,0
2016-03-30 02:00:00,1,1,0
2016-03-30 03:00:00,1,0,1
2016-03-30 04:00:00,3,0,3
2016-03-30 05:00:00,16,3,13
2016-03-30 06:00:00,38,11,27
2016-03-30 07:00:00,98,23,75
2016-03-30 08:00:00,109,28,81
2016-03-30 09:00:00,63,18,45
2016-03-30 10:00:00,59,27,32
2016-03-30 11:00:00,69,38,31
2016-03-30 12:00:00,46,24,22
2016-03-30 13:00:00,96,58,38
2016-03-30 14:00:00,96,44,52
2016-03-30 15:00:00,119,66,53
2016-03-30 16:00:00,163,95,68
2016-03-30 17:00:00,222,150,72
2016-03-30 18:00:00,202,126,76
2016-03-30 19:00:00,81,37,44
2016-03-30 20:00:00,23,10,13
2016-03-30 21:00:00,12,5,7
2016-03-30 22:00:00,6,5,1
2016-03-30 23:00:00,2,2,0
2016-03-31 00:00:00,1,1,0
2016-03-31 01:00:00,0,0,0
2016-03-31 02:00:00,0,0,0
2016-03-31 03:00:00,0,0,0
2016-03-31 04:00:00,2,0,2
2016-03-31 05:00:00,15,4,11
2016-03-31 06:00:00,39,11,28
2016-03-31 07:00:00,102,32,70
2016-03-31 08:00:00,122,38,84
2016-03-31 09:00:00,88,40,48
2016-03-31 10:00:00,65,32,33
2016-03-31 11:00:00,60,34,26
2016-03-31 12:00:00,87,45,42
2016-03-31 13:00:00,76,40,36
2016-03-31 14:00:00,104,46,58
2016-03-31 15:00:00,104,47,57
2016-03-31 16:00:00,136,83,53
2016-03-31 17:00:00,234,154,80
2016-03-31 18:00:00,194,116,78
2016-03-31 19:00:00,110,48,62
2016-03-31 20:00:00,28,9,19
2016-03-31 21:00:00,6,3,3
2016-03-31 22:00:00,8,8,0
2016-03-31 23:00:00,1,0,1
2016-04-01 00:00:00,1,1,0
2016-04-01 01:00:00,0,0,0
2016-04-01 02:00:00,0,0,0
2016-04-01 03:00:00,0,0,0
2016-04-01 04:00:00,2,0,2
2016-04-01 05:00:00,13,3,10
2016-04-01 06:00:00,35,14,21
2016-04-01 07:00:00,98,23,75
2016-04-01 08:00:00,113,33,80
2016-04-01 09:00:00,92,34,58
2016-04-01 10:00:00,83,46,37
2016-04-01 11:00:00,84,43,41
2016-04-01 12:00:00,113,58,55
2016-04-01 13:00:00,177,111,66
2016-04-01 14:00:00,121,68,53
2016-04-01 15:00:00,153,85,68
2016-04-01 16:00:00,205,127,78
2016-04-01 17:00:00,225,145,80
2016-04-01 18:00:00,162,91,71
2016-04-01 19:00:00,80,38,42
2016-04-01 20:00:00,29,12,17
2016-04-01 21:00:00,4,1,3
2016-04-01 22:00:00,7,5,2
2016-04-01 23:00:00,1,1,0
2016-04-02 00:00:00,1,1,0
2016-04-02 01:00:00,0,0,0
2016-04-02 02:00:00,0,0,0
2016-04-02 03:00:00,0,0,0
2016-04-02 04:00:00,0,0,0
2016-04-02 05:00:00,6,4,2
2016-04-02 06:00:00,14,7,7
2016-04-02 07:00:00,33,19,14
2016-04-02 08:00:00,78,47,31
2016-04-02 09:00:00,114,69,45
2016-04-02 10:00:00,166,91,75
2016-04-02 11:00:00,178,116,62
2016-04-02 12:00:00,221,148,73
2016-04-02 13:00:00,217,117,100
2016-04-02 14:00:00,207,89,118
2016-04-02 15:00:00,266,131,135
2016-04-02 16:00:00,218,96,122
2016-04-02 17:00:00,141,58,83
2016-04-02 18:00:00,106,46,60
2016-04-02 19:00:00,65,22,43
2016-04-02 20:00:00,16,13,3
2016-04-02 21:00:00,11,6,5
2016-04-02 22:00:00,3,3,0
2016-04-02 23:00:00,6,4,2
2016-04-03 00:00:00,1,1,0
2016-04-03 01:00:00,0,0,0
2016-04-03 02:00:00,0,0,0
2016-04-03 03:00:00,0,0,0
2016-04-03 04:00:00,2,0,2
2016-04-03 05:00:00,3,1,2
2016-04-03 06:00:00,55,2,53
2016-04-03 07:00:00,106,20,86
2016-04-03 08:00:00,78,49,29
2016-04-03 09:00:00,167,126,41
2016-04-03 10:00:00,259,197,62
2016-04-03 11:00:00,269,176,93
2016-04-03 12:00:00,261,156,105
2016-04-03 13:00:00,222,118,104
2016-04-03 14:00:00,327,145,182
2016-04-03 15:00:00,244,118,126
2016-04-03 16:00:00,207,82,125
2016-04-03 17:00:00,183,86,97
2016-04-03 18:00:00,106,35,71
2016-04-03 19:00:00,36,22,14
2016-04-03 20:00:00,10,2,8
2016-04-03 21:00:00,5,2,3
2016-04-03 22:00:00,0,0,0
2016-04-03 23:00:00,2,1,1
2016-04-04 00:00:00,0,0,0
2016-04-04 01:00:00,0,0,0
2016-04-04 02:00:00,0,0,0
2016-04-04 03:00:00,0,0,0
2016-04-04 04:00:00,6,0,6
2016-04-04 05:00:00,8,1,7
2016-04-04 06:00:00,25,4,21
2016-04-04 07:00:00,54,10,44
2016-04-04 08:00:00,60,15,45
2016-04-04 09:00:00,60,25,35
2016-04-04 10:00:00,41,22,19
2016-04-04 11:00:00,25,6,19
2016-04-04 12:00:00,26,11,15
2016-04-04 13:00:00,34,11,23
2016-04-04 14:00:00,30,19,11
2016-04-04 15:00:00,26,18,8
2016-04-04 16:00:00,64,43,21
2016-04-04 17:00:00,107,84,23
2016-04-04 18:00:00,80,58,22
2016-04-04 19:00:00,29,19,10
2016-04-04 20:00:00,18,11,7
2016-04-04 21:00:00,3,1,2
2016-04-04 22:00:00,3,3,0
2016-04-04 23:00:00,1,1,0
2016-04-05 00:00:00,0,0,0
2016-04-05 01:00:00,0,0,0
2016-04-05 02:00:00,0,0,0
2016-04-05 03:00:00,0,0,0
2016-04-05 04:00:00,4,3,1
2016-04-05 05:00:00,10,2,8
2016-04-05 06:00:00,22,4,18
2016-04-05 07:00:00,87,15,72
2016-04-05 08:00:00,87,20,67
2016-04-05 09:00:00,64,28,36
2016-04-05 10:00:00,51,20,31
2016-04-05 11:00:00,34,16,18
2016-04-05 12:00:00,22,9,13
2016-04-05 13:00:00,46,23,23
2016-04-05 14:00:00,32,20,12
2016-04-05 15:00:00,43,27,16
2016-04-05 16:00:00,90,62,28
2016-04-05 17:00:00,137,102,35
2016-04-05 18:00:00,113,71,42
2016-04-05 19:00:00,56,29,27
2016-04-05 20:00:00,29,12,17
2016-04-05 21:00:00,3,3,0
2016-04-05 22:00:00,3,2,1
2016-04-05 23:00:00,1,1,0
2016-04-06 00:00:00,2,2,0
2016-04-06 01:00:00,0,0,0
2016-04-06 02:00:00,1,1,0
2016-04-06 03:00:00,0,0,0
2016-04-06 04:00:00,6,1,5
2016-04-06 05:00:00,7,1,6
2016-04-06 06:00:00,47,11,36
2016-04-06 07:00:00,89,30,59
2016-04-06 08:00:00,118,26,92
2016-04-06 09:00:00,72,35,37
2016-04-06 10:00:00,70,32,38
2016-04-06 11:00:00,77,32,45
2016-04-06 12:00:00,59,25,34
2016-04-06 13:00:00,83,32,51
2016-04-06 14:00:00,76,43,33
2016-04-06 15:00:00,87,51,36
2016-04-06 16:00:00,147,97,50
2016-04-06 17:00:00,229,137,92
2016-04-06 18:00:00,203,136,67
2016-04-06 19:00:00,103,55,48
2016-04-06 20:00:00,23,14,9
2016-04-06 21:00:00,12,2,10
2016-04-06 22:00:00,6,4,2
2016-04-06 23:00:00,3,3,0
2016-04-07 00:00:00,4,4,0
2016-04-07 01:00:00,0,0,0
2016-04-07 02:00:00,0,0,0
2016-04-07 03:00:00,0,0,0
2016-04-07 04:00:00,6,0,6
2016-04-07 05:00:00,16,5,11
2016-04-07 06:00:00,48,11,37
2016-04-07 07:00:00,116,27,89
2016-04-07 08:00:00,107,21,86
2016-04-07 09:00:00,102,40,62
2016-04-07 10:00:00,78,45,33
2016-04-07 11:00:00,126,66,60
2016-04-07 12:00:00,108,53,55
2016-04-07 13:00:00,111,59,52
2016-04-07 14:00:00,114,57,57
2016-04-07 15:00:00,137,84,53
2016-04-07 16:00:00,181,113,68
2016-04-07 17:00:00,291,178,113
2016-04-07 18:00:00,239,149,90
2016-04-07 19:00:00,137,65,72
2016-04-07 20:00:00,33,19,14
2016-04-07 21:00:00,23,18,5
2016-04-07 22:00:00,7,3,4
2016-04-07 23:00:00,1,1,0
2016-04-08 00:00:00,2,2,0
2016-04-08 01:00:00,0,0,0
2016-04-08 02:00:00,0,0,0
2016-04-08 03:00:00,0,0,0
2016-04-08 04:00:00,0,0,0
2016-04-08 05:00:00,12,4,8
2016-04-08 06:00:00,37,8,29
2016-04-08 07:00:00,99,33,66
2016-04-08 08:00:00,96,23,73
2016-04-08 09:00:00,78,35,43
2016-04-08 10:00:00,75,41,34
2016-04-08 11:00:00,84,38,46
2016-04-08 12:00:00,102,59,43
2016-04-08 13:00:00,108,56,52
2016-04-08 14:00:00,104,46,58
2016-04-08 15:00:00,112,65,47
2016-04-08 16:00:00,158,91,67
2016-04-08 17:00:00,171,113,58
2016-04-08 18:00:00,135,77,58
2016-04-08 19:00:00,96,43,53
2016-04-08 20:00:00,23,8,15
2016-04-08 21:00:00,4,4,0
2016-04-08 22:00:00,12,7,5
2016-04-08 23:00:00,1,0,1
2016-04-09 00:00:00,5,5,0
2016-04-09 01:00:00,1,1,0
2016-04-09 02:00:00,0,0,0
2016-04-09 03:00:00,1,0,1
2016-04-09 04:00:00,1,0,1
2016-04-09 05:00:00,2,0,2
2016-04-09 06:00:00,10,5,5
2016-04-09 07:00:00,41,29,12
2016-04-09 08:00:00,111,70,41
2016-04-09 09:00:00,153,91,62
2016-04-09 10:00:00,199,130,69
2016-04-09 11:00:00,291,167,124
2016-04-09 12:00:00,238,127,111
2016-04-09 13:00:00,267,142,125
2016-04-09 14:00:00,272,151,121
2016-04-09 15:00:00,290,134,156
2016-04-09 16:00:00,210,94,116
2016-04-09 17:00:00,183,88,95
2016-04-09 18:00:00,108,29,79
2016-04-09 19:00:00,64,19,45
2016-04-09 20:00:00,35,10,25
2016-04-09 21:00:00,5,5,0
2016-04-09 22:00:00,5,2,3
2016-04-09 23:00:00,2,1,1
2016-04-10 00:00:00,1,1,0
2016-04-10 01:00:00,0,0,0
2016-04-10 02:00:00,1,1,0
2016-04-10 03:00:00,1,0,1
2016-04-10 04:00:00,1,1,0
2016-04-10 05:00:00,1,0,1
2016-04-10 06:00:00,11,7,4
2016-04-10 07:00:00,30,20,10
2016-04-10 08:00:00,70,40,30
2016-04-10 09:00:00,117,73,44
2016-04-10 10:00:00,156,89,67
2016-04-10 11:00:00,197,106,91
2016-04-10 12:00:00,191,98,93
2016-04-10 13:00:00,186,93,93
2016-04-10 14:00:00,235,120,115
2016-04-10 15:00:00,169,91,78
2016-04-10 16:00:00,171,68,103
2016-04-10 17:00:00,105,37,68
2016-04-10 18:00:00,72,36,36
2016-04-10 19:00:00,52,15,37
2016-04-10 20:00:00,21,11,10
2016-04-10 21:00:00,7,4,3
2016-04-10 22:00:00,2,1,1
2016-04-10 23:00:00,3,2,1
2016-04-11 00:00:00,3,3,0
2016-04-11 01:00:00,1,0,1
2016-04-11 02:00:00,0,0,0
2016-04-11 03:00:00,0,0,0
2016-04-11 04:00:00,3,0,3
2016-04-11 05:00:00,14,0,14
2016-04-11 06:00:00,33,6,27
2016-04-11 07:00:00,73,14,59
2016-04-11 08:00:00,75,14,61
2016-04-11 09:00:00,50,24,26
2016-04-11 10:00:00,42,16,26
2016-04-11 11:00:00,28,12,16
2016-04-11 12:00:00,54,35,19
2016-04-11 13:00:00,45,20,25
2016-04-11 14:00:00,60,28,32
2016-04-11 15:00:00,44,31,13
2016-04-11 16:00:00,86,65,21
2016-04-11 17:00:00,112,85,27
2016-04-11 18:00:00,123,81,42
2016-04-11 19:00:00,60,40,20
2016-04-11 20:00:00,19,14,5
2016-04-11 21:00:00,9,5,4
2016-04-11 22:00:00,4,3,1
2016-04-11 23:00:00,3,0,3
2016-04-12 00:00:00,3,3,0
2016-04-12 01:00:00,0,0,0
2016-04-12 02:00:00,0,0,0
2016-04-12 03:00:00,0,0,0
2016-04-12 04:00:00,1,0,1
2016-04-12 05:00:00,12,4,8
2016-04-12 06:00:00,29,7,22
2016-04-12 07:00:00,68,16,52
2016-04-12 08:00:00,84,24,60
2016-04-12 09:00:00,55,18,37
2016-04-12 10:00:00,44,25,19
2016-04-12 11:00:00,30,12,18
2016-04-12 12:00:00,37,19,18
2016-04-12 13:00:00,26,12,14
2016-04-12 14:00:00,47,23,24
2016-04-12 15:00:00,34,24,10
2016-04-12 16:00:00,32,22,10
2016-04-12 17:00:00,59,29,30
2016-04-12 18:00:00,53,38,15
2016-04-12 19:00:00,21,16,5
2016-04-12 20:00:00,6,5,1
2016-04-12 21:00:00,2,2,0
2016-04-12 22:00:00,0,0,0
2016-04-12 23:00:00,1,1,0
2016-04-13 00:00:00,1,1,0
2016-04-13 01:00:00,0,0,0
2016-04-13 02:00:00,1,1,0
2016-04-13 03:00:00,0,0,0
2016-04-13 04:00:00,5,0,5
2016-04-13 05:00:00,10,2,8
2016-04-13 06:00:00,27,7,20
2016-04-13 07:00:00,69,11,58
2016-04-13 08:00:00,81,17,64
2016-04-13 09:00:00,51,24,27
2016-04-13 10:00:00,39,22,17
2016-04-13 11:00:00,46,22,24
2016-04-13 12:00:00,50,23,27
2016-04-13 13:00:00,36,10,26
2016-04-13 14:00:00,48,31,17
2016-04-13 15:00:00,47,33,14
2016-04-13 16:00:00,81,53,28
2016-04-13 17:00:00,162,116,46
2016-04-13 18:00:00,110,75,35
2016-04-13 19:00:00,68,30,38
2016-04-13 20:00:00,25,15,10
2016-04-13 21:00:00,14,8,6
2016-04-13 22:00:00,7,5,2
2016-04-13 23:00:00,4,3,1
2016-04-14 00:00:00,2,2,0
2016-04-14 01:00:00,0,0,0
2016-04-14 02:00:00,0,0,0
2016-04-14 03:00:00,3,1,2
2016-04-14 04:00:00,3,1,2
2016-04-14 05:00:00,9,4,5
2016-04-14 06:00:00,26,9,17
2016-04-14 07:00:00,73,19,54
2016-04-14 08:00:00,74,23,51
2016-04-14 09:00:00,58,25,33
2016-04-14 10:00:00,37,12,25
2016-04-14 11:00:00,43,22,21
2016-04-14 12:00:00,54,28,26
2016-04-14 13:00:00,42,26,16
2016-04-14 14:00:00,82,39,43
2016-04-14 15:00:00,70,44,26
2016-04-14 16:00:00,92,60,32
2016-04-14 17:00:00,187,123,64
2016-04-14 18:00:00,125,72,53
2016-04-14 19:00:00,78,45,33
2016-04-14 20:00:00,14,5,9
2016-04-14 21:00:00,8,5,3
2016-04-14 22:00:00,7,7,0
2016-04-14 23:00:00,0,0,0
2016-04-15 00:00:00,2,1,1
2016-04-15 01:00:00,1,1,0
2016-04-15 02:00:00,0,0,0
2016-04-15 03:00:00,0,0,0
2016-04-15 04:00:00,1,1,0
2016-04-15 05:00:00,14,6,8
2016-04-15 06:00:00,38,8,30
2016-04-15 07:00:00,76,24,52
2016-04-15 08:00:00,77,20,57
2016-04-15 09:00:00,50,19,31
2016-04-15 10:00:00,45,19,26
2016-04-15 11:00:00,51,25,26
2016-04-15 12:00:00,57,36,21
2016-04-15 13:00:00,56,20,36
2016-04-15 14:00:00,61,34,27
2016-04-15 15:00:00,61,37,24
2016-04-15 16:00:00,95,61,34
2016-04-15 17:00:00,118,81,37
2016-04-15 18:00:00,103,56,47
2016-04-15 19:00:00,45,28,17
2016-04-15 20:00:00,8,6,2
2016-04-15 21:00:00,8,6,2
2016-04-15 22:00:00,4,4,0
2016-04-15 23:00:00,5,5,0
2016-04-16 00:00:00,3,2,1
2016-04-16 01:00:00,0,0,0
2016-04-16 02:00:00,0,0,0
2016-04-16 03:00:00,0,0,0
2016-04-16 04:00:00,1,1,0
2016-04-16 05:00:00,2,1,1
2016-04-16 06:00:00,13,7,6
2016-04-16 07:00:00,42,28,14
2016-04-16 08:00:00,112,72,40
2016-04-16 09:00:00,161,106,55
2016-04-16 10:00:00,198,122,76
2016-04-16 11:00:00,261,159,102
2016-04-16 12:00:00,251,126,125
2016-04-16 13:00:00,296,181,115
2016-04-16 14:00:00,269,125,144
2016-04-16 15:00:00,249,117,132
2016-04-16 16:00:00,249,115,134
2016-04-16 17:00:00,206,79,127
2016-04-16 18:00:00,128,53,75
2016-04-16 19:00:00,77,32,45
2016-04-16 20:00:00,28,7,21
2016-04-16 21:00:00,8,7,1
2016-04-16 22:00:00,6,3,3
2016-04-16 23:00:00,1,0,1
2016-04-17 00:00:00,1,0,1
2016-04-17 01:00:00,0,0,0
2016-04-17 02:00:00,0,0,0
2016-04-17 03:00:00,0,0,0
2016-04-17 04:00:00,0,0,0
2016-04-17 05:00:00,0,0,0
2016-04-17 06:00:00,16,7,9
2016-04-17 07:00:00,37,22,15
2016-04-17 08:00:00,105,61,44
2016-04-17 09:00:00,113,64,49
2016-04-17 10:00:00,268,154,114
2016-04-17 11:00:00,299,171,128
2016-04-17 12:00:00,342,185,157
2016-04-17 13:00:00,287,144,143
2016-04-17 14:00:00,335,188,147
2016-04-17 15:00:00,324,138,186
2016-04-17 16:00:00,260,93,167
2016-04-17 17:00:00,198,96,102
2016-04-17 18:00:00,158,57,101
2016-04-17 19:00:00,80,39,41
2016-04-17 20:00:00,24,10,14
2016-04-17 21:00:00,2,0,2
2016-04-17 22:00:00,2,1,1
2016-04-17 23:00:00,1,0,1
2016-04-18 00:00:00,0,0,0
2016-04-18 01:00:00,0,0,0
2016-04-18 02:00:00,0,0,0
2016-04-18 03:00:00,0,0,0
2016-04-18 04:00:00,7,0,7
2016-04-18 05:00:00,23,3,20
2016-04-18 06:00:00,54,7,47
2016-04-18 07:00:00,124,34,90
2016-04-18 08:00:00,100,25,75
2016-04-18 09:00:00,106,54,52
2016-04-18 10:00:00,70,32,38
2016-04-18 11:00:00,81,34,47
2016-04-18 12:00:00,95,48,47
2016-04-18 13:00:00,79,43,36
2016-04-18 14:00:00,87,52,35
2016-04-18 15:00:00,108,77,31
2016-04-18 16:00:00,170,103,67
2016-04-18 17:00:00,262,134,128
2016-04-18 18:00:00,221,135,86
2016-04-18 19:00:00,137,60,77
2016-04-18 20:00:00,72,32,40
2016-04-18 21:00:00,23,12,11
2016-04-18 22:00:00,10,5,5
2016-04-18 23:00:00,2,1,1
2016-04-19 00:00:00,2,2,0
2016-04-19 01:00:00,0,0,0
2016-04-19 02:00:00,1,1,0
2016-04-19 03:00:00,0,0,0
2016-04-19 04:00:00,2,0,2
2016-04-19 05:00:00,19,4,15
2016-04-19 06:00:00,58,7,51
2016-04-19 07:00:00,157,47,110
2016-04-19 08:00:00,151,44,107
2016-04-19 09:00:00,107,46,61
2016-04-19 10:00:00,100,43,57
2016-04-19 11:00:00,90,41,49
2016-04-19 12:00:00,93,52,41
2016-04-19 13:00:00,80,42,38
2016-04-19 14:00:00,126,73,53
2016-04-19 15:00:00,98,55,43
2016-04-19 16:00:00,193,119,74
2016-04-19 17:00:00,262,152,110
2016-04-19 18:00:00,234,139,95
2016-04-19 19:00:00,144,59,85
2016-04-19 20:00:00,59,21,38
2016-04-19 21:00:00,15,5,10
2016-04-19 22:00:00,5,4,1
2016-04-19 23:00:00,1,1,0
2016-04-20 00:00:00,2,2,0
2016-04-20 01:00:00,3,2,1
2016-04-20 02:00:00,1,0,1
2016-04-20 03:00:00,1,1,0
2016-04-20 04:00:00,4,2,2
2016-04-20 05:00:00,21,4,17
2016-04-20 06:00:00,59,13,46
2016-04-20 07:00:00,121,29,92
2016-04-20 08:00:00,117,33,84
2016-04-20 09:00:00,105,37,68
2016-04-20 10:00:00,71,44,27
2016-04-20 11:00:00,84,38,46
2016-04-20 12:00:00,68,35,33
2016-04-20 13:00:00,90,44,46
2016-04-20 14:00:00,108,51,57
2016-04-20 15:00:00,103,62,41
2016-04-20 16:00:00,175,104,71
2016-04-20 17:00:00,269,157,112
2016-04-20 18:00:00,191,108,83
2016-04-20 19:00:00,129,68,61
2016-04-20 20:00:00,60,25,35
2016-04-20 21:00:00,19,10,9
2016-04-20 22:00:00,11,5,6
2016-04-20 23:00:00,2,1,1
2016-04-21 00:00:00,1,1,0
2016-04-21 01:00:00,2,2,0
2016-04-21 02:00:00,0,0,0
2016-04-21 03:00:00,0,0,0
2016-04-21 04:00:00,1,0,1
2016-04-21 05:00:00,11,2,9
2016-04-21 06:00:00,41,12,29
2016-04-21 07:00:00,125,31,94
2016-04-21 08:00:00,136,37,99
2016-04-21 09:00:00,100,45,55
2016-04-21 10:00:00,72,34,38
2016-04-21 11:00:00,60,27,33
2016-04-21 12:00:00,69,34,35
2016-04-21 13:00:00,62,25,37
2016-04-21 14:00:00,70,31,39
2016-04-21 15:00:00,108,73,35
2016-04-21 16:00:00,146,94,52
2016-04-21 17:00:00,259,168,91
2016-04-21 18:00:00,192,113,79
2016-04-21 19:00:00,99,50,49
2016-04-21 20:00:00,36,15,21
2016-04-21 21:00:00,15,8,7
2016-04-21 22:00:00,9,5,4
2016-04-21 23:00:00,3,2,1
2016-04-22 00:00:00,1,1,0
2016-04-22 01:00:00,0,0,0
2016-04-22 02:00:00,0,0,0
2016-04-22 03:00:00,1,0,1
2016-04-22 04:00:00,2,0,2
2016-04-22 05:00:00,13,2,11
2016-04-22 06:00:00,31,9,22
2016-04-22 07:00:00,95,24,71
2016-04-22 08:00:00,76,26,50
2016-04-22 09:00:00,64,25,39
2016-04-22 10:00:00,58,29,29
2016-04-22 11:00:00,55,27,28
2016-04-22 12:00:00,31,19,12
2016-04-22 13:00:00,42,20,22
2016-04-22 14:00:00,31,13,18
2016-04-22 15:00:00,33,23,10
2016-04-22 16:00:00,53,39,14
2016-04-22 17:00:00,78,65,13
2016-04-22 18:00:00,66,42,24
2016-04-22 19:00:00,27,16,11
2016-04-22 20:00:00,7,6,1
2016-04-22 21:00:00,7,4,3
2016-04-22 22:00:00,3,2,1
2016-04-22 23:00:00,5,3,2
2016-04-23 00:00:00,0,0,0
2016-04-23 01:00:00,0,0,0
2016-04-23 02:00:00,0,0,0
2016-04-23 03:00:00,0,0,0
2016-04-23 04:00:00,1,0,1
2016-04-23 05:00:00,1,1,0
2016-04-23 06:00:00,15,9,6
2016-04-23 07:00:00,46,27,19
2016-04-23 08:00:00,101,64,37
2016-04-23 09:00:00,123,70,53
2016-04-23 10:00:00,202,113,89
2016-04-23 11:00:00,200,116,84
2016-04-23 12:00:00,212,102,110
2016-04-23 13:00:00,173,92,81
2016-04-23 14:00:00,202,91,111
2016-04-23 15:00:00,208,116,92
2016-04-23 16:00:00,140,58,82
2016-04-23 17:00:00,86,34,52
2016-04-23 18:00:00,53,22,31
2016-04-23 19:00:00,28,10,18
2016-04-23 20:00:00,14,3,11
2016-04-23 21:00:00,7,3,4
2016-04-23 22:00:00,0,0,0
2016-04-23 23:00:00,1,0,1
2016-04-24 00:00:00,1,1,0
2016-04-24 01:00:00,1,1,0
2016-04-24 02:00:00,1,1,0
2016-04-24 03:00:00,0,0,0
2016-04-24 04:00:00,1,0,1
2016-04-24 05:00:00,0,0,0
2016-04-24 06:00:00,4,3,1
2016-04-24 07:00:00,32,26,6
2016-04-24 08:00:00,49,20,29
2016-04-24 09:00:00,19,9,10
2016-04-24 10:00:00,15,9,6
2016-04-24 11:00:00,27,18,9
2016-04-24 12:00:00,14,9,5
2016-04-24 13:00:00,15,7,8
2016-04-24 14:00:00,32,13,19
2016-04-24 15:00:00,40,21,19
2016-04-24 16:00:00,52,26,26
2016-04-24 17:00:00,33,9,24
2016-04-24 18:00:00,18,5,13
2016-04-24 19:00:00,6,2,4
2016-04-24 20:00:00,4,2,2
2016-04-24 21:00:00,0,0,0
2016-04-24 22:00:00,0,0,0
2016-04-24 23:00:00,0,0,0
2016-04-25 00:00:00,0,0,0
2016-04-25 01:00:00,0,0,0
2016-04-25 02:00:00,0,0,0
2016-04-25 03:00:00,0,0,0
2016-04-25 04:00:00,4,0,4
2016-04-25 05:00:00,12,2,10
2016-04-25 06:00:00,27,8,19
2016-04-25 07:00:00,51,12,39
2016-04-25 08:00:00,64,14,50
2016-04-25 09:00:00,35,14,21
2016-04-25 10:00:00,39,22,17
2016-04-25 11:00:00,30,11,19
2016-04-25 12:00:00,26,11,15
2016-04-25 13:00:00,41,26,15
2016-04-25 14:00:00,48,22,26
2016-04-25 15:00:00,61,37,24
2016-04-25 16:00:00,104,63,41
2016-04-25 17:00:00,174,113,61
2016-04-25 18:00:00,122,83,39
2016-04-25 19:00:00,66,30,36
2016-04-25 20:00:00,19,5,14
2016-04-25 21:00:00,7,4,3
2016-04-25 22:00:00,1,1,0
2016-04-25 23:00:00,1,1,0
2016-04-26 00:00:00,1,1,0
2016-04-26 01:00:00,1,1,0
2016-04-26 02:00:00,1,1,0
2016-04-26 03:00:00,0,0,0
2016-04-26 04:00:00,6,1,5
2016-04-26 05:00:00,20,4,16
2016-04-26 06:00:00,46,10,36
2016-04-26 07:00:00,62,13,49
2016-04-26 08:00:00,113,37,76
2016-04-26 09:00:00,68,29,39
2016-04-26 10:00:00,63,29,34
2016-04-26 11:00:00,57,26,31
2016-04-26 12:00:00,59,34,25
2016-04-26 13:00:00,48,15,33
2016-04-26 14:00:00,64,33,31
2016-04-26 15:00:00,82,55,27
2016-04-26 16:00:00,160,107,53
2016-04-26 17:00:00,208,143,65
2016-04-26 18:00:00,170,110,60
2016-04-26 19:00:00,86,46,40
2016-04-26 20:00:00,41,26,15
2016-04-26 21:00:00,18,5,13
2016-04-26 22:00:00,8,5,3
2016-04-26 23:00:00,3,3,0
2016-04-27 00:00:00,2,2,0
2016-04-27 01:00:00,3,2,1
2016-04-27 02:00:00,1,1,0
2016-04-27 03:00:00,2,0,2
2016-04-27 04:00:00,2,0,2
2016-04-27 05:00:00,15,1,14
2016-04-27 06:00:00,52,10,42
2016-04-27 07:00:00,106,22,84
2016-04-27 08:00:00,114,29,85
2016-04-27 09:00:00,61,20,41
2016-04-27 10:00:00,47,20,27
2016-04-27 11:00:00,41,18,23
2016-04-27 12:00:00,35,24,11
2016-04-27 13:00:00,40,22,18
2016-04-27 14:00:00,49,28,21
2016-04-27 15:00:00,74,42,32
2016-04-27 16:00:00,139,93,46
2016-04-27 17:00:00,176,124,52
2016-04-27 18:00:00,112,73,39
2016-04-27 19:00:00,71,41,30
2016-04-27 20:00:00,29,21,8
2016-04-27 21:00:00,8,4,4
2016-04-27 22:00:00,10,5,5
2016-04-27 23:00:00,6,5,1
2016-04-28 00:00:00,3,3,0
2016-04-28 01:00:00,0,0,0
2016-04-28 02:00:00,0,0,0
2016-04-28 03:00:00,0,0,0
2016-04-28 04:00:00,2,0,2
2016-04-28 05:00:00,11,2,9
2016-04-28 06:00:00,46,8,38
2016-04-28 07:00:00,111,36,75
2016-04-28 08:00:00,107,40,67
2016-04-28 09:00:00,71,30,41
2016-04-28 10:00:00,52,29,23
2016-04-28 11:00:00,52,25,27
2016-04-28 12:00:00,46,23,23
2016-04-28 13:00:00,62,28,34
2016-04-28 14:00:00,76,45,31
2016-04-28 15:00:00,86,51,35
2016-04-28 16:00:00,126,90,36
2016-04-28 17:00:00,225,150,75
2016-04-28 18:00:00,131,93,38
2016-04-28 19:00:00,68,36,32
2016-04-28 20:00:00,27,14,13
2016-04-28 21:00:00,13,6,7
2016-04-28 22:00:00,3,3,0
2016-04-28 23:00:00,2,2,0
2016-04-29 00:00:00,5,4,1
2016-04-29 01:00:00,1,1,0
2016-04-29 02:00:00,0,0,0
2016-04-29 03:00:00,0,0,0
2016-04-29 04:00:00,2,1,1
2016-04-29 05:00:00,10,3,7
2016-04-29 06:00:00,30,8,22
2016-04-29 07:00:00,53,12,41
2016-04-29 08:00:00,51,11,40
2016-04-29 09:00:00,34,13,21
2016-04-29 10:00:00,15,4,11
2016-04-29 11:00:00,12,9,3
2016-04-29 12:00:00,32,18,14
2016-04-29 13:00:00,38,20,18
2016-04-29 14:00:00,33,17,16
2016-04-29 15:00:00,59,35,24
2016-04-29 16:00:00,75,54,21
2016-04-29 17:00:00,104,74,30
2016-04-29 18:00:00,76,48,28
2016-04-29 19:00:00,49,33,16
2016-04-29 20:00:00,14,8,6
2016-04-29 21:00:00,9,6,3
2016-04-29 22:00:00,9,3,6
2016-04-29 23:00:00,3,3,0
2016-04-30 00:00:00,2,2,0
2016-04-30 01:00:00,0,0,0
2016-04-30 02:00:00,0,0,0
2016-04-30 03:00:00,0,0,0
2016-04-30 04:00:00,0,0,0
2016-04-30 05:00:00,2,0,2
2016-04-30 06:00:00,18,9,9
2016-04-30 07:00:00,54,30,24
2016-04-30 08:00:00,131,76,55
2016-04-30 09:00:00,141,92,49
2016-04-30 10:00:00,230,142,88
2016-04-30 11:00:00,252,150,102
2016-04-30 12:00:00,267,163,104
2016-04-30 13:00:00,244,137,107
2016-04-30 14:00:00,230,115,115
2016-04-30 15:00:00,259,121,138
2016-04-30 16:00:00,236,117,119
2016-04-30 17:00:00,210,72,138
2016-04-30 18:00:00,144,57,87
2016-04-30 19:00:00,76,38,38
2016-04-30 20:00:00,37,18,19
2016-04-30 21:00:00,6,1,5
2016-04-30 22:00:00,5,3,2
2016-04-30 23:00:00,2,2,0
2016-05-01 00:00:00,4,4,0
2016-05-01 01:00:00,1,1,0
2016-05-01 02:00:00,2,0,2
2016-05-01 03:00:00,1,1,0
2016-05-01 04:00:00,0,0,0
2016-05-01 05:00:00,2,2,0
2016-05-01 06:00:00,14,9,5
2016-05-01 07:00:00,68,50,18
2016-05-01 08:00:00,79,52,27
2016-05-01 09:00:00,199,111,88
2016-05-01 10:00:00,271,158,113
2016-05-01 11:00:00,346,204,142
2016-05-01 12:00:00,318,161,157
2016-05-01 13:00:00,336,174,162
2016-05-01 14:00:00,311,134,177
2016-05-01 15:00:00,311,135,176
2016-05-01 16:00:00,267,133,134
2016-05-01 17:00:00,213,100,113
2016-05-01 18:00:00,144,64,80
2016-05-01 19:00:00,84,37,47
2016-05-01 20:00:00,29,10,19
2016-05-01 21:00:00,8,4,4
2016-05-01 22:00:00,8,7,1
2016-05-01 23:00:00,1,1,0
2016-05-02 00:00:00,0,0,0
2016-05-02 01:00:00,0,0,0
2016-05-02 02:00:00,0,0,0
2016-05-02 03:00:00,0,0,0
2016-05-02 04:00:00,1,0,1
2016-05-02 05:00:00,26,6,20
2016-05-02 06:00:00,79,12,67
2016-05-02 07:00:00,152,33,119
2016-05-02 08:00:00,160,33,127
2016-05-02 09:00:00,119,52,67
2016-05-02 10:00:00,82,40,42
2016-05-02 11:00:00,98,59,39
2016-05-02 12:00:00,95,38,57
2016-05-02 13:00:00,100,53,47
2016-05-02 14:00:00,97,56,41
2016-05-02 15:00:00,140,94,46
2016-05-02 16:00:00,178,105,73
2016-05-02 17:00:00,307,192,115
2016-05-02 18:00:00,295,148,147
2016-05-02 19:00:00,152,70,82
2016-05-02 20:00:00,57,30,27
2016-05-02 21:00:00,29,10,19
2016-05-02 22:00:00,8,4,4
2016-05-02 23:00:00,5,1,4
2016-05-03 00:00:00,3,2,1
2016-05-03 01:00:00,1,1,0
2016-05-03 02:00:00,0,0,0
2016-05-03 03:00:00,2,1,1
2016-05-03 04:00:00,2,1,1
2016-05-03 05:00:00,21,3,18
2016-05-03 06:00:00,74,21,53
2016-05-03 07:00:00,170,52,118
2016-05-03 08:00:00,136,31,105
2016-05-03 09:00:00,85,32,53
2016-05-03 10:00:00,67,33,34
2016-05-03 11:00:00,50,21,29
2016-05-03 12:00:00,65,37,28
2016-05-03 13:00:00,51,25,26
2016-05-03 14:00:00,76,39,37
2016-05-03 15:00:00,94,53,41
2016-05-03 16:00:00,162,106,56
2016-05-03 17:00:00,280,200,80
2016-05-03 18:00:00,188,114,74
2016-05-03 19:00:00,107,63,44
2016-05-03 20:00:00,40,25,15
2016-05-03 21:00:00,14,3,11
2016-05-03 22:00:00,4,1,3
2016-05-03 23:00:00,2,2,0
2016-05-04 00:00:00,2,2,0
2016-05-04 01:00:00,1,0,1
2016-05-04 02:00:00,2,1,1
2016-05-04 03:00:00,0,0,0
2016-05-04 04:00:00,3,0,3
2016-05-04 05:00:00,17,1,16
2016-05-04 06:00:00,54,9,45
2016-05-04 07:00:00,97,22,75
2016-05-04 08:00:00,102,23,79
2016-05-04 09:00:00,57,24,33
2016-05-04 10:00:00,36,14,22
2016-05-04 11:00:00,32,18,14
2016-05-04 12:00:00,32,17,15
2016-05-04 13:00:00,34,14,20
2016-05-04 14:00:00,42,28,14
2016-05-04 15:00:00,44,26,18
2016-05-04 16:00:00,84,69,15
2016-05-04 17:00:00,165,123,42
2016-05-04 18:00:00,133,94,39
2016-05-04 19:00:00,85,40,45
2016-05-04 20:00:00,24,16,8
2016-05-04 21:00:00,13,6,7
2016-05-04 22:00:00,7,7,0
2016-05-04 23:00:00,4,1,3
2016-05-05 00:00:00,2,2,0
2016-05-05 01:00:00,1,1,0
2016-05-05 02:00:00,0,0,0
2016-05-05 03:00:00,0,0,0
2016-05-05 04:00:00,4,3,1
2016-05-05 05:00:00,19,3,16
2016-05-05 06:00:00,54,9,45
2016-05-05 07:00:00,102,23,79
2016-05-05 08:00:00,140,36,104
2016-05-05 09:00:00,98,39,59
2016-05-05 10:00:00,86,27,59
2016-05-05 11:00:00,61,35,26
2016-05-05 12:00:00,63,22,41
2016-05-05 13:00:00,72,40,32
2016-05-05 14:00:00,71,41,30
2016-05-05 15:00:00,104,73,31
2016-05-05 16:00:00,156,103,53
2016-05-05 17:00:00,219,163,56
2016-05-05 18:00:00,192,131,61
2016-05-05 19:00:00,138,84,54
2016-05-05 20:00:00,58,28,30
2016-05-05 21:00:00,16,6,10
2016-05-05 22:00:00,4,2,2
2016-05-05 23:00:00,4,3,1
2016-05-06 00:00:00,6,2,4
2016-05-06 01:00:00,2,0,2
2016-05-06 02:00:00,0,0,0
2016-05-06 03:00:00,0,0,0
2016-05-06 04:00:00,0,0,0
2016-05-06 05:00:00,22,4,18
2016-05-06 06:00:00,62,10,52
2016-05-06 07:00:00,137,34,103
2016-05-06 08:00:00,129,38,91
2016-05-06 09:00:00,98,41,57
2016-05-06 10:00:00,102,49,53
2016-05-06 11:00:00,84,38,46
2016-05-06 12:00:00,83,43,40
2016-05-06 13:00:00,88,44,44
2016-05-06 14:00:00,91,46,45
2016-05-06 15:00:00,126,81,45
2016-05-06 16:00:00,186,130,56
2016-05-06 17:00:00,229,155,74
2016-05-06 18:00:00,183,119,64
2016-05-06 19:00:00,101,61,40
2016-05-06 20:00:00,65,29,36
2016-05-06 21:00:00,25,13,12
2016-05-06 22:00:00,2,0,2
2016-05-06 23:00:00,4,1,3
2016-05-07 00:00:00,5,2,3
2016-05-07 01:00:00,0,0,0
2016-05-07 02:00:00,1,0,1
2016-05-07 03:00:00,1,0,1
2016-05-07 04:00:00,0,0,0
2016-05-07 05:00:00,4,3,1
2016-05-07 06:00:00,25,15,10
2016-05-07 07:00:00,94,54,40
2016-05-07 08:00:00,183,123,60
2016-05-07 09:00:00,275,120,155
2016-05-07 10:00:00,354,199,155
2016-05-07 11:00:00,372,193,179
2016-05-07 12:00:00,388,213,175
2016-05-07 13:00:00,404,231,173
2016-05-07 14:00:00,360,216,144
2016-05-07 15:00:00,356,167,189
2016-05-07 16:00:00,295,134,161
2016-05-07 17:00:00,192,90,102
2016-05-07 18:00:00,147,65,82
2016-05-07 19:00:00,107,39,68
2016-05-07 20:00:00,60,15,45
2016-05-07 21:00:00,43,18,25
2016-05-07 22:00:00,11,2,9
2016-05-07 23:00:00,2,0,2
2016-05-08 00:00:00,3,3,0
2016-05-08 01:00:00,0,0,0
2016-05-08 02:00:00,0,0,0
2016-05-08 03:00:00,0,0,0
2016-05-08 04:00:00,1,1,0
2016-05-08 05:00:00,2,0,2
2016-05-08 06:00:00,3,1,2
2016-05-08 07:00:00,13,8,5
2016-05-08 08:00:00,32,25,7
2016-05-08 09:00:00,25,10,15
2016-05-08 10:00:00,65,37,28
2016-05-08 11:00:00,104,69,35
2016-05-08 12:00:00,119,76,43
2016-05-08 13:00:00,115,58,57
2016-05-08 14:00:00,147,83,64
2016-05-08 15:00:00,169,78,91
2016-05-08 16:00:00,143,61,82
2016-05-08 17:00:00,84,35,49
2016-05-08 18:00:00,72,35,37
2016-05-08 19:00:00,35,13,22
2016-05-08 20:00:00,14,8,6
2016-05-08 21:00:00,0,0,0
2016-05-08 22:00:00,1,0,1
2016-05-08 23:00:00,2,2,0
2016-05-09 00:00:00,0,0,0
2016-05-09 01:00:00,0,0,0
2016-05-09 02:00:00,0,0,0
2016-05-09 03:00:00,2,0,2
2016-05-09 04:00:00,0,0,0
2016-05-09 05:00:00,21,5,16
2016-05-09 06:00:00,40,10,30
2016-05-09 07:00:00,121,24,97
2016-05-09 08:00:00,119,27,92
2016-05-09 09:00:00,89,40,49
2016-05-09 10:00:00,59,27,32
2016-05-09 11:00:00,79,32,47
2016-05-09 12:00:00,93,58,35
2016-05-09 13:00:00,72,39,33
2016-05-09 14:00:00,76,42,34
2016-05-09 15:00:00,85,59,26
2016-05-09 16:00:00,151,105,46
2016-05-09 17:00:00,260,189,71
2016-05-09 18:00:00,182,113,69
2016-05-09 19:00:00,111,59,52
2016-05-09 20:00:00,56,28,28
2016-05-09 21:00:00,18,5,13
2016-05-09 22:00:00,6,4,2
2016-05-09 23:00:00,2,2,0
2016-05-10 00:00:00,2,2,0
2016-05-10 01:00:00,1,1,0
2016-05-10 02:00:00,4,1,3
2016-05-10 03:00:00,0,0,0
2016-05-10 04:00:00,5,2,3
2016-05-10 05:00:00,26,8,18
2016-05-10 06:00:00,86,25,61
2016-05-10 07:00:00,150,39,111
2016-05-10 08:00:00,139,37,102
2016-05-10 09:00:00,97,33,64
2016-05-10 10:00:00,65,30,35
2016-05-10 11:00:00,67,32,35
2016-05-10 12:00:00,95,46,49
2016-05-10 13:00:00,85,43,42
2016-05-10 14:00:00,87,44,43
2016-05-10 15:00:00,107,55,52
2016-05-10 16:00:00,198,152,46
2016-05-10 17:00:00,264,194,70
2016-05-10 18:00:00,217,145,72
2016-05-10 19:00:00,145,74,71
2016-05-10 20:00:00,71,37,34
2016-05-10 21:00:00,15,7,8
2016-05-10 22:00:00,7,3,4
2016-05-10 23:00:00,5,2,3
2016-05-11 00:00:00,2,0,2
2016-05-11 01:00:00,0,0,0
2016-05-11 02:00:00,2,1,1
2016-05-11 03:00:00,0,0,0
2016-05-11 04:00:00,3,0,3
2016-05-11 05:00:00,21,2,19
2016-05-11 06:00:00,69,16,53
2016-05-11 07:00:00,148,35,113
2016-05-11 08:00:00,143,42,101
2016-05-11 09:00:00,79,26,53
2016-05-11 10:00:00,74,42,32
2016-05-11 11:00:00,64,30,34
2016-05-11 12:00:00,74,32,42
2016-05-11 13:00:00,77,38,39
2016-05-11 14:00:00,80,47,33
2016-05-11 15:00:00,98,66,32
2016-05-11 16:00:00,168,118,50
2016-05-11 17:00:00,247,179,68
2016-05-11 18:00:00,241,162,79
2016-05-11 19:00:00,146,86,60
2016-05-11 20:00:00,72,38,34
2016-05-11 21:00:00,32,10,22
2016-05-11 22:00:00,8,7,1
2016-05-11 23:00:00,2,0,2
2016-05-12 00:00:00,5,4,1
2016-05-12 01:00:00,0,0,0
2016-05-12 02:00:00,0,0,0
2016-05-12 03:00:00,0,0,0
2016-05-12 04:00:00,1,1,0
2016-05-12 05:00:00,24,7,17
2016-05-12 06:00:00,84,15,69
2016-05-12 07:00:00,149,38,111
2016-05-12 08:00:00,130,38,92
2016-05-12 09:00:00,115,45,70
2016-05-12 10:00:00,71,32,39
2016-05-12 11:00:00,87,46,41
2016-05-12 12:00:00,83,41,42
2016-05-12 13:00:00,70,38,32
2016-05-12 14:00:00,90,56,34
2016-05-12 15:00:00,117,83,34
2016-05-12 16:00:00,156,96,60
2016-05-12 17:00:00,241,173,68
2016-05-12 18:00:00,247,156,91
2016-05-12 19:00:00,139,77,62
2016-05-12 20:00:00,61,29,32
2016-05-12 21:00:00,23,11,12
2016-05-12 22:00:00,5,4,1
2016-05-12 23:00:00,1,1,0
2016-05-13 00:00:00,2,1,1
2016-05-13 01:00:00,0,0,0
2016-05-13 02:00:00,1,0,1
2016-05-13 03:00:00,0,0,0
2016-05-13 04:00:00,2,0,2
2016-05-13 05:00:00,16,6,10
2016-05-13 06:00:00,71,17,54
2016-05-13 07:00:00,130,38,92
2016-05-13 08:00:00,141,34,107
2016-05-13 09:00:00,109,46,63
2016-05-13 10:00:00,100,56,44
2016-05-13 11:00:00,102,50,52
2016-05-13 12:00:00,118,62,56
2016-05-13 13:00:00,117,56,61
2016-05-13 14:00:00,126,57,69
2016-05-13 15:00:00,125,81,44
2016-05-13 16:00:00,214,142,72
2016-05-13 17:00:00,253,167,86
2016-05-13 18:00:00,191,111,80
2016-05-13 19:00:00,109,62,47
2016-05-13 20:00:00,54,23,31
2016-05-13 21:00:00,16,10,6
2016-05-13 22:00:00,10,4,6
2016-05-13 23:00:00,5,3,2
2016-05-14 00:00:00,8,3,5
2016-05-14 01:00:00,1,1,0
2016-05-14 02:00:00,1,0,1
2016-05-14 03:00:00,1,1,0
2016-05-14 04:00:00,1,1,0
2016-05-14 05:00:00,4,4,0
2016-05-14 06:00:00,27,12,15
2016-05-14 07:00:00,78,44,34
2016-05-14 08:00:00,133,76,57
2016-05-14 09:00:00,193,120,73
2016-05-14 10:00:00,216,115,101
2016-05-14 11:00:00,235,138,97
2016-05-14 12:00:00,221,124,97
2016-05-14 13:00:00,139,61,78
2016-05-14 14:00:00,62,22,40
2016-05-14 15:00:00,90,42,48
2016-05-14 16:00:00,48,13,35
2016-05-14 17:00:00,53,22,31
2016-05-14 18:00:00,49,18,31
2016-05-14 19:00:00,17,9,8
2016-05-14 20:00:00,20,8,12
2016-05-14 21:00:00,4,0,4
2016-05-14 22:00:00,1,1,0
2016-05-14 23:00:00,4,4,0
2016-05-15 00:00:00,0,0,0
2016-05-15 01:00:00,0,0,0
2016-05-15 02:00:00,1,1,0
2016-05-15 03:00:00,1,0,1
2016-05-15 04:00:00,1,1,0
2016-05-15 05:00:00,3,0,3
2016-05-15 06:00:00,6,3,3
2016-05-15 07:00:00,42,30,12
2016-05-15 08:00:00,44,22,22
2016-05-15 09:00:00,59,31,28
2016-05-15 10:00:00,82,53,29
2016-05-15 11:00:00,78,52,26
2016-05-15 12:00:00,77,30,47
2016-05-15 13:00:00,80,42,38
2016-05-15 14:00:00,50,36,14
2016-05-15 15:00:00,82,41,41
2016-05-15 16:00:00,77,30,47
2016-05-15 17:00:00,60,23,37
2016-05-15 18:00:00,37,15,22
2016-05-15 19:00:00,13,1,12
2016-05-15 20:00:00,6,5,1
2016-05-15 21:00:00,4,1,3
2016-05-15 22:00:00,1,1,0
2016-05-15 23:00:00,0,0,0
2016-05-16 00:00:00,0,0,0
2016-05-16 01:00:00,0,0,0
2016-05-16 02:00:00,0,0,0
2016-05-16 03:00:00,1,0,1
2016-05-16 04:00:00,3,0,3
2016-05-16 05:00:00,17,2,15
2016-05-16 06:00:00,38,12,26
2016-05-16 07:00:00,90,19,71
2016-05-16 08:00:00,85,22,63
2016-05-16 09:00:00,64,27,37
2016-05-16 10:00:00,33,9,24
2016-05-16 11:00:00,42,18,24
2016-05-16 12:00:00,41,26,15
2016-05-16 13:00:00,49,25,24
2016-05-16 14:00:00,39,14,25
2016-05-16 15:00:00,75,42,33
2016-05-16 16:00:00,104,71,33
2016-05-16 17:00:00,157,114,43
2016-05-16 18:00:00,135,97,38
2016-05-16 19:00:00,64,39,25
2016-05-16 20:00:00,44,24,20
2016-05-16 21:00:00,18,8,10
2016-05-16 22:00:00,7,1,6
2016-05-16 23:00:00,2,2,0
2016-05-17 00:00:00,1,1,0
2016-05-17 01:00:00,1,0,1
2016-05-17 02:00:00,1,1,0
2016-05-17 03:00:00,0,0,0
2016-05-17 04:00:00,4,0,4
2016-05-17 05:00:00,18,6,12
2016-05-17 06:00:00,84,22,62
2016-05-17 07:00:00,136,33,103
2016-05-17 08:00:00,148,41,107
2016-05-17 09:00:00,89,37,52
2016-05-17 10:00:00,76,35,41
2016-05-17 11:00:00,108,61,47
2016-05-17 12:00:00,68,33,35
2016-05-17 13:00:00,66,27,39
2016-05-17 14:00:00,87,51,36
2016-05-17 15:00:00,104,63,41
2016-05-17 16:00:00,155,108,47
2016-05-17 17:00:00,301,214,87
2016-05-17 18:00:00,203,134,69
2016-05-17 19:00:00,133,68,65
2016-05-17 20:00:00,67,35,32
2016-05-17 21:00:00,20,9,11
2016-05-17 22:00:00,6,6,0
2016-05-17 23:00:00,4,4,0
2016-05-18 00:00:00,0,0,0
2016-05-18 01:00:00,0,0,0
2016-05-18 02:00:00,2,1,1
2016-05-18 03:00:00,0,0,0
2016-05-18 04:00:00,3,0,3
2016-05-18 05:00:00,25,2,23
2016-05-18 06:00:00,59,11,48
2016-05-18 07:00:00,126,24,102
2016-05-18 08:00:00,107,22,85
2016-05-18 09:00:00,92,33,59
2016-05-18 10:00:00,62,34,28
2016-05-18 11:00:00,60,34,26
2016-05-18 12:00:00,59,25,34
2016-05-18 13:00:00,46,22,24
2016-05-18 14:00:00,70,44,26
2016-05-18 15:00:00,86,50,36
2016-05-18 16:00:00,112,81,31
2016-05-18 17:00:00,210,145,65
2016-05-18 18:00:00,155,107,48
2016-05-18 19:00:00,65,35,30
2016-05-18 20:00:00,30,22,8
2016-05-18 21:00:00,18,3,15
2016-05-18 22:00:00,9,6,3
2016-05-18 23:00:00,4,3,1
2016-05-19 00:00:00,1,1,0
2016-05-19 01:00:00,1,1,0
2016-05-19 02:00:00,1,1,0
2016-05-19 03:00:00,2,0,2
2016-05-19 04:00:00,0,0,0
2016-05-19 05:00:00,10,2,8
2016-05-19 06:00:00,49,10,39
2016-05-19 07:00:00,63,20,43
2016-05-19 08:00:00,73,16,57
2016-05-19 09:00:00,55,19,36
2016-05-19 10:00:00,36,18,18
2016-05-19 11:00:00,33,20,13
2016-05-19 12:00:00,37,19,18
2016-05-19 13:00:00,42,23,19
2016-05-19 14:00:00,46,23,23
2016-05-19 15:00:00,57,41,16
2016-05-19 16:00:00,76,49,27
2016-05-19 17:00:00,116,80,36
2016-05-19 18:00:00,86,52,34
2016-05-19 19:00:00,38,22,16
2016-05-19 20:00:00,11,3,8
2016-05-19 21:00:00,4,2,2
2016-05-19 22:00:00,3,2,1
2016-05-19 23:00:00,7,6,1
2016-05-20 00:00:00,0,0,0
2016-05-20 01:00:00,5,1,4
2016-05-20 02:00:00,0,0,0
2016-05-20 03:00:00,2,0,2
2016-05-20 04:00:00,0,0,0
2016-05-20 05:00:00,12,2,10
2016-05-20 06:00:00,67,12,55
2016-05-20 07:00:00,137,31,106
2016-05-20 08:00:00,149,32,117
2016-05-20 09:00:00,89,34,55
2016-05-20 10:00:00,76,47,29
2016-05-20 11:00:00,65,28,37
2016-05-20 12:00:00,58,34,24
2016-05-20 13:00:00,77,40,37
2016-05-20 14:00:00,91,48,43
2016-05-20 15:00:00,134,85,49
2016-05-20 16:00:00,153,97,56
2016-05-20 17:00:00,243,177,66
2016-05-20 18:00:00,174,103,71
2016-05-20 19:00:00,83,44,39
2016-05-20 20:00:00,38,13,25
2016-05-20 21:00:00,13,3,10
2016-05-20 22:00:00,7,4,3
2016-05-20 23:00:00,6,5,1
2016-05-21 00:00:00,5,5,0
2016-05-21 01:00:00,1,1,0
2016-05-21 02:00:00,0,0,0
2016-05-21 03:00:00,1,0,1
2016-05-21 04:00:00,1,1,0
2016-05-21 05:00:00,1,1,0
2016-05-21 06:00:00,7,5,2
2016-05-21 07:00:00,29,16,13
2016-05-21 08:00:00,55,45,10
2016-05-21 09:00:00,58,28,30
2016-05-21 10:00:00,174,18,156
2016-05-21 11:00:00,242,50,192
2016-05-21 12:00:00,205,118,87
2016-05-21 13:00:00,156,72,84
2016-05-21 14:00:00,82,53,29
2016-05-21 15:00:00,71,42,29
2016-05-21 16:00:00,64,24,40
2016-05-21 17:00:00,48,19,29
2016-05-21 18:00:00,32,12,20
2016-05-21 19:00:00,21,10,11
2016-05-21 20:00:00,13,8,5
2016-05-21 21:00:00,10,4,6
2016-05-21 22:00:00,5,1,4
2016-05-21 23:00:00,2,1,1
2016-05-22 00:00:00,1,0,1
2016-05-22 01:00:00,1,1,0
2016-05-22 02:00:00,1,0,1
2016-05-22 03:00:00,0,0,0
2016-05-22 04:00:00,0,0,0
2016-05-22 05:00:00,2,2,0
2016-05-22 06:00:00,9,8,1
2016-05-22 07:00:00,44,32,12
2016-05-22 08:00:00,71,51,20
2016-05-22 09:00:00,123,83,40
2016-05-22 10:00:00,199,106,93
2016-05-22 11:00:00,222,114,108
2016-05-22 12:00:00,216,119,97
2016-05-22 13:00:00,259,132,127
2016-05-22 14:00:00,222,121,101
2016-05-22 15:00:00,232,102,130
2016-05-22 16:00:00,230,129,101
2016-05-22 17:00:00,203,84,119
2016-05-22 18:00:00,85,35,50
2016-05-22 19:00:00,36,18,18
2016-05-22 20:00:00,29,11,18
2016-05-22 21:00:00,7,1,6
2016-05-22 22:00:00,2,0,2
2016-05-22 23:00:00,1,0,1
2016-05-23 00:00:00,0,0,0
2016-05-23 01:00:00,0,0,0
2016-05-23 02:00:00,2,0,2
2016-05-23 03:00:00,0,0,0
2016-05-23 04:00:00,5,0,5
2016-05-23 05:00:00,19,3,16
2016-05-23 06:00:00,47,16,31
2016-05-23 07:00:00,96,17,79
2016-05-23 08:00:00,90,20,70
2016-05-23 09:00:00,77,33,44
2016-05-23 10:00:00,48,18,30
2016-05-23 11:00:00,48,21,27
2016-05-23 12:00:00,57,29,28
2016-05-23 13:00:00,49,25,24
2016-05-23 14:00:00,59,28,31
2016-05-23 15:00:00,81,49,32
2016-05-23 16:00:00,145,95,50
2016-05-23 17:00:00,184,141,43
2016-05-23 18:00:00,144,92,52
2016-05-23 19:00:00,78,54,24
2016-05-23 20:00:00,33,15,18
2016-05-23 21:00:00,13,6,7
2016-05-23 22:00:00,4,3,1
2016-05-23 23:00:00,1,0,1
2016-05-24 00:00:00,1,1,0
2016-05-24 01:00:00,1,1,0
2016-05-24 02:00:00,0,0,0
2016-05-24 03:00:00,0,0,0
2016-05-24 04:00:00,5,1,4
2016-05-24 05:00:00,21,3,18
2016-05-24 06:00:00,68,21,47
2016-05-24 07:00:00,141,39,102
2016-05-24 08:00:00,147,42,105
2016-05-24 09:00:00,84,36,48
2016-05-24 10:00:00,55,22,33
2016-05-24 11:00:00,65,22,43
2016-05-24 12:00:00,40,25,15
2016-05-24 13:00:00,39,21,18
2016-05-24 14:00:00,77,45,32
2016-05-24 15:00:00,69,43,26
2016-05-24 16:00:00,153,102,51
2016-05-24 17:00:00,238,169,69
2016-05-24 18:00:00,180,130,50
2016-05-24 19:00:00,124,71,53
2016-05-24 20:00:00,53,25,28
2016-05-24 21:00:00,19,4,15
2016-05-24 22:00:00,1,1,0
2016-05-24 23:00:00,5,5,0
2016-05-25 00:00:00,0,0,0
2016-05-25 01:00:00,0,0,0
2016-05-25 02:00:00,1,1,0
2016-05-25 03:00:00,1,0,1
2016-05-25 04:00:00,4,1,3
2016-05-25 05:00:00,20,2,18
2016-05-25 06:00:00,70,10,60
2016-05-25 07:00:00,128,31,97
2016-05-25 08:00:00,111,19,92
2016-05-25 09:00:00,78,20,58
2016-05-25 10:00:00,51,21,30
2016-05-25 11:00:00,53,29,24
2016-05-25 12:00:00,48,29,19
2016-05-25 13:00:00,49,25,24
2016-05-25 14:00:00,70,38,32
2016-05-25 15:00:00,92,59,33
2016-05-25 16:00:00,148,112,36
2016-05-25 17:00:00,206,148,58
2016-05-25 18:00:00,205,141,64
2016-05-25 19:00:00,89,39,50
2016-05-25 20:00:00,36,22,14
2016-05-25 21:00:00,15,10,5
2016-05-25 22:00:00,10,6,4
2016-05-25 23:00:00,5,2,3
2016-05-26 00:00:00,3,3,0
2016-05-26 01:00:00,0,0,0
2016-05-26 02:00:00,0,0,0
2016-05-26 03:00:00,1,0,1
2016-05-26 04:00:00,3,0,3
2016-05-26 05:00:00,23,4,19
2016-05-26 06:00:00,51,11,40
2016-05-26 07:00:00,114,23,91
2016-05-26 08:00:00,92,23,69
2016-05-26 09:00:00,71,32,39
2016-05-26 10:00:00,47,21,26
2016-05-26 11:00:00,34,19,15
2016-05-26 12:00:00,35,12,23
2016-05-26 13:00:00,36,18,18
2016-05-26 14:00:00,45,29,16
2016-05-26 15:00:00,62,38,24
2016-05-26 16:00:00,105,75,30
2016-05-26 17:00:00,174,126,48
2016-05-26 18:00:00,114,79,35
2016-05-26 19:00:00,60,43,17
2016-05-26 20:00:00,38,16,22
2016-05-26 21:00:00,16,8,8
2016-05-26 22:00:00,6,1,5
2016-05-26 23:00:00,2,2,0
2016-05-27 00:00:00,3,3,0
2016-05-27 01:00:00,1,1,0
2016-05-27 02:00:00,0,0,0
2016-05-27 03:00:00,1,0,1
2016-05-27 04:00:00,1,0,1
2016-05-27 05:00:00,7,0,7
2016-05-27 06:00:00,24,5,19
2016-05-27 07:00:00,64,13,51
2016-05-27 08:00:00,62,17,45
2016-05-27 09:00:00,44,22,22
2016-05-27 10:00:00,39,17,22
2016-05-27 11:00:00,45,19,26
2016-05-27 12:00:00,68,41,27
2016-05-27 13:00:00,83,52,31
2016-05-27 14:00:00,73,30,43
2016-05-27 15:00:00,80,45,35
2016-05-27 16:00:00,72,52,20
2016-05-27 17:00:00,107,77,30
2016-05-27 18:00:00,70,47,23
2016-05-27 19:00:00,49,35,14
2016-05-27 20:00:00,14,10,4
2016-05-27 21:00:00,4,4,0
2016-05-27 22:00:00,7,3,4
2016-05-27 23:00:00,2,2,0
2016-05-28 00:00:00,2,1,1
2016-05-28 01:00:00,0,0,0
2016-05-28 02:00:00,0,0,0
2016-05-28 03:00:00,0,0,0
2016-05-28 04:00:00,0,0,0
2016-05-28 05:00:00,0,0,0
2016-05-28 06:00:00,7,2,5
2016-05-28 07:00:00,21,12,9
2016-05-28 08:00:00,33,22,11
2016-05-28 09:00:00,54,39,15
2016-05-28 10:00:00,94,57,37
2016-05-28 11:00:00,93,57,36
2016-05-28 12:00:00,113,63,50
2016-05-28 13:00:00,93,46,47
2016-05-28 14:00:00,121,68,53
2016-05-28 15:00:00,113,57,56
2016-05-28 16:00:00,102,44,58
2016-05-28 17:00:00,76,25,51
2016-05-28 18:00:00,61,22,39
2016-05-28 19:00:00,28,13,15
2016-05-28 20:00:00,7,2,5
2016-05-28 21:00:00,6,2,4
2016-05-28 22:00:00,1,0,1
2016-05-28 23:00:00,0,0,0
2016-05-29 00:00:00,4,2,2
2016-05-29 01:00:00,1,0,1
2016-05-29 02:00:00,0,0,0
2016-05-29 03:00:00,0,0,0
2016-05-29 04:00:00,2,0,2
2016-05-29 05:00:00,5,1,4
2016-05-29 06:00:00,11,10,1
2016-05-29 07:00:00,21,13,8
2016-05-29 08:00:00,32,12,20
2016-05-29 09:00:00,44,19,25
2016-05-29 10:00:00,38,29,9
2016-05-29 11:00:00,40,21,19
2016-05-29 12:00:00,49,28,21
2016-05-29 13:00:00,58,26,32
2016-05-29 14:00:00,71,38,33
2016-05-29 15:00:00,72,53,19
2016-05-29 16:00:00,76,36,40
2016-05-29 17:00:00,67,24,43
2016-05-29 18:00:00,49,19,30
2016-05-29 19:00:00,43,7,36
2016-05-29 20:00:00,30,16,14
2016-05-29 21:00:00,8,7,1
2016-05-29 22:00:00,4,2,2
2016-05-29 23:00:00,2,1,1
2016-05-30 00:00:00,1,1,0
2016-05-30 01:00:00,0,0,0
2016-05-30 02:00:00,0,0,0
2016-05-30 03:00:00,0,0,0
2016-05-30 04:00:00,0,0,0
2016-05-30 05:00:00,7,5,2
2016-05-30 06:00:00,15,10,5
2016-05-30 07:00:00,49,31,18
2016-05-30 08:00:00,128,84,44
2016-05-30 09:00:00,189,116,73
2016-05-30 10:00:00,297,162,135
2016-05-30 11:00:00,434,218,216
2016-05-30 12:00:00,439,238,201
2016-05-30 13:00:00,472,253,219
2016-05-30 14:00:00,399,189,210
2016-05-30 15:00:00,436,215,221
2016-05-30 16:00:00,315,126,189
2016-05-30 17:00:00,247,102,145
2016-05-30 18:00:00,187,84,103
2016-05-30 19:00:00,82,40,42
2016-05-30 20:00:00,47,14,33
2016-05-30 21:00:00,18,7,11
2016-05-30 22:00:00,5,1,4
2016-05-30 23:00:00,1,1,0
2016-05-31 00:00:00,1,1,0
2016-05-31 01:00:00,1,1,0
2016-05-31 02:00:00,0,0,0
2016-05-31 03:00:00,0,0,0
2016-05-31 04:00:00,10,2,8
2016-05-31 05:00:00,26,6,20
2016-05-31 06:00:00,60,12,48
2016-05-31 07:00:00,113,23,90
2016-05-31 08:00:00,142,33,109
2016-05-31 09:00:00,84,32,52
2016-05-31 10:00:00,66,33,33
2016-05-31 11:00:00,101,49,52
2016-05-31 12:00:00,98,52,46
2016-05-31 13:00:00,100,52,48
2016-05-31 14:00:00,87,52,35
2016-05-31 15:00:00,117,63,54
2016-05-31 16:00:00,192,142,50
2016-05-31 17:00:00,259,177,82
2016-05-31 18:00:00,229,166,63
2016-05-31 19:00:00,204,111,93
2016-05-31 20:00:00,86,43,43
2016-05-31 21:00:00,16,6,10
2016-05-31 22:00:00,8,3,5
2016-05-31 23:00:00,5,1,4
2016-06-01 00:00:00,2,1,1
2016-06-01 01:00:00,3,3,0
2016-06-01 02:00:00,2,2,0
2016-06-01 03:00:00,1,0,1
2016-06-01 04:00:00,9,1,8
2016-06-01 05:00:00,20,3,17
2016-06-01 06:00:00,71,22,49
2016-06-01 07:00:00,132,25,107
2016-06-01 08:00:00,142,34,108
2016-06-01 09:00:00,101,46,55
2016-06-01 10:00:00,80,40,40
2016-06-01 11:00:00,62,29,33
2016-06-01 12:00:00,90,49,41
2016-06-01 13:00:00,65,38,27
2016-06-01 14:00:00,101,51,50
2016-06-01 15:00:00,101,58,43
2016-06-01 16:00:00,163,107,56
2016-06-01 17:00:00,217,141,76
2016-06-01 18:00:00,186,133,53
2016-06-01 19:00:00,104,66,38
2016-06-01 20:00:00,46,24,22
2016-06-01 21:00:00,29,15,14
2016-06-01 22:00:00,8,6,2
2016-06-01 23:00:00,3,1,2
2016-06-02 00:00:00,1,1,0
2016-06-02 01:00:00,0,0,0
2016-06-02 02:00:00,2,2,0
2016-06-02 03:00:00,0,0,0
2016-06-02 04:00:00,5,2,3
2016-06-02 05:00:00,9,2,7
2016-06-02 06:00:00,53,19,34
2016-06-02 07:00:00,89,17,72
2016-06-02 08:00:00,91,21,70
2016-06-02 09:00:00,58,28,30
2016-06-02 10:00:00,45,12,33
2016-06-02 11:00:00,36,16,20
2016-06-02 12:00:00,50,37,13
2016-06-02 13:00:00,38,23,15
2016-06-02 14:00:00,49,24,25
2016-06-02 15:00:00,50,27,23
2016-06-02 16:00:00,101,70,31
2016-06-02 17:00:00,163,129,34
2016-06-02 18:00:00,154,99,55
2016-06-02 19:00:00,103,56,47
2016-06-02 20:00:00,52,20,32
2016-06-02 21:00:00,26,9,17
2016-06-02 22:00:00,9,4,5
2016-06-02 23:00:00,4,1,3
2016-06-03 00:00:00,4,3,1
2016-06-03 01:00:00,0,0,0
2016-06-03 02:00:00,0,0,0
2016-06-03 03:00:00,1,1,0
2016-06-03 04:00:00,3,1,2
2016-06-03 05:00:00,20,6,14
2016-06-03 06:00:00,64,11,53
2016-06-03 07:00:00,113,28,85
2016-06-03 08:00:00,139,43,96
2016-06-03 09:00:00,86,38,48
2016-06-03 10:00:00,91,40,51
2016-06-03 11:00:00,86,50,36
2016-06-03 12:00:00,84,41,43
2016-06-03 13:00:00,97,53,44
2016-06-03 14:00:00,123,68,55
2016-06-03 15:00:00,132,78,54
2016-06-03 16:00:00,161,105,56
2016-06-03 17:00:00,192,132,60
2016-06-03 18:00:00,182,121,61
2016-06-03 19:00:00,96,50,46
2016-06-03 20:00:00,56,34,22
2016-06-03 21:00:00,35,12,23
2016-06-03 22:00:00,9,5,4
2016-06-03 23:00:00,5,5,0
2016-06-04 00:00:00,7,3,4
2016-06-04 01:00:00,0,0,0
2016-06-04 02:00:00,2,2,0
2016-06-04 03:00:00,0,0,0
2016-06-04 04:00:00,2,2,0
2016-06-04 05:00:00,10,7,3
2016-06-04 06:00:00,27,18,9
2016-06-04 07:00:00,50,30,20
2016-06-04 08:00:00,134,75,59
2016-06-04 09:00:00,225,129,96
2016-06-04 10:00:00,266,141,125
2016-06-04 11:00:00,356,191,165
2016-06-04 12:00:00,270,143,127
2016-06-04 13:00:00,246,128,118
2016-06-04 14:00:00,274,142,132
2016-06-04 15:00:00,273,137,136
2016-06-04 16:00:00,220,85,135
2016-06-04 17:00:00,156,77,79
2016-06-04 18:00:00,132,54,78
2016-06-04 19:00:00,123,50,73
2016-06-04 20:00:00,76,41,35
2016-06-04 21:00:00,21,8,13
2016-06-04 22:00:00,3,3,0
2016-06-04 23:00:00,0,0,0
2016-06-05 00:00:00,3,2,1
2016-06-05 01:00:00,2,0,2
2016-06-05 02:00:00,0,0,0
2016-06-05 03:00:00,0,0,0
2016-06-05 04:00:00,0,0,0
2016-06-05 05:00:00,9,3,6
2016-06-05 06:00:00,30,25,5
2016-06-05 07:00:00,67,43,24
2016-06-05 08:00:00,171,109,62
2016-06-05 09:00:00,212,122,90
2016-06-05 10:00:00,317,176,141
2016-06-05 11:00:00,273,149,124
2016-06-05 12:00:00,270,114,156
2016-06-05 13:00:00,236,142,94
2016-06-05 14:00:00,216,106,110
2016-06-05 15:00:00,253,132,121
2016-06-05 16:00:00,189,90,99
2016-06-05 17:00:00,136,62,74
2016-06-05 18:00:00,96,39,57
2016-06-05 19:00:00,73,37,36
2016-06-05 20:00:00,55,16,39
2016-06-05 21:00:00,19,9,10
2016-06-05 22:00:00,10,5,5
2016-06-05 23:00:00,4,1,3
2016-06-06 00:00:00,3,1,2
2016-06-06 01:00:00,1,1,0
2016-06-06 02:00:00,1,0,1
2016-06-06 03:00:00,2,2,0
2016-06-06 04:00:00,7,1,6
2016-06-06 05:00:00,21,3,18
2016-06-06 06:00:00,63,12,51
2016-06-06 07:00:00,135,31,104
2016-06-06 08:00:00,116,25,91
2016-06-06 09:00:00,114,49,65
2016-06-06 10:00:00,107,48,59
2016-06-06 11:00:00,71,38,33
2016-06-06 12:00:00,78,29,49
2016-06-06 13:00:00,79,39,40
2016-06-06 14:00:00,89,54,35
2016-06-06 15:00:00,113,68,45
2016-06-06 16:00:00,126,89,37
2016-06-06 17:00:00,237,168,69
2016-06-06 18:00:00,210,146,64
2016-06-06 19:00:00,143,74,69
2016-06-06 20:00:00,85,48,37
2016-06-06 21:00:00,28,15,13
2016-06-06 22:00:00,13,6,7
2016-06-06 23:00:00,5,4,1
2016-06-07 00:00:00,3,2,1
2016-06-07 01:00:00,0,0,0
2016-06-07 02:00:00,0,0,0
2016-06-07 03:00:00,0,0,0
2016-06-07 04:00:00,8,2,6
2016-06-07 05:00:00,21,4,17
2016-06-07 06:00:00,67,15,52
2016-06-07 07:00:00,143,31,112
2016-06-07 08:00:00,118,38,80
2016-06-07 09:00:00,98,34,64
2016-06-07 10:00:00,88,34,54
2016-06-07 11:00:00,105,50,55
2016-06-07 12:00:00,86,49,37
2016-06-07 13:00:00,75,37,38
2016-06-07 14:00:00,95,50,45
2016-06-07 15:00:00,99,66,33
2016-06-07 16:00:00,157,110,47
2016-06-07 17:00:00,275,194,81
2016-06-07 18:00:00,223,145,78
2016-06-07 19:00:00,134,86,48
2016-06-07 20:00:00,77,29,48
2016-06-07 21:00:00,18,10,8
2016-06-07 22:00:00,4,1,3
2016-06-07 23:00:00,7,5,2
2016-06-08 00:00:00,2,1,1
2016-06-08 01:00:00,0,0,0
2016-06-08 02:00:00,1,1,0
2016-06-08 03:00:00,3,1,2
2016-06-08 04:00:00,2,1,1
2016-06-08 05:00:00,18,6,12
2016-06-08 06:00:00,57,13,44
2016-06-08 07:00:00,138,39,99
2016-06-08 08:00:00,141,36,105
2016-06-08 09:00:00,89,32,57
2016-06-08 10:00:00,89,46,43
2016-06-08 11:00:00,87,57,30
2016-06-08 12:00:00,88,36,52
2016-06-08 13:00:00,79,48,31
2016-06-08 14:00:00,61,35,26
2016-06-08 15:00:00,49,28,21
2016-06-08 16:00:00,111,70,41
2016-06-08 17:00:00,202,152,50
2016-06-08 18:00:00,159,111,48
2016-06-08 19:00:00,97,54,43
2016-06-08 20:00:00,42,24,18
2016-06-08 21:00:00,15,6,9
2016-06-08 22:00:00,0,0,0
2016-06-08 23:00:00,6,5,1
2016-06-09 00:00:00,3,3,0
2016-06-09 01:00:00,1,0,1
2016-06-09 02:00:00,0,0,0
2016-06-09 03:00:00,0,0,0
2016-06-09 04:00:00,4,2,2
2016-06-09 05:00:00,12,2,10
2016-06-09 06:00:00,38,9,29
2016-06-09 07:00:00,106,29,77
2016-06-09 08:00:00,108,30,78
2016-06-09 09:00:00,81,37,44
2016-06-09 10:00:00,60,25,35
2016-06-09 11:00:00,60,24,36
2016-06-09 12:00:00,63,46,17
2016-06-09 13:00:00,42,18,24
2016-06-09 14:00:00,63,37,26
2016-06-09 15:00:00,60,36,24
2016-06-09 16:00:00,89,64,25
2016-06-09 17:00:00,165,125,40
2016-06-09 18:00:00,115,75,40
2016-06-09 19:00:00,83,59,24
2016-06-09 20:00:00,45,19,26
2016-06-09 21:00:00,16,8,8
2016-06-09 22:00:00,3,3,0
2016-06-09 23:00:00,4,3,1
2016-06-10 00:00:00,3,3,0
2016-06-10 01:00:00,1,1,0
2016-06-10 02:00:00,0,0,0
2016-06-10 03:00:00,2,0,2
2016-06-10 04:00:00,2,0,2
2016-06-10 05:00:00,11,2,9
2016-06-10 06:00:00,32,9,23
2016-06-10 07:00:00,85,28,57
2016-06-10 08:00:00,95,30,65
2016-06-10 09:00:00,87,45,42
2016-06-10 10:00:00,89,62,27
2016-06-10 11:00:00,99,41,58
2016-06-10 12:00:00,68,33,35
2016-06-10 13:00:00,106,53,53
2016-06-10 14:00:00,85,46,39
2016-06-10 15:00:00,68,36,32
2016-06-10 16:00:00,105,66,39
2016-06-10 17:00:00,127,78,49
2016-06-10 18:00:00,81,51,30
2016-06-10 19:00:00,37,21,16
2016-06-10 20:00:00,17,9,8
2016-06-10 21:00:00,3,1,2
2016-06-10 22:00:00,6,4,2
2016-06-10 23:00:00,4,3,1
2016-06-11 00:00:00,4,3,1
2016-06-11 01:00:00,0,0,0
2016-06-11 02:00:00,0,0,0
2016-06-11 03:00:00,2,1,1
2016-06-11 04:00:00,0,0,0
2016-06-11 05:00:00,9,6,3
2016-06-11 06:00:00,12,8,4
2016-06-11 07:00:00,43,27,16
2016-06-11 08:00:00,78,42,36
2016-06-11 09:00:00,114,75,39
2016-06-11 10:00:00,177,115,62
2016-06-11 11:00:00,189,113,76
2016-06-11 12:00:00,139,75,64
2016-06-11 13:00:00,171,87,84
2016-06-11 14:00:00,193,95,98
2016-06-11 15:00:00,138,59,79
2016-06-11 16:00:00,103,40,63
2016-06-11 17:00:00,77,33,44
2016-06-11 18:00:00,36,21,15
2016-06-11 19:00:00,32,13,19
2016-06-11 20:00:00,20,11,9
2016-06-11 21:00:00,4,2,2
2016-06-11 22:00:00,6,1,5
2016-06-11 23:00:00,2,2,0
2016-06-12 00:00:00,1,0,1
2016-06-12 01:00:00,0,0,0
2016-06-12 02:00:00,1,1,0
2016-06-12 03:00:00,0,0,0
2016-06-12 04:00:00,0,0,0
2016-06-12 05:00:00,3,2,1
2016-06-12 06:00:00,9,6,3
2016-06-12 07:00:00,57,40,17
2016-06-12 08:00:00,132,95,37
2016-06-12 09:00:00,174,97,77
2016-06-12 10:00:00,626,236,390
2016-06-12 11:00:00,477,334,143
2016-06-12 12:00:00,329,213,116
2016-06-12 13:00:00,276,131,145
2016-06-12 14:00:00,281,153,128
2016-06-12 15:00:00,311,136,175
2016-06-12 16:00:00,255,127,128
2016-06-12 17:00:00,178,70,108
2016-06-12 18:00:00,117,48,69
2016-06-12 19:00:00,84,28,56
2016-06-12 20:00:00,32,12,20
2016-06-12 21:00:00,20,14,6
2016-06-12 22:00:00,9,2,7
2016-06-12 23:00:00,2,0,2
2016-06-13 00:00:00,5,4,1
2016-06-13 01:00:00,1,0,1
2016-06-13 02:00:00,3,3,0
2016-06-13 03:00:00,2,0,2
2016-06-13 04:00:00,3,1,2
2016-06-13 05:00:00,12,1,11
2016-06-13 06:00:00,47,15,32
2016-06-13 07:00:00,91,26,65
2016-06-13 08:00:00,82,20,62
2016-06-13 09:00:00,78,26,52
2016-06-13 10:00:00,54,25,29
2016-06-13 11:00:00,48,24,24
2016-06-13 12:00:00,53,26,27
2016-06-13 13:00:00,48,32,16
2016-06-13 14:00:00,48,28,20
2016-06-13 15:00:00,65,37,28
2016-06-13 16:00:00,106,63,43
2016-06-13 17:00:00,172,113,59
2016-06-13 18:00:00,142,98,44
2016-06-13 19:00:00,69,42,27
2016-06-13 20:00:00,31,19,12
2016-06-13 21:00:00,12,9,3
2016-06-13 22:00:00,5,2,3
2016-06-13 23:00:00,3,3,0
2016-06-14 00:00:00,1,1,0
2016-06-14 01:00:00,0,0,0
2016-06-14 02:00:00,0,0,0
2016-06-14 03:00:00,0,0,0
2016-06-14 04:00:00,3,2,1
2016-06-14 05:00:00,22,7,15
2016-06-14 06:00:00,28,5,23
2016-06-14 07:00:00,65,14,51
2016-06-14 08:00:00,81,34,47
2016-06-14 09:00:00,61,28,33
2016-06-14 10:00:00,27,16,11
2016-06-14 11:00:00,39,22,17
2016-06-14 12:00:00,39,22,17
2016-06-14 13:00:00,42,25,17
2016-06-14 14:00:00,36,21,15
2016-06-14 15:00:00,47,32,15
2016-06-14 16:00:00,69,46,23
2016-06-14 17:00:00,109,75,34
2016-06-14 18:00:00,74,46,28
2016-06-14 19:00:00,36,26,10
2016-06-14 20:00:00,18,14,4
2016-06-14 21:00:00,5,1,4
2016-06-14 22:00:00,2,1,1
2016-06-14 23:00:00,0,0,0
2016-06-15 00:00:00,1,1,0
2016-06-15 01:00:00,0,0,0
2016-06-15 02:00:00,3,2,1
2016-06-15 03:00:00,1,1,0
2016-06-15 04:00:00,6,2,4
2016-06-15 05:00:00,18,6,12
2016-06-15 06:00:00,42,12,30
2016-06-15 07:00:00,108,25,83
2016-06-15 08:00:00,105,27,78
2016-06-15 09:00:00,70,26,44
2016-06-15 10:00:00,61,18,43
2016-06-15 11:00:00,64,33,31
2016-06-15 12:00:00,70,43,27
2016-06-15 13:00:00,69,29,40
2016-06-15 14:00:00,75,34,41
2016-06-15 15:00:00,101,70,31
2016-06-15 16:00:00,142,99,43
2016-06-15 17:00:00,210,137,73
2016-06-15 18:00:00,164,98,66
2016-06-15 19:00:00,127,72,55
2016-06-15 20:00:00,56,25,31
2016-06-15 21:00:00,21,7,14
2016-06-15 22:00:00,12,7,5
2016-06-15 23:00:00,3,3,0
2016-06-16 00:00:00,5,3,2
2016-06-16 01:00:00,0,0,0
2016-06-16 02:00:00,2,2,0
2016-06-16 03:00:00,0,0,0
2016-06-16 04:00:00,1,1,0
2016-06-16 05:00:00,14,3,11
2016-06-16 06:00:00,39,7,32
2016-06-16 07:00:00,91,21,70
2016-06-16 08:00:00,119,31,88
2016-06-16 09:00:00,70,28,42
2016-06-16 10:00:00,56,24,32
2016-06-16 11:00:00,51,27,24
2016-06-16 12:00:00,53,34,19
2016-06-16 13:00:00,52,27,25
2016-06-16 14:00:00,80,41,39
2016-06-16 15:00:00,80,43,37
2016-06-16 16:00:00,117,79,38
2016-06-16 17:00:00,201,147,54
2016-06-16 18:00:00,163,98,65
2016-06-16 19:00:00,83,42,41
2016-06-16 20:00:00,42,22,20
2016-06-16 21:00:00,15,8,7
2016-06-16 22:00:00,7,7,0
2016-06-16 23:00:00,3,1,2
2016-06-17 00:00:00,1,1,0
2016-06-17 01:00:00,0,0,0
2016-06-17 02:00:00,1,1,0
2016-06-17 03:00:00,1,1,0
2016-06-17 04:00:00,3,0,3
2016-06-17 05:00:00,13,4,9
2016-06-17 06:00:00,55,15,40
2016-06-17 07:00:00,98,25,73
2016-06-17 08:00:00,122,38,84
2016-06-17 09:00:00,82,38,44
2016-06-17 10:00:00,96,50,46
2016-06-17 11:00:00,115,62,53
2016-06-17 12:00:00,87,47,40
2016-06-17 13:00:00,80,37,43
2016-06-17 14:00:00,110,50,60
2016-06-17 15:00:00,71,40,31
2016-06-17 16:00:00,119,71,48
2016-06-17 17:00:00,127,88,39
2016-06-17 18:00:00,100,78,22
2016-06-17 19:00:00,38,19,19
2016-06-17 20:00:00,23,12,11
2016-06-17 21:00:00,13,5,8
2016-06-17 22:00:00,4,2,2
2016-06-17 23:00:00,0,0,0
2016-06-18 00:00:00,1,1,0
2016-06-18 01:00:00,0,0,0
2016-06-18 02:00:00,0,0,0
2016-06-18 03:00:00,0,0,0
2016-06-18 04:00:00,0,0,0
2016-06-18 05:00:00,2,1,1
2016-06-18 06:00:00,7,4,3
2016-06-18 07:00:00,22,9,13
2016-06-18 08:00:00,87,73,14
2016-06-18 09:00:00,60,39,21
2016-06-18 10:00:00,64,38,26
2016-06-18 11:00:00,76,28,48
2016-06-18 12:00:00,83,52,31
2016-06-18 13:00:00,79,32,47
2016-06-18 14:00:00,98,37,61
2016-06-18 15:00:00,68,29,39
2016-06-18 16:00:00,44,23,21
2016-06-18 17:00:00,45,18,27
2016-06-18 18:00:00,41,29,12
2016-06-18 19:00:00,13,5,8
2016-06-18 20:00:00,13,6,7
2016-06-18 21:00:00,14,4,10
2016-06-18 22:00:00,2,2,0
2016-06-18 23:00:00,1,1,0
2016-06-19 00:00:00,2,1,1
2016-06-19 01:00:00,1,1,0
2016-06-19 02:00:00,1,1,0
2016-06-19 03:00:00,0,0,0
2016-06-19 04:00:00,1,1,0
2016-06-19 05:00:00,3,2,1
2016-06-19 06:00:00,23,19,4
2016-06-19 07:00:00,53,42,11
2016-06-19 08:00:00,118,77,41
2016-06-19 09:00:00,174,108,66
2016-06-19 10:00:00,275,176,99
2016-06-19 11:00:00,332,172,160
2016-06-19 12:00:00,379,190,189
2016-06-19 13:00:00,366,205,161
2016-06-19 14:00:00,359,193,166
2016-06-19 15:00:00,377,155,222
2016-06-19 16:00:00,275,113,162
2016-06-19 17:00:00,203,85,118
2016-06-19 18:00:00,177,87,90
2016-06-19 19:00:00,75,27,48
2016-06-19 20:00:00,45,16,29
2016-06-19 21:00:00,29,10,19
2016-06-19 22:00:00,2,2,0
2016-06-19 23:00:00,3,2,1
2016-06-20 00:00:00,0,0,0
2016-06-20 01:00:00,0,0,0
2016-06-20 02:00:00,0,0,0
2016-06-20 03:00:00,0,0,0
2016-06-20 04:00:00,3,0,3
2016-06-20 05:00:00,16,4,12
2016-06-20 06:00:00,40,10,30
2016-06-20 07:00:00,111,23,88
2016-06-20 08:00:00,129,33,96
2016-06-20 09:00:00,109,45,64
2016-06-20 10:00:00,83,43,40
2016-06-20 11:00:00,61,25,36
2016-06-20 12:00:00,67,26,41
2016-06-20 13:00:00,72,44,28
2016-06-20 14:00:00,52,25,27
2016-06-20 15:00:00,74,45,29
2016-06-20 16:00:00,137,89,48
2016-06-20 17:00:00,227,151,76
2016-06-20 18:00:00,234,163,71
2016-06-20 19:00:00,139,83,56
2016-06-20 20:00:00,76,42,34
2016-06-20 21:00:00,36,13,23
2016-06-20 22:00:00,8,7,1
2016-06-20 23:00:00,1,0,1
2016-06-21 00:00:00,1,1,0
2016-06-21 01:00:00,0,0,0
2016-06-21 02:00:00,0,0,0
2016-06-21 03:00:00,0,0,0
2016-06-21 04:00:00,5,0,5
2016-06-21 05:00:00,19,7,12
2016-06-21 06:00:00,54,11,43
2016-06-21 07:00:00,112,26,86
2016-06-21 08:00:00,114,36,78
2016-06-21 09:00:00,62,19,43
2016-06-21 10:00:00,44,19,25
2016-06-21 11:00:00,64,29,35
2016-06-21 12:00:00,60,31,29
2016-06-21 13:00:00,89,52,37
2016-06-21 14:00:00,77,36,41
2016-06-21 15:00:00,105,58,47
2016-06-21 16:00:00,164,115,49
2016-06-21 17:00:00,232,161,71
2016-06-21 18:00:00,187,122,65
2016-06-21 19:00:00,122,61,61
2016-06-21 20:00:00,74,35,39
2016-06-21 21:00:00,22,13,9
2016-06-21 22:00:00,7,5,2
2016-06-21 23:00:00,4,2,2
2016-06-22 00:00:00,2,1,1
2016-06-22 01:00:00,3,2,1
2016-06-22 02:00:00,1,1,0
2016-06-22 03:00:00,1,0,1
2016-06-22 04:00:00,9,1,8
2016-06-22 05:00:00,16,7,9
2016-06-22 06:00:00,64,19,45
2016-06-22 07:00:00,111,24,87
2016-06-22 08:00:00,133,48,85
2016-06-22 09:00:00,78,22,56
2016-06-22 10:00:00,86,51,35
2016-06-22 11:00:00,115,61,54
2016-06-22 12:00:00,66,35,31
2016-06-22 13:00:00,96,44,52
2016-06-22 14:00:00,86,51,35
2016-06-22 15:00:00,106,61,45
2016-06-22 16:00:00,140,89,51
2016-06-22 17:00:00,273,190,83
2016-06-22 18:00:00,229,133,96
2016-06-22 19:00:00,161,84,77
2016-06-22 20:00:00,92,44,48
2016-06-22 21:00:00,32,5,27
2016-06-22 22:00:00,14,6,8
2016-06-22 23:00:00,7,4,3
2016-06-23 00:00:00,3,2,1
2016-06-23 01:00:00,1,1,0
2016-06-23 02:00:00,0,0,0
2016-06-23 03:00:00,1,1,0
2016-06-23 04:00:00,2,0,2
2016-06-23 05:00:00,11,2,9
2016-06-23 06:00:00,22,4,18
2016-06-23 07:00:00,41,9,32
2016-06-23 08:00:00,61,18,43
2016-06-23 09:00:00,59,30,29
2016-06-23 10:00:00,34,20,14
2016-06-23 11:00:00,42,19,23
2016-06-23 12:00:00,35,23,12
2016-06-23 13:00:00,44,19,25
2016-06-23 14:00:00,39,26,13
2016-06-23 15:00:00,45,22,23
2016-06-23 16:00:00,48,27,21
2016-06-23 17:00:00,67,50,17
2016-06-23 18:00:00,59,43,16
2016-06-23 19:00:00,25,21,4
2016-06-23 20:00:00,9,7,2
2016-06-23 21:00:00,5,4,1
2016-06-23 22:00:00,2,1,1
2016-06-23 23:00:00,0,0,0
2016-06-24 00:00:00,2,2,0
2016-06-24 01:00:00,0,0,0
2016-06-24 02:00:00,1,1,0
2016-06-24 03:00:00,0,0,0
2016-06-24 04:00:00,4,1,3
2016-06-24 05:00:00,10,4,6
2016-06-24 06:00:00,21,6,15
2016-06-24 07:00:00,60,11,49
2016-06-24 08:00:00,73,26,47
2016-06-24 09:00:00,64,25,39
2016-06-24 10:00:00,34,17,17
2016-06-24 11:00:00,54,25,29
2016-06-24 12:00:00,37,26,11
2016-06-24 13:00:00,39,24,15
2016-06-24 14:00:00,74,42,32
2016-06-24 15:00:00,81,47,34
2016-06-24 16:00:00,84,48,36
2016-06-24 17:00:00,117,84,33
2016-06-24 18:00:00,93,56,37
2016-06-24 19:00:00,64,42,22
2016-06-24 20:00:00,24,10,14
2016-06-24 21:00:00,8,4,4
2016-06-24 22:00:00,6,3,3
2016-06-24 23:00:00,1,1,0
2016-06-25 00:00:00,3,2,1
2016-06-25 01:00:00,1,1,0
2016-06-25 02:00:00,1,1,0
2016-06-25 03:00:00,0,0,0
2016-06-25 04:00:00,3,1,2
2016-06-25 05:00:00,5,5,0
2016-06-25 06:00:00,24,15,9
2016-06-25 07:00:00,84,45,39
2016-06-25 08:00:00,137,93,44
2016-06-25 09:00:00,145,99,46
2016-06-25 10:00:00,201,122,79
2016-06-25 11:00:00,298,181,117
2016-06-25 12:00:00,228,121,107
2016-06-25 13:00:00,246,121,125
2016-06-25 14:00:00,245,133,112
2016-06-25 15:00:00,277,141,136
2016-06-25 16:00:00,225,82,143
2016-06-25 17:00:00,184,78,106
2016-06-25 18:00:00,129,53,76
2016-06-25 19:00:00,118,55,63
2016-06-25 20:00:00,62,25,37
2016-06-25 21:00:00,25,4,21
2016-06-25 22:00:00,13,4,9
2016-06-25 23:00:00,5,4,1
2016-06-26 00:00:00,2,2,0
2016-06-26 01:00:00,1,1,0
2016-06-26 02:00:00,1,1,0
2016-06-26 03:00:00,0,0,0
2016-06-26 04:00:00,1,0,1
2016-06-26 05:00:00,5,5,0
2016-06-26 06:00:00,24,20,4
2016-06-26 07:00:00,59,34,25
2016-06-26 08:00:00,120,88,32
2016-06-26 09:00:00,175,109,66
2016-06-26 10:00:00,252,153,99
2016-06-26 11:00:00,282,154,128
2016-06-26 12:00:00,291,139,152
2016-06-26 13:00:00,289,147,142
2016-06-26 14:00:00,275,139,136
2016-06-26 15:00:00,277,139,138
2016-06-26 16:00:00,273,135,138
2016-06-26 17:00:00,201,66,135
2016-06-26 18:00:00,133,58,75
2016-06-26 19:00:00,67,35,32
2016-06-26 20:00:00,68,28,40
2016-06-26 21:00:00,23,8,15
2016-06-26 22:00:00,4,2,2
2016-06-26 23:00:00,10,3,7
2016-06-27 00:00:00,2,2,0
2016-06-27 01:00:00,0,0,0
2016-06-27 02:00:00,1,0,1
2016-06-27 03:00:00,1,1,0
2016-06-27 04:00:00,7,1,6
2016-06-27 05:00:00,20,6,14
2016-06-27 06:00:00,59,14,45
2016-06-27 07:00:00,122,35,87
2016-06-27 08:00:00,106,24,82
2016-06-27 09:00:00,108,40,68
2016-06-27 10:00:00,92,44,48
2016-06-27 11:00:00,110,50,60
2016-06-27 12:00:00,90,40,50
2016-06-27 13:00:00,88,48,40
2016-06-27 14:00:00,102,50,52
2016-06-27 15:00:00,88,53,35
2016-06-27 16:00:00,163,107,56
2016-06-27 17:00:00,231,161,70
2016-06-27 18:00:00,215,145,70
2016-06-27 19:00:00,144,83,61
2016-06-27 20:00:00,94,44,50
2016-06-27 21:00:00,33,12,21
2016-06-27 22:00:00,11,5,6
2016-06-27 23:00:00,7,3,4
2016-06-28 00:00:00,2,2,0
2016-06-28 01:00:00,3,3,0
2016-06-28 02:00:00,0,0,0
2016-06-28 03:00:00,0,0,0
2016-06-28 04:00:00,5,0,5
2016-06-28 05:00:00,23,6,17
2016-06-28 06:00:00,73,20,53
2016-06-28 07:00:00,148,33,115
2016-06-28 08:00:00,138,36,102
2016-06-28 09:00:00,111,45,66
2016-06-28 10:00:00,62,31,31
2016-06-28 11:00:00,83,43,40
2016-06-28 12:00:00,71,34,37
2016-06-28 13:00:00,62,40,22
2016-06-28 14:00:00,78,39,39
2016-06-28 15:00:00,101,57,44
2016-06-28 16:00:00,180,105,75
2016-06-28 17:00:00,276,192,84
2016-06-28 18:00:00,278,178,100
2016-06-28 19:00:00,154,91,63
2016-06-28 20:00:00,110,69,41
2016-06-28 21:00:00,54,15,39
2016-06-28 22:00:00,16,6,10
2016-06-28 23:00:00,2,2,0
2016-06-29 00:00:00,1,1,0
2016-06-29 01:00:00,0,0,0
2016-06-29 02:00:00,1,1,0
2016-06-29 03:00:00,0,0,0
2016-06-29 04:00:00,9,4,5
2016-06-29 05:00:00,20,1,19
2016-06-29 06:00:00,48,14,34
2016-06-29 07:00:00,131,29,102
2016-06-29 08:00:00,139,45,94
2016-06-29 09:00:00,88,33,55
2016-06-29 10:00:00,61,28,33
2016-06-29 11:00:00,70,25,45
2016-06-29 12:00:00,79,37,42
2016-06-29 13:00:00,51,30,21
2016-06-29 14:00:00,96,66,30
2016-06-29 15:00:00,100,61,39
2016-06-29 16:00:00,159,94,65
2016-06-29 17:00:00,228,160,68
2016-06-29 18:00:00,216,133,83
2016-06-29 19:00:00,126,74,52
2016-06-29 20:00:00,101,60,41
2016-06-29 21:00:00,35,12,23
2016-06-29 22:00:00,4,3,1
2016-06-29 23:00:00,5,2,3
2016-06-30 00:00:00,5,5,0
2016-06-30 01:00:00,0,0,0
2016-06-30 02:00:00,1,0,1
2016-06-30 03:00:00,1,1,0
2016-06-30 04:00:00,2,0,2
2016-06-30 05:00:00,11,3,8
2016-06-30 06:00:00,43,11,32
2016-06-30 07:00:00,115,30,85
2016-06-30 08:00:00,121,33,88
2016-06-30 09:00:00,91,43,48
2016-06-30 10:00:00,71,32,39
2016-06-30 11:00:00,66,28,38
2016-06-30 12:00:00,81,37,44
2016-06-30 13:00:00,66,33,33
2016-06-30 14:00:00,104,61,43
2016-06-30 15:00:00,98,61,37
2016-06-30 16:00:00,142,87,55
2016-06-30 17:00:00,220,142,78
2016-06-30 18:00:00,196,128,68
2016-06-30 19:00:00,98,59,39
2016-06-30 20:00:00,61,26,35
2016-06-30 21:00:00,29,13,16
2016-06-30 22:00:00,8,5,3
2016-06-30 23:00:00,0,0,0
2016-07-01 00:00:00,3,2,1
2016-07-01 01:00:00,1,1,0
2016-07-01 02:00:00,0,0,0
2016-07-01 03:00:00,0,0,0
2016-07-01 04:00:00,4,2,2
2016-07-01 05:00:00,13,3,10
2016-07-01 06:00:00,48,13,35
2016-07-01 07:00:00,113,24,89
2016-07-01 08:00:00,98,32,66
2016-07-01 09:00:00,96,45,51
2016-07-01 10:00:00,77,43,34
2016-07-01 11:00:00,113,62,51
2016-07-01 12:00:00,103,54,49
2016-07-01 13:00:00,124,62,62
2016-07-01 14:00:00,110,63,47
2016-07-01 15:00:00,142,75,67
2016-07-01 16:00:00,158,92,66
2016-07-01 17:00:00,210,128,82
2016-07-01 18:00:00,139,82,57
2016-07-01 19:00:00,133,85,48
2016-07-01 20:00:00,48,22,26
2016-07-01 21:00:00,25,9,16
2016-07-01 22:00:00,10,3,7
2016-07-01 23:00:00,2,2,0
2016-07-02 00:00:00,3,2,1
2016-07-02 01:00:00,1,1,0
2016-07-02 02:00:00,0,0,0
2016-07-02 03:00:00,1,0,1
2016-07-02 04:00:00,2,2,0
2016-07-02 05:00:00,1,0,1
2016-07-02 06:00:00,24,19,5
2016-07-02 07:00:00,72,39,33
2016-07-02 08:00:00,149,95,54
2016-07-02 09:00:00,185,109,76
2016-07-02 10:00:00,259,163,96
2016-07-02 11:00:00,272,138,134
2016-07-02 12:00:00,233,126,107
2016-07-02 13:00:00,227,129,98
2016-07-02 14:00:00,237,123,114
2016-07-02 15:00:00,251,122,129
2016-07-02 16:00:00,211,100,111
2016-07-02 17:00:00,187,67,120
2016-07-02 18:00:00,141,39,102
2016-07-02 19:00:00,111,34,77
2016-07-02 20:00:00,57,22,35
2016-07-02 21:00:00,28,5,23
2016-07-02 22:00:00,8,3,5
2016-07-02 23:00:00,7,5,2
2016-07-03 00:00:00,3,2,1
2016-07-03 01:00:00,1,1,0
2016-07-03 02:00:00,1,1,0
2016-07-03 03:00:00,0,0,0
2016-07-03 04:00:00,2,1,1
2016-07-03 05:00:00,2,0,2
2016-07-03 06:00:00,15,8,7
2016-07-03 07:00:00,27,16,11
2016-07-03 08:00:00,85,55,30
2016-07-03 09:00:00,77,56,21
2016-07-03 10:00:00,118,60,58
2016-07-03 11:00:00,232,130,102
2016-07-03 12:00:00,225,143,82
2016-07-03 13:00:00,228,123,105
2016-07-03 14:00:00,208,90,118
2016-07-03 15:00:00,190,94,96
2016-07-03 16:00:00,189,86,103
2016-07-03 17:00:00,168,65,103
2016-07-03 18:00:00,109,64,45
2016-07-03 19:00:00,60,26,34
2016-07-03 20:00:00,35,14,21
2016-07-03 21:00:00,13,3,10
2016-07-03 22:00:00,6,2,4
2016-07-03 23:00:00,1,1,0
2016-07-04 00:00:00,2,2,0
2016-07-04 01:00:00,2,2,0
2016-07-04 02:00:00,2,0,2
2016-07-04 03:00:00,1,0,1
2016-07-04 04:00:00,2,0,2
2016-07-04 05:00:00,2,1,1
2016-07-04 06:00:00,18,14,4
2016-07-04 07:00:00,25,20,5
2016-07-04 08:00:00,69,41,28
2016-07-04 09:00:00,119,92,27
2016-07-04 10:00:00,162,85,77
2016-07-04 11:00:00,218,112,106
2016-07-04 12:00:00,200,118,82
2016-07-04 13:00:00,234,117,117
2016-07-04 14:00:00,221,116,105
2016-07-04 15:00:00,207,88,119
2016-07-04 16:00:00,133,50,83
2016-07-04 17:00:00,105,38,67
2016-07-04 18:00:00,63,27,36
2016-07-04 19:00:00,34,10,24
2016-07-04 20:00:00,25,7,18
2016-07-04 21:00:00,12,1,11
2016-07-04 22:00:00,8,5,3
2016-07-04 23:00:00,24,21,3
2016-07-05 00:00:00,12,10,2
2016-07-05 01:00:00,1,1,0
2016-07-05 02:00:00,1,1,0
2016-07-05 03:00:00,0,0,0
2016-07-05 04:00:00,1,0,1
2016-07-05 05:00:00,12,4,8
2016-07-05 06:00:00,23,4,19
2016-07-05 07:00:00,82,16,66
2016-07-05 08:00:00,83,22,61
2016-07-05 09:00:00,74,30,44
2016-07-05 10:00:00,39,22,17
2016-07-05 11:00:00,61,35,26
2016-07-05 12:00:00,55,28,27
2016-07-05 13:00:00,70,38,32
2016-07-05 14:00:00,86,38,48
2016-07-05 15:00:00,55,22,33
2016-07-05 16:00:00,101,63,38
2016-07-05 17:00:00,158,110,48
2016-07-05 18:00:00,111,75,36
2016-07-05 19:00:00,68,37,31
2016-07-05 20:00:00,27,18,9
2016-07-05 21:00:00,12,5,7
2016-07-05 22:00:00,4,3,1
2016-07-05 23:00:00,2,0,2
2016-07-06 00:00:00,1,1,0
2016-07-06 01:00:00,1,0,1
2016-07-06 02:00:00,1,1,0
2016-07-06 03:00:00,2,1,1
2016-07-06 04:00:00,5,1,4
2016-07-06 05:00:00,19,5,14
2016-07-06 06:00:00,62,22,40
2016-07-06 07:00:00,133,22,111
2016-07-06 08:00:00,148,43,105
2016-07-06 09:00:00,99,38,61
2016-07-06 10:00:00,95,48,47
2016-07-06 11:00:00,84,42,42
2016-07-06 12:00:00,97,48,49
2016-07-06 13:00:00,126,68,58
2016-07-06 14:00:00,123,57,66
2016-07-06 15:00:00,136,76,60
2016-07-06 16:00:00,167,102,65
2016-07-06 17:00:00,302,212,90
2016-07-06 18:00:00,285,185,100
2016-07-06 19:00:00,190,101,89
2016-07-06 20:00:00,135,60,75
2016-07-06 21:00:00,33,10,23
2016-07-06 22:00:00,6,4,2
2016-07-06 23:00:00,1,1,0
2016-07-07 00:00:00,4,4,0
2016-07-07 01:00:00,1,1,0
2016-07-07 02:00:00,2,1,1
2016-07-07 03:00:00,0,0,0
2016-07-07 04:00:00,6,1,5
2016-07-07 05:00:00,14,3,11
2016-07-07 06:00:00,44,8,36
2016-07-07 07:00:00,99,29,70
2016-07-07 08:00:00,95,19,76
2016-07-07 09:00:00,57,24,33
2016-07-07 10:00:00,63,39,24
2016-07-07 11:00:00,56,32,24
2016-07-07 12:00:00,53,28,25
2016-07-07 13:00:00,49,27,22
2016-07-07 14:00:00,61,31,30
2016-07-07 15:00:00,63,31,32
2016-07-07 16:00:00,98,61,37
2016-07-07 17:00:00,109,88,21
2016-07-07 18:00:00,79,56,23
2016-07-07 19:00:00,38,21,17
2016-07-07 20:00:00,15,10,5
2016-07-07 21:00:00,20,12,8
2016-07-07 22:00:00,8,5,3
2016-07-07 23:00:00,3,3,0
2016-07-08 00:00:00,1,1,0
2016-07-08 01:00:00,1,1,0
2016-07-08 02:00:00,0,0,0
2016-07-08 03:00:00,0,0,0
2016-07-08 04:00:00,2,1,1
2016-07-08 05:00:00,11,2,9
2016-07-08 06:00:00,34,10,24
2016-07-08 07:00:00,69,22,47
2016-07-08 08:00:00,86,20,66
2016-07-08 09:00:00,45,18,27
2016-07-08 10:00:00,60,33,27
2016-07-08 11:00:00,66,36,30
2016-07-08 12:00:00,62,34,28
2016-07-08 13:00:00,62,34,28
2016-07-08 14:00:00,82,42,40
2016-07-08 15:00:00,124,73,51
2016-07-08 16:00:00,151,96,55
2016-07-08 17:00:00,193,126,67
2016-07-08 18:00:00,120,73,47
2016-07-08 19:00:00,87,45,42
2016-07-08 20:00:00,42,17,25
2016-07-08 21:00:00,19,10,9
2016-07-08 22:00:00,9,2,7
2016-07-08 23:00:00,4,4,0
2016-07-09 00:00:00,2,2,0
2016-07-09 01:00:00,0,0,0
2016-07-09 02:00:00,4,2,2
2016-07-09 03:00:00,0,0,0
2016-07-09 04:00:00,3,1,2
2016-07-09 05:00:00,6,5,1
2016-07-09 06:00:00,30,16,14
2016-07-09 07:00:00,57,33,24
2016-07-09 08:00:00,83,53,30
2016-07-09 09:00:00,160,86,74
2016-07-09 10:00:00,237,165,72
2016-07-09 11:00:00,210,122,88
2016-07-09 12:00:00,204,101,103
2016-07-09 13:00:00,208,98,110
2016-07-09 14:00:00,192,89,103
2016-07-09 15:00:00,190,89,101
2016-07-09 16:00:00,172,96,76
2016-07-09 17:00:00,135,70,65
2016-07-09 18:00:00,123,53,70
2016-07-09 19:00:00,57,29,28
2016-07-09 20:00:00,26,6,20
2016-07-09 21:00:00,11,5,6
2016-07-09 22:00:00,2,0,2
2016-07-09 23:00:00,0,0,0
2016-07-10 00:00:00,2,2,0
2016-07-10 01:00:00,1,1,0
2016-07-10 02:00:00,2,2,0
2016-07-10 03:00:00,1,0,1
2016-07-10 04:00:00,2,1,1
2016-07-10 05:00:00,7,5,2
2016-07-10 06:00:00,23,18,5
2016-07-10 07:00:00,36,16,20
2016-07-10 08:00:00,91,58,33
2016-07-10 09:00:00,198,137,61
2016-07-10 10:00:00,194,123,71
2016-07-10 11:00:00,213,119,94
2016-07-10 12:00:00,257,150,107
2016-07-10 13:00:00,297,153,144
2016-07-10 14:00:00,278,150,128
2016-07-10 15:00:00,297,149,148
2016-07-10 16:00:00,254,111,143
2016-07-10 17:00:00,180,71,109
2016-07-10 18:00:00,117,43,74
2016-07-10 19:00:00,87,38,49
2016-07-10 20:00:00,33,11,22
2016-07-10 21:00:00,7,0,7
2016-07-10 22:00:00,2,1,1
2016-07-10 23:00:00,4,3,1
2016-07-11 00:00:00,1,1,0
2016-07-11 01:00:00,1,1,0
2016-07-11 02:00:00,0,0,0
2016-07-11 03:00:00,0,0,0
2016-07-11 04:00:00,6,2,4
2016-07-11 05:00:00,13,4,9
2016-07-11 06:00:00,57,14,43
2016-07-11 07:00:00,113,20,93
2016-07-11 08:00:00,104,24,80
2016-07-11 09:00:00,84,37,47
2016-07-11 10:00:00,67,30,37
2016-07-11 11:00:00,88,52,36
2016-07-11 12:00:00,60,33,27
2016-07-11 13:00:00,58,28,30
2016-07-11 14:00:00,101,60,41
2016-07-11 15:00:00,107,64,43
2016-07-11 16:00:00,149,87,62
2016-07-11 17:00:00,241,176,65
2016-07-11 18:00:00,160,97,63
2016-07-11 19:00:00,127,68,59
2016-07-11 20:00:00,84,36,48
2016-07-11 21:00:00,23,8,15
2016-07-11 22:00:00,3,1,2
2016-07-11 23:00:00,13,8,5
2016-07-12 00:00:00,3,1,2
2016-07-12 01:00:00,0,0,0
2016-07-12 02:00:00,1,1,0
2016-07-12 03:00:00,2,0,2
2016-07-12 04:00:00,4,1,3
2016-07-12 05:00:00,20,7,13
2016-07-12 06:00:00,69,20,49
2016-07-12 07:00:00,107,29,78
2016-07-12 08:00:00,104,34,70
2016-07-12 09:00:00,80,37,43
2016-07-12 10:00:00,64,32,32
2016-07-12 11:00:00,70,35,35
2016-07-12 12:00:00,71,36,35
2016-07-12 13:00:00,81,47,34
2016-07-12 14:00:00,92,46,46
2016-07-12 15:00:00,116,67,49
2016-07-12 16:00:00,158,102,56
2016-07-12 17:00:00,197,129,68
2016-07-12 18:00:00,169,114,55
2016-07-12 19:00:00,104,59,45
2016-07-12 20:00:00,71,38,33
2016-07-12 21:00:00,24,12,12
2016-07-12 22:00:00,2,1,1
2016-07-12 23:00:00,3,2,1
2016-07-13 00:00:00,2,2,0
2016-07-13 01:00:00,0,0,0
2016-07-13 02:00:00,1,1,0
2016-07-13 03:00:00,3,0,3
2016-07-13 04:00:00,5,1,4
2016-07-13 05:00:00,19,7,12
2016-07-13 06:00:00,67,20,47
2016-07-13 07:00:00,135,30,105
2016-07-13 08:00:00,141,41,100
2016-07-13 09:00:00,98,51,47
2016-07-13 10:00:00,78,41,37
2016-07-13 11:00:00,70,27,43
2016-07-13 12:00:00,87,57,30
2016-07-13 13:00:00,70,35,35
2016-07-13 14:00:00,93,43,50
2016-07-13 15:00:00,123,67,56
2016-07-13 16:00:00,176,113,63
2016-07-13 17:00:00,273,185,88
2016-07-13 18:00:00,194,117,77
2016-07-13 19:00:00,133,74,59
2016-07-13 20:00:00,81,35,46
2016-07-13 21:00:00,17,10,7
2016-07-13 22:00:00,9,6,3
2016-07-13 23:00:00,2,2,0
2016-07-14 00:00:00,2,1,1
2016-07-14 01:00:00,0,0,0
2016-07-14 02:00:00,1,0,1
2016-07-14 03:00:00,1,0,1
2016-07-14 04:00:00,9,4,5
2016-07-14 05:00:00,16,7,9
2016-07-14 06:00:00,67,33,34
2016-07-14 07:00:00,127,62,65
2016-07-14 08:00:00,112,55,57
2016-07-14 09:00:00,115,56,59
2016-07-14 10:00:00,103,45,58
2016-07-14 11:00:00,88,36,52
2016-07-14 12:00:00,117,38,79
2016-07-14 13:00:00,98,44,54
2016-07-14 14:00:00,128,53,75
2016-07-14 15:00:00,113,57,56
2016-07-14 16:00:00,176,110,66
2016-07-14 17:00:00,218,159,59
2016-07-14 18:00:00,191,122,69
2016-07-14 19:00:00,132,71,61
2016-07-14 20:00:00,66,35,31
2016-07-14 21:00:00,31,13,18
2016-07-14 22:00:00,4,1,3
2016-07-14 23:00:00,2,1,1
2016-07-15 00:00:00,2,0,2
2016-07-15 01:00:00,3,2,1
2016-07-15 02:00:00,1,0,1
2016-07-15 03:00:00,0,0,0
2016-07-15 04:00:00,2,0,2
2016-07-15 05:00:00,16,4,12
2016-07-15 06:00:00,54,11,43
2016-07-15 07:00:00,102,24,78
2016-07-15 08:00:00,85,26,59
2016-07-15 09:00:00,59,23,36
2016-07-15 10:00:00,83,41,42
2016-07-15 11:00:00,86,31,55
2016-07-15 12:00:00,62,32,30
2016-07-15 13:00:00,77,39,38
2016-07-15 14:00:00,104,69,35
2016-07-15 15:00:00,122,77,45
2016-07-15 16:00:00,143,82,61
2016-07-15 17:00:00,197,127,70
2016-07-15 18:00:00,146,91,55
2016-07-15 19:00:00,83,46,37
2016-07-15 20:00:00,63,30,33
2016-07-15 21:00:00,33,10,23
2016-07-15 22:00:00,7,6,1
2016-07-15 23:00:00,4,4,0
2016-07-16 00:00:00,0,0,0
2016-07-16 01:00:00,0,0,0
2016-07-16 02:00:00,1,1,0
2016-07-16 03:00:00,1,0,1
2016-07-16 04:00:00,13,0,13
2016-07-16 05:00:00,19,4,15
2016-07-16 06:00:00,25,12,13
2016-07-16 07:00:00,43,26,17
2016-07-16 08:00:00,99,65,34
2016-07-16 09:00:00,133,76,57
2016-07-16 10:00:00,156,95,61
2016-07-16 11:00:00,206,106,100
2016-07-16 12:00:00,163,103,60
2016-07-16 13:00:00,176,97,79
2016-07-16 14:00:00,160,82,78
2016-07-16 15:00:00,175,96,79
2016-07-16 16:00:00,151,63,88
2016-07-16 17:00:00,182,79,103
2016-07-16 18:00:00,129,55,74
2016-07-16 19:00:00,95,50,45
2016-07-16 20:00:00,48,16,32
2016-07-16 21:00:00,24,7,17
2016-07-16 22:00:00,3,3,0
2016-07-16 23:00:00,7,4,3
2016-07-17 00:00:00,4,1,3
2016-07-17 01:00:00,0,0,0
2016-07-17 02:00:00,0,0,0
2016-07-17 03:00:00,0,0,0
2016-07-17 04:00:00,2,1,1
2016-07-17 05:00:00,1,0,1
2016-07-17 06:00:00,15,11,4
2016-07-17 07:00:00,46,20,26
2016-07-17 08:00:00,92,53,39
2016-07-17 09:00:00,151,112,39
2016-07-17 10:00:00,189,108,81
2016-07-17 11:00:00,214,128,86
2016-07-17 12:00:00,229,118,111
2016-07-17 13:00:00,225,115,110
2016-07-17 14:00:00,243,108,135
2016-07-17 15:00:00,239,117,122
2016-07-17 16:00:00,170,94,76
2016-07-17 17:00:00,174,81,93
2016-07-17 18:00:00,132,42,90
2016-07-17 19:00:00,77,26,51
2016-07-17 20:00:00,46,22,24
2016-07-17 21:00:00,20,12,8
2016-07-17 22:00:00,8,6,2
2016-07-17 23:00:00,1,1,0
2016-07-18 00:00:00,2,2,0
2016-07-18 01:00:00,1,1,0
2016-07-18 02:00:00,0,0,0
2016-07-18 03:00:00,1,0,1
2016-07-18 04:00:00,11,1,10
2016-07-18 05:00:00,15,6,9
2016-07-18 06:00:00,56,17,39
2016-07-18 07:00:00,92,20,72
2016-07-18 08:00:00,98,30,68
2016-07-18 09:00:00,80,41,39
2016-07-18 10:00:00,59,20,39
2016-07-18 11:00:00,96,49,47
2016-07-18 12:00:00,52,28,24
2016-07-18 13:00:00,57,29,28
2016-07-18 14:00:00,62,28,34
2016-07-18 15:00:00,57,33,24
2016-07-18 16:00:00,96,67,29
2016-07-18 17:00:00,155,105,50
2016-07-18 18:00:00,110,77,33
2016-07-18 19:00:00,63,44,19
2016-07-18 20:00:00,38,24,14
2016-07-18 21:00:00,25,12,13
2016-07-18 22:00:00,1,1,0
2016-07-18 23:00:00,0,0,0
2016-07-19 00:00:00,1,1,0
2016-07-19 01:00:00,1,1,0
2016-07-19 02:00:00,0,0,0
2016-07-19 03:00:00,1,0,1
2016-07-19 04:00:00,11,2,9
2016-07-19 05:00:00,19,6,13
2016-07-19 06:00:00,58,13,45
2016-07-19 07:00:00,112,32,80
2016-07-19 08:00:00,116,33,83
2016-07-19 09:00:00,72,29,43
2016-07-19 10:00:00,63,30,33
2016-07-19 11:00:00,57,30,27
2016-07-19 12:00:00,54,33,21
2016-07-19 13:00:00,60,28,32
2016-07-19 14:00:00,76,44,32
2016-07-19 15:00:00,102,56,46
2016-07-19 16:00:00,157,113,44
2016-07-19 17:00:00,219,153,66
2016-07-19 18:00:00,179,113,66
2016-07-19 19:00:00,118,69,49
2016-07-19 20:00:00,72,37,35
2016-07-19 21:00:00,19,9,10
2016-07-19 22:00:00,4,3,1
2016-07-19 23:00:00,1,1,0
2016-07-20 00:00:00,1,1,0
2016-07-20 01:00:00,0,0,0
2016-07-20 02:00:00,1,1,0
2016-07-20 03:00:00,2,0,2
2016-07-20 04:00:00,5,1,4
2016-07-20 05:00:00,16,4,12
2016-07-20 06:00:00,66,19,47
2016-07-20 07:00:00,125,30,95
2016-07-20 08:00:00,116,40,76
2016-07-20 09:00:00,83,32,51
2016-07-20 10:00:00,80,39,41
2016-07-20 11:00:00,93,56,37
2016-07-20 12:00:00,52,31,21
2016-07-20 13:00:00,81,38,43
2016-07-20 14:00:00,85,31,54
2016-07-20 15:00:00,95,55,40
2016-07-20 16:00:00,150,97,53
2016-07-20 17:00:00,239,163,76
2016-07-20 18:00:00,235,158,77
2016-07-20 19:00:00,136,81,55
2016-07-20 20:00:00,78,29,49
2016-07-20 21:00:00,39,16,23
2016-07-20 22:00:00,8,4,4
2016-07-20 23:00:00,4,3,1
2016-07-21 00:00:00,1,1,0
2016-07-21 01:00:00,0,0,0
2016-07-21 02:00:00,0,0,0
2016-07-21 03:00:00,1,0,1
2016-07-21 04:00:00,3,0,3
2016-07-21 05:00:00,26,6,20
2016-07-21 06:00:00,64,24,40
2016-07-21 07:00:00,126,37,89
2016-07-21 08:00:00,114,34,80
2016-07-21 09:00:00,102,42,60
2016-07-21 10:00:00,69,35,34
2016-07-21 11:00:00,96,49,47
2016-07-21 12:00:00,103,59,44
2016-07-21 13:00:00,100,44,56
2016-07-21 14:00:00,98,51,47
2016-07-21 15:00:00,92,63,29
2016-07-21 16:00:00,171,98,73
2016-07-21 17:00:00,225,157,68
2016-07-21 18:00:00,200,124,76
2016-07-21 19:00:00,119,64,55
2016-07-21 20:00:00,62,26,36
2016-07-21 21:00:00,26,12,14
2016-07-21 22:00:00,10,3,7
2016-07-21 23:00:00,5,0,5
2016-07-22 00:00:00,2,2,0
2016-07-22 01:00:00,0,0,0
2016-07-22 02:00:00,1,1,0
2016-07-22 03:00:00,2,0,2
2016-07-22 04:00:00,3,0,3
2016-07-22 05:00:00,13,6,7
2016-07-22 06:00:00,35,6,29
2016-07-22 07:00:00,38,9,29
2016-07-22 08:00:00,48,12,36
2016-07-22 09:00:00,23,12,11
2016-07-22 10:00:00,12,3,9
2016-07-22 11:00:00,17,9,8
2016-07-22 12:00:00,38,30,8
2016-07-22 13:00:00,32,11,21
2016-07-22 14:00:00,43,21,22
2016-07-22 15:00:00,51,29,22
2016-07-22 16:00:00,78,45,33
2016-07-22 17:00:00,96,68,28
2016-07-22 18:00:00,64,41,23
2016-07-22 19:00:00,30,22,8
2016-07-22 20:00:00,10,6,4
2016-07-22 21:00:00,7,4,3
2016-07-22 22:00:00,1,1,0
2016-07-22 23:00:00,2,0,2
2016-07-23 00:00:00,3,0,3
2016-07-23 01:00:00,1,1,0
2016-07-23 02:00:00,0,0,0
2016-07-23 03:00:00,0,0,0
2016-07-23 04:00:00,2,0,2
2016-07-23 05:00:00,6,3,3
2016-07-23 06:00:00,14,7,7
2016-07-23 07:00:00,41,26,15
2016-07-23 08:00:00,59,33,26
2016-07-23 09:00:00,131,78,53
2016-07-23 10:00:00,148,92,56
2016-07-23 11:00:00,241,149,92
2016-07-23 12:00:00,233,142,91
2016-07-23 13:00:00,239,130,109
2016-07-23 14:00:00,282,137,145
2016-07-23 15:00:00,244,98,146
2016-07-23 16:00:00,187,93,94
2016-07-23 17:00:00,142,55,87
2016-07-23 18:00:00,115,36,79
2016-07-23 19:00:00,67,30,37
2016-07-23 20:00:00,52,18,34
2016-07-23 21:00:00,28,10,18
2016-07-23 22:00:00,4,3,1
2016-07-23 23:00:00,4,1,3
2016-07-24 00:00:00,2,1,1
2016-07-24 01:00:00,3,3,0
2016-07-24 02:00:00,0,0,0
2016-07-24 03:00:00,0,0,0
2016-07-24 04:00:00,2,0,2
2016-07-24 05:00:00,6,3,3
2016-07-24 06:00:00,18,14,4
2016-07-24 07:00:00,52,36,16
2016-07-24 08:00:00,114,67,47
2016-07-24 09:00:00,151,85,66
2016-07-24 10:00:00,221,131,90
2016-07-24 11:00:00,249,156,93
2016-07-24 12:00:00,259,146,113
2016-07-24 13:00:00,322,161,161
2016-07-24 14:00:00,310,131,179
2016-07-24 15:00:00,264,131,133
2016-07-24 16:00:00,255,124,131
2016-07-24 17:00:00,187,65,122
2016-07-24 18:00:00,148,60,88
2016-07-24 19:00:00,95,44,51
2016-07-24 20:00:00,35,19,16
2016-07-24 21:00:00,25,10,15
2016-07-24 22:00:00,8,0,8
2016-07-24 23:00:00,1,1,0
2016-07-25 00:00:00,2,2,0
2016-07-25 01:00:00,1,1,0
2016-07-25 02:00:00,1,1,0
2016-07-25 03:00:00,0,0,0
2016-07-25 04:00:00,6,1,5
2016-07-25 05:00:00,16,6,10
2016-07-25 06:00:00,53,13,40
2016-07-25 07:00:00,118,31,87
2016-07-25 08:00:00,120,41,79
2016-07-25 09:00:00,107,49,58
2016-07-25 10:00:00,79,44,35
2016-07-25 11:00:00,110,56,54
2016-07-25 12:00:00,91,40,51
2016-07-25 13:00:00,106,50,56
2016-07-25 14:00:00,84,49,35
2016-07-25 15:00:00,120,61,59
2016-07-25 16:00:00,142,104,38
2016-07-25 17:00:00,225,149,76
2016-07-25 18:00:00,185,128,57
2016-07-25 19:00:00,130,63,67
2016-07-25 20:00:00,72,22,50
2016-07-25 21:00:00,24,12,12
2016-07-25 22:00:00,10,2,8
2016-07-25 23:00:00,1,1,0
2016-07-26 00:00:00,2,1,1
2016-07-26 01:00:00,1,1,0
2016-07-26 02:00:00,4,0,4
2016-07-26 03:00:00,0,0,0
2016-07-26 04:00:00,10,1,9
2016-07-26 05:00:00,22,7,15
2016-07-26 06:00:00,87,25,62
2016-07-26 07:00:00,136,30,106
2016-07-26 08:00:00,129,35,94
2016-07-26 09:00:00,71,26,45
2016-07-26 10:00:00,69,33,36
2016-07-26 11:00:00,81,45,36
2016-07-26 12:00:00,75,56,19
2016-07-26 13:00:00,100,40,60
2016-07-26 14:00:00,99,51,48
2016-07-26 15:00:00,128,82,46
2016-07-26 16:00:00,134,95,39
2016-07-26 17:00:00,215,145,70
2016-07-26 18:00:00,193,122,71
2016-07-26 19:00:00,133,70,63
2016-07-26 20:00:00,100,44,56
2016-07-26 21:00:00,26,12,14
2016-07-26 22:00:00,10,3,7
2016-07-26 23:00:00,2,1,1
2016-07-27 00:00:00,2,1,1
2016-07-27 01:00:00,0,0,0
2016-07-27 02:00:00,0,0,0
2016-07-27 03:00:00,0,0,0
2016-07-27 04:00:00,5,1,4
2016-07-27 05:00:00,24,4,20
2016-07-27 06:00:00,58,16,42
2016-07-27 07:00:00,120,34,86
2016-07-27 08:00:00,128,39,89
2016-07-27 09:00:00,106,42,64
2016-07-27 10:00:00,65,27,38
2016-07-27 11:00:00,100,51,49
2016-07-27 12:00:00,85,49,36
2016-07-27 13:00:00,93,37,56
2016-07-27 14:00:00,80,45,35
2016-07-27 15:00:00,122,71,51
2016-07-27 16:00:00,159,104,55
2016-07-27 17:00:00,231,172,59
2016-07-27 18:00:00,204,124,80
2016-07-27 19:00:00,110,53,57
2016-07-27 20:00:00,68,36,32
2016-07-27 21:00:00,25,12,13
2016-07-27 22:00:00,7,7,0
2016-07-27 23:00:00,2,1,1
2016-07-28 00:00:00,1,0,1
2016-07-28 01:00:00,1,0,1
2016-07-28 02:00:00,0,0,0
2016-07-28 03:00:00,0,0,0
2016-07-28 04:00:00,6,0,6
2016-07-28 05:00:00,22,6,16
2016-07-28 06:00:00,67,17,50
2016-07-28 07:00:00,113,25,88
2016-07-28 08:00:00,110,37,73
2016-07-28 09:00:00,98,43,55
2016-07-28 10:00:00,105,47,58
2016-07-28 11:00:00,78,43,35
2016-07-28 12:00:00,75,27,48
2016-07-28 13:00:00,104,48,56
2016-07-28 14:00:00,83,48,35
2016-07-28 15:00:00,97,58,39
2016-07-28 16:00:00,143,101,42
2016-07-28 17:00:00,213,148,65
2016-07-28 18:00:00,159,110,49
2016-07-28 19:00:00,121,65,56
2016-07-28 20:00:00,61,28,33
2016-07-28 21:00:00,22,8,14
2016-07-28 22:00:00,10,7,3
2016-07-28 23:00:00,5,3,2
2016-07-29 00:00:00,5,5,0
2016-07-29 01:00:00,2,2,0
2016-07-29 02:00:00,1,0,1
2016-07-29 03:00:00,0,0,0
2016-07-29 04:00:00,2,1,1
2016-07-29 05:00:00,16,5,11
2016-07-29 06:00:00,52,12,40
2016-07-29 07:00:00,104,27,77
2016-07-29 08:00:00,111,42,69
2016-07-29 09:00:00,113,45,68
2016-07-29 10:00:00,84,46,38
2016-07-29 11:00:00,98,55,43
2016-07-29 12:00:00,111,54,57
2016-07-29 13:00:00,107,56,51
2016-07-29 14:00:00,104,48,56
2016-07-29 15:00:00,129,79,50
2016-07-29 16:00:00,139,94,45
2016-07-29 17:00:00,180,114,66
2016-07-29 18:00:00,104,68,36
2016-07-29 19:00:00,102,48,54
2016-07-29 20:00:00,36,16,20
2016-07-29 21:00:00,18,8,10
2016-07-29 22:00:00,9,6,3
2016-07-29 23:00:00,5,3,2
2016-07-30 00:00:00,1,1,0
2016-07-30 01:00:00,1,1,0
2016-07-30 02:00:00,1,1,0
2016-07-30 03:00:00,0,0,0
2016-07-30 04:00:00,1,1,0
2016-07-30 05:00:00,1,1,0
2016-07-30 06:00:00,32,22,10
2016-07-30 07:00:00,59,33,26
2016-07-30 08:00:00,137,88,49
2016-07-30 09:00:00,122,76,46
2016-07-30 10:00:00,202,130,72
2016-07-30 11:00:00,228,118,110
2016-07-30 12:00:00,235,108,127
2016-07-30 13:00:00,227,126,101
2016-07-30 14:00:00,190,104,86
2016-07-30 15:00:00,222,115,107
2016-07-30 16:00:00,186,82,104
2016-07-30 17:00:00,142,61,81
2016-07-30 18:00:00,90,42,48
2016-07-30 19:00:00,127,65,62
2016-07-30 20:00:00,56,16,40
2016-07-30 21:00:00,18,6,12
2016-07-30 22:00:00,8,3,5
2016-07-30 23:00:00,2,1,1
2016-07-31 00:00:00,0,0,0
2016-07-31 01:00:00,0,0,0
2016-07-31 02:00:00,0,0,0
2016-07-31 03:00:00,0,0,0
2016-07-31 04:00:00,1,0,1
2016-07-31 05:00:00,3,2,1
2016-07-31 06:00:00,16,12,4
2016-07-31 07:00:00,48,35,13
2016-07-31 08:00:00,53,28,25
2016-07-31 09:00:00,126,66,60
2016-07-31 10:00:00,184,115,69
2016-07-31 11:00:00,185,112,73
2016-07-31 12:00:00,201,128,73
2016-07-31 13:00:00,210,110,100
2016-07-31 14:00:00,260,106,154
2016-07-31 15:00:00,218,116,102
2016-07-31 16:00:00,205,91,114
2016-07-31 17:00:00,188,74,114
2016-07-31 18:00:00,111,53,58
2016-07-31 19:00:00,103,25,78
2016-07-31 20:00:00,40,22,18
2016-07-31 21:00:00,16,6,10
2016-07-31 22:00:00,9,6,3
2016-07-31 23:00:00,5,1,4
2016-08-01 00:00:00,4,1,3
2016-08-01 01:00:00,3,3,0
2016-08-01 02:00:00,0,0,0
2016-08-01 03:00:00,0,0,0
2016-08-01 04:00:00,6,0,6
2016-08-01 05:00:00,11,2,9
2016-08-01 06:00:00,54,15,39
2016-08-01 07:00:00,105,17,88
2016-08-01 08:00:00,107,30,77
2016-08-01 09:00:00,76,30,46
2016-08-01 10:00:00,75,38,37
2016-08-01 11:00:00,108,58,50
2016-08-01 12:00:00,77,47,30
2016-08-01 13:00:00,73,29,44
2016-08-01 14:00:00,88,48,40
2016-08-01 15:00:00,105,58,47
2016-08-01 16:00:00,159,106,53
2016-08-01 17:00:00,222,149,73
2016-08-01 18:00:00,197,136,61
2016-08-01 19:00:00,113,59,54
2016-08-01 20:00:00,62,37,25
2016-08-01 21:00:00,11,3,8
2016-08-01 22:00:00,6,4,2
2016-08-01 23:00:00,3,3,0
2016-08-02 00:00:00,0,0,0
2016-08-02 01:00:00,1,0,1
2016-08-02 02:00:00,0,0,0
2016-08-02 03:00:00,0,0,0
2016-08-02 04:00:00,6,1,5
2016-08-02 05:00:00,18,3,15
2016-08-02 06:00:00,47,14,33
2016-08-02 07:00:00,70,23,47
2016-08-02 08:00:00,82,35,47
2016-08-02 09:00:00,42,21,21
2016-08-02 10:00:00,38,11,27
2016-08-02 11:00:00,42,18,24
2016-08-02 12:00:00,23,7,16
2016-08-02 13:00:00,27,17,10
2016-08-02 14:00:00,30,17,13
2016-08-02 15:00:00,56,35,21
2016-08-02 16:00:00,81,52,29
2016-08-02 17:00:00,175,116,59
2016-08-02 18:00:00,101,68,33
2016-08-02 19:00:00,78,46,32
2016-08-02 20:00:00,57,34,23
2016-08-02 21:00:00,13,6,7
2016-08-02 22:00:00,8,3,5
2016-08-02 23:00:00,1,1,0
2016-08-03 00:00:00,3,1,2
2016-08-03 01:00:00,0,0,0
2016-08-03 02:00:00,1,1,0
2016-08-03 03:00:00,1,0,1
2016-08-03 04:00:00,10,1,9
2016-08-03 05:00:00,15,3,12
2016-08-03 06:00:00,59,18,41
2016-08-03 07:00:00,115,29,86
2016-08-03 08:00:00,120,32,88
2016-08-03 09:00:00,96,41,55
2016-08-03 10:00:00,59,26,33
2016-08-03 11:00:00,67,40,27
2016-08-03 12:00:00,99,55,44
2016-08-03 13:00:00,83,45,38
2016-08-03 14:00:00,90,42,48
2016-08-03 15:00:00,124,78,46
2016-08-03 16:00:00,159,110,49
2016-08-03 17:00:00,248,161,87
2016-08-03 18:00:00,213,137,76
2016-08-03 19:00:00,134,72,62
2016-08-03 20:00:00,84,42,42
2016-08-03 21:00:00,29,12,17
2016-08-03 22:00:00,5,2,3
2016-08-03 23:00:00,1,0,1
2016-08-04 00:00:00,1,0,1
2016-08-04 01:00:00,1,1,0
2016-08-04 02:00:00,0,0,0
2016-08-04 03:00:00,0,0,0
2016-08-04 04:00:00,6,0,6
2016-08-04 05:00:00,16,3,13
2016-08-04 06:00:00,78,15,63
2016-08-04 07:00:00,105,16,89
2016-08-04 08:00:00,117,26,91
2016-08-04 09:00:00,85,40,45
2016-08-04 10:00:00,96,44,52
2016-08-04 11:00:00,113,56,57
2016-08-04 12:00:00,111,57,54
2016-08-04 13:00:00,106,62,44
2016-08-04 14:00:00,102,59,43
2016-08-04 15:00:00,106,58,48
2016-08-04 16:00:00,158,98,60
2016-08-04 17:00:00,218,157,61
2016-08-04 18:00:00,161,98,63
2016-08-04 19:00:00,141,72,69
2016-08-04 20:00:00,69,35,34
2016-08-04 21:00:00,17,8,9
2016-08-04 22:00:00,8,3,5
2016-08-04 23:00:00,3,2,1
2016-08-05 00:00:00,3,3,0
2016-08-05 01:00:00,0,0,0
2016-08-05 02:00:00,0,0,0
2016-08-05 03:00:00,0,0,0
2016-08-05 04:00:00,4,2,2
2016-08-05 05:00:00,15,7,8
2016-08-05 06:00:00,65,21,44
2016-08-05 07:00:00,96,29,67
2016-08-05 08:00:00,103,36,67
2016-08-05 09:00:00,94,38,56
2016-08-05 10:00:00,84,36,48
2016-08-05 11:00:00,114,68,46
2016-08-05 12:00:00,107,55,52
2016-08-05 13:00:00,110,59,51
2016-08-05 14:00:00,100,47,53
2016-08-05 15:00:00,124,81,43
2016-08-05 16:00:00,170,110,60
2016-08-05 17:00:00,174,120,54
2016-08-05 18:00:00,148,85,63
2016-08-05 19:00:00,84,46,38
2016-08-05 20:00:00,40,17,23
2016-08-05 21:00:00,20,10,10
2016-08-05 22:00:00,7,4,3
2016-08-05 23:00:00,3,3,0
2016-08-06 00:00:00,3,3,0
2016-08-06 01:00:00,0,0,0
2016-08-06 02:00:00,0,0,0
2016-08-06 03:00:00,0,0,0
2016-08-06 04:00:00,0,0,0
2016-08-06 05:00:00,4,2,2
2016-08-06 06:00:00,27,19,8
2016-08-06 07:00:00,71,51,20
2016-08-06 08:00:00,83,50,33
2016-08-06 09:00:00,133,83,50
2016-08-06 10:00:00,175,105,70
2016-08-06 11:00:00,231,137,94
2016-08-06 12:00:00,218,123,95
2016-08-06 13:00:00,213,91,122
2016-08-06 14:00:00,223,120,103
2016-08-06 15:00:00,246,123,123
2016-08-06 16:00:00,200,76,124
2016-08-06 17:00:00,177,88,89
2016-08-06 18:00:00,91,42,49
2016-08-06 19:00:00,77,31,46
2016-08-06 20:00:00,24,7,17
2016-08-06 21:00:00,14,9,5
2016-08-06 22:00:00,6,1,5
2016-08-06 23:00:00,8,2,6
2016-08-07 00:00:00,2,2,0
2016-08-07 01:00:00,1,0,1
2016-08-07 02:00:00,0,0,0
2016-08-07 03:00:00,1,0,1
2016-08-07 04:00:00,1,1,0
2016-08-07 05:00:00,1,1,0
2016-08-07 06:00:00,19,12,7
2016-08-07 07:00:00,26,16,10
2016-08-07 08:00:00,67,46,21
2016-08-07 09:00:00,108,64,44
2016-08-07 10:00:00,138,81,57
2016-08-07 11:00:00,161,83,78
2016-08-07 12:00:00,180,80,100
2016-08-07 13:00:00,206,83,123
2016-08-07 14:00:00,143,74,69
2016-08-07 15:00:00,182,98,84
2016-08-07 16:00:00,111,54,57
2016-08-07 17:00:00,91,53,38
2016-08-07 18:00:00,54,19,35
2016-08-07 19:00:00,27,11,16
2016-08-07 20:00:00,15,6,9
2016-08-07 21:00:00,4,3,1
2016-08-07 22:00:00,1,0,1
2016-08-07 23:00:00,1,1,0
2016-08-08 00:00:00,1,1,0
2016-08-08 01:00:00,1,0,1
2016-08-08 02:00:00,0,0,0
2016-08-08 03:00:00,2,0,2
2016-08-08 04:00:00,7,1,6
2016-08-08 05:00:00,15,5,10
2016-08-08 06:00:00,33,7,26
2016-08-08 07:00:00,60,14,46
2016-08-08 08:00:00,80,21,59
2016-08-08 09:00:00,47,18,29
2016-08-08 10:00:00,47,22,25
2016-08-08 11:00:00,50,18,32
2016-08-08 12:00:00,43,19,24
2016-08-08 13:00:00,42,18,24
2016-08-08 14:00:00,48,23,25
2016-08-08 15:00:00,91,61,30
2016-08-08 16:00:00,118,69,49
2016-08-08 17:00:00,163,122,41
2016-08-08 18:00:00,156,87,69
2016-08-08 19:00:00,105,57,48
2016-08-08 20:00:00,32,15,17
2016-08-08 21:00:00,6,4,2
2016-08-08 22:00:00,1,0,1
2016-08-08 23:00:00,1,0,1
2016-08-09 00:00:00,2,1,1
2016-08-09 01:00:00,1,1,0
2016-08-09 02:00:00,0,0,0
2016-08-09 03:00:00,1,0,1
2016-08-09 04:00:00,4,0,4
2016-08-09 05:00:00,15,2,13
2016-08-09 06:00:00,54,8,46
2016-08-09 07:00:00,89,21,68
2016-08-09 08:00:00,95,33,62
2016-08-09 09:00:00,81,33,48
2016-08-09 10:00:00,60,25,35
2016-08-09 11:00:00,44,28,16
2016-08-09 12:00:00,74,40,34
2016-08-09 13:00:00,73,31,42
2016-08-09 14:00:00,60,27,33
2016-08-09 15:00:00,73,46,27
2016-08-09 16:00:00,132,85,47
2016-08-09 17:00:00,186,137,49
2016-08-09 18:00:00,140,92,48
2016-08-09 19:00:00,101,59,42
2016-08-09 20:00:00,32,17,15
2016-08-09 21:00:00,10,7,3
2016-08-09 22:00:00,1,0,1
2016-08-09 23:00:00,3,2,1
2016-08-10 00:00:00,2,2,0
2016-08-10 01:00:00,0,0,0
2016-08-10 02:00:00,0,0,0
2016-08-10 03:00:00,0,0,0
2016-08-10 04:00:00,5,2,3
2016-08-10 05:00:00,19,5,14
2016-08-10 06:00:00,68,20,48
2016-08-10 07:00:00,109,22,87
2016-08-10 08:00:00,125,24,101
2016-08-10 09:00:00,82,53,29
2016-08-10 10:00:00,74,30,44
2016-08-10 11:00:00,99,45,54
2016-08-10 12:00:00,91,42,49
2016-08-10 13:00:00,108,66,42
2016-08-10 14:00:00,80,45,35
2016-08-10 15:00:00,89,44,45
2016-08-10 16:00:00,142,96,46
2016-08-10 17:00:00,223,161,62
2016-08-10 18:00:00,195,126,69
2016-08-10 19:00:00,114,64,50
2016-08-10 20:00:00,85,42,43
2016-08-10 21:00:00,11,9,2
2016-08-10 22:00:00,4,2,2
2016-08-10 23:00:00,4,0,4
2016-08-11 00:00:00,1,0,1
2016-08-11 01:00:00,0,0,0
2016-08-11 02:00:00,0,0,0
2016-08-11 03:00:00,1,0,1
2016-08-11 04:00:00,3,0,3
2016-08-11 05:00:00,12,2,10
2016-08-11 06:00:00,59,14,45
2016-08-11 07:00:00,102,24,78
2016-08-11 08:00:00,120,36,84
2016-08-11 09:00:00,64,24,40
2016-08-11 10:00:00,85,37,48
2016-08-11 11:00:00,80,42,38
2016-08-11 12:00:00,86,46,40
2016-08-11 13:00:00,93,52,41
2016-08-11 14:00:00,86,47,39
2016-08-11 15:00:00,107,62,45
2016-08-11 16:00:00,146,104,42
2016-08-11 17:00:00,221,143,78
2016-08-11 18:00:00,176,114,62
2016-08-11 19:00:00,100,54,46
2016-08-11 20:00:00,64,35,29
2016-08-11 21:00:00,27,16,11
2016-08-11 22:00:00,8,5,3
2016-08-11 23:00:00,1,1,0
2016-08-12 00:00:00,2,2,0
2016-08-12 01:00:00,0,0,0
2016-08-12 02:00:00,0,0,0
2016-08-12 03:00:00,0,0,0
2016-08-12 04:00:00,4,2,2
2016-08-12 05:00:00,27,15,12
2016-08-12 06:00:00,793,705,88
2016-08-12 07:00:00,357,285,72
2016-08-12 08:00:00,114,32,82
2016-08-12 09:00:00,89,36,53
2016-08-12 10:00:00,77,37,40
2016-08-12 11:00:00,122,59,63
2016-08-12 12:00:00,84,41,43
2016-08-12 13:00:00,108,58,50
2016-08-12 14:00:00,108,60,48
2016-08-12 15:00:00,121,80,41
2016-08-12 16:00:00,144,99,45
2016-08-12 17:00:00,164,127,37
2016-08-12 18:00:00,135,94,41
2016-08-12 19:00:00,78,41,37
2016-08-12 20:00:00,48,23,25
2016-08-12 21:00:00,23,14,9
2016-08-12 22:00:00,7,4,3
2016-08-12 23:00:00,5,2,3
2016-08-13 00:00:00,0,0,0
2016-08-13 01:00:00,0,0,0
2016-08-13 02:00:00,1,1,0
2016-08-13 03:00:00,0,0,0
2016-08-13 04:00:00,0,0,0
2016-08-13 05:00:00,6,5,1
2016-08-13 06:00:00,636,590,46
2016-08-13 07:00:00,377,357,20
2016-08-13 08:00:00,109,72,37
2016-08-13 09:00:00,138,72,66
2016-08-13 10:00:00,238,145,93
2016-08-13 11:00:00,207,113,94
2016-08-13 12:00:00,261,136,125
2016-08-13 13:00:00,194,98,96
2016-08-13 14:00:00,159,74,85
2016-08-13 15:00:00,172,95,77
2016-08-13 16:00:00,151,72,79
2016-08-13 17:00:00,146,56,90
2016-08-13 18:00:00,87,33,54
2016-08-13 19:00:00,76,33,43
2016-08-13 20:00:00,55,22,33
2016-08-13 21:00:00,24,9,15
2016-08-13 22:00:00,8,2,6
2016-08-13 23:00:00,3,2,1
2016-08-14 00:00:00,3,1,2
2016-08-14 01:00:00,0,0,0
2016-08-14 02:00:00,2,1,1
2016-08-14 03:00:00,1,0,1
2016-08-14 04:00:00,0,0,0
2016-08-14 05:00:00,3,2,1
2016-08-14 06:00:00,7,6,1
2016-08-14 07:00:00,60,32,28
2016-08-14 08:00:00,84,45,39
2016-08-14 09:00:00,150,76,74
2016-08-14 10:00:00,183,93,90
2016-08-14 11:00:00,203,108,95
2016-08-14 12:00:00,198,100,98
2016-08-14 13:00:00,266,150,116
2016-08-14 14:00:00,246,117,129
2016-08-14 15:00:00,168,63,105
2016-08-14 16:00:00,178,94,84
2016-08-14 17:00:00,143,73,70
2016-08-14 18:00:00,78,40,38
2016-08-14 19:00:00,86,34,52
2016-08-14 20:00:00,43,19,24
2016-08-14 21:00:00,12,3,9
2016-08-14 22:00:00,6,1,5
2016-08-14 23:00:00,2,2,0
2016-08-15 00:00:00,0,0,0
2016-08-15 01:00:00,0,0,0
2016-08-15 02:00:00,0,0,0
2016-08-15 03:00:00,2,0,2
2016-08-15 04:00:00,2,0,2
2016-08-15 05:00:00,10,2,8
2016-08-15 06:00:00,55,8,47
2016-08-15 07:00:00,101,13,88
2016-08-15 08:00:00,110,32,78
2016-08-15 09:00:00,94,37,57
2016-08-15 10:00:00,78,41,37
2016-08-15 11:00:00,122,67,55
2016-08-15 12:00:00,71,32,39
2016-08-15 13:00:00,92,49,43
2016-08-15 14:00:00,78,41,37
2016-08-15 15:00:00,97,62,35
2016-08-15 16:00:00,121,82,39
2016-08-15 17:00:00,207,133,74
2016-08-15 18:00:00,171,111,60
2016-08-15 19:00:00,135,78,57
2016-08-15 20:00:00,49,19,30
2016-08-15 21:00:00,17,9,8
2016-08-15 22:00:00,3,2,1
2016-08-15 23:00:00,1,0,1
2016-08-16 00:00:00,1,1,0
2016-08-16 01:00:00,0,0,0
2016-08-16 02:00:00,1,1,0
2016-08-16 03:00:00,3,0,3
2016-08-16 04:00:00,6,2,4
2016-08-16 05:00:00,18,4,14
2016-08-16 06:00:00,62,16,46
2016-08-16 07:00:00,113,22,91
2016-08-16 08:00:00,114,28,86
2016-08-16 09:00:00,99,40,59
2016-08-16 10:00:00,77,34,43
2016-08-16 11:00:00,97,48,49
2016-08-16 12:00:00,88,47,41
2016-08-16 13:00:00,66,35,31
2016-08-16 14:00:00,96,63,33
2016-08-16 15:00:00,121,63,58
2016-08-16 16:00:00,154,110,44
2016-08-16 17:00:00,239,172,67
2016-08-16 18:00:00,185,121,64
2016-08-16 19:00:00,110,63,47
2016-08-16 20:00:00,67,35,32
2016-08-16 21:00:00,12,8,4
2016-08-16 22:00:00,3,1,2
2016-08-16 23:00:00,3,1,2
2016-08-17 00:00:00,3,2,1
2016-08-17 01:00:00,1,0,1
2016-08-17 02:00:00,2,1,1
2016-08-17 03:00:00,0,0,0
2016-08-17 04:00:00,5,0,5
2016-08-17 05:00:00,14,2,12
2016-08-17 06:00:00,53,15,38
2016-08-17 07:00:00,102,28,74
2016-08-17 08:00:00,134,31,103
2016-08-17 09:00:00,90,38,52
2016-08-17 10:00:00,72,42,30
2016-08-17 11:00:00,102,43,59
2016-08-17 12:00:00,83,38,45
2016-08-17 13:00:00,108,47,61
2016-08-17 14:00:00,90,43,47
2016-08-17 15:00:00,100,56,44
2016-08-17 16:00:00,145,90,55
2016-08-17 17:00:00,214,153,61
2016-08-17 18:00:00,197,124,73
2016-08-17 19:00:00,142,81,61
2016-08-17 20:00:00,63,34,29
2016-08-17 21:00:00,13,8,5
2016-08-17 22:00:00,12,3,9
2016-08-17 23:00:00,5,1,4
2016-08-18 00:00:00,1,1,0
2016-08-18 01:00:00,2,1,1
2016-08-18 02:00:00,2,0,2
2016-08-18 03:00:00,1,0,1
2016-08-18 04:00:00,5,2,3
2016-08-18 05:00:00,9,1,8
2016-08-18 06:00:00,71,14,57
2016-08-18 07:00:00,103,30,73
2016-08-18 08:00:00,102,33,69
2016-08-18 09:00:00,103,45,58
2016-08-18 10:00:00,79,44,35
2016-08-18 11:00:00,94,55,39
2016-08-18 12:00:00,74,25,49
2016-08-18 13:00:00,91,34,57
2016-08-18 14:00:00,116,47,69
2016-08-18 15:00:00,80,45,35
2016-08-18 16:00:00,133,97,36
2016-08-18 17:00:00,157,112,45
2016-08-18 18:00:00,167,119,48
2016-08-18 19:00:00,123,71,52
2016-08-18 20:00:00,68,26,42
2016-08-18 21:00:00,23,6,17
2016-08-18 22:00:00,8,3,5
2016-08-18 23:00:00,3,2,1
2016-08-19 00:00:00,3,2,1
2016-08-19 01:00:00,2,1,1
2016-08-19 02:00:00,0,0,0
2016-08-19 03:00:00,2,0,2
2016-08-19 04:00:00,3,0,3
2016-08-19 05:00:00,19,7,12
2016-08-19 06:00:00,53,12,41
2016-08-19 07:00:00,104,27,77
2016-08-19 08:00:00,137,53,84
2016-08-19 09:00:00,98,49,49
2016-08-19 10:00:00,98,47,51
2016-08-19 11:00:00,84,45,39
2016-08-19 12:00:00,79,40,39
2016-08-19 13:00:00,82,49,33
2016-08-19 14:00:00,81,53,28
2016-08-19 15:00:00,105,45,60
2016-08-19 16:00:00,138,92,46
2016-08-19 17:00:00,140,103,37
2016-08-19 18:00:00,121,78,43
2016-08-19 19:00:00,79,34,45
2016-08-19 20:00:00,49,18,31
2016-08-19 21:00:00,22,4,18
2016-08-19 22:00:00,12,5,7
2016-08-19 23:00:00,7,3,4
2016-08-20 00:00:00,2,2,0
2016-08-20 01:00:00,3,2,1
2016-08-20 02:00:00,0,0,0
2016-08-20 03:00:00,0,0,0
2016-08-20 04:00:00,0,0,0
2016-08-20 05:00:00,2,2,0
2016-08-20 06:00:00,15,8,7
2016-08-20 07:00:00,69,52,17
2016-08-20 08:00:00,93,56,37
2016-08-20 09:00:00,174,83,91
2016-08-20 10:00:00,217,130,87
2016-08-20 11:00:00,211,113,98
2016-08-20 12:00:00,184,104,80
2016-08-20 13:00:00,155,84,71
2016-08-20 14:00:00,156,76,80
2016-08-20 15:00:00,127,73,54
2016-08-20 16:00:00,111,60,51
2016-08-20 17:00:00,79,47,32
2016-08-20 18:00:00,89,33,56
2016-08-20 19:00:00,46,23,23
2016-08-20 20:00:00,32,7,25
2016-08-20 21:00:00,9,3,6
2016-08-20 22:00:00,7,3,4
2016-08-20 23:00:00,5,2,3
2016-08-21 00:00:00,3,2,1
2016-08-21 01:00:00,6,5,1
2016-08-21 02:00:00,0,0,0
2016-08-21 03:00:00,0,0,0
2016-08-21 04:00:00,3,0,3
2016-08-21 05:00:00,5,3,2
2016-08-21 06:00:00,17,9,8
2016-08-21 07:00:00,62,40,22
2016-08-21 08:00:00,81,44,37
2016-08-21 09:00:00,121,80,41
2016-08-21 10:00:00,144,77,67
2016-08-21 11:00:00,193,80,113
2016-08-21 12:00:00,138,77,61
2016-08-21 13:00:00,143,56,87
2016-08-21 14:00:00,187,85,102
2016-08-21 15:00:00,177,92,85
2016-08-21 16:00:00,176,93,83
2016-08-21 17:00:00,121,37,84
2016-08-21 18:00:00,84,37,47
2016-08-21 19:00:00,43,18,25
2016-08-21 20:00:00,28,8,20
2016-08-21 21:00:00,7,2,5
2016-08-21 22:00:00,4,3,1
2016-08-21 23:00:00,0,0,0
2016-08-22 00:00:00,1,0,1
2016-08-22 01:00:00,1,0,1
2016-08-22 02:00:00,2,1,1
2016-08-22 03:00:00,1,0,1
2016-08-22 04:00:00,4,0,4
2016-08-22 05:00:00,12,2,10
2016-08-22 06:00:00,42,6,36
2016-08-22 07:00:00,93,19,74
2016-08-22 08:00:00,112,35,77
2016-08-22 09:00:00,75,29,46
2016-08-22 10:00:00,67,23,44
2016-08-22 11:00:00,62,36,26
2016-08-22 12:00:00,48,24,24
2016-08-22 13:00:00,73,33,40
2016-08-22 14:00:00,81,42,39
2016-08-22 15:00:00,96,54,42
2016-08-22 16:00:00,135,91,44
2016-08-22 17:00:00,195,135,60
2016-08-22 18:00:00,169,105,64
2016-08-22 19:00:00,98,54,44
2016-08-22 20:00:00,37,19,18
2016-08-22 21:00:00,8,4,4
2016-08-22 22:00:00,4,1,3
2016-08-22 23:00:00,1,1,0
2016-08-23 00:00:00,5,4,1
2016-08-23 01:00:00,0,0,0
2016-08-23 02:00:00,0,0,0
2016-08-23 03:00:00,1,0,1
2016-08-23 04:00:00,4,1,3
2016-08-23 05:00:00,16,3,13
2016-08-23 06:00:00,67,13,54
2016-08-23 07:00:00,119,26,93
2016-08-23 08:00:00,107,35,72
2016-08-23 09:00:00,85,29,56
2016-08-23 10:00:00,80,42,38
2016-08-23 11:00:00,75,35,40
2016-08-23 12:00:00,84,33,51
2016-08-23 13:00:00,58,35,23
2016-08-23 14:00:00,91,44,47
2016-08-23 15:00:00,83,43,40
2016-08-23 16:00:00,148,92,56
2016-08-23 17:00:00,234,168,66
2016-08-23 18:00:00,228,155,73
2016-08-23 19:00:00,127,83,44
2016-08-23 20:00:00,48,19,29
2016-08-23 21:00:00,10,2,8
2016-08-23 22:00:00,5,2,3
2016-08-23 23:00:00,2,1,1
2016-08-24 00:00:00,3,2,1
2016-08-24 01:00:00,0,0,0
2016-08-24 02:00:00,1,1,0
2016-08-24 03:00:00,0,0,0
2016-08-24 04:00:00,6,0,6
2016-08-24 05:00:00,20,7,13
2016-08-24 06:00:00,56,11,45
2016-08-24 07:00:00,108,21,87
2016-08-24 08:00:00,116,42,74
2016-08-24 09:00:00,104,36,68
2016-08-24 10:00:00,78,44,34
2016-08-24 11:00:00,95,38,57
2016-08-24 12:00:00,57,26,31
2016-08-24 13:00:00,93,37,56
2016-08-24 14:00:00,83,41,42
2016-08-24 15:00:00,101,68,33
2016-08-24 16:00:00,134,95,39
2016-08-24 17:00:00,234,156,78
2016-08-24 18:00:00,194,141,53
2016-08-24 19:00:00,94,49,45
2016-08-24 20:00:00,53,30,23
2016-08-24 21:00:00,19,6,13
2016-08-24 22:00:00,6,3,3
2016-08-24 23:00:00,1,1,0
2016-08-25 00:00:00,2,2,0
2016-08-25 01:00:00,0,0,0
2016-08-25 02:00:00,1,0,1
2016-08-25 03:00:00,2,0,2
2016-08-25 04:00:00,2,0,2
2016-08-25 05:00:00,14,3,11
2016-08-25 06:00:00,63,13,50
2016-08-25 07:00:00,106,25,81
2016-08-25 08:00:00,113,44,69
2016-08-25 09:00:00,92,32,60
2016-08-25 10:00:00,75,31,44
2016-08-25 11:00:00,112,58,54
2016-08-25 12:00:00,63,42,21
2016-08-25 13:00:00,79,46,33
2016-08-25 14:00:00,82,43,39
2016-08-25 15:00:00,76,38,38
2016-08-25 16:00:00,134,102,32
2016-08-25 17:00:00,199,144,55
2016-08-25 18:00:00,164,108,56
2016-08-25 19:00:00,114,59,55
2016-08-25 20:00:00,53,30,23
2016-08-25 21:00:00,17,11,6
2016-08-25 22:00:00,8,6,2
2016-08-25 23:00:00,4,1,3
2016-08-26 00:00:00,0,0,0
2016-08-26 01:00:00,0,0,0
2016-08-26 02:00:00,0,0,0
2016-08-26 03:00:00,1,0,1
2016-08-26 04:00:00,3,0,3
2016-08-26 05:00:00,12,6,6
2016-08-26 06:00:00,62,14,48
2016-08-26 07:00:00,95,24,71
2016-08-26 08:00:00,109,44,65
2016-08-26 09:00:00,74,29,45
2016-08-26 10:00:00,92,45,47
2016-08-26 11:00:00,83,34,49
2016-08-26 12:00:00,82,47,35
2016-08-26 13:00:00,77,50,27
2016-08-26 14:00:00,77,43,34
2016-08-26 15:00:00,101,60,41
2016-08-26 16:00:00,119,80,39
2016-08-26 17:00:00,181,106,75
2016-08-26 18:00:00,130,73,57
2016-08-26 19:00:00,72,36,36
2016-08-26 20:00:00,32,17,15
2016-08-26 21:00:00,13,5,8
2016-08-26 22:00:00,6,3,3
2016-08-26 23:00:00,2,0,2
2016-08-27 00:00:00,0,0,0
2016-08-27 01:00:00,1,1,0
2016-08-27 02:00:00,1,1,0
2016-08-27 03:00:00,0,0,0
2016-08-27 04:00:00,0,0,0
2016-08-27 05:00:00,2,0,2
2016-08-27 06:00:00,18,12,6
2016-08-27 07:00:00,81,53,28
2016-08-27 08:00:00,84,53,31
2016-08-27 09:00:00,103,55,48
2016-08-27 10:00:00,165,106,59
2016-08-27 11:00:00,188,110,78
2016-08-27 12:00:00,192,103,89
2016-08-27 13:00:00,140,67,73
2016-08-27 14:00:00,169,94,75
2016-08-27 15:00:00,142,77,65
2016-08-27 16:00:00,121,54,67
2016-08-27 17:00:00,115,48,67
2016-08-27 18:00:00,93,32,61
2016-08-27 19:00:00,36,19,17
2016-08-27 20:00:00,28,12,16
2016-08-27 21:00:00,5,1,4
2016-08-27 22:00:00,7,1,6
2016-08-27 23:00:00,4,1,3
2016-08-28 00:00:00,0,0,0
2016-08-28 01:00:00,2,2,0
2016-08-28 02:00:00,0,0,0
2016-08-28 03:00:00,1,0,1
2016-08-28 04:00:00,1,1,0
2016-08-28 05:00:00,1,0,1
2016-08-28 06:00:00,10,9,1
2016-08-28 07:00:00,35,20,15
2016-08-28 08:00:00,83,62,21
2016-08-28 09:00:00,159,119,40
2016-08-28 10:00:00,142,67,75
2016-08-28 11:00:00,234,135,99
2016-08-28 12:00:00,255,112,143
2016-08-28 13:00:00,221,120,101
2016-08-28 14:00:00,191,89,102
2016-08-28 15:00:00,178,94,84
2016-08-28 16:00:00,151,58,93
2016-08-28 17:00:00,89,41,48
2016-08-28 18:00:00,66,22,44
2016-08-28 19:00:00,22,8,14
2016-08-28 20:00:00,11,4,7
2016-08-28 21:00:00,9,4,5
2016-08-28 22:00:00,4,3,1
2016-08-28 23:00:00,2,1,1
2016-08-29 00:00:00,2,2,0
2016-08-29 01:00:00,0,0,0
2016-08-29 02:00:00,0,0,0
2016-08-29 03:00:00,2,0,2
2016-08-29 04:00:00,5,0,5
2016-08-29 05:00:00,10,3,7
2016-08-29 06:00:00,51,12,39
2016-08-29 07:00:00,96,20,76
2016-08-29 08:00:00,86,24,62
2016-08-29 09:00:00,82,39,43
2016-08-29 10:00:00,44,22,22
2016-08-29 11:00:00,91,37,54
2016-08-29 12:00:00,65,36,29
2016-08-29 13:00:00,107,57,50
2016-08-29 14:00:00,91,49,42
2016-08-29 15:00:00,111,74,37
2016-08-29 16:00:00,159,89,70
2016-08-29 17:00:00,237,168,69
2016-08-29 18:00:00,195,106,89
2016-08-29 19:00:00,110,66,44
2016-08-29 20:00:00,53,20,33
2016-08-29 21:00:00,6,3,3
2016-08-29 22:00:00,1,1,0
2016-08-29 23:00:00,1,1,0
2016-08-30 00:00:00,0,0,0
2016-08-30 01:00:00,2,1,1
2016-08-30 02:00:00,1,1,0
2016-08-30 03:00:00,1,0,1
2016-08-30 04:00:00,4,0,4
2016-08-30 05:00:00,14,3,11
2016-08-30 06:00:00,54,14,40
2016-08-30 07:00:00,106,23,83
2016-08-30 08:00:00,109,32,77
2016-08-30 09:00:00,82,26,56
2016-08-30 10:00:00,61,20,41
2016-08-30 11:00:00,61,37,24
2016-08-30 12:00:00,47,24,23
2016-08-30 13:00:00,63,31,32
2016-08-30 14:00:00,63,33,30
2016-08-30 15:00:00,82,51,31
2016-08-30 16:00:00,144,100,44
2016-08-30 17:00:00,202,146,56
2016-08-30 18:00:00,157,107,50
2016-08-30 19:00:00,105,55,50
2016-08-30 20:00:00,36,21,15
2016-08-30 21:00:00,11,7,4
2016-08-30 22:00:00,4,0,4
2016-08-30 23:00:00,3,2,1
2016-08-31 00:00:00,1,1,0
2016-08-31 01:00:00,3,3,0
2016-08-31 02:00:00,1,1,0
2016-08-31 03:00:00,2,0,2
2016-08-31 04:00:00,5,0,5
2016-08-31 05:00:00,11,2,9
2016-08-31 06:00:00,43,7,36
2016-08-31 07:00:00,102,26,76
2016-08-31 08:00:00,85,16,69
2016-08-31 09:00:00,51,22,29
2016-08-31 10:00:00,50,28,22
2016-08-31 11:00:00,56,25,31
2016-08-31 12:00:00,41,15,26
2016-08-31 13:00:00,29,9,20
2016-08-31 14:00:00,28,17,11
2016-08-31 15:00:00,39,30,9
2016-08-31 16:00:00,98,64,34
2016-08-31 17:00:00,151,107,44
2016-08-31 18:00:00,142,104,38
2016-08-31 19:00:00,54,29,25
2016-08-31 20:00:00,22,12,10
2016-08-31 21:00:00,12,9,3
2016-08-31 22:00:00,4,2,2
2016-08-31 23:00:00,0,0,0
2016-09-01 00:00:00,1,1,0
2016-09-01 01:00:00,0,0,0
2016-09-01 02:00:00,1,1,0
2016-09-01 03:00:00,1,0,1
2016-09-01 04:00:00,5,0,5
2016-09-01 05:00:00,8,1,7
2016-09-01 06:00:00,37,12,25
2016-09-01 07:00:00,100,31,69
2016-09-01 08:00:00,84,23,61
2016-09-01 09:00:00,54,27,27
2016-09-01 10:00:00,53,25,28
2016-09-01 11:00:00,56,23,33
2016-09-01 12:00:00,29,17,12
2016-09-01 13:00:00,44,20,24
2016-09-01 14:00:00,41,19,22
2016-09-01 15:00:00,64,32,32
2016-09-01 16:00:00,75,47,28
2016-09-01 17:00:00,105,79,26
2016-09-01 18:00:00,85,62,23
2016-09-01 19:00:00,39,20,19
2016-09-01 20:00:00,24,10,14
2016-09-01 21:00:00,3,3,0
2016-09-01 22:00:00,4,1,3
2016-09-01 23:00:00,2,2,0
2016-09-02 00:00:00,0,0,0
2016-09-02 01:00:00,0,0,0
2016-09-02 02:00:00,0,0,0
2016-09-02 03:00:00,0,0,0
2016-09-02 04:00:00,3,0,3
2016-09-02 05:00:00,7,4,3
2016-09-02 06:00:00,27,7,20
2016-09-02 07:00:00,28,4,24
2016-09-02 08:00:00,46,10,36
2016-09-02 09:00:00,24,9,15
2016-09-02 10:00:00,10,5,5
2016-09-02 11:00:00,11,4,7
2016-09-02 12:00:00,11,6,5
2016-09-02 13:00:00,23,15,8
2016-09-02 14:00:00,47,25,22
2016-09-02 15:00:00,42,17,25
2016-09-02 16:00:00,35,26,9
2016-09-02 17:00:00,51,38,13
2016-09-02 18:00:00,45,34,11
2016-09-02 19:00:00,13,10,3
2016-09-02 20:00:00,12,7,5
2016-09-02 21:00:00,1,1,0
2016-09-02 22:00:00,4,4,0
2016-09-02 23:00:00,0,0,0
2016-09-03 00:00:00,0,0,0
2016-09-03 01:00:00,0,0,0
2016-09-03 02:00:00,0,0,0
2016-09-03 03:00:00,0,0,0
2016-09-03 04:00:00,1,1,0
2016-09-03 05:00:00,3,1,2
2016-09-03 06:00:00,6,5,1
2016-09-03 07:00:00,28,15,13
2016-09-03 08:00:00,55,38,17
2016-09-03 09:00:00,42,17,25
2016-09-03 10:00:00,50,27,23
2016-09-03 11:00:00,62,34,28
2016-09-03 12:00:00,98,45,53
2016-09-03 13:00:00,64,37,27
2016-09-03 14:00:00,117,79,38
2016-09-03 15:00:00,134,63,71
2016-09-03 16:00:00,171,82,89
2016-09-03 17:00:00,102,49,53
2016-09-03 18:00:00,97,52,45
2016-09-03 19:00:00,58,22,36
2016-09-03 20:00:00,23,5,18
2016-09-03 21:00:00,8,2,6
2016-09-03 22:00:00,2,1,1
2016-09-03 23:00:00,3,2,1
2016-09-04 00:00:00,2,2,0
2016-09-04 01:00:00,0,0,0
2016-09-04 02:00:00,0,0,0
2016-09-04 03:00:00,0,0,0
2016-09-04 04:00:00,0,0,0
2016-09-04 05:00:00,4,2,2
2016-09-04 06:00:00,11,7,4
2016-09-04 07:00:00,23,14,9
2016-09-04 08:00:00,52,26,26
2016-09-04 09:00:00,88,60,28
2016-09-04 10:00:00,138,78,60
2016-09-04 11:00:00,164,87,77
2016-09-04 12:00:00,193,101,92
2016-09-04 13:00:00,187,95,92
2016-09-04 14:00:00,220,124,96
2016-09-04 15:00:00,218,102,116
2016-09-04 16:00:00,214,114,100
2016-09-04 17:00:00,150,60,90
2016-09-04 18:00:00,129,49,80
2016-09-04 19:00:00,51,10,41
2016-09-04 20:00:00,28,17,11
2016-09-04 21:00:00,16,5,11
2016-09-04 22:00:00,15,3,12
2016-09-04 23:00:00,0,0,0
2016-09-05 00:00:00,0,0,0
2016-09-05 01:00:00,1,1,0
2016-09-05 02:00:00,0,0,0
2016-09-05 03:00:00,1,0,1
2016-09-05 04:00:00,0,0,0
2016-09-05 05:00:00,3,2,1
2016-09-05 06:00:00,12,8,4
2016-09-05 07:00:00,37,18,19
2016-09-05 08:00:00,67,44,23
2016-09-05 09:00:00,95,50,45
2016-09-05 10:00:00,110,63,47
2016-09-05 11:00:00,206,110,96
2016-09-05 12:00:00,198,103,95
2016-09-05 13:00:00,182,105,77
2016-09-05 14:00:00,239,128,111
2016-09-05 15:00:00,224,126,98
2016-09-05 16:00:00,159,77,82
2016-09-05 17:00:00,100,36,64
2016-09-05 18:00:00,78,26,52
2016-09-05 19:00:00,41,15,26
2016-09-05 20:00:00,16,8,8
2016-09-05 21:00:00,5,2,3
2016-09-05 22:00:00,5,3,2
2016-09-05 23:00:00,2,0,2
2016-09-06 00:00:00,0,0,0
2016-09-06 01:00:00,0,0,0
2016-09-06 02:00:00,0,0,0
2016-09-06 03:00:00,0,0,0
2016-09-06 04:00:00,4,0,4
2016-09-06 05:00:00,10,1,9
2016-09-06 06:00:00,23,2,21
2016-09-06 07:00:00,45,9,36
2016-09-06 08:00:00,58,19,39
2016-09-06 09:00:00,39,11,28
2016-09-06 10:00:00,26,8,18
2016-09-06 11:00:00,41,16,25
2016-09-06 12:00:00,29,18,11
2016-09-06 13:00:00,39,22,17
2016-09-06 14:00:00,54,30,24
2016-09-06 15:00:00,72,40,32
2016-09-06 16:00:00,72,42,30
2016-09-06 17:00:00,135,92,43
2016-09-06 18:00:00,118,75,43
2016-09-06 19:00:00,58,34,24
2016-09-06 20:00:00,14,9,5
2016-09-06 21:00:00,4,1,3
2016-09-06 22:00:00,0,0,0
2016-09-06 23:00:00,3,3,0
2016-09-07 00:00:00,2,2,0
2016-09-07 01:00:00,1,1,0
2016-09-07 02:00:00,0,0,0
2016-09-07 03:00:00,0,0,0
2016-09-07 04:00:00,3,2,1
2016-09-07 05:00:00,9,3,6
2016-09-07 06:00:00,35,5,30
2016-09-07 07:00:00,80,15,65
2016-09-07 08:00:00,77,24,53
2016-09-07 09:00:00,44,21,23
2016-09-07 10:00:00,47,25,22
2016-09-07 11:00:00,39,21,18
2016-09-07 12:00:00,36,19,17
2016-09-07 13:00:00,46,18,28
2016-09-07 14:00:00,38,22,16
2016-09-07 15:00:00,62,44,18
2016-09-07 16:00:00,80,50,30
2016-09-07 17:00:00,88,68,20
2016-09-07 18:00:00,69,51,18
2016-09-07 19:00:00,27,23,4
2016-09-07 20:00:00,5,3,2
2016-09-07 21:00:00,8,4,4
2016-09-07 22:00:00,4,4,0
2016-09-07 23:00:00,0,0,0
2016-09-08 00:00:00,1,0,1
2016-09-08 01:00:00,0,0,0
2016-09-08 02:00:00,3,3,0
2016-09-08 03:00:00,1,0,1
2016-09-08 04:00:00,4,0,4
2016-09-08 05:00:00,11,3,8
2016-09-08 06:00:00,44,11,33
2016-09-08 07:00:00,84,24,60
2016-09-08 08:00:00,75,18,57
2016-09-08 09:00:00,49,20,29
2016-09-08 10:00:00,46,23,23
2016-09-08 11:00:00,46,22,24
2016-09-08 12:00:00,45,22,23
2016-09-08 13:00:00,39,23,16
2016-09-08 14:00:00,54,31,23
2016-09-08 15:00:00,80,44,36
2016-09-08 16:00:00,123,79,44
2016-09-08 17:00:00,166,116,50
2016-09-08 18:00:00,154,92,62
2016-09-08 19:00:00,81,49,32
2016-09-08 20:00:00,18,7,11
2016-09-08 21:00:00,13,11,2
2016-09-08 22:00:00,5,4,1
2016-09-08 23:00:00,6,4,2
2016-09-09 00:00:00,3,2,1
2016-09-09 01:00:00,2,2,0
2016-09-09 02:00:00,0,0,0
2016-09-09 03:00:00,0,0,0
2016-09-09 04:00:00,6,1,5
2016-09-09 05:00:00,11,4,7
2016-09-09 06:00:00,60,15,45
2016-09-09 07:00:00,108,30,78
2016-09-09 08:00:00,80,26,54
2016-09-09 09:00:00,61,20,41
2016-09-09 10:00:00,57,26,31
2016-09-09 11:00:00,104,56,48
2016-09-09 12:00:00,83,36,47
2016-09-09 13:00:00,92,51,41
2016-09-09 14:00:00,97,58,39
2016-09-09 15:00:00,119,72,47
2016-09-09 16:00:00,153,98,55
2016-09-09 17:00:00,205,131,74
2016-09-09 18:00:00,121,69,52
2016-09-09 19:00:00,59,38,21
2016-09-09 20:00:00,10,5,5
2016-09-09 21:00:00,8,7,1
2016-09-09 22:00:00,5,1,4
2016-09-09 23:00:00,3,1,2
2016-09-10 00:00:00,3,3,0
2016-09-10 01:00:00,1,1,0
2016-09-10 02:00:00,0,0,0
2016-09-10 03:00:00,0,0,0
2016-09-10 04:00:00,0,0,0
2016-09-10 05:00:00,1,0,1
2016-09-10 06:00:00,14,12,2
2016-09-10 07:00:00,41,26,15
2016-09-10 08:00:00,69,46,23
2016-09-10 09:00:00,103,64,39
2016-09-10 10:00:00,162,94,68
2016-09-10 11:00:00,184,95,89
2016-09-10 12:00:00,222,105,117
2016-09-10 13:00:00,238,103,135
2016-09-10 14:00:00,231,98,133
2016-09-10 15:00:00,221,119,102
2016-09-10 16:00:00,199,104,95
2016-09-10 17:00:00,168,81,87
2016-09-10 18:00:00,116,53,63
2016-09-10 19:00:00,61,25,36
2016-09-10 20:00:00,10,3,7
2016-09-10 21:00:00,14,4,10
2016-09-10 22:00:00,5,3,2
2016-09-10 23:00:00,0,0,0
2016-09-11 00:00:00,1,1,0
2016-09-11 01:00:00,2,2,0
2016-09-11 02:00:00,0,0,0
2016-09-11 03:00:00,0,0,0
2016-09-11 04:00:00,2,1,1
2016-09-11 05:00:00,1,0,1
2016-09-11 06:00:00,11,10,1
2016-09-11 07:00:00,34,17,17
2016-09-11 08:00:00,73,40,33
2016-09-11 09:00:00,84,45,39
2016-09-11 10:00:00,137,88,49
2016-09-11 11:00:00,139,83,56
2016-09-11 12:00:00,138,68,70
2016-09-11 13:00:00,134,62,72
2016-09-11 14:00:00,159,81,78
2016-09-11 15:00:00,144,67,77
2016-09-11 16:00:00,134,70,64
2016-09-11 17:00:00,153,70,83
2016-09-11 18:00:00,87,32,55
2016-09-11 19:00:00,33,17,16
2016-09-11 20:00:00,14,6,8
2016-09-11 21:00:00,3,1,2
2016-09-11 22:00:00,1,0,1
2016-09-11 23:00:00,1,0,1
2016-09-12 00:00:00,1,1,0
2016-09-12 01:00:00,0,0,0
2016-09-12 02:00:00,0,0,0
2016-09-12 03:00:00,0,0,0
2016-09-12 04:00:00,4,0,4
2016-09-12 05:00:00,7,1,6
2016-09-12 06:00:00,41,7,34
2016-09-12 07:00:00,118,22,96
2016-09-12 08:00:00,117,37,80
2016-09-12 09:00:00,72,31,41
2016-09-12 10:00:00,60,30,30
2016-09-12 11:00:00,67,35,32
2016-09-12 12:00:00,68,29,39
2016-09-12 13:00:00,72,33,39
2016-09-12 14:00:00,61,28,33
2016-09-12 15:00:00,85,51,34
2016-09-12 16:00:00,135,76,59
2016-09-12 17:00:00,197,158,39
2016-09-12 18:00:00,154,103,51
2016-09-12 19:00:00,66,39,27
2016-09-12 20:00:00,19,13,6
2016-09-12 21:00:00,9,6,3
2016-09-12 22:00:00,2,0,2
2016-09-12 23:00:00,1,1,0
2016-09-13 00:00:00,1,1,0
2016-09-13 01:00:00,1,1,0
2016-09-13 02:00:00,0,0,0
2016-09-13 03:00:00,0,0,0
2016-09-13 04:00:00,6,2,4
2016-09-13 05:00:00,20,4,16
2016-09-13 06:00:00,55,10,45
2016-09-13 07:00:00,121,30,91
2016-09-13 08:00:00,113,33,80
2016-09-13 09:00:00,78,31,47
2016-09-13 10:00:00,59,25,34
2016-09-13 11:00:00,61,35,26
2016-09-13 12:00:00,75,34,41
2016-09-13 13:00:00,80,35,45
2016-09-13 14:00:00,64,33,31
2016-09-13 15:00:00,85,55,30
2016-09-13 16:00:00,145,100,45
2016-09-13 17:00:00,199,140,59
2016-09-13 18:00:00,187,122,65
2016-09-13 19:00:00,71,45,26
2016-09-13 20:00:00,29,14,15
2016-09-13 21:00:00,5,1,4
2016-09-13 22:00:00,1,1,0
2016-09-13 23:00:00,4,4,0
2016-09-14 00:00:00,1,1,0
2016-09-14 01:00:00,0,0,0
2016-09-14 02:00:00,1,1,0
2016-09-14 03:00:00,0,0,0
2016-09-14 04:00:00,4,0,4
2016-09-14 05:00:00,13,2,11
2016-09-14 06:00:00,50,12,38
2016-09-14 07:00:00,122,28,94
2016-09-14 08:00:00,113,36,77
2016-09-14 09:00:00,66,28,38
2016-09-14 10:00:00,48,23,25
2016-09-14 11:00:00,67,29,38
2016-09-14 12:00:00,56,33,23
2016-09-14 13:00:00,54,32,22
2016-09-14 14:00:00,72,46,26
2016-09-14 15:00:00,91,49,42
2016-09-14 16:00:00,146,92,54
2016-09-14 17:00:00,212,141,71
2016-09-14 18:00:00,163,105,58
2016-09-14 19:00:00,68,35,33
2016-09-14 20:00:00,26,11,15
2016-09-14 21:00:00,12,8,4
2016-09-14 22:00:00,9,4,5
2016-09-14 23:00:00,4,4,0
2016-09-15 00:00:00,0,0,0
2016-09-15 01:00:00,0,0,0
2016-09-15 02:00:00,0,0,0
2016-09-15 03:00:00,2,1,1
2016-09-15 04:00:00,5,1,4
2016-09-15 05:00:00,10,2,8
2016-09-15 06:00:00,48,13,35
2016-09-15 07:00:00,108,27,81
2016-09-15 08:00:00,86,20,66
2016-09-15 09:00:00,68,31,37
2016-09-15 10:00:00,38,18,20
2016-09-15 11:00:00,46,24,22
2016-09-15 12:00:00,58,37,21
2016-09-15 13:00:00,68,30,38
2016-09-15 14:00:00,91,49,42
2016-09-15 15:00:00,89,40,49
2016-09-15 16:00:00,121,78,43
2016-09-15 17:00:00,159,118,41
2016-09-15 18:00:00,133,78,55
2016-09-15 19:00:00,70,41,29
2016-09-15 20:00:00,24,11,13
2016-09-15 21:00:00,10,9,1
2016-09-15 22:00:00,1,1,0
2016-09-15 23:00:00,2,2,0
2016-09-16 00:00:00,0,0,0
2016-09-16 01:00:00,0,0,0
2016-09-16 02:00:00,0,0,0
2016-09-16 03:00:00,0,0,0
2016-09-16 04:00:00,5,1,4
2016-09-16 05:00:00,8,2,6
2016-09-16 06:00:00,46,13,33
2016-09-16 07:00:00,101,18,83
2016-09-16 08:00:00,91,28,63
2016-09-16 09:00:00,59,24,35
2016-09-16 10:00:00,53,21,32
2016-09-16 11:00:00,53,27,26
2016-09-16 12:00:00,90,41,49
2016-09-16 13:00:00,75,35,40
2016-09-16 14:00:00,85,42,43
2016-09-16 15:00:00,109,64,45
2016-09-16 16:00:00,135,87,48
2016-09-16 17:00:00,162,113,49
2016-09-16 18:00:00,124,76,48
2016-09-16 19:00:00,38,17,21
2016-09-16 20:00:00,20,12,8
2016-09-16 21:00:00,6,2,4
2016-09-16 22:00:00,3,3,0
2016-09-16 23:00:00,0,0,0
2016-09-17 00:00:00,6,6,0
2016-09-17 01:00:00,2,2,0
2016-09-17 02:00:00,0,0,0
2016-09-17 03:00:00,0,0,0
2016-09-17 04:00:00,2,1,1
2016-09-17 05:00:00,1,1,0
2016-09-17 06:00:00,3,2,1
2016-09-17 07:00:00,3,1,2
2016-09-17 08:00:00,21,13,8
2016-09-17 09:00:00,13,11,2
2016-09-17 10:00:00,55,37,18
2016-09-17 11:00:00,61,31,30
2016-09-17 12:00:00,51,22,29
2016-09-17 13:00:00,43,23,20
2016-09-17 14:00:00,38,18,20
2016-09-17 15:00:00,40,22,18
2016-09-17 16:00:00,38,9,29
2016-09-17 17:00:00,31,10,21
2016-09-17 18:00:00,28,13,15
2016-09-17 19:00:00,11,5,6
2016-09-17 20:00:00,12,10,2
2016-09-17 21:00:00,2,1,1
2016-09-17 22:00:00,2,0,2
2016-09-17 23:00:00,1,1,0
2016-09-18 00:00:00,0,0,0
2016-09-18 01:00:00,0,0,0
2016-09-18 02:00:00,0,0,0
2016-09-18 03:00:00,1,0,1
2016-09-18 04:00:00,0,0,0
2016-09-18 05:00:00,3,2,1
2016-09-18 06:00:00,5,4,1
2016-09-18 07:00:00,26,13,13
2016-09-18 08:00:00,35,20,15
2016-09-18 09:00:00,70,39,31
2016-09-18 10:00:00,115,68,47
2016-09-18 11:00:00,129,62,67
2016-09-18 12:00:00,159,84,75
2016-09-18 13:00:00,169,89,80
2016-09-18 14:00:00,136,63,73
2016-09-18 15:00:00,155,79,76
2016-09-18 16:00:00,144,75,69
2016-09-18 17:00:00,128,52,76
2016-09-18 18:00:00,64,28,36
2016-09-18 19:00:00,19,2,17
2016-09-18 20:00:00,6,3,3
2016-09-18 21:00:00,4,3,1
2016-09-18 22:00:00,1,1,0
2016-09-18 23:00:00,5,3,2
2016-09-19 00:00:00,1,1,0
2016-09-19 01:00:00,0,0,0
2016-09-19 02:00:00,0,0,0
2016-09-19 03:00:00,1,0,1
2016-09-19 04:00:00,4,0,4
2016-09-19 05:00:00,7,2,5
2016-09-19 06:00:00,32,6,26
2016-09-19 07:00:00,46,8,38
2016-09-19 08:00:00,55,10,45
2016-09-19 09:00:00,28,9,19
2016-09-19 10:00:00,32,19,13
2016-09-19 11:00:00,22,8,14
2016-09-19 12:00:00,26,9,17
2016-09-19 13:00:00,31,17,14
2016-09-19 14:00:00,35,18,17
2016-09-19 15:00:00,45,29,16
2016-09-19 16:00:00,60,46,14
2016-09-19 17:00:00,111,78,33
2016-09-19 18:00:00,79,56,23
2016-09-19 19:00:00,46,27,19
2016-09-19 20:00:00,13,11,2
2016-09-19 21:00:00,7,4,3
2016-09-19 22:00:00,2,1,1
2016-09-19 23:00:00,3,3,0
2016-09-20 00:00:00,1,0,1
2016-09-20 01:00:00,0,0,0
2016-09-20 02:00:00,0,0,0
2016-09-20 03:00:00,0,0,0
2016-09-20 04:00:00,6,1,5
2016-09-20 05:00:00,13,4,9
2016-09-20 06:00:00,37,5,32
2016-09-20 07:00:00,111,31,80
2016-09-20 08:00:00,120,31,89
2016-09-20 09:00:00,57,21,36
2016-09-20 10:00:00,36,17,19
2016-09-20 11:00:00,48,26,22
2016-09-20 12:00:00,55,31,24
2016-09-20 13:00:00,59,30,29
2016-09-20 14:00:00,55,31,24
2016-09-20 15:00:00,91,46,45
2016-09-20 16:00:00,133,84,49
2016-09-20 17:00:00,196,139,57
2016-09-20 18:00:00,154,100,54
2016-09-20 19:00:00,42,29,13
2016-09-20 20:00:00,10,6,4
2016-09-20 21:00:00,4,3,1
2016-09-20 22:00:00,1,1,0
2016-09-20 23:00:00,2,2,0
2016-09-21 00:00:00,2,2,0
2016-09-21 01:00:00,2,0,2
2016-09-21 02:00:00,1,1,0
2016-09-21 03:00:00,1,0,1
2016-09-21 04:00:00,6,0,6
2016-09-21 05:00:00,14,5,9
2016-09-21 06:00:00,39,4,35
2016-09-21 07:00:00,98,23,75
2016-09-21 08:00:00,101,34,67
2016-09-21 09:00:00,58,19,39
2016-09-21 10:00:00,60,29,31
2016-09-21 11:00:00,43,21,22
2016-09-21 12:00:00,49,20,29
2016-09-21 13:00:00,54,18,36
2016-09-21 14:00:00,60,33,27
2016-09-21 15:00:00,75,39,36
2016-09-21 16:00:00,133,84,49
2016-09-21 17:00:00,183,125,58
2016-09-21 18:00:00,127,91,36
2016-09-21 19:00:00,47,28,19
2016-09-21 20:00:00,18,8,10
2016-09-21 21:00:00,9,4,5
2016-09-21 22:00:00,2,2,0
2016-09-21 23:00:00,4,3,1
2016-09-22 00:00:00,2,1,1
2016-09-22 01:00:00,0,0,0
2016-09-22 02:00:00,0,0,0
2016-09-22 03:00:00,1,0,1
2016-09-22 04:00:00,4,2,2
2016-09-22 05:00:00,5,0,5
2016-09-22 06:00:00,48,10,38
2016-09-22 07:00:00,116,28,88
2016-09-22 08:00:00,83,15,68
2016-09-22 09:00:00,58,27,31
2016-09-22 10:00:00,52,22,30
2016-09-22 11:00:00,50,13,37
2016-09-22 12:00:00,67,32,35
2016-09-22 13:00:00,60,33,27
2016-09-22 14:00:00,90,52,38
2016-09-22 15:00:00,85,49,36
2016-09-22 16:00:00,116,79,37
2016-09-22 17:00:00,194,137,57
2016-09-22 18:00:00,141,76,65
2016-09-22 19:00:00,37,21,16
2016-09-22 20:00:00,16,12,4
2016-09-22 21:00:00,10,9,1
2016-09-22 22:00:00,3,2,1
2016-09-22 23:00:00,4,2,2
2016-09-23 00:00:00,0,0,0
2016-09-23 01:00:00,1,1,0
2016-09-23 02:00:00,0,0,0
2016-09-23 03:00:00,0,0,0
2016-09-23 04:00:00,5,0,5
2016-09-23 05:00:00,7,3,4
2016-09-23 06:00:00,27,8,19
2016-09-23 07:00:00,51,13,38
2016-09-23 08:00:00,48,10,38
2016-09-23 09:00:00,39,11,28
2016-09-23 10:00:00,26,7,19
2016-09-23 11:00:00,22,15,7
2016-09-23 12:00:00,26,13,13
2016-09-23 13:00:00,33,17,16
2016-09-23 14:00:00,29,16,13
2016-09-23 15:00:00,35,23,12
2016-09-23 16:00:00,58,40,18
2016-09-23 17:00:00,87,61,26
2016-09-23 18:00:00,64,48,16
2016-09-23 19:00:00,23,15,8
2016-09-23 20:00:00,9,6,3
2016-09-23 21:00:00,3,0,3
2016-09-23 22:00:00,4,4,0
2016-09-23 23:00:00,1,1,0
2016-09-24 00:00:00,2,2,0
2016-09-24 01:00:00,1,1,0
2016-09-24 02:00:00,0,0,0
2016-09-24 03:00:00,0,0,0
2016-09-24 04:00:00,1,1,0
2016-09-24 05:00:00,2,1,1
2016-09-24 06:00:00,6,4,2
2016-09-24 07:00:00,21,8,13
2016-09-24 08:00:00,52,28,24
2016-09-24 09:00:00,80,46,34
2016-09-24 10:00:00,98,62,36
2016-09-24 11:00:00,153,94,59
2016-09-24 12:00:00,169,85,84
2016-09-24 13:00:00,134,73,61
2016-09-24 14:00:00,137,67,70
2016-09-24 15:00:00,122,60,62
2016-09-24 16:00:00,104,43,61
2016-09-24 17:00:00,102,35,67
2016-09-24 18:00:00,54,22,32
2016-09-24 19:00:00,22,5,17
2016-09-24 20:00:00,2,2,0
2016-09-24 21:00:00,0,0,0
2016-09-24 22:00:00,4,2,2
2016-09-24 23:00:00,1,0,1
2016-09-25 00:00:00,1,1,0
2016-09-25 01:00:00,0,0,0
2016-09-25 02:00:00,0,0,0
2016-09-25 03:00:00,1,0,1
2016-09-25 04:00:00,0,0,0
2016-09-25 05:00:00,2,0,2
2016-09-25 06:00:00,7,3,4
2016-09-25 07:00:00,27,15,12
2016-09-25 08:00:00,48,35,13
2016-09-25 09:00:00,66,38,28
2016-09-25 10:00:00,138,78,60
2016-09-25 11:00:00,160,83,77
2016-09-25 12:00:00,183,94,89
2016-09-25 13:00:00,149,92,57
2016-09-25 14:00:00,165,79,86
2016-09-25 15:00:00,215,97,118
2016-09-25 16:00:00,169,77,92
2016-09-25 17:00:00,128,62,66
2016-09-25 18:00:00,80,28,52
2016-09-25 19:00:00,15,3,12
2016-09-25 20:00:00,8,7,1
2016-09-25 21:00:00,3,2,1
2016-09-25 22:00:00,0,0,0
2016-09-25 23:00:00,2,0,2
2016-09-26 00:00:00,2,2,0
2016-09-26 01:00:00,1,1,0
2016-09-26 02:00:00,0,0,0
2016-09-26 03:00:00,0,0,0
2016-09-26 04:00:00,5,2,3
2016-09-26 05:00:00,11,2,9
2016-09-26 06:00:00,43,7,36
2016-09-26 07:00:00,112,30,82
2016-09-26 08:00:00,106,31,75
2016-09-26 09:00:00,68,30,38
2016-09-26 10:00:00,54,24,30
2016-09-26 11:00:00,70,35,35
2016-09-26 12:00:00,85,44,41
2016-09-26 13:00:00,103,48,55
2016-09-26 14:00:00,110,59,51
2016-09-26 15:00:00,121,62,59
2016-09-26 16:00:00,126,65,61
2016-09-26 17:00:00,187,140,47
2016-09-26 18:00:00,125,84,41
2016-09-26 19:00:00,42,27,15
2016-09-26 20:00:00,9,8,1
2016-09-26 21:00:00,3,2,1
2016-09-26 22:00:00,1,1,0
2016-09-26 23:00:00,1,0,1
2016-09-27 00:00:00,2,2,0
2016-09-27 01:00:00,0,0,0
2016-09-27 02:00:00,0,0,0
2016-09-27 03:00:00,0,0,0
2016-09-27 04:00:00,7,2,5
2016-09-27 05:00:00,12,3,9
2016-09-27 06:00:00,37,4,33
2016-09-27 07:00:00,93,15,78
2016-09-27 08:00:00,109,27,82
2016-09-27 09:00:00,62,17,45
2016-09-27 10:00:00,52,24,28
2016-09-27 11:00:00,30,14,16
2016-09-27 12:00:00,43,20,23
2016-09-27 13:00:00,38,19,19
2016-09-27 14:00:00,44,27,17
2016-09-27 15:00:00,55,29,26
2016-09-27 16:00:00,117,82,35
2016-09-27 17:00:00,179,132,47
2016-09-27 18:00:00,136,95,41
2016-09-27 19:00:00,51,33,18
2016-09-27 20:00:00,13,10,3
2016-09-27 21:00:00,6,4,2
2016-09-27 22:00:00,4,2,2
2016-09-27 23:00:00,2,0,2
2016-09-28 00:00:00,1,1,0
2016-09-28 01:00:00,2,0,2
2016-09-28 02:00:00,2,2,0
2016-09-28 03:00:00,0,0,0
2016-09-28 04:00:00,7,1,6
2016-09-28 05:00:00,16,4,12
2016-09-28 06:00:00,42,4,38
2016-09-28 07:00:00,103,22,81
2016-09-28 08:00:00,102,23,79
2016-09-28 09:00:00,62,21,41
2016-09-28 10:00:00,50,21,29
2016-09-28 11:00:00,50,26,24
2016-09-28 12:00:00,41,17,24
2016-09-28 13:00:00,44,24,20
2016-09-28 14:00:00,61,46,15
2016-09-28 15:00:00,90,54,36
2016-09-28 16:00:00,96,64,32
2016-09-28 17:00:00,170,125,45
2016-09-28 18:00:00,146,92,54
2016-09-28 19:00:00,41,25,16
2016-09-28 20:00:00,24,11,13
2016-09-28 21:00:00,5,4,1
2016-09-28 22:00:00,11,9,2
2016-09-28 23:00:00,2,2,0
2016-09-29 00:00:00,1,1,0
2016-09-29 01:00:00,0,0,0
2016-09-29 02:00:00,0,0,0
2016-09-29 03:00:00,0,0,0
2016-09-29 04:00:00,3,1,2
2016-09-29 05:00:00,12,2,10
2016-09-29 06:00:00,39,7,32
2016-09-29 07:00:00,110,24,86
2016-09-29 08:00:00,97,23,74
2016-09-29 09:00:00,67,29,38
2016-09-29 10:00:00,46,18,28
2016-09-29 11:00:00,49,21,28
2016-09-29 12:00:00,61,27,34
2016-09-29 13:00:00,46,25,21
2016-09-29 14:00:00,68,41,27
2016-09-29 15:00:00,76,49,27
2016-09-29 16:00:00,95,64,31
2016-09-29 17:00:00,177,125,52
2016-09-29 18:00:00,130,84,46
2016-09-29 19:00:00,46,24,22
2016-09-29 20:00:00,13,8,5
2016-09-29 21:00:00,8,7,1
2016-09-29 22:00:00,2,2,0
2016-09-29 23:00:00,2,1,1
2016-09-30 00:00:00,1,1,0
2016-09-30 01:00:00,0,0,0
2016-09-30 02:00:00,0,0,0
2016-09-30 03:00:00,0,0,0
2016-09-30 04:00:00,3,0,3
2016-09-30 05:00:00,11,2,9
2016-09-30 06:00:00,45,10,35
2016-09-30 07:00:00,87,19,68
2016-09-30 08:00:00,96,24,72
2016-09-30 09:00:00,61,24,37
2016-09-30 10:00:00,44,18,26
2016-09-30 11:00:00,59,31,28
2016-09-30 12:00:00,65,21,44
2016-09-30 13:00:00,68,40,28
2016-09-30 14:00:00,66,34,32
2016-09-30 15:00:00,113,66,47
2016-09-30 16:00:00,123,74,49
2016-09-30 17:00:00,158,101,57
2016-09-30 18:00:00,97,67,30
2016-09-30 19:00:00,46,25,21
2016-09-30 20:00:00,8,6,2
2016-09-30 21:00:00,21,18,3
2016-09-30 22:00:00,9,6,3
2016-09-30 23:00:00,8,8,0
2016-10-01 00:00:00,1,1,0
2016-10-01 01:00:00,0,0,0
2016-10-01 02:00:00,0,0,0
2016-10-01 03:00:00,0,0,0
2016-10-01 04:00:00,0,0,0
2016-10-01 05:00:00,1,1,0
2016-10-01 06:00:00,6,2,4
2016-10-01 07:00:00,21,15,6
2016-10-01 08:00:00,51,37,14
2016-10-01 09:00:00,64,42,22
2016-10-01 10:00:00,71,28,43
2016-10-01 11:00:00,69,31,38
2016-10-01 12:00:00,75,40,35
2016-10-01 13:00:00,51,20,31
2016-10-01 14:00:00,38,20,18
2016-10-01 15:00:00,48,24,24
2016-10-01 16:00:00,46,24,22
2016-10-01 17:00:00,37,18,19
2016-10-01 18:00:00,23,9,14
2016-10-01 19:00:00,2,1,1
2016-10-01 20:00:00,6,3,3
2016-10-01 21:00:00,5,3,2
2016-10-01 22:00:00,2,2,0
2016-10-01 23:00:00,0,0,0
2016-10-02 00:00:00,1,1,0
2016-10-02 01:00:00,0,0,0
2016-10-02 02:00:00,0,0,0
2016-10-02 03:00:00,0,0,0
2016-10-02 04:00:00,2,1,1
2016-10-02 05:00:00,5,2,3
2016-10-02 06:00:00,3,3,0
2016-10-02 07:00:00,14,7,7
2016-10-02 08:00:00,43,27,16
2016-10-02 09:00:00,64,32,32
2016-10-02 10:00:00,77,42,35
2016-10-02 11:00:00,114,78,36
2016-10-02 12:00:00,137,67,70
2016-10-02 13:00:00,100,58,42
2016-10-02 14:00:00,202,106,96
2016-10-02 15:00:00,195,95,100
2016-10-02 16:00:00,174,82,92
2016-10-02 17:00:00,126,49,77
2016-10-02 18:00:00,56,17,39
2016-10-02 19:00:00,21,10,11
2016-10-02 20:00:00,5,3,2
2016-10-02 21:00:00,4,1,3
2016-10-02 22:00:00,3,1,2
2016-10-02 23:00:00,0,0,0
2016-10-03 00:00:00,1,1,0
2016-10-03 01:00:00,1,1,0
2016-10-03 02:00:00,0,0,0
2016-10-03 03:00:00,1,0,1
2016-10-03 04:00:00,4,0,4
2016-10-03 05:00:00,12,1,11
2016-10-03 06:00:00,41,6,35
2016-10-03 07:00:00,92,19,73
2016-10-03 08:00:00,117,24,93
2016-10-03 09:00:00,64,29,35
2016-10-03 10:00:00,53,18,35
2016-10-03 11:00:00,49,21,28
2016-10-03 12:00:00,59,22,37
2016-10-03 13:00:00,58,28,30
2016-10-03 14:00:00,56,29,27
2016-10-03 15:00:00,59,46,13
2016-10-03 16:00:00,97,67,30
2016-10-03 17:00:00,198,152,46
2016-10-03 18:00:00,96,62,34
2016-10-03 19:00:00,29,19,10
2016-10-03 20:00:00,11,10,1
2016-10-03 21:00:00,5,5,0
2016-10-03 22:00:00,1,1,0
2016-10-03 23:00:00,0,0,0
2016-10-04 00:00:00,1,1,0
2016-10-04 01:00:00,0,0,0
2016-10-04 02:00:00,0,0,0
2016-10-04 03:00:00,3,1,2
2016-10-04 04:00:00,5,0,5
2016-10-04 05:00:00,10,2,8
2016-10-04 06:00:00,25,4,21
2016-10-04 07:00:00,64,10,54
2016-10-04 08:00:00,68,14,54
2016-10-04 09:00:00,55,20,35
2016-10-04 10:00:00,27,12,15
2016-10-04 11:00:00,25,8,17
2016-10-04 12:00:00,31,14,17
2016-10-04 13:00:00,22,9,13
2016-10-04 14:00:00,22,14,8
2016-10-04 15:00:00,32,22,10
2016-10-04 16:00:00,47,40,7
2016-10-04 17:00:00,93,74,19
2016-10-04 18:00:00,49,33,16
2016-10-04 19:00:00,28,20,8
2016-10-04 20:00:00,11,7,4
2016-10-04 21:00:00,6,6,0
2016-10-04 22:00:00,3,1,2
2016-10-04 23:00:00,0,0,0
2016-10-05 00:00:00,0,0,0
2016-10-05 01:00:00,0,0,0
2016-10-05 02:00:00,1,1,0
2016-10-05 03:00:00,3,3,0
2016-10-05 04:00:00,4,0,4
2016-10-05 05:00:00,10,1,9
2016-10-05 06:00:00,43,7,36
2016-10-05 07:00:00,68,9,59
2016-10-05 08:00:00,78,18,60
2016-10-05 09:00:00,49,15,34
2016-10-05 10:00:00,19,5,14
2016-10-05 11:00:00,16,11,5
2016-10-05 12:00:00,31,16,15
2016-10-05 13:00:00,36,22,14
2016-10-05 14:00:00,53,32,21
2016-10-05 15:00:00,53,33,20
2016-10-05 16:00:00,109,77,32
2016-10-05 17:00:00,146,110,36
2016-10-05 18:00:00,113,71,42
2016-10-05 19:00:00,30,20,10
2016-10-05 20:00:00,14,8,6
2016-10-05 21:00:00,12,6,6
2016-10-05 22:00:00,9,5,4
2016-10-05 23:00:00,1,1,0
2016-10-06 00:00:00,0,0,0
2016-10-06 01:00:00,0,0,0
2016-10-06 02:00:00,0,0,0
2016-10-06 03:00:00,3,1,2
2016-10-06 04:00:00,5,2,3
2016-10-06 05:00:00,4,1,3
2016-10-06 06:00:00,40,6,34
2016-10-06 07:00:00,87,17,70
2016-10-06 08:00:00,81,26,55
2016-10-06 09:00:00,49,22,27
2016-10-06 10:00:00,28,15,13
2016-10-06 11:00:00,38,14,24
2016-10-06 12:00:00,56,29,27
2016-10-06 13:00:00,35,13,22
2016-10-06 14:00:00,50,27,23
2016-10-06 15:00:00,53,29,24
2016-10-06 16:00:00,68,50,18
2016-10-06 17:00:00,102,84,18
2016-10-06 18:00:00,63,38,25
2016-10-06 19:00:00,18,13,5
2016-10-06 20:00:00,11,10,1
2016-10-06 21:00:00,7,3,4
2016-10-06 22:00:00,2,1,1
2016-10-06 23:00:00,1,1,0
2016-10-07 00:00:00,1,1,0
2016-10-07 01:00:00,0,0,0
2016-10-07 02:00:00,0,0,0
2016-10-07 03:00:00,0,0,0
2016-10-07 04:00:00,2,0,2
2016-10-07 05:00:00,5,1,4
2016-10-07 06:00:00,22,4,18
2016-10-07 07:00:00,44,12,32
2016-10-07 08:00:00,51,15,36
2016-10-07 09:00:00,35,13,22
2016-10-07 10:00:00,22,9,13
2016-10-07 11:00:00,19,8,11
2016-10-07 12:00:00,29,16,13
2016-10-07 13:00:00,41,18,23
2016-10-07 14:00:00,42,23,19
2016-10-07 15:00:00,47,24,23
2016-10-07 16:00:00,83,53,30
2016-10-07 17:00:00,102,71,31
2016-10-07 18:00:00,50,35,15
2016-10-07 19:00:00,17,11,6
2016-10-07 20:00:00,6,5,1
2016-10-07 21:00:00,6,5,1
2016-10-07 22:00:00,2,2,0
2016-10-07 23:00:00,0,0,0
2016-10-08 00:00:00,0,0,0
2016-10-08 01:00:00,1,1,0
2016-10-08 02:00:00,3,2,1
2016-10-08 03:00:00,0,0,0
2016-10-08 04:00:00,1,1,0
2016-10-08 05:00:00,0,0,0
2016-10-08 06:00:00,2,1,1
2016-10-08 07:00:00,4,2,2
2016-10-08 08:00:00,17,10,7
2016-10-08 09:00:00,22,17,5
2016-10-08 10:00:00,36,24,12
2016-10-08 11:00:00,56,23,33
2016-10-08 12:00:00,45,23,22
2016-10-08 13:00:00,46,23,23
2016-10-08 14:00:00,23,10,13
2016-10-08 15:00:00,21,8,13
2016-10-08 16:00:00,5,3,2
2016-10-08 17:00:00,11,8,3
2016-10-08 18:00:00,9,6,3
2016-10-08 19:00:00,6,3,3
2016-10-08 20:00:00,1,1,0
2016-10-08 21:00:00,3,0,3
2016-10-08 22:00:00,0,0,0
2016-10-08 23:00:00,1,1,0
2016-10-09 00:00:00,1,0,1
2016-10-09 01:00:00,0,0,0
2016-10-09 02:00:00,3,1,2
2016-10-09 03:00:00,0,0,0
2016-10-09 04:00:00,1,0,1
2016-10-09 05:00:00,0,0,0
2016-10-09 06:00:00,0,0,0
2016-10-09 07:00:00,17,13,4
2016-10-09 08:00:00,21,12,9
2016-10-09 09:00:00,47,19,28
2016-10-09 10:00:00,62,40,22
2016-10-09 11:00:00,70,44,26
2016-10-09 12:00:00,53,30,23
2016-10-09 13:00:00,82,43,39
2016-10-09 14:00:00,98,54,44
2016-10-09 15:00:00,76,25,51
2016-10-09 16:00:00,86,38,48
2016-10-09 17:00:00,45,22,23
2016-10-09 18:00:00,15,6,9
2016-10-09 19:00:00,5,5,0
2016-10-09 20:00:00,0,0,0
2016-10-09 21:00:00,2,1,1
2016-10-09 22:00:00,1,1,0
2016-10-09 23:00:00,0,0,0
2016-10-10 00:00:00,1,1,0
2016-10-10 01:00:00,0,0,0
2016-10-10 02:00:00,0,0,0
2016-10-10 03:00:00,2,0,2
2016-10-10 04:00:00,6,1,5
2016-10-10 05:00:00,11,1,10
2016-10-10 06:00:00,34,1,33
2016-10-10 07:00:00,69,11,58
2016-10-10 08:00:00,72,18,54
2016-10-10 09:00:00,51,14,37
2016-10-10 10:00:00,47,14,33
2016-10-10 11:00:00,39,17,22
2016-10-10 12:00:00,35,16,19
2016-10-10 13:00:00,52,36,16
2016-10-10 14:00:00,71,32,39
2016-10-10 15:00:00,62,37,25
2016-10-10 16:00:00,98,72,26
2016-10-10 17:00:00,151,108,43
2016-10-10 18:00:00,107,67,40
2016-10-10 19:00:00,23,18,5
2016-10-10 20:00:00,14,11,3
2016-10-10 21:00:00,3,2,1
2016-10-10 22:00:00,1,1,0
2016-10-10 23:00:00,0,0,0
2016-10-11 00:00:00,0,0,0
2016-10-11 01:00:00,0,0,0
2016-10-11 02:00:00,0,0,0
2016-10-11 03:00:00,1,0,1
2016-10-11 04:00:00,5,0,5
2016-10-11 05:00:00,13,1,12
2016-10-11 06:00:00,41,7,34
2016-10-11 07:00:00,90,19,71
2016-10-11 08:00:00,100,24,76
2016-10-11 09:00:00,72,19,53
2016-10-11 10:00:00,38,21,17
2016-10-11 11:00:00,50,27,23
2016-10-11 12:00:00,54,23,31
2016-10-11 13:00:00,55,37,18
2016-10-11 14:00:00,66,29,37
2016-10-11 15:00:00,84,44,40
2016-10-11 16:00:00,145,92,53
2016-10-11 17:00:00,209,152,57
2016-10-11 18:00:00,127,84,43
2016-10-11 19:00:00,32,23,9
2016-10-11 20:00:00,20,10,10
2016-10-11 21:00:00,13,9,4
2016-10-11 22:00:00,4,3,1
2016-10-11 23:00:00,0,0,0
2016-10-12 00:00:00,1,1,0
2016-10-12 01:00:00,2,2,0
2016-10-12 02:00:00,1,1,0
2016-10-12 03:00:00,1,0,1
2016-10-12 04:00:00,6,3,3
2016-10-12 05:00:00,8,1,7
2016-10-12 06:00:00,41,6,35
2016-10-12 07:00:00,92,22,70
2016-10-12 08:00:00,97,22,75
2016-10-12 09:00:00,51,18,33
2016-10-12 10:00:00,36,13,23
2016-10-12 11:00:00,57,23,34
2016-10-12 12:00:00,47,23,24
2016-10-12 13:00:00,55,34,21
2016-10-12 14:00:00,96,62,34
2016-10-12 15:00:00,82,43,39
2016-10-12 16:00:00,120,72,48
2016-10-12 17:00:00,195,152,43
2016-10-12 18:00:00,89,56,33
2016-10-12 19:00:00,14,12,2
2016-10-12 20:00:00,11,11,0
2016-10-12 21:00:00,10,8,2
2016-10-12 22:00:00,7,3,4
2016-10-12 23:00:00,0,0,0
2016-10-13 00:00:00,0,0,0
2016-10-13 01:00:00,0,0,0
2016-10-13 02:00:00,0,0,0
2016-10-13 03:00:00,1,0,1
2016-10-13 04:00:00,2,0,2
2016-10-13 05:00:00,3,0,3
2016-10-13 06:00:00,20,5,15
2016-10-13 07:00:00,33,5,28
2016-10-13 08:00:00,20,5,15
2016-10-13 09:00:00,20,6,14
2016-10-13 10:00:00,11,3,8
2016-10-13 11:00:00,2,1,1
2016-10-13 12:00:00,2,1,1
2016-10-13 13:00:00,9,5,4
2016-10-13 14:00:00,4,3,1
2016-10-13 15:00:00,14,12,2
2016-10-13 16:00:00,23,16,7
2016-10-13 17:00:00,32,26,6
2016-10-13 18:00:00,24,18,6
2016-10-13 19:00:00,10,9,1
2016-10-13 20:00:00,3,3,0
2016-10-13 21:00:00,4,4,0
2016-10-13 22:00:00,1,1,0
2016-10-13 23:00:00,0,0,0
2016-10-14 00:00:00,1,1,0
2016-10-14 01:00:00,0,0,0
2016-10-14 02:00:00,0,0,0
2016-10-14 03:00:00,0,0,0
2016-10-14 04:00:00,3,0,3
2016-10-14 05:00:00,4,2,2
2016-10-14 06:00:00,4,0,4
2016-10-14 07:00:00,12,1,11
2016-10-14 08:00:00,13,3,10
2016-10-14 09:00:00,16,5,11
2016-10-14 10:00:00,8,1,7
2016-10-14 11:00:00,1,0,1
2016-10-14 12:00:00,2,0,2
2016-10-14 13:00:00,4,1,3
2016-10-14 14:00:00,7,5,2
2016-10-14 15:00:00,13,9,4
2016-10-14 16:00:00,17,10,7
2016-10-14 17:00:00,20,16,4
2016-10-14 18:00:00,19,14,5
2016-10-14 19:00:00,4,2,2
2016-10-14 20:00:00,0,0,0
2016-10-14 21:00:00,3,1,2
2016-10-14 22:00:00,0,0,0
2016-10-14 23:00:00,1,1,0
2016-10-15 00:00:00,0,0,0
2016-10-15 01:00:00,4,3,1
2016-10-15 02:00:00,0,0,0
2016-10-15 03:00:00,0,0,0
2016-10-15 04:00:00,0,0,0
2016-10-15 05:00:00,0,0,0
2016-10-15 06:00:00,7,4,3
2016-10-15 07:00:00,7,4,3
2016-10-15 08:00:00,7,5,2
2016-10-15 09:00:00,9,5,4
2016-10-15 10:00:00,7,3,4
2016-10-15 11:00:00,16,4,12
2016-10-15 12:00:00,17,8,9
2016-10-15 13:00:00,7,0,7
2016-10-15 14:00:00,6,2,4
2016-10-15 15:00:00,8,5,3
2016-10-15 16:00:00,9,5,4
2016-10-15 17:00:00,6,4,2
2016-10-15 18:00:00,0,0,0
2016-10-15 19:00:00,1,1,0
2016-10-15 20:00:00,2,1,1
2016-10-15 21:00:00,1,1,0
2016-10-15 22:00:00,1,0,1
2016-10-15 23:00:00,0,0,0
2016-10-16 00:00:00,0,0,0
2016-10-16 01:00:00,0,0,0
2016-10-16 02:00:00,0,0,0
2016-10-16 03:00:00,0,0,0
2016-10-16 04:00:00,2,1,1
2016-10-16 05:00:00,0,0,0
2016-10-16 06:00:00,2,1,1
2016-10-16 07:00:00,2,1,1
2016-10-16 08:00:00,4,4,0
2016-10-16 09:00:00,18,8,10
2016-10-16 10:00:00,23,11,12
2016-10-16 11:00:00,14,8,6
2016-10-16 12:00:00,33,16,17
2016-10-16 13:00:00,28,13,15
2016-10-16 14:00:00,28,11,17
2016-10-16 15:00:00,37,22,15
2016-10-16 16:00:00,30,18,12
2016-10-16 17:00:00,29,12,17
2016-10-16 18:00:00,5,3,2
2016-10-16 19:00:00,1,0,1
2016-10-16 20:00:00,0,0,0
2016-10-16 21:00:00,0,0,0
2016-10-16 22:00:00,0,0,0
2016-10-16 23:00:00,1,1,0
2016-10-17 00:00:00,1,1,0
2016-10-17 01:00:00,0,0,0
2016-10-17 02:00:00,0,0,0
2016-10-17 03:00:00,3,0,3
2016-10-17 04:00:00,4,0,4
2016-10-17 05:00:00,5,0,5
2016-10-17 06:00:00,26,5,21
2016-10-17 07:00:00,57,13,44
2016-10-17 08:00:00,60,10,50
2016-10-17 09:00:00,41,16,25
2016-10-17 10:00:00,33,19,14
2016-10-17 11:00:00,15,4,11
2016-10-17 12:00:00,15,7,8
2016-10-17 13:00:00,14,10,4
2016-10-17 14:00:00,21,12,9
2016-10-17 15:00:00,37,24,13
2016-10-17 16:00:00,57,41,16
2016-10-17 17:00:00,101,68,33
2016-10-17 18:00:00,63,44,19
2016-10-17 19:00:00,22,19,3
2016-10-17 20:00:00,6,5,1
2016-10-17 21:00:00,5,2,3
2016-10-17 22:00:00,1,1,0
2016-10-17 23:00:00,1,1,0
2016-10-18 00:00:00,1,1,0
2016-10-18 01:00:00,1,0,1
2016-10-18 02:00:00,0,0,0
2016-10-18 03:00:00,0,0,0
2016-10-18 04:00:00,5,0,5
2016-10-18 05:00:00,11,0,11
2016-10-18 06:00:00,24,5,19
2016-10-18 07:00:00,58,14,44
2016-10-18 08:00:00,69,15,54
2016-10-18 09:00:00,48,19,29
2016-10-18 10:00:00,26,9,17
2016-10-18 11:00:00,21,10,11
2016-10-18 12:00:00,31,19,12
2016-10-18 13:00:00,37,22,15
2016-10-18 14:00:00,34,22,12
2016-10-18 15:00:00,50,33,17
2016-10-18 16:00:00,74,43,31
2016-10-18 17:00:00,95,73,22
2016-10-18 18:00:00,57,38,19
2016-10-18 19:00:00,19,13,6
2016-10-18 20:00:00,8,7,1
2016-10-18 21:00:00,4,3,1
2016-10-18 22:00:00,4,3,1
2016-10-18 23:00:00,1,1,0
2016-10-19 00:00:00,1,1,0
2016-10-19 01:00:00,0,0,0
2016-10-19 02:00:00,1,1,0
2016-10-19 03:00:00,1,0,1
2016-10-19 04:00:00,4,1,3
2016-10-19 05:00:00,9,1,8
2016-10-19 06:00:00,33,3,30
2016-10-19 07:00:00,86,16,70
2016-10-19 08:00:00,74,22,52
2016-10-19 09:00:00,55,18,37
2016-10-19 10:00:00,48,21,27
2016-10-19 11:00:00,49,24,25
2016-10-19 12:00:00,27,16,11
2016-10-19 13:00:00,49,26,23
2016-10-19 14:00:00,51,35,16
2016-10-19 15:00:00,62,42,20
2016-10-19 16:00:00,84,59,25
2016-10-19 17:00:00,129,100,29
2016-10-19 18:00:00,64,49,15
2016-10-19 19:00:00,18,16,2
2016-10-19 20:00:00,9,8,1
2016-10-19 21:00:00,10,8,2
2016-10-19 22:00:00,4,2,2
2016-10-19 23:00:00,3,1,2
2016-10-20 00:00:00,0,0,0
2016-10-20 01:00:00,0,0,0
2016-10-20 02:00:00,0,0,0
2016-10-20 03:00:00,0,0,0
2016-10-20 04:00:00,3,0,3
2016-10-20 05:00:00,6,0,6
2016-10-20 06:00:00,12,3,9
2016-10-20 07:00:00,38,6,32
2016-10-20 08:00:00,31,9,22
2016-10-20 09:00:00,19,8,11
2016-10-20 10:00:00,4,1,3
2016-10-20 11:00:00,7,1,6
2016-10-20 12:00:00,12,5,7
2016-10-20 13:00:00,8,7,1
2016-10-20 14:00:00,16,10,6
2016-10-20 15:00:00,19,13,6
2016-10-20 16:00:00,47,32,15
2016-10-20 17:00:00,76,53,23
2016-10-20 18:00:00,35,26,9
2016-10-20 19:00:00,10,10,0
2016-10-20 20:00:00,7,3,4
2016-10-20 21:00:00,7,5,2
2016-10-20 22:00:00,2,1,1
2016-10-20 23:00:00,1,0,1
2016-10-21 00:00:00,1,1,0
2016-10-21 01:00:00,0,0,0
2016-10-21 02:00:00,0,0,0
2016-10-21 03:00:00,0,0,0
2016-10-21 04:00:00,3,0,3
2016-10-21 05:00:00,7,0,7
2016-10-21 06:00:00,34,5,29
2016-10-21 07:00:00,45,8,37
2016-10-21 08:00:00,66,18,48
2016-10-21 09:00:00,56,26,30
2016-10-21 10:00:00,48,30,18
2016-10-21 11:00:00,36,13,23
2016-10-21 12:00:00,37,23,14
2016-10-21 13:00:00,41,20,21
2016-10-21 14:00:00,53,19,34
2016-10-21 15:00:00,69,37,32
2016-10-21 16:00:00,68,43,25
2016-10-21 17:00:00,92,73,19
2016-10-21 18:00:00,35,28,7
2016-10-21 19:00:00,14,9,5
2016-10-21 20:00:00,6,4,2
2016-10-21 21:00:00,4,3,1
2016-10-21 22:00:00,3,3,0
2016-10-21 23:00:00,3,2,1
2016-10-22 00:00:00,2,2,0
2016-10-22 01:00:00,0,0,0
2016-10-22 02:00:00,0,0,0
2016-10-22 03:00:00,0,0,0
2016-10-22 04:00:00,0,0,0
2016-10-22 05:00:00,0,0,0
2016-10-22 06:00:00,8,3,5
2016-10-22 07:00:00,19,12,7
2016-10-22 08:00:00,45,26,19
2016-10-22 09:00:00,66,45,21
2016-10-22 10:00:00,101,66,35
2016-10-22 11:00:00,114,57,57
2016-10-22 12:00:00,152,88,64
2016-10-22 13:00:00,159,90,69
2016-10-22 14:00:00,170,78,92
2016-10-22 15:00:00,142,64,78
2016-10-22 16:00:00,120,51,69
2016-10-22 17:00:00,97,26,71
2016-10-22 18:00:00,42,27,15
2016-10-22 19:00:00,14,11,3
2016-10-22 20:00:00,17,3,14
2016-10-22 21:00:00,3,3,0
2016-10-22 22:00:00,1,1,0
2016-10-22 23:00:00,4,1,3
2016-10-23 00:00:00,1,1,0
2016-10-23 01:00:00,0,0,0
2016-10-23 02:00:00,0,0,0
2016-10-23 03:00:00,0,0,0
2016-10-23 04:00:00,1,0,1
2016-10-23 05:00:00,0,0,0
2016-10-23 06:00:00,1,0,1
2016-10-23 07:00:00,7,6,1
2016-10-23 08:00:00,30,11,19
2016-10-23 09:00:00,19,14,5
2016-10-23 10:00:00,59,35,24
2016-10-23 11:00:00,69,28,41
2016-10-23 12:00:00,63,36,27
2016-10-23 13:00:00,88,46,42
2016-10-23 14:00:00,141,73,68
2016-10-23 15:00:00,114,53,61
2016-10-23 16:00:00,84,41,43
2016-10-23 17:00:00,38,18,20
2016-10-23 18:00:00,13,3,10
2016-10-23 19:00:00,6,3,3
2016-10-23 20:00:00,5,2,3
2016-10-23 21:00:00,2,2,0
2016-10-23 22:00:00,0,0,0
2016-10-23 23:00:00,1,0,1
2016-10-24 00:00:00,0,0,0
2016-10-24 01:00:00,0,0,0
2016-10-24 02:00:00,0,0,0
2016-10-24 03:00:00,2,1,1
2016-10-24 04:00:00,4,0,4
2016-10-24 05:00:00,7,1,6
2016-10-24 06:00:00,39,9,30
2016-10-24 07:00:00,64,12,52
2016-10-24 08:00:00,80,23,57
2016-10-24 09:00:00,58,28,30
2016-10-24 10:00:00,30,12,18
2016-10-24 11:00:00,30,10,20
2016-10-24 12:00:00,20,13,7
2016-10-24 13:00:00,32,21,11
2016-10-24 14:00:00,28,14,14
2016-10-24 15:00:00,45,31,14
2016-10-24 16:00:00,57,43,14
2016-10-24 17:00:00,82,59,23
2016-10-24 18:00:00,47,34,13
2016-10-24 19:00:00,8,8,0
2016-10-24 20:00:00,12,9,3
2016-10-24 21:00:00,3,2,1
2016-10-24 22:00:00,4,4,0
2016-10-24 23:00:00,1,1,0
2016-10-25 00:00:00,0,0,0
2016-10-25 01:00:00,0,0,0
2016-10-25 02:00:00,0,0,0
2016-10-25 03:00:00,0,0,0
2016-10-25 04:00:00,8,1,7
2016-10-25 05:00:00,12,2,10
2016-10-25 06:00:00,28,3,25
2016-10-25 07:00:00,61,10,51
2016-10-25 08:00:00,69,19,50
2016-10-25 09:00:00,41,16,25
2016-10-25 10:00:00,29,9,20
2016-10-25 11:00:00,26,11,15
2016-10-25 12:00:00,42,21,21
2016-10-25 13:00:00,33,24,9
2016-10-25 14:00:00,46,24,22
2016-10-25 15:00:00,73,41,32
2016-10-25 16:00:00,93,67,26
2016-10-25 17:00:00,122,91,31
2016-10-25 18:00:00,75,51,24
2016-10-25 19:00:00,20,18,2
2016-10-25 20:00:00,5,4,1
2016-10-25 21:00:00,12,10,2
2016-10-25 22:00:00,5,4,1
2016-10-25 23:00:00,1,1,0
2016-10-26 00:00:00,1,1,0
2016-10-26 01:00:00,1,1,0
2016-10-26 02:00:00,1,1,0
2016-10-26 03:00:00,2,0,2
2016-10-26 04:00:00,3,0,3
2016-10-26 05:00:00,5,0,5
2016-10-26 06:00:00,27,4,23
2016-10-26 07:00:00,37,7,30
2016-10-26 08:00:00,40,7,33
2016-10-26 09:00:00,21,6,15
2016-10-26 10:00:00,22,8,14
2016-10-26 11:00:00,9,4,5
2016-10-26 12:00:00,12,6,6
2016-10-26 13:00:00,3,2,1
2016-10-26 14:00:00,14,8,6
2016-10-26 15:00:00,10,7,3
2016-10-26 16:00:00,33,26,7
2016-10-26 17:00:00,60,48,12
2016-10-26 18:00:00,34,25,9
2016-10-26 19:00:00,12,10,2
2016-10-26 20:00:00,6,4,2
2016-10-26 21:00:00,6,4,2
2016-10-26 22:00:00,3,2,1
2016-10-26 23:00:00,1,1,0
2016-10-27 00:00:00,0,0,0
2016-10-27 01:00:00,0,0,0
2016-10-27 02:00:00,0,0,0
2016-10-27 03:00:00,1,0,1
2016-10-27 04:00:00,2,2,0
2016-10-27 05:00:00,12,1,11
2016-10-27 06:00:00,20,4,16
2016-10-27 07:00:00,45,9,36
2016-10-27 08:00:00,62,13,49
2016-10-27 09:00:00,37,17,20
2016-10-27 10:00:00,23,8,15
2016-10-27 11:00:00,12,7,5
2016-10-27 12:00:00,32,13,19
2016-10-27 13:00:00,24,20,4
2016-10-27 14:00:00,40,18,22
2016-10-27 15:00:00,36,26,10
2016-10-27 16:00:00,67,44,23
2016-10-27 17:00:00,69,52,17
2016-10-27 18:00:00,50,30,20
2016-10-27 19:00:00,12,9,3
2016-10-27 20:00:00,9,5,4
2016-10-27 21:00:00,8,7,1
2016-10-27 22:00:00,3,3,0
2016-10-27 23:00:00,0,0,0
2016-10-28 00:00:00,2,1,1
2016-10-28 01:00:00,0,0,0
2016-10-28 02:00:00,2,2,0
2016-10-28 03:00:00,1,0,1
2016-10-28 04:00:00,3,0,3
2016-10-28 05:00:00,5,0,5
2016-10-28 06:00:00,30,9,21
2016-10-28 07:00:00,54,5,49
2016-10-28 08:00:00,55,13,42
2016-10-28 09:00:00,61,28,33
2016-10-28 10:00:00,32,17,15
2016-10-28 11:00:00,48,33,15
2016-10-28 12:00:00,67,35,32
2016-10-28 13:00:00,66,32,34
2016-10-28 14:00:00,88,46,42
2016-10-28 15:00:00,91,60,31
2016-10-28 16:00:00,129,80,49
2016-10-28 17:00:00,144,93,51
2016-10-28 18:00:00,65,47,18
2016-10-28 19:00:00,20,8,12
2016-10-28 20:00:00,6,6,0
2016-10-28 21:00:00,5,2,3
2016-10-28 22:00:00,0,0,0
2016-10-28 23:00:00,0,0,0
2016-10-29 00:00:00,0,0,0
2016-10-29 01:00:00,0,0,0
2016-10-29 02:00:00,2,1,1
2016-10-29 03:00:00,0,0,0
2016-10-29 04:00:00,0,0,0
2016-10-29 05:00:00,3,1,2
2016-10-29 06:00:00,4,2,2
2016-10-29 07:00:00,17,7,10
2016-10-29 08:00:00,15,8,7
2016-10-29 09:00:00,16,7,9
2016-10-29 10:00:00,18,13,5
2016-10-29 11:00:00,26,12,14
2016-10-29 12:00:00,23,8,15
2016-10-29 13:00:00,12,8,4
2016-10-29 14:00:00,26,12,14
2016-10-29 15:00:00,48,30,18
2016-10-29 16:00:00,56,20,36
2016-10-29 17:00:00,39,15,24
2016-10-29 18:00:00,16,11,5
2016-10-29 19:00:00,8,5,3
2016-10-29 20:00:00,1,1,0
2016-10-29 21:00:00,1,1,0
2016-10-29 22:00:00,2,2,0
2016-10-29 23:00:00,1,0,1
2016-10-30 00:00:00,0,0,0
2016-10-30 01:00:00,0,0,0
2016-10-30 02:00:00,2,0,2
2016-10-30 03:00:00,0,0,0
2016-10-30 04:00:00,1,0,1
2016-10-30 05:00:00,1,1,0
2016-10-30 06:00:00,4,1,3
2016-10-30 07:00:00,22,15,7
2016-10-30 08:00:00,39,24,15
2016-10-30 09:00:00,63,35,28
2016-10-30 10:00:00,89,46,43
2016-10-30 11:00:00,112,55,57
2016-10-30 12:00:00,106,39,67
2016-10-30 13:00:00,73,32,41
2016-10-30 14:00:00,53,25,28
2016-10-30 15:00:00,37,18,19
2016-10-30 16:00:00,25,10,15
2016-10-30 17:00:00,11,5,6
2016-10-30 18:00:00,7,5,2
2016-10-30 19:00:00,4,0,4
2016-10-30 20:00:00,3,2,1
2016-10-30 21:00:00,0,0,0
2016-10-30 22:00:00,1,1,0
2016-10-30 23:00:00,1,1,0
2016-10-31 00:00:00,0,0,0
2016-10-31 01:00:00,0,0,0
2016-10-31 02:00:00,0,0,0
2016-10-31 03:00:00,2,0,2
2016-10-31 04:00:00,4,1,3
2016-10-31 05:00:00,9,0,9
2016-10-31 06:00:00,26,4,22
2016-10-31 07:00:00,48,7,41
2016-10-31 08:00:00,35,4,31
2016-10-31 09:00:00,24,9,15
2016-10-31 10:00:00,14,2,12
2016-10-31 11:00:00,9,4,5
2016-10-31 12:00:00,5,2,3
2016-10-31 13:00:00,17,12,5
2016-10-31 14:00:00,30,11,19
2016-10-31 15:00:00,29,20,9
2016-10-31 16:00:00,56,38,18
2016-10-31 17:00:00,69,49,20
2016-10-31 18:00:00,31,23,8
2016-10-31 19:00:00,8,7,1
2016-10-31 20:00:00,4,3,1
2016-10-31 21:00:00,4,3,1
2016-10-31 22:00:00,1,1,0
2016-10-31 23:00:00,0,0,0
2016-11-01 00:00:00,1,1,0
2016-11-01 01:00:00,1,1,0
2016-11-01 02:00:00,0,0,0
2016-11-01 03:00:00,0,0,0
2016-11-01 04:00:00,4,0,4
2016-11-01 05:00:00,10,0,10
2016-11-01 06:00:00,21,7,14
2016-11-01 07:00:00,49,8,41
2016-11-01 08:00:00,60,16,44
2016-11-01 09:00:00,41,15,26
2016-11-01 10:00:00,21,5,16
2016-11-01 11:00:00,15,3,12
2016-11-01 12:00:00,19,12,7
2016-11-01 13:00:00,17,9,8
2016-11-01 14:00:00,21,11,10
2016-11-01 15:00:00,30,20,10
2016-11-01 16:00:00,68,51,17
2016-11-01 17:00:00,76,56,20
2016-11-01 18:00:00,50,41,9
2016-11-01 19:00:00,18,15,3
2016-11-01 20:00:00,6,5,1
2016-11-01 21:00:00,4,3,1
2016-11-01 22:00:00,2,2,0
2016-11-01 23:00:00,2,1,1
2016-11-02 00:00:00,2,2,0
2016-11-02 01:00:00,0,0,0
2016-11-02 02:00:00,1,1,0
2016-11-02 03:00:00,0,0,0
2016-11-02 04:00:00,3,0,3
2016-11-02 05:00:00,8,1,7
2016-11-02 06:00:00,35,7,28
2016-11-02 07:00:00,46,8,38
2016-11-02 08:00:00,61,16,45
2016-11-02 09:00:00,26,10,16
2016-11-02 10:00:00,14,6,8
2016-11-02 11:00:00,9,4,5
2016-11-02 12:00:00,11,6,5
2016-11-02 13:00:00,14,7,7
2016-11-02 14:00:00,21,10,11
2016-11-02 15:00:00,30,17,13
2016-11-02 16:00:00,64,48,16
2016-11-02 17:00:00,81,61,20
2016-11-02 18:00:00,41,31,10
2016-11-02 19:00:00,24,17,7
2016-11-02 20:00:00,6,2,4
2016-11-02 21:00:00,5,3,2
2016-11-02 22:00:00,4,4,0
2016-11-02 23:00:00,1,1,0
2016-11-03 00:00:00,1,1,0
2016-11-03 01:00:00,0,0,0
2016-11-03 02:00:00,0,0,0
2016-11-03 03:00:00,1,0,1
2016-11-03 04:00:00,4,2,2
2016-11-03 05:00:00,10,0,10
2016-11-03 06:00:00,29,5,24
2016-11-03 07:00:00,67,18,49
2016-11-03 08:00:00,72,12,60
2016-11-03 09:00:00,53,22,31
2016-11-03 10:00:00,51,19,32
2016-11-03 11:00:00,44,24,20
2016-11-03 12:00:00,59,36,23
2016-11-03 13:00:00,53,26,27
2016-11-03 14:00:00,75,40,35
2016-11-03 15:00:00,66,40,26
2016-11-03 16:00:00,125,85,40
2016-11-03 17:00:00,158,106,52
2016-11-03 18:00:00,76,52,24
2016-11-03 19:00:00,27,22,5
2016-11-03 20:00:00,8,7,1
2016-11-03 21:00:00,3,3,0
2016-11-03 22:00:00,7,6,1
2016-11-03 23:00:00,0,0,0
2016-11-04 00:00:00,0,0,0
2016-11-04 01:00:00,0,0,0
2016-11-04 02:00:00,1,0,1
2016-11-04 03:00:00,0,0,0
2016-11-04 04:00:00,3,1,2
2016-11-04 05:00:00,10,2,8
2016-11-04 06:00:00,44,8,36
2016-11-04 07:00:00,77,13,64
2016-11-04 08:00:00,84,22,62
2016-11-04 09:00:00,71,23,48
2016-11-04 10:00:00,59,28,31
2016-11-04 11:00:00,50,21,29
2016-11-04 12:00:00,71,45,26
2016-11-04 13:00:00,69,38,31
2016-11-04 14:00:00,93,47,46
2016-11-04 15:00:00,124,72,52
2016-11-04 16:00:00,131,81,50
2016-11-04 17:00:00,156,116,40
2016-11-04 18:00:00,72,52,20
2016-11-04 19:00:00,31,24,7
2016-11-04 20:00:00,12,11,1
2016-11-04 21:00:00,2,1,1
2016-11-04 22:00:00,8,1,7
2016-11-04 23:00:00,1,1,0
2016-11-05 00:00:00,0,0,0
2016-11-05 01:00:00,2,0,2
2016-11-05 02:00:00,0,0,0
2016-11-05 03:00:00,1,1,0
2016-11-05 04:00:00,1,1,0
2016-11-05 05:00:00,2,0,2
2016-11-05 06:00:00,2,1,1
2016-11-05 07:00:00,6,3,3
2016-11-05 08:00:00,21,11,10
2016-11-05 09:00:00,30,16,14
2016-11-05 10:00:00,13,5,8
2016-11-05 11:00:00,13,5,8
2016-11-05 12:00:00,19,6,13
2016-11-05 13:00:00,11,6,5
2016-11-05 14:00:00,14,4,10
2016-11-05 15:00:00,14,7,7
2016-11-05 16:00:00,6,3,3
2016-11-05 17:00:00,9,6,3
2016-11-05 18:00:00,2,1,1
2016-11-05 19:00:00,0,0,0
2016-11-05 20:00:00,0,0,0
2016-11-05 21:00:00,1,1,0
2016-11-05 22:00:00,0,0,0
2016-11-05 23:00:00,0,0,0
2016-11-06 00:00:00,0,0,0
2016-11-06 01:00:00,0,0,0
2016-11-06 02:00:00,0,0,0
2016-11-06 03:00:00,0,0,0
2016-11-06 04:00:00,2,1,1
2016-11-06 05:00:00,0,0,0
2016-11-06 06:00:00,4,1,3
2016-11-06 07:00:00,15,9,6
2016-11-06 08:00:00,22,16,6
2016-11-06 09:00:00,68,38,30
2016-11-06 10:00:00,95,56,39
2016-11-06 11:00:00,110,59,51
2016-11-06 12:00:00,134,60,74
2016-11-06 13:00:00,129,72,57
2016-11-06 14:00:00,142,77,65
2016-11-06 15:00:00,148,67,81
2016-11-06 16:00:00,92,29,63
2016-11-06 17:00:00,15,4,11
2016-11-06 18:00:00,5,3,2
2016-11-06 19:00:00,2,1,1
2016-11-06 20:00:00,1,1,0
2016-11-06 21:00:00,0,0,0
2016-11-06 22:00:00,0,0,0
2016-11-06 23:00:00,0,0,0
2016-11-07 00:00:00,0,0,0
2016-11-07 01:00:00,0,0,0
2016-11-07 02:00:00,2,1,1
2016-11-07 03:00:00,1,0,1
2016-11-07 04:00:00,2,0,2
2016-11-07 05:00:00,10,0,10
2016-11-07 06:00:00,35,7,28
2016-11-07 07:00:00,63,10,53
2016-11-07 08:00:00,81,14,67
2016-11-07 09:00:00,44,16,28
2016-11-07 10:00:00,55,15,40
2016-11-07 11:00:00,35,13,22
2016-11-07 12:00:00,30,16,14
2016-11-07 13:00:00,43,23,20
2016-11-07 14:00:00,45,26,19
2016-11-07 15:00:00,53,37,16
2016-11-07 16:00:00,101,69,32
2016-11-07 17:00:00,110,91,19
2016-11-07 18:00:00,45,29,16
2016-11-07 19:00:00,18,15,3
2016-11-07 20:00:00,12,11,1
2016-11-07 21:00:00,10,6,4
2016-11-07 22:00:00,0,0,0
2016-11-07 23:00:00,0,0,0
2016-11-08 00:00:00,0,0,0
2016-11-08 01:00:00,1,0,1
2016-11-08 02:00:00,1,0,1
2016-11-08 03:00:00,1,0,1
2016-11-08 04:00:00,4,0,4
2016-11-08 05:00:00,18,3,15
2016-11-08 06:00:00,54,10,44
2016-11-08 07:00:00,93,25,68
2016-11-08 08:00:00,87,35,52
2016-11-08 09:00:00,82,28,54
2016-11-08 10:00:00,38,19,19
2016-11-08 11:00:00,48,22,26
2016-11-08 12:00:00,63,32,31
2016-11-08 13:00:00,80,46,34
2016-11-08 14:00:00,87,42,45
2016-11-08 15:00:00,103,58,45
2016-11-08 16:00:00,148,103,45
2016-11-08 17:00:00,121,89,32
2016-11-08 18:00:00,62,47,15
2016-11-08 19:00:00,32,22,10
2016-11-08 20:00:00,10,7,3
2016-11-08 21:00:00,3,2,1
2016-11-08 22:00:00,3,3,0
2016-11-08 23:00:00,0,0,0
2016-11-09 00:00:00,0,0,0
2016-11-09 01:00:00,0,0,0
2016-11-09 02:00:00,1,1,0
2016-11-09 03:00:00,2,1,1
2016-11-09 04:00:00,2,0,2
2016-11-09 05:00:00,10,0,10
2016-11-09 06:00:00,25,4,21
2016-11-09 07:00:00,50,6,44
2016-11-09 08:00:00,70,14,56
2016-11-09 09:00:00,35,12,23
2016-11-09 10:00:00,13,5,8
2016-11-09 11:00:00,9,6,3
2016-11-09 12:00:00,23,14,9
2016-11-09 13:00:00,31,14,17
2016-11-09 14:00:00,20,12,8
2016-11-09 15:00:00,56,32,24
2016-11-09 16:00:00,89,64,25
2016-11-09 17:00:00,68,49,19
2016-11-09 18:00:00,46,40,6
2016-11-09 19:00:00,12,11,1
2016-11-09 20:00:00,9,7,2
2016-11-09 21:00:00,2,1,1
2016-11-09 22:00:00,4,2,2
2016-11-09 23:00:00,0,0,0
2016-11-10 00:00:00,1,1,0
2016-11-10 01:00:00,0,0,0
2016-11-10 02:00:00,0,0,0
2016-11-10 03:00:00,1,0,1
2016-11-10 04:00:00,3,0,3
2016-11-10 05:00:00,10,2,8
2016-11-10 06:00:00,40,7,33
2016-11-10 07:00:00,83,13,70
2016-11-10 08:00:00,90,21,69
2016-11-10 09:00:00,58,19,39
2016-11-10 10:00:00,35,19,16
2016-11-10 11:00:00,39,24,15
2016-11-10 12:00:00,47,27,20
2016-11-10 13:00:00,46,23,23
2016-11-10 14:00:00,71,44,27
2016-11-10 15:00:00,71,39,32
2016-11-10 16:00:00,119,77,42
2016-11-10 17:00:00,98,70,28
2016-11-10 18:00:00,65,51,14
2016-11-10 19:00:00,23,22,1
2016-11-10 20:00:00,13,10,3
2016-11-10 21:00:00,2,0,2
2016-11-10 22:00:00,3,2,1
2016-11-10 23:00:00,3,3,0
2016-11-11 00:00:00,1,1,0
2016-11-11 01:00:00,0,0,0
2016-11-11 02:00:00,0,0,0
2016-11-11 03:00:00,2,1,1
2016-11-11 04:00:00,0,0,0
2016-11-11 05:00:00,8,0,8
2016-11-11 06:00:00,26,2,24
2016-11-11 07:00:00,44,10,34
2016-11-11 08:00:00,53,21,32
2016-11-11 09:00:00,61,35,26
2016-11-11 10:00:00,75,49,26
2016-11-11 11:00:00,63,32,31
2016-11-11 12:00:00,74,31,43
2016-11-11 13:00:00,75,43,32
2016-11-11 14:00:00,85,39,46
2016-11-11 15:00:00,96,56,40
2016-11-11 16:00:00,65,42,23
2016-11-11 17:00:00,64,47,17
2016-11-11 18:00:00,21,15,6
2016-11-11 19:00:00,8,4,4
2016-11-11 20:00:00,5,4,1
2016-11-11 21:00:00,2,1,1
2016-11-11 22:00:00,8,6,2
2016-11-11 23:00:00,2,1,1
2016-11-12 00:00:00,0,0,0
2016-11-12 01:00:00,0,0,0
2016-11-12 02:00:00,0,0,0
2016-11-12 03:00:00,0,0,0
2016-11-12 04:00:00,1,0,1
2016-11-12 05:00:00,2,0,2
2016-11-12 06:00:00,2,2,0
2016-11-12 07:00:00,17,10,7
2016-11-12 08:00:00,22,9,13
2016-11-12 09:00:00,37,25,12
2016-11-12 10:00:00,34,17,17
2016-11-12 11:00:00,23,8,15
2016-11-12 12:00:00,42,23,19
2016-11-12 13:00:00,59,29,30
2016-11-12 14:00:00,61,33,28
2016-11-12 15:00:00,52,20,32
2016-11-12 16:00:00,48,13,35
2016-11-12 17:00:00,9,5,4
2016-11-12 18:00:00,1,1,0
2016-11-12 19:00:00,2,2,0
2016-11-12 20:00:00,4,4,0
2016-11-12 21:00:00,4,4,0
2016-11-12 22:00:00,1,0,1
2016-11-12 23:00:00,6,4,2
2016-11-13 00:00:00,1,1,0
2016-11-13 01:00:00,0,0,0
2016-11-13 02:00:00,0,0,0
2016-11-13 03:00:00,1,0,1
2016-11-13 04:00:00,0,0,0
2016-11-13 05:00:00,0,0,0
2016-11-13 06:00:00,5,4,1
2016-11-13 07:00:00,11,9,2
2016-11-13 08:00:00,20,7,13
2016-11-13 09:00:00,17,7,10
2016-11-13 10:00:00,22,14,8
2016-11-13 11:00:00,27,17,10
2016-11-13 12:00:00,30,13,17
2016-11-13 13:00:00,32,13,19
2016-11-13 14:00:00,35,22,13
2016-11-13 15:00:00,25,12,13
2016-11-13 16:00:00,17,8,9
2016-11-13 17:00:00,5,3,2
2016-11-13 18:00:00,3,0,3
2016-11-13 19:00:00,0,0,0
2016-11-13 20:00:00,0,0,0
2016-11-13 21:00:00,1,1,0
2016-11-13 22:00:00,1,0,1
2016-11-13 23:00:00,1,1,0
2016-11-14 00:00:00,1,1,0
2016-11-14 01:00:00,0,0,0
2016-11-14 02:00:00,0,0,0
2016-11-14 03:00:00,1,0,1
2016-11-14 04:00:00,2,1,1
2016-11-14 05:00:00,8,0,8
2016-11-14 06:00:00,27,3,24
2016-11-14 07:00:00,59,16,43
2016-11-14 08:00:00,67,9,58
2016-11-14 09:00:00,40,18,22
2016-11-14 10:00:00,28,11,17
2016-11-14 11:00:00,27,12,15
2016-11-14 12:00:00,30,13,17
2016-11-14 13:00:00,34,19,15
2016-11-14 14:00:00,46,26,20
2016-11-14 15:00:00,59,36,23
2016-11-14 16:00:00,68,45,23
2016-11-14 17:00:00,82,64,18
2016-11-14 18:00:00,46,38,8
2016-11-14 19:00:00,21,16,5
2016-11-14 20:00:00,11,5,6
2016-11-14 21:00:00,6,4,2
2016-11-14 22:00:00,0,0,0
2016-11-14 23:00:00,0,0,0
2016-11-15 00:00:00,1,1,0
2016-11-15 01:00:00,0,0,0
2016-11-15 02:00:00,0,0,0
2016-11-15 03:00:00,0,0,0
2016-11-15 04:00:00,0,0,0
2016-11-15 05:00:00,8,1,7
2016-11-15 06:00:00,22,5,17
2016-11-15 07:00:00,46,9,37
2016-11-15 08:00:00,53,21,32
2016-11-15 09:00:00,49,19,30
2016-11-15 10:00:00,26,13,13
2016-11-15 11:00:00,29,12,17
2016-11-15 12:00:00,22,8,14
2016-11-15 13:00:00,25,16,9
2016-11-15 14:00:00,29,16,13
2016-11-15 15:00:00,29,18,11
2016-11-15 16:00:00,50,33,17
2016-11-15 17:00:00,58,45,13
2016-11-15 18:00:00,45,34,11
2016-11-15 19:00:00,15,12,3
2016-11-15 20:00:00,4,2,2
2016-11-15 21:00:00,5,4,1
2016-11-15 22:00:00,2,2,0
2016-11-15 23:00:00,0,0,0
2016-11-16 00:00:00,1,1,0
2016-11-16 01:00:00,0,0,0
2016-11-16 02:00:00,1,1,0
2016-11-16 03:00:00,1,1,0
2016-11-16 04:00:00,2,0,2
2016-11-16 05:00:00,10,0,10
2016-11-16 06:00:00,28,5,23
2016-11-16 07:00:00,75,16,59
2016-11-16 08:00:00,77,21,56
2016-11-16 09:00:00,38,18,20
2016-11-16 10:00:00,31,16,15
2016-11-16 11:00:00,24,8,16
2016-11-16 12:00:00,13,3,10
2016-11-16 13:00:00,21,11,10
2016-11-16 14:00:00,29,14,15
2016-11-16 15:00:00,38,26,12
2016-11-16 16:00:00,74,55,19
2016-11-16 17:00:00,84,63,21
2016-11-16 18:00:00,58,46,12
2016-11-16 19:00:00,18,10,8
2016-11-16 20:00:00,13,11,2
2016-11-16 21:00:00,3,2,1
2016-11-16 22:00:00,4,3,1
2016-11-16 23:00:00,2,0,2
2016-11-17 00:00:00,0,0,0
2016-11-17 01:00:00,0,0,0
2016-11-17 02:00:00,0,0,0
2016-11-17 03:00:00,0,0,0
2016-11-17 04:00:00,1,0,1
2016-11-17 05:00:00,10,1,9
2016-11-17 06:00:00,28,5,23
2016-11-17 07:00:00,62,13,49
2016-11-17 08:00:00,76,19,57
2016-11-17 09:00:00,43,17,26
2016-11-17 10:00:00,27,10,17
2016-11-17 11:00:00,32,19,13
2016-11-17 12:00:00,30,17,13
2016-11-17 13:00:00,31,17,14
2016-11-17 14:00:00,38,24,14
2016-11-17 15:00:00,46,30,16
2016-11-17 16:00:00,72,44,28
2016-11-17 17:00:00,74,58,16
2016-11-17 18:00:00,44,34,10
2016-11-17 19:00:00,24,22,2
2016-11-17 20:00:00,8,3,5
2016-11-17 21:00:00,4,3,1
2016-11-17 22:00:00,3,2,1
2016-11-17 23:00:00,3,2,1
2016-11-18 00:00:00,2,2,0
2016-11-18 01:00:00,0,0,0
2016-11-18 02:00:00,0,0,0
2016-11-18 03:00:00,1,0,1
2016-11-18 04:00:00,0,0,0
2016-11-18 05:00:00,9,0,9
2016-11-18 06:00:00,32,6,26
2016-11-18 07:00:00,53,10,43
2016-11-18 08:00:00,70,16,54
2016-11-18 09:00:00,37,13,24
2016-11-18 10:00:00,32,17,15
2016-11-18 11:00:00,25,9,16
2016-11-18 12:00:00,30,14,16
2016-11-18 13:00:00,38,23,15
2016-11-18 14:00:00,57,31,26
2016-11-18 15:00:00,70,42,28
2016-11-18 16:00:00,69,44,25
2016-11-18 17:00:00,68,56,12
2016-11-18 18:00:00,48,39,9
2016-11-18 19:00:00,12,8,4
2016-11-18 20:00:00,9,7,2
2016-11-18 21:00:00,6,6,0
2016-11-18 22:00:00,3,3,0
2016-11-18 23:00:00,1,0,1
2016-11-19 00:00:00,1,1,0
2016-11-19 01:00:00,0,0,0
2016-11-19 02:00:00,2,1,1
2016-11-19 03:00:00,0,0,0
2016-11-19 04:00:00,0,0,0
2016-11-19 05:00:00,1,0,1
2016-11-19 06:00:00,2,0,2
2016-11-19 07:00:00,9,7,2
2016-11-19 08:00:00,19,9,10
2016-11-19 09:00:00,27,13,14
2016-11-19 10:00:00,27,10,17
2016-11-19 11:00:00,25,15,10
2016-11-19 12:00:00,44,14,30
2016-11-19 13:00:00,43,16,27
2016-11-19 14:00:00,48,27,21
2016-11-19 15:00:00,34,18,16
2016-11-19 16:00:00,20,12,8
2016-11-19 17:00:00,15,6,9
2016-11-19 18:00:00,4,3,1
2016-11-19 19:00:00,3,2,1
2016-11-19 20:00:00,8,5,3
2016-11-19 21:00:00,0,0,0
2016-11-19 22:00:00,2,1,1
2016-11-19 23:00:00,1,1,0
2016-11-20 00:00:00,2,2,0
2016-11-20 01:00:00,0,0,0
2016-11-20 02:00:00,1,0,1
2016-11-20 03:00:00,1,0,1
2016-11-20 04:00:00,1,0,1
2016-11-20 05:00:00,0,0,0
2016-11-20 06:00:00,0,0,0
2016-11-20 07:00:00,3,2,1
2016-11-20 08:00:00,22,14,8
2016-11-20 09:00:00,16,9,7
2016-11-20 10:00:00,15,9,6
2016-11-20 11:00:00,10,5,5
2016-11-20 12:00:00,28,20,8
2016-11-20 13:00:00,35,16,19
2016-11-20 14:00:00,29,10,19
2016-11-20 15:00:00,21,11,10
2016-11-20 16:00:00,17,7,10
2016-11-20 17:00:00,6,1,5
2016-11-20 18:00:00,3,2,1
2016-11-20 19:00:00,3,2,1
2016-11-20 20:00:00,1,0,1
2016-11-20 21:00:00,2,0,2
2016-11-20 22:00:00,0,0,0
2016-11-20 23:00:00,1,1,0
2016-11-21 00:00:00,1,1,0
2016-11-21 01:00:00,0,0,0
2016-11-21 02:00:00,0,0,0
2016-11-21 03:00:00,1,0,1
2016-11-21 04:00:00,2,0,2
2016-11-21 05:00:00,10,0,10
2016-11-21 06:00:00,37,10,27
2016-11-21 07:00:00,71,11,60
2016-11-21 08:00:00,58,12,46
2016-11-21 09:00:00,46,11,35
2016-11-21 10:00:00,41,17,24
2016-11-21 11:00:00,36,15,21
2016-11-21 12:00:00,47,29,18
2016-11-21 13:00:00,43,20,23
2016-11-21 14:00:00,42,20,22
2016-11-21 15:00:00,74,43,31
2016-11-21 16:00:00,83,57,26
2016-11-21 17:00:00,97,70,27
2016-11-21 18:00:00,51,45,6
2016-11-21 19:00:00,25,20,5
2016-11-21 20:00:00,10,9,1
2016-11-21 21:00:00,1,1,0
2016-11-21 22:00:00,1,0,1
2016-11-21 23:00:00,3,2,1
2016-11-22 00:00:00,0,0,0
2016-11-22 01:00:00,2,2,0
2016-11-22 02:00:00,0,0,0
2016-11-22 03:00:00,0,0,0
2016-11-22 04:00:00,4,0,4
2016-11-22 05:00:00,6,0,6
2016-11-22 06:00:00,29,4,25
2016-11-22 07:00:00,50,9,41
2016-11-22 08:00:00,51,15,36
2016-11-22 09:00:00,41,15,26
2016-11-22 10:00:00,23,11,12
2016-11-22 11:00:00,28,11,17
2016-11-22 12:00:00,16,7,9
2016-11-22 13:00:00,12,6,6
2016-11-22 14:00:00,21,13,8
2016-11-22 15:00:00,30,20,10
2016-11-22 16:00:00,36,27,9
2016-11-22 17:00:00,50,47,3
2016-11-22 18:00:00,30,24,6
2016-11-22 19:00:00,12,9,3
2016-11-22 20:00:00,7,6,1
2016-11-22 21:00:00,5,2,3
2016-11-22 22:00:00,2,2,0
2016-11-22 23:00:00,0,0,0
2016-11-23 00:00:00,0,0,0
2016-11-23 01:00:00,0,0,0
2016-11-23 02:00:00,1,1,0
2016-11-23 03:00:00,0,0,0
2016-11-23 04:00:00,3,0,3
2016-11-23 05:00:00,3,0,3
2016-11-23 06:00:00,22,5,17
2016-11-23 07:00:00,42,9,33
2016-11-23 08:00:00,53,14,39
2016-11-23 09:00:00,40,16,24
2016-11-23 10:00:00,35,12,23
2016-11-23 11:00:00,28,16,12
2016-11-23 12:00:00,20,11,9
2016-11-23 13:00:00,30,14,16
2016-11-23 14:00:00,22,15,7
2016-11-23 15:00:00,40,26,14
2016-11-23 16:00:00,39,25,14
2016-11-23 17:00:00,39,34,5
2016-11-23 18:00:00,21,16,5
2016-11-23 19:00:00,10,7,3
2016-11-23 20:00:00,4,4,0
2016-11-23 21:00:00,5,5,0
2016-11-23 22:00:00,3,3,0
2016-11-23 23:00:00,1,0,1
2016-11-24 00:00:00,1,0,1
2016-11-24 01:00:00,0,0,0
2016-11-24 02:00:00,0,0,0
2016-11-24 03:00:00,0,0,0
2016-11-24 04:00:00,1,0,1
2016-11-24 05:00:00,0,0,0
2016-11-24 06:00:00,2,0,2
2016-11-24 07:00:00,3,3,0
2016-11-24 08:00:00,9,5,4
2016-11-24 09:00:00,11,5,6
2016-11-24 10:00:00,21,10,11
2016-11-24 11:00:00,15,5,10
2016-11-24 12:00:00,15,7,8
2016-11-24 13:00:00,11,9,2
2016-11-24 14:00:00,9,3,6
2016-11-24 15:00:00,4,2,2
2016-11-24 16:00:00,4,1,3
2016-11-24 17:00:00,1,0,1
2016-11-24 18:00:00,0,0,0
2016-11-24 19:00:00,1,0,1
2016-11-24 20:00:00,1,0,1
2016-11-24 21:00:00,0,0,0
2016-11-24 22:00:00,0,0,0
2016-11-24 23:00:00,1,1,0
2016-11-25 00:00:00,0,0,0
2016-11-25 01:00:00,0,0,0
2016-11-25 02:00:00,0,0,0
2016-11-25 03:00:00,4,0,4
2016-11-25 04:00:00,2,1,1
2016-11-25 05:00:00,1,0,1
2016-11-25 06:00:00,5,1,4
2016-11-25 07:00:00,11,5,6
2016-11-25 08:00:00,16,7,9
2016-11-25 09:00:00,40,27,13
2016-11-25 10:00:00,68,32,36
2016-11-25 11:00:00,78,40,38
2016-11-25 12:00:00,82,41,41
2016-11-25 13:00:00,102,54,48
2016-11-25 14:00:00,81,44,37
2016-11-25 15:00:00,87,37,50
2016-11-25 16:00:00,37,14,23
2016-11-25 17:00:00,15,6,9
2016-11-25 18:00:00,7,3,4
2016-11-25 19:00:00,2,1,1
2016-11-25 20:00:00,1,0,1
2016-11-25 21:00:00,1,1,0
2016-11-25 22:00:00,2,2,0
2016-11-25 23:00:00,0,0,0
2016-11-26 00:00:00,1,1,0
2016-11-26 01:00:00,0,0,0
2016-11-26 02:00:00,1,1,0
2016-11-26 03:00:00,0,0,0
2016-11-26 04:00:00,0,0,0
2016-11-26 05:00:00,0,0,0
2016-11-26 06:00:00,3,1,2
2016-11-26 07:00:00,1,0,1
2016-11-26 08:00:00,7,2,5
2016-11-26 09:00:00,4,4,0
2016-11-26 10:00:00,13,4,9
2016-11-26 11:00:00,17,8,9
2016-11-26 12:00:00,28,17,11
2016-11-26 13:00:00,28,15,13
2016-11-26 14:00:00,26,9,17
2016-11-26 15:00:00,26,13,13
2016-11-26 16:00:00,12,1,11
2016-11-26 17:00:00,1,0,1
2016-11-26 18:00:00,4,2,2
2016-11-26 19:00:00,3,2,1
2016-11-26 20:00:00,2,2,0
2016-11-26 21:00:00,0,0,0
2016-11-26 22:00:00,1,0,1
2016-11-26 23:00:00,1,0,1
2016-11-27 00:00:00,2,2,0
2016-11-27 01:00:00,2,2,0
2016-11-27 02:00:00,0,0,0
2016-11-27 03:00:00,1,0,1
2016-11-27 04:00:00,0,0,0
2016-11-27 05:00:00,0,0,0
2016-11-27 06:00:00,1,1,0
2016-11-27 07:00:00,9,8,1
2016-11-27 08:00:00,29,19,10
2016-11-27 09:00:00,37,20,17
2016-11-27 10:00:00,57,31,26
2016-11-27 11:00:00,73,35,38
2016-11-27 12:00:00,30,14,16
2016-11-27 13:00:00,41,17,24
2016-11-27 14:00:00,26,12,14
2016-11-27 15:00:00,10,2,8
2016-11-27 16:00:00,10,5,5
2016-11-27 17:00:00,2,0,2
2016-11-27 18:00:00,1,1,0
2016-11-27 19:00:00,0,0,0
2016-11-27 20:00:00,0,0,0
2016-11-27 21:00:00,0,0,0
2016-11-27 22:00:00,1,1,0
2016-11-27 23:00:00,1,1,0
2016-11-28 00:00:00,2,2,0
2016-11-28 01:00:00,0,0,0
2016-11-28 02:00:00,1,0,1
2016-11-28 03:00:00,0,0,0
2016-11-28 04:00:00,2,1,1
2016-11-28 05:00:00,7,0,7
2016-11-28 06:00:00,26,3,23
2016-11-28 07:00:00,56,10,46
2016-11-28 08:00:00,60,13,47
2016-11-28 09:00:00,42,15,27
2016-11-28 10:00:00,42,9,33
2016-11-28 11:00:00,29,17,12
2016-11-28 12:00:00,28,12,16
2016-11-28 13:00:00,32,20,12
2016-11-28 14:00:00,42,14,28
2016-11-28 15:00:00,52,37,15
2016-11-28 16:00:00,67,44,23
2016-11-28 17:00:00,70,61,9
2016-11-28 18:00:00,50,41,9
2016-11-28 19:00:00,13,11,2
2016-11-28 20:00:00,11,6,5
2016-11-28 21:00:00,6,5,1
2016-11-28 22:00:00,0,0,0
2016-11-28 23:00:00,0,0,0
2016-11-29 00:00:00,0,0,0
2016-11-29 01:00:00,1,1,0
2016-11-29 02:00:00,0,0,0
2016-11-29 03:00:00,2,1,1
2016-11-29 04:00:00,5,0,5
2016-11-29 05:00:00,11,0,11
2016-11-29 06:00:00,29,7,22
2016-11-29 07:00:00,61,8,53
2016-11-29 08:00:00,68,14,54
2016-11-29 09:00:00,41,10,31
2016-11-29 10:00:00,30,13,17
2016-11-29 11:00:00,34,13,21
2016-11-29 12:00:00,23,15,8
2016-11-29 13:00:00,29,18,11
2016-11-29 14:00:00,40,21,19
2016-11-29 15:00:00,60,36,24
2016-11-29 16:00:00,75,50,25
2016-11-29 17:00:00,75,63,12
2016-11-29 18:00:00,65,52,13
2016-11-29 19:00:00,26,18,8
2016-11-29 20:00:00,12,9,3
2016-11-29 21:00:00,5,4,1
2016-11-29 22:00:00,1,1,0
2016-11-29 23:00:00,0,0,0
2016-11-30 00:00:00,0,0,0
2016-11-30 01:00:00,0,0,0
2016-11-30 02:00:00,1,1,0
2016-11-30 03:00:00,1,0,1
2016-11-30 04:00:00,3,0,3
2016-11-30 05:00:00,7,0,7
2016-11-30 06:00:00,22,3,19
2016-11-30 07:00:00,42,7,35
2016-11-30 08:00:00,58,12,46
2016-11-30 09:00:00,25,7,18
2016-11-30 10:00:00,18,3,15
2016-11-30 11:00:00,11,5,6
2016-11-30 12:00:00,14,8,6
2016-11-30 13:00:00,17,11,6
2016-11-30 14:00:00,22,15,7
2016-11-30 15:00:00,29,17,12
2016-11-30 16:00:00,47,38,9
2016-11-30 17:00:00,64,47,17
2016-11-30 18:00:00,44,37,7
2016-11-30 19:00:00,11,10,1
2016-11-30 20:00:00,7,7,0
2016-11-30 21:00:00,5,3,2
2016-11-30 22:00:00,1,1,0
2016-11-30 23:00:00,0,0,0
2016-12-01 00:00:00,0,0,0
2016-12-01 01:00:00,0,0,0
2016-12-01 02:00:00,0,0,0
2016-12-01 03:00:00,0,0,0
2016-12-01 04:00:00,1,0,1
2016-12-01 05:00:00,11,4,7
2016-12-01 06:00:00,27,4,23
2016-12-01 07:00:00,56,15,41
2016-12-01 08:00:00,76,16,60
2016-12-01 09:00:00,33,13,20
2016-12-01 10:00:00,38,17,21
2016-12-01 11:00:00,23,8,15
2016-12-01 12:00:00,28,16,12
2016-12-01 13:00:00,26,12,14
2016-12-01 14:00:00,32,19,13
2016-12-01 15:00:00,45,28,17
2016-12-01 16:00:00,58,37,21
2016-12-01 17:00:00,69,56,13
2016-12-01 18:00:00,49,40,9
2016-12-01 19:00:00,23,20,3
2016-12-01 20:00:00,6,6,0
2016-12-01 21:00:00,1,1,0
2016-12-01 22:00:00,1,1,0
2016-12-01 23:00:00,2,1,1
2016-12-02 00:00:00,1,1,0
2016-12-02 01:00:00,0,0,0
2016-12-02 02:00:00,0,0,0
2016-12-02 03:00:00,1,0,1
2016-12-02 04:00:00,1,0,1
2016-12-02 05:00:00,3,1,2
2016-12-02 06:00:00,18,7,11
2016-12-02 07:00:00,37,4,33
2016-12-02 08:00:00,35,13,22
2016-12-02 09:00:00,22,7,15
2016-12-02 10:00:00,9,2,7
2016-12-02 11:00:00,7,2,5
2016-12-02 12:00:00,9,2,7
2016-12-02 13:00:00,9,5,4
2016-12-02 14:00:00,22,12,10
2016-12-02 15:00:00,17,10,7
2016-12-02 16:00:00,29,23,6
2016-12-02 17:00:00,32,27,5
2016-12-02 18:00:00,25,23,2
2016-12-02 19:00:00,13,8,5
2016-12-02 20:00:00,1,1,0
2016-12-02 21:00:00,3,3,0
2016-12-02 22:00:00,0,0,0
2016-12-02 23:00:00,0,0,0
2016-12-03 00:00:00,1,1,0
2016-12-03 01:00:00,0,0,0
2016-12-03 02:00:00,1,1,0
2016-12-03 03:00:00,0,0,0
2016-12-03 04:00:00,4,1,3
2016-12-03 05:00:00,1,0,1
2016-12-03 06:00:00,5,2,3
2016-12-03 07:00:00,13,9,4
2016-12-03 08:00:00,24,17,7
2016-12-03 09:00:00,45,31,14
2016-12-03 10:00:00,45,24,21
2016-12-03 11:00:00,63,30,33
2016-12-03 12:00:00,89,37,52
2016-12-03 13:00:00,50,28,22
2016-12-03 14:00:00,46,20,26
2016-12-03 15:00:00,45,21,24
2016-12-03 16:00:00,35,13,22
2016-12-03 17:00:00,14,6,8
2016-12-03 18:00:00,12,4,8
2016-12-03 19:00:00,5,2,3
2016-12-03 20:00:00,1,1,0
2016-12-03 21:00:00,3,3,0
2016-12-03 22:00:00,3,2,1
2016-12-03 23:00:00,1,0,1
2016-12-04 00:00:00,1,1,0
2016-12-04 01:00:00,0,0,0
2016-12-04 02:00:00,0,0,0
2016-12-04 03:00:00,0,0,0
2016-12-04 04:00:00,2,0,2
2016-12-04 05:00:00,0,0,0
2016-12-04 06:00:00,1,0,1
2016-12-04 07:00:00,8,4,4
2016-12-04 08:00:00,15,12,3
2016-12-04 09:00:00,18,11,7
2016-12-04 10:00:00,48,25,23
2016-12-04 11:00:00,58,32,26
2016-12-04 12:00:00,77,48,29
2016-12-04 13:00:00,99,50,49
2016-12-04 14:00:00,73,40,33
2016-12-04 15:00:00,67,30,37
2016-12-04 16:00:00,35,17,18
2016-12-04 17:00:00,8,5,3
2016-12-04 18:00:00,7,2,5
2016-12-04 19:00:00,4,1,3
2016-12-04 20:00:00,1,1,0
2016-12-04 21:00:00,1,1,0
2016-12-04 22:00:00,0,0,0
2016-12-04 23:00:00,1,1,0
2016-12-05 00:00:00,0,0,0
2016-12-05 01:00:00,0,0,0
2016-12-05 02:00:00,0,0,0
2016-12-05 03:00:00,1,0,1
2016-12-05 04:00:00,2,1,1
2016-12-05 05:00:00,7,0,7
2016-12-05 06:00:00,14,0,14
2016-12-05 07:00:00,20,2,18
2016-12-05 08:00:00,25,5,20
2016-12-05 09:00:00,13,5,8
2016-12-05 10:00:00,12,0,12
2016-12-05 11:00:00,7,1,6
2016-12-05 12:00:00,6,3,3
2016-12-05 13:00:00,5,3,2
2016-12-05 14:00:00,7,6,1
2016-12-05 15:00:00,17,13,4
2016-12-05 16:00:00,24,18,6
2016-12-05 17:00:00,27,25,2
2016-12-05 18:00:00,20,15,5
2016-12-05 19:00:00,12,12,0
2016-12-05 20:00:00,2,2,0
2016-12-05 21:00:00,2,2,0
2016-12-05 22:00:00,0,0,0
2016-12-05 23:00:00,1,0,1
2016-12-06 00:00:00,1,0,1
2016-12-06 01:00:00,0,0,0
2016-12-06 02:00:00,0,0,0
2016-12-06 03:00:00,0,0,0
2016-12-06 04:00:00,2,0,2
2016-12-06 05:00:00,7,0,7
2016-12-06 06:00:00,10,1,9
2016-12-06 07:00:00,34,7,27
2016-12-06 08:00:00,34,13,21
2016-12-06 09:00:00,23,8,15
2016-12-06 10:00:00,28,9,19
2016-12-06 11:00:00,21,12,9
2016-12-06 12:00:00,5,2,3
2016-12-06 13:00:00,20,8,12
2016-12-06 14:00:00,31,21,10
2016-12-06 15:00:00,23,13,10
2016-12-06 16:00:00,35,25,10
2016-12-06 17:00:00,42,32,10
2016-12-06 18:00:00,26,20,6
2016-12-06 19:00:00,12,12,0
2016-12-06 20:00:00,1,1,0
2016-12-06 21:00:00,3,3,0
2016-12-06 22:00:00,0,0,0
2016-12-06 23:00:00,0,0,0
2016-12-07 00:00:00,1,1,0
2016-12-07 01:00:00,0,0,0
2016-12-07 02:00:00,0,0,0
2016-12-07 03:00:00,0,0,0
2016-12-07 04:00:00,2,0,2
2016-12-07 05:00:00,4,0,4
2016-12-07 06:00:00,16,5,11
2016-12-07 07:00:00,21,4,17
2016-12-07 08:00:00,35,13,22
2016-12-07 09:00:00,28,6,22
2016-12-07 10:00:00,12,4,8
2016-12-07 11:00:00,14,8,6
2016-12-07 12:00:00,15,8,7
2016-12-07 13:00:00,14,9,5
2016-12-07 14:00:00,19,11,8
2016-12-07 15:00:00,29,17,12
2016-12-07 16:00:00,35,21,14
2016-12-07 17:00:00,36,26,10
2016-12-07 18:00:00,27,23,4
2016-12-07 19:00:00,16,12,4
2016-12-07 20:00:00,4,3,1
2016-12-07 21:00:00,4,2,2
2016-12-07 22:00:00,0,0,0
2016-12-07 23:00:00,0,0,0
2016-12-08 00:00:00,0,0,0
2016-12-08 01:00:00,0,0,0
2016-12-08 02:00:00,0,0,0
2016-12-08 03:00:00,0,0,0
2016-12-08 04:00:00,1,0,1
2016-12-08 05:00:00,2,0,2
2016-12-08 06:00:00,15,3,12
2016-12-08 07:00:00,19,3,16
2016-12-08 08:00:00,20,5,15
2016-12-08 09:00:00,20,8,12
2016-12-08 10:00:00,11,3,8
2016-12-08 11:00:00,3,3,0
2016-12-08 12:00:00,14,6,8
2016-12-08 13:00:00,9,5,4
2016-12-08 14:00:00,23,9,14
2016-12-08 15:00:00,20,9,11
2016-12-08 16:00:00,21,18,3
2016-12-08 17:00:00,30,23,7
2016-12-08 18:00:00,21,21,0
2016-12-08 19:00:00,8,5,3
2016-12-08 20:00:00,2,2,0
2016-12-08 21:00:00,2,2,0
2016-12-08 22:00:00,1,1,0
2016-12-08 23:00:00,0,0,0
2016-12-09 00:00:00,0,0,0
2016-12-09 01:00:00,0,0,0
2016-12-09 02:00:00,0,0,0
2016-12-09 03:00:00,0,0,0
2016-12-09 04:00:00,1,0,1
2016-12-09 05:00:00,2,0,2
2016-12-09 06:00:00,2,2,0
2016-12-09 07:00:00,8,2,6
2016-12-09 08:00:00,4,1,3
2016-12-09 09:00:00,9,2,7
2016-12-09 10:00:00,6,2,4
2016-12-09 11:00:00,0,0,0
2016-12-09 12:00:00,2,0,2
2016-12-09 13:00:00,2,1,1
2016-12-09 14:00:00,8,5,3
2016-12-09 15:00:00,5,3,2
2016-12-09 16:00:00,7,6,1
2016-12-09 17:00:00,6,5,1
2016-12-09 18:00:00,5,5,0
2016-12-09 19:00:00,1,1,0
2016-12-09 20:00:00,0,0,0
2016-12-09 21:00:00,0,0,0
2016-12-09 22:00:00,0,0,0
2016-12-09 23:00:00,0,0,0
2016-12-10 00:00:00,0,0,0
2016-12-10 01:00:00,0,0,0
2016-12-10 02:00:00,0,0,0
2016-12-10 03:00:00,0,0,0
2016-12-10 04:00:00,0,0,0
2016-12-10 05:00:00,1,0,1
2016-12-10 06:00:00,1,1,0
2016-12-10 07:00:00,5,4,1
2016-12-10 08:00:00,14,7,7
2016-12-10 09:00:00,29,17,12
2016-12-10 10:00:00,27,14,13
2016-12-10 11:00:00,32,17,15
2016-12-10 12:00:00,27,13,14
2016-12-10 13:00:00,14,7,7
2016-12-10 14:00:00,12,9,3
2016-12-10 15:00:00,16,9,7
2016-12-10 16:00:00,12,4,8
2016-12-10 17:00:00,5,1,4
2016-12-10 18:00:00,1,1,0
2016-12-10 19:00:00,2,1,1
2016-12-10 20:00:00,1,0,1
2016-12-10 21:00:00,1,0,1
2016-12-10 22:00:00,2,2,0
2016-12-10 23:00:00,0,0,0
2016-12-11 00:00:00,0,0,0
2016-12-11 01:00:00,0,0,0
2016-12-11 02:00:00,0,0,0
2016-12-11 03:00:00,0,0,0
2016-12-11 04:00:00,2,1,1
2016-12-11 05:00:00,0,0,0
2016-12-11 06:00:00,0,0,0
2016-12-11 07:00:00,3,2,1
2016-12-11 08:00:00,7,3,4
2016-12-11 09:00:00,24,18,6
2016-12-11 10:00:00,20,7,13
2016-12-11 11:00:00,19,10,9
2016-12-11 12:00:00,28,13,15
2016-12-11 13:00:00,18,6,12
2016-12-11 14:00:00,24,13,11
2016-12-11 15:00:00,15,5,10
2016-12-11 16:00:00,8,3,5
2016-12-11 17:00:00,7,2,5
2016-12-11 18:00:00,9,8,1
2016-12-11 19:00:00,2,1,1
2016-12-11 20:00:00,1,0,1
2016-12-11 21:00:00,0,0,0
2016-12-11 22:00:00,0,0,0
2016-12-11 23:00:00,3,1,2
2016-12-12 00:00:00,4,0,4
2016-12-12 01:00:00,0,0,0
2016-12-12 02:00:00,0,0,0
2016-12-12 03:00:00,0,0,0
2016-12-12 04:00:00,2,0,2
2016-12-12 05:00:00,3,0,3
2016-12-12 06:00:00,12,2,10
2016-12-12 07:00:00,43,5,38
2016-12-12 08:00:00,47,15,32
2016-12-12 09:00:00,25,6,19
2016-12-12 10:00:00,22,11,11
2016-12-12 11:00:00,10,2,8
2016-12-12 12:00:00,9,4,5
2016-12-12 13:00:00,7,2,5
2016-12-12 14:00:00,11,8,3
2016-12-12 15:00:00,18,12,6
2016-12-12 16:00:00,30,23,7
2016-12-12 17:00:00,60,47,13
2016-12-12 18:00:00,34,28,6
2016-12-12 19:00:00,12,11,1
2016-12-12 20:00:00,3,2,1
2016-12-12 21:00:00,1,0,1
2016-12-12 22:00:00,0,0,0
2016-12-12 23:00:00,0,0,0
2016-12-13 00:00:00,0,0,0
2016-12-13 01:00:00,0,0,0
2016-12-13 02:00:00,0,0,0
2016-12-13 03:00:00,0,0,0
2016-12-13 04:00:00,2,0,2
2016-12-13 05:00:00,6,0,6
2016-12-13 06:00:00,14,3,11
2016-12-13 07:00:00,46,8,38
2016-12-13 08:00:00,41,7,34
2016-12-13 09:00:00,28,8,20
2016-12-13 10:00:00,12,2,10
2016-12-13 11:00:00,13,7,6
2016-12-13 12:00:00,24,12,12
2016-12-13 13:00:00,23,13,10
2016-12-13 14:00:00,24,11,13
2016-12-13 15:00:00,29,16,13
2016-12-13 16:00:00,36,28,8
2016-12-13 17:00:00,47,35,12
2016-12-13 18:00:00,37,28,9
2016-12-13 19:00:00,13,12,1
2016-12-13 20:00:00,4,4,0
2016-12-13 21:00:00,2,2,0
2016-12-13 22:00:00,2,1,1
2016-12-13 23:00:00,1,1,0
2016-12-14 00:00:00,2,1,1
2016-12-14 01:00:00,0,0,0
2016-12-14 02:00:00,1,1,0
2016-12-14 03:00:00,0,0,0
2016-12-14 04:00:00,3,0,3
2016-12-14 05:00:00,7,0,7
2016-12-14 06:00:00,16,4,12
2016-12-14 07:00:00,36,8,28
2016-12-14 08:00:00,38,9,29
2016-12-14 09:00:00,22,11,11
2016-12-14 10:00:00,13,7,6
2016-12-14 11:00:00,21,12,9
2016-12-14 12:00:00,19,13,6
2016-12-14 13:00:00,8,6,2
2016-12-14 14:00:00,23,11,12
2016-12-14 15:00:00,23,10,13
2016-12-14 16:00:00,31,20,11
2016-12-14 17:00:00,47,35,12
2016-12-14 18:00:00,25,21,4
2016-12-14 19:00:00,12,9,3
2016-12-14 20:00:00,0,0,0
2016-12-14 21:00:00,5,5,0
2016-12-14 22:00:00,4,2,2
2016-12-14 23:00:00,0,0,0
2016-12-15 00:00:00,1,1,0
2016-12-15 01:00:00,0,0,0
2016-12-15 02:00:00,0,0,0
2016-12-15 03:00:00,1,0,1
2016-12-15 04:00:00,0,0,0
2016-12-15 05:00:00,4,1,3
2016-12-15 06:00:00,10,3,7
2016-12-15 07:00:00,31,6,25
2016-12-15 08:00:00,24,8,16
2016-12-15 09:00:00,26,8,18
2016-12-15 10:00:00,10,2,8
2016-12-15 11:00:00,14,8,6
2016-12-15 12:00:00,13,5,8
2016-12-15 13:00:00,19,7,12
2016-12-15 14:00:00,19,10,9
2016-12-15 15:00:00,17,12,5
2016-12-15 16:00:00,34,22,12
2016-12-15 17:00:00,37,28,9
2016-12-15 18:00:00,21,18,3
2016-12-15 19:00:00,8,7,1
2016-12-15 20:00:00,2,1,1
2016-12-15 21:00:00,1,1,0
2016-12-15 22:00:00,2,2,0
2016-12-15 23:00:00,0,0,0
2016-12-16 00:00:00,3,3,0
2016-12-16 01:00:00,0,0,0
2016-12-16 02:00:00,0,0,0
2016-12-16 03:00:00,0,0,0
2016-12-16 04:00:00,2,2,0
2016-12-16 05:00:00,5,0,5
2016-12-16 06:00:00,11,5,6
2016-12-16 07:00:00,23,4,19
2016-12-16 08:00:00,36,13,23
2016-12-16 09:00:00,13,2,11
2016-12-16 10:00:00,20,7,13
2016-12-16 11:00:00,7,2,5
2016-12-16 12:00:00,15,7,8
2016-12-16 13:00:00,27,15,12
2016-12-16 14:00:00,21,12,9
2016-12-16 15:00:00,22,9,13
2016-12-16 16:00:00,33,23,10
2016-12-16 17:00:00,21,19,2
2016-12-16 18:00:00,19,18,1
2016-12-16 19:00:00,3,2,1
2016-12-16 20:00:00,3,3,0
2016-12-16 21:00:00,0,0,0
2016-12-16 22:00:00,4,3,1
2016-12-16 23:00:00,0,0,0
2016-12-17 00:00:00,0,0,0
2016-12-17 01:00:00,0,0,0
2016-12-17 02:00:00,0,0,0
2016-12-17 03:00:00,1,0,1
2016-12-17 04:00:00,1,1,0
2016-12-17 05:00:00,0,0,0
2016-12-17 06:00:00,1,1,0
2016-12-17 07:00:00,1,0,1
2016-12-17 08:00:00,11,7,4
2016-12-17 09:00:00,16,10,6
2016-12-17 10:00:00,37,24,13
2016-12-17 11:00:00,21,10,11
2016-12-17 12:00:00,27,12,15
2016-12-17 13:00:00,24,10,14
2016-12-17 14:00:00,25,7,18
2016-12-17 15:00:00,16,8,8
2016-12-17 16:00:00,11,6,5
2016-12-17 17:00:00,3,2,1
2016-12-17 18:00:00,1,0,1
2016-12-17 19:00:00,2,2,0
2016-12-17 20:00:00,0,0,0
2016-12-17 21:00:00,1,0,1
2016-12-17 22:00:00,0,0,0
2016-12-17 23:00:00,0,0,0
2016-12-18 00:00:00,0,0,0
2016-12-18 01:00:00,0,0,0
2016-12-18 02:00:00,0,0,0
2016-12-18 03:00:00,0,0,0
2016-12-18 04:00:00,1,0,1
2016-12-18 05:00:00,0,0,0
2016-12-18 06:00:00,0,0,0
2016-12-18 07:00:00,4,3,1
2016-12-18 08:00:00,8,4,4
2016-12-18 09:00:00,16,8,8
2016-12-18 10:00:00,13,6,7
2016-12-18 11:00:00,29,20,9
2016-12-18 12:00:00,40,18,22
2016-12-18 13:00:00,33,21,12
2016-12-18 14:00:00,31,12,19
2016-12-18 15:00:00,34,11,23
2016-12-18 16:00:00,8,6,2
2016-12-18 17:00:00,7,2,5
2016-12-18 18:00:00,4,4,0
2016-12-18 19:00:00,1,0,1
2016-12-18 20:00:00,6,1,5
2016-12-18 21:00:00,2,1,1
2016-12-18 22:00:00,1,1,0
2016-12-18 23:00:00,0,0,0
2016-12-19 00:00:00,1,1,0
2016-12-19 01:00:00,0,0,0
2016-12-19 02:00:00,0,0,0
2016-12-19 03:00:00,1,0,1
2016-12-19 04:00:00,4,1,3
2016-12-19 05:00:00,4,0,4
2016-12-19 06:00:00,14,4,10
2016-12-19 07:00:00,21,2,19
2016-12-19 08:00:00,24,8,16
2016-12-19 09:00:00,18,5,13
2016-12-19 10:00:00,18,5,13
2016-12-19 11:00:00,25,12,13
2016-12-19 12:00:00,13,7,6
2016-12-19 13:00:00,12,4,8
2016-12-19 14:00:00,18,9,9
2016-12-19 15:00:00,17,9,8
2016-12-19 16:00:00,26,19,7
2016-12-19 17:00:00,40,31,9
2016-12-19 18:00:00,17,13,4
2016-12-19 19:00:00,10,9,1
2016-12-19 20:00:00,2,1,1
2016-12-19 21:00:00,1,1,0
2016-12-19 22:00:00,1,1,0
2016-12-19 23:00:00,0,0,0
2016-12-20 00:00:00,2,1,1
2016-12-20 01:00:00,0,0,0
2016-12-20 02:00:00,0,0,0
2016-12-20 03:00:00,0,0,0
2016-12-20 04:00:00,2,0,2
2016-12-20 05:00:00,6,1,5
2016-12-20 06:00:00,15,4,11
2016-12-20 07:00:00,36,8,28
2016-12-20 08:00:00,35,12,23
2016-12-20 09:00:00,25,7,18
2016-12-20 10:00:00,19,8,11
2016-12-20 11:00:00,11,7,4
2016-12-20 12:00:00,24,15,9
2016-12-20 13:00:00,29,16,13
2016-12-20 14:00:00,39,20,19
2016-12-20 15:00:00,42,24,18
2016-12-20 16:00:00,48,29,19
2016-12-20 17:00:00,50,34,16
2016-12-20 18:00:00,34,25,9
2016-12-20 19:00:00,12,8,4
2016-12-20 20:00:00,2,0,2
2016-12-20 21:00:00,2,2,0
2016-12-20 22:00:00,2,1,1
2016-12-20 23:00:00,0,0,0
2016-12-21 00:00:00,0,0,0
2016-12-21 01:00:00,0,0,0
2016-12-21 02:00:00,1,1,0
2016-12-21 03:00:00,0,0,0
2016-12-21 04:00:00,4,1,3
2016-12-21 05:00:00,7,0,7
2016-12-21 06:00:00,20,8,12
2016-12-21 07:00:00,32,8,24
2016-12-21 08:00:00,35,9,26
2016-12-21 09:00:00,32,10,22
2016-12-21 10:00:00,40,19,21
2016-12-21 11:00:00,28,12,16
2016-12-21 12:00:00,26,14,12
2016-12-21 13:00:00,49,24,25
2016-12-21 14:00:00,30,18,12
2016-12-21 15:00:00,65,38,27
2016-12-21 16:00:00,68,44,24
2016-12-21 17:00:00,47,32,15
2016-12-21 18:00:00,26,19,7
2016-12-21 19:00:00,6,6,0
2016-12-21 20:00:00,6,4,2
2016-12-21 21:00:00,4,3,1
2016-12-21 22:00:00,2,2,0
2016-12-21 23:00:00,0,0,0
2016-12-22 00:00:00,4,0,4
2016-12-22 01:00:00,0,0,0
2016-12-22 02:00:00,0,0,0
2016-12-22 03:00:00,1,0,1
2016-12-22 04:00:00,0,0,0
2016-12-22 05:00:00,4,0,4
2016-12-22 06:00:00,13,4,9
2016-12-22 07:00:00,23,8,15
2016-12-22 08:00:00,31,10,21
2016-12-22 09:00:00,26,11,15
2016-12-22 10:00:00,22,7,15
2016-12-22 11:00:00,12,5,7
2016-12-22 12:00:00,10,1,9
2016-12-22 13:00:00,13,5,8
2016-12-22 14:00:00,23,13,10
2016-12-22 15:00:00,25,16,9
2016-12-22 16:00:00,36,24,12
2016-12-22 17:00:00,27,18,9
2016-12-22 18:00:00,10,9,1
2016-12-22 19:00:00,5,3,2
2016-12-22 20:00:00,1,1,0
2016-12-22 21:00:00,1,1,0
2016-12-22 22:00:00,1,1,0
2016-12-22 23:00:00,0,0,0
2016-12-23 00:00:00,1,1,0
2016-12-23 01:00:00,0,0,0
2016-12-23 02:00:00,0,0,0
2016-12-23 03:00:00,0,0,0
2016-12-23 04:00:00,2,0,2
2016-12-23 05:00:00,3,0,3
2016-12-23 06:00:00,13,4,9
2016-12-23 07:00:00,11,0,11
2016-12-23 08:00:00,13,5,8
2016-12-23 09:00:00,15,6,9
2016-12-23 10:00:00,7,2,5
2016-12-23 11:00:00,4,2,2
2016-12-23 12:00:00,2,0,2
2016-12-23 13:00:00,7,6,1
2016-12-23 14:00:00,8,6,2
2016-12-23 15:00:00,6,5,1
2016-12-23 16:00:00,16,9,7
2016-12-23 17:00:00,10,8,2
2016-12-23 18:00:00,9,8,1
2016-12-23 19:00:00,0,0,0
2016-12-23 20:00:00,3,2,1
2016-12-23 21:00:00,1,0,1
2016-12-23 22:00:00,1,0,1
2016-12-23 23:00:00,0,0,0
2016-12-24 00:00:00,1,1,0
2016-12-24 01:00:00,1,1,0
2016-12-24 02:00:00,1,1,0
2016-12-24 03:00:00,0,0,0
2016-12-24 04:00:00,3,3,0
2016-12-24 05:00:00,0,0,0
2016-12-24 06:00:00,2,2,0
2016-12-24 07:00:00,9,7,2
2016-12-24 08:00:00,16,11,5
2016-12-24 09:00:00,21,13,8
2016-12-24 10:00:00,49,32,17
2016-12-24 11:00:00,53,29,24
2016-12-24 12:00:00,47,23,24
2016-12-24 13:00:00,33,15,18
2016-12-24 14:00:00,23,6,17
2016-12-24 15:00:00,16,8,8
2016-12-24 16:00:00,5,2,3
2016-12-24 17:00:00,2,2,0
2016-12-24 18:00:00,2,1,1
2016-12-24 19:00:00,0,0,0
2016-12-24 20:00:00,0,0,0
2016-12-24 21:00:00,0,0,0
2016-12-24 22:00:00,0,0,0
2016-12-24 23:00:00,1,0,1
2016-12-25 00:00:00,0,0,0
2016-12-25 01:00:00,0,0,0
2016-12-25 02:00:00,0,0,0
2016-12-25 03:00:00,1,0,1
2016-12-25 04:00:00,1,1,0
2016-12-25 05:00:00,0,0,0
2016-12-25 06:00:00,1,1,0
2016-12-25 07:00:00,3,0,3
2016-12-25 08:00:00,4,2,2
2016-12-25 09:00:00,4,3,1
2016-12-25 10:00:00,7,7,0
2016-12-25 11:00:00,23,15,8
2016-12-25 12:00:00,18,8,10
2016-12-25 13:00:00,31,17,14
2016-12-25 14:00:00,46,27,19
2016-12-25 15:00:00,24,13,11
2016-12-25 16:00:00,20,8,12
2016-12-25 17:00:00,2,1,1
2016-12-25 18:00:00,0,0,0
2016-12-25 19:00:00,0,0,0
2016-12-25 20:00:00,0,0,0
2016-12-25 21:00:00,0,0,0
2016-12-25 22:00:00,0,0,0
2016-12-25 23:00:00,0,0,0
2016-12-26 00:00:00,0,0,0
2016-12-26 01:00:00,0,0,0
2016-12-26 02:00:00,1,0,1
2016-12-26 03:00:00,0,0,0
2016-12-26 04:00:00,1,0,1
2016-12-26 05:00:00,1,0,1
2016-12-26 06:00:00,2,0,2
2016-12-26 07:00:00,3,0,3
2016-12-26 08:00:00,11,6,5
2016-12-26 09:00:00,22,16,6
2016-12-26 10:00:00,29,15,14
2016-12-26 11:00:00,36,14,22
2016-12-26 12:00:00,50,28,22
2016-12-26 13:00:00,36,25,11
2016-12-26 14:00:00,36,16,20
2016-12-26 15:00:00,22,10,12
2016-12-26 16:00:00,8,3,5
2016-12-26 17:00:00,5,4,1
2016-12-26 18:00:00,3,2,1
2016-12-26 19:00:00,2,2,0
2016-12-26 20:00:00,0,0,0
2016-12-26 21:00:00,0,0,0
2016-12-26 22:00:00,0,0,0
2016-12-26 23:00:00,0,0,0
2016-12-27 00:00:00,0,0,0
2016-12-27 01:00:00,0,0,0
2016-12-27 02:00:00,0,0,0
2016-12-27 03:00:00,1,0,1
2016-12-27 04:00:00,3,1,2
2016-12-27 05:00:00,5,1,4
2016-12-27 06:00:00,15,4,11
2016-12-27 07:00:00,21,5,16
2016-12-27 08:00:00,27,8,19
2016-12-27 09:00:00,13,4,9
2016-12-27 10:00:00,14,5,9
2016-12-27 11:00:00,24,10,14
2016-12-27 12:00:00,21,8,13
2016-12-27 13:00:00,29,14,15
2016-12-27 14:00:00,26,14,12
2016-12-27 15:00:00,41,24,17
2016-12-27 16:00:00,16,13,3
2016-12-27 17:00:00,30,26,4
2016-12-27 18:00:00,16,14,2
2016-12-27 19:00:00,9,7,2
2016-12-27 20:00:00,3,3,0
2016-12-27 21:00:00,1,1,0
2016-12-27 22:00:00,1,0,1
2016-12-27 23:00:00,0,0,0
2016-12-28 00:00:00,0,0,0
2016-12-28 01:00:00,0,0,0
2016-12-28 02:00:00,1,1,0
2016-12-28 03:00:00,0,0,0
2016-12-28 04:00:00,5,0,5
2016-12-28 05:00:00,9,3,6
2016-12-28 06:00:00,20,4,16
2016-12-28 07:00:00,26,9,17
2016-12-28 08:00:00,30,6,24
2016-12-28 09:00:00,21,9,12
2016-12-28 10:00:00,40,18,22
2016-12-28 11:00:00,38,26,12
2016-12-28 12:00:00,48,26,22
2016-12-28 13:00:00,47,26,21
2016-12-28 14:00:00,65,34,31
2016-12-28 15:00:00,43,22,21
2016-12-28 16:00:00,51,34,17
2016-12-28 17:00:00,48,29,19
2016-12-28 18:00:00,17,11,6
2016-12-28 19:00:00,4,4,0
2016-12-28 20:00:00,1,1,0
2016-12-28 21:00:00,5,3,2
2016-12-28 22:00:00,3,1,2
2016-12-28 23:00:00,0,0,0
2016-12-29 00:00:00,1,1,0
2016-12-29 01:00:00,1,1,0
2016-12-29 02:00:00,0,0,0
2016-12-29 03:00:00,2,1,1
2016-12-29 04:00:00,4,0,4
2016-12-29 05:00:00,7,1,6
2016-12-29 06:00:00,14,4,10
2016-12-29 07:00:00,17,4,13
2016-12-29 08:00:00,23,5,18
2016-12-29 09:00:00,24,11,13
2016-12-29 10:00:00,27,13,14
2016-12-29 11:00:00,23,10,13
2016-12-29 12:00:00,24,14,10
2016-12-29 13:00:00,13,3,10
2016-12-29 14:00:00,20,13,7
2016-12-29 15:00:00,19,13,6
2016-12-29 16:00:00,27,19,8
2016-12-29 17:00:00,21,17,4
2016-12-29 18:00:00,18,17,1
2016-12-29 19:00:00,8,7,1
2016-12-29 20:00:00,1,0,1
2016-12-29 21:00:00,2,2,0
2016-12-29 22:00:00,0,0,0
2016-12-29 23:00:00,1,1,0
2016-12-30 00:00:00,0,0,0
2016-12-30 01:00:00,0,0,0
2016-12-30 02:00:00,0,0,0
2016-12-30 03:00:00,0,0,0
2016-12-30 04:00:00,1,1,0
2016-12-30 05:00:00,2,1,1
2016-12-30 06:00:00,13,5,8
2016-12-30 07:00:00,14,4,10
2016-12-30 08:00:00,32,13,19
2016-12-30 09:00:00,18,10,8
2016-12-30 10:00:00,38,18,20
2016-12-30 11:00:00,33,24,9
2016-12-30 12:00:00,45,15,30
2016-12-30 13:00:00,63,27,36
2016-12-30 14:00:00,66,36,30
2016-12-30 15:00:00,58,29,29
2016-12-30 16:00:00,50,29,21
2016-12-30 17:00:00,15,10,5
2016-12-30 18:00:00,16,15,1
2016-12-30 19:00:00,4,3,1
2016-12-30 20:00:00,3,3,0
2016-12-30 21:00:00,2,2,0
2016-12-30 22:00:00,1,1,0
2016-12-30 23:00:00,0,0,0
2016-12-31 00:00:00,0,0,0
2016-12-31 01:00:00,0,0,0
2016-12-31 02:00:00,0,0,0
2016-12-31 03:00:00,0,0,0
2016-12-31 04:00:00,1,0,1
2016-12-31 05:00:00,1,1,0
2016-12-31 06:00:00,1,0,1
2016-12-31 07:00:00,3,2,1
2016-12-31 08:00:00,21,14,7
2016-12-31 09:00:00,30,15,15
2016-12-31 10:00:00,28,5,23
2016-12-31 11:00:00,33,20,13
2016-12-31 12:00:00,39,19,20
2016-12-31 13:00:00,23,12,11
2016-12-31 14:00:00,31,8,23
2016-12-31 15:00:00,25,13,12
2016-12-31 16:00:00,10,3,7
2016-12-31 17:00:00,5,3,2
2016-12-31 18:00:00,3,2,1
2016-12-31 19:00:00,2,2,0
2016-12-31 20:00:00,1,1,0
2016-12-31 21:00:00,0,0,0
2016-12-31 22:00:00,1,0,1
2016-12-31 23:00:00,0,0,0
2017-01-01 00:00:00,0,0,0
2017-01-01 01:00:00,1,1,0
2017-01-01 02:00:00,0,0,0
2017-01-01 03:00:00,0,0,0
2017-01-01 04:00:00,1,0,1
2017-01-01 05:00:00,0,0,0
2017-01-01 06:00:00,0,0,0
2017-01-01 07:00:00,0,0,0
2017-01-01 08:00:00,2,2,0
2017-01-01 09:00:00,4,2,2
2017-01-01 10:00:00,14,9,5
2017-01-01 11:00:00,19,14,5
2017-01-01 12:00:00,33,17,16
2017-01-01 13:00:00,35,17,18
2017-01-01 14:00:00,28,13,15
2017-01-01 15:00:00,43,18,25
2017-01-01 16:00:00,18,7,11
2017-01-01 17:00:00,5,1,4
2017-01-01 18:00:00,3,3,0
2017-01-01 19:00:00,0,0,0
2017-01-01 20:00:00,1,0,1
2017-01-01 21:00:00,0,0,0
2017-01-01 22:00:00,1,0,1
2017-01-01 23:00:00,0,0,0
2017-01-02 00:00:00,0,0,0
2017-01-02 01:00:00,0,0,0
2017-01-02 02:00:00,0,0,0
2017-01-02 03:00:00,0,0,0
2017-01-02 04:00:00,1,0,1
2017-01-02 05:00:00,0,0,0
2017-01-02 06:00:00,0,0,0
2017-01-02 07:00:00,5,2,3
2017-01-02 08:00:00,12,5,7
2017-01-02 09:00:00,6,2,4
2017-01-02 10:00:00,20,15,5
2017-01-02 11:00:00,35,17,18
2017-01-02 12:00:00,41,20,21
2017-01-02 13:00:00,52,30,22
2017-01-02 14:00:00,71,34,37
2017-01-02 15:00:00,42,25,17
2017-01-02 16:00:00,37,13,24
2017-01-02 17:00:00,6,2,4
2017-01-02 18:00:00,5,3,2
2017-01-02 19:00:00,3,1,2
2017-01-02 20:00:00,4,3,1
2017-01-02 21:00:00,2,2,0
2017-01-02 22:00:00,0,0,0
2017-01-02 23:00:00,0,0,0
2017-01-03 00:00:00,1,1,0
2017-01-03 01:00:00,0,0,0
2017-01-03 02:00:00,0,0,0
2017-01-03 03:00:00,1,0,1
2017-01-03 04:00:00,2,0,2
2017-01-03 05:00:00,9,1,8
2017-01-03 06:00:00,11,2,9
2017-01-03 07:00:00,28,6,22
2017-01-03 08:00:00,30,6,24
2017-01-03 09:00:00,20,6,14
2017-01-03 10:00:00,12,4,8
2017-01-03 11:00:00,11,5,6
2017-01-03 12:00:00,17,7,10
2017-01-03 13:00:00,12,5,7
2017-01-03 14:00:00,18,11,7
2017-01-03 15:00:00,17,10,7
2017-01-03 16:00:00,27,17,10
2017-01-03 17:00:00,35,27,8
2017-01-03 18:00:00,30,26,4
2017-01-03 19:00:00,8,7,1
2017-01-03 20:00:00,2,2,0
2017-01-03 21:00:00,3,2,1
2017-01-03 22:00:00,1,1,0
2017-01-03 23:00:00,0,0,0
2017-01-04 00:00:00,0,0,0
2017-01-04 01:00:00,0,0,0
2017-01-04 02:00:00,1,1,0
2017-01-04 03:00:00,0,0,0
2017-01-04 04:00:00,4,0,4
2017-01-04 05:00:00,8,0,8
2017-01-04 06:00:00,11,6,5
2017-01-04 07:00:00,24,6,18
2017-01-04 08:00:00,41,7,34
2017-01-04 09:00:00,20,9,11
2017-01-04 10:00:00,18,8,10
2017-01-04 11:00:00,19,8,11
2017-01-04 12:00:00,16,7,9
2017-01-04 13:00:00,11,5,6
2017-01-04 14:00:00,23,9,14
2017-01-04 15:00:00,26,19,7
2017-01-04 16:00:00,37,21,16
2017-01-04 17:00:00,40,31,9
2017-01-04 18:00:00,22,19,3
2017-01-04 19:00:00,12,7,5
2017-01-04 20:00:00,5,4,1
2017-01-04 21:00:00,5,2,3
2017-01-04 22:00:00,0,0,0
2017-01-04 23:00:00,0,0,0
2017-01-05 00:00:00,0,0,0
2017-01-05 01:00:00,0,0,0
2017-01-05 02:00:00,0,0,0
2017-01-05 03:00:00,1,0,1
2017-01-05 04:00:00,2,2,0
2017-01-05 05:00:00,4,0,4
2017-01-05 06:00:00,13,5,8
2017-01-05 07:00:00,31,10,21
2017-01-05 08:00:00,27,5,22
2017-01-05 09:00:00,28,14,14
2017-01-05 10:00:00,11,6,5
2017-01-05 11:00:00,11,3,8
2017-01-05 12:00:00,9,3,6
2017-01-05 13:00:00,18,8,10
2017-01-05 14:00:00,24,15,9
2017-01-05 15:00:00,22,11,11
2017-01-05 16:00:00,34,17,17
2017-01-05 17:00:00,43,32,11
2017-01-05 18:00:00,18,16,2
2017-01-05 19:00:00,21,17,4
2017-01-05 20:00:00,5,3,2
2017-01-05 21:00:00,6,4,2
2017-01-05 22:00:00,1,1,0
2017-01-05 23:00:00,0,0,0
2017-01-06 00:00:00,0,0,0
2017-01-06 01:00:00,0,0,0
2017-01-06 02:00:00,0,0,0
2017-01-06 03:00:00,0,0,0
2017-01-06 04:00:00,0,0,0
2017-01-06 05:00:00,5,0,5
2017-01-06 06:00:00,14,2,12
2017-01-06 07:00:00,15,5,10
2017-01-06 08:00:00,35,13,22
2017-01-06 09:00:00,21,7,14
2017-01-06 10:00:00,13,3,10
2017-01-06 11:00:00,7,4,3
2017-01-06 12:00:00,23,15,8
2017-01-06 13:00:00,17,8,9
2017-01-06 14:00:00,18,11,7
2017-01-06 15:00:00,31,18,13
2017-01-06 16:00:00,30,18,12
2017-01-06 17:00:00,40,33,7
2017-01-06 18:00:00,18,15,3
2017-01-06 19:00:00,2,2,0
2017-01-06 20:00:00,7,6,1
2017-01-06 21:00:00,4,3,1
2017-01-06 22:00:00,1,1,0
2017-01-06 23:00:00,1,1,0
2017-01-07 00:00:00,0,0,0
2017-01-07 01:00:00,0,0,0
2017-01-07 02:00:00,0,0,0
2017-01-07 03:00:00,0,0,0
2017-01-07 04:00:00,0,0,0
2017-01-07 05:00:00,0,0,0
2017-01-07 06:00:00,1,0,1
2017-01-07 07:00:00,2,0,2
2017-01-07 08:00:00,17,12,5
2017-01-07 09:00:00,23,18,5
2017-01-07 10:00:00,21,14,7
2017-01-07 11:00:00,51,17,34
2017-01-07 12:00:00,48,24,24
2017-01-07 13:00:00,45,23,22
2017-01-07 14:00:00,61,30,31
2017-01-07 15:00:00,47,20,27
2017-01-07 16:00:00,22,9,13
2017-01-07 17:00:00,7,5,2
2017-01-07 18:00:00,0,0,0
2017-01-07 19:00:00,2,1,1
2017-01-07 20:00:00,3,2,1
2017-01-07 21:00:00,2,1,1
2017-01-07 22:00:00,0,0,0
2017-01-07 23:00:00,0,0,0
2017-01-08 00:00:00,0,0,0
2017-01-08 01:00:00,0,0,0
2017-01-08 02:00:00,0,0,0
2017-01-08 03:00:00,0,0,0
2017-01-08 04:00:00,1,0,1
2017-01-08 05:00:00,0,0,0
2017-01-08 06:00:00,0,0,0
2017-01-08 07:00:00,5,4,1
2017-01-08 08:00:00,20,16,4
2017-01-08 09:00:00,14,7,7
2017-01-08 10:00:00,32,16,16
2017-01-08 11:00:00,21,7,14
2017-01-08 12:00:00,17,5,12
2017-01-08 13:00:00,15,4,11
2017-01-08 14:00:00,10,5,5
2017-01-08 15:00:00,4,2,2
2017-01-08 16:00:00,6,4,2
2017-01-08 17:00:00,3,1,2
2017-01-08 18:00:00,2,2,0
2017-01-08 19:00:00,2,1,1
2017-01-08 20:00:00,0,0,0
2017-01-08 21:00:00,0,0,0
2017-01-08 22:00:00,0,0,0
2017-01-08 23:00:00,0,0,0
2017-01-09 00:00:00,0,0,0
2017-01-09 01:00:00,0,0,0
2017-01-09 02:00:00,0,0,0
2017-01-09 03:00:00,1,0,1
2017-01-09 04:00:00,4,1,3
2017-01-09 05:00:00,9,0,9
2017-01-09 06:00:00,14,1,13
2017-01-09 07:00:00,32,5,27
2017-01-09 08:00:00,53,12,41
2017-01-09 09:00:00,29,10,19
2017-01-09 10:00:00,26,3,23
2017-01-09 11:00:00,11,8,3
2017-01-09 12:00:00,15,7,8
2017-01-09 13:00:00,16,10,6
2017-01-09 14:00:00,18,12,6
2017-01-09 15:00:00,20,12,8
2017-01-09 16:00:00,35,27,8
2017-01-09 17:00:00,42,37,5
2017-01-09 18:00:00,38,29,9
2017-01-09 19:00:00,12,8,4
2017-01-09 20:00:00,4,4,0
2017-01-09 21:00:00,2,0,2
2017-01-09 22:00:00,1,1,0
2017-01-09 23:00:00,0,0,0
2017-01-10 00:00:00,0,0,0
2017-01-10 01:00:00,0,0,0
2017-01-10 02:00:00,0,0,0
2017-01-10 03:00:00,0,0,0
2017-01-10 04:00:00,3,0,3
2017-01-10 05:00:00,7,1,6
2017-01-10 06:00:00,8,1,7
2017-01-10 07:00:00,25,7,18
2017-01-10 08:00:00,28,8,20
2017-01-10 09:00:00,19,7,12
2017-01-10 10:00:00,9,2,7
2017-01-10 11:00:00,10,6,4
2017-01-10 12:00:00,16,5,11
2017-01-10 13:00:00,9,7,2
2017-01-10 14:00:00,22,12,10
2017-01-10 15:00:00,19,7,12
2017-01-10 16:00:00,34,25,9
2017-01-10 17:00:00,32,19,13
2017-01-10 18:00:00,32,27,5
2017-01-10 19:00:00,12,11,1
2017-01-10 20:00:00,2,2,0
2017-01-10 21:00:00,1,1,0
2017-01-10 22:00:00,0,0,0
2017-01-10 23:00:00,0,0,0
2017-01-11 00:00:00,0,0,0
2017-01-11 01:00:00,0,0,0
2017-01-11 02:00:00,1,1,0
2017-01-11 03:00:00,0,0,0
2017-01-11 04:00:00,4,0,4
2017-01-11 05:00:00,8,0,8
2017-01-11 06:00:00,14,3,11
2017-01-11 07:00:00,26,6,20
2017-01-11 08:00:00,42,11,31
2017-01-11 09:00:00,21,7,14
2017-01-11 10:00:00,16,5,11
2017-01-11 11:00:00,13,6,7
2017-01-11 12:00:00,19,12,7
2017-01-11 13:00:00,12,4,8
2017-01-11 14:00:00,20,9,11
2017-01-11 15:00:00,14,6,8
2017-01-11 16:00:00,46,34,12
2017-01-11 17:00:00,50,38,12
2017-01-11 18:00:00,28,19,9
2017-01-11 19:00:00,14,12,2
2017-01-11 20:00:00,2,2,0
2017-01-11 21:00:00,3,2,1
2017-01-11 22:00:00,2,1,1
2017-01-11 23:00:00,0,0,0
2017-01-12 00:00:00,0,0,0
2017-01-12 01:00:00,0,0,0
2017-01-12 02:00:00,0,0,0
2017-01-12 03:00:00,1,0,1
2017-01-12 04:00:00,1,0,1
2017-01-12 05:00:00,6,0,6
2017-01-12 06:00:00,17,5,12
2017-01-12 07:00:00,23,4,19
2017-01-12 08:00:00,28,8,20
2017-01-12 09:00:00,19,11,8
2017-01-12 10:00:00,15,3,12
2017-01-12 11:00:00,16,7,9
2017-01-12 12:00:00,11,4,7
2017-01-12 13:00:00,21,12,9
2017-01-12 14:00:00,27,18,9
2017-01-12 15:00:00,29,16,13
2017-01-12 16:00:00,39,24,15
2017-01-12 17:00:00,42,29,13
2017-01-12 18:00:00,29,22,7
2017-01-12 19:00:00,13,9,4
2017-01-12 20:00:00,6,4,2
2017-01-12 21:00:00,3,3,0
2017-01-12 22:00:00,2,2,0
2017-01-12 23:00:00,2,1,1
2017-01-13 00:00:00,0,0,0
2017-01-13 01:00:00,0,0,0
2017-01-13 02:00:00,0,0,0
2017-01-13 03:00:00,0,0,0
2017-01-13 04:00:00,0,0,0
2017-01-13 05:00:00,3,0,3
2017-01-13 06:00:00,11,4,7
2017-01-13 07:00:00,21,5,16
2017-01-13 08:00:00,32,4,28
2017-01-13 09:00:00,12,4,8
2017-01-13 10:00:00,10,2,8
2017-01-13 11:00:00,21,11,10
2017-01-13 12:00:00,12,7,5
2017-01-13 13:00:00,16,5,11
2017-01-13 14:00:00,34,26,8
2017-01-13 15:00:00,28,13,15
2017-01-13 16:00:00,37,23,14
2017-01-13 17:00:00,30,23,7
2017-01-13 18:00:00,28,23,5
2017-01-13 19:00:00,10,5,5
2017-01-13 20:00:00,3,3,0
2017-01-13 21:00:00,3,3,0
2017-01-13 22:00:00,3,2,1
2017-01-13 23:00:00,0,0,0
2017-01-14 00:00:00,0,0,0
2017-01-14 01:00:00,0,0,0
2017-01-14 02:00:00,0,0,0
2017-01-14 03:00:00,0,0,0
2017-01-14 04:00:00,1,1,0
2017-01-14 05:00:00,1,1,0
2017-01-14 06:00:00,1,0,1
2017-01-14 07:00:00,17,10,7
2017-01-14 08:00:00,20,13,7
2017-01-14 09:00:00,31,19,12
2017-01-14 10:00:00,54,29,25
2017-01-14 11:00:00,53,30,23
2017-01-14 12:00:00,80,38,42
2017-01-14 13:00:00,68,37,31
2017-01-14 14:00:00,78,31,47
2017-01-14 15:00:00,44,21,23
2017-01-14 16:00:00,40,14,26
2017-01-14 17:00:00,12,2,10
2017-01-14 18:00:00,5,2,3
2017-01-14 19:00:00,2,2,0
2017-01-14 20:00:00,1,1,0
2017-01-14 21:00:00,0,0,0
2017-01-14 22:00:00,0,0,0
2017-01-14 23:00:00,0,0,0
2017-01-15 00:00:00,0,0,0
2017-01-15 01:00:00,0,0,0
2017-01-15 02:00:00,0,0,0
2017-01-15 03:00:00,1,0,1
2017-01-15 04:00:00,1,0,1
2017-01-15 05:00:00,0,0,0
2017-01-15 06:00:00,0,0,0
2017-01-15 07:00:00,3,2,1
2017-01-15 08:00:00,13,9,4
2017-01-15 09:00:00,26,11,15
2017-01-15 10:00:00,26,13,13
2017-01-15 11:00:00,64,36,28
2017-01-15 12:00:00,90,39,51
2017-01-15 13:00:00,97,55,42
2017-01-15 14:00:00,114,55,59
2017-01-15 15:00:00,83,38,45
2017-01-15 16:00:00,60,14,46
2017-01-15 17:00:00,11,5,6
2017-01-15 18:00:00,7,1,6
2017-01-15 19:00:00,1,1,0
2017-01-15 20:00:00,6,3,3
2017-01-15 21:00:00,1,0,1
2017-01-15 22:00:00,0,0,0
2017-01-15 23:00:00,1,1,0
2017-01-16 00:00:00,1,0,1
2017-01-16 01:00:00,0,0,0
2017-01-16 02:00:00,1,0,1
2017-01-16 03:00:00,2,0,2
2017-01-16 04:00:00,2,0,2
2017-01-16 05:00:00,1,0,1
2017-01-16 06:00:00,6,1,5
2017-01-16 07:00:00,16,7,9
2017-01-16 08:00:00,12,5,7
2017-01-16 09:00:00,18,7,11
2017-01-16 10:00:00,40,20,20
2017-01-16 11:00:00,29,13,16
2017-01-16 12:00:00,40,17,23
2017-01-16 13:00:00,70,29,41
2017-01-16 14:00:00,80,47,33
2017-01-16 15:00:00,44,20,24
2017-01-16 16:00:00,52,19,33
2017-01-16 17:00:00,15,11,4
2017-01-16 18:00:00,18,14,4
2017-01-16 19:00:00,3,2,1
2017-01-16 20:00:00,6,4,2
2017-01-16 21:00:00,4,0,4
2017-01-16 22:00:00,0,0,0
2017-01-16 23:00:00,0,0,0
2017-01-17 00:00:00,0,0,0
2017-01-17 01:00:00,0,0,0
2017-01-17 02:00:00,0,0,0
2017-01-17 03:00:00,0,0,0
2017-01-17 04:00:00,2,0,2
2017-01-17 05:00:00,8,1,7
2017-01-17 06:00:00,16,2,14
2017-01-17 07:00:00,36,4,32
2017-01-17 08:00:00,37,5,32
2017-01-17 09:00:00,28,13,15
2017-01-17 10:00:00,23,10,13
2017-01-17 11:00:00,12,8,4
2017-01-17 12:00:00,6,0,6
2017-01-17 13:00:00,3,1,2
2017-01-17 14:00:00,7,6,1
2017-01-17 15:00:00,18,11,7
2017-01-17 16:00:00,31,25,6
2017-01-17 17:00:00,34,31,3
2017-01-17 18:00:00,28,24,4
2017-01-17 19:00:00,13,12,1
2017-01-17 20:00:00,2,1,1
2017-01-17 21:00:00,1,1,0
2017-01-17 22:00:00,0,0,0
2017-01-17 23:00:00,0,0,0
2017-01-18 00:00:00,0,0,0
2017-01-18 01:00:00,0,0,0
2017-01-18 02:00:00,1,1,0
2017-01-18 03:00:00,0,0,0
2017-01-18 04:00:00,4,0,4
2017-01-18 05:00:00,3,1,2
2017-01-18 06:00:00,11,2,9
2017-01-18 07:00:00,23,2,21
2017-01-18 08:00:00,23,6,17
2017-01-18 09:00:00,18,8,10
2017-01-18 10:00:00,12,7,5
2017-01-18 11:00:00,11,5,6
2017-01-18 12:00:00,4,3,1
2017-01-18 13:00:00,9,3,6
2017-01-18 14:00:00,9,5,4
2017-01-18 15:00:00,18,11,7
2017-01-18 16:00:00,21,17,4
2017-01-18 17:00:00,37,31,6
2017-01-18 18:00:00,26,18,8
2017-01-18 19:00:00,10,9,1
2017-01-18 20:00:00,4,3,1
2017-01-18 21:00:00,2,0,2
2017-01-18 22:00:00,0,0,0
2017-01-18 23:00:00,0,0,0
2017-01-19 00:00:00,0,0,0
2017-01-19 01:00:00,0,0,0
2017-01-19 02:00:00,0,0,0
2017-01-19 03:00:00,1,0,1
2017-01-19 04:00:00,1,0,1
2017-01-19 05:00:00,6,1,5
2017-01-19 06:00:00,17,5,12
2017-01-19 07:00:00,42,8,34
2017-01-19 08:00:00,43,10,33
2017-01-19 09:00:00,35,9,26
2017-01-19 10:00:00,14,5,9
2017-01-19 11:00:00,19,10,9
2017-01-19 12:00:00,9,3,6
2017-01-19 13:00:00,8,5,3
2017-01-19 14:00:00,16,12,4
2017-01-19 15:00:00,14,7,7
2017-01-19 16:00:00,37,27,10
2017-01-19 17:00:00,41,34,7
2017-01-19 18:00:00,34,27,7
2017-01-19 19:00:00,10,8,2
2017-01-19 20:00:00,2,2,0
2017-01-19 21:00:00,6,5,1
2017-01-19 22:00:00,2,2,0
2017-01-19 23:00:00,2,2,0
2017-01-20 00:00:00,1,1,0
2017-01-20 01:00:00,0,0,0
2017-01-20 02:00:00,0,0,0
2017-01-20 03:00:00,1,0,1
2017-01-20 04:00:00,1,0,1
2017-01-20 05:00:00,4,0,4
2017-01-20 06:00:00,23,8,15
2017-01-20 07:00:00,35,6,29
2017-01-20 08:00:00,50,11,39
2017-01-20 09:00:00,32,14,18
2017-01-20 10:00:00,37,12,25
2017-01-20 11:00:00,33,18,15
2017-01-20 12:00:00,26,13,13
2017-01-20 13:00:00,43,20,23
2017-01-20 14:00:00,29,16,13
2017-01-20 15:00:00,53,30,23
2017-01-20 16:00:00,57,38,19
2017-01-20 17:00:00,62,55,7
2017-01-20 18:00:00,28,20,8
2017-01-20 19:00:00,9,7,2
2017-01-20 20:00:00,7,4,3
2017-01-20 21:00:00,1,0,1
2017-01-20 22:00:00,3,2,1
2017-01-20 23:00:00,2,1,1
2017-01-21 00:00:00,1,1,0
2017-01-21 01:00:00,1,1,0
2017-01-21 02:00:00,0,0,0
2017-01-21 03:00:00,0,0,0
2017-01-21 04:00:00,1,1,0
2017-01-21 05:00:00,1,0,1
2017-01-21 06:00:00,4,0,4
2017-01-21 07:00:00,12,8,4
2017-01-21 08:00:00,16,8,8
2017-01-21 09:00:00,37,21,16
2017-01-21 10:00:00,39,19,20
2017-01-21 11:00:00,61,32,29
2017-01-21 12:00:00,71,29,42
2017-01-21 13:00:00,89,48,41
2017-01-21 14:00:00,86,39,47
2017-01-21 15:00:00,69,28,41
2017-01-21 16:00:00,39,19,20
2017-01-21 17:00:00,16,8,8
2017-01-21 18:00:00,5,3,2
2017-01-21 19:00:00,1,0,1
2017-01-21 20:00:00,2,2,0
2017-01-21 21:00:00,0,0,0
2017-01-21 22:00:00,2,1,1
2017-01-21 23:00:00,3,3,0
2017-01-22 00:00:00,0,0,0
2017-01-22 01:00:00,0,0,0
2017-01-22 02:00:00,0,0,0
2017-01-22 03:00:00,0,0,0
2017-01-22 04:00:00,1,0,1
2017-01-22 05:00:00,0,0,0
2017-01-22 06:00:00,0,0,0
2017-01-22 07:00:00,2,2,0
2017-01-22 08:00:00,18,10,8
2017-01-22 09:00:00,14,9,5
2017-01-22 10:00:00,23,8,15
2017-01-22 11:00:00,28,14,14
2017-01-22 12:00:00,33,16,17
2017-01-22 13:00:00,29,12,17
2017-01-22 14:00:00,41,18,23
2017-01-22 15:00:00,30,15,15
2017-01-22 16:00:00,40,23,17
2017-01-22 17:00:00,21,14,7
2017-01-22 18:00:00,6,2,4
2017-01-22 19:00:00,8,2,6
2017-01-22 20:00:00,0,0,0
2017-01-22 21:00:00,0,0,0
2017-01-22 22:00:00,1,1,0
2017-01-22 23:00:00,2,1,1
2017-01-23 00:00:00,1,1,0
2017-01-23 01:00:00,0,0,0
2017-01-23 02:00:00,1,0,1
2017-01-23 03:00:00,0,0,0
2017-01-23 04:00:00,3,0,3
2017-01-23 05:00:00,12,2,10
2017-01-23 06:00:00,14,2,12
2017-01-23 07:00:00,48,10,38
2017-01-23 08:00:00,62,10,52
2017-01-23 09:00:00,31,13,18
2017-01-23 10:00:00,37,14,23
2017-01-23 11:00:00,25,18,7
2017-01-23 12:00:00,23,9,14
2017-01-23 13:00:00,30,15,15
2017-01-23 14:00:00,48,24,24
2017-01-23 15:00:00,55,27,28
2017-01-23 16:00:00,49,35,14
2017-01-23 17:00:00,80,56,24
2017-01-23 18:00:00,43,29,14
2017-01-23 19:00:00,20,14,6
2017-01-23 20:00:00,6,6,0
2017-01-23 21:00:00,4,0,4
2017-01-23 22:00:00,0,0,0
2017-01-23 23:00:00,0,0,0
2017-01-24 00:00:00,1,1,0
2017-01-24 01:00:00,0,0,0
2017-01-24 02:00:00,0,0,0
2017-01-24 03:00:00,1,0,1
2017-01-24 04:00:00,3,0,3
2017-01-24 05:00:00,9,1,8
2017-01-24 06:00:00,15,1,14
2017-01-24 07:00:00,45,11,34
2017-01-24 08:00:00,64,12,52
2017-01-24 09:00:00,33,12,21
2017-01-24 10:00:00,26,9,17
2017-01-24 11:00:00,19,7,12
2017-01-24 12:00:00,22,12,10
2017-01-24 13:00:00,21,11,10
2017-01-24 14:00:00,20,10,10
2017-01-24 15:00:00,52,31,21
2017-01-24 16:00:00,70,48,22
2017-01-24 17:00:00,73,58,15
2017-01-24 18:00:00,51,40,11
2017-01-24 19:00:00,13,11,2
2017-01-24 20:00:00,10,8,2
2017-01-24 21:00:00,2,1,1
2017-01-24 22:00:00,3,1,2
2017-01-24 23:00:00,2,1,1
2017-01-25 00:00:00,0,0,0
2017-01-25 01:00:00,1,1,0
2017-01-25 02:00:00,1,1,0
2017-01-25 03:00:00,1,0,1
2017-01-25 04:00:00,4,1,3
2017-01-25 05:00:00,7,0,7
2017-01-25 06:00:00,19,6,13
2017-01-25 07:00:00,53,10,43
2017-01-25 08:00:00,61,10,51
2017-01-25 09:00:00,22,9,13
2017-01-25 10:00:00,27,13,14
2017-01-25 11:00:00,18,9,9
2017-01-25 12:00:00,24,13,11
2017-01-25 13:00:00,13,5,8
2017-01-25 14:00:00,12,6,6
2017-01-25 15:00:00,31,13,18
2017-01-25 16:00:00,36,27,9
2017-01-25 17:00:00,56,50,6
2017-01-25 18:00:00,46,33,13
2017-01-25 19:00:00,18,15,3
2017-01-25 20:00:00,10,6,4
2017-01-25 21:00:00,6,4,2
2017-01-25 22:00:00,2,1,1
2017-01-25 23:00:00,1,0,1
2017-01-26 00:00:00,0,0,0
2017-01-26 01:00:00,0,0,0
2017-01-26 02:00:00,0,0,0
2017-01-26 03:00:00,1,0,1
2017-01-26 04:00:00,0,0,0
2017-01-26 05:00:00,9,4,5
2017-01-26 06:00:00,29,4,25
2017-01-26 07:00:00,45,10,35
2017-01-26 08:00:00,64,14,50
2017-01-26 09:00:00,37,14,23
2017-01-26 10:00:00,23,10,13
2017-01-26 11:00:00,22,4,18
2017-01-26 12:00:00,19,10,9
2017-01-26 13:00:00,12,11,1
2017-01-26 14:00:00,31,20,11
2017-01-26 15:00:00,40,21,19
2017-01-26 16:00:00,51,34,17
2017-01-26 17:00:00,66,52,14
2017-01-26 18:00:00,47,37,10
2017-01-26 19:00:00,12,12,0
2017-01-26 20:00:00,3,3,0
2017-01-26 21:00:00,4,4,0
2017-01-26 22:00:00,1,1,0
2017-01-26 23:00:00,2,0,2
2017-01-27 00:00:00,1,1,0
2017-01-27 01:00:00,0,0,0
2017-01-27 02:00:00,0,0,0
2017-01-27 03:00:00,0,0,0
2017-01-27 04:00:00,2,1,1
2017-01-27 05:00:00,9,5,4
2017-01-27 06:00:00,23,3,20
2017-01-27 07:00:00,38,5,33
2017-01-27 08:00:00,54,15,39
2017-01-27 09:00:00,41,20,21
2017-01-27 10:00:00,31,13,18
2017-01-27 11:00:00,31,21,10
2017-01-27 12:00:00,38,14,24
2017-01-27 13:00:00,47,21,26
2017-01-27 14:00:00,38,22,16
2017-01-27 15:00:00,71,35,36
2017-01-27 16:00:00,82,52,30
2017-01-27 17:00:00,70,50,20
2017-01-27 18:00:00,32,24,8
2017-01-27 19:00:00,18,9,9
2017-01-27 20:00:00,12,8,4
2017-01-27 21:00:00,1,1,0
2017-01-27 22:00:00,1,1,0
2017-01-27 23:00:00,2,2,0
2017-01-28 00:00:00,1,1,0
2017-01-28 01:00:00,1,0,1
2017-01-28 02:00:00,0,0,0
2017-01-28 03:00:00,1,1,0
2017-01-28 04:00:00,0,0,0
2017-01-28 05:00:00,0,0,0
2017-01-28 06:00:00,3,1,2
2017-01-28 07:00:00,17,7,10
2017-01-28 08:00:00,37,25,12
2017-01-28 09:00:00,40,23,17
2017-01-28 10:00:00,82,46,36
2017-01-28 11:00:00,133,76,57
2017-01-28 12:00:00,129,59,70
2017-01-28 13:00:00,143,70,73
2017-01-28 14:00:00,155,79,76
2017-01-28 15:00:00,160,60,100
2017-01-28 16:00:00,97,38,59
2017-01-28 17:00:00,21,8,13
2017-01-28 18:00:00,20,9,11
2017-01-28 19:00:00,6,5,1
2017-01-28 20:00:00,2,2,0
2017-01-28 21:00:00,2,0,2
2017-01-28 22:00:00,3,1,2
2017-01-28 23:00:00,2,1,1
2017-01-29 00:00:00,0,0,0
2017-01-29 01:00:00,0,0,0
2017-01-29 02:00:00,0,0,0
2017-01-29 03:00:00,0,0,0
2017-01-29 04:00:00,2,1,1
2017-01-29 05:00:00,0,0,0
2017-01-29 06:00:00,2,1,1
2017-01-29 07:00:00,13,7,6
2017-01-29 08:00:00,31,18,13
2017-01-29 09:00:00,52,34,18
2017-01-29 10:00:00,60,38,22
2017-01-29 11:00:00,85,42,43
2017-01-29 12:00:00,102,51,51
2017-01-29 13:00:00,75,32,43
2017-01-29 14:00:00,53,23,30
2017-01-29 15:00:00,27,15,12
2017-01-29 16:00:00,30,15,15
2017-01-29 17:00:00,16,7,9
2017-01-29 18:00:00,4,3,1
2017-01-29 19:00:00,3,1,2
2017-01-29 20:00:00,3,2,1
2017-01-29 21:00:00,8,0,8
2017-01-29 22:00:00,3,2,1
2017-01-29 23:00:00,1,1,0
2017-01-30 00:00:00,0,0,0
2017-01-30 01:00:00,0,0,0
2017-01-30 02:00:00,0,0,0
2017-01-30 03:00:00,1,0,1
2017-01-30 04:00:00,2,0,2
2017-01-30 05:00:00,9,1,8
2017-01-30 06:00:00,28,4,24
2017-01-30 07:00:00,53,9,44
2017-01-30 08:00:00,58,11,47
2017-01-30 09:00:00,34,10,24
2017-01-30 10:00:00,24,10,14
2017-01-30 11:00:00,32,14,18
2017-01-30 12:00:00,22,8,14
2017-01-30 13:00:00,26,15,11
2017-01-30 14:00:00,35,20,15
2017-01-30 15:00:00,23,14,9
2017-01-30 16:00:00,56,42,14
2017-01-30 17:00:00,76,65,11
2017-01-30 18:00:00,49,40,9
2017-01-30 19:00:00,20,15,5
2017-01-30 20:00:00,8,7,1
2017-01-30 21:00:00,4,2,2
2017-01-30 22:00:00,2,2,0
2017-01-30 23:00:00,0,0,0
2017-01-31 00:00:00,1,1,0
2017-01-31 01:00:00,0,0,0
2017-01-31 02:00:00,1,0,1
2017-01-31 03:00:00,1,0,1
2017-01-31 04:00:00,5,1,4
2017-01-31 05:00:00,12,1,11
2017-01-31 06:00:00,21,4,17
2017-01-31 07:00:00,56,13,43
2017-01-31 08:00:00,64,16,48
2017-01-31 09:00:00,54,17,37
2017-01-31 10:00:00,24,11,13
2017-01-31 11:00:00,18,3,15
2017-01-31 12:00:00,32,20,12
2017-01-31 13:00:00,26,15,11
2017-01-31 14:00:00,35,19,16
2017-01-31 15:00:00,48,30,18
2017-01-31 16:00:00,73,48,25
2017-01-31 17:00:00,75,56,19
2017-01-31 18:00:00,54,41,13
2017-01-31 19:00:00,18,15,3
2017-01-31 20:00:00,7,1,6
2017-01-31 21:00:00,2,2,0
2017-01-31 22:00:00,1,0,1
2017-01-31 23:00:00,0,0,0
2017-02-01 00:00:00,2,2,0
2017-02-01 01:00:00,0,0,0
2017-02-01 02:00:00,1,0,1
2017-02-01 03:00:00,0,0,0
2017-02-01 04:00:00,3,0,3
2017-02-01 05:00:00,8,0,8
2017-02-01 06:00:00,17,5,12
2017-02-01 07:00:00,42,4,38
2017-02-01 08:00:00,67,16,51
2017-02-01 09:00:00,34,12,22
2017-02-01 10:00:00,24,10,14
2017-02-01 11:00:00,20,10,10
2017-02-01 12:00:00,29,15,14
2017-02-01 13:00:00,25,13,12
2017-02-01 14:00:00,25,12,13
2017-02-01 15:00:00,48,29,19
2017-02-01 16:00:00,58,38,20
2017-02-01 17:00:00,81,59,22
2017-02-01 18:00:00,60,43,17
2017-02-01 19:00:00,10,9,1
2017-02-01 20:00:00,7,6,1
2017-02-01 21:00:00,5,2,3
2017-02-01 22:00:00,1,0,1
2017-02-01 23:00:00,1,1,0
2017-02-02 00:00:00,0,0,0
2017-02-02 01:00:00,0,0,0
2017-02-02 02:00:00,0,0,0
2017-02-02 03:00:00,1,0,1
2017-02-02 04:00:00,1,0,1
2017-02-02 05:00:00,8,0,8
2017-02-02 06:00:00,22,6,16
2017-02-02 07:00:00,42,3,39
2017-02-02 08:00:00,52,11,41
2017-02-02 09:00:00,29,13,16
2017-02-02 10:00:00,21,8,13
2017-02-02 11:00:00,18,9,9
2017-02-02 12:00:00,21,9,12
2017-02-02 13:00:00,26,12,14
2017-02-02 14:00:00,35,21,14
2017-02-02 15:00:00,53,26,27
2017-02-02 16:00:00,71,45,26
2017-02-02 17:00:00,68,47,21
2017-02-02 18:00:00,36,24,12
2017-02-02 19:00:00,18,16,2
2017-02-02 20:00:00,9,5,4
2017-02-02 21:00:00,6,5,1
2017-02-02 22:00:00,1,1,0
2017-02-02 23:00:00,1,1,0
2017-02-03 00:00:00,1,1,0
2017-02-03 01:00:00,0,0,0
2017-02-03 02:00:00,0,0,0
2017-02-03 03:00:00,0,0,0
2017-02-03 04:00:00,1,1,0
2017-02-03 05:00:00,4,0,4
2017-02-03 06:00:00,4,1,3
2017-02-03 07:00:00,16,4,12
2017-02-03 08:00:00,15,2,13
2017-02-03 09:00:00,19,11,8
2017-02-03 10:00:00,8,1,7
2017-02-03 11:00:00,10,6,4
2017-02-03 12:00:00,9,3,6
2017-02-03 13:00:00,1,0,1
2017-02-03 14:00:00,13,8,5
2017-02-03 15:00:00,12,10,2
2017-02-03 16:00:00,12,7,5
2017-02-03 17:00:00,16,11,5
2017-02-03 18:00:00,12,10,2
2017-02-03 19:00:00,6,6,0
2017-02-03 20:00:00,5,5,0
2017-02-03 21:00:00,0,0,0
2017-02-03 22:00:00,1,1,0
2017-02-03 23:00:00,0,0,0
2017-02-04 00:00:00,0,0,0
2017-02-04 01:00:00,0,0,0
2017-02-04 02:00:00,0,0,0
2017-02-04 03:00:00,0,0,0
2017-02-04 04:00:00,0,0,0
2017-02-04 05:00:00,0,0,0
2017-02-04 06:00:00,8,7,1
2017-02-04 07:00:00,8,2,6
2017-02-04 08:00:00,17,15,2
2017-02-04 09:00:00,22,13,9
2017-02-04 10:00:00,20,12,8
2017-02-04 11:00:00,23,12,11
2017-02-04 12:00:00,38,11,27
2017-02-04 13:00:00,18,6,12
2017-02-04 14:00:00,15,10,5
2017-02-04 15:00:00,10,3,7
2017-02-04 16:00:00,12,6,6
2017-02-04 17:00:00,12,6,6
2017-02-04 18:00:00,4,3,1
2017-02-04 19:00:00,5,2,3
2017-02-04 20:00:00,0,0,0
2017-02-04 21:00:00,2,1,1
2017-02-04 22:00:00,0,0,0
2017-02-04 23:00:00,0,0,0
2017-02-05 00:00:00,0,0,0
2017-02-05 01:00:00,0,0,0
2017-02-05 02:00:00,0,0,0
2017-02-05 03:00:00,1,0,1
2017-02-05 04:00:00,1,0,1
2017-02-05 05:00:00,0,0,0
2017-02-05 06:00:00,0,0,0
2017-02-05 07:00:00,12,7,5
2017-02-05 08:00:00,15,4,11
2017-02-05 09:00:00,16,12,4
2017-02-05 10:00:00,35,17,18
2017-02-05 11:00:00,27,12,15
2017-02-05 12:00:00,20,12,8
2017-02-05 13:00:00,35,11,24
2017-02-05 14:00:00,29,20,9
2017-02-05 15:00:00,5,2,3
2017-02-05 16:00:00,5,2,3
2017-02-05 17:00:00,7,3,4
2017-02-05 18:00:00,5,1,4
2017-02-05 19:00:00,1,1,0
2017-02-05 20:00:00,1,1,0
2017-02-05 21:00:00,2,2,0
2017-02-05 22:00:00,1,1,0
2017-02-05 23:00:00,0,0,0
2017-02-06 00:00:00,0,0,0
2017-02-06 01:00:00,0,0,0
2017-02-06 02:00:00,0,0,0
2017-02-06 03:00:00,0,0,0
2017-02-06 04:00:00,1,0,1
2017-02-06 05:00:00,2,0,2
2017-02-06 06:00:00,3,0,3
2017-02-06 07:00:00,6,3,3
2017-02-06 08:00:00,1,0,1
2017-02-06 09:00:00,4,2,2
2017-02-06 10:00:00,2,1,1
2017-02-06 11:00:00,3,0,3
2017-02-06 12:00:00,0,0,0
2017-02-06 13:00:00,1,1,0
2017-02-06 14:00:00,4,4,0
2017-02-06 15:00:00,4,1,3
2017-02-06 16:00:00,8,3,5
2017-02-06 17:00:00,5,5,0
2017-02-06 18:00:00,2,2,0
2017-02-06 19:00:00,1,1,0
2017-02-06 20:00:00,2,2,0
2017-02-06 21:00:00,2,1,1
2017-02-06 22:00:00,0,0,0
2017-02-06 23:00:00,0,0,0
2017-02-07 00:00:00,0,0,0
2017-02-07 01:00:00,0,0,0
2017-02-07 02:00:00,0,0,0
2017-02-07 03:00:00,0,0,0
2017-02-07 04:00:00,1,0,1
2017-02-07 05:00:00,3,0,3
2017-02-07 06:00:00,2,0,2
2017-02-07 07:00:00,8,1,7
2017-02-07 08:00:00,18,5,13
2017-02-07 09:00:00,6,2,4
2017-02-07 10:00:00,16,6,10
2017-02-07 11:00:00,9,2,7
2017-02-07 12:00:00,6,5,1
2017-02-07 13:00:00,12,6,6
2017-02-07 14:00:00,17,13,4
2017-02-07 15:00:00,16,10,6
2017-02-07 16:00:00,16,12,4
2017-02-07 17:00:00,29,22,7
2017-02-07 18:00:00,15,13,2
2017-02-07 19:00:00,11,9,2
2017-02-07 20:00:00,6,5,1
2017-02-07 21:00:00,3,1,2
2017-02-07 22:00:00,0,0,0
2017-02-07 23:00:00,0,0,0
2017-02-08 00:00:00,0,0,0
2017-02-08 01:00:00,1,1,0
2017-02-08 02:00:00,0,0,0
2017-02-08 03:00:00,0,0,0
2017-02-08 04:00:00,1,0,1
2017-02-08 05:00:00,8,0,8
2017-02-08 06:00:00,6,1,5
2017-02-08 07:00:00,24,6,18
2017-02-08 08:00:00,29,6,23
2017-02-08 09:00:00,25,8,17
2017-02-08 10:00:00,14,5,9
2017-02-08 11:00:00,9,2,7
2017-02-08 12:00:00,5,3,2
2017-02-08 13:00:00,3,1,2
2017-02-08 14:00:00,5,4,1
2017-02-08 15:00:00,9,7,2
2017-02-08 16:00:00,21,17,4
2017-02-08 17:00:00,25,19,6
2017-02-08 18:00:00,19,18,1
2017-02-08 19:00:00,10,10,0
2017-02-08 20:00:00,2,2,0
2017-02-08 21:00:00,3,2,1
2017-02-08 22:00:00,1,0,1
2017-02-08 23:00:00,0,0,0
2017-02-09 00:00:00,0,0,0
2017-02-09 01:00:00,0,0,0
2017-02-09 02:00:00,0,0,0
2017-02-09 03:00:00,1,0,1
2017-02-09 04:00:00,2,1,1
2017-02-09 05:00:00,6,0,6
2017-02-09 06:00:00,11,2,9
2017-02-09 07:00:00,18,4,14
2017-02-09 08:00:00,24,5,19
2017-02-09 09:00:00,12,5,7
2017-02-09 10:00:00,8,1,7
2017-02-09 11:00:00,6,5,1
2017-02-09 12:00:00,6,2,4
2017-02-09 13:00:00,8,5,3
2017-02-09 14:00:00,11,9,2
2017-02-09 15:00:00,13,8,5
2017-02-09 16:00:00,33,25,8
2017-02-09 17:00:00,35,23,12
2017-02-09 18:00:00,19,15,4
2017-02-09 19:00:00,9,8,1
2017-02-09 20:00:00,6,4,2
2017-02-09 21:00:00,1,0,1
2017-02-09 22:00:00,1,1,0
2017-02-09 23:00:00,0,0,0
2017-02-10 00:00:00,0,0,0
2017-02-10 01:00:00,0,0,0
2017-02-10 02:00:00,0,0,0
2017-02-10 03:00:00,0,0,0
2017-02-10 04:00:00,0,0,0
2017-02-10 05:00:00,8,2,6
2017-02-10 06:00:00,15,0,15
2017-02-10 07:00:00,28,7,21
2017-02-10 08:00:00,46,10,36
2017-02-10 09:00:00,31,11,20
2017-02-10 10:00:00,11,2,9
2017-02-10 11:00:00,6,4,2
2017-02-10 12:00:00,8,4,4
2017-02-10 13:00:00,14,11,3
2017-02-10 14:00:00,19,11,8
2017-02-10 15:00:00,14,10,4
2017-02-10 16:00:00,44,32,12
2017-02-10 17:00:00,51,42,9
2017-02-10 18:00:00,27,22,5
2017-02-10 19:00:00,7,6,1
2017-02-10 20:00:00,6,5,1
2017-02-10 21:00:00,3,1,2
2017-02-10 22:00:00,0,0,0
2017-02-10 23:00:00,0,0,0
2017-02-11 00:00:00,0,0,0
2017-02-11 01:00:00,1,1,0
2017-02-11 02:00:00,0,0,0
2017-02-11 03:00:00,0,0,0
2017-02-11 04:00:00,0,0,0
2017-02-11 05:00:00,0,0,0
2017-02-11 06:00:00,6,3,3
2017-02-11 07:00:00,15,11,4
2017-02-11 08:00:00,35,19,16
2017-02-11 09:00:00,32,15,17
2017-02-11 10:00:00,46,24,22
2017-02-11 11:00:00,72,44,28
2017-02-11 12:00:00,102,46,56
2017-02-11 13:00:00,101,59,42
2017-02-11 14:00:00,119,61,58
2017-02-11 15:00:00,99,38,61
2017-02-11 16:00:00,45,26,19
2017-02-11 17:00:00,36,11,25
2017-02-11 18:00:00,10,3,7
2017-02-11 19:00:00,3,0,3
2017-02-11 20:00:00,1,1,0
2017-02-11 21:00:00,2,2,0
2017-02-11 22:00:00,0,0,0
2017-02-11 23:00:00,0,0,0
2017-02-12 00:00:00,1,1,0
2017-02-12 01:00:00,0,0,0
2017-02-12 02:00:00,0,0,0
2017-02-12 03:00:00,0,0,0
2017-02-12 04:00:00,1,0,1
2017-02-12 05:00:00,1,0,1
2017-02-12 06:00:00,2,0,2
2017-02-12 07:00:00,13,12,1
2017-02-12 08:00:00,25,11,14
2017-02-12 09:00:00,51,25,26
2017-02-12 10:00:00,96,52,44
2017-02-12 11:00:00,107,61,46
2017-02-12 12:00:00,104,49,55
2017-02-12 13:00:00,164,91,73
2017-02-12 14:00:00,153,68,85
2017-02-12 15:00:00,149,73,76
2017-02-12 16:00:00,110,45,65
2017-02-12 17:00:00,50,27,23
2017-02-12 18:00:00,11,2,9
2017-02-12 19:00:00,5,4,1
2017-02-12 20:00:00,5,3,2
2017-02-12 21:00:00,1,0,1
2017-02-12 22:00:00,2,0,2
2017-02-12 23:00:00,1,1,0
2017-02-13 00:00:00,1,1,0
2017-02-13 01:00:00,0,0,0
2017-02-13 02:00:00,0,0,0
2017-02-13 03:00:00,0,0,0
2017-02-13 04:00:00,4,1,3
2017-02-13 05:00:00,9,0,9
2017-02-13 06:00:00,16,2,14
2017-02-13 07:00:00,55,6,49
2017-02-13 08:00:00,59,15,44
2017-02-13 09:00:00,47,13,34
2017-02-13 10:00:00,45,14,31
2017-02-13 11:00:00,45,21,24
2017-02-13 12:00:00,40,16,24
2017-02-13 13:00:00,54,27,27
2017-02-13 14:00:00,52,29,23
2017-02-13 15:00:00,77,55,22
2017-02-13 16:00:00,92,58,34
2017-02-13 17:00:00,118,81,37
2017-02-13 18:00:00,47,35,12
2017-02-13 19:00:00,15,14,1
2017-02-13 20:00:00,19,10,9
2017-02-13 21:00:00,10,6,4
2017-02-13 22:00:00,1,1,0
2017-02-13 23:00:00,1,1,0
2017-02-14 00:00:00,0,0,0
2017-02-14 01:00:00,0,0,0
2017-02-14 02:00:00,0,0,0
2017-02-14 03:00:00,0,0,0
2017-02-14 04:00:00,2,0,2
2017-02-14 05:00:00,9,3,6
2017-02-14 06:00:00,23,1,22
2017-02-14 07:00:00,54,15,39
2017-02-14 08:00:00,71,18,53
2017-02-14 09:00:00,38,12,26
2017-02-14 10:00:00,21,6,15
2017-02-14 11:00:00,31,15,16
2017-02-14 12:00:00,30,17,13
2017-02-14 13:00:00,45,21,24
2017-02-14 14:00:00,50,30,20
2017-02-14 15:00:00,58,33,25
2017-02-14 16:00:00,81,51,30
2017-02-14 17:00:00,102,75,27
2017-02-14 18:00:00,52,32,20
2017-02-14 19:00:00,14,13,1
2017-02-14 20:00:00,5,5,0
2017-02-14 21:00:00,1,0,1
2017-02-14 22:00:00,1,0,1
2017-02-14 23:00:00,1,0,1
2017-02-15 00:00:00,0,0,0
2017-02-15 01:00:00,0,0,0
2017-02-15 02:00:00,1,0,1
2017-02-15 03:00:00,0,0,0
2017-02-15 04:00:00,3,0,3
2017-02-15 05:00:00,6,0,6
2017-02-15 06:00:00,11,2,9
2017-02-15 07:00:00,28,5,23
2017-02-15 08:00:00,37,8,29
2017-02-15 09:00:00,14,6,8
2017-02-15 10:00:00,15,7,8
2017-02-15 11:00:00,8,3,5
2017-02-15 12:00:00,6,3,3
2017-02-15 13:00:00,5,3,2
2017-02-15 14:00:00,13,7,6
2017-02-15 15:00:00,11,7,4
2017-02-15 16:00:00,21,14,7
2017-02-15 17:00:00,42,34,8
2017-02-15 18:00:00,32,23,9
2017-02-15 19:00:00,7,6,1
2017-02-15 20:00:00,6,5,1
2017-02-15 21:00:00,5,3,2
2017-02-15 22:00:00,0,0,0
2017-02-15 23:00:00,0,0,0
2017-02-16 00:00:00,0,0,0
2017-02-16 01:00:00,0,0,0
2017-02-16 02:00:00,0,0,0
2017-02-16 03:00:00,1,0,1
2017-02-16 04:00:00,2,0,2
2017-02-16 05:00:00,6,1,5
2017-02-16 06:00:00,10,1,9
2017-02-16 07:00:00,33,6,27
2017-02-16 08:00:00,40,9,31
2017-02-16 09:00:00,36,16,20
2017-02-16 10:00:00,18,4,14
2017-02-16 11:00:00,21,12,9
2017-02-16 12:00:00,21,12,9
2017-02-16 13:00:00,26,15,11
2017-02-16 14:00:00,42,22,20
2017-02-16 15:00:00,34,23,11
2017-02-16 16:00:00,52,40,12
2017-02-16 17:00:00,71,43,28
2017-02-16 18:00:00,39,29,10
2017-02-16 19:00:00,20,15,5
2017-02-16 20:00:00,9,8,1
2017-02-16 21:00:00,3,3,0
2017-02-16 22:00:00,2,2,0
2017-02-16 23:00:00,1,0,1
2017-02-17 00:00:00,2,0,2
2017-02-17 01:00:00,0,0,0
2017-02-17 02:00:00,0,0,0
2017-02-17 03:00:00,0,0,0
2017-02-17 04:00:00,2,0,2
2017-02-17 05:00:00,3,0,3
2017-02-17 06:00:00,21,4,17
2017-02-17 07:00:00,52,9,43
2017-02-17 08:00:00,61,17,44
2017-02-17 09:00:00,45,14,31
2017-02-17 10:00:00,45,19,26
2017-02-17 11:00:00,41,21,20
2017-02-17 12:00:00,56,29,27
2017-02-17 13:00:00,66,36,30
2017-02-17 14:00:00,78,45,33
2017-02-17 15:00:00,99,57,42
2017-02-17 16:00:00,100,56,44
2017-02-17 17:00:00,108,65,43
2017-02-17 18:00:00,46,36,10
2017-02-17 19:00:00,17,14,3
2017-02-17 20:00:00,8,4,4
2017-02-17 21:00:00,3,3,0
2017-02-17 22:00:00,4,4,0
2017-02-17 23:00:00,1,1,0
2017-02-18 00:00:00,1,1,0
2017-02-18 01:00:00,0,0,0
2017-02-18 02:00:00,1,0,1
2017-02-18 03:00:00,0,0,0
2017-02-18 04:00:00,0,0,0
2017-02-18 05:00:00,1,0,1
2017-02-18 06:00:00,7,3,4
2017-02-18 07:00:00,14,11,3
2017-02-18 08:00:00,18,8,10
2017-02-18 09:00:00,40,26,14
2017-02-18 10:00:00,46,27,19
2017-02-18 11:00:00,36,14,22
2017-02-18 12:00:00,39,17,22
2017-02-18 13:00:00,27,10,17
2017-02-18 14:00:00,31,13,18
2017-02-18 15:00:00,28,12,16
2017-02-18 16:00:00,15,5,10
2017-02-18 17:00:00,7,4,3
2017-02-18 18:00:00,6,3,3
2017-02-18 19:00:00,1,1,0
2017-02-18 20:00:00,1,0,1
2017-02-18 21:00:00,0,0,0
2017-02-18 22:00:00,2,1,1
2017-02-18 23:00:00,2,2,0
2017-02-19 00:00:00,0,0,0
2017-02-19 01:00:00,0,0,0
2017-02-19 02:00:00,0,0,0
2017-02-19 03:00:00,0,0,0
2017-02-19 04:00:00,2,1,1
2017-02-19 05:00:00,0,0,0
2017-02-19 06:00:00,1,1,0
2017-02-19 07:00:00,7,6,1
2017-02-19 08:00:00,18,7,11
2017-02-19 09:00:00,35,23,12
2017-02-19 10:00:00,63,36,27
2017-02-19 11:00:00,69,38,31
2017-02-19 12:00:00,74,43,31
2017-02-19 13:00:00,48,25,23
2017-02-19 14:00:00,35,19,16
2017-02-19 15:00:00,30,9,21
2017-02-19 16:00:00,11,6,5
2017-02-19 17:00:00,5,1,4
2017-02-19 18:00:00,3,1,2
2017-02-19 19:00:00,0,0,0
2017-02-19 20:00:00,2,1,1
2017-02-19 21:00:00,0,0,0
2017-02-19 22:00:00,0,0,0
2017-02-19 23:00:00,0,0,0
2017-02-20 00:00:00,3,3,0
2017-02-20 01:00:00,2,1,1
2017-02-20 02:00:00,0,0,0
2017-02-20 03:00:00,0,0,0
2017-02-20 04:00:00,1,0,1
2017-02-20 05:00:00,1,0,1
2017-02-20 06:00:00,8,3,5
2017-02-20 07:00:00,18,6,12
2017-02-20 08:00:00,17,5,12
2017-02-20 09:00:00,16,5,11
2017-02-20 10:00:00,19,11,8
2017-02-20 11:00:00,10,4,6
2017-02-20 12:00:00,14,6,8
2017-02-20 13:00:00,8,4,4
2017-02-20 14:00:00,12,5,7
2017-02-20 15:00:00,9,3,6
2017-02-20 16:00:00,15,10,5
2017-02-20 17:00:00,20,12,8
2017-02-20 18:00:00,9,9,0
2017-02-20 19:00:00,2,2,0
2017-02-20 20:00:00,3,1,2
2017-02-20 21:00:00,0,0,0
2017-02-20 22:00:00,0,0,0
2017-02-20 23:00:00,0,0,0
2017-02-21 00:00:00,0,0,0
2017-02-21 01:00:00,0,0,0
2017-02-21 02:00:00,0,0,0
2017-02-21 03:00:00,0,0,0
2017-02-21 04:00:00,2,1,1
2017-02-21 05:00:00,11,0,11
2017-02-21 06:00:00,12,3,9
2017-02-21 07:00:00,44,8,36
2017-02-21 08:00:00,45,11,34
2017-02-21 09:00:00,28,8,20
2017-02-21 10:00:00,27,17,10
2017-02-21 11:00:00,17,8,9
2017-02-21 12:00:00,7,3,4
2017-02-21 13:00:00,30,12,18
2017-02-21 14:00:00,21,13,8
2017-02-21 15:00:00,28,17,11
2017-02-21 16:00:00,53,37,16
2017-02-21 17:00:00,62,50,12
2017-02-21 18:00:00,43,29,14
2017-02-21 19:00:00,15,14,1
2017-02-21 20:00:00,6,4,2
2017-02-21 21:00:00,3,3,0
2017-02-21 22:00:00,1,1,0
2017-02-21 23:00:00,1,1,0
2017-02-22 00:00:00,0,0,0
2017-02-22 01:00:00,0,0,0
2017-02-22 02:00:00,0,0,0
2017-02-22 03:00:00,0,0,0
2017-02-22 04:00:00,2,1,1
2017-02-22 05:00:00,8,0,8
2017-02-22 06:00:00,17,6,11
2017-02-22 07:00:00,29,6,23
2017-02-22 08:00:00,46,11,35
2017-02-22 09:00:00,29,13,16
2017-02-22 10:00:00,21,11,10
2017-02-22 11:00:00,20,11,9
2017-02-22 12:00:00,26,16,10
2017-02-22 13:00:00,39,19,20
2017-02-22 14:00:00,49,17,32
2017-02-22 15:00:00,38,19,19
2017-02-22 16:00:00,45,31,14
2017-02-22 17:00:00,62,52,10
2017-02-22 18:00:00,33,23,10
2017-02-22 19:00:00,6,6,0
2017-02-22 20:00:00,12,8,4
2017-02-22 21:00:00,3,1,2
2017-02-22 22:00:00,1,1,0
2017-02-22 23:00:00,0,0,0
2017-02-23 00:00:00,0,0,0
2017-02-23 01:00:00,0,0,0
2017-02-23 02:00:00,0,0,0
2017-02-23 03:00:00,0,0,0
2017-02-23 04:00:00,0,0,0
2017-02-23 05:00:00,4,1,3
2017-02-23 06:00:00,17,4,13
2017-02-23 07:00:00,44,11,33
2017-02-23 08:00:00,41,9,32
2017-02-23 09:00:00,31,15,16
2017-02-23 10:00:00,27,10,17
2017-02-23 11:00:00,21,5,16
2017-02-23 12:00:00,10,7,3
2017-02-23 13:00:00,20,15,5
2017-02-23 14:00:00,28,14,14
2017-02-23 15:00:00,22,11,11
2017-02-23 16:00:00,50,36,14
2017-02-23 17:00:00,76,54,22
2017-02-23 18:00:00,40,24,16
2017-02-23 19:00:00,16,11,5
2017-02-23 20:00:00,3,2,1
2017-02-23 21:00:00,4,3,1
2017-02-23 22:00:00,4,3,1
2017-02-23 23:00:00,2,2,0
2017-02-24 00:00:00,0,0,0
2017-02-24 01:00:00,0,0,0
2017-02-24 02:00:00,0,0,0
2017-02-24 03:00:00,0,0,0
2017-02-24 04:00:00,1,0,1
2017-02-24 05:00:00,5,1,4
2017-02-24 06:00:00,13,3,10
2017-02-24 07:00:00,31,6,25
2017-02-24 08:00:00,40,8,32
2017-02-24 09:00:00,23,8,15
2017-02-24 10:00:00,24,9,15
2017-02-24 11:00:00,21,12,9
2017-02-24 12:00:00,39,21,18
2017-02-24 13:00:00,54,26,28
2017-02-24 14:00:00,32,22,10
2017-02-24 15:00:00,48,27,21
2017-02-24 16:00:00,53,36,17
2017-02-24 17:00:00,58,43,15
2017-02-24 18:00:00,35,21,14
2017-02-24 19:00:00,17,14,3
2017-02-24 20:00:00,11,5,6
2017-02-24 21:00:00,0,0,0
2017-02-24 22:00:00,0,0,0
2017-02-24 23:00:00,0,0,0
2017-02-25 00:00:00,0,0,0
2017-02-25 01:00:00,0,0,0
2017-02-25 02:00:00,1,0,1
2017-02-25 03:00:00,1,1,0
2017-02-25 04:00:00,2,1,1
2017-02-25 05:00:00,1,0,1
2017-02-25 06:00:00,3,3,0
2017-02-25 07:00:00,12,7,5
2017-02-25 08:00:00,25,16,9
2017-02-25 09:00:00,34,22,12
2017-02-25 10:00:00,73,42,31
2017-02-25 11:00:00,109,67,42
2017-02-25 12:00:00,126,68,58
2017-02-25 13:00:00,151,82,69
2017-02-25 14:00:00,107,44,63
2017-02-25 15:00:00,111,53,58
2017-02-25 16:00:00,69,23,46
2017-02-25 17:00:00,31,12,19
2017-02-25 18:00:00,11,3,8
2017-02-25 19:00:00,2,0,2
2017-02-25 20:00:00,2,0,2
2017-02-25 21:00:00,2,1,1
2017-02-25 22:00:00,3,2,1
2017-02-25 23:00:00,0,0,0
2017-02-26 00:00:00,0,0,0
2017-02-26 01:00:00,0,0,0
2017-02-26 02:00:00,0,0,0
2017-02-26 03:00:00,1,1,0
2017-02-26 04:00:00,1,0,1
2017-02-26 05:00:00,1,1,0
2017-02-26 06:00:00,4,1,3
2017-02-26 07:00:00,4,2,2
2017-02-26 08:00:00,17,4,13
2017-02-26 09:00:00,18,14,4
2017-02-26 10:00:00,12,6,6
2017-02-26 11:00:00,15,8,7
2017-02-26 12:00:00,13,7,6
2017-02-26 13:00:00,17,11,6
2017-02-26 14:00:00,22,17,5
2017-02-26 15:00:00,23,10,13
2017-02-26 16:00:00,13,4,9
2017-02-26 17:00:00,8,3,5
2017-02-26 18:00:00,2,1,1
2017-02-26 19:00:00,5,4,1
2017-02-26 20:00:00,0,0,0
2017-02-26 21:00:00,0,0,0
2017-02-26 22:00:00,1,1,0
2017-02-26 23:00:00,0,0,0
2017-02-27 00:00:00,1,1,0
2017-02-27 01:00:00,0,0,0
2017-02-27 02:00:00,0,0,0
2017-02-27 03:00:00,0,0,0
2017-02-27 04:00:00,3,0,3
2017-02-27 05:00:00,6,0,6
2017-02-27 06:00:00,8,4,4
2017-02-27 07:00:00,14,0,14
2017-02-27 08:00:00,13,2,11
2017-02-27 09:00:00,7,4,3
2017-02-27 10:00:00,3,2,1
2017-02-27 11:00:00,3,1,2
2017-02-27 12:00:00,4,1,3
2017-02-27 13:00:00,1,1,0
2017-02-27 14:00:00,14,9,5
2017-02-27 15:00:00,10,8,2
2017-02-27 16:00:00,15,12,3
2017-02-27 17:00:00,26,20,6
2017-02-27 18:00:00,9,5,4
2017-02-27 19:00:00,7,7,0
2017-02-27 20:00:00,0,0,0
2017-02-27 21:00:00,3,1,2
2017-02-27 22:00:00,0,0,0
2017-02-27 23:00:00,0,0,0
2017-02-28 00:00:00,0,0,0
2017-02-28 01:00:00,0,0,0
2017-02-28 02:00:00,0,0,0
2017-02-28 03:00:00,0,0,0
2017-02-28 04:00:00,4,1,3
2017-02-28 05:00:00,4,0,4
2017-02-28 06:00:00,10,5,5
2017-02-28 07:00:00,21,4,17
2017-02-28 08:00:00,40,9,31
2017-02-28 09:00:00,29,11,18
2017-02-28 10:00:00,15,4,11
2017-02-28 11:00:00,23,10,13
2017-02-28 12:00:00,13,5,8
2017-02-28 13:00:00,26,15,11
2017-02-28 14:00:00,28,20,8
2017-02-28 15:00:00,37,19,18
2017-02-28 16:00:00,46,30,16
2017-02-28 17:00:00,52,34,18
2017-02-28 18:00:00,35,26,9
2017-02-28 19:00:00,17,12,5
2017-02-28 20:00:00,5,3,2
2017-02-28 21:00:00,5,2,3
2017-02-28 22:00:00,2,2,0
2017-02-28 23:00:00,0,0,0
2017-03-01 00:00:00,0,0,0
2017-03-01 01:00:00,0,0,0
2017-03-01 02:00:00,0,0,0
2017-03-01 03:00:00,1,0,1
2017-03-01 04:00:00,2,1,1
2017-03-01 05:00:00,8,1,7
2017-03-01 06:00:00,28,9,19
2017-03-01 07:00:00,59,9,50
2017-03-01 08:00:00,65,17,48
2017-03-01 09:00:00,34,8,26
2017-03-01 10:00:00,19,12,7
2017-03-01 11:00:00,13,5,8
2017-03-01 12:00:00,19,9,10
2017-03-01 13:00:00,25,16,9
2017-03-01 14:00:00,33,15,18
2017-03-01 15:00:00,42,22,20
2017-03-01 16:00:00,50,42,8
2017-03-01 17:00:00,101,78,23
2017-03-01 18:00:00,47,32,15
2017-03-01 19:00:00,27,19,8
2017-03-01 20:00:00,11,11,0
2017-03-01 21:00:00,1,0,1
2017-03-01 22:00:00,1,0,1
2017-03-01 23:00:00,1,0,1
2017-03-02 00:00:00,0,0,0
2017-03-02 01:00:00,0,0,0
2017-03-02 02:00:00,0,0,0
2017-03-02 03:00:00,1,0,1
2017-03-02 04:00:00,3,0,3
2017-03-02 05:00:00,8,1,7
2017-03-02 06:00:00,24,6,18
2017-03-02 07:00:00,50,8,42
2017-03-02 08:00:00,52,11,41
2017-03-02 09:00:00,33,16,17
2017-03-02 10:00:00,20,5,15
2017-03-02 11:00:00,7,6,1
2017-03-02 12:00:00,15,8,7
2017-03-02 13:00:00,21,13,8
2017-03-02 14:00:00,25,15,10
2017-03-02 15:00:00,29,21,8
2017-03-02 16:00:00,56,38,18
2017-03-02 17:00:00,76,59,17
2017-03-02 18:00:00,25,18,7
2017-03-02 19:00:00,19,13,6
2017-03-02 20:00:00,8,5,3
2017-03-02 21:00:00,3,3,0
2017-03-02 22:00:00,0,0,0
2017-03-02 23:00:00,0,0,0
2017-03-03 00:00:00,0,0,0
2017-03-03 01:00:00,0,0,0
2017-03-03 02:00:00,0,0,0
2017-03-03 03:00:00,0,0,0
2017-03-03 04:00:00,1,0,1
2017-03-03 05:00:00,3,0,3
2017-03-03 06:00:00,20,4,16
2017-03-03 07:00:00,34,3,31
2017-03-03 08:00:00,35,13,22
2017-03-03 09:00:00,29,10,19
2017-03-03 10:00:00,5,1,4
2017-03-03 11:00:00,4,3,1
2017-03-03 12:00:00,6,2,4
2017-03-03 13:00:00,11,6,5
2017-03-03 14:00:00,18,13,5
2017-03-03 15:00:00,20,12,8
2017-03-03 16:00:00,33,23,10
2017-03-03 17:00:00,34,29,5
2017-03-03 18:00:00,19,12,7
2017-03-03 19:00:00,6,5,1
2017-03-03 20:00:00,5,4,1
2017-03-03 21:00:00,3,3,0
2017-03-03 22:00:00,0,0,0
2017-03-03 23:00:00,0,0,0
2017-03-04 00:00:00,1,1,0
2017-03-04 01:00:00,0,0,0
2017-03-04 02:00:00,0,0,0
2017-03-04 03:00:00,0,0,0
2017-03-04 04:00:00,0,0,0
2017-03-04 05:00:00,0,0,0
2017-03-04 06:00:00,5,2,3
2017-03-04 07:00:00,12,10,2
2017-03-04 08:00:00,20,13,7
2017-03-04 09:00:00,58,34,24
2017-03-04 10:00:00,94,62,32
2017-03-04 11:00:00,136,76,60
2017-03-04 12:00:00,123,67,56
2017-03-04 13:00:00,117,59,58
2017-03-04 14:00:00,139,58,81
2017-03-04 15:00:00,72,31,41
2017-03-04 16:00:00,84,31,53
2017-03-04 17:00:00,33,14,19
2017-03-04 18:00:00,28,12,16
2017-03-04 19:00:00,2,1,1
2017-03-04 20:00:00,6,3,3
2017-03-04 21:00:00,3,2,1
2017-03-04 22:00:00,4,3,1
2017-03-04 23:00:00,2,2,0
2017-03-05 00:00:00,1,0,1
2017-03-05 01:00:00,0,0,0
2017-03-05 02:00:00,3,1,2
2017-03-05 03:00:00,0,0,0
2017-03-05 04:00:00,2,1,1
2017-03-05 05:00:00,1,1,0
2017-03-05 06:00:00,2,2,0
2017-03-05 07:00:00,16,12,4
2017-03-05 08:00:00,25,18,7
2017-03-05 09:00:00,40,24,16
2017-03-05 10:00:00,54,25,29
2017-03-05 11:00:00,65,37,28
2017-03-05 12:00:00,52,15,37
2017-03-05 13:00:00,49,16,33
2017-03-05 14:00:00,26,9,17
2017-03-05 15:00:00,21,7,14
2017-03-05 16:00:00,21,9,12
2017-03-05 17:00:00,13,6,7
2017-03-05 18:00:00,2,1,1
2017-03-05 19:00:00,2,2,0
2017-03-05 20:00:00,0,0,0
2017-03-05 21:00:00,2,2,0
2017-03-05 22:00:00,3,0,3
2017-03-05 23:00:00,0,0,0
2017-03-06 00:00:00,0,0,0
2017-03-06 01:00:00,0,0,0
2017-03-06 02:00:00,0,0,0
2017-03-06 03:00:00,0,0,0
2017-03-06 04:00:00,3,0,3
2017-03-06 05:00:00,8,0,8
2017-03-06 06:00:00,15,5,10
2017-03-06 07:00:00,40,5,35
2017-03-06 08:00:00,43,11,32
2017-03-06 09:00:00,33,16,17
2017-03-06 10:00:00,21,6,15
2017-03-06 11:00:00,11,6,5
2017-03-06 12:00:00,10,6,4
2017-03-06 13:00:00,18,8,10
2017-03-06 14:00:00,22,14,8
2017-03-06 15:00:00,27,14,13
2017-03-06 16:00:00,50,34,16
2017-03-06 17:00:00,74,59,15
2017-03-06 18:00:00,45,31,14
2017-03-06 19:00:00,21,14,7
2017-03-06 20:00:00,15,8,7
2017-03-06 21:00:00,2,0,2
2017-03-06 22:00:00,0,0,0
2017-03-06 23:00:00,0,0,0
2017-03-07 00:00:00,0,0,0
2017-03-07 01:00:00,1,1,0
2017-03-07 02:00:00,0,0,0
2017-03-07 03:00:00,0,0,0
2017-03-07 04:00:00,2,0,2
2017-03-07 05:00:00,8,0,8
2017-03-07 06:00:00,14,3,11
2017-03-07 07:00:00,38,7,31
2017-03-07 08:00:00,31,7,24
2017-03-07 09:00:00,15,4,11
2017-03-07 10:00:00,4,1,3
2017-03-07 11:00:00,6,2,4
2017-03-07 12:00:00,7,4,3
2017-03-07 13:00:00,3,2,1
2017-03-07 14:00:00,8,6,2
2017-03-07 15:00:00,12,8,4
2017-03-07 16:00:00,25,17,8
2017-03-07 17:00:00,47,41,6
2017-03-07 18:00:00,18,15,3
2017-03-07 19:00:00,12,10,2
2017-03-07 20:00:00,3,2,1
2017-03-07 21:00:00,2,2,0
2017-03-07 22:00:00,0,0,0
2017-03-07 23:00:00,0,0,0
2017-03-08 00:00:00,0,0,0
2017-03-08 01:00:00,1,1,0
2017-03-08 02:00:00,0,0,0
2017-03-08 03:00:00,0,0,0
2017-03-08 04:00:00,2,0,2
2017-03-08 05:00:00,9,0,9
2017-03-08 06:00:00,10,1,9
2017-03-08 07:00:00,51,14,37
2017-03-08 08:00:00,67,18,49
2017-03-08 09:00:00,33,16,17
2017-03-08 10:00:00,36,17,19
2017-03-08 11:00:00,36,12,24
2017-03-08 12:00:00,13,11,2
2017-03-08 13:00:00,15,7,8
2017-03-08 14:00:00,17,8,9
2017-03-08 15:00:00,16,9,7
2017-03-08 16:00:00,42,29,13
2017-03-08 17:00:00,66,54,12
2017-03-08 18:00:00,38,33,5
2017-03-08 19:00:00,15,13,2
2017-03-08 20:00:00,10,9,1
2017-03-08 21:00:00,4,2,2
2017-03-08 22:00:00,6,1,5
2017-03-08 23:00:00,0,0,0
2017-03-09 00:00:00,0,0,0
2017-03-09 01:00:00,0,0,0
2017-03-09 02:00:00,0,0,0
2017-03-09 03:00:00,1,0,1
2017-03-09 04:00:00,2,0,2
2017-03-09 05:00:00,6,0,6
2017-03-09 06:00:00,13,4,9
2017-03-09 07:00:00,37,9,28
2017-03-09 08:00:00,46,13,33
2017-03-09 09:00:00,21,7,14
2017-03-09 10:00:00,13,6,7
2017-03-09 11:00:00,12,9,3
2017-03-09 12:00:00,6,2,4
2017-03-09 13:00:00,7,4,3
2017-03-09 14:00:00,14,9,5
2017-03-09 15:00:00,14,11,3
2017-03-09 16:00:00,33,20,13
2017-03-09 17:00:00,42,34,8
2017-03-09 18:00:00,23,20,3
2017-03-09 19:00:00,11,11,0
2017-03-09 20:00:00,2,2,0
2017-03-09 21:00:00,0,0,0
2017-03-09 22:00:00,2,1,1
2017-03-09 23:00:00,0,0,0
2017-03-10 00:00:00,0,0,0
2017-03-10 01:00:00,1,1,0
2017-03-10 02:00:00,0,0,0
2017-03-10 03:00:00,0,0,0
2017-03-10 04:00:00,2,1,1
2017-03-10 05:00:00,5,1,4
2017-03-10 06:00:00,14,6,8
2017-03-10 07:00:00,33,3,30
2017-03-10 08:00:00,26,11,15
2017-03-10 09:00:00,29,14,15
2017-03-10 10:00:00,14,4,10
2017-03-10 11:00:00,37,22,15
2017-03-10 12:00:00,33,17,16
2017-03-10 13:00:00,28,15,13
2017-03-10 14:00:00,41,21,20
2017-03-10 15:00:00,53,33,20
2017-03-10 16:00:00,75,43,32
2017-03-10 17:00:00,78,45,33
2017-03-10 18:00:00,46,26,20
2017-03-10 19:00:00,18,14,4
2017-03-10 20:00:00,6,2,4
2017-03-10 21:00:00,2,0,2
2017-03-10 22:00:00,2,2,0
2017-03-10 23:00:00,1,1,0
2017-03-11 00:00:00,1,1,0
2017-03-11 01:00:00,2,1,1
2017-03-11 02:00:00,0,0,0
2017-03-11 03:00:00,2,0,2
2017-03-11 04:00:00,1,1,0
2017-03-11 05:00:00,0,0,0
2017-03-11 06:00:00,9,4,5
2017-03-11 07:00:00,31,16,15
2017-03-11 08:00:00,25,7,18
2017-03-11 09:00:00,54,36,18
2017-03-11 10:00:00,26,11,15
2017-03-11 11:00:00,13,8,5
2017-03-11 12:00:00,15,7,8
2017-03-11 13:00:00,56,10,46
2017-03-11 14:00:00,51,13,38
2017-03-11 15:00:00,31,13,18
2017-03-11 16:00:00,36,20,16
2017-03-11 17:00:00,22,13,9
2017-03-11 18:00:00,9,3,6
2017-03-11 19:00:00,3,0,3
2017-03-11 20:00:00,6,4,2
2017-03-11 21:00:00,0,0,0
2017-03-11 22:00:00,0,0,0
2017-03-11 23:00:00,1,0,1
2017-03-12 00:00:00,0,0,0
2017-03-12 01:00:00,1,1,0
2017-03-12 02:00:00,0,0,0
2017-03-12 03:00:00,1,1,0
2017-03-12 04:00:00,1,0,1
2017-03-12 05:00:00,0,0,0
2017-03-12 06:00:00,3,2,1
2017-03-12 07:00:00,7,4,3
2017-03-12 08:00:00,30,16,14
2017-03-12 09:00:00,36,17,19
2017-03-12 10:00:00,61,47,14
2017-03-12 11:00:00,74,47,27
2017-03-12 12:00:00,91,48,43
2017-03-12 13:00:00,55,25,30
2017-03-12 14:00:00,63,27,36
2017-03-12 15:00:00,51,32,19
2017-03-12 16:00:00,47,22,25
2017-03-12 17:00:00,43,12,31
2017-03-12 18:00:00,23,10,13
2017-03-12 19:00:00,9,3,6
2017-03-12 20:00:00,4,3,1
2017-03-12 21:00:00,2,2,0
2017-03-12 22:00:00,4,2,2
2017-03-12 23:00:00,0,0,0
2017-03-13 00:00:00,0,0,0
2017-03-13 01:00:00,1,1,0
2017-03-13 02:00:00,0,0,0
2017-03-13 03:00:00,0,0,0
2017-03-13 04:00:00,1,0,1
2017-03-13 05:00:00,9,0,9
2017-03-13 06:00:00,11,1,10
2017-03-13 07:00:00,33,5,28
2017-03-13 08:00:00,30,5,25
2017-03-13 09:00:00,20,4,16
2017-03-13 10:00:00,19,9,10
2017-03-13 11:00:00,8,3,5
2017-03-13 12:00:00,8,4,4
2017-03-13 13:00:00,7,3,4
2017-03-13 14:00:00,11,7,4
2017-03-13 15:00:00,14,11,3
2017-03-13 16:00:00,33,27,6
2017-03-13 17:00:00,53,44,9
2017-03-13 18:00:00,36,26,10
2017-03-13 19:00:00,11,7,4
2017-03-13 20:00:00,6,4,2
2017-03-13 21:00:00,0,0,0
2017-03-13 22:00:00,2,2,0
2017-03-13 23:00:00,1,1,0
2017-03-14 00:00:00,2,0,2
2017-03-14 01:00:00,0,0,0
2017-03-14 02:00:00,0,0,0
2017-03-14 03:00:00,0,0,0
2017-03-14 04:00:00,2,0,2
2017-03-14 05:00:00,10,2,8
2017-03-14 06:00:00,11,1,10
2017-03-14 07:00:00,32,5,27
2017-03-14 08:00:00,40,7,33
2017-03-14 09:00:00,37,17,20
2017-03-14 10:00:00,19,7,12
2017-03-14 11:00:00,16,9,7
2017-03-14 12:00:00,10,3,7
2017-03-14 13:00:00,15,7,8
2017-03-14 14:00:00,12,9,3
2017-03-14 15:00:00,21,15,6
2017-03-14 16:00:00,38,23,15
2017-03-14 17:00:00,53,44,9
2017-03-14 18:00:00,36,23,13
2017-03-14 19:00:00,18,16,2
2017-03-14 20:00:00,8,6,2
2017-03-14 21:00:00,4,2,2
2017-03-14 22:00:00,3,1,2
2017-03-14 23:00:00,0,0,0
2017-03-15 00:00:00,0,0,0
2017-03-15 01:00:00,2,2,0
2017-03-15 02:00:00,1,1,0
2017-03-15 03:00:00,0,0,0
2017-03-15 04:00:00,2,0,2
2017-03-15 05:00:00,4,0,4
2017-03-15 06:00:00,13,4,9
2017-03-15 07:00:00,23,4,19
2017-03-15 08:00:00,33,4,29
2017-03-15 09:00:00,18,8,10
2017-03-15 10:00:00,8,5,3
2017-03-15 11:00:00,11,6,5
2017-03-15 12:00:00,12,6,6
2017-03-15 13:00:00,13,8,5
2017-03-15 14:00:00,14,10,4
2017-03-15 15:00:00,18,13,5
2017-03-15 16:00:00,39,28,11
2017-03-15 17:00:00,51,42,9
2017-03-15 18:00:00,50,33,17
2017-03-15 19:00:00,12,9,3
2017-03-15 20:00:00,3,2,1
2017-03-15 21:00:00,6,2,4
2017-03-15 22:00:00,2,1,1
2017-03-15 23:00:00,0,0,0
2017-03-16 00:00:00,0,0,0
2017-03-16 01:00:00,1,1,0
2017-03-16 02:00:00,0,0,0
2017-03-16 03:00:00,1,0,1
2017-03-16 04:00:00,3,1,2
2017-03-16 05:00:00,9,0,9
2017-03-16 06:00:00,23,2,21
2017-03-16 07:00:00,53,13,40
2017-03-16 08:00:00,74,18,56
2017-03-16 09:00:00,48,17,31
2017-03-16 10:00:00,35,18,17
2017-03-16 11:00:00,37,18,19
2017-03-16 12:00:00,38,20,18
2017-03-16 13:00:00,40,25,15
2017-03-16 14:00:00,48,29,19
2017-03-16 15:00:00,63,31,32
2017-03-16 16:00:00,82,58,24
2017-03-16 17:00:00,116,85,31
2017-03-16 18:00:00,111,71,40
2017-03-16 19:00:00,37,23,14
2017-03-16 20:00:00,7,5,2
2017-03-16 21:00:00,6,5,1
2017-03-16 22:00:00,5,4,1
2017-03-16 23:00:00,0,0,0
2017-03-17 00:00:00,2,2,0
2017-03-17 01:00:00,0,0,0
2017-03-17 02:00:00,0,0,0
2017-03-17 03:00:00,0,0,0
2017-03-17 04:00:00,1,0,1
2017-03-17 05:00:00,8,3,5
2017-03-17 06:00:00,17,4,13
2017-03-17 07:00:00,38,5,33
2017-03-17 08:00:00,36,9,27
2017-03-17 09:00:00,42,18,24
2017-03-17 10:00:00,20,8,12
2017-03-17 11:00:00,24,14,10
2017-03-17 12:00:00,28,13,15
2017-03-17 13:00:00,17,8,9
2017-03-17 14:00:00,12,9,3
2017-03-17 15:00:00,17,12,5
2017-03-17 16:00:00,27,19,8
2017-03-17 17:00:00,37,32,5
2017-03-17 18:00:00,20,15,5
2017-03-17 19:00:00,6,6,0
2017-03-17 20:00:00,2,1,1
2017-03-17 21:00:00,0,0,0
2017-03-17 22:00:00,0,0,0
2017-03-17 23:00:00,0,0,0
2017-03-18 00:00:00,1,1,0
2017-03-18 01:00:00,0,0,0
2017-03-18 02:00:00,0,0,0
2017-03-18 03:00:00,0,0,0
2017-03-18 04:00:00,2,2,0
2017-03-18 05:00:00,1,0,1
2017-03-18 06:00:00,2,1,1
2017-03-18 07:00:00,6,3,3
2017-03-18 08:00:00,5,2,3
2017-03-18 09:00:00,8,4,4
2017-03-18 10:00:00,45,39,6
2017-03-18 11:00:00,31,7,24
2017-03-18 12:00:00,17,10,7
2017-03-18 13:00:00,19,5,14
2017-03-18 14:00:00,16,10,6
2017-03-18 15:00:00,41,24,17
2017-03-18 16:00:00,42,26,16
2017-03-18 17:00:00,40,16,24
2017-03-18 18:00:00,18,5,13
2017-03-18 19:00:00,9,7,2
2017-03-18 20:00:00,4,0,4
2017-03-18 21:00:00,2,2,0
2017-03-18 22:00:00,1,1,0
2017-03-18 23:00:00,1,1,0
2017-03-19 00:00:00,1,1,0
2017-03-19 01:00:00,0,0,0
2017-03-19 02:00:00,0,0,0
2017-03-19 03:00:00,0,0,0
2017-03-19 04:00:00,1,0,1
2017-03-19 05:00:00,0,0,0
2017-03-19 06:00:00,0,0,0
2017-03-19 07:00:00,24,19,5
2017-03-19 08:00:00,50,31,19
2017-03-19 09:00:00,67,41,26
2017-03-19 10:00:00,158,111,47
2017-03-19 11:00:00,185,114,71
2017-03-19 12:00:00,274,131,143
2017-03-19 13:00:00,264,134,130
2017-03-19 14:00:00,278,136,142
2017-03-19 15:00:00,235,128,107
2017-03-19 16:00:00,240,91,149
2017-03-19 17:00:00,90,33,57
2017-03-19 18:00:00,48,17,31
2017-03-19 19:00:00,38,12,26
2017-03-19 20:00:00,5,2,3
2017-03-19 21:00:00,1,1,0
2017-03-19 22:00:00,2,2,0
2017-03-19 23:00:00,0,0,0
2017-03-20 00:00:00,2,1,1
2017-03-20 01:00:00,0,0,0
2017-03-20 02:00:00,0,0,0
2017-03-20 03:00:00,2,0,2
2017-03-20 04:00:00,3,0,3
2017-03-20 05:00:00,3,0,3
2017-03-20 06:00:00,25,3,22
2017-03-20 07:00:00,56,7,49
2017-03-20 08:00:00,75,20,55
2017-03-20 09:00:00,37,17,20
2017-03-20 10:00:00,56,23,33
2017-03-20 11:00:00,34,17,17
2017-03-20 12:00:00,63,33,30
2017-03-20 13:00:00,55,34,21
2017-03-20 14:00:00,35,15,20
2017-03-20 15:00:00,44,30,14
2017-03-20 16:00:00,76,50,26
2017-03-20 17:00:00,117,82,35
2017-03-20 18:00:00,70,54,16
2017-03-20 19:00:00,23,16,7
2017-03-20 20:00:00,7,4,3
2017-03-20 21:00:00,1,0,1
2017-03-20 22:00:00,3,3,0
2017-03-20 23:00:00,1,1,0
2017-03-21 00:00:00,0,0,0
2017-03-21 01:00:00,0,0,0
2017-03-21 02:00:00,0,0,0
2017-03-21 03:00:00,0,0,0
2017-03-21 04:00:00,3,0,3
2017-03-21 05:00:00,11,1,10
2017-03-21 06:00:00,16,1,15
2017-03-21 07:00:00,29,3,26
2017-03-21 08:00:00,49,15,34
2017-03-21 09:00:00,32,14,18
2017-03-21 10:00:00,13,3,10
2017-03-21 11:00:00,21,13,8
2017-03-21 12:00:00,13,5,8
2017-03-21 13:00:00,15,8,7
2017-03-21 14:00:00,21,13,8
2017-03-21 15:00:00,24,16,8
2017-03-21 16:00:00,37,30,7
2017-03-21 17:00:00,64,51,13
2017-03-21 18:00:00,68,44,24
2017-03-21 19:00:00,21,10,11
2017-03-21 20:00:00,5,3,2
2017-03-21 21:00:00,5,1,4
2017-03-21 22:00:00,1,1,0
2017-03-21 23:00:00,0,0,0
2017-03-22 00:00:00,0,0,0
2017-03-22 01:00:00,1,1,0
2017-03-22 02:00:00,1,1,0
2017-03-22 03:00:00,2,0,2
2017-03-22 04:00:00,3,0,3
2017-03-22 05:00:00,9,1,8
2017-03-22 06:00:00,23,4,19
2017-03-22 07:00:00,67,17,50
2017-03-22 08:00:00,60,20,40
2017-03-22 09:00:00,57,25,32
2017-03-22 10:00:00,29,9,20
2017-03-22 11:00:00,30,12,18
2017-03-22 12:00:00,20,9,11
2017-03-22 13:00:00,13,3,10
2017-03-22 14:00:00,22,15,7
2017-03-22 15:00:00,49,32,17
2017-03-22 16:00:00,62,38,24
2017-03-22 17:00:00,92,75,17
2017-03-22 18:00:00,80,53,27
2017-03-22 19:00:00,37,23,14
2017-03-22 20:00:00,8,4,4
2017-03-22 21:00:00,7,5,2
2017-03-22 22:00:00,2,0,2
2017-03-22 23:00:00,0,0,0
2017-03-23 00:00:00,0,0,0
2017-03-23 01:00:00,1,1,0
2017-03-23 02:00:00,0,0,0
2017-03-23 03:00:00,2,0,2
2017-03-23 04:00:00,6,0,6
2017-03-23 05:00:00,9,2,7
2017-03-23 06:00:00,38,6,32
2017-03-23 07:00:00,68,19,49
2017-03-23 08:00:00,62,19,43
2017-03-23 09:00:00,66,24,42
2017-03-23 10:00:00,42,20,22
2017-03-23 11:00:00,45,26,19
2017-03-23 12:00:00,41,21,20
2017-03-23 13:00:00,49,25,24
2017-03-23 14:00:00,47,20,27
2017-03-23 15:00:00,54,31,23
2017-03-23 16:00:00,87,49,38
2017-03-23 17:00:00,145,102,43
2017-03-23 18:00:00,76,47,29
2017-03-23 19:00:00,25,20,5
2017-03-23 20:00:00,11,7,4
2017-03-23 21:00:00,3,1,2
2017-03-23 22:00:00,3,1,2
2017-03-23 23:00:00,0,0,0
2017-03-24 00:00:00,0,0,0
2017-03-24 01:00:00,1,1,0
2017-03-24 02:00:00,0,0,0
2017-03-24 03:00:00,1,0,1
2017-03-24 04:00:00,0,0,0
2017-03-24 05:00:00,8,2,6
2017-03-24 06:00:00,13,3,10
2017-03-24 07:00:00,29,3,26
2017-03-24 08:00:00,33,9,24
2017-03-24 09:00:00,29,13,16
2017-03-24 10:00:00,17,9,8
2017-03-24 11:00:00,10,4,6
2017-03-24 12:00:00,15,8,7
2017-03-24 13:00:00,19,10,9
2017-03-24 14:00:00,18,12,6
2017-03-24 15:00:00,19,11,8
2017-03-24 16:00:00,37,24,13
2017-03-24 17:00:00,46,35,11
2017-03-24 18:00:00,23,18,5
2017-03-24 19:00:00,8,8,0
2017-03-24 20:00:00,6,4,2
2017-03-24 21:00:00,1,1,0
2017-03-24 22:00:00,2,2,0
2017-03-24 23:00:00,0,0,0
2017-03-25 00:00:00,0,0,0
2017-03-25 01:00:00,0,0,0
2017-03-25 02:00:00,0,0,0
2017-03-25 03:00:00,0,0,0
2017-03-25 04:00:00,0,0,0
2017-03-25 05:00:00,0,0,0
2017-03-25 06:00:00,6,2,4
2017-03-25 07:00:00,13,5,8
2017-03-25 08:00:00,35,25,10
2017-03-25 09:00:00,69,48,21
2017-03-25 10:00:00,131,75,56
2017-03-25 11:00:00,177,92,85
2017-03-25 12:00:00,196,104,92
2017-03-25 13:00:00,156,78,78
2017-03-25 14:00:00,185,94,91
2017-03-25 15:00:00,154,82,72
2017-03-25 16:00:00,131,53,78
2017-03-25 17:00:00,83,25,58
2017-03-25 18:00:00,43,23,20
2017-03-25 19:00:00,19,4,15
2017-03-25 20:00:00,1,0,1
2017-03-25 21:00:00,6,3,3
2017-03-25 22:00:00,5,2,3
2017-03-25 23:00:00,0,0,0
2017-03-26 00:00:00,0,0,0
2017-03-26 01:00:00,1,1,0
2017-03-26 02:00:00,0,0,0
2017-03-26 03:00:00,1,1,0
2017-03-26 04:00:00,1,0,1
2017-03-26 05:00:00,0,0,0
2017-03-26 06:00:00,2,0,2
2017-03-26 07:00:00,19,17,2
2017-03-26 08:00:00,38,13,25
2017-03-26 09:00:00,33,21,12
2017-03-26 10:00:00,33,11,22
2017-03-26 11:00:00,28,14,14
2017-03-26 12:00:00,31,17,14
2017-03-26 13:00:00,33,9,24
2017-03-26 14:00:00,42,24,18
2017-03-26 15:00:00,27,10,17
2017-03-26 16:00:00,11,6,5
2017-03-26 17:00:00,15,10,5
2017-03-26 18:00:00,17,8,9
2017-03-26 19:00:00,2,1,1
2017-03-26 20:00:00,0,0,0
2017-03-26 21:00:00,1,1,0
2017-03-26 22:00:00,1,1,0
2017-03-26 23:00:00,3,2,1
2017-03-27 00:00:00,0,0,0
2017-03-27 01:00:00,0,0,0
2017-03-27 02:00:00,0,0,0
2017-03-27 03:00:00,1,0,1
2017-03-27 04:00:00,2,0,2
2017-03-27 05:00:00,9,1,8
2017-03-27 06:00:00,16,2,14
2017-03-27 07:00:00,48,5,43
2017-03-27 08:00:00,55,17,38
2017-03-27 09:00:00,31,13,18
2017-03-27 10:00:00,32,10,22
2017-03-27 11:00:00,19,11,8
2017-03-27 12:00:00,27,15,12
2017-03-27 13:00:00,29,14,15
2017-03-27 14:00:00,31,18,13
2017-03-27 15:00:00,45,25,20
2017-03-27 16:00:00,55,41,14
2017-03-27 17:00:00,86,64,22
2017-03-27 18:00:00,76,51,25
2017-03-27 19:00:00,40,29,11
2017-03-27 20:00:00,11,7,4
2017-03-27 21:00:00,6,3,3
2017-03-27 22:00:00,1,0,1
2017-03-27 23:00:00,0,0,0
2017-03-28 00:00:00,0,0,0
2017-03-28 01:00:00,2,2,0
2017-03-28 02:00:00,0,0,0
2017-03-28 03:00:00,1,0,1
2017-03-28 04:00:00,1,0,1
2017-03-28 05:00:00,7,0,7
2017-03-28 06:00:00,21,3,18
2017-03-28 07:00:00,67,12,55
2017-03-28 08:00:00,59,20,39
2017-03-28 09:00:00,38,15,23
2017-03-28 10:00:00,23,4,19
2017-03-28 11:00:00,13,10,3
2017-03-28 12:00:00,12,6,6
2017-03-28 13:00:00,9,5,4
2017-03-28 14:00:00,11,9,2
2017-03-28 15:00:00,25,15,10
2017-03-28 16:00:00,60,44,16
2017-03-28 17:00:00,72,55,17
2017-03-28 18:00:00,46,33,13
2017-03-28 19:00:00,20,14,6
2017-03-28 20:00:00,9,8,1
2017-03-28 21:00:00,9,3,6
2017-03-28 22:00:00,3,1,2
2017-03-28 23:00:00,0,0,0
2017-03-29 00:00:00,0,0,0
2017-03-29 01:00:00,1,1,0
2017-03-29 02:00:00,0,0,0
2017-03-29 03:00:00,1,0,1
2017-03-29 04:00:00,4,0,4
2017-03-29 05:00:00,7,3,4
2017-03-29 06:00:00,12,4,8
2017-03-29 07:00:00,32,6,26
2017-03-29 08:00:00,40,13,27
2017-03-29 09:00:00,27,7,20
2017-03-29 10:00:00,9,4,5
2017-03-29 11:00:00,17,7,10
2017-03-29 12:00:00,14,10,4
2017-03-29 13:00:00,18,12,6
2017-03-29 14:00:00,21,8,13
2017-03-29 15:00:00,39,28,11
2017-03-29 16:00:00,63,44,19
2017-03-29 17:00:00,78,51,27
2017-03-29 18:00:00,72,50,22
2017-03-29 19:00:00,40,19,21
2017-03-29 20:00:00,7,5,2
2017-03-29 21:00:00,3,2,1
2017-03-29 22:00:00,4,3,1
2017-03-29 23:00:00,1,1,0
2017-03-30 00:00:00,0,0,0
2017-03-30 01:00:00,1,1,0
2017-03-30 02:00:00,0,0,0
2017-03-30 03:00:00,1,0,1
2017-03-30 04:00:00,0,0,0
2017-03-30 05:00:00,10,1,9
2017-03-30 06:00:00,21,4,17
2017-03-30 07:00:00,61,15,46
2017-03-30 08:00:00,80,17,63
2017-03-30 09:00:00,42,15,27
2017-03-30 10:00:00,32,15,17
2017-03-30 11:00:00,23,11,12
2017-03-30 12:00:00,39,22,17
2017-03-30 13:00:00,39,16,23
2017-03-30 14:00:00,35,18,17
2017-03-30 15:00:00,29,20,9
2017-03-30 16:00:00,80,55,25
2017-03-30 17:00:00,119,88,31
2017-03-30 18:00:00,99,57,42
2017-03-30 19:00:00,63,34,29
2017-03-30 20:00:00,14,7,7
2017-03-30 21:00:00,6,1,5
2017-03-30 22:00:00,5,4,1
2017-03-30 23:00:00,0,0,0
2017-03-31 00:00:00,1,1,0
2017-03-31 01:00:00,0,0,0
2017-03-31 02:00:00,0,0,0
2017-03-31 03:00:00,1,0,1
2017-03-31 04:00:00,5,1,4
2017-03-31 05:00:00,10,3,7
2017-03-31 06:00:00,41,9,32
2017-03-31 07:00:00,65,22,43
2017-03-31 08:00:00,76,20,56
2017-03-31 09:00:00,63,21,42
2017-03-31 10:00:00,53,22,31
2017-03-31 11:00:00,78,37,41
2017-03-31 12:00:00,88,45,43
2017-03-31 13:00:00,124,85,39
2017-03-31 14:00:00,120,83,37
2017-03-31 15:00:00,126,61,65
2017-03-31 16:00:00,136,79,57
2017-03-31 17:00:00,165,112,53
2017-03-31 18:00:00,123,69,54
2017-03-31 19:00:00,43,26,17
2017-03-31 20:00:00,9,5,4
2017-03-31 21:00:00,6,2,4
2017-03-31 22:00:00,6,1,5
2017-03-31 23:00:00,2,1,1
2017-04-01 00:00:00,1,1,0
2017-04-01 01:00:00,0,0,0
2017-04-01 02:00:00,0,0,0
2017-04-01 03:00:00,0,0,0
2017-04-01 04:00:00,1,1,0
2017-04-01 05:00:00,0,0,0
2017-04-01 06:00:00,11,7,4
2017-04-01 07:00:00,16,8,8
2017-04-01 08:00:00,31,17,14
2017-04-01 09:00:00,44,31,13
2017-04-01 10:00:00,84,43,41
2017-04-01 11:00:00,74,40,34
2017-04-01 12:00:00,82,49,33
2017-04-01 13:00:00,82,45,37
2017-04-01 14:00:00,86,39,47
2017-04-01 15:00:00,88,47,41
2017-04-01 16:00:00,100,49,51
2017-04-01 17:00:00,49,18,31
2017-04-01 18:00:00,14,7,7
2017-04-01 19:00:00,17,5,12
2017-04-01 20:00:00,5,1,4
2017-04-01 21:00:00,10,7,3
2017-04-01 22:00:00,0,0,0
2017-04-01 23:00:00,3,3,0
2017-04-02 00:00:00,0,0,0
2017-04-02 01:00:00,1,1,0
2017-04-02 02:00:00,0,0,0
2017-04-02 03:00:00,0,0,0
2017-04-02 04:00:00,1,0,1
2017-04-02 05:00:00,0,0,0
2017-04-02 06:00:00,7,3,4
2017-04-02 07:00:00,15,10,5
2017-04-02 08:00:00,42,26,16
2017-04-02 09:00:00,80,46,34
2017-04-02 10:00:00,124,75,49
2017-04-02 11:00:00,113,62,51
2017-04-02 12:00:00,151,64,87
2017-04-02 13:00:00,192,96,96
2017-04-02 14:00:00,159,73,86
2017-04-02 15:00:00,161,89,72
2017-04-02 16:00:00,131,51,80
2017-04-02 17:00:00,67,32,35
2017-04-02 18:00:00,14,6,8
2017-04-02 19:00:00,12,6,6
2017-04-02 20:00:00,4,1,3
2017-04-02 21:00:00,1,0,1
2017-04-02 22:00:00,0,0,0
2017-04-02 23:00:00,0,0,0
2017-04-03 00:00:00,0,0,0
2017-04-03 01:00:00,0,0,0
2017-04-03 02:00:00,2,0,2
2017-04-03 03:00:00,1,1,0
2017-04-03 04:00:00,4,0,4
2017-04-03 05:00:00,9,3,6
2017-04-03 06:00:00,24,5,19
2017-04-03 07:00:00,79,15,64
2017-04-03 08:00:00,107,24,83
2017-04-03 09:00:00,46,19,27
2017-04-03 10:00:00,46,22,24
2017-04-03 11:00:00,35,20,15
2017-04-03 12:00:00,71,38,33
2017-04-03 13:00:00,52,24,28
2017-04-03 14:00:00,90,40,50
2017-04-03 15:00:00,67,39,28
2017-04-03 16:00:00,108,73,35
2017-04-03 17:00:00,160,104,56
2017-04-03 18:00:00,159,110,49
2017-04-03 19:00:00,42,27,15
2017-04-03 20:00:00,21,11,10
2017-04-03 21:00:00,1,1,0
2017-04-03 22:00:00,1,1,0
2017-04-03 23:00:00,0,0,0
2017-04-04 00:00:00,1,0,1
2017-04-04 01:00:00,1,0,1
2017-04-04 02:00:00,0,0,0
2017-04-04 03:00:00,0,0,0
2017-04-04 04:00:00,6,0,6
2017-04-04 05:00:00,15,2,13
2017-04-04 06:00:00,31,6,25
2017-04-04 07:00:00,95,27,68
2017-04-04 08:00:00,102,26,76
2017-04-04 09:00:00,56,21,35
2017-04-04 10:00:00,22,10,12
2017-04-04 11:00:00,35,18,17
2017-04-04 12:00:00,54,24,30
2017-04-04 13:00:00,35,21,14
2017-04-04 14:00:00,64,38,26
2017-04-04 15:00:00,59,34,25
2017-04-04 16:00:00,112,70,42
2017-04-04 17:00:00,150,104,46
2017-04-04 18:00:00,100,65,35
2017-04-04 19:00:00,43,23,20
2017-04-04 20:00:00,10,6,4
2017-04-04 21:00:00,3,3,0
2017-04-04 22:00:00,5,4,1
2017-04-04 23:00:00,0,0,0
2017-04-05 00:00:00,0,0,0
2017-04-05 01:00:00,1,1,0
2017-04-05 02:00:00,0,0,0
2017-04-05 03:00:00,1,0,1
2017-04-05 04:00:00,4,1,3
2017-04-05 05:00:00,7,2,5
2017-04-05 06:00:00,16,2,14
2017-04-05 07:00:00,39,8,31
2017-04-05 08:00:00,42,9,33
2017-04-05 09:00:00,25,11,14
2017-04-05 10:00:00,16,6,10
2017-04-05 11:00:00,4,2,2
2017-04-05 12:00:00,3,0,3
2017-04-05 13:00:00,42,37,5
2017-04-05 14:00:00,42,4,38
2017-04-05 15:00:00,19,13,6
2017-04-05 16:00:00,39,30,9
2017-04-05 17:00:00,62,44,18
2017-04-05 18:00:00,41,27,14
2017-04-05 19:00:00,19,16,3
2017-04-05 20:00:00,11,6,5
2017-04-05 21:00:00,3,2,1
2017-04-05 22:00:00,1,1,0
2017-04-05 23:00:00,0,0,0
2017-04-06 00:00:00,2,2,0
2017-04-06 01:00:00,0,0,0
2017-04-06 02:00:00,0,0,0
2017-04-06 03:00:00,1,0,1
2017-04-06 04:00:00,1,1,0
2017-04-06 05:00:00,8,1,7
2017-04-06 06:00:00,19,3,16
2017-04-06 07:00:00,41,10,31
2017-04-06 08:00:00,45,9,36
2017-04-06 09:00:00,18,5,13
2017-04-06 10:00:00,10,5,5
2017-04-06 11:00:00,7,5,2
2017-04-06 12:00:00,18,8,10
2017-04-06 13:00:00,15,7,8
2017-04-06 14:00:00,13,6,7
2017-04-06 15:00:00,41,28,13
2017-04-06 16:00:00,71,53,18
2017-04-06 17:00:00,104,72,32
2017-04-06 18:00:00,101,62,39
2017-04-06 19:00:00,53,28,25
2017-04-06 20:00:00,19,8,11
2017-04-06 21:00:00,5,5,0
2017-04-06 22:00:00,3,1,2
2017-04-06 23:00:00,1,1,0
2017-04-07 00:00:00,0,0,0
2017-04-07 01:00:00,0,0,0
2017-04-07 02:00:00,0,0,0
2017-04-07 03:00:00,0,0,0
2017-04-07 04:00:00,2,0,2
2017-04-07 05:00:00,3,2,1
2017-04-07 06:00:00,21,5,16
2017-04-07 07:00:00,36,7,29
2017-04-07 08:00:00,44,12,32
2017-04-07 09:00:00,24,11,13
2017-04-07 10:00:00,9,1,8
2017-04-07 11:00:00,13,7,6
2017-04-07 12:00:00,18,6,12
2017-04-07 13:00:00,12,8,4
2017-04-07 14:00:00,20,15,5
2017-04-07 15:00:00,21,12,9
2017-04-07 16:00:00,28,21,7
2017-04-07 17:00:00,35,28,7
2017-04-07 18:00:00,30,20,10
2017-04-07 19:00:00,7,5,2
2017-04-07 20:00:00,1,1,0
2017-04-07 21:00:00,3,0,3
2017-04-07 22:00:00,0,0,0
2017-04-07 23:00:00,0,0,0
2017-04-08 00:00:00,0,0,0
2017-04-08 01:00:00,0,0,0
2017-04-08 02:00:00,0,0,0
2017-04-08 03:00:00,0,0,0
2017-04-08 04:00:00,1,1,0
2017-04-08 05:00:00,0,0,0
2017-04-08 06:00:00,10,4,6
2017-04-08 07:00:00,21,10,11
2017-04-08 08:00:00,49,34,15
2017-04-08 09:00:00,68,42,26
2017-04-08 10:00:00,92,45,47
2017-04-08 11:00:00,105,50,55
2017-04-08 12:00:00,60,32,28
2017-04-08 13:00:00,70,49,21
2017-04-08 14:00:00,97,41,56
2017-04-08 15:00:00,65,40,25
2017-04-08 16:00:00,76,45,31
2017-04-08 17:00:00,53,15,38
2017-04-08 18:00:00,50,27,23
2017-04-08 19:00:00,16,7,9
2017-04-08 20:00:00,11,4,7
2017-04-08 21:00:00,1,1,0
2017-04-08 22:00:00,2,0,2
2017-04-08 23:00:00,2,2,0
2017-04-09 00:00:00,1,0,1
2017-04-09 01:00:00,2,2,0
2017-04-09 02:00:00,0,0,0
2017-04-09 03:00:00,0,0,0
2017-04-09 04:00:00,2,1,1
2017-04-09 05:00:00,0,0,0
2017-04-09 06:00:00,6,4,2
2017-04-09 07:00:00,26,17,9
2017-04-09 08:00:00,71,43,28
2017-04-09 09:00:00,140,109,31
2017-04-09 10:00:00,160,99,61
2017-04-09 11:00:00,236,124,112
2017-04-09 12:00:00,263,139,124
2017-04-09 13:00:00,266,135,131
2017-04-09 14:00:00,238,114,124
2017-04-09 15:00:00,263,121,142
2017-04-09 16:00:00,225,89,136
2017-04-09 17:00:00,128,60,68
2017-04-09 18:00:00,56,23,33
2017-04-09 19:00:00,40,14,26
2017-04-09 20:00:00,8,7,1
2017-04-09 21:00:00,0,0,0
2017-04-09 22:00:00,3,1,2
2017-04-09 23:00:00,0,0,0
2017-04-10 00:00:00,0,0,0
2017-04-10 01:00:00,1,1,0
2017-04-10 02:00:00,0,0,0
2017-04-10 03:00:00,1,0,1
2017-04-10 04:00:00,3,0,3
2017-04-10 05:00:00,9,1,8
2017-04-10 06:00:00,23,5,18
2017-04-10 07:00:00,67,14,53
2017-04-10 08:00:00,59,14,45
2017-04-10 09:00:00,38,13,25
2017-04-10 10:00:00,37,17,20
2017-04-10 11:00:00,17,8,9
2017-04-10 12:00:00,16,11,5
2017-04-10 13:00:00,20,9,11
2017-04-10 14:00:00,19,13,6
2017-04-10 15:00:00,21,15,6
2017-04-10 16:00:00,34,27,7
2017-04-10 17:00:00,70,57,13
2017-04-10 18:00:00,50,36,14
2017-04-10 19:00:00,30,23,7
2017-04-10 20:00:00,5,4,1
2017-04-10 21:00:00,6,3,3
2017-04-10 22:00:00,2,2,0
2017-04-10 23:00:00,1,1,0
2017-04-11 00:00:00,0,0,0
2017-04-11 01:00:00,0,0,0
2017-04-11 02:00:00,0,0,0
2017-04-11 03:00:00,0,0,0
2017-04-11 04:00:00,4,0,4
2017-04-11 05:00:00,11,2,9
2017-04-11 06:00:00,36,6,30
2017-04-11 07:00:00,79,17,62
2017-04-11 08:00:00,76,21,55
2017-04-11 09:00:00,65,28,37
2017-04-11 10:00:00,76,27,49
2017-04-11 11:00:00,71,34,37
2017-04-11 12:00:00,72,33,39
2017-04-11 13:00:00,85,45,40
2017-04-11 14:00:00,88,42,46
2017-04-11 15:00:00,91,50,41
2017-04-11 16:00:00,133,89,44
2017-04-11 17:00:00,160,124,36
2017-04-11 18:00:00,127,79,48
2017-04-11 19:00:00,62,26,36
2017-04-11 20:00:00,13,9,4
2017-04-11 21:00:00,10,9,1
2017-04-11 22:00:00,4,2,2
2017-04-11 23:00:00,2,1,1
2017-04-12 00:00:00,3,3,0
2017-04-12 01:00:00,0,0,0
2017-04-12 02:00:00,0,0,0
2017-04-12 03:00:00,0,0,0
2017-04-12 04:00:00,3,0,3
2017-04-12 05:00:00,8,2,6
2017-04-12 06:00:00,14,4,10
2017-04-12 07:00:00,23,2,21
2017-04-12 08:00:00,29,10,19
2017-04-12 09:00:00,18,5,13
2017-04-12 10:00:00,13,7,6
2017-04-12 11:00:00,10,4,6
2017-04-12 12:00:00,6,2,4
2017-04-12 13:00:00,13,7,6
2017-04-12 14:00:00,18,14,4
2017-04-12 15:00:00,31,16,15
2017-04-12 16:00:00,31,24,7
2017-04-12 17:00:00,65,47,18
2017-04-12 18:00:00,57,38,19
2017-04-12 19:00:00,22,12,10
2017-04-12 20:00:00,4,1,3
2017-04-12 21:00:00,3,3,0
2017-04-12 22:00:00,3,2,1
2017-04-12 23:00:00,0,0,0
2017-04-13 00:00:00,0,0,0
2017-04-13 01:00:00,0,0,0
2017-04-13 02:00:00,0,0,0
2017-04-13 03:00:00,1,0,1
2017-04-13 04:00:00,2,1,1
2017-04-13 05:00:00,4,2,2
2017-04-13 06:00:00,26,4,22
2017-04-13 07:00:00,63,11,52
2017-04-13 08:00:00,57,12,45
2017-04-13 09:00:00,36,14,22
2017-04-13 10:00:00,23,8,15
2017-04-13 11:00:00,14,7,7
2017-04-13 12:00:00,42,25,17
2017-04-13 13:00:00,23,8,15
2017-04-13 14:00:00,31,21,10
2017-04-13 15:00:00,28,19,9
2017-04-13 16:00:00,53,39,14
2017-04-13 17:00:00,82,56,26
2017-04-13 18:00:00,90,49,41
2017-04-13 19:00:00,30,24,6
2017-04-13 20:00:00,10,5,5
2017-04-13 21:00:00,9,5,4
2017-04-13 22:00:00,0,0,0
2017-04-13 23:00:00,0,0,0
2017-04-14 00:00:00,0,0,0
2017-04-14 01:00:00,0,0,0
2017-04-14 02:00:00,1,1,0
2017-04-14 03:00:00,2,0,2
2017-04-14 04:00:00,1,1,0
2017-04-14 05:00:00,6,2,4
2017-04-14 06:00:00,27,4,23
2017-04-14 07:00:00,54,15,39
2017-04-14 08:00:00,57,8,49
2017-04-14 09:00:00,44,23,21
2017-04-14 10:00:00,40,12,28
2017-04-14 11:00:00,28,15,13
2017-04-14 12:00:00,42,19,23
2017-04-14 13:00:00,26,18,8
2017-04-14 14:00:00,44,25,19
2017-04-14 15:00:00,41,24,17
2017-04-14 16:00:00,60,35,25
2017-04-14 17:00:00,88,60,28
2017-04-14 18:00:00,66,43,23
2017-04-14 19:00:00,21,11,10
2017-04-14 20:00:00,11,8,3
2017-04-14 21:00:00,4,4,0
2017-04-14 22:00:00,4,2,2
2017-04-14 23:00:00,4,2,2
2017-04-15 00:00:00,1,1,0
2017-04-15 01:00:00,2,2,0
2017-04-15 02:00:00,0,0,0
2017-04-15 03:00:00,0,0,0
2017-04-15 04:00:00,1,1,0
2017-04-15 05:00:00,1,0,1
2017-04-15 06:00:00,11,7,4
2017-04-15 07:00:00,33,18,15
2017-04-15 08:00:00,78,59,19
2017-04-15 09:00:00,120,68,52
2017-04-15 10:00:00,151,90,61
2017-04-15 11:00:00,165,88,77
2017-04-15 12:00:00,198,96,102
2017-04-15 13:00:00,189,103,86
2017-04-15 14:00:00,200,103,97
2017-04-15 15:00:00,221,107,114
2017-04-15 16:00:00,176,85,91
2017-04-15 17:00:00,124,54,70
2017-04-15 18:00:00,93,25,68
2017-04-15 19:00:00,32,16,16
2017-04-15 20:00:00,16,11,5
2017-04-15 21:00:00,8,7,1
2017-04-15 22:00:00,2,2,0
2017-04-15 23:00:00,2,1,1
2017-04-16 00:00:00,2,1,1
2017-04-16 01:00:00,0,0,0
2017-04-16 02:00:00,0,0,0
2017-04-16 03:00:00,0,0,0
2017-04-16 04:00:00,0,0,0
2017-04-16 05:00:00,2,1,1
2017-04-16 06:00:00,3,2,1
2017-04-16 07:00:00,23,14,9
2017-04-16 08:00:00,62,38,24
2017-04-16 09:00:00,116,66,50
2017-04-16 10:00:00,156,91,65
2017-04-16 11:00:00,210,95,115
2017-04-16 12:00:00,199,107,92
2017-04-16 13:00:00,247,142,105
2017-04-16 14:00:00,222,117,105
2017-04-16 15:00:00,212,110,102
2017-04-16 16:00:00,195,64,131
2017-04-16 17:00:00,135,54,81
2017-04-16 18:00:00,63,22,41
2017-04-16 19:00:00,31,12,19
2017-04-16 20:00:00,7,4,3
2017-04-16 21:00:00,2,0,2
2017-04-16 22:00:00,2,1,1
2017-04-16 23:00:00,0,0,0
2017-04-17 00:00:00,0,0,0
2017-04-17 01:00:00,1,1,0
2017-04-17 02:00:00,1,0,1
2017-04-17 03:00:00,0,0,0
2017-04-17 04:00:00,3,0,3
2017-04-17 05:00:00,13,2,11
2017-04-17 06:00:00,30,9,21
2017-04-17 07:00:00,57,15,42
2017-04-17 08:00:00,71,18,53
2017-04-17 09:00:00,53,22,31
2017-04-17 10:00:00,35,11,24
2017-04-17 11:00:00,33,14,19
2017-04-17 12:00:00,20,9,11
2017-04-17 13:00:00,24,15,9
2017-04-17 14:00:00,36,18,18
2017-04-17 15:00:00,47,28,19
2017-04-17 16:00:00,47,27,20
2017-04-17 17:00:00,89,65,24
2017-04-17 18:00:00,65,46,19
2017-04-17 19:00:00,27,19,8
2017-04-17 20:00:00,6,4,2
2017-04-17 21:00:00,8,5,3
2017-04-17 22:00:00,0,0,0
2017-04-17 23:00:00,0,0,0
2017-04-18 00:00:00,0,0,0
2017-04-18 01:00:00,0,0,0
2017-04-18 02:00:00,0,0,0
2017-04-18 03:00:00,0,0,0
2017-04-18 04:00:00,3,0,3
2017-04-18 05:00:00,11,1,10
2017-04-18 06:00:00,21,2,19
2017-04-18 07:00:00,48,11,37
2017-04-18 08:00:00,60,15,45
2017-04-18 09:00:00,38,14,24
2017-04-18 10:00:00,21,13,8
2017-04-18 11:00:00,24,15,9
2017-04-18 12:00:00,23,4,19
2017-04-18 13:00:00,21,8,13
2017-04-18 14:00:00,23,15,8
2017-04-18 15:00:00,30,18,12
2017-04-18 16:00:00,72,45,27
2017-04-18 17:00:00,113,61,52
2017-04-18 18:00:00,101,43,58
2017-04-18 19:00:00,22,12,10
2017-04-18 20:00:00,10,6,4
2017-04-18 21:00:00,4,2,2
2017-04-18 22:00:00,0,0,0
2017-04-18 23:00:00,0,0,0
2017-04-19 00:00:00,2,0,2
2017-04-19 01:00:00,0,0,0
2017-04-19 02:00:00,0,0,0
2017-04-19 03:00:00,0,0,0
2017-04-19 04:00:00,5,1,4
2017-04-19 05:00:00,9,3,6
2017-04-19 06:00:00,40,7,33
2017-04-19 07:00:00,60,15,45
2017-04-19 08:00:00,78,20,58
2017-04-19 09:00:00,43,17,26
2017-04-19 10:00:00,26,10,16
2017-04-19 11:00:00,18,7,11
2017-04-19 12:00:00,18,6,12
2017-04-19 13:00:00,9,5,4
2017-04-19 14:00:00,22,15,7
2017-04-19 15:00:00,16,11,5
2017-04-19 16:00:00,55,40,15
2017-04-19 17:00:00,98,83,15
2017-04-19 18:00:00,83,56,27
2017-04-19 19:00:00,33,12,21
2017-04-19 20:00:00,17,8,9
2017-04-19 21:00:00,4,3,1
2017-04-19 22:00:00,1,0,1
2017-04-19 23:00:00,0,0,0
2017-04-20 00:00:00,2,2,0
2017-04-20 01:00:00,0,0,0
2017-04-20 02:00:00,0,0,0
2017-04-20 03:00:00,0,0,0
2017-04-20 04:00:00,4,1,3
2017-04-20 05:00:00,9,4,5
2017-04-20 06:00:00,30,5,25
2017-04-20 07:00:00,57,16,41
2017-04-20 08:00:00,69,18,51
2017-04-20 09:00:00,46,27,19
2017-04-20 10:00:00,25,9,16
2017-04-20 11:00:00,27,15,12
2017-04-20 12:00:00,30,13,17
2017-04-20 13:00:00,43,23,20
2017-04-20 14:00:00,43,24,19
2017-04-20 15:00:00,56,30,26
2017-04-20 16:00:00,63,40,23
2017-04-20 17:00:00,122,88,34
2017-04-20 18:00:00,74,48,26
2017-04-20 19:00:00,45,28,17
2017-04-20 20:00:00,15,8,7
2017-04-20 21:00:00,8,5,3
2017-04-20 22:00:00,4,1,3
2017-04-20 23:00:00,0,0,0
2017-04-21 00:00:00,0,0,0
2017-04-21 01:00:00,0,0,0
2017-04-21 02:00:00,0,0,0
2017-04-21 03:00:00,1,0,1
2017-04-21 04:00:00,6,1,5
2017-04-21 05:00:00,12,2,10
2017-04-21 06:00:00,54,13,41
2017-04-21 07:00:00,95,30,65
2017-04-21 08:00:00,90,26,64
2017-04-21 09:00:00,86,31,55
2017-04-21 10:00:00,98,42,56
2017-04-21 11:00:00,99,54,45
2017-04-21 12:00:00,147,83,64
2017-04-21 13:00:00,142,70,72
2017-04-21 14:00:00,161,85,76
2017-04-21 15:00:00,153,83,70
2017-04-21 16:00:00,194,116,78
2017-04-21 17:00:00,254,142,112
2017-04-21 18:00:00,165,89,76
2017-04-21 19:00:00,92,46,46
2017-04-21 20:00:00,42,18,24
2017-04-21 21:00:00,4,0,4
2017-04-21 22:00:00,4,2,2
2017-04-21 23:00:00,3,2,1
2017-04-22 00:00:00,0,0,0
2017-04-22 01:00:00,2,2,0
2017-04-22 02:00:00,0,0,0
2017-04-22 03:00:00,1,0,1
2017-04-22 04:00:00,0,0,0
2017-04-22 05:00:00,2,2,0
2017-04-22 06:00:00,14,8,6
2017-04-22 07:00:00,37,21,16
2017-04-22 08:00:00,111,60,51
2017-04-22 09:00:00,144,72,72
2017-04-22 10:00:00,202,131,71
2017-04-22 11:00:00,122,60,62
2017-04-22 12:00:00,105,68,37
2017-04-22 13:00:00,43,24,19
2017-04-22 14:00:00,54,32,22
2017-04-22 15:00:00,35,24,11
2017-04-22 16:00:00,30,13,17
2017-04-22 17:00:00,21,11,10
2017-04-22 18:00:00,30,10,20
2017-04-22 19:00:00,13,4,9
2017-04-22 20:00:00,9,8,1
2017-04-22 21:00:00,3,1,2
2017-04-22 22:00:00,1,0,1
2017-04-22 23:00:00,0,0,0
2017-04-23 00:00:00,0,0,0
2017-04-23 01:00:00,0,0,0
2017-04-23 02:00:00,0,0,0
2017-04-23 03:00:00,2,2,0
2017-04-23 04:00:00,1,0,1
2017-04-23 05:00:00,0,0,0
2017-04-23 06:00:00,14,9,5
2017-04-23 07:00:00,28,18,10
2017-04-23 08:00:00,76,52,24
2017-04-23 09:00:00,153,83,70
2017-04-23 10:00:00,149,73,76
2017-04-23 11:00:00,78,27,51
2017-04-23 12:00:00,57,28,29
2017-04-23 13:00:00,35,18,17
2017-04-23 14:00:00,37,19,18
2017-04-23 15:00:00,35,18,17
2017-04-23 16:00:00,33,6,27
2017-04-23 17:00:00,13,10,3
2017-04-23 18:00:00,13,5,8
2017-04-23 19:00:00,7,5,2
2017-04-23 20:00:00,4,1,3
2017-04-23 21:00:00,0,0,0
2017-04-23 22:00:00,0,0,0
2017-04-23 23:00:00,2,1,1
2017-04-24 00:00:00,0,0,0
2017-04-24 01:00:00,0,0,0
2017-04-24 02:00:00,0,0,0
2017-04-24 03:00:00,1,0,1
2017-04-24 04:00:00,4,1,3
2017-04-24 05:00:00,6,1,5
2017-04-24 06:00:00,28,2,26
2017-04-24 07:00:00,59,14,45
2017-04-24 08:00:00,68,13,55
2017-04-24 09:00:00,29,10,19
2017-04-24 10:00:00,29,16,13
2017-04-24 11:00:00,34,13,21
2017-04-24 12:00:00,29,13,16
2017-04-24 13:00:00,42,20,22
2017-04-24 14:00:00,42,25,17
2017-04-24 15:00:00,46,27,19
2017-04-24 16:00:00,73,42,31
2017-04-24 17:00:00,156,120,36
2017-04-24 18:00:00,141,69,72
2017-04-24 19:00:00,69,43,26
2017-04-24 20:00:00,25,15,10
2017-04-24 21:00:00,7,4,3
2017-04-24 22:00:00,1,0,1
2017-04-24 23:00:00,2,1,1
2017-04-25 00:00:00,0,0,0
2017-04-25 01:00:00,1,0,1
2017-04-25 02:00:00,1,0,1
2017-04-25 03:00:00,1,0,1
2017-04-25 04:00:00,7,0,7
2017-04-25 05:00:00,15,3,12
2017-04-25 06:00:00,39,6,33
2017-04-25 07:00:00,78,13,65
2017-04-25 08:00:00,69,22,47
2017-04-25 09:00:00,52,20,32
2017-04-25 10:00:00,41,20,21
2017-04-25 11:00:00,44,22,22
2017-04-25 12:00:00,34,19,15
2017-04-25 13:00:00,37,22,15
2017-04-25 14:00:00,50,24,26
2017-04-25 15:00:00,50,27,23
2017-04-25 16:00:00,83,39,44
2017-04-25 17:00:00,111,51,60
2017-04-25 18:00:00,88,43,45
2017-04-25 19:00:00,22,14,8
2017-04-25 20:00:00,15,10,5
2017-04-25 21:00:00,5,5,0
2017-04-25 22:00:00,6,2,4
2017-04-25 23:00:00,0,0,0
2017-04-26 00:00:00,0,0,0
2017-04-26 01:00:00,0,0,0
2017-04-26 02:00:00,1,0,1
2017-04-26 03:00:00,0,0,0
2017-04-26 04:00:00,3,0,3
2017-04-26 05:00:00,4,1,3
2017-04-26 06:00:00,33,7,26
2017-04-26 07:00:00,63,13,50
2017-04-26 08:00:00,80,20,60
2017-04-26 09:00:00,43,18,25
2017-04-26 10:00:00,26,10,16
2017-04-26 11:00:00,23,12,11
2017-04-26 12:00:00,32,15,17
2017-04-26 13:00:00,16,7,9
2017-04-26 14:00:00,17,13,4
2017-04-26 15:00:00,31,18,13
2017-04-26 16:00:00,42,34,8
2017-04-26 17:00:00,87,74,13
2017-04-26 18:00:00,55,39,16
2017-04-26 19:00:00,21,18,3
2017-04-26 20:00:00,8,6,2
2017-04-26 21:00:00,5,3,2
2017-04-26 22:00:00,0,0,0
2017-04-26 23:00:00,0,0,0
2017-04-27 00:00:00,0,0,0
2017-04-27 01:00:00,0,0,0
2017-04-27 02:00:00,0,0,0
2017-04-27 03:00:00,0,0,0
2017-04-27 04:00:00,3,1,2
2017-04-27 05:00:00,5,0,5
2017-04-27 06:00:00,25,5,20
2017-04-27 07:00:00,59,14,45
2017-04-27 08:00:00,59,8,51
2017-04-27 09:00:00,45,24,21
2017-04-27 10:00:00,35,13,22
2017-04-27 11:00:00,37,20,17
2017-04-27 12:00:00,28,13,15
2017-04-27 13:00:00,46,22,24
2017-04-27 14:00:00,38,21,17
2017-04-27 15:00:00,48,29,19
2017-04-27 16:00:00,77,43,34
2017-04-27 17:00:00,134,103,31
2017-04-27 18:00:00,89,60,29
2017-04-27 19:00:00,40,25,15
2017-04-27 20:00:00,10,9,1
2017-04-27 21:00:00,7,3,4
2017-04-27 22:00:00,4,4,0
2017-04-27 23:00:00,0,0,0
2017-04-28 00:00:00,0,0,0
2017-04-28 01:00:00,0,0,0
2017-04-28 02:00:00,0,0,0
2017-04-28 03:00:00,1,0,1
2017-04-28 04:00:00,0,0,0
2017-04-28 05:00:00,10,1,9
2017-04-28 06:00:00,40,10,30
2017-04-28 07:00:00,91,26,65
2017-04-28 08:00:00,84,27,57
2017-04-28 09:00:00,54,19,35
2017-04-28 10:00:00,50,26,24
2017-04-28 11:00:00,67,31,36
2017-04-28 12:00:00,72,38,34
2017-04-28 13:00:00,65,43,22
2017-04-28 14:00:00,77,43,34
2017-04-28 15:00:00,124,81,43
2017-04-28 16:00:00,146,74,72
2017-04-28 17:00:00,179,117,62
2017-04-28 18:00:00,153,92,61
2017-04-28 19:00:00,72,31,41
2017-04-28 20:00:00,19,8,11
2017-04-28 21:00:00,10,10,0
2017-04-28 22:00:00,2,2,0
2017-04-28 23:00:00,3,1,2
2017-04-29 00:00:00,2,1,1
2017-04-29 01:00:00,5,3,2
2017-04-29 02:00:00,1,1,0
2017-04-29 03:00:00,0,0,0
2017-04-29 04:00:00,0,0,0
2017-04-29 05:00:00,2,2,0
2017-04-29 06:00:00,22,10,12
2017-04-29 07:00:00,41,28,13
2017-04-29 08:00:00,97,57,40
2017-04-29 09:00:00,123,80,43
2017-04-29 10:00:00,177,105,72
2017-04-29 11:00:00,183,104,79
2017-04-29 12:00:00,177,99,78
2017-04-29 13:00:00,168,77,91
2017-04-29 14:00:00,130,56,74
2017-04-29 15:00:00,110,41,69
2017-04-29 16:00:00,85,20,65
2017-04-29 17:00:00,55,18,37
2017-04-29 18:00:00,23,11,12
2017-04-29 19:00:00,16,8,8
2017-04-29 20:00:00,2,2,0
2017-04-29 21:00:00,0,0,0
2017-04-29 22:00:00,3,2,1
2017-04-29 23:00:00,1,1,0
2017-04-30 00:00:00,0,0,0
2017-04-30 01:00:00,0,0,0
2017-04-30 02:00:00,0,0,0
2017-04-30 03:00:00,0,0,0
2017-04-30 04:00:00,1,1,0
2017-04-30 05:00:00,2,2,0
2017-04-30 06:00:00,8,5,3
2017-04-30 07:00:00,25,14,11
2017-04-30 08:00:00,34,24,10
2017-04-30 09:00:00,44,25,19
2017-04-30 10:00:00,87,59,28
2017-04-30 11:00:00,57,34,23
2017-04-30 12:00:00,103,42,61
2017-04-30 13:00:00,128,57,71
2017-04-30 14:00:00,143,74,69
2017-04-30 15:00:00,123,58,65
2017-04-30 16:00:00,94,38,56
2017-04-30 17:00:00,77,40,37
2017-04-30 18:00:00,34,12,22
2017-04-30 19:00:00,18,4,14
2017-04-30 20:00:00,8,5,3
2017-04-30 21:00:00,0,0,0
2017-04-30 22:00:00,1,1,0
2017-04-30 23:00:00,0,0,0
2017-05-01 00:00:00,0,0,0
2017-05-01 01:00:00,0,0,0
2017-05-01 02:00:00,0,0,0
2017-05-01 03:00:00,1,0,1
2017-05-01 04:00:00,3,0,3
2017-05-01 05:00:00,13,2,11
2017-05-01 06:00:00,52,9,43
2017-05-01 07:00:00,99,21,78
2017-05-01 08:00:00,79,18,61
2017-05-01 09:00:00,52,16,36
2017-05-01 10:00:00,19,6,13
2017-05-01 11:00:00,12,5,7
2017-05-01 12:00:00,12,7,5
2017-05-01 13:00:00,25,15,10
2017-05-01 14:00:00,54,44,10
2017-05-01 15:00:00,91,67,24
2017-05-01 16:00:00,149,119,30
2017-05-01 17:00:00,95,63,32
2017-05-01 18:00:00,42,27,15
2017-05-01 19:00:00,24,15,9
2017-05-01 20:00:00,7,4,3
2017-05-01 21:00:00,2,2,0
2017-05-01 22:00:00,0,0,0
2017-05-01 23:00:00,0,0,0
2017-05-02 00:00:00,1,1,0
2017-05-02 01:00:00,0,0,0
2017-05-02 02:00:00,0,0,0
2017-05-02 03:00:00,8,3,5
2017-05-02 04:00:00,11,2,9
2017-05-02 05:00:00,61,12,49
2017-05-02 06:00:00,100,16,84
2017-05-02 07:00:00,106,28,78
2017-05-02 08:00:00,64,25,39
2017-05-02 09:00:00,48,22,26
2017-05-02 10:00:00,40,18,22
2017-05-02 11:00:00,36,18,18
2017-05-02 12:00:00,54,23,31
2017-05-02 13:00:00,54,34,20
2017-05-02 14:00:00,59,40,19
2017-05-02 15:00:00,100,77,23
2017-05-02 16:00:00,164,129,35
2017-05-02 17:00:00,115,82,33
2017-05-02 18:00:00,33,24,9
2017-05-02 19:00:00,11,5,6
2017-05-02 20:00:00,6,5,1
2017-05-02 21:00:00,4,2,2
2017-05-02 22:00:00,0,0,0
2017-05-02 23:00:00,1,1,0
2017-05-03 00:00:00,0,0,0
2017-05-03 01:00:00,1,1,0
2017-05-03 02:00:00,0,0,0
2017-05-03 03:00:00,2,0,2
2017-05-03 04:00:00,12,4,8
2017-05-03 05:00:00,49,5,44
2017-05-03 06:00:00,100,20,80
2017-05-03 07:00:00,97,24,73
2017-05-03 08:00:00,71,29,42
2017-05-03 09:00:00,40,19,21
2017-05-03 10:00:00,35,19,16
2017-05-03 11:00:00,40,19,21
2017-05-03 12:00:00,59,23,36
2017-05-03 13:00:00,79,45,34
2017-05-03 14:00:00,142,98,44
2017-05-03 15:00:00,191,111,80
2017-05-03 16:00:00,286,177,109
2017-05-03 17:00:00,272,153,119
2017-05-03 18:00:00,138,66,72
2017-05-03 19:00:00,56,22,34
2017-05-03 20:00:00,27,14,13
2017-05-03 21:00:00,8,3,5
2017-05-03 22:00:00,5,5,0
2017-05-03 23:00:00,2,2,0
2017-05-04 00:00:00,0,0,0
2017-05-04 01:00:00,0,0,0
2017-05-04 02:00:00,2,0,2
2017-05-04 03:00:00,3,0,3
2017-05-04 04:00:00,20,6,14
2017-05-04 05:00:00,73,11,62
2017-05-04 06:00:00,108,27,81
2017-05-04 07:00:00,109,28,81
2017-05-04 08:00:00,86,36,50
2017-05-04 09:00:00,78,39,39
2017-05-04 10:00:00,67,29,38
2017-05-04 11:00:00,83,43,40
2017-05-04 12:00:00,106,50,56
2017-05-04 13:00:00,102,54,48
2017-05-04 14:00:00,115,73,42
2017-05-04 15:00:00,113,70,43
2017-05-04 16:00:00,106,78,28
2017-05-04 17:00:00,33,23,10
2017-05-04 18:00:00,36,36,0
2017-05-04 19:00:00,17,10,7
2017-05-04 20:00:00,3,0,3
2017-05-04 21:00:00,2,2,0
2017-05-04 22:00:00,1,1,0
2017-05-04 23:00:00,0,0,0
2017-05-05 00:00:00,0,0,0
2017-05-05 01:00:00,0,0,0
2017-05-05 02:00:00,0,0,0
2017-05-05 03:00:00,1,0,1
2017-05-05 04:00:00,7,2,5
2017-05-05 05:00:00,32,4,28
2017-05-05 06:00:00,63,16,47
2017-05-05 07:00:00,71,22,49
2017-05-05 08:00:00,40,13,27
2017-05-05 09:00:00,15,4,11
2017-05-05 10:00:00,17,10,7
2017-05-05 11:00:00,20,12,8
2017-05-05 12:00:00,26,8,18
2017-05-05 13:00:00,33,22,11
2017-05-05 14:00:00,55,37,18
2017-05-05 15:00:00,88,59,29
2017-05-05 16:00:00,119,75,44
2017-05-05 17:00:00,95,62,33
2017-05-05 18:00:00,43,24,19
2017-05-05 19:00:00,23,16,7
2017-05-05 20:00:00,3,2,1
2017-05-05 21:00:00,2,2,0
2017-05-05 22:00:00,2,2,0
2017-05-05 23:00:00,0,0,0
2017-05-06 00:00:00,1,1,0
2017-05-06 01:00:00,0,0,0
2017-05-06 02:00:00,0,0,0
2017-05-06 03:00:00,2,1,1
2017-05-06 04:00:00,4,4,0
2017-05-06 05:00:00,13,6,7
2017-05-06 06:00:00,44,22,22
2017-05-06 07:00:00,77,44,33
2017-05-06 08:00:00,157,95,62
2017-05-06 09:00:00,158,55,103
2017-05-06 10:00:00,189,92,97
2017-05-06 11:00:00,224,143,81
2017-05-06 12:00:00,222,139,83
2017-05-06 13:00:00,240,114,126
2017-05-06 14:00:00,217,121,96
2017-05-06 15:00:00,174,83,91
2017-05-06 16:00:00,150,66,84
2017-05-06 17:00:00,129,46,83
2017-05-06 18:00:00,56,20,36
2017-05-06 19:00:00,22,9,13
2017-05-06 20:00:00,2,1,1
2017-05-06 21:00:00,1,0,1
2017-05-06 22:00:00,0,0,0
2017-05-06 23:00:00,1,0,1
2017-05-07 00:00:00,0,0,0
2017-05-07 01:00:00,0,0,0
2017-05-07 02:00:00,1,0,1
2017-05-07 03:00:00,1,0,1
2017-05-07 04:00:00,1,1,0
2017-05-07 05:00:00,12,5,7
2017-05-07 06:00:00,42,25,17
2017-05-07 07:00:00,83,48,35
2017-05-07 08:00:00,128,83,45
2017-05-07 09:00:00,183,112,71
2017-05-07 10:00:00,274,166,108
2017-05-07 11:00:00,251,125,126
2017-05-07 12:00:00,256,138,118
2017-05-07 13:00:00,335,159,176
2017-05-07 14:00:00,339,166,173
2017-05-07 15:00:00,257,95,162
2017-05-07 16:00:00,187,70,117
2017-05-07 17:00:00,101,45,56
2017-05-07 18:00:00,54,27,27
2017-05-07 19:00:00,29,7,22
2017-05-07 20:00:00,5,1,4
2017-05-07 21:00:00,0,0,0
2017-05-07 22:00:00,0,0,0
2017-05-07 23:00:00,0,0,0
2017-05-08 00:00:00,0,0,0
2017-05-08 01:00:00,0,0,0
2017-05-08 02:00:00,0,0,0
2017-05-08 03:00:00,5,1,4
2017-05-08 04:00:00,11,2,9
2017-05-08 05:00:00,63,14,49
2017-05-08 06:00:00,115,23,92
2017-05-08 07:00:00,115,24,91
2017-05-08 08:00:00,74,27,47
2017-05-08 09:00:00,45,20,25
2017-05-08 10:00:00,39,17,22
2017-05-08 11:00:00,47,32,15
2017-05-08 12:00:00,68,35,33
2017-05-08 13:00:00,76,40,36
2017-05-08 14:00:00,88,61,27
2017-05-08 15:00:00,162,101,61
2017-05-08 16:00:00,201,143,58
2017-05-08 17:00:00,168,111,57
2017-05-08 18:00:00,71,39,32
2017-05-08 19:00:00,27,15,12
2017-05-08 20:00:00,9,6,3
2017-05-08 21:00:00,2,1,1
2017-05-08 22:00:00,3,2,1
2017-05-08 23:00:00,0,0,0
2017-05-09 00:00:00,1,0,1
2017-05-09 01:00:00,0,0,0
2017-05-09 02:00:00,0,0,0
2017-05-09 03:00:00,6,0,6
2017-05-09 04:00:00,31,13,18
2017-05-09 05:00:00,82,13,69
2017-05-09 06:00:00,131,25,106
2017-05-09 07:00:00,127,31,96
2017-05-09 08:00:00,92,29,63
2017-05-09 09:00:00,74,44,30
2017-05-09 10:00:00,67,29,38
2017-05-09 11:00:00,75,44,31
2017-05-09 12:00:00,103,49,54
2017-05-09 13:00:00,106,59,47
2017-05-09 14:00:00,112,75,37
2017-05-09 15:00:00,188,123,65
2017-05-09 16:00:00,309,218,91
2017-05-09 17:00:00,225,140,85
2017-05-09 18:00:00,142,72,70
2017-05-09 19:00:00,40,23,17
2017-05-09 20:00:00,15,6,9
2017-05-09 21:00:00,7,5,2
2017-05-09 22:00:00,4,2,2
2017-05-09 23:00:00,2,2,0
2017-05-10 00:00:00,2,2,0
2017-05-10 01:00:00,2,2,0
2017-05-10 02:00:00,0,0,0
2017-05-10 03:00:00,5,2,3
2017-05-10 04:00:00,22,5,17
2017-05-10 05:00:00,80,14,66
2017-05-10 06:00:00,147,36,111
2017-05-10 07:00:00,137,33,104
2017-05-10 08:00:00,96,32,64
2017-05-10 09:00:00,48,24,24
2017-05-10 10:00:00,67,40,27
2017-05-10 11:00:00,82,32,50
2017-05-10 12:00:00,91,53,38
2017-05-10 13:00:00,104,58,46
2017-05-10 14:00:00,157,100,57
2017-05-10 15:00:00,199,120,79
2017-05-10 16:00:00,258,179,79
2017-05-10 17:00:00,224,143,81
2017-05-10 18:00:00,115,60,55
2017-05-10 19:00:00,49,24,25
2017-05-10 20:00:00,26,10,16
2017-05-10 21:00:00,5,4,1
2017-05-10 22:00:00,2,2,0
2017-05-10 23:00:00,0,0,0
2017-05-11 00:00:00,0,0,0
2017-05-11 01:00:00,0,0,0
2017-05-11 02:00:00,0,0,0
2017-05-11 03:00:00,1,0,1
2017-05-11 04:00:00,6,3,3
2017-05-11 05:00:00,29,5,24
2017-05-11 06:00:00,69,17,52
2017-05-11 07:00:00,73,16,57
2017-05-11 08:00:00,40,17,23
2017-05-11 09:00:00,31,10,21
2017-05-11 10:00:00,15,6,9
2017-05-11 11:00:00,8,3,5
2017-05-11 12:00:00,11,8,3
2017-05-11 13:00:00,20,13,7
2017-05-11 14:00:00,27,24,3
2017-05-11 15:00:00,61,39,22
2017-05-11 16:00:00,84,61,23
2017-05-11 17:00:00,76,54,22
2017-05-11 18:00:00,27,18,9
2017-05-11 19:00:00,16,9,7
2017-05-11 20:00:00,4,2,2
2017-05-11 21:00:00,2,2,0
2017-05-11 22:00:00,1,1,0
2017-05-11 23:00:00,0,0,0
2017-05-12 00:00:00,1,0,1
2017-05-12 01:00:00,0,0,0
2017-05-12 02:00:00,0,0,0
2017-05-12 03:00:00,2,0,2
2017-05-12 04:00:00,14,4,10
2017-05-12 05:00:00,46,10,36
2017-05-12 06:00:00,82,16,66
2017-05-12 07:00:00,99,29,70
2017-05-12 08:00:00,58,25,33
2017-05-12 09:00:00,44,13,31
2017-05-12 10:00:00,38,22,16
2017-05-12 11:00:00,32,10,22
2017-05-12 12:00:00,23,11,12
2017-05-12 13:00:00,25,18,7
2017-05-12 14:00:00,32,22,10
2017-05-12 15:00:00,83,55,28
2017-05-12 16:00:00,107,74,33
2017-05-12 17:00:00,64,43,21
2017-05-12 18:00:00,31,22,9
2017-05-12 19:00:00,8,3,5
2017-05-12 20:00:00,9,7,2
2017-05-12 21:00:00,4,3,1
2017-05-12 22:00:00,3,2,1
2017-05-12 23:00:00,0,0,0
2017-05-13 00:00:00,2,2,0
2017-05-13 01:00:00,0,0,0
2017-05-13 02:00:00,0,0,0
2017-05-13 03:00:00,0,0,0
2017-05-13 04:00:00,3,2,1
2017-05-13 05:00:00,20,11,9
2017-05-13 06:00:00,31,19,12
2017-05-13 07:00:00,71,37,34
2017-05-13 08:00:00,107,52,55
2017-05-13 09:00:00,120,82,38
2017-05-13 10:00:00,178,108,70
2017-05-13 11:00:00,132,61,71
2017-05-13 12:00:00,112,51,61
2017-05-13 13:00:00,148,86,62
2017-05-13 14:00:00,156,73,83
2017-05-13 15:00:00,150,66,84
2017-05-13 16:00:00,95,42,53
2017-05-13 17:00:00,47,13,34
2017-05-13 18:00:00,26,14,12
2017-05-13 19:00:00,7,5,2
2017-05-13 20:00:00,2,0,2
2017-05-13 21:00:00,1,1,0
2017-05-13 22:00:00,1,0,1
2017-05-13 23:00:00,1,1,0
2017-05-14 00:00:00,2,1,1
2017-05-14 01:00:00,1,0,1
2017-05-14 02:00:00,0,0,0
2017-05-14 03:00:00,4,4,0
2017-05-14 04:00:00,3,2,1
2017-05-14 05:00:00,10,6,4
2017-05-14 06:00:00,11,8,3
2017-05-14 07:00:00,33,21,12
2017-05-14 08:00:00,54,39,15
2017-05-14 09:00:00,69,42,27
2017-05-14 10:00:00,96,58,38
2017-05-14 11:00:00,76,46,30
2017-05-14 12:00:00,101,47,54
2017-05-14 13:00:00,118,57,61
2017-05-14 14:00:00,118,53,65
2017-05-14 15:00:00,108,46,62
2017-05-14 16:00:00,66,26,40
2017-05-14 17:00:00,28,12,16
2017-05-14 18:00:00,18,7,11
2017-05-14 19:00:00,8,1,7
2017-05-14 20:00:00,0,0,0
2017-05-14 21:00:00,0,0,0
2017-05-14 22:00:00,1,1,0
2017-05-14 23:00:00,1,1,0
2017-05-15 00:00:00,0,0,0
2017-05-15 01:00:00,0,0,0
2017-05-15 02:00:00,0,0,0
2017-05-15 03:00:00,3,0,3
2017-05-15 04:00:00,9,4,5
2017-05-15 05:00:00,39,9,30
2017-05-15 06:00:00,97,21,76
2017-05-15 07:00:00,83,26,57
2017-05-15 08:00:00,62,29,33
2017-05-15 09:00:00,52,20,32
2017-05-15 10:00:00,24,8,16
2017-05-15 11:00:00,31,12,19
2017-05-15 12:00:00,21,9,12
2017-05-15 13:00:00,17,10,7
2017-05-15 14:00:00,20,15,5
2017-05-15 15:00:00,53,39,14
2017-05-15 16:00:00,74,60,14
2017-05-15 17:00:00,61,48,13
2017-05-15 18:00:00,22,20,2
2017-05-15 19:00:00,2,2,0
2017-05-15 20:00:00,1,1,0
2017-05-15 21:00:00,3,1,2
2017-05-15 22:00:00,0,0,0
2017-05-15 23:00:00,0,0,0
2017-05-16 00:00:00,0,0,0
2017-05-16 01:00:00,0,0,0
2017-05-16 02:00:00,0,0,0
2017-05-16 03:00:00,4,0,4
2017-05-16 04:00:00,5,1,4
2017-05-16 05:00:00,15,1,14
2017-05-16 06:00:00,43,6,37
2017-05-16 07:00:00,41,9,32
2017-05-16 08:00:00,24,12,12
2017-05-16 09:00:00,9,3,6
2017-05-16 10:00:00,7,4,3
2017-05-16 11:00:00,17,8,9
2017-05-16 12:00:00,22,8,14
2017-05-16 13:00:00,24,15,9
2017-05-16 14:00:00,39,28,11
2017-05-16 15:00:00,66,49,17
2017-05-16 16:00:00,96,68,28
2017-05-16 17:00:00,75,50,25
2017-05-16 18:00:00,30,16,14
2017-05-16 19:00:00,7,3,4
2017-05-16 20:00:00,1,1,0
2017-05-16 21:00:00,5,1,4
2017-05-16 22:00:00,2,2,0
2017-05-16 23:00:00,0,0,0
2017-05-17 00:00:00,0,0,0
2017-05-17 01:00:00,1,1,0
2017-05-17 02:00:00,0,0,0
2017-05-17 03:00:00,5,1,4
2017-05-17 04:00:00,20,5,15
2017-05-17 05:00:00,55,13,42
2017-05-17 06:00:00,116,21,95
2017-05-17 07:00:00,112,27,85
2017-05-17 08:00:00,80,27,53
2017-05-17 09:00:00,48,26,22
2017-05-17 10:00:00,53,32,21
2017-05-17 11:00:00,61,37,24
2017-05-17 12:00:00,69,35,34
2017-05-17 13:00:00,48,23,25
2017-05-17 14:00:00,74,48,26
2017-05-17 15:00:00,124,88,36
2017-05-17 16:00:00,169,131,38
2017-05-17 17:00:00,138,91,47
2017-05-17 18:00:00,67,39,28
2017-05-17 19:00:00,33,17,16
2017-05-17 20:00:00,17,11,6
2017-05-17 21:00:00,7,4,3
2017-05-17 22:00:00,0,0,0
2017-05-17 23:00:00,1,1,0
2017-05-18 00:00:00,1,0,1
2017-05-18 01:00:00,0,0,0
2017-05-18 02:00:00,0,0,0
2017-05-18 03:00:00,6,2,4
2017-05-18 04:00:00,18,6,12
2017-05-18 05:00:00,80,14,66
2017-05-18 06:00:00,119,20,99
2017-05-18 07:00:00,114,17,97
2017-05-18 08:00:00,69,26,43
2017-05-18 09:00:00,52,31,21
2017-05-18 10:00:00,51,25,26
2017-05-18 11:00:00,54,30,24
2017-05-18 12:00:00,78,35,43
2017-05-18 13:00:00,64,33,31
2017-05-18 14:00:00,99,63,36
2017-05-18 15:00:00,170,108,62
2017-05-18 16:00:00,206,142,64
2017-05-18 17:00:00,174,107,67
2017-05-18 18:00:00,105,68,37
2017-05-18 19:00:00,53,27,26
2017-05-18 20:00:00,23,11,12
2017-05-18 21:00:00,2,2,0
2017-05-18 22:00:00,3,3,0
2017-05-18 23:00:00,5,5,0
2017-05-19 00:00:00,0,0,0
2017-05-19 01:00:00,0,0,0
2017-05-19 02:00:00,1,0,1
2017-05-19 03:00:00,4,1,3
2017-05-19 04:00:00,16,6,10
2017-05-19 05:00:00,124,34,90
2017-05-19 06:00:00,171,40,131
2017-05-19 07:00:00,158,56,102
2017-05-19 08:00:00,92,35,57
2017-05-19 09:00:00,84,41,43
2017-05-19 10:00:00,78,48,30
2017-05-19 11:00:00,84,35,49
2017-05-19 12:00:00,97,49,48
2017-05-19 13:00:00,114,66,48
2017-05-19 14:00:00,180,108,72
2017-05-19 15:00:00,205,128,77
2017-05-19 16:00:00,252,162,90
2017-05-19 17:00:00,153,86,67
2017-05-19 18:00:00,97,48,49
2017-05-19 19:00:00,53,24,29
2017-05-19 20:00:00,12,6,6
2017-05-19 21:00:00,3,2,1
2017-05-19 22:00:00,5,5,0
2017-05-19 23:00:00,3,1,2
2017-05-20 00:00:00,0,0,0
2017-05-20 01:00:00,0,0,0
2017-05-20 02:00:00,0,0,0
2017-05-20 03:00:00,1,1,0
2017-05-20 04:00:00,4,1,3
2017-05-20 05:00:00,36,26,10
2017-05-20 06:00:00,70,45,25
2017-05-20 07:00:00,137,76,61
2017-05-20 08:00:00,191,108,83
2017-05-20 09:00:00,253,157,96
2017-05-20 10:00:00,361,182,179
2017-05-20 11:00:00,268,126,142
2017-05-20 12:00:00,342,175,167
2017-05-20 13:00:00,298,160,138
2017-05-20 14:00:00,300,140,160
2017-05-20 15:00:00,220,87,133
2017-05-20 16:00:00,171,82,89
2017-05-20 17:00:00,126,46,80
2017-05-20 18:00:00,91,24,67
2017-05-20 19:00:00,30,14,16
2017-05-20 20:00:00,11,9,2
2017-05-20 21:00:00,7,3,4
2017-05-20 22:00:00,0,0,0
2017-05-20 23:00:00,1,0,1
2017-05-21 00:00:00,0,0,0
2017-05-21 01:00:00,0,0,0
2017-05-21 02:00:00,0,0,0
2017-05-21 03:00:00,1,1,0
2017-05-21 04:00:00,3,3,0
2017-05-21 05:00:00,23,14,9
2017-05-21 06:00:00,68,47,21
2017-05-21 07:00:00,136,85,51
2017-05-21 08:00:00,207,121,86
2017-05-21 09:00:00,303,174,129
2017-05-21 10:00:00,304,162,142
2017-05-21 11:00:00,312,170,142
2017-05-21 12:00:00,362,173,189
2017-05-21 13:00:00,324,150,174
2017-05-21 14:00:00,337,137,200
2017-05-21 15:00:00,263,127,136
2017-05-21 16:00:00,173,61,112
2017-05-21 17:00:00,119,46,73
2017-05-21 18:00:00,59,24,35
2017-05-21 19:00:00,26,7,19
2017-05-21 20:00:00,15,10,5
2017-05-21 21:00:00,5,0,5
2017-05-21 22:00:00,0,0,0
2017-05-21 23:00:00,0,0,0
2017-05-22 00:00:00,0,0,0
2017-05-22 01:00:00,0,0,0
2017-05-22 02:00:00,0,0,0
2017-05-22 03:00:00,7,1,6
2017-05-22 04:00:00,23,5,18
2017-05-22 05:00:00,90,17,73
2017-05-22 06:00:00,116,19,97
2017-05-22 07:00:00,143,43,100
2017-05-22 08:00:00,87,39,48
2017-05-22 09:00:00,90,50,40
2017-05-22 10:00:00,83,44,39
2017-05-22 11:00:00,61,23,38
2017-05-22 12:00:00,66,32,34
2017-05-22 13:00:00,81,37,44
2017-05-22 14:00:00,124,78,46
2017-05-22 15:00:00,200,137,63
2017-05-22 16:00:00,253,187,66
2017-05-22 17:00:00,224,142,82
2017-05-22 18:00:00,128,63,65
2017-05-22 19:00:00,61,28,33
2017-05-22 20:00:00,15,4,11
2017-05-22 21:00:00,5,4,1
2017-05-22 22:00:00,0,0,0
2017-05-22 23:00:00,0,0,0
2017-05-23 00:00:00,1,1,0
2017-05-23 01:00:00,1,0,1
2017-05-23 02:00:00,0,0,0
2017-05-23 03:00:00,6,0,6
2017-05-23 04:00:00,20,8,12
2017-05-23 05:00:00,90,26,64
2017-05-23 06:00:00,161,31,130
2017-05-23 07:00:00,146,35,111
2017-05-23 08:00:00,106,42,64
2017-05-23 09:00:00,74,37,37
2017-05-23 10:00:00,66,36,30
2017-05-23 11:00:00,68,27,41
2017-05-23 12:00:00,79,43,36
2017-05-23 13:00:00,91,43,48
2017-05-23 14:00:00,107,64,43
2017-05-23 15:00:00,202,134,68
2017-05-23 16:00:00,253,175,78
2017-05-23 17:00:00,239,151,88
2017-05-23 18:00:00,133,69,64
2017-05-23 19:00:00,50,20,30
2017-05-23 20:00:00,9,6,3
2017-05-23 21:00:00,5,4,1
2017-05-23 22:00:00,2,2,0
2017-05-23 23:00:00,4,3,1
2017-05-24 00:00:00,0,0,0
2017-05-24 01:00:00,1,0,1
2017-05-24 02:00:00,0,0,0
2017-05-24 03:00:00,7,3,4
2017-05-24 04:00:00,19,7,12
2017-05-24 05:00:00,82,19,63
2017-05-24 06:00:00,107,26,81
2017-05-24 07:00:00,122,32,90
2017-05-24 08:00:00,85,34,51
2017-05-24 09:00:00,62,30,32
2017-05-24 10:00:00,38,21,17
2017-05-24 11:00:00,35,21,14
2017-05-24 12:00:00,68,31,37
2017-05-24 13:00:00,50,26,24
2017-05-24 14:00:00,68,33,35
2017-05-24 15:00:00,125,92,33
2017-05-24 16:00:00,190,142,48
2017-05-24 17:00:00,153,111,42
2017-05-24 18:00:00,78,43,35
2017-05-24 19:00:00,60,21,39
2017-05-24 20:00:00,16,7,9
2017-05-24 21:00:00,7,3,4
2017-05-24 22:00:00,1,0,1
2017-05-24 23:00:00,0,0,0
2017-05-25 00:00:00,1,0,1
2017-05-25 01:00:00,2,2,0
2017-05-25 02:00:00,1,0,1
2017-05-25 03:00:00,4,1,3
2017-05-25 04:00:00,21,4,17
2017-05-25 05:00:00,77,18,59
2017-05-25 06:00:00,114,23,91
2017-05-25 07:00:00,131,33,98
2017-05-25 08:00:00,79,41,38
2017-05-25 09:00:00,82,32,50
2017-05-25 10:00:00,65,27,38
2017-05-25 11:00:00,89,54,35
2017-05-25 12:00:00,92,44,48
2017-05-25 13:00:00,101,61,40
2017-05-25 14:00:00,118,74,44
2017-05-25 15:00:00,158,96,62
2017-05-25 16:00:00,213,152,61
2017-05-25 17:00:00,228,151,77
2017-05-25 18:00:00,113,58,55
2017-05-25 19:00:00,54,28,26
2017-05-25 20:00:00,22,11,11
2017-05-25 21:00:00,6,3,3
2017-05-25 22:00:00,3,1,2
2017-05-25 23:00:00,1,0,1
2017-05-26 00:00:00,2,1,1
2017-05-26 01:00:00,1,0,1
2017-05-26 02:00:00,0,0,0
2017-05-26 03:00:00,7,3,4
2017-05-26 04:00:00,17,6,11
2017-05-26 05:00:00,80,21,59
2017-05-26 06:00:00,113,28,85
2017-05-26 07:00:00,111,45,66
2017-05-26 08:00:00,106,48,58
2017-05-26 09:00:00,118,64,54
2017-05-26 10:00:00,97,47,50
2017-05-26 11:00:00,95,43,52
2017-05-26 12:00:00,107,55,52
2017-05-26 13:00:00,151,101,50
2017-05-26 14:00:00,143,86,57
2017-05-26 15:00:00,172,119,53
2017-05-26 16:00:00,236,145,91
2017-05-26 17:00:00,172,96,76
2017-05-26 18:00:00,92,49,43
2017-05-26 19:00:00,52,22,30
2017-05-26 20:00:00,27,18,9
2017-05-26 21:00:00,11,5,6
2017-05-26 22:00:00,0,0,0
2017-05-26 23:00:00,3,2,1
2017-05-27 00:00:00,1,1,0
2017-05-27 01:00:00,0,0,0
2017-05-27 02:00:00,1,0,1
2017-05-27 03:00:00,1,1,0
2017-05-27 04:00:00,4,3,1
2017-05-27 05:00:00,33,19,14
2017-05-27 06:00:00,76,43,33
2017-05-27 07:00:00,178,116,62
2017-05-27 08:00:00,188,106,82
2017-05-27 09:00:00,235,137,98
2017-05-27 10:00:00,263,150,113
2017-05-27 11:00:00,257,115,142
2017-05-27 12:00:00,245,122,123
2017-05-27 13:00:00,207,116,91
2017-05-27 14:00:00,211,101,110
2017-05-27 15:00:00,188,85,103
2017-05-27 16:00:00,178,79,99
2017-05-27 17:00:00,111,45,66
2017-05-27 18:00:00,86,40,46
2017-05-27 19:00:00,51,20,31
2017-05-27 20:00:00,22,14,8
2017-05-27 21:00:00,6,4,2
2017-05-27 22:00:00,2,1,1
2017-05-27 23:00:00,2,1,1
2017-05-28 00:00:00,0,0,0
2017-05-28 01:00:00,0,0,0
2017-05-28 02:00:00,0,0,0
2017-05-28 03:00:00,3,1,2
2017-05-28 04:00:00,14,3,11
2017-05-28 05:00:00,31,12,19
2017-05-28 06:00:00,43,26,17
2017-05-28 07:00:00,122,75,47
2017-05-28 08:00:00,183,90,93
2017-05-28 09:00:00,300,157,143
2017-05-28 10:00:00,269,159,110
2017-05-28 11:00:00,272,160,112
2017-05-28 12:00:00,249,134,115
2017-05-28 13:00:00,238,98,140
2017-05-28 14:00:00,228,116,112
2017-05-28 15:00:00,180,93,87
2017-05-28 16:00:00,142,65,77
2017-05-28 17:00:00,101,46,55
2017-05-28 18:00:00,71,24,47
2017-05-28 19:00:00,59,24,35
2017-05-28 20:00:00,14,4,10
2017-05-28 21:00:00,5,3,2
2017-05-28 22:00:00,5,3,2
2017-05-28 23:00:00,1,0,1
2017-05-29 00:00:00,4,1,3
2017-05-29 01:00:00,0,0,0
2017-05-29 02:00:00,0,0,0
2017-05-29 03:00:00,3,2,1
2017-05-29 04:00:00,5,2,3
2017-05-29 05:00:00,37,21,16
2017-05-29 06:00:00,54,34,20
2017-05-29 07:00:00,94,55,39
2017-05-29 08:00:00,148,88,60
2017-05-29 09:00:00,195,107,88
2017-05-29 10:00:00,267,141,126
2017-05-29 11:00:00,257,131,126
2017-05-29 12:00:00,285,153,132
2017-05-29 13:00:00,326,161,165
2017-05-29 14:00:00,279,120,159
2017-05-29 15:00:00,284,96,188
2017-05-29 16:00:00,171,84,87
2017-05-29 17:00:00,146,51,95
2017-05-29 18:00:00,96,48,48
2017-05-29 19:00:00,45,11,34
2017-05-29 20:00:00,5,2,3
2017-05-29 21:00:00,2,1,1
2017-05-29 22:00:00,3,1,2
2017-05-29 23:00:00,1,0,1
2017-05-30 00:00:00,0,0,0
2017-05-30 01:00:00,1,0,1
2017-05-30 02:00:00,1,0,1
2017-05-30 03:00:00,5,0,5
2017-05-30 04:00:00,11,6,5
2017-05-30 05:00:00,55,11,44
2017-05-30 06:00:00,85,24,61
2017-05-30 07:00:00,83,15,68
2017-05-30 08:00:00,50,13,37
2017-05-30 09:00:00,24,15,9
2017-05-30 10:00:00,23,8,15
2017-05-30 11:00:00,32,21,11
2017-05-30 12:00:00,16,9,7
2017-05-30 13:00:00,37,22,15
2017-05-30 14:00:00,49,38,11
2017-05-30 15:00:00,87,62,25
2017-05-30 16:00:00,132,99,33
2017-05-30 17:00:00,85,58,27
2017-05-30 18:00:00,46,31,15
2017-05-30 19:00:00,18,8,10
2017-05-30 20:00:00,12,8,4
2017-05-30 21:00:00,5,2,3
2017-05-30 22:00:00,1,1,0
2017-05-30 23:00:00,0,0,0
2017-05-31 00:00:00,0,0,0
2017-05-31 01:00:00,1,1,0
2017-05-31 02:00:00,0,0,0
2017-05-31 03:00:00,6,0,6
2017-05-31 04:00:00,16,5,11
2017-05-31 05:00:00,76,15,61
2017-05-31 06:00:00,89,18,71
2017-05-31 07:00:00,122,32,90
2017-05-31 08:00:00,89,35,54
2017-05-31 09:00:00,81,37,44
2017-05-31 10:00:00,62,33,29
2017-05-31 11:00:00,66,40,26
2017-05-31 12:00:00,59,31,28
2017-05-31 13:00:00,67,33,34
2017-05-31 14:00:00,101,64,37
2017-05-31 15:00:00,139,97,42
2017-05-31 16:00:00,217,156,61
2017-05-31 17:00:00,177,106,71
2017-05-31 18:00:00,94,48,46
2017-05-31 19:00:00,50,27,23
2017-05-31 20:00:00,9,5,4
2017-05-31 21:00:00,5,3,2
2017-05-31 22:00:00,2,2,0
2017-05-31 23:00:00,0,0,0
2017-06-01 00:00:00,0,0,0
2017-06-01 01:00:00,0,0,0
2017-06-01 02:00:00,0,0,0
2017-06-01 03:00:00,3,0,3
2017-06-01 04:00:00,13,3,10
2017-06-01 05:00:00,53,9,44
2017-06-01 06:00:00,83,16,67
2017-06-01 07:00:00,56,14,42
2017-06-01 08:00:00,55,21,34
2017-06-01 09:00:00,41,15,26
2017-06-01 10:00:00,0,0,0
2017-06-01 11:00:00,32,15,17
2017-06-01 12:00:00,37,18,19
2017-06-01 13:00:00,44,28,16
2017-06-01 14:00:00,47,25,22
2017-06-01 15:00:00,61,44,17
2017-06-01 16:00:00,116,82,34
2017-06-01 17:00:00,157,111,46
2017-06-01 18:00:00,142,91,51
2017-06-01 19:00:00,84,52,32
2017-06-01 20:00:00,42,21,21
2017-06-01 21:00:00,11,7,4
2017-06-01 22:00:00,8,4,4
2017-06-01 23:00:00,2,2,0
2017-06-02 00:00:00,1,1,0
2017-06-02 01:00:00,0,0,0
2017-06-02 02:00:00,1,0,1
2017-06-02 03:00:00,0,0,0
2017-06-02 04:00:00,6,0,6
2017-06-02 05:00:00,17,4,13
2017-06-02 06:00:00,63,16,47
2017-06-02 07:00:00,96,21,75
2017-06-02 08:00:00,82,24,58
2017-06-02 09:00:00,67,32,35
2017-06-02 10:00:00,68,22,46
2017-06-02 11:00:00,60,35,25
2017-06-02 12:00:00,64,38,26
2017-06-02 13:00:00,78,42,36
2017-06-02 14:00:00,104,51,53
2017-06-02 15:00:00,132,88,44
2017-06-02 16:00:00,179,113,66
2017-06-02 17:00:00,219,135,84
2017-06-02 18:00:00,130,82,48
2017-06-02 19:00:00,99,50,49
2017-06-02 20:00:00,52,19,33
2017-06-02 21:00:00,16,8,8
2017-06-02 22:00:00,6,5,1
2017-06-02 23:00:00,5,3,2
2017-06-03 00:00:00,1,1,0
2017-06-03 01:00:00,1,1,0
2017-06-03 02:00:00,0,0,0
2017-06-03 03:00:00,0,0,0
2017-06-03 04:00:00,2,2,0
2017-06-03 05:00:00,7,5,2
2017-06-03 06:00:00,27,19,8
2017-06-03 07:00:00,69,37,32
2017-06-03 08:00:00,110,78,32
2017-06-03 09:00:00,183,129,54
2017-06-03 10:00:00,228,118,110
2017-06-03 11:00:00,260,141,119
2017-06-03 12:00:00,201,119,82
2017-06-03 13:00:00,218,104,114
2017-06-03 14:00:00,196,99,97
2017-06-03 15:00:00,204,101,103
2017-06-03 16:00:00,145,67,78
2017-06-03 17:00:00,133,68,65
2017-06-03 18:00:00,95,36,59
2017-06-03 19:00:00,57,26,31
2017-06-03 20:00:00,56,28,28
2017-06-03 21:00:00,8,5,3
2017-06-03 22:00:00,9,2,7
2017-06-03 23:00:00,3,0,3
2017-06-04 00:00:00,2,1,1
2017-06-04 01:00:00,0,0,0
2017-06-04 02:00:00,0,0,0
2017-06-04 03:00:00,0,0,0
2017-06-04 04:00:00,0,0,0
2017-06-04 05:00:00,6,3,3
2017-06-04 06:00:00,15,12,3
2017-06-04 07:00:00,55,38,17
2017-06-04 08:00:00,133,80,53
2017-06-04 09:00:00,100,55,45
2017-06-04 10:00:00,171,97,74
2017-06-04 11:00:00,235,132,103
2017-06-04 12:00:00,227,125,102
2017-06-04 13:00:00,223,110,113
2017-06-04 14:00:00,288,149,139
2017-06-04 15:00:00,234,96,138
2017-06-04 16:00:00,238,96,142
2017-06-04 17:00:00,142,54,88
2017-06-04 18:00:00,74,41,33
2017-06-04 19:00:00,44,23,21
2017-06-04 20:00:00,29,15,14
2017-06-04 21:00:00,13,5,8
2017-06-04 22:00:00,2,2,0
2017-06-04 23:00:00,4,1,3
2017-06-05 00:00:00,1,0,1
2017-06-05 01:00:00,0,0,0
2017-06-05 02:00:00,0,0,0
2017-06-05 03:00:00,1,0,1
2017-06-05 04:00:00,6,1,5
2017-06-05 05:00:00,15,3,12
2017-06-05 06:00:00,74,18,56
2017-06-05 07:00:00,111,14,97
2017-06-05 08:00:00,110,21,89
2017-06-05 09:00:00,82,33,49
2017-06-05 10:00:00,76,42,34
2017-06-05 11:00:00,71,29,42
2017-06-05 12:00:00,89,42,47
2017-06-05 13:00:00,82,40,42
2017-06-05 14:00:00,104,58,46
2017-06-05 15:00:00,110,66,44
2017-06-05 16:00:00,194,125,69
2017-06-05 17:00:00,224,170,54
2017-06-05 18:00:00,215,140,75
2017-06-05 19:00:00,107,48,59
2017-06-05 20:00:00,74,50,24
2017-06-05 21:00:00,16,8,8
2017-06-05 22:00:00,8,7,1
2017-06-05 23:00:00,0,0,0
2017-06-06 00:00:00,1,0,1
2017-06-06 01:00:00,0,0,0
2017-06-06 02:00:00,0,0,0
2017-06-06 03:00:00,1,0,1
2017-06-06 04:00:00,6,2,4
2017-06-06 05:00:00,23,7,16
2017-06-06 06:00:00,79,23,56
2017-06-06 07:00:00,113,18,95
2017-06-06 08:00:00,120,37,83
2017-06-06 09:00:00,104,46,58
2017-06-06 10:00:00,77,42,35
2017-06-06 11:00:00,89,49,40
2017-06-06 12:00:00,85,35,50
2017-06-06 13:00:00,84,41,43
2017-06-06 14:00:00,88,50,38
2017-06-06 15:00:00,116,69,47
2017-06-06 16:00:00,154,99,55
2017-06-06 17:00:00,275,193,82
2017-06-06 18:00:00,217,136,81
2017-06-06 19:00:00,129,77,52
2017-06-06 20:00:00,70,31,39
2017-06-06 21:00:00,15,7,8
2017-06-06 22:00:00,15,7,8
2017-06-06 23:00:00,5,2,3
2017-06-07 00:00:00,1,0,1
2017-06-07 01:00:00,0,0,0
2017-06-07 02:00:00,3,2,1
2017-06-07 03:00:00,0,0,0
2017-06-07 04:00:00,5,0,5
2017-06-07 05:00:00,20,6,14
2017-06-07 06:00:00,83,23,60
2017-06-07 07:00:00,123,23,100
2017-06-07 08:00:00,128,33,95
2017-06-07 09:00:00,106,40,66
2017-06-07 10:00:00,73,39,34
2017-06-07 11:00:00,72,31,41
2017-06-07 12:00:00,102,63,39
2017-06-07 13:00:00,83,31,52
2017-06-07 14:00:00,81,48,33
2017-06-07 15:00:00,97,59,38
2017-06-07 16:00:00,193,120,73
2017-06-07 17:00:00,257,173,84
2017-06-07 18:00:00,213,134,79
2017-06-07 19:00:00,124,62,62
2017-06-07 20:00:00,60,24,36
2017-06-07 21:00:00,21,11,10
2017-06-07 22:00:00,5,3,2
2017-06-07 23:00:00,0,0,0
2017-06-08 00:00:00,1,1,0
2017-06-08 01:00:00,0,0,0
2017-06-08 02:00:00,0,0,0
2017-06-08 03:00:00,0,0,0
2017-06-08 04:00:00,3,0,3
2017-06-08 05:00:00,7,1,6
2017-06-08 06:00:00,26,6,20
2017-06-08 07:00:00,40,7,33
2017-06-08 08:00:00,45,12,33
2017-06-08 09:00:00,28,11,17
2017-06-08 10:00:00,13,3,10
2017-06-08 11:00:00,14,7,7
2017-06-08 12:00:00,14,10,4
2017-06-08 13:00:00,19,10,9
2017-06-08 14:00:00,25,12,13
2017-06-08 15:00:00,55,29,26
2017-06-08 16:00:00,64,40,24
2017-06-08 17:00:00,87,61,26
2017-06-08 18:00:00,64,49,15
2017-06-08 19:00:00,59,31,28
2017-06-08 20:00:00,30,10,20
2017-06-08 21:00:00,12,9,3
2017-06-08 22:00:00,1,1,0
2017-06-08 23:00:00,2,2,0
2017-06-09 00:00:00,2,2,0
2017-06-09 01:00:00,0,0,0
2017-06-09 02:00:00,0,0,0
2017-06-09 03:00:00,0,0,0
2017-06-09 04:00:00,5,1,4
2017-06-09 05:00:00,18,9,9
2017-06-09 06:00:00,61,20,41
2017-06-09 07:00:00,72,16,56
2017-06-09 08:00:00,79,30,49
2017-06-09 09:00:00,61,25,36
2017-06-09 10:00:00,81,47,34
2017-06-09 11:00:00,65,24,41
2017-06-09 12:00:00,51,19,32
2017-06-09 13:00:00,50,27,23
2017-06-09 14:00:00,68,34,34
2017-06-09 15:00:00,69,44,25
2017-06-09 16:00:00,82,57,25
2017-06-09 17:00:00,121,79,42
2017-06-09 18:00:00,86,57,29
2017-06-09 19:00:00,41,22,19
2017-06-09 20:00:00,18,12,6
2017-06-09 21:00:00,15,4,11
2017-06-09 22:00:00,4,4,0
2017-06-09 23:00:00,5,2,3
2017-06-10 00:00:00,1,1,0
2017-06-10 01:00:00,2,2,0
2017-06-10 02:00:00,0,0,0
2017-06-10 03:00:00,0,0,0
2017-06-10 04:00:00,2,2,0
2017-06-10 05:00:00,7,7,0
2017-06-10 06:00:00,41,28,13
2017-06-10 07:00:00,56,33,23
2017-06-10 08:00:00,113,63,50
2017-06-10 09:00:00,144,83,61
2017-06-10 10:00:00,176,105,71
2017-06-10 11:00:00,247,140,107
2017-06-10 12:00:00,257,140,117
2017-06-10 13:00:00,249,128,121
2017-06-10 14:00:00,237,110,127
2017-06-10 15:00:00,235,107,128
2017-06-10 16:00:00,178,74,104
2017-06-10 17:00:00,138,47,91
2017-06-10 18:00:00,95,48,47
2017-06-10 19:00:00,56,19,37
2017-06-10 20:00:00,37,20,17
2017-06-10 21:00:00,26,8,18
2017-06-10 22:00:00,7,5,2
2017-06-10 23:00:00,4,4,0
2017-06-11 00:00:00,0,0,0
2017-06-11 01:00:00,3,2,1
2017-06-11 02:00:00,0,0,0
2017-06-11 03:00:00,1,1,0
2017-06-11 04:00:00,2,2,0
2017-06-11 05:00:00,6,4,2
2017-06-11 06:00:00,15,13,2
2017-06-11 07:00:00,67,38,29
2017-06-11 08:00:00,96,62,34
2017-06-11 09:00:00,167,93,74
2017-06-11 10:00:00,200,120,80
2017-06-11 11:00:00,259,147,112
2017-06-11 12:00:00,260,140,120
2017-06-11 13:00:00,327,171,156
2017-06-11 14:00:00,267,117,150
2017-06-11 15:00:00,291,145,146
2017-06-11 16:00:00,245,115,130
2017-06-11 17:00:00,177,74,103
2017-06-11 18:00:00,140,57,83
2017-06-11 19:00:00,92,42,50
2017-06-11 20:00:00,40,16,24
2017-06-11 21:00:00,14,6,8
2017-06-11 22:00:00,2,0,2
2017-06-11 23:00:00,2,0,2
2017-06-12 00:00:00,0,0,0
2017-06-12 01:00:00,0,0,0
2017-06-12 02:00:00,1,0,1
2017-06-12 03:00:00,0,0,0
2017-06-12 04:00:00,6,1,5
2017-06-12 05:00:00,16,4,12
2017-06-12 06:00:00,56,12,44
2017-06-12 07:00:00,83,13,70
2017-06-12 08:00:00,112,26,86
2017-06-12 09:00:00,78,37,41
2017-06-12 10:00:00,41,21,20
2017-06-12 11:00:00,61,25,36
2017-06-12 12:00:00,43,17,26
2017-06-12 13:00:00,42,24,18
2017-06-12 14:00:00,50,26,24
2017-06-12 15:00:00,81,57,24
2017-06-12 16:00:00,116,88,28
2017-06-12 17:00:00,178,131,47
2017-06-12 18:00:00,137,87,50
2017-06-12 19:00:00,58,40,18
2017-06-12 20:00:00,29,16,13
2017-06-12 21:00:00,10,3,7
2017-06-12 22:00:00,1,1,0
2017-06-12 23:00:00,2,2,0
2017-06-13 00:00:00,0,0,0
2017-06-13 01:00:00,0,0,0
2017-06-13 02:00:00,0,0,0
2017-06-13 03:00:00,0,0,0
2017-06-13 04:00:00,5,0,5
2017-06-13 05:00:00,7,1,6
2017-06-13 06:00:00,24,5,19
2017-06-13 07:00:00,71,14,57
2017-06-13 08:00:00,73,19,54
2017-06-13 09:00:00,52,23,29
2017-06-13 10:00:00,16,9,7
2017-06-13 11:00:00,24,12,12
2017-06-13 12:00:00,18,8,10
2017-06-13 13:00:00,30,16,14
2017-06-13 14:00:00,41,30,11
2017-06-13 15:00:00,56,36,20
2017-06-13 16:00:00,82,47,35
2017-06-13 17:00:00,128,86,42
2017-06-13 18:00:00,96,61,35
2017-06-13 19:00:00,69,39,30
2017-06-13 20:00:00,29,18,11
2017-06-13 21:00:00,8,3,5
2017-06-13 22:00:00,7,4,3
2017-06-13 23:00:00,1,1,0
2017-06-14 00:00:00,1,0,1
2017-06-14 01:00:00,1,0,1
2017-06-14 02:00:00,1,1,0
2017-06-14 03:00:00,0,0,0
2017-06-14 04:00:00,6,1,5
2017-06-14 05:00:00,26,6,20
2017-06-14 06:00:00,68,21,47
2017-06-14 07:00:00,107,26,81
2017-06-14 08:00:00,111,32,79
2017-06-14 09:00:00,87,31,56
2017-06-14 10:00:00,59,20,39
2017-06-14 11:00:00,85,31,54
2017-06-14 12:00:00,72,42,30
2017-06-14 13:00:00,65,31,34
2017-06-14 14:00:00,73,47,26
2017-06-14 15:00:00,101,50,51
2017-06-14 16:00:00,140,106,34
2017-06-14 17:00:00,206,146,60
2017-06-14 18:00:00,181,116,65
2017-06-14 19:00:00,104,42,62
2017-06-14 20:00:00,51,27,24
2017-06-14 21:00:00,17,7,10
2017-06-14 22:00:00,10,6,4
2017-06-14 23:00:00,1,1,0
2017-06-15 00:00:00,1,1,0
2017-06-15 01:00:00,0,0,0
2017-06-15 02:00:00,0,0,0
2017-06-15 03:00:00,1,0,1
2017-06-15 04:00:00,5,0,5
2017-06-15 05:00:00,13,2,11
2017-06-15 06:00:00,29,9,20
2017-06-15 07:00:00,44,7,37
2017-06-15 08:00:00,71,25,46
2017-06-15 09:00:00,41,14,27
2017-06-15 10:00:00,44,7,37
2017-06-15 11:00:00,9,5,4
2017-06-15 12:00:00,8,5,3
2017-06-15 13:00:00,44,37,7
2017-06-15 14:00:00,13,7,6
2017-06-15 15:00:00,20,17,3
2017-06-15 16:00:00,41,31,10
2017-06-15 17:00:00,55,47,8
2017-06-15 18:00:00,40,29,11
2017-06-15 19:00:00,19,15,4
2017-06-15 20:00:00,9,6,3
2017-06-15 21:00:00,7,3,4
2017-06-15 22:00:00,1,1,0
2017-06-15 23:00:00,2,1,1
2017-06-16 00:00:00,1,0,1
2017-06-16 01:00:00,0,0,0
2017-06-16 02:00:00,0,0,0
2017-06-16 03:00:00,0,0,0
2017-06-16 04:00:00,8,3,5
2017-06-16 05:00:00,9,3,6
2017-06-16 06:00:00,43,10,33
2017-06-16 07:00:00,60,25,35
2017-06-16 08:00:00,70,21,49
2017-06-16 09:00:00,63,31,32
2017-06-16 10:00:00,51,24,27
2017-06-16 11:00:00,51,30,21
2017-06-16 12:00:00,60,33,27
2017-06-16 13:00:00,61,33,28
2017-06-16 14:00:00,62,37,25
2017-06-16 15:00:00,103,60,43
2017-06-16 16:00:00,147,86,61
2017-06-16 17:00:00,129,79,50
2017-06-16 18:00:00,104,62,42
2017-06-16 19:00:00,76,42,34
2017-06-16 20:00:00,41,19,22
2017-06-16 21:00:00,15,6,9
2017-06-16 22:00:00,5,2,3
2017-06-16 23:00:00,2,1,1
2017-06-17 00:00:00,0,0,0
2017-06-17 01:00:00,0,0,0
2017-06-17 02:00:00,1,0,1
2017-06-17 03:00:00,0,0,0
2017-06-17 04:00:00,1,1,0
2017-06-17 05:00:00,6,6,0
2017-06-17 06:00:00,46,29,17
2017-06-17 07:00:00,74,48,26
2017-06-17 08:00:00,150,103,47
2017-06-17 09:00:00,200,120,80
2017-06-17 10:00:00,168,102,66
2017-06-17 11:00:00,279,149,130
2017-06-17 12:00:00,267,118,149
2017-06-17 13:00:00,202,111,91
2017-06-17 14:00:00,202,116,86
2017-06-17 15:00:00,224,115,109
2017-06-17 16:00:00,185,67,118
2017-06-17 17:00:00,112,46,66
2017-06-17 18:00:00,37,19,18
2017-06-17 19:00:00,38,18,20
2017-06-17 20:00:00,20,12,8
2017-06-17 21:00:00,3,0,3
2017-06-17 22:00:00,10,4,6
2017-06-17 23:00:00,2,1,1
2017-06-18 00:00:00,3,2,1
2017-06-18 01:00:00,0,0,0
2017-06-18 02:00:00,0,0,0
2017-06-18 03:00:00,0,0,0
2017-06-18 04:00:00,1,1,0
2017-06-18 05:00:00,1,1,0
2017-06-18 06:00:00,23,13,10
2017-06-18 07:00:00,39,27,12
2017-06-18 08:00:00,81,53,28
2017-06-18 09:00:00,138,98,40
2017-06-18 10:00:00,130,87,43
2017-06-18 11:00:00,163,81,82
2017-06-18 12:00:00,167,89,78
2017-06-18 13:00:00,159,70,89
2017-06-18 14:00:00,157,85,72
2017-06-18 15:00:00,170,92,78
2017-06-18 16:00:00,175,84,91
2017-06-18 17:00:00,146,48,98
2017-06-18 18:00:00,83,30,53
2017-06-18 19:00:00,53,26,27
2017-06-18 20:00:00,23,5,18
2017-06-18 21:00:00,14,6,8
2017-06-18 22:00:00,1,1,0
2017-06-18 23:00:00,2,2,0
2017-06-19 00:00:00,1,0,1
2017-06-19 01:00:00,1,0,1
2017-06-19 02:00:00,1,0,1
2017-06-19 03:00:00,1,1,0
2017-06-19 04:00:00,6,1,5
2017-06-19 05:00:00,17,4,13
2017-06-19 06:00:00,64,13,51
2017-06-19 07:00:00,97,13,84
2017-06-19 08:00:00,110,31,79
2017-06-19 09:00:00,75,33,42
2017-06-19 10:00:00,62,30,32
2017-06-19 11:00:00,66,30,36
2017-06-19 12:00:00,82,37,45
2017-06-19 13:00:00,79,35,44
2017-06-19 14:00:00,83,48,35
2017-06-19 15:00:00,121,76,45
2017-06-19 16:00:00,150,110,40
2017-06-19 17:00:00,202,143,59
2017-06-19 18:00:00,143,89,54
2017-06-19 19:00:00,122,66,56
2017-06-19 20:00:00,52,29,23
2017-06-19 21:00:00,29,9,20
2017-06-19 22:00:00,7,3,4
2017-06-19 23:00:00,5,3,2
2017-06-20 00:00:00,1,1,0
2017-06-20 01:00:00,1,1,0
2017-06-20 02:00:00,0,0,0
2017-06-20 03:00:00,2,0,2
2017-06-20 04:00:00,5,0,5
2017-06-20 05:00:00,16,6,10
2017-06-20 06:00:00,51,13,38
2017-06-20 07:00:00,110,22,88
2017-06-20 08:00:00,94,30,64
2017-06-20 09:00:00,56,22,34
2017-06-20 10:00:00,53,24,29
2017-06-20 11:00:00,35,18,17
2017-06-20 12:00:00,30,14,16
2017-06-20 13:00:00,33,15,18
2017-06-20 14:00:00,41,29,12
2017-06-20 15:00:00,41,22,19
2017-06-20 16:00:00,91,52,39
2017-06-20 17:00:00,134,99,35
2017-06-20 18:00:00,122,86,36
2017-06-20 19:00:00,82,56,26
2017-06-20 20:00:00,25,13,12
2017-06-20 21:00:00,11,4,7
2017-06-20 22:00:00,8,6,2
2017-06-20 23:00:00,6,1,5
2017-06-21 00:00:00,0,0,0
2017-06-21 01:00:00,1,0,1
2017-06-21 02:00:00,1,1,0
2017-06-21 03:00:00,0,0,0
2017-06-21 04:00:00,7,1,6
2017-06-21 05:00:00,19,5,14
2017-06-21 06:00:00,78,25,53
2017-06-21 07:00:00,109,24,85
2017-06-21 08:00:00,119,36,83
2017-06-21 09:00:00,88,25,63
2017-06-21 10:00:00,61,37,24
2017-06-21 11:00:00,66,36,30
2017-06-21 12:00:00,68,26,42
2017-06-21 13:00:00,66,46,20
2017-06-21 14:00:00,90,50,40
2017-06-21 15:00:00,108,64,44
2017-06-21 16:00:00,176,101,75
2017-06-21 17:00:00,213,147,66
2017-06-21 18:00:00,218,143,75
2017-06-21 19:00:00,110,58,52
2017-06-21 20:00:00,65,31,34
2017-06-21 21:00:00,17,11,6
2017-06-21 22:00:00,13,4,9
2017-06-21 23:00:00,3,3,0
2017-06-22 00:00:00,0,0,0
2017-06-22 01:00:00,1,0,1
2017-06-22 02:00:00,0,0,0
2017-06-22 03:00:00,0,0,0
2017-06-22 04:00:00,6,0,6
2017-06-22 05:00:00,10,3,7
2017-06-22 06:00:00,83,21,62
2017-06-22 07:00:00,116,26,90
2017-06-22 08:00:00,117,32,85
2017-06-22 09:00:00,98,44,54
2017-06-22 10:00:00,71,33,38
2017-06-22 11:00:00,72,36,36
2017-06-22 12:00:00,89,46,43
2017-06-22 13:00:00,76,34,42
2017-06-22 14:00:00,89,53,36
2017-06-22 15:00:00,116,75,41
2017-06-22 16:00:00,151,99,52
2017-06-22 17:00:00,239,167,72
2017-06-22 18:00:00,223,131,92
2017-06-22 19:00:00,134,74,60
2017-06-22 20:00:00,84,36,48
2017-06-22 21:00:00,19,11,8
2017-06-22 22:00:00,11,5,6
2017-06-22 23:00:00,2,2,0
2017-06-23 00:00:00,1,1,0
2017-06-23 01:00:00,0,0,0
2017-06-23 02:00:00,0,0,0
2017-06-23 03:00:00,0,0,0
2017-06-23 04:00:00,7,2,5
2017-06-23 05:00:00,16,6,10
2017-06-23 06:00:00,69,18,51
2017-06-23 07:00:00,103,25,78
2017-06-23 08:00:00,129,39,90
2017-06-23 09:00:00,93,41,52
2017-06-23 10:00:00,100,50,50
2017-06-23 11:00:00,90,48,42
2017-06-23 12:00:00,95,48,47
2017-06-23 13:00:00,75,42,33
2017-06-23 14:00:00,120,63,57
2017-06-23 15:00:00,148,84,64
2017-06-23 16:00:00,177,132,45
2017-06-23 17:00:00,211,128,83
2017-06-23 18:00:00,174,95,79
2017-06-23 19:00:00,121,59,62
2017-06-23 20:00:00,47,16,31
2017-06-23 21:00:00,40,14,26
2017-06-23 22:00:00,15,9,6
2017-06-23 23:00:00,14,7,7
2017-06-24 00:00:00,12,5,7
2017-06-24 01:00:00,3,1,2
2017-06-24 02:00:00,0,0,0
2017-06-24 03:00:00,1,1,0
2017-06-24 04:00:00,0,0,0
2017-06-24 05:00:00,4,3,1
2017-06-24 06:00:00,48,32,16
2017-06-24 07:00:00,102,61,41
2017-06-24 08:00:00,182,104,78
2017-06-24 09:00:00,230,140,90
2017-06-24 10:00:00,293,167,126
2017-06-24 11:00:00,318,176,142
2017-06-24 12:00:00,297,168,129
2017-06-24 13:00:00,253,121,132
2017-06-24 14:00:00,241,122,119
2017-06-24 15:00:00,211,88,123
2017-06-24 16:00:00,170,76,94
2017-06-24 17:00:00,156,52,104
2017-06-24 18:00:00,121,50,71
2017-06-24 19:00:00,66,19,47
2017-06-24 20:00:00,41,15,26
2017-06-24 21:00:00,28,14,14
2017-06-24 22:00:00,4,3,1
2017-06-24 23:00:00,7,3,4
2017-06-25 00:00:00,2,1,1
2017-06-25 01:00:00,1,0,1
2017-06-25 02:00:00,0,0,0
2017-06-25 03:00:00,0,0,0
2017-06-25 04:00:00,2,2,0
2017-06-25 05:00:00,9,7,2
2017-06-25 06:00:00,30,24,6
2017-06-25 07:00:00,101,51,50
2017-06-25 08:00:00,215,124,91
2017-06-25 09:00:00,239,147,92
2017-06-25 10:00:00,270,132,138
2017-06-25 11:00:00,263,116,147
2017-06-25 12:00:00,258,126,132
2017-06-25 13:00:00,213,128,85
2017-06-25 14:00:00,219,121,98
2017-06-25 15:00:00,163,78,85
2017-06-25 16:00:00,170,75,95
2017-06-25 17:00:00,106,45,61
2017-06-25 18:00:00,75,31,44
2017-06-25 19:00:00,72,39,33
2017-06-25 20:00:00,50,21,29
2017-06-25 21:00:00,22,2,20
2017-06-25 22:00:00,7,3,4
2017-06-25 23:00:00,2,1,1
2017-06-26 00:00:00,5,4,1
2017-06-26 01:00:00,0,0,0
2017-06-26 02:00:00,0,0,0
2017-06-26 03:00:00,0,0,0
2017-06-26 04:00:00,3,0,3
2017-06-26 05:00:00,12,3,9
2017-06-26 06:00:00,65,14,51
2017-06-26 07:00:00,105,26,79
2017-06-26 08:00:00,97,22,75
2017-06-26 09:00:00,100,42,58
2017-06-26 10:00:00,72,28,44
2017-06-26 11:00:00,68,29,39
2017-06-26 12:00:00,75,40,35
2017-06-26 13:00:00,69,32,37
2017-06-26 14:00:00,75,47,28
2017-06-26 15:00:00,85,49,36
2017-06-26 16:00:00,147,97,50
2017-06-26 17:00:00,209,147,62
2017-06-26 18:00:00,192,128,64
2017-06-26 19:00:00,124,60,64
2017-06-26 20:00:00,56,22,34
2017-06-26 21:00:00,18,9,9
2017-06-26 22:00:00,8,4,4
2017-06-26 23:00:00,0,0,0
2017-06-27 00:00:00,1,1,0
2017-06-27 01:00:00,0,0,0
2017-06-27 02:00:00,0,0,0
2017-06-27 03:00:00,2,0,2
2017-06-27 04:00:00,6,2,4
2017-06-27 05:00:00,22,10,12
2017-06-27 06:00:00,73,17,56
2017-06-27 07:00:00,133,28,105
2017-06-27 08:00:00,108,32,76
2017-06-27 09:00:00,72,32,40
2017-06-27 10:00:00,62,30,32
2017-06-27 11:00:00,72,33,39
2017-06-27 12:00:00,58,23,35
2017-06-27 13:00:00,73,46,27
2017-06-27 14:00:00,91,45,46
2017-06-27 15:00:00,107,58,49
2017-06-27 16:00:00,159,101,58
2017-06-27 17:00:00,232,175,57
2017-06-27 18:00:00,213,128,85
2017-06-27 19:00:00,142,68,74
2017-06-27 20:00:00,79,41,38
2017-06-27 21:00:00,26,8,18
2017-06-27 22:00:00,5,2,3
2017-06-27 23:00:00,0,0,0
2017-06-28 00:00:00,1,1,0
2017-06-28 01:00:00,0,0,0
2017-06-28 02:00:00,7,7,0
2017-06-28 03:00:00,0,0,0
2017-06-28 04:00:00,4,0,4
2017-06-28 05:00:00,25,7,18
2017-06-28 06:00:00,77,24,53
2017-06-28 07:00:00,135,42,93
2017-06-28 08:00:00,113,32,81
2017-06-28 09:00:00,91,37,54
2017-06-28 10:00:00,40,17,23
2017-06-28 11:00:00,73,24,49
2017-06-28 12:00:00,84,41,43
2017-06-28 13:00:00,68,41,27
2017-06-28 14:00:00,72,44,28
2017-06-28 15:00:00,122,72,50
2017-06-28 16:00:00,155,104,51
2017-06-28 17:00:00,226,145,81
2017-06-28 18:00:00,203,113,90
2017-06-28 19:00:00,116,71,45
2017-06-28 20:00:00,71,37,34
2017-06-28 21:00:00,26,13,13
2017-06-28 22:00:00,10,5,5
2017-06-28 23:00:00,4,0,4
2017-06-29 00:00:00,2,2,0
2017-06-29 01:00:00,2,2,0
2017-06-29 02:00:00,0,0,0
2017-06-29 03:00:00,0,0,0
2017-06-29 04:00:00,7,2,5
2017-06-29 05:00:00,14,4,10
2017-06-29 06:00:00,63,24,39
2017-06-29 07:00:00,112,32,80
2017-06-29 08:00:00,117,29,88
2017-06-29 09:00:00,90,44,46
2017-06-29 10:00:00,71,39,32
2017-06-29 11:00:00,113,53,60
2017-06-29 12:00:00,85,45,40
2017-06-29 13:00:00,83,40,43
2017-06-29 14:00:00,99,42,57
2017-06-29 15:00:00,115,67,48
2017-06-29 16:00:00,196,124,72
2017-06-29 17:00:00,217,157,60
2017-06-29 18:00:00,188,119,69
2017-06-29 19:00:00,123,53,70
2017-06-29 20:00:00,61,31,30
2017-06-29 21:00:00,33,14,19
2017-06-29 22:00:00,9,3,6
2017-06-29 23:00:00,4,4,0
2017-06-30 00:00:00,1,1,0
2017-06-30 01:00:00,0,0,0
2017-06-30 02:00:00,0,0,0
2017-06-30 03:00:00,0,0,0
2017-06-30 04:00:00,2,0,2
2017-06-30 05:00:00,23,7,16
2017-06-30 06:00:00,61,19,42
2017-06-30 07:00:00,100,29,71
2017-06-30 08:00:00,105,31,74
2017-06-30 09:00:00,113,52,61
2017-06-30 10:00:00,104,52,52
2017-06-30 11:00:00,106,59,47
2017-06-30 12:00:00,100,49,51
2017-06-30 13:00:00,99,52,47
2017-06-30 14:00:00,127,72,55
2017-06-30 15:00:00,156,87,69
2017-06-30 16:00:00,152,98,54
2017-06-30 17:00:00,197,123,74
2017-06-30 18:00:00,164,90,74
2017-06-30 19:00:00,107,59,48
2017-06-30 20:00:00,66,29,37
2017-06-30 21:00:00,36,14,22
2017-06-30 22:00:00,11,8,3
2017-06-30 23:00:00,1,1,0
2017-07-01 00:00:00,0,0,0
2017-07-01 01:00:00,2,1,1
2017-07-01 02:00:00,1,0,1
2017-07-01 03:00:00,2,1,1
2017-07-01 04:00:00,0,0,0
2017-07-01 05:00:00,8,5,3
2017-07-01 06:00:00,41,29,12
2017-07-01 07:00:00,95,67,28
2017-07-01 08:00:00,142,90,52
2017-07-01 09:00:00,190,97,93
2017-07-01 10:00:00,247,155,92
2017-07-01 11:00:00,288,160,128
2017-07-01 12:00:00,205,90,115
2017-07-01 13:00:00,196,116,80
2017-07-01 14:00:00,297,140,157
2017-07-01 15:00:00,264,134,130
2017-07-01 16:00:00,228,111,117
2017-07-01 17:00:00,171,65,106
2017-07-01 18:00:00,150,56,94
2017-07-01 19:00:00,88,45,43
2017-07-01 20:00:00,40,19,21
2017-07-01 21:00:00,28,12,16
2017-07-01 22:00:00,11,5,6
2017-07-01 23:00:00,2,2,0
2017-07-02 00:00:00,0,0,0
2017-07-02 01:00:00,0,0,0
2017-07-02 02:00:00,0,0,0
2017-07-02 03:00:00,1,0,1
2017-07-02 04:00:00,0,0,0
2017-07-02 05:00:00,5,3,2
2017-07-02 06:00:00,21,14,7
2017-07-02 07:00:00,49,29,20
2017-07-02 08:00:00,98,59,39
2017-07-02 09:00:00,135,83,52
2017-07-02 10:00:00,212,115,97
2017-07-02 11:00:00,200,131,69
2017-07-02 12:00:00,213,125,88
2017-07-02 13:00:00,294,156,138
2017-07-02 14:00:00,297,129,168
2017-07-02 15:00:00,275,140,135
2017-07-02 16:00:00,235,101,134
2017-07-02 17:00:00,218,114,104
2017-07-02 18:00:00,156,57,99
2017-07-02 19:00:00,84,28,56
2017-07-02 20:00:00,55,25,30
2017-07-02 21:00:00,21,7,14
2017-07-02 22:00:00,10,3,7
2017-07-02 23:00:00,1,1,0
2017-07-03 00:00:00,3,0,3
2017-07-03 01:00:00,0,0,0
2017-07-03 02:00:00,1,0,1
2017-07-03 03:00:00,0,0,0
2017-07-03 04:00:00,6,2,4
2017-07-03 05:00:00,14,3,11
2017-07-03 06:00:00,47,12,35
2017-07-03 07:00:00,92,32,60
2017-07-03 08:00:00,112,65,47
2017-07-03 09:00:00,134,81,53
2017-07-03 10:00:00,118,72,46
2017-07-03 11:00:00,156,81,75
2017-07-03 12:00:00,133,71,62
2017-07-03 13:00:00,126,41,85
2017-07-03 14:00:00,194,93,101
2017-07-03 15:00:00,196,112,84
2017-07-03 16:00:00,204,102,102
2017-07-03 17:00:00,184,97,87
2017-07-03 18:00:00,115,64,51
2017-07-03 19:00:00,82,51,31
2017-07-03 20:00:00,60,33,27
2017-07-03 21:00:00,25,16,9
2017-07-03 22:00:00,10,6,4
2017-07-03 23:00:00,3,3,0
2017-07-04 00:00:00,1,1,0
2017-07-04 01:00:00,0,0,0
2017-07-04 02:00:00,0,0,0
2017-07-04 03:00:00,0,0,0
2017-07-04 04:00:00,2,0,2
2017-07-04 05:00:00,4,2,2
2017-07-04 06:00:00,29,18,11
2017-07-04 07:00:00,60,27,33
2017-07-04 08:00:00,119,71,48
2017-07-04 09:00:00,215,123,92
2017-07-04 10:00:00,311,199,112
2017-07-04 11:00:00,279,145,134
2017-07-04 12:00:00,297,153,144
2017-07-04 13:00:00,349,167,182
2017-07-04 14:00:00,264,134,130
2017-07-04 15:00:00,265,137,128
2017-07-04 16:00:00,220,81,139
2017-07-04 17:00:00,183,71,112
2017-07-04 18:00:00,97,39,58
2017-07-04 19:00:00,58,18,40
2017-07-04 20:00:00,49,20,29
2017-07-04 21:00:00,43,8,35
2017-07-04 22:00:00,12,5,7
2017-07-04 23:00:00,50,44,6
2017-07-05 00:00:00,10,9,1
2017-07-05 01:00:00,3,2,1
2017-07-05 02:00:00,1,1,0
2017-07-05 03:00:00,2,0,2
2017-07-05 04:00:00,3,0,3
2017-07-05 05:00:00,12,3,9
2017-07-05 06:00:00,56,9,47
2017-07-05 07:00:00,91,18,73
2017-07-05 08:00:00,106,28,78
2017-07-05 09:00:00,91,33,58
2017-07-05 10:00:00,74,21,53
2017-07-05 11:00:00,79,45,34
2017-07-05 12:00:00,87,47,40
2017-07-05 13:00:00,88,54,34
2017-07-05 14:00:00,94,52,42
2017-07-05 15:00:00,115,65,50
2017-07-05 16:00:00,149,88,61
2017-07-05 17:00:00,213,148,65
2017-07-05 18:00:00,171,108,63
2017-07-05 19:00:00,110,67,43
2017-07-05 20:00:00,91,39,52
2017-07-05 21:00:00,28,15,13
2017-07-05 22:00:00,13,6,7
2017-07-05 23:00:00,3,2,1
2017-07-06 00:00:00,1,1,0
2017-07-06 01:00:00,0,0,0
2017-07-06 02:00:00,0,0,0
2017-07-06 03:00:00,0,0,0
2017-07-06 04:00:00,3,0,3
2017-07-06 05:00:00,16,3,13
2017-07-06 06:00:00,91,21,70
2017-07-06 07:00:00,120,34,86
2017-07-06 08:00:00,134,40,94
2017-07-06 09:00:00,103,43,60
2017-07-06 10:00:00,117,54,63
2017-07-06 11:00:00,99,46,53
2017-07-06 12:00:00,114,62,52
2017-07-06 13:00:00,74,31,43
2017-07-06 14:00:00,77,42,35
2017-07-06 15:00:00,96,56,40
2017-07-06 16:00:00,157,101,56
2017-07-06 17:00:00,226,165,61
2017-07-06 18:00:00,225,145,80
2017-07-06 19:00:00,120,76,44
2017-07-06 20:00:00,88,42,46
2017-07-06 21:00:00,40,19,21
2017-07-06 22:00:00,8,6,2
2017-07-06 23:00:00,2,2,0
2017-07-07 00:00:00,0,0,0
2017-07-07 01:00:00,0,0,0
2017-07-07 02:00:00,0,0,0
2017-07-07 03:00:00,1,0,1
2017-07-07 04:00:00,3,2,1
2017-07-07 05:00:00,17,6,11
2017-07-07 06:00:00,64,19,45
2017-07-07 07:00:00,124,37,87
2017-07-07 08:00:00,121,41,80
2017-07-07 09:00:00,102,39,63
2017-07-07 10:00:00,112,55,57
2017-07-07 11:00:00,127,52,75
2017-07-07 12:00:00,81,29,52
2017-07-07 13:00:00,78,51,27
2017-07-07 14:00:00,94,56,38
2017-07-07 15:00:00,125,75,50
2017-07-07 16:00:00,196,117,79
2017-07-07 17:00:00,233,150,83
2017-07-07 18:00:00,168,105,63
2017-07-07 19:00:00,100,48,52
2017-07-07 20:00:00,79,39,40
2017-07-07 21:00:00,29,12,17
2017-07-07 22:00:00,10,6,4
2017-07-07 23:00:00,12,8,4
2017-07-08 00:00:00,3,2,1
2017-07-08 01:00:00,8,8,0
2017-07-08 02:00:00,1,1,0
2017-07-08 03:00:00,0,0,0
2017-07-08 04:00:00,0,0,0
2017-07-08 05:00:00,2,1,1
2017-07-08 06:00:00,37,22,15
2017-07-08 07:00:00,67,38,29
2017-07-08 08:00:00,131,78,53
2017-07-08 09:00:00,224,146,78
2017-07-08 10:00:00,271,152,119
2017-07-08 11:00:00,311,170,141
2017-07-08 12:00:00,301,139,162
2017-07-08 13:00:00,297,142,155
2017-07-08 14:00:00,314,150,164
2017-07-08 15:00:00,265,139,126
2017-07-08 16:00:00,206,102,104
2017-07-08 17:00:00,193,77,116
2017-07-08 18:00:00,132,54,78
2017-07-08 19:00:00,93,39,54
2017-07-08 20:00:00,91,36,55
2017-07-08 21:00:00,41,16,25
2017-07-08 22:00:00,11,4,7
2017-07-08 23:00:00,17,1,16
2017-07-09 00:00:00,3,3,0
2017-07-09 01:00:00,4,0,4
2017-07-09 02:00:00,0,0,0
2017-07-09 03:00:00,0,0,0
2017-07-09 04:00:00,2,1,1
2017-07-09 05:00:00,2,2,0
2017-07-09 06:00:00,35,27,8
2017-07-09 07:00:00,70,44,26
2017-07-09 08:00:00,133,84,49
2017-07-09 09:00:00,205,136,69
2017-07-09 10:00:00,241,151,90
2017-07-09 11:00:00,295,152,143
2017-07-09 12:00:00,313,165,148
2017-07-09 13:00:00,297,153,144
2017-07-09 14:00:00,225,105,120
2017-07-09 15:00:00,247,133,114
2017-07-09 16:00:00,199,96,103
2017-07-09 17:00:00,160,63,97
2017-07-09 18:00:00,125,57,68
2017-07-09 19:00:00,96,37,59
2017-07-09 20:00:00,68,24,44
2017-07-09 21:00:00,23,9,14
2017-07-09 22:00:00,7,6,1
2017-07-09 23:00:00,2,1,1
2017-07-10 00:00:00,5,4,1
2017-07-10 01:00:00,0,0,0
2017-07-10 02:00:00,1,0,1
2017-07-10 03:00:00,0,0,0
2017-07-10 04:00:00,9,1,8
2017-07-10 05:00:00,13,5,8
2017-07-10 06:00:00,70,15,55
2017-07-10 07:00:00,117,33,84
2017-07-10 08:00:00,102,31,71
2017-07-10 09:00:00,103,47,56
2017-07-10 10:00:00,67,35,32
2017-07-10 11:00:00,62,32,30
2017-07-10 12:00:00,68,28,40
2017-07-10 13:00:00,91,37,54
2017-07-10 14:00:00,89,48,41
2017-07-10 15:00:00,100,61,39
2017-07-10 16:00:00,140,81,59
2017-07-10 17:00:00,206,150,56
2017-07-10 18:00:00,197,126,71
2017-07-10 19:00:00,121,64,57
2017-07-10 20:00:00,59,26,33
2017-07-10 21:00:00,13,6,7
2017-07-10 22:00:00,5,3,2
2017-07-10 23:00:00,0,0,0
2017-07-11 00:00:00,1,1,0
2017-07-11 01:00:00,0,0,0
2017-07-11 02:00:00,0,0,0
2017-07-11 03:00:00,0,0,0
2017-07-11 04:00:00,7,2,5
2017-07-11 05:00:00,23,13,10
2017-07-11 06:00:00,75,23,52
2017-07-11 07:00:00,118,27,91
2017-07-11 08:00:00,95,31,64
2017-07-11 09:00:00,88,31,57
2017-07-11 10:00:00,72,40,32
2017-07-11 11:00:00,80,40,40
2017-07-11 12:00:00,80,44,36
2017-07-11 13:00:00,91,43,48
2017-07-11 14:00:00,103,60,43
2017-07-11 15:00:00,122,72,50
2017-07-11 16:00:00,148,88,60
2017-07-11 17:00:00,215,161,54
2017-07-11 18:00:00,240,128,112
2017-07-11 19:00:00,133,80,53
2017-07-11 20:00:00,59,25,34
2017-07-11 21:00:00,49,20,29
2017-07-11 22:00:00,5,5,0
2017-07-11 23:00:00,8,7,1
2017-07-12 00:00:00,0,0,0
2017-07-12 01:00:00,1,0,1
2017-07-12 02:00:00,1,1,0
2017-07-12 03:00:00,0,0,0
2017-07-12 04:00:00,6,2,4
2017-07-12 05:00:00,11,4,7
2017-07-12 06:00:00,69,14,55
2017-07-12 07:00:00,113,27,86
2017-07-12 08:00:00,112,30,82
2017-07-12 09:00:00,112,45,67
2017-07-12 10:00:00,111,58,53
2017-07-12 11:00:00,111,58,53
2017-07-12 12:00:00,69,36,33
2017-07-12 13:00:00,92,34,58
2017-07-12 14:00:00,86,61,25
2017-07-12 15:00:00,127,74,53
2017-07-12 16:00:00,163,102,61
2017-07-12 17:00:00,232,162,70
2017-07-12 18:00:00,196,111,85
2017-07-12 19:00:00,143,87,56
2017-07-12 20:00:00,85,41,44
2017-07-12 21:00:00,23,10,13
2017-07-12 22:00:00,9,7,2
2017-07-12 23:00:00,2,0,2
2017-07-13 00:00:00,2,2,0
2017-07-13 01:00:00,1,0,1
2017-07-13 02:00:00,0,0,0
2017-07-13 03:00:00,0,0,0
2017-07-13 04:00:00,4,0,4
2017-07-13 05:00:00,10,2,8
2017-07-13 06:00:00,67,16,51
2017-07-13 07:00:00,97,23,74
2017-07-13 08:00:00,114,39,75
2017-07-13 09:00:00,72,35,37
2017-07-13 10:00:00,70,36,34
2017-07-13 11:00:00,98,47,51
2017-07-13 12:00:00,65,34,31
2017-07-13 13:00:00,121,63,58
2017-07-13 14:00:00,74,44,30
2017-07-13 15:00:00,100,43,57
2017-07-13 16:00:00,154,113,41
2017-07-13 17:00:00,202,133,69
2017-07-13 18:00:00,157,99,58
2017-07-13 19:00:00,114,68,46
2017-07-13 20:00:00,56,31,25
2017-07-13 21:00:00,30,13,17
2017-07-13 22:00:00,3,3,0
2017-07-13 23:00:00,6,6,0
2017-07-14 00:00:00,1,1,0
2017-07-14 01:00:00,0,0,0
2017-07-14 02:00:00,0,0,0
2017-07-14 03:00:00,0,0,0
2017-07-14 04:00:00,3,1,2
2017-07-14 05:00:00,14,8,6
2017-07-14 06:00:00,71,29,42
2017-07-14 07:00:00,110,28,82
2017-07-14 08:00:00,99,39,60
2017-07-14 09:00:00,103,52,51
2017-07-14 10:00:00,104,45,59
2017-07-14 11:00:00,109,50,59
2017-07-14 12:00:00,97,53,44
2017-07-14 13:00:00,84,38,46
2017-07-14 14:00:00,106,72,34
2017-07-14 15:00:00,133,71,62
2017-07-14 16:00:00,157,93,64
2017-07-14 17:00:00,188,117,71
2017-07-14 18:00:00,146,91,55
2017-07-14 19:00:00,86,43,43
2017-07-14 20:00:00,51,31,20
2017-07-14 21:00:00,17,11,6
2017-07-14 22:00:00,7,5,2
2017-07-14 23:00:00,4,3,1
2017-07-15 00:00:00,4,2,2
2017-07-15 01:00:00,0,0,0
2017-07-15 02:00:00,0,0,0
2017-07-15 03:00:00,2,0,2
2017-07-15 04:00:00,7,1,6
2017-07-15 05:00:00,21,5,16
2017-07-15 06:00:00,44,17,27
2017-07-15 07:00:00,56,33,23
2017-07-15 08:00:00,129,74,55
2017-07-15 09:00:00,170,108,62
2017-07-15 10:00:00,211,126,85
2017-07-15 11:00:00,307,154,153
2017-07-15 12:00:00,242,138,104
2017-07-15 13:00:00,229,111,118
2017-07-15 14:00:00,215,105,110
2017-07-15 15:00:00,248,121,127
2017-07-15 16:00:00,222,83,139
2017-07-15 17:00:00,138,47,91
2017-07-15 18:00:00,156,60,96
2017-07-15 19:00:00,112,65,47
2017-07-15 20:00:00,61,23,38
2017-07-15 21:00:00,42,13,29
2017-07-15 22:00:00,2,2,0
2017-07-15 23:00:00,2,1,1
2017-07-16 00:00:00,0,0,0
2017-07-16 01:00:00,2,1,1
2017-07-16 02:00:00,0,0,0
2017-07-16 03:00:00,0,0,0
2017-07-16 04:00:00,0,0,0
2017-07-16 05:00:00,1,1,0
2017-07-16 06:00:00,23,16,7
2017-07-16 07:00:00,39,28,11
2017-07-16 08:00:00,67,47,20
2017-07-16 09:00:00,128,67,61
2017-07-16 10:00:00,201,111,90
2017-07-16 11:00:00,232,132,100
2017-07-16 12:00:00,222,99,123
2017-07-16 13:00:00,252,132,120
2017-07-16 14:00:00,252,136,116
2017-07-16 15:00:00,245,113,132
2017-07-16 16:00:00,224,86,138
2017-07-16 17:00:00,149,70,79
2017-07-16 18:00:00,123,54,69
2017-07-16 19:00:00,63,26,37
2017-07-16 20:00:00,44,19,25
2017-07-16 21:00:00,23,10,13
2017-07-16 22:00:00,4,3,1
2017-07-16 23:00:00,3,3,0
2017-07-17 00:00:00,2,0,2
2017-07-17 01:00:00,0,0,0
2017-07-17 02:00:00,0,0,0
2017-07-17 03:00:00,0,0,0
2017-07-17 04:00:00,5,2,3
2017-07-17 05:00:00,8,3,5
2017-07-17 06:00:00,61,12,49
2017-07-17 07:00:00,99,29,70
2017-07-17 08:00:00,113,37,76
2017-07-17 09:00:00,79,32,47
2017-07-17 10:00:00,106,51,55
2017-07-17 11:00:00,80,48,32
2017-07-17 12:00:00,127,77,50
2017-07-17 13:00:00,88,48,40
2017-07-17 14:00:00,115,40,75
2017-07-17 15:00:00,89,50,39
2017-07-17 16:00:00,143,93,50
2017-07-17 17:00:00,202,146,56
2017-07-17 18:00:00,161,106,55
2017-07-17 19:00:00,114,47,67
2017-07-17 20:00:00,73,38,35
2017-07-17 21:00:00,34,17,17
2017-07-17 22:00:00,8,4,4
2017-07-17 23:00:00,1,1,0
2017-07-18 00:00:00,0,0,0
2017-07-18 01:00:00,1,1,0
2017-07-18 02:00:00,0,0,0
2017-07-18 03:00:00,0,0,0
2017-07-18 04:00:00,7,1,6
2017-07-18 05:00:00,18,5,13
2017-07-18 06:00:00,78,22,56
2017-07-18 07:00:00,137,22,115
2017-07-18 08:00:00,125,44,81
2017-07-18 09:00:00,99,38,61
2017-07-18 10:00:00,102,49,53
2017-07-18 11:00:00,98,59,39
2017-07-18 12:00:00,75,32,43
2017-07-18 13:00:00,87,50,37
2017-07-18 14:00:00,94,50,44
2017-07-18 15:00:00,126,72,54
2017-07-18 16:00:00,148,103,45
2017-07-18 17:00:00,223,152,71
2017-07-18 18:00:00,228,160,68
2017-07-18 19:00:00,121,62,59
2017-07-18 20:00:00,63,31,32
2017-07-18 21:00:00,27,12,15
2017-07-18 22:00:00,7,4,3
2017-07-18 23:00:00,1,1,0
2017-07-19 00:00:00,1,1,0
2017-07-19 01:00:00,1,1,0
2017-07-19 02:00:00,0,0,0
2017-07-19 03:00:00,0,0,0
2017-07-19 04:00:00,5,2,3
2017-07-19 05:00:00,18,5,13
2017-07-19 06:00:00,64,11,53
2017-07-19 07:00:00,121,23,98
2017-07-19 08:00:00,125,39,86
2017-07-19 09:00:00,95,45,50
2017-07-19 10:00:00,84,43,41
2017-07-19 11:00:00,105,46,59
2017-07-19 12:00:00,88,45,43
2017-07-19 13:00:00,73,27,46
2017-07-19 14:00:00,79,42,37
2017-07-19 15:00:00,92,56,36
2017-07-19 16:00:00,172,116,56
2017-07-19 17:00:00,211,139,72
2017-07-19 18:00:00,194,124,70
2017-07-19 19:00:00,96,55,41
2017-07-19 20:00:00,79,32,47
2017-07-19 21:00:00,24,15,9
2017-07-19 22:00:00,6,4,2
2017-07-19 23:00:00,3,2,1
2017-07-20 00:00:00,0,0,0
2017-07-20 01:00:00,2,2,0
2017-07-20 02:00:00,0,0,0
2017-07-20 03:00:00,0,0,0
2017-07-20 04:00:00,6,1,5
2017-07-20 05:00:00,10,4,6
2017-07-20 06:00:00,74,17,57
2017-07-20 07:00:00,109,23,86
2017-07-20 08:00:00,91,31,60
2017-07-20 09:00:00,82,39,43
2017-07-20 10:00:00,51,15,36
2017-07-20 11:00:00,68,37,31
2017-07-20 12:00:00,51,31,20
2017-07-20 13:00:00,63,27,36
2017-07-20 14:00:00,78,49,29
2017-07-20 15:00:00,101,55,46
2017-07-20 16:00:00,133,96,37
2017-07-20 17:00:00,171,117,54
2017-07-20 18:00:00,153,106,47
2017-07-20 19:00:00,98,61,37
2017-07-20 20:00:00,38,20,18
2017-07-20 21:00:00,26,13,13
2017-07-20 22:00:00,7,4,3
2017-07-20 23:00:00,1,1,0
2017-07-21 00:00:00,2,2,0
2017-07-21 01:00:00,1,1,0
2017-07-21 02:00:00,0,0,0
2017-07-21 03:00:00,0,0,0
2017-07-21 04:00:00,5,1,4
2017-07-21 05:00:00,13,7,6
2017-07-21 06:00:00,65,10,55
2017-07-21 07:00:00,97,30,67
2017-07-21 08:00:00,92,30,62
2017-07-21 09:00:00,82,32,50
2017-07-21 10:00:00,73,32,41
2017-07-21 11:00:00,101,48,53
2017-07-21 12:00:00,87,48,39
2017-07-21 13:00:00,89,51,38
2017-07-21 14:00:00,95,56,39
2017-07-21 15:00:00,106,61,45
2017-07-21 16:00:00,141,83,58
2017-07-21 17:00:00,151,105,46
2017-07-21 18:00:00,140,93,47
2017-07-21 19:00:00,100,47,53
2017-07-21 20:00:00,32,21,11
2017-07-21 21:00:00,10,4,6
2017-07-21 22:00:00,2,2,0
2017-07-21 23:00:00,3,3,0
2017-07-22 00:00:00,2,2,0
2017-07-22 01:00:00,5,3,2
2017-07-22 02:00:00,0,0,0
2017-07-22 03:00:00,3,1,2
2017-07-22 04:00:00,1,1,0
2017-07-22 05:00:00,4,3,1
2017-07-22 06:00:00,17,10,7
2017-07-22 07:00:00,63,37,26
2017-07-22 08:00:00,108,64,44
2017-07-22 09:00:00,169,110,59
2017-07-22 10:00:00,236,143,93
2017-07-22 11:00:00,274,152,122
2017-07-22 12:00:00,221,119,102
2017-07-22 13:00:00,189,89,100
2017-07-22 14:00:00,216,117,99
2017-07-22 15:00:00,189,78,111
2017-07-22 16:00:00,203,95,108
2017-07-22 17:00:00,152,67,85
2017-07-22 18:00:00,115,59,56
2017-07-22 19:00:00,94,44,50
2017-07-22 20:00:00,54,21,33
2017-07-22 21:00:00,26,5,21
2017-07-22 22:00:00,31,9,22
2017-07-22 23:00:00,3,0,3
2017-07-23 00:00:00,4,2,2
2017-07-23 01:00:00,5,1,4
2017-07-23 02:00:00,0,0,0
2017-07-23 03:00:00,1,1,0
2017-07-23 04:00:00,2,1,1
2017-07-23 05:00:00,6,2,4
2017-07-23 06:00:00,25,21,4
2017-07-23 07:00:00,37,25,12
2017-07-23 08:00:00,93,62,31
2017-07-23 09:00:00,108,64,44
2017-07-23 10:00:00,188,109,79
2017-07-23 11:00:00,200,113,87
2017-07-23 12:00:00,206,101,105
2017-07-23 13:00:00,210,102,108
2017-07-23 14:00:00,245,119,126
2017-07-23 15:00:00,234,118,116
2017-07-23 16:00:00,221,112,109
2017-07-23 17:00:00,168,63,105
2017-07-23 18:00:00,123,65,58
2017-07-23 19:00:00,83,28,55
2017-07-23 20:00:00,33,18,15
2017-07-23 21:00:00,10,3,7
2017-07-23 22:00:00,6,6,0
2017-07-23 23:00:00,2,1,1
2017-07-24 00:00:00,0,0,0
2017-07-24 01:00:00,1,1,0
2017-07-24 02:00:00,1,0,1
2017-07-24 03:00:00,0,0,0
2017-07-24 04:00:00,8,1,7
2017-07-24 05:00:00,12,2,10
2017-07-24 06:00:00,64,14,50
2017-07-24 07:00:00,82,13,69
2017-07-24 08:00:00,120,35,85
2017-07-24 09:00:00,88,47,41
2017-07-24 10:00:00,95,42,53
2017-07-24 11:00:00,94,38,56
2017-07-24 12:00:00,102,55,47
2017-07-24 13:00:00,102,55,47
2017-07-24 14:00:00,93,36,57
2017-07-24 15:00:00,113,62,51
2017-07-24 16:00:00,145,84,61
2017-07-24 17:00:00,179,135,44
2017-07-24 18:00:00,177,126,51
2017-07-24 19:00:00,115,64,51
2017-07-24 20:00:00,89,50,39
2017-07-24 21:00:00,26,9,17
2017-07-24 22:00:00,8,6,2
2017-07-24 23:00:00,6,5,1
2017-07-25 00:00:00,5,2,3
2017-07-25 01:00:00,0,0,0
2017-07-25 02:00:00,0,0,0
2017-07-25 03:00:00,0,0,0
2017-07-25 04:00:00,6,0,6
2017-07-25 05:00:00,22,10,12
2017-07-25 06:00:00,68,16,52
2017-07-25 07:00:00,134,29,105
2017-07-25 08:00:00,126,35,91
2017-07-25 09:00:00,93,41,52
2017-07-25 10:00:00,74,38,36
2017-07-25 11:00:00,100,49,51
2017-07-25 12:00:00,94,36,58
2017-07-25 13:00:00,91,60,31
2017-07-25 14:00:00,101,60,41
2017-07-25 15:00:00,95,48,47
2017-07-25 16:00:00,148,95,53
2017-07-25 17:00:00,234,163,71
2017-07-25 18:00:00,201,135,66
2017-07-25 19:00:00,137,85,52
2017-07-25 20:00:00,70,29,41
2017-07-25 21:00:00,27,10,17
2017-07-25 22:00:00,7,5,2
2017-07-25 23:00:00,6,5,1
2017-07-26 00:00:00,2,2,0
2017-07-26 01:00:00,1,0,1
2017-07-26 02:00:00,0,0,0
2017-07-26 03:00:00,0,0,0
2017-07-26 04:00:00,4,2,2
2017-07-26 05:00:00,20,6,14
2017-07-26 06:00:00,65,16,49
2017-07-26 07:00:00,104,19,85
2017-07-26 08:00:00,124,33,91
2017-07-26 09:00:00,102,45,57
2017-07-26 10:00:00,111,67,44
2017-07-26 11:00:00,107,43,64
2017-07-26 12:00:00,111,58,53
2017-07-26 13:00:00,100,45,55
2017-07-26 14:00:00,98,61,37
2017-07-26 15:00:00,88,48,40
2017-07-26 16:00:00,165,113,52
2017-07-26 17:00:00,208,130,78
2017-07-26 18:00:00,184,123,61
2017-07-26 19:00:00,148,80,68
2017-07-26 20:00:00,74,29,45
2017-07-26 21:00:00,20,12,8
2017-07-26 22:00:00,13,9,4
2017-07-26 23:00:00,7,6,1
2017-07-27 00:00:00,0,0,0
2017-07-27 01:00:00,7,3,4
2017-07-27 02:00:00,2,0,2
2017-07-27 03:00:00,1,0,1
2017-07-27 04:00:00,6,2,4
2017-07-27 05:00:00,14,3,11
2017-07-27 06:00:00,79,20,59
2017-07-27 07:00:00,97,18,79
2017-07-27 08:00:00,94,25,69
2017-07-27 09:00:00,69,26,43
2017-07-27 10:00:00,43,25,18
2017-07-27 11:00:00,38,18,20
2017-07-27 12:00:00,44,19,25
2017-07-27 13:00:00,50,26,24
2017-07-27 14:00:00,50,22,28
2017-07-27 15:00:00,74,45,29
2017-07-27 16:00:00,135,101,34
2017-07-27 17:00:00,193,142,51
2017-07-27 18:00:00,170,109,61
2017-07-27 19:00:00,110,54,56
2017-07-27 20:00:00,53,23,30
2017-07-27 21:00:00,20,14,6
2017-07-27 22:00:00,10,3,7
2017-07-27 23:00:00,5,2,3
2017-07-28 00:00:00,2,0,2
2017-07-28 01:00:00,0,0,0
2017-07-28 02:00:00,2,2,0
2017-07-28 03:00:00,3,2,1
2017-07-28 04:00:00,3,1,2
2017-07-28 05:00:00,12,7,5
2017-07-28 06:00:00,53,14,39
2017-07-28 07:00:00,92,23,69
2017-07-28 08:00:00,89,29,60
2017-07-28 09:00:00,102,36,66
2017-07-28 10:00:00,84,48,36
2017-07-28 11:00:00,93,38,55
2017-07-28 12:00:00,94,45,49
2017-07-28 13:00:00,108,51,57
2017-07-28 14:00:00,99,51,48
2017-07-28 15:00:00,138,79,59
2017-07-28 16:00:00,148,89,59
2017-07-28 17:00:00,185,119,66
2017-07-28 18:00:00,156,88,68
2017-07-28 19:00:00,83,39,44
2017-07-28 20:00:00,39,18,21
2017-07-28 21:00:00,26,18,8
2017-07-28 22:00:00,10,9,1
2017-07-28 23:00:00,4,3,1
2017-07-29 00:00:00,2,2,0
2017-07-29 01:00:00,1,0,1
2017-07-29 02:00:00,2,2,0
2017-07-29 03:00:00,0,0,0
2017-07-29 04:00:00,1,1,0
2017-07-29 05:00:00,6,3,3
2017-07-29 06:00:00,36,25,11
2017-07-29 07:00:00,63,34,29
2017-07-29 08:00:00,116,71,45
2017-07-29 09:00:00,140,81,59
2017-07-29 10:00:00,221,124,97
2017-07-29 11:00:00,268,166,102
2017-07-29 12:00:00,280,149,131
2017-07-29 13:00:00,260,118,142
2017-07-29 14:00:00,230,117,113
2017-07-29 15:00:00,209,98,111
2017-07-29 16:00:00,198,95,103
2017-07-29 17:00:00,158,60,98
2017-07-29 18:00:00,116,48,68
2017-07-29 19:00:00,103,40,63
2017-07-29 20:00:00,65,24,41
2017-07-29 21:00:00,21,9,12
2017-07-29 22:00:00,13,8,5
2017-07-29 23:00:00,7,5,2
2017-07-30 00:00:00,0,0,0
2017-07-30 01:00:00,1,1,0
2017-07-30 02:00:00,0,0,0
2017-07-30 03:00:00,0,0,0
2017-07-30 04:00:00,0,0,0
2017-07-30 05:00:00,2,0,2
2017-07-30 06:00:00,32,23,9
2017-07-30 07:00:00,51,37,14
2017-07-30 08:00:00,94,55,39
2017-07-30 09:00:00,153,94,59
2017-07-30 10:00:00,156,93,63
2017-07-30 11:00:00,254,131,123
2017-07-30 12:00:00,265,111,154
2017-07-30 13:00:00,206,111,95
2017-07-30 14:00:00,242,122,120
2017-07-30 15:00:00,216,118,98
2017-07-30 16:00:00,202,99,103
2017-07-30 17:00:00,192,86,106
2017-07-30 18:00:00,155,69,86
2017-07-30 19:00:00,60,25,35
2017-07-30 20:00:00,40,17,23
2017-07-30 21:00:00,11,3,8
2017-07-30 22:00:00,4,1,3
2017-07-30 23:00:00,4,1,3
2017-07-31 00:00:00,1,0,1
2017-07-31 01:00:00,0,0,0
2017-07-31 02:00:00,1,1,0
2017-07-31 03:00:00,0,0,0
2017-07-31 04:00:00,3,0,3
2017-07-31 05:00:00,15,4,11
2017-07-31 06:00:00,72,22,50
2017-07-31 07:00:00,108,24,84
2017-07-31 08:00:00,114,27,87
2017-07-31 09:00:00,111,56,55
2017-07-31 10:00:00,87,38,49
2017-07-31 11:00:00,98,41,57
2017-07-31 12:00:00,89,46,43
2017-07-31 13:00:00,96,49,47
2017-07-31 14:00:00,101,53,48
2017-07-31 15:00:00,97,60,37
2017-07-31 16:00:00,141,93,48
2017-07-31 17:00:00,172,122,50
2017-07-31 18:00:00,198,125,73
2017-07-31 19:00:00,138,89,49
2017-07-31 20:00:00,65,29,36
2017-07-31 21:00:00,17,10,7
2017-07-31 22:00:00,7,4,3
2017-07-31 23:00:00,0,0,0
2017-08-01 00:00:00,1,1,0
2017-08-01 01:00:00,0,0,0
2017-08-01 02:00:00,1,1,0
2017-08-01 03:00:00,1,1,0
2017-08-01 04:00:00,5,1,4
2017-08-01 05:00:00,9,1,8
2017-08-01 06:00:00,77,23,54
2017-08-01 07:00:00,129,31,98
2017-08-01 08:00:00,132,39,93
2017-08-01 09:00:00,103,53,50
2017-08-01 10:00:00,88,44,44
2017-08-01 11:00:00,100,59,41
2017-08-01 12:00:00,87,36,51
2017-08-01 13:00:00,76,31,45
2017-08-01 14:00:00,88,49,39
2017-08-01 15:00:00,77,39,38
2017-08-01 16:00:00,137,95,42
2017-08-01 17:00:00,219,161,58
2017-08-01 18:00:00,183,134,49
2017-08-01 19:00:00,122,75,47
2017-08-01 20:00:00,66,29,37
2017-08-01 21:00:00,32,14,18
2017-08-01 22:00:00,6,1,5
2017-08-01 23:00:00,2,1,1
2017-08-02 00:00:00,0,0,0
2017-08-02 01:00:00,2,0,2
2017-08-02 02:00:00,1,1,0
2017-08-02 03:00:00,1,1,0
2017-08-02 04:00:00,3,0,3
2017-08-02 05:00:00,12,5,7
2017-08-02 06:00:00,68,16,52
2017-08-02 07:00:00,124,31,93
2017-08-02 08:00:00,126,45,81
2017-08-02 09:00:00,104,43,61
2017-08-02 10:00:00,87,34,53
2017-08-02 11:00:00,78,33,45
2017-08-02 12:00:00,77,42,35
2017-08-02 13:00:00,66,37,29
2017-08-02 14:00:00,71,33,38
2017-08-02 15:00:00,70,49,21
2017-08-02 16:00:00,113,85,28
2017-08-02 17:00:00,169,121,48
2017-08-02 18:00:00,147,88,59
2017-08-02 19:00:00,105,61,44
2017-08-02 20:00:00,73,47,26
2017-08-02 21:00:00,35,13,22
2017-08-02 22:00:00,11,9,2
2017-08-02 23:00:00,1,1,0
2017-08-03 00:00:00,0,0,0
2017-08-03 01:00:00,1,1,0
2017-08-03 02:00:00,2,2,0
2017-08-03 03:00:00,0,0,0
2017-08-03 04:00:00,1,0,1
2017-08-03 05:00:00,15,5,10
2017-08-03 06:00:00,54,18,36
2017-08-03 07:00:00,94,14,80
2017-08-03 08:00:00,115,40,75
2017-08-03 09:00:00,85,37,48
2017-08-03 10:00:00,60,28,32
2017-08-03 11:00:00,67,31,36
2017-08-03 12:00:00,49,24,25
2017-08-03 13:00:00,63,33,30
2017-08-03 14:00:00,54,36,18
2017-08-03 15:00:00,60,36,24
2017-08-03 16:00:00,90,63,27
2017-08-03 17:00:00,148,112,36
2017-08-03 18:00:00,132,85,47
2017-08-03 19:00:00,76,39,37
2017-08-03 20:00:00,43,19,24
2017-08-03 21:00:00,21,7,14
2017-08-03 22:00:00,5,2,3
2017-08-03 23:00:00,1,1,0
2017-08-04 00:00:00,3,3,0
2017-08-04 01:00:00,2,2,0
2017-08-04 02:00:00,2,2,0
2017-08-04 03:00:00,0,0,0
2017-08-04 04:00:00,2,1,1
2017-08-04 05:00:00,10,4,6
2017-08-04 06:00:00,56,18,38
2017-08-04 07:00:00,102,32,70
2017-08-04 08:00:00,97,32,65
2017-08-04 09:00:00,118,50,68
2017-08-04 10:00:00,77,33,44
2017-08-04 11:00:00,60,25,35
2017-08-04 12:00:00,83,33,50
2017-08-04 13:00:00,54,30,24
2017-08-04 14:00:00,56,38,18
2017-08-04 15:00:00,64,44,20
2017-08-04 16:00:00,75,52,23
2017-08-04 17:00:00,141,89,52
2017-08-04 18:00:00,98,46,52
2017-08-04 19:00:00,77,38,39
2017-08-04 20:00:00,42,23,19
2017-08-04 21:00:00,13,6,7
2017-08-04 22:00:00,8,3,5
2017-08-04 23:00:00,5,5,0
2017-08-05 00:00:00,6,1,5
2017-08-05 01:00:00,2,0,2
2017-08-05 02:00:00,0,0,0
2017-08-05 03:00:00,0,0,0
2017-08-05 04:00:00,1,0,1
2017-08-05 05:00:00,3,3,0
2017-08-05 06:00:00,22,16,6
2017-08-05 07:00:00,60,31,29
2017-08-05 08:00:00,117,78,39
2017-08-05 09:00:00,117,69,48
2017-08-05 10:00:00,184,96,88
2017-08-05 11:00:00,196,98,98
2017-08-05 12:00:00,204,75,129
2017-08-05 13:00:00,195,89,106
2017-08-05 14:00:00,162,92,70
2017-08-05 15:00:00,152,91,61
2017-08-05 16:00:00,140,61,79
2017-08-05 17:00:00,110,60,50
2017-08-05 18:00:00,91,42,49
2017-08-05 19:00:00,71,34,37
2017-08-05 20:00:00,45,18,27
2017-08-05 21:00:00,24,8,16
2017-08-05 22:00:00,4,2,2
2017-08-05 23:00:00,4,3,1
2017-08-06 00:00:00,5,5,0
2017-08-06 01:00:00,4,3,1
2017-08-06 02:00:00,0,0,0
2017-08-06 03:00:00,0,0,0
2017-08-06 04:00:00,1,1,0
2017-08-06 05:00:00,4,3,1
2017-08-06 06:00:00,19,14,5
2017-08-06 07:00:00,60,39,21
2017-08-06 08:00:00,103,52,51
2017-08-06 09:00:00,205,119,86
2017-08-06 10:00:00,213,112,101
2017-08-06 11:00:00,272,147,125
2017-08-06 12:00:00,229,115,114
2017-08-06 13:00:00,202,78,124
2017-08-06 14:00:00,209,108,101
2017-08-06 15:00:00,166,87,79
2017-08-06 16:00:00,206,96,110
2017-08-06 17:00:00,149,69,80
2017-08-06 18:00:00,96,43,53
2017-08-06 19:00:00,69,39,30
2017-08-06 20:00:00,30,7,23
2017-08-06 21:00:00,9,4,5
2017-08-06 22:00:00,7,3,4
2017-08-06 23:00:00,0,0,0
2017-08-07 00:00:00,2,1,1
2017-08-07 01:00:00,0,0,0
2017-08-07 02:00:00,1,1,0
2017-08-07 03:00:00,0,0,0
2017-08-07 04:00:00,2,0,2
2017-08-07 05:00:00,17,4,13
2017-08-07 06:00:00,60,16,44
2017-08-07 07:00:00,106,20,86
2017-08-07 08:00:00,115,28,87
2017-08-07 09:00:00,80,39,41
2017-08-07 10:00:00,47,20,27
2017-08-07 11:00:00,57,24,33
2017-08-07 12:00:00,79,32,47
2017-08-07 13:00:00,79,45,34
2017-08-07 14:00:00,82,49,33
2017-08-07 15:00:00,89,53,36
2017-08-07 16:00:00,143,92,51
2017-08-07 17:00:00,179,128,51
2017-08-07 18:00:00,148,95,53
2017-08-07 19:00:00,110,69,41
2017-08-07 20:00:00,53,19,34
2017-08-07 21:00:00,16,6,10
2017-08-07 22:00:00,3,3,0
2017-08-07 23:00:00,1,1,0
2017-08-08 00:00:00,1,1,0
2017-08-08 01:00:00,1,0,1
2017-08-08 02:00:00,2,2,0
2017-08-08 03:00:00,1,0,1
2017-08-08 04:00:00,3,1,2
2017-08-08 05:00:00,11,4,7
2017-08-08 06:00:00,54,18,36
2017-08-08 07:00:00,126,27,99
2017-08-08 08:00:00,122,28,94
2017-08-08 09:00:00,103,45,58
2017-08-08 10:00:00,78,43,35
2017-08-08 11:00:00,97,48,49
2017-08-08 12:00:00,81,34,47
2017-08-08 13:00:00,83,49,34
2017-08-08 14:00:00,73,38,35
2017-08-08 15:00:00,76,38,38
2017-08-08 16:00:00,117,84,33
2017-08-08 17:00:00,217,159,58
2017-08-08 18:00:00,154,99,55
2017-08-08 19:00:00,116,71,45
2017-08-08 20:00:00,67,32,35
2017-08-08 21:00:00,20,8,12
2017-08-08 22:00:00,6,5,1
2017-08-08 23:00:00,3,3,0
2017-08-09 00:00:00,0,0,0
2017-08-09 01:00:00,0,0,0
2017-08-09 02:00:00,2,2,0
2017-08-09 03:00:00,1,0,1
2017-08-09 04:00:00,3,1,2
2017-08-09 05:00:00,24,5,19
2017-08-09 06:00:00,56,12,44
2017-08-09 07:00:00,115,21,94
2017-08-09 08:00:00,111,27,84
2017-08-09 09:00:00,111,49,62
2017-08-09 10:00:00,85,30,55
2017-08-09 11:00:00,91,50,41
2017-08-09 12:00:00,72,42,30
2017-08-09 13:00:00,51,22,29
2017-08-09 14:00:00,77,44,33
2017-08-09 15:00:00,79,49,30
2017-08-09 16:00:00,115,85,30
2017-08-09 17:00:00,167,127,40
2017-08-09 18:00:00,150,103,47
2017-08-09 19:00:00,118,66,52
2017-08-09 20:00:00,62,33,29
2017-08-09 21:00:00,19,8,11
2017-08-09 22:00:00,11,5,6
2017-08-09 23:00:00,3,2,1
2017-08-10 00:00:00,1,1,0
2017-08-10 01:00:00,0,0,0
2017-08-10 02:00:00,2,1,1
2017-08-10 03:00:00,1,0,1
2017-08-10 04:00:00,1,0,1
2017-08-10 05:00:00,10,4,6
2017-08-10 06:00:00,54,15,39
2017-08-10 07:00:00,98,18,80
2017-08-10 08:00:00,101,27,74
2017-08-10 09:00:00,78,36,42
2017-08-10 10:00:00,71,39,32
2017-08-10 11:00:00,63,37,26
2017-08-10 12:00:00,61,37,24
2017-08-10 13:00:00,77,31,46
2017-08-10 14:00:00,87,53,34
2017-08-10 15:00:00,85,47,38
2017-08-10 16:00:00,115,78,37
2017-08-10 17:00:00,158,112,46
2017-08-10 18:00:00,122,81,41
2017-08-10 19:00:00,110,59,51
2017-08-10 20:00:00,67,36,31
2017-08-10 21:00:00,23,14,9
2017-08-10 22:00:00,10,2,8
2017-08-10 23:00:00,5,4,1
2017-08-11 00:00:00,1,1,0
2017-08-11 01:00:00,2,2,0
2017-08-11 02:00:00,1,1,0
2017-08-11 03:00:00,0,0,0
2017-08-11 04:00:00,3,2,1
2017-08-11 05:00:00,12,7,5
2017-08-11 06:00:00,59,16,43
2017-08-11 07:00:00,82,19,63
2017-08-11 08:00:00,120,40,80
2017-08-11 09:00:00,94,41,53
2017-08-11 10:00:00,89,34,55
2017-08-11 11:00:00,61,30,31
2017-08-11 12:00:00,68,38,30
2017-08-11 13:00:00,91,52,39
2017-08-11 14:00:00,68,38,30
2017-08-11 15:00:00,88,52,36
2017-08-11 16:00:00,129,83,46
2017-08-11 17:00:00,138,93,45
2017-08-11 18:00:00,126,81,45
2017-08-11 19:00:00,72,44,28
2017-08-11 20:00:00,52,20,32
2017-08-11 21:00:00,13,7,6
2017-08-11 22:00:00,2,2,0
2017-08-11 23:00:00,0,0,0
2017-08-12 00:00:00,1,1,0
2017-08-12 01:00:00,1,1,0
2017-08-12 02:00:00,1,1,0
2017-08-12 03:00:00,0,0,0
2017-08-12 04:00:00,0,0,0
2017-08-12 05:00:00,1,0,1
2017-08-12 06:00:00,25,13,12
2017-08-12 07:00:00,55,31,24
2017-08-12 08:00:00,94,59,35
2017-08-12 09:00:00,179,120,59
2017-08-12 10:00:00,153,89,64
2017-08-12 11:00:00,189,122,67
2017-08-12 12:00:00,173,93,80
2017-08-12 13:00:00,184,96,88
2017-08-12 14:00:00,207,113,94
2017-08-12 15:00:00,208,106,102
2017-08-12 16:00:00,190,86,104
2017-08-12 17:00:00,153,66,87
2017-08-12 18:00:00,125,50,75
2017-08-12 19:00:00,100,46,54
2017-08-12 20:00:00,35,12,23
2017-08-12 21:00:00,9,7,2
2017-08-12 22:00:00,4,4,0
2017-08-12 23:00:00,5,5,0
2017-08-13 00:00:00,1,0,1
2017-08-13 01:00:00,0,0,0
2017-08-13 02:00:00,0,0,0
2017-08-13 03:00:00,0,0,0
2017-08-13 04:00:00,1,1,0
2017-08-13 05:00:00,3,1,2
2017-08-13 06:00:00,18,5,13
2017-08-13 07:00:00,36,20,16
2017-08-13 08:00:00,81,54,27
2017-08-13 09:00:00,112,64,48
2017-08-13 10:00:00,81,49,32
2017-08-13 11:00:00,99,65,34
2017-08-13 12:00:00,115,63,52
2017-08-13 13:00:00,112,56,56
2017-08-13 14:00:00,139,78,61
2017-08-13 15:00:00,132,70,62
2017-08-13 16:00:00,127,57,70
2017-08-13 17:00:00,88,31,57
2017-08-13 18:00:00,66,25,41
2017-08-13 19:00:00,31,12,19
2017-08-13 20:00:00,19,8,11
2017-08-13 21:00:00,4,2,2
2017-08-13 22:00:00,1,0,1
2017-08-13 23:00:00,0,0,0
2017-08-14 00:00:00,2,2,0
2017-08-14 01:00:00,0,0,0
2017-08-14 02:00:00,1,1,0
2017-08-14 03:00:00,1,0,1
2017-08-14 04:00:00,5,2,3
2017-08-14 05:00:00,13,2,11
2017-08-14 06:00:00,53,14,39
2017-08-14 07:00:00,76,15,61
2017-08-14 08:00:00,103,25,78
2017-08-14 09:00:00,87,36,51
2017-08-14 10:00:00,69,30,39
2017-08-14 11:00:00,55,27,28
2017-08-14 12:00:00,81,35,46
2017-08-14 13:00:00,55,32,23
2017-08-14 14:00:00,58,22,36
2017-08-14 15:00:00,111,71,40
2017-08-14 16:00:00,120,71,49
2017-08-14 17:00:00,177,124,53
2017-08-14 18:00:00,176,101,75
2017-08-14 19:00:00,116,70,46
2017-08-14 20:00:00,67,38,29
2017-08-14 21:00:00,15,8,7
2017-08-14 22:00:00,2,2,0
2017-08-14 23:00:00,0,0,0
2017-08-15 00:00:00,1,1,0
2017-08-15 01:00:00,0,0,0
2017-08-15 02:00:00,2,2,0
2017-08-15 03:00:00,2,1,1
2017-08-15 04:00:00,2,1,1
2017-08-15 05:00:00,15,2,13
2017-08-15 06:00:00,64,17,47
2017-08-15 07:00:00,119,17,102
2017-08-15 08:00:00,110,28,82
2017-08-15 09:00:00,101,38,63
2017-08-15 10:00:00,62,26,36
2017-08-15 11:00:00,91,53,38
2017-08-15 12:00:00,100,38,62
2017-08-15 13:00:00,62,32,30
2017-08-15 14:00:00,95,51,44
2017-08-15 15:00:00,90,56,34
2017-08-15 16:00:00,142,96,46
2017-08-15 17:00:00,215,152,63
2017-08-15 18:00:00,202,133,69
2017-08-15 19:00:00,114,59,55
2017-08-15 20:00:00,78,31,47
2017-08-15 21:00:00,26,14,12
2017-08-15 22:00:00,3,2,1
2017-08-15 23:00:00,4,3,1
2017-08-16 00:00:00,4,2,2
2017-08-16 01:00:00,0,0,0
2017-08-16 02:00:00,2,2,0
2017-08-16 03:00:00,0,0,0
2017-08-16 04:00:00,5,1,4
2017-08-16 05:00:00,13,5,8
2017-08-16 06:00:00,83,23,60
2017-08-16 07:00:00,103,24,79
2017-08-16 08:00:00,115,28,87
2017-08-16 09:00:00,82,33,49
2017-08-16 10:00:00,97,40,57
2017-08-16 11:00:00,86,50,36
2017-08-16 12:00:00,77,34,43
2017-08-16 13:00:00,77,37,40
2017-08-16 14:00:00,102,48,54
2017-08-16 15:00:00,98,59,39
2017-08-16 16:00:00,128,93,35
2017-08-16 17:00:00,209,140,69
2017-08-16 18:00:00,181,108,73
2017-08-16 19:00:00,112,64,48
2017-08-16 20:00:00,49,22,27
2017-08-16 21:00:00,11,6,5
2017-08-16 22:00:00,7,3,4
2017-08-16 23:00:00,3,3,0
2017-08-17 00:00:00,2,2,0
2017-08-17 01:00:00,2,1,1
2017-08-17 02:00:00,2,2,0
2017-08-17 03:00:00,3,1,2
2017-08-17 04:00:00,4,1,3
2017-08-17 05:00:00,13,1,12
2017-08-17 06:00:00,52,11,41
2017-08-17 07:00:00,92,27,65
2017-08-17 08:00:00,110,25,85
2017-08-17 09:00:00,81,37,44
2017-08-17 10:00:00,58,28,30
2017-08-17 11:00:00,67,36,31
2017-08-17 12:00:00,64,33,31
2017-08-17 13:00:00,65,39,26
2017-08-17 14:00:00,80,44,36
2017-08-17 15:00:00,90,47,43
2017-08-17 16:00:00,130,89,41
2017-08-17 17:00:00,162,124,38
2017-08-17 18:00:00,158,101,57
2017-08-17 19:00:00,90,45,45
2017-08-17 20:00:00,46,20,26
2017-08-17 21:00:00,13,5,8
2017-08-17 22:00:00,11,6,5
2017-08-17 23:00:00,1,0,1
2017-08-18 00:00:00,3,2,1
2017-08-18 01:00:00,0,0,0
2017-08-18 02:00:00,0,0,0
2017-08-18 03:00:00,1,0,1
2017-08-18 04:00:00,0,0,0
2017-08-18 05:00:00,27,21,6
2017-08-18 06:00:00,832,757,75
2017-08-18 07:00:00,866,752,114
2017-08-18 08:00:00,107,56,51
2017-08-18 09:00:00,90,32,58
2017-08-18 10:00:00,82,41,41
2017-08-18 11:00:00,73,34,39
2017-08-18 12:00:00,104,49,55
2017-08-18 13:00:00,77,42,35
2017-08-18 14:00:00,101,48,53
2017-08-18 15:00:00,116,65,51
2017-08-18 16:00:00,149,77,72
2017-08-18 17:00:00,185,104,81
2017-08-18 18:00:00,111,65,46
2017-08-18 19:00:00,73,45,28
2017-08-18 20:00:00,31,17,14
2017-08-18 21:00:00,10,4,6
2017-08-18 22:00:00,10,6,4
2017-08-18 23:00:00,0,0,0
2017-08-19 00:00:00,2,2,0
2017-08-19 01:00:00,3,3,0
2017-08-19 02:00:00,0,0,0
2017-08-19 03:00:00,3,3,0
2017-08-19 04:00:00,1,1,0
2017-08-19 05:00:00,3,2,1
2017-08-19 06:00:00,18,11,7
2017-08-19 07:00:00,26,16,10
2017-08-19 08:00:00,74,45,29
2017-08-19 09:00:00,104,67,37
2017-08-19 10:00:00,159,89,70
2017-08-19 11:00:00,172,98,74
2017-08-19 12:00:00,202,117,85
2017-08-19 13:00:00,202,87,115
2017-08-19 14:00:00,194,100,94
2017-08-19 15:00:00,183,80,103
2017-08-19 16:00:00,136,66,70
2017-08-19 17:00:00,141,66,75
2017-08-19 18:00:00,88,43,45
2017-08-19 19:00:00,68,30,38
2017-08-19 20:00:00,38,12,26
2017-08-19 21:00:00,7,7,0
2017-08-19 22:00:00,2,0,2
2017-08-19 23:00:00,3,1,2
2017-08-20 00:00:00,4,0,4
2017-08-20 01:00:00,0,0,0
2017-08-20 02:00:00,0,0,0
2017-08-20 03:00:00,0,0,0
2017-08-20 04:00:00,0,0,0
2017-08-20 05:00:00,2,1,1
2017-08-20 06:00:00,16,15,1
2017-08-20 07:00:00,36,26,10
2017-08-20 08:00:00,62,34,28
2017-08-20 09:00:00,76,37,39
2017-08-20 10:00:00,136,71,65
2017-08-20 11:00:00,204,141,63
2017-08-20 12:00:00,175,90,85
2017-08-20 13:00:00,191,94,97
2017-08-20 14:00:00,235,113,122
2017-08-20 15:00:00,201,84,117
2017-08-20 16:00:00,124,63,61
2017-08-20 17:00:00,108,42,66
2017-08-20 18:00:00,75,30,45
2017-08-20 19:00:00,46,18,28
2017-08-20 20:00:00,29,15,14
2017-08-20 21:00:00,0,0,0
2017-08-20 22:00:00,2,2,0
2017-08-20 23:00:00,2,2,0
2017-08-21 00:00:00,1,1,0
2017-08-21 01:00:00,0,0,0
2017-08-21 02:00:00,0,0,0
2017-08-21 03:00:00,0,0,0
2017-08-21 04:00:00,4,2,2
2017-08-21 05:00:00,8,3,5
2017-08-21 06:00:00,38,12,26
2017-08-21 07:00:00,93,23,70
2017-08-21 08:00:00,73,21,52
2017-08-21 09:00:00,36,14,22
2017-08-21 10:00:00,31,12,19
2017-08-21 11:00:00,53,24,29
2017-08-21 12:00:00,46,25,21
2017-08-21 13:00:00,85,43,42
2017-08-21 14:00:00,71,35,36
2017-08-21 15:00:00,84,44,40
2017-08-21 16:00:00,121,87,34
2017-08-21 17:00:00,174,109,65
2017-08-21 18:00:00,140,85,55
2017-08-21 19:00:00,93,57,36
2017-08-21 20:00:00,46,16,30
2017-08-21 21:00:00,11,7,4
2017-08-21 22:00:00,2,2,0
2017-08-21 23:00:00,1,0,1
2017-08-22 00:00:00,1,1,0
2017-08-22 01:00:00,0,0,0
2017-08-22 02:00:00,0,0,0
2017-08-22 03:00:00,1,0,1
2017-08-22 04:00:00,3,1,2
2017-08-22 05:00:00,6,3,3
2017-08-22 06:00:00,62,21,41
2017-08-22 07:00:00,80,13,67
2017-08-22 08:00:00,117,33,84
2017-08-22 09:00:00,62,25,37
2017-08-22 10:00:00,82,43,39
2017-08-22 11:00:00,65,37,28
2017-08-22 12:00:00,65,27,38
2017-08-22 13:00:00,85,43,42
2017-08-22 14:00:00,73,38,35
2017-08-22 15:00:00,88,39,49
2017-08-22 16:00:00,116,77,39
2017-08-22 17:00:00,202,143,59
2017-08-22 18:00:00,171,117,54
2017-08-22 19:00:00,132,74,58
2017-08-22 20:00:00,59,27,32
2017-08-22 21:00:00,17,5,12
2017-08-22 22:00:00,10,9,1
2017-08-22 23:00:00,6,2,4
2017-08-23 00:00:00,2,2,0
2017-08-23 01:00:00,0,0,0
2017-08-23 02:00:00,1,1,0
2017-08-23 03:00:00,1,0,1
2017-08-23 04:00:00,3,1,2
2017-08-23 05:00:00,13,3,10
2017-08-23 06:00:00,66,17,49
2017-08-23 07:00:00,93,33,60
2017-08-23 08:00:00,100,19,81
2017-08-23 09:00:00,81,25,56
2017-08-23 10:00:00,78,51,27
2017-08-23 11:00:00,50,24,26
2017-08-23 12:00:00,74,42,32
2017-08-23 13:00:00,86,29,57
2017-08-23 14:00:00,80,39,41
2017-08-23 15:00:00,95,54,41
2017-08-23 16:00:00,163,102,61
2017-08-23 17:00:00,191,129,62
2017-08-23 18:00:00,149,102,47
2017-08-23 19:00:00,74,40,34
2017-08-23 20:00:00,47,28,19
2017-08-23 21:00:00,15,8,7
2017-08-23 22:00:00,6,5,1
2017-08-23 23:00:00,1,1,0
2017-08-24 00:00:00,0,0,0
2017-08-24 01:00:00,0,0,0
2017-08-24 02:00:00,1,0,1
2017-08-24 03:00:00,1,0,1
2017-08-24 04:00:00,2,0,2
2017-08-24 05:00:00,6,3,3
2017-08-24 06:00:00,50,10,40
2017-08-24 07:00:00,104,21,83
2017-08-24 08:00:00,85,35,50
2017-08-24 09:00:00,47,14,33
2017-08-24 10:00:00,77,50,27
2017-08-24 11:00:00,64,29,35
2017-08-24 12:00:00,30,15,15
2017-08-24 13:00:00,50,29,21
2017-08-24 14:00:00,71,29,42
2017-08-24 15:00:00,66,37,29
2017-08-24 16:00:00,123,88,35
2017-08-24 17:00:00,182,110,72
2017-08-24 18:00:00,136,91,45
2017-08-24 19:00:00,104,55,49
2017-08-24 20:00:00,31,14,17
2017-08-24 21:00:00,7,4,3
2017-08-24 22:00:00,7,2,5
2017-08-24 23:00:00,1,1,0
2017-08-25 00:00:00,1,1,0
2017-08-25 01:00:00,0,0,0
2017-08-25 02:00:00,1,1,0
2017-08-25 03:00:00,3,2,1
2017-08-25 04:00:00,4,1,3
2017-08-25 05:00:00,9,4,5
2017-08-25 06:00:00,64,19,45
2017-08-25 07:00:00,85,26,59
2017-08-25 08:00:00,71,24,47
2017-08-25 09:00:00,76,34,42
2017-08-25 10:00:00,61,34,27
2017-08-25 11:00:00,91,48,43
2017-08-25 12:00:00,80,38,42
2017-08-25 13:00:00,85,43,42
2017-08-25 14:00:00,87,46,41
2017-08-25 15:00:00,114,61,53
2017-08-25 16:00:00,139,82,57
2017-08-25 17:00:00,174,114,60
2017-08-25 18:00:00,151,77,74
2017-08-25 19:00:00,103,61,42
2017-08-25 20:00:00,31,13,18
2017-08-25 21:00:00,14,7,7
2017-08-25 22:00:00,3,1,2
2017-08-25 23:00:00,12,1,11
2017-08-26 00:00:00,2,2,0
2017-08-26 01:00:00,1,0,1
2017-08-26 02:00:00,1,1,0
2017-08-26 03:00:00,1,0,1
2017-08-26 04:00:00,0,0,0
2017-08-26 05:00:00,3,3,0
2017-08-26 06:00:00,19,5,14
2017-08-26 07:00:00,36,20,16
2017-08-26 08:00:00,71,42,29
2017-08-26 09:00:00,128,73,55
2017-08-26 10:00:00,184,109,75
2017-08-26 11:00:00,216,112,104
2017-08-26 12:00:00,226,104,122
2017-08-26 13:00:00,193,97,96
2017-08-26 14:00:00,216,117,99
2017-08-26 15:00:00,235,126,109
2017-08-26 16:00:00,205,89,116
2017-08-26 17:00:00,114,57,57
2017-08-26 18:00:00,85,44,41
2017-08-26 19:00:00,76,29,47
2017-08-26 20:00:00,21,5,16
2017-08-26 21:00:00,9,2,7
2017-08-26 22:00:00,5,5,0
2017-08-26 23:00:00,3,1,2
2017-08-27 00:00:00,2,1,1
2017-08-27 01:00:00,0,0,0
2017-08-27 02:00:00,3,0,3
2017-08-27 03:00:00,0,0,0
2017-08-27 04:00:00,0,0,0
2017-08-27 05:00:00,2,2,0
2017-08-27 06:00:00,20,9,11
2017-08-27 07:00:00,28,14,14
2017-08-27 08:00:00,74,35,39
2017-08-27 09:00:00,123,88,35
2017-08-27 10:00:00,176,96,80
2017-08-27 11:00:00,198,121,77
2017-08-27 12:00:00,234,96,138
2017-08-27 13:00:00,245,124,121
2017-08-27 14:00:00,238,116,122
2017-08-27 15:00:00,213,111,102
2017-08-27 16:00:00,161,71,90
2017-08-27 17:00:00,113,53,60
2017-08-27 18:00:00,86,37,49
2017-08-27 19:00:00,51,24,27
2017-08-27 20:00:00,29,9,20
2017-08-27 21:00:00,9,4,5
2017-08-27 22:00:00,1,1,0
2017-08-27 23:00:00,1,0,1
2017-08-28 00:00:00,0,0,0
2017-08-28 01:00:00,0,0,0
2017-08-28 02:00:00,1,1,0
2017-08-28 03:00:00,0,0,0
2017-08-28 04:00:00,3,1,2
2017-08-28 05:00:00,12,1,11
2017-08-28 06:00:00,47,9,38
2017-08-28 07:00:00,96,14,82
2017-08-28 08:00:00,99,31,68
2017-08-28 09:00:00,82,37,45
2017-08-28 10:00:00,81,32,49
2017-08-28 11:00:00,104,56,48
2017-08-28 12:00:00,90,30,60
2017-08-28 13:00:00,77,43,34
2017-08-28 14:00:00,69,36,33
2017-08-28 15:00:00,82,47,35
2017-08-28 16:00:00,98,70,28
2017-08-28 17:00:00,193,143,50
2017-08-28 18:00:00,147,87,60
2017-08-28 19:00:00,102,54,48
2017-08-28 20:00:00,27,11,16
2017-08-28 21:00:00,2,1,1
2017-08-28 22:00:00,2,1,1
2017-08-28 23:00:00,3,1,2
2017-08-29 00:00:00,2,0,2
2017-08-29 01:00:00,1,1,0
2017-08-29 02:00:00,1,0,1
2017-08-29 03:00:00,1,1,0
2017-08-29 04:00:00,7,3,4
2017-08-29 05:00:00,14,3,11
2017-08-29 06:00:00,48,10,38
2017-08-29 07:00:00,140,33,107
2017-08-29 08:00:00,125,25,100
2017-08-29 09:00:00,78,28,50
2017-08-29 10:00:00,99,66,33
2017-08-29 11:00:00,88,56,32
2017-08-29 12:00:00,71,39,32
2017-08-29 13:00:00,74,35,39
2017-08-29 14:00:00,94,30,64
2017-08-29 15:00:00,82,43,39
2017-08-29 16:00:00,139,95,44
2017-08-29 17:00:00,212,133,79
2017-08-29 18:00:00,188,121,67
2017-08-29 19:00:00,119,60,59
2017-08-29 20:00:00,41,13,28
2017-08-29 21:00:00,6,0,6
2017-08-29 22:00:00,3,3,0
2017-08-29 23:00:00,6,2,4
2017-08-30 00:00:00,2,2,0
2017-08-30 01:00:00,1,1,0
2017-08-30 02:00:00,1,1,0
2017-08-30 03:00:00,0,0,0
2017-08-30 04:00:00,2,1,1
2017-08-30 05:00:00,13,2,11
2017-08-30 06:00:00,48,10,38
2017-08-30 07:00:00,98,19,79
2017-08-30 08:00:00,122,39,83
2017-08-30 09:00:00,68,35,33
2017-08-30 10:00:00,58,24,34
2017-08-30 11:00:00,46,21,25
2017-08-30 12:00:00,64,38,26
2017-08-30 13:00:00,62,38,24
2017-08-30 14:00:00,80,49,31
2017-08-30 15:00:00,96,56,40
2017-08-30 16:00:00,134,88,46
2017-08-30 17:00:00,185,128,57
2017-08-30 18:00:00,187,119,68
2017-08-30 19:00:00,102,50,52
2017-08-30 20:00:00,50,30,20
2017-08-30 21:00:00,12,3,9
2017-08-30 22:00:00,8,4,4
2017-08-30 23:00:00,2,0,2
2017-08-31 00:00:00,0,0,0
2017-08-31 01:00:00,0,0,0
2017-08-31 02:00:00,0,0,0
2017-08-31 03:00:00,1,1,0
2017-08-31 04:00:00,4,1,3
2017-08-31 05:00:00,5,1,4
2017-08-31 06:00:00,46,12,34
2017-08-31 07:00:00,104,17,87
2017-08-31 08:00:00,80,26,54
2017-08-31 09:00:00,49,19,30
2017-08-31 10:00:00,31,9,22
2017-08-31 11:00:00,21,7,14
2017-08-31 12:00:00,25,12,13
2017-08-31 13:00:00,38,12,26
2017-08-31 14:00:00,59,39,20
2017-08-31 15:00:00,82,54,28
2017-08-31 16:00:00,109,73,36
2017-08-31 17:00:00,146,103,43
2017-08-31 18:00:00,141,80,61
2017-08-31 19:00:00,84,44,40
2017-08-31 20:00:00,32,21,11
2017-08-31 21:00:00,11,4,7
2017-08-31 22:00:00,2,2,0
2017-08-31 23:00:00,3,2,1
2017-09-01 00:00:00,0,0,0
2017-09-01 01:00:00,8,5,3
2017-09-01 02:00:00,1,1,0
2017-09-01 03:00:00,0,0,0
2017-09-01 04:00:00,4,3,1
2017-09-01 05:00:00,10,5,5
2017-09-01 06:00:00,59,13,46
2017-09-01 07:00:00,95,14,81
2017-09-01 08:00:00,95,28,67
2017-09-01 09:00:00,92,35,57
2017-09-01 10:00:00,83,47,36
2017-09-01 11:00:00,107,44,63
2017-09-01 12:00:00,96,52,44
2017-09-01 13:00:00,111,55,56
2017-09-01 14:00:00,104,61,43
2017-09-01 15:00:00,119,72,47
2017-09-01 16:00:00,166,107,59
2017-09-01 17:00:00,132,79,53
2017-09-01 18:00:00,138,88,50
2017-09-01 19:00:00,59,29,30
2017-09-01 20:00:00,25,14,11
2017-09-01 21:00:00,7,4,3
2017-09-01 22:00:00,1,1,0
2017-09-01 23:00:00,4,3,1
2017-09-02 00:00:00,4,4,0
2017-09-02 01:00:00,0,0,0
2017-09-02 02:00:00,0,0,0
2017-09-02 03:00:00,0,0,0
2017-09-02 04:00:00,0,0,0
2017-09-02 05:00:00,2,2,0
2017-09-02 06:00:00,26,17,9
2017-09-02 07:00:00,44,27,17
2017-09-02 08:00:00,84,42,42
2017-09-02 09:00:00,127,66,61
2017-09-02 10:00:00,200,115,85
2017-09-02 11:00:00,203,119,84
2017-09-02 12:00:00,213,95,118
2017-09-02 13:00:00,208,91,117
2017-09-02 14:00:00,192,107,85
2017-09-02 15:00:00,190,120,70
2017-09-02 16:00:00,144,69,75
2017-09-02 17:00:00,115,53,62
2017-09-02 18:00:00,81,39,42
2017-09-02 19:00:00,71,24,47
2017-09-02 20:00:00,23,8,15
2017-09-02 21:00:00,16,5,11
2017-09-02 22:00:00,4,1,3
2017-09-02 23:00:00,6,5,1
2017-09-03 00:00:00,0,0,0
2017-09-03 01:00:00,1,0,1
2017-09-03 02:00:00,0,0,0
2017-09-03 03:00:00,0,0,0
2017-09-03 04:00:00,1,1,0
2017-09-03 05:00:00,2,1,1
2017-09-03 06:00:00,11,6,5
2017-09-03 07:00:00,44,31,13
2017-09-03 08:00:00,68,41,27
2017-09-03 09:00:00,129,68,61
2017-09-03 10:00:00,189,96,93
2017-09-03 11:00:00,236,122,114
2017-09-03 12:00:00,230,119,111
2017-09-03 13:00:00,188,78,110
2017-09-03 14:00:00,208,105,103
2017-09-03 15:00:00,156,78,78
2017-09-03 16:00:00,170,82,88
2017-09-03 17:00:00,116,54,62
2017-09-03 18:00:00,100,48,52
2017-09-03 19:00:00,68,24,44
2017-09-03 20:00:00,20,7,13
2017-09-03 21:00:00,6,2,4
2017-09-03 22:00:00,4,2,2
2017-09-03 23:00:00,1,0,1
2017-09-04 00:00:00,3,2,1
2017-09-04 01:00:00,1,1,0
2017-09-04 02:00:00,0,0,0
2017-09-04 03:00:00,0,0,0
2017-09-04 04:00:00,0,0,0
2017-09-04 05:00:00,4,1,3
2017-09-04 06:00:00,15,14,1
2017-09-04 07:00:00,60,35,25
2017-09-04 08:00:00,99,57,42
2017-09-04 09:00:00,156,86,70
2017-09-04 10:00:00,284,141,143
2017-09-04 11:00:00,285,148,137
2017-09-04 12:00:00,251,117,134
2017-09-04 13:00:00,201,102,99
2017-09-04 14:00:00,206,103,103
2017-09-04 15:00:00,194,96,98
2017-09-04 16:00:00,146,76,70
2017-09-04 17:00:00,118,53,65
2017-09-04 18:00:00,92,42,50
2017-09-04 19:00:00,56,19,37
2017-09-04 20:00:00,20,6,14
2017-09-04 21:00:00,7,5,2
2017-09-04 22:00:00,7,4,3
2017-09-04 23:00:00,3,1,2
2017-09-05 00:00:00,4,2,2
2017-09-05 01:00:00,0,0,0
2017-09-05 02:00:00,1,1,0
2017-09-05 03:00:00,0,0,0
2017-09-05 04:00:00,6,2,4
2017-09-05 05:00:00,10,5,5
2017-09-05 06:00:00,47,12,35
2017-09-05 07:00:00,98,17,81
2017-09-05 08:00:00,104,36,68
2017-09-05 09:00:00,68,31,37
2017-09-05 10:00:00,39,15,24
2017-09-05 11:00:00,61,29,32
2017-09-05 12:00:00,37,24,13
2017-09-05 13:00:00,35,12,23
2017-09-05 14:00:00,35,20,15
2017-09-05 15:00:00,46,28,18
2017-09-05 16:00:00,75,49,26
2017-09-05 17:00:00,120,89,31
2017-09-05 18:00:00,79,51,28
2017-09-05 19:00:00,44,26,18
2017-09-05 20:00:00,8,5,3
2017-09-05 21:00:00,8,7,1
2017-09-05 22:00:00,2,2,0
2017-09-05 23:00:00,1,0,1
2017-09-06 00:00:00,1,1,0
2017-09-06 01:00:00,3,3,0
2017-09-06 02:00:00,3,2,1
2017-09-06 03:00:00,0,0,0
2017-09-06 04:00:00,4,0,4
2017-09-06 05:00:00,7,2,5
2017-09-06 06:00:00,33,9,24
2017-09-06 07:00:00,61,12,49
2017-09-06 08:00:00,73,17,56
2017-09-06 09:00:00,60,25,35
2017-09-06 10:00:00,10,4,6
2017-09-06 11:00:00,41,18,23
2017-09-06 12:00:00,39,17,22
2017-09-06 13:00:00,40,24,16
2017-09-06 14:00:00,38,19,19
2017-09-06 15:00:00,55,34,21
2017-09-06 16:00:00,82,45,37
2017-09-06 17:00:00,118,73,45
2017-09-06 18:00:00,98,71,27
2017-09-06 19:00:00,39,23,16
2017-09-06 20:00:00,10,3,7
2017-09-06 21:00:00,11,8,3
2017-09-06 22:00:00,3,2,1
2017-09-06 23:00:00,4,3,1
2017-09-07 00:00:00,0,0,0
2017-09-07 01:00:00,1,1,0
2017-09-07 02:00:00,0,0,0
2017-09-07 03:00:00,0,0,0
2017-09-07 04:00:00,4,2,2
2017-09-07 05:00:00,7,3,4
2017-09-07 06:00:00,47,12,35
2017-09-07 07:00:00,98,18,80
2017-09-07 08:00:00,77,18,59
2017-09-07 09:00:00,55,22,33
2017-09-07 10:00:00,44,14,30
2017-09-07 11:00:00,46,23,23
2017-09-07 12:00:00,41,25,16
2017-09-07 13:00:00,39,18,21
2017-09-07 14:00:00,49,23,26
2017-09-07 15:00:00,52,36,16
2017-09-07 16:00:00,113,82,31
2017-09-07 17:00:00,133,93,40
2017-09-07 18:00:00,111,72,39
2017-09-07 19:00:00,53,30,23
2017-09-07 20:00:00,14,7,7
2017-09-07 21:00:00,8,4,4
2017-09-07 22:00:00,7,6,1
2017-09-07 23:00:00,3,2,1
2017-09-08 00:00:00,1,1,0
2017-09-08 01:00:00,0,0,0
2017-09-08 02:00:00,0,0,0
2017-09-08 03:00:00,0,0,0
2017-09-08 04:00:00,3,0,3
2017-09-08 05:00:00,10,2,8
2017-09-08 06:00:00,45,7,38
2017-09-08 07:00:00,91,14,77
2017-09-08 08:00:00,97,23,74
2017-09-08 09:00:00,56,20,36
2017-09-08 10:00:00,47,20,27
2017-09-08 11:00:00,54,26,28
2017-09-08 12:00:00,44,21,23
2017-09-08 13:00:00,59,36,23
2017-09-08 14:00:00,64,36,28
2017-09-08 15:00:00,89,60,29
2017-09-08 16:00:00,119,74,45
2017-09-08 17:00:00,153,113,40
2017-09-08 18:00:00,98,61,37
2017-09-08 19:00:00,51,33,18
2017-09-08 20:00:00,8,6,2
2017-09-08 21:00:00,4,4,0
2017-09-08 22:00:00,0,0,0
2017-09-08 23:00:00,0,0,0
2017-09-09 00:00:00,1,1,0
2017-09-09 01:00:00,1,1,0
2017-09-09 02:00:00,0,0,0
2017-09-09 03:00:00,0,0,0
2017-09-09 04:00:00,2,1,1
2017-09-09 05:00:00,5,4,1
2017-09-09 06:00:00,15,9,6
2017-09-09 07:00:00,42,26,16
2017-09-09 08:00:00,81,45,36
2017-09-09 09:00:00,81,42,39
2017-09-09 10:00:00,155,92,63
2017-09-09 11:00:00,136,90,46
2017-09-09 12:00:00,121,52,69
2017-09-09 13:00:00,122,57,65
2017-09-09 14:00:00,95,40,55
2017-09-09 15:00:00,98,43,55
2017-09-09 16:00:00,93,46,47
2017-09-09 17:00:00,80,27,53
2017-09-09 18:00:00,71,36,35
2017-09-09 19:00:00,42,17,25
2017-09-09 20:00:00,17,14,3
2017-09-09 21:00:00,1,1,0
2017-09-09 22:00:00,3,0,3
2017-09-09 23:00:00,3,3,0
2017-09-10 00:00:00,1,1,0
2017-09-10 01:00:00,1,1,0
2017-09-10 02:00:00,2,1,1
2017-09-10 03:00:00,1,1,0
2017-09-10 04:00:00,0,0,0
2017-09-10 05:00:00,6,4,2
2017-09-10 06:00:00,13,7,6
2017-09-10 07:00:00,35,24,11
2017-09-10 08:00:00,54,36,18
2017-09-10 09:00:00,109,47,62
2017-09-10 10:00:00,180,114,66
2017-09-10 11:00:00,200,93,107
2017-09-10 12:00:00,221,120,101
2017-09-10 13:00:00,189,89,100
2017-09-10 14:00:00,194,103,91
2017-09-10 15:00:00,161,83,78
2017-09-10 16:00:00,151,73,78
2017-09-10 17:00:00,112,52,60
2017-09-10 18:00:00,102,35,67
2017-09-10 19:00:00,51,30,21
2017-09-10 20:00:00,18,4,14
2017-09-10 21:00:00,4,3,1
2017-09-10 22:00:00,1,0,1
2017-09-10 23:00:00,4,1,3
2017-09-11 00:00:00,1,1,0
2017-09-11 01:00:00,0,0,0
2017-09-11 02:00:00,1,1,0
2017-09-11 03:00:00,0,0,0
2017-09-11 04:00:00,4,1,3
2017-09-11 05:00:00,15,3,12
2017-09-11 06:00:00,54,8,46
2017-09-11 07:00:00,106,16,90
2017-09-11 08:00:00,118,35,83
2017-09-11 09:00:00,62,25,37
2017-09-11 10:00:00,65,31,34
2017-09-11 11:00:00,76,33,43
2017-09-11 12:00:00,71,36,35
2017-09-11 13:00:00,63,31,32
2017-09-11 14:00:00,72,34,38
2017-09-11 15:00:00,93,58,35
2017-09-11 16:00:00,127,95,32
2017-09-11 17:00:00,237,171,66
2017-09-11 18:00:00,152,103,49
2017-09-11 19:00:00,77,47,30
2017-09-11 20:00:00,25,12,13
2017-09-11 21:00:00,7,3,4
2017-09-11 22:00:00,7,3,4
2017-09-11 23:00:00,2,2,0
2017-09-12 00:00:00,2,1,1
2017-09-12 01:00:00,1,1,0
2017-09-12 02:00:00,1,1,0
2017-09-12 03:00:00,0,0,0
2017-09-12 04:00:00,7,1,6
2017-09-12 05:00:00,21,6,15
2017-09-12 06:00:00,56,11,45
2017-09-12 07:00:00,115,22,93
2017-09-12 08:00:00,126,41,85
2017-09-12 09:00:00,60,20,40
2017-09-12 10:00:00,49,19,30
2017-09-12 11:00:00,52,28,24
2017-09-12 12:00:00,50,22,28
2017-09-12 13:00:00,70,31,39
2017-09-12 14:00:00,79,49,30
2017-09-12 15:00:00,75,43,32
2017-09-12 16:00:00,133,92,41
2017-09-12 17:00:00,215,157,58
2017-09-12 18:00:00,159,92,67
2017-09-12 19:00:00,74,39,35
2017-09-12 20:00:00,27,11,16
2017-09-12 21:00:00,4,2,2
2017-09-12 22:00:00,3,3,0
2017-09-12 23:00:00,4,3,1
2017-09-13 00:00:00,0,0,0
2017-09-13 01:00:00,0,0,0
2017-09-13 02:00:00,2,2,0
2017-09-13 03:00:00,0,0,0
2017-09-13 04:00:00,5,1,4
2017-09-13 05:00:00,12,3,9
2017-09-13 06:00:00,47,9,38
2017-09-13 07:00:00,109,15,94
2017-09-13 08:00:00,102,33,69
2017-09-13 09:00:00,76,31,45
2017-09-13 10:00:00,45,19,26
2017-09-13 11:00:00,52,29,23
2017-09-13 12:00:00,41,26,15
2017-09-13 13:00:00,44,22,22
2017-09-13 14:00:00,53,25,28
2017-09-13 15:00:00,102,53,49
2017-09-13 16:00:00,126,84,42
2017-09-13 17:00:00,193,150,43
2017-09-13 18:00:00,128,94,34
2017-09-13 19:00:00,56,25,31
2017-09-13 20:00:00,15,11,4
2017-09-13 21:00:00,2,0,2
2017-09-13 22:00:00,5,4,1
2017-09-13 23:00:00,2,1,1
2017-09-14 00:00:00,1,1,0
2017-09-14 01:00:00,0,0,0
2017-09-14 02:00:00,0,0,0
2017-09-14 03:00:00,1,1,0
2017-09-14 04:00:00,5,3,2
2017-09-14 05:00:00,12,2,10
2017-09-14 06:00:00,55,9,46
2017-09-14 07:00:00,100,23,77
2017-09-14 08:00:00,108,29,79
2017-09-14 09:00:00,60,21,39
2017-09-14 10:00:00,54,29,25
2017-09-14 11:00:00,58,29,29
2017-09-14 12:00:00,68,33,35
2017-09-14 13:00:00,53,22,31
2017-09-14 14:00:00,61,41,20
2017-09-14 15:00:00,84,63,21
2017-09-14 16:00:00,123,77,46
2017-09-14 17:00:00,191,133,58
2017-09-14 18:00:00,137,83,54
2017-09-14 19:00:00,44,22,22
2017-09-14 20:00:00,11,8,3
2017-09-14 21:00:00,10,5,5
2017-09-14 22:00:00,4,4,0
2017-09-14 23:00:00,3,1,2
2017-09-15 00:00:00,0,0,0
2017-09-15 01:00:00,0,0,0
2017-09-15 02:00:00,0,0,0
2017-09-15 03:00:00,1,1,0
2017-09-15 04:00:00,2,0,2
2017-09-15 05:00:00,11,7,4
2017-09-15 06:00:00,52,9,43
2017-09-15 07:00:00,94,18,76
2017-09-15 08:00:00,100,32,68
2017-09-15 09:00:00,71,31,40
2017-09-15 10:00:00,61,22,39
2017-09-15 11:00:00,78,42,36
2017-09-15 12:00:00,67,30,37
2017-09-15 13:00:00,68,37,31
2017-09-15 14:00:00,97,45,52
2017-09-15 15:00:00,90,67,23
2017-09-15 16:00:00,115,76,39
2017-09-15 17:00:00,169,121,48
2017-09-15 18:00:00,132,87,45
2017-09-15 19:00:00,58,25,33
2017-09-15 20:00:00,23,12,11
2017-09-15 21:00:00,3,3,0
2017-09-15 22:00:00,3,2,1
2017-09-15 23:00:00,6,4,2
2017-09-16 00:00:00,2,0,2
2017-09-16 01:00:00,3,3,0
2017-09-16 02:00:00,0,0,0
2017-09-16 03:00:00,0,0,0
2017-09-16 04:00:00,0,0,0
2017-09-16 05:00:00,3,1,2
2017-09-16 06:00:00,13,7,6
2017-09-16 07:00:00,40,26,14
2017-09-16 08:00:00,98,53,45
2017-09-16 09:00:00,85,44,41
2017-09-16 10:00:00,166,96,70
2017-09-16 11:00:00,149,103,46
2017-09-16 12:00:00,204,102,102
2017-09-16 13:00:00,183,96,87
2017-09-16 14:00:00,198,81,117
2017-09-16 15:00:00,167,85,82
2017-09-16 16:00:00,133,66,67
2017-09-16 17:00:00,146,63,83
2017-09-16 18:00:00,77,32,45
2017-09-16 19:00:00,41,18,23
2017-09-16 20:00:00,12,7,5
2017-09-16 21:00:00,10,7,3
2017-09-16 22:00:00,5,4,1
2017-09-16 23:00:00,3,1,2
2017-09-17 00:00:00,1,0,1
2017-09-17 01:00:00,0,0,0
2017-09-17 02:00:00,2,2,0
2017-09-17 03:00:00,0,0,0
2017-09-17 04:00:00,0,0,0
2017-09-17 05:00:00,5,0,5
2017-09-17 06:00:00,6,3,3
2017-09-17 07:00:00,16,12,4
2017-09-17 08:00:00,44,23,21
2017-09-17 09:00:00,87,46,41
2017-09-17 10:00:00,105,60,45
2017-09-17 11:00:00,123,54,69
2017-09-17 12:00:00,94,42,52
2017-09-17 13:00:00,82,32,50
2017-09-17 14:00:00,51,26,25
2017-09-17 15:00:00,19,10,9
2017-09-17 16:00:00,7,2,5
2017-09-17 17:00:00,18,10,8
2017-09-17 18:00:00,8,5,3
2017-09-17 19:00:00,6,2,4
2017-09-17 20:00:00,5,1,4
2017-09-17 21:00:00,2,1,1
2017-09-17 22:00:00,0,0,0
2017-09-17 23:00:00,1,0,1
2017-09-18 00:00:00,0,0,0
2017-09-18 01:00:00,0,0,0
2017-09-18 02:00:00,0,0,0
2017-09-18 03:00:00,1,1,0
2017-09-18 04:00:00,1,1,0
2017-09-18 05:00:00,11,4,7
2017-09-18 06:00:00,24,7,17
2017-09-18 07:00:00,45,6,39
2017-09-18 08:00:00,57,13,44
2017-09-18 09:00:00,48,16,32
2017-09-18 10:00:00,42,25,17
2017-09-18 11:00:00,38,15,23
2017-09-18 12:00:00,34,13,21
2017-09-18 13:00:00,29,20,9
2017-09-18 14:00:00,42,19,23
2017-09-18 15:00:00,49,32,17
2017-09-18 16:00:00,44,25,19
2017-09-18 17:00:00,80,65,15
2017-09-18 18:00:00,51,42,9
2017-09-18 19:00:00,25,15,10
2017-09-18 20:00:00,8,6,2
2017-09-18 21:00:00,2,2,0
2017-09-18 22:00:00,3,1,2
2017-09-18 23:00:00,2,0,2
2017-09-19 00:00:00,0,0,0
2017-09-19 01:00:00,0,0,0
2017-09-19 02:00:00,0,0,0
2017-09-19 03:00:00,1,1,0
2017-09-19 04:00:00,3,0,3
2017-09-19 05:00:00,10,4,6
2017-09-19 06:00:00,16,3,13
2017-09-19 07:00:00,60,13,47
2017-09-19 08:00:00,75,18,57
2017-09-19 09:00:00,40,19,21
2017-09-19 10:00:00,19,9,10
2017-09-19 11:00:00,19,7,12
2017-09-19 12:00:00,21,11,10
2017-09-19 13:00:00,24,11,13
2017-09-19 14:00:00,25,16,9
2017-09-19 15:00:00,20,16,4
2017-09-19 16:00:00,42,28,14
2017-09-19 17:00:00,79,62,17
2017-09-19 18:00:00,42,36,6
2017-09-19 19:00:00,16,13,3
2017-09-19 20:00:00,3,2,1
2017-09-19 21:00:00,2,2,0
2017-09-19 22:00:00,0,0,0
2017-09-19 23:00:00,2,2,0
2017-09-20 00:00:00,0,0,0
2017-09-20 01:00:00,0,0,0
2017-09-20 02:00:00,1,1,0
2017-09-20 03:00:00,1,1,0
2017-09-20 04:00:00,5,1,4
2017-09-20 05:00:00,9,2,7
2017-09-20 06:00:00,28,5,23
2017-09-20 07:00:00,78,13,65
2017-09-20 08:00:00,71,21,50
2017-09-20 09:00:00,51,22,29
2017-09-20 10:00:00,36,19,17
2017-09-20 11:00:00,15,8,7
2017-09-20 12:00:00,26,11,15
2017-09-20 13:00:00,24,11,13
2017-09-20 14:00:00,46,29,17
2017-09-20 15:00:00,53,34,19
2017-09-20 16:00:00,84,65,19
2017-09-20 17:00:00,141,112,29
2017-09-20 18:00:00,94,56,38
2017-09-20 19:00:00,25,12,13
2017-09-20 20:00:00,14,11,3
2017-09-20 21:00:00,4,4,0
2017-09-20 22:00:00,2,0,2
2017-09-20 23:00:00,2,2,0
2017-09-21 00:00:00,0,0,0
2017-09-21 01:00:00,0,0,0
2017-09-21 02:00:00,3,3,0
2017-09-21 03:00:00,0,0,0
2017-09-21 04:00:00,2,1,1
2017-09-21 05:00:00,13,6,7
2017-09-21 06:00:00,40,8,32
2017-09-21 07:00:00,63,15,48
2017-09-21 08:00:00,76,15,61
2017-09-21 09:00:00,53,15,38
2017-09-21 10:00:00,31,17,14
2017-09-21 11:00:00,20,12,8
2017-09-21 12:00:00,27,8,19
2017-09-21 13:00:00,38,25,13
2017-09-21 14:00:00,49,34,15
2017-09-21 15:00:00,70,45,25
2017-09-21 16:00:00,92,66,26
2017-09-21 17:00:00,131,92,39
2017-09-21 18:00:00,97,63,34
2017-09-21 19:00:00,29,14,15
2017-09-21 20:00:00,16,9,7
2017-09-21 21:00:00,7,4,3
2017-09-21 22:00:00,4,4,0
2017-09-21 23:00:00,0,0,0
2017-09-22 00:00:00,0,0,0
2017-09-22 01:00:00,1,1,0
2017-09-22 02:00:00,1,1,0
2017-09-22 03:00:00,0,0,0
2017-09-22 04:00:00,4,2,2
2017-09-22 05:00:00,13,5,8
2017-09-22 06:00:00,32,7,25
2017-09-22 07:00:00,98,22,76
2017-09-22 08:00:00,93,17,76
2017-09-22 09:00:00,57,23,34
2017-09-22 10:00:00,60,26,34
2017-09-22 11:00:00,66,27,39
2017-09-22 12:00:00,73,39,34
2017-09-22 13:00:00,89,43,46
2017-09-22 14:00:00,97,47,50
2017-09-22 15:00:00,85,55,30
2017-09-22 16:00:00,133,85,48
2017-09-22 17:00:00,150,104,46
2017-09-22 18:00:00,110,68,42
2017-09-22 19:00:00,44,27,17
2017-09-22 20:00:00,11,8,3
2017-09-22 21:00:00,15,9,6
2017-09-22 22:00:00,2,2,0
2017-09-22 23:00:00,1,0,1
2017-09-23 00:00:00,1,1,0
2017-09-23 01:00:00,1,1,0
2017-09-23 02:00:00,0,0,0
2017-09-23 03:00:00,0,0,0
2017-09-23 04:00:00,0,0,0
2017-09-23 05:00:00,1,0,1
2017-09-23 06:00:00,15,8,7
2017-09-23 07:00:00,27,25,2
2017-09-23 08:00:00,67,42,25
2017-09-23 09:00:00,84,56,28
2017-09-23 10:00:00,119,71,48
2017-09-23 11:00:00,180,89,91
2017-09-23 12:00:00,194,74,120
2017-09-23 13:00:00,175,100,75
2017-09-23 14:00:00,179,98,81
2017-09-23 15:00:00,155,86,69
2017-09-23 16:00:00,144,76,68
2017-09-23 17:00:00,87,48,39
2017-09-23 18:00:00,69,38,31
2017-09-23 19:00:00,44,17,27
2017-09-23 20:00:00,10,3,7
2017-09-23 21:00:00,2,2,0
2017-09-23 22:00:00,7,4,3
2017-09-23 23:00:00,4,4,0
2017-09-24 00:00:00,1,0,1
2017-09-24 01:00:00,0,0,0
2017-09-24 02:00:00,0,0,0
2017-09-24 03:00:00,0,0,0
2017-09-24 04:00:00,1,1,0
2017-09-24 05:00:00,0,0,0
2017-09-24 06:00:00,7,4,3
2017-09-24 07:00:00,26,19,7
2017-09-24 08:00:00,78,33,45
2017-09-24 09:00:00,138,90,48
2017-09-24 10:00:00,164,99,65
2017-09-24 11:00:00,183,90,93
2017-09-24 12:00:00,152,62,90
2017-09-24 13:00:00,158,94,64
2017-09-24 14:00:00,168,101,67
2017-09-24 15:00:00,165,78,87
2017-09-24 16:00:00,182,83,99
2017-09-24 17:00:00,122,70,52
2017-09-24 18:00:00,84,33,51
2017-09-24 19:00:00,21,4,17
2017-09-24 20:00:00,10,3,7
2017-09-24 21:00:00,6,3,3
2017-09-24 22:00:00,1,1,0
2017-09-24 23:00:00,3,0,3
2017-09-25 00:00:00,1,1,0
2017-09-25 01:00:00,2,1,1
2017-09-25 02:00:00,0,0,0
2017-09-25 03:00:00,1,1,0
2017-09-25 04:00:00,5,2,3
2017-09-25 05:00:00,8,3,5
2017-09-25 06:00:00,31,6,25
2017-09-25 07:00:00,71,12,59
2017-09-25 08:00:00,73,16,57
2017-09-25 09:00:00,35,18,17
2017-09-25 10:00:00,25,11,14
2017-09-25 11:00:00,34,15,19
2017-09-25 12:00:00,28,13,15
2017-09-25 13:00:00,32,16,16
2017-09-25 14:00:00,40,26,14
2017-09-25 15:00:00,39,26,13
2017-09-25 16:00:00,91,72,19
2017-09-25 17:00:00,128,102,26
2017-09-25 18:00:00,92,63,29
2017-09-25 19:00:00,32,21,11
2017-09-25 20:00:00,8,7,1
2017-09-25 21:00:00,6,4,2
2017-09-25 22:00:00,1,0,1
2017-09-25 23:00:00,0,0,0
2017-09-26 00:00:00,1,1,0
2017-09-26 01:00:00,0,0,0
2017-09-26 02:00:00,0,0,0
2017-09-26 03:00:00,1,1,0
2017-09-26 04:00:00,5,1,4
2017-09-26 05:00:00,11,4,7
2017-09-26 06:00:00,49,7,42
2017-09-26 07:00:00,97,21,76
2017-09-26 08:00:00,105,25,80
2017-09-26 09:00:00,88,37,51
2017-09-26 10:00:00,58,24,34
2017-09-26 11:00:00,35,18,17
2017-09-26 12:00:00,63,28,35
2017-09-26 13:00:00,44,23,21
2017-09-26 14:00:00,74,42,32
2017-09-26 15:00:00,92,55,37
2017-09-26 16:00:00,129,93,36
2017-09-26 17:00:00,205,148,57
2017-09-26 18:00:00,137,84,53
2017-09-26 19:00:00,66,42,24
2017-09-26 20:00:00,14,11,3
2017-09-26 21:00:00,5,3,2
2017-09-26 22:00:00,5,3,2
2017-09-26 23:00:00,8,2,6
2017-09-27 00:00:00,1,1,0
2017-09-27 01:00:00,0,0,0
2017-09-27 02:00:00,2,1,1
2017-09-27 03:00:00,0,0,0
2017-09-27 04:00:00,3,0,3
2017-09-27 05:00:00,16,3,13
2017-09-27 06:00:00,45,11,34
2017-09-27 07:00:00,88,14,74
2017-09-27 08:00:00,114,26,88
2017-09-27 09:00:00,99,44,55
2017-09-27 10:00:00,72,34,38
2017-09-27 11:00:00,75,34,41
2017-09-27 12:00:00,67,28,39
2017-09-27 13:00:00,59,41,18
2017-09-27 14:00:00,76,39,37
2017-09-27 15:00:00,102,62,40
2017-09-27 16:00:00,142,93,49
2017-09-27 17:00:00,242,176,66
2017-09-27 18:00:00,133,92,41
2017-09-27 19:00:00,65,36,29
2017-09-27 20:00:00,21,10,11
2017-09-27 21:00:00,14,6,8
2017-09-27 22:00:00,3,1,2
2017-09-27 23:00:00,3,2,1
2017-09-28 00:00:00,0,0,0
2017-09-28 01:00:00,0,0,0
2017-09-28 02:00:00,0,0,0
2017-09-28 03:00:00,1,0,1
2017-09-28 04:00:00,5,2,3
2017-09-28 05:00:00,13,4,9
2017-09-28 06:00:00,55,13,42
2017-09-28 07:00:00,109,20,89
2017-09-28 08:00:00,129,30,99
2017-09-28 09:00:00,82,29,53
2017-09-28 10:00:00,67,32,35
2017-09-28 11:00:00,93,49,44
2017-09-28 12:00:00,92,38,54
2017-09-28 13:00:00,100,51,49
2017-09-28 14:00:00,105,61,44
2017-09-28 15:00:00,114,76,38
2017-09-28 16:00:00,163,86,77
2017-09-28 17:00:00,250,117,133
2017-09-28 18:00:00,187,83,104
2017-09-28 19:00:00,54,19,35
2017-09-28 20:00:00,17,9,8
2017-09-28 21:00:00,10,6,4
2017-09-28 22:00:00,9,6,3
2017-09-28 23:00:00,3,2,1
2017-09-29 00:00:00,2,2,0
2017-09-29 01:00:00,0,0,0
2017-09-29 02:00:00,1,0,1
2017-09-29 03:00:00,0,0,0
2017-09-29 04:00:00,1,0,1
2017-09-29 05:00:00,9,3,6
2017-09-29 06:00:00,27,6,21
2017-09-29 07:00:00,70,14,56
2017-09-29 08:00:00,61,22,39
2017-09-29 09:00:00,40,15,25
2017-09-29 10:00:00,19,8,11
2017-09-29 11:00:00,16,3,13
2017-09-29 12:00:00,16,6,10
2017-09-29 13:00:00,19,6,13
2017-09-29 14:00:00,30,15,15
2017-09-29 15:00:00,49,29,20
2017-09-29 16:00:00,89,64,25
2017-09-29 17:00:00,122,78,44
2017-09-29 18:00:00,62,42,20
2017-09-29 19:00:00,29,15,14
2017-09-29 20:00:00,7,5,2
2017-09-29 21:00:00,4,3,1
2017-09-29 22:00:00,2,2,0
2017-09-29 23:00:00,4,1,3
2017-09-30 00:00:00,1,1,0
2017-09-30 01:00:00,1,1,0
2017-09-30 02:00:00,2,1,1
2017-09-30 03:00:00,1,1,0
2017-09-30 04:00:00,0,0,0
2017-09-30 05:00:00,2,1,1
2017-09-30 06:00:00,4,1,3
2017-09-30 07:00:00,29,28,1
2017-09-30 08:00:00,33,18,15
2017-09-30 09:00:00,87,48,39
2017-09-30 10:00:00,134,88,46
2017-09-30 11:00:00,135,60,75
2017-09-30 12:00:00,89,54,35
2017-09-30 13:00:00,87,41,46
2017-09-30 14:00:00,75,38,37
2017-09-30 15:00:00,93,48,45
2017-09-30 16:00:00,27,11,16
2017-09-30 17:00:00,19,7,12
2017-09-30 18:00:00,14,7,7
2017-09-30 19:00:00,14,4,10
2017-09-30 20:00:00,4,2,2
2017-09-30 21:00:00,1,1,0
2017-09-30 22:00:00,3,2,1
2017-09-30 23:00:00,0,0,0
2017-10-01 00:00:00,0,0,0
2017-10-01 01:00:00,0,0,0
2017-10-01 02:00:00,0,0,0
2017-10-01 03:00:00,0,0,0
2017-10-01 04:00:00,1,1,0
2017-10-01 05:00:00,1,1,0
2017-10-01 06:00:00,5,4,1
2017-10-01 07:00:00,9,6,3
2017-10-01 08:00:00,32,20,12
2017-10-01 09:00:00,47,28,19
2017-10-01 10:00:00,71,37,34
2017-10-01 11:00:00,92,45,47
2017-10-01 12:00:00,82,43,39
2017-10-01 13:00:00,105,54,51
2017-10-01 14:00:00,103,44,59
2017-10-01 15:00:00,109,53,56
2017-10-01 16:00:00,101,50,51
2017-10-01 17:00:00,100,53,47
2017-10-01 18:00:00,41,12,29
2017-10-01 19:00:00,10,0,10
2017-10-01 20:00:00,4,1,3
2017-10-01 21:00:00,4,2,2
2017-10-01 22:00:00,1,1,0
2017-10-01 23:00:00,1,0,1
2017-10-02 00:00:00,0,0,0
2017-10-02 01:00:00,0,0,0
2017-10-02 02:00:00,2,1,1
2017-10-02 03:00:00,0,0,0
2017-10-02 04:00:00,3,1,2
2017-10-02 05:00:00,15,4,11
2017-10-02 06:00:00,36,9,27
2017-10-02 07:00:00,86,12,74
2017-10-02 08:00:00,116,25,91
2017-10-02 09:00:00,57,23,34
2017-10-02 10:00:00,43,21,22
2017-10-02 11:00:00,40,15,25
2017-10-02 12:00:00,39,22,17
2017-10-02 13:00:00,49,25,24
2017-10-02 14:00:00,52,31,21
2017-10-02 15:00:00,64,40,24
2017-10-02 16:00:00,106,78,28
2017-10-02 17:00:00,150,118,32
2017-10-02 18:00:00,113,82,31
2017-10-02 19:00:00,36,25,11
2017-10-02 20:00:00,8,6,2
2017-10-02 21:00:00,5,1,4
2017-10-02 22:00:00,2,2,0
2017-10-02 23:00:00,1,1,0
2017-10-03 00:00:00,1,1,0
2017-10-03 01:00:00,0,0,0
2017-10-03 02:00:00,1,1,0
2017-10-03 03:00:00,0,0,0
2017-10-03 04:00:00,4,2,2
2017-10-03 05:00:00,15,4,11
2017-10-03 06:00:00,44,8,36
2017-10-03 07:00:00,100,29,71
2017-10-03 08:00:00,118,20,98
2017-10-03 09:00:00,67,23,44
2017-10-03 10:00:00,41,21,20
2017-10-03 11:00:00,40,22,18
2017-10-03 12:00:00,55,21,34
2017-10-03 13:00:00,47,19,28
2017-10-03 14:00:00,62,36,26
2017-10-03 15:00:00,97,57,40
2017-10-03 16:00:00,113,77,36
2017-10-03 17:00:00,178,123,55
2017-10-03 18:00:00,139,89,50
2017-10-03 19:00:00,51,33,18
2017-10-03 20:00:00,15,12,3
2017-10-03 21:00:00,4,1,3
2017-10-03 22:00:00,4,3,1
2017-10-03 23:00:00,0,0,0
2017-10-04 00:00:00,0,0,0
2017-10-04 01:00:00,0,0,0
2017-10-04 02:00:00,2,2,0
2017-10-04 03:00:00,0,0,0
2017-10-04 04:00:00,3,1,2
2017-10-04 05:00:00,13,2,11
2017-10-04 06:00:00,42,11,31
2017-10-04 07:00:00,88,20,68
2017-10-04 08:00:00,108,23,85
2017-10-04 09:00:00,72,35,37
2017-10-04 10:00:00,36,16,20
2017-10-04 11:00:00,40,21,19
2017-10-04 12:00:00,56,21,35
2017-10-04 13:00:00,57,26,31
2017-10-04 14:00:00,52,30,22
2017-10-04 15:00:00,77,51,26
2017-10-04 16:00:00,135,85,50
2017-10-04 17:00:00,182,130,52
2017-10-04 18:00:00,121,78,43
2017-10-04 19:00:00,30,22,8
2017-10-04 20:00:00,6,5,1
2017-10-04 21:00:00,7,5,2
2017-10-04 22:00:00,5,3,2
2017-10-04 23:00:00,1,1,0
2017-10-05 00:00:00,0,0,0
2017-10-05 01:00:00,2,2,0
2017-10-05 02:00:00,1,0,1
2017-10-05 03:00:00,0,0,0
2017-10-05 04:00:00,2,0,2
2017-10-05 05:00:00,14,3,11
2017-10-05 06:00:00,39,10,29
2017-10-05 07:00:00,81,14,67
2017-10-05 08:00:00,110,29,81
2017-10-05 09:00:00,59,23,36
2017-10-05 10:00:00,43,25,18
2017-10-05 11:00:00,47,23,24
2017-10-05 12:00:00,72,34,38
2017-10-05 13:00:00,51,31,20
2017-10-05 14:00:00,76,45,31
2017-10-05 15:00:00,95,49,46
2017-10-05 16:00:00,131,84,47
2017-10-05 17:00:00,181,135,46
2017-10-05 18:00:00,130,72,58
2017-10-05 19:00:00,38,26,12
2017-10-05 20:00:00,22,13,9
2017-10-05 21:00:00,8,6,2
2017-10-05 22:00:00,8,8,0
2017-10-05 23:00:00,1,1,0
2017-10-06 00:00:00,1,1,0
2017-10-06 01:00:00,0,0,0
2017-10-06 02:00:00,1,1,0
2017-10-06 03:00:00,0,0,0
2017-10-06 04:00:00,1,0,1
2017-10-06 05:00:00,17,8,9
2017-10-06 06:00:00,42,6,36
2017-10-06 07:00:00,72,13,59
2017-10-06 08:00:00,88,27,61
2017-10-06 09:00:00,53,17,36
2017-10-06 10:00:00,27,12,15
2017-10-06 11:00:00,49,13,36
2017-10-06 12:00:00,35,14,21
2017-10-06 13:00:00,45,25,20
2017-10-06 14:00:00,61,36,25
2017-10-06 15:00:00,79,54,25
2017-10-06 16:00:00,97,73,24
2017-10-06 17:00:00,122,85,37
2017-10-06 18:00:00,69,48,21
2017-10-06 19:00:00,28,15,13
2017-10-06 20:00:00,16,9,7
2017-10-06 21:00:00,2,0,2
2017-10-06 22:00:00,2,2,0
2017-10-06 23:00:00,2,2,0
2017-10-07 00:00:00,1,1,0
2017-10-07 01:00:00,1,1,0
2017-10-07 02:00:00,1,1,0
2017-10-07 03:00:00,0,0,0
2017-10-07 04:00:00,0,0,0
2017-10-07 05:00:00,0,0,0
2017-10-07 06:00:00,6,3,3
2017-10-07 07:00:00,7,5,2
2017-10-07 08:00:00,27,14,13
2017-10-07 09:00:00,62,40,22
2017-10-07 10:00:00,98,68,30
2017-10-07 11:00:00,82,38,44
2017-10-07 12:00:00,70,35,35
2017-10-07 13:00:00,90,50,40
2017-10-07 14:00:00,100,42,58
2017-10-07 15:00:00,56,25,31
2017-10-07 16:00:00,43,23,20
2017-10-07 17:00:00,22,9,13
2017-10-07 18:00:00,18,6,12
2017-10-07 19:00:00,11,7,4
2017-10-07 20:00:00,2,0,2
2017-10-07 21:00:00,0,0,0
2017-10-07 22:00:00,3,3,0
2017-10-07 23:00:00,6,5,1
2017-10-08 00:00:00,2,2,0
2017-10-08 01:00:00,0,0,0
2017-10-08 02:00:00,1,1,0
2017-10-08 03:00:00,0,0,0
2017-10-08 04:00:00,0,0,0
2017-10-08 05:00:00,0,0,0
2017-10-08 06:00:00,3,2,1
2017-10-08 07:00:00,7,7,0
2017-10-08 08:00:00,44,31,13
2017-10-08 09:00:00,40,21,19
2017-10-08 10:00:00,65,31,34
2017-10-08 11:00:00,104,62,42
2017-10-08 12:00:00,98,48,50
2017-10-08 13:00:00,120,61,59
2017-10-08 14:00:00,99,48,51
2017-10-08 15:00:00,102,46,56
2017-10-08 16:00:00,117,57,60
2017-10-08 17:00:00,99,49,50
2017-10-08 18:00:00,52,20,32
2017-10-08 19:00:00,14,5,9
2017-10-08 20:00:00,6,2,4
2017-10-08 21:00:00,1,1,0
2017-10-08 22:00:00,8,3,5
2017-10-08 23:00:00,1,1,0
2017-10-09 00:00:00,0,0,0
2017-10-09 01:00:00,0,0,0
2017-10-09 02:00:00,1,1,0
2017-10-09 03:00:00,0,0,0
2017-10-09 04:00:00,4,2,2
2017-10-09 05:00:00,8,0,8
2017-10-09 06:00:00,36,10,26
2017-10-09 07:00:00,75,6,69
2017-10-09 08:00:00,94,15,79
2017-10-09 09:00:00,56,17,39
2017-10-09 10:00:00,53,28,25
2017-10-09 11:00:00,54,23,31
2017-10-09 12:00:00,66,35,31
2017-10-09 13:00:00,74,40,34
2017-10-09 14:00:00,106,44,62
2017-10-09 15:00:00,112,68,44
2017-10-09 16:00:00,107,74,33
2017-10-09 17:00:00,186,138,48
2017-10-09 18:00:00,129,78,51
2017-10-09 19:00:00,32,20,12
2017-10-09 20:00:00,6,4,2
2017-10-09 21:00:00,6,4,2
2017-10-09 22:00:00,3,3,0
2017-10-09 23:00:00,1,1,0
2017-10-10 00:00:00,2,2,0
2017-10-10 01:00:00,1,1,0
2017-10-10 02:00:00,1,1,0
2017-10-10 03:00:00,1,0,1
2017-10-10 04:00:00,2,0,2
2017-10-10 05:00:00,14,2,12
2017-10-10 06:00:00,35,6,29
2017-10-10 07:00:00,69,18,51
2017-10-10 08:00:00,77,22,55
2017-10-10 09:00:00,56,21,35
2017-10-10 10:00:00,44,23,21
2017-10-10 11:00:00,38,16,22
2017-10-10 12:00:00,23,10,13
2017-10-10 13:00:00,21,8,13
2017-10-10 14:00:00,21,16,5
2017-10-10 15:00:00,32,22,10
2017-10-10 16:00:00,59,42,17
2017-10-10 17:00:00,107,82,25
2017-10-10 18:00:00,57,40,17
2017-10-10 19:00:00,15,11,4
2017-10-10 20:00:00,5,5,0
2017-10-10 21:00:00,8,5,3
2017-10-10 22:00:00,1,1,0
2017-10-10 23:00:00,1,0,1
2017-10-11 00:00:00,0,0,0
2017-10-11 01:00:00,0,0,0
2017-10-11 02:00:00,2,2,0
2017-10-11 03:00:00,0,0,0
2017-10-11 04:00:00,2,0,2
2017-10-11 05:00:00,12,1,11
2017-10-11 06:00:00,24,5,19
2017-10-11 07:00:00,61,16,45
2017-10-11 08:00:00,76,16,60
2017-10-11 09:00:00,42,15,27
2017-10-11 10:00:00,27,15,12
2017-10-11 11:00:00,20,7,13
2017-10-11 12:00:00,24,17,7
2017-10-11 13:00:00,32,18,14
2017-10-11 14:00:00,39,21,18
2017-10-11 15:00:00,49,27,22
2017-10-11 16:00:00,84,61,23
2017-10-11 17:00:00,105,76,29
2017-10-11 18:00:00,71,46,25
2017-10-11 19:00:00,28,19,9
2017-10-11 20:00:00,9,4,5
2017-10-11 21:00:00,9,4,5
2017-10-11 22:00:00,0,0,0
2017-10-11 23:00:00,3,2,1
2017-10-12 00:00:00,0,0,0
2017-10-12 01:00:00,1,1,0
2017-10-12 02:00:00,0,0,0
2017-10-12 03:00:00,1,1,0
2017-10-12 04:00:00,3,0,3
2017-10-12 05:00:00,13,0,13
2017-10-12 06:00:00,31,7,24
2017-10-12 07:00:00,57,16,41
2017-10-12 08:00:00,74,14,60
2017-10-12 09:00:00,40,24,16
2017-10-12 10:00:00,21,7,14
2017-10-12 11:00:00,8,2,6
2017-10-12 12:00:00,16,9,7
2017-10-12 13:00:00,15,8,7
2017-10-12 14:00:00,17,13,4
2017-10-12 15:00:00,30,20,10
2017-10-12 16:00:00,47,27,20
2017-10-12 17:00:00,72,60,12
2017-10-12 18:00:00,45,35,10
2017-10-12 19:00:00,19,13,6
2017-10-12 20:00:00,2,2,0
2017-10-12 21:00:00,1,1,0
2017-10-12 22:00:00,4,4,0
2017-10-12 23:00:00,1,1,0
2017-10-13 00:00:00,0,0,0
2017-10-13 01:00:00,0,0,0
2017-10-13 02:00:00,0,0,0
2017-10-13 03:00:00,1,1,0
2017-10-13 04:00:00,2,0,2
2017-10-13 05:00:00,7,2,5
2017-10-13 06:00:00,20,5,15
2017-10-13 07:00:00,50,14,36
2017-10-13 08:00:00,51,16,35
2017-10-13 09:00:00,46,18,28
2017-10-13 10:00:00,29,13,16
2017-10-13 11:00:00,28,14,14
2017-10-13 12:00:00,18,7,11
2017-10-13 13:00:00,42,19,23
2017-10-13 14:00:00,44,29,15
2017-10-13 15:00:00,48,29,19
2017-10-13 16:00:00,57,39,18
2017-10-13 17:00:00,105,75,30
2017-10-13 18:00:00,52,38,14
2017-10-13 19:00:00,23,13,10
2017-10-13 20:00:00,1,1,0
2017-10-13 21:00:00,1,0,1
2017-10-13 22:00:00,2,2,0
2017-10-13 23:00:00,1,1,0
2017-10-14 00:00:00,1,0,1
2017-10-14 01:00:00,1,0,1
2017-10-14 02:00:00,1,1,0
2017-10-14 03:00:00,0,0,0
2017-10-14 04:00:00,0,0,0
2017-10-14 05:00:00,3,0,3
2017-10-14 06:00:00,4,1,3
2017-10-14 07:00:00,11,8,3
2017-10-14 08:00:00,29,13,16
2017-10-14 09:00:00,52,32,20
2017-10-14 10:00:00,93,45,48
2017-10-14 11:00:00,124,69,55
2017-10-14 12:00:00,105,40,65
2017-10-14 13:00:00,100,60,40
2017-10-14 14:00:00,108,42,66
2017-10-14 15:00:00,97,40,57
2017-10-14 16:00:00,71,46,25
2017-10-14 17:00:00,85,31,54
2017-10-14 18:00:00,41,12,29
2017-10-14 19:00:00,13,8,5
2017-10-14 20:00:00,6,4,2
2017-10-14 21:00:00,3,0,3
2017-10-14 22:00:00,0,0,0
2017-10-14 23:00:00,2,0,2
2017-10-15 00:00:00,1,0,1
2017-10-15 01:00:00,0,0,0
2017-10-15 02:00:00,0,0,0
2017-10-15 03:00:00,1,0,1
2017-10-15 04:00:00,0,0,0
2017-10-15 05:00:00,2,2,0
2017-10-15 06:00:00,6,4,2
2017-10-15 07:00:00,18,13,5
2017-10-15 08:00:00,46,33,13
2017-10-15 09:00:00,81,35,46
2017-10-15 10:00:00,97,53,44
2017-10-15 11:00:00,107,64,43
2017-10-15 12:00:00,206,119,87
2017-10-15 13:00:00,179,86,93
2017-10-15 14:00:00,207,124,83
2017-10-15 15:00:00,230,100,130
2017-10-15 16:00:00,158,84,74
2017-10-15 17:00:00,104,42,62
2017-10-15 18:00:00,35,10,25
2017-10-15 19:00:00,7,4,3
2017-10-15 20:00:00,7,4,3
2017-10-15 21:00:00,0,0,0
2017-10-15 22:00:00,0,0,0
2017-10-15 23:00:00,0,0,0
2017-10-16 00:00:00,1,1,0
2017-10-16 01:00:00,0,0,0
2017-10-16 02:00:00,0,0,0
2017-10-16 03:00:00,1,1,0
2017-10-16 04:00:00,3,0,3
2017-10-16 05:00:00,7,1,6
2017-10-16 06:00:00,46,9,37
2017-10-16 07:00:00,83,14,69
2017-10-16 08:00:00,106,24,82
2017-10-16 09:00:00,69,37,32
2017-10-16 10:00:00,29,9,20
2017-10-16 11:00:00,33,18,15
2017-10-16 12:00:00,49,24,25
2017-10-16 13:00:00,59,32,27
2017-10-16 14:00:00,43,23,20
2017-10-16 15:00:00,67,43,24
2017-10-16 16:00:00,99,70,29
2017-10-16 17:00:00,162,120,42
2017-10-16 18:00:00,96,69,27
2017-10-16 19:00:00,16,12,4
2017-10-16 20:00:00,7,4,3
2017-10-16 21:00:00,3,3,0
2017-10-16 22:00:00,1,1,0
2017-10-16 23:00:00,0,0,0
2017-10-17 00:00:00,0,0,0
2017-10-17 01:00:00,0,0,0
2017-10-17 02:00:00,1,1,0
2017-10-17 03:00:00,0,0,0
2017-10-17 04:00:00,4,0,4
2017-10-17 05:00:00,10,3,7
2017-10-17 06:00:00,24,7,17
2017-10-17 07:00:00,61,19,42
2017-10-17 08:00:00,70,15,55
2017-10-17 09:00:00,31,8,23
2017-10-17 10:00:00,16,9,7
2017-10-17 11:00:00,8,3,5
2017-10-17 12:00:00,10,5,5
2017-10-17 13:00:00,14,5,9
2017-10-17 14:00:00,17,12,5
2017-10-17 15:00:00,24,15,9
2017-10-17 16:00:00,55,37,18
2017-10-17 17:00:00,95,76,19
2017-10-17 18:00:00,57,44,13
2017-10-17 19:00:00,28,18,10
2017-10-17 20:00:00,4,3,1
2017-10-17 21:00:00,4,4,0
2017-10-17 22:00:00,3,3,0
2017-10-17 23:00:00,1,1,0
2017-10-18 00:00:00,0,0,0
2017-10-18 01:00:00,0,0,0
2017-10-18 02:00:00,2,2,0
2017-10-18 03:00:00,0,0,0
2017-10-18 04:00:00,3,0,3
2017-10-18 05:00:00,4,0,4
2017-10-18 06:00:00,25,10,15
2017-10-18 07:00:00,51,11,40
2017-10-18 08:00:00,61,11,50
2017-10-18 09:00:00,29,13,16
2017-10-18 10:00:00,19,12,7
2017-10-18 11:00:00,13,5,8
2017-10-18 12:00:00,5,5,0
2017-10-18 13:00:00,11,6,5
2017-10-18 14:00:00,16,9,7
2017-10-18 15:00:00,13,9,4
2017-10-18 16:00:00,31,25,6
2017-10-18 17:00:00,72,53,19
2017-10-18 18:00:00,38,26,12
2017-10-18 19:00:00,7,4,3
2017-10-18 20:00:00,7,7,0
2017-10-18 21:00:00,2,1,1
2017-10-18 22:00:00,0,0,0
2017-10-18 23:00:00,0,0,0
2017-10-19 00:00:00,0,0,0
2017-10-19 01:00:00,0,0,0
2017-10-19 02:00:00,0,0,0
2017-10-19 03:00:00,1,1,0
2017-10-19 04:00:00,1,0,1
2017-10-19 05:00:00,4,0,4
2017-10-19 06:00:00,11,2,9
2017-10-19 07:00:00,39,14,25
2017-10-19 08:00:00,69,14,55
2017-10-19 09:00:00,28,14,14
2017-10-19 10:00:00,17,6,11
2017-10-19 11:00:00,15,7,8
2017-10-19 12:00:00,15,6,9
2017-10-19 13:00:00,13,6,7
2017-10-19 14:00:00,11,9,2
2017-10-19 15:00:00,22,14,8
2017-10-19 16:00:00,36,21,15
2017-10-19 17:00:00,51,41,10
2017-10-19 18:00:00,54,42,12
2017-10-19 19:00:00,11,7,4
2017-10-19 20:00:00,6,5,1
2017-10-19 21:00:00,2,2,0
2017-10-19 22:00:00,1,1,0
2017-10-19 23:00:00,0,0,0
2017-10-20 00:00:00,0,0,0
2017-10-20 01:00:00,0,0,0
2017-10-20 02:00:00,0,0,0
2017-10-20 03:00:00,2,2,0
2017-10-20 04:00:00,1,0,1
2017-10-20 05:00:00,8,2,6
2017-10-20 06:00:00,20,5,15
2017-10-20 07:00:00,39,9,30
2017-10-20 08:00:00,61,15,46
2017-10-20 09:00:00,78,50,28
2017-10-20 10:00:00,19,9,10
2017-10-20 11:00:00,14,7,7
2017-10-20 12:00:00,7,2,5
2017-10-20 13:00:00,31,6,25
2017-10-20 14:00:00,40,14,26
2017-10-20 15:00:00,34,23,11
2017-10-20 16:00:00,45,31,14
2017-10-20 17:00:00,73,55,18
2017-10-20 18:00:00,30,26,4
2017-10-20 19:00:00,14,12,2
2017-10-20 20:00:00,7,5,2
2017-10-20 21:00:00,0,0,0
2017-10-20 22:00:00,4,1,3
2017-10-20 23:00:00,1,1,0
2017-10-21 00:00:00,0,0,0
2017-10-21 01:00:00,0,0,0
2017-10-21 02:00:00,0,0,0
2017-10-21 03:00:00,0,0,0
2017-10-21 04:00:00,1,1,0
2017-10-21 05:00:00,0,0,0
2017-10-21 06:00:00,2,2,0
2017-10-21 07:00:00,3,2,1
2017-10-21 08:00:00,18,14,4
2017-10-21 09:00:00,24,15,9
2017-10-21 10:00:00,11,6,5
2017-10-21 11:00:00,34,14,20
2017-10-21 12:00:00,24,12,12
2017-10-21 13:00:00,37,14,23
2017-10-21 14:00:00,29,14,15
2017-10-21 15:00:00,20,10,10
2017-10-21 16:00:00,6,1,5
2017-10-21 17:00:00,6,2,4
2017-10-21 18:00:00,2,1,1
2017-10-21 19:00:00,3,0,3
2017-10-21 20:00:00,3,3,0
2017-10-21 21:00:00,0,0,0
2017-10-21 22:00:00,0,0,0
2017-10-21 23:00:00,0,0,0
2017-10-22 00:00:00,0,0,0
2017-10-22 01:00:00,0,0,0
2017-10-22 02:00:00,0,0,0
2017-10-22 03:00:00,0,0,0
2017-10-22 04:00:00,0,0,0
2017-10-22 05:00:00,0,0,0
2017-10-22 06:00:00,3,2,1
2017-10-22 07:00:00,9,9,0
2017-10-22 08:00:00,29,17,12
2017-10-22 09:00:00,34,22,12
2017-10-22 10:00:00,75,35,40
2017-10-22 11:00:00,114,58,56
2017-10-22 12:00:00,126,59,67
2017-10-22 13:00:00,111,70,41
2017-10-22 14:00:00,95,44,51
2017-10-22 15:00:00,87,42,45
2017-10-22 16:00:00,91,45,46
2017-10-22 17:00:00,73,31,42
2017-10-22 18:00:00,26,12,14
2017-10-22 19:00:00,7,2,5
2017-10-22 20:00:00,0,0,0
2017-10-22 21:00:00,2,1,1
2017-10-22 22:00:00,1,1,0
2017-10-22 23:00:00,1,1,0
2017-10-23 00:00:00,0,0,0
2017-10-23 01:00:00,0,0,0
2017-10-23 02:00:00,0,0,0
2017-10-23 03:00:00,1,1,0
2017-10-23 04:00:00,5,2,3
2017-10-23 05:00:00,7,2,5
2017-10-23 06:00:00,41,10,31
2017-10-23 07:00:00,70,12,58
2017-10-23 08:00:00,106,26,80
2017-10-23 09:00:00,63,28,35
2017-10-23 10:00:00,43,19,24
2017-10-23 11:00:00,48,22,26
2017-10-23 12:00:00,46,25,21
2017-10-23 13:00:00,55,38,17
2017-10-23 14:00:00,77,46,31
2017-10-23 15:00:00,93,58,35
2017-10-23 16:00:00,113,77,36
2017-10-23 17:00:00,179,124,55
2017-10-23 18:00:00,97,71,26
2017-10-23 19:00:00,25,17,8
2017-10-23 20:00:00,10,8,2
2017-10-23 21:00:00,9,5,4
2017-10-23 22:00:00,4,4,0
2017-10-23 23:00:00,0,0,0
2017-10-24 00:00:00,2,0,2
2017-10-24 01:00:00,0,0,0
2017-10-24 02:00:00,1,1,0
2017-10-24 03:00:00,0,0,0
2017-10-24 04:00:00,7,1,6
2017-10-24 05:00:00,12,2,10
2017-10-24 06:00:00,38,9,29
2017-10-24 07:00:00,95,24,71
2017-10-24 08:00:00,102,22,80
2017-10-24 09:00:00,61,24,37
2017-10-24 10:00:00,48,21,27
2017-10-24 11:00:00,39,18,21
2017-10-24 12:00:00,45,17,28
2017-10-24 13:00:00,59,37,22
2017-10-24 14:00:00,80,51,29
2017-10-24 15:00:00,101,50,51
2017-10-24 16:00:00,139,76,63
2017-10-24 17:00:00,172,122,50
2017-10-24 18:00:00,106,70,36
2017-10-24 19:00:00,20,12,8
2017-10-24 20:00:00,10,8,2
2017-10-24 21:00:00,1,1,0
2017-10-24 22:00:00,2,2,0
2017-10-24 23:00:00,5,2,3
2017-10-25 00:00:00,0,0,0
2017-10-25 01:00:00,0,0,0
2017-10-25 02:00:00,2,2,0
2017-10-25 03:00:00,1,0,1
2017-10-25 04:00:00,3,1,2
2017-10-25 05:00:00,13,2,11
2017-10-25 06:00:00,31,4,27
2017-10-25 07:00:00,75,12,63
2017-10-25 08:00:00,80,15,65
2017-10-25 09:00:00,54,20,34
2017-10-25 10:00:00,34,19,15
2017-10-25 11:00:00,17,8,9
2017-10-25 12:00:00,26,18,8
2017-10-25 13:00:00,29,13,16
2017-10-25 14:00:00,21,11,10
2017-10-25 15:00:00,31,20,11
2017-10-25 16:00:00,58,42,16
2017-10-25 17:00:00,96,75,21
2017-10-25 18:00:00,70,53,17
2017-10-25 19:00:00,22,17,5
2017-10-25 20:00:00,9,8,1
2017-10-25 21:00:00,2,0,2
2017-10-25 22:00:00,5,4,1
2017-10-25 23:00:00,3,3,0
2017-10-26 00:00:00,1,1,0
2017-10-26 01:00:00,0,0,0
2017-10-26 02:00:00,0,0,0
2017-10-26 03:00:00,1,1,0
2017-10-26 04:00:00,3,2,1
2017-10-26 05:00:00,13,2,11
2017-10-26 06:00:00,39,9,30
2017-10-26 07:00:00,70,12,58
2017-10-26 08:00:00,90,20,70
2017-10-26 09:00:00,44,17,27
2017-10-26 10:00:00,26,6,20
2017-10-26 11:00:00,20,8,12
2017-10-26 12:00:00,42,27,15
2017-10-26 13:00:00,33,23,10
2017-10-26 14:00:00,49,31,18
2017-10-26 15:00:00,67,38,29
2017-10-26 16:00:00,109,58,51
2017-10-26 17:00:00,131,101,30
2017-10-26 18:00:00,81,58,23
2017-10-26 19:00:00,25,16,9
2017-10-26 20:00:00,15,9,6
2017-10-26 21:00:00,9,7,2
2017-10-26 22:00:00,3,1,2
2017-10-26 23:00:00,3,3,0
2017-10-27 00:00:00,1,1,0
2017-10-27 01:00:00,0,0,0
2017-10-27 02:00:00,2,2,0
2017-10-27 03:00:00,0,0,0
2017-10-27 04:00:00,2,0,2
2017-10-27 05:00:00,9,3,6
2017-10-27 06:00:00,37,6,31
2017-10-27 07:00:00,65,16,49
2017-10-27 08:00:00,63,16,47
2017-10-27 09:00:00,63,30,33
2017-10-27 10:00:00,51,22,29
2017-10-27 11:00:00,51,28,23
2017-10-27 12:00:00,46,25,21
2017-10-27 13:00:00,72,37,35
2017-10-27 14:00:00,84,50,34
2017-10-27 15:00:00,95,43,52
2017-10-27 16:00:00,129,84,45
2017-10-27 17:00:00,137,85,52
2017-10-27 18:00:00,64,45,19
2017-10-27 19:00:00,23,16,7
2017-10-27 20:00:00,9,5,4
2017-10-27 21:00:00,6,3,3
2017-10-27 22:00:00,5,5,0
2017-10-27 23:00:00,1,1,0
2017-10-28 00:00:00,2,2,0
2017-10-28 01:00:00,0,0,0
2017-10-28 02:00:00,0,0,0
2017-10-28 03:00:00,0,0,0
2017-10-28 04:00:00,1,1,0
2017-10-28 05:00:00,2,1,1
2017-10-28 06:00:00,6,2,4
2017-10-28 07:00:00,13,10,3
2017-10-28 08:00:00,47,31,16
2017-10-28 09:00:00,73,39,34
2017-10-28 10:00:00,111,66,45
2017-10-28 11:00:00,125,59,66
2017-10-28 12:00:00,140,75,65
2017-10-28 13:00:00,180,93,87
2017-10-28 14:00:00,201,84,117
2017-10-28 15:00:00,204,115,89
2017-10-28 16:00:00,194,92,102
2017-10-28 17:00:00,98,45,53
2017-10-28 18:00:00,42,19,23
2017-10-28 19:00:00,7,3,4
2017-10-28 20:00:00,2,1,1
2017-10-28 21:00:00,1,1,0
2017-10-28 22:00:00,0,0,0
2017-10-28 23:00:00,3,1,2
2017-10-29 00:00:00,2,2,0
2017-10-29 01:00:00,0,0,0
2017-10-29 02:00:00,0,0,0
2017-10-29 03:00:00,0,0,0
2017-10-29 04:00:00,0,0,0
2017-10-29 05:00:00,0,0,0
2017-10-29 06:00:00,5,5,0
2017-10-29 07:00:00,18,12,6
2017-10-29 08:00:00,23,15,8
2017-10-29 09:00:00,47,22,25
2017-10-29 10:00:00,83,42,41
2017-10-29 11:00:00,98,61,37
2017-10-29 12:00:00,116,60,56
2017-10-29 13:00:00,88,45,43
2017-10-29 14:00:00,94,42,52
2017-10-29 15:00:00,110,67,43
2017-10-29 16:00:00,112,54,58
2017-10-29 17:00:00,91,37,54
2017-10-29 18:00:00,17,4,13
2017-10-29 19:00:00,2,1,1
2017-10-29 20:00:00,1,1,0
2017-10-29 21:00:00,0,0,0
2017-10-29 22:00:00,0,0,0
2017-10-29 23:00:00,3,2,1
2017-10-30 00:00:00,2,2,0
2017-10-30 01:00:00,0,0,0
2017-10-30 02:00:00,0,0,0
2017-10-30 03:00:00,2,2,0
2017-10-30 04:00:00,5,3,2
2017-10-30 05:00:00,10,2,8
2017-10-30 06:00:00,35,17,18
2017-10-30 07:00:00,77,39,38
2017-10-30 08:00:00,89,43,46
2017-10-30 09:00:00,66,37,29
2017-10-30 10:00:00,38,22,16
2017-10-30 11:00:00,43,21,22
2017-10-30 12:00:00,55,29,26
2017-10-30 13:00:00,66,35,31
2017-10-30 14:00:00,73,45,28
2017-10-30 15:00:00,98,56,42
2017-10-30 16:00:00,120,69,51
2017-10-30 17:00:00,139,88,51
2017-10-30 18:00:00,81,55,26
2017-10-30 19:00:00,23,18,5
2017-10-30 20:00:00,11,6,5
2017-10-30 21:00:00,2,2,0
2017-10-30 22:00:00,2,2,0
2017-10-30 23:00:00,0,0,0
2017-10-31 00:00:00,2,2,0
2017-10-31 01:00:00,0,0,0
2017-10-31 02:00:00,1,1,0
2017-10-31 03:00:00,0,0,0
2017-10-31 04:00:00,4,1,3
2017-10-31 05:00:00,14,3,11
2017-10-31 06:00:00,35,9,26
2017-10-31 07:00:00,80,17,63
2017-10-31 08:00:00,88,17,71
2017-10-31 09:00:00,63,23,40
2017-10-31 10:00:00,49,22,27
2017-10-31 11:00:00,18,9,9
2017-10-31 12:00:00,45,26,19
2017-10-31 13:00:00,40,28,12
2017-10-31 14:00:00,85,44,41
2017-10-31 15:00:00,95,56,39
2017-10-31 16:00:00,121,84,37
2017-10-31 17:00:00,155,114,41
2017-10-31 18:00:00,61,39,22
2017-10-31 19:00:00,16,12,4
2017-10-31 20:00:00,5,4,1
2017-10-31 21:00:00,7,4,3
2017-10-31 22:00:00,1,1,0
2017-10-31 23:00:00,1,1,0
2017-11-01 00:00:00,1,1,0
2017-11-01 01:00:00,0,0,0
2017-11-01 02:00:00,1,1,0
2017-11-01 03:00:00,0,0,0
2017-11-01 04:00:00,5,3,2
2017-11-01 05:00:00,5,0,5
2017-11-01 06:00:00,32,6,26
2017-11-01 07:00:00,59,16,43
2017-11-01 08:00:00,69,24,45
2017-11-01 09:00:00,48,19,29
2017-11-01 10:00:00,31,18,13
2017-11-01 11:00:00,24,9,15
2017-11-01 12:00:00,16,11,5
2017-11-01 13:00:00,25,19,6
2017-11-01 14:00:00,31,18,13
2017-11-01 15:00:00,39,23,16
2017-11-01 16:00:00,61,43,18
2017-11-01 17:00:00,99,74,25
2017-11-01 18:00:00,60,39,21
2017-11-01 19:00:00,9,8,1
2017-11-01 20:00:00,12,12,0
2017-11-01 21:00:00,6,4,2
2017-11-01 22:00:00,2,0,2
2017-11-01 23:00:00,2,2,0
2017-11-02 00:00:00,0,0,0
2017-11-02 01:00:00,0,0,0
2017-11-02 02:00:00,1,1,0
2017-11-02 03:00:00,0,0,0
2017-11-02 04:00:00,4,2,2
2017-11-02 05:00:00,8,4,4
2017-11-02 06:00:00,23,10,13
2017-11-02 07:00:00,55,18,37
2017-11-02 08:00:00,69,21,48
2017-11-02 09:00:00,38,20,18
2017-11-02 10:00:00,22,9,13
2017-11-02 11:00:00,12,4,8
2017-11-02 12:00:00,9,6,3
2017-11-02 13:00:00,14,11,3
2017-11-02 14:00:00,17,15,2
2017-11-02 15:00:00,26,14,12
2017-11-02 16:00:00,48,29,19
2017-11-02 17:00:00,90,61,29
2017-11-02 18:00:00,53,40,13
2017-11-02 19:00:00,19,15,4
2017-11-02 20:00:00,8,6,2
2017-11-02 21:00:00,2,2,0
2017-11-02 22:00:00,1,1,0
2017-11-02 23:00:00,1,1,0
2017-11-03 00:00:00,0,0,0
2017-11-03 01:00:00,0,0,0
2017-11-03 02:00:00,1,1,0
2017-11-03 03:00:00,0,0,0
2017-11-03 04:00:00,1,0,1
2017-11-03 05:00:00,2,0,2
2017-11-03 06:00:00,12,4,8
2017-11-03 07:00:00,32,9,23
2017-11-03 08:00:00,50,18,32
2017-11-03 09:00:00,24,9,15
2017-11-03 10:00:00,11,2,9
2017-11-03 11:00:00,6,1,5
2017-11-03 12:00:00,5,3,2
2017-11-03 13:00:00,11,8,3
2017-11-03 14:00:00,14,12,2
2017-11-03 15:00:00,20,13,7
2017-11-03 16:00:00,24,18,6
2017-11-03 17:00:00,60,48,12
2017-11-03 18:00:00,35,26,9
2017-11-03 19:00:00,9,7,2
2017-11-03 20:00:00,2,2,0
2017-11-03 21:00:00,0,0,0
2017-11-03 22:00:00,0,0,0
2017-11-03 23:00:00,0,0,0
2017-11-04 00:00:00,0,0,0
2017-11-04 01:00:00,0,0,0
2017-11-04 02:00:00,0,0,0
2017-11-04 03:00:00,0,0,0
2017-11-04 04:00:00,1,1,0
2017-11-04 05:00:00,0,0,0
2017-11-04 06:00:00,5,1,4
2017-11-04 07:00:00,9,6,3
2017-11-04 08:00:00,19,12,7
2017-11-04 09:00:00,29,20,9
2017-11-04 10:00:00,50,25,25
2017-11-04 11:00:00,44,20,24
2017-11-04 12:00:00,40,17,23
2017-11-04 13:00:00,40,21,19
2017-11-04 14:00:00,34,15,19
2017-11-04 15:00:00,20,10,10
2017-11-04 16:00:00,9,7,2
2017-11-04 17:00:00,10,4,6
2017-11-04 18:00:00,8,3,5
2017-11-04 19:00:00,4,3,1
2017-11-04 20:00:00,1,0,1
2017-11-04 21:00:00,0,0,0
2017-11-04 22:00:00,1,1,0
2017-11-04 23:00:00,0,0,0
2017-11-05 00:00:00,1,1,0
2017-11-05 01:00:00,0,0,0
2017-11-05 02:00:00,0,0,0
2017-11-05 03:00:00,0,0,0
2017-11-05 04:00:00,0,0,0
2017-11-05 05:00:00,0,0,0
2017-11-05 06:00:00,2,0,2
2017-11-05 07:00:00,2,2,0
2017-11-05 08:00:00,6,5,1
2017-11-05 09:00:00,12,8,4
2017-11-05 10:00:00,8,1,7
2017-11-05 11:00:00,15,9,6
2017-11-05 12:00:00,17,11,6
2017-11-05 13:00:00,11,4,7
2017-11-05 14:00:00,9,7,2
2017-11-05 15:00:00,9,2,7
2017-11-05 16:00:00,5,4,1
2017-11-05 17:00:00,7,3,4
2017-11-05 18:00:00,1,1,0
2017-11-05 19:00:00,4,2,2
2017-11-05 20:00:00,3,2,1
2017-11-05 21:00:00,0,0,0
2017-11-05 22:00:00,0,0,0
2017-11-05 23:00:00,0,0,0
2017-11-06 00:00:00,0,0,0
2017-11-06 01:00:00,0,0,0
2017-11-06 02:00:00,0,0,0
2017-11-06 03:00:00,0,0,0
2017-11-06 04:00:00,2,1,1
2017-11-06 05:00:00,6,0,6
2017-11-06 06:00:00,23,4,19
2017-11-06 07:00:00,61,14,47
2017-11-06 08:00:00,78,16,62
2017-11-06 09:00:00,48,22,26
2017-11-06 10:00:00,24,12,12
2017-11-06 11:00:00,21,12,9
2017-11-06 12:00:00,44,23,21
2017-11-06 13:00:00,34,12,22
2017-11-06 14:00:00,54,30,24
2017-11-06 15:00:00,48,30,18
2017-11-06 16:00:00,76,59,17
2017-11-06 17:00:00,108,84,24
2017-11-06 18:00:00,63,41,22
2017-11-06 19:00:00,17,14,3
2017-11-06 20:00:00,9,6,3
2017-11-06 21:00:00,6,3,3
2017-11-06 22:00:00,0,0,0
2017-11-06 23:00:00,0,0,0
2017-11-07 00:00:00,0,0,0
2017-11-07 01:00:00,0,0,0
2017-11-07 02:00:00,0,0,0
2017-11-07 03:00:00,0,0,0
2017-11-07 04:00:00,4,1,3
2017-11-07 05:00:00,9,1,8
2017-11-07 06:00:00,27,9,18
2017-11-07 07:00:00,80,15,65
2017-11-07 08:00:00,85,24,61
2017-11-07 09:00:00,49,20,29
2017-11-07 10:00:00,27,13,14
2017-11-07 11:00:00,24,12,12
2017-11-07 12:00:00,35,20,15
2017-11-07 13:00:00,35,16,19
2017-11-07 14:00:00,50,33,17
2017-11-07 15:00:00,47,26,21
2017-11-07 16:00:00,65,43,22
2017-11-07 17:00:00,96,72,24
2017-11-07 18:00:00,63,42,21
2017-11-07 19:00:00,23,18,5
2017-11-07 20:00:00,11,11,0
2017-11-07 21:00:00,5,4,1
2017-11-07 22:00:00,4,4,0
2017-11-07 23:00:00,1,1,0
2017-11-08 00:00:00,0,0,0
2017-11-08 01:00:00,0,0,0
2017-11-08 02:00:00,1,1,0
2017-11-08 03:00:00,0,0,0
2017-11-08 04:00:00,2,0,2
2017-11-08 05:00:00,9,1,8
2017-11-08 06:00:00,21,4,17
2017-11-08 07:00:00,70,18,52
2017-11-08 08:00:00,72,20,52
2017-11-08 09:00:00,48,12,36
2017-11-08 10:00:00,23,14,9
2017-11-08 11:00:00,23,10,13
2017-11-08 12:00:00,27,20,7
2017-11-08 13:00:00,21,8,13
2017-11-08 14:00:00,33,19,14
2017-11-08 15:00:00,26,15,11
2017-11-08 16:00:00,38,30,8
2017-11-08 17:00:00,71,55,16
2017-11-08 18:00:00,56,44,12
2017-11-08 19:00:00,17,13,4
2017-11-08 20:00:00,11,9,2
2017-11-08 21:00:00,1,1,0
2017-11-08 22:00:00,0,0,0
2017-11-08 23:00:00,1,0,1
2017-11-09 00:00:00,1,1,0
2017-11-09 01:00:00,0,0,0
2017-11-09 02:00:00,0,0,0
2017-11-09 03:00:00,0,0,0
2017-11-09 04:00:00,2,0,2
2017-11-09 05:00:00,5,0,5
2017-11-09 06:00:00,28,5,23
2017-11-09 07:00:00,43,11,32
2017-11-09 08:00:00,46,10,36
2017-11-09 09:00:00,37,17,20
2017-11-09 10:00:00,16,6,10
2017-11-09 11:00:00,12,7,5
2017-11-09 12:00:00,8,2,6
2017-11-09 13:00:00,20,13,7
2017-11-09 14:00:00,10,8,2
2017-11-09 15:00:00,24,19,5
2017-11-09 16:00:00,49,34,15
2017-11-09 17:00:00,57,44,13
2017-11-09 18:00:00,24,19,5
2017-11-09 19:00:00,17,15,2
2017-11-09 20:00:00,1,1,0
2017-11-09 21:00:00,3,3,0
2017-11-09 22:00:00,0,0,0
2017-11-09 23:00:00,0,0,0
2017-11-10 00:00:00,0,0,0
2017-11-10 01:00:00,0,0,0
2017-11-10 02:00:00,0,0,0
2017-11-10 03:00:00,0,0,0
2017-11-10 04:00:00,2,0,2
2017-11-10 05:00:00,6,2,4
2017-11-10 06:00:00,22,7,15
2017-11-10 07:00:00,38,13,25
2017-11-10 08:00:00,34,8,26
2017-11-10 09:00:00,34,14,20
2017-11-10 10:00:00,30,14,16
2017-11-10 11:00:00,38,21,17
2017-11-10 12:00:00,36,18,18
2017-11-10 13:00:00,57,24,33
2017-11-10 14:00:00,54,33,21
2017-11-10 15:00:00,81,45,36
2017-11-10 16:00:00,75,43,32
2017-11-10 17:00:00,48,27,21
2017-11-10 18:00:00,32,27,5
2017-11-10 19:00:00,8,6,2
2017-11-10 20:00:00,2,1,1
2017-11-10 21:00:00,5,3,2
2017-11-10 22:00:00,0,0,0
2017-11-10 23:00:00,0,0,0
2017-11-11 00:00:00,1,1,0
2017-11-11 01:00:00,0,0,0
2017-11-11 02:00:00,0,0,0
2017-11-11 03:00:00,0,0,0
2017-11-11 04:00:00,1,1,0
2017-11-11 05:00:00,3,1,2
2017-11-11 06:00:00,2,1,1
2017-11-11 07:00:00,21,14,7
2017-11-11 08:00:00,22,14,8
2017-11-11 09:00:00,37,27,10
2017-11-11 10:00:00,43,18,25
2017-11-11 11:00:00,30,8,22
2017-11-11 12:00:00,31,7,24
2017-11-11 13:00:00,32,13,19
2017-11-11 14:00:00,29,22,7
2017-11-11 15:00:00,31,9,22
2017-11-11 16:00:00,17,6,11
2017-11-11 17:00:00,10,3,7
2017-11-11 18:00:00,2,1,1
2017-11-11 19:00:00,0,0,0
2017-11-11 20:00:00,2,2,0
2017-11-11 21:00:00,0,0,0
2017-11-11 22:00:00,0,0,0
2017-11-11 23:00:00,0,0,0
2017-11-12 00:00:00,1,1,0
2017-11-12 01:00:00,2,1,1
2017-11-12 02:00:00,0,0,0
2017-11-12 03:00:00,0,0,0
2017-11-12 04:00:00,1,1,0
2017-11-12 05:00:00,0,0,0
2017-11-12 06:00:00,0,0,0
2017-11-12 07:00:00,3,1,2
2017-11-12 08:00:00,17,10,7
2017-11-12 09:00:00,29,19,10
2017-11-12 10:00:00,34,21,13
2017-11-12 11:00:00,54,29,25
2017-11-12 12:00:00,58,28,30
2017-11-12 13:00:00,61,33,28
2017-11-12 14:00:00,47,24,23
2017-11-12 15:00:00,27,12,15
2017-11-12 16:00:00,19,9,10
2017-11-12 17:00:00,9,2,7
2017-11-12 18:00:00,1,0,1
2017-11-12 19:00:00,4,2,2
2017-11-12 20:00:00,0,0,0
2017-11-12 21:00:00,0,0,0
2017-11-12 22:00:00,1,0,1
2017-11-12 23:00:00,1,0,1
2017-11-13 00:00:00,0,0,0
2017-11-13 01:00:00,1,1,0
2017-11-13 02:00:00,0,0,0
2017-11-13 03:00:00,0,0,0
2017-11-13 04:00:00,4,1,3
2017-11-13 05:00:00,4,1,3
2017-11-13 06:00:00,15,5,10
2017-11-13 07:00:00,33,5,28
2017-11-13 08:00:00,61,19,42
2017-11-13 09:00:00,37,18,19
2017-11-13 10:00:00,22,9,13
2017-11-13 11:00:00,9,4,5
2017-11-13 12:00:00,10,6,4
2017-11-13 13:00:00,7,1,6
2017-11-13 14:00:00,12,7,5
2017-11-13 15:00:00,14,9,5
2017-11-13 16:00:00,32,22,10
2017-11-13 17:00:00,41,34,7
2017-11-13 18:00:00,26,20,6
2017-11-13 19:00:00,5,3,2
2017-11-13 20:00:00,2,2,0
2017-11-13 21:00:00,2,2,0
2017-11-13 22:00:00,0,0,0
2017-11-13 23:00:00,0,0,0
2017-11-14 00:00:00,0,0,0
2017-11-14 01:00:00,0,0,0
2017-11-14 02:00:00,0,0,0
2017-11-14 03:00:00,1,0,1
2017-11-14 04:00:00,3,0,3
2017-11-14 05:00:00,9,2,7
2017-11-14 06:00:00,21,5,16
2017-11-14 07:00:00,44,12,32
2017-11-14 08:00:00,53,10,43
2017-11-14 09:00:00,45,16,29
2017-11-14 10:00:00,17,5,12
2017-11-14 11:00:00,10,4,6
2017-11-14 12:00:00,15,5,10
2017-11-14 13:00:00,16,9,7
2017-11-14 14:00:00,16,13,3
2017-11-14 15:00:00,20,12,8
2017-11-14 16:00:00,39,28,11
2017-11-14 17:00:00,55,46,9
2017-11-14 18:00:00,42,32,10
2017-11-14 19:00:00,13,9,4
2017-11-14 20:00:00,8,7,1
2017-11-14 21:00:00,2,0,2
2017-11-14 22:00:00,0,0,0
2017-11-14 23:00:00,0,0,0
2017-11-15 00:00:00,0,0,0
2017-11-15 01:00:00,0,0,0
2017-11-15 02:00:00,1,1,0
2017-11-15 03:00:00,0,0,0
2017-11-15 04:00:00,1,0,1
2017-11-15 05:00:00,4,0,4
2017-11-15 06:00:00,16,7,9
2017-11-15 07:00:00,44,9,35
2017-11-15 08:00:00,53,12,41
2017-11-15 09:00:00,36,15,21
2017-11-15 10:00:00,15,7,8
2017-11-15 11:00:00,10,4,6
2017-11-15 12:00:00,5,2,3
2017-11-15 13:00:00,8,4,4
2017-11-15 14:00:00,26,13,13
2017-11-15 15:00:00,25,13,12
2017-11-15 16:00:00,43,29,14
2017-11-15 17:00:00,75,55,20
2017-11-15 18:00:00,45,37,8
2017-11-15 19:00:00,18,13,5
2017-11-15 20:00:00,6,3,3
2017-11-15 21:00:00,6,3,3
2017-11-15 22:00:00,3,2,1
2017-11-15 23:00:00,0,0,0
2017-11-16 00:00:00,1,1,0
2017-11-16 01:00:00,0,0,0
2017-11-16 02:00:00,0,0,0
2017-11-16 03:00:00,0,0,0
2017-11-16 04:00:00,3,1,2
2017-11-16 05:00:00,8,2,6
2017-11-16 06:00:00,22,4,18
2017-11-16 07:00:00,40,10,30
2017-11-16 08:00:00,61,17,44
2017-11-16 09:00:00,21,9,12
2017-11-16 10:00:00,19,9,10
2017-11-16 11:00:00,14,7,7
2017-11-16 12:00:00,9,3,6
2017-11-16 13:00:00,10,8,2
2017-11-16 14:00:00,22,16,6
2017-11-16 15:00:00,17,12,5
2017-11-16 16:00:00,52,39,13
2017-11-16 17:00:00,65,49,16
2017-11-16 18:00:00,43,30,13
2017-11-16 19:00:00,25,24,1
2017-11-16 20:00:00,13,3,10
2017-11-16 21:00:00,2,2,0
2017-11-16 22:00:00,3,3,0
2017-11-16 23:00:00,0,0,0
2017-11-17 00:00:00,0,0,0
2017-11-17 01:00:00,0,0,0
2017-11-17 02:00:00,0,0,0
2017-11-17 03:00:00,0,0,0
2017-11-17 04:00:00,1,0,1
2017-11-17 05:00:00,6,1,5
2017-11-17 06:00:00,24,5,19
2017-11-17 07:00:00,60,12,48
2017-11-17 08:00:00,68,17,51
2017-11-17 09:00:00,47,20,27
2017-11-17 10:00:00,29,11,18
2017-11-17 11:00:00,30,14,16
2017-11-17 12:00:00,32,18,14
2017-11-17 13:00:00,33,23,10
2017-11-17 14:00:00,48,33,15
2017-11-17 15:00:00,66,40,26
2017-11-17 16:00:00,49,34,15
2017-11-17 17:00:00,64,47,17
2017-11-17 18:00:00,52,39,13
2017-11-17 19:00:00,12,10,2
2017-11-17 20:00:00,6,4,2
2017-11-17 21:00:00,1,1,0
2017-11-17 22:00:00,3,2,1
2017-11-17 23:00:00,0,0,0
2017-11-18 00:00:00,2,0,2
2017-11-18 01:00:00,0,0,0
2017-11-18 02:00:00,0,0,0
2017-11-18 03:00:00,0,0,0
2017-11-18 04:00:00,1,1,0
2017-11-18 05:00:00,0,0,0
2017-11-18 06:00:00,6,4,2
2017-11-18 07:00:00,14,11,3
2017-11-18 08:00:00,48,33,15
2017-11-18 09:00:00,80,53,27
2017-11-18 10:00:00,74,37,37
2017-11-18 11:00:00,108,56,52
2017-11-18 12:00:00,132,76,56
2017-11-18 13:00:00,136,70,66
2017-11-18 14:00:00,121,48,73
2017-11-18 15:00:00,129,60,69
2017-11-18 16:00:00,70,20,50
2017-11-18 17:00:00,37,11,26
2017-11-18 18:00:00,10,5,5
2017-11-18 19:00:00,12,6,6
2017-11-18 20:00:00,11,6,5
2017-11-18 21:00:00,5,4,1
2017-11-18 22:00:00,2,1,1
2017-11-18 23:00:00,7,6,1
2017-11-19 00:00:00,0,0,0
2017-11-19 01:00:00,0,0,0
2017-11-19 02:00:00,0,0,0
2017-11-19 03:00:00,0,0,0
2017-11-19 04:00:00,0,0,0
2017-11-19 05:00:00,0,0,0
2017-11-19 06:00:00,7,4,3
2017-11-19 07:00:00,7,5,2
2017-11-19 08:00:00,17,9,8
2017-11-19 09:00:00,29,11,18
2017-11-19 10:00:00,57,35,22
2017-11-19 11:00:00,47,28,19
2017-11-19 12:00:00,43,14,29
2017-11-19 13:00:00,37,19,18
2017-11-19 14:00:00,45,22,23
2017-11-19 15:00:00,13,4,9
2017-11-19 16:00:00,8,3,5
2017-11-19 17:00:00,3,2,1
2017-11-19 18:00:00,2,1,1
2017-11-19 19:00:00,3,2,1
2017-11-19 20:00:00,1,1,0
2017-11-19 21:00:00,4,2,2
2017-11-19 22:00:00,0,0,0
2017-11-19 23:00:00,0,0,0
2017-11-20 00:00:00,0,0,0
2017-11-20 01:00:00,0,0,0
2017-11-20 02:00:00,0,0,0
2017-11-20 03:00:00,0,0,0
2017-11-20 04:00:00,3,1,2
2017-11-20 05:00:00,10,1,9
2017-11-20 06:00:00,18,6,12
2017-11-20 07:00:00,36,4,32
2017-11-20 08:00:00,37,12,25
2017-11-20 09:00:00,35,10,25
2017-11-20 10:00:00,17,7,10
2017-11-20 11:00:00,6,4,2
2017-11-20 12:00:00,19,12,7
2017-11-20 13:00:00,27,17,10
2017-11-20 14:00:00,18,11,7
2017-11-20 15:00:00,31,20,11
2017-11-20 16:00:00,40,29,11
2017-11-20 17:00:00,58,50,8
2017-11-20 18:00:00,35,26,9
2017-11-20 19:00:00,14,12,2
2017-11-20 20:00:00,6,3,3
2017-11-20 21:00:00,2,1,1
2017-11-20 22:00:00,3,3,0
2017-11-20 23:00:00,0,0,0
2017-11-21 00:00:00,0,0,0
2017-11-21 01:00:00,0,0,0
2017-11-21 02:00:00,0,0,0
2017-11-21 03:00:00,0,0,0
2017-11-21 04:00:00,2,0,2
2017-11-21 05:00:00,7,1,6
2017-11-21 06:00:00,20,5,15
2017-11-21 07:00:00,34,5,29
2017-11-21 08:00:00,40,13,27
2017-11-21 09:00:00,16,5,11
2017-11-21 10:00:00,11,1,10
2017-11-21 11:00:00,1,1,0
2017-11-21 12:00:00,6,2,4
2017-11-21 13:00:00,6,5,1
2017-11-21 14:00:00,7,7,0
2017-11-21 15:00:00,16,9,7
2017-11-21 16:00:00,31,25,6
2017-11-21 17:00:00,48,40,8
2017-11-21 18:00:00,36,26,10
2017-11-21 19:00:00,9,6,3
2017-11-21 20:00:00,6,4,2
2017-11-21 21:00:00,1,0,1
2017-11-21 22:00:00,3,3,0
2017-11-21 23:00:00,0,0,0
2017-11-22 00:00:00,0,0,0
2017-11-22 01:00:00,1,1,0
2017-11-22 02:00:00,1,1,0
2017-11-22 03:00:00,0,0,0
2017-11-22 04:00:00,3,1,2
2017-11-22 05:00:00,7,1,6
2017-11-22 06:00:00,16,2,14
2017-11-22 07:00:00,28,8,20
2017-11-22 08:00:00,52,17,35
2017-11-22 09:00:00,30,14,16
2017-11-22 10:00:00,29,12,17
2017-11-22 11:00:00,27,9,18
2017-11-22 12:00:00,20,10,10
2017-11-22 13:00:00,24,12,12
2017-11-22 14:00:00,36,23,13
2017-11-22 15:00:00,35,22,13
2017-11-22 16:00:00,45,38,7
2017-11-22 17:00:00,42,32,10
2017-11-22 18:00:00,30,24,6
2017-11-22 19:00:00,4,2,2
2017-11-22 20:00:00,5,4,1
2017-11-22 21:00:00,0,0,0
2017-11-22 22:00:00,1,1,0
2017-11-22 23:00:00,1,1,0
2017-11-23 00:00:00,0,0,0
2017-11-23 01:00:00,0,0,0
2017-11-23 02:00:00,0,0,0
2017-11-23 03:00:00,0,0,0
2017-11-23 04:00:00,0,0,0
2017-11-23 05:00:00,0,0,0
2017-11-23 06:00:00,1,1,0
2017-11-23 07:00:00,6,5,1
2017-11-23 08:00:00,17,8,9
2017-11-23 09:00:00,20,8,12
2017-11-23 10:00:00,12,7,5
2017-11-23 11:00:00,25,16,9
2017-11-23 12:00:00,20,14,6
2017-11-23 13:00:00,11,6,5
2017-11-23 14:00:00,22,13,9
2017-11-23 15:00:00,18,9,9
2017-11-23 16:00:00,20,9,11
2017-11-23 17:00:00,10,1,9
2017-11-23 18:00:00,1,1,0
2017-11-23 19:00:00,1,0,1
2017-11-23 20:00:00,1,0,1
2017-11-23 21:00:00,0,0,0
2017-11-23 22:00:00,0,0,0
2017-11-23 23:00:00,1,1,0
2017-11-24 00:00:00,0,0,0
2017-11-24 01:00:00,0,0,0
2017-11-24 02:00:00,0,0,0
2017-11-24 03:00:00,0,0,0
2017-11-24 04:00:00,0,0,0
2017-11-24 05:00:00,1,0,1
2017-11-24 06:00:00,4,1,3
2017-11-24 07:00:00,7,2,5
2017-11-24 08:00:00,35,25,10
2017-11-24 09:00:00,43,23,20
2017-11-24 10:00:00,57,29,28
2017-11-24 11:00:00,55,29,26
2017-11-24 12:00:00,91,39,52
2017-11-24 13:00:00,81,36,45
2017-11-24 14:00:00,74,40,34
2017-11-24 15:00:00,41,12,29
2017-11-24 16:00:00,50,26,24
2017-11-24 17:00:00,12,3,9
2017-11-24 18:00:00,5,2,3
2017-11-24 19:00:00,1,1,0
2017-11-24 20:00:00,2,2,0
2017-11-24 21:00:00,2,0,2
2017-11-24 22:00:00,0,0,0
2017-11-24 23:00:00,0,0,0
2017-11-25 00:00:00,1,1,0
2017-11-25 01:00:00,0,0,0
2017-11-25 02:00:00,3,1,2
2017-11-25 03:00:00,0,0,0
2017-11-25 04:00:00,1,1,0
2017-11-25 05:00:00,1,1,0
2017-11-25 06:00:00,2,2,0
2017-11-25 07:00:00,5,3,2
2017-11-25 08:00:00,30,16,14
2017-11-25 09:00:00,49,28,21
2017-11-25 10:00:00,55,33,22
2017-11-25 11:00:00,68,29,39
2017-11-25 12:00:00,98,45,53
2017-11-25 13:00:00,69,32,37
2017-11-25 14:00:00,50,26,24
2017-11-25 15:00:00,42,18,24
2017-11-25 16:00:00,26,9,17
2017-11-25 17:00:00,6,1,5
2017-11-25 18:00:00,2,0,2
2017-11-25 19:00:00,0,0,0
2017-11-25 20:00:00,3,1,2
2017-11-25 21:00:00,0,0,0
2017-11-25 22:00:00,0,0,0
2017-11-25 23:00:00,1,0,1
2017-11-26 00:00:00,2,2,0
2017-11-26 01:00:00,0,0,0
2017-11-26 02:00:00,0,0,0
2017-11-26 03:00:00,0,0,0
2017-11-26 04:00:00,0,0,0
2017-11-26 05:00:00,1,1,0
2017-11-26 06:00:00,0,0,0
2017-11-26 07:00:00,2,2,0
2017-11-26 08:00:00,10,5,5
2017-11-26 09:00:00,16,8,8
2017-11-26 10:00:00,36,19,17
2017-11-26 11:00:00,67,32,35
2017-11-26 12:00:00,46,20,26
2017-11-26 13:00:00,19,10,9
2017-11-26 14:00:00,10,3,7
2017-11-26 15:00:00,13,5,8
2017-11-26 16:00:00,6,1,5
2017-11-26 17:00:00,4,2,2
2017-11-26 18:00:00,3,1,2
2017-11-26 19:00:00,1,1,0
2017-11-26 20:00:00,0,0,0
2017-11-26 21:00:00,0,0,0
2017-11-26 22:00:00,0,0,0
2017-11-26 23:00:00,2,1,1
2017-11-27 00:00:00,0,0,0
2017-11-27 01:00:00,0,0,0
2017-11-27 02:00:00,0,0,0
2017-11-27 03:00:00,0,0,0
2017-11-27 04:00:00,5,1,4
2017-11-27 05:00:00,7,2,5
2017-11-27 06:00:00,28,5,23
2017-11-27 07:00:00,64,11,53
2017-11-27 08:00:00,65,18,47
2017-11-27 09:00:00,56,25,31
2017-11-27 10:00:00,30,8,22
2017-11-27 11:00:00,25,9,16
2017-11-27 12:00:00,33,18,15
2017-11-27 13:00:00,45,28,17
2017-11-27 14:00:00,43,25,18
2017-11-27 15:00:00,50,28,22
2017-11-27 16:00:00,81,52,29
2017-11-27 17:00:00,91,69,22
2017-11-27 18:00:00,60,47,13
2017-11-27 19:00:00,17,13,4
2017-11-27 20:00:00,11,6,5
2017-11-27 21:00:00,7,5,2
2017-11-27 22:00:00,2,1,1
2017-11-27 23:00:00,2,0,2
2017-11-28 00:00:00,0,0,0
2017-11-28 01:00:00,0,0,0
2017-11-28 02:00:00,2,1,1
2017-11-28 03:00:00,0,0,0
2017-11-28 04:00:00,1,0,1
2017-11-28 05:00:00,11,2,9
2017-11-28 06:00:00,19,3,16
2017-11-28 07:00:00,38,8,30
2017-11-28 08:00:00,65,11,54
2017-11-28 09:00:00,19,10,9
2017-11-28 10:00:00,8,3,5
2017-11-28 11:00:00,4,1,3
2017-11-28 12:00:00,10,5,5
2017-11-28 13:00:00,5,2,3
2017-11-28 14:00:00,13,9,4
2017-11-28 15:00:00,14,9,5
2017-11-28 16:00:00,35,29,6
2017-11-28 17:00:00,64,45,19
2017-11-28 18:00:00,36,28,8
2017-11-28 19:00:00,16,14,2
2017-11-28 20:00:00,4,4,0
2017-11-28 21:00:00,5,5,0
2017-11-28 22:00:00,1,1,0
2017-11-28 23:00:00,0,0,0
2017-11-29 00:00:00,0,0,0
2017-11-29 01:00:00,0,0,0
2017-11-29 02:00:00,1,1,0
2017-11-29 03:00:00,0,0,0
2017-11-29 04:00:00,1,0,1
2017-11-29 05:00:00,18,1,17
2017-11-29 06:00:00,26,4,22
2017-11-29 07:00:00,69,14,55
2017-11-29 08:00:00,74,13,61
2017-11-29 09:00:00,61,30,31
2017-11-29 10:00:00,48,30,18
2017-11-29 11:00:00,26,14,12
2017-11-29 12:00:00,33,19,14
2017-11-29 13:00:00,38,23,15
2017-11-29 14:00:00,61,29,32
2017-11-29 15:00:00,61,34,27
2017-11-29 16:00:00,74,59,15
2017-11-29 17:00:00,72,51,21
2017-11-29 18:00:00,70,52,18
2017-11-29 19:00:00,17,14,3
2017-11-29 20:00:00,6,5,1
2017-11-29 21:00:00,5,3,2
2017-11-29 22:00:00,5,3,2
2017-11-29 23:00:00,2,1,1
2017-11-30 00:00:00,0,0,0
2017-11-30 01:00:00,0,0,0
2017-11-30 02:00:00,1,0,1
2017-11-30 03:00:00,0,0,0
2017-11-30 04:00:00,1,1,0
2017-11-30 05:00:00,10,2,8
2017-11-30 06:00:00,19,3,16
2017-11-30 07:00:00,44,9,35
2017-11-30 08:00:00,44,10,34
2017-11-30 09:00:00,22,10,12
2017-11-30 10:00:00,6,0,6
2017-11-30 11:00:00,5,2,3
2017-11-30 12:00:00,6,1,5
2017-11-30 13:00:00,6,5,1
2017-11-30 14:00:00,22,17,5
2017-11-30 15:00:00,40,21,19
2017-11-30 16:00:00,39,25,14
2017-11-30 17:00:00,49,36,13
2017-11-30 18:00:00,45,31,14
2017-11-30 19:00:00,15,13,2
2017-11-30 20:00:00,4,4,0
2017-11-30 21:00:00,9,6,3
2017-11-30 22:00:00,3,2,1
2017-11-30 23:00:00,1,1,0
2017-12-01 00:00:00,1,1,0
2017-12-01 01:00:00,1,1,0
2017-12-01 02:00:00,0,0,0
2017-12-01 03:00:00,0,0,0
2017-12-01 04:00:00,2,0,2
2017-12-01 05:00:00,5,1,4
2017-12-01 06:00:00,20,4,16
2017-12-01 07:00:00,41,9,32
2017-12-01 08:00:00,47,11,36
2017-12-01 09:00:00,32,7,25
2017-12-01 10:00:00,18,4,14
2017-12-01 11:00:00,16,10,6
2017-12-01 12:00:00,16,11,5
2017-12-01 13:00:00,19,12,7
2017-12-01 14:00:00,17,10,7
2017-12-01 15:00:00,19,17,2
2017-12-01 16:00:00,38,29,9
2017-12-01 17:00:00,41,34,7
2017-12-01 18:00:00,33,29,4
2017-12-01 19:00:00,13,12,1
2017-12-01 20:00:00,4,3,1
2017-12-01 21:00:00,3,2,1
2017-12-01 22:00:00,0,0,0
2017-12-01 23:00:00,1,1,0
2017-12-02 00:00:00,1,1,0
2017-12-02 01:00:00,1,1,0
2017-12-02 02:00:00,0,0,0
2017-12-02 03:00:00,0,0,0
2017-12-02 04:00:00,1,1,0
2017-12-02 05:00:00,1,1,0
2017-12-02 06:00:00,2,1,1
2017-12-02 07:00:00,17,14,3
2017-12-02 08:00:00,24,17,7
2017-12-02 09:00:00,19,8,11
2017-12-02 10:00:00,17,6,11
2017-12-02 11:00:00,15,7,8
2017-12-02 12:00:00,15,1,14
2017-12-02 13:00:00,17,10,7
2017-12-02 14:00:00,6,2,4
2017-12-02 15:00:00,9,5,4
2017-12-02 16:00:00,8,1,7
2017-12-02 17:00:00,4,2,2
2017-12-02 18:00:00,6,2,4
2017-12-02 19:00:00,1,1,0
2017-12-02 20:00:00,1,0,1
2017-12-02 21:00:00,0,0,0
2017-12-02 22:00:00,0,0,0
2017-12-02 23:00:00,1,1,0
2017-12-03 00:00:00,0,0,0
2017-12-03 01:00:00,0,0,0
2017-12-03 02:00:00,0,0,0
2017-12-03 03:00:00,0,0,0
2017-12-03 04:00:00,0,0,0
2017-12-03 05:00:00,0,0,0
2017-12-03 06:00:00,0,0,0
2017-12-03 07:00:00,11,9,2
2017-12-03 08:00:00,25,13,12
2017-12-03 09:00:00,37,30,7
2017-12-03 10:00:00,46,24,22
2017-12-03 11:00:00,56,28,28
2017-12-03 12:00:00,82,42,40
2017-12-03 13:00:00,73,36,37
2017-12-03 14:00:00,53,32,21
2017-12-03 15:00:00,54,24,30
2017-12-03 16:00:00,29,6,23
2017-12-03 17:00:00,16,6,10
2017-12-03 18:00:00,5,1,4
2017-12-03 19:00:00,5,3,2
2017-12-03 20:00:00,2,1,1
2017-12-03 21:00:00,2,1,1
2017-12-03 22:00:00,0,0,0
2017-12-03 23:00:00,1,0,1
2017-12-04 00:00:00,0,0,0
2017-12-04 01:00:00,0,0,0
2017-12-04 02:00:00,0,0,0
2017-12-04 03:00:00,0,0,0
2017-12-04 04:00:00,5,1,4
2017-12-04 05:00:00,6,1,5
2017-12-04 06:00:00,23,5,18
2017-12-04 07:00:00,42,8,34
2017-12-04 08:00:00,70,13,57
2017-12-04 09:00:00,35,13,22
2017-12-04 10:00:00,31,12,19
2017-12-04 11:00:00,29,12,17
2017-12-04 12:00:00,26,15,11
2017-12-04 13:00:00,22,16,6
2017-12-04 14:00:00,34,14,20
2017-12-04 15:00:00,51,33,18
2017-12-04 16:00:00,58,46,12
2017-12-04 17:00:00,75,53,22
2017-12-04 18:00:00,49,37,12
2017-12-04 19:00:00,19,14,5
2017-12-04 20:00:00,6,3,3
2017-12-04 21:00:00,2,2,0
2017-12-04 22:00:00,2,1,1
2017-12-04 23:00:00,0,0,0
2017-12-05 00:00:00,0,0,0
2017-12-05 01:00:00,0,0,0
2017-12-05 02:00:00,0,0,0
2017-12-05 03:00:00,0,0,0
2017-12-05 04:00:00,2,0,2
2017-12-05 05:00:00,6,0,6
2017-12-05 06:00:00,18,5,13
2017-12-05 07:00:00,45,7,38
2017-12-05 08:00:00,58,17,41
2017-12-05 09:00:00,35,13,22
2017-12-05 10:00:00,10,2,8
2017-12-05 11:00:00,19,9,10
2017-12-05 12:00:00,24,14,10
2017-12-05 13:00:00,25,11,14
2017-12-05 14:00:00,42,21,21
2017-12-05 15:00:00,34,17,17
2017-12-05 16:00:00,65,45,20
2017-12-05 17:00:00,63,52,11
2017-12-05 18:00:00,47,31,16
2017-12-05 19:00:00,15,13,2
2017-12-05 20:00:00,3,3,0
2017-12-05 21:00:00,3,3,0
2017-12-05 22:00:00,1,0,1
2017-12-05 23:00:00,0,0,0
2017-12-06 00:00:00,0,0,0
2017-12-06 01:00:00,1,1,0
2017-12-06 02:00:00,2,2,0
2017-12-06 03:00:00,0,0,0
2017-12-06 04:00:00,3,1,2
2017-12-06 05:00:00,9,1,8
2017-12-06 06:00:00,16,2,14
2017-12-06 07:00:00,36,8,28
2017-12-06 08:00:00,64,20,44
2017-12-06 09:00:00,35,18,17
2017-12-06 10:00:00,31,14,17
2017-12-06 11:00:00,25,13,12
2017-12-06 12:00:00,32,15,17
2017-12-06 13:00:00,42,17,25
2017-12-06 14:00:00,59,37,22
2017-12-06 15:00:00,40,24,16
2017-12-06 16:00:00,59,37,22
2017-12-06 17:00:00,64,48,16
2017-12-06 18:00:00,41,34,7
2017-12-06 19:00:00,17,11,6
2017-12-06 20:00:00,7,6,1
2017-12-06 21:00:00,5,3,2
2017-12-06 22:00:00,4,2,2
2017-12-06 23:00:00,0,0,0
2017-12-07 00:00:00,0,0,0
2017-12-07 01:00:00,0,0,0
2017-12-07 02:00:00,0,0,0
2017-12-07 03:00:00,0,0,0
2017-12-07 04:00:00,0,0,0
2017-12-07 05:00:00,7,0,7
2017-12-07 06:00:00,13,3,10
2017-12-07 07:00:00,32,7,25
2017-12-07 08:00:00,48,13,35
2017-12-07 09:00:00,28,12,16
2017-12-07 10:00:00,21,10,11
2017-12-07 11:00:00,21,10,11
2017-12-07 12:00:00,29,11,18
2017-12-07 13:00:00,36,19,17
2017-12-07 14:00:00,48,22,26
2017-12-07 15:00:00,40,18,22
2017-12-07 16:00:00,65,41,24
2017-12-07 17:00:00,41,26,15
2017-12-07 18:00:00,32,18,14
2017-12-07 19:00:00,19,13,6
2017-12-07 20:00:00,27,24,3
2017-12-07 21:00:00,4,1,3
2017-12-07 22:00:00,3,2,1
2017-12-07 23:00:00,1,1,0
2017-12-08 00:00:00,0,0,0
2017-12-08 01:00:00,0,0,0
2017-12-08 02:00:00,0,0,0
2017-12-08 03:00:00,0,0,0
2017-12-08 04:00:00,1,0,1
2017-12-08 05:00:00,5,0,5
2017-12-08 06:00:00,13,2,11
2017-12-08 07:00:00,35,2,33
2017-12-08 08:00:00,30,6,24
2017-12-08 09:00:00,29,9,20
2017-12-08 10:00:00,12,5,7
2017-12-08 11:00:00,18,13,5
2017-12-08 12:00:00,20,13,7
2017-12-08 13:00:00,27,16,11
2017-12-08 14:00:00,41,22,19
2017-12-08 15:00:00,48,28,20
2017-12-08 16:00:00,44,30,14
2017-12-08 17:00:00,42,30,12
2017-12-08 18:00:00,28,21,7
2017-12-08 19:00:00,17,9,8
2017-12-08 20:00:00,5,4,1
2017-12-08 21:00:00,3,3,0
2017-12-08 22:00:00,1,1,0
2017-12-08 23:00:00,0,0,0
2017-12-09 00:00:00,1,1,0
2017-12-09 01:00:00,0,0,0
2017-12-09 02:00:00,0,0,0
2017-12-09 03:00:00,2,0,2
2017-12-09 04:00:00,0,0,0
2017-12-09 05:00:00,0,0,0
2017-12-09 06:00:00,4,4,0
2017-12-09 07:00:00,4,1,3
2017-12-09 08:00:00,14,12,2
2017-12-09 09:00:00,13,7,6
2017-12-09 10:00:00,32,15,17
2017-12-09 11:00:00,44,31,13
2017-12-09 12:00:00,66,30,36
2017-12-09 13:00:00,82,45,37
2017-12-09 14:00:00,69,33,36
2017-12-09 15:00:00,59,26,33
2017-12-09 16:00:00,43,14,29
2017-12-09 17:00:00,14,6,8
2017-12-09 18:00:00,8,1,7
2017-12-09 19:00:00,2,2,0
2017-12-09 20:00:00,1,1,0
2017-12-09 21:00:00,2,0,2
2017-12-09 22:00:00,1,1,0
2017-12-09 23:00:00,3,3,0
2017-12-10 00:00:00,0,0,0
2017-12-10 01:00:00,0,0,0
2017-12-10 02:00:00,0,0,0
2017-12-10 03:00:00,0,0,0
2017-12-10 04:00:00,0,0,0
2017-12-10 05:00:00,1,0,1
2017-12-10 06:00:00,0,0,0
2017-12-10 07:00:00,4,3,1
2017-12-10 08:00:00,21,12,9
2017-12-10 09:00:00,26,21,5
2017-12-10 10:00:00,36,24,12
2017-12-10 11:00:00,61,32,29
2017-12-10 12:00:00,56,31,25
2017-12-10 13:00:00,69,35,34
2017-12-10 14:00:00,84,32,52
2017-12-10 15:00:00,65,28,37
2017-12-10 16:00:00,23,5,18
2017-12-10 17:00:00,4,3,1
2017-12-10 18:00:00,9,2,7
2017-12-10 19:00:00,2,1,1
2017-12-10 20:00:00,2,2,0
2017-12-10 21:00:00,0,0,0
2017-12-10 22:00:00,2,1,1
2017-12-10 23:00:00,2,0,2
2017-12-11 00:00:00,0,0,0
2017-12-11 01:00:00,0,0,0
2017-12-11 02:00:00,0,0,0
2017-12-11 03:00:00,0,0,0
2017-12-11 04:00:00,4,3,1
2017-12-11 05:00:00,6,2,4
2017-12-11 06:00:00,17,4,13
2017-12-11 07:00:00,36,2,34
2017-12-11 08:00:00,30,3,27
2017-12-11 09:00:00,25,10,15
2017-12-11 10:00:00,24,6,18
2017-12-11 11:00:00,13,7,6
2017-12-11 12:00:00,23,12,11
2017-12-11 13:00:00,25,14,11
2017-12-11 14:00:00,21,11,10
2017-12-11 15:00:00,40,17,23
2017-12-11 16:00:00,57,36,21
2017-12-11 17:00:00,52,34,18
2017-12-11 18:00:00,39,28,11
2017-12-11 19:00:00,14,11,3
2017-12-11 20:00:00,4,4,0
2017-12-11 21:00:00,1,0,1
2017-12-11 22:00:00,1,1,0
2017-12-11 23:00:00,0,0,0
2017-12-12 00:00:00,0,0,0
2017-12-12 01:00:00,0,0,0
2017-12-12 02:00:00,0,0,0
2017-12-12 03:00:00,0,0,0
2017-12-12 04:00:00,1,0,1
2017-12-12 05:00:00,6,0,6
2017-12-12 06:00:00,17,3,14
2017-12-12 07:00:00,35,8,27
2017-12-12 08:00:00,34,3,31
2017-12-12 09:00:00,26,9,17
2017-12-12 10:00:00,24,15,9
2017-12-12 11:00:00,13,3,10
2017-12-12 12:00:00,21,15,6
2017-12-12 13:00:00,24,6,18
2017-12-12 14:00:00,24,14,10
2017-12-12 15:00:00,38,23,15
2017-12-12 16:00:00,49,32,17
2017-12-12 17:00:00,46,32,14
2017-12-12 18:00:00,34,26,8
2017-12-12 19:00:00,10,8,2
2017-12-12 20:00:00,9,9,0
2017-12-12 21:00:00,5,2,3
2017-12-12 22:00:00,1,1,0
2017-12-12 23:00:00,2,0,2
2017-12-13 00:00:00,2,2,0
2017-12-13 01:00:00,0,0,0
2017-12-13 02:00:00,1,1,0
2017-12-13 03:00:00,0,0,0
2017-12-13 04:00:00,3,1,2
2017-12-13 05:00:00,9,3,6
2017-12-13 06:00:00,18,3,15
2017-12-13 07:00:00,35,6,29
2017-12-13 08:00:00,40,7,33
2017-12-13 09:00:00,37,14,23
2017-12-13 10:00:00,21,12,9
2017-12-13 11:00:00,24,8,16
2017-12-13 12:00:00,39,23,16
2017-12-13 13:00:00,35,19,16
2017-12-13 14:00:00,41,28,13
2017-12-13 15:00:00,44,26,18
2017-12-13 16:00:00,57,31,26
2017-12-13 17:00:00,51,36,15
2017-12-13 18:00:00,38,28,10
2017-12-13 19:00:00,12,9,3
2017-12-13 20:00:00,6,5,1
2017-12-13 21:00:00,6,2,4
2017-12-13 22:00:00,2,2,0
2017-12-13 23:00:00,2,1,1
2017-12-14 00:00:00,0,0,0
2017-12-14 01:00:00,0,0,0
2017-12-14 02:00:00,0,0,0
2017-12-14 03:00:00,0,0,0
2017-12-14 04:00:00,1,0,1
2017-12-14 05:00:00,4,1,3
2017-12-14 06:00:00,16,3,13
2017-12-14 07:00:00,30,5,25
2017-12-14 08:00:00,52,13,39
2017-12-14 09:00:00,29,15,14
2017-12-14 10:00:00,25,10,15
2017-12-14 11:00:00,14,8,6
2017-12-14 12:00:00,25,13,12
2017-12-14 13:00:00,30,20,10
2017-12-14 14:00:00,38,9,29
2017-12-14 15:00:00,55,28,27
2017-12-14 16:00:00,68,47,21
2017-12-14 17:00:00,48,37,11
2017-12-14 18:00:00,41,33,8
2017-12-14 19:00:00,11,8,3
2017-12-14 20:00:00,11,4,7
2017-12-14 21:00:00,5,2,3
2017-12-14 22:00:00,0,0,0
2017-12-14 23:00:00,0,0,0
2017-12-15 00:00:00,0,0,0
2017-12-15 01:00:00,0,0,0
2017-12-15 02:00:00,0,0,0
2017-12-15 03:00:00,0,0,0
2017-12-15 04:00:00,1,0,1
2017-12-15 05:00:00,2,0,2
2017-12-15 06:00:00,12,1,11
2017-12-15 07:00:00,20,4,16
2017-12-15 08:00:00,39,14,25
2017-12-15 09:00:00,30,8,22
2017-12-15 10:00:00,15,9,6
2017-12-15 11:00:00,9,0,9
2017-12-15 12:00:00,5,3,2
2017-12-15 13:00:00,10,8,2
2017-12-15 14:00:00,21,17,4
2017-12-15 15:00:00,29,19,10
2017-12-15 16:00:00,24,13,11
2017-12-15 17:00:00,38,31,7
2017-12-15 18:00:00,21,16,5
2017-12-15 19:00:00,4,4,0
2017-12-15 20:00:00,3,3,0
2017-12-15 21:00:00,1,1,0
2017-12-15 22:00:00,1,1,0
2017-12-15 23:00:00,4,4,0
2017-12-16 00:00:00,0,0,0
2017-12-16 01:00:00,0,0,0
2017-12-16 02:00:00,1,1,0
2017-12-16 03:00:00,0,0,0
2017-12-16 04:00:00,0,0,0
2017-12-16 05:00:00,1,1,0
2017-12-16 06:00:00,1,0,1
2017-12-16 07:00:00,5,3,2
2017-12-16 08:00:00,21,17,4
2017-12-16 09:00:00,33,25,8
2017-12-16 10:00:00,49,25,24
2017-12-16 11:00:00,32,14,18
2017-12-16 12:00:00,56,24,32
2017-12-16 13:00:00,38,14,24
2017-12-16 14:00:00,41,14,27
2017-12-16 15:00:00,38,21,17
2017-12-16 16:00:00,22,5,17
2017-12-16 17:00:00,3,1,2
2017-12-16 18:00:00,3,1,2
2017-12-16 19:00:00,5,5,0
2017-12-16 20:00:00,3,2,1
2017-12-16 21:00:00,2,2,0
2017-12-16 22:00:00,1,1,0
2017-12-16 23:00:00,2,0,2
2017-12-17 00:00:00,0,0,0
2017-12-17 01:00:00,1,1,0
2017-12-17 02:00:00,0,0,0
2017-12-17 03:00:00,0,0,0
2017-12-17 04:00:00,0,0,0
2017-12-17 05:00:00,0,0,0
2017-12-17 06:00:00,0,0,0
2017-12-17 07:00:00,3,2,1
2017-12-17 08:00:00,4,2,2
2017-12-17 09:00:00,21,13,8
2017-12-17 10:00:00,27,13,14
2017-12-17 11:00:00,21,14,7
2017-12-17 12:00:00,27,10,17
2017-12-17 13:00:00,21,9,12
2017-12-17 14:00:00,24,11,13
2017-12-17 15:00:00,21,10,11
2017-12-17 16:00:00,21,7,14
2017-12-17 17:00:00,0,0,0
2017-12-17 18:00:00,1,1,0
2017-12-17 19:00:00,2,2,0
2017-12-17 20:00:00,0,0,0
2017-12-17 21:00:00,2,1,1
2017-12-17 22:00:00,0,0,0
2017-12-17 23:00:00,2,2,0
2017-12-18 00:00:00,0,0,0
2017-12-18 01:00:00,0,0,0
2017-12-18 02:00:00,0,0,0
2017-12-18 03:00:00,0,0,0
2017-12-18 04:00:00,1,1,0
2017-12-18 05:00:00,4,1,3
2017-12-18 06:00:00,16,5,11
2017-12-18 07:00:00,27,7,20
2017-12-18 08:00:00,2,0,2
2017-12-18 09:00:00,1,0,1
2017-12-18 10:00:00,0,0,0
2017-12-18 11:00:00,0,0,0
2017-12-18 12:00:00,1,1,0
2017-12-18 13:00:00,1,1,0
2017-12-18 14:00:00,0,0,0
2017-12-18 15:00:00,4,4,0
2017-12-18 16:00:00,9,6,3
2017-12-18 17:00:00,5,3,2
2017-12-18 18:00:00,3,2,1
2017-12-18 19:00:00,3,2,1
2017-12-18 20:00:00,0,0,0
2017-12-18 21:00:00,0,0,0
2017-12-18 22:00:00,0,0,0
2017-12-18 23:00:00,0,0,0
2017-12-19 00:00:00,0,0,0
2017-12-19 01:00:00,0,0,0
2017-12-19 02:00:00,0,0,0
2017-12-19 03:00:00,0,0,0
2017-12-19 04:00:00,0,0,0
2017-12-19 05:00:00,1,0,1
2017-12-19 06:00:00,2,2,0
2017-12-19 07:00:00,2,0,2
2017-12-19 08:00:00,0,0,0
2017-12-19 09:00:00,0,0,0
2017-12-19 10:00:00,0,0,0
2017-12-19 11:00:00,1,0,1
2017-12-19 12:00:00,0,0,0
2017-12-19 13:00:00,3,1,2
2017-12-19 14:00:00,7,4,3
2017-12-19 15:00:00,14,10,4
2017-12-19 16:00:00,24,14,10
2017-12-19 17:00:00,26,25,1
2017-12-19 18:00:00,16,10,6
2017-12-19 19:00:00,8,5,3
2017-12-19 20:00:00,8,5,3
2017-12-19 21:00:00,1,1,0
2017-12-19 22:00:00,1,1,0
2017-12-19 23:00:00,2,1,1
2017-12-20 00:00:00,0,0,0
2017-12-20 01:00:00,0,0,0
2017-12-20 02:00:00,1,1,0
2017-12-20 03:00:00,0,0,0
2017-12-20 04:00:00,1,0,1
2017-12-20 05:00:00,6,1,5
2017-12-20 06:00:00,18,5,13
2017-12-20 07:00:00,36,8,28
2017-12-20 08:00:00,23,8,15
2017-12-20 09:00:00,29,12,17
2017-12-20 10:00:00,27,14,13
2017-12-20 11:00:00,22,9,13
2017-12-20 12:00:00,37,20,17
2017-12-20 13:00:00,30,20,10
2017-12-20 14:00:00,42,17,25
2017-12-20 15:00:00,76,44,32
2017-12-20 16:00:00,38,29,9
2017-12-20 17:00:00,52,38,14
2017-12-20 18:00:00,27,21,6
2017-12-20 19:00:00,12,10,2
2017-12-20 20:00:00,6,5,1
2017-12-20 21:00:00,2,1,1
2017-12-20 22:00:00,1,1,0
2017-12-20 23:00:00,1,1,0
2017-12-21 00:00:00,0,0,0
2017-12-21 01:00:00,1,1,0
2017-12-21 02:00:00,0,0,0
2017-12-21 03:00:00,1,1,0
2017-12-21 04:00:00,2,1,1
2017-12-21 05:00:00,3,0,3
2017-12-21 06:00:00,12,2,10
2017-12-21 07:00:00,22,8,14
2017-12-21 08:00:00,18,5,13
2017-12-21 09:00:00,20,8,12
2017-12-21 10:00:00,8,5,3
2017-12-21 11:00:00,21,7,14
2017-12-21 12:00:00,13,9,4
2017-12-21 13:00:00,22,14,8
2017-12-21 14:00:00,19,10,9
2017-12-21 15:00:00,27,13,14
2017-12-21 16:00:00,34,25,9
2017-12-21 17:00:00,23,16,7
2017-12-21 18:00:00,20,18,2
2017-12-21 19:00:00,6,5,1
2017-12-21 20:00:00,6,3,3
2017-12-21 21:00:00,3,0,3
2017-12-21 22:00:00,1,1,0
2017-12-21 23:00:00,1,1,0
2017-12-22 00:00:00,1,1,0
2017-12-22 01:00:00,0,0,0
2017-12-22 02:00:00,0,0,0
2017-12-22 03:00:00,0,0,0
2017-12-22 04:00:00,0,0,0
2017-12-22 05:00:00,2,0,2
2017-12-22 06:00:00,5,1,4
2017-12-22 07:00:00,10,2,8
2017-12-22 08:00:00,1,0,1
2017-12-22 09:00:00,0,0,0
2017-12-22 10:00:00,0,0,0
2017-12-22 11:00:00,0,0,0
2017-12-22 12:00:00,0,0,0
2017-12-22 13:00:00,18,8,10
2017-12-22 14:00:00,20,14,6
2017-12-22 15:00:00,30,16,14
2017-12-22 16:00:00,24,13,11
2017-12-22 17:00:00,16,14,2
2017-12-22 18:00:00,7,5,2
2017-12-22 19:00:00,6,5,1
2017-12-22 20:00:00,4,4,0
2017-12-22 21:00:00,1,0,1
2017-12-22 22:00:00,3,0,3
2017-12-22 23:00:00,0,0,0
2017-12-23 00:00:00,1,1,0
2017-12-23 01:00:00,0,0,0
2017-12-23 02:00:00,1,1,0
2017-12-23 03:00:00,0,0,0
2017-12-23 04:00:00,0,0,0
2017-12-23 05:00:00,0,0,0
2017-12-23 06:00:00,1,1,0
2017-12-23 07:00:00,7,5,2
2017-12-23 08:00:00,15,6,9
2017-12-23 09:00:00,6,2,4
2017-12-23 10:00:00,27,15,12
2017-12-23 11:00:00,27,18,9
2017-12-23 12:00:00,58,29,29
2017-12-23 13:00:00,65,37,28
2017-12-23 14:00:00,57,18,39
2017-12-23 15:00:00,35,25,10
2017-12-23 16:00:00,25,11,14
2017-12-23 17:00:00,11,1,10
2017-12-23 18:00:00,4,1,3
2017-12-23 19:00:00,1,1,0
2017-12-23 20:00:00,0,0,0
2017-12-23 21:00:00,1,1,0
2017-12-23 22:00:00,0,0,0
2017-12-23 23:00:00,0,0,0
2017-12-24 00:00:00,2,2,0
2017-12-24 01:00:00,0,0,0
2017-12-24 02:00:00,0,0,0
2017-12-24 03:00:00,0,0,0
2017-12-24 04:00:00,0,0,0
2017-12-24 05:00:00,1,0,1
2017-12-24 06:00:00,1,1,0
2017-12-24 07:00:00,6,5,1
2017-12-24 08:00:00,1,0,1
2017-12-24 09:00:00,12,8,4
2017-12-24 10:00:00,19,15,4
2017-12-24 11:00:00,36,9,27
2017-12-24 12:00:00,31,14,17
2017-12-24 13:00:00,22,10,12
2017-12-24 14:00:00,15,6,9
2017-12-24 15:00:00,17,10,7
2017-12-24 16:00:00,4,0,4
2017-12-24 17:00:00,2,0,2
2017-12-24 18:00:00,1,0,1
2017-12-24 19:00:00,3,2,1
2017-12-24 20:00:00,1,0,1
2017-12-24 21:00:00,0,0,0
2017-12-24 22:00:00,0,0,0
2017-12-24 23:00:00,0,0,0
2017-12-25 00:00:00,0,0,0
2017-12-25 01:00:00,0,0,0
2017-12-25 02:00:00,0,0,0
2017-12-25 03:00:00,0,0,0
2017-12-25 04:00:00,0,0,0
2017-12-25 05:00:00,0,0,0
2017-12-25 06:00:00,0,0,0
2017-12-25 07:00:00,0,0,0
2017-12-25 08:00:00,0,0,0
2017-12-25 09:00:00,2,0,2
2017-12-25 10:00:00,0,0,0
2017-12-25 11:00:00,1,1,0
2017-12-25 12:00:00,0,0,0
2017-12-25 13:00:00,7,5,2
2017-12-25 14:00:00,1,0,1
2017-12-25 15:00:00,1,1,0
2017-12-25 16:00:00,0,0,0
2017-12-25 17:00:00,0,0,0
2017-12-25 18:00:00,0,0,0
2017-12-25 19:00:00,0,0,0
2017-12-25 20:00:00,0,0,0
2017-12-25 21:00:00,1,0,1
2017-12-25 22:00:00,0,0,0
2017-12-25 23:00:00,0,0,0
2017-12-26 00:00:00,0,0,0
2017-12-26 01:00:00,0,0,0
2017-12-26 02:00:00,0,0,0
2017-12-26 03:00:00,0,0,0
2017-12-26 04:00:00,0,0,0
2017-12-26 05:00:00,2,0,2
2017-12-26 06:00:00,2,2,0
2017-12-26 07:00:00,2,1,1
2017-12-26 08:00:00,5,0,5
2017-12-26 09:00:00,3,2,1
2017-12-26 10:00:00,2,1,1
2017-12-26 11:00:00,5,4,1
2017-12-26 12:00:00,7,3,4
2017-12-26 13:00:00,6,4,2
2017-12-26 14:00:00,8,6,2
2017-12-26 15:00:00,11,8,3
2017-12-26 16:00:00,13,6,7
2017-12-26 17:00:00,2,2,0
2017-12-26 18:00:00,5,4,1
2017-12-26 19:00:00,3,3,0
2017-12-26 20:00:00,1,0,1
2017-12-26 21:00:00,1,1,0
2017-12-26 22:00:00,1,0,1
2017-12-26 23:00:00,0,0,0
2017-12-27 00:00:00,0,0,0
2017-12-27 01:00:00,1,1,0
2017-12-27 02:00:00,0,0,0
2017-12-27 03:00:00,0,0,0
2017-12-27 04:00:00,0,0,0
2017-12-27 05:00:00,5,0,5
2017-12-27 06:00:00,5,2,3
2017-12-27 07:00:00,8,1,7
2017-12-27 08:00:00,7,1,6
2017-12-27 09:00:00,10,5,5
2017-12-27 10:00:00,9,4,5
2017-12-27 11:00:00,7,3,4
2017-12-27 12:00:00,12,8,4
2017-12-27 13:00:00,11,7,4
2017-12-27 14:00:00,23,12,11
2017-12-27 15:00:00,25,11,14
2017-12-27 16:00:00,17,9,8
2017-12-27 17:00:00,14,9,5
2017-12-27 18:00:00,13,12,1
2017-12-27 19:00:00,2,2,0
2017-12-27 20:00:00,3,2,1
2017-12-27 21:00:00,1,0,1
2017-12-27 22:00:00,2,0,2
2017-12-27 23:00:00,0,0,0
2017-12-28 00:00:00,0,0,0
2017-12-28 01:00:00,0,0,0
2017-12-28 02:00:00,0,0,0
2017-12-28 03:00:00,0,0,0
2017-12-28 04:00:00,2,0,2
2017-12-28 05:00:00,4,0,4
2017-12-28 06:00:00,10,3,7
2017-12-28 07:00:00,17,5,12
2017-12-28 08:00:00,18,8,10
2017-12-28 09:00:00,14,7,7
2017-12-28 10:00:00,16,9,7
2017-12-28 11:00:00,16,8,8
2017-12-28 12:00:00,16,8,8
2017-12-28 13:00:00,18,13,5
2017-12-28 14:00:00,19,5,14
2017-12-28 15:00:00,27,18,9
2017-12-28 16:00:00,18,11,7
2017-12-28 17:00:00,32,22,10
2017-12-28 18:00:00,11,7,4
2017-12-28 19:00:00,5,4,1
2017-12-28 20:00:00,8,7,1
2017-12-28 21:00:00,1,0,1
2017-12-28 22:00:00,1,0,1
2017-12-28 23:00:00,0,0,0
2017-12-29 00:00:00,0,0,0
2017-12-29 01:00:00,0,0,0
2017-12-29 02:00:00,0,0,0
2017-12-29 03:00:00,0,0,0
2017-12-29 04:00:00,1,1,0
2017-12-29 05:00:00,3,0,3
2017-12-29 06:00:00,10,1,9
2017-12-29 07:00:00,4,1,3
2017-12-29 08:00:00,10,2,8
2017-12-29 09:00:00,10,3,7
2017-12-29 10:00:00,8,2,6
2017-12-29 11:00:00,6,3,3
2017-12-29 12:00:00,8,4,4
2017-12-29 13:00:00,5,3,2
2017-12-29 14:00:00,12,10,2
2017-12-29 15:00:00,13,9,4
2017-12-29 16:00:00,10,5,5
2017-12-29 17:00:00,14,12,2
2017-12-29 18:00:00,11,9,2
2017-12-29 19:00:00,4,4,0
2017-12-29 20:00:00,4,1,3
2017-12-29 21:00:00,1,0,1
2017-12-29 22:00:00,2,2,0
2017-12-29 23:00:00,0,0,0
2017-12-30 00:00:00,0,0,0
2017-12-30 01:00:00,0,0,0
2017-12-30 02:00:00,2,0,2
2017-12-30 03:00:00,0,0,0
2017-12-30 04:00:00,0,0,0
2017-12-30 05:00:00,0,0,0
2017-12-30 06:00:00,0,0,0
2017-12-30 07:00:00,7,4,3
2017-12-30 08:00:00,11,3,8
2017-12-30 09:00:00,35,25,10
2017-12-30 10:00:00,42,28,14
2017-12-30 11:00:00,53,26,27
2017-12-30 12:00:00,52,18,34
2017-12-30 13:00:00,77,41,36
2017-12-30 14:00:00,69,27,42
2017-12-30 15:00:00,42,17,25
2017-12-30 16:00:00,14,6,8
2017-12-30 17:00:00,12,6,6
2017-12-30 18:00:00,5,2,3
2017-12-30 19:00:00,1,1,0
2017-12-30 20:00:00,3,0,3
2017-12-30 21:00:00,0,0,0
2017-12-30 22:00:00,0,0,0
2017-12-30 23:00:00,4,2,2
2017-12-31 00:00:00,2,2,0
2017-12-31 01:00:00,0,0,0
2017-12-31 02:00:00,0,0,0
2017-12-31 03:00:00,0,0,0
2017-12-31 04:00:00,1,1,0
2017-12-31 05:00:00,0,0,0
2017-12-31 06:00:00,1,1,0
2017-12-31 07:00:00,1,1,0
2017-12-31 08:00:00,20,13,7
2017-12-31 09:00:00,9,2,7
2017-12-31 10:00:00,45,23,22
2017-12-31 11:00:00,54,25,29
2017-12-31 12:00:00,85,50,35
2017-12-31 13:00:00,79,35,44
2017-12-31 14:00:00,53,25,28
2017-12-31 15:00:00,69,36,33
2017-12-31 16:00:00,42,9,33
2017-12-31 17:00:00,23,7,16
2017-12-31 18:00:00,2,2,0
2017-12-31 19:00:00,5,3,2
2017-12-31 20:00:00,7,1,6
2017-12-31 21:00:00,2,1,1
2017-12-31 22:00:00,0,0,0
2017-12-31 23:00:00,0,0,0
2018-01-01 00:00:00,1,0,1
2018-01-01 01:00:00,5,4,1
2018-01-01 02:00:00,4,4,0
2018-01-01 03:00:00,0,0,0
2018-01-01 04:00:00,0,0,0
2018-01-01 05:00:00,0,0,0
2018-01-01 06:00:00,1,0,1
2018-01-01 07:00:00,1,1,0
2018-01-01 08:00:00,3,1,2
2018-01-01 09:00:00,15,11,4
2018-01-01 10:00:00,33,18,15
2018-01-01 11:00:00,50,25,25
2018-01-01 12:00:00,107,52,55
2018-01-01 13:00:00,94,47,47
2018-01-01 14:00:00,92,60,32
2018-01-01 15:00:00,71,36,35
2018-01-01 16:00:00,40,14,26
2018-01-01 17:00:00,14,8,6
2018-01-01 18:00:00,4,2,2
2018-01-01 19:00:00,7,6,1
2018-01-01 20:00:00,6,0,6
2018-01-01 21:00:00,0,0,0
2018-01-01 22:00:00,0,0,0
2018-01-01 23:00:00,0,0,0
2018-01-02 00:00:00,1,0,1
2018-01-02 01:00:00,0,0,0
2018-01-02 02:00:00,0,0,0
2018-01-02 03:00:00,0,0,0
2018-01-02 04:00:00,0,0,0
2018-01-02 05:00:00,5,0,5
2018-01-02 06:00:00,17,3,14
2018-01-02 07:00:00,26,6,20
2018-01-02 08:00:00,54,10,44
2018-01-02 09:00:00,32,14,18
2018-01-02 10:00:00,17,12,5
2018-01-02 11:00:00,20,12,8
2018-01-02 12:00:00,32,19,13
2018-01-02 13:00:00,31,17,14
2018-01-02 14:00:00,27,12,15
2018-01-02 15:00:00,41,22,19
2018-01-02 16:00:00,37,26,11
2018-01-02 17:00:00,67,43,24
2018-01-02 18:00:00,35,25,10
2018-01-02 19:00:00,9,9,0
2018-01-02 20:00:00,9,9,0
2018-01-02 21:00:00,3,0,3
2018-01-02 22:00:00,0,0,0
2018-01-02 23:00:00,0,0,0
2018-01-03 00:00:00,0,0,0
2018-01-03 01:00:00,0,0,0
2018-01-03 02:00:00,2,2,0
2018-01-03 03:00:00,0,0,0
2018-01-03 04:00:00,3,1,2
2018-01-03 05:00:00,7,0,7
2018-01-03 06:00:00,20,3,17
2018-01-03 07:00:00,39,8,31
2018-01-03 08:00:00,59,13,46
2018-01-03 09:00:00,41,12,29
2018-01-03 10:00:00,20,12,8
2018-01-03 11:00:00,26,18,8
2018-01-03 12:00:00,28,19,9
2018-01-03 13:00:00,45,23,22
2018-01-03 14:00:00,35,21,14
2018-01-03 15:00:00,51,25,26
2018-01-03 16:00:00,72,49,23
2018-01-03 17:00:00,67,52,15
2018-01-03 18:00:00,41,32,9
2018-01-03 19:00:00,13,12,1
2018-01-03 20:00:00,9,9,0
2018-01-03 21:00:00,7,2,5
2018-01-03 22:00:00,4,1,3
2018-01-03 23:00:00,0,0,0
2018-01-04 00:00:00,0,0,0
2018-01-04 01:00:00,0,0,0
2018-01-04 02:00:00,1,1,0
2018-01-04 03:00:00,0,0,0
2018-01-04 04:00:00,4,1,3
2018-01-04 05:00:00,4,0,4
2018-01-04 06:00:00,26,6,20
2018-01-04 07:00:00,46,12,34
2018-01-04 08:00:00,69,16,53
2018-01-04 09:00:00,37,11,26
2018-01-04 10:00:00,23,11,12
2018-01-04 11:00:00,19,6,13
2018-01-04 12:00:00,38,22,16
2018-01-04 13:00:00,27,21,6
2018-01-04 14:00:00,18,12,6
2018-01-04 15:00:00,28,15,13
2018-01-04 16:00:00,40,28,12
2018-01-04 17:00:00,55,42,13
2018-01-04 18:00:00,50,40,10
2018-01-04 19:00:00,15,11,4
2018-01-04 20:00:00,6,6,0
2018-01-04 21:00:00,2,1,1
2018-01-04 22:00:00,1,1,0
2018-01-04 23:00:00,0,0,0
2018-01-05 00:00:00,0,0,0
2018-01-05 01:00:00,0,0,0
2018-01-05 02:00:00,0,0,0
2018-01-05 03:00:00,0,0,0
2018-01-05 04:00:00,2,2,0
2018-01-05 05:00:00,4,0,4
2018-01-05 06:00:00,19,1,18
2018-01-05 07:00:00,25,7,18
2018-01-05 08:00:00,38,5,33
2018-01-05 09:00:00,30,9,21
2018-01-05 10:00:00,15,5,10
2018-01-05 11:00:00,8,4,4
2018-01-05 12:00:00,12,11,1
2018-01-05 13:00:00,9,7,2
2018-01-05 14:00:00,20,13,7
2018-01-05 15:00:00,21,12,9
2018-01-05 16:00:00,40,26,14
2018-01-05 17:00:00,43,33,10
2018-01-05 18:00:00,31,29,2
2018-01-05 19:00:00,9,7,2
2018-01-05 20:00:00,8,5,3
2018-01-05 21:00:00,1,0,1
2018-01-05 22:00:00,1,1,0
2018-01-05 23:00:00,1,1,0
2018-01-06 00:00:00,0,0,0
2018-01-06 01:00:00,0,0,0
2018-01-06 02:00:00,0,0,0
2018-01-06 03:00:00,0,0,0
2018-01-06 04:00:00,0,0,0
2018-01-06 05:00:00,2,2,0
2018-01-06 06:00:00,1,0,1
2018-01-06 07:00:00,4,2,2
2018-01-06 08:00:00,13,9,4
2018-01-06 09:00:00,32,25,7
2018-01-06 10:00:00,25,19,6
2018-01-06 11:00:00,39,13,26
2018-01-06 12:00:00,26,9,17
2018-01-06 13:00:00,45,28,17
2018-01-06 14:00:00,45,22,23
2018-01-06 15:00:00,46,21,25
2018-01-06 16:00:00,24,10,14
2018-01-06 17:00:00,9,6,3
2018-01-06 18:00:00,5,3,2
2018-01-06 19:00:00,3,2,1
2018-01-06 20:00:00,3,2,1
2018-01-06 21:00:00,1,1,0
2018-01-06 22:00:00,2,2,0
2018-01-06 23:00:00,0,0,0
2018-01-07 00:00:00,0,0,0
2018-01-07 01:00:00,1,1,0
2018-01-07 02:00:00,0,0,0
2018-01-07 03:00:00,0,0,0
2018-01-07 04:00:00,1,1,0
2018-01-07 05:00:00,1,0,1
2018-01-07 06:00:00,0,0,0
2018-01-07 07:00:00,3,2,1
2018-01-07 08:00:00,11,8,3
2018-01-07 09:00:00,17,13,4
2018-01-07 10:00:00,21,7,14
2018-01-07 11:00:00,19,8,11
2018-01-07 12:00:00,29,19,10
2018-01-07 13:00:00,26,14,12
2018-01-07 14:00:00,32,15,17
2018-01-07 15:00:00,9,2,7
2018-01-07 16:00:00,6,1,5
2018-01-07 17:00:00,4,3,1
2018-01-07 18:00:00,3,1,2
2018-01-07 19:00:00,0,0,0
2018-01-07 20:00:00,0,0,0
2018-01-07 21:00:00,1,1,0
2018-01-07 22:00:00,0,0,0
2018-01-07 23:00:00,0,0,0
2018-01-08 00:00:00,0,0,0
2018-01-08 01:00:00,0,0,0
2018-01-08 02:00:00,0,0,0
2018-01-08 03:00:00,0,0,0
2018-01-08 04:00:00,2,0,2
2018-01-08 05:00:00,8,1,7
2018-01-08 06:00:00,22,6,16
2018-01-08 07:00:00,39,5,34
2018-01-08 08:00:00,59,14,45
2018-01-08 09:00:00,49,18,31
2018-01-08 10:00:00,39,12,27
2018-01-08 11:00:00,28,18,10
2018-01-08 12:00:00,34,11,23
2018-01-08 13:00:00,31,18,13
2018-01-08 14:00:00,32,15,17
2018-01-08 15:00:00,46,27,19
2018-01-08 16:00:00,54,38,16
2018-01-08 17:00:00,75,63,12
2018-01-08 18:00:00,44,31,13
2018-01-08 19:00:00,19,16,3
2018-01-08 20:00:00,6,4,2
2018-01-08 21:00:00,1,1,0
2018-01-08 22:00:00,1,1,0
2018-01-08 23:00:00,1,1,0
2018-01-09 00:00:00,0,0,0
2018-01-09 01:00:00,2,2,0
2018-01-09 02:00:00,0,0,0
2018-01-09 03:00:00,0,0,0
2018-01-09 04:00:00,4,1,3
2018-01-09 05:00:00,10,2,8
2018-01-09 06:00:00,18,3,15
2018-01-09 07:00:00,35,6,29
2018-01-09 08:00:00,42,11,31
2018-01-09 09:00:00,38,14,24
2018-01-09 10:00:00,10,4,6
2018-01-09 11:00:00,8,4,4
2018-01-09 12:00:00,10,5,5
2018-01-09 13:00:00,7,5,2
2018-01-09 14:00:00,9,6,3
2018-01-09 15:00:00,22,15,7
2018-01-09 16:00:00,26,17,9
2018-01-09 17:00:00,56,43,13
2018-01-09 18:00:00,39,30,9
2018-01-09 19:00:00,13,11,2
2018-01-09 20:00:00,6,5,1
2018-01-09 21:00:00,2,2,0
2018-01-09 22:00:00,1,0,1
2018-01-09 23:00:00,0,0,0
2018-01-10 00:00:00,0,0,0
2018-01-10 01:00:00,0,0,0
2018-01-10 02:00:00,1,1,0
2018-01-10 03:00:00,0,0,0
2018-01-10 04:00:00,2,0,2
2018-01-10 05:00:00,8,1,7
2018-01-10 06:00:00,13,1,12
2018-01-10 07:00:00,33,3,30
2018-01-10 08:00:00,62,14,48
2018-01-10 09:00:00,29,10,19
2018-01-10 10:00:00,19,15,4
2018-01-10 11:00:00,17,5,12
2018-01-10 12:00:00,16,6,10
2018-01-10 13:00:00,16,10,6
2018-01-10 14:00:00,30,18,12
2018-01-10 15:00:00,21,12,9
2018-01-10 16:00:00,35,26,9
2018-01-10 17:00:00,63,54,9
2018-01-10 18:00:00,39,33,6
2018-01-10 19:00:00,12,11,1
2018-01-10 20:00:00,8,6,2
2018-01-10 21:00:00,4,1,3
2018-01-10 22:00:00,0,0,0
2018-01-10 23:00:00,0,0,0
2018-01-11 00:00:00,1,1,0
2018-01-11 01:00:00,1,0,1
2018-01-11 02:00:00,1,1,0
2018-01-11 03:00:00,0,0,0
2018-01-11 04:00:00,3,2,1
2018-01-11 05:00:00,6,0,6
2018-01-11 06:00:00,16,3,13
2018-01-11 07:00:00,24,4,20
2018-01-11 08:00:00,28,6,22
2018-01-11 09:00:00,14,6,8
2018-01-11 10:00:00,7,1,6
2018-01-11 11:00:00,3,0,3
2018-01-11 12:00:00,2,0,2
2018-01-11 13:00:00,3,2,1
2018-01-11 14:00:00,12,10,2
2018-01-11 15:00:00,30,23,7
2018-01-11 16:00:00,33,16,17
2018-01-11 17:00:00,33,27,6
2018-01-11 18:00:00,24,21,3
2018-01-11 19:00:00,9,8,1
2018-01-11 20:00:00,3,3,0
2018-01-11 21:00:00,0,0,0
2018-01-11 22:00:00,0,0,0
2018-01-11 23:00:00,0,0,0
2018-01-12 00:00:00,1,1,0
2018-01-12 01:00:00,0,0,0
2018-01-12 02:00:00,0,0,0
2018-01-12 03:00:00,0,0,0
2018-01-12 04:00:00,1,0,1
2018-01-12 05:00:00,6,2,4
2018-01-12 06:00:00,22,7,15
2018-01-12 07:00:00,28,5,23
2018-01-12 08:00:00,51,10,41
2018-01-12 09:00:00,31,8,23
2018-01-12 10:00:00,26,15,11
2018-01-12 11:00:00,15,6,9
2018-01-12 12:00:00,19,11,8
2018-01-12 13:00:00,14,9,5
2018-01-12 14:00:00,35,25,10
2018-01-12 15:00:00,25,21,4
2018-01-12 16:00:00,40,29,11
2018-01-12 17:00:00,48,42,6
2018-01-12 18:00:00,23,16,7
2018-01-12 19:00:00,16,15,1
2018-01-12 20:00:00,4,3,1
2018-01-12 21:00:00,2,2,0
2018-01-12 22:00:00,1,0,1
2018-01-12 23:00:00,1,1,0
2018-01-13 00:00:00,0,0,0
2018-01-13 01:00:00,0,0,0
2018-01-13 02:00:00,1,1,0
2018-01-13 03:00:00,0,0,0
2018-01-13 04:00:00,2,2,0
2018-01-13 05:00:00,1,0,1
2018-01-13 06:00:00,3,0,3
2018-01-13 07:00:00,14,10,4
2018-01-13 08:00:00,28,19,9
2018-01-13 09:00:00,67,36,31
2018-01-13 10:00:00,55,39,16
2018-01-13 11:00:00,78,55,23
2018-01-13 12:00:00,78,32,46
2018-01-13 13:00:00,113,63,50
2018-01-13 14:00:00,137,80,57
2018-01-13 15:00:00,107,49,58
2018-01-13 16:00:00,67,19,48
2018-01-13 17:00:00,40,23,17
2018-01-13 18:00:00,13,3,10
2018-01-13 19:00:00,7,5,2
2018-01-13 20:00:00,6,4,2
2018-01-13 21:00:00,3,2,1
2018-01-13 22:00:00,1,1,0
2018-01-13 23:00:00,2,2,0
2018-01-14 00:00:00,0,0,0
2018-01-14 01:00:00,0,0,0
2018-01-14 02:00:00,0,0,0
2018-01-14 03:00:00,0,0,0
2018-01-14 04:00:00,0,0,0
2018-01-14 05:00:00,1,0,1
2018-01-14 06:00:00,5,2,3
2018-01-14 07:00:00,11,4,7
2018-01-14 08:00:00,37,24,13
2018-01-14 09:00:00,44,24,20
2018-01-14 10:00:00,109,58,51
2018-01-14 11:00:00,140,88,52
2018-01-14 12:00:00,164,100,64
2018-01-14 13:00:00,239,128,111
2018-01-14 14:00:00,217,112,105
2018-01-14 15:00:00,176,95,81
2018-01-14 16:00:00,118,43,75
2018-01-14 17:00:00,28,14,14
2018-01-14 18:00:00,11,6,5
2018-01-14 19:00:00,5,5,0
2018-01-14 20:00:00,4,3,1
2018-01-14 21:00:00,0,0,0
2018-01-14 22:00:00,0,0,0
2018-01-14 23:00:00,2,1,1
2018-01-15 00:00:00,0,0,0
2018-01-15 01:00:00,0,0,0
2018-01-15 02:00:00,0,0,0
2018-01-15 03:00:00,0,0,0
2018-01-15 04:00:00,2,1,1
2018-01-15 05:00:00,5,0,5
2018-01-15 06:00:00,12,1,11
2018-01-15 07:00:00,23,7,16
2018-01-15 08:00:00,36,16,20
2018-01-15 09:00:00,43,17,26
2018-01-15 10:00:00,64,33,31
2018-01-15 11:00:00,71,36,35
2018-01-15 12:00:00,103,58,45
2018-01-15 13:00:00,106,58,48
2018-01-15 14:00:00,136,75,61
2018-01-15 15:00:00,103,46,57
2018-01-15 16:00:00,63,28,35
2018-01-15 17:00:00,35,28,7
2018-01-15 18:00:00,26,22,4
2018-01-15 19:00:00,12,5,7
2018-01-15 20:00:00,6,3,3
2018-01-15 21:00:00,1,0,1
2018-01-15 22:00:00,3,3,0
2018-01-15 23:00:00,0,0,0
2018-01-16 00:00:00,0,0,0
2018-01-16 01:00:00,1,0,1
2018-01-16 02:00:00,1,1,0
2018-01-16 03:00:00,0,0,0
2018-01-16 04:00:00,4,1,3
2018-01-16 05:00:00,11,3,8
2018-01-16 06:00:00,26,4,22
2018-01-16 07:00:00,40,6,34
2018-01-16 08:00:00,59,14,45
2018-01-16 09:00:00,30,9,21
2018-01-16 10:00:00,24,11,13
2018-01-16 11:00:00,14,7,7
2018-01-16 12:00:00,29,15,14
2018-01-16 13:00:00,29,17,12
2018-01-16 14:00:00,31,19,12
2018-01-16 15:00:00,37,22,15
2018-01-16 16:00:00,51,30,21
2018-01-16 17:00:00,69,54,15
2018-01-16 18:00:00,59,43,16
2018-01-16 19:00:00,19,17,2
2018-01-16 20:00:00,7,5,2
2018-01-16 21:00:00,4,3,1
2018-01-16 22:00:00,2,2,0
2018-01-16 23:00:00,0,0,0
2018-01-17 00:00:00,0,0,0
2018-01-17 01:00:00,0,0,0
2018-01-17 02:00:00,1,1,0
2018-01-17 03:00:00,0,0,0
2018-01-17 04:00:00,2,0,2
2018-01-17 05:00:00,11,2,9
2018-01-17 06:00:00,17,1,16
2018-01-17 07:00:00,32,6,26
2018-01-17 08:00:00,55,10,45
2018-01-17 09:00:00,41,14,27
2018-01-17 10:00:00,25,13,12
2018-01-17 11:00:00,23,6,17
2018-01-17 12:00:00,23,15,8
2018-01-17 13:00:00,12,3,9
2018-01-17 14:00:00,27,17,10
2018-01-17 15:00:00,20,13,7
2018-01-17 16:00:00,30,28,2
2018-01-17 17:00:00,49,41,8
2018-01-17 18:00:00,40,30,10
2018-01-17 19:00:00,20,18,2
2018-01-17 20:00:00,5,5,0
2018-01-17 21:00:00,3,3,0
2018-01-17 22:00:00,2,0,2
2018-01-17 23:00:00,0,0,0
2018-01-18 00:00:00,1,1,0
2018-01-18 01:00:00,0,0,0
2018-01-18 02:00:00,0,0,0
2018-01-18 03:00:00,1,1,0
2018-01-18 04:00:00,2,1,1
2018-01-18 05:00:00,6,1,5
2018-01-18 06:00:00,14,2,12
2018-01-18 07:00:00,30,6,24
2018-01-18 08:00:00,50,12,38
2018-01-18 09:00:00,31,13,18
2018-01-18 10:00:00,21,9,12
2018-01-18 11:00:00,18,5,13
2018-01-18 12:00:00,16,8,8
2018-01-18 13:00:00,17,7,10
2018-01-18 14:00:00,11,6,5
2018-01-18 15:00:00,12,6,6
2018-01-18 16:00:00,24,20,4
2018-01-18 17:00:00,51,38,13
2018-01-18 18:00:00,36,29,7
2018-01-18 19:00:00,12,10,2
2018-01-18 20:00:00,6,5,1
2018-01-18 21:00:00,4,1,3
2018-01-18 22:00:00,3,3,0
2018-01-18 23:00:00,0,0,0
2018-01-19 00:00:00,0,0,0
2018-01-19 01:00:00,0,0,0
2018-01-19 02:00:00,1,1,0
2018-01-19 03:00:00,0,0,0
2018-01-19 04:00:00,1,0,1
2018-01-19 05:00:00,5,1,4
2018-01-19 06:00:00,15,3,12
2018-01-19 07:00:00,37,8,29
2018-01-19 08:00:00,52,11,41
2018-01-19 09:00:00,49,17,32
2018-01-19 10:00:00,11,6,5
2018-01-19 11:00:00,19,8,11
2018-01-19 12:00:00,17,9,8
2018-01-19 13:00:00,17,9,8
2018-01-19 14:00:00,20,13,7
2018-01-19 15:00:00,17,12,5
2018-01-19 16:00:00,46,27,19
2018-01-19 17:00:00,52,36,16
2018-01-19 18:00:00,30,25,5
2018-01-19 19:00:00,15,13,2
2018-01-19 20:00:00,9,7,2
2018-01-19 21:00:00,3,2,1
2018-01-19 22:00:00,1,0,1
2018-01-19 23:00:00,0,0,0
2018-01-20 00:00:00,0,0,0
2018-01-20 01:00:00,2,2,0
2018-01-20 02:00:00,0,0,0
2018-01-20 03:00:00,0,0,0
2018-01-20 04:00:00,1,1,0
2018-01-20 05:00:00,1,1,0
2018-01-20 06:00:00,10,7,3
2018-01-20 07:00:00,19,16,3
2018-01-20 08:00:00,19,10,9
2018-01-20 09:00:00,37,24,13
2018-01-20 10:00:00,58,37,21
2018-01-20 11:00:00,68,39,29
2018-01-20 12:00:00,64,24,40
2018-01-20 13:00:00,45,18,27
2018-01-20 14:00:00,41,16,25
2018-01-20 15:00:00,53,31,22
2018-01-20 16:00:00,40,20,20
2018-01-20 17:00:00,13,2,11
2018-01-20 18:00:00,7,4,3
2018-01-20 19:00:00,2,2,0
2018-01-20 20:00:00,0,0,0
2018-01-20 21:00:00,3,0,3
2018-01-20 22:00:00,1,1,0
2018-01-20 23:00:00,2,2,0
2018-01-21 00:00:00,1,0,1
2018-01-21 01:00:00,0,0,0
2018-01-21 02:00:00,0,0,0
2018-01-21 03:00:00,1,1,0
2018-01-21 04:00:00,0,0,0
2018-01-21 05:00:00,1,0,1
2018-01-21 06:00:00,0,0,0
2018-01-21 07:00:00,8,7,1
2018-01-21 08:00:00,10,5,5
2018-01-21 09:00:00,8,2,6
2018-01-21 10:00:00,26,16,10
2018-01-21 11:00:00,25,18,7
2018-01-21 12:00:00,22,11,11
2018-01-21 13:00:00,40,24,16
2018-01-21 14:00:00,44,23,21
2018-01-21 15:00:00,48,24,24
2018-01-21 16:00:00,11,4,7
2018-01-21 17:00:00,8,2,6
2018-01-21 18:00:00,5,1,4
2018-01-21 19:00:00,2,1,1
2018-01-21 20:00:00,2,1,1
2018-01-21 21:00:00,0,0,0
2018-01-21 22:00:00,2,0,2
2018-01-21 23:00:00,0,0,0
2018-01-22 00:00:00,1,0,1
2018-01-22 01:00:00,1,1,0
2018-01-22 02:00:00,0,0,0
2018-01-22 03:00:00,0,0,0
2018-01-22 04:00:00,2,0,2
2018-01-22 05:00:00,3,1,2
2018-01-22 06:00:00,18,2,16
2018-01-22 07:00:00,39,8,31
2018-01-22 08:00:00,64,16,48
2018-01-22 09:00:00,48,21,27
2018-01-22 10:00:00,31,16,15
2018-01-22 11:00:00,19,11,8
2018-01-22 12:00:00,31,16,15
2018-01-22 13:00:00,37,19,18
2018-01-22 14:00:00,32,17,15
2018-01-22 15:00:00,48,26,22
2018-01-22 16:00:00,55,32,23
2018-01-22 17:00:00,64,53,11
2018-01-22 18:00:00,50,42,8
2018-01-22 19:00:00,18,14,4
2018-01-22 20:00:00,5,2,3
2018-01-22 21:00:00,2,2,0
2018-01-22 22:00:00,2,2,0
2018-01-22 23:00:00,0,0,0
2018-01-23 00:00:00,1,1,0
2018-01-23 01:00:00,0,0,0
2018-01-23 02:00:00,0,0,0
2018-01-23 03:00:00,0,0,0
2018-01-23 04:00:00,4,1,3
2018-01-23 05:00:00,9,3,6
2018-01-23 06:00:00,20,4,16
2018-01-23 07:00:00,31,5,26
2018-01-23 08:00:00,46,10,36
2018-01-23 09:00:00,23,5,18
2018-01-23 10:00:00,12,7,5
2018-01-23 11:00:00,9,5,4
2018-01-23 12:00:00,8,4,4
2018-01-23 13:00:00,7,5,2
2018-01-23 14:00:00,8,4,4
2018-01-23 15:00:00,13,9,4
2018-01-23 16:00:00,26,18,8
2018-01-23 17:00:00,58,46,12
2018-01-23 18:00:00,34,25,9
2018-01-23 19:00:00,9,9,0
2018-01-23 20:00:00,5,3,2
2018-01-23 21:00:00,3,1,2
2018-01-23 22:00:00,1,0,1
2018-01-23 23:00:00,0,0,0
2018-01-24 00:00:00,1,1,0
2018-01-24 01:00:00,1,1,0
2018-01-24 02:00:00,1,1,0
2018-01-24 03:00:00,0,0,0
2018-01-24 04:00:00,2,0,2
2018-01-24 05:00:00,8,2,6
2018-01-24 06:00:00,13,3,10
2018-01-24 07:00:00,29,4,25
2018-01-24 08:00:00,47,10,37
2018-01-24 09:00:00,30,10,20
2018-01-24 10:00:00,14,7,7
2018-01-24 11:00:00,17,8,9
2018-01-24 12:00:00,7,5,2
2018-01-24 13:00:00,6,1,5
2018-01-24 14:00:00,12,11,1
2018-01-24 15:00:00,8,7,1
2018-01-24 16:00:00,35,27,8
2018-01-24 17:00:00,64,51,13
2018-01-24 18:00:00,34,26,8
2018-01-24 19:00:00,15,12,3
2018-01-24 20:00:00,8,4,4
2018-01-24 21:00:00,5,1,4
2018-01-24 22:00:00,3,2,1
2018-01-24 23:00:00,0,0,0
2018-01-25 00:00:00,1,1,0
2018-01-25 01:00:00,0,0,0
2018-01-25 02:00:00,0,0,0
2018-01-25 03:00:00,2,1,1
2018-01-25 04:00:00,4,1,3
2018-01-25 05:00:00,7,0,7
2018-01-25 06:00:00,14,2,12
2018-01-25 07:00:00,36,7,29
2018-01-25 08:00:00,47,7,40
2018-01-25 09:00:00,31,17,14
2018-01-25 10:00:00,16,9,7
2018-01-25 11:00:00,10,4,6
2018-01-25 12:00:00,8,2,6
2018-01-25 13:00:00,2,1,1
2018-01-25 14:00:00,12,9,3
2018-01-25 15:00:00,19,14,5
2018-01-25 16:00:00,44,30,14
2018-01-25 17:00:00,58,43,15
2018-01-25 18:00:00,21,15,6
2018-01-25 19:00:00,17,15,2
2018-01-25 20:00:00,6,5,1
2018-01-25 21:00:00,3,2,1
2018-01-25 22:00:00,5,4,1
2018-01-25 23:00:00,0,0,0
2018-01-26 00:00:00,0,0,0
2018-01-26 01:00:00,0,0,0
2018-01-26 02:00:00,0,0,0
2018-01-26 03:00:00,0,0,0
2018-01-26 04:00:00,3,1,2
2018-01-26 05:00:00,7,2,5
2018-01-26 06:00:00,19,5,14
2018-01-26 07:00:00,30,5,25
2018-01-26 08:00:00,49,9,40
2018-01-26 09:00:00,26,8,18
2018-01-26 10:00:00,17,9,8
2018-01-26 11:00:00,14,4,10
2018-01-26 12:00:00,14,8,6
2018-01-26 13:00:00,27,12,15
2018-01-26 14:00:00,27,17,10
2018-01-26 15:00:00,35,24,11
2018-01-26 16:00:00,46,32,14
2018-01-26 17:00:00,47,34,13
2018-01-26 18:00:00,36,29,7
2018-01-26 19:00:00,8,4,4
2018-01-26 20:00:00,4,3,1
2018-01-26 21:00:00,1,1,0
2018-01-26 22:00:00,0,0,0
2018-01-26 23:00:00,1,0,1
2018-01-27 00:00:00,3,3,0
2018-01-27 01:00:00,0,0,0
2018-01-27 02:00:00,0,0,0
2018-01-27 03:00:00,0,0,0
2018-01-27 04:00:00,0,0,0
2018-01-27 05:00:00,0,0,0
2018-01-27 06:00:00,2,1,1
2018-01-27 07:00:00,2,1,1
2018-01-27 08:00:00,12,6,6
2018-01-27 09:00:00,15,11,4
2018-01-27 10:00:00,24,10,14
2018-01-27 11:00:00,33,19,14
2018-01-27 12:00:00,40,14,26
2018-01-27 13:00:00,31,18,13
2018-01-27 14:00:00,39,22,17
2018-01-27 15:00:00,37,17,20
2018-01-27 16:00:00,40,14,26
2018-01-27 17:00:00,22,11,11
2018-01-27 18:00:00,7,2,5
2018-01-27 19:00:00,4,2,2
2018-01-27 20:00:00,0,0,0
2018-01-27 21:00:00,2,2,0
2018-01-27 22:00:00,0,0,0
2018-01-27 23:00:00,1,0,1
2018-01-28 00:00:00,1,0,1
2018-01-28 01:00:00,0,0,0
2018-01-28 02:00:00,0,0,0
2018-01-28 03:00:00,0,0,0
2018-01-28 04:00:00,0,0,0
2018-01-28 05:00:00,1,0,1
2018-01-28 06:00:00,1,0,1
2018-01-28 07:00:00,6,6,0
2018-01-28 08:00:00,21,12,9
2018-01-28 09:00:00,19,14,5
2018-01-28 10:00:00,43,25,18
2018-01-28 11:00:00,51,28,23
2018-01-28 12:00:00,34,15,19
2018-01-28 13:00:00,63,32,31
2018-01-28 14:00:00,53,29,24
2018-01-28 15:00:00,48,27,21
2018-01-28 16:00:00,64,28,36
2018-01-28 17:00:00,30,8,22
2018-01-28 18:00:00,8,3,5
2018-01-28 19:00:00,3,2,1
2018-01-28 20:00:00,1,0,1
2018-01-28 21:00:00,4,0,4
2018-01-28 22:00:00,2,2,0
2018-01-28 23:00:00,0,0,0
2018-01-29 00:00:00,0,0,0
2018-01-29 01:00:00,0,0,0
2018-01-29 02:00:00,0,0,0
2018-01-29 03:00:00,1,1,0
2018-01-29 04:00:00,2,0,2
2018-01-29 05:00:00,10,2,8
2018-01-29 06:00:00,13,2,11
2018-01-29 07:00:00,18,3,15
2018-01-29 08:00:00,37,6,31
2018-01-29 09:00:00,33,16,17
2018-01-29 10:00:00,16,7,9
2018-01-29 11:00:00,12,4,8
2018-01-29 12:00:00,3,1,2
2018-01-29 13:00:00,12,8,4
2018-01-29 14:00:00,12,7,5
2018-01-29 15:00:00,12,8,4
2018-01-29 16:00:00,23,17,6
2018-01-29 17:00:00,49,38,11
2018-01-29 18:00:00,30,23,7
2018-01-29 19:00:00,10,8,2
2018-01-29 20:00:00,4,3,1
2018-01-29 21:00:00,3,2,1
2018-01-29 22:00:00,1,0,1
2018-01-29 23:00:00,1,0,1
2018-01-30 00:00:00,0,0,0
2018-01-30 01:00:00,1,1,0
2018-01-30 02:00:00,0,0,0
2018-01-30 03:00:00,0,0,0
2018-01-30 04:00:00,3,0,3
2018-01-30 05:00:00,8,3,5
2018-01-30 06:00:00,20,4,16
2018-01-30 07:00:00,45,10,35
2018-01-30 08:00:00,54,16,38
2018-01-30 09:00:00,46,20,26
2018-01-30 10:00:00,24,14,10
2018-01-30 11:00:00,28,10,18
2018-01-30 12:00:00,25,14,11
2018-01-30 13:00:00,30,15,15
2018-01-30 14:00:00,27,12,15
2018-01-30 15:00:00,45,28,17
2018-01-30 16:00:00,63,40,23
2018-01-30 17:00:00,82,58,24
2018-01-30 18:00:00,54,35,19
2018-01-30 19:00:00,14,11,3
2018-01-30 20:00:00,8,4,4
2018-01-30 21:00:00,3,2,1
2018-01-30 22:00:00,3,1,2
2018-01-30 23:00:00,0,0,0
2018-01-31 00:00:00,0,0,0
2018-01-31 01:00:00,1,0,1
2018-01-31 02:00:00,2,2,0
2018-01-31 03:00:00,0,0,0
2018-01-31 04:00:00,3,1,2
2018-01-31 05:00:00,7,1,6
2018-01-31 06:00:00,15,2,13
2018-01-31 07:00:00,56,11,45
2018-01-31 08:00:00,58,15,43
2018-01-31 09:00:00,39,18,21
2018-01-31 10:00:00,29,11,18
2018-01-31 11:00:00,22,12,10
2018-01-31 12:00:00,16,7,9
2018-01-31 13:00:00,17,11,6
2018-01-31 14:00:00,20,15,5
2018-01-31 15:00:00,36,19,17
2018-01-31 16:00:00,56,35,21
2018-01-31 17:00:00,68,55,13
2018-01-31 18:00:00,51,33,18
2018-01-31 19:00:00,21,18,3
2018-01-31 20:00:00,6,5,1
2018-01-31 21:00:00,4,2,2
2018-01-31 22:00:00,3,1,2
2018-01-31 23:00:00,0,0,0
2018-02-01 00:00:00,0,0,0
2018-02-01 01:00:00,1,1,0
2018-02-01 02:00:00,0,0,0
2018-02-01 03:00:00,0,0,0
2018-02-01 04:00:00,2,0,2
2018-02-01 05:00:00,8,0,8
2018-02-01 06:00:00,18,2,16
2018-02-01 07:00:00,43,9,34
2018-02-01 08:00:00,45,10,35
2018-02-01 09:00:00,28,9,19
2018-02-01 10:00:00,14,9,5
2018-02-01 11:00:00,7,1,6
2018-02-01 12:00:00,9,6,3
2018-02-01 13:00:00,4,1,3
2018-02-01 14:00:00,13,11,2
2018-02-01 15:00:00,14,11,3
2018-02-01 16:00:00,31,23,8
2018-02-01 17:00:00,47,40,7
2018-02-01 18:00:00,28,22,6
2018-02-01 19:00:00,10,10,0
2018-02-01 20:00:00,4,4,0
2018-02-01 21:00:00,0,0,0
2018-02-01 22:00:00,0,0,0
2018-02-01 23:00:00,1,1,0
2018-02-02 00:00:00,0,0,0
2018-02-02 01:00:00,1,1,0
2018-02-02 02:00:00,1,0,1
2018-02-02 03:00:00,0,0,0
2018-02-02 04:00:00,1,0,1
2018-02-02 05:00:00,10,2,8
2018-02-02 06:00:00,10,3,7
2018-02-02 07:00:00,29,5,24
2018-02-02 08:00:00,44,9,35
2018-02-02 09:00:00,33,14,19
2018-02-02 10:00:00,13,5,8
2018-02-02 11:00:00,9,4,5
2018-02-02 12:00:00,17,5,12
2018-02-02 13:00:00,19,12,7
2018-02-02 14:00:00,32,17,15
2018-02-02 15:00:00,33,22,11
2018-02-02 16:00:00,56,36,20
2018-02-02 17:00:00,49,32,17
2018-02-02 18:00:00,27,19,8
2018-02-02 19:00:00,18,15,3
2018-02-02 20:00:00,4,3,1
2018-02-02 21:00:00,3,0,3
2018-02-02 22:00:00,1,0,1
2018-02-02 23:00:00,1,1,0
2018-02-03 00:00:00,1,1,0
2018-02-03 01:00:00,0,0,0
2018-02-03 02:00:00,2,2,0
2018-02-03 03:00:00,1,1,0
2018-02-03 04:00:00,1,1,0
2018-02-03 05:00:00,2,0,2
2018-02-03 06:00:00,4,1,3
2018-02-03 07:00:00,11,9,2
2018-02-03 08:00:00,42,32,10
2018-02-03 09:00:00,48,27,21
2018-02-03 10:00:00,66,42,24
2018-02-03 11:00:00,71,41,30
2018-02-03 12:00:00,62,26,36
2018-02-03 13:00:00,72,37,35
2018-02-03 14:00:00,66,34,32
2018-02-03 15:00:00,41,14,27
2018-02-03 16:00:00,15,7,8
2018-02-03 17:00:00,17,7,10
2018-02-03 18:00:00,7,3,4
2018-02-03 19:00:00,2,2,0
2018-02-03 20:00:00,2,1,1
2018-02-03 21:00:00,0,0,0
2018-02-03 22:00:00,0,0,0
2018-02-03 23:00:00,2,0,2
2018-02-04 00:00:00,0,0,0
2018-02-04 01:00:00,0,0,0
2018-02-04 02:00:00,1,1,0
2018-02-04 03:00:00,0,0,0
2018-02-04 04:00:00,0,0,0
2018-02-04 05:00:00,2,0,2
2018-02-04 06:00:00,2,1,1
2018-02-04 07:00:00,5,4,1
2018-02-04 08:00:00,16,9,7
2018-02-04 09:00:00,27,16,11
2018-02-04 10:00:00,58,34,24
2018-02-04 11:00:00,68,31,37
2018-02-04 12:00:00,83,48,35
2018-02-04 13:00:00,84,44,40
2018-02-04 14:00:00,91,55,36
2018-02-04 15:00:00,134,59,75
2018-02-04 16:00:00,55,22,33
2018-02-04 17:00:00,27,8,19
2018-02-04 18:00:00,4,2,2
2018-02-04 19:00:00,6,2,4
2018-02-04 20:00:00,5,1,4
2018-02-04 21:00:00,1,0,1
2018-02-04 22:00:00,0,0,0
2018-02-04 23:00:00,0,0,0
2018-02-05 00:00:00,0,0,0
2018-02-05 01:00:00,0,0,0
2018-02-05 02:00:00,0,0,0
2018-02-05 03:00:00,0,0,0
2018-02-05 04:00:00,3,1,2
2018-02-05 05:00:00,8,1,7
2018-02-05 06:00:00,14,3,11
2018-02-05 07:00:00,33,5,28
2018-02-05 08:00:00,56,10,46
2018-02-05 09:00:00,52,22,30
2018-02-05 10:00:00,27,9,18
2018-02-05 11:00:00,19,10,9
2018-02-05 12:00:00,19,7,12
2018-02-05 13:00:00,23,11,12
2018-02-05 14:00:00,26,17,9
2018-02-05 15:00:00,27,14,13
2018-02-05 16:00:00,39,30,9
2018-02-05 17:00:00,64,51,13
2018-02-05 18:00:00,52,37,15
2018-02-05 19:00:00,14,13,1
2018-02-05 20:00:00,6,5,1
2018-02-05 21:00:00,1,1,0
2018-02-05 22:00:00,2,2,0
2018-02-05 23:00:00,1,1,0
2018-02-06 00:00:00,0,0,0
2018-02-06 01:00:00,0,0,0
2018-02-06 02:00:00,0,0,0
2018-02-06 03:00:00,0,0,0
2018-02-06 04:00:00,4,1,3
2018-02-06 05:00:00,12,2,10
2018-02-06 06:00:00,24,7,17
2018-02-06 07:00:00,61,19,42
2018-02-06 08:00:00,66,19,47
2018-02-06 09:00:00,38,18,20
2018-02-06 10:00:00,35,18,17
2018-02-06 11:00:00,26,14,12
2018-02-06 12:00:00,18,12,6
2018-02-06 13:00:00,22,15,7
2018-02-06 14:00:00,36,18,18
2018-02-06 15:00:00,38,20,18
2018-02-06 16:00:00,52,37,15
2018-02-06 17:00:00,79,53,26
2018-02-06 18:00:00,57,45,12
2018-02-06 19:00:00,21,15,6
2018-02-06 20:00:00,6,3,3
2018-02-06 21:00:00,1,1,0
2018-02-06 22:00:00,1,0,1
2018-02-06 23:00:00,1,1,0
2018-02-07 00:00:00,1,1,0
2018-02-07 01:00:00,0,0,0
2018-02-07 02:00:00,1,1,0
2018-02-07 03:00:00,1,1,0
2018-02-07 04:00:00,1,0,1
2018-02-07 05:00:00,14,2,12
2018-02-07 06:00:00,15,3,12
2018-02-07 07:00:00,48,9,39
2018-02-07 08:00:00,78,20,58
2018-02-07 09:00:00,44,17,27
2018-02-07 10:00:00,25,18,7
2018-02-07 11:00:00,45,20,25
2018-02-07 12:00:00,31,18,13
2018-02-07 13:00:00,44,21,23
2018-02-07 14:00:00,37,25,12
2018-02-07 15:00:00,60,41,19
2018-02-07 16:00:00,41,27,14
2018-02-07 17:00:00,72,56,16
2018-02-07 18:00:00,52,39,13
2018-02-07 19:00:00,20,15,5
2018-02-07 20:00:00,5,5,0
2018-02-07 21:00:00,9,7,2
2018-02-07 22:00:00,1,0,1
2018-02-07 23:00:00,1,0,1
2018-02-08 00:00:00,1,1,0
2018-02-08 01:00:00,0,0,0
2018-02-08 02:00:00,0,0,0
2018-02-08 03:00:00,0,0,0
2018-02-08 04:00:00,4,1,3
2018-02-08 05:00:00,7,0,7
2018-02-08 06:00:00,27,2,25
2018-02-08 07:00:00,50,17,33
2018-02-08 08:00:00,68,21,47
2018-02-08 09:00:00,35,13,22
2018-02-08 10:00:00,18,7,11
2018-02-08 11:00:00,11,7,4
2018-02-08 12:00:00,26,14,12
2018-02-08 13:00:00,13,7,6
2018-02-08 14:00:00,18,11,7
2018-02-08 15:00:00,28,18,10
2018-02-08 16:00:00,40,29,11
2018-02-08 17:00:00,69,48,21
2018-02-08 18:00:00,34,28,6
2018-02-08 19:00:00,14,13,1
2018-02-08 20:00:00,8,6,2
2018-02-08 21:00:00,2,2,0
2018-02-08 22:00:00,2,2,0
2018-02-08 23:00:00,3,2,1
2018-02-09 00:00:00,0,0,0
2018-02-09 01:00:00,0,0,0
2018-02-09 02:00:00,0,0,0
2018-02-09 03:00:00,0,0,0
2018-02-09 04:00:00,1,0,1
2018-02-09 05:00:00,6,2,4
2018-02-09 06:00:00,18,3,15
2018-02-09 07:00:00,31,3,28
2018-02-09 08:00:00,53,12,41
2018-02-09 09:00:00,37,16,21
2018-02-09 10:00:00,22,11,11
2018-02-09 11:00:00,35,11,24
2018-02-09 12:00:00,28,12,16
2018-02-09 13:00:00,28,14,14
2018-02-09 14:00:00,31,15,16
2018-02-09 15:00:00,37,20,17
2018-02-09 16:00:00,53,36,17
2018-02-09 17:00:00,56,39,17
2018-02-09 18:00:00,38,30,8
2018-02-09 19:00:00,17,13,4
2018-02-09 20:00:00,9,7,2
2018-02-09 21:00:00,3,3,0
2018-02-09 22:00:00,0,0,0
2018-02-09 23:00:00,1,1,0
2018-02-10 00:00:00,1,1,0
2018-02-10 01:00:00,0,0,0
2018-02-10 02:00:00,0,0,0
2018-02-10 03:00:00,0,0,0
2018-02-10 04:00:00,1,1,0
2018-02-10 05:00:00,0,0,0
2018-02-10 06:00:00,6,1,5
2018-02-10 07:00:00,15,11,4
2018-02-10 08:00:00,35,22,13
2018-02-10 09:00:00,65,43,22
2018-02-10 10:00:00,120,71,49
2018-02-10 11:00:00,151,105,46
2018-02-10 12:00:00,167,92,75
2018-02-10 13:00:00,188,88,100
2018-02-10 14:00:00,188,94,94
2018-02-10 15:00:00,184,96,88
2018-02-10 16:00:00,120,49,71
2018-02-10 17:00:00,55,18,37
2018-02-10 18:00:00,20,13,7
2018-02-10 19:00:00,4,3,1
2018-02-10 20:00:00,1,0,1
2018-02-10 21:00:00,4,0,4
2018-02-10 22:00:00,0,0,0
2018-02-10 23:00:00,1,1,0
2018-02-11 00:00:00,0,0,0
2018-02-11 01:00:00,0,0,0
2018-02-11 02:00:00,0,0,0
2018-02-11 03:00:00,0,0,0
2018-02-11 04:00:00,0,0,0
2018-02-11 05:00:00,0,0,0
2018-02-11 06:00:00,3,1,2
2018-02-11 07:00:00,11,7,4
2018-02-11 08:00:00,19,14,5
2018-02-11 09:00:00,25,15,10
2018-02-11 10:00:00,50,26,24
2018-02-11 11:00:00,62,30,32
2018-02-11 12:00:00,94,47,47
2018-02-11 13:00:00,101,58,43
2018-02-11 14:00:00,96,50,46
2018-02-11 15:00:00,94,36,58
2018-02-11 16:00:00,68,30,38
2018-02-11 17:00:00,33,9,24
2018-02-11 18:00:00,14,5,9
2018-02-11 19:00:00,2,1,1
2018-02-11 20:00:00,7,5,2
2018-02-11 21:00:00,2,2,0
2018-02-11 22:00:00,0,0,0
2018-02-11 23:00:00,0,0,0
2018-02-12 00:00:00,0,0,0
2018-02-12 01:00:00,0,0,0
2018-02-12 02:00:00,0,0,0
2018-02-12 03:00:00,1,0,1
2018-02-12 04:00:00,5,2,3
2018-02-12 05:00:00,4,1,3
2018-02-12 06:00:00,19,2,17
2018-02-12 07:00:00,41,5,36
2018-02-12 08:00:00,65,13,52
2018-02-12 09:00:00,43,19,24
2018-02-12 10:00:00,39,15,24
2018-02-12 11:00:00,22,10,12
2018-02-12 12:00:00,23,12,11
2018-02-12 13:00:00,45,20,25
2018-02-12 14:00:00,41,17,24
2018-02-12 15:00:00,56,27,29
2018-02-12 16:00:00,71,50,21
2018-02-12 17:00:00,88,65,23
2018-02-12 18:00:00,57,44,13
2018-02-12 19:00:00,20,16,4
2018-02-12 20:00:00,10,9,1
2018-02-12 21:00:00,4,2,2
2018-02-12 22:00:00,1,1,0
2018-02-12 23:00:00,0,0,0
2018-02-13 00:00:00,1,1,0
2018-02-13 01:00:00,0,0,0
2018-02-13 02:00:00,0,0,0
2018-02-13 03:00:00,0,0,0
2018-02-13 04:00:00,3,0,3
2018-02-13 05:00:00,8,2,6
2018-02-13 06:00:00,16,4,12
2018-02-13 07:00:00,44,13,31
2018-02-13 08:00:00,52,15,37
2018-02-13 09:00:00,39,13,26
2018-02-13 10:00:00,21,10,11
2018-02-13 11:00:00,17,9,8
2018-02-13 12:00:00,27,14,13
2018-02-13 13:00:00,23,6,17
2018-02-13 14:00:00,36,25,11
2018-02-13 15:00:00,44,25,19
2018-02-13 16:00:00,67,41,26
2018-02-13 17:00:00,71,53,18
2018-02-13 18:00:00,50,38,12
2018-02-13 19:00:00,16,14,2
2018-02-13 20:00:00,9,6,3
2018-02-13 21:00:00,4,3,1
2018-02-13 22:00:00,2,2,0
2018-02-13 23:00:00,0,0,0
2018-02-14 00:00:00,0,0,0
2018-02-14 01:00:00,0,0,0
2018-02-14 02:00:00,1,1,0
2018-02-14 03:00:00,0,0,0
2018-02-14 04:00:00,3,1,2
2018-02-14 05:00:00,7,1,6
2018-02-14 06:00:00,12,1,11
2018-02-14 07:00:00,28,5,23
2018-02-14 08:00:00,56,13,43
2018-02-14 09:00:00,39,11,28
2018-02-14 10:00:00,15,7,8
2018-02-14 11:00:00,8,4,4
2018-02-14 12:00:00,8,2,6
2018-02-14 13:00:00,3,2,1
2018-02-14 14:00:00,11,9,2
2018-02-14 15:00:00,20,13,7
2018-02-14 16:00:00,39,32,7
2018-02-14 17:00:00,65,52,13
2018-02-14 18:00:00,36,27,9
2018-02-14 19:00:00,11,9,2
2018-02-14 20:00:00,7,6,1
2018-02-14 21:00:00,4,2,2
2018-02-14 22:00:00,1,0,1
2018-02-14 23:00:00,0,0,0
2018-02-15 00:00:00,2,0,2
2018-02-15 01:00:00,0,0,0
2018-02-15 02:00:00,0,0,0
2018-02-15 03:00:00,0,0,0
2018-02-15 04:00:00,1,1,0
2018-02-15 05:00:00,3,0,3
2018-02-15 06:00:00,25,5,20
2018-02-15 07:00:00,47,13,34
2018-02-15 08:00:00,51,11,40
2018-02-15 09:00:00,23,8,15
2018-02-15 10:00:00,21,10,11
2018-02-15 11:00:00,28,15,13
2018-02-15 12:00:00,22,9,13
2018-02-15 13:00:00,19,10,9
2018-02-15 14:00:00,22,14,8
2018-02-15 15:00:00,32,16,16
2018-02-15 16:00:00,63,40,23
2018-02-15 17:00:00,59,46,13
2018-02-15 18:00:00,43,33,10
2018-02-15 19:00:00,23,16,7
2018-02-15 20:00:00,6,5,1
2018-02-15 21:00:00,2,2,0
2018-02-15 22:00:00,2,2,0
2018-02-15 23:00:00,2,1,1
2018-02-16 00:00:00,0,0,0
2018-02-16 01:00:00,0,0,0
2018-02-16 02:00:00,0,0,0
2018-02-16 03:00:00,0,0,0
2018-02-16 04:00:00,0,0,0
2018-02-16 05:00:00,4,1,3
2018-02-16 06:00:00,14,1,13
2018-02-16 07:00:00,22,6,16
2018-02-16 08:00:00,40,4,36
2018-02-16 09:00:00,28,13,15
2018-02-16 10:00:00,16,7,9
2018-02-16 11:00:00,21,11,10
2018-02-16 12:00:00,12,7,5
2018-02-16 13:00:00,7,3,4
2018-02-16 14:00:00,21,11,10
2018-02-16 15:00:00,20,13,7
2018-02-16 16:00:00,24,16,8
2018-02-16 17:00:00,45,37,8
2018-02-16 18:00:00,24,18,6
2018-02-16 19:00:00,14,11,3
2018-02-16 20:00:00,3,3,0
2018-02-16 21:00:00,5,4,1
2018-02-16 22:00:00,2,2,0
2018-02-16 23:00:00,0,0,0
2018-02-17 00:00:00,0,0,0
2018-02-17 01:00:00,0,0,0
2018-02-17 02:00:00,0,0,0
2018-02-17 03:00:00,0,0,0
2018-02-17 04:00:00,0,0,0
2018-02-17 05:00:00,0,0,0
2018-02-17 06:00:00,2,1,1
2018-02-17 07:00:00,8,5,3
2018-02-17 08:00:00,15,12,3
2018-02-17 09:00:00,21,11,10
2018-02-17 10:00:00,17,4,13
2018-02-17 11:00:00,21,17,4
2018-02-17 12:00:00,39,15,24
2018-02-17 13:00:00,38,21,17
2018-02-17 14:00:00,73,39,34
2018-02-17 15:00:00,64,31,33
2018-02-17 16:00:00,60,26,34
2018-02-17 17:00:00,38,18,20
2018-02-17 18:00:00,14,10,4
2018-02-17 19:00:00,2,1,1
2018-02-17 20:00:00,3,1,2
2018-02-17 21:00:00,4,3,1
2018-02-17 22:00:00,4,2,2
2018-02-17 23:00:00,0,0,0
2018-02-18 00:00:00,1,0,1
2018-02-18 01:00:00,0,0,0
2018-02-18 02:00:00,0,0,0
2018-02-18 03:00:00,0,0,0
2018-02-18 04:00:00,0,0,0
2018-02-18 05:00:00,0,0,0
2018-02-18 06:00:00,1,0,1
2018-02-18 07:00:00,11,9,2
2018-02-18 08:00:00,13,4,9
2018-02-18 09:00:00,21,13,8
2018-02-18 10:00:00,25,13,12
2018-02-18 11:00:00,31,20,11
2018-02-18 12:00:00,29,15,14
2018-02-18 13:00:00,27,10,17
2018-02-18 14:00:00,17,8,9
2018-02-18 15:00:00,16,6,10
2018-02-18 16:00:00,16,7,9
2018-02-18 17:00:00,15,7,8
2018-02-18 18:00:00,7,1,6
2018-02-18 19:00:00,2,1,1
2018-02-18 20:00:00,1,1,0
2018-02-18 21:00:00,1,0,1
2018-02-18 22:00:00,0,0,0
2018-02-18 23:00:00,0,0,0
2018-02-19 00:00:00,0,0,0
2018-02-19 01:00:00,0,0,0
2018-02-19 02:00:00,0,0,0
2018-02-19 03:00:00,0,0,0
2018-02-19 04:00:00,0,0,0
2018-02-19 05:00:00,0,0,0
2018-02-19 06:00:00,0,0,0
2018-02-19 07:00:00,9,1,8
2018-02-19 08:00:00,13,2,11
2018-02-19 09:00:00,26,9,17
2018-02-19 10:00:00,26,16,10
2018-02-19 11:00:00,39,18,21
2018-02-19 12:00:00,53,30,23
2018-02-19 13:00:00,36,14,22
2018-02-19 14:00:00,46,25,21
2018-02-19 15:00:00,58,25,33
2018-02-19 16:00:00,27,15,12
2018-02-19 17:00:00,35,20,15
2018-02-19 18:00:00,17,12,5
2018-02-19 19:00:00,4,4,0
2018-02-19 20:00:00,2,1,1
2018-02-19 21:00:00,0,0,0
2018-02-19 22:00:00,1,1,0
2018-02-19 23:00:00,0,0,0
2018-02-20 00:00:00,1,1,0
2018-02-20 01:00:00,0,0,0
2018-02-20 02:00:00,0,0,0
2018-02-20 03:00:00,0,0,0
2018-02-20 04:00:00,2,0,2
2018-02-20 05:00:00,7,1,6
2018-02-20 06:00:00,4,3,1
2018-02-20 07:00:00,34,10,24
2018-02-20 08:00:00,35,3,32
2018-02-20 09:00:00,27,11,16
2018-02-20 10:00:00,13,7,6
2018-02-20 11:00:00,11,6,5
2018-02-20 12:00:00,11,5,6
2018-02-20 13:00:00,14,6,8
2018-02-20 14:00:00,17,11,6
2018-02-20 15:00:00,19,8,11
2018-02-20 16:00:00,30,21,9
2018-02-20 17:00:00,46,32,14
2018-02-20 18:00:00,36,24,12
2018-02-20 19:00:00,13,9,4
2018-02-20 20:00:00,6,5,1
2018-02-20 21:00:00,0,0,0
2018-02-20 22:00:00,0,0,0
2018-02-20 23:00:00,1,1,0
2018-02-21 00:00:00,0,0,0
2018-02-21 01:00:00,1,1,0
2018-02-21 02:00:00,0,0,0
2018-02-21 03:00:00,0,0,0
2018-02-21 04:00:00,0,0,0
2018-02-21 05:00:00,5,1,4
2018-02-21 06:00:00,8,2,6
2018-02-21 07:00:00,19,1,18
2018-02-21 08:00:00,35,8,27
2018-02-21 09:00:00,24,9,15
2018-02-21 10:00:00,13,7,6
2018-02-21 11:00:00,17,7,10
2018-02-21 12:00:00,7,3,4
2018-02-21 13:00:00,13,4,9
2018-02-21 14:00:00,19,10,9
2018-02-21 15:00:00,15,9,6
2018-02-21 16:00:00,26,18,8
2018-02-21 17:00:00,36,31,5
2018-02-21 18:00:00,33,28,5
2018-02-21 19:00:00,14,13,1
2018-02-21 20:00:00,4,3,1
2018-02-21 21:00:00,3,1,2
2018-02-21 22:00:00,0,0,0
2018-02-21 23:00:00,0,0,0
2018-02-22 00:00:00,0,0,0
2018-02-22 01:00:00,2,2,0
2018-02-22 02:00:00,0,0,0
2018-02-22 03:00:00,0,0,0
2018-02-22 04:00:00,0,0,0
2018-02-22 05:00:00,2,1,1
2018-02-22 06:00:00,6,1,5
2018-02-22 07:00:00,12,1,11
2018-02-22 08:00:00,8,1,7
2018-02-22 09:00:00,8,6,2
2018-02-22 10:00:00,6,0,6
2018-02-22 11:00:00,5,2,3
2018-02-22 12:00:00,4,1,3
2018-02-22 13:00:00,9,1,8
2018-02-22 14:00:00,19,12,7
2018-02-22 15:00:00,8,3,5
2018-02-22 16:00:00,14,11,3
2018-02-22 17:00:00,18,11,7
2018-02-22 18:00:00,15,11,4
2018-02-22 19:00:00,4,3,1
2018-02-22 20:00:00,2,2,0
2018-02-22 21:00:00,4,4,0
2018-02-22 22:00:00,0,0,0
2018-02-22 23:00:00,0,0,0
2018-02-23 00:00:00,0,0,0
2018-02-23 01:00:00,0,0,0
2018-02-23 02:00:00,0,0,0
2018-02-23 03:00:00,0,0,0
2018-02-23 04:00:00,0,0,0
2018-02-23 05:00:00,2,0,2
2018-02-23 06:00:00,5,2,3
2018-02-23 07:00:00,8,1,7
2018-02-23 08:00:00,18,4,14
2018-02-23 09:00:00,11,3,8
2018-02-23 10:00:00,11,5,6
2018-02-23 11:00:00,8,4,4
2018-02-23 12:00:00,7,2,5
2018-02-23 13:00:00,11,9,2
2018-02-23 14:00:00,8,2,6
2018-02-23 15:00:00,13,9,4
2018-02-23 16:00:00,22,14,8
2018-02-23 17:00:00,13,9,4
2018-02-23 18:00:00,17,11,6
2018-02-23 19:00:00,5,5,0
2018-02-23 20:00:00,1,0,1
2018-02-23 21:00:00,1,1,0
2018-02-23 22:00:00,0,0,0
2018-02-23 23:00:00,0,0,0
2018-02-24 00:00:00,1,1,0
2018-02-24 01:00:00,0,0,0
2018-02-24 02:00:00,0,0,0
2018-02-24 03:00:00,0,0,0
2018-02-24 04:00:00,0,0,0
2018-02-24 05:00:00,0,0,0
2018-02-24 06:00:00,3,2,1
2018-02-24 07:00:00,4,2,2
2018-02-24 08:00:00,6,3,3
2018-02-24 09:00:00,26,17,9
2018-02-24 10:00:00,21,16,5
2018-02-24 11:00:00,31,16,15
2018-02-24 12:00:00,43,20,23
2018-02-24 13:00:00,88,45,43
2018-02-24 14:00:00,67,41,26
2018-02-24 15:00:00,66,23,43
2018-02-24 16:00:00,39,24,15
2018-02-24 17:00:00,19,5,14
2018-02-24 18:00:00,4,2,2
2018-02-24 19:00:00,3,3,0
2018-02-24 20:00:00,2,1,1
2018-02-24 21:00:00,0,0,0
2018-02-24 22:00:00,0,0,0
2018-02-24 23:00:00,0,0,0
2018-02-25 00:00:00,0,0,0
2018-02-25 01:00:00,0,0,0
2018-02-25 02:00:00,0,0,0
2018-02-25 03:00:00,0,0,0
2018-02-25 04:00:00,0,0,0
2018-02-25 05:00:00,0,0,0
2018-02-25 06:00:00,3,1,2
2018-02-25 07:00:00,6,5,1
2018-02-25 08:00:00,14,6,8
2018-02-25 09:00:00,16,9,7
2018-02-25 10:00:00,36,22,14
2018-02-25 11:00:00,28,15,13
2018-02-25 12:00:00,36,21,15
2018-02-25 13:00:00,27,15,12
2018-02-25 14:00:00,31,16,15
2018-02-25 15:00:00,31,10,21
2018-02-25 16:00:00,23,10,13
2018-02-25 17:00:00,6,4,2
2018-02-25 18:00:00,1,1,0
2018-02-25 19:00:00,3,1,2
2018-02-25 20:00:00,3,1,2
2018-02-25 21:00:00,1,0,1
2018-02-25 22:00:00,1,1,0
2018-02-25 23:00:00,0,0,0
2018-02-26 00:00:00,0,0,0
2018-02-26 01:00:00,0,0,0
2018-02-26 02:00:00,0,0,0
2018-02-26 03:00:00,0,0,0
2018-02-26 04:00:00,2,0,2
2018-02-26 05:00:00,4,0,4
2018-02-26 06:00:00,7,2,5
2018-02-26 07:00:00,23,2,21
2018-02-26 08:00:00,42,8,34
2018-02-26 09:00:00,31,17,14
2018-02-26 10:00:00,19,7,12
2018-02-26 11:00:00,11,7,4
2018-02-26 12:00:00,18,11,7
2018-02-26 13:00:00,25,15,10
2018-02-26 14:00:00,20,13,7
2018-02-26 15:00:00,47,24,23
2018-02-26 16:00:00,37,25,12
2018-02-26 17:00:00,72,45,27
2018-02-26 18:00:00,40,29,11
2018-02-26 19:00:00,8,7,1
2018-02-26 20:00:00,3,1,2
2018-02-26 21:00:00,0,0,0
2018-02-26 22:00:00,4,2,2
2018-02-26 23:00:00,2,2,0
2018-02-27 00:00:00,2,2,0
2018-02-27 01:00:00,0,0,0
2018-02-27 02:00:00,0,0,0
2018-02-27 03:00:00,0,0,0
2018-02-27 04:00:00,0,0,0
2018-02-27 05:00:00,10,1,9
2018-02-27 06:00:00,16,1,15
2018-02-27 07:00:00,35,10,25
2018-02-27 08:00:00,52,10,42
2018-02-27 09:00:00,31,11,20
2018-02-27 10:00:00,22,14,8
2018-02-27 11:00:00,5,3,2
2018-02-27 12:00:00,17,8,9
2018-02-27 13:00:00,16,7,9
2018-02-27 14:00:00,23,13,10
2018-02-27 15:00:00,19,10,9
2018-02-27 16:00:00,30,26,4
2018-02-27 17:00:00,45,30,15
2018-02-27 18:00:00,53,44,9
2018-02-27 19:00:00,22,17,5
2018-02-27 20:00:00,9,6,3
2018-02-27 21:00:00,4,3,1
2018-02-27 22:00:00,1,1,0
2018-02-27 23:00:00,1,1,0
2018-02-28 00:00:00,0,0,0
2018-02-28 01:00:00,0,0,0
2018-02-28 02:00:00,0,0,0
2018-02-28 03:00:00,2,2,0
2018-02-28 04:00:00,1,1,0
2018-02-28 05:00:00,6,0,6
2018-02-28 06:00:00,12,1,11
2018-02-28 07:00:00,34,5,29
2018-02-28 08:00:00,53,14,39
2018-02-28 09:00:00,28,11,17
2018-02-28 10:00:00,11,4,7
2018-02-28 11:00:00,13,7,6
2018-02-28 12:00:00,10,5,5
2018-02-28 13:00:00,9,7,2
2018-02-28 14:00:00,17,10,7
2018-02-28 15:00:00,21,14,7
2018-02-28 16:00:00,26,18,8
2018-02-28 17:00:00,53,40,13
2018-02-28 18:00:00,41,31,10
2018-02-28 19:00:00,13,13,0
2018-02-28 20:00:00,4,3,1
2018-02-28 21:00:00,2,2,0
2018-02-28 22:00:00,1,1,0
2018-02-28 23:00:00,1,0,1
2018-03-01 00:00:00,0,0,0
2018-03-01 01:00:00,0,0,0
2018-03-01 02:00:00,0,0,0
2018-03-01 03:00:00,0,0,0
2018-03-01 04:00:00,1,0,1
2018-03-01 05:00:00,4,1,3
2018-03-01 06:00:00,19,2,17
2018-03-01 07:00:00,46,15,31
2018-03-01 08:00:00,53,16,37
2018-03-01 09:00:00,38,17,21
2018-03-01 10:00:00,27,11,16
2018-03-01 11:00:00,30,12,18
2018-03-01 12:00:00,23,12,11
2018-03-01 13:00:00,38,17,21
2018-03-01 14:00:00,51,31,20
2018-03-01 15:00:00,41,24,17
2018-03-01 16:00:00,61,38,23
2018-03-01 17:00:00,90,61,29
2018-03-01 18:00:00,51,37,14
2018-03-01 19:00:00,22,17,5
2018-03-01 20:00:00,6,4,2
2018-03-01 21:00:00,5,3,2
2018-03-01 22:00:00,1,1,0
2018-03-01 23:00:00,2,2,0
2018-03-02 00:00:00,0,0,0
2018-03-02 01:00:00,0,0,0
2018-03-02 02:00:00,0,0,0
2018-03-02 03:00:00,0,0,0
2018-03-02 04:00:00,0,0,0
2018-03-02 05:00:00,4,2,2
2018-03-02 06:00:00,14,4,10
2018-03-02 07:00:00,31,8,23
2018-03-02 08:00:00,45,13,32
2018-03-02 09:00:00,47,22,25
2018-03-02 10:00:00,19,7,12
2018-03-02 11:00:00,12,5,7
2018-03-02 12:00:00,11,2,9
2018-03-02 13:00:00,16,7,9
2018-03-02 14:00:00,25,12,13
2018-03-02 15:00:00,30,19,11
2018-03-02 16:00:00,41,28,13
2018-03-02 17:00:00,44,31,13
2018-03-02 18:00:00,34,24,10
2018-03-02 19:00:00,14,12,2
2018-03-02 20:00:00,13,13,0
2018-03-02 21:00:00,0,0,0
2018-03-02 22:00:00,8,3,5
2018-03-02 23:00:00,1,0,1
2018-03-03 00:00:00,1,0,1
2018-03-03 01:00:00,2,1,1
2018-03-03 02:00:00,0,0,0
2018-03-03 03:00:00,0,0,0
2018-03-03 04:00:00,1,1,0
2018-03-03 05:00:00,2,2,0
2018-03-03 06:00:00,2,1,1
2018-03-03 07:00:00,12,10,2
2018-03-03 08:00:00,24,19,5
2018-03-03 09:00:00,69,33,36
2018-03-03 10:00:00,104,61,43
2018-03-03 11:00:00,158,82,76
2018-03-03 12:00:00,183,81,102
2018-03-03 13:00:00,165,95,70
2018-03-03 14:00:00,188,111,77
2018-03-03 15:00:00,153,73,80
2018-03-03 16:00:00,148,62,86
2018-03-03 17:00:00,64,20,44
2018-03-03 18:00:00,22,14,8
2018-03-03 19:00:00,12,6,6
2018-03-03 20:00:00,6,3,3
2018-03-03 21:00:00,1,1,0
2018-03-03 22:00:00,0,0,0
2018-03-03 23:00:00,2,0,2
2018-03-04 00:00:00,2,2,0
2018-03-04 01:00:00,0,0,0
2018-03-04 02:00:00,0,0,0
2018-03-04 03:00:00,0,0,0
2018-03-04 04:00:00,0,0,0
2018-03-04 05:00:00,1,0,1
2018-03-04 06:00:00,3,3,0
2018-03-04 07:00:00,5,3,2
2018-03-04 08:00:00,36,19,17
2018-03-04 09:00:00,54,31,23
2018-03-04 10:00:00,61,32,29
2018-03-04 11:00:00,79,39,40
2018-03-04 12:00:00,98,39,59
2018-03-04 13:00:00,65,37,28
2018-03-04 14:00:00,48,20,28
2018-03-04 15:00:00,39,17,22
2018-03-04 16:00:00,27,14,13
2018-03-04 17:00:00,19,9,10
2018-03-04 18:00:00,10,4,6
2018-03-04 19:00:00,1,1,0
2018-03-04 20:00:00,2,1,1
2018-03-04 21:00:00,2,1,1
2018-03-04 22:00:00,1,0,1
2018-03-04 23:00:00,1,0,1
2018-03-05 00:00:00,0,0,0
2018-03-05 01:00:00,0,0,0
2018-03-05 02:00:00,0,0,0
2018-03-05 03:00:00,1,1,0
2018-03-05 04:00:00,1,0,1
2018-03-05 05:00:00,8,1,7
2018-03-05 06:00:00,18,3,15
2018-03-05 07:00:00,40,8,32
2018-03-05 08:00:00,52,11,41
2018-03-05 09:00:00,26,9,17
2018-03-05 10:00:00,20,11,9
2018-03-05 11:00:00,18,6,12
2018-03-05 12:00:00,21,14,7
2018-03-05 13:00:00,31,17,14
2018-03-05 14:00:00,28,17,11
2018-03-05 15:00:00,25,17,8
2018-03-05 16:00:00,36,27,9
2018-03-05 17:00:00,64,51,13
2018-03-05 18:00:00,45,36,9
2018-03-05 19:00:00,27,23,4
2018-03-05 20:00:00,6,4,2
2018-03-05 21:00:00,2,2,0
2018-03-05 22:00:00,1,0,1
2018-03-05 23:00:00,0,0,0
2018-03-06 00:00:00,1,1,0
2018-03-06 01:00:00,0,0,0
2018-03-06 02:00:00,0,0,0
2018-03-06 03:00:00,0,0,0
2018-03-06 04:00:00,0,0,0
2018-03-06 05:00:00,12,4,8
2018-03-06 06:00:00,18,6,12
2018-03-06 07:00:00,60,17,43
2018-03-06 08:00:00,69,17,52
2018-03-06 09:00:00,60,21,39
2018-03-06 10:00:00,40,22,18
2018-03-06 11:00:00,44,20,24
2018-03-06 12:00:00,50,30,20
2018-03-06 13:00:00,53,30,23
2018-03-06 14:00:00,67,36,31
2018-03-06 15:00:00,73,37,36
2018-03-06 16:00:00,98,64,34
2018-03-06 17:00:00,118,81,37
2018-03-06 18:00:00,70,51,19
2018-03-06 19:00:00,24,16,8
2018-03-06 20:00:00,14,11,3
2018-03-06 21:00:00,1,0,1
2018-03-06 22:00:00,2,2,0
2018-03-06 23:00:00,1,0,1
2018-03-07 00:00:00,0,0,0
2018-03-07 01:00:00,0,0,0
2018-03-07 02:00:00,0,0,0
2018-03-07 03:00:00,0,0,0
2018-03-07 04:00:00,1,0,1
2018-03-07 05:00:00,13,4,9
2018-03-07 06:00:00,21,6,15
2018-03-07 07:00:00,54,9,45
2018-03-07 08:00:00,65,15,50
2018-03-07 09:00:00,43,14,29
2018-03-07 10:00:00,27,14,13
2018-03-07 11:00:00,20,10,10
2018-03-07 12:00:00,29,15,14
2018-03-07 13:00:00,27,10,17
2018-03-07 14:00:00,32,20,12
2018-03-07 15:00:00,31,25,6
2018-03-07 16:00:00,45,33,12
2018-03-07 17:00:00,104,77,27
2018-03-07 18:00:00,63,52,11
2018-03-07 19:00:00,27,17,10
2018-03-07 20:00:00,11,9,2
2018-03-07 21:00:00,3,1,2
2018-03-07 22:00:00,1,0,1
2018-03-07 23:00:00,2,2,0
2018-03-08 00:00:00,1,1,0
2018-03-08 01:00:00,0,0,0
2018-03-08 02:00:00,0,0,0
2018-03-08 03:00:00,0,0,0
2018-03-08 04:00:00,3,1,2
2018-03-08 05:00:00,5,1,4
2018-03-08 06:00:00,13,2,11
2018-03-08 07:00:00,39,8,31
2018-03-08 08:00:00,35,10,25
2018-03-08 09:00:00,14,6,8
2018-03-08 10:00:00,10,4,6
2018-03-08 11:00:00,8,3,5
2018-03-08 12:00:00,16,7,9
2018-03-08 13:00:00,4,0,4
2018-03-08 14:00:00,9,7,2
2018-03-08 15:00:00,11,6,5
2018-03-08 16:00:00,17,11,6
2018-03-08 17:00:00,29,26,3
2018-03-08 18:00:00,30,29,1
2018-03-08 19:00:00,14,13,1
2018-03-08 20:00:00,5,3,2
2018-03-08 21:00:00,6,3,3
2018-03-08 22:00:00,2,2,0
2018-03-08 23:00:00,0,0,0
2018-03-09 00:00:00,0,0,0
2018-03-09 01:00:00,0,0,0
2018-03-09 02:00:00,0,0,0
2018-03-09 03:00:00,0,0,0
2018-03-09 04:00:00,0,0,0
2018-03-09 05:00:00,5,1,4
2018-03-09 06:00:00,18,3,15
2018-03-09 07:00:00,41,8,33
2018-03-09 08:00:00,68,20,48
2018-03-09 09:00:00,43,17,26
2018-03-09 10:00:00,25,8,17
2018-03-09 11:00:00,16,8,8
2018-03-09 12:00:00,29,15,14
2018-03-09 13:00:00,29,19,10
2018-03-09 14:00:00,50,36,14
2018-03-09 15:00:00,67,37,30
2018-03-09 16:00:00,67,38,29
2018-03-09 17:00:00,83,51,32
2018-03-09 18:00:00,53,35,18
2018-03-09 19:00:00,22,17,5
2018-03-09 20:00:00,7,4,3
2018-03-09 21:00:00,2,1,1
2018-03-09 22:00:00,2,2,0
2018-03-09 23:00:00,1,1,0
2018-03-10 00:00:00,0,0,0
2018-03-10 01:00:00,0,0,0
2018-03-10 02:00:00,0,0,0
2018-03-10 03:00:00,0,0,0
2018-03-10 04:00:00,1,1,0
2018-03-10 05:00:00,1,1,0
2018-03-10 06:00:00,6,2,4
2018-03-10 07:00:00,15,13,2
2018-03-10 08:00:00,42,30,12
2018-03-10 09:00:00,77,46,31
2018-03-10 10:00:00,111,55,56
2018-03-10 11:00:00,158,100,58
2018-03-10 12:00:00,212,108,104
2018-03-10 13:00:00,265,108,157
2018-03-10 14:00:00,216,86,130
2018-03-10 15:00:00,212,115,97
2018-03-10 16:00:00,211,79,132
2018-03-10 17:00:00,97,46,51
2018-03-10 18:00:00,50,19,31
2018-03-10 19:00:00,15,5,10
2018-03-10 20:00:00,4,2,2
2018-03-10 21:00:00,0,0,0
2018-03-10 22:00:00,2,1,1
2018-03-10 23:00:00,1,1,0
2018-03-11 00:00:00,1,0,1
2018-03-11 01:00:00,0,0,0
2018-03-11 02:00:00,0,0,0
2018-03-11 03:00:00,0,0,0
2018-03-11 04:00:00,0,0,0
2018-03-11 05:00:00,1,0,1
2018-03-11 06:00:00,2,1,1
2018-03-11 07:00:00,7,4,3
2018-03-11 08:00:00,28,22,6
2018-03-11 09:00:00,59,45,14
2018-03-11 10:00:00,121,75,46
2018-03-11 11:00:00,177,105,72
2018-03-11 12:00:00,257,143,114
2018-03-11 13:00:00,346,203,143
2018-03-11 14:00:00,328,173,155
2018-03-11 15:00:00,359,176,183
2018-03-11 16:00:00,272,110,162
2018-03-11 17:00:00,155,74,81
2018-03-11 18:00:00,74,22,52
2018-03-11 19:00:00,27,19,8
2018-03-11 20:00:00,11,10,1
2018-03-11 21:00:00,6,2,4
2018-03-11 22:00:00,4,3,1
2018-03-11 23:00:00,0,0,0
2018-03-12 00:00:00,0,0,0
2018-03-12 01:00:00,0,0,0
2018-03-12 02:00:00,0,0,0
2018-03-12 03:00:00,0,0,0
2018-03-12 04:00:00,6,4,2
2018-03-12 05:00:00,6,1,5
2018-03-12 06:00:00,37,7,30
2018-03-12 07:00:00,67,15,52
2018-03-12 08:00:00,91,13,78
2018-03-12 09:00:00,57,19,38
2018-03-12 10:00:00,60,31,29
2018-03-12 11:00:00,85,50,35
2018-03-12 12:00:00,89,47,42
2018-03-12 13:00:00,117,64,53
2018-03-12 14:00:00,114,66,48
2018-03-12 15:00:00,146,79,67
2018-03-12 16:00:00,161,90,71
2018-03-12 17:00:00,218,136,82
2018-03-12 18:00:00,159,109,50
2018-03-12 19:00:00,52,31,21
2018-03-12 20:00:00,16,8,8
2018-03-12 21:00:00,5,3,2
2018-03-12 22:00:00,2,1,1
2018-03-12 23:00:00,3,2,1
2018-03-13 00:00:00,0,0,0
2018-03-13 01:00:00,0,0,0
2018-03-13 02:00:00,2,2,0
2018-03-13 03:00:00,0,0,0
2018-03-13 04:00:00,1,0,1
2018-03-13 05:00:00,9,2,7
2018-03-13 06:00:00,15,2,13
2018-03-13 07:00:00,36,5,31
2018-03-13 08:00:00,44,13,31
2018-03-13 09:00:00,35,6,29
2018-03-13 10:00:00,23,8,15
2018-03-13 11:00:00,21,9,12
2018-03-13 12:00:00,22,11,11
2018-03-13 13:00:00,18,11,7
2018-03-13 14:00:00,11,7,4
2018-03-13 15:00:00,16,11,5
2018-03-13 16:00:00,17,14,3
2018-03-13 17:00:00,54,37,17
2018-03-13 18:00:00,45,34,11
2018-03-13 19:00:00,16,9,7
2018-03-13 20:00:00,4,3,1
2018-03-13 21:00:00,4,3,1
2018-03-13 22:00:00,2,1,1
2018-03-13 23:00:00,2,1,1
2018-03-14 00:00:00,1,1,0
2018-03-14 01:00:00,0,0,0
2018-03-14 02:00:00,0,0,0
2018-03-14 03:00:00,0,0,0
2018-03-14 04:00:00,0,0,0
2018-03-14 05:00:00,5,1,4
2018-03-14 06:00:00,18,5,13
2018-03-14 07:00:00,46,10,36
2018-03-14 08:00:00,65,11,54
2018-03-14 09:00:00,53,23,30
2018-03-14 10:00:00,23,12,11
2018-03-14 11:00:00,20,9,11
2018-03-14 12:00:00,22,5,17
2018-03-14 13:00:00,32,19,13
2018-03-14 14:00:00,27,12,15
2018-03-14 15:00:00,42,27,15
2018-03-14 16:00:00,57,38,19
2018-03-14 17:00:00,106,76,30
2018-03-14 18:00:00,82,51,31
2018-03-14 19:00:00,38,23,15
2018-03-14 20:00:00,14,9,5
2018-03-14 21:00:00,9,6,3
2018-03-14 22:00:00,2,2,0
2018-03-14 23:00:00,2,1,1
2018-03-15 00:00:00,1,1,0
2018-03-15 01:00:00,0,0,0
2018-03-15 02:00:00,0,0,0
2018-03-15 03:00:00,0,0,0
2018-03-15 04:00:00,4,3,1
2018-03-15 05:00:00,8,3,5
2018-03-15 06:00:00,28,4,24
2018-03-15 07:00:00,52,13,39
2018-03-15 08:00:00,61,13,48
2018-03-15 09:00:00,50,19,31
2018-03-15 10:00:00,28,15,13
2018-03-15 11:00:00,39,10,29
2018-03-15 12:00:00,37,23,14
2018-03-15 13:00:00,41,19,22
2018-03-15 14:00:00,68,44,24
2018-03-15 15:00:00,98,48,50
2018-03-15 16:00:00,102,56,46
2018-03-15 17:00:00,157,114,43
2018-03-15 18:00:00,104,63,41
2018-03-15 19:00:00,42,26,16
2018-03-15 20:00:00,19,11,8
2018-03-15 21:00:00,7,3,4
2018-03-15 22:00:00,4,1,3
2018-03-15 23:00:00,2,2,0
2018-03-16 00:00:00,1,1,0
2018-03-16 01:00:00,1,1,0
2018-03-16 02:00:00,0,0,0
2018-03-16 03:00:00,0,0,0
2018-03-16 04:00:00,0,0,0
2018-03-16 05:00:00,8,4,4
2018-03-16 06:00:00,22,5,17
2018-03-16 07:00:00,55,13,42
2018-03-16 08:00:00,75,18,57
2018-03-16 09:00:00,49,15,34
2018-03-16 10:00:00,48,25,23
2018-03-16 11:00:00,49,20,29
2018-03-16 12:00:00,35,17,18
2018-03-16 13:00:00,61,31,30
2018-03-16 14:00:00,80,42,38
2018-03-16 15:00:00,85,46,39
2018-03-16 16:00:00,114,77,37
2018-03-16 17:00:00,131,77,54
2018-03-16 18:00:00,91,50,41
2018-03-16 19:00:00,50,32,18
2018-03-16 20:00:00,11,9,2
2018-03-16 21:00:00,4,1,3
2018-03-16 22:00:00,0,0,0
2018-03-16 23:00:00,3,3,0
2018-03-17 00:00:00,0,0,0
2018-03-17 01:00:00,3,3,0
2018-03-17 02:00:00,0,0,0
2018-03-17 03:00:00,0,0,0
2018-03-17 04:00:00,1,1,0
2018-03-17 05:00:00,3,1,2
2018-03-17 06:00:00,4,0,4
2018-03-17 07:00:00,11,7,4
2018-03-17 08:00:00,46,28,18
2018-03-17 09:00:00,61,37,24
2018-03-17 10:00:00,149,64,85
2018-03-17 11:00:00,127,64,63
2018-03-17 12:00:00,125,67,58
2018-03-17 13:00:00,157,88,69
2018-03-17 14:00:00,115,60,55
2018-03-17 15:00:00,88,35,53
2018-03-17 16:00:00,76,41,35
2018-03-17 17:00:00,58,21,37
2018-03-17 18:00:00,41,21,20
2018-03-17 19:00:00,13,6,7
2018-03-17 20:00:00,6,4,2
2018-03-17 21:00:00,0,0,0
2018-03-17 22:00:00,4,4,0
2018-03-17 23:00:00,0,0,0
2018-03-18 00:00:00,1,1,0
2018-03-18 01:00:00,1,1,0
2018-03-18 02:00:00,0,0,0
2018-03-18 03:00:00,0,0,0
2018-03-18 04:00:00,0,0,0
2018-03-18 05:00:00,0,0,0
2018-03-18 06:00:00,2,1,1
2018-03-18 07:00:00,10,5,5
2018-03-18 08:00:00,28,23,5
2018-03-18 09:00:00,70,43,27
2018-03-18 10:00:00,126,51,75
2018-03-18 11:00:00,154,94,60
2018-03-18 12:00:00,142,76,66
2018-03-18 13:00:00,137,75,62
2018-03-18 14:00:00,204,88,116
2018-03-18 15:00:00,175,87,88
2018-03-18 16:00:00,186,86,100
2018-03-18 17:00:00,129,67,62
2018-03-18 18:00:00,50,20,30
2018-03-18 19:00:00,27,12,15
2018-03-18 20:00:00,11,9,2
2018-03-18 21:00:00,2,1,1
2018-03-18 22:00:00,2,2,0
2018-03-18 23:00:00,0,0,0
2018-03-19 00:00:00,0,0,0
2018-03-19 01:00:00,0,0,0
2018-03-19 02:00:00,0,0,0
2018-03-19 03:00:00,0,0,0
2018-03-19 04:00:00,3,1,2
2018-03-19 05:00:00,8,3,5
2018-03-19 06:00:00,31,7,24
2018-03-19 07:00:00,46,11,35
2018-03-19 08:00:00,78,15,63
2018-03-19 09:00:00,53,23,30
2018-03-19 10:00:00,41,23,18
2018-03-19 11:00:00,40,18,22
2018-03-19 12:00:00,47,18,29
2018-03-19 13:00:00,42,21,21
2018-03-19 14:00:00,60,35,25
2018-03-19 15:00:00,60,40,20
2018-03-19 16:00:00,76,56,20
2018-03-19 17:00:00,98,67,31
2018-03-19 18:00:00,108,80,28
2018-03-19 19:00:00,37,24,13
2018-03-19 20:00:00,16,11,5
2018-03-19 21:00:00,9,3,6
2018-03-19 22:00:00,2,1,1
2018-03-19 23:00:00,2,1,1
2018-03-20 00:00:00,1,1,0
2018-03-20 01:00:00,0,0,0
2018-03-20 02:00:00,0,0,0
2018-03-20 03:00:00,0,0,0
2018-03-20 04:00:00,3,1,2
2018-03-20 05:00:00,7,2,5
2018-03-20 06:00:00,32,7,25
2018-03-20 07:00:00,69,18,51
2018-03-20 08:00:00,66,16,50
2018-03-20 09:00:00,64,26,38
2018-03-20 10:00:00,33,20,13
2018-03-20 11:00:00,32,12,20
2018-03-20 12:00:00,40,20,20
2018-03-20 13:00:00,52,30,22
2018-03-20 14:00:00,58,31,27
2018-03-20 15:00:00,79,36,43
2018-03-20 16:00:00,93,61,32
2018-03-20 17:00:00,169,116,53
2018-03-20 18:00:00,134,85,49
2018-03-20 19:00:00,45,30,15
2018-03-20 20:00:00,18,11,7
2018-03-20 21:00:00,6,4,2
2018-03-20 22:00:00,2,1,1
2018-03-20 23:00:00,0,0,0
2018-03-21 00:00:00,0,0,0
2018-03-21 01:00:00,1,0,1
2018-03-21 02:00:00,2,2,0
2018-03-21 03:00:00,0,0,0
2018-03-21 04:00:00,1,0,1
2018-03-21 05:00:00,12,2,10
2018-03-21 06:00:00,23,6,17
2018-03-21 07:00:00,47,6,41
2018-03-21 08:00:00,64,15,49
2018-03-21 09:00:00,46,18,28
2018-03-21 10:00:00,28,19,9
2018-03-21 11:00:00,35,14,21
2018-03-21 12:00:00,31,18,13
2018-03-21 13:00:00,40,21,19
2018-03-21 14:00:00,49,26,23
2018-03-21 15:00:00,49,29,20
2018-03-21 16:00:00,74,47,27
2018-03-21 17:00:00,110,80,30
2018-03-21 18:00:00,67,46,21
2018-03-21 19:00:00,27,16,11
2018-03-21 20:00:00,6,6,0
2018-03-21 21:00:00,4,2,2
2018-03-21 22:00:00,2,2,0
2018-03-21 23:00:00,2,2,0
2018-03-22 00:00:00,0,0,0
2018-03-22 01:00:00,0,0,0
2018-03-22 02:00:00,0,0,0
2018-03-22 03:00:00,0,0,0
2018-03-22 04:00:00,4,3,1
2018-03-22 05:00:00,3,1,2
2018-03-22 06:00:00,17,4,13
2018-03-22 07:00:00,30,6,24
2018-03-22 08:00:00,33,6,27
2018-03-22 09:00:00,24,11,13
2018-03-22 10:00:00,5,2,3
2018-03-22 11:00:00,7,1,6
2018-03-22 12:00:00,4,3,1
2018-03-22 13:00:00,7,3,4
2018-03-22 14:00:00,18,11,7
2018-03-22 15:00:00,14,8,6
2018-03-22 16:00:00,27,18,9
2018-03-22 17:00:00,47,38,9
2018-03-22 18:00:00,52,33,19
2018-03-22 19:00:00,17,13,4
2018-03-22 20:00:00,5,4,1
2018-03-22 21:00:00,3,3,0
2018-03-22 22:00:00,0,0,0
2018-03-22 23:00:00,2,2,0
2018-03-23 00:00:00,0,0,0
2018-03-23 01:00:00,0,0,0
2018-03-23 02:00:00,0,0,0
2018-03-23 03:00:00,0,0,0
2018-03-23 04:00:00,1,1,0
2018-03-23 05:00:00,5,1,4
2018-03-23 06:00:00,14,2,12
2018-03-23 07:00:00,32,6,26
2018-03-23 08:00:00,30,9,21
2018-03-23 09:00:00,25,8,17
2018-03-23 10:00:00,7,3,4
2018-03-23 11:00:00,2,1,1
2018-03-23 12:00:00,10,4,6
2018-03-23 13:00:00,13,8,5
2018-03-23 14:00:00,32,19,13
2018-03-23 15:00:00,26,14,12
2018-03-23 16:00:00,24,15,9
2018-03-23 17:00:00,56,44,12
2018-03-23 18:00:00,35,22,13
2018-03-23 19:00:00,14,11,3
2018-03-23 20:00:00,3,2,1
2018-03-23 21:00:00,3,3,0
2018-03-23 22:00:00,1,1,0
2018-03-23 23:00:00,3,3,0
2018-03-24 00:00:00,2,2,0
2018-03-24 01:00:00,0,0,0
2018-03-24 02:00:00,0,0,0
2018-03-24 03:00:00,0,0,0
2018-03-24 04:00:00,1,1,0
2018-03-24 05:00:00,0,0,0
2018-03-24 06:00:00,3,2,1
2018-03-24 07:00:00,3,3,0
2018-03-24 08:00:00,11,8,3
2018-03-24 09:00:00,23,15,8
2018-03-24 10:00:00,82,61,21
2018-03-24 11:00:00,74,26,48
2018-03-24 12:00:00,84,49,35
2018-03-24 13:00:00,89,37,52
2018-03-24 14:00:00,93,44,49
2018-03-24 15:00:00,88,42,46
2018-03-24 16:00:00,91,46,45
2018-03-24 17:00:00,66,33,33
2018-03-24 18:00:00,41,16,25
2018-03-24 19:00:00,20,5,15
2018-03-24 20:00:00,4,1,3
2018-03-24 21:00:00,1,0,1
2018-03-24 22:00:00,3,2,1
2018-03-24 23:00:00,3,2,1
2018-03-25 00:00:00,2,2,0
2018-03-25 01:00:00,1,1,0
2018-03-25 02:00:00,0,0,0
2018-03-25 03:00:00,0,0,0
2018-03-25 04:00:00,0,0,0
2018-03-25 05:00:00,1,0,1
2018-03-25 06:00:00,2,1,1
2018-03-25 07:00:00,9,4,5
2018-03-25 08:00:00,29,20,9
2018-03-25 09:00:00,55,35,20
2018-03-25 10:00:00,90,52,38
2018-03-25 11:00:00,115,58,57
2018-03-25 12:00:00,165,102,63
2018-03-25 13:00:00,166,92,74
2018-03-25 14:00:00,179,83,96
2018-03-25 15:00:00,172,80,92
2018-03-25 16:00:00,156,78,78
2018-03-25 17:00:00,98,52,46
2018-03-25 18:00:00,51,18,33
2018-03-25 19:00:00,20,9,11
2018-03-25 20:00:00,3,0,3
2018-03-25 21:00:00,1,1,0
2018-03-25 22:00:00,1,0,1
2018-03-25 23:00:00,2,1,1
2018-03-26 00:00:00,2,0,2
2018-03-26 01:00:00,0,0,0
2018-03-26 02:00:00,0,0,0
2018-03-26 03:00:00,0,0,0
2018-03-26 04:00:00,2,1,1
2018-03-26 05:00:00,4,0,4
2018-03-26 06:00:00,18,2,16
2018-03-26 07:00:00,30,6,24
2018-03-26 08:00:00,58,11,47
2018-03-26 09:00:00,40,15,25
2018-03-26 10:00:00,20,3,17
2018-03-26 11:00:00,9,7,2
2018-03-26 12:00:00,17,7,10
2018-03-26 13:00:00,6,3,3
2018-03-26 14:00:00,10,7,3
2018-03-26 15:00:00,28,15,13
2018-03-26 16:00:00,24,18,6
2018-03-26 17:00:00,57,50,7
2018-03-26 18:00:00,48,44,4
2018-03-26 19:00:00,20,16,4
2018-03-26 20:00:00,4,3,1
2018-03-26 21:00:00,1,0,1
2018-03-26 22:00:00,0,0,0
2018-03-26 23:00:00,1,1,0
2018-03-27 00:00:00,1,1,0
2018-03-27 01:00:00,2,2,0
2018-03-27 02:00:00,0,0,0
2018-03-27 03:00:00,0,0,0
2018-03-27 04:00:00,3,0,3
2018-03-27 05:00:00,7,3,4
2018-03-27 06:00:00,16,4,12
2018-03-27 07:00:00,42,11,31
2018-03-27 08:00:00,52,14,38
2018-03-27 09:00:00,35,12,23
2018-03-27 10:00:00,12,4,8
2018-03-27 11:00:00,7,3,4
2018-03-27 12:00:00,12,4,8
2018-03-27 13:00:00,14,9,5
2018-03-27 14:00:00,19,12,7
2018-03-27 15:00:00,34,18,16
2018-03-27 16:00:00,30,19,11
2018-03-27 17:00:00,83,61,22
2018-03-27 18:00:00,59,43,16
2018-03-27 19:00:00,34,21,13
2018-03-27 20:00:00,14,11,3
2018-03-27 21:00:00,3,1,2
2018-03-27 22:00:00,1,1,0
2018-03-27 23:00:00,1,1,0
2018-03-28 00:00:00,0,0,0
2018-03-28 01:00:00,1,1,0
2018-03-28 02:00:00,1,1,0
2018-03-28 03:00:00,0,0,0
2018-03-28 04:00:00,3,2,1
2018-03-28 05:00:00,6,0,6
2018-03-28 06:00:00,25,4,21
2018-03-28 07:00:00,59,11,48
2018-03-28 08:00:00,78,20,58
2018-03-28 09:00:00,43,17,26
2018-03-28 10:00:00,45,22,23
2018-03-28 11:00:00,26,20,6
2018-03-28 12:00:00,21,9,12
2018-03-28 13:00:00,40,27,13
2018-03-28 14:00:00,42,26,16
2018-03-28 15:00:00,56,29,27
2018-03-28 16:00:00,64,43,21
2018-03-28 17:00:00,113,88,25
2018-03-28 18:00:00,87,62,25
2018-03-28 19:00:00,31,20,11
2018-03-28 20:00:00,12,9,3
2018-03-28 21:00:00,4,2,2
2018-03-28 22:00:00,1,0,1
2018-03-28 23:00:00,1,1,0
2018-03-29 00:00:00,0,0,0
2018-03-29 01:00:00,1,1,0
2018-03-29 02:00:00,1,0,1
2018-03-29 03:00:00,0,0,0
2018-03-29 04:00:00,1,0,1
2018-03-29 05:00:00,6,1,5
2018-03-29 06:00:00,28,4,24
2018-03-29 07:00:00,58,14,44
2018-03-29 08:00:00,71,14,57
2018-03-29 09:00:00,47,17,30
2018-03-29 10:00:00,48,25,23
2018-03-29 11:00:00,28,14,14
2018-03-29 12:00:00,43,21,22
2018-03-29 13:00:00,45,32,13
2018-03-29 14:00:00,58,37,21
2018-03-29 15:00:00,61,32,29
2018-03-29 16:00:00,74,48,26
2018-03-29 17:00:00,107,81,26
2018-03-29 18:00:00,90,61,29
2018-03-29 19:00:00,43,31,12
2018-03-29 20:00:00,9,5,4
2018-03-29 21:00:00,8,5,3
2018-03-29 22:00:00,1,1,0
2018-03-29 23:00:00,1,1,0
2018-03-30 00:00:00,1,0,1
2018-03-30 01:00:00,1,1,0
2018-03-30 02:00:00,1,1,0
2018-03-30 03:00:00,0,0,0
2018-03-30 04:00:00,1,0,1
2018-03-30 05:00:00,8,2,6
2018-03-30 06:00:00,18,5,13
2018-03-30 07:00:00,49,15,34
2018-03-30 08:00:00,61,9,52
2018-03-30 09:00:00,48,21,27
2018-03-30 10:00:00,34,20,14
2018-03-30 11:00:00,41,13,28
2018-03-30 12:00:00,34,12,22
2018-03-30 13:00:00,52,26,26
2018-03-30 14:00:00,100,78,22
2018-03-30 15:00:00,53,36,17
2018-03-30 16:00:00,78,53,25
2018-03-30 17:00:00,74,46,28
2018-03-30 18:00:00,57,37,20
2018-03-30 19:00:00,37,27,10
2018-03-30 20:00:00,16,11,5
2018-03-30 21:00:00,5,2,3
2018-03-30 22:00:00,2,0,2
2018-03-30 23:00:00,2,2,0
2018-03-31 00:00:00,0,0,0
2018-03-31 01:00:00,0,0,0
2018-03-31 02:00:00,1,1,0
2018-03-31 03:00:00,0,0,0
2018-03-31 04:00:00,1,1,0
2018-03-31 05:00:00,3,0,3
2018-03-31 06:00:00,12,3,9
2018-03-31 07:00:00,35,22,13
2018-03-31 08:00:00,46,29,17
2018-03-31 09:00:00,97,60,37
2018-03-31 10:00:00,96,51,45
2018-03-31 11:00:00,158,94,64
2018-03-31 12:00:00,199,114,85
2018-03-31 13:00:00,171,88,83
2018-03-31 14:00:00,243,136,107
2018-03-31 15:00:00,210,102,108
2018-03-31 16:00:00,165,82,83
2018-03-31 17:00:00,174,76,98
2018-03-31 18:00:00,102,40,62
2018-03-31 19:00:00,58,34,24
2018-03-31 20:00:00,37,9,28
2018-03-31 21:00:00,17,4,13
2018-03-31 22:00:00,16,4,12
2018-03-31 23:00:00,6,2,4
2018-04-01 00:00:00,3,0,3
2018-04-01 01:00:00,2,0,2
2018-04-01 02:00:00,0,0,0
2018-04-01 03:00:00,0,0,0
2018-04-01 04:00:00,0,0,0
2018-04-01 05:00:00,3,1,2
2018-04-01 06:00:00,5,2,3
2018-04-01 07:00:00,10,7,3
2018-04-01 08:00:00,24,17,7
2018-04-01 09:00:00,10,3,7
2018-04-01 10:00:00,21,10,11
2018-04-01 11:00:00,27,20,7
2018-04-01 12:00:00,26,14,12
2018-04-01 13:00:00,29,14,15
2018-04-01 14:00:00,27,13,14
2018-04-01 15:00:00,20,7,13
2018-04-01 16:00:00,20,15,5
2018-04-01 17:00:00,11,7,4
2018-04-01 18:00:00,12,3,9
2018-04-01 19:00:00,8,3,5
2018-04-01 20:00:00,3,3,0
2018-04-01 21:00:00,0,0,0
2018-04-01 22:00:00,1,1,0
2018-04-01 23:00:00,0,0,0
2018-04-02 00:00:00,0,0,0
2018-04-02 01:00:00,0,0,0
2018-04-02 02:00:00,0,0,0
2018-04-02 03:00:00,0,0,0
2018-04-02 04:00:00,2,1,1
2018-04-02 05:00:00,9,0,9
2018-04-02 06:00:00,26,4,22
2018-04-02 07:00:00,54,9,45
2018-04-02 08:00:00,80,14,66
2018-04-02 09:00:00,59,28,31
2018-04-02 10:00:00,36,14,22
2018-04-02 11:00:00,54,25,29
2018-04-02 12:00:00,54,28,26
2018-04-02 13:00:00,54,28,26
2018-04-02 14:00:00,45,28,17
2018-04-02 15:00:00,75,51,24
2018-04-02 16:00:00,93,53,40
2018-04-02 17:00:00,120,82,38
2018-04-02 18:00:00,85,57,28
2018-04-02 19:00:00,47,27,20
2018-04-02 20:00:00,21,16,5
2018-04-02 21:00:00,4,3,1
2018-04-02 22:00:00,3,3,0
2018-04-02 23:00:00,1,1,0
2018-04-03 00:00:00,1,1,0
2018-04-03 01:00:00,0,0,0
2018-04-03 02:00:00,0,0,0
2018-04-03 03:00:00,0,0,0
2018-04-03 04:00:00,2,0,2
2018-04-03 05:00:00,7,1,6
2018-04-03 06:00:00,38,8,30
2018-04-03 07:00:00,64,16,48
2018-04-03 08:00:00,81,15,66
2018-04-03 09:00:00,53,22,31
2018-04-03 10:00:00,34,11,23
2018-04-03 11:00:00,41,18,23
2018-04-03 12:00:00,32,16,16
2018-04-03 13:00:00,35,22,13
2018-04-03 14:00:00,43,24,19
2018-04-03 15:00:00,48,34,14
2018-04-03 16:00:00,71,46,25
2018-04-03 17:00:00,129,97,32
2018-04-03 18:00:00,108,77,31
2018-04-03 19:00:00,43,24,19
2018-04-03 20:00:00,21,12,9
2018-04-03 21:00:00,10,8,2
2018-04-03 22:00:00,2,1,1
2018-04-03 23:00:00,2,2,0
2018-04-04 00:00:00,2,1,1
2018-04-04 01:00:00,0,0,0
2018-04-04 02:00:00,1,0,1
2018-04-04 03:00:00,0,0,0
2018-04-04 04:00:00,1,0,1
2018-04-04 05:00:00,6,1,5
2018-04-04 06:00:00,15,1,14
2018-04-04 07:00:00,41,10,31
2018-04-04 08:00:00,65,11,54
2018-04-04 09:00:00,31,11,20
2018-04-04 10:00:00,16,6,10
2018-04-04 11:00:00,17,7,10
2018-04-04 12:00:00,8,2,6
2018-04-04 13:00:00,5,2,3
2018-04-04 14:00:00,11,8,3
2018-04-04 15:00:00,10,8,2
2018-04-04 16:00:00,34,27,7
2018-04-04 17:00:00,67,54,13
2018-04-04 18:00:00,53,39,14
2018-04-04 19:00:00,18,15,3
2018-04-04 20:00:00,9,5,4
2018-04-04 21:00:00,5,4,1
2018-04-04 22:00:00,4,1,3
2018-04-04 23:00:00,2,1,1
2018-04-05 00:00:00,1,1,0
2018-04-05 01:00:00,0,0,0
2018-04-05 02:00:00,1,1,0
2018-04-05 03:00:00,1,0,1
2018-04-05 04:00:00,2,1,1
2018-04-05 05:00:00,4,1,3
2018-04-05 06:00:00,15,0,15
2018-04-05 07:00:00,38,7,31
2018-04-05 08:00:00,41,5,36
2018-04-05 09:00:00,26,11,15
2018-04-05 10:00:00,17,7,10
2018-04-05 11:00:00,11,3,8
2018-04-05 12:00:00,13,8,5
2018-04-05 13:00:00,3,3,0
2018-04-05 14:00:00,13,10,3
2018-04-05 15:00:00,17,11,6
2018-04-05 16:00:00,27,21,6
2018-04-05 17:00:00,53,39,14
2018-04-05 18:00:00,42,30,12
2018-04-05 19:00:00,14,13,1
2018-04-05 20:00:00,5,5,0
2018-04-05 21:00:00,3,2,1
2018-04-05 22:00:00,2,2,0
2018-04-05 23:00:00,0,0,0
2018-04-06 00:00:00,0,0,0
2018-04-06 01:00:00,0,0,0
2018-04-06 02:00:00,0,0,0
2018-04-06 03:00:00,0,0,0
2018-04-06 04:00:00,0,0,0
2018-04-06 05:00:00,7,2,5
2018-04-06 06:00:00,20,2,18
2018-04-06 07:00:00,57,18,39
2018-04-06 08:00:00,54,8,46
2018-04-06 09:00:00,48,23,25
2018-04-06 10:00:00,26,16,10
2018-04-06 11:00:00,27,13,14
2018-04-06 12:00:00,19,9,10
2018-04-06 13:00:00,50,31,19
2018-04-06 14:00:00,48,35,13
2018-04-06 15:00:00,100,57,43
2018-04-06 16:00:00,122,61,61
2018-04-06 17:00:00,173,105,68
2018-04-06 18:00:00,143,85,58
2018-04-06 19:00:00,57,33,24
2018-04-06 20:00:00,20,9,11
2018-04-06 21:00:00,12,8,4
2018-04-06 22:00:00,2,1,1
2018-04-06 23:00:00,5,4,1
2018-04-07 00:00:00,3,1,2
2018-04-07 01:00:00,0,0,0
2018-04-07 02:00:00,0,0,0
2018-04-07 03:00:00,0,0,0
2018-04-07 04:00:00,2,2,0
2018-04-07 05:00:00,1,0,1
2018-04-07 06:00:00,5,4,1
2018-04-07 07:00:00,4,3,1
2018-04-07 08:00:00,14,10,4
2018-04-07 09:00:00,16,9,7
2018-04-07 10:00:00,24,16,8
2018-04-07 11:00:00,88,73,15
2018-04-07 12:00:00,43,28,15
2018-04-07 13:00:00,87,19,68
2018-04-07 14:00:00,25,9,16
2018-04-07 15:00:00,18,8,10
2018-04-07 16:00:00,24,13,11
2018-04-07 17:00:00,7,2,5
2018-04-07 18:00:00,3,2,1
2018-04-07 19:00:00,10,7,3
2018-04-07 20:00:00,7,2,5
2018-04-07 21:00:00,1,0,1
2018-04-07 22:00:00,0,0,0
2018-04-07 23:00:00,1,1,0
2018-04-08 00:00:00,2,1,1
2018-04-08 01:00:00,1,1,0
2018-04-08 02:00:00,0,0,0
2018-04-08 03:00:00,0,0,0
2018-04-08 04:00:00,3,1,2
2018-04-08 05:00:00,1,0,1
2018-04-08 06:00:00,3,1,2
2018-04-08 07:00:00,12,4,8
2018-04-08 08:00:00,13,8,5
2018-04-08 09:00:00,21,10,11
2018-04-08 10:00:00,28,18,10
2018-04-08 11:00:00,35,22,13
2018-04-08 12:00:00,19,10,9
2018-04-08 13:00:00,39,21,18
2018-04-08 14:00:00,48,25,23
2018-04-08 15:00:00,74,39,35
2018-04-08 16:00:00,42,18,24
2018-04-08 17:00:00,35,16,19
2018-04-08 18:00:00,32,17,15
2018-04-08 19:00:00,18,5,13
2018-04-08 20:00:00,2,2,0
2018-04-08 21:00:00,0,0,0
2018-04-08 22:00:00,1,1,0
2018-04-08 23:00:00,0,0,0
2018-04-09 00:00:00,2,2,0
2018-04-09 01:00:00,4,3,1
2018-04-09 02:00:00,0,0,0
2018-04-09 03:00:00,0,0,0
2018-04-09 04:00:00,2,1,1
2018-04-09 05:00:00,9,1,8
2018-04-09 06:00:00,41,6,35
2018-04-09 07:00:00,82,18,64
2018-04-09 08:00:00,103,26,77
2018-04-09 09:00:00,67,26,41
2018-04-09 10:00:00,58,30,28
2018-04-09 11:00:00,80,50,30
2018-04-09 12:00:00,84,34,50
2018-04-09 13:00:00,104,47,57
2018-04-09 14:00:00,95,61,34
2018-04-09 15:00:00,144,86,58
2018-04-09 16:00:00,179,105,74
2018-04-09 17:00:00,219,138,81
2018-04-09 18:00:00,179,120,59
2018-04-09 19:00:00,106,52,54
2018-04-09 20:00:00,32,20,12
2018-04-09 21:00:00,10,0,10
2018-04-09 22:00:00,3,3,0
2018-04-09 23:00:00,3,3,0
2018-04-10 00:00:00,2,2,0
2018-04-10 01:00:00,0,0,0
2018-04-10 02:00:00,0,0,0
2018-04-10 03:00:00,0,0,0
2018-04-10 04:00:00,2,1,1
2018-04-10 05:00:00,7,2,5
2018-04-10 06:00:00,18,3,15
2018-04-10 07:00:00,38,9,29
2018-04-10 08:00:00,39,7,32
2018-04-10 09:00:00,29,10,19
2018-04-10 10:00:00,6,1,5
2018-04-10 11:00:00,8,3,5
2018-04-10 12:00:00,9,3,6
2018-04-10 13:00:00,19,9,10
2018-04-10 14:00:00,32,21,11
2018-04-10 15:00:00,48,30,18
2018-04-10 16:00:00,67,42,25
2018-04-10 17:00:00,95,61,34
2018-04-10 18:00:00,106,69,37
2018-04-10 19:00:00,43,28,15
2018-04-10 20:00:00,23,11,12
2018-04-10 21:00:00,4,3,1
2018-04-10 22:00:00,3,3,0
2018-04-10 23:00:00,1,1,0
2018-04-11 00:00:00,0,0,0
2018-04-11 01:00:00,0,0,0
2018-04-11 02:00:00,1,1,0
2018-04-11 03:00:00,0,0,0
2018-04-11 04:00:00,1,0,1
2018-04-11 05:00:00,5,1,4
2018-04-11 06:00:00,20,3,17
2018-04-11 07:00:00,49,13,36
2018-04-11 08:00:00,72,10,62
2018-04-11 09:00:00,62,32,30
2018-04-11 10:00:00,44,18,26
2018-04-11 11:00:00,19,6,13
2018-04-11 12:00:00,15,8,7
2018-04-11 13:00:00,7,4,3
2018-04-11 14:00:00,13,9,4
2018-04-11 15:00:00,12,9,3
2018-04-11 16:00:00,37,27,10
2018-04-11 17:00:00,75,59,16
2018-04-11 18:00:00,52,46,6
2018-04-11 19:00:00,25,17,8
2018-04-11 20:00:00,6,3,3
2018-04-11 21:00:00,5,1,4
2018-04-11 22:00:00,1,1,0
2018-04-11 23:00:00,1,1,0
2018-04-12 00:00:00,0,0,0
2018-04-12 01:00:00,1,1,0
2018-04-12 02:00:00,0,0,0
2018-04-12 03:00:00,0,0,0
2018-04-12 04:00:00,1,0,1
2018-04-12 05:00:00,1,0,1
2018-04-12 06:00:00,18,3,15
2018-04-12 07:00:00,44,9,35
2018-04-12 08:00:00,60,15,45
2018-04-12 09:00:00,45,20,25
2018-04-12 10:00:00,14,4,10
2018-04-12 11:00:00,17,3,14
2018-04-12 12:00:00,14,4,10
2018-04-12 13:00:00,11,9,2
2018-04-12 14:00:00,12,9,3
2018-04-12 15:00:00,27,16,11
2018-04-12 16:00:00,27,20,7
2018-04-12 17:00:00,80,61,19
2018-04-12 18:00:00,87,59,28
2018-04-12 19:00:00,41,21,20
2018-04-12 20:00:00,8,5,3
2018-04-12 21:00:00,3,2,1
2018-04-12 22:00:00,1,1,0
2018-04-12 23:00:00,4,2,2
2018-04-13 00:00:00,0,0,0
2018-04-13 01:00:00,0,0,0
2018-04-13 02:00:00,1,1,0
2018-04-13 03:00:00,0,0,0
2018-04-13 04:00:00,0,0,0
2018-04-13 05:00:00,6,2,4
2018-04-13 06:00:00,15,2,13
2018-04-13 07:00:00,31,7,24
2018-04-13 08:00:00,44,8,36
2018-04-13 09:00:00,28,17,11
2018-04-13 10:00:00,20,12,8
2018-04-13 11:00:00,15,5,10
2018-04-13 12:00:00,7,3,4
2018-04-13 13:00:00,12,5,7
2018-04-13 14:00:00,17,8,9
2018-04-13 15:00:00,18,13,5
2018-04-13 16:00:00,30,20,10
2018-04-13 17:00:00,35,33,2
2018-04-13 18:00:00,34,26,8
2018-04-13 19:00:00,10,7,3
2018-04-13 20:00:00,6,4,2
2018-04-13 21:00:00,2,1,1
2018-04-13 22:00:00,0,0,0
2018-04-13 23:00:00,0,0,0
2018-04-14 00:00:00,0,0,0
2018-04-14 01:00:00,0,0,0
2018-04-14 02:00:00,0,0,0
2018-04-14 03:00:00,0,0,0
2018-04-14 04:00:00,1,1,0
2018-04-14 05:00:00,1,1,0
2018-04-14 06:00:00,4,2,2
2018-04-14 07:00:00,12,12,0
2018-04-14 08:00:00,18,9,9
2018-04-14 09:00:00,21,13,8
2018-04-14 10:00:00,27,19,8
2018-04-14 11:00:00,49,22,27
2018-04-14 12:00:00,31,15,16
2018-04-14 13:00:00,36,16,20
2018-04-14 14:00:00,22,10,12
2018-04-14 15:00:00,27,15,12
2018-04-14 16:00:00,16,6,10
2018-04-14 17:00:00,7,4,3
2018-04-14 18:00:00,8,3,5
2018-04-14 19:00:00,3,1,2
2018-04-14 20:00:00,3,2,1
2018-04-14 21:00:00,0,0,0
2018-04-14 22:00:00,0,0,0
2018-04-14 23:00:00,0,0,0
2018-04-15 00:00:00,0,0,0
2018-04-15 01:00:00,0,0,0
2018-04-15 02:00:00,0,0,0
2018-04-15 03:00:00,0,0,0
2018-04-15 04:00:00,0,0,0
2018-04-15 05:00:00,0,0,0
2018-04-15 06:00:00,3,2,1
2018-04-15 07:00:00,14,13,1
2018-04-15 08:00:00,26,20,6
2018-04-15 09:00:00,57,39,18
2018-04-15 10:00:00,102,65,37
2018-04-15 11:00:00,128,67,61
2018-04-15 12:00:00,123,58,65
2018-04-15 13:00:00,121,60,61
2018-04-15 14:00:00,120,47,73
2018-04-15 15:00:00,77,39,38
2018-04-15 16:00:00,61,32,29
2018-04-15 17:00:00,45,15,30
2018-04-15 18:00:00,19,10,9
2018-04-15 19:00:00,2,1,1
2018-04-15 20:00:00,6,2,4
2018-04-15 21:00:00,2,1,1
2018-04-15 22:00:00,3,1,2
2018-04-15 23:00:00,1,1,0
2018-04-16 00:00:00,0,0,0
2018-04-16 01:00:00,1,1,0
2018-04-16 02:00:00,0,0,0
2018-04-16 03:00:00,0,0,0
2018-04-16 04:00:00,1,1,0
2018-04-16 05:00:00,3,0,3
2018-04-16 06:00:00,18,6,12
2018-04-16 07:00:00,36,3,33
2018-04-16 08:00:00,48,8,40
2018-04-16 09:00:00,32,13,19
2018-04-16 10:00:00,15,8,7
2018-04-16 11:00:00,5,1,4
2018-04-16 12:00:00,7,1,6
2018-04-16 13:00:00,7,5,2
2018-04-16 14:00:00,12,7,5
2018-04-16 15:00:00,17,11,6
2018-04-16 16:00:00,20,15,5
2018-04-16 17:00:00,45,38,7
2018-04-16 18:00:00,58,47,11
2018-04-16 19:00:00,20,18,2
2018-04-16 20:00:00,3,1,2
2018-04-16 21:00:00,3,3,0
2018-04-16 22:00:00,1,1,0
2018-04-16 23:00:00,2,2,0
2018-04-17 00:00:00,0,0,0
2018-04-17 01:00:00,0,0,0
2018-04-17 02:00:00,0,0,0
2018-04-17 03:00:00,0,0,0
2018-04-17 04:00:00,0,0,0
2018-04-17 05:00:00,7,3,4
2018-04-17 06:00:00,23,4,19
2018-04-17 07:00:00,51,12,39
2018-04-17 08:00:00,85,22,63
2018-04-17 09:00:00,56,29,27
2018-04-17 10:00:00,37,16,21
2018-04-17 11:00:00,32,15,17
2018-04-17 12:00:00,47,27,20
2018-04-17 13:00:00,34,14,20
2018-04-17 14:00:00,33,20,13
2018-04-17 15:00:00,54,29,25
2018-04-17 16:00:00,57,41,16
2018-04-17 17:00:00,81,57,24
2018-04-17 18:00:00,92,65,27
2018-04-17 19:00:00,45,23,22
2018-04-17 20:00:00,17,12,5
2018-04-17 21:00:00,4,2,2
2018-04-17 22:00:00,6,3,3
2018-04-17 23:00:00,0,0,0
2018-04-18 00:00:00,1,1,0
2018-04-18 01:00:00,0,0,0
2018-04-18 02:00:00,1,1,0
2018-04-18 03:00:00,0,0,0
2018-04-18 04:00:00,3,0,3
2018-04-18 05:00:00,8,0,8
2018-04-18 06:00:00,31,5,26
2018-04-18 07:00:00,63,22,41
2018-04-18 08:00:00,85,20,65
2018-04-18 09:00:00,58,26,32
2018-04-18 10:00:00,43,24,19
2018-04-18 11:00:00,39,19,20
2018-04-18 12:00:00,37,17,20
2018-04-18 13:00:00,50,26,24
2018-04-18 14:00:00,53,28,25
2018-04-18 15:00:00,54,27,27
2018-04-18 16:00:00,80,53,27
2018-04-18 17:00:00,142,102,40
2018-04-18 18:00:00,125,89,36
2018-04-18 19:00:00,72,43,29
2018-04-18 20:00:00,23,12,11
2018-04-18 21:00:00,4,2,2
2018-04-18 22:00:00,6,4,2
2018-04-18 23:00:00,2,2,0
2018-04-19 00:00:00,1,0,1
2018-04-19 01:00:00,0,0,0
2018-04-19 02:00:00,0,0,0
2018-04-19 03:00:00,0,0,0
2018-04-19 04:00:00,4,2,2
2018-04-19 05:00:00,3,1,2
2018-04-19 06:00:00,41,8,33
2018-04-19 07:00:00,84,22,62
2018-04-19 08:00:00,96,20,76
2018-04-19 09:00:00,69,35,34
2018-04-19 10:00:00,47,21,26
2018-04-19 11:00:00,61,27,34
2018-04-19 12:00:00,75,48,27
2018-04-19 13:00:00,71,33,38
2018-04-19 14:00:00,87,53,34
2018-04-19 15:00:00,96,52,44
2018-04-19 16:00:00,127,83,44
2018-04-19 17:00:00,175,116,59
2018-04-19 18:00:00,138,87,51
2018-04-19 19:00:00,86,42,44
2018-04-19 20:00:00,30,18,12
2018-04-19 21:00:00,13,7,6
2018-04-19 22:00:00,3,3,0
2018-04-19 23:00:00,1,1,0
2018-04-20 00:00:00,0,0,0
2018-04-20 01:00:00,0,0,0
2018-04-20 02:00:00,0,0,0
2018-04-20 03:00:00,0,0,0
2018-04-20 04:00:00,1,0,1
2018-04-20 05:00:00,6,2,4
2018-04-20 06:00:00,32,4,28
2018-04-20 07:00:00,72,15,57
2018-04-20 08:00:00,66,12,54
2018-04-20 09:00:00,69,28,41
2018-04-20 10:00:00,47,25,22
2018-04-20 11:00:00,50,24,26
2018-04-20 12:00:00,48,28,20
2018-04-20 13:00:00,81,48,33
2018-04-20 14:00:00,83,52,31
2018-04-20 15:00:00,91,52,39
2018-04-20 16:00:00,92,65,27
2018-04-20 17:00:00,113,80,33
2018-04-20 18:00:00,84,55,29
2018-04-20 19:00:00,26,16,10
2018-04-20 20:00:00,14,10,4
2018-04-20 21:00:00,4,1,3
2018-04-20 22:00:00,7,4,3
2018-04-20 23:00:00,1,0,1
2018-04-21 00:00:00,0,0,0
2018-04-21 01:00:00,0,0,0
2018-04-21 02:00:00,0,0,0
2018-04-21 03:00:00,0,0,0
2018-04-21 04:00:00,1,1,0
2018-04-21 05:00:00,3,2,1
2018-04-21 06:00:00,12,7,5
2018-04-21 07:00:00,28,17,11
2018-04-21 08:00:00,82,58,24
2018-04-21 09:00:00,90,52,38
2018-04-21 10:00:00,121,82,39
2018-04-21 11:00:00,162,82,80
2018-04-21 12:00:00,167,101,66
2018-04-21 13:00:00,138,65,73
2018-04-21 14:00:00,155,68,87
2018-04-21 15:00:00,98,53,45
2018-04-21 16:00:00,67,24,43
2018-04-21 17:00:00,62,29,33
2018-04-21 18:00:00,55,31,24
2018-04-21 19:00:00,34,9,25
2018-04-21 20:00:00,5,4,1
2018-04-21 21:00:00,6,3,3
2018-04-21 22:00:00,5,4,1
2018-04-21 23:00:00,1,1,0
2018-04-22 00:00:00,1,1,0
2018-04-22 01:00:00,0,0,0
2018-04-22 02:00:00,1,1,0
2018-04-22 03:00:00,0,0,0
2018-04-22 04:00:00,0,0,0
2018-04-22 05:00:00,2,1,1
2018-04-22 06:00:00,11,5,6
2018-04-22 07:00:00,36,29,7
2018-04-22 08:00:00,79,43,36
2018-04-22 09:00:00,90,58,32
2018-04-22 10:00:00,147,76,71
2018-04-22 11:00:00,168,102,66
2018-04-22 12:00:00,212,117,95
2018-04-22 13:00:00,207,105,102
2018-04-22 14:00:00,235,118,117
2018-04-22 15:00:00,226,110,116
2018-04-22 16:00:00,211,97,114
2018-04-22 17:00:00,168,83,85
2018-04-22 18:00:00,91,41,50
2018-04-22 19:00:00,34,12,22
2018-04-22 20:00:00,22,9,13
2018-04-22 21:00:00,2,0,2
2018-04-22 22:00:00,1,0,1
2018-04-22 23:00:00,0,0,0
2018-04-23 00:00:00,1,1,0
2018-04-23 01:00:00,0,0,0
2018-04-23 02:00:00,0,0,0
2018-04-23 03:00:00,0,0,0
2018-04-23 04:00:00,1,0,1
2018-04-23 05:00:00,6,0,6
2018-04-23 06:00:00,40,8,32
2018-04-23 07:00:00,79,17,62
2018-04-23 08:00:00,115,20,95
2018-04-23 09:00:00,76,25,51
2018-04-23 10:00:00,64,33,31
2018-04-23 11:00:00,75,29,46
2018-04-23 12:00:00,96,59,37
2018-04-23 13:00:00,85,43,42
2018-04-23 14:00:00,83,38,45
2018-04-23 15:00:00,105,69,36
2018-04-23 16:00:00,130,81,49
2018-04-23 17:00:00,199,144,55
2018-04-23 18:00:00,167,109,58
2018-04-23 19:00:00,102,58,44
2018-04-23 20:00:00,31,18,13
2018-04-23 21:00:00,6,4,2
2018-04-23 22:00:00,5,3,2
2018-04-23 23:00:00,0,0,0
2018-04-24 00:00:00,1,1,0
2018-04-24 01:00:00,1,0,1
2018-04-24 02:00:00,1,1,0
2018-04-24 03:00:00,0,0,0
2018-04-24 04:00:00,1,0,1
2018-04-24 05:00:00,12,5,7
2018-04-24 06:00:00,56,12,44
2018-04-24 07:00:00,116,24,92
2018-04-24 08:00:00,99,25,74
2018-04-24 09:00:00,87,32,55
2018-04-24 10:00:00,59,30,29
2018-04-24 11:00:00,61,33,28
2018-04-24 12:00:00,60,26,34
2018-04-24 13:00:00,76,47,29
2018-04-24 14:00:00,79,49,30
2018-04-24 15:00:00,104,52,52
2018-04-24 16:00:00,144,89,55
2018-04-24 17:00:00,232,168,64
2018-04-24 18:00:00,171,117,54
2018-04-24 19:00:00,102,61,41
2018-04-24 20:00:00,21,14,7
2018-04-24 21:00:00,11,8,3
2018-04-24 22:00:00,12,7,5
2018-04-24 23:00:00,1,1,0
2018-04-25 00:00:00,1,1,0
2018-04-25 01:00:00,0,0,0
2018-04-25 02:00:00,1,1,0
2018-04-25 03:00:00,0,0,0
2018-04-25 04:00:00,1,0,1
2018-04-25 05:00:00,7,4,3
2018-04-25 06:00:00,44,10,34
2018-04-25 07:00:00,110,27,83
2018-04-25 08:00:00,103,20,83
2018-04-25 09:00:00,71,29,42
2018-04-25 10:00:00,83,38,45
2018-04-25 11:00:00,54,28,26
2018-04-25 12:00:00,74,43,31
2018-04-25 13:00:00,95,38,57
2018-04-25 14:00:00,97,49,48
2018-04-25 15:00:00,105,56,49
2018-04-25 16:00:00,139,94,45
2018-04-25 17:00:00,229,157,72
2018-04-25 18:00:00,207,148,59
2018-04-25 19:00:00,127,67,60
2018-04-25 20:00:00,47,23,24
2018-04-25 21:00:00,11,5,6
2018-04-25 22:00:00,8,5,3
2018-04-25 23:00:00,0,0,0
2018-04-26 00:00:00,2,2,0
2018-04-26 01:00:00,0,0,0
2018-04-26 02:00:00,0,0,0
2018-04-26 03:00:00,0,0,0
2018-04-26 04:00:00,2,1,1
2018-04-26 05:00:00,10,3,7
2018-04-26 06:00:00,53,13,40
2018-04-26 07:00:00,121,28,93
2018-04-26 08:00:00,122,30,92
2018-04-26 09:00:00,83,27,56
2018-04-26 10:00:00,71,42,29
2018-04-26 11:00:00,87,40,47
2018-04-26 12:00:00,126,57,69
2018-04-26 13:00:00,136,83,53
2018-04-26 14:00:00,107,62,45
2018-04-26 15:00:00,104,56,48
2018-04-26 16:00:00,197,129,68
2018-04-26 17:00:00,241,166,75
2018-04-26 18:00:00,218,121,97
2018-04-26 19:00:00,137,70,67
2018-04-26 20:00:00,58,31,27
2018-04-26 21:00:00,25,12,13
2018-04-26 22:00:00,8,4,4
2018-04-26 23:00:00,0,0,0
2018-04-27 00:00:00,1,1,0
2018-04-27 01:00:00,0,0,0
2018-04-27 02:00:00,3,3,0
2018-04-27 03:00:00,1,1,0
2018-04-27 04:00:00,0,0,0
2018-04-27 05:00:00,11,3,8
2018-04-27 06:00:00,33,7,26
2018-04-27 07:00:00,98,23,75
2018-04-27 08:00:00,75,20,55
2018-04-27 09:00:00,86,33,53
2018-04-27 10:00:00,35,17,18
2018-04-27 11:00:00,35,18,17
2018-04-27 12:00:00,41,21,20
2018-04-27 13:00:00,39,19,20
2018-04-27 14:00:00,33,18,15
2018-04-27 15:00:00,64,47,17
2018-04-27 16:00:00,87,59,28
2018-04-27 17:00:00,127,97,30
2018-04-27 18:00:00,95,60,35
2018-04-27 19:00:00,54,34,20
2018-04-27 20:00:00,22,8,14
2018-04-27 21:00:00,5,3,2
2018-04-27 22:00:00,4,3,1
2018-04-27 23:00:00,2,2,0
2018-04-28 00:00:00,0,0,0
2018-04-28 01:00:00,0,0,0
2018-04-28 02:00:00,0,0,0
2018-04-28 03:00:00,0,0,0
2018-04-28 04:00:00,1,1,0
2018-04-28 05:00:00,1,1,0
2018-04-28 06:00:00,6,3,3
2018-04-28 07:00:00,7,6,1
2018-04-28 08:00:00,10,8,2
2018-04-28 09:00:00,11,8,3
2018-04-28 10:00:00,48,36,12
2018-04-28 11:00:00,66,56,10
2018-04-28 12:00:00,59,42,17
2018-04-28 13:00:00,26,12,14
2018-04-28 14:00:00,53,24,29
2018-04-28 15:00:00,40,22,18
2018-04-28 16:00:00,46,24,22
2018-04-28 17:00:00,27,8,19
2018-04-28 18:00:00,7,3,4
2018-04-28 19:00:00,11,6,5
2018-04-28 20:00:00,5,0,5
2018-04-28 21:00:00,0,0,0
2018-04-28 22:00:00,0,0,0
2018-04-28 23:00:00,1,1,0
2018-04-29 00:00:00,1,1,0
2018-04-29 01:00:00,0,0,0
2018-04-29 02:00:00,0,0,0
2018-04-29 03:00:00,0,0,0
2018-04-29 04:00:00,0,0,0
2018-04-29 05:00:00,2,1,1
2018-04-29 06:00:00,14,7,7
2018-04-29 07:00:00,21,16,5
2018-04-29 08:00:00,61,43,18
2018-04-29 09:00:00,104,64,40
2018-04-29 10:00:00,126,84,42
2018-04-29 11:00:00,161,87,74
2018-04-29 12:00:00,183,104,79
2018-04-29 13:00:00,200,98,102
2018-04-29 14:00:00,200,109,91
2018-04-29 15:00:00,155,68,87
2018-04-29 16:00:00,111,51,60
2018-04-29 17:00:00,63,30,33
2018-04-29 18:00:00,42,19,23
2018-04-29 19:00:00,38,15,23
2018-04-29 20:00:00,17,9,8
2018-04-29 21:00:00,4,3,1
2018-04-29 22:00:00,2,2,0
2018-04-29 23:00:00,2,1,1
2018-04-30 00:00:00,0,0,0
2018-04-30 01:00:00,0,0,0
2018-04-30 02:00:00,0,0,0
2018-04-30 03:00:00,0,0,0
2018-04-30 04:00:00,2,1,1
2018-04-30 05:00:00,7,0,7
2018-04-30 06:00:00,32,7,25
2018-04-30 07:00:00,78,14,64
2018-04-30 08:00:00,82,16,66
2018-04-30 09:00:00,46,17,29
2018-04-30 10:00:00,40,21,19
2018-04-30 11:00:00,33,15,18
2018-04-30 12:00:00,33,18,15
2018-04-30 13:00:00,37,21,16
2018-04-30 14:00:00,40,19,21
2018-04-30 15:00:00,53,34,19
2018-04-30 16:00:00,80,55,25
2018-04-30 17:00:00,112,82,30
2018-04-30 18:00:00,100,78,22
2018-04-30 19:00:00,43,29,14
2018-04-30 20:00:00,20,13,7
2018-04-30 21:00:00,9,8,1
2018-04-30 22:00:00,1,0,1
2018-04-30 23:00:00,2,2,0
2018-05-01 00:00:00,2,1,1
2018-05-01 01:00:00,4,4,0
2018-05-01 02:00:00,0,0,0
2018-05-01 03:00:00,1,0,1
2018-05-01 04:00:00,1,0,1
2018-05-01 05:00:00,12,6,6
2018-05-01 06:00:00,47,10,37
2018-05-01 07:00:00,117,20,97
2018-05-01 08:00:00,114,24,90
2018-05-01 09:00:00,61,37,24
2018-05-01 10:00:00,38,22,16
2018-05-01 11:00:00,33,19,14
2018-05-01 12:00:00,47,21,26
2018-05-01 13:00:00,40,23,17
2018-05-01 14:00:00,37,20,17
2018-05-01 15:00:00,68,41,27
2018-05-01 16:00:00,109,82,27
2018-05-01 17:00:00,200,143,57
2018-05-01 18:00:00,148,102,46
2018-05-01 19:00:00,84,59,25
2018-05-01 20:00:00,41,22,19
2018-05-01 21:00:00,15,11,4
2018-05-01 22:00:00,6,5,1
2018-05-01 23:00:00,2,2,0
2018-05-02 00:00:00,1,1,0
2018-05-02 01:00:00,1,1,0
2018-05-02 02:00:00,1,1,0
2018-05-02 03:00:00,0,0,0
2018-05-02 04:00:00,2,1,1
2018-05-02 05:00:00,21,10,11
2018-05-02 06:00:00,56,16,40
2018-05-02 07:00:00,105,25,80
2018-05-02 08:00:00,148,55,93
2018-05-02 09:00:00,104,49,55
2018-05-02 10:00:00,61,33,28
2018-05-02 11:00:00,77,47,30
2018-05-02 12:00:00,80,39,41
2018-05-02 13:00:00,77,42,35
2018-05-02 14:00:00,98,57,41
2018-05-02 15:00:00,101,62,39
2018-05-02 16:00:00,162,102,60
2018-05-02 17:00:00,248,174,74
2018-05-02 18:00:00,216,140,76
2018-05-02 19:00:00,145,82,63
2018-05-02 20:00:00,43,22,21
2018-05-02 21:00:00,11,6,5
2018-05-02 22:00:00,8,6,2
2018-05-02 23:00:00,2,2,0
2018-05-03 00:00:00,3,3,0
2018-05-03 01:00:00,0,0,0
2018-05-03 02:00:00,1,1,0
2018-05-03 03:00:00,1,1,0
2018-05-03 04:00:00,2,2,0
2018-05-03 05:00:00,8,3,5
2018-05-03 06:00:00,62,20,42
2018-05-03 07:00:00,129,32,97
2018-05-03 08:00:00,125,31,94
2018-05-03 09:00:00,86,46,40
2018-05-03 10:00:00,68,35,33
2018-05-03 11:00:00,69,32,37
2018-05-03 12:00:00,65,34,31
2018-05-03 13:00:00,70,34,36
2018-05-03 14:00:00,89,44,45
2018-05-03 15:00:00,101,62,39
2018-05-03 16:00:00,173,101,72
2018-05-03 17:00:00,257,177,80
2018-05-03 18:00:00,203,129,74
2018-05-03 19:00:00,134,83,51
2018-05-03 20:00:00,39,17,22
2018-05-03 21:00:00,24,13,11
2018-05-03 22:00:00,5,2,3
2018-05-03 23:00:00,1,1,0
2018-05-04 00:00:00,4,4,0
2018-05-04 01:00:00,0,0,0
2018-05-04 02:00:00,0,0,0
2018-05-04 03:00:00,0,0,0
2018-05-04 04:00:00,1,1,0
2018-05-04 05:00:00,12,7,5
2018-05-04 06:00:00,37,17,20
2018-05-04 07:00:00,84,22,62
2018-05-04 08:00:00,107,31,76
2018-05-04 09:00:00,70,40,30
2018-05-04 10:00:00,47,24,23
2018-05-04 11:00:00,59,32,27
2018-05-04 12:00:00,51,26,25
2018-05-04 13:00:00,48,26,22
2018-05-04 14:00:00,56,30,26
2018-05-04 15:00:00,78,44,34
2018-05-04 16:00:00,106,66,40
2018-05-04 17:00:00,151,101,50
2018-05-04 18:00:00,126,83,43
2018-05-04 19:00:00,61,37,24
2018-05-04 20:00:00,18,14,4
2018-05-04 21:00:00,21,12,9
2018-05-04 22:00:00,6,3,3
2018-05-04 23:00:00,3,2,1
2018-05-05 00:00:00,2,1,1
2018-05-05 01:00:00,1,0,1
2018-05-05 02:00:00,0,0,0
2018-05-05 03:00:00,0,0,0
2018-05-05 04:00:00,1,1,0
2018-05-05 05:00:00,2,1,1
2018-05-05 06:00:00,17,11,6
2018-05-05 07:00:00,44,25,19
2018-05-05 08:00:00,84,57,27
2018-05-05 09:00:00,178,95,83
2018-05-05 10:00:00,260,120,140
2018-05-05 11:00:00,194,109,85
2018-05-05 12:00:00,260,140,120
2018-05-05 13:00:00,260,162,98
2018-05-05 14:00:00,226,136,90
2018-05-05 15:00:00,223,128,95
2018-05-05 16:00:00,186,85,101
2018-05-05 17:00:00,100,49,51
2018-05-05 18:00:00,59,34,25
2018-05-05 19:00:00,60,33,27
2018-05-05 20:00:00,18,9,9
2018-05-05 21:00:00,7,1,6
2018-05-05 22:00:00,3,2,1
2018-05-05 23:00:00,1,1,0
2018-05-06 00:00:00,3,0,3
2018-05-06 01:00:00,1,1,0
2018-05-06 02:00:00,0,0,0
2018-05-06 03:00:00,0,0,0
2018-05-06 04:00:00,0,0,0
2018-05-06 05:00:00,1,0,1
2018-05-06 06:00:00,13,7,6
2018-05-06 07:00:00,35,28,7
2018-05-06 08:00:00,70,43,27
2018-05-06 09:00:00,124,60,64
2018-05-06 10:00:00,181,110,71
2018-05-06 11:00:00,261,130,131
2018-05-06 12:00:00,299,168,131
2018-05-06 13:00:00,260,111,149
2018-05-06 14:00:00,267,141,126
2018-05-06 15:00:00,259,137,122
2018-05-06 16:00:00,234,105,129
2018-05-06 17:00:00,156,60,96
2018-05-06 18:00:00,133,69,64
2018-05-06 19:00:00,57,31,26
2018-05-06 20:00:00,39,17,22
2018-05-06 21:00:00,4,1,3
2018-05-06 22:00:00,4,2,2
2018-05-06 23:00:00,1,0,1
2018-05-07 00:00:00,1,1,0
2018-05-07 01:00:00,0,0,0
2018-05-07 02:00:00,0,0,0
2018-05-07 03:00:00,1,0,1
2018-05-07 04:00:00,2,2,0
2018-05-07 05:00:00,11,1,10
2018-05-07 06:00:00,53,8,45
2018-05-07 07:00:00,96,19,77
2018-05-07 08:00:00,109,25,84
2018-05-07 09:00:00,71,21,50
2018-05-07 10:00:00,41,25,16
2018-05-07 11:00:00,45,30,15
2018-05-07 12:00:00,56,29,27
2018-05-07 13:00:00,52,24,28
2018-05-07 14:00:00,53,26,27
2018-05-07 15:00:00,67,33,34
2018-05-07 16:00:00,123,84,39
2018-05-07 17:00:00,205,149,56
2018-05-07 18:00:00,201,144,57
2018-05-07 19:00:00,119,68,51
2018-05-07 20:00:00,53,30,23
2018-05-07 21:00:00,7,2,5
2018-05-07 22:00:00,6,3,3
2018-05-07 23:00:00,1,1,0
2018-05-08 00:00:00,2,2,0
2018-05-08 01:00:00,0,0,0
2018-05-08 02:00:00,2,1,1
2018-05-08 03:00:00,1,1,0
2018-05-08 04:00:00,1,0,1
2018-05-08 05:00:00,16,6,10
2018-05-08 06:00:00,72,21,51
2018-05-08 07:00:00,132,26,106
2018-05-08 08:00:00,130,36,94
2018-05-08 09:00:00,79,32,47
2018-05-08 10:00:00,67,31,36
2018-05-08 11:00:00,67,33,34
2018-05-08 12:00:00,76,46,30
2018-05-08 13:00:00,102,48,54
2018-05-08 14:00:00,71,37,34
2018-05-08 15:00:00,115,63,52
2018-05-08 16:00:00,164,104,60
2018-05-08 17:00:00,218,141,77
2018-05-08 18:00:00,133,71,62
2018-05-08 19:00:00,68,43,25
2018-05-08 20:00:00,23,14,9
2018-05-08 21:00:00,9,5,4
2018-05-08 22:00:00,4,1,3
2018-05-08 23:00:00,0,0,0
2018-05-09 00:00:00,3,3,0
2018-05-09 01:00:00,0,0,0
2018-05-09 02:00:00,1,1,0
2018-05-09 03:00:00,1,0,1
2018-05-09 04:00:00,2,0,2
2018-05-09 05:00:00,15,2,13
2018-05-09 06:00:00,42,16,26
2018-05-09 07:00:00,95,30,65
2018-05-09 08:00:00,117,42,75
2018-05-09 09:00:00,74,23,51
2018-05-09 10:00:00,54,27,27
2018-05-09 11:00:00,41,19,22
2018-05-09 12:00:00,48,25,23
2018-05-09 13:00:00,56,18,38
2018-05-09 14:00:00,57,33,24
2018-05-09 15:00:00,76,46,30
2018-05-09 16:00:00,121,81,40
2018-05-09 17:00:00,192,131,61
2018-05-09 18:00:00,150,102,48
2018-05-09 19:00:00,44,24,20
2018-05-09 20:00:00,36,17,19
2018-05-09 21:00:00,10,6,4
2018-05-09 22:00:00,7,4,3
2018-05-09 23:00:00,5,4,1
2018-05-10 00:00:00,2,2,0
2018-05-10 01:00:00,0,0,0
2018-05-10 02:00:00,0,0,0
2018-05-10 03:00:00,0,0,0
2018-05-10 04:00:00,1,1,0
2018-05-10 05:00:00,21,8,13
2018-05-10 06:00:00,50,21,29
2018-05-10 07:00:00,86,33,53
2018-05-10 08:00:00,66,29,37
2018-05-10 09:00:00,42,19,23
2018-05-10 10:00:00,26,18,8
2018-05-10 11:00:00,25,14,11
2018-05-10 12:00:00,21,14,7
2018-05-10 13:00:00,28,16,12
2018-05-10 14:00:00,40,27,13
2018-05-10 15:00:00,55,46,9
2018-05-10 16:00:00,94,66,28
2018-05-10 17:00:00,116,87,29
2018-05-10 18:00:00,99,74,25
2018-05-10 19:00:00,70,38,32
2018-05-10 20:00:00,22,16,6
2018-05-10 21:00:00,16,8,8
2018-05-10 22:00:00,2,1,1
2018-05-10 23:00:00,1,1,0
2018-05-11 00:00:00,2,1,1
2018-05-11 01:00:00,0,0,0
2018-05-11 02:00:00,0,0,0
2018-05-11 03:00:00,0,0,0
2018-05-11 04:00:00,3,1,2
2018-05-11 05:00:00,14,5,9
2018-05-11 06:00:00,60,13,47
2018-05-11 07:00:00,119,23,96
2018-05-11 08:00:00,122,35,87
2018-05-11 09:00:00,69,29,40
2018-05-11 10:00:00,71,38,33
2018-05-11 11:00:00,54,32,22
2018-05-11 12:00:00,60,32,28
2018-05-11 13:00:00,59,32,27
2018-05-11 14:00:00,73,46,27
2018-05-11 15:00:00,118,82,36
2018-05-11 16:00:00,121,89,32
2018-05-11 17:00:00,207,164,43
2018-05-11 18:00:00,134,87,47
2018-05-11 19:00:00,81,39,42
2018-05-11 20:00:00,24,10,14
2018-05-11 21:00:00,25,12,13
2018-05-11 22:00:00,9,3,6
2018-05-11 23:00:00,5,4,1
2018-05-12 00:00:00,0,0,0
2018-05-12 01:00:00,0,0,0
2018-05-12 02:00:00,2,1,1
2018-05-12 03:00:00,0,0,0
2018-05-12 04:00:00,2,2,0
2018-05-12 05:00:00,6,5,1
2018-05-12 06:00:00,35,25,10
2018-05-12 07:00:00,72,57,15
2018-05-12 08:00:00,137,81,56
2018-05-12 09:00:00,196,119,77
2018-05-12 10:00:00,249,138,111
2018-05-12 11:00:00,354,184,170
2018-05-12 12:00:00,314,163,151
2018-05-12 13:00:00,324,168,156
2018-05-12 14:00:00,244,134,110
2018-05-12 15:00:00,267,149,118
2018-05-12 16:00:00,222,103,119
2018-05-12 17:00:00,201,88,113
2018-05-12 18:00:00,119,62,57
2018-05-12 19:00:00,98,59,39
2018-05-12 20:00:00,52,33,19
2018-05-12 21:00:00,6,4,2
2018-05-12 22:00:00,10,6,4
2018-05-12 23:00:00,3,2,1
2018-05-13 00:00:00,4,1,3
2018-05-13 01:00:00,0,0,0
2018-05-13 02:00:00,2,2,0
2018-05-13 03:00:00,1,1,0
2018-05-13 04:00:00,2,2,0
2018-05-13 05:00:00,4,3,1
2018-05-13 06:00:00,21,12,9
2018-05-13 07:00:00,57,35,22
2018-05-13 08:00:00,122,79,43
2018-05-13 09:00:00,151,90,61
2018-05-13 10:00:00,235,126,109
2018-05-13 11:00:00,255,125,130
2018-05-13 12:00:00,308,161,147
2018-05-13 13:00:00,274,153,121
2018-05-13 14:00:00,309,161,148
2018-05-13 15:00:00,272,151,121
2018-05-13 16:00:00,215,116,99
2018-05-13 17:00:00,188,104,84
2018-05-13 18:00:00,146,69,77
2018-05-13 19:00:00,82,34,48
2018-05-13 20:00:00,40,20,20
2018-05-13 21:00:00,13,7,6
2018-05-13 22:00:00,1,0,1
2018-05-13 23:00:00,1,1,0
2018-05-14 00:00:00,1,0,1
2018-05-14 01:00:00,0,0,0
2018-05-14 02:00:00,1,0,1
2018-05-14 03:00:00,1,0,1
2018-05-14 04:00:00,5,3,2
2018-05-14 05:00:00,22,11,11
2018-05-14 06:00:00,73,31,42
2018-05-14 07:00:00,117,56,61
2018-05-14 08:00:00,126,62,64
2018-05-14 09:00:00,95,54,41
2018-05-14 10:00:00,89,53,36
2018-05-14 11:00:00,94,47,47
2018-05-14 12:00:00,80,42,38
2018-05-14 13:00:00,90,46,44
2018-05-14 14:00:00,76,46,30
2018-05-14 15:00:00,112,68,44
2018-05-14 16:00:00,165,94,71
2018-05-14 17:00:00,171,94,77
2018-05-14 18:00:00,185,104,81
2018-05-14 19:00:00,129,70,59
2018-05-14 20:00:00,36,19,17
2018-05-14 21:00:00,12,7,5
2018-05-14 22:00:00,3,3,0
2018-05-14 23:00:00,3,2,1
2018-05-15 00:00:00,2,2,0
2018-05-15 01:00:00,0,0,0
2018-05-15 02:00:00,0,0,0
2018-05-15 03:00:00,0,0,0
2018-05-15 04:00:00,2,0,2
2018-05-15 05:00:00,33,13,20
2018-05-15 06:00:00,69,33,36
2018-05-15 07:00:00,127,64,63
2018-05-15 08:00:00,119,47,72
2018-05-15 09:00:00,83,49,34
2018-05-15 10:00:00,55,30,25
2018-05-15 11:00:00,52,31,21
2018-05-15 12:00:00,68,35,33
2018-05-15 13:00:00,51,32,19
2018-05-15 14:00:00,57,30,27
2018-05-15 15:00:00,66,36,30
2018-05-15 16:00:00,73,33,40
2018-05-15 17:00:00,102,52,50
2018-05-15 18:00:00,203,101,102
2018-05-15 19:00:00,117,64,53
2018-05-15 20:00:00,45,24,21
2018-05-15 21:00:00,24,11,13
2018-05-15 22:00:00,7,5,2
2018-05-15 23:00:00,0,0,0
2018-05-16 00:00:00,1,1,0
2018-05-16 01:00:00,1,1,0
2018-05-16 02:00:00,1,1,0
2018-05-16 03:00:00,1,1,0
2018-05-16 04:00:00,2,0,2
2018-05-16 05:00:00,19,9,10
2018-05-16 06:00:00,78,34,44
2018-05-16 07:00:00,122,59,63
2018-05-16 08:00:00,132,63,69
2018-05-16 09:00:00,75,31,44
2018-05-16 10:00:00,56,29,27
2018-05-16 11:00:00,59,25,34
2018-05-16 12:00:00,59,40,19
2018-05-16 13:00:00,53,29,24
2018-05-16 14:00:00,66,34,32
2018-05-16 15:00:00,83,39,44
2018-05-16 16:00:00,119,61,58
2018-05-16 17:00:00,219,113,106
2018-05-16 18:00:00,165,84,81
2018-05-16 19:00:00,114,59,55
2018-05-16 20:00:00,38,18,20
2018-05-16 21:00:00,16,11,5
2018-05-16 22:00:00,4,3,1
2018-05-16 23:00:00,2,2,0
2018-05-17 00:00:00,1,1,0
2018-05-17 01:00:00,0,0,0
2018-05-17 02:00:00,0,0,0
2018-05-17 03:00:00,0,0,0
2018-05-17 04:00:00,2,2,0
2018-05-17 05:00:00,17,9,8
2018-05-17 06:00:00,57,29,28
2018-05-17 07:00:00,102,50,52
2018-05-17 08:00:00,87,46,41
2018-05-17 09:00:00,63,34,29
2018-05-17 10:00:00,36,14,22
2018-05-17 11:00:00,49,24,25
2018-05-17 12:00:00,65,34,31
2018-05-17 13:00:00,65,32,33
2018-05-17 14:00:00,57,27,30
2018-05-17 15:00:00,76,38,38
2018-05-17 16:00:00,119,57,62
2018-05-17 17:00:00,173,85,88
2018-05-17 18:00:00,127,72,55
2018-05-17 19:00:00,85,54,31
2018-05-17 20:00:00,32,17,15
2018-05-17 21:00:00,11,7,4
2018-05-17 22:00:00,4,3,1
2018-05-17 23:00:00,3,2,1
2018-05-18 00:00:00,4,3,1
2018-05-18 01:00:00,1,1,0
2018-05-18 02:00:00,0,0,0
2018-05-18 03:00:00,2,1,1
2018-05-18 04:00:00,6,5,1
2018-05-18 05:00:00,27,13,14
2018-05-18 06:00:00,94,47,47
2018-05-18 07:00:00,154,75,79
2018-05-18 08:00:00,113,56,57
2018-05-18 09:00:00,53,26,27
2018-05-18 10:00:00,60,31,29
2018-05-18 11:00:00,35,16,19
2018-05-18 12:00:00,36,20,16
2018-05-18 13:00:00,59,28,31
2018-05-18 14:00:00,48,25,23
2018-05-18 15:00:00,60,30,30
2018-05-18 16:00:00,105,54,51
2018-05-18 17:00:00,169,85,84
2018-05-18 18:00:00,113,56,57
2018-05-18 19:00:00,53,25,28
2018-05-18 20:00:00,25,13,12
2018-05-18 21:00:00,14,10,4
2018-05-18 22:00:00,4,2,2
2018-05-18 23:00:00,2,2,0
2018-05-19 00:00:00,4,4,0
2018-05-19 01:00:00,0,0,0
2018-05-19 02:00:00,0,0,0
2018-05-19 03:00:00,0,0,0
2018-05-19 04:00:00,0,0,0
2018-05-19 05:00:00,5,5,0
2018-05-19 06:00:00,44,24,20
2018-05-19 07:00:00,80,50,30
2018-05-19 08:00:00,140,84,56
2018-05-19 09:00:00,139,89,50
2018-05-19 10:00:00,215,129,86
2018-05-19 11:00:00,233,139,94
2018-05-19 12:00:00,255,134,121
2018-05-19 13:00:00,234,141,93
2018-05-19 14:00:00,227,129,98
2018-05-19 15:00:00,236,135,101
2018-05-19 16:00:00,196,95,101
2018-05-19 17:00:00,132,73,59
2018-05-19 18:00:00,141,73,68
2018-05-19 19:00:00,53,29,24
2018-05-19 20:00:00,22,10,12
2018-05-19 21:00:00,16,8,8
2018-05-19 22:00:00,3,2,1
2018-05-19 23:00:00,1,0,1
2018-05-20 00:00:00,1,0,1
2018-05-20 01:00:00,0,0,0
2018-05-20 02:00:00,0,0,0
2018-05-20 03:00:00,0,0,0
2018-05-20 04:00:00,0,0,0
2018-05-20 05:00:00,3,2,1
2018-05-20 06:00:00,18,8,10
2018-05-20 07:00:00,48,25,23
2018-05-20 08:00:00,80,43,37
2018-05-20 09:00:00,135,66,69
2018-05-20 10:00:00,170,91,79
2018-05-20 11:00:00,161,82,79
2018-05-20 12:00:00,149,82,67
2018-05-20 13:00:00,169,98,71
2018-05-20 14:00:00,181,92,89
2018-05-20 15:00:00,200,105,95
2018-05-20 16:00:00,194,105,89
2018-05-20 17:00:00,140,72,68
2018-05-20 18:00:00,66,36,30
2018-05-20 19:00:00,47,19,28
2018-05-20 20:00:00,17,8,9
2018-05-20 21:00:00,7,1,6
2018-05-20 22:00:00,4,2,2
2018-05-20 23:00:00,0,0,0
2018-05-21 00:00:00,0,0,0
2018-05-21 01:00:00,1,0,1
2018-05-21 02:00:00,2,1,1
2018-05-21 03:00:00,0,0,0
2018-05-21 04:00:00,7,2,5
2018-05-21 05:00:00,14,3,11
2018-05-21 06:00:00,64,39,25
2018-05-21 07:00:00,96,47,49
2018-05-21 08:00:00,93,39,54
2018-05-21 09:00:00,67,31,36
2018-05-21 10:00:00,77,27,50
2018-05-21 11:00:00,70,33,37
2018-05-21 12:00:00,54,28,26
2018-05-21 13:00:00,57,26,31
2018-05-21 14:00:00,85,47,38
2018-05-21 15:00:00,85,47,38
2018-05-21 16:00:00,162,87,75
2018-05-21 17:00:00,228,140,88
2018-05-21 18:00:00,151,81,70
2018-05-21 19:00:00,105,64,41
2018-05-21 20:00:00,40,22,18
2018-05-21 21:00:00,16,12,4
2018-05-21 22:00:00,0,0,0
2018-05-21 23:00:00,2,2,0
2018-05-22 00:00:00,0,0,0
2018-05-22 01:00:00,0,0,0
2018-05-22 02:00:00,1,1,0
2018-05-22 03:00:00,0,0,0
2018-05-22 04:00:00,5,2,3
2018-05-22 05:00:00,22,11,11
2018-05-22 06:00:00,81,39,42
2018-05-22 07:00:00,151,75,76
2018-05-22 08:00:00,113,51,62
2018-05-22 09:00:00,86,42,44
2018-05-22 10:00:00,43,21,22
2018-05-22 11:00:00,62,31,31
2018-05-22 12:00:00,93,48,45
2018-05-22 13:00:00,81,47,34
2018-05-22 14:00:00,98,56,42
2018-05-22 15:00:00,121,68,53
2018-05-22 16:00:00,204,138,66
2018-05-22 17:00:00,259,160,99
2018-05-22 18:00:00,208,130,78
2018-05-22 19:00:00,141,73,68
2018-05-22 20:00:00,74,33,41
2018-05-22 21:00:00,12,7,5
2018-05-22 22:00:00,5,4,1
2018-05-22 23:00:00,0,0,0
2018-05-23 00:00:00,1,0,1
2018-05-23 01:00:00,0,0,0
2018-05-23 02:00:00,3,3,0
2018-05-23 03:00:00,0,0,0
2018-05-23 04:00:00,2,1,1
2018-05-23 05:00:00,25,13,12
2018-05-23 06:00:00,84,39,45
2018-05-23 07:00:00,113,59,54
2018-05-23 08:00:00,118,61,57
2018-05-23 09:00:00,93,48,45
2018-05-23 10:00:00,82,42,40
2018-05-23 11:00:00,73,40,33
2018-05-23 12:00:00,70,35,35
2018-05-23 13:00:00,8,3,5
2018-05-23 14:00:00,37,19,18
2018-05-23 15:00:00,12,6,6
2018-05-23 16:00:00,0,0,0
2018-05-23 17:00:00,0,0,0
2018-05-23 18:00:00,4,2,2
2018-05-23 19:00:00,10,4,6
2018-05-23 20:00:00,37,17,20
2018-05-23 21:00:00,0,0,0
2018-05-23 22:00:00,5,2,3
2018-05-23 23:00:00,1,1,0
2018-05-24 00:00:00,0,0,0
2018-05-24 01:00:00,0,0,0
2018-05-24 02:00:00,0,0,0
2018-05-24 03:00:00,0,0,0
2018-05-24 04:00:00,3,1,2
2018-05-24 05:00:00,16,8,8
2018-05-24 06:00:00,79,39,40
2018-05-24 07:00:00,110,55,55
2018-05-24 08:00:00,101,50,51
2018-05-24 09:00:00,67,33,34
2018-05-24 10:00:00,49,24,25
2018-05-24 11:00:00,62,31,31
2018-05-24 12:00:00,41,20,21
2018-05-24 13:00:00,52,26,26
2018-05-24 14:00:00,61,30,31
2018-05-24 15:00:00,73,36,37
2018-05-24 16:00:00,129,64,65
2018-05-24 17:00:00,197,98,99
2018-05-24 18:00:00,157,78,79
2018-05-24 19:00:00,96,48,48
2018-05-24 20:00:00,48,24,24
2018-05-24 21:00:00,18,9,9
2018-05-24 22:00:00,8,4,4
2018-05-24 23:00:00,3,1,2
2018-05-25 00:00:00,2,1,1
2018-05-25 01:00:00,0,0,0
2018-05-25 02:00:00,1,0,1
2018-05-25 03:00:00,0,0,0
2018-05-25 04:00:00,5,2,3
2018-05-25 05:00:00,23,11,12
2018-05-25 06:00:00,75,37,38
2018-05-25 07:00:00,94,47,47
2018-05-25 08:00:00,79,39,40
2018-05-25 09:00:00,81,40,41
2018-05-25 10:00:00,58,29,29
2018-05-25 11:00:00,65,32,33
2018-05-25 12:00:00,64,32,32
2018-05-25 13:00:00,81,40,41
2018-05-25 14:00:00,92,46,46
2018-05-25 15:00:00,94,47,47
2018-05-25 16:00:00,139,69,70
2018-05-25 17:00:00,160,80,80
2018-05-25 18:00:00,76,38,38
2018-05-25 19:00:00,39,19,20
2018-05-25 20:00:00,19,9,10
2018-05-25 21:00:00,13,6,7
2018-05-25 22:00:00,4,2,2
2018-05-25 23:00:00,1,0,1
2018-05-26 00:00:00,0,0,0
2018-05-26 01:00:00,0,0,0
2018-05-26 02:00:00,0,0,0
2018-05-26 03:00:00,0,0,0
2018-05-26 04:00:00,2,1,1
2018-05-26 05:00:00,2,1,1
2018-05-26 06:00:00,28,14,14
2018-05-26 07:00:00,38,19,19
2018-05-26 08:00:00,107,53,54
2018-05-26 09:00:00,154,77,77
2018-05-26 10:00:00,200,100,100
2018-05-26 11:00:00,196,98,98
2018-05-26 12:00:00,215,107,108
2018-05-26 13:00:00,194,97,97
2018-05-26 14:00:00,201,100,101
2018-05-26 15:00:00,184,92,92
2018-05-26 16:00:00,168,84,84
2018-05-26 17:00:00,110,55,55
2018-05-26 18:00:00,74,37,37
2018-05-26 19:00:00,40,20,20
2018-05-26 20:00:00,39,19,20
2018-05-26 21:00:00,6,3,3
2018-05-26 22:00:00,7,3,4
2018-05-26 23:00:00,0,0,0
2018-05-27 00:00:00,1,0,1
2018-05-27 01:00:00,0,0,0
2018-05-27 02:00:00,0,0,0
2018-05-27 03:00:00,1,0,1
2018-05-27 04:00:00,0,0,0
2018-05-27 05:00:00,8,4,4
2018-05-27 06:00:00,19,9,10
2018-05-27 07:00:00,34,17,17
2018-05-27 08:00:00,97,48,49
2018-05-27 09:00:00,126,63,63
2018-05-27 10:00:00,182,91,91
2018-05-27 11:00:00,272,136,136
2018-05-27 12:00:00,267,133,134
2018-05-27 13:00:00,305,152,153
2018-05-27 14:00:00,306,153,153
2018-05-27 15:00:00,245,122,123
2018-05-27 16:00:00,206,103,103
2018-05-27 17:00:00,227,113,114
2018-05-27 18:00:00,127,63,64
2018-05-27 19:00:00,67,33,34
2018-05-27 20:00:00,36,18,18
2018-05-27 21:00:00,27,13,14
2018-05-27 22:00:00,5,2,3
2018-05-27 23:00:00,5,2,3
2018-05-28 00:00:00,0,0,0
2018-05-28 01:00:00,1,0,1
2018-05-28 02:00:00,3,1,2
2018-05-28 03:00:00,0,0,0
2018-05-28 04:00:00,3,1,2
2018-05-28 05:00:00,7,3,4
2018-05-28 06:00:00,26,13,13
2018-05-28 07:00:00,45,22,23
2018-05-28 08:00:00,85,42,43
2018-05-28 09:00:00,127,63,64
2018-05-28 10:00:00,224,112,112
2018-05-28 11:00:00,227,113,114
2018-05-28 12:00:00,299,149,150
2018-05-28 13:00:00,279,139,140
2018-05-28 14:00:00,285,142,143
2018-05-28 15:00:00,293,146,147
2018-05-28 16:00:00,225,112,113
2018-05-28 17:00:00,156,78,78
2018-05-28 18:00:00,99,49,50
2018-05-28 19:00:00,52,26,26
2018-05-28 20:00:00,30,15,15
2018-05-28 21:00:00,3,0,3
2018-05-28 22:00:00,0,0,0
2018-05-28 23:00:00,0,0,0
2018-05-29 00:00:00,0,0,0
2018-05-29 01:00:00,1,1,0
2018-05-29 02:00:00,0,0,0
2018-05-29 03:00:00,0,0,0
2018-05-29 04:00:00,4,2,2
2018-05-29 05:00:00,22,11,11
2018-05-29 06:00:00,55,27,28
2018-05-29 07:00:00,93,46,47
2018-05-29 08:00:00,81,40,41
2018-05-29 09:00:00,67,33,34
2018-05-29 10:00:00,44,22,22
2018-05-29 11:00:00,39,19,20
2018-05-29 12:00:00,39,19,20
2018-05-29 13:00:00,0,0,0
2018-05-29 14:00:00,0,0,0
2018-05-29 15:00:00,0,0,0
2018-05-29 16:00:00,114,57,57
2018-05-29 17:00:00,164,82,82
2018-05-29 18:00:00,121,60,61
2018-05-29 19:00:00,0,0,0
2018-05-29 20:00:00,0,0,0
2018-05-29 21:00:00,0,0,0
2018-05-29 22:00:00,0,0,0
2018-05-29 23:00:00,0,0,0
2018-05-30 00:00:00,0,0,0
2018-05-30 01:00:00,0,0,0
2018-05-30 02:00:00,0,0,0
2018-05-30 03:00:00,4095,0,4095
2018-05-30 04:00:00,8191,0,8191
2018-05-30 05:00:00,0,0,0
2018-05-30 06:00:00,8191,0,8191
2018-05-30 07:00:00,0,0,0
2018-05-30 08:00:00,0,0,0
2018-05-30 09:00:00,0,0,0
2018-05-30 10:00:00,0,0,0
2018-05-30 11:00:00,0,0,0
2018-05-30 12:00:00,0,0,0
2018-05-30 13:00:00,0,0,0
2018-05-30 14:00:00,0,0,0
2018-05-30 15:00:00,0,0,0
2018-05-30 16:00:00,0,0,0
2018-05-30 17:00:00,0,0,0
2018-05-30 18:00:00,0,0,0
2018-05-30 19:00:00,0,0,0
2018-05-30 20:00:00,0,0,0
2018-05-30 21:00:00,0,0,0
2018-05-30 22:00:00,0,0,0
2018-05-30 23:00:00,0,0,0
2018-05-31 00:00:00,0,0,0
2018-05-31 01:00:00,0,0,0
2018-05-31 02:00:00,0,0,0
2018-05-31 03:00:00,0,0,0
2018-05-31 04:00:00,0,0,0
2018-05-31 05:00:00,0,0,0
2018-05-31 06:00:00,0,0,0
2018-05-31 07:00:00,0,0,0
2018-05-31 08:00:00,0,0,0
2018-05-31 09:00:00,0,0,0
2018-05-31 10:00:00,0,0,0
2018-05-31 11:00:00,0,0,0
2018-05-31 12:00:00,0,0,0
2018-05-31 13:00:00,0,0,0
2018-05-31 14:00:00,0,0,0
2018-05-31 15:00:00,0,0,0
2018-05-31 16:00:00,0,0,0
2018-05-31 17:00:00,0,0,0
2018-05-31 18:00:00,0,0,0
2018-05-31 19:00:00,0,0,0
2018-05-31 20:00:00,0,0,0
2018-05-31 21:00:00,0,0,0
2018-05-31 22:00:00,0,0,0
2018-05-31 23:00:00,0,0,0
2018-06-01 00:00:00,0,0,0
2018-06-01 01:00:00,0,0,0
2018-06-01 02:00:00,0,0,0
2018-06-01 03:00:00,0,0,0
2018-06-01 04:00:00,0,0,0
2018-06-01 05:00:00,0,0,0
2018-06-01 06:00:00,0,0,0
2018-06-01 07:00:00,0,0,0
2018-06-01 08:00:00,0,0,0
2018-06-01 09:00:00,0,0,0
2018-06-01 10:00:00,0,0,0
2018-06-01 11:00:00,0,0,0
2018-06-01 12:00:00,0,0,0
2018-06-01 13:00:00,0,0,0
2018-06-01 14:00:00,0,0,0
2018-06-01 15:00:00,0,0,0
2018-06-01 16:00:00,0,0,0
2018-06-01 17:00:00,0,0,0
2018-06-01 18:00:00,0,0,0
2018-06-01 19:00:00,0,0,0
2018-06-01 20:00:00,0,0,0
2018-06-01 21:00:00,0,0,0
2018-06-01 22:00:00,0,0,0
2018-06-01 23:00:00,0,0,0
2018-06-02 00:00:00,0,0,0
2018-06-02 01:00:00,0,0,0
2018-06-02 02:00:00,0,0,0
2018-06-02 03:00:00,0,0,0
2018-06-02 04:00:00,0,0,0
2018-06-02 05:00:00,0,0,0
2018-06-02 06:00:00,0,0,0
2018-06-02 07:00:00,0,0,0
2018-06-02 08:00:00,0,0,0
2018-06-02 09:00:00,0,0,0
2018-06-02 10:00:00,0,0,0
2018-06-02 11:00:00,0,0,0
2018-06-02 12:00:00,0,0,0
2018-06-02 13:00:00,0,0,0
2018-06-02 14:00:00,0,0,0
2018-06-02 15:00:00,0,0,0
2018-06-02 16:00:00,0,0,0
2018-06-02 17:00:00,0,0,0
2018-06-02 18:00:00,0,0,0
2018-06-02 19:00:00,0,0,0
2018-06-02 20:00:00,0,0,0
2018-06-02 21:00:00,0,0,0
2018-06-02 22:00:00,0,0,0
2018-06-02 23:00:00,0,0,0
2018-06-03 00:00:00,0,0,0
2018-06-03 01:00:00,0,0,0
2018-06-03 02:00:00,0,0,0
2018-06-03 03:00:00,0,0,0
2018-06-03 04:00:00,0,0,0
2018-06-03 05:00:00,0,0,0
2018-06-03 06:00:00,0,0,0
2018-06-03 07:00:00,0,0,0
2018-06-03 08:00:00,0,0,0
2018-06-03 09:00:00,0,0,0
2018-06-03 10:00:00,0,0,0
2018-06-03 11:00:00,0,0,0
2018-06-03 12:00:00,0,0,0
2018-06-03 13:00:00,0,0,0
2018-06-03 14:00:00,0,0,0
2018-06-03 15:00:00,0,0,0
2018-06-03 16:00:00,0,0,0
2018-06-03 17:00:00,0,0,0
2018-06-03 18:00:00,0,0,0
2018-06-03 19:00:00,0,0,0
2018-06-03 20:00:00,0,0,0
2018-06-03 21:00:00,0,0,0
2018-06-03 22:00:00,0,0,0
2018-06-03 23:00:00,0,0,0
2018-06-04 00:00:00,0,0,0
2018-06-04 01:00:00,0,0,0
2018-06-04 02:00:00,0,0,0
2018-06-04 03:00:00,0,0,0
2018-06-04 04:00:00,0,0,0
2018-06-04 05:00:00,0,0,0
2018-06-04 06:00:00,0,0,0
2018-06-04 07:00:00,0,0,0
2018-06-04 08:00:00,0,0,0
2018-06-04 09:00:00,0,0,0
2018-06-04 10:00:00,0,0,0
2018-06-04 11:00:00,0,0,0
2018-06-04 12:00:00,0,0,0
2018-06-04 13:00:00,0,0,0
2018-06-04 14:00:00,0,0,0
2018-06-04 15:00:00,0,0,0
2018-06-04 16:00:00,0,0,0
2018-06-04 17:00:00,0,0,0
2018-06-04 18:00:00,0,0,0
2018-06-04 19:00:00,0,0,0
2018-06-04 20:00:00,0,0,0
2018-06-04 21:00:00,0,0,0
2018-06-04 22:00:00,0,0,0
2018-06-04 23:00:00,0,0,0
2018-06-05 00:00:00,0,0,0
2018-06-05 01:00:00,0,0,0
2018-06-05 02:00:00,0,0,0
2018-06-05 03:00:00,0,0,0
2018-06-05 04:00:00,0,0,0
2018-06-05 05:00:00,0,0,0
2018-06-05 06:00:00,0,0,0
2018-06-05 07:00:00,0,0,0
2018-06-05 08:00:00,0,0,0
2018-06-05 09:00:00,0,0,0
2018-06-05 10:00:00,0,0,0
2018-06-05 11:00:00,0,0,0
2018-06-05 12:00:00,0,0,0
2018-06-05 13:00:00,0,0,0
2018-06-05 14:00:00,0,0,0
2018-06-05 15:00:00,0,0,0
2018-06-05 16:00:00,0,0,0
2018-06-05 17:00:00,0,0,0
2018-06-05 18:00:00,0,0,0
2018-06-05 19:00:00,0,0,0
2018-06-05 20:00:00,0,0,0
2018-06-05 21:00:00,0,0,0
2018-06-05 22:00:00,0,0,0
2018-06-05 23:00:00,0,0,0
2018-06-06 00:00:00,0,0,0
2018-06-06 01:00:00,0,0,0
2018-06-06 02:00:00,0,0,0
2018-06-06 03:00:00,0,0,0
2018-06-06 04:00:00,0,0,0
2018-06-06 05:00:00,0,0,0
2018-06-06 06:00:00,0,0,0
2018-06-06 07:00:00,0,0,0
2018-06-06 08:00:00,0,0,0
2018-06-06 09:00:00,0,0,0
2018-06-06 10:00:00,0,0,0
2018-06-06 11:00:00,0,0,0
2018-06-06 12:00:00,0,0,0
2018-06-06 13:00:00,0,0,0
2018-06-06 14:00:00,0,0,0
2018-06-06 15:00:00,0,0,0
2018-06-06 16:00:00,0,0,0
2018-06-06 17:00:00,0,0,0
2018-06-06 18:00:00,0,0,0
2018-06-06 19:00:00,0,0,0
2018-06-06 20:00:00,0,0,0
2018-06-06 21:00:00,0,0,0
2018-06-06 22:00:00,0,0,0
2018-06-06 23:00:00,0,0,0
2018-06-07 00:00:00,0,0,0
2018-06-07 01:00:00,0,0,0
2018-06-07 02:00:00,0,0,0
2018-06-07 03:00:00,0,0,0
2018-06-07 04:00:00,0,0,0
2018-06-07 05:00:00,0,0,0
2018-06-07 06:00:00,0,0,0
2018-06-07 07:00:00,0,0,0
2018-06-07 08:00:00,0,0,0
2018-06-07 09:00:00,0,0,0
2018-06-07 10:00:00,0,0,0
2018-06-07 11:00:00,0,0,0
2018-06-07 12:00:00,0,0,0
2018-06-07 13:00:00,0,0,0
2018-06-07 14:00:00,0,0,0
2018-06-07 15:00:00,0,0,0
2018-06-07 16:00:00,0,0,0
2018-06-07 17:00:00,0,0,0
2018-06-07 18:00:00,0,0,0
2018-06-07 19:00:00,0,0,0
2018-06-07 20:00:00,0,0,0
2018-06-07 21:00:00,0,0,0
2018-06-07 22:00:00,0,0,0
2018-06-07 23:00:00,0,0,0
2018-06-08 00:00:00,0,0,0
2018-06-08 01:00:00,0,0,0
2018-06-08 02:00:00,0,0,0
2018-06-08 03:00:00,0,0,0
2018-06-08 04:00:00,0,0,0
2018-06-08 05:00:00,0,0,0
2018-06-08 06:00:00,0,0,0
2018-06-08 07:00:00,0,0,0
2018-06-08 08:00:00,0,0,0
2018-06-08 09:00:00,0,0,0
2018-06-08 10:00:00,0,0,0
2018-06-08 11:00:00,0,0,0
2018-06-08 12:00:00,0,0,0
2018-06-08 13:00:00,0,0,0
2018-06-08 14:00:00,0,0,0
2018-06-08 15:00:00,0,0,0
2018-06-08 16:00:00,0,0,0
2018-06-08 17:00:00,0,0,0
2018-06-08 18:00:00,0,0,0
2018-06-08 19:00:00,0,0,0
2018-06-08 20:00:00,0,0,0
2018-06-08 21:00:00,0,0,0
2018-06-08 22:00:00,0,0,0
2018-06-08 23:00:00,0,0,0
2018-06-09 00:00:00,0,0,0
2018-06-09 01:00:00,0,0,0
2018-06-09 02:00:00,0,0,0
2018-06-09 03:00:00,0,0,0
2018-06-09 04:00:00,0,0,0
2018-06-09 05:00:00,0,0,0
2018-06-09 06:00:00,0,0,0
2018-06-09 07:00:00,0,0,0
2018-06-09 08:00:00,0,0,0
2018-06-09 09:00:00,0,0,0
2018-06-09 10:00:00,0,0,0
2018-06-09 11:00:00,0,0,0
2018-06-09 12:00:00,0,0,0
2018-06-09 13:00:00,0,0,0
2018-06-09 14:00:00,0,0,0
2018-06-09 15:00:00,0,0,0
2018-06-09 16:00:00,0,0,0
2018-06-09 17:00:00,0,0,0
2018-06-09 18:00:00,0,0,0
2018-06-09 19:00:00,0,0,0
2018-06-09 20:00:00,0,0,0
2018-06-09 21:00:00,0,0,0
2018-06-09 22:00:00,0,0,0
2018-06-09 23:00:00,0,0,0
2018-06-10 00:00:00,0,0,0
2018-06-10 01:00:00,0,0,0
2018-06-10 02:00:00,0,0,0
2018-06-10 03:00:00,0,0,0
2018-06-10 04:00:00,0,0,0
2018-06-10 05:00:00,0,0,0
2018-06-10 06:00:00,0,0,0
2018-06-10 07:00:00,0,0,0
2018-06-10 08:00:00,0,0,0
2018-06-10 09:00:00,0,0,0
2018-06-10 10:00:00,0,0,0
2018-06-10 11:00:00,0,0,0
2018-06-10 12:00:00,0,0,0
2018-06-10 13:00:00,0,0,0
2018-06-10 14:00:00,0,0,0
2018-06-10 15:00:00,0,0,0
2018-06-10 16:00:00,0,0,0
2018-06-10 17:00:00,0,0,0
2018-06-10 18:00:00,0,0,0
2018-06-10 19:00:00,0,0,0
2018-06-10 20:00:00,0,0,0
2018-06-10 21:00:00,0,0,0
2018-06-10 22:00:00,0,0,0
2018-06-10 23:00:00,0,0,0
2018-06-11 00:00:00,0,0,0
2018-06-11 01:00:00,0,0,0
2018-06-11 02:00:00,0,0,0
2018-06-11 03:00:00,0,0,0
2018-06-11 04:00:00,0,0,0
2018-06-11 05:00:00,0,0,0
2018-06-11 06:00:00,0,0,0
2018-06-11 07:00:00,0,0,0
2018-06-11 08:00:00,0,0,0
2018-06-11 09:00:00,0,0,0
2018-06-11 10:00:00,0,0,0
2018-06-11 11:00:00,0,0,0
2018-06-11 12:00:00,0,0,0
2018-06-11 13:00:00,0,0,0
2018-06-11 14:00:00,0,0,0
2018-06-11 15:00:00,0,0,0
2018-06-11 16:00:00,0,0,0
2018-06-11 17:00:00,0,0,0
2018-06-11 18:00:00,0,0,0
2018-06-11 19:00:00,0,0,0
2018-06-11 20:00:00,0,0,0
2018-06-11 21:00:00,0,0,0
2018-06-11 22:00:00,0,0,0
2018-06-11 23:00:00,0,0,0
2018-06-12 00:00:00,0,0,0
2018-06-12 01:00:00,0,0,0
2018-06-12 02:00:00,0,0,0
2018-06-12 03:00:00,0,0,0
2018-06-12 04:00:00,0,0,0
2018-06-12 05:00:00,0,0,0
2018-06-12 06:00:00,0,0,0
2018-06-12 07:00:00,0,0,0
2018-06-12 08:00:00,0,0,0
2018-06-12 09:00:00,0,0,0
2018-06-12 10:00:00,0,0,0
2018-06-12 11:00:00,0,0,0
2018-06-12 12:00:00,0,0,0
2018-06-12 13:00:00,0,0,0
2018-06-12 14:00:00,0,0,0
2018-06-12 15:00:00,0,0,0
2018-06-12 16:00:00,0,0,0
2018-06-12 17:00:00,0,0,0
2018-06-12 18:00:00,0,0,0
2018-06-12 19:00:00,0,0,0
2018-06-12 20:00:00,0,0,0
2018-06-12 21:00:00,0,0,0
2018-06-12 22:00:00,0,0,0
2018-06-12 23:00:00,0,0,0
2018-06-13 00:00:00,0,0,0
2018-06-13 01:00:00,0,0,0
2018-06-13 02:00:00,0,0,0
2018-06-13 03:00:00,0,0,0
2018-06-13 04:00:00,0,0,0
2018-06-13 05:00:00,0,0,0
2018-06-13 06:00:00,0,0,0
2018-06-13 07:00:00,0,0,0
2018-06-13 08:00:00,0,0,0
2018-06-13 09:00:00,0,0,0
2018-06-13 10:00:00,0,0,0
2018-06-13 11:00:00,0,0,0
2018-06-13 12:00:00,0,0,0
2018-06-13 13:00:00,0,0,0
2018-06-13 14:00:00,0,0,0
2018-06-13 15:00:00,0,0,0
2018-06-13 16:00:00,0,0,0
2018-06-13 17:00:00,0,0,0
2018-06-13 18:00:00,0,0,0
2018-06-13 19:00:00,0,0,0
2018-06-13 20:00:00,0,0,0
2018-06-13 21:00:00,0,0,0
2018-06-13 22:00:00,0,0,0
2018-06-13 23:00:00,0,0,0
2018-06-14 00:00:00,0,0,0
2018-06-14 01:00:00,0,0,0
2018-06-14 02:00:00,0,0,0
2018-06-14 03:00:00,0,0,0
2018-06-14 04:00:00,0,0,0
2018-06-14 05:00:00,0,0,0
2018-06-14 06:00:00,0,0,0
2018-06-14 07:00:00,0,0,0
2018-06-14 08:00:00,0,0,0
2018-06-14 09:00:00,0,0,0
2018-06-14 10:00:00,0,0,0
2018-06-14 11:00:00,0,0,0
2018-06-14 12:00:00,0,0,0
2018-06-14 13:00:00,0,0,0
2018-06-14 14:00:00,0,0,0
2018-06-14 15:00:00,0,0,0
2018-06-14 16:00:00,0,0,0
2018-06-14 17:00:00,0,0,0
2018-06-14 18:00:00,0,0,0
2018-06-14 19:00:00,0,0,0
2018-06-14 20:00:00,0,0,0
2018-06-14 21:00:00,0,0,0
2018-06-14 22:00:00,0,0,0
2018-06-14 23:00:00,0,0,0
2018-06-15 00:00:00,0,0,0
2018-06-15 01:00:00,0,0,0
2018-06-15 02:00:00,0,0,0
2018-06-15 03:00:00,0,0,0
2018-06-15 04:00:00,0,0,0
2018-06-15 05:00:00,0,0,0
2018-06-15 06:00:00,0,0,0
2018-06-15 07:00:00,0,0,0
2018-06-15 08:00:00,0,0,0
2018-06-15 09:00:00,0,0,0
2018-06-15 10:00:00,0,0,0
2018-06-15 11:00:00,0,0,0
2018-06-15 12:00:00,0,0,0
2018-06-15 13:00:00,0,0,0
2018-06-15 14:00:00,0,0,0
2018-06-15 15:00:00,0,0,0
2018-06-15 16:00:00,0,0,0
2018-06-15 17:00:00,0,0,0
2018-06-15 18:00:00,0,0,0
2018-06-15 19:00:00,0,0,0
2018-06-15 20:00:00,0,0,0
2018-06-15 21:00:00,0,0,0
2018-06-15 22:00:00,0,0,0
2018-06-15 23:00:00,0,0,0
2018-06-16 00:00:00,0,0,0
2018-06-16 01:00:00,0,0,0
2018-06-16 02:00:00,0,0,0
2018-06-16 03:00:00,0,0,0
2018-06-16 04:00:00,0,0,0
2018-06-16 05:00:00,0,0,0
2018-06-16 06:00:00,0,0,0
2018-06-16 07:00:00,0,0,0
2018-06-16 08:00:00,0,0,0
2018-06-16 09:00:00,0,0,0
2018-06-16 10:00:00,0,0,0
2018-06-16 11:00:00,0,0,0
2018-06-16 12:00:00,0,0,0
2018-06-16 13:00:00,0,0,0
2018-06-16 14:00:00,0,0,0
2018-06-16 15:00:00,0,0,0
2018-06-16 16:00:00,0,0,0
2018-06-16 17:00:00,0,0,0
2018-06-16 18:00:00,0,0,0
2018-06-16 19:00:00,0,0,0
2018-06-16 20:00:00,0,0,0
2018-06-16 21:00:00,0,0,0
2018-06-16 22:00:00,0,0,0
2018-06-16 23:00:00,0,0,0
2018-06-17 00:00:00,0,0,0
2018-06-17 01:00:00,0,0,0
2018-06-17 02:00:00,0,0,0
2018-06-17 03:00:00,0,0,0
2018-06-17 04:00:00,0,0,0
2018-06-17 05:00:00,0,0,0
2018-06-17 06:00:00,0,0,0
2018-06-17 07:00:00,0,0,0
2018-06-17 08:00:00,0,0,0
2018-06-17 09:00:00,0,0,0
2018-06-17 10:00:00,0,0,0
2018-06-17 11:00:00,0,0,0
2018-06-17 12:00:00,0,0,0
2018-06-17 13:00:00,0,0,0
2018-06-17 14:00:00,0,0,0
2018-06-17 15:00:00,0,0,0
2018-06-17 16:00:00,0,0,0
2018-06-17 17:00:00,0,0,0
2018-06-17 18:00:00,0,0,0
2018-06-17 19:00:00,0,0,0
2018-06-17 20:00:00,0,0,0
2018-06-17 21:00:00,0,0,0
2018-06-17 22:00:00,0,0,0
2018-06-17 23:00:00,0,0,0
2018-06-18 00:00:00,0,0,0
2018-06-18 01:00:00,0,0,0
2018-06-18 02:00:00,0,0,0
2018-06-18 03:00:00,0,0,0
2018-06-18 04:00:00,0,0,0
2018-06-18 05:00:00,0,0,0
2018-06-18 06:00:00,0,0,0
2018-06-18 07:00:00,0,0,0
2018-06-18 08:00:00,0,0,0
2018-06-18 09:00:00,0,0,0
2018-06-18 10:00:00,0,0,0
2018-06-18 11:00:00,0,0,0
2018-06-18 12:00:00,0,0,0
2018-06-18 13:00:00,0,0,0
2018-06-18 14:00:00,0,0,0
2018-06-18 15:00:00,0,0,0
2018-06-18 16:00:00,0,0,0
2018-06-18 17:00:00,0,0,0
2018-06-18 18:00:00,0,0,0
2018-06-18 19:00:00,0,0,0
2018-06-18 20:00:00,0,0,0
2018-06-18 21:00:00,0,0,0
2018-06-18 22:00:00,0,0,0
2018-06-18 23:00:00,0,0,0
2018-06-19 00:00:00,0,0,0
2018-06-19 01:00:00,0,0,0
2018-06-19 02:00:00,0,0,0
2018-06-19 03:00:00,0,0,0
2018-06-19 04:00:00,0,0,0
2018-06-19 05:00:00,0,0,0
2018-06-19 06:00:00,0,0,0
2018-06-19 07:00:00,0,0,0
2018-06-19 08:00:00,0,0,0
2018-06-19 09:00:00,0,0,0
2018-06-19 10:00:00,0,0,0
2018-06-19 11:00:00,0,0,0
2018-06-19 12:00:00,0,0,0
2018-06-19 13:00:00,0,0,0
2018-06-19 14:00:00,0,0,0
2018-06-19 15:00:00,0,0,0
2018-06-19 16:00:00,0,0,0
2018-06-19 17:00:00,0,0,0
2018-06-19 18:00:00,0,0,0
2018-06-19 19:00:00,0,0,0
2018-06-19 20:00:00,0,0,0
2018-06-19 21:00:00,0,0,0
2018-06-19 22:00:00,0,0,0
2018-06-19 23:00:00,0,0,0
2018-06-20 00:00:00,0,0,0
2018-06-20 01:00:00,0,0,0
2018-06-20 02:00:00,0,0,0
2018-06-20 03:00:00,0,0,0
2018-06-20 04:00:00,0,0,0
2018-06-20 05:00:00,0,0,0
2018-06-20 06:00:00,0,0,0
2018-06-20 07:00:00,0,0,0
2018-06-20 08:00:00,0,0,0
2018-06-20 09:00:00,0,0,0
2018-06-20 10:00:00,0,0,0
2018-06-20 11:00:00,0,0,0
2018-06-20 12:00:00,0,0,0
2018-06-20 13:00:00,0,0,0
2018-06-20 14:00:00,0,0,0
2018-06-20 15:00:00,0,0,0
2018-06-20 16:00:00,0,0,0
2018-06-20 17:00:00,0,0,0
2018-06-20 18:00:00,0,0,0
2018-06-20 19:00:00,0,0,0
2018-06-20 20:00:00,0,0,0
2018-06-20 21:00:00,0,0,0
2018-06-20 22:00:00,0,0,0
2018-06-20 23:00:00,0,0,0
2018-06-21 00:00:00,0,0,0
2018-06-21 01:00:00,0,0,0
2018-06-21 02:00:00,0,0,0
2018-06-21 03:00:00,0,0,0
2018-06-21 04:00:00,0,0,0
2018-06-21 05:00:00,0,0,0
2018-06-21 06:00:00,0,0,0
2018-06-21 07:00:00,0,0,0
2018-06-21 08:00:00,0,0,0
2018-06-21 09:00:00,0,0,0
2018-06-21 10:00:00,0,0,0
2018-06-21 11:00:00,0,0,0
2018-06-21 12:00:00,0,0,0
2018-06-21 13:00:00,0,0,0
2018-06-21 14:00:00,0,0,0
2018-06-21 15:00:00,0,0,0
2018-06-21 16:00:00,0,0,0
2018-06-21 17:00:00,0,0,0
2018-06-21 18:00:00,0,0,0
2018-06-21 19:00:00,0,0,0
2018-06-21 20:00:00,0,0,0
2018-06-21 21:00:00,0,0,0
2018-06-21 22:00:00,0,0,0
2018-06-21 23:00:00,0,0,0
2018-06-22 00:00:00,0,0,0
2018-06-22 01:00:00,0,0,0
2018-06-22 02:00:00,0,0,0
2018-06-22 03:00:00,0,0,0
2018-06-22 04:00:00,0,0,0
2018-06-22 05:00:00,0,0,0
2018-06-22 06:00:00,0,0,0
2018-06-22 07:00:00,0,0,0
2018-06-22 08:00:00,0,0,0
2018-06-22 09:00:00,0,0,0
2018-06-22 10:00:00,0,0,0
2018-06-22 11:00:00,0,0,0
2018-06-22 12:00:00,0,0,0
2018-06-22 13:00:00,0,0,0
2018-06-22 14:00:00,0,0,0
2018-06-22 15:00:00,0,0,0
2018-06-22 16:00:00,0,0,0
2018-06-22 17:00:00,0,0,0
2018-06-22 18:00:00,0,0,0
2018-06-22 19:00:00,0,0,0
2018-06-22 20:00:00,0,0,0
2018-06-22 21:00:00,0,0,0
2018-06-22 22:00:00,0,0,0
2018-06-22 23:00:00,0,0,0
2018-06-23 00:00:00,0,0,0
2018-06-23 01:00:00,0,0,0
2018-06-23 02:00:00,0,0,0
2018-06-23 03:00:00,0,0,0
2018-06-23 04:00:00,0,0,0
2018-06-23 05:00:00,0,0,0
2018-06-23 06:00:00,0,0,0
2018-06-23 07:00:00,0,0,0
2018-06-23 08:00:00,0,0,0
2018-06-23 09:00:00,0,0,0
2018-06-23 10:00:00,0,0,0
2018-06-23 11:00:00,0,0,0
2018-06-23 12:00:00,0,0,0
2018-06-23 13:00:00,0,0,0
2018-06-23 14:00:00,0,0,0
2018-06-23 15:00:00,0,0,0
2018-06-23 16:00:00,0,0,0
2018-06-23 17:00:00,0,0,0
2018-06-23 18:00:00,0,0,0
2018-06-23 19:00:00,0,0,0
2018-06-23 20:00:00,0,0,0
2018-06-23 21:00:00,0,0,0
2018-06-23 22:00:00,0,0,0
2018-06-23 23:00:00,0,0,0
2018-06-24 00:00:00,0,0,0
2018-06-24 01:00:00,0,0,0
2018-06-24 02:00:00,0,0,0
2018-06-24 03:00:00,0,0,0
2018-06-24 04:00:00,0,0,0
2018-06-24 05:00:00,0,0,0
2018-06-24 06:00:00,0,0,0
2018-06-24 07:00:00,0,0,0
2018-06-24 08:00:00,0,0,0
2018-06-24 09:00:00,0,0,0
2018-06-24 10:00:00,0,0,0
2018-06-24 11:00:00,0,0,0
2018-06-24 12:00:00,0,0,0
2018-06-24 13:00:00,0,0,0
2018-06-24 14:00:00,0,0,0
2018-06-24 15:00:00,0,0,0
2018-06-24 16:00:00,0,0,0
2018-06-24 17:00:00,0,0,0
2018-06-24 18:00:00,0,0,0
2018-06-24 19:00:00,0,0,0
2018-06-24 20:00:00,0,0,0
2018-06-24 21:00:00,0,0,0
2018-06-24 22:00:00,0,0,0
2018-06-24 23:00:00,0,0,0
2018-06-25 00:00:00,0,0,0
2018-06-25 01:00:00,0,0,0
2018-06-25 02:00:00,0,0,0
2018-06-25 03:00:00,0,0,0
2018-06-25 04:00:00,0,0,0
2018-06-25 05:00:00,0,0,0
2018-06-25 06:00:00,0,0,0
2018-06-25 07:00:00,0,0,0
2018-06-25 08:00:00,0,0,0
2018-06-25 09:00:00,0,0,0
2018-06-25 10:00:00,0,0,0
2018-06-25 11:00:00,0,0,0
2018-06-25 12:00:00,0,0,0
2018-06-25 13:00:00,0,0,0
2018-06-25 14:00:00,0,0,0
2018-06-25 15:00:00,0,0,0
2018-06-25 16:00:00,0,0,0
2018-06-25 17:00:00,0,0,0
2018-06-25 18:00:00,0,0,0
2018-06-25 19:00:00,0,0,0
2018-06-25 20:00:00,0,0,0
2018-06-25 21:00:00,0,0,0
2018-06-25 22:00:00,0,0,0
2018-06-25 23:00:00,0,0,0
2018-06-26 00:00:00,0,0,0
2018-06-26 01:00:00,0,0,0
2018-06-26 02:00:00,0,0,0
2018-06-26 03:00:00,0,0,0
2018-06-26 04:00:00,0,0,0
2018-06-26 05:00:00,0,0,0
2018-06-26 06:00:00,0,0,0
2018-06-26 07:00:00,0,0,0
2018-06-26 08:00:00,0,0,0
2018-06-26 09:00:00,0,0,0
2018-06-26 10:00:00,0,0,0
2018-06-26 11:00:00,0,0,0
2018-06-26 12:00:00,0,0,0
2018-06-26 13:00:00,0,0,0
2018-06-26 14:00:00,0,0,0
2018-06-26 15:00:00,0,0,0
2018-06-26 16:00:00,0,0,0
2018-06-26 17:00:00,0,0,0
2018-06-26 18:00:00,0,0,0
2018-06-26 19:00:00,0,0,0
2018-06-26 20:00:00,0,0,0
2018-06-26 21:00:00,0,0,0
2018-06-26 22:00:00,0,0,0
2018-06-26 23:00:00,0,0,0
2018-06-27 00:00:00,0,0,0
2018-06-27 01:00:00,0,0,0
2018-06-27 02:00:00,0,0,0
2018-06-27 03:00:00,0,0,0
2018-06-27 04:00:00,0,0,0
2018-06-27 05:00:00,0,0,0
2018-06-27 06:00:00,0,0,0
2018-06-27 07:00:00,0,0,0
2018-06-27 08:00:00,0,0,0
2018-06-27 09:00:00,0,0,0
2018-06-27 10:00:00,0,0,0
2018-06-27 11:00:00,0,0,0
2018-06-27 12:00:00,0,0,0
2018-06-27 13:00:00,0,0,0
2018-06-27 14:00:00,0,0,0
2018-06-27 15:00:00,0,0,0
2018-06-27 16:00:00,0,0,0
2018-06-27 17:00:00,0,0,0
2018-06-27 18:00:00,0,0,0
2018-06-27 19:00:00,0,0,0
2018-06-27 20:00:00,0,0,0
2018-06-27 21:00:00,0,0,0
2018-06-27 22:00:00,0,0,0
2018-06-27 23:00:00,0,0,0
2018-06-28 00:00:00,0,0,0
2018-06-28 01:00:00,0,0,0
2018-06-28 02:00:00,0,0,0
2018-06-28 03:00:00,0,0,0
2018-06-28 04:00:00,0,0,0
2018-06-28 05:00:00,0,0,0
2018-06-28 06:00:00,0,0,0
2018-06-28 07:00:00,0,0,0
2018-06-28 08:00:00,0,0,0
2018-06-28 09:00:00,0,0,0
2018-06-28 10:00:00,0,0,0
2018-06-28 11:00:00,0,0,0
2018-06-28 12:00:00,0,0,0
2018-06-28 13:00:00,0,0,0
2018-06-28 14:00:00,0,0,0
2018-06-28 15:00:00,0,0,0
2018-06-28 16:00:00,0,0,0
2018-06-28 17:00:00,0,0,0
2018-06-28 18:00:00,0,0,0
2018-06-28 19:00:00,0,0,0
2018-06-28 20:00:00,0,0,0
2018-06-28 21:00:00,0,0,0
2018-06-28 22:00:00,0,0,0
2018-06-28 23:00:00,0,0,0
2018-06-29 00:00:00,0,0,0
2018-06-29 01:00:00,0,0,0
2018-06-29 02:00:00,0,0,0
2018-06-29 03:00:00,0,0,0
2018-06-29 04:00:00,0,0,0
2018-06-29 05:00:00,0,0,0
2018-06-29 06:00:00,0,0,0
2018-06-29 07:00:00,0,0,0
2018-06-29 08:00:00,0,0,0
2018-06-29 09:00:00,0,0,0
2018-06-29 10:00:00,0,0,0
2018-06-29 11:00:00,0,0,0
2018-06-29 12:00:00,0,0,0
2018-06-29 13:00:00,0,0,0
2018-06-29 14:00:00,0,0,0
2018-06-29 15:00:00,0,0,0
2018-06-29 16:00:00,0,0,0
2018-06-29 17:00:00,0,0,0
2018-06-29 18:00:00,0,0,0
2018-06-29 19:00:00,0,0,0
2018-06-29 20:00:00,0,0,0
2018-06-29 21:00:00,0,0,0
2018-06-29 22:00:00,0,0,0
2018-06-29 23:00:00,0,0,0
2018-06-30 00:00:00,0,0,0
2018-06-30 01:00:00,0,0,0
2018-06-30 02:00:00,0,0,0
2018-06-30 03:00:00,0,0,0
2018-06-30 04:00:00,0,0,0
2018-06-30 05:00:00,0,0,0
2018-06-30 06:00:00,0,0,0
2018-06-30 07:00:00,0,0,0
2018-06-30 08:00:00,0,0,0
2018-06-30 09:00:00,0,0,0
2018-06-30 10:00:00,0,0,0
2018-06-30 11:00:00,0,0,0
2018-06-30 12:00:00,0,0,0
2018-06-30 13:00:00,0,0,0
2018-06-30 14:00:00,0,0,0
2018-06-30 15:00:00,0,0,0
2018-06-30 16:00:00,0,0,0
2018-06-30 17:00:00,0,0,0
2018-06-30 18:00:00,0,0,0
2018-06-30 19:00:00,0,0,0
2018-06-30 20:00:00,0,0,0
2018-06-30 21:00:00,0,0,0
2018-06-30 22:00:00,0,0,0
2018-06-30 23:00:00,0,0,0
2018-07-01 00:00:00,0,0,0
2018-07-01 01:00:00,0,0,0
2018-07-01 02:00:00,0,0,0
2018-07-01 03:00:00,0,0,0
2018-07-01 04:00:00,0,0,0
2018-07-01 05:00:00,0,0,0
2018-07-01 06:00:00,0,0,0
2018-07-01 07:00:00,0,0,0
2018-07-01 08:00:00,0,0,0
2018-07-01 09:00:00,0,0,0
2018-07-01 10:00:00,0,0,0
2018-07-01 11:00:00,0,0,0
2018-07-01 12:00:00,0,0,0
2018-07-01 13:00:00,0,0,0
2018-07-01 14:00:00,0,0,0
2018-07-01 15:00:00,0,0,0
2018-07-01 16:00:00,0,0,0
2018-07-01 17:00:00,0,0,0
2018-07-01 18:00:00,0,0,0
2018-07-01 19:00:00,0,0,0
2018-07-01 20:00:00,0,0,0
2018-07-01 21:00:00,0,0,0
2018-07-01 22:00:00,0,0,0
2018-07-01 23:00:00,0,0,0
2018-07-02 00:00:00,0,0,0
2018-07-02 01:00:00,0,0,0
2018-07-02 02:00:00,0,0,0
2018-07-02 03:00:00,0,0,0
2018-07-02 04:00:00,0,0,0
2018-07-02 05:00:00,0,0,0
2018-07-02 06:00:00,0,0,0
2018-07-02 07:00:00,0,0,0
2018-07-02 08:00:00,0,0,0
2018-07-02 09:00:00,0,0,0
2018-07-02 10:00:00,0,0,0
2018-07-02 11:00:00,0,0,0
2018-07-02 12:00:00,0,0,0
2018-07-02 13:00:00,0,0,0
2018-07-02 14:00:00,0,0,0
2018-07-02 15:00:00,0,0,0
2018-07-02 16:00:00,0,0,0
2018-07-02 17:00:00,0,0,0
2018-07-02 18:00:00,0,0,0
2018-07-02 19:00:00,0,0,0
2018-07-02 20:00:00,0,0,0
2018-07-02 21:00:00,0,0,0
2018-07-02 22:00:00,0,0,0
2018-07-02 23:00:00,0,0,0
2018-07-03 00:00:00,0,0,0
2018-07-03 01:00:00,0,0,0
2018-07-03 02:00:00,0,0,0
2018-07-03 03:00:00,0,0,0
2018-07-03 04:00:00,0,0,0
2018-07-03 05:00:00,0,0,0
2018-07-03 06:00:00,0,0,0
2018-07-03 07:00:00,0,0,0
2018-07-03 08:00:00,0,0,0
2018-07-03 09:00:00,0,0,0
2018-07-03 10:00:00,0,0,0
2018-07-03 11:00:00,0,0,0
2018-07-03 12:00:00,0,0,0
2018-07-03 13:00:00,0,0,0
2018-07-03 14:00:00,0,0,0
2018-07-03 15:00:00,0,0,0
2018-07-03 16:00:00,0,0,0
2018-07-03 17:00:00,0,0,0
2018-07-03 18:00:00,0,0,0
2018-07-03 19:00:00,0,0,0
2018-07-03 20:00:00,0,0,0
2018-07-03 21:00:00,0,0,0
2018-07-03 22:00:00,0,0,0
2018-07-03 23:00:00,0,0,0
2018-07-04 00:00:00,0,0,0
2018-07-04 01:00:00,0,0,0
2018-07-04 02:00:00,0,0,0
2018-07-04 03:00:00,0,0,0
2018-07-04 04:00:00,0,0,0
2018-07-04 05:00:00,0,0,0
2018-07-04 06:00:00,0,0,0
2018-07-04 07:00:00,0,0,0
2018-07-04 08:00:00,0,0,0
2018-07-04 09:00:00,0,0,0
2018-07-04 10:00:00,0,0,0
2018-07-04 11:00:00,0,0,0
2018-07-04 12:00:00,0,0,0
2018-07-04 13:00:00,0,0,0
2018-07-04 14:00:00,0,0,0
2018-07-04 15:00:00,0,0,0
2018-07-04 16:00:00,0,0,0
2018-07-04 17:00:00,0,0,0
2018-07-04 18:00:00,0,0,0
2018-07-04 19:00:00,0,0,0
2018-07-04 20:00:00,0,0,0
2018-07-04 21:00:00,0,0,0
2018-07-04 22:00:00,0,0,0
2018-07-04 23:00:00,0,0,0
2018-07-05 00:00:00,0,0,0
2018-07-05 01:00:00,0,0,0
2018-07-05 02:00:00,0,0,0
2018-07-05 03:00:00,0,0,0
2018-07-05 04:00:00,0,0,0
2018-07-05 05:00:00,0,0,0
2018-07-05 06:00:00,0,0,0
2018-07-05 07:00:00,0,0,0
2018-07-05 08:00:00,0,0,0
2018-07-05 09:00:00,0,0,0
2018-07-05 10:00:00,0,0,0
2018-07-05 11:00:00,0,0,0
2018-07-05 12:00:00,0,0,0
2018-07-05 13:00:00,0,0,0
2018-07-05 14:00:00,0,0,0
2018-07-05 15:00:00,0,0,0
2018-07-05 16:00:00,0,0,0
2018-07-05 17:00:00,0,0,0
2018-07-05 18:00:00,0,0,0
2018-07-05 19:00:00,0,0,0
2018-07-05 20:00:00,0,0,0
2018-07-05 21:00:00,0,0,0
2018-07-05 22:00:00,0,0,0
2018-07-05 23:00:00,0,0,0
2018-07-06 00:00:00,0,0,0
2018-07-06 01:00:00,0,0,0
2018-07-06 02:00:00,0,0,0
2018-07-06 03:00:00,0,0,0
2018-07-06 04:00:00,0,0,0
2018-07-06 05:00:00,0,0,0
2018-07-06 06:00:00,0,0,0
2018-07-06 07:00:00,0,0,0
2018-07-06 08:00:00,0,0,0
2018-07-06 09:00:00,0,0,0
2018-07-06 10:00:00,0,0,0
2018-07-06 11:00:00,0,0,0
2018-07-06 12:00:00,0,0,0
2018-07-06 13:00:00,0,0,0
2018-07-06 14:00:00,0,0,0
2018-07-06 15:00:00,0,0,0
2018-07-06 16:00:00,0,0,0
2018-07-06 17:00:00,0,0,0
2018-07-06 18:00:00,0,0,0
2018-07-06 19:00:00,0,0,0
2018-07-06 20:00:00,0,0,0
2018-07-06 21:00:00,0,0,0
2018-07-06 22:00:00,0,0,0
2018-07-06 23:00:00,0,0,0
2018-07-07 00:00:00,0,0,0
2018-07-07 01:00:00,0,0,0
2018-07-07 02:00:00,0,0,0
2018-07-07 03:00:00,0,0,0
2018-07-07 04:00:00,0,0,0
2018-07-07 05:00:00,0,0,0
2018-07-07 06:00:00,0,0,0
2018-07-07 07:00:00,0,0,0
2018-07-07 08:00:00,0,0,0
2018-07-07 09:00:00,0,0,0
2018-07-07 10:00:00,0,0,0
2018-07-07 11:00:00,0,0,0
2018-07-07 12:00:00,0,0,0
2018-07-07 13:00:00,0,0,0
2018-07-07 14:00:00,0,0,0
2018-07-07 15:00:00,0,0,0
2018-07-07 16:00:00,0,0,0
2018-07-07 17:00:00,0,0,0
2018-07-07 18:00:00,0,0,0
2018-07-07 19:00:00,0,0,0
2018-07-07 20:00:00,0,0,0
2018-07-07 21:00:00,0,0,0
2018-07-07 22:00:00,0,0,0
2018-07-07 23:00:00,0,0,0
2018-07-08 00:00:00,0,0,0
2018-07-08 01:00:00,0,0,0
2018-07-08 02:00:00,0,0,0
2018-07-08 03:00:00,0,0,0
2018-07-08 04:00:00,0,0,0
2018-07-08 05:00:00,0,0,0
2018-07-08 06:00:00,0,0,0
2018-07-08 07:00:00,0,0,0
2018-07-08 08:00:00,0,0,0
2018-07-08 09:00:00,0,0,0
2018-07-08 10:00:00,0,0,0
2018-07-08 11:00:00,0,0,0
2018-07-08 12:00:00,0,0,0
2018-07-08 13:00:00,0,0,0
2018-07-08 14:00:00,0,0,0
2018-07-08 15:00:00,0,0,0
2018-07-08 16:00:00,0,0,0
2018-07-08 17:00:00,0,0,0
2018-07-08 18:00:00,0,0,0
2018-07-08 19:00:00,0,0,0
2018-07-08 20:00:00,0,0,0
2018-07-08 21:00:00,0,0,0
2018-07-08 22:00:00,0,0,0
2018-07-08 23:00:00,0,0,0
2018-07-09 00:00:00,0,0,0
2018-07-09 01:00:00,0,0,0
2018-07-09 02:00:00,0,0,0
2018-07-09 03:00:00,0,0,0
2018-07-09 04:00:00,0,0,0
2018-07-09 05:00:00,0,0,0
2018-07-09 06:00:00,0,0,0
2018-07-09 07:00:00,0,0,0
2018-07-09 08:00:00,0,0,0
2018-07-09 09:00:00,0,0,0
2018-07-09 10:00:00,0,0,0
2018-07-09 11:00:00,0,0,0
2018-07-09 12:00:00,0,0,0
2018-07-09 13:00:00,0,0,0
2018-07-09 14:00:00,0,0,0
2018-07-09 15:00:00,0,0,0
2018-07-09 16:00:00,0,0,0
2018-07-09 17:00:00,0,0,0
2018-07-09 18:00:00,0,0,0
2018-07-09 19:00:00,0,0,0
2018-07-09 20:00:00,0,0,0
2018-07-09 21:00:00,0,0,0
2018-07-09 22:00:00,0,0,0
2018-07-09 23:00:00,0,0,0
2018-07-10 00:00:00,0,0,0
2018-07-10 01:00:00,0,0,0
2018-07-10 02:00:00,0,0,0
2018-07-10 03:00:00,0,0,0
2018-07-10 04:00:00,0,0,0
2018-07-10 05:00:00,0,0,0
2018-07-10 06:00:00,0,0,0
2018-07-10 07:00:00,0,0,0
2018-07-10 08:00:00,0,0,0
2018-07-10 09:00:00,0,0,0
2018-07-10 10:00:00,0,0,0
2018-07-10 11:00:00,0,0,0
2018-07-10 12:00:00,0,0,0
2018-07-10 13:00:00,0,0,0
2018-07-10 14:00:00,0,0,0
2018-07-10 15:00:00,0,0,0
2018-07-10 16:00:00,0,0,0
2018-07-10 17:00:00,0,0,0
2018-07-10 18:00:00,0,0,0
2018-07-10 19:00:00,0,0,0
2018-07-10 20:00:00,0,0,0
2018-07-10 21:00:00,0,0,0
2018-07-10 22:00:00,0,0,0
2018-07-10 23:00:00,0,0,0
2018-07-11 00:00:00,0,0,0
2018-07-11 01:00:00,0,0,0
2018-07-11 02:00:00,0,0,0
2018-07-11 03:00:00,0,0,0
2018-07-11 04:00:00,0,0,0
2018-07-11 05:00:00,0,0,0
2018-07-11 06:00:00,0,0,0
2018-07-11 07:00:00,0,0,0
2018-07-11 08:00:00,0,0,0
2018-07-11 09:00:00,0,0,0
2018-07-11 10:00:00,0,0,0
2018-07-11 11:00:00,0,0,0
2018-07-11 12:00:00,0,0,0
2018-07-11 13:00:00,0,0,0
2018-07-11 14:00:00,0,0,0
2018-07-11 15:00:00,0,0,0
2018-07-11 16:00:00,0,0,0
2018-07-11 17:00:00,0,0,0
2018-07-11 18:00:00,0,0,0
2018-07-11 19:00:00,0,0,0
2018-07-11 20:00:00,0,0,0
2018-07-11 21:00:00,0,0,0
2018-07-11 22:00:00,0,0,0
2018-07-11 23:00:00,0,0,0
2018-07-12 00:00:00,0,0,0
2018-07-12 01:00:00,0,0,0
2018-07-12 02:00:00,0,0,0
2018-07-12 03:00:00,0,0,0
2018-07-12 04:00:00,0,0,0
2018-07-12 05:00:00,0,0,0
2018-07-12 06:00:00,0,0,0
2018-07-12 07:00:00,0,0,0
2018-07-12 08:00:00,0,0,0
2018-07-12 09:00:00,0,0,0
2018-07-12 10:00:00,0,0,0
2018-07-12 11:00:00,0,0,0
2018-07-12 12:00:00,0,0,0
2018-07-12 13:00:00,0,0,0
2018-07-12 14:00:00,0,0,0
2018-07-12 15:00:00,0,0,0
2018-07-12 16:00:00,0,0,0
2018-07-12 17:00:00,0,0,0
2018-07-12 18:00:00,0,0,0
2018-07-12 19:00:00,0,0,0
2018-07-12 20:00:00,0,0,0
2018-07-12 21:00:00,0,0,0
2018-07-12 22:00:00,0,0,0
2018-07-12 23:00:00,0,0,0
2018-07-13 00:00:00,0,0,0
2018-07-13 01:00:00,0,0,0
2018-07-13 02:00:00,0,0,0
2018-07-13 03:00:00,0,0,0
2018-07-13 04:00:00,0,0,0
2018-07-13 05:00:00,0,0,0
2018-07-13 06:00:00,0,0,0
2018-07-13 07:00:00,0,0,0
2018-07-13 08:00:00,0,0,0
2018-07-13 09:00:00,0,0,0
2018-07-13 10:00:00,0,0,0
2018-07-13 11:00:00,0,0,0
2018-07-13 12:00:00,0,0,0
2018-07-13 13:00:00,0,0,0
2018-07-13 14:00:00,0,0,0
2018-07-13 15:00:00,0,0,0
2018-07-13 16:00:00,0,0,0
2018-07-13 17:00:00,0,0,0
2018-07-13 18:00:00,0,0,0
2018-07-13 19:00:00,0,0,0
2018-07-13 20:00:00,0,0,0
2018-07-13 21:00:00,0,0,0
2018-07-13 22:00:00,0,0,0
2018-07-13 23:00:00,0,0,0
2018-07-14 00:00:00,0,0,0
2018-07-14 01:00:00,0,0,0
2018-07-14 02:00:00,0,0,0
2018-07-14 03:00:00,0,0,0
2018-07-14 04:00:00,0,0,0
2018-07-14 05:00:00,0,0,0
2018-07-14 06:00:00,0,0,0
2018-07-14 07:00:00,0,0,0
2018-07-14 08:00:00,0,0,0
2018-07-14 09:00:00,0,0,0
2018-07-14 10:00:00,0,0,0
2018-07-14 11:00:00,0,0,0
2018-07-14 12:00:00,0,0,0
2018-07-14 13:00:00,0,0,0
2018-07-14 14:00:00,0,0,0
2018-07-14 15:00:00,0,0,0
2018-07-14 16:00:00,0,0,0
2018-07-14 17:00:00,0,0,0
2018-07-14 18:00:00,0,0,0
2018-07-14 19:00:00,0,0,0
2018-07-14 20:00:00,0,0,0
2018-07-14 21:00:00,0,0,0
2018-07-14 22:00:00,0,0,0
2018-07-14 23:00:00,0,0,0
2018-07-15 00:00:00,0,0,0
2018-07-15 01:00:00,0,0,0
2018-07-15 02:00:00,0,0,0
2018-07-15 03:00:00,0,0,0
2018-07-15 04:00:00,0,0,0
2018-07-15 05:00:00,0,0,0
2018-07-15 06:00:00,0,0,0
2018-07-15 07:00:00,0,0,0
2018-07-15 08:00:00,0,0,0
2018-07-15 09:00:00,0,0,0
2018-07-15 10:00:00,0,0,0
2018-07-15 11:00:00,0,0,0
2018-07-15 12:00:00,0,0,0
2018-07-15 13:00:00,0,0,0
2018-07-15 14:00:00,0,0,0
2018-07-15 15:00:00,0,0,0
2018-07-15 16:00:00,0,0,0
2018-07-15 17:00:00,0,0,0
2018-07-15 18:00:00,0,0,0
2018-07-15 19:00:00,0,0,0
2018-07-15 20:00:00,0,0,0
2018-07-15 21:00:00,0,0,0
2018-07-15 22:00:00,0,0,0
2018-07-15 23:00:00,0,0,0
2018-07-16 00:00:00,0,0,0
2018-07-16 01:00:00,0,0,0
2018-07-16 02:00:00,0,0,0
2018-07-16 03:00:00,0,0,0
2018-07-16 04:00:00,0,0,0
2018-07-16 05:00:00,0,0,0
2018-07-16 06:00:00,0,0,0
2018-07-16 07:00:00,0,0,0
2018-07-16 08:00:00,0,0,0
2018-07-16 09:00:00,0,0,0
2018-07-16 10:00:00,0,0,0
2018-07-16 11:00:00,0,0,0
2018-07-16 12:00:00,0,0,0
2018-07-16 13:00:00,0,0,0
2018-07-16 14:00:00,0,0,0
2018-07-16 15:00:00,0,0,0
2018-07-16 16:00:00,0,0,0
2018-07-16 17:00:00,0,0,0
2018-07-16 18:00:00,0,0,0
2018-07-16 19:00:00,0,0,0
2018-07-16 20:00:00,0,0,0
2018-07-16 21:00:00,0,0,0
2018-07-16 22:00:00,0,0,0
2018-07-16 23:00:00,0,0,0
2018-07-17 00:00:00,0,0,0
2018-07-17 01:00:00,0,0,0
2018-07-17 02:00:00,0,0,0
2018-07-17 03:00:00,0,0,0
2018-07-17 04:00:00,0,0,0
2018-07-17 05:00:00,0,0,0
2018-07-17 06:00:00,0,0,0
2018-07-17 07:00:00,0,0,0
2018-07-17 08:00:00,0,0,0
2018-07-17 09:00:00,0,0,0
2018-07-17 10:00:00,0,0,0
2018-07-17 11:00:00,0,0,0
2018-07-17 12:00:00,0,0,0
2018-07-17 13:00:00,0,0,0
2018-07-17 14:00:00,0,0,0
2018-07-17 15:00:00,0,0,0
2018-07-17 16:00:00,0,0,0
2018-07-17 17:00:00,0,0,0
2018-07-17 18:00:00,0,0,0
2018-07-17 19:00:00,0,0,0
2018-07-17 20:00:00,0,0,0
2018-07-17 21:00:00,0,0,0
2018-07-17 22:00:00,0,0,0
2018-07-17 23:00:00,0,0,0
2018-07-18 00:00:00,0,0,0
2018-07-18 01:00:00,0,0,0
2018-07-18 02:00:00,0,0,0
2018-07-18 03:00:00,0,0,0
2018-07-18 04:00:00,0,0,0
2018-07-18 05:00:00,0,0,0
2018-07-18 06:00:00,0,0,0
2018-07-18 07:00:00,0,0,0
2018-07-18 08:00:00,0,0,0
2018-07-18 09:00:00,0,0,0
2018-07-18 10:00:00,0,0,0
2018-07-18 11:00:00,0,0,0
2018-07-18 12:00:00,0,0,0
2018-07-18 13:00:00,0,0,0
2018-07-18 14:00:00,0,0,0
2018-07-18 15:00:00,0,0,0
2018-07-18 16:00:00,0,0,0
2018-07-18 17:00:00,0,0,0
2018-07-18 18:00:00,0,0,0
2018-07-18 19:00:00,0,0,0
2018-07-18 20:00:00,0,0,0
2018-07-18 21:00:00,0,0,0
2018-07-18 22:00:00,0,0,0
2018-07-18 23:00:00,0,0,0
2018-07-19 00:00:00,0,0,0
2018-07-19 01:00:00,0,0,0
2018-07-19 02:00:00,0,0,0
2018-07-19 03:00:00,0,0,0
2018-07-19 04:00:00,0,0,0
2018-07-19 05:00:00,0,0,0
2018-07-19 06:00:00,0,0,0
2018-07-19 07:00:00,0,0,0
2018-07-19 08:00:00,0,0,0
2018-07-19 09:00:00,0,0,0
2018-07-19 10:00:00,0,0,0
2018-07-19 11:00:00,0,0,0
2018-07-19 12:00:00,0,0,0
2018-07-19 13:00:00,0,0,0
2018-07-19 14:00:00,0,0,0
2018-07-19 15:00:00,0,0,0
2018-07-19 16:00:00,0,0,0
2018-07-19 17:00:00,0,0,0
2018-07-19 18:00:00,0,0,0
2018-07-19 19:00:00,0,0,0
2018-07-19 20:00:00,0,0,0
2018-07-19 21:00:00,0,0,0
2018-07-19 22:00:00,0,0,0
2018-07-19 23:00:00,0,0,0
2018-07-20 00:00:00,0,0,0
2018-07-20 01:00:00,0,0,0
2018-07-20 02:00:00,0,0,0
2018-07-20 03:00:00,0,0,0
2018-07-20 04:00:00,0,0,0
2018-07-20 05:00:00,0,0,0
2018-07-20 06:00:00,0,0,0
2018-07-20 07:00:00,0,0,0
2018-07-20 08:00:00,0,0,0
2018-07-20 09:00:00,0,0,0
2018-07-20 10:00:00,0,0,0
2018-07-20 11:00:00,0,0,0
2018-07-20 12:00:00,0,0,0
2018-07-20 13:00:00,0,0,0
2018-07-20 14:00:00,0,0,0
2018-07-20 15:00:00,0,0,0
2018-07-20 16:00:00,0,0,0
2018-07-20 17:00:00,0,0,0
2018-07-20 18:00:00,0,0,0
2018-07-20 19:00:00,0,0,0
2018-07-20 20:00:00,0,0,0
2018-07-20 21:00:00,0,0,0
2018-07-20 22:00:00,0,0,0
2018-07-20 23:00:00,0,0,0
2018-07-21 00:00:00,0,0,0
2018-07-21 01:00:00,0,0,0
2018-07-21 02:00:00,0,0,0
2018-07-21 03:00:00,0,0,0
2018-07-21 04:00:00,0,0,0
2018-07-21 05:00:00,0,0,0
2018-07-21 06:00:00,0,0,0
2018-07-21 07:00:00,0,0,0
2018-07-21 08:00:00,0,0,0
2018-07-21 09:00:00,0,0,0
2018-07-21 10:00:00,0,0,0
2018-07-21 11:00:00,0,0,0
2018-07-21 12:00:00,0,0,0
2018-07-21 13:00:00,0,0,0
2018-07-21 14:00:00,0,0,0
2018-07-21 15:00:00,0,0,0
2018-07-21 16:00:00,0,0,0
2018-07-21 17:00:00,0,0,0
2018-07-21 18:00:00,0,0,0
2018-07-21 19:00:00,0,0,0
2018-07-21 20:00:00,0,0,0
2018-07-21 21:00:00,0,0,0
2018-07-21 22:00:00,0,0,0
2018-07-21 23:00:00,0,0,0
2018-07-22 00:00:00,0,0,0
2018-07-22 01:00:00,0,0,0
2018-07-22 02:00:00,0,0,0
2018-07-22 03:00:00,0,0,0
2018-07-22 04:00:00,0,0,0
2018-07-22 05:00:00,0,0,0
2018-07-22 06:00:00,0,0,0
2018-07-22 07:00:00,0,0,0
2018-07-22 08:00:00,0,0,0
2018-07-22 09:00:00,0,0,0
2018-07-22 10:00:00,0,0,0
2018-07-22 11:00:00,0,0,0
2018-07-22 12:00:00,0,0,0
2018-07-22 13:00:00,0,0,0
2018-07-22 14:00:00,0,0,0
2018-07-22 15:00:00,0,0,0
2018-07-22 16:00:00,0,0,0
2018-07-22 17:00:00,0,0,0
2018-07-22 18:00:00,0,0,0
2018-07-22 19:00:00,0,0,0
2018-07-22 20:00:00,0,0,0
2018-07-22 21:00:00,0,0,0
2018-07-22 22:00:00,0,0,0
2018-07-22 23:00:00,0,0,0
2018-07-23 00:00:00,0,0,0
2018-07-23 01:00:00,0,0,0
2018-07-23 02:00:00,0,0,0
2018-07-23 03:00:00,0,0,0
2018-07-23 04:00:00,0,0,0
2018-07-23 05:00:00,0,0,0
2018-07-23 06:00:00,0,0,0
2018-07-23 07:00:00,0,0,0
2018-07-23 08:00:00,0,0,0
2018-07-23 09:00:00,0,0,0
2018-07-23 10:00:00,0,0,0
2018-07-23 11:00:00,0,0,0
2018-07-23 12:00:00,0,0,0
2018-07-23 13:00:00,0,0,0
2018-07-23 14:00:00,0,0,0
2018-07-23 15:00:00,0,0,0
2018-07-23 16:00:00,0,0,0
2018-07-23 17:00:00,0,0,0
2018-07-23 18:00:00,0,0,0
2018-07-23 19:00:00,0,0,0
2018-07-23 20:00:00,0,0,0
2018-07-23 21:00:00,0,0,0
2018-07-23 22:00:00,0,0,0
2018-07-23 23:00:00,0,0,0
2018-07-24 00:00:00,0,0,0
2018-07-24 01:00:00,0,0,0
2018-07-24 02:00:00,0,0,0
2018-07-24 03:00:00,0,0,0
2018-07-24 04:00:00,0,0,0
2018-07-24 05:00:00,0,0,0
2018-07-24 06:00:00,0,0,0
2018-07-24 07:00:00,0,0,0
2018-07-24 08:00:00,0,0,0
2018-07-24 09:00:00,0,0,0
2018-07-24 10:00:00,0,0,0
2018-07-24 11:00:00,0,0,0
2018-07-24 12:00:00,0,0,0
2018-07-24 13:00:00,0,0,0
2018-07-24 14:00:00,0,0,0
2018-07-24 15:00:00,0,0,0
2018-07-24 16:00:00,0,0,0
2018-07-24 17:00:00,0,0,0
2018-07-24 18:00:00,0,0,0
2018-07-24 19:00:00,0,0,0
2018-07-24 20:00:00,0,0,0
2018-07-24 21:00:00,0,0,0
2018-07-24 22:00:00,0,0,0
2018-07-24 23:00:00,0,0,0
2018-07-25 00:00:00,0,0,0
2018-07-25 01:00:00,0,0,0
2018-07-25 02:00:00,0,0,0
2018-07-25 03:00:00,0,0,0
2018-07-25 04:00:00,0,0,0
2018-07-25 05:00:00,0,0,0
2018-07-25 06:00:00,0,0,0
2018-07-25 07:00:00,0,0,0
2018-07-25 08:00:00,0,0,0
2018-07-25 09:00:00,0,0,0
2018-07-25 10:00:00,0,0,0
2018-07-25 11:00:00,0,0,0
2018-07-25 12:00:00,0,0,0
2018-07-25 13:00:00,0,0,0
2018-07-25 14:00:00,0,0,0
2018-07-25 15:00:00,0,0,0
2018-07-25 16:00:00,0,0,0
2018-07-25 17:00:00,0,0,0
2018-07-25 18:00:00,0,0,0
2018-07-25 19:00:00,0,0,0
2018-07-25 20:00:00,0,0,0
2018-07-25 21:00:00,0,0,0
2018-07-25 22:00:00,0,0,0
2018-07-25 23:00:00,0,0,0
2018-07-26 00:00:00,0,0,0
2018-07-26 01:00:00,0,0,0
2018-07-26 02:00:00,0,0,0
2018-07-26 03:00:00,0,0,0
2018-07-26 04:00:00,0,0,0
2018-07-26 05:00:00,0,0,0
2018-07-26 06:00:00,0,0,0
2018-07-26 07:00:00,0,0,0
2018-07-26 08:00:00,0,0,0
2018-07-26 09:00:00,0,0,0
2018-07-26 10:00:00,0,0,0
2018-07-26 11:00:00,0,0,0
2018-07-26 12:00:00,0,0,0
2018-07-26 13:00:00,0,0,0
2018-07-26 14:00:00,0,0,0
2018-07-26 15:00:00,0,0,0
2018-07-26 16:00:00,0,0,0
2018-07-26 17:00:00,0,0,0
2018-07-26 18:00:00,0,0,0
2018-07-26 19:00:00,0,0,0
2018-07-26 20:00:00,0,0,0
2018-07-26 21:00:00,0,0,0
2018-07-26 22:00:00,0,0,0
2018-07-26 23:00:00,0,0,0
2018-07-27 00:00:00,0,0,0
2018-07-27 01:00:00,0,0,0
2018-07-27 02:00:00,0,0,0
2018-07-27 03:00:00,0,0,0
2018-07-27 04:00:00,0,0,0
2018-07-27 05:00:00,0,0,0
2018-07-27 06:00:00,0,0,0
2018-07-27 07:00:00,0,0,0
2018-07-27 08:00:00,0,0,0
2018-07-27 09:00:00,0,0,0
2018-07-27 10:00:00,0,0,0
2018-07-27 11:00:00,0,0,0
2018-07-27 12:00:00,0,0,0
2018-07-27 13:00:00,0,0,0
2018-07-27 14:00:00,0,0,0
2018-07-27 15:00:00,0,0,0
2018-07-27 16:00:00,0,0,0
2018-07-27 17:00:00,0,0,0
2018-07-27 18:00:00,0,0,0
2018-07-27 19:00:00,0,0,0
2018-07-27 20:00:00,0,0,0
2018-07-27 21:00:00,0,0,0
2018-07-27 22:00:00,0,0,0
2018-07-27 23:00:00,0,0,0
2018-07-28 00:00:00,0,0,0
2018-07-28 01:00:00,0,0,0
2018-07-28 02:00:00,0,0,0
2018-07-28 03:00:00,0,0,0
2018-07-28 04:00:00,0,0,0
2018-07-28 05:00:00,0,0,0
2018-07-28 06:00:00,0,0,0
2018-07-28 07:00:00,0,0,0
2018-07-28 08:00:00,0,0,0
2018-07-28 09:00:00,0,0,0
2018-07-28 10:00:00,0,0,0
2018-07-28 11:00:00,0,0,0
2018-07-28 12:00:00,0,0,0
2018-07-28 13:00:00,0,0,0
2018-07-28 14:00:00,0,0,0
2018-07-28 15:00:00,0,0,0
2018-07-28 16:00:00,0,0,0
2018-07-28 17:00:00,0,0,0
2018-07-28 18:00:00,0,0,0
2018-07-28 19:00:00,0,0,0
2018-07-28 20:00:00,0,0,0
2018-07-28 21:00:00,0,0,0
2018-07-28 22:00:00,0,0,0
2018-07-28 23:00:00,0,0,0
2018-07-29 00:00:00,0,0,0
2018-07-29 01:00:00,0,0,0
2018-07-29 02:00:00,0,0,0
2018-07-29 03:00:00,0,0,0
2018-07-29 04:00:00,0,0,0
2018-07-29 05:00:00,0,0,0
2018-07-29 06:00:00,0,0,0
2018-07-29 07:00:00,0,0,0
2018-07-29 08:00:00,0,0,0
2018-07-29 09:00:00,0,0,0
2018-07-29 10:00:00,0,0,0
2018-07-29 11:00:00,0,0,0
2018-07-29 12:00:00,0,0,0
2018-07-29 13:00:00,0,0,0
2018-07-29 14:00:00,0,0,0
2018-07-29 15:00:00,0,0,0
2018-07-29 16:00:00,0,0,0
2018-07-29 17:00:00,0,0,0
2018-07-29 18:00:00,0,0,0
2018-07-29 19:00:00,0,0,0
2018-07-29 20:00:00,0,0,0
2018-07-29 21:00:00,0,0,0
2018-07-29 22:00:00,0,0,0
2018-07-29 23:00:00,0,0,0
2018-07-30 00:00:00,0,0,0
2018-07-30 01:00:00,0,0,0
2018-07-30 02:00:00,0,0,0
2018-07-30 03:00:00,0,0,0
2018-07-30 04:00:00,0,0,0
2018-07-30 05:00:00,0,0,0
2018-07-30 06:00:00,0,0,0
2018-07-30 07:00:00,0,0,0
2018-07-30 08:00:00,0,0,0
2018-07-30 09:00:00,0,0,0
2018-07-30 10:00:00,0,0,0
2018-07-30 11:00:00,0,0,0
2018-07-30 12:00:00,0,0,0
2018-07-30 13:00:00,0,0,0
2018-07-30 14:00:00,0,0,0
2018-07-30 15:00:00,0,0,0
2018-07-30 16:00:00,0,0,0
2018-07-30 17:00:00,0,0,0
2018-07-30 18:00:00,0,0,0
2018-07-30 19:00:00,0,0,0
2018-07-30 20:00:00,0,0,0
2018-07-30 21:00:00,0,0,0
2018-07-30 22:00:00,0,0,0
2018-07-30 23:00:00,0,0,0
2018-07-31 00:00:00,0,0,0
2018-07-31 01:00:00,0,0,0
2018-07-31 02:00:00,0,0,0
2018-07-31 03:00:00,0,0,0
2018-07-31 04:00:00,0,0,0
2018-07-31 05:00:00,0,0,0
2018-07-31 06:00:00,0,0,0
2018-07-31 07:00:00,0,0,0
2018-07-31 08:00:00,0,0,0
2018-07-31 09:00:00,0,0,0
2018-07-31 10:00:00,0,0,0
2018-07-31 11:00:00,0,0,0
2018-07-31 12:00:00,0,0,0
2018-07-31 13:00:00,0,0,0
2018-07-31 14:00:00,0,0,0
2018-07-31 15:00:00,0,0,0
2018-07-31 16:00:00,0,0,0
2018-07-31 17:00:00,0,0,0
2018-07-31 18:00:00,0,0,0
2018-07-31 19:00:00,0,0,0
2018-07-31 20:00:00,0,0,0
2018-07-31 21:00:00,0,0,0
2018-07-31 22:00:00,0,0,0
2018-07-31 23:00:00,0,0,0
2018-08-01 00:00:00,0,0,0
2018-08-01 01:00:00,0,0,0
2018-08-01 02:00:00,0,0,0
2018-08-01 03:00:00,0,0,0
2018-08-01 04:00:00,0,0,0
2018-08-01 05:00:00,0,0,0
2018-08-01 06:00:00,0,0,0
2018-08-01 07:00:00,0,0,0
2018-08-01 08:00:00,0,0,0
2018-08-01 09:00:00,0,0,0
2018-08-01 10:00:00,0,0,0
2018-08-01 11:00:00,0,0,0
2018-08-01 12:00:00,0,0,0
2018-08-01 13:00:00,0,0,0
2018-08-01 14:00:00,0,0,0
2018-08-01 15:00:00,0,0,0
2018-08-01 16:00:00,0,0,0
2018-08-01 17:00:00,0,0,0
2018-08-01 18:00:00,0,0,0
2018-08-01 19:00:00,0,0,0
2018-08-01 20:00:00,0,0,0
2018-08-01 21:00:00,0,0,0
2018-08-01 22:00:00,0,0,0
2018-08-01 23:00:00,0,0,0
2018-08-02 00:00:00,0,0,0
2018-08-02 01:00:00,0,0,0
2018-08-02 02:00:00,0,0,0
2018-08-02 03:00:00,0,0,0
2018-08-02 04:00:00,0,0,0
2018-08-02 05:00:00,0,0,0
2018-08-02 06:00:00,0,0,0
2018-08-02 07:00:00,0,0,0
2018-08-02 08:00:00,0,0,0
2018-08-02 09:00:00,0,0,0
2018-08-02 10:00:00,0,0,0
2018-08-02 11:00:00,0,0,0
2018-08-02 12:00:00,0,0,0
2018-08-02 13:00:00,0,0,0
2018-08-02 14:00:00,0,0,0
2018-08-02 15:00:00,0,0,0
2018-08-02 16:00:00,0,0,0
2018-08-02 17:00:00,0,0,0
2018-08-02 18:00:00,0,0,0
2018-08-02 19:00:00,0,0,0
2018-08-02 20:00:00,0,0,0
2018-08-02 21:00:00,0,0,0
2018-08-02 22:00:00,0,0,0
2018-08-02 23:00:00,0,0,0
2018-08-03 00:00:00,0,0,0
2018-08-03 01:00:00,0,0,0
2018-08-03 02:00:00,0,0,0
2018-08-03 03:00:00,0,0,0
2018-08-03 04:00:00,0,0,0
2018-08-03 05:00:00,0,0,0
2018-08-03 06:00:00,0,0,0
2018-08-03 07:00:00,0,0,0
2018-08-03 08:00:00,0,0,0
2018-08-03 09:00:00,0,0,0
2018-08-03 10:00:00,0,0,0
2018-08-03 11:00:00,0,0,0
2018-08-03 12:00:00,0,0,0
2018-08-03 13:00:00,0,0,0
2018-08-03 14:00:00,0,0,0
2018-08-03 15:00:00,0,0,0
2018-08-03 16:00:00,0,0,0
2018-08-03 17:00:00,0,0,0
2018-08-03 18:00:00,0,0,0
2018-08-03 19:00:00,0,0,0
2018-08-03 20:00:00,0,0,0
2018-08-03 21:00:00,0,0,0
2018-08-03 22:00:00,0,0,0
2018-08-03 23:00:00,0,0,0
2018-08-04 00:00:00,0,0,0
2018-08-04 01:00:00,0,0,0
2018-08-04 02:00:00,0,0,0
2018-08-04 03:00:00,0,0,0
2018-08-04 04:00:00,0,0,0
2018-08-04 05:00:00,0,0,0
2018-08-04 06:00:00,0,0,0
2018-08-04 07:00:00,0,0,0
2018-08-04 08:00:00,0,0,0
2018-08-04 09:00:00,0,0,0
2018-08-04 10:00:00,0,0,0
2018-08-04 11:00:00,0,0,0
2018-08-04 12:00:00,0,0,0
2018-08-04 13:00:00,0,0,0
2018-08-04 14:00:00,0,0,0
2018-08-04 15:00:00,0,0,0
2018-08-04 16:00:00,0,0,0
2018-08-04 17:00:00,0,0,0
2018-08-04 18:00:00,0,0,0
2018-08-04 19:00:00,0,0,0
2018-08-04 20:00:00,0,0,0
2018-08-04 21:00:00,0,0,0
2018-08-04 22:00:00,0,0,0
2018-08-04 23:00:00,0,0,0
2018-08-05 00:00:00,0,0,0
2018-08-05 01:00:00,0,0,0
2018-08-05 02:00:00,0,0,0
2018-08-05 03:00:00,0,0,0
2018-08-05 04:00:00,0,0,0
2018-08-05 05:00:00,0,0,0
2018-08-05 06:00:00,0,0,0
2018-08-05 07:00:00,0,0,0
2018-08-05 08:00:00,0,0,0
2018-08-05 09:00:00,0,0,0
2018-08-05 10:00:00,0,0,0
2018-08-05 11:00:00,0,0,0
2018-08-05 12:00:00,0,0,0
2018-08-05 13:00:00,0,0,0
2018-08-05 14:00:00,0,0,0
2018-08-05 15:00:00,0,0,0
2018-08-05 16:00:00,0,0,0
2018-08-05 17:00:00,0,0,0
2018-08-05 18:00:00,0,0,0
2018-08-05 19:00:00,0,0,0
2018-08-05 20:00:00,0,0,0
2018-08-05 21:00:00,0,0,0
2018-08-05 22:00:00,0,0,0
2018-08-05 23:00:00,0,0,0
2018-08-06 00:00:00,0,0,0
2018-08-06 01:00:00,0,0,0
2018-08-06 02:00:00,0,0,0
2018-08-06 03:00:00,0,0,0
2018-08-06 04:00:00,0,0,0
2018-08-06 05:00:00,0,0,0
2018-08-06 06:00:00,0,0,0
2018-08-06 07:00:00,0,0,0
2018-08-06 08:00:00,0,0,0
2018-08-06 09:00:00,0,0,0
2018-08-06 10:00:00,0,0,0
2018-08-06 11:00:00,0,0,0
2018-08-06 12:00:00,0,0,0
2018-08-06 13:00:00,0,0,0
2018-08-06 14:00:00,0,0,0
2018-08-06 15:00:00,0,0,0
2018-08-06 16:00:00,0,0,0
2018-08-06 17:00:00,0,0,0
2018-08-06 18:00:00,0,0,0
2018-08-06 19:00:00,0,0,0
2018-08-06 20:00:00,0,0,0
2018-08-06 21:00:00,0,0,0
2018-08-06 22:00:00,0,0,0
2018-08-06 23:00:00,0,0,0
2018-08-07 00:00:00,0,0,0
2018-08-07 01:00:00,0,0,0
2018-08-07 02:00:00,0,0,0
2018-08-07 03:00:00,0,0,0
2018-08-07 04:00:00,0,0,0
2018-08-07 05:00:00,0,0,0
2018-08-07 06:00:00,0,0,0
2018-08-07 07:00:00,0,0,0
2018-08-07 08:00:00,0,0,0
2018-08-07 09:00:00,0,0,0
2018-08-07 10:00:00,0,0,0
2018-08-07 11:00:00,0,0,0
2018-08-07 12:00:00,0,0,0
2018-08-07 13:00:00,0,0,0
2018-08-07 14:00:00,0,0,0
2018-08-07 15:00:00,0,0,0
2018-08-07 16:00:00,0,0,0
2018-08-07 17:00:00,0,0,0
2018-08-07 18:00:00,0,0,0
2018-08-07 19:00:00,0,0,0
2018-08-07 20:00:00,0,0,0
2018-08-07 21:00:00,0,0,0
2018-08-07 22:00:00,0,0,0
2018-08-07 23:00:00,0,0,0
2018-08-08 00:00:00,0,0,0
2018-08-08 01:00:00,0,0,0
2018-08-08 02:00:00,0,0,0
2018-08-08 03:00:00,0,0,0
2018-08-08 04:00:00,0,0,0
2018-08-08 05:00:00,0,0,0
2018-08-08 06:00:00,0,0,0
2018-08-08 07:00:00,0,0,0
2018-08-08 08:00:00,0,0,0
2018-08-08 09:00:00,0,0,0
2018-08-08 10:00:00,0,0,0
2018-08-08 11:00:00,0,0,0
2018-08-08 12:00:00,0,0,0
2018-08-08 13:00:00,0,0,0
2018-08-08 14:00:00,0,0,0
2018-08-08 15:00:00,0,0,0
2018-08-08 16:00:00,0,0,0
2018-08-08 17:00:00,0,0,0
2018-08-08 18:00:00,0,0,0
2018-08-08 19:00:00,0,0,0
2018-08-08 20:00:00,0,0,0
2018-08-08 21:00:00,0,0,0
2018-08-08 22:00:00,0,0,0
2018-08-08 23:00:00,0,0,0
2018-08-09 00:00:00,0,0,0
2018-08-09 01:00:00,0,0,0
2018-08-09 02:00:00,0,0,0
2018-08-09 03:00:00,0,0,0
2018-08-09 04:00:00,0,0,0
2018-08-09 05:00:00,0,0,0
2018-08-09 06:00:00,0,0,0
2018-08-09 07:00:00,0,0,0
2018-08-09 08:00:00,0,0,0
2018-08-09 09:00:00,0,0,0
2018-08-09 10:00:00,0,0,0
2018-08-09 11:00:00,0,0,0
2018-08-09 12:00:00,0,0,0
2018-08-09 13:00:00,0,0,0
2018-08-09 14:00:00,0,0,0
2018-08-09 15:00:00,0,0,0
2018-08-09 16:00:00,0,0,0
2018-08-09 17:00:00,0,0,0
2018-08-09 18:00:00,0,0,0
2018-08-09 19:00:00,0,0,0
2018-08-09 20:00:00,0,0,0
2018-08-09 21:00:00,0,0,0
2018-08-09 22:00:00,0,0,0
2018-08-09 23:00:00,0,0,0
2018-08-10 00:00:00,0,0,0
2018-08-10 01:00:00,0,0,0
2018-08-10 02:00:00,0,0,0
2018-08-10 03:00:00,0,0,0
2018-08-10 04:00:00,0,0,0
2018-08-10 05:00:00,0,0,0
2018-08-10 06:00:00,0,0,0
2018-08-10 07:00:00,0,0,0
2018-08-10 08:00:00,0,0,0
2018-08-10 09:00:00,0,0,0
2018-08-10 10:00:00,0,0,0
2018-08-10 11:00:00,0,0,0
2018-08-10 12:00:00,0,0,0
2018-08-10 13:00:00,0,0,0
2018-08-10 14:00:00,0,0,0
2018-08-10 15:00:00,0,0,0
2018-08-10 16:00:00,0,0,0
2018-08-10 17:00:00,0,0,0
2018-08-10 18:00:00,0,0,0
2018-08-10 19:00:00,0,0,0
2018-08-10 20:00:00,0,0,0
2018-08-10 21:00:00,0,0,0
2018-08-10 22:00:00,0,0,0
2018-08-10 23:00:00,0,0,0
2018-08-11 00:00:00,0,0,0
2018-08-11 01:00:00,0,0,0
2018-08-11 02:00:00,0,0,0
2018-08-11 03:00:00,0,0,0
2018-08-11 04:00:00,0,0,0
2018-08-11 05:00:00,0,0,0
2018-08-11 06:00:00,0,0,0
2018-08-11 07:00:00,0,0,0
2018-08-11 08:00:00,0,0,0
2018-08-11 09:00:00,0,0,0
2018-08-11 10:00:00,0,0,0
2018-08-11 11:00:00,0,0,0
2018-08-11 12:00:00,0,0,0
2018-08-11 13:00:00,0,0,0
2018-08-11 14:00:00,0,0,0
2018-08-11 15:00:00,0,0,0
2018-08-11 16:00:00,0,0,0
2018-08-11 17:00:00,0,0,0
2018-08-11 18:00:00,0,0,0
2018-08-11 19:00:00,0,0,0
2018-08-11 20:00:00,0,0,0
2018-08-11 21:00:00,0,0,0
2018-08-11 22:00:00,0,0,0
2018-08-11 23:00:00,0,0,0
2018-08-12 00:00:00,0,0,0
2018-08-12 01:00:00,0,0,0
2018-08-12 02:00:00,0,0,0
2018-08-12 03:00:00,0,0,0
2018-08-12 04:00:00,0,0,0
2018-08-12 05:00:00,0,0,0
2018-08-12 06:00:00,0,0,0
2018-08-12 07:00:00,0,0,0
2018-08-12 08:00:00,0,0,0
2018-08-12 09:00:00,0,0,0
2018-08-12 10:00:00,0,0,0
2018-08-12 11:00:00,0,0,0
2018-08-12 12:00:00,0,0,0
2018-08-12 13:00:00,0,0,0
2018-08-12 14:00:00,0,0,0
2018-08-12 15:00:00,0,0,0
2018-08-12 16:00:00,0,0,0
2018-08-12 17:00:00,0,0,0
2018-08-12 18:00:00,0,0,0
2018-08-12 19:00:00,0,0,0
2018-08-12 20:00:00,0,0,0
2018-08-12 21:00:00,0,0,0
2018-08-12 22:00:00,0,0,0
2018-08-12 23:00:00,0,0,0
2018-08-13 00:00:00,0,0,0
2018-08-13 01:00:00,0,0,0
2018-08-13 02:00:00,0,0,0
2018-08-13 03:00:00,0,0,0
2018-08-13 04:00:00,0,0,0
2018-08-13 05:00:00,0,0,0
2018-08-13 06:00:00,0,0,0
2018-08-13 07:00:00,0,0,0
2018-08-13 08:00:00,0,0,0
2018-08-13 09:00:00,0,0,0
2018-08-13 10:00:00,0,0,0
2018-08-13 11:00:00,0,0,0
2018-08-13 12:00:00,0,0,0
2018-08-13 13:00:00,0,0,0
2018-08-13 14:00:00,0,0,0
2018-08-13 15:00:00,0,0,0
2018-08-13 16:00:00,0,0,0
2018-08-13 17:00:00,0,0,0
2018-08-13 18:00:00,0,0,0
2018-08-13 19:00:00,0,0,0
2018-08-13 20:00:00,0,0,0
2018-08-13 21:00:00,0,0,0
2018-08-13 22:00:00,0,0,0
2018-08-13 23:00:00,0,0,0
2018-08-14 00:00:00,0,0,0
2018-08-14 01:00:00,0,0,0
2018-08-14 02:00:00,0,0,0
2018-08-14 03:00:00,0,0,0
2018-08-14 04:00:00,0,0,0
2018-08-14 05:00:00,0,0,0
2018-08-14 06:00:00,0,0,0
2018-08-14 07:00:00,0,0,0
2018-08-14 08:00:00,0,0,0
2018-08-14 09:00:00,0,0,0
2018-08-14 10:00:00,0,0,0
2018-08-14 11:00:00,0,0,0
2018-08-14 12:00:00,0,0,0
2018-08-14 13:00:00,0,0,0
2018-08-14 14:00:00,0,0,0
2018-08-14 15:00:00,0,0,0
2018-08-14 16:00:00,0,0,0
2018-08-14 17:00:00,0,0,0
2018-08-14 18:00:00,0,0,0
2018-08-14 19:00:00,0,0,0
2018-08-14 20:00:00,0,0,0
2018-08-14 21:00:00,0,0,0
2018-08-14 22:00:00,0,0,0
2018-08-14 23:00:00,0,0,0
2018-08-15 00:00:00,0,0,0
2018-08-15 01:00:00,0,0,0
2018-08-15 02:00:00,0,0,0
2018-08-15 03:00:00,0,0,0
2018-08-15 04:00:00,0,0,0
2018-08-15 05:00:00,0,0,0
2018-08-15 06:00:00,0,0,0
2018-08-15 07:00:00,0,0,0
2018-08-15 08:00:00,0,0,0
2018-08-15 09:00:00,0,0,0
2018-08-15 10:00:00,0,0,0
2018-08-15 11:00:00,0,0,0
2018-08-15 12:00:00,0,0,0
2018-08-15 13:00:00,0,0,0
2018-08-15 14:00:00,0,0,0
2018-08-15 15:00:00,0,0,0
2018-08-15 16:00:00,0,0,0
2018-08-15 17:00:00,0,0,0
2018-08-15 18:00:00,0,0,0
2018-08-15 19:00:00,0,0,0
2018-08-15 20:00:00,0,0,0
2018-08-15 21:00:00,0,0,0
2018-08-15 22:00:00,0,0,0
2018-08-15 23:00:00,0,0,0
2018-08-16 00:00:00,0,0,0
2018-08-16 01:00:00,0,0,0
2018-08-16 02:00:00,0,0,0
2018-08-16 03:00:00,0,0,0
2018-08-16 04:00:00,0,0,0
2018-08-16 05:00:00,0,0,0
2018-08-16 06:00:00,0,0,0
2018-08-16 07:00:00,0,0,0
2018-08-16 08:00:00,0,0,0
2018-08-16 09:00:00,0,0,0
2018-08-16 10:00:00,0,0,0
2018-08-16 11:00:00,0,0,0
2018-08-16 12:00:00,0,0,0
2018-08-16 13:00:00,0,0,0
2018-08-16 14:00:00,0,0,0
2018-08-16 15:00:00,0,0,0
2018-08-16 16:00:00,0,0,0
2018-08-16 17:00:00,0,0,0
2018-08-16 18:00:00,0,0,0
2018-08-16 19:00:00,0,0,0
2018-08-16 20:00:00,0,0,0
2018-08-16 21:00:00,0,0,0
2018-08-16 22:00:00,0,0,0
2018-08-16 23:00:00,0,0,0
2018-08-17 00:00:00,0,0,0
2018-08-17 01:00:00,0,0,0
2018-08-17 02:00:00,0,0,0
2018-08-17 03:00:00,0,0,0
2018-08-17 04:00:00,0,0,0
2018-08-17 05:00:00,0,0,0
2018-08-17 06:00:00,0,0,0
2018-08-17 07:00:00,0,0,0
2018-08-17 08:00:00,0,0,0
2018-08-17 09:00:00,0,0,0
2018-08-17 10:00:00,0,0,0
2018-08-17 11:00:00,0,0,0
2018-08-17 12:00:00,0,0,0
2018-08-17 13:00:00,0,0,0
2018-08-17 14:00:00,0,0,0
2018-08-17 15:00:00,0,0,0
2018-08-17 16:00:00,0,0,0
2018-08-17 17:00:00,0,0,0
2018-08-17 18:00:00,0,0,0
2018-08-17 19:00:00,0,0,0
2018-08-17 20:00:00,0,0,0
2018-08-17 21:00:00,0,0,0
2018-08-17 22:00:00,0,0,0
2018-08-17 23:00:00,0,0,0
2018-08-18 00:00:00,0,0,0
2018-08-18 01:00:00,0,0,0
2018-08-18 02:00:00,0,0,0
2018-08-18 03:00:00,0,0,0
2018-08-18 04:00:00,0,0,0
2018-08-18 05:00:00,0,0,0
2018-08-18 06:00:00,0,0,0
2018-08-18 07:00:00,0,0,0
2018-08-18 08:00:00,0,0,0
2018-08-18 09:00:00,0,0,0
2018-08-18 10:00:00,0,0,0
2018-08-18 11:00:00,0,0,0
2018-08-18 12:00:00,0,0,0
2018-08-18 13:00:00,0,0,0
2018-08-18 14:00:00,0,0,0
2018-08-18 15:00:00,0,0,0
2018-08-18 16:00:00,0,0,0
2018-08-18 17:00:00,0,0,0
2018-08-18 18:00:00,0,0,0
2018-08-18 19:00:00,0,0,0
2018-08-18 20:00:00,0,0,0
2018-08-18 21:00:00,0,0,0
2018-08-18 22:00:00,0,0,0
2018-08-18 23:00:00,0,0,0
2018-08-19 00:00:00,0,0,0
2018-08-19 01:00:00,0,0,0
2018-08-19 02:00:00,0,0,0
2018-08-19 03:00:00,0,0,0
2018-08-19 04:00:00,0,0,0
2018-08-19 05:00:00,0,0,0
2018-08-19 06:00:00,0,0,0
2018-08-19 07:00:00,0,0,0
2018-08-19 08:00:00,0,0,0
2018-08-19 09:00:00,0,0,0
2018-08-19 10:00:00,0,0,0
2018-08-19 11:00:00,0,0,0
2018-08-19 12:00:00,0,0,0
2018-08-19 13:00:00,0,0,0
2018-08-19 14:00:00,0,0,0
2018-08-19 15:00:00,0,0,0
2018-08-19 16:00:00,0,0,0
2018-08-19 17:00:00,0,0,0
2018-08-19 18:00:00,0,0,0
2018-08-19 19:00:00,0,0,0
2018-08-19 20:00:00,0,0,0
2018-08-19 21:00:00,0,0,0
2018-08-19 22:00:00,0,0,0
2018-08-19 23:00:00,0,0,0
2018-08-20 00:00:00,0,0,0
2018-08-20 01:00:00,0,0,0
2018-08-20 02:00:00,0,0,0
2018-08-20 03:00:00,0,0,0
2018-08-20 04:00:00,0,0,0
2018-08-20 05:00:00,0,0,0
2018-08-20 06:00:00,0,0,0
2018-08-20 07:00:00,0,0,0
2018-08-20 08:00:00,0,0,0
2018-08-20 09:00:00,0,0,0
2018-08-20 10:00:00,0,0,0
2018-08-20 11:00:00,0,0,0
2018-08-20 12:00:00,0,0,0
2018-08-20 13:00:00,0,0,0
2018-08-20 14:00:00,0,0,0
2018-08-20 15:00:00,0,0,0
2018-08-20 16:00:00,0,0,0
2018-08-20 17:00:00,0,0,0
2018-08-20 18:00:00,0,0,0
2018-08-20 19:00:00,0,0,0
2018-08-20 20:00:00,0,0,0
2018-08-20 21:00:00,0,0,0
2018-08-20 22:00:00,0,0,0
2018-08-20 23:00:00,0,0,0
2018-08-21 00:00:00,0,0,0
2018-08-21 01:00:00,0,0,0
2018-08-21 02:00:00,0,0,0
2018-08-21 03:00:00,0,0,0
2018-08-21 04:00:00,0,0,0
2018-08-21 05:00:00,0,0,0
2018-08-21 06:00:00,0,0,0
2018-08-21 07:00:00,0,0,0
2018-08-21 08:00:00,0,0,0
2018-08-21 09:00:00,0,0,0
2018-08-21 10:00:00,0,0,0
2018-08-21 11:00:00,0,0,0
2018-08-21 12:00:00,0,0,0
2018-08-21 13:00:00,0,0,0
2018-08-21 14:00:00,0,0,0
2018-08-21 15:00:00,0,0,0
2018-08-21 16:00:00,0,0,0
2018-08-21 17:00:00,0,0,0
2018-08-21 18:00:00,0,0,0
2018-08-21 19:00:00,0,0,0
2018-08-21 20:00:00,0,0,0
2018-08-21 21:00:00,0,0,0
2018-08-21 22:00:00,0,0,0
2018-08-21 23:00:00,0,0,0
2018-08-22 00:00:00,0,0,0
2018-08-22 01:00:00,0,0,0
2018-08-22 02:00:00,0,0,0
2018-08-22 03:00:00,0,0,0
2018-08-22 04:00:00,0,0,0
2018-08-22 05:00:00,0,0,0
2018-08-22 06:00:00,0,0,0
2018-08-22 07:00:00,0,0,0
2018-08-22 08:00:00,0,0,0
2018-08-22 09:00:00,0,0,0
2018-08-22 10:00:00,0,0,0
2018-08-22 11:00:00,0,0,0
2018-08-22 12:00:00,0,0,0
2018-08-22 13:00:00,0,0,0
2018-08-22 14:00:00,0,0,0
2018-08-22 15:00:00,0,0,0
2018-08-22 16:00:00,0,0,0
2018-08-22 17:00:00,0,0,0
2018-08-22 18:00:00,0,0,0
2018-08-22 19:00:00,0,0,0
2018-08-22 20:00:00,0,0,0
2018-08-22 21:00:00,0,0,0
2018-08-22 22:00:00,0,0,0
2018-08-22 23:00:00,0,0,0
2018-08-23 00:00:00,0,0,0
2018-08-23 01:00:00,0,0,0
2018-08-23 02:00:00,0,0,0
2018-08-23 03:00:00,0,0,0
2018-08-23 04:00:00,0,0,0
2018-08-23 05:00:00,0,0,0
2018-08-23 06:00:00,0,0,0
2018-08-23 07:00:00,0,0,0
2018-08-23 08:00:00,0,0,0
2018-08-23 09:00:00,0,0,0
2018-08-23 10:00:00,0,0,0
2018-08-23 11:00:00,0,0,0
2018-08-23 12:00:00,0,0,0
2018-08-23 13:00:00,0,0,0
2018-08-23 14:00:00,0,0,0
2018-08-23 15:00:00,0,0,0
2018-08-23 16:00:00,0,0,0
2018-08-23 17:00:00,0,0,0
2018-08-23 18:00:00,0,0,0
2018-08-23 19:00:00,0,0,0
2018-08-23 20:00:00,0,0,0
2018-08-23 21:00:00,0,0,0
2018-08-23 22:00:00,0,0,0
2018-08-23 23:00:00,0,0,0
2018-08-24 00:00:00,0,0,0
2018-08-24 01:00:00,0,0,0
2018-08-24 02:00:00,0,0,0
2018-08-24 03:00:00,0,0,0
2018-08-24 04:00:00,0,0,0
2018-08-24 05:00:00,0,0,0
2018-08-24 06:00:00,0,0,0
2018-08-24 07:00:00,0,0,0
2018-08-24 08:00:00,0,0,0
2018-08-24 09:00:00,0,0,0
2018-08-24 10:00:00,0,0,0
2018-08-24 11:00:00,0,0,0
2018-08-24 12:00:00,0,0,0
2018-08-24 13:00:00,0,0,0
2018-08-24 14:00:00,0,0,0
2018-08-24 15:00:00,0,0,0
2018-08-24 16:00:00,0,0,0
2018-08-24 17:00:00,0,0,0
2018-08-24 18:00:00,0,0,0
2018-08-24 19:00:00,0,0,0
2018-08-24 20:00:00,0,0,0
2018-08-24 21:00:00,0,0,0
2018-08-24 22:00:00,0,0,0
2018-08-24 23:00:00,0,0,0
2018-08-25 00:00:00,0,0,0
2018-08-25 01:00:00,0,0,0
2018-08-25 02:00:00,0,0,0
2018-08-25 03:00:00,0,0,0
2018-08-25 04:00:00,0,0,0
2018-08-25 05:00:00,0,0,0
2018-08-25 06:00:00,0,0,0
2018-08-25 07:00:00,0,0,0
2018-08-25 08:00:00,0,0,0
2018-08-25 09:00:00,0,0,0
2018-08-25 10:00:00,0,0,0
2018-08-25 11:00:00,0,0,0
2018-08-25 12:00:00,0,0,0
2018-08-25 13:00:00,0,0,0
2018-08-25 14:00:00,0,0,0
2018-08-25 15:00:00,0,0,0
2018-08-25 16:00:00,0,0,0
2018-08-25 17:00:00,0,0,0
2018-08-25 18:00:00,0,0,0
2018-08-25 19:00:00,0,0,0
2018-08-25 20:00:00,0,0,0
2018-08-25 21:00:00,0,0,0
2018-08-25 22:00:00,0,0,0
2018-08-25 23:00:00,0,0,0
2018-08-26 00:00:00,0,0,0
2018-08-26 01:00:00,0,0,0
2018-08-26 02:00:00,0,0,0
2018-08-26 03:00:00,0,0,0
2018-08-26 04:00:00,0,0,0
2018-08-26 05:00:00,0,0,0
2018-08-26 06:00:00,0,0,0
2018-08-26 07:00:00,0,0,0
2018-08-26 08:00:00,0,0,0
2018-08-26 09:00:00,0,0,0
2018-08-26 10:00:00,0,0,0
2018-08-26 11:00:00,0,0,0
2018-08-26 12:00:00,0,0,0
2018-08-26 13:00:00,0,0,0
2018-08-26 14:00:00,0,0,0
2018-08-26 15:00:00,0,0,0
2018-08-26 16:00:00,0,0,0
2018-08-26 17:00:00,0,0,0
2018-08-26 18:00:00,0,0,0
2018-08-26 19:00:00,0,0,0
2018-08-26 20:00:00,0,0,0
2018-08-26 21:00:00,0,0,0
2018-08-26 22:00:00,0,0,0
2018-08-26 23:00:00,0,0,0
2018-08-27 00:00:00,0,0,0
2018-08-27 01:00:00,0,0,0
2018-08-27 02:00:00,0,0,0
2018-08-27 03:00:00,0,0,0
2018-08-27 04:00:00,0,0,0
2018-08-27 05:00:00,0,0,0
2018-08-27 06:00:00,0,0,0
2018-08-27 07:00:00,0,0,0
2018-08-27 08:00:00,0,0,0
2018-08-27 09:00:00,0,0,0
2018-08-27 10:00:00,0,0,0
2018-08-27 11:00:00,0,0,0
2018-08-27 12:00:00,0,0,0
2018-08-27 13:00:00,0,0,0
2018-08-27 14:00:00,0,0,0
2018-08-27 15:00:00,0,0,0
2018-08-27 16:00:00,0,0,0
2018-08-27 17:00:00,0,0,0
2018-08-27 18:00:00,0,0,0
2018-08-27 19:00:00,0,0,0
2018-08-27 20:00:00,0,0,0
2018-08-27 21:00:00,0,0,0
2018-08-27 22:00:00,0,0,0
2018-08-27 23:00:00,0,0,0
2018-08-28 00:00:00,0,0,0
2018-08-28 01:00:00,0,0,0
2018-08-28 02:00:00,0,0,0
2018-08-28 03:00:00,0,0,0
2018-08-28 04:00:00,0,0,0
2018-08-28 05:00:00,0,0,0
2018-08-28 06:00:00,0,0,0
2018-08-28 07:00:00,0,0,0
2018-08-28 08:00:00,0,0,0
2018-08-28 09:00:00,0,0,0
2018-08-28 10:00:00,0,0,0
2018-08-28 11:00:00,0,0,0
2018-08-28 12:00:00,0,0,0
2018-08-28 13:00:00,0,0,0
2018-08-28 14:00:00,0,0,0
2018-08-28 15:00:00,0,0,0
2018-08-28 16:00:00,0,0,0
2018-08-28 17:00:00,0,0,0
2018-08-28 18:00:00,0,0,0
2018-08-28 19:00:00,0,0,0
2018-08-28 20:00:00,0,0,0
2018-08-28 21:00:00,0,0,0
2018-08-28 22:00:00,0,0,0
2018-08-28 23:00:00,0,0,0
2018-08-29 00:00:00,0,0,0
2018-08-29 01:00:00,0,0,0
2018-08-29 02:00:00,0,0,0
2018-08-29 03:00:00,0,0,0
2018-08-29 04:00:00,0,0,0
2018-08-29 05:00:00,0,0,0
2018-08-29 06:00:00,0,0,0
2018-08-29 07:00:00,0,0,0
2018-08-29 08:00:00,0,0,0
2018-08-29 09:00:00,0,0,0
2018-08-29 10:00:00,0,0,0
2018-08-29 11:00:00,0,0,0
2018-08-29 12:00:00,0,0,0
2018-08-29 13:00:00,0,0,0
2018-08-29 14:00:00,0,0,0
2018-08-29 15:00:00,0,0,0
2018-08-29 16:00:00,0,0,0
2018-08-29 17:00:00,0,0,0
2018-08-29 18:00:00,0,0,0
2018-08-29 19:00:00,0,0,0
2018-08-29 20:00:00,0,0,0
2018-08-29 21:00:00,0,0,0
2018-08-29 22:00:00,0,0,0
2018-08-29 23:00:00,0,0,0
2018-08-30 00:00:00,0,0,0
2018-08-30 01:00:00,0,0,0
2018-08-30 02:00:00,0,0,0
2018-08-30 03:00:00,0,0,0
2018-08-30 04:00:00,0,0,0
2018-08-30 05:00:00,0,0,0
2018-08-30 06:00:00,0,0,0
2018-08-30 07:00:00,0,0,0
2018-08-30 08:00:00,0,0,0
2018-08-30 09:00:00,0,0,0
2018-08-30 10:00:00,0,0,0
2018-08-30 11:00:00,0,0,0
2018-08-30 12:00:00,0,0,0
2018-08-30 13:00:00,0,0,0
2018-08-30 14:00:00,0,0,0
2018-08-30 15:00:00,0,0,0
2018-08-30 16:00:00,0,0,0
2018-08-30 17:00:00,0,0,0
2018-08-30 18:00:00,0,0,0
2018-08-30 19:00:00,0,0,0
2018-08-30 20:00:00,0,0,0
2018-08-30 21:00:00,0,0,0
2018-08-30 22:00:00,0,0,0
2018-08-30 23:00:00,0,0,0
2018-08-31 00:00:00,0,0,0
2018-08-31 01:00:00,0,0,0
2018-08-31 02:00:00,0,0,0
2018-08-31 03:00:00,0,0,0
2018-08-31 04:00:00,0,0,0
2018-08-31 05:00:00,0,0,0
2018-08-31 06:00:00,0,0,0
2018-08-31 07:00:00,0,0,0
2018-08-31 08:00:00,0,0,0
2018-08-31 09:00:00,0,0,0
2018-08-31 10:00:00,0,0,0
2018-08-31 11:00:00,0,0,0
2018-08-31 12:00:00,0,0,0
2018-08-31 13:00:00,0,0,0
2018-08-31 14:00:00,0,0,0
2018-08-31 15:00:00,0,0,0
2018-08-31 16:00:00,0,0,0
2018-08-31 17:00:00,0,0,0
2018-08-31 18:00:00,0,0,0
2018-08-31 19:00:00,0,0,0
2018-08-31 20:00:00,0,0,0
2018-08-31 21:00:00,0,0,0
2018-08-31 22:00:00,0,0,0
2018-08-31 23:00:00,0,0,0
2018-09-01 00:00:00,0,0,0
2018-09-01 01:00:00,0,0,0
2018-09-01 02:00:00,0,0,0
2018-09-01 03:00:00,0,0,0
2018-09-01 04:00:00,0,0,0
2018-09-01 05:00:00,0,0,0
2018-09-01 06:00:00,0,0,0
2018-09-01 07:00:00,0,0,0
2018-09-01 08:00:00,0,0,0
2018-09-01 09:00:00,0,0,0
2018-09-01 10:00:00,0,0,0
2018-09-01 11:00:00,0,0,0
2018-09-01 12:00:00,0,0,0
2018-09-01 13:00:00,0,0,0
2018-09-01 14:00:00,0,0,0
2018-09-01 15:00:00,0,0,0
2018-09-01 16:00:00,0,0,0
2018-09-01 17:00:00,0,0,0
2018-09-01 18:00:00,0,0,0
2018-09-01 19:00:00,0,0,0
2018-09-01 20:00:00,0,0,0
2018-09-01 21:00:00,0,0,0
2018-09-01 22:00:00,0,0,0
2018-09-01 23:00:00,0,0,0
2018-09-02 00:00:00,0,0,0
2018-09-02 01:00:00,0,0,0
2018-09-02 02:00:00,0,0,0
2018-09-02 03:00:00,0,0,0
2018-09-02 04:00:00,0,0,0
2018-09-02 05:00:00,0,0,0
2018-09-02 06:00:00,0,0,0
2018-09-02 07:00:00,0,0,0
2018-09-02 08:00:00,0,0,0
2018-09-02 09:00:00,0,0,0
2018-09-02 10:00:00,0,0,0
2018-09-02 11:00:00,0,0,0
2018-09-02 12:00:00,0,0,0
2018-09-02 13:00:00,0,0,0
2018-09-02 14:00:00,0,0,0
2018-09-02 15:00:00,0,0,0
2018-09-02 16:00:00,0,0,0
2018-09-02 17:00:00,0,0,0
2018-09-02 18:00:00,0,0,0
2018-09-02 19:00:00,0,0,0
2018-09-02 20:00:00,0,0,0
2018-09-02 21:00:00,0,0,0
2018-09-02 22:00:00,0,0,0
2018-09-02 23:00:00,0,0,0
2018-09-03 00:00:00,0,0,0
2018-09-03 01:00:00,0,0,0
2018-09-03 02:00:00,0,0,0
2018-09-03 03:00:00,0,0,0
2018-09-03 04:00:00,0,0,0
2018-09-03 05:00:00,0,0,0
2018-09-03 06:00:00,0,0,0
2018-09-03 07:00:00,0,0,0
2018-09-03 08:00:00,0,0,0
2018-09-03 09:00:00,0,0,0
2018-09-03 10:00:00,0,0,0
2018-09-03 11:00:00,0,0,0
2018-09-03 12:00:00,0,0,0
2018-09-03 13:00:00,0,0,0
2018-09-03 14:00:00,0,0,0
2018-09-03 15:00:00,0,0,0
2018-09-03 16:00:00,0,0,0
2018-09-03 17:00:00,0,0,0
2018-09-03 18:00:00,0,0,0
2018-09-03 19:00:00,0,0,0
2018-09-03 20:00:00,0,0,0
2018-09-03 21:00:00,0,0,0
2018-09-03 22:00:00,0,0,0
2018-09-03 23:00:00,0,0,0
2018-09-04 00:00:00,0,0,0
2018-09-04 01:00:00,0,0,0
2018-09-04 02:00:00,0,0,0
2018-09-04 03:00:00,0,0,0
2018-09-04 04:00:00,0,0,0
2018-09-04 05:00:00,0,0,0
2018-09-04 06:00:00,0,0,0
2018-09-04 07:00:00,0,0,0
2018-09-04 08:00:00,0,0,0
2018-09-04 09:00:00,0,0,0
2018-09-04 10:00:00,0,0,0
2018-09-04 11:00:00,0,0,0
2018-09-04 12:00:00,0,0,0
2018-09-04 13:00:00,0,0,0
2018-09-04 14:00:00,0,0,0
2018-09-04 15:00:00,0,0,0
2018-09-04 16:00:00,0,0,0
2018-09-04 17:00:00,0,0,0
2018-09-04 18:00:00,0,0,0
2018-09-04 19:00:00,0,0,0
2018-09-04 20:00:00,0,0,0
2018-09-04 21:00:00,0,0,0
2018-09-04 22:00:00,0,0,0
2018-09-04 23:00:00,0,0,0
2018-09-05 00:00:00,0,0,0
2018-09-05 01:00:00,0,0,0
2018-09-05 02:00:00,0,0,0
2018-09-05 03:00:00,0,0,0
2018-09-05 04:00:00,0,0,0
2018-09-05 05:00:00,0,0,0
2018-09-05 06:00:00,0,0,0
2018-09-05 07:00:00,0,0,0
2018-09-05 08:00:00,0,0,0
2018-09-05 09:00:00,0,0,0
2018-09-05 10:00:00,0,0,0
2018-09-05 11:00:00,0,0,0
2018-09-05 12:00:00,0,0,0
2018-09-05 13:00:00,0,0,0
2018-09-05 14:00:00,0,0,0
2018-09-05 15:00:00,0,0,0
2018-09-05 16:00:00,0,0,0
2018-09-05 17:00:00,0,0,0
2018-09-05 18:00:00,0,0,0
2018-09-05 19:00:00,0,0,0
2018-09-05 20:00:00,0,0,0
2018-09-05 21:00:00,0,0,0
2018-09-05 22:00:00,0,0,0
2018-09-05 23:00:00,0,0,0
2018-09-06 00:00:00,0,0,0
2018-09-06 01:00:00,0,0,0
2018-09-06 02:00:00,0,0,0
2018-09-06 03:00:00,0,0,0
2018-09-06 04:00:00,0,0,0
2018-09-06 05:00:00,0,0,0
2018-09-06 06:00:00,0,0,0
2018-09-06 07:00:00,0,0,0
2018-09-06 08:00:00,0,0,0
2018-09-06 09:00:00,11,7,4
2018-09-06 10:00:00,66,31,35
2018-09-06 11:00:00,65,37,28
2018-09-06 12:00:00,69,38,31
2018-09-06 13:00:00,70,36,34
2018-09-06 14:00:00,72,35,37
2018-09-06 15:00:00,88,32,56
2018-09-06 16:00:00,123,30,93
2018-09-06 17:00:00,153,37,116
2018-09-06 18:00:00,157,54,103
2018-09-06 19:00:00,79,40,39
2018-09-06 20:00:00,30,19,11
2018-09-06 21:00:00,13,2,11
2018-09-06 22:00:00,7,4,3
2018-09-06 23:00:00,1,0,1
2018-09-07 00:00:00,1,0,1
2018-09-07 01:00:00,0,0,0
2018-09-07 02:00:00,0,0,0
2018-09-07 03:00:00,2,1,1
2018-09-07 04:00:00,1,1,0
2018-09-07 05:00:00,10,5,5
2018-09-07 06:00:00,50,40,10
2018-09-07 07:00:00,70,60,10
2018-09-07 08:00:00,99,75,24
2018-09-07 09:00:00,63,39,24
2018-09-07 10:00:00,40,18,22
2018-09-07 11:00:00,66,34,32
2018-09-07 12:00:00,58,21,37
2018-09-07 13:00:00,51,28,23
2018-09-07 14:00:00,74,37,37
2018-09-07 15:00:00,76,30,46
2018-09-07 16:00:00,117,44,73
2018-09-07 17:00:00,162,40,122
2018-09-07 18:00:00,101,32,69
2018-09-07 19:00:00,26,11,15
2018-09-07 20:00:00,5,1,4
2018-09-07 21:00:00,7,4,3
2018-09-07 22:00:00,3,0,3
2018-09-07 23:00:00,3,1,2
2018-09-08 00:00:00,3,0,3
2018-09-08 01:00:00,1,0,1
2018-09-08 02:00:00,0,0,0
2018-09-08 03:00:00,0,0,0
2018-09-08 04:00:00,1,0,1
2018-09-08 05:00:00,3,1,2
2018-09-08 06:00:00,7,5,2
2018-09-08 07:00:00,25,4,21
2018-09-08 08:00:00,75,37,38
2018-09-08 09:00:00,73,26,47
2018-09-08 10:00:00,95,38,57
2018-09-08 11:00:00,102,39,63
2018-09-08 12:00:00,165,81,84
2018-09-08 13:00:00,109,55,54
2018-09-08 14:00:00,127,72,55
2018-09-08 15:00:00,105,50,55
2018-09-08 16:00:00,97,52,45
2018-09-08 17:00:00,99,47,52
2018-09-08 18:00:00,62,27,35
2018-09-08 19:00:00,36,18,18
2018-09-08 20:00:00,5,3,2
2018-09-08 21:00:00,4,2,2
2018-09-08 22:00:00,1,1,0
2018-09-08 23:00:00,1,0,1
2018-09-09 00:00:00,2,1,1
2018-09-09 01:00:00,1,0,1
2018-09-09 02:00:00,1,0,1
2018-09-09 03:00:00,0,0,0
2018-09-09 04:00:00,0,0,0
2018-09-09 05:00:00,3,1,2
2018-09-09 06:00:00,8,4,4
2018-09-09 07:00:00,33,14,19
2018-09-09 08:00:00,58,21,37
2018-09-09 09:00:00,80,35,45
2018-09-09 10:00:00,161,56,105
2018-09-09 11:00:00,150,93,57
2018-09-09 12:00:00,140,53,87
2018-09-09 13:00:00,159,78,81
2018-09-09 14:00:00,178,83,95
2018-09-09 15:00:00,155,64,91
2018-09-09 16:00:00,122,64,58
2018-09-09 17:00:00,118,72,46
2018-09-09 18:00:00,47,27,20
2018-09-09 19:00:00,26,14,12
2018-09-09 20:00:00,5,2,3
2018-09-09 21:00:00,7,4,3
2018-09-09 22:00:00,1,0,1
2018-09-09 23:00:00,0,0,0
2018-09-10 00:00:00,0,0,0
2018-09-10 01:00:00,0,0,0
2018-09-10 02:00:00,0,0,0
2018-09-10 03:00:00,0,0,0
2018-09-10 04:00:00,3,0,3
2018-09-10 05:00:00,9,9,0
2018-09-10 06:00:00,34,25,9
2018-09-10 07:00:00,67,53,14
2018-09-10 08:00:00,80,68,12
2018-09-10 09:00:00,68,41,27
2018-09-10 10:00:00,38,20,18
2018-09-10 11:00:00,27,18,9
2018-09-10 12:00:00,28,14,14
2018-09-10 13:00:00,42,19,23
2018-09-10 14:00:00,49,23,26
2018-09-10 15:00:00,53,21,32
2018-09-10 16:00:00,71,19,52
2018-09-10 17:00:00,116,25,91
2018-09-10 18:00:00,107,31,76
2018-09-10 19:00:00,45,17,28
2018-09-10 20:00:00,6,3,3
2018-09-10 21:00:00,2,0,2
2018-09-10 22:00:00,2,0,2
2018-09-10 23:00:00,0,0,0
2018-09-11 00:00:00,0,0,0
2018-09-11 01:00:00,0,0,0
2018-09-11 02:00:00,0,0,0
2018-09-11 03:00:00,1,1,0
2018-09-11 04:00:00,2,2,0
2018-09-11 05:00:00,19,15,4
2018-09-11 06:00:00,33,26,7
2018-09-11 07:00:00,72,63,9
2018-09-11 08:00:00,77,54,23
2018-09-11 09:00:00,46,23,23
2018-09-11 10:00:00,49,24,25
2018-09-11 11:00:00,32,20,12
2018-09-11 12:00:00,40,22,18
2018-09-11 13:00:00,25,16,9
2018-09-11 14:00:00,32,8,24
2018-09-11 15:00:00,58,18,40
2018-09-11 16:00:00,89,28,61
2018-09-11 17:00:00,115,27,88
2018-09-11 18:00:00,99,34,65
2018-09-11 19:00:00,44,18,26
2018-09-11 20:00:00,7,1,6
2018-09-11 21:00:00,6,1,5
2018-09-11 22:00:00,4,2,2
2018-09-11 23:00:00,3,1,2
2018-09-12 00:00:00,0,0,0
2018-09-12 01:00:00,0,0,0
2018-09-12 02:00:00,1,0,1
2018-09-12 03:00:00,0,0,0
2018-09-12 04:00:00,2,1,1
2018-09-12 05:00:00,9,5,4
2018-09-12 06:00:00,28,24,4
2018-09-12 07:00:00,76,61,15
2018-09-12 08:00:00,86,66,20
2018-09-12 09:00:00,47,32,15
2018-09-12 10:00:00,43,20,23
2018-09-12 11:00:00,36,15,21
2018-09-12 12:00:00,37,17,20
2018-09-12 13:00:00,26,12,14
2018-09-12 14:00:00,41,17,24
2018-09-12 15:00:00,62,23,39
2018-09-12 16:00:00,73,22,51
2018-09-12 17:00:00,120,33,87
2018-09-12 18:00:00,90,39,51
2018-09-12 19:00:00,40,21,19
2018-09-12 20:00:00,8,4,4
2018-09-12 21:00:00,4,0,4
2018-09-12 22:00:00,1,0,1
2018-09-12 23:00:00,1,0,1
2018-09-13 00:00:00,0,0,0
2018-09-13 01:00:00,0,0,0
2018-09-13 02:00:00,1,0,1
2018-09-13 03:00:00,0,0,0
2018-09-13 04:00:00,2,1,1
2018-09-13 05:00:00,16,13,3
2018-09-13 06:00:00,40,34,6
2018-09-13 07:00:00,70,53,17
2018-09-13 08:00:00,82,62,20
2018-09-13 09:00:00,50,26,24
2018-09-13 10:00:00,43,17,26
2018-09-13 11:00:00,62,34,28
2018-09-13 12:00:00,47,24,23
2018-09-13 13:00:00,42,21,21
2018-09-13 14:00:00,47,17,30
2018-09-13 15:00:00,74,32,42
2018-09-13 16:00:00,91,30,61
2018-09-13 17:00:00,146,27,119
2018-09-13 18:00:00,96,42,54
2018-09-13 19:00:00,40,18,22
2018-09-13 20:00:00,9,4,5
2018-09-13 21:00:00,2,0,2
2018-09-13 22:00:00,2,0,2
2018-09-13 23:00:00,2,1,1
2018-09-14 00:00:00,0,0,0
2018-09-14 01:00:00,0,0,0
2018-09-14 02:00:00,0,0,0
2018-09-14 03:00:00,0,0,0
2018-09-14 04:00:00,0,0,0
2018-09-14 05:00:00,13,9,4
2018-09-14 06:00:00,29,24,5
2018-09-14 07:00:00,36,29,7
2018-09-14 08:00:00,31,24,7
2018-09-14 09:00:00,30,18,12
2018-09-14 10:00:00,17,9,8
2018-09-14 11:00:00,28,14,14
2018-09-14 12:00:00,28,13,15
2018-09-14 13:00:00,36,18,18
2018-09-14 14:00:00,41,17,24
2018-09-14 15:00:00,58,26,32
2018-09-14 16:00:00,56,17,39
2018-09-14 17:00:00,75,22,53
2018-09-14 18:00:00,50,21,29
2018-09-14 19:00:00,30,17,13
2018-09-14 20:00:00,10,5,5
2018-09-14 21:00:00,1,0,1
2018-09-14 22:00:00,2,1,1
2018-09-14 23:00:00,2,1,1
2018-09-15 00:00:00,0,0,0
2018-09-15 01:00:00,0,0,0
2018-09-15 02:00:00,0,0,0
2018-09-15 03:00:00,0,0,0
2018-09-15 04:00:00,1,0,1
2018-09-15 05:00:00,0,0,0
2018-09-15 06:00:00,13,8,5
2018-09-15 07:00:00,32,12,20
2018-09-15 08:00:00,59,22,37
2018-09-15 09:00:00,112,50,62
2018-09-15 10:00:00,145,56,89
2018-09-15 11:00:00,158,76,82
2018-09-15 12:00:00,99,67,32
2018-09-15 13:00:00,100,51,49
2018-09-15 14:00:00,75,40,35
2018-09-15 15:00:00,94,47,47
2018-09-15 16:00:00,73,39,34
2018-09-15 17:00:00,42,28,14
2018-09-15 18:00:00,24,13,11
2018-09-15 19:00:00,8,5,3
2018-09-15 20:00:00,6,3,3
2018-09-15 21:00:00,2,0,2
2018-09-15 22:00:00,3,1,2
2018-09-15 23:00:00,5,2,3
2018-09-16 00:00:00,0,0,0
2018-09-16 01:00:00,0,0,0
2018-09-16 02:00:00,0,0,0
2018-09-16 03:00:00,0,0,0
2018-09-16 04:00:00,0,0,0
2018-09-16 05:00:00,1,1,0
2018-09-16 06:00:00,3,0,3
2018-09-16 07:00:00,8,5,3
2018-09-16 08:00:00,21,8,13
2018-09-16 09:00:00,17,9,8
2018-09-16 10:00:00,13,3,10
2018-09-16 11:00:00,44,17,27
2018-09-16 12:00:00,89,36,53
2018-09-16 13:00:00,78,36,42
2018-09-16 14:00:00,66,35,31
2018-09-16 15:00:00,83,38,45
2018-09-16 16:00:00,67,34,33
2018-09-16 17:00:00,114,66,48
2018-09-16 18:00:00,68,32,36
2018-09-16 19:00:00,22,14,8
2018-09-16 20:00:00,9,2,7
2018-09-16 21:00:00,0,0,0
2018-09-16 22:00:00,3,2,1
2018-09-16 23:00:00,0,0,0
2018-09-17 00:00:00,0,0,0
2018-09-17 01:00:00,0,0,0
2018-09-17 02:00:00,0,0,0
2018-09-17 03:00:00,0,0,0
2018-09-17 04:00:00,6,3,3
2018-09-17 05:00:00,14,10,4
2018-09-17 06:00:00,42,30,12
2018-09-17 07:00:00,88,73,15
2018-09-17 08:00:00,98,73,25
2018-09-17 09:00:00,66,38,28
2018-09-17 10:00:00,45,21,24
2018-09-17 11:00:00,56,34,22
2018-09-17 12:00:00,55,18,37
2018-09-17 13:00:00,55,29,26
2018-09-17 14:00:00,88,42,46
2018-09-17 15:00:00,88,38,50
2018-09-17 16:00:00,137,40,97
2018-09-17 17:00:00,144,45,99
2018-09-17 18:00:00,117,36,81
2018-09-17 19:00:00,49,20,29
2018-09-17 20:00:00,10,4,6
2018-09-17 21:00:00,9,7,2
2018-09-17 22:00:00,2,1,1
2018-09-17 23:00:00,1,0,1
2018-09-18 00:00:00,2,0,2
2018-09-18 01:00:00,0,0,0
2018-09-18 02:00:00,0,0,0
2018-09-18 03:00:00,0,0,0
2018-09-18 04:00:00,1,0,1
2018-09-18 05:00:00,22,16,6
2018-09-18 06:00:00,45,33,12
2018-09-18 07:00:00,97,66,31
2018-09-18 08:00:00,106,64,42
2018-09-18 09:00:00,63,36,27
2018-09-18 10:00:00,55,30,25
2018-09-18 11:00:00,50,28,22
2018-09-18 12:00:00,62,35,27
2018-09-18 13:00:00,40,21,19
2018-09-18 14:00:00,77,42,35
2018-09-18 15:00:00,82,39,43
2018-09-18 16:00:00,115,52,63
2018-09-18 17:00:00,185,80,105
2018-09-18 18:00:00,103,49,54
2018-09-18 19:00:00,65,34,31
2018-09-18 20:00:00,12,5,7
2018-09-18 21:00:00,8,1,7
2018-09-18 22:00:00,1,0,1
2018-09-18 23:00:00,0,0,0
2018-09-19 00:00:00,0,0,0
2018-09-19 01:00:00,0,0,0
2018-09-19 02:00:00,1,0,1
2018-09-19 03:00:00,0,0,0
2018-09-19 04:00:00,6,3,3
2018-09-19 05:00:00,15,10,5
2018-09-19 06:00:00,36,26,10
2018-09-19 07:00:00,87,67,20
2018-09-19 08:00:00,88,57,31
2018-09-19 09:00:00,72,41,31
2018-09-19 10:00:00,65,35,30
2018-09-19 11:00:00,60,32,28
2018-09-19 12:00:00,62,17,45
2018-09-19 13:00:00,44,23,21
2018-09-19 14:00:00,88,37,51
2018-09-19 15:00:00,103,42,61
2018-09-19 16:00:00,118,47,71
2018-09-19 17:00:00,161,56,105
2018-09-19 18:00:00,109,37,72
2018-09-19 19:00:00,38,13,25
2018-09-19 20:00:00,11,4,7
2018-09-19 21:00:00,2,1,1
2018-09-19 22:00:00,2,1,1
2018-09-19 23:00:00,2,0,2
2018-09-20 00:00:00,2,0,2
2018-09-20 01:00:00,1,0,1
2018-09-20 02:00:00,0,0,0
2018-09-20 03:00:00,0,0,0
2018-09-20 04:00:00,2,1,1
2018-09-20 05:00:00,17,14,3
2018-09-20 06:00:00,28,24,4
2018-09-20 07:00:00,66,54,12
2018-09-20 08:00:00,64,51,13
2018-09-20 09:00:00,57,34,23
2018-09-20 10:00:00,35,17,18
2018-09-20 11:00:00,36,18,18
2018-09-20 12:00:00,38,17,21
2018-09-20 13:00:00,21,6,15
2018-09-20 14:00:00,42,20,22
2018-09-20 15:00:00,56,22,34
2018-09-20 16:00:00,72,22,50
2018-09-20 17:00:00,120,33,87
2018-09-20 18:00:00,79,24,55
2018-09-20 19:00:00,30,8,22
2018-09-20 20:00:00,12,5,7
2018-09-20 21:00:00,8,4,4
2018-09-20 22:00:00,3,1,2
2018-09-20 23:00:00,0,0,0
2018-09-21 00:00:00,4,2,2
2018-09-21 01:00:00,0,0,0
2018-09-21 02:00:00,0,0,0
2018-09-21 03:00:00,0,0,0
2018-09-21 04:00:00,2,2,0
2018-09-21 05:00:00,15,12,3
2018-09-21 06:00:00,30,23,7
2018-09-21 07:00:00,58,45,13
2018-09-21 08:00:00,65,48,17
2018-09-21 09:00:00,51,29,22
2018-09-21 10:00:00,37,16,21
2018-09-21 11:00:00,50,23,27
2018-09-21 12:00:00,60,37,23
2018-09-21 13:00:00,57,24,33
2018-09-21 14:00:00,71,39,32
2018-09-21 15:00:00,56,16,40
2018-09-21 16:00:00,72,20,52
2018-09-21 17:00:00,105,35,70
2018-09-21 18:00:00,60,18,42
2018-09-21 19:00:00,28,13,15
2018-09-21 20:00:00,8,1,7
2018-09-21 21:00:00,3,0,3
2018-09-21 22:00:00,0,0,0
2018-09-21 23:00:00,2,0,2
2018-09-22 00:00:00,1,1,0
2018-09-22 01:00:00,2,2,0
2018-09-22 02:00:00,0,0,0
2018-09-22 03:00:00,0,0,0
2018-09-22 04:00:00,0,0,0
2018-09-22 05:00:00,2,1,1
2018-09-22 06:00:00,4,1,3
2018-09-22 07:00:00,12,2,10
2018-09-22 08:00:00,44,15,29
2018-09-22 09:00:00,57,19,38
2018-09-22 10:00:00,98,40,58
2018-09-22 11:00:00,75,37,38
2018-09-22 12:00:00,88,33,55
2018-09-22 13:00:00,79,35,44
2018-09-22 14:00:00,93,43,50
2018-09-22 15:00:00,89,50,39
2018-09-22 16:00:00,67,35,32
2018-09-22 17:00:00,55,31,24
2018-09-22 18:00:00,19,8,11
2018-09-22 19:00:00,18,12,6
2018-09-22 20:00:00,7,2,5
2018-09-22 21:00:00,1,0,1
2018-09-22 22:00:00,4,0,4
2018-09-22 23:00:00,8,0,8
2018-09-23 00:00:00,0,0,0
2018-09-23 01:00:00,0,0,0
2018-09-23 02:00:00,0,0,0
2018-09-23 03:00:00,0,0,0
2018-09-23 04:00:00,1,0,1
2018-09-23 05:00:00,0,0,0
2018-09-23 06:00:00,4,2,2
2018-09-23 07:00:00,17,6,11
2018-09-23 08:00:00,49,16,33
2018-09-23 09:00:00,71,32,39
2018-09-23 10:00:00,99,33,66
2018-09-23 11:00:00,149,78,71
2018-09-23 12:00:00,174,77,97
2018-09-23 13:00:00,197,96,101
2018-09-23 14:00:00,139,60,79
2018-09-23 15:00:00,154,83,71
2018-09-23 16:00:00,156,84,72
2018-09-23 17:00:00,101,62,39
2018-09-23 18:00:00,43,26,17
2018-09-23 19:00:00,18,7,11
2018-09-23 20:00:00,4,2,2
2018-09-23 21:00:00,3,3,0
2018-09-23 22:00:00,0,0,0
2018-09-23 23:00:00,1,0,1
2018-09-24 00:00:00,0,0,0
2018-09-24 01:00:00,0,0,0
2018-09-24 02:00:00,0,0,0
2018-09-24 03:00:00,0,0,0
2018-09-24 04:00:00,1,1,0
2018-09-24 05:00:00,13,9,4
2018-09-24 06:00:00,36,29,7
2018-09-24 07:00:00,80,70,10
2018-09-24 08:00:00,93,77,16
2018-09-24 09:00:00,60,38,22
2018-09-24 10:00:00,54,33,21
2018-09-24 11:00:00,49,19,30
2018-09-24 12:00:00,49,21,28
2018-09-24 13:00:00,67,34,33
2018-09-24 14:00:00,67,36,31
2018-09-24 15:00:00,75,30,45
2018-09-24 16:00:00,107,34,73
2018-09-24 17:00:00,169,46,123
2018-09-24 18:00:00,109,36,73
2018-09-24 19:00:00,59,24,35
2018-09-24 20:00:00,19,5,14
2018-09-24 21:00:00,7,3,4
2018-09-24 22:00:00,2,1,1
2018-09-24 23:00:00,0,0,0
2018-09-25 00:00:00,0,0,0
2018-09-25 01:00:00,0,0,0
2018-09-25 02:00:00,0,0,0
2018-09-25 03:00:00,0,0,0
2018-09-25 04:00:00,2,1,1
2018-09-25 05:00:00,18,14,4
2018-09-25 06:00:00,48,36,12
2018-09-25 07:00:00,80,68,12
2018-09-25 08:00:00,106,77,29
2018-09-25 09:00:00,71,31,40
2018-09-25 10:00:00,55,29,26
2018-09-25 11:00:00,45,26,19
2018-09-25 12:00:00,63,36,27
2018-09-25 13:00:00,64,36,28
2018-09-25 14:00:00,88,32,56
2018-09-25 15:00:00,73,27,46
2018-09-25 16:00:00,132,37,95
2018-09-25 17:00:00,149,41,108
2018-09-25 18:00:00,119,47,72
2018-09-25 19:00:00,55,19,36
2018-09-25 20:00:00,14,3,11
2018-09-25 21:00:00,4,1,3
2018-09-25 22:00:00,8,2,6
2018-09-25 23:00:00,1,0,1
2018-09-26 00:00:00,0,0,0
2018-09-26 01:00:00,0,0,0
2018-09-26 02:00:00,1,0,1
2018-09-26 03:00:00,0,0,0
2018-09-26 04:00:00,3,1,2
2018-09-26 05:00:00,10,9,1
2018-09-26 06:00:00,38,26,12
2018-09-26 07:00:00,100,89,11
2018-09-26 08:00:00,100,82,18
2018-09-26 09:00:00,69,44,25
2018-09-26 10:00:00,49,25,24
2018-09-26 11:00:00,36,24,12
2018-09-26 12:00:00,39,11,28
2018-09-26 13:00:00,44,19,25
2018-09-26 14:00:00,53,25,28
2018-09-26 15:00:00,59,24,35
2018-09-26 16:00:00,105,26,79
2018-09-26 17:00:00,183,39,144
2018-09-26 18:00:00,131,42,89
2018-09-26 19:00:00,50,20,30
2018-09-26 20:00:00,19,10,9
2018-09-26 21:00:00,9,3,6
2018-09-26 22:00:00,3,0,3
2018-09-26 23:00:00,0,0,0
2018-09-27 00:00:00,0,0,0
2018-09-27 01:00:00,0,0,0
2018-09-27 02:00:00,0,0,0
2018-09-27 03:00:00,0,0,0
2018-09-27 04:00:00,1,0,1
2018-09-27 05:00:00,15,12,3
2018-09-27 06:00:00,41,35,6
2018-09-27 07:00:00,80,64,16
2018-09-27 08:00:00,95,75,20
2018-09-27 09:00:00,56,33,23
2018-09-27 10:00:00,61,35,26
2018-09-27 11:00:00,45,22,23
2018-09-27 12:00:00,65,25,40
2018-09-27 13:00:00,67,36,31
2018-09-27 14:00:00,68,22,46
2018-09-27 15:00:00,81,32,49
2018-09-27 16:00:00,133,49,84
2018-09-27 17:00:00,155,36,119
2018-09-27 18:00:00,108,34,74
2018-09-27 19:00:00,43,17,26
2018-09-27 20:00:00,12,1,11
2018-09-27 21:00:00,11,3,8
2018-09-27 22:00:00,4,0,4
2018-09-27 23:00:00,0,0,0
2018-09-28 00:00:00,0,0,0
2018-09-28 01:00:00,0,0,0
2018-09-28 02:00:00,0,0,0
2018-09-28 03:00:00,0,0,0
2018-09-28 04:00:00,5,5,0
2018-09-28 05:00:00,14,9,5
2018-09-28 06:00:00,33,29,4
2018-09-28 07:00:00,77,62,15
2018-09-28 08:00:00,90,72,18
2018-09-28 09:00:00,64,37,27
2018-09-28 10:00:00,58,31,27
2018-09-28 11:00:00,72,40,32
2018-09-28 12:00:00,51,19,32
2018-09-28 13:00:00,89,34,55
2018-09-28 14:00:00,103,41,62
2018-09-28 15:00:00,112,45,67
2018-09-28 16:00:00,138,43,95
2018-09-28 17:00:00,160,53,107
2018-09-28 18:00:00,118,43,75
2018-09-28 19:00:00,61,28,33
2018-09-28 20:00:00,12,5,7
2018-09-28 21:00:00,7,4,3
2018-09-28 22:00:00,4,0,4
2018-09-28 23:00:00,4,0,4
2018-09-29 00:00:00,0,0,0
2018-09-29 01:00:00,1,1,0
2018-09-29 02:00:00,0,0,0
2018-09-29 03:00:00,0,0,0
2018-09-29 04:00:00,1,0,1
2018-09-29 05:00:00,3,2,1
2018-09-29 06:00:00,10,5,5
2018-09-29 07:00:00,46,12,34
2018-09-29 08:00:00,79,34,45
2018-09-29 09:00:00,106,46,60
2018-09-29 10:00:00,140,63,77
2018-09-29 11:00:00,131,64,67
2018-09-29 12:00:00,183,74,109
2018-09-29 13:00:00,168,75,93
2018-09-29 14:00:00,178,104,74
2018-09-29 15:00:00,160,59,101
2018-09-29 16:00:00,142,81,61
2018-09-29 17:00:00,90,46,44
2018-09-29 18:00:00,44,26,18
2018-09-29 19:00:00,29,16,13
2018-09-29 20:00:00,24,7,17
2018-09-29 21:00:00,8,1,7
2018-09-29 22:00:00,4,2,2
2018-09-29 23:00:00,0,0,0
2018-09-30 00:00:00,0,0,0
2018-09-30 01:00:00,0,0,0
2018-09-30 02:00:00,0,0,0
2018-09-30 03:00:00,0,0,0
2018-09-30 04:00:00,1,1,0
2018-09-30 05:00:00,2,1,1
2018-09-30 06:00:00,7,4,3
2018-09-30 07:00:00,15,5,10
2018-09-30 08:00:00,43,22,21
2018-09-30 09:00:00,69,32,37
2018-09-30 10:00:00,108,47,61
2018-09-30 11:00:00,128,64,64
2018-09-30 12:00:00,117,60,57
2018-09-30 13:00:00,103,59,44
2018-09-30 14:00:00,80,51,29
2018-09-30 15:00:00,61,28,33
2018-09-30 16:00:00,63,30,33
2018-09-30 17:00:00,81,46,35
2018-09-30 18:00:00,28,16,12
2018-09-30 19:00:00,6,3,3
2018-09-30 20:00:00,2,0,2
2018-09-30 21:00:00,0,0,0
2018-09-30 22:00:00,2,0,2
2018-09-30 23:00:00,0,0,0
2018-10-01 00:00:00,0,0,0
2018-10-01 01:00:00,0,0,0
2018-10-01 02:00:00,0,0,0
2018-10-01 03:00:00,0,0,0
2018-10-01 04:00:00,1,0,1
2018-10-01 05:00:00,9,9,0
2018-10-01 06:00:00,39,29,10
2018-10-01 07:00:00,62,50,12
2018-10-01 08:00:00,79,68,11
2018-10-01 09:00:00,48,24,24
2018-10-01 10:00:00,20,13,7
2018-10-01 11:00:00,13,4,9
2018-10-01 12:00:00,4,3,1
2018-10-01 13:00:00,16,9,7
2018-10-01 14:00:00,22,8,14
2018-10-01 15:00:00,32,10,22
2018-10-01 16:00:00,50,11,39
2018-10-01 17:00:00,79,13,66
2018-10-01 18:00:00,68,14,54
2018-10-01 19:00:00,14,2,12
2018-10-01 20:00:00,8,2,6
2018-10-01 21:00:00,6,2,4
2018-10-01 22:00:00,0,0,0
2018-10-01 23:00:00,0,0,0
2018-10-02 00:00:00,1,0,1
2018-10-02 01:00:00,0,0,0
2018-10-02 02:00:00,0,0,0
2018-10-02 03:00:00,0,0,0
2018-10-02 04:00:00,2,1,1
2018-10-02 05:00:00,13,9,4
2018-10-02 06:00:00,28,20,8
2018-10-02 07:00:00,60,53,7
2018-10-02 08:00:00,92,67,25
2018-10-02 09:00:00,65,41,24
2018-10-02 10:00:00,43,24,19
2018-10-02 11:00:00,36,18,18
2018-10-02 12:00:00,42,19,23
2018-10-02 13:00:00,22,8,14
2018-10-02 14:00:00,24,11,13
2018-10-02 15:00:00,53,28,25
2018-10-02 16:00:00,80,23,57
2018-10-02 17:00:00,85,20,65
2018-10-02 18:00:00,66,16,50
2018-10-02 19:00:00,24,5,19
2018-10-02 20:00:00,13,2,11
2018-10-02 21:00:00,5,2,3
2018-10-02 22:00:00,2,1,1
2018-10-02 23:00:00,0,0,0
2018-10-03 00:00:00,0,0,0
2018-10-03 01:00:00,1,0,1
2018-10-03 02:00:00,0,0,0
2018-10-03 03:00:00,0,0,0
2018-10-03 04:00:00,0,0,0
2018-10-03 05:00:00,15,12,3
2018-10-03 06:00:00,42,38,4
2018-10-03 07:00:00,78,59,19
2018-10-03 08:00:00,90,76,14
2018-10-03 09:00:00,58,39,19
2018-10-03 10:00:00,39,22,17
2018-10-03 11:00:00,31,14,17
2018-10-03 12:00:00,44,21,23
2018-10-03 13:00:00,41,15,26
2018-10-03 14:00:00,52,26,26
2018-10-03 15:00:00,83,39,44
2018-10-03 16:00:00,84,19,65
2018-10-03 17:00:00,141,33,108
2018-10-03 18:00:00,93,18,75
2018-10-03 19:00:00,25,8,17
2018-10-03 20:00:00,10,1,9
2018-10-03 21:00:00,4,2,2
2018-10-03 22:00:00,5,2,3
2018-10-03 23:00:00,1,1,0
2018-10-04 00:00:00,0,0,0
2018-10-04 01:00:00,0,0,0
2018-10-04 02:00:00,0,0,0
2018-10-04 03:00:00,0,0,0
2018-10-04 04:00:00,0,0,0
2018-10-04 05:00:00,10,7,3
2018-10-04 06:00:00,25,21,4
2018-10-04 07:00:00,71,55,16
2018-10-04 08:00:00,91,77,14
2018-10-04 09:00:00,52,33,19
2018-10-04 10:00:00,48,16,32
2018-10-04 11:00:00,39,17,22
2018-10-04 12:00:00,54,22,32
2018-10-04 13:00:00,60,32,28
2018-10-04 14:00:00,55,28,27
2018-10-04 15:00:00,64,24,40
2018-10-04 16:00:00,130,45,85
2018-10-04 17:00:00,146,44,102
2018-10-04 18:00:00,91,22,69
2018-10-04 19:00:00,35,12,23
2018-10-04 20:00:00,12,1,11
2018-10-04 21:00:00,6,1,5
2018-10-04 22:00:00,5,0,5
2018-10-04 23:00:00,0,0,0
2018-10-05 00:00:00,0,0,0
2018-10-05 01:00:00,0,0,0
2018-10-05 02:00:00,0,0,0
2018-10-05 03:00:00,0,0,0
2018-10-05 04:00:00,3,1,2
2018-10-05 05:00:00,15,12,3
2018-10-05 06:00:00,20,16,4
2018-10-05 07:00:00,52,40,12
2018-10-05 08:00:00,55,47,8
2018-10-05 09:00:00,38,28,10
2018-10-05 10:00:00,14,8,6
2018-10-05 11:00:00,10,6,4
2018-10-05 12:00:00,12,5,7
2018-10-05 13:00:00,9,4,5
2018-10-05 14:00:00,11,2,9
2018-10-05 15:00:00,23,7,16
2018-10-05 16:00:00,40,7,33
2018-10-05 17:00:00,33,6,27
2018-10-05 18:00:00,35,5,30
2018-10-05 19:00:00,10,1,9
2018-10-05 20:00:00,8,0,8
2018-10-05 21:00:00,1,0,1
2018-10-05 22:00:00,1,0,1
2018-10-05 23:00:00,3,0,3
2018-10-06 00:00:00,0,0,0
2018-10-06 01:00:00,0,0,0
2018-10-06 02:00:00,0,0,0
2018-10-06 03:00:00,0,0,0
2018-10-06 04:00:00,1,0,1
2018-10-06 05:00:00,4,4,0
2018-10-06 06:00:00,6,3,3
2018-10-06 07:00:00,14,4,10
2018-10-06 08:00:00,44,17,27
2018-10-06 09:00:00,80,37,43
2018-10-06 10:00:00,82,42,40
2018-10-06 11:00:00,110,48,62
2018-10-06 12:00:00,130,71,59
2018-10-06 13:00:00,101,43,58
2018-10-06 14:00:00,161,67,94
2018-10-06 15:00:00,144,56,88
2018-10-06 16:00:00,109,58,51
2018-10-06 17:00:00,62,43,19
2018-10-06 18:00:00,42,28,14
2018-10-06 19:00:00,7,3,4
2018-10-06 20:00:00,5,0,5
2018-10-06 21:00:00,3,1,2
2018-10-06 22:00:00,1,0,1
2018-10-06 23:00:00,1,1,0
2018-10-07 00:00:00,2,0,2
2018-10-07 01:00:00,1,1,0
2018-10-07 02:00:00,0,0,0
2018-10-07 03:00:00,0,0,0
2018-10-07 04:00:00,0,0,0
2018-10-07 05:00:00,2,2,0
2018-10-07 06:00:00,6,3,3
2018-10-07 07:00:00,18,3,15
2018-10-07 08:00:00,36,15,21
2018-10-07 09:00:00,40,13,27
2018-10-07 10:00:00,50,20,30
2018-10-07 11:00:00,61,28,33
2018-10-07 12:00:00,40,26,14
2018-10-07 13:00:00,38,21,17
2018-10-07 14:00:00,25,13,12
2018-10-07 15:00:00,25,13,12
2018-10-07 16:00:00,36,17,19
2018-10-07 17:00:00,37,22,15
2018-10-07 18:00:00,20,11,9
2018-10-07 19:00:00,8,5,3
2018-10-07 20:00:00,3,1,2
2018-10-07 21:00:00,0,0,0
2018-10-07 22:00:00,0,0,0
2018-10-07 23:00:00,1,0,1
2018-10-08 00:00:00,0,0,0
2018-10-08 01:00:00,0,0,0
2018-10-08 02:00:00,0,0,0
2018-10-08 03:00:00,0,0,0
2018-10-08 04:00:00,1,0,1
2018-10-08 05:00:00,6,5,1
2018-10-08 06:00:00,22,19,3
2018-10-08 07:00:00,51,47,4
2018-10-08 08:00:00,58,48,10
2018-10-08 09:00:00,35,24,11
2018-10-08 10:00:00,20,15,5
2018-10-08 11:00:00,16,8,8
2018-10-08 12:00:00,11,7,4
2018-10-08 13:00:00,12,6,6
2018-10-08 14:00:00,17,5,12
2018-10-08 15:00:00,28,7,21
2018-10-08 16:00:00,45,7,38
2018-10-08 17:00:00,54,6,48
2018-10-08 18:00:00,40,8,32
2018-10-08 19:00:00,15,3,12
2018-10-08 20:00:00,9,1,8
2018-10-08 21:00:00,4,2,2
2018-10-08 22:00:00,0,0,0
2018-10-08 23:00:00,1,0,1
2018-10-09 00:00:00,0,0,0
2018-10-09 01:00:00,0,0,0
2018-10-09 02:00:00,0,0,0
2018-10-09 03:00:00,0,0,0
2018-10-09 04:00:00,0,0,0
2018-10-09 05:00:00,11,8,3
2018-10-09 06:00:00,25,22,3
2018-10-09 07:00:00,60,48,12
2018-10-09 08:00:00,64,50,14
2018-10-09 09:00:00,42,32,10
2018-10-09 10:00:00,25,16,9
2018-10-09 11:00:00,26,13,13
2018-10-09 12:00:00,19,9,10
2018-10-09 13:00:00,18,4,14
2018-10-09 14:00:00,26,8,18
2018-10-09 15:00:00,46,23,23
2018-10-09 16:00:00,69,24,45
2018-10-09 17:00:00,102,23,79
2018-10-09 18:00:00,77,16,61
2018-10-09 19:00:00,22,6,16
2018-10-09 20:00:00,10,4,6
2018-10-09 21:00:00,4,1,3
2018-10-09 22:00:00,5,1,4
2018-10-09 23:00:00,2,0,2
2018-10-10 00:00:00,1,0,1
2018-10-10 01:00:00,0,0,0
2018-10-10 02:00:00,1,0,1
2018-10-10 03:00:00,0,0,0
2018-10-10 04:00:00,1,1,0
2018-10-10 05:00:00,12,7,5
2018-10-10 06:00:00,43,38,5
2018-10-10 07:00:00,66,53,13
2018-10-10 08:00:00,77,56,21
2018-10-10 09:00:00,55,38,17
2018-10-10 10:00:00,49,27,22
2018-10-10 11:00:00,34,15,19
2018-10-10 12:00:00,46,24,22
2018-10-10 13:00:00,40,21,19
2018-10-10 14:00:00,62,26,36
2018-10-10 15:00:00,78,31,47
2018-10-10 16:00:00,116,44,72
2018-10-10 17:00:00,136,38,98
2018-10-10 18:00:00,107,36,71
2018-10-10 19:00:00,26,8,18
2018-10-10 20:00:00,4,1,3
2018-10-10 21:00:00,9,5,4
2018-10-10 22:00:00,2,2,0
2018-10-10 23:00:00,3,0,3
2018-10-11 00:00:00,3,0,3
2018-10-11 01:00:00,0,0,0
2018-10-11 02:00:00,0,0,0
2018-10-11 03:00:00,0,0,0
2018-10-11 04:00:00,1,0,1
2018-10-11 05:00:00,15,13,2
2018-10-11 06:00:00,43,37,6
2018-10-11 07:00:00,69,56,13
2018-10-11 08:00:00,74,59,15
2018-10-11 09:00:00,59,39,20
2018-10-11 10:00:00,33,16,17
2018-10-11 11:00:00,33,17,16
2018-10-11 12:00:00,34,25,9
2018-10-11 13:00:00,50,24,26
2018-10-11 14:00:00,56,15,41
2018-10-11 15:00:00,99,40,59
2018-10-11 16:00:00,110,30,80
2018-10-11 17:00:00,151,41,110
2018-10-11 18:00:00,107,37,70
2018-10-11 19:00:00,42,14,28
2018-10-11 20:00:00,6,1,5
2018-10-11 21:00:00,16,8,8
2018-10-11 22:00:00,2,0,2
2018-10-11 23:00:00,2,0,2
2018-10-12 00:00:00,0,0,0
2018-10-12 01:00:00,1,0,1
2018-10-12 02:00:00,0,0,0
2018-10-12 03:00:00,0,0,0
2018-10-12 04:00:00,0,0,0
2018-10-12 05:00:00,14,10,4
2018-10-12 06:00:00,40,33,7
2018-10-12 07:00:00,65,55,10
2018-10-12 08:00:00,69,49,20
2018-10-12 09:00:00,30,19,11
2018-10-12 10:00:00,53,26,27
2018-10-12 11:00:00,41,20,21
2018-10-12 12:00:00,56,18,38
2018-10-12 13:00:00,70,31,39
2018-10-12 14:00:00,61,30,31
2018-10-12 15:00:00,98,44,54
2018-10-12 16:00:00,101,41,60
2018-10-12 17:00:00,97,31,66
2018-10-12 18:00:00,62,18,44
2018-10-12 19:00:00,14,7,7
2018-10-12 20:00:00,8,0,8
2018-10-12 21:00:00,4,2,2
2018-10-12 22:00:00,2,0,2
2018-10-12 23:00:00,1,0,1
2018-10-13 00:00:00,0,0,0
2018-10-13 01:00:00,0,0,0
2018-10-13 02:00:00,0,0,0
2018-10-13 03:00:00,0,0,0
2018-10-13 04:00:00,3,3,0
2018-10-13 05:00:00,3,3,0
2018-10-13 06:00:00,4,1,3
2018-10-13 07:00:00,15,5,10
2018-10-13 08:00:00,51,14,37
2018-10-13 09:00:00,87,29,58
2018-10-13 10:00:00,106,62,44
2018-10-13 11:00:00,98,44,54
2018-10-13 12:00:00,120,55,65
2018-10-13 13:00:00,178,70,108
2018-10-13 14:00:00,143,58,85
2018-10-13 15:00:00,149,85,64
2018-10-13 16:00:00,126,66,60
2018-10-13 17:00:00,61,28,33
2018-10-13 18:00:00,32,18,14
2018-10-13 19:00:00,12,9,3
2018-10-13 20:00:00,8,3,5
2018-10-13 21:00:00,6,3,3
2018-10-13 22:00:00,0,0,0
2018-10-13 23:00:00,1,1,0
2018-10-14 00:00:00,0,0,0
2018-10-14 01:00:00,0,0,0
2018-10-14 02:00:00,0,0,0
2018-10-14 03:00:00,0,0,0
2018-10-14 04:00:00,1,1,0
2018-10-14 05:00:00,4,3,1
2018-10-14 06:00:00,3,1,2
2018-10-14 07:00:00,25,3,22
2018-10-14 08:00:00,32,20,12
2018-10-14 09:00:00,83,21,62
2018-10-14 10:00:00,72,44,28
2018-10-14 11:00:00,115,36,79
2018-10-14 12:00:00,123,50,73
2018-10-14 13:00:00,208,81,127
2018-10-14 14:00:00,242,113,129
2018-10-14 15:00:00,192,100,92
2018-10-14 16:00:00,165,90,75
2018-10-14 17:00:00,95,51,44
2018-10-14 18:00:00,34,15,19
2018-10-14 19:00:00,5,3,2
2018-10-14 20:00:00,3,3,0
2018-10-14 21:00:00,4,3,1
2018-10-14 22:00:00,1,0,1
2018-10-14 23:00:00,0,0,0
2018-10-15 00:00:00,0,0,0
2018-10-15 01:00:00,0,0,0
2018-10-15 02:00:00,0,0,0
2018-10-15 03:00:00,0,0,0
2018-10-15 04:00:00,1,0,1
2018-10-15 05:00:00,8,6,2
2018-10-15 06:00:00,38,30,8
2018-10-15 07:00:00,78,67,11
2018-10-15 08:00:00,84,67,17
2018-10-15 09:00:00,48,32,16
2018-10-15 10:00:00,30,17,13
2018-10-15 11:00:00,38,23,15
2018-10-15 12:00:00,40,19,21
2018-10-15 13:00:00,50,25,25
2018-10-15 14:00:00,66,24,42
2018-10-15 15:00:00,76,29,47
2018-10-15 16:00:00,107,35,72
2018-10-15 17:00:00,137,42,95
2018-10-15 18:00:00,89,33,56
2018-10-15 19:00:00,32,4,28
2018-10-15 20:00:00,8,4,4
2018-10-15 21:00:00,5,1,4
2018-10-15 22:00:00,5,1,4
2018-10-15 23:00:00,1,0,1
2018-10-16 00:00:00,0,0,0
2018-10-16 01:00:00,2,0,2
2018-10-16 02:00:00,0,0,0
2018-10-16 03:00:00,0,0,0
2018-10-16 04:00:00,2,1,1
2018-10-16 05:00:00,16,10,6
2018-10-16 06:00:00,42,34,8
2018-10-16 07:00:00,66,56,10
2018-10-16 08:00:00,97,75,22
2018-10-16 09:00:00,61,38,23
2018-10-16 10:00:00,42,16,26
2018-10-16 11:00:00,61,33,28
2018-10-16 12:00:00,53,27,26
2018-10-16 13:00:00,62,31,31
2018-10-16 14:00:00,71,34,37
2018-10-16 15:00:00,72,33,39
2018-10-16 16:00:00,142,48,94
2018-10-16 17:00:00,157,45,112
2018-10-16 18:00:00,109,39,70
2018-10-16 19:00:00,20,5,15
2018-10-16 20:00:00,10,4,6
2018-10-16 21:00:00,6,1,5
2018-10-16 22:00:00,1,0,1
2018-10-16 23:00:00,1,1,0
2018-10-17 00:00:00,0,0,0
2018-10-17 01:00:00,0,0,0
2018-10-17 02:00:00,2,0,2
2018-10-17 03:00:00,0,0,0
2018-10-17 04:00:00,1,1,0
2018-10-17 05:00:00,14,10,4
2018-10-17 06:00:00,44,37,7
2018-10-17 07:00:00,81,63,18
2018-10-17 08:00:00,90,73,17
2018-10-17 09:00:00,53,27,26
2018-10-17 10:00:00,52,21,31
2018-10-17 11:00:00,56,28,28
2018-10-17 12:00:00,57,30,27
2018-10-17 13:00:00,58,32,26
2018-10-17 14:00:00,76,32,44
2018-10-17 15:00:00,86,31,55
2018-10-17 16:00:00,157,57,100
2018-10-17 17:00:00,173,40,133
2018-10-17 18:00:00,92,24,68
2018-10-17 19:00:00,40,18,22
2018-10-17 20:00:00,10,4,6
2018-10-17 21:00:00,7,3,4
2018-10-17 22:00:00,6,1,5
2018-10-17 23:00:00,1,0,1
2018-10-18 00:00:00,0,0,0
2018-10-18 01:00:00,0,0,0
2018-10-18 02:00:00,0,0,0
2018-10-18 03:00:00,0,0,0
2018-10-18 04:00:00,1,0,1
2018-10-18 05:00:00,14,11,3
2018-10-18 06:00:00,34,27,7
2018-10-18 07:00:00,67,51,16
2018-10-18 08:00:00,93,73,20
2018-10-18 09:00:00,51,33,18
2018-10-18 10:00:00,45,26,19
2018-10-18 11:00:00,43,23,20
2018-10-18 12:00:00,41,25,16
2018-10-18 13:00:00,51,26,25
2018-10-18 14:00:00,40,12,28
2018-10-18 15:00:00,73,28,45
2018-10-18 16:00:00,100,31,69
2018-10-18 17:00:00,139,39,100
2018-10-18 18:00:00,80,26,54
2018-10-18 19:00:00,32,7,25
2018-10-18 20:00:00,13,3,10
2018-10-18 21:00:00,9,2,7
2018-10-18 22:00:00,2,1,1
2018-10-18 23:00:00,2,2,0
2018-10-19 00:00:00,0,0,0
2018-10-19 01:00:00,1,0,1
2018-10-19 02:00:00,0,0,0
2018-10-19 03:00:00,0,0,0
2018-10-19 04:00:00,1,1,0
2018-10-19 05:00:00,16,13,3
2018-10-19 06:00:00,28,24,4
2018-10-19 07:00:00,65,51,14
2018-10-19 08:00:00,98,66,32
2018-10-19 09:00:00,63,46,17
2018-10-19 10:00:00,36,21,15
2018-10-19 11:00:00,30,18,12
2018-10-19 12:00:00,35,17,18
2018-10-19 13:00:00,75,41,34
2018-10-19 14:00:00,70,33,37
2018-10-19 15:00:00,80,27,53
2018-10-19 16:00:00,106,31,75
2018-10-19 17:00:00,110,38,72
2018-10-19 18:00:00,61,24,37
2018-10-19 19:00:00,15,0,15
2018-10-19 20:00:00,9,1,8
2018-10-19 21:00:00,11,4,7
2018-10-19 22:00:00,3,1,2
2018-10-19 23:00:00,3,3,0
2018-10-20 00:00:00,2,2,0
2018-10-20 01:00:00,0,0,0
2018-10-20 02:00:00,0,0,0
2018-10-20 03:00:00,0,0,0
2018-10-20 04:00:00,1,1,0
2018-10-20 05:00:00,3,2,1
2018-10-20 06:00:00,11,6,5
2018-10-20 07:00:00,12,2,10
2018-10-20 08:00:00,61,25,36
2018-10-20 09:00:00,63,29,34
2018-10-20 10:00:00,80,42,38
2018-10-20 11:00:00,115,54,61
2018-10-20 12:00:00,135,62,73
2018-10-20 13:00:00,116,60,56
2018-10-20 14:00:00,88,32,56
2018-10-20 15:00:00,93,39,54
2018-10-20 16:00:00,142,62,80
2018-10-20 17:00:00,73,52,21
2018-10-20 18:00:00,26,12,14
2018-10-20 19:00:00,9,7,2
2018-10-20 20:00:00,8,4,4
2018-10-20 21:00:00,5,2,3
2018-10-20 22:00:00,3,0,3
2018-10-20 23:00:00,4,0,4
2018-10-21 00:00:00,0,0,0
2018-10-21 01:00:00,0,0,0
2018-10-21 02:00:00,0,0,0
2018-10-21 03:00:00,0,0,0
2018-10-21 04:00:00,0,0,0
2018-10-21 05:00:00,1,1,0
2018-10-21 06:00:00,6,3,3
2018-10-21 07:00:00,11,2,9
2018-10-21 08:00:00,36,11,25
2018-10-21 09:00:00,41,12,29
2018-10-21 10:00:00,80,38,42
2018-10-21 11:00:00,94,33,61
2018-10-21 12:00:00,63,39,24
2018-10-21 13:00:00,74,42,32
2018-10-21 14:00:00,122,46,76
2018-10-21 15:00:00,135,69,66
2018-10-21 16:00:00,121,59,62
2018-10-21 17:00:00,52,38,14
2018-10-21 18:00:00,22,16,6
2018-10-21 19:00:00,5,2,3
2018-10-21 20:00:00,6,4,2
2018-10-21 21:00:00,4,1,3
2018-10-21 22:00:00,1,0,1
2018-10-21 23:00:00,1,0,1
2018-10-22 00:00:00,0,0,0
2018-10-22 01:00:00,0,0,0
2018-10-22 02:00:00,0,0,0
2018-10-22 03:00:00,0,0,0
2018-10-22 04:00:00,1,1,0
2018-10-22 05:00:00,10,7,3
2018-10-22 06:00:00,39,33,6
2018-10-22 07:00:00,71,55,16
2018-10-22 08:00:00,76,57,19
2018-10-22 09:00:00,47,35,12
2018-10-22 10:00:00,40,25,15
2018-10-22 11:00:00,27,19,8
2018-10-22 12:00:00,30,20,10
2018-10-22 13:00:00,42,18,24
2018-10-22 14:00:00,29,14,15
2018-10-22 15:00:00,77,21,56
2018-10-22 16:00:00,93,32,61
2018-10-22 17:00:00,118,35,83
2018-10-22 18:00:00,77,24,53
2018-10-22 19:00:00,30,6,24
2018-10-22 20:00:00,9,1,8
2018-10-22 21:00:00,2,1,1
2018-10-22 22:00:00,1,1,0
2018-10-22 23:00:00,2,0,2
2018-10-23 00:00:00,0,0,0
2018-10-23 01:00:00,1,0,1
2018-10-23 02:00:00,1,0,1
2018-10-23 03:00:00,0,0,0
2018-10-23 04:00:00,1,1,0
2018-10-23 05:00:00,15,12,3
2018-10-23 06:00:00,35,27,8
2018-10-23 07:00:00,63,52,11
2018-10-23 08:00:00,73,58,15
2018-10-23 09:00:00,45,31,14
2018-10-23 10:00:00,34,15,19
2018-10-23 11:00:00,24,15,9
2018-10-23 12:00:00,19,10,9
2018-10-23 13:00:00,22,13,9
2018-10-23 14:00:00,33,9,24
2018-10-23 15:00:00,46,17,29
2018-10-23 16:00:00,74,18,56
2018-10-23 17:00:00,102,23,79
2018-10-23 18:00:00,52,15,37
2018-10-23 19:00:00,23,6,17
2018-10-23 20:00:00,11,1,10
2018-10-23 21:00:00,3,1,2
2018-10-23 22:00:00,1,0,1
2018-10-23 23:00:00,2,0,2
2018-10-24 00:00:00,0,0,0
2018-10-24 01:00:00,0,0,0
2018-10-24 02:00:00,1,0,1
2018-10-24 03:00:00,0,0,0
2018-10-24 04:00:00,2,2,0
2018-10-24 05:00:00,17,13,4
2018-10-24 06:00:00,29,26,3
2018-10-24 07:00:00,54,45,9
2018-10-24 08:00:00,76,57,19
2018-10-24 09:00:00,48,28,20
2018-10-24 10:00:00,28,14,14
2018-10-24 11:00:00,28,14,14
2018-10-24 12:00:00,33,13,20
2018-10-24 13:00:00,16,9,7
2018-10-24 14:00:00,28,9,19
2018-10-24 15:00:00,61,20,41
2018-10-24 16:00:00,92,28,64
2018-10-24 17:00:00,102,30,72
2018-10-24 18:00:00,63,21,42
2018-10-24 19:00:00,14,1,13
2018-10-24 20:00:00,9,4,5
2018-10-24 21:00:00,10,5,5
2018-10-24 22:00:00,8,5,3
2018-10-24 23:00:00,3,0,3
2018-10-25 00:00:00,0,0,0
2018-10-25 01:00:00,0,0,0
2018-10-25 02:00:00,0,0,0
2018-10-25 03:00:00,0,0,0
2018-10-25 04:00:00,0,0,0
2018-10-25 05:00:00,12,10,2
2018-10-25 06:00:00,27,23,4
2018-10-25 07:00:00,40,27,13
2018-10-25 08:00:00,54,39,15
2018-10-25 09:00:00,22,14,8
2018-10-25 10:00:00,18,12,6
2018-10-25 11:00:00,6,2,4
2018-10-25 12:00:00,9,6,3
2018-10-25 13:00:00,8,6,2
2018-10-25 14:00:00,6,0,6
2018-10-25 15:00:00,27,8,19
2018-10-25 16:00:00,48,21,27
2018-10-25 17:00:00,54,12,42
2018-10-25 18:00:00,34,7,27
2018-10-25 19:00:00,16,4,12
2018-10-25 20:00:00,7,1,6
2018-10-25 21:00:00,3,1,2
2018-10-25 22:00:00,1,1,0
2018-10-25 23:00:00,2,0,2
2018-10-26 00:00:00,0,0,0
2018-10-26 01:00:00,0,0,0
2018-10-26 02:00:00,0,0,0
2018-10-26 03:00:00,1,0,1
2018-10-26 04:00:00,0,0,0
2018-10-26 05:00:00,11,8,3
2018-10-26 06:00:00,19,15,4
2018-10-26 07:00:00,43,38,5
2018-10-26 08:00:00,45,33,12
2018-10-26 09:00:00,39,25,14
2018-10-26 10:00:00,12,6,6
2018-10-26 11:00:00,16,8,8
2018-10-26 12:00:00,23,10,13
2018-10-26 13:00:00,18,10,8
2018-10-26 14:00:00,34,16,18
2018-10-26 15:00:00,48,14,34
2018-10-26 16:00:00,49,13,36
2018-10-26 17:00:00,74,21,53
2018-10-26 18:00:00,45,13,32
2018-10-26 19:00:00,12,7,5
2018-10-26 20:00:00,9,2,7
2018-10-26 21:00:00,7,2,5
2018-10-26 22:00:00,0,0,0
2018-10-26 23:00:00,0,0,0
2018-10-27 00:00:00,2,1,1
2018-10-27 01:00:00,0,0,0
2018-10-27 02:00:00,0,0,0
2018-10-27 03:00:00,0,0,0
2018-10-27 04:00:00,1,1,0
2018-10-27 05:00:00,5,3,2
2018-10-27 06:00:00,12,7,5
2018-10-27 07:00:00,14,9,5
2018-10-27 08:00:00,47,13,34
2018-10-27 09:00:00,59,27,32
2018-10-27 10:00:00,102,40,62
2018-10-27 11:00:00,92,44,48
2018-10-27 12:00:00,117,48,69
2018-10-27 13:00:00,145,70,75
2018-10-27 14:00:00,124,63,61
2018-10-27 15:00:00,92,42,50
2018-10-27 16:00:00,30,19,11
2018-10-27 17:00:00,25,18,7
2018-10-27 18:00:00,8,3,5
2018-10-27 19:00:00,4,1,3
2018-10-27 20:00:00,5,1,4
2018-10-27 21:00:00,4,0,4
2018-10-27 22:00:00,0,0,0
2018-10-27 23:00:00,1,0,1
2018-10-28 00:00:00,0,0,0
2018-10-28 01:00:00,0,0,0
2018-10-28 02:00:00,0,0,0
2018-10-28 03:00:00,0,0,0
2018-10-28 04:00:00,0,0,0
2018-10-28 05:00:00,2,1,1
2018-10-28 06:00:00,2,1,1
2018-10-28 07:00:00,5,2,3
2018-10-28 08:00:00,23,10,13
2018-10-28 09:00:00,30,11,19
2018-10-28 10:00:00,31,14,17
2018-10-28 11:00:00,21,11,10
2018-10-28 12:00:00,28,13,15
2018-10-28 13:00:00,56,21,35
2018-10-28 14:00:00,51,24,27
2018-10-28 15:00:00,25,18,7
2018-10-28 16:00:00,16,7,9
2018-10-28 17:00:00,19,11,8
2018-10-28 18:00:00,3,2,1
2018-10-28 19:00:00,3,2,1
2018-10-28 20:00:00,1,0,1
2018-10-28 21:00:00,0,0,0
2018-10-28 22:00:00,1,0,1
2018-10-28 23:00:00,0,0,0
2018-10-29 00:00:00,1,0,1
2018-10-29 01:00:00,0,0,0
2018-10-29 02:00:00,0,0,0
2018-10-29 03:00:00,0,0,0
2018-10-29 04:00:00,1,1,0
2018-10-29 05:00:00,12,11,1
2018-10-29 06:00:00,30,24,6
2018-10-29 07:00:00,48,41,7
2018-10-29 08:00:00,73,59,14
2018-10-29 09:00:00,39,26,13
2018-10-29 10:00:00,23,12,11
2018-10-29 11:00:00,36,20,16
2018-10-29 12:00:00,32,17,15
2018-10-29 13:00:00,16,5,11
2018-10-29 14:00:00,26,7,19
2018-10-29 15:00:00,26,3,23
2018-10-29 16:00:00,47,12,35
2018-10-29 17:00:00,67,10,57
2018-10-29 18:00:00,48,8,40
2018-10-29 19:00:00,18,2,16
2018-10-29 20:00:00,3,0,3
2018-10-29 21:00:00,6,0,6
2018-10-29 22:00:00,4,2,2
2018-10-29 23:00:00,3,2,1
2018-10-30 00:00:00,0,0,0
2018-10-30 01:00:00,0,0,0
2018-10-30 02:00:00,0,0,0
2018-10-30 03:00:00,0,0,0
2018-10-30 04:00:00,1,1,0
2018-10-30 05:00:00,14,10,4
2018-10-30 06:00:00,36,32,4
2018-10-30 07:00:00,55,38,17
2018-10-30 08:00:00,77,65,12
2018-10-30 09:00:00,42,25,17
2018-10-30 10:00:00,31,14,17
2018-10-30 11:00:00,36,19,17
2018-10-30 12:00:00,29,13,16
2018-10-30 13:00:00,27,17,10
2018-10-30 14:00:00,39,17,22
2018-10-30 15:00:00,52,23,29
2018-10-30 16:00:00,63,21,42
2018-10-30 17:00:00,95,23,72
2018-10-30 18:00:00,58,10,48
2018-10-30 19:00:00,18,2,16
2018-10-30 20:00:00,11,2,9
2018-10-30 21:00:00,7,4,3
2018-10-30 22:00:00,3,1,2
2018-10-30 23:00:00,0,0,0
2018-10-31 00:00:00,0,0,0
2018-10-31 01:00:00,0,0,0
2018-10-31 02:00:00,1,0,1
2018-10-31 03:00:00,0,0,0
2018-10-31 04:00:00,1,1,0
2018-10-31 05:00:00,10,8,2
2018-10-31 06:00:00,25,23,2
2018-10-31 07:00:00,45,38,7
2018-10-31 08:00:00,64,56,8
2018-10-31 09:00:00,48,28,20
2018-10-31 10:00:00,23,10,13
2018-10-31 11:00:00,15,7,8
2018-10-31 12:00:00,21,8,13
2018-10-31 13:00:00,12,4,8
2018-10-31 14:00:00,18,7,11
2018-10-31 15:00:00,36,10,26
2018-10-31 16:00:00,74,21,53
2018-10-31 17:00:00,62,10,52
2018-10-31 18:00:00,32,8,24
2018-10-31 19:00:00,16,1,15
2018-10-31 20:00:00,4,1,3
2018-10-31 21:00:00,1,0,1
2018-10-31 22:00:00,0,0,0
2018-10-31 23:00:00,2,2,0
2018-11-01 00:00:00,1,0,1
2018-11-01 01:00:00,0,0,0
2018-11-01 02:00:00,0,0,0
2018-11-01 03:00:00,0,0,0
2018-11-01 04:00:00,0,0,0
2018-11-01 05:00:00,11,9,2
2018-11-01 06:00:00,26,19,7
2018-11-01 07:00:00,50,37,13
2018-11-01 08:00:00,58,45,13
2018-11-01 09:00:00,39,29,10
2018-11-01 10:00:00,28,13,15
2018-11-01 11:00:00,10,4,6
2018-11-01 12:00:00,12,7,5
2018-11-01 13:00:00,14,6,8
2018-11-01 14:00:00,29,8,21
2018-11-01 15:00:00,37,13,24
2018-11-01 16:00:00,72,31,41
2018-11-01 17:00:00,71,12,59
2018-11-01 18:00:00,51,12,39
2018-11-01 19:00:00,24,5,19
2018-11-01 20:00:00,8,3,5
2018-11-01 21:00:00,14,5,9
2018-11-01 22:00:00,3,1,2
2018-11-01 23:00:00,2,1,1
2018-11-02 00:00:00,1,0,1
2018-11-02 01:00:00,0,0,0
2018-11-02 02:00:00,0,0,0
2018-11-02 03:00:00,0,0,0
2018-11-02 04:00:00,0,0,0
2018-11-02 05:00:00,9,6,3
2018-11-02 06:00:00,23,17,6
2018-11-02 07:00:00,42,29,13
2018-11-02 08:00:00,58,44,14
2018-11-02 09:00:00,37,21,16
2018-11-02 10:00:00,16,8,8
2018-11-02 11:00:00,19,10,9
2018-11-02 12:00:00,12,10,2
2018-11-02 13:00:00,21,8,13
2018-11-02 14:00:00,15,6,9
2018-11-02 15:00:00,41,13,28
2018-11-02 16:00:00,65,27,38
2018-11-02 17:00:00,68,21,47
2018-11-02 18:00:00,38,15,23
2018-11-02 19:00:00,17,2,15
2018-11-02 20:00:00,4,0,4
2018-11-02 21:00:00,3,1,2
2018-11-02 22:00:00,3,1,2
2018-11-02 23:00:00,0,0,0
2018-11-03 00:00:00,0,0,0
2018-11-03 01:00:00,1,0,1
2018-11-03 02:00:00,0,0,0
2018-11-03 03:00:00,0,0,0
2018-11-03 04:00:00,1,0,1
2018-11-03 05:00:00,4,3,1
2018-11-03 06:00:00,4,1,3
2018-11-03 07:00:00,14,3,11
2018-11-03 08:00:00,33,12,21
2018-11-03 09:00:00,43,14,29
2018-11-03 10:00:00,52,27,25
2018-11-03 11:00:00,34,20,14
2018-11-03 12:00:00,37,24,13
2018-11-03 13:00:00,37,16,21
2018-11-03 14:00:00,20,10,10
2018-11-03 15:00:00,12,9,3
2018-11-03 16:00:00,17,12,5
2018-11-03 17:00:00,16,12,4
2018-11-03 18:00:00,9,4,5
2018-11-03 19:00:00,3,0,3
2018-11-03 20:00:00,6,0,6
2018-11-03 21:00:00,0,0,0
2018-11-03 22:00:00,5,0,5
2018-11-03 23:00:00,1,0,1
2018-11-04 00:00:00,0,0,0
2018-11-04 01:00:00,0,0,0
2018-11-04 02:00:00,0,0,0
2018-11-04 03:00:00,0,0,0
2018-11-04 04:00:00,1,1,0
2018-11-04 05:00:00,0,0,0
2018-11-04 06:00:00,2,1,1
2018-11-04 07:00:00,17,5,12
2018-11-04 08:00:00,30,10,20
2018-11-04 09:00:00,53,24,29
2018-11-04 10:00:00,79,35,44
2018-11-04 11:00:00,90,45,45
2018-11-04 12:00:00,99,52,47
2018-11-04 13:00:00,91,48,43
2018-11-04 14:00:00,102,56,46
2018-11-04 15:00:00,74,41,33
2018-11-04 16:00:00,51,30,21
2018-11-04 17:00:00,16,11,5
2018-11-04 18:00:00,10,4,6
2018-11-04 19:00:00,3,0,3
2018-11-04 20:00:00,2,0,2
2018-11-04 21:00:00,2,0,2
2018-11-04 22:00:00,0,0,0
2018-11-04 23:00:00,0,0,0
2018-11-05 00:00:00,0,0,0
2018-11-05 01:00:00,0,0,0
2018-11-05 02:00:00,0,0,0
2018-11-05 03:00:00,0,0,0
2018-11-05 04:00:00,1,1,0
2018-11-05 05:00:00,6,5,1
2018-11-05 06:00:00,30,24,6
2018-11-05 07:00:00,63,52,11
2018-11-05 08:00:00,76,61,15
2018-11-05 09:00:00,42,33,9
2018-11-05 10:00:00,48,32,16
2018-11-05 11:00:00,18,8,10
2018-11-05 12:00:00,24,10,14
2018-11-05 13:00:00,22,11,11
2018-11-05 14:00:00,25,9,16
2018-11-05 15:00:00,38,9,29
2018-11-05 16:00:00,60,19,41
2018-11-05 17:00:00,72,14,58
2018-11-05 18:00:00,48,7,41
2018-11-05 19:00:00,13,4,9
2018-11-05 20:00:00,10,2,8
2018-11-05 21:00:00,4,2,2
2018-11-05 22:00:00,2,0,2
2018-11-05 23:00:00,2,0,2
2018-11-06 00:00:00,1,0,1
2018-11-06 01:00:00,0,0,0
2018-11-06 02:00:00,0,0,0
2018-11-06 03:00:00,1,1,0
2018-11-06 04:00:00,0,0,0
2018-11-06 05:00:00,10,7,3
2018-11-06 06:00:00,36,25,11
2018-11-06 07:00:00,68,55,13
2018-11-06 08:00:00,82,62,20
2018-11-06 09:00:00,56,38,18
2018-11-06 10:00:00,41,19,22
2018-11-06 11:00:00,29,12,17
2018-11-06 12:00:00,32,17,15
2018-11-06 13:00:00,25,12,13
2018-11-06 14:00:00,35,13,22
2018-11-06 15:00:00,58,28,30
2018-11-06 16:00:00,91,28,63
2018-11-06 17:00:00,78,10,68
2018-11-06 18:00:00,48,9,39
2018-11-06 19:00:00,19,0,19
2018-11-06 20:00:00,6,1,5
2018-11-06 21:00:00,6,1,5
2018-11-06 22:00:00,3,1,2
2018-11-06 23:00:00,3,1,2
2018-11-07 00:00:00,1,0,1
2018-11-07 01:00:00,1,0,1
2018-11-07 02:00:00,1,0,1
2018-11-07 03:00:00,0,0,0
2018-11-07 04:00:00,1,1,0
2018-11-07 05:00:00,10,9,1
2018-11-07 06:00:00,35,29,6
2018-11-07 07:00:00,70,56,14
2018-11-07 08:00:00,83,64,19
2018-11-07 09:00:00,44,29,15
2018-11-07 10:00:00,28,14,14
2018-11-07 11:00:00,32,16,16
2018-11-07 12:00:00,46,19,27
2018-11-07 13:00:00,29,17,12
2018-11-07 14:00:00,45,20,25
2018-11-07 15:00:00,49,20,29
2018-11-07 16:00:00,99,33,66
2018-11-07 17:00:00,94,17,77
2018-11-07 18:00:00,38,10,28
2018-11-07 19:00:00,21,3,18
2018-11-07 20:00:00,7,1,6
2018-11-07 21:00:00,5,1,4
2018-11-07 22:00:00,3,0,3
2018-11-07 23:00:00,4,1,3
2018-11-08 00:00:00,0,0,0
2018-11-08 01:00:00,0,0,0
2018-11-08 02:00:00,0,0,0
2018-11-08 03:00:00,0,0,0
2018-11-08 04:00:00,0,0,0
2018-11-08 05:00:00,6,4,2
2018-11-08 06:00:00,23,18,5
2018-11-08 07:00:00,52,39,13
2018-11-08 08:00:00,76,61,15
2018-11-08 09:00:00,40,27,13
2018-11-08 10:00:00,37,15,22
2018-11-08 11:00:00,24,10,14
2018-11-08 12:00:00,38,23,15
2018-11-08 13:00:00,43,22,21
2018-11-08 14:00:00,39,17,22
2018-11-08 15:00:00,55,22,33
2018-11-08 16:00:00,76,24,52
2018-11-08 17:00:00,71,10,61
2018-11-08 18:00:00,50,10,40
2018-11-08 19:00:00,22,3,19
2018-11-08 20:00:00,9,3,6
2018-11-08 21:00:00,2,1,1
2018-11-08 22:00:00,6,1,5
2018-11-08 23:00:00,0,0,0
2018-11-09 00:00:00,1,0,1
2018-11-09 01:00:00,0,0,0
2018-11-09 02:00:00,0,0,0
2018-11-09 03:00:00,2,1,1
2018-11-09 04:00:00,0,0,0
2018-11-09 05:00:00,8,4,4
2018-11-09 06:00:00,19,15,4
2018-11-09 07:00:00,54,47,7
2018-11-09 08:00:00,55,40,15
2018-11-09 09:00:00,38,24,14
2018-11-09 10:00:00,21,15,6
2018-11-09 11:00:00,6,4,2
2018-11-09 12:00:00,5,1,4
2018-11-09 13:00:00,9,3,6
2018-11-09 14:00:00,19,9,10
2018-11-09 15:00:00,43,10,33
2018-11-09 16:00:00,57,19,38
2018-11-09 17:00:00,47,13,34
2018-11-09 18:00:00,32,9,23
2018-11-09 19:00:00,12,0,12
2018-11-09 20:00:00,5,1,4
2018-11-09 21:00:00,5,4,1
2018-11-09 22:00:00,2,1,1
2018-11-09 23:00:00,1,0,1
2018-11-10 00:00:00,0,0,0
2018-11-10 01:00:00,0,0,0
2018-11-10 02:00:00,0,0,0
2018-11-10 03:00:00,0,0,0
2018-11-10 04:00:00,1,1,0
2018-11-10 05:00:00,3,3,0
2018-11-10 06:00:00,6,2,4
2018-11-10 07:00:00,17,6,11
2018-11-10 08:00:00,44,11,33
2018-11-10 09:00:00,36,15,21
2018-11-10 10:00:00,45,22,23
2018-11-10 11:00:00,88,41,47
2018-11-10 12:00:00,96,40,56
2018-11-10 13:00:00,128,61,67
2018-11-10 14:00:00,119,42,77
2018-11-10 15:00:00,95,52,43
2018-11-10 16:00:00,67,41,26
2018-11-10 17:00:00,13,9,4
2018-11-10 18:00:00,6,1,5
2018-11-10 19:00:00,5,0,5
2018-11-10 20:00:00,5,2,3
2018-11-10 21:00:00,1,0,1
2018-11-10 22:00:00,0,0,0
2018-11-10 23:00:00,0,0,0
2018-11-11 00:00:00,0,0,0
2018-11-11 01:00:00,1,1,0
2018-11-11 02:00:00,0,0,0
2018-11-11 03:00:00,0,0,0
2018-11-11 04:00:00,1,0,1
2018-11-11 05:00:00,4,3,1
2018-11-11 06:00:00,2,1,1
2018-11-11 07:00:00,15,5,10
2018-11-11 08:00:00,21,9,12
2018-11-11 09:00:00,45,14,31
2018-11-11 10:00:00,67,13,54
2018-11-11 11:00:00,88,44,44
2018-11-11 12:00:00,137,63,74
2018-11-11 13:00:00,118,44,74
2018-11-11 14:00:00,140,76,64
2018-11-11 15:00:00,107,64,43
2018-11-11 16:00:00,59,37,22
2018-11-11 17:00:00,22,17,5
2018-11-11 18:00:00,10,1,9
2018-11-11 19:00:00,10,7,3
2018-11-11 20:00:00,5,1,4
2018-11-11 21:00:00,1,0,1
2018-11-11 22:00:00,2,2,0
2018-11-11 23:00:00,0,0,0
2018-11-12 00:00:00,0,0,0
2018-11-12 01:00:00,0,0,0
2018-11-12 02:00:00,2,2,0
2018-11-12 03:00:00,0,0,0
2018-11-12 04:00:00,1,0,1
2018-11-12 05:00:00,6,6,0
2018-11-12 06:00:00,24,21,3
2018-11-12 07:00:00,38,29,9
2018-11-12 08:00:00,50,41,9
2018-11-12 09:00:00,39,25,14
2018-11-12 10:00:00,73,39,34
2018-11-12 11:00:00,54,30,24
2018-11-12 12:00:00,74,44,30
2018-11-12 13:00:00,81,31,50
2018-11-12 14:00:00,75,37,38
2018-11-12 15:00:00,88,46,42
2018-11-12 16:00:00,77,35,42
2018-11-12 17:00:00,58,13,45
2018-11-12 18:00:00,35,3,32
2018-11-12 19:00:00,8,2,6
2018-11-12 20:00:00,8,3,5
2018-11-12 21:00:00,7,5,2
2018-11-12 22:00:00,6,1,5
2018-11-12 23:00:00,2,0,2
2018-11-13 00:00:00,0,0,0
2018-11-13 01:00:00,3,2,1
2018-11-13 02:00:00,0,0,0
2018-11-13 03:00:00,0,0,0
2018-11-13 04:00:00,0,0,0
2018-11-13 05:00:00,13,11,2
2018-11-13 06:00:00,30,23,7
2018-11-13 07:00:00,60,51,9
2018-11-13 08:00:00,78,61,17
2018-11-13 09:00:00,39,29,10
2018-11-13 10:00:00,17,11,6
2018-11-13 11:00:00,36,15,21
2018-11-13 12:00:00,30,14,16
2018-11-13 13:00:00,32,13,19
2018-11-13 14:00:00,35,16,19
2018-11-13 15:00:00,55,26,29
2018-11-13 16:00:00,69,19,50
2018-11-13 17:00:00,75,14,61
2018-11-13 18:00:00,54,10,44
2018-11-13 19:00:00,31,10,21
2018-11-13 20:00:00,9,0,9
2018-11-13 21:00:00,6,4,2
2018-11-13 22:00:00,4,3,1
2018-11-13 23:00:00,1,0,1
2018-11-14 00:00:00,0,0,0
2018-11-14 01:00:00,0,0,0
2018-11-14 02:00:00,1,0,1
2018-11-14 03:00:00,1,0,1
2018-11-14 04:00:00,1,1,0
2018-11-14 05:00:00,13,9,4
2018-11-14 06:00:00,28,22,6
2018-11-14 07:00:00,51,42,9
2018-11-14 08:00:00,72,60,12
2018-11-14 09:00:00,32,21,11
2018-11-14 10:00:00,16,8,8
2018-11-14 11:00:00,13,9,4
2018-11-14 12:00:00,12,4,8
2018-11-14 13:00:00,29,15,14
2018-11-14 14:00:00,26,10,16
2018-11-14 15:00:00,29,12,17
2018-11-14 16:00:00,61,15,46
2018-11-14 17:00:00,61,8,53
2018-11-14 18:00:00,46,14,32
2018-11-14 19:00:00,23,4,19
2018-11-14 20:00:00,11,4,7
2018-11-14 21:00:00,6,4,2
2018-11-14 22:00:00,4,1,3
2018-11-14 23:00:00,0,0,0
2018-11-15 00:00:00,1,0,1
2018-11-15 01:00:00,0,0,0
2018-11-15 02:00:00,0,0,0
2018-11-15 03:00:00,0,0,0
2018-11-15 04:00:00,0,0,0
2018-11-15 05:00:00,11,10,1
2018-11-15 06:00:00,28,27,1
2018-11-15 07:00:00,62,47,15
2018-11-15 08:00:00,75,58,17
2018-11-15 09:00:00,45,27,18
2018-11-15 10:00:00,24,14,10
2018-11-15 11:00:00,23,13,10
2018-11-15 12:00:00,39,16,23
2018-11-15 13:00:00,23,11,12
2018-11-15 14:00:00,40,11,29
2018-11-15 15:00:00,40,15,25
2018-11-15 16:00:00,67,23,44
2018-11-15 17:00:00,73,14,59
2018-11-15 18:00:00,53,9,44
2018-11-15 19:00:00,30,6,24
2018-11-15 20:00:00,13,3,10
2018-11-15 21:00:00,4,2,2
2018-11-15 22:00:00,2,0,2
2018-11-15 23:00:00,1,0,1
2018-11-16 00:00:00,0,0,0
2018-11-16 01:00:00,0,0,0
2018-11-16 02:00:00,0,0,0
2018-11-16 03:00:00,0,0,0
2018-11-16 04:00:00,0,0,0
2018-11-16 05:00:00,10,9,1
2018-11-16 06:00:00,25,17,8
2018-11-16 07:00:00,51,36,15
2018-11-16 08:00:00,64,52,12
2018-11-16 09:00:00,34,22,12
2018-11-16 10:00:00,24,14,10
2018-11-16 11:00:00,23,12,11
2018-11-16 12:00:00,31,15,16
2018-11-16 13:00:00,21,10,11
2018-11-16 14:00:00,25,12,13
2018-11-16 15:00:00,50,17,33
2018-11-16 16:00:00,58,16,42
2018-11-16 17:00:00,63,11,52
2018-11-16 18:00:00,43,7,36
2018-11-16 19:00:00,19,4,15
2018-11-16 20:00:00,4,0,4
2018-11-16 21:00:00,1,1,0
2018-11-16 22:00:00,4,1,3
2018-11-16 23:00:00,2,1,1
2018-11-17 00:00:00,1,0,1
2018-11-17 01:00:00,0,0,0
2018-11-17 02:00:00,0,0,0
2018-11-17 03:00:00,1,0,1
2018-11-17 04:00:00,1,0,1
2018-11-17 05:00:00,3,3,0
2018-11-17 06:00:00,4,1,3
2018-11-17 07:00:00,11,1,10
2018-11-17 08:00:00,51,18,33
2018-11-17 09:00:00,63,24,39
2018-11-17 10:00:00,90,24,66
2018-11-17 11:00:00,121,54,67
2018-11-17 12:00:00,172,87,85
2018-11-17 13:00:00,136,66,70
2018-11-17 14:00:00,150,79,71
2018-11-17 15:00:00,144,73,71
2018-11-17 16:00:00,64,34,30
2018-11-17 17:00:00,16,9,7
2018-11-17 18:00:00,10,4,6
2018-11-17 19:00:00,5,3,2
2018-11-17 20:00:00,4,1,3
2018-11-17 21:00:00,1,0,1
2018-11-17 22:00:00,2,0,2
2018-11-17 23:00:00,2,1,1
2018-11-18 00:00:00,0,0,0
2018-11-18 01:00:00,0,0,0
2018-11-18 02:00:00,4,1,3
2018-11-18 03:00:00,0,0,0
2018-11-18 04:00:00,0,0,0
2018-11-18 05:00:00,1,1,0
2018-11-18 06:00:00,2,1,1
2018-11-18 07:00:00,7,4,3
2018-11-18 08:00:00,21,5,16
2018-11-18 09:00:00,54,19,35
2018-11-18 10:00:00,63,25,38
2018-11-18 11:00:00,84,31,53
2018-11-18 12:00:00,141,64,77
2018-11-18 13:00:00,160,64,96
2018-11-18 14:00:00,143,71,72
2018-11-18 15:00:00,117,65,52
2018-11-18 16:00:00,56,30,26
2018-11-18 17:00:00,26,13,13
2018-11-18 18:00:00,10,8,2
2018-11-18 19:00:00,3,1,2
2018-11-18 20:00:00,5,1,4
2018-11-18 21:00:00,3,2,1
2018-11-18 22:00:00,1,0,1
2018-11-18 23:00:00,2,1,1
2018-11-19 00:00:00,0,0,0
2018-11-19 01:00:00,0,0,0
2018-11-19 02:00:00,0,0,0
2018-11-19 03:00:00,1,1,0
2018-11-19 04:00:00,1,1,0
2018-11-19 05:00:00,8,8,0
2018-11-19 06:00:00,41,31,10
2018-11-19 07:00:00,50,43,7
2018-11-19 08:00:00,72,55,17
2018-11-19 09:00:00,52,27,25
2018-11-19 10:00:00,52,37,15
2018-11-19 11:00:00,37,20,17
2018-11-19 12:00:00,35,13,22
2018-11-19 13:00:00,41,22,19
2018-11-19 14:00:00,47,22,25
2018-11-19 15:00:00,62,30,32
2018-11-19 16:00:00,75,24,51
2018-11-19 17:00:00,78,11,67
2018-11-19 18:00:00,47,6,41
2018-11-19 19:00:00,25,4,21
2018-11-19 20:00:00,10,3,7
2018-11-19 21:00:00,2,0,2
2018-11-19 22:00:00,1,1,0
2018-11-19 23:00:00,1,0,1
2018-11-20 00:00:00,0,0,0
2018-11-20 01:00:00,0,0,0
2018-11-20 02:00:00,0,0,0
2018-11-20 03:00:00,1,1,0
2018-11-20 04:00:00,0,0,0
2018-11-20 05:00:00,8,7,1
2018-11-20 06:00:00,31,24,7
2018-11-20 07:00:00,51,41,10
2018-11-20 08:00:00,59,44,15
2018-11-20 09:00:00,29,18,11
2018-11-20 10:00:00,34,21,13
2018-11-20 11:00:00,23,11,12
2018-11-20 12:00:00,31,7,24
2018-11-20 13:00:00,29,14,15
2018-11-20 14:00:00,57,28,29
2018-11-20 15:00:00,57,21,36
2018-11-20 16:00:00,76,27,49
2018-11-20 17:00:00,68,15,53
2018-11-20 18:00:00,48,9,39
2018-11-20 19:00:00,19,7,12
2018-11-20 20:00:00,5,0,5
2018-11-20 21:00:00,7,2,5
2018-11-20 22:00:00,1,0,1
2018-11-20 23:00:00,0,0,0
2018-11-21 00:00:00,0,0,0
2018-11-21 01:00:00,0,0,0
2018-11-21 02:00:00,1,0,1
2018-11-21 03:00:00,0,0,0
2018-11-21 04:00:00,2,1,1
2018-11-21 05:00:00,13,11,2
2018-11-21 06:00:00,19,17,2
2018-11-21 07:00:00,39,32,7
2018-11-21 08:00:00,52,37,15
2018-11-21 09:00:00,24,13,11
2018-11-21 10:00:00,17,8,9
2018-11-21 11:00:00,18,10,8
2018-11-21 12:00:00,16,10,6
2018-11-21 13:00:00,22,14,8
2018-11-21 14:00:00,32,9,23
2018-11-21 15:00:00,48,15,33
2018-11-21 16:00:00,27,5,22
2018-11-21 17:00:00,30,5,25
2018-11-21 18:00:00,22,2,20
2018-11-21 19:00:00,7,0,7
2018-11-21 20:00:00,4,0,4
2018-11-21 21:00:00,3,1,2
2018-11-21 22:00:00,1,0,1
2018-11-21 23:00:00,0,0,0
2018-11-22 00:00:00,0,0,0
2018-11-22 01:00:00,1,0,1
2018-11-22 02:00:00,0,0,0
2018-11-22 03:00:00,0,0,0
2018-11-22 04:00:00,1,1,0
2018-11-22 05:00:00,3,2,1
2018-11-22 06:00:00,5,3,2
2018-11-22 07:00:00,10,2,8
2018-11-22 08:00:00,24,11,13
2018-11-22 09:00:00,44,20,24
2018-11-22 10:00:00,48,16,32
2018-11-22 11:00:00,55,21,34
2018-11-22 12:00:00,46,27,19
2018-11-22 13:00:00,34,19,15
2018-11-22 14:00:00,14,9,5
2018-11-22 15:00:00,3,1,2
2018-11-22 16:00:00,8,1,7
2018-11-22 17:00:00,0,0,0
2018-11-22 18:00:00,1,0,1
2018-11-22 19:00:00,2,0,2
2018-11-22 20:00:00,1,1,0
2018-11-22 21:00:00,0,0,0
2018-11-22 22:00:00,1,1,0
2018-11-22 23:00:00,1,1,0
2018-11-23 00:00:00,0,0,0
2018-11-23 01:00:00,0,0,0
2018-11-23 02:00:00,0,0,0
2018-11-23 03:00:00,0,0,0
2018-11-23 04:00:00,1,1,0
2018-11-23 05:00:00,4,4,0
2018-11-23 06:00:00,2,2,0
2018-11-23 07:00:00,5,4,1
2018-11-23 08:00:00,9,4,5
2018-11-23 09:00:00,17,8,9
2018-11-23 10:00:00,16,7,9
2018-11-23 11:00:00,36,15,21
2018-11-23 12:00:00,33,11,22
2018-11-23 13:00:00,34,25,9
2018-11-23 14:00:00,20,7,13
2018-11-23 15:00:00,21,10,11
2018-11-23 16:00:00,9,5,4
2018-11-23 17:00:00,7,2,5
2018-11-23 18:00:00,5,1,4
2018-11-23 19:00:00,3,1,2
2018-11-23 20:00:00,1,0,1
2018-11-23 21:00:00,2,0,2
2018-11-23 22:00:00,0,0,0
2018-11-23 23:00:00,0,0,0
2018-11-24 00:00:00,1,1,0
2018-11-24 01:00:00,0,0,0
2018-11-24 02:00:00,0,0,0
2018-11-24 03:00:00,0,0,0
2018-11-24 04:00:00,1,0,1
2018-11-24 05:00:00,3,2,1
2018-11-24 06:00:00,3,2,1
2018-11-24 07:00:00,6,2,4
2018-11-24 08:00:00,24,10,14
2018-11-24 09:00:00,37,15,22
2018-11-24 10:00:00,79,31,48
2018-11-24 11:00:00,75,32,43
2018-11-24 12:00:00,119,58,61
2018-11-24 13:00:00,104,52,52
2018-11-24 14:00:00,94,62,32
2018-11-24 15:00:00,64,26,38
2018-11-24 16:00:00,29,11,18
2018-11-24 17:00:00,8,5,3
2018-11-24 18:00:00,5,2,3
2018-11-24 19:00:00,0,0,0
2018-11-24 20:00:00,3,1,2
2018-11-24 21:00:00,2,1,1
2018-11-24 22:00:00,0,0,0
2018-11-24 23:00:00,0,0,0
2018-11-25 00:00:00,0,0,0
2018-11-25 01:00:00,0,0,0
2018-11-25 02:00:00,0,0,0
2018-11-25 03:00:00,0,0,0
2018-11-25 04:00:00,2,2,0
2018-11-25 05:00:00,0,0,0
2018-11-25 06:00:00,5,4,1
2018-11-25 07:00:00,11,1,10
2018-11-25 08:00:00,21,10,11
2018-11-25 09:00:00,17,8,9
2018-11-25 10:00:00,25,10,15
2018-11-25 11:00:00,58,20,38
2018-11-25 12:00:00,78,47,31
2018-11-25 13:00:00,70,30,40
2018-11-25 14:00:00,63,36,27
2018-11-25 15:00:00,69,36,33
2018-11-25 16:00:00,33,21,12
2018-11-25 17:00:00,8,7,1
2018-11-25 18:00:00,5,2,3
2018-11-25 19:00:00,2,1,1
2018-11-25 20:00:00,0,0,0
2018-11-25 21:00:00,2,1,1
2018-11-25 22:00:00,1,0,1
2018-11-25 23:00:00,0,0,0
2018-11-26 00:00:00,0,0,0
2018-11-26 01:00:00,0,0,0
2018-11-26 02:00:00,0,0,0
2018-11-26 03:00:00,0,0,0
2018-11-26 04:00:00,0,0,0
2018-11-26 05:00:00,6,6,0
2018-11-26 06:00:00,18,13,5
2018-11-26 07:00:00,26,20,6
2018-11-26 08:00:00,51,44,7
2018-11-26 09:00:00,22,15,7
2018-11-26 10:00:00,11,8,3
2018-11-26 11:00:00,5,4,1
2018-11-26 12:00:00,7,4,3
2018-11-26 13:00:00,6,2,4
2018-11-26 14:00:00,11,6,5
2018-11-26 15:00:00,17,3,14
2018-11-26 16:00:00,25,5,20
2018-11-26 17:00:00,44,5,39
2018-11-26 18:00:00,34,7,27
2018-11-26 19:00:00,11,0,11
2018-11-26 20:00:00,4,2,2
2018-11-26 21:00:00,1,1,0
2018-11-26 22:00:00,1,0,1
2018-11-26 23:00:00,0,0,0
2018-11-27 00:00:00,0,0,0
2018-11-27 01:00:00,0,0,0
2018-11-27 02:00:00,0,0,0
2018-11-27 03:00:00,0,0,0
2018-11-27 04:00:00,0,0,0
2018-11-27 05:00:00,11,9,2
2018-11-27 06:00:00,16,13,3
2018-11-27 07:00:00,45,34,11
2018-11-27 08:00:00,52,39,13
2018-11-27 09:00:00,26,15,11
2018-11-27 10:00:00,24,11,13
2018-11-27 11:00:00,16,12,4
2018-11-27 12:00:00,27,14,13
2018-11-27 13:00:00,26,13,13
2018-11-27 14:00:00,20,10,10
2018-11-27 15:00:00,32,11,21
2018-11-27 16:00:00,49,14,35
2018-11-27 17:00:00,43,8,35
2018-11-27 18:00:00,37,8,29
2018-11-27 19:00:00,16,5,11
2018-11-27 20:00:00,8,0,8
2018-11-27 21:00:00,8,3,5
2018-11-27 22:00:00,2,0,2
2018-11-27 23:00:00,0,0,0
2018-11-28 00:00:00,0,0,0
2018-11-28 01:00:00,0,0,0
2018-11-28 02:00:00,1,0,1
2018-11-28 03:00:00,0,0,0
2018-11-28 04:00:00,1,1,0
2018-11-28 05:00:00,7,6,1
2018-11-28 06:00:00,16,14,2
2018-11-28 07:00:00,52,45,7
2018-11-28 08:00:00,64,46,18
2018-11-28 09:00:00,25,16,9
2018-11-28 10:00:00,19,11,8
2018-11-28 11:00:00,8,5,3
2018-11-28 12:00:00,15,6,9
2018-11-28 13:00:00,9,4,5
2018-11-28 14:00:00,17,6,11
2018-11-28 15:00:00,28,7,21
2018-11-28 16:00:00,29,5,24
2018-11-28 17:00:00,43,6,37
2018-11-28 18:00:00,35,10,25
2018-11-28 19:00:00,16,1,15
2018-11-28 20:00:00,3,0,3
2018-11-28 21:00:00,7,2,5
2018-11-28 22:00:00,1,0,1
2018-11-28 23:00:00,0,0,0
2018-11-29 00:00:00,0,0,0
2018-11-29 01:00:00,0,0,0
2018-11-29 02:00:00,0,0,0
2018-11-29 03:00:00,0,0,0
2018-11-29 04:00:00,0,0,0
2018-11-29 05:00:00,9,8,1
2018-11-29 06:00:00,26,23,3
2018-11-29 07:00:00,49,36,13
2018-11-29 08:00:00,72,55,17
2018-11-29 09:00:00,40,27,13
2018-11-29 10:00:00,28,14,14
2018-11-29 11:00:00,33,23,10
2018-11-29 12:00:00,32,9,23
2018-11-29 13:00:00,28,13,15
2018-11-29 14:00:00,41,14,27
2018-11-29 15:00:00,47,17,30
2018-11-29 16:00:00,59,21,38
2018-11-29 17:00:00,66,19,47
2018-11-29 18:00:00,41,8,33
2018-11-29 19:00:00,23,7,16
2018-11-29 20:00:00,12,4,8
2018-11-29 21:00:00,9,5,4
2018-11-29 22:00:00,2,0,2
2018-11-29 23:00:00,0,0,0
2018-11-30 00:00:00,0,0,0
2018-11-30 01:00:00,0,0,0
2018-11-30 02:00:00,0,0,0
2018-11-30 03:00:00,0,0,0
2018-11-30 04:00:00,2,0,2
2018-11-30 05:00:00,6,5,1
2018-11-30 06:00:00,18,16,2
2018-11-30 07:00:00,44,30,14
2018-11-30 08:00:00,53,44,9
2018-11-30 09:00:00,39,21,18
2018-11-30 10:00:00,29,16,13
2018-11-30 11:00:00,28,17,11
2018-11-30 12:00:00,25,9,16
2018-11-30 13:00:00,20,9,11
2018-11-30 14:00:00,30,10,20
2018-11-30 15:00:00,54,16,38
2018-11-30 16:00:00,50,15,35
2018-11-30 17:00:00,53,8,45
2018-11-30 18:00:00,22,5,17
2018-11-30 19:00:00,12,3,9
2018-11-30 20:00:00,4,0,4
2018-11-30 21:00:00,2,1,1
2018-11-30 22:00:00,5,0,5
2018-11-30 23:00:00,8,4,4
2018-12-01 00:00:00,0,0,0
2018-12-01 01:00:00,1,0,1
2018-12-01 02:00:00,0,0,0
2018-12-01 03:00:00,0,0,0
2018-12-01 04:00:00,0,0,0
2018-12-01 05:00:00,0,0,0
2018-12-01 06:00:00,3,1,2
2018-12-01 07:00:00,15,2,13
2018-12-01 08:00:00,41,15,26
2018-12-01 09:00:00,37,14,23
2018-12-01 10:00:00,47,24,23
2018-12-01 11:00:00,46,27,19
2018-12-01 12:00:00,59,24,35
2018-12-01 13:00:00,47,17,30
2018-12-01 14:00:00,27,12,15
2018-12-01 15:00:00,33,18,15
2018-12-01 16:00:00,16,11,5
2018-12-01 17:00:00,13,7,6
2018-12-01 18:00:00,5,4,1
2018-12-01 19:00:00,2,0,2
2018-12-01 20:00:00,2,1,1
2018-12-01 21:00:00,0,0,0
2018-12-01 22:00:00,4,2,2
2018-12-01 23:00:00,0,0,0
2018-12-02 00:00:00,0,0,0
2018-12-02 01:00:00,0,0,0
2018-12-02 02:00:00,0,0,0
2018-12-02 03:00:00,1,0,1
2018-12-02 04:00:00,0,0,0
2018-12-02 05:00:00,1,0,1
2018-12-02 06:00:00,2,1,1
2018-12-02 07:00:00,7,1,6
2018-12-02 08:00:00,26,15,11
2018-12-02 09:00:00,38,16,22
2018-12-02 10:00:00,41,20,21
2018-12-02 11:00:00,42,22,20
2018-12-02 12:00:00,47,17,30
2018-12-02 13:00:00,61,26,35
2018-12-02 14:00:00,59,29,30
2018-12-02 15:00:00,45,28,17
2018-12-02 16:00:00,29,17,12
2018-12-02 17:00:00,7,5,2
2018-12-02 18:00:00,4,3,1
2018-12-02 19:00:00,7,2,5
2018-12-02 20:00:00,4,0,4
2018-12-02 21:00:00,5,4,1
2018-12-02 22:00:00,1,1,0
2018-12-02 23:00:00,1,1,0
2018-12-03 00:00:00,0,0,0
2018-12-03 01:00:00,0,0,0
2018-12-03 02:00:00,0,0,0
2018-12-03 03:00:00,0,0,0
2018-12-03 04:00:00,2,1,1
2018-12-03 05:00:00,13,10,3
2018-12-03 06:00:00,30,25,5
2018-12-03 07:00:00,48,43,5
2018-12-03 08:00:00,64,48,16
2018-12-03 09:00:00,46,33,13
2018-12-03 10:00:00,37,26,11
2018-12-03 11:00:00,24,13,11
2018-12-03 12:00:00,28,12,16
2018-12-03 13:00:00,26,14,12
2018-12-03 14:00:00,54,19,35
2018-12-03 15:00:00,47,21,26
2018-12-03 16:00:00,56,18,38
2018-12-03 17:00:00,80,15,65
2018-12-03 18:00:00,47,3,44
2018-12-03 19:00:00,20,7,13
2018-12-03 20:00:00,6,2,4
2018-12-03 21:00:00,2,1,1
2018-12-03 22:00:00,0,0,0
2018-12-03 23:00:00,1,0,1
2018-12-04 00:00:00,0,0,0
2018-12-04 01:00:00,0,0,0
2018-12-04 02:00:00,0,0,0
2018-12-04 03:00:00,0,0,0
2018-12-04 04:00:00,2,0,2
2018-12-04 05:00:00,3,2,1
2018-12-04 06:00:00,30,22,8
2018-12-04 07:00:00,40,32,8
2018-12-04 08:00:00,46,35,11
2018-12-04 09:00:00,35,21,14
2018-12-04 10:00:00,23,15,8
2018-12-04 11:00:00,19,9,10
2018-12-04 12:00:00,16,8,8
2018-12-04 13:00:00,25,12,13
2018-12-04 14:00:00,31,16,15
2018-12-04 15:00:00,42,13,29
2018-12-04 16:00:00,57,16,41
2018-12-04 17:00:00,51,14,37
2018-12-04 18:00:00,40,3,37
2018-12-04 19:00:00,17,3,14
2018-12-04 20:00:00,8,2,6
2018-12-04 21:00:00,2,1,1
2018-12-04 22:00:00,1,0,1
2018-12-04 23:00:00,0,0,0
2018-12-05 00:00:00,0,0,0
2018-12-05 01:00:00,0,0,0
2018-12-05 02:00:00,1,0,1
2018-12-05 03:00:00,1,1,0
2018-12-05 04:00:00,1,1,0
2018-12-05 05:00:00,10,9,1
2018-12-05 06:00:00,19,16,3
2018-12-05 07:00:00,33,32,1
2018-12-05 08:00:00,41,40,1
2018-12-05 09:00:00,31,28,3
2018-12-05 10:00:00,19,14,5
2018-12-05 11:00:00,18,8,10
2018-12-05 12:00:00,27,13,14
2018-12-05 13:00:00,28,17,11
2018-12-05 14:00:00,39,12,27
2018-12-05 15:00:00,53,19,34
2018-12-05 16:00:00,53,18,35
2018-12-05 17:00:00,46,6,40
2018-12-05 18:00:00,34,3,31
2018-12-05 19:00:00,14,2,12
2018-12-05 20:00:00,11,5,6
2018-12-05 21:00:00,1,0,1
2018-12-05 22:00:00,1,0,1
2018-12-05 23:00:00,0,0,0
2018-12-06 00:00:00,1,0,1
2018-12-06 01:00:00,1,0,1
2018-12-06 02:00:00,2,2,0
2018-12-06 03:00:00,0,0,0
2018-12-06 04:00:00,0,0,0
2018-12-06 05:00:00,4,3,1
2018-12-06 06:00:00,22,19,3
2018-12-06 07:00:00,24,20,4
2018-12-06 08:00:00,42,35,7
2018-12-06 09:00:00,39,25,14
2018-12-06 10:00:00,12,6,6
2018-12-06 11:00:00,14,6,8
2018-12-06 12:00:00,28,10,18
2018-12-06 13:00:00,32,12,20
2018-12-06 14:00:00,27,13,14
2018-12-06 15:00:00,48,21,27
2018-12-06 16:00:00,45,12,33
2018-12-06 17:00:00,50,18,32
2018-12-06 18:00:00,28,7,21
2018-12-06 19:00:00,18,2,16
2018-12-06 20:00:00,4,0,4
2018-12-06 21:00:00,3,2,1
2018-12-06 22:00:00,2,0,2
2018-12-06 23:00:00,0,0,0
2018-12-07 00:00:00,0,0,0
2018-12-07 01:00:00,0,0,0
2018-12-07 02:00:00,0,0,0
2018-12-07 03:00:00,0,0,0
2018-12-07 04:00:00,0,0,0
2018-12-07 05:00:00,5,5,0
2018-12-07 06:00:00,24,21,3
2018-12-07 07:00:00,27,21,6
2018-12-07 08:00:00,41,34,7
2018-12-07 09:00:00,32,22,10
2018-12-07 10:00:00,11,7,4
2018-12-07 11:00:00,16,3,13
2018-12-07 12:00:00,18,9,9
2018-12-07 13:00:00,18,11,7
2018-12-07 14:00:00,26,11,15
2018-12-07 15:00:00,51,21,30
2018-12-07 16:00:00,48,19,29
2018-12-07 17:00:00,35,8,27
2018-12-07 18:00:00,44,13,31
2018-12-07 19:00:00,18,1,17
2018-12-07 20:00:00,4,3,1
2018-12-07 21:00:00,2,1,1
2018-12-07 22:00:00,1,0,1
2018-12-07 23:00:00,6,5,1
2018-12-08 00:00:00,1,1,0
2018-12-08 01:00:00,0,0,0
2018-12-08 02:00:00,0,0,0
2018-12-08 03:00:00,0,0,0
2018-12-08 04:00:00,1,0,1
2018-12-08 05:00:00,2,1,1
2018-12-08 06:00:00,4,2,2
2018-12-08 07:00:00,7,4,3
2018-12-08 08:00:00,38,11,27
2018-12-08 09:00:00,32,13,19
2018-12-08 10:00:00,46,23,23
2018-12-08 11:00:00,58,31,27
2018-12-08 12:00:00,78,44,34
2018-12-08 13:00:00,82,33,49
2018-12-08 14:00:00,75,31,44
2018-12-08 15:00:00,48,26,22
2018-12-08 16:00:00,27,15,12
2018-12-08 17:00:00,9,4,5
2018-12-08 18:00:00,6,2,4
2018-12-08 19:00:00,2,1,1
2018-12-08 20:00:00,5,0,5
2018-12-08 21:00:00,1,1,0
2018-12-08 22:00:00,0,0,0
2018-12-08 23:00:00,0,0,0
2018-12-09 00:00:00,1,1,0
2018-12-09 01:00:00,1,1,0
2018-12-09 02:00:00,0,0,0
2018-12-09 03:00:00,0,0,0
2018-12-09 04:00:00,0,0,0
2018-12-09 05:00:00,1,1,0
2018-12-09 06:00:00,6,1,5
2018-12-09 07:00:00,6,3,3
2018-12-09 08:00:00,13,7,6
2018-12-09 09:00:00,14,2,12
2018-12-09 10:00:00,12,8,4
2018-12-09 11:00:00,4,1,3
2018-12-09 12:00:00,12,3,9
2018-12-09 13:00:00,10,2,8
2018-12-09 14:00:00,14,8,6
2018-12-09 15:00:00,1,1,0
2018-12-09 16:00:00,1,0,1
2018-12-09 17:00:00,4,1,3
2018-12-09 18:00:00,2,1,1
2018-12-09 19:00:00,0,0,0
2018-12-09 20:00:00,1,0,1
2018-12-09 21:00:00,0,0,0
2018-12-09 22:00:00,0,0,0
2018-12-09 23:00:00,0,0,0
2018-12-10 00:00:00,1,0,1
2018-12-10 01:00:00,0,0,0
2018-12-10 02:00:00,0,0,0
2018-12-10 03:00:00,0,0,0
2018-12-10 04:00:00,0,0,0
2018-12-10 05:00:00,5,5,0
2018-12-10 06:00:00,32,23,9
2018-12-10 07:00:00,44,38,6
2018-12-10 08:00:00,55,44,11
2018-12-10 09:00:00,35,21,14
2018-12-10 10:00:00,26,15,11
2018-12-10 11:00:00,20,12,8
2018-12-10 12:00:00,29,11,18
2018-12-10 13:00:00,37,16,21
2018-12-10 14:00:00,50,15,35
2018-12-10 15:00:00,48,20,28
2018-12-10 16:00:00,49,17,32
2018-12-10 17:00:00,64,8,56
2018-12-10 18:00:00,43,7,36
2018-12-10 19:00:00,10,0,10
2018-12-10 20:00:00,11,4,7
2018-12-10 21:00:00,6,5,1
2018-12-10 22:00:00,2,1,1
2018-12-10 23:00:00,1,1,0
2018-12-11 00:00:00,0,0,0
2018-12-11 01:00:00,0,0,0
2018-12-11 02:00:00,0,0,0
2018-12-11 03:00:00,0,0,0
2018-12-11 04:00:00,3,1,2
2018-12-11 05:00:00,6,5,1
2018-12-11 06:00:00,24,19,5
2018-12-11 07:00:00,30,23,7
2018-12-11 08:00:00,35,27,8
2018-12-11 09:00:00,22,17,5
2018-12-11 10:00:00,16,10,6
2018-12-11 11:00:00,8,3,5
2018-12-11 12:00:00,8,1,7
2018-12-11 13:00:00,8,4,4
2018-12-11 14:00:00,15,7,8
2018-12-11 15:00:00,14,4,10
2018-12-11 16:00:00,38,9,29
2018-12-11 17:00:00,40,9,31
2018-12-11 18:00:00,24,6,18
2018-12-11 19:00:00,13,0,13
2018-12-11 20:00:00,7,3,4
2018-12-11 21:00:00,2,1,1
2018-12-11 22:00:00,3,2,1
2018-12-11 23:00:00,0,0,0
2018-12-12 00:00:00,0,0,0
2018-12-12 01:00:00,0,0,0
2018-12-12 02:00:00,1,0,1
2018-12-12 03:00:00,0,0,0
2018-12-12 04:00:00,1,1,0
2018-12-12 05:00:00,14,13,1
2018-12-12 06:00:00,20,19,1
2018-12-12 07:00:00,43,35,8
2018-12-12 08:00:00,55,41,14
2018-12-12 09:00:00,46,33,13
2018-12-12 10:00:00,25,10,15
2018-12-12 11:00:00,21,10,11
2018-12-12 12:00:00,20,11,9
2018-12-12 13:00:00,21,10,11
2018-12-12 14:00:00,29,12,17
2018-12-12 15:00:00,29,9,20
2018-12-12 16:00:00,47,10,37
2018-12-12 17:00:00,60,15,45
2018-12-12 18:00:00,39,5,34
2018-12-12 19:00:00,18,3,15
2018-12-12 20:00:00,3,0,3
2018-12-12 21:00:00,3,0,3
2018-12-12 22:00:00,1,1,0
2018-12-12 23:00:00,0,0,0
2018-12-13 00:00:00,0,0,0
2018-12-13 01:00:00,1,0,1
2018-12-13 02:00:00,0,0,0
2018-12-13 03:00:00,0,0,0
2018-12-13 04:00:00,3,1,2
2018-12-13 05:00:00,8,8,0
2018-12-13 06:00:00,20,19,1
2018-12-13 07:00:00,31,22,9
2018-12-13 08:00:00,35,29,6
2018-12-13 09:00:00,30,19,11
2018-12-13 10:00:00,15,7,8
2018-12-13 11:00:00,8,3,5
2018-12-13 12:00:00,8,7,1
2018-12-13 13:00:00,11,5,6
2018-12-13 14:00:00,10,4,6
2018-12-13 15:00:00,20,5,15
2018-12-13 16:00:00,34,12,22
2018-12-13 17:00:00,51,4,47
2018-12-13 18:00:00,31,9,22
2018-12-13 19:00:00,16,3,13
2018-12-13 20:00:00,5,1,4
2018-12-13 21:00:00,7,3,4
2018-12-13 22:00:00,1,1,0
2018-12-13 23:00:00,0,0,0
2018-12-14 00:00:00,1,0,1
2018-12-14 01:00:00,0,0,0
2018-12-14 02:00:00,1,1,0
2018-12-14 03:00:00,0,0,0
2018-12-14 04:00:00,1,1,0
2018-12-14 05:00:00,9,9,0
2018-12-14 06:00:00,21,19,2
2018-12-14 07:00:00,33,21,12
2018-12-14 08:00:00,41,32,9
2018-12-14 09:00:00,29,21,8
2018-12-14 10:00:00,30,19,11
2018-12-14 11:00:00,11,7,4
2018-12-14 12:00:00,24,11,13
2018-12-14 13:00:00,23,16,7
2018-12-14 14:00:00,24,11,13
2018-12-14 15:00:00,38,8,30
2018-12-14 16:00:00,33,10,23
2018-12-14 17:00:00,37,7,30
2018-12-14 18:00:00,17,5,12
2018-12-14 19:00:00,8,1,7
2018-12-14 20:00:00,2,0,2
2018-12-14 21:00:00,2,0,2
2018-12-14 22:00:00,1,0,1
2018-12-14 23:00:00,1,0,1
2018-12-15 00:00:00,0,0,0
2018-12-15 01:00:00,0,0,0
2018-12-15 02:00:00,0,0,0
2018-12-15 03:00:00,0,0,0
2018-12-15 04:00:00,1,0,1
2018-12-15 05:00:00,1,0,1
2018-12-15 06:00:00,8,1,7
2018-12-15 07:00:00,16,8,8
2018-12-15 08:00:00,35,8,27
2018-12-15 09:00:00,50,21,29
2018-12-15 10:00:00,54,26,28
2018-12-15 11:00:00,67,40,27
2018-12-15 12:00:00,97,42,55
2018-12-15 13:00:00,109,64,45
2018-12-15 14:00:00,89,41,48
2018-12-15 15:00:00,86,48,38
2018-12-15 16:00:00,42,18,24
2018-12-15 17:00:00,8,2,6
2018-12-15 18:00:00,8,5,3
2018-12-15 19:00:00,5,2,3
2018-12-15 20:00:00,4,1,3
2018-12-15 21:00:00,2,2,0
2018-12-15 22:00:00,1,0,1
2018-12-15 23:00:00,1,0,1
2018-12-16 00:00:00,1,0,1
2018-12-16 01:00:00,0,0,0
2018-12-16 02:00:00,0,0,0
2018-12-16 03:00:00,0,0,0
2018-12-16 04:00:00,0,0,0
2018-12-16 05:00:00,1,1,0
2018-12-16 06:00:00,3,0,3
2018-12-16 07:00:00,8,4,4
2018-12-16 08:00:00,7,3,4
2018-12-16 09:00:00,11,4,7
2018-12-16 10:00:00,17,12,5
2018-12-16 11:00:00,20,13,7
2018-12-16 12:00:00,26,9,17
2018-12-16 13:00:00,11,1,10
2018-12-16 14:00:00,14,10,4
2018-12-16 15:00:00,9,3,6
2018-12-16 16:00:00,2,1,1
2018-12-16 17:00:00,1,1,0
2018-12-16 18:00:00,3,1,2
2018-12-16 19:00:00,2,1,1
2018-12-16 20:00:00,2,0,2
2018-12-16 21:00:00,1,0,1
2018-12-16 22:00:00,2,2,0
2018-12-16 23:00:00,1,0,1
2018-12-17 00:00:00,0,0,0
2018-12-17 01:00:00,1,0,1
2018-12-17 02:00:00,0,0,0
2018-12-17 03:00:00,0,0,0
2018-12-17 04:00:00,0,0,0
2018-12-17 05:00:00,5,4,1
2018-12-17 06:00:00,17,13,4
2018-12-17 07:00:00,43,38,5
2018-12-17 08:00:00,49,40,9
2018-12-17 09:00:00,36,22,14
2018-12-17 10:00:00,51,35,16
2018-12-17 11:00:00,28,15,13
2018-12-17 12:00:00,42,19,23
2018-12-17 13:00:00,28,14,14
2018-12-17 14:00:00,21,7,14
2018-12-17 15:00:00,21,6,15
2018-12-17 16:00:00,32,9,23
2018-12-17 17:00:00,50,6,44
2018-12-17 18:00:00,33,6,27
2018-12-17 19:00:00,2,0,2
2018-12-17 20:00:00,9,4,5
2018-12-17 21:00:00,2,1,1
2018-12-17 22:00:00,0,0,0
2018-12-17 23:00:00,0,0,0
2018-12-18 00:00:00,0,0,0
2018-12-18 01:00:00,1,0,1
2018-12-18 02:00:00,0,0,0
2018-12-18 03:00:00,0,0,0
2018-12-18 04:00:00,0,0,0
2018-12-18 05:00:00,9,8,1
2018-12-18 06:00:00,17,13,4
2018-12-18 07:00:00,29,20,9
2018-12-18 08:00:00,27,23,4
2018-12-18 09:00:00,28,20,8
2018-12-18 10:00:00,11,8,3
2018-12-18 11:00:00,8,3,5
2018-12-18 12:00:00,16,11,5
2018-12-18 13:00:00,18,9,9
2018-12-18 14:00:00,8,3,5
2018-12-18 15:00:00,20,5,15
2018-12-18 16:00:00,28,8,20
2018-12-18 17:00:00,39,7,32
2018-12-18 18:00:00,20,5,15
2018-12-18 19:00:00,13,3,10
2018-12-18 20:00:00,1,0,1
2018-12-18 21:00:00,2,0,2
2018-12-18 22:00:00,0,0,0
2018-12-18 23:00:00,1,0,1
2018-12-19 00:00:00,0,0,0
2018-12-19 01:00:00,0,0,0
2018-12-19 02:00:00,1,0,1
2018-12-19 03:00:00,0,0,0
2018-12-19 04:00:00,1,1,0
2018-12-19 05:00:00,10,10,0
2018-12-19 06:00:00,23,19,4
2018-12-19 07:00:00,33,27,6
2018-12-19 08:00:00,45,34,11
2018-12-19 09:00:00,31,20,11
2018-12-19 10:00:00,24,13,11
2018-12-19 11:00:00,9,5,4
2018-12-19 12:00:00,16,6,10
2018-12-19 13:00:00,13,6,7
2018-12-19 14:00:00,26,15,11
2018-12-19 15:00:00,36,11,25
2018-12-19 16:00:00,48,17,31
2018-12-19 17:00:00,52,8,44
2018-12-19 18:00:00,29,6,23
2018-12-19 19:00:00,19,4,15
2018-12-19 20:00:00,5,2,3
2018-12-19 21:00:00,6,2,4
2018-12-19 22:00:00,3,0,3
2018-12-19 23:00:00,1,1,0
2018-12-20 00:00:00,0,0,0
2018-12-20 01:00:00,0,0,0
2018-12-20 02:00:00,0,0,0
2018-12-20 03:00:00,1,0,1
2018-12-20 04:00:00,0,0,0
2018-12-20 05:00:00,4,4,0
2018-12-20 06:00:00,14,11,3
2018-12-20 07:00:00,21,20,1
2018-12-20 08:00:00,20,18,2
2018-12-20 09:00:00,16,9,7
2018-12-20 10:00:00,6,4,2
2018-12-20 11:00:00,5,1,4
2018-12-20 12:00:00,8,5,3
2018-12-20 13:00:00,8,3,5
2018-12-20 14:00:00,11,3,8
2018-12-20 15:00:00,18,7,11
2018-12-20 16:00:00,23,6,17
2018-12-20 17:00:00,33,6,27
2018-12-20 18:00:00,20,4,16
2018-12-20 19:00:00,9,0,9
2018-12-20 20:00:00,2,1,1
2018-12-20 21:00:00,2,0,2
2018-12-20 22:00:00,0,0,0
2018-12-20 23:00:00,0,0,0
2018-12-21 00:00:00,0,0,0
2018-12-21 01:00:00,0,0,0
2018-12-21 02:00:00,0,0,0
2018-12-21 03:00:00,1,0,1
2018-12-21 04:00:00,0,0,0
2018-12-21 05:00:00,3,3,0
2018-12-21 06:00:00,19,16,3
2018-12-21 07:00:00,32,21,11
2018-12-21 08:00:00,41,32,9
2018-12-21 09:00:00,24,12,12
2018-12-21 10:00:00,21,11,10
2018-12-21 11:00:00,26,12,14
2018-12-21 12:00:00,31,15,16
2018-12-21 13:00:00,33,17,16
2018-12-21 14:00:00,55,21,34
2018-12-21 15:00:00,56,25,31
2018-12-21 16:00:00,37,11,26
2018-12-21 17:00:00,33,10,23
2018-12-21 18:00:00,16,6,10
2018-12-21 19:00:00,7,1,6
2018-12-21 20:00:00,3,0,3
2018-12-21 21:00:00,4,2,2
2018-12-21 22:00:00,2,1,1
2018-12-21 23:00:00,2,0,2
2018-12-22 00:00:00,1,0,1
2018-12-22 01:00:00,0,0,0
2018-12-22 02:00:00,0,0,0
2018-12-22 03:00:00,2,0,2
2018-12-22 04:00:00,0,0,0
2018-12-22 05:00:00,2,0,2
2018-12-22 06:00:00,7,2,5
2018-12-22 07:00:00,6,2,4
2018-12-22 08:00:00,24,12,12
2018-12-22 09:00:00,28,13,15
2018-12-22 10:00:00,40,9,31
2018-12-22 11:00:00,43,23,20
2018-12-22 12:00:00,52,32,20
2018-12-22 13:00:00,47,26,21
2018-12-22 14:00:00,52,29,23
2018-12-22 15:00:00,33,14,19
2018-12-22 16:00:00,16,8,8
2018-12-22 17:00:00,8,3,5
2018-12-22 18:00:00,2,2,0
2018-12-22 19:00:00,0,0,0
2018-12-22 20:00:00,1,0,1
2018-12-22 21:00:00,3,1,2
2018-12-22 22:00:00,2,2,0
2018-12-22 23:00:00,1,0,1
2018-12-23 00:00:00,2,1,1
2018-12-23 01:00:00,0,0,0
2018-12-23 02:00:00,0,0,0
2018-12-23 03:00:00,1,0,1
2018-12-23 04:00:00,0,0,0
2018-12-23 05:00:00,0,0,0
2018-12-23 06:00:00,3,2,1
2018-12-23 07:00:00,3,1,2
2018-12-23 08:00:00,6,3,3
2018-12-23 09:00:00,8,3,5
2018-12-23 10:00:00,10,3,7
2018-12-23 11:00:00,31,15,16
2018-12-23 12:00:00,31,14,17
2018-12-23 13:00:00,40,22,18
2018-12-23 14:00:00,27,15,12
2018-12-23 15:00:00,27,14,13
2018-12-23 16:00:00,18,12,6
2018-12-23 17:00:00,5,3,2
2018-12-23 18:00:00,2,1,1
2018-12-23 19:00:00,1,1,0
2018-12-23 20:00:00,0,0,0
2018-12-23 21:00:00,1,1,0
2018-12-23 22:00:00,1,0,1
2018-12-23 23:00:00,0,0,0
2018-12-24 00:00:00,0,0,0
2018-12-24 01:00:00,0,0,0
2018-12-24 02:00:00,0,0,0
2018-12-24 03:00:00,0,0,0
2018-12-24 04:00:00,0,0,0
2018-12-24 05:00:00,2,1,1
2018-12-24 06:00:00,9,7,2
2018-12-24 07:00:00,11,9,2
2018-12-24 08:00:00,22,6,16
2018-12-24 09:00:00,38,18,20
2018-12-24 10:00:00,39,15,24
2018-12-24 11:00:00,42,28,14
2018-12-24 12:00:00,77,44,33
2018-12-24 13:00:00,74,32,42
2018-12-24 14:00:00,75,36,39
2018-12-24 15:00:00,76,31,45
2018-12-24 16:00:00,31,10,21
2018-12-24 17:00:00,6,5,1
2018-12-24 18:00:00,7,3,4
2018-12-24 19:00:00,1,0,1
2018-12-24 20:00:00,1,1,0
2018-12-24 21:00:00,1,0,1
2018-12-24 22:00:00,0,0,0
2018-12-24 23:00:00,1,0,1
2018-12-25 00:00:00,0,0,0
2018-12-25 01:00:00,0,0,0
2018-12-25 02:00:00,0,0,0
2018-12-25 03:00:00,0,0,0
2018-12-25 04:00:00,0,0,0
2018-12-25 05:00:00,3,3,0
2018-12-25 06:00:00,4,3,1
2018-12-25 07:00:00,1,0,1
2018-12-25 08:00:00,3,1,2
2018-12-25 09:00:00,20,8,12
2018-12-25 10:00:00,21,6,15
2018-12-25 11:00:00,26,5,21
2018-12-25 12:00:00,34,15,19
2018-12-25 13:00:00,47,25,22
2018-12-25 14:00:00,46,26,20
2018-12-25 15:00:00,34,19,15
2018-12-25 16:00:00,21,8,13
2018-12-25 17:00:00,10,7,3
2018-12-25 18:00:00,2,0,2
2018-12-25 19:00:00,1,0,1
2018-12-25 20:00:00,0,0,0
2018-12-25 21:00:00,2,0,2
2018-12-25 22:00:00,1,1,0
2018-12-25 23:00:00,1,1,0
2018-12-26 00:00:00,0,0,0
2018-12-26 01:00:00,0,0,0
2018-12-26 02:00:00,1,0,1
2018-12-26 03:00:00,0,0,0
2018-12-26 04:00:00,1,1,0
2018-12-26 05:00:00,6,4,2
2018-12-26 06:00:00,8,7,1
2018-12-26 07:00:00,21,13,8
2018-12-26 08:00:00,18,17,1
2018-12-26 09:00:00,15,11,4
2018-12-26 10:00:00,7,4,3
2018-12-26 11:00:00,11,5,6
2018-12-26 12:00:00,15,6,9
2018-12-26 13:00:00,16,9,7
2018-12-26 14:00:00,25,6,19
2018-12-26 15:00:00,25,10,15
2018-12-26 16:00:00,30,8,22
2018-12-26 17:00:00,18,4,14
2018-12-26 18:00:00,9,2,7
2018-12-26 19:00:00,2,0,2
2018-12-26 20:00:00,3,2,1
2018-12-26 21:00:00,1,0,1
2018-12-26 22:00:00,1,0,1
2018-12-26 23:00:00,1,1,0
2018-12-27 00:00:00,0,0,0
2018-12-27 01:00:00,0,0,0
2018-12-27 02:00:00,0,0,0
2018-12-27 03:00:00,1,0,1
2018-12-27 04:00:00,1,1,0
2018-12-27 05:00:00,9,6,3
2018-12-27 06:00:00,12,9,3
2018-12-27 07:00:00,13,11,2
2018-12-27 08:00:00,30,18,12
2018-12-27 09:00:00,23,19,4
2018-12-27 10:00:00,28,10,18
2018-12-27 11:00:00,30,17,13
2018-12-27 12:00:00,24,9,15
2018-12-27 13:00:00,43,18,25
2018-12-27 14:00:00,45,22,23
2018-12-27 15:00:00,40,22,18
2018-12-27 16:00:00,41,14,27
2018-12-27 17:00:00,35,7,28
2018-12-27 18:00:00,16,4,12
2018-12-27 19:00:00,3,1,2
2018-12-27 20:00:00,4,0,4
2018-12-27 21:00:00,2,0,2
2018-12-27 22:00:00,0,0,0
2018-12-27 23:00:00,1,0,1
2018-12-28 00:00:00,0,0,0
2018-12-28 01:00:00,0,0,0
2018-12-28 02:00:00,0,0,0
2018-12-28 03:00:00,0,0,0
2018-12-28 04:00:00,1,1,0
2018-12-28 05:00:00,4,3,1
2018-12-28 06:00:00,10,10,0
2018-12-28 07:00:00,11,9,2
2018-12-28 08:00:00,19,11,8
2018-12-28 09:00:00,11,11,0
2018-12-28 10:00:00,11,6,5
2018-12-28 11:00:00,5,2,3
2018-12-28 12:00:00,5,1,4
2018-12-28 13:00:00,10,3,7
2018-12-28 14:00:00,17,6,11
2018-12-28 15:00:00,16,4,12
2018-12-28 16:00:00,12,2,10
2018-12-28 17:00:00,12,0,12
2018-12-28 18:00:00,6,1,5
2018-12-28 19:00:00,4,1,3
2018-12-28 20:00:00,0,0,0
2018-12-28 21:00:00,2,0,2
2018-12-28 22:00:00,1,0,1
2018-12-28 23:00:00,1,0,1
2018-12-29 00:00:00,0,0,0
2018-12-29 01:00:00,0,0,0
2018-12-29 02:00:00,0,0,0
2018-12-29 03:00:00,0,0,0
2018-12-29 04:00:00,0,0,0
2018-12-29 05:00:00,1,1,0
2018-12-29 06:00:00,2,1,1
2018-12-29 07:00:00,7,4,3
2018-12-29 08:00:00,21,8,13
2018-12-29 09:00:00,27,13,14
2018-12-29 10:00:00,27,16,11
2018-12-29 11:00:00,18,10,8
2018-12-29 12:00:00,21,11,10
2018-12-29 13:00:00,12,4,8
2018-12-29 14:00:00,10,7,3
2018-12-29 15:00:00,7,1,6
2018-12-29 16:00:00,4,3,1
2018-12-29 17:00:00,1,0,1
2018-12-29 18:00:00,1,0,1
2018-12-29 19:00:00,3,2,1
2018-12-29 20:00:00,2,0,2
2018-12-29 21:00:00,1,1,0
2018-12-29 22:00:00,1,0,1
2018-12-29 23:00:00,0,0,0
2018-12-30 00:00:00,0,0,0
2018-12-30 01:00:00,0,0,0
2018-12-30 02:00:00,0,0,0
2018-12-30 03:00:00,1,0,1
2018-12-30 04:00:00,0,0,0
2018-12-30 05:00:00,1,0,1
2018-12-30 06:00:00,2,0,2
2018-12-30 07:00:00,5,3,2
2018-12-30 08:00:00,12,2,10
2018-12-30 09:00:00,25,11,14
2018-12-30 10:00:00,57,21,36
2018-12-30 11:00:00,68,30,38
2018-12-30 12:00:00,103,52,51
2018-12-30 13:00:00,114,63,51
2018-12-30 14:00:00,94,42,52
2018-12-30 15:00:00,79,34,45
2018-12-30 16:00:00,32,20,12
2018-12-30 17:00:00,15,12,3
2018-12-30 18:00:00,3,1,2
2018-12-30 19:00:00,0,0,0
2018-12-30 20:00:00,4,0,4
2018-12-30 21:00:00,2,1,1
2018-12-30 22:00:00,1,1,0
2018-12-30 23:00:00,1,0,1
2018-12-31 00:00:00,1,1,0
2018-12-31 01:00:00,0,0,0
2018-12-31 02:00:00,0,0,0
2018-12-31 03:00:00,0,0,0
2018-12-31 04:00:00,1,0,1
2018-12-31 05:00:00,4,4,0
2018-12-31 06:00:00,7,5,2
2018-12-31 07:00:00,10,10,0
2018-12-31 08:00:00,10,7,3
2018-12-31 09:00:00,24,14,10
2018-12-31 10:00:00,54,38,16
2018-12-31 11:00:00,37,18,19
2018-12-31 12:00:00,45,16,29
2018-12-31 13:00:00,54,26,28
2018-12-31 14:00:00,79,42,37
2018-12-31 15:00:00,87,38,49
2018-12-31 16:00:00,57,26,31
2018-12-31 17:00:00,11,5,6
2018-12-31 18:00:00,8,2,6
2018-12-31 19:00:00,2,0,2
2018-12-31 20:00:00,4,3,1
2018-12-31 21:00:00,2,0,2
2018-12-31 22:00:00,1,1,0
2018-12-31 23:00:00,0,0,0
2021-11-01 00:00:00,0,0,0
2021-11-01 01:00:00,0,0,0
2021-11-01 02:00:00,0,0,0
2021-11-01 03:00:00,1,0,1
2021-11-01 04:00:00,2,1,1
2021-11-01 05:00:00,5,2,3
2021-11-01 06:00:00,16,8,8
2021-11-01 07:00:00,25,12,13
2021-11-01 08:00:00,35,17,18
2021-11-01 09:00:00,34,17,17
2021-11-01 10:00:00,48,24,24
2021-11-01 11:00:00,6,3,3
2021-11-01 12:00:00,28,14,14
2021-11-01 13:00:00,26,13,13
2021-11-01 14:00:00,18,9,9
2021-11-01 15:00:00,24,12,12
2021-11-01 16:00:00,24,12,12
2021-11-01 17:00:00,35,17,18
2021-11-01 18:00:00,26,13,13
2021-11-01 19:00:00,8,4,4
2021-11-01 20:00:00,7,3,4
2021-11-01 21:00:00,0,0,0
2021-11-01 22:00:00,1,0,1
2021-11-01 23:00:00,0,0,0
2021-11-02 00:00:00,0,0,0
2021-11-02 01:00:00,0,0,0
2021-11-02 02:00:00,0,0,0
2021-11-02 03:00:00,1,0,1
2021-11-02 04:00:00,2,1,1
2021-11-02 05:00:00,5,2,3
2021-11-02 06:00:00,12,6,6
2021-11-02 07:00:00,25,12,13
2021-11-02 08:00:00,41,20,21
2021-11-02 09:00:00,33,16,17
2021-11-02 10:00:00,28,14,14
2021-11-02 11:00:00,29,14,15
2021-11-02 12:00:00,19,9,10
2021-11-02 13:00:00,14,7,7
2021-11-02 14:00:00,16,8,8
2021-11-02 15:00:00,19,9,10
2021-11-02 16:00:00,28,14,14
2021-11-02 17:00:00,54,27,27
2021-11-02 18:00:00,28,14,14
2021-11-02 19:00:00,13,6,7
2021-11-02 20:00:00,3,1,2
2021-11-02 21:00:00,3,1,2
2021-11-02 22:00:00,2,1,1
2021-11-02 23:00:00,0,0,0
2021-11-03 00:00:00,0,0,0
2021-11-03 01:00:00,0,0,0
2021-11-03 02:00:00,0,0,0
2021-11-03 03:00:00,1,0,1
2021-11-03 04:00:00,2,1,1
2021-11-03 05:00:00,7,3,4
2021-11-03 06:00:00,12,6,6
2021-11-03 07:00:00,33,16,17
2021-11-03 08:00:00,41,20,21
2021-11-03 09:00:00,35,17,18
2021-11-03 10:00:00,34,17,17
2021-11-03 11:00:00,30,15,15
2021-11-03 12:00:00,27,13,14
2021-11-03 13:00:00,46,23,23
2021-11-03 14:00:00,43,21,22
2021-11-03 15:00:00,32,16,16
2021-11-03 16:00:00,52,26,26
2021-11-03 17:00:00,66,33,33
2021-11-03 18:00:00,31,15,16
2021-11-03 19:00:00,13,6,7
2021-11-03 20:00:00,5,2,3
2021-11-03 21:00:00,2,1,1
2021-11-03 22:00:00,0,0,0
2021-11-03 23:00:00,0,0,0
2021-11-04 00:00:00,0,0,0
2021-11-04 01:00:00,0,0,0
2021-11-04 02:00:00,0,0,0
2021-11-04 03:00:00,0,0,0
2021-11-04 04:00:00,2,1,1
2021-11-04 05:00:00,5,2,3
2021-11-04 06:00:00,12,6,6
2021-11-04 07:00:00,18,9,9
2021-11-04 08:00:00,26,13,13
2021-11-04 09:00:00,14,7,7
2021-11-04 10:00:00,1,0,1
2021-11-04 11:00:00,9,4,5
2021-11-04 12:00:00,7,3,4
2021-11-04 13:00:00,9,4,5
2021-11-04 14:00:00,19,9,10
2021-11-04 15:00:00,17,8,9
2021-11-04 16:00:00,32,16,16
2021-11-04 17:00:00,40,20,20
2021-11-04 18:00:00,25,12,13
2021-11-04 19:00:00,8,4,4
2021-11-04 20:00:00,2,1,1
2021-11-04 21:00:00,1,0,1
2021-11-04 22:00:00,0,0,0
2021-11-04 23:00:00,1,0,1
2021-11-05 00:00:00,0,0,0
2021-11-05 01:00:00,0,0,0
2021-11-05 02:00:00,0,0,0
2021-11-05 03:00:00,0,0,0
2021-11-05 04:00:00,3,1,2
2021-11-05 05:00:00,3,1,2
2021-11-05 06:00:00,9,4,5
2021-11-05 07:00:00,15,7,8
2021-11-05 08:00:00,25,12,13
2021-11-05 09:00:00,24,12,12
2021-11-05 10:00:00,27,13,14
2021-11-05 11:00:00,31,15,16
2021-11-05 12:00:00,55,27,28
2021-11-05 13:00:00,46,23,23
2021-11-05 14:00:00,34,17,17
2021-11-05 15:00:00,65,32,33
2021-11-05 16:00:00,64,32,32
2021-11-05 17:00:00,70,35,35
2021-11-05 18:00:00,28,14,14
2021-11-05 19:00:00,9,4,5
2021-11-05 20:00:00,2,1,1
2021-11-05 21:00:00,1,0,1
2021-11-05 22:00:00,3,1,2
2021-11-05 23:00:00,1,0,1
2021-11-06 00:00:00,0,0,0
2021-11-06 01:00:00,0,0,0
2021-11-06 02:00:00,0,0,0
2021-11-06 03:00:00,0,0,0
2021-11-06 04:00:00,0,0,0
2021-11-06 05:00:00,1,0,1
2021-11-06 06:00:00,9,4,5
2021-11-06 07:00:00,19,9,10
2021-11-06 08:00:00,24,12,12
2021-11-06 09:00:00,23,11,12
2021-11-06 10:00:00,29,14,15
2021-11-06 11:00:00,36,18,18
2021-11-06 12:00:00,35,17,18
2021-11-06 13:00:00,24,12,12
2021-11-06 14:00:00,38,19,19
2021-11-06 15:00:00,34,17,17
2021-11-06 16:00:00,26,13,13
2021-11-06 17:00:00,18,9,9
2021-11-06 18:00:00,5,2,3
2021-11-06 19:00:00,9,4,5
2021-11-06 20:00:00,2,1,1
2021-11-06 21:00:00,0,0,0
2021-11-06 22:00:00,1,0,1
2021-11-06 23:00:00,0,0,0
2021-11-07 00:00:00,0,0,0
2021-11-07 01:00:00,0,0,0
2021-11-07 02:00:00,0,0,0
2021-11-07 03:00:00,0,0,0
2021-11-07 04:00:00,0,0,0
2021-11-07 05:00:00,0,0,0
2021-11-07 06:00:00,3,1,2
2021-11-07 07:00:00,16,8,8
2021-11-07 08:00:00,24,12,12
2021-11-07 09:00:00,47,23,24
2021-11-07 10:00:00,63,31,32
2021-11-07 11:00:00,46,23,23
2021-11-07 12:00:00,29,14,15
2021-11-07 13:00:00,19,9,10
2021-11-07 14:00:00,16,8,8
2021-11-07 15:00:00,14,7,7
2021-11-07 16:00:00,19,9,10
2021-11-07 17:00:00,4,2,2
2021-11-07 18:00:00,1,0,1
2021-11-07 19:00:00,1,0,1
2021-11-07 20:00:00,0,0,0
2021-11-07 21:00:00,1,0,1
2021-11-07 22:00:00,0,0,0
2021-11-07 23:00:00,0,0,0
2021-11-08 00:00:00,0,0,0
2021-11-08 01:00:00,0,0,0
2021-11-08 02:00:00,0,0,0
2021-11-08 03:00:00,1,0,1
2021-11-08 04:00:00,2,1,1
2021-11-08 05:00:00,8,4,4
2021-11-08 06:00:00,14,7,7
2021-11-08 07:00:00,38,19,19
2021-11-08 08:00:00,35,17,18
2021-11-08 09:00:00,37,18,19
2021-11-08 10:00:00,44,22,22
2021-11-08 11:00:00,66,33,33
2021-11-08 12:00:00,66,33,33
2021-11-08 13:00:00,90,45,45
2021-11-08 14:00:00,76,38,38
2021-11-08 15:00:00,79,39,40
2021-11-08 16:00:00,85,42,43
2021-11-08 17:00:00,41,20,21
2021-11-08 18:00:00,31,15,16
2021-11-08 19:00:00,15,7,8
2021-11-08 20:00:00,8,4,4
2021-11-08 21:00:00,4,2,2
2021-11-08 22:00:00,2,1,1
2021-11-08 23:00:00,1,0,1
2021-11-09 00:00:00,1,0,1
2021-11-09 01:00:00,0,0,0
2021-11-09 02:00:00,0,0,0
2021-11-09 03:00:00,0,0,0
2021-11-09 04:00:00,1,0,1
2021-11-09 05:00:00,4,2,2
2021-11-09 06:00:00,14,7,7
2021-11-09 07:00:00,19,9,10
2021-11-09 08:00:00,26,13,13
2021-11-09 09:00:00,22,11,11
2021-11-09 10:00:00,18,9,9
2021-11-09 11:00:00,22,11,11
2021-11-09 12:00:00,17,8,9
2021-11-09 13:00:00,16,8,8
2021-11-09 14:00:00,5,2,3
2021-11-09 15:00:00,8,4,4
2021-11-09 16:00:00,19,9,10
2021-11-09 17:00:00,22,11,11
2021-11-09 18:00:00,15,7,8
2021-11-09 19:00:00,5,2,3
2021-11-09 20:00:00,3,1,2
2021-11-09 21:00:00,2,1,1
2021-11-09 22:00:00,2,1,1
2021-11-09 23:00:00,0,0,0
2021-11-10 00:00:00,0,0,0
2021-11-10 01:00:00,0,0,0
2021-11-10 02:00:00,0,0,0
2021-11-10 03:00:00,0,0,0
2021-11-10 04:00:00,0,0,0
2021-11-10 05:00:00,8,4,4
2021-11-10 06:00:00,17,8,9
2021-11-10 07:00:00,35,17,18
2021-11-10 08:00:00,28,14,14
2021-11-10 09:00:00,33,16,17
2021-11-10 10:00:00,32,16,16
2021-11-10 11:00:00,48,24,24
2021-11-10 12:00:00,48,24,24
2021-11-10 13:00:00,57,28,29
2021-11-10 14:00:00,61,30,31
2021-11-10 15:00:00,62,31,31
2021-11-10 16:00:00,65,32,33
2021-11-10 17:00:00,52,26,26
2021-11-10 18:00:00,21,10,11
2021-11-10 19:00:00,6,3,3
2021-11-10 20:00:00,6,3,3
2021-11-10 21:00:00,6,3,3
2021-11-10 22:00:00,3,1,2
2021-11-10 23:00:00,0,0,0
2021-11-11 00:00:00,0,0,0
2021-11-11 01:00:00,0,0,0
2021-11-11 02:00:00,0,0,0
2021-11-11 03:00:00,0,0,0
2021-11-11 04:00:00,3,1,2
2021-11-11 05:00:00,3,1,2
2021-11-11 06:00:00,10,5,5
2021-11-11 07:00:00,9,4,5
2021-11-11 08:00:00,25,12,13
2021-11-11 09:00:00,19,9,10
2021-11-11 10:00:00,14,7,7
2021-11-11 11:00:00,14,7,7
2021-11-11 12:00:00,14,7,7
2021-11-11 13:00:00,6,3,3
2021-11-11 14:00:00,7,3,4
2021-11-11 15:00:00,20,10,10
2021-11-11 16:00:00,14,7,7
2021-11-11 17:00:00,13,6,7
2021-11-11 18:00:00,8,4,4
2021-11-11 19:00:00,2,1,1
2021-11-11 20:00:00,4,2,2
2021-11-11 21:00:00,1,0,1
2021-11-11 22:00:00,0,0,0
2021-11-11 23:00:00,1,0,1
2021-11-12 00:00:00,0,0,0
2021-11-12 01:00:00,0,0,0
2021-11-12 02:00:00,0,0,0
2021-11-12 03:00:00,0,0,0
2021-11-12 04:00:00,0,0,0
2021-11-12 05:00:00,2,1,1
2021-11-12 06:00:00,7,3,4
2021-11-12 07:00:00,14,7,7
2021-11-12 08:00:00,27,13,14
2021-11-12 09:00:00,10,5,5
2021-11-12 10:00:00,10,5,5
2021-11-12 11:00:00,10,5,5
2021-11-12 12:00:00,11,5,6
2021-11-12 13:00:00,4,2,2
2021-11-12 14:00:00,9,4,5
2021-11-12 15:00:00,18,9,9
2021-11-12 16:00:00,23,11,12
2021-11-12 17:00:00,26,13,13
2021-11-12 18:00:00,13,6,7
2021-11-12 19:00:00,5,2,3
2021-11-12 20:00:00,7,3,4
2021-11-12 21:00:00,2,1,1
2021-11-12 22:00:00,6,3,3
2021-11-12 23:00:00,2,1,1
2021-11-13 00:00:00,0,0,0
2021-11-13 01:00:00,0,0,0
2021-11-13 02:00:00,0,0,0
2021-11-13 03:00:00,0,0,0
2021-11-13 04:00:00,0,0,0
2021-11-13 05:00:00,1,0,1
2021-11-13 06:00:00,10,5,5
2021-11-13 07:00:00,24,12,12
2021-11-13 08:00:00,60,30,30
2021-11-13 09:00:00,68,34,34
2021-11-13 10:00:00,108,54,54
2021-11-13 11:00:00,104,52,52
2021-11-13 12:00:00,98,49,49
2021-11-13 13:00:00,107,53,54
2021-11-13 14:00:00,103,51,52
2021-11-13 15:00:00,73,36,37
2021-11-13 16:00:00,28,14,14
2021-11-13 17:00:00,17,8,9
2021-11-13 18:00:00,3,1,2
2021-11-13 19:00:00,4,2,2
2021-11-13 20:00:00,4,2,2
2021-11-13 21:00:00,3,1,2
2021-11-13 22:00:00,0,0,0
2021-11-13 23:00:00,0,0,0
2021-11-14 00:00:00,1,0,1
2021-11-14 01:00:00,0,0,0
2021-11-14 02:00:00,0,0,0
2021-11-14 03:00:00,0,0,0
2021-11-14 04:00:00,1,0,1
2021-11-14 05:00:00,1,0,1
2021-11-14 06:00:00,1,0,1
2021-11-14 07:00:00,6,3,3
2021-11-14 08:00:00,14,7,7
2021-11-14 09:00:00,12,6,6
2021-11-14 10:00:00,25,12,13
2021-11-14 11:00:00,19,9,10
2021-11-14 12:00:00,23,11,12
2021-11-14 13:00:00,17,8,9
2021-11-14 14:00:00,18,9,9
2021-11-14 15:00:00,17,8,9
2021-11-14 16:00:00,9,4,5
2021-11-14 17:00:00,4,2,2
2021-11-14 18:00:00,3,1,2
2021-11-14 19:00:00,0,0,0
2021-11-14 20:00:00,1,0,1
2021-11-14 21:00:00,0,0,0
2021-11-14 22:00:00,0,0,0
2021-11-14 23:00:00,0,0,0
2021-11-15 00:00:00,0,0,0
2021-11-15 01:00:00,0,0,0
2021-11-15 02:00:00,0,0,0
2021-11-15 03:00:00,0,0,0
2021-11-15 04:00:00,0,0,0
2021-11-15 05:00:00,3,1,2
2021-11-15 06:00:00,5,2,3
2021-11-15 07:00:00,17,8,9
2021-11-15 08:00:00,25,12,13
2021-11-15 09:00:00,15,7,8
2021-11-15 10:00:00,11,5,6
2021-11-15 11:00:00,4,2,2
2021-11-15 12:00:00,4,2,2
2021-11-15 13:00:00,7,3,4
2021-11-15 14:00:00,19,9,10
2021-11-15 15:00:00,32,16,16
2021-11-15 16:00:00,39,19,20
2021-11-15 17:00:00,19,9,10
2021-11-15 18:00:00,10,5,5
2021-11-15 19:00:00,3,1,2
2021-11-15 20:00:00,3,1,2
2021-11-15 21:00:00,2,1,1
2021-11-15 22:00:00,2,1,1
2021-11-15 23:00:00,0,0,0
2021-11-16 00:00:00,0,0,0
2021-11-16 01:00:00,0,0,0
2021-11-16 02:00:00,0,0,0
2021-11-16 03:00:00,0,0,0
2021-11-16 04:00:00,2,1,1
2021-11-16 05:00:00,4,2,2
2021-11-16 06:00:00,22,11,11
2021-11-16 07:00:00,34,17,17
2021-11-16 08:00:00,36,18,18
2021-11-16 09:00:00,40,20,20
2021-11-16 10:00:00,28,14,14
2021-11-16 11:00:00,31,15,16
2021-11-16 12:00:00,50,25,25
2021-11-16 13:00:00,45,22,23
2021-11-16 14:00:00,70,35,35
2021-11-16 15:00:00,77,38,39
2021-11-16 16:00:00,66,33,33
2021-11-16 17:00:00,70,35,35
2021-11-16 18:00:00,30,15,15
2021-11-16 19:00:00,10,5,5
2021-11-16 20:00:00,9,4,5
2021-11-16 21:00:00,0,0,0
2021-11-16 22:00:00,1,0,1
2021-11-16 23:00:00,0,0,0
2021-11-17 00:00:00,0,0,0
2021-11-17 01:00:00,0,0,0
2021-11-17 02:00:00,0,0,0
2021-11-17 03:00:00,0,0,0
2021-11-17 04:00:00,2,1,1
2021-11-17 05:00:00,5,2,3
2021-11-17 06:00:00,8,4,4
2021-11-17 07:00:00,32,16,16
2021-11-17 08:00:00,33,16,17
2021-11-17 09:00:00,32,16,16
2021-11-17 10:00:00,30,15,15
2021-11-17 11:00:00,49,24,25
2021-11-17 12:00:00,39,19,20
2021-11-17 13:00:00,46,23,23
2021-11-17 14:00:00,57,28,29
2021-11-17 15:00:00,58,29,29
2021-11-17 16:00:00,62,31,31
2021-11-17 17:00:00,40,20,20
2021-11-17 18:00:00,25,12,13
2021-11-17 19:00:00,6,3,3
2021-11-17 20:00:00,7,3,4
2021-11-17 21:00:00,2,1,1
2021-11-17 22:00:00,0,0,0
2021-11-17 23:00:00,1,0,1
2021-11-18 00:00:00,0,0,0
2021-11-18 01:00:00,0,0,0
2021-11-18 02:00:00,0,0,0
2021-11-18 03:00:00,0,0,0
2021-11-18 04:00:00,0,0,0
2021-11-18 05:00:00,8,4,4
2021-11-18 06:00:00,16,8,8
2021-11-18 07:00:00,26,13,13
2021-11-18 08:00:00,26,13,13
2021-11-18 09:00:00,31,15,16
2021-11-18 10:00:00,39,19,20
2021-11-18 11:00:00,28,14,14
2021-11-18 12:00:00,15,7,8
2021-11-18 13:00:00,20,10,10
2021-11-18 14:00:00,16,8,8
2021-11-18 15:00:00,17,8,9
2021-11-18 16:00:00,16,8,8
2021-11-18 17:00:00,29,14,15
2021-11-18 18:00:00,16,8,8
2021-11-18 19:00:00,7,3,4
2021-11-18 20:00:00,4,2,2
2021-11-18 21:00:00,2,1,1
2021-11-18 22:00:00,1,0,1
2021-11-18 23:00:00,0,0,0
2021-11-19 00:00:00,1,0,1
2021-11-19 01:00:00,1,0,1
2021-11-19 02:00:00,0,0,0
2021-11-19 03:00:00,0,0,0
2021-11-19 04:00:00,1,0,1
2021-11-19 05:00:00,4,2,2
2021-11-19 06:00:00,9,4,5
2021-11-19 07:00:00,21,10,11
2021-11-19 08:00:00,35,17,18
2021-11-19 09:00:00,32,16,16
2021-11-19 10:00:00,34,17,17
2021-11-19 11:00:00,25,12,13
2021-11-19 12:00:00,27,13,14
2021-11-19 13:00:00,49,24,25
2021-11-19 14:00:00,36,18,18
2021-11-19 15:00:00,50,25,25
2021-11-19 16:00:00,52,26,26
2021-11-19 17:00:00,31,15,16
2021-11-19 18:00:00,19,9,10
2021-11-19 19:00:00,10,5,5
2021-11-19 20:00:00,8,4,4
2021-11-19 21:00:00,2,1,1
2021-11-19 22:00:00,3,1,2
2021-11-19 23:00:00,14,7,7
2021-11-20 00:00:00,10,5,5
2021-11-20 01:00:00,0,0,0
2021-11-20 02:00:00,0,0,0
2021-11-20 03:00:00,0,0,0
2021-11-20 04:00:00,0,0,0
2021-11-20 05:00:00,2,1,1
2021-11-20 06:00:00,5,2,3
2021-11-20 07:00:00,9,4,5
2021-11-20 08:00:00,45,22,23
2021-11-20 09:00:00,76,38,38
2021-11-20 10:00:00,76,38,38
2021-11-20 11:00:00,78,39,39
2021-11-20 12:00:00,128,64,64
2021-11-20 13:00:00,131,65,66
2021-11-20 14:00:00,154,77,77
2021-11-20 15:00:00,100,50,50
2021-11-20 16:00:00,64,32,32
2021-11-20 17:00:00,19,9,10
2021-11-20 18:00:00,9,4,5
2021-11-20 19:00:00,6,3,3
2021-11-20 20:00:00,2,1,1
2021-11-20 21:00:00,1,0,1
2021-11-20 22:00:00,5,2,3
2021-11-20 23:00:00,0,0,0
2021-11-21 00:00:00,1,0,1
2021-11-21 01:00:00,0,0,0
2021-11-21 02:00:00,0,0,0
2021-11-21 03:00:00,0,0,0
2021-11-21 04:00:00,0,0,0
2021-11-21 05:00:00,0,0,0
2021-11-21 06:00:00,3,1,2
2021-11-21 07:00:00,7,3,4
2021-11-21 08:00:00,26,13,13
2021-11-21 09:00:00,39,19,20
2021-11-21 10:00:00,63,31,32
2021-11-21 11:00:00,63,31,32
2021-11-21 12:00:00,98,49,49
2021-11-21 13:00:00,95,47,48
2021-11-21 14:00:00,104,52,52
2021-11-21 15:00:00,123,61,62
2021-11-21 16:00:00,46,23,23
2021-11-21 17:00:00,15,7,8
2021-11-21 18:00:00,6,3,3
2021-11-21 19:00:00,1,0,1
2021-11-21 20:00:00,1,0,1
2021-11-21 21:00:00,1,0,1
2021-11-21 22:00:00,2,1,1
2021-11-21 23:00:00,1,0,1
2021-11-22 00:00:00,0,0,0
2021-11-22 01:00:00,0,0,0
2021-11-22 02:00:00,0,0,0
2021-11-22 03:00:00,0,0,0
2021-11-22 04:00:00,0,0,0
2021-11-22 05:00:00,6,3,3
2021-11-22 06:00:00,10,5,5
2021-11-22 07:00:00,25,12,13
2021-11-22 08:00:00,34,17,17
2021-11-22 09:00:00,31,15,16
2021-11-22 10:00:00,36,18,18
2021-11-22 11:00:00,35,17,18
2021-11-22 12:00:00,20,10,10
2021-11-22 13:00:00,14,7,7
2021-11-22 14:00:00,18,9,9
2021-11-22 15:00:00,16,8,8
2021-11-22 16:00:00,20,10,10
2021-11-22 17:00:00,21,10,11
2021-11-22 18:00:00,10,5,5
2021-11-22 19:00:00,10,5,5
2021-11-22 20:00:00,5,2,3
2021-11-22 21:00:00,1,0,1
2021-11-22 22:00:00,1,0,1
2021-11-22 23:00:00,1,0,1
2021-11-23 00:00:00,0,0,0
2021-11-23 01:00:00,0,0,0
2021-11-23 02:00:00,0,0,0
2021-11-23 03:00:00,0,0,0
2021-11-23 04:00:00,1,0,1
2021-11-23 05:00:00,4,2,2
2021-11-23 06:00:00,6,3,3
2021-11-23 07:00:00,19,9,10
2021-11-23 08:00:00,27,13,14
2021-11-23 09:00:00,18,9,9
2021-11-23 10:00:00,16,8,8
2021-11-23 11:00:00,29,14,15
2021-11-23 12:00:00,28,14,14
2021-11-23 13:00:00,25,12,13
2021-11-23 14:00:00,44,22,22
2021-11-23 15:00:00,61,30,31
2021-11-23 16:00:00,55,27,28
2021-11-23 17:00:00,32,16,16
2021-11-23 18:00:00,13,6,7
2021-11-23 19:00:00,4,2,2
2021-11-23 20:00:00,4,2,2
2021-11-23 21:00:00,1,0,1
2021-11-23 22:00:00,2,1,1
2021-11-23 23:00:00,1,0,1
2021-11-24 00:00:00,0,0,0
2021-11-24 01:00:00,1,0,1
2021-11-24 02:00:00,0,0,0
2021-11-24 03:00:00,0,0,0
2021-11-24 04:00:00,1,0,1
2021-11-24 05:00:00,4,2,2
2021-11-24 06:00:00,14,7,7
2021-11-24 07:00:00,20,10,10
2021-11-24 08:00:00,36,18,18
2021-11-24 09:00:00,35,17,18
2021-11-24 10:00:00,48,24,24
2021-11-24 11:00:00,42,21,21
2021-11-24 12:00:00,49,24,25
2021-11-24 13:00:00,40,20,20
2021-11-24 14:00:00,68,34,34
2021-11-24 15:00:00,55,27,28
2021-11-24 16:00:00,40,20,20
2021-11-24 17:00:00,29,14,15
2021-11-24 18:00:00,15,7,8
2021-11-24 19:00:00,7,3,4
2021-11-24 20:00:00,1,0,1
2021-11-24 21:00:00,2,1,1
2021-11-24 22:00:00,0,0,0
2021-11-24 23:00:00,0,0,0
2021-11-25 00:00:00,0,0,0
2021-11-25 01:00:00,0,0,0
2021-11-25 02:00:00,0,0,0
2021-11-25 03:00:00,0,0,0
2021-11-25 04:00:00,1,0,1
2021-11-25 05:00:00,0,0,0
2021-11-25 06:00:00,6,3,3
2021-11-25 07:00:00,14,7,7
2021-11-25 08:00:00,15,7,8
2021-11-25 09:00:00,14,7,7
2021-11-25 10:00:00,32,16,16
2021-11-25 11:00:00,32,16,16
2021-11-25 12:00:00,32,16,16
2021-11-25 13:00:00,22,11,11
2021-11-25 14:00:00,15,7,8
2021-11-25 15:00:00,6,3,3
2021-11-25 16:00:00,6,3,3
2021-11-25 17:00:00,1,0,1
2021-11-25 18:00:00,0,0,0
2021-11-25 19:00:00,2,1,1
2021-11-25 20:00:00,1,0,1
2021-11-25 21:00:00,0,0,0
2021-11-25 22:00:00,1,0,1
2021-11-25 23:00:00,0,0,0
2021-11-26 00:00:00,0,0,0
2021-11-26 01:00:00,0,0,0
2021-11-26 02:00:00,0,0,0
2021-11-26 03:00:00,0,0,0
2021-11-26 04:00:00,0,0,0
2021-11-26 05:00:00,1,0,1
2021-11-26 06:00:00,3,1,2
2021-11-26 07:00:00,7,3,4
2021-11-26 08:00:00,16,8,8
2021-11-26 09:00:00,31,15,16
2021-11-26 10:00:00,29,14,15
2021-11-26 11:00:00,43,21,22
2021-11-26 12:00:00,38,19,19
2021-11-26 13:00:00,43,21,22
2021-11-26 14:00:00,43,21,22
2021-11-26 15:00:00,36,18,18
2021-11-26 16:00:00,18,9,9
2021-11-26 17:00:00,15,7,8
2021-11-26 18:00:00,5,2,3
2021-11-26 19:00:00,3,1,2
2021-11-26 20:00:00,3,1,2
2021-11-26 21:00:00,3,1,2
2021-11-26 22:00:00,0,0,0
2021-11-26 23:00:00,0,0,0
2021-11-27 00:00:00,0,0,0
2021-11-27 01:00:00,0,0,0
2021-11-27 02:00:00,0,0,0
2021-11-27 03:00:00,0,0,0
2021-11-27 04:00:00,0,0,0
2021-11-27 05:00:00,1,0,1
2021-11-27 06:00:00,2,1,1
2021-11-27 07:00:00,10,5,5
2021-11-27 08:00:00,12,6,6
2021-11-27 09:00:00,27,13,14
2021-11-27 10:00:00,13,6,7
2021-11-27 11:00:00,21,10,11
2021-11-27 12:00:00,27,13,14
2021-11-27 13:00:00,21,10,11
2021-11-27 14:00:00,22,11,11
2021-11-27 15:00:00,10,5,5
2021-11-27 16:00:00,11,5,6
2021-11-27 17:00:00,6,3,3
2021-11-27 18:00:00,7,3,4
2021-11-27 19:00:00,2,1,1
2021-11-27 20:00:00,1,0,1
2021-11-27 21:00:00,1,0,1
2021-11-27 22:00:00,0,0,0
2021-11-27 23:00:00,0,0,0
2021-11-28 00:00:00,0,0,0
2021-11-28 01:00:00,0,0,0
2021-11-28 02:00:00,0,0,0
2021-11-28 03:00:00,0,0,0
2021-11-28 04:00:00,0,0,0
2021-11-28 05:00:00,5,2,3
2021-11-28 06:00:00,6,3,3
2021-11-28 07:00:00,6,3,3
2021-11-28 08:00:00,12,6,6
2021-11-28 09:00:00,7,3,4
2021-11-28 10:00:00,21,10,11
2021-11-28 11:00:00,34,17,17
2021-11-28 12:00:00,23,11,12
2021-11-28 13:00:00,23,11,12
2021-11-28 14:00:00,22,11,11
2021-11-28 15:00:00,21,10,11
2021-11-28 16:00:00,17,8,9
2021-11-28 17:00:00,12,6,6
2021-11-28 18:00:00,2,1,1
2021-11-28 19:00:00,0,0,0
2021-11-28 20:00:00,0,0,0
2021-11-28 21:00:00,1,0,1
2021-11-28 22:00:00,1,0,1
2021-11-28 23:00:00,0,0,0
2021-11-29 00:00:00,0,0,0
2021-11-29 01:00:00,0,0,0
2021-11-29 02:00:00,0,0,0
2021-11-29 03:00:00,1,0,1
2021-11-29 04:00:00,1,0,1
2021-11-29 05:00:00,6,3,3
2021-11-29 06:00:00,7,3,4
2021-11-29 07:00:00,29,14,15
2021-11-29 08:00:00,37,18,19
2021-11-29 09:00:00,21,10,11
2021-11-29 10:00:00,19,9,10
2021-11-29 11:00:00,31,15,16
2021-11-29 12:00:00,37,18,19
2021-11-29 13:00:00,44,22,22
2021-11-29 14:00:00,56,28,28
2021-11-29 15:00:00,83,41,42
2021-11-29 16:00:00,76,38,38
2021-11-29 17:00:00,43,21,22
2021-11-29 18:00:00,18,9,9
2021-11-29 19:00:00,11,5,6
2021-11-29 20:00:00,7,3,4
2021-11-29 21:00:00,0,0,0
2021-11-29 22:00:00,3,1,2
2021-11-29 23:00:00,3,1,2
2021-11-30 00:00:00,1,0,1
2021-11-30 01:00:00,0,0,0
2021-11-30 02:00:00,0,0,0
2021-11-30 03:00:00,0,0,0
2021-11-30 04:00:00,3,1,2
2021-11-30 05:00:00,9,4,5
2021-11-30 06:00:00,12,6,6
2021-11-30 07:00:00,25,12,13
2021-11-30 08:00:00,30,15,15
2021-11-30 09:00:00,22,11,11
2021-11-30 10:00:00,11,5,6
2021-11-30 11:00:00,13,6,7
2021-11-30 12:00:00,14,7,7
2021-11-30 13:00:00,18,9,9
2021-11-30 14:00:00,20,10,10
2021-11-30 15:00:00,17,8,9
2021-11-30 16:00:00,40,20,20
2021-11-30 17:00:00,36,18,18
2021-11-30 18:00:00,18,9,9
2021-11-30 19:00:00,9,4,5
2021-11-30 20:00:00,3,1,2
2021-11-30 21:00:00,3,1,2
2021-11-30 22:00:00,5,2,3
2021-11-30 23:00:00,1,0,1
2021-12-01 00:00:00,0,0,0
2021-12-01 01:00:00,0,0,0
2021-12-01 02:00:00,0,0,0
2021-12-01 03:00:00,1,0,1
2021-12-01 04:00:00,2,0,2
2021-12-01 05:00:00,15,7,8
2021-12-01 06:00:00,28,16,12
2021-12-01 07:00:00,44,27,17
2021-12-01 08:00:00,61,40,21
2021-12-01 09:00:00,30,18,12
2021-12-01 10:00:00,26,12,14
2021-12-01 11:00:00,34,14,20
2021-12-01 12:00:00,26,9,17
2021-12-01 13:00:00,25,12,13
2021-12-01 14:00:00,59,32,27
2021-12-01 15:00:00,59,36,23
2021-12-01 16:00:00,78,37,41
2021-12-01 17:00:00,65,24,41
2021-12-01 18:00:00,35,13,22
2021-12-01 19:00:00,18,7,11
2021-12-01 20:00:00,12,5,7
2021-12-01 21:00:00,11,3,8
2021-12-01 22:00:00,3,0,3
2021-12-01 23:00:00,0,0,0
2021-12-02 00:00:00,4,3,1
2021-12-02 01:00:00,0,0,0
2021-12-02 02:00:00,1,0,1
2021-12-02 03:00:00,0,0,0
2021-12-02 04:00:00,0,0,0
2021-12-02 05:00:00,7,5,2
2021-12-02 06:00:00,20,10,10
2021-12-02 07:00:00,45,24,21
2021-12-02 08:00:00,36,22,14
2021-12-02 09:00:00,27,15,12
2021-12-02 10:00:00,12,9,3
2021-12-02 11:00:00,12,7,5
2021-12-02 12:00:00,11,3,8
2021-12-02 13:00:00,17,9,8
2021-12-02 14:00:00,30,18,12
2021-12-02 15:00:00,36,21,15
2021-12-02 16:00:00,54,25,29
2021-12-02 17:00:00,68,35,33
2021-12-02 18:00:00,41,11,30
2021-12-02 19:00:00,35,5,30
2021-12-02 20:00:00,10,2,8
2021-12-02 21:00:00,4,3,1
2021-12-02 22:00:00,5,3,2
2021-12-02 23:00:00,4,2,2
2021-12-03 00:00:00,5,4,1
2021-12-03 01:00:00,7,4,3
2021-12-03 02:00:00,0,0,0
2021-12-03 03:00:00,0,0,0
2021-12-03 04:00:00,0,0,0
2021-12-03 05:00:00,6,3,3
2021-12-03 06:00:00,24,10,14
2021-12-03 07:00:00,28,20,8
2021-12-03 08:00:00,36,19,17
2021-12-03 09:00:00,25,14,11
2021-12-03 10:00:00,36,18,18
2021-12-03 11:00:00,24,10,14
2021-12-03 12:00:00,47,21,26
2021-12-03 13:00:00,45,23,22
2021-12-03 14:00:00,46,21,25
2021-12-03 15:00:00,80,42,38
2021-12-03 16:00:00,64,29,35
2021-12-03 17:00:00,55,23,32
2021-12-03 18:00:00,24,9,15
2021-12-03 19:00:00,12,5,7
2021-12-03 20:00:00,2,1,1
2021-12-03 21:00:00,9,3,6
2021-12-03 22:00:00,2,1,1
2021-12-03 23:00:00,3,1,2
2021-12-04 00:00:00,1,1,0
2021-12-04 01:00:00,0,0,0
2021-12-04 02:00:00,0,0,0
2021-12-04 03:00:00,0,0,0
2021-12-04 04:00:00,0,0,0
2021-12-04 05:00:00,0,0,0
2021-12-04 06:00:00,0,0,0
2021-12-04 07:00:00,2,1,1
2021-12-04 08:00:00,5,2,3
2021-12-04 09:00:00,4,2,2
2021-12-04 10:00:00,8,6,2
2021-12-04 11:00:00,8,3,5
2021-12-04 12:00:00,17,8,9
2021-12-04 13:00:00,2,2,0
2021-12-04 14:00:00,5,2,3
2021-12-04 15:00:00,10,4,6
2021-12-04 16:00:00,6,3,3
2021-12-04 17:00:00,4,1,3
2021-12-04 18:00:00,5,5,0
2021-12-04 19:00:00,3,3,0
2021-12-04 20:00:00,6,0,6
2021-12-04 21:00:00,4,4,0
2021-12-04 22:00:00,0,0,0
2021-12-04 23:00:00,2,1,1
2021-12-05 00:00:00,2,1,1
2021-12-05 01:00:00,8,4,4
2021-12-05 02:00:00,0,0,0
2021-12-05 03:00:00,0,0,0
2021-12-05 04:00:00,0,0,0
2021-12-05 05:00:00,0,0,0
2021-12-05 06:00:00,3,1,2
2021-12-05 07:00:00,5,3,2
2021-12-05 08:00:00,19,8,11
2021-12-05 09:00:00,19,6,13
2021-12-05 10:00:00,46,22,24
2021-12-05 11:00:00,62,37,25
2021-12-05 12:00:00,74,36,38
2021-12-05 13:00:00,80,43,37
2021-12-05 14:00:00,90,37,53
2021-12-05 15:00:00,110,55,55
2021-12-05 16:00:00,76,32,44
2021-12-05 17:00:00,21,4,17
2021-12-05 18:00:00,11,2,9
2021-12-05 19:00:00,10,3,7
2021-12-05 20:00:00,4,3,1
2021-12-05 21:00:00,0,0,0
2021-12-05 22:00:00,1,0,1
2021-12-05 23:00:00,0,0,0
2021-12-06 00:00:00,1,0,1
2021-12-06 01:00:00,0,0,0
2021-12-06 02:00:00,0,0,0
2021-12-06 03:00:00,0,0,0
2021-12-06 04:00:00,4,2,2
2021-12-06 05:00:00,4,2,2
2021-12-06 06:00:00,25,14,11
2021-12-06 07:00:00,48,34,14
2021-12-06 08:00:00,36,22,14
2021-12-06 09:00:00,14,8,6
2021-12-06 10:00:00,23,9,14
2021-12-06 11:00:00,15,7,8
2021-12-06 12:00:00,26,9,17
2021-12-06 13:00:00,19,8,11
2021-12-06 14:00:00,27,13,14
2021-12-06 15:00:00,41,16,25
2021-12-06 16:00:00,48,17,31
2021-12-06 17:00:00,44,13,31
2021-12-06 18:00:00,19,6,13
2021-12-06 19:00:00,10,2,8
2021-12-06 20:00:00,4,1,3
2021-12-06 21:00:00,2,1,1
2021-12-06 22:00:00,2,2,0
2021-12-06 23:00:00,1,0,1
2021-12-07 00:00:00,5,0,5
2021-12-07 01:00:00,3,3,0
2021-12-07 02:00:00,1,0,1
2021-12-07 03:00:00,0,0,0
2021-12-07 04:00:00,1,1,0
2021-12-07 05:00:00,7,3,4
2021-12-07 06:00:00,27,15,12
2021-12-07 07:00:00,49,30,19
2021-12-07 08:00:00,58,37,21
2021-12-07 09:00:00,21,9,12
2021-12-07 10:00:00,12,10,2
2021-12-07 11:00:00,19,7,12
2021-12-07 12:00:00,12,6,6
2021-12-07 13:00:00,27,11,16
2021-12-07 14:00:00,26,12,14
2021-12-07 15:00:00,42,21,21
2021-12-07 16:00:00,58,31,27
2021-12-07 17:00:00,55,20,35
2021-12-07 18:00:00,26,7,19
2021-12-07 19:00:00,9,4,5
2021-12-07 20:00:00,7,2,5
2021-12-07 21:00:00,7,3,4
2021-12-07 22:00:00,4,1,3
2021-12-07 23:00:00,1,1,0
2021-12-08 00:00:00,1,1,0
2021-12-08 01:00:00,0,0,0
2021-12-08 02:00:00,1,1,0
2021-12-08 03:00:00,0,0,0
2021-12-08 04:00:00,1,0,1
2021-12-08 05:00:00,2,1,1
2021-12-08 06:00:00,29,19,10
2021-12-08 07:00:00,43,20,23
2021-12-08 08:00:00,46,28,18
2021-12-08 09:00:00,31,18,13
2021-12-08 10:00:00,17,10,7
2021-12-08 11:00:00,21,13,8
2021-12-08 12:00:00,29,10,19
2021-12-08 13:00:00,29,16,13
2021-12-08 14:00:00,29,8,21
2021-12-08 15:00:00,76,41,35
2021-12-08 16:00:00,54,26,28
2021-12-08 17:00:00,54,19,35
2021-12-08 18:00:00,31,10,21
2021-12-08 19:00:00,14,6,8
2021-12-08 20:00:00,4,1,3
2021-12-08 21:00:00,11,5,6
2021-12-08 22:00:00,7,4,3
2021-12-08 23:00:00,2,1,1
2021-12-09 00:00:00,3,3,0
2021-12-09 01:00:00,0,0,0
2021-12-09 02:00:00,0,0,0
2021-12-09 03:00:00,0,0,0
2021-12-09 04:00:00,0,0,0
2021-12-09 05:00:00,3,0,3
2021-12-09 06:00:00,28,17,11
2021-12-09 07:00:00,46,16,30
2021-12-09 08:00:00,40,28,12
2021-12-09 09:00:00,28,12,16
2021-12-09 10:00:00,17,9,8
2021-12-09 11:00:00,17,8,9
2021-12-09 12:00:00,20,11,9
2021-12-09 13:00:00,22,8,14
2021-12-09 14:00:00,29,18,11
2021-12-09 15:00:00,61,26,35
2021-12-09 16:00:00,57,30,27
2021-12-09 17:00:00,71,33,38
2021-12-09 18:00:00,23,6,17
2021-12-09 19:00:00,16,7,9
2021-12-09 20:00:00,15,6,9
2021-12-09 21:00:00,8,3,5
2021-12-09 22:00:00,5,3,2
2021-12-09 23:00:00,5,2,3
2021-12-10 00:00:00,2,2,0
2021-12-10 01:00:00,1,0,1
2021-12-10 02:00:00,0,0,0
2021-12-10 03:00:00,0,0,0
2021-12-10 04:00:00,0,0,0
2021-12-10 05:00:00,2,1,1
2021-12-10 06:00:00,16,8,8
2021-12-10 07:00:00,34,17,17
2021-12-10 08:00:00,30,18,12
2021-12-10 09:00:00,18,12,6
2021-12-10 10:00:00,24,13,11
2021-12-10 11:00:00,21,11,10
2021-12-10 12:00:00,22,8,14
2021-12-10 13:00:00,16,9,7
2021-12-10 14:00:00,16,6,10
2021-12-10 15:00:00,21,8,13
2021-12-10 16:00:00,24,11,13
2021-12-10 17:00:00,21,6,15
2021-12-10 18:00:00,11,4,7
2021-12-10 19:00:00,4,1,3
2021-12-10 20:00:00,2,0,2
2021-12-10 21:00:00,2,1,1
2021-12-10 22:00:00,4,2,2
2021-12-10 23:00:00,0,0,0
2021-12-11 00:00:00,0,0,0
2021-12-11 01:00:00,1,0,1
2021-12-11 02:00:00,1,0,1
2021-12-11 03:00:00,0,0,0
2021-12-11 04:00:00,3,1,2
2021-12-11 05:00:00,0,0,0
2021-12-11 06:00:00,1,0,1
2021-12-11 07:00:00,5,2,3
2021-12-11 08:00:00,3,1,2
2021-12-11 09:00:00,17,10,7
2021-12-11 10:00:00,26,13,13
2021-12-11 11:00:00,54,23,31
2021-12-11 12:00:00,34,18,16
2021-12-11 13:00:00,54,26,28
2021-12-11 14:00:00,38,25,13
2021-12-11 15:00:00,29,15,14
2021-12-11 16:00:00,19,6,13
2021-12-11 17:00:00,3,0,3
2021-12-11 18:00:00,4,3,1
2021-12-11 19:00:00,29,16,13
2021-12-11 20:00:00,6,2,4
2021-12-11 21:00:00,9,5,4
2021-12-11 22:00:00,5,3,2
2021-12-11 23:00:00,2,0,2
2021-12-12 00:00:00,0,0,0
2021-12-12 01:00:00,0,0,0
2021-12-12 02:00:00,0,0,0
2021-12-12 03:00:00,3,2,1
2021-12-12 04:00:00,1,0,1
2021-12-12 05:00:00,0,0,0
2021-12-12 06:00:00,2,1,1
2021-12-12 07:00:00,3,2,1
2021-12-12 08:00:00,11,4,7
2021-12-12 09:00:00,20,6,14
2021-12-12 10:00:00,29,8,21
2021-12-12 11:00:00,47,23,24
2021-12-12 12:00:00,62,28,34
2021-12-12 13:00:00,28,7,21
2021-12-12 14:00:00,21,9,12
2021-12-12 15:00:00,23,12,11
2021-12-12 16:00:00,8,6,2
2021-12-12 17:00:00,4,0,4
2021-12-12 18:00:00,4,2,2
2021-12-12 19:00:00,2,1,1
2021-12-12 20:00:00,1,0,1
2021-12-12 21:00:00,1,1,0
2021-12-12 22:00:00,2,2,0
2021-12-12 23:00:00,1,0,1
2021-12-13 00:00:00,0,0,0
2021-12-13 01:00:00,0,0,0
2021-12-13 02:00:00,1,0,1
2021-12-13 03:00:00,0,0,0
2021-12-13 04:00:00,0,0,0
2021-12-13 05:00:00,3,2,1
2021-12-13 06:00:00,23,15,8
2021-12-13 07:00:00,34,19,15
2021-12-13 08:00:00,41,25,16
2021-12-13 09:00:00,21,13,8
2021-12-13 10:00:00,19,11,8
2021-12-13 11:00:00,25,11,14
2021-12-13 12:00:00,17,4,13
2021-12-13 13:00:00,16,9,7
2021-12-13 14:00:00,9,5,4
2021-12-13 15:00:00,14,4,10
2021-12-13 16:00:00,35,21,14
2021-12-13 17:00:00,26,8,18
2021-12-13 18:00:00,24,11,13
2021-12-13 19:00:00,9,4,5
2021-12-13 20:00:00,8,4,4
2021-12-13 21:00:00,5,4,1
2021-12-13 22:00:00,2,2,0
2021-12-13 23:00:00,0,0,0
2021-12-14 00:00:00,5,1,4
2021-12-14 01:00:00,0,0,0
2021-12-14 02:00:00,0,0,0
2021-12-14 03:00:00,2,2,0
2021-12-14 04:00:00,0,0,0
2021-12-14 05:00:00,7,3,4
2021-12-14 06:00:00,22,14,8
2021-12-14 07:00:00,45,28,17
2021-12-14 08:00:00,31,25,6
2021-12-14 09:00:00,29,21,8
2021-12-14 10:00:00,21,8,13
2021-12-14 11:00:00,24,12,12
2021-12-14 12:00:00,27,7,20
2021-12-14 13:00:00,26,11,15
2021-12-14 14:00:00,23,13,10
2021-12-14 15:00:00,26,11,15
2021-12-14 16:00:00,44,14,30
2021-12-14 17:00:00,43,13,30
2021-12-14 18:00:00,22,6,16
2021-12-14 19:00:00,5,1,4
2021-12-14 20:00:00,6,2,4
2021-12-14 21:00:00,1,1,0
2021-12-14 22:00:00,4,1,3
2021-12-14 23:00:00,1,1,0
2021-12-15 00:00:00,1,1,0
2021-12-15 01:00:00,0,0,0
2021-12-15 02:00:00,4,2,2
2021-12-15 03:00:00,0,0,0
2021-12-15 04:00:00,1,1,0
2021-12-15 05:00:00,7,5,2
2021-12-15 06:00:00,16,9,7
2021-12-15 07:00:00,46,25,21
2021-12-15 08:00:00,30,19,11
2021-12-15 09:00:00,29,18,11
2021-12-15 10:00:00,17,12,5
2021-12-15 11:00:00,17,10,7
2021-12-15 12:00:00,11,3,8
2021-12-15 13:00:00,14,8,6
2021-12-15 14:00:00,27,14,13
2021-12-15 15:00:00,18,8,10
2021-12-15 16:00:00,26,11,15
2021-12-15 17:00:00,40,14,26
2021-12-15 18:00:00,25,7,18
2021-12-15 19:00:00,9,5,4
2021-12-15 20:00:00,3,1,2
2021-12-15 21:00:00,2,2,0
2021-12-15 22:00:00,8,2,6
2021-12-15 23:00:00,4,2,2
2021-12-16 00:00:00,5,3,2
2021-12-16 01:00:00,0,0,0
2021-12-16 02:00:00,0,0,0
2021-12-16 03:00:00,1,1,0
2021-12-16 04:00:00,2,2,0
2021-12-16 05:00:00,6,2,4
2021-12-16 06:00:00,18,9,9
2021-12-16 07:00:00,41,19,22
2021-12-16 08:00:00,30,19,11
2021-12-16 09:00:00,23,11,12
2021-12-16 10:00:00,25,14,11
2021-12-16 11:00:00,18,11,7
2021-12-16 12:00:00,23,9,14
2021-12-16 13:00:00,15,7,8
2021-12-16 14:00:00,36,20,16
2021-12-16 15:00:00,44,18,26
2021-12-16 16:00:00,44,20,24
2021-12-16 17:00:00,35,15,20
2021-12-16 18:00:00,31,8,23
2021-12-16 19:00:00,11,0,11
2021-12-16 20:00:00,3,2,1
2021-12-16 21:00:00,2,1,1
2021-12-16 22:00:00,4,2,2
2021-12-16 23:00:00,2,0,2
2021-12-17 00:00:00,4,2,2
2021-12-17 01:00:00,0,0,0
2021-12-17 02:00:00,2,0,2
2021-12-17 03:00:00,0,0,0
2021-12-17 04:00:00,3,1,2
2021-12-17 05:00:00,7,4,3
2021-12-17 06:00:00,16,5,11
2021-12-17 07:00:00,32,15,17
2021-12-17 08:00:00,41,19,22
2021-12-17 09:00:00,33,20,13
2021-12-17 10:00:00,25,10,15
2021-12-17 11:00:00,37,20,17
2021-12-17 12:00:00,30,20,10
2021-12-17 13:00:00,36,11,25
2021-12-17 14:00:00,55,28,27
2021-12-17 15:00:00,47,19,28
2021-12-17 16:00:00,34,15,19
2021-12-17 17:00:00,21,10,11
2021-12-17 18:00:00,14,5,9
2021-12-17 19:00:00,9,2,7
2021-12-17 20:00:00,7,3,4
2021-12-17 21:00:00,2,1,1
2021-12-17 22:00:00,3,2,1
2021-12-17 23:00:00,4,1,3
2021-12-18 00:00:00,1,0,1
2021-12-18 01:00:00,1,0,1
2021-12-18 02:00:00,1,0,1
2021-12-18 03:00:00,0,0,0
2021-12-18 04:00:00,1,1,0
2021-12-18 05:00:00,1,0,1
2021-12-18 06:00:00,2,2,0
2021-12-18 07:00:00,4,2,2
2021-12-18 08:00:00,9,3,6
2021-12-18 09:00:00,8,5,3
2021-12-18 10:00:00,4,2,2
2021-12-18 11:00:00,6,6,0
2021-12-18 12:00:00,8,4,4
2021-12-18 13:00:00,14,6,8
2021-12-18 14:00:00,2,0,2
2021-12-18 15:00:00,6,1,5
2021-12-18 16:00:00,8,4,4
2021-12-18 17:00:00,8,6,2
2021-12-18 18:00:00,3,1,2
2021-12-18 19:00:00,6,3,3
2021-12-18 20:00:00,1,0,1
2021-12-18 21:00:00,2,1,1
2021-12-18 22:00:00,7,3,4
2021-12-18 23:00:00,5,3,2
2021-12-19 00:00:00,1,0,1
2021-12-19 01:00:00,0,0,0
2021-12-19 02:00:00,2,0,2
2021-12-19 03:00:00,0,0,0
2021-12-19 04:00:00,1,0,1
2021-12-19 05:00:00,0,0,0
2021-12-19 06:00:00,3,1,2
2021-12-19 07:00:00,5,2,3
2021-12-19 08:00:00,26,15,11
2021-12-19 09:00:00,11,4,7
2021-12-19 10:00:00,49,20,29
2021-12-19 11:00:00,88,40,48
2021-12-19 12:00:00,105,52,53
2021-12-19 13:00:00,119,59,60
2021-12-19 14:00:00,116,50,66
2021-12-19 15:00:00,98,48,50
2021-12-19 16:00:00,75,49,26
2021-12-19 17:00:00,18,11,7
2021-12-19 18:00:00,15,7,8
2021-12-19 19:00:00,2,1,1
2021-12-19 20:00:00,2,1,1
2021-12-19 21:00:00,3,0,3
2021-12-19 22:00:00,5,4,1
2021-12-19 23:00:00,3,0,3
2021-12-20 00:00:00,7,3,4
2021-12-20 01:00:00,0,0,0
2021-12-20 02:00:00,0,0,0
2021-12-20 03:00:00,0,0,0
2021-12-20 04:00:00,0,0,0
2021-12-20 05:00:00,4,2,2
2021-12-20 06:00:00,17,13,4
2021-12-20 07:00:00,22,14,8
2021-12-20 08:00:00,25,16,9
2021-12-20 09:00:00,13,8,5
2021-12-20 10:00:00,15,5,10
2021-12-20 11:00:00,25,16,9
2021-12-20 12:00:00,13,4,9
2021-12-20 13:00:00,12,4,8
2021-12-20 14:00:00,20,11,9
2021-12-20 15:00:00,21,11,10
2021-12-20 16:00:00,23,7,16
2021-12-20 17:00:00,18,6,12
2021-12-20 18:00:00,17,2,15
2021-12-20 19:00:00,6,3,3
2021-12-20 20:00:00,8,2,6
2021-12-20 21:00:00,3,3,0
2021-12-20 22:00:00,2,1,1
2021-12-20 23:00:00,4,2,2
2021-12-21 00:00:00,1,1,0
2021-12-21 01:00:00,0,0,0
2021-12-21 02:00:00,0,0,0
2021-12-21 03:00:00,0,0,0
2021-12-21 04:00:00,1,0,1
2021-12-21 05:00:00,6,2,4
2021-12-21 06:00:00,18,7,11
2021-12-21 07:00:00,32,18,14
2021-12-21 08:00:00,25,11,14
2021-12-21 09:00:00,35,19,16
2021-12-21 10:00:00,20,13,7
2021-12-21 11:00:00,23,12,11
2021-12-21 12:00:00,35,18,17
2021-12-21 13:00:00,36,24,12
2021-12-21 14:00:00,36,16,20
2021-12-21 15:00:00,28,11,17
2021-12-21 16:00:00,34,12,22
2021-12-21 17:00:00,24,9,15
2021-12-21 18:00:00,21,12,9
2021-12-21 19:00:00,11,3,8
2021-12-21 20:00:00,4,0,4
2021-12-21 21:00:00,5,3,2
2021-12-21 22:00:00,3,1,2
2021-12-21 23:00:00,1,0,1
2021-12-22 00:00:00,3,2,1
2021-12-22 01:00:00,0,0,0
2021-12-22 02:00:00,0,0,0
2021-12-22 03:00:00,0,0,0
2021-12-22 04:00:00,0,0,0
2021-12-22 05:00:00,4,2,2
2021-12-22 06:00:00,18,9,9
2021-12-22 07:00:00,11,4,7
2021-12-22 08:00:00,27,14,13
2021-12-22 09:00:00,19,11,8
2021-12-22 10:00:00,6,1,5
2021-12-22 11:00:00,19,10,9
2021-12-22 12:00:00,30,13,17
2021-12-22 13:00:00,12,7,5
2021-12-22 14:00:00,14,5,9
2021-12-22 15:00:00,11,4,7
2021-12-22 16:00:00,14,6,8
2021-12-22 17:00:00,18,7,11
2021-12-22 18:00:00,13,8,5
2021-12-22 19:00:00,10,2,8
2021-12-22 20:00:00,3,0,3
2021-12-22 21:00:00,2,1,1
2021-12-22 22:00:00,3,1,2
2021-12-22 23:00:00,2,0,2
2021-12-23 00:00:00,2,1,1
2021-12-23 01:00:00,0,0,0
2021-12-23 02:00:00,0,0,0
2021-12-23 03:00:00,0,0,0
2021-12-23 04:00:00,0,0,0
2021-12-23 05:00:00,6,0,6
2021-12-23 06:00:00,8,5,3
2021-12-23 07:00:00,17,10,7
2021-12-23 08:00:00,13,8,5
2021-12-23 09:00:00,19,9,10
2021-12-23 10:00:00,24,12,12
2021-12-23 11:00:00,23,11,12
2021-12-23 12:00:00,48,25,23
2021-12-23 13:00:00,40,16,24
2021-12-23 14:00:00,49,24,25
2021-12-23 15:00:00,39,13,26
2021-12-23 16:00:00,36,18,18
2021-12-23 17:00:00,15,2,13
2021-12-23 18:00:00,8,4,4
2021-12-23 19:00:00,14,6,8
2021-12-23 20:00:00,14,3,11
2021-12-23 21:00:00,19,16,3
2021-12-23 22:00:00,8,3,5
2021-12-23 23:00:00,1,1,0
2021-12-24 00:00:00,3,0,3
2021-12-24 01:00:00,0,0,0
2021-12-24 02:00:00,0,0,0
2021-12-24 03:00:00,0,0,0
2021-12-24 04:00:00,0,0,0
2021-12-24 05:00:00,0,0,0
2021-12-24 06:00:00,3,1,2
2021-12-24 07:00:00,2,1,1
2021-12-24 08:00:00,2,0,2
2021-12-24 09:00:00,11,6,5
2021-12-24 10:00:00,15,4,11
2021-12-24 11:00:00,14,4,10
2021-12-24 12:00:00,22,15,7
2021-12-24 13:00:00,20,10,10
2021-12-24 14:00:00,23,13,10
2021-12-24 15:00:00,28,16,12
2021-12-24 16:00:00,13,7,6
2021-12-24 17:00:00,4,0,4
2021-12-24 18:00:00,4,2,2
2021-12-24 19:00:00,6,3,3
2021-12-24 20:00:00,1,1,0
2021-12-24 21:00:00,1,1,0
2021-12-24 22:00:00,1,0,1
2021-12-24 23:00:00,0,0,0
2021-12-25 00:00:00,1,0,1
2021-12-25 01:00:00,0,0,0
2021-12-25 02:00:00,1,0,1
2021-12-25 03:00:00,0,0,0
2021-12-25 04:00:00,1,0,1
2021-12-25 05:00:00,1,1,0
2021-12-25 06:00:00,0,0,0
2021-12-25 07:00:00,2,1,1
2021-12-25 08:00:00,3,0,3
2021-12-25 09:00:00,10,3,7
2021-12-25 10:00:00,13,7,6
2021-12-25 11:00:00,11,5,6
2021-12-25 12:00:00,15,8,7
2021-12-25 13:00:00,7,3,4
2021-12-25 14:00:00,24,10,14
2021-12-25 15:00:00,23,13,10
2021-12-25 16:00:00,11,4,7
2021-12-25 17:00:00,5,2,3
2021-12-25 18:00:00,1,0,1
2021-12-25 19:00:00,0,0,0
2021-12-25 20:00:00,9,1,8
2021-12-25 21:00:00,2,2,0
2021-12-25 22:00:00,2,1,1
2021-12-25 23:00:00,0,0,0
2021-12-26 00:00:00,0,0,0
2021-12-26 01:00:00,0,0,0
2021-12-26 02:00:00,0,0,0
2021-12-26 03:00:00,0,0,0
2021-12-26 04:00:00,2,2,0
2021-12-26 05:00:00,0,0,0
2021-12-26 06:00:00,2,1,1
2021-12-26 07:00:00,0,0,0
2021-12-26 08:00:00,1,1,0
2021-12-26 09:00:00,1,1,0
2021-12-26 10:00:00,3,2,1
2021-12-26 11:00:00,4,1,3
2021-12-26 12:00:00,2,1,1
2021-12-26 13:00:00,3,3,0
2021-12-26 14:00:00,2,1,1
2021-12-26 15:00:00,1,0,1
2021-12-26 16:00:00,1,0,1
2021-12-26 17:00:00,0,0,0
2021-12-26 18:00:00,2,0,2
2021-12-26 19:00:00,2,0,2
2021-12-26 20:00:00,1,1,0
2021-12-26 21:00:00,0,0,0
2021-12-26 22:00:00,0,0,0
2021-12-26 23:00:00,0,0,0
2021-12-27 00:00:00,0,0,0
2021-12-27 01:00:00,0,0,0
2021-12-27 02:00:00,0,0,0
2021-12-27 03:00:00,0,0,0
2021-12-27 04:00:00,0,0,0
2021-12-27 05:00:00,0,0,0
2021-12-27 06:00:00,1,1,0
2021-12-27 07:00:00,1,0,1
2021-12-27 08:00:00,1,1,0
2021-12-27 09:00:00,0,0,0
2021-12-27 10:00:00,0,0,0
2021-12-27 11:00:00,2,1,1
2021-12-27 12:00:00,2,2,0
2021-12-27 13:00:00,4,1,3
2021-12-27 14:00:00,1,1,0
2021-12-27 15:00:00,2,0,2
2021-12-27 16:00:00,3,1,2
2021-12-27 17:00:00,2,2,0
2021-12-27 18:00:00,1,0,1
2021-12-27 19:00:00,0,0,0
2021-12-27 20:00:00,0,0,0
2021-12-27 21:00:00,0,0,0
2021-12-27 22:00:00,0,0,0
2021-12-27 23:00:00,0,0,0
2021-12-28 00:00:00,1,0,1
2021-12-28 01:00:00,0,0,0
2021-12-28 02:00:00,0,0,0
2021-12-28 03:00:00,0,0,0
2021-12-28 04:00:00,0,0,0
2021-12-28 05:00:00,0,0,0
2021-12-28 06:00:00,2,2,0
2021-12-28 07:00:00,0,0,0
2021-12-28 08:00:00,0,0,0
2021-12-28 09:00:00,3,0,3
2021-12-28 10:00:00,0,0,0
2021-12-28 11:00:00,4,2,2
2021-12-28 12:00:00,3,2,1
2021-12-28 13:00:00,3,2,1
2021-12-28 14:00:00,1,0,1
2021-12-28 15:00:00,4,2,2
2021-12-28 16:00:00,3,3,0
2021-12-28 17:00:00,1,0,1
2021-12-28 18:00:00,0,0,0
2021-12-28 19:00:00,0,0,0
2021-12-28 20:00:00,0,0,0
2021-12-28 21:00:00,0,0,0
2021-12-28 22:00:00,0,0,0
2021-12-28 23:00:00,0,0,0
2021-12-29 00:00:00,1,1,0
2021-12-29 01:00:00,0,0,0
2021-12-29 02:00:00,0,0,0
2021-12-29 03:00:00,0,0,0
2021-12-29 04:00:00,0,0,0
2021-12-29 05:00:00,0,0,0
2021-12-29 06:00:00,2,2,0
2021-12-29 07:00:00,1,1,0
2021-12-29 08:00:00,1,1,0
2021-12-29 09:00:00,3,2,1
2021-12-29 10:00:00,2,2,0
2021-12-29 11:00:00,6,5,1
2021-12-29 12:00:00,5,2,3
2021-12-29 13:00:00,3,2,1
2021-12-29 14:00:00,0,0,0
2021-12-29 15:00:00,8,4,4
2021-12-29 16:00:00,3,1,2
2021-12-29 17:00:00,1,1,0
2021-12-29 18:00:00,2,0,2
2021-12-29 19:00:00,0,0,0
2021-12-29 20:00:00,0,0,0
2021-12-29 21:00:00,0,0,0
2021-12-29 22:00:00,0,0,0
2021-12-29 23:00:00,0,0,0
2021-12-30 00:00:00,1,0,1
2021-12-30 01:00:00,0,0,0
2021-12-30 02:00:00,0,0,0
2021-12-30 03:00:00,0,0,0
2021-12-30 04:00:00,0,0,0
2021-12-30 05:00:00,0,0,0
2021-12-30 06:00:00,0,0,0
2021-12-30 07:00:00,3,1,2
2021-12-30 08:00:00,0,0,0
2021-12-30 09:00:00,2,1,1
2021-12-30 10:00:00,0,0,0
2021-12-30 11:00:00,3,1,2
2021-12-30 12:00:00,1,0,1
2021-12-30 13:00:00,0,0,0
2021-12-30 14:00:00,0,0,0
2021-12-30 15:00:00,2,0,2
2021-12-30 16:00:00,1,0,1
2021-12-30 17:00:00,3,2,1
2021-12-30 18:00:00,0,0,0
2021-12-30 19:00:00,1,1,0
2021-12-30 20:00:00,1,1,0
2021-12-30 21:00:00,0,0,0
2021-12-30 22:00:00,0,0,0
2021-12-30 23:00:00,0,0,0
2021-12-31 00:00:00,1,1,0
2021-12-31 01:00:00,1,0,1
2021-12-31 02:00:00,0,0,0
2021-12-31 03:00:00,0,0,0
2021-12-31 04:00:00,0,0,0
2021-12-31 05:00:00,0,0,0
2021-12-31 06:00:00,0,0,0
2021-12-31 07:00:00,1,1,0
2021-12-31 08:00:00,1,1,0
2021-12-31 09:00:00,0,0,0
2021-12-31 10:00:00,2,1,1
2021-12-31 11:00:00,3,0,3
2021-12-31 12:00:00,4,2,2
2021-12-31 13:00:00,3,2,1
2021-12-31 14:00:00,8,4,4
2021-12-31 15:00:00,2,1,1
2021-12-31 16:00:00,4,3,1
2021-12-31 17:00:00,0,0,0
2021-12-31 18:00:00,0,0,0
2021-12-31 19:00:00,0,0,0
2021-12-31 20:00:00,0,0,0
2021-12-31 21:00:00,1,1,0
2021-12-31 22:00:00,0,0,0
2021-12-31 23:00:00,0,0,0
2022-01-01 00:00:00,0,0,0
2022-01-01 01:00:00,0,0,0
2022-01-01 02:00:00,0,0,0
2022-01-01 03:00:00,0,0,0
2022-01-01 04:00:00,0,0,0
2022-01-01 05:00:00,0,0,0
2022-01-01 06:00:00,0,0,0
2022-01-01 07:00:00,0,0,0
2022-01-01 08:00:00,0,0,0
2022-01-01 09:00:00,0,0,0
2022-01-01 10:00:00,0,0,0
2022-01-01 11:00:00,2,1,1
2022-01-01 12:00:00,0,0,0
2022-01-01 13:00:00,1,0,1
2022-01-01 14:00:00,3,1,2
2022-01-01 15:00:00,1,0,1
2022-01-01 16:00:00,0,0,0
2022-01-01 17:00:00,0,0,0
2022-01-01 18:00:00,0,0,0
2022-01-01 19:00:00,0,0,0
2022-01-01 20:00:00,0,0,0
2022-01-01 21:00:00,0,0,0
2022-01-01 22:00:00,0,0,0
2022-01-01 23:00:00,0,0,0
2022-01-02 00:00:00,2,1,1
2022-01-02 01:00:00,0,0,0
2022-01-02 02:00:00,0,0,0
2022-01-02 03:00:00,0,0,0
2022-01-02 04:00:00,0,0,0
2022-01-02 05:00:00,0,0,0
2022-01-02 06:00:00,0,0,0
2022-01-02 07:00:00,0,0,0
2022-01-02 08:00:00,0,0,0
2022-01-02 09:00:00,2,1,1
2022-01-02 10:00:00,0,0,0
2022-01-02 11:00:00,0,0,0
2022-01-02 12:00:00,0,0,0
2022-01-02 13:00:00,0,0,0
2022-01-02 14:00:00,1,0,1
2022-01-02 15:00:00,2,1,1
2022-01-02 16:00:00,0,0,0
2022-01-02 17:00:00,0,0,0
2022-01-02 18:00:00,0,0,0
2022-01-02 19:00:00,0,0,0
2022-01-02 20:00:00,0,0,0
2022-01-02 21:00:00,0,0,0
2022-01-02 22:00:00,0,0,0
2022-01-02 23:00:00,0,0,0
2022-01-03 00:00:00,0,0,0
2022-01-03 01:00:00,0,0,0
2022-01-03 02:00:00,0,0,0
2022-01-03 03:00:00,0,0,0
2022-01-03 04:00:00,0,0,0
2022-01-03 05:00:00,0,0,0
2022-01-03 06:00:00,0,0,0
2022-01-03 07:00:00,0,0,0
2022-01-03 08:00:00,3,1,2
2022-01-03 09:00:00,1,0,1
2022-01-03 10:00:00,0,0,0
2022-01-03 11:00:00,0,0,0
2022-01-03 12:00:00,0,0,0
2022-01-03 13:00:00,1,0,1
2022-01-03 14:00:00,1,0,1
2022-01-03 15:00:00,1,0,1
2022-01-03 16:00:00,2,1,1
2022-01-03 17:00:00,1,0,1
2022-01-03 18:00:00,1,0,1
2022-01-03 19:00:00,0,0,0
2022-01-03 20:00:00,0,0,0
2022-01-03 21:00:00,0,0,0
2022-01-03 22:00:00,0,0,0
2022-01-03 23:00:00,0,0,0
2022-01-04 00:00:00,0,0,0
2022-01-04 01:00:00,0,0,0
2022-01-04 02:00:00,0,0,0
2022-01-04 03:00:00,0,0,0
2022-01-04 04:00:00,0,0,0
2022-01-04 05:00:00,0,0,0
2022-01-04 06:00:00,0,0,0
2022-01-04 07:00:00,1,0,1
2022-01-04 08:00:00,3,1,2
2022-01-04 09:00:00,4,2,2
2022-01-04 10:00:00,6,3,3
2022-01-04 11:00:00,9,4,5
2022-01-04 12:00:00,10,5,5
2022-01-04 13:00:00,3,1,2
2022-01-04 14:00:00,3,1,2
2022-01-04 15:00:00,8,4,4
2022-01-04 16:00:00,8,4,4
2022-01-04 17:00:00,5,2,3
2022-01-04 18:00:00,2,1,1
2022-01-04 19:00:00,2,1,1
2022-01-04 20:00:00,1,0,1
2022-01-04 21:00:00,0,0,0
2022-01-04 22:00:00,0,0,0
2022-01-04 23:00:00,0,0,0
2022-01-05 00:00:00,0,0,0
2022-01-05 01:00:00,0,0,0
2022-01-05 02:00:00,0,0,0
2022-01-05 03:00:00,0,0,0
2022-01-05 04:00:00,0,0,0
2022-01-05 05:00:00,1,0,1
2022-01-05 06:00:00,1,0,1
2022-01-05 07:00:00,7,3,4
2022-01-05 08:00:00,9,4,5
2022-01-05 09:00:00,10,5,5
2022-01-05 10:00:00,12,6,6
2022-01-05 11:00:00,4,2,2
2022-01-05 12:00:00,8,4,4
2022-01-05 13:00:00,14,7,7
2022-01-05 14:00:00,11,5,6
2022-01-05 15:00:00,12,6,6
2022-01-05 16:00:00,15,7,8
2022-01-05 17:00:00,14,7,7
2022-01-05 18:00:00,7,3,4
2022-01-05 19:00:00,2,1,1
2022-01-05 20:00:00,1,0,1
2022-01-05 21:00:00,0,0,0
2022-01-05 22:00:00,0,0,0
2022-01-05 23:00:00,0,0,0
2022-01-06 00:00:00,0,0,0
2022-01-06 01:00:00,0,0,0
2022-01-06 02:00:00,0,0,0
2022-01-06 03:00:00,0,0,0
2022-01-06 04:00:00,0,0,0
2022-01-06 05:00:00,0,0,0
2022-01-06 06:00:00,4,2,2
2022-01-06 07:00:00,9,4,5
2022-01-06 08:00:00,12,6,6
2022-01-06 09:00:00,13,6,7
2022-01-06 10:00:00,19,9,10
2022-01-06 11:00:00,13,6,7
2022-01-06 12:00:00,11,5,6
2022-01-06 13:00:00,5,2,3
2022-01-06 14:00:00,5,2,3
2022-01-06 15:00:00,6,3,3
2022-01-06 16:00:00,11,5,6
2022-01-06 17:00:00,16,8,8
2022-01-06 18:00:00,7,3,4
2022-01-06 19:00:00,2,1,1
2022-01-06 20:00:00,2,1,1
2022-01-06 21:00:00,1,0,1
2022-01-06 22:00:00,0,0,0
2022-01-06 23:00:00,0,0,0
2022-01-07 00:00:00,0,0,0
2022-01-07 01:00:00,0,0,0
2022-01-07 02:00:00,0,0,0
2022-01-07 03:00:00,0,0,0
2022-01-07 04:00:00,0,0,0
2022-01-07 05:00:00,1,0,1
2022-01-07 06:00:00,4,2,2
2022-01-07 07:00:00,6,3,3
2022-01-07 08:00:00,12,6,6
2022-01-07 09:00:00,8,4,4
2022-01-07 10:00:00,6,3,3
2022-01-07 11:00:00,2,1,1
2022-01-07 12:00:00,6,3,3
2022-01-07 13:00:00,8,4,4
2022-01-07 14:00:00,10,5,5
2022-01-07 15:00:00,24,12,12
2022-01-07 16:00:00,20,10,10
2022-01-07 17:00:00,17,8,9
2022-01-07 18:00:00,10,5,5
2022-01-07 19:00:00,5,2,3
2022-01-07 20:00:00,2,1,1
2022-01-07 21:00:00,1,0,1
2022-01-07 22:00:00,0,0,0
2022-01-07 23:00:00,0,0,0
2022-01-08 00:00:00,0,0,0
2022-01-08 01:00:00,0,0,0
2022-01-08 02:00:00,0,0,0
2022-01-08 03:00:00,0,0,0
2022-01-08 04:00:00,0,0,0
2022-01-08 05:00:00,0,0,0
2022-01-08 06:00:00,3,1,2
2022-01-08 07:00:00,15,7,8
2022-01-08 08:00:00,18,9,9
2022-01-08 09:00:00,49,24,25
2022-01-08 10:00:00,59,29,30
2022-01-08 11:00:00,69,34,35
2022-01-08 12:00:00,102,51,51
2022-01-08 13:00:00,98,49,49
2022-01-08 14:00:00,101,50,51
2022-01-08 15:00:00,97,48,49
2022-01-08 16:00:00,50,25,25
2022-01-08 17:00:00,21,10,11
2022-01-08 18:00:00,21,10,11
2022-01-08 19:00:00,4,2,2
2022-01-08 20:00:00,1,0,1
2022-01-08 21:00:00,0,0,0
2022-01-08 22:00:00,7,3,4
2022-01-08 23:00:00,0,0,0
2022-01-09 00:00:00,0,0,0
2022-01-09 01:00:00,0,0,0
2022-01-09 02:00:00,0,0,0
2022-01-09 03:00:00,0,0,0
2022-01-09 04:00:00,0,0,0
2022-01-09 05:00:00,1,0,1
2022-01-09 06:00:00,1,0,1
2022-01-09 07:00:00,9,4,5
2022-01-09 08:00:00,18,9,9
2022-01-09 09:00:00,37,18,19
2022-01-09 10:00:00,76,38,38
2022-01-09 11:00:00,134,67,67
2022-01-09 12:00:00,204,102,102
2022-01-09 13:00:00,203,101,102
2022-01-09 14:00:00,215,107,108
2022-01-09 15:00:00,198,99,99
2022-01-09 16:00:00,79,39,40
2022-01-09 17:00:00,21,10,11
2022-01-09 18:00:00,9,4,5
2022-01-09 19:00:00,4,2,2
2022-01-09 20:00:00,1,0,1
2022-01-09 21:00:00,1,0,1
2022-01-09 22:00:00,1,0,1
2022-01-09 23:00:00,0,0,0
2022-01-10 00:00:00,0,0,0
2022-01-10 01:00:00,0,0,0
2022-01-10 02:00:00,0,0,0
2022-01-10 03:00:00,0,0,0
2022-01-10 04:00:00,0,0,0
2022-01-10 05:00:00,3,1,2
2022-01-10 06:00:00,6,3,3
2022-01-10 07:00:00,9,4,5
2022-01-10 08:00:00,18,9,9
2022-01-10 09:00:00,8,4,4
2022-01-10 10:00:00,17,8,9
2022-01-10 11:00:00,7,3,4
2022-01-10 12:00:00,14,7,7
2022-01-10 13:00:00,10,5,5
2022-01-10 14:00:00,9,4,5
2022-01-10 15:00:00,16,8,8
2022-01-10 16:00:00,32,16,16
2022-01-10 17:00:00,19,9,10
2022-01-10 18:00:00,19,9,10
2022-01-10 19:00:00,8,4,4
2022-01-10 20:00:00,1,0,1
2022-01-10 21:00:00,3,1,2
2022-01-10 22:00:00,1,0,1
2022-01-10 23:00:00,2,1,1
2022-01-11 00:00:00,0,0,0
2022-01-11 01:00:00,0,0,0
2022-01-11 02:00:00,0,0,0
2022-01-11 03:00:00,1,0,1
2022-01-11 04:00:00,2,1,1
2022-01-11 05:00:00,4,2,2
2022-01-11 06:00:00,3,1,2
2022-01-11 07:00:00,15,7,8
2022-01-11 08:00:00,15,7,8
2022-01-11 09:00:00,16,8,8
2022-01-11 10:00:00,19,9,10
2022-01-11 11:00:00,10,5,5
2022-01-11 12:00:00,8,4,4
2022-01-11 13:00:00,7,3,4
2022-01-11 14:00:00,16,8,8
2022-01-11 15:00:00,16,8,8
2022-01-11 16:00:00,20,10,10
2022-01-11 17:00:00,13,6,7
2022-01-11 18:00:00,16,8,8
2022-01-11 19:00:00,6,3,3
2022-01-11 20:00:00,1,0,1
2022-01-11 21:00:00,1,0,1
2022-01-11 22:00:00,0,0,0
2022-01-11 23:00:00,0,0,0
2022-01-12 00:00:00,0,0,0
2022-01-12 01:00:00,0,0,0
2022-01-12 02:00:00,0,0,0
2022-01-12 03:00:00,0,0,0
2022-01-12 04:00:00,1,0,1
2022-01-12 05:00:00,3,1,2
2022-01-12 06:00:00,6,3,3
2022-01-12 07:00:00,12,6,6
2022-01-12 08:00:00,19,9,10
2022-01-12 09:00:00,14,7,7
2022-01-12 10:00:00,14,7,7
2022-01-12 11:00:00,16,8,8
2022-01-12 12:00:00,18,9,9
2022-01-12 13:00:00,18,9,9
2022-01-12 14:00:00,27,13,14
2022-01-12 15:00:00,42,21,21
2022-01-12 16:00:00,48,24,24
2022-01-12 17:00:00,30,15,15
2022-01-12 18:00:00,22,11,11
2022-01-12 19:00:00,11,5,6
2022-01-12 20:00:00,9,4,5
2022-01-12 21:00:00,0,0,0
2022-01-12 22:00:00,0,0,0
2022-01-12 23:00:00,0,0,0
2022-01-13 00:00:00,0,0,0
2022-01-13 01:00:00,0,0,0
2022-01-13 02:00:00,0,0,0
2022-01-13 03:00:00,0,0,0
2022-01-13 04:00:00,2,1,1
2022-01-13 05:00:00,4,2,2
2022-01-13 06:00:00,9,4,5
2022-01-13 07:00:00,7,3,4
2022-01-13 08:00:00,11,5,6
2022-01-13 09:00:00,16,8,8
2022-01-13 10:00:00,17,8,9
2022-01-13 11:00:00,22,11,11
2022-01-13 12:00:00,24,12,12
2022-01-13 13:00:00,26,13,13
2022-01-13 14:00:00,62,31,31
2022-01-13 15:00:00,65,32,33
2022-01-13 16:00:00,56,28,28
2022-01-13 17:00:00,32,16,16
2022-01-13 18:00:00,22,11,11
2022-01-13 19:00:00,6,3,3
2022-01-13 20:00:00,8,4,4
2022-01-13 21:00:00,0,0,0
2022-01-13 22:00:00,0,0,0
2022-01-13 23:00:00,0,0,0
2022-01-14 00:00:00,0,0,0
2022-01-14 01:00:00,1,0,1
2022-01-14 02:00:00,0,0,0
2022-01-14 03:00:00,0,0,0
2022-01-14 04:00:00,1,0,1
2022-01-14 05:00:00,8,4,4
2022-01-14 06:00:00,11,5,6
2022-01-14 07:00:00,17,8,9
2022-01-14 08:00:00,30,15,15
2022-01-14 09:00:00,32,16,16
2022-01-14 10:00:00,44,22,22
2022-01-14 11:00:00,41,20,21
2022-01-14 12:00:00,44,22,22
2022-01-14 13:00:00,55,27,28
2022-01-14 14:00:00,64,32,32
2022-01-14 15:00:00,84,42,42
2022-01-14 16:00:00,69,34,35
2022-01-14 17:00:00,48,24,24
2022-01-14 18:00:00,24,12,12
2022-01-14 19:00:00,10,5,5
2022-01-14 20:00:00,2,1,1
2022-01-14 21:00:00,4,2,2
2022-01-14 22:00:00,1,0,1
2022-01-14 23:00:00,0,0,0
2022-01-15 00:00:00,1,0,1
2022-01-15 01:00:00,0,0,0
2022-01-15 02:00:00,0,0,0
2022-01-15 03:00:00,0,0,0
2022-01-15 04:00:00,0,0,0
2022-01-15 05:00:00,1,0,1
2022-01-15 06:00:00,2,1,1
2022-01-15 07:00:00,20,10,10
2022-01-15 08:00:00,41,20,21
2022-01-15 09:00:00,48,24,24
2022-01-15 10:00:00,78,39,39
2022-01-15 11:00:00,136,68,68
2022-01-15 12:00:00,112,56,56
2022-01-15 13:00:00,156,78,78
2022-01-15 14:00:00,141,70,71
2022-01-15 15:00:00,104,52,52
2022-01-15 16:00:00,52,26,26
2022-01-15 17:00:00,24,12,12
2022-01-15 18:00:00,6,3,3
2022-01-15 19:00:00,7,3,4
2022-01-15 20:00:00,1,0,1
2022-01-15 21:00:00,0,0,0
2022-01-15 22:00:00,0,0,0
2022-01-15 23:00:00,0,0,0
2022-01-16 00:00:00,0,0,0
2022-01-16 01:00:00,0,0,0
2022-01-16 02:00:00,0,0,0
2022-01-16 03:00:00,0,0,0
2022-01-16 04:00:00,0,0,0
2022-01-16 05:00:00,0,0,0
2022-01-16 06:00:00,1,0,1
2022-01-16 07:00:00,8,4,4
2022-01-16 08:00:00,17,8,9
2022-01-16 09:00:00,37,18,19
2022-01-16 10:00:00,65,32,33
2022-01-16 11:00:00,75,37,38
2022-01-16 12:00:00,96,48,48
2022-01-16 13:00:00,94,47,47
2022-01-16 14:00:00,107,53,54
2022-01-16 15:00:00,93,46,47
2022-01-16 16:00:00,87,43,44
2022-01-16 17:00:00,24,12,12
2022-01-16 18:00:00,2,1,1
2022-01-16 19:00:00,0,0,0
2022-01-16 20:00:00,0,0,0
2022-01-16 21:00:00,2,1,1
2022-01-16 22:00:00,0,0,0
2022-01-16 23:00:00,0,0,0
2022-01-17 00:00:00,0,0,0
2022-01-17 01:00:00,0,0,0
2022-01-17 02:00:00,0,0,0
2022-01-17 03:00:00,1,0,1
2022-01-17 04:00:00,1,0,1
2022-01-17 05:00:00,3,1,2
2022-01-17 06:00:00,5,2,3
2022-01-17 07:00:00,10,5,5
2022-01-17 08:00:00,12,6,6
2022-01-17 09:00:00,31,15,16
2022-01-17 10:00:00,39,19,20
2022-01-17 11:00:00,65,32,33
2022-01-17 12:00:00,78,39,39
2022-01-17 13:00:00,107,53,54
2022-01-17 14:00:00,108,54,54
2022-01-17 15:00:00,108,54,54
2022-01-17 16:00:00,86,43,43
2022-01-17 17:00:00,20,10,10
2022-01-17 18:00:00,8,4,4
2022-01-17 19:00:00,5,2,3
2022-01-17 20:00:00,2,1,1
2022-01-17 21:00:00,2,1,1
2022-01-17 22:00:00,0,0,0
2022-01-17 23:00:00,0,0,0
2022-01-18 00:00:00,0,0,0
2022-01-18 01:00:00,0,0,0
2022-01-18 02:00:00,0,0,0
2022-01-18 03:00:00,1,0,1
2022-01-18 04:00:00,1,0,1
2022-01-18 05:00:00,6,3,3
2022-01-18 06:00:00,9,4,5
2022-01-18 07:00:00,19,9,10
2022-01-18 08:00:00,21,10,11
2022-01-18 09:00:00,15,7,8
2022-01-18 10:00:00,6,3,3
2022-01-18 11:00:00,13,6,7
2022-01-18 12:00:00,10,5,5
2022-01-18 13:00:00,12,6,6
2022-01-18 14:00:00,25,12,13
2022-01-18 15:00:00,25,12,13
2022-01-18 16:00:00,33,16,17
2022-01-18 17:00:00,23,11,12
2022-01-18 18:00:00,17,8,9
2022-01-18 19:00:00,5,2,3
2022-01-18 20:00:00,6,3,3
2022-01-18 21:00:00,1,0,1
2022-01-18 22:00:00,1,0,1
2022-01-18 23:00:00,1,0,1
2022-01-19 00:00:00,0,0,0
2022-01-19 01:00:00,0,0,0
2022-01-19 02:00:00,0,0,0
2022-01-19 03:00:00,1,0,1
2022-01-19 04:00:00,3,1,2
2022-01-19 05:00:00,3,1,2
2022-01-19 06:00:00,11,5,6
2022-01-19 07:00:00,17,8,9
2022-01-19 08:00:00,30,15,15
2022-01-19 09:00:00,19,9,10
2022-01-19 10:00:00,17,8,9
2022-01-19 11:00:00,29,14,15
2022-01-19 12:00:00,35,17,18
2022-01-19 13:00:00,35,17,18
2022-01-19 14:00:00,31,15,16
2022-01-19 15:00:00,29,14,15
2022-01-19 16:00:00,42,21,21
2022-01-19 17:00:00,35,17,18
2022-01-19 18:00:00,16,8,8
2022-01-19 19:00:00,6,3,3
2022-01-19 20:00:00,3,1,2
2022-01-19 21:00:00,1,0,1
2022-01-19 22:00:00,2,1,1
2022-01-19 23:00:00,2,1,1
2022-01-20 00:00:00,0,0,0
2022-01-20 01:00:00,0,0,0
2022-01-20 02:00:00,0,0,0
2022-01-20 03:00:00,0,0,0
2022-01-20 04:00:00,2,1,1
2022-01-20 05:00:00,3,1,2
2022-01-20 06:00:00,7,3,4
2022-01-20 07:00:00,15,7,8
2022-01-20 08:00:00,31,15,16
2022-01-20 09:00:00,21,10,11
2022-01-20 10:00:00,12,6,6
2022-01-20 11:00:00,15,7,8
2022-01-20 12:00:00,10,5,5
2022-01-20 13:00:00,14,7,7
2022-01-20 14:00:00,21,10,11
2022-01-20 15:00:00,29,14,15
2022-01-20 16:00:00,26,13,13
2022-01-20 17:00:00,19,9,10
2022-01-20 18:00:00,15,7,8
2022-01-20 19:00:00,5,2,3
2022-01-20 20:00:00,2,1,1
2022-01-20 21:00:00,1,0,1
2022-01-20 22:00:00,1,0,1
2022-01-20 23:00:00,0,0,0
2022-01-21 00:00:00,0,0,0
2022-01-21 01:00:00,0,0,0
2022-01-21 02:00:00,0,0,0
2022-01-21 03:00:00,1,0,1
2022-01-21 04:00:00,4,2,2
2022-01-21 05:00:00,8,4,4
2022-01-21 06:00:00,14,7,7
2022-01-21 07:00:00,26,13,13
2022-01-21 08:00:00,29,14,15
2022-01-21 09:00:00,32,16,16
2022-01-21 10:00:00,37,18,19
2022-01-21 11:00:00,43,21,22
2022-01-21 12:00:00,55,27,28
2022-01-21 13:00:00,76,38,38
2022-01-21 14:00:00,60,30,30
2022-01-21 15:00:00,59,29,30
2022-01-21 16:00:00,74,37,37
2022-01-21 17:00:00,39,19,20
2022-01-21 18:00:00,21,10,11
2022-01-21 19:00:00,10,5,5
2022-01-21 20:00:00,2,1,1
2022-01-21 21:00:00,6,3,3
2022-01-21 22:00:00,1,0,1
2022-01-21 23:00:00,2,1,1
2022-01-22 00:00:00,0,0,0
2022-01-22 01:00:00,0,0,0
2022-01-22 02:00:00,0,0,0
2022-01-22 03:00:00,1,0,1
2022-01-22 04:00:00,0,0,0
2022-01-22 05:00:00,0,0,0
2022-01-22 06:00:00,5,2,3
2022-01-22 07:00:00,17,8,9
2022-01-22 08:00:00,33,16,17
2022-01-22 09:00:00,65,32,33
2022-01-22 10:00:00,76,38,38
2022-01-22 11:00:00,112,56,56
2022-01-22 12:00:00,140,70,70
2022-01-22 13:00:00,131,65,66
2022-01-22 14:00:00,181,90,91
2022-01-22 15:00:00,176,88,88
2022-01-22 16:00:00,123,61,62
2022-01-22 17:00:00,33,16,17
2022-01-22 18:00:00,6,3,3
2022-01-22 19:00:00,7,3,4
2022-01-22 20:00:00,1,0,1
2022-01-22 21:00:00,1,0,1
2022-01-22 22:00:00,0,0,0
2022-01-22 23:00:00,0,0,0
2022-01-23 00:00:00,0,0,0
2022-01-23 01:00:00,0,0,0
2022-01-23 02:00:00,0,0,0
2022-01-23 03:00:00,0,0,0
2022-01-23 04:00:00,0,0,0
2022-01-23 05:00:00,0,0,0
2022-01-23 06:00:00,2,1,1
2022-01-23 07:00:00,7,3,4
2022-01-23 08:00:00,22,11,11
2022-01-23 09:00:00,43,21,22
2022-01-23 10:00:00,61,30,31
2022-01-23 11:00:00,57,28,29
2022-01-23 12:00:00,91,45,46
2022-01-23 13:00:00,102,51,51
2022-01-23 14:00:00,107,53,54
2022-01-23 15:00:00,95,47,48
2022-01-23 16:00:00,55,27,28
2022-01-23 17:00:00,22,11,11
2022-01-23 18:00:00,0,0,0
2022-01-23 19:00:00,3,1,2
2022-01-23 20:00:00,2,1,1
2022-01-23 21:00:00,0,0,0
2022-01-23 22:00:00,2,1,1
2022-01-23 23:00:00,0,0,0
2022-01-24 00:00:00,0,0,0
2022-01-24 01:00:00,0,0,0
2022-01-24 02:00:00,0,0,0
2022-01-24 03:00:00,0,0,0
2022-01-24 04:00:00,2,1,1
2022-01-24 05:00:00,7,3,4
2022-01-24 06:00:00,10,5,5
2022-01-24 07:00:00,16,8,8
2022-01-24 08:00:00,38,19,19
2022-01-24 09:00:00,12,6,6
2022-01-24 10:00:00,32,16,16
2022-01-24 11:00:00,15,7,8
2022-01-24 12:00:00,21,10,11
2022-01-24 13:00:00,35,17,18
2022-01-24 14:00:00,25,12,13
2022-01-24 15:00:00,23,11,12
2022-01-24 16:00:00,44,22,22
2022-01-24 17:00:00,41,20,21
2022-01-24 18:00:00,22,11,11
2022-01-24 19:00:00,10,5,5
2022-01-24 20:00:00,4,2,2
2022-01-24 21:00:00,0,0,0
2022-01-24 22:00:00,0,0,0
2022-01-24 23:00:00,1,0,1
2022-01-25 00:00:00,0,0,0
2022-01-25 01:00:00,0,0,0
2022-01-25 02:00:00,0,0,0
2022-01-25 03:00:00,1,0,1
2022-01-25 04:00:00,1,0,1
2022-01-25 05:00:00,7,3,4
2022-01-25 06:00:00,10,5,5
2022-01-25 07:00:00,20,10,10
2022-01-25 08:00:00,22,11,11
2022-01-25 09:00:00,18,9,9
2022-01-25 10:00:00,38,19,19
2022-01-25 11:00:00,16,8,8
2022-01-25 12:00:00,19,9,10
2022-01-25 13:00:00,22,11,11
2022-01-25 14:00:00,23,11,12
2022-01-25 15:00:00,43,21,22
2022-01-25 16:00:00,58,29,29
2022-01-25 17:00:00,38,19,19
2022-01-25 18:00:00,21,10,11
2022-01-25 19:00:00,8,4,4
2022-01-25 20:00:00,1,0,1
2022-01-25 21:00:00,3,1,2
2022-01-25 22:00:00,3,1,2
2022-01-25 23:00:00,1,0,1
2022-01-26 00:00:00,1,0,1
2022-01-26 01:00:00,0,0,0
2022-01-26 02:00:00,0,0,0
2022-01-26 03:00:00,1,0,1
2022-01-26 04:00:00,2,1,1
2022-01-26 05:00:00,7,3,4
2022-01-26 06:00:00,8,4,4
2022-01-26 07:00:00,23,11,12
2022-01-26 08:00:00,28,14,14
2022-01-26 09:00:00,13,6,7
2022-01-26 10:00:00,16,8,8
2022-01-26 11:00:00,14,7,7
2022-01-26 12:00:00,20,10,10
2022-01-26 13:00:00,26,13,13
2022-01-26 14:00:00,28,14,14
2022-01-26 15:00:00,35,17,18
2022-01-26 16:00:00,53,26,27
2022-01-26 17:00:00,44,22,22
2022-01-26 18:00:00,15,7,8
2022-01-26 19:00:00,7,3,4
2022-01-26 20:00:00,5,2,3
2022-01-26 21:00:00,1,0,1
2022-01-26 22:00:00,1,0,1
2022-01-26 23:00:00,1,0,1
2022-01-27 00:00:00,0,0,0
2022-01-27 01:00:00,0,0,0
2022-01-27 02:00:00,0,0,0
2022-01-27 03:00:00,0,0,0
2022-01-27 04:00:00,3,1,2
2022-01-27 05:00:00,5,2,3
2022-01-27 06:00:00,6,3,3
2022-01-27 07:00:00,17,8,9
2022-01-27 08:00:00,24,12,12
2022-01-27 09:00:00,13,6,7
2022-01-27 10:00:00,9,4,5
2022-01-27 11:00:00,22,11,11
2022-01-27 12:00:00,32,16,16
2022-01-27 13:00:00,43,21,22
2022-01-27 14:00:00,42,21,21
2022-01-27 15:00:00,57,28,29
2022-01-27 16:00:00,69,34,35
2022-01-27 17:00:00,52,26,26
2022-01-27 18:00:00,23,11,12
2022-01-27 19:00:00,5,2,3
2022-01-27 20:00:00,5,2,3
2022-01-27 21:00:00,1,0,1
2022-01-27 22:00:00,0,0,0
2022-01-27 23:00:00,1,0,1
2022-01-28 00:00:00,0,0,0
2022-01-28 01:00:00,0,0,0
2022-01-28 02:00:00,0,0,0
2022-01-28 03:00:00,0,0,0
2022-01-28 04:00:00,2,1,1
2022-01-28 05:00:00,5,2,3
2022-01-28 06:00:00,6,3,3
2022-01-28 07:00:00,18,9,9
2022-01-28 08:00:00,20,10,10
2022-01-28 09:00:00,14,7,7
2022-01-28 10:00:00,24,12,12
2022-01-28 11:00:00,30,15,15
2022-01-28 12:00:00,39,19,20
2022-01-28 13:00:00,42,21,21
2022-01-28 14:00:00,57,28,29
2022-01-28 15:00:00,79,39,40
2022-01-28 16:00:00,72,36,36
2022-01-28 17:00:00,33,16,17
2022-01-28 18:00:00,15,7,8
2022-01-28 19:00:00,6,3,3
2022-01-28 20:00:00,1,0,1
2022-01-28 21:00:00,3,1,2
2022-01-28 22:00:00,2,1,1
2022-01-28 23:00:00,0,0,0
2022-01-29 00:00:00,0,0,0
2022-01-29 01:00:00,0,0,0
2022-01-29 02:00:00,0,0,0
2022-01-29 03:00:00,0,0,0
2022-01-29 04:00:00,1,0,1
2022-01-29 05:00:00,0,0,0
2022-01-29 06:00:00,3,1,2
2022-01-29 07:00:00,5,2,3
2022-01-29 08:00:00,30,15,15
2022-01-29 09:00:00,60,30,30
2022-01-29 10:00:00,95,47,48
2022-01-29 11:00:00,123,61,62
2022-01-29 12:00:00,112,56,56
2022-01-29 13:00:00,117,58,59
2022-01-29 14:00:00,137,68,69
2022-01-29 15:00:00,152,76,76
2022-01-29 16:00:00,99,49,50
2022-01-29 17:00:00,25,12,13
2022-01-29 18:00:00,9,4,5
2022-01-29 19:00:00,4,2,2
2022-01-29 20:00:00,2,1,1
2022-01-29 21:00:00,1,0,1
2022-01-29 22:00:00,1,0,1
2022-01-29 23:00:00,0,0,0
2022-01-30 00:00:00,0,0,0
2022-01-30 01:00:00,0,0,0
2022-01-30 02:00:00,0,0,0
2022-01-30 03:00:00,0,0,0
2022-01-30 04:00:00,0,0,0
2022-01-30 05:00:00,1,0,1
2022-01-30 06:00:00,1,0,1
2022-01-30 07:00:00,7,3,4
2022-01-30 08:00:00,24,12,12
2022-01-30 09:00:00,28,14,14
2022-01-30 10:00:00,44,22,22
2022-01-30 11:00:00,47,23,24
2022-01-30 12:00:00,27,13,14
2022-01-30 13:00:00,27,13,14
2022-01-30 14:00:00,8,4,4
2022-01-30 15:00:00,14,7,7
2022-01-30 16:00:00,4,2,2
2022-01-30 17:00:00,3,1,2
2022-01-30 18:00:00,2,1,1
2022-01-30 19:00:00,1,0,1
2022-01-30 20:00:00,0,0,0
2022-01-30 21:00:00,1,0,1
2022-01-30 22:00:00,1,0,1
2022-01-30 23:00:00,1,0,1
2022-01-31 00:00:00,0,0,0
2022-01-31 01:00:00,0,0,0
2022-01-31 02:00:00,0,0,0
2022-01-31 03:00:00,1,0,1
2022-01-31 04:00:00,1,0,1
2022-01-31 05:00:00,4,2,2
2022-01-31 06:00:00,6,3,3
2022-01-31 07:00:00,21,10,11
2022-01-31 08:00:00,22,11,11
2022-01-31 09:00:00,17,8,9
2022-01-31 10:00:00,21,10,11
2022-01-31 11:00:00,26,13,13
2022-01-31 12:00:00,27,13,14
2022-01-31 13:00:00,35,17,18
2022-01-31 14:00:00,36,18,18
2022-01-31 15:00:00,53,26,27
2022-01-31 16:00:00,52,26,26
2022-01-31 17:00:00,43,21,22
2022-01-31 18:00:00,23,11,12
2022-01-31 19:00:00,9,4,5
2022-01-31 20:00:00,5,2,3
2022-01-31 21:00:00,1,0,1
2022-01-31 22:00:00,2,1,1
2022-01-31 23:00:00,0,0,0
2022-02-01 00:00:00,2,1,1
2022-02-01 01:00:00,0,0,0
2022-02-01 02:00:00,0,0,0
2022-02-01 03:00:00,1,0,1
2022-02-01 04:00:00,2,1,1
2022-02-01 05:00:00,8,4,4
2022-02-01 06:00:00,12,6,6
2022-02-01 07:00:00,19,9,10
2022-02-01 08:00:00,32,16,16
2022-02-01 09:00:00,17,8,9
2022-02-01 10:00:00,14,7,7
2022-02-01 11:00:00,39,19,20
2022-02-01 12:00:00,34,17,17
2022-02-01 13:00:00,29,14,15
2022-02-01 14:00:00,29,14,15
2022-02-01 15:00:00,39,19,20
2022-02-01 16:00:00,53,26,27
2022-02-01 17:00:00,34,17,17
2022-02-01 18:00:00,21,10,11
2022-02-01 19:00:00,7,3,4
2022-02-01 20:00:00,3,1,2
2022-02-01 21:00:00,4,2,2
2022-02-01 22:00:00,1,0,1
2022-02-01 23:00:00,1,0,1
2022-02-02 00:00:00,0,0,0
2022-02-02 01:00:00,0,0,0
2022-02-02 02:00:00,0,0,0
2022-02-02 03:00:00,0,0,0
2022-02-02 04:00:00,0,0,0
2022-02-02 05:00:00,5,2,3
2022-02-02 06:00:00,10,5,5
2022-02-02 07:00:00,23,11,12
2022-02-02 08:00:00,26,13,13
2022-02-02 09:00:00,23,11,12
2022-02-02 10:00:00,14,7,7
2022-02-02 11:00:00,21,10,11
2022-02-02 12:00:00,16,8,8
2022-02-02 13:00:00,15,7,8
2022-02-02 14:00:00,14,7,7
2022-02-02 15:00:00,24,12,12
2022-02-02 16:00:00,28,14,14
2022-02-02 17:00:00,31,15,16
2022-02-02 18:00:00,14,7,7
2022-02-02 19:00:00,8,4,4
2022-02-02 20:00:00,3,1,2
2022-02-02 21:00:00,1,0,1
2022-02-02 22:00:00,1,0,1
2022-02-02 23:00:00,0,0,0
2022-02-03 00:00:00,0,0,0
2022-02-03 01:00:00,0,0,0
2022-02-03 02:00:00,0,0,0
2022-02-03 03:00:00,0,0,0
2022-02-03 04:00:00,0,0,0
2022-02-03 05:00:00,5,2,3
2022-02-03 06:00:00,11,5,6
2022-02-03 07:00:00,24,12,12
2022-02-03 08:00:00,15,7,8
2022-02-03 09:00:00,12,6,6
2022-02-03 10:00:00,8,4,4
2022-02-03 11:00:00,7,3,4
2022-02-03 12:00:00,11,5,6
2022-02-03 13:00:00,7,3,4
2022-02-03 14:00:00,10,5,5
2022-02-03 15:00:00,16,8,8
2022-02-03 16:00:00,34,17,17
2022-02-03 17:00:00,29,14,15
2022-02-03 18:00:00,22,11,11
2022-02-03 19:00:00,7,3,4
2022-02-03 20:00:00,1,0,1
2022-02-03 21:00:00,3,1,2
2022-02-03 22:00:00,1,0,1
2022-02-03 23:00:00,1,0,1
2022-02-04 00:00:00,0,0,0
2022-02-04 01:00:00,0,0,0
2022-02-04 02:00:00,0,0,0
2022-02-04 03:00:00,0,0,0
2022-02-04 04:00:00,1,0,1
2022-02-04 05:00:00,5,2,3
2022-02-04 06:00:00,10,5,5
2022-02-04 07:00:00,21,10,11
2022-02-04 08:00:00,31,15,16
2022-02-04 09:00:00,19,9,10
2022-02-04 10:00:00,23,11,12
2022-02-04 11:00:00,16,8,8
2022-02-04 12:00:00,29,14,15
2022-02-04 13:00:00,23,11,12
2022-02-04 14:00:00,20,10,10
2022-02-04 15:00:00,26,13,13
2022-02-04 16:00:00,38,19,19
2022-02-04 17:00:00,31,15,16
2022-02-04 18:00:00,20,10,10
2022-02-04 19:00:00,9,4,5
2022-02-04 20:00:00,4,2,2
2022-02-04 21:00:00,4,2,2
2022-02-04 22:00:00,0,0,0
2022-02-04 23:00:00,0,0,0
2022-02-05 00:00:00,1,0,1
2022-02-05 01:00:00,0,0,0
2022-02-05 02:00:00,0,0,0
2022-02-05 03:00:00,0,0,0
2022-02-05 04:00:00,0,0,0
2022-02-05 05:00:00,0,0,0
2022-02-05 06:00:00,13,6,7
2022-02-05 07:00:00,4,2,2
2022-02-05 08:00:00,29,14,15
2022-02-05 09:00:00,55,27,28
2022-02-05 10:00:00,94,47,47
2022-02-05 11:00:00,109,54,55
2022-02-05 12:00:00,130,65,65
2022-02-05 13:00:00,122,61,61
2022-02-05 14:00:00,106,53,53
2022-02-05 15:00:00,103,51,52
2022-02-05 16:00:00,85,42,43
2022-02-05 17:00:00,41,20,21
2022-02-05 18:00:00,10,5,5
2022-02-05 19:00:00,6,3,3
2022-02-05 20:00:00,2,1,1
2022-02-05 21:00:00,5,2,3
2022-02-05 22:00:00,0,0,0
2022-02-05 23:00:00,0,0,0
2022-02-06 00:00:00,0,0,0
2022-02-06 01:00:00,1,0,1
2022-02-06 02:00:00,0,0,0
2022-02-06 03:00:00,0,0,0
2022-02-06 04:00:00,0,0,0
2022-02-06 05:00:00,2,1,1
2022-02-06 06:00:00,0,0,0
2022-02-06 07:00:00,11,5,6
2022-02-06 08:00:00,22,11,11
2022-02-06 09:00:00,45,22,23
2022-02-06 10:00:00,82,41,41
2022-02-06 11:00:00,130,65,65
2022-02-06 12:00:00,134,67,67
2022-02-06 13:00:00,199,99,100
2022-02-06 14:00:00,184,92,92
2022-02-06 15:00:00,198,99,99
2022-02-06 16:00:00,137,68,69
2022-02-06 17:00:00,52,26,26
2022-02-06 18:00:00,5,2,3
2022-02-06 19:00:00,2,1,1
2022-02-06 20:00:00,1,0,1
2022-02-06 21:00:00,0,0,0
2022-02-06 22:00:00,0,0,0
2022-02-06 23:00:00,1,0,1
2022-02-07 00:00:00,0,0,0
2022-02-07 01:00:00,0,0,0
2022-02-07 02:00:00,1,0,1
2022-02-07 03:00:00,0,0,0
2022-02-07 04:00:00,0,0,0
2022-02-07 05:00:00,10,5,5
2022-02-07 06:00:00,10,5,5
2022-02-07 07:00:00,22,11,11
2022-02-07 08:00:00,28,14,14
2022-02-07 09:00:00,19,9,10
2022-02-07 10:00:00,27,13,14
2022-02-07 11:00:00,15,7,8
2022-02-07 12:00:00,11,5,6
2022-02-07 13:00:00,17,8,9
2022-02-07 14:00:00,36,18,18
2022-02-07 15:00:00,37,18,19
2022-02-07 16:00:00,43,21,22
2022-02-07 17:00:00,37,18,19
2022-02-07 18:00:00,23,11,12
2022-02-07 19:00:00,5,2,3
2022-02-07 20:00:00,2,1,1
2022-02-07 21:00:00,1,0,1
2022-02-07 22:00:00,1,0,1
2022-02-07 23:00:00,0,0,0
2022-02-08 00:00:00,0,0,0
2022-02-08 01:00:00,0,0,0
2022-02-08 02:00:00,0,0,0
2022-02-08 03:00:00,1,0,1
2022-02-08 04:00:00,2,1,1
2022-02-08 05:00:00,9,4,5
2022-02-08 06:00:00,9,4,5
2022-02-08 07:00:00,29,14,15
2022-02-08 08:00:00,32,16,16
2022-02-08 09:00:00,25,12,13
2022-02-08 10:00:00,27,13,14
2022-02-08 11:00:00,33,16,17
2022-02-08 12:00:00,38,19,19
2022-02-08 13:00:00,53,26,27
2022-02-08 14:00:00,49,24,25
2022-02-08 15:00:00,54,27,27
2022-02-08 16:00:00,57,28,29
2022-02-08 17:00:00,44,22,22
2022-02-08 18:00:00,17,8,9
2022-02-08 19:00:00,8,4,4
2022-02-08 20:00:00,11,5,6
2022-02-08 21:00:00,4,2,2
2022-02-08 22:00:00,1,0,1
2022-02-08 23:00:00,0,0,0
2022-02-09 00:00:00,0,0,0
2022-02-09 01:00:00,0,0,0
2022-02-09 02:00:00,0,0,0
2022-02-09 03:00:00,0,0,0
2022-02-09 04:00:00,1,0,1
2022-02-09 05:00:00,6,3,3
2022-02-09 06:00:00,11,5,6
2022-02-09 07:00:00,27,13,14
2022-02-09 08:00:00,38,19,19
2022-02-09 09:00:00,20,10,10
2022-02-09 10:00:00,22,11,11
2022-02-09 11:00:00,25,12,13
2022-02-09 12:00:00,31,15,16
2022-02-09 13:00:00,43,21,22
2022-02-09 14:00:00,54,27,27
2022-02-09 15:00:00,55,27,28
2022-02-09 16:00:00,75,37,38
2022-02-09 17:00:00,74,37,37
2022-02-09 18:00:00,33,16,17
2022-02-09 19:00:00,10,5,5
2022-02-09 20:00:00,11,5,6
2022-02-09 21:00:00,4,2,2
2022-02-09 22:00:00,1,0,1
2022-02-09 23:00:00,0,0,0
2022-02-10 00:00:00,0,0,0
2022-02-10 01:00:00,0,0,0
2022-02-10 02:00:00,0,0,0
2022-02-10 03:00:00,0,0,0
2022-02-10 04:00:00,2,1,1
2022-02-10 05:00:00,7,3,4
2022-02-10 06:00:00,17,8,9
2022-02-10 07:00:00,20,10,10
2022-02-10 08:00:00,38,19,19
2022-02-10 09:00:00,29,14,15
2022-02-10 10:00:00,25,12,13
2022-02-10 11:00:00,23,11,12
2022-02-10 12:00:00,24,12,12
2022-02-10 13:00:00,32,16,16
2022-02-10 14:00:00,34,17,17
2022-02-10 15:00:00,40,20,20
2022-02-10 16:00:00,64,32,32
2022-02-10 17:00:00,45,22,23
2022-02-10 18:00:00,31,15,16
2022-02-10 19:00:00,11,5,6
2022-02-10 20:00:00,9,4,5
2022-02-10 21:00:00,3,1,2
2022-02-10 22:00:00,1,0,1
2022-02-10 23:00:00,2,1,1
2022-02-11 00:00:00,0,0,0
2022-02-11 01:00:00,0,0,0
2022-02-11 02:00:00,0,0,0
2022-02-11 03:00:00,1,0,1
2022-02-11 04:00:00,1,0,1
2022-02-11 05:00:00,5,2,3
2022-02-11 06:00:00,8,4,4
2022-02-11 07:00:00,37,18,19
2022-02-11 08:00:00,30,15,15
2022-02-11 09:00:00,29,14,15
2022-02-11 10:00:00,11,5,6
2022-02-11 11:00:00,29,14,15
2022-02-11 12:00:00,40,20,20
2022-02-11 13:00:00,49,24,25
2022-02-11 14:00:00,59,29,30
2022-02-11 15:00:00,82,41,41
2022-02-11 16:00:00,98,49,49
2022-02-11 17:00:00,67,33,34
2022-02-11 18:00:00,22,11,11
2022-02-11 19:00:00,9,4,5
2022-02-11 20:00:00,3,1,2
2022-02-11 21:00:00,3,1,2
2022-02-11 22:00:00,5,2,3
2022-02-11 23:00:00,0,0,0
2022-02-12 00:00:00,0,0,0
2022-02-12 01:00:00,0,0,0
2022-02-12 02:00:00,0,0,0
2022-02-12 03:00:00,0,0,0
2022-02-12 04:00:00,0,0,0
2022-02-12 05:00:00,0,0,0
2022-02-12 06:00:00,6,3,3
2022-02-12 07:00:00,12,6,6
2022-02-12 08:00:00,48,24,24
2022-02-12 09:00:00,67,33,34
2022-02-12 10:00:00,124,62,62
2022-02-12 11:00:00,172,86,86
2022-02-12 12:00:00,204,102,102
2022-02-12 13:00:00,268,134,134
2022-02-12 14:00:00,236,118,118
2022-02-12 15:00:00,244,122,122
2022-02-12 16:00:00,164,82,82
2022-02-12 17:00:00,87,43,44
2022-02-12 18:00:00,26,13,13
2022-02-12 19:00:00,14,7,7
2022-02-12 20:00:00,5,2,3
2022-02-12 21:00:00,4,2,2
2022-02-12 22:00:00,1,0,1
2022-02-12 23:00:00,0,0,0
2022-02-13 00:00:00,1,0,1
2022-02-13 01:00:00,0,0,0
2022-02-13 02:00:00,0,0,0
2022-02-13 03:00:00,0,0,0
2022-02-13 04:00:00,1,0,1
2022-02-13 05:00:00,0,0,0
2022-02-13 06:00:00,0,0,0
2022-02-13 07:00:00,8,4,4
2022-02-13 08:00:00,44,22,22
2022-02-13 09:00:00,38,19,19
2022-02-13 10:00:00,52,26,26
2022-02-13 11:00:00,117,58,59
2022-02-13 12:00:00,147,73,74
2022-02-13 13:00:00,180,90,90
2022-02-13 14:00:00,205,102,103
2022-02-13 15:00:00,128,64,64
2022-02-13 16:00:00,100,50,50
2022-02-13 17:00:00,39,19,20
2022-02-13 18:00:00,4,2,2
2022-02-13 19:00:00,2,1,1
2022-02-13 20:00:00,2,1,1
2022-02-13 21:00:00,3,1,2
2022-02-13 22:00:00,1,0,1
2022-02-13 23:00:00,1,0,1
2022-02-14 00:00:00,0,0,0
2022-02-14 01:00:00,0,0,0
2022-02-14 02:00:00,0,0,0
2022-02-14 03:00:00,1,0,1
2022-02-14 04:00:00,1,0,1
2022-02-14 05:00:00,2,1,1
2022-02-14 06:00:00,10,5,5
2022-02-14 07:00:00,21,10,11
2022-02-14 08:00:00,22,11,11
2022-02-14 09:00:00,24,12,12
2022-02-14 10:00:00,12,6,6
2022-02-14 11:00:00,9,4,5
2022-02-14 12:00:00,5,2,3
2022-02-14 13:00:00,12,6,6
2022-02-14 14:00:00,7,3,4
2022-02-14 15:00:00,18,9,9
2022-02-14 16:00:00,34,17,17
2022-02-14 17:00:00,38,19,19
2022-02-14 18:00:00,16,8,8
2022-02-14 19:00:00,10,5,5
2022-02-14 20:00:00,7,3,4
2022-02-14 21:00:00,0,0,0
2022-02-14 22:00:00,2,1,1
2022-02-14 23:00:00,2,1,1
2022-02-15 00:00:00,0,0,0
2022-02-15 01:00:00,0,0,0
2022-02-15 02:00:00,0,0,0
2022-02-15 03:00:00,1,0,1
2022-02-15 04:00:00,2,1,1
2022-02-15 05:00:00,8,4,4
2022-02-15 06:00:00,12,6,6
2022-02-15 07:00:00,33,16,17
2022-02-15 08:00:00,34,17,17
2022-02-15 09:00:00,22,11,11
2022-02-15 10:00:00,27,13,14
2022-02-15 11:00:00,28,14,14
2022-02-15 12:00:00,17,8,9
2022-02-15 13:00:00,27,13,14
2022-02-15 14:00:00,50,25,25
2022-02-15 15:00:00,39,19,20
2022-02-15 16:00:00,73,36,37
2022-02-15 17:00:00,55,27,28
2022-02-15 18:00:00,34,17,17
2022-02-15 19:00:00,12,6,6
2022-02-15 20:00:00,3,1,2
2022-02-15 21:00:00,3,1,2
2022-02-15 22:00:00,2,1,1
2022-02-15 23:00:00,0,0,0
2022-02-16 00:00:00,0,0,0
2022-02-16 01:00:00,0,0,0
2022-02-16 02:00:00,0,0,0
2022-02-16 03:00:00,0,0,0
2022-02-16 04:00:00,2,1,1
2022-02-16 05:00:00,3,1,2
2022-02-16 06:00:00,22,11,11
2022-02-16 07:00:00,36,18,18
2022-02-16 08:00:00,28,14,14
2022-02-16 09:00:00,23,11,12
2022-02-16 10:00:00,20,10,10
2022-02-16 11:00:00,36,18,18
2022-02-16 12:00:00,35,17,18
2022-02-16 13:00:00,34,17,17
2022-02-16 14:00:00,58,29,29
2022-02-16 15:00:00,54,27,27
2022-02-16 16:00:00,76,38,38
2022-02-16 17:00:00,80,40,40
2022-02-16 18:00:00,43,21,22
2022-02-16 19:00:00,13,6,7
2022-02-16 20:00:00,6,3,3
2022-02-16 21:00:00,2,1,1
2022-02-16 22:00:00,1,0,1
2022-02-16 23:00:00,0,0,0
2022-02-17 00:00:00,0,0,0
2022-02-17 01:00:00,0,0,0
2022-02-17 02:00:00,0,0,0
2022-02-17 03:00:00,1,0,1
2022-02-17 04:00:00,3,1,2
2022-02-17 05:00:00,7,3,4
2022-02-17 06:00:00,16,8,8
2022-02-17 07:00:00,33,16,17
2022-02-17 08:00:00,39,19,20
2022-02-17 09:00:00,31,15,16
2022-02-17 10:00:00,26,13,13
2022-02-17 11:00:00,30,15,15
2022-02-17 12:00:00,33,16,17
2022-02-17 13:00:00,37,18,19
2022-02-17 14:00:00,31,15,16
2022-02-17 15:00:00,45,22,23
2022-02-17 16:00:00,62,31,31
2022-02-17 17:00:00,51,25,26
2022-02-17 18:00:00,23,11,12
2022-02-17 19:00:00,11,5,6
2022-02-17 20:00:00,6,3,3
2022-02-17 21:00:00,0,0,0
2022-02-17 22:00:00,1,0,1
2022-02-17 23:00:00,2,1,1
2022-02-18 00:00:00,0,0,0
2022-02-18 01:00:00,0,0,0
2022-02-18 02:00:00,0,0,0
2022-02-18 03:00:00,1,0,1
2022-02-18 04:00:00,1,0,1
2022-02-18 05:00:00,5,2,3
2022-02-18 06:00:00,17,8,9
2022-02-18 07:00:00,27,13,14
2022-02-18 08:00:00,32,16,16
2022-02-18 09:00:00,35,17,18
2022-02-18 10:00:00,40,20,20
2022-02-18 11:00:00,45,22,23
2022-02-18 12:00:00,56,28,28
2022-02-18 13:00:00,53,26,27
2022-02-18 14:00:00,65,32,33
2022-02-18 15:00:00,65,32,33
2022-02-18 16:00:00,93,46,47
2022-02-18 17:00:00,67,33,34
2022-02-18 18:00:00,34,17,17
2022-02-18 19:00:00,17,8,9
2022-02-18 20:00:00,13,6,7
2022-02-18 21:00:00,5,2,3
2022-02-18 22:00:00,2,1,1
2022-02-18 23:00:00,1,0,1
2022-02-19 00:00:00,0,0,0
2022-02-19 01:00:00,0,0,0
2022-02-19 02:00:00,0,0,0
2022-02-19 03:00:00,0,0,0
2022-02-19 04:00:00,0,0,0
2022-02-19 05:00:00,0,0,0
2022-02-19 06:00:00,4,2,2
2022-02-19 07:00:00,9,4,5
2022-02-19 08:00:00,19,9,10
2022-02-19 09:00:00,67,33,34
2022-02-19 10:00:00,44,22,22
2022-02-19 11:00:00,70,35,35
2022-02-19 12:00:00,46,23,23
2022-02-19 13:00:00,56,28,28
2022-02-19 14:00:00,51,25,26
2022-02-19 15:00:00,41,20,21
2022-02-19 16:00:00,59,29,30
2022-02-19 17:00:00,27,13,14
2022-02-19 18:00:00,5,2,3
2022-02-19 19:00:00,4,2,2
2022-02-19 20:00:00,0,0,0
2022-02-19 21:00:00,4,2,2
2022-02-19 22:00:00,0,0,0
2022-02-19 23:00:00,0,0,0
2022-02-20 00:00:00,0,0,0
2022-02-20 01:00:00,0,0,0
2022-02-20 02:00:00,0,0,0
2022-02-20 03:00:00,0,0,0
2022-02-20 04:00:00,0,0,0
2022-02-20 05:00:00,1,0,1
2022-02-20 06:00:00,0,0,0
2022-02-20 07:00:00,7,3,4
2022-02-20 08:00:00,21,10,11
2022-02-20 09:00:00,30,15,15
2022-02-20 10:00:00,42,21,21
2022-02-20 11:00:00,55,27,28
2022-02-20 12:00:00,76,38,38
2022-02-20 13:00:00,72,36,36
2022-02-20 14:00:00,68,34,34
2022-02-20 15:00:00,80,40,40
2022-02-20 16:00:00,55,27,28
2022-02-20 17:00:00,20,10,10
2022-02-20 18:00:00,2,1,1
2022-02-20 19:00:00,3,1,2
2022-02-20 20:00:00,2,1,1
2022-02-20 21:00:00,1,0,1
2022-02-20 22:00:00,1,0,1
2022-02-20 23:00:00,2,1,1
2022-02-21 00:00:00,2,1,1
2022-02-21 01:00:00,0,0,0
2022-02-21 02:00:00,0,0,0
2022-02-21 03:00:00,0,0,0
2022-02-21 04:00:00,1,0,1
2022-02-21 05:00:00,3,1,2
2022-02-21 06:00:00,4,2,2
2022-02-21 07:00:00,7,3,4
2022-02-21 08:00:00,8,4,4
2022-02-21 09:00:00,11,5,6
2022-02-21 10:00:00,38,19,19
2022-02-21 11:00:00,22,11,11
2022-02-21 12:00:00,35,17,18
2022-02-21 13:00:00,44,22,22
2022-02-21 14:00:00,52,26,26
2022-02-21 15:00:00,49,24,25
2022-02-21 16:00:00,57,28,29
2022-02-21 17:00:00,26,13,13
2022-02-21 18:00:00,13,6,7
2022-02-21 19:00:00,7,3,4
2022-02-21 20:00:00,1,0,1
2022-02-21 21:00:00,5,2,3
2022-02-21 22:00:00,2,1,1
2022-02-21 23:00:00,0,0,0
2022-02-22 00:00:00,0,0,0
2022-02-22 01:00:00,0,0,0
2022-02-22 02:00:00,0,0,0
2022-02-22 03:00:00,0,0,0
2022-02-22 04:00:00,0,0,0
2022-02-22 05:00:00,2,1,1
2022-02-22 06:00:00,4,2,2
2022-02-22 07:00:00,13,6,7
2022-02-22 08:00:00,7,3,4
2022-02-22 09:00:00,8,4,4
2022-02-22 10:00:00,7,3,4
2022-02-22 11:00:00,5,2,3
2022-02-22 12:00:00,8,4,4
2022-02-22 13:00:00,8,4,4
2022-02-22 14:00:00,9,4,5
2022-02-22 15:00:00,8,4,4
2022-02-22 16:00:00,24,12,12
2022-02-22 17:00:00,23,11,12
2022-02-22 18:00:00,15,7,8
2022-02-22 19:00:00,5,2,3
2022-02-22 20:00:00,0,0,0
2022-02-22 21:00:00,0,0,0
2022-02-22 22:00:00,0,0,0
2022-02-22 23:00:00,0,0,0
2022-02-23 00:00:00,0,0,0
2022-02-23 01:00:00,0,0,0
2022-02-23 02:00:00,0,0,0
2022-02-23 03:00:00,0,0,0
2022-02-23 04:00:00,0,0,0
2022-02-23 05:00:00,3,1,2
2022-02-23 06:00:00,4,2,2
2022-02-23 07:00:00,15,7,8
2022-02-23 08:00:00,11,5,6
2022-02-23 09:00:00,16,8,8
2022-02-23 10:00:00,9,4,5
2022-02-23 11:00:00,24,12,12
2022-02-23 12:00:00,18,9,9
2022-02-23 13:00:00,24,12,12
2022-02-23 14:00:00,26,13,13
2022-02-23 15:00:00,46,23,23
2022-02-23 16:00:00,32,16,16
2022-02-23 17:00:00,37,18,19
2022-02-23 18:00:00,21,10,11
2022-02-23 19:00:00,8,4,4
2022-02-23 20:00:00,3,1,2
2022-02-23 21:00:00,0,0,0
2022-02-23 22:00:00,6,3,3
2022-02-23 23:00:00,2,1,1
2022-02-24 00:00:00,0,0,0
2022-02-24 01:00:00,0,0,0
2022-02-24 02:00:00,2,1,1
2022-02-24 03:00:00,0,0,0
2022-02-24 04:00:00,0,0,0
2022-02-24 05:00:00,1,0,1
2022-02-24 06:00:00,1,0,1
2022-02-24 07:00:00,14,7,7
2022-02-24 08:00:00,13,6,7
2022-02-24 09:00:00,8,4,4
2022-02-24 10:00:00,13,6,7
2022-02-24 11:00:00,7,3,4
2022-02-24 12:00:00,12,6,6
2022-02-24 13:00:00,26,13,13
2022-02-24 14:00:00,32,16,16
2022-02-24 15:00:00,33,16,17
2022-02-24 16:00:00,50,25,25
2022-02-24 17:00:00,32,16,16
2022-02-24 18:00:00,12,6,6
2022-02-24 19:00:00,10,5,5
2022-02-24 20:00:00,3,1,2
2022-02-24 21:00:00,1,0,1
2022-02-24 22:00:00,1,0,1
2022-02-24 23:00:00,2,1,1
2022-02-25 00:00:00,1,0,1
2022-02-25 01:00:00,0,0,0
2022-02-25 02:00:00,0,0,0
2022-02-25 03:00:00,0,0,0
2022-02-25 04:00:00,0,0,0
2022-02-25 05:00:00,3,1,2
2022-02-25 06:00:00,7,3,4
2022-02-25 07:00:00,7,3,4
2022-02-25 08:00:00,13,6,7
2022-02-25 09:00:00,21,10,11
2022-02-25 10:00:00,13,6,7
2022-02-25 11:00:00,34,17,17
2022-02-25 12:00:00,37,18,19
2022-02-25 13:00:00,52,26,26
2022-02-25 14:00:00,66,33,33
2022-02-25 15:00:00,73,36,37
2022-02-25 16:00:00,77,38,39
2022-02-25 17:00:00,47,23,24
2022-02-25 18:00:00,20,10,10
2022-02-25 19:00:00,11,5,6
2022-02-25 20:00:00,3,1,2
2022-02-25 21:00:00,0,0,0
2022-02-25 22:00:00,1,0,1
2022-02-25 23:00:00,3,1,2
2022-02-26 00:00:00,1,0,1
2022-02-26 01:00:00,0,0,0
2022-02-26 02:00:00,1,0,1
2022-02-26 03:00:00,0,0,0
2022-02-26 04:00:00,0,0,0
2022-02-26 05:00:00,0,0,0
2022-02-26 06:00:00,1,0,1
2022-02-26 07:00:00,12,6,6
2022-02-26 08:00:00,23,11,12
2022-02-26 09:00:00,35,17,18
2022-02-26 10:00:00,75,37,38
2022-02-26 11:00:00,102,51,51
2022-02-26 12:00:00,115,57,58
2022-02-26 13:00:00,126,63,63
2022-02-26 14:00:00,93,46,47
2022-02-26 15:00:00,51,25,26
2022-02-26 16:00:00,32,16,16
2022-02-26 17:00:00,8,4,4
2022-02-26 18:00:00,3,1,2
2022-02-26 19:00:00,3,1,2
2022-02-26 20:00:00,3,1,2
2022-02-26 21:00:00,1,0,1
2022-02-26 22:00:00,0,0,0
2022-02-26 23:00:00,0,0,0
2022-02-27 00:00:00,0,0,0
2022-02-27 01:00:00,0,0,0
2022-02-27 02:00:00,0,0,0
2022-02-27 03:00:00,0,0,0
2022-02-27 04:00:00,0,0,0
2022-02-27 05:00:00,0,0,0
2022-02-27 06:00:00,1,0,1
2022-02-27 07:00:00,4,2,2
2022-02-27 08:00:00,12,6,6
2022-02-27 09:00:00,10,5,5
2022-02-27 10:00:00,42,21,21
2022-02-27 11:00:00,55,27,28
2022-02-27 12:00:00,30,15,15
2022-02-27 13:00:00,15,7,8
2022-02-27 14:00:00,21,10,11
2022-02-27 15:00:00,8,4,4
2022-02-27 16:00:00,8,4,4
2022-02-27 17:00:00,9,4,5
2022-02-27 18:00:00,2,1,1
2022-02-27 19:00:00,1,0,1
2022-02-27 20:00:00,4,2,2
2022-02-27 21:00:00,1,0,1
2022-02-27 22:00:00,0,0,0
2022-02-27 23:00:00,0,0,0
2022-02-28 00:00:00,0,0,0
2022-02-28 01:00:00,0,0,0
2022-02-28 02:00:00,0,0,0
2022-02-28 03:00:00,1,0,1
2022-02-28 04:00:00,1,0,1
2022-02-28 05:00:00,1,0,1
2022-02-28 06:00:00,4,2,2
2022-02-28 07:00:00,12,6,6
2022-02-28 08:00:00,10,5,5
2022-02-28 09:00:00,9,4,5
2022-02-28 10:00:00,4,2,2
2022-02-28 11:00:00,1,0,1
2022-02-28 12:00:00,8,4,4
2022-02-28 13:00:00,3,1,2
2022-02-28 14:00:00,5,2,3
2022-02-28 15:00:00,10,5,5
2022-02-28 16:00:00,8,4,4
2022-02-28 17:00:00,16,8,8
2022-02-28 18:00:00,6,3,3
2022-02-28 19:00:00,5,2,3
2022-02-28 20:00:00,1,0,1
2022-02-28 21:00:00,0,0,0
2022-02-28 22:00:00,1,0,1
2022-02-28 23:00:00,0,0,0
2022-03-01 00:00:00,0,0,0
2022-03-01 01:00:00,0,0,0
2022-03-01 02:00:00,0,0,0
2022-03-01 03:00:00,0,0,0
2022-03-01 04:00:00,0,0,0
2022-03-01 05:00:00,4,2,2
2022-03-01 06:00:00,8,4,4
2022-03-01 07:00:00,25,13,12
2022-03-01 08:00:00,37,19,18
2022-03-01 09:00:00,21,11,10
2022-03-01 10:00:00,12,6,6
2022-03-01 11:00:00,25,13,12
2022-03-01 12:00:00,26,13,13
2022-03-01 13:00:00,40,20,20
2022-03-01 14:00:00,44,22,22
2022-03-01 15:00:00,53,27,26
2022-03-01 16:00:00,67,34,33
2022-03-01 17:00:00,61,31,30
2022-03-01 18:00:00,35,18,17
2022-03-01 19:00:00,11,6,5
2022-03-01 20:00:00,5,3,2
2022-03-01 21:00:00,5,3,2
2022-03-01 22:00:00,1,1,0
2022-03-01 23:00:00,1,1,0
2022-03-02 00:00:00,0,0,0
2022-03-02 01:00:00,0,0,0
2022-03-02 02:00:00,0,0,0
2022-03-02 03:00:00,0,0,0
2022-03-02 04:00:00,1,1,0
2022-03-02 05:00:00,3,2,1
2022-03-02 06:00:00,11,6,5
2022-03-02 07:00:00,31,16,15
2022-03-02 08:00:00,31,16,15
2022-03-02 09:00:00,16,8,8
2022-03-02 10:00:00,17,9,8
2022-03-02 11:00:00,18,9,9
2022-03-02 12:00:00,18,9,9
2022-03-02 13:00:00,5,3,2
2022-03-02 14:00:00,12,6,6
2022-03-02 15:00:00,14,7,7
2022-03-02 16:00:00,25,13,12
2022-03-02 17:00:00,50,25,25
2022-03-02 18:00:00,19,10,9
2022-03-02 19:00:00,10,5,5
2022-03-02 20:00:00,5,3,2
2022-03-02 21:00:00,2,1,1
2022-03-02 22:00:00,0,0,0
2022-03-02 23:00:00,3,2,1
2022-03-03 00:00:00,0,0,0
2022-03-03 01:00:00,0,0,0
2022-03-03 02:00:00,0,0,0
2022-03-03 03:00:00,0,0,0
2022-03-03 04:00:00,2,1,1
2022-03-03 05:00:00,4,2,2
2022-03-03 06:00:00,8,4,4
2022-03-03 07:00:00,33,17,16
2022-03-03 08:00:00,29,15,14
2022-03-03 09:00:00,21,11,10
2022-03-03 10:00:00,8,4,4
2022-03-03 11:00:00,23,12,11
2022-03-03 12:00:00,13,7,6
2022-03-03 13:00:00,24,12,12
2022-03-03 14:00:00,46,23,23
2022-03-03 15:00:00,41,21,20
2022-03-03 16:00:00,70,35,35
2022-03-03 17:00:00,77,39,38
2022-03-03 18:00:00,37,19,18
2022-03-03 19:00:00,12,6,6
2022-03-03 20:00:00,5,3,2
2022-03-03 21:00:00,4,2,2
2022-03-03 22:00:00,2,1,1
2022-03-03 23:00:00,1,1,0
2022-03-04 00:00:00,0,0,0
2022-03-04 01:00:00,0,0,0
2022-03-04 02:00:00,0,0,0
2022-03-04 03:00:00,0,0,0
2022-03-04 04:00:00,0,0,0
2022-03-04 05:00:00,4,2,2
2022-03-04 06:00:00,11,6,5
2022-03-04 07:00:00,25,13,12
2022-03-04 08:00:00,30,15,15
2022-03-04 09:00:00,28,14,14
2022-03-04 10:00:00,27,14,13
2022-03-04 11:00:00,27,14,13
2022-03-04 12:00:00,33,17,16
2022-03-04 13:00:00,26,13,13
2022-03-04 14:00:00,41,21,20
2022-03-04 15:00:00,48,24,24
2022-03-04 16:00:00,63,32,31
2022-03-04 17:00:00,58,29,29
2022-03-04 18:00:00,34,17,17
2022-03-04 19:00:00,11,6,5
2022-03-04 20:00:00,4,2,2
2022-03-04 21:00:00,4,2,2
2022-03-04 22:00:00,1,1,0
2022-03-04 23:00:00,1,1,0
2022-03-05 00:00:00,0,0,0
2022-03-05 01:00:00,0,0,0
2022-03-05 02:00:00,0,0,0
2022-03-05 03:00:00,0,0,0
2022-03-05 04:00:00,0,0,0
2022-03-05 05:00:00,1,1,0
2022-03-05 06:00:00,7,4,3
2022-03-05 07:00:00,18,9,9
2022-03-05 08:00:00,50,25,25
2022-03-05 09:00:00,57,29,28
2022-03-05 10:00:00,93,47,46
2022-03-05 11:00:00,136,68,68
2022-03-05 12:00:00,125,63,62
2022-03-05 13:00:00,167,84,83
2022-03-05 14:00:00,173,87,86
2022-03-05 15:00:00,180,90,90
2022-03-05 16:00:00,116,58,58
2022-03-05 17:00:00,66,33,33
2022-03-05 18:00:00,32,16,16
2022-03-05 19:00:00,4,2,2
2022-03-05 20:00:00,5,3,2
2022-03-05 21:00:00,0,0,0
2022-03-05 22:00:00,0,0,0
2022-03-05 23:00:00,0,0,0
2022-03-06 00:00:00,0,0,0
2022-03-06 01:00:00,0,0,0
2022-03-06 02:00:00,0,0,0
2022-03-06 03:00:00,0,0,0
2022-03-06 04:00:00,0,0,0
2022-03-06 05:00:00,0,0,0
2022-03-06 06:00:00,1,1,0
2022-03-06 07:00:00,13,7,6
2022-03-06 08:00:00,36,18,18
2022-03-06 09:00:00,56,28,28
2022-03-06 10:00:00,73,37,36
2022-03-06 11:00:00,131,66,65
2022-03-06 12:00:00,91,46,45
2022-03-06 13:00:00,121,61,60
2022-03-06 14:00:00,201,101,100
2022-03-06 15:00:00,207,104,103
2022-03-06 16:00:00,185,93,92
2022-03-06 17:00:00,92,46,46
2022-03-06 18:00:00,33,17,16
2022-03-06 19:00:00,6,3,3
2022-03-06 20:00:00,1,1,0
2022-03-06 21:00:00,3,2,1
2022-03-06 22:00:00,1,1,0
2022-03-06 23:00:00,0,0,0
2022-03-07 00:00:00,0,0,0
2022-03-07 01:00:00,0,0,0
2022-03-07 02:00:00,0,0,0
2022-03-07 03:00:00,1,1,0
2022-03-07 04:00:00,1,1,0
2022-03-07 05:00:00,4,2,2
2022-03-07 06:00:00,12,6,6
2022-03-07 07:00:00,33,17,16
2022-03-07 08:00:00,32,16,16
2022-03-07 09:00:00,32,16,16
2022-03-07 10:00:00,45,23,22
2022-03-07 11:00:00,34,17,17
2022-03-07 12:00:00,37,19,18
2022-03-07 13:00:00,33,17,16
2022-03-07 14:00:00,38,19,19
2022-03-07 15:00:00,48,24,24
2022-03-07 16:00:00,74,37,37
2022-03-07 17:00:00,75,38,37
2022-03-07 18:00:00,36,18,18
2022-03-07 19:00:00,12,6,6
2022-03-07 20:00:00,2,1,1
2022-03-07 21:00:00,1,1,0
2022-03-07 22:00:00,3,2,1
2022-03-07 23:00:00,2,1,1
2022-03-08 00:00:00,0,0,0
2022-03-08 01:00:00,0,0,0
2022-03-08 02:00:00,0,0,0
2022-03-08 03:00:00,0,0,0
2022-03-08 04:00:00,3,2,1
2022-03-08 05:00:00,6,3,3
2022-03-08 06:00:00,11,6,5
2022-03-08 07:00:00,22,11,11
2022-03-08 08:00:00,32,16,16
2022-03-08 09:00:00,17,9,8
2022-03-08 10:00:00,5,3,2
2022-03-08 11:00:00,7,4,3
2022-03-08 12:00:00,12,6,6
2022-03-08 13:00:00,14,7,7
2022-03-08 14:00:00,10,5,5
2022-03-08 15:00:00,39,20,19
2022-03-08 16:00:00,58,29,29
2022-03-08 17:00:00,63,32,31
2022-03-08 18:00:00,23,12,11
2022-03-08 19:00:00,15,8,7
2022-03-08 20:00:00,5,3,2
2022-03-08 21:00:00,3,2,1
2022-03-08 22:00:00,2,1,1
2022-03-08 23:00:00,0,0,0
2022-03-09 00:00:00,0,0,0
2022-03-09 01:00:00,0,0,0
2022-03-09 02:00:00,0,0,0
2022-03-09 03:00:00,0,0,0
2022-03-09 04:00:00,1,1,0
2022-03-09 05:00:00,2,1,1
2022-03-09 06:00:00,12,6,6
2022-03-09 07:00:00,32,16,16
2022-03-09 08:00:00,49,25,24
2022-03-09 09:00:00,29,15,14
2022-03-09 10:00:00,31,16,15
2022-03-09 11:00:00,58,29,29
2022-03-09 12:00:00,53,27,26
2022-03-09 13:00:00,45,23,22
2022-03-09 14:00:00,58,29,29
2022-03-09 15:00:00,71,36,35
2022-03-09 16:00:00,96,48,48
2022-03-09 17:00:00,88,44,44
2022-03-09 18:00:00,53,27,26
2022-03-09 19:00:00,11,6,5
2022-03-09 20:00:00,6,3,3
2022-03-09 21:00:00,2,1,1
2022-03-09 22:00:00,3,2,1
2022-03-09 23:00:00,0,0,0
2022-03-10 00:00:00,0,0,0
2022-03-10 01:00:00,0,0,0
2022-03-10 02:00:00,0,0,0
2022-03-10 03:00:00,1,1,0
2022-03-10 04:00:00,2,1,1
2022-03-10 05:00:00,5,3,2
2022-03-10 06:00:00,14,7,7
2022-03-10 07:00:00,23,12,11
2022-03-10 08:00:00,31,16,15
2022-03-10 09:00:00,30,15,15
2022-03-10 10:00:00,28,14,14
2022-03-10 11:00:00,26,13,13
2022-03-10 12:00:00,36,18,18
2022-03-10 13:00:00,45,23,22
2022-03-10 14:00:00,45,23,22
2022-03-10 15:00:00,45,23,22
2022-03-10 16:00:00,81,41,40
2022-03-10 17:00:00,66,33,33
2022-03-10 18:00:00,28,14,14
2022-03-10 19:00:00,13,7,6
2022-03-10 20:00:00,5,3,2
2022-03-10 21:00:00,5,3,2
2022-03-10 22:00:00,0,0,0
2022-03-10 23:00:00,2,1,1
2022-03-11 00:00:00,0,0,0
2022-03-11 01:00:00,0,0,0
2022-03-11 02:00:00,0,0,0
2022-03-11 03:00:00,0,0,0
2022-03-11 04:00:00,0,0,0
2022-03-11 05:00:00,2,1,1
2022-03-11 06:00:00,14,7,7
2022-03-11 07:00:00,30,15,15
2022-03-11 08:00:00,42,21,21
2022-03-11 09:00:00,29,15,14
2022-03-11 10:00:00,41,21,20
2022-03-11 11:00:00,41,21,20
2022-03-11 12:00:00,39,20,19
2022-03-11 13:00:00,33,17,16
2022-03-11 14:00:00,48,24,24
2022-03-11 15:00:00,55,28,27
2022-03-11 16:00:00,64,32,32
2022-03-11 17:00:00,64,32,32
2022-03-11 18:00:00,35,18,17
2022-03-11 19:00:00,9,5,4
2022-03-11 20:00:00,5,3,2
2022-03-11 21:00:00,3,2,1
2022-03-11 22:00:00,2,1,1
2022-03-11 23:00:00,3,2,1
2022-03-12 00:00:00,2,1,1
2022-03-12 01:00:00,0,0,0
2022-03-12 02:00:00,0,0,0
2022-03-12 03:00:00,0,0,0
2022-03-12 04:00:00,0,0,0
2022-03-12 05:00:00,0,0,0
2022-03-12 06:00:00,3,2,1
2022-03-12 07:00:00,13,7,6
2022-03-12 08:00:00,61,31,30
2022-03-12 09:00:00,78,39,39
2022-03-12 10:00:00,160,80,80
2022-03-12 11:00:00,189,95,94
2022-03-12 12:00:00,179,90,89
2022-03-12 13:00:00,188,94,94
2022-03-12 14:00:00,181,91,90
2022-03-12 15:00:00,96,48,48
2022-03-12 16:00:00,31,16,15
2022-03-12 17:00:00,11,6,5
2022-03-12 18:00:00,4,2,2
2022-03-12 19:00:00,6,3,3
2022-03-12 20:00:00,1,1,0
2022-03-12 21:00:00,0,0,0
2022-03-12 22:00:00,2,1,1
2022-03-12 23:00:00,0,0,0
2022-03-13 00:00:00,0,0,0
2022-03-13 01:00:00,0,0,0
2022-03-13 02:00:00,0,0,0
2022-03-13 03:00:00,0,0,0
2022-03-13 04:00:00,0,0,0
2022-03-13 05:00:00,0,0,0
2022-03-13 06:00:00,0,0,0
2022-03-13 07:00:00,3,2,1
2022-03-13 08:00:00,25,13,12
2022-03-13 09:00:00,39,20,19
2022-03-13 10:00:00,69,35,34
2022-03-13 11:00:00,102,51,51
2022-03-13 12:00:00,148,74,74
2022-03-13 13:00:00,143,72,71
2022-03-13 14:00:00,159,80,79
2022-03-13 15:00:00,79,40,39
2022-03-13 16:00:00,48,24,24
2022-03-13 17:00:00,42,21,21
2022-03-13 18:00:00,17,9,8
2022-03-13 19:00:00,3,2,1
2022-03-13 20:00:00,2,1,1
2022-03-13 21:00:00,0,0,0
2022-03-13 22:00:00,0,0,0
2022-03-13 23:00:00,0,0,0
2022-03-14 00:00:00,0,0,0
2022-03-14 01:00:00,0,0,0
2022-03-14 02:00:00,0,0,0
2022-03-14 03:00:00,1,1,0
2022-03-14 04:00:00,1,1,0
2022-03-14 05:00:00,5,3,2
2022-03-14 06:00:00,11,6,5
2022-03-14 07:00:00,19,10,9
2022-03-14 08:00:00,29,15,14
2022-03-14 09:00:00,17,9,8
2022-03-14 10:00:00,17,9,8
2022-03-14 11:00:00,12,6,6
2022-03-14 12:00:00,15,8,7
2022-03-14 13:00:00,8,4,4
2022-03-14 14:00:00,6,3,3
2022-03-14 15:00:00,7,4,3
2022-03-14 16:00:00,19,10,9
2022-03-14 17:00:00,24,12,12
2022-03-14 18:00:00,18,9,9
2022-03-14 19:00:00,6,3,3
2022-03-14 20:00:00,2,1,1
2022-03-14 21:00:00,1,1,0
2022-03-14 22:00:00,0,0,0
2022-03-14 23:00:00,0,0,0
2022-03-15 00:00:00,0,0,0
2022-03-15 01:00:00,0,0,0
2022-03-15 02:00:00,0,0,0
2022-03-15 03:00:00,1,1,0
2022-03-15 04:00:00,1,1,0
2022-03-15 05:00:00,9,5,4
2022-03-15 06:00:00,16,8,8
2022-03-15 07:00:00,19,10,9
2022-03-15 08:00:00,25,13,12
2022-03-15 09:00:00,22,11,11
2022-03-15 10:00:00,17,9,8
2022-03-15 11:00:00,27,14,13
2022-03-15 12:00:00,15,8,7
2022-03-15 13:00:00,29,15,14
2022-03-15 14:00:00,29,15,14
2022-03-15 15:00:00,37,19,18
2022-03-15 16:00:00,47,24,23
2022-03-15 17:00:00,78,39,39
2022-03-15 18:00:00,64,32,32
2022-03-15 19:00:00,21,11,10
2022-03-15 20:00:00,7,4,3
2022-03-15 21:00:00,4,2,2
2022-03-15 22:00:00,2,1,1
2022-03-15 23:00:00,1,1,0
2022-03-16 00:00:00,0,0,0
2022-03-16 01:00:00,0,0,0
2022-03-16 02:00:00,0,0,0
2022-03-16 03:00:00,0,0,0
2022-03-16 04:00:00,0,0,0
2022-03-16 05:00:00,0,0,0
2022-03-16 06:00:00,0,0,0
2022-03-16 07:00:00,0,0,0
2022-03-16 08:00:00,0,0,0
2022-03-16 09:00:00,0,0,0
2022-03-16 10:00:00,25,13,12
2022-03-16 11:00:00,26,13,13
2022-03-16 12:00:00,44,22,22
2022-03-16 13:00:00,49,25,24
2022-03-16 14:00:00,59,30,29
2022-03-16 15:00:00,81,41,40
2022-03-16 16:00:00,122,61,61
2022-03-16 17:00:00,107,54,53
2022-03-16 18:00:00,34,17,17
2022-03-16 19:00:00,12,6,6
2022-03-16 20:00:00,4,2,2
2022-03-16 21:00:00,0,0,0
2022-03-16 22:00:00,0,0,0
2022-03-16 23:00:00,1,1,0
2022-03-17 00:00:00,2,1,1
2022-03-17 01:00:00,2,1,1
2022-03-17 02:00:00,0,0,0
2022-03-17 03:00:00,0,0,0
2022-03-17 04:00:00,0,0,0
2022-03-17 05:00:00,10,5,5
2022-03-17 06:00:00,18,9,9
2022-03-17 07:00:00,22,11,11
2022-03-17 08:00:00,25,13,12
2022-03-17 09:00:00,27,14,13
2022-03-17 10:00:00,23,12,11
2022-03-17 11:00:00,20,10,10
2022-03-17 12:00:00,27,14,13
2022-03-17 13:00:00,30,15,15
2022-03-17 14:00:00,21,11,10
2022-03-17 15:00:00,8,4,4
2022-03-17 16:00:00,20,10,10
2022-03-17 17:00:00,39,20,19
2022-03-17 18:00:00,32,16,16
2022-03-17 19:00:00,10,5,5
2022-03-17 20:00:00,7,4,3
2022-03-17 21:00:00,4,2,2
2022-03-17 22:00:00,0,0,0
2022-03-17 23:00:00,0,0,0
2022-03-18 00:00:00,0,0,0
2022-03-18 01:00:00,0,0,0
2022-03-18 02:00:00,1,1,0
2022-03-18 03:00:00,0,0,0
2022-03-18 04:00:00,1,1,0
2022-03-18 05:00:00,3,2,1
2022-03-18 06:00:00,16,8,8
2022-03-18 07:00:00,25,13,12
2022-03-18 08:00:00,33,17,16
2022-03-18 09:00:00,34,17,17
2022-03-18 10:00:00,31,16,15
2022-03-18 11:00:00,50,25,25
2022-03-18 12:00:00,44,22,22
2022-03-18 13:00:00,33,17,16
2022-03-18 14:00:00,58,29,29
2022-03-18 15:00:00,63,32,31
2022-03-18 16:00:00,79,40,39
2022-03-18 17:00:00,72,36,36
2022-03-18 18:00:00,44,22,22
2022-03-18 19:00:00,18,9,9
2022-03-18 20:00:00,5,3,2
2022-03-18 21:00:00,2,1,1
2022-03-18 22:00:00,0,0,0
2022-03-18 23:00:00,2,1,1
2022-03-19 00:00:00,0,0,0
2022-03-19 01:00:00,0,0,0
2022-03-19 02:00:00,0,0,0
2022-03-19 03:00:00,0,0,0
2022-03-19 04:00:00,0,0,0
2022-03-19 05:00:00,0,0,0
2022-03-19 06:00:00,2,1,1
2022-03-19 07:00:00,11,6,5
2022-03-19 08:00:00,24,12,12
2022-03-19 09:00:00,30,15,15
2022-03-19 10:00:00,36,18,18
2022-03-19 11:00:00,43,22,21
2022-03-19 12:00:00,38,19,19
2022-03-19 13:00:00,42,21,21
2022-03-19 14:00:00,36,18,18
2022-03-19 15:00:00,30,15,15
2022-03-19 16:00:00,16,8,8
2022-03-19 17:00:00,18,9,9
2022-03-19 18:00:00,8,4,4
2022-03-19 19:00:00,1,1,0
2022-03-19 20:00:00,1,1,0
2022-03-19 21:00:00,1,1,0
2022-03-19 22:00:00,1,1,0
2022-03-19 23:00:00,0,0,0
2022-03-20 00:00:00,0,0,0
2022-03-20 01:00:00,1,1,0
2022-03-20 02:00:00,0,0,0
2022-03-20 03:00:00,0,0,0
2022-03-20 04:00:00,0,0,0
2022-03-20 05:00:00,0,0,0
2022-03-20 06:00:00,1,1,0
2022-03-20 07:00:00,8,4,4
2022-03-20 08:00:00,27,14,13
2022-03-20 09:00:00,60,30,30
2022-03-20 10:00:00,85,43,42
2022-03-20 11:00:00,107,54,53
2022-03-20 12:00:00,109,55,54
2022-03-20 13:00:00,88,44,44
2022-03-20 14:00:00,73,37,36
2022-03-20 15:00:00,41,21,20
2022-03-20 16:00:00,13,7,6
2022-03-20 17:00:00,9,5,4
2022-03-20 18:00:00,9,5,4
2022-03-20 19:00:00,3,2,1
2022-03-20 20:00:00,1,1,0
2022-03-20 21:00:00,1,1,0
2022-03-20 22:00:00,0,0,0
2022-03-20 23:00:00,0,0,0
2022-03-21 00:00:00,0,0,0
2022-03-21 01:00:00,0,0,0
2022-03-21 02:00:00,0,0,0
2022-03-21 03:00:00,0,0,0
2022-03-21 04:00:00,0,0,0
2022-03-21 05:00:00,4,2,2
2022-03-21 06:00:00,12,6,6
2022-03-21 07:00:00,12,6,6
2022-03-21 08:00:00,17,9,8
2022-03-21 09:00:00,9,5,4
2022-03-21 10:00:00,6,3,3
2022-03-21 11:00:00,6,3,3
2022-03-21 12:00:00,8,4,4
2022-03-21 13:00:00,5,3,2
2022-03-21 14:00:00,17,9,8
2022-03-21 15:00:00,21,11,10
2022-03-21 16:00:00,33,17,16
2022-03-21 17:00:00,42,21,21
2022-03-21 18:00:00,24,12,12
2022-03-21 19:00:00,10,5,5
2022-03-21 20:00:00,1,1,0
2022-03-21 21:00:00,0,0,0
2022-03-21 22:00:00,1,1,0
2022-03-21 23:00:00,0,0,0
2022-03-22 00:00:00,0,0,0
2022-03-22 01:00:00,0,0,0
2022-03-22 02:00:00,0,0,0
2022-03-22 03:00:00,0,0,0
2022-03-22 04:00:00,1,1,0
2022-03-22 05:00:00,6,3,3
2022-03-22 06:00:00,15,8,7
2022-03-22 07:00:00,27,14,13
2022-03-22 08:00:00,44,22,22
2022-03-22 09:00:00,39,20,19
2022-03-22 10:00:00,21,11,10
2022-03-22 11:00:00,48,24,24
2022-03-22 12:00:00,47,24,23
2022-03-22 13:00:00,57,29,28
2022-03-22 14:00:00,83,42,41
2022-03-22 15:00:00,108,54,54
2022-03-22 16:00:00,179,90,89
2022-03-22 17:00:00,183,92,91
2022-03-22 18:00:00,167,84,83
2022-03-22 19:00:00,61,31,30
2022-03-22 20:00:00,10,5,5
2022-03-22 21:00:00,5,3,2
2022-03-22 22:00:00,3,2,1
2022-03-22 23:00:00,0,0,0
2022-03-23 00:00:00,1,1,0
2022-03-23 01:00:00,0,0,0
2022-03-23 02:00:00,0,0,0
2022-03-23 03:00:00,0,0,0
2022-03-23 04:00:00,0,0,0
2022-03-23 05:00:00,5,3,2
2022-03-23 06:00:00,14,7,7
2022-03-23 07:00:00,26,13,13
2022-03-23 08:00:00,31,16,15
2022-03-23 09:00:00,29,15,14
2022-03-23 10:00:00,25,13,12
2022-03-23 11:00:00,31,16,15
2022-03-23 12:00:00,31,16,15
2022-03-23 13:00:00,17,9,8
2022-03-23 14:00:00,17,9,8
2022-03-23 15:00:00,15,8,7
2022-03-23 16:00:00,25,13,12
2022-03-23 17:00:00,42,21,21
2022-03-23 18:00:00,26,13,13
2022-03-23 19:00:00,3,2,1
2022-03-23 20:00:00,3,2,1
2022-03-23 21:00:00,0,0,0
2022-03-23 22:00:00,0,0,0
2022-03-23 23:00:00,0,0,0
2022-03-24 00:00:00,0,0,0
2022-03-24 01:00:00,2,1,1
2022-03-24 02:00:00,0,0,0
2022-03-24 03:00:00,0,0,0
2022-03-24 04:00:00,0,0,0
2022-03-24 05:00:00,6,3,3
2022-03-24 06:00:00,17,9,8
2022-03-24 07:00:00,27,14,13
2022-03-24 08:00:00,45,23,22
2022-03-24 09:00:00,36,18,18
2022-03-24 10:00:00,26,13,13
2022-03-24 11:00:00,53,27,26
2022-03-24 12:00:00,40,20,20
2022-03-24 13:00:00,46,23,23
2022-03-24 14:00:00,67,34,33
2022-03-24 15:00:00,84,42,42
2022-03-24 16:00:00,109,55,54
2022-03-24 17:00:00,136,68,68
2022-03-24 18:00:00,83,42,41
2022-03-24 19:00:00,34,17,17
2022-03-24 20:00:00,10,5,5
2022-03-24 21:00:00,3,2,1
2022-03-24 22:00:00,4,2,2
2022-03-24 23:00:00,0,0,0
2022-03-25 00:00:00,0,0,0
2022-03-25 01:00:00,0,0,0
2022-03-25 02:00:00,0,0,0
2022-03-25 03:00:00,0,0,0
2022-03-25 04:00:00,2,1,1
2022-03-25 05:00:00,11,6,5
2022-03-25 06:00:00,14,7,7
2022-03-25 07:00:00,28,14,14
2022-03-25 08:00:00,44,22,22
2022-03-25 09:00:00,42,21,21
2022-03-25 10:00:00,38,19,19
2022-03-25 11:00:00,50,25,25
2022-03-25 12:00:00,49,25,24
2022-03-25 13:00:00,65,33,32
2022-03-25 14:00:00,76,38,38
2022-03-25 15:00:00,109,55,54
2022-03-25 16:00:00,91,46,45
2022-03-25 17:00:00,113,57,56
2022-03-25 18:00:00,70,35,35
2022-03-25 19:00:00,31,16,15
2022-03-25 20:00:00,8,4,4
2022-03-25 21:00:00,1,1,0
2022-03-25 22:00:00,1,1,0
2022-03-25 23:00:00,3,2,1
2022-03-26 00:00:00,0,0,0
2022-03-26 01:00:00,1,1,0
2022-03-26 02:00:00,0,0,0
2022-03-26 03:00:00,0,0,0
2022-03-26 04:00:00,3,2,1
2022-03-26 05:00:00,0,0,0
2022-03-26 06:00:00,6,3,3
2022-03-26 07:00:00,10,5,5
2022-03-26 08:00:00,12,6,6
2022-03-26 09:00:00,52,26,26
2022-03-26 10:00:00,69,35,34
2022-03-26 11:00:00,97,49,48
2022-03-26 12:00:00,120,60,60
2022-03-26 13:00:00,162,81,81
2022-03-26 14:00:00,134,67,67
2022-03-26 15:00:00,108,54,54
2022-03-26 16:00:00,66,33,33
2022-03-26 17:00:00,40,20,20
2022-03-26 18:00:00,26,13,13
2022-03-26 19:00:00,15,8,7
2022-03-26 20:00:00,5,3,2
2022-03-26 21:00:00,6,3,3
2022-03-26 22:00:00,2,1,1
2022-03-26 23:00:00,0,0,0
2022-03-27 00:00:00,3,2,1
2022-03-27 01:00:00,0,0,0
2022-03-27 02:00:00,0,0,0
2022-03-27 03:00:00,0,0,0
2022-03-27 04:00:00,0,0,0
2022-03-27 05:00:00,0,0,0
2022-03-27 06:00:00,4,2,2
2022-03-27 07:00:00,13,7,6
2022-03-27 08:00:00,45,23,22
2022-03-27 09:00:00,86,43,43
2022-03-27 10:00:00,103,52,51
2022-03-27 11:00:00,203,102,101
2022-03-27 12:00:00,196,98,98
2022-03-27 13:00:00,214,107,107
2022-03-27 14:00:00,266,133,133
2022-03-27 15:00:00,224,112,112
2022-03-27 16:00:00,241,121,120
2022-03-27 17:00:00,130,65,65
2022-03-27 18:00:00,79,40,39
2022-03-27 19:00:00,30,15,15
2022-03-27 20:00:00,5,3,2
2022-03-27 21:00:00,2,1,1
2022-03-27 22:00:00,0,0,0
2022-03-27 23:00:00,1,1,0
2022-03-28 00:00:00,0,0,0
2022-03-28 01:00:00,0,0,0
2022-03-28 02:00:00,0,0,0
2022-03-28 03:00:00,0,0,0
2022-03-28 04:00:00,2,1,1
2022-03-28 05:00:00,3,2,1
2022-03-28 06:00:00,22,11,11
2022-03-28 07:00:00,38,19,19
2022-03-28 08:00:00,38,19,19
2022-03-28 09:00:00,35,18,17
2022-03-28 10:00:00,33,17,16
2022-03-28 11:00:00,28,14,14
2022-03-28 12:00:00,21,11,10
2022-03-28 13:00:00,19,10,9
2022-03-28 14:00:00,25,13,12
2022-03-28 15:00:00,21,11,10
2022-03-28 16:00:00,41,21,20
2022-03-28 17:00:00,78,39,39
2022-03-28 18:00:00,62,31,31
2022-03-28 19:00:00,24,12,12
2022-03-28 20:00:00,5,3,2
2022-03-28 21:00:00,1,1,0
2022-03-28 22:00:00,1,1,0
2022-03-28 23:00:00,1,1,0
2022-03-29 00:00:00,1,1,0
2022-03-29 01:00:00,0,0,0
2022-03-29 02:00:00,0,0,0
2022-03-29 03:00:00,0,0,0
2022-03-29 04:00:00,1,1,0
2022-03-29 05:00:00,9,5,4
2022-03-29 06:00:00,21,11,10
2022-03-29 07:00:00,44,22,22
2022-03-29 08:00:00,44,22,22
2022-03-29 09:00:00,34,17,17
2022-03-29 10:00:00,39,20,19
2022-03-29 11:00:00,55,28,27
2022-03-29 12:00:00,68,34,34
2022-03-29 13:00:00,69,35,34
2022-03-29 14:00:00,87,44,43
2022-03-29 15:00:00,94,47,47
2022-03-29 16:00:00,128,64,64
2022-03-29 17:00:00,175,88,87
2022-03-29 18:00:00,101,51,50
2022-03-29 19:00:00,33,17,16
2022-03-29 20:00:00,9,5,4
2022-03-29 21:00:00,8,4,4
2022-03-29 22:00:00,1,1,0
2022-03-29 23:00:00,0,0,0
2022-03-30 00:00:00,0,0,0
2022-03-30 01:00:00,0,0,0
2022-03-30 02:00:00,0,0,0
2022-03-30 03:00:00,0,0,0
2022-03-30 04:00:00,3,2,1
2022-03-30 05:00:00,4,2,2
2022-03-30 06:00:00,16,8,8
2022-03-30 07:00:00,33,17,16
2022-03-30 08:00:00,35,18,17
2022-03-30 09:00:00,29,15,14
2022-03-30 10:00:00,19,10,9
2022-03-30 11:00:00,18,9,9
2022-03-30 12:00:00,20,10,10
2022-03-30 13:00:00,24,12,12
2022-03-30 14:00:00,19,10,9
2022-03-30 15:00:00,21,11,10
2022-03-30 16:00:00,45,23,22
2022-03-30 17:00:00,47,24,23
2022-03-30 18:00:00,23,12,11
2022-03-30 19:00:00,12,6,6
2022-03-30 20:00:00,4,2,2
2022-03-30 21:00:00,1,1,0
2022-03-30 22:00:00,0,0,0
2022-03-30 23:00:00,1,1,0
2022-03-31 00:00:00,1,1,0
2022-03-31 01:00:00,0,0,0
2022-03-31 02:00:00,0,0,0
2022-03-31 03:00:00,2,1,1
2022-03-31 04:00:00,2,1,1
2022-03-31 05:00:00,6,3,3
2022-03-31 06:00:00,14,7,7
2022-03-31 07:00:00,37,19,18
2022-03-31 08:00:00,39,20,19
2022-03-31 09:00:00,44,22,22
2022-03-31 10:00:00,36,18,18
2022-03-31 11:00:00,47,24,23
2022-03-31 12:00:00,37,19,18
2022-03-31 13:00:00,47,24,23
2022-03-31 14:00:00,61,31,30
2022-03-31 15:00:00,96,48,48
2022-03-31 16:00:00,108,54,54
2022-03-31 17:00:00,119,60,59
2022-03-31 18:00:00,92,46,46
2022-03-31 19:00:00,36,18,18
2022-03-31 20:00:00,18,9,9
2022-03-31 21:00:00,3,2,1
2022-03-31 22:00:00,1,1,0
2022-03-31 23:00:00,0,0,0
2022-04-01 00:00:00,0,0,0
2022-04-01 01:00:00,0,0,0
2022-04-01 02:00:00,0,0,0
2022-04-01 03:00:00,1,1,0
2022-04-01 04:00:00,1,1,0
2022-04-01 05:00:00,6,3,3
2022-04-01 06:00:00,15,8,7
2022-04-01 07:00:00,33,17,16
2022-04-01 08:00:00,55,28,27
2022-04-01 09:00:00,56,28,28
2022-04-01 10:00:00,43,22,21
2022-04-01 11:00:00,66,33,33
2022-04-01 12:00:00,75,38,37
2022-04-01 13:00:00,52,26,26
2022-04-01 14:00:00,73,37,36
2022-04-01 15:00:00,71,36,35
2022-04-01 16:00:00,83,42,41
2022-04-01 17:00:00,103,52,51
2022-04-01 18:00:00,59,30,29
2022-04-01 19:00:00,33,17,16
2022-04-01 20:00:00,3,2,1
2022-04-01 21:00:00,5,3,2
2022-04-01 22:00:00,0,0,0
2022-04-01 23:00:00,0,0,0
2022-04-02 00:00:00,1,1,0
2022-04-02 01:00:00,0,0,0
2022-04-02 02:00:00,0,0,0
2022-04-02 03:00:00,0,0,0
2022-04-02 04:00:00,0,0,0
2022-04-02 05:00:00,1,1,0
2022-04-02 06:00:00,4,2,2
2022-04-02 07:00:00,24,12,12
2022-04-02 08:00:00,36,18,18
2022-04-02 09:00:00,93,47,46
2022-04-02 10:00:00,111,56,55
2022-04-02 11:00:00,159,80,79
2022-04-02 12:00:00,197,99,98
2022-04-02 13:00:00,233,117,116
2022-04-02 14:00:00,248,124,124
2022-04-02 15:00:00,209,105,104
2022-04-02 16:00:00,144,72,72
2022-04-02 17:00:00,142,71,71
2022-04-02 18:00:00,81,41,40
2022-04-02 19:00:00,43,22,21
2022-04-02 20:00:00,7,4,3
2022-04-02 21:00:00,5,3,2
2022-04-02 22:00:00,0,0,0
2022-04-02 23:00:00,0,0,0
2022-04-03 00:00:00,0,0,0
2022-04-03 01:00:00,0,0,0
2022-04-03 02:00:00,0,0,0
2022-04-03 03:00:00,0,0,0
2022-04-03 04:00:00,1,1,0
2022-04-03 05:00:00,2,1,1
2022-04-03 06:00:00,4,2,2
2022-04-03 07:00:00,9,5,4
2022-04-03 08:00:00,24,12,12
2022-04-03 09:00:00,44,22,22
2022-04-03 10:00:00,71,36,35
2022-04-03 11:00:00,69,35,34
2022-04-03 12:00:00,55,28,27
2022-04-03 13:00:00,35,18,17
2022-04-03 14:00:00,21,11,10
2022-04-03 15:00:00,13,7,6
2022-04-03 16:00:00,16,8,8
2022-04-03 17:00:00,10,5,5
2022-04-03 18:00:00,12,6,6
2022-04-03 19:00:00,4,2,2
2022-04-03 20:00:00,0,0,0
2022-04-03 21:00:00,1,1,0
2022-04-03 22:00:00,0,0,0
2022-04-03 23:00:00,0,0,0
2022-04-04 00:00:00,0,0,0
2022-04-04 01:00:00,0,0,0
2022-04-04 02:00:00,0,0,0
2022-04-04 03:00:00,1,1,0
2022-04-04 04:00:00,2,1,1
2022-04-04 05:00:00,4,2,2
2022-04-04 06:00:00,10,5,5
2022-04-04 07:00:00,18,9,9
2022-04-04 08:00:00,27,14,13
2022-04-04 09:00:00,17,9,8
2022-04-04 10:00:00,14,7,7
2022-04-04 11:00:00,9,5,4
2022-04-04 12:00:00,16,8,8
2022-04-04 13:00:00,19,10,9
2022-04-04 14:00:00,20,10,10
2022-04-04 15:00:00,16,8,8
2022-04-04 16:00:00,26,13,13
2022-04-04 17:00:00,44,22,22
2022-04-04 18:00:00,34,17,17
2022-04-04 19:00:00,14,7,7
2022-04-04 20:00:00,3,2,1
2022-04-04 21:00:00,3,2,1
2022-04-04 22:00:00,0,0,0
2022-04-04 23:00:00,0,0,0
2022-04-05 00:00:00,2,1,1
2022-04-05 01:00:00,0,0,0
2022-04-05 02:00:00,1,1,0
2022-04-05 03:00:00,1,1,0
2022-04-05 04:00:00,1,1,0
2022-04-05 05:00:00,8,4,4
2022-04-05 06:00:00,15,8,7
2022-04-05 07:00:00,35,18,17
2022-04-05 08:00:00,33,17,16
2022-04-05 09:00:00,29,15,14
2022-04-05 10:00:00,45,23,22
2022-04-05 11:00:00,38,19,19
2022-04-05 12:00:00,52,26,26
2022-04-05 13:00:00,63,32,31
2022-04-05 14:00:00,43,22,21
2022-04-05 15:00:00,57,29,28
2022-04-05 16:00:00,65,33,32
2022-04-05 17:00:00,99,50,49
2022-04-05 18:00:00,59,30,29
2022-04-05 19:00:00,34,17,17
2022-04-05 20:00:00,6,3,3
2022-04-05 21:00:00,7,4,3
2022-04-05 22:00:00,0,0,0
2022-04-05 23:00:00,0,0,0
2022-04-06 00:00:00,0,0,0
2022-04-06 01:00:00,0,0,0
2022-04-06 02:00:00,0,0,0
2022-04-06 03:00:00,0,0,0
2022-04-06 04:00:00,1,1,0
2022-04-06 05:00:00,5,3,2
2022-04-06 06:00:00,18,9,9
2022-04-06 07:00:00,36,18,18
2022-04-06 08:00:00,39,20,19
2022-04-06 09:00:00,47,24,23
2022-04-06 10:00:00,36,18,18
2022-04-06 11:00:00,39,20,19
2022-04-06 12:00:00,54,27,27
2022-04-06 13:00:00,67,34,33
2022-04-06 14:00:00,105,53,52
2022-04-06 15:00:00,91,46,45
2022-04-06 16:00:00,107,54,53
2022-04-06 17:00:00,143,72,71
2022-04-06 18:00:00,89,45,44
2022-04-06 19:00:00,51,26,25
2022-04-06 20:00:00,9,5,4
2022-04-06 21:00:00,5,3,2
2022-04-06 22:00:00,0,0,0
2022-04-06 23:00:00,0,0,0
2022-04-07 00:00:00,1,1,0
2022-04-07 01:00:00,0,0,0
2022-04-07 02:00:00,0,0,0
2022-04-07 03:00:00,0,0,0
2022-04-07 04:00:00,1,1,0
2022-04-07 05:00:00,12,6,6
2022-04-07 06:00:00,24,12,12
2022-04-07 07:00:00,57,29,28
2022-04-07 08:00:00,53,27,26
2022-04-07 09:00:00,54,27,27
2022-04-07 10:00:00,50,25,25
2022-04-07 11:00:00,73,37,36
2022-04-07 12:00:00,119,60,59
2022-04-07 13:00:00,114,57,57
2022-04-07 14:00:00,137,69,68
2022-04-07 15:00:00,176,88,88
2022-04-07 16:00:00,216,108,108
2022-04-07 17:00:00,234,117,117
2022-04-07 18:00:00,175,88,87
2022-04-07 19:00:00,85,43,42
2022-04-07 20:00:00,28,14,14
2022-04-07 21:00:00,3,2,1
2022-04-07 22:00:00,1,1,0
2022-04-07 23:00:00,1,1,0
2022-04-08 00:00:00,0,0,0
2022-04-08 01:00:00,0,0,0
2022-04-08 02:00:00,0,0,0
2022-04-08 03:00:00,2,1,1
2022-04-08 04:00:00,0,0,0
2022-04-08 05:00:00,5,3,2
2022-04-08 06:00:00,8,4,4
2022-04-08 07:00:00,21,11,10
2022-04-08 08:00:00,26,13,13
2022-04-08 09:00:00,38,19,19
2022-04-08 10:00:00,17,9,8
2022-04-08 11:00:00,28,14,14
2022-04-08 12:00:00,34,17,17
2022-04-08 13:00:00,51,26,25
2022-04-08 14:00:00,39,20,19
2022-04-08 15:00:00,37,19,18
2022-04-08 16:00:00,38,19,19
2022-04-08 17:00:00,43,22,21
2022-04-08 18:00:00,25,13,12
2022-04-08 19:00:00,11,6,5
2022-04-08 20:00:00,4,2,2
2022-04-08 21:00:00,2,1,1
2022-04-08 22:00:00,1,1,0
2022-04-08 23:00:00,0,0,0
2022-04-09 00:00:00,0,0,0
2022-04-09 01:00:00,0,0,0
2022-04-09 02:00:00,0,0,0
2022-04-09 03:00:00,0,0,0
2022-04-09 04:00:00,0,0,0
2022-04-09 05:00:00,1,1,0
2022-04-09 06:00:00,6,3,3
2022-04-09 07:00:00,24,12,12
2022-04-09 08:00:00,39,20,19
2022-04-09 09:00:00,64,32,32
2022-04-09 10:00:00,84,42,42
2022-04-09 11:00:00,107,54,53
2022-04-09 12:00:00,84,42,42
2022-04-09 13:00:00,104,52,52
2022-04-09 14:00:00,63,32,31
2022-04-09 15:00:00,66,33,33
2022-04-09 16:00:00,66,33,33
2022-04-09 17:00:00,39,20,19
2022-04-09 18:00:00,15,8,7
2022-04-09 19:00:00,11,6,5
2022-04-09 20:00:00,5,3,2
2022-04-09 21:00:00,0,0,0
2022-04-09 22:00:00,0,0,0
2022-04-09 23:00:00,0,0,0
2022-04-10 00:00:00,0,0,0
2022-04-10 01:00:00,0,0,0
2022-04-10 02:00:00,0,0,0
2022-04-10 03:00:00,0,0,0
2022-04-10 04:00:00,0,0,0
2022-04-10 05:00:00,0,0,0
2022-04-10 06:00:00,0,0,0
2022-04-10 07:00:00,11,6,5
2022-04-10 08:00:00,9,5,4
2022-04-10 09:00:00,5,3,2
2022-04-10 10:00:00,13,7,6
2022-04-10 11:00:00,33,17,16
2022-04-10 12:00:00,32,16,16
2022-04-10 13:00:00,44,22,22
2022-04-10 14:00:00,63,32,31
2022-04-10 15:00:00,53,27,26
2022-04-10 16:00:00,47,24,23
2022-04-10 17:00:00,22,11,11
2022-04-10 18:00:00,15,8,7
2022-04-10 19:00:00,0,0,0
2022-04-10 20:00:00,2,1,1
2022-04-10 21:00:00,0,0,0
2022-04-10 22:00:00,0,0,0
2022-04-10 23:00:00,0,0,0
2022-04-11 00:00:00,2,1,1
2022-04-11 01:00:00,0,0,0
2022-04-11 02:00:00,0,0,0
2022-04-11 03:00:00,1,1,0
2022-04-11 04:00:00,2,1,1
2022-04-11 05:00:00,5,3,2
2022-04-11 06:00:00,9,5,4
2022-04-11 07:00:00,26,13,13
2022-04-11 08:00:00,33,17,16
2022-04-11 09:00:00,27,14,13
2022-04-11 10:00:00,45,23,22
2022-04-11 11:00:00,20,10,10
2022-04-11 12:00:00,27,14,13
2022-04-11 13:00:00,28,14,14
2022-04-11 14:00:00,49,25,24
2022-04-11 15:00:00,46,23,23
2022-04-11 16:00:00,74,37,37
2022-04-11 17:00:00,88,44,44
2022-04-11 18:00:00,59,30,29
2022-04-11 19:00:00,49,25,24
2022-04-11 20:00:00,8,4,4
2022-04-11 21:00:00,1,1,0
2022-04-11 22:00:00,1,1,0
2022-04-11 23:00:00,0,0,0
2022-04-12 00:00:00,1,1,0
2022-04-12 01:00:00,0,0,0
2022-04-12 02:00:00,0,0,0
2022-04-12 03:00:00,1,1,0
2022-04-12 04:00:00,3,2,1
2022-04-12 05:00:00,5,3,2
2022-04-12 06:00:00,13,7,6
2022-04-12 07:00:00,36,18,18
2022-04-12 08:00:00,25,13,12
2022-04-12 09:00:00,21,11,10
2022-04-12 10:00:00,13,7,6
2022-04-12 11:00:00,15,8,7
2022-04-12 12:00:00,16,8,8
2022-04-12 13:00:00,24,12,12
2022-04-12 14:00:00,22,11,11
2022-04-12 15:00:00,20,10,10
2022-04-12 16:00:00,30,15,15
2022-04-12 17:00:00,46,23,23
2022-04-12 18:00:00,30,15,15
2022-04-12 19:00:00,25,13,12
2022-04-12 20:00:00,1,1,0
2022-04-12 21:00:00,6,3,3
2022-04-12 22:00:00,1,1,0
2022-04-12 23:00:00,0,0,0
2022-04-13 00:00:00,0,0,0
2022-04-13 01:00:00,0,0,0
2022-04-13 02:00:00,0,0,0
2022-04-13 03:00:00,1,1,0
2022-04-13 04:00:00,2,1,1
2022-04-13 05:00:00,2,1,1
2022-04-13 06:00:00,16,8,8
2022-04-13 07:00:00,33,17,16
2022-04-13 08:00:00,32,16,16
2022-04-13 09:00:00,22,11,11
2022-04-13 10:00:00,30,15,15
2022-04-13 11:00:00,24,12,12
2022-04-13 12:00:00,21,11,10
2022-04-13 13:00:00,26,13,13
2022-04-13 14:00:00,41,21,20
2022-04-13 15:00:00,46,23,23
2022-04-13 16:00:00,65,33,32
2022-04-13 17:00:00,87,44,43
2022-04-13 18:00:00,42,21,21
2022-04-13 19:00:00,27,14,13
2022-04-13 20:00:00,9,5,4
2022-04-13 21:00:00,2,1,1
2022-04-13 22:00:00,0,0,0
2022-04-13 23:00:00,0,0,0
2022-04-14 00:00:00,1,1,0
2022-04-14 01:00:00,0,0,0
2022-04-14 02:00:00,0,0,0
2022-04-14 03:00:00,0,0,0
2022-04-14 04:00:00,1,1,0
2022-04-14 05:00:00,6,3,3
2022-04-14 06:00:00,12,6,6
2022-04-14 07:00:00,21,11,10
2022-04-14 08:00:00,28,14,14
2022-04-14 09:00:00,23,12,11
2022-04-14 10:00:00,29,15,14
2022-04-14 11:00:00,20,10,10
2022-04-14 12:00:00,33,17,16
2022-04-14 13:00:00,35,18,17
2022-04-14 14:00:00,46,23,23
2022-04-14 15:00:00,44,22,22
2022-04-14 16:00:00,69,35,34
2022-04-14 17:00:00,78,39,39
2022-04-14 18:00:00,63,32,31
2022-04-14 19:00:00,33,17,16
2022-04-14 20:00:00,7,4,3
2022-04-14 21:00:00,6,3,3
2022-04-14 22:00:00,1,1,0
2022-04-14 23:00:00,0,0,0
2022-04-15 00:00:00,0,0,0
2022-04-15 01:00:00,0,0,0
2022-04-15 02:00:00,0,0,0
2022-04-15 03:00:00,0,0,0
2022-04-15 04:00:00,0,0,0
2022-04-15 05:00:00,7,4,3
2022-04-15 06:00:00,9,5,4
2022-04-15 07:00:00,31,16,15
2022-04-15 08:00:00,30,15,15
2022-04-15 09:00:00,32,16,16
2022-04-15 10:00:00,38,19,19
2022-04-15 11:00:00,41,21,20
2022-04-15 12:00:00,47,24,23
2022-04-15 13:00:00,47,24,23
2022-04-15 14:00:00,81,41,40
2022-04-15 15:00:00,101,51,50
2022-04-15 16:00:00,112,56,56
2022-04-15 17:00:00,136,68,68
2022-04-15 18:00:00,82,41,41
2022-04-15 19:00:00,29,15,14
2022-04-15 20:00:00,9,5,4
2022-04-15 21:00:00,3,2,1
2022-04-15 22:00:00,2,1,1
2022-04-15 23:00:00,1,1,0
2022-04-16 00:00:00,0,0,0
2022-04-16 01:00:00,0,0,0
2022-04-16 02:00:00,0,0,0
2022-04-16 03:00:00,0,0,0
2022-04-16 04:00:00,0,0,0
2022-04-16 05:00:00,0,0,0
2022-04-16 06:00:00,6,3,3
2022-04-16 07:00:00,34,17,17
2022-04-16 08:00:00,49,25,24
2022-04-16 09:00:00,59,30,29
2022-04-16 10:00:00,95,48,47
2022-04-16 11:00:00,92,46,46
2022-04-16 12:00:00,140,70,70
2022-04-16 13:00:00,118,59,59
2022-04-16 14:00:00,61,31,30
2022-04-16 15:00:00,44,22,22
2022-04-16 16:00:00,34,17,17
2022-04-16 17:00:00,30,15,15
2022-04-16 18:00:00,13,7,6
2022-04-16 19:00:00,5,3,2
2022-04-16 20:00:00,4,2,2
2022-04-16 21:00:00,2,1,1
2022-04-16 22:00:00,0,0,0
2022-04-16 23:00:00,0,0,0
2022-04-17 00:00:00,0,0,0
2022-04-17 01:00:00,0,0,0
2022-04-17 02:00:00,0,0,0
2022-04-17 03:00:00,0,0,0
2022-04-17 04:00:00,0,0,0
2022-04-17 05:00:00,1,1,0
2022-04-17 06:00:00,3,2,1
2022-04-17 07:00:00,11,6,5
2022-04-17 08:00:00,32,16,16
2022-04-17 09:00:00,60,30,30
2022-04-17 10:00:00,123,62,61
2022-04-17 11:00:00,148,74,74
2022-04-17 12:00:00,177,89,88
2022-04-17 13:00:00,182,91,91
2022-04-17 14:00:00,241,121,120
2022-04-17 15:00:00,154,77,77
2022-04-17 16:00:00,171,86,85
2022-04-17 17:00:00,133,67,66
2022-04-17 18:00:00,91,46,45
2022-04-17 19:00:00,22,11,11
2022-04-17 20:00:00,7,4,3
2022-04-17 21:00:00,1,1,0
2022-04-17 22:00:00,1,1,0
2022-04-17 23:00:00,0,0,0
2022-04-18 00:00:00,0,0,0
2022-04-18 01:00:00,1,1,0
2022-04-18 02:00:00,2,1,1
2022-04-18 03:00:00,1,1,0
2022-04-18 04:00:00,1,1,0
2022-04-18 05:00:00,1,1,0
2022-04-18 06:00:00,9,5,4
2022-04-18 07:00:00,26,13,13
2022-04-18 08:00:00,26,13,13
2022-04-18 09:00:00,22,11,11
2022-04-18 10:00:00,11,6,5
2022-04-18 11:00:00,15,8,7
2022-04-18 12:00:00,13,7,6
2022-04-18 13:00:00,11,6,5
2022-04-18 14:00:00,11,6,5
2022-04-18 15:00:00,6,3,3
2022-04-18 16:00:00,20,10,10
2022-04-18 17:00:00,36,18,18
2022-04-18 18:00:00,11,6,5
2022-04-18 19:00:00,6,3,3
2022-04-18 20:00:00,4,2,2
2022-04-18 21:00:00,1,1,0
2022-04-18 22:00:00,0,0,0
2022-04-18 23:00:00,0,0,0
2022-04-19 00:00:00,0,0,0
2022-04-19 01:00:00,0,0,0
2022-04-19 02:00:00,0,0,0
2022-04-19 03:00:00,0,0,0
2022-04-19 04:00:00,0,0,0
2022-04-19 05:00:00,3,2,1
2022-04-19 06:00:00,12,6,6
2022-04-19 07:00:00,43,22,21
2022-04-19 08:00:00,35,18,17
2022-04-19 09:00:00,21,11,10
2022-04-19 10:00:00,20,10,10
2022-04-19 11:00:00,32,16,16
2022-04-19 12:00:00,34,17,17
2022-04-19 13:00:00,36,18,18
2022-04-19 14:00:00,49,25,24
2022-04-19 15:00:00,53,27,26
2022-04-19 16:00:00,77,39,38
2022-04-19 17:00:00,115,58,57
2022-04-19 18:00:00,72,36,36
2022-04-19 19:00:00,48,24,24
2022-04-19 20:00:00,18,9,9
2022-04-19 21:00:00,3,2,1
2022-04-19 22:00:00,1,1,0
2022-04-19 23:00:00,0,0,0
2022-04-20 00:00:00,0,0,0
2022-04-20 01:00:00,1,1,0
2022-04-20 02:00:00,0,0,0
2022-04-20 03:00:00,0,0,0
2022-04-20 04:00:00,1,1,0
2022-04-20 05:00:00,5,3,2
2022-04-20 06:00:00,16,8,8
2022-04-20 07:00:00,39,20,19
2022-04-20 08:00:00,51,26,25
2022-04-20 09:00:00,47,24,23
2022-04-20 10:00:00,33,17,16
2022-04-20 11:00:00,43,22,21
2022-04-20 12:00:00,27,14,13
2022-04-20 13:00:00,10,5,5
2022-04-20 14:00:00,20,10,10
2022-04-20 15:00:00,19,10,9
2022-04-20 16:00:00,23,12,11
2022-04-20 17:00:00,38,19,19
2022-04-20 18:00:00,26,13,13
2022-04-20 19:00:00,9,5,4
2022-04-20 20:00:00,7,4,3
2022-04-20 21:00:00,0,0,0
2022-04-20 22:00:00,0,0,0
2022-04-20 23:00:00,0,0,0
2022-04-21 00:00:00,0,0,0
2022-04-21 01:00:00,0,0,0
2022-04-21 02:00:00,0,0,0
2022-04-21 03:00:00,0,0,0
2022-04-21 04:00:00,0,0,0
2022-04-21 05:00:00,4,2,2
2022-04-21 06:00:00,13,7,6
2022-04-21 07:00:00,22,11,11
2022-04-21 08:00:00,29,15,14
2022-04-21 09:00:00,26,13,13
2022-04-21 10:00:00,14,7,7
2022-04-21 11:00:00,17,9,8
2022-04-21 12:00:00,22,11,11
2022-04-21 13:00:00,29,15,14
2022-04-21 14:00:00,34,17,17
2022-04-21 15:00:00,34,17,17
2022-04-21 16:00:00,61,31,30
2022-04-21 17:00:00,48,24,24
2022-04-21 18:00:00,49,25,24
2022-04-21 19:00:00,20,10,10
2022-04-21 20:00:00,10,5,5
2022-04-21 21:00:00,6,3,3
2022-04-21 22:00:00,0,0,0
2022-04-21 23:00:00,0,0,0
2022-04-22 00:00:00,1,1,0
2022-04-22 01:00:00,0,0,0
2022-04-22 02:00:00,0,0,0
2022-04-22 03:00:00,1,1,0
2022-04-22 04:00:00,3,2,1
2022-04-22 05:00:00,5,3,2
2022-04-22 06:00:00,24,12,12
2022-04-22 07:00:00,30,15,15
2022-04-22 08:00:00,36,18,18
2022-04-22 09:00:00,41,21,20
2022-04-22 10:00:00,31,16,15
2022-04-22 11:00:00,39,20,19
2022-04-22 12:00:00,63,32,31
2022-04-22 13:00:00,78,39,39
2022-04-22 14:00:00,92,46,46
2022-04-22 15:00:00,123,62,61
2022-04-22 16:00:00,157,79,78
2022-04-22 17:00:00,121,61,60
2022-04-22 18:00:00,119,60,59
2022-04-22 19:00:00,63,32,31
2022-04-22 20:00:00,15,8,7
2022-04-22 21:00:00,3,2,1
2022-04-22 22:00:00,0,0,0
2022-04-22 23:00:00,0,0,0
2022-04-23 00:00:00,1,1,0
2022-04-23 01:00:00,0,0,0
2022-04-23 02:00:00,1,1,0
2022-04-23 03:00:00,0,0,0
2022-04-23 04:00:00,0,0,0
2022-04-23 05:00:00,3,2,1
2022-04-23 06:00:00,6,3,3
2022-04-23 07:00:00,21,11,10
2022-04-23 08:00:00,95,48,47
2022-04-23 09:00:00,142,71,71
2022-04-23 10:00:00,152,76,76
2022-04-23 11:00:00,234,117,117
2022-04-23 12:00:00,221,111,110
2022-04-23 13:00:00,246,123,123
2022-04-23 14:00:00,223,112,111
2022-04-23 15:00:00,192,96,96
2022-04-23 16:00:00,187,94,93
2022-04-23 17:00:00,160,80,80
2022-04-23 18:00:00,92,46,46
2022-04-23 19:00:00,35,18,17
2022-04-23 20:00:00,8,4,4
2022-04-23 21:00:00,5,3,2
2022-04-23 22:00:00,4,2,2
2022-04-23 23:00:00,2,1,1
2022-04-24 00:00:00,4,2,2
2022-04-24 01:00:00,1,1,0
2022-04-24 02:00:00,0,0,0
2022-04-24 03:00:00,0,0,0
2022-04-24 04:00:00,0,0,0
2022-04-24 05:00:00,1,1,0
2022-04-24 06:00:00,12,6,6
2022-04-24 07:00:00,30,15,15
2022-04-24 08:00:00,40,20,20
2022-04-24 09:00:00,84,42,42
2022-04-24 10:00:00,109,55,54
2022-04-24 11:00:00,187,94,93
2022-04-24 12:00:00,248,124,124
2022-04-24 13:00:00,278,139,139
2022-04-24 14:00:00,269,135,134
2022-04-24 15:00:00,295,148,147
2022-04-24 16:00:00,241,121,120
2022-04-24 17:00:00,168,84,84
2022-04-24 18:00:00,81,41,40
2022-04-24 19:00:00,38,19,19
2022-04-24 20:00:00,23,12,11
2022-04-24 21:00:00,3,2,1
2022-04-24 22:00:00,0,0,0
2022-04-24 23:00:00,2,1,1
2022-04-25 00:00:00,0,0,0
2022-04-25 01:00:00,0,0,0
2022-04-25 02:00:00,0,0,0
2022-04-25 03:00:00,1,1,0
2022-04-25 04:00:00,1,1,0
2022-04-25 05:00:00,3,2,1
2022-04-25 06:00:00,10,5,5
2022-04-25 07:00:00,27,14,13
2022-04-25 08:00:00,26,13,13
2022-04-25 09:00:00,30,15,15
2022-04-25 10:00:00,15,8,7
2022-04-25 11:00:00,19,10,9
2022-04-25 12:00:00,31,16,15
2022-04-25 13:00:00,40,20,20
2022-04-25 14:00:00,27,14,13
2022-04-25 15:00:00,36,18,18
2022-04-25 16:00:00,42,21,21
2022-04-25 17:00:00,60,30,30
2022-04-25 18:00:00,57,29,28
2022-04-25 19:00:00,23,12,11
2022-04-25 20:00:00,3,2,1
2022-04-25 21:00:00,4,2,2
2022-04-25 22:00:00,0,0,0
2022-04-25 23:00:00,0,0,0
2022-04-26 00:00:00,0,0,0
2022-04-26 01:00:00,0,0,0
2022-04-26 02:00:00,0,0,0
2022-04-26 03:00:00,0,0,0
2022-04-26 04:00:00,0,0,0
2022-04-26 05:00:00,7,4,3
2022-04-26 06:00:00,22,11,11
2022-04-26 07:00:00,42,21,21
2022-04-26 08:00:00,53,27,26
2022-04-26 09:00:00,36,18,18
2022-04-26 10:00:00,29,15,14
2022-04-26 11:00:00,26,13,13
2022-04-26 12:00:00,14,7,7
2022-04-26 13:00:00,11,6,5
2022-04-26 14:00:00,25,13,12
2022-04-26 15:00:00,28,14,14
2022-04-26 16:00:00,74,37,37
2022-04-26 17:00:00,97,49,48
2022-04-26 18:00:00,74,37,37
2022-04-26 19:00:00,36,18,18
2022-04-26 20:00:00,10,5,5
2022-04-26 21:00:00,2,1,1
2022-04-26 22:00:00,0,0,0
2022-04-26 23:00:00,2,1,1
2022-04-27 00:00:00,0,0,0
2022-04-27 01:00:00,0,0,0
2022-04-27 02:00:00,0,0,0
2022-04-27 03:00:00,2,1,1
2022-04-27 04:00:00,2,1,1
2022-04-27 05:00:00,6,3,3
2022-04-27 06:00:00,31,16,15
2022-04-27 07:00:00,37,19,18
2022-04-27 08:00:00,39,20,19
2022-04-27 09:00:00,34,17,17
2022-04-27 10:00:00,48,24,24
2022-04-27 11:00:00,49,25,24
2022-04-27 12:00:00,39,20,19
2022-04-27 13:00:00,55,28,27
2022-04-27 14:00:00,61,31,30
2022-04-27 15:00:00,86,43,43
2022-04-27 16:00:00,86,43,43
2022-04-27 17:00:00,115,58,57
2022-04-27 18:00:00,87,44,43
2022-04-27 19:00:00,43,22,21
2022-04-27 20:00:00,25,13,12
2022-04-27 21:00:00,4,2,2
2022-04-27 22:00:00,2,1,1
2022-04-27 23:00:00,2,1,1
2022-04-28 00:00:00,0,0,0
2022-04-28 01:00:00,0,0,0
2022-04-28 02:00:00,0,0,0
2022-04-28 03:00:00,1,1,0
2022-04-28 04:00:00,1,1,0
2022-04-28 05:00:00,8,4,4
2022-04-28 06:00:00,25,13,12
2022-04-28 07:00:00,39,20,19
2022-04-28 08:00:00,36,18,18
2022-04-28 09:00:00,25,13,12
2022-04-28 10:00:00,37,19,18
2022-04-28 11:00:00,31,16,15
2022-04-28 12:00:00,33,17,16
2022-04-28 13:00:00,36,18,18
2022-04-28 14:00:00,47,24,23
2022-04-28 15:00:00,56,28,28
2022-04-28 16:00:00,71,36,35
2022-04-28 17:00:00,93,47,46
2022-04-28 18:00:00,61,31,30
2022-04-28 19:00:00,36,18,18
2022-04-28 20:00:00,13,7,6
2022-04-28 21:00:00,1,1,0
2022-04-28 22:00:00,4,2,2
2022-04-28 23:00:00,0,0,0
2022-04-29 00:00:00,0,0,0
2022-04-29 01:00:00,0,0,0
2022-04-29 02:00:00,0,0,0
2022-04-29 03:00:00,0,0,0
2022-04-29 04:00:00,4,2,2
2022-04-29 05:00:00,8,4,4
2022-04-29 06:00:00,14,7,7
2022-04-29 07:00:00,41,21,20
2022-04-29 08:00:00,48,24,24
2022-04-29 09:00:00,38,19,19
2022-04-29 10:00:00,42,21,21
2022-04-29 11:00:00,79,40,39
2022-04-29 12:00:00,85,43,42
2022-04-29 13:00:00,79,40,39
2022-04-29 14:00:00,91,46,45
2022-04-29 15:00:00,90,45,45
2022-04-29 16:00:00,132,66,66
2022-04-29 17:00:00,143,72,71
2022-04-29 18:00:00,101,51,50
2022-04-29 19:00:00,61,31,30
2022-04-29 20:00:00,20,10,10
2022-04-29 21:00:00,8,4,4
2022-04-29 22:00:00,1,1,0
2022-04-29 23:00:00,2,1,1
2022-04-30 00:00:00,0,0,0
2022-04-30 01:00:00,0,0,0
2022-04-30 02:00:00,0,0,0
2022-04-30 03:00:00,0,0,0
2022-04-30 04:00:00,0,0,0
2022-04-30 05:00:00,0,0,0
2022-04-30 06:00:00,1,1,0
2022-04-30 07:00:00,7,4,3
2022-04-30 08:00:00,15,8,7
2022-04-30 09:00:00,24,12,12
2022-04-30 10:00:00,42,21,21
2022-04-30 11:00:00,44,22,22
2022-04-30 12:00:00,69,35,34
2022-04-30 13:00:00,101,51,50
2022-04-30 14:00:00,153,77,76
2022-04-30 15:00:00,161,81,80
2022-04-30 16:00:00,137,69,68
2022-04-30 17:00:00,119,60,59
2022-04-30 18:00:00,84,42,42
2022-04-30 19:00:00,46,23,23
2022-04-30 20:00:00,11,6,5
2022-04-30 21:00:00,2,1,1
2022-04-30 22:00:00,4,2,2
2022-04-30 23:00:00,0,0,0
2022-05-01 00:00:00,0,0,0
2022-05-01 01:00:00,0,0,0
2022-05-01 02:00:00,0,0,0
2022-05-01 03:00:00,0,0,0
2022-05-01 04:00:00,0,0,0
2022-05-01 05:00:00,1,1,0
2022-05-01 06:00:00,8,4,4
2022-05-01 07:00:00,38,19,19
2022-05-01 08:00:00,65,33,32
2022-05-01 09:00:00,132,66,66
2022-05-01 10:00:00,190,95,95
2022-05-01 11:00:00,182,91,91
2022-05-01 12:00:00,224,112,112
2022-05-01 13:00:00,253,127,126
2022-05-01 14:00:00,219,110,109
2022-05-01 15:00:00,256,128,128
2022-05-01 16:00:00,167,84,83
2022-05-01 17:00:00,124,62,62
2022-05-01 18:00:00,64,32,32
2022-05-01 19:00:00,35,18,17
2022-05-01 20:00:00,10,5,5
2022-05-01 21:00:00,5,3,2
2022-05-01 22:00:00,1,1,0
2022-05-01 23:00:00,0,0,0
2022-05-02 00:00:00,0,0,0
2022-05-02 01:00:00,0,0,0
2022-05-02 02:00:00,0,0,0
2022-05-02 03:00:00,1,1,0
2022-05-02 04:00:00,1,1,0
2022-05-02 05:00:00,2,1,1
2022-05-02 06:00:00,11,6,5
2022-05-02 07:00:00,16,8,8
2022-05-02 08:00:00,18,9,9
2022-05-02 09:00:00,8,4,4
2022-05-02 10:00:00,7,4,3
2022-05-02 11:00:00,9,5,4
2022-05-02 12:00:00,14,7,7
2022-05-02 13:00:00,17,9,8
2022-05-02 14:00:00,16,8,8
2022-05-02 15:00:00,19,10,9
2022-05-02 16:00:00,48,24,24
2022-05-02 17:00:00,62,31,31
2022-05-02 18:00:00,41,21,20
2022-05-02 19:00:00,19,10,9
2022-05-02 20:00:00,5,3,2
2022-05-02 21:00:00,5,3,2
2022-05-02 22:00:00,0,0,0
2022-05-02 23:00:00,0,0,0
2022-05-03 00:00:00,1,1,0
2022-05-03 01:00:00,0,0,0
2022-05-03 02:00:00,0,0,0
2022-05-03 03:00:00,0,0,0
2022-05-03 04:00:00,2,1,1
2022-05-03 05:00:00,8,4,4
2022-05-03 06:00:00,29,15,14
2022-05-03 07:00:00,59,30,29
2022-05-03 08:00:00,45,23,22
2022-05-03 09:00:00,29,15,14
2022-05-03 10:00:00,29,15,14
2022-05-03 11:00:00,22,11,11
2022-05-03 12:00:00,33,17,16
2022-05-03 13:00:00,29,15,14
2022-05-03 14:00:00,39,20,19
2022-05-03 15:00:00,43,22,21
2022-05-03 16:00:00,71,36,35
2022-05-03 17:00:00,96,48,48
2022-05-03 18:00:00,72,36,36
2022-05-03 19:00:00,30,15,15
2022-05-03 20:00:00,5,3,2
2022-05-03 21:00:00,8,4,4
2022-05-03 22:00:00,2,1,1
2022-05-03 23:00:00,0,0,0
2022-05-04 00:00:00,0,0,0
2022-05-04 01:00:00,0,0,0
2022-05-04 02:00:00,0,0,0
2022-05-04 03:00:00,1,1,0
2022-05-04 04:00:00,2,1,1
2022-05-04 05:00:00,6,3,3
2022-05-04 06:00:00,30,15,15
2022-05-04 07:00:00,46,23,23
2022-05-04 08:00:00,74,37,37
2022-05-04 09:00:00,47,24,23
2022-05-04 10:00:00,48,24,24
2022-05-04 11:00:00,79,40,39
2022-05-04 12:00:00,61,31,30
2022-05-04 13:00:00,64,32,32
2022-05-04 14:00:00,83,42,41
2022-05-04 15:00:00,86,43,43
2022-05-04 16:00:00,159,80,79
2022-05-04 17:00:00,181,91,90
2022-05-04 18:00:00,133,67,66
2022-05-04 19:00:00,68,34,34
2022-05-04 20:00:00,24,12,12
2022-05-04 21:00:00,5,3,2
2022-05-04 22:00:00,6,3,3
2022-05-04 23:00:00,1,1,0
2022-05-05 00:00:00,0,0,0
2022-05-05 01:00:00,0,0,0
2022-05-05 02:00:00,0,0,0
2022-05-05 03:00:00,1,1,0
2022-05-05 04:00:00,1,1,0
2022-05-05 05:00:00,6,3,3
2022-05-05 06:00:00,16,8,8
2022-05-05 07:00:00,29,15,14
2022-05-05 08:00:00,25,13,12
2022-05-05 09:00:00,21,11,10
2022-05-05 10:00:00,12,6,6
2022-05-05 11:00:00,8,4,4
2022-05-05 12:00:00,3,2,1
2022-05-05 13:00:00,6,3,3
2022-05-05 14:00:00,10,5,5
2022-05-05 15:00:00,10,5,5
2022-05-05 16:00:00,25,13,12
2022-05-05 17:00:00,29,15,14
2022-05-05 18:00:00,20,10,10
2022-05-05 19:00:00,7,4,3
2022-05-05 20:00:00,8,4,4
2022-05-05 21:00:00,2,1,1
2022-05-05 22:00:00,1,1,0
2022-05-05 23:00:00,0,0,0
2022-05-06 00:00:00,0,0,0
2022-05-06 01:00:00,0,0,0
2022-05-06 02:00:00,0,0,0
2022-05-06 03:00:00,0,0,0
2022-05-06 04:00:00,2,1,1
2022-05-06 05:00:00,8,4,4
2022-05-06 06:00:00,15,8,7
2022-05-06 07:00:00,46,23,23
2022-05-06 08:00:00,36,18,18
2022-05-06 09:00:00,21,11,10
2022-05-06 10:00:00,20,10,10
2022-05-06 11:00:00,16,8,8
2022-05-06 12:00:00,13,7,6
2022-05-06 13:00:00,6,3,3
2022-05-06 14:00:00,24,12,12
2022-05-06 15:00:00,34,17,17
2022-05-06 16:00:00,55,28,27
2022-05-06 17:00:00,62,31,31
2022-05-06 18:00:00,29,15,14
2022-05-06 19:00:00,13,7,6
2022-05-06 20:00:00,3,2,1
2022-05-06 21:00:00,3,2,1
2022-05-06 22:00:00,1,1,0
2022-05-06 23:00:00,1,1,0
2022-05-07 00:00:00,0,0,0
2022-05-07 01:00:00,0,0,0
2022-05-07 02:00:00,0,0,0
2022-05-07 03:00:00,0,0,0
2022-05-07 04:00:00,0,0,0
2022-05-07 05:00:00,0,0,0
2022-05-07 06:00:00,9,5,4
2022-05-07 07:00:00,26,13,13
2022-05-07 08:00:00,29,15,14
2022-05-07 09:00:00,55,28,27
2022-05-07 10:00:00,68,34,34
2022-05-07 11:00:00,91,46,45
2022-05-07 12:00:00,81,41,40
2022-05-07 13:00:00,84,42,42
2022-05-07 14:00:00,45,23,22
2022-05-07 15:00:00,61,31,30
2022-05-07 16:00:00,39,20,19
2022-05-07 17:00:00,55,28,27
2022-05-07 18:00:00,19,10,9
2022-05-07 19:00:00,15,8,7
2022-05-07 20:00:00,6,3,3
2022-05-07 21:00:00,3,2,1
2022-05-07 22:00:00,3,2,1
2022-05-07 23:00:00,0,0,0
2022-05-08 00:00:00,0,0,0
2022-05-08 01:00:00,0,0,0
2022-05-08 02:00:00,0,0,0
2022-05-08 03:00:00,0,0,0
2022-05-08 04:00:00,0,0,0
2022-05-08 05:00:00,0,0,0
2022-05-08 06:00:00,8,4,4
2022-05-08 07:00:00,15,8,7
2022-05-08 08:00:00,23,12,11
2022-05-08 09:00:00,80,40,40
2022-05-08 10:00:00,95,48,47
2022-05-08 11:00:00,92,46,46
2022-05-08 12:00:00,123,62,61
2022-05-08 13:00:00,129,65,64
2022-05-08 14:00:00,163,82,81
2022-05-08 15:00:00,156,78,78
2022-05-08 16:00:00,174,87,87
2022-05-08 17:00:00,112,56,56
2022-05-08 18:00:00,70,35,35
2022-05-08 19:00:00,31,16,15
2022-05-08 20:00:00,16,8,8
2022-05-08 21:00:00,4,2,2
2022-05-08 22:00:00,2,1,1
2022-05-08 23:00:00,0,0,0
2022-05-09 00:00:00,0,0,0
2022-05-09 01:00:00,0,0,0
2022-05-09 02:00:00,0,0,0
2022-05-09 03:00:00,1,1,0
2022-05-09 04:00:00,2,1,1
2022-05-09 05:00:00,3,2,1
2022-05-09 06:00:00,28,14,14
2022-05-09 07:00:00,35,18,17
2022-05-09 08:00:00,47,24,23
2022-05-09 09:00:00,37,19,18
2022-05-09 10:00:00,60,30,30
2022-05-09 11:00:00,29,15,14
2022-05-09 12:00:00,36,18,18
2022-05-09 13:00:00,50,25,25
2022-05-09 14:00:00,39,20,19
2022-05-09 15:00:00,52,26,26
2022-05-09 16:00:00,86,43,43
2022-05-09 17:00:00,95,48,47
2022-05-09 18:00:00,60,30,30
2022-05-09 19:00:00,33,17,16
2022-05-09 20:00:00,19,10,9
2022-05-09 21:00:00,5,3,2
2022-05-09 22:00:00,1,1,0
2022-05-09 23:00:00,0,0,0
2022-05-10 00:00:00,0,0,0
2022-05-10 01:00:00,0,0,0
2022-05-10 02:00:00,0,0,0
2022-05-10 03:00:00,1,1,0
2022-05-10 04:00:00,3,2,1
2022-05-10 05:00:00,13,7,6
2022-05-10 06:00:00,36,18,18
2022-05-10 07:00:00,48,24,24
2022-05-10 08:00:00,45,23,22
2022-05-10 09:00:00,23,12,11
2022-05-10 10:00:00,22,11,11
2022-05-10 11:00:00,25,13,12
2022-05-10 12:00:00,45,23,22
2022-05-10 13:00:00,53,27,26
2022-05-10 14:00:00,51,26,25
2022-05-10 15:00:00,82,41,41
2022-05-10 16:00:00,123,62,61
2022-05-10 17:00:00,126,63,63
2022-05-10 18:00:00,136,68,68
2022-05-10 19:00:00,62,31,31
2022-05-10 20:00:00,20,10,10
2022-05-10 21:00:00,3,2,1
2022-05-10 22:00:00,4,2,2
2022-05-10 23:00:00,0,0,0
2022-05-11 00:00:00,0,0,0
2022-05-11 01:00:00,0,0,0
2022-05-11 02:00:00,0,0,0
2022-05-11 03:00:00,1,1,0
2022-05-11 04:00:00,4,2,2
2022-05-11 05:00:00,6,3,3
2022-05-11 06:00:00,31,16,15
2022-05-11 07:00:00,59,30,29
2022-05-11 08:00:00,56,28,28
2022-05-11 09:00:00,54,27,27
2022-05-11 10:00:00,52,26,26
2022-05-11 11:00:00,67,34,33
2022-05-11 12:00:00,53,27,26
2022-05-11 13:00:00,87,44,43
2022-05-11 14:00:00,90,45,45
2022-05-11 15:00:00,105,53,52
2022-05-11 16:00:00,139,70,69
2022-05-11 17:00:00,156,78,78
2022-05-11 18:00:00,140,70,70
2022-05-11 19:00:00,64,32,32
2022-05-11 20:00:00,22,11,11
2022-05-11 21:00:00,6,3,3
2022-05-11 22:00:00,0,0,0
2022-05-11 23:00:00,1,1,0
2022-05-12 00:00:00,0,0,0
2022-05-12 01:00:00,0,0,0
2022-05-12 02:00:00,1,1,0
2022-05-12 03:00:00,1,1,0
2022-05-12 04:00:00,3,2,1
2022-05-12 05:00:00,4,2,2
2022-05-12 06:00:00,15,8,7
2022-05-12 07:00:00,20,10,10
2022-05-12 08:00:00,26,13,13
2022-05-12 09:00:00,13,7,6
2022-05-12 10:00:00,18,9,9
2022-05-12 11:00:00,16,8,8
2022-05-12 12:00:00,7,4,3
2022-05-12 13:00:00,5,3,2
2022-05-12 14:00:00,2,1,1
2022-05-12 15:00:00,14,7,7
2022-05-12 16:00:00,26,13,13
2022-05-12 17:00:00,33,17,16
2022-05-12 18:00:00,33,17,16
2022-05-12 19:00:00,29,15,14
2022-05-12 20:00:00,9,5,4
2022-05-12 21:00:00,6,3,3
2022-05-12 22:00:00,1,1,0
2022-05-12 23:00:00,1,1,0
2022-05-13 00:00:00,0,0,0
2022-05-13 01:00:00,0,0,0
2022-05-13 02:00:00,0,0,0
2022-05-13 03:00:00,0,0,0
2022-05-13 04:00:00,2,1,1
2022-05-13 05:00:00,8,4,4
2022-05-13 06:00:00,26,13,13
2022-05-13 07:00:00,44,22,22
2022-05-13 08:00:00,50,25,25
2022-05-13 09:00:00,47,24,23
2022-05-13 10:00:00,45,23,22
2022-05-13 11:00:00,70,35,35
2022-05-13 12:00:00,61,31,30
2022-05-13 13:00:00,95,48,47
2022-05-13 14:00:00,81,41,40
2022-05-13 15:00:00,105,53,52
2022-05-13 16:00:00,156,78,78
2022-05-13 17:00:00,134,67,67
2022-05-13 18:00:00,102,51,51
2022-05-13 19:00:00,53,27,26
2022-05-13 20:00:00,18,9,9
2022-05-13 21:00:00,2,1,1
2022-05-13 22:00:00,0,0,0
2022-05-13 23:00:00,0,0,0
2022-05-14 00:00:00,1,1,0
2022-05-14 01:00:00,1,1,0
2022-05-14 02:00:00,0,0,0
2022-05-14 03:00:00,0,0,0
2022-05-14 04:00:00,0,0,0
2022-05-14 05:00:00,2,1,1
2022-05-14 06:00:00,6,3,3
2022-05-14 07:00:00,24,12,12
2022-05-14 08:00:00,26,13,13
2022-05-14 09:00:00,27,14,13
2022-05-14 10:00:00,55,28,27
2022-05-14 11:00:00,64,32,32
2022-05-14 12:00:00,97,49,48
2022-05-14 13:00:00,154,77,77
2022-05-14 14:00:00,164,82,82
2022-05-14 15:00:00,241,121,120
2022-05-14 16:00:00,217,109,108
2022-05-14 17:00:00,142,71,71
2022-05-14 18:00:00,102,51,51
2022-05-14 19:00:00,52,26,26
2022-05-14 20:00:00,37,19,18
2022-05-14 21:00:00,13,7,6
2022-05-14 22:00:00,1,1,0
2022-05-14 23:00:00,1,1,0
2022-05-15 00:00:00,1,1,0
2022-05-15 01:00:00,0,0,0
2022-05-15 02:00:00,0,0,0
2022-05-15 03:00:00,0,0,0
2022-05-15 04:00:00,0,0,0
2022-05-15 05:00:00,1,1,0
2022-05-15 06:00:00,4,2,2
2022-05-15 07:00:00,12,6,6
2022-05-15 08:00:00,13,7,6
2022-05-15 09:00:00,27,14,13
2022-05-15 10:00:00,33,17,16
2022-05-15 11:00:00,32,16,16
2022-05-15 12:00:00,21,11,10
2022-05-15 13:00:00,24,12,12
2022-05-15 14:00:00,17,9,8
2022-05-15 15:00:00,22,11,11
2022-05-15 16:00:00,19,10,9
2022-05-15 17:00:00,15,8,7
2022-05-15 18:00:00,13,7,6
2022-05-15 19:00:00,16,8,8
2022-05-15 20:00:00,11,6,5
2022-05-15 21:00:00,2,1,1
2022-05-15 22:00:00,0,0,0
2022-05-15 23:00:00,0,0,0
2022-05-16 00:00:00,1,1,0
2022-05-16 01:00:00,0,0,0
2022-05-16 02:00:00,0,0,0
2022-05-16 03:00:00,1,1,0
2022-05-16 04:00:00,3,2,1
2022-05-16 05:00:00,6,3,3
2022-05-16 06:00:00,25,13,12
2022-05-16 07:00:00,43,22,21
2022-05-16 08:00:00,56,28,28
2022-05-16 09:00:00,53,27,26
2022-05-16 10:00:00,42,21,21
2022-05-16 11:00:00,56,28,28
2022-05-16 12:00:00,52,26,26
2022-05-16 13:00:00,67,34,33
2022-05-16 14:00:00,53,27,26
2022-05-16 15:00:00,100,50,50
2022-05-16 16:00:00,120,60,60
2022-05-16 17:00:00,131,66,65
2022-05-16 18:00:00,136,68,68
2022-05-16 19:00:00,77,39,38
2022-05-16 20:00:00,29,15,14
2022-05-16 21:00:00,14,7,7
2022-05-16 22:00:00,1,1,0
2022-05-16 23:00:00,0,0,0
2022-05-17 00:00:00,1,1,0
2022-05-17 01:00:00,0,0,0
2022-05-17 02:00:00,0,0,0
2022-05-17 03:00:00,0,0,0
2022-05-17 04:00:00,1,1,0
2022-05-17 05:00:00,12,6,6
2022-05-17 06:00:00,35,18,17
2022-05-17 07:00:00,68,34,34
2022-05-17 08:00:00,42,21,21
2022-05-17 09:00:00,41,21,20
2022-05-17 10:00:00,44,22,22
2022-05-17 11:00:00,56,28,28
2022-05-17 12:00:00,49,25,24
2022-05-17 13:00:00,61,31,30
2022-05-17 14:00:00,66,33,33
2022-05-17 15:00:00,92,46,46
2022-05-17 16:00:00,109,55,54
2022-05-17 17:00:00,136,68,68
2022-05-17 18:00:00,109,55,54
2022-05-17 19:00:00,53,27,26
2022-05-17 20:00:00,25,13,12
2022-05-17 21:00:00,12,6,6
2022-05-17 22:00:00,2,1,1
2022-05-17 23:00:00,0,0,0
2022-05-18 00:00:00,0,0,0
2022-05-18 01:00:00,0,0,0
2022-05-18 02:00:00,0,0,0
2022-05-18 03:00:00,0,0,0
2022-05-18 04:00:00,3,2,1
2022-05-18 05:00:00,3,2,1
2022-05-18 06:00:00,14,7,7
2022-05-18 07:00:00,18,9,9
2022-05-18 08:00:00,11,6,5
2022-05-18 09:00:00,13,7,6
2022-05-18 10:00:00,6,3,3
2022-05-18 11:00:00,15,8,7
2022-05-18 12:00:00,19,10,9
2022-05-18 13:00:00,18,9,9
2022-05-18 14:00:00,28,14,14
2022-05-18 15:00:00,44,22,22
2022-05-18 16:00:00,46,23,23
2022-05-18 17:00:00,61,31,30
2022-05-18 18:00:00,60,30,30
2022-05-18 19:00:00,38,19,19
2022-05-18 20:00:00,7,4,3
2022-05-18 21:00:00,2,1,1
2022-05-18 22:00:00,0,0,0
2022-05-18 23:00:00,0,0,0
2022-05-19 00:00:00,0,0,0
2022-05-19 01:00:00,0,0,0
2022-05-19 02:00:00,0,0,0
2022-05-19 03:00:00,0,0,0
2022-05-19 04:00:00,0,0,0
2022-05-19 05:00:00,7,4,3
2022-05-19 06:00:00,24,12,12
2022-05-19 07:00:00,46,23,23
2022-05-19 08:00:00,43,22,21
2022-05-19 09:00:00,40,20,20
2022-05-19 10:00:00,21,11,10
2022-05-19 11:00:00,36,18,18
2022-05-19 12:00:00,38,19,19
2022-05-19 13:00:00,46,23,23
2022-05-19 14:00:00,59,30,29
2022-05-19 15:00:00,59,30,29
2022-05-19 16:00:00,105,53,52
2022-05-19 17:00:00,142,71,71
2022-05-19 18:00:00,98,49,49
2022-05-19 19:00:00,77,39,38
2022-05-19 20:00:00,24,12,12
2022-05-19 21:00:00,2,1,1
2022-05-19 22:00:00,4,2,2
2022-05-19 23:00:00,1,1,0
2022-05-20 00:00:00,1,1,0
2022-05-20 01:00:00,0,0,0
2022-05-20 02:00:00,0,0,0
2022-05-20 03:00:00,0,0,0
2022-05-20 04:00:00,2,1,1
2022-05-20 05:00:00,6,3,3
2022-05-20 06:00:00,33,17,16
2022-05-20 07:00:00,58,29,29
2022-05-20 08:00:00,63,32,31
2022-05-20 09:00:00,52,26,26
2022-05-20 10:00:00,56,28,28
2022-05-20 11:00:00,45,23,22
2022-05-20 12:00:00,57,29,28
2022-05-20 13:00:00,63,32,31
2022-05-20 14:00:00,85,43,42
2022-05-20 15:00:00,86,43,43
2022-05-20 16:00:00,122,61,61
2022-05-20 17:00:00,143,72,71
2022-05-20 18:00:00,100,50,50
2022-05-20 19:00:00,60,30,30
2022-05-20 20:00:00,37,19,18
2022-05-20 21:00:00,10,5,5
2022-05-20 22:00:00,5,3,2
2022-05-20 23:00:00,2,1,1
2022-05-21 00:00:00,0,0,0
2022-05-21 01:00:00,0,0,0
2022-05-21 02:00:00,0,0,0
2022-05-21 03:00:00,0,0,0
2022-05-21 04:00:00,0,0,0
2022-05-21 05:00:00,6,3,3
2022-05-21 06:00:00,18,9,9
2022-05-21 07:00:00,38,19,19
2022-05-21 08:00:00,96,48,48
2022-05-21 09:00:00,109,55,54
2022-05-21 10:00:00,228,114,114
2022-05-21 11:00:00,245,123,122
2022-05-21 12:00:00,250,125,125
2022-05-21 13:00:00,270,135,135
2022-05-21 14:00:00,299,150,149
2022-05-21 15:00:00,242,121,121
2022-05-21 16:00:00,188,94,94
2022-05-21 17:00:00,136,68,68
2022-05-21 18:00:00,124,62,62
2022-05-21 19:00:00,82,41,41
2022-05-21 20:00:00,29,15,14
2022-05-21 21:00:00,12,6,6
2022-05-21 22:00:00,9,5,4
2022-05-21 23:00:00,0,0,0
2022-05-22 00:00:00,2,1,1
2022-05-22 01:00:00,0,0,0
2022-05-22 02:00:00,0,0,0
2022-05-22 03:00:00,0,0,0
2022-05-22 04:00:00,0,0,0
2022-05-22 05:00:00,1,1,0
2022-05-22 06:00:00,15,8,7
2022-05-22 07:00:00,22,11,11
2022-05-22 08:00:00,67,34,33
2022-05-22 09:00:00,118,59,59
2022-05-22 10:00:00,180,90,90
2022-05-22 11:00:00,259,130,129
2022-05-22 12:00:00,245,123,122
2022-05-22 13:00:00,290,145,145
2022-05-22 14:00:00,296,148,148
2022-05-22 15:00:00,261,131,130
2022-05-22 16:00:00,200,100,100
2022-05-22 17:00:00,184,92,92
2022-05-22 18:00:00,128,64,64
2022-05-22 19:00:00,59,30,29
2022-05-22 20:00:00,25,13,12
2022-05-22 21:00:00,7,4,3
2022-05-22 22:00:00,0,0,0
2022-05-22 23:00:00,0,0,0
2022-05-23 00:00:00,0,0,0
2022-05-23 01:00:00,0,0,0
2022-05-23 02:00:00,0,0,0
2022-05-23 03:00:00,0,0,0
2022-05-23 04:00:00,4,2,2
2022-05-23 05:00:00,8,4,4
2022-05-23 06:00:00,27,14,13
2022-05-23 07:00:00,45,23,22
2022-05-23 08:00:00,54,27,27
2022-05-23 09:00:00,37,19,18
2022-05-23 10:00:00,41,21,20
2022-05-23 11:00:00,37,19,18
2022-05-23 12:00:00,35,18,17
2022-05-23 13:00:00,56,28,28
2022-05-23 14:00:00,59,30,29
2022-05-23 15:00:00,71,36,35
2022-05-23 16:00:00,89,45,44
2022-05-23 17:00:00,127,64,63
2022-05-23 18:00:00,107,54,53
2022-05-23 19:00:00,65,33,32
2022-05-23 20:00:00,24,12,12
2022-05-23 21:00:00,18,9,9
2022-05-23 22:00:00,5,3,2
2022-05-23 23:00:00,1,1,0
2022-05-24 00:00:00,2,1,1
2022-05-24 01:00:00,0,0,0
2022-05-24 02:00:00,0,0,0
2022-05-24 03:00:00,0,0,0
2022-05-24 04:00:00,0,0,0
2022-05-24 05:00:00,14,7,7
2022-05-24 06:00:00,43,22,21
2022-05-24 07:00:00,62,31,31
2022-05-24 08:00:00,59,30,29
2022-05-24 09:00:00,41,21,20
2022-05-24 10:00:00,43,22,21
2022-05-24 11:00:00,47,24,23
2022-05-24 12:00:00,54,27,27
2022-05-24 13:00:00,62,31,31
2022-05-24 14:00:00,50,25,25
2022-05-24 15:00:00,63,32,31
2022-05-24 16:00:00,100,50,50
2022-05-24 17:00:00,75,38,37
2022-05-24 18:00:00,88,44,44
2022-05-24 19:00:00,33,17,16
2022-05-24 20:00:00,11,6,5
2022-05-24 21:00:00,6,3,3
2022-05-24 22:00:00,1,1,0
2022-05-24 23:00:00,2,1,1
2022-05-25 00:00:00,0,0,0
2022-05-25 01:00:00,1,1,0
2022-05-25 02:00:00,0,0,0
2022-05-25 03:00:00,1,1,0
2022-05-25 04:00:00,3,2,1
2022-05-25 05:00:00,7,4,3
2022-05-25 06:00:00,27,14,13
2022-05-25 07:00:00,38,19,19
2022-05-25 08:00:00,41,21,20
2022-05-25 09:00:00,45,23,22
2022-05-25 10:00:00,26,13,13
2022-05-25 11:00:00,43,22,21
2022-05-25 12:00:00,48,24,24
2022-05-25 13:00:00,83,42,41
2022-05-25 14:00:00,82,41,41
2022-05-25 15:00:00,84,42,42
2022-05-25 16:00:00,108,54,54
2022-05-25 17:00:00,144,72,72
2022-05-25 18:00:00,129,65,64
2022-05-25 19:00:00,111,56,55
2022-05-25 20:00:00,46,23,23
2022-05-25 21:00:00,11,6,5
2022-05-25 22:00:00,2,1,1
2022-05-25 23:00:00,1,1,0
2022-05-26 00:00:00,0,0,0
2022-05-26 01:00:00,0,0,0
2022-05-26 02:00:00,0,0,0
2022-05-26 03:00:00,1,1,0
2022-05-26 04:00:00,2,1,1
2022-05-26 05:00:00,14,7,7
2022-05-26 06:00:00,32,16,16
2022-05-26 07:00:00,51,26,25
2022-05-26 08:00:00,53,27,26
2022-05-26 09:00:00,46,23,23
2022-05-26 10:00:00,54,27,27
2022-05-26 11:00:00,26,13,13
2022-05-26 12:00:00,36,18,18
2022-05-26 13:00:00,55,28,27
2022-05-26 14:00:00,40,20,20
2022-05-26 15:00:00,60,30,30
2022-05-26 16:00:00,69,35,34
2022-05-26 17:00:00,69,35,34
2022-05-26 18:00:00,48,24,24
2022-05-26 19:00:00,21,11,10
2022-05-26 20:00:00,12,6,6
2022-05-26 21:00:00,6,3,3
2022-05-26 22:00:00,1,1,0
2022-05-26 23:00:00,1,1,0
2022-05-27 00:00:00,0,0,0
2022-05-27 01:00:00,0,0,0
2022-05-27 02:00:00,0,0,0
2022-05-27 03:00:00,0,0,0
2022-05-27 04:00:00,3,2,1
2022-05-27 05:00:00,8,4,4
2022-05-27 06:00:00,19,10,9
2022-05-27 07:00:00,35,18,17
2022-05-27 08:00:00,46,23,23
2022-05-27 09:00:00,42,21,21
2022-05-27 10:00:00,46,23,23
2022-05-27 11:00:00,59,30,29
2022-05-27 12:00:00,67,34,33
2022-05-27 13:00:00,76,38,38
2022-05-27 14:00:00,79,40,39
2022-05-27 15:00:00,98,49,49
2022-05-27 16:00:00,112,56,56
2022-05-27 17:00:00,113,57,56
2022-05-27 18:00:00,79,40,39
2022-05-27 19:00:00,47,24,23
2022-05-27 20:00:00,24,12,12
2022-05-27 21:00:00,4,2,2
2022-05-27 22:00:00,2,1,1
2022-05-27 23:00:00,0,0,0
2022-05-28 00:00:00,1,1,0
2022-05-28 01:00:00,0,0,0
2022-05-28 02:00:00,0,0,0
2022-05-28 03:00:00,0,0,0
2022-05-28 04:00:00,0,0,0
2022-05-28 05:00:00,4,2,2
2022-05-28 06:00:00,16,8,8
2022-05-28 07:00:00,45,23,22
2022-05-28 08:00:00,36,18,18
2022-05-28 09:00:00,47,24,23
2022-05-28 10:00:00,69,35,34
2022-05-28 11:00:00,90,45,45
2022-05-28 12:00:00,86,43,43
2022-05-28 13:00:00,89,45,44
2022-05-28 14:00:00,78,39,39
2022-05-28 15:00:00,92,46,46
2022-05-28 16:00:00,59,30,29
2022-05-28 17:00:00,34,17,17
2022-05-28 18:00:00,16,8,8
2022-05-28 19:00:00,5,3,2
2022-05-28 20:00:00,7,4,3
2022-05-28 21:00:00,1,1,0
2022-05-28 22:00:00,1,1,0
2022-05-28 23:00:00,0,0,0
2022-05-29 00:00:00,0,0,0
2022-05-29 01:00:00,0,0,0
2022-05-29 02:00:00,0,0,0
2022-05-29 03:00:00,0,0,0
2022-05-29 04:00:00,0,0,0
2022-05-29 05:00:00,1,1,0
2022-05-29 06:00:00,3,2,1
2022-05-29 07:00:00,7,4,3
2022-05-29 08:00:00,15,8,7
2022-05-29 09:00:00,34,17,17
2022-05-29 10:00:00,71,36,35
2022-05-29 11:00:00,92,46,46
2022-05-29 12:00:00,97,49,48
2022-05-29 13:00:00,73,37,36
2022-05-29 14:00:00,28,14,14
2022-05-29 15:00:00,16,8,8
2022-05-29 16:00:00,18,9,9
2022-05-29 17:00:00,7,4,3
2022-05-29 18:00:00,3,2,1
2022-05-29 19:00:00,7,4,3
2022-05-29 20:00:00,3,2,1
2022-05-29 21:00:00,2,1,1
2022-05-29 22:00:00,0,0,0
2022-05-29 23:00:00,0,0,0
2022-05-30 00:00:00,0,0,0
2022-05-30 01:00:00,0,0,0
2022-05-30 02:00:00,0,0,0
2022-05-30 03:00:00,1,1,0
2022-05-30 04:00:00,2,1,1
2022-05-30 05:00:00,3,2,1
2022-05-30 06:00:00,7,4,3
2022-05-30 07:00:00,17,9,8
2022-05-30 08:00:00,57,29,28
2022-05-30 09:00:00,101,51,50
2022-05-30 10:00:00,124,62,62
2022-05-30 11:00:00,202,101,101
2022-05-30 12:00:00,187,94,93
2022-05-30 13:00:00,228,114,114
2022-05-30 14:00:00,244,122,122
2022-05-30 15:00:00,200,100,100
2022-05-30 16:00:00,163,82,81
2022-05-30 17:00:00,131,66,65
2022-05-30 18:00:00,79,40,39
2022-05-30 19:00:00,72,36,36
2022-05-30 20:00:00,22,11,11
2022-05-30 21:00:00,5,3,2
2022-05-30 22:00:00,0,0,0
2022-05-30 23:00:00,0,0,0
2022-05-31 00:00:00,0,0,0
2022-05-31 01:00:00,0,0,0
2022-05-31 02:00:00,0,0,0
2022-05-31 03:00:00,0,0,0
2022-05-31 04:00:00,4,2,2
2022-05-31 05:00:00,17,9,8
2022-05-31 06:00:00,29,15,14
2022-05-31 07:00:00,42,21,21
2022-05-31 08:00:00,77,39,38
2022-05-31 09:00:00,60,30,30
2022-05-31 10:00:00,43,22,21
2022-05-31 11:00:00,61,31,30
2022-05-31 12:00:00,67,34,33
2022-05-31 13:00:00,96,48,48
2022-05-31 14:00:00,83,42,41
2022-05-31 15:00:00,89,45,44
2022-05-31 16:00:00,149,75,74
2022-05-31 17:00:00,224,112,112
2022-05-31 18:00:00,153,77,76
2022-05-31 19:00:00,119,60,59
2022-05-31 20:00:00,47,24,23
2022-05-31 21:00:00,12,6,6
2022-05-31 22:00:00,6,3,3
2022-05-31 23:00:00,2,1,1