Date,BGT North of NE 70th Total,Ped South,Ped North
2019-01-01 00:00:00,0,0,0
2019-01-01 01:00:00,1,1,0
2019-01-01 02:00:00,0,0,0
2019-01-01 03:00:00,0,0,0
2019-01-01 04:00:00,0,0,0
2019-01-01 05:00:00,0,0,0
2019-01-01 06:00:00,0,0,0
2019-01-01 07:00:00,1,1,0
2019-01-01 08:00:00,11,8,3
2019-01-01 09:00:00,35,18,17
2019-01-01 10:00:00,49,20,29
2019-01-01 11:00:00,46,28,18
2019-01-01 12:00:00,37,20,17
2019-01-01 13:00:00,39,15,24
2019-01-01 14:00:00,40,18,22
2019-01-01 15:00:00,46,24,22
2019-01-01 16:00:00,36,16,20
2019-01-01 17:00:00,7,2,5
2019-01-01 18:00:00,8,4,4
2019-01-01 19:00:00,3,1,2
2019-01-01 20:00:00,1,0,1
2019-01-01 21:00:00,3,1,2
2019-01-01 22:00:00,1,1,0
2019-01-01 23:00:00,0,0,0
2019-01-02 00:00:00,0,0,0
2019-01-02 01:00:00,0,0,0
2019-01-02 02:00:00,0,0,0
2019-01-02 03:00:00,0,0,0
2019-01-02 04:00:00,0,0,0
2019-01-02 05:00:00,3,1,2
2019-01-02 06:00:00,2,0,2
2019-01-02 07:00:00,6,3,3
2019-01-02 08:00:00,15,8,7
2019-01-02 09:00:00,25,10,15
2019-01-02 10:00:00,13,5,8
2019-01-02 11:00:00,23,11,12
2019-01-02 12:00:00,19,8,11
2019-01-02 13:00:00,19,9,10
2019-01-02 14:00:00,21,15,6
2019-01-02 15:00:00,25,16,9
2019-01-02 16:00:00,25,14,11
2019-01-02 17:00:00,9,5,4
2019-01-02 18:00:00,0,0,0
2019-01-02 19:00:00,5,2,3
2019-01-02 20:00:00,0,0,0
2019-01-02 21:00:00,0,0,0
2019-01-02 22:00:00,0,0,0
2019-01-02 23:00:00,0,0,0
2019-01-03 00:00:00,0,0,0
2019-01-03 01:00:00,0,0,0
2019-01-03 02:00:00,0,0,0
2019-01-03 03:00:00,0,0,0
2019-01-03 04:00:00,0,0,0
2019-01-03 05:00:00,0,0,0
2019-01-03 06:00:00,4,2,2
2019-01-03 07:00:00,6,1,5
2019-01-03 08:00:00,18,8,10
2019-01-03 09:00:00,16,8,8
2019-01-03 10:00:00,21,12,9
2019-01-03 11:00:00,11,5,6
2019-01-03 12:00:00,23,10,13
2019-01-03 13:00:00,19,9,10
2019-01-03 14:00:00,6,2,4
2019-01-03 15:00:00,9,4,5
2019-01-03 16:00:00,7,3,4
2019-01-03 17:00:00,13,5,8
2019-01-03 18:00:00,4,3,1
2019-01-03 19:00:00,2,0,2
2019-01-03 20:00:00,1,0,1
2019-01-03 21:00:00,0,0,0
2019-01-03 22:00:00,0,0,0
2019-01-03 23:00:00,0,0,0
2019-01-04 00:00:00,0,0,0
2019-01-04 01:00:00,0,0,0
2019-01-04 02:00:00,0,0,0
2019-01-04 03:00:00,0,0,0
2019-01-04 04:00:00,0,0,0
2019-01-04 05:00:00,0,0,0
2019-01-04 06:00:00,3,2,1
2019-01-04 07:00:00,7,3,4
2019-01-04 08:00:00,22,11,11
2019-01-04 09:00:00,17,6,11
2019-01-04 10:00:00,28,14,14
2019-01-04 11:00:00,21,13,8
2019-01-04 12:00:00,34,18,16
2019-01-04 13:00:00,28,11,17
2019-01-04 14:00:00,21,9,12
2019-01-04 15:00:00,29,15,14
2019-01-04 16:00:00,13,6,7
2019-01-04 17:00:00,12,8,4
2019-01-04 18:00:00,5,1,4
2019-01-04 19:00:00,2,2,0
2019-01-04 20:00:00,2,0,2
2019-01-04 21:00:00,0,0,0
2019-01-04 22:00:00,0,0,0
2019-01-04 23:00:00,0,0,0
2019-01-05 00:00:00,0,0,0
2019-01-05 01:00:00,0,0,0
2019-01-05 02:00:00,0,0,0
2019-01-05 03:00:00,0,0,0
2019-01-05 04:00:00,0,0,0
2019-01-05 05:00:00,0,0,0
2019-01-05 06:00:00,6,3,3
2019-01-05 07:00:00,5,3,2
2019-01-05 08:00:00,46,23,23
2019-01-05 09:00:00,64,41,23
2019-01-05 10:00:00,51,18,33
2019-01-05 11:00:00,53,31,22
2019-01-05 12:00:00,59,27,32
2019-01-05 13:00:00,46,20,26
2019-01-05 14:00:00,33,13,20
2019-01-05 15:00:00,31,21,10
2019-01-05 16:00:00,35,16,19
2019-01-05 17:00:00,9,3,6
2019-01-05 18:00:00,1,1,0
2019-01-05 19:00:00,0,0,0
2019-01-05 20:00:00,2,0,2
2019-01-05 21:00:00,0,0,0
2019-01-05 22:00:00,0,0,0
2019-01-05 23:00:00,0,0,0
2019-01-06 00:00:00,0,0,0
2019-01-06 01:00:00,0,0,0
2019-01-06 02:00:00,0,0,0
2019-01-06 03:00:00,0,0,0
2019-01-06 04:00:00,0,0,0
2019-01-06 05:00:00,0,0,0
2019-01-06 06:00:00,2,1,1
2019-01-06 07:00:00,6,3,3
2019-01-06 08:00:00,19,9,10
2019-01-06 09:00:00,40,20,20
2019-01-06 10:00:00,61,35,26
2019-01-06 11:00:00,62,30,32
2019-01-06 12:00:00,50,22,28
2019-01-06 13:00:00,28,14,14
2019-01-06 14:00:00,39,21,18
2019-01-06 15:00:00,47,22,25
2019-01-06 16:00:00,21,9,12
2019-01-06 17:00:00,11,5,6
2019-01-06 18:00:00,4,2,2
2019-01-06 19:00:00,2,0,2
2019-01-06 20:00:00,0,0,0
2019-01-06 21:00:00,0,0,0
2019-01-06 22:00:00,0,0,0
2019-01-06 23:00:00,0,0,0
2019-01-07 00:00:00,0,0,0
2019-01-07 01:00:00,0,0,0
2019-01-07 02:00:00,0,0,0
2019-01-07 03:00:00,0,0,0
2019-01-07 04:00:00,0,0,0
2019-01-07 05:00:00,1,1,0
2019-01-07 06:00:00,3,1,2
2019-01-07 07:00:00,14,6,8
2019-01-07 08:00:00,26,15,11
2019-01-07 09:00:00,27,17,10
2019-01-07 10:00:00,25,8,17
2019-01-07 11:00:00,16,11,5
2019-01-07 12:00:00,16,9,7
2019-01-07 13:00:00,16,8,8
2019-01-07 14:00:00,15,6,9
2019-01-07 15:00:00,29,15,14
2019-01-07 16:00:00,42,21,21
2019-01-07 17:00:00,8,4,4
2019-01-07 18:00:00,15,8,7
2019-01-07 19:00:00,2,1,1
2019-01-07 20:00:00,2,2,0
2019-01-07 21:00:00,2,0,2
2019-01-07 22:00:00,0,0,0
2019-01-07 23:00:00,0,0,0
2019-01-08 00:00:00,0,0,0
2019-01-08 01:00:00,1,0,1
2019-01-08 02:00:00,1,1,0
2019-01-08 03:00:00,0,0,0
2019-01-08 04:00:00,0,0,0
2019-01-08 05:00:00,2,0,2
2019-01-08 06:00:00,4,3,1
2019-01-08 07:00:00,16,9,7
2019-01-08 08:00:00,27,10,17
2019-01-08 09:00:00,20,9,11
2019-01-08 10:00:00,11,5,6
2019-01-08 11:00:00,10,5,5
2019-01-08 12:00:00,11,6,5
2019-01-08 13:00:00,10,3,7
2019-01-08 14:00:00,15,9,6
2019-01-08 15:00:00,23,15,8
2019-01-08 16:00:00,24,10,14
2019-01-08 17:00:00,12,7,5
2019-01-08 18:00:00,7,3,4
2019-01-08 19:00:00,10,3,7
2019-01-08 20:00:00,0,0,0
2019-01-08 21:00:00,0,0,0
2019-01-08 22:00:00,0,0,0
2019-01-08 23:00:00,0,0,0
2019-01-09 00:00:00,1,0,1
2019-01-09 01:00:00,0,0,0
2019-01-09 02:00:00,0,0,0
2019-01-09 03:00:00,1,1,0
2019-01-09 04:00:00,0,0,0
2019-01-09 05:00:00,2,0,2
2019-01-09 06:00:00,28,13,15
2019-01-09 07:00:00,8,4,4
2019-01-09 08:00:00,26,12,14
2019-01-09 09:00:00,18,8,10
2019-01-09 10:00:00,20,9,11
2019-01-09 11:00:00,17,9,8
2019-01-09 12:00:00,21,10,11
2019-01-09 13:00:00,14,5,9
2019-01-09 14:00:00,13,8,5
2019-01-09 15:00:00,14,9,5
2019-01-09 16:00:00,27,13,14
2019-01-09 17:00:00,12,6,6
2019-01-09 18:00:00,6,2,4
2019-01-09 19:00:00,5,3,2
2019-01-09 20:00:00,2,2,0
2019-01-09 21:00:00,4,2,2
2019-01-09 22:00:00,0,0,0
2019-01-09 23:00:00,1,0,1
2019-01-10 00:00:00,0,0,0
2019-01-10 01:00:00,0,0,0
2019-01-10 02:00:00,0,0,0
2019-01-10 03:00:00,0,0,0
2019-01-10 04:00:00,0,0,0
2019-01-10 05:00:00,1,1,0
2019-01-10 06:00:00,10,5,5
2019-01-10 07:00:00,15,7,8
2019-01-10 08:00:00,28,14,14
2019-01-10 09:00:00,20,8,12
2019-01-10 10:00:00,26,10,16
2019-01-10 11:00:00,14,7,7
2019-01-10 12:00:00,22,14,8
2019-01-10 13:00:00,17,7,10
2019-01-10 14:00:00,24,9,15
2019-01-10 15:00:00,21,12,9
2019-01-10 16:00:00,29,13,16
2019-01-10 17:00:00,22,12,10
2019-01-10 18:00:00,13,13,0
2019-01-10 19:00:00,5,2,3
2019-01-10 20:00:00,12,1,11
2019-01-10 21:00:00,1,1,0
2019-01-10 22:00:00,0,0,0
2019-01-10 23:00:00,0,0,0
2019-01-11 00:00:00,1,1,0
2019-01-11 01:00:00,0,0,0
2019-01-11 02:00:00,0,0,0
2019-01-11 03:00:00,0,0,0
2019-01-11 04:00:00,0,0,0
2019-01-11 05:00:00,4,2,2
2019-01-11 06:00:00,8,4,4
2019-01-11 07:00:00,14,7,7
2019-01-11 08:00:00,28,16,12
2019-01-11 09:00:00,33,15,18
2019-01-11 10:00:00,20,11,9
2019-01-11 11:00:00,21,11,10
2019-01-11 12:00:00,27,13,14
2019-01-11 13:00:00,17,8,9
2019-01-11 14:00:00,14,4,10
2019-01-11 15:00:00,25,16,9
2019-01-11 16:00:00,24,8,16
2019-01-11 17:00:00,13,6,7
2019-01-11 18:00:00,4,2,2
2019-01-11 19:00:00,8,5,3
2019-01-11 20:00:00,0,0,0
2019-01-11 21:00:00,1,1,0
2019-01-11 22:00:00,1,0,1
2019-01-11 23:00:00,1,1,0
2019-01-12 00:00:00,1,0,1
2019-01-12 01:00:00,0,0,0
2019-01-12 02:00:00,0,0,0
2019-01-12 03:00:00,0,0,0
2019-01-12 04:00:00,0,0,0
2019-01-12 05:00:00,2,1,1
2019-01-12 06:00:00,1,1,0
2019-01-12 07:00:00,11,6,5
2019-01-12 08:00:00,34,15,19
2019-01-12 09:00:00,46,25,21
2019-01-12 10:00:00,57,29,28
2019-01-12 11:00:00,69,34,35
2019-01-12 12:00:00,59,26,33
2019-01-12 13:00:00,52,26,26
2019-01-12 14:00:00,63,30,33
2019-01-12 15:00:00,56,26,30
2019-01-12 16:00:00,32,13,19
2019-01-12 17:00:00,12,5,7
2019-01-12 18:00:00,2,1,1
2019-01-12 19:00:00,6,1,5
2019-01-12 20:00:00,0,0,0
2019-01-12 21:00:00,3,2,1
2019-01-12 22:00:00,0,0,0
2019-01-12 23:00:00,0,0,0
2019-01-13 00:00:00,0,0,0
2019-01-13 01:00:00,0,0,0
2019-01-13 02:00:00,0,0,0
2019-01-13 03:00:00,0,0,0
2019-01-13 04:00:00,0,0,0
2019-01-13 05:00:00,0,0,0
2019-01-13 06:00:00,2,0,2
2019-01-13 07:00:00,9,8,1
2019-01-13 08:00:00,20,9,11
2019-01-13 09:00:00,52,29,23
2019-01-13 10:00:00,62,30,32
2019-01-13 11:00:00,46,19,27
2019-01-13 12:00:00,49,33,16
2019-01-13 13:00:00,59,29,30
2019-01-13 14:00:00,60,25,35
2019-01-13 15:00:00,62,28,34
2019-01-13 16:00:00,55,20,35
2019-01-13 17:00:00,9,4,5
2019-01-13 18:00:00,1,0,1
2019-01-13 19:00:00,0,0,0
2019-01-13 20:00:00,3,1,2
2019-01-13 21:00:00,0,0,0
2019-01-13 22:00:00,0,0,0
2019-01-13 23:00:00,0,0,0
2019-01-14 00:00:00,0,0,0
2019-01-14 01:00:00,0,0,0
2019-01-14 02:00:00,0,0,0
2019-01-14 03:00:00,0,0,0
2019-01-14 04:00:00,0,0,0
2019-01-14 05:00:00,0,0,0
2019-01-14 06:00:00,3,1,2
2019-01-14 07:00:00,13,3,10
2019-01-14 08:00:00,27,15,12
2019-01-14 09:00:00,18,11,7
2019-01-14 10:00:00,27,13,14
2019-01-14 11:00:00,22,15,7
2019-01-14 12:00:00,47,15,32
2019-01-14 13:00:00,31,14,17
2019-01-14 14:00:00,39,18,21
2019-01-14 15:00:00,34,22,12
2019-01-14 16:00:00,63,33,30
2019-01-14 17:00:00,13,4,9
2019-01-14 18:00:00,6,5,1
2019-01-14 19:00:00,7,4,3
2019-01-14 20:00:00,0,0,0
2019-01-14 21:00:00,0,0,0
2019-01-14 22:00:00,0,0,0
2019-01-14 23:00:00,0,0,0
2019-01-15 00:00:00,0,0,0
2019-01-15 01:00:00,0,0,0
2019-01-15 02:00:00,0,0,0
2019-01-15 03:00:00,0,0,0
2019-01-15 04:00:00,1,0,1
2019-01-15 05:00:00,0,0,0
2019-01-15 06:00:00,6,3,3
2019-01-15 07:00:00,8,3,5
2019-01-15 08:00:00,27,15,12
2019-01-15 09:00:00,16,7,9
2019-01-15 10:00:00,14,5,9
2019-01-15 11:00:00,25,15,10
2019-01-15 12:00:00,15,5,10
2019-01-15 13:00:00,26,15,11
2019-01-15 14:00:00,15,5,10
2019-01-15 15:00:00,22,13,9
2019-01-15 16:00:00,38,22,16
2019-01-15 17:00:00,18,7,11
2019-01-15 18:00:00,5,1,4
2019-01-15 19:00:00,3,3,0
2019-01-15 20:00:00,3,1,2
2019-01-15 21:00:00,3,1,2
2019-01-15 22:00:00,0,0,0
2019-01-15 23:00:00,0,0,0
2019-01-16 00:00:00,0,0,0
2019-01-16 01:00:00,0,0,0
2019-01-16 02:00:00,0,0,0
2019-01-16 03:00:00,0,0,0
2019-01-16 04:00:00,0,0,0
2019-01-16 05:00:00,2,1,1
2019-01-16 06:00:00,8,4,4
2019-01-16 07:00:00,8,4,4
2019-01-16 08:00:00,39,19,20
2019-01-16 09:00:00,28,14,14
2019-01-16 10:00:00,31,15,16
2019-01-16 11:00:00,25,6,19
2019-01-16 12:00:00,21,11,10
2019-01-16 13:00:00,22,11,11
2019-01-16 14:00:00,24,13,11
2019-01-16 15:00:00,24,12,12
2019-01-16 16:00:00,33,15,18
2019-01-16 17:00:00,20,13,7
2019-01-16 18:00:00,6,3,3
2019-01-16 19:00:00,5,2,3
2019-01-16 20:00:00,2,1,1
2019-01-16 21:00:00,2,1,1
2019-01-16 22:00:00,0,0,0
2019-01-16 23:00:00,0,0,0
2019-01-17 00:00:00,0,0,0
2019-01-17 01:00:00,0,0,0
2019-01-17 02:00:00,0,0,0
2019-01-17 03:00:00,0,0,0
2019-01-17 04:00:00,0,0,0
2019-01-17 05:00:00,3,2,1
2019-01-17 06:00:00,14,7,7
2019-01-17 07:00:00,9,4,5
2019-01-17 08:00:00,20,8,12
2019-01-17 09:00:00,28,15,13
2019-01-17 10:00:00,14,6,8
2019-01-17 11:00:00,17,10,7
2019-01-17 12:00:00,12,5,7
2019-01-17 13:00:00,17,7,10
2019-01-17 14:00:00,21,12,9
2019-01-17 15:00:00,24,12,12
2019-01-17 16:00:00,30,15,15
2019-01-17 17:00:00,19,9,10
2019-01-17 18:00:00,7,3,4
2019-01-17 19:00:00,1,1,0
2019-01-17 20:00:00,0,0,0
2019-01-17 21:00:00,2,0,2
2019-01-17 22:00:00,1,1,0
2019-01-17 23:00:00,0,0,0
2019-01-18 00:00:00,0,0,0
2019-01-18 01:00:00,0,0,0
2019-01-18 02:00:00,0,0,0
2019-01-18 03:00:00,0,0,0
2019-01-18 04:00:00,0,0,0
2019-01-18 05:00:00,1,0,1
2019-01-18 06:00:00,5,2,3
2019-01-18 07:00:00,19,10,9
2019-01-18 08:00:00,25,16,9
2019-01-18 09:00:00,29,15,14
2019-01-18 10:00:00,35,16,19
2019-01-18 11:00:00,24,13,11
2019-01-18 12:00:00,16,6,10
2019-01-18 13:00:00,29,17,12
2019-01-18 14:00:00,19,8,11
2019-01-18 15:00:00,27,14,13
2019-01-18 16:00:00,25,11,14
2019-01-18 17:00:00,6,2,4
2019-01-18 18:00:00,2,0,2
2019-01-18 19:00:00,2,1,1
2019-01-18 20:00:00,0,0,0
2019-01-18 21:00:00,0,0,0
2019-01-18 22:00:00,1,1,0
2019-01-18 23:00:00,0,0,0
2019-01-19 00:00:00,0,0,0
2019-01-19 01:00:00,0,0,0
2019-01-19 02:00:00,0,0,0
2019-01-19 03:00:00,0,0,0
2019-01-19 04:00:00,0,0,0
2019-01-19 05:00:00,0,0,0
2019-01-19 06:00:00,4,2,2
2019-01-19 07:00:00,8,7,1
2019-01-19 08:00:00,47,28,19
2019-01-19 09:00:00,47,19,28
2019-01-19 10:00:00,62,34,28
2019-01-19 11:00:00,45,26,19
2019-01-19 12:00:00,36,16,20
2019-01-19 13:00:00,36,21,15
2019-01-19 14:00:00,51,26,25
2019-01-19 15:00:00,39,20,19
2019-01-19 16:00:00,14,6,8
2019-01-19 17:00:00,8,3,5
2019-01-19 18:00:00,1,0,1
2019-01-19 19:00:00,2,1,1
2019-01-19 20:00:00,1,0,1
2019-01-19 21:00:00,1,0,1
2019-01-19 22:00:00,2,2,0
2019-01-19 23:00:00,1,0,1
2019-01-20 00:00:00,0,0,0
2019-01-20 01:00:00,0,0,0
2019-01-20 02:00:00,0,0,0
2019-01-20 03:00:00,0,0,0
2019-01-20 04:00:00,2,1,1
2019-01-20 05:00:00,0,0,0
2019-01-20 06:00:00,1,1,0
2019-01-20 07:00:00,8,4,4
2019-01-20 08:00:00,14,10,4
2019-01-20 09:00:00,45,23,22
2019-01-20 10:00:00,47,25,22
2019-01-20 11:00:00,57,26,31
2019-01-20 12:00:00,40,14,26
2019-01-20 13:00:00,30,14,16
2019-01-20 14:00:00,31,16,15
2019-01-20 15:00:00,48,24,24
2019-01-20 16:00:00,38,17,21
2019-01-20 17:00:00,16,6,10
2019-01-20 18:00:00,2,1,1
2019-01-20 19:00:00,0,0,0
2019-01-20 20:00:00,3,1,2
2019-01-20 21:00:00,0,0,0
2019-01-20 22:00:00,1,0,1
2019-01-20 23:00:00,1,1,0
2019-01-21 00:00:00,0,0,0
2019-01-21 01:00:00,0,0,0
2019-01-21 02:00:00,0,0,0
2019-01-21 03:00:00,0,0,0
2019-01-21 04:00:00,0,0,0
2019-01-21 05:00:00,0,0,0
2019-01-21 06:00:00,2,1,1
2019-01-21 07:00:00,4,2,2
2019-01-21 08:00:00,30,16,14
2019-01-21 09:00:00,36,22,14
2019-01-21 10:00:00,47,21,26
2019-01-21 11:00:00,51,24,27
2019-01-21 12:00:00,29,14,15
2019-01-21 13:00:00,35,19,16
2019-01-21 14:00:00,27,13,14
2019-01-21 15:00:00,27,15,12
2019-01-21 16:00:00,29,14,15
2019-01-21 17:00:00,8,2,6
2019-01-21 18:00:00,5,2,3
2019-01-21 19:00:00,1,1,0
2019-01-21 20:00:00,2,1,1
2019-01-21 21:00:00,0,0,0
2019-01-21 22:00:00,0,0,0
2019-01-21 23:00:00,0,0,0
2019-01-22 00:00:00,0,0,0
2019-01-22 01:00:00,0,0,0
2019-01-22 02:00:00,0,0,0
2019-01-22 03:00:00,0,0,0
2019-01-22 04:00:00,0,0,0
2019-01-22 05:00:00,3,2,1
2019-01-22 06:00:00,2,1,1
2019-01-22 07:00:00,9,5,4
2019-01-22 08:00:00,24,11,13
2019-01-22 09:00:00,27,10,17
2019-01-22 10:00:00,16,6,10
2019-01-22 11:00:00,14,8,6
2019-01-22 12:00:00,10,6,4
2019-01-22 13:00:00,15,8,7
2019-01-22 14:00:00,12,6,6
2019-01-22 15:00:00,14,7,7
2019-01-22 16:00:00,18,7,11
2019-01-22 17:00:00,16,10,6
2019-01-22 18:00:00,8,3,5
2019-01-22 19:00:00,3,1,2
2019-01-22 20:00:00,5,4,1
2019-01-22 21:00:00,1,0,1
2019-01-22 22:00:00,0,0,0
2019-01-22 23:00:00,0,0,0
2019-01-23 00:00:00,0,0,0
2019-01-23 01:00:00,0,0,0
2019-01-23 02:00:00,0,0,0
2019-01-23 03:00:00,0,0,0
2019-01-23 04:00:00,0,0,0
2019-01-23 05:00:00,1,1,0
2019-01-23 06:00:00,4,2,2
2019-01-23 07:00:00,8,2,6
2019-01-23 08:00:00,7,4,3
2019-01-23 09:00:00,23,11,12
2019-01-23 10:00:00,16,7,9
2019-01-23 11:00:00,16,8,8
2019-01-23 12:00:00,9,2,7
2019-01-23 13:00:00,29,17,12
2019-01-23 14:00:00,21,10,11
2019-01-23 15:00:00,33,14,19
2019-01-23 16:00:00,46,22,24
2019-01-23 17:00:00,15,5,10
2019-01-23 18:00:00,5,3,2
2019-01-23 19:00:00,2,0,2
2019-01-23 20:00:00,0,0,0
2019-01-23 21:00:00,0,0,0
2019-01-23 22:00:00,2,1,1
2019-01-23 23:00:00,0,0,0
2019-01-24 00:00:00,0,0,0
2019-01-24 01:00:00,0,0,0
2019-01-24 02:00:00,1,0,1
2019-01-24 03:00:00,1,1,0
2019-01-24 04:00:00,1,0,1
2019-01-24 05:00:00,0,0,0
2019-01-24 06:00:00,9,5,4
2019-01-24 07:00:00,15,5,10
2019-01-24 08:00:00,23,7,16
2019-01-24 09:00:00,27,13,14
2019-01-24 10:00:00,20,8,12
2019-01-24 11:00:00,16,7,9
2019-01-24 12:00:00,23,13,10
2019-01-24 13:00:00,29,12,17
2019-01-24 14:00:00,19,11,8
2019-01-24 15:00:00,23,15,8
2019-01-24 16:00:00,32,12,20
2019-01-24 17:00:00,19,9,10
2019-01-24 18:00:00,7,6,1
2019-01-24 19:00:00,2,0,2
2019-01-24 20:00:00,1,0,1
2019-01-24 21:00:00,0,0,0
2019-01-24 22:00:00,0,0,0
2019-01-24 23:00:00,0,0,0
2019-01-25 00:00:00,0,0,0
2019-01-25 01:00:00,0,0,0
2019-01-25 02:00:00,0,0,0
2019-01-25 03:00:00,1,1,0
2019-01-25 04:00:00,0,0,0
2019-01-25 05:00:00,2,1,1
2019-01-25 06:00:00,10,5,5
2019-01-25 07:00:00,8,4,4
2019-01-25 08:00:00,28,14,14
2019-01-25 09:00:00,20,10,10
2019-01-25 10:00:00,20,10,10
2019-01-25 11:00:00,25,14,11
2019-01-25 12:00:00,26,15,11
2019-01-25 13:00:00,27,11,16
2019-01-25 14:00:00,24,13,11
2019-01-25 15:00:00,34,19,15
2019-01-25 16:00:00,29,12,17
2019-01-25 17:00:00,16,6,10
2019-01-25 18:00:00,9,6,3
2019-01-25 19:00:00,4,3,1
2019-01-25 20:00:00,0,0,0
2019-01-25 21:00:00,0,0,0
2019-01-25 22:00:00,2,1,1
2019-01-25 23:00:00,4,2,2
2019-01-26 00:00:00,0,0,0
2019-01-26 01:00:00,0,0,0
2019-01-26 02:00:00,0,0,0
2019-01-26 03:00:00,0,0,0
2019-01-26 04:00:00,0,0,0
2019-01-26 05:00:00,0,0,0
2019-01-26 06:00:00,2,0,2
2019-01-26 07:00:00,10,6,4
2019-01-26 08:00:00,50,26,24
2019-01-26 09:00:00,47,20,27
2019-01-26 10:00:00,62,31,31
2019-01-26 11:00:00,49,24,25
2019-01-26 12:00:00,68,36,32
2019-01-26 13:00:00,49,25,24
2019-01-26 14:00:00,55,31,24
2019-01-26 15:00:00,53,20,33
2019-01-26 16:00:00,44,21,23
2019-01-26 17:00:00,15,5,10
2019-01-26 18:00:00,1,0,1
2019-01-26 19:00:00,3,0,3
2019-01-26 20:00:00,0,0,0
2019-01-26 21:00:00,6,3,3
2019-01-26 22:00:00,1,1,0
2019-01-26 23:00:00,0,0,0
2019-01-27 00:00:00,0,0,0
2019-01-27 01:00:00,0,0,0
2019-01-27 02:00:00,0,0,0
2019-01-27 03:00:00,1,0,1
2019-01-27 04:00:00,0,0,0
2019-01-27 05:00:00,0,0,0
2019-01-27 06:00:00,2,2,0
2019-01-27 07:00:00,8,6,2
2019-01-27 08:00:00,27,14,13
2019-01-27 09:00:00,51,27,24
2019-01-27 10:00:00,57,24,33
2019-01-27 11:00:00,43,26,17
2019-01-27 12:00:00,44,19,25
2019-01-27 13:00:00,34,16,18
2019-01-27 14:00:00,50,18,32
2019-01-27 15:00:00,48,24,24
2019-01-27 16:00:00,45,17,28
2019-01-27 17:00:00,24,11,13
2019-01-27 18:00:00,36,18,18
2019-01-27 19:00:00,5,3,2
2019-01-27 20:00:00,3,2,1
2019-01-27 21:00:00,0,0,0
2019-01-27 22:00:00,0,0,0
2019-01-27 23:00:00,0,0,0
2019-01-28 00:00:00,0,0,0
2019-01-28 01:00:00,0,0,0
2019-01-28 02:00:00,0,0,0
2019-01-28 03:00:00,0,0,0
2019-01-28 04:00:00,1,0,1
2019-01-28 05:00:00,3,2,1
2019-01-28 06:00:00,4,2,2
2019-01-28 07:00:00,12,2,10
2019-01-28 08:00:00,23,12,11
2019-01-28 09:00:00,26,12,14
2019-01-28 10:00:00,23,13,10
2019-01-28 11:00:00,32,18,14
2019-01-28 12:00:00,15,8,7
2019-01-28 13:00:00,25,12,13
2019-01-28 14:00:00,27,12,15
2019-01-28 15:00:00,31,13,18
2019-01-28 16:00:00,40,19,21
2019-01-28 17:00:00,16,8,8
2019-01-28 18:00:00,9,5,4
2019-01-28 19:00:00,4,2,2
2019-01-28 20:00:00,2,1,1
2019-01-28 21:00:00,1,1,0
2019-01-28 22:00:00,0,0,0
2019-01-28 23:00:00,0,0,0
2019-01-29 00:00:00,0,0,0
2019-01-29 01:00:00,0,0,0
2019-01-29 02:00:00,0,0,0
2019-01-29 03:00:00,0,0,0
2019-01-29 04:00:00,0,0,0
2019-01-29 05:00:00,1,1,0
2019-01-29 06:00:00,5,2,3
2019-01-29 07:00:00,14,6,8
2019-01-29 08:00:00,22,11,11
2019-01-29 09:00:00,18,10,8
2019-01-29 10:00:00,14,9,5
2019-01-29 11:00:00,19,8,11
2019-01-29 12:00:00,28,13,15
2019-01-29 13:00:00,29,14,15
2019-01-29 14:00:00,26,12,14
2019-01-29 15:00:00,35,17,18
2019-01-29 16:00:00,36,17,19
2019-01-29 17:00:00,28,10,18
2019-01-29 18:00:00,2,1,1
2019-01-29 19:00:00,6,2,4
2019-01-29 20:00:00,2,2,0
2019-01-29 21:00:00,2,0,2
2019-01-29 22:00:00,0,0,0
2019-01-29 23:00:00,0,0,0
2019-01-30 00:00:00,0,0,0
2019-01-30 01:00:00,0,0,0
2019-01-30 02:00:00,0,0,0
2019-01-30 03:00:00,0,0,0
2019-01-30 04:00:00,0,0,0
2019-01-30 05:00:00,1,0,1
2019-01-30 06:00:00,14,4,10
2019-01-30 07:00:00,5,3,2
2019-01-30 08:00:00,21,11,10
2019-01-30 09:00:00,21,12,9
2019-01-30 10:00:00,25,11,14
2019-01-30 11:00:00,25,15,10
2019-01-30 12:00:00,31,13,18
2019-01-30 13:00:00,23,9,14
2019-01-30 14:00:00,24,13,11
2019-01-30 15:00:00,25,12,13
2019-01-30 16:00:00,41,20,21
2019-01-30 17:00:00,12,6,6
2019-01-30 18:00:00,9,5,4
2019-01-30 19:00:00,2,0,2
2019-01-30 20:00:00,2,2,0
2019-01-30 21:00:00,0,0,0
2019-01-30 22:00:00,0,0,0
2019-01-30 23:00:00,0,0,0
2019-01-31 00:00:00,0,0,0
2019-01-31 01:00:00,0,0,0
2019-01-31 02:00:00,0,0,0
2019-01-31 03:00:00,0,0,0
2019-01-31 04:00:00,1,0,1
2019-01-31 05:00:00,3,1,2
2019-01-31 06:00:00,10,5,5
2019-01-31 07:00:00,12,9,3
2019-01-31 08:00:00,22,8,14
2019-01-31 09:00:00,20,11,9
2019-01-31 10:00:00,19,8,11
2019-01-31 11:00:00,23,12,11
2019-01-31 12:00:00,15,9,6
2019-01-31 13:00:00,29,14,15
2019-01-31 14:00:00,26,9,17
2019-01-31 15:00:00,25,13,12
2019-01-31 16:00:00,25,11,14
2019-01-31 17:00:00,22,11,11
2019-01-31 18:00:00,5,2,3
2019-01-31 19:00:00,3,2,1
2019-01-31 20:00:00,0,0,0
2019-01-31 21:00:00,2,0,2
2019-01-31 22:00:00,0,0,0
2019-01-31 23:00:00,0,0,0
2019-08-01 00:00:00,3,2,1
2019-08-01 01:00:00,0,0,0
2019-08-01 02:00:00,0,0,0
2019-08-01 03:00:00,0,0,0
2019-08-01 04:00:00,0,0,0
2019-08-01 05:00:00,9,3,6
2019-08-01 06:00:00,16,12,4
2019-08-01 07:00:00,31,8,23
2019-08-01 08:00:00,37,18,19
2019-08-01 09:00:00,35,19,16
2019-08-01 10:00:00,28,14,14
2019-08-01 11:00:00,41,21,20
2019-08-01 12:00:00,34,16,18
2019-08-01 13:00:00,28,12,16
2019-08-01 14:00:00,22,10,12
2019-08-01 15:00:00,21,12,9
2019-08-01 16:00:00,23,19,4
2019-08-01 17:00:00,21,14,7
2019-08-01 18:00:00,22,12,10
2019-08-01 19:00:00,16,8,8
2019-08-01 20:00:00,17,13,4
2019-08-01 21:00:00,12,7,5
2019-08-01 22:00:00,2,1,1
2019-02-01 00:00:00,0,0,0
2019-02-01 01:00:00,0,0,0
2019-02-01 02:00:00,0,0,0
2019-02-01 03:00:00,0,0,0
2019-02-01 04:00:00,0,0,0
2019-02-01 05:00:00,3,1,2
2019-02-01 06:00:00,3,1,2
2019-02-01 07:00:00,8,3,5
2019-02-01 08:00:00,6,2,4
2019-02-01 09:00:00,10,7,3
2019-02-01 10:00:00,20,9,11
2019-02-01 11:00:00,13,7,6
2019-02-01 12:00:00,10,5,5
2019-02-01 13:00:00,14,7,7
2019-02-01 14:00:00,12,5,7
2019-02-01 15:00:00,12,6,6
2019-02-01 16:00:00,14,7,7
2019-02-01 17:00:00,8,3,5
2019-02-01 18:00:00,4,1,3
2019-02-01 19:00:00,2,1,1
2019-02-01 20:00:00,2,1,1
2019-02-01 21:00:00,0,0,0
2019-02-01 22:00:00,0,0,0
2019-02-01 23:00:00,0,0,0
2019-02-02 00:00:00,0,0,0
2019-02-02 01:00:00,0,0,0
2019-02-02 02:00:00,0,0,0
2019-02-02 03:00:00,0,0,0
2019-02-02 04:00:00,0,0,0
2019-02-02 05:00:00,0,0,0
2019-02-02 06:00:00,2,1,1
2019-02-02 07:00:00,13,8,5
2019-02-02 08:00:00,27,16,11
2019-02-02 09:00:00,42,18,24
2019-02-02 10:00:00,56,29,27
2019-02-02 11:00:00,65,26,39
2019-02-02 12:00:00,31,13,18
2019-02-02 13:00:00,23,14,9
2019-02-02 14:00:00,28,13,15
2019-02-02 15:00:00,27,16,11
2019-02-02 16:00:00,34,16,18
2019-02-02 17:00:00,22,9,13
2019-02-02 18:00:00,8,0,8
2019-02-02 19:00:00,0,0,0
2019-02-02 20:00:00,0,0,0
2019-02-02 21:00:00,0,0,0
2019-02-02 22:00:00,0,0,0
2019-02-02 23:00:00,0,0,0
2019-02-03 00:00:00,0,0,0
2019-02-03 01:00:00,0,0,0
2019-02-03 02:00:00,0,0,0
2019-02-03 03:00:00,0,0,0
2019-02-03 04:00:00,0,0,0
2019-02-03 05:00:00,0,0,0
2019-02-03 06:00:00,1,0,1
2019-02-03 07:00:00,11,6,5
2019-02-03 08:00:00,37,17,20
2019-02-03 09:00:00,43,23,20
2019-02-03 10:00:00,60,28,32
2019-02-03 11:00:00,53,32,21
2019-02-03 12:00:00,65,30,35
2019-02-03 13:00:00,49,21,28
2019-02-03 14:00:00,28,12,16
2019-02-03 15:00:00,20,7,13
2019-02-03 16:00:00,16,8,8
2019-02-03 17:00:00,8,3,5
2019-02-03 18:00:00,4,2,2
2019-02-03 19:00:00,1,1,0
2019-02-03 20:00:00,4,2,2
2019-02-03 21:00:00,1,0,1
2019-02-03 22:00:00,1,0,1
2019-02-03 23:00:00,0,0,0
2019-02-04 00:00:00,0,0,0
2019-02-04 01:00:00,0,0,0
2019-02-04 02:00:00,0,0,0
2019-02-04 03:00:00,1,0,1
2019-02-04 04:00:00,0,0,0
2019-02-04 05:00:00,1,0,1
2019-02-04 06:00:00,3,1,2
2019-02-04 07:00:00,4,2,2
2019-02-04 08:00:00,19,10,9
2019-02-04 09:00:00,9,3,6
2019-02-04 10:00:00,22,11,11
2019-02-04 11:00:00,18,9,9
2019-02-04 12:00:00,5,1,4
2019-02-04 13:00:00,9,5,4
2019-02-04 14:00:00,18,8,10
2019-02-04 15:00:00,9,3,6
2019-02-04 16:00:00,17,13,4
2019-02-04 17:00:00,24,11,13
2019-02-04 18:00:00,4,2,2
2019-02-04 19:00:00,2,1,1
2019-02-04 20:00:00,3,0,3
2019-02-04 21:00:00,0,0,0
2019-02-04 22:00:00,0,0,0
2019-02-04 23:00:00,0,0,0
2019-02-05 00:00:00,0,0,0
2019-02-05 01:00:00,0,0,0
2019-02-05 02:00:00,0,0,0
2019-02-05 03:00:00,0,0,0
2019-02-05 04:00:00,0,0,0
2019-02-05 05:00:00,0,0,0
2019-02-05 06:00:00,0,0,0
2019-02-05 07:00:00,3,2,1
2019-02-05 08:00:00,13,6,7
2019-02-05 09:00:00,11,7,4
2019-02-05 10:00:00,8,5,3
2019-02-05 11:00:00,6,3,3
2019-02-05 12:00:00,21,10,11
2019-02-05 13:00:00,23,13,10
2019-02-05 14:00:00,23,12,11
2019-02-05 15:00:00,19,9,10
2019-02-05 16:00:00,11,5,6
2019-02-05 17:00:00,8,4,4
2019-02-05 18:00:00,4,2,2
2019-02-05 19:00:00,0,0,0
2019-02-05 20:00:00,0,0,0
2019-02-05 21:00:00,1,1,0
2019-02-05 22:00:00,3,1,2
2019-02-05 23:00:00,0,0,0
2019-02-06 00:00:00,0,0,0
2019-02-06 01:00:00,0,0,0
2019-02-06 02:00:00,0,0,0
2019-02-06 03:00:00,0,0,0
2019-02-06 04:00:00,0,0,0
2019-02-06 05:00:00,0,0,0
2019-02-06 06:00:00,3,1,2
2019-02-06 07:00:00,4,2,2
2019-02-06 08:00:00,8,4,4
2019-02-06 09:00:00,8,5,3
2019-02-06 10:00:00,14,10,4
2019-02-06 11:00:00,13,3,10
2019-02-06 12:00:00,10,5,5
2019-02-06 13:00:00,7,2,5
2019-02-06 14:00:00,10,5,5
2019-02-06 15:00:00,18,8,10
2019-02-06 16:00:00,17,10,7
2019-02-06 17:00:00,12,6,6
2019-02-06 18:00:00,8,4,4
2019-02-06 19:00:00,5,2,3
2019-02-06 20:00:00,2,1,1
2019-02-06 21:00:00,0,0,0
2019-02-06 22:00:00,0,0,0
2019-02-06 23:00:00,0,0,0
2019-02-07 00:00:00,0,0,0
2019-02-07 01:00:00,0,0,0
2019-02-07 02:00:00,0,0,0
2019-02-07 03:00:00,0,0,0
2019-02-07 04:00:00,0,0,0
2019-02-07 05:00:00,0,0,0
2019-02-07 06:00:00,7,4,3
2019-02-07 07:00:00,10,3,7
2019-02-07 08:00:00,15,8,7
2019-02-07 09:00:00,13,6,7
2019-02-07 10:00:00,6,3,3
2019-02-07 11:00:00,9,4,5
2019-02-07 12:00:00,19,13,6
2019-02-07 13:00:00,17,9,8
2019-02-07 14:00:00,17,9,8
2019-02-07 15:00:00,13,9,4
2019-02-07 16:00:00,16,8,8
2019-02-07 17:00:00,11,5,6
2019-02-07 18:00:00,2,1,1
2019-02-07 19:00:00,1,1,0
2019-02-07 20:00:00,0,0,0
2019-02-07 21:00:00,2,1,1
2019-02-07 22:00:00,0,0,0
2019-02-07 23:00:00,0,0,0
2019-02-08 00:00:00,0,0,0
2019-02-08 01:00:00,0,0,0
2019-02-08 02:00:00,0,0,0
2019-02-08 03:00:00,0,0,0
2019-02-08 04:00:00,0,0,0
2019-02-08 05:00:00,0,0,0
2019-02-08 06:00:00,4,2,2
2019-02-08 07:00:00,4,2,2
2019-02-08 08:00:00,16,9,7
2019-02-08 09:00:00,7,3,4
2019-02-08 10:00:00,22,12,10
2019-02-08 11:00:00,20,9,11
2019-02-08 12:00:00,21,11,10
2019-02-08 13:00:00,20,10,10
2019-02-08 14:00:00,11,9,2
2019-02-08 15:00:00,15,8,7
2019-02-08 16:00:00,23,14,9
2019-02-08 17:00:00,11,3,8
2019-02-08 18:00:00,3,3,0
2019-02-08 19:00:00,6,4,2
2019-02-08 20:00:00,4,0,4
2019-02-08 21:00:00,2,1,1
2019-02-08 22:00:00,0,0,0
2019-02-08 23:00:00,5,3,2
2019-02-09 00:00:00,1,0,1
2019-02-09 01:00:00,0,0,0
2019-02-09 02:00:00,0,0,0
2019-02-09 03:00:00,0,0,0
2019-02-09 04:00:00,0,0,0
2019-02-09 05:00:00,0,0,0
2019-02-09 06:00:00,1,1,0
2019-02-09 07:00:00,3,1,2
2019-02-09 08:00:00,20,14,6
2019-02-09 09:00:00,32,9,23
2019-02-09 10:00:00,33,15,18
2019-02-09 11:00:00,59,34,25
2019-02-09 12:00:00,55,30,25
2019-02-09 13:00:00,44,13,31
2019-02-09 14:00:00,49,28,21
2019-02-09 15:00:00,34,15,19
2019-02-09 16:00:00,21,13,8
2019-02-09 17:00:00,16,6,10
2019-02-09 18:00:00,1,1,0
2019-02-09 19:00:00,3,0,3
2019-02-09 20:00:00,0,0,0
2019-02-09 21:00:00,3,2,1
2019-02-09 22:00:00,0,0,0
2019-02-09 23:00:00,0,0,0
2019-02-10 00:00:00,0,0,0
2019-02-10 01:00:00,0,0,0
2019-02-10 02:00:00,1,0,1
2019-02-10 03:00:00,0,0,0
2019-02-10 04:00:00,0,0,0
2019-02-10 05:00:00,0,0,0
2019-02-10 06:00:00,0,0,0
2019-02-10 07:00:00,3,3,0
2019-02-10 08:00:00,7,3,4
2019-02-10 09:00:00,18,8,10
2019-02-10 10:00:00,22,12,10
2019-02-10 11:00:00,23,11,12
2019-02-10 12:00:00,38,24,14
2019-02-10 13:00:00,24,12,12
2019-02-10 14:00:00,23,10,13
2019-02-10 15:00:00,38,21,17
2019-02-10 16:00:00,28,14,14
2019-02-10 17:00:00,12,6,6
2019-02-10 18:00:00,2,1,1
2019-02-10 19:00:00,3,2,1
2019-02-10 20:00:00,5,5,0
2019-02-10 21:00:00,0,0,0
2019-02-10 22:00:00,0,0,0
2019-02-10 23:00:00,0,0,0
2019-02-11 00:00:00,0,0,0
2019-02-11 01:00:00,0,0,0
2019-02-11 02:00:00,0,0,0
2019-02-11 03:00:00,0,0,0
2019-02-11 04:00:00,0,0,0
2019-02-11 05:00:00,0,0,0
2019-02-11 06:00:00,1,0,1
2019-02-11 07:00:00,6,4,2
2019-02-11 08:00:00,11,4,7
2019-02-11 09:00:00,20,10,10
2019-02-11 10:00:00,39,22,17
2019-02-11 11:00:00,41,21,20
2019-02-11 12:00:00,20,6,14
2019-02-11 13:00:00,12,6,6
2019-02-11 14:00:00,24,14,10
2019-02-11 15:00:00,26,14,12
2019-02-11 16:00:00,35,20,15
2019-02-11 17:00:00,21,7,14
2019-02-11 18:00:00,10,3,7
2019-02-11 19:00:00,9,5,4
2019-02-11 20:00:00,3,3,0
2019-02-11 21:00:00,1,0,1
2019-02-11 22:00:00,1,1,0
2019-02-11 23:00:00,1,0,1
2019-02-12 00:00:00,0,0,0
2019-02-12 01:00:00,0,0,0
2019-02-12 02:00:00,0,0,0
2019-02-12 03:00:00,0,0,0
2019-02-12 04:00:00,0,0,0
2019-02-12 05:00:00,0,0,0
2019-02-12 06:00:00,2,1,1
2019-02-12 07:00:00,4,2,2
2019-02-12 08:00:00,8,3,5
2019-02-12 09:00:00,7,4,3
2019-02-12 10:00:00,20,14,6
2019-02-12 11:00:00,7,0,7
2019-02-12 12:00:00,9,3,6
2019-02-12 13:00:00,7,3,4
2019-02-12 14:00:00,11,7,4
2019-02-12 15:00:00,8,2,6
2019-02-12 16:00:00,14,10,4
2019-02-12 17:00:00,18,7,11
2019-02-12 18:00:00,5,2,3
2019-02-12 19:00:00,2,0,2
2019-02-12 20:00:00,0,0,0
2019-02-12 21:00:00,0,0,0
2019-02-12 22:00:00,0,0,0
2019-02-12 23:00:00,0,0,0
2019-02-13 00:00:00,0,0,0
2019-02-13 01:00:00,0,0,0
2019-02-13 02:00:00,0,0,0
2019-02-13 03:00:00,0,0,0
2019-02-13 04:00:00,0,0,0
2019-02-13 05:00:00,0,0,0
2019-02-13 06:00:00,1,0,1
2019-02-13 07:00:00,3,2,1
2019-02-13 08:00:00,6,3,3
2019-02-13 09:00:00,4,2,2
2019-02-13 10:00:00,2,2,0
2019-02-13 11:00:00,3,0,3
2019-02-13 12:00:00,6,2,4
2019-02-13 13:00:00,5,2,3
2019-02-13 14:00:00,4,2,2
2019-02-13 15:00:00,20,12,8
2019-02-13 16:00:00,17,7,10
2019-02-13 17:00:00,6,3,3
2019-02-13 18:00:00,3,1,2
2019-02-13 19:00:00,2,0,2
2019-02-13 20:00:00,0,0,0
2019-02-13 21:00:00,3,2,1
2019-02-13 22:00:00,0,0,0
2019-02-13 23:00:00,1,0,1
2019-02-14 00:00:00,0,0,0
2019-02-14 01:00:00,0,0,0
2019-02-14 02:00:00,0,0,0
2019-02-14 03:00:00,0,0,0
2019-02-14 04:00:00,0,0,0
2019-02-14 05:00:00,0,0,0
2019-02-14 06:00:00,0,0,0
2019-02-14 07:00:00,3,1,2
2019-02-14 08:00:00,3,2,1
2019-02-14 09:00:00,3,0,3
2019-02-14 10:00:00,8,6,2
2019-02-14 11:00:00,1,1,0
2019-02-14 12:00:00,9,5,4
2019-02-14 13:00:00,9,4,5
2019-02-14 14:00:00,3,2,1
2019-02-14 15:00:00,2,1,1
2019-02-14 16:00:00,6,4,2
2019-02-14 17:00:00,7,2,5
2019-02-14 18:00:00,2,2,0
2019-02-14 19:00:00,0,0,0
2019-02-14 20:00:00,0,0,0
2019-02-14 21:00:00,1,0,1
2019-02-14 22:00:00,1,0,1
2019-02-14 23:00:00,0,0,0
2019-02-15 00:00:00,0,0,0
2019-02-15 01:00:00,0,0,0
2019-02-15 02:00:00,0,0,0
2019-02-15 03:00:00,0,0,0
2019-02-15 04:00:00,0,0,0
2019-02-15 05:00:00,0,0,0
2019-02-15 06:00:00,1,1,0
2019-02-15 07:00:00,3,1,2
2019-02-15 08:00:00,4,3,1
2019-02-15 09:00:00,5,1,4
2019-02-15 10:00:00,8,5,3
2019-02-15 11:00:00,4,2,2
2019-02-15 12:00:00,16,6,10
2019-02-15 13:00:00,7,5,2
2019-02-15 14:00:00,17,9,8
2019-02-15 15:00:00,8,5,3
2019-02-15 16:00:00,24,12,12
2019-02-15 17:00:00,19,7,12
2019-02-15 18:00:00,2,2,0
2019-02-15 19:00:00,0,0,0
2019-02-15 20:00:00,1,0,1
2019-02-15 21:00:00,0,0,0
2019-02-15 22:00:00,0,0,0
2019-02-15 23:00:00,0,0,0
2019-02-16 00:00:00,0,0,0
2019-02-16 01:00:00,0,0,0
2019-02-16 02:00:00,0,0,0
2019-02-16 03:00:00,0,0,0
2019-02-16 04:00:00,0,0,0
2019-02-16 05:00:00,0,0,0
2019-02-16 06:00:00,0,0,0
2019-02-16 07:00:00,8,4,4
2019-02-16 08:00:00,18,9,9
2019-02-16 09:00:00,34,18,16
2019-02-16 10:00:00,24,11,13
2019-02-16 11:00:00,27,14,13
2019-02-16 12:00:00,13,7,6
2019-02-16 13:00:00,20,11,9
2019-02-16 14:00:00,22,13,9
2019-02-16 15:00:00,29,18,11
2019-02-16 16:00:00,25,10,15
2019-02-16 17:00:00,13,5,8
2019-02-16 18:00:00,1,0,1
2019-02-16 19:00:00,0,0,0
2019-02-16 20:00:00,1,0,1
2019-02-16 21:00:00,0,0,0
2019-02-16 22:00:00,0,0,0
2019-02-16 23:00:00,0,0,0
2019-02-17 00:00:00,0,0,0
2019-02-17 01:00:00,0,0,0
2019-02-17 02:00:00,1,1,0
2019-02-17 03:00:00,0,0,0
2019-02-17 04:00:00,0,0,0
2019-02-17 05:00:00,0,0,0
2019-02-17 06:00:00,0,0,0
2019-02-17 07:00:00,14,8,6
2019-02-17 08:00:00,32,20,12
2019-02-17 09:00:00,36,16,20
2019-02-17 10:00:00,33,16,17
2019-02-17 11:00:00,31,15,16
2019-02-17 12:00:00,40,20,20
2019-02-17 13:00:00,49,26,23
2019-02-17 14:00:00,41,19,22
2019-02-17 15:00:00,33,18,15
2019-02-17 16:00:00,28,12,16
2019-02-17 17:00:00,18,8,10
2019-02-17 18:00:00,2,0,2
2019-02-17 19:00:00,0,0,0
2019-02-17 20:00:00,1,0,1
2019-02-17 21:00:00,0,0,0
2019-02-17 22:00:00,0,0,0
2019-02-17 23:00:00,0,0,0
2019-02-18 00:00:00,0,0,0
2019-02-18 01:00:00,2,1,1
2019-02-18 02:00:00,0,0,0
2019-02-18 03:00:00,0,0,0
2019-02-18 04:00:00,0,0,0
2019-02-18 05:00:00,0,0,0
2019-02-18 06:00:00,0,0,0
2019-02-18 07:00:00,5,3,2
2019-02-18 08:00:00,14,9,5
2019-02-18 09:00:00,22,10,12
2019-02-18 10:00:00,22,10,12
2019-02-18 11:00:00,33,18,15
2019-02-18 12:00:00,27,17,10
2019-02-18 13:00:00,26,11,15
2019-02-18 14:00:00,19,6,13
2019-02-18 15:00:00,32,20,12
2019-02-18 16:00:00,29,13,16
2019-02-18 17:00:00,24,11,13
2019-02-18 18:00:00,4,2,2
2019-02-18 19:00:00,3,3,0
2019-02-18 20:00:00,0,0,0
2019-02-18 21:00:00,4,1,3
2019-02-18 22:00:00,0,0,0
2019-02-18 23:00:00,0,0,0
2019-02-19 00:00:00,0,0,0
2019-02-19 01:00:00,0,0,0
2019-02-19 02:00:00,0,0,0
2019-02-19 03:00:00,0,0,0
2019-02-19 04:00:00,0,0,0
2019-02-19 05:00:00,0,0,0
2019-02-19 06:00:00,6,3,3
2019-02-19 07:00:00,13,5,8
2019-02-19 08:00:00,11,6,5
2019-02-19 09:00:00,33,16,17
2019-02-19 10:00:00,11,4,7
2019-02-19 11:00:00,13,6,7
2019-02-19 12:00:00,18,6,12
2019-02-19 13:00:00,15,9,6
2019-02-19 14:00:00,15,6,9
2019-02-19 15:00:00,16,10,6
2019-02-19 16:00:00,30,13,17
2019-02-19 17:00:00,14,7,7
2019-02-19 18:00:00,6,2,4
2019-02-19 19:00:00,1,1,0
2019-02-19 20:00:00,1,0,1
2019-02-19 21:00:00,0,0,0
2019-02-19 22:00:00,1,0,1
2019-02-19 23:00:00,0,0,0
2019-02-20 00:00:00,0,0,0
2019-02-20 01:00:00,0,0,0
2019-02-20 02:00:00,0,0,0
2019-02-20 03:00:00,0,0,0
2019-02-20 04:00:00,0,0,0
2019-02-20 05:00:00,3,1,2
2019-02-20 06:00:00,5,2,3
2019-02-20 07:00:00,12,5,7
2019-02-20 08:00:00,19,11,8
2019-02-20 09:00:00,18,9,9
2019-02-20 10:00:00,17,6,11
2019-02-20 11:00:00,19,8,11
2019-02-20 12:00:00,12,7,5
2019-02-20 13:00:00,12,6,6
2019-02-20 14:00:00,21,13,8
2019-02-20 15:00:00,21,14,7
2019-02-20 16:00:00,25,12,13
2019-02-20 17:00:00,25,11,14
2019-02-20 18:00:00,7,4,3
2019-02-20 19:00:00,4,1,3
2019-02-20 20:00:00,2,1,1
2019-02-20 21:00:00,2,1,1
2019-02-20 22:00:00,0,0,0
2019-02-20 23:00:00,0,0,0
2019-02-21 00:00:00,0,0,0
2019-02-21 01:00:00,0,0,0
2019-02-21 02:00:00,0,0,0
2019-02-21 03:00:00,0,0,0
2019-02-21 04:00:00,0,0,0
2019-02-21 05:00:00,1,1,0
2019-02-21 06:00:00,4,2,2
2019-02-21 07:00:00,10,3,7
2019-02-21 08:00:00,16,8,8
2019-02-21 09:00:00,20,11,9
2019-02-21 10:00:00,21,8,13
2019-02-21 11:00:00,28,12,16
2019-02-21 12:00:00,39,21,18
2019-02-21 13:00:00,28,12,16
2019-02-21 14:00:00,26,8,18
2019-02-21 15:00:00,47,25,22
2019-02-21 16:00:00,17,6,11
2019-02-21 17:00:00,23,11,12
2019-02-21 18:00:00,12,7,5
2019-02-21 19:00:00,2,0,2
2019-02-21 20:00:00,0,0,0
2019-02-21 21:00:00,0,0,0
2019-02-21 22:00:00,0,0,0
2019-02-21 23:00:00,3,3,0
2019-02-22 00:00:00,0,0,0
2019-02-22 01:00:00,0,0,0
2019-02-22 02:00:00,0,0,0
2019-02-22 03:00:00,0,0,0
2019-02-22 04:00:00,0,0,0
2019-02-22 05:00:00,0,0,0
2019-02-22 06:00:00,2,1,1
2019-02-22 07:00:00,10,6,4
2019-02-22 08:00:00,13,6,7
2019-02-22 09:00:00,21,11,10
2019-02-22 10:00:00,22,13,9
2019-02-22 11:00:00,34,15,19
2019-02-22 12:00:00,8,4,4
2019-02-22 13:00:00,14,6,8
2019-02-22 14:00:00,3,2,1
2019-02-22 15:00:00,10,6,4
2019-02-22 16:00:00,33,16,17
2019-02-22 17:00:00,11,7,4
2019-02-22 18:00:00,7,4,3
2019-02-22 19:00:00,3,0,3
2019-02-22 20:00:00,0,0,0
2019-02-22 21:00:00,0,0,0
2019-02-22 22:00:00,0,0,0
2019-02-22 23:00:00,0,0,0
2019-02-23 00:00:00,0,0,0
2019-02-23 01:00:00,0,0,0
2019-02-23 02:00:00,0,0,0
2019-02-23 03:00:00,0,0,0
2019-02-23 04:00:00,0,0,0
2019-02-23 05:00:00,0,0,0
2019-02-23 06:00:00,4,2,2
2019-02-23 07:00:00,13,9,4
2019-02-23 08:00:00,45,16,29
2019-02-23 09:00:00,68,40,28
2019-02-23 10:00:00,57,30,27
2019-02-23 11:00:00,61,34,27
2019-02-23 12:00:00,46,19,27
2019-02-23 13:00:00,33,13,20
2019-02-23 14:00:00,32,18,14
2019-02-23 15:00:00,34,17,17
2019-02-23 16:00:00,34,17,17
2019-02-23 17:00:00,15,3,12
2019-02-23 18:00:00,7,4,3
2019-02-23 19:00:00,1,0,1
2019-02-23 20:00:00,0,0,0
2019-02-23 21:00:00,0,0,0
2019-02-23 22:00:00,0,0,0
2019-02-23 23:00:00,0,0,0
2019-02-24 00:00:00,0,0,0
2019-02-24 01:00:00,0,0,0
2019-02-24 02:00:00,0,0,0
2019-02-24 03:00:00,0,0,0
2019-02-24 04:00:00,0,0,0
2019-02-24 05:00:00,2,1,1
2019-02-24 06:00:00,0,0,0
2019-02-24 07:00:00,5,3,2
2019-02-24 08:00:00,26,14,12
2019-02-24 09:00:00,47,29,18
2019-02-24 10:00:00,59,26,33
2019-02-24 11:00:00,54,24,30
2019-02-24 12:00:00,47,26,21
2019-02-24 13:00:00,57,28,29
2019-02-24 14:00:00,54,23,31
2019-02-24 15:00:00,41,17,24
2019-02-24 16:00:00,20,9,11
2019-02-24 17:00:00,16,6,10
2019-02-24 18:00:00,10,4,6
2019-02-24 19:00:00,0,0,0
2019-02-24 20:00:00,0,0,0
2019-02-24 21:00:00,0,0,0
2019-02-24 22:00:00,3,2,1
2019-02-24 23:00:00,0,0,0
2019-02-25 00:00:00,0,0,0
2019-02-25 01:00:00,0,0,0
2019-02-25 02:00:00,0,0,0
2019-02-25 03:00:00,0,0,0
2019-02-25 04:00:00,0,0,0
2019-02-25 05:00:00,1,1,0
2019-02-25 06:00:00,5,2,3
2019-02-25 07:00:00,13,5,8
2019-02-25 08:00:00,14,6,8
2019-02-25 09:00:00,26,10,16
2019-02-25 10:00:00,26,10,16
2019-02-25 11:00:00,23,12,11
2019-02-25 12:00:00,22,9,13
2019-02-25 13:00:00,23,9,14
2019-02-25 14:00:00,19,11,8
2019-02-25 15:00:00,15,6,9
2019-02-25 16:00:00,24,14,10
2019-02-25 17:00:00,27,14,13
2019-02-25 18:00:00,11,5,6
2019-02-25 19:00:00,7,3,4
2019-02-25 20:00:00,4,2,2
2019-02-25 21:00:00,1,1,0
2019-02-25 22:00:00,0,0,0
2019-02-25 23:00:00,0,0,0
2019-02-26 00:00:00,0,0,0
2019-02-26 01:00:00,0,0,0
2019-02-26 02:00:00,0,0,0
2019-02-26 03:00:00,0,0,0
2019-02-26 04:00:00,0,0,0
2019-02-26 05:00:00,1,1,0
2019-02-26 06:00:00,11,5,6
2019-02-26 07:00:00,14,6,8
2019-02-26 08:00:00,15,6,9
2019-02-26 09:00:00,26,12,14
2019-02-26 10:00:00,19,10,9
2019-02-26 11:00:00,18,10,8
2019-02-26 12:00:00,12,6,6
2019-02-26 13:00:00,22,12,10
2019-02-26 14:00:00,27,13,14
2019-02-26 15:00:00,24,12,12
2019-02-26 16:00:00,33,15,18
2019-02-26 17:00:00,25,11,14
2019-02-26 18:00:00,11,7,4
2019-02-26 19:00:00,2,1,1
2019-02-26 20:00:00,0,0,0
2019-02-26 21:00:00,3,2,1
2019-02-26 22:00:00,1,0,1
2019-02-26 23:00:00,0,0,0
2019-02-27 00:00:00,0,0,0
2019-02-27 01:00:00,0,0,0
2019-02-27 02:00:00,0,0,0
2019-02-27 03:00:00,0,0,0
2019-02-27 04:00:00,0,0,0
2019-02-27 05:00:00,0,0,0
2019-02-27 06:00:00,5,2,3
2019-02-27 07:00:00,16,8,8
2019-02-27 08:00:00,14,4,10
2019-02-27 09:00:00,21,9,12
2019-02-27 10:00:00,23,12,11
2019-02-27 11:00:00,14,7,7
2019-02-27 12:00:00,16,5,11
2019-02-27 13:00:00,18,8,10
2019-02-27 14:00:00,11,6,5
2019-02-27 15:00:00,19,11,8
2019-02-27 16:00:00,24,12,12
2019-02-27 17:00:00,22,8,14
2019-02-27 18:00:00,4,3,1
2019-02-27 19:00:00,1,0,1
2019-02-27 20:00:00,3,1,2
2019-02-27 21:00:00,1,0,1
2019-02-27 22:00:00,0,0,0
2019-02-27 23:00:00,0,0,0
2019-02-28 00:00:00,0,0,0
2019-02-28 01:00:00,0,0,0
2019-02-28 02:00:00,0,0,0
2019-02-28 03:00:00,0,0,0
2019-02-28 04:00:00,0,0,0
2019-02-28 05:00:00,4,2,2
2019-02-28 06:00:00,9,5,4
2019-02-28 07:00:00,6,2,4
2019-02-28 08:00:00,22,10,12
2019-02-28 09:00:00,21,8,13
2019-02-28 10:00:00,23,12,11
2019-02-28 11:00:00,19,9,10
2019-02-28 12:00:00,29,14,15
2019-02-28 13:00:00,27,12,15
2019-02-28 14:00:00,30,16,14
2019-02-28 15:00:00,26,15,11
2019-02-28 16:00:00,37,23,14
2019-02-28 17:00:00,27,15,12
2019-02-28 18:00:00,10,5,5
2019-02-28 19:00:00,1,0,1
2019-02-28 20:00:00,2,1,1
2019-02-28 21:00:00,1,0,1
2019-02-28 22:00:00,0,0,0
2019-02-28 23:00:00,0,0,0
2019-08-01 23:00:00,1,0,1
2019-08-02 00:00:00,0,0,0
2019-08-02 01:00:00,0,0,0
2019-08-02 02:00:00,1,1,0
2019-08-02 03:00:00,2,1,1
2019-08-02 04:00:00,0,0,0
2019-08-02 05:00:00,1,1,0
2019-08-02 06:00:00,14,8,6
2019-08-02 07:00:00,10,5,5
2019-08-02 08:00:00,36,15,21
2019-08-02 09:00:00,39,18,21
2019-08-02 10:00:00,30,13,17
2019-08-02 11:00:00,29,14,15
2019-08-02 12:00:00,23,10,13
2019-08-02 13:00:00,12,5,7
2019-08-02 14:00:00,11,1,10
2019-08-02 15:00:00,21,9,12
2019-08-02 16:00:00,35,18,17
2019-08-02 17:00:00,5,3,2
2019-08-02 18:00:00,20,10,10
2019-08-02 19:00:00,14,5,9
2019-08-02 20:00:00,10,3,7
2019-08-02 21:00:00,1,1,0
2019-08-02 22:00:00,3,1,2
2019-08-02 23:00:00,0,0,0
2019-08-03 00:00:00,0,0,0
2019-08-03 01:00:00,0,0,0
2019-03-01 00:00:00,0,0,0
2019-03-01 01:00:00,0,0,0
2019-03-01 02:00:00,0,0,0
2019-03-01 03:00:00,0,0,0
2019-03-01 04:00:00,0,0,0
2019-03-01 05:00:00,3,1,2
2019-03-01 06:00:00,9,3,6
2019-03-01 07:00:00,13,6,7
2019-03-01 08:00:00,23,8,15
2019-03-01 09:00:00,30,17,13
2019-03-01 10:00:00,24,10,14
2019-03-01 11:00:00,26,13,13
2019-03-01 12:00:00,23,13,10
2019-03-01 13:00:00,19,9,10
2019-03-01 14:00:00,24,10,14
2019-03-01 15:00:00,27,15,12
2019-03-01 16:00:00,41,20,21
2019-03-01 17:00:00,56,26,30
2019-03-01 18:00:00,6,4,2
2019-03-01 19:00:00,4,2,2
2019-03-01 20:00:00,2,2,0
2019-03-01 21:00:00,2,1,1
2019-03-01 22:00:00,0,0,0
2019-03-01 23:00:00,31,13,18
2019-03-02 00:00:00,0,0,0
2019-03-02 01:00:00,0,0,0
2019-03-02 02:00:00,0,0,0
2019-03-02 03:00:00,0,0,0
2019-03-02 04:00:00,0,0,0
2019-03-02 05:00:00,0,0,0
2019-03-02 06:00:00,3,1,2
2019-03-02 07:00:00,16,9,7
2019-03-02 08:00:00,22,13,9
2019-03-02 09:00:00,36,15,21
2019-03-02 10:00:00,65,37,28
2019-03-02 11:00:00,71,34,37
2019-03-02 12:00:00,48,19,29
2019-03-02 13:00:00,51,24,27
2019-03-02 14:00:00,58,30,28
2019-03-02 15:00:00,40,13,27
2019-03-02 16:00:00,21,11,10
2019-03-02 17:00:00,31,18,13
2019-03-02 18:00:00,5,3,2
2019-03-02 19:00:00,4,3,1
2019-03-02 20:00:00,2,1,1
2019-03-02 21:00:00,4,2,2
2019-03-02 22:00:00,1,1,0
2019-03-02 23:00:00,1,0,1
2019-03-03 00:00:00,2,1,1
2019-03-03 01:00:00,0,0,0
2019-03-03 02:00:00,0,0,0
2019-03-03 03:00:00,0,0,0
2019-03-03 04:00:00,0,0,0
2019-03-03 05:00:00,0,0,0
2019-03-03 06:00:00,7,3,4
2019-03-03 07:00:00,10,6,4
2019-03-03 08:00:00,29,15,14
2019-03-03 09:00:00,64,20,44
2019-03-03 10:00:00,48,23,25
2019-03-03 11:00:00,67,39,28
2019-03-03 12:00:00,58,22,36
2019-03-03 13:00:00,38,22,16
2019-03-03 14:00:00,38,21,17
2019-03-03 15:00:00,68,40,28
2019-03-03 16:00:00,45,23,22
2019-03-03 17:00:00,34,13,21
2019-03-03 18:00:00,5,1,4
2019-03-03 19:00:00,1,0,1
2019-03-03 20:00:00,0,0,0
2019-03-03 21:00:00,0,0,0
2019-03-03 22:00:00,2,1,1
2019-03-03 23:00:00,0,0,0
2019-03-04 00:00:00,0,0,0
2019-03-04 01:00:00,0,0,0
2019-03-04 02:00:00,0,0,0
2019-03-04 03:00:00,0,0,0
2019-03-04 04:00:00,0,0,0
2019-03-04 05:00:00,1,1,0
2019-03-04 06:00:00,8,6,2
2019-03-04 07:00:00,15,7,8
2019-03-04 08:00:00,18,8,10
2019-03-04 09:00:00,25,13,12
2019-03-04 10:00:00,27,13,14
2019-03-04 11:00:00,20,8,12
2019-03-04 12:00:00,18,10,8
2019-03-04 13:00:00,26,9,17
2019-03-04 14:00:00,28,16,12
2019-03-04 15:00:00,26,11,15
2019-03-04 16:00:00,25,14,11
2019-03-04 17:00:00,31,16,15
2019-03-04 18:00:00,11,4,7
2019-03-04 19:00:00,3,2,1
2019-03-04 20:00:00,3,1,2
2019-03-04 21:00:00,0,0,0
2019-03-04 22:00:00,0,0,0
2019-03-04 23:00:00,0,0,0
2019-03-05 00:00:00,0,0,0
2019-03-05 01:00:00,0,0,0
2019-03-05 02:00:00,0,0,0
2019-03-05 03:00:00,0,0,0
2019-03-05 04:00:00,0,0,0
2019-03-05 05:00:00,6,4,2
2019-03-05 06:00:00,7,2,5
2019-03-05 07:00:00,15,7,8
2019-03-05 08:00:00,20,8,12
2019-03-05 09:00:00,14,7,7
2019-03-05 10:00:00,15,8,7
2019-03-05 11:00:00,15,9,6
2019-03-05 12:00:00,23,11,12
2019-03-05 13:00:00,37,20,17
2019-03-05 14:00:00,30,10,20
2019-03-05 15:00:00,27,12,15
2019-03-05 16:00:00,31,19,12
2019-03-05 17:00:00,30,15,15
2019-03-05 18:00:00,17,7,10
2019-03-05 19:00:00,2,1,1
2019-03-05 20:00:00,2,1,1
2019-03-05 21:00:00,1,0,1
2019-03-05 22:00:00,0,0,0
2019-03-05 23:00:00,1,0,1
2019-03-06 00:00:00,1,0,1
2019-03-06 01:00:00,0,0,0
2019-03-06 02:00:00,0,0,0
2019-03-06 03:00:00,0,0,0
2019-03-06 04:00:00,0,0,0
2019-03-06 05:00:00,1,1,0
2019-03-06 06:00:00,7,2,5
2019-03-06 07:00:00,16,7,9
2019-03-06 08:00:00,19,9,10
2019-03-06 09:00:00,24,13,11
2019-03-06 10:00:00,22,14,8
2019-03-06 11:00:00,14,6,8
2019-03-06 12:00:00,15,7,8
2019-03-06 13:00:00,14,7,7
2019-03-06 14:00:00,10,6,4
2019-03-06 15:00:00,6,3,3
2019-03-06 16:00:00,19,10,9
2019-03-06 17:00:00,17,8,9
2019-03-06 18:00:00,8,3,5
2019-03-06 19:00:00,8,4,4
2019-03-06 20:00:00,2,1,1
2019-03-06 21:00:00,3,2,1
2019-03-06 22:00:00,0,0,0
2019-03-06 23:00:00,0,0,0
2019-03-07 00:00:00,0,0,0
2019-03-07 01:00:00,0,0,0
2019-03-07 02:00:00,0,0,0
2019-03-07 03:00:00,0,0,0
2019-03-07 04:00:00,0,0,0
2019-03-07 05:00:00,5,3,2
2019-03-07 06:00:00,6,4,2
2019-03-07 07:00:00,14,8,6
2019-03-07 08:00:00,9,1,8
2019-03-07 09:00:00,12,7,5
2019-03-07 10:00:00,8,4,4
2019-03-07 11:00:00,13,6,7
2019-03-07 12:00:00,18,9,9
2019-03-07 13:00:00,7,2,5
2019-03-07 14:00:00,19,13,6
2019-03-07 15:00:00,26,9,17
2019-03-07 16:00:00,28,16,12
2019-03-07 17:00:00,18,10,8
2019-03-07 18:00:00,8,4,4
2019-03-07 19:00:00,3,1,2
2019-03-07 20:00:00,3,1,2
2019-03-07 21:00:00,0,0,0
2019-03-07 22:00:00,0,0,0
2019-03-07 23:00:00,0,0,0
2019-03-08 00:00:00,0,0,0
2019-03-08 01:00:00,0,0,0
2019-03-08 02:00:00,0,0,0
2019-03-08 03:00:00,0,0,0
2019-03-08 04:00:00,0,0,0
2019-03-08 05:00:00,1,1,0
2019-03-08 06:00:00,12,6,6
2019-03-08 07:00:00,13,6,7
2019-03-08 08:00:00,15,8,7
2019-03-08 09:00:00,6,2,4
2019-03-08 10:00:00,12,9,3
2019-03-08 11:00:00,16,9,7
2019-03-08 12:00:00,16,9,7
2019-03-08 13:00:00,32,14,18
2019-03-08 14:00:00,14,8,6
2019-03-08 15:00:00,24,11,13
2019-03-08 16:00:00,27,14,13
2019-03-08 17:00:00,28,13,15
2019-03-08 18:00:00,19,9,10
2019-03-08 19:00:00,3,1,2
2019-03-08 20:00:00,1,1,0
2019-03-08 21:00:00,0,0,0
2019-03-08 22:00:00,1,0,1
2019-03-08 23:00:00,0,0,0
2019-03-09 00:00:00,0,0,0
2019-03-09 01:00:00,0,0,0
2019-03-09 02:00:00,0,0,0
2019-03-09 03:00:00,0,0,0
2019-03-09 04:00:00,0,0,0
2019-03-09 05:00:00,4,2,2
2019-03-09 06:00:00,5,1,4
2019-03-09 07:00:00,12,6,6
2019-03-09 08:00:00,28,16,12
2019-03-09 09:00:00,56,26,30
2019-03-09 10:00:00,73,39,34
2019-03-09 11:00:00,60,33,27
2019-03-09 12:00:00,53,23,30
2019-03-09 13:00:00,58,32,26
2019-03-09 14:00:00,63,27,36
2019-03-09 15:00:00,76,30,46
2019-03-09 16:00:00,44,19,25
2019-03-09 17:00:00,17,8,9
2019-03-09 18:00:00,8,4,4
2019-03-09 19:00:00,1,0,1
2019-03-09 20:00:00,0,0,0
2019-03-09 21:00:00,0,0,0
2019-03-09 22:00:00,0,0,0
2019-03-09 23:00:00,0,0,0
2019-03-10 00:00:00,0,0,0
2019-03-10 01:00:00,0,0,0
2019-03-10 02:00:00,0,0,0
2019-03-10 03:00:00,0,0,0
2019-03-10 04:00:00,0,0,0
2019-03-10 05:00:00,2,1,1
2019-03-10 06:00:00,0,0,0
2019-03-10 07:00:00,11,5,6
2019-03-10 08:00:00,23,15,8
2019-03-10 09:00:00,45,19,26
2019-03-10 10:00:00,50,24,26
2019-03-10 11:00:00,53,30,23
2019-03-10 12:00:00,55,32,23
2019-03-10 13:00:00,81,40,41
2019-03-10 14:00:00,59,29,30
2019-03-10 15:00:00,58,31,27
2019-03-10 16:00:00,58,32,26
2019-03-10 17:00:00,44,13,31
2019-03-10 18:00:00,20,10,10
2019-03-10 19:00:00,5,3,2
2019-03-10 20:00:00,0,0,0
2019-03-10 21:00:00,2,1,1
2019-03-10 22:00:00,0,0,0
2019-03-10 23:00:00,0,0,0
2019-03-11 00:00:00,0,0,0
2019-03-11 01:00:00,1,0,1
2019-03-11 02:00:00,1,1,0
2019-03-11 03:00:00,0,0,0
2019-03-11 04:00:00,0,0,0
2019-03-11 05:00:00,2,1,1
2019-03-11 06:00:00,6,3,3
2019-03-11 07:00:00,3,1,2
2019-03-11 08:00:00,16,8,8
2019-03-11 09:00:00,24,12,12
2019-03-11 10:00:00,31,16,15
2019-03-11 11:00:00,20,11,9
2019-03-11 12:00:00,26,12,14
2019-03-11 13:00:00,19,10,9
2019-03-11 14:00:00,17,10,7
2019-03-11 15:00:00,19,10,9
2019-03-11 16:00:00,30,16,14
2019-03-11 17:00:00,19,11,8
2019-03-11 18:00:00,9,4,5
2019-03-11 19:00:00,9,3,6
2019-03-11 20:00:00,0,0,0
2019-03-11 21:00:00,0,0,0
2019-03-11 22:00:00,0,0,0
2019-03-11 23:00:00,0,0,0
2019-03-12 00:00:00,0,0,0
2019-03-12 01:00:00,0,0,0
2019-03-12 02:00:00,0,0,0
2019-03-12 03:00:00,0,0,0
2019-03-12 04:00:00,0,0,0
2019-03-12 05:00:00,2,1,1
2019-03-12 06:00:00,4,3,1
2019-03-12 07:00:00,21,11,10
2019-03-12 08:00:00,18,10,8
2019-03-12 09:00:00,20,6,14
2019-03-12 10:00:00,8,4,4
2019-03-12 11:00:00,7,3,4
2019-03-12 12:00:00,5,2,3
2019-03-12 13:00:00,8,6,2
2019-03-12 14:00:00,22,12,10
2019-03-12 15:00:00,16,7,9
2019-03-12 16:00:00,40,21,19
2019-03-12 17:00:00,39,16,23
2019-03-12 18:00:00,27,13,14
2019-03-12 19:00:00,14,7,7
2019-03-12 20:00:00,1,1,0
2019-03-12 21:00:00,2,0,2
2019-03-12 22:00:00,1,0,1
2019-03-12 23:00:00,0,0,0
2019-03-13 00:00:00,0,0,0
2019-03-13 01:00:00,0,0,0
2019-03-13 02:00:00,0,0,0
2019-03-13 03:00:00,0,0,0
2019-03-13 04:00:00,0,0,0
2019-03-13 05:00:00,2,1,1
2019-03-13 06:00:00,9,4,5
2019-03-13 07:00:00,10,4,6
2019-03-13 08:00:00,20,12,8
2019-03-13 09:00:00,39,18,21
2019-03-13 10:00:00,25,13,12
2019-03-13 11:00:00,20,9,11
2019-03-13 12:00:00,18,7,11
2019-03-13 13:00:00,30,16,14
2019-03-13 14:00:00,28,16,12
2019-03-13 15:00:00,27,11,16
2019-03-13 16:00:00,28,15,13
2019-03-13 17:00:00,48,26,22
2019-03-13 18:00:00,34,10,24
2019-03-13 19:00:00,15,7,8
2019-03-13 20:00:00,3,1,2
2019-03-13 21:00:00,3,1,2
2019-03-13 22:00:00,0,0,0
2019-03-13 23:00:00,1,1,0
2019-03-14 00:00:00,0,0,0
2019-03-14 01:00:00,0,0,0
2019-03-14 02:00:00,0,0,0
2019-03-14 03:00:00,0,0,0
2019-03-14 04:00:00,0,0,0
2019-03-14 05:00:00,3,2,1
2019-03-14 06:00:00,9,3,6
2019-03-14 07:00:00,7,4,3
2019-03-14 08:00:00,28,13,15
2019-03-14 09:00:00,28,13,15
2019-03-14 10:00:00,20,10,10
2019-03-14 11:00:00,20,11,9
2019-03-14 12:00:00,23,14,9
2019-03-14 13:00:00,25,10,15
2019-03-14 14:00:00,27,15,12
2019-03-14 15:00:00,34,16,18
2019-03-14 16:00:00,26,12,14
2019-03-14 17:00:00,30,17,13
2019-03-14 18:00:00,13,6,7
2019-03-14 19:00:00,12,5,7
2019-03-14 20:00:00,6,2,4
2019-03-14 21:00:00,1,0,1
2019-03-14 22:00:00,0,0,0
2019-03-14 23:00:00,2,1,1
2019-03-15 00:00:00,0,0,0
2019-03-15 01:00:00,0,0,0
2019-03-15 02:00:00,0,0,0
2019-03-15 03:00:00,0,0,0
2019-03-15 04:00:00,1,0,1
2019-03-15 05:00:00,1,1,0
2019-03-15 06:00:00,4,1,3
2019-03-15 07:00:00,5,2,3
2019-03-15 08:00:00,20,9,11
2019-03-15 09:00:00,30,14,16
2019-03-15 10:00:00,24,14,10
2019-03-15 11:00:00,32,18,14
2019-03-15 12:00:00,37,19,18
2019-03-15 13:00:00,20,6,14
2019-03-15 14:00:00,24,11,13
2019-03-15 15:00:00,31,18,13
2019-03-15 16:00:00,30,13,17
2019-03-15 17:00:00,43,20,23
2019-03-15 18:00:00,20,12,8
2019-03-15 19:00:00,10,6,4
2019-03-15 20:00:00,2,1,1
2019-03-15 21:00:00,0,0,0
2019-03-15 22:00:00,0,0,0
2019-03-15 23:00:00,0,0,0
2019-03-16 00:00:00,0,0,0
2019-03-16 01:00:00,0,0,0
2019-03-16 02:00:00,0,0,0
2019-03-16 03:00:00,0,0,0
2019-03-16 04:00:00,0,0,0
2019-03-16 05:00:00,0,0,0
2019-03-16 06:00:00,2,1,1
2019-03-16 07:00:00,12,8,4
2019-03-16 08:00:00,29,15,14
2019-03-16 09:00:00,72,33,39
2019-03-16 10:00:00,75,40,35
2019-03-16 11:00:00,65,33,32
2019-03-16 12:00:00,50,26,24
2019-03-16 13:00:00,61,29,32
2019-03-16 14:00:00,39,17,22
2019-03-16 15:00:00,49,19,30
2019-03-16 16:00:00,48,29,19
2019-03-16 17:00:00,32,13,19
2019-03-16 18:00:00,23,9,14
2019-03-16 19:00:00,9,3,6
2019-03-16 20:00:00,0,0,0
2019-03-16 21:00:00,6,4,2
2019-03-16 22:00:00,2,0,2
2019-03-16 23:00:00,0,0,0
2019-03-17 00:00:00,0,0,0
2019-03-17 01:00:00,1,0,1
2019-03-17 02:00:00,0,0,0
2019-03-17 03:00:00,0,0,0
2019-03-17 04:00:00,0,0,0
2019-03-17 05:00:00,3,1,2
2019-03-17 06:00:00,3,1,2
2019-03-17 07:00:00,18,10,8
2019-03-17 08:00:00,28,17,11
2019-03-17 09:00:00,66,35,31
2019-03-17 10:00:00,56,23,33
2019-03-17 11:00:00,59,24,35
2019-03-17 12:00:00,58,27,31
2019-03-17 13:00:00,62,29,33
2019-03-17 14:00:00,66,26,40
2019-03-17 15:00:00,65,30,35
2019-03-17 16:00:00,59,26,33
2019-03-17 17:00:00,41,17,24
2019-03-17 18:00:00,16,8,8
2019-03-17 19:00:00,10,3,7
2019-03-17 20:00:00,0,0,0
2019-03-17 21:00:00,1,1,0
2019-03-17 22:00:00,0,0,0
2019-03-17 23:00:00,0,0,0
2019-03-18 00:00:00,1,1,0
2019-03-18 01:00:00,2,0,2
2019-03-18 02:00:00,0,0,0
2019-03-18 03:00:00,0,0,0
2019-03-18 04:00:00,0,0,0
2019-03-18 05:00:00,0,0,0
2019-03-18 06:00:00,4,3,1
2019-03-18 07:00:00,15,5,10
2019-03-18 08:00:00,20,7,13
2019-03-18 09:00:00,38,20,18
2019-03-18 10:00:00,37,16,21
2019-03-18 11:00:00,33,16,17
2019-03-18 12:00:00,25,11,14
2019-03-18 13:00:00,27,11,16
2019-03-18 14:00:00,35,19,16
2019-03-18 15:00:00,66,48,18
2019-03-18 16:00:00,51,25,26
2019-03-18 17:00:00,48,26,22
2019-03-18 18:00:00,36,16,20
2019-03-18 19:00:00,16,7,9
2019-03-18 20:00:00,5,2,3
2019-03-18 21:00:00,2,0,2
2019-03-18 22:00:00,0,0,0
2019-03-18 23:00:00,0,0,0
2019-03-19 00:00:00,0,0,0
2019-03-19 01:00:00,0,0,0
2019-03-19 02:00:00,0,0,0
2019-03-19 03:00:00,0,0,0
2019-03-19 04:00:00,0,0,0
2019-03-19 05:00:00,7,4,3
2019-03-19 06:00:00,7,3,4
2019-03-19 07:00:00,15,7,8
2019-03-19 08:00:00,28,14,14
2019-03-19 09:00:00,20,10,10
2019-03-19 10:00:00,39,18,21
2019-03-19 11:00:00,28,10,18
2019-03-19 12:00:00,38,23,15
2019-03-19 13:00:00,24,12,12
2019-03-19 14:00:00,44,26,18
2019-03-19 15:00:00,46,22,24
2019-03-19 16:00:00,74,40,34
2019-03-19 17:00:00,56,34,22
2019-03-19 18:00:00,44,23,21
2019-03-19 19:00:00,22,7,15
2019-03-19 20:00:00,5,2,3
2019-03-19 21:00:00,0,0,0
2019-03-19 22:00:00,1,0,1
2019-03-19 23:00:00,2,2,0
2019-03-20 00:00:00,2,1,1
2019-03-20 01:00:00,0,0,0
2019-03-20 02:00:00,0,0,0
2019-03-20 03:00:00,0,0,0
2019-03-20 04:00:00,0,0,0
2019-03-20 05:00:00,0,0,0
2019-03-20 06:00:00,8,5,3
2019-03-20 07:00:00,11,2,9
2019-03-20 08:00:00,20,8,12
2019-03-20 09:00:00,40,22,18
2019-03-20 10:00:00,33,12,21
2019-03-20 11:00:00,20,12,8
2019-03-20 12:00:00,29,15,14
2019-03-20 13:00:00,34,20,14
2019-03-20 14:00:00,26,10,16
2019-03-20 15:00:00,23,13,10
2019-03-20 16:00:00,42,23,19
2019-03-20 17:00:00,40,22,18
2019-03-20 18:00:00,27,14,13
2019-03-20 19:00:00,32,11,21
2019-03-20 20:00:00,2,1,1
2019-03-20 21:00:00,2,1,1
2019-03-20 22:00:00,0,0,0
2019-03-20 23:00:00,0,0,0
2019-03-21 00:00:00,0,0,0
2019-03-21 01:00:00,0,0,0
2019-03-21 02:00:00,0,0,0
2019-03-21 03:00:00,0,0,0
2019-03-21 04:00:00,1,0,1
2019-03-21 05:00:00,3,2,1
2019-03-21 06:00:00,5,2,3
2019-03-21 07:00:00,16,7,9
2019-03-21 08:00:00,23,11,12
2019-03-21 09:00:00,31,13,18
2019-03-21 10:00:00,24,13,11
2019-03-21 11:00:00,17,9,8
2019-03-21 12:00:00,14,8,6
2019-03-21 13:00:00,16,4,12
2019-03-21 14:00:00,35,20,15
2019-03-21 15:00:00,28,10,18
2019-03-21 16:00:00,28,18,10
2019-03-21 17:00:00,34,17,17
2019-03-21 18:00:00,35,20,15
2019-03-21 19:00:00,13,4,9
2019-03-21 20:00:00,1,0,1
2019-03-21 21:00:00,1,0,1
2019-03-21 22:00:00,1,1,0
2019-03-21 23:00:00,2,0,2
2019-03-22 00:00:00,0,0,0
2019-03-22 01:00:00,0,0,0
2019-03-22 02:00:00,0,0,0
2019-03-22 03:00:00,0,0,0
2019-03-22 04:00:00,2,1,1
2019-03-22 05:00:00,4,2,2
2019-03-22 06:00:00,4,2,2
2019-03-22 07:00:00,10,5,5
2019-03-22 08:00:00,17,5,12
2019-03-22 09:00:00,32,11,21
2019-03-22 10:00:00,32,18,14
2019-03-22 11:00:00,25,15,10
2019-03-22 12:00:00,34,18,16
2019-03-22 13:00:00,45,21,24
2019-03-22 14:00:00,31,17,14
2019-03-22 15:00:00,32,13,19
2019-03-22 16:00:00,27,14,13
2019-03-22 17:00:00,10,6,4
2019-03-22 18:00:00,18,9,9
2019-03-22 19:00:00,8,5,3
2019-03-22 20:00:00,3,1,2
2019-03-22 21:00:00,5,4,1
2019-03-22 22:00:00,0,0,0
2019-03-22 23:00:00,0,0,0
2019-03-23 00:00:00,3,3,0
2019-03-23 01:00:00,0,0,0
2019-03-23 02:00:00,0,0,0
2019-03-23 03:00:00,0,0,0
2019-03-23 04:00:00,0,0,0
2019-03-23 05:00:00,3,1,2
2019-03-23 06:00:00,3,3,0
2019-03-23 07:00:00,15,9,6
2019-03-23 08:00:00,43,18,25
2019-03-23 09:00:00,72,37,35
2019-03-23 10:00:00,81,35,46
2019-03-23 11:00:00,61,28,33
2019-03-23 12:00:00,56,29,27
2019-03-23 13:00:00,52,32,20
2019-03-23 14:00:00,28,16,12
2019-03-23 15:00:00,43,22,21
2019-03-23 16:00:00,37,13,24
2019-03-23 17:00:00,39,20,19
2019-03-23 18:00:00,13,5,8
2019-03-23 19:00:00,6,2,4
2019-03-23 20:00:00,4,1,3
2019-03-23 21:00:00,3,2,1
2019-03-23 22:00:00,0,0,0
2019-03-23 23:00:00,0,0,0
2019-03-24 00:00:00,0,0,0
2019-03-24 01:00:00,0,0,0
2019-03-24 02:00:00,0,0,0
2019-03-24 03:00:00,0,0,0
2019-03-24 04:00:00,0,0,0
2019-03-24 05:00:00,0,0,0
2019-03-24 06:00:00,1,0,1
2019-03-24 07:00:00,8,5,3
2019-03-24 08:00:00,28,15,13
2019-03-24 09:00:00,50,27,23
2019-03-24 10:00:00,61,33,28
2019-03-24 11:00:00,50,20,30
2019-03-24 12:00:00,50,24,26
2019-03-24 13:00:00,51,19,32
2019-03-24 14:00:00,58,29,29
2019-03-24 15:00:00,38,19,19
2019-03-24 16:00:00,38,21,17
2019-03-24 17:00:00,36,18,18
2019-03-24 18:00:00,28,11,17
2019-03-24 19:00:00,14,4,10
2019-03-24 20:00:00,1,1,0
2019-03-24 21:00:00,3,1,2
2019-03-24 22:00:00,0,0,0
2019-03-24 23:00:00,0,0,0
2019-03-25 00:00:00,0,0,0
2019-03-25 01:00:00,0,0,0
2019-03-25 02:00:00,0,0,0
2019-03-25 03:00:00,0,0,0
2019-03-25 04:00:00,0,0,0
2019-03-25 05:00:00,2,1,1
2019-03-25 06:00:00,6,3,3
2019-03-25 07:00:00,12,5,7
2019-03-25 08:00:00,20,8,12
2019-03-25 09:00:00,28,13,15
2019-03-25 10:00:00,37,16,21
2019-03-25 11:00:00,36,13,23
2019-03-25 12:00:00,18,10,8
2019-03-25 13:00:00,26,15,11
2019-03-25 14:00:00,29,13,16
2019-03-25 15:00:00,16,8,8
2019-03-25 16:00:00,32,17,15
2019-03-25 17:00:00,18,11,7
2019-03-25 18:00:00,19,7,12
2019-03-25 19:00:00,4,2,2
2019-03-25 20:00:00,0,0,0
2019-03-25 21:00:00,1,0,1
2019-03-25 22:00:00,1,0,1
2019-03-25 23:00:00,1,1,0
2019-03-26 00:00:00,1,0,1
2019-03-26 01:00:00,0,0,0
2019-03-26 02:00:00,0,0,0
2019-03-26 03:00:00,0,0,0
2019-03-26 04:00:00,0,0,0
2019-03-26 05:00:00,8,4,4
2019-03-26 06:00:00,3,1,2
2019-03-26 07:00:00,10,5,5
2019-03-26 08:00:00,18,7,11
2019-03-26 09:00:00,22,12,10
2019-03-26 10:00:00,18,11,7
2019-03-26 11:00:00,15,6,9
2019-03-26 12:00:00,22,10,12
2019-03-26 13:00:00,29,18,11
2019-03-26 14:00:00,32,16,16
2019-03-26 15:00:00,27,14,13
2019-03-26 16:00:00,41,20,21
2019-03-26 17:00:00,53,25,28
2019-03-26 18:00:00,39,14,25
2019-03-26 19:00:00,15,4,11
2019-03-26 20:00:00,2,2,0
2019-03-26 21:00:00,5,2,3
2019-03-26 22:00:00,2,2,0
2019-03-26 23:00:00,0,0,0
2019-03-27 00:00:00,0,0,0
2019-03-27 01:00:00,0,0,0
2019-03-27 02:00:00,0,0,0
2019-03-27 03:00:00,0,0,0
2019-03-27 04:00:00,0,0,0
2019-03-27 05:00:00,5,3,2
2019-03-27 06:00:00,6,3,3
2019-03-27 07:00:00,10,5,5
2019-03-27 08:00:00,13,5,8
2019-03-27 09:00:00,32,18,14
2019-03-27 10:00:00,28,12,16
2019-03-27 11:00:00,20,9,11
2019-03-27 12:00:00,28,13,15
2019-03-27 13:00:00,23,10,13
2019-03-27 14:00:00,22,14,8
2019-03-27 15:00:00,21,10,11
2019-03-27 16:00:00,33,18,15
2019-03-27 17:00:00,43,18,25
2019-03-27 18:00:00,28,14,14
2019-03-27 19:00:00,19,10,9
2019-03-27 20:00:00,1,0,1
2019-03-27 21:00:00,0,0,0
2019-03-27 22:00:00,0,0,0
2019-03-27 23:00:00,0,0,0
2019-03-28 00:00:00,0,0,0
2019-03-28 01:00:00,0,0,0
2019-03-28 02:00:00,0,0,0
2019-03-28 03:00:00,0,0,0
2019-03-28 04:00:00,0,0,0
2019-03-28 05:00:00,5,3,2
2019-03-28 06:00:00,8,3,5
2019-03-28 07:00:00,15,8,7
2019-03-28 08:00:00,35,16,19
2019-03-28 09:00:00,38,15,23
2019-03-28 10:00:00,24,12,12
2019-03-28 11:00:00,23,10,13
2019-03-28 12:00:00,33,15,18
2019-03-28 13:00:00,23,12,11
2019-03-28 14:00:00,35,17,18
2019-03-28 15:00:00,27,10,17
2019-03-28 16:00:00,33,13,20
2019-03-28 17:00:00,33,15,18
2019-03-28 18:00:00,42,24,18
2019-03-28 19:00:00,15,7,8
2019-03-28 20:00:00,5,2,3
2019-03-28 21:00:00,1,0,1
2019-03-28 22:00:00,0,0,0
2019-03-28 23:00:00,0,0,0
2019-03-29 00:00:00,0,0,0
2019-03-29 01:00:00,0,0,0
2019-03-29 02:00:00,0,0,0
2019-03-29 03:00:00,0,0,0
2019-03-29 04:00:00,0,0,0
2019-03-29 05:00:00,6,3,3
2019-03-29 06:00:00,9,3,6
2019-03-29 07:00:00,8,3,5
2019-03-29 08:00:00,16,10,6
2019-03-29 09:00:00,39,20,19
2019-03-29 10:00:00,27,14,13
2019-03-29 11:00:00,21,9,12
2019-03-29 12:00:00,20,10,10
2019-03-29 13:00:00,21,10,11
2019-03-29 14:00:00,27,16,11
2019-03-29 15:00:00,25,13,12
2019-03-29 16:00:00,26,7,19
2019-03-29 17:00:00,44,23,21
2019-03-29 18:00:00,24,13,11
2019-03-29 19:00:00,24,13,11
2019-03-29 20:00:00,11,4,7
2019-03-29 21:00:00,1,1,0
2019-03-29 22:00:00,0,0,0
2019-03-29 23:00:00,0,0,0
2019-03-30 00:00:00,2,1,1
2019-03-30 01:00:00,0,0,0
2019-03-30 02:00:00,0,0,0
2019-03-30 03:00:00,0,0,0
2019-03-30 04:00:00,0,0,0
2019-03-30 05:00:00,0,0,0
2019-03-30 06:00:00,5,3,2
2019-03-30 07:00:00,18,10,8
2019-03-30 08:00:00,47,23,24
2019-03-30 09:00:00,51,27,24
2019-03-30 10:00:00,69,32,37
2019-03-30 11:00:00,64,29,35
2019-03-30 12:00:00,58,32,26
2019-03-30 13:00:00,56,24,32
2019-03-30 14:00:00,56,30,26
2019-03-30 15:00:00,46,27,19
2019-03-30 16:00:00,50,24,26
2019-03-30 17:00:00,33,12,21
2019-03-30 18:00:00,19,7,12
2019-03-30 19:00:00,6,4,2
2019-03-30 20:00:00,1,0,1
2019-03-30 21:00:00,3,2,1
2019-03-30 22:00:00,1,0,1
2019-03-30 23:00:00,0,0,0
2019-03-31 00:00:00,0,0,0
2019-03-31 01:00:00,0,0,0
2019-03-31 02:00:00,0,0,0
2019-03-31 03:00:00,0,0,0
2019-03-31 04:00:00,0,0,0
2019-03-31 05:00:00,2,1,1
2019-03-31 06:00:00,4,2,2
2019-03-31 07:00:00,21,12,9
2019-03-31 08:00:00,36,17,19
2019-03-31 09:00:00,60,31,29
2019-03-31 10:00:00,73,37,36
2019-03-31 11:00:00,68,35,33
2019-03-31 12:00:00,50,13,37
2019-03-31 13:00:00,52,25,27
2019-03-31 14:00:00,66,33,33
2019-03-31 15:00:00,47,17,30
2019-03-31 16:00:00,50,25,25
2019-03-31 17:00:00,53,26,27
2019-03-31 18:00:00,44,19,25
2019-03-31 19:00:00,24,10,14
2019-03-31 20:00:00,5,2,3
2019-03-31 21:00:00,0,0,0
2019-03-31 22:00:00,0,0,0
2019-03-31 23:00:00,0,0,0
2019-08-03 02:00:00,0,0,0
2019-08-03 03:00:00,0,0,0
2019-08-03 04:00:00,2,1,1
2019-08-03 05:00:00,0,0,0
2019-08-03 06:00:00,1,0,1
2019-08-03 07:00:00,11,5,6
2019-08-03 08:00:00,8,4,4
2019-08-03 09:00:00,22,8,14
2019-08-03 10:00:00,23,10,13
2019-08-03 11:00:00,21,9,12
2019-08-03 12:00:00,9,3,6
2019-08-03 13:00:00,15,1,14
2019-08-03 14:00:00,9,8,1
2019-08-03 15:00:00,26,11,15
2019-08-03 16:00:00,28,16,12
2019-08-03 17:00:00,15,7,8
2019-08-03 18:00:00,11,5,6
2019-08-03 19:00:00,10,9,1
2019-04-01 00:00:00,0,0,0
2019-04-01 01:00:00,0,0,0
2019-04-01 02:00:00,0,0,0
2019-04-01 03:00:00,0,0,0
2019-04-01 04:00:00,2,1,1
2019-04-01 05:00:00,2,1,1
2019-04-01 06:00:00,10,5,5
2019-04-01 07:00:00,12,4,8
2019-04-01 08:00:00,23,11,12
2019-04-01 09:00:00,33,14,19
2019-04-01 10:00:00,20,11,9
2019-04-01 11:00:00,36,13,23
2019-04-01 12:00:00,19,11,8
2019-04-01 13:00:00,46,21,25
2019-04-01 14:00:00,25,13,12
2019-04-01 15:00:00,32,16,16
2019-04-01 16:00:00,45,20,25
2019-04-01 17:00:00,50,30,20
2019-04-01 18:00:00,40,20,20
2019-04-01 19:00:00,16,8,8
2019-04-01 20:00:00,1,0,1
2019-04-01 21:00:00,3,2,1
2019-04-01 22:00:00,1,0,1
2019-04-01 23:00:00,0,0,0
2019-04-02 00:00:00,0,0,0
2019-04-02 01:00:00,0,0,0
2019-04-02 02:00:00,0,0,0
2019-04-02 03:00:00,0,0,0
2019-04-02 04:00:00,0,0,0
2019-04-02 05:00:00,5,2,3
2019-04-02 06:00:00,14,6,8
2019-04-02 07:00:00,20,12,8
2019-04-02 08:00:00,38,10,28
2019-04-02 09:00:00,21,12,9
2019-04-02 10:00:00,20,11,9
2019-04-02 11:00:00,31,18,13
2019-04-02 12:00:00,25,13,12
2019-04-02 13:00:00,28,16,12
2019-04-02 14:00:00,32,19,13
2019-04-02 15:00:00,24,6,18
2019-04-02 16:00:00,36,18,18
2019-04-02 17:00:00,31,18,13
2019-04-02 18:00:00,44,23,21
2019-04-02 19:00:00,25,12,13
2019-04-02 20:00:00,9,4,5
2019-04-02 21:00:00,2,2,0
2019-04-02 22:00:00,2,0,2
2019-04-02 23:00:00,0,0,0
2019-04-03 00:00:00,0,0,0
2019-04-03 01:00:00,0,0,0
2019-04-03 02:00:00,0,0,0
2019-04-03 03:00:00,0,0,0
2019-04-03 04:00:00,0,0,0
2019-04-03 05:00:00,5,3,2
2019-04-03 06:00:00,12,3,9
2019-04-03 07:00:00,13,5,8
2019-04-03 08:00:00,31,15,16
2019-04-03 09:00:00,29,12,17
2019-04-03 10:00:00,23,7,16
2019-04-03 11:00:00,11,5,6
2019-04-03 12:00:00,32,16,16
2019-04-03 13:00:00,17,10,7
2019-04-03 14:00:00,23,10,13
2019-04-03 15:00:00,22,12,10
2019-04-03 16:00:00,33,16,17
2019-04-03 17:00:00,27,14,13
2019-04-03 18:00:00,17,7,10
2019-04-03 19:00:00,15,8,7
2019-04-03 20:00:00,5,3,2
2019-04-03 21:00:00,0,0,0
2019-04-03 22:00:00,4,3,1
2019-04-03 23:00:00,1,0,1
2019-04-04 00:00:00,0,0,0
2019-04-04 01:00:00,0,0,0
2019-04-04 02:00:00,0,0,0
2019-04-04 03:00:00,0,0,0
2019-04-04 04:00:00,0,0,0
2019-04-04 05:00:00,3,1,2
2019-04-04 06:00:00,10,7,3
2019-04-04 07:00:00,19,9,10
2019-04-04 08:00:00,35,13,22
2019-04-04 09:00:00,24,14,10
2019-04-04 10:00:00,39,21,18
2019-04-04 11:00:00,25,13,12
2019-04-04 12:00:00,32,16,16
2019-04-04 13:00:00,41,23,18
2019-04-04 14:00:00,32,18,14
2019-04-04 15:00:00,17,11,6
2019-04-04 16:00:00,35,16,19
2019-04-04 17:00:00,42,21,21
2019-04-04 18:00:00,32,18,14
2019-04-04 19:00:00,19,10,9
2019-04-04 20:00:00,5,1,4
2019-04-04 21:00:00,3,2,1
2019-04-04 22:00:00,1,0,1
2019-04-04 23:00:00,0,0,0
2019-04-05 00:00:00,0,0,0
2019-04-05 01:00:00,0,0,0
2019-04-05 02:00:00,0,0,0
2019-04-05 03:00:00,0,0,0
2019-04-05 04:00:00,0,0,0
2019-04-05 05:00:00,2,1,1
2019-04-05 06:00:00,13,7,6
2019-04-05 07:00:00,23,10,13
2019-04-05 08:00:00,21,14,7
2019-04-05 09:00:00,43,16,27
2019-04-05 10:00:00,44,29,15
2019-04-05 11:00:00,21,9,12
2019-04-05 12:00:00,14,6,8
2019-04-05 13:00:00,14,7,7
2019-04-05 14:00:00,4,2,2
2019-04-05 15:00:00,7,3,4
2019-04-05 16:00:00,15,10,5
2019-04-05 17:00:00,35,20,15
2019-04-05 18:00:00,24,10,14
2019-04-05 19:00:00,15,7,8
2019-04-05 20:00:00,2,0,2
2019-04-05 21:00:00,3,1,2
2019-04-05 22:00:00,1,0,1
2019-04-05 23:00:00,0,0,0
2019-04-06 00:00:00,0,0,0
2019-04-06 01:00:00,0,0,0
2019-04-06 02:00:00,0,0,0
2019-04-06 03:00:00,0,0,0
2019-04-06 04:00:00,0,0,0
2019-04-06 05:00:00,1,1,0
2019-04-06 06:00:00,7,5,2
2019-04-06 07:00:00,16,11,5
2019-04-06 08:00:00,16,7,9
2019-04-06 09:00:00,30,16,14
2019-04-06 10:00:00,37,19,18
2019-04-06 11:00:00,53,28,25
2019-04-06 12:00:00,38,19,19
2019-04-06 13:00:00,15,7,8
2019-04-06 14:00:00,14,8,6
2019-04-06 15:00:00,35,19,16
2019-04-06 16:00:00,38,17,21
2019-04-06 17:00:00,34,22,12
2019-04-06 18:00:00,16,5,11
2019-04-06 19:00:00,13,5,8
2019-04-06 20:00:00,0,0,0
2019-04-06 21:00:00,1,0,1
2019-04-06 22:00:00,2,1,1
2019-04-06 23:00:00,1,1,0
2019-04-07 00:00:00,0,0,0
2019-04-07 01:00:00,0,0,0
2019-04-07 02:00:00,0,0,0
2019-04-07 03:00:00,0,0,0
2019-04-07 04:00:00,0,0,0
2019-04-07 05:00:00,0,0,0
2019-04-07 06:00:00,5,3,2
2019-04-07 07:00:00,16,9,7
2019-04-07 08:00:00,41,29,12
2019-04-07 09:00:00,69,23,46
2019-04-07 10:00:00,63,31,32
2019-04-07 11:00:00,55,28,27
2019-04-07 12:00:00,55,26,29
2019-04-07 13:00:00,31,13,18
2019-04-07 14:00:00,55,25,30
2019-04-07 15:00:00,42,25,17
2019-04-07 16:00:00,31,15,16
2019-04-07 17:00:00,42,21,21
2019-04-07 18:00:00,21,9,12
2019-04-07 19:00:00,12,4,8
2019-04-07 20:00:00,8,3,5
2019-04-07 21:00:00,0,0,0
2019-04-07 22:00:00,0,0,0
2019-04-07 23:00:00,0,0,0
2019-04-08 00:00:00,0,0,0
2019-04-08 01:00:00,0,0,0
2019-04-08 02:00:00,0,0,0
2019-04-08 03:00:00,0,0,0
2019-04-08 04:00:00,0,0,0
2019-04-08 05:00:00,2,1,1
2019-04-08 06:00:00,7,4,3
2019-04-08 07:00:00,23,7,16
2019-04-08 08:00:00,13,3,10
2019-04-08 09:00:00,29,15,14
2019-04-08 10:00:00,24,12,12
2019-04-08 11:00:00,20,10,10
2019-04-08 12:00:00,17,11,6
2019-04-08 13:00:00,18,5,13
2019-04-08 14:00:00,13,7,6
2019-04-08 15:00:00,21,9,12
2019-04-08 16:00:00,29,16,13
2019-04-08 17:00:00,17,11,6
2019-04-08 18:00:00,22,13,9
2019-04-08 19:00:00,10,5,5
2019-04-08 20:00:00,3,1,2
2019-04-08 21:00:00,0,0,0
2019-04-08 22:00:00,0,0,0
2019-04-08 23:00:00,0,0,0
2019-04-09 00:00:00,2,1,1
2019-04-09 01:00:00,0,0,0
2019-04-09 02:00:00,0,0,0
2019-04-09 03:00:00,0,0,0
2019-04-09 04:00:00,0,0,0
2019-04-09 05:00:00,3,1,2
2019-04-09 06:00:00,6,3,3
2019-04-09 07:00:00,16,6,10
2019-04-09 08:00:00,29,12,17
2019-04-09 09:00:00,14,8,6
2019-04-09 10:00:00,20,10,10
2019-04-09 11:00:00,20,8,12
2019-04-09 12:00:00,15,9,6
2019-04-09 13:00:00,10,5,5
2019-04-09 14:00:00,25,13,12
2019-04-09 15:00:00,13,4,9
2019-04-09 16:00:00,28,16,12
2019-04-09 17:00:00,37,17,20
2019-04-09 18:00:00,42,22,20
2019-04-09 19:00:00,17,6,11
2019-04-09 20:00:00,5,1,4
2019-04-09 21:00:00,5,2,3
2019-04-09 22:00:00,0,0,0
2019-04-09 23:00:00,0,0,0
2019-04-10 00:00:00,0,0,0
2019-04-10 01:00:00,0,0,0
2019-04-10 02:00:00,0,0,0
2019-04-10 03:00:00,0,0,0
2019-04-10 04:00:00,0,0,0
2019-04-10 05:00:00,3,1,2
2019-04-10 06:00:00,5,2,3
2019-04-10 07:00:00,16,9,7
2019-04-10 08:00:00,38,14,24
2019-04-10 09:00:00,20,9,11
2019-04-10 10:00:00,25,13,12
2019-04-10 11:00:00,10,4,6
2019-04-10 12:00:00,21,11,10
2019-04-10 13:00:00,3,0,3
2019-04-10 14:00:00,10,5,5
2019-04-10 15:00:00,21,10,11
2019-04-10 16:00:00,26,13,13
2019-04-10 17:00:00,18,8,10
2019-04-10 18:00:00,20,10,10
2019-04-10 19:00:00,9,5,4
2019-04-10 20:00:00,1,0,1
2019-04-10 21:00:00,2,2,0
2019-04-10 22:00:00,7,5,2
2019-04-10 23:00:00,1,1,0
2019-04-11 00:00:00,0,0,0
2019-04-11 01:00:00,0,0,0
2019-04-11 02:00:00,0,0,0
2019-04-11 03:00:00,0,0,0
2019-04-11 04:00:00,1,1,0
2019-04-11 05:00:00,2,2,0
2019-04-11 06:00:00,19,5,14
2019-04-11 07:00:00,22,10,12
2019-04-11 08:00:00,10,4,6
2019-04-11 09:00:00,19,10,9
2019-04-11 10:00:00,18,10,8
2019-04-11 11:00:00,24,11,13
2019-04-11 12:00:00,24,11,13
2019-04-11 13:00:00,4,1,3
2019-04-11 14:00:00,12,6,6
2019-04-11 15:00:00,16,9,7
2019-04-11 16:00:00,24,12,12
2019-04-11 17:00:00,30,18,12
2019-04-11 18:00:00,34,17,17
2019-04-11 19:00:00,9,4,5
2019-04-11 20:00:00,5,3,2
2019-04-11 21:00:00,2,1,1
2019-04-11 22:00:00,0,0,0
2019-04-11 23:00:00,0,0,0
2019-04-12 00:00:00,0,0,0
2019-04-12 01:00:00,0,0,0
2019-04-12 02:00:00,0,0,0
2019-04-12 03:00:00,0,0,0
2019-04-12 04:00:00,1,1,0
2019-04-12 05:00:00,1,1,0
2019-04-12 06:00:00,7,4,3
2019-04-12 07:00:00,28,11,17
2019-04-12 08:00:00,26,11,15
2019-04-12 09:00:00,30,14,16
2019-04-12 10:00:00,38,22,16
2019-04-12 11:00:00,29,10,19
2019-04-12 12:00:00,18,9,9
2019-04-12 13:00:00,19,11,8
2019-04-12 14:00:00,18,8,10
2019-04-12 15:00:00,23,11,12
2019-04-12 16:00:00,25,14,11
2019-04-12 17:00:00,41,17,24
2019-04-12 18:00:00,28,14,14
2019-04-12 19:00:00,11,3,8
2019-04-12 20:00:00,0,0,0
2019-04-12 21:00:00,3,2,1
2019-04-12 22:00:00,1,0,1
2019-04-12 23:00:00,0,0,0
2019-04-13 00:00:00,0,0,0
2019-04-13 01:00:00,0,0,0
2019-04-13 02:00:00,0,0,0
2019-04-13 03:00:00,1,0,1
2019-04-13 04:00:00,0,0,0
2019-04-13 05:00:00,2,1,1
2019-04-13 06:00:00,4,2,2
2019-04-13 07:00:00,12,8,4
2019-04-13 08:00:00,24,12,12
2019-04-13 09:00:00,49,28,21
2019-04-13 10:00:00,53,26,27
2019-04-13 11:00:00,65,31,34
2019-04-13 12:00:00,27,11,16
2019-04-13 13:00:00,28,13,15
2019-04-13 14:00:00,18,11,7
2019-04-13 15:00:00,24,10,14
2019-04-13 16:00:00,21,9,12
2019-04-13 17:00:00,26,17,9
2019-04-13 18:00:00,41,21,20
2019-04-13 19:00:00,15,5,10
2019-04-13 20:00:00,2,1,1
2019-04-13 21:00:00,2,1,1
2019-04-13 22:00:00,0,0,0
2019-04-13 23:00:00,0,0,0
2019-04-14 00:00:00,0,0,0
2019-04-14 01:00:00,0,0,0
2019-04-14 02:00:00,0,0,0
2019-04-14 03:00:00,0,0,0
2019-04-14 04:00:00,0,0,0
2019-04-14 05:00:00,2,1,1
2019-04-14 06:00:00,9,5,4
2019-04-14 07:00:00,16,8,8
2019-04-14 08:00:00,29,15,14
2019-04-14 09:00:00,61,32,29
2019-04-14 10:00:00,141,74,67
2019-04-14 11:00:00,49,25,24
2019-04-14 12:00:00,42,18,24
2019-04-14 13:00:00,54,31,23
2019-04-14 14:00:00,44,17,27
2019-04-14 15:00:00,47,23,24
2019-04-14 16:00:00,25,11,14
2019-04-14 17:00:00,34,18,16
2019-04-14 18:00:00,31,17,14
2019-04-14 19:00:00,8,2,6
2019-04-14 20:00:00,1,0,1
2019-04-14 21:00:00,0,0,0
2019-04-14 22:00:00,1,0,1
2019-04-14 23:00:00,0,0,0
2019-04-15 00:00:00,0,0,0
2019-04-15 01:00:00,0,0,0
2019-04-15 02:00:00,0,0,0
2019-04-15 03:00:00,0,0,0
2019-04-15 04:00:00,1,1,0
2019-04-15 05:00:00,2,1,1
2019-04-15 06:00:00,24,13,11
2019-04-15 07:00:00,20,6,14
2019-04-15 08:00:00,27,13,14
2019-04-15 09:00:00,29,11,18
2019-04-15 10:00:00,36,25,11
2019-04-15 11:00:00,43,33,10
2019-04-15 12:00:00,48,29,19
2019-04-15 13:00:00,39,25,14
2019-04-15 14:00:00,20,9,11
2019-04-15 15:00:00,24,9,15
2019-04-15 16:00:00,46,24,22
2019-04-15 17:00:00,37,20,17
2019-04-15 18:00:00,32,17,15
2019-04-15 19:00:00,21,11,10
2019-04-15 20:00:00,7,4,3
2019-04-15 21:00:00,0,0,0
2019-04-15 22:00:00,2,2,0
2019-04-15 23:00:00,2,1,1
2019-04-16 00:00:00,1,0,1
2019-04-16 01:00:00,0,0,0
2019-04-16 02:00:00,0,0,0
2019-04-16 03:00:00,0,0,0
2019-04-16 04:00:00,0,0,0
2019-04-16 05:00:00,4,2,2
2019-04-16 06:00:00,21,9,12
2019-04-16 07:00:00,16,7,9
2019-04-16 08:00:00,25,7,18
2019-04-16 09:00:00,22,11,11
2019-04-16 10:00:00,14,6,8
2019-04-16 11:00:00,13,7,6
2019-04-16 12:00:00,15,10,5
2019-04-16 13:00:00,27,13,14
2019-04-16 14:00:00,19,10,9
2019-04-16 15:00:00,23,10,13
2019-04-16 16:00:00,31,16,15
2019-04-16 17:00:00,15,8,7
2019-04-16 18:00:00,27,12,15
2019-04-16 19:00:00,11,7,4
2019-04-16 20:00:00,4,2,2
2019-04-16 21:00:00,5,2,3
2019-04-16 22:00:00,0,0,0
2019-04-16 23:00:00,3,2,1
2019-04-17 00:00:00,1,0,1
2019-04-17 01:00:00,0,0,0
2019-04-17 02:00:00,0,0,0
2019-04-17 03:00:00,0,0,0
2019-04-17 04:00:00,0,0,0
2019-04-17 05:00:00,6,4,2
2019-04-17 06:00:00,13,4,9
2019-04-17 07:00:00,18,6,12
2019-04-17 08:00:00,20,7,13
2019-04-17 09:00:00,24,12,12
2019-04-17 10:00:00,27,12,15
2019-04-17 11:00:00,14,5,9
2019-04-17 12:00:00,23,13,10
2019-04-17 13:00:00,14,5,9
2019-04-17 14:00:00,12,5,7
2019-04-17 15:00:00,14,5,9
2019-04-17 16:00:00,32,20,12
2019-04-17 17:00:00,35,22,13
2019-04-17 18:00:00,36,20,16
2019-04-17 19:00:00,28,12,16
2019-04-17 20:00:00,11,5,6
2019-04-17 21:00:00,6,4,2
2019-04-17 22:00:00,3,2,1
2019-04-17 23:00:00,0,0,0
2019-04-18 00:00:00,0,0,0
2019-04-18 01:00:00,0,0,0
2019-04-18 02:00:00,0,0,0
2019-04-18 03:00:00,0,0,0
2019-04-18 04:00:00,1,1,0
2019-04-18 05:00:00,5,2,3
2019-04-18 06:00:00,19,9,10
2019-04-18 07:00:00,9,4,5
2019-04-18 08:00:00,20,9,11
2019-04-18 09:00:00,34,19,15
2019-04-18 10:00:00,20,7,13
2019-04-18 11:00:00,12,5,7
2019-04-18 12:00:00,14,8,6
2019-04-18 13:00:00,21,9,12
2019-04-18 14:00:00,14,7,7
2019-04-18 15:00:00,8,3,5
2019-04-18 16:00:00,24,13,11
2019-04-18 17:00:00,37,18,19
2019-04-18 18:00:00,31,15,16
2019-04-18 19:00:00,28,12,16
2019-04-18 20:00:00,3,2,1
2019-04-18 21:00:00,0,0,0
2019-04-18 22:00:00,0,0,0
2019-04-18 23:00:00,0,0,0
2019-04-19 00:00:00,0,0,0
2019-04-19 01:00:00,0,0,0
2019-04-19 02:00:00,0,0,0
2019-04-19 03:00:00,0,0,0
2019-04-19 04:00:00,0,0,0
2019-04-19 05:00:00,5,4,1
2019-04-19 06:00:00,22,9,13
2019-04-19 07:00:00,17,10,7
2019-04-19 08:00:00,30,12,18
2019-04-19 09:00:00,31,14,17
2019-04-19 10:00:00,31,16,15
2019-04-19 11:00:00,24,10,14
2019-04-19 12:00:00,13,6,7
2019-04-19 13:00:00,19,9,10
2019-04-19 14:00:00,10,4,6
2019-04-19 15:00:00,9,5,4
2019-04-19 16:00:00,22,8,14
2019-04-19 17:00:00,12,5,7
2019-04-19 18:00:00,13,5,8
2019-04-19 19:00:00,6,4,2
2019-04-19 20:00:00,14,8,6
2019-04-19 21:00:00,3,1,2
2019-04-19 22:00:00,1,0,1
2019-04-19 23:00:00,0,0,0
2019-04-20 00:00:00,0,0,0
2019-04-20 01:00:00,0,0,0
2019-04-20 02:00:00,0,0,0
2019-04-20 03:00:00,0,0,0
2019-04-20 04:00:00,0,0,0
2019-04-20 05:00:00,3,2,1
2019-04-20 06:00:00,2,1,1
2019-04-20 07:00:00,27,16,11
2019-04-20 08:00:00,169,89,80
2019-04-20 09:00:00,113,42,71
2019-04-20 10:00:00,75,43,32
2019-04-20 11:00:00,61,29,32
2019-04-20 12:00:00,50,26,24
2019-04-20 13:00:00,41,16,25
2019-04-20 14:00:00,51,29,22
2019-04-20 15:00:00,50,30,20
2019-04-20 16:00:00,46,17,29
2019-04-20 17:00:00,32,18,14
2019-04-20 18:00:00,34,11,23
2019-04-20 19:00:00,11,6,5
2019-04-20 20:00:00,5,3,2
2019-04-20 21:00:00,1,0,1
2019-04-20 22:00:00,1,0,1
2019-04-20 23:00:00,0,0,0
2019-04-21 00:00:00,0,0,0
2019-04-21 01:00:00,0,0,0
2019-04-21 02:00:00,0,0,0
2019-04-21 03:00:00,0,0,0
2019-04-21 04:00:00,0,0,0
2019-04-21 05:00:00,0,0,0
2019-04-21 06:00:00,5,2,3
2019-04-21 07:00:00,19,12,7
2019-04-21 08:00:00,55,28,27
2019-04-21 09:00:00,52,27,25
2019-04-21 10:00:00,62,35,27
2019-04-21 11:00:00,32,11,21
2019-04-21 12:00:00,39,16,23
2019-04-21 13:00:00,37,18,19
2019-04-21 14:00:00,44,22,22
2019-04-21 15:00:00,52,25,27
2019-04-21 16:00:00,42,15,27
2019-04-21 17:00:00,33,17,16
2019-04-21 18:00:00,28,11,17
2019-04-21 19:00:00,16,6,10
2019-04-21 20:00:00,6,3,3
2019-04-21 21:00:00,1,0,1
2019-04-21 22:00:00,0,0,0
2019-04-21 23:00:00,0,0,0
2019-04-22 00:00:00,0,0,0
2019-04-22 01:00:00,0,0,0
2019-04-22 02:00:00,0,0,0
2019-04-22 03:00:00,0,0,0
2019-04-22 04:00:00,0,0,0
2019-04-22 05:00:00,3,0,3
2019-04-22 06:00:00,13,7,6
2019-04-22 07:00:00,21,10,11
2019-04-22 08:00:00,28,11,17
2019-04-22 09:00:00,28,10,18
2019-04-22 10:00:00,16,10,6
2019-04-22 11:00:00,23,10,13
2019-04-22 12:00:00,21,10,11
2019-04-22 13:00:00,19,8,11
2019-04-22 14:00:00,15,9,6
2019-04-22 15:00:00,13,8,5
2019-04-22 16:00:00,18,9,9
2019-04-22 17:00:00,23,14,9
2019-04-22 18:00:00,15,9,6
2019-04-22 19:00:00,9,4,5
2019-04-22 20:00:00,1,0,1
2019-04-22 21:00:00,1,1,0
2019-04-22 22:00:00,0,0,0
2019-04-22 23:00:00,0,0,0
2019-04-23 00:00:00,0,0,0
2019-04-23 01:00:00,0,0,0
2019-04-23 02:00:00,0,0,0
2019-04-23 03:00:00,0,0,0
2019-04-23 04:00:00,0,0,0
2019-04-23 05:00:00,3,1,2
2019-04-23 06:00:00,14,7,7
2019-04-23 07:00:00,15,9,6
2019-04-23 08:00:00,35,15,20
2019-04-23 09:00:00,23,12,11
2019-04-23 10:00:00,19,11,8
2019-04-23 11:00:00,31,15,16
2019-04-23 12:00:00,26,13,13
2019-04-23 13:00:00,15,5,10
2019-04-23 14:00:00,14,12,2
2019-04-23 15:00:00,34,15,19
2019-04-23 16:00:00,42,18,24
2019-04-23 17:00:00,38,22,16
2019-04-23 18:00:00,38,17,21
2019-04-23 19:00:00,13,5,8
2019-04-23 20:00:00,5,2,3
2019-04-23 21:00:00,5,3,2
2019-04-23 22:00:00,0,0,0
2019-04-23 23:00:00,1,0,1
2019-04-24 00:00:00,0,0,0
2019-04-24 01:00:00,0,0,0
2019-04-24 02:00:00,0,0,0
2019-04-24 03:00:00,0,0,0
2019-04-24 04:00:00,3,1,2
2019-04-24 05:00:00,5,3,2
2019-04-24 06:00:00,13,5,8
2019-04-24 07:00:00,19,10,9
2019-04-24 08:00:00,24,11,13
2019-04-24 09:00:00,43,21,22
2019-04-24 10:00:00,41,22,19
2019-04-24 11:00:00,28,16,12
2019-04-24 12:00:00,20,11,9
2019-04-24 13:00:00,21,9,12
2019-04-24 14:00:00,26,8,18
2019-04-24 15:00:00,33,20,13
2019-04-24 16:00:00,39,15,24
2019-04-24 17:00:00,39,23,16
2019-04-24 18:00:00,42,23,19
2019-04-24 19:00:00,31,15,16
2019-04-24 20:00:00,10,5,5
2019-04-24 21:00:00,0,0,0
2019-04-24 22:00:00,0,0,0
2019-04-24 23:00:00,1,1,0
2019-04-25 00:00:00,0,0,0
2019-04-25 01:00:00,1,0,1
2019-04-25 02:00:00,0,0,0
2019-04-25 03:00:00,0,0,0
2019-04-25 04:00:00,2,2,0
2019-04-25 05:00:00,7,4,3
2019-04-25 06:00:00,17,7,10
2019-04-25 07:00:00,19,6,13
2019-04-25 08:00:00,27,10,17
2019-04-25 09:00:00,32,13,19
2019-04-25 10:00:00,33,16,17
2019-04-25 11:00:00,21,10,11
2019-04-25 12:00:00,16,6,10
2019-04-25 13:00:00,18,8,10
2019-04-25 14:00:00,17,7,10
2019-04-25 15:00:00,16,8,8
2019-04-25 16:00:00,31,15,16
2019-04-25 17:00:00,33,17,16
2019-04-25 18:00:00,22,8,14
2019-04-25 19:00:00,21,9,12
2019-04-25 20:00:00,10,4,6
2019-04-25 21:00:00,1,1,0
2019-04-25 22:00:00,0,0,0
2019-04-25 23:00:00,0,0,0
2019-04-26 00:00:00,0,0,0
2019-04-26 01:00:00,0,0,0
2019-04-26 02:00:00,0,0,0
2019-04-26 03:00:00,0,0,0
2019-04-26 04:00:00,0,0,0
2019-04-26 05:00:00,4,3,1
2019-04-26 06:00:00,10,5,5
2019-04-26 07:00:00,15,7,8
2019-04-26 08:00:00,42,13,29
2019-04-26 09:00:00,32,15,17
2019-04-26 10:00:00,28,12,16
2019-04-26 11:00:00,22,9,13
2019-04-26 12:00:00,33,17,16
2019-04-26 13:00:00,23,12,11
2019-04-26 14:00:00,37,21,16
2019-04-26 15:00:00,32,14,18
2019-04-26 16:00:00,32,19,13
2019-04-26 17:00:00,23,11,12
2019-04-26 18:00:00,29,18,11
2019-04-26 19:00:00,21,10,11
2019-04-26 20:00:00,8,2,6
2019-04-26 21:00:00,1,1,0
2019-04-26 22:00:00,0,0,0
2019-04-26 23:00:00,1,1,0
2019-04-27 00:00:00,0,0,0
2019-04-27 01:00:00,0,0,0
2019-04-27 02:00:00,0,0,0
2019-04-27 03:00:00,0,0,0
2019-04-27 04:00:00,0,0,0
2019-04-27 05:00:00,0,0,0
2019-04-27 06:00:00,7,5,2
2019-04-27 07:00:00,22,11,11
2019-04-27 08:00:00,46,25,21
2019-04-27 09:00:00,76,35,41
2019-04-27 10:00:00,52,24,28
2019-04-27 11:00:00,72,34,38
2019-04-27 12:00:00,55,28,27
2019-04-27 13:00:00,23,6,17
2019-04-27 14:00:00,41,21,20
2019-04-27 15:00:00,29,12,17
2019-04-27 16:00:00,30,15,15
2019-04-27 17:00:00,27,12,15
2019-04-27 18:00:00,18,6,12
2019-04-27 19:00:00,17,8,9
2019-04-27 20:00:00,8,5,3
2019-04-27 21:00:00,0,0,0
2019-04-27 22:00:00,0,0,0
2019-04-27 23:00:00,0,0,0
2019-04-28 00:00:00,0,0,0
2019-04-28 01:00:00,0,0,0
2019-04-28 02:00:00,0,0,0
2019-04-28 03:00:00,0,0,0
2019-04-28 04:00:00,0,0,0
2019-04-28 05:00:00,0,0,0
2019-04-28 06:00:00,10,4,6
2019-04-28 07:00:00,23,13,10
2019-04-28 08:00:00,47,19,28
2019-04-28 09:00:00,52,25,27
2019-04-28 10:00:00,67,35,32
2019-04-28 11:00:00,56,28,28
2019-04-28 12:00:00,47,25,22
2019-04-28 13:00:00,53,28,25
2019-04-28 14:00:00,51,19,32
2019-04-28 15:00:00,53,20,33
2019-04-28 16:00:00,54,22,32
2019-04-28 17:00:00,43,25,18
2019-04-28 18:00:00,43,17,26
2019-04-28 19:00:00,22,9,13
2019-04-28 20:00:00,4,2,2
2019-04-28 21:00:00,1,0,1
2019-04-28 22:00:00,5,4,1
2019-04-28 23:00:00,0,0,0
2019-04-29 00:00:00,0,0,0
2019-04-29 01:00:00,0,0,0
2019-04-29 02:00:00,0,0,0
2019-04-29 03:00:00,0,0,0
2019-04-29 04:00:00,0,0,0
2019-04-29 05:00:00,5,4,1
2019-04-29 06:00:00,16,7,9
2019-04-29 07:00:00,17,8,9
2019-04-29 08:00:00,30,14,16
2019-04-29 09:00:00,34,15,19
2019-04-29 10:00:00,36,15,21
2019-04-29 11:00:00,21,13,8
2019-04-29 12:00:00,27,14,13
2019-04-29 13:00:00,37,18,19
2019-04-29 14:00:00,25,11,14
2019-04-29 15:00:00,22,7,15
2019-04-29 16:00:00,38,26,12
2019-04-29 17:00:00,43,20,23
2019-04-29 18:00:00,45,23,22
2019-04-29 19:00:00,26,12,14
2019-04-29 20:00:00,11,2,9
2019-04-29 21:00:00,5,3,2
2019-04-29 22:00:00,0,0,0
2019-04-29 23:00:00,2,1,1
2019-04-30 00:00:00,0,0,0
2019-04-30 01:00:00,0,0,0
2019-04-30 02:00:00,0,0,0
2019-04-30 03:00:00,0,0,0
2019-04-30 04:00:00,0,0,0
2019-04-30 05:00:00,3,2,1
2019-04-30 06:00:00,17,7,10
2019-04-30 07:00:00,22,9,13
2019-04-30 08:00:00,29,17,12
2019-04-30 09:00:00,36,14,22
2019-04-30 10:00:00,18,7,11
2019-04-30 11:00:00,25,12,13
2019-04-30 12:00:00,29,15,14
2019-04-30 13:00:00,25,15,10
2019-04-30 14:00:00,32,10,22
2019-04-30 15:00:00,29,11,18
2019-04-30 16:00:00,40,19,21
2019-04-30 17:00:00,55,30,25
2019-04-30 18:00:00,44,22,22
2019-04-30 19:00:00,39,17,22
2019-04-30 20:00:00,19,8,11
2019-04-30 21:00:00,4,3,1
2019-04-30 22:00:00,2,0,2
2019-04-30 23:00:00,0,0,0
2019-08-03 20:00:00,18,9,9
2019-08-03 21:00:00,14,6,8
2019-08-03 22:00:00,1,0,1
2019-08-03 23:00:00,2,1,1
2019-08-04 00:00:00,0,0,0
2019-08-04 01:00:00,0,0,0
2019-08-04 02:00:00,0,0,0
2019-08-04 03:00:00,0,0,0
2019-08-04 04:00:00,0,0,0
2019-08-04 05:00:00,1,1,0
2019-08-04 06:00:00,2,1,1
2019-08-04 07:00:00,12,6,6
2019-08-04 08:00:00,34,14,20
2019-08-04 09:00:00,51,23,28
2019-08-04 10:00:00,131,111,20
2019-08-04 11:00:00,161,143,18
2019-08-04 12:00:00,64,54,10
2019-08-04 13:00:00,34,22,12
2019-08-04 14:00:00,23,11,12
2019-08-04 15:00:00,24,12,12
2019-08-04 16:00:00,19,9,10
2019-08-04 17:00:00,5,2,3
2019-08-04 18:00:00,6,3,3
2019-08-04 19:00:00,11,5,6
2019-08-04 20:00:00,12,3,9
2019-08-04 21:00:00,7,2,5
2019-08-04 22:00:00,2,0,2
2019-08-04 23:00:00,0,0,0
2019-08-05 00:00:00,0,0,0
2019-08-05 01:00:00,0,0,0
2019-08-05 02:00:00,0,0,0
2019-08-05 03:00:00,0,0,0
2019-08-05 04:00:00,0,0,0
2019-08-05 05:00:00,3,1,2
2019-08-05 06:00:00,25,13,12
2019-08-05 07:00:00,40,19,21
2019-08-05 08:00:00,33,14,19
2019-08-05 09:00:00,38,17,21
2019-08-05 10:00:00,31,17,14
2019-08-05 11:00:00,21,12,9
2019-08-05 12:00:00,17,9,8
2019-05-01 00:00:00,2,1,1
2019-05-01 01:00:00,0,0,0
2019-05-01 02:00:00,0,0,0
2019-05-01 03:00:00,0,0,0
2019-05-01 04:00:00,0,0,0
2019-05-01 05:00:00,3,3,0
2019-05-01 06:00:00,19,7,12
2019-05-01 07:00:00,26,11,15
2019-05-01 08:00:00,29,14,15
2019-05-01 09:00:00,26,15,11
2019-05-01 10:00:00,23,9,14
2019-05-01 11:00:00,44,31,13
2019-05-01 12:00:00,13,7,6
2019-05-01 13:00:00,22,12,10
2019-05-01 14:00:00,17,8,9
2019-05-01 15:00:00,23,16,7
2019-05-01 16:00:00,37,16,21
2019-05-01 17:00:00,39,21,18
2019-05-01 18:00:00,45,20,25
2019-05-01 19:00:00,28,10,18
2019-05-01 20:00:00,14,6,8
2019-05-01 21:00:00,0,0,0
2019-05-01 22:00:00,1,0,1
2019-05-01 23:00:00,0,0,0
2019-05-02 00:00:00,0,0,0
2019-05-02 01:00:00,0,0,0
2019-05-02 02:00:00,0,0,0
2019-05-02 03:00:00,0,0,0
2019-05-02 04:00:00,0,0,0
2019-05-02 05:00:00,2,1,1
2019-05-02 06:00:00,25,10,15
2019-05-02 07:00:00,29,14,15
2019-05-02 08:00:00,31,14,17
2019-05-02 09:00:00,21,10,11
2019-05-02 10:00:00,20,9,11
2019-05-02 11:00:00,18,10,8
2019-05-02 12:00:00,18,9,9
2019-05-02 13:00:00,23,12,11
2019-05-02 14:00:00,16,8,8
2019-05-02 15:00:00,20,8,12
2019-05-02 16:00:00,39,23,16
2019-05-02 17:00:00,33,11,22
2019-05-02 18:00:00,22,12,10
2019-05-02 19:00:00,19,10,9
2019-05-02 20:00:00,6,2,4
2019-05-02 21:00:00,4,3,1
2019-05-02 22:00:00,1,1,0
2019-05-02 23:00:00,0,0,0
2019-05-03 00:00:00,2,1,1
2019-05-03 01:00:00,0,0,0
2019-05-03 02:00:00,0,0,0
2019-05-03 03:00:00,0,0,0
2019-05-03 04:00:00,1,0,1
2019-05-03 05:00:00,8,5,3
2019-05-03 06:00:00,14,5,9
2019-05-03 07:00:00,20,8,12
2019-05-03 08:00:00,20,10,10
2019-05-03 09:00:00,23,11,12
2019-05-03 10:00:00,19,10,9
2019-05-03 11:00:00,23,10,13
2019-05-03 12:00:00,29,19,10
2019-05-03 13:00:00,27,13,14
2019-05-03 14:00:00,28,16,12
2019-05-03 15:00:00,27,14,13
2019-05-03 16:00:00,50,25,25
2019-05-03 17:00:00,35,13,22
2019-05-03 18:00:00,35,19,16
2019-05-03 19:00:00,26,14,12
2019-05-03 20:00:00,7,0,7
2019-05-03 21:00:00,3,1,2
2019-05-03 22:00:00,0,0,0
2019-05-03 23:00:00,1,1,0
2019-05-04 00:00:00,1,0,1
2019-05-04 01:00:00,0,0,0
2019-05-04 02:00:00,0,0,0
2019-05-04 03:00:00,0,0,0
2019-05-04 04:00:00,0,0,0
2019-05-04 05:00:00,2,0,2
2019-05-04 06:00:00,5,2,3
2019-05-04 07:00:00,31,21,10
2019-05-04 08:00:00,56,25,31
2019-05-04 09:00:00,74,39,35
2019-05-04 10:00:00,59,29,30
2019-05-04 11:00:00,71,28,43
2019-05-04 12:00:00,57,21,36
2019-05-04 13:00:00,25,16,9
2019-05-04 14:00:00,43,19,24
2019-05-04 15:00:00,42,14,28
2019-05-04 16:00:00,56,34,22
2019-05-04 17:00:00,47,19,28
2019-05-04 18:00:00,25,15,10
2019-05-04 19:00:00,10,5,5
2019-05-04 20:00:00,17,3,14
2019-05-04 21:00:00,1,1,0
2019-05-04 22:00:00,1,0,1
2019-05-04 23:00:00,0,0,0
2019-05-05 00:00:00,0,0,0
2019-05-05 01:00:00,0,0,0
2019-05-05 02:00:00,0,0,0
2019-05-05 03:00:00,0,0,0
2019-05-05 04:00:00,0,0,0
2019-05-05 05:00:00,0,0,0
2019-05-05 06:00:00,7,3,4
2019-05-05 07:00:00,21,10,11
2019-05-05 08:00:00,77,36,41
2019-05-05 09:00:00,42,21,21
2019-05-05 10:00:00,58,33,25
2019-05-05 11:00:00,69,35,34
2019-05-05 12:00:00,68,31,37
2019-05-05 13:00:00,60,29,31
2019-05-05 14:00:00,57,24,33
2019-05-05 15:00:00,63,27,36
2019-05-05 16:00:00,35,19,16
2019-05-05 17:00:00,41,18,23
2019-05-05 18:00:00,33,15,18
2019-05-05 19:00:00,17,3,14
2019-05-05 20:00:00,13,7,6
2019-05-05 21:00:00,12,5,7
2019-05-05 22:00:00,3,1,2
2019-05-05 23:00:00,1,0,1
2019-05-06 00:00:00,0,0,0
2019-05-06 01:00:00,0,0,0
2019-05-06 02:00:00,0,0,0
2019-05-06 03:00:00,0,0,0
2019-05-06 04:00:00,0,0,0
2019-05-06 05:00:00,1,0,1
2019-05-06 06:00:00,14,5,9
2019-05-06 07:00:00,19,6,13
2019-05-06 08:00:00,19,8,11
2019-05-06 09:00:00,27,13,14
2019-05-06 10:00:00,30,13,17
2019-05-06 11:00:00,19,9,10
2019-05-06 12:00:00,32,15,17
2019-05-06 13:00:00,11,4,7
2019-05-06 14:00:00,23,13,10
2019-05-06 15:00:00,22,10,12
2019-05-06 16:00:00,48,23,25
2019-05-06 17:00:00,36,17,19
2019-05-06 18:00:00,45,28,17
2019-05-06 19:00:00,22,12,10
2019-05-06 20:00:00,9,2,7
2019-05-06 21:00:00,5,2,3
2019-05-06 22:00:00,0,0,0
2019-05-06 23:00:00,0,0,0
2019-05-07 00:00:00,0,0,0
2019-05-07 01:00:00,0,0,0
2019-05-07 02:00:00,0,0,0
2019-05-07 03:00:00,0,0,0
2019-05-07 04:00:00,1,1,0
2019-05-07 05:00:00,4,2,2
2019-05-07 06:00:00,24,9,15
2019-05-07 07:00:00,23,7,16
2019-05-07 08:00:00,41,18,23
2019-05-07 09:00:00,35,19,16
2019-05-07 10:00:00,23,10,13
2019-05-07 11:00:00,16,7,9
2019-05-07 12:00:00,28,15,13
2019-05-07 13:00:00,24,9,15
2019-05-07 14:00:00,19,9,10
2019-05-07 15:00:00,23,12,11
2019-05-07 16:00:00,44,18,26
2019-05-07 17:00:00,51,28,23
2019-05-07 18:00:00,46,24,22
2019-05-07 19:00:00,21,8,13
2019-05-07 20:00:00,5,2,3
2019-05-07 21:00:00,2,2,0
2019-05-07 22:00:00,1,0,1
2019-05-07 23:00:00,0,0,0
2019-05-08 00:00:00,1,1,0
2019-05-08 01:00:00,0,0,0
2019-05-08 02:00:00,0,0,0
2019-05-08 03:00:00,0,0,0
2019-05-08 04:00:00,1,1,0
2019-05-08 05:00:00,13,10,3
2019-05-08 06:00:00,27,7,20
2019-05-08 07:00:00,22,11,11
2019-05-08 08:00:00,24,9,15
2019-05-08 09:00:00,49,24,25
2019-05-08 10:00:00,38,18,20
2019-05-08 11:00:00,26,15,11
2019-05-08 12:00:00,21,12,9
2019-05-08 13:00:00,26,10,16
2019-05-08 14:00:00,17,8,9
2019-05-08 15:00:00,26,10,16
2019-05-08 16:00:00,41,19,22
2019-05-08 17:00:00,54,28,26
2019-05-08 18:00:00,37,19,18
2019-05-08 19:00:00,33,17,16
2019-05-08 20:00:00,9,5,4
2019-05-08 21:00:00,2,1,1
2019-05-08 22:00:00,0,0,0
2019-05-08 23:00:00,1,0,1
2019-05-09 00:00:00,0,0,0
2019-05-09 01:00:00,0,0,0
2019-05-09 02:00:00,0,0,0
2019-05-09 03:00:00,0,0,0
2019-05-09 04:00:00,0,0,0
2019-05-09 05:00:00,4,3,1
2019-05-09 06:00:00,28,10,18
2019-05-09 07:00:00,35,19,16
2019-05-09 08:00:00,20,8,12
2019-05-09 09:00:00,34,16,18
2019-05-09 10:00:00,48,24,24
2019-05-09 11:00:00,26,11,15
2019-05-09 12:00:00,23,8,15
2019-05-09 13:00:00,22,10,12
2019-05-09 14:00:00,20,11,9
2019-05-09 15:00:00,32,12,20
2019-05-09 16:00:00,28,13,15
2019-05-09 17:00:00,29,17,12
2019-05-09 18:00:00,51,28,23
2019-05-09 19:00:00,33,17,16
2019-05-09 20:00:00,12,4,8
2019-05-09 21:00:00,5,3,2
2019-05-09 22:00:00,1,0,1
2019-05-09 23:00:00,0,0,0
2019-05-10 00:00:00,0,0,0
2019-05-10 01:00:00,0,0,0
2019-05-10 02:00:00,0,0,0
2019-05-10 03:00:00,0,0,0
2019-05-10 04:00:00,0,0,0
2019-05-10 05:00:00,5,2,3
2019-05-10 06:00:00,12,4,8
2019-05-10 07:00:00,20,8,12
2019-05-10 08:00:00,46,21,25
2019-05-10 09:00:00,41,17,24
2019-05-10 10:00:00,32,14,18
2019-05-10 11:00:00,40,19,21
2019-05-10 12:00:00,23,7,16
2019-05-10 13:00:00,13,6,7
2019-05-10 14:00:00,19,10,9
2019-05-10 15:00:00,17,11,6
2019-05-10 16:00:00,29,17,12
2019-05-10 17:00:00,36,20,16
2019-05-10 18:00:00,22,13,9
2019-05-10 19:00:00,16,9,7
2019-05-10 20:00:00,17,3,14
2019-05-10 21:00:00,4,1,3
2019-05-10 22:00:00,1,1,0
2019-05-10 23:00:00,1,1,0
2019-05-11 00:00:00,0,0,0
2019-05-11 01:00:00,0,0,0
2019-05-11 02:00:00,0,0,0
2019-05-11 03:00:00,0,0,0
2019-05-11 04:00:00,0,0,0
2019-05-11 05:00:00,3,3,0
2019-05-11 06:00:00,24,11,13
2019-05-11 07:00:00,46,24,22
2019-05-11 08:00:00,72,41,31
2019-05-11 09:00:00,87,36,51
2019-05-11 10:00:00,84,39,45
2019-05-11 11:00:00,52,29,23
2019-05-11 12:00:00,46,20,26
2019-05-11 13:00:00,38,22,16
2019-05-11 14:00:00,22,11,11
2019-05-11 15:00:00,28,13,15
2019-05-11 16:00:00,36,19,17
2019-05-11 17:00:00,21,14,7
2019-05-11 18:00:00,32,13,19
2019-05-11 19:00:00,20,10,10
2019-05-11 20:00:00,10,3,7
2019-05-11 21:00:00,1,0,1
2019-05-11 22:00:00,0,0,0
2019-05-11 23:00:00,0,0,0
2019-05-12 00:00:00,0,0,0
2019-05-12 01:00:00,0,0,0
2019-05-12 02:00:00,0,0,0
2019-05-12 03:00:00,0,0,0
2019-05-12 04:00:00,0,0,0
2019-05-12 05:00:00,0,0,0
2019-05-12 06:00:00,7,4,3
2019-05-12 07:00:00,16,10,6
2019-05-12 08:00:00,46,24,22
2019-05-12 09:00:00,51,30,21
2019-05-12 10:00:00,51,24,27
2019-05-12 11:00:00,56,26,30
2019-05-12 12:00:00,36,19,17
2019-05-12 13:00:00,36,14,22
2019-05-12 14:00:00,61,36,25
2019-05-12 15:00:00,56,28,28
2019-05-12 16:00:00,27,12,15
2019-05-12 17:00:00,35,17,18
2019-05-12 18:00:00,24,12,12
2019-05-12 19:00:00,25,14,11
2019-05-12 20:00:00,7,1,6
2019-05-12 21:00:00,4,2,2
2019-05-12 22:00:00,0,0,0
2019-05-12 23:00:00,0,0,0
2019-05-13 00:00:00,0,0,0
2019-05-13 01:00:00,0,0,0
2019-05-13 02:00:00,0,0,0
2019-05-13 03:00:00,0,0,0
2019-05-13 04:00:00,0,0,0
2019-05-13 05:00:00,5,3,2
2019-05-13 06:00:00,15,8,7
2019-05-13 07:00:00,22,6,16
2019-05-13 08:00:00,20,9,11
2019-05-13 09:00:00,22,11,11
2019-05-13 10:00:00,17,7,10
2019-05-13 11:00:00,27,12,15
2019-05-13 12:00:00,31,15,16
2019-05-13 13:00:00,25,12,13
2019-05-13 14:00:00,28,15,13
2019-05-13 15:00:00,20,12,8
2019-05-13 16:00:00,39,17,22
2019-05-13 17:00:00,37,18,19
2019-05-13 18:00:00,51,22,29
2019-05-13 19:00:00,44,23,21
2019-05-13 20:00:00,23,11,12
2019-05-13 21:00:00,3,1,2
2019-05-13 22:00:00,2,2,0
2019-05-13 23:00:00,1,0,1
2019-05-14 00:00:00,0,0,0
2019-05-14 01:00:00,1,1,0
2019-05-14 02:00:00,0,0,0
2019-05-14 03:00:00,0,0,0
2019-05-14 04:00:00,0,0,0
2019-05-14 05:00:00,3,1,2
2019-05-14 06:00:00,10,3,7
2019-05-14 07:00:00,27,13,14
2019-05-14 08:00:00,25,7,18
2019-05-14 09:00:00,23,11,12
2019-05-14 10:00:00,11,3,8
2019-05-14 11:00:00,6,5,1
2019-05-14 12:00:00,17,10,7
2019-05-14 13:00:00,15,6,9
2019-05-14 14:00:00,13,8,5
2019-05-14 15:00:00,22,12,10
2019-05-14 16:00:00,16,7,9
2019-05-14 17:00:00,48,29,19
2019-05-14 18:00:00,38,23,15
2019-05-14 19:00:00,25,10,15
2019-05-14 20:00:00,12,4,8
2019-05-14 21:00:00,3,0,3
2019-05-14 22:00:00,1,1,0
2019-05-14 23:00:00,1,0,1
2019-05-15 00:00:00,0,0,0
2019-05-15 01:00:00,0,0,0
2019-05-15 02:00:00,0,0,0
2019-05-15 03:00:00,0,0,0
2019-05-15 04:00:00,0,0,0
2019-05-15 05:00:00,8,5,3
2019-05-15 06:00:00,17,7,10
2019-05-15 07:00:00,18,8,10
2019-05-15 08:00:00,38,19,19
2019-05-15 09:00:00,39,10,29
2019-05-15 10:00:00,38,24,14
2019-05-15 11:00:00,22,10,12
2019-05-15 12:00:00,29,15,14
2019-05-15 13:00:00,25,8,17
2019-05-15 14:00:00,21,9,12
2019-05-15 15:00:00,21,11,10
2019-05-15 16:00:00,28,15,13
2019-05-15 17:00:00,26,15,11
2019-05-15 18:00:00,26,15,11
2019-05-15 19:00:00,22,10,12
2019-05-15 20:00:00,20,13,7
2019-05-15 21:00:00,1,0,1
2019-05-15 22:00:00,0,0,0
2019-05-15 23:00:00,0,0,0
2019-05-16 00:00:00,0,0,0
2019-05-16 01:00:00,0,0,0
2019-05-16 02:00:00,0,0,0
2019-05-16 03:00:00,0,0,0
2019-05-16 04:00:00,0,0,0
2019-05-16 05:00:00,5,2,3
2019-05-16 06:00:00,9,5,4
2019-05-16 07:00:00,22,10,12
2019-05-16 08:00:00,37,14,23
2019-05-16 09:00:00,30,17,13
2019-05-16 10:00:00,21,8,13
2019-05-16 11:00:00,16,7,9
2019-05-16 12:00:00,16,8,8
2019-05-16 13:00:00,21,12,9
2019-05-16 14:00:00,12,7,5
2019-05-16 15:00:00,9,5,4
2019-05-16 16:00:00,15,6,9
2019-05-16 17:00:00,17,7,10
2019-05-16 18:00:00,20,12,8
2019-05-16 19:00:00,16,7,9
2019-05-16 20:00:00,16,9,7
2019-05-16 21:00:00,1,1,0
2019-05-16 22:00:00,1,0,1
2019-05-16 23:00:00,0,0,0
2019-05-17 00:00:00,2,1,1
2019-05-17 01:00:00,0,0,0
2019-05-17 02:00:00,0,0,0
2019-05-17 03:00:00,0,0,0
2019-05-17 04:00:00,4,2,2
2019-05-17 05:00:00,11,5,6
2019-05-17 06:00:00,18,8,10
2019-05-17 07:00:00,21,8,13
2019-05-17 08:00:00,22,13,9
2019-05-17 09:00:00,30,12,18
2019-05-17 10:00:00,17,8,9
2019-05-17 11:00:00,21,8,13
2019-05-17 12:00:00,26,14,12
2019-05-17 13:00:00,36,15,21
2019-05-17 14:00:00,28,13,15
2019-05-17 15:00:00,25,12,13
2019-05-17 16:00:00,40,24,16
2019-05-17 17:00:00,27,16,11
2019-05-17 18:00:00,37,19,18
2019-05-17 19:00:00,25,9,16
2019-05-17 20:00:00,24,13,11
2019-05-17 21:00:00,2,0,2
2019-05-17 22:00:00,1,0,1
2019-05-17 23:00:00,0,0,0
2019-05-18 00:00:00,2,2,0
2019-05-18 01:00:00,0,0,0
2019-05-18 02:00:00,0,0,0
2019-05-18 03:00:00,0,0,0
2019-05-18 04:00:00,0,0,0
2019-05-18 05:00:00,0,0,0
2019-05-18 06:00:00,12,8,4
2019-05-18 07:00:00,59,42,17
2019-05-18 08:00:00,63,42,21
2019-05-18 09:00:00,132,59,73
2019-05-18 10:00:00,78,36,42
2019-05-18 11:00:00,66,31,35
2019-05-18 12:00:00,48,17,31
2019-05-18 13:00:00,38,18,20
2019-05-18 14:00:00,62,30,32
2019-05-18 15:00:00,45,16,29
2019-05-18 16:00:00,41,19,22
2019-05-18 17:00:00,44,22,22
2019-05-18 18:00:00,29,11,18
2019-05-18 19:00:00,11,4,7
2019-05-18 20:00:00,5,2,3
2019-05-18 21:00:00,1,1,0
2019-05-18 22:00:00,12,5,7
2019-05-18 23:00:00,0,0,0
2019-05-19 00:00:00,0,0,0
2019-05-19 01:00:00,0,0,0
2019-05-19 02:00:00,0,0,0
2019-05-19 03:00:00,0,0,0
2019-05-19 04:00:00,0,0,0
2019-05-19 05:00:00,2,1,1
2019-05-19 06:00:00,4,1,3
2019-05-19 07:00:00,29,18,11
2019-05-19 08:00:00,42,21,21
2019-05-19 09:00:00,51,24,27
2019-05-19 10:00:00,57,27,30
2019-05-19 11:00:00,37,20,17
2019-05-19 12:00:00,61,25,36
2019-05-19 13:00:00,54,19,35
2019-05-19 14:00:00,50,25,25
2019-05-19 15:00:00,51,25,26
2019-05-19 16:00:00,54,23,31
2019-05-19 17:00:00,42,21,21
2019-05-19 18:00:00,41,18,23
2019-05-19 19:00:00,24,9,15
2019-05-19 20:00:00,13,8,5
2019-05-19 21:00:00,1,0,1
2019-05-19 22:00:00,0,0,0
2019-05-19 23:00:00,0,0,0
2019-05-20 00:00:00,0,0,0
2019-05-20 01:00:00,0,0,0
2019-05-20 02:00:00,0,0,0
2019-05-20 03:00:00,0,0,0
2019-05-20 04:00:00,0,0,0
2019-05-20 05:00:00,2,1,1
2019-05-20 06:00:00,7,3,4
2019-05-20 07:00:00,28,11,17
2019-05-20 08:00:00,22,11,11
2019-05-20 09:00:00,32,17,15
2019-05-20 10:00:00,14,6,8
2019-05-20 11:00:00,15,6,9
2019-05-20 12:00:00,12,7,5
2019-05-20 13:00:00,18,10,8
2019-05-20 14:00:00,22,8,14
2019-05-20 15:00:00,19,11,8
2019-05-20 16:00:00,19,11,8
2019-05-20 17:00:00,14,10,4
2019-05-20 18:00:00,18,11,7
2019-05-20 19:00:00,9,4,5
2019-05-20 20:00:00,4,2,2
2019-05-20 21:00:00,1,0,1
2019-05-20 22:00:00,0,0,0
2019-05-20 23:00:00,0,0,0
2019-05-21 00:00:00,0,0,0
2019-05-21 01:00:00,0,0,0
2019-05-21 02:00:00,0,0,0
2019-05-21 03:00:00,0,0,0
2019-05-21 04:00:00,1,0,1
2019-05-21 05:00:00,7,3,4
2019-05-21 06:00:00,13,6,7
2019-05-21 07:00:00,9,5,4
2019-05-21 08:00:00,29,11,18
2019-05-21 09:00:00,18,8,10
2019-05-21 10:00:00,25,10,15
2019-05-21 11:00:00,27,14,13
2019-05-21 12:00:00,25,13,12
2019-05-21 13:00:00,17,8,9
2019-05-21 14:00:00,17,9,8
2019-05-21 15:00:00,29,16,13
2019-05-21 16:00:00,30,14,16
2019-05-21 17:00:00,43,20,23
2019-05-21 18:00:00,37,24,13
2019-05-21 19:00:00,20,11,9
2019-05-21 20:00:00,23,10,13
2019-05-21 21:00:00,5,3,2
2019-05-21 22:00:00,2,1,1
2019-05-21 23:00:00,0,0,0
2019-05-22 00:00:00,0,0,0
2019-05-22 01:00:00,0,0,0
2019-05-22 02:00:00,0,0,0
2019-05-22 03:00:00,0,0,0
2019-05-22 04:00:00,0,0,0
2019-05-22 05:00:00,7,4,3
2019-05-22 06:00:00,19,7,12
2019-05-22 07:00:00,23,7,16
2019-05-22 08:00:00,33,14,19
2019-05-22 09:00:00,40,17,23
2019-05-22 10:00:00,27,12,15
2019-05-22 11:00:00,23,9,14
2019-05-22 12:00:00,19,13,6
2019-05-22 13:00:00,30,15,15
2019-05-22 14:00:00,23,10,13
2019-05-22 15:00:00,24,12,12
2019-05-22 16:00:00,41,22,19
2019-05-22 17:00:00,42,22,20
2019-05-22 18:00:00,55,28,27
2019-05-22 19:00:00,28,16,12
2019-05-22 20:00:00,26,12,14
2019-05-22 21:00:00,1,0,1
2019-05-22 22:00:00,4,2,2
2019-05-22 23:00:00,0,0,0
2019-05-23 00:00:00,0,0,0
2019-05-23 01:00:00,0,0,0
2019-05-23 02:00:00,0,0,0
2019-05-23 03:00:00,0,0,0
2019-05-23 04:00:00,0,0,0
2019-05-23 05:00:00,2,2,0
2019-05-23 06:00:00,21,11,10
2019-05-23 07:00:00,21,5,16
2019-05-23 08:00:00,35,16,19
2019-05-23 09:00:00,38,18,20
2019-05-23 10:00:00,36,16,20
2019-05-23 11:00:00,21,13,8
2019-05-23 12:00:00,24,9,15
2019-05-23 13:00:00,19,11,8
2019-05-23 14:00:00,21,11,10
2019-05-23 15:00:00,22,10,12
2019-05-23 16:00:00,43,24,19
2019-05-23 17:00:00,45,26,19
2019-05-23 18:00:00,39,20,19
2019-05-23 19:00:00,30,14,16
2019-05-23 20:00:00,24,8,16
2019-05-23 21:00:00,8,5,3
2019-05-23 22:00:00,0,0,0
2019-05-23 23:00:00,0,0,0
2019-05-24 00:00:00,0,0,0
2019-05-24 01:00:00,0,0,0
2019-05-24 02:00:00,0,0,0
2019-05-24 03:00:00,0,0,0
2019-05-24 04:00:00,0,0,0
2019-05-24 05:00:00,11,6,5
2019-05-24 06:00:00,16,6,10
2019-05-24 07:00:00,17,7,10
2019-05-24 08:00:00,32,15,17
2019-05-24 09:00:00,33,18,15
2019-05-24 10:00:00,22,10,12
2019-05-24 11:00:00,21,12,9
2019-05-24 12:00:00,24,10,14
2019-05-24 13:00:00,10,5,5
2019-05-24 14:00:00,21,10,11
2019-05-24 15:00:00,21,12,9
2019-05-24 16:00:00,36,16,20
2019-05-24 17:00:00,37,21,16
2019-05-24 18:00:00,34,18,16
2019-05-24 19:00:00,8,3,5
2019-05-24 20:00:00,11,5,6
2019-05-24 21:00:00,1,1,0
2019-05-24 22:00:00,0,0,0
2019-05-24 23:00:00,2,1,1
2019-05-25 00:00:00,0,0,0
2019-05-25 01:00:00,0,0,0
2019-05-25 02:00:00,0,0,0
2019-05-25 03:00:00,0,0,0
2019-05-25 04:00:00,0,0,0
2019-05-25 05:00:00,3,1,2
2019-05-25 06:00:00,6,4,2
2019-05-25 07:00:00,30,19,11
2019-05-25 08:00:00,50,29,21
2019-05-25 09:00:00,78,42,36
2019-05-25 10:00:00,53,21,32
2019-05-25 11:00:00,42,22,20
2019-05-25 12:00:00,31,10,21
2019-05-25 13:00:00,15,7,8
2019-05-25 14:00:00,15,8,7
2019-05-25 15:00:00,11,4,7
2019-05-25 16:00:00,16,11,5
2019-05-25 17:00:00,9,6,3
2019-05-25 18:00:00,13,8,5
2019-05-25 19:00:00,23,8,15
2019-05-25 20:00:00,9,5,4
2019-05-25 21:00:00,3,1,2
2019-05-25 22:00:00,1,0,1
2019-05-25 23:00:00,1,1,0
2019-05-26 00:00:00,0,0,0
2019-05-26 01:00:00,0,0,0
2019-05-26 02:00:00,0,0,0
2019-05-26 03:00:00,0,0,0
2019-05-26 04:00:00,0,0,0
2019-05-26 05:00:00,0,0,0
2019-05-26 06:00:00,6,3,3
2019-05-26 07:00:00,9,6,3
2019-05-26 08:00:00,41,22,19
2019-05-26 09:00:00,46,23,23
2019-05-26 10:00:00,40,20,20
2019-05-26 11:00:00,50,21,29
2019-05-26 12:00:00,51,16,35
2019-05-26 13:00:00,49,18,31
2019-05-26 14:00:00,46,25,21
2019-05-26 15:00:00,27,11,16
2019-05-26 16:00:00,41,16,25
2019-05-26 17:00:00,44,20,24
2019-05-26 18:00:00,28,15,13
2019-05-26 19:00:00,25,10,15
2019-05-26 20:00:00,24,13,11
2019-05-26 21:00:00,6,2,4
2019-05-26 22:00:00,1,0,1
2019-05-26 23:00:00,0,0,0
2019-05-27 00:00:00,0,0,0
2019-05-27 01:00:00,2,1,1
2019-05-27 02:00:00,0,0,0
2019-05-27 03:00:00,0,0,0
2019-05-27 04:00:00,0,0,0
2019-05-27 05:00:00,0,0,0
2019-05-27 06:00:00,18,9,9
2019-05-27 07:00:00,16,7,9
2019-05-27 08:00:00,43,21,22
2019-05-27 09:00:00,62,37,25
2019-05-27 10:00:00,78,37,41
2019-05-27 11:00:00,62,23,39
2019-05-27 12:00:00,59,21,38
2019-05-27 13:00:00,45,15,30
2019-05-27 14:00:00,58,19,39
2019-05-27 15:00:00,59,27,32
2019-05-27 16:00:00,33,21,12
2019-05-27 17:00:00,35,16,19
2019-05-27 18:00:00,24,13,11
2019-05-27 19:00:00,16,7,9
2019-05-27 20:00:00,15,10,5
2019-05-27 21:00:00,7,3,4
2019-05-27 22:00:00,2,1,1
2019-05-27 23:00:00,0,0,0
2019-05-28 00:00:00,0,0,0
2019-05-28 01:00:00,0,0,0
2019-05-28 02:00:00,0,0,0
2019-05-28 03:00:00,0,0,0
2019-05-28 04:00:00,0,0,0
2019-05-28 05:00:00,3,2,1
2019-05-28 06:00:00,18,6,12
2019-05-28 07:00:00,20,7,13
2019-05-28 08:00:00,23,13,10
2019-05-28 09:00:00,42,18,24
2019-05-28 10:00:00,31,13,18
2019-05-28 11:00:00,17,9,8
2019-05-28 12:00:00,23,12,11
2019-05-28 13:00:00,28,13,15
2019-05-28 14:00:00,18,9,9
2019-05-28 15:00:00,26,12,14
2019-05-28 16:00:00,33,14,19
2019-05-28 17:00:00,54,27,27
2019-05-28 18:00:00,51,27,24
2019-05-28 19:00:00,31,13,18
2019-05-28 20:00:00,23,12,11
2019-05-28 21:00:00,3,1,2
2019-05-28 22:00:00,0,0,0
2019-05-28 23:00:00,2,1,1
2019-05-29 00:00:00,0,0,0
2019-05-29 01:00:00,0,0,0
2019-05-29 02:00:00,0,0,0
2019-05-29 03:00:00,0,0,0
2019-05-29 04:00:00,2,1,1
2019-05-29 05:00:00,7,5,2
2019-05-29 06:00:00,22,8,14
2019-05-29 07:00:00,24,8,16
2019-05-29 08:00:00,19,9,10
2019-05-29 09:00:00,33,14,19
2019-05-29 10:00:00,40,22,18
2019-05-29 11:00:00,36,21,15
2019-05-29 12:00:00,13,5,8
2019-05-29 13:00:00,32,17,15
2019-05-29 14:00:00,14,4,10
2019-05-29 15:00:00,25,13,12
2019-05-29 16:00:00,42,23,19
2019-05-29 17:00:00,48,27,21
2019-05-29 18:00:00,37,22,15
2019-05-29 19:00:00,31,16,15
2019-05-29 20:00:00,10,7,3
2019-05-29 21:00:00,9,6,3
2019-05-29 22:00:00,0,0,0
2019-05-29 23:00:00,1,1,0
2019-05-30 00:00:00,0,0,0
2019-05-30 01:00:00,0,0,0
2019-05-30 02:00:00,0,0,0
2019-05-30 03:00:00,0,0,0
2019-05-30 04:00:00,1,1,0
2019-05-30 05:00:00,5,3,2
2019-05-30 06:00:00,21,4,17
2019-05-30 07:00:00,31,14,17
2019-05-30 08:00:00,37,15,22
2019-05-30 09:00:00,26,13,13
2019-05-30 10:00:00,20,8,12
2019-05-30 11:00:00,26,12,14
2019-05-30 12:00:00,19,10,9
2019-05-30 13:00:00,11,5,6
2019-05-30 14:00:00,33,15,18
2019-05-30 15:00:00,21,12,9
2019-05-30 16:00:00,31,13,18
2019-05-30 17:00:00,44,26,18
2019-05-30 18:00:00,47,24,23
2019-05-30 19:00:00,49,24,25
2019-05-30 20:00:00,23,8,15
2019-05-30 21:00:00,3,3,0
2019-05-30 22:00:00,0,0,0
2019-05-30 23:00:00,0,0,0
2019-05-31 00:00:00,0,0,0
2019-05-31 01:00:00,1,1,0
2019-05-31 02:00:00,1,0,1
2019-05-31 03:00:00,0,0,0
2019-05-31 04:00:00,0,0,0
2019-05-31 05:00:00,4,3,1
2019-05-31 06:00:00,20,10,10
2019-05-31 07:00:00,22,12,10
2019-05-31 08:00:00,34,17,17
2019-05-31 09:00:00,43,16,27
2019-05-31 10:00:00,21,11,10
2019-05-31 11:00:00,26,6,20
2019-05-31 12:00:00,23,14,9
2019-05-31 13:00:00,33,15,18
2019-05-31 14:00:00,32,18,14
2019-05-31 15:00:00,35,14,21
2019-05-31 16:00:00,41,18,23
2019-05-31 17:00:00,51,29,22
2019-05-31 18:00:00,40,20,20
2019-05-31 19:00:00,23,8,15
2019-05-31 20:00:00,15,10,5
2019-05-31 21:00:00,7,3,4
2019-05-31 22:00:00,0,0,0
2019-05-31 23:00:00,0,0,0
2019-08-05 13:00:00,23,15,8
2019-08-05 14:00:00,22,12,10
2019-08-05 15:00:00,15,8,7
2019-08-05 16:00:00,17,10,7
2019-08-05 17:00:00,10,3,7
2019-08-05 18:00:00,20,10,10
2019-08-05 19:00:00,29,15,14
2019-08-05 20:00:00,25,15,10
2019-08-05 21:00:00,12,4,8
2019-08-05 22:00:00,4,2,2
2019-08-05 23:00:00,1,0,1
2019-08-06 00:00:00,0,0,0
2019-06-01 00:00:00,0,0,0
2019-06-01 01:00:00,0,0,0
2019-06-01 02:00:00,0,0,0
2019-06-01 03:00:00,0,0,0
2019-06-01 04:00:00,0,0,0
2019-06-01 05:00:00,0,0,0
2019-06-01 06:00:00,10,5,5
2019-06-01 07:00:00,22,11,11
2019-06-01 08:00:00,46,18,28
2019-06-01 09:00:00,61,36,25
2019-06-01 10:00:00,59,30,29
2019-06-01 11:00:00,43,23,20
2019-06-01 12:00:00,50,22,28
2019-06-01 13:00:00,44,19,25
2019-06-01 14:00:00,48,20,28
2019-06-01 15:00:00,38,19,19
2019-06-01 16:00:00,34,17,17
2019-06-01 17:00:00,42,16,26
2019-06-01 18:00:00,32,15,17
2019-06-01 19:00:00,23,10,13
2019-06-01 20:00:00,20,9,11
2019-06-01 21:00:00,5,3,2
2019-06-01 22:00:00,1,0,1
2019-06-01 23:00:00,0,0,0
2019-06-02 00:00:00,3,1,2
2019-06-02 01:00:00,0,0,0
2019-06-02 02:00:00,0,0,0
2019-06-02 03:00:00,0,0,0
2019-06-02 04:00:00,0,0,0
2019-06-02 05:00:00,3,3,0
2019-06-02 06:00:00,12,7,5
2019-06-02 07:00:00,29,12,17
2019-06-02 08:00:00,56,24,32
2019-06-02 09:00:00,76,41,35
2019-06-02 10:00:00,84,39,45
2019-06-02 11:00:00,40,20,20
2019-06-02 12:00:00,44,21,23
2019-06-02 13:00:00,38,19,19
2019-06-02 14:00:00,34,18,16
2019-06-02 15:00:00,64,29,35
2019-06-02 16:00:00,42,19,23
2019-06-02 17:00:00,31,14,17
2019-06-02 18:00:00,41,21,20
2019-06-02 19:00:00,16,8,8
2019-06-02 20:00:00,17,9,8
2019-06-02 21:00:00,9,4,5
2019-06-02 22:00:00,0,0,0
2019-06-02 23:00:00,0,0,0
2019-06-03 00:00:00,0,0,0
2019-06-03 01:00:00,0,0,0
2019-06-03 02:00:00,0,0,0
2019-06-03 03:00:00,0,0,0
2019-06-03 04:00:00,0,0,0
2019-06-03 05:00:00,4,3,1
2019-06-03 06:00:00,18,6,12
2019-06-03 07:00:00,31,9,22
2019-06-03 08:00:00,23,12,11
2019-06-03 09:00:00,35,14,21
2019-06-03 10:00:00,24,11,13
2019-06-03 11:00:00,21,12,9
2019-06-03 12:00:00,10,6,4
2019-06-03 13:00:00,27,13,14
2019-06-03 14:00:00,28,16,12
2019-06-03 15:00:00,22,12,10
2019-06-03 16:00:00,25,13,12
2019-06-03 17:00:00,34,22,12
2019-06-03 18:00:00,31,13,18
2019-06-03 19:00:00,36,19,17
2019-06-03 20:00:00,23,9,14
2019-06-03 21:00:00,5,2,3
2019-06-03 22:00:00,0,0,0
2019-06-03 23:00:00,0,0,0
2019-06-04 00:00:00,0,0,0
2019-06-04 01:00:00,0,0,0
2019-06-04 02:00:00,0,0,0
2019-06-04 03:00:00,0,0,0
2019-06-04 04:00:00,1,1,0
2019-06-04 05:00:00,10,8,2
2019-06-04 06:00:00,14,5,9
2019-06-04 07:00:00,25,9,16
2019-06-04 08:00:00,26,11,15
2019-06-04 09:00:00,43,25,18
2019-06-04 10:00:00,22,11,11
2019-06-04 11:00:00,23,9,14
2019-06-04 12:00:00,24,12,12
2019-06-04 13:00:00,24,12,12
2019-06-04 14:00:00,21,13,8
2019-06-04 15:00:00,23,11,12
2019-06-04 16:00:00,34,20,14
2019-06-04 17:00:00,52,26,26
2019-06-04 18:00:00,53,28,25
2019-06-04 19:00:00,38,19,19
2019-06-04 20:00:00,20,6,14
2019-06-04 21:00:00,16,8,8
2019-06-04 22:00:00,3,2,1
2019-06-04 23:00:00,0,0,0
2019-06-05 00:00:00,0,0,0
2019-06-05 01:00:00,3,1,2
2019-06-05 02:00:00,0,0,0
2019-06-05 03:00:00,0,0,0
2019-06-05 04:00:00,2,1,1
2019-06-05 05:00:00,4,4,0
2019-06-05 06:00:00,23,10,13
2019-06-05 07:00:00,27,12,15
2019-06-05 08:00:00,30,9,21
2019-06-05 09:00:00,27,14,13
2019-06-05 10:00:00,24,10,14
2019-06-05 11:00:00,23,13,10
2019-06-05 12:00:00,20,5,15
2019-06-05 13:00:00,14,9,5
2019-06-05 14:00:00,22,12,10
2019-06-05 15:00:00,32,21,11
2019-06-05 16:00:00,34,19,15
2019-06-05 17:00:00,35,19,16
2019-06-05 18:00:00,37,19,18
2019-06-05 19:00:00,23,8,15
2019-06-05 20:00:00,12,6,6
2019-06-05 21:00:00,6,1,5
2019-06-05 22:00:00,1,1,0
2019-06-05 23:00:00,0,0,0
2019-06-06 00:00:00,0,0,0
2019-06-06 01:00:00,0,0,0
2019-06-06 02:00:00,0,0,0
2019-06-06 03:00:00,0,0,0
2019-06-06 04:00:00,0,0,0
2019-06-06 05:00:00,9,4,5
2019-06-06 06:00:00,20,9,11
2019-06-06 07:00:00,22,10,12
2019-06-06 08:00:00,29,13,16
2019-06-06 09:00:00,25,13,12
2019-06-06 10:00:00,19,9,10
2019-06-06 11:00:00,29,16,13
2019-06-06 12:00:00,19,6,13
2019-06-06 13:00:00,20,12,8
2019-06-06 14:00:00,21,11,10
2019-06-06 15:00:00,19,10,9
2019-06-06 16:00:00,20,13,7
2019-06-06 17:00:00,36,18,18
2019-06-06 18:00:00,25,13,12
2019-06-06 19:00:00,20,10,10
2019-06-06 20:00:00,14,6,8
2019-06-06 21:00:00,14,6,8
2019-06-06 22:00:00,2,0,2
2019-06-06 23:00:00,2,1,1
2019-06-07 00:00:00,0,0,0
2019-06-07 01:00:00,0,0,0
2019-06-07 02:00:00,0,0,0
2019-06-07 03:00:00,0,0,0
2019-06-07 04:00:00,2,1,1
2019-06-07 05:00:00,2,2,0
2019-06-07 06:00:00,26,16,10
2019-06-07 07:00:00,29,14,15
2019-06-07 08:00:00,29,16,13
2019-06-07 09:00:00,50,24,26
2019-06-07 10:00:00,22,9,13
2019-06-07 11:00:00,21,9,12
2019-06-07 12:00:00,15,8,7
2019-06-07 13:00:00,13,4,9
2019-06-07 14:00:00,21,14,7
2019-06-07 15:00:00,12,10,2
2019-06-07 16:00:00,14,6,8
2019-06-07 17:00:00,20,11,9
2019-06-07 18:00:00,18,12,6
2019-06-07 19:00:00,15,8,7
2019-06-07 20:00:00,17,5,12
2019-06-07 21:00:00,2,1,1
2019-06-07 22:00:00,0,0,0
2019-06-07 23:00:00,0,0,0
2019-06-08 00:00:00,0,0,0
2019-06-08 01:00:00,0,0,0
2019-06-08 02:00:00,0,0,0
2019-06-08 03:00:00,0,0,0
2019-06-08 04:00:00,0,0,0
2019-06-08 05:00:00,1,1,0
2019-06-08 06:00:00,7,7,0
2019-06-08 07:00:00,26,15,11
2019-06-08 08:00:00,43,20,23
2019-06-08 09:00:00,59,32,27
2019-06-08 10:00:00,56,24,32
2019-06-08 11:00:00,65,37,28
2019-06-08 12:00:00,61,23,38
2019-06-08 13:00:00,52,29,23
2019-06-08 14:00:00,48,23,25
2019-06-08 15:00:00,48,18,30
2019-06-08 16:00:00,45,26,19
2019-06-08 17:00:00,29,13,16
2019-06-08 18:00:00,35,15,20
2019-06-08 19:00:00,20,9,11
2019-06-08 20:00:00,15,5,10
2019-06-08 21:00:00,7,4,3
2019-06-08 22:00:00,1,0,1
2019-06-08 23:00:00,0,0,0
2019-06-09 00:00:00,0,0,0
2019-06-09 01:00:00,0,0,0
2019-06-09 02:00:00,0,0,0
2019-06-09 03:00:00,0,0,0
2019-06-09 04:00:00,0,0,0
2019-06-09 05:00:00,3,1,2
2019-06-09 06:00:00,8,5,3
2019-06-09 07:00:00,24,13,11
2019-06-09 08:00:00,53,22,31
2019-06-09 09:00:00,63,30,33
2019-06-09 10:00:00,58,26,32
2019-06-09 11:00:00,70,29,41
2019-06-09 12:00:00,63,30,33
2019-06-09 13:00:00,53,25,28
2019-06-09 14:00:00,36,21,15
2019-06-09 15:00:00,35,12,23
2019-06-09 16:00:00,38,16,22
2019-06-09 17:00:00,37,18,19
2019-06-09 18:00:00,20,11,9
2019-06-09 19:00:00,15,9,6
2019-06-09 20:00:00,21,5,16
2019-06-09 21:00:00,1,0,1
2019-06-09 22:00:00,2,1,1
2019-06-09 23:00:00,0,0,0
2019-06-10 00:00:00,0,0,0
2019-06-10 01:00:00,0,0,0
2019-06-10 02:00:00,0,0,0
2019-06-10 03:00:00,1,1,0
2019-06-10 04:00:00,3,2,1
2019-06-10 05:00:00,3,1,2
2019-06-10 06:00:00,20,9,11
2019-06-10 07:00:00,22,9,13
2019-06-10 08:00:00,28,14,14
2019-06-10 09:00:00,27,11,16
2019-06-10 10:00:00,28,17,11
2019-06-10 11:00:00,33,15,18
2019-06-10 12:00:00,47,26,21
2019-06-10 13:00:00,34,16,18
2019-06-10 14:00:00,47,24,23
2019-06-10 15:00:00,17,9,8
2019-06-10 16:00:00,39,18,21
2019-06-10 17:00:00,41,26,15
2019-06-10 18:00:00,38,19,19
2019-06-10 19:00:00,32,20,12
2019-06-10 20:00:00,30,12,18
2019-06-10 21:00:00,15,5,10
2019-06-10 22:00:00,2,2,0
2019-06-10 23:00:00,0,0,0
2019-06-11 00:00:00,1,0,1
2019-06-11 01:00:00,0,0,0
2019-06-11 02:00:00,0,0,0
2019-06-11 03:00:00,0,0,0
2019-06-11 04:00:00,0,0,0
2019-06-11 05:00:00,3,1,2
2019-06-11 06:00:00,26,12,14
2019-06-11 07:00:00,22,7,15
2019-06-11 08:00:00,52,22,30
2019-06-11 09:00:00,42,19,23
2019-06-11 10:00:00,30,16,14
2019-06-11 11:00:00,32,11,21
2019-06-11 12:00:00,36,21,15
2019-06-11 13:00:00,18,7,11
2019-06-11 14:00:00,27,14,13
2019-06-11 15:00:00,36,15,21
2019-06-11 16:00:00,34,17,17
2019-06-11 17:00:00,46,33,13
2019-06-11 18:00:00,33,19,14
2019-06-11 19:00:00,33,21,12
2019-06-11 20:00:00,27,13,14
2019-06-11 21:00:00,13,6,7
2019-06-11 22:00:00,4,2,2
2019-06-11 23:00:00,0,0,0
2019-06-12 00:00:00,0,0,0
2019-06-12 01:00:00,0,0,0
2019-06-12 02:00:00,0,0,0
2019-06-12 03:00:00,0,0,0
2019-06-12 04:00:00,0,0,0
2019-06-12 05:00:00,3,0,3
2019-06-12 06:00:00,32,18,14
2019-06-12 07:00:00,29,9,20
2019-06-12 08:00:00,47,23,24
2019-06-12 09:00:00,35,12,23
2019-06-12 10:00:00,28,13,15
2019-06-12 11:00:00,23,6,17
2019-06-12 12:00:00,18,10,8
2019-06-12 13:00:00,18,12,6
2019-06-12 14:00:00,9,6,3
2019-06-12 15:00:00,10,8,2
2019-06-12 16:00:00,12,8,4
2019-06-12 17:00:00,15,7,8
2019-06-12 18:00:00,9,5,4
2019-06-12 19:00:00,10,6,4
2019-06-12 20:00:00,18,6,12
2019-06-12 21:00:00,11,6,5
2019-06-12 22:00:00,1,0,1
2019-06-12 23:00:00,0,0,0
2019-06-13 00:00:00,0,0,0
2019-06-13 01:00:00,1,0,1
2019-06-13 02:00:00,0,0,0
2019-06-13 03:00:00,2,1,1
2019-06-13 04:00:00,0,0,0
2019-06-13 05:00:00,6,3,3
2019-06-13 06:00:00,28,11,17
2019-06-13 07:00:00,35,17,18
2019-06-13 08:00:00,32,15,17
2019-06-13 09:00:00,36,18,18
2019-06-13 10:00:00,39,21,18
2019-06-13 11:00:00,43,21,22
2019-06-13 12:00:00,21,7,14
2019-06-13 13:00:00,19,8,11
2019-06-13 14:00:00,22,10,12
2019-06-13 15:00:00,28,13,15
2019-06-13 16:00:00,33,16,17
2019-06-13 17:00:00,33,20,13
2019-06-13 18:00:00,41,29,12
2019-06-13 19:00:00,34,17,17
2019-06-13 20:00:00,29,13,16
2019-06-13 21:00:00,16,7,9
2019-06-13 22:00:00,1,0,1
2019-06-13 23:00:00,0,0,0
2019-06-14 00:00:00,0,0,0
2019-06-14 01:00:00,0,0,0
2019-06-14 02:00:00,0,0,0
2019-06-14 03:00:00,0,0,0
2019-06-14 04:00:00,4,1,3
2019-06-14 05:00:00,5,4,1
2019-06-14 06:00:00,33,15,18
2019-06-14 07:00:00,26,12,14
2019-06-14 08:00:00,21,11,10
2019-06-14 09:00:00,28,15,13
2019-06-14 10:00:00,33,13,20
2019-06-14 11:00:00,24,11,13
2019-06-14 12:00:00,30,14,16
2019-06-14 13:00:00,13,6,7
2019-06-14 14:00:00,28,16,12
2019-06-14 15:00:00,21,10,11
2019-06-14 16:00:00,24,13,11
2019-06-14 17:00:00,21,13,8
2019-06-14 18:00:00,22,11,11
2019-06-14 19:00:00,21,10,11
2019-06-14 20:00:00,17,9,8
2019-06-14 21:00:00,8,3,5
2019-06-14 22:00:00,0,0,0
2019-06-14 23:00:00,1,1,0
2019-06-15 00:00:00,0,0,0
2019-06-15 01:00:00,0,0,0
2019-06-15 02:00:00,11,5,6
2019-06-15 03:00:00,0,0,0
2019-06-15 04:00:00,0,0,0
2019-06-15 05:00:00,0,0,0
2019-06-15 06:00:00,17,12,5
2019-06-15 07:00:00,28,15,13
2019-06-15 08:00:00,65,31,34
2019-06-15 09:00:00,74,31,43
2019-06-15 10:00:00,59,26,33
2019-06-15 11:00:00,62,28,34
2019-06-15 12:00:00,44,22,22
2019-06-15 13:00:00,45,23,22
2019-06-15 14:00:00,37,18,19
2019-06-15 15:00:00,49,23,26
2019-06-15 16:00:00,32,13,19
2019-06-15 17:00:00,29,13,16
2019-06-15 18:00:00,28,12,16
2019-06-15 19:00:00,25,11,14
2019-06-15 20:00:00,17,5,12
2019-06-15 21:00:00,11,5,6
2019-06-15 22:00:00,1,1,0
2019-06-15 23:00:00,0,0,0
2019-06-16 00:00:00,0,0,0
2019-06-16 01:00:00,0,0,0
2019-06-16 02:00:00,0,0,0
2019-06-16 03:00:00,0,0,0
2019-06-16 04:00:00,0,0,0
2019-06-16 05:00:00,2,1,1
2019-06-16 06:00:00,14,9,5
2019-06-16 07:00:00,26,12,14
2019-06-16 08:00:00,43,16,27
2019-06-16 09:00:00,55,23,32
2019-06-16 10:00:00,57,25,32
2019-06-16 11:00:00,45,26,19
2019-06-16 12:00:00,41,15,26
2019-06-16 13:00:00,58,29,29
2019-06-16 14:00:00,30,14,16
2019-06-16 15:00:00,54,23,31
2019-06-16 16:00:00,52,20,32
2019-06-16 17:00:00,31,14,17
2019-06-16 18:00:00,33,14,19
2019-06-16 19:00:00,33,19,14
2019-06-16 20:00:00,28,8,20
2019-06-16 21:00:00,7,2,5
2019-06-16 22:00:00,6,2,4
2019-06-16 23:00:00,2,1,1
2019-06-17 00:00:00,0,0,0
2019-06-17 01:00:00,0,0,0
2019-06-17 02:00:00,0,0,0
2019-06-17 03:00:00,0,0,0
2019-06-17 04:00:00,0,0,0
2019-06-17 05:00:00,5,3,2
2019-06-17 06:00:00,13,6,7
2019-06-17 07:00:00,33,9,24
2019-06-17 08:00:00,37,18,19
2019-06-17 09:00:00,32,19,13
2019-06-17 10:00:00,37,16,21
2019-06-17 11:00:00,22,9,13
2019-06-17 12:00:00,24,10,14
2019-06-17 13:00:00,33,15,18
2019-06-17 14:00:00,27,17,10
2019-06-17 15:00:00,25,13,12
2019-06-17 16:00:00,31,17,14
2019-06-17 17:00:00,30,14,16
2019-06-17 18:00:00,42,30,12
2019-06-17 19:00:00,25,10,15
2019-06-17 20:00:00,23,13,10
2019-06-17 21:00:00,14,6,8
2019-06-17 22:00:00,1,0,1
2019-06-17 23:00:00,0,0,0
2019-06-18 00:00:00,0,0,0
2019-06-18 01:00:00,0,0,0
2019-06-18 02:00:00,0,0,0
2019-06-18 03:00:00,0,0,0
2019-06-18 04:00:00,1,0,1
2019-06-18 05:00:00,11,6,5
2019-06-18 06:00:00,20,10,10
2019-06-18 07:00:00,30,9,21
2019-06-18 08:00:00,22,9,13
2019-06-18 09:00:00,63,51,12
2019-06-18 10:00:00,12,4,8
2019-06-18 11:00:00,18,9,9
2019-06-18 12:00:00,15,6,9
2019-06-18 13:00:00,53,9,44
2019-06-18 14:00:00,17,9,8
2019-06-18 15:00:00,31,19,12
2019-06-18 16:00:00,38,20,18
2019-06-18 17:00:00,52,27,25
2019-06-18 18:00:00,36,19,17
2019-06-18 19:00:00,16,5,11
2019-06-18 20:00:00,19,9,10
2019-06-18 21:00:00,10,3,7
2019-06-18 22:00:00,0,0,0
2019-06-18 23:00:00,0,0,0
2019-06-19 00:00:00,0,0,0
2019-06-19 01:00:00,0,0,0
2019-06-19 02:00:00,0,0,0
2019-06-19 03:00:00,0,0,0
2019-06-19 04:00:00,3,1,2
2019-06-19 05:00:00,3,1,2
2019-06-19 06:00:00,26,13,13
2019-06-19 07:00:00,31,15,16
2019-06-19 08:00:00,27,10,17
2019-06-19 09:00:00,40,22,18
2019-06-19 10:00:00,37,18,19
2019-06-19 11:00:00,24,8,16
2019-06-19 12:00:00,31,14,17
2019-06-19 13:00:00,21,11,10
2019-06-19 14:00:00,16,8,8
2019-06-19 15:00:00,19,11,8
2019-06-19 16:00:00,28,16,12
2019-06-19 17:00:00,31,16,15
2019-06-19 18:00:00,37,20,17
2019-06-19 19:00:00,26,13,13
2019-06-19 20:00:00,12,4,8
2019-06-19 21:00:00,2,1,1
2019-06-19 22:00:00,2,1,1
2019-06-19 23:00:00,0,0,0
2019-06-20 00:00:00,0,0,0
2019-06-20 01:00:00,0,0,0
2019-06-20 02:00:00,0,0,0
2019-06-20 03:00:00,0,0,0
2019-06-20 04:00:00,0,0,0
2019-06-20 05:00:00,5,2,3
2019-06-20 06:00:00,12,7,5
2019-06-20 07:00:00,26,9,17
2019-06-20 08:00:00,20,12,8
2019-06-20 09:00:00,9,5,4
2019-06-20 10:00:00,20,11,9
2019-06-20 11:00:00,30,14,16
2019-06-20 12:00:00,6,3,3
2019-06-20 13:00:00,7,3,4
2019-06-20 14:00:00,28,15,13
2019-06-20 15:00:00,4,2,2
2019-06-20 16:00:00,30,18,12
2019-06-20 17:00:00,34,16,18
2019-06-20 18:00:00,34,20,14
2019-06-20 19:00:00,37,17,20
2019-06-20 20:00:00,24,11,13
2019-06-20 21:00:00,9,5,4
2019-06-20 22:00:00,3,2,1
2019-06-20 23:00:00,0,0,0
2019-06-21 00:00:00,0,0,0
2019-06-21 01:00:00,0,0,0
2019-06-21 02:00:00,0,0,0
2019-06-21 03:00:00,0,0,0
2019-06-21 04:00:00,0,0,0
2019-06-21 05:00:00,5,3,2
2019-06-21 06:00:00,17,11,6
2019-06-21 07:00:00,18,8,10
2019-06-21 08:00:00,38,22,16
2019-06-21 09:00:00,38,18,20
2019-06-21 10:00:00,48,30,18
2019-06-21 11:00:00,25,12,13
2019-06-21 12:00:00,33,16,17
2019-06-21 13:00:00,44,17,27
2019-06-21 14:00:00,31,16,15
2019-06-21 15:00:00,28,15,13
2019-06-21 16:00:00,35,23,12
2019-06-21 17:00:00,32,13,19
2019-06-21 18:00:00,28,18,10
2019-06-21 19:00:00,21,8,13
2019-06-21 20:00:00,20,12,8
2019-06-21 21:00:00,9,2,7
2019-06-21 22:00:00,1,1,0
2019-06-21 23:00:00,0,0,0
2019-06-22 00:00:00,0,0,0
2019-06-22 01:00:00,0,0,0
2019-06-22 02:00:00,0,0,0
2019-06-22 03:00:00,0,0,0
2019-06-22 04:00:00,0,0,0
2019-06-22 05:00:00,2,1,1
2019-06-22 06:00:00,7,4,3
2019-06-22 07:00:00,24,15,9
2019-06-22 08:00:00,42,21,21
2019-06-22 09:00:00,48,23,25
2019-06-22 10:00:00,85,36,49
2019-06-22 11:00:00,53,25,28
2019-06-22 12:00:00,41,17,24
2019-06-22 13:00:00,42,16,26
2019-06-22 14:00:00,21,9,12
2019-06-22 15:00:00,31,12,19
2019-06-22 16:00:00,38,19,19
2019-06-22 17:00:00,23,10,13
2019-06-22 18:00:00,27,17,10
2019-06-22 19:00:00,15,6,9
2019-06-22 20:00:00,24,12,12
2019-06-22 21:00:00,6,2,4
2019-06-22 22:00:00,0,0,0
2019-06-22 23:00:00,0,0,0
2019-06-23 00:00:00,0,0,0
2019-06-23 01:00:00,0,0,0
2019-06-23 02:00:00,0,0,0
2019-06-23 03:00:00,0,0,0
2019-06-23 04:00:00,0,0,0
2019-06-23 05:00:00,0,0,0
2019-06-23 06:00:00,8,5,3
2019-06-23 07:00:00,27,13,14
2019-06-23 08:00:00,38,18,20
2019-06-23 09:00:00,40,22,18
2019-06-23 10:00:00,62,36,26
2019-06-23 11:00:00,48,18,30
2019-06-23 12:00:00,36,23,13
2019-06-23 13:00:00,45,22,23
2019-06-23 14:00:00,42,18,24
2019-06-23 15:00:00,44,24,20
2019-06-23 16:00:00,32,12,20
2019-06-23 17:00:00,33,11,22
2019-06-23 18:00:00,15,7,8
2019-06-23 19:00:00,17,8,9
2019-06-23 20:00:00,16,5,11
2019-06-23 21:00:00,3,1,2
2019-06-23 22:00:00,0,0,0
2019-06-23 23:00:00,0,0,0
2019-06-24 00:00:00,0,0,0
2019-06-24 01:00:00,0,0,0
2019-06-24 02:00:00,0,0,0
2019-06-24 03:00:00,0,0,0
2019-06-24 04:00:00,0,0,0
2019-06-24 05:00:00,2,1,1
2019-06-24 06:00:00,16,10,6
2019-06-24 07:00:00,27,8,19
2019-06-24 08:00:00,27,10,17
2019-06-24 09:00:00,24,11,13
2019-06-24 10:00:00,29,14,15
2019-06-24 11:00:00,33,17,16
2019-06-24 12:00:00,23,13,10
2019-06-24 13:00:00,37,16,21
2019-06-24 14:00:00,23,10,13
2019-06-24 15:00:00,33,15,18
2019-06-24 16:00:00,43,24,19
2019-06-24 17:00:00,47,25,22
2019-06-24 18:00:00,44,22,22
2019-06-24 19:00:00,36,18,18
2019-06-24 20:00:00,26,13,13
2019-06-24 21:00:00,2,1,1
2019-06-24 22:00:00,3,1,2
2019-06-24 23:00:00,2,0,2
2019-06-25 00:00:00,0,0,0
2019-06-25 01:00:00,0,0,0
2019-06-25 02:00:00,0,0,0
2019-06-25 03:00:00,0,0,0
2019-06-25 04:00:00,2,2,0
2019-06-25 05:00:00,6,3,3
2019-06-25 06:00:00,21,9,12
2019-06-25 07:00:00,25,8,17
2019-06-25 08:00:00,23,12,11
2019-06-25 09:00:00,28,14,14
2019-06-25 10:00:00,41,22,19
2019-06-25 11:00:00,22,12,10
2019-06-25 12:00:00,28,13,15
2019-06-25 13:00:00,16,9,7
2019-06-25 14:00:00,16,7,9
2019-06-25 15:00:00,22,15,7
2019-06-25 16:00:00,38,19,19
2019-06-25 17:00:00,52,24,28
2019-06-25 18:00:00,41,23,18
2019-06-25 19:00:00,33,20,13
2019-06-25 20:00:00,26,10,16
2019-06-25 21:00:00,13,5,8
2019-06-25 22:00:00,2,1,1
2019-06-25 23:00:00,0,0,0
2019-06-26 00:00:00,0,0,0
2019-06-26 01:00:00,0,0,0
2019-06-26 02:00:00,0,0,0
2019-06-26 03:00:00,0,0,0
2019-06-26 04:00:00,0,0,0
2019-06-26 05:00:00,7,6,1
2019-06-26 06:00:00,22,8,14
2019-06-26 07:00:00,28,8,20
2019-06-26 08:00:00,30,13,17
2019-06-26 09:00:00,38,19,19
2019-06-26 10:00:00,34,16,18
2019-06-26 11:00:00,27,14,13
2019-06-26 12:00:00,17,5,12
2019-06-26 13:00:00,14,6,8
2019-06-26 14:00:00,23,12,11
2019-06-26 15:00:00,19,9,10
2019-06-26 16:00:00,25,12,13
2019-06-26 17:00:00,27,14,13
2019-06-26 18:00:00,17,9,8
2019-06-26 19:00:00,24,14,10
2019-06-26 20:00:00,18,8,10
2019-06-26 21:00:00,7,3,4
2019-06-26 22:00:00,0,0,0
2019-06-26 23:00:00,0,0,0
2019-06-27 00:00:00,0,0,0
2019-06-27 01:00:00,0,0,0
2019-06-27 02:00:00,0,0,0
2019-06-27 03:00:00,0,0,0
2019-06-27 04:00:00,0,0,0
2019-06-27 05:00:00,5,3,2
2019-06-27 06:00:00,19,10,9
2019-06-27 07:00:00,25,10,15
2019-06-27 08:00:00,19,9,10
2019-06-27 09:00:00,28,14,14
2019-06-27 10:00:00,25,10,15
2019-06-27 11:00:00,33,12,21
2019-06-27 12:00:00,29,13,16
2019-06-27 13:00:00,21,10,11
2019-06-27 14:00:00,24,13,11
2019-06-27 15:00:00,18,7,11
2019-06-27 16:00:00,35,15,20
2019-06-27 17:00:00,40,23,17
2019-06-27 18:00:00,32,19,13
2019-06-27 19:00:00,34,15,19
2019-06-27 20:00:00,32,16,16
2019-06-27 21:00:00,11,5,6
2019-06-27 22:00:00,0,0,0
2019-06-27 23:00:00,0,0,0
2019-06-28 00:00:00,0,0,0
2019-06-28 01:00:00,0,0,0
2019-06-28 02:00:00,0,0,0
2019-06-28 03:00:00,0,0,0
2019-06-28 04:00:00,1,0,1
2019-06-28 05:00:00,3,1,2
2019-06-28 06:00:00,16,8,8
2019-06-28 07:00:00,22,12,10
2019-06-28 08:00:00,34,14,20
2019-06-28 09:00:00,37,17,20
2019-06-28 10:00:00,29,17,12
2019-06-28 11:00:00,22,11,11
2019-06-28 12:00:00,26,16,10
2019-06-28 13:00:00,19,6,13
2019-06-28 14:00:00,35,21,14
2019-06-28 15:00:00,21,9,12
2019-06-28 16:00:00,34,20,14
2019-06-28 17:00:00,35,22,13
2019-06-28 18:00:00,30,18,12
2019-06-28 19:00:00,23,11,12
2019-06-28 20:00:00,18,8,10
2019-06-28 21:00:00,4,2,2
2019-06-28 22:00:00,0,0,0
2019-06-28 23:00:00,0,0,0
2019-06-29 00:00:00,1,1,0
2019-06-29 01:00:00,0,0,0
2019-06-29 02:00:00,0,0,0
2019-06-29 03:00:00,0,0,0
2019-06-29 04:00:00,0,0,0
2019-06-29 05:00:00,0,0,0
2019-06-29 06:00:00,13,7,6
2019-06-29 07:00:00,39,25,14
2019-06-29 08:00:00,67,37,30
2019-06-29 09:00:00,73,34,39
2019-06-29 10:00:00,59,27,32
2019-06-29 11:00:00,57,18,39
2019-06-29 12:00:00,36,17,19
2019-06-29 13:00:00,49,20,29
2019-06-29 14:00:00,40,16,24
2019-06-29 15:00:00,63,40,23
2019-06-29 16:00:00,29,14,15
2019-06-29 17:00:00,32,15,17
2019-06-29 18:00:00,48,12,36
2019-06-29 19:00:00,34,16,18
2019-06-29 20:00:00,19,11,8
2019-06-29 21:00:00,8,2,6
2019-06-29 22:00:00,4,1,3
2019-06-29 23:00:00,0,0,0
2019-06-30 00:00:00,0,0,0
2019-06-30 01:00:00,0,0,0
2019-06-30 02:00:00,0,0,0
2019-06-30 03:00:00,0,0,0
2019-06-30 04:00:00,0,0,0
2019-06-30 05:00:00,3,2,1
2019-06-30 06:00:00,16,10,6
2019-06-30 07:00:00,25,10,15
2019-06-30 08:00:00,34,21,13
2019-06-30 09:00:00,61,30,31
2019-06-30 10:00:00,59,31,28
2019-06-30 11:00:00,58,23,35
2019-06-30 12:00:00,55,21,34
2019-06-30 13:00:00,41,17,24
2019-06-30 14:00:00,35,16,19
2019-06-30 15:00:00,36,11,25
2019-06-30 16:00:00,36,14,22
2019-06-30 17:00:00,41,23,18
2019-06-30 18:00:00,16,8,8
2019-06-30 19:00:00,20,10,10
2019-06-30 20:00:00,13,5,8
2019-06-30 21:00:00,12,8,4
2019-06-30 22:00:00,2,0,2
2019-06-30 23:00:00,0,0,0
2019-08-06 01:00:00,0,0,0
2019-08-06 02:00:00,0,0,0
2019-08-06 03:00:00,0,0,0
2019-08-06 04:00:00,1,0,1
2019-08-06 05:00:00,4,2,2
2019-08-06 06:00:00,36,18,18
2019-08-06 07:00:00,43,21,22
2019-08-06 08:00:00,40,16,24
2019-08-06 09:00:00,36,18,18
2019-08-06 10:00:00,33,14,19
2019-08-06 11:00:00,32,22,10
2019-08-06 12:00:00,28,12,16
2019-08-06 13:00:00,11,4,7
2019-08-06 14:00:00,20,9,11
2019-08-06 15:00:00,27,15,12
2019-08-06 16:00:00,41,25,16
2019-08-06 17:00:00,30,18,12
2019-08-06 18:00:00,22,13,9
2019-08-06 19:00:00,25,13,12
2019-08-06 20:00:00,16,9,7
2019-08-06 21:00:00,3,1,2
2019-08-06 22:00:00,2,1,1
2019-08-06 23:00:00,3,2,1
2019-08-07 00:00:00,0,0,0
2019-08-07 01:00:00,0,0,0
2019-08-07 02:00:00,0,0,0
2019-08-07 03:00:00,0,0,0
2019-08-07 04:00:00,0,0,0
2019-08-07 05:00:00,4,2,2
2019-08-07 06:00:00,27,13,14
2019-08-07 07:00:00,29,10,19
2019-08-07 08:00:00,34,13,21
2019-08-07 09:00:00,28,12,16
2019-08-07 10:00:00,36,16,20
2019-08-07 11:00:00,24,13,11
2019-08-07 12:00:00,29,10,19
2019-07-01 00:00:00,0,0,0
2019-07-01 01:00:00,0,0,0
2019-07-01 02:00:00,0,0,0
2019-07-01 03:00:00,0,0,0
2019-07-01 04:00:00,0,0,0
2019-07-01 05:00:00,6,3,3
2019-07-01 06:00:00,19,8,11
2019-07-01 07:00:00,28,13,15
2019-07-01 08:00:00,25,8,17
2019-07-01 09:00:00,35,18,17
2019-07-01 10:00:00,40,14,26
2019-07-01 11:00:00,24,9,15
2019-07-01 12:00:00,37,15,22
2019-07-01 13:00:00,25,11,14
2019-07-01 14:00:00,24,10,14
2019-07-01 15:00:00,23,13,10
2019-07-01 16:00:00,32,18,14
2019-07-01 17:00:00,48,26,22
2019-07-01 18:00:00,52,30,22
2019-07-01 19:00:00,44,18,26
2019-07-01 20:00:00,32,12,20
2019-07-01 21:00:00,14,7,7
2019-07-01 22:00:00,3,2,1
2019-07-01 23:00:00,0,0,0
2019-07-02 00:00:00,0,0,0
2019-07-02 01:00:00,0,0,0
2019-07-02 02:00:00,0,0,0
2019-07-02 03:00:00,0,0,0
2019-07-02 04:00:00,0,0,0
2019-07-02 05:00:00,9,4,5
2019-07-02 06:00:00,26,10,16
2019-07-02 07:00:00,20,7,13
2019-07-02 08:00:00,28,12,16
2019-07-02 09:00:00,17,9,8
2019-07-02 10:00:00,25,11,14
2019-07-02 11:00:00,27,15,12
2019-07-02 12:00:00,26,11,15
2019-07-02 13:00:00,17,10,7
2019-07-02 14:00:00,16,8,8
2019-07-02 15:00:00,12,4,8
2019-07-02 16:00:00,22,15,7
2019-07-02 17:00:00,28,14,14
2019-07-02 18:00:00,23,12,11
2019-07-02 19:00:00,14,9,5
2019-07-02 20:00:00,15,9,6
2019-07-02 21:00:00,15,6,9
2019-07-02 22:00:00,3,3,0
2019-07-02 23:00:00,1,0,1
2019-07-03 00:00:00,0,0,0
2019-07-03 01:00:00,0,0,0
2019-07-03 02:00:00,0,0,0
2019-07-03 03:00:00,0,0,0
2019-07-03 04:00:00,0,0,0
2019-07-03 05:00:00,2,1,1
2019-07-03 06:00:00,15,7,8
2019-07-03 07:00:00,8,2,6
2019-07-03 08:00:00,16,7,9
2019-07-03 09:00:00,26,15,11
2019-07-03 10:00:00,14,6,8
2019-07-03 11:00:00,16,6,10
2019-07-03 12:00:00,9,7,2
2019-07-03 13:00:00,20,9,11
2019-07-03 14:00:00,25,10,15
2019-07-03 15:00:00,10,5,5
2019-07-03 16:00:00,35,20,15
2019-07-03 17:00:00,35,18,17
2019-07-03 18:00:00,28,19,9
2019-07-03 19:00:00,12,5,7
2019-07-03 20:00:00,7,3,4
2019-07-03 21:00:00,3,1,2
2019-07-03 22:00:00,1,1,0
2019-07-03 23:00:00,1,0,1
2019-07-04 00:00:00,0,0,0
2019-07-04 01:00:00,0,0,0
2019-07-04 02:00:00,0,0,0
2019-07-04 03:00:00,0,0,0
2019-07-04 04:00:00,1,0,1
2019-07-04 05:00:00,4,1,3
2019-07-04 06:00:00,12,6,6
2019-07-04 07:00:00,14,10,4
2019-07-04 08:00:00,37,17,20
2019-07-04 09:00:00,51,25,26
2019-07-04 10:00:00,51,24,27
2019-07-04 11:00:00,50,24,26
2019-07-04 12:00:00,41,20,21
2019-07-04 13:00:00,51,23,28
2019-07-04 14:00:00,41,21,20
2019-07-04 15:00:00,34,11,23
2019-07-04 16:00:00,24,11,13
2019-07-04 17:00:00,26,10,16
2019-07-04 18:00:00,18,11,7
2019-07-04 19:00:00,29,14,15
2019-07-04 20:00:00,9,5,4
2019-07-04 21:00:00,2,0,2
2019-07-04 22:00:00,5,3,2
2019-07-04 23:00:00,2,1,1
2019-07-05 00:00:00,0,0,0
2019-07-05 01:00:00,0,0,0
2019-07-05 02:00:00,0,0,0
2019-07-05 03:00:00,0,0,0
2019-07-05 04:00:00,0,0,0
2019-07-05 05:00:00,3,1,2
2019-07-05 06:00:00,5,2,3
2019-07-05 07:00:00,12,5,7
2019-07-05 08:00:00,27,16,11
2019-07-05 09:00:00,34,15,19
2019-07-05 10:00:00,21,13,8
2019-07-05 11:00:00,26,12,14
2019-07-05 12:00:00,29,16,13
2019-07-05 13:00:00,27,11,16
2019-07-05 14:00:00,26,18,8
2019-07-05 15:00:00,20,9,11
2019-07-05 16:00:00,28,15,13
2019-07-05 17:00:00,29,15,14
2019-07-05 18:00:00,23,12,11
2019-07-05 19:00:00,21,9,12
2019-07-05 20:00:00,20,10,10
2019-07-05 21:00:00,3,1,2
2019-07-05 22:00:00,5,3,2
2019-07-05 23:00:00,0,0,0
2019-07-06 00:00:00,0,0,0
2019-07-06 01:00:00,0,0,0
2019-07-06 02:00:00,0,0,0
2019-07-06 03:00:00,0,0,0
2019-07-06 04:00:00,0,0,0
2019-07-06 05:00:00,3,2,1
2019-07-06 06:00:00,10,5,5
2019-07-06 07:00:00,21,14,7
2019-07-06 08:00:00,42,20,22
2019-07-06 09:00:00,79,41,38
2019-07-06 10:00:00,67,31,36
2019-07-06 11:00:00,50,28,22
2019-07-06 12:00:00,43,16,27
2019-07-06 13:00:00,63,27,36
2019-07-06 14:00:00,41,14,27
2019-07-06 15:00:00,34,19,15
2019-07-06 16:00:00,47,23,24
2019-07-06 17:00:00,39,20,19
2019-07-06 18:00:00,26,15,11
2019-07-06 19:00:00,20,9,11
2019-07-06 20:00:00,21,8,13
2019-07-06 21:00:00,10,4,6
2019-07-06 22:00:00,0,0,0
2019-07-06 23:00:00,0,0,0
2019-07-07 00:00:00,1,0,1
2019-07-07 01:00:00,1,0,1
2019-07-07 02:00:00,0,0,0
2019-07-07 03:00:00,0,0,0
2019-07-07 04:00:00,0,0,0
2019-07-07 05:00:00,1,0,1
2019-07-07 06:00:00,8,5,3
2019-07-07 07:00:00,25,15,10
2019-07-07 08:00:00,20,8,12
2019-07-07 09:00:00,32,15,17
2019-07-07 10:00:00,41,23,18
2019-07-07 11:00:00,56,26,30
2019-07-07 12:00:00,38,18,20
2019-07-07 13:00:00,50,23,27
2019-07-07 14:00:00,51,21,30
2019-07-07 15:00:00,33,18,15
2019-07-07 16:00:00,39,15,24
2019-07-07 17:00:00,24,10,14
2019-07-07 18:00:00,26,10,16
2019-07-07 19:00:00,12,7,5
2019-07-07 20:00:00,11,7,4
2019-07-07 21:00:00,13,5,8
2019-07-07 22:00:00,1,0,1
2019-07-07 23:00:00,0,0,0
2019-07-08 00:00:00,0,0,0
2019-07-08 01:00:00,0,0,0
2019-07-08 02:00:00,0,0,0
2019-07-08 03:00:00,0,0,0
2019-07-08 04:00:00,0,0,0
2019-07-08 05:00:00,4,1,3
2019-07-08 06:00:00,23,11,12
2019-07-08 07:00:00,17,7,10
2019-07-08 08:00:00,28,13,15
2019-07-08 09:00:00,22,6,16
2019-07-08 10:00:00,37,24,13
2019-07-08 11:00:00,36,19,17
2019-07-08 12:00:00,28,9,19
2019-07-08 13:00:00,30,18,12
2019-07-08 14:00:00,28,12,16
2019-07-08 15:00:00,25,14,11
2019-07-08 16:00:00,39,20,19
2019-07-08 17:00:00,34,20,14
2019-07-08 18:00:00,33,16,17
2019-07-08 19:00:00,31,15,16
2019-07-08 20:00:00,30,16,14
2019-07-08 21:00:00,6,2,4
2019-07-08 22:00:00,5,3,2
2019-07-08 23:00:00,0,0,0
2019-07-09 00:00:00,0,0,0
2019-07-09 01:00:00,0,0,0
2019-07-09 02:00:00,0,0,0
2019-07-09 03:00:00,0,0,0
2019-07-09 04:00:00,0,0,0
2019-07-09 05:00:00,1,0,1
2019-07-09 06:00:00,31,16,15
2019-07-09 07:00:00,20,6,14
2019-07-09 08:00:00,34,16,18
2019-07-09 09:00:00,28,13,15
2019-07-09 10:00:00,45,25,20
2019-07-09 11:00:00,35,14,21
2019-07-09 12:00:00,31,13,18
2019-07-09 13:00:00,23,9,14
2019-07-09 14:00:00,27,9,18
2019-07-09 15:00:00,12,8,4
2019-07-09 16:00:00,25,17,8
2019-07-09 17:00:00,37,21,16
2019-07-09 18:00:00,40,26,14
2019-07-09 19:00:00,25,15,10
2019-07-09 20:00:00,25,11,14
2019-07-09 21:00:00,8,3,5
2019-07-09 22:00:00,4,1,3
2019-07-09 23:00:00,0,0,0
2019-07-10 00:00:00,0,0,0
2019-07-10 01:00:00,0,0,0
2019-07-10 02:00:00,0,0,0
2019-07-10 03:00:00,0,0,0
2019-07-10 04:00:00,0,0,0
2019-07-10 05:00:00,3,1,2
2019-07-10 06:00:00,13,7,6
2019-07-10 07:00:00,21,9,12
2019-07-10 08:00:00,20,9,11
2019-07-10 09:00:00,14,4,10
2019-07-10 10:00:00,32,21,11
2019-07-10 11:00:00,22,8,14
2019-07-10 12:00:00,24,10,14
2019-07-10 13:00:00,10,6,4
2019-07-10 14:00:00,17,9,8
2019-07-10 15:00:00,10,7,3
2019-07-10 16:00:00,23,14,9
2019-07-10 17:00:00,31,18,13
2019-07-10 18:00:00,34,17,17
2019-07-10 19:00:00,23,11,12
2019-07-10 20:00:00,25,13,12
2019-07-10 21:00:00,12,4,8
2019-07-10 22:00:00,2,0,2
2019-07-10 23:00:00,0,0,0
2019-07-11 00:00:00,0,0,0
2019-07-11 01:00:00,0,0,0
2019-07-11 02:00:00,0,0,0
2019-07-11 03:00:00,0,0,0
2019-07-11 04:00:00,0,0,0
2019-07-11 05:00:00,2,2,0
2019-07-11 06:00:00,19,12,7
2019-07-11 07:00:00,23,6,17
2019-07-11 08:00:00,27,11,16
2019-07-11 09:00:00,20,9,11
2019-07-11 10:00:00,35,19,16
2019-07-11 11:00:00,31,17,14
2019-07-11 12:00:00,20,7,13
2019-07-11 13:00:00,25,13,12
2019-07-11 14:00:00,17,8,9
2019-07-11 15:00:00,20,14,6
2019-07-11 16:00:00,35,16,19
2019-07-11 17:00:00,31,19,12
2019-07-11 18:00:00,38,21,17
2019-07-11 19:00:00,37,16,21
2019-07-11 20:00:00,10,5,5
2019-07-11 21:00:00,4,0,4
2019-07-11 22:00:00,5,4,1
2019-07-11 23:00:00,1,0,1
2019-07-12 00:00:00,0,0,0
2019-07-12 01:00:00,0,0,0
2019-07-12 02:00:00,0,0,0
2019-07-12 03:00:00,0,0,0
2019-07-12 04:00:00,0,0,0
2019-07-12 05:00:00,8,3,5
2019-07-12 06:00:00,22,13,9
2019-07-12 07:00:00,24,8,16
2019-07-12 08:00:00,29,15,14
2019-07-12 09:00:00,33,16,17
2019-07-12 10:00:00,36,16,20
2019-07-12 11:00:00,35,18,17
2019-07-12 12:00:00,38,29,9
2019-07-12 13:00:00,28,16,12
2019-07-12 14:00:00,26,12,14
2019-07-12 15:00:00,41,23,18
2019-07-12 16:00:00,41,25,16
2019-07-12 17:00:00,23,17,6
2019-07-12 18:00:00,30,15,15
2019-07-12 19:00:00,22,12,10
2019-07-12 20:00:00,10,5,5
2019-07-12 21:00:00,5,1,4
2019-07-12 22:00:00,0,0,0
2019-07-12 23:00:00,0,0,0
2019-07-13 00:00:00,0,0,0
2019-07-13 01:00:00,0,0,0
2019-07-13 02:00:00,0,0,0
2019-07-13 03:00:00,0,0,0
2019-07-13 04:00:00,1,0,1
2019-07-13 05:00:00,3,2,1
2019-07-13 06:00:00,22,13,9
2019-07-13 07:00:00,30,23,7
2019-07-13 08:00:00,55,22,33
2019-07-13 09:00:00,66,42,24
2019-07-13 10:00:00,80,40,40
2019-07-13 11:00:00,51,19,32
2019-07-13 12:00:00,44,19,25
2019-07-13 13:00:00,49,19,30
2019-07-13 14:00:00,46,20,26
2019-07-13 15:00:00,38,19,19
2019-07-13 16:00:00,34,16,18
2019-07-13 17:00:00,19,6,13
2019-07-13 18:00:00,28,13,15
2019-07-13 19:00:00,20,12,8
2019-07-13 20:00:00,17,9,8
2019-07-13 21:00:00,7,3,4
2019-07-13 22:00:00,1,0,1
2019-07-13 23:00:00,0,0,0
2019-07-14 00:00:00,0,0,0
2019-07-14 01:00:00,0,0,0
2019-07-14 02:00:00,0,0,0
2019-07-14 03:00:00,0,0,0
2019-07-14 04:00:00,0,0,0
2019-07-14 05:00:00,4,3,1
2019-07-14 06:00:00,18,8,10
2019-07-14 07:00:00,21,11,10
2019-07-14 08:00:00,43,20,23
2019-07-14 09:00:00,74,42,32
2019-07-14 10:00:00,56,20,36
2019-07-14 11:00:00,66,33,33
2019-07-14 12:00:00,54,23,31
2019-07-14 13:00:00,34,15,19
2019-07-14 14:00:00,41,18,23
2019-07-14 15:00:00,40,16,24
2019-07-14 16:00:00,43,25,18
2019-07-14 17:00:00,29,15,14
2019-07-14 18:00:00,35,15,20
2019-07-14 19:00:00,20,12,8
2019-07-14 20:00:00,16,6,10
2019-07-14 21:00:00,10,5,5
2019-07-14 22:00:00,2,1,1
2019-07-14 23:00:00,0,0,0
2019-07-15 00:00:00,0,0,0
2019-07-15 01:00:00,0,0,0
2019-07-15 02:00:00,0,0,0
2019-07-15 03:00:00,0,0,0
2019-07-15 04:00:00,0,0,0
2019-07-15 05:00:00,5,2,3
2019-07-15 06:00:00,9,4,5
2019-07-15 07:00:00,17,4,13
2019-07-15 08:00:00,22,12,10
2019-07-15 09:00:00,35,10,25
2019-07-15 10:00:00,22,15,7
2019-07-15 11:00:00,32,17,15
2019-07-15 12:00:00,28,11,17
2019-07-15 13:00:00,7,5,2
2019-07-15 14:00:00,21,11,10
2019-07-15 15:00:00,32,19,13
2019-07-15 16:00:00,30,13,17
2019-07-15 17:00:00,47,26,21
2019-07-15 18:00:00,46,21,25
2019-07-15 19:00:00,27,12,15
2019-07-15 20:00:00,12,8,4
2019-07-15 21:00:00,9,3,6
2019-07-15 22:00:00,2,1,1
2019-07-15 23:00:00,0,0,0
2019-07-16 00:00:00,0,0,0
2019-07-16 01:00:00,0,0,0
2019-07-16 02:00:00,0,0,0
2019-07-16 03:00:00,0,0,0
2019-07-16 04:00:00,0,0,0
2019-07-16 05:00:00,2,1,1
2019-07-16 06:00:00,15,6,9
2019-07-16 07:00:00,21,6,15
2019-07-16 08:00:00,28,10,18
2019-07-16 09:00:00,32,17,15
2019-07-16 10:00:00,40,19,21
2019-07-16 11:00:00,42,23,19
2019-07-16 12:00:00,15,7,8
2019-07-16 13:00:00,22,9,13
2019-07-16 14:00:00,20,9,11
2019-07-16 15:00:00,30,17,13
2019-07-16 16:00:00,23,9,14
2019-07-16 17:00:00,30,21,9
2019-07-16 18:00:00,31,12,19
2019-07-16 19:00:00,42,20,22
2019-07-16 20:00:00,35,18,17
2019-07-16 21:00:00,10,5,5
2019-07-16 22:00:00,6,3,3
2019-07-16 23:00:00,0,0,0
2019-07-17 00:00:00,2,1,1
2019-07-17 01:00:00,2,1,1
2019-07-17 02:00:00,0,0,0
2019-07-17 03:00:00,0,0,0
2019-07-17 04:00:00,0,0,0
2019-07-17 05:00:00,4,3,1
2019-07-17 06:00:00,15,7,8
2019-07-17 07:00:00,12,4,8
2019-07-17 08:00:00,17,6,11
2019-07-17 09:00:00,29,13,16
2019-07-17 10:00:00,32,17,15
2019-07-17 11:00:00,19,11,8
2019-07-17 12:00:00,19,9,10
2019-07-17 13:00:00,8,5,3
2019-07-17 14:00:00,22,9,13
2019-07-17 15:00:00,17,8,9
2019-07-17 16:00:00,24,14,10
2019-07-17 17:00:00,36,20,16
2019-07-17 18:00:00,45,22,23
2019-07-17 19:00:00,25,13,12
2019-07-17 20:00:00,13,5,8
2019-07-17 21:00:00,3,2,1
2019-07-17 22:00:00,1,1,0
2019-07-17 23:00:00,2,1,1
2019-07-18 00:00:00,0,0,0
2019-07-18 01:00:00,0,0,0
2019-07-18 02:00:00,0,0,0
2019-07-18 03:00:00,0,0,0
2019-07-18 04:00:00,0,0,0
2019-07-18 05:00:00,4,3,1
2019-07-18 06:00:00,17,9,8
2019-07-18 07:00:00,24,11,13
2019-07-18 08:00:00,19,8,11
2019-07-18 09:00:00,29,15,14
2019-07-18 10:00:00,65,45,20
2019-07-18 11:00:00,40,23,17
2019-07-18 12:00:00,45,18,27
2019-07-18 13:00:00,20,12,8
2019-07-18 14:00:00,22,7,15
2019-07-18 15:00:00,35,18,17
2019-07-18 16:00:00,31,14,17
2019-07-18 17:00:00,54,27,27
2019-07-18 18:00:00,40,23,17
2019-07-18 19:00:00,17,5,12
2019-07-18 20:00:00,9,7,2
2019-07-18 21:00:00,11,4,7
2019-07-18 22:00:00,2,1,1
2019-07-18 23:00:00,2,1,1
2019-07-19 00:00:00,0,0,0
2019-07-19 01:00:00,0,0,0
2019-07-19 02:00:00,0,0,0
2019-07-19 03:00:00,0,0,0
2019-07-19 04:00:00,0,0,0
2019-07-19 05:00:00,2,1,1
2019-07-19 06:00:00,13,8,5
2019-07-19 07:00:00,36,15,21
2019-07-19 08:00:00,29,7,22
2019-07-19 09:00:00,37,16,21
2019-07-19 10:00:00,36,16,20
2019-07-19 11:00:00,33,16,17
2019-07-19 12:00:00,25,15,10
2019-07-19 13:00:00,33,16,17
2019-07-19 14:00:00,28,11,17
2019-07-19 15:00:00,21,7,14
2019-07-19 16:00:00,35,19,16
2019-07-19 17:00:00,40,21,19
2019-07-19 18:00:00,23,14,9
2019-07-19 19:00:00,27,15,12
2019-07-19 20:00:00,14,5,9
2019-07-19 21:00:00,2,1,1
2019-07-19 22:00:00,3,2,1
2019-07-19 23:00:00,2,1,1
2019-07-20 00:00:00,0,0,0
2019-07-20 01:00:00,0,0,0
2019-07-20 02:00:00,0,0,0
2019-07-20 03:00:00,0,0,0
2019-07-20 04:00:00,0,0,0
2019-07-20 05:00:00,1,0,1
2019-07-20 06:00:00,11,7,4
2019-07-20 07:00:00,51,29,22
2019-07-20 08:00:00,58,30,28
2019-07-20 09:00:00,76,38,38
2019-07-20 10:00:00,86,43,43
2019-07-20 11:00:00,74,34,40
2019-07-20 12:00:00,51,19,32
2019-07-20 13:00:00,44,23,21
2019-07-20 14:00:00,40,15,25
2019-07-20 15:00:00,42,19,23
2019-07-20 16:00:00,34,16,18
2019-07-20 17:00:00,27,12,15
2019-07-20 18:00:00,20,9,11
2019-07-20 19:00:00,16,9,7
2019-07-20 20:00:00,23,12,11
2019-07-20 21:00:00,7,2,5
2019-07-20 22:00:00,3,3,0
2019-07-20 23:00:00,0,0,0
2019-07-21 00:00:00,1,0,1
2019-07-21 01:00:00,0,0,0
2019-07-21 02:00:00,0,0,0
2019-07-21 03:00:00,0,0,0
2019-07-21 04:00:00,0,0,0
2019-07-21 05:00:00,1,1,0
2019-07-21 06:00:00,9,7,2
2019-07-21 07:00:00,23,14,9
2019-07-21 08:00:00,41,24,17
2019-07-21 09:00:00,56,25,31
2019-07-21 10:00:00,116,80,36
2019-07-21 11:00:00,71,28,43
2019-07-21 12:00:00,51,24,27
2019-07-21 13:00:00,36,16,20
2019-07-21 14:00:00,26,13,13
2019-07-21 15:00:00,20,12,8
2019-07-21 16:00:00,20,10,10
2019-07-21 17:00:00,18,11,7
2019-07-21 18:00:00,29,14,15
2019-07-21 19:00:00,21,8,13
2019-07-21 20:00:00,8,2,6
2019-07-21 21:00:00,20,10,10
2019-07-21 22:00:00,2,1,1
2019-07-21 23:00:00,0,0,0
2019-07-22 00:00:00,1,1,0
2019-07-22 01:00:00,0,0,0
2019-07-22 02:00:00,0,0,0
2019-07-22 03:00:00,0,0,0
2019-07-22 04:00:00,0,0,0
2019-07-22 05:00:00,3,1,2
2019-07-22 06:00:00,26,12,14
2019-07-22 07:00:00,17,6,11
2019-07-22 08:00:00,29,13,16
2019-07-22 09:00:00,22,9,13
2019-07-22 10:00:00,100,91,9
2019-07-22 11:00:00,33,19,14
2019-07-22 12:00:00,30,10,20
2019-07-22 13:00:00,21,10,11
2019-07-22 14:00:00,24,9,15
2019-07-22 15:00:00,26,11,15
2019-07-22 16:00:00,19,11,8
2019-07-22 17:00:00,10,2,8
2019-07-22 18:00:00,26,10,16
2019-07-22 19:00:00,26,14,12
2019-07-22 20:00:00,19,12,7
2019-07-22 21:00:00,9,0,9
2019-07-22 22:00:00,0,0,0
2019-07-22 23:00:00,0,0,0
2019-07-23 00:00:00,0,0,0
2019-07-23 01:00:00,0,0,0
2019-07-23 02:00:00,0,0,0
2019-07-23 03:00:00,0,0,0
2019-07-23 04:00:00,0,0,0
2019-07-23 05:00:00,4,2,2
2019-07-23 06:00:00,26,10,16
2019-07-23 07:00:00,28,7,21
2019-07-23 08:00:00,38,17,21
2019-07-23 09:00:00,20,8,12
2019-07-23 10:00:00,34,20,14
2019-07-23 11:00:00,26,14,12
2019-07-23 12:00:00,34,16,18
2019-07-23 13:00:00,20,8,12
2019-07-23 14:00:00,19,7,12
2019-07-23 15:00:00,23,10,13
2019-07-23 16:00:00,21,9,12
2019-07-23 17:00:00,53,29,24
2019-07-23 18:00:00,53,27,26
2019-07-23 19:00:00,34,20,14
2019-07-23 20:00:00,26,10,16
2019-07-23 21:00:00,10,1,9
2019-07-23 22:00:00,4,2,2
2019-07-23 23:00:00,2,1,1
2019-07-24 00:00:00,0,0,0
2019-07-24 01:00:00,0,0,0
2019-07-24 02:00:00,0,0,0
2019-07-24 03:00:00,0,0,0
2019-07-24 04:00:00,0,0,0
2019-07-24 05:00:00,7,2,5
2019-07-24 06:00:00,19,10,9
2019-07-24 07:00:00,24,9,15
2019-07-24 08:00:00,28,12,16
2019-07-24 09:00:00,28,12,16
2019-07-24 10:00:00,36,21,15
2019-07-24 11:00:00,34,23,11
2019-07-24 12:00:00,17,9,8
2019-07-24 13:00:00,19,8,11
2019-07-24 14:00:00,24,10,14
2019-07-24 15:00:00,30,13,17
2019-07-24 16:00:00,34,22,12
2019-07-24 17:00:00,28,15,13
2019-07-24 18:00:00,40,23,17
2019-07-24 19:00:00,33,16,17
2019-07-24 20:00:00,13,9,4
2019-07-24 21:00:00,8,2,6
2019-07-24 22:00:00,2,1,1
2019-07-24 23:00:00,1,1,0
2019-07-25 00:00:00,0,0,0
2019-07-25 01:00:00,0,0,0
2019-07-25 02:00:00,0,0,0
2019-07-25 03:00:00,0,0,0
2019-07-25 04:00:00,0,0,0
2019-07-25 05:00:00,6,3,3
2019-07-25 06:00:00,22,11,11
2019-07-25 07:00:00,22,8,14
2019-07-25 08:00:00,24,10,14
2019-07-25 09:00:00,46,21,25
2019-07-25 10:00:00,41,25,16
2019-07-25 11:00:00,38,22,16
2019-07-25 12:00:00,39,12,27
2019-07-25 13:00:00,15,8,7
2019-07-25 14:00:00,15,6,9
2019-07-25 15:00:00,23,8,15
2019-07-25 16:00:00,23,12,11
2019-07-25 17:00:00,24,9,15
2019-07-25 18:00:00,38,23,15
2019-07-25 19:00:00,31,15,16
2019-07-25 20:00:00,22,9,13
2019-07-25 21:00:00,9,4,5
2019-07-25 22:00:00,1,0,1
2019-07-25 23:00:00,0,0,0
2019-07-26 00:00:00,0,0,0
2019-07-26 01:00:00,0,0,0
2019-07-26 02:00:00,0,0,0
2019-07-26 03:00:00,0,0,0
2019-07-26 04:00:00,1,1,0
2019-07-26 05:00:00,2,1,1
2019-07-26 06:00:00,29,14,15
2019-07-26 07:00:00,37,17,20
2019-07-26 08:00:00,34,15,19
2019-07-26 09:00:00,46,20,26
2019-07-26 10:00:00,37,22,15
2019-07-26 11:00:00,34,12,22
2019-07-26 12:00:00,30,13,17
2019-07-26 13:00:00,31,19,12
2019-07-26 14:00:00,31,15,16
2019-07-26 15:00:00,27,14,13
2019-07-26 16:00:00,16,10,6
2019-07-26 17:00:00,15,13,2
2019-07-26 18:00:00,14,10,4
2019-07-26 19:00:00,19,10,9
2019-07-26 20:00:00,19,13,6
2019-07-26 21:00:00,9,1,8
2019-07-26 22:00:00,1,1,0
2019-07-26 23:00:00,0,0,0
2019-07-27 00:00:00,0,0,0
2019-07-27 01:00:00,0,0,0
2019-07-27 02:00:00,0,0,0
2019-07-27 03:00:00,0,0,0
2019-07-27 04:00:00,0,0,0
2019-07-27 05:00:00,0,0,0
2019-07-27 06:00:00,12,7,5
2019-07-27 07:00:00,37,22,15
2019-07-27 08:00:00,44,23,21
2019-07-27 09:00:00,76,39,37
2019-07-27 10:00:00,46,20,26
2019-07-27 11:00:00,53,22,31
2019-07-27 12:00:00,40,17,23
2019-07-27 13:00:00,40,14,26
2019-07-27 14:00:00,45,21,24
2019-07-27 15:00:00,22,9,13
2019-07-27 16:00:00,30,12,18
2019-07-27 17:00:00,29,12,17
2019-07-27 18:00:00,24,12,12
2019-07-27 19:00:00,18,11,7
2019-07-27 20:00:00,19,9,10
2019-07-27 21:00:00,10,3,7
2019-07-27 22:00:00,0,0,0
2019-07-27 23:00:00,0,0,0
2019-07-28 00:00:00,0,0,0
2019-07-28 01:00:00,0,0,0
2019-07-28 02:00:00,2,1,1
2019-07-28 03:00:00,0,0,0
2019-07-28 04:00:00,0,0,0
2019-07-28 05:00:00,3,1,2
2019-07-28 06:00:00,6,5,1
2019-07-28 07:00:00,27,14,13
2019-07-28 08:00:00,53,28,25
2019-07-28 09:00:00,58,24,34
2019-07-28 10:00:00,69,33,36
2019-07-28 11:00:00,78,39,39
2019-07-28 12:00:00,49,24,25
2019-07-28 13:00:00,38,21,17
2019-07-28 14:00:00,48,24,24
2019-07-28 15:00:00,34,14,20
2019-07-28 16:00:00,50,27,23
2019-07-28 17:00:00,38,14,24
2019-07-28 18:00:00,29,13,16
2019-07-28 19:00:00,19,8,11
2019-07-28 20:00:00,11,5,6
2019-07-28 21:00:00,6,1,5
2019-07-28 22:00:00,0,0,0
2019-07-28 23:00:00,0,0,0
2019-07-29 00:00:00,2,1,1
2019-07-29 01:00:00,0,0,0
2019-07-29 02:00:00,2,1,1
2019-07-29 03:00:00,0,0,0
2019-07-29 04:00:00,0,0,0
2019-07-29 05:00:00,1,1,0
2019-07-29 06:00:00,19,6,13
2019-07-29 07:00:00,19,6,13
2019-07-29 08:00:00,24,15,9
2019-07-29 09:00:00,32,12,20
2019-07-29 10:00:00,54,30,24
2019-07-29 11:00:00,38,21,17
2019-07-29 12:00:00,55,26,29
2019-07-29 13:00:00,28,7,21
2019-07-29 14:00:00,20,13,7
2019-07-29 15:00:00,26,16,10
2019-07-29 16:00:00,32,23,9
2019-07-29 17:00:00,32,24,8
2019-07-29 18:00:00,36,17,19
2019-07-29 19:00:00,43,21,22
2019-07-29 20:00:00,31,14,17
2019-07-29 21:00:00,16,8,8
2019-07-29 22:00:00,2,1,1
2019-07-29 23:00:00,2,1,1
2019-07-30 00:00:00,1,1,0
2019-07-30 01:00:00,0,0,0
2019-07-30 02:00:00,2,1,1
2019-07-30 03:00:00,1,0,1
2019-07-30 04:00:00,0,0,0
2019-07-30 05:00:00,6,2,4
2019-07-30 06:00:00,26,13,13
2019-07-30 07:00:00,24,7,17
2019-07-30 08:00:00,35,13,22
2019-07-30 09:00:00,35,15,20
2019-07-30 10:00:00,40,25,15
2019-07-30 11:00:00,28,12,16
2019-07-30 12:00:00,28,12,16
2019-07-30 13:00:00,22,10,12
2019-07-30 14:00:00,18,7,11
2019-07-30 15:00:00,34,17,17
2019-07-30 16:00:00,28,21,7
2019-07-30 17:00:00,43,25,18
2019-07-30 18:00:00,46,25,21
2019-07-30 19:00:00,29,13,16
2019-07-30 20:00:00,26,10,16
2019-07-30 21:00:00,5,2,3
2019-07-30 22:00:00,6,3,3
2019-07-30 23:00:00,0,0,0
2019-07-31 00:00:00,0,0,0
2019-07-31 01:00:00,0,0,0
2019-07-31 02:00:00,0,0,0
2019-07-31 03:00:00,1,1,0
2019-07-31 04:00:00,0,0,0
2019-07-31 05:00:00,4,1,3
2019-07-31 06:00:00,48,21,27
2019-07-31 07:00:00,23,9,14
2019-07-31 08:00:00,39,15,24
2019-07-31 09:00:00,35,13,22
2019-07-31 10:00:00,44,22,22
2019-07-31 11:00:00,43,23,20
2019-07-31 12:00:00,40,15,25
2019-07-31 13:00:00,23,10,13
2019-07-31 14:00:00,33,15,18
2019-07-31 15:00:00,20,11,9
2019-07-31 16:00:00,28,14,14
2019-07-31 17:00:00,18,12,6
2019-07-31 18:00:00,27,16,11
2019-07-31 19:00:00,33,17,16
2019-07-31 20:00:00,18,9,9
2019-07-31 21:00:00,6,1,5
2019-07-31 22:00:00,2,1,1
2019-07-31 23:00:00,1,0,1
2019-08-07 13:00:00,19,9,10
2019-08-07 14:00:00,13,5,8
2019-08-07 15:00:00,22,11,11
2019-08-07 16:00:00,31,18,13
2019-08-07 17:00:00,37,25,12
2019-08-07 18:00:00,36,15,21
2019-08-07 19:00:00,36,21,15
2019-08-07 20:00:00,27,10,17
2019-08-07 21:00:00,1,0,1
2019-08-07 22:00:00,0,0,0
2019-08-07 23:00:00,0,0,0
2019-08-08 00:00:00,0,0,0
2019-08-08 01:00:00,0,0,0
2019-08-08 02:00:00,0,0,0
2019-08-08 03:00:00,0,0,0
2019-08-08 04:00:00,3,2,1
2019-08-08 05:00:00,4,3,1
2019-08-08 06:00:00,21,10,11
2019-08-08 07:00:00,30,13,17
2019-08-08 08:00:00,29,10,19
2019-08-08 09:00:00,36,16,20
2019-08-08 10:00:00,29,12,17
2019-08-08 11:00:00,37,21,16
2019-08-08 12:00:00,33,13,20
2019-08-08 13:00:00,29,15,14
2019-08-08 14:00:00,24,9,15
2019-08-08 15:00:00,23,9,14
2019-08-08 16:00:00,24,16,8
2019-08-08 17:00:00,38,24,14
2019-08-08 18:00:00,33,16,17
2019-08-08 19:00:00,17,12,5
2019-08-08 20:00:00,12,6,6
2019-08-08 21:00:00,2,0,2
2019-08-08 22:00:00,4,2,2
2019-08-08 23:00:00,0,0,0
2019-08-09 00:00:00,0,0,0
2019-08-09 01:00:00,0,0,0
2019-08-09 02:00:00,0,0,0
2019-08-09 03:00:00,0,0,0
2019-08-09 04:00:00,0,0,0
2019-08-09 05:00:00,2,1,1
2019-08-09 06:00:00,17,11,6
2019-08-09 07:00:00,22,10,12
2019-08-09 08:00:00,33,12,21
2019-08-09 09:00:00,28,16,12
2019-08-09 10:00:00,19,9,10
2019-08-09 11:00:00,39,20,19
2019-08-09 12:00:00,29,16,13
2019-08-09 13:00:00,20,10,10
2019-08-09 14:00:00,30,16,14
2019-08-09 15:00:00,16,5,11
2019-08-09 16:00:00,18,7,11
2019-08-09 17:00:00,30,11,19
2019-08-09 18:00:00,35,19,16
2019-08-09 19:00:00,13,9,4
2019-08-09 20:00:00,13,7,6
2019-08-09 21:00:00,4,1,3
2019-08-09 22:00:00,3,2,1
2019-08-09 23:00:00,1,1,0
2019-08-10 00:00:00,1,1,0
2019-08-10 01:00:00,0,0,0
2019-08-10 02:00:00,2,1,1
2019-08-10 03:00:00,0,0,0
2019-08-10 04:00:00,0,0,0
2019-08-10 05:00:00,0,0,0
2019-08-10 06:00:00,5,3,2
2019-08-10 07:00:00,16,11,5
2019-08-10 08:00:00,28,16,12
2019-08-10 09:00:00,32,14,18
2019-08-10 10:00:00,41,19,22
2019-08-10 11:00:00,47,29,18
2019-08-10 12:00:00,52,21,31
2019-08-10 13:00:00,41,18,23
2019-08-10 14:00:00,41,23,18
2019-08-10 15:00:00,31,14,17
2019-08-10 16:00:00,40,25,15
2019-08-10 17:00:00,35,17,18
2019-08-10 18:00:00,32,13,19
2019-08-10 19:00:00,15,8,7
2019-08-10 20:00:00,16,6,10
2019-08-10 21:00:00,3,1,2
2019-08-10 22:00:00,0,0,0
2019-08-10 23:00:00,0,0,0
2019-08-11 00:00:00,0,0,0
2019-08-11 01:00:00,0,0,0
2019-08-11 02:00:00,0,0,0
2019-08-11 03:00:00,0,0,0
2019-08-11 04:00:00,2,1,1
2019-08-11 05:00:00,1,1,0
2019-08-11 06:00:00,12,5,7
2019-08-11 07:00:00,21,10,11
2019-08-11 08:00:00,34,20,14
2019-08-11 09:00:00,60,35,25
2019-08-11 10:00:00,65,34,31
2019-08-11 11:00:00,66,30,36
2019-08-11 12:00:00,42,23,19
2019-08-11 13:00:00,42,17,25
2019-08-11 14:00:00,36,16,20
2019-08-11 15:00:00,25,14,11
2019-08-11 16:00:00,41,20,21
2019-08-11 17:00:00,28,15,13
2019-08-11 18:00:00,27,13,14
2019-08-11 19:00:00,31,16,15
2019-08-11 20:00:00,13,6,7
2019-08-11 21:00:00,0,0,0
2019-08-11 22:00:00,0,0,0
2019-08-11 23:00:00,0,0,0
2019-08-12 00:00:00,0,0,0
2019-08-12 01:00:00,0,0,0
2019-08-12 02:00:00,0,0,0
2019-08-12 03:00:00,0,0,0
2019-08-12 04:00:00,0,0,0
2019-08-12 05:00:00,3,1,2
2019-08-12 06:00:00,18,10,8
2019-08-12 07:00:00,35,10,25
2019-08-12 08:00:00,39,19,20
2019-08-12 09:00:00,29,13,16
2019-08-12 10:00:00,31,19,12
2019-08-12 11:00:00,42,27,15
2019-08-12 12:00:00,39,19,20
2019-08-12 13:00:00,38,17,21
2019-08-12 14:00:00,28,11,17
2019-08-12 15:00:00,31,17,14
2019-08-12 16:00:00,30,16,14
2019-08-12 17:00:00,33,13,20
2019-08-12 18:00:00,56,30,26
2019-08-12 19:00:00,30,14,16
2019-08-12 20:00:00,32,13,19
2019-08-12 21:00:00,2,0,2
2019-08-12 22:00:00,0,0,0
2019-08-12 23:00:00,2,1,1
2019-08-13 00:00:00,0,0,0
2019-08-13 01:00:00,0,0,0
2019-08-13 02:00:00,0,0,0
2019-08-13 03:00:00,0,0,0
2019-08-13 04:00:00,1,1,0
2019-08-13 05:00:00,4,3,1
2019-08-13 06:00:00,26,10,16
2019-08-13 07:00:00,25,12,13
2019-08-13 08:00:00,35,15,20
2019-08-13 09:00:00,41,21,20
2019-08-13 10:00:00,70,58,12
2019-08-13 11:00:00,105,94,11
2019-08-13 12:00:00,72,61,11
2019-08-13 13:00:00,19,12,7
2019-08-13 14:00:00,11,7,4
2019-08-13 15:00:00,9,2,7
2019-08-13 16:00:00,21,10,11
2019-08-13 17:00:00,26,17,9
2019-08-13 18:00:00,29,16,13
2019-08-13 19:00:00,25,13,12
2019-08-13 20:00:00,23,12,11
2019-08-13 21:00:00,4,3,1
2019-08-13 22:00:00,1,0,1
2019-08-13 23:00:00,1,0,1
2019-08-14 00:00:00,2,1,1
2019-08-14 01:00:00,0,0,0
2019-08-14 02:00:00,0,0,0
2019-08-14 03:00:00,0,0,0
2019-08-14 04:00:00,1,1,0
2019-08-14 05:00:00,4,2,2
2019-08-14 06:00:00,21,10,11
2019-08-14 07:00:00,47,19,28
2019-08-14 08:00:00,36,15,21
2019-08-14 09:00:00,34,15,19
2019-08-14 10:00:00,64,45,19
2019-08-14 11:00:00,25,16,9
2019-08-14 12:00:00,26,13,13
2019-08-14 13:00:00,30,17,13
2019-08-14 14:00:00,25,12,13
2019-08-14 15:00:00,27,16,11
2019-08-14 16:00:00,24,14,10
2019-08-14 17:00:00,34,19,15
2019-08-14 18:00:00,35,15,20
2019-08-14 19:00:00,26,11,15
2019-08-14 20:00:00,17,9,8
2019-08-14 21:00:00,1,0,1
2019-08-14 22:00:00,0,0,0
2019-08-14 23:00:00,0,0,0
2019-08-15 00:00:00,0,0,0
2019-08-15 01:00:00,0,0,0
2019-08-15 02:00:00,0,0,0
2019-08-15 03:00:00,0,0,0
2019-08-15 04:00:00,0,0,0
2019-08-15 05:00:00,5,3,2
2019-08-15 06:00:00,26,14,12
2019-08-15 07:00:00,34,14,20
2019-08-15 08:00:00,39,18,21
2019-08-15 09:00:00,51,27,24
2019-08-15 10:00:00,52,22,30
2019-08-15 11:00:00,24,11,13
2019-08-15 12:00:00,23,11,12
2019-08-15 13:00:00,24,10,14
2019-08-15 14:00:00,17,9,8
2019-08-15 15:00:00,26,15,11
2019-08-15 16:00:00,29,19,10
2019-08-15 17:00:00,32,20,12
2019-08-15 18:00:00,39,25,14
2019-08-15 19:00:00,38,14,24
2019-08-15 20:00:00,21,6,15
2019-08-15 21:00:00,4,2,2
2019-08-15 22:00:00,2,1,1
2019-08-15 23:00:00,0,0,0
2019-08-16 00:00:00,2,1,1
2019-08-16 01:00:00,0,0,0
2019-08-16 02:00:00,0,0,0
2019-08-16 03:00:00,0,0,0
2019-08-16 04:00:00,0,0,0
2019-08-16 05:00:00,2,1,1
2019-08-16 06:00:00,24,13,11
2019-08-16 07:00:00,33,12,21
2019-08-16 08:00:00,34,14,20
2019-08-16 09:00:00,50,24,26
2019-08-16 10:00:00,45,18,27
2019-08-16 11:00:00,24,14,10
2019-08-16 12:00:00,39,18,21
2019-08-16 13:00:00,21,9,12
2019-08-16 14:00:00,20,9,11
2019-08-16 15:00:00,18,10,8
2019-08-16 16:00:00,26,16,10
2019-08-16 17:00:00,25,13,12
2019-08-16 18:00:00,23,10,13
2019-08-16 19:00:00,29,16,13
2019-08-16 20:00:00,18,8,10
2019-08-16 21:00:00,2,0,2
2019-08-16 22:00:00,0,0,0
2019-08-16 23:00:00,0,0,0
2019-08-17 00:00:00,0,0,0
2019-08-17 01:00:00,0,0,0
2019-08-17 02:00:00,0,0,0
2019-08-17 03:00:00,0,0,0
2019-08-17 04:00:00,0,0,0
2019-08-17 05:00:00,1,0,1
2019-08-17 06:00:00,8,4,4
2019-08-17 07:00:00,34,19,15
2019-08-17 08:00:00,43,30,13
2019-08-17 09:00:00,70,28,42
2019-08-17 10:00:00,81,39,42
2019-08-17 11:00:00,64,31,33
2019-08-17 12:00:00,41,23,18
2019-08-17 13:00:00,51,25,26
2019-08-17 14:00:00,46,17,29
2019-08-17 15:00:00,40,20,20
2019-08-17 16:00:00,28,13,15
2019-08-17 17:00:00,20,10,10
2019-08-17 18:00:00,20,12,8
2019-08-17 19:00:00,28,13,15
2019-08-17 20:00:00,16,8,8
2019-08-17 21:00:00,3,0,3
2019-08-17 22:00:00,2,1,1
2019-08-17 23:00:00,0,0,0
2019-08-18 00:00:00,0,0,0
2019-08-18 01:00:00,2,1,1
2019-08-18 02:00:00,0,0,0
2019-08-18 03:00:00,0,0,0
2019-08-18 04:00:00,2,1,1
2019-08-18 05:00:00,0,0,0
2019-08-18 06:00:00,7,4,3
2019-08-18 07:00:00,20,13,7
2019-08-18 08:00:00,48,22,26
2019-08-18 09:00:00,67,38,29
2019-08-18 10:00:00,60,29,31
2019-08-18 11:00:00,64,34,30
2019-08-18 12:00:00,51,21,30
2019-08-18 13:00:00,57,26,31
2019-08-18 14:00:00,61,40,21
2019-08-18 15:00:00,39,12,27
2019-08-18 16:00:00,40,23,17
2019-08-18 17:00:00,21,11,10
2019-08-18 18:00:00,31,17,14
2019-08-18 19:00:00,23,10,13
2019-08-18 20:00:00,10,4,6
2019-08-18 21:00:00,3,1,2
2019-08-18 22:00:00,0,0,0
2019-08-18 23:00:00,0,0,0
2019-08-19 00:00:00,0,0,0
2019-08-19 01:00:00,0,0,0
2019-08-19 02:00:00,0,0,0
2019-08-19 03:00:00,0,0,0
2019-08-19 04:00:00,1,1,0
2019-08-19 05:00:00,0,0,0
2019-08-19 06:00:00,13,6,7
2019-08-19 07:00:00,35,15,20
2019-08-19 08:00:00,26,8,18
2019-08-19 09:00:00,34,13,21
2019-08-19 10:00:00,24,13,11
2019-08-19 11:00:00,33,11,22
2019-08-19 12:00:00,21,12,9
2019-08-19 13:00:00,16,5,11
2019-08-19 14:00:00,22,8,14
2019-08-19 15:00:00,20,8,12
2019-08-19 16:00:00,28,16,12
2019-08-19 17:00:00,42,28,14
2019-08-19 18:00:00,41,29,12
2019-08-19 19:00:00,35,17,18
2019-08-19 20:00:00,25,10,15
2019-08-19 21:00:00,0,0,0
2019-08-19 22:00:00,1,1,0
2019-08-19 23:00:00,1,0,1
2019-08-20 00:00:00,0,0,0
2019-08-20 01:00:00,0,0,0
2019-08-20 02:00:00,0,0,0
2019-08-20 03:00:00,0,0,0
2019-08-20 04:00:00,2,1,1
2019-08-20 05:00:00,4,2,2
2019-08-20 06:00:00,21,11,10
2019-08-20 07:00:00,34,17,17
2019-08-20 08:00:00,56,24,32
2019-08-20 09:00:00,49,22,27
2019-08-20 10:00:00,38,21,17
2019-08-20 11:00:00,38,17,21
2019-08-20 12:00:00,22,13,9
2019-08-20 13:00:00,36,8,28
2019-08-20 14:00:00,16,8,8
2019-08-20 15:00:00,20,10,10
2019-08-20 16:00:00,24,12,12
2019-08-20 17:00:00,38,23,15
2019-08-20 18:00:00,49,27,22
2019-08-20 19:00:00,19,11,8
2019-08-20 20:00:00,19,8,11
2019-08-20 21:00:00,1,1,0
2019-08-20 22:00:00,1,0,1
2019-08-20 23:00:00,0,0,0
2019-08-21 00:00:00,0,0,0
2019-08-21 01:00:00,0,0,0
2019-08-21 02:00:00,0,0,0
2019-08-21 03:00:00,0,0,0
2019-08-21 04:00:00,0,0,0
2019-08-21 05:00:00,1,1,0
2019-08-21 06:00:00,18,10,8
2019-08-21 07:00:00,18,6,12
2019-08-21 08:00:00,20,8,12
2019-08-21 09:00:00,24,12,12
2019-08-21 10:00:00,8,5,3
2019-08-21 11:00:00,25,14,11
2019-08-21 12:00:00,18,9,9
2019-08-21 13:00:00,16,6,10
2019-08-21 14:00:00,20,9,11
2019-08-21 15:00:00,31,16,15
2019-08-21 16:00:00,37,19,18
2019-08-21 17:00:00,31,19,12
2019-08-21 18:00:00,35,15,20
2019-08-21 19:00:00,22,9,13
2019-08-21 20:00:00,15,6,9
2019-08-21 21:00:00,4,2,2
2019-08-21 22:00:00,1,1,0
2019-08-21 23:00:00,0,0,0
2019-08-22 00:00:00,0,0,0
2019-08-22 01:00:00,0,0,0
2019-08-22 02:00:00,0,0,0
2019-08-22 03:00:00,0,0,0
2019-08-22 04:00:00,0,0,0
2019-08-22 05:00:00,6,3,3
2019-08-22 06:00:00,15,5,10
2019-08-22 07:00:00,31,12,19
2019-08-22 08:00:00,31,16,15
2019-08-22 09:00:00,31,15,16
2019-08-22 10:00:00,26,13,13
2019-08-22 11:00:00,23,9,14
2019-08-22 12:00:00,20,7,13
2019-08-22 13:00:00,27,13,14
2019-08-22 14:00:00,37,18,19
2019-08-22 15:00:00,34,11,23
2019-08-22 16:00:00,21,10,11
2019-08-22 17:00:00,37,18,19
2019-08-22 18:00:00,49,28,21
2019-08-22 19:00:00,34,18,16
2019-08-22 20:00:00,15,7,8
2019-08-22 21:00:00,4,2,2
2019-08-22 22:00:00,0,0,0
2019-08-22 23:00:00,4,2,2
2019-08-23 00:00:00,0,0,0
2019-08-23 01:00:00,0,0,0
2019-08-23 02:00:00,0,0,0
2019-08-23 03:00:00,0,0,0
2019-08-23 04:00:00,1,0,1
2019-08-23 05:00:00,11,7,4
2019-08-23 06:00:00,46,38,8
2019-08-23 07:00:00,42,29,13
2019-08-23 08:00:00,26,14,12
2019-08-23 09:00:00,27,11,16
2019-08-23 10:00:00,41,20,21
2019-08-23 11:00:00,29,15,14
2019-08-23 12:00:00,26,18,8
2019-08-23 13:00:00,34,16,18
2019-08-23 14:00:00,35,18,17
2019-08-23 15:00:00,16,5,11
2019-08-23 16:00:00,37,20,17
2019-08-23 17:00:00,28,16,12
2019-08-23 18:00:00,31,18,13
2019-08-23 19:00:00,20,9,11
2019-08-23 20:00:00,10,5,5
2019-08-23 21:00:00,2,1,1
2019-08-23 22:00:00,1,0,1
2019-08-23 23:00:00,0,0,0
2019-08-24 00:00:00,0,0,0
2019-08-24 01:00:00,0,0,0
2019-08-24 02:00:00,0,0,0
2019-08-24 03:00:00,0,0,0
2019-08-24 04:00:00,2,1,1
2019-08-24 05:00:00,0,0,0
2019-08-24 06:00:00,5,3,2
2019-08-24 07:00:00,28,17,11
2019-08-24 08:00:00,47,24,23
2019-08-24 09:00:00,69,35,34
2019-08-24 10:00:00,70,34,36
2019-08-24 11:00:00,64,31,33
2019-08-24 12:00:00,53,25,28
2019-08-24 13:00:00,41,20,21
2019-08-24 14:00:00,39,16,23
2019-08-24 15:00:00,50,21,29
2019-08-24 16:00:00,39,18,21
2019-08-24 17:00:00,33,12,21
2019-08-24 18:00:00,21,12,9
2019-08-24 19:00:00,29,14,15
2019-08-24 20:00:00,13,6,7
2019-08-24 21:00:00,2,1,1
2019-08-24 22:00:00,0,0,0
2019-08-24 23:00:00,0,0,0
2019-08-25 00:00:00,0,0,0
2019-08-25 01:00:00,0,0,0
2019-08-25 02:00:00,0,0,0
2019-08-25 03:00:00,0,0,0
2019-08-25 04:00:00,0,0,0
2019-08-25 05:00:00,0,0,0
2019-08-25 06:00:00,6,4,2
2019-08-25 07:00:00,12,6,6
2019-08-25 08:00:00,42,24,18
2019-08-25 09:00:00,70,34,36
2019-08-25 10:00:00,61,30,31
2019-08-25 11:00:00,54,25,29
2019-08-25 12:00:00,44,20,24
2019-08-25 13:00:00,32,13,19
2019-08-25 14:00:00,51,30,21
2019-08-25 15:00:00,40,15,25
2019-08-25 16:00:00,31,13,18
2019-08-25 17:00:00,24,14,10
2019-08-25 18:00:00,36,14,22
2019-08-25 19:00:00,30,13,17
2019-08-25 20:00:00,16,6,10
2019-08-25 21:00:00,0,0,0
2019-08-25 22:00:00,3,2,1
2019-08-25 23:00:00,1,0,1
2019-08-26 00:00:00,0,0,0
2019-08-26 01:00:00,0,0,0
2019-08-26 02:00:00,0,0,0
2019-08-26 03:00:00,0,0,0
2019-08-26 04:00:00,1,1,0
2019-08-26 05:00:00,3,1,2
2019-08-26 06:00:00,15,5,10
2019-08-26 07:00:00,17,8,9
2019-08-26 08:00:00,40,17,23
2019-08-26 09:00:00,39,12,27
2019-08-26 10:00:00,34,13,21
2019-08-26 11:00:00,31,16,15
2019-08-26 12:00:00,31,21,10
2019-08-26 13:00:00,27,9,18
2019-08-26 14:00:00,23,12,11
2019-08-26 15:00:00,29,15,14
2019-08-26 16:00:00,47,20,27
2019-08-26 17:00:00,34,21,13
2019-08-26 18:00:00,46,24,22
2019-08-26 19:00:00,33,12,21
2019-08-26 20:00:00,15,7,8
2019-08-26 21:00:00,5,3,2
2019-08-26 22:00:00,0,0,0
2019-08-26 23:00:00,0,0,0
2019-08-27 00:00:00,0,0,0
2019-08-27 01:00:00,0,0,0
2019-08-27 02:00:00,0,0,0
2019-08-27 03:00:00,0,0,0
2019-08-27 04:00:00,0,0,0
2019-08-27 05:00:00,3,1,2
2019-08-27 06:00:00,27,15,12
2019-08-27 07:00:00,47,18,29
2019-08-27 08:00:00,34,14,20
2019-08-27 09:00:00,46,18,28
2019-08-27 10:00:00,40,11,29
2019-08-27 11:00:00,27,14,13
2019-08-27 12:00:00,39,16,23
2019-08-27 13:00:00,25,14,11
2019-08-27 14:00:00,23,8,15
2019-08-27 15:00:00,21,9,12
2019-08-27 16:00:00,27,17,10
2019-08-27 17:00:00,18,8,10
2019-08-27 18:00:00,23,14,9
2019-08-27 19:00:00,19,12,7
2019-08-27 20:00:00,9,2,7
2019-08-27 21:00:00,1,0,1
2019-08-27 22:00:00,0,0,0
2019-08-27 23:00:00,2,1,1
2019-08-28 00:00:00,0,0,0
2019-08-28 01:00:00,0,0,0
2019-08-28 02:00:00,0,0,0
2019-08-28 03:00:00,0,0,0
2019-08-28 04:00:00,1,1,0
2019-08-28 05:00:00,4,2,2
2019-08-28 06:00:00,38,18,20
2019-08-28 07:00:00,29,14,15
2019-08-28 08:00:00,48,21,27
2019-08-28 09:00:00,49,23,26
2019-08-28 10:00:00,26,11,15
2019-08-28 11:00:00,28,16,12
2019-08-28 12:00:00,18,7,11
2019-08-28 13:00:00,17,8,9
2019-08-28 14:00:00,21,9,12
2019-08-28 15:00:00,20,9,11
2019-08-28 16:00:00,17,13,4
2019-08-28 17:00:00,10,5,5
2019-08-28 18:00:00,13,6,7
2019-08-28 19:00:00,23,11,12
2019-08-28 20:00:00,14,8,6
2019-08-28 21:00:00,2,1,1
2019-08-28 22:00:00,1,0,1
2019-08-28 23:00:00,0,0,0
2019-08-29 00:00:00,0,0,0
2019-08-29 01:00:00,0,0,0
2019-08-29 02:00:00,0,0,0
2019-08-29 03:00:00,0,0,0
2019-08-29 04:00:00,4,3,1
2019-08-29 05:00:00,5,2,3
2019-08-29 06:00:00,28,15,13
2019-08-29 07:00:00,37,15,22
2019-08-29 08:00:00,38,15,23
2019-08-29 09:00:00,30,14,16
2019-08-29 10:00:00,31,13,18
2019-08-29 11:00:00,24,14,10
2019-08-29 12:00:00,37,13,24
2019-08-29 13:00:00,28,17,11
2019-08-29 14:00:00,26,15,11
2019-08-29 15:00:00,11,7,4
2019-08-29 16:00:00,16,11,5
2019-08-29 17:00:00,41,21,20
2019-08-29 18:00:00,31,19,12
2019-08-29 19:00:00,14,6,8
2019-08-29 20:00:00,4,2,2
2019-08-29 21:00:00,2,2,0
2019-08-29 22:00:00,1,0,1
2019-08-29 23:00:00,0,0,0
2019-08-30 00:00:00,0,0,0
2019-08-30 01:00:00,0,0,0
2019-08-30 02:00:00,0,0,0
2019-08-30 03:00:00,0,0,0
2019-08-30 04:00:00,0,0,0
2019-08-30 05:00:00,2,2,0
2019-08-30 06:00:00,15,6,9
2019-08-30 07:00:00,22,13,9
2019-08-30 08:00:00,34,15,19
2019-08-30 09:00:00,38,17,21
2019-08-30 10:00:00,45,24,21
2019-08-30 11:00:00,31,17,14
2019-08-30 12:00:00,28,9,19
2019-08-30 13:00:00,38,18,20
2019-08-30 14:00:00,34,17,17
2019-08-30 15:00:00,24,13,11
2019-08-30 16:00:00,28,15,13
2019-08-30 17:00:00,32,15,17
2019-08-30 18:00:00,32,14,18
2019-08-30 19:00:00,22,10,12
2019-08-30 20:00:00,2,1,1
2019-08-30 21:00:00,0,0,0
2019-08-30 22:00:00,1,1,0
2019-08-30 23:00:00,0,0,0
2019-08-31 00:00:00,0,0,0
2019-08-31 01:00:00,3,2,1
2019-08-31 02:00:00,0,0,0
2019-08-31 03:00:00,0,0,0
2019-08-31 04:00:00,0,0,0
2019-08-31 05:00:00,2,1,1
2019-08-31 06:00:00,4,2,2
2019-08-31 07:00:00,35,21,14
2019-08-31 08:00:00,49,28,21
2019-08-31 09:00:00,81,42,39
2019-08-31 10:00:00,86,38,48
2019-08-31 11:00:00,63,37,26
2019-08-31 12:00:00,40,21,19
2019-08-31 13:00:00,41,22,19
2019-08-31 14:00:00,33,16,17
2019-08-31 15:00:00,26,13,13
2019-08-31 16:00:00,35,14,21
2019-08-31 17:00:00,31,16,15
2019-08-31 18:00:00,26,14,12
2019-08-31 19:00:00,16,7,9
2019-08-31 20:00:00,12,5,7
2019-08-31 21:00:00,2,1,1
2019-08-31 22:00:00,0,0,0
2019-08-31 23:00:00,0,0,0
2020-02-01 00:00:00,0,0,0
2020-02-01 01:00:00,0,0,0
2020-02-01 02:00:00,0,0,0
2020-02-01 03:00:00,0,0,0
2020-02-01 04:00:00,0,0,0
2020-02-01 05:00:00,0,0,0
2020-02-01 06:00:00,3,2,1
2020-02-01 07:00:00,7,4,3
2020-02-01 08:00:00,39,21,18
2019-09-01 00:00:00,0,0,0
2019-09-01 01:00:00,0,0,0
2019-09-01 02:00:00,0,0,0
2019-09-01 03:00:00,0,0,0
2019-09-01 04:00:00,0,0,0
2019-09-01 05:00:00,3,1,2
2019-09-01 06:00:00,9,7,2
2019-09-01 07:00:00,31,13,18
2019-09-01 08:00:00,49,26,23
2019-09-01 09:00:00,57,35,22
2019-09-01 10:00:00,75,39,36
2019-09-01 11:00:00,73,35,38
2019-09-01 12:00:00,67,34,33
2019-09-01 13:00:00,31,9,22
2019-09-01 14:00:00,38,22,16
2019-09-01 15:00:00,40,20,20
2019-09-01 16:00:00,30,17,13
2019-09-01 17:00:00,19,8,11
2019-09-01 18:00:00,29,15,14
2019-09-01 19:00:00,24,11,13
2019-09-01 20:00:00,8,3,5
2019-09-01 21:00:00,2,1,1
2019-09-01 22:00:00,0,0,0
2019-09-01 23:00:00,0,0,0
2019-09-02 00:00:00,2,1,1
2019-09-02 01:00:00,0,0,0
2019-09-02 02:00:00,0,0,0
2019-09-02 03:00:00,0,0,0
2019-09-02 04:00:00,0,0,0
2019-09-02 05:00:00,2,1,1
2019-09-02 06:00:00,6,3,3
2019-09-02 07:00:00,22,14,8
2019-09-02 08:00:00,39,23,16
2019-09-02 09:00:00,68,32,36
2019-09-02 10:00:00,60,28,32
2019-09-02 11:00:00,48,26,22
2019-09-02 12:00:00,58,33,25
2019-09-02 13:00:00,47,18,29
2019-09-02 14:00:00,52,21,31
2019-09-02 15:00:00,42,20,22
2019-09-02 16:00:00,39,21,18
2019-09-02 17:00:00,48,23,25
2019-09-02 18:00:00,31,14,17
2019-09-02 19:00:00,19,9,10
2019-09-02 20:00:00,18,6,12
2019-09-02 21:00:00,2,1,1
2019-09-02 22:00:00,1,1,0
2019-09-02 23:00:00,2,1,1
2019-09-03 00:00:00,0,0,0
2019-09-03 01:00:00,0,0,0
2019-09-03 02:00:00,0,0,0
2019-09-03 03:00:00,0,0,0
2019-09-03 04:00:00,0,0,0
2019-09-03 05:00:00,4,3,1
2019-09-03 06:00:00,15,7,8
2019-09-03 07:00:00,31,12,19
2019-09-03 08:00:00,47,18,29
2019-09-03 09:00:00,32,14,18
2019-09-03 10:00:00,38,13,25
2019-09-03 11:00:00,28,12,16
2019-09-03 12:00:00,23,15,8
2019-09-03 13:00:00,24,10,14
2019-09-03 14:00:00,15,7,8
2019-09-03 15:00:00,19,12,7
2019-09-03 16:00:00,39,19,20
2019-09-03 17:00:00,31,22,9
2019-09-03 18:00:00,42,24,18
2019-09-03 19:00:00,33,16,17
2019-09-03 20:00:00,9,3,6
2019-09-03 21:00:00,2,1,1
2019-09-03 22:00:00,2,1,1
2019-09-03 23:00:00,0,0,0
2019-09-04 00:00:00,0,0,0
2019-09-04 01:00:00,0,0,0
2019-09-04 02:00:00,0,0,0
2019-09-04 03:00:00,0,0,0
2019-09-04 04:00:00,0,0,0
2019-09-04 05:00:00,3,2,1
2019-09-04 06:00:00,25,11,14
2019-09-04 07:00:00,36,19,17
2019-09-04 08:00:00,35,13,22
2019-09-04 09:00:00,47,20,27
2019-09-04 10:00:00,25,9,16
2019-09-04 11:00:00,20,9,11
2019-09-04 12:00:00,28,18,10
2019-09-04 13:00:00,22,11,11
2019-09-04 14:00:00,26,11,15
2019-09-04 15:00:00,11,4,7
2019-09-04 16:00:00,34,21,13
2019-09-04 17:00:00,27,13,14
2019-09-04 18:00:00,48,22,26
2019-09-04 19:00:00,39,17,22
2019-09-04 20:00:00,13,6,7
2019-09-04 21:00:00,4,1,3
2019-09-04 22:00:00,2,1,1
2019-09-04 23:00:00,3,2,1
2019-09-05 00:00:00,1,0,1
2019-09-05 01:00:00,0,0,0
2019-09-05 02:00:00,0,0,0
2019-09-05 03:00:00,0,0,0
2019-09-05 04:00:00,0,0,0
2019-09-05 05:00:00,4,1,3
2019-09-05 06:00:00,20,11,9
2019-09-05 07:00:00,35,16,19
2019-09-05 08:00:00,41,18,23
2019-09-05 09:00:00,31,14,17
2019-09-05 10:00:00,31,15,16
2019-09-05 11:00:00,22,11,11
2019-09-05 12:00:00,27,16,11
2019-09-05 13:00:00,33,9,24
2019-09-05 14:00:00,19,11,8
2019-09-05 15:00:00,12,4,8
2019-09-05 16:00:00,31,17,14
2019-09-05 17:00:00,37,20,17
2019-09-05 18:00:00,39,24,15
2019-09-05 19:00:00,21,13,8
2019-09-05 20:00:00,6,1,5
2019-09-05 21:00:00,2,1,1
2019-09-05 22:00:00,3,2,1
2019-09-05 23:00:00,0,0,0
2019-09-06 00:00:00,0,0,0
2019-09-06 01:00:00,2,1,1
2019-09-06 02:00:00,0,0,0
2019-09-06 03:00:00,0,0,0
2019-09-06 04:00:00,2,1,1
2019-09-06 05:00:00,5,3,2
2019-09-06 06:00:00,15,6,9
2019-09-06 07:00:00,23,10,13
2019-09-06 08:00:00,54,26,28
2019-09-06 09:00:00,44,17,27
2019-09-06 10:00:00,37,18,19
2019-09-06 11:00:00,23,16,7
2019-09-06 12:00:00,22,7,15
2019-09-06 13:00:00,28,14,14
2019-09-06 14:00:00,20,9,11
2019-09-06 15:00:00,14,5,9
2019-09-06 16:00:00,23,13,10
2019-09-06 17:00:00,28,16,12
2019-09-06 18:00:00,41,20,21
2019-09-06 19:00:00,39,22,17
2019-09-06 20:00:00,5,3,2
2019-09-06 21:00:00,0,0,0
2019-09-06 22:00:00,0,0,0
2019-09-06 23:00:00,1,1,0
2019-09-07 00:00:00,0,0,0
2019-09-07 01:00:00,0,0,0
2019-09-07 02:00:00,0,0,0
2019-09-07 03:00:00,1,1,0
2019-09-07 04:00:00,0,0,0
2019-09-07 05:00:00,1,0,1
2019-09-07 06:00:00,4,2,2
2019-09-07 07:00:00,43,27,16
2019-09-07 08:00:00,37,17,20
2019-09-07 09:00:00,67,30,37
2019-09-07 10:00:00,117,61,56
2019-09-07 11:00:00,72,34,38
2019-09-07 12:00:00,43,18,25
2019-09-07 13:00:00,57,26,31
2019-09-07 14:00:00,32,17,15
2019-09-07 15:00:00,27,12,15
2019-09-07 16:00:00,30,17,13
2019-09-07 17:00:00,40,17,23
2019-09-07 18:00:00,17,7,10
2019-09-07 19:00:00,8,3,5
2019-09-07 20:00:00,2,1,1
2019-09-07 21:00:00,0,0,0
2019-09-07 22:00:00,1,1,0
2019-09-07 23:00:00,0,0,0
2019-09-08 00:00:00,0,0,0
2019-09-08 01:00:00,0,0,0
2019-09-08 02:00:00,0,0,0
2019-09-08 03:00:00,0,0,0
2019-09-08 04:00:00,0,0,0
2019-09-08 05:00:00,2,1,1
2019-09-08 06:00:00,7,4,3
2019-09-08 07:00:00,9,5,4
2019-09-08 08:00:00,32,16,16
2019-09-08 09:00:00,54,30,24
2019-09-08 10:00:00,39,18,21
2019-09-08 11:00:00,48,25,23
2019-09-08 12:00:00,38,20,18
2019-09-08 13:00:00,25,12,13
2019-09-08 14:00:00,18,10,8
2019-09-08 15:00:00,6,3,3
2019-09-08 16:00:00,20,11,9
2019-09-08 17:00:00,33,20,13
2019-09-08 18:00:00,24,11,13
2019-09-08 19:00:00,12,3,9
2019-09-08 20:00:00,3,1,2
2019-09-08 21:00:00,1,1,0
2019-09-08 22:00:00,2,2,0
2019-09-08 23:00:00,1,0,1
2019-09-09 00:00:00,0,0,0
2019-09-09 01:00:00,0,0,0
2019-09-09 02:00:00,0,0,0
2019-09-09 03:00:00,0,0,0
2019-09-09 04:00:00,0,0,0
2019-09-09 05:00:00,2,1,1
2019-09-09 06:00:00,15,8,7
2019-09-09 07:00:00,19,6,13
2019-09-09 08:00:00,27,13,14
2019-09-09 09:00:00,75,40,35
2019-09-09 10:00:00,26,16,10
2019-09-09 11:00:00,13,7,6
2019-09-09 12:00:00,14,9,5
2019-09-09 13:00:00,8,4,4
2019-09-09 14:00:00,7,5,2
2019-09-09 15:00:00,13,5,8
2019-09-09 16:00:00,20,11,9
2019-09-09 17:00:00,23,14,9
2019-09-09 18:00:00,25,13,12
2019-09-09 19:00:00,11,4,7
2019-09-09 20:00:00,0,0,0
2019-09-09 21:00:00,2,0,2
2019-09-09 22:00:00,2,1,1
2019-09-09 23:00:00,0,0,0
2019-09-10 00:00:00,0,0,0
2019-09-10 01:00:00,0,0,0
2019-09-10 02:00:00,0,0,0
2019-09-10 03:00:00,0,0,0
2019-09-10 04:00:00,0,0,0
2019-09-10 05:00:00,0,0,0
2019-09-10 06:00:00,9,4,5
2019-09-10 07:00:00,3,1,2
2019-09-10 08:00:00,5,2,3
2019-09-10 09:00:00,5,1,4
2019-09-10 10:00:00,7,1,6
2019-09-10 11:00:00,6,2,4
2019-09-10 12:00:00,14,8,6
2019-09-10 13:00:00,4,2,2
2019-09-10 14:00:00,1,1,0
2019-09-10 15:00:00,4,1,3
2019-09-10 16:00:00,13,8,5
2019-09-10 17:00:00,1,1,0
2019-09-10 18:00:00,0,0,0
2019-09-10 19:00:00,0,0,0
2019-09-10 20:00:00,5,1,4
2019-09-10 21:00:00,3,2,1
2019-09-10 22:00:00,4,2,2
2019-09-10 23:00:00,0,0,0
2019-09-11 00:00:00,0,0,0
2019-09-11 01:00:00,0,0,0
2019-09-11 02:00:00,0,0,0
2019-09-11 03:00:00,0,0,0
2019-09-11 04:00:00,0,0,0
2019-09-11 05:00:00,3,3,0
2019-09-11 06:00:00,17,9,8
2019-09-11 07:00:00,16,4,12
2019-09-11 08:00:00,15,7,8
2019-09-11 09:00:00,19,10,9
2019-09-11 10:00:00,20,7,13
2019-09-11 11:00:00,30,13,17
2019-09-11 12:00:00,24,13,11
2019-09-11 13:00:00,20,10,10
2019-09-11 14:00:00,2,1,1
2019-09-11 15:00:00,2,0,2
2019-09-11 16:00:00,25,13,12
2019-09-11 17:00:00,29,17,12
2019-09-11 18:00:00,33,19,14
2019-09-11 19:00:00,30,13,17
2019-09-11 20:00:00,9,3,6
2019-09-11 21:00:00,2,1,1
2019-09-11 22:00:00,2,2,0
2019-09-11 23:00:00,0,0,0
2019-09-12 00:00:00,0,0,0
2019-09-12 01:00:00,0,0,0
2019-09-12 02:00:00,0,0,0
2019-09-12 03:00:00,1,1,0
2019-09-12 04:00:00,0,0,0
2019-09-12 05:00:00,1,1,0
2019-09-12 06:00:00,12,4,8
2019-09-12 07:00:00,15,7,8
2019-09-12 08:00:00,25,17,8
2019-09-12 09:00:00,20,12,8
2019-09-12 10:00:00,14,8,6
2019-09-12 11:00:00,21,8,13
2019-09-12 12:00:00,23,13,10
2019-09-12 13:00:00,36,16,20
2019-09-12 14:00:00,19,11,8
2019-09-12 15:00:00,18,11,7
2019-09-12 16:00:00,10,8,2
2019-09-12 17:00:00,14,8,6
2019-09-12 18:00:00,10,4,6
2019-09-12 19:00:00,14,4,10
2019-09-12 20:00:00,1,0,1
2019-09-12 21:00:00,8,4,4
2019-09-12 22:00:00,2,1,1
2019-09-12 23:00:00,2,1,1
2019-09-13 00:00:00,0,0,0
2019-09-13 01:00:00,0,0,0
2019-09-13 02:00:00,0,0,0
2019-09-13 03:00:00,2,1,1
2019-09-13 04:00:00,1,1,0
2019-09-13 05:00:00,1,1,0
2019-09-13 06:00:00,4,1,3
2019-09-13 07:00:00,26,15,11
2019-09-13 08:00:00,33,14,19
2019-09-13 09:00:00,36,17,19
2019-09-13 10:00:00,17,12,5
2019-09-13 11:00:00,23,12,11
2019-09-13 12:00:00,14,7,7
2019-09-13 13:00:00,18,10,8
2019-09-13 14:00:00,18,11,7
2019-09-13 15:00:00,14,7,7
2019-09-13 16:00:00,20,16,4
2019-09-13 17:00:00,29,17,12
2019-09-13 18:00:00,30,14,16
2019-09-13 19:00:00,12,6,6
2019-09-13 20:00:00,3,1,2
2019-09-13 21:00:00,2,1,1
2019-09-13 22:00:00,4,2,2
2019-09-13 23:00:00,3,1,2
2019-09-14 00:00:00,0,0,0
2019-09-14 01:00:00,4,2,2
2019-09-14 02:00:00,0,0,0
2019-09-14 03:00:00,0,0,0
2019-09-14 04:00:00,0,0,0
2019-09-14 05:00:00,2,2,0
2019-09-14 06:00:00,8,2,6
2019-09-14 07:00:00,21,13,8
2019-09-14 08:00:00,34,17,17
2019-09-14 09:00:00,43,27,16
2019-09-14 10:00:00,55,29,26
2019-09-14 11:00:00,54,19,35
2019-09-14 12:00:00,42,20,22
2019-09-14 13:00:00,40,21,19
2019-09-14 14:00:00,33,20,13
2019-09-14 15:00:00,32,18,14
2019-09-14 16:00:00,17,9,8
2019-09-14 17:00:00,11,6,5
2019-09-14 18:00:00,8,6,2
2019-09-14 19:00:00,5,1,4
2019-09-14 20:00:00,3,2,1
2019-09-14 21:00:00,0,0,0
2019-09-14 22:00:00,1,1,0
2019-09-14 23:00:00,1,0,1
2019-09-15 00:00:00,0,0,0
2019-09-15 01:00:00,0,0,0
2019-09-15 02:00:00,0,0,0
2019-09-15 03:00:00,0,0,0
2019-09-15 04:00:00,4,2,2
2019-09-15 05:00:00,0,0,0
2019-09-15 06:00:00,3,1,2
2019-09-15 07:00:00,6,4,2
2019-09-15 08:00:00,24,10,14
2019-09-15 09:00:00,64,30,34
2019-09-15 10:00:00,41,18,23
2019-09-15 11:00:00,31,16,15
2019-09-15 12:00:00,28,13,15
2019-09-15 13:00:00,27,18,9
2019-09-15 14:00:00,43,18,25
2019-09-15 15:00:00,27,14,13
2019-09-15 16:00:00,37,19,18
2019-09-15 17:00:00,38,19,19
2019-09-15 18:00:00,22,13,9
2019-09-15 19:00:00,16,5,11
2019-09-15 20:00:00,1,1,0
2019-09-15 21:00:00,0,0,0
2019-09-15 22:00:00,2,1,1
2019-09-15 23:00:00,0,0,0
2019-09-16 00:00:00,0,0,0
2019-09-16 01:00:00,0,0,0
2019-09-16 02:00:00,0,0,0
2019-09-16 03:00:00,3,2,1
2019-09-16 04:00:00,0,0,0
2019-09-16 05:00:00,3,1,2
2019-09-16 06:00:00,14,6,8
2019-09-16 07:00:00,10,2,8
2019-09-16 08:00:00,10,4,6
2019-09-16 09:00:00,14,6,8
2019-09-16 10:00:00,8,3,5
2019-09-16 11:00:00,26,12,14
2019-09-16 12:00:00,28,13,15
2019-09-16 13:00:00,16,7,9
2019-09-16 14:00:00,4,1,3
2019-09-16 15:00:00,12,5,7
2019-09-16 16:00:00,30,16,14
2019-09-16 17:00:00,18,10,8
2019-09-16 18:00:00,15,7,8
2019-09-16 19:00:00,6,2,4
2019-09-16 20:00:00,2,2,0
2019-09-16 21:00:00,1,0,1
2019-09-16 22:00:00,0,0,0
2019-09-16 23:00:00,0,0,0
2019-09-17 00:00:00,1,1,0
2019-09-17 01:00:00,0,0,0
2019-09-17 02:00:00,0,0,0
2019-09-17 03:00:00,0,0,0
2019-09-17 04:00:00,2,1,1
2019-09-17 05:00:00,1,0,1
2019-09-17 06:00:00,9,3,6
2019-09-17 07:00:00,17,8,9
2019-09-17 08:00:00,21,10,11
2019-09-17 09:00:00,18,5,13
2019-09-17 10:00:00,13,8,5
2019-09-17 11:00:00,11,7,4
2019-09-17 12:00:00,29,14,15
2019-09-17 13:00:00,15,4,11
2019-09-17 14:00:00,16,13,3
2019-09-17 15:00:00,7,3,4
2019-09-17 16:00:00,21,10,11
2019-09-17 17:00:00,16,10,6
2019-09-17 18:00:00,26,14,12
2019-09-17 19:00:00,17,10,7
2019-09-17 20:00:00,2,1,1
2019-09-17 21:00:00,1,0,1
2019-09-17 22:00:00,0,0,0
2019-09-17 23:00:00,0,0,0
2019-09-18 00:00:00,0,0,0
2019-09-18 01:00:00,0,0,0
2019-09-18 02:00:00,0,0,0
2019-09-18 03:00:00,0,0,0
2019-09-18 04:00:00,0,0,0
2019-09-18 05:00:00,1,0,1
2019-09-18 06:00:00,29,16,13
2019-09-18 07:00:00,24,13,11
2019-09-18 08:00:00,41,20,21
2019-09-18 09:00:00,37,20,17
2019-09-18 10:00:00,22,10,12
2019-09-18 11:00:00,22,11,11
2019-09-18 12:00:00,27,12,15
2019-09-18 13:00:00,34,17,17
2019-09-18 14:00:00,33,13,20
2019-09-18 15:00:00,30,17,13
2019-09-18 16:00:00,41,21,20
2019-09-18 17:00:00,47,23,24
2019-09-18 18:00:00,51,24,27
2019-09-18 19:00:00,29,15,14
2019-09-18 20:00:00,3,2,1
2019-09-18 21:00:00,0,0,0
2019-09-18 22:00:00,4,2,2
2019-09-18 23:00:00,0,0,0
2019-09-19 00:00:00,0,0,0
2019-09-19 01:00:00,2,1,1
2019-09-19 02:00:00,0,0,0
2019-09-19 03:00:00,0,0,0
2019-09-19 04:00:00,0,0,0
2019-09-19 05:00:00,4,3,1
2019-09-19 06:00:00,9,4,5
2019-09-19 07:00:00,26,8,18
2019-09-19 08:00:00,31,13,18
2019-09-19 09:00:00,39,17,22
2019-09-19 10:00:00,35,15,20
2019-09-19 11:00:00,15,10,5
2019-09-19 12:00:00,27,13,14
2019-09-19 13:00:00,18,9,9
2019-09-19 14:00:00,19,11,8
2019-09-19 15:00:00,25,9,16
2019-09-19 16:00:00,32,18,14
2019-09-19 17:00:00,34,21,13
2019-09-19 18:00:00,51,22,29
2019-09-19 19:00:00,21,9,12
2019-09-19 20:00:00,3,2,1
2019-09-19 21:00:00,4,1,3
2019-09-19 22:00:00,3,2,1
2019-09-19 23:00:00,0,0,0
2019-09-20 00:00:00,1,0,1
2019-09-20 01:00:00,0,0,0
2019-09-20 02:00:00,0,0,0
2019-09-20 03:00:00,0,0,0
2019-09-20 04:00:00,0,0,0
2019-09-20 05:00:00,2,1,1
2019-09-20 06:00:00,13,6,7
2019-09-20 07:00:00,34,14,20
2019-09-20 08:00:00,46,21,25
2019-09-20 09:00:00,28,10,18
2019-09-20 10:00:00,19,11,8
2019-09-20 11:00:00,26,16,10
2019-09-20 12:00:00,31,15,16
2019-09-20 13:00:00,16,9,7
2019-09-20 14:00:00,26,15,11
2019-09-20 15:00:00,25,12,13
2019-09-20 16:00:00,31,18,13
2019-09-20 17:00:00,31,13,18
2019-09-20 18:00:00,30,11,19
2019-09-20 19:00:00,12,6,6
2019-09-20 20:00:00,3,2,1
2019-09-20 21:00:00,1,0,1
2019-09-20 22:00:00,1,1,0
2019-09-20 23:00:00,2,1,1
2019-09-21 00:00:00,0,0,0
2019-09-21 01:00:00,2,0,2
2019-09-21 02:00:00,0,0,0
2019-09-21 03:00:00,0,0,0
2019-09-21 04:00:00,1,1,0
2019-09-21 05:00:00,2,1,1
2019-09-21 06:00:00,4,3,1
2019-09-21 07:00:00,24,14,10
2019-09-21 08:00:00,40,19,21
2019-09-21 09:00:00,77,36,41
2019-09-21 10:00:00,71,31,40
2019-09-21 11:00:00,69,33,36
2019-09-21 12:00:00,43,18,25
2019-09-21 13:00:00,49,23,26
2019-09-21 14:00:00,40,20,20
2019-09-21 15:00:00,32,14,18
2019-09-21 16:00:00,31,15,16
2019-09-21 17:00:00,29,11,18
2019-09-21 18:00:00,26,12,14
2019-09-21 19:00:00,13,7,6
2019-09-21 20:00:00,7,3,4
2019-09-21 21:00:00,7,3,4
2019-09-21 22:00:00,0,0,0
2019-09-21 23:00:00,0,0,0
2019-09-22 00:00:00,0,0,0
2019-09-22 01:00:00,0,0,0
2019-09-22 02:00:00,0,0,0
2019-09-22 03:00:00,0,0,0
2019-09-22 04:00:00,0,0,0
2019-09-22 05:00:00,0,0,0
2019-09-22 06:00:00,4,3,1
2019-09-22 07:00:00,18,12,6
2019-09-22 08:00:00,40,17,23
2019-09-22 09:00:00,43,22,21
2019-09-22 10:00:00,58,32,26
2019-09-22 11:00:00,28,12,16
2019-09-22 12:00:00,33,16,17
2019-09-22 13:00:00,27,13,14
2019-09-22 14:00:00,24,13,11
2019-09-22 15:00:00,24,10,14
2019-09-22 16:00:00,27,14,13
2019-09-22 17:00:00,37,21,16
2019-09-22 18:00:00,29,14,15
2019-09-22 19:00:00,10,4,6
2019-09-22 20:00:00,3,1,2
2019-09-22 21:00:00,0,0,0
2019-09-22 22:00:00,5,3,2
2019-09-22 23:00:00,1,0,1
2019-09-23 00:00:00,0,0,0
2019-09-23 01:00:00,0,0,0
2019-09-23 02:00:00,0,0,0
2019-09-23 03:00:00,0,0,0
2019-09-23 04:00:00,0,0,0
2019-09-23 05:00:00,3,2,1
2019-09-23 06:00:00,9,3,6
2019-09-23 07:00:00,18,8,10
2019-09-23 08:00:00,35,13,22
2019-09-23 09:00:00,29,10,19
2019-09-23 10:00:00,29,14,15
2019-09-23 11:00:00,24,12,12
2019-09-23 12:00:00,21,6,15
2019-09-23 13:00:00,20,11,9
2019-09-23 14:00:00,13,7,6
2019-09-23 15:00:00,12,8,4
2019-09-23 16:00:00,37,15,22
2019-09-23 17:00:00,54,27,27
2019-09-23 18:00:00,38,18,20
2019-09-23 19:00:00,4,1,3
2019-09-23 20:00:00,1,0,1
2019-09-23 21:00:00,0,0,0
2019-09-23 22:00:00,0,0,0
2019-09-23 23:00:00,0,0,0
2019-09-24 00:00:00,2,1,1
2019-09-24 01:00:00,0,0,0
2019-09-24 02:00:00,0,0,0
2019-09-24 03:00:00,0,0,0
2019-09-24 04:00:00,1,1,0
2019-09-24 05:00:00,3,0,3
2019-09-24 06:00:00,6,4,2
2019-09-24 07:00:00,17,5,12
2019-09-24 08:00:00,30,10,20
2019-09-24 09:00:00,42,22,20
2019-09-24 10:00:00,22,7,15
2019-09-24 11:00:00,30,16,14
2019-09-24 12:00:00,21,12,9
2019-09-24 13:00:00,25,7,18
2019-09-24 14:00:00,26,14,12
2019-09-24 15:00:00,27,16,11
2019-09-24 16:00:00,65,37,28
2019-09-24 17:00:00,56,25,31
2019-09-24 18:00:00,33,18,15
2019-09-24 19:00:00,24,9,15
2019-09-24 20:00:00,3,0,3
2019-09-24 21:00:00,1,1,0
2019-09-24 22:00:00,1,0,1
2019-09-24 23:00:00,1,1,0
2019-09-25 00:00:00,0,0,0
2019-09-25 01:00:00,1,1,0
2019-09-25 02:00:00,0,0,0
2019-09-25 03:00:00,0,0,0
2019-09-25 04:00:00,0,0,0
2019-09-25 05:00:00,1,0,1
2019-09-25 06:00:00,26,14,12
2019-09-25 07:00:00,28,13,15
2019-09-25 08:00:00,47,22,25
2019-09-25 09:00:00,36,11,25
2019-09-25 10:00:00,34,17,17
2019-09-25 11:00:00,24,14,10
2019-09-25 12:00:00,29,11,18
2019-09-25 13:00:00,27,19,8
2019-09-25 14:00:00,27,16,11
2019-09-25 15:00:00,27,15,12
2019-09-25 16:00:00,32,22,10
2019-09-25 17:00:00,52,25,27
2019-09-25 18:00:00,53,28,25
2019-09-25 19:00:00,22,13,9
2019-09-25 20:00:00,5,1,4
2019-09-25 21:00:00,1,1,0
2019-09-25 22:00:00,1,0,1
2019-09-25 23:00:00,2,1,1
2019-09-26 00:00:00,0,0,0
2019-09-26 01:00:00,0,0,0
2019-09-26 02:00:00,0,0,0
2019-09-26 03:00:00,0,0,0
2019-09-26 04:00:00,0,0,0
2019-09-26 05:00:00,7,3,4
2019-09-26 06:00:00,15,5,10
2019-09-26 07:00:00,17,5,12
2019-09-26 08:00:00,24,11,13
2019-09-26 09:00:00,28,16,12
2019-09-26 10:00:00,19,9,10
2019-09-26 11:00:00,43,21,22
2019-09-26 12:00:00,38,17,21
2019-09-26 13:00:00,23,10,13
2019-09-26 14:00:00,16,9,7
2019-09-26 15:00:00,20,10,10
2019-09-26 16:00:00,29,15,14
2019-09-26 17:00:00,45,25,20
2019-09-26 18:00:00,30,12,18
2019-09-26 19:00:00,12,7,5
2019-09-26 20:00:00,2,1,1
2019-09-26 21:00:00,2,0,2
2019-09-26 22:00:00,0,0,0
2019-09-26 23:00:00,0,0,0
2019-09-27 00:00:00,0,0,0
2019-09-27 01:00:00,0,0,0
2019-09-27 02:00:00,3,2,1
2019-09-27 03:00:00,0,0,0
2019-09-27 04:00:00,0,0,0
2019-09-27 05:00:00,9,5,4
2019-09-27 06:00:00,11,3,8
2019-09-27 07:00:00,14,5,9
2019-09-27 08:00:00,43,17,26
2019-09-27 09:00:00,41,23,18
2019-09-27 10:00:00,38,11,27
2019-09-27 11:00:00,18,11,7
2019-09-27 12:00:00,20,9,11
2019-09-27 13:00:00,34,18,16
2019-09-27 14:00:00,41,22,19
2019-09-27 15:00:00,21,11,10
2019-09-27 16:00:00,26,16,10
2019-09-27 17:00:00,24,11,13
2019-09-27 18:00:00,18,10,8
2019-09-27 19:00:00,10,5,5
2019-09-27 20:00:00,0,0,0
2019-09-27 21:00:00,0,0,0
2019-09-27 22:00:00,0,0,0
2019-09-27 23:00:00,0,0,0
2019-09-28 00:00:00,0,0,0
2019-09-28 01:00:00,0,0,0
2019-09-28 02:00:00,0,0,0
2019-09-28 03:00:00,1,0,1
2019-09-28 04:00:00,0,0,0
2019-09-28 05:00:00,1,1,0
2019-09-28 06:00:00,6,3,3
2019-09-28 07:00:00,20,11,9
2019-09-28 08:00:00,38,17,21
2019-09-28 09:00:00,55,30,25
2019-09-28 10:00:00,56,24,32
2019-09-28 11:00:00,47,26,21
2019-09-28 12:00:00,31,10,21
2019-09-28 13:00:00,38,24,14
2019-09-28 14:00:00,33,17,16
2019-09-28 15:00:00,25,12,13
2019-09-28 16:00:00,54,26,28
2019-09-28 17:00:00,58,29,29
2019-09-28 18:00:00,39,16,23
2019-09-28 19:00:00,10,4,6
2019-09-28 20:00:00,4,3,1
2019-09-28 21:00:00,14,6,8
2019-09-28 22:00:00,1,1,0
2019-09-28 23:00:00,0,0,0
2019-09-29 00:00:00,0,0,0
2019-09-29 01:00:00,0,0,0
2019-09-29 02:00:00,0,0,0
2019-09-29 03:00:00,0,0,0
2019-09-29 04:00:00,0,0,0
2019-09-29 05:00:00,2,1,1
2019-09-29 06:00:00,3,2,1
2019-09-29 07:00:00,21,12,9
2019-09-29 08:00:00,46,26,20
2019-09-29 09:00:00,65,32,33
2019-09-29 10:00:00,63,26,37
2019-09-29 11:00:00,48,23,25
2019-09-29 12:00:00,54,26,28
2019-09-29 13:00:00,48,28,20
2019-09-29 14:00:00,40,16,24
2019-09-29 15:00:00,33,19,14
2019-09-29 16:00:00,52,26,26
2019-09-29 17:00:00,42,16,26
2019-09-29 18:00:00,30,11,19
2019-09-29 19:00:00,12,3,9
2019-09-29 20:00:00,2,0,2
2019-09-29 21:00:00,0,0,0
2019-09-29 22:00:00,2,1,1
2019-09-29 23:00:00,1,1,0
2019-09-30 00:00:00,0,0,0
2019-09-30 01:00:00,0,0,0
2019-09-30 02:00:00,0,0,0
2019-09-30 03:00:00,0,0,0
2019-09-30 04:00:00,0,0,0
2019-09-30 05:00:00,6,2,4
2019-09-30 06:00:00,14,7,7
2019-09-30 07:00:00,20,10,10
2019-09-30 08:00:00,44,21,23
2019-09-30 09:00:00,27,13,14
2019-09-30 10:00:00,28,16,12
2019-09-30 11:00:00,28,14,14
2019-09-30 12:00:00,46,18,28
2019-09-30 13:00:00,24,13,11
2019-09-30 14:00:00,30,16,14
2019-09-30 15:00:00,24,11,13
2019-09-30 16:00:00,47,22,25
2019-09-30 17:00:00,46,26,20
2019-09-30 18:00:00,50,23,27
2019-09-30 19:00:00,11,5,6
2019-09-30 20:00:00,1,0,1
2019-09-30 21:00:00,5,3,2
2019-09-30 22:00:00,1,1,0
2019-09-30 23:00:00,0,0,0
2020-02-01 09:00:00,65,36,29
2020-02-01 10:00:00,80,32,48
2020-02-01 11:00:00,60,31,29
2020-02-01 12:00:00,55,23,32
2020-02-01 13:00:00,43,21,22
2020-02-01 14:00:00,42,20,22
2020-02-01 15:00:00,28,14,14
2020-02-01 16:00:00,24,10,14
2020-02-01 17:00:00,18,9,9
2020-02-01 18:00:00,3,2,1
2020-02-01 19:00:00,2,1,1
2020-02-01 20:00:00,5,2,3
2020-02-01 21:00:00,0,0,0
2020-02-01 22:00:00,0,0,0
2020-02-01 23:00:00,0,0,0
2020-02-02 00:00:00,1,1,0
2020-02-02 01:00:00,1,0,1
2020-02-02 02:00:00,0,0,0
2020-02-02 03:00:00,1,0,1
2020-02-02 04:00:00,0,0,0
2020-02-02 05:00:00,1,1,0
2020-02-02 06:00:00,5,3,2
2020-02-02 07:00:00,25,18,7
2020-02-02 08:00:00,52,25,27
2020-02-02 09:00:00,73,38,35
2020-02-02 10:00:00,57,23,34
2020-02-02 11:00:00,51,28,23
2020-02-02 12:00:00,52,26,26
2020-02-02 13:00:00,54,28,26
2020-02-02 14:00:00,62,28,34
2020-02-02 15:00:00,35,14,21
2020-02-02 16:00:00,34,23,11
2020-02-02 17:00:00,10,1,9
2020-02-02 18:00:00,3,1,2
2020-02-02 19:00:00,2,1,1
2020-02-02 20:00:00,5,2,3
2020-02-02 21:00:00,0,0,0
2020-02-02 22:00:00,0,0,0
2020-02-02 23:00:00,0,0,0
2020-02-03 00:00:00,1,1,0
2020-02-03 01:00:00,1,0,1
2019-10-01 00:00:00,1,1,0
2019-10-01 01:00:00,0,0,0
2019-10-01 02:00:00,0,0,0
2019-10-01 03:00:00,0,0,0
2019-10-01 04:00:00,2,1,1
2019-10-01 05:00:00,3,2,1
2019-10-01 06:00:00,7,2,5
2019-10-01 07:00:00,18,9,9
2019-10-01 08:00:00,23,9,14
2019-10-01 09:00:00,28,14,14
2019-10-01 10:00:00,20,9,11
2019-10-01 11:00:00,49,27,22
2019-10-01 12:00:00,25,11,14
2019-10-01 13:00:00,25,13,12
2019-10-01 14:00:00,34,16,18
2019-10-01 15:00:00,22,9,13
2019-10-01 16:00:00,29,18,11
2019-10-01 17:00:00,47,26,21
2019-10-01 18:00:00,58,26,32
2019-10-01 19:00:00,10,5,5
2019-10-01 20:00:00,5,3,2
2019-10-01 21:00:00,0,0,0
2019-10-01 22:00:00,3,2,1
2019-10-01 23:00:00,0,0,0
2019-10-02 00:00:00,0,0,0
2019-10-02 01:00:00,0,0,0
2019-10-02 02:00:00,0,0,0
2019-10-02 03:00:00,0,0,0
2019-10-02 04:00:00,0,0,0
2019-10-02 05:00:00,1,1,0
2019-10-02 06:00:00,20,10,10
2019-10-02 07:00:00,12,5,7
2019-10-02 08:00:00,34,17,17
2019-10-02 09:00:00,40,23,17
2019-10-02 10:00:00,22,8,14
2019-10-02 11:00:00,23,7,16
2019-10-02 12:00:00,26,14,12
2019-10-02 13:00:00,23,8,15
2019-10-02 14:00:00,19,13,6
2019-10-02 15:00:00,23,12,11
2019-10-02 16:00:00,41,24,17
2019-10-02 17:00:00,37,18,19
2019-10-02 18:00:00,39,18,21
2019-10-02 19:00:00,14,8,6
2019-10-02 20:00:00,1,0,1
2019-10-02 21:00:00,1,0,1
2019-10-02 22:00:00,0,0,0
2019-10-02 23:00:00,2,1,1
2019-10-03 00:00:00,0,0,0
2019-10-03 01:00:00,0,0,0
2019-10-03 02:00:00,0,0,0
2019-10-03 03:00:00,0,0,0
2019-10-03 04:00:00,1,1,0
2019-10-03 05:00:00,3,2,1
2019-10-03 06:00:00,11,1,10
2019-10-03 07:00:00,18,6,12
2019-10-03 08:00:00,34,14,20
2019-10-03 09:00:00,25,14,11
2019-10-03 10:00:00,23,11,12
2019-10-03 11:00:00,18,9,9
2019-10-03 12:00:00,25,10,15
2019-10-03 13:00:00,25,11,14
2019-10-03 14:00:00,16,5,11
2019-10-03 15:00:00,8,4,4
2019-10-03 16:00:00,33,21,12
2019-10-03 17:00:00,36,18,18
2019-10-03 18:00:00,39,19,20
2019-10-03 19:00:00,7,4,3
2019-10-03 20:00:00,0,0,0
2019-10-03 21:00:00,4,2,2
2019-10-03 22:00:00,3,2,1
2019-10-03 23:00:00,0,0,0
2019-10-04 00:00:00,0,0,0
2019-10-04 01:00:00,2,1,1
2019-10-04 02:00:00,0,0,0
2019-10-04 03:00:00,0,0,0
2019-10-04 04:00:00,1,0,1
2019-10-04 05:00:00,1,0,1
2019-10-04 06:00:00,8,3,5
2019-10-04 07:00:00,16,9,7
2019-10-04 08:00:00,31,17,14
2019-10-04 09:00:00,40,17,23
2019-10-04 10:00:00,28,14,14
2019-10-04 11:00:00,25,14,11
2019-10-04 12:00:00,27,10,17
2019-10-04 13:00:00,16,10,6
2019-10-04 14:00:00,28,10,18
2019-10-04 15:00:00,10,6,4
2019-10-04 16:00:00,26,17,9
2019-10-04 17:00:00,39,22,17
2019-10-04 18:00:00,23,12,11
2019-10-04 19:00:00,7,3,4
2019-10-04 20:00:00,1,1,0
2019-10-04 21:00:00,1,0,1
2019-10-04 22:00:00,0,0,0
2019-10-04 23:00:00,0,0,0
2019-10-05 00:00:00,0,0,0
2019-10-05 01:00:00,0,0,0
2019-10-05 02:00:00,0,0,0
2019-10-05 03:00:00,0,0,0
2019-10-05 04:00:00,0,0,0
2019-10-05 05:00:00,0,0,0
2019-10-05 06:00:00,3,2,1
2019-10-05 07:00:00,19,10,9
2019-10-05 08:00:00,43,26,17
2019-10-05 09:00:00,55,23,32
2019-10-05 10:00:00,79,41,38
2019-10-05 11:00:00,65,27,38
2019-10-05 12:00:00,45,23,22
2019-10-05 13:00:00,55,22,33
2019-10-05 14:00:00,42,19,23
2019-10-05 15:00:00,47,24,23
2019-10-05 16:00:00,46,17,29
2019-10-05 17:00:00,29,17,12
2019-10-05 18:00:00,16,6,10
2019-10-05 19:00:00,5,3,2
2019-10-05 20:00:00,2,1,1
2019-10-05 21:00:00,0,0,0
2019-10-05 22:00:00,2,2,0
2019-10-05 23:00:00,0,0,0
2019-10-06 00:00:00,0,0,0
2019-10-06 01:00:00,1,1,0
2019-10-06 02:00:00,0,0,0
2019-10-06 03:00:00,0,0,0
2019-10-06 04:00:00,0,0,0
2019-10-06 05:00:00,1,0,1
2019-10-06 06:00:00,2,0,2
2019-10-06 07:00:00,24,15,9
2019-10-06 08:00:00,43,21,22
2019-10-06 09:00:00,47,25,22
2019-10-06 10:00:00,65,27,38
2019-10-06 11:00:00,58,24,34
2019-10-06 12:00:00,44,25,19
2019-10-06 13:00:00,46,23,23
2019-10-06 14:00:00,47,17,30
2019-10-06 15:00:00,56,26,30
2019-10-06 16:00:00,53,18,35
2019-10-06 17:00:00,46,24,22
2019-10-06 18:00:00,23,10,13
2019-10-06 19:00:00,11,4,7
2019-10-06 20:00:00,1,0,1
2019-10-06 21:00:00,3,1,2
2019-10-06 22:00:00,0,0,0
2019-10-06 23:00:00,0,0,0
2019-10-07 00:00:00,0,0,0
2019-10-07 01:00:00,0,0,0
2019-10-07 02:00:00,0,0,0
2019-10-07 03:00:00,0,0,0
2019-10-07 04:00:00,0,0,0
2019-10-07 05:00:00,2,1,1
2019-10-07 06:00:00,12,5,7
2019-10-07 07:00:00,19,8,11
2019-10-07 08:00:00,27,11,16
2019-10-07 09:00:00,27,8,19
2019-10-07 10:00:00,23,8,15
2019-10-07 11:00:00,19,10,9
2019-10-07 12:00:00,15,6,9
2019-10-07 13:00:00,16,9,7
2019-10-07 14:00:00,29,16,13
2019-10-07 15:00:00,26,15,11
2019-10-07 16:00:00,27,13,14
2019-10-07 17:00:00,30,19,11
2019-10-07 18:00:00,30,15,15
2019-10-07 19:00:00,11,7,4
2019-10-07 20:00:00,5,1,4
2019-10-07 21:00:00,4,3,1
2019-10-07 22:00:00,1,0,1
2019-10-07 23:00:00,2,1,1
2019-10-08 00:00:00,0,0,0
2019-10-08 01:00:00,0,0,0
2019-10-08 02:00:00,0,0,0
2019-10-08 03:00:00,0,0,0
2019-10-08 04:00:00,0,0,0
2019-10-08 05:00:00,3,1,2
2019-10-08 06:00:00,9,4,5
2019-10-08 07:00:00,12,7,5
2019-10-08 08:00:00,17,6,11
2019-10-08 09:00:00,26,14,12
2019-10-08 10:00:00,19,6,13
2019-10-08 11:00:00,2,1,1
2019-10-08 12:00:00,4,2,2
2019-10-08 13:00:00,18,11,7
2019-10-08 14:00:00,11,6,5
2019-10-08 15:00:00,18,10,8
2019-10-08 16:00:00,42,26,16
2019-10-08 17:00:00,27,9,18
2019-10-08 18:00:00,24,12,12
2019-10-08 19:00:00,8,4,4
2019-10-08 20:00:00,0,0,0
2019-10-08 21:00:00,2,1,1
2019-10-08 22:00:00,0,0,0
2019-10-08 23:00:00,0,0,0
2019-10-09 00:00:00,0,0,0
2019-10-09 01:00:00,0,0,0
2019-10-09 02:00:00,0,0,0
2019-10-09 03:00:00,0,0,0
2019-10-09 04:00:00,0,0,0
2019-10-09 05:00:00,3,1,2
2019-10-09 06:00:00,10,4,6
2019-10-09 07:00:00,13,5,8
2019-10-09 08:00:00,22,12,10
2019-10-09 09:00:00,41,20,21
2019-10-09 10:00:00,28,11,17
2019-10-09 11:00:00,33,14,19
2019-10-09 12:00:00,22,12,10
2019-10-09 13:00:00,21,11,10
2019-10-09 14:00:00,26,12,14
2019-10-09 15:00:00,22,13,9
2019-10-09 16:00:00,40,18,22
2019-10-09 17:00:00,45,26,19
2019-10-09 18:00:00,33,18,15
2019-10-09 19:00:00,10,3,7
2019-10-09 20:00:00,1,0,1
2019-10-09 21:00:00,0,0,0
2019-10-09 22:00:00,3,2,1
2019-10-09 23:00:00,1,0,1
2019-10-10 00:00:00,4,2,2
2019-10-10 01:00:00,0,0,0
2019-10-10 02:00:00,0,0,0
2019-10-10 03:00:00,0,0,0
2019-10-10 04:00:00,0,0,0
2019-10-10 05:00:00,3,2,1
2019-10-10 06:00:00,5,3,2
2019-10-10 07:00:00,12,6,6
2019-10-10 08:00:00,24,12,12
2019-10-10 09:00:00,41,23,18
2019-10-10 10:00:00,16,8,8
2019-10-10 11:00:00,15,9,6
2019-10-10 12:00:00,19,10,9
2019-10-10 13:00:00,19,8,11
2019-10-10 14:00:00,21,9,12
2019-10-10 15:00:00,32,22,10
2019-10-10 16:00:00,27,14,13
2019-10-10 17:00:00,45,23,22
2019-10-10 18:00:00,21,12,9
2019-10-10 19:00:00,7,2,5
2019-10-10 20:00:00,5,1,4
2019-10-10 21:00:00,0,0,0
2019-10-10 22:00:00,0,0,0
2019-10-10 23:00:00,0,0,0
2019-10-11 00:00:00,0,0,0
2019-10-11 01:00:00,0,0,0
2019-10-11 02:00:00,0,0,0
2019-10-11 03:00:00,0,0,0
2019-10-11 04:00:00,0,0,0
2019-10-11 05:00:00,1,1,0
2019-10-11 06:00:00,11,5,6
2019-10-11 07:00:00,16,8,8
2019-10-11 08:00:00,34,16,18
2019-10-11 09:00:00,30,17,13
2019-10-11 10:00:00,32,9,23
2019-10-11 11:00:00,30,16,14
2019-10-11 12:00:00,18,6,12
2019-10-11 13:00:00,36,22,14
2019-10-11 14:00:00,30,11,19
2019-10-11 15:00:00,39,21,18
2019-10-11 16:00:00,47,24,23
2019-10-11 17:00:00,31,14,17
2019-10-11 18:00:00,21,9,12
2019-10-11 19:00:00,8,4,4
2019-10-11 20:00:00,4,4,0
2019-10-11 21:00:00,0,0,0
2019-10-11 22:00:00,4,2,2
2019-10-11 23:00:00,0,0,0
2019-10-12 00:00:00,0,0,0
2019-10-12 01:00:00,0,0,0
2019-10-12 02:00:00,0,0,0
2019-10-12 03:00:00,0,0,0
2019-10-12 04:00:00,0,0,0
2019-10-12 05:00:00,1,0,1
2019-10-12 06:00:00,3,2,1
2019-10-12 07:00:00,19,12,7
2019-10-12 08:00:00,50,25,25
2019-10-12 09:00:00,57,29,28
2019-10-12 10:00:00,53,27,26
2019-10-12 11:00:00,55,29,26
2019-10-12 12:00:00,35,14,21
2019-10-12 13:00:00,36,22,14
2019-10-12 14:00:00,40,22,18
2019-10-12 15:00:00,44,19,25
2019-10-12 16:00:00,42,21,21
2019-10-12 17:00:00,26,10,16
2019-10-12 18:00:00,16,9,7
2019-10-12 19:00:00,4,2,2
2019-10-12 20:00:00,5,3,2
2019-10-12 21:00:00,1,0,1
2019-10-12 22:00:00,1,1,0
2019-10-12 23:00:00,1,0,1
2019-10-13 00:00:00,0,0,0
2019-10-13 01:00:00,0,0,0
2019-10-13 02:00:00,0,0,0
2019-10-13 03:00:00,0,0,0
2019-10-13 04:00:00,0,0,0
2019-10-13 05:00:00,1,1,0
2019-10-13 06:00:00,0,0,0
2019-10-13 07:00:00,14,6,8
2019-10-13 08:00:00,35,18,17
2019-10-13 09:00:00,42,24,18
2019-10-13 10:00:00,41,20,21
2019-10-13 11:00:00,60,24,36
2019-10-13 12:00:00,44,21,23
2019-10-13 13:00:00,36,16,20
2019-10-13 14:00:00,55,20,35
2019-10-13 15:00:00,57,31,26
2019-10-13 16:00:00,55,24,31
2019-10-13 17:00:00,19,8,11
2019-10-13 18:00:00,17,10,7
2019-10-13 19:00:00,1,1,0
2019-10-13 20:00:00,7,3,4
2019-10-13 21:00:00,2,1,1
2019-10-13 22:00:00,0,0,0
2019-10-13 23:00:00,0,0,0
2019-10-14 00:00:00,0,0,0
2019-10-14 01:00:00,0,0,0
2019-10-14 02:00:00,0,0,0
2019-10-14 03:00:00,0,0,0
2019-10-14 04:00:00,3,1,2
2019-10-14 05:00:00,2,1,1
2019-10-14 06:00:00,4,1,3
2019-10-14 07:00:00,19,9,10
2019-10-14 08:00:00,42,20,22
2019-10-14 09:00:00,36,17,19
2019-10-14 10:00:00,51,30,21
2019-10-14 11:00:00,14,6,8
2019-10-14 12:00:00,20,11,9
2019-10-14 13:00:00,31,15,16
2019-10-14 14:00:00,37,22,15
2019-10-14 15:00:00,33,11,22
2019-10-14 16:00:00,41,23,18
2019-10-14 17:00:00,53,28,25
2019-10-14 18:00:00,29,16,13
2019-10-14 19:00:00,14,7,7
2019-10-14 20:00:00,1,1,0
2019-10-14 21:00:00,0,0,0
2019-10-14 22:00:00,5,3,2
2019-10-14 23:00:00,0,0,0
2019-10-15 00:00:00,0,0,0
2019-10-15 01:00:00,0,0,0
2019-10-15 02:00:00,0,0,0
2019-10-15 03:00:00,0,0,0
2019-10-15 04:00:00,2,1,1
2019-10-15 05:00:00,5,1,4
2019-10-15 06:00:00,10,4,6
2019-10-15 07:00:00,10,3,7
2019-10-15 08:00:00,38,21,17
2019-10-15 09:00:00,24,8,16
2019-10-15 10:00:00,30,16,14
2019-10-15 11:00:00,18,8,10
2019-10-15 12:00:00,26,9,17
2019-10-15 13:00:00,19,12,7
2019-10-15 14:00:00,18,9,9
2019-10-15 15:00:00,21,12,9
2019-10-15 16:00:00,34,18,16
2019-10-15 17:00:00,30,17,13
2019-10-15 18:00:00,22,11,11
2019-10-15 19:00:00,6,4,2
2019-10-15 20:00:00,2,0,2
2019-10-15 21:00:00,1,1,0
2019-10-15 22:00:00,0,0,0
2019-10-15 23:00:00,0,0,0
2019-10-16 00:00:00,0,0,0
2019-10-16 01:00:00,2,1,1
2019-10-16 02:00:00,0,0,0
2019-10-16 03:00:00,0,0,0
2019-10-16 04:00:00,1,1,0
2019-10-16 05:00:00,5,3,2
2019-10-16 06:00:00,14,7,7
2019-10-16 07:00:00,7,2,5
2019-10-16 08:00:00,21,10,11
2019-10-16 09:00:00,23,13,10
2019-10-16 10:00:00,33,15,18
2019-10-16 11:00:00,10,3,7
2019-10-16 12:00:00,19,11,8
2019-10-16 13:00:00,13,7,6
2019-10-16 14:00:00,7,5,2
2019-10-16 15:00:00,30,15,15
2019-10-16 16:00:00,30,18,12
2019-10-16 17:00:00,22,11,11
2019-10-16 18:00:00,13,8,5
2019-10-16 19:00:00,5,2,3
2019-10-16 20:00:00,6,3,3
2019-10-16 21:00:00,2,1,1
2019-10-16 22:00:00,0,0,0
2019-10-16 23:00:00,0,0,0
2019-10-17 00:00:00,2,1,1
2019-10-17 01:00:00,0,0,0
2019-10-17 02:00:00,0,0,0
2019-10-17 03:00:00,0,0,0
2019-10-17 04:00:00,0,0,0
2019-10-17 05:00:00,2,1,1
2019-10-17 06:00:00,4,2,2
2019-10-17 07:00:00,10,5,5
2019-10-17 08:00:00,22,10,12
2019-10-17 09:00:00,27,11,16
2019-10-17 10:00:00,25,13,12
2019-10-17 11:00:00,10,4,6
2019-10-17 12:00:00,14,7,7
2019-10-17 13:00:00,12,7,5
2019-10-17 14:00:00,12,6,6
2019-10-17 15:00:00,6,2,4
2019-10-17 16:00:00,22,11,11
2019-10-17 17:00:00,30,16,14
2019-10-17 18:00:00,10,5,5
2019-10-17 19:00:00,9,4,5
2019-10-17 20:00:00,3,2,1
2019-10-17 21:00:00,3,1,2
2019-10-17 22:00:00,0,0,0
2019-10-17 23:00:00,4,2,2
2019-10-18 00:00:00,1,0,1
2019-10-18 01:00:00,0,0,0
2019-10-18 02:00:00,0,0,0
2019-10-18 03:00:00,0,0,0
2019-10-18 04:00:00,0,0,0
2019-10-18 05:00:00,3,3,0
2019-10-18 06:00:00,11,3,8
2019-10-18 07:00:00,20,9,11
2019-10-18 08:00:00,31,12,19
2019-10-18 09:00:00,24,10,14
2019-10-18 10:00:00,30,14,16
2019-10-18 11:00:00,30,17,13
2019-10-18 12:00:00,24,11,13
2019-10-18 13:00:00,22,10,12
2019-10-18 14:00:00,21,14,7
2019-10-18 15:00:00,25,14,11
2019-10-18 16:00:00,23,11,12
2019-10-18 17:00:00,20,9,11
2019-10-18 18:00:00,10,3,7
2019-10-18 19:00:00,2,0,2
2019-10-18 20:00:00,0,0,0
2019-10-18 21:00:00,0,0,0
2019-10-18 22:00:00,2,1,1
2019-10-18 23:00:00,5,4,1
2019-10-19 00:00:00,1,0,1
2019-10-19 01:00:00,0,0,0
2019-10-19 02:00:00,0,0,0
2019-10-19 03:00:00,0,0,0
2019-10-19 04:00:00,0,0,0
2019-10-19 05:00:00,1,0,1
2019-10-19 06:00:00,3,2,1
2019-10-19 07:00:00,25,17,8
2019-10-19 08:00:00,51,24,27
2019-10-19 09:00:00,52,25,27
2019-10-19 10:00:00,32,16,16
2019-10-19 11:00:00,26,11,15
2019-10-19 12:00:00,22,11,11
2019-10-19 13:00:00,14,7,7
2019-10-19 14:00:00,27,14,13
2019-10-19 15:00:00,55,34,21
2019-10-19 16:00:00,38,24,14
2019-10-19 17:00:00,36,12,24
2019-10-19 18:00:00,21,9,12
2019-10-19 19:00:00,3,2,1
2019-10-19 20:00:00,1,0,1
2019-10-19 21:00:00,4,2,2
2019-10-19 22:00:00,1,1,0
2019-10-19 23:00:00,1,0,1
2019-10-20 00:00:00,0,0,0
2019-10-20 01:00:00,1,1,0
2019-10-20 02:00:00,0,0,0
2019-10-20 03:00:00,0,0,0
2019-10-20 04:00:00,2,1,1
2019-10-20 05:00:00,0,0,0
2019-10-20 06:00:00,5,3,2
2019-10-20 07:00:00,12,5,7
2019-10-20 08:00:00,50,22,28
2019-10-20 09:00:00,66,36,30
2019-10-20 10:00:00,62,34,28
2019-10-20 11:00:00,65,30,35
2019-10-20 12:00:00,53,32,21
2019-10-20 13:00:00,48,19,29
2019-10-20 14:00:00,38,21,17
2019-10-20 15:00:00,27,10,17
2019-10-20 16:00:00,20,10,10
2019-10-20 17:00:00,33,17,16
2019-10-20 18:00:00,17,8,9
2019-10-20 19:00:00,1,1,0
2019-10-20 20:00:00,0,0,0
2019-10-20 21:00:00,0,0,0
2019-10-20 22:00:00,0,0,0
2019-10-20 23:00:00,1,1,0
2019-10-21 00:00:00,0,0,0
2019-10-21 01:00:00,2,1,1
2019-10-21 02:00:00,0,0,0
2019-10-21 03:00:00,0,0,0
2019-10-21 04:00:00,1,1,0
2019-10-21 05:00:00,0,0,0
2019-10-21 06:00:00,7,3,4
2019-10-21 07:00:00,12,5,7
2019-10-21 08:00:00,30,15,15
2019-10-21 09:00:00,29,11,18
2019-10-21 10:00:00,9,5,4
2019-10-21 11:00:00,13,7,6
2019-10-21 12:00:00,13,8,5
2019-10-21 13:00:00,17,8,9
2019-10-21 14:00:00,26,12,14
2019-10-21 15:00:00,19,9,10
2019-10-21 16:00:00,16,7,9
2019-10-21 17:00:00,19,13,6
2019-10-21 18:00:00,1,1,0
2019-10-21 19:00:00,2,1,1
2019-10-21 20:00:00,0,0,0
2019-10-21 21:00:00,3,2,1
2019-10-21 22:00:00,1,0,1
2019-10-21 23:00:00,0,0,0
2019-10-22 00:00:00,0,0,0
2019-10-22 01:00:00,0,0,0
2019-10-22 02:00:00,0,0,0
2019-10-22 03:00:00,0,0,0
2019-10-22 04:00:00,2,1,1
2019-10-22 05:00:00,2,2,0
2019-10-22 06:00:00,7,4,3
2019-10-22 07:00:00,9,3,6
2019-10-22 08:00:00,31,14,17
2019-10-22 09:00:00,40,20,20
2019-10-22 10:00:00,13,6,7
2019-10-22 11:00:00,15,6,9
2019-10-22 12:00:00,17,9,8
2019-10-22 13:00:00,21,11,10
2019-10-22 14:00:00,18,9,9
2019-10-22 15:00:00,16,12,4
2019-10-22 16:00:00,24,15,9
2019-10-22 17:00:00,29,15,14
2019-10-22 18:00:00,17,10,7
2019-10-22 19:00:00,9,4,5
2019-10-22 20:00:00,4,2,2
2019-10-22 21:00:00,1,1,0
2019-10-22 22:00:00,0,0,0
2019-10-22 23:00:00,1,1,0
2019-10-23 00:00:00,0,0,0
2019-10-23 01:00:00,0,0,0
2019-10-23 02:00:00,0,0,0
2019-10-23 03:00:00,0,0,0
2019-10-23 04:00:00,0,0,0
2019-10-23 05:00:00,2,2,0
2019-10-23 06:00:00,9,2,7
2019-10-23 07:00:00,19,9,10
2019-10-23 08:00:00,26,9,17
2019-10-23 09:00:00,28,12,16
2019-10-23 10:00:00,25,12,13
2019-10-23 11:00:00,26,13,13
2019-10-23 12:00:00,19,8,11
2019-10-23 13:00:00,22,12,10
2019-10-23 14:00:00,32,19,13
2019-10-23 15:00:00,47,23,24
2019-10-23 16:00:00,29,17,12
2019-10-23 17:00:00,46,25,21
2019-10-23 18:00:00,21,7,14
2019-10-23 19:00:00,2,1,1
2019-10-23 20:00:00,3,2,1
2019-10-23 21:00:00,3,1,2
2019-10-23 22:00:00,1,0,1
2019-10-23 23:00:00,0,0,0
2019-10-24 00:00:00,0,0,0
2019-10-24 01:00:00,2,1,1
2019-10-24 02:00:00,0,0,0
2019-10-24 03:00:00,0,0,0
2019-10-24 04:00:00,0,0,0
2019-10-24 05:00:00,4,3,1
2019-10-24 06:00:00,8,2,6
2019-10-24 07:00:00,13,6,7
2019-10-24 08:00:00,25,9,16
2019-10-24 09:00:00,41,23,18
2019-10-24 10:00:00,15,7,8
2019-10-24 11:00:00,22,8,14
2019-10-24 12:00:00,20,13,7
2019-10-24 13:00:00,20,9,11
2019-10-24 14:00:00,20,11,9
2019-10-24 15:00:00,17,10,7
2019-10-24 16:00:00,41,23,18
2019-10-24 17:00:00,41,22,19
2019-10-24 18:00:00,27,15,12
2019-10-24 19:00:00,4,1,3
2019-10-24 20:00:00,2,1,1
2019-10-24 21:00:00,1,1,0
2019-10-24 22:00:00,4,3,1
2019-10-24 23:00:00,0,0,0
2019-10-25 00:00:00,0,0,0
2019-10-25 01:00:00,0,0,0
2019-10-25 02:00:00,0,0,0
2019-10-25 03:00:00,0,0,0
2019-10-25 04:00:00,0,0,0
2019-10-25 05:00:00,1,0,1
2019-10-25 06:00:00,5,2,3
2019-10-25 07:00:00,15,9,6
2019-10-25 08:00:00,49,23,26
2019-10-25 09:00:00,34,17,17
2019-10-25 10:00:00,32,15,17
2019-10-25 11:00:00,14,6,8
2019-10-25 12:00:00,17,9,8
2019-10-25 13:00:00,14,8,6
2019-10-25 14:00:00,7,3,4
2019-10-25 15:00:00,13,7,6
2019-10-25 16:00:00,33,15,18
2019-10-25 17:00:00,30,19,11
2019-10-25 18:00:00,19,8,11
2019-10-25 19:00:00,4,2,2
2019-10-25 20:00:00,5,2,3
2019-10-25 21:00:00,0,0,0
2019-10-25 22:00:00,3,2,1
2019-10-25 23:00:00,0,0,0
2019-10-26 00:00:00,0,0,0
2019-10-26 01:00:00,0,0,0
2019-10-26 02:00:00,0,0,0
2019-10-26 03:00:00,0,0,0
2019-10-26 04:00:00,0,0,0
2019-10-26 05:00:00,0,0,0
2019-10-26 06:00:00,3,2,1
2019-10-26 07:00:00,14,9,5
2019-10-26 08:00:00,38,19,19
2019-10-26 09:00:00,53,25,28
2019-10-26 10:00:00,39,20,19
2019-10-26 11:00:00,51,23,28
2019-10-26 12:00:00,49,29,20
2019-10-26 13:00:00,41,20,21
2019-10-26 14:00:00,41,16,25
2019-10-26 15:00:00,47,26,21
2019-10-26 16:00:00,39,20,19
2019-10-26 17:00:00,30,13,17
2019-10-26 18:00:00,20,7,13
2019-10-26 19:00:00,6,3,3
2019-10-26 20:00:00,1,0,1
2019-10-26 21:00:00,0,0,0
2019-10-26 22:00:00,6,3,3
2019-10-26 23:00:00,0,0,0
2019-10-27 00:00:00,2,1,1
2019-10-27 01:00:00,0,0,0
2019-10-27 02:00:00,2,1,1
2019-10-27 03:00:00,0,0,0
2019-10-27 04:00:00,0,0,0
2019-10-27 05:00:00,0,0,0
2019-10-27 06:00:00,1,0,1
2019-10-27 07:00:00,12,10,2
2019-10-27 08:00:00,39,17,22
2019-10-27 09:00:00,53,27,26
2019-10-27 10:00:00,66,39,27
2019-10-27 11:00:00,45,18,27
2019-10-27 12:00:00,55,28,27
2019-10-27 13:00:00,50,22,28
2019-10-27 14:00:00,54,24,30
2019-10-27 15:00:00,41,20,21
2019-10-27 16:00:00,35,20,15
2019-10-27 17:00:00,33,13,20
2019-10-27 18:00:00,3,1,2
2019-10-27 19:00:00,5,2,3
2019-10-27 20:00:00,1,0,1
2019-10-27 21:00:00,0,0,0
2019-10-27 22:00:00,0,0,0
2019-10-27 23:00:00,5,3,2
2019-10-28 00:00:00,0,0,0
2019-10-28 01:00:00,0,0,0
2019-10-28 02:00:00,0,0,0
2019-10-28 03:00:00,0,0,0
2019-10-28 04:00:00,0,0,0
2019-10-28 05:00:00,1,1,0
2019-10-28 06:00:00,5,3,2
2019-10-28 07:00:00,9,3,6
2019-10-28 08:00:00,19,13,6
2019-10-28 09:00:00,25,11,14
2019-10-28 10:00:00,20,11,9
2019-10-28 11:00:00,31,13,18
2019-10-28 12:00:00,24,13,11
2019-10-28 13:00:00,36,20,16
2019-10-28 14:00:00,27,14,13
2019-10-28 15:00:00,34,21,13
2019-10-28 16:00:00,37,21,16
2019-10-28 17:00:00,34,15,19
2019-10-28 18:00:00,16,9,7
2019-10-28 19:00:00,2,1,1
2019-10-28 20:00:00,0,0,0
2019-10-28 21:00:00,6,3,3
2019-10-28 22:00:00,2,1,1
2019-10-28 23:00:00,0,0,0
2019-10-29 00:00:00,0,0,0
2019-10-29 01:00:00,0,0,0
2019-10-29 02:00:00,0,0,0
2019-10-29 03:00:00,0,0,0
2019-10-29 04:00:00,1,1,0
2019-10-29 05:00:00,3,1,2
2019-10-29 06:00:00,2,1,1
2019-10-29 07:00:00,6,4,2
2019-10-29 08:00:00,33,18,15
2019-10-29 09:00:00,21,8,13
2019-10-29 10:00:00,20,8,12
2019-10-29 11:00:00,21,11,10
2019-10-29 12:00:00,13,6,7
2019-10-29 13:00:00,27,13,14
2019-10-29 14:00:00,35,16,19
2019-10-29 15:00:00,25,15,10
2019-10-29 16:00:00,40,23,17
2019-10-29 17:00:00,33,17,16
2019-10-29 18:00:00,19,7,12
2019-10-29 19:00:00,2,2,0
2019-10-29 20:00:00,0,0,0
2019-10-29 21:00:00,2,1,1
2019-10-29 22:00:00,0,0,0
2019-10-29 23:00:00,3,2,1
2019-10-30 00:00:00,0,0,0
2019-10-30 01:00:00,1,0,1
2019-10-30 02:00:00,1,0,1
2019-10-30 03:00:00,0,0,0
2019-10-30 04:00:00,0,0,0
2019-10-30 05:00:00,1,1,0
2019-10-30 06:00:00,12,6,6
2019-10-30 07:00:00,12,6,6
2019-10-30 08:00:00,15,6,9
2019-10-30 09:00:00,24,13,11
2019-10-30 10:00:00,15,6,9
2019-10-30 11:00:00,14,7,7
2019-10-30 12:00:00,19,9,10
2019-10-30 13:00:00,29,17,12
2019-10-30 14:00:00,19,8,11
2019-10-30 15:00:00,30,12,18
2019-10-30 16:00:00,38,21,17
2019-10-30 17:00:00,28,14,14
2019-10-30 18:00:00,16,7,9
2019-10-30 19:00:00,2,1,1
2019-10-30 20:00:00,0,0,0
2019-10-30 21:00:00,1,1,0
2019-10-30 22:00:00,2,1,1
2019-10-30 23:00:00,0,0,0
2019-10-31 00:00:00,0,0,0
2019-10-31 01:00:00,0,0,0
2019-10-31 02:00:00,0,0,0
2019-10-31 03:00:00,0,0,0
2019-10-31 04:00:00,0,0,0
2019-10-31 05:00:00,3,2,1
2019-10-31 06:00:00,5,2,3
2019-10-31 07:00:00,7,4,3
2019-10-31 08:00:00,24,11,13
2019-10-31 09:00:00,21,11,10
2019-10-31 10:00:00,21,9,12
2019-10-31 11:00:00,23,12,11
2019-10-31 12:00:00,28,14,14
2019-10-31 13:00:00,12,6,6
2019-10-31 14:00:00,21,10,11
2019-10-31 15:00:00,39,21,18
2019-10-31 16:00:00,31,21,10
2019-10-31 17:00:00,30,15,15
2019-10-31 18:00:00,12,5,7
2019-10-31 19:00:00,0,0,0
2019-10-31 20:00:00,0,0,0
2019-10-31 21:00:00,0,0,0
2019-10-31 22:00:00,0,0,0
2019-10-31 23:00:00,0,0,0
2020-02-03 02:00:00,0,0,0
2020-02-03 03:00:00,0,0,0
2020-02-03 04:00:00,0,0,0
2020-02-03 05:00:00,8,5,3
2020-02-03 06:00:00,9,4,5
2020-02-03 07:00:00,16,7,9
2020-02-03 08:00:00,30,15,15
2020-02-03 09:00:00,16,8,8
2020-02-03 10:00:00,37,19,18
2020-02-03 11:00:00,16,6,10
2020-02-03 12:00:00,22,11,11
2020-02-03 13:00:00,19,10,9
2020-02-03 14:00:00,29,14,15
2020-02-03 15:00:00,39,21,18
2020-02-03 16:00:00,38,15,23
2020-02-03 17:00:00,25,10,15
2020-02-03 18:00:00,8,4,4
2020-02-03 19:00:00,9,3,6
2020-02-03 20:00:00,3,1,2
2019-11-01 00:00:00,0,0,0
2019-11-01 01:00:00,0,0,0
2019-11-01 02:00:00,0,0,0
2019-11-01 03:00:00,0,0,0
2019-11-01 04:00:00,0,0,0
2019-11-01 05:00:00,2,1,1
2019-11-01 06:00:00,4,2,2
2019-11-01 07:00:00,13,8,5
2019-11-01 08:00:00,34,15,19
2019-11-01 09:00:00,22,14,8
2019-11-01 10:00:00,20,9,11
2019-11-01 11:00:00,26,15,11
2019-11-01 12:00:00,37,19,18
2019-11-01 13:00:00,23,9,14
2019-11-01 14:00:00,31,16,15
2019-11-01 15:00:00,26,12,14
2019-11-01 16:00:00,42,25,17
2019-11-01 17:00:00,31,17,14
2019-11-01 18:00:00,7,4,3
2019-11-01 19:00:00,2,1,1
2019-11-01 20:00:00,4,3,1
2019-11-01 21:00:00,2,0,2
2019-11-01 22:00:00,0,0,0
2019-11-01 23:00:00,0,0,0
2019-11-02 00:00:00,0,0,0
2019-11-02 01:00:00,0,0,0
2019-11-02 02:00:00,0,0,0
2019-11-02 03:00:00,2,1,1
2019-11-02 04:00:00,0,0,0
2019-11-02 05:00:00,0,0,0
2019-11-02 06:00:00,0,0,0
2019-11-02 07:00:00,9,6,3
2019-11-02 08:00:00,56,30,26
2019-11-02 09:00:00,41,24,17
2019-11-02 10:00:00,80,40,40
2019-11-02 11:00:00,63,27,36
2019-11-02 12:00:00,36,17,19
2019-11-02 13:00:00,51,26,25
2019-11-02 14:00:00,40,17,23
2019-11-02 15:00:00,56,32,24
2019-11-02 16:00:00,47,19,28
2019-11-02 17:00:00,29,14,15
2019-11-02 18:00:00,16,6,10
2019-11-02 19:00:00,2,2,0
2019-11-02 20:00:00,1,1,0
2019-11-02 21:00:00,3,1,2
2019-11-02 22:00:00,0,0,0
2019-11-02 23:00:00,0,0,0
2019-11-03 00:00:00,0,0,0
2019-11-03 01:00:00,0,0,0
2019-11-03 02:00:00,0,0,0
2019-11-03 03:00:00,0,0,0
2019-11-03 04:00:00,2,1,1
2019-11-03 05:00:00,0,0,0
2019-11-03 06:00:00,3,3,0
2019-11-03 07:00:00,20,9,11
2019-11-03 08:00:00,53,33,20
2019-11-03 09:00:00,48,21,27
2019-11-03 10:00:00,44,21,23
2019-11-03 11:00:00,47,25,22
2019-11-03 12:00:00,58,23,35
2019-11-03 13:00:00,39,21,18
2019-11-03 14:00:00,56,31,25
2019-11-03 15:00:00,53,30,23
2019-11-03 16:00:00,41,14,27
2019-11-03 17:00:00,15,8,7
2019-11-03 18:00:00,1,1,0
2019-11-03 19:00:00,2,1,1
2019-11-03 20:00:00,3,2,1
2019-11-03 21:00:00,2,1,1
2019-11-03 22:00:00,0,0,0
2019-11-03 23:00:00,0,0,0
2019-11-04 00:00:00,1,0,1
2019-11-04 01:00:00,2,1,1
2019-11-04 02:00:00,0,0,0
2019-11-04 03:00:00,0,0,0
2019-11-04 04:00:00,0,0,0
2019-11-04 05:00:00,4,3,1
2019-11-04 06:00:00,12,4,8
2019-11-04 07:00:00,16,6,10
2019-11-04 08:00:00,20,8,12
2019-11-04 09:00:00,27,17,10
2019-11-04 10:00:00,30,12,18
2019-11-04 11:00:00,35,19,16
2019-11-04 12:00:00,21,10,11
2019-11-04 13:00:00,25,13,12
2019-11-04 14:00:00,21,13,8
2019-11-04 15:00:00,28,13,15
2019-11-04 16:00:00,42,21,21
2019-11-04 17:00:00,16,11,5
2019-11-04 18:00:00,11,5,6
2019-11-04 19:00:00,4,3,1
2019-11-04 20:00:00,1,1,0
2019-11-04 21:00:00,0,0,0
2019-11-04 22:00:00,2,1,1
2019-11-04 23:00:00,0,0,0
2019-11-05 00:00:00,0,0,0
2019-11-05 01:00:00,0,0,0
2019-11-05 02:00:00,0,0,0
2019-11-05 03:00:00,0,0,0
2019-11-05 04:00:00,0,0,0
2019-11-05 05:00:00,5,3,2
2019-11-05 06:00:00,12,5,7
2019-11-05 07:00:00,17,8,9
2019-11-05 08:00:00,23,12,11
2019-11-05 09:00:00,18,8,10
2019-11-05 10:00:00,24,15,9
2019-11-05 11:00:00,15,6,9
2019-11-05 12:00:00,27,15,12
2019-11-05 13:00:00,31,13,18
2019-11-05 14:00:00,19,13,6
2019-11-05 15:00:00,29,16,13
2019-11-05 16:00:00,45,21,24
2019-11-05 17:00:00,19,12,7
2019-11-05 18:00:00,11,6,5
2019-11-05 19:00:00,6,3,3
2019-11-05 20:00:00,1,0,1
2019-11-05 21:00:00,0,0,0
2019-11-05 22:00:00,0,0,0
2019-11-05 23:00:00,0,0,0
2019-11-06 00:00:00,0,0,0
2019-11-06 01:00:00,0,0,0
2019-11-06 02:00:00,0,0,0
2019-11-06 03:00:00,0,0,0
2019-11-06 04:00:00,0,0,0
2019-11-06 05:00:00,2,2,0
2019-11-06 06:00:00,19,10,9
2019-11-06 07:00:00,18,7,11
2019-11-06 08:00:00,29,17,12
2019-11-06 09:00:00,33,12,21
2019-11-06 10:00:00,31,15,16
2019-11-06 11:00:00,18,7,11
2019-11-06 12:00:00,28,15,13
2019-11-06 13:00:00,25,10,15
2019-11-06 14:00:00,39,19,20
2019-11-06 15:00:00,30,15,15
2019-11-06 16:00:00,32,19,13
2019-11-06 17:00:00,16,7,9
2019-11-06 18:00:00,9,7,2
2019-11-06 19:00:00,7,4,3
2019-11-06 20:00:00,0,0,0
2019-11-06 21:00:00,4,2,2
2019-11-06 22:00:00,2,1,1
2019-11-06 23:00:00,10,1,9
2019-11-07 00:00:00,0,0,0
2019-11-07 01:00:00,0,0,0
2019-11-07 02:00:00,0,0,0
2019-11-07 03:00:00,0,0,0
2019-11-07 04:00:00,0,0,0
2019-11-07 05:00:00,1,1,0
2019-11-07 06:00:00,14,8,6
2019-11-07 07:00:00,14,6,8
2019-11-07 08:00:00,36,21,15
2019-11-07 09:00:00,25,11,14
2019-11-07 10:00:00,27,14,13
2019-11-07 11:00:00,21,8,13
2019-11-07 12:00:00,25,15,10
2019-11-07 13:00:00,23,10,13
2019-11-07 14:00:00,27,16,11
2019-11-07 15:00:00,27,11,16
2019-11-07 16:00:00,28,14,14
2019-11-07 17:00:00,9,5,4
2019-11-07 18:00:00,5,3,2
2019-11-07 19:00:00,5,3,2
2019-11-07 20:00:00,2,1,1
2019-11-07 21:00:00,0,0,0
2019-11-07 22:00:00,2,1,1
2019-11-07 23:00:00,0,0,0
2019-11-08 00:00:00,0,0,0
2019-11-08 01:00:00,0,0,0
2019-11-08 02:00:00,0,0,0
2019-11-08 03:00:00,0,0,0
2019-11-08 04:00:00,0,0,0
2019-11-08 05:00:00,2,1,1
2019-11-08 06:00:00,11,7,4
2019-11-08 07:00:00,23,8,15
2019-11-08 08:00:00,28,16,12
2019-11-08 09:00:00,29,12,17
2019-11-08 10:00:00,32,19,13
2019-11-08 11:00:00,21,10,11
2019-11-08 12:00:00,36,17,19
2019-11-08 13:00:00,21,8,13
2019-11-08 14:00:00,26,13,13
2019-11-08 15:00:00,31,17,14
2019-11-08 16:00:00,51,26,25
2019-11-08 17:00:00,18,7,11
2019-11-08 18:00:00,3,2,1
2019-11-08 19:00:00,0,0,0
2019-11-08 20:00:00,1,1,0
2019-11-08 21:00:00,2,1,1
2019-11-08 22:00:00,1,1,0
2019-11-08 23:00:00,0,0,0
2019-11-09 00:00:00,0,0,0
2019-11-09 01:00:00,0,0,0
2019-11-09 02:00:00,0,0,0
2019-11-09 03:00:00,0,0,0
2019-11-09 04:00:00,0,0,0
2019-11-09 05:00:00,0,0,0
2019-11-09 06:00:00,6,3,3
2019-11-09 07:00:00,16,11,5
2019-11-09 08:00:00,47,23,24
2019-11-09 09:00:00,51,27,24
2019-11-09 10:00:00,44,22,22
2019-11-09 11:00:00,43,21,22
2019-11-09 12:00:00,34,15,19
2019-11-09 13:00:00,46,23,23
2019-11-09 14:00:00,46,26,20
2019-11-09 15:00:00,40,21,19
2019-11-09 16:00:00,40,17,23
2019-11-09 17:00:00,17,4,13
2019-11-09 18:00:00,3,1,2
2019-11-09 19:00:00,0,0,0
2019-11-09 20:00:00,8,5,3
2019-11-09 21:00:00,0,0,0
2019-11-09 22:00:00,3,2,1
2019-11-09 23:00:00,2,1,1
2019-11-10 00:00:00,0,0,0
2019-11-10 01:00:00,0,0,0
2019-11-10 02:00:00,0,0,0
2019-11-10 03:00:00,0,0,0
2019-11-10 04:00:00,0,0,0
2019-11-10 05:00:00,1,1,0
2019-11-10 06:00:00,2,0,2
2019-11-10 07:00:00,16,8,8
2019-11-10 08:00:00,56,32,24
2019-11-10 09:00:00,66,35,31
2019-11-10 10:00:00,64,34,30
2019-11-10 11:00:00,66,31,35
2019-11-10 12:00:00,51,18,33
2019-11-10 13:00:00,38,17,21
2019-11-10 14:00:00,41,15,26
2019-11-10 15:00:00,55,30,25
2019-11-10 16:00:00,44,21,23
2019-11-10 17:00:00,10,3,7
2019-11-10 18:00:00,7,2,5
2019-11-10 19:00:00,5,3,2
2019-11-10 20:00:00,1,1,0
2019-11-10 21:00:00,2,1,1
2019-11-10 22:00:00,4,2,2
2019-11-10 23:00:00,2,1,1
2019-11-11 00:00:00,0,0,0
2019-11-11 01:00:00,0,0,0
2019-11-11 02:00:00,0,0,0
2019-11-11 03:00:00,0,0,0
2019-11-11 04:00:00,0,0,0
2019-11-11 05:00:00,4,3,1
2019-11-11 06:00:00,9,6,3
2019-11-11 07:00:00,17,9,8
2019-11-11 08:00:00,26,9,17
2019-11-11 09:00:00,41,18,23
2019-11-11 10:00:00,39,16,23
2019-11-11 11:00:00,32,18,14
2019-11-11 12:00:00,34,15,19
2019-11-11 13:00:00,28,13,15
2019-11-11 14:00:00,43,21,22
2019-11-11 15:00:00,45,23,22
2019-11-11 16:00:00,39,16,23
2019-11-11 17:00:00,15,7,8
2019-11-11 18:00:00,10,4,6
2019-11-11 19:00:00,5,3,2
2019-11-11 20:00:00,2,1,1
2019-11-11 21:00:00,2,2,0
2019-11-11 22:00:00,2,0,2
2019-11-11 23:00:00,0,0,0
2019-11-12 00:00:00,0,0,0
2019-11-12 01:00:00,0,0,0
2019-11-12 02:00:00,0,0,0
2019-11-12 03:00:00,0,0,0
2019-11-12 04:00:00,1,0,1
2019-11-12 05:00:00,2,2,0
2019-11-12 06:00:00,9,5,4
2019-11-12 07:00:00,14,6,8
2019-11-12 08:00:00,25,10,15
2019-11-12 09:00:00,19,8,11
2019-11-12 10:00:00,16,8,8
2019-11-12 11:00:00,21,11,10
2019-11-12 12:00:00,15,7,8
2019-11-12 13:00:00,18,10,8
2019-11-12 14:00:00,30,16,14
2019-11-12 15:00:00,19,7,12
2019-11-12 16:00:00,32,16,16
2019-11-12 17:00:00,18,9,9
2019-11-12 18:00:00,11,6,5
2019-11-12 19:00:00,2,1,1
2019-11-12 20:00:00,3,2,1
2019-11-12 21:00:00,0,0,0
2019-11-12 22:00:00,0,0,0
2019-11-12 23:00:00,2,1,1
2019-11-13 00:00:00,0,0,0
2019-11-13 01:00:00,0,0,0
2019-11-13 02:00:00,0,0,0
2019-11-13 03:00:00,0,0,0
2019-11-13 04:00:00,0,0,0
2019-11-13 05:00:00,6,3,3
2019-11-13 06:00:00,13,6,7
2019-11-13 07:00:00,26,10,16
2019-11-13 08:00:00,29,17,12
2019-11-13 09:00:00,44,17,27
2019-11-13 10:00:00,39,17,22
2019-11-13 11:00:00,26,12,14
2019-11-13 12:00:00,23,11,12
2019-11-13 13:00:00,30,12,18
2019-11-13 14:00:00,14,9,5
2019-11-13 15:00:00,23,13,10
2019-11-13 16:00:00,32,17,15
2019-11-13 17:00:00,14,7,7
2019-11-13 18:00:00,22,11,11
2019-11-13 19:00:00,9,4,5
2019-11-13 20:00:00,6,4,2
2019-11-13 21:00:00,0,0,0
2019-11-13 22:00:00,4,2,2
2019-11-13 23:00:00,0,0,0
2019-11-14 00:00:00,2,1,1
2019-11-14 01:00:00,0,0,0
2019-11-14 02:00:00,0,0,0
2019-11-14 03:00:00,0,0,0
2019-11-14 04:00:00,0,0,0
2019-11-14 05:00:00,3,2,1
2019-11-14 06:00:00,12,7,5
2019-11-14 07:00:00,25,10,15
2019-11-14 08:00:00,27,11,16
2019-11-14 09:00:00,19,8,11
2019-11-14 10:00:00,25,13,12
2019-11-14 11:00:00,18,11,7
2019-11-14 12:00:00,35,20,15
2019-11-14 13:00:00,21,9,12
2019-11-14 14:00:00,31,19,12
2019-11-14 15:00:00,29,14,15
2019-11-14 16:00:00,28,11,17
2019-11-14 17:00:00,14,7,7
2019-11-14 18:00:00,9,6,3
2019-11-14 19:00:00,9,4,5
2019-11-14 20:00:00,3,2,1
2019-11-14 21:00:00,1,0,1
2019-11-14 22:00:00,1,1,0
2019-11-14 23:00:00,1,0,1
2019-11-15 00:00:00,0,0,0
2019-11-15 01:00:00,1,1,0
2019-11-15 02:00:00,0,0,0
2019-11-15 03:00:00,0,0,0
2019-11-15 04:00:00,0,0,0
2019-11-15 05:00:00,1,0,1
2019-11-15 06:00:00,7,3,4
2019-11-15 07:00:00,28,14,14
2019-11-15 08:00:00,27,15,12
2019-11-15 09:00:00,27,15,12
2019-11-15 10:00:00,27,13,14
2019-11-15 11:00:00,25,14,11
2019-11-15 12:00:00,30,16,14
2019-11-15 13:00:00,14,6,8
2019-11-15 14:00:00,27,13,14
2019-11-15 15:00:00,29,16,13
2019-11-15 16:00:00,30,14,16
2019-11-15 17:00:00,13,6,7
2019-11-15 18:00:00,8,3,5
2019-11-15 19:00:00,5,2,3
2019-11-15 20:00:00,2,1,1
2019-11-15 21:00:00,0,0,0
2019-11-15 22:00:00,0,0,0
2019-11-15 23:00:00,0,0,0
2019-11-16 00:00:00,2,1,1
2019-11-16 01:00:00,0,0,0
2019-11-16 02:00:00,0,0,0
2019-11-16 03:00:00,0,0,0
2019-11-16 04:00:00,0,0,0
2019-11-16 05:00:00,0,0,0
2019-11-16 06:00:00,3,2,1
2019-11-16 07:00:00,21,12,9
2019-11-16 08:00:00,59,32,27
2019-11-16 09:00:00,60,28,32
2019-11-16 10:00:00,73,39,34
2019-11-16 11:00:00,70,30,40
2019-11-16 12:00:00,43,22,21
2019-11-16 13:00:00,36,17,19
2019-11-16 14:00:00,54,21,33
2019-11-16 15:00:00,41,20,21
2019-11-16 16:00:00,18,5,13
2019-11-16 17:00:00,9,3,6
2019-11-16 18:00:00,2,1,1
2019-11-16 19:00:00,2,1,1
2019-11-16 20:00:00,1,1,0
2019-11-16 21:00:00,3,1,2
2019-11-16 22:00:00,0,0,0
2019-11-16 23:00:00,0,0,0
2019-11-17 00:00:00,0,0,0
2019-11-17 01:00:00,0,0,0
2019-11-17 02:00:00,0,0,0
2019-11-17 03:00:00,0,0,0
2019-11-17 04:00:00,2,1,1
2019-11-17 05:00:00,0,0,0
2019-11-17 06:00:00,2,2,0
2019-11-17 07:00:00,11,5,6
2019-11-17 08:00:00,24,15,9
2019-11-17 09:00:00,51,24,27
2019-11-17 10:00:00,50,25,25
2019-11-17 11:00:00,67,27,40
2019-11-17 12:00:00,64,30,34
2019-11-17 13:00:00,73,38,35
2019-11-17 14:00:00,28,14,14
2019-11-17 15:00:00,30,18,12
2019-11-17 16:00:00,29,8,21
2019-11-17 17:00:00,7,2,5
2019-11-17 18:00:00,0,0,0
2019-11-17 19:00:00,2,2,0
2019-11-17 20:00:00,4,1,3
2019-11-17 21:00:00,0,0,0
2019-11-17 22:00:00,0,0,0
2019-11-17 23:00:00,2,1,1
2019-11-18 00:00:00,0,0,0
2019-11-18 01:00:00,0,0,0
2019-11-18 02:00:00,0,0,0
2019-11-18 03:00:00,0,0,0
2019-11-18 04:00:00,0,0,0
2019-11-18 05:00:00,4,3,1
2019-11-18 06:00:00,5,1,4
2019-11-18 07:00:00,18,9,9
2019-11-18 08:00:00,32,12,20
2019-11-18 09:00:00,30,15,15
2019-11-18 10:00:00,32,15,17
2019-11-18 11:00:00,18,9,9
2019-11-18 12:00:00,15,9,6
2019-11-18 13:00:00,8,2,6
2019-11-18 14:00:00,10,3,7
2019-11-18 15:00:00,19,12,7
2019-11-18 16:00:00,21,10,11
2019-11-18 17:00:00,14,8,6
2019-11-18 18:00:00,7,5,2
2019-11-18 19:00:00,7,3,4
2019-11-18 20:00:00,3,2,1
2019-11-18 21:00:00,1,0,1
2019-11-18 22:00:00,0,0,0
2019-11-18 23:00:00,0,0,0
2019-11-19 00:00:00,0,0,0
2019-11-19 01:00:00,0,0,0
2019-11-19 02:00:00,2,1,1
2019-11-19 03:00:00,0,0,0
2019-11-19 04:00:00,0,0,0
2019-11-19 05:00:00,2,2,0
2019-11-19 06:00:00,9,2,7
2019-11-19 07:00:00,18,7,11
2019-11-19 08:00:00,26,13,13
2019-11-19 09:00:00,18,8,10
2019-11-19 10:00:00,22,10,12
2019-11-19 11:00:00,26,13,13
2019-11-19 12:00:00,16,6,10
2019-11-19 13:00:00,18,10,8
2019-11-19 14:00:00,37,17,20
2019-11-19 15:00:00,27,13,14
2019-11-19 16:00:00,43,23,20
2019-11-19 17:00:00,11,7,4
2019-11-19 18:00:00,4,2,2
2019-11-19 19:00:00,3,0,3
2019-11-19 20:00:00,3,2,1
2019-11-19 21:00:00,3,0,3
2019-11-19 22:00:00,0,0,0
2019-11-19 23:00:00,0,0,0
2019-11-20 00:00:00,2,1,1
2019-11-20 01:00:00,2,1,1
2019-11-20 02:00:00,0,0,0
2019-11-20 03:00:00,0,0,0
2019-11-20 04:00:00,0,0,0
2019-11-20 05:00:00,9,6,3
2019-11-20 06:00:00,12,5,7
2019-11-20 07:00:00,12,7,5
2019-11-20 08:00:00,22,13,9
2019-11-20 09:00:00,43,24,19
2019-11-20 10:00:00,29,14,15
2019-11-20 11:00:00,21,11,10
2019-11-20 12:00:00,23,11,12
2019-11-20 13:00:00,24,10,14
2019-11-20 14:00:00,23,8,15
2019-11-20 15:00:00,26,16,10
2019-11-20 16:00:00,28,14,14
2019-11-20 17:00:00,16,8,8
2019-11-20 18:00:00,7,6,1
2019-11-20 19:00:00,2,1,1
2019-11-20 20:00:00,3,2,1
2019-11-20 21:00:00,1,0,1
2019-11-20 22:00:00,0,0,0
2019-11-20 23:00:00,0,0,0
2019-11-21 00:00:00,0,0,0
2019-11-21 01:00:00,0,0,0
2019-11-21 02:00:00,0,0,0
2019-11-21 03:00:00,0,0,0
2019-11-21 04:00:00,0,0,0
2019-11-21 05:00:00,3,2,1
2019-11-21 06:00:00,6,3,3
2019-11-21 07:00:00,16,7,9
2019-11-21 08:00:00,31,16,15
2019-11-21 09:00:00,42,20,22
2019-11-21 10:00:00,23,10,13
2019-11-21 11:00:00,19,12,7
2019-11-21 12:00:00,20,11,9
2019-11-21 13:00:00,27,12,15
2019-11-21 14:00:00,32,17,15
2019-11-21 15:00:00,29,18,11
2019-11-21 16:00:00,19,8,11
2019-11-21 17:00:00,18,6,12
2019-11-21 18:00:00,3,3,0
2019-11-21 19:00:00,5,3,2
2019-11-21 20:00:00,2,1,1
2019-11-21 21:00:00,0,0,0
2019-11-21 22:00:00,3,1,2
2019-11-21 23:00:00,0,0,0
2019-11-22 00:00:00,0,0,0
2019-11-22 01:00:00,0,0,0
2019-11-22 02:00:00,0,0,0
2019-11-22 03:00:00,0,0,0
2019-11-22 04:00:00,0,0,0
2019-11-22 05:00:00,2,2,0
2019-11-22 06:00:00,9,3,6
2019-11-22 07:00:00,13,8,5
2019-11-22 08:00:00,23,10,13
2019-11-22 09:00:00,26,13,13
2019-11-22 10:00:00,13,5,8
2019-11-22 11:00:00,27,16,11
2019-11-22 12:00:00,20,10,10
2019-11-22 13:00:00,21,9,12
2019-11-22 14:00:00,18,10,8
2019-11-22 15:00:00,20,11,9
2019-11-22 16:00:00,23,10,13
2019-11-22 17:00:00,10,5,5
2019-11-22 18:00:00,7,5,2
2019-11-22 19:00:00,3,2,1
2019-11-22 20:00:00,3,1,2
2019-11-22 21:00:00,4,3,1
2019-11-22 22:00:00,0,0,0
2019-11-22 23:00:00,0,0,0
2019-11-23 00:00:00,0,0,0
2019-11-23 01:00:00,0,0,0
2019-11-23 02:00:00,0,0,0
2019-11-23 03:00:00,0,0,0
2019-11-23 04:00:00,0,0,0
2019-11-23 05:00:00,0,0,0
2019-11-23 06:00:00,8,3,5
2019-11-23 07:00:00,10,5,5
2019-11-23 08:00:00,50,28,22
2019-11-23 09:00:00,64,29,35
2019-11-23 10:00:00,63,29,34
2019-11-23 11:00:00,50,24,26
2019-11-23 12:00:00,43,17,26
2019-11-23 13:00:00,38,15,23
2019-11-23 14:00:00,26,15,11
2019-11-23 15:00:00,49,32,17
2019-11-23 16:00:00,34,10,24
2019-11-23 17:00:00,8,4,4
2019-11-23 18:00:00,0,0,0
2019-11-23 19:00:00,8,3,5
2019-11-23 20:00:00,7,2,5
2019-11-23 21:00:00,5,3,2
2019-11-23 22:00:00,1,0,1
2019-11-23 23:00:00,0,0,0
2019-11-24 00:00:00,0,0,0
2019-11-24 01:00:00,0,0,0
2019-11-24 02:00:00,0,0,0
2019-11-24 03:00:00,0,0,0
2019-11-24 04:00:00,0,0,0
2019-11-24 05:00:00,0,0,0
2019-11-24 06:00:00,2,1,1
2019-11-24 07:00:00,18,10,8
2019-11-24 08:00:00,59,25,34
2019-11-24 09:00:00,54,29,25
2019-11-24 10:00:00,67,37,30
2019-11-24 11:00:00,45,20,25
2019-11-24 12:00:00,51,23,28
2019-11-24 13:00:00,50,29,21
2019-11-24 14:00:00,53,24,29
2019-11-24 15:00:00,48,22,26
2019-11-24 16:00:00,40,16,24
2019-11-24 17:00:00,11,4,7
2019-11-24 18:00:00,4,3,1
2019-11-24 19:00:00,5,3,2
2019-11-24 20:00:00,2,1,1
2019-11-24 21:00:00,1,0,1
2019-11-24 22:00:00,0,0,0
2019-11-24 23:00:00,0,0,0
2019-11-25 00:00:00,0,0,0
2019-11-25 01:00:00,0,0,0
2019-11-25 02:00:00,0,0,0
2019-11-25 03:00:00,0,0,0
2019-11-25 04:00:00,0,0,0
2019-11-25 05:00:00,3,2,1
2019-11-25 06:00:00,5,1,4
2019-11-25 07:00:00,16,8,8
2019-11-25 08:00:00,20,10,10
2019-11-25 09:00:00,21,9,12
2019-11-25 10:00:00,20,10,10
2019-11-25 11:00:00,16,9,7
2019-11-25 12:00:00,19,9,10
2019-11-25 13:00:00,23,13,10
2019-11-25 14:00:00,23,11,12
2019-11-25 15:00:00,13,7,6
2019-11-25 16:00:00,13,6,7
2019-11-25 17:00:00,12,7,5
2019-11-25 18:00:00,9,6,3
2019-11-25 19:00:00,2,1,1
2019-11-25 20:00:00,3,2,1
2019-11-25 21:00:00,0,0,0
2019-11-25 22:00:00,0,0,0
2019-11-25 23:00:00,0,0,0
2019-11-26 00:00:00,0,0,0
2019-11-26 01:00:00,0,0,0
2019-11-26 02:00:00,0,0,0
2019-11-26 03:00:00,0,0,0
2019-11-26 04:00:00,0,0,0
2019-11-26 05:00:00,6,4,2
2019-11-26 06:00:00,7,4,3
2019-11-26 07:00:00,23,11,12
2019-11-26 08:00:00,26,14,12
2019-11-26 09:00:00,32,14,18
2019-11-26 10:00:00,16,5,11
2019-11-26 11:00:00,17,11,6
2019-11-26 12:00:00,35,14,21
2019-11-26 13:00:00,25,15,10
2019-11-26 14:00:00,28,13,15
2019-11-26 15:00:00,20,10,10
2019-11-26 16:00:00,28,11,17
2019-11-26 17:00:00,11,7,4
2019-11-26 18:00:00,5,1,4
2019-11-26 19:00:00,2,1,1
2019-11-26 20:00:00,1,1,0
2019-11-26 21:00:00,0,0,0
2019-11-26 22:00:00,0,0,0
2019-11-26 23:00:00,0,0,0
2019-11-27 00:00:00,0,0,0
2019-11-27 01:00:00,0,0,0
2019-11-27 02:00:00,0,0,0
2019-11-27 03:00:00,0,0,0
2019-11-27 04:00:00,0,0,0
2019-11-27 05:00:00,5,3,2
2019-11-27 06:00:00,6,3,3
2019-11-27 07:00:00,19,9,10
2019-11-27 08:00:00,25,13,12
2019-11-27 09:00:00,16,9,7
2019-11-27 10:00:00,23,12,11
2019-11-27 11:00:00,16,6,10
2019-11-27 12:00:00,22,12,10
2019-11-27 13:00:00,29,13,16
2019-11-27 14:00:00,21,7,14
2019-11-27 15:00:00,35,18,17
2019-11-27 16:00:00,30,13,17
2019-11-27 17:00:00,7,4,3
2019-11-27 18:00:00,6,3,3
2019-11-27 19:00:00,0,0,0
2019-11-27 20:00:00,0,0,0
2019-11-27 21:00:00,0,0,0
2019-11-27 22:00:00,3,2,1
2019-11-27 23:00:00,0,0,0
2019-11-28 00:00:00,2,1,1
2019-11-28 01:00:00,0,0,0
2019-11-28 02:00:00,0,0,0
2019-11-28 03:00:00,0,0,0
2019-11-28 04:00:00,0,0,0
2019-11-28 05:00:00,2,1,1
2019-11-28 06:00:00,0,0,0
2019-11-28 07:00:00,14,8,6
2019-11-28 08:00:00,36,17,19
2019-11-28 09:00:00,39,16,23
2019-11-28 10:00:00,73,38,35
2019-11-28 11:00:00,55,28,27
2019-11-28 12:00:00,53,26,27
2019-11-28 13:00:00,40,17,23
2019-11-28 14:00:00,34,19,15
2019-11-28 15:00:00,23,9,14
2019-11-28 16:00:00,14,4,10
2019-11-28 17:00:00,2,1,1
2019-11-28 18:00:00,0,0,0
2019-11-28 19:00:00,1,1,0
2019-11-28 20:00:00,1,0,1
2019-11-28 21:00:00,0,0,0
2019-11-28 22:00:00,0,0,0
2019-11-28 23:00:00,0,0,0
2019-11-29 00:00:00,0,0,0
2019-11-29 01:00:00,2,1,1
2019-11-29 02:00:00,0,0,0
2019-11-29 03:00:00,0,0,0
2019-11-29 04:00:00,0,0,0
2019-11-29 05:00:00,2,2,0
2019-11-29 06:00:00,2,1,1
2019-11-29 07:00:00,1,1,0
2019-11-29 08:00:00,24,11,13
2019-11-29 09:00:00,27,13,14
2019-11-29 10:00:00,32,18,14
2019-11-29 11:00:00,28,14,14
2019-11-29 12:00:00,25,10,15
2019-11-29 13:00:00,22,11,11
2019-11-29 14:00:00,20,12,8
2019-11-29 15:00:00,25,13,12
2019-11-29 16:00:00,23,12,11
2019-11-29 17:00:00,5,0,5
2019-11-29 18:00:00,0,0,0
2019-11-29 19:00:00,0,0,0
2019-11-29 20:00:00,0,0,0
2019-11-29 21:00:00,1,0,1
2019-11-29 22:00:00,0,0,0
2019-11-29 23:00:00,0,0,0
2019-11-30 00:00:00,0,0,0
2019-11-30 01:00:00,0,0,0
2019-11-30 02:00:00,0,0,0
2019-11-30 03:00:00,0,0,0
2019-11-30 04:00:00,0,0,0
2019-11-30 05:00:00,1,1,0
2019-11-30 06:00:00,0,0,0
2019-11-30 07:00:00,10,6,4
2019-11-30 08:00:00,20,10,10
2019-11-30 09:00:00,25,9,16
2019-11-30 10:00:00,41,27,14
2019-11-30 11:00:00,43,23,20
2019-11-30 12:00:00,36,17,19
2019-11-30 13:00:00,41,25,16
2019-11-30 14:00:00,46,27,19
2019-11-30 15:00:00,41,22,19
2019-11-30 16:00:00,27,7,20
2019-11-30 17:00:00,1,0,1
2019-11-30 18:00:00,5,2,3
2019-11-30 19:00:00,0,0,0
2019-11-30 20:00:00,17,10,7
2019-11-30 21:00:00,0,0,0
2019-11-30 22:00:00,0,0,0
2019-11-30 23:00:00,4,2,2
2020-02-03 21:00:00,1,1,0
2020-02-03 22:00:00,2,1,1
2020-02-03 23:00:00,0,0,0
2020-02-04 00:00:00,0,0,0
2020-02-04 01:00:00,0,0,0
2020-02-04 02:00:00,0,0,0
2020-02-04 03:00:00,0,0,0
2020-02-04 04:00:00,0,0,0
2020-02-04 05:00:00,9,6,3
2020-02-04 06:00:00,6,1,5
2020-02-04 07:00:00,16,7,9
2020-02-04 08:00:00,24,14,10
2020-02-04 09:00:00,30,14,16
2020-02-04 10:00:00,31,15,16
2020-02-04 11:00:00,11,4,7
2020-02-04 12:00:00,10,4,6
2020-02-04 13:00:00,9,7,2
2020-02-04 14:00:00,11,5,6
2020-02-04 15:00:00,16,8,8
2020-02-04 16:00:00,20,6,14
2020-02-04 17:00:00,12,6,6
2020-02-04 18:00:00,4,2,2
2020-02-04 19:00:00,2,2,0
2020-02-04 20:00:00,4,3,1
2020-02-04 21:00:00,3,2,1
2020-02-04 22:00:00,1,0,1
2020-02-04 23:00:00,1,1,0
2020-02-05 00:00:00,0,0,0
2020-02-05 01:00:00,0,0,0
2020-02-05 02:00:00,0,0,0
2020-02-05 03:00:00,0,0,0
2020-02-05 04:00:00,0,0,0
2020-02-05 05:00:00,8,5,3
2020-02-05 06:00:00,19,9,10
2020-02-05 07:00:00,8,2,6
2020-02-05 08:00:00,14,8,6
2020-02-05 09:00:00,25,11,14
2020-02-05 10:00:00,15,10,5
2020-02-05 11:00:00,5,2,3
2020-02-05 12:00:00,13,8,5
2020-02-05 13:00:00,7,2,5
2020-02-05 14:00:00,7,4,3
2020-02-05 15:00:00,9,4,5
2020-02-05 16:00:00,23,11,12
2020-02-05 17:00:00,7,3,4
2020-02-05 18:00:00,8,5,3
2019-12-01 00:00:00,0,0,0
2019-12-01 01:00:00,0,0,0
2019-12-01 02:00:00,0,0,0
2019-12-01 03:00:00,0,0,0
2019-12-01 04:00:00,0,0,0
2019-12-01 05:00:00,1,1,0
2019-12-01 06:00:00,0,0,0
2019-12-01 07:00:00,11,6,5
2019-12-01 08:00:00,1752,1324,428
2019-12-01 09:00:00,999,217,782
2019-12-01 10:00:00,170,16,154
2019-12-01 11:00:00,37,15,22
2019-12-01 12:00:00,28,13,15
2019-12-01 13:00:00,40,23,17
2019-12-01 14:00:00,26,13,13
2019-12-01 15:00:00,56,27,29
2019-12-01 16:00:00,14,4,10
2019-12-01 17:00:00,9,5,4
2019-12-01 18:00:00,3,1,2
2019-12-01 19:00:00,3,2,1
2019-12-01 20:00:00,5,3,2
2019-12-01 21:00:00,0,0,0
2019-12-01 22:00:00,0,0,0
2019-12-01 23:00:00,0,0,0
2019-12-02 00:00:00,0,0,0
2019-12-02 01:00:00,0,0,0
2019-12-02 02:00:00,0,0,0
2019-12-02 03:00:00,0,0,0
2019-12-02 04:00:00,0,0,0
2019-12-02 05:00:00,5,3,2
2019-12-02 06:00:00,11,5,6
2019-12-02 07:00:00,16,5,11
2019-12-02 08:00:00,23,10,13
2019-12-02 09:00:00,23,15,8
2019-12-02 10:00:00,15,10,5
2019-12-02 11:00:00,20,10,10
2019-12-02 12:00:00,38,21,17
2019-12-02 13:00:00,22,8,14
2019-12-02 14:00:00,15,8,7
2019-12-02 15:00:00,29,16,13
2019-12-02 16:00:00,32,14,18
2019-12-02 17:00:00,13,7,6
2019-12-02 18:00:00,2,1,1
2019-12-02 19:00:00,3,2,1
2019-12-02 20:00:00,1,0,1
2019-12-02 21:00:00,0,0,0
2019-12-02 22:00:00,0,0,0
2019-12-02 23:00:00,1,1,0
2019-12-03 00:00:00,1,0,1
2019-12-03 01:00:00,0,0,0
2019-12-03 02:00:00,1,0,1
2019-12-03 03:00:00,0,0,0
2019-12-03 04:00:00,0,0,0
2019-12-03 05:00:00,2,1,1
2019-12-03 06:00:00,9,6,3
2019-12-03 07:00:00,10,4,6
2019-12-03 08:00:00,35,17,18
2019-12-03 09:00:00,27,10,17
2019-12-03 10:00:00,47,24,23
2019-12-03 11:00:00,18,8,10
2019-12-03 12:00:00,27,15,12
2019-12-03 13:00:00,18,6,12
2019-12-03 14:00:00,23,12,11
2019-12-03 15:00:00,25,13,12
2019-12-03 16:00:00,28,12,16
2019-12-03 17:00:00,2,2,0
2019-12-03 18:00:00,10,4,6
2019-12-03 19:00:00,8,5,3
2019-12-03 20:00:00,4,2,2
2019-12-03 21:00:00,5,2,3
2019-12-03 22:00:00,2,1,1
2019-12-03 23:00:00,0,0,0
2019-12-04 00:00:00,0,0,0
2019-12-04 01:00:00,0,0,0
2019-12-04 02:00:00,0,0,0
2019-12-04 03:00:00,0,0,0
2019-12-04 04:00:00,0,0,0
2019-12-04 05:00:00,6,4,2
2019-12-04 06:00:00,9,3,6
2019-12-04 07:00:00,7,3,4
2019-12-04 08:00:00,19,8,11
2019-12-04 09:00:00,16,9,7
2019-12-04 10:00:00,21,10,11
2019-12-04 11:00:00,13,7,6
2019-12-04 12:00:00,19,11,8
2019-12-04 13:00:00,17,6,11
2019-12-04 14:00:00,15,7,8
2019-12-04 15:00:00,25,10,15
2019-12-04 16:00:00,27,13,14
2019-12-04 17:00:00,11,8,3
2019-12-04 18:00:00,6,3,3
2019-12-04 19:00:00,5,3,2
2019-12-04 20:00:00,0,0,0
2019-12-04 21:00:00,0,0,0
2019-12-04 22:00:00,2,1,1
2019-12-04 23:00:00,0,0,0
2019-12-05 00:00:00,0,0,0
2019-12-05 01:00:00,0,0,0
2019-12-05 02:00:00,0,0,0
2019-12-05 03:00:00,0,0,0
2019-12-05 04:00:00,0,0,0
2019-12-05 05:00:00,3,2,1
2019-12-05 06:00:00,7,2,5
2019-12-05 07:00:00,7,2,5
2019-12-05 08:00:00,33,18,15
2019-12-05 09:00:00,26,13,13
2019-12-05 10:00:00,20,9,11
2019-12-05 11:00:00,17,8,9
2019-12-05 12:00:00,22,13,9
2019-12-05 13:00:00,19,7,12
2019-12-05 14:00:00,13,5,8
2019-12-05 15:00:00,27,11,16
2019-12-05 16:00:00,25,13,12
2019-12-05 17:00:00,11,6,5
2019-12-05 18:00:00,6,3,3
2019-12-05 19:00:00,7,3,4
2019-12-05 20:00:00,1,0,1
2019-12-05 21:00:00,2,1,1
2019-12-05 22:00:00,2,1,1
2019-12-05 23:00:00,0,0,0
2019-12-06 00:00:00,0,0,0
2019-12-06 01:00:00,0,0,0
2019-12-06 02:00:00,0,0,0
2019-12-06 03:00:00,0,0,0
2019-12-06 04:00:00,0,0,0
2019-12-06 05:00:00,0,0,0
2019-12-06 06:00:00,13,5,8
2019-12-06 07:00:00,13,6,7
2019-12-06 08:00:00,30,13,17
2019-12-06 09:00:00,31,16,15
2019-12-06 10:00:00,22,7,15
2019-12-06 11:00:00,18,11,7
2019-12-06 12:00:00,22,14,8
2019-12-06 13:00:00,24,9,15
2019-12-06 14:00:00,33,17,16
2019-12-06 15:00:00,33,19,14
2019-12-06 16:00:00,30,12,18
2019-12-06 17:00:00,11,5,6
2019-12-06 18:00:00,3,1,2
2019-12-06 19:00:00,2,2,0
2019-12-06 20:00:00,2,1,1
2019-12-06 21:00:00,1,0,1
2019-12-06 22:00:00,3,1,2
2019-12-06 23:00:00,2,2,0
2019-12-07 00:00:00,1,0,1
2019-12-07 01:00:00,0,0,0
2019-12-07 02:00:00,0,0,0
2019-12-07 03:00:00,0,0,0
2019-12-07 04:00:00,0,0,0
2019-12-07 05:00:00,0,0,0
2019-12-07 06:00:00,1,1,0
2019-12-07 07:00:00,11,7,4
2019-12-07 08:00:00,25,12,13
2019-12-07 09:00:00,29,15,14
2019-12-07 10:00:00,47,19,28
2019-12-07 11:00:00,35,20,15
2019-12-07 12:00:00,33,16,17
2019-12-07 13:00:00,19,7,12
2019-12-07 14:00:00,22,11,11
2019-12-07 15:00:00,20,13,7
2019-12-07 16:00:00,12,4,8
2019-12-07 17:00:00,3,1,2
2019-12-07 18:00:00,2,1,1
2019-12-07 19:00:00,2,1,1
2019-12-07 20:00:00,0,0,0
2019-12-07 21:00:00,0,0,0
2019-12-07 22:00:00,5,2,3
2019-12-07 23:00:00,0,0,0
2019-12-08 00:00:00,2,1,1
2019-12-08 01:00:00,1,1,0
2019-12-08 02:00:00,2,1,1
2019-12-08 03:00:00,0,0,0
2019-12-08 04:00:00,0,0,0
2019-12-08 05:00:00,0,0,0
2019-12-08 06:00:00,2,1,1
2019-12-08 07:00:00,9,6,3
2019-12-08 08:00:00,41,20,21
2019-12-08 09:00:00,43,23,20
2019-12-08 10:00:00,40,20,20
2019-12-08 11:00:00,37,19,18
2019-12-08 12:00:00,38,18,20
2019-12-08 13:00:00,31,17,14
2019-12-08 14:00:00,43,25,18
2019-12-08 15:00:00,59,25,34
2019-12-08 16:00:00,29,12,17
2019-12-08 17:00:00,8,2,6
2019-12-08 18:00:00,4,3,1
2019-12-08 19:00:00,2,1,1
2019-12-08 20:00:00,2,2,0
2019-12-08 21:00:00,2,0,2
2019-12-08 22:00:00,0,0,0
2019-12-08 23:00:00,0,0,0
2019-12-09 00:00:00,0,0,0
2019-12-09 01:00:00,0,0,0
2019-12-09 02:00:00,0,0,0
2019-12-09 03:00:00,0,0,0
2019-12-09 04:00:00,2,1,1
2019-12-09 05:00:00,3,2,1
2019-12-09 06:00:00,10,3,7
2019-12-09 07:00:00,13,6,7
2019-12-09 08:00:00,15,5,10
2019-12-09 09:00:00,17,8,9
2019-12-09 10:00:00,13,6,7
2019-12-09 11:00:00,27,13,14
2019-12-09 12:00:00,29,18,11
2019-12-09 13:00:00,21,9,12
2019-12-09 14:00:00,17,11,6
2019-12-09 15:00:00,33,13,20
2019-12-09 16:00:00,23,7,16
2019-12-09 17:00:00,20,12,8
2019-12-09 18:00:00,9,6,3
2019-12-09 19:00:00,12,8,4
2019-12-09 20:00:00,4,2,2
2019-12-09 21:00:00,2,2,0
2019-12-09 22:00:00,1,0,1
2019-12-09 23:00:00,0,0,0
2019-12-10 00:00:00,0,0,0
2019-12-10 01:00:00,0,0,0
2019-12-10 02:00:00,0,0,0
2019-12-10 03:00:00,0,0,0
2019-12-10 04:00:00,1,0,1
2019-12-10 05:00:00,4,2,2
2019-12-10 06:00:00,3,0,3
2019-12-10 07:00:00,13,5,8
2019-12-10 08:00:00,30,13,17
2019-12-10 09:00:00,24,11,13
2019-12-10 10:00:00,11,7,4
2019-12-10 11:00:00,18,12,6
2019-12-10 12:00:00,14,7,7
2019-12-10 13:00:00,10,4,6
2019-12-10 14:00:00,13,7,6
2019-12-10 15:00:00,12,7,5
2019-12-10 16:00:00,12,5,7
2019-12-10 17:00:00,12,8,4
2019-12-10 18:00:00,8,2,6
2019-12-10 19:00:00,4,2,2
2019-12-10 20:00:00,5,3,2
2019-12-10 21:00:00,6,3,3
2019-12-10 22:00:00,0,0,0
2019-12-10 23:00:00,2,2,0
2019-12-11 00:00:00,0,0,0
2019-12-11 01:00:00,0,0,0
2019-12-11 02:00:00,0,0,0
2019-12-11 03:00:00,0,0,0
2019-12-11 04:00:00,0,0,0
2019-12-11 05:00:00,6,2,4
2019-12-11 06:00:00,7,3,4
2019-12-11 07:00:00,7,4,3
2019-12-11 08:00:00,24,12,12
2019-12-11 09:00:00,42,22,20
2019-12-11 10:00:00,25,9,16
2019-12-11 11:00:00,11,7,4
2019-12-11 12:00:00,19,9,10
2019-12-11 13:00:00,12,4,8
2019-12-11 14:00:00,15,6,9
2019-12-11 15:00:00,23,17,6
2019-12-11 16:00:00,19,10,9
2019-12-11 17:00:00,5,4,1
2019-12-11 18:00:00,6,3,3
2019-12-11 19:00:00,4,2,2
2019-12-11 20:00:00,7,4,3
2019-12-11 21:00:00,4,2,2
2019-12-11 22:00:00,0,0,0
2019-12-11 23:00:00,0,0,0
2019-12-12 00:00:00,0,0,0
2019-12-12 01:00:00,2,1,1
2019-12-12 02:00:00,0,0,0
2019-12-12 03:00:00,0,0,0
2019-12-12 04:00:00,3,1,2
2019-12-12 05:00:00,2,1,1
2019-12-12 06:00:00,5,2,3
2019-12-12 07:00:00,7,4,3
2019-12-12 08:00:00,17,7,10
2019-12-12 09:00:00,13,7,6
2019-12-12 10:00:00,15,7,8
2019-12-12 11:00:00,14,7,7
2019-12-12 12:00:00,8,5,3
2019-12-12 13:00:00,13,6,7
2019-12-12 14:00:00,15,9,6
2019-12-12 15:00:00,11,7,4
2019-12-12 16:00:00,12,7,5
2019-12-12 17:00:00,6,3,3
2019-12-12 18:00:00,6,3,3
2019-12-12 19:00:00,5,2,3
2019-12-12 20:00:00,1,0,1
2019-12-12 21:00:00,2,0,2
2019-12-12 22:00:00,2,1,1
2019-12-12 23:00:00,2,1,1
2019-12-13 00:00:00,0,0,0
2019-12-13 01:00:00,0,0,0
2019-12-13 02:00:00,0,0,0
2019-12-13 03:00:00,0,0,0
2019-12-13 04:00:00,0,0,0
2019-12-13 05:00:00,5,3,2
2019-12-13 06:00:00,7,4,3
2019-12-13 07:00:00,12,5,7
2019-12-13 08:00:00,29,14,15
2019-12-13 09:00:00,28,12,16
2019-12-13 10:00:00,19,8,11
2019-12-13 11:00:00,31,16,15
2019-12-13 12:00:00,15,6,9
2019-12-13 13:00:00,23,13,10
2019-12-13 14:00:00,12,6,6
2019-12-13 15:00:00,20,11,9
2019-12-13 16:00:00,16,6,10
2019-12-13 17:00:00,6,4,2
2019-12-13 18:00:00,4,1,3
2019-12-13 19:00:00,0,0,0
2019-12-13 20:00:00,0,0,0
2019-12-13 21:00:00,2,1,1
2019-12-13 22:00:00,1,1,0
2019-12-13 23:00:00,0,0,0
2019-12-14 00:00:00,2,1,1
2019-12-14 01:00:00,0,0,0
2019-12-14 02:00:00,0,0,0
2019-12-14 03:00:00,0,0,0
2019-12-14 04:00:00,0,0,0
2019-12-14 05:00:00,0,0,0
2019-12-14 06:00:00,4,2,2
2019-12-14 07:00:00,13,5,8
2019-12-14 08:00:00,35,16,19
2019-12-14 09:00:00,37,20,17
2019-12-14 10:00:00,37,18,19
2019-12-14 11:00:00,34,15,19
2019-12-14 12:00:00,26,9,17
2019-12-14 13:00:00,32,18,14
2019-12-14 14:00:00,20,8,12
2019-12-14 15:00:00,21,8,13
2019-12-14 16:00:00,17,9,8
2019-12-14 17:00:00,12,4,8
2019-12-14 18:00:00,2,1,1
2019-12-14 19:00:00,3,2,1
2019-12-14 20:00:00,5,1,4
2019-12-14 21:00:00,0,0,0
2019-12-14 22:00:00,0,0,0
2019-12-14 23:00:00,0,0,0
2019-12-15 00:00:00,0,0,0
2019-12-15 01:00:00,0,0,0
2019-12-15 02:00:00,2,1,1
2019-12-15 03:00:00,0,0,0
2019-12-15 04:00:00,0,0,0
2019-12-15 05:00:00,0,0,0
2019-12-15 06:00:00,2,1,1
2019-12-15 07:00:00,13,6,7
2019-12-15 08:00:00,25,11,14
2019-12-15 09:00:00,36,16,20
2019-12-15 10:00:00,48,26,22
2019-12-15 11:00:00,31,15,16
2019-12-15 12:00:00,29,15,14
2019-12-15 13:00:00,23,8,15
2019-12-15 14:00:00,32,20,12
2019-12-15 15:00:00,35,16,19
2019-12-15 16:00:00,22,8,14
2019-12-15 17:00:00,7,4,3
2019-12-15 18:00:00,2,0,2
2019-12-15 19:00:00,0,0,0
2019-12-15 20:00:00,0,0,0
2019-12-15 21:00:00,0,0,0
2019-12-15 22:00:00,0,0,0
2019-12-15 23:00:00,0,0,0
2019-12-16 00:00:00,0,0,0
2019-12-16 01:00:00,0,0,0
2019-12-16 02:00:00,0,0,0
2019-12-16 03:00:00,0,0,0
2019-12-16 04:00:00,0,0,0
2019-12-16 05:00:00,3,1,2
2019-12-16 06:00:00,5,1,4
2019-12-16 07:00:00,13,8,5
2019-12-16 08:00:00,23,11,12
2019-12-16 09:00:00,18,7,11
2019-12-16 10:00:00,22,10,12
2019-12-16 11:00:00,15,7,8
2019-12-16 12:00:00,12,7,5
2019-12-16 13:00:00,14,6,8
2019-12-16 14:00:00,14,7,7
2019-12-16 15:00:00,17,9,8
2019-12-16 16:00:00,31,16,15
2019-12-16 17:00:00,16,9,7
2019-12-16 18:00:00,11,6,5
2019-12-16 19:00:00,5,1,4
2019-12-16 20:00:00,2,2,0
2019-12-16 21:00:00,1,0,1
2019-12-16 22:00:00,0,0,0
2019-12-16 23:00:00,0,0,0
2019-12-17 00:00:00,0,0,0
2019-12-17 01:00:00,0,0,0
2019-12-17 02:00:00,0,0,0
2019-12-17 03:00:00,0,0,0
2019-12-17 04:00:00,0,0,0
2019-12-17 05:00:00,7,4,3
2019-12-17 06:00:00,17,7,10
2019-12-17 07:00:00,5,2,3
2019-12-17 08:00:00,26,14,12
2019-12-17 09:00:00,27,9,18
2019-12-17 10:00:00,18,8,10
2019-12-17 11:00:00,19,8,11
2019-12-17 12:00:00,23,12,11
2019-12-17 13:00:00,18,10,8
2019-12-17 14:00:00,20,11,9
2019-12-17 15:00:00,18,7,11
2019-12-17 16:00:00,16,8,8
2019-12-17 17:00:00,11,5,6
2019-12-17 18:00:00,2,2,0
2019-12-17 19:00:00,4,2,2
2019-12-17 20:00:00,1,1,0
2019-12-17 21:00:00,3,1,2
2019-12-17 22:00:00,0,0,0
2019-12-17 23:00:00,0,0,0
2019-12-18 00:00:00,0,0,0
2019-12-18 01:00:00,0,0,0
2019-12-18 02:00:00,0,0,0
2019-12-18 03:00:00,0,0,0
2019-12-18 04:00:00,1,1,0
2019-12-18 05:00:00,3,1,2
2019-12-18 06:00:00,7,3,4
2019-12-18 07:00:00,7,2,5
2019-12-18 08:00:00,36,20,16
2019-12-18 09:00:00,22,8,14
2019-12-18 10:00:00,16,7,9
2019-12-18 11:00:00,14,9,5
2019-12-18 12:00:00,15,8,7
2019-12-18 13:00:00,21,10,11
2019-12-18 14:00:00,18,12,6
2019-12-18 15:00:00,30,12,18
2019-12-18 16:00:00,20,9,11
2019-12-18 17:00:00,10,4,6
2019-12-18 18:00:00,6,4,2
2019-12-18 19:00:00,3,2,1
2019-12-18 20:00:00,1,0,1
2019-12-18 21:00:00,0,0,0
2019-12-18 22:00:00,0,0,0
2019-12-18 23:00:00,0,0,0
2019-12-19 00:00:00,0,0,0
2019-12-19 01:00:00,0,0,0
2019-12-19 02:00:00,1,1,0
2019-12-19 03:00:00,0,0,0
2019-12-19 04:00:00,1,1,0
2019-12-19 05:00:00,1,0,1
2019-12-19 06:00:00,12,7,5
2019-12-19 07:00:00,10,6,4
2019-12-19 08:00:00,28,15,13
2019-12-19 09:00:00,25,10,15
2019-12-19 10:00:00,18,10,8
2019-12-19 11:00:00,25,9,16
2019-12-19 12:00:00,13,4,9
2019-12-19 13:00:00,10,5,5
2019-12-19 14:00:00,4,2,2
2019-12-19 15:00:00,6,4,2
2019-12-19 16:00:00,14,7,7
2019-12-19 17:00:00,10,5,5
2019-12-19 18:00:00,1,0,1
2019-12-19 19:00:00,2,1,1
2019-12-19 20:00:00,0,0,0
2019-12-19 21:00:00,2,1,1
2019-12-19 22:00:00,0,0,0
2019-12-19 23:00:00,0,0,0
2019-12-20 00:00:00,0,0,0
2019-12-20 01:00:00,0,0,0
2019-12-20 02:00:00,0,0,0
2019-12-20 03:00:00,0,0,0
2019-12-20 04:00:00,0,0,0
2019-12-20 05:00:00,0,0,0
2019-12-20 06:00:00,6,3,3
2019-12-20 07:00:00,4,2,2
2019-12-20 08:00:00,4,2,2
2019-12-20 09:00:00,6,4,2
2019-12-20 10:00:00,6,1,5
2019-12-20 11:00:00,6,4,2
2019-12-20 12:00:00,7,3,4
2019-12-20 13:00:00,4,2,2
2019-12-20 14:00:00,3,1,2
2019-12-20 15:00:00,14,7,7
2019-12-20 16:00:00,11,6,5
2019-12-20 17:00:00,0,0,0
2019-12-20 18:00:00,2,1,1
2019-12-20 19:00:00,0,0,0
2019-12-20 20:00:00,4,1,3
2019-12-20 21:00:00,2,1,1
2019-12-20 22:00:00,0,0,0
2019-12-20 23:00:00,2,1,1
2019-12-21 00:00:00,2,1,1
2019-12-21 01:00:00,0,0,0
2019-12-21 02:00:00,0,0,0
2019-12-21 03:00:00,0,0,0
2019-12-21 04:00:00,0,0,0
2019-12-21 05:00:00,0,0,0
2019-12-21 06:00:00,0,0,0
2019-12-21 07:00:00,8,7,1
2019-12-21 08:00:00,18,9,9
2019-12-21 09:00:00,24,12,12
2019-12-21 10:00:00,37,18,19
2019-12-21 11:00:00,25,12,13
2019-12-21 12:00:00,28,16,12
2019-12-21 13:00:00,21,10,11
2019-12-21 14:00:00,18,9,9
2019-12-21 15:00:00,31,16,15
2019-12-21 16:00:00,22,11,11
2019-12-21 17:00:00,3,1,2
2019-12-21 18:00:00,2,1,1
2019-12-21 19:00:00,0,0,0
2019-12-21 20:00:00,2,1,1
2019-12-21 21:00:00,1,0,1
2019-12-21 22:00:00,3,1,2
2019-12-21 23:00:00,0,0,0
2019-12-22 00:00:00,0,0,0
2019-12-22 01:00:00,0,0,0
2019-12-22 02:00:00,0,0,0
2019-12-22 03:00:00,0,0,0
2019-12-22 04:00:00,0,0,0
2019-12-22 05:00:00,0,0,0
2019-12-22 06:00:00,2,1,1
2019-12-22 07:00:00,8,4,4
2019-12-22 08:00:00,36,20,16
2019-12-22 09:00:00,45,23,22
2019-12-22 10:00:00,67,28,39
2019-12-22 11:00:00,35,17,18
2019-12-22 12:00:00,31,16,15
2019-12-22 13:00:00,37,14,23
2019-12-22 14:00:00,23,13,10
2019-12-22 15:00:00,45,19,26
2019-12-22 16:00:00,27,14,13
2019-12-22 17:00:00,10,4,6
2019-12-22 18:00:00,2,1,1
2019-12-22 19:00:00,0,0,0
2019-12-22 20:00:00,1,1,0
2019-12-22 21:00:00,1,0,1
2019-12-22 22:00:00,0,0,0
2019-12-22 23:00:00,0,0,0
2019-12-23 00:00:00,0,0,0
2019-12-23 01:00:00,0,0,0
2019-12-23 02:00:00,0,0,0
2019-12-23 03:00:00,0,0,0
2019-12-23 04:00:00,0,0,0
2019-12-23 05:00:00,0,0,0
2019-12-23 06:00:00,4,2,2
2019-12-23 07:00:00,6,3,3
2019-12-23 08:00:00,19,8,11
2019-12-23 09:00:00,20,10,10
2019-12-23 10:00:00,18,8,10
2019-12-23 11:00:00,17,8,9
2019-12-23 12:00:00,24,11,13
2019-12-23 13:00:00,27,13,14
2019-12-23 14:00:00,17,8,9
2019-12-23 15:00:00,29,15,14
2019-12-23 16:00:00,15,6,9
2019-12-23 17:00:00,8,2,6
2019-12-23 18:00:00,1,0,1
2019-12-23 19:00:00,3,2,1
2019-12-23 20:00:00,4,2,2
2019-12-23 21:00:00,1,1,0
2019-12-23 22:00:00,2,1,1
2019-12-23 23:00:00,0,0,0
2019-12-24 00:00:00,0,0,0
2019-12-24 01:00:00,0,0,0
2019-12-24 02:00:00,0,0,0
2019-12-24 03:00:00,0,0,0
2019-12-24 04:00:00,0,0,0
2019-12-24 05:00:00,1,1,0
2019-12-24 06:00:00,9,5,4
2019-12-24 07:00:00,4,2,2
2019-12-24 08:00:00,32,19,13
2019-12-24 09:00:00,39,18,21
2019-12-24 10:00:00,26,12,14
2019-12-24 11:00:00,22,9,13
2019-12-24 12:00:00,41,18,23
2019-12-24 13:00:00,33,16,17
2019-12-24 14:00:00,20,12,8
2019-12-24 15:00:00,18,8,10
2019-12-24 16:00:00,11,4,7
2019-12-24 17:00:00,6,2,4
2019-12-24 18:00:00,0,0,0
2019-12-24 19:00:00,0,0,0
2019-12-24 20:00:00,5,5,0
2019-12-24 21:00:00,0,0,0
2019-12-24 22:00:00,0,0,0
2019-12-24 23:00:00,0,0,0
2019-12-25 00:00:00,0,0,0
2019-12-25 01:00:00,0,0,0
2019-12-25 02:00:00,0,0,0
2019-12-25 03:00:00,0,0,0
2019-12-25 04:00:00,0,0,0
2019-12-25 05:00:00,1,1,0
2019-12-25 06:00:00,3,1,2
2019-12-25 07:00:00,6,3,3
2019-12-25 08:00:00,17,8,9
2019-12-25 09:00:00,23,13,10
2019-12-25 10:00:00,14,6,8
2019-12-25 11:00:00,45,25,20
2019-12-25 12:00:00,35,19,16
2019-12-25 13:00:00,47,22,25
2019-12-25 14:00:00,49,29,20
2019-12-25 15:00:00,47,22,25
2019-12-25 16:00:00,42,20,22
2019-12-25 17:00:00,9,3,6
2019-12-25 18:00:00,0,0,0
2019-12-25 19:00:00,0,0,0
2019-12-25 20:00:00,0,0,0
2019-12-25 21:00:00,0,0,0
2019-12-25 22:00:00,0,0,0
2019-12-25 23:00:00,0,0,0
2019-12-26 00:00:00,0,0,0
2019-12-26 01:00:00,0,0,0
2019-12-26 02:00:00,0,0,0
2019-12-26 03:00:00,0,0,0
2019-12-26 04:00:00,0,0,0
2019-12-26 05:00:00,1,0,1
2019-12-26 06:00:00,4,3,1
2019-12-26 07:00:00,0,0,0
2019-12-26 08:00:00,14,5,9
2019-12-26 09:00:00,34,15,19
2019-12-26 10:00:00,24,11,13
2019-12-26 11:00:00,25,16,9
2019-12-26 12:00:00,37,15,22
2019-12-26 13:00:00,30,14,16
2019-12-26 14:00:00,22,9,13
2019-12-26 15:00:00,41,25,16
2019-12-26 16:00:00,28,10,18
2019-12-26 17:00:00,9,4,5
2019-12-26 18:00:00,4,3,1
2019-12-26 19:00:00,5,2,3
2019-12-26 20:00:00,0,0,0
2019-12-26 21:00:00,0,0,0
2019-12-26 22:00:00,3,2,1
2019-12-26 23:00:00,2,1,1
2019-12-27 00:00:00,2,1,1
2019-12-27 01:00:00,0,0,0
2019-12-27 02:00:00,0,0,0
2019-12-27 03:00:00,0,0,0
2019-12-27 04:00:00,1,1,0
2019-12-27 05:00:00,2,1,1
2019-12-27 06:00:00,3,1,2
2019-12-27 07:00:00,5,2,3
2019-12-27 08:00:00,23,13,10
2019-12-27 09:00:00,25,13,12
2019-12-27 10:00:00,36,17,19
2019-12-27 11:00:00,32,14,18
2019-12-27 12:00:00,25,11,14
2019-12-27 13:00:00,23,14,9
2019-12-27 14:00:00,20,8,12
2019-12-27 15:00:00,17,8,9
2019-12-27 16:00:00,28,12,16
2019-12-27 17:00:00,5,3,2
2019-12-27 18:00:00,1,0,1
2019-12-27 19:00:00,0,0,0
2019-12-27 20:00:00,0,0,0
2019-12-27 21:00:00,0,0,0
2019-12-27 22:00:00,2,1,1
2019-12-27 23:00:00,0,0,0
2019-12-28 00:00:00,4,2,2
2019-12-28 01:00:00,0,0,0
2019-12-28 02:00:00,0,0,0
2019-12-28 03:00:00,0,0,0
2019-12-28 04:00:00,0,0,0
2019-12-28 05:00:00,0,0,0
2019-12-28 06:00:00,2,1,1
2019-12-28 07:00:00,8,5,3
2019-12-28 08:00:00,38,17,21
2019-12-28 09:00:00,32,18,14
2019-12-28 10:00:00,49,25,24
2019-12-28 11:00:00,50,25,25
2019-12-28 12:00:00,55,29,26
2019-12-28 13:00:00,32,12,20
2019-12-28 14:00:00,32,15,17
2019-12-28 15:00:00,19,12,7
2019-12-28 16:00:00,19,10,9
2019-12-28 17:00:00,10,3,7
2019-12-28 18:00:00,0,0,0
2019-12-28 19:00:00,0,0,0
2019-12-28 20:00:00,2,1,1
2019-12-28 21:00:00,0,0,0
2019-12-28 22:00:00,0,0,0
2019-12-28 23:00:00,2,1,1
2019-12-29 00:00:00,1,1,0
2019-12-29 01:00:00,1,0,1
2019-12-29 02:00:00,0,0,0
2019-12-29 03:00:00,0,0,0
2019-12-29 04:00:00,0,0,0
2019-12-29 05:00:00,0,0,0
2019-12-29 06:00:00,3,1,2
2019-12-29 07:00:00,5,3,2
2019-12-29 08:00:00,27,19,8
2019-12-29 09:00:00,45,22,23
2019-12-29 10:00:00,61,28,33
2019-12-29 11:00:00,37,17,20
2019-12-29 12:00:00,39,19,20
2019-12-29 13:00:00,44,20,24
2019-12-29 14:00:00,55,22,33
2019-12-29 15:00:00,33,17,16
2019-12-29 16:00:00,26,10,16
2019-12-29 17:00:00,8,4,4
2019-12-29 18:00:00,7,4,3
2019-12-29 19:00:00,0,0,0
2019-12-29 20:00:00,6,3,3
2019-12-29 21:00:00,0,0,0
2019-12-29 22:00:00,0,0,0
2019-12-29 23:00:00,2,1,1
2019-12-30 00:00:00,2,1,1
2019-12-30 01:00:00,0,0,0
2019-12-30 02:00:00,1,1,0
2019-12-30 03:00:00,0,0,0
2019-12-30 04:00:00,0,0,0
2019-12-30 05:00:00,2,1,1
2019-12-30 06:00:00,6,2,4
2019-12-30 07:00:00,8,3,5
2019-12-30 08:00:00,24,14,10
2019-12-30 09:00:00,15,8,7
2019-12-30 10:00:00,31,14,17
2019-12-30 11:00:00,13,4,9
2019-12-30 12:00:00,12,8,4
2019-12-30 13:00:00,24,11,13
2019-12-30 14:00:00,16,9,7
2019-12-30 15:00:00,19,10,9
2019-12-30 16:00:00,31,17,14
2019-12-30 17:00:00,10,5,5
2019-12-30 18:00:00,3,2,1
2019-12-30 19:00:00,1,1,0
2019-12-30 20:00:00,0,0,0
2019-12-30 21:00:00,2,2,0
2019-12-30 22:00:00,1,0,1
2019-12-30 23:00:00,0,0,0
2019-12-31 00:00:00,3,2,1
2019-12-31 01:00:00,0,0,0
2019-12-31 02:00:00,3,2,1
2019-12-31 03:00:00,1,0,1
2019-12-31 04:00:00,1,1,0
2019-12-31 05:00:00,1,0,1
2019-12-31 06:00:00,6,3,3
2019-12-31 07:00:00,6,0,6
2019-12-31 08:00:00,22,12,10
2019-12-31 09:00:00,32,18,14
2019-12-31 10:00:00,32,18,14
2019-12-31 11:00:00,34,16,18
2019-12-31 12:00:00,16,6,10
2019-12-31 13:00:00,20,12,8
2019-12-31 14:00:00,27,17,10
2019-12-31 15:00:00,21,10,11
2019-12-31 16:00:00,21,10,11
2019-12-31 17:00:00,4,1,3
2019-12-31 18:00:00,10,4,6
2019-12-31 19:00:00,3,2,1
2019-12-31 20:00:00,0,0,0
2019-12-31 21:00:00,3,1,2
2019-12-31 22:00:00,0,0,0
2019-12-31 23:00:00,1,1,0
2020-02-05 19:00:00,2,1,1
2020-02-05 20:00:00,0,0,0
2020-02-05 21:00:00,0,0,0
2020-02-05 22:00:00,2,1,1
2020-02-05 23:00:00,2,1,1
2020-02-06 00:00:00,0,0,0
2020-02-06 01:00:00,2,1,1
2020-02-06 02:00:00,0,0,0
2020-02-06 03:00:00,0,0,0
2020-02-06 04:00:00,0,0,0
2020-02-06 05:00:00,4,3,1
2020-02-06 06:00:00,5,2,3
2020-02-06 07:00:00,10,4,6
2020-02-06 08:00:00,13,7,6
2020-02-06 09:00:00,24,14,10
2020-02-06 10:00:00,18,5,13
2020-02-06 11:00:00,8,5,3
2020-02-06 12:00:00,14,10,4
2020-02-06 13:00:00,10,3,7
2020-02-06 14:00:00,7,2,5
2020-02-06 15:00:00,8,4,4
2020-02-06 16:00:00,33,15,18
2020-02-06 17:00:00,22,10,12
2020-02-06 18:00:00,3,1,2
2020-01-01 00:00:00,2,1,1
2020-01-01 01:00:00,1,0,1
2020-01-01 02:00:00,0,0,0
2020-01-01 03:00:00,0,0,0
2020-01-01 04:00:00,1,1,0
2020-01-01 05:00:00,0,0,0
2020-01-01 06:00:00,4,2,2
2020-01-01 07:00:00,4,3,1
2020-01-01 08:00:00,4,3,1
2020-01-01 09:00:00,28,15,13
2020-01-01 10:00:00,50,28,22
2020-01-01 11:00:00,62,35,27
2020-01-01 12:00:00,37,11,26
2020-01-01 13:00:00,49,24,25
2020-01-01 14:00:00,57,30,27
2020-01-01 15:00:00,49,25,24
2020-01-01 16:00:00,33,11,22
2020-01-01 17:00:00,5,2,3
2020-01-01 18:00:00,5,1,4
2020-01-01 19:00:00,3,3,0
2020-01-01 20:00:00,0,0,0
2020-01-01 21:00:00,1,0,1
2020-01-01 22:00:00,2,2,0
2020-01-01 23:00:00,6,2,4
2020-01-02 00:00:00,0,0,0
2020-01-02 01:00:00,0,0,0
2020-01-02 02:00:00,0,0,0
2020-01-02 03:00:00,0,0,0
2020-01-02 04:00:00,0,0,0
2020-01-02 05:00:00,2,1,1
2020-01-02 06:00:00,10,4,6
2020-01-02 07:00:00,6,2,4
2020-01-02 08:00:00,18,8,10
2020-01-02 09:00:00,36,17,19
2020-01-02 10:00:00,27,12,15
2020-01-02 11:00:00,13,5,8
2020-01-02 12:00:00,13,7,6
2020-01-02 13:00:00,6,3,3
2020-01-02 14:00:00,3,1,2
2020-01-02 15:00:00,25,15,10
2020-01-02 16:00:00,21,9,12
2020-01-02 17:00:00,3,2,1
2020-01-02 18:00:00,12,5,7
2020-01-02 19:00:00,3,3,0
2020-01-02 20:00:00,0,0,0
2020-01-02 21:00:00,0,0,0
2020-01-02 22:00:00,0,0,0
2020-01-02 23:00:00,0,0,0
2020-01-03 00:00:00,0,0,0
2020-01-03 01:00:00,1,1,0
2020-01-03 02:00:00,3,1,2
2020-01-03 03:00:00,0,0,0
2020-01-03 04:00:00,0,0,0
2020-01-03 05:00:00,3,1,2
2020-01-03 06:00:00,3,1,2
2020-01-03 07:00:00,6,2,4
2020-01-03 08:00:00,32,13,19
2020-01-03 09:00:00,31,16,15
2020-01-03 10:00:00,38,19,19
2020-01-03 11:00:00,34,17,17
2020-01-03 12:00:00,34,16,18
2020-01-03 13:00:00,29,14,15
2020-01-03 14:00:00,28,18,10
2020-01-03 15:00:00,23,10,13
2020-01-03 16:00:00,29,9,20
2020-01-03 17:00:00,15,6,9
2020-01-03 18:00:00,9,4,5
2020-01-03 19:00:00,6,3,3
2020-01-03 20:00:00,2,1,1
2020-01-03 21:00:00,4,2,2
2020-01-03 22:00:00,2,1,1
2020-01-03 23:00:00,0,0,0
2020-01-04 00:00:00,0,0,0
2020-01-04 01:00:00,0,0,0
2020-01-04 02:00:00,0,0,0
2020-01-04 03:00:00,2,1,1
2020-01-04 04:00:00,0,0,0
2020-01-04 05:00:00,2,1,1
2020-01-04 06:00:00,2,1,1
2020-01-04 07:00:00,12,8,4
2020-01-04 08:00:00,22,13,9
2020-01-04 09:00:00,56,29,27
2020-01-04 10:00:00,64,38,26
2020-01-04 11:00:00,74,35,39
2020-01-04 12:00:00,47,22,25
2020-01-04 13:00:00,43,25,18
2020-01-04 14:00:00,42,20,22
2020-01-04 15:00:00,31,13,18
2020-01-04 16:00:00,22,10,12
2020-01-04 17:00:00,7,2,5
2020-01-04 18:00:00,0,0,0
2020-01-04 19:00:00,3,1,2
2020-01-04 20:00:00,4,2,2
2020-01-04 21:00:00,2,0,2
2020-01-04 22:00:00,0,0,0
2020-01-04 23:00:00,2,1,1
2020-01-05 00:00:00,0,0,0
2020-01-05 01:00:00,0,0,0
2020-01-05 02:00:00,0,0,0
2020-01-05 03:00:00,0,0,0
2020-01-05 04:00:00,0,0,0
2020-01-05 05:00:00,0,0,0
2020-01-05 06:00:00,6,4,2
2020-01-05 07:00:00,9,6,3
2020-01-05 08:00:00,27,15,12
2020-01-05 09:00:00,37,19,18
2020-01-05 10:00:00,18,6,12
2020-01-05 11:00:00,19,11,8
2020-01-05 12:00:00,32,14,18
2020-01-05 13:00:00,34,19,15
2020-01-05 14:00:00,37,20,17
2020-01-05 15:00:00,45,21,24
2020-01-05 16:00:00,30,13,17
2020-01-05 17:00:00,13,5,8
2020-01-05 18:00:00,9,6,3
2020-01-05 19:00:00,2,0,2
2020-01-05 20:00:00,7,3,4
2020-01-05 21:00:00,3,2,1
2020-01-05 22:00:00,2,1,1
2020-01-05 23:00:00,0,0,0
2020-01-06 00:00:00,0,0,0
2020-01-06 01:00:00,0,0,0
2020-01-06 02:00:00,0,0,0
2020-01-06 03:00:00,2,1,1
2020-01-06 04:00:00,0,0,0
2020-01-06 05:00:00,5,2,3
2020-01-06 06:00:00,8,5,3
2020-01-06 07:00:00,11,3,8
2020-01-06 08:00:00,32,15,17
2020-01-06 09:00:00,14,7,7
2020-01-06 10:00:00,20,8,12
2020-01-06 11:00:00,32,17,15
2020-01-06 12:00:00,13,8,5
2020-01-06 13:00:00,17,8,9
2020-01-06 14:00:00,19,11,8
2020-01-06 15:00:00,28,16,12
2020-01-06 16:00:00,41,17,24
2020-01-06 17:00:00,10,5,5
2020-01-06 18:00:00,11,5,6
2020-01-06 19:00:00,3,2,1
2020-01-06 20:00:00,1,1,0
2020-01-06 21:00:00,1,1,0
2020-01-06 22:00:00,3,2,1
2020-01-06 23:00:00,0,0,0
2020-01-07 00:00:00,0,0,0
2020-01-07 01:00:00,0,0,0
2020-01-07 02:00:00,0,0,0
2020-01-07 03:00:00,0,0,0
2020-01-07 04:00:00,0,0,0
2020-01-07 05:00:00,3,2,1
2020-01-07 06:00:00,8,4,4
2020-01-07 07:00:00,7,4,3
2020-01-07 08:00:00,29,17,12
2020-01-07 09:00:00,37,14,23
2020-01-07 10:00:00,36,19,17
2020-01-07 11:00:00,18,6,12
2020-01-07 12:00:00,14,9,5
2020-01-07 13:00:00,20,9,11
2020-01-07 14:00:00,21,11,10
2020-01-07 15:00:00,28,15,13
2020-01-07 16:00:00,19,8,11
2020-01-07 17:00:00,11,6,5
2020-01-07 18:00:00,10,6,4
2020-01-07 19:00:00,0,0,0
2020-01-07 20:00:00,0,0,0
2020-01-07 21:00:00,1,0,1
2020-01-07 22:00:00,2,1,1
2020-01-07 23:00:00,0,0,0
2020-01-08 00:00:00,0,0,0
2020-01-08 01:00:00,2,1,1
2020-01-08 02:00:00,0,0,0
2020-01-08 03:00:00,0,0,0
2020-01-08 04:00:00,0,0,0
2020-01-08 05:00:00,3,2,1
2020-01-08 06:00:00,16,8,8
2020-01-08 07:00:00,9,2,7
2020-01-08 08:00:00,26,10,16
2020-01-08 09:00:00,30,14,16
2020-01-08 10:00:00,23,12,11
2020-01-08 11:00:00,17,8,9
2020-01-08 12:00:00,15,8,7
2020-01-08 13:00:00,20,12,8
2020-01-08 14:00:00,21,12,9
2020-01-08 15:00:00,40,19,21
2020-01-08 16:00:00,22,9,13
2020-01-08 17:00:00,17,8,9
2020-01-08 18:00:00,10,3,7
2020-01-08 19:00:00,3,2,1
2020-01-08 20:00:00,7,3,4
2020-01-08 21:00:00,4,2,2
2020-01-08 22:00:00,0,0,0
2020-01-08 23:00:00,1,0,1
2020-01-09 00:00:00,0,0,0
2020-01-09 01:00:00,0,0,0
2020-01-09 02:00:00,0,0,0
2020-01-09 03:00:00,0,0,0
2020-01-09 04:00:00,3,1,2
2020-01-09 05:00:00,8,6,2
2020-01-09 06:00:00,5,3,2
2020-01-09 07:00:00,11,4,7
2020-01-09 08:00:00,23,11,12
2020-01-09 09:00:00,19,8,11
2020-01-09 10:00:00,14,5,9
2020-01-09 11:00:00,16,8,8
2020-01-09 12:00:00,14,7,7
2020-01-09 13:00:00,22,11,11
2020-01-09 14:00:00,24,11,13
2020-01-09 15:00:00,24,15,9
2020-01-09 16:00:00,36,16,20
2020-01-09 17:00:00,14,4,10
2020-01-09 18:00:00,15,7,8
2020-01-09 19:00:00,18,15,3
2020-01-09 20:00:00,15,1,14
2020-01-09 21:00:00,0,0,0
2020-01-09 22:00:00,0,0,0
2020-01-09 23:00:00,0,0,0
2020-01-10 00:00:00,0,0,0
2020-01-10 01:00:00,1,1,0
2020-01-10 02:00:00,1,0,1
2020-01-10 03:00:00,0,0,0
2020-01-10 04:00:00,0,0,0
2020-01-10 05:00:00,3,2,1
2020-01-10 06:00:00,8,3,5
2020-01-10 07:00:00,7,3,4
2020-01-10 08:00:00,19,9,10
2020-01-10 09:00:00,15,6,9
2020-01-10 10:00:00,10,5,5
2020-01-10 11:00:00,8,5,3
2020-01-10 12:00:00,13,7,6
2020-01-10 13:00:00,15,9,6
2020-01-10 14:00:00,16,8,8
2020-01-10 15:00:00,30,12,18
2020-01-10 16:00:00,26,11,15
2020-01-10 17:00:00,10,6,4
2020-01-10 18:00:00,1,0,1
2020-01-10 19:00:00,5,2,3
2020-01-10 20:00:00,3,1,2
2020-01-10 21:00:00,2,0,2
2020-01-10 22:00:00,1,1,0
2020-01-10 23:00:00,4,2,2
2020-01-11 00:00:00,0,0,0
2020-01-11 01:00:00,0,0,0
2020-01-11 02:00:00,0,0,0
2020-01-11 03:00:00,0,0,0
2020-01-11 04:00:00,0,0,0
2020-01-11 05:00:00,0,0,0
2020-01-11 06:00:00,6,3,3
2020-01-11 07:00:00,8,4,4
2020-01-11 08:00:00,30,16,14
2020-01-11 09:00:00,28,15,13
2020-01-11 10:00:00,35,20,15
2020-01-11 11:00:00,44,20,24
2020-01-11 12:00:00,38,14,24
2020-01-11 13:00:00,33,15,18
2020-01-11 14:00:00,51,27,24
2020-01-11 15:00:00,58,29,29
2020-01-11 16:00:00,39,19,20
2020-01-11 17:00:00,6,2,4
2020-01-11 18:00:00,3,2,1
2020-01-11 19:00:00,5,2,3
2020-01-11 20:00:00,6,3,3
2020-01-11 21:00:00,2,1,1
2020-01-11 22:00:00,1,0,1
2020-01-11 23:00:00,1,1,0
2020-01-12 00:00:00,1,0,1
2020-01-12 01:00:00,0,0,0
2020-01-12 02:00:00,0,0,0
2020-01-12 03:00:00,0,0,0
2020-01-12 04:00:00,0,0,0
2020-01-12 05:00:00,0,0,0
2020-01-12 06:00:00,0,0,0
2020-01-12 07:00:00,13,10,3
2020-01-12 08:00:00,31,15,16
2020-01-12 09:00:00,59,30,29
2020-01-12 10:00:00,49,23,26
2020-01-12 11:00:00,58,29,29
2020-01-12 12:00:00,45,23,22
2020-01-12 13:00:00,23,7,16
2020-01-12 14:00:00,13,8,5
2020-01-12 15:00:00,18,9,9
2020-01-12 16:00:00,27,14,13
2020-01-12 17:00:00,7,2,5
2020-01-12 18:00:00,2,1,1
2020-01-12 19:00:00,4,1,3
2020-01-12 20:00:00,3,1,2
2020-01-12 21:00:00,0,0,0
2020-01-12 22:00:00,0,0,0
2020-01-12 23:00:00,0,0,0
2020-01-13 00:00:00,0,0,0
2020-01-13 01:00:00,0,0,0
2020-01-13 02:00:00,0,0,0
2020-01-13 03:00:00,0,0,0
2020-01-13 04:00:00,0,0,0
2020-01-13 05:00:00,3,2,1
2020-01-13 06:00:00,6,2,4
2020-01-13 07:00:00,7,4,3
2020-01-13 08:00:00,17,9,8
2020-01-13 09:00:00,14,7,7
2020-01-13 10:00:00,18,8,10
2020-01-13 11:00:00,15,9,6
2020-01-13 12:00:00,12,5,7
2020-01-13 13:00:00,8,4,4
2020-01-13 14:00:00,13,5,8
2020-01-13 15:00:00,8,4,4
2020-01-13 16:00:00,28,14,14
2020-01-13 17:00:00,20,6,14
2020-01-13 18:00:00,0,0,0
2020-01-13 19:00:00,5,3,2
2020-01-13 20:00:00,0,0,0
2020-01-13 21:00:00,0,0,0
2020-01-13 22:00:00,0,0,0
2020-01-13 23:00:00,1,1,0
2020-01-14 00:00:00,3,1,2
2020-01-14 01:00:00,0,0,0
2020-01-14 02:00:00,0,0,0
2020-01-14 03:00:00,0,0,0
2020-01-14 04:00:00,1,0,1
2020-01-14 05:00:00,3,2,1
2020-01-14 06:00:00,8,2,6
2020-01-14 07:00:00,13,6,7
2020-01-14 08:00:00,14,8,6
2020-01-14 09:00:00,5,4,1
2020-01-14 10:00:00,13,2,11
2020-01-14 11:00:00,22,11,11
2020-01-14 12:00:00,6,3,3
2020-01-14 13:00:00,26,12,14
2020-01-14 14:00:00,38,21,17
2020-01-14 15:00:00,31,15,16
2020-01-14 16:00:00,33,17,16
2020-01-14 17:00:00,17,9,8
2020-01-14 18:00:00,2,1,1
2020-01-14 19:00:00,4,1,3
2020-01-14 20:00:00,1,0,1
2020-01-14 21:00:00,5,3,2
2020-01-14 22:00:00,2,1,1
2020-01-14 23:00:00,0,0,0
2020-01-15 00:00:00,0,0,0
2020-01-15 01:00:00,0,0,0
2020-01-15 02:00:00,0,0,0
2020-01-15 03:00:00,0,0,0
2020-01-15 04:00:00,0,0,0
2020-01-15 05:00:00,2,1,1
2020-01-15 06:00:00,3,2,1
2020-01-15 07:00:00,3,1,2
2020-01-15 08:00:00,13,5,8
2020-01-15 09:00:00,13,7,6
2020-01-15 10:00:00,21,10,11
2020-01-15 11:00:00,23,11,12
2020-01-15 12:00:00,17,7,10
2020-01-15 13:00:00,13,6,7
2020-01-15 14:00:00,13,7,6
2020-01-15 15:00:00,9,4,5
2020-01-15 16:00:00,24,15,9
2020-01-15 17:00:00,13,5,8
2020-01-15 18:00:00,13,9,4
2020-01-15 19:00:00,2,1,1
2020-01-15 20:00:00,3,1,2
2020-01-15 21:00:00,2,1,1
2020-01-15 22:00:00,0,0,0
2020-01-15 23:00:00,2,1,1
2020-01-16 00:00:00,3,2,1
2020-01-16 01:00:00,0,0,0
2020-01-16 02:00:00,0,0,0
2020-01-16 03:00:00,0,0,0
2020-01-16 04:00:00,2,1,1
2020-01-16 05:00:00,6,3,3
2020-01-16 06:00:00,19,10,9
2020-01-16 07:00:00,11,5,6
2020-01-16 08:00:00,14,5,9
2020-01-16 09:00:00,18,10,8
2020-01-16 10:00:00,16,8,8
2020-01-16 11:00:00,13,8,5
2020-01-16 12:00:00,26,16,10
2020-01-16 13:00:00,29,15,14
2020-01-16 14:00:00,24,12,12
2020-01-16 15:00:00,20,10,10
2020-01-16 16:00:00,25,10,15
2020-01-16 17:00:00,10,4,6
2020-01-16 18:00:00,5,3,2
2020-01-16 19:00:00,6,4,2
2020-01-16 20:00:00,2,1,1
2020-01-16 21:00:00,2,0,2
2020-01-16 22:00:00,3,2,1
2020-01-16 23:00:00,0,0,0
2020-01-17 00:00:00,0,0,0
2020-01-17 01:00:00,0,0,0
2020-01-17 02:00:00,0,0,0
2020-01-17 03:00:00,0,0,0
2020-01-17 04:00:00,1,0,1
2020-01-17 05:00:00,3,2,1
2020-01-17 06:00:00,2,1,1
2020-01-17 07:00:00,10,5,5
2020-01-17 08:00:00,26,14,12
2020-01-17 09:00:00,19,8,11
2020-01-17 10:00:00,27,13,14
2020-01-17 11:00:00,21,10,11
2020-01-17 12:00:00,31,14,17
2020-01-17 13:00:00,18,12,6
2020-01-17 14:00:00,20,8,12
2020-01-17 15:00:00,22,13,9
2020-01-17 16:00:00,36,16,20
2020-01-17 17:00:00,15,8,7
2020-01-17 18:00:00,9,3,6
2020-01-17 19:00:00,2,0,2
2020-01-17 20:00:00,4,1,3
2020-01-17 21:00:00,1,1,0
2020-01-17 22:00:00,1,1,0
2020-01-17 23:00:00,0,0,0
2020-01-18 00:00:00,0,0,0
2020-01-18 01:00:00,0,0,0
2020-01-18 02:00:00,1,1,0
2020-01-18 03:00:00,0,0,0
2020-01-18 04:00:00,0,0,0
2020-01-18 05:00:00,0,0,0
2020-01-18 06:00:00,8,2,6
2020-01-18 07:00:00,4,2,2
2020-01-18 08:00:00,14,8,6
2020-01-18 09:00:00,32,16,16
2020-01-18 10:00:00,52,26,26
2020-01-18 11:00:00,40,17,23
2020-01-18 12:00:00,45,28,17
2020-01-18 13:00:00,46,20,26
2020-01-18 14:00:00,35,16,19
2020-01-18 15:00:00,33,17,16
2020-01-18 16:00:00,37,12,25
2020-01-18 17:00:00,6,3,3
2020-01-18 18:00:00,3,1,2
2020-01-18 19:00:00,3,2,1
2020-01-18 20:00:00,7,3,4
2020-01-18 21:00:00,1,1,0
2020-01-18 22:00:00,0,0,0
2020-01-18 23:00:00,0,0,0
2020-01-19 00:00:00,0,0,0
2020-01-19 01:00:00,0,0,0
2020-01-19 02:00:00,0,0,0
2020-01-19 03:00:00,0,0,0
2020-01-19 04:00:00,0,0,0
2020-01-19 05:00:00,0,0,0
2020-01-19 06:00:00,3,1,2
2020-01-19 07:00:00,14,8,6
2020-01-19 08:00:00,24,14,10
2020-01-19 09:00:00,45,21,24
2020-01-19 10:00:00,44,26,18
2020-01-19 11:00:00,30,13,17
2020-01-19 12:00:00,52,27,25
2020-01-19 13:00:00,40,16,24
2020-01-19 14:00:00,46,27,19
2020-01-19 15:00:00,47,21,26
2020-01-19 16:00:00,33,14,19
2020-01-19 17:00:00,13,4,9
2020-01-19 18:00:00,1,0,1
2020-01-19 19:00:00,1,1,0
2020-01-19 20:00:00,5,3,2
2020-01-19 21:00:00,1,0,1
2020-01-19 22:00:00,0,0,0
2020-01-19 23:00:00,0,0,0
2020-01-20 00:00:00,0,0,0
2020-01-20 01:00:00,0,0,0
2020-01-20 02:00:00,0,0,0
2020-01-20 03:00:00,0,0,0
2020-01-20 04:00:00,0,0,0
2020-01-20 05:00:00,5,3,2
2020-01-20 06:00:00,2,1,1
2020-01-20 07:00:00,6,2,4
2020-01-20 08:00:00,20,11,9
2020-01-20 09:00:00,34,18,16
2020-01-20 10:00:00,25,12,13
2020-01-20 11:00:00,33,15,18
2020-01-20 12:00:00,35,20,15
2020-01-20 13:00:00,33,14,19
2020-01-20 14:00:00,24,13,11
2020-01-20 15:00:00,29,15,14
2020-01-20 16:00:00,34,14,20
2020-01-20 17:00:00,21,7,14
2020-01-20 18:00:00,11,8,3
2020-01-20 19:00:00,5,1,4
2020-01-20 20:00:00,0,0,0
2020-01-20 21:00:00,2,1,1
2020-01-20 22:00:00,1,1,0
2020-01-20 23:00:00,1,1,0
2020-01-21 00:00:00,1,0,1
2020-01-21 01:00:00,0,0,0
2020-01-21 02:00:00,0,0,0
2020-01-21 03:00:00,0,0,0
2020-01-21 04:00:00,1,0,1
2020-01-21 05:00:00,2,2,0
2020-01-21 06:00:00,10,4,6
2020-01-21 07:00:00,12,7,5
2020-01-21 08:00:00,31,12,19
2020-01-21 09:00:00,23,11,12
2020-01-21 10:00:00,19,9,10
2020-01-21 11:00:00,12,6,6
2020-01-21 12:00:00,15,8,7
2020-01-21 13:00:00,16,8,8
2020-01-21 14:00:00,16,10,6
2020-01-21 15:00:00,4,1,3
2020-01-21 16:00:00,17,7,10
2020-01-21 17:00:00,9,5,4
2020-01-21 18:00:00,3,1,2
2020-01-21 19:00:00,3,2,1
2020-01-21 20:00:00,0,0,0
2020-01-21 21:00:00,4,2,2
2020-01-21 22:00:00,0,0,0
2020-01-21 23:00:00,0,0,0
2020-01-22 00:00:00,1,1,0
2020-01-22 01:00:00,1,0,1
2020-01-22 02:00:00,0,0,0
2020-01-22 03:00:00,0,0,0
2020-01-22 04:00:00,0,0,0
2020-01-22 05:00:00,13,7,6
2020-01-22 06:00:00,14,5,9
2020-01-22 07:00:00,32,11,21
2020-01-22 08:00:00,30,10,20
2020-01-22 09:00:00,15,8,7
2020-01-22 10:00:00,17,7,10
2020-01-22 11:00:00,13,7,6
2020-01-22 12:00:00,22,9,13
2020-01-22 13:00:00,12,7,5
2020-01-22 14:00:00,9,5,4
2020-01-22 15:00:00,21,10,11
2020-01-22 16:00:00,29,17,12
2020-01-22 17:00:00,16,5,11
2020-01-22 18:00:00,9,6,3
2020-01-22 19:00:00,4,3,1
2020-01-22 20:00:00,1,0,1
2020-01-22 21:00:00,1,0,1
2020-01-22 22:00:00,0,0,0
2020-01-22 23:00:00,0,0,0
2020-01-23 00:00:00,1,1,0
2020-01-23 01:00:00,1,0,1
2020-01-23 02:00:00,0,0,0
2020-01-23 03:00:00,0,0,0
2020-01-23 04:00:00,0,0,0
2020-01-23 05:00:00,5,3,2
2020-01-23 06:00:00,13,5,8
2020-01-23 07:00:00,11,7,4
2020-01-23 08:00:00,21,8,13
2020-01-23 09:00:00,7,3,4
2020-01-23 10:00:00,15,8,7
2020-01-23 11:00:00,5,3,2
2020-01-23 12:00:00,4,3,1
2020-01-23 13:00:00,12,5,7
2020-01-23 14:00:00,7,2,5
2020-01-23 15:00:00,11,7,4
2020-01-23 16:00:00,23,14,9
2020-01-23 17:00:00,12,7,5
2020-01-23 18:00:00,9,4,5
2020-01-23 19:00:00,6,3,3
2020-01-23 20:00:00,3,2,1
2020-01-23 21:00:00,3,1,2
2020-01-23 22:00:00,2,1,1
2020-01-23 23:00:00,1,0,1
2020-01-24 00:00:00,2,1,1
2020-01-24 01:00:00,2,1,1
2020-01-24 02:00:00,0,0,0
2020-01-24 03:00:00,0,0,0
2020-01-24 04:00:00,0,0,0
2020-01-24 05:00:00,5,3,2
2020-01-24 06:00:00,3,0,3
2020-01-24 07:00:00,7,2,5
2020-01-24 08:00:00,27,12,15
2020-01-24 09:00:00,21,11,10
2020-01-24 10:00:00,25,13,12
2020-01-24 11:00:00,27,14,13
2020-01-24 12:00:00,19,11,8
2020-01-24 13:00:00,15,7,8
2020-01-24 14:00:00,18,10,8
2020-01-24 15:00:00,25,12,13
2020-01-24 16:00:00,38,18,20
2020-01-24 17:00:00,25,18,7
2020-01-24 18:00:00,11,4,7
2020-01-24 19:00:00,5,3,2
2020-01-24 20:00:00,1,0,1
2020-01-24 21:00:00,0,0,0
2020-01-24 22:00:00,0,0,0
2020-01-24 23:00:00,0,0,0
2020-01-25 00:00:00,0,0,0
2020-01-25 01:00:00,0,0,0
2020-01-25 02:00:00,0,0,0
2020-01-25 03:00:00,0,0,0
2020-01-25 04:00:00,0,0,0
2020-01-25 05:00:00,1,1,0
2020-01-25 06:00:00,2,0,2
2020-01-25 07:00:00,12,7,5
2020-01-25 08:00:00,40,22,18
2020-01-25 09:00:00,57,27,30
2020-01-25 10:00:00,36,20,16
2020-01-25 11:00:00,40,23,17
2020-01-25 12:00:00,46,22,24
2020-01-25 13:00:00,48,22,26
2020-01-25 14:00:00,54,32,22
2020-01-25 15:00:00,53,26,27
2020-01-25 16:00:00,28,11,17
2020-01-25 17:00:00,17,5,12
2020-01-25 18:00:00,1,1,0
2020-01-25 19:00:00,3,2,1
2020-01-25 20:00:00,10,4,6
2020-01-25 21:00:00,3,1,2
2020-01-25 22:00:00,0,0,0
2020-01-25 23:00:00,0,0,0
2020-01-26 00:00:00,0,0,0
2020-01-26 01:00:00,0,0,0
2020-01-26 02:00:00,0,0,0
2020-01-26 03:00:00,0,0,0
2020-01-26 04:00:00,0,0,0
2020-01-26 05:00:00,0,0,0
2020-01-26 06:00:00,2,2,0
2020-01-26 07:00:00,7,3,4
2020-01-26 08:00:00,30,19,11
2020-01-26 09:00:00,65,28,37
2020-01-26 10:00:00,59,28,31
2020-01-26 11:00:00,61,29,32
2020-01-26 12:00:00,61,32,29
2020-01-26 13:00:00,72,37,35
2020-01-26 14:00:00,62,30,32
2020-01-26 15:00:00,51,28,23
2020-01-26 16:00:00,22,5,17
2020-01-26 17:00:00,12,7,5
2020-01-26 18:00:00,8,3,5
2020-01-26 19:00:00,9,4,5
2020-01-26 20:00:00,4,3,1
2020-01-26 21:00:00,2,1,1
2020-01-26 22:00:00,0,0,0
2020-01-26 23:00:00,0,0,0
2020-01-27 00:00:00,4,2,2
2020-01-27 01:00:00,0,0,0
2020-01-27 02:00:00,0,0,0
2020-01-27 03:00:00,0,0,0
2020-01-27 04:00:00,0,0,0
2020-01-27 05:00:00,4,2,2
2020-01-27 06:00:00,9,4,5
2020-01-27 07:00:00,13,6,7
2020-01-27 08:00:00,25,13,12
2020-01-27 09:00:00,22,11,11
2020-01-27 10:00:00,19,9,10
2020-01-27 11:00:00,18,9,9
2020-01-27 12:00:00,18,11,7
2020-01-27 13:00:00,33,16,17
2020-01-27 14:00:00,32,16,16
2020-01-27 15:00:00,39,18,21
2020-01-27 16:00:00,25,12,13
2020-01-27 17:00:00,18,11,7
2020-01-27 18:00:00,2,0,2
2020-01-27 19:00:00,1,0,1
2020-01-27 20:00:00,1,0,1
2020-01-27 21:00:00,0,0,0
2020-01-27 22:00:00,2,1,1
2020-01-27 23:00:00,0,0,0
2020-01-28 00:00:00,0,0,0
2020-01-28 01:00:00,0,0,0
2020-01-28 02:00:00,0,0,0
2020-01-28 03:00:00,0,0,0
2020-01-28 04:00:00,0,0,0
2020-01-28 05:00:00,7,4,3
2020-01-28 06:00:00,6,3,3
2020-01-28 07:00:00,10,4,6
2020-01-28 08:00:00,11,4,7
2020-01-28 09:00:00,22,10,12
2020-01-28 10:00:00,12,8,4
2020-01-28 11:00:00,13,6,7
2020-01-28 12:00:00,21,11,10
2020-01-28 13:00:00,24,12,12
2020-01-28 14:00:00,18,9,9
2020-01-28 15:00:00,25,13,12
2020-01-28 16:00:00,34,14,20
2020-01-28 17:00:00,17,9,8
2020-01-28 18:00:00,15,5,10
2020-01-28 19:00:00,4,2,2
2020-01-28 20:00:00,5,3,2
2020-01-28 21:00:00,2,1,1
2020-01-28 22:00:00,1,0,1
2020-01-28 23:00:00,0,0,0
2020-01-29 00:00:00,2,1,1
2020-01-29 01:00:00,0,0,0
2020-01-29 02:00:00,0,0,0
2020-01-29 03:00:00,0,0,0
2020-01-29 04:00:00,0,0,0
2020-01-29 05:00:00,5,4,1
2020-01-29 06:00:00,21,8,13
2020-01-29 07:00:00,14,6,8
2020-01-29 08:00:00,14,5,9
2020-01-29 09:00:00,23,13,10
2020-01-29 10:00:00,18,7,11
2020-01-29 11:00:00,6,4,2
2020-01-29 12:00:00,22,11,11
2020-01-29 13:00:00,11,7,4
2020-01-29 14:00:00,15,6,9
2020-01-29 15:00:00,17,9,8
2020-01-29 16:00:00,27,13,14
2020-01-29 17:00:00,15,7,8
2020-01-29 18:00:00,7,2,5
2020-01-29 19:00:00,5,4,1
2020-01-29 20:00:00,1,0,1
2020-01-29 21:00:00,2,0,2
2020-01-29 22:00:00,0,0,0
2020-01-29 23:00:00,0,0,0
2020-01-30 00:00:00,5,2,3
2020-01-30 01:00:00,0,0,0
2020-01-30 02:00:00,0,0,0
2020-01-30 03:00:00,0,0,0
2020-01-30 04:00:00,0,0,0
2020-01-30 05:00:00,8,3,5
2020-01-30 06:00:00,8,4,4
2020-01-30 07:00:00,14,9,5
2020-01-30 08:00:00,35,14,21
2020-01-30 09:00:00,29,15,14
2020-01-30 10:00:00,28,13,15
2020-01-30 11:00:00,16,7,9
2020-01-30 12:00:00,15,8,7
2020-01-30 13:00:00,19,9,10
2020-01-30 14:00:00,13,5,8
2020-01-30 15:00:00,14,9,5
2020-01-30 16:00:00,29,16,13
2020-01-30 17:00:00,14,7,7
2020-01-30 18:00:00,11,6,5
2020-01-30 19:00:00,4,3,1
2020-01-30 20:00:00,1,0,1
2020-01-30 21:00:00,0,0,0
2020-01-30 22:00:00,0,0,0
2020-01-30 23:00:00,0,0,0
2020-01-31 00:00:00,0,0,0
2020-01-31 01:00:00,0,0,0
2020-01-31 02:00:00,0,0,0
2020-01-31 03:00:00,0,0,0
2020-01-31 04:00:00,0,0,0
2020-01-31 05:00:00,5,3,2
2020-01-31 06:00:00,9,4,5
2020-01-31 07:00:00,13,5,8
2020-01-31 08:00:00,14,6,8
2020-01-31 09:00:00,18,8,10
2020-01-31 10:00:00,13,8,5
2020-01-31 11:00:00,8,4,4
2020-01-31 12:00:00,12,6,6
2020-01-31 13:00:00,12,6,6
2020-01-31 14:00:00,13,8,5
2020-01-31 15:00:00,5,2,3
2020-01-31 16:00:00,12,7,5
2020-01-31 17:00:00,8,1,7
2020-01-31 18:00:00,3,2,1
2020-01-31 19:00:00,3,2,1
2020-01-31 20:00:00,0,0,0
2020-01-31 21:00:00,2,2,0
2020-01-31 22:00:00,2,1,1
2020-01-31 23:00:00,0,0,0
2020-02-06 19:00:00,6,3,3
2020-02-06 20:00:00,1,1,0
2020-02-06 21:00:00,7,4,3
2020-02-06 22:00:00,4,2,2
2020-02-06 23:00:00,1,0,1
2020-02-07 00:00:00,3,1,2
2020-02-07 01:00:00,0,0,0
2020-02-07 02:00:00,0,0,0
2020-02-07 03:00:00,0,0,0
2020-02-07 04:00:00,0,0,0
2020-02-07 05:00:00,5,3,2
2020-02-07 06:00:00,8,2,6
2020-02-07 07:00:00,9,4,5
2020-02-07 08:00:00,22,10,12
2020-02-07 09:00:00,28,15,13
2020-02-07 10:00:00,25,10,15
2020-02-07 11:00:00,26,11,15
2020-02-07 12:00:00,34,19,15
2020-02-07 13:00:00,34,16,18
2020-02-07 14:00:00,26,12,14
2020-02-07 15:00:00,23,10,13
2020-02-07 16:00:00,32,18,14
2020-02-07 17:00:00,17,6,11
2020-02-07 18:00:00,2,1,1
2020-02-07 19:00:00,2,1,1
2020-02-07 20:00:00,2,1,1
2020-02-07 21:00:00,1,0,1
2020-02-07 22:00:00,1,0,1
2020-02-07 23:00:00,0,0,0
2020-02-08 00:00:00,0,0,0
2020-02-08 01:00:00,0,0,0
2020-02-08 02:00:00,1,1,0
2020-02-08 03:00:00,0,0,0
2020-02-08 04:00:00,0,0,0
2020-02-08 05:00:00,1,1,0
2020-02-08 06:00:00,3,2,1
2020-02-08 07:00:00,17,8,9
2020-02-08 08:00:00,37,20,17
2020-02-08 09:00:00,42,23,19
2020-02-08 10:00:00,68,28,40
2020-02-08 11:00:00,60,32,28
2020-02-08 12:00:00,71,37,34
2020-02-08 13:00:00,49,24,25
2020-02-08 14:00:00,41,21,20
2020-02-08 15:00:00,39,22,17
2020-02-08 16:00:00,50,17,33
2020-02-08 17:00:00,25,12,13
2020-02-08 18:00:00,7,2,5
2020-02-08 19:00:00,2,1,1
2020-02-08 20:00:00,3,1,2
2020-02-08 21:00:00,3,1,2
2020-02-08 22:00:00,1,0,1
2020-02-08 23:00:00,0,0,0
2020-02-09 00:00:00,0,0,0
2020-02-09 01:00:00,0,0,0
2020-02-09 02:00:00,0,0,0
2020-02-09 03:00:00,0,0,0
2020-02-09 04:00:00,2,1,1
2020-02-09 05:00:00,0,0,0
2020-02-09 06:00:00,2,2,0
2020-02-09 07:00:00,17,11,6
2020-02-09 08:00:00,43,22,21
2020-02-09 09:00:00,52,19,33
2020-02-09 10:00:00,57,20,37
2020-02-09 11:00:00,64,34,30
2020-02-09 12:00:00,58,31,27
2020-02-09 13:00:00,63,30,33
2020-02-09 14:00:00,54,25,29
2020-02-09 15:00:00,48,23,25
2020-02-09 16:00:00,34,16,18
2020-02-09 17:00:00,26,11,15
2020-02-09 18:00:00,5,3,2
2020-02-09 19:00:00,1,1,0
2020-02-09 20:00:00,2,1,1
2020-02-09 21:00:00,0,0,0
2020-02-09 22:00:00,0,0,0
2020-02-09 23:00:00,0,0,0
2020-02-10 00:00:00,0,0,0
2020-02-10 01:00:00,0,0,0
2020-02-10 02:00:00,0,0,0
2020-02-10 03:00:00,0,0,0
2020-02-10 04:00:00,0,0,0
2020-02-10 05:00:00,2,1,1
2020-02-10 06:00:00,11,4,7
2020-02-10 07:00:00,14,6,8
2020-02-10 08:00:00,16,5,11
2020-02-10 09:00:00,21,12,9
2020-02-10 10:00:00,27,11,16
2020-02-10 11:00:00,27,13,14
2020-02-10 12:00:00,27,16,11
2020-02-10 13:00:00,34,14,20
2020-02-10 14:00:00,39,20,19
2020-02-10 15:00:00,53,25,28
2020-02-10 16:00:00,41,20,21
2020-02-10 17:00:00,29,17,12
2020-02-10 18:00:00,6,3,3
2020-02-10 19:00:00,2,1,1
2020-02-10 20:00:00,3,1,2
2020-02-10 21:00:00,0,0,0
2020-02-10 22:00:00,2,1,1
2020-02-10 23:00:00,0,0,0
2020-02-11 00:00:00,0,0,0
2020-02-11 01:00:00,1,1,0
2020-02-11 02:00:00,0,0,0
2020-02-11 03:00:00,2,1,1
2020-02-11 04:00:00,0,0,0
2020-02-11 05:00:00,2,1,1
2020-02-11 06:00:00,7,3,4
2020-02-11 07:00:00,11,3,8
2020-02-11 08:00:00,27,11,16
2020-02-11 09:00:00,18,8,10
2020-02-11 10:00:00,17,8,9
2020-02-11 11:00:00,23,13,10
2020-02-11 12:00:00,19,8,11
2020-02-11 13:00:00,16,10,6
2020-02-11 14:00:00,24,12,12
2020-02-11 15:00:00,30,15,15
2020-02-11 16:00:00,35,20,15
2020-02-11 17:00:00,26,9,17
2020-02-11 18:00:00,6,3,3
2020-02-11 19:00:00,4,2,2
2020-02-11 20:00:00,0,0,0
2020-02-11 21:00:00,1,1,0
2020-02-11 22:00:00,3,2,1
2020-02-11 23:00:00,1,0,1
2020-02-12 00:00:00,0,0,0
2020-02-12 01:00:00,0,0,0
2020-02-12 02:00:00,0,0,0
2020-02-12 03:00:00,0,0,0
2020-02-12 04:00:00,0,0,0
2020-02-12 05:00:00,3,1,2
2020-02-12 06:00:00,25,14,11
2020-02-12 07:00:00,18,8,10
2020-02-12 08:00:00,31,17,14
2020-02-12 09:00:00,28,14,14
2020-02-12 10:00:00,29,12,17
2020-02-12 11:00:00,22,8,14
2020-02-12 12:00:00,21,13,8
2020-02-12 13:00:00,20,10,10
2020-02-12 14:00:00,31,16,15
2020-02-12 15:00:00,30,17,13
2020-02-12 16:00:00,34,18,16
2020-02-12 17:00:00,26,13,13
2020-02-12 18:00:00,15,8,7
2020-02-12 19:00:00,8,2,6
2020-02-12 20:00:00,2,1,1
2020-02-12 21:00:00,2,1,1
2020-02-12 22:00:00,1,1,0
2020-02-12 23:00:00,0,0,0
2020-02-13 00:00:00,0,0,0
2020-02-13 01:00:00,0,0,0
2020-02-13 02:00:00,0,0,0
2020-02-13 03:00:00,0,0,0
2020-02-13 04:00:00,2,1,1
2020-02-13 05:00:00,3,1,2
2020-02-13 06:00:00,2,2,0
2020-02-13 07:00:00,11,5,6
2020-02-13 08:00:00,30,13,17
2020-02-13 09:00:00,18,10,8
2020-02-13 10:00:00,21,11,10
2020-02-13 11:00:00,11,6,5
2020-02-13 12:00:00,14,11,3
2020-02-13 13:00:00,24,9,15
2020-02-13 14:00:00,16,8,8
2020-02-13 15:00:00,21,10,11
2020-02-13 16:00:00,28,15,13
2020-02-13 17:00:00,14,8,6
2020-02-13 18:00:00,8,4,4
2020-02-13 19:00:00,5,3,2
2020-02-13 20:00:00,7,3,4
2020-02-13 21:00:00,1,0,1
2020-02-13 22:00:00,0,0,0
2020-02-13 23:00:00,0,0,0
2020-02-14 00:00:00,0,0,0
2020-02-14 01:00:00,0,0,0
2020-02-14 02:00:00,0,0,0
2020-02-14 03:00:00,0,0,0
2020-02-14 04:00:00,1,0,1
2020-02-14 05:00:00,3,2,1
2020-02-14 06:00:00,18,9,9
2020-02-14 07:00:00,12,4,8
2020-02-14 08:00:00,34,14,20
2020-02-14 09:00:00,33,19,14
2020-02-14 10:00:00,36,18,18
2020-02-14 11:00:00,30,12,18
2020-02-14 12:00:00,17,8,9
2020-02-14 13:00:00,19,10,9
2020-02-14 14:00:00,34,18,16
2020-02-14 15:00:00,29,18,11
2020-02-14 16:00:00,22,11,11
2020-02-14 17:00:00,22,10,12
2020-02-14 18:00:00,11,7,4
2020-02-14 19:00:00,4,2,2
2020-02-14 20:00:00,1,1,0
2020-02-14 21:00:00,2,1,1
2020-02-14 22:00:00,4,3,1
2020-02-14 23:00:00,0,0,0
2020-02-15 00:00:00,0,0,0
2020-02-15 01:00:00,0,0,0
2020-02-15 02:00:00,0,0,0
2020-02-15 03:00:00,0,0,0
2020-02-15 04:00:00,1,1,0
2020-02-15 05:00:00,4,2,2
2020-02-15 06:00:00,3,2,1
2020-02-15 07:00:00,16,10,6
2020-02-15 08:00:00,68,36,32
2020-02-15 09:00:00,86,36,50
2020-02-15 10:00:00,56,30,26
2020-02-15 11:00:00,55,24,31
2020-02-15 12:00:00,36,16,20
2020-02-15 13:00:00,46,20,26
2020-02-15 14:00:00,29,13,16
2020-02-15 15:00:00,24,11,13
2020-02-15 16:00:00,33,20,13
2020-02-15 17:00:00,25,8,17
2020-02-15 18:00:00,3,1,2
2020-02-15 19:00:00,0,0,0
2020-02-15 20:00:00,1,0,1
2020-02-15 21:00:00,0,0,0
2020-02-15 22:00:00,3,2,1
2020-02-15 23:00:00,0,0,0
2020-02-16 00:00:00,0,0,0
2020-02-16 01:00:00,0,0,0
2020-02-16 02:00:00,0,0,0
2020-02-16 03:00:00,0,0,0
2020-02-16 04:00:00,0,0,0
2020-02-16 05:00:00,0,0,0
2020-02-16 06:00:00,2,1,1
2020-02-16 07:00:00,15,10,5
2020-02-16 08:00:00,35,20,15
2020-02-16 09:00:00,32,14,18
2020-02-16 10:00:00,50,20,30
2020-02-16 11:00:00,47,24,23
2020-02-16 12:00:00,41,22,19
2020-02-16 13:00:00,40,21,19
2020-02-16 14:00:00,36,16,20
2020-02-16 15:00:00,30,13,17
2020-02-16 16:00:00,23,14,9
2020-02-16 17:00:00,14,5,9
2020-02-16 18:00:00,5,2,3
2020-02-16 19:00:00,0,0,0
2020-02-16 20:00:00,7,5,2
2020-02-16 21:00:00,0,0,0
2020-02-16 22:00:00,4,2,2
2020-02-16 23:00:00,0,0,0
2020-02-17 00:00:00,0,0,0
2020-02-17 01:00:00,0,0,0
2020-02-17 02:00:00,0,0,0
2020-02-17 03:00:00,0,0,0
2020-02-17 04:00:00,0,0,0
2020-02-17 05:00:00,1,1,0
2020-02-17 06:00:00,3,1,2
2020-02-17 07:00:00,10,6,4
2020-02-17 08:00:00,19,8,11
2020-02-17 09:00:00,24,13,11
2020-02-17 10:00:00,44,21,23
2020-02-17 11:00:00,36,22,14
2020-02-17 12:00:00,41,20,21
2020-02-17 13:00:00,34,15,19
2020-02-17 14:00:00,34,14,20
2020-02-17 15:00:00,37,17,20
2020-02-17 16:00:00,30,12,18
2020-02-17 17:00:00,33,18,15
2020-02-17 18:00:00,2,0,2
2020-02-17 19:00:00,4,2,2
2020-02-17 20:00:00,0,0,0
2020-02-17 21:00:00,0,0,0
2020-02-17 22:00:00,0,0,0
2020-02-17 23:00:00,0,0,0
2020-02-18 00:00:00,0,0,0
2020-02-18 01:00:00,0,0,0
2020-02-18 02:00:00,0,0,0
2020-02-18 03:00:00,0,0,0
2020-02-18 04:00:00,3,2,1
2020-02-18 05:00:00,1,0,1
2020-02-18 06:00:00,7,4,3
2020-02-18 07:00:00,16,6,10
2020-02-18 08:00:00,26,13,13
2020-02-18 09:00:00,25,11,14
2020-02-18 10:00:00,32,15,17
2020-02-18 11:00:00,25,13,12
2020-02-18 12:00:00,34,13,21
2020-02-18 13:00:00,31,14,17
2020-02-18 14:00:00,26,12,14
2020-02-18 15:00:00,32,17,15
2020-02-18 16:00:00,33,15,18
2020-02-18 17:00:00,31,15,16
2020-02-18 18:00:00,9,3,6
2020-02-18 19:00:00,8,5,3
2020-02-18 20:00:00,4,2,2
2020-02-18 21:00:00,0,0,0
2020-02-18 22:00:00,2,1,1
2020-02-18 23:00:00,0,0,0
2020-02-19 00:00:00,0,0,0
2020-02-19 01:00:00,0,0,0
2020-02-19 02:00:00,0,0,0
2020-02-19 03:00:00,0,0,0
2020-02-19 04:00:00,0,0,0
2020-02-19 05:00:00,7,4,3
2020-02-19 06:00:00,6,3,3
2020-02-19 07:00:00,12,4,8
2020-02-19 08:00:00,21,9,12
2020-02-19 09:00:00,21,10,11
2020-02-19 10:00:00,31,12,19
2020-02-19 11:00:00,16,10,6
2020-02-19 12:00:00,24,10,14
2020-02-19 13:00:00,23,13,10
2020-02-19 14:00:00,43,20,23
2020-02-19 15:00:00,40,21,19
2020-02-19 16:00:00,55,32,23
2020-02-19 17:00:00,32,14,18
2020-02-19 18:00:00,10,4,6
2020-02-19 19:00:00,6,3,3
2020-02-19 20:00:00,6,2,4
2020-02-19 21:00:00,0,0,0
2020-02-19 22:00:00,0,0,0
2020-02-19 23:00:00,2,1,1
2020-02-20 00:00:00,0,0,0
2020-02-20 01:00:00,0,0,0
2020-02-20 02:00:00,0,0,0
2020-02-20 03:00:00,0,0,0
2020-02-20 04:00:00,2,1,1
2020-02-20 05:00:00,3,2,1
2020-02-20 06:00:00,3,2,1
2020-02-20 07:00:00,13,6,7
2020-02-20 08:00:00,20,10,10
2020-02-20 09:00:00,17,9,8
2020-02-20 10:00:00,23,11,12
2020-02-20 11:00:00,19,7,12
2020-02-20 12:00:00,39,20,19
2020-02-20 13:00:00,32,13,19
2020-02-20 14:00:00,30,13,17
2020-02-20 15:00:00,22,10,12
2020-02-20 16:00:00,41,25,16
2020-02-20 17:00:00,41,20,21
2020-02-20 18:00:00,6,2,4
2020-02-20 19:00:00,8,3,5
2020-02-20 20:00:00,9,5,4
2020-02-20 21:00:00,0,0,0
2020-02-20 22:00:00,2,1,1
2020-02-20 23:00:00,0,0,0
2020-02-21 00:00:00,0,0,0
2020-02-21 01:00:00,0,0,0
2020-02-21 02:00:00,0,0,0
2020-02-21 03:00:00,2,1,1
2020-02-21 04:00:00,0,0,0
2020-02-21 05:00:00,5,2,3
2020-02-21 06:00:00,9,5,4
2020-02-21 07:00:00,29,17,12
2020-02-21 08:00:00,30,12,18
2020-02-21 09:00:00,23,12,11
2020-02-21 10:00:00,22,10,12
2020-02-21 11:00:00,18,11,7
2020-02-21 12:00:00,32,14,18
2020-02-21 13:00:00,22,12,10
2020-02-21 14:00:00,36,18,18
2020-02-21 15:00:00,31,18,13
2020-02-21 16:00:00,34,17,17
2020-02-21 17:00:00,31,18,13
2020-02-21 18:00:00,13,4,9
2020-02-21 19:00:00,3,3,0
2020-02-21 20:00:00,3,1,2
2020-02-21 21:00:00,2,1,1
2020-02-21 22:00:00,3,0,3
2020-02-21 23:00:00,2,1,1
2020-02-22 00:00:00,0,0,0
2020-02-22 01:00:00,0,0,0
2020-02-22 02:00:00,0,0,0
2020-02-22 03:00:00,0,0,0
2020-02-22 04:00:00,0,0,0
2020-02-22 05:00:00,0,0,0
2020-02-22 06:00:00,5,3,2
2020-02-22 07:00:00,17,12,5
2020-02-22 08:00:00,38,18,20
2020-02-22 09:00:00,63,30,33
2020-02-22 10:00:00,57,34,23
2020-02-22 11:00:00,57,23,34
2020-02-22 12:00:00,42,17,25
2020-02-22 13:00:00,37,21,16
2020-02-22 14:00:00,45,21,24
2020-02-22 15:00:00,40,16,24
2020-02-22 16:00:00,38,21,17
2020-02-22 17:00:00,27,10,17
2020-02-22 18:00:00,8,3,5
2020-02-22 19:00:00,0,0,0
2020-02-22 20:00:00,0,0,0
2020-02-22 21:00:00,10,6,4
2020-02-22 22:00:00,0,0,0
2020-02-22 23:00:00,0,0,0
2020-02-23 00:00:00,0,0,0
2020-02-23 01:00:00,0,0,0
2020-02-23 02:00:00,0,0,0
2020-02-23 03:00:00,0,0,0
2020-02-23 04:00:00,0,0,0
2020-02-23 05:00:00,0,0,0
2020-02-23 06:00:00,2,2,0
2020-02-23 07:00:00,10,5,5
2020-02-23 08:00:00,35,21,14
2020-02-23 09:00:00,43,22,21
2020-02-23 10:00:00,60,33,27
2020-02-23 11:00:00,56,24,32
2020-02-23 12:00:00,47,24,23
2020-02-23 13:00:00,41,23,18
2020-02-23 14:00:00,35,14,21
2020-02-23 15:00:00,44,22,22
2020-02-23 16:00:00,42,20,22
2020-02-23 17:00:00,30,15,15
2020-02-23 18:00:00,6,2,4
2020-02-23 19:00:00,2,0,2
2020-02-23 20:00:00,3,1,2
2020-02-23 21:00:00,0,0,0
2020-02-23 22:00:00,0,0,0
2020-02-23 23:00:00,0,0,0
2020-02-24 00:00:00,0,0,0
2020-02-24 01:00:00,0,0,0
2020-02-24 02:00:00,0,0,0
2020-02-24 03:00:00,0,0,0
2020-02-24 04:00:00,2,1,1
2020-02-24 05:00:00,7,3,4
2020-02-24 06:00:00,13,7,6
2020-02-24 07:00:00,15,5,10
2020-02-24 08:00:00,24,15,9
2020-02-24 09:00:00,30,13,17
2020-02-24 10:00:00,29,13,16
2020-02-24 11:00:00,14,4,10
2020-02-24 12:00:00,23,11,12
2020-02-24 13:00:00,13,6,7
2020-02-24 14:00:00,70,39,31
2020-02-24 15:00:00,29,16,13
2020-02-24 16:00:00,54,26,28
2020-02-24 17:00:00,35,20,15
2020-02-24 18:00:00,11,6,5
2020-02-24 19:00:00,6,2,4
2020-02-24 20:00:00,1,0,1
2020-02-24 21:00:00,1,1,0
2020-02-24 22:00:00,5,2,3
2020-02-24 23:00:00,2,1,1
2020-02-25 00:00:00,0,0,0
2020-02-25 01:00:00,0,0,0
2020-02-25 02:00:00,0,0,0
2020-02-25 03:00:00,0,0,0
2020-02-25 04:00:00,1,1,0
2020-02-25 05:00:00,6,3,3
2020-02-25 06:00:00,11,5,6
2020-02-25 07:00:00,13,5,8
2020-02-25 08:00:00,38,21,17
2020-02-25 09:00:00,23,8,15
2020-02-25 10:00:00,19,10,9
2020-02-25 11:00:00,22,10,12
2020-02-25 12:00:00,27,12,15
2020-02-25 13:00:00,17,8,9
2020-02-25 14:00:00,27,15,12
2020-02-25 15:00:00,37,20,17
2020-02-25 16:00:00,27,7,20
2020-02-25 17:00:00,28,13,15
2020-02-25 18:00:00,9,4,5
2020-02-25 19:00:00,3,1,2
2020-02-25 20:00:00,2,1,1
2020-02-25 21:00:00,3,1,2
2020-02-25 22:00:00,0,0,0
2020-02-25 23:00:00,0,0,0
2020-02-26 00:00:00,0,0,0
2020-02-26 01:00:00,0,0,0
2020-02-26 02:00:00,2,1,1
2020-02-26 03:00:00,0,0,0
2020-02-26 04:00:00,0,0,0
2020-02-26 05:00:00,4,2,2
2020-02-26 06:00:00,11,3,8
2020-02-26 07:00:00,17,7,10
2020-02-26 08:00:00,25,10,15
2020-02-26 09:00:00,26,11,15
2020-02-26 10:00:00,24,11,13
2020-02-26 11:00:00,7,4,3
2020-02-26 12:00:00,14,7,7
2020-02-26 13:00:00,25,14,11
2020-02-26 14:00:00,19,8,11
2020-02-26 15:00:00,27,12,15
2020-02-26 16:00:00,35,19,16
2020-02-26 17:00:00,34,17,17
2020-02-26 18:00:00,13,6,7
2020-02-26 19:00:00,6,4,2
2020-02-26 20:00:00,4,2,2
2020-02-26 21:00:00,1,0,1
2020-02-26 22:00:00,2,1,1
2020-02-26 23:00:00,0,0,0
2020-02-27 00:00:00,0,0,0
2020-02-27 01:00:00,0,0,0
2020-02-27 02:00:00,0,0,0
2020-02-27 03:00:00,2,1,1
2020-02-27 04:00:00,0,0,0
2020-02-27 05:00:00,0,0,0
2020-02-27 06:00:00,16,7,9
2020-02-27 07:00:00,18,9,9
2020-02-27 08:00:00,26,14,12
2020-02-27 09:00:00,22,9,13
2020-02-27 10:00:00,17,9,8
2020-02-27 11:00:00,25,15,10
2020-02-27 12:00:00,28,11,17
2020-02-27 13:00:00,37,21,16
2020-02-27 14:00:00,38,20,18
2020-02-27 15:00:00,32,18,14
2020-02-27 16:00:00,32,13,19
2020-02-27 17:00:00,28,14,14
2020-02-27 18:00:00,13,6,7
2020-02-27 19:00:00,1,0,1
2020-02-27 20:00:00,1,0,1
2020-02-27 21:00:00,0,0,0
2020-02-27 22:00:00,2,1,1
2020-02-27 23:00:00,0,0,0
2020-02-28 00:00:00,0,0,0
2020-02-28 01:00:00,0,0,0
2020-02-28 02:00:00,0,0,0
2020-02-28 03:00:00,0,0,0
2020-02-28 04:00:00,0,0,0
2020-02-28 05:00:00,2,1,1
2020-02-28 06:00:00,15,7,8
2020-02-28 07:00:00,22,9,13
2020-02-28 08:00:00,30,15,15
2020-02-28 09:00:00,18,7,11
2020-02-28 10:00:00,31,14,17
2020-02-28 11:00:00,30,13,17
2020-02-28 12:00:00,17,9,8
2020-02-28 13:00:00,13,7,6
2020-02-28 14:00:00,19,10,9
2020-02-28 15:00:00,22,13,9
2020-02-28 16:00:00,29,15,14
2020-02-28 17:00:00,15,7,8
2020-02-28 18:00:00,6,3,3
2020-02-28 19:00:00,4,2,2
2020-02-28 20:00:00,4,1,3
2020-02-28 21:00:00,0,0,0
2020-02-28 22:00:00,0,0,0
2020-02-28 23:00:00,0,0,0
2020-02-29 00:00:00,1,1,0
2020-02-29 01:00:00,0,0,0
2020-02-29 02:00:00,0,0,0
2020-02-29 03:00:00,0,0,0
2020-02-29 04:00:00,0,0,0
2020-02-29 05:00:00,1,0,1
2020-02-29 06:00:00,3,3,0
2020-02-29 07:00:00,25,16,9
2020-02-29 08:00:00,57,30,27
2020-02-29 09:00:00,52,26,26
2020-02-29 10:00:00,58,28,30
2020-02-29 11:00:00,70,34,36
2020-02-29 12:00:00,59,27,32
2020-02-29 13:00:00,40,16,24
2020-02-29 14:00:00,38,14,24
2020-02-29 15:00:00,46,27,19
2020-02-29 16:00:00,31,15,16
2020-02-29 17:00:00,16,8,8
2020-02-29 18:00:00,12,5,7
2020-02-29 19:00:00,0,0,0
2020-02-29 20:00:00,3,1,2
2020-02-29 21:00:00,0,0,0
2020-02-29 22:00:00,0,0,0
2020-02-29 23:00:00,0,0,0
2020-06-01 00:00:00,0,0,0
2020-06-01 01:00:00,0,0,0
2020-06-01 02:00:00,0,0,0
2020-06-01 03:00:00,0,0,0
2020-06-01 04:00:00,0,0,0
2020-06-01 05:00:00,1,1,0
2020-06-01 06:00:00,16,15,1
2020-06-01 07:00:00,37,35,2
2020-06-01 08:00:00,26,25,1
2020-06-01 09:00:00,45,43,2
2020-06-01 10:00:00,44,36,8
2020-06-01 11:00:00,53,41,12
2020-06-01 12:00:00,47,40,7
2020-06-01 13:00:00,43,39,4
2020-06-01 14:00:00,41,32,9
2020-06-01 15:00:00,52,52,0
2020-06-01 16:00:00,76,76,0
2020-06-01 17:00:00,61,59,2
2020-06-01 18:00:00,51,51,0
2020-06-01 19:00:00,17,17,0
2020-06-01 20:00:00,14,14,0
2020-06-01 21:00:00,7,6,1
2020-06-01 22:00:00,2,2,0
2020-06-01 23:00:00,1,1,0
2020-06-02 00:00:00,0,0,0
2020-06-02 01:00:00,0,0,0
2020-06-02 02:00:00,0,0,0
2020-06-02 03:00:00,0,0,0
2020-06-02 04:00:00,1,1,0
2020-06-02 05:00:00,6,6,0
2020-06-02 06:00:00,23,23,0
2020-06-02 07:00:00,37,36,1
2020-06-02 08:00:00,50,50,0
2020-06-02 09:00:00,32,32,0
2020-06-02 10:00:00,46,45,1
2020-06-02 11:00:00,41,28,13
2020-06-02 12:00:00,38,35,3
2020-06-02 13:00:00,27,27,0
2020-06-02 14:00:00,29,24,5
2020-06-02 15:00:00,35,31,4
2020-06-02 16:00:00,31,28,3
2020-06-02 17:00:00,49,35,14
2020-06-02 18:00:00,57,48,9
2020-06-02 19:00:00,46,45,1
2020-06-02 20:00:00,33,33,0
2020-06-02 21:00:00,8,8,0
2020-06-02 22:00:00,1,1,0
2020-06-02 23:00:00,0,0,0
2020-06-03 00:00:00,0,0,0
2020-06-03 01:00:00,0,0,0
2020-06-03 02:00:00,0,0,0
2020-06-03 03:00:00,0,0,0
2020-06-03 04:00:00,0,0,0
2020-06-03 05:00:00,8,8,0
2020-06-03 06:00:00,44,42,2
2020-06-03 07:00:00,43,42,1
2020-06-03 08:00:00,37,37,0
2020-06-03 09:00:00,34,34,0
2020-06-03 10:00:00,35,35,0
2020-06-03 11:00:00,38,26,12
2020-06-03 12:00:00,35,29,6
2020-06-03 13:00:00,46,42,4
2020-06-03 14:00:00,41,36,5
2020-03-01 00:00:00,0,0,0
2020-03-01 01:00:00,0,0,0
2020-03-01 02:00:00,0,0,0
2020-03-01 03:00:00,0,0,0
2020-03-01 04:00:00,0,0,0
2020-03-01 05:00:00,1,0,1
2020-03-01 06:00:00,1,1,0
2020-03-01 07:00:00,8,5,3
2020-03-01 08:00:00,29,15,14
2020-03-01 09:00:00,31,18,13
2020-03-01 10:00:00,45,21,24
2020-03-01 11:00:00,63,32,31
2020-03-01 12:00:00,40,14,26
2020-03-01 13:00:00,32,16,16
2020-03-01 14:00:00,43,20,23
2020-03-01 15:00:00,46,21,25
2020-03-01 16:00:00,40,18,22
2020-03-01 17:00:00,32,13,19
2020-03-01 18:00:00,3,1,2
2020-03-01 19:00:00,2,1,1
2020-03-01 20:00:00,0,0,0
2020-03-01 21:00:00,0,0,0
2020-03-01 22:00:00,0,0,0
2020-03-01 23:00:00,0,0,0
2020-03-02 00:00:00,1,1,0
2020-03-02 01:00:00,1,0,1
2020-03-02 02:00:00,0,0,0
2020-03-02 03:00:00,0,0,0
2020-03-02 04:00:00,0,0,0
2020-03-02 05:00:00,3,1,2
2020-03-02 06:00:00,12,5,7
2020-03-02 07:00:00,16,8,8
2020-03-02 08:00:00,28,10,18
2020-03-02 09:00:00,19,10,9
2020-03-02 10:00:00,15,8,7
2020-03-02 11:00:00,12,3,9
2020-03-02 12:00:00,13,7,6
2020-03-02 13:00:00,14,5,9
2020-03-02 14:00:00,12,7,5
2020-03-02 15:00:00,12,7,5
2020-03-02 16:00:00,17,11,6
2020-03-02 17:00:00,23,8,15
2020-03-02 18:00:00,7,4,3
2020-03-02 19:00:00,2,1,1
2020-03-02 20:00:00,8,4,4
2020-03-02 21:00:00,2,1,1
2020-03-02 22:00:00,0,0,0
2020-03-02 23:00:00,0,0,0
2020-03-03 00:00:00,0,0,0
2020-03-03 01:00:00,0,0,0
2020-03-03 02:00:00,0,0,0
2020-03-03 03:00:00,0,0,0
2020-03-03 04:00:00,1,1,0
2020-03-03 05:00:00,4,2,2
2020-03-03 06:00:00,23,10,13
2020-03-03 07:00:00,27,12,15
2020-03-03 08:00:00,34,15,19
2020-03-03 09:00:00,25,17,8
2020-03-03 10:00:00,30,12,18
2020-03-03 11:00:00,19,9,10
2020-03-03 12:00:00,27,14,13
2020-03-03 13:00:00,16,8,8
2020-03-03 14:00:00,17,10,7
2020-03-03 15:00:00,22,13,9
2020-03-03 16:00:00,30,17,13
2020-03-03 17:00:00,30,14,16
2020-03-03 18:00:00,12,6,6
2020-03-03 19:00:00,8,3,5
2020-03-03 20:00:00,4,3,1
2020-03-03 21:00:00,1,0,1
2020-03-03 22:00:00,0,0,0
2020-03-03 23:00:00,0,0,0
2020-03-04 00:00:00,0,0,0
2020-03-04 01:00:00,0,0,0
2020-03-04 02:00:00,0,0,0
2020-03-04 03:00:00,0,0,0
2020-03-04 04:00:00,0,0,0
2020-03-04 05:00:00,2,1,1
2020-03-04 06:00:00,18,8,10
2020-03-04 07:00:00,11,6,5
2020-03-04 08:00:00,30,12,18
2020-03-04 09:00:00,29,13,16
2020-03-04 10:00:00,24,13,11
2020-03-04 11:00:00,42,19,23
2020-03-04 12:00:00,35,19,16
2020-03-04 13:00:00,31,14,17
2020-03-04 14:00:00,24,11,13
2020-03-04 15:00:00,37,17,20
2020-03-04 16:00:00,28,19,9
2020-03-04 17:00:00,39,18,21
2020-03-04 18:00:00,23,9,14
2020-03-04 19:00:00,5,3,2
2020-03-04 20:00:00,5,1,4
2020-03-04 21:00:00,1,1,0
2020-03-04 22:00:00,0,0,0
2020-03-04 23:00:00,0,0,0
2020-03-05 00:00:00,0,0,0
2020-03-05 01:00:00,0,0,0
2020-03-05 02:00:00,0,0,0
2020-03-05 03:00:00,0,0,0
2020-03-05 04:00:00,1,1,0
2020-03-05 05:00:00,2,1,1
2020-03-05 06:00:00,11,5,6
2020-03-05 07:00:00,21,12,9
2020-03-05 08:00:00,37,20,17
2020-03-05 09:00:00,32,13,19
2020-03-05 10:00:00,32,17,15
2020-03-05 11:00:00,29,15,14
2020-03-05 12:00:00,33,13,20
2020-03-05 13:00:00,14,6,8
2020-03-05 14:00:00,21,11,10
2020-03-05 15:00:00,23,11,12
2020-03-05 16:00:00,38,19,19
2020-03-05 17:00:00,37,16,21
2020-03-05 18:00:00,20,9,11
2020-03-05 19:00:00,6,4,2
2020-03-05 20:00:00,4,2,2
2020-03-05 21:00:00,4,2,2
2020-03-05 22:00:00,4,2,2
2020-03-05 23:00:00,0,0,0
2020-03-06 00:00:00,0,0,0
2020-03-06 01:00:00,0,0,0
2020-03-06 02:00:00,0,0,0
2020-03-06 03:00:00,0,0,0
2020-03-06 04:00:00,0,0,0
2020-03-06 05:00:00,3,2,1
2020-03-06 06:00:00,14,6,8
2020-03-06 07:00:00,10,5,5
2020-03-06 08:00:00,14,6,8
2020-03-06 09:00:00,10,4,6
2020-03-06 10:00:00,21,12,9
2020-03-06 11:00:00,11,4,7
2020-03-06 12:00:00,18,10,8
2020-03-06 13:00:00,32,17,15
2020-03-06 14:00:00,32,13,19
2020-03-06 15:00:00,29,15,14
2020-03-06 16:00:00,38,20,18
2020-03-06 17:00:00,28,12,16
2020-03-06 18:00:00,13,5,8
2020-03-06 19:00:00,3,2,1
2020-03-06 20:00:00,4,2,2
2020-03-06 21:00:00,1,1,0
2020-03-06 22:00:00,5,3,2
2020-03-06 23:00:00,0,0,0
2020-03-07 00:00:00,0,0,0
2020-03-07 01:00:00,0,0,0
2020-03-07 02:00:00,0,0,0
2020-03-07 03:00:00,0,0,0
2020-03-07 04:00:00,0,0,0
2020-03-07 05:00:00,0,0,0
2020-03-07 06:00:00,5,5,0
2020-03-07 07:00:00,30,21,9
2020-03-07 08:00:00,95,42,53
2020-03-07 09:00:00,83,37,46
2020-03-07 10:00:00,72,33,39
2020-03-07 11:00:00,46,22,24
2020-03-07 12:00:00,33,18,15
2020-03-07 13:00:00,38,21,17
2020-03-07 14:00:00,41,25,16
2020-03-07 15:00:00,53,26,27
2020-03-07 16:00:00,39,20,19
2020-03-07 17:00:00,33,15,18
2020-03-07 18:00:00,12,6,6
2020-03-07 19:00:00,2,1,1
2020-03-07 20:00:00,0,0,0
2020-03-07 21:00:00,0,0,0
2020-03-07 22:00:00,0,0,0
2020-03-07 23:00:00,0,0,0
2020-03-08 00:00:00,0,0,0
2020-03-08 01:00:00,0,0,0
2020-03-08 02:00:00,0,0,0
2020-03-08 03:00:00,0,0,0
2020-03-08 04:00:00,0,0,0
2020-03-08 05:00:00,0,0,0
2020-03-08 06:00:00,0,0,0
2020-03-08 07:00:00,3,2,1
2020-03-08 08:00:00,28,13,15
2020-03-08 09:00:00,36,20,16
2020-03-08 10:00:00,42,25,17
2020-03-08 11:00:00,70,27,43
2020-03-08 12:00:00,79,33,46
2020-03-08 13:00:00,47,27,20
2020-03-08 14:00:00,78,39,39
2020-03-08 15:00:00,71,34,37
2020-03-08 16:00:00,66,32,34
2020-03-08 17:00:00,51,24,27
2020-03-08 18:00:00,30,12,18
2020-03-08 19:00:00,6,2,4
2020-03-08 20:00:00,6,3,3
2020-03-08 21:00:00,2,1,1
2020-03-08 22:00:00,1,0,1
2020-03-08 23:00:00,0,0,0
2020-03-09 00:00:00,0,0,0
2020-03-09 01:00:00,0,0,0
2020-03-09 02:00:00,0,0,0
2020-03-09 03:00:00,0,0,0
2020-03-09 04:00:00,0,0,0
2020-03-09 05:00:00,3,2,1
2020-03-09 06:00:00,5,2,3
2020-03-09 07:00:00,4,1,3
2020-03-09 08:00:00,22,12,10
2020-03-09 09:00:00,34,18,16
2020-03-09 10:00:00,27,12,15
2020-03-09 11:00:00,30,14,16
2020-03-09 12:00:00,33,16,17
2020-03-09 13:00:00,30,17,13
2020-03-09 14:00:00,41,21,20
2020-03-09 15:00:00,39,17,22
2020-03-09 16:00:00,62,37,25
2020-03-09 17:00:00,83,36,47
2020-03-09 18:00:00,48,21,27
2020-03-09 19:00:00,17,6,11
2020-03-09 20:00:00,4,2,2
2020-03-09 21:00:00,1,0,1
2020-03-09 22:00:00,1,0,1
2020-03-09 23:00:00,2,1,1
2020-03-10 00:00:00,1,1,0
2020-03-10 01:00:00,2,1,1
2020-03-10 02:00:00,0,0,0
2020-03-10 03:00:00,1,0,1
2020-03-10 04:00:00,1,1,0
2020-03-10 05:00:00,4,2,2
2020-03-10 06:00:00,6,3,3
2020-03-10 07:00:00,5,2,3
2020-03-10 08:00:00,29,16,13
2020-03-10 09:00:00,29,14,15
2020-03-10 10:00:00,17,10,7
2020-03-10 11:00:00,22,11,11
2020-03-10 12:00:00,29,18,11
2020-03-10 13:00:00,28,9,19
2020-03-10 14:00:00,26,13,13
2020-03-10 15:00:00,45,22,23
2020-03-10 16:00:00,44,27,17
2020-03-10 17:00:00,34,13,21
2020-03-10 18:00:00,35,15,20
2020-03-10 19:00:00,14,5,9
2020-03-10 20:00:00,6,2,4
2020-03-10 21:00:00,0,0,0
2020-03-10 22:00:00,1,1,0
2020-03-10 23:00:00,3,1,2
2020-03-11 00:00:00,0,0,0
2020-03-11 01:00:00,0,0,0
2020-03-11 02:00:00,0,0,0
2020-03-11 03:00:00,0,0,0
2020-03-11 04:00:00,0,0,0
2020-03-11 05:00:00,1,0,1
2020-03-11 06:00:00,9,4,5
2020-03-11 07:00:00,9,5,4
2020-03-11 08:00:00,29,13,16
2020-03-11 09:00:00,24,10,14
2020-03-11 10:00:00,30,14,16
2020-03-11 11:00:00,25,15,10
2020-03-11 12:00:00,35,18,17
2020-03-11 13:00:00,21,10,11
2020-03-11 14:00:00,28,13,15
2020-03-11 15:00:00,43,20,23
2020-03-11 16:00:00,51,26,25
2020-03-11 17:00:00,57,28,29
2020-03-11 18:00:00,48,24,24
2020-03-11 19:00:00,23,10,13
2020-03-11 20:00:00,0,0,0
2020-03-11 21:00:00,0,0,0
2020-03-11 22:00:00,0,0,0
2020-03-11 23:00:00,0,0,0
2020-03-12 00:00:00,2,1,1
2020-03-12 01:00:00,0,0,0
2020-03-12 02:00:00,0,0,0
2020-03-12 03:00:00,0,0,0
2020-03-12 04:00:00,1,1,0
2020-03-12 05:00:00,1,0,1
2020-03-12 06:00:00,5,3,2
2020-03-12 07:00:00,12,4,8
2020-03-12 08:00:00,15,8,7
2020-03-12 09:00:00,20,8,12
2020-03-12 10:00:00,32,16,16
2020-03-12 11:00:00,23,11,12
2020-03-12 12:00:00,28,15,13
2020-03-12 13:00:00,29,14,15
2020-03-12 14:00:00,26,13,13
2020-03-12 15:00:00,33,16,17
2020-03-12 16:00:00,58,31,27
2020-03-12 17:00:00,56,28,28
2020-03-12 18:00:00,49,23,26
2020-03-12 19:00:00,11,5,6
2020-03-12 20:00:00,2,0,2
2020-03-12 21:00:00,1,1,0
2020-03-12 22:00:00,0,0,0
2020-03-12 23:00:00,0,0,0
2020-03-13 00:00:00,0,0,0
2020-03-13 01:00:00,0,0,0
2020-03-13 02:00:00,0,0,0
2020-03-13 03:00:00,0,0,0
2020-03-13 04:00:00,1,1,0
2020-03-13 05:00:00,5,2,3
2020-03-13 06:00:00,7,3,4
2020-03-13 07:00:00,8,3,5
2020-03-13 08:00:00,10,6,4
2020-03-13 09:00:00,15,10,5
2020-03-13 10:00:00,28,12,16
2020-03-13 11:00:00,15,6,9
2020-03-13 12:00:00,13,6,7
2020-03-13 13:00:00,13,8,5
2020-03-13 14:00:00,14,6,8
2020-03-13 15:00:00,10,5,5
2020-03-13 16:00:00,26,12,14
2020-03-13 17:00:00,27,16,11
2020-03-13 18:00:00,6,1,5
2020-03-13 19:00:00,5,2,3
2020-03-13 20:00:00,6,3,3
2020-03-13 21:00:00,2,1,1
2020-03-13 22:00:00,5,2,3
2020-03-13 23:00:00,0,0,0
2020-03-14 00:00:00,0,0,0
2020-03-14 01:00:00,0,0,0
2020-03-14 02:00:00,0,0,0
2020-03-14 03:00:00,0,0,0
2020-03-14 04:00:00,0,0,0
2020-03-14 05:00:00,4,3,1
2020-03-14 06:00:00,1,0,1
2020-03-14 07:00:00,7,5,2
2020-03-14 08:00:00,32,16,16
2020-03-14 09:00:00,53,29,24
2020-03-14 10:00:00,64,27,37
2020-03-14 11:00:00,67,30,37
2020-03-14 12:00:00,63,32,31
2020-03-14 13:00:00,82,40,42
2020-03-14 14:00:00,62,34,28
2020-03-14 15:00:00,76,30,46
2020-03-14 16:00:00,55,25,30
2020-03-14 17:00:00,37,19,18
2020-03-14 18:00:00,17,6,11
2020-03-14 19:00:00,12,4,8
2020-03-14 20:00:00,3,0,3
2020-03-14 21:00:00,4,2,2
2020-03-14 22:00:00,0,0,0
2020-03-14 23:00:00,2,1,1
2020-03-15 00:00:00,0,0,0
2020-03-15 01:00:00,0,0,0
2020-03-15 02:00:00,0,0,0
2020-03-15 03:00:00,0,0,0
2020-03-15 04:00:00,0,0,0
2020-03-15 05:00:00,0,0,0
2020-03-15 06:00:00,0,0,0
2020-03-15 07:00:00,5,2,3
2020-03-15 08:00:00,14,9,5
2020-03-15 09:00:00,37,18,19
2020-03-15 10:00:00,61,33,28
2020-03-15 11:00:00,82,42,40
2020-03-15 12:00:00,71,36,35
2020-03-15 13:00:00,83,44,39
2020-03-15 14:00:00,98,52,46
2020-03-15 15:00:00,73,34,39
2020-03-15 16:00:00,56,23,33
2020-03-15 17:00:00,37,21,16
2020-03-15 18:00:00,23,12,11
2020-03-15 19:00:00,13,5,8
2020-03-15 20:00:00,3,1,2
2020-03-15 21:00:00,0,0,0
2020-03-15 22:00:00,1,1,0
2020-03-15 23:00:00,1,0,1
2020-03-16 00:00:00,2,1,1
2020-03-16 01:00:00,0,0,0
2020-03-16 02:00:00,0,0,0
2020-03-16 03:00:00,0,0,0
2020-03-16 04:00:00,0,0,0
2020-03-16 05:00:00,3,1,2
2020-03-16 06:00:00,7,4,3
2020-03-16 07:00:00,14,7,7
2020-03-16 08:00:00,22,10,12
2020-03-16 09:00:00,31,19,12
2020-03-16 10:00:00,36,16,20
2020-03-16 11:00:00,54,30,24
2020-03-16 12:00:00,39,17,22
2020-03-16 13:00:00,46,22,24
2020-03-16 14:00:00,56,31,25
2020-03-16 15:00:00,80,38,42
2020-03-16 16:00:00,62,30,32
2020-03-16 17:00:00,72,36,36
2020-03-16 18:00:00,57,27,30
2020-03-16 19:00:00,16,8,8
2020-03-16 20:00:00,8,3,5
2020-03-16 21:00:00,0,0,0
2020-03-16 22:00:00,0,0,0
2020-03-16 23:00:00,2,1,1
2020-03-17 00:00:00,0,0,0
2020-03-17 01:00:00,0,0,0
2020-03-17 02:00:00,0,0,0
2020-03-17 03:00:00,0,0,0
2020-03-17 04:00:00,1,1,0
2020-03-17 05:00:00,1,0,1
2020-03-17 06:00:00,12,6,6
2020-03-17 07:00:00,16,7,9
2020-03-17 08:00:00,31,16,15
2020-03-17 09:00:00,38,19,19
2020-03-17 10:00:00,31,16,15
2020-03-17 11:00:00,32,14,18
2020-03-17 12:00:00,38,19,19
2020-03-17 13:00:00,36,20,16
2020-03-17 14:00:00,49,28,21
2020-03-17 15:00:00,54,22,32
2020-03-17 16:00:00,61,31,30
2020-03-17 17:00:00,88,44,44
2020-03-17 18:00:00,84,40,44
2020-03-17 19:00:00,27,11,16
2020-03-17 20:00:00,10,4,6
2020-03-17 21:00:00,1,1,0
2020-03-17 22:00:00,0,0,0
2020-03-17 23:00:00,1,0,1
2020-03-18 00:00:00,0,0,0
2020-03-18 01:00:00,0,0,0
2020-03-18 02:00:00,0,0,0
2020-03-18 03:00:00,0,0,0
2020-03-18 04:00:00,0,0,0
2020-03-18 05:00:00,0,0,0
2020-03-18 06:00:00,15,7,8
2020-03-18 07:00:00,26,11,15
2020-03-18 08:00:00,23,10,13
2020-03-18 09:00:00,28,17,11
2020-03-18 10:00:00,35,21,14
2020-03-18 11:00:00,32,16,16
2020-03-18 12:00:00,49,23,26
2020-03-18 13:00:00,46,22,24
2020-03-18 14:00:00,67,34,33
2020-03-18 15:00:00,107,59,48
2020-03-18 16:00:00,93,57,36
2020-03-18 17:00:00,110,43,67
2020-03-18 18:00:00,65,30,35
2020-03-18 19:00:00,20,5,15
2020-03-18 20:00:00,3,0,3
2020-03-18 21:00:00,7,3,4
2020-03-18 22:00:00,2,1,1
2020-03-18 23:00:00,0,0,0
2020-03-19 00:00:00,1,1,0
2020-03-19 01:00:00,1,0,1
2020-03-19 02:00:00,0,0,0
2020-03-19 03:00:00,0,0,0
2020-03-19 04:00:00,0,0,0
2020-03-19 05:00:00,0,0,0
2020-03-19 06:00:00,8,3,5
2020-03-19 07:00:00,27,16,11
2020-03-19 08:00:00,31,13,18
2020-03-19 09:00:00,43,24,19
2020-03-19 10:00:00,25,12,13
2020-03-19 11:00:00,43,27,16
2020-03-19 12:00:00,52,23,29
2020-03-19 13:00:00,58,24,34
2020-03-19 14:00:00,58,25,33
2020-03-19 15:00:00,87,47,40
2020-03-19 16:00:00,83,30,53
2020-03-19 17:00:00,96,42,54
2020-03-19 18:00:00,52,18,34
2020-03-19 19:00:00,32,13,19
2020-03-19 20:00:00,5,2,3
2020-03-19 21:00:00,1,1,0
2020-03-19 22:00:00,0,0,0
2020-03-19 23:00:00,0,0,0
2020-03-20 00:00:00,0,0,0
2020-03-20 01:00:00,0,0,0
2020-03-20 02:00:00,2,2,0
2020-03-20 03:00:00,0,0,0
2020-03-20 04:00:00,0,0,0
2020-03-20 05:00:00,3,3,0
2020-03-20 06:00:00,9,9,0
2020-03-20 07:00:00,16,16,0
2020-03-20 08:00:00,38,37,1
2020-03-20 09:00:00,31,31,0
2020-03-20 10:00:00,42,42,0
2020-03-20 11:00:00,44,44,0
2020-03-20 12:00:00,66,66,0
2020-03-20 13:00:00,62,62,0
2020-03-20 14:00:00,79,79,0
2020-03-20 15:00:00,64,64,0
2020-03-20 16:00:00,78,78,0
2020-03-20 17:00:00,58,58,0
2020-03-20 18:00:00,58,58,0
2020-03-20 19:00:00,18,18,0
2020-03-20 20:00:00,5,5,0
2020-03-20 21:00:00,4,4,0
2020-03-20 22:00:00,0,0,0
2020-03-20 23:00:00,0,0,0
2020-03-21 00:00:00,0,0,0
2020-03-21 01:00:00,0,0,0
2020-03-21 02:00:00,0,0,0
2020-03-21 03:00:00,0,0,0
2020-03-21 04:00:00,0,0,0
2020-03-21 05:00:00,1,1,0
2020-03-21 06:00:00,2,2,0
2020-03-21 07:00:00,13,13,0
2020-03-21 08:00:00,46,46,0
2020-03-21 09:00:00,61,61,0
2020-03-21 10:00:00,72,72,0
2020-03-21 11:00:00,75,75,0
2020-03-21 12:00:00,56,56,0
2020-03-21 13:00:00,76,76,0
2020-03-21 14:00:00,92,72,20
2020-03-21 15:00:00,78,33,45
2020-03-21 16:00:00,102,61,41
2020-03-21 17:00:00,87,42,45
2020-03-21 18:00:00,53,24,29
2020-03-21 19:00:00,20,9,11
2020-03-21 20:00:00,6,2,4
2020-03-21 21:00:00,3,2,1
2020-03-21 22:00:00,0,0,0
2020-03-21 23:00:00,1,0,1
2020-03-22 00:00:00,1,0,1
2020-03-22 01:00:00,0,0,0
2020-03-22 02:00:00,0,0,0
2020-03-22 03:00:00,0,0,0
2020-03-22 04:00:00,0,0,0
2020-03-22 05:00:00,1,1,0
2020-03-22 06:00:00,2,1,1
2020-03-22 07:00:00,14,7,7
2020-03-22 08:00:00,55,28,27
2020-03-22 09:00:00,69,31,38
2020-03-22 10:00:00,75,34,41
2020-03-22 11:00:00,84,39,45
2020-03-22 12:00:00,85,37,48
2020-03-22 13:00:00,100,55,45
2020-03-22 14:00:00,79,34,45
2020-03-22 15:00:00,92,45,47
2020-03-22 16:00:00,57,26,31
2020-03-22 17:00:00,45,22,23
2020-03-22 18:00:00,26,13,13
2020-03-22 19:00:00,5,1,4
2020-03-22 20:00:00,4,3,1
2020-03-22 21:00:00,0,0,0
2020-03-22 22:00:00,0,0,0
2020-03-22 23:00:00,2,1,1
2020-03-23 00:00:00,1,1,0
2020-03-23 01:00:00,0,0,0
2020-03-23 02:00:00,0,0,0
2020-03-23 03:00:00,0,0,0
2020-03-23 04:00:00,3,1,2
2020-03-23 05:00:00,2,1,1
2020-03-23 06:00:00,9,3,6
2020-03-23 07:00:00,21,9,12
2020-03-23 08:00:00,23,9,14
2020-03-23 09:00:00,43,29,14
2020-03-23 10:00:00,49,30,19
2020-03-23 11:00:00,50,27,23
2020-03-23 12:00:00,53,22,31
2020-03-23 13:00:00,42,21,21
2020-03-23 14:00:00,45,20,25
2020-03-23 15:00:00,62,24,38
2020-03-23 16:00:00,93,49,44
2020-03-23 17:00:00,66,31,35
2020-03-23 18:00:00,66,30,36
2020-03-23 19:00:00,22,8,14
2020-03-23 20:00:00,6,1,5
2020-03-23 21:00:00,1,1,0
2020-03-23 22:00:00,1,1,0
2020-03-23 23:00:00,1,1,0
2020-03-24 00:00:00,0,0,0
2020-03-24 01:00:00,0,0,0
2020-03-24 02:00:00,0,0,0
2020-03-24 03:00:00,0,0,0
2020-03-24 04:00:00,1,0,1
2020-03-24 05:00:00,1,0,1
2020-03-24 06:00:00,12,3,9
2020-03-24 07:00:00,16,6,10
2020-03-24 08:00:00,23,11,12
2020-03-24 09:00:00,31,16,15
2020-03-24 10:00:00,32,15,17
2020-03-24 11:00:00,39,10,29
2020-03-24 12:00:00,34,17,17
2020-03-24 13:00:00,53,28,25
2020-03-24 14:00:00,40,15,25
2020-03-24 15:00:00,56,26,30
2020-03-24 16:00:00,73,28,45
2020-03-24 17:00:00,69,34,35
2020-03-24 18:00:00,56,29,27
2020-03-24 19:00:00,29,21,8
2020-03-24 20:00:00,5,5,0
2020-03-24 21:00:00,1,1,0
2020-03-24 22:00:00,2,2,0
2020-03-24 23:00:00,2,2,0
2020-03-25 00:00:00,1,1,0
2020-03-25 01:00:00,0,0,0
2020-03-25 02:00:00,0,0,0
2020-03-25 03:00:00,0,0,0
2020-03-25 04:00:00,1,1,0
2020-03-25 05:00:00,2,2,0
2020-03-25 06:00:00,17,10,7
2020-03-25 07:00:00,19,10,9
2020-03-25 08:00:00,21,10,11
2020-03-25 09:00:00,28,12,16
2020-03-25 10:00:00,36,15,21
2020-03-25 11:00:00,35,20,15
2020-03-25 12:00:00,38,12,26
2020-03-25 13:00:00,40,14,26
2020-03-25 14:00:00,62,27,35
2020-03-25 15:00:00,68,30,38
2020-03-25 16:00:00,73,30,43
2020-03-25 17:00:00,79,35,44
2020-03-25 18:00:00,52,15,37
2020-03-25 19:00:00,33,12,21
2020-03-25 20:00:00,4,3,1
2020-03-25 21:00:00,2,1,1
2020-03-25 22:00:00,1,1,0
2020-03-25 23:00:00,1,1,0
2020-03-26 00:00:00,0,0,0
2020-03-26 01:00:00,1,1,0
2020-03-26 02:00:00,0,0,0
2020-03-26 03:00:00,0,0,0
2020-03-26 04:00:00,0,0,0
2020-03-26 05:00:00,1,0,1
2020-03-26 06:00:00,12,4,8
2020-03-26 07:00:00,18,5,13
2020-03-26 08:00:00,33,18,15
2020-03-26 09:00:00,32,14,18
2020-03-26 10:00:00,43,17,26
2020-03-26 11:00:00,40,18,22
2020-03-26 12:00:00,55,23,32
2020-03-26 13:00:00,36,21,15
2020-03-26 14:00:00,34,18,16
2020-03-26 15:00:00,46,21,25
2020-03-26 16:00:00,49,19,30
2020-03-26 17:00:00,91,48,43
2020-03-26 18:00:00,53,26,27
2020-03-26 19:00:00,29,13,16
2020-03-26 20:00:00,1,1,0
2020-03-26 21:00:00,0,0,0
2020-03-26 22:00:00,0,0,0
2020-03-26 23:00:00,1,1,0
2020-03-27 00:00:00,1,1,0
2020-03-27 01:00:00,0,0,0
2020-03-27 02:00:00,0,0,0
2020-03-27 03:00:00,0,0,0
2020-03-27 04:00:00,0,0,0
2020-03-27 05:00:00,3,1,2
2020-03-27 06:00:00,7,3,4
2020-03-27 07:00:00,24,13,11
2020-03-27 08:00:00,20,9,11
2020-03-27 09:00:00,33,8,25
2020-03-27 10:00:00,36,15,21
2020-03-27 11:00:00,42,18,24
2020-03-27 12:00:00,41,13,28
2020-03-27 13:00:00,42,22,20
2020-03-27 14:00:00,55,25,30
2020-03-27 15:00:00,65,30,35
2020-03-27 16:00:00,63,29,34
2020-03-27 17:00:00,71,35,36
2020-03-27 18:00:00,51,18,33
2020-03-27 19:00:00,19,6,13
2020-03-27 20:00:00,4,2,2
2020-03-27 21:00:00,1,0,1
2020-03-27 22:00:00,0,0,0
2020-03-27 23:00:00,0,0,0
2020-03-28 00:00:00,0,0,0
2020-03-28 01:00:00,0,0,0
2020-03-28 02:00:00,0,0,0
2020-03-28 03:00:00,0,0,0
2020-03-28 04:00:00,0,0,0
2020-03-28 05:00:00,0,0,0
2020-03-28 06:00:00,4,2,2
2020-03-28 07:00:00,25,10,15
2020-03-28 08:00:00,36,18,18
2020-03-28 09:00:00,57,27,30
2020-03-28 10:00:00,86,42,44
2020-03-28 11:00:00,103,47,56
2020-03-28 12:00:00,81,34,47
2020-03-28 13:00:00,71,36,35
2020-03-28 14:00:00,59,27,32
2020-03-28 15:00:00,83,29,54
2020-03-28 16:00:00,61,27,34
2020-03-28 17:00:00,42,23,19
2020-03-28 18:00:00,20,11,9
2020-03-28 19:00:00,5,4,1
2020-03-28 20:00:00,8,5,3
2020-03-28 21:00:00,4,1,3
2020-03-28 22:00:00,4,2,2
2020-03-28 23:00:00,1,0,1
2020-03-29 00:00:00,0,0,0
2020-03-29 01:00:00,0,0,0
2020-03-29 02:00:00,0,0,0
2020-03-29 03:00:00,0,0,0
2020-03-29 04:00:00,0,0,0
2020-03-29 05:00:00,0,0,0
2020-03-29 06:00:00,2,1,1
2020-03-29 07:00:00,12,2,10
2020-03-29 08:00:00,37,15,22
2020-03-29 09:00:00,71,31,40
2020-03-29 10:00:00,72,33,39
2020-03-29 11:00:00,98,44,54
2020-03-29 12:00:00,107,36,71
2020-03-29 13:00:00,116,65,51
2020-03-29 14:00:00,112,80,32
2020-03-29 15:00:00,97,48,49
2020-03-29 16:00:00,87,58,29
2020-03-29 17:00:00,76,44,32
2020-03-29 18:00:00,33,31,2
2020-03-29 19:00:00,18,13,5
2020-03-29 20:00:00,3,2,1
2020-03-29 21:00:00,5,2,3
2020-03-29 22:00:00,0,0,0
2020-03-29 23:00:00,1,0,1
2020-03-30 00:00:00,0,0,0
2020-03-30 01:00:00,0,0,0
2020-03-30 02:00:00,0,0,0
2020-03-30 03:00:00,0,0,0
2020-03-30 04:00:00,1,1,0
2020-03-30 05:00:00,3,0,3
2020-03-30 06:00:00,3,2,1
2020-03-30 07:00:00,24,11,13
2020-03-30 08:00:00,30,18,12
2020-03-30 09:00:00,40,15,25
2020-03-30 10:00:00,41,17,24
2020-03-30 11:00:00,33,18,15
2020-03-30 12:00:00,53,34,19
2020-03-30 13:00:00,19,16,3
2020-03-30 14:00:00,20,10,10
2020-03-30 15:00:00,45,18,27
2020-03-30 16:00:00,49,18,31
2020-03-30 17:00:00,56,29,27
2020-03-30 18:00:00,30,11,19
2020-03-30 19:00:00,38,19,19
2020-03-30 20:00:00,5,2,3
2020-03-30 21:00:00,1,1,0
2020-03-30 22:00:00,2,0,2
2020-03-30 23:00:00,0,0,0
2020-03-31 00:00:00,0,0,0
2020-03-31 01:00:00,0,0,0
2020-03-31 02:00:00,0,0,0
2020-03-31 03:00:00,0,0,0
2020-03-31 04:00:00,0,0,0
2020-03-31 05:00:00,4,3,1
2020-03-31 06:00:00,12,8,4
2020-03-31 07:00:00,28,18,10
2020-03-31 08:00:00,39,31,8
2020-03-31 09:00:00,49,30,19
2020-03-31 10:00:00,47,30,17
2020-03-31 11:00:00,52,25,27
2020-03-31 12:00:00,63,26,37
2020-03-31 13:00:00,37,17,20
2020-03-31 14:00:00,58,49,9
2020-03-31 15:00:00,54,48,6
2020-03-31 16:00:00,18,7,11
2020-03-31 17:00:00,53,32,21
2020-03-31 18:00:00,19,10,9
2020-03-31 19:00:00,13,7,6
2020-03-31 20:00:00,10,8,2
2020-03-31 21:00:00,0,0,0
2020-03-31 22:00:00,1,1,0
2020-03-31 23:00:00,0,0,0
2020-06-03 15:00:00,44,37,7
2020-06-03 16:00:00,81,73,8
2020-06-03 17:00:00,65,50,15
2020-06-03 18:00:00,85,63,22
2020-06-03 19:00:00,40,35,5
2020-06-03 20:00:00,17,17,0
2020-06-03 21:00:00,7,6,1
2020-06-03 22:00:00,0,0,0
2020-06-03 23:00:00,0,0,0
2020-06-04 00:00:00,0,0,0
2020-06-04 01:00:00,0,0,0
2020-06-04 02:00:00,0,0,0
2020-06-04 03:00:00,0,0,0
2020-06-04 04:00:00,0,0,0
2020-06-04 05:00:00,5,4,1
2020-06-04 06:00:00,30,20,10
2020-06-04 07:00:00,32,26,6
2020-06-04 08:00:00,33,32,1
2020-06-04 09:00:00,27,24,3
2020-06-04 10:00:00,35,28,7
2020-06-04 11:00:00,42,28,14
2020-04-01 00:00:00,0,0,0
2020-04-01 01:00:00,0,0,0
2020-04-01 02:00:00,0,0,0
2020-04-01 03:00:00,0,0,0
2020-04-01 04:00:00,1,1,0
2020-04-01 05:00:00,3,3,0
2020-04-01 06:00:00,13,9,4
2020-04-01 07:00:00,14,13,1
2020-04-01 08:00:00,11,9,2
2020-04-01 09:00:00,17,13,4
2020-04-01 10:00:00,42,35,7
2020-04-01 11:00:00,48,36,12
2020-04-01 12:00:00,52,27,25
2020-04-01 13:00:00,38,17,21
2020-04-01 14:00:00,66,42,24
2020-04-01 15:00:00,72,53,19
2020-04-01 16:00:00,84,58,26
2020-04-01 17:00:00,97,62,35
2020-04-01 18:00:00,59,23,36
2020-04-01 19:00:00,34,18,16
2020-04-01 20:00:00,2,2,0
2020-04-01 21:00:00,3,1,2
2020-04-01 22:00:00,2,1,1
2020-04-01 23:00:00,1,1,0
2020-04-02 00:00:00,0,0,0
2020-04-02 01:00:00,0,0,0
2020-04-02 02:00:00,0,0,0
2020-04-02 03:00:00,0,0,0
2020-04-02 04:00:00,0,0,0
2020-04-02 05:00:00,0,0,0
2020-04-02 06:00:00,15,12,3
2020-04-02 07:00:00,25,19,6
2020-04-02 08:00:00,29,20,9
2020-04-02 09:00:00,34,15,19
2020-04-02 10:00:00,43,17,26
2020-04-02 11:00:00,35,18,17
2020-04-02 12:00:00,51,25,26
2020-04-02 13:00:00,44,23,21
2020-04-02 14:00:00,53,19,34
2020-04-02 15:00:00,63,36,27
2020-04-02 16:00:00,74,36,38
2020-04-02 17:00:00,73,36,37
2020-04-02 18:00:00,58,24,34
2020-04-02 19:00:00,44,22,22
2020-04-02 20:00:00,7,2,5
2020-04-02 21:00:00,0,0,0
2020-04-02 22:00:00,2,1,1
2020-04-02 23:00:00,0,0,0
2020-04-03 00:00:00,0,0,0
2020-04-03 01:00:00,0,0,0
2020-04-03 02:00:00,0,0,0
2020-04-03 03:00:00,0,0,0
2020-04-03 04:00:00,0,0,0
2020-04-03 05:00:00,2,1,1
2020-04-03 06:00:00,10,4,6
2020-04-03 07:00:00,25,9,16
2020-04-03 08:00:00,18,5,13
2020-04-03 09:00:00,41,16,25
2020-04-03 10:00:00,42,18,24
2020-04-03 11:00:00,55,14,41
2020-04-03 12:00:00,52,23,29
2020-04-03 13:00:00,50,30,20
2020-04-03 14:00:00,37,17,20
2020-04-03 15:00:00,43,26,17
2020-04-03 16:00:00,30,13,17
2020-04-03 17:00:00,47,17,30
2020-04-03 18:00:00,17,8,9
2020-04-03 19:00:00,12,5,7
2020-04-03 20:00:00,2,1,1
2020-04-03 21:00:00,1,1,0
2020-04-03 22:00:00,0,0,0
2020-04-03 23:00:00,1,1,0
2020-04-04 00:00:00,0,0,0
2020-04-04 01:00:00,0,0,0
2020-04-04 02:00:00,0,0,0
2020-04-04 03:00:00,0,0,0
2020-04-04 04:00:00,0,0,0
2020-04-04 05:00:00,0,0,0
2020-04-04 06:00:00,5,3,2
2020-04-04 07:00:00,19,10,9
2020-04-04 08:00:00,50,18,32
2020-04-04 09:00:00,67,40,27
2020-04-04 10:00:00,72,27,45
2020-04-04 11:00:00,97,33,64
2020-04-04 12:00:00,92,33,59
2020-04-04 13:00:00,81,32,49
2020-04-04 14:00:00,66,23,43
2020-04-04 15:00:00,78,35,43
2020-04-04 16:00:00,81,31,50
2020-04-04 17:00:00,56,28,28
2020-04-04 18:00:00,45,18,27
2020-04-04 19:00:00,20,5,15
2020-04-04 20:00:00,9,3,6
2020-04-04 21:00:00,2,0,2
2020-04-04 22:00:00,2,1,1
2020-04-04 23:00:00,2,0,2
2020-04-05 00:00:00,0,0,0
2020-04-05 01:00:00,0,0,0
2020-04-05 02:00:00,0,0,0
2020-04-05 03:00:00,0,0,0
2020-04-05 04:00:00,1,0,1
2020-04-05 05:00:00,1,0,1
2020-04-05 06:00:00,3,0,3
2020-04-05 07:00:00,20,10,10
2020-04-05 08:00:00,42,21,21
2020-04-05 09:00:00,64,31,33
2020-04-05 10:00:00,66,23,43
2020-04-05 11:00:00,74,30,44
2020-04-05 12:00:00,92,36,56
2020-04-05 13:00:00,78,34,44
2020-04-05 14:00:00,78,31,47
2020-04-05 15:00:00,89,39,50
2020-04-05 16:00:00,68,24,44
2020-04-05 17:00:00,47,17,30
2020-04-05 18:00:00,34,17,17
2020-04-05 19:00:00,12,10,2
2020-04-05 20:00:00,8,1,7
2020-04-05 21:00:00,3,0,3
2020-04-05 22:00:00,2,1,1
2020-04-05 23:00:00,0,0,0
2020-04-06 00:00:00,0,0,0
2020-04-06 01:00:00,0,0,0
2020-04-06 02:00:00,0,0,0
2020-04-06 03:00:00,0,0,0
2020-04-06 04:00:00,0,0,0
2020-04-06 05:00:00,1,0,1
2020-04-06 06:00:00,12,5,7
2020-04-06 07:00:00,32,20,12
2020-04-06 08:00:00,34,14,20
2020-04-06 09:00:00,44,21,23
2020-04-06 10:00:00,38,19,19
2020-04-06 11:00:00,58,27,31
2020-04-06 12:00:00,58,31,27
2020-04-06 13:00:00,56,32,24
2020-04-06 14:00:00,64,33,31
2020-04-06 15:00:00,52,26,26
2020-04-06 16:00:00,77,36,41
2020-04-06 17:00:00,90,49,41
2020-04-06 18:00:00,54,27,27
2020-04-06 19:00:00,31,30,1
2020-04-06 20:00:00,14,14,0
2020-04-06 21:00:00,3,3,0
2020-04-06 22:00:00,0,0,0
2020-04-06 23:00:00,0,0,0
2020-04-07 00:00:00,0,0,0
2020-04-07 01:00:00,0,0,0
2020-04-07 02:00:00,0,0,0
2020-04-07 03:00:00,0,0,0
2020-04-07 04:00:00,1,1,0
2020-04-07 05:00:00,3,0,3
2020-04-07 06:00:00,12,6,6
2020-04-07 07:00:00,27,13,14
2020-04-07 08:00:00,33,17,16
2020-04-07 09:00:00,37,19,18
2020-04-07 10:00:00,36,14,22
2020-04-07 11:00:00,36,15,21
2020-04-07 12:00:00,43,13,30
2020-04-07 13:00:00,50,23,27
2020-04-07 14:00:00,57,31,26
2020-04-07 15:00:00,59,31,28
2020-04-07 16:00:00,80,42,38
2020-04-07 17:00:00,67,30,37
2020-04-07 18:00:00,64,35,29
2020-04-07 19:00:00,27,16,11
2020-04-07 20:00:00,7,3,4
2020-04-07 21:00:00,7,4,3
2020-04-07 22:00:00,1,1,0
2020-04-07 23:00:00,0,0,0
2020-04-08 00:00:00,0,0,0
2020-04-08 01:00:00,0,0,0
2020-04-08 02:00:00,0,0,0
2020-04-08 03:00:00,0,0,0
2020-04-08 04:00:00,0,0,0
2020-04-08 05:00:00,1,1,0
2020-04-08 06:00:00,10,5,5
2020-04-08 07:00:00,28,14,14
2020-04-08 08:00:00,28,16,12
2020-04-08 09:00:00,43,20,23
2020-04-08 10:00:00,50,29,21
2020-04-08 11:00:00,63,32,31
2020-04-08 12:00:00,50,17,33
2020-04-08 13:00:00,42,21,21
2020-04-08 14:00:00,89,53,36
2020-04-08 15:00:00,64,25,39
2020-04-08 16:00:00,74,40,34
2020-04-08 17:00:00,85,36,49
2020-04-08 18:00:00,56,48,8
2020-04-08 19:00:00,34,34,0
2020-04-08 20:00:00,13,12,1
2020-04-08 21:00:00,3,3,0
2020-04-08 22:00:00,0,0,0
2020-04-08 23:00:00,0,0,0
2020-04-09 00:00:00,0,0,0
2020-04-09 01:00:00,0,0,0
2020-04-09 02:00:00,0,0,0
2020-04-09 03:00:00,0,0,0
2020-04-09 04:00:00,0,0,0
2020-04-09 05:00:00,2,1,1
2020-04-09 06:00:00,17,7,10
2020-04-09 07:00:00,35,20,15
2020-04-09 08:00:00,39,17,22
2020-04-09 09:00:00,41,26,15
2020-04-09 10:00:00,54,24,30
2020-04-09 11:00:00,53,21,32
2020-04-09 12:00:00,47,21,26
2020-04-09 13:00:00,99,64,35
2020-04-09 14:00:00,98,58,40
2020-04-09 15:00:00,75,46,29
2020-04-09 16:00:00,90,89,1
2020-04-09 17:00:00,83,82,1
2020-04-09 18:00:00,76,76,0
2020-04-09 19:00:00,35,35,0
2020-04-09 20:00:00,11,11,0
2020-04-09 21:00:00,5,4,1
2020-04-09 22:00:00,2,0,2
2020-04-09 23:00:00,1,0,1
2020-04-10 00:00:00,2,1,1
2020-04-10 01:00:00,0,0,0
2020-04-10 02:00:00,0,0,0
2020-04-10 03:00:00,0,0,0
2020-04-10 04:00:00,0,0,0
2020-04-10 05:00:00,2,0,2
2020-04-10 06:00:00,12,3,9
2020-04-10 07:00:00,26,11,15
2020-04-10 08:00:00,36,16,20
2020-04-10 09:00:00,41,35,6
2020-04-10 10:00:00,45,20,25
2020-04-10 11:00:00,42,21,21
2020-04-10 12:00:00,40,20,20
2020-04-10 13:00:00,50,21,29
2020-04-10 14:00:00,53,21,32
2020-04-10 15:00:00,58,22,36
2020-04-10 16:00:00,60,35,25
2020-04-10 17:00:00,73,57,16
2020-04-10 18:00:00,60,58,2
2020-04-10 19:00:00,16,10,6
2020-04-10 20:00:00,9,7,2
2020-04-10 21:00:00,2,1,1
2020-04-10 22:00:00,1,0,1
2020-04-10 23:00:00,0,0,0
2020-04-11 00:00:00,1,0,1
2020-04-11 01:00:00,0,0,0
2020-04-11 02:00:00,0,0,0
2020-04-11 03:00:00,0,0,0
2020-04-11 04:00:00,0,0,0
2020-04-11 05:00:00,1,0,1
2020-04-11 06:00:00,3,0,3
2020-04-11 07:00:00,28,15,13
2020-04-11 08:00:00,44,21,23
2020-04-11 09:00:00,60,24,36
2020-04-11 10:00:00,74,26,48
2020-04-11 11:00:00,75,30,45
2020-04-11 12:00:00,69,17,52
2020-04-11 13:00:00,59,21,38
2020-04-11 14:00:00,65,21,44
2020-04-11 15:00:00,62,22,40
2020-04-11 16:00:00,80,37,43
2020-04-11 17:00:00,70,31,39
2020-04-11 18:00:00,49,29,20
2020-04-11 19:00:00,15,14,1
2020-04-11 20:00:00,4,2,2
2020-04-11 21:00:00,3,2,1
2020-04-11 22:00:00,1,1,0
2020-04-11 23:00:00,2,2,0
2020-04-12 00:00:00,0,0,0
2020-04-12 01:00:00,0,0,0
2020-04-12 02:00:00,0,0,0
2020-04-12 03:00:00,0,0,0
2020-04-12 04:00:00,0,0,0
2020-04-12 05:00:00,1,1,0
2020-04-12 06:00:00,4,2,2
2020-04-12 07:00:00,18,8,10
2020-04-12 08:00:00,51,25,26
2020-04-12 09:00:00,67,36,31
2020-04-12 10:00:00,53,37,16
2020-04-12 11:00:00,64,58,6
2020-04-12 12:00:00,81,35,46
2020-04-12 13:00:00,87,36,51
2020-04-12 14:00:00,69,41,28
2020-04-12 15:00:00,73,32,41
2020-04-12 16:00:00,82,51,31
2020-04-12 17:00:00,32,21,11
2020-04-12 18:00:00,22,13,9
2020-04-12 19:00:00,24,14,10
2020-04-12 20:00:00,8,4,4
2020-04-12 21:00:00,1,1,0
2020-04-12 22:00:00,0,0,0
2020-04-12 23:00:00,0,0,0
2020-04-13 00:00:00,0,0,0
2020-04-13 01:00:00,0,0,0
2020-04-13 02:00:00,0,0,0
2020-04-13 03:00:00,0,0,0
2020-04-13 04:00:00,1,1,0
2020-04-13 05:00:00,2,2,0
2020-04-13 06:00:00,21,21,0
2020-04-13 07:00:00,25,18,7
2020-04-13 08:00:00,36,31,5
2020-04-13 09:00:00,47,24,23
2020-04-13 10:00:00,50,35,15
2020-04-13 11:00:00,60,60,0
2020-04-13 12:00:00,53,53,0
2020-04-13 13:00:00,44,44,0
2020-04-13 14:00:00,50,50,0
2020-04-13 15:00:00,66,66,0
2020-04-13 16:00:00,64,64,0
2020-04-13 17:00:00,67,67,0
2020-04-13 18:00:00,48,48,0
2020-04-13 19:00:00,15,15,0
2020-04-13 20:00:00,8,8,0
2020-04-13 21:00:00,5,5,0
2020-04-13 22:00:00,4,4,0
2020-04-13 23:00:00,0,0,0
2020-04-14 00:00:00,0,0,0
2020-04-14 01:00:00,0,0,0
2020-04-14 02:00:00,0,0,0
2020-04-14 03:00:00,0,0,0
2020-04-14 04:00:00,0,0,0
2020-04-14 05:00:00,2,2,0
2020-04-14 06:00:00,18,6,12
2020-04-14 07:00:00,34,15,19
2020-04-14 08:00:00,42,26,16
2020-04-14 09:00:00,40,21,19
2020-04-14 10:00:00,44,19,25
2020-04-14 11:00:00,52,34,18
2020-04-14 12:00:00,53,53,0
2020-04-14 13:00:00,40,40,0
2020-04-14 14:00:00,52,52,0
2020-04-14 15:00:00,49,43,6
2020-04-14 16:00:00,71,54,17
2020-04-14 17:00:00,78,73,5
2020-04-14 18:00:00,66,66,0
2020-04-14 19:00:00,30,30,0
2020-04-14 20:00:00,13,13,0
2020-04-14 21:00:00,2,2,0
2020-04-14 22:00:00,4,4,0
2020-04-14 23:00:00,1,1,0
2020-04-15 00:00:00,2,2,0
2020-04-15 01:00:00,1,1,0
2020-04-15 02:00:00,0,0,0
2020-04-15 03:00:00,0,0,0
2020-04-15 04:00:00,0,0,0
2020-04-15 05:00:00,1,1,0
2020-04-15 06:00:00,17,17,0
2020-04-15 07:00:00,31,31,0
2020-04-15 08:00:00,22,22,0
2020-04-15 09:00:00,22,22,0
2020-04-15 10:00:00,23,23,0
2020-04-15 11:00:00,45,45,0
2020-04-15 12:00:00,52,51,1
2020-04-15 13:00:00,53,53,0
2020-04-15 14:00:00,51,51,0
2020-04-15 15:00:00,69,69,0
2020-04-15 16:00:00,82,82,0
2020-04-15 17:00:00,69,69,0
2020-04-15 18:00:00,45,45,0
2020-04-15 19:00:00,39,39,0
2020-04-15 20:00:00,10,10,0
2020-04-15 21:00:00,6,5,1
2020-04-15 22:00:00,0,0,0
2020-04-15 23:00:00,2,2,0
2020-04-16 00:00:00,0,0,0
2020-04-16 01:00:00,1,1,0
2020-04-16 02:00:00,0,0,0
2020-04-16 03:00:00,0,0,0
2020-04-16 04:00:00,0,0,0
2020-04-16 05:00:00,1,0,1
2020-04-16 06:00:00,18,8,10
2020-04-16 07:00:00,26,18,8
2020-04-16 08:00:00,41,20,21
2020-04-16 09:00:00,48,15,33
2020-04-16 10:00:00,55,22,33
2020-04-16 11:00:00,66,40,26
2020-04-16 12:00:00,62,28,34
2020-04-16 13:00:00,38,16,22
2020-04-16 14:00:00,56,31,25
2020-04-16 15:00:00,54,15,39
2020-04-16 16:00:00,84,40,44
2020-04-16 17:00:00,71,36,35
2020-04-16 18:00:00,55,27,28
2020-04-16 19:00:00,41,15,26
2020-04-16 20:00:00,13,7,6
2020-04-16 21:00:00,3,1,2
2020-04-16 22:00:00,3,1,2
2020-04-16 23:00:00,1,0,1
2020-04-17 00:00:00,1,1,0
2020-04-17 01:00:00,0,0,0
2020-04-17 02:00:00,0,0,0
2020-04-17 03:00:00,0,0,0
2020-04-17 04:00:00,0,0,0
2020-04-17 05:00:00,2,2,0
2020-04-17 06:00:00,16,7,9
2020-04-17 07:00:00,22,12,10
2020-04-17 08:00:00,34,19,15
2020-04-17 09:00:00,53,23,30
2020-04-17 10:00:00,61,34,27
2020-04-17 11:00:00,44,23,21
2020-04-17 12:00:00,43,30,13
2020-04-17 13:00:00,52,36,16
2020-04-17 14:00:00,59,34,25
2020-04-17 15:00:00,56,31,25
2020-04-17 16:00:00,58,30,28
2020-04-17 17:00:00,51,25,26
2020-04-17 18:00:00,48,19,29
2020-04-17 19:00:00,18,10,8
2020-04-17 20:00:00,9,6,3
2020-04-17 21:00:00,1,1,0
2020-04-17 22:00:00,3,2,1
2020-04-17 23:00:00,4,1,3
2020-04-18 00:00:00,0,0,0
2020-04-18 01:00:00,0,0,0
2020-04-18 02:00:00,0,0,0
2020-04-18 03:00:00,0,0,0
2020-04-18 04:00:00,0,0,0
2020-04-18 05:00:00,0,0,0
2020-04-18 06:00:00,5,4,1
2020-04-18 07:00:00,24,14,10
2020-04-18 08:00:00,20,16,4
2020-04-18 09:00:00,32,25,7
2020-04-18 10:00:00,34,19,15
2020-04-18 11:00:00,58,27,31
2020-04-18 12:00:00,68,55,13
2020-04-18 13:00:00,71,67,4
2020-04-18 14:00:00,75,55,20
2020-04-18 15:00:00,69,67,2
2020-04-18 16:00:00,68,67,1
2020-04-18 17:00:00,52,51,1
2020-04-18 18:00:00,43,41,2
2020-04-18 19:00:00,29,27,2
2020-04-18 20:00:00,9,7,2
2020-04-18 21:00:00,2,1,1
2020-04-18 22:00:00,1,1,0
2020-04-18 23:00:00,0,0,0
2020-04-19 00:00:00,0,0,0
2020-04-19 01:00:00,0,0,0
2020-04-19 02:00:00,1,0,1
2020-04-19 03:00:00,0,0,0
2020-04-19 04:00:00,0,0,0
2020-04-19 05:00:00,0,0,0
2020-04-19 06:00:00,6,4,2
2020-04-19 07:00:00,30,14,16
2020-04-19 08:00:00,51,25,26
2020-04-19 09:00:00,69,36,33
2020-04-19 10:00:00,68,33,35
2020-04-19 11:00:00,63,37,26
2020-04-19 12:00:00,109,58,51
2020-04-19 13:00:00,71,29,42
2020-04-19 14:00:00,82,40,42
2020-04-19 15:00:00,88,39,49
2020-04-19 16:00:00,82,42,40
2020-04-19 17:00:00,48,35,13
2020-04-19 18:00:00,51,36,15
2020-04-19 19:00:00,28,24,4
2020-04-19 20:00:00,10,9,1
2020-04-19 21:00:00,4,3,1
2020-04-19 22:00:00,3,3,0
2020-04-19 23:00:00,1,1,0
2020-04-20 00:00:00,0,0,0
2020-04-20 01:00:00,0,0,0
2020-04-20 02:00:00,0,0,0
2020-04-20 03:00:00,0,0,0
2020-04-20 04:00:00,0,0,0
2020-04-20 05:00:00,3,3,0
2020-04-20 06:00:00,20,8,12
2020-04-20 07:00:00,32,10,22
2020-04-20 08:00:00,23,14,9
2020-04-20 09:00:00,53,21,32
2020-04-20 10:00:00,60,21,39
2020-04-20 11:00:00,49,24,25
2020-04-20 12:00:00,64,30,34
2020-04-20 13:00:00,42,16,26
2020-04-20 14:00:00,45,26,19
2020-04-20 15:00:00,52,50,2
2020-04-20 16:00:00,61,59,2
2020-04-20 17:00:00,70,69,1
2020-04-20 18:00:00,63,63,0
2020-04-20 19:00:00,36,36,0
2020-04-20 20:00:00,7,5,2
2020-04-20 21:00:00,3,3,0
2020-04-20 22:00:00,2,1,1
2020-04-20 23:00:00,3,3,0
2020-04-21 00:00:00,1,1,0
2020-04-21 01:00:00,0,0,0
2020-04-21 02:00:00,0,0,0
2020-04-21 03:00:00,0,0,0
2020-04-21 04:00:00,0,0,0
2020-04-21 05:00:00,3,3,0
2020-04-21 06:00:00,20,18,2
2020-04-21 07:00:00,35,32,3
2020-04-21 08:00:00,42,38,4
2020-04-21 09:00:00,26,25,1
2020-04-21 10:00:00,37,36,1
2020-04-21 11:00:00,54,52,2
2020-04-21 12:00:00,51,39,12
2020-04-21 13:00:00,44,32,12
2020-04-21 14:00:00,33,21,12
2020-04-21 15:00:00,55,37,18
2020-04-21 16:00:00,85,81,4
2020-04-21 17:00:00,67,64,3
2020-04-21 18:00:00,54,43,11
2020-04-21 19:00:00,16,10,6
2020-04-21 20:00:00,14,6,8
2020-04-21 21:00:00,1,1,0
2020-04-21 22:00:00,0,0,0
2020-04-21 23:00:00,2,2,0
2020-04-22 00:00:00,0,0,0
2020-04-22 01:00:00,0,0,0
2020-04-22 02:00:00,0,0,0
2020-04-22 03:00:00,0,0,0
2020-04-22 04:00:00,0,0,0
2020-04-22 05:00:00,6,6,0
2020-04-22 06:00:00,19,18,1
2020-04-22 07:00:00,23,21,2
2020-04-22 08:00:00,22,22,0
2020-04-22 09:00:00,26,19,7
2020-04-22 10:00:00,22,21,1
2020-04-22 11:00:00,26,26,0
2020-04-22 12:00:00,22,22,0
2020-04-22 13:00:00,21,16,5
2020-04-22 14:00:00,31,27,4
2020-04-22 15:00:00,24,24,0
2020-04-22 16:00:00,53,47,6
2020-04-22 17:00:00,55,54,1
2020-04-22 18:00:00,44,41,3
2020-04-22 19:00:00,32,32,0
2020-04-22 20:00:00,11,8,3
2020-04-22 21:00:00,1,1,0
2020-04-22 22:00:00,0,0,0
2020-04-22 23:00:00,2,1,1
2020-04-23 00:00:00,0,0,0
2020-04-23 01:00:00,0,0,0
2020-04-23 02:00:00,0,0,0
2020-04-23 03:00:00,0,0,0
2020-04-23 04:00:00,2,2,0
2020-04-23 05:00:00,2,2,0
2020-04-23 06:00:00,20,19,1
2020-04-23 07:00:00,35,35,0
2020-04-23 08:00:00,44,44,0
2020-04-23 09:00:00,35,34,1
2020-04-23 10:00:00,49,48,1
2020-04-23 11:00:00,50,49,1
2020-04-23 12:00:00,50,49,1
2020-04-23 13:00:00,65,64,1
2020-04-23 14:00:00,51,51,0
2020-04-23 15:00:00,39,37,2
2020-04-23 16:00:00,55,51,4
2020-04-23 17:00:00,36,35,1
2020-04-23 18:00:00,27,27,0
2020-04-23 19:00:00,13,13,0
2020-04-23 20:00:00,5,4,1
2020-04-23 21:00:00,1,1,0
2020-04-23 22:00:00,2,2,0
2020-04-23 23:00:00,3,3,0
2020-04-24 00:00:00,3,3,0
2020-04-24 01:00:00,0,0,0
2020-04-24 02:00:00,0,0,0
2020-04-24 03:00:00,0,0,0
2020-04-24 04:00:00,0,0,0
2020-04-24 05:00:00,5,4,1
2020-04-24 06:00:00,20,7,13
2020-04-24 07:00:00,23,9,14
2020-04-24 08:00:00,50,21,29
2020-04-24 09:00:00,40,31,9
2020-04-24 10:00:00,35,30,5
2020-04-24 11:00:00,45,35,10
2020-04-24 12:00:00,46,29,17
2020-04-24 13:00:00,29,17,12
2020-04-24 14:00:00,45,21,24
2020-04-24 15:00:00,66,41,25
2020-04-24 16:00:00,68,26,42
2020-04-24 17:00:00,75,35,40
2020-04-24 18:00:00,52,28,24
2020-04-24 19:00:00,12,8,4
2020-04-24 20:00:00,10,4,6
2020-04-24 21:00:00,2,2,0
2020-04-24 22:00:00,2,1,1
2020-04-24 23:00:00,0,0,0
2020-04-25 00:00:00,0,0,0
2020-04-25 01:00:00,0,0,0
2020-04-25 02:00:00,0,0,0
2020-04-25 03:00:00,0,0,0
2020-04-25 04:00:00,1,1,0
2020-04-25 05:00:00,2,2,0
2020-04-25 06:00:00,7,4,3
2020-04-25 07:00:00,22,10,12
2020-04-25 08:00:00,12,10,2
2020-04-25 09:00:00,26,16,10
2020-04-25 10:00:00,38,27,11
2020-04-25 11:00:00,50,34,16
2020-04-25 12:00:00,68,42,26
2020-04-25 13:00:00,89,44,45
2020-04-25 14:00:00,90,50,40
2020-04-25 15:00:00,66,43,23
2020-04-25 16:00:00,102,75,27
2020-04-25 17:00:00,62,46,16
2020-04-25 18:00:00,48,38,10
2020-04-25 19:00:00,30,26,4
2020-04-25 20:00:00,11,8,3
2020-04-25 21:00:00,2,2,0
2020-04-25 22:00:00,2,2,0
2020-04-25 23:00:00,0,0,0
2020-04-26 00:00:00,0,0,0
2020-04-26 01:00:00,0,0,0
2020-04-26 02:00:00,0,0,0
2020-04-26 03:00:00,0,0,0
2020-04-26 04:00:00,0,0,0
2020-04-26 05:00:00,0,0,0
2020-04-26 06:00:00,13,1,12
2020-04-26 07:00:00,37,19,18
2020-04-26 08:00:00,54,21,33
2020-04-26 09:00:00,88,32,56
2020-04-26 10:00:00,81,28,53
2020-04-26 11:00:00,89,45,44
2020-04-26 12:00:00,66,28,38
2020-04-26 13:00:00,68,29,39
2020-04-26 14:00:00,76,28,48
2020-04-26 15:00:00,62,22,40
2020-04-26 16:00:00,80,26,54
2020-04-26 17:00:00,65,21,44
2020-04-26 18:00:00,40,16,24
2020-04-26 19:00:00,29,12,17
2020-04-26 20:00:00,5,3,2
2020-04-26 21:00:00,1,0,1
2020-04-26 22:00:00,2,1,1
2020-04-26 23:00:00,0,0,0
2020-04-27 00:00:00,0,0,0
2020-04-27 01:00:00,0,0,0
2020-04-27 02:00:00,0,0,0
2020-04-27 03:00:00,0,0,0
2020-04-27 04:00:00,1,0,1
2020-04-27 05:00:00,5,1,4
2020-04-27 06:00:00,23,11,12
2020-04-27 07:00:00,27,9,18
2020-04-27 08:00:00,27,9,18
2020-04-27 09:00:00,23,12,11
2020-04-27 10:00:00,41,15,26
2020-04-27 11:00:00,47,11,36
2020-04-27 12:00:00,62,19,43
2020-04-27 13:00:00,52,24,28
2020-04-27 14:00:00,66,34,32
2020-04-27 15:00:00,52,24,28
2020-04-27 16:00:00,64,31,33
2020-04-27 17:00:00,70,30,40
2020-04-27 18:00:00,61,24,37
2020-04-27 19:00:00,25,12,13
2020-04-27 20:00:00,6,2,4
2020-04-27 21:00:00,1,0,1
2020-04-27 22:00:00,1,0,1
2020-04-27 23:00:00,2,1,1
2020-04-28 00:00:00,0,0,0
2020-04-28 01:00:00,0,0,0
2020-04-28 02:00:00,0,0,0
2020-04-28 03:00:00,0,0,0
2020-04-28 04:00:00,0,0,0
2020-04-28 05:00:00,4,2,2
2020-04-28 06:00:00,26,4,22
2020-04-28 07:00:00,26,11,15
2020-04-28 08:00:00,49,22,27
2020-04-28 09:00:00,38,14,24
2020-04-28 10:00:00,54,24,30
2020-04-28 11:00:00,33,12,21
2020-04-28 12:00:00,33,18,15
2020-04-28 13:00:00,35,15,20
2020-04-28 14:00:00,24,13,11
2020-04-28 15:00:00,52,24,28
2020-04-28 16:00:00,76,35,41
2020-04-28 17:00:00,100,42,58
2020-04-28 18:00:00,48,20,28
2020-04-28 19:00:00,16,7,9
2020-04-28 20:00:00,15,8,7
2020-04-28 21:00:00,1,0,1
2020-04-28 22:00:00,1,0,1
2020-04-28 23:00:00,0,0,0
2020-04-29 00:00:00,0,0,0
2020-04-29 01:00:00,0,0,0
2020-04-29 02:00:00,0,0,0
2020-04-29 03:00:00,0,0,0
2020-04-29 04:00:00,1,1,0
2020-04-29 05:00:00,7,4,3
2020-04-29 06:00:00,22,10,12
2020-04-29 07:00:00,37,17,20
2020-04-29 08:00:00,34,17,17
2020-04-29 09:00:00,48,28,20
2020-04-29 10:00:00,41,25,16
2020-04-29 11:00:00,51,21,30
2020-04-29 12:00:00,61,24,37
2020-04-29 13:00:00,40,20,20
2020-04-29 14:00:00,52,30,22
2020-04-29 15:00:00,48,28,20
2020-04-29 16:00:00,69,37,32
2020-04-29 17:00:00,56,31,25
2020-04-29 18:00:00,46,20,26
2020-04-29 19:00:00,39,16,23
2020-04-29 20:00:00,10,6,4
2020-04-29 21:00:00,1,0,1
2020-04-29 22:00:00,1,0,1
2020-04-29 23:00:00,0,0,0
2020-04-30 00:00:00,0,0,0
2020-04-30 01:00:00,0,0,0
2020-04-30 02:00:00,0,0,0
2020-04-30 03:00:00,0,0,0
2020-04-30 04:00:00,0,0,0
2020-04-30 05:00:00,3,2,1
2020-04-30 06:00:00,27,8,19
2020-04-30 07:00:00,38,19,19
2020-04-30 08:00:00,51,24,27
2020-04-30 09:00:00,56,20,36
2020-04-30 10:00:00,30,14,16
2020-04-30 11:00:00,29,11,18
2020-04-30 12:00:00,44,17,27
2020-04-30 13:00:00,38,17,21
2020-04-30 14:00:00,34,13,21
2020-04-30 15:00:00,53,21,32
2020-04-30 16:00:00,49,25,24
2020-04-30 17:00:00,70,35,35
2020-04-30 18:00:00,45,17,28
2020-04-30 19:00:00,39,14,25
2020-04-30 20:00:00,12,3,9
2020-04-30 21:00:00,2,0,2
2020-04-30 22:00:00,0,0,0
2020-04-30 23:00:00,0,0,0
2020-06-04 12:00:00,35,31,4
2020-06-04 13:00:00,27,20,7
2020-06-04 14:00:00,34,33,1
2020-06-04 15:00:00,34,34,0
2020-06-04 16:00:00,61,56,5
2020-06-04 17:00:00,75,73,2
2020-06-04 18:00:00,58,52,6
2020-06-04 19:00:00,40,36,4
2020-06-04 20:00:00,34,33,1
2020-06-04 21:00:00,14,13,1
2020-06-04 22:00:00,4,4,0
2020-06-04 23:00:00,1,1,0
2020-06-05 00:00:00,2,2,0
2020-06-05 01:00:00,0,0,0
2020-06-05 02:00:00,0,0,0
2020-06-05 03:00:00,0,0,0
2020-06-05 04:00:00,2,2,0
2020-06-05 05:00:00,6,6,0
2020-06-05 06:00:00,18,14,4
2020-06-05 07:00:00,31,29,2
2020-06-05 08:00:00,39,35,4
2020-06-05 09:00:00,50,36,14
2020-06-05 10:00:00,45,30,15
2020-06-05 11:00:00,43,37,6
2020-06-05 12:00:00,35,32,3
2020-06-05 13:00:00,30,23,7
2020-06-05 14:00:00,41,40,1
2020-06-05 15:00:00,42,36,6
2020-06-05 16:00:00,51,49,2
2020-06-05 17:00:00,48,48,0
2020-06-05 18:00:00,49,46,3
2020-06-05 19:00:00,21,19,2
2020-06-05 20:00:00,8,7,1
2020-06-05 21:00:00,11,11,0
2020-06-05 22:00:00,1,1,0
2020-06-05 23:00:00,1,1,0
2020-06-06 00:00:00,0,0,0
2020-06-06 01:00:00,0,0,0
2020-06-06 02:00:00,0,0,0
2020-06-06 03:00:00,0,0,0
2020-06-06 04:00:00,1,1,0
2020-06-06 05:00:00,3,3,0
2020-06-06 06:00:00,11,9,2
2020-06-06 07:00:00,28,26,2
2020-06-06 08:00:00,55,53,2
2020-06-06 09:00:00,75,73,2
2020-06-06 10:00:00,98,77,21
2020-06-06 11:00:00,72,69,3
2020-05-01 00:00:00,1,1,0
2020-05-01 01:00:00,0,0,0
2020-05-01 02:00:00,0,0,0
2020-05-01 03:00:00,0,0,0
2020-05-01 04:00:00,2,2,0
2020-05-01 05:00:00,4,4,0
2020-05-01 06:00:00,15,15,0
2020-05-01 07:00:00,32,32,0
2020-05-01 08:00:00,26,26,0
2020-05-01 09:00:00,42,42,0
2020-05-01 10:00:00,36,36,0
2020-05-01 11:00:00,57,57,0
2020-05-01 12:00:00,54,34,20
2020-05-01 13:00:00,47,20,27
2020-05-01 14:00:00,54,26,28
2020-05-01 15:00:00,49,30,19
2020-05-01 16:00:00,61,58,3
2020-05-01 17:00:00,51,50,1
2020-05-01 18:00:00,64,50,14
2020-05-01 19:00:00,15,14,1
2020-05-01 20:00:00,17,17,0
2020-05-01 21:00:00,2,2,0
2020-05-01 22:00:00,0,0,0
2020-05-01 23:00:00,0,0,0
2020-05-02 00:00:00,0,0,0
2020-05-02 01:00:00,0,0,0
2020-05-02 02:00:00,3,3,0
2020-05-02 03:00:00,0,0,0
2020-05-02 04:00:00,0,0,0
2020-05-02 05:00:00,0,0,0
2020-05-02 06:00:00,8,7,1
2020-05-02 07:00:00,49,49,0
2020-05-02 08:00:00,47,47,0
2020-05-02 09:00:00,57,57,0
2020-05-02 10:00:00,79,79,0
2020-05-02 11:00:00,76,76,0
2020-05-02 12:00:00,39,39,0
2020-05-02 13:00:00,42,42,0
2020-05-02 14:00:00,35,35,0
2020-05-02 15:00:00,31,31,0
2020-05-02 16:00:00,30,30,0
2020-05-02 17:00:00,40,40,0
2020-05-02 18:00:00,53,53,0
2020-05-02 19:00:00,33,33,0
2020-05-02 20:00:00,9,9,0
2020-05-02 21:00:00,1,1,0
2020-05-02 22:00:00,2,2,0
2020-05-02 23:00:00,4,4,0
2020-05-03 00:00:00,2,2,0
2020-05-03 01:00:00,0,0,0
2020-05-03 02:00:00,0,0,0
2020-05-03 03:00:00,0,0,0
2020-05-03 04:00:00,0,0,0
2020-05-03 05:00:00,1,1,0
2020-05-03 06:00:00,6,6,0
2020-05-03 07:00:00,17,17,0
2020-05-03 08:00:00,40,40,0
2020-05-03 09:00:00,82,82,0
2020-05-03 10:00:00,82,82,0
2020-05-03 11:00:00,90,90,0
2020-05-03 12:00:00,76,74,2
2020-05-03 13:00:00,76,75,1
2020-05-03 14:00:00,78,78,0
2020-05-03 15:00:00,72,72,0
2020-05-03 16:00:00,74,74,0
2020-05-03 17:00:00,59,59,0
2020-05-03 18:00:00,21,21,0
2020-05-03 19:00:00,19,19,0
2020-05-03 20:00:00,12,12,0
2020-05-03 21:00:00,4,4,0
2020-05-03 22:00:00,4,4,0
2020-05-03 23:00:00,3,3,0
2020-05-04 00:00:00,0,0,0
2020-05-04 01:00:00,0,0,0
2020-05-04 02:00:00,0,0,0
2020-05-04 03:00:00,0,0,0
2020-05-04 04:00:00,0,0,0
2020-05-04 05:00:00,8,8,0
2020-05-04 06:00:00,22,22,0
2020-05-04 07:00:00,35,35,0
2020-05-04 08:00:00,34,34,0
2020-05-04 09:00:00,51,51,0
2020-05-04 10:00:00,49,49,0
2020-05-04 11:00:00,55,55,0
2020-05-04 12:00:00,53,46,7
2020-05-04 13:00:00,40,40,0
2020-05-04 14:00:00,39,37,2
2020-05-04 15:00:00,56,55,1
2020-05-04 16:00:00,62,61,1
2020-05-04 17:00:00,72,71,1
2020-05-04 18:00:00,41,40,1
2020-05-04 19:00:00,14,14,0
2020-05-04 20:00:00,12,12,0
2020-05-04 21:00:00,2,2,0
2020-05-04 22:00:00,6,6,0
2020-05-04 23:00:00,4,3,1
2020-05-05 00:00:00,0,0,0
2020-05-05 01:00:00,0,0,0
2020-05-05 02:00:00,0,0,0
2020-05-05 03:00:00,0,0,0
2020-05-05 04:00:00,3,3,0
2020-05-05 05:00:00,4,4,0
2020-05-05 06:00:00,21,21,0
2020-05-05 07:00:00,33,32,1
2020-05-05 08:00:00,37,37,0
2020-05-05 09:00:00,33,33,0
2020-05-05 10:00:00,56,50,6
2020-05-05 11:00:00,146,106,40
2020-05-05 12:00:00,64,31,33
2020-05-05 13:00:00,66,28,38
2020-05-05 14:00:00,45,14,31
2020-05-05 15:00:00,75,35,40
2020-05-05 16:00:00,58,30,28
2020-05-05 17:00:00,80,39,41
2020-05-05 18:00:00,51,25,26
2020-05-05 19:00:00,36,21,15
2020-05-05 20:00:00,25,8,17
2020-05-05 21:00:00,2,0,2
2020-05-05 22:00:00,0,0,0
2020-05-05 23:00:00,0,0,0
2020-05-06 00:00:00,0,0,0
2020-05-06 01:00:00,1,1,0
2020-05-06 02:00:00,0,0,0
2020-05-06 03:00:00,0,0,0
2020-05-06 04:00:00,2,0,2
2020-05-06 05:00:00,4,2,2
2020-05-06 06:00:00,15,8,7
2020-05-06 07:00:00,36,22,14
2020-05-06 08:00:00,22,18,4
2020-05-06 09:00:00,23,21,2
2020-05-06 10:00:00,39,31,8
2020-05-06 11:00:00,39,38,1
2020-05-06 12:00:00,28,26,2
2020-05-06 13:00:00,20,19,1
2020-05-06 14:00:00,30,30,0
2020-05-06 15:00:00,54,53,1
2020-05-06 16:00:00,52,48,4
2020-05-06 17:00:00,64,59,5
2020-05-06 18:00:00,32,30,2
2020-05-06 19:00:00,30,30,0
2020-05-06 20:00:00,23,23,0
2020-05-06 21:00:00,9,9,0
2020-05-06 22:00:00,0,0,0
2020-05-06 23:00:00,0,0,0
2020-05-07 00:00:00,1,1,0
2020-05-07 01:00:00,0,0,0
2020-05-07 02:00:00,0,0,0
2020-05-07 03:00:00,0,0,0
2020-05-07 04:00:00,2,2,0
2020-05-07 05:00:00,6,6,0
2020-05-07 06:00:00,29,29,0
2020-05-07 07:00:00,47,47,0
2020-05-07 08:00:00,45,45,0
2020-05-07 09:00:00,74,74,0
2020-05-07 10:00:00,90,88,2
2020-05-07 11:00:00,41,16,25
2020-05-07 12:00:00,50,13,37
2020-05-07 13:00:00,53,18,35
2020-05-07 14:00:00,51,22,29
2020-05-07 15:00:00,49,26,23
2020-05-07 16:00:00,64,33,31
2020-05-07 17:00:00,77,51,26
2020-05-07 18:00:00,56,23,33
2020-05-07 19:00:00,46,33,13
2020-05-07 20:00:00,17,14,3
2020-05-07 21:00:00,3,0,3
2020-05-07 22:00:00,0,0,0
2020-05-07 23:00:00,1,1,0
2020-05-08 00:00:00,1,0,1
2020-05-08 01:00:00,0,0,0
2020-05-08 02:00:00,0,0,0
2020-05-08 03:00:00,0,0,0
2020-05-08 04:00:00,0,0,0
2020-05-08 05:00:00,6,6,0
2020-05-08 06:00:00,32,32,0
2020-05-08 07:00:00,59,59,0
2020-05-08 08:00:00,55,55,0
2020-05-08 09:00:00,45,45,0
2020-05-08 10:00:00,35,18,17
2020-05-08 11:00:00,49,27,22
2020-05-08 12:00:00,56,23,33
2020-05-08 13:00:00,44,19,25
2020-05-08 14:00:00,37,18,19
2020-05-08 15:00:00,61,22,39
2020-05-08 16:00:00,58,23,35
2020-05-08 17:00:00,51,21,30
2020-05-08 18:00:00,19,5,14
2020-05-08 19:00:00,25,9,16
2020-05-08 20:00:00,19,12,7
2020-05-08 21:00:00,3,3,0
2020-05-08 22:00:00,1,1,0
2020-05-08 23:00:00,0,0,0
2020-05-09 00:00:00,0,0,0
2020-05-09 01:00:00,0,0,0
2020-05-09 02:00:00,0,0,0
2020-05-09 03:00:00,0,0,0
2020-05-09 04:00:00,0,0,0
2020-05-09 05:00:00,3,1,2
2020-05-09 06:00:00,16,8,8
2020-05-09 07:00:00,34,32,2
2020-05-09 08:00:00,70,67,3
2020-05-09 09:00:00,87,66,21
2020-05-09 10:00:00,101,44,57
2020-05-09 11:00:00,82,31,51
2020-05-09 12:00:00,53,20,33
2020-05-09 13:00:00,56,26,30
2020-05-09 14:00:00,38,13,25
2020-05-09 15:00:00,47,17,30
2020-05-09 16:00:00,42,13,29
2020-05-09 17:00:00,34,10,24
2020-05-09 18:00:00,28,12,16
2020-05-09 19:00:00,13,9,4
2020-05-09 20:00:00,18,7,11
2020-05-09 21:00:00,4,0,4
2020-05-09 22:00:00,4,2,2
2020-05-09 23:00:00,1,0,1
2020-05-10 00:00:00,0,0,0
2020-05-10 01:00:00,0,0,0
2020-05-10 02:00:00,0,0,0
2020-05-10 03:00:00,1,0,1
2020-05-10 04:00:00,0,0,0
2020-05-10 05:00:00,7,4,3
2020-05-10 06:00:00,20,13,7
2020-05-10 07:00:00,37,36,1
2020-05-10 08:00:00,63,58,5
2020-05-10 09:00:00,77,44,33
2020-05-10 10:00:00,72,33,39
2020-05-10 11:00:00,53,21,32
2020-05-10 12:00:00,51,21,30
2020-05-10 13:00:00,52,29,23
2020-05-10 14:00:00,40,17,23
2020-05-10 15:00:00,30,28,2
2020-05-10 16:00:00,30,28,2
2020-05-10 17:00:00,27,27,0
2020-05-10 18:00:00,25,25,0
2020-05-10 19:00:00,25,25,0
2020-05-10 20:00:00,14,14,0
2020-05-10 21:00:00,4,3,1
2020-05-10 22:00:00,1,1,0
2020-05-10 23:00:00,2,1,1
2020-05-11 00:00:00,0,0,0
2020-05-11 01:00:00,0,0,0
2020-05-11 02:00:00,0,0,0
2020-05-11 03:00:00,0,0,0
2020-05-11 04:00:00,1,1,0
2020-05-11 05:00:00,4,4,0
2020-05-11 06:00:00,32,32,0
2020-05-11 07:00:00,42,42,0
2020-05-11 08:00:00,48,48,0
2020-05-11 09:00:00,48,48,0
2020-05-11 10:00:00,61,61,0
2020-05-11 11:00:00,72,72,0
2020-05-11 12:00:00,52,34,18
2020-05-11 13:00:00,37,29,8
2020-05-11 14:00:00,63,53,10
2020-05-11 15:00:00,52,50,2
2020-05-11 16:00:00,63,63,0
2020-05-11 17:00:00,68,68,0
2020-05-11 18:00:00,49,49,0
2020-05-11 19:00:00,16,16,0
2020-05-11 20:00:00,7,7,0
2020-05-11 21:00:00,0,0,0
2020-05-11 22:00:00,0,0,0
2020-05-11 23:00:00,0,0,0
2020-05-12 00:00:00,0,0,0
2020-05-12 01:00:00,0,0,0
2020-05-12 02:00:00,0,0,0
2020-05-12 03:00:00,0,0,0
2020-05-12 04:00:00,1,1,0
2020-05-12 05:00:00,9,9,0
2020-05-12 06:00:00,35,35,0
2020-05-12 07:00:00,43,43,0
2020-05-12 08:00:00,44,44,0
2020-05-12 09:00:00,55,55,0
2020-05-12 10:00:00,52,52,0
2020-05-12 11:00:00,48,48,0
2020-05-12 12:00:00,28,17,11
2020-05-12 13:00:00,35,19,16
2020-05-12 14:00:00,38,20,18
2020-05-12 15:00:00,46,29,17
2020-05-12 16:00:00,73,30,43
2020-05-12 17:00:00,59,24,35
2020-05-12 18:00:00,45,21,24
2020-05-12 19:00:00,25,21,4
2020-05-12 20:00:00,18,17,1
2020-05-12 21:00:00,9,6,3
2020-05-12 22:00:00,2,2,0
2020-05-12 23:00:00,1,1,0
2020-05-13 00:00:00,0,0,0
2020-05-13 01:00:00,0,0,0
2020-05-13 02:00:00,0,0,0
2020-05-13 03:00:00,0,0,0
2020-05-13 04:00:00,0,0,0
2020-05-13 05:00:00,8,8,0
2020-05-13 06:00:00,28,28,0
2020-05-13 07:00:00,34,34,0
2020-05-13 08:00:00,27,27,0
2020-05-13 09:00:00,36,36,0
2020-05-13 10:00:00,31,31,0
2020-05-13 11:00:00,40,40,0
2020-05-13 12:00:00,38,38,0
2020-05-13 13:00:00,46,43,3
2020-05-13 14:00:00,43,39,4
2020-05-13 15:00:00,53,45,8
2020-05-13 16:00:00,77,58,19
2020-05-13 17:00:00,58,57,1
2020-05-13 18:00:00,67,65,2
2020-05-13 19:00:00,57,56,1
2020-05-13 20:00:00,14,13,1
2020-05-13 21:00:00,4,4,0
2020-05-13 22:00:00,1,1,0
2020-05-13 23:00:00,0,0,0
2020-05-14 00:00:00,2,2,0
2020-05-14 01:00:00,0,0,0
2020-05-14 02:00:00,0,0,0
2020-05-14 03:00:00,0,0,0
2020-05-14 04:00:00,2,2,0
2020-05-14 05:00:00,9,9,0
2020-05-14 06:00:00,25,25,0
2020-05-14 07:00:00,21,21,0
2020-05-14 08:00:00,28,28,0
2020-05-14 09:00:00,20,20,0
2020-05-14 10:00:00,22,22,0
2020-05-14 11:00:00,32,32,0
2020-05-14 12:00:00,47,47,0
2020-05-14 13:00:00,66,63,3
2020-05-14 14:00:00,49,41,8
2020-05-14 15:00:00,63,61,2
2020-05-14 16:00:00,50,49,1
2020-05-14 17:00:00,93,93,0
2020-05-14 18:00:00,72,72,0
2020-05-14 19:00:00,45,44,1
2020-05-14 20:00:00,25,25,0
2020-05-14 21:00:00,6,6,0
2020-05-14 22:00:00,2,1,1
2020-05-14 23:00:00,0,0,0
2020-05-15 00:00:00,0,0,0
2020-05-15 01:00:00,0,0,0
2020-05-15 02:00:00,0,0,0
2020-05-15 03:00:00,0,0,0
2020-05-15 04:00:00,1,1,0
2020-05-15 05:00:00,9,9,0
2020-05-15 06:00:00,24,24,0
2020-05-15 07:00:00,50,50,0
2020-05-15 08:00:00,36,36,0
2020-05-15 09:00:00,35,35,0
2020-05-15 10:00:00,58,33,25
2020-05-15 11:00:00,48,18,30
2020-05-15 12:00:00,55,20,35
2020-05-15 13:00:00,51,19,32
2020-05-15 14:00:00,41,18,23
2020-05-15 15:00:00,48,48,0
2020-05-15 16:00:00,49,49,0
2020-05-15 17:00:00,49,49,0
2020-05-15 18:00:00,61,61,0
2020-05-15 19:00:00,35,35,0
2020-05-15 20:00:00,24,24,0
2020-05-15 21:00:00,3,3,0
2020-05-15 22:00:00,1,1,0
2020-05-15 23:00:00,1,1,0
2020-05-16 00:00:00,1,1,0
2020-05-16 01:00:00,0,0,0
2020-05-16 02:00:00,0,0,0
2020-05-16 03:00:00,0,0,0
2020-05-16 04:00:00,0,0,0
2020-05-16 05:00:00,1,1,0
2020-05-16 06:00:00,9,9,0
2020-05-16 07:00:00,49,49,0
2020-05-16 08:00:00,61,61,0
2020-05-16 09:00:00,61,61,0
2020-05-16 10:00:00,65,65,0
2020-05-16 11:00:00,70,70,0
2020-05-16 12:00:00,52,52,0
2020-05-16 13:00:00,53,53,0
2020-05-16 14:00:00,41,41,0
2020-05-16 15:00:00,38,38,0
2020-05-16 16:00:00,36,36,0
2020-05-16 17:00:00,41,41,0
2020-05-16 18:00:00,30,30,0
2020-05-16 19:00:00,24,24,0
2020-05-16 20:00:00,11,11,0
2020-05-16 21:00:00,3,3,0
2020-05-16 22:00:00,4,4,0
2020-05-16 23:00:00,0,0,0
2020-05-17 00:00:00,0,0,0
2020-05-17 01:00:00,0,0,0
2020-05-17 02:00:00,0,0,0
2020-05-17 03:00:00,0,0,0
2020-05-17 04:00:00,0,0,0
2020-05-17 05:00:00,4,4,0
2020-05-17 06:00:00,6,6,0
2020-05-17 07:00:00,11,11,0
2020-05-17 08:00:00,41,41,0
2020-05-17 09:00:00,61,61,0
2020-05-17 10:00:00,61,61,0
2020-05-17 11:00:00,71,71,0
2020-05-17 12:00:00,69,68,1
2020-05-17 13:00:00,89,88,1
2020-05-17 14:00:00,67,67,0
2020-05-17 15:00:00,74,68,6
2020-05-17 16:00:00,87,84,3
2020-05-17 17:00:00,64,64,0
2020-05-17 18:00:00,35,35,0
2020-05-17 19:00:00,21,21,0
2020-05-17 20:00:00,17,17,0
2020-05-17 21:00:00,6,6,0
2020-05-17 22:00:00,0,0,0
2020-05-17 23:00:00,4,4,0
2020-05-18 00:00:00,0,0,0
2020-05-18 01:00:00,1,1,0
2020-05-18 02:00:00,0,0,0
2020-05-18 03:00:00,0,0,0
2020-05-18 04:00:00,1,1,0
2020-05-18 05:00:00,2,2,0
2020-05-18 06:00:00,19,19,0
2020-05-18 07:00:00,80,80,0
2020-05-18 08:00:00,85,85,0
2020-05-18 09:00:00,15,15,0
2020-05-18 10:00:00,12,12,0
2020-05-18 11:00:00,10,10,0
2020-05-18 12:00:00,20,19,1
2020-05-18 13:00:00,11,10,1
2020-05-18 14:00:00,12,10,2
2020-05-18 15:00:00,5,2,3
2020-05-18 16:00:00,12,9,3
2020-05-18 17:00:00,18,10,8
2020-05-18 18:00:00,21,12,9
2020-05-18 19:00:00,17,13,4
2020-05-18 20:00:00,12,6,6
2020-05-18 21:00:00,10,5,5
2020-05-18 22:00:00,2,0,2
2020-05-18 23:00:00,2,2,0
2020-05-19 00:00:00,0,0,0
2020-05-19 01:00:00,0,0,0
2020-05-19 02:00:00,0,0,0
2020-05-19 03:00:00,0,0,0
2020-05-19 04:00:00,0,0,0
2020-05-19 05:00:00,10,10,0
2020-05-19 06:00:00,20,20,0
2020-05-19 07:00:00,38,38,0
2020-05-19 08:00:00,53,53,0
2020-05-19 09:00:00,42,42,0
2020-05-19 10:00:00,38,32,6
2020-05-19 11:00:00,47,18,29
2020-05-19 12:00:00,44,23,21
2020-05-19 13:00:00,41,15,26
2020-05-19 14:00:00,36,20,16
2020-05-19 15:00:00,54,26,28
2020-05-19 16:00:00,78,42,36
2020-05-19 17:00:00,57,33,24
2020-05-19 18:00:00,53,22,31
2020-05-19 19:00:00,33,10,23
2020-05-19 20:00:00,20,9,11
2020-05-19 21:00:00,7,5,2
2020-05-19 22:00:00,1,1,0
2020-05-19 23:00:00,0,0,0
2020-05-20 00:00:00,0,0,0
2020-05-20 01:00:00,0,0,0
2020-05-20 02:00:00,0,0,0
2020-05-20 03:00:00,1,1,0
2020-05-20 04:00:00,1,1,0
2020-05-20 05:00:00,6,6,0
2020-05-20 06:00:00,33,33,0
2020-05-20 07:00:00,44,44,0
2020-05-20 08:00:00,29,29,0
2020-05-20 09:00:00,26,26,0
2020-05-20 10:00:00,28,28,0
2020-05-20 11:00:00,33,33,0
2020-05-20 12:00:00,50,50,0
2020-05-20 13:00:00,29,27,2
2020-05-20 14:00:00,42,20,22
2020-05-20 15:00:00,45,15,30
2020-05-20 16:00:00,54,24,30
2020-05-20 17:00:00,40,19,21
2020-05-20 18:00:00,37,16,21
2020-05-20 19:00:00,13,7,6
2020-05-20 20:00:00,6,2,4
2020-05-20 21:00:00,3,2,1
2020-05-20 22:00:00,2,1,1
2020-05-20 23:00:00,0,0,0
2020-05-21 00:00:00,0,0,0
2020-05-21 01:00:00,0,0,0
2020-05-21 02:00:00,0,0,0
2020-05-21 03:00:00,0,0,0
2020-05-21 04:00:00,0,0,0
2020-05-21 05:00:00,1,1,0
2020-05-21 06:00:00,13,13,0
2020-05-21 07:00:00,23,23,0
2020-05-21 08:00:00,26,26,0
2020-05-21 09:00:00,30,30,0
2020-05-21 10:00:00,23,23,0
2020-05-21 11:00:00,30,30,0
2020-05-21 12:00:00,45,45,0
2020-05-21 13:00:00,29,29,0
2020-05-21 14:00:00,36,36,0
2020-05-21 15:00:00,26,26,0
2020-05-21 16:00:00,44,44,0
2020-05-21 17:00:00,63,63,0
2020-05-21 18:00:00,25,25,0
2020-05-21 19:00:00,28,28,0
2020-05-21 20:00:00,9,9,0
2020-05-21 21:00:00,5,5,0
2020-05-21 22:00:00,3,3,0
2020-05-21 23:00:00,0,0,0
2020-05-22 00:00:00,0,0,0
2020-05-22 01:00:00,0,0,0
2020-05-22 02:00:00,0,0,0
2020-05-22 03:00:00,0,0,0
2020-05-22 04:00:00,0,0,0
2020-05-22 05:00:00,3,3,0
2020-05-22 06:00:00,25,25,0
2020-05-22 07:00:00,30,30,0
2020-05-22 08:00:00,48,48,0
2020-05-22 09:00:00,41,41,0
2020-05-22 10:00:00,44,44,0
2020-05-22 11:00:00,45,29,16
2020-05-22 12:00:00,54,26,28
2020-05-22 13:00:00,43,19,24
2020-05-22 14:00:00,63,27,36
2020-05-22 15:00:00,38,19,19
2020-05-22 16:00:00,56,25,31
2020-05-22 17:00:00,29,17,12
2020-05-22 18:00:00,30,16,14
2020-05-22 19:00:00,20,8,12
2020-05-22 20:00:00,8,2,6
2020-05-22 21:00:00,6,3,3
2020-05-22 22:00:00,0,0,0
2020-05-22 23:00:00,0,0,0
2020-05-23 00:00:00,0,0,0
2020-05-23 01:00:00,0,0,0
2020-05-23 02:00:00,0,0,0
2020-05-23 03:00:00,0,0,0
2020-05-23 04:00:00,0,0,0
2020-05-23 05:00:00,2,2,0
2020-05-23 06:00:00,15,15,0
2020-05-23 07:00:00,24,24,0
2020-05-23 08:00:00,49,48,1
2020-05-23 09:00:00,55,55,0
2020-05-23 10:00:00,74,69,5
2020-05-23 11:00:00,81,31,50
2020-05-23 12:00:00,63,30,33
2020-05-23 13:00:00,63,27,36
2020-05-23 14:00:00,55,26,29
2020-05-23 15:00:00,66,26,40
2020-05-23 16:00:00,60,24,36
2020-05-23 17:00:00,41,10,31
2020-05-23 18:00:00,30,14,16
2020-05-23 19:00:00,25,12,13
2020-05-23 20:00:00,11,4,7
2020-05-23 21:00:00,7,3,4
2020-05-23 22:00:00,1,1,0
2020-05-23 23:00:00,0,0,0
2020-05-24 00:00:00,0,0,0
2020-05-24 01:00:00,0,0,0
2020-05-24 02:00:00,0,0,0
2020-05-24 03:00:00,0,0,0
2020-05-24 04:00:00,0,0,0
2020-05-24 05:00:00,4,2,2
2020-05-24 06:00:00,7,3,4
2020-05-24 07:00:00,21,9,12
2020-05-24 08:00:00,61,27,34
2020-05-24 09:00:00,64,28,36
2020-05-24 10:00:00,70,29,41
2020-05-24 11:00:00,87,36,51
2020-05-24 12:00:00,77,39,38
2020-05-24 13:00:00,51,20,31
2020-05-24 14:00:00,78,28,50
2020-05-24 15:00:00,77,36,41
2020-05-24 16:00:00,58,21,37
2020-05-24 17:00:00,46,21,25
2020-05-24 18:00:00,47,21,26
2020-05-24 19:00:00,35,9,26
2020-05-24 20:00:00,18,8,10
2020-05-24 21:00:00,10,5,5
2020-05-24 22:00:00,0,0,0
2020-05-24 23:00:00,0,0,0
2020-05-25 00:00:00,0,0,0
2020-05-25 01:00:00,0,0,0
2020-05-25 02:00:00,0,0,0
2020-05-25 03:00:00,0,0,0
2020-05-25 04:00:00,0,0,0
2020-05-25 05:00:00,0,0,0
2020-05-25 06:00:00,7,6,1
2020-05-25 07:00:00,16,10,6
2020-05-25 08:00:00,16,7,9
2020-05-25 09:00:00,31,17,14
2020-05-25 10:00:00,27,14,13
2020-05-25 11:00:00,52,29,23
2020-05-25 12:00:00,51,21,30
2020-05-25 13:00:00,35,13,22
2020-05-25 14:00:00,41,15,26
2020-05-25 15:00:00,56,21,35
2020-05-25 16:00:00,52,21,31
2020-05-25 17:00:00,47,14,33
2020-05-25 18:00:00,32,17,15
2020-05-25 19:00:00,16,6,10
2020-05-25 20:00:00,10,4,6
2020-05-25 21:00:00,2,1,1
2020-05-25 22:00:00,1,1,0
2020-05-25 23:00:00,1,0,1
2020-05-26 00:00:00,0,0,0
2020-05-26 01:00:00,0,0,0
2020-05-26 02:00:00,0,0,0
2020-05-26 03:00:00,0,0,0
2020-05-26 04:00:00,1,0,1
2020-05-26 05:00:00,7,4,3
2020-05-26 06:00:00,28,12,16
2020-05-26 07:00:00,30,15,15
2020-05-26 08:00:00,32,10,22
2020-05-26 09:00:00,27,5,22
2020-05-26 10:00:00,35,15,20
2020-05-26 11:00:00,46,18,28
2020-05-26 12:00:00,33,14,19
2020-05-26 13:00:00,31,10,21
2020-05-26 14:00:00,42,16,26
2020-05-26 15:00:00,71,31,40
2020-05-26 16:00:00,74,34,40
2020-05-26 17:00:00,49,30,19
2020-05-26 18:00:00,79,41,38
2020-05-26 19:00:00,42,24,18
2020-05-26 20:00:00,28,15,13
2020-05-26 21:00:00,8,6,2
2020-05-26 22:00:00,1,1,0
2020-05-26 23:00:00,1,1,0
2020-05-27 00:00:00,0,0,0
2020-05-27 01:00:00,0,0,0
2020-05-27 02:00:00,0,0,0
2020-05-27 03:00:00,0,0,0
2020-05-27 04:00:00,1,1,0
2020-05-27 05:00:00,8,3,5
2020-05-27 06:00:00,23,17,6
2020-05-27 07:00:00,25,12,13
2020-05-27 08:00:00,33,21,12
2020-05-27 09:00:00,34,15,19
2020-05-27 10:00:00,52,30,22
2020-05-27 11:00:00,38,19,19
2020-05-27 12:00:00,51,25,26
2020-05-27 13:00:00,36,10,26
2020-05-27 14:00:00,48,28,20
2020-05-27 15:00:00,53,32,21
2020-05-27 16:00:00,63,41,22
2020-05-27 17:00:00,69,40,29
2020-05-27 18:00:00,62,49,13
2020-05-27 19:00:00,33,26,7
2020-05-27 20:00:00,30,28,2
2020-05-27 21:00:00,7,7,0
2020-05-27 22:00:00,0,0,0
2020-05-27 23:00:00,4,4,0
2020-05-28 00:00:00,0,0,0
2020-05-28 01:00:00,0,0,0
2020-05-28 02:00:00,0,0,0
2020-05-28 03:00:00,0,0,0
2020-05-28 04:00:00,1,1,0
2020-05-28 05:00:00,4,4,0
2020-05-28 06:00:00,25,22,3
2020-05-28 07:00:00,37,37,0
2020-05-28 08:00:00,37,37,0
2020-05-28 09:00:00,50,40,10
2020-05-28 10:00:00,30,23,7
2020-05-28 11:00:00,48,35,13
2020-05-28 12:00:00,49,40,9
2020-05-28 13:00:00,23,20,3
2020-05-28 14:00:00,44,32,12
2020-05-28 15:00:00,42,28,14
2020-05-28 16:00:00,55,36,19
2020-05-28 17:00:00,58,31,27
2020-05-28 18:00:00,65,32,33
2020-05-28 19:00:00,46,33,13
2020-05-28 20:00:00,24,12,12
2020-05-28 21:00:00,8,5,3
2020-05-28 22:00:00,4,3,1
2020-05-28 23:00:00,0,0,0
2020-05-29 00:00:00,0,0,0
2020-05-29 01:00:00,1,1,0
2020-05-29 02:00:00,0,0,0
2020-05-29 03:00:00,0,0,0
2020-05-29 04:00:00,1,0,1
2020-05-29 05:00:00,7,6,1
2020-05-29 06:00:00,30,19,11
2020-05-29 07:00:00,36,27,9
2020-05-29 08:00:00,52,38,14
2020-05-29 09:00:00,40,30,10
2020-05-29 10:00:00,51,33,18
2020-05-29 11:00:00,53,33,20
2020-05-29 12:00:00,53,41,12
2020-05-29 13:00:00,45,39,6
2020-05-29 14:00:00,46,41,5
2020-05-29 15:00:00,51,46,5
2020-05-29 16:00:00,48,45,3
2020-05-29 17:00:00,60,59,1
2020-05-29 18:00:00,52,50,2
2020-05-29 19:00:00,32,30,2
2020-05-29 20:00:00,22,19,3
2020-05-29 21:00:00,5,5,0
2020-05-29 22:00:00,4,3,1
2020-05-29 23:00:00,0,0,0
2020-05-30 00:00:00,1,1,0
2020-05-30 01:00:00,0,0,0
2020-05-30 02:00:00,0,0,0
2020-05-30 03:00:00,0,0,0
2020-05-30 04:00:00,0,0,0
2020-05-30 05:00:00,1,1,0
2020-05-30 06:00:00,18,18,0
2020-05-30 07:00:00,42,39,3
2020-05-30 08:00:00,49,49,0
2020-05-30 09:00:00,16,15,1
2020-05-30 10:00:00,27,27,0
2020-05-30 11:00:00,73,73,0
2020-05-30 12:00:00,40,40,0
2020-05-30 13:00:00,32,31,1
2020-05-30 14:00:00,27,27,0
2020-05-30 15:00:00,31,31,0
2020-05-30 16:00:00,27,26,1
2020-05-30 17:00:00,24,24,0
2020-05-30 18:00:00,6,6,0
2020-05-30 19:00:00,9,9,0
2020-05-30 20:00:00,1,1,0
2020-05-30 21:00:00,2,2,0
2020-05-30 22:00:00,2,2,0
2020-05-30 23:00:00,0,0,0
2020-05-31 00:00:00,0,0,0
2020-05-31 01:00:00,0,0,0
2020-05-31 02:00:00,0,0,0
2020-05-31 03:00:00,0,0,0
2020-05-31 04:00:00,0,0,0
2020-05-31 05:00:00,1,1,0
2020-05-31 06:00:00,1,1,0
2020-05-31 07:00:00,16,15,1
2020-05-31 08:00:00,21,20,1
2020-05-31 09:00:00,29,25,4
2020-05-31 10:00:00,58,57,1
2020-05-31 11:00:00,62,60,2
2020-05-31 12:00:00,78,76,2
2020-05-31 13:00:00,53,51,2
2020-05-31 14:00:00,70,69,1
2020-05-31 15:00:00,88,83,5
2020-05-31 16:00:00,63,60,3
2020-05-31 17:00:00,43,41,2
2020-05-31 18:00:00,31,29,2
2020-05-31 19:00:00,16,16,0
2020-05-31 20:00:00,16,15,1
2020-05-31 21:00:00,7,7,0
2020-05-31 22:00:00,0,0,0
2020-05-31 23:00:00,0,0,0
2020-06-06 12:00:00,69,68,1
2020-06-06 13:00:00,62,58,4
2020-06-06 14:00:00,49,45,4
2020-06-06 15:00:00,36,32,4
2020-06-06 16:00:00,52,45,7
2020-06-06 17:00:00,41,27,14
2020-06-06 18:00:00,36,31,5
2020-06-06 19:00:00,35,32,3
2020-06-06 20:00:00,31,30,1
2020-06-06 21:00:00,19,19,0
2020-06-06 22:00:00,24,23,1
2020-06-06 23:00:00,0,0,0
2020-06-07 00:00:00,0,0,0
2020-06-07 01:00:00,0,0,0
2020-06-07 02:00:00,0,0,0
2020-06-07 03:00:00,0,0,0
2020-06-07 04:00:00,1,1,0
2020-06-07 05:00:00,3,3,0
2020-06-07 06:00:00,7,7,0
2020-06-07 07:00:00,16,16,0
2020-06-07 08:00:00,38,38,0
2020-06-07 09:00:00,59,58,1
2020-06-07 10:00:00,66,65,1
2020-06-07 11:00:00,57,52,5
2020-06-07 12:00:00,80,72,8
2020-06-07 13:00:00,71,59,12
2020-06-07 14:00:00,70,67,3
2020-06-07 15:00:00,71,69,2
2020-06-07 16:00:00,46,45,1
2020-06-07 17:00:00,56,54,2
2020-06-07 18:00:00,27,25,2
2020-06-07 19:00:00,21,20,1
2020-06-07 20:00:00,17,16,1
2020-06-07 21:00:00,2,1,1
2020-06-07 22:00:00,2,2,0
2020-06-07 23:00:00,2,2,0
2020-06-08 00:00:00,0,0,0
2020-06-08 01:00:00,0,0,0
2020-06-08 02:00:00,0,0,0
2020-06-08 03:00:00,0,0,0
2020-06-08 04:00:00,1,1,0
2020-06-08 05:00:00,6,6,0
2020-06-08 06:00:00,23,19,4
2020-06-08 07:00:00,38,36,2
2020-06-08 08:00:00,33,30,3
2020-06-08 09:00:00,26,26,0
2020-06-08 10:00:00,49,48,1
2020-06-08 11:00:00,49,47,2
2020-06-08 12:00:00,50,49,1
2020-06-08 13:00:00,41,41,0
2020-06-08 14:00:00,28,28,0
2020-06-08 15:00:00,44,41,3
2020-06-08 16:00:00,52,49,3
2020-06-08 17:00:00,61,56,5
2020-06-08 18:00:00,70,67,3
2020-06-08 19:00:00,46,45,1
2020-06-08 20:00:00,25,25,0
2020-06-08 21:00:00,4,4,0
2020-06-08 22:00:00,1,1,0
2020-06-08 23:00:00,0,0,0
2020-06-09 00:00:00,0,0,0
2020-06-09 01:00:00,0,0,0
2020-06-09 02:00:00,0,0,0
2020-06-09 03:00:00,0,0,0
2020-06-09 04:00:00,1,1,0
2020-06-09 05:00:00,1,1,0
2020-06-09 06:00:00,23,23,0
2020-06-09 07:00:00,26,26,0
2020-06-09 08:00:00,40,39,1
2020-06-09 09:00:00,16,16,0
2020-06-09 10:00:00,17,17,0
2020-06-09 11:00:00,22,21,1
2020-06-09 12:00:00,27,27,0
2020-06-09 13:00:00,25,24,1
2020-06-09 14:00:00,25,24,1
2020-06-09 15:00:00,60,56,4
2020-06-09 16:00:00,51,47,4
2020-06-09 17:00:00,65,61,4
2020-06-09 18:00:00,34,31,3
2020-06-09 19:00:00,26,23,3
2020-06-09 20:00:00,14,13,1
2020-06-09 21:00:00,3,3,0
2020-06-09 22:00:00,7,7,0
2020-06-09 23:00:00,0,0,0
2020-06-10 00:00:00,0,0,0
2020-06-10 01:00:00,0,0,0
2020-06-10 02:00:00,0,0,0
2020-06-10 03:00:00,0,0,0
2020-06-10 04:00:00,3,3,0
2020-06-10 05:00:00,6,6,0
2020-06-10 06:00:00,26,25,1
2020-06-10 07:00:00,35,35,0
2020-06-10 08:00:00,19,19,0
2020-06-10 09:00:00,34,34,0
2020-06-10 10:00:00,42,41,1
2020-06-10 11:00:00,31,20,11
2020-06-10 12:00:00,43,37,6
2020-06-10 13:00:00,34,33,1
2020-06-10 14:00:00,35,35,0
2020-06-10 15:00:00,47,44,3
2020-06-10 16:00:00,57,57,0
2020-06-10 17:00:00,73,72,1
2020-06-10 18:00:00,70,68,2
2020-06-10 19:00:00,54,51,3
2020-06-10 20:00:00,41,34,7
2020-06-10 21:00:00,20,14,6
2020-06-10 22:00:00,2,2,0
2020-06-10 23:00:00,0,0,0
2020-06-11 00:00:00,0,0,0
2020-06-11 01:00:00,0,0,0
2020-06-11 02:00:00,0,0,0
2020-06-11 03:00:00,0,0,0
2020-06-11 04:00:00,0,0,0
2020-06-11 05:00:00,4,4,0
2020-06-11 06:00:00,19,17,2
2020-06-11 07:00:00,28,28,0
2020-06-11 08:00:00,27,27,0
2020-06-11 09:00:00,35,34,1
2020-06-11 10:00:00,17,17,0
2020-06-11 11:00:00,13,13,0
2020-06-11 12:00:00,31,31,0
2020-06-11 13:00:00,27,26,1
2020-06-11 14:00:00,46,46,0
2020-06-11 15:00:00,58,52,6
2020-06-11 16:00:00,55,53,2
2020-06-11 17:00:00,67,67,0
2020-06-11 18:00:00,57,56,1
2020-06-11 19:00:00,40,40,0
2020-06-11 20:00:00,41,41,0
2020-06-11 21:00:00,9,9,0
2020-06-11 22:00:00,2,2,0
2020-06-11 23:00:00,0,0,0
2020-06-12 00:00:00,0,0,0
2020-06-12 01:00:00,0,0,0
2020-06-12 02:00:00,0,0,0
2020-06-12 03:00:00,0,0,0
2020-06-12 04:00:00,0,0,0
2020-06-12 05:00:00,6,6,0
2020-06-12 06:00:00,18,18,0
2020-06-12 07:00:00,36,36,0
2020-06-12 08:00:00,41,41,0
2020-06-12 09:00:00,40,40,0
2020-06-12 10:00:00,41,41,0
2020-06-12 11:00:00,36,36,0
2020-06-12 12:00:00,28,28,0
2020-06-12 13:00:00,13,12,1
2020-06-12 14:00:00,13,13,0
2020-06-12 15:00:00,16,16,0
2020-06-12 16:00:00,35,35,0
2020-06-12 17:00:00,41,41,0
2020-06-12 18:00:00,42,42,0
2020-06-12 19:00:00,19,19,0
2020-06-12 20:00:00,28,26,2
2020-06-12 21:00:00,4,3,1
2020-06-12 22:00:00,0,0,0
2020-06-12 23:00:00,0,0,0
2020-06-13 00:00:00,1,1,0
2020-06-13 01:00:00,0,0,0
2020-06-13 02:00:00,0,0,0
2020-06-13 03:00:00,0,0,0
2020-06-13 04:00:00,0,0,0
2020-06-13 05:00:00,2,2,0
2020-06-13 06:00:00,5,3,2
2020-06-13 07:00:00,31,27,4
2020-06-13 08:00:00,57,54,3
2020-06-13 09:00:00,44,38,6
2020-06-13 10:00:00,59,50,9
2020-06-13 11:00:00,91,64,27
2020-06-13 12:00:00,72,71,1
2020-06-13 13:00:00,45,44,1
2020-06-13 14:00:00,44,43,1
2020-06-13 15:00:00,49,48,1
2020-06-13 16:00:00,51,49,2
2020-06-13 17:00:00,43,41,2
2020-06-13 18:00:00,37,35,2
2020-06-13 19:00:00,15,15,0
2020-06-13 20:00:00,12,12,0
2020-06-13 21:00:00,0,0,0
2020-06-13 22:00:00,0,0,0
2020-06-13 23:00:00,1,1,0
2020-06-14 00:00:00,0,0,0
2020-06-14 01:00:00,0,0,0
2020-06-14 02:00:00,0,0,0
2020-06-14 03:00:00,0,0,0
2020-06-14 04:00:00,0,0,0
2020-06-14 05:00:00,1,1,0
2020-06-14 06:00:00,5,5,0
2020-06-14 07:00:00,18,17,1
2020-06-14 08:00:00,48,45,3
2020-06-14 09:00:00,62,60,2
2020-06-14 10:00:00,44,44,0
2020-06-14 11:00:00,76,74,2
2020-06-14 12:00:00,64,62,2
2020-06-14 13:00:00,95,94,1
2020-06-14 14:00:00,68,67,1
2020-06-14 15:00:00,60,60,0
2020-06-14 16:00:00,57,54,3
2020-06-14 17:00:00,40,38,2
2020-06-14 18:00:00,25,23,2
2020-06-14 19:00:00,15,15,0
2020-06-14 20:00:00,14,14,0
2020-06-14 21:00:00,3,3,0
2020-06-14 22:00:00,1,1,0
2020-06-14 23:00:00,1,1,0
2020-06-15 00:00:00,0,0,0
2020-06-15 01:00:00,0,0,0
2020-06-15 02:00:00,0,0,0
2020-06-15 03:00:00,0,0,0
2020-06-15 04:00:00,0,0,0
2020-06-15 05:00:00,1,1,0
2020-06-15 06:00:00,5,5,0
2020-06-15 07:00:00,28,26,2
2020-06-15 08:00:00,16,16,0
2020-06-15 09:00:00,23,23,0
2020-06-15 10:00:00,24,23,1
2020-06-15 11:00:00,32,31,1
2020-06-15 12:00:00,50,50,0
2020-06-15 13:00:00,25,24,1
2020-06-15 14:00:00,55,55,0
2020-06-15 15:00:00,44,38,6
2020-06-15 16:00:00,50,50,0
2020-06-15 17:00:00,52,49,3
2020-06-15 18:00:00,46,44,2
2020-06-15 19:00:00,36,34,2
2020-06-15 20:00:00,17,16,1
2020-06-15 21:00:00,9,7,2
2020-06-15 22:00:00,8,8,0
2020-06-15 23:00:00,0,0,0
2020-06-16 00:00:00,0,0,0
2020-06-16 01:00:00,0,0,0
2020-06-16 02:00:00,0,0,0
2020-06-16 03:00:00,0,0,0
2020-06-16 04:00:00,0,0,0
2020-06-16 05:00:00,6,6,0
2020-06-16 06:00:00,18,18,0
2020-06-16 07:00:00,48,48,0
2020-06-16 08:00:00,34,29,5
2020-06-16 09:00:00,38,37,1
2020-06-16 10:00:00,32,31,1
2020-06-16 11:00:00,25,25,0
2020-06-16 12:00:00,37,34,3
2020-06-16 13:00:00,42,41,1
2020-06-16 14:00:00,29,27,2
2020-06-16 15:00:00,57,56,1
2020-06-16 16:00:00,65,65,0
2020-06-16 17:00:00,83,79,4
2020-06-16 18:00:00,64,63,1
2020-06-16 19:00:00,48,45,3
2020-06-16 20:00:00,21,20,1
2020-06-16 21:00:00,7,6,1
2020-06-16 22:00:00,5,5,0
2020-06-16 23:00:00,0,0,0
2020-06-17 00:00:00,0,0,0
2020-06-17 01:00:00,0,0,0
2020-06-17 02:00:00,0,0,0
2020-06-17 03:00:00,0,0,0
2020-06-17 04:00:00,2,2,0
2020-06-17 05:00:00,10,10,0
2020-06-17 06:00:00,33,32,1
2020-06-17 07:00:00,42,42,0
2020-06-17 08:00:00,24,24,0
2020-06-17 09:00:00,24,24,0
2020-06-17 10:00:00,28,28,0
2020-06-17 11:00:00,56,55,1
2020-06-17 12:00:00,43,43,0
2020-06-17 13:00:00,38,28,10
2020-06-17 14:00:00,55,44,11
2020-06-17 15:00:00,64,50,14
2020-06-17 16:00:00,51,39,12
2020-06-17 17:00:00,79,61,18
2020-06-17 18:00:00,69,51,18
2020-06-17 19:00:00,52,32,20
2020-06-17 20:00:00,23,23,0
2020-06-17 21:00:00,9,9,0
2020-06-17 22:00:00,3,3,0
2020-06-17 23:00:00,1,1,0
2020-06-18 00:00:00,0,0,0
2020-06-18 01:00:00,0,0,0
2020-06-18 02:00:00,0,0,0
2020-06-18 03:00:00,0,0,0
2020-06-18 04:00:00,0,0,0
2020-06-18 05:00:00,6,5,1
2020-06-18 06:00:00,18,15,3
2020-06-18 07:00:00,49,38,11
2020-06-18 08:00:00,44,39,5
2020-06-18 09:00:00,41,38,3
2020-06-18 10:00:00,38,35,3
2020-06-18 11:00:00,40,35,5
2020-06-18 12:00:00,49,47,2
2020-06-18 13:00:00,45,40,5
2020-06-18 14:00:00,39,34,5
2020-06-18 15:00:00,39,36,3
2020-06-18 16:00:00,57,56,1
2020-06-18 17:00:00,53,52,1
2020-06-18 18:00:00,45,41,4
2020-06-18 19:00:00,53,50,3
2020-06-18 20:00:00,49,45,4
2020-06-18 21:00:00,14,13,1
2020-06-18 22:00:00,3,3,0
2020-06-18 23:00:00,0,0,0
2020-06-19 00:00:00,0,0,0
2020-06-19 01:00:00,0,0,0
2020-06-19 02:00:00,0,0,0
2020-06-19 03:00:00,0,0,0
2020-06-19 04:00:00,0,0,0
2020-06-19 05:00:00,8,7,1
2020-06-19 06:00:00,23,21,2
2020-06-19 07:00:00,44,41,3
2020-06-19 08:00:00,52,51,1
2020-06-19 09:00:00,45,42,3
2020-06-19 10:00:00,54,34,20
2020-06-19 11:00:00,37,28,9
2020-06-19 12:00:00,35,21,14
2020-06-19 13:00:00,42,24,18
2020-06-19 14:00:00,41,21,20
2020-06-19 15:00:00,31,22,9
2020-06-19 16:00:00,49,35,14
2020-06-19 17:00:00,44,19,25
2020-06-19 18:00:00,35,28,7
2020-06-19 19:00:00,24,18,6
2020-06-19 20:00:00,18,15,3
2020-06-19 21:00:00,7,5,2
2020-06-19 22:00:00,2,2,0
2020-06-19 23:00:00,1,1,0
2020-06-20 00:00:00,0,0,0
2020-06-20 01:00:00,0,0,0
2020-06-20 02:00:00,0,0,0
2020-06-20 03:00:00,0,0,0
2020-06-20 04:00:00,0,0,0
2020-06-20 05:00:00,4,4,0
2020-06-20 06:00:00,10,10,0
2020-06-20 07:00:00,32,31,1
2020-06-20 08:00:00,49,48,1
2020-06-20 09:00:00,49,49,0
2020-06-20 10:00:00,68,65,3
2020-06-20 11:00:00,65,63,2
2020-06-20 12:00:00,68,64,4
2020-06-20 13:00:00,47,45,2
2020-06-20 14:00:00,63,55,8
2020-06-20 15:00:00,55,45,10
2020-06-20 16:00:00,63,53,10
2020-06-20 17:00:00,53,44,9
2020-06-20 18:00:00,38,26,12
2020-06-20 19:00:00,25,19,6
2020-06-20 20:00:00,14,12,2
2020-06-20 21:00:00,8,7,1
2020-06-20 22:00:00,3,3,0
2020-06-20 23:00:00,4,4,0
2020-06-21 00:00:00,0,0,0
2020-06-21 01:00:00,0,0,0
2020-06-21 02:00:00,1,1,0
2020-06-21 03:00:00,0,0,0
2020-06-21 04:00:00,1,0,1
2020-06-21 05:00:00,3,3,0
2020-06-21 06:00:00,8,7,1
2020-06-21 07:00:00,21,18,3
2020-06-21 08:00:00,37,36,1
2020-06-21 09:00:00,66,60,6
2020-06-21 10:00:00,49,49,0
2020-06-21 11:00:00,62,58,4
2020-06-21 12:00:00,53,50,3
2020-06-21 13:00:00,74,69,5
2020-06-21 14:00:00,63,56,7
2020-06-21 15:00:00,59,54,5
2020-06-21 16:00:00,56,45,11
2020-06-21 17:00:00,46,44,2
2020-06-21 18:00:00,46,42,4
2020-06-21 19:00:00,25,24,1
2020-06-21 20:00:00,14,13,1
2020-06-21 21:00:00,2,2,0
2020-06-21 22:00:00,0,0,0
2020-06-21 23:00:00,0,0,0
2020-06-22 00:00:00,0,0,0
2020-06-22 01:00:00,0,0,0
2020-06-22 02:00:00,0,0,0
2020-06-22 03:00:00,0,0,0
2020-06-22 04:00:00,0,0,0
2020-06-22 05:00:00,5,5,0
2020-06-22 06:00:00,22,22,0
2020-06-22 07:00:00,46,43,3
2020-06-22 08:00:00,34,33,1
2020-06-22 09:00:00,53,53,0
2020-06-22 10:00:00,50,41,9
2020-06-22 11:00:00,37,29,8
2020-06-22 12:00:00,58,45,13
2020-06-22 13:00:00,52,34,18
2020-06-22 14:00:00,45,33,12
2020-06-22 15:00:00,59,51,8
2020-06-22 16:00:00,46,45,1
2020-06-22 17:00:00,62,61,1
2020-06-22 18:00:00,55,52,3
2020-06-22 19:00:00,39,36,3
2020-06-22 20:00:00,15,13,2
2020-06-22 21:00:00,9,8,1
2020-06-22 22:00:00,4,3,1
2020-06-22 23:00:00,0,0,0
2020-06-23 00:00:00,0,0,0
2020-06-23 01:00:00,0,0,0
2020-06-23 02:00:00,0,0,0
2020-06-23 03:00:00,0,0,0
2020-06-23 04:00:00,1,1,0
2020-06-23 05:00:00,4,4,0
2020-06-23 06:00:00,36,35,1
2020-06-23 07:00:00,47,44,3
2020-06-23 08:00:00,45,43,2
2020-06-23 09:00:00,50,44,6
2020-06-23 10:00:00,48,46,2
2020-06-23 11:00:00,63,54,9
2020-06-23 12:00:00,44,26,18
2020-06-23 13:00:00,39,25,14
2020-06-23 14:00:00,32,23,9
2020-06-23 15:00:00,25,23,2
2020-06-23 16:00:00,46,30,16
2020-06-23 17:00:00,63,57,6
2020-06-23 18:00:00,57,45,12
2020-06-23 19:00:00,43,30,13
2020-06-23 20:00:00,28,23,5
2020-06-23 21:00:00,13,13,0
2020-06-23 22:00:00,5,4,1
2020-06-23 23:00:00,0,0,0
2020-06-24 00:00:00,0,0,0
2020-06-24 01:00:00,0,0,0
2020-06-24 02:00:00,0,0,0
2020-06-24 03:00:00,0,0,0
2020-06-24 04:00:00,1,1,0
2020-06-24 05:00:00,10,10,0
2020-06-24 06:00:00,30,30,0
2020-06-24 07:00:00,34,34,0
2020-06-24 08:00:00,42,42,0
2020-06-24 09:00:00,40,40,0
2020-06-24 10:00:00,49,49,0
2020-06-24 11:00:00,42,41,1
2020-06-24 12:00:00,28,28,0
2020-06-24 13:00:00,28,27,1
2020-06-24 14:00:00,25,25,0
2020-06-24 15:00:00,38,37,1
2020-06-24 16:00:00,46,46,0
2020-06-24 17:00:00,49,47,2
2020-06-24 18:00:00,48,48,0
2020-06-24 19:00:00,33,32,1
2020-06-24 20:00:00,18,18,0
2020-06-24 21:00:00,23,23,0
2020-06-24 22:00:00,4,4,0
2020-06-24 23:00:00,2,2,0
2020-06-25 00:00:00,0,0,0
2020-06-25 01:00:00,0,0,0
2020-06-25 02:00:00,1,1,0
2020-06-25 03:00:00,0,0,0
2020-06-25 04:00:00,1,1,0
2020-06-25 05:00:00,7,7,0
2020-06-25 06:00:00,19,19,0
2020-06-25 07:00:00,42,42,0
2020-06-25 08:00:00,48,48,0
2020-06-25 09:00:00,51,51,0
2020-06-25 10:00:00,38,35,3
2020-06-25 11:00:00,50,45,5
2020-06-25 12:00:00,34,32,2
2020-06-25 13:00:00,31,25,6
2020-06-25 14:00:00,33,30,3
2020-06-25 15:00:00,36,31,5
2020-06-25 16:00:00,42,42,0
2020-06-25 17:00:00,51,48,3
2020-06-25 18:00:00,41,36,5
2020-06-25 19:00:00,39,37,2
2020-06-25 20:00:00,46,41,5
2020-06-25 21:00:00,17,15,2
2020-06-25 22:00:00,5,5,0
2020-06-25 23:00:00,0,0,0
2020-06-26 00:00:00,0,0,0
2020-06-26 01:00:00,0,0,0
2020-06-26 02:00:00,0,0,0
2020-06-26 03:00:00,0,0,0
2020-06-26 04:00:00,0,0,0
2020-06-26 05:00:00,4,4,0
2020-06-26 06:00:00,24,24,0
2020-06-26 07:00:00,38,38,0
2020-06-26 08:00:00,43,42,1
2020-06-26 09:00:00,66,64,2
2020-06-26 10:00:00,47,31,16
2020-06-26 11:00:00,36,21,15
2020-06-26 12:00:00,45,28,17
2020-06-26 13:00:00,23,17,6
2020-06-26 14:00:00,25,24,1
2020-06-26 15:00:00,47,46,1
2020-06-26 16:00:00,33,32,1
2020-06-26 17:00:00,47,47,0
2020-06-26 18:00:00,26,26,0
2020-06-26 19:00:00,17,15,2
2020-06-26 20:00:00,13,12,1
2020-06-26 21:00:00,1,1,0
2020-06-26 22:00:00,1,1,0
2020-06-26 23:00:00,0,0,0
2020-06-27 00:00:00,1,1,0
2020-06-27 01:00:00,0,0,0
2020-06-27 02:00:00,0,0,0
2020-06-27 03:00:00,0,0,0
2020-06-27 04:00:00,0,0,0
2020-06-27 05:00:00,5,5,0
2020-06-27 06:00:00,15,15,0
2020-06-27 07:00:00,25,25,0
2020-06-27 08:00:00,43,43,0
2020-06-27 09:00:00,75,74,1
2020-06-27 10:00:00,64,63,1
2020-06-27 11:00:00,68,66,2
2020-06-27 12:00:00,36,32,4
2020-06-27 13:00:00,36,31,5
2020-06-27 14:00:00,31,29,2
2020-06-27 15:00:00,42,36,6
2020-06-27 16:00:00,45,36,9
2020-06-27 17:00:00,25,24,1
2020-06-27 18:00:00,26,26,0
2020-06-27 19:00:00,25,23,2
2020-06-27 20:00:00,14,13,1
2020-06-27 21:00:00,3,3,0
2020-06-27 22:00:00,0,0,0
2020-06-27 23:00:00,0,0,0
2020-06-28 00:00:00,0,0,0
2020-06-28 01:00:00,0,0,0
2020-06-28 02:00:00,0,0,0
2020-06-28 03:00:00,0,0,0
2020-06-28 04:00:00,0,0,0
2020-06-28 05:00:00,3,1,2
2020-06-28 06:00:00,16,10,6
2020-06-28 07:00:00,17,13,4
2020-06-28 08:00:00,40,30,10
2020-06-28 09:00:00,48,20,28
2020-06-28 10:00:00,48,18,30
2020-06-28 11:00:00,60,38,22
2020-06-28 12:00:00,67,40,27
2020-06-28 13:00:00,72,68,4
2020-06-28 14:00:00,68,64,4
2020-06-28 15:00:00,71,65,6
2020-06-28 16:00:00,57,38,19
2020-06-28 17:00:00,67,57,10
2020-06-28 18:00:00,36,31,5
2020-06-28 19:00:00,40,33,7
2020-06-28 20:00:00,20,15,5
2020-06-28 21:00:00,14,14,0
2020-06-28 22:00:00,3,3,0
2020-06-28 23:00:00,0,0,0
2020-06-29 00:00:00,0,0,0
2020-06-29 01:00:00,0,0,0
2020-06-29 02:00:00,1,1,0
2020-06-29 03:00:00,0,0,0
2020-06-29 04:00:00,0,0,0
2020-06-29 05:00:00,7,6,1
2020-06-29 06:00:00,25,23,2
2020-06-29 07:00:00,23,21,2
2020-06-29 08:00:00,34,32,2
2020-06-29 09:00:00,27,26,1
2020-06-29 10:00:00,49,47,2
2020-06-29 11:00:00,38,37,1
2020-06-29 12:00:00,43,42,1
2020-06-29 13:00:00,33,33,0
2020-06-29 14:00:00,48,47,1
2020-06-29 15:00:00,52,52,0
2020-06-29 16:00:00,52,52,0
2020-06-29 17:00:00,44,44,0
2020-06-29 18:00:00,62,61,1
2020-06-29 19:00:00,37,37,0
2020-06-29 20:00:00,25,25,0
2020-06-29 21:00:00,6,6,0
2020-06-29 22:00:00,1,1,0
2020-06-29 23:00:00,0,0,0
2020-06-30 00:00:00,0,0,0
2020-06-30 01:00:00,0,0,0
2020-06-30 02:00:00,0,0,0
2020-06-30 03:00:00,1,1,0
2020-06-30 04:00:00,1,1,0
2020-06-30 05:00:00,3,3,0
2020-06-30 06:00:00,26,26,0
2020-06-30 07:00:00,34,32,2
2020-06-30 08:00:00,40,40,0
2020-06-30 09:00:00,27,26,1
2020-06-30 10:00:00,54,52,2
2020-06-30 11:00:00,29,29,0
2020-06-30 12:00:00,31,31,0
2020-06-30 13:00:00,24,24,0
2020-06-30 14:00:00,39,39,0
2020-06-30 15:00:00,41,41,0
2020-06-30 16:00:00,55,54,1
2020-06-30 17:00:00,54,53,1
2020-06-30 18:00:00,46,45,1
2020-06-30 19:00:00,30,28,2
2020-06-30 20:00:00,25,25,0
2020-06-30 21:00:00,8,8,0
2020-06-30 22:00:00,4,4,0
2020-06-30 23:00:00,0,0,0
2020-07-01 00:00:00,0,0,0
2020-07-01 01:00:00,0,0,0
2020-07-01 02:00:00,0,0,0
2020-07-01 03:00:00,0,0,0
2020-07-01 04:00:00,0,0,0
2020-07-01 05:00:00,9,9,0
2020-07-01 06:00:00,25,25,0
2020-07-01 07:00:00,29,27,2
2020-07-01 08:00:00,40,39,1
2020-07-01 09:00:00,23,23,0
2020-07-01 10:00:00,36,36,0
2020-07-01 11:00:00,45,45,0
2020-07-01 12:00:00,42,41,1
2020-07-01 13:00:00,26,26,0
2020-07-01 14:00:00,34,32,2
2020-07-01 15:00:00,30,30,0
2020-07-01 16:00:00,51,49,2
2020-07-01 17:00:00,41,41,0
2020-07-01 18:00:00,35,34,1
2020-07-01 19:00:00,20,20,0
2020-07-01 20:00:00,15,15,0
2020-07-01 21:00:00,21,21,0
2020-07-01 22:00:00,5,4,1
2020-07-01 23:00:00,3,3,0
2020-07-02 00:00:00,0,0,0
2020-07-02 01:00:00,0,0,0
2020-07-02 02:00:00,0,0,0
2020-07-02 03:00:00,0,0,0
2020-07-02 04:00:00,0,0,0
2020-07-02 05:00:00,2,2,0
2020-07-02 06:00:00,14,14,0
2020-07-02 07:00:00,39,39,0
2020-07-02 08:00:00,44,42,2
2020-07-02 09:00:00,38,38,0
2020-07-02 10:00:00,26,26,0
2020-07-02 11:00:00,51,50,1
2020-07-02 12:00:00,35,35,0
2020-07-02 13:00:00,15,14,1
2020-07-02 14:00:00,26,26,0
2020-07-02 15:00:00,35,34,1
2020-07-02 16:00:00,37,37,0
2020-07-02 17:00:00,65,63,2
2020-07-02 18:00:00,40,39,1
2020-07-02 19:00:00,24,24,0
2020-07-02 20:00:00,25,25,0
2020-07-02 21:00:00,12,12,0
2020-07-02 22:00:00,4,4,0
2020-07-02 23:00:00,0,0,0
2020-07-03 00:00:00,0,0,0
2020-07-03 01:00:00,0,0,0
2020-07-03 02:00:00,0,0,0
2020-07-03 03:00:00,0,0,0
2020-07-03 04:00:00,0,0,0
2020-07-03 05:00:00,4,4,0
2020-07-03 06:00:00,13,13,0
2020-07-03 07:00:00,27,27,0
2020-07-03 08:00:00,38,38,0
2020-07-03 09:00:00,41,41,0
2020-07-03 10:00:00,41,41,0
2020-07-03 11:00:00,40,38,2
2020-07-03 12:00:00,69,64,5
2020-07-03 13:00:00,44,44,0
2020-07-03 14:00:00,57,57,0
2020-07-03 15:00:00,40,40,0
2020-07-03 16:00:00,32,31,1
2020-07-03 17:00:00,39,39,0
2020-07-03 18:00:00,34,34,0
2020-07-03 19:00:00,26,25,1
2020-07-03 20:00:00,13,13,0
2020-07-03 21:00:00,4,4,0
2020-07-03 22:00:00,5,5,0
2020-07-03 23:00:00,1,1,0
2020-07-04 00:00:00,0,0,0
2020-07-04 01:00:00,0,0,0
2020-07-04 02:00:00,0,0,0
2020-07-04 03:00:00,0,0,0
2020-07-04 04:00:00,1,1,0
2020-07-04 05:00:00,2,2,0
2020-07-04 06:00:00,9,9,0
2020-07-04 07:00:00,29,29,0
2020-07-04 08:00:00,38,38,0
2020-07-04 09:00:00,45,43,2
2020-07-04 10:00:00,44,42,2
2020-07-04 11:00:00,63,63,0
2020-07-04 12:00:00,49,49,0
2020-07-04 13:00:00,51,51,0
2020-07-04 14:00:00,54,54,0
2020-07-04 15:00:00,38,38,0
2020-07-04 16:00:00,55,54,1
2020-07-04 17:00:00,34,34,0
2020-07-04 18:00:00,25,25,0
2020-07-04 19:00:00,15,15,0
2020-07-04 20:00:00,10,10,0
2020-07-04 21:00:00,11,11,0
2020-07-04 22:00:00,3,3,0
2020-07-04 23:00:00,0,0,0
2020-07-05 00:00:00,0,0,0
2020-07-05 01:00:00,0,0,0
2020-07-05 02:00:00,0,0,0
2020-07-05 03:00:00,0,0,0
2020-07-05 04:00:00,0,0,0
2020-07-05 05:00:00,2,2,0
2020-07-05 06:00:00,6,6,0
2020-07-05 07:00:00,28,28,0
2020-07-05 08:00:00,38,38,0
2020-07-05 09:00:00,38,38,0
2020-07-05 10:00:00,62,62,0
2020-07-05 11:00:00,52,51,1
2020-07-05 12:00:00,76,76,0
2020-07-05 13:00:00,52,48,4
2020-07-05 14:00:00,53,51,2
2020-07-05 15:00:00,38,38,0
2020-07-05 16:00:00,32,31,1
2020-07-05 17:00:00,27,26,1
2020-07-05 18:00:00,23,21,2
2020-07-05 19:00:00,24,22,2
2020-07-05 20:00:00,20,20,0
2020-07-05 21:00:00,14,10,4
2020-07-05 22:00:00,1,1,0
2020-07-05 23:00:00,0,0,0
2020-07-06 00:00:00,0,0,0
2020-07-06 01:00:00,0,0,0
2020-07-06 02:00:00,0,0,0
2020-07-06 03:00:00,0,0,0
2020-07-06 04:00:00,0,0,0
2020-07-06 05:00:00,4,4,0
2020-07-06 06:00:00,21,20,1
2020-07-06 07:00:00,26,26,0
2020-07-06 08:00:00,40,40,0
2020-07-06 09:00:00,32,32,0
2020-07-06 10:00:00,47,47,0
2020-07-06 11:00:00,49,48,1
2020-07-06 12:00:00,44,44,0
2020-07-06 13:00:00,38,37,1
2020-07-06 14:00:00,25,25,0
2020-07-06 15:00:00,34,34,0
2020-07-06 16:00:00,56,56,0
2020-07-06 17:00:00,56,56,0
2020-07-06 18:00:00,45,42,3
2020-07-06 19:00:00,29,28,1
2020-07-06 20:00:00,21,21,0
2020-07-06 21:00:00,12,12,0
2020-07-06 22:00:00,1,1,0
2020-07-06 23:00:00,1,1,0
2020-07-07 00:00:00,0,0,0
2020-07-07 01:00:00,0,0,0
2020-07-07 02:00:00,0,0,0
2020-07-07 03:00:00,0,0,0
2020-07-07 04:00:00,0,0,0
2020-07-07 05:00:00,4,4,0
2020-07-07 06:00:00,20,20,0
2020-07-07 07:00:00,39,39,0
2020-07-07 08:00:00,36,35,1
2020-07-07 09:00:00,37,37,0
2020-07-07 10:00:00,41,41,0
2020-07-07 11:00:00,39,39,0
2020-07-07 12:00:00,25,24,1
2020-07-07 13:00:00,33,32,1
2020-07-07 14:00:00,31,30,1
2020-07-07 15:00:00,28,26,2
2020-07-07 16:00:00,35,32,3
2020-07-07 17:00:00,61,59,2
2020-07-07 18:00:00,62,62,0
2020-07-07 19:00:00,46,42,4
2020-07-07 20:00:00,15,15,0
2020-07-07 21:00:00,13,13,0
2020-07-07 22:00:00,4,4,0
2020-07-07 23:00:00,0,0,0
2020-07-08 00:00:00,0,0,0
2020-07-08 01:00:00,0,0,0
2020-07-08 02:00:00,0,0,0
2020-07-08 03:00:00,0,0,0
2020-07-08 04:00:00,1,1,0
2020-07-08 05:00:00,6,6,0
2020-07-08 06:00:00,29,29,0
2020-07-08 07:00:00,34,30,4
2020-07-08 08:00:00,50,50,0
2020-07-08 09:00:00,31,31,0
2020-07-08 10:00:00,49,49,0
2020-07-08 11:00:00,39,39,0
2020-07-08 12:00:00,34,32,2
2020-07-08 13:00:00,24,23,1
2020-07-08 14:00:00,46,45,1
2020-07-08 15:00:00,32,32,0
2020-07-08 16:00:00,48,45,3
2020-07-08 17:00:00,69,68,1
2020-07-08 18:00:00,51,51,0
2020-07-08 19:00:00,39,38,1
2020-07-08 20:00:00,28,28,0
2020-07-08 21:00:00,14,14,0
2020-07-08 22:00:00,5,5,0
2020-07-08 23:00:00,0,0,0
2020-07-09 00:00:00,0,0,0
2020-07-09 01:00:00,0,0,0
2020-07-09 02:00:00,0,0,0
2020-07-09 03:00:00,0,0,0
2020-07-09 04:00:00,0,0,0
2020-07-09 05:00:00,0,0,0
2020-07-09 06:00:00,19,19,0
2020-07-09 07:00:00,27,27,0
2020-07-09 08:00:00,26,24,2
2020-07-09 09:00:00,32,31,1
2020-07-09 10:00:00,33,32,1
2020-07-09 11:00:00,41,41,0
2020-07-09 12:00:00,48,48,0
2020-07-09 13:00:00,32,32,0
2020-07-09 14:00:00,24,23,1
2020-07-09 15:00:00,31,31,0
2020-07-09 16:00:00,45,45,0
2020-07-09 17:00:00,49,48,1
2020-07-09 18:00:00,51,51,0
2020-07-09 19:00:00,46,44,2
2020-07-09 20:00:00,26,26,0
2020-07-09 21:00:00,7,7,0
2020-07-09 22:00:00,2,2,0
2020-07-09 23:00:00,0,0,0
2020-07-10 00:00:00,3,2,1
2020-07-10 01:00:00,0,0,0
2020-07-10 02:00:00,0,0,0
2020-07-10 03:00:00,0,0,0
2020-07-10 04:00:00,0,0,0
2020-07-10 05:00:00,10,10,0
2020-07-10 06:00:00,27,27,0
2020-07-10 07:00:00,34,34,0
2020-07-10 08:00:00,33,32,1
2020-07-10 09:00:00,35,35,0
2020-07-10 10:00:00,50,50,0
2020-07-10 11:00:00,66,66,0
2020-07-10 12:00:00,40,38,2
2020-07-10 13:00:00,29,29,0
2020-07-10 14:00:00,33,33,0
2020-07-10 15:00:00,66,66,0
2020-07-10 16:00:00,50,49,1
2020-07-10 17:00:00,49,49,0
2020-07-10 18:00:00,33,33,0
2020-07-10 19:00:00,29,29,0
2020-07-10 20:00:00,19,19,0
2020-07-10 21:00:00,8,8,0
2020-07-10 22:00:00,1,1,0
2020-07-10 23:00:00,0,0,0
2020-07-11 00:00:00,0,0,0
2020-07-11 01:00:00,0,0,0
2020-07-11 02:00:00,0,0,0
2020-07-11 03:00:00,0,0,0
2020-07-11 04:00:00,0,0,0
2020-07-11 05:00:00,2,2,0
2020-07-11 06:00:00,11,11,0
2020-07-11 07:00:00,32,32,0
2020-07-11 08:00:00,36,35,1
2020-07-11 09:00:00,72,72,0
2020-07-11 10:00:00,75,71,4
2020-07-11 11:00:00,79,79,0
2020-07-11 12:00:00,43,43,0
2020-07-11 13:00:00,51,51,0
2020-07-11 14:00:00,44,41,3
2020-07-11 15:00:00,50,50,0
2020-07-11 16:00:00,32,32,0
2020-07-11 17:00:00,32,32,0
2020-07-11 18:00:00,27,27,0
2020-07-11 19:00:00,15,15,0
2020-07-11 20:00:00,7,7,0
2020-07-11 21:00:00,8,8,0
2020-07-11 22:00:00,5,5,0
2020-07-11 23:00:00,2,2,0
2020-07-12 00:00:00,2,2,0
2020-07-12 01:00:00,0,0,0
2020-07-12 02:00:00,0,0,0
2020-07-12 03:00:00,0,0,0
2020-07-12 04:00:00,0,0,0
2020-07-12 05:00:00,0,0,0
2020-07-12 06:00:00,8,8,0
2020-07-12 07:00:00,15,15,0
2020-07-12 08:00:00,32,31,1
2020-07-12 09:00:00,38,38,0
2020-07-12 10:00:00,42,40,2
2020-07-12 11:00:00,32,32,0
2020-07-12 12:00:00,66,66,0
2020-07-12 13:00:00,51,51,0
2020-07-12 14:00:00,47,45,2
2020-07-12 15:00:00,50,50,0
2020-07-12 16:00:00,45,45,0
2020-07-12 17:00:00,62,62,0
2020-07-12 18:00:00,38,38,0
2020-07-12 19:00:00,27,27,0
2020-07-12 20:00:00,16,16,0
2020-07-12 21:00:00,4,4,0
2020-07-12 22:00:00,0,0,0
2020-07-12 23:00:00,1,1,0
2020-07-13 00:00:00,0,0,0
2020-07-13 01:00:00,0,0,0
2020-07-13 02:00:00,0,0,0
2020-07-13 03:00:00,0,0,0
2020-07-13 04:00:00,0,0,0
2020-07-13 05:00:00,4,4,0
2020-07-13 06:00:00,30,30,0
2020-07-13 07:00:00,37,37,0
2020-07-13 08:00:00,29,29,0
2020-07-13 09:00:00,27,27,0
2020-07-13 10:00:00,59,59,0
2020-07-13 11:00:00,37,37,0
2020-07-13 12:00:00,46,44,2
2020-07-13 13:00:00,31,31,0
2020-07-13 14:00:00,37,37,0
2020-07-13 15:00:00,48,48,0
2020-07-13 16:00:00,69,68,1
2020-07-13 17:00:00,72,72,0
2020-07-13 18:00:00,55,55,0
2020-07-13 19:00:00,38,38,0
2020-07-13 20:00:00,23,23,0
2020-07-13 21:00:00,18,18,0
2020-07-13 22:00:00,2,2,0
2020-07-13 23:00:00,0,0,0
2020-07-14 00:00:00,0,0,0
2020-07-14 01:00:00,0,0,0
2020-07-14 02:00:00,0,0,0
2020-07-14 03:00:00,0,0,0
2020-07-14 04:00:00,3,2,1
2020-07-14 05:00:00,7,7,0
2020-07-14 06:00:00,32,32,0
2020-07-14 07:00:00,33,33,0
2020-07-14 08:00:00,46,46,0
2020-07-14 09:00:00,37,36,1
2020-07-14 10:00:00,35,35,0
2020-07-14 11:00:00,42,42,0
2020-07-14 12:00:00,33,32,1
2020-07-14 13:00:00,28,28,0
2020-07-14 14:00:00,36,36,0
2020-07-14 15:00:00,46,46,0
2020-07-14 16:00:00,35,34,1
2020-07-14 17:00:00,48,48,0
2020-07-14 18:00:00,51,51,0
2020-07-14 19:00:00,32,32,0
2020-07-14 20:00:00,36,35,1
2020-07-14 21:00:00,8,8,0
2020-07-14 22:00:00,0,0,0
2020-07-14 23:00:00,0,0,0
2020-07-15 00:00:00,0,0,0
2020-07-15 01:00:00,2,2,0
2020-07-15 02:00:00,1,1,0
2020-07-15 03:00:00,0,0,0
2020-07-15 04:00:00,2,2,0
2020-07-15 05:00:00,11,10,1
2020-07-15 06:00:00,32,31,1
2020-07-15 07:00:00,37,37,0
2020-07-15 08:00:00,46,46,0
2020-07-15 09:00:00,44,43,1
2020-07-15 10:00:00,62,61,1
2020-07-15 11:00:00,51,49,2
2020-07-15 12:00:00,43,43,0
2020-07-15 13:00:00,27,26,1
2020-07-15 14:00:00,27,26,1
2020-07-15 15:00:00,33,33,0
2020-07-15 16:00:00,33,33,0
2020-07-15 17:00:00,38,38,0
2020-07-15 18:00:00,41,41,0
2020-07-15 19:00:00,44,44,0
2020-07-15 20:00:00,21,21,0
2020-07-15 21:00:00,22,22,0
2020-07-15 22:00:00,0,0,0
2020-07-15 23:00:00,1,1,0
2020-07-16 00:00:00,0,0,0
2020-07-16 01:00:00,0,0,0
2020-07-16 02:00:00,0,0,0
2020-07-16 03:00:00,0,0,0
2020-07-16 04:00:00,0,0,0
2020-07-16 05:00:00,9,9,0
2020-07-16 06:00:00,26,26,0
2020-07-16 07:00:00,38,38,0
2020-07-16 08:00:00,59,59,0
2020-07-16 09:00:00,46,46,0
2020-07-16 10:00:00,37,37,0
2020-07-16 11:00:00,36,36,0
2020-07-16 12:00:00,35,35,0
2020-07-16 13:00:00,20,20,0
2020-07-16 14:00:00,23,23,0
2020-07-16 15:00:00,28,28,0
2020-07-16 16:00:00,49,48,1
2020-07-16 17:00:00,41,41,0
2020-07-16 18:00:00,36,35,1
2020-07-16 19:00:00,38,37,1
2020-07-16 20:00:00,10,10,0
2020-07-16 21:00:00,2,2,0
2020-07-16 22:00:00,0,0,0
2020-07-16 23:00:00,0,0,0
2020-07-17 00:00:00,0,0,0
2020-07-17 01:00:00,0,0,0
2020-07-17 02:00:00,0,0,0
2020-07-17 03:00:00,0,0,0
2020-07-17 04:00:00,0,0,0
2020-07-17 05:00:00,6,6,0
2020-07-17 06:00:00,16,16,0
2020-07-17 07:00:00,36,36,0
2020-07-17 08:00:00,29,28,1
2020-07-17 09:00:00,40,40,0
2020-07-17 10:00:00,33,32,1
2020-07-17 11:00:00,23,22,1
2020-07-17 12:00:00,39,36,3
2020-07-17 13:00:00,29,29,0
2020-07-17 14:00:00,20,19,1
2020-07-17 15:00:00,46,46,0
2020-07-17 16:00:00,45,45,0
2020-07-17 17:00:00,35,35,0
2020-07-17 18:00:00,45,44,1
2020-07-17 19:00:00,29,28,1
2020-07-17 20:00:00,16,16,0
2020-07-17 21:00:00,12,11,1
2020-07-17 22:00:00,1,1,0
2020-07-17 23:00:00,2,2,0
2020-07-18 00:00:00,0,0,0
2020-07-18 01:00:00,0,0,0
2020-07-18 02:00:00,0,0,0
2020-07-18 03:00:00,1,1,0
2020-07-18 04:00:00,0,0,0
2020-07-18 05:00:00,0,0,0
2020-07-18 06:00:00,22,21,1
2020-07-18 07:00:00,36,36,0
2020-07-18 08:00:00,70,69,1
2020-07-18 09:00:00,80,79,1
2020-07-18 10:00:00,89,82,7
2020-07-18 11:00:00,68,67,1
2020-07-18 12:00:00,52,51,1
2020-07-18 13:00:00,52,52,0
2020-07-18 14:00:00,44,41,3
2020-07-18 15:00:00,50,50,0
2020-07-18 16:00:00,34,33,1
2020-07-18 17:00:00,42,42,0
2020-07-18 18:00:00,30,30,0
2020-07-18 19:00:00,14,14,0
2020-07-18 20:00:00,13,13,0
2020-07-18 21:00:00,2,2,0
2020-07-18 22:00:00,1,1,0
2020-07-18 23:00:00,0,0,0
2020-07-19 00:00:00,0,0,0
2020-07-19 01:00:00,0,0,0
2020-07-19 02:00:00,0,0,0
2020-07-19 03:00:00,0,0,0
2020-07-19 04:00:00,1,1,0
2020-07-19 05:00:00,0,0,0
2020-07-19 06:00:00,15,15,0
2020-07-19 07:00:00,26,26,0
2020-07-19 08:00:00,62,62,0
2020-07-19 09:00:00,70,70,0
2020-07-19 10:00:00,67,67,0
2020-07-19 11:00:00,55,55,0
2020-07-19 12:00:00,33,33,0
2020-07-19 13:00:00,36,36,0
2020-07-19 14:00:00,51,51,0
2020-07-19 15:00:00,29,29,0
2020-07-19 16:00:00,34,34,0
2020-07-19 17:00:00,37,37,0
2020-07-19 18:00:00,37,37,0
2020-07-19 19:00:00,22,22,0
2020-07-19 20:00:00,18,18,0
2020-07-19 21:00:00,8,8,0
2020-07-19 22:00:00,2,2,0
2020-07-19 23:00:00,0,0,0
2020-07-20 00:00:00,0,0,0
2020-07-20 01:00:00,0,0,0
2020-07-20 02:00:00,0,0,0
2020-07-20 03:00:00,0,0,0
2020-07-20 04:00:00,1,1,0
2020-07-20 05:00:00,2,2,0
2020-07-20 06:00:00,28,28,0
2020-07-20 07:00:00,36,36,0
2020-07-20 08:00:00,55,55,0
2020-07-20 09:00:00,47,47,0
2020-07-20 10:00:00,50,50,0
2020-07-20 11:00:00,34,34,0
2020-07-20 12:00:00,33,33,0
2020-07-20 13:00:00,29,29,0
2020-07-20 14:00:00,27,27,0
2020-07-20 15:00:00,16,16,0
2020-07-20 16:00:00,27,27,0
2020-07-20 17:00:00,23,23,0
2020-07-20 18:00:00,37,37,0
2020-07-20 19:00:00,14,14,0
2020-07-20 20:00:00,31,31,0
2020-07-20 21:00:00,8,8,0
2020-07-20 22:00:00,1,1,0
2020-07-20 23:00:00,1,1,0
2020-07-21 00:00:00,1,1,0
2020-07-21 01:00:00,0,0,0
2020-07-21 02:00:00,0,0,0
2020-07-21 03:00:00,0,0,0
2020-07-21 04:00:00,1,1,0
2020-07-21 05:00:00,5,5,0
2020-07-21 06:00:00,31,31,0
2020-07-21 07:00:00,55,54,1
2020-07-21 08:00:00,54,54,0
2020-07-21 09:00:00,44,41,3
2020-07-21 10:00:00,42,42,0
2020-07-21 11:00:00,56,56,0
2020-07-21 12:00:00,33,33,0
2020-07-21 13:00:00,26,26,0
2020-07-21 14:00:00,29,29,0
2020-07-21 15:00:00,21,21,0
2020-07-21 16:00:00,29,29,0
2020-07-21 17:00:00,27,27,0
2020-07-21 18:00:00,38,38,0
2020-07-21 19:00:00,40,40,0
2020-07-21 20:00:00,33,33,0
2020-07-21 21:00:00,17,17,0
2020-07-21 22:00:00,1,1,0
2020-07-21 23:00:00,0,0,0
2020-07-22 00:00:00,0,0,0
2020-07-22 01:00:00,0,0,0
2020-07-22 02:00:00,0,0,0
2020-07-22 03:00:00,0,0,0
2020-07-22 04:00:00,1,1,0
2020-07-22 05:00:00,1,1,0
2020-07-22 06:00:00,23,23,0
2020-07-22 07:00:00,29,29,0
2020-07-22 08:00:00,31,31,0
2020-07-22 09:00:00,40,40,0
2020-07-22 10:00:00,43,43,0
2020-07-22 11:00:00,39,39,0
2020-07-22 12:00:00,43,43,0
2020-07-22 13:00:00,21,21,0
2020-07-22 14:00:00,22,22,0
2020-07-22 15:00:00,37,37,0
2020-07-22 16:00:00,53,52,1
2020-07-22 17:00:00,63,63,0
2020-07-22 18:00:00,52,52,0
2020-07-22 19:00:00,28,28,0
2020-07-22 20:00:00,17,17,0
2020-07-22 21:00:00,14,14,0
2020-07-22 22:00:00,2,2,0
2020-07-22 23:00:00,0,0,0
2020-07-23 00:00:00,0,0,0
2020-07-23 01:00:00,0,0,0
2020-07-23 02:00:00,0,0,0
2020-07-23 03:00:00,0,0,0
2020-07-23 04:00:00,0,0,0
2020-07-23 05:00:00,1,1,0
2020-07-23 06:00:00,18,18,0
2020-07-23 07:00:00,29,29,0
2020-07-23 08:00:00,43,43,0
2020-07-23 09:00:00,52,52,0
2020-07-23 10:00:00,47,47,0
2020-07-23 11:00:00,38,38,0
2020-07-23 12:00:00,39,39,0
2020-07-23 13:00:00,29,29,0
2020-07-23 14:00:00,29,29,0
2020-07-23 15:00:00,45,45,0
2020-07-23 16:00:00,41,41,0
2020-07-23 17:00:00,55,55,0
2020-07-23 18:00:00,46,46,0
2020-07-23 19:00:00,35,35,0
2020-07-23 20:00:00,19,19,0
2020-07-23 21:00:00,11,11,0
2020-07-23 22:00:00,0,0,0
2020-07-23 23:00:00,4,4,0
2020-07-24 00:00:00,1,1,0
2020-07-24 01:00:00,0,0,0
2020-07-24 02:00:00,0,0,0
2020-07-24 03:00:00,0,0,0
2020-07-24 04:00:00,0,0,0
2020-07-24 05:00:00,5,5,0
2020-07-24 06:00:00,22,22,0
2020-07-24 07:00:00,33,33,0
2020-07-24 08:00:00,46,46,0
2020-07-24 09:00:00,42,42,0
2020-07-24 10:00:00,44,44,0
2020-07-24 11:00:00,44,44,0
2020-07-24 12:00:00,37,37,0
2020-07-24 13:00:00,35,35,0
2020-07-24 14:00:00,30,30,0
2020-07-24 15:00:00,38,38,0
2020-07-24 16:00:00,36,36,0
2020-07-24 17:00:00,35,35,0
2020-07-24 18:00:00,41,41,0
2020-07-24 19:00:00,19,19,0
2020-07-24 20:00:00,23,23,0
2020-07-24 21:00:00,7,7,0
2020-07-24 22:00:00,6,6,0
2020-07-24 23:00:00,2,2,0
2020-07-25 00:00:00,0,0,0
2020-07-25 01:00:00,0,0,0
2020-07-25 02:00:00,0,0,0
2020-07-25 03:00:00,0,0,0
2020-07-25 04:00:00,0,0,0
2020-07-25 05:00:00,3,3,0
2020-07-25 06:00:00,10,10,0
2020-07-25 07:00:00,25,25,0
2020-07-25 08:00:00,66,65,1
2020-07-25 09:00:00,66,66,0
2020-07-25 10:00:00,87,87,0
2020-07-25 11:00:00,69,61,8
2020-07-25 12:00:00,71,66,5
2020-07-25 13:00:00,45,45,0
2020-07-25 14:00:00,42,42,0
2020-07-25 15:00:00,39,39,0
2020-07-25 16:00:00,39,39,0
2020-07-25 17:00:00,33,33,0
2020-07-25 18:00:00,23,23,0
2020-07-25 19:00:00,33,33,0
2020-07-25 20:00:00,19,19,0
2020-07-25 21:00:00,9,9,0
2020-07-25 22:00:00,1,1,0
2020-07-25 23:00:00,1,1,0
2020-07-26 00:00:00,0,0,0
2020-07-26 01:00:00,0,0,0
2020-07-26 02:00:00,0,0,0
2020-07-26 03:00:00,0,0,0
2020-07-26 04:00:00,0,0,0
2020-07-26 05:00:00,1,1,0
2020-07-26 06:00:00,13,13,0
2020-07-26 07:00:00,20,20,0
2020-07-26 08:00:00,61,61,0
2020-07-26 09:00:00,75,75,0
2020-07-26 10:00:00,73,73,0
2020-07-26 11:00:00,61,61,0
2020-07-26 12:00:00,44,44,0
2020-07-26 13:00:00,48,48,0
2020-07-26 14:00:00,43,43,0
2020-07-26 15:00:00,43,43,0
2020-07-26 16:00:00,26,26,0
2020-07-26 17:00:00,10,10,0
2020-07-26 18:00:00,10,10,0
2020-07-26 19:00:00,9,9,0
2020-07-26 20:00:00,14,14,0
2020-07-26 21:00:00,12,12,0
2020-07-26 22:00:00,1,1,0
2020-07-26 23:00:00,0,0,0
2020-07-27 00:00:00,2,2,0
2020-07-27 01:00:00,0,0,0
2020-07-27 02:00:00,0,0,0
2020-07-27 03:00:00,0,0,0
2020-07-27 04:00:00,2,2,0
2020-07-27 05:00:00,2,2,0
2020-07-27 06:00:00,14,14,0
2020-07-27 07:00:00,41,41,0
2020-07-27 08:00:00,41,41,0
2020-07-27 09:00:00,47,47,0
2020-07-27 10:00:00,34,34,0
2020-07-27 11:00:00,18,18,0
2020-07-27 12:00:00,21,21,0
2020-07-27 13:00:00,14,14,0
2020-07-27 14:00:00,22,22,0
2020-07-27 15:00:00,13,13,0
2020-07-27 16:00:00,13,13,0
2020-07-27 17:00:00,9,9,0
2020-07-27 18:00:00,7,7,0
2020-07-27 19:00:00,7,7,0
2020-07-27 20:00:00,14,14,0
2020-07-27 21:00:00,3,3,0
2020-07-27 22:00:00,2,2,0
2020-07-27 23:00:00,1,1,0
2020-07-28 00:00:00,0,0,0
2020-07-28 01:00:00,0,0,0
2020-07-28 02:00:00,0,0,0
2020-07-28 03:00:00,0,0,0
2020-07-28 04:00:00,0,0,0
2020-07-28 05:00:00,4,4,0
2020-07-28 06:00:00,38,38,0
2020-07-28 07:00:00,36,36,0
2020-07-28 08:00:00,67,67,0
2020-07-28 09:00:00,52,52,0
2020-07-28 10:00:00,42,42,0
2020-07-28 11:00:00,34,34,0
2020-07-28 12:00:00,29,29,0
2020-07-28 13:00:00,24,24,0
2020-07-28 14:00:00,26,26,0
2020-07-28 15:00:00,31,31,0
2020-07-28 16:00:00,49,49,0
2020-07-28 17:00:00,40,40,0
2020-07-28 18:00:00,46,46,0
2020-07-28 19:00:00,35,35,0
2020-07-28 20:00:00,38,38,0
2020-07-28 21:00:00,7,7,0
2020-07-28 22:00:00,2,2,0
2020-07-28 23:00:00,0,0,0
2020-07-29 00:00:00,0,0,0
2020-07-29 01:00:00,0,0,0
2020-07-29 02:00:00,0,0,0
2020-07-29 03:00:00,0,0,0
2020-07-29 04:00:00,1,1,0
2020-07-29 05:00:00,6,6,0
2020-07-29 06:00:00,24,24,0
2020-07-29 07:00:00,37,37,0
2020-07-29 08:00:00,61,61,0
2020-07-29 09:00:00,47,47,0
2020-07-29 10:00:00,38,38,0
2020-07-29 11:00:00,38,38,0
2020-07-29 12:00:00,28,28,0
2020-07-29 13:00:00,19,19,0
2020-07-29 14:00:00,40,40,0
2020-07-29 15:00:00,25,25,0
2020-07-29 16:00:00,27,27,0
2020-07-29 17:00:00,23,23,0
2020-07-29 18:00:00,34,34,0
2020-07-29 19:00:00,41,41,0
2020-07-29 20:00:00,24,24,0
2020-07-29 21:00:00,4,4,0
2020-07-29 22:00:00,0,0,0
2020-07-29 23:00:00,0,0,0
2020-07-30 00:00:00,0,0,0
2020-07-30 01:00:00,0,0,0
2020-07-30 02:00:00,0,0,0
2020-07-30 03:00:00,0,0,0
2020-07-30 04:00:00,0,0,0
2020-07-30 05:00:00,5,5,0
2020-07-30 06:00:00,16,16,0
2020-07-30 07:00:00,37,37,0
2020-07-30 08:00:00,50,50,0
2020-07-30 09:00:00,47,47,0
2020-07-30 10:00:00,41,41,0
2020-07-30 11:00:00,41,41,0
2020-07-30 12:00:00,24,24,0
2020-07-30 13:00:00,35,35,0
2020-07-30 14:00:00,26,26,0
2020-07-30 15:00:00,27,27,0
2020-07-30 16:00:00,21,21,0
2020-07-30 17:00:00,19,19,0
2020-07-30 18:00:00,16,16,0
2020-07-30 19:00:00,17,17,0
2020-07-30 20:00:00,21,21,0
2020-07-30 21:00:00,9,9,0
2020-07-30 22:00:00,2,2,0
2020-07-30 23:00:00,0,0,0
2020-07-31 00:00:00,0,0,0
2020-07-31 01:00:00,0,0,0
2020-07-31 02:00:00,0,0,0
2020-07-31 03:00:00,0,0,0
2020-07-31 04:00:00,1,1,0
2020-07-31 05:00:00,10,10,0
2020-07-31 06:00:00,22,22,0
2020-07-31 07:00:00,54,54,0
2020-07-31 08:00:00,43,43,0
2020-07-31 09:00:00,64,64,0
2020-07-31 10:00:00,55,55,0
2020-07-31 11:00:00,39,39,0
2020-07-31 12:00:00,37,37,0
2020-07-31 13:00:00,33,33,0
2020-07-31 14:00:00,20,20,0
2020-07-31 15:00:00,23,23,0
2020-07-31 16:00:00,27,27,0
2020-07-31 17:00:00,19,19,0
2020-07-31 18:00:00,24,24,0
2020-07-31 19:00:00,23,23,0
2020-07-31 20:00:00,30,30,0
2020-07-31 21:00:00,6,6,0
2020-07-31 22:00:00,2,2,0
2020-07-31 23:00:00,1,1,0
2020-08-01 00:00:00,0,0,0
2020-08-01 01:00:00,0,0,0
2020-08-01 02:00:00,0,0,0
2020-08-01 03:00:00,0,0,0
2020-08-01 04:00:00,0,0,0
2020-08-01 05:00:00,1,1,0
2020-08-01 06:00:00,12,12,0
2020-08-01 07:00:00,33,33,0
2020-08-01 08:00:00,40,40,0
2020-08-01 09:00:00,63,63,0
2020-08-01 10:00:00,65,65,0
2020-08-01 11:00:00,49,47,2
2020-08-01 12:00:00,49,48,1
2020-08-01 13:00:00,54,54,0
2020-08-01 14:00:00,44,44,0
2020-08-01 15:00:00,46,46,0
2020-08-01 16:00:00,55,55,0
2020-08-01 17:00:00,31,31,0
2020-08-01 18:00:00,28,28,0
2020-08-01 19:00:00,17,17,0
2020-08-01 20:00:00,20,20,0
2020-08-01 21:00:00,7,7,0
2020-08-01 22:00:00,1,1,0
2020-08-01 23:00:00,0,0,0
2020-08-02 00:00:00,0,0,0
2020-08-02 01:00:00,0,0,0
2020-08-02 02:00:00,0,0,0
2020-08-02 03:00:00,0,0,0
2020-08-02 04:00:00,0,0,0
2020-08-02 05:00:00,1,1,0
2020-08-02 06:00:00,11,11,0
2020-08-02 07:00:00,26,26,0
2020-08-02 08:00:00,54,54,0
2020-08-02 09:00:00,71,71,0
2020-08-02 10:00:00,71,71,0
2020-08-02 11:00:00,56,38,18
2020-08-02 12:00:00,43,30,13
2020-08-02 13:00:00,39,11,28
2020-08-02 14:00:00,43,28,15
2020-08-02 15:00:00,33,21,12
2020-08-02 16:00:00,25,20,5
2020-08-02 17:00:00,33,28,5
2020-08-02 18:00:00,26,20,6
2020-08-02 19:00:00,23,17,6
2020-08-02 20:00:00,25,19,6
2020-08-02 21:00:00,15,15,0
2020-08-02 22:00:00,2,2,0
2020-08-02 23:00:00,0,0,0
2020-08-03 00:00:00,0,0,0
2020-08-03 01:00:00,1,1,0
2020-08-03 02:00:00,1,1,0
2020-08-03 03:00:00,0,0,0
2020-08-03 04:00:00,0,0,0
2020-08-03 05:00:00,1,1,0
2020-08-03 06:00:00,31,31,0
2020-08-03 07:00:00,24,24,0
2020-08-03 08:00:00,42,42,0
2020-08-03 09:00:00,35,35,0
2020-08-03 10:00:00,29,29,0
2020-08-03 11:00:00,26,26,0
2020-08-03 12:00:00,40,40,0
2020-08-03 13:00:00,24,24,0
2020-08-03 14:00:00,38,38,0
2020-08-03 15:00:00,23,23,0
2020-08-03 16:00:00,35,35,0
2020-08-03 17:00:00,46,46,0
2020-08-03 18:00:00,46,46,0
2020-08-03 19:00:00,29,29,0
2020-08-03 20:00:00,24,24,0
2020-08-03 21:00:00,6,6,0
2020-08-03 22:00:00,2,2,0
2020-08-03 23:00:00,0,0,0
2020-08-04 00:00:00,0,0,0
2020-08-04 01:00:00,0,0,0
2020-08-04 02:00:00,0,0,0
2020-08-04 03:00:00,0,0,0
2020-08-04 04:00:00,0,0,0
2020-08-04 05:00:00,3,3,0
2020-08-04 06:00:00,20,20,0
2020-08-04 07:00:00,40,40,0
2020-08-04 08:00:00,44,44,0
2020-08-04 09:00:00,45,45,0
2020-08-04 10:00:00,45,45,0
2020-08-04 11:00:00,35,35,0
2020-08-04 12:00:00,34,34,0
2020-08-04 13:00:00,31,31,0
2020-08-04 14:00:00,30,30,0
2020-08-04 15:00:00,31,31,0
2020-08-04 16:00:00,35,35,0
2020-08-04 17:00:00,38,38,0
2020-08-04 18:00:00,40,40,0
2020-08-04 19:00:00,35,35,0
2020-08-04 20:00:00,14,14,0
2020-08-04 21:00:00,6,6,0
2020-08-04 22:00:00,0,0,0
2020-08-04 23:00:00,2,2,0
2020-08-05 00:00:00,0,0,0
2020-08-05 01:00:00,0,0,0
2020-08-05 02:00:00,0,0,0
2020-08-05 03:00:00,1,1,0
2020-08-05 04:00:00,3,3,0
2020-08-05 05:00:00,5,5,0
2020-08-05 06:00:00,19,19,0
2020-08-05 07:00:00,44,44,0
2020-08-05 08:00:00,41,39,2
2020-08-05 09:00:00,58,58,0
2020-08-05 10:00:00,32,32,0
2020-08-05 11:00:00,37,37,0
2020-08-05 12:00:00,38,36,2
2020-08-05 13:00:00,25,25,0
2020-08-05 14:00:00,20,20,0
2020-08-05 15:00:00,31,31,0
2020-08-05 16:00:00,31,31,0
2020-08-05 17:00:00,30,30,0
2020-08-05 18:00:00,39,39,0
2020-08-05 19:00:00,31,31,0
2020-08-05 20:00:00,17,17,0
2020-08-05 21:00:00,6,6,0
2020-08-05 22:00:00,0,0,0
2020-08-05 23:00:00,0,0,0
2020-08-06 00:00:00,0,0,0
2020-08-06 01:00:00,0,0,0
2020-08-06 02:00:00,0,0,0
2020-08-06 03:00:00,0,0,0
2020-08-06 04:00:00,0,0,0
2020-08-06 05:00:00,11,11,0
2020-08-06 06:00:00,20,20,0
2020-08-06 07:00:00,19,19,0
2020-08-06 08:00:00,22,22,0
2020-08-06 09:00:00,14,14,0
2020-08-06 10:00:00,8,8,0
2020-08-06 11:00:00,34,34,0
2020-08-06 12:00:00,46,46,0
2020-08-06 13:00:00,28,28,0
2020-08-06 14:00:00,24,24,0
2020-08-06 15:00:00,28,28,0
2020-08-06 16:00:00,29,29,0
2020-08-06 17:00:00,46,46,0
2020-08-06 18:00:00,30,30,0
2020-08-06 19:00:00,27,27,0
2020-08-06 20:00:00,13,13,0
2020-08-06 21:00:00,5,5,0
2020-08-06 22:00:00,0,0,0
2020-08-06 23:00:00,0,0,0
2020-08-07 00:00:00,0,0,0
2020-08-07 01:00:00,0,0,0
2020-08-07 02:00:00,0,0,0
2020-08-07 03:00:00,0,0,0
2020-08-07 04:00:00,0,0,0
2020-08-07 05:00:00,9,9,0
2020-08-07 06:00:00,17,17,0
2020-08-07 07:00:00,27,27,0
2020-08-07 08:00:00,42,42,0
2020-08-07 09:00:00,44,44,0
2020-08-07 10:00:00,49,49,0
2020-08-07 11:00:00,41,41,0
2020-08-07 12:00:00,46,26,20
2020-08-07 13:00:00,28,13,15
2020-08-07 14:00:00,31,22,9
2020-08-07 15:00:00,42,29,13
2020-08-07 16:00:00,53,43,10
2020-08-07 17:00:00,34,34,0
2020-08-07 18:00:00,37,37,0
2020-08-07 19:00:00,23,23,0
2020-08-07 20:00:00,16,16,0
2020-08-07 21:00:00,2,2,0
2020-08-07 22:00:00,4,4,0
2020-08-07 23:00:00,0,0,0
2020-08-08 00:00:00,0,0,0
2020-08-08 01:00:00,0,0,0
2020-08-08 02:00:00,0,0,0
2020-08-08 03:00:00,1,1,0
2020-08-08 04:00:00,0,0,0
2020-08-08 05:00:00,2,2,0
2020-08-08 06:00:00,9,9,0
2020-08-08 07:00:00,28,28,0
2020-08-08 08:00:00,37,36,1
2020-08-08 09:00:00,50,50,0
2020-08-08 10:00:00,66,66,0
2020-08-08 11:00:00,48,48,0
2020-08-08 12:00:00,49,49,0
2020-08-08 13:00:00,36,36,0
2020-08-08 14:00:00,29,29,0
2020-08-08 15:00:00,39,39,0
2020-08-08 16:00:00,44,44,0
2020-08-08 17:00:00,43,43,0
2020-08-08 18:00:00,27,27,0
2020-08-08 19:00:00,20,20,0
2020-08-08 20:00:00,17,17,0
2020-08-08 21:00:00,4,4,0
2020-08-08 22:00:00,1,1,0
2020-08-08 23:00:00,1,1,0
2020-08-09 00:00:00,0,0,0
2020-08-09 01:00:00,0,0,0
2020-08-09 02:00:00,0,0,0
2020-08-09 03:00:00,0,0,0
2020-08-09 04:00:00,0,0,0
2020-08-09 05:00:00,0,0,0
2020-08-09 06:00:00,8,8,0
2020-08-09 07:00:00,26,26,0
2020-08-09 08:00:00,47,47,0
2020-08-09 09:00:00,62,62,0
2020-08-09 10:00:00,69,69,0
2020-08-09 11:00:00,72,60,12
2020-08-09 12:00:00,61,43,18
2020-08-09 13:00:00,47,47,0
2020-08-09 14:00:00,38,37,1
2020-08-09 15:00:00,32,32,0
2020-08-09 16:00:00,47,47,0
2020-08-09 17:00:00,52,46,6
2020-08-09 18:00:00,36,36,0
2020-08-09 19:00:00,24,24,0
2020-08-09 20:00:00,18,18,0
2020-08-09 21:00:00,4,4,0
2020-08-09 22:00:00,0,0,0
2020-08-09 23:00:00,1,1,0
2020-08-10 00:00:00,0,0,0
2020-08-10 01:00:00,0,0,0
2020-08-10 02:00:00,0,0,0
2020-08-10 03:00:00,0,0,0
2020-08-10 04:00:00,1,1,0
2020-08-10 05:00:00,8,8,0
2020-08-10 06:00:00,17,17,0
2020-08-10 07:00:00,42,42,0
2020-08-10 08:00:00,28,28,0
2020-08-10 09:00:00,31,31,0
2020-08-10 10:00:00,58,58,0
2020-08-10 11:00:00,47,47,0
2020-08-10 12:00:00,38,38,0
2020-08-10 13:00:00,32,32,0
2020-08-10 14:00:00,28,28,0
2020-08-10 15:00:00,22,22,0
2020-08-10 16:00:00,34,34,0
2020-08-10 17:00:00,37,37,0
2020-08-10 18:00:00,45,45,0
2020-08-10 19:00:00,37,37,0
2020-08-10 20:00:00,15,15,0
2020-08-10 21:00:00,5,5,0
2020-08-10 22:00:00,0,0,0
2020-08-10 23:00:00,0,0,0
2020-08-11 00:00:00,0,0,0
2020-08-11 01:00:00,0,0,0
2020-08-11 02:00:00,0,0,0
2020-08-11 03:00:00,0,0,0
2020-08-11 04:00:00,1,1,0
2020-08-11 05:00:00,5,5,0
2020-08-11 06:00:00,17,17,0
2020-08-11 07:00:00,34,34,0
2020-08-11 08:00:00,45,45,0
2020-08-11 09:00:00,40,40,0
2020-08-11 10:00:00,47,47,0
2020-08-11 11:00:00,45,45,0
2020-08-11 12:00:00,36,36,0
2020-08-11 13:00:00,30,30,0
2020-08-11 14:00:00,21,21,0
2020-08-11 15:00:00,24,24,0
2020-08-11 16:00:00,48,48,0
2020-08-11 17:00:00,56,56,0
2020-08-11 18:00:00,44,44,0
2020-08-11 19:00:00,35,35,0
2020-08-11 20:00:00,17,17,0
2020-08-11 21:00:00,7,7,0
2020-08-11 22:00:00,1,1,0
2020-08-11 23:00:00,1,1,0
2020-08-12 00:00:00,0,0,0
2020-08-12 01:00:00,0,0,0
2020-08-12 02:00:00,0,0,0
2020-08-12 03:00:00,0,0,0
2020-08-12 04:00:00,4,4,0
2020-08-12 05:00:00,6,6,0
2020-08-12 06:00:00,24,24,0
2020-08-12 07:00:00,30,30,0
2020-08-12 08:00:00,43,43,0
2020-08-12 09:00:00,40,40,0
2020-08-12 10:00:00,32,32,0
2020-08-12 11:00:00,38,38,0
2020-08-12 12:00:00,34,34,0
2020-08-12 13:00:00,29,29,0
2020-08-12 14:00:00,26,26,0
2020-08-12 15:00:00,55,55,0
2020-08-12 16:00:00,52,52,0
2020-08-12 17:00:00,49,49,0
2020-08-12 18:00:00,39,39,0
2020-08-12 19:00:00,40,40,0
2020-08-12 20:00:00,16,16,0
2020-08-12 21:00:00,10,10,0
2020-08-12 22:00:00,0,0,0
2020-08-12 23:00:00,2,2,0
2020-08-13 00:00:00,0,0,0
2020-08-13 01:00:00,0,0,0
2020-08-13 02:00:00,0,0,0
2020-08-13 03:00:00,0,0,0
2020-08-13 04:00:00,0,0,0
2020-08-13 05:00:00,2,2,0
2020-08-13 06:00:00,20,20,0
2020-08-13 07:00:00,38,38,0
2020-08-13 08:00:00,46,46,0
2020-08-13 09:00:00,37,37,0
2020-08-13 10:00:00,55,55,0
2020-08-13 11:00:00,48,48,0
2020-08-13 12:00:00,39,39,0
2020-08-13 13:00:00,23,23,0
2020-08-13 14:00:00,25,25,0
2020-08-13 15:00:00,28,28,0
2020-08-13 16:00:00,42,42,0
2020-08-13 17:00:00,34,34,0
2020-08-13 18:00:00,44,44,0
2020-08-13 19:00:00,40,40,0
2020-08-13 20:00:00,18,18,0
2020-08-13 21:00:00,6,6,0
2020-08-13 22:00:00,4,4,0
2020-08-13 23:00:00,0,0,0
2020-08-14 00:00:00,2,2,0
2020-08-14 01:00:00,0,0,0
2020-08-14 02:00:00,0,0,0
2020-08-14 03:00:00,0,0,0
2020-08-14 04:00:00,1,1,0
2020-08-14 05:00:00,2,2,0
2020-08-14 06:00:00,14,14,0
2020-08-14 07:00:00,43,43,0
2020-08-14 08:00:00,42,42,0
2020-08-14 09:00:00,39,39,0
2020-08-14 10:00:00,46,46,0
2020-08-14 11:00:00,36,36,0
2020-08-14 12:00:00,53,53,0
2020-08-14 13:00:00,30,30,0
2020-08-14 14:00:00,37,37,0
2020-08-14 15:00:00,28,28,0
2020-08-14 16:00:00,35,35,0
2020-08-14 17:00:00,23,23,0
2020-08-14 18:00:00,24,24,0
2020-08-14 19:00:00,31,31,0
2020-08-14 20:00:00,15,15,0
2020-08-14 21:00:00,4,4,0
2020-08-14 22:00:00,1,1,0
2020-08-14 23:00:00,0,0,0
2020-08-15 00:00:00,0,0,0
2020-08-15 01:00:00,0,0,0
2020-08-15 02:00:00,0,0,0
2020-08-15 03:00:00,0,0,0
2020-08-15 04:00:00,0,0,0
2020-08-15 05:00:00,0,0,0
2020-08-15 06:00:00,18,18,0
2020-08-15 07:00:00,55,55,0
2020-08-15 08:00:00,77,77,0
2020-08-15 09:00:00,87,87,0
2020-08-15 10:00:00,79,79,0
2020-08-15 11:00:00,52,52,0
2020-08-15 12:00:00,58,58,0
2020-08-15 13:00:00,49,49,0
2020-08-15 14:00:00,25,25,0
2020-08-15 15:00:00,29,29,0
2020-08-15 16:00:00,31,31,0
2020-08-15 17:00:00,7,7,0
2020-08-15 18:00:00,15,15,0
2020-08-15 19:00:00,20,20,0
2020-08-15 20:00:00,11,11,0
2020-08-15 21:00:00,6,6,0
2020-08-15 22:00:00,3,3,0
2020-08-15 23:00:00,1,1,0
2020-08-16 00:00:00,0,0,0
2020-08-16 01:00:00,0,0,0
2020-08-16 02:00:00,0,0,0
2020-08-16 03:00:00,0,0,0
2020-08-16 04:00:00,0,0,0
2020-08-16 05:00:00,0,0,0
2020-08-16 06:00:00,9,9,0
2020-08-16 07:00:00,43,43,0
2020-08-16 08:00:00,90,90,0
2020-08-16 09:00:00,70,70,0
2020-08-16 10:00:00,65,65,0
2020-08-16 11:00:00,36,36,0
2020-08-16 12:00:00,30,30,0
2020-08-16 13:00:00,19,19,0
2020-08-16 14:00:00,19,19,0
2020-08-16 15:00:00,8,8,0
2020-08-16 16:00:00,9,9,0
2020-08-16 17:00:00,4,4,0
2020-08-16 18:00:00,4,4,0
2020-08-16 19:00:00,10,10,0
2020-08-16 20:00:00,1,1,0
2020-08-16 21:00:00,4,4,0
2020-08-16 22:00:00,0,0,0
2020-08-16 23:00:00,0,0,0
2020-08-17 00:00:00,0,0,0
2020-08-17 01:00:00,0,0,0
2020-08-17 02:00:00,0,0,0
2020-08-17 03:00:00,0,0,0
2020-08-17 04:00:00,2,2,0
2020-08-17 05:00:00,9,9,0
2020-08-17 06:00:00,26,26,0
2020-08-17 07:00:00,38,38,0
2020-08-17 08:00:00,43,43,0
2020-08-17 09:00:00,47,47,0
2020-08-17 10:00:00,44,44,0
2020-08-17 11:00:00,25,25,0
2020-08-17 12:00:00,27,27,0
2020-08-17 13:00:00,29,29,0
2020-08-17 14:00:00,25,25,0
2020-08-17 15:00:00,12,12,0
2020-08-17 16:00:00,13,13,0
2020-08-17 17:00:00,15,15,0
2020-08-17 18:00:00,19,18,1
2020-08-17 19:00:00,21,21,0
2020-08-17 20:00:00,20,20,0
2020-08-17 21:00:00,5,5,0
2020-08-17 22:00:00,1,1,0
2020-08-17 23:00:00,0,0,0
2020-08-18 00:00:00,0,0,0
2020-08-18 01:00:00,0,0,0
2020-08-18 02:00:00,0,0,0
2020-08-18 03:00:00,0,0,0
2020-08-18 04:00:00,0,0,0
2020-08-18 05:00:00,6,6,0
2020-08-18 06:00:00,22,22,0
2020-08-18 07:00:00,52,51,1
2020-08-18 08:00:00,59,59,0
2020-08-18 09:00:00,49,49,0
2020-08-18 10:00:00,47,47,0
2020-08-18 11:00:00,34,34,0
2020-08-18 12:00:00,32,32,0
2020-08-18 13:00:00,42,42,0
2020-08-18 14:00:00,26,26,0
2020-08-18 15:00:00,22,22,0
2020-08-18 16:00:00,35,35,0
2020-08-18 17:00:00,33,33,0
2020-08-18 18:00:00,45,45,0
2020-08-18 19:00:00,34,34,0
2020-08-18 20:00:00,28,28,0
2020-08-18 21:00:00,13,13,0
2020-08-18 22:00:00,0,0,0
2020-08-18 23:00:00,0,0,0
2020-08-19 00:00:00,0,0,0
2020-08-19 01:00:00,0,0,0
2020-08-19 02:00:00,0,0,0
2020-08-19 03:00:00,1,1,0
2020-08-19 04:00:00,1,1,0
2020-08-19 05:00:00,8,8,0
2020-08-19 06:00:00,18,12,6
2020-08-19 07:00:00,46,41,5
2020-08-19 08:00:00,40,39,1
2020-08-19 09:00:00,73,73,0
2020-08-19 10:00:00,58,58,0
2020-08-19 11:00:00,40,40,0
2020-08-19 12:00:00,43,43,0
2020-08-19 13:00:00,33,33,0
2020-08-19 14:00:00,34,34,0
2020-08-19 15:00:00,31,31,0
2020-08-19 16:00:00,28,28,0
2020-08-19 17:00:00,24,24,0
2020-08-19 18:00:00,36,36,0
2020-08-19 19:00:00,24,24,0
2020-08-19 20:00:00,20,20,0
2020-08-19 21:00:00,0,0,0
2020-08-19 22:00:00,2,2,0
2020-08-19 23:00:00,0,0,0
2020-08-20 00:00:00,0,0,0
2020-08-20 01:00:00,0,0,0
2020-08-20 02:00:00,0,0,0
2020-08-20 03:00:00,0,0,0
2020-08-20 04:00:00,0,0,0
2020-08-20 05:00:00,4,4,0
2020-08-20 06:00:00,11,11,0
2020-08-20 07:00:00,40,40,0
2020-08-20 08:00:00,28,28,0
2020-08-20 09:00:00,58,58,0
2020-08-20 10:00:00,52,52,0
2020-08-20 11:00:00,36,36,0
2020-08-20 12:00:00,40,40,0
2020-08-20 13:00:00,25,25,0
2020-08-20 14:00:00,26,26,0
2020-08-20 15:00:00,26,26,0
2020-08-20 16:00:00,30,30,0
2020-08-20 17:00:00,42,42,0
2020-08-20 18:00:00,34,34,0
2020-08-20 19:00:00,30,30,0
2020-08-20 20:00:00,17,17,0
2020-08-20 21:00:00,2,2,0
2020-08-20 22:00:00,0,0,0
2020-08-20 23:00:00,0,0,0
2020-08-21 00:00:00,0,0,0
2020-08-21 01:00:00,0,0,0
2020-08-21 02:00:00,0,0,0
2020-08-21 03:00:00,0,0,0
2020-08-21 04:00:00,1,1,0
2020-08-21 05:00:00,6,6,0
2020-08-21 06:00:00,21,21,0
2020-08-21 07:00:00,23,23,0
2020-08-21 08:00:00,47,47,0
2020-08-21 09:00:00,51,51,0
2020-08-21 10:00:00,33,33,0
2020-08-21 11:00:00,26,26,0
2020-08-21 12:00:00,30,30,0
2020-08-21 13:00:00,25,25,0
2020-08-21 14:00:00,15,15,0
2020-08-21 15:00:00,29,29,0
2020-08-21 16:00:00,36,36,0
2020-08-21 17:00:00,27,27,0
2020-08-21 18:00:00,31,31,0
2020-08-21 19:00:00,19,19,0
2020-08-21 20:00:00,13,13,0
2020-08-21 21:00:00,1,1,0
2020-08-21 22:00:00,3,3,0
2020-08-21 23:00:00,1,1,0
2020-08-22 00:00:00,0,0,0
2020-08-22 01:00:00,1,1,0
2020-08-22 02:00:00,0,0,0
2020-08-22 03:00:00,0,0,0
2020-08-22 04:00:00,0,0,0
2020-08-22 05:00:00,2,2,0
2020-08-22 06:00:00,9,9,0
2020-08-22 07:00:00,24,24,0
2020-08-22 08:00:00,64,64,0
2020-08-22 09:00:00,62,61,1
2020-08-22 10:00:00,95,95,0
2020-08-22 11:00:00,60,59,1
2020-08-22 12:00:00,70,69,1
2020-08-22 13:00:00,55,55,0
2020-08-22 14:00:00,64,64,0
2020-08-22 15:00:00,45,45,0
2020-08-22 16:00:00,42,42,0
2020-08-22 17:00:00,32,32,0
2020-08-22 18:00:00,30,30,0
2020-08-22 19:00:00,22,22,0
2020-08-22 20:00:00,18,18,0
2020-08-22 21:00:00,8,8,0
2020-08-22 22:00:00,3,3,0
2020-08-22 23:00:00,0,0,0
2020-08-23 00:00:00,1,1,0
2020-08-23 01:00:00,0,0,0
2020-08-23 02:00:00,0,0,0
2020-08-23 03:00:00,0,0,0
2020-08-23 04:00:00,0,0,0
2020-08-23 05:00:00,1,1,0
2020-08-23 06:00:00,5,5,0
2020-08-23 07:00:00,23,23,0
2020-08-23 08:00:00,52,52,0
2020-08-23 09:00:00,73,73,0
2020-08-23 10:00:00,64,64,0
2020-08-23 11:00:00,57,57,0
2020-08-23 12:00:00,67,46,21
2020-08-23 13:00:00,43,16,27
2020-08-23 14:00:00,40,22,18
2020-08-23 15:00:00,56,25,31
2020-08-23 16:00:00,36,16,20
2020-08-23 17:00:00,32,18,14
2020-08-23 18:00:00,25,7,18
2020-08-23 19:00:00,17,6,11
2020-08-23 20:00:00,16,5,11
2020-08-23 21:00:00,3,2,1
2020-08-23 22:00:00,0,0,0
2020-08-23 23:00:00,0,0,0
2020-08-24 00:00:00,0,0,0
2020-08-24 01:00:00,0,0,0
2020-08-24 02:00:00,0,0,0
2020-08-24 03:00:00,0,0,0
2020-08-24 04:00:00,0,0,0
2020-08-24 05:00:00,1,0,1
2020-08-24 06:00:00,14,6,8
2020-08-24 07:00:00,29,9,20
2020-08-24 08:00:00,50,20,30
2020-08-24 09:00:00,32,11,21
2020-08-24 10:00:00,42,19,23
2020-08-24 11:00:00,36,12,24
2020-08-24 12:00:00,36,18,18
2020-08-24 13:00:00,38,15,23
2020-08-24 14:00:00,41,17,24
2020-08-24 15:00:00,37,14,23
2020-08-24 16:00:00,42,26,16
2020-08-24 17:00:00,68,37,31
2020-08-24 18:00:00,41,17,24
2020-08-24 19:00:00,43,16,27
2020-08-24 20:00:00,18,8,10
2020-08-24 21:00:00,2,0,2
2020-08-24 22:00:00,1,0,1
2020-08-24 23:00:00,0,0,0
2020-08-25 00:00:00,0,0,0
2020-08-25 01:00:00,0,0,0
2020-08-25 02:00:00,0,0,0
2020-08-25 03:00:00,0,0,0
2020-08-25 04:00:00,0,0,0
2020-08-25 05:00:00,4,1,3
2020-08-25 06:00:00,28,11,17
2020-08-25 07:00:00,52,24,28
2020-08-25 08:00:00,36,18,18
2020-08-25 09:00:00,39,20,19
2020-08-25 10:00:00,41,19,22
2020-08-25 11:00:00,38,14,24
2020-08-25 12:00:00,40,21,19
2020-08-25 13:00:00,13,5,8
2020-08-25 14:00:00,27,12,15
2020-08-25 15:00:00,32,17,15
2020-08-25 16:00:00,32,15,17
2020-08-25 17:00:00,37,14,23
2020-08-25 18:00:00,54,29,25
2020-08-25 19:00:00,42,19,23
2020-08-25 20:00:00,15,8,7
2020-08-25 21:00:00,5,1,4
2020-08-25 22:00:00,1,1,0
2020-08-25 23:00:00,3,1,2
2020-08-26 00:00:00,0,0,0
2020-08-26 01:00:00,0,0,0
2020-08-26 02:00:00,0,0,0
2020-08-26 03:00:00,0,0,0
2020-08-26 04:00:00,1,0,1
2020-08-26 05:00:00,3,2,1
2020-08-26 06:00:00,15,5,10
2020-08-26 07:00:00,35,19,16
2020-08-26 08:00:00,42,20,22
2020-08-26 09:00:00,40,21,19
2020-08-26 10:00:00,32,18,14
2020-08-26 11:00:00,37,16,21
2020-08-26 12:00:00,35,12,23
2020-08-26 13:00:00,36,18,18
2020-08-26 14:00:00,34,18,16
2020-08-26 15:00:00,30,17,13
2020-08-26 16:00:00,41,16,25
2020-08-26 17:00:00,39,16,23
2020-08-26 18:00:00,51,20,31
2020-08-26 19:00:00,31,18,13
2020-08-26 20:00:00,27,10,17
2020-08-26 21:00:00,1,1,0
2020-08-26 22:00:00,1,1,0
2020-08-26 23:00:00,0,0,0
2020-08-27 00:00:00,0,0,0
2020-08-27 01:00:00,1,1,0
2020-08-27 02:00:00,0,0,0
2020-08-27 03:00:00,1,0,1
2020-08-27 04:00:00,0,0,0
2020-08-27 05:00:00,2,1,1
2020-08-27 06:00:00,24,12,12
2020-08-27 07:00:00,38,21,17
2020-08-27 08:00:00,44,19,25
2020-08-27 09:00:00,32,19,13
2020-08-27 10:00:00,46,24,22
2020-08-27 11:00:00,41,17,24
2020-08-27 12:00:00,31,14,17
2020-08-27 13:00:00,25,12,13
2020-08-27 14:00:00,27,13,14
2020-08-27 15:00:00,32,18,14
2020-08-27 16:00:00,32,10,22
2020-08-27 17:00:00,35,23,12
2020-08-27 18:00:00,50,28,22
2020-08-27 19:00:00,31,13,18
2020-08-27 20:00:00,18,8,10
2020-08-27 21:00:00,2,1,1
2020-08-27 22:00:00,0,0,0
2020-08-27 23:00:00,0,0,0
2020-08-28 00:00:00,0,0,0
2020-08-28 01:00:00,0,0,0
2020-08-28 02:00:00,0,0,0
2020-08-28 03:00:00,0,0,0
2020-08-28 04:00:00,0,0,0
2020-08-28 05:00:00,5,2,3
2020-08-28 06:00:00,12,8,4
2020-08-28 07:00:00,41,18,23
2020-08-28 08:00:00,36,18,18
2020-08-28 09:00:00,40,20,20
2020-08-28 10:00:00,63,30,33
2020-08-28 11:00:00,40,22,18
2020-08-28 12:00:00,32,15,17
2020-08-28 13:00:00,24,10,14
2020-08-28 14:00:00,36,16,20
2020-08-28 15:00:00,32,17,15
2020-08-28 16:00:00,43,20,23
2020-08-28 17:00:00,40,24,16
2020-08-28 18:00:00,36,17,19
2020-08-28 19:00:00,29,14,15
2020-08-28 20:00:00,6,3,3
2020-08-28 21:00:00,4,2,2
2020-08-28 22:00:00,5,3,2
2020-08-28 23:00:00,0,0,0
2020-08-29 00:00:00,0,0,0
2020-08-29 01:00:00,0,0,0
2020-08-29 02:00:00,0,0,0
2020-08-29 03:00:00,0,0,0
2020-08-29 04:00:00,0,0,0
2020-08-29 05:00:00,1,0,1
2020-08-29 06:00:00,4,3,1
2020-08-29 07:00:00,12,6,6
2020-08-29 08:00:00,46,20,26
2020-08-29 09:00:00,67,43,24
2020-08-29 10:00:00,61,29,32
2020-08-29 11:00:00,56,26,30
2020-08-29 12:00:00,55,34,21
2020-08-29 13:00:00,56,25,31
2020-08-29 14:00:00,37,15,22
2020-08-29 15:00:00,51,21,30
2020-08-29 16:00:00,44,25,19
2020-08-29 17:00:00,33,19,14
2020-08-29 18:00:00,31,10,21
2020-08-29 19:00:00,33,14,19
2020-08-29 20:00:00,6,3,3
2020-08-29 21:00:00,5,2,3
2020-08-29 22:00:00,2,1,1
2020-08-29 23:00:00,2,1,1
2020-08-30 00:00:00,0,0,0
2020-08-30 01:00:00,0,0,0
2020-08-30 02:00:00,0,0,0
2020-08-30 03:00:00,0,0,0
2020-08-30 04:00:00,0,0,0
2020-08-30 05:00:00,1,1,0
2020-08-30 06:00:00,3,2,1
2020-08-30 07:00:00,28,15,13
2020-08-30 08:00:00,46,21,25
2020-08-30 09:00:00,72,34,38
2020-08-30 10:00:00,61,24,37
2020-08-30 11:00:00,60,29,31
2020-08-30 12:00:00,47,15,32
2020-08-30 13:00:00,43,16,27
2020-08-30 14:00:00,35,18,17
2020-08-30 15:00:00,58,32,26
2020-08-30 16:00:00,52,22,30
2020-08-30 17:00:00,41,19,22
2020-08-30 18:00:00,43,16,27
2020-08-30 19:00:00,24,13,11
2020-08-30 20:00:00,4,1,3
2020-08-30 21:00:00,1,0,1
2020-08-30 22:00:00,2,1,1
2020-08-30 23:00:00,0,0,0
2020-08-31 00:00:00,0,0,0
2020-08-31 01:00:00,0,0,0
2020-08-31 02:00:00,0,0,0
2020-08-31 03:00:00,0,0,0
2020-08-31 04:00:00,1,1,0
2020-08-31 05:00:00,4,2,2
2020-08-31 06:00:00,13,6,7
2020-08-31 07:00:00,31,15,16
2020-08-31 08:00:00,23,10,13
2020-08-31 09:00:00,33,19,14
2020-08-31 10:00:00,42,16,26
2020-08-31 11:00:00,33,15,18
2020-08-31 12:00:00,35,18,17
2020-08-31 13:00:00,31,12,19
2020-08-31 14:00:00,19,12,7
2020-08-31 15:00:00,33,13,20
2020-08-31 16:00:00,27,11,16
2020-08-31 17:00:00,39,21,18
2020-08-31 18:00:00,54,21,33
2020-08-31 19:00:00,25,11,14
2020-08-31 20:00:00,7,3,4
2020-08-31 21:00:00,2,0,2
2020-08-31 22:00:00,1,1,0
2020-08-31 23:00:00,1,0,1
2020-09-01 00:00:00,0,0,0
2020-09-01 01:00:00,0,0,0
2020-09-01 02:00:00,0,0,0
2020-09-01 03:00:00,0,0,0
2020-09-01 04:00:00,1,0,1
2020-09-01 05:00:00,5,3,2
2020-09-01 06:00:00,22,10,12
2020-09-01 07:00:00,41,19,22
2020-09-01 08:00:00,38,20,18
2020-09-01 09:00:00,45,20,25
2020-09-01 10:00:00,49,22,27
2020-09-01 11:00:00,54,32,22
2020-09-01 12:00:00,51,23,28
2020-09-01 13:00:00,39,14,25
2020-09-01 14:00:00,38,21,17
2020-09-01 15:00:00,34,20,14
2020-09-01 16:00:00,38,19,19
2020-09-01 17:00:00,45,25,20
2020-09-01 18:00:00,33,18,15
2020-09-01 19:00:00,40,18,22
2020-09-01 20:00:00,6,2,4
2020-09-01 21:00:00,4,2,2
2020-09-01 22:00:00,2,2,0
2020-09-01 23:00:00,0,0,0
2020-09-02 00:00:00,0,0,0
2020-09-02 01:00:00,0,0,0
2020-09-02 02:00:00,0,0,0
2020-09-02 03:00:00,1,1,0
2020-09-02 04:00:00,2,1,1
2020-09-02 05:00:00,6,2,4
2020-09-02 06:00:00,33,15,18
2020-09-02 07:00:00,40,20,20
2020-09-02 08:00:00,34,15,19
2020-09-02 09:00:00,40,18,22
2020-09-02 10:00:00,36,18,18
2020-09-02 11:00:00,48,21,27
2020-09-02 12:00:00,50,25,25
2020-09-02 13:00:00,32,11,21
2020-09-02 14:00:00,18,10,8
2020-09-02 15:00:00,33,17,16
2020-09-02 16:00:00,35,21,14
2020-09-02 17:00:00,48,25,23
2020-09-02 18:00:00,47,22,25
2020-09-02 19:00:00,29,16,13
2020-09-02 20:00:00,12,5,7
2020-09-02 21:00:00,4,1,3
2020-09-02 22:00:00,0,0,0
2020-09-02 23:00:00,0,0,0
2020-09-03 00:00:00,0,0,0
2020-09-03 01:00:00,0,0,0
2020-09-03 02:00:00,0,0,0
2020-09-03 03:00:00,0,0,0
2020-09-03 04:00:00,0,0,0
2020-09-03 05:00:00,5,3,2
2020-09-03 06:00:00,14,6,8
2020-09-03 07:00:00,50,25,25
2020-09-03 08:00:00,42,18,24
2020-09-03 09:00:00,50,26,24
2020-09-03 10:00:00,43,18,25
2020-09-03 11:00:00,36,13,23
2020-09-03 12:00:00,30,14,16
2020-09-03 13:00:00,43,16,27
2020-09-03 14:00:00,24,11,13
2020-09-03 15:00:00,27,13,14
2020-09-03 16:00:00,47,26,21
2020-09-03 17:00:00,37,19,18
2020-09-03 18:00:00,54,24,30
2020-09-03 19:00:00,20,8,12
2020-09-03 20:00:00,8,3,5
2020-09-03 21:00:00,2,1,1
2020-09-03 22:00:00,1,1,0
2020-09-03 23:00:00,1,0,1
2020-09-04 00:00:00,2,1,1
2020-09-04 01:00:00,0,0,0
2020-09-04 02:00:00,0,0,0
2020-09-04 03:00:00,0,0,0
2020-09-04 04:00:00,0,0,0
2020-09-04 05:00:00,2,0,2
2020-09-04 06:00:00,14,8,6
2020-09-04 07:00:00,33,16,17
2020-09-04 08:00:00,43,20,23
2020-09-04 09:00:00,45,23,22
2020-09-04 10:00:00,38,18,20
2020-09-04 11:00:00,46,20,26
2020-09-04 12:00:00,29,15,14
2020-09-04 13:00:00,19,10,9
2020-09-04 14:00:00,20,10,10
2020-09-04 15:00:00,37,18,19
2020-09-04 16:00:00,26,12,14
2020-09-04 17:00:00,25,14,11
2020-09-04 18:00:00,26,16,10
2020-09-04 19:00:00,17,9,8
2020-09-04 20:00:00,9,5,4
2020-09-04 21:00:00,2,1,1
2020-09-04 22:00:00,0,0,0
2020-09-04 23:00:00,0,0,0
2020-09-05 00:00:00,0,0,0
2020-09-05 01:00:00,0,0,0
2020-09-05 02:00:00,0,0,0
2020-09-05 03:00:00,0,0,0
2020-09-05 04:00:00,0,0,0
2020-09-05 05:00:00,2,2,0
2020-09-05 06:00:00,7,4,3
2020-09-05 07:00:00,20,11,9
2020-09-05 08:00:00,49,23,26
2020-09-05 09:00:00,57,28,29
2020-09-05 10:00:00,66,28,38
2020-09-05 11:00:00,49,26,23
2020-09-05 12:00:00,44,18,26
2020-09-05 13:00:00,45,20,25
2020-09-05 14:00:00,48,27,21
2020-09-05 15:00:00,28,12,16
2020-09-05 16:00:00,32,14,18
2020-09-05 17:00:00,29,11,18
2020-09-05 18:00:00,29,12,17
2020-09-05 19:00:00,22,14,8
2020-09-05 20:00:00,3,0,3
2020-09-05 21:00:00,3,1,2
2020-09-05 22:00:00,5,2,3
2020-09-05 23:00:00,0,0,0
2020-09-06 00:00:00,0,0,0
2020-09-06 01:00:00,0,0,0
2020-09-06 02:00:00,0,0,0
2020-09-06 03:00:00,0,0,0
2020-09-06 04:00:00,0,0,0
2020-09-06 05:00:00,1,0,1
2020-09-06 06:00:00,6,3,3
2020-09-06 07:00:00,19,11,8
2020-09-06 08:00:00,56,30,26
2020-09-06 09:00:00,46,21,25
2020-09-06 10:00:00,84,42,42
2020-09-06 11:00:00,73,33,40
2020-09-06 12:00:00,69,36,33
2020-09-06 13:00:00,31,12,19
2020-09-06 14:00:00,35,12,23
2020-09-06 15:00:00,38,16,22
2020-09-06 16:00:00,59,25,34
2020-09-06 17:00:00,19,11,8
2020-09-06 18:00:00,37,17,20
2020-09-06 19:00:00,17,10,7
2020-09-06 20:00:00,9,5,4
2020-09-06 21:00:00,4,2,2
2020-09-06 22:00:00,1,0,1
2020-09-06 23:00:00,0,0,0
2020-09-07 00:00:00,0,0,0
2020-09-07 01:00:00,0,0,0
2020-09-07 02:00:00,0,0,0
2020-09-07 03:00:00,0,0,0
2020-09-07 04:00:00,0,0,0
2020-09-07 05:00:00,1,0,1
2020-09-07 06:00:00,4,3,1
2020-09-07 07:00:00,22,9,13
2020-09-07 08:00:00,46,21,25
2020-09-07 09:00:00,50,23,27
2020-09-07 10:00:00,62,29,33
2020-09-07 11:00:00,59,24,35
2020-09-07 12:00:00,56,30,26
2020-09-07 13:00:00,51,21,30
2020-09-07 14:00:00,56,20,36
2020-09-07 15:00:00,30,14,16
2020-09-07 16:00:00,38,18,20
2020-09-07 17:00:00,23,6,17
2020-09-07 18:00:00,21,10,11
2020-09-07 19:00:00,24,10,14
2020-09-07 20:00:00,7,4,3
2020-09-07 21:00:00,1,0,1
2020-09-07 22:00:00,0,0,0
2020-09-07 23:00:00,0,0,0
2020-09-08 00:00:00,0,0,0
2020-09-08 01:00:00,0,0,0
2020-09-08 02:00:00,0,0,0
2020-09-08 03:00:00,0,0,0
2020-09-08 04:00:00,0,0,0
2020-09-08 05:00:00,1,0,1
2020-09-08 06:00:00,11,6,5
2020-09-08 07:00:00,22,13,9
2020-09-08 08:00:00,19,7,12
2020-09-08 09:00:00,14,4,10
2020-09-08 10:00:00,19,10,9
2020-09-08 11:00:00,26,11,15
2020-09-08 12:00:00,19,9,10
2020-09-08 13:00:00,7,2,5
2020-09-08 14:00:00,15,6,9
2020-09-08 15:00:00,12,7,5
2020-09-08 16:00:00,21,11,10
2020-09-08 17:00:00,13,7,6
2020-09-08 18:00:00,21,14,7
2020-09-08 19:00:00,16,5,11
2020-09-08 20:00:00,2,1,1
2020-09-08 21:00:00,3,1,2
2020-09-08 22:00:00,0,0,0
2020-09-08 23:00:00,0,0,0
2020-09-09 00:00:00,0,0,0
2020-09-09 01:00:00,0,0,0
2020-09-09 02:00:00,0,0,0
2020-09-09 03:00:00,1,0,1
2020-09-09 04:00:00,1,1,0
2020-09-09 05:00:00,1,1,0
2020-09-09 06:00:00,18,8,10
2020-09-09 07:00:00,24,9,15
2020-09-09 08:00:00,32,17,15
2020-09-09 09:00:00,32,14,18
2020-09-09 10:00:00,25,12,13
2020-09-09 11:00:00,31,15,16
2020-09-09 12:00:00,18,8,10
2020-09-09 13:00:00,9,3,6
2020-09-09 14:00:00,15,8,7
2020-09-09 15:00:00,9,4,5
2020-09-09 16:00:00,14,8,6
2020-09-09 17:00:00,17,8,9
2020-09-09 18:00:00,25,13,12
2020-09-09 19:00:00,19,9,10
2020-09-09 20:00:00,5,1,4
2020-09-09 21:00:00,7,2,5
2020-09-09 22:00:00,2,1,1
2020-09-09 23:00:00,0,0,0
2020-09-10 00:00:00,0,0,0
2020-09-10 01:00:00,0,0,0
2020-09-10 02:00:00,2,1,1
2020-09-10 03:00:00,1,0,1
2020-09-10 04:00:00,0,0,0
2020-09-10 05:00:00,2,1,1
2020-09-10 06:00:00,16,5,11
2020-09-10 07:00:00,26,14,12
2020-09-10 08:00:00,29,16,13
2020-09-10 09:00:00,28,13,15
2020-09-10 10:00:00,30,12,18
2020-09-10 11:00:00,23,12,11
2020-09-10 12:00:00,22,8,14
2020-09-10 13:00:00,14,6,8
2020-09-10 14:00:00,31,19,12
2020-09-10 15:00:00,12,8,4
2020-09-10 16:00:00,13,7,6
2020-09-10 17:00:00,12,7,5
2020-09-10 18:00:00,26,17,9
2020-09-10 19:00:00,22,14,8
2020-09-10 20:00:00,4,1,3
2020-09-10 21:00:00,2,0,2
2020-09-10 22:00:00,1,0,1
2020-09-10 23:00:00,0,0,0
2020-09-11 00:00:00,0,0,0
2020-09-11 01:00:00,0,0,0
2020-09-11 02:00:00,0,0,0
2020-09-11 03:00:00,0,0,0
2020-09-11 04:00:00,0,0,0
2020-09-11 05:00:00,7,5,2
2020-09-11 06:00:00,10,3,7
2020-09-11 07:00:00,7,4,3
2020-09-11 08:00:00,21,10,11
2020-09-11 09:00:00,18,6,12
2020-09-11 10:00:00,16,6,10
2020-09-11 11:00:00,5,5,0
2020-09-11 12:00:00,10,3,7
2020-09-11 13:00:00,11,8,3
2020-09-11 14:00:00,11,5,6
2020-09-11 15:00:00,5,1,4
2020-09-11 16:00:00,3,2,1
2020-09-11 17:00:00,6,4,2
2020-09-11 18:00:00,7,4,3
2020-09-11 19:00:00,5,3,2
2020-09-11 20:00:00,5,2,3
2020-09-11 21:00:00,0,0,0
2020-09-11 22:00:00,2,1,1
2020-09-11 23:00:00,0,0,0
2020-09-12 00:00:00,0,0,0
2020-09-12 01:00:00,0,0,0
2020-09-12 02:00:00,0,0,0
2020-09-12 03:00:00,0,0,0
2020-09-12 04:00:00,0,0,0
2020-09-12 05:00:00,0,0,0
2020-09-12 06:00:00,0,0,0
2020-09-12 07:00:00,5,3,2
2020-09-12 08:00:00,9,6,3
2020-09-12 09:00:00,11,3,8
2020-09-12 10:00:00,8,3,5
2020-09-12 11:00:00,5,1,4
2020-09-12 12:00:00,7,3,4
2020-09-12 13:00:00,4,2,2
2020-09-12 14:00:00,2,0,2
2020-09-12 15:00:00,6,3,3
2020-09-12 16:00:00,3,1,2
2020-09-12 17:00:00,5,2,3
2020-09-12 18:00:00,2,0,2
2020-09-12 19:00:00,4,2,2
2020-09-12 20:00:00,2,1,1
2020-09-12 21:00:00,1,1,0
2020-09-12 22:00:00,1,0,1
2020-09-12 23:00:00,1,0,1
2020-09-13 00:00:00,0,0,0
2020-09-13 01:00:00,0,0,0
2020-09-13 02:00:00,0,0,0
2020-09-13 03:00:00,0,0,0
2020-09-13 04:00:00,0,0,0
2020-09-13 05:00:00,0,0,0
2020-09-13 06:00:00,2,1,1
2020-09-13 07:00:00,3,2,1
2020-09-13 08:00:00,9,3,6
2020-09-13 09:00:00,5,4,1
2020-09-13 10:00:00,9,4,5
2020-09-13 11:00:00,5,2,3
2020-09-13 12:00:00,6,2,4
2020-09-13 13:00:00,9,6,3
2020-09-13 14:00:00,7,3,4
2020-09-13 15:00:00,13,5,8
2020-09-13 16:00:00,10,4,6
2020-09-13 17:00:00,3,1,2
2020-09-13 18:00:00,10,4,6
2020-09-13 19:00:00,7,4,3
2020-09-13 20:00:00,1,0,1
2020-09-13 21:00:00,2,1,1
2020-09-13 22:00:00,0,0,0
2020-09-13 23:00:00,0,0,0
2020-09-14 00:00:00,0,0,0
2020-09-14 01:00:00,0,0,0
2020-09-14 02:00:00,0,0,0
2020-09-14 03:00:00,0,0,0
2020-09-14 04:00:00,0,0,0
2020-09-14 05:00:00,3,1,2
2020-09-14 06:00:00,2,1,1
2020-09-14 07:00:00,9,3,6
2020-09-14 08:00:00,6,2,4
2020-09-14 09:00:00,8,4,4
2020-09-14 10:00:00,5,2,3
2020-09-14 11:00:00,15,7,8
2020-09-14 12:00:00,7,3,4
2020-09-14 13:00:00,6,2,4
2020-09-14 14:00:00,0,0,0
2020-09-14 15:00:00,3,0,3
2020-09-14 16:00:00,14,7,7
2020-09-14 17:00:00,10,7,3
2020-09-14 18:00:00,18,6,12
2020-09-14 19:00:00,8,5,3
2020-09-14 20:00:00,3,2,1
2020-09-14 21:00:00,0,0,0
2020-09-14 22:00:00,1,1,0
2020-09-14 23:00:00,0,0,0
2020-09-15 00:00:00,0,0,0
2020-09-15 01:00:00,0,0,0
2020-09-15 02:00:00,0,0,0
2020-09-15 03:00:00,0,0,0
2020-09-15 04:00:00,0,0,0
2020-09-15 05:00:00,0,0,0
2020-09-15 06:00:00,4,1,3
2020-09-15 07:00:00,9,5,4
2020-09-15 08:00:00,14,6,8
2020-09-15 09:00:00,10,4,6
2020-09-15 10:00:00,6,2,4
2020-09-15 11:00:00,4,1,3
2020-09-15 12:00:00,6,4,2
2020-09-15 13:00:00,5,2,3
2020-09-15 14:00:00,8,4,4
2020-09-15 15:00:00,12,6,6
2020-09-15 16:00:00,9,5,4
2020-09-15 17:00:00,12,7,5
2020-09-15 18:00:00,10,2,8
2020-09-15 19:00:00,3,1,2
2020-09-15 20:00:00,7,4,3
2020-09-15 21:00:00,0,0,0
2020-09-15 22:00:00,1,1,0
2020-09-15 23:00:00,0,0,0
2020-09-16 00:00:00,0,0,0
2020-09-16 01:00:00,0,0,0
2020-09-16 02:00:00,0,0,0
2020-09-16 03:00:00,0,0,0
2020-09-16 04:00:00,0,0,0
2020-09-16 05:00:00,0,0,0
2020-09-16 06:00:00,8,3,5
2020-09-16 07:00:00,8,5,3
2020-09-16 08:00:00,8,4,4
2020-09-16 09:00:00,9,3,6
2020-09-16 10:00:00,3,1,2
2020-09-16 11:00:00,6,5,1
2020-09-16 12:00:00,6,2,4
2020-09-16 13:00:00,4,3,1
2020-09-16 14:00:00,10,5,5
2020-09-16 15:00:00,6,3,3
2020-09-16 16:00:00,11,6,5
2020-09-16 17:00:00,17,9,8
2020-09-16 18:00:00,18,9,9
2020-09-16 19:00:00,4,1,3
2020-09-16 20:00:00,0,0,0
2020-09-16 21:00:00,0,0,0
2020-09-16 22:00:00,0,0,0
2020-09-16 23:00:00,0,0,0
2020-09-17 00:00:00,0,0,0
2020-09-17 01:00:00,0,0,0
2020-09-17 02:00:00,0,0,0
2020-09-17 03:00:00,0,0,0
2020-09-17 04:00:00,0,0,0
2020-09-17 05:00:00,0,0,0
2020-09-17 06:00:00,7,4,3
2020-09-17 07:00:00,12,4,8
2020-09-17 08:00:00,11,7,4
2020-09-17 09:00:00,12,6,6
2020-09-17 10:00:00,17,7,10
2020-09-17 11:00:00,9,4,5
2020-09-17 12:00:00,4,2,2
2020-09-17 13:00:00,8,5,3
2020-09-17 14:00:00,17,6,11
2020-09-17 15:00:00,19,8,11
2020-09-17 16:00:00,14,6,8
2020-09-17 17:00:00,18,10,8
2020-09-17 18:00:00,10,5,5
2020-09-17 19:00:00,12,5,7
2020-09-17 20:00:00,6,2,4
2020-09-17 21:00:00,1,1,0
2020-09-17 22:00:00,0,0,0
2020-09-17 23:00:00,0,0,0
2020-09-18 00:00:00,0,0,0
2020-09-18 01:00:00,0,0,0
2020-09-18 02:00:00,0,0,0
2020-09-18 03:00:00,0,0,0
2020-09-18 04:00:00,0,0,0
2020-09-18 05:00:00,1,1,0
2020-09-18 06:00:00,7,3,4
2020-09-18 07:00:00,8,4,4
2020-09-18 08:00:00,15,5,10
2020-09-18 09:00:00,10,5,5
2020-09-18 10:00:00,19,11,8
2020-09-18 11:00:00,15,7,8
2020-09-18 12:00:00,9,4,5
2020-09-18 13:00:00,7,3,4
2020-09-18 14:00:00,5,1,4
2020-09-18 15:00:00,9,6,3
2020-09-18 16:00:00,6,2,4
2020-09-18 17:00:00,31,20,11
2020-09-18 18:00:00,28,11,17
2020-09-18 19:00:00,13,7,6
2020-09-18 20:00:00,2,0,2
2020-09-18 21:00:00,0,0,0
2020-09-18 22:00:00,4,2,2
2020-09-18 23:00:00,0,0,0
2020-09-19 00:00:00,0,0,0
2020-09-19 01:00:00,0,0,0
2020-09-19 02:00:00,0,0,0
2020-09-19 03:00:00,0,0,0
2020-09-19 04:00:00,0,0,0
2020-09-19 05:00:00,1,1,0
2020-09-19 06:00:00,3,2,1
2020-09-19 07:00:00,19,12,7
2020-09-19 08:00:00,46,16,30
2020-09-19 09:00:00,59,30,29
2020-09-19 10:00:00,66,37,29
2020-09-19 11:00:00,66,31,35
2020-09-19 12:00:00,48,25,23
2020-09-19 13:00:00,57,24,33
2020-09-19 14:00:00,27,10,17
2020-09-19 15:00:00,42,19,23
2020-09-19 16:00:00,63,30,33
2020-09-19 17:00:00,33,14,19
2020-09-19 18:00:00,12,7,5
2020-09-19 19:00:00,4,1,3
2020-09-19 20:00:00,3,0,3
2020-09-19 21:00:00,2,1,1
2020-09-19 22:00:00,0,0,0
2020-09-19 23:00:00,0,0,0
2020-09-20 00:00:00,0,0,0
2020-09-20 01:00:00,0,0,0
2020-09-20 02:00:00,0,0,0
2020-09-20 03:00:00,0,0,0
2020-09-20 04:00:00,0,0,0
2020-09-20 05:00:00,2,0,2
2020-09-20 06:00:00,7,6,1
2020-09-20 07:00:00,18,11,7
2020-09-20 08:00:00,35,17,18
2020-09-20 09:00:00,53,25,28
2020-09-20 10:00:00,56,25,31
2020-09-20 11:00:00,60,34,26
2020-09-20 12:00:00,48,22,26
2020-09-20 13:00:00,52,27,25
2020-09-20 14:00:00,58,32,26
2020-09-20 15:00:00,76,41,35
2020-09-20 16:00:00,48,20,28
2020-09-20 17:00:00,41,16,25
2020-09-20 18:00:00,38,15,23
2020-09-20 19:00:00,15,3,12
2020-09-20 20:00:00,11,4,7
2020-09-20 21:00:00,1,0,1
2020-09-20 22:00:00,6,3,3
2020-09-20 23:00:00,0,0,0
2020-09-21 00:00:00,0,0,0
2020-09-21 01:00:00,0,0,0
2020-09-21 02:00:00,0,0,0
2020-09-21 03:00:00,0,0,0
2020-09-21 04:00:00,0,0,0
2020-09-21 05:00:00,0,0,0
2020-09-21 06:00:00,14,7,7
2020-09-21 07:00:00,19,8,11
2020-09-21 08:00:00,21,8,13
2020-09-21 09:00:00,37,19,18
2020-09-21 10:00:00,24,10,14
2020-09-21 11:00:00,27,11,16
2020-09-21 12:00:00,30,8,22
2020-09-21 13:00:00,27,15,12
2020-09-21 14:00:00,28,11,17
2020-09-21 15:00:00,28,16,12
2020-09-21 16:00:00,46,21,25
2020-09-21 17:00:00,53,26,27
2020-09-21 18:00:00,72,34,38
2020-09-21 19:00:00,33,15,18
2020-09-21 20:00:00,8,4,4
2020-09-21 21:00:00,3,1,2
2020-09-21 22:00:00,0,0,0
2020-09-21 23:00:00,6,2,4
2020-09-22 00:00:00,0,0,0
2020-09-22 01:00:00,1,1,0
2020-09-22 02:00:00,0,0,0
2020-09-22 03:00:00,0,0,0
2020-09-22 04:00:00,1,1,0
2020-09-22 05:00:00,2,0,2
2020-09-22 06:00:00,18,8,10
2020-09-22 07:00:00,25,12,13
2020-09-22 08:00:00,34,17,17
2020-09-22 09:00:00,40,20,20
2020-09-22 10:00:00,43,18,25
2020-09-22 11:00:00,50,25,25
2020-09-22 12:00:00,39,18,21
2020-09-22 13:00:00,25,12,13
2020-09-22 14:00:00,38,18,20
2020-09-22 15:00:00,43,18,25
2020-09-22 16:00:00,72,39,33
2020-09-22 17:00:00,72,35,37
2020-09-22 18:00:00,65,32,33
2020-09-22 19:00:00,32,12,20
2020-09-22 20:00:00,7,4,3
2020-09-22 21:00:00,4,3,1
2020-09-22 22:00:00,3,2,1
2020-09-22 23:00:00,1,0,1
2020-09-23 00:00:00,0,0,0
2020-09-23 01:00:00,0,0,0
2020-09-23 02:00:00,0,0,0
2020-09-23 03:00:00,0,0,0
2020-09-23 04:00:00,0,0,0
2020-09-23 05:00:00,2,1,1
2020-09-23 06:00:00,5,2,3
2020-09-23 07:00:00,40,21,19
2020-09-23 08:00:00,30,12,18
2020-09-23 09:00:00,35,17,18
2020-09-23 10:00:00,18,10,8
2020-09-23 11:00:00,15,9,6
2020-09-23 12:00:00,15,7,8
2020-09-23 13:00:00,10,4,6
2020-09-23 14:00:00,12,6,6
2020-09-23 15:00:00,22,9,13
2020-09-23 16:00:00,22,12,10
2020-09-23 17:00:00,26,10,16
2020-09-23 18:00:00,28,13,15
2020-09-23 19:00:00,8,2,6
2020-09-23 20:00:00,1,0,1
2020-09-23 21:00:00,8,4,4
2020-09-23 22:00:00,2,0,2
2020-09-23 23:00:00,2,1,1
2020-09-24 00:00:00,0,0,0
2020-09-24 01:00:00,0,0,0
2020-09-24 02:00:00,0,0,0
2020-09-24 03:00:00,0,0,0
2020-09-24 04:00:00,0,0,0
2020-09-24 05:00:00,5,2,3
2020-09-24 06:00:00,6,3,3
2020-09-24 07:00:00,25,14,11
2020-09-24 08:00:00,40,21,19
2020-09-24 09:00:00,24,9,15
2020-09-24 10:00:00,11,4,7
2020-09-24 11:00:00,18,10,8
2020-09-24 12:00:00,26,12,14
2020-09-24 13:00:00,24,11,13
2020-09-24 14:00:00,31,18,13
2020-09-24 15:00:00,46,24,22
2020-09-24 16:00:00,53,21,32
2020-09-24 17:00:00,49,24,25
2020-09-24 18:00:00,44,17,27
2020-09-24 19:00:00,22,7,15
2020-09-24 20:00:00,5,4,1
2020-09-24 21:00:00,3,0,3
2020-09-24 22:00:00,2,1,1
2020-09-24 23:00:00,0,0,0
2020-09-25 00:00:00,0,0,0
2020-09-25 01:00:00,0,0,0
2020-09-25 02:00:00,0,0,0
2020-09-25 03:00:00,0,0,0
2020-09-25 04:00:00,0,0,0
2020-09-25 05:00:00,0,0,0
2020-09-25 06:00:00,3,1,2
2020-09-25 07:00:00,7,3,4
2020-09-25 08:00:00,12,5,7
2020-09-25 09:00:00,4,2,2
2020-09-25 10:00:00,11,6,5
2020-09-25 11:00:00,13,6,7
2020-09-25 12:00:00,24,14,10
2020-09-25 13:00:00,18,10,8
2020-09-25 14:00:00,26,10,16
2020-09-25 15:00:00,37,23,14
2020-09-25 16:00:00,53,23,30
2020-09-25 17:00:00,46,23,23
2020-09-25 18:00:00,33,14,19
2020-09-25 19:00:00,10,2,8
2020-09-25 20:00:00,1,1,0
2020-09-25 21:00:00,1,1,0
2020-09-25 22:00:00,2,2,0
2020-09-25 23:00:00,3,1,2
2020-09-26 00:00:00,0,0,0
2020-09-26 01:00:00,0,0,0
2020-09-26 02:00:00,0,0,0
2020-09-26 03:00:00,0,0,0
2020-09-26 04:00:00,0,0,0
2020-09-26 05:00:00,1,0,1
2020-09-26 06:00:00,5,4,1
2020-09-26 07:00:00,23,10,13
2020-09-26 08:00:00,52,30,22
2020-09-26 09:00:00,65,36,29
2020-09-26 10:00:00,134,60,74
2020-09-26 11:00:00,81,45,36
2020-09-26 12:00:00,50,23,27
2020-09-26 13:00:00,38,18,20
2020-09-26 14:00:00,47,18,29
2020-09-26 15:00:00,30,14,16
2020-09-26 16:00:00,29,15,14
2020-09-26 17:00:00,40,19,21
2020-09-26 18:00:00,37,16,21
2020-09-26 19:00:00,10,3,7
2020-09-26 20:00:00,3,1,2
2020-09-26 21:00:00,0,0,0
2020-09-26 22:00:00,5,3,2
2020-09-26 23:00:00,1,0,1
2020-09-27 00:00:00,0,0,0
2020-09-27 01:00:00,0,0,0
2020-09-27 02:00:00,0,0,0
2020-09-27 03:00:00,0,0,0
2020-09-27 04:00:00,0,0,0
2020-09-27 05:00:00,0,0,0
2020-09-27 06:00:00,2,1,1
2020-09-27 07:00:00,14,7,7
2020-09-27 08:00:00,29,15,14
2020-09-27 09:00:00,62,35,27
2020-09-27 10:00:00,81,45,36
2020-09-27 11:00:00,66,35,31
2020-09-27 12:00:00,67,32,35
2020-09-27 13:00:00,46,21,25
2020-09-27 14:00:00,51,28,23
2020-09-27 15:00:00,44,23,21
2020-09-27 16:00:00,49,24,25
2020-09-27 17:00:00,31,9,22
2020-09-27 18:00:00,37,17,20
2020-09-27 19:00:00,13,3,10
2020-09-27 20:00:00,5,2,3
2020-09-27 21:00:00,1,1,0
2020-09-27 22:00:00,1,1,0
2020-09-27 23:00:00,0,0,0
2020-09-28 00:00:00,0,0,0
2020-09-28 01:00:00,0,0,0
2020-09-28 02:00:00,0,0,0
2020-09-28 03:00:00,0,0,0
2020-09-28 04:00:00,1,1,0
2020-09-28 05:00:00,0,0,0
2020-09-28 06:00:00,13,7,6
2020-09-28 07:00:00,34,19,15
2020-09-28 08:00:00,38,16,22
2020-09-28 09:00:00,33,17,16
2020-09-28 10:00:00,42,20,22
2020-09-28 11:00:00,29,16,13
2020-09-28 12:00:00,55,25,30
2020-09-28 13:00:00,35,16,19
2020-09-28 14:00:00,31,15,16
2020-09-28 15:00:00,42,17,25
2020-09-28 16:00:00,38,17,21
2020-09-28 17:00:00,55,27,28
2020-09-28 18:00:00,59,22,37
2020-09-28 19:00:00,25,7,18
2020-09-28 20:00:00,5,2,3
2020-09-28 21:00:00,4,1,3
2020-09-28 22:00:00,1,1,0
2020-09-28 23:00:00,3,1,2
2020-09-29 00:00:00,4,2,2
2020-09-29 01:00:00,0,0,0
2020-09-29 02:00:00,0,0,0
2020-09-29 03:00:00,0,0,0
2020-09-29 04:00:00,0,0,0
2020-09-29 05:00:00,1,1,0
2020-09-29 06:00:00,8,3,5
2020-09-29 07:00:00,27,13,14
2020-09-29 08:00:00,41,24,17
2020-09-29 09:00:00,45,20,25
2020-09-29 10:00:00,26,13,13
2020-09-29 11:00:00,39,19,20
2020-09-29 12:00:00,36,17,19
2020-09-29 13:00:00,31,20,11
2020-09-29 14:00:00,30,16,14
2020-09-29 15:00:00,42,24,18
2020-09-29 16:00:00,57,29,28
2020-09-29 17:00:00,62,29,33
2020-09-29 18:00:00,30,12,18
2020-09-29 19:00:00,16,5,11
2020-09-29 20:00:00,3,2,1
2020-09-29 21:00:00,1,0,1
2020-09-29 22:00:00,6,3,3
2020-09-29 23:00:00,0,0,0
2020-09-30 00:00:00,0,0,0
2020-09-30 01:00:00,2,1,1
2020-09-30 02:00:00,0,0,0
2020-09-30 03:00:00,0,0,0
2020-09-30 04:00:00,1,1,0
2020-09-30 05:00:00,2,0,2
2020-09-30 06:00:00,6,3,3
2020-09-30 07:00:00,37,18,19
2020-09-30 08:00:00,34,16,18
2020-09-30 09:00:00,42,18,24
2020-09-30 10:00:00,29,16,13
2020-09-30 11:00:00,33,13,20
2020-09-30 12:00:00,35,18,17
2020-09-30 13:00:00,33,16,17
2020-09-30 14:00:00,27,10,17
2020-09-30 15:00:00,38,19,19
2020-09-30 16:00:00,54,26,28
2020-09-30 17:00:00,46,26,20
2020-09-30 18:00:00,55,22,33
2020-09-30 19:00:00,18,6,12
2020-09-30 20:00:00,1,1,0
2020-09-30 21:00:00,3,0,3
2020-09-30 22:00:00,1,0,1
2020-09-30 23:00:00,0,0,0
2020-09-01 00:00:00,0,0,0
2020-09-01 01:00:00,0,0,0
2020-09-01 02:00:00,0,0,0
2020-09-01 03:00:00,0,0,0
2020-09-01 04:00:00,1,0,1
2020-09-01 05:00:00,5,3,2
2020-09-01 06:00:00,22,10,12
2020-09-01 07:00:00,41,19,22
2020-09-01 08:00:00,38,20,18
2020-09-01 09:00:00,45,20,25
2020-09-01 10:00:00,49,22,27
2020-09-01 11:00:00,54,32,22
2020-09-01 12:00:00,51,23,28
2020-09-01 13:00:00,39,14,25
2020-09-01 14:00:00,38,21,17
2020-09-01 15:00:00,34,20,14
2020-09-01 16:00:00,38,19,19
2020-09-01 17:00:00,45,25,20
2020-09-01 18:00:00,33,18,15
2020-09-01 19:00:00,40,18,22
2020-09-01 20:00:00,6,2,4
2020-09-01 21:00:00,4,2,2
2020-09-01 22:00:00,2,2,0
2020-09-01 23:00:00,0,0,0
2020-09-02 00:00:00,0,0,0
2020-09-02 01:00:00,0,0,0
2020-09-02 02:00:00,0,0,0
2020-09-02 03:00:00,1,1,0
2020-09-02 04:00:00,2,1,1
2020-09-02 05:00:00,6,2,4
2020-09-02 06:00:00,33,15,18
2020-09-02 07:00:00,40,20,20
2020-09-02 08:00:00,34,15,19
2020-09-02 09:00:00,40,18,22
2020-09-02 10:00:00,36,18,18
2020-09-02 11:00:00,48,21,27
2020-09-02 12:00:00,50,25,25
2020-09-02 13:00:00,32,11,21
2020-09-02 14:00:00,18,10,8
2020-09-02 15:00:00,33,17,16
2020-09-02 16:00:00,35,21,14
2020-09-02 17:00:00,48,25,23
2020-09-02 18:00:00,47,22,25
2020-09-02 19:00:00,29,16,13
2020-09-02 20:00:00,12,5,7
2020-09-02 21:00:00,4,1,3
2020-09-02 22:00:00,0,0,0
2020-09-02 23:00:00,0,0,0
2020-09-03 00:00:00,0,0,0
2020-09-03 01:00:00,0,0,0
2020-09-03 02:00:00,0,0,0
2020-09-03 03:00:00,0,0,0
2020-09-03 04:00:00,0,0,0
2020-09-03 05:00:00,5,3,2
2020-09-03 06:00:00,14,6,8
2020-09-03 07:00:00,50,25,25
2020-09-03 08:00:00,42,18,24
2020-09-03 09:00:00,50,26,24
2020-09-03 10:00:00,43,18,25
2020-09-03 11:00:00,36,13,23
2020-09-03 12:00:00,30,14,16
2020-09-03 13:00:00,43,16,27
2020-09-03 14:00:00,24,11,13
2020-09-03 15:00:00,27,13,14
2020-09-03 16:00:00,47,26,21
2020-09-03 17:00:00,37,19,18
2020-09-03 18:00:00,54,24,30
2020-09-03 19:00:00,20,8,12
2020-09-03 20:00:00,8,3,5
2020-09-03 21:00:00,2,1,1
2020-09-03 22:00:00,1,1,0
2020-09-03 23:00:00,1,0,1
2020-09-04 00:00:00,2,1,1
2020-09-04 01:00:00,0,0,0
2020-09-04 02:00:00,0,0,0
2020-09-04 03:00:00,0,0,0
2020-09-04 04:00:00,0,0,0
2020-09-04 05:00:00,2,0,2
2020-09-04 06:00:00,14,8,6
2020-09-04 07:00:00,33,16,17
2020-09-04 08:00:00,43,20,23
2020-09-04 09:00:00,45,23,22
2020-09-04 10:00:00,38,18,20
2020-09-04 11:00:00,46,20,26
2020-09-04 12:00:00,29,15,14
2020-09-04 13:00:00,19,10,9
2020-09-04 14:00:00,20,10,10
2020-09-04 15:00:00,37,18,19
2020-09-04 16:00:00,26,12,14
2020-09-04 17:00:00,25,14,11
2020-09-04 18:00:00,26,16,10
2020-09-04 19:00:00,17,9,8
2020-09-04 20:00:00,9,5,4
2020-09-04 21:00:00,2,1,1
2020-09-04 22:00:00,0,0,0
2020-09-04 23:00:00,0,0,0
2020-09-05 00:00:00,0,0,0
2020-09-05 01:00:00,0,0,0
2020-09-05 02:00:00,0,0,0
2020-09-05 03:00:00,0,0,0
2020-09-05 04:00:00,0,0,0
2020-09-05 05:00:00,2,2,0
2020-09-05 06:00:00,7,4,3
2020-09-05 07:00:00,20,11,9
2020-09-05 08:00:00,49,23,26
2020-09-05 09:00:00,57,28,29
2020-09-05 10:00:00,66,28,38
2020-09-05 11:00:00,49,26,23
2020-09-05 12:00:00,44,18,26
2020-09-05 13:00:00,45,20,25
2020-09-05 14:00:00,48,27,21
2020-09-05 15:00:00,28,12,16
2020-09-05 16:00:00,32,14,18
2020-09-05 17:00:00,29,11,18
2020-09-05 18:00:00,29,12,17
2020-09-05 19:00:00,22,14,8
2020-09-05 20:00:00,3,0,3
2020-09-05 21:00:00,3,1,2
2020-09-05 22:00:00,5,2,3
2020-09-05 23:00:00,0,0,0
2020-09-06 00:00:00,0,0,0
2020-09-06 01:00:00,0,0,0
2020-09-06 02:00:00,0,0,0
2020-09-06 03:00:00,0,0,0
2020-09-06 04:00:00,0,0,0
2020-09-06 05:00:00,1,0,1
2020-09-06 06:00:00,6,3,3
2020-09-06 07:00:00,19,11,8
2020-09-06 08:00:00,56,30,26
2020-09-06 09:00:00,46,21,25
2020-09-06 10:00:00,84,42,42
2020-09-06 11:00:00,73,33,40
2020-09-06 12:00:00,69,36,33
2020-09-06 13:00:00,31,12,19
2020-09-06 14:00:00,35,12,23
2020-09-06 15:00:00,38,16,22
2020-09-06 16:00:00,59,25,34
2020-09-06 17:00:00,19,11,8
2020-09-06 18:00:00,37,17,20
2020-09-06 19:00:00,17,10,7
2020-09-06 20:00:00,9,5,4
2020-09-06 21:00:00,4,2,2
2020-09-06 22:00:00,1,0,1
2020-09-06 23:00:00,0,0,0
2020-09-07 00:00:00,0,0,0
2020-09-07 01:00:00,0,0,0
2020-09-07 02:00:00,0,0,0
2020-09-07 03:00:00,0,0,0
2020-09-07 04:00:00,0,0,0
2020-09-07 05:00:00,1,0,1
2020-09-07 06:00:00,4,3,1
2020-09-07 07:00:00,22,9,13
2020-09-07 08:00:00,46,21,25
2020-09-07 09:00:00,50,23,27
2020-09-07 10:00:00,62,29,33
2020-09-07 11:00:00,59,24,35
2020-09-07 12:00:00,56,30,26
2020-09-07 13:00:00,51,21,30
2020-09-07 14:00:00,56,20,36
2020-09-07 15:00:00,30,14,16
2020-09-07 16:00:00,38,18,20
2020-09-07 17:00:00,23,6,17
2020-09-07 18:00:00,21,10,11
2020-09-07 19:00:00,24,10,14
2020-09-07 20:00:00,7,4,3
2020-09-07 21:00:00,1,0,1
2020-09-07 22:00:00,0,0,0
2020-09-07 23:00:00,0,0,0
2020-09-08 00:00:00,0,0,0
2020-09-08 01:00:00,0,0,0
2020-09-08 02:00:00,0,0,0
2020-09-08 03:00:00,0,0,0
2020-09-08 04:00:00,0,0,0
2020-09-08 05:00:00,1,0,1
2020-09-08 06:00:00,11,6,5
2020-09-08 07:00:00,22,13,9
2020-09-08 08:00:00,19,7,12
2020-09-08 09:00:00,14,4,10
2020-09-08 10:00:00,19,10,9
2020-09-08 11:00:00,26,11,15
2020-09-08 12:00:00,19,9,10
2020-09-08 13:00:00,7,2,5
2020-09-08 14:00:00,15,6,9
2020-09-08 15:00:00,12,7,5
2020-09-08 16:00:00,21,11,10
2020-09-08 17:00:00,13,7,6
2020-09-08 18:00:00,21,14,7
2020-09-08 19:00:00,16,5,11
2020-09-08 20:00:00,2,1,1
2020-09-08 21:00:00,3,1,2
2020-09-08 22:00:00,0,0,0
2020-09-08 23:00:00,0,0,0
2020-09-09 00:00:00,0,0,0
2020-09-09 01:00:00,0,0,0
2020-09-09 02:00:00,0,0,0
2020-09-09 03:00:00,1,0,1
2020-09-09 04:00:00,1,1,0
2020-09-09 05:00:00,1,1,0
2020-09-09 06:00:00,18,8,10
2020-09-09 07:00:00,24,9,15
2020-09-09 08:00:00,32,17,15
2020-09-09 09:00:00,32,14,18
2020-09-09 10:00:00,25,12,13
2020-09-09 11:00:00,31,15,16
2020-09-09 12:00:00,18,8,10
2020-09-09 13:00:00,9,3,6
2020-09-09 14:00:00,15,8,7
2020-09-09 15:00:00,9,4,5
2020-09-09 16:00:00,14,8,6
2020-09-09 17:00:00,17,8,9
2020-09-09 18:00:00,25,13,12
2020-09-09 19:00:00,19,9,10
2020-09-09 20:00:00,5,1,4
2020-09-09 21:00:00,7,2,5
2020-09-09 22:00:00,2,1,1
2020-09-09 23:00:00,0,0,0
2020-09-10 00:00:00,0,0,0
2020-09-10 01:00:00,0,0,0
2020-09-10 02:00:00,2,1,1
2020-09-10 03:00:00,1,0,1
2020-09-10 04:00:00,0,0,0
2020-09-10 05:00:00,2,1,1
2020-09-10 06:00:00,16,5,11
2020-09-10 07:00:00,26,14,12
2020-09-10 08:00:00,29,16,13
2020-09-10 09:00:00,28,13,15
2020-09-10 10:00:00,30,12,18
2020-09-10 11:00:00,23,12,11
2020-09-10 12:00:00,22,8,14
2020-09-10 13:00:00,14,6,8
2020-09-10 14:00:00,31,19,12
2020-09-10 15:00:00,12,8,4
2020-09-10 16:00:00,13,7,6
2020-09-10 17:00:00,12,7,5
2020-09-10 18:00:00,26,17,9
2020-09-10 19:00:00,22,14,8
2020-09-10 20:00:00,4,1,3
2020-09-10 21:00:00,2,0,2
2020-09-10 22:00:00,1,0,1
2020-09-10 23:00:00,0,0,0
2020-09-11 00:00:00,0,0,0
2020-09-11 01:00:00,0,0,0
2020-09-11 02:00:00,0,0,0
2020-09-11 03:00:00,0,0,0
2020-09-11 04:00:00,0,0,0
2020-09-11 05:00:00,7,5,2
2020-09-11 06:00:00,10,3,7
2020-09-11 07:00:00,7,4,3
2020-09-11 08:00:00,21,10,11
2020-09-11 09:00:00,18,6,12
2020-09-11 10:00:00,16,6,10
2020-09-11 11:00:00,5,5,0
2020-09-11 12:00:00,10,3,7
2020-09-11 13:00:00,11,8,3
2020-09-11 14:00:00,11,5,6
2020-09-11 15:00:00,5,1,4
2020-09-11 16:00:00,3,2,1
2020-09-11 17:00:00,6,4,2
2020-09-11 18:00:00,7,4,3
2020-09-11 19:00:00,5,3,2
2020-09-11 20:00:00,5,2,3
2020-09-11 21:00:00,0,0,0
2020-09-11 22:00:00,2,1,1
2020-09-11 23:00:00,0,0,0
2020-09-12 00:00:00,0,0,0
2020-09-12 01:00:00,0,0,0
2020-09-12 02:00:00,0,0,0
2020-09-12 03:00:00,0,0,0
2020-09-12 04:00:00,0,0,0
2020-09-12 05:00:00,0,0,0
2020-09-12 06:00:00,0,0,0
2020-09-12 07:00:00,5,3,2
2020-09-12 08:00:00,9,6,3
2020-09-12 09:00:00,11,3,8
2020-09-12 10:00:00,8,3,5
2020-09-12 11:00:00,5,1,4
2020-09-12 12:00:00,7,3,4
2020-09-12 13:00:00,4,2,2
2020-09-12 14:00:00,2,0,2
2020-09-12 15:00:00,6,3,3
2020-09-12 16:00:00,3,1,2
2020-09-12 17:00:00,5,2,3
2020-09-12 18:00:00,2,0,2
2020-09-12 19:00:00,4,2,2
2020-09-12 20:00:00,2,1,1
2020-09-12 21:00:00,1,1,0
2020-09-12 22:00:00,1,0,1
2020-09-12 23:00:00,1,0,1
2020-09-13 00:00:00,0,0,0
2020-09-13 01:00:00,0,0,0
2020-09-13 02:00:00,0,0,0
2020-09-13 03:00:00,0,0,0
2020-09-13 04:00:00,0,0,0
2020-09-13 05:00:00,0,0,0
2020-09-13 06:00:00,2,1,1
2020-09-13 07:00:00,3,2,1
2020-09-13 08:00:00,9,3,6
2020-09-13 09:00:00,5,4,1
2020-09-13 10:00:00,9,4,5
2020-09-13 11:00:00,5,2,3
2020-09-13 12:00:00,6,2,4
2020-09-13 13:00:00,9,6,3
2020-09-13 14:00:00,7,3,4
2020-09-13 15:00:00,13,5,8
2020-09-13 16:00:00,10,4,6
2020-09-13 17:00:00,3,1,2
2020-09-13 18:00:00,10,4,6
2020-09-13 19:00:00,7,4,3
2020-09-13 20:00:00,1,0,1
2020-09-13 21:00:00,2,1,1
2020-09-13 22:00:00,0,0,0
2020-09-13 23:00:00,0,0,0
2020-09-14 00:00:00,0,0,0
2020-09-14 01:00:00,0,0,0
2020-09-14 02:00:00,0,0,0
2020-09-14 03:00:00,0,0,0
2020-09-14 04:00:00,0,0,0
2020-09-14 05:00:00,3,1,2
2020-09-14 06:00:00,2,1,1
2020-09-14 07:00:00,9,3,6
2020-09-14 08:00:00,6,2,4
2020-09-14 09:00:00,8,4,4
2020-09-14 10:00:00,5,2,3
2020-09-14 11:00:00,15,7,8
2020-09-14 12:00:00,7,3,4
2020-09-14 13:00:00,6,2,4
2020-09-14 14:00:00,0,0,0
2020-09-14 15:00:00,3,0,3
2020-09-14 16:00:00,14,7,7
2020-09-14 17:00:00,10,7,3
2020-09-14 18:00:00,18,6,12
2020-09-14 19:00:00,8,5,3
2020-09-14 20:00:00,3,2,1
2020-09-14 21:00:00,0,0,0
2020-09-14 22:00:00,1,1,0
2020-09-14 23:00:00,0,0,0
2020-09-15 00:00:00,0,0,0
2020-09-15 01:00:00,0,0,0
2020-09-15 02:00:00,0,0,0
2020-09-15 03:00:00,0,0,0
2020-09-15 04:00:00,0,0,0
2020-09-15 05:00:00,0,0,0
2020-09-15 06:00:00,4,1,3
2020-09-15 07:00:00,9,5,4
2020-09-15 08:00:00,14,6,8
2020-09-15 09:00:00,10,4,6
2020-09-15 10:00:00,6,2,4
2020-09-15 11:00:00,4,1,3
2020-09-15 12:00:00,6,4,2
2020-09-15 13:00:00,5,2,3
2020-09-15 14:00:00,8,4,4
2020-09-15 15:00:00,12,6,6
2020-09-15 16:00:00,9,5,4
2020-09-15 17:00:00,12,7,5
2020-09-15 18:00:00,10,2,8
2020-09-15 19:00:00,3,1,2
2020-09-15 20:00:00,7,4,3
2020-09-15 21:00:00,0,0,0
2020-09-15 22:00:00,1,1,0
2020-09-15 23:00:00,0,0,0
2020-09-16 00:00:00,0,0,0
2020-09-16 01:00:00,0,0,0
2020-09-16 02:00:00,0,0,0
2020-09-16 03:00:00,0,0,0
2020-09-16 04:00:00,0,0,0
2020-09-16 05:00:00,0,0,0
2020-09-16 06:00:00,8,3,5
2020-09-16 07:00:00,8,5,3
2020-09-16 08:00:00,8,4,4
2020-09-16 09:00:00,9,3,6
2020-09-16 10:00:00,3,1,2
2020-09-16 11:00:00,6,5,1
2020-09-16 12:00:00,6,2,4
2020-09-16 13:00:00,4,3,1
2020-09-16 14:00:00,10,5,5
2020-09-16 15:00:00,6,3,3
2020-09-16 16:00:00,11,6,5
2020-09-16 17:00:00,17,9,8
2020-09-16 18:00:00,18,9,9
2020-09-16 19:00:00,4,1,3
2020-09-16 20:00:00,0,0,0
2020-09-16 21:00:00,0,0,0
2020-09-16 22:00:00,0,0,0
2020-09-16 23:00:00,0,0,0
2020-09-17 00:00:00,0,0,0
2020-09-17 01:00:00,0,0,0
2020-09-17 02:00:00,0,0,0
2020-09-17 03:00:00,0,0,0
2020-09-17 04:00:00,0,0,0
2020-09-17 05:00:00,0,0,0
2020-09-17 06:00:00,7,4,3
2020-09-17 07:00:00,12,4,8
2020-09-17 08:00:00,11,7,4
2020-09-17 09:00:00,12,6,6
2020-09-17 10:00:00,17,7,10
2020-09-17 11:00:00,9,4,5
2020-09-17 12:00:00,4,2,2
2020-09-17 13:00:00,8,5,3
2020-09-17 14:00:00,17,6,11
2020-09-17 15:00:00,19,8,11
2020-09-17 16:00:00,14,6,8
2020-09-17 17:00:00,18,10,8
2020-09-17 18:00:00,10,5,5
2020-09-17 19:00:00,12,5,7
2020-09-17 20:00:00,6,2,4
2020-09-17 21:00:00,1,1,0
2020-09-17 22:00:00,0,0,0
2020-09-17 23:00:00,0,0,0
2020-09-18 00:00:00,0,0,0
2020-09-18 01:00:00,0,0,0
2020-09-18 02:00:00,0,0,0
2020-09-18 03:00:00,0,0,0
2020-09-18 04:00:00,0,0,0
2020-09-18 05:00:00,1,1,0
2020-09-18 06:00:00,7,3,4
2020-09-18 07:00:00,8,4,4
2020-09-18 08:00:00,15,5,10
2020-09-18 09:00:00,10,5,5
2020-09-18 10:00:00,19,11,8
2020-09-18 11:00:00,15,7,8
2020-09-18 12:00:00,9,4,5
2020-09-18 13:00:00,7,3,4
2020-09-18 14:00:00,5,1,4
2020-09-18 15:00:00,9,6,3
2020-09-18 16:00:00,6,2,4
2020-09-18 17:00:00,31,20,11
2020-09-18 18:00:00,28,11,17
2020-09-18 19:00:00,13,7,6
2020-09-18 20:00:00,2,0,2
2020-09-18 21:00:00,0,0,0
2020-09-18 22:00:00,4,2,2
2020-09-18 23:00:00,0,0,0
2020-09-19 00:00:00,0,0,0
2020-09-19 01:00:00,0,0,0
2020-09-19 02:00:00,0,0,0
2020-09-19 03:00:00,0,0,0
2020-09-19 04:00:00,0,0,0
2020-09-19 05:00:00,1,1,0
2020-09-19 06:00:00,3,2,1
2020-09-19 07:00:00,19,12,7
2020-09-19 08:00:00,46,16,30
2020-09-19 09:00:00,59,30,29
2020-09-19 10:00:00,66,37,29
2020-09-19 11:00:00,66,31,35
2020-09-19 12:00:00,48,25,23
2020-09-19 13:00:00,57,24,33
2020-09-19 14:00:00,27,10,17
2020-09-19 15:00:00,42,19,23
2020-09-19 16:00:00,63,30,33
2020-09-19 17:00:00,33,14,19
2020-09-19 18:00:00,12,7,5
2020-09-19 19:00:00,4,1,3
2020-09-19 20:00:00,3,0,3
2020-09-19 21:00:00,2,1,1
2020-09-19 22:00:00,0,0,0
2020-09-19 23:00:00,0,0,0
2020-09-20 00:00:00,0,0,0
2020-09-20 01:00:00,0,0,0
2020-09-20 02:00:00,0,0,0
2020-09-20 03:00:00,0,0,0
2020-09-20 04:00:00,0,0,0
2020-09-20 05:00:00,2,0,2
2020-09-20 06:00:00,7,6,1
2020-09-20 07:00:00,18,11,7
2020-09-20 08:00:00,35,17,18
2020-09-20 09:00:00,53,25,28
2020-09-20 10:00:00,56,25,31
2020-09-20 11:00:00,60,34,26
2020-09-20 12:00:00,48,22,26
2020-09-20 13:00:00,52,27,25
2020-09-20 14:00:00,58,32,26
2020-09-20 15:00:00,76,41,35
2020-09-20 16:00:00,48,20,28
2020-09-20 17:00:00,41,16,25
2020-09-20 18:00:00,38,15,23
2020-09-20 19:00:00,15,3,12
2020-09-20 20:00:00,11,4,7
2020-09-20 21:00:00,1,0,1
2020-09-20 22:00:00,6,3,3
2020-09-20 23:00:00,0,0,0
2020-09-21 00:00:00,0,0,0
2020-09-21 01:00:00,0,0,0
2020-09-21 02:00:00,0,0,0
2020-09-21 03:00:00,0,0,0
2020-09-21 04:00:00,0,0,0
2020-09-21 05:00:00,0,0,0
2020-09-21 06:00:00,14,7,7
2020-09-21 07:00:00,19,8,11
2020-09-21 08:00:00,21,8,13
2020-09-21 09:00:00,37,19,18
2020-09-21 10:00:00,24,10,14
2020-09-21 11:00:00,27,11,16
2020-09-21 12:00:00,30,8,22
2020-09-21 13:00:00,27,15,12
2020-09-21 14:00:00,28,11,17
2020-09-21 15:00:00,28,16,12
2020-09-21 16:00:00,46,21,25
2020-09-21 17:00:00,53,26,27
2020-09-21 18:00:00,72,34,38
2020-09-21 19:00:00,33,15,18
2020-09-21 20:00:00,8,4,4
2020-09-21 21:00:00,3,1,2
2020-09-21 22:00:00,0,0,0
2020-09-21 23:00:00,6,2,4
2020-09-22 00:00:00,0,0,0
2020-09-22 01:00:00,1,1,0
2020-09-22 02:00:00,0,0,0
2020-09-22 03:00:00,0,0,0
2020-09-22 04:00:00,1,1,0
2020-09-22 05:00:00,2,0,2
2020-09-22 06:00:00,18,8,10
2020-09-22 07:00:00,25,12,13
2020-09-22 08:00:00,34,17,17
2020-09-22 09:00:00,40,20,20
2020-09-22 10:00:00,43,18,25
2020-09-22 11:00:00,50,25,25
2020-09-22 12:00:00,39,18,21
2020-09-22 13:00:00,25,12,13
2020-09-22 14:00:00,38,18,20
2020-09-22 15:00:00,43,18,25
2020-09-22 16:00:00,72,39,33
2020-09-22 17:00:00,72,35,37
2020-09-22 18:00:00,65,32,33
2020-09-22 19:00:00,32,12,20
2020-09-22 20:00:00,7,4,3
2020-09-22 21:00:00,4,3,1
2020-09-22 22:00:00,3,2,1
2020-09-22 23:00:00,1,0,1
2020-09-23 00:00:00,0,0,0
2020-09-23 01:00:00,0,0,0
2020-09-23 02:00:00,0,0,0
2020-09-23 03:00:00,0,0,0
2020-09-23 04:00:00,0,0,0
2020-09-23 05:00:00,2,1,1
2020-09-23 06:00:00,5,2,3
2020-09-23 07:00:00,40,21,19
2020-09-23 08:00:00,30,12,18
2020-09-23 09:00:00,35,17,18
2020-09-23 10:00:00,18,10,8
2020-09-23 11:00:00,15,9,6
2020-09-23 12:00:00,15,7,8
2020-09-23 13:00:00,10,4,6
2020-09-23 14:00:00,12,6,6
2020-09-23 15:00:00,22,9,13
2020-09-23 16:00:00,22,12,10
2020-09-23 17:00:00,26,10,16
2020-09-23 18:00:00,28,13,15
2020-09-23 19:00:00,8,2,6
2020-09-23 20:00:00,1,0,1
2020-09-23 21:00:00,8,4,4
2020-09-23 22:00:00,2,0,2
2020-09-23 23:00:00,2,1,1
2020-09-24 00:00:00,0,0,0
2020-09-24 01:00:00,0,0,0
2020-09-24 02:00:00,0,0,0
2020-09-24 03:00:00,0,0,0
2020-09-24 04:00:00,0,0,0
2020-09-24 05:00:00,5,2,3
2020-09-24 06:00:00,6,3,3
2020-09-24 07:00:00,25,14,11
2020-09-24 08:00:00,40,21,19
2020-09-24 09:00:00,24,9,15
2020-09-24 10:00:00,11,4,7
2020-09-24 11:00:00,18,10,8
2020-09-24 12:00:00,26,12,14
2020-09-24 13:00:00,24,11,13
2020-09-24 14:00:00,31,18,13
2020-09-24 15:00:00,46,24,22
2020-09-24 16:00:00,53,21,32
2020-09-24 17:00:00,49,24,25
2020-09-24 18:00:00,44,17,27
2020-09-24 19:00:00,22,7,15
2020-09-24 20:00:00,5,4,1
2020-09-24 21:00:00,3,0,3
2020-09-24 22:00:00,2,1,1
2020-09-24 23:00:00,0,0,0
2020-09-25 00:00:00,0,0,0
2020-09-25 01:00:00,0,0,0
2020-09-25 02:00:00,0,0,0
2020-09-25 03:00:00,0,0,0
2020-09-25 04:00:00,0,0,0
2020-09-25 05:00:00,0,0,0
2020-09-25 06:00:00,3,1,2
2020-09-25 07:00:00,7,3,4
2020-09-25 08:00:00,12,5,7
2020-09-25 09:00:00,4,2,2
2020-09-25 10:00:00,11,6,5
2020-09-25 11:00:00,13,6,7
2020-09-25 12:00:00,24,14,10
2020-09-25 13:00:00,18,10,8
2020-09-25 14:00:00,26,10,16
2020-09-25 15:00:00,37,23,14
2020-09-25 16:00:00,53,23,30
2020-09-25 17:00:00,46,23,23
2020-09-25 18:00:00,33,14,19
2020-09-25 19:00:00,10,2,8
2020-09-25 20:00:00,1,1,0
2020-09-25 21:00:00,1,1,0
2020-09-25 22:00:00,2,2,0
2020-09-25 23:00:00,3,1,2
2020-09-26 00:00:00,0,0,0
2020-09-26 01:00:00,0,0,0
2020-09-26 02:00:00,0,0,0
2020-09-26 03:00:00,0,0,0
2020-09-26 04:00:00,0,0,0
2020-09-26 05:00:00,1,0,1
2020-09-26 06:00:00,5,4,1
2020-09-26 07:00:00,23,10,13
2020-09-26 08:00:00,52,30,22
2020-09-26 09:00:00,65,36,29
2020-09-26 10:00:00,134,60,74
2020-09-26 11:00:00,81,45,36
2020-09-26 12:00:00,50,23,27
2020-09-26 13:00:00,38,18,20
2020-09-26 14:00:00,47,18,29
2020-09-26 15:00:00,30,14,16
2020-09-26 16:00:00,29,15,14
2020-09-26 17:00:00,40,19,21
2020-09-26 18:00:00,37,16,21
2020-09-26 19:00:00,10,3,7
2020-09-26 20:00:00,3,1,2
2020-09-26 21:00:00,0,0,0
2020-09-26 22:00:00,5,3,2
2020-09-26 23:00:00,1,0,1
2020-09-27 00:00:00,0,0,0
2020-09-27 01:00:00,0,0,0
2020-09-27 02:00:00,0,0,0
2020-09-27 03:00:00,0,0,0
2020-09-27 04:00:00,0,0,0
2020-09-27 05:00:00,0,0,0
2020-09-27 06:00:00,2,1,1
2020-09-27 07:00:00,14,7,7
2020-09-27 08:00:00,29,15,14
2020-09-27 09:00:00,62,35,27
2020-09-27 10:00:00,81,45,36
2020-09-27 11:00:00,66,35,31
2020-09-27 12:00:00,67,32,35
2020-09-27 13:00:00,46,21,25
2020-09-27 14:00:00,51,28,23
2020-09-27 15:00:00,44,23,21
2020-09-27 16:00:00,49,24,25
2020-09-27 17:00:00,31,9,22
2020-09-27 18:00:00,37,17,20
2020-09-27 19:00:00,13,3,10
2020-09-27 20:00:00,5,2,3
2020-09-27 21:00:00,1,1,0
2020-09-27 22:00:00,1,1,0
2020-09-27 23:00:00,0,0,0
2020-09-28 00:00:00,0,0,0
2020-09-28 01:00:00,0,0,0
2020-09-28 02:00:00,0,0,0
2020-09-28 03:00:00,0,0,0
2020-09-28 04:00:00,1,1,0
2020-09-28 05:00:00,0,0,0
2020-09-28 06:00:00,13,7,6
2020-09-28 07:00:00,34,19,15
2020-09-28 08:00:00,38,16,22
2020-09-28 09:00:00,33,17,16
2020-09-28 10:00:00,42,20,22
2020-09-28 11:00:00,29,16,13
2020-09-28 12:00:00,55,25,30
2020-09-28 13:00:00,35,16,19
2020-09-28 14:00:00,31,15,16
2020-09-28 15:00:00,42,17,25
2020-09-28 16:00:00,38,17,21
2020-09-28 17:00:00,55,27,28
2020-09-28 18:00:00,59,22,37
2020-09-28 19:00:00,25,7,18
2020-09-28 20:00:00,5,2,3
2020-09-28 21:00:00,4,1,3
2020-09-28 22:00:00,1,1,0
2020-09-28 23:00:00,3,1,2
2020-09-29 00:00:00,4,2,2
2020-09-29 01:00:00,0,0,0
2020-09-29 02:00:00,0,0,0
2020-09-29 03:00:00,0,0,0
2020-09-29 04:00:00,0,0,0
2020-09-29 05:00:00,1,1,0
2020-09-29 06:00:00,8,3,5
2020-09-29 07:00:00,27,13,14
2020-09-29 08:00:00,41,24,17
2020-09-29 09:00:00,45,20,25
2020-09-29 10:00:00,26,13,13
2020-09-29 11:00:00,39,19,20
2020-09-29 12:00:00,36,17,19
2020-09-29 13:00:00,31,20,11
2020-09-29 14:00:00,30,16,14
2020-09-29 15:00:00,42,24,18
2020-09-29 16:00:00,57,29,28
2020-09-29 17:00:00,62,29,33
2020-09-29 18:00:00,30,12,18
2020-09-29 19:00:00,16,5,11
2020-09-29 20:00:00,3,2,1
2020-09-29 21:00:00,1,0,1
2020-09-29 22:00:00,6,3,3
2020-09-29 23:00:00,0,0,0
2020-09-30 00:00:00,0,0,0
2020-09-30 01:00:00,2,1,1
2020-09-30 02:00:00,0,0,0
2020-09-30 03:00:00,0,0,0
2020-09-30 04:00:00,1,1,0
2020-09-30 05:00:00,2,0,2
2020-09-30 06:00:00,6,3,3
2020-09-30 07:00:00,37,18,19
2020-09-30 08:00:00,34,16,18
2020-09-30 09:00:00,42,18,24
2020-09-30 10:00:00,29,16,13
2020-09-30 11:00:00,33,13,20
2020-09-30 12:00:00,35,18,17
2020-09-30 13:00:00,33,16,17
2020-09-30 14:00:00,27,10,17
2020-09-30 15:00:00,38,19,19
2020-09-30 16:00:00,54,26,28
2020-09-30 17:00:00,46,26,20
2020-09-30 18:00:00,55,22,33
2020-09-30 19:00:00,18,6,12
2020-09-30 20:00:00,1,1,0
2020-09-30 21:00:00,3,0,3
2020-09-30 22:00:00,1,0,1
2020-09-30 23:00:00,0,0,0
2020-10-01 00:00:00,0,0,0
2020-10-01 01:00:00,2,1,1
2020-10-01 02:00:00,0,0,0
2020-10-01 03:00:00,0,0,0
2020-10-01 04:00:00,0,0,0
2020-10-01 05:00:00,0,0,0
2020-10-01 06:00:00,13,8,5
2020-10-01 07:00:00,42,21,21
2020-10-01 08:00:00,39,18,21
2020-10-01 09:00:00,35,14,21
2020-10-01 10:00:00,32,14,18
2020-10-01 11:00:00,22,10,12
2020-10-01 12:00:00,30,15,15
2020-10-01 13:00:00,29,11,18
2020-10-01 14:00:00,29,14,15
2020-10-01 15:00:00,32,14,18
2020-10-01 16:00:00,49,22,27
2020-10-01 17:00:00,58,25,33
2020-10-01 18:00:00,51,24,27
2020-10-01 19:00:00,15,6,9
2020-10-01 20:00:00,7,4,3
2020-10-01 21:00:00,4,1,3
2020-10-01 22:00:00,4,2,2
2020-10-01 23:00:00,0,0,0
2020-10-02 00:00:00,0,0,0
2020-10-02 01:00:00,0,0,0
2020-10-02 02:00:00,1,1,0
2020-10-02 03:00:00,0,0,0
2020-10-02 04:00:00,1,0,1
2020-10-02 05:00:00,1,1,0
2020-10-02 06:00:00,13,4,9
2020-10-02 07:00:00,34,15,19
2020-10-02 08:00:00,28,14,14
2020-10-02 09:00:00,28,14,14
2020-10-02 10:00:00,39,13,26
2020-10-02 11:00:00,40,17,23
2020-10-02 12:00:00,36,23,13
2020-10-02 13:00:00,32,14,18
2020-10-02 14:00:00,30,16,14
2020-10-02 15:00:00,34,16,18
2020-10-02 16:00:00,40,22,18
2020-10-02 17:00:00,59,23,36
2020-10-02 18:00:00,39,21,18
2020-10-02 19:00:00,15,7,8
2020-10-02 20:00:00,3,0,3
2020-10-02 21:00:00,1,1,0
2020-10-02 22:00:00,3,2,1
2020-10-02 23:00:00,1,0,1
2020-10-03 00:00:00,0,0,0
2020-10-03 01:00:00,0,0,0
2020-10-03 02:00:00,0,0,0
2020-10-03 03:00:00,0,0,0
2020-10-03 04:00:00,1,1,0
2020-10-03 05:00:00,1,0,1
2020-10-03 06:00:00,3,2,1
2020-10-03 07:00:00,15,8,7
2020-10-03 08:00:00,39,24,15
2020-10-03 09:00:00,52,19,33
2020-10-03 10:00:00,50,20,30
2020-10-03 11:00:00,52,27,25
2020-10-03 12:00:00,56,27,29
2020-10-03 13:00:00,50,20,30
2020-10-03 14:00:00,32,15,17
2020-10-03 15:00:00,31,18,13
2020-10-03 16:00:00,39,16,23
2020-10-03 17:00:00,33,13,20
2020-10-03 18:00:00,22,9,13
2020-10-03 19:00:00,7,4,3
2020-10-03 20:00:00,3,2,1
2020-10-03 21:00:00,1,0,1
2020-10-03 22:00:00,3,2,1
2020-10-03 23:00:00,0,0,0
2020-10-04 00:00:00,0,0,0
2020-10-04 01:00:00,0,0,0
2020-10-04 02:00:00,0,0,0
2020-10-04 03:00:00,0,0,0
2020-10-04 04:00:00,0,0,0
2020-10-04 05:00:00,0,0,0
2020-10-04 06:00:00,2,2,0
2020-10-04 07:00:00,12,7,5
2020-10-04 08:00:00,40,21,19
2020-10-04 09:00:00,55,30,25
2020-10-04 10:00:00,50,23,27
2020-10-04 11:00:00,47,24,23
2020-10-04 12:00:00,35,12,23
2020-10-04 13:00:00,39,21,18
2020-10-04 14:00:00,52,26,26
2020-10-04 15:00:00,50,18,32
2020-10-04 16:00:00,64,38,26
2020-10-04 17:00:00,38,17,21
2020-10-04 18:00:00,26,12,14
2020-10-04 19:00:00,11,4,7
2020-10-04 20:00:00,9,4,5
2020-10-04 21:00:00,2,0,2
2020-10-04 22:00:00,2,1,1
2020-10-04 23:00:00,0,0,0
2020-10-05 00:00:00,0,0,0
2020-10-05 01:00:00,0,0,0
2020-10-05 02:00:00,0,0,0
2020-10-05 03:00:00,0,0,0
2020-10-05 04:00:00,1,1,0
2020-10-05 05:00:00,2,0,2
2020-10-05 06:00:00,9,4,5
2020-10-05 07:00:00,46,22,24
2020-10-05 08:00:00,31,13,18
2020-10-05 09:00:00,36,19,17
2020-10-05 10:00:00,36,17,19
2020-10-05 11:00:00,18,8,10
2020-10-05 12:00:00,23,7,16
2020-10-05 13:00:00,42,24,18
2020-10-05 14:00:00,48,23,25
2020-10-05 15:00:00,33,18,15
2020-10-05 16:00:00,50,20,30
2020-10-05 17:00:00,55,28,27
2020-10-05 18:00:00,47,20,27
2020-10-05 19:00:00,16,5,11
2020-10-05 20:00:00,0,0,0
2020-10-05 21:00:00,3,1,2
2020-10-05 22:00:00,1,1,0
2020-10-05 23:00:00,3,1,2
2020-10-06 00:00:00,1,1,0
2020-10-06 01:00:00,0,0,0
2020-10-06 02:00:00,0,0,0
2020-10-06 03:00:00,0,0,0
2020-10-06 04:00:00,0,0,0
2020-10-06 05:00:00,0,0,0
2020-10-06 06:00:00,13,8,5
2020-10-06 07:00:00,27,12,15
2020-10-06 08:00:00,36,16,20
2020-10-06 09:00:00,28,16,12
2020-10-06 10:00:00,45,22,23
2020-10-06 11:00:00,34,17,17
2020-10-06 12:00:00,37,18,19
2020-10-06 13:00:00,39,19,20
2020-10-06 14:00:00,30,18,12
2020-10-06 15:00:00,35,20,15
2020-10-06 16:00:00,47,21,26
2020-10-06 17:00:00,69,44,25
2020-10-06 18:00:00,57,20,37
2020-10-06 19:00:00,15,5,10
2020-10-06 20:00:00,1,0,1
2020-10-06 21:00:00,2,1,1
2020-10-06 22:00:00,1,1,0
2020-10-06 23:00:00,3,1,2
2020-10-07 00:00:00,0,0,0
2020-10-07 01:00:00,0,0,0
2020-10-07 02:00:00,0,0,0
2020-10-07 03:00:00,0,0,0
2020-10-07 04:00:00,2,1,1
2020-10-07 05:00:00,1,0,1
2020-10-07 06:00:00,10,3,7
2020-10-07 07:00:00,25,16,9
2020-10-07 08:00:00,46,20,26
2020-10-07 09:00:00,34,19,15
2020-10-07 10:00:00,28,15,13
2020-10-07 11:00:00,32,16,16
2020-10-07 12:00:00,31,13,18
2020-10-07 13:00:00,24,9,15
2020-10-07 14:00:00,28,13,15
2020-10-07 15:00:00,35,15,20
2020-10-07 16:00:00,46,25,21
2020-10-07 17:00:00,53,29,24
2020-10-07 18:00:00,48,21,27
2020-10-07 19:00:00,12,2,10
2020-10-07 20:00:00,3,1,2
2020-10-07 21:00:00,3,1,2
2020-10-07 22:00:00,0,0,0
2020-10-07 23:00:00,1,1,0
2020-10-08 00:00:00,0,0,0
2020-10-08 01:00:00,0,0,0
2020-10-08 02:00:00,0,0,0
2020-10-08 03:00:00,0,0,0
2020-10-08 04:00:00,0,0,0
2020-10-08 05:00:00,0,0,0
2020-10-08 06:00:00,11,5,6
2020-10-08 07:00:00,23,11,12
2020-10-08 08:00:00,42,21,21
2020-10-08 09:00:00,27,11,16
2020-10-08 10:00:00,30,14,16
2020-10-08 11:00:00,38,19,19
2020-10-08 12:00:00,31,13,18
2020-10-08 13:00:00,25,14,11
2020-10-08 14:00:00,20,9,11
2020-10-08 15:00:00,42,26,16
2020-10-08 16:00:00,70,30,40
2020-10-08 17:00:00,74,38,36
2020-10-08 18:00:00,44,20,24
2020-10-08 19:00:00,15,6,9
2020-10-08 20:00:00,5,3,2
2020-10-08 21:00:00,5,1,4
2020-10-08 22:00:00,5,2,3
2020-10-08 23:00:00,0,0,0
2020-10-09 00:00:00,0,0,0
2020-10-09 01:00:00,0,0,0
2020-10-09 02:00:00,0,0,0
2020-10-09 03:00:00,0,0,0
2020-10-09 04:00:00,1,0,1
2020-10-09 05:00:00,0,0,0
2020-10-09 06:00:00,11,6,5
2020-10-09 07:00:00,13,6,7
2020-10-09 08:00:00,33,16,17
2020-10-09 09:00:00,37,14,23
2020-10-09 10:00:00,38,18,20
2020-10-09 11:00:00,37,16,21
2020-10-09 12:00:00,27,15,12
2020-10-09 13:00:00,29,16,13
2020-10-09 14:00:00,42,20,22
2020-10-09 15:00:00,26,10,16
2020-10-09 16:00:00,39,23,16
2020-10-09 17:00:00,54,21,33
2020-10-09 18:00:00,36,15,21
2020-10-09 19:00:00,5,2,3
2020-10-09 20:00:00,4,2,2
2020-10-09 21:00:00,0,0,0
2020-10-09 22:00:00,4,2,2
2020-10-09 23:00:00,0,0,0
2020-10-10 00:00:00,0,0,0
2020-10-10 01:00:00,0,0,0
2020-10-10 02:00:00,0,0,0
2020-10-10 03:00:00,0,0,0
2020-10-10 04:00:00,0,0,0
2020-10-10 05:00:00,0,0,0
2020-10-10 06:00:00,2,1,1
2020-10-10 07:00:00,10,6,4
2020-10-10 08:00:00,32,19,13
2020-10-10 09:00:00,48,18,30
2020-10-10 10:00:00,60,28,32
2020-10-10 11:00:00,63,33,30
2020-10-10 12:00:00,50,16,34
2020-10-10 13:00:00,49,23,26
2020-10-10 14:00:00,46,26,20
2020-10-10 15:00:00,52,28,24
2020-10-10 16:00:00,41,23,18
2020-10-10 17:00:00,33,16,17
2020-10-10 18:00:00,32,13,19
2020-10-10 19:00:00,1,0,1
2020-10-10 20:00:00,4,2,2
2020-10-10 21:00:00,0,0,0
2020-10-10 22:00:00,1,1,0
2020-10-10 23:00:00,1,0,1
2020-10-11 00:00:00,0,0,0
2020-10-11 01:00:00,0,0,0
2020-10-11 02:00:00,0,0,0
2020-10-11 03:00:00,0,0,0
2020-10-11 04:00:00,0,0,0
2020-10-11 05:00:00,1,0,1
2020-10-11 06:00:00,3,2,1
2020-10-11 07:00:00,12,8,4
2020-10-11 08:00:00,38,16,22
2020-10-11 09:00:00,73,45,28
2020-10-11 10:00:00,68,27,41
2020-10-11 11:00:00,54,23,31
2020-10-11 12:00:00,21,12,9
2020-10-11 13:00:00,31,20,11
2020-10-11 14:00:00,27,16,11
2020-10-11 15:00:00,13,2,11
2020-10-11 16:00:00,15,10,5
2020-10-11 17:00:00,14,5,9
2020-10-11 18:00:00,4,1,3
2020-10-11 19:00:00,1,0,1
2020-10-11 20:00:00,1,1,0
2020-10-11 21:00:00,0,0,0
2020-10-11 22:00:00,0,0,0
2020-10-11 23:00:00,0,0,0
2020-10-12 00:00:00,0,0,0
2020-10-12 01:00:00,2,1,1
2020-10-12 02:00:00,0,0,0
2020-10-12 03:00:00,0,0,0
2020-10-12 04:00:00,2,1,1
2020-10-12 05:00:00,0,0,0
2020-10-12 06:00:00,11,7,4
2020-10-12 07:00:00,21,9,12
2020-10-12 08:00:00,25,13,12
2020-10-12 09:00:00,29,17,12
2020-10-12 10:00:00,18,7,11
2020-10-12 11:00:00,38,18,20
2020-10-12 12:00:00,35,15,20
2020-10-12 13:00:00,45,25,20
2020-10-12 14:00:00,31,16,15
2020-10-12 15:00:00,34,13,21
2020-10-12 16:00:00,61,33,28
2020-10-12 17:00:00,69,32,37
2020-10-12 18:00:00,46,19,27
2020-10-12 19:00:00,6,3,3
2020-10-12 20:00:00,4,3,1
2020-10-12 21:00:00,0,0,0
2020-10-12 22:00:00,0,0,0
2020-10-12 23:00:00,0,0,0
2020-10-13 00:00:00,0,0,0
2020-10-13 01:00:00,0,0,0
2020-10-13 02:00:00,0,0,0
2020-10-13 03:00:00,0,0,0
2020-10-13 04:00:00,0,0,0
2020-10-13 05:00:00,1,0,1
2020-10-13 06:00:00,8,4,4
2020-10-13 07:00:00,10,5,5
2020-10-13 08:00:00,24,13,11
2020-10-13 09:00:00,22,11,11
2020-10-13 10:00:00,28,12,16
2020-10-13 11:00:00,24,9,15
2020-10-13 12:00:00,26,15,11
2020-10-13 13:00:00,29,13,16
2020-10-13 14:00:00,25,11,14
2020-10-13 15:00:00,28,17,11
2020-10-13 16:00:00,32,21,11
2020-10-13 17:00:00,47,23,24
2020-10-13 18:00:00,39,20,19
2020-10-13 19:00:00,10,4,6
2020-10-13 20:00:00,4,1,3
2020-10-13 21:00:00,1,1,0
2020-10-13 22:00:00,1,0,1
2020-10-13 23:00:00,0,0,0
2020-10-14 00:00:00,0,0,0
2020-10-14 01:00:00,0,0,0
2020-10-14 02:00:00,0,0,0
2020-10-14 03:00:00,0,0,0
2020-10-14 04:00:00,1,1,0
2020-10-14 05:00:00,0,0,0
2020-10-14 06:00:00,5,1,4
2020-10-14 07:00:00,28,11,17
2020-10-14 08:00:00,42,20,22
2020-10-14 09:00:00,32,18,14
2020-10-14 10:00:00,26,10,16
2020-10-14 11:00:00,31,19,12
2020-10-14 12:00:00,35,17,18
2020-10-14 13:00:00,32,13,19
2020-10-14 14:00:00,26,10,16
2020-10-14 15:00:00,40,23,17
2020-10-14 16:00:00,62,27,35
2020-10-14 17:00:00,60,31,29
2020-10-14 18:00:00,36,14,22
2020-10-14 19:00:00,4,1,3
2020-10-14 20:00:00,2,1,1
2020-10-14 21:00:00,1,1,0
2020-10-14 22:00:00,0,0,0
2020-10-14 23:00:00,0,0,0
2020-10-15 00:00:00,0,0,0
2020-10-15 01:00:00,0,0,0
2020-10-15 02:00:00,0,0,0
2020-10-15 03:00:00,0,0,0
2020-10-15 04:00:00,0,0,0
2020-10-15 05:00:00,0,0,0
2020-10-15 06:00:00,9,3,6
2020-10-15 07:00:00,27,15,12
2020-10-15 08:00:00,32,13,19
2020-10-15 09:00:00,35,15,20
2020-10-15 10:00:00,29,15,14
2020-10-15 11:00:00,30,14,16
2020-10-15 12:00:00,42,17,25
2020-10-15 13:00:00,28,16,12
2020-10-15 14:00:00,30,13,17
2020-10-15 15:00:00,31,15,16
2020-10-15 16:00:00,56,28,28
2020-10-15 17:00:00,37,16,21
2020-10-15 18:00:00,29,9,20
2020-10-15 19:00:00,11,4,7
2020-10-15 20:00:00,9,5,4
2020-10-15 21:00:00,1,1,0
2020-10-15 22:00:00,0,0,0
2020-10-15 23:00:00,0,0,0
2020-10-16 00:00:00,0,0,0
2020-10-16 01:00:00,0,0,0
2020-10-16 02:00:00,2,1,1
2020-10-16 03:00:00,0,0,0
2020-10-16 04:00:00,0,0,0
2020-10-16 05:00:00,0,0,0
2020-10-16 06:00:00,14,7,7
2020-10-16 07:00:00,27,15,12
2020-10-16 08:00:00,35,18,17
2020-10-16 09:00:00,27,13,14
2020-10-16 10:00:00,37,18,19
2020-10-16 11:00:00,33,13,20
2020-10-16 12:00:00,24,12,12
2020-10-16 13:00:00,19,7,12
2020-10-16 14:00:00,39,20,19
2020-10-16 15:00:00,24,14,10
2020-10-16 16:00:00,25,11,14
2020-10-16 17:00:00,32,21,11
2020-10-16 18:00:00,17,5,12
2020-10-16 19:00:00,2,1,1
2020-10-16 20:00:00,2,0,2
2020-10-16 21:00:00,2,0,2
2020-10-16 22:00:00,0,0,0
2020-10-16 23:00:00,0,0,0
2020-10-17 00:00:00,0,0,0
2020-10-17 01:00:00,0,0,0
2020-10-17 02:00:00,0,0,0
2020-10-17 03:00:00,0,0,0
2020-10-17 04:00:00,1,1,0
2020-10-17 05:00:00,3,1,2
2020-10-17 06:00:00,1,1,0
2020-10-17 07:00:00,17,9,8
2020-10-17 08:00:00,49,28,21
2020-10-17 09:00:00,54,33,21
2020-10-17 10:00:00,64,31,33
2020-10-17 11:00:00,57,24,33
2020-10-17 12:00:00,37,12,25
2020-10-17 13:00:00,40,19,21
2020-10-17 14:00:00,50,26,24
2020-10-17 15:00:00,64,33,31
2020-10-17 16:00:00,45,16,29
2020-10-17 17:00:00,44,18,26
2020-10-17 18:00:00,21,11,10
2020-10-17 19:00:00,6,0,6
2020-10-17 20:00:00,5,2,3
2020-10-17 21:00:00,3,2,1
2020-10-17 22:00:00,2,1,1
2020-10-17 23:00:00,1,0,1
2020-10-18 00:00:00,0,0,0
2020-10-18 01:00:00,0,0,0
2020-10-18 02:00:00,0,0,0
2020-10-18 03:00:00,0,0,0
2020-10-18 04:00:00,0,0,0
2020-10-18 05:00:00,1,1,0
2020-10-18 06:00:00,3,2,1
2020-10-18 07:00:00,11,7,4
2020-10-18 08:00:00,30,12,18
2020-10-18 09:00:00,40,26,14
2020-10-18 10:00:00,40,21,19
2020-10-18 11:00:00,43,18,25
2020-10-18 12:00:00,44,22,22
2020-10-18 13:00:00,27,12,15
2020-10-18 14:00:00,33,19,14
2020-10-18 15:00:00,44,24,20
2020-10-18 16:00:00,54,22,32
2020-10-18 17:00:00,26,9,17
2020-10-18 18:00:00,16,7,9
2020-10-18 19:00:00,2,0,2
2020-10-18 20:00:00,1,0,1
2020-10-18 21:00:00,1,1,0
2020-10-18 22:00:00,0,0,0
2020-10-18 23:00:00,1,1,0
2014-01-01 00:00:00,2,0,2
2014-01-01 01:00:00,1,1,0
2014-01-01 02:00:00,0,0,0
2014-01-01 03:00:00,0,0,0
2014-01-01 04:00:00,0,0,0
2014-01-01 05:00:00,0,0,0
2014-01-01 06:00:00,1,0,1
2014-01-01 07:00:00,5,2,3
2014-01-01 08:00:00,18,12,6
2014-01-01 09:00:00,19,5,14
2014-01-01 10:00:00,30,14,16
2014-01-01 11:00:00,59,20,39
2014-01-01 12:00:00,67,36,31
2014-01-01 13:00:00,37,21,16
2014-01-01 14:00:00,36,16,20
2014-01-01 15:00:00,42,25,17
2014-01-01 16:00:00,33,18,15
2014-01-01 17:00:00,9,6,3
2014-01-01 18:00:00,2,1,1
2014-01-01 19:00:00,8,5,3
2014-01-01 20:00:00,0,0,0
2014-01-01 21:00:00,2,2,0
2014-01-01 22:00:00,5,3,2
2014-01-01 23:00:00,0,0,0
2014-01-02 00:00:00,0,0,0
2014-01-02 01:00:00,0,0,0
2014-01-02 02:00:00,0,0,0
2014-01-02 03:00:00,0,0,0
2014-01-02 04:00:00,0,0,0
2014-01-02 05:00:00,1,1,0
2014-01-02 06:00:00,2,2,0
2014-01-02 07:00:00,4,4,0
2014-01-02 08:00:00,5,5,0
2014-01-02 09:00:00,14,14,0
2014-01-02 10:00:00,9,9,0
2014-01-02 11:00:00,9,9,0
2014-01-02 12:00:00,9,9,0
2014-01-02 13:00:00,25,11,14
2014-01-02 14:00:00,21,12,9
2014-01-02 15:00:00,37,16,21
2014-01-02 16:00:00,29,15,14
2014-01-02 17:00:00,5,2,3
2014-01-02 18:00:00,4,2,2
2014-01-02 19:00:00,1,1,0
2014-01-02 20:00:00,0,0,0
2014-01-02 21:00:00,2,1,1
2014-01-02 22:00:00,1,1,0
2014-01-02 23:00:00,0,0,0
2014-01-03 00:00:00,0,0,0
2014-01-03 01:00:00,0,0,0
2014-01-03 02:00:00,0,0,0
2014-01-03 03:00:00,2,1,1
2014-01-03 04:00:00,0,0,0
2014-01-03 05:00:00,1,1,0
2014-01-03 06:00:00,4,3,1
2014-01-03 07:00:00,8,1,7
2014-01-03 08:00:00,15,6,9
2014-01-03 09:00:00,14,9,5
2014-01-03 10:00:00,25,12,13
2014-01-03 11:00:00,30,16,14
2014-01-03 12:00:00,29,15,14
2014-01-03 13:00:00,28,15,13
2014-01-03 14:00:00,30,18,12
2014-01-03 15:00:00,33,15,18
2014-01-03 16:00:00,44,23,21
2014-01-03 17:00:00,15,5,10
2014-01-03 18:00:00,8,6,2
2014-01-03 19:00:00,1,1,0
2014-01-03 20:00:00,5,0,5
2014-01-03 21:00:00,2,1,1
2014-01-03 22:00:00,0,0,0
2014-01-03 23:00:00,0,0,0
2014-01-04 00:00:00,0,0,0
2014-01-04 01:00:00,0,0,0
2014-01-04 02:00:00,0,0,0
2014-01-04 03:00:00,0,0,0
2014-01-04 04:00:00,0,0,0
2014-01-04 05:00:00,2,1,1
2014-01-04 06:00:00,5,2,3
2014-01-04 07:00:00,8,4,4
2014-01-04 08:00:00,23,10,13
2014-01-04 09:00:00,43,22,21
2014-01-04 10:00:00,43,24,19
2014-01-04 11:00:00,55,26,29
2014-01-04 12:00:00,32,18,14
2014-01-04 13:00:00,38,16,22
2014-01-04 14:00:00,58,29,29
2014-01-04 15:00:00,59,30,29
2014-01-04 16:00:00,42,27,15
2014-01-04 17:00:00,7,5,2
2014-01-04 18:00:00,3,2,1
2014-01-04 19:00:00,2,1,1
2014-01-04 20:00:00,2,1,1
2014-01-04 21:00:00,1,0,1
2014-01-04 22:00:00,3,2,1
2014-01-04 23:00:00,2,1,1
2014-01-05 00:00:00,0,0,0
2014-01-05 01:00:00,0,0,0
2014-01-05 02:00:00,0,0,0
2014-01-05 03:00:00,0,0,0
2014-01-05 04:00:00,0,0,0
2014-01-05 05:00:00,0,0,0
2014-01-05 06:00:00,0,0,0
2014-01-05 07:00:00,12,2,10
2014-01-05 08:00:00,16,9,7
2014-01-05 09:00:00,34,13,21
2014-01-05 10:00:00,34,18,16
2014-01-05 11:00:00,31,12,19
2014-01-05 12:00:00,35,16,19
2014-01-05 13:00:00,50,29,21
2014-01-05 14:00:00,58,31,27
2014-01-05 15:00:00,50,24,26
2014-01-05 16:00:00,38,24,14
2014-01-05 17:00:00,8,6,2
2014-01-05 18:00:00,2,2,0
2014-01-05 19:00:00,1,0,1
2014-01-05 20:00:00,4,2,2
2014-01-05 21:00:00,2,0,2
2014-01-05 22:00:00,0,0,0
2014-01-05 23:00:00,0,0,0
2014-01-06 00:00:00,0,0,0
2014-01-06 01:00:00,0,0,0
2014-01-06 02:00:00,0,0,0
2014-01-06 03:00:00,0,0,0
2014-01-06 04:00:00,0,0,0
2014-01-06 05:00:00,0,0,0
2014-01-06 06:00:00,10,5,5
2014-01-06 07:00:00,8,5,3
2014-01-06 08:00:00,13,8,5
2014-01-06 09:00:00,15,7,8
2014-01-06 10:00:00,33,18,15
2014-01-06 11:00:00,21,11,10
2014-01-06 12:00:00,24,12,12
2014-01-06 13:00:00,20,11,9
2014-01-06 14:00:00,13,8,5
2014-01-06 15:00:00,26,10,16
2014-01-06 16:00:00,32,15,17
2014-01-06 17:00:00,10,6,4
2014-01-06 18:00:00,5,1,4
2014-01-06 19:00:00,0,0,0
2014-01-06 20:00:00,0,0,0
2014-01-06 21:00:00,0,0,0
2014-01-06 22:00:00,0,0,0
2014-01-06 23:00:00,1,0,1
2014-01-07 00:00:00,2,2,0
2014-01-07 01:00:00,0,0,0
2014-01-07 02:00:00,0,0,0
2014-01-07 03:00:00,0,0,0
2014-01-07 04:00:00,0,0,0
2014-01-07 05:00:00,1,0,1
2014-01-07 06:00:00,3,2,1
2014-01-07 07:00:00,17,11,6
2014-01-07 08:00:00,14,8,6
2014-01-07 09:00:00,19,9,10
2014-01-07 10:00:00,13,7,6
2014-01-07 11:00:00,14,8,6
2014-01-07 12:00:00,11,6,5
2014-01-07 13:00:00,6,3,3
2014-01-07 14:00:00,7,5,2
2014-01-07 15:00:00,9,4,5
2014-01-07 16:00:00,16,6,10
2014-01-07 17:00:00,11,5,6
2014-01-07 18:00:00,7,4,3
2014-01-07 19:00:00,0,0,0
2014-01-07 20:00:00,2,1,1
2014-01-07 21:00:00,0,0,0
2014-01-07 22:00:00,2,2,0
2014-01-07 23:00:00,0,0,0
2014-01-08 00:00:00,0,0,0
2014-01-08 01:00:00,0,0,0
2014-01-08 02:00:00,0,0,0
2014-01-08 03:00:00,0,0,0
2014-01-08 04:00:00,0,0,0
2014-01-08 05:00:00,2,1,1
2014-01-08 06:00:00,22,10,12
2014-01-08 07:00:00,4,2,2
2014-01-08 08:00:00,21,11,10
2014-01-08 09:00:00,23,12,11
2014-01-08 10:00:00,16,8,8
2014-01-08 11:00:00,14,6,8
2014-01-08 12:00:00,12,7,5
2014-01-08 13:00:00,10,4,6
2014-01-08 14:00:00,9,4,5
2014-01-08 15:00:00,18,8,10
2014-01-08 16:00:00,18,10,8
2014-01-08 17:00:00,7,4,3
2014-01-08 18:00:00,2,0,2
2014-01-08 19:00:00,4,3,1
2014-01-08 20:00:00,1,0,1
2014-01-08 21:00:00,2,1,1
2014-01-08 22:00:00,4,4,0
2014-01-08 23:00:00,3,2,1
2014-01-09 00:00:00,0,0,0
2014-01-09 01:00:00,0,0,0
2014-01-09 02:00:00,0,0,0
2014-01-09 03:00:00,0,0,0
2014-01-09 04:00:00,0,0,0
2014-01-09 05:00:00,3,2,1
2014-01-09 06:00:00,8,5,3
2014-01-09 07:00:00,11,4,7
2014-01-09 08:00:00,16,6,10
2014-01-09 09:00:00,18,6,12
2014-01-09 10:00:00,32,18,14
2014-01-09 11:00:00,20,10,10
2014-01-09 12:00:00,12,6,6
2014-01-09 13:00:00,7,3,4
2014-01-09 14:00:00,15,7,8
2014-01-09 15:00:00,19,10,9
2014-01-09 16:00:00,18,9,9
2014-01-09 17:00:00,8,3,5
2014-01-09 18:00:00,9,5,4
2014-01-09 19:00:00,1,0,1
2014-01-09 20:00:00,2,1,1
2014-01-09 21:00:00,2,1,1
2014-01-09 22:00:00,1,1,0
2014-01-09 23:00:00,0,0,0
2014-01-10 00:00:00,0,0,0
2014-01-10 01:00:00,0,0,0
2014-01-10 02:00:00,0,0,0
2014-01-10 03:00:00,0,0,0
2014-01-10 04:00:00,0,0,0
2014-01-10 05:00:00,2,2,0
2014-01-10 06:00:00,12,7,5
2014-01-10 07:00:00,7,5,2
2014-01-10 08:00:00,12,6,6
2014-01-10 09:00:00,82,37,45
2014-01-10 10:00:00,32,17,15
2014-01-10 11:00:00,28,18,10
2014-01-10 12:00:00,25,14,11
2014-01-10 13:00:00,26,11,15
2014-01-10 14:00:00,18,11,7
2014-01-10 15:00:00,15,7,8
2014-01-10 16:00:00,21,12,9
2014-01-10 17:00:00,9,2,7
2014-01-10 18:00:00,2,1,1
2014-01-10 19:00:00,5,2,3
2014-01-10 20:00:00,0,0,0
2014-01-10 21:00:00,1,0,1
2014-01-10 22:00:00,1,1,0
2014-01-10 23:00:00,1,1,0
2014-01-11 00:00:00,0,0,0
2014-01-11 01:00:00,0,0,0
2014-01-11 02:00:00,0,0,0
2014-01-11 03:00:00,0,0,0
2014-01-11 04:00:00,0,0,0
2014-01-11 05:00:00,0,0,0
2014-01-11 06:00:00,0,0,0
2014-01-11 07:00:00,4,2,2
2014-01-11 08:00:00,30,9,21
2014-01-11 09:00:00,43,24,19
2014-01-11 10:00:00,44,17,27
2014-01-11 11:00:00,34,24,10
2014-01-11 12:00:00,10,4,6
2014-01-11 13:00:00,14,7,7
2014-01-11 14:00:00,14,9,5
2014-01-11 15:00:00,13,7,6
2014-01-11 16:00:00,7,4,3
2014-01-11 17:00:00,7,4,3
2014-01-11 18:00:00,2,1,1
2014-01-11 19:00:00,4,2,2
2014-01-11 20:00:00,6,2,4
2014-01-11 21:00:00,1,1,0
2014-01-11 22:00:00,1,1,0
2014-01-11 23:00:00,0,0,0
2014-01-12 00:00:00,0,0,0
2014-01-12 01:00:00,0,0,0
2014-01-12 02:00:00,0,0,0
2014-01-12 03:00:00,0,0,0
2014-01-12 04:00:00,0,0,0
2014-01-12 05:00:00,0,0,0
2014-01-12 06:00:00,3,1,2
2014-01-12 07:00:00,5,2,3
2014-01-12 08:00:00,12,5,7
2014-01-12 09:00:00,53,27,26
2014-01-12 10:00:00,34,17,17
2014-01-12 11:00:00,51,26,25
2014-01-12 12:00:00,23,12,11
2014-01-12 13:00:00,35,16,19
2014-01-12 14:00:00,36,14,22
2014-01-12 15:00:00,35,21,14
2014-01-12 16:00:00,36,21,15
2014-01-12 17:00:00,13,8,5
2014-01-12 18:00:00,2,1,1
2014-01-12 19:00:00,3,3,0
2014-01-12 20:00:00,4,3,1
2014-01-12 21:00:00,1,0,1
2014-01-12 22:00:00,1,1,0
2014-01-12 23:00:00,0,0,0
2014-01-13 00:00:00,0,0,0
2014-01-13 01:00:00,0,0,0
2014-01-13 02:00:00,1,0,1
2014-01-13 03:00:00,0,0,0
2014-01-13 04:00:00,0,0,0
2014-01-13 05:00:00,0,0,0
2014-01-13 06:00:00,6,4,2
2014-01-13 07:00:00,11,4,7
2014-01-13 08:00:00,11,6,5
2014-01-13 09:00:00,21,11,10
2014-01-13 10:00:00,29,17,12
2014-01-13 11:00:00,17,7,10
2014-01-13 12:00:00,17,10,7
2014-01-13 13:00:00,33,15,18
2014-01-13 14:00:00,21,11,10
2014-01-13 15:00:00,22,13,9
2014-01-13 16:00:00,22,10,12
2014-01-13 17:00:00,19,9,10
2014-01-13 18:00:00,12,7,5
2014-01-13 19:00:00,4,2,2
2014-01-13 20:00:00,1,0,1
2014-01-13 21:00:00,1,1,0
2014-01-13 22:00:00,3,2,1
2014-01-13 23:00:00,1,1,0
2014-01-14 00:00:00,0,0,0
2014-01-14 01:00:00,0,0,0
2014-01-14 02:00:00,0,0,0
2014-01-14 03:00:00,0,0,0
2014-01-14 04:00:00,0,0,0
2014-01-14 05:00:00,0,0,0
2014-01-14 06:00:00,13,7,6
2014-01-14 07:00:00,35,17,18
2014-01-14 08:00:00,99,50,49
2014-01-14 09:00:00,97,49,48
2014-01-14 10:00:00,122,60,62
2014-01-14 11:00:00,37,23,14
2014-01-14 12:00:00,28,14,14
2014-01-14 13:00:00,19,10,9
2014-01-14 14:00:00,10,5,5
2014-01-14 15:00:00,32,13,19
2014-01-14 16:00:00,54,31,23
2014-01-14 17:00:00,27,11,16
2014-01-14 18:00:00,7,5,2
2014-01-14 19:00:00,5,3,2
2014-01-14 20:00:00,1,0,1
2014-01-14 21:00:00,2,1,1
2014-01-14 22:00:00,0,0,0
2014-01-14 23:00:00,0,0,0
2014-01-15 00:00:00,0,0,0
2014-01-15 01:00:00,0,0,0
2014-01-15 02:00:00,0,0,0
2014-01-15 03:00:00,0,0,0
2014-01-15 04:00:00,0,0,0
2014-01-15 05:00:00,1,0,1
2014-01-15 06:00:00,10,5,5
2014-01-15 07:00:00,13,9,4
2014-01-15 08:00:00,14,8,6
2014-01-15 09:00:00,18,11,7
2014-01-15 10:00:00,21,6,15
2014-01-15 11:00:00,34,15,19
2014-01-15 12:00:00,38,24,14
2014-01-15 13:00:00,28,15,13
2014-01-15 14:00:00,9,3,6
2014-01-15 15:00:00,25,15,10
2014-01-15 16:00:00,26,16,10
2014-01-15 17:00:00,16,8,8
2014-01-15 18:00:00,12,5,7
2014-01-15 19:00:00,6,3,3
2014-01-15 20:00:00,3,2,1
2014-01-15 21:00:00,3,1,2
2014-01-15 22:00:00,3,2,1
2014-01-15 23:00:00,0,0,0
2014-01-16 00:00:00,0,0,0
2014-01-16 01:00:00,0,0,0
2014-01-16 02:00:00,0,0,0
2014-01-16 03:00:00,0,0,0
2014-01-16 04:00:00,0,0,0
2014-01-16 05:00:00,3,1,2
2014-01-16 06:00:00,11,8,3
2014-01-16 07:00:00,13,9,4
2014-01-16 08:00:00,18,8,10
2014-01-16 09:00:00,19,10,9
2014-01-16 10:00:00,16,11,5
2014-01-16 11:00:00,23,9,14
2014-01-16 12:00:00,19,11,8
2014-01-16 13:00:00,16,8,8
2014-01-16 14:00:00,17,9,8
2014-01-16 15:00:00,31,19,12
2014-01-16 16:00:00,31,14,17
2014-01-16 17:00:00,17,8,9
2014-01-16 18:00:00,3,2,1
2014-01-16 19:00:00,1,0,1
2014-01-16 20:00:00,1,1,0
2014-01-16 21:00:00,3,1,2
2014-01-16 22:00:00,0,0,0
2014-01-16 23:00:00,1,1,0
2014-01-17 00:00:00,0,0,0
2014-01-17 01:00:00,0,0,0
2014-01-17 02:00:00,0,0,0
2014-01-17 03:00:00,0,0,0
2014-01-17 04:00:00,0,0,0
2014-01-17 05:00:00,1,0,1
2014-01-17 06:00:00,11,8,3
2014-01-17 07:00:00,19,7,12
2014-01-17 08:00:00,16,9,7
2014-01-17 09:00:00,23,9,14
2014-01-17 10:00:00,15,11,4
2014-01-17 11:00:00,10,4,6
2014-01-17 12:00:00,19,9,10
2014-01-17 13:00:00,28,14,14
2014-01-17 14:00:00,26,15,11
2014-01-17 15:00:00,22,10,12
2014-01-17 16:00:00,32,15,17
2014-01-17 17:00:00,13,6,7
2014-01-17 18:00:00,5,2,3
2014-01-17 19:00:00,0,0,0
2014-01-17 20:00:00,0,0,0
2014-01-17 21:00:00,0,0,0
2014-01-17 22:00:00,2,1,1
2014-01-17 23:00:00,0,0,0
2014-01-18 00:00:00,0,0,0
2014-01-18 01:00:00,0,0,0
2014-01-18 02:00:00,0,0,0
2014-01-18 03:00:00,0,0,0
2014-01-18 04:00:00,0,0,0
2014-01-18 05:00:00,1,1,0
2014-01-18 06:00:00,4,1,3
2014-01-18 07:00:00,10,0,10
2014-01-18 08:00:00,37,20,17
2014-01-18 09:00:00,34,17,17
2014-01-18 10:00:00,52,28,24
2014-01-18 11:00:00,50,23,27
2014-01-18 12:00:00,45,19,26
2014-01-18 13:00:00,40,22,18
2014-01-18 14:00:00,43,22,21
2014-01-18 15:00:00,60,34,26
2014-01-18 16:00:00,49,29,20
2014-01-18 17:00:00,10,5,5
2014-01-18 18:00:00,2,1,1
2014-01-18 19:00:00,1,1,0
2014-01-18 20:00:00,0,0,0
2014-01-18 21:00:00,2,0,2
2014-01-18 22:00:00,5,4,1
2014-01-18 23:00:00,0,0,0
2014-01-19 00:00:00,0,0,0
2014-01-19 01:00:00,0,0,0
2014-01-19 02:00:00,0,0,0
2014-01-19 03:00:00,0,0,0
2014-01-19 04:00:00,0,0,0
2014-01-19 05:00:00,0,0,0
2014-01-19 06:00:00,1,0,1
2014-01-19 07:00:00,8,4,4
2014-01-19 08:00:00,27,13,14
2014-01-19 09:00:00,55,24,31
2014-01-19 10:00:00,70,39,31
2014-01-19 11:00:00,52,28,24
2014-01-19 12:00:00,34,15,19
2014-01-19 13:00:00,38,19,19
2014-01-19 14:00:00,26,12,14
2014-01-19 15:00:00,17,11,6
2014-01-19 16:00:00,24,12,12
2014-01-19 17:00:00,6,4,2
2014-01-19 18:00:00,0,0,0
2014-01-19 19:00:00,0,0,0
2014-01-19 20:00:00,4,1,3
2014-01-19 21:00:00,3,3,0
2014-01-19 22:00:00,2,0,2
2014-01-19 23:00:00,2,2,0
2014-01-20 00:00:00,0,0,0
2014-01-20 01:00:00,0,0,0
2014-01-20 02:00:00,0,0,0
2014-01-20 03:00:00,0,0,0
2014-01-20 04:00:00,0,0,0
2014-01-20 05:00:00,0,0,0
2014-01-20 06:00:00,5,3,2
2014-01-20 07:00:00,9,4,5
2014-01-20 08:00:00,20,10,10
2014-01-20 09:00:00,30,13,17
2014-01-20 10:00:00,38,25,13
2014-01-20 11:00:00,47,25,22
2014-01-20 12:00:00,44,22,22
2014-01-20 13:00:00,33,12,21
2014-01-20 14:00:00,33,18,15
2014-01-20 15:00:00,39,19,20
2014-01-20 16:00:00,48,26,22
2014-01-20 17:00:00,20,13,7
2014-01-20 18:00:00,2,2,0
2014-01-20 19:00:00,0,0,0
2014-01-20 20:00:00,0,0,0
2014-01-20 21:00:00,2,1,1
2014-01-20 22:00:00,2,1,1
2014-01-20 23:00:00,0,0,0
2014-01-21 00:00:00,0,0,0
2014-01-21 01:00:00,0,0,0
2014-01-21 02:00:00,0,0,0
2014-01-21 03:00:00,0,0,0
2014-01-21 04:00:00,0,0,0
2014-01-21 05:00:00,0,0,0
2014-01-21 06:00:00,7,3,4
2014-01-21 07:00:00,13,7,6
2014-01-21 08:00:00,15,5,10
2014-01-21 09:00:00,19,9,10
2014-01-21 10:00:00,23,14,9
2014-01-21 11:00:00,13,8,5
2014-01-21 12:00:00,23,12,11
2014-01-21 13:00:00,16,10,6
2014-01-21 14:00:00,19,5,14
2014-01-21 15:00:00,20,14,6
2014-01-21 16:00:00,30,14,16
2014-01-21 17:00:00,10,2,8
2014-01-21 18:00:00,6,5,1
2014-01-21 19:00:00,7,3,4
2014-01-21 20:00:00,12,4,8
2014-01-21 21:00:00,2,1,1
2014-01-21 22:00:00,0,0,0
2014-01-21 23:00:00,0,0,0
2014-01-22 00:00:00,0,0,0
2014-01-22 01:00:00,0,0,0
2014-01-22 02:00:00,0,0,0
2014-01-22 03:00:00,0,0,0
2014-01-22 04:00:00,0,0,0
2014-01-22 05:00:00,0,0,0
2014-01-22 06:00:00,8,4,4
2014-01-22 07:00:00,9,7,2
2014-01-22 08:00:00,14,7,7
2014-01-22 09:00:00,29,16,13
2014-01-22 10:00:00,23,9,14
2014-01-22 11:00:00,22,13,9
2014-01-22 12:00:00,26,17,9
2014-01-22 13:00:00,13,6,7
2014-01-22 14:00:00,14,7,7
2014-01-22 15:00:00,18,9,9
2014-01-22 16:00:00,39,17,22
2014-01-22 17:00:00,24,11,13
2014-01-22 18:00:00,7,4,3
2014-01-22 19:00:00,3,3,0
2014-01-22 20:00:00,3,2,1
2014-01-22 21:00:00,3,2,1
2014-01-22 22:00:00,3,2,1
2014-01-22 23:00:00,0,0,0
2014-01-23 00:00:00,0,0,0
2014-01-23 01:00:00,0,0,0
2014-01-23 02:00:00,0,0,0
2014-01-23 03:00:00,0,0,0
2014-01-23 04:00:00,0,0,0
2014-01-23 05:00:00,0,0,0
2014-01-23 06:00:00,6,2,4
2014-01-23 07:00:00,11,8,3
2014-01-23 08:00:00,16,9,7
2014-01-23 09:00:00,18,8,10
2014-01-23 10:00:00,31,18,13
2014-01-23 11:00:00,22,14,8
2014-01-23 12:00:00,21,9,12
2014-01-23 13:00:00,23,13,10
2014-01-23 14:00:00,28,14,14
2014-01-23 15:00:00,43,22,21
2014-01-23 16:00:00,27,14,13
2014-01-23 17:00:00,28,15,13
2014-01-23 18:00:00,4,2,2
2014-01-23 19:00:00,3,0,3
2014-01-23 20:00:00,3,2,1
2014-01-23 21:00:00,3,2,1
2014-01-23 22:00:00,0,0,0
2014-01-23 23:00:00,1,0,1
2014-01-24 00:00:00,1,1,0
2014-01-24 01:00:00,0,0,0
2014-01-24 02:00:00,0,0,0
2014-01-24 03:00:00,0,0,0
2014-01-24 04:00:00,0,0,0
2014-01-24 05:00:00,0,0,0
2014-01-24 06:00:00,5,2,3
2014-01-24 07:00:00,20,9,11
2014-01-24 08:00:00,11,6,5
2014-01-24 09:00:00,15,8,7
2014-01-24 10:00:00,33,15,18
2014-01-24 11:00:00,30,17,13
2014-01-24 12:00:00,14,6,8
2014-01-24 13:00:00,37,17,20
2014-01-24 14:00:00,23,14,9
2014-01-24 15:00:00,24,11,13
2014-01-24 16:00:00,27,9,18
2014-01-24 17:00:00,23,12,11
2014-01-24 18:00:00,7,3,4
2014-01-24 19:00:00,5,2,3
2014-01-24 20:00:00,1,0,1
2014-01-24 21:00:00,2,2,0
2014-01-24 22:00:00,0,0,0
2014-01-24 23:00:00,0,0,0
2014-01-25 00:00:00,0,0,0
2014-01-25 01:00:00,0,0,0
2014-01-25 02:00:00,0,0,0
2014-01-25 03:00:00,0,0,0
2014-01-25 04:00:00,0,0,0
2014-01-25 05:00:00,0,0,0
2014-01-25 06:00:00,1,0,1
2014-01-25 07:00:00,15,4,11
2014-01-25 08:00:00,33,19,14
2014-01-25 09:00:00,36,15,21
2014-01-25 10:00:00,44,23,21
2014-01-25 11:00:00,46,20,26
2014-01-25 12:00:00,51,30,21
2014-01-25 13:00:00,39,21,18
2014-01-25 14:00:00,36,19,17
2014-01-25 15:00:00,56,22,34
2014-01-25 16:00:00,38,19,19
2014-01-25 17:00:00,16,10,6
2014-01-25 18:00:00,2,1,1
2014-01-25 19:00:00,2,2,0
2014-01-25 20:00:00,0,0,0
2014-01-25 21:00:00,2,0,2
2014-01-25 22:00:00,1,1,0
2014-01-25 23:00:00,0,0,0
2014-01-26 00:00:00,0,0,0
2014-01-26 01:00:00,0,0,0
2014-01-26 02:00:00,0,0,0
2014-01-26 03:00:00,0,0,0
2014-01-26 04:00:00,0,0,0
2014-01-26 05:00:00,1,0,1
2014-01-26 06:00:00,4,2,2
2014-01-26 07:00:00,4,2,2
2014-01-26 08:00:00,29,11,18
2014-01-26 09:00:00,37,21,16
2014-01-26 10:00:00,40,18,22
2014-01-26 11:00:00,63,36,27
2014-01-26 12:00:00,53,24,29
2014-01-26 13:00:00,41,24,17
2014-01-26 14:00:00,87,48,39
2014-01-26 15:00:00,55,28,27
2014-01-26 16:00:00,43,24,19
2014-01-26 17:00:00,16,10,6
2014-01-26 18:00:00,4,2,2
2014-01-26 19:00:00,3,2,1
2014-01-26 20:00:00,4,3,1
2014-01-26 21:00:00,2,1,1
2014-01-26 22:00:00,1,1,0
2014-01-26 23:00:00,0,0,0
2014-01-27 00:00:00,0,0,0
2014-01-27 01:00:00,0,0,0
2014-01-27 02:00:00,1,1,0
2014-01-27 03:00:00,0,0,0
2014-01-27 04:00:00,1,1,0
2014-01-27 05:00:00,0,0,0
2014-01-27 06:00:00,8,6,2
2014-01-27 07:00:00,7,3,4
2014-01-27 08:00:00,13,8,5
2014-01-27 09:00:00,18,10,8
2014-01-27 10:00:00,19,12,7
2014-01-27 11:00:00,15,8,7
2014-01-27 12:00:00,18,11,7
2014-01-27 13:00:00,18,7,11
2014-01-27 14:00:00,20,11,9
2014-01-27 15:00:00,18,11,7
2014-01-27 16:00:00,21,10,11
2014-01-27 17:00:00,15,7,8
2014-01-27 18:00:00,4,1,3
2014-01-27 19:00:00,2,0,2
2014-01-27 20:00:00,4,1,3
2014-01-27 21:00:00,3,2,1
2014-01-27 22:00:00,0,0,0
2014-01-27 23:00:00,0,0,0
2014-01-28 00:00:00,0,0,0
2014-01-28 01:00:00,0,0,0
2014-01-28 02:00:00,0,0,0
2014-01-28 03:00:00,0,0,0
2014-01-28 04:00:00,0,0,0
2014-01-28 05:00:00,0,0,0
2014-01-28 06:00:00,5,2,3
2014-01-28 07:00:00,16,11,5
2014-01-28 08:00:00,23,12,11
2014-01-28 09:00:00,16,6,10
2014-01-28 10:00:00,21,11,10
2014-01-28 11:00:00,14,8,6
2014-01-28 12:00:00,22,12,10
2014-01-28 13:00:00,10,7,3
2014-01-28 14:00:00,16,11,5
2014-01-28 15:00:00,18,10,8
2014-01-28 16:00:00,32,14,18
2014-01-28 17:00:00,21,9,12
2014-01-28 18:00:00,11,5,6
2014-01-28 19:00:00,2,1,1
2014-01-28 20:00:00,2,1,1
2014-01-28 21:00:00,0,0,0
2014-01-28 22:00:00,0,0,0
2014-01-28 23:00:00,0,0,0
2014-01-29 00:00:00,0,0,0
2014-01-29 01:00:00,0,0,0
2014-01-29 02:00:00,0,0,0
2014-01-29 03:00:00,0,0,0
2014-01-29 04:00:00,0,0,0
2014-01-29 05:00:00,0,0,0
2014-01-29 06:00:00,6,3,3
2014-01-29 07:00:00,8,5,3
2014-01-29 08:00:00,18,11,7
2014-01-29 09:00:00,15,9,6
2014-01-29 10:00:00,16,6,10
2014-01-29 11:00:00,19,10,9
2014-01-29 12:00:00,11,7,4
2014-01-29 13:00:00,5,3,2
2014-01-29 14:00:00,6,2,4
2014-01-29 15:00:00,15,7,8
2014-01-29 16:00:00,13,7,6
2014-01-29 17:00:00,9,4,5
2014-01-29 18:00:00,6,3,3
2014-01-29 19:00:00,6,3,3
2014-01-29 20:00:00,3,1,2
2014-01-29 21:00:00,2,2,0
2014-01-29 22:00:00,3,2,1
2014-01-29 23:00:00,0,0,0
2014-01-30 00:00:00,0,0,0
2014-01-30 01:00:00,0,0,0
2014-01-30 02:00:00,0,0,0
2014-01-30 03:00:00,0,0,0
2014-01-30 04:00:00,0,0,0
2014-01-30 05:00:00,2,1,1
2014-01-30 06:00:00,3,2,1
2014-01-30 07:00:00,15,6,9
2014-01-30 08:00:00,15,8,7
2014-01-30 09:00:00,18,10,8
2014-01-30 10:00:00,24,9,15
2014-01-30 11:00:00,13,9,4
2014-01-30 12:00:00,17,8,9
2014-01-30 13:00:00,14,6,8
2014-01-30 14:00:00,19,12,7
2014-01-30 15:00:00,22,13,9
2014-01-30 16:00:00,23,10,13
2014-01-30 17:00:00,16,10,6
2014-01-30 18:00:00,5,2,3
2014-01-30 19:00:00,3,0,3
2014-01-30 20:00:00,0,0,0
2014-01-30 21:00:00,2,1,1
2014-01-30 22:00:00,1,0,1
2014-01-30 23:00:00,1,1,0
2014-01-31 00:00:00,0,0,0
2014-01-31 01:00:00,0,0,0
2014-01-31 02:00:00,0,0,0
2014-01-31 03:00:00,0,0,0
2014-01-31 04:00:00,1,1,0
2014-01-31 05:00:00,0,0,0
2014-01-31 06:00:00,7,3,4
2014-01-31 07:00:00,8,4,4
2014-01-31 08:00:00,18,11,7
2014-01-31 09:00:00,13,6,7
2014-01-31 10:00:00,17,10,7
2014-01-31 11:00:00,19,10,9
2014-01-31 12:00:00,10,8,2
2014-01-31 13:00:00,15,9,6
2014-01-31 14:00:00,23,11,12
2014-01-31 15:00:00,23,12,11
2014-01-31 16:00:00,23,13,10
2014-01-31 17:00:00,22,11,11
2014-01-31 18:00:00,10,2,8
2014-01-31 19:00:00,6,2,4
2014-01-31 20:00:00,5,0,5
2014-01-31 21:00:00,2,2,0
2014-01-31 22:00:00,0,0,0
2014-01-31 23:00:00,0,0,0
2014-02-01 00:00:00,0,0,0
2014-02-01 01:00:00,0,0,0
2014-02-01 02:00:00,0,0,0
2014-02-01 03:00:00,0,0,0
2014-02-01 04:00:00,0,0,0
2014-02-01 05:00:00,0,0,0
2014-02-01 06:00:00,2,1,1
2014-02-01 07:00:00,7,3,4
2014-02-01 08:00:00,39,15,24
2014-02-01 09:00:00,47,30,17
2014-02-01 10:00:00,76,39,37
2014-02-01 11:00:00,46,22,24
2014-02-01 12:00:00,52,21,31
2014-02-01 13:00:00,41,24,17
2014-02-01 14:00:00,30,12,18
2014-02-01 15:00:00,39,18,21
2014-02-01 16:00:00,33,19,14
2014-02-01 17:00:00,22,12,10
2014-02-01 18:00:00,9,5,4
2014-02-01 19:00:00,4,3,1
2014-02-01 20:00:00,1,0,1
2014-02-01 21:00:00,0,0,0
2014-02-01 22:00:00,1,0,1
2014-02-01 23:00:00,2,1,1
2014-02-02 00:00:00,0,0,0
2014-02-02 01:00:00,0,0,0
2014-02-02 02:00:00,0,0,0
2014-02-02 03:00:00,0,0,0
2014-02-02 04:00:00,0,0,0
2014-02-02 05:00:00,0,0,0
2014-02-02 06:00:00,0,0,0
2014-02-02 07:00:00,4,0,4
2014-02-02 08:00:00,23,12,11
2014-02-02 09:00:00,65,43,22
2014-02-02 10:00:00,73,43,30
2014-02-02 11:00:00,99,45,54
2014-02-02 12:00:00,73,39,34
2014-02-02 13:00:00,54,30,24
2014-02-02 14:00:00,51,23,28
2014-02-02 15:00:00,24,17,7
2014-02-02 16:00:00,11,8,3
2014-02-02 17:00:00,7,2,5
2014-02-02 18:00:00,2,1,1
2014-02-02 19:00:00,0,0,0
2014-02-02 20:00:00,0,0,0
2014-02-02 21:00:00,2,1,1
2014-02-02 22:00:00,2,2,0
2014-02-02 23:00:00,0,0,0
2014-02-03 00:00:00,0,0,0
2014-02-03 01:00:00,0,0,0
2014-02-03 02:00:00,0,0,0
2014-02-03 03:00:00,0,0,0
2014-02-03 04:00:00,0,0,0
2014-02-03 05:00:00,0,0,0
2014-02-03 06:00:00,10,4,6
2014-02-03 07:00:00,10,6,4
2014-02-03 08:00:00,9,5,4
2014-02-03 09:00:00,15,8,7
2014-02-03 10:00:00,18,8,10
2014-02-03 11:00:00,24,12,12
2014-02-03 12:00:00,29,16,13
2014-02-03 13:00:00,19,7,12
2014-02-03 14:00:00,8,4,4
2014-02-03 15:00:00,28,14,14
2014-02-03 16:00:00,27,14,13
2014-02-03 17:00:00,14,9,5
2014-02-03 18:00:00,9,3,6
2014-02-03 19:00:00,7,2,5
2014-02-03 20:00:00,4,2,2
2014-02-03 21:00:00,1,0,1
2014-02-03 22:00:00,1,0,1
2014-02-03 23:00:00,1,1,0
2014-02-04 00:00:00,0,0,0
2014-02-04 01:00:00,0,0,0
2014-02-04 02:00:00,0,0,0
2014-02-04 03:00:00,0,0,0
2014-02-04 04:00:00,0,0,0
2014-02-04 05:00:00,2,0,2
2014-02-04 06:00:00,8,4,4
2014-02-04 07:00:00,7,4,3
2014-02-04 08:00:00,19,10,9
2014-02-04 09:00:00,13,5,8
2014-02-04 10:00:00,12,7,5
2014-02-04 11:00:00,10,6,4
2014-02-04 12:00:00,11,5,6
2014-02-04 13:00:00,31,16,15
2014-02-04 14:00:00,14,7,7
2014-02-04 15:00:00,27,14,13
2014-02-04 16:00:00,36,15,21
2014-02-04 17:00:00,22,13,9
2014-02-04 18:00:00,3,2,1
2014-02-04 19:00:00,6,3,3
2014-02-04 20:00:00,3,1,2
2014-02-04 21:00:00,1,1,0
2014-02-04 22:00:00,1,0,1
2014-02-04 23:00:00,3,2,1
2014-02-05 00:00:00,0,0,0
2014-02-05 01:00:00,0,0,0
2014-02-05 02:00:00,0,0,0
2014-02-05 03:00:00,0,0,0
2014-02-05 04:00:00,0,0,0
2014-02-05 05:00:00,12,0,12
2014-02-05 06:00:00,22,18,4
2014-02-05 07:00:00,8,6,2
2014-02-05 08:00:00,11,4,7
2014-02-05 09:00:00,17,10,7
2014-02-05 10:00:00,16,11,5
2014-02-05 11:00:00,4,3,1
2014-02-05 12:00:00,11,6,5
2014-02-05 13:00:00,8,4,4
2014-02-05 14:00:00,18,10,8
2014-02-05 15:00:00,18,8,10
2014-02-05 16:00:00,23,12,11
2014-02-05 17:00:00,13,9,4
2014-02-05 18:00:00,7,1,6
2014-02-05 19:00:00,2,1,1
2014-02-05 20:00:00,4,2,2
2014-02-05 21:00:00,2,2,0
2014-02-05 22:00:00,2,1,1
2014-02-05 23:00:00,0,0,0
2014-02-06 00:00:00,0,0,0
2014-02-06 01:00:00,0,0,0
2014-02-06 02:00:00,0,0,0
2014-02-06 03:00:00,1,1,0
2014-02-06 04:00:00,0,0,0
2014-02-06 05:00:00,0,0,0
2014-02-06 06:00:00,6,2,4
2014-02-06 07:00:00,13,6,7
2014-02-06 08:00:00,14,7,7
2014-02-06 09:00:00,19,11,8
2014-02-06 10:00:00,8,1,7
2014-02-06 11:00:00,14,9,5
2014-02-06 12:00:00,12,6,6
2014-02-06 13:00:00,10,3,7
2014-02-06 14:00:00,12,5,7
2014-02-06 15:00:00,9,5,4
2014-02-06 16:00:00,27,13,14
2014-02-06 17:00:00,9,6,3
2014-02-06 18:00:00,1,0,1
2014-02-06 19:00:00,9,3,6
2014-02-06 20:00:00,2,1,1
2014-02-06 21:00:00,0,0,0
2014-02-06 22:00:00,0,0,0
2014-02-06 23:00:00,0,0,0
2014-02-07 00:00:00,0,0,0
2014-02-07 01:00:00,0,0,0
2014-02-07 02:00:00,0,0,0
2014-02-07 03:00:00,0,0,0
2014-02-07 04:00:00,0,0,0
2014-02-07 05:00:00,0,0,0
2014-02-07 06:00:00,9,5,4
2014-02-07 07:00:00,9,6,3
2014-02-07 08:00:00,12,7,5
2014-02-07 09:00:00,9,7,2
2014-02-07 10:00:00,11,6,5
2014-02-07 11:00:00,27,13,14
2014-02-07 12:00:00,17,11,6
2014-02-07 13:00:00,14,7,7
2014-02-07 14:00:00,19,10,9
2014-02-07 15:00:00,19,8,11
2014-02-07 16:00:00,21,9,12
2014-02-07 17:00:00,10,4,6
2014-02-07 18:00:00,1,1,0
2014-02-07 19:00:00,2,2,0
2014-02-07 20:00:00,5,2,3
2014-02-07 21:00:00,0,0,0
2014-02-07 22:00:00,1,0,1
2014-02-07 23:00:00,0,0,0
2014-02-08 00:00:00,0,0,0
2014-02-08 01:00:00,0,0,0
2014-02-08 02:00:00,0,0,0
2014-02-08 03:00:00,0,0,0
2014-02-08 04:00:00,0,0,0
2014-02-08 05:00:00,3,1,2
2014-02-08 06:00:00,1,1,0
2014-02-08 07:00:00,9,3,6
2014-02-08 08:00:00,20,11,9
2014-02-08 09:00:00,54,28,26
2014-02-08 10:00:00,41,20,21
2014-02-08 11:00:00,64,31,33
2014-02-08 12:00:00,41,21,20
2014-02-08 13:00:00,38,19,19
2014-02-08 14:00:00,31,17,14
2014-02-08 15:00:00,37,15,22
2014-02-08 16:00:00,30,16,14
2014-02-08 17:00:00,17,12,5
2014-02-08 18:00:00,4,3,1
2014-02-08 19:00:00,6,3,3
2014-02-08 20:00:00,3,1,2
2014-02-08 21:00:00,9,4,5
2014-02-08 22:00:00,0,0,0
2014-02-08 23:00:00,0,0,0
2014-02-09 00:00:00,2,0,2
2014-02-09 01:00:00,0,0,0
2014-02-09 02:00:00,0,0,0
2014-02-09 03:00:00,1,1,0
2014-02-09 04:00:00,0,0,0
2014-02-09 05:00:00,0,0,0
2014-02-09 06:00:00,1,1,0
2014-02-09 07:00:00,4,2,2
2014-02-09 08:00:00,12,6,6
2014-02-09 09:00:00,25,11,14
2014-02-09 10:00:00,31,15,16
2014-02-09 11:00:00,31,11,20
2014-02-09 12:00:00,25,14,11
2014-02-09 13:00:00,13,9,4
2014-02-09 14:00:00,26,9,17
2014-02-09 15:00:00,33,20,13
2014-02-09 16:00:00,24,12,12
2014-02-09 17:00:00,11,6,5
2014-02-09 18:00:00,6,3,3
2014-02-09 19:00:00,6,3,3
2014-02-09 20:00:00,1,1,0
2014-02-09 21:00:00,0,0,0
2014-02-09 22:00:00,0,0,0
2014-02-09 23:00:00,0,0,0
2014-02-10 00:00:00,0,0,0
2014-02-10 01:00:00,0,0,0
2014-02-10 02:00:00,0,0,0
2014-02-10 03:00:00,0,0,0
2014-02-10 04:00:00,0,0,0
2014-02-10 05:00:00,0,0,0
2014-02-10 06:00:00,2,1,1
2014-02-10 07:00:00,7,3,4
2014-02-10 08:00:00,13,8,5
2014-02-10 09:00:00,9,5,4
2014-02-10 10:00:00,5,3,2
2014-02-10 11:00:00,13,8,5
2014-02-10 12:00:00,21,7,14
2014-02-10 13:00:00,16,10,6
2014-02-10 14:00:00,10,4,6
2014-02-10 15:00:00,24,9,15
2014-02-10 16:00:00,30,13,17
2014-02-10 17:00:00,13,8,5
2014-02-10 18:00:00,6,2,4
2014-02-10 19:00:00,4,1,3
2014-02-10 20:00:00,1,0,1
2014-02-10 21:00:00,0,0,0
2014-02-10 22:00:00,0,0,0
2014-02-10 23:00:00,0,0,0
2014-02-11 00:00:00,0,0,0
2014-02-11 01:00:00,0,0,0
2014-02-11 02:00:00,0,0,0
2014-02-11 03:00:00,0,0,0
2014-02-11 04:00:00,0,0,0
2014-02-11 05:00:00,4,3,1
2014-02-11 06:00:00,11,7,4
2014-02-11 07:00:00,17,10,7
2014-02-11 08:00:00,22,12,10
2014-02-11 09:00:00,20,11,9
2014-02-11 10:00:00,24,12,12
2014-02-11 11:00:00,30,21,9
2014-02-11 12:00:00,23,11,12
2014-02-11 13:00:00,21,14,7
2014-02-11 14:00:00,18,7,11
2014-02-11 15:00:00,14,7,7
2014-02-11 16:00:00,24,10,14
2014-02-11 17:00:00,13,6,7
2014-02-11 18:00:00,6,4,2
2014-02-11 19:00:00,2,1,1
2014-02-11 20:00:00,1,1,0
2014-02-11 21:00:00,2,1,1
2014-02-11 22:00:00,0,0,0
2014-02-11 23:00:00,0,0,0
2014-02-12 00:00:00,0,0,0
2014-02-12 01:00:00,0,0,0
2014-02-12 02:00:00,0,0,0
2014-02-12 03:00:00,0,0,0
2014-02-12 04:00:00,1,1,0
2014-02-12 05:00:00,0,0,0
2014-02-12 06:00:00,13,6,7
2014-02-12 07:00:00,10,5,5
2014-02-12 08:00:00,20,14,6
2014-02-12 09:00:00,17,10,7
2014-02-12 10:00:00,16,10,6
2014-02-12 11:00:00,28,12,16
2014-02-12 12:00:00,24,11,13
2014-02-12 13:00:00,19,13,6
2014-02-12 14:00:00,22,11,11
2014-02-12 15:00:00,21,12,9
2014-02-12 16:00:00,28,11,17
2014-02-12 17:00:00,21,12,9
2014-02-12 18:00:00,10,4,6
2014-02-12 19:00:00,9,5,4
2014-02-12 20:00:00,7,3,4
2014-02-12 21:00:00,2,0,2
2014-02-12 22:00:00,3,2,1
2014-02-12 23:00:00,0,0,0
2014-02-13 00:00:00,0,0,0
2014-02-13 01:00:00,0,0,0
2014-02-13 02:00:00,0,0,0
2014-02-13 03:00:00,0,0,0
2014-02-13 04:00:00,0,0,0
2014-02-13 05:00:00,5,3,2
2014-02-13 06:00:00,3,1,2
2014-02-13 07:00:00,19,11,8
2014-02-13 08:00:00,20,12,8
2014-02-13 09:00:00,27,11,16
2014-02-13 10:00:00,25,13,12
2014-02-13 11:00:00,32,17,15
2014-02-13 12:00:00,24,12,12
2014-02-13 13:00:00,24,14,10
2014-02-13 14:00:00,24,11,13
2014-02-13 15:00:00,30,18,12
2014-02-13 16:00:00,37,16,21
2014-02-13 17:00:00,28,14,14
2014-02-13 18:00:00,10,4,6
2014-02-13 19:00:00,8,4,4
2014-02-13 20:00:00,3,1,2
2014-02-13 21:00:00,8,7,1
2014-02-13 22:00:00,0,0,0
2014-02-13 23:00:00,0,0,0
2014-02-14 00:00:00,0,0,0
2014-02-14 01:00:00,0,0,0
2014-02-14 02:00:00,0,0,0
2014-02-14 03:00:00,0,0,0
2014-02-14 04:00:00,0,0,0
2014-02-14 05:00:00,0,0,0
2014-02-14 06:00:00,8,3,5
2014-02-14 07:00:00,17,9,8
2014-02-14 08:00:00,15,7,8
2014-02-14 09:00:00,9,5,4
2014-02-14 10:00:00,10,5,5
2014-02-14 11:00:00,12,6,6
2014-02-14 12:00:00,19,10,9
2014-02-14 13:00:00,26,14,12
2014-02-14 14:00:00,20,11,9
2014-02-14 15:00:00,19,10,9
2014-02-14 16:00:00,23,8,15
2014-02-14 17:00:00,22,10,12
2014-02-14 18:00:00,4,1,3
2014-02-14 19:00:00,2,1,1
2014-02-14 20:00:00,1,0,1
2014-02-14 21:00:00,2,1,1
2014-02-14 22:00:00,0,0,0
2014-02-14 23:00:00,2,1,1
2014-02-15 00:00:00,1,0,1
2014-02-15 01:00:00,1,1,0
2014-02-15 02:00:00,0,0,0
2014-02-15 03:00:00,0,0,0
2014-02-15 04:00:00,0,0,0
2014-02-15 05:00:00,0,0,0
2014-02-15 06:00:00,4,1,3
2014-02-15 07:00:00,12,5,7
2014-02-15 08:00:00,41,17,24
2014-02-15 09:00:00,65,31,34
2014-02-15 10:00:00,74,38,36
2014-02-15 11:00:00,50,25,25
2014-02-15 12:00:00,39,16,23
2014-02-15 13:00:00,11,9,2
2014-02-15 14:00:00,3,1,2
2014-02-15 15:00:00,18,9,9
2014-02-15 16:00:00,16,9,7
2014-02-15 17:00:00,17,6,11
2014-02-15 18:00:00,2,1,1
2014-02-15 19:00:00,3,1,2
2014-02-15 20:00:00,1,1,0
2014-02-15 21:00:00,0,0,0
2014-02-15 22:00:00,0,0,0
2014-02-15 23:00:00,3,3,0
2014-02-16 00:00:00,0,0,0
2014-02-16 01:00:00,0,0,0
2014-02-16 02:00:00,0,0,0
2014-02-16 03:00:00,0,0,0
2014-02-16 04:00:00,0,0,0
2014-02-16 05:00:00,1,1,0
2014-02-16 06:00:00,0,0,0
2014-02-16 07:00:00,9,3,6
2014-02-16 08:00:00,25,14,11
2014-02-16 09:00:00,40,14,26
2014-02-16 10:00:00,56,24,32
2014-02-16 11:00:00,42,27,15
2014-02-16 12:00:00,25,15,10
2014-02-16 13:00:00,20,11,9
2014-02-16 14:00:00,28,17,11
2014-02-16 15:00:00,20,7,13
2014-02-16 16:00:00,22,13,9
2014-02-16 17:00:00,5,4,1
2014-02-16 18:00:00,0,0,0
2014-02-16 19:00:00,0,0,0
2014-02-16 20:00:00,0,0,0
2014-02-16 21:00:00,0,0,0
2014-02-16 22:00:00,0,0,0
2014-02-16 23:00:00,0,0,0
2014-02-17 00:00:00,0,0,0
2014-02-17 01:00:00,0,0,0
2014-02-17 02:00:00,0,0,0
2014-02-17 03:00:00,0,0,0
2014-02-17 04:00:00,1,1,0
2014-02-17 05:00:00,0,0,0
2014-02-17 06:00:00,4,3,1
2014-02-17 07:00:00,3,1,2
2014-02-17 08:00:00,24,13,11
2014-02-17 09:00:00,34,16,18
2014-02-17 10:00:00,20,10,10
2014-02-17 11:00:00,28,13,15
2014-02-17 12:00:00,26,11,15
2014-02-17 13:00:00,30,18,12
2014-02-17 14:00:00,18,8,10
2014-02-17 15:00:00,27,13,14
2014-02-17 16:00:00,41,19,22
2014-02-17 17:00:00,17,9,8
2014-02-17 18:00:00,21,14,7
2014-02-17 19:00:00,1,1,0
2014-02-17 20:00:00,0,0,0
2014-02-17 21:00:00,1,0,1
2014-02-17 22:00:00,3,2,1
2014-02-17 23:00:00,1,1,0
2014-02-18 00:00:00,0,0,0
2014-02-18 01:00:00,0,0,0
2014-02-18 02:00:00,0,0,0
2014-02-18 03:00:00,0,0,0
2014-02-18 04:00:00,0,0,0
2014-02-18 05:00:00,0,0,0
2014-02-18 06:00:00,2,1,1
2014-02-18 07:00:00,11,4,7
2014-02-18 08:00:00,20,10,10
2014-02-18 09:00:00,8,7,1
2014-02-18 10:00:00,3,2,1
2014-02-18 11:00:00,9,5,4
2014-02-18 12:00:00,7,3,4
2014-02-18 13:00:00,3,2,1
2014-02-18 14:00:00,6,5,1
2014-02-18 15:00:00,10,6,4
2014-02-18 16:00:00,34,15,19
2014-02-18 17:00:00,16,8,8
2014-02-18 18:00:00,14,7,7
2014-02-18 19:00:00,4,3,1
2014-02-18 20:00:00,0,0,0
2014-02-18 21:00:00,2,2,0
2014-02-18 22:00:00,2,1,1
2014-02-18 23:00:00,0,0,0
2014-02-19 00:00:00,0,0,0
2014-02-19 01:00:00,0,0,0
2014-02-19 02:00:00,0,0,0
2014-02-19 03:00:00,0,0,0
2014-02-19 04:00:00,0,0,0
2014-02-19 05:00:00,0,0,0
2014-02-19 06:00:00,15,8,7
2014-02-19 07:00:00,11,3,8
2014-02-19 08:00:00,28,16,12
2014-02-19 09:00:00,17,10,7
2014-02-19 10:00:00,27,13,14
2014-02-19 11:00:00,23,9,14
2014-02-19 12:00:00,17,12,5
2014-02-19 13:00:00,16,9,7
2014-02-19 14:00:00,27,15,12
2014-02-19 15:00:00,27,8,19
2014-02-19 16:00:00,36,15,21
2014-02-19 17:00:00,41,27,14
2014-02-19 18:00:00,11,6,5
2014-02-19 19:00:00,6,3,3
2014-02-19 20:00:00,1,0,1
2014-02-19 21:00:00,3,2,1
2014-02-19 22:00:00,2,1,1
2014-02-19 23:00:00,0,0,0
2014-02-20 00:00:00,0,0,0
2014-02-20 01:00:00,0,0,0
2014-02-20 02:00:00,0,0,0
2014-02-20 03:00:00,1,1,0
2014-02-20 04:00:00,0,0,0
2014-02-20 05:00:00,3,1,2
2014-02-20 06:00:00,4,2,2
2014-02-20 07:00:00,13,5,8
2014-02-20 08:00:00,27,15,12
2014-02-20 09:00:00,15,7,8
2014-02-20 10:00:00,21,6,15
2014-02-20 11:00:00,27,17,10
2014-02-20 12:00:00,22,14,8
2014-02-20 13:00:00,16,7,9
2014-02-20 14:00:00,25,13,12
2014-02-20 15:00:00,27,13,14
2014-02-20 16:00:00,18,7,11
2014-02-20 17:00:00,23,10,13
2014-02-20 18:00:00,10,5,5
2014-02-20 19:00:00,4,3,1
2014-02-20 20:00:00,2,1,1
2014-02-20 21:00:00,1,1,0
2014-02-20 22:00:00,0,0,0
2014-02-20 23:00:00,0,0,0
2014-02-21 00:00:00,0,0,0
2014-02-21 01:00:00,0,0,0
2014-02-21 02:00:00,0,0,0
2014-02-21 03:00:00,0,0,0
2014-02-21 04:00:00,0,0,0
2014-02-21 05:00:00,0,0,0
2014-02-21 06:00:00,4,2,2
2014-02-21 07:00:00,16,9,7
2014-02-21 08:00:00,16,8,8
2014-02-21 09:00:00,10,6,4
2014-02-21 10:00:00,13,4,9
2014-02-21 11:00:00,17,10,7
2014-02-21 12:00:00,18,9,9
2014-02-21 13:00:00,18,10,8
2014-02-21 14:00:00,12,5,7
2014-02-21 15:00:00,11,5,6
2014-02-21 16:00:00,18,7,11
2014-02-21 17:00:00,24,12,12
2014-02-21 18:00:00,0,0,0
2014-02-21 19:00:00,3,1,2
2014-02-21 20:00:00,4,2,2
2014-02-21 21:00:00,5,3,2
2014-02-21 22:00:00,0,0,0
2014-02-21 23:00:00,0,0,0
2014-02-22 00:00:00,0,0,0
2014-02-22 01:00:00,0,0,0
2014-02-22 02:00:00,0,0,0
2014-02-22 03:00:00,0,0,0
2014-02-22 04:00:00,0,0,0
2014-02-22 05:00:00,0,0,0
2014-02-22 06:00:00,3,1,2
2014-02-22 07:00:00,10,5,5
2014-02-22 08:00:00,38,14,24
2014-02-22 09:00:00,35,22,13
2014-02-22 10:00:00,41,22,19
2014-02-22 11:00:00,29,11,18
2014-02-22 12:00:00,23,14,9
2014-02-22 13:00:00,23,11,12
2014-02-22 14:00:00,34,18,16
2014-02-22 15:00:00,26,13,13
2014-02-22 16:00:00,18,7,11
2014-02-22 17:00:00,21,11,10
2014-02-22 18:00:00,9,6,3
2014-02-22 19:00:00,3,1,2
2014-02-22 20:00:00,0,0,0
2014-02-22 21:00:00,0,0,0
2014-02-22 22:00:00,2,1,1
2014-02-22 23:00:00,0,0,0
2014-02-23 00:00:00,0,0,0
2014-02-23 01:00:00,0,0,0
2014-02-23 02:00:00,0,0,0
2014-02-23 03:00:00,0,0,0
2014-02-23 04:00:00,0,0,0
2014-02-23 05:00:00,0,0,0
2014-02-23 06:00:00,2,1,1
2014-02-23 07:00:00,8,3,5
2014-02-23 08:00:00,26,12,14
2014-02-23 09:00:00,36,19,17
2014-02-23 10:00:00,44,21,23
2014-02-23 11:00:00,39,23,16
2014-02-23 12:00:00,27,17,10
2014-02-23 13:00:00,32,14,18
2014-02-23 14:00:00,28,17,11
2014-02-23 15:00:00,22,11,11
2014-02-23 16:00:00,32,20,12
2014-02-23 17:00:00,14,8,6
2014-02-23 18:00:00,7,5,2
2014-02-23 19:00:00,3,1,2
2014-02-23 20:00:00,1,0,1
2014-02-23 21:00:00,0,0,0
2014-02-23 22:00:00,1,0,1
2014-02-23 23:00:00,1,1,0
2014-02-24 00:00:00,0,0,0
2014-02-24 01:00:00,0,0,0
2014-02-24 02:00:00,0,0,0
2014-02-24 03:00:00,0,0,0
2014-02-24 04:00:00,0,0,0
2014-02-24 05:00:00,0,0,0
2014-02-24 06:00:00,10,5,5
2014-02-24 07:00:00,14,11,3
2014-02-24 08:00:00,10,3,7
2014-02-24 09:00:00,10,6,4
2014-02-24 10:00:00,10,6,4
2014-02-24 11:00:00,9,6,3
2014-02-24 12:00:00,6,3,3
2014-02-24 13:00:00,14,7,7
2014-02-24 14:00:00,16,9,7
2014-02-24 15:00:00,23,10,13
2014-02-24 16:00:00,20,9,11
2014-02-24 17:00:00,20,9,11
2014-02-24 18:00:00,8,5,3
2014-02-24 19:00:00,3,0,3
2014-02-24 20:00:00,4,2,2
2014-02-24 21:00:00,2,2,0
2014-02-24 22:00:00,0,0,0
2014-02-24 23:00:00,0,0,0
2014-02-25 00:00:00,0,0,0
2014-02-25 01:00:00,0,0,0
2014-02-25 02:00:00,0,0,0
2014-02-25 03:00:00,0,0,0
2014-02-25 04:00:00,0,0,0
2014-02-25 05:00:00,3,2,1
2014-02-25 06:00:00,7,4,3
2014-02-25 07:00:00,16,7,9
2014-02-25 08:00:00,27,16,11
2014-02-25 09:00:00,13,8,5
2014-02-25 10:00:00,13,4,9
2014-02-25 11:00:00,20,10,10
2014-02-25 12:00:00,27,13,14
2014-02-25 13:00:00,30,13,17
2014-02-25 14:00:00,25,13,12
2014-02-25 15:00:00,34,17,17
2014-02-25 16:00:00,32,15,17
2014-02-25 17:00:00,45,21,24
2014-02-25 18:00:00,22,11,11
2014-02-25 19:00:00,2,1,1
2014-02-25 20:00:00,2,0,2
2014-02-25 21:00:00,1,1,0
2014-02-25 22:00:00,2,1,1
2014-02-25 23:00:00,0,0,0
2014-02-26 00:00:00,1,1,0
2014-02-26 01:00:00,0,0,0
2014-02-26 02:00:00,0,0,0
2014-02-26 03:00:00,0,0,0
2014-02-26 04:00:00,0,0,0
2014-02-26 05:00:00,0,0,0
2014-02-26 06:00:00,6,2,4
2014-02-26 07:00:00,24,15,9
2014-02-26 08:00:00,24,13,11
2014-02-26 09:00:00,28,15,13
2014-02-26 10:00:00,17,6,11
2014-02-26 11:00:00,21,12,9
2014-02-26 12:00:00,38,21,17
2014-02-26 13:00:00,21,10,11
2014-02-26 14:00:00,23,12,11
2014-02-26 15:00:00,21,11,10
2014-02-26 16:00:00,38,21,17
2014-02-26 17:00:00,17,12,5
2014-02-26 18:00:00,5,1,4
2014-02-26 19:00:00,4,3,1
2014-02-26 20:00:00,5,3,2
2014-02-26 21:00:00,5,4,1
2014-02-26 22:00:00,6,2,4
2014-02-26 23:00:00,1,1,0
2014-02-27 00:00:00,0,0,0
2014-02-27 01:00:00,0,0,0
2014-02-27 02:00:00,0,0,0
2014-02-27 03:00:00,0,0,0
2014-02-27 04:00:00,0,0,0
2014-02-27 05:00:00,2,1,1
2014-02-27 06:00:00,4,0,4
2014-02-27 07:00:00,17,11,6
2014-02-27 08:00:00,18,9,9
2014-02-27 09:00:00,13,5,8
2014-02-27 10:00:00,16,8,8
2014-02-27 11:00:00,22,13,9
2014-02-27 12:00:00,25,13,12
2014-02-27 13:00:00,17,9,8
2014-02-27 14:00:00,22,10,12
2014-02-27 15:00:00,23,11,12
2014-02-27 16:00:00,26,9,17
2014-02-27 17:00:00,29,14,15
2014-02-27 18:00:00,13,7,6
2014-02-27 19:00:00,8,3,5
2014-02-27 20:00:00,5,1,4
2014-02-27 21:00:00,2,1,1
2014-02-27 22:00:00,1,1,0
2014-02-27 23:00:00,0,0,0
2014-02-28 00:00:00,0,0,0
2014-02-28 01:00:00,0,0,0
2014-02-28 02:00:00,0,0,0
2014-02-28 03:00:00,0,0,0
2014-02-28 04:00:00,0,0,0
2014-02-28 05:00:00,1,0,1
2014-02-28 06:00:00,18,10,8
2014-02-28 07:00:00,14,6,8
2014-02-28 08:00:00,24,14,10
2014-02-28 09:00:00,26,13,13
2014-02-28 10:00:00,31,18,13
2014-02-28 11:00:00,25,13,12
2014-02-28 12:00:00,32,13,19
2014-02-28 13:00:00,33,18,15
2014-02-28 14:00:00,30,18,12
2014-02-28 15:00:00,29,16,13
2014-02-28 16:00:00,54,28,26
2014-02-28 17:00:00,40,20,20
2014-02-28 18:00:00,7,4,3
2014-02-28 19:00:00,2,0,2
2014-02-28 20:00:00,0,0,0
2014-02-28 21:00:00,1,0,1
2014-02-28 22:00:00,1,0,1
2014-02-28 23:00:00,2,1,1
2014-03-01 00:00:00,0,0,0
2014-03-01 01:00:00,0,0,0
2014-03-01 02:00:00,0,0,0
2014-03-01 03:00:00,0,0,0
2014-03-01 04:00:00,0,0,0
2014-03-01 05:00:00,0,0,0
2014-03-01 06:00:00,7,3,4
2014-03-01 07:00:00,17,6,11
2014-03-01 08:00:00,38,19,19
2014-03-01 09:00:00,54,26,28
2014-03-01 10:00:00,57,36,21
2014-03-01 11:00:00,37,14,23
2014-03-01 12:00:00,38,23,15
2014-03-01 13:00:00,25,11,14
2014-03-01 14:00:00,19,10,9
2014-03-01 15:00:00,13,7,6
2014-03-01 16:00:00,16,9,7
2014-03-01 17:00:00,12,7,5
2014-03-01 18:00:00,3,1,2
2014-03-01 19:00:00,2,1,1
2014-03-01 20:00:00,7,2,5
2014-03-01 21:00:00,10,7,3
2014-03-01 22:00:00,1,0,1
2014-03-01 23:00:00,0,0,0
2014-03-02 00:00:00,0,0,0
2014-03-02 01:00:00,0,0,0
2014-03-02 02:00:00,1,1,0
2014-03-02 03:00:00,0,0,0
2014-03-02 04:00:00,0,0,0
2014-03-02 05:00:00,0,0,0
2014-03-02 06:00:00,4,1,3
2014-03-02 07:00:00,10,3,7
2014-03-02 08:00:00,40,25,15
2014-03-02 09:00:00,36,18,18
2014-03-02 10:00:00,51,22,29
2014-03-02 11:00:00,17,12,5
2014-03-02 12:00:00,24,11,13
2014-03-02 13:00:00,13,6,7
2014-03-02 14:00:00,16,7,9
2014-03-02 15:00:00,11,6,5
2014-03-02 16:00:00,10,5,5
2014-03-02 17:00:00,8,4,4
2014-03-02 18:00:00,2,2,0
2014-03-02 19:00:00,2,0,2
2014-03-02 20:00:00,5,3,2
2014-03-02 21:00:00,0,0,0
2014-03-02 22:00:00,0,0,0
2014-03-02 23:00:00,0,0,0
2014-03-03 00:00:00,0,0,0
2014-03-03 01:00:00,0,0,0
2014-03-03 02:00:00,0,0,0
2014-03-03 03:00:00,0,0,0
2014-03-03 04:00:00,0,0,0
2014-03-03 05:00:00,0,0,0
2014-03-03 06:00:00,5,3,2
2014-03-03 07:00:00,6,4,2
2014-03-03 08:00:00,11,5,6
2014-03-03 09:00:00,9,3,6
2014-03-03 10:00:00,20,13,7
2014-03-03 11:00:00,14,9,5
2014-03-03 12:00:00,20,9,11
2014-03-03 13:00:00,31,14,17
2014-03-03 14:00:00,21,14,7
2014-03-03 15:00:00,14,7,7
2014-03-03 16:00:00,44,17,27
2014-03-03 17:00:00,38,22,16
2014-03-03 18:00:00,24,15,9
2014-03-03 19:00:00,1,0,1
2014-03-03 20:00:00,1,1,0
2014-03-03 21:00:00,1,0,1
2014-03-03 22:00:00,0,0,0
2014-03-03 23:00:00,5,2,3
2014-03-04 00:00:00,1,1,0
2014-03-04 01:00:00,0,0,0
2014-03-04 02:00:00,0,0,0
2014-03-04 03:00:00,0,0,0
2014-03-04 04:00:00,0,0,0
2014-03-04 05:00:00,0,0,0
2014-03-04 06:00:00,13,8,5
2014-03-04 07:00:00,16,6,10
2014-03-04 08:00:00,16,10,6
2014-03-04 09:00:00,15,8,7
2014-03-04 10:00:00,8,5,3
2014-03-04 11:00:00,8,6,2
2014-03-04 12:00:00,10,5,5
2014-03-04 13:00:00,11,5,6
2014-03-04 14:00:00,8,6,2
2014-03-04 15:00:00,10,1,9
2014-03-04 16:00:00,18,9,9
2014-03-04 17:00:00,28,13,15
2014-03-04 18:00:00,13,8,5
2014-03-04 19:00:00,1,1,0
2014-03-04 20:00:00,0,0,0
2014-03-04 21:00:00,0,0,0
2014-03-04 22:00:00,0,0,0
2014-03-04 23:00:00,1,0,1
2014-03-05 00:00:00,1,1,0
2014-03-05 01:00:00,0,0,0
2014-03-05 02:00:00,0,0,0
2014-03-05 03:00:00,0,0,0
2014-03-05 04:00:00,0,0,0
2014-03-05 05:00:00,1,1,0
2014-03-05 06:00:00,8,4,4
2014-03-05 07:00:00,12,5,7
2014-03-05 08:00:00,14,8,6
2014-03-05 09:00:00,13,5,8
2014-03-05 10:00:00,27,15,12
2014-03-05 11:00:00,36,22,14
2014-03-05 12:00:00,38,17,21
2014-03-05 13:00:00,25,14,11
2014-03-05 14:00:00,20,8,12
2014-03-05 15:00:00,20,10,10
2014-03-05 16:00:00,26,9,17
2014-03-05 17:00:00,17,10,7
2014-03-05 18:00:00,3,1,2
2014-03-05 19:00:00,4,1,3
2014-03-05 20:00:00,0,0,0
2014-03-05 21:00:00,4,2,2
2014-03-05 22:00:00,0,0,0
2014-03-05 23:00:00,0,0,0
2014-03-06 00:00:00,0,0,0
2014-03-06 01:00:00,0,0,0
2014-03-06 02:00:00,0,0,0
2014-03-06 03:00:00,0,0,0
2014-03-06 04:00:00,0,0,0
2014-03-06 05:00:00,0,0,0
2014-03-06 06:00:00,12,6,6
2014-03-06 07:00:00,23,12,11
2014-03-06 08:00:00,16,8,8
2014-03-06 09:00:00,27,15,12
2014-03-06 10:00:00,22,14,8
2014-03-06 11:00:00,15,7,8
2014-03-06 12:00:00,19,8,11
2014-03-06 13:00:00,14,6,8
2014-03-06 14:00:00,15,10,5
2014-03-06 15:00:00,14,6,8
2014-03-06 16:00:00,21,8,13
2014-03-06 17:00:00,23,12,11
2014-03-06 18:00:00,18,14,4
2014-03-06 19:00:00,5,2,3
2014-03-06 20:00:00,6,3,3
2014-03-06 21:00:00,3,1,2
2014-03-06 22:00:00,2,1,1
2014-03-06 23:00:00,0,0,0
2014-03-07 00:00:00,0,0,0
2014-03-07 01:00:00,0,0,0
2014-03-07 02:00:00,0,0,0
2014-03-07 03:00:00,0,0,0
2014-03-07 04:00:00,0,0,0
2014-03-07 05:00:00,0,0,0
2014-03-07 06:00:00,14,6,8
2014-03-07 07:00:00,19,10,9
2014-03-07 08:00:00,95,56,39
2014-03-07 09:00:00,97,62,35
2014-03-07 10:00:00,71,45,26
2014-03-07 11:00:00,29,16,13
2014-03-07 12:00:00,42,20,22
2014-03-07 13:00:00,23,13,10
2014-03-07 14:00:00,31,11,20
2014-03-07 15:00:00,21,10,11
2014-03-07 16:00:00,35,14,21
2014-03-07 17:00:00,32,14,18
2014-03-07 18:00:00,18,10,8
2014-03-07 19:00:00,2,0,2
2014-03-07 20:00:00,4,2,2
2014-03-07 21:00:00,0,0,0
2014-03-07 22:00:00,1,1,0
2014-03-07 23:00:00,0,0,0
2014-03-08 00:00:00,0,0,0
2014-03-08 01:00:00,0,0,0
2014-03-08 02:00:00,0,0,0
2014-03-08 03:00:00,0,0,0
2014-03-08 04:00:00,0,0,0
2014-03-08 05:00:00,0,0,0
2014-03-08 06:00:00,4,1,3
2014-03-08 07:00:00,19,9,10
2014-03-08 08:00:00,68,27,41
2014-03-08 09:00:00,81,38,43
2014-03-08 10:00:00,68,30,38
2014-03-08 11:00:00,98,45,53
2014-03-08 12:00:00,54,32,22
2014-03-08 13:00:00,16,8,8
2014-03-08 14:00:00,12,6,6
2014-03-08 15:00:00,9,5,4
2014-03-08 16:00:00,10,5,5
2014-03-08 17:00:00,11,8,3
2014-03-08 18:00:00,4,2,2
2014-03-08 19:00:00,2,0,2
2014-03-08 20:00:00,2,1,1
2014-03-08 21:00:00,1,0,1
2014-03-08 22:00:00,1,1,0
2014-03-08 23:00:00,0,0,0
2014-03-09 00:00:00,0,0,0
2014-03-09 01:00:00,0,0,0
2014-03-09 02:00:00,0,0,0
2014-03-09 03:00:00,0,0,0
2014-03-09 04:00:00,0,0,0
2014-03-09 05:00:00,0,0,0
2014-03-09 06:00:00,0,0,0
2014-03-09 07:00:00,3,1,2
2014-03-09 08:00:00,15,4,11
2014-03-09 09:00:00,35,19,16
2014-03-09 10:00:00,34,16,18
2014-03-09 11:00:00,29,15,14
2014-03-09 12:00:00,49,30,19
2014-03-09 13:00:00,51,22,29
2014-03-09 14:00:00,59,29,30
2014-03-09 15:00:00,46,27,19
2014-03-09 16:00:00,50,27,23
2014-03-09 17:00:00,50,31,19
2014-03-09 18:00:00,14,8,6
2014-03-09 19:00:00,2,0,2
2014-03-09 20:00:00,0,0,0
2014-03-09 21:00:00,0,0,0
2014-03-09 22:00:00,0,0,0
2014-03-09 23:00:00,0,0,0
2014-03-10 00:00:00,1,0,1
2014-03-10 01:00:00,0,0,0
2014-03-10 02:00:00,0,0,0
2014-03-10 03:00:00,0,0,0
2014-03-10 04:00:00,0,0,0
2014-03-10 05:00:00,1,1,0
2014-03-10 06:00:00,3,1,2
2014-03-10 07:00:00,9,4,5
2014-03-10 08:00:00,32,15,17
2014-03-10 09:00:00,27,12,15
2014-03-10 10:00:00,24,13,11
2014-03-10 11:00:00,19,11,8
2014-03-10 12:00:00,39,24,15
2014-03-10 13:00:00,18,8,10
2014-03-10 14:00:00,11,5,6
2014-03-10 15:00:00,29,11,18
2014-03-10 16:00:00,39,22,17
2014-03-10 17:00:00,19,11,8
2014-03-10 18:00:00,28,15,13
2014-03-10 19:00:00,17,8,9
2014-03-10 20:00:00,4,2,2
2014-03-10 21:00:00,2,1,1
2014-03-10 22:00:00,2,1,1
2014-03-10 23:00:00,0,0,0
2014-03-11 00:00:00,0,0,0
2014-03-11 01:00:00,0,0,0
2014-03-11 02:00:00,0,0,0
2014-03-11 03:00:00,0,0,0
2014-03-11 04:00:00,0,0,0
2014-03-11 05:00:00,2,1,1
2014-03-11 06:00:00,10,7,3
2014-03-11 07:00:00,12,4,8
2014-03-11 08:00:00,25,16,9
2014-03-11 09:00:00,23,11,12
2014-03-11 10:00:00,28,11,17
2014-03-11 11:00:00,32,19,13
2014-03-11 12:00:00,27,16,11
2014-03-11 13:00:00,52,24,28
2014-03-11 14:00:00,23,13,10
2014-03-11 15:00:00,29,16,13
2014-03-11 16:00:00,34,15,19
2014-03-11 17:00:00,55,27,28
2014-03-11 18:00:00,37,22,15
2014-03-11 19:00:00,9,4,5
2014-03-11 20:00:00,4,3,1
2014-03-11 21:00:00,1,1,0
2014-03-11 22:00:00,0,0,0
2014-03-11 23:00:00,0,0,0
2014-03-12 00:00:00,2,1,1
2014-03-12 01:00:00,0,0,0
2014-03-12 02:00:00,0,0,0
2014-03-12 03:00:00,0,0,0
2014-03-12 04:00:00,0,0,0
2014-03-12 05:00:00,1,0,1
2014-03-12 06:00:00,7,4,3
2014-03-12 07:00:00,8,2,6
2014-03-12 08:00:00,19,12,7
2014-03-12 09:00:00,25,13,12
2014-03-12 10:00:00,50,26,24
2014-03-12 11:00:00,28,15,13
2014-03-12 12:00:00,31,18,13
2014-03-12 13:00:00,17,5,12
2014-03-12 14:00:00,21,10,11
2014-03-12 15:00:00,44,31,13
2014-03-12 16:00:00,47,18,29
2014-03-12 17:00:00,63,35,28
2014-03-12 18:00:00,41,23,18
2014-03-12 19:00:00,13,5,8
2014-03-12 20:00:00,3,2,1
2014-03-12 21:00:00,9,5,4
2014-03-12 22:00:00,0,0,0
2014-03-12 23:00:00,2,1,1
2014-03-13 00:00:00,0,0,0
2014-03-13 01:00:00,0,0,0
2014-03-13 02:00:00,0,0,0
2014-03-13 03:00:00,0,0,0
2014-03-13 04:00:00,0,0,0
2014-03-13 05:00:00,0,0,0
2014-03-13 06:00:00,6,3,3
2014-03-13 07:00:00,14,5,9
2014-03-13 08:00:00,20,12,8
2014-03-13 09:00:00,24,13,11
2014-03-13 10:00:00,28,16,12
2014-03-13 11:00:00,21,9,12
2014-03-13 12:00:00,29,14,15
2014-03-13 13:00:00,11,7,4
2014-03-13 14:00:00,19,7,12
2014-03-13 15:00:00,33,17,16
2014-03-13 16:00:00,46,26,20
2014-03-13 17:00:00,27,13,14
2014-03-13 18:00:00,34,18,16
2014-03-13 19:00:00,9,7,2
2014-03-13 20:00:00,1,0,1
2014-03-13 21:00:00,4,2,2
2014-03-13 22:00:00,3,2,1
2014-03-13 23:00:00,0,0,0
2014-03-14 00:00:00,0,0,0
2014-03-14 01:00:00,0,0,0
2014-03-14 02:00:00,0,0,0
2014-03-14 03:00:00,0,0,0
2014-03-14 04:00:00,0,0,0
2014-03-14 05:00:00,2,1,1
2014-03-14 06:00:00,7,4,3
2014-03-14 07:00:00,8,4,4
2014-03-14 08:00:00,14,9,5
2014-03-14 09:00:00,29,13,16
2014-03-14 10:00:00,17,6,11
2014-03-14 11:00:00,160,76,84
2014-03-14 12:00:00,71,34,37
2014-03-14 13:00:00,22,12,10
2014-03-14 14:00:00,33,17,16
2014-03-14 15:00:00,35,14,21
2014-03-14 16:00:00,41,19,22
2014-03-14 17:00:00,29,17,12
2014-03-14 18:00:00,25,14,11
2014-03-14 19:00:00,5,3,2
2014-03-14 20:00:00,0,0,0
2014-03-14 21:00:00,1,0,1
2014-03-14 22:00:00,2,1,1
2014-03-14 23:00:00,3,1,2
2014-03-15 00:00:00,0,0,0
2014-03-15 01:00:00,0,0,0
2014-03-15 02:00:00,0,0,0
2014-03-15 03:00:00,0,0,0
2014-03-15 04:00:00,0,0,0
2014-03-15 05:00:00,0,0,0
2014-03-15 06:00:00,5,3,2
2014-03-15 07:00:00,7,3,4
2014-03-15 08:00:00,24,12,12
2014-03-15 09:00:00,55,28,27
2014-03-15 10:00:00,60,30,30
2014-03-15 11:00:00,27,14,13
2014-03-15 12:00:00,30,13,17
2014-03-15 13:00:00,33,17,16
2014-03-15 14:00:00,34,15,19
2014-03-15 15:00:00,36,18,18
2014-03-15 16:00:00,42,21,21
2014-03-15 17:00:00,34,16,18
2014-03-15 18:00:00,12,8,4
2014-03-15 19:00:00,0,0,0
2014-03-15 20:00:00,3,2,1
2014-03-15 21:00:00,1,1,0
2014-03-15 22:00:00,0,0,0
2014-03-15 23:00:00,1,1,0
2014-03-16 00:00:00,0,0,0
2014-03-16 01:00:00,0,0,0
2014-03-16 02:00:00,0,0,0
2014-03-16 03:00:00,0,0,0
2014-03-16 04:00:00,0,0,0
2014-03-16 05:00:00,0,0,0
2014-03-16 06:00:00,1,0,1
2014-03-16 07:00:00,3,1,2
2014-03-16 08:00:00,16,7,9
2014-03-16 09:00:00,13,6,7
2014-03-16 10:00:00,45,22,23
2014-03-16 11:00:00,35,19,16
2014-03-16 12:00:00,24,13,11
2014-03-16 13:00:00,16,8,8
2014-03-16 14:00:00,17,10,7
2014-03-16 15:00:00,23,14,9
2014-03-16 16:00:00,16,9,7
2014-03-16 17:00:00,18,10,8
2014-03-16 18:00:00,8,6,2
2014-03-16 19:00:00,5,3,2
2014-03-16 20:00:00,0,0,0
2014-03-16 21:00:00,0,0,0
2014-03-16 22:00:00,2,1,1
2014-03-16 23:00:00,2,0,2
2014-03-17 00:00:00,1,1,0
2014-03-17 01:00:00,2,1,1
2014-03-17 02:00:00,0,0,0
2014-03-17 03:00:00,0,0,0
2014-03-17 04:00:00,1,1,0
2014-03-17 05:00:00,1,1,0
2014-03-17 06:00:00,9,5,4
2014-03-17 07:00:00,17,8,9
2014-03-17 08:00:00,30,15,15
2014-03-17 09:00:00,35,16,19
2014-03-17 10:00:00,29,21,8
2014-03-17 11:00:00,48,22,26
2014-03-17 12:00:00,40,22,18
2014-03-17 13:00:00,47,30,17
2014-03-17 14:00:00,12,5,7
2014-03-17 15:00:00,19,8,11
2014-03-17 16:00:00,32,12,20
2014-03-17 17:00:00,53,23,30
2014-03-17 18:00:00,42,21,21
2014-03-17 19:00:00,13,7,6
2014-03-17 20:00:00,4,2,2
2014-03-17 21:00:00,2,1,1
2014-03-17 22:00:00,1,1,0
2014-03-17 23:00:00,0,0,0
2014-03-18 00:00:00,2,0,2
2014-03-18 01:00:00,2,2,0
2014-03-18 02:00:00,0,0,0
2014-03-18 03:00:00,0,0,0
2014-03-18 04:00:00,1,1,0
2014-03-18 05:00:00,3,2,1
2014-03-18 06:00:00,11,6,5
2014-03-18 07:00:00,17,9,8
2014-03-18 08:00:00,14,9,5
2014-03-18 09:00:00,18,8,10
2014-03-18 10:00:00,13,7,6
2014-03-18 11:00:00,31,16,15
2014-03-18 12:00:00,20,6,14
2014-03-18 13:00:00,9,6,3
2014-03-18 14:00:00,17,8,9
2014-03-18 15:00:00,15,7,8
2014-03-18 16:00:00,19,7,12
2014-03-18 17:00:00,14,7,7
2014-03-18 18:00:00,20,14,6
2014-03-18 19:00:00,21,11,10
2014-03-18 20:00:00,3,2,1
2014-03-18 21:00:00,0,0,0
2014-03-18 22:00:00,0,0,0
2014-03-18 23:00:00,0,0,0
2014-03-19 00:00:00,0,0,0
2014-03-19 01:00:00,0,0,0
2014-03-19 02:00:00,0,0,0
2014-03-19 03:00:00,0,0,0
2014-03-19 04:00:00,1,1,0
2014-03-19 05:00:00,1,0,1
2014-03-19 06:00:00,10,4,6
2014-03-19 07:00:00,10,8,2
2014-03-19 08:00:00,17,8,9
2014-03-19 09:00:00,22,11,11
2014-03-19 10:00:00,27,16,11
2014-03-19 11:00:00,36,19,17
2014-03-19 12:00:00,21,11,10
2014-03-19 13:00:00,71,30,41
2014-03-19 14:00:00,22,11,11
2014-03-19 15:00:00,9,5,4
2014-03-19 16:00:00,16,8,8
2014-03-19 17:00:00,32,17,15
2014-03-19 18:00:00,13,4,9
2014-03-19 19:00:00,11,8,3
2014-03-19 20:00:00,2,0,2
2014-03-19 21:00:00,1,1,0
2014-03-19 22:00:00,1,0,1
2014-03-19 23:00:00,1,1,0
2014-03-20 00:00:00,0,0,0
2014-03-20 01:00:00,0,0,0
2014-03-20 02:00:00,0,0,0
2014-03-20 03:00:00,0,0,0
2014-03-20 04:00:00,0,0,0
2014-03-20 05:00:00,1,0,1
2014-03-20 06:00:00,7,5,2
2014-03-20 07:00:00,10,7,3
2014-03-20 08:00:00,21,9,12
2014-03-20 09:00:00,19,10,9
2014-03-20 10:00:00,29,15,14
2014-03-20 11:00:00,36,18,18
2014-03-20 12:00:00,27,14,13
2014-03-20 13:00:00,28,14,14
2014-03-20 14:00:00,14,7,7
2014-03-20 15:00:00,22,12,10
2014-03-20 16:00:00,35,13,22
2014-03-20 17:00:00,33,17,16
2014-03-20 18:00:00,32,12,20
2014-03-20 19:00:00,16,11,5
2014-03-20 20:00:00,2,1,1
2014-03-20 21:00:00,1,0,1
2014-03-20 22:00:00,4,3,1
2014-03-20 23:00:00,0,0,0
2014-03-21 00:00:00,0,0,0
2014-03-21 01:00:00,0,0,0
2014-03-21 02:00:00,0,0,0
2014-03-21 03:00:00,0,0,0
2014-03-21 04:00:00,1,1,0
2014-03-21 05:00:00,1,0,1
2014-03-21 06:00:00,6,3,3
2014-03-21 07:00:00,11,5,6
2014-03-21 08:00:00,32,14,18
2014-03-21 09:00:00,26,16,10
2014-03-21 10:00:00,33,19,14
2014-03-21 11:00:00,36,14,22
2014-03-21 12:00:00,55,36,19
2014-03-21 13:00:00,33,15,18
2014-03-21 14:00:00,37,25,12
2014-03-21 15:00:00,34,18,16
2014-03-21 16:00:00,32,13,19
2014-03-21 17:00:00,25,12,13
2014-03-21 18:00:00,18,7,11
2014-03-21 19:00:00,16,10,6
2014-03-21 20:00:00,7,3,4
2014-03-21 21:00:00,2,1,1
2014-03-21 22:00:00,0,0,0
2014-03-21 23:00:00,0,0,0
2014-03-22 00:00:00,0,0,0
2014-03-22 01:00:00,0,0,0
2014-03-22 02:00:00,0,0,0
2014-03-22 03:00:00,0,0,0
2014-03-22 04:00:00,0,0,0
2014-03-22 05:00:00,0,0,0
2014-03-22 06:00:00,2,1,1
2014-03-22 07:00:00,13,5,8
2014-03-22 08:00:00,38,14,24
2014-03-22 09:00:00,54,32,22
2014-03-22 10:00:00,63,30,33
2014-03-22 11:00:00,43,22,21
2014-03-22 12:00:00,46,22,24
2014-03-22 13:00:00,36,23,13
2014-03-22 14:00:00,32,12,20
2014-03-22 15:00:00,43,26,17
2014-03-22 16:00:00,34,19,15
2014-03-22 17:00:00,26,12,14
2014-03-22 18:00:00,24,14,10
2014-03-22 19:00:00,12,6,6
2014-03-22 20:00:00,4,3,1
2014-03-22 21:00:00,0,0,0
2014-03-22 22:00:00,1,0,1
2014-03-22 23:00:00,2,1,1
2014-03-23 00:00:00,0,0,0
2014-03-23 01:00:00,0,0,0
2014-03-23 02:00:00,0,0,0
2014-03-23 03:00:00,0,0,0
2014-03-23 04:00:00,0,0,0
2014-03-23 05:00:00,1,0,1
2014-03-23 06:00:00,4,2,2
2014-03-23 07:00:00,5,2,3
2014-03-23 08:00:00,15,9,6
2014-03-23 09:00:00,35,17,18
2014-03-23 10:00:00,50,23,27
2014-03-23 11:00:00,43,29,14
2014-03-23 12:00:00,68,29,39
2014-03-23 13:00:00,44,24,20
2014-03-23 14:00:00,54,33,21
2014-03-23 15:00:00,41,20,21
2014-03-23 16:00:00,45,25,20
2014-03-23 17:00:00,52,25,27
2014-03-23 18:00:00,17,11,6
2014-03-23 19:00:00,6,2,4
2014-03-23 20:00:00,1,1,0
2014-03-23 21:00:00,1,0,1
2014-03-23 22:00:00,0,0,0
2014-03-23 23:00:00,0,0,0
2014-03-24 00:00:00,0,0,0
2014-03-24 01:00:00,0,0,0
2014-03-24 02:00:00,0,0,0
2014-03-24 03:00:00,0,0,0
2014-03-24 04:00:00,0,0,0
2014-03-24 05:00:00,1,1,0
2014-03-24 06:00:00,6,3,3
2014-03-24 07:00:00,5,3,2
2014-03-24 08:00:00,29,14,15
2014-03-24 09:00:00,25,14,11
2014-03-24 10:00:00,22,11,11
2014-03-24 11:00:00,23,12,11
2014-03-24 12:00:00,36,19,17
2014-03-24 13:00:00,20,13,7
2014-03-24 14:00:00,38,20,18
2014-03-24 15:00:00,25,14,11
2014-03-24 16:00:00,39,19,20
2014-03-24 17:00:00,49,24,25
2014-03-24 18:00:00,41,25,16
2014-03-24 19:00:00,18,12,6
2014-03-24 20:00:00,4,3,1
2014-03-24 21:00:00,2,0,2
2014-03-24 22:00:00,1,1,0
2014-03-24 23:00:00,0,0,0
2014-03-25 00:00:00,0,0,0
2014-03-25 01:00:00,0,0,0
2014-03-25 02:00:00,0,0,0
2014-03-25 03:00:00,0,0,0
2014-03-25 04:00:00,0,0,0
2014-03-25 05:00:00,3,2,1
2014-03-25 06:00:00,7,4,3
2014-03-25 07:00:00,11,3,8
2014-03-25 08:00:00,15,10,5
2014-03-25 09:00:00,14,7,7
2014-03-25 10:00:00,13,6,7
2014-03-25 11:00:00,11,6,5
2014-03-25 12:00:00,12,6,6
2014-03-25 13:00:00,7,5,2
2014-03-25 14:00:00,2,2,0
2014-03-25 15:00:00,12,6,6
2014-03-25 16:00:00,19,7,12
2014-03-25 17:00:00,17,8,9
2014-03-25 18:00:00,19,10,9
2014-03-25 19:00:00,6,3,3
2014-03-25 20:00:00,6,2,4
2014-03-25 21:00:00,0,0,0
2014-03-25 22:00:00,0,0,0
2014-03-25 23:00:00,0,0,0
2014-03-26 00:00:00,0,0,0
2014-03-26 01:00:00,0,0,0
2014-03-26 02:00:00,1,0,1
2014-03-26 03:00:00,0,0,0
2014-03-26 04:00:00,0,0,0
2014-03-26 05:00:00,0,0,0
2014-03-26 06:00:00,10,5,5
2014-03-26 07:00:00,16,10,6
2014-03-26 08:00:00,31,12,19
2014-03-26 09:00:00,24,13,11
2014-03-26 10:00:00,32,16,16
2014-03-26 11:00:00,19,13,6
2014-03-26 12:00:00,31,16,15
2014-03-26 13:00:00,14,9,5
2014-03-26 14:00:00,11,4,7
2014-03-26 15:00:00,7,3,4
2014-03-26 16:00:00,21,9,12
2014-03-26 17:00:00,28,13,15
2014-03-26 18:00:00,21,12,9
2014-03-26 19:00:00,8,5,3
2014-03-26 20:00:00,3,1,2
2014-03-26 21:00:00,3,3,0
2014-03-26 22:00:00,0,0,0
2014-03-26 23:00:00,0,0,0
2014-03-27 00:00:00,0,0,0
2014-03-27 01:00:00,0,0,0
2014-03-27 02:00:00,0,0,0
2014-03-27 03:00:00,0,0,0
2014-03-27 04:00:00,0,0,0
2014-03-27 05:00:00,3,1,2
2014-03-27 06:00:00,3,1,2
2014-03-27 07:00:00,15,9,6
2014-03-27 08:00:00,35,16,19
2014-03-27 09:00:00,14,8,6
2014-03-27 10:00:00,6,3,3
2014-03-27 11:00:00,12,7,5
2014-03-27 12:00:00,19,8,11
2014-03-27 13:00:00,24,16,8
2014-03-27 14:00:00,13,4,9
2014-03-27 15:00:00,26,12,14
2014-03-27 16:00:00,32,12,20
2014-03-27 17:00:00,34,20,14
2014-03-27 18:00:00,37,18,19
2014-03-27 19:00:00,12,5,7
2014-03-27 20:00:00,2,0,2
2014-03-27 21:00:00,5,4,1
2014-03-27 22:00:00,1,0,1
2014-03-27 23:00:00,1,1,0
2014-03-28 00:00:00,0,0,0
2014-03-28 01:00:00,0,0,0
2014-03-28 02:00:00,0,0,0
2014-03-28 03:00:00,0,0,0
2014-03-28 04:00:00,0,0,0
2014-03-28 05:00:00,1,0,1
2014-03-28 06:00:00,12,5,7
2014-03-28 07:00:00,11,7,4
2014-03-28 08:00:00,12,4,8
2014-03-28 09:00:00,9,4,5
2014-03-28 10:00:00,19,11,8
2014-03-28 11:00:00,13,5,8
2014-03-28 12:00:00,20,12,8
2014-03-28 13:00:00,18,10,8
2014-03-28 14:00:00,5,1,4
2014-03-28 15:00:00,13,5,8
2014-03-28 16:00:00,14,6,8
2014-03-28 17:00:00,20,8,12
2014-03-28 18:00:00,17,9,8
2014-03-28 19:00:00,18,7,11
2014-03-28 20:00:00,1,0,1
2014-03-28 21:00:00,1,0,1
2014-03-28 22:00:00,2,2,0
2014-03-28 23:00:00,0,0,0
2014-03-29 00:00:00,0,0,0
2014-03-29 01:00:00,0,0,0
2014-03-29 02:00:00,0,0,0
2014-03-29 03:00:00,0,0,0
2014-03-29 04:00:00,0,0,0
2014-03-29 05:00:00,0,0,0
2014-03-29 06:00:00,1,0,1
2014-03-29 07:00:00,17,5,12
2014-03-29 08:00:00,22,7,15
2014-03-29 09:00:00,35,20,15
2014-03-29 10:00:00,53,24,29
2014-03-29 11:00:00,59,27,32
2014-03-29 12:00:00,27,18,9
2014-03-29 13:00:00,30,14,16
2014-03-29 14:00:00,32,13,19
2014-03-29 15:00:00,43,23,20
2014-03-29 16:00:00,30,16,14
2014-03-29 17:00:00,6,2,4
2014-03-29 18:00:00,11,4,7
2014-03-29 19:00:00,9,5,4
2014-03-29 20:00:00,1,1,0
2014-03-29 21:00:00,0,0,0
2014-03-29 22:00:00,1,1,0
2014-03-29 23:00:00,0,0,0
2014-03-30 00:00:00,0,0,0
2014-03-30 01:00:00,0,0,0
2014-03-30 02:00:00,0,0,0
2014-03-30 03:00:00,0,0,0
2014-03-30 04:00:00,0,0,0
2014-03-30 05:00:00,0,0,0
2014-03-30 06:00:00,8,3,5
2014-03-30 07:00:00,11,5,6
2014-03-30 08:00:00,45,31,14
2014-03-30 09:00:00,67,27,40
2014-03-30 10:00:00,51,22,29
2014-03-30 11:00:00,71,36,35
2014-03-30 12:00:00,53,28,25
2014-03-30 13:00:00,58,33,25
2014-03-30 14:00:00,68,33,35
2014-03-30 15:00:00,52,29,23
2014-03-30 16:00:00,33,15,18
2014-03-30 17:00:00,31,16,15
2014-03-30 18:00:00,25,17,8
2014-03-30 19:00:00,11,5,6
2014-03-30 20:00:00,2,2,0
2014-03-30 21:00:00,1,1,0
2014-03-30 22:00:00,0,0,0
2014-03-30 23:00:00,0,0,0
2014-03-31 00:00:00,0,0,0
2014-03-31 01:00:00,2,1,1
2014-03-31 02:00:00,0,0,0
2014-03-31 03:00:00,0,0,0
2014-03-31 04:00:00,0,0,0
2014-03-31 05:00:00,1,0,1
2014-03-31 06:00:00,13,5,8
2014-03-31 07:00:00,7,6,1
2014-03-31 08:00:00,23,9,14
2014-03-31 09:00:00,16,9,7
2014-03-31 10:00:00,28,13,15
2014-03-31 11:00:00,27,12,15
2014-03-31 12:00:00,57,37,20
2014-03-31 13:00:00,36,17,19
2014-03-31 14:00:00,21,12,9
2014-03-31 15:00:00,28,12,16
2014-03-31 16:00:00,30,15,15
2014-03-31 17:00:00,43,22,21
2014-03-31 18:00:00,46,23,23
2014-03-31 19:00:00,27,14,13
2014-03-31 20:00:00,5,3,2
2014-03-31 21:00:00,3,1,2
2014-03-31 22:00:00,1,1,0
2014-03-31 23:00:00,0,0,0
2014-04-01 00:00:00,0,0,0
2014-04-01 01:00:00,0,0,0
2014-04-01 02:00:00,0,0,0
2014-04-01 03:00:00,0,0,0
2014-04-01 04:00:00,0,0,0
2014-04-01 05:00:00,2,1,1
2014-04-01 06:00:00,22,13,9
2014-04-01 07:00:00,19,8,11
2014-04-01 08:00:00,21,13,8
2014-04-01 09:00:00,24,13,11
2014-04-01 10:00:00,39,16,23
2014-04-01 11:00:00,48,16,32
2014-04-01 12:00:00,56,36,20
2014-04-01 13:00:00,16,9,7
2014-04-01 14:00:00,35,21,14
2014-04-01 15:00:00,26,15,11
2014-04-01 16:00:00,38,23,15
2014-04-01 17:00:00,43,16,27
2014-04-01 18:00:00,48,27,21
2014-04-01 19:00:00,24,16,8
2014-04-01 20:00:00,7,6,1
2014-04-01 21:00:00,5,2,3
2014-04-01 22:00:00,0,0,0
2014-04-01 23:00:00,0,0,0
2014-04-02 00:00:00,0,0,0
2014-04-02 01:00:00,0,0,0
2014-04-02 02:00:00,0,0,0
2014-04-02 03:00:00,0,0,0
2014-04-02 04:00:00,0,0,0
2014-04-02 05:00:00,3,2,1
2014-04-02 06:00:00,16,7,9
2014-04-02 07:00:00,21,15,6
2014-04-02 08:00:00,24,12,12
2014-04-02 09:00:00,20,10,10
2014-04-02 10:00:00,34,11,23
2014-04-02 11:00:00,27,13,14
2014-04-02 12:00:00,27,12,15
2014-04-02 13:00:00,29,22,7
2014-04-02 14:00:00,21,9,12
2014-04-02 15:00:00,27,18,9
2014-04-02 16:00:00,42,18,24
2014-04-02 17:00:00,32,11,21
2014-04-02 18:00:00,58,29,29
2014-04-02 19:00:00,21,13,8
2014-04-02 20:00:00,5,3,2
2014-04-02 21:00:00,2,2,0
2014-04-02 22:00:00,0,0,0
2014-04-02 23:00:00,0,0,0
2014-04-03 00:00:00,0,0,0
2014-04-03 01:00:00,0,0,0
2014-04-03 02:00:00,0,0,0
2014-04-03 03:00:00,0,0,0
2014-04-03 04:00:00,0,0,0
2014-04-03 05:00:00,5,2,3
2014-04-03 06:00:00,5,3,2
2014-04-03 07:00:00,15,8,7
2014-04-03 08:00:00,26,15,11
2014-04-03 09:00:00,23,13,10
2014-04-03 10:00:00,37,17,20
2014-04-03 11:00:00,14,4,10
2014-04-03 12:00:00,36,26,10
2014-04-03 13:00:00,24,16,8
2014-04-03 14:00:00,10,4,6
2014-04-03 15:00:00,14,8,6
2014-04-03 16:00:00,9,2,7
2014-04-03 17:00:00,25,13,12
2014-04-03 18:00:00,10,5,5
2014-04-03 19:00:00,7,4,3
2014-04-03 20:00:00,3,1,2
2014-04-03 21:00:00,1,1,0
2014-04-03 22:00:00,0,0,0
2014-04-03 23:00:00,0,0,0
2014-04-04 00:00:00,0,0,0
2014-04-04 01:00:00,0,0,0
2014-04-04 02:00:00,0,0,0
2014-04-04 03:00:00,0,0,0
2014-04-04 04:00:00,0,0,0
2014-04-04 05:00:00,1,1,0
2014-04-04 06:00:00,16,8,8
2014-04-04 07:00:00,21,11,10
2014-04-04 08:00:00,30,13,17
2014-04-04 09:00:00,23,12,11
2014-04-04 10:00:00,43,18,25
2014-04-04 11:00:00,27,15,12
2014-04-04 12:00:00,26,21,5
2014-04-04 13:00:00,15,7,8
2014-04-04 14:00:00,26,13,13
2014-04-04 15:00:00,24,11,13
2014-04-04 16:00:00,38,17,21
2014-04-04 17:00:00,41,16,25
2014-04-04 18:00:00,41,21,20
2014-04-04 19:00:00,16,8,8
2014-04-04 20:00:00,2,0,2
2014-04-04 21:00:00,2,1,1
2014-04-04 22:00:00,1,1,0
2014-04-04 23:00:00,1,1,0
2014-04-05 00:00:00,1,0,1
2014-04-05 01:00:00,2,2,0
2014-04-05 02:00:00,2,1,1
2014-04-05 03:00:00,0,0,0
2014-04-05 04:00:00,0,0,0
2014-04-05 05:00:00,1,0,1
2014-04-05 06:00:00,4,3,1
2014-04-05 07:00:00,25,11,14
2014-04-05 08:00:00,43,23,20
2014-04-05 09:00:00,102,50,52
2014-04-05 10:00:00,306,153,153
2014-04-05 11:00:00,184,98,86
2014-04-05 12:00:00,83,28,55
2014-04-05 13:00:00,153,75,78
2014-04-05 14:00:00,36,19,17
2014-04-05 15:00:00,33,20,13
2014-04-05 16:00:00,17,6,11
2014-04-05 17:00:00,22,11,11
2014-04-05 18:00:00,13,7,6
2014-04-05 19:00:00,4,2,2
2014-04-05 20:00:00,1,0,1
2014-04-05 21:00:00,2,2,0
2014-04-05 22:00:00,0,0,0
2014-04-05 23:00:00,0,0,0
2014-04-06 00:00:00,0,0,0
2014-04-06 01:00:00,0,0,0
2014-04-06 02:00:00,0,0,0
2014-04-06 03:00:00,0,0,0
2014-04-06 04:00:00,0,0,0
2014-04-06 05:00:00,0,0,0
2014-04-06 06:00:00,2,1,1
2014-04-06 07:00:00,6,2,4
2014-04-06 08:00:00,41,21,20
2014-04-06 09:00:00,47,24,23
2014-04-06 10:00:00,61,27,34
2014-04-06 11:00:00,58,30,28
2014-04-06 12:00:00,51,23,28
2014-04-06 13:00:00,55,34,21
2014-04-06 14:00:00,52,25,27
2014-04-06 15:00:00,42,23,19
2014-04-06 16:00:00,37,19,18
2014-04-06 17:00:00,29,18,11
2014-04-06 18:00:00,14,8,6
2014-04-06 19:00:00,6,5,1
2014-04-06 20:00:00,2,1,1
2014-04-06 21:00:00,1,1,0
2014-04-06 22:00:00,0,0,0
2014-04-06 23:00:00,2,0,2
2014-04-07 00:00:00,1,1,0
2014-04-07 01:00:00,0,0,0
2014-04-07 02:00:00,0,0,0
2014-04-07 03:00:00,0,0,0
2014-04-07 04:00:00,0,0,0
2014-04-07 05:00:00,3,3,0
2014-04-07 06:00:00,11,5,6
2014-04-07 07:00:00,14,10,4
2014-04-07 08:00:00,19,11,8
2014-04-07 09:00:00,21,7,14
2014-04-07 10:00:00,29,16,13
2014-04-07 11:00:00,34,22,12
2014-04-07 12:00:00,36,15,21
2014-04-07 13:00:00,33,16,17
2014-04-07 14:00:00,42,29,13
2014-04-07 15:00:00,35,18,17
2014-04-07 16:00:00,47,20,27
2014-04-07 17:00:00,55,24,31
2014-04-07 18:00:00,42,21,21
2014-04-07 19:00:00,46,28,18
2014-04-07 20:00:00,8,4,4
2014-04-07 21:00:00,1,1,0
2014-04-07 22:00:00,0,0,0
2014-04-07 23:00:00,1,0,1
2014-04-08 00:00:00,1,1,0
2014-04-08 01:00:00,0,0,0
2014-04-08 02:00:00,0,0,0
2014-04-08 03:00:00,0,0,0
2014-04-08 04:00:00,2,0,2
2014-04-08 05:00:00,2,1,1
2014-04-08 06:00:00,18,7,11
2014-04-08 07:00:00,18,10,8
2014-04-08 08:00:00,79,37,42
2014-04-08 09:00:00,37,15,22
2014-04-08 10:00:00,33,18,15
2014-04-08 11:00:00,21,9,12
2014-04-08 12:00:00,62,34,28
2014-04-08 13:00:00,14,8,6
2014-04-08 14:00:00,22,11,11
2014-04-08 15:00:00,4,1,3
2014-04-08 16:00:00,15,7,8
2014-04-08 17:00:00,7,1,6
2014-04-08 18:00:00,13,5,8
2014-04-08 19:00:00,12,7,5
2014-04-08 20:00:00,15,5,10
2014-04-08 21:00:00,0,0,0
2014-04-08 22:00:00,0,0,0
2014-04-08 23:00:00,0,0,0
2014-04-09 00:00:00,0,0,0
2014-04-09 01:00:00,0,0,0
2014-04-09 02:00:00,0,0,0
2014-04-09 03:00:00,0,0,0
2014-04-09 04:00:00,0,0,0
2014-04-09 05:00:00,0,0,0
2014-04-09 06:00:00,19,9,10
2014-04-09 07:00:00,16,9,7
2014-04-09 08:00:00,22,12,10
2014-04-09 09:00:00,21,10,11
2014-04-09 10:00:00,17,8,9
2014-04-09 11:00:00,25,13,12
2014-04-09 12:00:00,22,12,10
2014-04-09 13:00:00,14,7,7
2014-04-09 14:00:00,28,15,13
2014-04-09 15:00:00,21,11,10
2014-04-09 16:00:00,31,13,18
2014-04-09 17:00:00,49,27,22
2014-04-09 18:00:00,52,27,25
2014-04-09 19:00:00,32,15,17
2014-04-09 20:00:00,8,5,3
2014-04-09 21:00:00,0,0,0
2014-04-09 22:00:00,1,0,1
2014-04-09 23:00:00,1,1,0
2014-04-10 00:00:00,0,0,0
2014-04-10 01:00:00,0,0,0
2014-04-10 02:00:00,0,0,0
2014-04-10 03:00:00,0,0,0
2014-04-10 04:00:00,0,0,0
2014-04-10 05:00:00,8,3,5
2014-04-10 06:00:00,7,4,3
2014-04-10 07:00:00,16,8,8
2014-04-10 08:00:00,22,10,12
2014-04-10 09:00:00,42,25,17
2014-04-10 10:00:00,31,15,16
2014-04-10 11:00:00,41,21,20
2014-04-10 12:00:00,29,12,17
2014-04-10 13:00:00,65,30,35
2014-04-10 14:00:00,19,12,7
2014-04-10 15:00:00,25,14,11
2014-04-10 16:00:00,27,15,12
2014-04-10 17:00:00,39,16,23
2014-04-10 18:00:00,39,23,16
2014-04-10 19:00:00,20,10,10
2014-04-10 20:00:00,3,2,1
2014-04-10 21:00:00,3,1,2
2014-04-10 22:00:00,1,1,0
2014-04-10 23:00:00,0,0,0
2014-04-11 00:00:00,0,0,0
2014-04-11 01:00:00,0,0,0
2014-04-11 02:00:00,0,0,0
2014-04-11 03:00:00,0,0,0
2014-04-11 04:00:00,0,0,0
2014-04-11 05:00:00,1,0,1
2014-04-11 06:00:00,11,7,4
2014-04-11 07:00:00,16,8,8
2014-04-11 08:00:00,32,13,19
2014-04-11 09:00:00,27,14,13
2014-04-11 10:00:00,40,25,15
2014-04-11 11:00:00,30,14,16
2014-04-11 12:00:00,51,23,28
2014-04-11 13:00:00,20,11,9
2014-04-11 14:00:00,12,7,5
2014-04-11 15:00:00,20,11,9
2014-04-11 16:00:00,35,16,19
2014-04-11 17:00:00,30,14,16
2014-04-11 18:00:00,29,17,12
2014-04-11 19:00:00,21,10,11
2014-04-11 20:00:00,7,4,3
2014-04-11 21:00:00,4,3,1
2014-04-11 22:00:00,0,0,0
2014-04-11 23:00:00,2,1,1
2014-04-12 00:00:00,0,0,0
2014-04-12 01:00:00,0,0,0
2014-04-12 02:00:00,0,0,0
2014-04-12 03:00:00,0,0,0
2014-04-12 04:00:00,0,0,0
2014-04-12 05:00:00,1,0,1
2014-04-12 06:00:00,8,2,6
2014-04-12 07:00:00,23,10,13
2014-04-12 08:00:00,55,32,23
2014-04-12 09:00:00,78,34,44
2014-04-12 10:00:00,65,28,37
2014-04-12 11:00:00,82,40,42
2014-04-12 12:00:00,72,37,35
2014-04-12 13:00:00,54,35,19
2014-04-12 14:00:00,63,33,30
2014-04-12 15:00:00,50,26,24
2014-04-12 16:00:00,48,25,23
2014-04-12 17:00:00,50,28,22
2014-04-12 18:00:00,30,16,14
2014-04-12 19:00:00,14,8,6
2014-04-12 20:00:00,5,3,2
2014-04-12 21:00:00,4,2,2
2014-04-12 22:00:00,1,1,0
2014-04-12 23:00:00,0,0,0
2014-04-13 00:00:00,0,0,0
2014-04-13 01:00:00,0,0,0
2014-04-13 02:00:00,0,0,0
2014-04-13 03:00:00,0,0,0
2014-04-13 04:00:00,0,0,0
2014-04-13 05:00:00,0,0,0
2014-04-13 06:00:00,5,3,2
2014-04-13 07:00:00,13,5,8
2014-04-13 08:00:00,33,18,15
2014-04-13 09:00:00,48,20,28
2014-04-13 10:00:00,65,32,33
2014-04-13 11:00:00,66,34,32
2014-04-13 12:00:00,79,41,38
2014-04-13 13:00:00,45,31,14
2014-04-13 14:00:00,47,27,20
2014-04-13 15:00:00,37,22,15
2014-04-13 16:00:00,50,24,26
2014-04-13 17:00:00,68,44,24
2014-04-13 18:00:00,29,14,15
2014-04-13 19:00:00,6,6,0
2014-04-13 20:00:00,1,1,0
2014-04-13 21:00:00,3,1,2
2014-04-13 22:00:00,1,1,0
2014-04-13 23:00:00,1,1,0
2014-04-14 00:00:00,2,1,1
2014-04-14 01:00:00,0,0,0
2014-04-14 02:00:00,0,0,0
2014-04-14 03:00:00,1,1,0
2014-04-14 04:00:00,0,0,0
2014-04-14 05:00:00,1,1,0
2014-04-14 06:00:00,14,5,9
2014-04-14 07:00:00,23,14,9
2014-04-14 08:00:00,16,10,6
2014-04-14 09:00:00,31,17,14
2014-04-14 10:00:00,22,15,7
2014-04-14 11:00:00,24,9,15
2014-04-14 12:00:00,32,17,15
2014-04-14 13:00:00,41,32,9
2014-04-14 14:00:00,18,11,7
2014-04-14 15:00:00,18,10,8
2014-04-14 16:00:00,35,14,21
2014-04-14 17:00:00,43,25,18
2014-04-14 18:00:00,37,21,16
2014-04-14 19:00:00,17,7,10
2014-04-14 20:00:00,6,5,1
2014-04-14 21:00:00,1,0,1
2014-04-14 22:00:00,1,1,0
2014-04-14 23:00:00,1,0,1
2014-04-15 00:00:00,1,1,0
2014-04-15 01:00:00,0,0,0
2014-04-15 02:00:00,0,0,0
2014-04-15 03:00:00,0,0,0
2014-04-15 04:00:00,0,0,0
2014-04-15 05:00:00,3,2,1
2014-04-15 06:00:00,11,5,6
2014-04-15 07:00:00,24,14,10
2014-04-15 08:00:00,28,16,12
2014-04-15 09:00:00,25,11,14
2014-04-15 10:00:00,22,13,9
2014-04-15 11:00:00,25,12,13
2014-04-15 12:00:00,25,14,11
2014-04-15 13:00:00,24,14,10
2014-04-15 14:00:00,6,3,3
2014-04-15 15:00:00,20,9,11
2014-04-15 16:00:00,38,15,23
2014-04-15 17:00:00,35,15,20
2014-04-15 18:00:00,36,16,20
2014-04-15 19:00:00,22,13,9
2014-04-15 20:00:00,3,2,1
2014-04-15 21:00:00,0,0,0
2014-04-15 22:00:00,1,0,1
2014-04-15 23:00:00,0,0,0
2014-04-16 00:00:00,0,0,0
2014-04-16 01:00:00,0,0,0
2014-04-16 02:00:00,0,0,0
2014-04-16 03:00:00,0,0,0
2014-04-16 04:00:00,0,0,0
2014-04-16 05:00:00,1,0,1
2014-04-16 06:00:00,10,5,5
2014-04-16 07:00:00,11,7,4
2014-04-16 08:00:00,14,7,7
2014-04-16 09:00:00,14,11,3
2014-04-16 10:00:00,11,5,6
2014-04-16 11:00:00,12,4,8
2014-04-16 12:00:00,19,9,10
2014-04-16 13:00:00,9,7,2
2014-04-16 14:00:00,20,10,10
2014-04-16 15:00:00,10,5,5
2014-04-16 16:00:00,24,15,9
2014-04-16 17:00:00,23,10,13
2014-04-16 18:00:00,13,7,6
2014-04-16 19:00:00,10,4,6
2014-04-16 20:00:00,2,1,1
2014-04-16 21:00:00,4,2,2
2014-04-16 22:00:00,0,0,0
2014-04-16 23:00:00,0,0,0
2014-04-17 00:00:00,0,0,0
2014-04-17 01:00:00,0,0,0
2014-04-17 02:00:00,0,0,0
2014-04-17 03:00:00,0,0,0
2014-04-17 04:00:00,0,0,0
2014-04-17 05:00:00,6,4,2
2014-04-17 06:00:00,6,3,3
2014-04-17 07:00:00,22,13,9
2014-04-17 08:00:00,23,10,13
2014-04-17 09:00:00,10,6,4
2014-04-17 10:00:00,16,9,7
2014-04-17 11:00:00,13,4,9
2014-04-17 12:00:00,27,15,12
2014-04-17 13:00:00,8,7,1
2014-04-17 14:00:00,7,4,3
2014-04-17 15:00:00,8,5,3
2014-04-17 16:00:00,11,5,6
2014-04-17 17:00:00,20,6,14
2014-04-17 18:00:00,11,6,5
2014-04-17 19:00:00,5,4,1
2014-04-17 20:00:00,2,2,0
2014-04-17 21:00:00,4,2,2
2014-04-17 22:00:00,2,1,1
2014-04-17 23:00:00,0,0,0
2014-04-18 00:00:00,0,0,0
2014-04-18 01:00:00,0,0,0
2014-04-18 02:00:00,0,0,0
2014-04-18 03:00:00,0,0,0
2014-04-18 04:00:00,0,0,0
2014-04-18 05:00:00,0,0,0
2014-04-18 06:00:00,13,6,7
2014-04-18 07:00:00,15,7,8
2014-04-18 08:00:00,25,16,9
2014-04-18 09:00:00,19,10,9
2014-04-18 10:00:00,25,11,14
2014-04-18 11:00:00,13,8,5
2014-04-18 12:00:00,30,14,16
2014-04-18 13:00:00,11,7,4
2014-04-18 14:00:00,21,10,11
2014-04-18 15:00:00,22,8,14
2014-04-18 16:00:00,29,13,16
2014-04-18 17:00:00,51,24,27
2014-04-18 18:00:00,32,13,19
2014-04-18 19:00:00,20,13,7
2014-04-18 20:00:00,1,1,0
2014-04-18 21:00:00,2,1,1
2014-04-18 22:00:00,0,0,0
2014-04-18 23:00:00,1,0,1
2014-04-19 00:00:00,1,1,0
2014-04-19 01:00:00,0,0,0
2014-04-19 02:00:00,0,0,0
2014-04-19 03:00:00,0,0,0
2014-04-19 04:00:00,0,0,0
2014-04-19 05:00:00,0,0,0
2014-04-19 06:00:00,2,0,2
2014-04-19 07:00:00,18,7,11
2014-04-19 08:00:00,51,23,28
2014-04-19 09:00:00,66,39,27
2014-04-19 10:00:00,67,38,29
2014-04-19 11:00:00,56,32,24
2014-04-19 12:00:00,8,5,3
2014-04-19 13:00:00,13,9,4
2014-04-19 14:00:00,17,7,10
2014-04-19 15:00:00,27,16,11
2014-04-19 16:00:00,36,18,18
2014-04-19 17:00:00,36,16,20
2014-04-19 18:00:00,35,19,16
2014-04-19 19:00:00,17,10,7
2014-04-19 20:00:00,9,6,3
2014-04-19 21:00:00,0,0,0
2014-04-19 22:00:00,0,0,0
2014-04-19 23:00:00,1,0,1
2014-04-20 00:00:00,1,1,0
2014-04-20 01:00:00,0,0,0
2014-04-20 02:00:00,0,0,0
2014-04-20 03:00:00,0,0,0
2014-04-20 04:00:00,0,0,0
2014-04-20 05:00:00,0,0,0
2014-04-20 06:00:00,3,0,3
2014-04-20 07:00:00,18,9,9
2014-04-20 08:00:00,38,21,17
2014-04-20 09:00:00,31,18,13
2014-04-20 10:00:00,63,28,35
2014-04-20 11:00:00,58,30,28
2014-04-20 12:00:00,40,24,16
2014-04-20 13:00:00,54,25,29
2014-04-20 14:00:00,52,29,23
2014-04-20 15:00:00,33,14,19
2014-04-20 16:00:00,43,21,22
2014-04-20 17:00:00,38,18,20
2014-04-20 18:00:00,26,15,11
2014-04-20 19:00:00,14,8,6
2014-04-20 20:00:00,6,4,2
2014-04-20 21:00:00,4,3,1
2014-04-20 22:00:00,0,0,0
2014-04-20 23:00:00,0,0,0
2014-04-21 00:00:00,0,0,0
2014-04-21 01:00:00,0,0,0
2014-04-21 02:00:00,0,0,0
2014-04-21 03:00:00,0,0,0
2014-04-21 04:00:00,0,0,0
2014-04-21 05:00:00,1,1,0
2014-04-21 06:00:00,13,7,6
2014-04-21 07:00:00,14,10,4
2014-04-21 08:00:00,20,8,12
2014-04-21 09:00:00,30,15,15
2014-04-21 10:00:00,20,10,10
2014-04-21 11:00:00,42,23,19
2014-04-21 12:00:00,41,26,15
2014-04-21 13:00:00,22,11,11
2014-04-21 14:00:00,14,7,7
2014-04-21 15:00:00,20,6,14
2014-04-21 16:00:00,36,18,18
2014-04-21 17:00:00,34,16,18
2014-04-21 18:00:00,23,12,11
2014-04-21 19:00:00,20,9,11
2014-04-21 20:00:00,6,5,1
2014-04-21 21:00:00,0,0,0
2014-04-21 22:00:00,0,0,0
2014-04-21 23:00:00,1,0,1
2014-04-22 00:00:00,0,0,0
2014-04-22 01:00:00,0,0,0
2014-04-22 02:00:00,0,0,0
2014-04-22 03:00:00,0,0,0
2014-04-22 04:00:00,0,0,0
2014-04-22 05:00:00,0,0,0
2014-04-22 06:00:00,11,5,6
2014-04-22 07:00:00,11,6,5
2014-04-22 08:00:00,13,8,5
2014-04-22 09:00:00,17,6,11
2014-04-22 10:00:00,25,15,10
2014-04-22 11:00:00,18,10,8
2014-04-22 12:00:00,27,15,12
2014-04-22 13:00:00,25,13,12
2014-04-22 14:00:00,24,15,9
2014-04-22 15:00:00,23,15,8
2014-04-22 16:00:00,25,8,17
2014-04-22 17:00:00,40,24,16
2014-04-22 18:00:00,35,13,22
2014-04-22 19:00:00,20,11,9
2014-04-22 20:00:00,2,1,1
2014-04-22 21:00:00,0,0,0
2014-04-22 22:00:00,0,0,0
2014-04-22 23:00:00,1,0,1
2014-04-23 00:00:00,0,0,0
2014-04-23 01:00:00,0,0,0
2014-04-23 02:00:00,0,0,0
2014-04-23 03:00:00,0,0,0
2014-04-23 04:00:00,0,0,0
2014-04-23 05:00:00,0,0,0
2014-04-23 06:00:00,13,5,8
2014-04-23 07:00:00,21,14,7
2014-04-23 08:00:00,27,13,14
2014-04-23 09:00:00,30,13,17
2014-04-23 10:00:00,24,11,13
2014-04-23 11:00:00,25,15,10
2014-04-23 12:00:00,19,11,8
2014-04-23 13:00:00,16,7,9
2014-04-23 14:00:00,25,12,13
2014-04-23 15:00:00,20,10,10
2014-04-23 16:00:00,8,4,4
2014-04-23 17:00:00,37,20,17
2014-04-23 18:00:00,19,10,9
2014-04-23 19:00:00,9,5,4
2014-04-23 20:00:00,5,2,3
2014-04-23 21:00:00,0,0,0
2014-04-23 22:00:00,0,0,0
2014-04-23 23:00:00,0,0,0
2014-04-24 00:00:00,0,0,0
2014-04-24 01:00:00,0,0,0
2014-04-24 02:00:00,0,0,0
2014-04-24 03:00:00,0,0,0
2014-04-24 04:00:00,0,0,0
2014-04-24 05:00:00,3,1,2
2014-04-24 06:00:00,14,7,7
2014-04-24 07:00:00,22,10,12
2014-04-24 08:00:00,24,14,10
2014-04-24 09:00:00,23,14,9
2014-04-24 10:00:00,14,7,7
2014-04-24 11:00:00,12,7,5
2014-04-24 12:00:00,14,6,8
2014-04-24 13:00:00,7,4,3
2014-04-24 14:00:00,10,5,5
2014-04-24 15:00:00,14,7,7
2014-04-24 16:00:00,27,10,17
2014-04-24 17:00:00,41,22,19
2014-04-24 18:00:00,19,11,8
2014-04-24 19:00:00,21,10,11
2014-04-24 20:00:00,14,7,7
2014-04-24 21:00:00,1,1,0
2014-04-24 22:00:00,0,0,0
2014-04-24 23:00:00,1,1,0
2014-04-25 00:00:00,0,0,0
2014-04-25 01:00:00,0,0,0
2014-04-25 02:00:00,0,0,0
2014-04-25 03:00:00,0,0,0
2014-04-25 04:00:00,0,0,0
2014-04-25 05:00:00,4,2,2
2014-04-25 06:00:00,14,8,6
2014-04-25 07:00:00,18,9,9
2014-04-25 08:00:00,17,11,6
2014-04-25 09:00:00,46,15,31
2014-04-25 10:00:00,51,27,24
2014-04-25 11:00:00,21,9,12
2014-04-25 12:00:00,40,29,11
2014-04-25 13:00:00,30,17,13
2014-04-25 14:00:00,33,18,15
2014-04-25 15:00:00,35,18,17
2014-04-25 16:00:00,24,11,13
2014-04-25 17:00:00,33,20,13
2014-04-25 18:00:00,20,6,14
2014-04-25 19:00:00,12,8,4
2014-04-25 20:00:00,6,3,3
2014-04-25 21:00:00,0,0,0
2014-04-25 22:00:00,3,2,1
2014-04-25 23:00:00,1,1,0
2014-04-26 00:00:00,0,0,0
2014-04-26 01:00:00,0,0,0
2014-04-26 02:00:00,3,1,2
2014-04-26 03:00:00,0,0,0
2014-04-26 04:00:00,0,0,0
2014-04-26 05:00:00,1,1,0
2014-04-26 06:00:00,8,2,6
2014-04-26 07:00:00,24,11,13
2014-04-26 08:00:00,37,16,21
2014-04-26 09:00:00,91,38,53
2014-04-26 10:00:00,82,38,44
2014-04-26 11:00:00,67,39,28
2014-04-26 12:00:00,43,20,23
2014-04-26 13:00:00,48,30,18
2014-04-26 14:00:00,39,23,16
2014-04-26 15:00:00,23,12,11
2014-04-26 16:00:00,33,21,12
2014-04-26 17:00:00,36,18,18
2014-04-26 18:00:00,25,15,10
2014-04-26 19:00:00,10,6,4
2014-04-26 20:00:00,6,5,1
2014-04-26 21:00:00,0,0,0
2014-04-26 22:00:00,1,0,1
2014-04-26 23:00:00,1,1,0
2014-04-27 00:00:00,0,0,0
2014-04-27 01:00:00,0,0,0
2014-04-27 02:00:00,0,0,0
2014-04-27 03:00:00,0,0,0
2014-04-27 04:00:00,0,0,0
2014-04-27 05:00:00,0,0,0
2014-04-27 06:00:00,3,1,2
2014-04-27 07:00:00,21,11,10
2014-04-27 08:00:00,34,14,20
2014-04-27 09:00:00,62,29,33
2014-04-27 10:00:00,71,26,45
2014-04-27 11:00:00,49,25,24
2014-04-27 12:00:00,65,38,27
2014-04-27 13:00:00,53,37,16
2014-04-27 14:00:00,37,21,16
2014-04-27 15:00:00,35,21,14
2014-04-27 16:00:00,46,22,24
2014-04-27 17:00:00,31,15,16
2014-04-27 18:00:00,15,6,9
2014-04-27 19:00:00,10,5,5
2014-04-27 20:00:00,5,4,1
2014-04-27 21:00:00,1,0,1
2014-04-27 22:00:00,1,1,0
2014-04-27 23:00:00,0,0,0
2014-04-28 00:00:00,0,0,0
2014-04-28 01:00:00,0,0,0
2014-04-28 02:00:00,0,0,0
2014-04-28 03:00:00,0,0,0
2014-04-28 04:00:00,1,1,0
2014-04-28 05:00:00,2,2,0
2014-04-28 06:00:00,22,11,11
2014-04-28 07:00:00,16,11,5
2014-04-28 08:00:00,13,6,7
2014-04-28 09:00:00,13,10,3
2014-04-28 10:00:00,16,8,8
2014-04-28 11:00:00,31,17,14
2014-04-28 12:00:00,46,22,24
2014-04-28 13:00:00,18,11,7
2014-04-28 14:00:00,18,11,7
2014-04-28 15:00:00,24,9,15
2014-04-28 16:00:00,45,20,25
2014-04-28 17:00:00,50,25,25
2014-04-28 18:00:00,45,23,22
2014-04-28 19:00:00,37,25,12
2014-04-28 20:00:00,5,2,3
2014-04-28 21:00:00,0,0,0
2014-04-28 22:00:00,1,0,1
2014-04-28 23:00:00,0,0,0
2014-04-29 00:00:00,2,1,1
2014-04-29 01:00:00,0,0,0
2014-04-29 02:00:00,0,0,0
2014-04-29 03:00:00,0,0,0
2014-04-29 04:00:00,0,0,0
2014-04-29 05:00:00,1,0,1
2014-04-29 06:00:00,5,3,2
2014-04-29 07:00:00,26,13,13
2014-04-29 08:00:00,28,16,12
2014-04-29 09:00:00,20,8,12
2014-04-29 10:00:00,46,28,18
2014-04-29 11:00:00,22,14,8
2014-04-29 12:00:00,43,18,25
2014-04-29 13:00:00,32,17,15
2014-04-29 14:00:00,37,20,17
2014-04-29 15:00:00,37,18,19
2014-04-29 16:00:00,33,16,17
2014-04-29 17:00:00,48,27,21
2014-04-29 18:00:00,41,17,24
2014-04-29 19:00:00,37,24,13
2014-04-29 20:00:00,33,18,15
2014-04-29 21:00:00,3,2,1
2014-04-29 22:00:00,2,1,1
2014-04-29 23:00:00,0,0,0
2014-04-30 00:00:00,0,0,0
2014-04-30 01:00:00,0,0,0
2014-04-30 02:00:00,0,0,0
2014-04-30 03:00:00,0,0,0
2014-04-30 04:00:00,0,0,0
2014-04-30 05:00:00,3,1,2
2014-04-30 06:00:00,27,11,16
2014-04-30 07:00:00,35,21,14
2014-04-30 08:00:00,29,17,12
2014-04-30 09:00:00,49,25,24
2014-04-30 10:00:00,41,26,15
2014-04-30 11:00:00,37,24,13
2014-04-30 12:00:00,37,23,14
2014-04-30 13:00:00,25,11,14
2014-04-30 14:00:00,27,16,11
2014-04-30 15:00:00,29,17,12
2014-04-30 16:00:00,34,17,17
2014-04-30 17:00:00,54,21,33
2014-04-30 18:00:00,54,27,27
2014-04-30 19:00:00,36,18,18
2014-04-30 20:00:00,10,5,5
2014-04-30 21:00:00,6,3,3
2014-04-30 22:00:00,1,1,0
2014-04-30 23:00:00,1,1,0
2014-05-01 00:00:00,0,0,0
2014-05-01 01:00:00,0,0,0
2014-05-01 02:00:00,0,0,0
2014-05-01 03:00:00,0,0,0
2014-05-01 04:00:00,0,0,0
2014-05-01 05:00:00,5,2,3
2014-05-01 06:00:00,23,11,12
2014-05-01 07:00:00,23,17,6
2014-05-01 08:00:00,29,17,12
2014-05-01 09:00:00,32,20,12
2014-05-01 10:00:00,32,13,19
2014-05-01 11:00:00,44,27,17
2014-05-01 12:00:00,34,19,15
2014-05-01 13:00:00,29,14,15
2014-05-01 14:00:00,27,18,9
2014-05-01 15:00:00,18,11,7
2014-05-01 16:00:00,35,14,21
2014-05-01 17:00:00,30,11,19
2014-05-01 18:00:00,45,20,25
2014-05-01 19:00:00,29,17,12
2014-05-01 20:00:00,19,10,9
2014-05-01 21:00:00,3,2,1
2014-05-01 22:00:00,1,1,0
2014-05-01 23:00:00,1,0,1
2014-05-02 00:00:00,0,0,0
2014-05-02 01:00:00,0,0,0
2014-05-02 02:00:00,0,0,0
2014-05-02 03:00:00,0,0,0
2014-05-02 04:00:00,0,0,0
2014-05-02 05:00:00,8,4,4
2014-05-02 06:00:00,18,10,8
2014-05-02 07:00:00,24,12,12
2014-05-02 08:00:00,32,16,16
2014-05-02 09:00:00,34,19,15
2014-05-02 10:00:00,30,18,12
2014-05-02 11:00:00,25,11,14
2014-05-02 12:00:00,28,15,13
2014-05-02 13:00:00,17,11,6
2014-05-02 14:00:00,13,6,7
2014-05-02 15:00:00,24,11,13
2014-05-02 16:00:00,31,14,17
2014-05-02 17:00:00,26,14,12
2014-05-02 18:00:00,23,15,8
2014-05-02 19:00:00,13,7,6
2014-05-02 20:00:00,3,2,1
2014-05-02 21:00:00,2,1,1
2014-05-02 22:00:00,0,0,0
2014-05-02 23:00:00,1,1,0
2014-05-03 00:00:00,0,0,0
2014-05-03 01:00:00,0,0,0
2014-05-03 02:00:00,1,1,0
2014-05-03 03:00:00,1,0,1
2014-05-03 04:00:00,0,0,0
2014-05-03 05:00:00,2,1,1
2014-05-03 06:00:00,5,2,3
2014-05-03 07:00:00,27,9,18
2014-05-03 08:00:00,59,25,34
2014-05-03 09:00:00,68,34,34
2014-05-03 10:00:00,146,79,67
2014-05-03 11:00:00,173,90,83
2014-05-03 12:00:00,71,45,26
2014-05-03 13:00:00,59,35,24
2014-05-03 14:00:00,14,10,4
2014-05-03 15:00:00,15,8,7
2014-05-03 16:00:00,16,6,10
2014-05-03 17:00:00,12,7,5
2014-05-03 18:00:00,10,6,4
2014-05-03 19:00:00,7,4,3
2014-05-03 20:00:00,0,0,0
2014-05-03 21:00:00,0,0,0
2014-05-03 22:00:00,0,0,0
2014-05-03 23:00:00,0,0,0
2014-05-04 00:00:00,0,0,0
2014-05-04 01:00:00,0,0,0
2014-05-04 02:00:00,0,0,0
2014-05-04 03:00:00,0,0,0
2014-05-04 04:00:00,0,0,0
2014-05-04 05:00:00,0,0,0
2014-05-04 06:00:00,2,1,1
2014-05-04 07:00:00,18,10,8
2014-05-04 08:00:00,22,11,11
2014-05-04 09:00:00,26,16,10
2014-05-04 10:00:00,29,15,14
2014-05-04 11:00:00,38,19,19
2014-05-04 12:00:00,45,24,21
2014-05-04 13:00:00,25,11,14
2014-05-04 14:00:00,41,22,19
2014-05-04 15:00:00,36,20,16
2014-05-04 16:00:00,24,11,13
2014-05-04 17:00:00,21,12,9
2014-05-04 18:00:00,17,9,8
2014-05-04 19:00:00,9,2,7
2014-05-04 20:00:00,11,8,3
2014-05-04 21:00:00,0,0,0
2014-05-04 22:00:00,0,0,0
2014-05-04 23:00:00,0,0,0
2014-05-05 00:00:00,0,0,0
2014-05-05 01:00:00,0,0,0
2014-05-05 02:00:00,0,0,0
2014-05-05 03:00:00,0,0,0
2014-05-05 04:00:00,1,1,0
2014-05-05 05:00:00,3,1,2
2014-05-05 06:00:00,11,8,3
2014-05-05 07:00:00,17,9,8
2014-05-05 08:00:00,17,7,10
2014-05-05 09:00:00,32,17,15
2014-05-05 10:00:00,45,27,18
2014-05-05 11:00:00,22,12,10
2014-05-05 12:00:00,32,21,11
2014-05-05 13:00:00,15,6,9
2014-05-05 14:00:00,21,15,6
2014-05-05 15:00:00,34,15,19
2014-05-05 16:00:00,28,15,13
2014-05-05 17:00:00,34,16,18
2014-05-05 18:00:00,45,20,25
2014-05-05 19:00:00,27,13,14
2014-05-05 20:00:00,17,10,7
2014-05-05 21:00:00,3,2,1
2014-05-05 22:00:00,0,0,0
2014-05-05 23:00:00,0,0,0
2014-05-06 00:00:00,1,1,0
2014-05-06 01:00:00,0,0,0
2014-05-06 02:00:00,0,0,0
2014-05-06 03:00:00,0,0,0
2014-05-06 04:00:00,0,0,0
2014-05-06 05:00:00,2,2,0
2014-05-06 06:00:00,12,8,4
2014-05-06 07:00:00,28,15,13
2014-05-06 08:00:00,21,13,8
2014-05-06 09:00:00,28,11,17
2014-05-06 10:00:00,29,20,9
2014-05-06 11:00:00,28,10,18
2014-05-06 12:00:00,30,17,13
2014-05-06 13:00:00,21,10,11
2014-05-06 14:00:00,16,8,8
2014-05-06 15:00:00,24,11,13
2014-05-06 16:00:00,27,16,11
2014-05-06 17:00:00,38,19,19
2014-05-06 18:00:00,62,32,30
2014-05-06 19:00:00,29,15,14
2014-05-06 20:00:00,18,10,8
2014-05-06 21:00:00,4,3,1
2014-05-06 22:00:00,1,0,1
2014-05-06 23:00:00,0,0,0
2014-05-07 00:00:00,1,1,0
2014-05-07 01:00:00,1,0,1
2014-05-07 02:00:00,0,0,0
2014-05-07 03:00:00,0,0,0
2014-05-07 04:00:00,0,0,0
2014-05-07 05:00:00,5,3,2
2014-05-07 06:00:00,23,12,11
2014-05-07 07:00:00,33,20,13
2014-05-07 08:00:00,31,19,12
2014-05-07 09:00:00,36,17,19
2014-05-07 10:00:00,34,20,14
2014-05-07 11:00:00,25,10,15
2014-05-07 12:00:00,31,17,14
2014-05-07 13:00:00,24,12,12
2014-05-07 14:00:00,14,8,6
2014-05-07 15:00:00,14,7,7
2014-05-07 16:00:00,36,16,20
2014-05-07 17:00:00,36,19,17
2014-05-07 18:00:00,41,19,22
2014-05-07 19:00:00,32,20,12
2014-05-07 20:00:00,27,13,14
2014-05-07 21:00:00,3,2,1
2014-05-07 22:00:00,1,1,0
2014-05-07 23:00:00,0,0,0
2014-05-08 00:00:00,0,0,0
2014-05-08 01:00:00,0,0,0
2014-05-08 02:00:00,0,0,0
2014-05-08 03:00:00,0,0,0
2014-05-08 04:00:00,0,0,0
2014-05-08 05:00:00,4,1,3
2014-05-08 06:00:00,18,11,7
2014-05-08 07:00:00,24,15,9
2014-05-08 08:00:00,24,15,9
2014-05-08 09:00:00,37,19,18
2014-05-08 10:00:00,37,24,13
2014-05-08 11:00:00,25,11,14
2014-05-08 12:00:00,14,9,5
2014-05-08 13:00:00,5,4,1
2014-05-08 14:00:00,10,5,5
2014-05-08 15:00:00,7,3,4
2014-05-08 16:00:00,3,0,3
2014-05-08 17:00:00,10,7,3
2014-05-08 18:00:00,18,6,12
2014-05-08 19:00:00,10,7,3
2014-05-08 20:00:00,2,1,1
2014-05-08 21:00:00,3,2,1
2014-05-08 22:00:00,4,1,3
2014-05-08 23:00:00,1,1,0
2014-05-09 00:00:00,0,0,0
2014-05-09 01:00:00,0,0,0
2014-05-09 02:00:00,0,0,0
2014-05-09 03:00:00,0,0,0
2014-05-09 04:00:00,0,0,0
2014-05-09 05:00:00,2,1,1
2014-05-09 06:00:00,20,10,10
2014-05-09 07:00:00,15,8,7
2014-05-09 08:00:00,18,10,8
2014-05-09 09:00:00,20,11,9
2014-05-09 10:00:00,43,18,25
2014-05-09 11:00:00,27,16,11
2014-05-09 12:00:00,24,14,10
2014-05-09 13:00:00,24,14,10
2014-05-09 14:00:00,10,7,3
2014-05-09 15:00:00,15,9,6
2014-05-09 16:00:00,20,5,15
2014-05-09 17:00:00,25,13,12
2014-05-09 18:00:00,23,14,9
2014-05-09 19:00:00,11,6,5
2014-05-09 20:00:00,7,3,4
2014-05-09 21:00:00,5,3,2
2014-05-09 22:00:00,0,0,0
2014-05-09 23:00:00,0,0,0
2014-05-10 00:00:00,0,0,0
2014-05-10 01:00:00,0,0,0
2014-05-10 02:00:00,0,0,0
2014-05-10 03:00:00,0,0,0
2014-05-10 04:00:00,0,0,0
2014-05-10 05:00:00,0,0,0
2014-05-10 06:00:00,3,1,2
2014-05-10 07:00:00,19,9,10
2014-05-10 08:00:00,39,14,25
2014-05-10 09:00:00,36,21,15
2014-05-10 10:00:00,56,30,26
2014-05-10 11:00:00,50,30,20
2014-05-10 12:00:00,58,30,28
2014-05-10 13:00:00,38,18,20
2014-05-10 14:00:00,44,27,17
2014-05-10 15:00:00,29,14,15
2014-05-10 16:00:00,33,14,19
2014-05-10 17:00:00,30,19,11
2014-05-10 18:00:00,24,11,13
2014-05-10 19:00:00,11,8,3
2014-05-10 20:00:00,5,1,4
2014-05-10 21:00:00,3,2,1
2014-05-10 22:00:00,1,0,1
2014-05-10 23:00:00,0,0,0
2014-05-11 00:00:00,0,0,0
2014-05-11 01:00:00,0,0,0
2014-05-11 02:00:00,0,0,0
2014-05-11 03:00:00,0,0,0
2014-05-11 04:00:00,0,0,0
2014-05-11 05:00:00,2,1,1
2014-05-11 06:00:00,3,1,2
2014-05-11 07:00:00,18,8,10
2014-05-11 08:00:00,55,40,15
2014-05-11 09:00:00,48,30,18
2014-05-11 10:00:00,62,30,32
2014-05-11 11:00:00,50,27,23
2014-05-11 12:00:00,30,16,14
2014-05-11 13:00:00,40,20,20
2014-05-11 14:00:00,58,25,33
2014-05-11 15:00:00,32,19,13
2014-05-11 16:00:00,45,24,21
2014-05-11 17:00:00,47,28,19
2014-05-11 18:00:00,39,24,15
2014-05-11 19:00:00,10,6,4
2014-05-11 20:00:00,7,3,4
2014-05-11 21:00:00,2,2,0
2014-05-11 22:00:00,1,1,0
2014-05-11 23:00:00,1,0,1
2014-05-12 00:00:00,0,0,0
2014-05-12 01:00:00,0,0,0
2014-05-12 02:00:00,0,0,0
2014-05-12 03:00:00,0,0,0
2014-05-12 04:00:00,0,0,0
2014-05-12 05:00:00,2,0,2
2014-05-12 06:00:00,21,13,8
2014-05-12 07:00:00,19,12,7
2014-05-12 08:00:00,32,15,17
2014-05-12 09:00:00,33,16,17
2014-05-12 10:00:00,38,21,17
2014-05-12 11:00:00,29,12,17
2014-05-12 12:00:00,50,30,20
2014-05-12 13:00:00,23,15,8
2014-05-12 14:00:00,20,15,5
2014-05-12 15:00:00,21,7,14
2014-05-12 16:00:00,34,18,16
2014-05-12 17:00:00,52,20,32
2014-05-12 18:00:00,44,23,21
2014-05-12 19:00:00,52,23,29
2014-05-12 20:00:00,41,22,19
2014-05-12 21:00:00,8,5,3
2014-05-12 22:00:00,0,0,0
2014-05-12 23:00:00,0,0,0
2014-05-13 00:00:00,0,0,0
2014-05-13 01:00:00,0,0,0
2014-05-13 02:00:00,0,0,0
2014-05-13 03:00:00,0,0,0
2014-05-13 04:00:00,0,0,0
2014-05-13 05:00:00,3,2,1
2014-05-13 06:00:00,18,11,7
2014-05-13 07:00:00,24,9,15
2014-05-13 08:00:00,35,23,12
2014-05-13 09:00:00,28,12,16
2014-05-13 10:00:00,44,22,22
2014-05-13 11:00:00,35,23,12
2014-05-13 12:00:00,37,19,18
2014-05-13 13:00:00,32,16,16
2014-05-13 14:00:00,9,6,3
2014-05-13 15:00:00,22,5,17
2014-05-13 16:00:00,36,18,18
2014-05-13 17:00:00,46,22,24
2014-05-13 18:00:00,60,25,35
2014-05-13 19:00:00,44,24,20
2014-05-13 20:00:00,25,14,11
2014-05-13 21:00:00,8,6,2
2014-05-13 22:00:00,2,2,0
2014-05-13 23:00:00,0,0,0
2014-05-14 00:00:00,0,0,0
2014-05-14 01:00:00,0,0,0
2014-05-14 02:00:00,0,0,0
2014-05-14 03:00:00,0,0,0
2014-05-14 04:00:00,0,0,0
2014-05-14 05:00:00,7,4,3
2014-05-14 06:00:00,18,12,6
2014-05-14 07:00:00,29,18,11
2014-05-14 08:00:00,29,14,15
2014-05-14 09:00:00,33,21,12
2014-05-14 10:00:00,26,16,10
2014-05-14 11:00:00,22,14,8
2014-05-14 12:00:00,29,14,15
2014-05-14 13:00:00,22,14,8
2014-05-14 14:00:00,23,10,13
2014-05-14 15:00:00,35,20,15
2014-05-14 16:00:00,30,16,14
2014-05-14 17:00:00,39,17,22
2014-05-14 18:00:00,48,25,23
2014-05-14 19:00:00,32,16,16
2014-05-14 20:00:00,23,14,9
2014-05-14 21:00:00,3,2,1
2014-05-14 22:00:00,3,2,1
2014-05-14 23:00:00,0,0,0
2014-05-15 00:00:00,0,0,0
2014-05-15 01:00:00,0,0,0
2014-05-15 02:00:00,0,0,0
2014-05-15 03:00:00,0,0,0
2014-05-15 04:00:00,0,0,0
2014-05-15 05:00:00,7,5,2
2014-05-15 06:00:00,12,5,7
2014-05-15 07:00:00,35,19,16
2014-05-15 08:00:00,24,14,10
2014-05-15 09:00:00,59,28,31
2014-05-15 10:00:00,26,14,12
2014-05-15 11:00:00,35,19,16
2014-05-15 12:00:00,28,14,14
2014-05-15 13:00:00,35,14,21
2014-05-15 14:00:00,16,8,8
2014-05-15 15:00:00,16,7,9
2014-05-15 16:00:00,24,11,13
2014-05-15 17:00:00,55,24,31
2014-05-15 18:00:00,33,18,15
2014-05-15 19:00:00,37,21,16
2014-05-15 20:00:00,25,13,12
2014-05-15 21:00:00,7,5,2
2014-05-15 22:00:00,1,0,1
2014-05-15 23:00:00,3,2,1
2014-05-16 00:00:00,0,0,0
2014-05-16 01:00:00,0,0,0
2014-05-16 02:00:00,0,0,0
2014-05-16 03:00:00,0,0,0
2014-05-16 04:00:00,0,0,0
2014-05-16 05:00:00,3,2,1
2014-05-16 06:00:00,17,7,10
2014-05-16 07:00:00,35,20,15
2014-05-16 08:00:00,24,15,9
2014-05-16 09:00:00,29,16,13
2014-05-16 10:00:00,37,16,21
2014-05-16 11:00:00,36,20,16
2014-05-16 12:00:00,25,15,10
2014-05-16 13:00:00,10,6,4
2014-05-16 14:00:00,23,10,13
2014-05-16 15:00:00,32,16,16
2014-05-16 16:00:00,31,16,15
2014-05-16 17:00:00,36,22,14
2014-05-16 18:00:00,30,14,16
2014-05-16 19:00:00,21,12,9
2014-05-16 20:00:00,8,4,4
2014-05-16 21:00:00,3,3,0
2014-05-16 22:00:00,3,2,1
2014-05-16 23:00:00,0,0,0
2014-05-17 00:00:00,0,0,0
2014-05-17 01:00:00,0,0,0
2014-05-17 02:00:00,0,0,0
2014-05-17 03:00:00,0,0,0
2014-05-17 04:00:00,1,1,0
2014-05-17 05:00:00,1,0,1
2014-05-17 06:00:00,3,1,2
2014-05-17 07:00:00,14,7,7
2014-05-17 08:00:00,29,14,15
2014-05-17 09:00:00,49,21,28
2014-05-17 10:00:00,90,54,36
2014-05-17 11:00:00,88,57,31
2014-05-17 12:00:00,66,31,35
2014-05-17 13:00:00,39,16,23
2014-05-17 14:00:00,45,19,26
2014-05-17 15:00:00,31,14,17
2014-05-17 16:00:00,45,23,22
2014-05-17 17:00:00,29,21,8
2014-05-17 18:00:00,23,15,8
2014-05-17 19:00:00,11,6,5
2014-05-17 20:00:00,5,4,1
2014-05-17 21:00:00,0,0,0
2014-05-17 22:00:00,2,1,1
2014-05-17 23:00:00,0,0,0
2014-05-18 00:00:00,0,0,0
2014-05-18 01:00:00,0,0,0
2014-05-18 02:00:00,0,0,0
2014-05-18 03:00:00,0,0,0
2014-05-18 04:00:00,0,0,0
2014-05-18 05:00:00,2,1,1
2014-05-18 06:00:00,8,3,5
2014-05-18 07:00:00,25,11,14
2014-05-18 08:00:00,40,20,20
2014-05-18 09:00:00,39,17,22
2014-05-18 10:00:00,57,28,29
2014-05-18 11:00:00,59,32,27
2014-05-18 12:00:00,53,32,21
2014-05-18 13:00:00,49,23,26
2014-05-18 14:00:00,31,15,16
2014-05-18 15:00:00,49,31,18
2014-05-18 16:00:00,47,21,26
2014-05-18 17:00:00,35,20,15
2014-05-18 18:00:00,23,15,8
2014-05-18 19:00:00,14,9,5
2014-05-18 20:00:00,5,2,3
2014-05-18 21:00:00,1,1,0
2014-05-18 22:00:00,0,0,0
2014-05-18 23:00:00,0,0,0
2014-05-19 00:00:00,0,0,0
2014-05-19 01:00:00,0,0,0
2014-05-19 02:00:00,0,0,0
2014-05-19 03:00:00,0,0,0
2014-05-19 04:00:00,0,0,0
2014-05-19 05:00:00,2,1,1
2014-05-19 06:00:00,15,8,7
2014-05-19 07:00:00,26,17,9
2014-05-19 08:00:00,32,15,17
2014-05-19 09:00:00,24,12,12
2014-05-19 10:00:00,33,19,14
2014-05-19 11:00:00,23,10,13
2014-05-19 12:00:00,35,20,15
2014-05-19 13:00:00,17,10,7
2014-05-19 14:00:00,20,9,11
2014-05-19 15:00:00,22,12,10
2014-05-19 16:00:00,32,19,13
2014-05-19 17:00:00,26,12,14
2014-05-19 18:00:00,38,16,22
2014-05-19 19:00:00,36,21,15
2014-05-19 20:00:00,12,5,7
2014-05-19 21:00:00,4,3,1
2014-05-19 22:00:00,1,0,1
2014-05-19 23:00:00,0,0,0
2014-05-20 00:00:00,0,0,0
2014-05-20 01:00:00,0,0,0
2014-05-20 02:00:00,0,0,0
2014-05-20 03:00:00,0,0,0
2014-05-20 04:00:00,0,0,0
2014-05-20 05:00:00,3,3,0
2014-05-20 06:00:00,20,11,9
2014-05-20 07:00:00,26,15,11
2014-05-20 08:00:00,29,20,9
2014-05-20 09:00:00,31,14,17
2014-05-20 10:00:00,28,14,14
2014-05-20 11:00:00,37,22,15
2014-05-20 12:00:00,42,18,24
2014-05-20 13:00:00,29,18,11
2014-05-20 14:00:00,22,13,9
2014-05-20 15:00:00,26,10,16
2014-05-20 16:00:00,40,21,19
2014-05-20 17:00:00,39,20,19
2014-05-20 18:00:00,45,24,21
2014-05-20 19:00:00,37,16,21
2014-05-20 20:00:00,22,11,11
2014-05-20 21:00:00,9,6,3
2014-05-20 22:00:00,2,1,1
2014-05-20 23:00:00,1,1,0
2014-05-21 00:00:00,0,0,0
2014-05-21 01:00:00,0,0,0
2014-05-21 02:00:00,0,0,0
2014-05-21 03:00:00,0,0,0
2014-05-21 04:00:00,0,0,0
2014-05-21 05:00:00,5,1,4
2014-05-21 06:00:00,35,19,16
2014-05-21 07:00:00,28,19,9
2014-05-21 08:00:00,18,11,7
2014-05-21 09:00:00,17,8,9
2014-05-21 10:00:00,20,11,9
2014-05-21 11:00:00,19,11,8
2014-05-21 12:00:00,25,11,14
2014-05-21 13:00:00,27,18,9
2014-05-21 14:00:00,22,9,13
2014-05-21 15:00:00,20,11,9
2014-05-21 16:00:00,35,19,16
2014-05-21 17:00:00,25,10,15
2014-05-21 18:00:00,36,17,19
2014-05-21 19:00:00,37,18,19
2014-05-21 20:00:00,16,12,4
2014-05-21 21:00:00,8,5,3
2014-05-21 22:00:00,3,3,0
2014-05-21 23:00:00,0,0,0
2014-05-22 00:00:00,0,0,0
2014-05-22 01:00:00,0,0,0
2014-05-22 02:00:00,0,0,0
2014-05-22 03:00:00,0,0,0
2014-05-22 04:00:00,0,0,0
2014-05-22 05:00:00,4,3,1
2014-05-22 06:00:00,24,11,13
2014-05-22 07:00:00,26,13,13
2014-05-22 08:00:00,27,15,12
2014-05-22 09:00:00,22,10,12
2014-05-22 10:00:00,27,13,14
2014-05-22 11:00:00,35,21,14
2014-05-22 12:00:00,33,14,19
2014-05-22 13:00:00,26,16,10
2014-05-22 14:00:00,17,10,7
2014-05-22 15:00:00,26,11,15
2014-05-22 16:00:00,31,14,17
2014-05-22 17:00:00,49,22,27
2014-05-22 18:00:00,36,18,18
2014-05-22 19:00:00,41,24,17
2014-05-22 20:00:00,26,18,8
2014-05-22 21:00:00,3,2,1
2014-05-22 22:00:00,2,0,2
2014-05-22 23:00:00,1,0,1
2014-05-23 00:00:00,1,0,1
2014-05-23 01:00:00,0,0,0
2014-05-23 02:00:00,0,0,0
2014-05-23 03:00:00,0,0,0
2014-05-23 04:00:00,0,0,0
2014-05-23 05:00:00,1,0,1
2014-05-23 06:00:00,18,7,11
2014-05-23 07:00:00,17,12,5
2014-05-23 08:00:00,13,8,5
2014-05-23 09:00:00,13,7,6
2014-05-23 10:00:00,11,8,3
2014-05-23 11:00:00,15,9,6
2014-05-23 12:00:00,19,10,9
2014-05-23 13:00:00,15,8,7
2014-05-23 14:00:00,13,7,6
2014-05-23 15:00:00,15,6,9
2014-05-23 16:00:00,24,5,19
2014-05-23 17:00:00,24,10,14
2014-05-23 18:00:00,30,17,13
2014-05-23 19:00:00,14,11,3
2014-05-23 20:00:00,6,2,4
2014-05-23 21:00:00,1,1,0
2014-05-23 22:00:00,2,2,0
2014-05-23 23:00:00,1,1,0
2014-05-24 00:00:00,0,0,0
2014-05-24 01:00:00,0,0,0
2014-05-24 02:00:00,0,0,0
2014-05-24 03:00:00,0,0,0
2014-05-24 04:00:00,0,0,0
2014-05-24 05:00:00,0,0,0
2014-05-24 06:00:00,2,0,2
2014-05-24 07:00:00,18,8,10
2014-05-24 08:00:00,54,24,30
2014-05-24 09:00:00,65,31,34
2014-05-24 10:00:00,75,36,39
2014-05-24 11:00:00,50,28,22
2014-05-24 12:00:00,51,28,23
2014-05-24 13:00:00,30,19,11
2014-05-24 14:00:00,29,18,11
2014-05-24 15:00:00,36,18,18
2014-05-24 16:00:00,29,19,10
2014-05-24 17:00:00,27,17,10
2014-05-24 18:00:00,24,13,11
2014-05-24 19:00:00,13,6,7
2014-05-24 20:00:00,7,3,4
2014-05-24 21:00:00,2,2,0
2014-05-24 22:00:00,4,2,2
2014-05-24 23:00:00,1,1,0
2014-05-25 00:00:00,0,0,0
2014-05-25 01:00:00,0,0,0
2014-05-25 02:00:00,0,0,0
2014-05-25 03:00:00,0,0,0
2014-05-25 04:00:00,0,0,0
2014-05-25 05:00:00,1,0,1
2014-05-25 06:00:00,5,1,4
2014-05-25 07:00:00,13,6,7
2014-05-25 08:00:00,35,21,14
2014-05-25 09:00:00,44,18,26
2014-05-25 10:00:00,30,18,12
2014-05-25 11:00:00,51,27,24
2014-05-25 12:00:00,38,16,22
2014-05-25 13:00:00,31,19,12
2014-05-25 14:00:00,32,19,13
2014-05-25 15:00:00,25,15,10
2014-05-25 16:00:00,16,8,8
2014-05-25 17:00:00,6,4,2
2014-05-25 18:00:00,6,4,2
2014-05-25 19:00:00,11,8,3
2014-05-25 20:00:00,4,2,2
2014-05-25 21:00:00,8,5,3
2014-05-25 22:00:00,0,0,0
2014-05-25 23:00:00,0,0,0
2014-05-26 00:00:00,0,0,0
2014-05-26 01:00:00,0,0,0
2014-05-26 02:00:00,0,0,0
2014-05-26 03:00:00,0,0,0
2014-05-26 04:00:00,0,0,0
2014-05-26 05:00:00,0,0,0
2014-05-26 06:00:00,9,3,6
2014-05-26 07:00:00,17,10,7
2014-05-26 08:00:00,37,19,18
2014-05-26 09:00:00,22,8,14
2014-05-26 10:00:00,52,24,28
2014-05-26 11:00:00,68,29,39
2014-05-26 12:00:00,66,35,31
2014-05-26 13:00:00,52,36,16
2014-05-26 14:00:00,37,19,18
2014-05-26 15:00:00,50,27,23
2014-05-26 16:00:00,47,29,18
2014-05-26 17:00:00,58,26,32
2014-05-26 18:00:00,34,22,12
2014-05-26 19:00:00,20,13,7
2014-05-26 20:00:00,16,11,5
2014-05-26 21:00:00,5,3,2
2014-05-26 22:00:00,0,0,0
2014-05-26 23:00:00,0,0,0
2014-05-27 00:00:00,0,0,0
2014-05-27 01:00:00,0,0,0
2014-05-27 02:00:00,0,0,0
2014-05-27 03:00:00,0,0,0
2014-05-27 04:00:00,0,0,0
2014-05-27 05:00:00,2,0,2
2014-05-27 06:00:00,14,10,4
2014-05-27 07:00:00,15,9,6
2014-05-27 08:00:00,29,20,9
2014-05-27 09:00:00,35,18,17
2014-05-27 10:00:00,29,16,13
2014-05-27 11:00:00,16,8,8
2014-05-27 12:00:00,36,24,12
2014-05-27 13:00:00,15,7,8
2014-05-27 14:00:00,21,12,9
2014-05-27 15:00:00,16,8,8
2014-05-27 16:00:00,28,14,14
2014-05-27 17:00:00,49,23,26
2014-05-27 18:00:00,40,19,21
2014-05-27 19:00:00,33,17,16
2014-05-27 20:00:00,18,11,7
2014-05-27 21:00:00,5,2,3
2014-05-27 22:00:00,0,0,0
2014-05-27 23:00:00,1,0,1
2014-05-28 00:00:00,0,0,0
2014-05-28 01:00:00,0,0,0
2014-05-28 02:00:00,0,0,0
2014-05-28 03:00:00,0,0,0
2014-05-28 04:00:00,1,0,1
2014-05-28 05:00:00,3,1,2
2014-05-28 06:00:00,25,12,13
2014-05-28 07:00:00,31,17,14
2014-05-28 08:00:00,27,16,11
2014-05-28 09:00:00,35,17,18
2014-05-28 10:00:00,25,18,7
2014-05-28 11:00:00,30,14,16
2014-05-28 12:00:00,28,19,9
2014-05-28 13:00:00,17,10,7
2014-05-28 14:00:00,27,14,13
2014-05-28 15:00:00,15,6,9
2014-05-28 16:00:00,28,17,11
2014-05-28 17:00:00,32,15,17
2014-05-28 18:00:00,36,19,17
2014-05-28 19:00:00,37,18,19
2014-05-28 20:00:00,26,17,9
2014-05-28 21:00:00,3,3,0
2014-05-28 22:00:00,1,0,1
2014-05-28 23:00:00,1,1,0
2014-05-29 00:00:00,0,0,0
2014-05-29 01:00:00,0,0,0
2014-05-29 02:00:00,0,0,0
2014-05-29 03:00:00,0,0,0
2014-05-29 04:00:00,0,0,0
2014-05-29 05:00:00,6,1,5
2014-05-29 06:00:00,13,9,4
2014-05-29 07:00:00,35,19,16
2014-05-29 08:00:00,18,11,7
2014-05-29 09:00:00,16,7,9
2014-05-29 10:00:00,30,17,13
2014-05-29 11:00:00,9,3,6
2014-05-29 12:00:00,21,12,9
2014-05-29 13:00:00,35,21,14
2014-05-29 14:00:00,15,4,11
2014-05-29 15:00:00,19,8,11
2014-05-29 16:00:00,25,14,11
2014-05-29 17:00:00,25,12,13
2014-05-29 18:00:00,34,19,15
2014-05-29 19:00:00,47,24,23
2014-05-29 20:00:00,26,16,10
2014-05-29 21:00:00,4,4,0
2014-05-29 22:00:00,2,1,1
2014-05-29 23:00:00,0,0,0
2014-05-30 00:00:00,0,0,0
2014-05-30 01:00:00,0,0,0
2014-05-30 02:00:00,0,0,0
2014-05-30 03:00:00,0,0,0
2014-05-30 04:00:00,0,0,0
2014-05-30 05:00:00,4,0,4
2014-05-30 06:00:00,17,7,10
2014-05-30 07:00:00,30,18,12
2014-05-30 08:00:00,26,15,11
2014-05-30 09:00:00,36,17,19
2014-05-30 10:00:00,42,22,20
2014-05-30 11:00:00,45,26,19
2014-05-30 12:00:00,45,27,18
2014-05-30 13:00:00,26,10,16
2014-05-30 14:00:00,25,13,12
2014-05-30 15:00:00,26,12,14
2014-05-30 16:00:00,37,20,17
2014-05-30 17:00:00,35,16,19
2014-05-30 18:00:00,30,15,15
2014-05-30 19:00:00,36,17,19
2014-05-30 20:00:00,13,7,6
2014-05-30 21:00:00,2,1,1
2014-05-30 22:00:00,1,1,0
2014-05-30 23:00:00,0,0,0
2014-05-31 00:00:00,0,0,0
2014-05-31 01:00:00,0,0,0
2014-05-31 02:00:00,0,0,0
2014-05-31 03:00:00,0,0,0
2014-05-31 04:00:00,0,0,0
2014-05-31 05:00:00,0,0,0
2014-05-31 06:00:00,7,4,3
2014-05-31 07:00:00,21,8,13
2014-05-31 08:00:00,78,42,36
2014-05-31 09:00:00,96,56,40
2014-05-31 10:00:00,63,35,28
2014-05-31 11:00:00,59,26,33
2014-05-31 12:00:00,56,26,30
2014-05-31 13:00:00,51,26,25
2014-05-31 14:00:00,39,22,17
2014-05-31 15:00:00,54,28,26
2014-05-31 16:00:00,47,30,17
2014-05-31 17:00:00,43,22,21
2014-05-31 18:00:00,33,19,14
2014-05-31 19:00:00,28,18,10
2014-05-31 20:00:00,17,10,7
2014-05-31 21:00:00,11,5,6
2014-05-31 22:00:00,1,1,0
2014-05-31 23:00:00,0,0,0
2014-06-01 00:00:00,1,0,1
2014-06-01 01:00:00,0,0,0
2014-06-01 02:00:00,0,0,0
2014-06-01 03:00:00,0,0,0
2014-06-01 04:00:00,0,0,0
2014-06-01 05:00:00,1,1,0
2014-06-01 06:00:00,8,3,5
2014-06-01 07:00:00,12,7,5
2014-06-01 08:00:00,42,19,23
2014-06-01 09:00:00,42,22,20
2014-06-01 10:00:00,62,29,33
2014-06-01 11:00:00,72,43,29
2014-06-01 12:00:00,53,23,30
2014-06-01 13:00:00,49,22,27
2014-06-01 14:00:00,30,14,16
2014-06-01 15:00:00,57,28,29
2014-06-01 16:00:00,56,30,26
2014-06-01 17:00:00,46,29,17
2014-06-01 18:00:00,42,20,22
2014-06-01 19:00:00,36,28,8
2014-06-01 20:00:00,19,11,8
2014-06-01 21:00:00,13,7,6
2014-06-01 22:00:00,0,0,0
2014-06-01 23:00:00,2,0,2
2014-06-02 00:00:00,1,1,0
2014-06-02 01:00:00,0,0,0
2014-06-02 02:00:00,0,0,0
2014-06-02 03:00:00,0,0,0
2014-06-02 04:00:00,0,0,0
2014-06-02 05:00:00,8,4,4
2014-06-02 06:00:00,19,11,8
2014-06-02 07:00:00,59,30,29
2014-06-02 08:00:00,47,22,25
2014-06-02 09:00:00,39,22,17
2014-06-02 10:00:00,47,27,20
2014-06-02 11:00:00,35,21,14
2014-06-02 12:00:00,42,21,21
2014-06-02 13:00:00,26,16,10
2014-06-02 14:00:00,36,19,17
2014-06-02 15:00:00,38,20,18
2014-06-02 16:00:00,37,19,18
2014-06-02 17:00:00,45,23,22
2014-06-02 18:00:00,43,18,25
2014-06-02 19:00:00,35,18,17
2014-06-02 20:00:00,38,22,16
2014-06-02 21:00:00,11,7,4
2014-06-02 22:00:00,0,0,0
2014-06-02 23:00:00,2,0,2
2014-06-03 00:00:00,0,0,0
2014-06-03 01:00:00,0,0,0
2014-06-03 02:00:00,0,0,0
2014-06-03 03:00:00,0,0,0
2014-06-03 04:00:00,0,0,0
2014-06-03 05:00:00,4,1,3
2014-06-03 06:00:00,25,13,12
2014-06-03 07:00:00,23,13,10
2014-06-03 08:00:00,30,20,10
2014-06-03 09:00:00,23,8,15
2014-06-03 10:00:00,27,13,14
2014-06-03 11:00:00,18,11,7
2014-06-03 12:00:00,31,11,20
2014-06-03 13:00:00,10,6,4
2014-06-03 14:00:00,20,11,9
2014-06-03 15:00:00,16,6,10
2014-06-03 16:00:00,37,22,15
2014-06-03 17:00:00,39,22,17
2014-06-03 18:00:00,30,14,16
2014-06-03 19:00:00,34,18,16
2014-06-03 20:00:00,24,11,13
2014-06-03 21:00:00,10,5,5
2014-06-03 22:00:00,5,3,2
2014-06-03 23:00:00,2,2,0
2014-06-04 00:00:00,0,0,0
2014-06-04 01:00:00,0,0,0
2014-06-04 02:00:00,0,0,0
2014-06-04 03:00:00,0,0,0
2014-06-04 04:00:00,0,0,0
2014-06-04 05:00:00,6,2,4
2014-06-04 06:00:00,29,15,14
2014-06-04 07:00:00,32,21,11
2014-06-04 08:00:00,42,21,21
2014-06-04 09:00:00,42,21,21
2014-06-04 10:00:00,54,29,25
2014-06-04 11:00:00,41,19,22
2014-06-04 12:00:00,24,9,15
2014-06-04 13:00:00,14,10,4
2014-06-04 14:00:00,7,5,2
2014-06-04 15:00:00,27,9,18
2014-06-04 16:00:00,31,12,19
2014-06-04 17:00:00,42,17,25
2014-06-04 18:00:00,62,29,33
2014-06-04 19:00:00,50,30,20
2014-06-04 20:00:00,21,11,10
2014-06-04 21:00:00,19,8,11
2014-06-04 22:00:00,0,0,0
2014-06-04 23:00:00,2,1,1
2014-06-05 00:00:00,0,0,0
2014-06-05 01:00:00,0,0,0
2014-06-05 02:00:00,0,0,0
2014-06-05 03:00:00,0,0,0
2014-06-05 04:00:00,0,0,0
2014-06-05 05:00:00,2,0,2
2014-06-05 06:00:00,15,9,6
2014-06-05 07:00:00,24,16,8
2014-06-05 08:00:00,40,21,19
2014-06-05 09:00:00,49,26,23
2014-06-05 10:00:00,30,18,12
2014-06-05 11:00:00,34,25,9
2014-06-05 12:00:00,28,17,11
2014-06-05 13:00:00,29,17,12
2014-06-05 14:00:00,11,6,5
2014-06-05 15:00:00,28,17,11
2014-06-05 16:00:00,37,18,19
2014-06-05 17:00:00,36,18,18
2014-06-05 18:00:00,42,24,18
2014-06-05 19:00:00,37,21,16
2014-06-05 20:00:00,15,8,7
2014-06-05 21:00:00,6,4,2
2014-06-05 22:00:00,1,1,0
2014-06-05 23:00:00,0,0,0
2014-06-06 00:00:00,0,0,0
2014-06-06 01:00:00,0,0,0
2014-06-06 02:00:00,0,0,0
2014-06-06 03:00:00,1,0,1
2014-06-06 04:00:00,0,0,0
2014-06-06 05:00:00,8,3,5
2014-06-06 06:00:00,17,9,8
2014-06-06 07:00:00,35,21,14
2014-06-06 08:00:00,30,17,13
2014-06-06 09:00:00,24,11,13
2014-06-06 10:00:00,44,23,21
2014-06-06 11:00:00,37,20,17
2014-06-06 12:00:00,29,16,13
2014-06-06 13:00:00,22,14,8
2014-06-06 14:00:00,27,15,12
2014-06-06 15:00:00,24,15,9
2014-06-06 16:00:00,31,15,16
2014-06-06 17:00:00,27,16,11
2014-06-06 18:00:00,42,16,26
2014-06-06 19:00:00,27,17,10
2014-06-06 20:00:00,19,8,11
2014-06-06 21:00:00,9,7,2
2014-06-06 22:00:00,2,2,0
2014-06-06 23:00:00,1,0,1
2014-06-07 00:00:00,0,0,0
2014-06-07 01:00:00,0,0,0
2014-06-07 02:00:00,0,0,0
2014-06-07 03:00:00,0,0,0
2014-06-07 04:00:00,0,0,0
2014-06-07 05:00:00,3,1,2
2014-06-07 06:00:00,6,2,4
2014-06-07 07:00:00,22,10,12
2014-06-07 08:00:00,47,25,22
2014-06-07 09:00:00,134,67,67
2014-06-07 10:00:00,83,46,37
2014-06-07 11:00:00,98,53,45
2014-06-07 12:00:00,209,97,112
2014-06-07 13:00:00,333,147,186
2014-06-07 14:00:00,146,69,77
2014-06-07 15:00:00,321,183,138
2014-06-07 16:00:00,48,32,16
2014-06-07 17:00:00,38,23,15
2014-06-07 18:00:00,24,16,8
2014-06-07 19:00:00,20,11,9
2014-06-07 20:00:00,8,4,4
2014-06-07 21:00:00,13,9,4
2014-06-07 22:00:00,1,0,1
2014-06-07 23:00:00,0,0,0
2014-06-08 00:00:00,0,0,0
2014-06-08 01:00:00,0,0,0
2014-06-08 02:00:00,0,0,0
2014-06-08 03:00:00,0,0,0
2014-06-08 04:00:00,0,0,0
2014-06-08 05:00:00,0,0,0
2014-06-08 06:00:00,6,3,3
2014-06-08 07:00:00,24,8,16
2014-06-08 08:00:00,48,26,22
2014-06-08 09:00:00,62,34,28
2014-06-08 10:00:00,49,21,28
2014-06-08 11:00:00,56,27,29
2014-06-08 12:00:00,66,40,26
2014-06-08 13:00:00,39,26,13
2014-06-08 14:00:00,57,31,26
2014-06-08 15:00:00,59,25,34
2014-06-08 16:00:00,59,33,26
2014-06-08 17:00:00,53,29,24
2014-06-08 18:00:00,31,20,11
2014-06-08 19:00:00,18,11,7
2014-06-08 20:00:00,6,4,2
2014-06-08 21:00:00,1,1,0
2014-06-08 22:00:00,2,1,1
2014-06-08 23:00:00,0,0,0
2014-06-09 00:00:00,0,0,0
2014-06-09 01:00:00,0,0,0
2014-06-09 02:00:00,0,0,0
2014-06-09 03:00:00,0,0,0
2014-06-09 04:00:00,0,0,0
2014-06-09 05:00:00,1,0,1
2014-06-09 06:00:00,12,6,6
2014-06-09 07:00:00,21,11,10
2014-06-09 08:00:00,32,16,16
2014-06-09 09:00:00,29,14,15
2014-06-09 10:00:00,63,37,26
2014-06-09 11:00:00,50,27,23
2014-06-09 12:00:00,51,28,23
2014-06-09 13:00:00,30,14,16
2014-06-09 14:00:00,20,13,7
2014-06-09 15:00:00,30,16,14
2014-06-09 16:00:00,36,15,21
2014-06-09 17:00:00,49,23,26
2014-06-09 18:00:00,37,18,19
2014-06-09 19:00:00,28,14,14
2014-06-09 20:00:00,19,10,9
2014-06-09 21:00:00,10,6,4
2014-06-09 22:00:00,1,1,0
2014-06-09 23:00:00,3,0,3
2014-06-10 00:00:00,0,0,0
2014-06-10 01:00:00,0,0,0
2014-06-10 02:00:00,0,0,0
2014-06-10 03:00:00,0,0,0
2014-06-10 04:00:00,0,0,0
2014-06-10 05:00:00,8,4,4
2014-06-10 06:00:00,12,9,3
2014-06-10 07:00:00,22,11,11
2014-06-10 08:00:00,19,14,5
2014-06-10 09:00:00,11,6,5
2014-06-10 10:00:00,23,11,12
2014-06-10 11:00:00,16,9,7
2014-06-10 12:00:00,27,13,14
2014-06-10 13:00:00,14,8,6
2014-06-10 14:00:00,16,8,8
2014-06-10 15:00:00,20,6,14
2014-06-10 16:00:00,36,17,19
2014-06-10 17:00:00,60,27,33
2014-06-10 18:00:00,47,24,23
2014-06-10 19:00:00,31,16,15
2014-06-10 20:00:00,28,18,10
2014-06-10 21:00:00,8,5,3
2014-06-10 22:00:00,0,0,0
2014-06-10 23:00:00,0,0,0
2014-06-11 00:00:00,0,0,0
2014-06-11 01:00:00,0,0,0
2014-06-11 02:00:00,0,0,0
2014-06-11 03:00:00,0,0,0
2014-06-11 04:00:00,0,0,0
2014-06-11 05:00:00,2,0,2
2014-06-11 06:00:00,26,13,13
2014-06-11 07:00:00,28,17,11
2014-06-11 08:00:00,24,15,9
2014-06-11 09:00:00,31,15,16
2014-06-11 10:00:00,31,15,16
2014-06-11 11:00:00,42,20,22
2014-06-11 12:00:00,38,21,17
2014-06-11 13:00:00,25,13,12
2014-06-11 14:00:00,29,16,13
2014-06-11 15:00:00,22,12,10
2014-06-11 16:00:00,32,13,19
2014-06-11 17:00:00,51,31,20
2014-06-11 18:00:00,42,16,26
2014-06-11 19:00:00,44,26,18
2014-06-11 20:00:00,24,13,11
2014-06-11 21:00:00,11,7,4
2014-06-11 22:00:00,4,3,1
2014-06-11 23:00:00,0,0,0
2014-06-12 00:00:00,0,0,0
2014-06-12 01:00:00,0,0,0
2014-06-12 02:00:00,0,0,0
2014-06-12 03:00:00,0,0,0
2014-06-12 04:00:00,0,0,0
2014-06-12 05:00:00,8,3,5
2014-06-12 06:00:00,20,9,11
2014-06-12 07:00:00,15,10,5
2014-06-12 08:00:00,19,11,8
2014-06-12 09:00:00,31,15,16
2014-06-12 10:00:00,35,17,18
2014-06-12 11:00:00,26,18,8
2014-06-12 12:00:00,11,6,5
2014-06-12 13:00:00,13,5,8
2014-06-12 14:00:00,20,9,11
2014-06-12 15:00:00,28,11,17
2014-06-12 16:00:00,46,25,21
2014-06-12 17:00:00,43,30,13
2014-06-12 18:00:00,29,12,17
2014-06-12 19:00:00,14,7,7
2014-06-12 20:00:00,17,12,5
2014-06-12 21:00:00,3,1,2
2014-06-12 22:00:00,1,1,0
2014-06-12 23:00:00,0,0,0
2014-06-13 00:00:00,0,0,0
2014-06-13 01:00:00,0,0,0
2014-06-13 02:00:00,0,0,0
2014-06-13 03:00:00,0,0,0
2014-06-13 04:00:00,0,0,0
2014-06-13 05:00:00,1,0,1
2014-06-13 06:00:00,8,4,4
2014-06-13 07:00:00,13,8,5
2014-06-13 08:00:00,11,7,4
2014-06-13 09:00:00,12,7,5
2014-06-13 10:00:00,20,9,11
2014-06-13 11:00:00,22,12,10
2014-06-13 12:00:00,14,7,7
2014-06-13 13:00:00,11,6,5
2014-06-13 14:00:00,19,9,10
2014-06-13 15:00:00,11,9,2
2014-06-13 16:00:00,31,10,21
2014-06-13 17:00:00,18,8,10
2014-06-13 18:00:00,20,9,11
2014-06-13 19:00:00,13,7,6
2014-06-13 20:00:00,8,4,4
2014-06-13 21:00:00,3,3,0
2014-06-13 22:00:00,1,0,1
2014-06-13 23:00:00,2,2,0
2014-06-14 00:00:00,1,0,1
2014-06-14 01:00:00,0,0,0
2014-06-14 02:00:00,0,0,0
2014-06-14 03:00:00,0,0,0
2014-06-14 04:00:00,0,0,0
2014-06-14 05:00:00,1,0,1
2014-06-14 06:00:00,12,3,9
2014-06-14 07:00:00,20,14,6
2014-06-14 08:00:00,42,21,21
2014-06-14 09:00:00,67,32,35
2014-06-14 10:00:00,48,28,20
2014-06-14 11:00:00,56,33,23
2014-06-14 12:00:00,33,17,16
2014-06-14 13:00:00,41,19,22
2014-06-14 14:00:00,33,11,22
2014-06-14 15:00:00,26,17,9
2014-06-14 16:00:00,31,13,18
2014-06-14 17:00:00,35,19,16
2014-06-14 18:00:00,35,20,15
2014-06-14 19:00:00,16,8,8
2014-06-14 20:00:00,9,5,4
2014-06-14 21:00:00,5,3,2
2014-06-14 22:00:00,0,0,0
2014-06-14 23:00:00,1,1,0
2014-06-15 00:00:00,0,0,0
2014-06-15 01:00:00,0,0,0
2014-06-15 02:00:00,0,0,0
2014-06-15 03:00:00,0,0,0
2014-06-15 04:00:00,0,0,0
2014-06-15 05:00:00,3,1,2
2014-06-15 06:00:00,1,0,1
2014-06-15 07:00:00,17,6,11
2014-06-15 08:00:00,26,13,13
2014-06-15 09:00:00,33,18,15
2014-06-15 10:00:00,42,17,25
2014-06-15 11:00:00,35,22,13
2014-06-15 12:00:00,32,17,15
2014-06-15 13:00:00,35,17,18
2014-06-15 14:00:00,41,22,19
2014-06-15 15:00:00,34,22,12
2014-06-15 16:00:00,39,16,23
2014-06-15 17:00:00,33,23,10
2014-06-15 18:00:00,22,13,9
2014-06-15 19:00:00,2,1,1
2014-06-15 20:00:00,4,3,1
2014-06-15 21:00:00,4,2,2
2014-06-15 22:00:00,0,0,0
2014-06-15 23:00:00,0,0,0
2014-06-16 00:00:00,0,0,0
2014-06-16 01:00:00,0,0,0
2014-06-16 02:00:00,0,0,0
2014-06-16 03:00:00,0,0,0
2014-06-16 04:00:00,0,0,0
2014-06-16 05:00:00,2,1,1
2014-06-16 06:00:00,11,6,5
2014-06-16 07:00:00,19,9,10
2014-06-16 08:00:00,25,13,12
2014-06-16 09:00:00,15,8,7
2014-06-16 10:00:00,8,5,3
2014-06-16 11:00:00,19,13,6
2014-06-16 12:00:00,28,10,18
2014-06-16 13:00:00,20,13,7
2014-06-16 14:00:00,32,14,18
2014-06-16 15:00:00,20,10,10
2014-06-16 16:00:00,29,13,16
2014-06-16 17:00:00,28,13,15
2014-06-16 18:00:00,50,25,25
2014-06-16 19:00:00,45,24,21
2014-06-16 20:00:00,36,21,15
2014-06-16 21:00:00,6,4,2
2014-06-16 22:00:00,2,1,1
2014-06-16 23:00:00,0,0,0
2014-06-17 00:00:00,0,0,0
2014-06-17 01:00:00,0,0,0
2014-06-17 02:00:00,0,0,0
2014-06-17 03:00:00,0,0,0
2014-06-17 04:00:00,0,0,0
2014-06-17 05:00:00,3,2,1
2014-06-17 06:00:00,8,3,5
2014-06-17 07:00:00,21,12,9
2014-06-17 08:00:00,24,14,10
2014-06-17 09:00:00,21,14,7
2014-06-17 10:00:00,73,11,62
2014-06-17 11:00:00,21,9,12
2014-06-17 12:00:00,28,17,11
2014-06-17 13:00:00,20,10,10
2014-06-17 14:00:00,63,58,5
2014-06-17 15:00:00,19,8,11
2014-06-17 16:00:00,23,7,16
2014-06-17 17:00:00,41,19,22
2014-06-17 18:00:00,35,17,18
2014-06-17 19:00:00,32,17,15
2014-06-17 20:00:00,29,14,15
2014-06-17 21:00:00,9,5,4
2014-06-17 22:00:00,3,2,1
2014-06-17 23:00:00,0,0,0
2014-06-18 00:00:00,0,0,0
2014-06-18 01:00:00,0,0,0
2014-06-18 02:00:00,0,0,0
2014-06-18 03:00:00,0,0,0
2014-06-18 04:00:00,0,0,0
2014-06-18 05:00:00,4,2,2
2014-06-18 06:00:00,19,9,10
2014-06-18 07:00:00,31,19,12
2014-06-18 08:00:00,32,18,14
2014-06-18 09:00:00,25,12,13
2014-06-18 10:00:00,27,15,12
2014-06-18 11:00:00,27,17,10
2014-06-18 12:00:00,19,12,7
2014-06-18 13:00:00,14,7,7
2014-06-18 14:00:00,21,8,13
2014-06-18 15:00:00,26,11,15
2014-06-18 16:00:00,17,6,11
2014-06-18 17:00:00,55,25,30
2014-06-18 18:00:00,52,28,24
2014-06-18 19:00:00,39,22,17
2014-06-18 20:00:00,37,21,16
2014-06-18 21:00:00,19,7,12
2014-06-18 22:00:00,5,4,1
2014-06-18 23:00:00,0,0,0
2014-06-19 00:00:00,0,0,0
2014-06-19 01:00:00,0,0,0
2014-06-19 02:00:00,0,0,0
2014-06-19 03:00:00,0,0,0
2014-06-19 04:00:00,0,0,0
2014-06-19 05:00:00,6,3,3
2014-06-19 06:00:00,11,7,4
2014-06-19 07:00:00,26,15,11
2014-06-19 08:00:00,22,12,10
2014-06-19 09:00:00,30,13,17
2014-06-19 10:00:00,38,22,16
2014-06-19 11:00:00,34,20,14
2014-06-19 12:00:00,26,14,12
2014-06-19 13:00:00,24,14,10
2014-06-19 14:00:00,19,12,7
2014-06-19 15:00:00,29,17,12
2014-06-19 16:00:00,27,13,14
2014-06-19 17:00:00,42,23,19
2014-06-19 18:00:00,34,15,19
2014-06-19 19:00:00,31,14,17
2014-06-19 20:00:00,11,5,6
2014-06-19 21:00:00,6,6,0
2014-06-19 22:00:00,0,0,0
2014-06-19 23:00:00,0,0,0
2014-06-20 00:00:00,0,0,0
2014-06-20 01:00:00,0,0,0
2014-06-20 02:00:00,0,0,0
2014-06-20 03:00:00,0,0,0
2014-06-20 04:00:00,1,1,0
2014-06-20 05:00:00,3,0,3
2014-06-20 06:00:00,13,8,5
2014-06-20 07:00:00,34,18,16
2014-06-20 08:00:00,18,11,7
2014-06-20 09:00:00,20,9,11
2014-06-20 10:00:00,21,9,12
2014-06-20 11:00:00,27,15,12
2014-06-20 12:00:00,32,16,16
2014-06-20 13:00:00,21,9,12
2014-06-20 14:00:00,37,19,18
2014-06-20 15:00:00,20,12,8
2014-06-20 16:00:00,30,13,17
2014-06-20 17:00:00,40,21,19
2014-06-20 18:00:00,30,13,17
2014-06-20 19:00:00,21,12,9
2014-06-20 20:00:00,11,3,8
2014-06-20 21:00:00,9,7,2
2014-06-20 22:00:00,2,1,1
2014-06-20 23:00:00,1,0,1
2014-06-21 00:00:00,0,0,0
2014-06-21 01:00:00,0,0,0
2014-06-21 02:00:00,0,0,0
2014-06-21 03:00:00,0,0,0
2014-06-21 04:00:00,1,0,1
2014-06-21 05:00:00,3,2,1
2014-06-21 06:00:00,4,1,3
2014-06-21 07:00:00,27,16,11
2014-06-21 08:00:00,41,24,17
2014-06-21 09:00:00,56,32,24
2014-06-21 10:00:00,47,24,23
2014-06-21 11:00:00,57,34,23
2014-06-21 12:00:00,51,30,21
2014-06-21 13:00:00,33,13,20
2014-06-21 14:00:00,40,24,16
2014-06-21 15:00:00,38,25,13
2014-06-21 16:00:00,47,32,15
2014-06-21 17:00:00,47,22,25
2014-06-21 18:00:00,28,15,13
2014-06-21 19:00:00,15,10,5
2014-06-21 20:00:00,15,7,8
2014-06-21 21:00:00,19,15,4
2014-06-21 22:00:00,3,1,2
2014-06-21 23:00:00,0,0,0
2014-06-22 00:00:00,1,0,1
2014-06-22 01:00:00,0,0,0
2014-06-22 02:00:00,0,0,0
2014-06-22 03:00:00,0,0,0
2014-06-22 04:00:00,0,0,0
2014-06-22 05:00:00,1,0,1
2014-06-22 06:00:00,7,4,3
2014-06-22 07:00:00,14,6,8
2014-06-22 08:00:00,28,16,12
2014-06-22 09:00:00,52,24,28
2014-06-22 10:00:00,57,27,30
2014-06-22 11:00:00,48,26,22
2014-06-22 12:00:00,51,31,20
2014-06-22 13:00:00,48,30,18
2014-06-22 14:00:00,41,19,22
2014-06-22 15:00:00,39,20,19
2014-06-22 16:00:00,37,26,11
2014-06-22 17:00:00,34,20,14
2014-06-22 18:00:00,24,12,12
2014-06-22 19:00:00,33,22,11
2014-06-22 20:00:00,27,13,14
2014-06-22 21:00:00,6,5,1
2014-06-22 22:00:00,0,0,0
2014-06-22 23:00:00,0,0,0
2014-06-23 00:00:00,2,1,1
2014-06-23 01:00:00,0,0,0
2014-06-23 02:00:00,0,0,0
2014-06-23 03:00:00,0,0,0
2014-06-23 04:00:00,0,0,0
2014-06-23 05:00:00,3,0,3
2014-06-23 06:00:00,17,6,11
2014-06-23 07:00:00,21,12,9
2014-06-23 08:00:00,34,21,13
2014-06-23 09:00:00,29,10,19
2014-06-23 10:00:00,40,21,19
2014-06-23 11:00:00,33,16,17
2014-06-23 12:00:00,56,24,32
2014-06-23 13:00:00,37,20,17
2014-06-23 14:00:00,34,24,10
2014-06-23 15:00:00,17,9,8
2014-06-23 16:00:00,27,11,16
2014-06-23 17:00:00,32,18,14
2014-06-23 18:00:00,38,16,22
2014-06-23 19:00:00,25,10,15
2014-06-23 20:00:00,20,10,10
2014-06-23 21:00:00,9,5,4
2014-06-23 22:00:00,6,5,1
2014-06-23 23:00:00,1,0,1
2014-06-24 00:00:00,1,1,0
2014-06-24 01:00:00,0,0,0
2014-06-24 02:00:00,0,0,0
2014-06-24 03:00:00,0,0,0
2014-06-24 04:00:00,0,0,0
2014-06-24 05:00:00,2,0,2
2014-06-24 06:00:00,15,10,5
2014-06-24 07:00:00,32,18,14
2014-06-24 08:00:00,32,19,13
2014-06-24 09:00:00,24,14,10
2014-06-24 10:00:00,24,9,15
2014-06-24 11:00:00,20,12,8
2014-06-24 12:00:00,18,10,8
2014-06-24 13:00:00,27,10,17
2014-06-24 14:00:00,29,12,17
2014-06-24 15:00:00,31,15,16
2014-06-24 16:00:00,46,24,22
2014-06-24 17:00:00,42,21,21
2014-06-24 18:00:00,40,23,17
2014-06-24 19:00:00,37,16,21
2014-06-24 20:00:00,24,11,13
2014-06-24 21:00:00,15,12,3
2014-06-24 22:00:00,5,2,3
2014-06-24 23:00:00,1,1,0
2014-06-25 00:00:00,3,1,2
2014-06-25 01:00:00,0,0,0
2014-06-25 02:00:00,0,0,0
2014-06-25 03:00:00,0,0,0
2014-06-25 04:00:00,0,0,0
2014-06-25 05:00:00,3,2,1
2014-06-25 06:00:00,19,9,10
2014-06-25 07:00:00,25,15,10
2014-06-25 08:00:00,23,11,12
2014-06-25 09:00:00,28,13,15
2014-06-25 10:00:00,20,12,8
2014-06-25 11:00:00,42,23,19
2014-06-25 12:00:00,21,11,10
2014-06-25 13:00:00,34,13,21
2014-06-25 14:00:00,48,27,21
2014-06-25 15:00:00,25,9,16
2014-06-25 16:00:00,29,15,14
2014-06-25 17:00:00,36,15,21
2014-06-25 18:00:00,34,20,14
2014-06-25 19:00:00,37,13,24
2014-06-25 20:00:00,36,22,14
2014-06-25 21:00:00,17,10,7
2014-06-25 22:00:00,0,0,0
2014-06-25 23:00:00,2,1,1
2014-06-26 00:00:00,3,1,2
2014-06-26 01:00:00,0,0,0
2014-06-26 02:00:00,2,2,0
2014-06-26 03:00:00,0,0,0
2014-06-26 04:00:00,0,0,0
2014-06-26 05:00:00,4,1,3
2014-06-26 06:00:00,17,10,7
2014-06-26 07:00:00,24,16,8
2014-06-26 08:00:00,32,21,11
2014-06-26 09:00:00,14,8,6
2014-06-26 10:00:00,16,9,7
2014-06-26 11:00:00,35,18,17
2014-06-26 12:00:00,35,22,13
2014-06-26 13:00:00,41,26,15
2014-06-26 14:00:00,23,18,5
2014-06-26 15:00:00,20,9,11
2014-06-26 16:00:00,32,16,16
2014-06-26 17:00:00,41,25,16
2014-06-26 18:00:00,31,15,16
2014-06-26 19:00:00,26,14,12
2014-06-26 20:00:00,28,18,10
2014-06-26 21:00:00,6,2,4
2014-06-26 22:00:00,0,0,0
2014-06-26 23:00:00,0,0,0
2014-06-27 00:00:00,1,0,1
2014-06-27 01:00:00,0,0,0
2014-06-27 02:00:00,0,0,0
2014-06-27 03:00:00,0,0,0
2014-06-27 04:00:00,0,0,0
2014-06-27 05:00:00,4,1,3
2014-06-27 06:00:00,15,8,7
2014-06-27 07:00:00,33,19,14
2014-06-27 08:00:00,27,16,11
2014-06-27 09:00:00,24,13,11
2014-06-27 10:00:00,23,12,11
2014-06-27 11:00:00,18,7,11
2014-06-27 12:00:00,18,9,9
2014-06-27 13:00:00,18,8,10
2014-06-27 14:00:00,23,9,14
2014-06-27 15:00:00,20,10,10
2014-06-27 16:00:00,37,17,20
2014-06-27 17:00:00,28,16,12
2014-06-27 18:00:00,31,16,15
2014-06-27 19:00:00,15,6,9
2014-06-27 20:00:00,11,8,3
2014-06-27 21:00:00,3,1,2
2014-06-27 22:00:00,4,1,3
2014-06-27 23:00:00,3,2,1
2014-06-28 00:00:00,0,0,0
2014-06-28 01:00:00,0,0,0
2014-06-28 02:00:00,0,0,0
2014-06-28 03:00:00,0,0,0
2014-06-28 04:00:00,0,0,0
2014-06-28 05:00:00,0,0,0
2014-06-28 06:00:00,9,3,6
2014-06-28 07:00:00,17,6,11
2014-06-28 08:00:00,38,18,20
2014-06-28 09:00:00,33,16,17
2014-06-28 10:00:00,56,32,24
2014-06-28 11:00:00,38,19,19
2014-06-28 12:00:00,48,20,28
2014-06-28 13:00:00,34,22,12
2014-06-28 14:00:00,26,12,14
2014-06-28 15:00:00,38,17,21
2014-06-28 16:00:00,22,10,12
2014-06-28 17:00:00,40,26,14
2014-06-28 18:00:00,25,9,16
2014-06-28 19:00:00,15,11,4
2014-06-28 20:00:00,14,11,3
2014-06-28 21:00:00,8,1,7
2014-06-28 22:00:00,1,1,0
2014-06-28 23:00:00,0,0,0
2014-06-29 00:00:00,1,0,1
2014-06-29 01:00:00,1,1,0
2014-06-29 02:00:00,0,0,0
2014-06-29 03:00:00,0,0,0
2014-06-29 04:00:00,2,1,1
2014-06-29 05:00:00,0,0,0
2014-06-29 06:00:00,10,4,6
2014-06-29 07:00:00,10,6,4
2014-06-29 08:00:00,28,11,17
2014-06-29 09:00:00,47,23,24
2014-06-29 10:00:00,47,24,23
2014-06-29 11:00:00,48,28,20
2014-06-29 12:00:00,58,33,25
2014-06-29 13:00:00,34,12,22
2014-06-29 14:00:00,49,30,19
2014-06-29 15:00:00,44,19,25
2014-06-29 16:00:00,59,34,25
2014-06-29 17:00:00,54,34,20
2014-06-29 18:00:00,27,16,11
2014-06-29 19:00:00,17,8,9
2014-06-29 20:00:00,14,8,6
2014-06-29 21:00:00,14,8,6
2014-06-29 22:00:00,2,1,1
2014-06-29 23:00:00,0,0,0
2014-06-30 00:00:00,1,0,1
2014-06-30 01:00:00,1,1,0
2014-06-30 02:00:00,0,0,0
2014-06-30 03:00:00,0,0,0
2014-06-30 04:00:00,0,0,0
2014-06-30 05:00:00,4,1,3
2014-06-30 06:00:00,15,8,7
2014-06-30 07:00:00,28,15,13
2014-06-30 08:00:00,23,17,6
2014-06-30 09:00:00,26,17,9
2014-06-30 10:00:00,27,11,16
2014-06-30 11:00:00,34,22,12
2014-06-30 12:00:00,25,15,10
2014-06-30 13:00:00,21,9,12
2014-06-30 14:00:00,19,6,13
2014-06-30 15:00:00,27,15,12
2014-06-30 16:00:00,49,29,20
2014-06-30 17:00:00,44,21,23
2014-06-30 18:00:00,42,19,23
2014-06-30 19:00:00,37,21,16
2014-06-30 20:00:00,41,21,20
2014-06-30 21:00:00,11,9,2
2014-06-30 22:00:00,4,2,2
2014-06-30 23:00:00,2,1,1
2014-07-01 00:00:00,0,0,0
2014-07-01 01:00:00,0,0,0
2014-07-01 02:00:00,0,0,0
2014-07-01 03:00:00,0,0,0
2014-07-01 04:00:00,1,1,0
2014-07-01 05:00:00,7,3,4
2014-07-01 06:00:00,18,8,10
2014-07-01 07:00:00,36,19,17
2014-07-01 08:00:00,36,23,13
2014-07-01 09:00:00,35,18,17
2014-07-01 10:00:00,48,23,25
2014-07-01 11:00:00,41,21,20
2014-07-01 12:00:00,24,12,12
2014-07-01 13:00:00,20,14,6
2014-07-01 14:00:00,15,7,8
2014-07-01 15:00:00,10,6,4
2014-07-01 16:00:00,29,13,16
2014-07-01 17:00:00,11,7,4
2014-07-01 18:00:00,22,8,14
2014-07-01 19:00:00,33,19,14
2014-07-01 20:00:00,14,6,8
2014-07-01 21:00:00,7,4,3
2014-07-01 22:00:00,3,2,1
2014-07-01 23:00:00,0,0,0
2014-07-02 00:00:00,0,0,0
2014-07-02 01:00:00,0,0,0
2014-07-02 02:00:00,0,0,0
2014-07-02 03:00:00,0,0,0
2014-07-02 04:00:00,2,1,1
2014-07-02 05:00:00,17,8,9
2014-07-02 06:00:00,23,11,12
2014-07-02 07:00:00,39,22,17
2014-07-02 08:00:00,30,15,15
2014-07-02 09:00:00,23,17,6
2014-07-02 10:00:00,26,13,13
2014-07-02 11:00:00,35,19,16
2014-07-02 12:00:00,30,20,10
2014-07-02 13:00:00,19,13,6
2014-07-02 14:00:00,16,7,9
2014-07-02 15:00:00,27,18,9
2014-07-02 16:00:00,24,9,15
2014-07-02 17:00:00,30,13,17
2014-07-02 18:00:00,39,25,14
2014-07-02 19:00:00,26,17,9
2014-07-02 20:00:00,23,13,10
2014-07-02 21:00:00,6,3,3
2014-07-02 22:00:00,0,0,0
2014-07-02 23:00:00,0,0,0
2014-07-03 00:00:00,0,0,0
2014-07-03 01:00:00,0,0,0
2014-07-03 02:00:00,0,0,0
2014-07-03 03:00:00,0,0,0
2014-07-03 04:00:00,2,0,2
2014-07-03 05:00:00,20,11,9
2014-07-03 06:00:00,23,13,10
2014-07-03 07:00:00,30,17,13
2014-07-03 08:00:00,29,18,11
2014-07-03 09:00:00,25,13,12
2014-07-03 10:00:00,38,17,21
2014-07-03 11:00:00,29,18,11
2014-07-03 12:00:00,30,16,14
2014-07-03 13:00:00,18,11,7
2014-07-03 14:00:00,27,14,13
2014-07-03 15:00:00,30,15,15
2014-07-03 16:00:00,30,16,14
2014-07-03 17:00:00,22,13,9
2014-07-03 18:00:00,29,11,18
2014-07-03 19:00:00,36,24,12
2014-07-03 20:00:00,2,1,1
2014-07-03 21:00:00,0,0,0
2014-07-03 22:00:00,3,1,2
2014-07-03 23:00:00,1,1,0
2014-07-04 00:00:00,0,0,0
2014-07-04 01:00:00,0,0,0
2014-07-04 02:00:00,0,0,0
2014-07-04 03:00:00,0,0,0
2014-07-04 04:00:00,1,0,1
2014-07-04 05:00:00,8,4,4
2014-07-04 06:00:00,22,11,11
2014-07-04 07:00:00,33,15,18
2014-07-04 08:00:00,50,26,24
2014-07-04 09:00:00,65,29,36
2014-07-04 10:00:00,54,34,20
2014-07-04 11:00:00,45,18,27
2014-07-04 12:00:00,30,18,12
2014-07-04 13:00:00,23,11,12
2014-07-04 14:00:00,24,9,15
2014-07-04 15:00:00,31,15,16
2014-07-04 16:00:00,62,34,28
2014-07-04 17:00:00,17,15,2
2014-07-04 18:00:00,10,6,4
2014-07-04 19:00:00,6,2,4
2014-07-04 20:00:00,4,3,1
2014-07-04 21:00:00,3,2,1
2014-07-04 22:00:00,0,0,0
2014-07-04 23:00:00,1,1,0
2014-07-05 00:00:00,0,0,0
2014-07-05 01:00:00,0,0,0
2014-07-05 02:00:00,0,0,0
2014-07-05 03:00:00,0,0,0
2014-07-05 04:00:00,0,0,0
2014-07-05 05:00:00,2,1,1
2014-07-05 06:00:00,10,4,6
2014-07-05 07:00:00,27,11,16
2014-07-05 08:00:00,22,13,9
2014-07-05 09:00:00,30,15,15
2014-07-05 10:00:00,44,24,20
2014-07-05 11:00:00,30,19,11
2014-07-05 12:00:00,30,20,10
2014-07-05 13:00:00,28,20,8
2014-07-05 14:00:00,21,15,6
2014-07-05 15:00:00,33,17,16
2014-07-05 16:00:00,37,19,18
2014-07-05 17:00:00,22,11,11
2014-07-05 18:00:00,16,12,4
2014-07-05 19:00:00,17,8,9
2014-07-05 20:00:00,4,4,0
2014-07-05 21:00:00,1,0,1
2014-07-05 22:00:00,1,1,0
2014-07-05 23:00:00,0,0,0
2014-07-06 00:00:00,0,0,0
2014-07-06 01:00:00,0,0,0
2014-07-06 02:00:00,0,0,0
2014-07-06 03:00:00,0,0,0
2014-07-06 04:00:00,0,0,0
2014-07-06 05:00:00,6,3,3
2014-07-06 06:00:00,9,4,5
2014-07-06 07:00:00,34,20,14
2014-07-06 08:00:00,60,31,29
2014-07-06 09:00:00,50,26,24
2014-07-06 10:00:00,71,39,32
2014-07-06 11:00:00,62,30,32
2014-07-06 12:00:00,46,20,26
2014-07-06 13:00:00,57,29,28
2014-07-06 14:00:00,60,39,21
2014-07-06 15:00:00,58,33,25
2014-07-06 16:00:00,35,24,11
2014-07-06 17:00:00,28,12,16
2014-07-06 18:00:00,29,15,14
2014-07-06 19:00:00,28,17,11
2014-07-06 20:00:00,19,13,6
2014-07-06 21:00:00,1,0,1
2014-07-06 22:00:00,0,0,0
2014-07-06 23:00:00,0,0,0
2014-07-07 00:00:00,0,0,0
2014-07-07 01:00:00,0,0,0
2014-07-07 02:00:00,0,0,0
2014-07-07 03:00:00,0,0,0
2014-07-07 04:00:00,2,0,2
2014-07-07 05:00:00,22,10,12
2014-07-07 06:00:00,24,10,14
2014-07-07 07:00:00,32,20,12
2014-07-07 08:00:00,27,10,17
2014-07-07 09:00:00,42,17,25
2014-07-07 10:00:00,42,21,21
2014-07-07 11:00:00,55,38,17
2014-07-07 12:00:00,36,16,20
2014-07-07 13:00:00,25,17,8
2014-07-07 14:00:00,20,10,10
2014-07-07 15:00:00,33,16,17
2014-07-07 16:00:00,34,21,13
2014-07-07 17:00:00,47,20,27
2014-07-07 18:00:00,36,20,16
2014-07-07 19:00:00,43,19,24
2014-07-07 20:00:00,17,13,4
2014-07-07 21:00:00,3,3,0
2014-07-07 22:00:00,6,2,4
2014-07-07 23:00:00,1,1,0
2014-07-08 00:00:00,0,0,0
2014-07-08 01:00:00,0,0,0
2014-07-08 02:00:00,0,0,0
2014-07-08 03:00:00,0,0,0
2014-07-08 04:00:00,3,1,2
2014-07-08 05:00:00,19,10,9
2014-07-08 06:00:00,28,12,16
2014-07-08 07:00:00,43,27,16
2014-07-08 08:00:00,41,21,20
2014-07-08 09:00:00,40,21,19
2014-07-08 10:00:00,43,20,23
2014-07-08 11:00:00,37,21,16
2014-07-08 12:00:00,29,15,14
2014-07-08 13:00:00,12,9,3
2014-07-08 14:00:00,15,8,7
2014-07-08 15:00:00,21,10,11
2014-07-08 16:00:00,33,14,19
2014-07-08 17:00:00,27,16,11
2014-07-08 18:00:00,29,11,18
2014-07-08 19:00:00,31,16,15
2014-07-08 20:00:00,16,11,5
2014-07-08 21:00:00,1,1,0
2014-07-08 22:00:00,0,0,0
2014-07-08 23:00:00,0,0,0
2014-07-09 00:00:00,0,0,0
2014-07-09 01:00:00,0,0,0
2014-07-09 02:00:00,0,0,0
2014-07-09 03:00:00,0,0,0
2014-07-09 04:00:00,3,1,2
2014-07-09 05:00:00,17,10,7
2014-07-09 06:00:00,34,19,15
2014-07-09 07:00:00,34,21,13
2014-07-09 08:00:00,34,20,14
2014-07-09 09:00:00,46,19,27
2014-07-09 10:00:00,32,18,14
2014-07-09 11:00:00,38,25,13
2014-07-09 12:00:00,12,8,4
2014-07-09 13:00:00,19,9,10
2014-07-09 14:00:00,21,14,7
2014-07-09 15:00:00,21,9,12
2014-07-09 16:00:00,39,23,16
2014-07-09 17:00:00,41,22,19
2014-07-09 18:00:00,21,10,11
2014-07-09 19:00:00,28,18,10
2014-07-09 20:00:00,25,14,11
2014-07-09 21:00:00,0,0,0
2014-07-09 22:00:00,0,0,0
2014-07-09 23:00:00,0,0,0
2014-07-10 00:00:00,0,0,0
2014-07-10 01:00:00,0,0,0
2014-07-10 02:00:00,0,0,0
2014-07-10 03:00:00,0,0,0
2014-07-10 04:00:00,3,1,2
2014-07-10 05:00:00,31,19,12
2014-07-10 06:00:00,40,26,14
2014-07-10 07:00:00,23,13,10
2014-07-10 08:00:00,24,10,14
2014-07-10 09:00:00,39,20,19
2014-07-10 10:00:00,42,20,22
2014-07-10 11:00:00,42,25,17
2014-07-10 12:00:00,19,10,9
2014-07-10 13:00:00,18,11,7
2014-07-10 14:00:00,26,10,16
2014-07-10 15:00:00,31,16,15
2014-07-10 16:00:00,17,10,7
2014-07-10 17:00:00,41,17,24
2014-07-10 18:00:00,38,19,19
2014-07-10 19:00:00,32,20,12
2014-07-10 20:00:00,18,10,8
2014-07-10 21:00:00,3,1,2
2014-07-10 22:00:00,1,0,1
2014-07-10 23:00:00,1,1,0
2014-07-11 00:00:00,0,0,0
2014-07-11 01:00:00,0,0,0
2014-07-11 02:00:00,0,0,0
2014-07-11 03:00:00,1,0,1
2014-07-11 04:00:00,7,2,5
2014-07-11 05:00:00,21,9,12
2014-07-11 06:00:00,54,34,20
2014-07-11 07:00:00,37,18,19
2014-07-11 08:00:00,36,14,22
2014-07-11 09:00:00,38,21,17
2014-07-11 10:00:00,30,24,6
2014-07-11 11:00:00,20,13,7
2014-07-11 12:00:00,25,13,12
2014-07-11 13:00:00,23,16,7
2014-07-11 14:00:00,29,13,16
2014-07-11 15:00:00,43,25,18
2014-07-11 16:00:00,28,16,12
2014-07-11 17:00:00,21,10,11
2014-07-11 18:00:00,13,10,3
2014-07-11 19:00:00,19,10,9
2014-07-11 20:00:00,17,11,6
2014-07-11 21:00:00,4,1,3
2014-07-11 22:00:00,1,0,1
2014-07-11 23:00:00,2,2,0
2014-07-12 00:00:00,0,0,0
2014-07-12 01:00:00,0,0,0
2014-07-12 02:00:00,0,0,0
2014-07-12 03:00:00,0,0,0
2014-07-12 04:00:00,6,3,3
2014-07-12 05:00:00,12,5,7
2014-07-12 06:00:00,29,10,19
2014-07-12 07:00:00,77,39,38
2014-07-12 08:00:00,80,38,42
2014-07-12 09:00:00,66,40,26
2014-07-12 10:00:00,50,34,16
2014-07-12 11:00:00,30,22,8
2014-07-12 12:00:00,12,10,2
2014-07-12 13:00:00,27,16,11
2014-07-12 14:00:00,19,12,7
2014-07-12 15:00:00,25,10,15
2014-07-12 16:00:00,16,9,7
2014-07-12 17:00:00,10,8,2
2014-07-12 18:00:00,16,10,6
2014-07-12 19:00:00,23,13,10
2014-07-12 20:00:00,18,12,6
2014-07-12 21:00:00,8,3,5
2014-07-12 22:00:00,4,2,2
2014-07-12 23:00:00,0,0,0
2014-07-13 00:00:00,0,0,0
2014-07-13 01:00:00,0,0,0
2014-07-13 02:00:00,0,0,0
2014-07-13 03:00:00,2,1,1
2014-07-13 04:00:00,0,0,0
2014-07-13 05:00:00,9,2,7
2014-07-13 06:00:00,31,13,18
2014-07-13 07:00:00,73,39,34
2014-07-13 08:00:00,80,42,38
2014-07-13 09:00:00,72,38,34
2014-07-13 10:00:00,38,21,17
2014-07-13 11:00:00,32,20,12
2014-07-13 12:00:00,26,12,14
2014-07-13 13:00:00,18,9,9
2014-07-13 14:00:00,20,16,4
2014-07-13 15:00:00,33,19,14
2014-07-13 16:00:00,20,9,11
2014-07-13 17:00:00,21,8,13
2014-07-13 18:00:00,23,12,11
2014-07-13 19:00:00,21,10,11
2014-07-13 20:00:00,8,7,1
2014-07-13 21:00:00,0,0,0
2014-07-13 22:00:00,0,0,0
2014-07-13 23:00:00,0,0,0
2014-07-14 00:00:00,1,1,0
2014-07-14 01:00:00,0,0,0
2014-07-14 02:00:00,0,0,0
2014-07-14 03:00:00,0,0,0
2014-07-14 04:00:00,4,2,2
2014-07-14 05:00:00,13,7,6
2014-07-14 06:00:00,53,32,21
2014-07-14 07:00:00,20,15,5
2014-07-14 08:00:00,36,16,20
2014-07-14 09:00:00,53,22,31
2014-07-14 10:00:00,31,16,15
2014-07-14 11:00:00,36,22,14
2014-07-14 12:00:00,26,13,13
2014-07-14 13:00:00,24,13,11
2014-07-14 14:00:00,19,14,5
2014-07-14 15:00:00,27,9,18
2014-07-14 16:00:00,35,22,13
2014-07-14 17:00:00,37,18,19
2014-07-14 18:00:00,53,29,24
2014-07-14 19:00:00,31,15,16
2014-07-14 20:00:00,17,12,5
2014-07-14 21:00:00,2,1,1
2014-07-14 22:00:00,0,0,0
2014-07-14 23:00:00,2,0,2
2014-07-15 00:00:00,1,1,0
2014-07-15 01:00:00,0,0,0
2014-07-15 02:00:00,0,0,0
2014-07-15 03:00:00,0,0,0
2014-07-15 04:00:00,5,3,2
2014-07-15 05:00:00,20,8,12
2014-07-15 06:00:00,39,25,14
2014-07-15 07:00:00,37,27,10
2014-07-15 08:00:00,33,13,20
2014-07-15 09:00:00,39,18,21
2014-07-15 10:00:00,41,20,21
2014-07-15 11:00:00,46,28,18
2014-07-15 12:00:00,26,13,13
2014-07-15 13:00:00,15,7,8
2014-07-15 14:00:00,16,10,6
2014-07-15 15:00:00,19,12,7
2014-07-15 16:00:00,28,11,17
2014-07-15 17:00:00,24,13,11
2014-07-15 18:00:00,26,12,14
2014-07-15 19:00:00,30,16,14
2014-07-15 20:00:00,29,16,13
2014-07-15 21:00:00,4,3,1
2014-07-15 22:00:00,0,0,0
2014-07-15 23:00:00,0,0,0
2014-07-16 00:00:00,1,0,1
2014-07-16 01:00:00,0,0,0
2014-07-16 02:00:00,0,0,0
2014-07-16 03:00:00,0,0,0
2014-07-16 04:00:00,6,1,5
2014-07-16 05:00:00,12,8,4
2014-07-16 06:00:00,38,20,18
2014-07-16 07:00:00,43,24,19
2014-07-16 08:00:00,33,17,16
2014-07-16 09:00:00,48,20,28
2014-07-16 10:00:00,28,17,11
2014-07-16 11:00:00,35,23,12
2014-07-16 12:00:00,19,7,12
2014-07-16 13:00:00,22,11,11
2014-07-16 14:00:00,24,12,12
2014-07-16 15:00:00,32,22,10
2014-07-16 16:00:00,31,11,20
2014-07-16 17:00:00,26,15,11
2014-07-16 18:00:00,26,12,14
2014-07-16 19:00:00,29,14,15
2014-07-16 20:00:00,23,13,10
2014-07-16 21:00:00,0,0,0
2014-07-16 22:00:00,0,0,0
2014-07-16 23:00:00,0,0,0
2014-07-17 00:00:00,0,0,0
2014-07-17 01:00:00,0,0,0
2014-07-17 02:00:00,0,0,0
2014-07-17 03:00:00,0,0,0
2014-07-17 04:00:00,3,1,2
2014-07-17 05:00:00,20,14,6
2014-07-17 06:00:00,27,16,11
2014-07-17 07:00:00,33,16,17
2014-07-17 08:00:00,34,21,13
2014-07-17 09:00:00,32,11,21
2014-07-17 10:00:00,38,17,21
2014-07-17 11:00:00,30,21,9
2014-07-17 12:00:00,33,20,13
2014-07-17 13:00:00,20,14,6
2014-07-17 14:00:00,24,11,13
2014-07-17 15:00:00,32,17,15
2014-07-17 16:00:00,46,27,19
2014-07-17 17:00:00,37,23,14
2014-07-17 18:00:00,34,17,17
2014-07-17 19:00:00,37,21,16
2014-07-17 20:00:00,12,10,2
2014-07-17 21:00:00,4,2,2
2014-07-17 22:00:00,1,1,0
2014-07-17 23:00:00,0,0,0
2014-07-18 00:00:00,0,0,0
2014-07-18 01:00:00,0,0,0
2014-07-18 02:00:00,0,0,0
2014-07-18 03:00:00,0,0,0
2014-07-18 04:00:00,9,4,5
2014-07-18 05:00:00,16,11,5
2014-07-18 06:00:00,31,13,18
2014-07-18 07:00:00,41,24,17
2014-07-18 08:00:00,37,19,18
2014-07-18 09:00:00,35,17,18
2014-07-18 10:00:00,28,11,17
2014-07-18 11:00:00,27,16,11
2014-07-18 12:00:00,17,7,10
2014-07-18 13:00:00,19,8,11
2014-07-18 14:00:00,18,12,6
2014-07-18 15:00:00,31,13,18
2014-07-18 16:00:00,35,22,13
2014-07-18 17:00:00,22,8,14
2014-07-18 18:00:00,16,7,9
2014-07-18 19:00:00,19,11,8
2014-07-18 20:00:00,12,5,7
2014-07-18 21:00:00,3,1,2
2014-07-18 22:00:00,1,1,0
2014-07-18 23:00:00,0,0,0
2014-07-19 00:00:00,0,0,0
2014-07-19 01:00:00,0,0,0
2014-07-19 02:00:00,0,0,0
2014-07-19 03:00:00,1,1,0
2014-07-19 04:00:00,1,0,1
2014-07-19 05:00:00,9,5,4
2014-07-19 06:00:00,15,3,12
2014-07-19 07:00:00,50,27,23
2014-07-19 08:00:00,44,23,21
2014-07-19 09:00:00,54,22,32
2014-07-19 10:00:00,46,26,20
2014-07-19 11:00:00,31,22,9
2014-07-19 12:00:00,38,20,18
2014-07-19 13:00:00,31,16,15
2014-07-19 14:00:00,30,13,17
2014-07-19 15:00:00,43,18,25
2014-07-19 16:00:00,41,24,17
2014-07-19 17:00:00,31,16,15
2014-07-19 18:00:00,19,11,8
2014-07-19 19:00:00,11,7,4
2014-07-19 20:00:00,5,3,2
2014-07-19 21:00:00,5,2,3
2014-07-19 22:00:00,2,0,2
2014-07-19 23:00:00,1,1,0
2014-07-20 00:00:00,0,0,0
2014-07-20 01:00:00,0,0,0
2014-07-20 02:00:00,0,0,0
2014-07-20 03:00:00,0,0,0
2014-07-20 04:00:00,2,1,1
2014-07-20 05:00:00,1,1,0
2014-07-20 06:00:00,14,6,8
2014-07-20 07:00:00,25,11,14
2014-07-20 08:00:00,39,21,18
2014-07-20 09:00:00,39,19,20
2014-07-20 10:00:00,57,29,28
2014-07-20 11:00:00,46,26,20
2014-07-20 12:00:00,47,25,22
2014-07-20 13:00:00,38,15,23
2014-07-20 14:00:00,45,26,19
2014-07-20 15:00:00,41,24,17
2014-07-20 16:00:00,28,18,10
2014-07-20 17:00:00,13,4,9
2014-07-20 18:00:00,19,8,11
2014-07-20 19:00:00,13,9,4
2014-07-20 20:00:00,3,1,2
2014-07-20 21:00:00,0,0,0
2014-07-20 22:00:00,3,2,1
2014-07-20 23:00:00,0,0,0
2014-07-21 00:00:00,0,0,0
2014-07-21 01:00:00,0,0,0
2014-07-21 02:00:00,0,0,0
2014-07-21 03:00:00,0,0,0
2014-07-21 04:00:00,3,2,1
2014-07-21 05:00:00,19,11,8
2014-07-21 06:00:00,21,10,11
2014-07-21 07:00:00,31,20,11
2014-07-21 08:00:00,26,11,15
2014-07-21 09:00:00,39,14,25
2014-07-21 10:00:00,53,24,29
2014-07-21 11:00:00,46,27,19
2014-07-21 12:00:00,35,23,12
2014-07-21 13:00:00,20,9,11
2014-07-21 14:00:00,22,13,9
2014-07-21 15:00:00,29,15,14
2014-07-21 16:00:00,44,22,22
2014-07-21 17:00:00,43,25,18
2014-07-21 18:00:00,42,25,17
2014-07-21 19:00:00,34,19,15
2014-07-21 20:00:00,9,5,4
2014-07-21 21:00:00,3,1,2
2014-07-21 22:00:00,0,0,0
2014-07-21 23:00:00,0,0,0
2014-07-22 00:00:00,0,0,0
2014-07-22 01:00:00,0,0,0
2014-07-22 02:00:00,0,0,0
2014-07-22 03:00:00,0,0,0
2014-07-22 04:00:00,2,1,1
2014-07-22 05:00:00,12,7,5
2014-07-22 06:00:00,37,17,20
2014-07-22 07:00:00,42,30,12
2014-07-22 08:00:00,30,14,16
2014-07-22 09:00:00,41,18,23
2014-07-22 10:00:00,34,12,22
2014-07-22 11:00:00,39,25,14
2014-07-22 12:00:00,23,18,5
2014-07-22 13:00:00,29,15,14
2014-07-22 14:00:00,12,7,5
2014-07-22 15:00:00,33,17,16
2014-07-22 16:00:00,29,15,14
2014-07-22 17:00:00,44,22,22
2014-07-22 18:00:00,23,12,11
2014-07-22 19:00:00,24,15,9
2014-07-22 20:00:00,9,7,2
2014-07-22 21:00:00,1,1,0
2014-07-22 22:00:00,0,0,0
2014-07-22 23:00:00,0,0,0
2014-07-23 00:00:00,0,0,0
2014-07-23 01:00:00,0,0,0
2014-07-23 02:00:00,0,0,0
2014-07-23 03:00:00,0,0,0
2014-07-23 04:00:00,1,1,0
2014-07-23 05:00:00,13,7,6
2014-07-23 06:00:00,8,4,4
2014-07-23 07:00:00,21,10,11
2014-07-23 08:00:00,12,5,7
2014-07-23 09:00:00,31,14,17
2014-07-23 10:00:00,16,4,12
2014-07-23 11:00:00,14,11,3
2014-07-23 12:00:00,1,1,0
2014-07-23 13:00:00,4,2,2
2014-07-23 14:00:00,9,4,5
2014-07-23 15:00:00,14,7,7
2014-07-23 16:00:00,26,11,15
2014-07-23 17:00:00,33,15,18
2014-07-23 18:00:00,18,8,10
2014-07-23 19:00:00,28,14,14
2014-07-23 20:00:00,4,3,1
2014-07-23 21:00:00,0,0,0
2014-07-23 22:00:00,0,0,0
2014-07-23 23:00:00,0,0,0
2014-07-24 00:00:00,1,0,1
2014-07-24 01:00:00,0,0,0
2014-07-24 02:00:00,0,0,0
2014-07-24 03:00:00,0,0,0
2014-07-24 04:00:00,4,1,3
2014-07-24 05:00:00,11,4,7
2014-07-24 06:00:00,15,10,5
2014-07-24 07:00:00,32,16,16
2014-07-24 08:00:00,20,11,9
2014-07-24 09:00:00,24,9,15
2014-07-24 10:00:00,21,10,11
2014-07-24 11:00:00,20,14,6
2014-07-24 12:00:00,19,14,5
2014-07-24 13:00:00,18,9,9
2014-07-24 14:00:00,8,5,3
2014-07-24 15:00:00,19,11,8
2014-07-24 16:00:00,26,10,16
2014-07-24 17:00:00,27,13,14
2014-07-24 18:00:00,27,15,12
2014-07-24 19:00:00,15,8,7
2014-07-24 20:00:00,7,5,2
2014-07-24 21:00:00,1,1,0
2014-07-24 22:00:00,0,0,0
2014-07-24 23:00:00,0,0,0
2014-07-25 00:00:00,0,0,0
2014-07-25 01:00:00,0,0,0
2014-07-25 02:00:00,0,0,0
2014-07-25 03:00:00,0,0,0
2014-07-25 04:00:00,4,2,2
2014-07-25 05:00:00,11,4,7
2014-07-25 06:00:00,26,14,12
2014-07-25 07:00:00,29,19,10
2014-07-25 08:00:00,30,13,17
2014-07-25 09:00:00,26,13,13
2014-07-25 10:00:00,26,16,10
2014-07-25 11:00:00,33,13,20
2014-07-25 12:00:00,19,10,9
2014-07-25 13:00:00,29,21,8
2014-07-25 14:00:00,28,17,11
2014-07-25 15:00:00,37,18,19
2014-07-25 16:00:00,37,18,19
2014-07-25 17:00:00,25,7,18
2014-07-25 18:00:00,23,14,9
2014-07-25 19:00:00,27,18,9
2014-07-25 20:00:00,3,2,1
2014-07-25 21:00:00,0,0,0
2014-07-25 22:00:00,1,0,1
2014-07-25 23:00:00,2,2,0
2014-07-26 00:00:00,0,0,0
2014-07-26 01:00:00,0,0,0
2014-07-26 02:00:00,0,0,0
2014-07-26 03:00:00,0,0,0
2014-07-26 04:00:00,1,0,1
2014-07-26 05:00:00,14,5,9
2014-07-26 06:00:00,18,7,11
2014-07-26 07:00:00,51,26,25
2014-07-26 08:00:00,55,29,26
2014-07-26 09:00:00,59,23,36
2014-07-26 10:00:00,59,26,33
2014-07-26 11:00:00,69,27,42
2014-07-26 12:00:00,52,29,23
2014-07-26 13:00:00,33,18,15
2014-07-26 14:00:00,40,29,11
2014-07-26 15:00:00,45,29,16
2014-07-26 16:00:00,21,12,9
2014-07-26 17:00:00,23,13,10
2014-07-26 18:00:00,22,12,10
2014-07-26 19:00:00,13,8,5
2014-07-26 20:00:00,2,0,2
2014-07-26 21:00:00,1,0,1
2014-07-26 22:00:00,2,2,0
2014-07-26 23:00:00,0,0,0
2014-07-27 00:00:00,0,0,0
2014-07-27 01:00:00,0,0,0
2014-07-27 02:00:00,0,0,0
2014-07-27 03:00:00,1,0,1
2014-07-27 04:00:00,1,0,1
2014-07-27 05:00:00,7,5,2
2014-07-27 06:00:00,20,6,14
2014-07-27 07:00:00,47,34,13
2014-07-27 08:00:00,47,18,29
2014-07-27 09:00:00,67,29,38
2014-07-27 10:00:00,52,27,25
2014-07-27 11:00:00,38,24,14
2014-07-27 12:00:00,50,27,23
2014-07-27 13:00:00,30,18,12
2014-07-27 14:00:00,35,18,17
2014-07-27 15:00:00,44,30,14
2014-07-27 16:00:00,30,18,12
2014-07-27 17:00:00,28,16,12
2014-07-27 18:00:00,23,13,10
2014-07-27 19:00:00,31,19,12
2014-07-27 20:00:00,15,8,7
2014-07-27 21:00:00,3,3,0
2014-07-27 22:00:00,2,0,2
2014-07-27 23:00:00,0,0,0
2014-07-28 00:00:00,0,0,0
2014-07-28 01:00:00,0,0,0
2014-07-28 02:00:00,0,0,0
2014-07-28 03:00:00,0,0,0
2014-07-28 04:00:00,4,0,4
2014-07-28 05:00:00,12,7,5
2014-07-28 06:00:00,30,16,14
2014-07-28 07:00:00,39,18,21
2014-07-28 08:00:00,29,12,17
2014-07-28 09:00:00,44,21,23
2014-07-28 10:00:00,54,23,31
2014-07-28 11:00:00,40,26,14
2014-07-28 12:00:00,40,26,14
2014-07-28 13:00:00,24,13,11
2014-07-28 14:00:00,13,6,7
2014-07-28 15:00:00,28,15,13
2014-07-28 16:00:00,30,13,17
2014-07-28 17:00:00,34,16,18
2014-07-28 18:00:00,20,12,8
2014-07-28 19:00:00,35,16,19
2014-07-28 20:00:00,14,7,7
2014-07-28 21:00:00,0,0,0
2014-07-28 22:00:00,0,0,0
2014-07-28 23:00:00,0,0,0
2014-07-29 00:00:00,0,0,0
2014-07-29 01:00:00,0,0,0
2014-07-29 02:00:00,0,0,0
2014-07-29 03:00:00,0,0,0
2014-07-29 04:00:00,3,2,1
2014-07-29 05:00:00,11,7,4
2014-07-29 06:00:00,33,21,12
2014-07-29 07:00:00,41,23,18
2014-07-29 08:00:00,42,22,20
2014-07-29 09:00:00,50,27,23
2014-07-29 10:00:00,37,16,21
2014-07-29 11:00:00,41,27,14
2014-07-29 12:00:00,19,12,7
2014-07-29 13:00:00,17,6,11
2014-07-29 14:00:00,15,9,6
2014-07-29 15:00:00,18,8,10
2014-07-29 16:00:00,39,22,17
2014-07-29 17:00:00,36,15,21
2014-07-29 18:00:00,53,24,29
2014-07-29 19:00:00,43,26,17
2014-07-29 20:00:00,14,10,4
2014-07-29 21:00:00,2,2,0
2014-07-29 22:00:00,3,2,1
2014-07-29 23:00:00,0,0,0
2014-07-30 00:00:00,2,0,2
2014-07-30 01:00:00,0,0,0
2014-07-30 02:00:00,0,0,0
2014-07-30 03:00:00,0,0,0
2014-07-30 04:00:00,2,0,2
2014-07-30 05:00:00,20,10,10
2014-07-30 06:00:00,40,23,17
2014-07-30 07:00:00,38,25,13
2014-07-30 08:00:00,30,19,11
2014-07-30 09:00:00,43,20,23
2014-07-30 10:00:00,31,14,17
2014-07-30 11:00:00,28,19,9
2014-07-30 12:00:00,25,16,9
2014-07-30 13:00:00,19,12,7
2014-07-30 14:00:00,24,18,6
2014-07-30 15:00:00,16,8,8
2014-07-30 16:00:00,32,14,18
2014-07-30 17:00:00,34,13,21
2014-07-30 18:00:00,32,16,16
2014-07-30 19:00:00,27,14,13
2014-07-30 20:00:00,22,12,10
2014-07-30 21:00:00,4,1,3
2014-07-30 22:00:00,0,0,0
2014-07-30 23:00:00,0,0,0
2014-07-31 00:00:00,4,1,3
2014-07-31 01:00:00,0,0,0
2014-07-31 02:00:00,0,0,0
2014-07-31 03:00:00,0,0,0
2014-07-31 04:00:00,4,2,2
2014-07-31 05:00:00,20,10,10
2014-07-31 06:00:00,34,20,14
2014-07-31 07:00:00,31,14,17
2014-07-31 08:00:00,27,15,12
2014-07-31 09:00:00,34,15,19
2014-07-31 10:00:00,28,11,17
2014-07-31 11:00:00,25,15,10
2014-07-31 12:00:00,22,13,9
2014-07-31 13:00:00,11,5,6
2014-07-31 14:00:00,22,9,13
2014-07-31 15:00:00,30,16,14
2014-07-31 16:00:00,29,15,14
2014-07-31 17:00:00,26,12,14
2014-07-31 18:00:00,30,14,16
2014-07-31 19:00:00,44,28,16
2014-07-31 20:00:00,12,7,5
2014-07-31 21:00:00,4,1,3
2014-07-31 22:00:00,2,2,0
2014-07-31 23:00:00,0,0,0
2014-08-01 00:00:00,0,0,0
2014-08-01 01:00:00,0,0,0
2014-08-01 02:00:00,0,0,0
2014-08-01 03:00:00,0,0,0
2014-08-01 04:00:00,2,0,2
2014-08-01 05:00:00,21,11,10
2014-08-01 06:00:00,38,23,15
2014-08-01 07:00:00,44,20,24
2014-08-01 08:00:00,43,20,23
2014-08-01 09:00:00,53,30,23
2014-08-01 10:00:00,32,19,13
2014-08-01 11:00:00,17,10,7
2014-08-01 12:00:00,17,6,11
2014-08-01 13:00:00,26,12,14
2014-08-01 14:00:00,15,9,6
2014-08-01 15:00:00,26,17,9
2014-08-01 16:00:00,22,12,10
2014-08-01 17:00:00,20,7,13
2014-08-01 18:00:00,16,7,9
2014-08-01 19:00:00,15,8,7
2014-08-01 20:00:00,7,3,4
2014-08-01 21:00:00,2,1,1
2014-08-01 22:00:00,1,0,1
2014-08-01 23:00:00,0,0,0
2014-08-02 00:00:00,0,0,0
2014-08-02 01:00:00,0,0,0
2014-08-02 02:00:00,0,0,0
2014-08-02 03:00:00,0,0,0
2014-08-02 04:00:00,2,0,2
2014-08-02 05:00:00,9,3,6
2014-08-02 06:00:00,31,18,13
2014-08-02 07:00:00,56,26,30
2014-08-02 08:00:00,48,22,26
2014-08-02 09:00:00,45,26,19
2014-08-02 10:00:00,52,29,23
2014-08-02 11:00:00,31,21,10
2014-08-02 12:00:00,38,22,16
2014-08-02 13:00:00,23,14,9
2014-08-02 14:00:00,20,14,6
2014-08-02 15:00:00,46,31,15
2014-08-02 16:00:00,28,15,13
2014-08-02 17:00:00,15,10,5
2014-08-02 18:00:00,48,23,25
2014-08-02 19:00:00,26,18,8
2014-08-02 20:00:00,11,6,5
2014-08-02 21:00:00,1,0,1
2014-08-02 22:00:00,3,2,1
2014-08-02 23:00:00,0,0,0
2014-08-03 00:00:00,0,0,0
2014-08-03 01:00:00,0,0,0
2014-08-03 02:00:00,0,0,0
2014-08-03 03:00:00,0,0,0
2014-08-03 04:00:00,2,1,1
2014-08-03 05:00:00,4,2,2
2014-08-03 06:00:00,24,6,18
2014-08-03 07:00:00,64,35,29
2014-08-03 08:00:00,48,25,23
2014-08-03 09:00:00,61,32,29
2014-08-03 10:00:00,64,33,31
2014-08-03 11:00:00,63,44,19
2014-08-03 12:00:00,31,20,11
2014-08-03 13:00:00,38,19,19
2014-08-03 14:00:00,31,13,18
2014-08-03 15:00:00,41,24,17
2014-08-03 16:00:00,30,18,12
2014-08-03 17:00:00,15,9,6
2014-08-03 18:00:00,28,16,12
2014-08-03 19:00:00,28,14,14
2014-08-03 20:00:00,23,15,8
2014-08-03 21:00:00,5,2,3
2014-08-03 22:00:00,1,1,0
2014-08-03 23:00:00,0,0,0
2014-08-04 00:00:00,0,0,0
2014-08-04 01:00:00,0,0,0
2014-08-04 02:00:00,0,0,0
2014-08-04 03:00:00,0,0,0
2014-08-04 04:00:00,0,0,0
2014-08-04 05:00:00,15,8,7
2014-08-04 06:00:00,33,20,13
2014-08-04 07:00:00,35,21,14
2014-08-04 08:00:00,36,17,19
2014-08-04 09:00:00,48,22,26
2014-08-04 10:00:00,28,19,9
2014-08-04 11:00:00,33,16,17
2014-08-04 12:00:00,19,13,6
2014-08-04 13:00:00,13,5,8
2014-08-04 14:00:00,22,12,10
2014-08-04 15:00:00,26,12,14
2014-08-04 16:00:00,23,7,16
2014-08-04 17:00:00,22,7,15
2014-08-04 18:00:00,28,12,16
2014-08-04 19:00:00,50,29,21
2014-08-04 20:00:00,15,9,6
2014-08-04 21:00:00,0,0,0
2014-08-04 22:00:00,3,2,1
2014-08-04 23:00:00,0,0,0
2014-08-05 00:00:00,0,0,0
2014-08-05 01:00:00,0,0,0
2014-08-05 02:00:00,0,0,0
2014-08-05 03:00:00,0,0,0
2014-08-05 04:00:00,3,1,2
2014-08-05 05:00:00,16,10,6
2014-08-05 06:00:00,37,19,18
2014-08-05 07:00:00,24,14,10
2014-08-05 08:00:00,32,21,11
2014-08-05 09:00:00,42,17,25
2014-08-05 10:00:00,25,17,8
2014-08-05 11:00:00,31,19,12
2014-08-05 12:00:00,19,11,8
2014-08-05 13:00:00,14,7,7
2014-08-05 14:00:00,20,11,9
2014-08-05 15:00:00,31,8,23
2014-08-05 16:00:00,46,21,25
2014-08-05 17:00:00,38,22,16
2014-08-05 18:00:00,29,18,11
2014-08-05 19:00:00,36,19,17
2014-08-05 20:00:00,10,8,2
2014-08-05 21:00:00,6,2,4
2014-08-05 22:00:00,1,0,1
2014-08-05 23:00:00,1,1,0
2014-08-06 00:00:00,0,0,0
2014-08-06 01:00:00,0,0,0
2014-08-06 02:00:00,0,0,0
2014-08-06 03:00:00,0,0,0
2014-08-06 04:00:00,0,0,0
2014-08-06 05:00:00,19,7,12
2014-08-06 06:00:00,29,22,7
2014-08-06 07:00:00,120,62,58
2014-08-06 08:00:00,29,13,16
2014-08-06 09:00:00,40,19,21
2014-08-06 10:00:00,27,14,13
2014-08-06 11:00:00,34,15,19
2014-08-06 12:00:00,31,19,12
2014-08-06 13:00:00,22,16,6
2014-08-06 14:00:00,19,13,6
2014-08-06 15:00:00,27,12,15
2014-08-06 16:00:00,28,13,15
2014-08-06 17:00:00,31,12,19
2014-08-06 18:00:00,24,12,12
2014-08-06 19:00:00,22,11,11
2014-08-06 20:00:00,11,5,6
2014-08-06 21:00:00,0,0,0
2014-08-06 22:00:00,1,0,1
2014-08-06 23:00:00,1,1,0
2014-08-07 00:00:00,0,0,0
2014-08-07 01:00:00,0,0,0
2014-08-07 02:00:00,0,0,0
2014-08-07 03:00:00,0,0,0
2014-08-07 04:00:00,1,0,1
2014-08-07 05:00:00,16,8,8
2014-08-07 06:00:00,29,21,8
2014-08-07 07:00:00,19,11,8
2014-08-07 08:00:00,34,18,16
2014-08-07 09:00:00,28,13,15
2014-08-07 10:00:00,44,29,15
2014-08-07 11:00:00,43,22,21
2014-08-07 12:00:00,23,13,10
2014-08-07 13:00:00,14,4,10
2014-08-07 14:00:00,22,14,8
2014-08-07 15:00:00,31,18,13
2014-08-07 16:00:00,42,18,24
2014-08-07 17:00:00,74,35,39
2014-08-07 18:00:00,37,21,16
2014-08-07 19:00:00,32,16,16
2014-08-07 20:00:00,22,14,8
2014-08-07 21:00:00,4,1,3
2014-08-07 22:00:00,0,0,0
2014-08-07 23:00:00,0,0,0
2014-08-08 00:00:00,0,0,0
2014-08-08 01:00:00,0,0,0
2014-08-08 02:00:00,0,0,0
2014-08-08 03:00:00,0,0,0
2014-08-08 04:00:00,0,0,0
2014-08-08 05:00:00,18,12,6
2014-08-08 06:00:00,20,11,9
2014-08-08 07:00:00,42,26,16
2014-08-08 08:00:00,37,18,19
2014-08-08 09:00:00,36,13,23
2014-08-08 10:00:00,40,25,15
2014-08-08 11:00:00,19,10,9
2014-08-08 12:00:00,22,16,6
2014-08-08 13:00:00,23,8,15
2014-08-08 14:00:00,25,14,11
2014-08-08 15:00:00,29,16,13
2014-08-08 16:00:00,36,20,16
2014-08-08 17:00:00,25,15,10
2014-08-08 18:00:00,23,9,14
2014-08-08 19:00:00,16,9,7
2014-08-08 20:00:00,9,5,4
2014-08-08 21:00:00,8,4,4
2014-08-08 22:00:00,1,0,1
2014-08-08 23:00:00,1,1,0
2014-08-09 00:00:00,0,0,0
2014-08-09 01:00:00,0,0,0
2014-08-09 02:00:00,0,0,0
2014-08-09 03:00:00,0,0,0
2014-08-09 04:00:00,0,0,0
2014-08-09 05:00:00,1,0,1
2014-08-09 06:00:00,22,8,14
2014-08-09 07:00:00,64,28,36
2014-08-09 08:00:00,112,67,45
2014-08-09 09:00:00,126,67,59
2014-08-09 10:00:00,85,42,43
2014-08-09 11:00:00,41,22,19
2014-08-09 12:00:00,46,32,14
2014-08-09 13:00:00,37,16,21
2014-08-09 14:00:00,25,15,10
2014-08-09 15:00:00,26,11,15
2014-08-09 16:00:00,17,10,7
2014-08-09 17:00:00,22,12,10
2014-08-09 18:00:00,27,12,15
2014-08-09 19:00:00,37,21,16
2014-08-09 20:00:00,4,3,1
2014-08-09 21:00:00,0,0,0
2014-08-09 22:00:00,0,0,0
2014-08-09 23:00:00,0,0,0
2014-08-10 00:00:00,0,0,0
2014-08-10 01:00:00,0,0,0
2014-08-10 02:00:00,0,0,0
2014-08-10 03:00:00,0,0,0
2014-08-10 04:00:00,2,0,2
2014-08-10 05:00:00,3,1,2
2014-08-10 06:00:00,23,9,14
2014-08-10 07:00:00,65,33,32
2014-08-10 08:00:00,62,31,31
2014-08-10 09:00:00,70,33,37
2014-08-10 10:00:00,55,30,25
2014-08-10 11:00:00,49,27,22
2014-08-10 12:00:00,33,20,13
2014-08-10 13:00:00,28,14,14
2014-08-10 14:00:00,48,28,20
2014-08-10 15:00:00,33,25,8
2014-08-10 16:00:00,20,11,9
2014-08-10 17:00:00,21,13,8
2014-08-10 18:00:00,26,13,13
2014-08-10 19:00:00,14,8,6
2014-08-10 20:00:00,11,8,3
2014-08-10 21:00:00,2,2,0
2014-08-10 22:00:00,0,0,0
2014-08-10 23:00:00,1,0,1
2014-08-11 00:00:00,1,1,0
2014-08-11 01:00:00,0,0,0
2014-08-11 02:00:00,0,0,0
2014-08-11 03:00:00,0,0,0
2014-08-11 04:00:00,2,1,1
2014-08-11 05:00:00,10,4,6
2014-08-11 06:00:00,34,22,12
2014-08-11 07:00:00,41,22,19
2014-08-11 08:00:00,34,18,16
2014-08-11 09:00:00,0,0,0
2014-08-11 10:00:00,28,18,10
2014-08-11 11:00:00,25,10,15
2014-08-11 12:00:00,16,10,6
2014-08-11 13:00:00,18,10,8
2014-08-11 14:00:00,29,21,8
2014-08-11 15:00:00,14,5,9
2014-08-11 16:00:00,16,8,8
2014-08-11 17:00:00,12,7,5
2014-08-11 18:00:00,6,5,1
2014-08-11 19:00:00,18,7,11
2014-08-11 20:00:00,36,21,15
2014-08-11 21:00:00,3,2,1
2014-08-11 22:00:00,3,1,2
2014-08-11 23:00:00,1,1,0
2014-08-12 00:00:00,0,0,0
2014-08-12 01:00:00,0,0,0
2014-08-12 02:00:00,0,0,0
2014-08-12 03:00:00,0,0,0
2014-08-12 04:00:00,0,0,0
2014-08-12 05:00:00,3,2,1
2014-08-12 06:00:00,12,7,5
2014-08-12 07:00:00,43,26,17
2014-08-12 08:00:00,31,16,15
2014-08-12 09:00:00,22,14,8
2014-08-12 10:00:00,19,8,11
2014-08-12 11:00:00,20,6,14
2014-08-12 12:00:00,16,10,6
2014-08-12 13:00:00,17,8,9
2014-08-12 14:00:00,21,7,14
2014-08-12 15:00:00,29,17,12
2014-08-12 16:00:00,28,13,15
2014-08-12 17:00:00,23,11,12
2014-08-12 18:00:00,27,11,16
2014-08-12 19:00:00,37,23,14
2014-08-12 20:00:00,15,6,9
2014-08-12 21:00:00,0,0,0
2014-08-12 22:00:00,1,0,1
2014-08-12 23:00:00,1,1,0
2014-08-13 00:00:00,0,0,0
2014-08-13 01:00:00,0,0,0
2014-08-13 02:00:00,1,1,0
2014-08-13 03:00:00,0,0,0
2014-08-13 04:00:00,0,0,0
2014-08-13 05:00:00,0,0,0
2014-08-13 06:00:00,5,3,2
2014-08-13 07:00:00,28,11,17
2014-08-13 08:00:00,33,20,13
2014-08-13 09:00:00,18,11,7
2014-08-13 10:00:00,28,16,12
2014-08-13 11:00:00,8,4,4
2014-08-13 12:00:00,14,7,7
2014-08-13 13:00:00,13,7,6
2014-08-13 14:00:00,47,27,20
2014-08-13 15:00:00,29,15,14
2014-08-13 16:00:00,22,11,11
2014-08-13 17:00:00,18,10,8
2014-08-13 18:00:00,34,16,18
2014-08-13 19:00:00,40,23,17
2014-08-13 20:00:00,28,16,12
2014-08-13 21:00:00,6,5,1
2014-08-13 22:00:00,0,0,0
2014-08-13 23:00:00,0,0,0
2014-08-14 00:00:00,0,0,0
2014-08-14 01:00:00,0,0,0
2014-08-14 02:00:00,0,0,0
2014-08-14 03:00:00,0,0,0
2014-08-14 04:00:00,0,0,0
2014-08-14 05:00:00,5,2,3
2014-08-14 06:00:00,16,9,7
2014-08-14 07:00:00,29,17,12
2014-08-14 08:00:00,33,15,18
2014-08-14 09:00:00,45,22,23
2014-08-14 10:00:00,28,13,15
2014-08-14 11:00:00,28,12,16
2014-08-14 12:00:00,25,16,9
2014-08-14 13:00:00,14,7,7
2014-08-14 14:00:00,8,6,2
2014-08-14 15:00:00,8,6,2
2014-08-14 16:00:00,12,6,6
2014-08-14 17:00:00,41,15,26
2014-08-14 18:00:00,45,23,22
2014-08-14 19:00:00,38,22,16
2014-08-14 20:00:00,25,14,11
2014-08-14 21:00:00,2,0,2
2014-08-14 22:00:00,0,0,0
2014-08-14 23:00:00,0,0,0
2014-08-15 00:00:00,0,0,0
2014-08-15 01:00:00,0,0,0
2014-08-15 02:00:00,0,0,0
2014-08-15 03:00:00,0,0,0
2014-08-15 04:00:00,0,0,0
2014-08-15 05:00:00,4,0,4
2014-08-15 06:00:00,20,4,16
2014-08-15 07:00:00,23,8,15
2014-08-15 08:00:00,14,8,6
2014-08-15 09:00:00,26,12,14
2014-08-15 10:00:00,22,14,8
2014-08-15 11:00:00,21,8,13
2014-08-15 12:00:00,13,6,7
2014-08-15 13:00:00,23,12,11
2014-08-15 14:00:00,37,30,7
2014-08-15 15:00:00,27,16,11
2014-08-15 16:00:00,28,7,21
2014-08-15 17:00:00,25,11,14
2014-08-15 18:00:00,28,12,16
2014-08-15 19:00:00,13,8,5
2014-08-15 20:00:00,14,5,9
2014-08-15 21:00:00,3,3,0
2014-08-15 22:00:00,1,1,0
2014-08-15 23:00:00,2,1,1
2014-08-16 00:00:00,0,0,0
2014-08-16 01:00:00,0,0,0
2014-08-16 02:00:00,0,0,0
2014-08-16 03:00:00,0,0,0
2014-08-16 04:00:00,0,0,0
2014-08-16 05:00:00,2,1,1
2014-08-16 06:00:00,8,2,6
2014-08-16 07:00:00,31,5,26
2014-08-16 08:00:00,48,24,24
2014-08-16 09:00:00,56,23,33
2014-08-16 10:00:00,77,40,37
2014-08-16 11:00:00,50,27,23
2014-08-16 12:00:00,44,24,20
2014-08-16 13:00:00,32,17,15
2014-08-16 14:00:00,33,13,20
2014-08-16 15:00:00,36,20,16
2014-08-16 16:00:00,53,31,22
2014-08-16 17:00:00,31,19,12
2014-08-16 18:00:00,31,17,14
2014-08-16 19:00:00,19,14,5
2014-08-16 20:00:00,6,3,3
2014-08-16 21:00:00,7,5,2
2014-08-16 22:00:00,0,0,0
2014-08-16 23:00:00,0,0,0
2014-08-17 00:00:00,0,0,0
2014-08-17 01:00:00,0,0,0
2014-08-17 02:00:00,0,0,0
2014-08-17 03:00:00,0,0,0
2014-08-17 04:00:00,0,0,0
2014-08-17 05:00:00,0,0,0
2014-08-17 06:00:00,1,1,0
2014-08-17 07:00:00,26,10,16
2014-08-17 08:00:00,40,26,14
2014-08-17 09:00:00,71,27,44
2014-08-17 10:00:00,71,33,38
2014-08-17 11:00:00,59,38,21
2014-08-17 12:00:00,52,27,25
2014-08-17 13:00:00,54,31,23
2014-08-17 14:00:00,31,14,17
2014-08-17 15:00:00,35,20,15
2014-08-17 16:00:00,36,25,11
2014-08-17 17:00:00,37,21,16
2014-08-17 18:00:00,25,15,10
2014-08-17 19:00:00,33,20,13
2014-08-17 20:00:00,20,12,8
2014-08-17 21:00:00,6,3,3
2014-08-17 22:00:00,6,5,1
2014-08-17 23:00:00,0,0,0
2014-08-18 00:00:00,0,0,0
2014-08-18 01:00:00,0,0,0
2014-08-18 02:00:00,0,0,0
2014-08-18 03:00:00,0,0,0
2014-08-18 04:00:00,0,0,0
2014-08-18 05:00:00,5,4,1
2014-08-18 06:00:00,19,10,9
2014-08-18 07:00:00,28,16,12
2014-08-18 08:00:00,29,20,9
2014-08-18 09:00:00,35,19,16
2014-08-18 10:00:00,36,17,19
2014-08-18 11:00:00,40,24,16
2014-08-18 12:00:00,24,12,12
2014-08-18 13:00:00,21,13,8
2014-08-18 14:00:00,18,8,10
2014-08-18 15:00:00,19,11,8
2014-08-18 16:00:00,33,14,19
2014-08-18 17:00:00,38,18,20
2014-08-18 18:00:00,31,14,17
2014-08-18 19:00:00,30,16,14
2014-08-18 20:00:00,33,19,14
2014-08-18 21:00:00,7,4,3
2014-08-18 22:00:00,0,0,0
2014-08-18 23:00:00,1,0,1
2014-08-19 00:00:00,1,1,0
2014-08-19 01:00:00,0,0,0
2014-08-19 02:00:00,0,0,0
2014-08-19 03:00:00,2,1,1
2014-08-19 04:00:00,0,0,0
2014-08-19 05:00:00,2,1,1
2014-08-19 06:00:00,15,8,7
2014-08-19 07:00:00,30,20,10
2014-08-19 08:00:00,25,17,8
2014-08-19 09:00:00,25,12,13
2014-08-19 10:00:00,21,12,9
2014-08-19 11:00:00,14,8,6
2014-08-19 12:00:00,32,18,14
2014-08-19 13:00:00,14,9,5
2014-08-19 14:00:00,13,8,5
2014-08-19 15:00:00,13,6,7
2014-08-19 16:00:00,19,10,9
2014-08-19 17:00:00,27,14,13
2014-08-19 18:00:00,54,23,31
2014-08-19 19:00:00,41,33,8
2014-08-19 20:00:00,30,14,16
2014-08-19 21:00:00,2,2,0
2014-08-19 22:00:00,1,1,0
2014-08-19 23:00:00,1,0,1
2014-08-20 00:00:00,1,1,0
2014-08-20 01:00:00,0,0,0
2014-08-20 02:00:00,0,0,0
2014-08-20 03:00:00,0,0,0
2014-08-20 04:00:00,0,0,0
2014-08-20 05:00:00,3,2,1
2014-08-20 06:00:00,15,5,10
2014-08-20 07:00:00,27,16,11
2014-08-20 08:00:00,32,22,10
2014-08-20 09:00:00,36,20,16
2014-08-20 10:00:00,33,12,21
2014-08-20 11:00:00,18,12,6
2014-08-20 12:00:00,24,12,12
2014-08-20 13:00:00,24,12,12
2014-08-20 14:00:00,19,12,7
2014-08-20 15:00:00,8,3,5
2014-08-20 16:00:00,27,14,13
2014-08-20 17:00:00,40,19,21
2014-08-20 18:00:00,46,20,26
2014-08-20 19:00:00,35,22,13
2014-08-20 20:00:00,19,11,8
2014-08-20 21:00:00,4,1,3
2014-08-20 22:00:00,3,3,0
2014-08-20 23:00:00,0,0,0
2014-08-21 00:00:00,0,0,0
2014-08-21 01:00:00,0,0,0
2014-08-21 02:00:00,0,0,0
2014-08-21 03:00:00,0,0,0
2014-08-21 04:00:00,0,0,0
2014-08-21 05:00:00,4,2,2
2014-08-21 06:00:00,6,2,4
2014-08-21 07:00:00,21,13,8
2014-08-21 08:00:00,21,10,11
2014-08-21 09:00:00,35,20,15
2014-08-21 10:00:00,28,14,14
2014-08-21 11:00:00,22,13,9
2014-08-21 12:00:00,17,11,6
2014-08-21 13:00:00,18,7,11
2014-08-21 14:00:00,12,3,9
2014-08-21 15:00:00,20,11,9
2014-08-21 16:00:00,27,15,12
2014-08-21 17:00:00,33,16,17
2014-08-21 18:00:00,34,18,16
2014-08-21 19:00:00,29,15,14
2014-08-21 20:00:00,24,14,10
2014-08-21 21:00:00,1,0,1
2014-08-21 22:00:00,0,0,0
2014-08-21 23:00:00,0,0,0
2014-08-22 00:00:00,0,0,0
2014-08-22 01:00:00,0,0,0
2014-08-22 02:00:00,0,0,0
2014-08-22 03:00:00,0,0,0
2014-08-22 04:00:00,0,0,0
2014-08-22 05:00:00,1,1,0
2014-08-22 06:00:00,10,3,7
2014-08-22 07:00:00,22,11,11
2014-08-22 08:00:00,23,14,9
2014-08-22 09:00:00,39,21,18
2014-08-22 10:00:00,47,28,19
2014-08-22 11:00:00,30,20,10
2014-08-22 12:00:00,51,37,14
2014-08-22 13:00:00,17,11,6
2014-08-22 14:00:00,18,7,11
2014-08-22 15:00:00,18,13,5
2014-08-22 16:00:00,34,17,17
2014-08-22 17:00:00,39,17,22
2014-08-22 18:00:00,39,21,18
2014-08-22 19:00:00,21,11,10
2014-08-22 20:00:00,16,6,10
2014-08-22 21:00:00,5,3,2
2014-08-22 22:00:00,0,0,0
2014-08-22 23:00:00,0,0,0
2014-08-23 00:00:00,1,1,0
2014-08-23 01:00:00,0,0,0
2014-08-23 02:00:00,3,1,2
2014-08-23 03:00:00,1,0,1
2014-08-23 04:00:00,0,0,0
2014-08-23 05:00:00,1,0,1
2014-08-23 06:00:00,5,0,5
2014-08-23 07:00:00,23,9,14
2014-08-23 08:00:00,46,20,26
2014-08-23 09:00:00,84,40,44
2014-08-23 10:00:00,79,42,37
2014-08-23 11:00:00,51,18,33
2014-08-23 12:00:00,36,21,15
2014-08-23 13:00:00,40,21,19
2014-08-23 14:00:00,35,19,16
2014-08-23 15:00:00,26,15,11
2014-08-23 16:00:00,36,25,11
2014-08-23 17:00:00,20,12,8
2014-08-23 18:00:00,31,14,17
2014-08-23 19:00:00,19,12,7
2014-08-23 20:00:00,15,11,4
2014-08-23 21:00:00,2,1,1
2014-08-23 22:00:00,1,1,0
2014-08-23 23:00:00,2,1,1
2014-08-24 00:00:00,0,0,0
2014-08-24 01:00:00,0,0,0
2014-08-24 02:00:00,0,0,0
2014-08-24 03:00:00,0,0,0
2014-08-24 04:00:00,0,0,0
2014-08-24 05:00:00,0,0,0
2014-08-24 06:00:00,2,2,0
2014-08-24 07:00:00,21,8,13
2014-08-24 08:00:00,39,21,18
2014-08-24 09:00:00,55,26,29
2014-08-24 10:00:00,56,25,31
2014-08-24 11:00:00,66,38,28
2014-08-24 12:00:00,52,35,17
2014-08-24 13:00:00,35,16,19
2014-08-24 14:00:00,50,29,21
2014-08-24 15:00:00,41,22,19
2014-08-24 16:00:00,41,28,13
2014-08-24 17:00:00,28,15,13
2014-08-24 18:00:00,25,11,14
2014-08-24 19:00:00,35,26,9
2014-08-24 20:00:00,13,6,7
2014-08-24 21:00:00,3,2,1
2014-08-24 22:00:00,0,0,0
2014-08-24 23:00:00,0,0,0
2014-08-25 00:00:00,2,1,1
2014-08-25 01:00:00,0,0,0
2014-08-25 02:00:00,0,0,0
2014-08-25 03:00:00,0,0,0
2014-08-25 04:00:00,0,0,0
2014-08-25 05:00:00,1,1,0
2014-08-25 06:00:00,13,6,7
2014-08-25 07:00:00,24,13,11
2014-08-25 08:00:00,34,22,12
2014-08-25 09:00:00,24,11,13
2014-08-25 10:00:00,34,22,12
2014-08-25 11:00:00,27,16,11
2014-08-25 12:00:00,30,15,15
2014-08-25 13:00:00,20,8,12
2014-08-25 14:00:00,17,9,8
2014-08-25 15:00:00,27,15,12
2014-08-25 16:00:00,31,14,17
2014-08-25 17:00:00,31,13,18
2014-08-25 18:00:00,41,19,22
2014-08-25 19:00:00,40,27,13
2014-08-25 20:00:00,21,13,8
2014-08-25 21:00:00,2,1,1
2014-08-25 22:00:00,0,0,0
2014-08-25 23:00:00,1,0,1
2014-08-26 00:00:00,1,1,0
2014-08-26 01:00:00,2,1,1
2014-08-26 02:00:00,0,0,0
2014-08-26 03:00:00,0,0,0
2014-08-26 04:00:00,1,1,0
2014-08-26 05:00:00,0,0,0
2014-08-26 06:00:00,10,4,6
2014-08-26 07:00:00,23,16,7
2014-08-26 08:00:00,37,23,14
2014-08-26 09:00:00,42,23,19
2014-08-26 10:00:00,36,18,18
2014-08-26 11:00:00,32,17,15
2014-08-26 12:00:00,26,14,12
2014-08-26 13:00:00,40,23,17
2014-08-26 14:00:00,22,13,9
2014-08-26 15:00:00,25,15,10
2014-08-26 16:00:00,15,9,6
2014-08-26 17:00:00,35,14,21
2014-08-26 18:00:00,36,17,19
2014-08-26 19:00:00,36,17,19
2014-08-26 20:00:00,21,14,7
2014-08-26 21:00:00,5,1,4
2014-08-26 22:00:00,3,3,0
2014-08-26 23:00:00,0,0,0
2014-08-27 00:00:00,0,0,0
2014-08-27 01:00:00,0,0,0
2014-08-27 02:00:00,0,0,0
2014-08-27 03:00:00,0,0,0
2014-08-27 04:00:00,0,0,0
2014-08-27 05:00:00,0,0,0
2014-08-27 06:00:00,17,8,9
2014-08-27 07:00:00,37,21,16
2014-08-27 08:00:00,39,25,14
2014-08-27 09:00:00,37,19,18
2014-08-27 10:00:00,35,18,17
2014-08-27 11:00:00,29,16,13
2014-08-27 12:00:00,32,16,16
2014-08-27 13:00:00,21,11,10
2014-08-27 14:00:00,18,11,7
2014-08-27 15:00:00,14,7,7
2014-08-27 16:00:00,20,4,16
2014-08-27 17:00:00,23,10,13
2014-08-27 18:00:00,43,18,25
2014-08-27 19:00:00,29,15,14
2014-08-27 20:00:00,27,19,8
2014-08-27 21:00:00,6,2,4
2014-08-27 22:00:00,2,1,1
2014-08-27 23:00:00,1,0,1
2014-08-28 00:00:00,2,2,0
2014-08-28 01:00:00,2,1,1
2014-08-28 02:00:00,0,0,0
2014-08-28 03:00:00,0,0,0
2014-08-28 04:00:00,0,0,0
2014-08-28 05:00:00,5,2,3
2014-08-28 06:00:00,15,6,9
2014-08-28 07:00:00,26,13,13
2014-08-28 08:00:00,30,19,11
2014-08-28 09:00:00,26,13,13
2014-08-28 10:00:00,22,12,10
2014-08-28 11:00:00,27,11,16
2014-08-28 12:00:00,30,15,15
2014-08-28 13:00:00,33,20,13
2014-08-28 14:00:00,25,17,8
2014-08-28 15:00:00,18,9,9
2014-08-28 16:00:00,23,12,11
2014-08-28 17:00:00,43,25,18
2014-08-28 18:00:00,21,13,8
2014-08-28 19:00:00,31,16,15
2014-08-28 20:00:00,28,11,17
2014-08-28 21:00:00,6,4,2
2014-08-28 22:00:00,1,1,0
2014-08-28 23:00:00,4,4,0
2014-08-29 00:00:00,0,0,0
2014-08-29 01:00:00,0,0,0
2014-08-29 02:00:00,0,0,0
2014-08-29 03:00:00,0,0,0
2014-08-29 04:00:00,0,0,0
2014-08-29 05:00:00,1,0,1
2014-08-29 06:00:00,8,1,7
2014-08-29 07:00:00,34,22,12
2014-08-29 08:00:00,38,15,23
2014-08-29 09:00:00,24,10,14
2014-08-29 10:00:00,15,7,8
2014-08-29 11:00:00,46,28,18
2014-08-29 12:00:00,24,15,9
2014-08-29 13:00:00,15,8,7
2014-08-29 14:00:00,13,7,6
2014-08-29 15:00:00,7,3,4
2014-08-29 16:00:00,17,7,10
2014-08-29 17:00:00,19,12,7
2014-08-29 18:00:00,42,25,17
2014-08-29 19:00:00,30,14,16
2014-08-29 20:00:00,7,4,3
2014-08-29 21:00:00,5,4,1
2014-08-29 22:00:00,0,0,0
2014-08-29 23:00:00,1,0,1
2014-08-30 00:00:00,1,1,0
2014-08-30 01:00:00,0,0,0
2014-08-30 02:00:00,0,0,0
2014-08-30 03:00:00,0,0,0
2014-08-30 04:00:00,0,0,0
2014-08-30 05:00:00,0,0,0
2014-08-30 06:00:00,6,2,4
2014-08-30 07:00:00,22,9,13
2014-08-30 08:00:00,54,23,31
2014-08-30 09:00:00,50,31,19
2014-08-30 10:00:00,39,15,24
2014-08-30 11:00:00,46,26,20
2014-08-30 12:00:00,26,13,13
2014-08-30 13:00:00,19,9,10
2014-08-30 14:00:00,21,12,9
2014-08-30 15:00:00,27,17,10
2014-08-30 16:00:00,20,10,10
2014-08-30 17:00:00,35,25,10
2014-08-30 18:00:00,17,8,9
2014-08-30 19:00:00,24,13,11
2014-08-30 20:00:00,9,3,6
2014-08-30 21:00:00,0,0,0
2014-08-30 22:00:00,0,0,0
2014-08-30 23:00:00,0,0,0
2014-08-31 00:00:00,0,0,0
2014-08-31 01:00:00,0,0,0
2014-08-31 02:00:00,0,0,0
2014-08-31 03:00:00,0,0,0
2014-08-31 04:00:00,0,0,0
2014-08-31 05:00:00,0,0,0
2014-08-31 06:00:00,3,2,1
2014-08-31 07:00:00,15,4,11
2014-08-31 08:00:00,31,15,16
2014-08-31 09:00:00,42,25,17
2014-08-31 10:00:00,46,21,25
2014-08-31 11:00:00,40,24,16
2014-08-31 12:00:00,42,23,19
2014-08-31 13:00:00,54,23,31
2014-08-31 14:00:00,31,22,9
2014-08-31 15:00:00,45,24,21
2014-08-31 16:00:00,34,21,13
2014-08-31 17:00:00,48,25,23
2014-08-31 18:00:00,29,17,12
2014-08-31 19:00:00,35,22,13
2014-08-31 20:00:00,11,7,4
2014-08-31 21:00:00,2,1,1
2014-08-31 22:00:00,1,1,0
2014-08-31 23:00:00,0,0,0
2014-09-01 00:00:00,0,0,0
2014-09-01 01:00:00,0,0,0
2014-09-01 02:00:00,0,0,0
2014-09-01 03:00:00,0,0,0
2014-09-01 04:00:00,0,0,0
2014-09-01 05:00:00,0,0,0
2014-09-01 06:00:00,3,1,2
2014-09-01 07:00:00,14,6,8
2014-09-01 08:00:00,44,18,26
2014-09-01 09:00:00,60,29,31
2014-09-01 10:00:00,58,23,35
2014-09-01 11:00:00,58,33,25
2014-09-01 12:00:00,50,26,24
2014-09-01 13:00:00,63,32,31
2014-09-01 14:00:00,50,34,16
2014-09-01 15:00:00,55,36,19
2014-09-01 16:00:00,49,23,26
2014-09-01 17:00:00,54,37,17
2014-09-01 18:00:00,29,16,13
2014-09-01 19:00:00,29,14,15
2014-09-01 20:00:00,8,5,3
2014-09-01 21:00:00,1,0,1
2014-09-01 22:00:00,2,2,0
2014-09-01 23:00:00,0,0,0
2014-09-02 00:00:00,0,0,0
2014-09-02 01:00:00,2,1,1
2014-09-02 02:00:00,0,0,0
2014-09-02 03:00:00,0,0,0
2014-09-02 04:00:00,0,0,0
2014-09-02 05:00:00,8,3,5
2014-09-02 06:00:00,4,3,1
2014-09-02 07:00:00,9,3,6
2014-09-02 08:00:00,27,13,14
2014-09-02 09:00:00,21,13,8
2014-09-02 10:00:00,30,17,13
2014-09-02 11:00:00,28,14,14
2014-09-02 12:00:00,14,7,7
2014-09-02 13:00:00,10,5,5
2014-09-02 14:00:00,8,4,4
2014-09-02 15:00:00,16,10,6
2014-09-02 16:00:00,37,17,20
2014-09-02 17:00:00,41,22,19
2014-09-02 18:00:00,9,5,4
2014-09-02 19:00:00,6,6,0
2014-09-02 20:00:00,0,0,0
2014-09-02 21:00:00,2,1,1
2014-09-02 22:00:00,1,0,1
2014-09-02 23:00:00,0,0,0
2014-09-03 00:00:00,2,1,1
2014-09-03 01:00:00,0,0,0
2014-09-03 02:00:00,0,0,0
2014-09-03 03:00:00,0,0,0
2014-09-03 04:00:00,2,1,1
2014-09-03 05:00:00,6,2,4
2014-09-03 06:00:00,16,8,8
2014-09-03 07:00:00,37,16,21
2014-09-03 08:00:00,28,13,15
2014-09-03 09:00:00,26,14,12
2014-09-03 10:00:00,35,18,17
2014-09-03 11:00:00,36,17,19
2014-09-03 12:00:00,22,13,9
2014-09-03 13:00:00,21,9,12
2014-09-03 14:00:00,20,12,8
2014-09-03 15:00:00,38,20,18
2014-09-03 16:00:00,27,14,13
2014-09-03 17:00:00,43,19,24
2014-09-03 18:00:00,31,19,12
2014-09-03 19:00:00,10,5,5
2014-09-03 20:00:00,4,2,2
2014-09-03 21:00:00,0,0,0
2014-09-03 22:00:00,1,1,0
2014-09-03 23:00:00,0,0,0
2014-09-04 00:00:00,0,0,0
2014-09-04 01:00:00,0,0,0
2014-09-04 02:00:00,0,0,0
2014-09-04 03:00:00,0,0,0
2014-09-04 04:00:00,2,1,1
2014-09-04 05:00:00,8,4,4
2014-09-04 06:00:00,20,11,9
2014-09-04 07:00:00,23,14,9
2014-09-04 08:00:00,29,15,14
2014-09-04 09:00:00,41,23,18
2014-09-04 10:00:00,27,15,12
2014-09-04 11:00:00,25,13,12
2014-09-04 12:00:00,26,12,14
2014-09-04 13:00:00,31,20,11
2014-09-04 14:00:00,29,16,13
2014-09-04 15:00:00,29,18,11
2014-09-04 16:00:00,45,22,23
2014-09-04 17:00:00,25,11,14
2014-09-04 18:00:00,14,7,7
2014-09-04 19:00:00,6,4,2
2014-09-04 20:00:00,4,2,2
2014-09-04 21:00:00,2,2,0
2014-09-04 22:00:00,0,0,0
2014-09-04 23:00:00,0,0,0
2014-09-05 00:00:00,2,1,1
2014-09-05 01:00:00,0,0,0
2014-09-05 02:00:00,0,0,0
2014-09-05 03:00:00,0,0,0
2014-09-05 04:00:00,0,0,0
2014-09-05 05:00:00,3,0,3
2014-09-05 06:00:00,28,14,14
2014-09-05 07:00:00,32,19,13
2014-09-05 08:00:00,32,12,20
2014-09-05 09:00:00,30,16,14
2014-09-05 10:00:00,28,16,12
2014-09-05 11:00:00,25,13,12
2014-09-05 12:00:00,21,18,3
2014-09-05 13:00:00,30,14,16
2014-09-05 14:00:00,14,9,5
2014-09-05 15:00:00,19,11,8
2014-09-05 16:00:00,30,11,19
2014-09-05 17:00:00,42,23,19
2014-09-05 18:00:00,43,23,20
2014-09-05 19:00:00,6,4,2
2014-09-05 20:00:00,0,0,0
2014-09-05 21:00:00,0,0,0
2014-09-05 22:00:00,1,0,1
2014-09-05 23:00:00,1,1,0
2014-09-06 00:00:00,0,0,0
2014-09-06 01:00:00,0,0,0
2014-09-06 02:00:00,0,0,0
2014-09-06 03:00:00,0,0,0
2014-09-06 04:00:00,0,0,0
2014-09-06 05:00:00,5,1,4
2014-09-06 06:00:00,27,12,15
2014-09-06 07:00:00,66,25,41
2014-09-06 08:00:00,89,48,41
2014-09-06 09:00:00,67,40,27
2014-09-06 10:00:00,61,35,26
2014-09-06 11:00:00,41,26,15
2014-09-06 12:00:00,32,13,19
2014-09-06 13:00:00,24,13,11
2014-09-06 14:00:00,26,14,12
2014-09-06 15:00:00,31,22,9
2014-09-06 16:00:00,20,7,13
2014-09-06 17:00:00,15,7,8
2014-09-06 18:00:00,18,9,9
2014-09-06 19:00:00,12,5,7
2014-09-06 20:00:00,1,1,0
2014-09-06 21:00:00,0,0,0
2014-09-06 22:00:00,0,0,0
2014-09-06 23:00:00,0,0,0
2014-09-07 00:00:00,0,0,0
2014-09-07 01:00:00,1,0,1
2014-09-07 02:00:00,0,0,0
2014-09-07 03:00:00,0,0,0
2014-09-07 04:00:00,0,0,0
2014-09-07 05:00:00,4,3,1
2014-09-07 06:00:00,22,9,13
2014-09-07 07:00:00,58,35,23
2014-09-07 08:00:00,77,36,41
2014-09-07 09:00:00,73,45,28
2014-09-07 10:00:00,78,40,38
2014-09-07 11:00:00,46,30,16
2014-09-07 12:00:00,35,19,16
2014-09-07 13:00:00,48,28,20
2014-09-07 14:00:00,43,29,14
2014-09-07 15:00:00,42,23,19
2014-09-07 16:00:00,44,28,16
2014-09-07 17:00:00,31,14,17
2014-09-07 18:00:00,31,18,13
2014-09-07 19:00:00,9,7,2
2014-09-07 20:00:00,4,2,2
2014-09-07 21:00:00,0,0,0
2014-09-07 22:00:00,1,0,1
2014-09-07 23:00:00,1,1,0
2014-09-08 00:00:00,0,0,0
2014-09-08 01:00:00,0,0,0
2014-09-08 02:00:00,0,0,0
2014-09-08 03:00:00,0,0,0
2014-09-08 04:00:00,2,0,2
2014-09-08 05:00:00,17,12,5
2014-09-08 06:00:00,21,12,9
2014-09-08 07:00:00,30,15,15
2014-09-08 08:00:00,29,15,14
2014-09-08 09:00:00,29,15,14
2014-09-08 10:00:00,22,12,10
2014-09-08 11:00:00,19,11,8
2014-09-08 12:00:00,29,14,15
2014-09-08 13:00:00,22,14,8
2014-09-08 14:00:00,15,7,8
2014-09-08 15:00:00,34,14,20
2014-09-08 16:00:00,50,23,27
2014-09-08 17:00:00,40,19,21
2014-09-08 18:00:00,28,15,13
2014-09-08 19:00:00,3,2,1
2014-09-08 20:00:00,2,2,0
2014-09-08 21:00:00,1,0,1
2014-09-08 22:00:00,1,0,1
2014-09-08 23:00:00,3,1,2
2014-09-09 00:00:00,1,0,1
2014-09-09 01:00:00,0,0,0
2014-09-09 02:00:00,0,0,0
2014-09-09 03:00:00,0,0,0
2014-09-09 04:00:00,0,0,0
2014-09-09 05:00:00,11,9,2
2014-09-09 06:00:00,25,12,13
2014-09-09 07:00:00,25,11,14
2014-09-09 08:00:00,22,14,8
2014-09-09 09:00:00,29,15,14
2014-09-09 10:00:00,19,11,8
2014-09-09 11:00:00,16,9,7
2014-09-09 12:00:00,22,11,11
2014-09-09 13:00:00,19,11,8
2014-09-09 14:00:00,20,9,11
2014-09-09 15:00:00,34,16,18
2014-09-09 16:00:00,40,18,22
2014-09-09 17:00:00,43,22,21
2014-09-09 18:00:00,22,11,11
2014-09-09 19:00:00,10,4,6
2014-09-09 20:00:00,3,1,2
2014-09-09 21:00:00,2,1,1
2014-09-09 22:00:00,0,0,0
2014-09-09 23:00:00,0,0,0
2014-09-10 00:00:00,0,0,0
2014-09-10 01:00:00,0,0,0
2014-09-10 02:00:00,0,0,0
2014-09-10 03:00:00,0,0,0
2014-09-10 04:00:00,3,1,2
2014-09-10 05:00:00,7,4,3
2014-09-10 06:00:00,14,7,7
2014-09-10 07:00:00,23,12,11
2014-09-10 08:00:00,24,12,12
2014-09-10 09:00:00,24,12,12
2014-09-10 10:00:00,23,14,9
2014-09-10 11:00:00,31,19,12
2014-09-10 12:00:00,25,14,11
2014-09-10 13:00:00,19,9,10
2014-09-10 14:00:00,19,11,8
2014-09-10 15:00:00,29,12,17
2014-09-10 16:00:00,47,22,25
2014-09-10 17:00:00,46,25,21
2014-09-10 18:00:00,29,17,12
2014-09-10 19:00:00,9,6,3
2014-09-10 20:00:00,2,0,2
2014-09-10 21:00:00,0,0,0
2014-09-10 22:00:00,0,0,0
2014-09-10 23:00:00,0,0,0
2014-09-11 00:00:00,0,0,0
2014-09-11 01:00:00,0,0,0
2014-09-11 02:00:00,0,0,0
2014-09-11 03:00:00,0,0,0
2014-09-11 04:00:00,1,0,1
2014-09-11 05:00:00,10,4,6
2014-09-11 06:00:00,18,9,9
2014-09-11 07:00:00,26,15,11
2014-09-11 08:00:00,23,12,11
2014-09-11 09:00:00,24,12,12
2014-09-11 10:00:00,17,11,6
2014-09-11 11:00:00,26,12,14
2014-09-11 12:00:00,31,17,14
2014-09-11 13:00:00,15,7,8
2014-09-11 14:00:00,17,9,8
2014-09-11 15:00:00,24,12,12
2014-09-11 16:00:00,29,17,12
2014-09-11 17:00:00,27,11,16
2014-09-11 18:00:00,25,14,11
2014-09-11 19:00:00,14,9,5
2014-09-11 20:00:00,3,0,3
2014-09-11 21:00:00,3,3,0
2014-09-11 22:00:00,0,0,0
2014-09-11 23:00:00,0,0,0
2014-09-12 00:00:00,0,0,0
2014-09-12 01:00:00,0,0,0
2014-09-12 02:00:00,0,0,0
2014-09-12 03:00:00,0,0,0
2014-09-12 04:00:00,4,0,4
2014-09-12 05:00:00,12,9,3
2014-09-12 06:00:00,31,16,15
2014-09-12 07:00:00,32,15,17
2014-09-12 08:00:00,42,26,16
2014-09-12 09:00:00,30,13,17
2014-09-12 10:00:00,49,28,21
2014-09-12 11:00:00,27,17,10
2014-09-12 12:00:00,24,12,12
2014-09-12 13:00:00,18,15,3
2014-09-12 14:00:00,19,11,8
2014-09-12 15:00:00,24,11,13
2014-09-12 16:00:00,32,18,14
2014-09-12 17:00:00,33,12,21
2014-09-12 18:00:00,22,13,9
2014-09-12 19:00:00,6,4,2
2014-09-12 20:00:00,0,0,0
2014-09-12 21:00:00,1,0,1
2014-09-12 22:00:00,3,2,1
2014-09-12 23:00:00,0,0,0
2014-09-13 00:00:00,2,1,1
2014-09-13 01:00:00,0,0,0
2014-09-13 02:00:00,0,0,0
2014-09-13 03:00:00,0,0,0
2014-09-13 04:00:00,0,0,0
2014-09-13 05:00:00,2,0,2
2014-09-13 06:00:00,16,8,8
2014-09-13 07:00:00,56,33,23
2014-09-13 08:00:00,65,26,39
2014-09-13 09:00:00,112,60,52
2014-09-13 10:00:00,80,45,35
2014-09-13 11:00:00,56,29,27
2014-09-13 12:00:00,22,16,6
2014-09-13 13:00:00,31,15,16
2014-09-13 14:00:00,34,19,15
2014-09-13 15:00:00,34,21,13
2014-09-13 16:00:00,45,20,25
2014-09-13 17:00:00,33,20,13
2014-09-13 18:00:00,15,9,6
2014-09-13 19:00:00,5,2,3
2014-09-13 20:00:00,2,1,1
2014-09-13 21:00:00,1,1,0
2014-09-13 22:00:00,0,0,0
2014-09-13 23:00:00,0,0,0
2014-09-14 00:00:00,0,0,0
2014-09-14 01:00:00,0,0,0
2014-09-14 02:00:00,0,0,0
2014-09-14 03:00:00,0,0,0
2014-09-14 04:00:00,0,0,0
2014-09-14 05:00:00,4,1,3
2014-09-14 06:00:00,29,13,16
2014-09-14 07:00:00,70,31,39
2014-09-14 08:00:00,73,37,36
2014-09-14 09:00:00,86,44,42
2014-09-14 10:00:00,88,50,38
2014-09-14 11:00:00,67,35,32
2014-09-14 12:00:00,31,19,12
2014-09-14 13:00:00,33,19,14
2014-09-14 14:00:00,45,26,19
2014-09-14 15:00:00,36,20,16
2014-09-14 16:00:00,32,18,14
2014-09-14 17:00:00,24,15,9
2014-09-14 18:00:00,24,9,15
2014-09-14 19:00:00,5,3,2
2014-09-14 20:00:00,3,1,2
2014-09-14 21:00:00,1,1,0
2014-09-14 22:00:00,0,0,0
2014-09-14 23:00:00,0,0,0
2014-09-15 00:00:00,0,0,0
2014-09-15 01:00:00,0,0,0
2014-09-15 02:00:00,0,0,0
2014-09-15 03:00:00,0,0,0
2014-09-15 04:00:00,3,2,1
2014-09-15 05:00:00,6,3,3
2014-09-15 06:00:00,15,6,9
2014-09-15 07:00:00,36,16,20
2014-09-15 08:00:00,25,15,10
2014-09-15 09:00:00,37,21,16
2014-09-15 10:00:00,34,20,14
2014-09-15 11:00:00,37,17,20
2014-09-15 12:00:00,36,17,19
2014-09-15 13:00:00,10,4,6
2014-09-15 14:00:00,19,15,4
2014-09-15 15:00:00,20,7,13
2014-09-15 16:00:00,16,9,7
2014-09-15 17:00:00,38,10,28
2014-09-15 18:00:00,33,16,17
2014-09-15 19:00:00,13,7,6
2014-09-15 20:00:00,3,2,1
2014-09-15 21:00:00,1,1,0
2014-09-15 22:00:00,0,0,0
2014-09-15 23:00:00,0,0,0
2014-09-16 00:00:00,0,0,0
2014-09-16 01:00:00,0,0,0
2014-09-16 02:00:00,0,0,0
2014-09-16 03:00:00,0,0,0
2014-09-16 04:00:00,3,0,3
2014-09-16 05:00:00,10,6,4
2014-09-16 06:00:00,16,9,7
2014-09-16 07:00:00,32,22,10
2014-09-16 08:00:00,45,27,18
2014-09-16 09:00:00,37,13,24
2014-09-16 10:00:00,30,20,10
2014-09-16 11:00:00,21,11,10
2014-09-16 12:00:00,15,11,4
2014-09-16 13:00:00,25,12,13
2014-09-16 14:00:00,23,13,10
2014-09-16 15:00:00,25,14,11
2014-09-16 16:00:00,37,18,19
2014-09-16 17:00:00,38,14,24
2014-09-16 18:00:00,29,18,11
2014-09-16 19:00:00,7,3,4
2014-09-16 20:00:00,2,2,0
2014-09-16 21:00:00,2,2,0
2014-09-16 22:00:00,0,0,0
2014-09-16 23:00:00,0,0,0
2014-09-17 00:00:00,1,0,1
2014-09-17 01:00:00,0,0,0
2014-09-17 02:00:00,0,0,0
2014-09-17 03:00:00,0,0,0
2014-09-17 04:00:00,4,1,3
2014-09-17 05:00:00,7,4,3
2014-09-17 06:00:00,13,8,5
2014-09-17 07:00:00,30,12,18
2014-09-17 08:00:00,25,16,9
2014-09-17 09:00:00,36,17,19
2014-09-17 10:00:00,22,14,8
2014-09-17 11:00:00,31,19,12
2014-09-17 12:00:00,28,14,14
2014-09-17 13:00:00,16,8,8
2014-09-17 14:00:00,24,12,12
2014-09-17 15:00:00,23,14,9
2014-09-17 16:00:00,35,15,20
2014-09-17 17:00:00,32,17,15
2014-09-17 18:00:00,23,12,11
2014-09-17 19:00:00,4,3,1
2014-09-17 20:00:00,1,0,1
2014-09-17 21:00:00,1,1,0
2014-09-17 22:00:00,0,0,0
2014-09-17 23:00:00,0,0,0
2014-09-18 00:00:00,0,0,0
2014-09-18 01:00:00,0,0,0
2014-09-18 02:00:00,0,0,0
2014-09-18 03:00:00,0,0,0
2014-09-18 04:00:00,4,2,2
2014-09-18 05:00:00,5,3,2
2014-09-18 06:00:00,15,7,8
2014-09-18 07:00:00,18,11,7
2014-09-18 08:00:00,49,25,24
2014-09-18 09:00:00,26,12,14
2014-09-18 10:00:00,17,11,6
2014-09-18 11:00:00,17,9,8
2014-09-18 12:00:00,25,13,12
2014-09-18 13:00:00,20,9,11
2014-09-18 14:00:00,22,13,9
2014-09-18 15:00:00,20,9,11
2014-09-18 16:00:00,34,15,19
2014-09-18 17:00:00,23,11,12
2014-09-18 18:00:00,23,13,10
2014-09-18 19:00:00,5,2,3
2014-09-18 20:00:00,4,2,2
2014-09-18 21:00:00,0,0,0
2014-09-18 22:00:00,0,0,0
2014-09-18 23:00:00,0,0,0
2014-09-19 00:00:00,0,0,0
2014-09-19 01:00:00,0,0,0
2014-09-19 02:00:00,0,0,0
2014-09-19 03:00:00,0,0,0
2014-09-19 04:00:00,0,0,0
2014-09-19 05:00:00,10,4,6
2014-09-19 06:00:00,14,6,8
2014-09-19 07:00:00,89,46,43
2014-09-19 08:00:00,133,65,68
2014-09-19 09:00:00,116,65,51
2014-09-19 10:00:00,115,58,57
2014-09-19 11:00:00,28,21,7
2014-09-19 12:00:00,78,46,32
2014-09-19 13:00:00,17,9,8
2014-09-19 14:00:00,27,16,11
2014-09-19 15:00:00,25,15,10
2014-09-19 16:00:00,32,15,17
2014-09-19 17:00:00,27,17,10
2014-09-19 18:00:00,13,5,8
2014-09-19 19:00:00,2,0,2
2014-09-19 20:00:00,2,1,1
2014-09-19 21:00:00,1,1,0
2014-09-19 22:00:00,0,0,0
2014-09-19 23:00:00,0,0,0
2014-09-20 00:00:00,0,0,0
2014-09-20 01:00:00,0,0,0
2014-09-20 02:00:00,0,0,0
2014-09-20 03:00:00,0,0,0
2014-09-20 04:00:00,2,1,1
2014-09-20 05:00:00,2,1,1
2014-09-20 06:00:00,27,8,19
2014-09-20 07:00:00,42,18,24
2014-09-20 08:00:00,47,25,22
2014-09-20 09:00:00,47,20,27
2014-09-20 10:00:00,66,35,31
2014-09-20 11:00:00,66,36,30
2014-09-20 12:00:00,42,26,16
2014-09-20 13:00:00,48,26,22
2014-09-20 14:00:00,25,14,11
2014-09-20 15:00:00,40,19,21
2014-09-20 16:00:00,35,19,16
2014-09-20 17:00:00,23,15,8
2014-09-20 18:00:00,14,10,4
2014-09-20 19:00:00,3,3,0
2014-09-20 20:00:00,5,2,3
2014-09-20 21:00:00,2,2,0
2014-09-20 22:00:00,0,0,0
2014-09-20 23:00:00,0,0,0
2014-09-21 00:00:00,0,0,0
2014-09-21 01:00:00,0,0,0
2014-09-21 02:00:00,0,0,0
2014-09-21 03:00:00,0,0,0
2014-09-21 04:00:00,0,0,0
2014-09-21 05:00:00,2,2,0
2014-09-21 06:00:00,19,5,14
2014-09-21 07:00:00,65,41,24
2014-09-21 08:00:00,79,33,46
2014-09-21 09:00:00,54,31,23
2014-09-21 10:00:00,67,34,33
2014-09-21 11:00:00,61,34,27
2014-09-21 12:00:00,37,17,20
2014-09-21 13:00:00,26,14,12
2014-09-21 14:00:00,32,18,14
2014-09-21 15:00:00,20,14,6
2014-09-21 16:00:00,36,18,18
2014-09-21 17:00:00,29,15,14
2014-09-21 18:00:00,22,13,9
2014-09-21 19:00:00,4,2,2
2014-09-21 20:00:00,0,0,0
2014-09-21 21:00:00,4,2,2
2014-09-21 22:00:00,1,1,0
2014-09-21 23:00:00,0,0,0
2014-09-22 00:00:00,0,0,0
2014-09-22 01:00:00,0,0,0
2014-09-22 02:00:00,0,0,0
2014-09-22 03:00:00,0,0,0
2014-09-22 04:00:00,0,0,0
2014-09-22 05:00:00,10,5,5
2014-09-22 06:00:00,10,7,3
2014-09-22 07:00:00,27,13,14
2014-09-22 08:00:00,23,11,12
2014-09-22 09:00:00,31,17,14
2014-09-22 10:00:00,18,10,8
2014-09-22 11:00:00,25,17,8
2014-09-22 12:00:00,18,9,9
2014-09-22 13:00:00,19,10,9
2014-09-22 14:00:00,15,8,7
2014-09-22 15:00:00,33,14,19
2014-09-22 16:00:00,55,25,30
2014-09-22 17:00:00,41,17,24
2014-09-22 18:00:00,25,16,9
2014-09-22 19:00:00,4,2,2
2014-09-22 20:00:00,1,0,1
2014-09-22 21:00:00,1,1,0
2014-09-22 22:00:00,0,0,0
2014-09-22 23:00:00,0,0,0
2014-09-23 00:00:00,0,0,0
2014-09-23 01:00:00,0,0,0
2014-09-23 02:00:00,0,0,0
2014-09-23 03:00:00,0,0,0
2014-09-23 04:00:00,3,0,3
2014-09-23 05:00:00,9,5,4
2014-09-23 06:00:00,26,13,13
2014-09-23 07:00:00,39,23,16
2014-09-23 08:00:00,32,15,17
2014-09-23 09:00:00,33,17,16
2014-09-23 10:00:00,14,10,4
2014-09-23 11:00:00,17,8,9
2014-09-23 12:00:00,16,7,9
2014-09-23 13:00:00,6,4,2
2014-09-23 14:00:00,12,7,5
2014-09-23 15:00:00,24,12,12
2014-09-23 16:00:00,22,9,13
2014-09-23 17:00:00,28,14,14
2014-09-23 18:00:00,14,8,6
2014-09-23 19:00:00,2,2,0
2014-09-23 20:00:00,2,1,1
2014-09-23 21:00:00,0,0,0
2014-09-23 22:00:00,0,0,0
2014-09-23 23:00:00,0,0,0
2014-09-24 00:00:00,0,0,0
2014-09-24 01:00:00,0,0,0
2014-09-24 02:00:00,0,0,0
2014-09-24 03:00:00,0,0,0
2014-09-24 04:00:00,1,1,0
2014-09-24 05:00:00,7,4,3
2014-09-24 06:00:00,20,12,8
2014-09-24 07:00:00,17,9,8
2014-09-24 08:00:00,12,6,6
2014-09-24 09:00:00,18,8,10
2014-09-24 10:00:00,11,5,6
2014-09-24 11:00:00,8,7,1
2014-09-24 12:00:00,14,9,5
2014-09-24 13:00:00,12,6,6
2014-09-24 14:00:00,13,7,6
2014-09-24 15:00:00,30,13,17
2014-09-24 16:00:00,40,22,18
2014-09-24 17:00:00,39,19,20
2014-09-24 18:00:00,26,16,10
2014-09-24 19:00:00,9,6,3
2014-09-24 20:00:00,3,2,1
2014-09-24 21:00:00,0,0,0
2014-09-24 22:00:00,1,1,0
2014-09-24 23:00:00,0,0,0
2014-09-25 00:00:00,0,0,0
2014-09-25 01:00:00,0,0,0
2014-09-25 02:00:00,0,0,0
2014-09-25 03:00:00,0,0,0
2014-09-25 04:00:00,2,0,2
2014-09-25 05:00:00,6,3,3
2014-09-25 06:00:00,4,2,2
2014-09-25 07:00:00,20,10,10
2014-09-25 08:00:00,19,10,9
2014-09-25 09:00:00,14,7,7
2014-09-25 10:00:00,18,8,10
2014-09-25 11:00:00,13,7,6
2014-09-25 12:00:00,22,10,12
2014-09-25 13:00:00,20,8,12
2014-09-25 14:00:00,34,18,16
2014-09-25 15:00:00,27,16,11
2014-09-25 16:00:00,32,16,16
2014-09-25 17:00:00,22,10,12
2014-09-25 18:00:00,15,9,6
2014-09-25 19:00:00,1,0,1
2014-09-25 20:00:00,0,0,0
2014-09-25 21:00:00,1,1,0
2014-09-25 22:00:00,0,0,0
2014-09-25 23:00:00,0,0,0
2014-09-26 00:00:00,0,0,0
2014-09-26 01:00:00,0,0,0
2014-09-26 02:00:00,0,0,0
2014-09-26 03:00:00,0,0,0
2014-09-26 04:00:00,1,0,1
2014-09-26 05:00:00,4,3,1
2014-09-26 06:00:00,12,7,5
2014-09-26 07:00:00,8,6,2
2014-09-26 08:00:00,12,7,5
2014-09-26 09:00:00,15,5,10
2014-09-26 10:00:00,8,4,4
2014-09-26 11:00:00,22,11,11
2014-09-26 12:00:00,20,14,6
2014-09-26 13:00:00,21,10,11
2014-09-26 14:00:00,23,12,11
2014-09-26 15:00:00,20,9,11
2014-09-26 16:00:00,24,11,13
2014-09-26 17:00:00,47,26,21
2014-09-26 18:00:00,15,8,7
2014-09-26 19:00:00,6,2,4
2014-09-26 20:00:00,2,1,1
2014-09-26 21:00:00,2,2,0
2014-09-26 22:00:00,1,0,1
2014-09-26 23:00:00,0,0,0
2014-09-27 00:00:00,0,0,0
2014-09-27 01:00:00,0,0,0
2014-09-27 02:00:00,0,0,0
2014-09-27 03:00:00,0,0,0
2014-09-27 04:00:00,0,0,0
2014-09-27 05:00:00,4,0,4
2014-09-27 06:00:00,17,7,10
2014-09-27 07:00:00,64,30,34
2014-09-27 08:00:00,72,36,36
2014-09-27 09:00:00,111,50,61
2014-09-27 10:00:00,79,40,39
2014-09-27 11:00:00,72,42,30
2014-09-27 12:00:00,88,42,46
2014-09-27 13:00:00,67,39,28
2014-09-27 14:00:00,174,101,73
2014-09-27 15:00:00,34,19,15
2014-09-27 16:00:00,42,16,26
2014-09-27 17:00:00,35,16,19
2014-09-27 18:00:00,19,14,5
2014-09-27 19:00:00,0,0,0
2014-09-27 20:00:00,2,1,1
2014-09-27 21:00:00,1,1,0
2014-09-27 22:00:00,1,1,0
2014-09-27 23:00:00,0,0,0
2014-09-28 00:00:00,0,0,0
2014-09-28 01:00:00,1,0,1
2014-09-28 02:00:00,0,0,0
2014-09-28 03:00:00,0,0,0
2014-09-28 04:00:00,0,0,0
2014-09-28 05:00:00,1,1,0
2014-09-28 06:00:00,12,3,9
2014-09-28 07:00:00,47,23,24
2014-09-28 08:00:00,66,30,36
2014-09-28 09:00:00,62,29,33
2014-09-28 10:00:00,49,31,18
2014-09-28 11:00:00,44,25,19
2014-09-28 12:00:00,41,24,17
2014-09-28 13:00:00,22,12,10
2014-09-28 14:00:00,30,15,15
2014-09-28 15:00:00,56,31,25
2014-09-28 16:00:00,43,25,18
2014-09-28 17:00:00,31,17,14
2014-09-28 18:00:00,13,7,6
2014-09-28 19:00:00,4,3,1
2014-09-28 20:00:00,2,1,1
2014-09-28 21:00:00,2,1,1
2014-09-28 22:00:00,0,0,0
2014-09-28 23:00:00,0,0,0
2014-09-29 00:00:00,0,0,0
2014-09-29 01:00:00,0,0,0
2014-09-29 02:00:00,0,0,0
2014-09-29 03:00:00,0,0,0
2014-09-29 04:00:00,0,0,0
2014-09-29 05:00:00,4,2,2
2014-09-29 06:00:00,13,7,6
2014-09-29 07:00:00,21,10,11
2014-09-29 08:00:00,33,17,16
2014-09-29 09:00:00,32,14,18
2014-09-29 10:00:00,20,13,7
2014-09-29 11:00:00,31,17,14
2014-09-29 12:00:00,14,7,7
2014-09-29 13:00:00,15,6,9
2014-09-29 14:00:00,10,6,4
2014-09-29 15:00:00,33,17,16
2014-09-29 16:00:00,35,15,20
2014-09-29 17:00:00,11,7,4
2014-09-29 18:00:00,7,5,2
2014-09-29 19:00:00,2,1,1
2014-09-29 20:00:00,1,0,1
2014-09-29 21:00:00,1,1,0
2014-09-29 22:00:00,0,0,0
2014-09-29 23:00:00,0,0,0
2014-09-30 00:00:00,0,0,0
2014-09-30 01:00:00,0,0,0
2014-09-30 02:00:00,0,0,0
2014-09-30 03:00:00,0,0,0
2014-09-30 04:00:00,1,1,0
2014-09-30 05:00:00,5,3,2
2014-09-30 06:00:00,25,10,15
2014-09-30 07:00:00,32,15,17
2014-09-30 08:00:00,32,17,15
2014-09-30 09:00:00,13,9,4
2014-09-30 10:00:00,20,10,10
2014-09-30 11:00:00,23,11,12
2014-09-30 12:00:00,17,7,10
2014-09-30 13:00:00,23,12,11
2014-09-30 14:00:00,21,12,9
2014-09-30 15:00:00,25,13,12
2014-09-30 16:00:00,25,13,12
2014-09-30 17:00:00,31,13,18
2014-09-30 18:00:00,21,12,9
2014-09-30 19:00:00,5,2,3
2014-09-30 20:00:00,1,1,0
2014-09-30 21:00:00,1,0,1
2014-09-30 22:00:00,0,0,0
2014-09-30 23:00:00,0,0,0
2014-10-01 00:00:00,0,0,0
2014-10-01 01:00:00,0,0,0
2014-10-01 02:00:00,0,0,0
2014-10-01 03:00:00,0,0,0
2014-10-01 04:00:00,1,0,1
2014-10-01 05:00:00,3,1,2
2014-10-01 06:00:00,14,7,7
2014-10-01 07:00:00,18,11,7
2014-10-01 08:00:00,28,16,12
2014-10-01 09:00:00,26,10,16
2014-10-01 10:00:00,29,19,10
2014-10-01 11:00:00,30,16,14
2014-10-01 12:00:00,21,11,10
2014-10-01 13:00:00,20,11,9
2014-10-01 14:00:00,11,6,5
2014-10-01 15:00:00,32,12,20
2014-10-01 16:00:00,38,19,19
2014-10-01 17:00:00,38,18,20
2014-10-01 18:00:00,8,4,4
2014-10-01 19:00:00,3,2,1
2014-10-01 20:00:00,0,0,0
2014-10-01 21:00:00,1,0,1
2014-10-01 22:00:00,1,1,0
2014-10-01 23:00:00,0,0,0
2014-10-02 00:00:00,0,0,0
2014-10-02 01:00:00,2,1,1
2014-10-02 02:00:00,0,0,0
2014-10-02 03:00:00,0,0,0
2014-10-02 04:00:00,1,0,1
2014-10-02 05:00:00,11,8,3
2014-10-02 06:00:00,12,5,7
2014-10-02 07:00:00,17,10,7
2014-10-02 08:00:00,35,17,18
2014-10-02 09:00:00,30,17,13
2014-10-02 10:00:00,0,0,0
2014-10-02 11:00:00,27,14,13
2014-10-02 12:00:00,25,12,13
2014-10-02 13:00:00,21,12,9
2014-10-02 14:00:00,19,11,8
2014-10-02 15:00:00,16,9,7
2014-10-02 16:00:00,30,12,18
2014-10-02 17:00:00,38,21,17
2014-10-02 18:00:00,28,13,15
2014-10-02 19:00:00,31,20,11
2014-10-02 20:00:00,2,1,1
2014-10-02 21:00:00,2,1,1
2014-10-02 22:00:00,1,1,0
2014-10-02 23:00:00,0,0,0
2014-10-03 00:00:00,0,0,0
2014-10-03 01:00:00,0,0,0
2014-10-03 02:00:00,0,0,0
2014-10-03 03:00:00,0,0,0
2014-10-03 04:00:00,0,0,0
2014-10-03 05:00:00,2,0,2
2014-10-03 06:00:00,11,7,4
2014-10-03 07:00:00,7,0,7
2014-10-03 08:00:00,33,13,20
2014-10-03 09:00:00,15,0,15
2014-10-03 10:00:00,29,12,17
2014-10-03 11:00:00,30,17,13
2014-10-03 12:00:00,26,13,13
2014-10-03 13:00:00,28,18,10
2014-10-03 14:00:00,17,9,8
2014-10-03 15:00:00,35,20,15
2014-10-03 16:00:00,23,11,12
2014-10-03 17:00:00,27,12,15
2014-10-03 18:00:00,37,20,17
2014-10-03 19:00:00,13,7,6
2014-10-03 20:00:00,0,0,0
2014-10-03 21:00:00,0,0,0
2014-10-03 22:00:00,1,0,1
2014-10-03 23:00:00,3,2,1
2014-10-04 00:00:00,2,1,1
2014-10-04 01:00:00,0,0,0
2014-10-04 02:00:00,0,0,0
2014-10-04 03:00:00,0,0,0
2014-10-04 04:00:00,0,0,0
2014-10-04 05:00:00,0,0,0
2014-10-04 06:00:00,0,0,0
2014-10-04 07:00:00,9,5,4
2014-10-04 08:00:00,37,18,19
2014-10-04 09:00:00,57,26,31
2014-10-04 10:00:00,66,30,36
2014-10-04 11:00:00,58,29,29
2014-10-04 12:00:00,32,21,11
2014-10-04 13:00:00,42,22,20
2014-10-04 14:00:00,31,14,17
2014-10-04 15:00:00,21,12,9
2014-10-04 16:00:00,30,13,17
2014-10-04 17:00:00,38,19,19
2014-10-04 18:00:00,19,11,8
2014-10-04 19:00:00,8,6,2
2014-10-04 20:00:00,0,0,0
2014-10-04 21:00:00,2,0,2
2014-10-04 22:00:00,1,1,0
2014-10-04 23:00:00,0,0,0
2014-10-05 00:00:00,0,0,0
2014-10-05 01:00:00,0,0,0
2014-10-05 02:00:00,0,0,0
2014-10-05 03:00:00,0,0,0
2014-10-05 04:00:00,0,0,0
2014-10-05 05:00:00,2,1,1
2014-10-05 06:00:00,2,1,1
2014-10-05 07:00:00,11,4,7
2014-10-05 08:00:00,47,20,27
2014-10-05 09:00:00,61,31,30
2014-10-05 10:00:00,51,32,19
2014-10-05 11:00:00,44,20,24
2014-10-05 12:00:00,46,21,25
2014-10-05 13:00:00,34,18,16
2014-10-05 14:00:00,50,30,20
2014-10-05 15:00:00,66,33,33
2014-10-05 16:00:00,54,37,17
2014-10-05 17:00:00,59,32,27
2014-10-05 18:00:00,34,22,12
2014-10-05 19:00:00,14,8,6
2014-10-05 20:00:00,2,1,1
2014-10-05 21:00:00,1,1,0
2014-10-05 22:00:00,0,0,0
2014-10-05 23:00:00,0,0,0
2014-10-06 00:00:00,0,0,0
2014-10-06 01:00:00,0,0,0
2014-10-06 02:00:00,0,0,0
2014-10-06 03:00:00,0,0,0
2014-10-06 04:00:00,0,0,0
2014-10-06 05:00:00,2,0,2
2014-10-06 06:00:00,7,4,3
2014-10-06 07:00:00,14,9,5
2014-10-06 08:00:00,26,14,12
2014-10-06 09:00:00,26,16,10
2014-10-06 10:00:00,23,7,16
2014-10-06 11:00:00,34,17,17
2014-10-06 12:00:00,41,23,18
2014-10-06 13:00:00,25,13,12
2014-10-06 14:00:00,16,9,7
2014-10-06 15:00:00,32,20,12
2014-10-06 16:00:00,40,15,25
2014-10-06 17:00:00,36,11,25
2014-10-06 18:00:00,36,19,17
2014-10-06 19:00:00,13,7,6
2014-10-06 20:00:00,2,1,1
2014-10-06 21:00:00,2,2,0
2014-10-06 22:00:00,1,0,1
2014-10-06 23:00:00,0,0,0
2014-10-07 00:00:00,0,0,0
2014-10-07 01:00:00,0,0,0
2014-10-07 02:00:00,0,0,0
2014-10-07 03:00:00,0,0,0
2014-10-07 04:00:00,0,0,0
2014-10-07 05:00:00,3,0,3
2014-10-07 06:00:00,14,10,4
2014-10-07 07:00:00,16,7,9
2014-10-07 08:00:00,13,8,5
2014-10-07 09:00:00,17,7,10
2014-10-07 10:00:00,26,14,12
2014-10-07 11:00:00,17,9,8
2014-10-07 12:00:00,19,10,9
2014-10-07 13:00:00,23,12,11
2014-10-07 14:00:00,13,6,7
2014-10-07 15:00:00,17,9,8
2014-10-07 16:00:00,27,11,16
2014-10-07 17:00:00,34,20,14
2014-10-07 18:00:00,45,22,23
2014-10-07 19:00:00,10,7,3
2014-10-07 20:00:00,3,1,2
2014-10-07 21:00:00,1,1,0
2014-10-07 22:00:00,0,0,0
2014-10-07 23:00:00,0,0,0
2014-10-08 00:00:00,0,0,0
2014-10-08 01:00:00,0,0,0
2014-10-08 02:00:00,0,0,0
2014-10-08 03:00:00,0,0,0
2014-10-08 04:00:00,0,0,0
2014-10-08 05:00:00,1,0,1
2014-10-08 06:00:00,4,1,3
2014-10-08 07:00:00,16,10,6
2014-10-08 08:00:00,25,17,8
2014-10-08 09:00:00,20,11,9
2014-10-08 10:00:00,28,11,17
2014-10-08 11:00:00,30,19,11
2014-10-08 12:00:00,18,9,9
2014-10-08 13:00:00,12,7,5
2014-10-08 14:00:00,12,6,6
2014-10-08 15:00:00,22,12,10
2014-10-08 16:00:00,34,16,18
2014-10-08 17:00:00,31,14,17
2014-10-08 18:00:00,44,23,21
2014-10-08 19:00:00,6,4,2
2014-10-08 20:00:00,1,1,0
2014-10-08 21:00:00,1,0,1
2014-10-08 22:00:00,0,0,0
2014-10-08 23:00:00,1,0,1
2014-10-09 00:00:00,1,1,0
2014-10-09 01:00:00,0,0,0
2014-10-09 02:00:00,0,0,0
2014-10-09 03:00:00,0,0,0
2014-10-09 04:00:00,0,0,0
2014-10-09 05:00:00,5,1,4
2014-10-09 06:00:00,8,7,1
2014-10-09 07:00:00,14,9,5
2014-10-09 08:00:00,14,8,6
2014-10-09 09:00:00,17,3,14
2014-10-09 10:00:00,20,12,8
2014-10-09 11:00:00,27,16,11
2014-10-09 12:00:00,28,14,14
2014-10-09 13:00:00,21,9,12
2014-10-09 14:00:00,17,11,6
2014-10-09 15:00:00,28,14,14
2014-10-09 16:00:00,30,17,13
2014-10-09 17:00:00,30,14,16
2014-10-09 18:00:00,36,19,17
2014-10-09 19:00:00,6,3,3
2014-10-09 20:00:00,0,0,0
2014-10-09 21:00:00,1,0,1
2014-10-09 22:00:00,1,1,0
2014-10-09 23:00:00,0,0,0
2014-10-10 00:00:00,0,0,0
2014-10-10 01:00:00,0,0,0
2014-10-10 02:00:00,0,0,0
2014-10-10 03:00:00,0,0,0
2014-10-10 04:00:00,0,0,0
2014-10-10 05:00:00,0,0,0
2014-10-10 06:00:00,3,2,1
2014-10-10 07:00:00,12,7,5
2014-10-10 08:00:00,26,9,17
2014-10-10 09:00:00,28,16,12
2014-10-10 10:00:00,28,19,9
2014-10-10 11:00:00,25,12,13
2014-10-10 12:00:00,18,10,8
2014-10-10 13:00:00,19,8,11
2014-10-10 14:00:00,29,17,12
2014-10-10 15:00:00,36,20,16
2014-10-10 16:00:00,26,13,13
2014-10-10 17:00:00,21,11,10
2014-10-10 18:00:00,31,17,14
2014-10-10 19:00:00,5,4,1
2014-10-10 20:00:00,1,1,0
2014-10-10 21:00:00,1,0,1
2014-10-10 22:00:00,3,2,1
2014-10-10 23:00:00,1,0,1
2014-10-11 00:00:00,0,0,0
2014-10-11 01:00:00,0,0,0
2014-10-11 02:00:00,1,1,0
2014-10-11 03:00:00,0,0,0
2014-10-11 04:00:00,0,0,0
2014-10-11 05:00:00,0,0,0
2014-10-11 06:00:00,3,1,2
2014-10-11 07:00:00,6,2,4
2014-10-11 08:00:00,26,15,11
2014-10-11 09:00:00,58,24,34
2014-10-11 10:00:00,60,33,27
2014-10-11 11:00:00,45,23,22
2014-10-11 12:00:00,41,22,19
2014-10-11 13:00:00,40,18,22
2014-10-11 14:00:00,26,14,12
2014-10-11 15:00:00,45,21,24
2014-10-11 16:00:00,41,16,25
2014-10-11 17:00:00,34,19,15
2014-10-11 18:00:00,4,4,0
2014-10-11 19:00:00,1,0,1
2014-10-11 20:00:00,1,1,0
2014-10-11 21:00:00,4,2,2
2014-10-11 22:00:00,1,0,1
2014-10-11 23:00:00,0,0,0
2014-10-12 00:00:00,1,1,0
2014-10-12 01:00:00,0,0,0
2014-10-12 02:00:00,0,0,0
2014-10-12 03:00:00,0,0,0
2014-10-12 04:00:00,0,0,0
2014-10-12 05:00:00,0,0,0
2014-10-12 06:00:00,1,0,1
2014-10-12 07:00:00,6,1,5
2014-10-12 08:00:00,60,30,30
2014-10-12 09:00:00,60,33,27
2014-10-12 10:00:00,78,36,42
2014-10-12 11:00:00,49,23,26
2014-10-12 12:00:00,41,23,18
2014-10-12 13:00:00,54,31,23
2014-10-12 14:00:00,33,17,16
2014-10-12 15:00:00,30,14,16
2014-10-12 16:00:00,46,33,13
2014-10-12 17:00:00,40,21,19
2014-10-12 18:00:00,27,18,9
2014-10-12 19:00:00,13,6,7
2014-10-12 20:00:00,3,2,1
2014-10-12 21:00:00,1,0,1
2014-10-12 22:00:00,0,0,0
2014-10-12 23:00:00,1,1,0
2014-10-13 00:00:00,0,0,0
2014-10-13 01:00:00,0,0,0
2014-10-13 02:00:00,0,0,0
2014-10-13 03:00:00,0,0,0
2014-10-13 04:00:00,0,0,0
2014-10-13 05:00:00,1,0,1
2014-10-13 06:00:00,7,4,3
2014-10-13 07:00:00,13,6,7
2014-10-13 08:00:00,27,16,11
2014-10-13 09:00:00,21,8,13
2014-10-13 10:00:00,25,10,15
2014-10-13 11:00:00,27,16,11
2014-10-13 12:00:00,23,10,13
2014-10-13 13:00:00,36,21,15
2014-10-13 14:00:00,17,10,7
2014-10-13 15:00:00,24,13,11
2014-10-13 16:00:00,38,15,23
2014-10-13 17:00:00,40,16,24
2014-10-13 18:00:00,28,14,14
2014-10-13 19:00:00,8,4,4
2014-10-13 20:00:00,2,1,1
2014-10-13 21:00:00,0,0,0
2014-10-13 22:00:00,1,0,1
2014-10-13 23:00:00,1,1,0
2014-10-14 00:00:00,0,0,0
2014-10-14 01:00:00,0,0,0
2014-10-14 02:00:00,0,0,0
2014-10-14 03:00:00,0,0,0
2014-10-14 04:00:00,0,0,0
2014-10-14 05:00:00,0,0,0
2014-10-14 06:00:00,5,5,0
2014-10-14 07:00:00,9,3,6
2014-10-14 08:00:00,26,14,12
2014-10-14 09:00:00,22,10,12
2014-10-14 10:00:00,33,20,13
2014-10-14 11:00:00,31,21,10
2014-10-14 12:00:00,19,9,10
2014-10-14 13:00:00,16,7,9
2014-10-14 14:00:00,14,10,4
2014-10-14 15:00:00,11,6,5
2014-10-14 16:00:00,20,10,10
2014-10-14 17:00:00,32,12,20
2014-10-14 18:00:00,46,24,22
2014-10-14 19:00:00,11,8,3
2014-10-14 20:00:00,3,1,2
2014-10-14 21:00:00,6,3,3
2014-10-14 22:00:00,0,0,0
2014-10-14 23:00:00,1,0,1
2014-10-15 00:00:00,1,1,0
2014-10-15 01:00:00,0,0,0
2014-10-15 02:00:00,0,0,0
2014-10-15 03:00:00,0,0,0
2014-10-15 04:00:00,0,0,0
2014-10-15 05:00:00,0,0,0
2014-10-15 06:00:00,4,3,1
2014-10-15 07:00:00,7,3,4
2014-10-15 08:00:00,18,9,9
2014-10-15 09:00:00,20,11,9
2014-10-15 10:00:00,21,8,13
2014-10-15 11:00:00,20,11,9
2014-10-15 12:00:00,18,12,6
2014-10-15 13:00:00,9,3,6
2014-10-15 14:00:00,17,8,9
2014-10-15 15:00:00,11,5,6
2014-10-15 16:00:00,33,11,22
2014-10-15 17:00:00,58,27,31
2014-10-15 18:00:00,30,18,12
2014-10-15 19:00:00,10,6,4
2014-10-15 20:00:00,1,0,1
2014-10-15 21:00:00,2,1,1
2014-10-15 22:00:00,2,2,0
2014-10-15 23:00:00,1,0,1
2014-10-16 00:00:00,2,1,1
2014-10-16 01:00:00,1,1,0
2014-10-16 02:00:00,0,0,0
2014-10-16 03:00:00,0,0,0
2014-10-16 04:00:00,0,0,0
2014-10-16 05:00:00,2,0,2
2014-10-16 06:00:00,9,6,3
2014-10-16 07:00:00,21,11,10
2014-10-16 08:00:00,21,13,8
2014-10-16 09:00:00,37,18,19
2014-10-16 10:00:00,29,14,15
2014-10-16 11:00:00,27,19,8
2014-10-16 12:00:00,13,7,6
2014-10-16 13:00:00,28,15,13
2014-10-16 14:00:00,18,9,9
2014-10-16 15:00:00,36,23,13
2014-10-16 16:00:00,51,23,28
2014-10-16 17:00:00,46,21,25
2014-10-16 18:00:00,42,24,18
2014-10-16 19:00:00,4,2,2
2014-10-16 20:00:00,5,2,3
2014-10-16 21:00:00,0,0,0
2014-10-16 22:00:00,1,1,0
2014-10-16 23:00:00,1,0,1
2014-10-17 00:00:00,1,1,0
2014-10-17 01:00:00,0,0,0
2014-10-17 02:00:00,0,0,0
2014-10-17 03:00:00,0,0,0
2014-10-17 04:00:00,0,0,0
2014-10-17 05:00:00,0,0,0
2014-10-17 06:00:00,5,5,0
2014-10-17 07:00:00,11,5,6
2014-10-17 08:00:00,17,8,9
2014-10-17 09:00:00,27,13,14
2014-10-17 10:00:00,22,10,12
2014-10-17 11:00:00,25,13,12
2014-10-17 12:00:00,27,16,11
2014-10-17 13:00:00,13,6,7
2014-10-17 14:00:00,21,9,12
2014-10-17 15:00:00,7,4,3
2014-10-17 16:00:00,15,6,9
2014-10-17 17:00:00,14,5,9
2014-10-17 18:00:00,18,8,10
2014-10-17 19:00:00,5,3,2
2014-10-17 20:00:00,7,4,3
2014-10-17 21:00:00,1,1,0
2014-10-17 22:00:00,2,1,1
2014-10-17 23:00:00,1,0,1
2014-10-18 00:00:00,0,0,0
2014-10-18 01:00:00,0,0,0
2014-10-18 02:00:00,1,0,1
2014-10-18 03:00:00,0,0,0
2014-10-18 04:00:00,0,0,0
2014-10-18 05:00:00,1,0,1
2014-10-18 06:00:00,1,1,0
2014-10-18 07:00:00,9,3,6
2014-10-18 08:00:00,23,13,10
2014-10-18 09:00:00,34,16,18
2014-10-18 10:00:00,45,20,25
2014-10-18 11:00:00,53,32,21
2014-10-18 12:00:00,46,21,25
2014-10-18 13:00:00,41,24,17
2014-10-18 14:00:00,32,19,13
2014-10-18 15:00:00,56,27,29
2014-10-18 16:00:00,37,20,17
2014-10-18 17:00:00,29,14,15
2014-10-18 18:00:00,22,12,10
2014-10-18 19:00:00,8,7,1
2014-10-18 20:00:00,1,1,0
2014-10-18 21:00:00,0,0,0
2014-10-18 22:00:00,0,0,0
2014-10-18 23:00:00,1,0,1
2014-10-19 00:00:00,1,1,0
2014-10-19 01:00:00,0,0,0
2014-10-19 02:00:00,0,0,0
2014-10-19 03:00:00,0,0,0
2014-10-19 04:00:00,0,0,0
2014-10-19 05:00:00,0,0,0
2014-10-19 06:00:00,0,0,0
2014-10-19 07:00:00,10,4,6
2014-10-19 08:00:00,29,13,16
2014-10-19 09:00:00,48,20,28
2014-10-19 10:00:00,47,29,18
2014-10-19 11:00:00,65,32,33
2014-10-19 12:00:00,36,18,18
2014-10-19 13:00:00,45,26,19
2014-10-19 14:00:00,50,23,27
2014-10-19 15:00:00,73,38,35
2014-10-19 16:00:00,57,31,26
2014-10-19 17:00:00,31,18,13
2014-10-19 18:00:00,33,20,13
2014-10-19 19:00:00,7,1,6
2014-10-19 20:00:00,2,1,1
2014-10-19 21:00:00,0,0,0
2014-10-19 22:00:00,0,0,0
2014-10-19 23:00:00,2,1,1
2014-10-20 00:00:00,0,0,0
2014-10-20 01:00:00,0,0,0
2014-10-20 02:00:00,0,0,0
2014-10-20 03:00:00,0,0,0
2014-10-20 04:00:00,0,0,0
2014-10-20 05:00:00,2,0,2
2014-10-20 06:00:00,9,6,3
2014-10-20 07:00:00,8,4,4
2014-10-20 08:00:00,20,7,13
2014-10-20 09:00:00,14,9,5
2014-10-20 10:00:00,28,11,17
2014-10-20 11:00:00,19,12,7
2014-10-20 12:00:00,18,13,5
2014-10-20 13:00:00,16,4,12
2014-10-20 14:00:00,23,14,9
2014-10-20 15:00:00,14,8,6
2014-10-20 16:00:00,29,11,18
2014-10-20 17:00:00,35,17,18
2014-10-20 18:00:00,34,16,18
2014-10-20 19:00:00,6,3,3
2014-10-20 20:00:00,3,2,1
2014-10-20 21:00:00,2,1,1
2014-10-20 22:00:00,0,0,0
2014-10-20 23:00:00,0,0,0
2014-10-21 00:00:00,0,0,0
2014-10-21 01:00:00,0,0,0
2014-10-21 02:00:00,0,0,0
2014-10-21 03:00:00,0,0,0
2014-10-21 04:00:00,0,0,0
2014-10-21 05:00:00,0,0,0
2014-10-21 06:00:00,7,2,5
2014-10-21 07:00:00,19,10,9
2014-10-21 08:00:00,23,14,9
2014-10-21 09:00:00,15,4,11
2014-10-21 10:00:00,23,11,12
2014-10-21 11:00:00,21,8,13
2014-10-21 12:00:00,18,11,7
2014-10-21 13:00:00,11,6,5
2014-10-21 14:00:00,15,9,6
2014-10-21 15:00:00,11,5,6
2014-10-21 16:00:00,36,14,22
2014-10-21 17:00:00,34,17,17
2014-10-21 18:00:00,32,16,16
2014-10-21 19:00:00,2,1,1
2014-10-21 20:00:00,3,2,1
2014-10-21 21:00:00,0,0,0
2014-10-21 22:00:00,1,0,1
2014-10-21 23:00:00,2,1,1
2014-10-22 00:00:00,0,0,0
2014-10-22 01:00:00,0,0,0
2014-10-22 02:00:00,0,0,0
2014-10-22 03:00:00,0,0,0
2014-10-22 04:00:00,0,0,0
2014-10-22 05:00:00,0,0,0
2014-10-22 06:00:00,5,3,2
2014-10-22 07:00:00,4,2,2
2014-10-22 08:00:00,16,6,10
2014-10-22 09:00:00,19,10,9
2014-10-22 10:00:00,17,9,8
2014-10-22 11:00:00,5,3,2
2014-10-22 12:00:00,7,4,3
2014-10-22 13:00:00,12,5,7
2014-10-22 14:00:00,8,5,3
2014-10-22 15:00:00,5,3,2
2014-10-22 16:00:00,7,0,7
2014-10-22 17:00:00,21,14,7
2014-10-22 18:00:00,20,9,11
2014-10-22 19:00:00,4,3,1
2014-10-22 20:00:00,2,1,1
2014-10-22 21:00:00,0,0,0
2014-10-22 22:00:00,0,0,0
2014-10-22 23:00:00,2,1,1
2014-10-23 00:00:00,1,1,0
2014-10-23 01:00:00,0,0,0
2014-10-23 02:00:00,0,0,0
2014-10-23 03:00:00,0,0,0
2014-10-23 04:00:00,0,0,0
2014-10-23 05:00:00,1,0,1
2014-10-23 06:00:00,6,3,3
2014-10-23 07:00:00,13,6,7
2014-10-23 08:00:00,9,7,2
2014-10-23 09:00:00,12,7,5
2014-10-23 10:00:00,25,12,13
2014-10-23 11:00:00,15,7,8
2014-10-23 12:00:00,30,14,16
2014-10-23 13:00:00,17,9,8
2014-10-23 14:00:00,13,7,6
2014-10-23 15:00:00,28,15,13
2014-10-23 16:00:00,29,10,19
2014-10-23 17:00:00,24,9,15
2014-10-23 18:00:00,31,16,15
2014-10-23 19:00:00,9,3,6
2014-10-23 20:00:00,0,0,0
2014-10-23 21:00:00,1,0,1
2014-10-23 22:00:00,1,1,0
2014-10-23 23:00:00,2,1,1
2014-10-24 00:00:00,0,0,0
2014-10-24 01:00:00,0,0,0
2014-10-24 02:00:00,0,0,0
2014-10-24 03:00:00,0,0,0
2014-10-24 04:00:00,0,0,0
2014-10-24 05:00:00,3,1,2
2014-10-24 06:00:00,6,4,2
2014-10-24 07:00:00,6,0,6
2014-10-24 08:00:00,12,8,4
2014-10-24 09:00:00,18,11,7
2014-10-24 10:00:00,25,11,14
2014-10-24 11:00:00,29,12,17
2014-10-24 12:00:00,22,14,8
2014-10-24 13:00:00,22,12,10
2014-10-24 14:00:00,21,11,10
2014-10-24 15:00:00,21,9,12
2014-10-24 16:00:00,32,16,16
2014-10-24 17:00:00,24,9,15
2014-10-24 18:00:00,13,0,13
2014-10-24 19:00:00,3,2,1
2014-10-24 20:00:00,1,0,1
2014-10-24 21:00:00,1,0,1
2014-10-24 22:00:00,2,1,1
2014-10-24 23:00:00,0,0,0
2014-10-25 00:00:00,0,0,0
2014-10-25 01:00:00,0,0,0
2014-10-25 02:00:00,0,0,0
2014-10-25 03:00:00,0,0,0
2014-10-25 04:00:00,0,0,0
2014-10-25 05:00:00,1,0,1
2014-10-25 06:00:00,2,1,1
2014-10-25 07:00:00,0,0,0
2014-10-25 08:00:00,16,0,16
2014-10-25 09:00:00,18,0,18
2014-10-25 10:00:00,42,18,24
2014-10-25 11:00:00,22,0,22
2014-10-25 12:00:00,23,0,23
2014-10-25 13:00:00,30,18,12
2014-10-25 14:00:00,21,9,12
2014-10-25 15:00:00,15,0,15
2014-10-25 16:00:00,11,0,11
2014-10-25 17:00:00,15,6,9
2014-10-25 18:00:00,3,0,3
2014-10-25 19:00:00,1,1,0
2014-10-25 20:00:00,0,0,0
2014-10-25 21:00:00,2,1,1
2014-10-25 22:00:00,2,1,1
2014-10-25 23:00:00,2,1,1
2014-10-26 00:00:00,1,0,1
2014-10-26 01:00:00,0,0,0
2014-10-26 02:00:00,0,0,0
2014-10-26 03:00:00,0,0,0
2014-10-26 04:00:00,0,0,0
2014-10-26 05:00:00,0,0,0
2014-10-26 06:00:00,0,0,0
2014-10-26 07:00:00,4,3,1
2014-10-26 08:00:00,25,9,16
2014-10-26 09:00:00,27,15,12
2014-10-26 10:00:00,41,18,23
2014-10-26 11:00:00,47,27,20
2014-10-26 12:00:00,53,28,25
2014-10-26 13:00:00,27,14,13
2014-10-26 14:00:00,26,14,12
2014-10-26 15:00:00,22,14,8
2014-10-26 16:00:00,34,13,21
2014-10-26 17:00:00,21,0,21
2014-10-26 18:00:00,13,9,4
2014-10-26 19:00:00,3,0,3
2014-10-26 20:00:00,0,0,0
2014-10-26 21:00:00,0,0,0
2014-10-26 22:00:00,4,2,2
2014-10-26 23:00:00,2,1,1
2014-10-27 00:00:00,0,0,0
2014-10-27 01:00:00,0,0,0
2014-10-27 02:00:00,0,0,0
2014-10-27 03:00:00,0,0,0
2014-10-27 04:00:00,0,0,0
2014-10-27 05:00:00,2,1,1
2014-10-27 06:00:00,11,8,3
2014-10-27 07:00:00,5,2,3
2014-10-27 08:00:00,28,16,12
2014-10-27 09:00:00,21,8,13
2014-10-27 10:00:00,14,0,14
2014-10-27 11:00:00,7,0,7
2014-10-27 12:00:00,9,0,9
2014-10-27 13:00:00,19,11,8
2014-10-27 14:00:00,25,12,13
2014-10-27 15:00:00,26,12,14
2014-10-27 16:00:00,24,0,24
2014-10-27 17:00:00,18,0,18
2014-10-27 18:00:00,15,0,15
2014-10-27 19:00:00,8,5,3
2014-10-27 20:00:00,1,0,1
2014-10-27 21:00:00,0,0,0
2014-10-27 22:00:00,1,0,1
2014-10-27 23:00:00,4,2,2
2014-10-28 00:00:00,0,0,0
2014-10-28 01:00:00,0,0,0
2014-10-28 02:00:00,0,0,0
2014-10-28 03:00:00,0,0,0
2014-10-28 04:00:00,0,0,0
2014-10-28 05:00:00,1,1,0
2014-10-28 06:00:00,5,2,3
2014-10-28 07:00:00,8,3,5
2014-10-28 08:00:00,18,11,7
2014-10-28 09:00:00,9,5,4
2014-10-28 10:00:00,8,4,4
2014-10-28 11:00:00,6,3,3
2014-10-28 12:00:00,6,0,6
2014-10-28 13:00:00,13,8,5
2014-10-28 14:00:00,11,4,7
2014-10-28 15:00:00,8,3,5
2014-10-28 16:00:00,26,12,14
2014-10-28 17:00:00,22,12,10
2014-10-28 18:00:00,17,9,8
2014-10-28 19:00:00,6,4,2
2014-10-28 20:00:00,4,1,3
2014-10-28 21:00:00,2,2,0
2014-10-28 22:00:00,1,0,1
2014-10-28 23:00:00,1,1,0
2014-10-29 00:00:00,0,0,0
2014-10-29 01:00:00,0,0,0
2014-10-29 02:00:00,0,0,0
2014-10-29 03:00:00,0,0,0
2014-10-29 04:00:00,0,0,0
2014-10-29 05:00:00,4,1,3
2014-10-29 06:00:00,4,3,1
2014-10-29 07:00:00,9,4,5
2014-10-29 08:00:00,20,8,12
2014-10-29 09:00:00,34,18,16
2014-10-29 10:00:00,45,20,25
2014-10-29 11:00:00,33,13,20
2014-10-29 12:00:00,23,12,11
2014-10-29 13:00:00,19,13,6
2014-10-29 14:00:00,21,11,10
2014-10-29 15:00:00,19,6,13
2014-10-29 16:00:00,38,21,17
2014-10-29 17:00:00,35,13,22
2014-10-29 18:00:00,14,7,7
2014-10-29 19:00:00,6,4,2
2014-10-29 20:00:00,1,1,0
2014-10-29 21:00:00,0,0,0
2014-10-29 22:00:00,2,1,1
2014-10-29 23:00:00,2,1,1
2014-10-30 00:00:00,1,1,0
2014-10-30 01:00:00,0,0,0
2014-10-30 02:00:00,0,0,0
2014-10-30 03:00:00,0,0,0
2014-10-30 04:00:00,0,0,0
2014-10-30 05:00:00,2,0,2
2014-10-30 06:00:00,12,8,4
2014-10-30 07:00:00,3,0,3
2014-10-30 08:00:00,10,0,10
2014-10-30 09:00:00,25,7,18
2014-10-30 10:00:00,12,0,12
2014-10-30 11:00:00,4,0,4
2014-10-30 12:00:00,13,7,6
2014-10-30 13:00:00,11,5,6
2014-10-30 14:00:00,5,3,2
2014-10-30 15:00:00,3,1,2
2014-10-30 16:00:00,10,4,6
2014-10-30 17:00:00,23,12,11
2014-10-30 18:00:00,14,7,7
2014-10-30 19:00:00,3,2,1
2014-10-30 20:00:00,3,1,2
2014-10-30 21:00:00,0,0,0
2014-10-30 22:00:00,1,1,0
2014-10-30 23:00:00,0,0,0
2014-10-31 00:00:00,0,0,0
2014-10-31 01:00:00,0,0,0
2014-10-31 02:00:00,0,0,0
2014-10-31 03:00:00,0,0,0
2014-10-31 04:00:00,0,0,0
2014-10-31 05:00:00,3,1,2
2014-10-31 06:00:00,5,3,2
2014-10-31 07:00:00,6,0,6
2014-10-31 08:00:00,16,10,6
2014-10-31 09:00:00,11,4,7
2014-10-31 10:00:00,5,3,2
2014-10-31 11:00:00,5,0,5
2014-10-31 12:00:00,12,7,5
2014-10-31 13:00:00,9,4,5
2014-10-31 14:00:00,24,10,14
2014-10-31 15:00:00,19,10,9
2014-10-31 16:00:00,16,0,16
2014-10-31 17:00:00,30,17,13
2014-10-31 18:00:00,17,10,7
2014-10-31 19:00:00,7,3,4
2014-10-31 20:00:00,1,1,0
2014-10-31 21:00:00,0,0,0
2014-10-31 22:00:00,0,0,0
2014-10-31 23:00:00,0,0,0
2014-11-01 00:00:00,0,0,0
2014-11-01 01:00:00,2,1,1
2014-11-01 02:00:00,0,0,0
2014-11-01 03:00:00,0,0,0
2014-11-01 04:00:00,0,0,0
2014-11-01 05:00:00,0,0,0
2014-11-01 06:00:00,2,1,1
2014-11-01 07:00:00,2,1,1
2014-11-01 08:00:00,30,13,17
2014-11-01 09:00:00,40,24,16
2014-11-01 10:00:00,37,17,20
2014-11-01 11:00:00,36,19,17
2014-11-01 12:00:00,58,27,31
2014-11-01 13:00:00,27,11,16
2014-11-01 14:00:00,34,20,14
2014-11-01 15:00:00,43,20,23
2014-11-01 16:00:00,32,19,13
2014-11-01 17:00:00,38,21,17
2014-11-01 18:00:00,19,11,8
2014-11-01 19:00:00,2,2,0
2014-11-01 20:00:00,0,0,0
2014-11-01 21:00:00,0,0,0
2014-11-01 22:00:00,1,0,1
2014-11-01 23:00:00,2,2,0
2014-11-02 00:00:00,0,0,0
2014-11-02 01:00:00,0,0,0
2014-11-02 02:00:00,0,0,0
2014-11-02 03:00:00,0,0,0
2014-11-02 04:00:00,0,0,0
2014-11-02 05:00:00,0,0,0
2014-11-02 06:00:00,3,1,2
2014-11-02 07:00:00,21,8,13
2014-11-02 08:00:00,57,29,28
2014-11-02 09:00:00,64,32,32
2014-11-02 10:00:00,72,40,32
2014-11-02 11:00:00,62,28,34
2014-11-02 12:00:00,60,34,26
2014-11-02 13:00:00,33,22,11
2014-11-02 14:00:00,20,12,8
2014-11-02 15:00:00,27,16,11
2014-11-02 16:00:00,23,9,14
2014-11-02 17:00:00,14,7,7
2014-11-02 18:00:00,4,3,1
2014-11-02 19:00:00,5,2,3
2014-11-02 20:00:00,3,2,1
2014-11-02 21:00:00,2,2,0
2014-11-02 22:00:00,0,0,0
2014-11-02 23:00:00,0,0,0
2014-11-03 00:00:00,0,0,0
2014-11-03 01:00:00,0,0,0
2014-11-03 02:00:00,0,0,0
2014-11-03 03:00:00,0,0,0
2014-11-03 04:00:00,1,1,0
2014-11-03 05:00:00,3,2,1
2014-11-03 06:00:00,7,2,5
2014-11-03 07:00:00,19,8,11
2014-11-03 08:00:00,26,14,12
2014-11-03 09:00:00,17,9,8
2014-11-03 10:00:00,18,10,8
2014-11-03 11:00:00,32,11,21
2014-11-03 12:00:00,17,13,4
2014-11-03 13:00:00,17,8,9
2014-11-03 14:00:00,9,4,5
2014-11-03 15:00:00,10,6,4
2014-11-03 16:00:00,10,4,6
2014-11-03 17:00:00,15,7,8
2014-11-03 18:00:00,7,4,3
2014-11-03 19:00:00,0,0,0
2014-11-03 20:00:00,2,1,1
2014-11-03 21:00:00,5,3,2
2014-11-03 22:00:00,1,0,1
2014-11-03 23:00:00,1,1,0
2014-11-04 00:00:00,0,0,0
2014-11-04 01:00:00,0,0,0
2014-11-04 02:00:00,0,0,0
2014-11-04 03:00:00,0,0,0
2014-11-04 04:00:00,0,0,0
2014-11-04 05:00:00,2,1,1
2014-11-04 06:00:00,16,10,6
2014-11-04 07:00:00,16,7,9
2014-11-04 08:00:00,25,16,9
2014-11-04 09:00:00,26,8,18
2014-11-04 10:00:00,27,12,15
2014-11-04 11:00:00,36,18,18
2014-11-04 12:00:00,29,15,14
2014-11-04 13:00:00,16,6,10
2014-11-04 14:00:00,17,10,7
2014-11-04 15:00:00,18,9,9
2014-11-04 16:00:00,25,9,16
2014-11-04 17:00:00,34,18,16
2014-11-04 18:00:00,9,4,5
2014-11-04 19:00:00,4,3,1
2014-11-04 20:00:00,2,0,2
2014-11-04 21:00:00,5,2,3
2014-11-04 22:00:00,0,0,0
2014-11-04 23:00:00,0,0,0
2014-11-05 00:00:00,0,0,0
2014-11-05 01:00:00,0,0,0
2014-11-05 02:00:00,0,0,0
2014-11-05 03:00:00,0,0,0
2014-11-05 04:00:00,1,1,0
2014-11-05 05:00:00,0,0,0
2014-11-05 06:00:00,9,5,4
2014-11-05 07:00:00,12,6,6
2014-11-05 08:00:00,31,17,14
2014-11-05 09:00:00,15,7,8
2014-11-05 10:00:00,21,8,13
2014-11-05 11:00:00,30,14,16
2014-11-05 12:00:00,23,11,12
2014-11-05 13:00:00,24,15,9
2014-11-05 14:00:00,11,7,4
2014-11-05 15:00:00,10,3,7
2014-11-05 16:00:00,26,12,14
2014-11-05 17:00:00,13,7,6
2014-11-05 18:00:00,6,4,2
2014-11-05 19:00:00,4,3,1
2014-11-05 20:00:00,0,0,0
2014-11-05 21:00:00,2,1,1
2014-11-05 22:00:00,0,0,0
2014-11-05 23:00:00,1,1,0
2014-11-06 00:00:00,0,0,0
2014-11-06 01:00:00,0,0,0
2014-11-06 02:00:00,0,0,0
2014-11-06 03:00:00,0,0,0
2014-11-06 04:00:00,0,0,0
2014-11-06 05:00:00,3,2,1
2014-11-06 06:00:00,2,1,1
2014-11-06 07:00:00,21,8,13
2014-11-06 08:00:00,12,6,6
2014-11-06 09:00:00,21,11,10
2014-11-06 10:00:00,30,16,14
2014-11-06 11:00:00,27,14,13
2014-11-06 12:00:00,14,6,8
2014-11-06 13:00:00,13,6,7
2014-11-06 14:00:00,8,5,3
2014-11-06 15:00:00,14,8,6
2014-11-06 16:00:00,24,8,16
2014-11-06 17:00:00,24,12,12
2014-11-06 18:00:00,17,7,10
2014-11-06 19:00:00,3,2,1
2014-11-06 20:00:00,1,0,1
2014-11-06 21:00:00,3,1,2
2014-11-06 22:00:00,1,1,0
2014-11-06 23:00:00,0,0,0
2014-11-07 00:00:00,0,0,0
2014-11-07 01:00:00,0,0,0
2014-11-07 02:00:00,0,0,0
2014-11-07 03:00:00,0,0,0
2014-11-07 04:00:00,0,0,0
2014-11-07 05:00:00,2,2,0
2014-11-07 06:00:00,10,4,6
2014-11-07 07:00:00,22,11,11
2014-11-07 08:00:00,26,14,12
2014-11-07 09:00:00,23,13,10
2014-11-07 10:00:00,36,16,20
2014-11-07 11:00:00,32,20,12
2014-11-07 12:00:00,21,15,6
2014-11-07 13:00:00,28,14,14
2014-11-07 14:00:00,17,9,8
2014-11-07 15:00:00,23,9,14
2014-11-07 16:00:00,41,25,16
2014-11-07 17:00:00,28,13,15
2014-11-07 18:00:00,9,6,3
2014-11-07 19:00:00,1,1,0
2014-11-07 20:00:00,0,0,0
2014-11-07 21:00:00,1,1,0
2014-11-07 22:00:00,1,0,1
2014-11-07 23:00:00,1,1,0
2014-11-08 00:00:00,0,0,0
2014-11-08 01:00:00,0,0,0
2014-11-08 02:00:00,0,0,0
2014-11-08 03:00:00,0,0,0
2014-11-08 04:00:00,0,0,0
2014-11-08 05:00:00,0,0,0
2014-11-08 06:00:00,2,1,1
2014-11-08 07:00:00,20,7,13
2014-11-08 08:00:00,42,25,17
2014-11-08 09:00:00,99,48,51
2014-11-08 10:00:00,55,28,27
2014-11-08 11:00:00,66,35,31
2014-11-08 12:00:00,62,34,28
2014-11-08 13:00:00,45,18,27
2014-11-08 14:00:00,51,33,18
2014-11-08 15:00:00,41,26,15
2014-11-08 16:00:00,33,17,16
2014-11-08 17:00:00,21,11,10
2014-11-08 18:00:00,0,0,0
2014-11-08 19:00:00,0,0,0
2014-11-08 20:00:00,2,0,2
2014-11-08 21:00:00,1,0,1
2014-11-08 22:00:00,5,3,2
2014-11-08 23:00:00,2,2,0
2014-11-09 00:00:00,1,1,0
2014-11-09 01:00:00,1,0,1
2014-11-09 02:00:00,1,1,0
2014-11-09 03:00:00,0,0,0
2014-11-09 04:00:00,0,0,0
2014-11-09 05:00:00,1,0,1
2014-11-09 06:00:00,2,2,0
2014-11-09 07:00:00,11,4,7
2014-11-09 08:00:00,20,12,8
2014-11-09 09:00:00,41,21,20
2014-11-09 10:00:00,37,15,22
2014-11-09 11:00:00,39,17,22
2014-11-09 12:00:00,53,34,19
2014-11-09 13:00:00,28,13,15
2014-11-09 14:00:00,25,11,14
2014-11-09 15:00:00,17,12,5
2014-11-09 16:00:00,17,10,7
2014-11-09 17:00:00,16,8,8
2014-11-09 18:00:00,7,2,5
2014-11-09 19:00:00,5,3,2
2014-11-09 20:00:00,2,2,0
2014-11-09 21:00:00,1,0,1
2014-11-09 22:00:00,0,0,0
2014-11-09 23:00:00,0,0,0
2014-11-10 00:00:00,2,1,1
2014-11-10 01:00:00,0,0,0
2014-11-10 02:00:00,0,0,0
2014-11-10 03:00:00,0,0,0
2014-11-10 04:00:00,0,0,0
2014-11-10 05:00:00,1,1,0
2014-11-10 06:00:00,13,6,7
2014-11-10 07:00:00,16,8,8
2014-11-10 08:00:00,27,17,10
2014-11-10 09:00:00,23,11,12
2014-11-10 10:00:00,27,11,16
2014-11-10 11:00:00,34,17,17
2014-11-10 12:00:00,23,14,9
2014-11-10 13:00:00,16,10,6
2014-11-10 14:00:00,26,10,16
2014-11-10 15:00:00,31,17,14
2014-11-10 16:00:00,34,15,19
2014-11-10 17:00:00,19,10,9
2014-11-10 18:00:00,12,6,6
2014-11-10 19:00:00,8,5,3
2014-11-10 20:00:00,1,0,1
2014-11-10 21:00:00,5,1,4
2014-11-10 22:00:00,4,3,1
2014-11-10 23:00:00,5,3,2
2014-11-11 00:00:00,0,0,0
2014-11-11 01:00:00,0,0,0
2014-11-11 02:00:00,0,0,0
2014-11-11 03:00:00,0,0,0
2014-11-11 04:00:00,0,0,0
2014-11-11 05:00:00,2,2,0
2014-11-11 06:00:00,5,2,3
2014-11-11 07:00:00,17,7,10
2014-11-11 08:00:00,27,13,14
2014-11-11 09:00:00,28,10,18
2014-11-11 10:00:00,44,21,23
2014-11-11 11:00:00,32,17,15
2014-11-11 12:00:00,36,21,15
2014-11-11 13:00:00,30,16,14
2014-11-11 14:00:00,36,16,20
2014-11-11 15:00:00,29,16,13
2014-11-11 16:00:00,17,10,7
2014-11-11 17:00:00,16,6,10
2014-11-11 18:00:00,7,4,3
2014-11-11 19:00:00,3,2,1
2014-11-11 20:00:00,1,1,0
2014-11-11 21:00:00,1,0,1
2014-11-11 22:00:00,4,3,1
2014-11-11 23:00:00,0,0,0
2014-11-12 00:00:00,0,0,0
2014-11-12 01:00:00,0,0,0
2014-11-12 02:00:00,0,0,0
2014-11-12 03:00:00,0,0,0
2014-11-12 04:00:00,0,0,0
2014-11-12 05:00:00,2,1,1
2014-11-12 06:00:00,7,4,3
2014-11-12 07:00:00,9,3,6
2014-11-12 08:00:00,20,11,9
2014-11-12 09:00:00,21,14,7
2014-11-12 10:00:00,12,4,8
2014-11-12 11:00:00,17,11,6
2014-11-12 12:00:00,27,14,13
2014-11-12 13:00:00,18,11,7
2014-11-12 14:00:00,12,7,5
2014-11-12 15:00:00,11,7,4
2014-11-12 16:00:00,27,10,17
2014-11-12 17:00:00,22,12,10
2014-11-12 18:00:00,7,5,2
2014-11-12 19:00:00,2,1,1
2014-11-12 20:00:00,0,0,0
2014-11-12 21:00:00,1,0,1
2014-11-12 22:00:00,2,2,0
2014-11-12 23:00:00,2,1,1
2014-11-13 00:00:00,0,0,0
2014-11-13 01:00:00,0,0,0
2014-11-13 02:00:00,0,0,0
2014-11-13 03:00:00,0,0,0
2014-11-13 04:00:00,0,0,0
2014-11-13 05:00:00,2,1,1
2014-11-13 06:00:00,5,2,3
2014-11-13 07:00:00,17,11,6
2014-11-13 08:00:00,12,8,4
2014-11-13 09:00:00,8,4,4
2014-11-13 10:00:00,24,13,11
2014-11-13 11:00:00,18,8,10
2014-11-13 12:00:00,24,14,10
2014-11-13 13:00:00,31,14,17
2014-11-13 14:00:00,26,16,10
2014-11-13 15:00:00,22,14,8
2014-11-13 16:00:00,18,8,10
2014-11-13 17:00:00,18,12,6
2014-11-13 18:00:00,6,0,6
2014-11-13 19:00:00,0,0,0
2014-11-13 20:00:00,0,0,0
2014-11-13 21:00:00,1,0,1
2014-11-13 22:00:00,1,1,0
2014-11-13 23:00:00,0,0,0
2014-11-14 00:00:00,0,0,0
2014-11-14 01:00:00,0,0,0
2014-11-14 02:00:00,0,0,0
2014-11-14 03:00:00,0,0,0
2014-11-14 04:00:00,0,0,0
2014-11-14 05:00:00,1,1,0
2014-11-14 06:00:00,6,4,2
2014-11-14 07:00:00,21,8,13
2014-11-14 08:00:00,7,5,2
2014-11-14 09:00:00,18,9,9
2014-11-14 10:00:00,29,11,18
2014-11-14 11:00:00,43,28,15
2014-11-14 12:00:00,33,17,16
2014-11-14 13:00:00,20,10,10
2014-11-14 14:00:00,21,10,11
2014-11-14 15:00:00,11,6,5
2014-11-14 16:00:00,17,4,13
2014-11-14 17:00:00,10,5,5
2014-11-14 18:00:00,8,2,6
2014-11-14 19:00:00,2,2,0
2014-11-14 20:00:00,4,1,3
2014-11-14 21:00:00,0,0,0
2014-11-14 22:00:00,0,0,0
2014-11-14 23:00:00,0,0,0
2014-11-15 00:00:00,0,0,0
2014-11-15 01:00:00,0,0,0
2014-11-15 02:00:00,0,0,0
2014-11-15 03:00:00,0,0,0
2014-11-15 04:00:00,0,0,0
2014-11-15 05:00:00,0,0,0
2014-11-15 06:00:00,3,1,2
2014-11-15 07:00:00,10,3,7
2014-11-15 08:00:00,15,4,11
2014-11-15 09:00:00,43,23,20
2014-11-15 10:00:00,43,20,23
2014-11-15 11:00:00,50,25,25
2014-11-15 12:00:00,41,19,22
2014-11-15 13:00:00,29,15,14
2014-11-15 14:00:00,47,24,23
2014-11-15 15:00:00,47,26,21
2014-11-15 16:00:00,36,18,18
2014-11-15 17:00:00,9,7,2
2014-11-15 18:00:00,2,1,1
2014-11-15 19:00:00,0,0,0
2014-11-15 20:00:00,0,0,0
2014-11-15 21:00:00,0,0,0
2014-11-15 22:00:00,0,0,0
2014-11-15 23:00:00,0,0,0
2014-11-16 00:00:00,0,0,0
2014-11-16 01:00:00,0,0,0
2014-11-16 02:00:00,0,0,0
2014-11-16 03:00:00,0,0,0
2014-11-16 04:00:00,0,0,0
2014-11-16 05:00:00,1,0,1
2014-11-16 06:00:00,2,1,1
2014-11-16 07:00:00,3,1,2
2014-11-16 08:00:00,35,18,17
2014-11-16 09:00:00,35,16,19
2014-11-16 10:00:00,43,21,22
2014-11-16 11:00:00,47,23,24
2014-11-16 12:00:00,35,20,15
2014-11-16 13:00:00,36,13,23
2014-11-16 14:00:00,49,18,31
2014-11-16 15:00:00,59,30,29
2014-11-16 16:00:00,54,32,22
2014-11-16 17:00:00,27,16,11
2014-11-16 18:00:00,2,1,1
2014-11-16 19:00:00,2,2,0
2014-11-16 20:00:00,0,0,0
2014-11-16 21:00:00,2,1,1
2014-11-16 22:00:00,3,1,2
2014-11-16 23:00:00,4,2,2
2014-11-17 00:00:00,0,0,0
2014-11-17 01:00:00,0,0,0
2014-11-17 02:00:00,0,0,0
2014-11-17 03:00:00,0,0,0
2014-11-17 04:00:00,0,0,0
2014-11-17 05:00:00,1,1,0
2014-11-17 06:00:00,5,2,3
2014-11-17 07:00:00,9,5,4
2014-11-17 08:00:00,12,7,5
2014-11-17 09:00:00,17,7,10
2014-11-17 10:00:00,33,21,12
2014-11-17 11:00:00,24,10,14
2014-11-17 12:00:00,30,19,11
2014-11-17 13:00:00,31,15,16
2014-11-17 14:00:00,26,10,16
2014-11-17 15:00:00,25,16,9
2014-11-17 16:00:00,27,10,17
2014-11-17 17:00:00,14,10,4
2014-11-17 18:00:00,11,3,8
2014-11-17 19:00:00,5,1,4
2014-11-17 20:00:00,1,1,0
2014-11-17 21:00:00,0,0,0
2014-11-17 22:00:00,0,0,0
2014-11-17 23:00:00,3,1,2
2014-11-18 00:00:00,1,1,0
2014-11-18 01:00:00,0,0,0
2014-11-18 02:00:00,0,0,0
2014-11-18 03:00:00,0,0,0
2014-11-18 04:00:00,0,0,0
2014-11-18 05:00:00,1,1,0
2014-11-18 06:00:00,10,6,4
2014-11-18 07:00:00,9,4,5
2014-11-18 08:00:00,23,11,12
2014-11-18 09:00:00,19,12,7
2014-11-18 10:00:00,19,8,11
2014-11-18 11:00:00,19,12,7
2014-11-18 12:00:00,20,11,9
2014-11-18 13:00:00,14,8,6
2014-11-18 14:00:00,11,5,6
2014-11-18 15:00:00,23,11,12
2014-11-18 16:00:00,30,13,17
2014-11-18 17:00:00,6,4,2
2014-11-18 18:00:00,13,4,9
2014-11-18 19:00:00,5,4,1
2014-11-18 20:00:00,1,0,1
2014-11-18 21:00:00,1,0,1
2014-11-18 22:00:00,5,3,2
2014-11-18 23:00:00,1,1,0
2014-11-19 00:00:00,0,0,0
2014-11-19 01:00:00,0,0,0
2014-11-19 02:00:00,0,0,0
2014-11-19 03:00:00,0,0,0
2014-11-19 04:00:00,0,0,0
2014-11-19 05:00:00,1,1,0
2014-11-19 06:00:00,6,3,3
2014-11-19 07:00:00,8,4,4
2014-11-19 08:00:00,38,17,21
2014-11-19 09:00:00,26,13,13
2014-11-19 10:00:00,32,15,17
2014-11-19 11:00:00,28,17,11
2014-11-19 12:00:00,41,22,19
2014-11-19 13:00:00,26,16,10
2014-11-19 14:00:00,18,9,9
2014-11-19 15:00:00,18,8,10
2014-11-19 16:00:00,37,15,22
2014-11-19 17:00:00,13,7,6
2014-11-19 18:00:00,2,1,1
2014-11-19 19:00:00,1,1,0
2014-11-19 20:00:00,5,2,3
2014-11-19 21:00:00,0,0,0
2014-11-19 22:00:00,1,0,1
2014-11-19 23:00:00,2,1,1
2014-11-20 00:00:00,1,0,1
2014-11-20 01:00:00,2,2,0
2014-11-20 02:00:00,0,0,0
2014-11-20 03:00:00,0,0,0
2014-11-20 04:00:00,0,0,0
2014-11-20 05:00:00,1,1,0
2014-11-20 06:00:00,8,4,4
2014-11-20 07:00:00,17,7,10
2014-11-20 08:00:00,18,15,3
2014-11-20 09:00:00,19,11,8
2014-11-20 10:00:00,21,9,12
2014-11-20 11:00:00,16,10,6
2014-11-20 12:00:00,17,6,11
2014-11-20 13:00:00,23,12,11
2014-11-20 14:00:00,10,6,4
2014-11-20 15:00:00,18,11,7
2014-11-20 16:00:00,17,7,10
2014-11-20 17:00:00,14,8,6
2014-11-20 18:00:00,13,5,8
2014-11-20 19:00:00,8,5,3
2014-11-20 20:00:00,5,4,1
2014-11-20 21:00:00,2,1,1
2014-11-20 22:00:00,2,1,1
2014-11-20 23:00:00,2,1,1
2014-11-21 00:00:00,0,0,0
2014-11-21 01:00:00,0,0,0
2014-11-21 02:00:00,0,0,0
2014-11-21 03:00:00,0,0,0
2014-11-21 04:00:00,0,0,0
2014-11-21 05:00:00,3,2,1
2014-11-21 06:00:00,3,3,0
2014-11-21 07:00:00,13,5,8
2014-11-21 08:00:00,26,13,13
2014-11-21 09:00:00,22,9,13
2014-11-21 10:00:00,22,9,13
2014-11-21 11:00:00,25,21,4
2014-11-21 12:00:00,12,7,5
2014-11-21 13:00:00,13,9,4
2014-11-21 14:00:00,6,3,3
2014-11-21 15:00:00,4,1,3
2014-11-21 16:00:00,11,5,6
2014-11-21 17:00:00,9,3,6
2014-11-21 18:00:00,5,3,2
2014-11-21 19:00:00,0,0,0
2014-11-21 20:00:00,0,0,0
2014-11-21 21:00:00,2,1,1
2014-11-21 22:00:00,0,0,0
2014-11-21 23:00:00,3,2,1
2014-11-22 00:00:00,0,0,0
2014-11-22 01:00:00,0,0,0
2014-11-22 02:00:00,0,0,0
2014-11-22 03:00:00,0,0,0
2014-11-22 04:00:00,0,0,0
2014-11-22 05:00:00,0,0,0
2014-11-22 06:00:00,2,1,1
2014-11-22 07:00:00,7,1,6
2014-11-22 08:00:00,30,13,17
2014-11-22 09:00:00,63,28,35
2014-11-22 10:00:00,71,35,36
2014-11-22 11:00:00,49,25,24
2014-11-22 12:00:00,38,18,20
2014-11-22 13:00:00,28,18,10
2014-11-22 14:00:00,32,15,17
2014-11-22 15:00:00,46,21,25
2014-11-22 16:00:00,55,35,20
2014-11-22 17:00:00,16,10,6
2014-11-22 18:00:00,5,2,3
2014-11-22 19:00:00,2,2,0
2014-11-22 20:00:00,3,1,2
2014-11-22 21:00:00,0,0,0
2014-11-22 22:00:00,1,0,1
2014-11-22 23:00:00,4,1,3
2014-11-23 00:00:00,1,1,0
2014-11-23 01:00:00,0,0,0
2014-11-23 02:00:00,0,0,0
2014-11-23 03:00:00,0,0,0
2014-11-23 04:00:00,0,0,0
2014-11-23 05:00:00,0,0,0
2014-11-23 06:00:00,0,0,0
2014-11-23 07:00:00,4,1,3
2014-11-23 08:00:00,15,6,9
2014-11-23 09:00:00,23,13,10
2014-11-23 10:00:00,30,15,15
2014-11-23 11:00:00,34,17,17
2014-11-23 12:00:00,35,15,20
2014-11-23 13:00:00,31,18,13
2014-11-23 14:00:00,38,18,20
2014-11-23 15:00:00,47,23,24
2014-11-23 16:00:00,46,26,20
2014-11-23 17:00:00,25,11,14
2014-11-23 18:00:00,3,3,0
2014-11-23 19:00:00,0,0,0
2014-11-23 20:00:00,0,0,0
2014-11-23 21:00:00,0,0,0
2014-11-23 22:00:00,1,0,1
2014-11-23 23:00:00,2,1,1
2014-11-24 00:00:00,3,1,2
2014-11-24 01:00:00,1,1,0
2014-11-24 02:00:00,0,0,0
2014-11-24 03:00:00,0,0,0
2014-11-24 04:00:00,0,0,0
2014-11-24 05:00:00,1,1,0
2014-11-24 06:00:00,6,1,5
2014-11-24 07:00:00,16,8,8
2014-11-24 08:00:00,28,10,18
2014-11-24 09:00:00,20,11,9
2014-11-24 10:00:00,24,12,12
2014-11-24 11:00:00,17,11,6
2014-11-24 12:00:00,17,12,5
2014-11-24 13:00:00,16,9,7
2014-11-24 14:00:00,8,4,4
2014-11-24 15:00:00,10,5,5
2014-11-24 16:00:00,18,7,11
2014-11-24 17:00:00,11,4,7
2014-11-24 18:00:00,9,3,6
2014-11-24 19:00:00,3,2,1
2014-11-24 20:00:00,3,1,2
2014-11-24 21:00:00,2,1,1
2014-11-24 22:00:00,1,1,0
2014-11-24 23:00:00,5,2,3
2014-11-25 00:00:00,1,1,0
2014-11-25 01:00:00,2,1,1
2014-11-25 02:00:00,0,0,0
2014-11-25 03:00:00,0,0,0
2014-11-25 04:00:00,0,0,0
2014-11-25 05:00:00,1,1,0
2014-11-25 06:00:00,4,3,1
2014-11-25 07:00:00,15,8,7
2014-11-25 08:00:00,23,15,8
2014-11-25 09:00:00,22,11,11
2014-11-25 10:00:00,15,7,8
2014-11-25 11:00:00,21,11,10
2014-11-25 12:00:00,13,5,8
2014-11-25 13:00:00,12,5,7
2014-11-25 14:00:00,3,3,0
2014-11-25 15:00:00,8,2,6
2014-11-25 16:00:00,16,6,10
2014-11-25 17:00:00,7,6,1
2014-11-25 18:00:00,8,5,3
2014-11-25 19:00:00,6,2,4
2014-11-25 20:00:00,1,0,1
2014-11-25 21:00:00,1,0,1
2014-11-25 22:00:00,1,1,0
2014-11-25 23:00:00,2,1,1
2014-11-26 00:00:00,0,0,0
2014-11-26 01:00:00,0,0,0
2014-11-26 02:00:00,0,0,0
2014-11-26 03:00:00,0,0,0
2014-11-26 04:00:00,0,0,0
2014-11-26 05:00:00,1,1,0
2014-11-26 06:00:00,13,7,6
2014-11-26 07:00:00,8,3,5
2014-11-26 08:00:00,23,12,11
2014-11-26 09:00:00,27,13,14
2014-11-26 10:00:00,25,14,11
2014-11-26 11:00:00,18,11,7
2014-11-26 12:00:00,26,13,13
2014-11-26 13:00:00,25,13,12
2014-11-26 14:00:00,16,8,8
2014-11-26 15:00:00,21,10,11
2014-11-26 16:00:00,16,8,8
2014-11-26 17:00:00,20,12,8
2014-11-26 18:00:00,4,3,1
2014-11-26 19:00:00,1,0,1
2014-11-26 20:00:00,1,1,0
2014-11-26 21:00:00,1,0,1
2014-11-26 22:00:00,0,0,0
2014-11-26 23:00:00,0,0,0
2014-11-27 00:00:00,0,0,0
2014-11-27 01:00:00,0,0,0
2014-11-27 02:00:00,0,0,0
2014-11-27 03:00:00,0,0,0
2014-11-27 04:00:00,0,0,0
2014-11-27 05:00:00,0,0,0
2014-11-27 06:00:00,2,0,2
2014-11-27 07:00:00,11,4,7
2014-11-27 08:00:00,39,13,26
2014-11-27 09:00:00,85,24,61
2014-11-27 10:00:00,243,137,106
2014-11-27 11:00:00,114,73,41
2014-11-27 12:00:00,61,38,23
2014-11-27 13:00:00,30,17,13
2014-11-27 14:00:00,32,12,20
2014-11-27 15:00:00,16,7,9
2014-11-27 16:00:00,10,6,4
2014-11-27 17:00:00,1,1,0
2014-11-27 18:00:00,0,0,0
2014-11-27 19:00:00,6,6,0
2014-11-27 20:00:00,1,0,1
2014-11-27 21:00:00,1,1,0
2014-11-27 22:00:00,2,1,1
2014-11-27 23:00:00,0,0,0
2014-11-28 00:00:00,0,0,0
2014-11-28 01:00:00,0,0,0
2014-11-28 02:00:00,0,0,0
2014-11-28 03:00:00,0,0,0
2014-11-28 04:00:00,0,0,0
2014-11-28 05:00:00,0,0,0
2014-11-28 06:00:00,0,0,0
2014-11-28 07:00:00,1,0,1
2014-11-28 08:00:00,1,0,1
2014-11-28 09:00:00,8,4,4
2014-11-28 10:00:00,8,5,3
2014-11-28 11:00:00,10,5,5
2014-11-28 12:00:00,16,5,11
2014-11-28 13:00:00,11,9,2
2014-11-28 14:00:00,11,2,9
2014-11-28 15:00:00,7,5,2
2014-11-28 16:00:00,12,6,6
2014-11-28 17:00:00,2,2,0
2014-11-28 18:00:00,1,0,1
2014-11-28 19:00:00,2,1,1
2014-11-28 20:00:00,0,0,0
2014-11-28 21:00:00,0,0,0
2014-11-28 22:00:00,5,2,3
2014-11-28 23:00:00,1,1,0
2014-11-29 00:00:00,0,0,0
2014-11-29 01:00:00,0,0,0
2014-11-29 02:00:00,0,0,0
2014-11-29 03:00:00,0,0,0
2014-11-29 04:00:00,0,0,0
2014-11-29 05:00:00,0,0,0
2014-11-29 06:00:00,0,0,0
2014-11-29 07:00:00,3,0,3
2014-11-29 08:00:00,22,10,12
2014-11-29 09:00:00,17,10,7
2014-11-29 10:00:00,33,14,19
2014-11-29 11:00:00,22,11,11
2014-11-29 12:00:00,38,17,21
2014-11-29 13:00:00,25,13,12
2014-11-29 14:00:00,18,10,8
2014-11-29 15:00:00,26,11,15
2014-11-29 16:00:00,27,16,11
2014-11-29 17:00:00,6,4,2
2014-11-29 18:00:00,0,0,0
2014-11-29 19:00:00,0,0,0
2014-11-29 20:00:00,0,0,0
2014-11-29 21:00:00,0,0,0
2014-11-29 22:00:00,0,0,0
2014-11-29 23:00:00,2,1,1
2014-11-30 00:00:00,0,0,0
2014-11-30 01:00:00,0,0,0
2014-11-30 02:00:00,0,0,0
2014-11-30 03:00:00,0,0,0
2014-11-30 04:00:00,0,0,0
2014-11-30 05:00:00,0,0,0
2014-11-30 06:00:00,0,0,0
2014-11-30 07:00:00,7,5,2
2014-11-30 08:00:00,15,8,7
2014-11-30 09:00:00,13,5,8
2014-11-30 10:00:00,33,13,20
2014-11-30 11:00:00,25,10,15
2014-11-30 12:00:00,41,18,23
2014-11-30 13:00:00,46,25,21
2014-11-30 14:00:00,38,23,15
2014-11-30 15:00:00,41,19,22
2014-11-30 16:00:00,36,19,17
2014-11-30 17:00:00,11,6,5
2014-11-30 18:00:00,2,1,1
2014-11-30 19:00:00,0,0,0
2014-11-30 20:00:00,1,1,0
2014-11-30 21:00:00,0,0,0
2014-11-30 22:00:00,0,0,0
2014-11-30 23:00:00,0,0,0
2014-12-01 00:00:00,2,1,1
2014-12-01 01:00:00,0,0,0
2014-12-01 02:00:00,1,1,0
2014-12-01 03:00:00,0,0,0
2014-12-01 04:00:00,0,0,0
2014-12-01 05:00:00,1,1,0
2014-12-01 06:00:00,5,1,4
2014-12-01 07:00:00,7,2,5
2014-12-01 08:00:00,21,9,12
2014-12-01 09:00:00,19,7,12
2014-12-01 10:00:00,19,6,13
2014-12-01 11:00:00,17,10,7
2014-12-01 12:00:00,21,9,12
2014-12-01 13:00:00,28,16,12
2014-12-01 14:00:00,7,2,5
2014-12-01 15:00:00,19,9,10
2014-12-01 16:00:00,25,12,13
2014-12-01 17:00:00,6,4,2
2014-12-01 18:00:00,3,2,1
2014-12-01 19:00:00,3,1,2
2014-12-01 20:00:00,2,0,2
2014-12-01 21:00:00,4,2,2
2014-12-01 22:00:00,0,0,0
2014-12-01 23:00:00,4,2,2
2014-12-02 00:00:00,0,0,0
2014-12-02 01:00:00,0,0,0
2014-12-02 02:00:00,0,0,0
2014-12-02 03:00:00,0,0,0
2014-12-02 04:00:00,0,0,0
2014-12-02 05:00:00,1,1,0
2014-12-02 06:00:00,4,2,2
2014-12-02 07:00:00,6,4,2
2014-12-02 08:00:00,11,6,5
2014-12-02 09:00:00,18,12,6
2014-12-02 10:00:00,25,9,16
2014-12-02 11:00:00,16,11,5
2014-12-02 12:00:00,7,2,5
2014-12-02 13:00:00,9,4,5
2014-12-02 14:00:00,12,4,8
2014-12-02 15:00:00,31,16,15
2014-12-02 16:00:00,18,7,11
2014-12-02 17:00:00,19,11,8
2014-12-02 18:00:00,7,4,3
2014-12-02 19:00:00,4,1,3
2014-12-02 20:00:00,0,0,0
2014-12-02 21:00:00,1,0,1
2014-12-02 22:00:00,1,1,0
2014-12-02 23:00:00,2,1,1
2014-12-03 00:00:00,2,1,1
2014-12-03 01:00:00,0,0,0
2014-12-03 02:00:00,0,0,0
2014-12-03 03:00:00,0,0,0
2014-12-03 04:00:00,0,0,0
2014-12-03 05:00:00,3,2,1
2014-12-03 06:00:00,2,0,2
2014-12-03 07:00:00,10,5,5
2014-12-03 08:00:00,10,3,7
2014-12-03 09:00:00,20,11,9
2014-12-03 10:00:00,21,8,13
2014-12-03 11:00:00,19,11,8
2014-12-03 12:00:00,19,9,10
2014-12-03 13:00:00,17,10,7
2014-12-03 14:00:00,11,8,3
2014-12-03 15:00:00,27,15,12
2014-12-03 16:00:00,21,9,12
2014-12-03 17:00:00,14,9,5
2014-12-03 18:00:00,1,1,0
2014-12-03 19:00:00,2,1,1
2014-12-03 20:00:00,3,2,1
2014-12-03 21:00:00,3,1,2
2014-12-03 22:00:00,4,2,2
2014-12-03 23:00:00,2,1,1
2014-12-04 00:00:00,2,1,1
2014-12-04 01:00:00,0,0,0
2014-12-04 02:00:00,0,0,0
2014-12-04 03:00:00,0,0,0
2014-12-04 04:00:00,0,0,0
2014-12-04 05:00:00,1,1,0
2014-12-04 06:00:00,6,2,4
2014-12-04 07:00:00,9,2,7
2014-12-04 08:00:00,19,11,8
2014-12-04 09:00:00,11,5,6
2014-12-04 10:00:00,22,9,13
2014-12-04 11:00:00,18,12,6
2014-12-04 12:00:00,12,4,8
2014-12-04 13:00:00,13,8,5
2014-12-04 14:00:00,10,6,4
2014-12-04 15:00:00,17,8,9
2014-12-04 16:00:00,17,9,8
2014-12-04 17:00:00,9,4,5
2014-12-04 18:00:00,5,3,2
2014-12-04 19:00:00,0,0,0
2014-12-04 20:00:00,1,0,1
2014-12-04 21:00:00,0,0,0
2014-12-04 22:00:00,2,0,2
2014-12-04 23:00:00,3,2,1
2014-12-05 00:00:00,1,1,0
2014-12-05 01:00:00,1,1,0
2014-12-05 02:00:00,0,0,0
2014-12-05 03:00:00,0,0,0
2014-12-05 04:00:00,0,0,0
2014-12-05 05:00:00,4,2,2
2014-12-05 06:00:00,9,5,4
2014-12-05 07:00:00,3,1,2
2014-12-05 08:00:00,17,7,10
2014-12-05 09:00:00,13,5,8
2014-12-05 10:00:00,15,11,4
2014-12-05 11:00:00,16,8,8
2014-12-05 12:00:00,21,13,8
2014-12-05 13:00:00,20,13,7
2014-12-05 14:00:00,25,8,17
2014-12-05 15:00:00,19,14,5
2014-12-05 16:00:00,22,10,12
2014-12-05 17:00:00,17,8,9
2014-12-05 18:00:00,6,3,3
2014-12-05 19:00:00,1,1,0
2014-12-05 20:00:00,2,1,1
2014-12-05 21:00:00,0,0,0
2014-12-05 22:00:00,0,0,0
2014-12-05 23:00:00,1,0,1
2014-12-06 00:00:00,0,0,0
2014-12-06 01:00:00,0,0,0
2014-12-06 02:00:00,0,0,0
2014-12-06 03:00:00,0,0,0
2014-12-06 04:00:00,0,0,0
2014-12-06 05:00:00,1,0,1
2014-12-06 06:00:00,2,1,1
2014-12-06 07:00:00,0,0,0
2014-12-06 08:00:00,33,14,19
2014-12-06 09:00:00,56,26,30
2014-12-06 10:00:00,51,22,29
2014-12-06 11:00:00,49,26,23
2014-12-06 12:00:00,24,14,10
2014-12-06 13:00:00,26,11,15
2014-12-06 14:00:00,32,15,17
2014-12-06 15:00:00,48,25,23
2014-12-06 16:00:00,37,21,16
2014-12-06 17:00:00,10,7,3
2014-12-06 18:00:00,4,3,1
2014-12-06 19:00:00,0,0,0
2014-12-06 20:00:00,4,2,2
2014-12-06 21:00:00,3,2,1
2014-12-06 22:00:00,1,0,1
2014-12-06 23:00:00,2,2,0
2014-12-07 00:00:00,3,2,1
2014-12-07 01:00:00,1,0,1
2014-12-07 02:00:00,1,1,0
2014-12-07 03:00:00,0,0,0
2014-12-07 04:00:00,0,0,0
2014-12-07 05:00:00,0,0,0
2014-12-07 06:00:00,2,1,1
2014-12-07 07:00:00,2,0,2
2014-12-07 08:00:00,24,15,9
2014-12-07 09:00:00,34,18,16
2014-12-07 10:00:00,55,24,31
2014-12-07 11:00:00,63,33,30
2014-12-07 12:00:00,42,26,16
2014-12-07 13:00:00,33,18,15
2014-12-07 14:00:00,22,7,15
2014-12-07 15:00:00,41,20,21
2014-12-07 16:00:00,36,20,16
2014-12-07 17:00:00,8,6,2
2014-12-07 18:00:00,4,2,2
2014-12-07 19:00:00,0,0,0
2014-12-07 20:00:00,1,1,0
2014-12-07 21:00:00,1,1,0
2014-12-07 22:00:00,0,0,0
2014-12-07 23:00:00,4,2,2
2014-12-08 00:00:00,0,0,0
2014-12-08 01:00:00,0,0,0
2014-12-08 02:00:00,0,0,0
2014-12-08 03:00:00,0,0,0
2014-12-08 04:00:00,0,0,0
2014-12-08 05:00:00,1,1,0
2014-12-08 06:00:00,11,4,7
2014-12-08 07:00:00,12,5,7
2014-12-08 08:00:00,14,7,7
2014-12-08 09:00:00,23,12,11
2014-12-08 10:00:00,28,13,15
2014-12-08 11:00:00,24,14,10
2014-12-08 12:00:00,26,16,10
2014-12-08 13:00:00,20,9,11
2014-12-08 14:00:00,10,6,4
2014-12-08 15:00:00,11,5,6
2014-12-08 16:00:00,15,5,10
2014-12-08 17:00:00,9,5,4
2014-12-08 18:00:00,5,3,2
2014-12-08 19:00:00,4,1,3
2014-12-08 20:00:00,4,3,1
2014-12-08 21:00:00,0,0,0
2014-12-08 22:00:00,4,2,2
2014-12-08 23:00:00,0,0,0
2014-12-09 00:00:00,2,1,1
2014-12-09 01:00:00,1,1,0
2014-12-09 02:00:00,0,0,0
2014-12-09 03:00:00,0,0,0
2014-12-09 04:00:00,0,0,0
2014-12-09 05:00:00,0,0,0
2014-12-09 06:00:00,6,3,3
2014-12-09 07:00:00,10,5,5
2014-12-09 08:00:00,26,12,14
2014-12-09 09:00:00,18,11,7
2014-12-09 10:00:00,17,9,8
2014-12-09 11:00:00,22,11,11
2014-12-09 12:00:00,26,11,15
2014-12-09 13:00:00,19,10,9
2014-12-09 14:00:00,34,17,17
2014-12-09 15:00:00,27,14,13
2014-12-09 16:00:00,22,11,11
2014-12-09 17:00:00,12,4,8
2014-12-09 18:00:00,14,7,7
2014-12-09 19:00:00,10,6,4
2014-12-09 20:00:00,2,2,0
2014-12-09 21:00:00,1,0,1
2014-12-09 22:00:00,2,1,1
2014-12-09 23:00:00,2,1,1
2014-12-10 00:00:00,0,0,0
2014-12-10 01:00:00,0,0,0
2014-12-10 02:00:00,0,0,0
2014-12-10 03:00:00,0,0,0
2014-12-10 04:00:00,0,0,0
2014-12-10 05:00:00,1,1,0
2014-12-10 06:00:00,12,7,5
2014-12-10 07:00:00,4,2,2
2014-12-10 08:00:00,19,4,15
2014-12-10 09:00:00,23,14,9
2014-12-10 10:00:00,23,10,13
2014-12-10 11:00:00,18,11,7
2014-12-10 12:00:00,19,13,6
2014-12-10 13:00:00,16,6,10
2014-12-10 14:00:00,8,5,3
2014-12-10 15:00:00,7,4,3
2014-12-10 16:00:00,12,6,6
2014-12-10 17:00:00,6,3,3
2014-12-10 18:00:00,3,2,1
2014-12-10 19:00:00,3,2,1
2014-12-10 20:00:00,3,1,2
2014-12-10 21:00:00,3,2,1
2014-12-10 22:00:00,0,0,0
2014-12-10 23:00:00,1,0,1
2014-12-11 00:00:00,2,1,1
2014-12-11 01:00:00,0,0,0
2014-12-11 02:00:00,0,0,0
2014-12-11 03:00:00,0,0,0
2014-12-11 04:00:00,0,0,0
2014-12-11 05:00:00,2,1,1
2014-12-11 06:00:00,13,6,7
2014-12-11 07:00:00,8,4,4
2014-12-11 08:00:00,8,5,3
2014-12-11 09:00:00,14,8,6
2014-12-11 10:00:00,24,12,12
2014-12-11 11:00:00,16,8,8
2014-12-11 12:00:00,9,4,5
2014-12-11 13:00:00,10,5,5
2014-12-11 14:00:00,12,7,5
2014-12-11 15:00:00,13,6,7
2014-12-11 16:00:00,22,10,12
2014-12-11 17:00:00,11,5,6
2014-12-11 18:00:00,2,0,2
2014-12-11 19:00:00,11,6,5
2014-12-11 20:00:00,6,3,3
2014-12-11 21:00:00,2,1,1
2014-12-11 22:00:00,0,0,0
2014-12-11 23:00:00,2,1,1
2014-12-12 00:00:00,0,0,0
2014-12-12 01:00:00,0,0,0
2014-12-12 02:00:00,0,0,0
2014-12-12 03:00:00,0,0,0
2014-12-12 04:00:00,0,0,0
2014-12-12 05:00:00,1,1,0
2014-12-12 06:00:00,4,3,1
2014-12-12 07:00:00,6,2,4
2014-12-12 08:00:00,33,16,17
2014-12-12 09:00:00,21,11,10
2014-12-12 10:00:00,25,15,10
2014-12-12 11:00:00,30,16,14
2014-12-12 12:00:00,23,10,13
2014-12-12 13:00:00,25,17,8
2014-12-12 14:00:00,22,9,13
2014-12-12 15:00:00,18,12,6
2014-12-12 16:00:00,18,5,13
2014-12-12 17:00:00,15,9,6
2014-12-12 18:00:00,7,4,3
2014-12-12 19:00:00,0,0,0
2014-12-12 20:00:00,2,1,1
2014-12-12 21:00:00,1,0,1
2014-12-12 22:00:00,1,1,0
2014-12-12 23:00:00,0,0,0
2014-12-13 00:00:00,2,1,1
2014-12-13 01:00:00,0,0,0
2014-12-13 02:00:00,0,0,0
2014-12-13 03:00:00,0,0,0
2014-12-13 04:00:00,0,0,0
2014-12-13 05:00:00,0,0,0
2014-12-13 06:00:00,0,0,0
2014-12-13 07:00:00,20,9,11
2014-12-13 08:00:00,28,14,14
2014-12-13 09:00:00,40,17,23
2014-12-13 10:00:00,35,19,16
2014-12-13 11:00:00,36,10,26
2014-12-13 12:00:00,48,22,26
2014-12-13 13:00:00,53,28,25
2014-12-13 14:00:00,45,21,24
2014-12-13 15:00:00,41,19,22
2014-12-13 16:00:00,38,22,16
2014-12-13 17:00:00,12,7,5
2014-12-13 18:00:00,0,0,0
2014-12-13 19:00:00,0,0,0
2014-12-13 20:00:00,2,0,2
2014-12-13 21:00:00,0,0,0
2014-12-13 22:00:00,0,0,0
2014-12-13 23:00:00,0,0,0
2014-12-14 00:00:00,0,0,0
2014-12-14 01:00:00,0,0,0
2014-12-14 02:00:00,0,0,0
2014-12-14 03:00:00,4,3,1
2014-12-14 04:00:00,0,0,0
2014-12-14 05:00:00,1,1,0
2014-12-14 06:00:00,5,3,2
2014-12-14 07:00:00,5,0,5
2014-12-14 08:00:00,16,7,9
2014-12-14 09:00:00,31,21,10
2014-12-14 10:00:00,45,22,23
2014-12-14 11:00:00,36,19,17
2014-12-14 12:00:00,37,19,18
2014-12-14 13:00:00,53,29,24
2014-12-14 14:00:00,40,21,19
2014-12-14 15:00:00,28,15,13
2014-12-14 16:00:00,32,15,17
2014-12-14 17:00:00,21,13,8
2014-12-14 18:00:00,3,1,2
2014-12-14 19:00:00,1,0,1
2014-12-14 20:00:00,3,2,1
2014-12-14 21:00:00,0,0,0
2014-12-14 22:00:00,2,1,1
2014-12-14 23:00:00,0,0,0
2014-12-15 00:00:00,0,0,0
2014-12-15 01:00:00,0,0,0
2014-12-15 02:00:00,0,0,0
2014-12-15 03:00:00,0,0,0
2014-12-15 04:00:00,0,0,0
2014-12-15 05:00:00,1,1,0
2014-12-15 06:00:00,4,2,2
2014-12-15 07:00:00,11,6,5
2014-12-15 08:00:00,15,5,10
2014-12-15 09:00:00,29,15,14
2014-12-15 10:00:00,12,5,7
2014-12-15 11:00:00,14,8,6
2014-12-15 12:00:00,27,12,15
2014-12-15 13:00:00,37,15,22
2014-12-15 14:00:00,28,21,7
2014-12-15 15:00:00,18,8,10
2014-12-15 16:00:00,28,14,14
2014-12-15 17:00:00,19,8,11
2014-12-15 18:00:00,16,6,10
2014-12-15 19:00:00,3,3,0
2014-12-15 20:00:00,0,0,0
2014-12-15 21:00:00,1,0,1
2014-12-15 22:00:00,0,0,0
2014-12-15 23:00:00,1,0,1
2014-12-16 00:00:00,1,1,0
2014-12-16 01:00:00,0,0,0
2014-12-16 02:00:00,1,1,0
2014-12-16 03:00:00,0,0,0
2014-12-16 04:00:00,0,0,0
2014-12-16 05:00:00,3,2,1
2014-12-16 06:00:00,8,4,4
2014-12-16 07:00:00,8,3,5
2014-12-16 08:00:00,28,14,14
2014-12-16 09:00:00,27,14,13
2014-12-16 10:00:00,19,11,8
2014-12-16 11:00:00,28,16,12
2014-12-16 12:00:00,17,6,11
2014-12-16 13:00:00,11,4,7
2014-12-16 14:00:00,12,5,7
2014-12-16 15:00:00,20,13,7
2014-12-16 16:00:00,22,12,10
2014-12-16 17:00:00,15,8,7
2014-12-16 18:00:00,6,3,3
2014-12-16 19:00:00,6,4,2
2014-12-16 20:00:00,2,1,1
2014-12-16 21:00:00,0,0,0
2014-12-16 22:00:00,0,0,0
2014-12-16 23:00:00,0,0,0
2014-12-17 00:00:00,0,0,0
2014-12-17 01:00:00,0,0,0
2014-12-17 02:00:00,0,0,0
2014-12-17 03:00:00,0,0,0
2014-12-17 04:00:00,0,0,0
2014-12-17 05:00:00,2,2,0
2014-12-17 06:00:00,4,2,2
2014-12-17 07:00:00,13,8,5
2014-12-17 08:00:00,18,7,11
2014-12-17 09:00:00,23,9,14
2014-12-17 10:00:00,21,11,10
2014-12-17 11:00:00,15,6,9
2014-12-17 12:00:00,30,17,13
2014-12-17 13:00:00,21,11,10
2014-12-17 14:00:00,15,5,10
2014-12-17 15:00:00,18,11,7
2014-12-17 16:00:00,15,5,10
2014-12-17 17:00:00,11,5,6
2014-12-17 18:00:00,3,2,1
2014-12-17 19:00:00,4,2,2
2014-12-17 20:00:00,1,1,0
2014-12-17 21:00:00,0,0,0
2014-12-17 22:00:00,3,1,2
2014-12-17 23:00:00,1,1,0
2014-12-18 00:00:00,2,1,1
2014-12-18 01:00:00,0,0,0
2014-12-18 02:00:00,0,0,0
2014-12-18 03:00:00,0,0,0
2014-12-18 04:00:00,0,0,0
2014-12-18 05:00:00,2,1,1
2014-12-18 06:00:00,11,5,6
2014-12-18 07:00:00,6,4,2
2014-12-18 08:00:00,24,12,12
2014-12-18 09:00:00,17,12,5
2014-12-18 10:00:00,18,9,9
2014-12-18 11:00:00,11,3,8
2014-12-18 12:00:00,17,8,9
2014-12-18 13:00:00,13,7,6
2014-12-18 14:00:00,13,6,7
2014-12-18 15:00:00,16,7,9
2014-12-18 16:00:00,13,4,9
2014-12-18 17:00:00,6,3,3
2014-12-18 18:00:00,5,3,2
2014-12-18 19:00:00,4,3,1
2014-12-18 20:00:00,4,2,2
2014-12-18 21:00:00,2,1,1
2014-12-18 22:00:00,0,0,0
2014-12-18 23:00:00,2,1,1
2014-12-19 00:00:00,2,1,1
2014-12-19 01:00:00,0,0,0
2014-12-19 02:00:00,0,0,0
2014-12-19 03:00:00,0,0,0
2014-12-19 04:00:00,0,0,0
2014-12-19 05:00:00,3,2,1
2014-12-19 06:00:00,2,2,0
2014-12-19 07:00:00,5,0,5
2014-12-19 08:00:00,9,3,6
2014-12-19 09:00:00,27,16,11
2014-12-19 10:00:00,12,5,7
2014-12-19 11:00:00,27,16,11
2014-12-19 12:00:00,36,21,15
2014-12-19 13:00:00,25,13,12
2014-12-19 14:00:00,25,11,14
2014-12-19 15:00:00,34,19,15
2014-12-19 16:00:00,23,11,12
2014-12-19 17:00:00,7,3,4
2014-12-19 18:00:00,11,9,2
2014-12-19 19:00:00,2,0,2
2014-12-19 20:00:00,5,3,2
2014-12-19 21:00:00,6,3,3
2014-12-19 22:00:00,0,0,0
2014-12-19 23:00:00,0,0,0
2014-12-20 00:00:00,4,2,2
2014-12-20 01:00:00,0,0,0
2014-12-20 02:00:00,0,0,0
2014-12-20 03:00:00,0,0,0
2014-12-20 04:00:00,0,0,0
2014-12-20 05:00:00,0,0,0
2014-12-20 06:00:00,0,0,0
2014-12-20 07:00:00,2,1,1
2014-12-20 08:00:00,18,6,12
2014-12-20 09:00:00,36,20,16
2014-12-20 10:00:00,39,21,18
2014-12-20 11:00:00,14,6,8
2014-12-20 12:00:00,20,9,11
2014-12-20 13:00:00,22,11,11
2014-12-20 14:00:00,24,16,8
2014-12-20 15:00:00,25,12,13
2014-12-20 16:00:00,15,7,8
2014-12-20 17:00:00,12,6,6
2014-12-20 18:00:00,6,3,3
2014-12-20 19:00:00,2,1,1
2014-12-20 20:00:00,0,0,0
2014-12-20 21:00:00,0,0,0
2014-12-20 22:00:00,1,0,1
2014-12-20 23:00:00,1,1,0
2014-12-21 00:00:00,2,1,1
2014-12-21 01:00:00,1,1,0
2014-12-21 02:00:00,1,1,0
2014-12-21 03:00:00,0,0,0
2014-12-21 04:00:00,0,0,0
2014-12-21 05:00:00,0,0,0
2014-12-21 06:00:00,0,0,0
2014-12-21 07:00:00,5,2,3
2014-12-21 08:00:00,27,12,15
2014-12-21 09:00:00,37,21,16
2014-12-21 10:00:00,49,23,26
2014-12-21 11:00:00,42,24,18
2014-12-21 12:00:00,33,14,19
2014-12-21 13:00:00,46,21,25
2014-12-21 14:00:00,54,27,27
2014-12-21 15:00:00,41,22,19
2014-12-21 16:00:00,41,24,17
2014-12-21 17:00:00,16,9,7
2014-12-21 18:00:00,2,1,1
2014-12-21 19:00:00,0,0,0
2014-12-21 20:00:00,0,0,0
2014-12-21 21:00:00,2,2,0
2014-12-21 22:00:00,1,0,1
2014-12-21 23:00:00,2,1,1
2014-12-22 00:00:00,0,0,0
2014-12-22 01:00:00,0,0,0
2014-12-22 02:00:00,0,0,0
2014-12-22 03:00:00,0,0,0
2014-12-22 04:00:00,0,0,0
2014-12-22 05:00:00,1,1,0
2014-12-22 06:00:00,5,1,4
2014-12-22 07:00:00,9,4,5
2014-12-22 08:00:00,25,6,19
2014-12-22 09:00:00,28,16,12
2014-12-22 10:00:00,36,19,17
2014-12-22 11:00:00,22,10,12
2014-12-22 12:00:00,19,13,6
2014-12-22 13:00:00,14,6,8
2014-12-22 14:00:00,20,10,10
2014-12-22 15:00:00,20,11,9
2014-12-22 16:00:00,37,21,16
2014-12-22 17:00:00,13,8,5
2014-12-22 18:00:00,10,5,5
2014-12-22 19:00:00,1,0,1
2014-12-22 20:00:00,2,1,1
2014-12-22 21:00:00,2,1,1
2014-12-22 22:00:00,2,1,1
2014-12-22 23:00:00,1,0,1
2014-12-23 00:00:00,0,0,0
2014-12-23 01:00:00,0,0,0
2014-12-23 02:00:00,0,0,0
2014-12-23 03:00:00,0,0,0
2014-12-23 04:00:00,0,0,0
2014-12-23 05:00:00,1,1,0
2014-12-23 06:00:00,1,0,1
2014-12-23 07:00:00,8,3,5
2014-12-23 08:00:00,29,17,12
2014-12-23 09:00:00,24,11,13
2014-12-23 10:00:00,20,5,15
2014-12-23 11:00:00,41,24,17
2014-12-23 12:00:00,26,14,12
2014-12-23 13:00:00,21,11,10
2014-12-23 14:00:00,17,8,9
2014-12-23 15:00:00,21,11,10
2014-12-23 16:00:00,8,5,3
2014-12-23 17:00:00,6,3,3
2014-12-23 18:00:00,2,0,2
2014-12-23 19:00:00,0,0,0
2014-12-23 20:00:00,1,0,1
2014-12-23 21:00:00,0,0,0
2014-12-23 22:00:00,1,1,0
2014-12-23 23:00:00,4,2,2
2014-12-24 00:00:00,0,0,0
2014-12-24 01:00:00,0,0,0
2014-12-24 02:00:00,0,0,0
2014-12-24 03:00:00,0,0,0
2014-12-24 04:00:00,0,0,0
2014-12-24 05:00:00,0,0,0
2014-12-24 06:00:00,2,0,2
2014-12-24 07:00:00,1,1,0
2014-12-24 08:00:00,11,4,7
2014-12-24 09:00:00,24,13,11
2014-12-24 10:00:00,27,11,16
2014-12-24 11:00:00,34,18,16
2014-12-24 12:00:00,37,12,25
2014-12-24 13:00:00,28,14,14
2014-12-24 14:00:00,37,18,19
2014-12-24 15:00:00,34,21,13
2014-12-24 16:00:00,19,8,11
2014-12-24 17:00:00,4,4,0
2014-12-24 18:00:00,4,1,3
2014-12-24 19:00:00,0,0,0
2014-12-24 20:00:00,9,4,5
2014-12-24 21:00:00,1,1,0
2014-12-24 22:00:00,0,0,0
2014-12-24 23:00:00,0,0,0
2014-12-25 00:00:00,0,0,0
2014-12-25 01:00:00,0,0,0
2014-12-25 02:00:00,0,0,0
2014-12-25 03:00:00,0,0,0
2014-12-25 04:00:00,0,0,0
2014-12-25 05:00:00,0,0,0
2014-12-25 06:00:00,0,0,0
2014-12-25 07:00:00,1,1,0
2014-12-25 08:00:00,18,8,10
2014-12-25 09:00:00,21,8,13
2014-12-25 10:00:00,19,8,11
2014-12-25 11:00:00,38,19,19
2014-12-25 12:00:00,50,26,24
2014-12-25 13:00:00,37,23,14
2014-12-25 14:00:00,33,19,14
2014-12-25 15:00:00,43,20,23
2014-12-25 16:00:00,44,27,17
2014-12-25 17:00:00,5,3,2
2014-12-25 18:00:00,0,0,0
2014-12-25 19:00:00,0,0,0
2014-12-25 20:00:00,0,0,0
2014-12-25 21:00:00,0,0,0
2014-12-25 22:00:00,0,0,0
2014-12-25 23:00:00,1,0,1
2014-12-26 00:00:00,0,0,0
2014-12-26 01:00:00,7,2,5
2014-12-26 02:00:00,0,0,0
2014-12-26 03:00:00,0,0,0
2014-12-26 04:00:00,0,0,0
2014-12-26 05:00:00,1,1,0
2014-12-26 06:00:00,3,2,1
2014-12-26 07:00:00,5,1,4
2014-12-26 08:00:00,14,5,9
2014-12-26 09:00:00,43,20,23
2014-12-26 10:00:00,34,21,13
2014-12-26 11:00:00,16,9,7
2014-12-26 12:00:00,34,13,21
2014-12-26 13:00:00,41,23,18
2014-12-26 14:00:00,31,15,16
2014-12-26 15:00:00,26,9,17
2014-12-26 16:00:00,37,21,16
2014-12-26 17:00:00,9,6,3
2014-12-26 18:00:00,2,1,1
2014-12-26 19:00:00,1,0,1
2014-12-26 20:00:00,2,1,1
2014-12-26 21:00:00,0,0,0
2014-12-26 22:00:00,2,1,1
2014-12-26 23:00:00,0,0,0
2014-12-27 00:00:00,1,1,0
2014-12-27 01:00:00,2,1,1
2014-12-27 02:00:00,0,0,0
2014-12-27 03:00:00,0,0,0
2014-12-27 04:00:00,0,0,0
2014-12-27 05:00:00,0,0,0
2014-12-27 06:00:00,0,0,0
2014-12-27 07:00:00,0,0,0
2014-12-27 08:00:00,21,8,13
2014-12-27 09:00:00,30,18,12
2014-12-27 10:00:00,28,15,13
2014-12-27 11:00:00,36,14,22
2014-12-27 12:00:00,39,21,18
2014-12-27 13:00:00,32,20,12
2014-12-27 14:00:00,24,12,12
2014-12-27 15:00:00,21,10,11
2014-12-27 16:00:00,30,20,10
2014-12-27 17:00:00,7,3,4
2014-12-27 18:00:00,4,2,2
2014-12-27 19:00:00,2,1,1
2014-12-27 20:00:00,1,0,1
2014-12-27 21:00:00,0,0,0
2014-12-27 22:00:00,0,0,0
2014-12-27 23:00:00,2,1,1
2014-12-28 00:00:00,3,0,3
2014-12-28 01:00:00,3,3,0
2014-12-28 02:00:00,0,0,0
2014-12-28 03:00:00,0,0,0
2014-12-28 04:00:00,0,0,0
2014-12-28 05:00:00,1,1,0
2014-12-28 06:00:00,0,0,0
2014-12-28 07:00:00,1,0,1
2014-12-28 08:00:00,26,14,12
2014-12-28 09:00:00,46,23,23
2014-12-28 10:00:00,45,20,25
2014-12-28 11:00:00,38,17,21
2014-12-28 12:00:00,42,16,26
2014-12-28 13:00:00,40,24,16
2014-12-28 14:00:00,29,13,16
2014-12-28 15:00:00,24,13,11
2014-12-28 16:00:00,29,16,13
2014-12-28 17:00:00,9,4,5
2014-12-28 18:00:00,7,5,2
2014-12-28 19:00:00,1,1,0
2014-12-28 20:00:00,0,0,0
2014-12-28 21:00:00,1,0,1
2014-12-28 22:00:00,0,0,0
2014-12-28 23:00:00,0,0,0
2014-12-29 00:00:00,0,0,0
2014-12-29 01:00:00,0,0,0
2014-12-29 02:00:00,0,0,0
2014-12-29 03:00:00,0,0,0
2014-12-29 04:00:00,0,0,0
2014-12-29 05:00:00,1,1,0
2014-12-29 06:00:00,3,1,2
2014-12-29 07:00:00,7,2,5
2014-12-29 08:00:00,22,12,10
2014-12-29 09:00:00,28,14,14
2014-12-29 10:00:00,20,9,11
2014-12-29 11:00:00,29,11,18
2014-12-29 12:00:00,34,22,12
2014-12-29 13:00:00,25,10,15
2014-12-29 14:00:00,25,15,10
2014-12-29 15:00:00,16,0,16
2014-12-29 16:00:00,23,9,14
2014-12-29 17:00:00,12,6,6
2014-12-29 18:00:00,3,1,2
2014-12-29 19:00:00,1,1,0
2014-12-29 20:00:00,0,0,0
2014-12-29 21:00:00,1,1,0
2014-12-29 22:00:00,0,0,0
2014-12-29 23:00:00,0,0,0
2014-12-30 00:00:00,0,0,0
2014-12-30 01:00:00,0,0,0
2014-12-30 02:00:00,0,0,0
2014-12-30 03:00:00,0,0,0
2014-12-30 04:00:00,0,0,0
2014-12-30 05:00:00,1,1,0
2014-12-30 06:00:00,1,0,1
2014-12-30 07:00:00,7,3,4
2014-12-30 08:00:00,18,9,9
2014-12-30 09:00:00,20,10,10
2014-12-30 10:00:00,17,9,8
2014-12-30 11:00:00,32,14,18
2014-12-30 12:00:00,26,16,10
2014-12-30 13:00:00,23,13,10
2014-12-30 14:00:00,26,11,15
2014-12-30 15:00:00,20,7,13
2014-12-30 16:00:00,25,12,13
2014-12-30 17:00:00,17,8,9
2014-12-30 18:00:00,2,1,1
2014-12-30 19:00:00,1,0,1
2014-12-30 20:00:00,7,4,3
2014-12-30 21:00:00,2,1,1
2014-12-30 22:00:00,2,1,1
2014-12-30 23:00:00,0,0,0
2014-12-31 00:00:00,0,0,0
2014-12-31 01:00:00,0,0,0
2014-12-31 02:00:00,0,0,0
2014-12-31 03:00:00,0,0,0
2014-12-31 04:00:00,0,0,0
2014-12-31 05:00:00,1,1,0
2014-12-31 06:00:00,1,0,1
2014-12-31 07:00:00,5,3,2
2014-12-31 08:00:00,17,6,11
2014-12-31 09:00:00,13,5,8
2014-12-31 10:00:00,25,12,13
2014-12-31 11:00:00,34,20,14
2014-12-31 12:00:00,34,17,17
2014-12-31 13:00:00,39,25,14
2014-12-31 14:00:00,29,14,15
2014-12-31 15:00:00,36,21,15
2014-12-31 16:00:00,21,11,10
2014-12-31 17:00:00,8,5,3
2014-12-31 18:00:00,5,4,1
2014-12-31 19:00:00,1,0,1
2014-12-31 20:00:00,0,0,0
2014-12-31 21:00:00,1,0,1
2014-12-31 22:00:00,0,0,0
2014-12-31 23:00:00,0,0,0
2015-01-01 00:00:00,1,1,0
2015-01-01 01:00:00,2,2,0
2015-01-01 02:00:00,1,0,1
2015-01-01 03:00:00,0,0,0
2015-01-01 04:00:00,0,0,0
2015-01-01 05:00:00,0,0,0
2015-01-01 06:00:00,0,0,0
2015-01-01 07:00:00,2,1,1
2015-01-01 08:00:00,4,2,2
2015-01-01 09:00:00,13,6,7
2015-01-01 10:00:00,23,9,14
2015-01-01 11:00:00,35,16,19
2015-01-01 12:00:00,50,21,29
2015-01-01 13:00:00,71,41,30
2015-01-01 14:00:00,38,21,17
2015-01-01 15:00:00,49,28,21
2015-01-01 16:00:00,37,20,17
2015-01-01 17:00:00,20,11,9
2015-01-01 18:00:00,4,1,3
2015-01-01 19:00:00,4,3,1
2015-01-01 20:00:00,1,0,1
2015-01-01 21:00:00,0,0,0
2015-01-01 22:00:00,0,0,0
2015-01-01 23:00:00,1,0,1
2015-01-02 00:00:00,1,1,0
2015-01-02 01:00:00,0,0,0
2015-01-02 02:00:00,1,0,1
2015-01-02 03:00:00,0,0,0
2015-01-02 04:00:00,0,0,0
2015-01-02 05:00:00,1,1,0
2015-01-02 06:00:00,3,1,2
2015-01-02 07:00:00,3,2,1
2015-01-02 08:00:00,9,3,6
2015-01-02 09:00:00,16,9,7
2015-01-02 10:00:00,23,12,11
2015-01-02 11:00:00,20,8,12
2015-01-02 12:00:00,17,12,5
2015-01-02 13:00:00,18,7,11
2015-01-02 14:00:00,22,9,13
2015-01-02 15:00:00,23,16,7
2015-01-02 16:00:00,11,3,8
2015-01-02 17:00:00,3,3,0
2015-01-02 18:00:00,2,1,1
2015-01-02 19:00:00,3,2,1
2015-01-02 20:00:00,2,1,1
2015-01-02 21:00:00,1,1,0
2015-01-02 22:00:00,1,0,1
2015-01-02 23:00:00,0,0,0
2015-01-03 00:00:00,0,0,0
2015-01-03 01:00:00,0,0,0
2015-01-03 02:00:00,0,0,0
2015-01-03 03:00:00,0,0,0
2015-01-03 04:00:00,0,0,0
2015-01-03 05:00:00,0,0,0
2015-01-03 06:00:00,4,2,2
2015-01-03 07:00:00,33,12,21
2015-01-03 08:00:00,37,19,18
2015-01-03 09:00:00,43,23,20
2015-01-03 10:00:00,27,15,12
2015-01-03 11:00:00,36,19,17
2015-01-03 12:00:00,44,23,21
2015-01-03 13:00:00,28,14,14
2015-01-03 14:00:00,37,18,19
2015-01-03 15:00:00,50,25,25
2015-01-03 16:00:00,19,11,8
2015-01-03 17:00:00,9,5,4
2015-01-03 18:00:00,2,1,1
2015-01-03 19:00:00,4,2,2
2015-01-03 20:00:00,4,2,2
2015-01-03 21:00:00,0,0,0
2015-01-03 22:00:00,1,0,1
2015-01-03 23:00:00,1,1,0
2015-01-04 00:00:00,2,1,1
2015-01-04 01:00:00,0,0,0
2015-01-04 02:00:00,0,0,0
2015-01-04 03:00:00,0,0,0
2015-01-04 04:00:00,2,1,1
2015-01-04 05:00:00,1,0,1
2015-01-04 06:00:00,1,0,1
2015-01-04 07:00:00,11,5,6
2015-01-04 08:00:00,28,15,13
2015-01-04 09:00:00,27,13,14
2015-01-04 10:00:00,35,18,17
2015-01-04 11:00:00,37,16,21
2015-01-04 12:00:00,27,14,13
2015-01-04 13:00:00,33,17,16
2015-01-04 14:00:00,15,11,4
2015-01-04 15:00:00,29,15,14
2015-01-04 16:00:00,5,4,1
2015-01-04 17:00:00,3,1,2
2015-01-04 18:00:00,0,0,0
2015-01-04 19:00:00,2,1,1
2015-01-04 20:00:00,1,1,0
2015-01-04 21:00:00,0,0,0
2015-01-04 22:00:00,0,0,0
2015-01-04 23:00:00,2,1,1
2015-01-05 00:00:00,0,0,0
2015-01-05 01:00:00,0,0,0
2015-01-05 02:00:00,0,0,0
2015-01-05 03:00:00,0,0,0
2015-01-05 04:00:00,1,1,0
2015-01-05 05:00:00,7,2,5
2015-01-05 06:00:00,8,4,4
2015-01-05 07:00:00,13,7,6
2015-01-05 08:00:00,17,9,8
2015-01-05 09:00:00,14,8,6
2015-01-05 10:00:00,11,6,5
2015-01-05 11:00:00,15,6,9
2015-01-05 12:00:00,16,8,8
2015-01-05 13:00:00,11,6,5
2015-01-05 14:00:00,17,8,9
2015-01-05 15:00:00,22,13,9
2015-01-05 16:00:00,17,9,8
2015-01-05 17:00:00,11,5,6
2015-01-05 18:00:00,5,2,3
2015-01-05 19:00:00,1,0,1
2015-01-05 20:00:00,2,1,1
2015-01-05 21:00:00,3,2,1
2015-01-05 22:00:00,0,0,0
2015-01-05 23:00:00,0,0,0
2015-01-06 00:00:00,0,0,0
2015-01-06 01:00:00,0,0,0
2015-01-06 02:00:00,0,0,0
2015-01-06 03:00:00,0,0,0
2015-01-06 04:00:00,2,1,1
2015-01-06 05:00:00,13,7,6
2015-01-06 06:00:00,6,2,4
2015-01-06 07:00:00,18,11,7
2015-01-06 08:00:00,18,8,10
2015-01-06 09:00:00,23,11,12
2015-01-06 10:00:00,27,13,14
2015-01-06 11:00:00,28,12,16
2015-01-06 12:00:00,15,11,4
2015-01-06 13:00:00,23,9,14
2015-01-06 14:00:00,27,15,12
2015-01-06 15:00:00,25,14,11
2015-01-06 16:00:00,20,10,10
2015-01-06 17:00:00,16,9,7
2015-01-06 18:00:00,10,5,5
2015-01-06 19:00:00,3,2,1
2015-01-06 20:00:00,4,2,2
2015-01-06 21:00:00,0,0,0
2015-01-06 22:00:00,4,2,2
2015-01-06 23:00:00,2,1,1
2015-01-07 00:00:00,0,0,0
2015-01-07 01:00:00,0,0,0
2015-01-07 02:00:00,0,0,0
2015-01-07 03:00:00,0,0,0
2015-01-07 04:00:00,1,1,0
2015-01-07 05:00:00,4,2,2
2015-01-07 06:00:00,7,2,5
2015-01-07 07:00:00,22,10,12
2015-01-07 08:00:00,24,13,11
2015-01-07 09:00:00,26,11,15
2015-01-07 10:00:00,18,11,7
2015-01-07 11:00:00,32,18,14
2015-01-07 12:00:00,16,8,8
2015-01-07 13:00:00,16,4,12
2015-01-07 14:00:00,25,13,12
2015-01-07 15:00:00,36,18,18
2015-01-07 16:00:00,21,12,9
2015-01-07 17:00:00,7,6,1
2015-01-07 18:00:00,8,3,5
2015-01-07 19:00:00,0,0,0
2015-01-07 20:00:00,2,1,1
2015-01-07 21:00:00,3,1,2
2015-01-07 22:00:00,2,1,1
2015-01-07 23:00:00,1,1,0
2015-01-08 00:00:00,0,0,0
2015-01-08 01:00:00,0,0,0
2015-01-08 02:00:00,0,0,0
2015-01-08 03:00:00,0,0,0
2015-01-08 04:00:00,2,1,1
2015-01-08 05:00:00,8,3,5
2015-01-08 06:00:00,15,7,8
2015-01-08 07:00:00,18,11,7
2015-01-08 08:00:00,22,9,13
2015-01-08 09:00:00,19,12,7
2015-01-08 10:00:00,15,8,7
2015-01-08 11:00:00,31,14,17
2015-01-08 12:00:00,19,9,10
2015-01-08 13:00:00,23,11,12
2015-01-08 14:00:00,17,8,9
2015-01-08 15:00:00,21,9,12
2015-01-08 16:00:00,17,9,8
2015-01-08 17:00:00,13,5,8
2015-01-08 18:00:00,9,6,3
2015-01-08 19:00:00,0,0,0
2015-01-08 20:00:00,3,1,2
2015-01-08 21:00:00,1,1,0
2015-01-08 22:00:00,2,1,1
2015-01-08 23:00:00,0,0,0
2015-01-09 00:00:00,0,0,0
2015-01-09 01:00:00,0,0,0
2015-01-09 02:00:00,0,0,0
2015-01-09 03:00:00,0,0,0
2015-01-09 04:00:00,1,1,0
2015-01-09 05:00:00,13,8,5
2015-01-09 06:00:00,6,3,3
2015-01-09 07:00:00,38,17,21
2015-01-09 08:00:00,22,5,17
2015-01-09 09:00:00,29,14,15
2015-01-09 10:00:00,14,6,8
2015-01-09 11:00:00,26,15,11
2015-01-09 12:00:00,13,11,2
2015-01-09 13:00:00,10,6,4
2015-01-09 14:00:00,18,10,8
2015-01-09 15:00:00,27,12,15
2015-01-09 16:00:00,15,7,8
2015-01-09 17:00:00,4,1,3
2015-01-09 18:00:00,5,4,1
2015-01-09 19:00:00,2,2,0
2015-01-09 20:00:00,1,0,1
2015-01-09 21:00:00,0,0,0
2015-01-09 22:00:00,2,1,1
2015-01-09 23:00:00,0,0,0
2015-01-10 00:00:00,0,0,0
2015-01-10 01:00:00,0,0,0
2015-01-10 02:00:00,0,0,0
2015-01-10 03:00:00,1,0,1
2015-01-10 04:00:00,0,0,0
2015-01-10 05:00:00,3,2,1
2015-01-10 06:00:00,3,1,2
2015-01-10 07:00:00,17,7,10
2015-01-10 08:00:00,57,26,31
2015-01-10 09:00:00,37,19,18
2015-01-10 10:00:00,34,19,15
2015-01-10 11:00:00,41,19,22
2015-01-10 12:00:00,39,19,20
2015-01-10 13:00:00,30,18,12
2015-01-10 14:00:00,35,14,21
2015-01-10 15:00:00,30,21,9
2015-01-10 16:00:00,26,14,12
2015-01-10 17:00:00,1,0,1
2015-01-10 18:00:00,0,0,0
2015-01-10 19:00:00,1,0,1
2015-01-10 20:00:00,8,3,5
2015-01-10 21:00:00,1,1,0
2015-01-10 22:00:00,1,0,1
2015-01-10 23:00:00,1,0,1
2015-01-11 00:00:00,0,0,0
2015-01-11 01:00:00,0,0,0
2015-01-11 02:00:00,0,0,0
2015-01-11 03:00:00,0,0,0
2015-01-11 04:00:00,0,0,0
2015-01-11 05:00:00,3,1,2
2015-01-11 06:00:00,3,1,2
2015-01-11 07:00:00,32,17,15
2015-01-11 08:00:00,31,16,15
2015-01-11 09:00:00,44,15,29
2015-01-11 10:00:00,51,28,23
2015-01-11 11:00:00,44,26,18
2015-01-11 12:00:00,51,24,27
2015-01-11 13:00:00,40,16,24
2015-01-11 14:00:00,42,18,24
2015-01-11 15:00:00,30,18,12
2015-01-11 16:00:00,12,6,6
2015-01-11 17:00:00,4,2,2
2015-01-11 18:00:00,2,1,1
2015-01-11 19:00:00,1,0,1
2015-01-11 20:00:00,0,0,0
2015-01-11 21:00:00,1,0,1
2015-01-11 22:00:00,4,2,2
2015-01-11 23:00:00,0,0,0
2015-01-12 00:00:00,0,0,0
2015-01-12 01:00:00,0,0,0
2015-01-12 02:00:00,0,0,0
2015-01-12 03:00:00,1,1,0
2015-01-12 04:00:00,1,1,0
2015-01-12 05:00:00,7,1,6
2015-01-12 06:00:00,20,10,10
2015-01-12 07:00:00,20,12,8
2015-01-12 08:00:00,13,6,7
2015-01-12 09:00:00,25,9,16
2015-01-12 10:00:00,25,14,11
2015-01-12 11:00:00,25,14,11
2015-01-12 12:00:00,26,12,14
2015-01-12 13:00:00,27,16,11
2015-01-12 14:00:00,25,16,9
2015-01-12 15:00:00,29,13,16
2015-01-12 16:00:00,19,11,8
2015-01-12 17:00:00,12,7,5
2015-01-12 18:00:00,9,4,5
2015-01-12 19:00:00,1,0,1
2015-01-12 20:00:00,1,1,0
2015-01-12 21:00:00,4,3,1
2015-01-12 22:00:00,1,0,1
2015-01-12 23:00:00,1,1,0
2015-01-13 00:00:00,0,0,0
2015-01-13 01:00:00,0,0,0
2015-01-13 02:00:00,0,0,0
2015-01-13 03:00:00,0,0,0
2015-01-13 04:00:00,2,1,1
2015-01-13 05:00:00,15,8,7
2015-01-13 06:00:00,9,3,6
2015-01-13 07:00:00,18,10,8
2015-01-13 08:00:00,11,6,5
2015-01-13 09:00:00,20,10,10
2015-01-13 10:00:00,12,7,5
2015-01-13 11:00:00,17,9,8
2015-01-13 12:00:00,25,15,10
2015-01-13 13:00:00,24,9,15
2015-01-13 14:00:00,35,18,17
2015-01-13 15:00:00,27,18,9
2015-01-13 16:00:00,25,10,15
2015-01-13 17:00:00,8,4,4
2015-01-13 18:00:00,3,1,2
2015-01-13 19:00:00,1,1,0
2015-01-13 20:00:00,0,0,0
2015-01-13 21:00:00,0,0,0
2015-01-13 22:00:00,3,1,2
2015-01-13 23:00:00,1,1,0
2015-01-14 00:00:00,0,0,0
2015-01-14 01:00:00,0,0,0
2015-01-14 02:00:00,0,0,0
2015-01-14 03:00:00,0,0,0
2015-01-14 04:00:00,2,2,0
2015-01-14 05:00:00,8,4,4
2015-01-14 06:00:00,21,12,9
2015-01-14 07:00:00,22,12,10
2015-01-14 08:00:00,34,14,20
2015-01-14 09:00:00,24,10,14
2015-01-14 10:00:00,33,21,12
2015-01-14 11:00:00,33,19,14
2015-01-14 12:00:00,26,13,13
2015-01-14 13:00:00,20,9,11
2015-01-14 14:00:00,18,9,9
2015-01-14 15:00:00,40,21,19
2015-01-14 16:00:00,16,8,8
2015-01-14 17:00:00,12,6,6
2015-01-14 18:00:00,3,1,2
2015-01-14 19:00:00,5,4,1
2015-01-14 20:00:00,2,1,1
2015-01-14 21:00:00,2,0,2
2015-01-14 22:00:00,5,4,1
2015-01-14 23:00:00,0,0,0
2015-01-15 00:00:00,0,0,0
2015-01-15 01:00:00,0,0,0
2015-01-15 02:00:00,0,0,0
2015-01-15 03:00:00,0,0,0
2015-01-15 04:00:00,2,1,1
2015-01-15 05:00:00,9,4,5
2015-01-15 06:00:00,4,1,3
2015-01-15 07:00:00,11,8,3
2015-01-15 08:00:00,17,7,10
2015-01-15 09:00:00,22,10,12
2015-01-15 10:00:00,21,11,10
2015-01-15 11:00:00,13,6,7
2015-01-15 12:00:00,20,11,9
2015-01-15 13:00:00,16,10,6
2015-01-15 14:00:00,8,3,5
2015-01-15 15:00:00,14,7,7
2015-01-15 16:00:00,9,7,2
2015-01-15 17:00:00,3,1,2
2015-01-15 18:00:00,8,4,4
2015-01-15 19:00:00,1,0,1
2015-01-15 20:00:00,3,1,2
2015-01-15 21:00:00,1,1,0
2015-01-15 22:00:00,2,1,1
2015-01-15 23:00:00,2,1,1
2015-01-16 00:00:00,0,0,0
2015-01-16 01:00:00,0,0,0
2015-01-16 02:00:00,0,0,0
2015-01-16 03:00:00,0,0,0
2015-01-16 04:00:00,2,1,1
2015-01-16 05:00:00,1,1,0
2015-01-16 06:00:00,6,2,4
2015-01-16 07:00:00,22,7,15
2015-01-16 08:00:00,16,9,7
2015-01-16 09:00:00,36,16,20
2015-01-16 10:00:00,30,15,15
2015-01-16 11:00:00,28,17,11
2015-01-16 12:00:00,15,10,5
2015-01-16 13:00:00,33,16,17
2015-01-16 14:00:00,25,14,11
2015-01-16 15:00:00,45,23,22
2015-01-16 16:00:00,20,8,12
2015-01-16 17:00:00,4,3,1
2015-01-16 18:00:00,4,4,0
2015-01-16 19:00:00,2,2,0
2015-01-16 20:00:00,0,0,0
2015-01-16 21:00:00,0,0,0
2015-01-16 22:00:00,3,1,2
2015-01-16 23:00:00,1,1,0
2015-01-17 00:00:00,0,0,0
2015-01-17 01:00:00,0,0,0
2015-01-17 02:00:00,0,0,0
2015-01-17 03:00:00,0,0,0
2015-01-17 04:00:00,1,0,1
2015-01-17 05:00:00,1,0,1
2015-01-17 06:00:00,2,0,2
2015-01-17 07:00:00,35,14,21
2015-01-17 08:00:00,60,30,30
2015-01-17 09:00:00,48,24,24
2015-01-17 10:00:00,39,25,14
2015-01-17 11:00:00,29,13,16
2015-01-17 12:00:00,30,20,10
2015-01-17 13:00:00,38,19,19
2015-01-17 14:00:00,25,11,14
2015-01-17 15:00:00,19,11,8
2015-01-17 16:00:00,7,5,2
2015-01-17 17:00:00,2,1,1
2015-01-17 18:00:00,2,1,1
2015-01-17 19:00:00,0,0,0
2015-01-17 20:00:00,0,0,0
2015-01-17 21:00:00,2,1,1
2015-01-17 22:00:00,0,0,0
2015-01-17 23:00:00,0,0,0
2015-01-18 00:00:00,0,0,0
2015-01-18 01:00:00,0,0,0
2015-01-18 02:00:00,0,0,0
2015-01-18 03:00:00,0,0,0
2015-01-18 04:00:00,0,0,0
2015-01-18 05:00:00,1,0,1
2015-01-18 06:00:00,3,2,1
2015-01-18 07:00:00,19,10,9
2015-01-18 08:00:00,19,11,8
2015-01-18 09:00:00,17,9,8
2015-01-18 10:00:00,22,11,11
2015-01-18 11:00:00,16,9,7
2015-01-18 12:00:00,17,7,10
2015-01-18 13:00:00,28,15,13
2015-01-18 14:00:00,15,8,7
2015-01-18 15:00:00,40,19,21
2015-01-18 16:00:00,35,23,12
2015-01-18 17:00:00,4,2,2
2015-01-18 18:00:00,1,0,1
2015-01-18 19:00:00,5,3,2
2015-01-18 20:00:00,2,1,1
2015-01-18 21:00:00,0,0,0
2015-01-18 22:00:00,0,0,0
2015-01-18 23:00:00,0,0,0
2015-01-19 00:00:00,0,0,0
2015-01-19 01:00:00,0,0,0
2015-01-19 02:00:00,0,0,0
2015-01-19 03:00:00,0,0,0
2015-01-19 04:00:00,1,0,1
2015-01-19 05:00:00,3,1,2
2015-01-19 06:00:00,7,3,4
2015-01-19 07:00:00,23,8,15
2015-01-19 08:00:00,24,12,12
2015-01-19 09:00:00,40,22,18
2015-01-19 10:00:00,33,16,17
2015-01-19 11:00:00,43,19,24
2015-01-19 12:00:00,32,13,19
2015-01-19 13:00:00,32,17,15
2015-01-19 14:00:00,36,19,17
2015-01-19 15:00:00,60,30,30
2015-01-19 16:00:00,33,17,16
2015-01-19 17:00:00,12,10,2
2015-01-19 18:00:00,0,0,0
2015-01-19 19:00:00,3,2,1
2015-01-19 20:00:00,0,0,0
2015-01-19 21:00:00,0,0,0
2015-01-19 22:00:00,0,0,0
2015-01-19 23:00:00,2,0,2
2015-01-20 00:00:00,0,0,0
2015-01-20 01:00:00,0,0,0
2015-01-20 02:00:00,0,0,0
2015-01-20 03:00:00,0,0,0
2015-01-20 04:00:00,2,1,1
2015-01-20 05:00:00,6,2,4
2015-01-20 06:00:00,14,5,9
2015-01-20 07:00:00,20,12,8
2015-01-20 08:00:00,75,45,30
2015-01-20 09:00:00,38,19,19
2015-01-20 10:00:00,50,25,25
2015-01-20 11:00:00,33,16,17
2015-01-20 12:00:00,22,15,7
2015-01-20 13:00:00,15,6,9
2015-01-20 14:00:00,25,14,11
2015-01-20 15:00:00,22,12,10
2015-01-20 16:00:00,24,12,12
2015-01-20 17:00:00,5,1,4
2015-01-20 18:00:00,5,2,3
2015-01-20 19:00:00,5,3,2
2015-01-20 20:00:00,3,1,2
2015-01-20 21:00:00,2,1,1
2015-01-20 22:00:00,2,1,1
2015-01-20 23:00:00,0,0,0
2015-01-21 00:00:00,0,0,0
2015-01-21 01:00:00,0,0,0
2015-01-21 02:00:00,0,0,0
2015-01-21 03:00:00,0,0,0
2015-01-21 04:00:00,3,2,1
2015-01-21 05:00:00,7,3,4
2015-01-21 06:00:00,12,6,6
2015-01-21 07:00:00,73,38,35
2015-01-21 08:00:00,117,68,49
2015-01-21 09:00:00,122,64,58
2015-01-21 10:00:00,52,27,25
2015-01-21 11:00:00,109,61,48
2015-01-21 12:00:00,20,6,14
2015-01-21 13:00:00,17,8,9
2015-01-21 14:00:00,15,9,6
2015-01-21 15:00:00,42,17,25
2015-01-21 16:00:00,14,9,5
2015-01-21 17:00:00,12,5,7
2015-01-21 18:00:00,6,2,4
2015-01-21 19:00:00,3,2,1
2015-01-21 20:00:00,1,0,1
2015-01-21 21:00:00,3,2,1
2015-01-21 22:00:00,2,1,1
2015-01-21 23:00:00,0,0,0
2015-01-22 00:00:00,0,0,0
2015-01-22 01:00:00,0,0,0
2015-01-22 02:00:00,0,0,0
2015-01-22 03:00:00,0,0,0
2015-01-22 04:00:00,3,1,2
2015-01-22 05:00:00,7,4,3
2015-01-22 06:00:00,14,6,8
2015-01-22 07:00:00,16,11,5
2015-01-22 08:00:00,120,67,53
2015-01-22 09:00:00,17,8,9
2015-01-22 10:00:00,7,4,3
2015-01-22 11:00:00,20,9,11
2015-01-22 12:00:00,11,6,5
2015-01-22 13:00:00,25,9,16
2015-01-22 14:00:00,20,13,7
2015-01-22 15:00:00,34,17,17
2015-01-22 16:00:00,24,13,11
2015-01-22 17:00:00,3,2,1
2015-01-22 18:00:00,0,0,0
2015-01-22 19:00:00,1,1,0
2015-01-22 20:00:00,0,0,0
2015-01-22 21:00:00,0,0,0
2015-01-22 22:00:00,4,2,2
2015-01-22 23:00:00,0,0,0
2015-01-23 00:00:00,0,0,0
2015-01-23 01:00:00,0,0,0
2015-01-23 02:00:00,0,0,0
2015-01-23 03:00:00,0,0,0
2015-01-23 04:00:00,1,1,0
2015-01-23 05:00:00,7,2,5
2015-01-23 06:00:00,12,6,6
2015-01-23 07:00:00,40,19,21
2015-01-23 08:00:00,32,14,18
2015-01-23 09:00:00,36,22,14
2015-01-23 10:00:00,40,21,19
2015-01-23 11:00:00,31,19,12
2015-01-23 12:00:00,16,9,7
2015-01-23 13:00:00,15,9,6
2015-01-23 14:00:00,12,5,7
2015-01-23 15:00:00,20,11,9
2015-01-23 16:00:00,26,11,15
2015-01-23 17:00:00,9,5,4
2015-01-23 18:00:00,2,1,1
2015-01-23 19:00:00,1,1,0
2015-01-23 20:00:00,2,0,2
2015-01-23 21:00:00,0,0,0
2015-01-23 22:00:00,0,0,0
2015-01-23 23:00:00,0,0,0
2015-01-24 00:00:00,2,1,1
2015-01-24 01:00:00,0,0,0
2015-01-24 02:00:00,0,0,0
2015-01-24 03:00:00,1,0,1
2015-01-24 04:00:00,2,1,1
2015-01-24 05:00:00,0,0,0
2015-01-24 06:00:00,6,1,5
2015-01-24 07:00:00,28,15,13
2015-01-24 08:00:00,44,25,19
2015-01-24 09:00:00,43,21,22
2015-01-24 10:00:00,46,27,19
2015-01-24 11:00:00,34,16,18
2015-01-24 12:00:00,35,18,17
2015-01-24 13:00:00,38,17,21
2015-01-24 14:00:00,35,18,17
2015-01-24 15:00:00,40,20,20
2015-01-24 16:00:00,31,22,9
2015-01-24 17:00:00,3,1,2
2015-01-24 18:00:00,2,1,1
2015-01-24 19:00:00,3,1,2
2015-01-24 20:00:00,3,1,2
2015-01-24 21:00:00,0,0,0
2015-01-24 22:00:00,1,1,0
2015-01-24 23:00:00,0,0,0
2015-01-25 00:00:00,0,0,0
2015-01-25 01:00:00,1,1,0
2015-01-25 02:00:00,0,0,0
2015-01-25 03:00:00,0,0,0
2015-01-25 04:00:00,0,0,0
2015-01-25 05:00:00,2,1,1
2015-01-25 06:00:00,6,3,3
2015-01-25 07:00:00,26,8,18
2015-01-25 08:00:00,58,32,26
2015-01-25 09:00:00,76,39,37
2015-01-25 10:00:00,57,29,28
2015-01-25 11:00:00,47,22,25
2015-01-25 12:00:00,55,27,28
2015-01-25 13:00:00,82,44,38
2015-01-25 14:00:00,72,43,29
2015-01-25 15:00:00,59,34,25
2015-01-25 16:00:00,18,13,5
2015-01-25 17:00:00,10,7,3
2015-01-25 18:00:00,0,0,0
2015-01-25 19:00:00,5,3,2
2015-01-25 20:00:00,1,0,1
2015-01-25 21:00:00,0,0,0
2015-01-25 22:00:00,0,0,0
2015-01-25 23:00:00,0,0,0
2015-01-26 00:00:00,2,1,1
2015-01-26 01:00:00,0,0,0
2015-01-26 02:00:00,0,0,0
2015-01-26 03:00:00,0,0,0
2015-01-26 04:00:00,2,2,0
2015-01-26 05:00:00,4,1,3
2015-01-26 06:00:00,14,8,6
2015-01-26 07:00:00,57,30,27
2015-01-26 08:00:00,55,30,25
2015-01-26 09:00:00,26,16,10
2015-01-26 10:00:00,33,21,12
2015-01-26 11:00:00,92,50,42
2015-01-26 12:00:00,34,17,17
2015-01-26 13:00:00,27,14,13
2015-01-26 14:00:00,29,14,15
2015-01-26 15:00:00,43,21,22
2015-01-26 16:00:00,36,18,18
2015-01-26 17:00:00,9,5,4
2015-01-26 18:00:00,3,2,1
2015-01-26 19:00:00,1,0,1
2015-01-26 20:00:00,3,1,2
2015-01-26 21:00:00,2,2,0
2015-01-26 22:00:00,0,0,0
2015-01-26 23:00:00,0,0,0
2015-01-27 00:00:00,0,0,0
2015-01-27 01:00:00,0,0,0
2015-01-27 02:00:00,0,0,0
2015-01-27 03:00:00,0,0,0
2015-01-27 04:00:00,2,1,1
2015-01-27 05:00:00,8,5,3
2015-01-27 06:00:00,14,5,9
2015-01-27 07:00:00,30,14,16
2015-01-27 08:00:00,19,11,8
2015-01-27 09:00:00,23,13,10
2015-01-27 10:00:00,13,8,5
2015-01-27 11:00:00,10,4,6
2015-01-27 12:00:00,10,3,7
2015-01-27 13:00:00,18,10,8
2015-01-27 14:00:00,22,14,8
2015-01-27 15:00:00,29,12,17
2015-01-27 16:00:00,19,12,7
2015-01-27 17:00:00,7,3,4
2015-01-27 18:00:00,2,0,2
2015-01-27 19:00:00,1,1,0
2015-01-27 20:00:00,5,2,3
2015-01-27 21:00:00,3,1,2
2015-01-27 22:00:00,3,2,1
2015-01-27 23:00:00,0,0,0
2015-01-28 00:00:00,0,0,0
2015-01-28 01:00:00,0,0,0
2015-01-28 02:00:00,0,0,0
2015-01-28 03:00:00,0,0,0
2015-01-28 04:00:00,7,3,4
2015-01-28 05:00:00,11,7,4
2015-01-28 06:00:00,13,7,6
2015-01-28 07:00:00,59,32,27
2015-01-28 08:00:00,50,27,23
2015-01-28 09:00:00,41,22,19
2015-01-28 10:00:00,58,27,31
2015-01-28 11:00:00,31,17,14
2015-01-28 12:00:00,28,18,10
2015-01-28 13:00:00,22,13,9
2015-01-28 14:00:00,33,16,17
2015-01-28 15:00:00,38,18,20
2015-01-28 16:00:00,21,9,12
2015-01-28 17:00:00,11,4,7
2015-01-28 18:00:00,8,5,3
2015-01-28 19:00:00,1,1,0
2015-01-28 20:00:00,0,0,0
2015-01-28 21:00:00,3,1,2
2015-01-28 22:00:00,3,2,1
2015-01-28 23:00:00,0,0,0
2015-01-29 00:00:00,0,0,0
2015-01-29 01:00:00,0,0,0
2015-01-29 02:00:00,0,0,0
2015-01-29 03:00:00,0,0,0
2015-01-29 04:00:00,3,1,2
2015-01-29 05:00:00,11,7,4
2015-01-29 06:00:00,8,3,5
2015-01-29 07:00:00,13,7,6
2015-01-29 08:00:00,8,5,3
2015-01-29 09:00:00,21,8,13
2015-01-29 10:00:00,36,24,12
2015-01-29 11:00:00,27,13,14
2015-01-29 12:00:00,30,11,19
2015-01-29 13:00:00,23,11,12
2015-01-29 14:00:00,29,15,14
2015-01-29 15:00:00,32,17,15
2015-01-29 16:00:00,32,19,13
2015-01-29 17:00:00,13,5,8
2015-01-29 18:00:00,5,3,2
2015-01-29 19:00:00,0,0,0
2015-01-29 20:00:00,1,0,1
2015-01-29 21:00:00,0,0,0
2015-01-29 22:00:00,2,1,1
2015-01-29 23:00:00,1,1,0
2015-01-30 00:00:00,1,0,1
2015-01-30 01:00:00,1,1,0
2015-01-30 02:00:00,0,0,0
2015-01-30 03:00:00,0,0,0
2015-01-30 04:00:00,1,1,0
2015-01-30 05:00:00,2,1,1
2015-01-30 06:00:00,19,7,12
2015-01-30 07:00:00,8,5,3
2015-01-30 08:00:00,12,5,7
2015-01-30 09:00:00,19,9,10
2015-01-30 10:00:00,29,19,10
2015-01-30 11:00:00,16,9,7
2015-01-30 12:00:00,25,14,11
2015-01-30 13:00:00,19,9,10
2015-01-30 14:00:00,22,10,12
2015-01-30 15:00:00,27,10,17
2015-01-30 16:00:00,21,13,8
2015-01-30 17:00:00,10,5,5
2015-01-30 18:00:00,4,2,2
2015-01-30 19:00:00,5,4,1
2015-01-30 20:00:00,2,1,1
2015-01-30 21:00:00,0,0,0
2015-01-30 22:00:00,1,1,0
2015-01-30 23:00:00,2,1,1
2015-01-31 00:00:00,0,0,0
2015-01-31 01:00:00,0,0,0
2015-01-31 02:00:00,0,0,0
2015-01-31 03:00:00,0,0,0
2015-01-31 04:00:00,0,0,0
2015-01-31 05:00:00,3,1,2
2015-01-31 06:00:00,7,5,2
2015-01-31 07:00:00,43,17,26
2015-01-31 08:00:00,89,53,36
2015-01-31 09:00:00,142,70,72
2015-01-31 10:00:00,118,58,60
2015-01-31 11:00:00,195,122,73
2015-01-31 12:00:00,79,42,37
2015-01-31 13:00:00,43,20,23
2015-01-31 14:00:00,67,37,30
2015-01-31 15:00:00,22,9,13
2015-01-31 16:00:00,13,10,3
2015-01-31 17:00:00,5,3,2
2015-01-31 18:00:00,1,0,1
2015-01-31 19:00:00,0,0,0
2015-01-31 20:00:00,0,0,0
2015-01-31 21:00:00,3,2,1
2015-01-31 22:00:00,1,1,0
2015-01-31 23:00:00,2,1,1
2015-02-01 00:00:00,0,0,0
2015-02-01 01:00:00,0,0,0
2015-02-01 02:00:00,0,0,0
2015-02-01 03:00:00,0,0,0
2015-02-01 04:00:00,0,0,0
2015-02-01 05:00:00,1,0,1
2015-02-01 06:00:00,5,4,1
2015-02-01 07:00:00,41,18,23
2015-02-01 08:00:00,49,23,26
2015-02-01 09:00:00,64,32,32
2015-02-01 10:00:00,49,28,21
2015-02-01 11:00:00,46,23,23
2015-02-01 12:00:00,37,18,19
2015-02-01 13:00:00,41,20,21
2015-02-01 14:00:00,21,15,6
2015-02-01 15:00:00,10,4,6
2015-02-01 16:00:00,8,5,3
2015-02-01 17:00:00,0,0,0
2015-02-01 18:00:00,5,4,1
2015-02-01 19:00:00,10,3,7
2015-02-01 20:00:00,6,3,3
2015-02-01 21:00:00,4,2,2
2015-02-01 22:00:00,0,0,0
2015-02-01 23:00:00,0,0,0
2015-02-02 00:00:00,0,0,0
2015-02-02 01:00:00,0,0,0
2015-02-02 02:00:00,0,0,0
2015-02-02 03:00:00,0,0,0
2015-02-02 04:00:00,1,1,0
2015-02-02 05:00:00,8,3,5
2015-02-02 06:00:00,8,4,4
2015-02-02 07:00:00,9,5,4
2015-02-02 08:00:00,15,6,9
2015-02-02 09:00:00,15,7,8
2015-02-02 10:00:00,26,13,13
2015-02-02 11:00:00,31,14,17
2015-02-02 12:00:00,19,8,11
2015-02-02 13:00:00,20,9,11
2015-02-02 14:00:00,12,6,6
2015-02-02 15:00:00,26,14,12
2015-02-02 16:00:00,25,12,13
2015-02-02 17:00:00,11,6,5
2015-02-02 18:00:00,9,4,5
2015-02-02 19:00:00,3,2,1
2015-02-02 20:00:00,2,0,2
2015-02-02 21:00:00,3,2,1
2015-02-02 22:00:00,5,3,2
2015-02-02 23:00:00,0,0,0
2015-02-03 00:00:00,0,0,0
2015-02-03 01:00:00,0,0,0
2015-02-03 02:00:00,0,0,0
2015-02-03 03:00:00,0,0,0
2015-02-03 04:00:00,3,2,1
2015-02-03 05:00:00,9,4,5
2015-02-03 06:00:00,13,5,8
2015-02-03 07:00:00,18,10,8
2015-02-03 08:00:00,27,14,13
2015-02-03 09:00:00,22,9,13
2015-02-03 10:00:00,27,14,13
2015-02-03 11:00:00,0,0,0
2015-02-03 12:00:00,21,13,8
2015-02-03 13:00:00,13,7,6
2015-02-03 14:00:00,18,10,8
2015-02-03 15:00:00,16,6,10
2015-02-03 16:00:00,28,14,14
2015-02-03 17:00:00,28,11,17
2015-02-03 18:00:00,9,5,4
2015-02-03 19:00:00,7,3,4
2015-02-03 20:00:00,8,5,3
2015-02-03 21:00:00,1,0,1
2015-02-03 22:00:00,1,1,0
2015-02-03 23:00:00,2,1,1
2015-02-04 00:00:00,1,0,1
2015-02-04 01:00:00,1,1,0
2015-02-04 02:00:00,0,0,0
2015-02-04 03:00:00,0,0,0
2015-02-04 04:00:00,0,0,0
2015-02-04 05:00:00,2,1,1
2015-02-04 06:00:00,12,6,6
2015-02-04 07:00:00,18,9,9
2015-02-04 08:00:00,17,9,8
2015-02-04 09:00:00,20,11,9
2015-02-04 10:00:00,21,6,15
2015-02-04 11:00:00,13,10,3
2015-02-04 12:00:00,28,17,11
2015-02-04 13:00:00,18,9,9
2015-02-04 14:00:00,10,6,4
2015-02-04 15:00:00,18,6,12
2015-02-04 16:00:00,22,12,10
2015-02-04 17:00:00,31,17,14
2015-02-04 18:00:00,8,2,6
2015-02-04 19:00:00,1,0,1
2015-02-04 20:00:00,2,1,1
2015-02-04 21:00:00,6,3,3
2015-02-04 22:00:00,3,1,2
2015-02-04 23:00:00,3,2,1
2015-02-05 00:00:00,0,0,0
2015-02-05 01:00:00,0,0,0
2015-02-05 02:00:00,0,0,0
2015-02-05 03:00:00,0,0,0
2015-02-05 04:00:00,0,0,0
2015-02-05 05:00:00,2,1,1
2015-02-05 06:00:00,5,3,2
2015-02-05 07:00:00,8,5,3
2015-02-05 08:00:00,15,8,7
2015-02-05 09:00:00,8,5,3
2015-02-05 10:00:00,20,10,10
2015-02-05 11:00:00,18,9,9
2015-02-05 12:00:00,13,7,6
2015-02-05 13:00:00,16,6,10
2015-02-05 14:00:00,13,5,8
2015-02-05 15:00:00,17,7,10
2015-02-05 16:00:00,20,8,12
2015-02-05 17:00:00,22,11,11
2015-02-05 18:00:00,11,7,4
2015-02-05 19:00:00,11,5,6
2015-02-05 20:00:00,3,2,1
2015-02-05 21:00:00,2,0,2
2015-02-05 22:00:00,2,1,1
2015-02-05 23:00:00,2,1,1
2015-02-06 00:00:00,0,0,0
2015-02-06 01:00:00,0,0,0
2015-02-06 02:00:00,0,0,0
2015-02-06 03:00:00,0,0,0
2015-02-06 04:00:00,0,0,0
2015-02-06 05:00:00,1,1,0
2015-02-06 06:00:00,10,4,6
2015-02-06 07:00:00,7,3,4
2015-02-06 08:00:00,16,9,7
2015-02-06 09:00:00,21,9,12
2015-02-06 10:00:00,41,23,18
2015-02-06 11:00:00,23,15,8
2015-02-06 12:00:00,14,9,5
2015-02-06 13:00:00,10,4,6
2015-02-06 14:00:00,7,4,3
2015-02-06 15:00:00,16,8,8
2015-02-06 16:00:00,41,22,19
2015-02-06 17:00:00,23,12,11
2015-02-06 18:00:00,11,4,7
2015-02-06 19:00:00,4,1,3
2015-02-06 20:00:00,1,0,1
2015-02-06 21:00:00,2,1,1
2015-02-06 22:00:00,1,1,0
2015-02-06 23:00:00,0,0,0
2015-02-07 00:00:00,0,0,0
2015-02-07 01:00:00,0,0,0
2015-02-07 02:00:00,0,0,0
2015-02-07 03:00:00,0,0,0
2015-02-07 04:00:00,0,0,0
2015-02-07 05:00:00,0,0,0
2015-02-07 06:00:00,3,1,2
2015-02-07 07:00:00,3,1,2
2015-02-07 08:00:00,26,13,13
2015-02-07 09:00:00,21,8,13
2015-02-07 10:00:00,48,21,27
2015-02-07 11:00:00,51,29,22
2015-02-07 12:00:00,39,17,22
2015-02-07 13:00:00,44,24,20
2015-02-07 14:00:00,32,20,12
2015-02-07 15:00:00,31,15,16
2015-02-07 16:00:00,20,9,11
2015-02-07 17:00:00,25,11,14
2015-02-07 18:00:00,4,1,3
2015-02-07 19:00:00,1,1,0
2015-02-07 20:00:00,2,1,1
2015-02-07 21:00:00,2,2,0
2015-02-07 22:00:00,0,0,0
2015-02-07 23:00:00,1,0,1
2015-02-08 00:00:00,0,0,0
2015-02-08 01:00:00,0,0,0
2015-02-08 02:00:00,0,0,0
2015-02-08 03:00:00,0,0,0
2015-02-08 04:00:00,0,0,0
2015-02-08 05:00:00,0,0,0
2015-02-08 06:00:00,1,0,1
2015-02-08 07:00:00,3,1,2
2015-02-08 08:00:00,25,10,15
2015-02-08 09:00:00,44,22,22
2015-02-08 10:00:00,84,51,33
2015-02-08 11:00:00,76,39,37
2015-02-08 12:00:00,51,26,25
2015-02-08 13:00:00,60,32,28
2015-02-08 14:00:00,44,24,20
2015-02-08 15:00:00,43,22,21
2015-02-08 16:00:00,45,24,21
2015-02-08 17:00:00,27,14,13
2015-02-08 18:00:00,7,5,2
2015-02-08 19:00:00,3,2,1
2015-02-08 20:00:00,0,0,0
2015-02-08 21:00:00,1,1,0
2015-02-08 22:00:00,2,1,1
2015-02-08 23:00:00,0,0,0
2015-02-09 00:00:00,2,1,1
2015-02-09 01:00:00,1,1,0
2015-02-09 02:00:00,0,0,0
2015-02-09 03:00:00,0,0,0
2015-02-09 04:00:00,0,0,0
2015-02-09 05:00:00,1,1,0
2015-02-09 06:00:00,4,2,2
2015-02-09 07:00:00,13,6,7
2015-02-09 08:00:00,14,7,7
2015-02-09 09:00:00,37,15,22
2015-02-09 10:00:00,24,12,12
2015-02-09 11:00:00,14,9,5
2015-02-09 12:00:00,15,10,5
2015-02-09 13:00:00,22,10,12
2015-02-09 14:00:00,15,6,9
2015-02-09 15:00:00,20,8,12
2015-02-09 16:00:00,33,17,16
2015-02-09 17:00:00,22,12,10
2015-02-09 18:00:00,7,1,6
2015-02-09 19:00:00,5,4,1
2015-02-09 20:00:00,4,1,3
2015-02-09 21:00:00,6,4,2
2015-02-09 22:00:00,2,1,1
2015-02-09 23:00:00,2,1,1
2015-02-10 00:00:00,2,2,0
2015-02-10 01:00:00,0,0,0
2015-02-10 02:00:00,0,0,0
2015-02-10 03:00:00,0,0,0
2015-02-10 04:00:00,0,0,0
2015-02-10 05:00:00,1,1,0
2015-02-10 06:00:00,7,4,3
2015-02-10 07:00:00,9,4,5
2015-02-10 08:00:00,15,8,7
2015-02-10 09:00:00,28,12,16
2015-02-10 10:00:00,17,11,6
2015-02-10 11:00:00,16,8,8
2015-02-10 12:00:00,18,9,9
2015-02-10 13:00:00,29,18,11
2015-02-10 14:00:00,22,9,13
2015-02-10 15:00:00,15,7,8
2015-02-10 16:00:00,20,13,7
2015-02-10 17:00:00,42,18,24
2015-02-10 18:00:00,20,12,8
2015-02-10 19:00:00,9,5,4
2015-02-10 20:00:00,3,2,1
2015-02-10 21:00:00,4,2,2
2015-02-10 22:00:00,3,3,0
2015-02-10 23:00:00,2,2,0
2015-02-11 00:00:00,1,0,1
2015-02-11 01:00:00,0,0,0
2015-02-11 02:00:00,3,3,0
2015-02-11 03:00:00,0,0,0
2015-02-11 04:00:00,0,0,0
2015-02-11 05:00:00,1,1,0
2015-02-11 06:00:00,6,3,3
2015-02-11 07:00:00,14,7,7
2015-02-11 08:00:00,28,11,17
2015-02-11 09:00:00,25,13,12
2015-02-11 10:00:00,30,14,16
2015-02-11 11:00:00,22,12,10
2015-02-11 12:00:00,27,18,9
2015-02-11 13:00:00,17,8,9
2015-02-11 14:00:00,12,7,5
2015-02-11 15:00:00,22,10,12
2015-02-11 16:00:00,42,16,26
2015-02-11 17:00:00,29,18,11
2015-02-11 18:00:00,17,8,9
2015-02-11 19:00:00,2,1,1
2015-02-11 20:00:00,4,0,4
2015-02-11 21:00:00,3,2,1
2015-02-11 22:00:00,3,3,0
2015-02-11 23:00:00,7,3,4
2015-02-12 00:00:00,1,1,0
2015-02-12 01:00:00,0,0,0
2015-02-12 02:00:00,0,0,0
2015-02-12 03:00:00,0,0,0
2015-02-12 04:00:00,1,1,0
2015-02-12 05:00:00,2,1,1
2015-02-12 06:00:00,9,5,4
2015-02-12 07:00:00,12,6,6
2015-02-12 08:00:00,17,9,8
2015-02-12 09:00:00,20,11,9
2015-02-12 10:00:00,23,13,10
2015-02-12 11:00:00,19,7,12
2015-02-12 12:00:00,25,18,7
2015-02-12 13:00:00,18,8,10
2015-02-12 14:00:00,26,12,14
2015-02-12 15:00:00,24,12,12
2015-02-12 16:00:00,28,16,12
2015-02-12 17:00:00,53,22,31
2015-02-12 18:00:00,20,14,6
2015-02-12 19:00:00,6,2,4
2015-02-12 20:00:00,8,4,4
2015-02-12 21:00:00,2,1,1
2015-02-12 22:00:00,3,2,1
2015-02-12 23:00:00,10,4,6
2015-02-13 00:00:00,1,1,0
2015-02-13 01:00:00,0,0,0
2015-02-13 02:00:00,0,0,0
2015-02-13 03:00:00,0,0,0
2015-02-13 04:00:00,0,0,0
2015-02-13 05:00:00,2,1,1
2015-02-13 06:00:00,6,2,4
2015-02-13 07:00:00,15,6,9
2015-02-13 08:00:00,25,14,11
2015-02-13 09:00:00,25,10,15
2015-02-13 10:00:00,29,15,14
2015-02-13 11:00:00,13,7,6
2015-02-13 12:00:00,35,21,14
2015-02-13 13:00:00,27,15,12
2015-02-13 14:00:00,28,15,13
2015-02-13 15:00:00,19,12,7
2015-02-13 16:00:00,21,8,13
2015-02-13 17:00:00,36,17,19
2015-02-13 18:00:00,12,6,6
2015-02-13 19:00:00,6,2,4
2015-02-13 20:00:00,3,2,1
2015-02-13 21:00:00,3,1,2
2015-02-13 22:00:00,2,2,0
2015-02-13 23:00:00,0,0,0
2015-02-14 00:00:00,0,0,0
2015-02-14 01:00:00,0,0,0
2015-02-14 02:00:00,1,1,0
2015-02-14 03:00:00,0,0,0
2015-02-14 04:00:00,0,0,0
2015-02-14 05:00:00,2,1,1
2015-02-14 06:00:00,0,0,0
2015-02-14 07:00:00,9,5,4
2015-02-14 08:00:00,33,13,20
2015-02-14 09:00:00,115,52,63
2015-02-14 10:00:00,49,21,28
2015-02-14 11:00:00,51,25,26
2015-02-14 12:00:00,60,37,23
2015-02-14 13:00:00,56,34,22
2015-02-14 14:00:00,43,22,21
2015-02-14 15:00:00,53,27,26
2015-02-14 16:00:00,43,24,19
2015-02-14 17:00:00,33,17,16
2015-02-14 18:00:00,7,5,2
2015-02-14 19:00:00,2,1,1
2015-02-14 20:00:00,0,0,0
2015-02-14 21:00:00,2,0,2
2015-02-14 22:00:00,2,2,0
2015-02-14 23:00:00,2,1,1
2015-02-15 00:00:00,0,0,0
2015-02-15 01:00:00,0,0,0
2015-02-15 02:00:00,0,0,0
2015-02-15 03:00:00,0,0,0
2015-02-15 04:00:00,0,0,0
2015-02-15 05:00:00,0,0,0
2015-02-15 06:00:00,1,1,0
2015-02-15 07:00:00,6,3,3
2015-02-15 08:00:00,28,14,14
2015-02-15 09:00:00,58,28,30
2015-02-15 10:00:00,56,35,21
2015-02-15 11:00:00,40,21,19
2015-02-15 12:00:00,57,28,29
2015-02-15 13:00:00,58,28,30
2015-02-15 14:00:00,55,38,17
2015-02-15 15:00:00,53,32,21
2015-02-15 16:00:00,52,30,22
2015-02-15 17:00:00,21,11,10
2015-02-15 18:00:00,9,7,2
2015-02-15 19:00:00,2,1,1
2015-02-15 20:00:00,0,0,0
2015-02-15 21:00:00,0,0,0
2015-02-15 22:00:00,1,0,1
2015-02-15 23:00:00,2,1,1
2015-02-16 00:00:00,2,1,1
2015-02-16 01:00:00,0,0,0
2015-02-16 02:00:00,0,0,0
2015-02-16 03:00:00,0,0,0
2015-02-16 04:00:00,0,0,0
2015-02-16 05:00:00,0,0,0
2015-02-16 06:00:00,8,4,4
2015-02-16 07:00:00,6,2,4
2015-02-16 08:00:00,19,10,9
2015-02-16 09:00:00,34,18,16
2015-02-16 10:00:00,30,14,16
2015-02-16 11:00:00,40,20,20
2015-02-16 12:00:00,53,24,29
2015-02-16 13:00:00,37,20,17
2015-02-16 14:00:00,45,29,16
2015-02-16 15:00:00,47,30,17
2015-02-16 16:00:00,46,26,20
2015-02-16 17:00:00,30,17,13
2015-02-16 18:00:00,10,6,4
2015-02-16 19:00:00,0,0,0
2015-02-16 20:00:00,5,4,1
2015-02-16 21:00:00,1,0,1
2015-02-16 22:00:00,5,5,0
2015-02-16 23:00:00,3,2,1
2015-02-17 00:00:00,0,0,0
2015-02-17 01:00:00,0,0,0
2015-02-17 02:00:00,0,0,0
2015-02-17 03:00:00,0,0,0
2015-02-17 04:00:00,1,0,1
2015-02-17 05:00:00,3,2,1
2015-02-17 06:00:00,4,3,1
2015-02-17 07:00:00,8,2,6
2015-02-17 08:00:00,26,15,11
2015-02-17 09:00:00,59,24,35
2015-02-17 10:00:00,31,13,18
2015-02-17 11:00:00,39,25,14
2015-02-17 12:00:00,48,30,18
2015-02-17 13:00:00,23,12,11
2015-02-17 14:00:00,31,19,12
2015-02-17 15:00:00,35,18,17
2015-02-17 16:00:00,27,15,12
2015-02-17 17:00:00,40,18,22
2015-02-17 18:00:00,32,15,17
2015-02-17 19:00:00,6,2,4
2015-02-17 20:00:00,3,3,0
2015-02-17 21:00:00,0,0,0
2015-02-17 22:00:00,2,1,1
2015-02-17 23:00:00,2,1,1
2015-02-18 00:00:00,1,1,0
2015-02-18 01:00:00,0,0,0
2015-02-18 02:00:00,0,0,0
2015-02-18 03:00:00,0,0,0
2015-02-18 04:00:00,0,0,0
2015-02-18 05:00:00,2,1,1
2015-02-18 06:00:00,7,2,5
2015-02-18 07:00:00,23,13,10
2015-02-18 08:00:00,17,9,8
2015-02-18 09:00:00,21,13,8
2015-02-18 10:00:00,28,13,15
2015-02-18 11:00:00,22,9,13
2015-02-18 12:00:00,19,9,10
2015-02-18 13:00:00,17,9,8
2015-02-18 14:00:00,15,8,7
2015-02-18 15:00:00,22,12,10
2015-02-18 16:00:00,50,21,29
2015-02-18 17:00:00,42,20,22
2015-02-18 18:00:00,16,9,7
2015-02-18 19:00:00,3,1,2
2015-02-18 20:00:00,6,4,2
2015-02-18 21:00:00,2,1,1
2015-02-18 22:00:00,5,3,2
2015-02-18 23:00:00,1,1,0
2015-02-19 00:00:00,2,2,0
2015-02-19 01:00:00,0,0,0
2015-02-19 02:00:00,2,1,1
2015-02-19 03:00:00,0,0,0
2015-02-19 04:00:00,0,0,0
2015-02-19 05:00:00,0,0,0
2015-02-19 06:00:00,8,5,3
2015-02-19 07:00:00,16,6,10
2015-02-19 08:00:00,19,10,9
2015-02-19 09:00:00,14,7,7
2015-02-19 10:00:00,23,10,13
2015-02-19 11:00:00,23,11,12
2015-02-19 12:00:00,22,11,11
2015-02-19 13:00:00,16,12,4
2015-02-19 14:00:00,6,3,3
2015-02-19 15:00:00,17,10,7
2015-02-19 16:00:00,15,6,9
2015-02-19 17:00:00,38,19,19
2015-02-19 18:00:00,14,8,6
2015-02-19 19:00:00,2,1,1
2015-02-19 20:00:00,3,1,2
2015-02-19 21:00:00,4,2,2
2015-02-19 22:00:00,0,0,0
2015-02-19 23:00:00,0,0,0
2015-02-20 00:00:00,0,0,0
2015-02-20 01:00:00,0,0,0
2015-02-20 02:00:00,0,0,0
2015-02-20 03:00:00,0,0,0
2015-02-20 04:00:00,0,0,0
2015-02-20 05:00:00,4,2,2
2015-02-20 06:00:00,6,3,3
2015-02-20 07:00:00,16,7,9
2015-02-20 08:00:00,23,15,8
2015-02-20 09:00:00,19,11,8
2015-02-20 10:00:00,20,8,12
2015-02-20 11:00:00,25,11,14
2015-02-20 12:00:00,28,14,14
2015-02-20 13:00:00,9,6,3
2015-02-20 14:00:00,27,13,14
2015-02-20 15:00:00,23,12,11
2015-02-20 16:00:00,31,14,17
2015-02-20 17:00:00,30,12,18
2015-02-20 18:00:00,18,11,7
2015-02-20 19:00:00,3,1,2
2015-02-20 20:00:00,1,1,0
2015-02-20 21:00:00,4,2,2
2015-02-20 22:00:00,0,0,0
2015-02-20 23:00:00,0,0,0
2015-02-21 00:00:00,0,0,0
2015-02-21 01:00:00,1,0,1
2015-02-21 02:00:00,0,0,0
2015-02-21 03:00:00,0,0,0
2015-02-21 04:00:00,0,0,0
2015-02-21 05:00:00,0,0,0
2015-02-21 06:00:00,5,2,3
2015-02-21 07:00:00,12,4,8
2015-02-21 08:00:00,41,13,28
2015-02-21 09:00:00,46,26,20
2015-02-21 10:00:00,68,36,32
2015-02-21 11:00:00,57,33,24
2015-02-21 12:00:00,61,24,37
2015-02-21 13:00:00,61,27,34
2015-02-21 14:00:00,62,30,32
2015-02-21 15:00:00,63,28,35
2015-02-21 16:00:00,59,33,26
2015-02-21 17:00:00,37,21,16
2015-02-21 18:00:00,13,5,8
2015-02-21 19:00:00,6,4,2
2015-02-21 20:00:00,3,1,2
2015-02-21 21:00:00,1,1,0
2015-02-21 22:00:00,0,0,0
2015-02-21 23:00:00,0,0,0
2015-02-22 00:00:00,0,0,0
2015-02-22 01:00:00,0,0,0
2015-02-22 02:00:00,0,0,0
2015-02-22 03:00:00,0,0,0
2015-02-22 04:00:00,0,0,0
2015-02-22 05:00:00,0,0,0
2015-02-22 06:00:00,0,0,0
2015-02-22 07:00:00,14,5,9
2015-02-22 08:00:00,18,9,9
2015-02-22 09:00:00,45,26,19
2015-02-22 10:00:00,62,31,31
2015-02-22 11:00:00,66,30,36
2015-02-22 12:00:00,54,31,23
2015-02-22 13:00:00,56,28,28
2015-02-22 14:00:00,41,24,17
2015-02-22 15:00:00,56,26,30
2015-02-22 16:00:00,63,39,24
2015-02-22 17:00:00,37,20,17
2015-02-22 18:00:00,7,6,1
2015-02-22 19:00:00,0,0,0
2015-02-22 20:00:00,7,3,4
2015-02-22 21:00:00,1,1,0
2015-02-22 22:00:00,4,3,1
2015-02-22 23:00:00,0,0,0
2015-02-23 00:00:00,0,0,0
2015-02-23 01:00:00,0,0,0
2015-02-23 02:00:00,0,0,0
2015-02-23 03:00:00,0,0,0
2015-02-23 04:00:00,0,0,0
2015-02-23 05:00:00,1,1,0
2015-02-23 06:00:00,8,3,5
2015-02-23 07:00:00,61,32,29
2015-02-23 08:00:00,9,4,5
2015-02-23 09:00:00,18,9,9
2015-02-23 10:00:00,24,13,11
2015-02-23 11:00:00,19,11,8
2015-02-23 12:00:00,53,24,29
2015-02-23 13:00:00,27,13,14
2015-02-23 14:00:00,90,75,15
2015-02-23 15:00:00,36,25,11
2015-02-23 16:00:00,38,16,22
2015-02-23 17:00:00,26,14,12
2015-02-23 18:00:00,17,9,8
2015-02-23 19:00:00,1,0,1
2015-02-23 20:00:00,1,0,1
2015-02-23 21:00:00,2,0,2
2015-02-23 22:00:00,2,2,0
2015-02-23 23:00:00,4,2,2
2015-02-24 00:00:00,2,1,1
2015-02-24 01:00:00,0,0,0
2015-02-24 02:00:00,0,0,0
2015-02-24 03:00:00,0,0,0
2015-02-24 04:00:00,0,0,0
2015-02-24 05:00:00,1,1,0
2015-02-24 06:00:00,4,2,2
2015-02-24 07:00:00,12,6,6
2015-02-24 08:00:00,30,18,12
2015-02-24 09:00:00,24,14,10
2015-02-24 10:00:00,23,14,9
2015-02-24 11:00:00,31,16,15
2015-02-24 12:00:00,42,19,23
2015-02-24 13:00:00,37,23,14
2015-02-24 14:00:00,14,6,8
2015-02-24 15:00:00,21,10,11
2015-02-24 16:00:00,36,14,22
2015-02-24 17:00:00,47,19,28
2015-02-24 18:00:00,30,12,18
2015-02-24 19:00:00,9,5,4
2015-02-24 20:00:00,1,0,1
2015-02-24 21:00:00,1,0,1
2015-02-24 22:00:00,4,2,2
2015-02-24 23:00:00,5,3,2
2015-02-25 00:00:00,1,1,0
2015-02-25 01:00:00,2,1,1
2015-02-25 02:00:00,0,0,0
2015-02-25 03:00:00,0,0,0
2015-02-25 04:00:00,0,0,0
2015-02-25 05:00:00,1,1,0
2015-02-25 06:00:00,13,8,5
2015-02-25 07:00:00,27,15,12
2015-02-25 08:00:00,28,14,14
2015-02-25 09:00:00,17,10,7
2015-02-25 10:00:00,25,10,15
2015-02-25 11:00:00,32,18,14
2015-02-25 12:00:00,17,9,8
2015-02-25 13:00:00,12,6,6
2015-02-25 14:00:00,13,4,9
2015-02-25 15:00:00,15,9,6
2015-02-25 16:00:00,16,6,10
2015-02-25 17:00:00,12,7,5
2015-02-25 18:00:00,18,12,6
2015-02-25 19:00:00,4,2,2
2015-02-25 20:00:00,4,2,2
2015-02-25 21:00:00,2,0,2
2015-02-25 22:00:00,2,2,0
2015-02-25 23:00:00,1,0,1
2015-02-26 00:00:00,1,1,0
2015-02-26 01:00:00,0,0,0
2015-02-26 02:00:00,0,0,0
2015-02-26 03:00:00,0,0,0
2015-02-26 04:00:00,0,0,0
2015-02-26 05:00:00,3,3,0
2015-02-26 06:00:00,11,6,5
2015-02-26 07:00:00,19,7,12
2015-02-26 08:00:00,25,16,9
2015-02-26 09:00:00,16,5,11
2015-02-26 10:00:00,20,14,6
2015-02-26 11:00:00,20,7,13
2015-02-26 12:00:00,26,15,11
2015-02-26 13:00:00,23,12,11
2015-02-26 14:00:00,14,6,8
2015-02-26 15:00:00,25,14,11
2015-02-26 16:00:00,19,9,10
2015-02-26 17:00:00,40,23,17
2015-02-26 18:00:00,20,10,10
2015-02-26 19:00:00,0,0,0
2015-02-26 20:00:00,3,1,2
2015-02-26 21:00:00,2,1,1
2015-02-26 22:00:00,1,1,0
2015-02-26 23:00:00,1,0,1
2015-02-27 00:00:00,0,0,0
2015-02-27 01:00:00,0,0,0
2015-02-27 02:00:00,0,0,0
2015-02-27 03:00:00,0,0,0
2015-02-27 04:00:00,0,0,0
2015-02-27 05:00:00,4,3,1
2015-02-27 06:00:00,2,0,2
2015-02-27 07:00:00,6,4,2
2015-02-27 08:00:00,23,10,13
2015-02-27 09:00:00,30,15,15
2015-02-27 10:00:00,13,5,8
2015-02-27 11:00:00,14,6,8
2015-02-27 12:00:00,18,12,6
2015-02-27 13:00:00,20,10,10
2015-02-27 14:00:00,9,5,4
2015-02-27 15:00:00,20,10,10
2015-02-27 16:00:00,31,12,19
2015-02-27 17:00:00,28,13,15
2015-02-27 18:00:00,25,16,9
2015-02-27 19:00:00,6,3,3
2015-02-27 20:00:00,3,1,2
2015-02-27 21:00:00,4,2,2
2015-02-27 22:00:00,1,1,0
2015-02-27 23:00:00,0,0,0
2015-02-28 00:00:00,2,1,1
2015-02-28 01:00:00,0,0,0
2015-02-28 02:00:00,0,0,0
2015-02-28 03:00:00,0,0,0
2015-02-28 04:00:00,0,0,0
2015-02-28 05:00:00,0,0,0
2015-02-28 06:00:00,7,2,5
2015-02-28 07:00:00,16,5,11
2015-02-28 08:00:00,30,15,15
2015-02-28 09:00:00,63,30,33
2015-02-28 10:00:00,65,29,36
2015-02-28 11:00:00,52,25,27
2015-02-28 12:00:00,68,33,35
2015-02-28 13:00:00,53,28,25
2015-02-28 14:00:00,66,44,22
2015-02-28 15:00:00,57,31,26
2015-02-28 16:00:00,39,17,22
2015-02-28 17:00:00,39,23,16
2015-02-28 18:00:00,16,9,7
2015-02-28 19:00:00,5,4,1
2015-02-28 20:00:00,1,1,0
2015-02-28 21:00:00,1,0,1
2015-02-28 22:00:00,5,1,4
2015-02-28 23:00:00,1,1,0
2015-03-01 00:00:00,2,1,1
2015-03-01 01:00:00,0,0,0
2015-03-01 02:00:00,0,0,0
2015-03-01 03:00:00,0,0,0
2015-03-01 04:00:00,0,0,0
2015-03-01 05:00:00,0,0,0
2015-03-01 06:00:00,4,3,1
2015-03-01 07:00:00,7,3,4
2015-03-01 08:00:00,30,14,16
2015-03-01 09:00:00,34,15,19
2015-03-01 10:00:00,55,25,30
2015-03-01 11:00:00,65,36,29
2015-03-01 12:00:00,46,15,31
2015-03-01 13:00:00,61,32,29
2015-03-01 14:00:00,52,34,18
2015-03-01 15:00:00,52,32,20
2015-03-01 16:00:00,49,23,26
2015-03-01 17:00:00,33,18,15
2015-03-01 18:00:00,16,10,6
2015-03-01 19:00:00,4,3,1
2015-03-01 20:00:00,0,0,0
2015-03-01 21:00:00,0,0,0
2015-03-01 22:00:00,1,1,0
2015-03-01 23:00:00,3,1,2
2015-03-02 00:00:00,0,0,0
2015-03-02 01:00:00,0,0,0
2015-03-02 02:00:00,0,0,0
2015-03-02 03:00:00,0,0,0
2015-03-02 04:00:00,0,0,0
2015-03-02 05:00:00,1,1,0
2015-03-02 06:00:00,7,2,5
2015-03-02 07:00:00,15,8,7
2015-03-02 08:00:00,26,14,12
2015-03-02 09:00:00,13,4,9
2015-03-02 10:00:00,39,19,20
2015-03-02 11:00:00,29,12,17
2015-03-02 12:00:00,34,19,15
2015-03-02 13:00:00,25,14,11
2015-03-02 14:00:00,32,20,12
2015-03-02 15:00:00,24,8,16
2015-03-02 16:00:00,31,11,20
2015-03-02 17:00:00,21,12,9
2015-03-02 18:00:00,4,3,1
2015-03-02 19:00:00,4,1,3
2015-03-02 20:00:00,0,0,0
2015-03-02 21:00:00,6,4,2
2015-03-02 22:00:00,0,0,0
2015-03-02 23:00:00,0,0,0
2015-03-03 00:00:00,0,0,0
2015-03-03 01:00:00,0,0,0
2015-03-03 02:00:00,0,0,0
2015-03-03 03:00:00,0,0,0
2015-03-03 04:00:00,2,1,1
2015-03-03 05:00:00,9,4,5
2015-03-03 06:00:00,23,10,13
2015-03-03 07:00:00,17,11,6
2015-03-03 08:00:00,9,4,5
2015-03-03 09:00:00,24,10,14
2015-03-03 10:00:00,23,16,7
2015-03-03 11:00:00,30,16,14
2015-03-03 12:00:00,30,19,11
2015-03-03 13:00:00,35,22,13
2015-03-03 14:00:00,33,15,18
2015-03-03 15:00:00,34,18,16
2015-03-03 16:00:00,29,11,18
2015-03-03 17:00:00,41,22,19
2015-03-03 18:00:00,11,7,4
2015-03-03 19:00:00,7,3,4
2015-03-03 20:00:00,2,1,1
2015-03-03 21:00:00,6,4,2
2015-03-03 22:00:00,1,1,0
2015-03-03 23:00:00,2,1,1
2015-03-04 00:00:00,0,0,0
2015-03-04 01:00:00,3,2,1
2015-03-04 02:00:00,0,0,0
2015-03-04 03:00:00,0,0,0
2015-03-04 04:00:00,1,1,0
2015-03-04 05:00:00,5,1,4
2015-03-04 06:00:00,21,10,11
2015-03-04 07:00:00,20,11,9
2015-03-04 08:00:00,27,13,14
2015-03-04 09:00:00,26,14,12
2015-03-04 10:00:00,16,10,6
2015-03-04 11:00:00,28,12,16
2015-03-04 12:00:00,33,19,14
2015-03-04 13:00:00,40,24,16
2015-03-04 14:00:00,25,13,12
2015-03-04 15:00:00,23,10,13
2015-03-04 16:00:00,34,17,17
2015-03-04 17:00:00,24,12,12
2015-03-04 18:00:00,5,4,1
2015-03-04 19:00:00,0,0,0
2015-03-04 20:00:00,4,1,3
2015-03-04 21:00:00,5,3,2
2015-03-04 22:00:00,1,1,0
2015-03-04 23:00:00,1,0,1
2015-03-05 00:00:00,1,0,1
2015-03-05 01:00:00,0,0,0
2015-03-05 02:00:00,1,1,0
2015-03-05 03:00:00,0,0,0
2015-03-05 04:00:00,2,1,1
2015-03-05 05:00:00,9,4,5
2015-03-05 06:00:00,18,10,8
2015-03-05 07:00:00,10,6,4
2015-03-05 08:00:00,11,7,4
2015-03-05 09:00:00,30,14,16
2015-03-05 10:00:00,31,19,12
2015-03-05 11:00:00,24,10,14
2015-03-05 12:00:00,23,14,9
2015-03-05 13:00:00,16,11,5
2015-03-05 14:00:00,23,12,11
2015-03-05 15:00:00,24,13,11
2015-03-05 16:00:00,30,11,19
2015-03-05 17:00:00,19,9,10
2015-03-05 18:00:00,6,4,2
2015-03-05 19:00:00,2,1,1
2015-03-05 20:00:00,3,1,2
2015-03-05 21:00:00,4,3,1
2015-03-05 22:00:00,1,0,1
2015-03-05 23:00:00,2,1,1
2015-03-06 00:00:00,1,0,1
2015-03-06 01:00:00,0,0,0
2015-03-06 02:00:00,1,0,1
2015-03-06 03:00:00,0,0,0
2015-03-06 04:00:00,1,1,0
2015-03-06 05:00:00,6,2,4
2015-03-06 06:00:00,16,7,9
2015-03-06 07:00:00,28,17,11
2015-03-06 08:00:00,26,16,10
2015-03-06 09:00:00,32,14,18
2015-03-06 10:00:00,18,9,9
2015-03-06 11:00:00,27,12,15
2015-03-06 12:00:00,26,14,12
2015-03-06 13:00:00,21,12,9
2015-03-06 14:00:00,50,28,22
2015-03-06 15:00:00,35,16,19
2015-03-06 16:00:00,47,25,22
2015-03-06 17:00:00,13,5,8
2015-03-06 18:00:00,8,4,4
2015-03-06 19:00:00,0,0,0
2015-03-06 20:00:00,3,1,2
2015-03-06 21:00:00,4,3,1
2015-03-06 22:00:00,0,0,0
2015-03-06 23:00:00,0,0,0
2015-03-07 00:00:00,0,0,0
2015-03-07 01:00:00,0,0,0
2015-03-07 02:00:00,0,0,0
2015-03-07 03:00:00,0,0,0
2015-03-07 04:00:00,0,0,0
2015-03-07 05:00:00,3,1,2
2015-03-07 06:00:00,13,7,6
2015-03-07 07:00:00,53,38,15
2015-03-07 08:00:00,77,23,54
2015-03-07 09:00:00,70,36,34
2015-03-07 10:00:00,87,46,41
2015-03-07 11:00:00,62,36,26
2015-03-07 12:00:00,69,39,30
2015-03-07 13:00:00,51,30,21
2015-03-07 14:00:00,58,35,23
2015-03-07 15:00:00,48,31,17
2015-03-07 16:00:00,40,22,18
2015-03-07 17:00:00,18,7,11
2015-03-07 18:00:00,6,4,2
2015-03-07 19:00:00,3,2,1
2015-03-07 20:00:00,1,1,0
2015-03-07 21:00:00,2,1,1
2015-03-07 22:00:00,0,0,0
2015-03-07 23:00:00,0,0,0
2015-03-08 00:00:00,0,0,0
2015-03-08 01:00:00,0,0,0
2015-03-08 02:00:00,0,0,0
2015-03-08 03:00:00,0,0,0
2015-03-08 04:00:00,0,0,0
2015-03-08 05:00:00,0,0,0
2015-03-08 06:00:00,3,1,2
2015-03-08 07:00:00,10,3,7
2015-03-08 08:00:00,29,14,15
2015-03-08 09:00:00,55,24,31
2015-03-08 10:00:00,72,36,36
2015-03-08 11:00:00,78,42,36
2015-03-08 12:00:00,59,31,28
2015-03-08 13:00:00,55,26,29
2015-03-08 14:00:00,81,44,37
2015-03-08 15:00:00,69,44,25
2015-03-08 16:00:00,42,21,21
2015-03-08 17:00:00,30,17,13
2015-03-08 18:00:00,16,11,5
2015-03-08 19:00:00,6,4,2
2015-03-08 20:00:00,0,0,0
2015-03-08 21:00:00,2,1,1
2015-03-08 22:00:00,2,1,1
2015-03-08 23:00:00,0,0,0
2015-03-09 00:00:00,0,0,0
2015-03-09 01:00:00,0,0,0
2015-03-09 02:00:00,0,0,0
2015-03-09 03:00:00,0,0,0
2015-03-09 04:00:00,2,2,0
2015-03-09 05:00:00,7,3,4
2015-03-09 06:00:00,12,6,6
2015-03-09 07:00:00,11,8,3
2015-03-09 08:00:00,17,6,11
2015-03-09 09:00:00,25,13,12
2015-03-09 10:00:00,39,19,20
2015-03-09 11:00:00,36,21,15
2015-03-09 12:00:00,39,19,20
2015-03-09 13:00:00,35,18,17
2015-03-09 14:00:00,61,38,23
2015-03-09 15:00:00,44,25,19
2015-03-09 16:00:00,35,17,18
2015-03-09 17:00:00,29,17,12
2015-03-09 18:00:00,23,11,12
2015-03-09 19:00:00,1,1,0
2015-03-09 20:00:00,0,0,0
2015-03-09 21:00:00,4,2,2
2015-03-09 22:00:00,1,1,0
2015-03-09 23:00:00,0,0,0
2015-03-10 00:00:00,0,0,0
2015-03-10 01:00:00,0,0,0
2015-03-10 02:00:00,0,0,0
2015-03-10 03:00:00,0,0,0
2015-03-10 04:00:00,1,1,0
2015-03-10 05:00:00,7,2,5
2015-03-10 06:00:00,16,8,8
2015-03-10 07:00:00,21,12,9
2015-03-10 08:00:00,23,9,14
2015-03-10 09:00:00,35,18,17
2015-03-10 10:00:00,37,20,17
2015-03-10 11:00:00,32,16,16
2015-03-10 12:00:00,23,14,9
2015-03-10 13:00:00,21,11,10
2015-03-10 14:00:00,23,11,12
2015-03-10 15:00:00,33,18,15
2015-03-10 16:00:00,33,17,16
2015-03-10 17:00:00,40,17,23
2015-03-10 18:00:00,27,14,13
2015-03-10 19:00:00,1,1,0
2015-03-10 20:00:00,3,1,2
2015-03-10 21:00:00,5,3,2
2015-03-10 22:00:00,0,0,0
2015-03-10 23:00:00,0,0,0
2015-03-11 00:00:00,0,0,0
2015-03-11 01:00:00,0,0,0
2015-03-11 02:00:00,0,0,0
2015-03-11 03:00:00,0,0,0
2015-03-11 04:00:00,2,1,1
2015-03-11 05:00:00,7,2,5
2015-03-11 06:00:00,8,6,2
2015-03-11 07:00:00,13,9,4
2015-03-11 08:00:00,16,6,10
2015-03-11 09:00:00,19,11,8
2015-03-11 10:00:00,16,9,7
2015-03-11 11:00:00,14,8,6
2015-03-11 12:00:00,17,8,9
2015-03-11 13:00:00,18,10,8
2015-03-11 14:00:00,17,10,7
2015-03-11 15:00:00,22,7,15
2015-03-11 16:00:00,29,16,13
2015-03-11 17:00:00,29,15,14
2015-03-11 18:00:00,15,9,6
2015-03-11 19:00:00,5,3,2
2015-03-11 20:00:00,2,1,1
2015-03-11 21:00:00,1,1,0
2015-03-11 22:00:00,2,1,1
2015-03-11 23:00:00,0,0,0
2015-03-12 00:00:00,0,0,0
2015-03-12 01:00:00,0,0,0
2015-03-12 02:00:00,0,0,0
2015-03-12 03:00:00,0,0,0
2015-03-12 04:00:00,2,1,1
2015-03-12 05:00:00,3,2,1
2015-03-12 06:00:00,12,4,8
2015-03-12 07:00:00,26,15,11
2015-03-12 08:00:00,29,19,10
2015-03-12 09:00:00,27,14,13
2015-03-12 10:00:00,42,20,22
2015-03-12 11:00:00,30,17,13
2015-03-12 12:00:00,26,12,14
2015-03-12 13:00:00,30,13,17
2015-03-12 14:00:00,36,23,13
2015-03-12 15:00:00,29,13,16
2015-03-12 16:00:00,52,27,25
2015-03-12 17:00:00,33,14,19
2015-03-12 18:00:00,29,18,11
2015-03-12 19:00:00,1,1,0
2015-03-12 20:00:00,2,1,1
2015-03-12 21:00:00,3,2,1
2015-03-12 22:00:00,0,0,0
2015-03-12 23:00:00,0,0,0
2015-03-13 00:00:00,0,0,0
2015-03-13 01:00:00,0,0,0
2015-03-13 02:00:00,0,0,0
2015-03-13 03:00:00,0,0,0
2015-03-13 04:00:00,2,1,1
2015-03-13 05:00:00,2,2,0
2015-03-13 06:00:00,9,3,6
2015-03-13 07:00:00,24,15,9
2015-03-13 08:00:00,32,15,17
2015-03-13 09:00:00,25,10,15
2015-03-13 10:00:00,19,11,8
2015-03-13 11:00:00,22,12,10
2015-03-13 12:00:00,27,15,12
2015-03-13 13:00:00,25,8,17
2015-03-13 14:00:00,39,22,17
2015-03-13 15:00:00,40,20,20
2015-03-13 16:00:00,45,18,27
2015-03-13 17:00:00,42,24,18
2015-03-13 18:00:00,24,16,8
2015-03-13 19:00:00,3,2,1
2015-03-13 20:00:00,3,1,2
2015-03-13 21:00:00,1,1,0
2015-03-13 22:00:00,2,1,1
2015-03-13 23:00:00,0,0,0
2015-03-14 00:00:00,0,0,0
2015-03-14 01:00:00,0,0,0
2015-03-14 02:00:00,0,0,0
2015-03-14 03:00:00,0,0,0
2015-03-14 04:00:00,0,0,0
2015-03-14 05:00:00,1,0,1
2015-03-14 06:00:00,5,2,3
2015-03-14 07:00:00,13,6,7
2015-03-14 08:00:00,47,21,26
2015-03-14 09:00:00,61,30,31
2015-03-14 10:00:00,40,21,19
2015-03-14 11:00:00,35,15,20
2015-03-14 12:00:00,33,15,18
2015-03-14 13:00:00,35,20,15
2015-03-14 14:00:00,43,21,22
2015-03-14 15:00:00,42,17,25
2015-03-14 16:00:00,47,32,15
2015-03-14 17:00:00,21,10,11
2015-03-14 18:00:00,14,9,5
2015-03-14 19:00:00,3,1,2
2015-03-14 20:00:00,3,1,2
2015-03-14 21:00:00,1,1,0
2015-03-14 22:00:00,2,1,1
2015-03-14 23:00:00,0,0,0
2015-03-15 00:00:00,0,0,0
2015-03-15 01:00:00,0,0,0
2015-03-15 02:00:00,0,0,0
2015-03-15 03:00:00,0,0,0
2015-03-15 04:00:00,0,0,0
2015-03-15 05:00:00,0,0,0
2015-03-15 06:00:00,0,0,0
2015-03-15 07:00:00,5,3,2
2015-03-15 08:00:00,24,12,12
2015-03-15 09:00:00,35,17,18
2015-03-15 10:00:00,17,12,5
2015-03-15 11:00:00,18,10,8
2015-03-15 12:00:00,13,6,7
2015-03-15 13:00:00,7,3,4
2015-03-15 14:00:00,15,8,7
2015-03-15 15:00:00,16,10,6
2015-03-15 16:00:00,20,10,10
2015-03-15 17:00:00,1,1,0
2015-03-15 18:00:00,7,4,3
2015-03-15 19:00:00,4,2,2
2015-03-15 20:00:00,0,0,0
2015-03-15 21:00:00,1,0,1
2015-03-15 22:00:00,4,2,2
2015-03-15 23:00:00,0,0,0
2015-03-16 00:00:00,0,0,0
2015-03-16 01:00:00,0,0,0
2015-03-16 02:00:00,0,0,0
2015-03-16 03:00:00,0,0,0
2015-03-16 04:00:00,1,1,0
2015-03-16 05:00:00,3,0,3
2015-03-16 06:00:00,17,9,8
2015-03-16 07:00:00,23,13,10
2015-03-16 08:00:00,15,9,6
2015-03-16 09:00:00,24,10,14
2015-03-16 10:00:00,32,16,16
2015-03-16 11:00:00,22,12,10
2015-03-16 12:00:00,19,9,10
2015-03-16 13:00:00,33,16,17
2015-03-16 14:00:00,38,19,19
2015-03-16 15:00:00,37,15,22
2015-03-16 16:00:00,39,19,20
2015-03-16 17:00:00,44,25,19
2015-03-16 18:00:00,19,12,7
2015-03-16 19:00:00,8,5,3
2015-03-16 20:00:00,3,2,1
2015-03-16 21:00:00,2,1,1
2015-03-16 22:00:00,2,1,1
2015-03-16 23:00:00,0,0,0
2015-03-17 00:00:00,0,0,0
2015-03-17 01:00:00,0,0,0
2015-03-17 02:00:00,0,0,0
2015-03-17 03:00:00,0,0,0
2015-03-17 04:00:00,3,2,1
2015-03-17 05:00:00,8,5,3
2015-03-17 06:00:00,7,5,2
2015-03-17 07:00:00,19,13,6
2015-03-17 08:00:00,18,7,11
2015-03-17 09:00:00,20,10,10
2015-03-17 10:00:00,26,15,11
2015-03-17 11:00:00,21,11,10
2015-03-17 12:00:00,32,16,16
2015-03-17 13:00:00,20,11,9
2015-03-17 14:00:00,27,13,14
2015-03-17 15:00:00,16,8,8
2015-03-17 16:00:00,21,10,11
2015-03-17 17:00:00,29,15,14
2015-03-17 18:00:00,24,13,11
2015-03-17 19:00:00,6,4,2
2015-03-17 20:00:00,1,1,0
2015-03-17 21:00:00,1,0,1
2015-03-17 22:00:00,1,1,0
2015-03-17 23:00:00,0,0,0
2015-03-18 00:00:00,0,0,0
2015-03-18 01:00:00,0,0,0
2015-03-18 02:00:00,1,0,1
2015-03-18 03:00:00,0,0,0
2015-03-18 04:00:00,1,1,0
2015-03-18 05:00:00,9,6,3
2015-03-18 06:00:00,20,10,10
2015-03-18 07:00:00,13,6,7
2015-03-18 08:00:00,22,12,10
2015-03-18 09:00:00,28,13,15
2015-03-18 10:00:00,33,20,13
2015-03-18 11:00:00,26,17,9
2015-03-18 12:00:00,19,9,10
2015-03-18 13:00:00,13,6,7
2015-03-18 14:00:00,26,16,10
2015-03-18 15:00:00,31,15,16
2015-03-18 16:00:00,45,18,27
2015-03-18 17:00:00,45,23,22
2015-03-18 18:00:00,37,17,20
2015-03-18 19:00:00,10,8,2
2015-03-18 20:00:00,1,1,0
2015-03-18 21:00:00,0,0,0
2015-03-18 22:00:00,0,0,0
2015-03-18 23:00:00,2,1,1
2015-03-19 00:00:00,0,0,0
2015-03-19 01:00:00,0,0,0
2015-03-19 02:00:00,0,0,0
2015-03-19 03:00:00,0,0,0
2015-03-19 04:00:00,4,1,3
2015-03-19 05:00:00,5,4,1
2015-03-19 06:00:00,9,2,7
2015-03-19 07:00:00,11,6,5
2015-03-19 08:00:00,17,7,10
2015-03-19 09:00:00,33,16,17
2015-03-19 10:00:00,25,17,8
2015-03-19 11:00:00,27,9,18
2015-03-19 12:00:00,26,16,10
2015-03-19 13:00:00,30,11,19
2015-03-19 14:00:00,20,14,6
2015-03-19 15:00:00,16,7,9
2015-03-19 16:00:00,33,13,20
2015-03-19 17:00:00,23,14,9
2015-03-19 18:00:00,12,7,5
2015-03-19 19:00:00,10,6,4
2015-03-19 20:00:00,14,9,5
2015-03-19 21:00:00,0,0,0
2015-03-19 22:00:00,2,1,1
2015-03-19 23:00:00,0,0,0
2015-03-20 00:00:00,0,0,0
2015-03-20 01:00:00,0,0,0
2015-03-20 02:00:00,0,0,0
2015-03-20 03:00:00,0,0,0
2015-03-20 04:00:00,1,1,0
2015-03-20 05:00:00,7,2,5
2015-03-20 06:00:00,12,9,3
2015-03-20 07:00:00,17,7,10
2015-03-20 08:00:00,32,18,14
2015-03-20 09:00:00,14,8,6
2015-03-20 10:00:00,21,13,8
2015-03-20 11:00:00,26,13,13
2015-03-20 12:00:00,20,12,8
2015-03-20 13:00:00,9,3,6
2015-03-20 14:00:00,4,2,2
2015-03-20 15:00:00,16,10,6
2015-03-20 16:00:00,28,15,13
2015-03-20 17:00:00,26,13,13
2015-03-20 18:00:00,23,9,14
2015-03-20 19:00:00,3,1,2
2015-03-20 20:00:00,2,2,0
2015-03-20 21:00:00,6,3,3
2015-03-20 22:00:00,3,1,2
2015-03-20 23:00:00,1,1,0
2015-03-21 00:00:00,0,0,0
2015-03-21 01:00:00,0,0,0
2015-03-21 02:00:00,0,0,0
2015-03-21 03:00:00,0,0,0
2015-03-21 04:00:00,0,0,0
2015-03-21 05:00:00,6,2,4
2015-03-21 06:00:00,8,5,3
2015-03-21 07:00:00,31,15,16
2015-03-21 08:00:00,54,24,30
2015-03-21 09:00:00,58,31,27
2015-03-21 10:00:00,49,27,22
2015-03-21 11:00:00,54,27,27
2015-03-21 12:00:00,50,28,22
2015-03-21 13:00:00,40,24,16
2015-03-21 14:00:00,41,19,22
2015-03-21 15:00:00,50,23,27
2015-03-21 16:00:00,59,26,33
2015-03-21 17:00:00,33,19,14
2015-03-21 18:00:00,14,7,7
2015-03-21 19:00:00,2,1,1
2015-03-21 20:00:00,4,0,4
2015-03-21 21:00:00,3,2,1
2015-03-21 22:00:00,2,1,1
2015-03-21 23:00:00,0,0,0
2015-03-22 00:00:00,0,0,0
2015-03-22 01:00:00,0,0,0
2015-03-22 02:00:00,0,0,0
2015-03-22 03:00:00,0,0,0
2015-03-22 04:00:00,0,0,0
2015-03-22 05:00:00,0,0,0
2015-03-22 06:00:00,8,3,5
2015-03-22 07:00:00,24,7,17
2015-03-22 08:00:00,41,19,22
2015-03-22 09:00:00,60,29,31
2015-03-22 10:00:00,69,39,30
2015-03-22 11:00:00,58,32,26
2015-03-22 12:00:00,48,23,25
2015-03-22 13:00:00,25,17,8
2015-03-22 14:00:00,15,9,6
2015-03-22 15:00:00,24,7,17
2015-03-22 16:00:00,25,13,12
2015-03-22 17:00:00,20,12,8
2015-03-22 18:00:00,3,2,1
2015-03-22 19:00:00,2,1,1
2015-03-22 20:00:00,2,1,1
2015-03-22 21:00:00,3,2,1
2015-03-22 22:00:00,1,1,0
2015-03-22 23:00:00,2,1,1
2015-03-23 00:00:00,0,0,0
2015-03-23 01:00:00,0,0,0
2015-03-23 02:00:00,0,0,0
2015-03-23 03:00:00,0,0,0
2015-03-23 04:00:00,1,1,0
2015-03-23 05:00:00,7,1,6
2015-03-23 06:00:00,13,7,6
2015-03-23 07:00:00,15,10,5
2015-03-23 08:00:00,15,6,9
2015-03-23 09:00:00,12,8,4
2015-03-23 10:00:00,26,13,13
2015-03-23 11:00:00,18,13,5
2015-03-23 12:00:00,19,9,10
2015-03-23 13:00:00,13,7,6
2015-03-23 14:00:00,14,6,8
2015-03-23 15:00:00,10,2,8
2015-03-23 16:00:00,39,16,23
2015-03-23 17:00:00,25,13,12
2015-03-23 18:00:00,13,9,4
2015-03-23 19:00:00,3,3,0
2015-03-23 20:00:00,1,0,1
2015-03-23 21:00:00,1,1,0
2015-03-23 22:00:00,0,0,0
2015-03-23 23:00:00,0,0,0
2015-03-24 00:00:00,0,0,0
2015-03-24 01:00:00,0,0,0
2015-03-24 02:00:00,0,0,0
2015-03-24 03:00:00,0,0,0
2015-03-24 04:00:00,3,2,1
2015-03-24 05:00:00,8,5,3
2015-03-24 06:00:00,6,5,1
2015-03-24 07:00:00,14,8,6
2015-03-24 08:00:00,16,7,9
2015-03-24 09:00:00,28,16,12
2015-03-24 10:00:00,28,14,14
2015-03-24 11:00:00,23,8,15
2015-03-24 12:00:00,26,14,12
2015-03-24 13:00:00,27,14,13
2015-03-24 14:00:00,20,10,10
2015-03-24 15:00:00,18,6,12
2015-03-24 16:00:00,25,11,14
2015-03-24 17:00:00,45,19,26
2015-03-24 18:00:00,25,12,13
2015-03-24 19:00:00,4,2,2
2015-03-24 20:00:00,6,3,3
2015-03-24 21:00:00,0,0,0
2015-03-24 22:00:00,2,1,1
2015-03-24 23:00:00,0,0,0
2015-03-25 00:00:00,0,0,0
2015-03-25 01:00:00,0,0,0
2015-03-25 02:00:00,0,0,0
2015-03-25 03:00:00,0,0,0
2015-03-25 04:00:00,2,2,0
2015-03-25 05:00:00,12,7,5
2015-03-25 06:00:00,11,5,6
2015-03-25 07:00:00,20,12,8
2015-03-25 08:00:00,23,12,11
2015-03-25 09:00:00,17,9,8
2015-03-25 10:00:00,20,9,11
2015-03-25 11:00:00,33,18,15
2015-03-25 12:00:00,13,8,5
2015-03-25 13:00:00,13,8,5
2015-03-25 14:00:00,13,7,6
2015-03-25 15:00:00,13,8,5
2015-03-25 16:00:00,33,14,19
2015-03-25 17:00:00,23,12,11
2015-03-25 18:00:00,18,9,9
2015-03-25 19:00:00,9,6,3
2015-03-25 20:00:00,1,0,1
2015-03-25 21:00:00,3,2,1
2015-03-25 22:00:00,5,1,4
2015-03-25 23:00:00,0,0,0
2015-03-26 00:00:00,0,0,0
2015-03-26 01:00:00,0,0,0
2015-03-26 02:00:00,0,0,0
2015-03-26 03:00:00,0,0,0
2015-03-26 04:00:00,4,3,1
2015-03-26 05:00:00,9,4,5
2015-03-26 06:00:00,16,6,10
2015-03-26 07:00:00,15,12,3
2015-03-26 08:00:00,22,10,12
2015-03-26 09:00:00,30,14,16
2015-03-26 10:00:00,26,16,10
2015-03-26 11:00:00,35,21,14
2015-03-26 12:00:00,40,17,23
2015-03-26 13:00:00,41,23,18
2015-03-26 14:00:00,33,17,16
2015-03-26 15:00:00,41,16,25
2015-03-26 16:00:00,55,26,29
2015-03-26 17:00:00,53,29,24
2015-03-26 18:00:00,25,16,9
2015-03-26 19:00:00,5,2,3
2015-03-26 20:00:00,7,4,3
2015-03-26 21:00:00,5,2,3
2015-03-26 22:00:00,1,1,0
2015-03-26 23:00:00,0,0,0
2015-03-27 00:00:00,0,0,0
2015-03-27 01:00:00,0,0,0
2015-03-27 02:00:00,0,0,0
2015-03-27 03:00:00,0,0,0
2015-03-27 04:00:00,2,1,1
2015-03-27 05:00:00,6,3,3
2015-03-27 06:00:00,7,2,5
2015-03-27 07:00:00,25,13,12
2015-03-27 08:00:00,29,15,14
2015-03-27 09:00:00,32,18,14
2015-03-27 10:00:00,20,10,10
2015-03-27 11:00:00,23,11,12
2015-03-27 12:00:00,20,12,8
2015-03-27 13:00:00,20,11,9
2015-03-27 14:00:00,23,16,7
2015-03-27 15:00:00,29,14,15
2015-03-27 16:00:00,39,22,17
2015-03-27 17:00:00,31,17,14
2015-03-27 18:00:00,10,6,4
2015-03-27 19:00:00,6,3,3
2015-03-27 20:00:00,3,1,2
2015-03-27 21:00:00,1,1,0
2015-03-27 22:00:00,0,0,0
2015-03-27 23:00:00,0,0,0
2015-03-28 00:00:00,0,0,0
2015-03-28 01:00:00,0,0,0
2015-03-28 02:00:00,0,0,0
2015-03-28 03:00:00,0,0,0
2015-03-28 04:00:00,0,0,0
2015-03-28 05:00:00,1,0,1
2015-03-28 06:00:00,11,2,9
2015-03-28 07:00:00,33,13,20
2015-03-28 08:00:00,72,36,36
2015-03-28 09:00:00,70,32,38
2015-03-28 10:00:00,57,28,29
2015-03-28 11:00:00,49,29,20
2015-03-28 12:00:00,44,24,20
2015-03-28 13:00:00,62,36,26
2015-03-28 14:00:00,50,25,25
2015-03-28 15:00:00,39,25,14
2015-03-28 16:00:00,31,17,14
2015-03-28 17:00:00,28,17,11
2015-03-28 18:00:00,15,7,8
2015-03-28 19:00:00,5,5,0
2015-03-28 20:00:00,1,0,1
2015-03-28 21:00:00,4,4,0
2015-03-28 22:00:00,0,0,0
2015-03-28 23:00:00,2,1,1
2015-03-29 00:00:00,0,0,0
2015-03-29 01:00:00,0,0,0
2015-03-29 02:00:00,0,0,0
2015-03-29 03:00:00,0,0,0
2015-03-29 04:00:00,1,0,1
2015-03-29 05:00:00,3,2,1
2015-03-29 06:00:00,6,3,3
2015-03-29 07:00:00,28,18,10
2015-03-29 08:00:00,45,18,27
2015-03-29 09:00:00,60,30,30
2015-03-29 10:00:00,42,18,24
2015-03-29 11:00:00,46,22,24
2015-03-29 12:00:00,45,23,22
2015-03-29 13:00:00,25,13,12
2015-03-29 14:00:00,52,27,25
2015-03-29 15:00:00,40,23,17
2015-03-29 16:00:00,47,26,21
2015-03-29 17:00:00,23,14,9
2015-03-29 18:00:00,12,7,5
2015-03-29 19:00:00,5,2,3
2015-03-29 20:00:00,1,1,0
2015-03-29 21:00:00,0,0,0
2015-03-29 22:00:00,4,2,2
2015-03-29 23:00:00,0,0,0
2015-03-30 00:00:00,0,0,0
2015-03-30 01:00:00,0,0,0
2015-03-30 02:00:00,0,0,0
2015-03-30 03:00:00,0,0,0
2015-03-30 04:00:00,2,1,1
2015-03-30 05:00:00,4,1,3
2015-03-30 06:00:00,12,7,5
2015-03-30 07:00:00,25,17,8
2015-03-30 08:00:00,21,10,11
2015-03-30 09:00:00,18,9,9
2015-03-30 10:00:00,35,19,16
2015-03-30 11:00:00,33,19,14
2015-03-30 12:00:00,36,18,18
2015-03-30 13:00:00,47,22,25
2015-03-30 14:00:00,30,12,18
2015-03-30 15:00:00,26,13,13
2015-03-30 16:00:00,47,21,26
2015-03-30 17:00:00,81,33,48
2015-03-30 18:00:00,37,17,20
2015-03-30 19:00:00,10,6,4
2015-03-30 20:00:00,4,1,3
2015-03-30 21:00:00,2,1,1
2015-03-30 22:00:00,2,1,1
2015-03-30 23:00:00,0,0,0
2015-03-31 00:00:00,1,1,0
2015-03-31 01:00:00,0,0,0
2015-03-31 02:00:00,0,0,0
2015-03-31 03:00:00,0,0,0
2015-03-31 04:00:00,3,2,1
2015-03-31 05:00:00,4,2,2
2015-03-31 06:00:00,11,6,5
2015-03-31 07:00:00,26,14,12
2015-03-31 08:00:00,9,4,5
2015-03-31 09:00:00,15,8,7
2015-03-31 10:00:00,13,7,6
2015-03-31 11:00:00,16,11,5
2015-03-31 12:00:00,18,7,11
2015-03-31 13:00:00,12,7,5
2015-03-31 14:00:00,24,12,12
2015-03-31 15:00:00,19,8,11
2015-03-31 16:00:00,4,1,3
2015-03-31 17:00:00,13,5,8
2015-03-31 18:00:00,11,5,6
2015-03-31 19:00:00,13,9,4
2015-03-31 20:00:00,3,2,1
2015-03-31 21:00:00,0,0,0
2015-03-31 22:00:00,2,1,1
2015-03-31 23:00:00,0,0,0
2015-04-01 00:00:00,0,0,0
2015-04-01 01:00:00,0,0,0
2015-04-01 02:00:00,0,0,0
2015-04-01 03:00:00,0,0,0
2015-04-01 04:00:00,5,2,3
2015-04-01 05:00:00,9,7,2
2015-04-01 06:00:00,11,5,6
2015-04-01 07:00:00,26,15,11
2015-04-01 08:00:00,19,10,9
2015-04-01 09:00:00,25,10,15
2015-04-01 10:00:00,25,15,10
2015-04-01 11:00:00,25,15,10
2015-04-01 12:00:00,35,15,20
2015-04-01 13:00:00,32,17,15
2015-04-01 14:00:00,30,12,18
2015-04-01 15:00:00,23,12,11
2015-04-01 16:00:00,37,16,21
2015-04-01 17:00:00,29,17,12
2015-04-01 18:00:00,60,27,33
2015-04-01 19:00:00,52,31,21
2015-04-01 20:00:00,11,8,3
2015-04-01 21:00:00,4,0,4
2015-04-01 22:00:00,4,3,1
2015-04-01 23:00:00,0,0,0
2015-04-02 00:00:00,0,0,0
2015-04-02 01:00:00,0,0,0
2015-04-02 02:00:00,0,0,0
2015-04-02 03:00:00,0,0,0
2015-04-02 04:00:00,0,0,0
2015-04-02 05:00:00,3,1,2
2015-04-02 06:00:00,10,7,3
2015-04-02 07:00:00,6,1,5
2015-04-02 08:00:00,14,9,5
2015-04-02 09:00:00,13,4,9
2015-04-02 10:00:00,22,14,8
2015-04-02 11:00:00,28,13,15
2015-04-02 12:00:00,16,7,9
2015-04-02 13:00:00,20,11,9
2015-04-02 14:00:00,28,17,11
2015-04-02 15:00:00,28,20,8
2015-04-02 16:00:00,36,17,19
2015-04-02 17:00:00,44,26,18
2015-04-02 18:00:00,34,15,19
2015-04-02 19:00:00,25,12,13
2015-04-02 20:00:00,1,0,1
2015-04-02 21:00:00,2,1,1
2015-04-02 22:00:00,1,1,0
2015-04-02 23:00:00,0,0,0
2015-04-03 00:00:00,0,0,0
2015-04-03 01:00:00,0,0,0
2015-04-03 02:00:00,0,0,0
2015-04-03 03:00:00,0,0,0
2015-04-03 04:00:00,0,0,0
2015-04-03 05:00:00,0,0,0
2015-04-03 06:00:00,3,2,1
2015-04-03 07:00:00,11,4,7
2015-04-03 08:00:00,21,10,11
2015-04-03 09:00:00,25,15,10
2015-04-03 10:00:00,35,18,17
2015-04-03 11:00:00,28,11,17
2015-04-03 12:00:00,20,13,7
2015-04-03 13:00:00,24,13,11
2015-04-03 14:00:00,7,5,2
2015-04-03 15:00:00,5,3,2
2015-04-03 16:00:00,15,3,12
2015-04-03 17:00:00,30,19,11
2015-04-03 18:00:00,22,12,10
2015-04-03 19:00:00,7,5,2
2015-04-03 20:00:00,3,2,1
2015-04-03 21:00:00,1,0,1
2015-04-03 22:00:00,0,0,0
2015-04-03 23:00:00,3,2,1
2015-04-04 00:00:00,3,1,2
2015-04-04 01:00:00,1,1,0
2015-04-04 02:00:00,0,0,0
2015-04-04 03:00:00,0,0,0
2015-04-04 04:00:00,0,0,0
2015-04-04 05:00:00,0,0,0
2015-04-04 06:00:00,3,1,2
2015-04-04 07:00:00,21,8,13
2015-04-04 08:00:00,34,14,20
2015-04-04 09:00:00,59,31,28
2015-04-04 10:00:00,63,26,37
2015-04-04 11:00:00,60,34,26
2015-04-04 12:00:00,54,28,26
2015-04-04 13:00:00,53,32,21
2015-04-04 14:00:00,46,19,27
2015-04-04 15:00:00,36,23,13
2015-04-04 16:00:00,62,37,25
2015-04-04 17:00:00,46,26,20
2015-04-04 18:00:00,31,17,14
2015-04-04 19:00:00,17,10,7
2015-04-04 20:00:00,1,0,1
2015-04-04 21:00:00,1,0,1
2015-04-04 22:00:00,2,1,1
2015-04-04 23:00:00,0,0,0
2015-04-05 00:00:00,1,1,0
2015-04-05 01:00:00,0,0,0
2015-04-05 02:00:00,0,0,0
2015-04-05 03:00:00,0,0,0
2015-04-05 04:00:00,0,0,0
2015-04-05 05:00:00,0,0,0
2015-04-05 06:00:00,1,0,1
2015-04-05 07:00:00,7,4,3
2015-04-05 08:00:00,37,25,12
2015-04-05 09:00:00,50,18,32
2015-04-05 10:00:00,55,21,34
2015-04-05 11:00:00,44,21,23
2015-04-05 12:00:00,45,18,27
2015-04-05 13:00:00,43,21,22
2015-04-05 14:00:00,52,30,22
2015-04-05 15:00:00,65,41,24
2015-04-05 16:00:00,34,18,16
2015-04-05 17:00:00,26,12,14
2015-04-05 18:00:00,20,13,7
2015-04-05 19:00:00,25,14,11
2015-04-05 20:00:00,4,2,2
2015-04-05 21:00:00,2,1,1
2015-04-05 22:00:00,0,0,0
2015-04-05 23:00:00,0,0,0
2015-04-06 00:00:00,2,1,1
2015-04-06 01:00:00,0,0,0
2015-04-06 02:00:00,0,0,0
2015-04-06 03:00:00,0,0,0
2015-04-06 04:00:00,0,0,0
2015-04-06 05:00:00,1,1,0
2015-04-06 06:00:00,2,1,1
2015-04-06 07:00:00,13,7,6
2015-04-06 08:00:00,22,14,8
2015-04-06 09:00:00,20,9,11
2015-04-06 10:00:00,14,9,5
2015-04-06 11:00:00,11,8,3
2015-04-06 12:00:00,33,17,16
2015-04-06 13:00:00,29,11,18
2015-04-06 14:00:00,23,12,11
2015-04-06 15:00:00,26,14,12
2015-04-06 16:00:00,41,13,28
2015-04-06 17:00:00,35,18,17
2015-04-06 18:00:00,35,15,20
2015-04-06 19:00:00,19,13,6
2015-04-06 20:00:00,4,3,1
2015-04-06 21:00:00,0,0,0
2015-04-06 22:00:00,2,0,2
2015-04-06 23:00:00,2,2,0
2015-04-07 00:00:00,0,0,0
2015-04-07 01:00:00,0,0,0
2015-04-07 02:00:00,0,0,0
2015-04-07 03:00:00,0,0,0
2015-04-07 04:00:00,0,0,0
2015-04-07 05:00:00,1,1,0
2015-04-07 06:00:00,9,5,4
2015-04-07 07:00:00,19,9,10
2015-04-07 08:00:00,29,13,16
2015-04-07 09:00:00,17,6,11
2015-04-07 10:00:00,42,20,22
2015-04-07 11:00:00,13,7,6
2015-04-07 12:00:00,43,33,10
2015-04-07 13:00:00,18,9,9
2015-04-07 14:00:00,11,7,4
2015-04-07 15:00:00,18,9,9
2015-04-07 16:00:00,29,13,16
2015-04-07 17:00:00,29,17,12
2015-04-07 18:00:00,37,21,16
2015-04-07 19:00:00,15,6,9
2015-04-07 20:00:00,12,6,6
2015-04-07 21:00:00,2,1,1
2015-04-07 22:00:00,3,2,1
2015-04-07 23:00:00,0,0,0
2015-04-08 00:00:00,0,0,0
2015-04-08 01:00:00,0,0,0
2015-04-08 02:00:00,0,0,0
2015-04-08 03:00:00,0,0,0
2015-04-08 04:00:00,0,0,0
2015-04-08 05:00:00,1,1,0
2015-04-08 06:00:00,10,6,4
2015-04-08 07:00:00,10,4,6
2015-04-08 08:00:00,19,12,7
2015-04-08 09:00:00,26,17,9
2015-04-08 10:00:00,33,11,22
2015-04-08 11:00:00,26,15,11
2015-04-08 12:00:00,39,26,13
2015-04-08 13:00:00,26,10,16
2015-04-08 14:00:00,18,10,8
2015-04-08 15:00:00,31,16,15
2015-04-08 16:00:00,32,11,21
2015-04-08 17:00:00,58,25,33
2015-04-08 18:00:00,45,22,23
2015-04-08 19:00:00,34,16,18
2015-04-08 20:00:00,15,8,7
2015-04-08 21:00:00,5,1,4
2015-04-08 22:00:00,1,1,0
2015-04-08 23:00:00,0,0,0
2015-04-09 00:00:00,0,0,0
2015-04-09 01:00:00,0,0,0
2015-04-09 02:00:00,0,0,0
2015-04-09 03:00:00,0,0,0
2015-04-09 04:00:00,0,0,0
2015-04-09 05:00:00,2,1,1
2015-04-09 06:00:00,6,3,3
2015-04-09 07:00:00,28,15,13
2015-04-09 08:00:00,20,13,7
2015-04-09 09:00:00,24,12,12
2015-04-09 10:00:00,51,20,31
2015-04-09 11:00:00,32,19,13
2015-04-09 12:00:00,50,35,15
2015-04-09 13:00:00,42,26,16
2015-04-09 14:00:00,34,23,11
2015-04-09 15:00:00,17,8,9
2015-04-09 16:00:00,36,16,20
2015-04-09 17:00:00,56,22,34
2015-04-09 18:00:00,58,30,28
2015-04-09 19:00:00,28,14,14
2015-04-09 20:00:00,13,7,6
2015-04-09 21:00:00,2,1,1
2015-04-09 22:00:00,0,0,0
2015-04-09 23:00:00,2,1,1
2015-04-10 00:00:00,0,0,0
2015-04-10 01:00:00,0,0,0
2015-04-10 02:00:00,0,0,0
2015-04-10 03:00:00,0,0,0
2015-04-10 04:00:00,0,0,0
2015-04-10 05:00:00,2,1,1
2015-04-10 06:00:00,9,3,6
2015-04-10 07:00:00,19,10,9
2015-04-10 08:00:00,27,15,12
2015-04-10 09:00:00,27,15,12
2015-04-10 10:00:00,38,14,24
2015-04-10 11:00:00,23,13,10
2015-04-10 12:00:00,53,37,16
2015-04-10 13:00:00,17,8,9
2015-04-10 14:00:00,17,8,9
2015-04-10 15:00:00,25,14,11
2015-04-10 16:00:00,29,16,13
2015-04-10 17:00:00,20,11,9
2015-04-10 18:00:00,17,7,10
2015-04-10 19:00:00,9,5,4
2015-04-10 20:00:00,1,1,0
2015-04-10 21:00:00,2,0,2
2015-04-10 22:00:00,1,1,0
2015-04-10 23:00:00,1,0,1
2015-04-11 00:00:00,1,1,0
2015-04-11 01:00:00,0,0,0
2015-04-11 02:00:00,0,0,0
2015-04-11 03:00:00,0,0,0
2015-04-11 04:00:00,0,0,0
2015-04-11 05:00:00,1,0,1
2015-04-11 06:00:00,6,3,3
2015-04-11 07:00:00,15,6,9
2015-04-11 08:00:00,94,44,50
2015-04-11 09:00:00,91,59,32
2015-04-11 10:00:00,61,29,32
2015-04-11 11:00:00,76,39,37
2015-04-11 12:00:00,56,32,24
2015-04-11 13:00:00,124,70,54
2015-04-11 14:00:00,35,17,18
2015-04-11 15:00:00,34,21,13
2015-04-11 16:00:00,16,7,9
2015-04-11 17:00:00,14,9,5
2015-04-11 18:00:00,20,8,12
2015-04-11 19:00:00,18,11,7
2015-04-11 20:00:00,3,1,2
2015-04-11 21:00:00,0,0,0
2015-04-11 22:00:00,2,1,1
2015-04-11 23:00:00,0,0,0
2015-04-12 00:00:00,2,0,2
2015-04-12 01:00:00,1,1,0
2015-04-12 02:00:00,0,0,0
2015-04-12 03:00:00,0,0,0
2015-04-12 04:00:00,0,0,0
2015-04-12 05:00:00,0,0,0
2015-04-12 06:00:00,3,2,1
2015-04-12 07:00:00,9,3,6
2015-04-12 08:00:00,37,16,21
2015-04-12 09:00:00,49,25,24
2015-04-12 10:00:00,44,23,21
2015-04-12 11:00:00,63,35,28
2015-04-12 12:00:00,40,15,25
2015-04-12 13:00:00,52,28,24
2015-04-12 14:00:00,44,25,19
2015-04-12 15:00:00,35,24,11
2015-04-12 16:00:00,33,22,11
2015-04-12 17:00:00,36,17,19
2015-04-12 18:00:00,13,8,5
2015-04-12 19:00:00,10,5,5
2015-04-12 20:00:00,8,4,4
2015-04-12 21:00:00,1,1,0
2015-04-12 22:00:00,1,0,1
2015-04-12 23:00:00,0,0,0
2015-04-13 00:00:00,0,0,0
2015-04-13 01:00:00,0,0,0
2015-04-13 02:00:00,0,0,0
2015-04-13 03:00:00,0,0,0
2015-04-13 04:00:00,1,1,0
2015-04-13 05:00:00,1,1,0
2015-04-13 06:00:00,8,4,4
2015-04-13 07:00:00,15,8,7
2015-04-13 08:00:00,20,11,9
2015-04-13 09:00:00,16,7,9
2015-04-13 10:00:00,23,13,10
2015-04-13 11:00:00,22,11,11
2015-04-13 12:00:00,14,7,7
2015-04-13 13:00:00,14,6,8
2015-04-13 14:00:00,17,10,7
2015-04-13 15:00:00,8,3,5
2015-04-13 16:00:00,8,4,4
2015-04-13 17:00:00,9,5,4
2015-04-13 18:00:00,12,5,7
2015-04-13 19:00:00,12,5,7
2015-04-13 20:00:00,4,2,2
2015-04-13 21:00:00,4,3,1
2015-04-13 22:00:00,1,0,1
2015-04-13 23:00:00,1,1,0
2015-04-14 00:00:00,1,0,1
2015-04-14 01:00:00,1,1,0
2015-04-14 02:00:00,0,0,0
2015-04-14 03:00:00,0,0,0
2015-04-14 04:00:00,0,0,0
2015-04-14 05:00:00,3,2,1
2015-04-14 06:00:00,10,4,6
2015-04-14 07:00:00,10,6,4
2015-04-14 08:00:00,23,11,12
2015-04-14 09:00:00,30,16,14
2015-04-14 10:00:00,32,15,17
2015-04-14 11:00:00,20,11,9
2015-04-14 12:00:00,15,9,6
2015-04-14 13:00:00,28,11,17
2015-04-14 14:00:00,20,11,9
2015-04-14 15:00:00,12,6,6
2015-04-14 16:00:00,13,5,8
2015-04-14 17:00:00,38,16,22
2015-04-14 18:00:00,23,16,7
2015-04-14 19:00:00,22,11,11
2015-04-14 20:00:00,18,10,8
2015-04-14 21:00:00,8,6,2
2015-04-14 22:00:00,0,0,0
2015-04-14 23:00:00,0,0,0
2015-04-15 00:00:00,0,0,0
2015-04-15 01:00:00,0,0,0
2015-04-15 02:00:00,0,0,0
2015-04-15 03:00:00,0,0,0
2015-04-15 04:00:00,0,0,0
2015-04-15 05:00:00,2,1,1
2015-04-15 06:00:00,5,3,2
2015-04-15 07:00:00,10,5,5
2015-04-15 08:00:00,23,16,7
2015-04-15 09:00:00,19,9,10
2015-04-15 10:00:00,20,10,10
2015-04-15 11:00:00,34,20,14
2015-04-15 12:00:00,48,23,25
2015-04-15 13:00:00,14,6,8
2015-04-15 14:00:00,25,8,17
2015-04-15 15:00:00,28,11,17
2015-04-15 16:00:00,20,10,10
2015-04-15 17:00:00,30,14,16
2015-04-15 18:00:00,41,21,20
2015-04-15 19:00:00,27,13,14
2015-04-15 20:00:00,17,8,9
2015-04-15 21:00:00,3,2,1
2015-04-15 22:00:00,2,1,1
2015-04-15 23:00:00,1,0,1
2015-04-16 00:00:00,0,0,0
2015-04-16 01:00:00,0,0,0
2015-04-16 02:00:00,0,0,0
2015-04-16 03:00:00,0,0,0
2015-04-16 04:00:00,1,1,0
2015-04-16 05:00:00,2,1,1
2015-04-16 06:00:00,9,5,4
2015-04-16 07:00:00,22,11,11
2015-04-16 08:00:00,11,6,5
2015-04-16 09:00:00,19,10,9
2015-04-16 10:00:00,21,14,7
2015-04-16 11:00:00,26,10,16
2015-04-16 12:00:00,24,15,9
2015-04-16 13:00:00,25,20,5
2015-04-16 14:00:00,18,8,10
2015-04-16 15:00:00,24,14,10
2015-04-16 16:00:00,35,16,19
2015-04-16 17:00:00,43,21,22
2015-04-16 18:00:00,38,20,18
2015-04-16 19:00:00,35,19,16
2015-04-16 20:00:00,9,4,5
2015-04-16 21:00:00,1,1,0
2015-04-16 22:00:00,6,3,3
2015-04-16 23:00:00,0,0,0
2015-04-17 00:00:00,0,0,0
2015-04-17 01:00:00,0,0,0
2015-04-17 02:00:00,0,0,0
2015-04-17 03:00:00,0,0,0
2015-04-17 04:00:00,0,0,0
2015-04-17 05:00:00,3,2,1
2015-04-17 06:00:00,6,4,2
2015-04-17 07:00:00,13,4,9
2015-04-17 08:00:00,26,17,9
2015-04-17 09:00:00,31,16,15
2015-04-17 10:00:00,12,6,6
2015-04-17 11:00:00,33,14,19
2015-04-17 12:00:00,29,18,11
2015-04-17 13:00:00,31,16,15
2015-04-17 14:00:00,34,18,16
2015-04-17 15:00:00,31,17,14
2015-04-17 16:00:00,54,24,30
2015-04-17 17:00:00,35,17,18
2015-04-17 18:00:00,40,23,17
2015-04-17 19:00:00,37,16,21
2015-04-17 20:00:00,13,10,3
2015-04-17 21:00:00,2,0,2
2015-04-17 22:00:00,3,2,1
2015-04-17 23:00:00,0,0,0
2015-04-18 00:00:00,0,0,0
2015-04-18 01:00:00,0,0,0
2015-04-18 02:00:00,0,0,0
2015-04-18 03:00:00,0,0,0
2015-04-18 04:00:00,0,0,0
2015-04-18 05:00:00,0,0,0
2015-04-18 06:00:00,7,3,4
2015-04-18 07:00:00,14,5,9
2015-04-18 08:00:00,42,18,24
2015-04-18 09:00:00,53,23,30
2015-04-18 10:00:00,68,38,30
2015-04-18 11:00:00,61,32,29
2015-04-18 12:00:00,38,24,14
2015-04-18 13:00:00,43,27,16
2015-04-18 14:00:00,50,26,24
2015-04-18 15:00:00,57,32,25
2015-04-18 16:00:00,35,19,16
2015-04-18 17:00:00,56,30,26
2015-04-18 18:00:00,28,14,14
2015-04-18 19:00:00,18,11,7
2015-04-18 20:00:00,19,13,6
2015-04-18 21:00:00,0,0,0
2015-04-18 22:00:00,5,2,3
2015-04-18 23:00:00,0,0,0
2015-04-19 00:00:00,0,0,0
2015-04-19 01:00:00,0,0,0
2015-04-19 02:00:00,0,0,0
2015-04-19 03:00:00,0,0,0
2015-04-19 04:00:00,0,0,0
2015-04-19 05:00:00,0,0,0
2015-04-19 06:00:00,0,0,0
2015-04-19 07:00:00,14,3,11
2015-04-19 08:00:00,46,26,20
2015-04-19 09:00:00,57,21,36
2015-04-19 10:00:00,50,33,17
2015-04-19 11:00:00,69,31,38
2015-04-19 12:00:00,76,38,38
2015-04-19 13:00:00,61,32,29
2015-04-19 14:00:00,65,40,25
2015-04-19 15:00:00,55,30,25
2015-04-19 16:00:00,63,32,31
2015-04-19 17:00:00,46,22,24
2015-04-19 18:00:00,36,23,13
2015-04-19 19:00:00,20,12,8
2015-04-19 20:00:00,10,5,5
2015-04-19 21:00:00,2,1,1
2015-04-19 22:00:00,0,0,0
2015-04-19 23:00:00,2,0,2
2015-04-20 00:00:00,1,1,0
2015-04-20 01:00:00,0,0,0
2015-04-20 02:00:00,0,0,0
2015-04-20 03:00:00,0,0,0
2015-04-20 04:00:00,0,0,0
2015-04-20 05:00:00,3,1,2
2015-04-20 06:00:00,9,4,5
2015-04-20 07:00:00,18,10,8
2015-04-20 08:00:00,20,12,8
2015-04-20 09:00:00,35,16,19
2015-04-20 10:00:00,32,13,19
2015-04-20 11:00:00,30,14,16
2015-04-20 12:00:00,24,13,11
2015-04-20 13:00:00,40,30,10
2015-04-20 14:00:00,20,10,10
2015-04-20 15:00:00,28,14,14
2015-04-20 16:00:00,30,16,14
2015-04-20 17:00:00,50,32,18
2015-04-20 18:00:00,44,22,22
2015-04-20 19:00:00,42,24,18
2015-04-20 20:00:00,28,19,9
2015-04-20 21:00:00,2,1,1
2015-04-20 22:00:00,2,1,1
2015-04-20 23:00:00,4,2,2
2015-04-21 00:00:00,1,1,0
2015-04-21 01:00:00,0,0,0
2015-04-21 02:00:00,0,0,0
2015-04-21 03:00:00,0,0,0
2015-04-21 04:00:00,0,0,0
2015-04-21 05:00:00,2,1,1
2015-04-21 06:00:00,9,4,5
2015-04-21 07:00:00,31,16,15
2015-04-21 08:00:00,32,19,13
2015-04-21 09:00:00,25,12,13
2015-04-21 10:00:00,27,13,14
2015-04-21 11:00:00,30,14,16
2015-04-21 12:00:00,38,20,18
2015-04-21 13:00:00,29,17,12
2015-04-21 14:00:00,14,2,12
2015-04-21 15:00:00,25,14,11
2015-04-21 16:00:00,15,7,8
2015-04-21 17:00:00,29,12,17
2015-04-21 18:00:00,30,16,14
2015-04-21 19:00:00,13,7,6
2015-04-21 20:00:00,4,3,1
2015-04-21 21:00:00,0,0,0
2015-04-21 22:00:00,0,0,0
2015-04-21 23:00:00,4,2,2
2015-04-22 00:00:00,0,0,0
2015-04-22 01:00:00,0,0,0
2015-04-22 02:00:00,0,0,0
2015-04-22 03:00:00,0,0,0
2015-04-22 04:00:00,0,0,0
2015-04-22 05:00:00,2,1,1
2015-04-22 06:00:00,7,1,6
2015-04-22 07:00:00,16,11,5
2015-04-22 08:00:00,16,8,8
2015-04-22 09:00:00,13,6,7
2015-04-22 10:00:00,37,19,18
2015-04-22 11:00:00,21,7,14
2015-04-22 12:00:00,15,10,5
2015-04-22 13:00:00,25,11,14
2015-04-22 14:00:00,29,13,16
2015-04-22 15:00:00,22,10,12
2015-04-22 16:00:00,26,15,11
2015-04-22 17:00:00,42,25,17
2015-04-22 18:00:00,31,20,11
2015-04-22 19:00:00,32,16,16
2015-04-22 20:00:00,24,14,10
2015-04-22 21:00:00,4,3,1
2015-04-22 22:00:00,4,1,3
2015-04-22 23:00:00,4,3,1
2015-04-23 00:00:00,0,0,0
2015-04-23 01:00:00,0,0,0
2015-04-23 02:00:00,0,0,0
2015-04-23 03:00:00,0,0,0
2015-04-23 04:00:00,1,1,0
2015-04-23 05:00:00,4,2,2
2015-04-23 06:00:00,11,7,4
2015-04-23 07:00:00,21,9,12
2015-04-23 08:00:00,25,16,9
2015-04-23 09:00:00,21,12,9
2015-04-23 10:00:00,27,13,14
2015-04-23 11:00:00,23,15,8
2015-04-23 12:00:00,22,10,12
2015-04-23 13:00:00,22,12,10
2015-04-23 14:00:00,19,12,7
2015-04-23 15:00:00,7,4,3
2015-04-23 16:00:00,12,7,5
2015-04-23 17:00:00,21,8,13
2015-04-23 18:00:00,32,15,17
2015-04-23 19:00:00,28,15,13
2015-04-23 20:00:00,5,4,1
2015-04-23 21:00:00,1,0,1
2015-04-23 22:00:00,0,0,0
2015-04-23 23:00:00,2,1,1
2015-04-24 00:00:00,2,2,0
2015-04-24 01:00:00,0,0,0
2015-04-24 02:00:00,0,0,0
2015-04-24 03:00:00,0,0,0
2015-04-24 04:00:00,0,0,0
2015-04-24 05:00:00,2,1,1
2015-04-24 06:00:00,3,2,1
2015-04-24 07:00:00,16,7,9
2015-04-24 08:00:00,22,13,9
2015-04-24 09:00:00,11,6,5
2015-04-24 10:00:00,24,12,12
2015-04-24 11:00:00,45,28,17
2015-04-24 12:00:00,25,12,13
2015-04-24 13:00:00,34,28,6
2015-04-24 14:00:00,27,14,13
2015-04-24 15:00:00,32,16,16
2015-04-24 16:00:00,24,12,12
2015-04-24 17:00:00,25,16,9
2015-04-24 18:00:00,26,13,13
2015-04-24 19:00:00,16,6,10
2015-04-24 20:00:00,11,8,3
2015-04-24 21:00:00,2,0,2
2015-04-24 22:00:00,5,4,1
2015-04-24 23:00:00,0,0,0
2015-04-25 00:00:00,0,0,0
2015-04-25 01:00:00,0,0,0
2015-04-25 02:00:00,0,0,0
2015-04-25 03:00:00,0,0,0
2015-04-25 04:00:00,0,0,0
2015-04-25 05:00:00,1,1,0
2015-04-25 06:00:00,8,5,3
2015-04-25 07:00:00,11,5,6
2015-04-25 08:00:00,46,23,23
2015-04-25 09:00:00,49,26,23
2015-04-25 10:00:00,61,29,32
2015-04-25 11:00:00,40,23,17
2015-04-25 12:00:00,38,20,18
2015-04-25 13:00:00,42,20,22
2015-04-25 14:00:00,45,22,23
2015-04-25 15:00:00,35,24,11
2015-04-25 16:00:00,43,17,26
2015-04-25 17:00:00,43,20,23
2015-04-25 18:00:00,39,23,16
2015-04-25 19:00:00,21,12,9
2015-04-25 20:00:00,5,3,2
2015-04-25 21:00:00,3,1,2
2015-04-25 22:00:00,1,0,1
2015-04-25 23:00:00,4,3,1
2015-04-26 00:00:00,0,0,0
2015-04-26 01:00:00,0,0,0
2015-04-26 02:00:00,0,0,0
2015-04-26 03:00:00,0,0,0
2015-04-26 04:00:00,0,0,0
2015-04-26 05:00:00,3,1,2
2015-04-26 06:00:00,0,0,0
2015-04-26 07:00:00,16,6,10
2015-04-26 08:00:00,27,12,15
2015-04-26 09:00:00,36,21,15
2015-04-26 10:00:00,57,26,31
2015-04-26 11:00:00,44,23,21
2015-04-26 12:00:00,49,27,22
2015-04-26 13:00:00,62,35,27
2015-04-26 14:00:00,47,27,20
2015-04-26 15:00:00,39,16,23
2015-04-26 16:00:00,46,31,15
2015-04-26 17:00:00,31,17,14
2015-04-26 18:00:00,33,22,11
2015-04-26 19:00:00,14,8,6
2015-04-26 20:00:00,3,1,2
2015-04-26 21:00:00,2,1,1
2015-04-26 22:00:00,4,1,3
2015-04-26 23:00:00,2,2,0
2015-04-27 00:00:00,2,1,1
2015-04-27 01:00:00,0,0,0
2015-04-27 02:00:00,0,0,0
2015-04-27 03:00:00,0,0,0
2015-04-27 04:00:00,0,0,0
2015-04-27 05:00:00,2,1,1
2015-04-27 06:00:00,18,9,9
2015-04-27 07:00:00,13,10,3
2015-04-27 08:00:00,18,11,7
2015-04-27 09:00:00,16,9,7
2015-04-27 10:00:00,34,19,15
2015-04-27 11:00:00,25,14,11
2015-04-27 12:00:00,22,12,10
2015-04-27 13:00:00,44,26,18
2015-04-27 14:00:00,34,18,16
2015-04-27 15:00:00,26,12,14
2015-04-27 16:00:00,30,13,17
2015-04-27 17:00:00,54,24,30
2015-04-27 18:00:00,61,27,34
2015-04-27 19:00:00,47,30,17
2015-04-27 20:00:00,31,15,16
2015-04-27 21:00:00,11,7,4
2015-04-27 22:00:00,2,2,0
2015-04-27 23:00:00,0,0,0
2015-04-28 00:00:00,0,0,0
2015-04-28 01:00:00,0,0,0
2015-04-28 02:00:00,0,0,0
2015-04-28 03:00:00,0,0,0
2015-04-28 04:00:00,0,0,0
2015-04-28 05:00:00,3,2,1
2015-04-28 06:00:00,19,10,9
2015-04-28 07:00:00,18,8,10
2015-04-28 08:00:00,27,18,9
2015-04-28 09:00:00,14,5,9
2015-04-28 10:00:00,22,12,10
2015-04-28 11:00:00,23,12,11
2015-04-28 12:00:00,17,7,10
2015-04-28 13:00:00,8,4,4
2015-04-28 14:00:00,10,6,4
2015-04-28 15:00:00,8,3,5
2015-04-28 16:00:00,13,5,8
2015-04-28 17:00:00,21,12,9
2015-04-28 18:00:00,22,8,14
2015-04-28 19:00:00,4,3,1
2015-04-28 20:00:00,15,5,10
2015-04-28 21:00:00,4,2,2
2015-04-28 22:00:00,0,0,0
2015-04-28 23:00:00,1,0,1
2015-04-29 00:00:00,1,1,0
2015-04-29 01:00:00,0,0,0
2015-04-29 02:00:00,0,0,0
2015-04-29 03:00:00,0,0,0
2015-04-29 04:00:00,0,0,0
2015-04-29 05:00:00,0,0,0
2015-04-29 06:00:00,10,4,6
2015-04-29 07:00:00,14,9,5
2015-04-29 08:00:00,25,14,11
2015-04-29 09:00:00,20,12,8
2015-04-29 10:00:00,25,13,12
2015-04-29 11:00:00,20,12,8
2015-04-29 12:00:00,25,17,8
2015-04-29 13:00:00,31,17,14
2015-04-29 14:00:00,20,7,13
2015-04-29 15:00:00,9,4,5
2015-04-29 16:00:00,36,19,17
2015-04-29 17:00:00,46,22,24
2015-04-29 18:00:00,58,29,29
2015-04-29 19:00:00,42,19,23
2015-04-29 20:00:00,16,9,7
2015-04-29 21:00:00,2,0,2
2015-04-29 22:00:00,0,0,0
2015-04-29 23:00:00,2,1,1
2015-04-30 00:00:00,1,1,0
2015-04-30 01:00:00,0,0,0
2015-04-30 02:00:00,0,0,0
2015-04-30 03:00:00,0,0,0
2015-04-30 04:00:00,0,0,0
2015-04-30 05:00:00,5,1,4
2015-04-30 06:00:00,20,12,8
2015-04-30 07:00:00,18,8,10
2015-04-30 08:00:00,22,16,6
2015-04-30 09:00:00,15,7,8
2015-04-30 10:00:00,30,15,15
2015-04-30 11:00:00,39,21,18
2015-04-30 12:00:00,26,7,19
2015-04-30 13:00:00,34,19,15
2015-04-30 14:00:00,44,17,27
2015-04-30 15:00:00,28,11,17
2015-04-30 16:00:00,21,12,9
2015-04-30 17:00:00,40,21,19
2015-04-30 18:00:00,45,27,18
2015-04-30 19:00:00,25,12,13
2015-04-30 20:00:00,19,11,8
2015-04-30 21:00:00,3,1,2
2015-04-30 22:00:00,0,0,0
2015-04-30 23:00:00,2,1,1
2015-05-01 00:00:00,0,0,0
2015-05-01 01:00:00,0,0,0
2015-05-01 02:00:00,0,0,0
2015-05-01 03:00:00,0,0,0
2015-05-01 04:00:00,0,0,0
2015-05-01 05:00:00,3,2,1
2015-05-01 06:00:00,7,4,3
2015-05-01 07:00:00,17,9,8
2015-05-01 08:00:00,28,16,12
2015-05-01 09:00:00,32,15,17
2015-05-01 10:00:00,21,10,11
2015-05-01 11:00:00,36,20,16
2015-05-01 12:00:00,17,10,7
2015-05-01 13:00:00,19,8,11
2015-05-01 14:00:00,37,17,20
2015-05-01 15:00:00,30,15,15
2015-05-01 16:00:00,30,17,13
2015-05-01 17:00:00,34,13,21
2015-05-01 18:00:00,25,12,13
2015-05-01 19:00:00,14,11,3
2015-05-01 20:00:00,2,0,2
2015-05-01 21:00:00,3,2,1
2015-05-01 22:00:00,1,1,0
2015-05-01 23:00:00,0,0,0
2015-05-02 00:00:00,1,0,1
2015-05-02 01:00:00,0,0,0
2015-05-02 02:00:00,0,0,0
2015-05-02 03:00:00,0,0,0
2015-05-02 04:00:00,1,1,0
2015-05-02 05:00:00,17,7,10
2015-05-02 06:00:00,23,11,12
2015-05-02 07:00:00,50,22,28
2015-05-02 08:00:00,50,21,29
2015-05-02 09:00:00,58,31,27
2015-05-02 10:00:00,56,28,28
2015-05-02 11:00:00,44,21,23
2015-05-02 12:00:00,49,25,24
2015-05-02 13:00:00,54,26,28
2015-05-02 14:00:00,52,29,23
2015-05-02 15:00:00,51,28,23
2015-05-02 16:00:00,44,29,15
2015-05-02 17:00:00,29,14,15
2015-05-02 18:00:00,19,10,9
2015-05-02 19:00:00,3,1,2
2015-05-02 20:00:00,1,1,0
2015-05-02 21:00:00,0,0,0
2015-05-02 22:00:00,0,0,0
2015-05-02 23:00:00,0,0,0
2015-05-03 00:00:00,0,0,0
2015-05-03 01:00:00,0,0,0
2015-05-03 02:00:00,0,0,0
2015-05-03 03:00:00,0,0,0
2015-05-03 04:00:00,0,0,0
2015-05-03 05:00:00,5,3,2
2015-05-03 06:00:00,18,6,12
2015-05-03 07:00:00,32,18,14
2015-05-03 08:00:00,45,33,12
2015-05-03 09:00:00,53,21,32
2015-05-03 10:00:00,55,29,26
2015-05-03 11:00:00,49,28,21
2015-05-03 12:00:00,52,29,23
2015-05-03 13:00:00,48,22,26
2015-05-03 14:00:00,51,22,29
2015-05-03 15:00:00,55,33,22
2015-05-03 16:00:00,38,23,15
2015-05-03 17:00:00,27,13,14
2015-05-03 18:00:00,27,17,10
2015-05-03 19:00:00,5,2,3
2015-05-03 20:00:00,2,1,1
2015-05-03 21:00:00,1,1,0
2015-05-03 22:00:00,1,0,1
2015-05-03 23:00:00,1,1,0
2015-05-04 00:00:00,3,1,2
2015-05-04 01:00:00,0,0,0
2015-05-04 02:00:00,0,0,0
2015-05-04 03:00:00,0,0,0
2015-05-04 04:00:00,3,1,2
2015-05-04 05:00:00,7,1,6
2015-05-04 06:00:00,26,11,15
2015-05-04 07:00:00,26,18,8
2015-05-04 08:00:00,29,13,16
2015-05-04 09:00:00,66,39,27
2015-05-04 10:00:00,88,40,48
2015-05-04 11:00:00,100,44,56
2015-05-04 12:00:00,123,60,63
2015-05-04 13:00:00,81,49,32
2015-05-04 14:00:00,51,33,18
2015-05-04 15:00:00,59,42,17
2015-05-04 16:00:00,88,57,31
2015-05-04 17:00:00,105,68,37
2015-05-04 18:00:00,47,29,18
2015-05-04 19:00:00,28,20,8
2015-05-04 20:00:00,10,9,1
2015-05-04 21:00:00,5,5,0
2015-05-04 22:00:00,1,1,0
2015-05-04 23:00:00,3,3,0
2015-05-05 00:00:00,0,0,0
2015-05-05 01:00:00,0,0,0
2015-05-05 02:00:00,1,1,0
2015-05-05 03:00:00,0,0,0
2015-05-05 04:00:00,1,0,1
2015-05-05 05:00:00,13,8,5
2015-05-05 06:00:00,14,7,7
2015-05-05 07:00:00,18,9,9
2015-05-05 08:00:00,14,6,8
2015-05-05 09:00:00,21,13,8
2015-05-05 10:00:00,27,16,11
2015-05-05 11:00:00,27,13,14
2015-05-05 12:00:00,23,12,11
2015-05-05 13:00:00,7,1,6
2015-05-05 14:00:00,11,9,2
2015-05-05 15:00:00,12,6,6
2015-05-05 16:00:00,17,8,9
2015-05-05 17:00:00,21,12,9
2015-05-05 18:00:00,7,4,3
2015-05-05 19:00:00,1,0,1
2015-05-05 20:00:00,0,0,0
2015-05-05 21:00:00,0,0,0
2015-05-05 22:00:00,0,0,0
2015-05-05 23:00:00,0,0,0
2015-05-06 00:00:00,0,0,0
2015-05-06 01:00:00,0,0,0
2015-05-06 02:00:00,0,0,0
2015-05-06 03:00:00,0,0,0
2015-05-06 04:00:00,4,1,3
2015-05-06 05:00:00,7,2,5
2015-05-06 06:00:00,31,16,15
2015-05-06 07:00:00,27,17,10
2015-05-06 08:00:00,24,13,11
2015-05-06 09:00:00,25,10,15
2015-05-06 10:00:00,30,18,12
2015-05-06 11:00:00,28,16,12
2015-05-06 12:00:00,24,14,10
2015-05-06 13:00:00,24,8,16
2015-05-06 14:00:00,26,14,12
2015-05-06 15:00:00,25,10,15
2015-05-06 16:00:00,24,13,11
2015-05-06 17:00:00,58,28,30
2015-05-06 18:00:00,32,14,18
2015-05-06 19:00:00,21,10,11
2015-05-06 20:00:00,11,7,4
2015-05-06 21:00:00,1,1,0
2015-05-06 22:00:00,1,1,0
2015-05-06 23:00:00,0,0,0
2015-05-07 00:00:00,0,0,0
2015-05-07 01:00:00,0,0,0
2015-05-07 02:00:00,0,0,0
2015-05-07 03:00:00,0,0,0
2015-05-07 04:00:00,2,1,1
2015-05-07 05:00:00,14,7,7
2015-05-07 06:00:00,24,10,14
2015-05-07 07:00:00,23,14,9
2015-05-07 08:00:00,29,16,13
2015-05-07 09:00:00,26,13,13
2015-05-07 10:00:00,62,40,22
2015-05-07 11:00:00,37,23,14
2015-05-07 12:00:00,30,12,18
2015-05-07 13:00:00,26,14,12
2015-05-07 14:00:00,16,9,7
2015-05-07 15:00:00,27,7,20
2015-05-07 16:00:00,32,13,19
2015-05-07 17:00:00,47,24,23
2015-05-07 18:00:00,35,16,19
2015-05-07 19:00:00,14,8,6
2015-05-07 20:00:00,3,2,1
2015-05-07 21:00:00,0,0,0
2015-05-07 22:00:00,0,0,0
2015-05-07 23:00:00,0,0,0
2015-05-08 00:00:00,0,0,0
2015-05-08 01:00:00,0,0,0
2015-05-08 02:00:00,0,0,0
2015-05-08 03:00:00,0,0,0
2015-05-08 04:00:00,4,1,3
2015-05-08 05:00:00,8,3,5
2015-05-08 06:00:00,23,16,7
2015-05-08 07:00:00,23,13,10
2015-05-08 08:00:00,20,10,10
2015-05-08 09:00:00,44,24,20
2015-05-08 10:00:00,31,17,14
2015-05-08 11:00:00,30,19,11
2015-05-08 12:00:00,31,16,15
2015-05-08 13:00:00,27,19,8
2015-05-08 14:00:00,26,12,14
2015-05-08 15:00:00,29,14,15
2015-05-08 16:00:00,35,13,22
2015-05-08 17:00:00,44,21,23
2015-05-08 18:00:00,29,18,11
2015-05-08 19:00:00,3,2,1
2015-05-08 20:00:00,6,3,3
2015-05-08 21:00:00,1,1,0
2015-05-08 22:00:00,0,0,0
2015-05-08 23:00:00,0,0,0
2015-05-09 00:00:00,0,0,0
2015-05-09 01:00:00,0,0,0
2015-05-09 02:00:00,0,0,0
2015-05-09 03:00:00,0,0,0
2015-05-09 04:00:00,1,0,1
2015-05-09 05:00:00,4,2,2
2015-05-09 06:00:00,25,12,13
2015-05-09 07:00:00,58,31,27
2015-05-09 08:00:00,76,41,35
2015-05-09 09:00:00,69,35,34
2015-05-09 10:00:00,68,34,34
2015-05-09 11:00:00,57,29,28
2015-05-09 12:00:00,61,25,36
2015-05-09 13:00:00,32,16,16
2015-05-09 14:00:00,38,22,16
2015-05-09 15:00:00,106,51,55
2015-05-09 16:00:00,37,24,13
2015-05-09 17:00:00,32,12,20
2015-05-09 18:00:00,15,10,5
2015-05-09 19:00:00,9,5,4
2015-05-09 20:00:00,2,1,1
2015-05-09 21:00:00,0,0,0
2015-05-09 22:00:00,0,0,0
2015-05-09 23:00:00,0,0,0
2015-05-10 00:00:00,0,0,0
2015-05-10 01:00:00,0,0,0
2015-05-10 02:00:00,0,0,0
2015-05-10 03:00:00,0,0,0
2015-05-10 04:00:00,1,0,1
2015-05-10 05:00:00,5,3,2
2015-05-10 06:00:00,12,3,9
2015-05-10 07:00:00,34,15,19
2015-05-10 08:00:00,48,26,22
2015-05-10 09:00:00,65,34,31
2015-05-10 10:00:00,56,30,26
2015-05-10 11:00:00,62,28,34
2015-05-10 12:00:00,44,22,22
2015-05-10 13:00:00,33,13,20
2015-05-10 14:00:00,45,28,17
2015-05-10 15:00:00,44,30,14
2015-05-10 16:00:00,42,22,20
2015-05-10 17:00:00,24,13,11
2015-05-10 18:00:00,14,10,4
2015-05-10 19:00:00,7,5,2
2015-05-10 20:00:00,4,4,0
2015-05-10 21:00:00,0,0,0
2015-05-10 22:00:00,1,1,0
2015-05-10 23:00:00,0,0,0
2015-05-11 00:00:00,0,0,0
2015-05-11 01:00:00,0,0,0
2015-05-11 02:00:00,0,0,0
2015-05-11 03:00:00,0,0,0
2015-05-11 04:00:00,0,0,0
2015-05-11 05:00:00,16,8,8
2015-05-11 06:00:00,18,11,7
2015-05-11 07:00:00,14,8,6
2015-05-11 08:00:00,24,14,10
2015-05-11 09:00:00,21,13,8
2015-05-11 10:00:00,29,12,17
2015-05-11 11:00:00,13,9,4
2015-05-11 12:00:00,21,9,12
2015-05-11 13:00:00,20,10,10
2015-05-11 14:00:00,24,12,12
2015-05-11 15:00:00,17,5,12
2015-05-11 16:00:00,41,18,23
2015-05-11 17:00:00,39,19,20
2015-05-11 18:00:00,25,13,12
2015-05-11 19:00:00,6,3,3
2015-05-11 20:00:00,7,3,4
2015-05-11 21:00:00,2,1,1
2015-05-11 22:00:00,1,1,0
2015-05-11 23:00:00,0,0,0
2015-05-12 00:00:00,0,0,0
2015-05-12 01:00:00,0,0,0
2015-05-12 02:00:00,0,0,0
2015-05-12 03:00:00,0,0,0
2015-05-12 04:00:00,1,0,1
2015-05-12 05:00:00,5,3,2
2015-05-12 06:00:00,20,13,7
2015-05-12 07:00:00,29,19,10
2015-05-12 08:00:00,28,12,16
2015-05-12 09:00:00,30,16,14
2015-05-12 10:00:00,24,13,11
2015-05-12 11:00:00,27,12,15
2015-05-12 12:00:00,18,10,8
2015-05-12 13:00:00,6,6,0
2015-05-12 14:00:00,8,6,2
2015-05-12 15:00:00,25,11,14
2015-05-12 16:00:00,35,16,19
2015-05-12 17:00:00,42,21,21
2015-05-12 18:00:00,26,11,15
2015-05-12 19:00:00,19,11,8
2015-05-12 20:00:00,6,5,1
2015-05-12 21:00:00,1,0,1
2015-05-12 22:00:00,1,1,0
2015-05-12 23:00:00,0,0,0
2015-05-13 00:00:00,0,0,0
2015-05-13 01:00:00,0,0,0
2015-05-13 02:00:00,0,0,0
2015-05-13 03:00:00,0,0,0
2015-05-13 04:00:00,0,0,0
2015-05-13 05:00:00,3,2,1
2015-05-13 06:00:00,14,11,3
2015-05-13 07:00:00,12,11,1
2015-05-13 08:00:00,30,28,2
2015-05-13 09:00:00,23,19,4
2015-05-13 10:00:00,19,12,7
2015-05-13 11:00:00,21,9,12
2015-05-13 12:00:00,10,8,2
2015-05-13 13:00:00,6,5,1
2015-05-13 14:00:00,7,5,2
2015-05-13 15:00:00,8,7,1
2015-05-13 16:00:00,13,12,1
2015-05-13 17:00:00,5,4,1
2015-05-13 18:00:00,0,0,0
2015-05-13 19:00:00,4,4,0
2015-05-13 20:00:00,1,1,0
2015-05-13 21:00:00,0,0,0
2015-05-13 22:00:00,0,0,0
2015-05-13 23:00:00,0,0,0
2015-05-14 00:00:00,0,0,0
2015-05-14 01:00:00,0,0,0
2015-05-14 02:00:00,0,0,0
2015-05-14 03:00:00,0,0,0
2015-05-14 04:00:00,0,0,0
2015-05-14 05:00:00,1,1,0
2015-05-14 06:00:00,3,3,0
2015-05-14 07:00:00,1,1,0
2015-05-14 08:00:00,3,3,0
2015-05-14 09:00:00,2,1,1
2015-05-14 10:00:00,7,6,1
2015-05-14 11:00:00,11,9,2
2015-05-14 12:00:00,18,16,2
2015-05-14 13:00:00,17,12,5
2015-05-14 14:00:00,12,10,2
2015-05-14 15:00:00,16,16,0
2015-05-14 16:00:00,20,16,4
2015-05-14 17:00:00,26,23,3
2015-05-14 18:00:00,17,16,1
2015-05-14 19:00:00,6,6,0
2015-05-14 20:00:00,1,1,0
2015-05-14 21:00:00,0,0,0
2015-05-14 22:00:00,0,0,0
2015-05-14 23:00:00,2,2,0
2015-05-15 00:00:00,0,0,0
2015-05-15 01:00:00,0,0,0
2015-05-15 02:00:00,0,0,0
2015-05-15 03:00:00,0,0,0
2015-05-15 04:00:00,3,3,0
2015-05-15 05:00:00,5,5,0
2015-05-15 06:00:00,4,4,0
2015-05-15 07:00:00,19,16,3
2015-05-15 08:00:00,18,18,0
2015-05-15 09:00:00,23,22,1
2015-05-15 10:00:00,20,20,0
2015-05-15 11:00:00,24,24,0
2015-05-15 12:00:00,68,60,8
2015-05-15 13:00:00,38,36,2
2015-05-15 14:00:00,27,27,0
2015-05-15 15:00:00,43,39,4
2015-05-15 16:00:00,29,29,0
2015-05-15 17:00:00,37,37,0
2015-05-15 18:00:00,19,19,0
2015-05-15 19:00:00,12,12,0
2015-05-15 20:00:00,4,4,0
2015-05-15 21:00:00,3,3,0
2015-05-15 22:00:00,0,0,0
2015-05-15 23:00:00,2,1,1
2015-05-16 00:00:00,2,1,1
2015-05-16 01:00:00,0,0,0
2015-05-16 02:00:00,0,0,0
2015-05-16 03:00:00,0,0,0
2015-05-16 04:00:00,0,0,0
2015-05-16 05:00:00,5,5,0
2015-05-16 06:00:00,16,16,0
2015-05-16 07:00:00,23,23,0
2015-05-16 08:00:00,68,68,0
2015-05-16 09:00:00,64,64,0
2015-05-16 10:00:00,72,72,0
2015-05-16 11:00:00,47,47,0
2015-05-16 12:00:00,28,28,0
2015-05-16 13:00:00,37,37,0
2015-05-16 14:00:00,40,40,0
2015-05-16 15:00:00,25,25,0
2015-05-16 16:00:00,27,27,0
2015-05-16 17:00:00,19,19,0
2015-05-16 18:00:00,14,14,0
2015-05-16 19:00:00,6,6,0
2015-05-16 20:00:00,3,3,0
2015-05-16 21:00:00,0,0,0
2015-05-16 22:00:00,0,0,0
2015-05-16 23:00:00,2,2,0
2015-05-17 00:00:00,0,0,0
2015-05-17 01:00:00,0,0,0
2015-05-17 02:00:00,0,0,0
2015-05-17 03:00:00,0,0,0
2015-05-17 04:00:00,1,1,0
2015-05-17 05:00:00,3,3,0
2015-05-17 06:00:00,8,8,0
2015-05-17 07:00:00,30,30,0
2015-05-17 08:00:00,26,26,0
2015-05-17 09:00:00,53,53,0
2015-05-17 10:00:00,51,51,0
2015-05-17 11:00:00,45,45,0
2015-05-17 12:00:00,28,28,0
2015-05-17 13:00:00,39,39,0
2015-05-17 14:00:00,58,58,0
2015-05-17 15:00:00,45,45,0
2015-05-17 16:00:00,63,63,0
2015-05-17 17:00:00,38,38,0
2015-05-17 18:00:00,21,20,1
2015-05-17 19:00:00,17,17,0
2015-05-17 20:00:00,5,5,0
2015-05-17 21:00:00,1,1,0
2015-05-17 22:00:00,0,0,0
2015-05-17 23:00:00,0,0,0
2015-05-18 00:00:00,0,0,0
2015-05-18 01:00:00,0,0,0
2015-05-18 02:00:00,0,0,0
2015-05-18 03:00:00,0,0,0
2015-05-18 04:00:00,0,0,0
2015-05-18 05:00:00,9,8,1
2015-05-18 06:00:00,7,7,0
2015-05-18 07:00:00,25,25,0
2015-05-18 08:00:00,28,28,0
2015-05-18 09:00:00,33,32,1
2015-05-18 10:00:00,452,446,6
2015-05-18 11:00:00,105,105,0
2015-05-18 12:00:00,40,37,3
2015-05-18 13:00:00,27,27,0
2015-05-18 14:00:00,27,27,0
2015-05-18 15:00:00,29,29,0
2015-05-18 16:00:00,52,51,1
2015-05-18 17:00:00,47,47,0
2015-05-18 18:00:00,34,34,0
2015-05-18 19:00:00,24,24,0
2015-05-18 20:00:00,8,8,0
2015-05-18 21:00:00,1,1,0
2015-05-18 22:00:00,1,1,0
2015-05-18 23:00:00,0,0,0
2015-05-19 00:00:00,0,0,0
2015-05-19 01:00:00,0,0,0
2015-05-19 02:00:00,0,0,0
2015-05-19 03:00:00,0,0,0
2015-05-19 04:00:00,0,0,0
2015-05-19 05:00:00,7,7,0
2015-05-19 06:00:00,16,15,1
2015-05-19 07:00:00,30,30,0
2015-05-19 08:00:00,23,22,1
2015-05-19 09:00:00,25,25,0
2015-05-19 10:00:00,20,20,0
2015-05-19 11:00:00,38,38,0
2015-05-19 12:00:00,28,28,0
2015-05-19 13:00:00,33,32,1
2015-05-19 14:00:00,24,24,0
2015-05-19 15:00:00,29,22,7
2015-05-19 16:00:00,40,36,4
2015-05-19 17:00:00,30,30,0
2015-05-19 18:00:00,27,26,1
2015-05-19 19:00:00,20,18,2
2015-05-19 20:00:00,12,11,1
2015-05-19 21:00:00,3,3,0
2015-05-19 22:00:00,1,1,0
2015-05-19 23:00:00,0,0,0
2015-05-20 00:00:00,0,0,0
2015-05-20 01:00:00,0,0,0
2015-05-20 02:00:00,0,0,0
2015-05-20 03:00:00,0,0,0
2015-05-20 04:00:00,2,2,0
2015-05-20 05:00:00,13,11,2
2015-05-20 06:00:00,12,11,1
2015-05-20 07:00:00,33,33,0
2015-05-20 08:00:00,39,39,0
2015-05-20 09:00:00,19,19,0
2015-05-20 10:00:00,19,19,0
2015-05-20 11:00:00,39,35,4
2015-05-20 12:00:00,41,41,0
2015-05-20 13:00:00,39,38,1
2015-05-20 14:00:00,13,6,7
2015-05-20 15:00:00,40,21,19
2015-05-20 16:00:00,45,25,20
2015-05-20 17:00:00,41,22,19
2015-05-20 18:00:00,38,22,16
2015-05-20 19:00:00,18,12,6
2015-05-20 20:00:00,8,5,3
2015-05-20 21:00:00,2,2,0
2015-05-20 22:00:00,1,0,1
2015-05-20 23:00:00,0,0,0
2015-05-21 00:00:00,0,0,0
2015-05-21 01:00:00,0,0,0
2015-05-21 02:00:00,0,0,0
2015-05-21 03:00:00,0,0,0
2015-05-21 04:00:00,4,3,1
2015-05-21 05:00:00,12,10,2
2015-05-21 06:00:00,24,21,3
2015-05-21 07:00:00,33,32,1
2015-05-21 08:00:00,42,36,6
2015-05-21 09:00:00,29,25,4
2015-05-21 10:00:00,49,32,17
2015-05-21 11:00:00,52,40,12
2015-05-21 12:00:00,37,31,6
2015-05-21 13:00:00,24,17,7
2015-05-21 14:00:00,24,17,7
2015-05-21 15:00:00,20,11,9
2015-05-21 16:00:00,33,15,18
2015-05-21 17:00:00,25,9,16
2015-05-21 18:00:00,24,12,12
2015-05-21 19:00:00,22,11,11
2015-05-21 20:00:00,13,10,3
2015-05-21 21:00:00,0,0,0
2015-05-21 22:00:00,2,2,0
2015-05-21 23:00:00,3,3,0
2015-05-22 00:00:00,3,2,1
2015-05-22 01:00:00,0,0,0
2015-05-22 02:00:00,0,0,0
2015-05-22 03:00:00,1,0,1
2015-05-22 04:00:00,5,4,1
2015-05-22 05:00:00,16,12,4
2015-05-22 06:00:00,29,25,4
2015-05-22 07:00:00,22,19,3
2015-05-22 08:00:00,33,19,14
2015-05-22 09:00:00,20,17,3
2015-05-22 10:00:00,28,21,7
2015-05-22 11:00:00,35,30,5
2015-05-22 12:00:00,38,29,9
2015-05-22 13:00:00,33,28,5
2015-05-22 14:00:00,22,22,0
2015-05-22 15:00:00,39,27,12
2015-05-22 16:00:00,32,26,6
2015-05-22 17:00:00,34,28,6
2015-05-22 18:00:00,23,16,7
2015-05-22 19:00:00,14,12,2
2015-05-22 20:00:00,6,5,1
2015-05-22 21:00:00,1,1,0
2015-05-22 22:00:00,4,3,1
2015-05-22 23:00:00,0,0,0
2015-05-23 00:00:00,0,0,0
2015-05-23 01:00:00,0,0,0
2015-05-23 02:00:00,0,0,0
2015-05-23 03:00:00,7,7,0
2015-05-23 04:00:00,0,0,0
2015-05-23 05:00:00,10,6,4
2015-05-23 06:00:00,16,13,3
2015-05-23 07:00:00,37,27,10
2015-05-23 08:00:00,53,23,30
2015-05-23 09:00:00,70,49,21
2015-05-23 10:00:00,67,29,38
2015-05-23 11:00:00,47,28,19
2015-05-23 12:00:00,32,18,14
2015-05-23 13:00:00,33,19,14
2015-05-23 14:00:00,31,23,8
2015-05-23 15:00:00,20,13,7
2015-05-23 16:00:00,25,13,12
2015-05-23 17:00:00,24,17,7
2015-05-23 18:00:00,28,12,16
2015-05-23 19:00:00,12,11,1
2015-05-23 20:00:00,4,3,1
2015-05-23 21:00:00,4,3,1
2015-05-23 22:00:00,0,0,0
2015-05-23 23:00:00,0,0,0
2015-05-24 00:00:00,0,0,0
2015-05-24 01:00:00,0,0,0
2015-05-24 02:00:00,0,0,0
2015-05-24 03:00:00,0,0,0
2015-05-24 04:00:00,1,1,0
2015-05-24 05:00:00,6,3,3
2015-05-24 06:00:00,14,6,8
2015-05-24 07:00:00,33,20,13
2015-05-24 08:00:00,45,22,23
2015-05-24 09:00:00,53,28,25
2015-05-24 10:00:00,48,22,26
2015-05-24 11:00:00,55,26,29
2015-05-24 12:00:00,35,21,14
2015-05-24 13:00:00,49,32,17
2015-05-24 14:00:00,31,14,17
2015-05-24 15:00:00,34,14,20
2015-05-24 16:00:00,32,19,13
2015-05-24 17:00:00,29,23,6
2015-05-24 18:00:00,24,13,11
2015-05-24 19:00:00,17,9,8
2015-05-24 20:00:00,9,7,2
2015-05-24 21:00:00,1,1,0
2015-05-24 22:00:00,0,0,0
2015-05-24 23:00:00,0,0,0
2015-05-25 00:00:00,0,0,0
2015-05-25 01:00:00,0,0,0
2015-05-25 02:00:00,0,0,0
2015-05-25 03:00:00,0,0,0
2015-05-25 04:00:00,0,0,0
2015-05-25 05:00:00,9,4,5
2015-05-25 06:00:00,15,8,7
2015-05-25 07:00:00,30,14,16
2015-05-25 08:00:00,26,11,15
2015-05-25 09:00:00,44,25,19
2015-05-25 10:00:00,65,26,39
2015-05-25 11:00:00,44,23,21
2015-05-25 12:00:00,37,18,19
2015-05-25 13:00:00,38,21,17
2015-05-25 14:00:00,50,26,24
2015-05-25 15:00:00,56,35,21
2015-05-25 16:00:00,29,17,12
2015-05-25 17:00:00,19,11,8
2015-05-25 18:00:00,12,6,6
2015-05-25 19:00:00,5,2,3
2015-05-25 20:00:00,4,4,0
2015-05-25 21:00:00,1,0,1
2015-05-25 22:00:00,1,1,0
2015-05-25 23:00:00,0,0,0
2015-05-26 00:00:00,0,0,0
2015-05-26 01:00:00,0,0,0
2015-05-26 02:00:00,0,0,0
2015-05-26 03:00:00,0,0,0
2015-05-26 04:00:00,2,0,2
2015-05-26 05:00:00,14,7,7
2015-05-26 06:00:00,19,12,7
2015-05-26 07:00:00,35,20,15
2015-05-26 08:00:00,12,6,6
2015-05-26 09:00:00,40,20,20
2015-05-26 10:00:00,27,15,12
2015-05-26 11:00:00,27,15,12
2015-05-26 12:00:00,21,10,11
2015-05-26 13:00:00,16,8,8
2015-05-26 14:00:00,21,13,8
2015-05-26 15:00:00,35,13,22
2015-05-26 16:00:00,43,26,17
2015-05-26 17:00:00,38,18,20
2015-05-26 18:00:00,47,32,15
2015-05-26 19:00:00,15,8,7
2015-05-26 20:00:00,3,1,2
2015-05-26 21:00:00,5,2,3
2015-05-26 22:00:00,0,0,0
2015-05-26 23:00:00,0,0,0
2015-05-27 00:00:00,0,0,0
2015-05-27 01:00:00,0,0,0
2015-05-27 02:00:00,0,0,0
2015-05-27 03:00:00,0,0,0
2015-05-27 04:00:00,1,0,1
2015-05-27 05:00:00,12,5,7
2015-05-27 06:00:00,30,20,10
2015-05-27 07:00:00,19,15,4
2015-05-27 08:00:00,18,7,11
2015-05-27 09:00:00,32,18,14
2015-05-27 10:00:00,36,20,16
2015-05-27 11:00:00,31,15,16
2015-05-27 12:00:00,25,13,12
2015-05-27 13:00:00,32,20,12
2015-05-27 14:00:00,33,15,18
2015-05-27 15:00:00,32,10,22
2015-05-27 16:00:00,32,16,16
2015-05-27 17:00:00,40,15,25
2015-05-27 18:00:00,44,26,18
2015-05-27 19:00:00,19,12,7
2015-05-27 20:00:00,9,6,3
2015-05-27 21:00:00,1,0,1
2015-05-27 22:00:00,4,3,1
2015-05-27 23:00:00,0,0,0
2015-05-28 00:00:00,0,0,0
2015-05-28 01:00:00,0,0,0
2015-05-28 02:00:00,0,0,0
2015-05-28 03:00:00,0,0,0
2015-05-28 04:00:00,3,1,2
2015-05-28 05:00:00,18,8,10
2015-05-28 06:00:00,18,10,8
2015-05-28 07:00:00,21,13,8
2015-05-28 08:00:00,30,11,19
2015-05-28 09:00:00,44,21,23
2015-05-28 10:00:00,49,24,25
2015-05-28 11:00:00,29,15,14
2015-05-28 12:00:00,42,25,17
2015-05-28 13:00:00,34,21,13
2015-05-28 14:00:00,29,14,15
2015-05-28 15:00:00,26,12,14
2015-05-28 16:00:00,40,22,18
2015-05-28 17:00:00,48,24,24
2015-05-28 18:00:00,32,15,17
2015-05-28 19:00:00,30,16,14
2015-05-28 20:00:00,23,13,10
2015-05-28 21:00:00,2,1,1
2015-05-28 22:00:00,0,0,0
2015-05-28 23:00:00,0,0,0
2015-05-29 00:00:00,0,0,0
2015-05-29 01:00:00,0,0,0
2015-05-29 02:00:00,1,0,1
2015-05-29 03:00:00,1,1,0
2015-05-29 04:00:00,8,5,3
2015-05-29 05:00:00,12,6,6
2015-05-29 06:00:00,27,18,9
2015-05-29 07:00:00,27,17,10
2015-05-29 08:00:00,31,18,13
2015-05-29 09:00:00,42,18,24
2015-05-29 10:00:00,32,19,13
2015-05-29 11:00:00,23,12,11
2015-05-29 12:00:00,40,21,19
2015-05-29 13:00:00,15,12,3
2015-05-29 14:00:00,24,10,14
2015-05-29 15:00:00,17,10,7
2015-05-29 16:00:00,35,18,17
2015-05-29 17:00:00,32,14,18
2015-05-29 18:00:00,30,17,13
2015-05-29 19:00:00,17,5,12
2015-05-29 20:00:00,12,7,5
2015-05-29 21:00:00,0,0,0
2015-05-29 22:00:00,2,1,1
2015-05-29 23:00:00,2,1,1
2015-05-30 00:00:00,0,0,0
2015-05-30 01:00:00,0,0,0
2015-05-30 02:00:00,0,0,0
2015-05-30 03:00:00,0,0,0
2015-05-30 04:00:00,1,1,0
2015-05-30 05:00:00,9,3,6
2015-05-30 06:00:00,20,7,13
2015-05-30 07:00:00,48,24,24
2015-05-30 08:00:00,63,31,32
2015-05-30 09:00:00,72,40,32
2015-05-30 10:00:00,59,32,27
2015-05-30 11:00:00,54,33,21
2015-05-30 12:00:00,46,24,22
2015-05-30 13:00:00,54,22,32
2015-05-30 14:00:00,52,36,16
2015-05-30 15:00:00,47,27,20
2015-05-30 16:00:00,44,25,19
2015-05-30 17:00:00,27,16,11
2015-05-30 18:00:00,28,18,10
2015-05-30 19:00:00,14,8,6
2015-05-30 20:00:00,12,9,3
2015-05-30 21:00:00,1,0,1
2015-05-30 22:00:00,4,2,2
2015-05-30 23:00:00,0,0,0
2015-05-31 00:00:00,0,0,0
2015-05-31 01:00:00,1,1,0
2015-05-31 02:00:00,0,0,0
2015-05-31 03:00:00,1,1,0
2015-05-31 04:00:00,0,0,0
2015-05-31 05:00:00,10,6,4
2015-05-31 06:00:00,18,7,11
2015-05-31 07:00:00,32,16,16
2015-05-31 08:00:00,74,37,37
2015-05-31 09:00:00,59,35,24
2015-05-31 10:00:00,73,42,31
2015-05-31 11:00:00,67,29,38
2015-05-31 12:00:00,39,21,18
2015-05-31 13:00:00,40,18,22
2015-05-31 14:00:00,34,17,17
2015-05-31 15:00:00,41,25,16
2015-05-31 16:00:00,51,27,24
2015-05-31 17:00:00,45,24,21
2015-05-31 18:00:00,19,10,9
2015-05-31 19:00:00,21,12,9
2015-05-31 20:00:00,4,4,0
2015-05-31 21:00:00,0,0,0
2015-05-31 22:00:00,0,0,0
2015-05-31 23:00:00,0,0,0
2015-06-01 00:00:00,0,0,0
2015-06-01 01:00:00,0,0,0
2015-06-01 02:00:00,0,0,0
2015-06-01 03:00:00,0,0,0
2015-06-01 04:00:00,5,2,3
2015-06-01 05:00:00,8,5,3
2015-06-01 06:00:00,19,13,6
2015-06-01 07:00:00,17,11,6
2015-06-01 08:00:00,19,11,8
2015-06-01 09:00:00,11,6,5
2015-06-01 10:00:00,8,5,3
2015-06-01 11:00:00,8,5,3
2015-06-01 12:00:00,23,14,9
2015-06-01 13:00:00,19,8,11
2015-06-01 14:00:00,22,12,10
2015-06-01 15:00:00,17,11,6
2015-06-01 16:00:00,27,15,12
2015-06-01 17:00:00,41,23,18
2015-06-01 18:00:00,36,19,17
2015-06-01 19:00:00,19,7,12
2015-06-01 20:00:00,8,4,4
2015-06-01 21:00:00,9,5,4
2015-06-01 22:00:00,6,4,2
2015-06-01 23:00:00,0,0,0
2015-06-02 00:00:00,0,0,0
2015-06-02 01:00:00,1,0,1
2015-06-02 02:00:00,0,0,0
2015-06-02 03:00:00,0,0,0
2015-06-02 04:00:00,0,0,0
2015-06-02 05:00:00,0,0,0
2015-06-02 06:00:00,13,8,5
2015-06-02 07:00:00,14,8,6
2015-06-02 08:00:00,35,22,13
2015-06-02 09:00:00,35,14,21
2015-06-02 10:00:00,38,17,21
2015-06-02 11:00:00,31,17,14
2015-06-02 12:00:00,23,13,10
2015-06-02 13:00:00,24,10,14
2015-06-02 14:00:00,16,8,8
2015-06-02 15:00:00,14,7,7
2015-06-02 16:00:00,37,16,21
2015-06-02 17:00:00,36,16,20
2015-06-02 18:00:00,16,11,5
2015-06-02 19:00:00,18,11,7
2015-06-02 20:00:00,14,5,9
2015-06-02 21:00:00,7,4,3
2015-06-02 22:00:00,1,1,0
2015-06-02 23:00:00,1,0,1
2015-06-03 00:00:00,1,1,0
2015-06-03 01:00:00,1,0,1
2015-06-03 02:00:00,0,0,0
2015-06-03 03:00:00,0,0,0
2015-06-03 04:00:00,0,0,0
2015-06-03 05:00:00,1,0,1
2015-06-03 06:00:00,14,6,8
2015-06-03 07:00:00,19,11,8
2015-06-03 08:00:00,16,12,4
2015-06-03 09:00:00,30,16,14
2015-06-03 10:00:00,20,10,10
2015-06-03 11:00:00,15,8,7
2015-06-03 12:00:00,20,11,9
2015-06-03 13:00:00,29,14,15
2015-06-03 14:00:00,22,13,9
2015-06-03 15:00:00,21,12,9
2015-06-03 16:00:00,24,11,13
2015-06-03 17:00:00,45,21,24
2015-06-03 18:00:00,42,20,22
2015-06-03 19:00:00,32,17,15
2015-06-03 20:00:00,31,13,18
2015-06-03 21:00:00,9,8,1
2015-06-03 22:00:00,1,0,1
2015-06-03 23:00:00,3,2,1
2015-06-04 00:00:00,0,0,0
2015-06-04 01:00:00,3,0,3
2015-06-04 02:00:00,0,0,0
2015-06-04 03:00:00,0,0,0
2015-06-04 04:00:00,0,0,0
2015-06-04 05:00:00,3,1,2
2015-06-04 06:00:00,15,9,6
2015-06-04 07:00:00,22,10,12
2015-06-04 08:00:00,26,16,10
2015-06-04 09:00:00,22,11,11
2015-06-04 10:00:00,44,23,21
2015-06-04 11:00:00,41,25,16
2015-06-04 12:00:00,28,15,13
2015-06-04 13:00:00,23,12,11
2015-06-04 14:00:00,20,10,10
2015-06-04 15:00:00,22,11,11
2015-06-04 16:00:00,26,13,13
2015-06-04 17:00:00,43,18,25
2015-06-04 18:00:00,39,22,17
2015-06-04 19:00:00,17,8,9
2015-06-04 20:00:00,28,15,13
2015-06-04 21:00:00,10,7,3
2015-06-04 22:00:00,5,2,3
2015-06-04 23:00:00,0,0,0
2015-06-05 00:00:00,7,6,1
2015-06-05 01:00:00,0,0,0
2015-06-05 02:00:00,0,0,0
2015-06-05 03:00:00,0,0,0
2015-06-05 04:00:00,0,0,0
2015-06-05 05:00:00,5,3,2
2015-06-05 06:00:00,16,6,10
2015-06-05 07:00:00,21,13,8
2015-06-05 08:00:00,21,11,10
2015-06-05 09:00:00,51,22,29
2015-06-05 10:00:00,45,21,24
2015-06-05 11:00:00,70,47,23
2015-06-05 12:00:00,53,32,21
2015-06-05 13:00:00,53,40,13
2015-06-05 14:00:00,47,30,17
2015-06-05 15:00:00,72,52,20
2015-06-05 16:00:00,27,10,17
2015-06-05 17:00:00,30,15,15
2015-06-05 18:00:00,36,16,20
2015-06-05 19:00:00,45,26,19
2015-06-05 20:00:00,14,11,3
2015-06-05 21:00:00,10,6,4
2015-06-05 22:00:00,1,1,0
2015-06-05 23:00:00,0,0,0
2015-06-06 00:00:00,1,0,1
2015-06-06 01:00:00,1,1,0
2015-06-06 02:00:00,0,0,0
2015-06-06 03:00:00,0,0,0
2015-06-06 04:00:00,0,0,0
2015-06-06 05:00:00,1,0,1
2015-06-06 06:00:00,10,6,4
2015-06-06 07:00:00,29,11,18
2015-06-06 08:00:00,62,31,31
2015-06-06 09:00:00,92,51,41
2015-06-06 10:00:00,72,42,30
2015-06-06 11:00:00,64,34,30
2015-06-06 12:00:00,65,33,32
2015-06-06 13:00:00,46,25,21
2015-06-06 14:00:00,44,23,21
2015-06-06 15:00:00,34,19,15
2015-06-06 16:00:00,50,23,27
2015-06-06 17:00:00,29,15,14
2015-06-06 18:00:00,34,26,8
2015-06-06 19:00:00,23,13,10
2015-06-06 20:00:00,24,15,9
2015-06-06 21:00:00,28,15,13
2015-06-06 22:00:00,5,5,0
2015-06-06 23:00:00,1,0,1
2015-06-07 00:00:00,3,2,1
2015-06-07 01:00:00,1,0,1
2015-06-07 02:00:00,0,0,0
2015-06-07 03:00:00,0,0,0
2015-06-07 04:00:00,0,0,0
2015-06-07 05:00:00,0,0,0
2015-06-07 06:00:00,7,3,4
2015-06-07 07:00:00,19,9,10
2015-06-07 08:00:00,55,26,29
2015-06-07 09:00:00,87,54,33
2015-06-07 10:00:00,125,95,30
2015-06-07 11:00:00,131,64,67
2015-06-07 12:00:00,78,30,48
2015-06-07 13:00:00,52,30,22
2015-06-07 14:00:00,27,14,13
2015-06-07 15:00:00,34,14,20
2015-06-07 16:00:00,54,31,23
2015-06-07 17:00:00,36,19,17
2015-06-07 18:00:00,31,22,9
2015-06-07 19:00:00,29,17,12
2015-06-07 20:00:00,18,8,10
2015-06-07 21:00:00,14,6,8
2015-06-07 22:00:00,1,0,1
2015-06-07 23:00:00,1,0,1
2015-06-08 00:00:00,0,0,0
2015-06-08 01:00:00,0,0,0
2015-06-08 02:00:00,0,0,0
2015-06-08 03:00:00,0,0,0
2015-06-08 04:00:00,0,0,0
2015-06-08 05:00:00,7,3,4
2015-06-08 06:00:00,11,4,7
2015-06-08 07:00:00,29,16,13
2015-06-08 08:00:00,32,22,10
2015-06-08 09:00:00,48,22,26
2015-06-08 10:00:00,50,33,17
2015-06-08 11:00:00,32,21,11
2015-06-08 12:00:00,34,18,16
2015-06-08 13:00:00,24,13,11
2015-06-08 14:00:00,15,8,7
2015-06-08 15:00:00,22,16,6
2015-06-08 16:00:00,33,18,15
2015-06-08 17:00:00,31,19,12
2015-06-08 18:00:00,54,29,25
2015-06-08 19:00:00,37,20,17
2015-06-08 20:00:00,21,12,9
2015-06-08 21:00:00,14,8,6
2015-06-08 22:00:00,4,2,2
2015-06-08 23:00:00,1,0,1
2015-06-09 00:00:00,1,1,0
2015-06-09 01:00:00,0,0,0
2015-06-09 02:00:00,0,0,0
2015-06-09 03:00:00,0,0,0
2015-06-09 04:00:00,0,0,0
2015-06-09 05:00:00,5,3,2
2015-06-09 06:00:00,19,11,8
2015-06-09 07:00:00,24,14,10
2015-06-09 08:00:00,31,15,16
2015-06-09 09:00:00,40,19,21
2015-06-09 10:00:00,37,19,18
2015-06-09 11:00:00,48,27,21
2015-06-09 12:00:00,26,17,9
2015-06-09 13:00:00,28,12,16
2015-06-09 14:00:00,12,6,6
2015-06-09 15:00:00,14,6,8
2015-06-09 16:00:00,26,10,16
2015-06-09 17:00:00,56,28,28
2015-06-09 18:00:00,29,12,17
2015-06-09 19:00:00,30,18,12
2015-06-09 20:00:00,26,12,14
2015-06-09 21:00:00,13,8,5
2015-06-09 22:00:00,8,6,2
2015-06-09 23:00:00,2,1,1
2015-06-10 00:00:00,0,0,0
2015-06-10 01:00:00,0,0,0
2015-06-10 02:00:00,0,0,0
2015-06-10 03:00:00,0,0,0
2015-06-10 04:00:00,0,0,0
2015-06-10 05:00:00,2,0,2
2015-06-10 06:00:00,17,9,8
2015-06-10 07:00:00,29,20,9
2015-06-10 08:00:00,24,18,6
2015-06-10 09:00:00,54,30,24
2015-06-10 10:00:00,65,41,24
2015-06-10 11:00:00,66,46,20
2015-06-10 12:00:00,58,34,24
2015-06-10 13:00:00,51,31,20
2015-06-10 14:00:00,36,28,8
2015-06-10 15:00:00,50,37,13
2015-06-10 16:00:00,56,35,21
2015-06-10 17:00:00,39,21,18
2015-06-10 18:00:00,54,28,26
2015-06-10 19:00:00,17,11,6
2015-06-10 20:00:00,14,6,8
2015-06-10 21:00:00,10,6,4
2015-06-10 22:00:00,8,5,3
2015-06-10 23:00:00,0,0,0
2015-06-11 00:00:00,0,0,0
2015-06-11 01:00:00,0,0,0
2015-06-11 02:00:00,0,0,0
2015-06-11 03:00:00,1,1,0
2015-06-11 04:00:00,0,0,0
2015-06-11 05:00:00,7,4,3
2015-06-11 06:00:00,17,9,8
2015-06-11 07:00:00,26,13,13
2015-06-11 08:00:00,17,11,6
2015-06-11 09:00:00,37,17,20
2015-06-11 10:00:00,87,28,59
2015-06-11 11:00:00,40,22,18
2015-06-11 12:00:00,37,23,14
2015-06-11 13:00:00,26,11,15
2015-06-11 14:00:00,78,63,15
2015-06-11 15:00:00,30,19,11
2015-06-11 16:00:00,45,21,24
2015-06-11 17:00:00,56,35,21
2015-06-11 18:00:00,36,19,17
2015-06-11 19:00:00,28,13,15
2015-06-11 20:00:00,11,5,6
2015-06-11 21:00:00,48,38,10
2015-06-11 22:00:00,15,13,2
2015-06-11 23:00:00,4,4,0
2015-06-12 00:00:00,0,0,0
2015-06-12 01:00:00,0,0,0
2015-06-12 02:00:00,0,0,0
2015-06-12 03:00:00,0,0,0
2015-06-12 04:00:00,0,0,0
2015-06-12 05:00:00,5,2,3
2015-06-12 06:00:00,10,4,6
2015-06-12 07:00:00,23,11,12
2015-06-12 08:00:00,32,25,7
2015-06-12 09:00:00,26,10,16
2015-06-12 10:00:00,87,51,36
2015-06-12 11:00:00,35,23,12
2015-06-12 12:00:00,47,25,22
2015-06-12 13:00:00,70,51,19
2015-06-12 14:00:00,37,29,8
2015-06-12 15:00:00,38,25,13
2015-06-12 16:00:00,38,21,17
2015-06-12 17:00:00,37,21,16
2015-06-12 18:00:00,28,14,14
2015-06-12 19:00:00,21,10,11
2015-06-12 20:00:00,13,5,8
2015-06-12 21:00:00,8,4,4
2015-06-12 22:00:00,4,2,2
2015-06-12 23:00:00,2,1,1
2015-06-13 00:00:00,1,1,0
2015-06-13 01:00:00,0,0,0
2015-06-13 02:00:00,0,0,0
2015-06-13 03:00:00,0,0,0
2015-06-13 04:00:00,0,0,0
2015-06-13 05:00:00,0,0,0
2015-06-13 06:00:00,5,2,3
2015-06-13 07:00:00,21,9,12
2015-06-13 08:00:00,44,18,26
2015-06-13 09:00:00,50,27,23
2015-06-13 10:00:00,81,45,36
2015-06-13 11:00:00,86,54,32
2015-06-13 12:00:00,102,67,35
2015-06-13 13:00:00,135,87,48
2015-06-13 14:00:00,66,48,18
2015-06-13 15:00:00,65,43,22
2015-06-13 16:00:00,38,23,15
2015-06-13 17:00:00,31,23,8
2015-06-13 18:00:00,31,19,12
2015-06-13 19:00:00,27,12,15
2015-06-13 20:00:00,17,10,7
2015-06-13 21:00:00,12,7,5
2015-06-13 22:00:00,4,3,1
2015-06-13 23:00:00,2,1,1
2015-06-14 00:00:00,0,0,0
2015-06-14 01:00:00,0,0,0
2015-06-14 02:00:00,0,0,0
2015-06-14 03:00:00,0,0,0
2015-06-14 04:00:00,0,0,0
2015-06-14 05:00:00,0,0,0
2015-06-14 06:00:00,6,4,2
2015-06-14 07:00:00,18,10,8
2015-06-14 08:00:00,33,17,16
2015-06-14 09:00:00,61,26,35
2015-06-14 10:00:00,55,32,23
2015-06-14 11:00:00,70,35,35
2015-06-14 12:00:00,59,32,27
2015-06-14 13:00:00,39,21,18
2015-06-14 14:00:00,42,21,21
2015-06-14 15:00:00,57,34,23
2015-06-14 16:00:00,64,36,28
2015-06-14 17:00:00,49,30,19
2015-06-14 18:00:00,29,18,11
2015-06-14 19:00:00,25,17,8
2015-06-14 20:00:00,22,13,9
2015-06-14 21:00:00,14,9,5
2015-06-14 22:00:00,4,1,3
2015-06-14 23:00:00,4,2,2
2015-06-15 00:00:00,0,0,0
2015-06-15 01:00:00,0,0,0
2015-06-15 02:00:00,0,0,0
2015-06-15 03:00:00,0,0,0
2015-06-15 04:00:00,0,0,0
2015-06-15 05:00:00,2,0,2
2015-06-15 06:00:00,19,9,10
2015-06-15 07:00:00,15,9,6
2015-06-15 08:00:00,24,16,8
2015-06-15 09:00:00,34,18,16
2015-06-15 10:00:00,40,23,17
2015-06-15 11:00:00,48,27,21
2015-06-15 12:00:00,30,18,12
2015-06-15 13:00:00,19,9,10
2015-06-15 14:00:00,15,7,8
2015-06-15 15:00:00,15,8,7
2015-06-15 16:00:00,26,8,18
2015-06-15 17:00:00,50,22,28
2015-06-15 18:00:00,41,22,19
2015-06-15 19:00:00,36,18,18
2015-06-15 20:00:00,26,15,11
2015-06-15 21:00:00,9,8,1
2015-06-15 22:00:00,3,2,1
2015-06-15 23:00:00,1,0,1
2015-06-16 00:00:00,1,1,0
2015-06-16 01:00:00,0,0,0
2015-06-16 02:00:00,0,0,0
2015-06-16 03:00:00,0,0,0
2015-06-16 04:00:00,0,0,0
2015-06-16 05:00:00,2,0,2
2015-06-16 06:00:00,13,6,7
2015-06-16 07:00:00,18,9,9
2015-06-16 08:00:00,41,24,17
2015-06-16 09:00:00,51,30,21
2015-06-16 10:00:00,110,82,28
2015-06-16 11:00:00,267,188,79
2015-06-16 12:00:00,230,126,104
2015-06-16 13:00:00,68,31,37
2015-06-16 14:00:00,33,24,9
2015-06-16 15:00:00,24,14,10
2015-06-16 16:00:00,18,11,7
2015-06-16 17:00:00,37,16,21
2015-06-16 18:00:00,56,31,25
2015-06-16 19:00:00,20,11,9
2015-06-16 20:00:00,30,17,13
2015-06-16 21:00:00,27,16,11
2015-06-16 22:00:00,3,3,0
2015-06-16 23:00:00,1,0,1
2015-06-17 00:00:00,2,2,0
2015-06-17 01:00:00,0,0,0
2015-06-17 02:00:00,0,0,0
2015-06-17 03:00:00,0,0,0
2015-06-17 04:00:00,0,0,0
2015-06-17 05:00:00,4,1,3
2015-06-17 06:00:00,14,5,9
2015-06-17 07:00:00,24,15,9
2015-06-17 08:00:00,29,20,9
2015-06-17 09:00:00,29,13,16
2015-06-17 10:00:00,48,34,14
2015-06-17 11:00:00,42,24,18
2015-06-17 12:00:00,35,18,17
2015-06-17 13:00:00,44,23,21
2015-06-17 14:00:00,15,13,2
2015-06-17 15:00:00,19,8,11
2015-06-17 16:00:00,24,11,13
2015-06-17 17:00:00,42,20,22
2015-06-17 18:00:00,43,23,20
2015-06-17 19:00:00,39,20,19
2015-06-17 20:00:00,17,12,5
2015-06-17 21:00:00,19,10,9
2015-06-17 22:00:00,5,2,3
2015-06-17 23:00:00,1,1,0
2015-06-18 00:00:00,1,1,0
2015-06-18 01:00:00,0,0,0
2015-06-18 02:00:00,0,0,0
2015-06-18 03:00:00,0,0,0
2015-06-18 04:00:00,0,0,0
2015-06-18 05:00:00,2,0,2
2015-06-18 06:00:00,11,7,4
2015-06-18 07:00:00,25,15,10
2015-06-18 08:00:00,30,16,14
2015-06-18 09:00:00,34,19,15
2015-06-18 10:00:00,36,21,15
2015-06-18 11:00:00,27,14,13
2015-06-18 12:00:00,29,15,14
2015-06-18 13:00:00,24,17,7
2015-06-18 14:00:00,42,27,15
2015-06-18 15:00:00,19,10,9
2015-06-18 16:00:00,24,13,11
2015-06-18 17:00:00,38,19,19
2015-06-18 18:00:00,35,21,14
2015-06-18 19:00:00,28,14,14
2015-06-18 20:00:00,16,11,5
2015-06-18 21:00:00,6,3,3
2015-06-18 22:00:00,1,1,0
2015-06-18 23:00:00,1,1,0
2015-06-19 00:00:00,1,0,1
2015-06-19 01:00:00,0,0,0
2015-06-19 02:00:00,0,0,0
2015-06-19 03:00:00,0,0,0
2015-06-19 04:00:00,1,1,0
2015-06-19 05:00:00,0,0,0
2015-06-19 06:00:00,11,5,6
2015-06-19 07:00:00,22,12,10
2015-06-19 08:00:00,33,16,17
2015-06-19 09:00:00,16,9,7
2015-06-19 10:00:00,30,16,14
2015-06-19 11:00:00,33,17,16
2015-06-19 12:00:00,24,15,9
2015-06-19 13:00:00,17,11,6
2015-06-19 14:00:00,18,10,8
2015-06-19 15:00:00,31,15,16
2015-06-19 16:00:00,30,13,17
2015-06-19 17:00:00,34,17,17
2015-06-19 18:00:00,23,12,11
2015-06-19 19:00:00,32,18,14
2015-06-19 20:00:00,21,12,9
2015-06-19 21:00:00,12,7,5
2015-06-19 22:00:00,8,3,5
2015-06-19 23:00:00,1,1,0
2015-06-20 00:00:00,0,0,0
2015-06-20 01:00:00,0,0,0
2015-06-20 02:00:00,0,0,0
2015-06-20 03:00:00,0,0,0
2015-06-20 04:00:00,0,0,0
2015-06-20 05:00:00,2,1,1
2015-06-20 06:00:00,6,1,5
2015-06-20 07:00:00,23,14,9
2015-06-20 08:00:00,25,13,12
2015-06-20 09:00:00,75,41,34
2015-06-20 10:00:00,71,34,37
2015-06-20 11:00:00,76,50,26
2015-06-20 12:00:00,64,34,30
2015-06-20 13:00:00,46,21,25
2015-06-20 14:00:00,44,30,14
2015-06-20 15:00:00,42,27,15
2015-06-20 16:00:00,35,16,19
2015-06-20 17:00:00,40,23,17
2015-06-20 18:00:00,29,21,8
2015-06-20 19:00:00,30,15,15
2015-06-20 20:00:00,11,6,5
2015-06-20 21:00:00,10,6,4
2015-06-20 22:00:00,0,0,0
2015-06-20 23:00:00,2,1,1
2015-06-21 00:00:00,0,0,0
2015-06-21 01:00:00,0,0,0
2015-06-21 02:00:00,0,0,0
2015-06-21 03:00:00,0,0,0
2015-06-21 04:00:00,0,0,0
2015-06-21 05:00:00,2,1,1
2015-06-21 06:00:00,7,2,5
2015-06-21 07:00:00,23,9,14
2015-06-21 08:00:00,28,16,12
2015-06-21 09:00:00,39,19,20
2015-06-21 10:00:00,47,26,21
2015-06-21 11:00:00,44,20,24
2015-06-21 12:00:00,62,36,26
2015-06-21 13:00:00,35,17,18
2015-06-21 14:00:00,33,20,13
2015-06-21 15:00:00,36,24,12
2015-06-21 16:00:00,33,18,15
2015-06-21 17:00:00,33,20,13
2015-06-21 18:00:00,22,15,7
2015-06-21 19:00:00,27,17,10
2015-06-21 20:00:00,13,4,9
2015-06-21 21:00:00,19,8,11
2015-06-21 22:00:00,3,2,1
2015-06-21 23:00:00,1,1,0
2015-06-22 00:00:00,0,0,0
2015-06-22 01:00:00,0,0,0
2015-06-22 02:00:00,1,1,0
2015-06-22 03:00:00,0,0,0
2015-06-22 04:00:00,0,0,0
2015-06-22 05:00:00,2,1,1
2015-06-22 06:00:00,9,2,7
2015-06-22 07:00:00,34,20,14
2015-06-22 08:00:00,21,12,9
2015-06-22 09:00:00,25,14,11
2015-06-22 10:00:00,53,26,27
2015-06-22 11:00:00,50,24,26
2015-06-22 12:00:00,32,18,14
2015-06-22 13:00:00,41,26,15
2015-06-22 14:00:00,21,11,10
2015-06-22 15:00:00,27,14,13
2015-06-22 16:00:00,40,25,15
2015-06-22 17:00:00,28,13,15
2015-06-22 18:00:00,28,15,13
2015-06-22 19:00:00,42,20,22
2015-06-22 20:00:00,25,13,12
2015-06-22 21:00:00,12,7,5
2015-06-22 22:00:00,4,2,2
2015-06-22 23:00:00,1,1,0
2015-06-23 00:00:00,0,0,0
2015-06-23 01:00:00,0,0,0
2015-06-23 02:00:00,0,0,0
2015-06-23 03:00:00,0,0,0
2015-06-23 04:00:00,1,1,0
2015-06-23 05:00:00,2,0,2
2015-06-23 06:00:00,10,6,4
2015-06-23 07:00:00,30,18,12
2015-06-23 08:00:00,39,23,16
2015-06-23 09:00:00,39,20,19
2015-06-23 10:00:00,39,21,18
2015-06-23 11:00:00,33,16,17
2015-06-23 12:00:00,38,21,17
2015-06-23 13:00:00,26,14,12
2015-06-23 14:00:00,26,11,15
2015-06-23 15:00:00,21,12,9
2015-06-23 16:00:00,31,10,21
2015-06-23 17:00:00,41,24,17
2015-06-23 18:00:00,42,23,19
2015-06-23 19:00:00,47,26,21
2015-06-23 20:00:00,22,13,9
2015-06-23 21:00:00,15,10,5
2015-06-23 22:00:00,5,3,2
2015-06-23 23:00:00,0,0,0
2015-06-24 00:00:00,0,0,0
2015-06-24 01:00:00,0,0,0
2015-06-24 02:00:00,0,0,0
2015-06-24 03:00:00,0,0,0
2015-06-24 04:00:00,0,0,0
2015-06-24 05:00:00,2,0,2
2015-06-24 06:00:00,19,7,12
2015-06-24 07:00:00,30,18,12
2015-06-24 08:00:00,35,22,13
2015-06-24 09:00:00,35,23,12
2015-06-24 10:00:00,36,18,18
2015-06-24 11:00:00,37,19,18
2015-06-24 12:00:00,27,9,18
2015-06-24 13:00:00,43,28,15
2015-06-24 14:00:00,9,7,2
2015-06-24 15:00:00,22,11,11
2015-06-24 16:00:00,37,18,19
2015-06-24 17:00:00,47,25,22
2015-06-24 18:00:00,49,25,24
2015-06-24 19:00:00,32,18,14
2015-06-24 20:00:00,30,15,15
2015-06-24 21:00:00,20,9,11
2015-06-24 22:00:00,2,1,1
2015-06-24 23:00:00,0,0,0
2015-06-25 00:00:00,0,0,0
2015-06-25 01:00:00,0,0,0
2015-06-25 02:00:00,0,0,0
2015-06-25 03:00:00,0,0,0
2015-06-25 04:00:00,0,0,0
2015-06-25 05:00:00,6,2,4
2015-06-25 06:00:00,8,3,5
2015-06-25 07:00:00,33,23,10
2015-06-25 08:00:00,41,24,17
2015-06-25 09:00:00,32,18,14
2015-06-25 10:00:00,35,20,15
2015-06-25 11:00:00,33,20,13
2015-06-25 12:00:00,29,17,12
2015-06-25 13:00:00,50,37,13
2015-06-25 14:00:00,24,14,10
2015-06-25 15:00:00,21,13,8
2015-06-25 16:00:00,34,16,18
2015-06-25 17:00:00,36,21,15
2015-06-25 18:00:00,36,16,20
2015-06-25 19:00:00,25,19,6
2015-06-25 20:00:00,27,13,14
2015-06-25 21:00:00,20,14,6
2015-06-25 22:00:00,3,1,2
2015-06-25 23:00:00,0,0,0
2015-06-26 00:00:00,0,0,0
2015-06-26 01:00:00,0,0,0
2015-06-26 02:00:00,1,1,0
2015-06-26 03:00:00,0,0,0
2015-06-26 04:00:00,0,0,0
2015-06-26 05:00:00,3,1,2
2015-06-26 06:00:00,13,7,6
2015-06-26 07:00:00,35,18,17
2015-06-26 08:00:00,47,29,18
2015-06-26 09:00:00,36,26,10
2015-06-26 10:00:00,54,29,25
2015-06-26 11:00:00,33,19,14
2015-06-26 12:00:00,49,35,14
2015-06-26 13:00:00,15,10,5
2015-06-26 14:00:00,17,6,11
2015-06-26 15:00:00,29,16,13
2015-06-26 16:00:00,21,11,10
2015-06-26 17:00:00,24,9,15
2015-06-26 18:00:00,27,18,9
2015-06-26 19:00:00,28,15,13
2015-06-26 20:00:00,15,9,6
2015-06-26 21:00:00,10,6,4
2015-06-26 22:00:00,9,6,3
2015-06-26 23:00:00,0,0,0
2015-06-27 00:00:00,0,0,0
2015-06-27 01:00:00,0,0,0
2015-06-27 02:00:00,0,0,0
2015-06-27 03:00:00,0,0,0
2015-06-27 04:00:00,0,0,0
2015-06-27 05:00:00,2,1,1
2015-06-27 06:00:00,15,9,6
2015-06-27 07:00:00,42,20,22
2015-06-27 08:00:00,61,34,27
2015-06-27 09:00:00,69,34,35
2015-06-27 10:00:00,65,35,30
2015-06-27 11:00:00,47,27,20
2015-06-27 12:00:00,32,19,13
2015-06-27 13:00:00,19,15,4
2015-06-27 14:00:00,24,15,9
2015-06-27 15:00:00,17,9,8
2015-06-27 16:00:00,47,30,17
2015-06-27 17:00:00,11,6,5
2015-06-27 18:00:00,23,16,7
2015-06-27 19:00:00,7,4,3
2015-06-27 20:00:00,13,9,4
2015-06-27 21:00:00,15,10,5
2015-06-27 22:00:00,7,4,3
2015-06-27 23:00:00,1,1,0
2015-06-28 00:00:00,0,0,0
2015-06-28 01:00:00,0,0,0
2015-06-28 02:00:00,0,0,0
2015-06-28 03:00:00,0,0,0
2015-06-28 04:00:00,0,0,0
2015-06-28 05:00:00,3,1,2
2015-06-28 06:00:00,5,2,3
2015-06-28 07:00:00,31,13,18
2015-06-28 08:00:00,53,29,24
2015-06-28 09:00:00,48,18,30
2015-06-28 10:00:00,60,35,25
2015-06-28 11:00:00,35,20,15
2015-06-28 12:00:00,35,20,15
2015-06-28 13:00:00,36,22,14
2015-06-28 14:00:00,65,36,29
2015-06-28 15:00:00,26,16,10
2015-06-28 16:00:00,25,12,13
2015-06-28 17:00:00,30,19,11
2015-06-28 18:00:00,62,33,29
2015-06-28 19:00:00,21,14,7
2015-06-28 20:00:00,22,11,11
2015-06-28 21:00:00,6,5,1
2015-06-28 22:00:00,1,0,1
2015-06-28 23:00:00,0,0,0
2015-06-29 00:00:00,0,0,0
2015-06-29 01:00:00,0,0,0
2015-06-29 02:00:00,0,0,0
2015-06-29 03:00:00,0,0,0
2015-06-29 04:00:00,0,0,0
2015-06-29 05:00:00,2,0,2
2015-06-29 06:00:00,11,7,4
2015-06-29 07:00:00,37,19,18
2015-06-29 08:00:00,41,27,14
2015-06-29 09:00:00,55,40,15
2015-06-29 10:00:00,61,57,4
2015-06-29 11:00:00,101,99,2
2015-06-29 12:00:00,119,118,1
2015-06-29 13:00:00,16,8,8
2015-06-29 14:00:00,38,30,8
2015-06-29 15:00:00,21,16,5
2015-06-29 16:00:00,11,6,5
2015-06-29 17:00:00,26,11,15
2015-06-29 18:00:00,18,6,12
2015-06-29 19:00:00,16,9,7
2015-06-29 20:00:00,20,10,10
2015-06-29 21:00:00,11,6,5
2015-06-29 22:00:00,10,7,3
2015-06-29 23:00:00,0,0,0
2015-06-30 00:00:00,4,2,2
2015-06-30 01:00:00,0,0,0
2015-06-30 02:00:00,0,0,0
2015-06-30 03:00:00,0,0,0
2015-06-30 04:00:00,0,0,0
2015-06-30 05:00:00,3,0,3
2015-06-30 06:00:00,16,9,7
2015-06-30 07:00:00,53,27,26
2015-06-30 08:00:00,29,14,15
2015-06-30 09:00:00,44,24,20
2015-06-30 10:00:00,53,31,22
2015-06-30 11:00:00,29,14,15
2015-06-30 12:00:00,32,21,11
2015-06-30 13:00:00,15,9,6
2015-06-30 14:00:00,18,13,5
2015-06-30 15:00:00,38,21,17
2015-06-30 16:00:00,24,16,8
2015-06-30 17:00:00,43,17,26
2015-06-30 18:00:00,30,7,23
2015-06-30 19:00:00,37,16,21
2015-06-30 20:00:00,31,17,14
2015-06-30 21:00:00,24,14,10
2015-06-30 22:00:00,5,3,2
2015-06-30 23:00:00,2,1,1
2015-07-01 00:00:00,0,0,0
2015-07-01 01:00:00,0,0,0
2015-07-01 02:00:00,0,0,0
2015-07-01 03:00:00,0,0,0
2015-07-01 04:00:00,0,0,0
2015-07-01 05:00:00,4,1,3
2015-07-01 06:00:00,21,8,13
2015-07-01 07:00:00,34,22,12
2015-07-01 08:00:00,42,25,17
2015-07-01 09:00:00,37,22,15
2015-07-01 10:00:00,57,24,33
2015-07-01 11:00:00,24,12,12
2015-07-01 12:00:00,16,10,6
2015-07-01 13:00:00,15,7,8
2015-07-01 14:00:00,15,6,9
2015-07-01 15:00:00,22,11,11
2015-07-01 16:00:00,23,9,14
2015-07-01 17:00:00,24,10,14
2015-07-01 18:00:00,26,13,13
2015-07-01 19:00:00,38,23,15
2015-07-01 20:00:00,12,7,5
2015-07-01 21:00:00,2,2,0
2015-07-01 22:00:00,1,1,0
2015-07-01 23:00:00,0,0,0
2015-07-02 00:00:00,0,0,0
2015-07-02 01:00:00,0,0,0
2015-07-02 02:00:00,0,0,0
2015-07-02 03:00:00,1,1,0
2015-07-02 04:00:00,3,1,2
2015-07-02 05:00:00,12,6,6
2015-07-02 06:00:00,39,20,19
2015-07-02 07:00:00,29,19,10
2015-07-02 08:00:00,60,33,27
2015-07-02 09:00:00,52,28,24
2015-07-02 10:00:00,60,42,18
2015-07-02 11:00:00,25,15,10
2015-07-02 12:00:00,19,9,10
2015-07-02 13:00:00,21,15,6
2015-07-02 14:00:00,29,24,5
2015-07-02 15:00:00,9,0,9
2015-07-02 16:00:00,13,7,6
2015-07-02 17:00:00,15,9,6
2015-07-02 18:00:00,13,6,7
2015-07-02 19:00:00,10,5,5
2015-07-02 20:00:00,5,3,2
2015-07-02 21:00:00,7,2,5
2015-07-02 22:00:00,1,1,0
2015-07-02 23:00:00,2,2,0
2015-07-03 00:00:00,0,0,0
2015-07-03 01:00:00,1,0,1
2015-07-03 02:00:00,0,0,0
2015-07-03 03:00:00,0,0,0
2015-07-03 04:00:00,4,1,3
2015-07-03 05:00:00,5,2,3
2015-07-03 06:00:00,23,10,13
2015-07-03 07:00:00,45,22,23
2015-07-03 08:00:00,87,49,38
2015-07-03 09:00:00,58,30,28
2015-07-03 10:00:00,52,35,17
2015-07-03 11:00:00,49,31,18
2015-07-03 12:00:00,17,14,3
2015-07-03 13:00:00,35,21,14
2015-07-03 14:00:00,24,16,8
2015-07-03 15:00:00,19,13,6
2015-07-03 16:00:00,13,5,8
2015-07-03 17:00:00,12,7,5
2015-07-03 18:00:00,14,6,8
2015-07-03 19:00:00,13,7,6
2015-07-03 20:00:00,16,10,6
2015-07-03 21:00:00,11,8,3
2015-07-03 22:00:00,1,1,0
2015-07-03 23:00:00,0,0,0
2015-07-04 00:00:00,0,0,0
2015-07-04 01:00:00,1,1,0
2015-07-04 02:00:00,0,0,0
2015-07-04 03:00:00,0,0,0
2015-07-04 04:00:00,4,1,3
2015-07-04 05:00:00,11,3,8
2015-07-04 06:00:00,19,12,7
2015-07-04 07:00:00,60,29,31
2015-07-04 08:00:00,98,52,46
2015-07-04 09:00:00,76,41,35
2015-07-04 10:00:00,40,27,13
2015-07-04 11:00:00,44,29,15
2015-07-04 12:00:00,18,10,8
2015-07-04 13:00:00,9,5,4
2015-07-04 14:00:00,17,9,8
2015-07-04 15:00:00,20,16,4
2015-07-04 16:00:00,12,8,4
2015-07-04 17:00:00,15,10,5
2015-07-04 18:00:00,2,2,0
2015-07-04 19:00:00,7,2,5
2015-07-04 20:00:00,7,5,2
2015-07-04 21:00:00,0,0,0
2015-07-04 22:00:00,1,0,1
2015-07-04 23:00:00,0,0,0
2015-07-05 00:00:00,0,0,0
2015-07-05 01:00:00,0,0,0
2015-07-05 02:00:00,0,0,0
2015-07-05 03:00:00,0,0,0
2015-07-05 04:00:00,0,0,0
2015-07-05 05:00:00,9,2,7
2015-07-05 06:00:00,18,10,8
2015-07-05 07:00:00,32,20,12
2015-07-05 08:00:00,59,31,28
2015-07-05 09:00:00,58,39,19
2015-07-05 10:00:00,47,17,30
2015-07-05 11:00:00,52,31,21
2015-07-05 12:00:00,28,16,12
2015-07-05 13:00:00,29,15,14
2015-07-05 14:00:00,22,10,12
2015-07-05 15:00:00,23,12,11
2015-07-05 16:00:00,15,6,9
2015-07-05 17:00:00,15,11,4
2015-07-05 18:00:00,26,13,13
2015-07-05 19:00:00,19,13,6
2015-07-05 20:00:00,13,6,7
2015-07-05 21:00:00,3,2,1
2015-07-05 22:00:00,1,0,1
2015-07-05 23:00:00,1,1,0
2015-07-06 00:00:00,0,0,0
2015-07-06 01:00:00,0,0,0
2015-07-06 02:00:00,0,0,0
2015-07-06 03:00:00,1,1,0
2015-07-06 04:00:00,3,0,3
2015-07-06 05:00:00,28,16,12
2015-07-06 06:00:00,37,24,13
2015-07-06 07:00:00,38,19,19
2015-07-06 08:00:00,31,14,17
2015-07-06 09:00:00,50,27,23
2015-07-06 10:00:00,48,20,28
2015-07-06 11:00:00,36,18,18
2015-07-06 12:00:00,23,15,8
2015-07-06 13:00:00,27,21,6
2015-07-06 14:00:00,30,17,13
2015-07-06 15:00:00,23,11,12
2015-07-06 16:00:00,15,7,8
2015-07-06 17:00:00,31,11,20
2015-07-06 18:00:00,32,12,20
2015-07-06 19:00:00,34,21,13
2015-07-06 20:00:00,15,8,7
2015-07-06 21:00:00,7,4,3
2015-07-06 22:00:00,2,1,1
2015-07-06 23:00:00,1,1,0
2015-07-07 00:00:00,0,0,0
2015-07-07 01:00:00,0,0,0
2015-07-07 02:00:00,1,1,0
2015-07-07 03:00:00,1,0,1
2015-07-07 04:00:00,3,1,2
2015-07-07 05:00:00,19,12,7
2015-07-07 06:00:00,47,26,21
2015-07-07 07:00:00,45,28,17
2015-07-07 08:00:00,52,26,26
2015-07-07 09:00:00,40,22,18
2015-07-07 10:00:00,53,19,34
2015-07-07 11:00:00,40,26,14
2015-07-07 12:00:00,27,20,7
2015-07-07 13:00:00,10,4,6
2015-07-07 14:00:00,13,8,5
2015-07-07 15:00:00,18,11,7
2015-07-07 16:00:00,32,13,19
2015-07-07 17:00:00,34,16,18
2015-07-07 18:00:00,33,15,18
2015-07-07 19:00:00,29,17,12
2015-07-07 20:00:00,17,8,9
2015-07-07 21:00:00,3,2,1
2015-07-07 22:00:00,2,1,1
2015-07-07 23:00:00,1,0,1
2015-07-08 00:00:00,0,0,0
2015-07-08 01:00:00,0,0,0
2015-07-08 02:00:00,0,0,0
2015-07-08 03:00:00,1,1,0
2015-07-08 04:00:00,1,0,1
2015-07-08 05:00:00,18,12,6
2015-07-08 06:00:00,45,25,20
2015-07-08 07:00:00,39,22,17
2015-07-08 08:00:00,44,24,20
2015-07-08 09:00:00,35,18,17
2015-07-08 10:00:00,64,27,37
2015-07-08 11:00:00,38,26,12
2015-07-08 12:00:00,25,14,11
2015-07-08 13:00:00,16,8,8
2015-07-08 14:00:00,17,7,10
2015-07-08 15:00:00,23,14,9
2015-07-08 16:00:00,33,18,15
2015-07-08 17:00:00,40,22,18
2015-07-08 18:00:00,30,15,15
2015-07-08 19:00:00,33,15,18
2015-07-08 20:00:00,18,9,9
2015-07-08 21:00:00,2,2,0
2015-07-08 22:00:00,4,2,2
2015-07-08 23:00:00,0,0,0
2015-07-09 00:00:00,2,1,1
2015-07-09 01:00:00,0,0,0
2015-07-09 02:00:00,0,0,0
2015-07-09 03:00:00,0,0,0
2015-07-09 04:00:00,5,2,3
2015-07-09 05:00:00,13,6,7
2015-07-09 06:00:00,40,23,17
2015-07-09 07:00:00,39,21,18
2015-07-09 08:00:00,33,19,14
2015-07-09 09:00:00,47,21,26
2015-07-09 10:00:00,61,25,36
2015-07-09 11:00:00,54,34,20
2015-07-09 12:00:00,27,16,11
2015-07-09 13:00:00,25,14,11
2015-07-09 14:00:00,28,10,18
2015-07-09 15:00:00,16,10,6
2015-07-09 16:00:00,28,15,13
2015-07-09 17:00:00,27,14,13
2015-07-09 18:00:00,22,8,14
2015-07-09 19:00:00,24,14,10
2015-07-09 20:00:00,11,6,5
2015-07-09 21:00:00,5,3,2
2015-07-09 22:00:00,2,2,0
2015-07-09 23:00:00,0,0,0
2015-07-10 00:00:00,0,0,0
2015-07-10 01:00:00,0,0,0
2015-07-10 02:00:00,0,0,0
2015-07-10 03:00:00,0,0,0
2015-07-10 04:00:00,2,1,1
2015-07-10 05:00:00,12,6,6
2015-07-10 06:00:00,41,25,16
2015-07-10 07:00:00,25,14,11
2015-07-10 08:00:00,40,23,17
2015-07-10 09:00:00,59,26,33
2015-07-10 10:00:00,26,14,12
2015-07-10 11:00:00,19,9,10
2015-07-10 12:00:00,33,21,12
2015-07-10 13:00:00,14,5,9
2015-07-10 14:00:00,20,11,9
2015-07-10 15:00:00,25,12,13
2015-07-10 16:00:00,29,14,15
2015-07-10 17:00:00,37,20,17
2015-07-10 18:00:00,23,12,11
2015-07-10 19:00:00,15,7,8
2015-07-10 20:00:00,11,7,4
2015-07-10 21:00:00,2,1,1
2015-07-10 22:00:00,0,0,0
2015-07-10 23:00:00,1,1,0
2015-07-11 00:00:00,0,0,0
2015-07-11 01:00:00,0,0,0
2015-07-11 02:00:00,0,0,0
2015-07-11 03:00:00,1,0,1
2015-07-11 04:00:00,3,2,1
2015-07-11 05:00:00,6,2,4
2015-07-11 06:00:00,26,14,12
2015-07-11 07:00:00,40,18,22
2015-07-11 08:00:00,42,21,21
2015-07-11 09:00:00,49,25,24
2015-07-11 10:00:00,62,32,30
2015-07-11 11:00:00,48,24,24
2015-07-11 12:00:00,36,21,15
2015-07-11 13:00:00,29,15,14
2015-07-11 14:00:00,26,13,13
2015-07-11 15:00:00,37,17,20
2015-07-11 16:00:00,27,18,9
2015-07-11 17:00:00,38,18,20
2015-07-11 18:00:00,19,12,7
2015-07-11 19:00:00,11,9,2
2015-07-11 20:00:00,3,1,2
2015-07-11 21:00:00,1,1,0
2015-07-11 22:00:00,0,0,0
2015-07-11 23:00:00,0,0,0
2015-07-12 00:00:00,0,0,0
2015-07-12 01:00:00,0,0,0
2015-07-12 02:00:00,0,0,0
2015-07-12 03:00:00,0,0,0
2015-07-12 04:00:00,0,0,0
2015-07-12 05:00:00,4,2,2
2015-07-12 06:00:00,9,4,5
2015-07-12 07:00:00,26,13,13
2015-07-12 08:00:00,33,17,16
2015-07-12 09:00:00,32,18,14
2015-07-12 10:00:00,44,26,18
2015-07-12 11:00:00,49,25,24
2015-07-12 12:00:00,33,18,15
2015-07-12 13:00:00,29,13,16
2015-07-12 14:00:00,45,25,20
2015-07-12 15:00:00,37,25,12
2015-07-12 16:00:00,40,23,17
2015-07-12 17:00:00,31,16,15
2015-07-12 18:00:00,31,14,17
2015-07-12 19:00:00,13,9,4
2015-07-12 20:00:00,11,5,6
2015-07-12 21:00:00,5,4,1
2015-07-12 22:00:00,3,1,2
2015-07-12 23:00:00,1,1,0
2015-07-13 00:00:00,0,0,0
2015-07-13 01:00:00,0,0,0
2015-07-13 02:00:00,0,0,0
2015-07-13 03:00:00,0,0,0
2015-07-13 04:00:00,3,1,2
2015-07-13 05:00:00,17,9,8
2015-07-13 06:00:00,18,9,9
2015-07-13 07:00:00,31,14,17
2015-07-13 08:00:00,15,8,7
2015-07-13 09:00:00,20,9,11
2015-07-13 10:00:00,40,15,25
2015-07-13 11:00:00,46,22,24
2015-07-13 12:00:00,43,27,16
2015-07-13 13:00:00,24,12,12
2015-07-13 14:00:00,23,13,10
2015-07-13 15:00:00,34,11,23
2015-07-13 16:00:00,37,20,17
2015-07-13 17:00:00,39,15,24
2015-07-13 18:00:00,30,17,13
2015-07-13 19:00:00,41,26,15
2015-07-13 20:00:00,23,12,11
2015-07-13 21:00:00,2,1,1
2015-07-13 22:00:00,4,2,2
2015-07-13 23:00:00,0,0,0
2015-07-14 00:00:00,0,0,0
2015-07-14 01:00:00,0,0,0
2015-07-14 02:00:00,0,0,0
2015-07-14 03:00:00,0,0,0
2015-07-14 04:00:00,2,1,1
2015-07-14 05:00:00,23,12,11
2015-07-14 06:00:00,26,17,9
2015-07-14 07:00:00,43,27,16
2015-07-14 08:00:00,25,12,13
2015-07-14 09:00:00,40,18,22
2015-07-14 10:00:00,37,14,23
2015-07-14 11:00:00,41,25,16
2015-07-14 12:00:00,35,22,13
2015-07-14 13:00:00,23,12,11
2015-07-14 14:00:00,17,8,9
2015-07-14 15:00:00,33,20,13
2015-07-14 16:00:00,41,21,20
2015-07-14 17:00:00,53,26,27
2015-07-14 18:00:00,30,18,12
2015-07-14 19:00:00,28,14,14
2015-07-14 20:00:00,27,19,8
2015-07-14 21:00:00,4,1,3
2015-07-14 22:00:00,4,3,1
2015-07-14 23:00:00,1,1,0
2015-07-15 00:00:00,0,0,0
2015-07-15 01:00:00,0,0,0
2015-07-15 02:00:00,0,0,0
2015-07-15 03:00:00,0,0,0
2015-07-15 04:00:00,2,1,1
2015-07-15 05:00:00,23,9,14
2015-07-15 06:00:00,29,18,11
2015-07-15 07:00:00,23,10,13
2015-07-15 08:00:00,30,19,11
2015-07-15 09:00:00,39,17,22
2015-07-15 10:00:00,63,25,38
2015-07-15 11:00:00,39,24,15
2015-07-15 12:00:00,35,20,15
2015-07-15 13:00:00,27,11,16
2015-07-15 14:00:00,9,5,4
2015-07-15 15:00:00,26,15,11
2015-07-15 16:00:00,44,27,17
2015-07-15 17:00:00,32,15,17
2015-07-15 18:00:00,38,23,15
2015-07-15 19:00:00,18,8,10
2015-07-15 20:00:00,11,6,5
2015-07-15 21:00:00,5,3,2
2015-07-15 22:00:00,1,1,0
2015-07-15 23:00:00,3,2,1
2015-07-16 00:00:00,0,0,0
2015-07-16 01:00:00,0,0,0
2015-07-16 02:00:00,0,0,0
2015-07-16 03:00:00,0,0,0
2015-07-16 04:00:00,3,0,3
2015-07-16 05:00:00,18,11,7
2015-07-16 06:00:00,19,11,8
2015-07-16 07:00:00,32,18,14
2015-07-16 08:00:00,21,13,8
2015-07-16 09:00:00,35,19,16
2015-07-16 10:00:00,52,16,36
2015-07-16 11:00:00,44,31,13
2015-07-16 12:00:00,27,18,9
2015-07-16 13:00:00,20,9,11
2015-07-16 14:00:00,26,13,13
2015-07-16 15:00:00,40,17,23
2015-07-16 16:00:00,54,21,33
2015-07-16 17:00:00,53,21,32
2015-07-16 18:00:00,28,12,16
2015-07-16 19:00:00,34,20,14
2015-07-16 20:00:00,21,15,6
2015-07-16 21:00:00,7,4,3
2015-07-16 22:00:00,4,1,3
2015-07-16 23:00:00,1,1,0
2015-07-17 00:00:00,0,0,0
2015-07-17 01:00:00,0,0,0
2015-07-17 02:00:00,0,0,0
2015-07-17 03:00:00,1,1,0
2015-07-17 04:00:00,2,0,2
2015-07-17 05:00:00,7,1,6
2015-07-17 06:00:00,28,15,13
2015-07-17 07:00:00,47,31,16
2015-07-17 08:00:00,58,30,28
2015-07-17 09:00:00,51,24,27
2015-07-17 10:00:00,48,26,22
2015-07-17 11:00:00,36,21,15
2015-07-17 12:00:00,31,20,11
2015-07-17 13:00:00,26,14,12
2015-07-17 14:00:00,20,11,9
2015-07-17 15:00:00,38,14,24
2015-07-17 16:00:00,39,25,14
2015-07-17 17:00:00,34,21,13
2015-07-17 18:00:00,21,9,12
2015-07-17 19:00:00,24,15,9
2015-07-17 20:00:00,15,10,5
2015-07-17 21:00:00,2,1,1
2015-07-17 22:00:00,4,1,3
2015-07-17 23:00:00,0,0,0
2015-07-18 00:00:00,0,0,0
2015-07-18 01:00:00,0,0,0
2015-07-18 02:00:00,0,0,0
2015-07-18 03:00:00,0,0,0
2015-07-18 04:00:00,2,0,2
2015-07-18 05:00:00,9,4,5
2015-07-18 06:00:00,24,8,16
2015-07-18 07:00:00,54,32,22
2015-07-18 08:00:00,58,27,31
2015-07-18 09:00:00,67,36,31
2015-07-18 10:00:00,44,21,23
2015-07-18 11:00:00,31,13,18
2015-07-18 12:00:00,25,16,9
2015-07-18 13:00:00,25,15,10
2015-07-18 14:00:00,35,20,15
2015-07-18 15:00:00,21,14,7
2015-07-18 16:00:00,19,16,3
2015-07-18 17:00:00,14,9,5
2015-07-18 18:00:00,6,3,3
2015-07-18 19:00:00,6,4,2
2015-07-18 20:00:00,5,3,2
2015-07-18 21:00:00,6,3,3
2015-07-18 22:00:00,0,0,0
2015-07-18 23:00:00,0,0,0
2015-07-19 00:00:00,0,0,0
2015-07-19 01:00:00,0,0,0
2015-07-19 02:00:00,0,0,0
2015-07-19 03:00:00,0,0,0
2015-07-19 04:00:00,2,1,1
2015-07-19 05:00:00,6,3,3
2015-07-19 06:00:00,23,8,15
2015-07-19 07:00:00,48,25,23
2015-07-19 08:00:00,68,35,33
2015-07-19 09:00:00,57,30,27
2015-07-19 10:00:00,42,27,15
2015-07-19 11:00:00,30,20,10
2015-07-19 12:00:00,17,10,7
2015-07-19 13:00:00,27,13,14
2015-07-19 14:00:00,35,20,15
2015-07-19 15:00:00,26,12,14
2015-07-19 16:00:00,12,6,6
2015-07-19 17:00:00,8,4,4
2015-07-19 18:00:00,1,1,0
2015-07-19 19:00:00,7,3,4
2015-07-19 20:00:00,8,5,3
2015-07-19 21:00:00,1,0,1
2015-07-19 22:00:00,2,0,2
2015-07-19 23:00:00,1,1,0
2015-07-20 00:00:00,0,0,0
2015-07-20 01:00:00,0,0,0
2015-07-20 02:00:00,0,0,0
2015-07-20 03:00:00,0,0,0
2015-07-20 04:00:00,1,1,0
2015-07-20 05:00:00,15,8,7
2015-07-20 06:00:00,38,21,17
2015-07-20 07:00:00,28,16,12
2015-07-20 08:00:00,29,13,16
2015-07-20 09:00:00,33,17,16
2015-07-20 10:00:00,40,11,29
2015-07-20 11:00:00,50,33,17
2015-07-20 12:00:00,27,15,12
2015-07-20 13:00:00,21,12,9
2015-07-20 14:00:00,36,19,17
2015-07-20 15:00:00,30,11,19
2015-07-20 16:00:00,38,25,13
2015-07-20 17:00:00,40,20,20
2015-07-20 18:00:00,39,24,15
2015-07-20 19:00:00,22,13,9
2015-07-20 20:00:00,20,11,9
2015-07-20 21:00:00,1,0,1
2015-07-20 22:00:00,2,1,1
2015-07-20 23:00:00,1,0,1
2015-07-21 00:00:00,0,0,0
2015-07-21 01:00:00,0,0,0
2015-07-21 02:00:00,0,0,0
2015-07-21 03:00:00,0,0,0
2015-07-21 04:00:00,1,1,0
2015-07-21 05:00:00,11,5,6
2015-07-21 06:00:00,21,14,7
2015-07-21 07:00:00,43,27,16
2015-07-21 08:00:00,27,11,16
2015-07-21 09:00:00,30,17,13
2015-07-21 10:00:00,54,22,32
2015-07-21 11:00:00,23,13,10
2015-07-21 12:00:00,40,26,14
2015-07-21 13:00:00,30,20,10
2015-07-21 14:00:00,13,5,8
2015-07-21 15:00:00,22,11,11
2015-07-21 16:00:00,53,26,27
2015-07-21 17:00:00,51,20,31
2015-07-21 18:00:00,35,19,16
2015-07-21 19:00:00,30,13,17
2015-07-21 20:00:00,19,12,7
2015-07-21 21:00:00,5,5,0
2015-07-21 22:00:00,0,0,0
2015-07-21 23:00:00,0,0,0
2015-07-22 00:00:00,0,0,0
2015-07-22 01:00:00,0,0,0
2015-07-22 02:00:00,0,0,0
2015-07-22 03:00:00,0,0,0
2015-07-22 04:00:00,5,2,3
2015-07-22 05:00:00,12,7,5
2015-07-22 06:00:00,30,17,13
2015-07-22 07:00:00,34,22,12
2015-07-22 08:00:00,24,15,9
2015-07-22 09:00:00,33,18,15
2015-07-22 10:00:00,55,25,30
2015-07-22 11:00:00,29,16,13
2015-07-22 12:00:00,27,11,16
2015-07-22 13:00:00,25,13,12
2015-07-22 14:00:00,21,16,5
2015-07-22 15:00:00,20,9,11
2015-07-22 16:00:00,48,30,18
2015-07-22 17:00:00,51,25,26
2015-07-22 18:00:00,35,16,19
2015-07-22 19:00:00,20,11,9
2015-07-22 20:00:00,17,10,7
2015-07-22 21:00:00,0,0,0
2015-07-22 22:00:00,0,0,0
2015-07-22 23:00:00,1,0,1
2015-07-23 00:00:00,0,0,0
2015-07-23 01:00:00,0,0,0
2015-07-23 02:00:00,0,0,0
2015-07-23 03:00:00,0,0,0
2015-07-23 04:00:00,2,1,1
2015-07-23 05:00:00,14,9,5
2015-07-23 06:00:00,29,19,10
2015-07-23 07:00:00,23,15,8
2015-07-23 08:00:00,37,18,19
2015-07-23 09:00:00,40,18,22
2015-07-23 10:00:00,45,21,24
2015-07-23 11:00:00,45,24,21
2015-07-23 12:00:00,37,26,11
2015-07-23 13:00:00,17,7,10
2015-07-23 14:00:00,42,25,17
2015-07-23 15:00:00,17,9,8
2015-07-23 16:00:00,45,25,20
2015-07-23 17:00:00,41,15,26
2015-07-23 18:00:00,27,15,12
2015-07-23 19:00:00,33,16,17
2015-07-23 20:00:00,18,12,6
2015-07-23 21:00:00,1,1,0
2015-07-23 22:00:00,0,0,0
2015-07-23 23:00:00,1,1,0
2015-07-24 00:00:00,1,1,0
2015-07-24 01:00:00,0,0,0
2015-07-24 02:00:00,0,0,0
2015-07-24 03:00:00,0,0,0
2015-07-24 04:00:00,1,0,1
2015-07-24 05:00:00,25,11,14
2015-07-24 06:00:00,28,16,12
2015-07-24 07:00:00,28,14,14
2015-07-24 08:00:00,41,23,18
2015-07-24 09:00:00,47,23,24
2015-07-24 10:00:00,35,19,16
2015-07-24 11:00:00,29,17,12
2015-07-24 12:00:00,22,12,10
2015-07-24 13:00:00,23,13,10
2015-07-24 14:00:00,13,9,4
2015-07-24 15:00:00,32,13,19
2015-07-24 16:00:00,29,12,17
2015-07-24 17:00:00,49,20,29
2015-07-24 18:00:00,26,17,9
2015-07-24 19:00:00,19,8,11
2015-07-24 20:00:00,6,4,2
2015-07-24 21:00:00,3,1,2
2015-07-24 22:00:00,3,1,2
2015-07-24 23:00:00,0,0,0
2015-07-25 00:00:00,0,0,0
2015-07-25 01:00:00,0,0,0
2015-07-25 02:00:00,0,0,0
2015-07-25 03:00:00,0,0,0
2015-07-25 04:00:00,0,0,0
2015-07-25 05:00:00,1,0,1
2015-07-25 06:00:00,18,8,10
2015-07-25 07:00:00,27,11,16
2015-07-25 08:00:00,51,21,30
2015-07-25 09:00:00,47,30,17
2015-07-25 10:00:00,44,19,25
2015-07-25 11:00:00,38,23,15
2015-07-25 12:00:00,37,20,17
2015-07-25 13:00:00,40,24,16
2015-07-25 14:00:00,35,25,10
2015-07-25 15:00:00,32,20,12
2015-07-25 16:00:00,26,8,18
2015-07-25 17:00:00,28,18,10
2015-07-25 18:00:00,15,10,5
2015-07-25 19:00:00,16,6,10
2015-07-25 20:00:00,6,4,2
2015-07-25 21:00:00,1,1,0
2015-07-25 22:00:00,1,0,1
2015-07-25 23:00:00,1,1,0
2015-07-26 00:00:00,0,0,0
2015-07-26 01:00:00,0,0,0
2015-07-26 02:00:00,0,0,0
2015-07-26 03:00:00,0,0,0
2015-07-26 04:00:00,0,0,0
2015-07-26 05:00:00,3,2,1
2015-07-26 06:00:00,14,8,6
2015-07-26 07:00:00,24,12,12
2015-07-26 08:00:00,51,27,24
2015-07-26 09:00:00,42,20,22
2015-07-26 10:00:00,50,24,26
2015-07-26 11:00:00,43,24,19
2015-07-26 12:00:00,39,22,17
2015-07-26 13:00:00,36,16,20
2015-07-26 14:00:00,57,32,25
2015-07-26 15:00:00,39,20,19
2015-07-26 16:00:00,28,16,12
2015-07-26 17:00:00,14,7,7
2015-07-26 18:00:00,12,8,4
2015-07-26 19:00:00,6,4,2
2015-07-26 20:00:00,7,4,3
2015-07-26 21:00:00,1,0,1
2015-07-26 22:00:00,2,0,2
2015-07-26 23:00:00,2,2,0
2015-07-27 00:00:00,0,0,0
2015-07-27 01:00:00,0,0,0
2015-07-27 02:00:00,0,0,0
2015-07-27 03:00:00,0,0,0
2015-07-27 04:00:00,1,0,1
2015-07-27 05:00:00,11,4,7
2015-07-27 06:00:00,35,21,14
2015-07-27 07:00:00,24,15,9
2015-07-27 08:00:00,33,13,20
2015-07-27 09:00:00,19,9,10
2015-07-27 10:00:00,41,20,21
2015-07-27 11:00:00,37,21,16
2015-07-27 12:00:00,25,13,12
2015-07-27 13:00:00,32,16,16
2015-07-27 14:00:00,25,13,12
2015-07-27 15:00:00,22,8,14
2015-07-27 16:00:00,44,23,21
2015-07-27 17:00:00,67,35,32
2015-07-27 18:00:00,33,16,17
2015-07-27 19:00:00,37,23,14
2015-07-27 20:00:00,24,14,10
2015-07-27 21:00:00,2,2,0
2015-07-27 22:00:00,1,0,1
2015-07-27 23:00:00,0,0,0
2015-07-28 00:00:00,0,0,0
2015-07-28 01:00:00,0,0,0
2015-07-28 02:00:00,2,1,1
2015-07-28 03:00:00,0,0,0
2015-07-28 04:00:00,0,0,0
2015-07-28 05:00:00,4,2,2
2015-07-28 06:00:00,20,9,11
2015-07-28 07:00:00,21,20,1
2015-07-28 08:00:00,18,12,6
2015-07-28 09:00:00,35,15,20
2015-07-28 10:00:00,108,89,19
2015-07-28 11:00:00,46,33,13
2015-07-28 12:00:00,40,27,13
2015-07-28 13:00:00,46,34,12
2015-07-28 14:00:00,21,15,6
2015-07-28 15:00:00,17,11,6
2015-07-28 16:00:00,40,17,23
2015-07-28 17:00:00,30,12,18
2015-07-28 18:00:00,26,12,14
2015-07-28 19:00:00,27,15,12
2015-07-28 20:00:00,21,12,9
2015-07-28 21:00:00,1,0,1
2015-07-28 22:00:00,0,0,0
2015-07-28 23:00:00,0,0,0
2015-07-29 00:00:00,0,0,0
2015-07-29 01:00:00,0,0,0
2015-07-29 02:00:00,0,0,0
2015-07-29 03:00:00,0,0,0
2015-07-29 04:00:00,0,0,0
2015-07-29 05:00:00,2,2,0
2015-07-29 06:00:00,16,9,7
2015-07-29 07:00:00,16,12,4
2015-07-29 08:00:00,19,15,4
2015-07-29 09:00:00,28,11,17
2015-07-29 10:00:00,23,19,4
2015-07-29 11:00:00,43,41,2
2015-07-29 12:00:00,28,26,2
2015-07-29 13:00:00,38,30,8
2015-07-29 14:00:00,38,26,12
2015-07-29 15:00:00,25,9,16
2015-07-29 16:00:00,41,24,17
2015-07-29 17:00:00,30,13,17
2015-07-29 18:00:00,33,15,18
2015-07-29 19:00:00,26,15,11
2015-07-29 20:00:00,13,10,3
2015-07-29 21:00:00,1,0,1
2015-07-29 22:00:00,0,0,0
2015-07-29 23:00:00,0,0,0
2015-07-30 00:00:00,0,0,0
2015-07-30 01:00:00,0,0,0
2015-07-30 02:00:00,0,0,0
2015-07-30 03:00:00,0,0,0
2015-07-30 04:00:00,1,0,1
2015-07-30 05:00:00,11,7,4
2015-07-30 06:00:00,36,23,13
2015-07-30 07:00:00,34,22,12
2015-07-30 08:00:00,23,12,11
2015-07-30 09:00:00,26,18,8
2015-07-30 10:00:00,65,64,1
2015-07-30 11:00:00,85,72,13
2015-07-30 12:00:00,21,10,11
2015-07-30 13:00:00,13,5,8
2015-07-30 14:00:00,18,9,9
2015-07-30 15:00:00,27,11,16
2015-07-30 16:00:00,25,15,10
2015-07-30 17:00:00,26,11,15
2015-07-30 18:00:00,19,10,9
2015-07-30 19:00:00,23,11,12
2015-07-30 20:00:00,18,9,9
2015-07-30 21:00:00,1,0,1
2015-07-30 22:00:00,0,0,0
2015-07-30 23:00:00,0,0,0
2015-07-31 00:00:00,0,0,0
2015-07-31 01:00:00,0,0,0
2015-07-31 02:00:00,0,0,0
2015-07-31 03:00:00,0,0,0
2015-07-31 04:00:00,2,1,1
2015-07-31 05:00:00,14,8,6
2015-07-31 06:00:00,22,10,12
2015-07-31 07:00:00,35,23,12
2015-07-31 08:00:00,38,18,20
2015-07-31 09:00:00,50,20,30
2015-07-31 10:00:00,36,22,14
2015-07-31 11:00:00,24,16,8
2015-07-31 12:00:00,24,11,13
2015-07-31 13:00:00,15,10,5
2015-07-31 14:00:00,10,5,5
2015-07-31 15:00:00,22,17,5
2015-07-31 16:00:00,12,5,7
2015-07-31 17:00:00,18,9,9
2015-07-31 18:00:00,11,7,4
2015-07-31 19:00:00,26,16,10
2015-07-31 20:00:00,11,5,6
2015-07-31 21:00:00,1,1,0
2015-07-31 22:00:00,0,0,0
2015-07-31 23:00:00,0,0,0
2015-08-01 00:00:00,1,0,1
2015-08-01 01:00:00,1,1,0
2015-08-01 02:00:00,0,0,0
2015-08-01 03:00:00,0,0,0
2015-08-01 04:00:00,0,0,0
2015-08-01 05:00:00,7,2,5
2015-08-01 06:00:00,31,12,19
2015-08-01 07:00:00,51,25,26
2015-08-01 08:00:00,82,50,32
2015-08-01 09:00:00,80,36,44
2015-08-01 10:00:00,59,29,30
2015-08-01 11:00:00,40,29,11
2015-08-01 12:00:00,17,7,10
2015-08-01 13:00:00,25,12,13
2015-08-01 14:00:00,30,20,10
2015-08-01 15:00:00,17,10,7
2015-08-01 16:00:00,14,6,8
2015-08-01 17:00:00,19,14,5
2015-08-01 18:00:00,6,2,4
2015-08-01 19:00:00,16,11,5
2015-08-01 20:00:00,8,7,1
2015-08-01 21:00:00,4,2,2
2015-08-01 22:00:00,3,0,3
2015-08-01 23:00:00,1,1,0
2015-08-02 00:00:00,0,0,0
2015-08-02 01:00:00,0,0,0
2015-08-02 02:00:00,0,0,0
2015-08-02 03:00:00,0,0,0
2015-08-02 04:00:00,0,0,0
2015-08-02 05:00:00,7,4,3
2015-08-02 06:00:00,26,10,16
2015-08-02 07:00:00,46,22,24
2015-08-02 08:00:00,55,26,29
2015-08-02 09:00:00,80,42,38
2015-08-02 10:00:00,46,23,23
2015-08-02 11:00:00,52,30,22
2015-08-02 12:00:00,26,23,3
2015-08-02 13:00:00,21,15,6
2015-08-02 14:00:00,27,14,13
2015-08-02 15:00:00,30,18,12
2015-08-02 16:00:00,13,4,9
2015-08-02 17:00:00,12,5,7
2015-08-02 18:00:00,22,11,11
2015-08-02 19:00:00,22,14,8
2015-08-02 20:00:00,8,5,3
2015-08-02 21:00:00,0,0,0
2015-08-02 22:00:00,0,0,0
2015-08-02 23:00:00,1,0,1
2015-08-03 00:00:00,2,2,0
2015-08-03 01:00:00,0,0,0
2015-08-03 02:00:00,0,0,0
2015-08-03 03:00:00,0,0,0
2015-08-03 04:00:00,1,0,1
2015-08-03 05:00:00,14,6,8
2015-08-03 06:00:00,29,14,15
2015-08-03 07:00:00,39,23,16
2015-08-03 08:00:00,20,9,11
2015-08-03 09:00:00,29,16,13
2015-08-03 10:00:00,71,35,36
2015-08-03 11:00:00,33,19,14
2015-08-03 12:00:00,24,11,13
2015-08-03 13:00:00,15,9,6
2015-08-03 14:00:00,18,8,10
2015-08-03 15:00:00,34,20,14
2015-08-03 16:00:00,44,16,28
2015-08-03 17:00:00,34,15,19
2015-08-03 18:00:00,36,18,18
2015-08-03 19:00:00,34,16,18
2015-08-03 20:00:00,12,8,4
2015-08-03 21:00:00,2,2,0
2015-08-03 22:00:00,1,1,0
2015-08-03 23:00:00,2,0,2
2015-08-04 00:00:00,0,0,0
2015-08-04 01:00:00,0,0,0
2015-08-04 02:00:00,0,0,0
2015-08-04 03:00:00,0,0,0
2015-08-04 04:00:00,3,2,1
2015-08-04 05:00:00,14,6,8
2015-08-04 06:00:00,34,16,18
2015-08-04 07:00:00,38,26,12
2015-08-04 08:00:00,37,19,18
2015-08-04 09:00:00,25,16,9
2015-08-04 10:00:00,42,16,26
2015-08-04 11:00:00,40,20,20
2015-08-04 12:00:00,27,14,13
2015-08-04 13:00:00,24,17,7
2015-08-04 14:00:00,12,5,7
2015-08-04 15:00:00,30,17,13
2015-08-04 16:00:00,22,7,15
2015-08-04 17:00:00,35,14,21
2015-08-04 18:00:00,43,19,24
2015-08-04 19:00:00,27,17,10
2015-08-04 20:00:00,13,6,7
2015-08-04 21:00:00,0,0,0
2015-08-04 22:00:00,1,1,0
2015-08-04 23:00:00,0,0,0
2015-08-05 00:00:00,0,0,0
2015-08-05 01:00:00,0,0,0
2015-08-05 02:00:00,0,0,0
2015-08-05 03:00:00,0,0,0
2015-08-05 04:00:00,5,2,3
2015-08-05 05:00:00,37,26,11
2015-08-05 06:00:00,30,16,14
2015-08-05 07:00:00,25,16,9
2015-08-05 08:00:00,24,15,9
2015-08-05 09:00:00,26,15,11
2015-08-05 10:00:00,34,13,21
2015-08-05 11:00:00,33,17,16
2015-08-05 12:00:00,39,21,18
2015-08-05 13:00:00,21,11,10
2015-08-05 14:00:00,24,12,12
2015-08-05 15:00:00,29,13,16
2015-08-05 16:00:00,44,18,26
2015-08-05 17:00:00,40,21,19
2015-08-05 18:00:00,26,13,13
2015-08-05 19:00:00,32,19,13
2015-08-05 20:00:00,2,1,1
2015-08-05 21:00:00,0,0,0
2015-08-05 22:00:00,0,0,0
2015-08-05 23:00:00,0,0,0
2015-08-06 00:00:00,0,0,0
2015-08-06 01:00:00,0,0,0
2015-08-06 02:00:00,0,0,0
2015-08-06 03:00:00,0,0,0
2015-08-06 04:00:00,1,0,1
2015-08-06 05:00:00,18,10,8
2015-08-06 06:00:00,34,22,12
2015-08-06 07:00:00,13,9,4
2015-08-06 08:00:00,20,9,11
2015-08-06 09:00:00,41,19,22
2015-08-06 10:00:00,46,20,26
2015-08-06 11:00:00,31,16,15
2015-08-06 12:00:00,41,22,19
2015-08-06 13:00:00,20,13,7
2015-08-06 14:00:00,25,17,8
2015-08-06 15:00:00,34,11,23
2015-08-06 16:00:00,34,18,16
2015-08-06 17:00:00,40,22,18
2015-08-06 18:00:00,24,12,12
2015-08-06 19:00:00,30,17,13
2015-08-06 20:00:00,19,13,6
2015-08-06 21:00:00,2,1,1
2015-08-06 22:00:00,0,0,0
2015-08-06 23:00:00,0,0,0
2015-08-07 00:00:00,0,0,0
2015-08-07 01:00:00,0,0,0
2015-08-07 02:00:00,1,0,1
2015-08-07 03:00:00,1,1,0
2015-08-07 04:00:00,2,0,2
2015-08-07 05:00:00,12,5,7
2015-08-07 06:00:00,20,13,7
2015-08-07 07:00:00,30,16,14
2015-08-07 08:00:00,44,22,22
2015-08-07 09:00:00,44,20,24
2015-08-07 10:00:00,50,26,24
2015-08-07 11:00:00,29,16,13
2015-08-07 12:00:00,37,25,12
2015-08-07 13:00:00,14,10,4
2015-08-07 14:00:00,10,6,4
2015-08-07 15:00:00,20,11,9
2015-08-07 16:00:00,41,22,19
2015-08-07 17:00:00,41,18,23
2015-08-07 18:00:00,31,18,13
2015-08-07 19:00:00,25,11,14
2015-08-07 20:00:00,10,6,4
2015-08-07 21:00:00,3,3,0
2015-08-07 22:00:00,0,0,0
2015-08-07 23:00:00,0,0,0
2015-08-08 00:00:00,0,0,0
2015-08-08 01:00:00,1,0,1
2015-08-08 02:00:00,0,0,0
2015-08-08 03:00:00,0,0,0
2015-08-08 04:00:00,1,0,1
2015-08-08 05:00:00,3,3,0
2015-08-08 06:00:00,16,5,11
2015-08-08 07:00:00,34,16,18
2015-08-08 08:00:00,54,24,30
2015-08-08 09:00:00,56,33,23
2015-08-08 10:00:00,46,18,28
2015-08-08 11:00:00,47,21,26
2015-08-08 12:00:00,35,24,11
2015-08-08 13:00:00,44,20,24
2015-08-08 14:00:00,40,20,20
2015-08-08 15:00:00,26,12,14
2015-08-08 16:00:00,47,27,20
2015-08-08 17:00:00,36,20,16
2015-08-08 18:00:00,24,11,13
2015-08-08 19:00:00,13,8,5
2015-08-08 20:00:00,18,14,4
2015-08-08 21:00:00,0,0,0
2015-08-08 22:00:00,1,0,1
2015-08-08 23:00:00,0,0,0
2015-08-09 00:00:00,0,0,0
2015-08-09 01:00:00,0,0,0
2015-08-09 02:00:00,0,0,0
2015-08-09 03:00:00,0,0,0
2015-08-09 04:00:00,0,0,0
2015-08-09 05:00:00,10,7,3
2015-08-09 06:00:00,23,9,14
2015-08-09 07:00:00,37,16,21
2015-08-09 08:00:00,53,31,22
2015-08-09 09:00:00,78,39,39
2015-08-09 10:00:00,55,33,22
2015-08-09 11:00:00,51,28,23
2015-08-09 12:00:00,41,21,20
2015-08-09 13:00:00,39,17,22
2015-08-09 14:00:00,38,24,14
2015-08-09 15:00:00,38,20,18
2015-08-09 16:00:00,40,19,21
2015-08-09 17:00:00,40,23,17
2015-08-09 18:00:00,24,16,8
2015-08-09 19:00:00,15,7,8
2015-08-09 20:00:00,11,7,4
2015-08-09 21:00:00,0,0,0
2015-08-09 22:00:00,1,0,1
2015-08-09 23:00:00,1,1,0
2015-08-10 00:00:00,0,0,0
2015-08-10 01:00:00,0,0,0
2015-08-10 02:00:00,0,0,0
2015-08-10 03:00:00,0,0,0
2015-08-10 04:00:00,2,1,1
2015-08-10 05:00:00,14,6,8
2015-08-10 06:00:00,21,12,9
2015-08-10 07:00:00,33,17,16
2015-08-10 08:00:00,29,13,16
2015-08-10 09:00:00,31,15,16
2015-08-10 10:00:00,36,23,13
2015-08-10 11:00:00,43,24,19
2015-08-10 12:00:00,58,30,28
2015-08-10 13:00:00,18,10,8
2015-08-10 14:00:00,21,10,11
2015-08-10 15:00:00,45,23,22
2015-08-10 16:00:00,17,6,11
2015-08-10 17:00:00,49,22,27
2015-08-10 18:00:00,33,17,16
2015-08-10 19:00:00,41,23,18
2015-08-10 20:00:00,15,7,8
2015-08-10 21:00:00,0,0,0
2015-08-10 22:00:00,0,0,0
2015-08-10 23:00:00,0,0,0
2015-08-11 00:00:00,0,0,0
2015-08-11 01:00:00,0,0,0
2015-08-11 02:00:00,0,0,0
2015-08-11 03:00:00,0,0,0
2015-08-11 04:00:00,2,1,1
2015-08-11 05:00:00,38,19,19
2015-08-11 06:00:00,29,15,14
2015-08-11 07:00:00,38,22,16
2015-08-11 08:00:00,31,19,12
2015-08-11 09:00:00,44,23,21
2015-08-11 10:00:00,39,19,20
2015-08-11 11:00:00,30,20,10
2015-08-11 12:00:00,32,14,18
2015-08-11 13:00:00,12,8,4
2015-08-11 14:00:00,27,16,11
2015-08-11 15:00:00,24,16,8
2015-08-11 16:00:00,29,11,18
2015-08-11 17:00:00,33,17,16
2015-08-11 18:00:00,38,16,22
2015-08-11 19:00:00,35,20,15
2015-08-11 20:00:00,21,16,5
2015-08-11 21:00:00,1,1,0
2015-08-11 22:00:00,1,0,1
2015-08-11 23:00:00,1,1,0
2015-08-12 00:00:00,1,1,0
2015-08-12 01:00:00,0,0,0
2015-08-12 02:00:00,0,0,0
2015-08-12 03:00:00,0,0,0
2015-08-12 04:00:00,1,0,1
2015-08-12 05:00:00,7,3,4
2015-08-12 06:00:00,32,15,17
2015-08-12 07:00:00,30,20,10
2015-08-12 08:00:00,48,25,23
2015-08-12 09:00:00,55,24,31
2015-08-12 10:00:00,37,21,16
2015-08-12 11:00:00,37,18,19
2015-08-12 12:00:00,14,8,6
2015-08-12 13:00:00,9,5,4
2015-08-12 14:00:00,21,12,9
2015-08-12 15:00:00,21,9,12
2015-08-12 16:00:00,27,12,15
2015-08-12 17:00:00,46,20,26
2015-08-12 18:00:00,31,17,14
2015-08-12 19:00:00,36,22,14
2015-08-12 20:00:00,12,7,5
2015-08-12 21:00:00,4,2,2
2015-08-12 22:00:00,5,1,4
2015-08-12 23:00:00,1,1,0
2015-08-13 00:00:00,0,0,0
2015-08-13 01:00:00,0,0,0
2015-08-13 02:00:00,0,0,0
2015-08-13 03:00:00,0,0,0
2015-08-13 04:00:00,3,1,2
2015-08-13 05:00:00,14,6,8
2015-08-13 06:00:00,35,21,14
2015-08-13 07:00:00,40,21,19
2015-08-13 08:00:00,31,19,12
2015-08-13 09:00:00,31,14,17
2015-08-13 10:00:00,69,51,18
2015-08-13 11:00:00,71,46,25
2015-08-13 12:00:00,40,29,11
2015-08-13 13:00:00,38,29,9
2015-08-13 14:00:00,40,26,14
2015-08-13 15:00:00,27,12,15
2015-08-13 16:00:00,30,12,18
2015-08-13 17:00:00,23,11,12
2015-08-13 18:00:00,24,7,17
2015-08-13 19:00:00,36,21,15
2015-08-13 20:00:00,18,10,8
2015-08-13 21:00:00,3,1,2
2015-08-13 22:00:00,0,0,0
2015-08-13 23:00:00,0,0,0
2015-08-14 00:00:00,0,0,0
2015-08-14 01:00:00,0,0,0
2015-08-14 02:00:00,0,0,0
2015-08-14 03:00:00,0,0,0
2015-08-14 04:00:00,1,0,1
2015-08-14 05:00:00,12,3,9
2015-08-14 06:00:00,41,11,30
2015-08-14 07:00:00,30,20,10
2015-08-14 08:00:00,33,17,16
2015-08-14 09:00:00,51,25,26
2015-08-14 10:00:00,33,13,20
2015-08-14 11:00:00,30,15,15
2015-08-14 12:00:00,15,9,6
2015-08-14 13:00:00,11,6,5
2015-08-14 14:00:00,3,2,1
2015-08-14 15:00:00,6,4,2
2015-08-14 16:00:00,10,3,7
2015-08-14 17:00:00,14,8,6
2015-08-14 18:00:00,5,2,3
2015-08-14 19:00:00,8,3,5
2015-08-14 20:00:00,7,5,2
2015-08-14 21:00:00,4,2,2
2015-08-14 22:00:00,0,0,0
2015-08-14 23:00:00,1,0,1
2015-08-15 00:00:00,1,1,0
2015-08-15 01:00:00,0,0,0
2015-08-15 02:00:00,0,0,0
2015-08-15 03:00:00,0,0,0
2015-08-15 04:00:00,1,1,0
2015-08-15 05:00:00,6,3,3
2015-08-15 06:00:00,51,7,44
2015-08-15 07:00:00,55,27,28
2015-08-15 08:00:00,95,47,48
2015-08-15 09:00:00,73,37,36
2015-08-15 10:00:00,68,34,34
2015-08-15 11:00:00,29,20,9
2015-08-15 12:00:00,27,13,14
2015-08-15 13:00:00,26,15,11
2015-08-15 14:00:00,27,13,14
2015-08-15 15:00:00,34,23,11
2015-08-15 16:00:00,35,20,15
2015-08-15 17:00:00,21,7,14
2015-08-15 18:00:00,26,17,9
2015-08-15 19:00:00,20,13,7
2015-08-15 20:00:00,8,5,3
2015-08-15 21:00:00,3,2,1
2015-08-15 22:00:00,0,0,0
2015-08-15 23:00:00,0,0,0
2015-08-16 00:00:00,0,0,0
2015-08-16 01:00:00,0,0,0
2015-08-16 02:00:00,0,0,0
2015-08-16 03:00:00,0,0,0
2015-08-16 04:00:00,0,0,0
2015-08-16 05:00:00,7,3,4
2015-08-16 06:00:00,13,5,8
2015-08-16 07:00:00,32,16,16
2015-08-16 08:00:00,47,22,25
2015-08-16 09:00:00,73,38,35
2015-08-16 10:00:00,49,24,25
2015-08-16 11:00:00,58,35,23
2015-08-16 12:00:00,35,18,17
2015-08-16 13:00:00,61,37,24
2015-08-16 14:00:00,41,22,19
2015-08-16 15:00:00,44,25,19
2015-08-16 16:00:00,45,27,18
2015-08-16 17:00:00,38,17,21
2015-08-16 18:00:00,25,12,13
2015-08-16 19:00:00,16,9,7
2015-08-16 20:00:00,9,4,5
2015-08-16 21:00:00,0,0,0
2015-08-16 22:00:00,0,0,0
2015-08-16 23:00:00,0,0,0
2015-08-17 00:00:00,0,0,0
2015-08-17 01:00:00,0,0,0
2015-08-17 02:00:00,0,0,0
2015-08-17 03:00:00,0,0,0
2015-08-17 04:00:00,2,1,1
2015-08-17 05:00:00,12,4,8
2015-08-17 06:00:00,25,17,8
2015-08-17 07:00:00,30,14,16
2015-08-17 08:00:00,32,19,13
2015-08-17 09:00:00,35,18,17
2015-08-17 10:00:00,32,11,21
2015-08-17 11:00:00,79,55,24
2015-08-17 12:00:00,59,41,18
2015-08-17 13:00:00,89,79,10
2015-08-17 14:00:00,17,7,10
2015-08-17 15:00:00,20,9,11
2015-08-17 16:00:00,41,19,22
2015-08-17 17:00:00,26,0,26
2015-08-17 18:00:00,36,21,15
2015-08-17 19:00:00,28,13,15
2015-08-17 20:00:00,7,3,4
2015-08-17 21:00:00,4,2,2
2015-08-17 22:00:00,1,1,0
2015-08-17 23:00:00,0,0,0
2015-08-18 00:00:00,0,0,0
2015-08-18 01:00:00,0,0,0
2015-08-18 02:00:00,0,0,0
2015-08-18 03:00:00,0,0,0
2015-08-18 04:00:00,1,1,0
2015-08-18 05:00:00,13,6,7
2015-08-18 06:00:00,23,11,12
2015-08-18 07:00:00,44,28,16
2015-08-18 08:00:00,52,24,28
2015-08-18 09:00:00,39,19,20
2015-08-18 10:00:00,46,21,25
2015-08-18 11:00:00,43,23,20
2015-08-18 12:00:00,53,36,17
2015-08-18 13:00:00,31,15,16
2015-08-18 14:00:00,23,9,14
2015-08-18 15:00:00,29,15,14
2015-08-18 16:00:00,37,15,22
2015-08-18 17:00:00,42,21,21
2015-08-18 18:00:00,29,18,11
2015-08-18 19:00:00,16,8,8
2015-08-18 20:00:00,5,4,1
2015-08-18 21:00:00,2,1,1
2015-08-18 22:00:00,0,0,0
2015-08-18 23:00:00,0,0,0
2015-08-19 00:00:00,0,0,0
2015-08-19 01:00:00,0,0,0
2015-08-19 02:00:00,0,0,0
2015-08-19 03:00:00,0,0,0
2015-08-19 04:00:00,3,1,2
2015-08-19 05:00:00,11,6,5
2015-08-19 06:00:00,33,18,15
2015-08-19 07:00:00,22,16,6
2015-08-19 08:00:00,36,17,19
2015-08-19 09:00:00,46,18,28
2015-08-19 10:00:00,35,21,14
2015-08-19 11:00:00,59,41,18
2015-08-19 12:00:00,28,17,11
2015-08-19 13:00:00,8,7,1
2015-08-19 14:00:00,18,9,9
2015-08-19 15:00:00,11,4,7
2015-08-19 16:00:00,32,10,22
2015-08-19 17:00:00,36,16,20
2015-08-19 18:00:00,31,16,15
2015-08-19 19:00:00,31,18,13
2015-08-19 20:00:00,12,7,5
2015-08-19 21:00:00,2,2,0
2015-08-19 22:00:00,2,0,2
2015-08-19 23:00:00,1,1,0
2015-08-20 00:00:00,0,0,0
2015-08-20 01:00:00,0,0,0
2015-08-20 02:00:00,0,0,0
2015-08-20 03:00:00,0,0,0
2015-08-20 04:00:00,0,0,0
2015-08-20 05:00:00,13,7,6
2015-08-20 06:00:00,28,17,11
2015-08-20 07:00:00,22,13,9
2015-08-20 08:00:00,44,28,16
2015-08-20 09:00:00,40,16,24
2015-08-20 10:00:00,29,10,19
2015-08-20 11:00:00,39,19,20
2015-08-20 12:00:00,31,17,14
2015-08-20 13:00:00,17,12,5
2015-08-20 14:00:00,19,11,8
2015-08-20 15:00:00,29,14,15
2015-08-20 16:00:00,45,19,26
2015-08-20 17:00:00,40,15,25
2015-08-20 18:00:00,38,23,15
2015-08-20 19:00:00,36,18,18
2015-08-20 20:00:00,18,13,5
2015-08-20 21:00:00,2,1,1
2015-08-20 22:00:00,1,0,1
2015-08-20 23:00:00,2,1,1
2015-08-21 00:00:00,1,1,0
2015-08-21 01:00:00,0,0,0
2015-08-21 02:00:00,0,0,0
2015-08-21 03:00:00,0,0,0
2015-08-21 04:00:00,0,0,0
2015-08-21 05:00:00,5,0,5
2015-08-21 06:00:00,16,8,8
2015-08-21 07:00:00,36,22,14
2015-08-21 08:00:00,50,25,25
2015-08-21 09:00:00,37,18,19
2015-08-21 10:00:00,43,19,24
2015-08-21 11:00:00,40,25,15
2015-08-21 12:00:00,27,18,9
2015-08-21 13:00:00,25,9,16
2015-08-21 14:00:00,34,19,15
2015-08-21 15:00:00,19,0,19
2015-08-21 16:00:00,34,11,23
2015-08-21 17:00:00,29,17,12
2015-08-21 18:00:00,20,7,13
2015-08-21 19:00:00,17,10,7
2015-08-21 20:00:00,6,2,4
2015-08-21 21:00:00,0,0,0
2015-08-21 22:00:00,0,0,0
2015-08-21 23:00:00,1,0,1
2015-08-22 00:00:00,1,1,0
2015-08-22 01:00:00,0,0,0
2015-08-22 02:00:00,0,0,0
2015-08-22 03:00:00,0,0,0
2015-08-22 04:00:00,0,0,0
2015-08-22 05:00:00,3,2,1
2015-08-22 06:00:00,22,5,17
2015-08-22 07:00:00,20,0,20
2015-08-22 08:00:00,75,41,34
2015-08-22 09:00:00,51,23,28
2015-08-22 10:00:00,61,26,35
2015-08-22 11:00:00,36,18,18
2015-08-22 12:00:00,29,11,18
2015-08-22 13:00:00,45,28,17
2015-08-22 14:00:00,41,23,18
2015-08-22 15:00:00,26,12,14
2015-08-22 16:00:00,18,11,7
2015-08-22 17:00:00,26,12,14
2015-08-22 18:00:00,20,9,11
2015-08-22 19:00:00,11,9,2
2015-08-22 20:00:00,5,3,2
2015-08-22 21:00:00,0,0,0
2015-08-22 22:00:00,2,0,2
2015-08-22 23:00:00,1,1,0
2015-08-23 00:00:00,2,0,2
2015-08-23 01:00:00,0,0,0
2015-08-23 02:00:00,0,0,0
2015-08-23 03:00:00,0,0,0
2015-08-23 04:00:00,0,0,0
2015-08-23 05:00:00,1,1,0
2015-08-23 06:00:00,18,7,11
2015-08-23 07:00:00,28,15,13
2015-08-23 08:00:00,57,32,25
2015-08-23 09:00:00,68,38,30
2015-08-23 10:00:00,76,41,35
2015-08-23 11:00:00,21,0,21
2015-08-23 12:00:00,37,19,18
2015-08-23 13:00:00,43,23,20
2015-08-23 14:00:00,47,31,16
2015-08-23 15:00:00,24,12,12
2015-08-23 16:00:00,29,13,16
2015-08-23 17:00:00,28,15,13
2015-08-23 18:00:00,21,0,21
2015-08-23 19:00:00,11,11,0
2015-08-23 20:00:00,4,1,3
2015-08-23 21:00:00,3,3,0
2015-08-23 22:00:00,1,0,1
2015-08-23 23:00:00,0,0,0
2015-08-24 00:00:00,0,0,0
2015-08-24 01:00:00,0,0,0
2015-08-24 02:00:00,0,0,0
2015-08-24 03:00:00,0,0,0
2015-08-24 04:00:00,1,0,1
2015-08-24 05:00:00,9,4,5
2015-08-24 06:00:00,16,11,5
2015-08-24 07:00:00,37,20,17
2015-08-24 08:00:00,46,20,26
2015-08-24 09:00:00,28,14,14
2015-08-24 10:00:00,36,16,20
2015-08-24 11:00:00,32,17,15
2015-08-24 12:00:00,37,19,18
2015-08-24 13:00:00,98,51,47
2015-08-24 14:00:00,17,7,10
2015-08-24 15:00:00,27,11,16
2015-08-24 16:00:00,39,21,18
2015-08-24 17:00:00,37,16,21
2015-08-24 18:00:00,41,21,20
2015-08-24 19:00:00,31,18,13
2015-08-24 20:00:00,8,5,3
2015-08-24 21:00:00,2,2,0
2015-08-24 22:00:00,0,0,0
2015-08-24 23:00:00,0,0,0
2015-08-25 00:00:00,0,0,0
2015-08-25 01:00:00,0,0,0
2015-08-25 02:00:00,0,0,0
2015-08-25 03:00:00,0,0,0
2015-08-25 04:00:00,1,1,0
2015-08-25 05:00:00,12,5,7
2015-08-25 06:00:00,29,13,16
2015-08-25 07:00:00,36,25,11
2015-08-25 08:00:00,30,16,14
2015-08-25 09:00:00,34,15,19
2015-08-25 10:00:00,39,18,21
2015-08-25 11:00:00,42,21,21
2015-08-25 12:00:00,34,19,15
2015-08-25 13:00:00,30,16,14
2015-08-25 14:00:00,23,9,14
2015-08-25 15:00:00,26,18,8
2015-08-25 16:00:00,51,19,32
2015-08-25 17:00:00,49,27,22
2015-08-25 18:00:00,46,26,20
2015-08-25 19:00:00,41,23,18
2015-08-25 20:00:00,5,2,3
2015-08-25 21:00:00,2,1,1
2015-08-25 22:00:00,0,0,0
2015-08-25 23:00:00,0,0,0
2015-08-26 00:00:00,0,0,0
2015-08-26 01:00:00,0,0,0
2015-08-26 02:00:00,0,0,0
2015-08-26 03:00:00,0,0,0
2015-08-26 04:00:00,1,0,1
2015-08-26 05:00:00,7,3,4
2015-08-26 06:00:00,25,12,13
2015-08-26 07:00:00,53,30,23
2015-08-26 08:00:00,46,24,22
2015-08-26 09:00:00,38,20,18
2015-08-26 10:00:00,37,21,16
2015-08-26 11:00:00,42,28,14
2015-08-26 12:00:00,31,14,17
2015-08-26 13:00:00,23,16,7
2015-08-26 14:00:00,18,11,7
2015-08-26 15:00:00,33,15,18
2015-08-26 16:00:00,40,19,21
2015-08-26 17:00:00,33,17,16
2015-08-26 18:00:00,64,39,25
2015-08-26 19:00:00,28,17,11
2015-08-26 20:00:00,4,3,1
2015-08-26 21:00:00,0,0,0
2015-08-26 22:00:00,1,1,0
2015-08-26 23:00:00,0,0,0
2015-08-27 00:00:00,0,0,0
2015-08-27 01:00:00,0,0,0
2015-08-27 02:00:00,0,0,0
2015-08-27 03:00:00,0,0,0
2015-08-27 04:00:00,0,0,0
2015-08-27 05:00:00,8,5,3
2015-08-27 06:00:00,24,11,13
2015-08-27 07:00:00,34,21,13
2015-08-27 08:00:00,27,18,9
2015-08-27 09:00:00,26,16,10
2015-08-27 10:00:00,43,17,26
2015-08-27 11:00:00,42,21,21
2015-08-27 12:00:00,26,17,9
2015-08-27 13:00:00,29,13,16
2015-08-27 14:00:00,33,18,15
2015-08-27 15:00:00,42,18,24
2015-08-27 16:00:00,34,12,22
2015-08-27 17:00:00,32,15,17
2015-08-27 18:00:00,24,10,14
2015-08-27 19:00:00,30,21,9
2015-08-27 20:00:00,4,2,2
2015-08-27 21:00:00,3,1,2
2015-08-27 22:00:00,1,1,0
2015-08-27 23:00:00,0,0,0
2015-08-28 00:00:00,0,0,0
2015-08-28 01:00:00,0,0,0
2015-08-28 02:00:00,0,0,0
2015-08-28 03:00:00,0,0,0
2015-08-28 04:00:00,1,0,1
2015-08-28 05:00:00,6,4,2
2015-08-28 06:00:00,16,7,9
2015-08-28 07:00:00,19,11,8
2015-08-28 08:00:00,33,17,16
2015-08-28 09:00:00,40,20,20
2015-08-28 10:00:00,26,17,9
2015-08-28 11:00:00,36,17,19
2015-08-28 12:00:00,24,14,10
2015-08-28 13:00:00,19,10,9
2015-08-28 14:00:00,21,9,12
2015-08-28 15:00:00,19,11,8
2015-08-28 16:00:00,32,16,16
2015-08-28 17:00:00,27,18,9
2015-08-28 18:00:00,13,8,5
2015-08-28 19:00:00,31,17,14
2015-08-28 20:00:00,9,6,3
2015-08-28 21:00:00,1,0,1
2015-08-28 22:00:00,3,2,1
2015-08-28 23:00:00,1,0,1
2015-08-29 00:00:00,3,3,0
2015-08-29 01:00:00,0,0,0
2015-08-29 02:00:00,0,0,0
2015-08-29 03:00:00,0,0,0
2015-08-29 04:00:00,1,0,1
2015-08-29 05:00:00,1,1,0
2015-08-29 06:00:00,4,2,2
2015-08-29 07:00:00,13,4,9
2015-08-29 08:00:00,24,17,7
2015-08-29 09:00:00,73,29,44
2015-08-29 10:00:00,81,43,38
2015-08-29 11:00:00,43,23,20
2015-08-29 12:00:00,19,10,9
2015-08-29 13:00:00,17,11,6
2015-08-29 14:00:00,17,7,10
2015-08-29 15:00:00,22,12,10
2015-08-29 16:00:00,13,8,5
2015-08-29 17:00:00,24,13,11
2015-08-29 18:00:00,12,6,6
2015-08-29 19:00:00,9,4,5
2015-08-29 20:00:00,3,2,1
2015-08-29 21:00:00,0,0,0
2015-08-29 22:00:00,0,0,0
2015-08-29 23:00:00,0,0,0
2015-08-30 00:00:00,0,0,0
2015-08-30 01:00:00,0,0,0
2015-08-30 02:00:00,0,0,0
2015-08-30 03:00:00,0,0,0
2015-08-30 04:00:00,0,0,0
2015-08-30 05:00:00,1,1,0
2015-08-30 06:00:00,2,1,1
2015-08-30 07:00:00,21,8,13
2015-08-30 08:00:00,25,11,14
2015-08-30 09:00:00,39,21,18
2015-08-30 10:00:00,57,23,34
2015-08-30 11:00:00,44,26,18
2015-08-30 12:00:00,28,11,17
2015-08-30 13:00:00,24,15,9
2015-08-30 14:00:00,23,11,12
2015-08-30 15:00:00,32,14,18
2015-08-30 16:00:00,36,20,16
2015-08-30 17:00:00,37,18,19
2015-08-30 18:00:00,25,16,9
2015-08-30 19:00:00,16,9,7
2015-08-30 20:00:00,2,1,1
2015-08-30 21:00:00,2,1,1
2015-08-30 22:00:00,0,0,0
2015-08-30 23:00:00,0,0,0
2015-08-31 00:00:00,0,0,0
2015-08-31 01:00:00,0,0,0
2015-08-31 02:00:00,0,0,0
2015-08-31 03:00:00,0,0,0
2015-08-31 04:00:00,2,1,1
2015-08-31 05:00:00,13,7,6
2015-08-31 06:00:00,11,6,5
2015-08-31 07:00:00,11,7,4
2015-08-31 08:00:00,20,13,7
2015-08-31 09:00:00,13,8,5
2015-08-31 10:00:00,13,4,9
2015-08-31 11:00:00,23,12,11
2015-08-31 12:00:00,17,8,9
2015-08-31 13:00:00,17,8,9
2015-08-31 14:00:00,12,4,8
2015-08-31 15:00:00,36,18,18
2015-08-31 16:00:00,26,8,18
2015-08-31 17:00:00,40,22,18
2015-08-31 18:00:00,23,12,11
2015-08-31 19:00:00,18,10,8
2015-08-31 20:00:00,1,1,0
2015-08-31 21:00:00,1,0,1
2015-08-31 22:00:00,2,2,0
2015-08-31 23:00:00,2,1,1
2015-09-01 00:00:00,0,0,0
2015-09-01 01:00:00,0,0,0
2015-09-01 02:00:00,0,0,0
2015-09-01 03:00:00,0,0,0
2015-09-01 04:00:00,0,0,0
2015-09-01 05:00:00,6,2,4
2015-09-01 06:00:00,23,12,11
2015-09-01 07:00:00,33,19,14
2015-09-01 08:00:00,24,16,8
2015-09-01 09:00:00,17,7,10
2015-09-01 10:00:00,17,7,10
2015-09-01 11:00:00,14,5,9
2015-09-01 12:00:00,28,18,10
2015-09-01 13:00:00,31,15,16
2015-09-01 14:00:00,17,9,8
2015-09-01 15:00:00,14,8,6
2015-09-01 16:00:00,13,6,7
2015-09-01 17:00:00,37,15,22
2015-09-01 18:00:00,36,14,22
2015-09-01 19:00:00,19,13,6
2015-09-01 20:00:00,12,5,7
2015-09-01 21:00:00,2,1,1
2015-09-01 22:00:00,0,0,0
2015-09-01 23:00:00,2,1,1
2015-09-02 00:00:00,3,2,1
2015-09-02 01:00:00,0,0,0
2015-09-02 02:00:00,0,0,0
2015-09-02 03:00:00,0,0,0
2015-09-02 04:00:00,0,0,0
2015-09-02 05:00:00,3,1,2
2015-09-02 06:00:00,6,3,3
2015-09-02 07:00:00,17,10,7
2015-09-02 08:00:00,20,13,7
2015-09-02 09:00:00,27,14,13
2015-09-02 10:00:00,23,9,14
2015-09-02 11:00:00,27,12,15
2015-09-02 12:00:00,28,11,17
2015-09-02 13:00:00,13,9,4
2015-09-02 14:00:00,18,8,10
2015-09-02 15:00:00,33,15,18
2015-09-02 16:00:00,27,12,15
2015-09-02 17:00:00,44,22,22
2015-09-02 18:00:00,55,25,30
2015-09-02 19:00:00,39,18,21
2015-09-02 20:00:00,28,15,13
2015-09-02 21:00:00,3,3,0
2015-09-02 22:00:00,0,0,0
2015-09-02 23:00:00,0,0,0
2015-09-03 00:00:00,0,0,0
2015-09-03 01:00:00,1,1,0
2015-09-03 02:00:00,0,0,0
2015-09-03 03:00:00,0,0,0
2015-09-03 04:00:00,0,0,0
2015-09-03 05:00:00,0,0,0
2015-09-03 06:00:00,6,3,3
2015-09-03 07:00:00,20,11,9
2015-09-03 08:00:00,18,8,10
2015-09-03 09:00:00,32,19,13
2015-09-03 10:00:00,20,12,8
2015-09-03 11:00:00,17,7,10
2015-09-03 12:00:00,31,14,17
2015-09-03 13:00:00,21,13,8
2015-09-03 14:00:00,29,11,18
2015-09-03 15:00:00,19,9,10
2015-09-03 16:00:00,32,17,15
2015-09-03 17:00:00,30,12,18
2015-09-03 18:00:00,38,22,16
2015-09-03 19:00:00,26,18,8
2015-09-03 20:00:00,13,8,5
2015-09-03 21:00:00,1,0,1
2015-09-03 22:00:00,0,0,0
2015-09-03 23:00:00,1,0,1
2015-09-04 00:00:00,4,3,1
2015-09-04 01:00:00,0,0,0
2015-09-04 02:00:00,0,0,0
2015-09-04 03:00:00,0,0,0
2015-09-04 04:00:00,0,0,0
2015-09-04 05:00:00,2,1,1
2015-09-04 06:00:00,2,1,1
2015-09-04 07:00:00,14,7,7
2015-09-04 08:00:00,31,16,15
2015-09-04 09:00:00,36,22,14
2015-09-04 10:00:00,30,14,16
2015-09-04 11:00:00,17,8,9
2015-09-04 12:00:00,29,16,13
2015-09-04 13:00:00,30,20,10
2015-09-04 14:00:00,26,10,16
2015-09-04 15:00:00,28,19,9
2015-09-04 16:00:00,31,14,17
2015-09-04 17:00:00,26,13,13
2015-09-04 18:00:00,42,15,27
2015-09-04 19:00:00,18,10,8
2015-09-04 20:00:00,8,5,3
2015-09-04 21:00:00,1,0,1
2015-09-04 22:00:00,0,0,0
2015-09-04 23:00:00,4,2,2
2015-09-05 00:00:00,1,1,0
2015-09-05 01:00:00,0,0,0
2015-09-05 02:00:00,0,0,0
2015-09-05 03:00:00,0,0,0
2015-09-05 04:00:00,1,0,1
2015-09-05 05:00:00,0,0,0
2015-09-05 06:00:00,1,0,1
2015-09-05 07:00:00,20,11,9
2015-09-05 08:00:00,47,15,32
2015-09-05 09:00:00,64,31,33
2015-09-05 10:00:00,55,28,27
2015-09-05 11:00:00,109,61,48
2015-09-05 12:00:00,57,31,26
2015-09-05 13:00:00,40,19,21
2015-09-05 14:00:00,31,17,14
2015-09-05 15:00:00,30,12,18
2015-09-05 16:00:00,52,30,22
2015-09-05 17:00:00,32,19,13
2015-09-05 18:00:00,19,14,5
2015-09-05 19:00:00,12,6,6
2015-09-05 20:00:00,5,3,2
2015-09-05 21:00:00,1,1,0
2015-09-05 22:00:00,0,0,0
2015-09-05 23:00:00,1,0,1
2015-09-06 00:00:00,0,0,0
2015-09-06 01:00:00,1,1,0
2015-09-06 02:00:00,0,0,0
2015-09-06 03:00:00,0,0,0
2015-09-06 04:00:00,0,0,0
2015-09-06 05:00:00,0,0,0
2015-09-06 06:00:00,0,0,0
2015-09-06 07:00:00,3,0,3
2015-09-06 08:00:00,12,8,4
2015-09-06 09:00:00,31,18,13
2015-09-06 10:00:00,52,23,29
2015-09-06 11:00:00,36,19,17
2015-09-06 12:00:00,39,21,18
2015-09-06 13:00:00,39,22,17
2015-09-06 14:00:00,29,17,12
2015-09-06 15:00:00,24,13,11
2015-09-06 16:00:00,20,10,10
2015-09-06 17:00:00,27,11,16
2015-09-06 18:00:00,15,7,8
2015-09-06 19:00:00,11,6,5
2015-09-06 20:00:00,5,2,3
2015-09-06 21:00:00,2,1,1
2015-09-06 22:00:00,1,1,0
2015-09-06 23:00:00,0,0,0
2015-09-07 00:00:00,0,0,0
2015-09-07 01:00:00,2,1,1
2015-09-07 02:00:00,0,0,0
2015-09-07 03:00:00,0,0,0
2015-09-07 04:00:00,0,0,0
2015-09-07 05:00:00,0,0,0
2015-09-07 06:00:00,0,0,0
2015-09-07 07:00:00,11,4,7
2015-09-07 08:00:00,39,18,21
2015-09-07 09:00:00,53,25,28
2015-09-07 10:00:00,61,25,36
2015-09-07 11:00:00,64,36,28
2015-09-07 12:00:00,57,29,28
2015-09-07 13:00:00,48,27,21
2015-09-07 14:00:00,56,35,21
2015-09-07 15:00:00,48,29,19
2015-09-07 16:00:00,50,30,20
2015-09-07 17:00:00,43,20,23
2015-09-07 18:00:00,43,26,17
2015-09-07 19:00:00,30,14,16
2015-09-07 20:00:00,13,9,4
2015-09-07 21:00:00,5,4,1
2015-09-07 22:00:00,0,0,0
2015-09-07 23:00:00,0,0,0
2015-09-08 00:00:00,1,1,0
2015-09-08 01:00:00,0,0,0
2015-09-08 02:00:00,0,0,0
2015-09-08 03:00:00,0,0,0
2015-09-08 04:00:00,0,0,0
2015-09-08 05:00:00,0,0,0
2015-09-08 06:00:00,2,1,1
2015-09-08 07:00:00,15,8,7
2015-09-08 08:00:00,30,19,11
2015-09-08 09:00:00,27,13,14
2015-09-08 10:00:00,23,12,11
2015-09-08 11:00:00,23,10,13
2015-09-08 12:00:00,25,17,8
2015-09-08 13:00:00,17,5,12
2015-09-08 14:00:00,31,18,13
2015-09-08 15:00:00,21,10,11
2015-09-08 16:00:00,26,12,14
2015-09-08 17:00:00,27,15,12
2015-09-08 18:00:00,38,13,25
2015-09-08 19:00:00,43,21,22
2015-09-08 20:00:00,19,12,7
2015-09-08 21:00:00,1,0,1
2015-09-08 22:00:00,0,0,0
2015-09-08 23:00:00,0,0,0
2015-09-09 00:00:00,0,0,0
2015-09-09 01:00:00,0,0,0
2015-09-09 02:00:00,0,0,0
2015-09-09 03:00:00,0,0,0
2015-09-09 04:00:00,0,0,0
2015-09-09 05:00:00,1,0,1
2015-09-09 06:00:00,3,0,3
2015-09-09 07:00:00,22,12,10
2015-09-09 08:00:00,26,13,13
2015-09-09 09:00:00,41,21,20
2015-09-09 10:00:00,36,16,20
2015-09-09 11:00:00,28,15,13
2015-09-09 12:00:00,23,12,11
2015-09-09 13:00:00,23,11,12
2015-09-09 14:00:00,19,11,8
2015-09-09 15:00:00,21,12,9
2015-09-09 16:00:00,32,11,21
2015-09-09 17:00:00,42,21,21
2015-09-09 18:00:00,45,23,22
2015-09-09 19:00:00,34,21,13
2015-09-09 20:00:00,16,9,7
2015-09-09 21:00:00,1,0,1
2015-09-09 22:00:00,2,1,1
2015-09-09 23:00:00,0,0,0
2015-09-10 00:00:00,0,0,0
2015-09-10 01:00:00,0,0,0
2015-09-10 02:00:00,0,0,0
2015-09-10 03:00:00,0,0,0
2015-09-10 04:00:00,0,0,0
2015-09-10 05:00:00,0,0,0
2015-09-10 06:00:00,7,5,2
2015-09-10 07:00:00,25,15,10
2015-09-10 08:00:00,27,16,11
2015-09-10 09:00:00,26,16,10
2015-09-10 10:00:00,22,13,9
2015-09-10 11:00:00,23,14,9
2015-09-10 12:00:00,28,13,15
2015-09-10 13:00:00,29,19,10
2015-09-10 14:00:00,20,14,6
2015-09-10 15:00:00,26,14,12
2015-09-10 16:00:00,45,20,25
2015-09-10 17:00:00,33,11,22
2015-09-10 18:00:00,46,23,23
2015-09-10 19:00:00,43,23,20
2015-09-10 20:00:00,22,13,9
2015-09-10 21:00:00,2,1,1
2015-09-10 22:00:00,3,1,2
2015-09-10 23:00:00,0,0,0
2015-09-11 00:00:00,0,0,0
2015-09-11 01:00:00,0,0,0
2015-09-11 02:00:00,0,0,0
2015-09-11 03:00:00,0,0,0
2015-09-11 04:00:00,0,0,0
2015-09-11 05:00:00,3,1,2
2015-09-11 06:00:00,10,4,6
2015-09-11 07:00:00,17,9,8
2015-09-11 08:00:00,30,16,14
2015-09-11 09:00:00,43,22,21
2015-09-11 10:00:00,34,17,17
2015-09-11 11:00:00,22,13,9
2015-09-11 12:00:00,29,20,9
2015-09-11 13:00:00,33,18,15
2015-09-11 14:00:00,28,17,11
2015-09-11 15:00:00,28,13,15
2015-09-11 16:00:00,40,19,21
2015-09-11 17:00:00,48,30,18
2015-09-11 18:00:00,35,16,19
2015-09-11 19:00:00,22,12,10
2015-09-11 20:00:00,15,9,6
2015-09-11 21:00:00,0,0,0
2015-09-11 22:00:00,0,0,0
2015-09-11 23:00:00,2,1,1
2015-09-12 00:00:00,2,1,1
2015-09-12 01:00:00,1,1,0
2015-09-12 02:00:00,0,0,0
2015-09-12 03:00:00,0,0,0
2015-09-12 04:00:00,0,0,0
2015-09-12 05:00:00,0,0,0
2015-09-12 06:00:00,4,2,2
2015-09-12 07:00:00,21,10,11
2015-09-12 08:00:00,31,15,16
2015-09-12 09:00:00,83,35,48
2015-09-12 10:00:00,78,41,37
2015-09-12 11:00:00,68,33,35
2015-09-12 12:00:00,52,24,28
2015-09-12 13:00:00,43,29,14
2015-09-12 14:00:00,42,24,18
2015-09-12 15:00:00,27,14,13
2015-09-12 16:00:00,37,23,14
2015-09-12 17:00:00,22,11,11
2015-09-12 18:00:00,23,14,9
2015-09-12 19:00:00,24,15,9
2015-09-12 20:00:00,12,6,6
2015-09-12 21:00:00,3,3,0
2015-09-12 22:00:00,2,1,1
2015-09-12 23:00:00,1,1,0
2015-09-13 00:00:00,0,0,0
2015-09-13 01:00:00,0,0,0
2015-09-13 02:00:00,0,0,0
2015-09-13 03:00:00,0,0,0
2015-09-13 04:00:00,0,0,0
2015-09-13 05:00:00,0,0,0
2015-09-13 06:00:00,0,0,0
2015-09-13 07:00:00,14,5,9
2015-09-13 08:00:00,39,16,23
2015-09-13 09:00:00,59,28,31
2015-09-13 10:00:00,64,35,29
2015-09-13 11:00:00,27,12,15
2015-09-13 12:00:00,27,18,9
2015-09-13 13:00:00,21,15,6
2015-09-13 14:00:00,28,17,11
2015-09-13 15:00:00,41,20,21
2015-09-13 16:00:00,44,23,21
2015-09-13 17:00:00,32,18,14
2015-09-13 18:00:00,22,14,8
2015-09-13 19:00:00,34,13,21
2015-09-13 20:00:00,16,11,5
2015-09-13 21:00:00,5,3,2
2015-09-13 22:00:00,0,0,0
2015-09-13 23:00:00,0,0,0
2015-09-14 00:00:00,0,0,0
2015-09-14 01:00:00,0,0,0
2015-09-14 02:00:00,0,0,0
2015-09-14 03:00:00,0,0,0
2015-09-14 04:00:00,0,0,0
2015-09-14 05:00:00,1,0,1
2015-09-14 06:00:00,3,1,2
2015-09-14 07:00:00,20,11,9
2015-09-14 08:00:00,22,13,9
2015-09-14 09:00:00,17,8,9
2015-09-14 10:00:00,31,18,13
2015-09-14 11:00:00,24,11,13
2015-09-14 12:00:00,32,12,20
2015-09-14 13:00:00,27,15,12
2015-09-14 14:00:00,22,9,13
2015-09-14 15:00:00,30,17,13
2015-09-14 16:00:00,30,11,19
2015-09-14 17:00:00,47,24,23
2015-09-14 18:00:00,48,23,25
2015-09-14 19:00:00,33,19,14
2015-09-14 20:00:00,8,4,4
2015-09-14 21:00:00,0,0,0
2015-09-14 22:00:00,0,0,0
2015-09-14 23:00:00,0,0,0
2015-09-15 00:00:00,1,0,1
2015-09-15 01:00:00,1,1,0
2015-09-15 02:00:00,0,0,0
2015-09-15 03:00:00,0,0,0
2015-09-15 04:00:00,0,0,0
2015-09-15 05:00:00,1,1,0
2015-09-15 06:00:00,3,1,2
2015-09-15 07:00:00,11,5,6
2015-09-15 08:00:00,27,15,12
2015-09-15 09:00:00,36,20,16
2015-09-15 10:00:00,18,6,12
2015-09-15 11:00:00,33,14,19
2015-09-15 12:00:00,37,20,17
2015-09-15 13:00:00,23,9,14
2015-09-15 14:00:00,19,11,8
2015-09-15 15:00:00,18,8,10
2015-09-15 16:00:00,28,11,17
2015-09-15 17:00:00,24,11,13
2015-09-15 18:00:00,36,19,17
2015-09-15 19:00:00,30,17,13
2015-09-15 20:00:00,8,5,3
2015-09-15 21:00:00,0,0,0
2015-09-15 22:00:00,1,1,0
2015-09-15 23:00:00,0,0,0
2015-09-16 00:00:00,0,0,0
2015-09-16 01:00:00,0,0,0
2015-09-16 02:00:00,0,0,0
2015-09-16 03:00:00,0,0,0
2015-09-16 04:00:00,0,0,0
2015-09-16 05:00:00,2,1,1
2015-09-16 06:00:00,13,8,5
2015-09-16 07:00:00,26,16,10
2015-09-16 08:00:00,12,7,5
2015-09-16 09:00:00,24,14,10
2015-09-16 10:00:00,32,19,13
2015-09-16 11:00:00,38,14,24
2015-09-16 12:00:00,42,32,10
2015-09-16 13:00:00,30,16,14
2015-09-16 14:00:00,29,13,16
2015-09-16 15:00:00,29,19,10
2015-09-16 16:00:00,31,14,17
2015-09-16 17:00:00,34,13,21
2015-09-16 18:00:00,57,24,33
2015-09-16 19:00:00,29,19,10
2015-09-16 20:00:00,16,10,6
2015-09-16 21:00:00,0,0,0
2015-09-16 22:00:00,1,0,1
2015-09-16 23:00:00,2,0,2
2015-09-17 00:00:00,0,0,0
2015-09-17 01:00:00,0,0,0
2015-09-17 02:00:00,0,0,0
2015-09-17 03:00:00,0,0,0
2015-09-17 04:00:00,0,0,0
2015-09-17 05:00:00,2,1,1
2015-09-17 06:00:00,6,3,3
2015-09-17 07:00:00,14,7,7
2015-09-17 08:00:00,23,12,11
2015-09-17 09:00:00,18,11,7
2015-09-17 10:00:00,30,16,14
2015-09-17 11:00:00,19,7,12
2015-09-17 12:00:00,20,14,6
2015-09-17 13:00:00,12,6,6
2015-09-17 14:00:00,10,5,5
2015-09-17 15:00:00,13,7,6
2015-09-17 16:00:00,8,5,3
2015-09-17 17:00:00,41,16,25
2015-09-17 18:00:00,27,15,12
2015-09-17 19:00:00,20,10,10
2015-09-17 20:00:00,8,2,6
2015-09-17 21:00:00,4,2,2
2015-09-17 22:00:00,2,0,2
2015-09-17 23:00:00,1,1,0
2015-09-18 00:00:00,1,1,0
2015-09-18 01:00:00,0,0,0
2015-09-18 02:00:00,1,1,0
2015-09-18 03:00:00,0,0,0
2015-09-18 04:00:00,0,0,0
2015-09-18 05:00:00,1,1,0
2015-09-18 06:00:00,2,1,1
2015-09-18 07:00:00,13,7,6
2015-09-18 08:00:00,25,17,8
2015-09-18 09:00:00,35,13,22
2015-09-18 10:00:00,47,22,25
2015-09-18 11:00:00,25,13,12
2015-09-18 12:00:00,37,20,17
2015-09-18 13:00:00,23,13,10
2015-09-18 14:00:00,26,15,11
2015-09-18 15:00:00,16,8,8
2015-09-18 16:00:00,31,13,18
2015-09-18 17:00:00,30,16,14
2015-09-18 18:00:00,29,19,10
2015-09-18 19:00:00,18,10,8
2015-09-18 20:00:00,8,4,4
2015-09-18 21:00:00,0,0,0
2015-09-18 22:00:00,1,0,1
2015-09-18 23:00:00,0,0,0
2015-09-19 00:00:00,1,1,0
2015-09-19 01:00:00,2,1,1
2015-09-19 02:00:00,0,0,0
2015-09-19 03:00:00,0,0,0
2015-09-19 04:00:00,0,0,0
2015-09-19 05:00:00,0,0,0
2015-09-19 06:00:00,1,1,0
2015-09-19 07:00:00,35,17,18
2015-09-19 08:00:00,21,11,10
2015-09-19 09:00:00,59,31,28
2015-09-19 10:00:00,72,28,44
2015-09-19 11:00:00,50,29,21
2015-09-19 12:00:00,38,22,16
2015-09-19 13:00:00,16,0,16
2015-09-19 14:00:00,24,0,24
2015-09-19 15:00:00,33,23,10
2015-09-19 16:00:00,21,10,11
2015-09-19 17:00:00,17,8,9
2015-09-19 18:00:00,23,13,10
2015-09-19 19:00:00,18,9,9
2015-09-19 20:00:00,5,5,0
2015-09-19 21:00:00,1,1,0
2015-09-19 22:00:00,0,0,0
2015-09-19 23:00:00,2,1,1
2015-09-20 00:00:00,0,0,0
2015-09-20 01:00:00,0,0,0
2015-09-20 02:00:00,0,0,0
2015-09-20 03:00:00,2,2,0
2015-09-20 04:00:00,0,0,0
2015-09-20 05:00:00,0,0,0
2015-09-20 06:00:00,4,2,2
2015-09-20 07:00:00,8,6,2
2015-09-20 08:00:00,25,12,13
2015-09-20 09:00:00,61,34,27
2015-09-20 10:00:00,57,26,31
2015-09-20 11:00:00,65,33,32
2015-09-20 12:00:00,44,27,17
2015-09-20 13:00:00,37,22,15
2015-09-20 14:00:00,32,13,19
2015-09-20 15:00:00,39,24,15
2015-09-20 16:00:00,36,19,17
2015-09-20 17:00:00,31,13,18
2015-09-20 18:00:00,26,15,11
2015-09-20 19:00:00,18,8,10
2015-09-20 20:00:00,10,7,3
2015-09-20 21:00:00,1,0,1
2015-09-20 22:00:00,0,0,0
2015-09-20 23:00:00,0,0,0
2015-09-21 00:00:00,0,0,0
2015-09-21 01:00:00,0,0,0
2015-09-21 02:00:00,0,0,0
2015-09-21 03:00:00,0,0,0
2015-09-21 04:00:00,0,0,0
2015-09-21 05:00:00,1,0,1
2015-09-21 06:00:00,6,3,3
2015-09-21 07:00:00,11,5,6
2015-09-21 08:00:00,17,11,6
2015-09-21 09:00:00,28,16,12
2015-09-21 10:00:00,21,10,11
2015-09-21 11:00:00,26,14,12
2015-09-21 12:00:00,34,20,14
2015-09-21 13:00:00,41,16,25
2015-09-21 14:00:00,31,19,12
2015-09-21 15:00:00,29,18,11
2015-09-21 16:00:00,32,12,20
2015-09-21 17:00:00,67,33,34
2015-09-21 18:00:00,53,23,30
2015-09-21 19:00:00,42,19,23
2015-09-21 20:00:00,13,7,6
2015-09-21 21:00:00,2,1,1
2015-09-21 22:00:00,2,1,1
2015-09-21 23:00:00,1,0,1
2015-09-22 00:00:00,0,0,0
2015-09-22 01:00:00,0,0,0
2015-09-22 02:00:00,0,0,0
2015-09-22 03:00:00,0,0,0
2015-09-22 04:00:00,1,0,1
2015-09-22 05:00:00,0,0,0
2015-09-22 06:00:00,6,4,2
2015-09-22 07:00:00,12,6,6
2015-09-22 08:00:00,20,13,7
2015-09-22 09:00:00,24,13,11
2015-09-22 10:00:00,29,17,12
2015-09-22 11:00:00,35,19,16
2015-09-22 12:00:00,24,15,9
2015-09-22 13:00:00,27,13,14
2015-09-22 14:00:00,15,7,8
2015-09-22 15:00:00,22,11,11
2015-09-22 16:00:00,29,13,16
2015-09-22 17:00:00,48,18,30
2015-09-22 18:00:00,58,31,27
2015-09-22 19:00:00,36,19,17
2015-09-22 20:00:00,8,6,2
2015-09-22 21:00:00,2,1,1
2015-09-22 22:00:00,3,1,2
2015-09-22 23:00:00,1,0,1
2015-09-23 00:00:00,1,1,0
2015-09-23 01:00:00,0,0,0
2015-09-23 02:00:00,0,0,0
2015-09-23 03:00:00,0,0,0
2015-09-23 04:00:00,0,0,0
2015-09-23 05:00:00,1,0,1
2015-09-23 06:00:00,7,2,5
2015-09-23 07:00:00,18,9,9
2015-09-23 08:00:00,15,9,6
2015-09-23 09:00:00,21,13,8
2015-09-23 10:00:00,29,15,14
2015-09-23 11:00:00,25,12,13
2015-09-23 12:00:00,26,13,13
2015-09-23 13:00:00,29,14,15
2015-09-23 14:00:00,18,8,10
2015-09-23 15:00:00,16,7,9
2015-09-23 16:00:00,34,13,21
2015-09-23 17:00:00,37,16,21
2015-09-23 18:00:00,46,23,23
2015-09-23 19:00:00,34,15,19
2015-09-23 20:00:00,11,7,4
2015-09-23 21:00:00,3,2,1
2015-09-23 22:00:00,2,2,0
2015-09-23 23:00:00,0,0,0
2015-09-24 00:00:00,0,0,0
2015-09-24 01:00:00,0,0,0
2015-09-24 02:00:00,0,0,0
2015-09-24 03:00:00,0,0,0
2015-09-24 04:00:00,0,0,0
2015-09-24 05:00:00,0,0,0
2015-09-24 06:00:00,3,2,1
2015-09-24 07:00:00,18,10,8
2015-09-24 08:00:00,17,11,6
2015-09-24 09:00:00,23,10,13
2015-09-24 10:00:00,23,13,10
2015-09-24 11:00:00,36,19,17
2015-09-24 12:00:00,27,18,9
2015-09-24 13:00:00,40,21,19
2015-09-24 14:00:00,28,9,19
2015-09-24 15:00:00,17,11,6
2015-09-24 16:00:00,22,7,15
2015-09-24 17:00:00,32,18,14
2015-09-24 18:00:00,40,15,25
2015-09-24 19:00:00,37,24,13
2015-09-24 20:00:00,8,3,5
2015-09-24 21:00:00,3,2,1
2015-09-24 22:00:00,5,3,2
2015-09-24 23:00:00,0,0,0
2015-09-25 00:00:00,1,0,1
2015-09-25 01:00:00,1,1,0
2015-09-25 02:00:00,0,0,0
2015-09-25 03:00:00,0,0,0
2015-09-25 04:00:00,0,0,0
2015-09-25 05:00:00,1,0,1
2015-09-25 06:00:00,6,3,3
2015-09-25 07:00:00,16,9,7
2015-09-25 08:00:00,11,9,2
2015-09-25 09:00:00,21,11,10
2015-09-25 10:00:00,24,17,7
2015-09-25 11:00:00,16,5,11
2015-09-25 12:00:00,25,14,11
2015-09-25 13:00:00,32,17,15
2015-09-25 14:00:00,20,9,11
2015-09-25 15:00:00,9,4,5
2015-09-25 16:00:00,28,12,16
2015-09-25 17:00:00,38,21,17
2015-09-25 18:00:00,26,12,14
2015-09-25 19:00:00,17,9,8
2015-09-25 20:00:00,2,1,1
2015-09-25 21:00:00,3,1,2
2015-09-25 22:00:00,1,1,0
2015-09-25 23:00:00,0,0,0
2015-09-26 00:00:00,0,0,0
2015-09-26 01:00:00,0,0,0
2015-09-26 02:00:00,2,2,0
2015-09-26 03:00:00,0,0,0
2015-09-26 04:00:00,1,1,0
2015-09-26 05:00:00,0,0,0
2015-09-26 06:00:00,0,0,0
2015-09-26 07:00:00,14,7,7
2015-09-26 08:00:00,23,10,13
2015-09-26 09:00:00,51,18,33
2015-09-26 10:00:00,49,23,26
2015-09-26 11:00:00,61,28,33
2015-09-26 12:00:00,49,29,20
2015-09-26 13:00:00,40,23,17
2015-09-26 14:00:00,43,24,19
2015-09-26 15:00:00,36,21,15
2015-09-26 16:00:00,20,13,7
2015-09-26 17:00:00,27,12,15
2015-09-26 18:00:00,40,24,16
2015-09-26 19:00:00,14,8,6
2015-09-26 20:00:00,4,3,1
2015-09-26 21:00:00,1,0,1
2015-09-26 22:00:00,3,2,1
2015-09-26 23:00:00,0,0,0
2015-09-27 00:00:00,6,3,3
2015-09-27 01:00:00,2,1,1
2015-09-27 02:00:00,0,0,0
2015-09-27 03:00:00,0,0,0
2015-09-27 04:00:00,0,0,0
2015-09-27 05:00:00,0,0,0
2015-09-27 06:00:00,3,2,1
2015-09-27 07:00:00,11,2,9
2015-09-27 08:00:00,31,13,18
2015-09-27 09:00:00,66,40,26
2015-09-27 10:00:00,39,0,39
2015-09-27 11:00:00,51,27,24
2015-09-27 12:00:00,53,32,21
2015-09-27 13:00:00,33,17,16
2015-09-27 14:00:00,37,19,18
2015-09-27 15:00:00,38,22,16
2015-09-27 16:00:00,26,10,16
2015-09-27 17:00:00,26,0,26
2015-09-27 18:00:00,38,23,15
2015-09-27 19:00:00,24,11,13
2015-09-27 20:00:00,5,3,2
2015-09-27 21:00:00,1,1,0
2015-09-27 22:00:00,0,0,0
2015-09-27 23:00:00,1,0,1
2015-09-28 00:00:00,2,2,0
2015-09-28 01:00:00,0,0,0
2015-09-28 02:00:00,0,0,0
2015-09-28 03:00:00,0,0,0
2015-09-28 04:00:00,0,0,0
2015-09-28 05:00:00,1,0,1
2015-09-28 06:00:00,3,1,2
2015-09-28 07:00:00,15,11,4
2015-09-28 08:00:00,12,5,7
2015-09-28 09:00:00,21,12,9
2015-09-28 10:00:00,20,10,10
2015-09-28 11:00:00,34,16,18
2015-09-28 12:00:00,28,13,15
2015-09-28 13:00:00,33,15,18
2015-09-28 14:00:00,25,14,11
2015-09-28 15:00:00,21,13,8
2015-09-28 16:00:00,38,17,21
2015-09-28 17:00:00,71,33,38
2015-09-28 18:00:00,54,26,28
2015-09-28 19:00:00,44,25,19
2015-09-28 20:00:00,3,1,2
2015-09-28 21:00:00,2,2,0
2015-09-28 22:00:00,0,0,0
2015-09-28 23:00:00,0,0,0
2015-09-29 00:00:00,0,0,0
2015-09-29 01:00:00,0,0,0
2015-09-29 02:00:00,0,0,0
2015-09-29 03:00:00,0,0,0
2015-09-29 04:00:00,0,0,0
2015-09-29 05:00:00,1,0,1
2015-09-29 06:00:00,5,3,2
2015-09-29 07:00:00,11,6,5
2015-09-29 08:00:00,12,7,5
2015-09-29 09:00:00,18,10,8
2015-09-29 10:00:00,40,18,22
2015-09-29 11:00:00,29,15,14
2015-09-29 12:00:00,36,18,18
2015-09-29 13:00:00,23,13,10
2015-09-29 14:00:00,17,11,6
2015-09-29 15:00:00,18,7,11
2015-09-29 16:00:00,33,16,17
2015-09-29 17:00:00,50,22,28
2015-09-29 18:00:00,51,25,26
2015-09-29 19:00:00,38,23,15
2015-09-29 20:00:00,4,3,1
2015-09-29 21:00:00,0,0,0
2015-09-29 22:00:00,0,0,0
2015-09-29 23:00:00,0,0,0
2015-09-30 00:00:00,0,0,0
2015-09-30 01:00:00,0,0,0
2015-09-30 02:00:00,1,0,1
2015-09-30 03:00:00,0,0,0
2015-09-30 04:00:00,0,0,0
2015-09-30 05:00:00,1,0,1
2015-09-30 06:00:00,4,3,1
2015-09-30 07:00:00,13,8,5
2015-09-30 08:00:00,17,9,8
2015-09-30 09:00:00,19,9,10
2015-09-30 10:00:00,24,14,10
2015-09-30 11:00:00,11,7,4
2015-09-30 12:00:00,26,11,15
2015-09-30 13:00:00,26,14,12
2015-09-30 14:00:00,12,5,7
2015-09-30 15:00:00,16,6,10
2015-09-30 16:00:00,20,7,13
2015-09-30 17:00:00,59,28,31
2015-09-30 18:00:00,60,32,28
2015-09-30 19:00:00,31,17,14
2015-09-30 20:00:00,6,3,3
2015-09-30 21:00:00,3,1,2
2015-09-30 22:00:00,0,0,0
2015-09-30 23:00:00,0,0,0
2015-10-01 00:00:00,0,0,0
2015-10-01 01:00:00,0,0,0
2015-10-01 02:00:00,0,0,0
2015-10-01 03:00:00,0,0,0
2015-10-01 04:00:00,0,0,0
2015-10-01 05:00:00,0,0,0
2015-10-01 06:00:00,8,5,3
2015-10-01 07:00:00,12,7,5
2015-10-01 08:00:00,20,12,8
2015-10-01 09:00:00,26,13,13
2015-10-01 10:00:00,25,16,9
2015-10-01 11:00:00,45,23,22
2015-10-01 12:00:00,20,12,8
2015-10-01 13:00:00,33,19,14
2015-10-01 14:00:00,14,8,6
2015-10-01 15:00:00,24,10,14
2015-10-01 16:00:00,29,12,17
2015-10-01 17:00:00,35,17,18
2015-10-01 18:00:00,29,15,14
2015-10-01 19:00:00,5,3,2
2015-10-01 20:00:00,1,0,1
2015-10-01 21:00:00,0,0,0
2015-10-01 22:00:00,1,1,0
2015-10-01 23:00:00,0,0,0
2015-10-02 00:00:00,1,0,1
2015-10-02 01:00:00,0,0,0
2015-10-02 02:00:00,0,0,0
2015-10-02 03:00:00,0,0,0
2015-10-02 04:00:00,3,1,2
2015-10-02 05:00:00,3,3,0
2015-10-02 06:00:00,13,4,9
2015-10-02 07:00:00,15,10,5
2015-10-02 08:00:00,27,14,13
2015-10-02 09:00:00,29,10,19
2015-10-02 10:00:00,15,7,8
2015-10-02 11:00:00,24,11,13
2015-10-02 12:00:00,32,19,13
2015-10-02 13:00:00,19,11,8
2015-10-02 14:00:00,13,7,6
2015-10-02 15:00:00,17,6,11
2015-10-02 16:00:00,27,15,12
2015-10-02 17:00:00,36,18,18
2015-10-02 18:00:00,12,7,5
2015-10-02 19:00:00,0,0,0
2015-10-02 20:00:00,0,0,0
2015-10-02 21:00:00,2,1,1
2015-10-02 22:00:00,0,0,0
2015-10-02 23:00:00,1,1,0
2015-10-03 00:00:00,0,0,0
2015-10-03 01:00:00,0,0,0
2015-10-03 02:00:00,0,0,0
2015-10-03 03:00:00,0,0,0
2015-10-03 04:00:00,0,0,0
2015-10-03 05:00:00,1,1,0
2015-10-03 06:00:00,12,5,7
2015-10-03 07:00:00,34,14,20
2015-10-03 08:00:00,65,29,36
2015-10-03 09:00:00,52,31,21
2015-10-03 10:00:00,80,35,45
2015-10-03 11:00:00,60,31,29
2015-10-03 12:00:00,23,14,9
2015-10-03 13:00:00,25,12,13
2015-10-03 14:00:00,49,24,25
2015-10-03 15:00:00,25,12,13
2015-10-03 16:00:00,41,21,20
2015-10-03 17:00:00,32,17,15
2015-10-03 18:00:00,11,6,5
2015-10-03 19:00:00,1,0,1
2015-10-03 20:00:00,0,0,0
2015-10-03 21:00:00,2,1,1
2015-10-03 22:00:00,5,3,2
2015-10-03 23:00:00,0,0,0
2015-10-04 00:00:00,0,0,0
2015-10-04 01:00:00,2,1,1
2015-10-04 02:00:00,0,0,0
2015-10-04 03:00:00,0,0,0
2015-10-04 04:00:00,0,0,0
2015-10-04 05:00:00,1,0,1
2015-10-04 06:00:00,9,4,5
2015-10-04 07:00:00,24,11,13
2015-10-04 08:00:00,78,48,30
2015-10-04 09:00:00,80,37,43
2015-10-04 10:00:00,70,35,35
2015-10-04 11:00:00,67,39,28
2015-10-04 12:00:00,48,27,21
2015-10-04 13:00:00,38,27,11
2015-10-04 14:00:00,40,23,17
2015-10-04 15:00:00,35,18,17
2015-10-04 16:00:00,51,30,21
2015-10-04 17:00:00,35,19,16
2015-10-04 18:00:00,17,10,7
2015-10-04 19:00:00,4,4,0
2015-10-04 20:00:00,2,1,1
2015-10-04 21:00:00,0,0,0
2015-10-04 22:00:00,2,0,2
2015-10-04 23:00:00,0,0,0
2015-10-05 00:00:00,0,0,0
2015-10-05 01:00:00,0,0,0
2015-10-05 02:00:00,0,0,0
2015-10-05 03:00:00,0,0,0
2015-10-05 04:00:00,2,0,2
2015-10-05 05:00:00,3,2,1
2015-10-05 06:00:00,20,12,8
2015-10-05 07:00:00,14,7,7
2015-10-05 08:00:00,24,12,12
2015-10-05 09:00:00,26,13,13
2015-10-05 10:00:00,40,21,19
2015-10-05 11:00:00,37,21,16
2015-10-05 12:00:00,40,25,15
2015-10-05 13:00:00,24,13,11
2015-10-05 14:00:00,23,13,10
2015-10-05 15:00:00,26,9,17
2015-10-05 16:00:00,47,24,23
2015-10-05 17:00:00,42,22,20
2015-10-05 18:00:00,16,9,7
2015-10-05 19:00:00,1,1,0
2015-10-05 20:00:00,1,1,0
2015-10-05 21:00:00,2,1,1
2015-10-05 22:00:00,1,0,1
2015-10-05 23:00:00,1,1,0
2015-10-06 00:00:00,0,0,0
2015-10-06 01:00:00,0,0,0
2015-10-06 02:00:00,0,0,0
2015-10-06 03:00:00,0,0,0
2015-10-06 04:00:00,0,0,0
2015-10-06 05:00:00,6,3,3
2015-10-06 06:00:00,10,7,3
2015-10-06 07:00:00,25,14,11
2015-10-06 08:00:00,22,13,9
2015-10-06 09:00:00,29,15,14
2015-10-06 10:00:00,31,16,15
2015-10-06 11:00:00,27,15,12
2015-10-06 12:00:00,28,18,10
2015-10-06 13:00:00,13,6,7
2015-10-06 14:00:00,21,13,8
2015-10-06 15:00:00,26,13,13
2015-10-06 16:00:00,30,11,19
2015-10-06 17:00:00,34,12,22
2015-10-06 18:00:00,21,12,9
2015-10-06 19:00:00,2,2,0
2015-10-06 20:00:00,3,2,1
2015-10-06 21:00:00,0,0,0
2015-10-06 22:00:00,3,1,2
2015-10-06 23:00:00,0,0,0
2015-10-07 00:00:00,0,0,0
2015-10-07 01:00:00,0,0,0
2015-10-07 02:00:00,0,0,0
2015-10-07 03:00:00,0,0,0
2015-10-07 04:00:00,1,0,1
2015-10-07 05:00:00,6,2,4
2015-10-07 06:00:00,12,8,4
2015-10-07 07:00:00,21,12,9
2015-10-07 08:00:00,14,10,4
2015-10-07 09:00:00,14,6,8
2015-10-07 10:00:00,16,11,5
2015-10-07 11:00:00,10,4,6
2015-10-07 12:00:00,11,5,6
2015-10-07 13:00:00,10,6,4
2015-10-07 14:00:00,15,7,8
2015-10-07 15:00:00,10,4,6
2015-10-07 16:00:00,21,8,13
2015-10-07 17:00:00,33,15,18
2015-10-07 18:00:00,25,19,6
2015-10-07 19:00:00,5,2,3
2015-10-07 20:00:00,1,1,0
2015-10-07 21:00:00,3,0,3
2015-10-07 22:00:00,4,1,3
2015-10-07 23:00:00,2,2,0
2015-10-08 00:00:00,0,0,0
2015-10-08 01:00:00,0,0,0
2015-10-08 02:00:00,0,0,0
2015-10-08 03:00:00,0,0,0
2015-10-08 04:00:00,1,0,1
2015-10-08 05:00:00,8,5,3
2015-10-08 06:00:00,13,7,6
2015-10-08 07:00:00,28,15,13
2015-10-08 08:00:00,30,16,14
2015-10-08 09:00:00,25,11,14
2015-10-08 10:00:00,35,17,18
2015-10-08 11:00:00,14,10,4
2015-10-08 12:00:00,21,8,13
2015-10-08 13:00:00,20,13,7
2015-10-08 14:00:00,15,7,8
2015-10-08 15:00:00,18,10,8
2015-10-08 16:00:00,35,16,19
2015-10-08 17:00:00,40,14,26
2015-10-08 18:00:00,17,12,5
2015-10-08 19:00:00,3,1,2
2015-10-08 20:00:00,2,1,1
2015-10-08 21:00:00,0,0,0
2015-10-08 22:00:00,1,0,1
2015-10-08 23:00:00,1,1,0
2015-10-09 00:00:00,0,0,0
2015-10-09 01:00:00,0,0,0
2015-10-09 02:00:00,0,0,0
2015-10-09 03:00:00,0,0,0
2015-10-09 04:00:00,1,0,1
2015-10-09 05:00:00,1,1,0
2015-10-09 06:00:00,12,5,7
2015-10-09 07:00:00,21,11,10
2015-10-09 08:00:00,19,14,5
2015-10-09 09:00:00,20,9,11
2015-10-09 10:00:00,24,12,12
2015-10-09 11:00:00,19,10,9
2015-10-09 12:00:00,21,11,10
2015-10-09 13:00:00,18,12,6
2015-10-09 14:00:00,14,8,6
2015-10-09 15:00:00,19,9,10
2015-10-09 16:00:00,22,9,13
2015-10-09 17:00:00,32,15,17
2015-10-09 18:00:00,12,10,2
2015-10-09 19:00:00,0,0,0
2015-10-09 20:00:00,2,2,0
2015-10-09 21:00:00,0,0,0
2015-10-09 22:00:00,0,0,0
2015-10-09 23:00:00,2,2,0
2015-10-10 00:00:00,0,0,0
2015-10-10 01:00:00,0,0,0
2015-10-10 02:00:00,0,0,0
2015-10-10 03:00:00,0,0,0
2015-10-10 04:00:00,0,0,0
2015-10-10 05:00:00,0,0,0
2015-10-10 06:00:00,0,0,0
2015-10-10 07:00:00,35,13,22
2015-10-10 08:00:00,40,22,18
2015-10-10 09:00:00,36,20,16
2015-10-10 10:00:00,13,9,4
2015-10-10 11:00:00,20,10,10
2015-10-10 12:00:00,28,14,14
2015-10-10 13:00:00,27,13,14
2015-10-10 14:00:00,11,9,2
2015-10-10 15:00:00,25,12,13
2015-10-10 16:00:00,33,16,17
2015-10-10 17:00:00,23,11,12
2015-10-10 18:00:00,7,4,3
2015-10-10 19:00:00,3,2,1
2015-10-10 20:00:00,1,1,0
2015-10-10 21:00:00,1,0,1
2015-10-10 22:00:00,1,1,0
2015-10-10 23:00:00,0,0,0
2015-10-11 00:00:00,0,0,0
2015-10-11 01:00:00,0,0,0
2015-10-11 02:00:00,1,0,1
2015-10-11 03:00:00,0,0,0
2015-10-11 04:00:00,0,0,0
2015-10-11 05:00:00,1,0,1
2015-10-11 06:00:00,8,5,3
2015-10-11 07:00:00,41,17,24
2015-10-11 08:00:00,56,28,28
2015-10-11 09:00:00,73,35,38
2015-10-11 10:00:00,69,32,37
2015-10-11 11:00:00,57,28,29
2015-10-11 12:00:00,50,22,28
2015-10-11 13:00:00,58,29,29
2015-10-11 14:00:00,55,29,26
2015-10-11 15:00:00,43,23,20
2015-10-11 16:00:00,34,22,12
2015-10-11 17:00:00,21,12,9
2015-10-11 18:00:00,10,5,5
2015-10-11 19:00:00,1,0,1
2015-10-11 20:00:00,1,1,0
2015-10-11 21:00:00,2,0,2
2015-10-11 22:00:00,1,1,0
2015-10-11 23:00:00,0,0,0
2015-10-12 00:00:00,0,0,0
2015-10-12 01:00:00,0,0,0
2015-10-12 02:00:00,0,0,0
2015-10-12 03:00:00,0,0,0
2015-10-12 04:00:00,1,0,1
2015-10-12 05:00:00,1,0,1
2015-10-12 06:00:00,9,4,5
2015-10-12 07:00:00,27,18,9
2015-10-12 08:00:00,14,7,7
2015-10-12 09:00:00,21,12,9
2015-10-12 10:00:00,29,14,15
2015-10-12 11:00:00,21,11,10
2015-10-12 12:00:00,30,17,13
2015-10-12 13:00:00,17,8,9
2015-10-12 14:00:00,21,10,11
2015-10-12 15:00:00,22,8,14
2015-10-12 16:00:00,34,17,17
2015-10-12 17:00:00,27,17,10
2015-10-12 18:00:00,21,10,11
2015-10-12 19:00:00,1,1,0
2015-10-12 20:00:00,0,0,0
2015-10-12 21:00:00,0,0,0
2015-10-12 22:00:00,2,1,1
2015-10-12 23:00:00,0,0,0
2015-10-13 00:00:00,0,0,0
2015-10-13 01:00:00,0,0,0
2015-10-13 02:00:00,0,0,0
2015-10-13 03:00:00,0,0,0
2015-10-13 04:00:00,3,1,2
2015-10-13 05:00:00,5,3,2
2015-10-13 06:00:00,9,4,5
2015-10-13 07:00:00,24,17,7
2015-10-13 08:00:00,30,15,15
2015-10-13 09:00:00,16,7,9
2015-10-13 10:00:00,30,15,15
2015-10-13 11:00:00,19,11,8
2015-10-13 12:00:00,19,8,11
2015-10-13 13:00:00,14,7,7
2015-10-13 14:00:00,13,7,6
2015-10-13 15:00:00,20,7,13
2015-10-13 16:00:00,31,18,13
2015-10-13 17:00:00,46,21,25
2015-10-13 18:00:00,19,13,6
2015-10-13 19:00:00,2,1,1
2015-10-13 20:00:00,1,0,1
2015-10-13 21:00:00,3,3,0
2015-10-13 22:00:00,0,0,0
2015-10-13 23:00:00,0,0,0
2015-10-14 00:00:00,0,0,0
2015-10-14 01:00:00,0,0,0
2015-10-14 02:00:00,0,0,0
2015-10-14 03:00:00,1,1,0
2015-10-14 04:00:00,1,0,1
2015-10-14 05:00:00,4,2,2
2015-10-14 06:00:00,11,6,5
2015-10-14 07:00:00,20,12,8
2015-10-14 08:00:00,35,19,16
2015-10-14 09:00:00,23,9,14
2015-10-14 10:00:00,17,9,8
2015-10-14 11:00:00,26,12,14
2015-10-14 12:00:00,13,5,8
2015-10-14 13:00:00,35,20,15
2015-10-14 14:00:00,26,13,13
2015-10-14 15:00:00,26,12,14
2015-10-14 16:00:00,36,13,23
2015-10-14 17:00:00,35,18,17
2015-10-14 18:00:00,17,10,7
2015-10-14 19:00:00,1,0,1
2015-10-14 20:00:00,0,0,0
2015-10-14 21:00:00,0,0,0
2015-10-14 22:00:00,2,1,1
2015-10-14 23:00:00,0,0,0
2015-10-15 00:00:00,0,0,0
2015-10-15 01:00:00,0,0,0
2015-10-15 02:00:00,1,0,1
2015-10-15 03:00:00,0,0,0
2015-10-15 04:00:00,3,1,2
2015-10-15 05:00:00,10,7,3
2015-10-15 06:00:00,12,6,6
2015-10-15 07:00:00,19,12,7
2015-10-15 08:00:00,24,13,11
2015-10-15 09:00:00,24,10,14
2015-10-15 10:00:00,22,10,12
2015-10-15 11:00:00,29,17,12
2015-10-15 12:00:00,27,10,17
2015-10-15 13:00:00,15,7,8
2015-10-15 14:00:00,15,7,8
2015-10-15 15:00:00,30,12,18
2015-10-15 16:00:00,44,19,25
2015-10-15 17:00:00,45,21,24
2015-10-15 18:00:00,23,15,8
2015-10-15 19:00:00,7,3,4
2015-10-15 20:00:00,3,0,3
2015-10-15 21:00:00,2,1,1
2015-10-15 22:00:00,0,0,0
2015-10-15 23:00:00,0,0,0
2015-10-16 00:00:00,0,0,0
2015-10-16 01:00:00,0,0,0
2015-10-16 02:00:00,0,0,0
2015-10-16 03:00:00,0,0,0
2015-10-16 04:00:00,3,1,2
2015-10-16 05:00:00,5,4,1
2015-10-16 06:00:00,11,5,6
2015-10-16 07:00:00,36,21,15
2015-10-16 08:00:00,28,15,13
2015-10-16 09:00:00,27,11,16
2015-10-16 10:00:00,27,11,16
2015-10-16 11:00:00,37,21,16
2015-10-16 12:00:00,47,25,22
2015-10-16 13:00:00,24,11,13
2015-10-16 14:00:00,19,11,8
2015-10-16 15:00:00,17,9,8
2015-10-16 16:00:00,23,10,13
2015-10-16 17:00:00,41,19,22
2015-10-16 18:00:00,37,19,18
2015-10-16 19:00:00,9,4,5
2015-10-16 20:00:00,0,0,0
2015-10-16 21:00:00,2,1,1
2015-10-16 22:00:00,0,0,0
2015-10-16 23:00:00,0,0,0
2015-10-17 00:00:00,0,0,0
2015-10-17 01:00:00,1,0,1
2015-10-17 02:00:00,0,0,0
2015-10-17 03:00:00,0,0,0
2015-10-17 04:00:00,0,0,0
2015-10-17 05:00:00,0,0,0
2015-10-17 06:00:00,1,0,1
2015-10-17 07:00:00,3,1,2
2015-10-17 08:00:00,23,9,14
2015-10-17 09:00:00,45,20,25
2015-10-17 10:00:00,63,32,31
2015-10-17 11:00:00,73,41,32
2015-10-17 12:00:00,37,19,18
2015-10-17 13:00:00,30,13,17
2015-10-17 14:00:00,32,17,15
2015-10-17 15:00:00,37,21,16
2015-10-17 16:00:00,21,10,11
2015-10-17 17:00:00,27,14,13
2015-10-17 18:00:00,22,12,10
2015-10-17 19:00:00,9,5,4
2015-10-17 20:00:00,1,1,0
2015-10-17 21:00:00,0,0,0
2015-10-17 22:00:00,1,0,1
2015-10-17 23:00:00,1,0,1
2015-10-18 00:00:00,2,1,1
2015-10-18 01:00:00,0,0,0
2015-10-18 02:00:00,0,0,0
2015-10-18 03:00:00,0,0,0
2015-10-18 04:00:00,0,0,0
2015-10-18 05:00:00,0,0,0
2015-10-18 06:00:00,0,0,0
2015-10-18 07:00:00,3,0,3
2015-10-18 08:00:00,16,6,10
2015-10-18 09:00:00,26,13,13
2015-10-18 10:00:00,45,22,23
2015-10-18 11:00:00,46,25,21
2015-10-18 12:00:00,33,17,16
2015-10-18 13:00:00,25,11,14
2015-10-18 14:00:00,18,10,8
2015-10-18 15:00:00,29,14,15
2015-10-18 16:00:00,25,10,15
2015-10-18 17:00:00,27,13,14
2015-10-18 18:00:00,27,15,12
2015-10-18 19:00:00,7,5,2
2015-10-18 20:00:00,1,1,0
2015-10-18 21:00:00,0,0,0
2015-10-18 22:00:00,0,0,0
2015-10-18 23:00:00,1,0,1
2015-10-19 00:00:00,2,1,1
2015-10-19 01:00:00,1,1,0
2015-10-19 02:00:00,0,0,0
2015-10-19 03:00:00,0,0,0
2015-10-19 04:00:00,0,0,0
2015-10-19 05:00:00,1,0,1
2015-10-19 06:00:00,5,4,1
2015-10-19 07:00:00,17,10,7
2015-10-19 08:00:00,19,9,10
2015-10-19 09:00:00,17,8,9
2015-10-19 10:00:00,24,10,14
2015-10-19 11:00:00,27,14,13
2015-10-19 12:00:00,33,17,16
2015-10-19 13:00:00,16,8,8
2015-10-19 14:00:00,19,9,10
2015-10-19 15:00:00,20,9,11
2015-10-19 16:00:00,31,14,17
2015-10-19 17:00:00,27,11,16
2015-10-19 18:00:00,53,26,27
2015-10-19 19:00:00,7,5,2
2015-10-19 20:00:00,3,1,2
2015-10-19 21:00:00,5,1,4
2015-10-19 22:00:00,3,2,1
2015-10-19 23:00:00,0,0,0
2015-10-20 00:00:00,3,1,2
2015-10-20 01:00:00,0,0,0
2015-10-20 02:00:00,1,1,0
2015-10-20 03:00:00,0,0,0
2015-10-20 04:00:00,0,0,0
2015-10-20 05:00:00,1,1,0
2015-10-20 06:00:00,4,1,3
2015-10-20 07:00:00,19,9,10
2015-10-20 08:00:00,23,18,5
2015-10-20 09:00:00,22,10,12
2015-10-20 10:00:00,26,13,13
2015-10-20 11:00:00,23,12,11
2015-10-20 12:00:00,26,16,10
2015-10-20 13:00:00,19,11,8
2015-10-20 14:00:00,26,17,9
2015-10-20 15:00:00,16,6,10
2015-10-20 16:00:00,31,16,15
2015-10-20 17:00:00,47,21,26
2015-10-20 18:00:00,35,20,15
2015-10-20 19:00:00,16,8,8
2015-10-20 20:00:00,5,3,2
2015-10-20 21:00:00,2,2,0
2015-10-20 22:00:00,1,0,1
2015-10-20 23:00:00,1,0,1
2015-10-21 00:00:00,3,2,1
2015-10-21 01:00:00,0,0,0
2015-10-21 02:00:00,0,0,0
2015-10-21 03:00:00,0,0,0
2015-10-21 04:00:00,0,0,0
2015-10-21 05:00:00,1,0,1
2015-10-21 06:00:00,3,2,1
2015-10-21 07:00:00,13,4,9
2015-10-21 08:00:00,19,12,7
2015-10-21 09:00:00,22,13,9
2015-10-21 10:00:00,25,11,14
2015-10-21 11:00:00,25,12,13
2015-10-21 12:00:00,28,15,13
2015-10-21 13:00:00,21,9,12
2015-10-21 14:00:00,24,14,10
2015-10-21 15:00:00,20,11,9
2015-10-21 16:00:00,19,5,14
2015-10-21 17:00:00,36,21,15
2015-10-21 18:00:00,50,21,29
2015-10-21 19:00:00,19,13,6
2015-10-21 20:00:00,2,2,0
2015-10-21 21:00:00,0,0,0
2015-10-21 22:00:00,0,0,0
2015-10-21 23:00:00,1,0,1
2015-10-22 00:00:00,2,1,1
2015-10-22 01:00:00,0,0,0
2015-10-22 02:00:00,0,0,0
2015-10-22 03:00:00,0,0,0
2015-10-22 04:00:00,0,0,0
2015-10-22 05:00:00,0,0,0
2015-10-22 06:00:00,11,6,5
2015-10-22 07:00:00,7,4,3
2015-10-22 08:00:00,21,9,12
2015-10-22 09:00:00,24,12,12
2015-10-22 10:00:00,25,14,11
2015-10-22 11:00:00,16,10,6
2015-10-22 12:00:00,44,31,13
2015-10-22 13:00:00,21,12,9
2015-10-22 14:00:00,7,4,3
2015-10-22 15:00:00,22,11,11
2015-10-22 16:00:00,18,10,8
2015-10-22 17:00:00,44,22,22
2015-10-22 18:00:00,34,18,16
2015-10-22 19:00:00,10,6,4
2015-10-22 20:00:00,5,2,3
2015-10-22 21:00:00,1,0,1
2015-10-22 22:00:00,0,0,0
2015-10-22 23:00:00,0,0,0
2015-10-23 00:00:00,0,0,0
2015-10-23 01:00:00,0,0,0
2015-10-23 02:00:00,0,0,0
2015-10-23 03:00:00,0,0,0
2015-10-23 04:00:00,0,0,0
2015-10-23 05:00:00,0,0,0
2015-10-23 06:00:00,2,1,1
2015-10-23 07:00:00,5,2,3
2015-10-23 08:00:00,24,15,9
2015-10-23 09:00:00,23,13,10
2015-10-23 10:00:00,27,10,17
2015-10-23 11:00:00,17,11,6
2015-10-23 12:00:00,25,15,10
2015-10-23 13:00:00,24,12,12
2015-10-23 14:00:00,19,12,7
2015-10-23 15:00:00,13,7,6
2015-10-23 16:00:00,16,8,8
2015-10-23 17:00:00,25,12,13
2015-10-23 18:00:00,36,17,19
2015-10-23 19:00:00,10,4,6
2015-10-23 20:00:00,2,2,0
2015-10-23 21:00:00,0,0,0
2015-10-23 22:00:00,2,1,1
2015-10-23 23:00:00,6,4,2
2015-10-24 00:00:00,0,0,0
2015-10-24 01:00:00,0,0,0
2015-10-24 02:00:00,0,0,0
2015-10-24 03:00:00,0,0,0
2015-10-24 04:00:00,0,0,0
2015-10-24 05:00:00,0,0,0
2015-10-24 06:00:00,0,0,0
2015-10-24 07:00:00,3,1,2
2015-10-24 08:00:00,29,12,17
2015-10-24 09:00:00,45,19,26
2015-10-24 10:00:00,58,35,23
2015-10-24 11:00:00,57,27,30
2015-10-24 12:00:00,37,20,17
2015-10-24 13:00:00,40,23,17
2015-10-24 14:00:00,41,23,18
2015-10-24 15:00:00,28,18,10
2015-10-24 16:00:00,40,20,20
2015-10-24 17:00:00,38,21,17
2015-10-24 18:00:00,25,14,11
2015-10-24 19:00:00,8,4,4
2015-10-24 20:00:00,2,1,1
2015-10-24 21:00:00,3,1,2
2015-10-24 22:00:00,1,1,0
2015-10-24 23:00:00,1,0,1
2015-10-25 00:00:00,1,1,0
2015-10-25 01:00:00,0,0,0
2015-10-25 02:00:00,0,0,0
2015-10-25 03:00:00,0,0,0
2015-10-25 04:00:00,0,0,0
2015-10-25 05:00:00,0,0,0
2015-10-25 06:00:00,2,0,2
2015-10-25 07:00:00,4,0,4
2015-10-25 08:00:00,22,9,13
2015-10-25 09:00:00,61,34,27
2015-10-25 10:00:00,53,27,26
2015-10-25 11:00:00,49,25,24
2015-10-25 12:00:00,48,22,26
2015-10-25 13:00:00,49,22,27
2015-10-25 14:00:00,48,22,26
2015-10-25 15:00:00,36,24,12
2015-10-25 16:00:00,39,20,19
2015-10-25 17:00:00,27,11,16
2015-10-25 18:00:00,27,16,11
2015-10-25 19:00:00,2,1,1
2015-10-25 20:00:00,2,1,1
2015-10-25 21:00:00,1,0,1
2015-10-25 22:00:00,0,0,0
2015-10-25 23:00:00,1,0,1
2015-10-26 00:00:00,3,2,1
2015-10-26 01:00:00,2,1,1
2015-10-26 02:00:00,1,0,1
2015-10-26 03:00:00,0,0,0
2015-10-26 04:00:00,0,0,0
2015-10-26 05:00:00,0,0,0
2015-10-26 06:00:00,1,1,0
2015-10-26 07:00:00,11,4,7
2015-10-26 08:00:00,9,6,3
2015-10-26 09:00:00,13,8,5
2015-10-26 10:00:00,2,1,1
2015-10-26 11:00:00,13,7,6
2015-10-26 12:00:00,18,9,9
2015-10-26 13:00:00,17,10,7
2015-10-26 14:00:00,13,5,8
2015-10-26 15:00:00,17,10,7
2015-10-26 16:00:00,19,8,11
2015-10-26 17:00:00,17,9,8
2015-10-26 18:00:00,20,7,13
2015-10-26 19:00:00,9,5,4
2015-10-26 20:00:00,0,0,0
2015-10-26 21:00:00,4,2,2
2015-10-26 22:00:00,1,0,1
2015-10-26 23:00:00,1,1,0
2015-10-27 00:00:00,0,0,0
2015-10-27 01:00:00,0,0,0
2015-10-27 02:00:00,0,0,0
2015-10-27 03:00:00,0,0,0
2015-10-27 04:00:00,0,0,0
2015-10-27 05:00:00,1,0,1
2015-10-27 06:00:00,10,6,4
2015-10-27 07:00:00,5,3,2
2015-10-27 08:00:00,19,9,10
2015-10-27 09:00:00,39,20,19
2015-10-27 10:00:00,72,31,41
2015-10-27 11:00:00,43,23,20
2015-10-27 12:00:00,77,49,28
2015-10-27 13:00:00,46,19,27
2015-10-27 14:00:00,108,69,39
2015-10-27 15:00:00,30,17,13
2015-10-27 16:00:00,28,13,15
2015-10-27 17:00:00,34,19,15
2015-10-27 18:00:00,47,25,22
2015-10-27 19:00:00,18,11,7
2015-10-27 20:00:00,1,0,1
2015-10-27 21:00:00,7,1,6
2015-10-27 22:00:00,0,0,0
2015-10-27 23:00:00,5,3,2
2015-10-28 00:00:00,0,0,0
2015-10-28 01:00:00,0,0,0
2015-10-28 02:00:00,0,0,0
2015-10-28 03:00:00,0,0,0
2015-10-28 04:00:00,0,0,0
2015-10-28 05:00:00,1,1,0
2015-10-28 06:00:00,3,1,2
2015-10-28 07:00:00,7,5,2
2015-10-28 08:00:00,24,10,14
2015-10-28 09:00:00,23,13,10
2015-10-28 10:00:00,21,9,12
2015-10-28 11:00:00,24,14,10
2015-10-28 12:00:00,15,7,8
2015-10-28 13:00:00,23,12,11
2015-10-28 14:00:00,11,6,5
2015-10-28 15:00:00,6,2,4
2015-10-28 16:00:00,18,7,11
2015-10-28 17:00:00,36,16,20
2015-10-28 18:00:00,35,17,18
2015-10-28 19:00:00,11,6,5
2015-10-28 20:00:00,1,0,1
2015-10-28 21:00:00,4,2,2
2015-10-28 22:00:00,2,1,1
2015-10-28 23:00:00,4,0,4
2015-10-29 00:00:00,2,2,0
2015-10-29 01:00:00,0,0,0
2015-10-29 02:00:00,0,0,0
2015-10-29 03:00:00,0,0,0
2015-10-29 04:00:00,0,0,0
2015-10-29 05:00:00,0,0,0
2015-10-29 06:00:00,7,4,3
2015-10-29 07:00:00,8,4,4
2015-10-29 08:00:00,16,10,6
2015-10-29 09:00:00,16,6,10
2015-10-29 10:00:00,28,15,13
2015-10-29 11:00:00,17,10,7
2015-10-29 12:00:00,24,10,14
2015-10-29 13:00:00,14,5,9
2015-10-29 14:00:00,16,6,10
2015-10-29 15:00:00,19,9,10
2015-10-29 16:00:00,16,9,7
2015-10-29 17:00:00,30,11,19
2015-10-29 18:00:00,46,25,21
2015-10-29 19:00:00,9,4,5
2015-10-29 20:00:00,7,5,2
2015-10-29 21:00:00,6,2,4
2015-10-29 22:00:00,0,0,0
2015-10-29 23:00:00,2,1,1
2015-10-30 00:00:00,0,0,0
2015-10-30 01:00:00,0,0,0
2015-10-30 02:00:00,0,0,0
2015-10-30 03:00:00,0,0,0
2015-10-30 04:00:00,0,0,0
2015-10-30 05:00:00,0,0,0
2015-10-30 06:00:00,1,0,1
2015-10-30 07:00:00,6,4,2
2015-10-30 08:00:00,4,3,1
2015-10-30 09:00:00,9,5,4
2015-10-30 10:00:00,22,10,12
2015-10-30 11:00:00,23,10,13
2015-10-30 12:00:00,34,15,19
2015-10-30 13:00:00,13,9,4
2015-10-30 14:00:00,12,5,7
2015-10-30 15:00:00,16,10,6
2015-10-30 16:00:00,16,8,8
2015-10-30 17:00:00,17,11,6
2015-10-30 18:00:00,12,5,7
2015-10-30 19:00:00,6,5,1
2015-10-30 20:00:00,1,1,0
2015-10-30 21:00:00,2,1,1
2015-10-30 22:00:00,3,1,2
2015-10-30 23:00:00,2,0,2
2015-10-31 00:00:00,1,1,0
2015-10-31 01:00:00,0,0,0
2015-10-31 02:00:00,0,0,0
2015-10-31 03:00:00,0,0,0
2015-10-31 04:00:00,5,3,2
2015-10-31 05:00:00,0,0,0
2015-10-31 06:00:00,2,1,1
2015-10-31 07:00:00,6,3,3
2015-10-31 08:00:00,16,5,11
2015-10-31 09:00:00,32,17,15
2015-10-31 10:00:00,28,12,16
2015-10-31 11:00:00,45,25,20
2015-10-31 12:00:00,22,9,13
2015-10-31 13:00:00,28,15,13
2015-10-31 14:00:00,38,16,22
2015-10-31 15:00:00,27,10,17
2015-10-31 16:00:00,34,18,16
2015-10-31 17:00:00,19,9,10
2015-10-31 18:00:00,9,6,3
2015-10-31 19:00:00,1,0,1
2015-10-31 20:00:00,0,0,0
2015-10-31 21:00:00,1,0,1
2015-10-31 22:00:00,0,0,0
2015-10-31 23:00:00,2,1,1
2015-11-01 00:00:00,5,3,2
2015-11-01 01:00:00,0,0,0
2015-11-01 02:00:00,0,0,0
2015-11-01 03:00:00,0,0,0
2015-11-01 04:00:00,0,0,0
2015-11-01 05:00:00,0,0,0
2015-11-01 06:00:00,1,0,1
2015-11-01 07:00:00,10,3,7
2015-11-01 08:00:00,32,17,15
2015-11-01 09:00:00,55,24,31
2015-11-01 10:00:00,65,38,27
2015-11-01 11:00:00,49,23,26
2015-11-01 12:00:00,27,17,10
2015-11-01 13:00:00,29,11,18
2015-11-01 14:00:00,40,19,21
2015-11-01 15:00:00,24,14,10
2015-11-01 16:00:00,43,19,24
2015-11-01 17:00:00,17,11,6
2015-11-01 18:00:00,7,3,4
2015-11-01 19:00:00,3,2,1
2015-11-01 20:00:00,2,1,1
2015-11-01 21:00:00,3,2,1
2015-11-01 22:00:00,0,0,0
2015-11-01 23:00:00,0,0,0
2015-11-02 00:00:00,0,0,0
2015-11-02 01:00:00,0,0,0
2015-11-02 02:00:00,0,0,0
2015-11-02 03:00:00,0,0,0
2015-11-02 04:00:00,0,0,0
2015-11-02 05:00:00,0,0,0
2015-11-02 06:00:00,4,1,3
2015-11-02 07:00:00,19,12,7
2015-11-02 08:00:00,25,15,10
2015-11-02 09:00:00,20,10,10
2015-11-02 10:00:00,30,15,15
2015-11-02 11:00:00,24,13,11
2015-11-02 12:00:00,28,13,15
2015-11-02 13:00:00,20,7,13
2015-11-02 14:00:00,27,15,12
2015-11-02 15:00:00,35,14,21
2015-11-02 16:00:00,32,18,14
2015-11-02 17:00:00,18,11,7
2015-11-02 18:00:00,4,2,2
2015-11-02 19:00:00,5,2,3
2015-11-02 20:00:00,3,2,1
2015-11-02 21:00:00,4,2,2
2015-11-02 22:00:00,1,0,1
2015-11-02 23:00:00,3,2,1
2015-11-03 00:00:00,0,0,0
2015-11-03 01:00:00,0,0,0
2015-11-03 02:00:00,0,0,0
2015-11-03 03:00:00,0,0,0
2015-11-03 04:00:00,1,1,0
2015-11-03 05:00:00,3,2,1
2015-11-03 06:00:00,4,2,2
2015-11-03 07:00:00,14,7,7
2015-11-03 08:00:00,28,16,12
2015-11-03 09:00:00,28,16,12
2015-11-03 10:00:00,22,9,13
2015-11-03 11:00:00,20,9,11
2015-11-03 12:00:00,19,14,5
2015-11-03 13:00:00,26,14,12
2015-11-03 14:00:00,21,13,8
2015-11-03 15:00:00,23,11,12
2015-11-03 16:00:00,36,16,20
2015-11-03 17:00:00,18,9,9
2015-11-03 18:00:00,5,2,3
2015-11-03 19:00:00,1,1,0
2015-11-03 20:00:00,5,2,3
2015-11-03 21:00:00,1,1,0
2015-11-03 22:00:00,3,1,2
2015-11-03 23:00:00,1,1,0
2015-11-04 00:00:00,0,0,0
2015-11-04 01:00:00,0,0,0
2015-11-04 02:00:00,0,0,0
2015-11-04 03:00:00,0,0,0
2015-11-04 04:00:00,1,0,1
2015-11-04 05:00:00,6,3,3
2015-11-04 06:00:00,15,10,5
2015-11-04 07:00:00,19,12,7
2015-11-04 08:00:00,31,15,16
2015-11-04 09:00:00,29,15,14
2015-11-04 10:00:00,26,16,10
2015-11-04 11:00:00,22,12,10
2015-11-04 12:00:00,51,26,25
2015-11-04 13:00:00,20,13,7
2015-11-04 14:00:00,18,10,8
2015-11-04 15:00:00,25,12,13
2015-11-04 16:00:00,36,15,21
2015-11-04 17:00:00,16,8,8
2015-11-04 18:00:00,4,2,2
2015-11-04 19:00:00,5,2,3
2015-11-04 20:00:00,2,2,0
2015-11-04 21:00:00,3,2,1
2015-11-04 22:00:00,1,0,1
2015-11-04 23:00:00,2,2,0
2015-11-05 00:00:00,0,0,0
2015-11-05 01:00:00,0,0,0
2015-11-05 02:00:00,0,0,0
2015-11-05 03:00:00,0,0,0
2015-11-05 04:00:00,0,0,0
2015-11-05 05:00:00,10,5,5
2015-11-05 06:00:00,10,6,4
2015-11-05 07:00:00,24,14,10
2015-11-05 08:00:00,26,14,12
2015-11-05 09:00:00,21,10,11
2015-11-05 10:00:00,23,7,16
2015-11-05 11:00:00,18,9,9
2015-11-05 12:00:00,14,10,4
2015-11-05 13:00:00,29,12,17
2015-11-05 14:00:00,20,12,8
2015-11-05 15:00:00,33,9,24
2015-11-05 16:00:00,31,17,14
2015-11-05 17:00:00,12,9,3
2015-11-05 18:00:00,5,2,3
2015-11-05 19:00:00,5,3,2
2015-11-05 20:00:00,2,1,1
2015-11-05 21:00:00,5,3,2
2015-11-05 22:00:00,3,2,1
2015-11-05 23:00:00,0,0,0
2015-11-06 00:00:00,0,0,0
2015-11-06 01:00:00,0,0,0
2015-11-06 02:00:00,0,0,0
2015-11-06 03:00:00,0,0,0
2015-11-06 04:00:00,0,0,0
2015-11-06 05:00:00,2,1,1
2015-11-06 06:00:00,11,3,8
2015-11-06 07:00:00,20,9,11
2015-11-06 08:00:00,27,12,15
2015-11-06 09:00:00,25,15,10
2015-11-06 10:00:00,24,14,10
2015-11-06 11:00:00,27,15,12
2015-11-06 12:00:00,32,15,17
2015-11-06 13:00:00,23,13,10
2015-11-06 14:00:00,15,9,6
2015-11-06 15:00:00,39,16,23
2015-11-06 16:00:00,26,15,11
2015-11-06 17:00:00,13,5,8
2015-11-06 18:00:00,8,6,2
2015-11-06 19:00:00,1,0,1
2015-11-06 20:00:00,2,0,2
2015-11-06 21:00:00,3,1,2
2015-11-06 22:00:00,0,0,0
2015-11-06 23:00:00,1,1,0
2015-11-07 00:00:00,0,0,0
2015-11-07 01:00:00,0,0,0
2015-11-07 02:00:00,0,0,0
2015-11-07 03:00:00,0,0,0
2015-11-07 04:00:00,0,0,0
2015-11-07 05:00:00,3,0,3
2015-11-07 06:00:00,12,7,5
2015-11-07 07:00:00,35,15,20
2015-11-07 08:00:00,58,27,31
2015-11-07 09:00:00,44,23,21
2015-11-07 10:00:00,30,11,19
2015-11-07 11:00:00,24,11,13
2015-11-07 12:00:00,32,20,12
2015-11-07 13:00:00,24,12,12
2015-11-07 14:00:00,35,21,14
2015-11-07 15:00:00,22,7,15
2015-11-07 16:00:00,20,12,8
2015-11-07 17:00:00,4,2,2
2015-11-07 18:00:00,0,0,0
2015-11-07 19:00:00,0,0,0
2015-11-07 20:00:00,0,0,0
2015-11-07 21:00:00,0,0,0
2015-11-07 22:00:00,1,1,0
2015-11-07 23:00:00,0,0,0
2015-11-08 00:00:00,0,0,0
2015-11-08 01:00:00,3,1,2
2015-11-08 02:00:00,0,0,0
2015-11-08 03:00:00,0,0,0
2015-11-08 04:00:00,0,0,0
2015-11-08 05:00:00,0,0,0
2015-11-08 06:00:00,2,1,1
2015-11-08 07:00:00,24,10,14
2015-11-08 08:00:00,62,33,29
2015-11-08 09:00:00,91,52,39
2015-11-08 10:00:00,53,24,29
2015-11-08 11:00:00,32,14,18
2015-11-08 12:00:00,59,33,26
2015-11-08 13:00:00,42,21,21
2015-11-08 14:00:00,44,20,24
2015-11-08 15:00:00,55,26,29
2015-11-08 16:00:00,48,30,18
2015-11-08 17:00:00,7,6,1
2015-11-08 18:00:00,3,1,2
2015-11-08 19:00:00,0,0,0
2015-11-08 20:00:00,3,1,2
2015-11-08 21:00:00,1,1,0
2015-11-08 22:00:00,0,0,0
2015-11-08 23:00:00,0,0,0
2015-11-09 00:00:00,0,0,0
2015-11-09 01:00:00,0,0,0
2015-11-09 02:00:00,0,0,0
2015-11-09 03:00:00,0,0,0
2015-11-09 04:00:00,1,0,1
2015-11-09 05:00:00,7,4,3
2015-11-09 06:00:00,7,4,3
2015-11-09 07:00:00,14,10,4
2015-11-09 08:00:00,13,6,7
2015-11-09 09:00:00,18,8,10
2015-11-09 10:00:00,19,14,5
2015-11-09 11:00:00,26,14,12
2015-11-09 12:00:00,16,8,8
2015-11-09 13:00:00,20,9,11
2015-11-09 14:00:00,22,14,8
2015-11-09 15:00:00,29,14,15
2015-11-09 16:00:00,25,14,11
2015-11-09 17:00:00,11,7,4
2015-11-09 18:00:00,5,2,3
2015-11-09 19:00:00,4,2,2
2015-11-09 20:00:00,2,1,1
2015-11-09 21:00:00,0,0,0
2015-11-09 22:00:00,1,0,1
2015-11-09 23:00:00,1,1,0
2015-11-10 00:00:00,0,0,0
2015-11-10 01:00:00,0,0,0
2015-11-10 02:00:00,0,0,0
2015-11-10 03:00:00,0,0,0
2015-11-10 04:00:00,0,0,0
2015-11-10 05:00:00,6,4,2
2015-11-10 06:00:00,4,2,2
2015-11-10 07:00:00,31,17,14
2015-11-10 08:00:00,35,19,16
2015-11-10 09:00:00,24,11,13
2015-11-10 10:00:00,33,18,15
2015-11-10 11:00:00,38,18,20
2015-11-10 12:00:00,24,17,7
2015-11-10 13:00:00,11,3,8
2015-11-10 14:00:00,18,11,7
2015-11-10 15:00:00,41,18,23
2015-11-10 16:00:00,39,21,18
2015-11-10 17:00:00,13,7,6
2015-11-10 18:00:00,8,3,5
2015-11-10 19:00:00,7,4,3
2015-11-10 20:00:00,2,0,2
2015-11-10 21:00:00,0,0,0
2015-11-10 22:00:00,0,0,0
2015-11-10 23:00:00,0,0,0
2015-11-11 00:00:00,0,0,0
2015-11-11 01:00:00,0,0,0
2015-11-11 02:00:00,0,0,0
2015-11-11 03:00:00,0,0,0
2015-11-11 04:00:00,0,0,0
2015-11-11 05:00:00,4,1,3
2015-11-11 06:00:00,9,6,3
2015-11-11 07:00:00,22,12,10
2015-11-11 08:00:00,23,14,9
2015-11-11 09:00:00,43,15,28
2015-11-11 10:00:00,42,26,16
2015-11-11 11:00:00,32,20,12
2015-11-11 12:00:00,33,18,15
2015-11-11 13:00:00,27,13,14
2015-11-11 14:00:00,36,18,18
2015-11-11 15:00:00,42,26,16
2015-11-11 16:00:00,21,9,12
2015-11-11 17:00:00,14,8,6
2015-11-11 18:00:00,4,3,1
2015-11-11 19:00:00,4,2,2
2015-11-11 20:00:00,4,2,2
2015-11-11 21:00:00,1,0,1
2015-11-11 22:00:00,2,1,1
2015-11-11 23:00:00,1,1,0
2015-11-12 00:00:00,0,0,0
2015-11-12 01:00:00,0,0,0
2015-11-12 02:00:00,0,0,0
2015-11-12 03:00:00,0,0,0
2015-11-12 04:00:00,1,0,1
2015-11-12 05:00:00,2,1,1
2015-11-12 06:00:00,9,3,6
2015-11-12 07:00:00,19,11,8
2015-11-12 08:00:00,20,12,8
2015-11-12 09:00:00,23,14,9
2015-11-12 10:00:00,28,14,14
2015-11-12 11:00:00,22,10,12
2015-11-12 12:00:00,18,13,5
2015-11-12 13:00:00,17,10,7
2015-11-12 14:00:00,16,8,8
2015-11-12 15:00:00,8,4,4
2015-11-12 16:00:00,16,7,9
2015-11-12 17:00:00,9,4,5
2015-11-12 18:00:00,1,1,0
2015-11-12 19:00:00,2,1,1
2015-11-12 20:00:00,2,0,2
2015-11-12 21:00:00,1,1,0
2015-11-12 22:00:00,0,0,0
2015-11-12 23:00:00,1,0,1
2015-11-13 00:00:00,1,1,0
2015-11-13 01:00:00,0,0,0
2015-11-13 02:00:00,0,0,0
2015-11-13 03:00:00,0,0,0
2015-11-13 04:00:00,0,0,0
2015-11-13 05:00:00,3,2,1
2015-11-13 06:00:00,4,3,1
2015-11-13 07:00:00,17,8,9
2015-11-13 08:00:00,11,6,5
2015-11-13 09:00:00,19,9,10
2015-11-13 10:00:00,23,14,9
2015-11-13 11:00:00,14,6,8
2015-11-13 12:00:00,12,7,5
2015-11-13 13:00:00,12,7,5
2015-11-13 14:00:00,6,1,5
2015-11-13 15:00:00,27,13,14
2015-11-13 16:00:00,16,7,9
2015-11-13 17:00:00,3,2,1
2015-11-13 18:00:00,4,2,2
2015-11-13 19:00:00,1,1,0
2015-11-13 20:00:00,0,0,0
2015-11-13 21:00:00,2,1,1
2015-11-13 22:00:00,0,0,0
2015-11-13 23:00:00,2,0,2
2015-11-14 00:00:00,1,1,0
2015-11-14 01:00:00,0,0,0
2015-11-14 02:00:00,1,0,1
2015-11-14 03:00:00,0,0,0
2015-11-14 04:00:00,0,0,0
2015-11-14 05:00:00,1,0,1
2015-11-14 06:00:00,7,3,4
2015-11-14 07:00:00,14,6,8
2015-11-14 08:00:00,14,13,1
2015-11-14 09:00:00,0,0,0
2015-11-14 10:00:00,0,0,0
2015-11-14 11:00:00,0,0,0
2015-11-14 12:00:00,0,0,0
2015-11-14 13:00:00,0,0,0
2015-11-14 14:00:00,0,0,0
2015-11-14 15:00:00,0,0,0
2015-11-14 16:00:00,0,0,0
2015-11-14 17:00:00,0,0,0
2015-11-14 18:00:00,0,0,0
2015-11-14 19:00:00,0,0,0
2015-11-14 20:00:00,0,0,0
2015-11-14 21:00:00,0,0,0
2015-11-14 22:00:00,0,0,0
2015-11-14 23:00:00,0,0,0
2015-11-15 00:00:00,0,0,0
2015-11-15 01:00:00,0,0,0
2015-11-15 02:00:00,0,0,0
2015-11-15 03:00:00,0,0,0
2015-11-15 04:00:00,0,0,0
2015-11-15 05:00:00,0,0,0
2015-11-15 06:00:00,0,0,0
2015-11-15 07:00:00,0,0,0
2015-11-15 08:00:00,0,0,0
2015-11-15 09:00:00,0,0,0
2015-11-15 10:00:00,0,0,0
2015-11-15 11:00:00,0,0,0
2015-11-15 12:00:00,0,0,0
2015-11-15 13:00:00,0,0,0
2015-11-15 14:00:00,0,0,0
2015-11-15 15:00:00,0,0,0
2015-11-15 16:00:00,0,0,0
2015-11-15 17:00:00,0,0,0
2015-11-15 18:00:00,0,0,0
2015-11-15 19:00:00,0,0,0
2015-11-15 20:00:00,0,0,0
2015-11-15 21:00:00,0,0,0
2015-11-15 22:00:00,0,0,0
2015-11-15 23:00:00,0,0,0
2015-11-16 00:00:00,0,0,0
2015-11-16 01:00:00,0,0,0
2015-11-16 02:00:00,0,0,0
2015-11-16 03:00:00,0,0,0
2015-11-16 04:00:00,0,0,0
2015-11-16 05:00:00,0,0,0
2015-11-16 06:00:00,0,0,0
2015-11-16 07:00:00,0,0,0
2015-11-16 08:00:00,0,0,0
2015-11-16 09:00:00,0,0,0
2015-11-16 10:00:00,0,0,0
2015-11-16 11:00:00,0,0,0
2015-11-16 12:00:00,0,0,0
2015-11-16 13:00:00,0,0,0
2015-11-16 14:00:00,0,0,0
2015-11-16 15:00:00,0,0,0
2015-11-16 16:00:00,0,0,0
2015-11-16 17:00:00,0,0,0
2015-11-16 18:00:00,0,0,0
2015-11-16 19:00:00,0,0,0
2015-11-16 20:00:00,0,0,0
2015-11-16 21:00:00,0,0,0
2015-11-16 22:00:00,0,0,0
2015-11-16 23:00:00,0,0,0
2015-11-17 00:00:00,0,0,0
2015-11-17 01:00:00,0,0,0
2015-11-17 02:00:00,0,0,0
2015-11-17 03:00:00,0,0,0
2015-11-17 04:00:00,0,0,0
2015-11-17 05:00:00,0,0,0
2015-11-17 06:00:00,0,0,0
2015-11-17 07:00:00,0,0,0
2015-11-17 08:00:00,0,0,0
2015-11-17 09:00:00,0,0,0
2015-11-17 10:00:00,0,0,0
2015-11-17 11:00:00,0,0,0
2015-11-17 12:00:00,0,0,0
2015-11-17 13:00:00,0,0,0
2015-11-17 14:00:00,0,0,0
2015-11-17 15:00:00,0,0,0
2015-11-17 16:00:00,0,0,0
2015-11-17 17:00:00,0,0,0
2015-11-17 18:00:00,0,0,0
2015-11-17 19:00:00,0,0,0
2015-11-17 20:00:00,0,0,0
2015-11-17 21:00:00,0,0,0
2015-11-17 22:00:00,0,0,0
2015-11-17 23:00:00,0,0,0
2015-11-18 00:00:00,0,0,0
2015-11-18 01:00:00,0,0,0
2015-11-18 02:00:00,0,0,0
2015-11-18 03:00:00,0,0,0
2015-11-18 04:00:00,0,0,0
2015-11-18 05:00:00,0,0,0
2015-11-18 06:00:00,0,0,0
2015-11-18 07:00:00,0,0,0
2015-11-18 08:00:00,0,0,0
2015-11-18 09:00:00,0,0,0
2015-11-18 10:00:00,0,0,0
2015-11-18 11:00:00,0,0,0
2015-11-18 12:00:00,0,0,0
2015-11-18 13:00:00,0,0,0
2015-11-18 14:00:00,0,0,0
2015-11-18 15:00:00,0,0,0
2015-11-18 16:00:00,0,0,0
2015-11-18 17:00:00,0,0,0
2015-11-18 18:00:00,0,0,0
2015-11-18 19:00:00,0,0,0
2015-11-18 20:00:00,0,0,0
2015-11-18 21:00:00,0,0,0
2015-11-18 22:00:00,0,0,0
2015-11-18 23:00:00,0,0,0
2015-11-19 00:00:00,0,0,0
2015-11-19 01:00:00,0,0,0
2015-11-19 02:00:00,0,0,0
2015-11-19 03:00:00,0,0,0
2015-11-19 04:00:00,0,0,0
2015-11-19 05:00:00,0,0,0
2015-11-19 06:00:00,0,0,0
2015-11-19 07:00:00,0,0,0
2015-11-19 08:00:00,0,0,0
2015-11-19 09:00:00,0,0,0
2015-11-19 10:00:00,0,0,0
2015-11-19 11:00:00,0,0,0
2015-11-19 12:00:00,0,0,0
2015-11-19 13:00:00,0,0,0
2015-11-19 14:00:00,0,0,0
2015-11-19 15:00:00,0,0,0
2015-11-19 16:00:00,0,0,0
2015-11-19 17:00:00,0,0,0
2015-11-19 18:00:00,0,0,0
2015-11-19 19:00:00,0,0,0
2015-11-19 20:00:00,0,0,0
2015-11-19 21:00:00,0,0,0
2015-11-19 22:00:00,0,0,0
2015-11-19 23:00:00,0,0,0
2015-11-20 00:00:00,0,0,0
2015-11-20 01:00:00,0,0,0
2015-11-20 02:00:00,0,0,0
2015-11-20 03:00:00,0,0,0
2015-11-20 04:00:00,0,0,0
2015-11-20 05:00:00,0,0,0
2015-11-20 06:00:00,0,0,0
2015-11-20 07:00:00,0,0,0
2015-11-20 08:00:00,0,0,0
2015-11-20 09:00:00,0,0,0
2015-11-20 10:00:00,0,0,0
2015-11-20 11:00:00,0,0,0
2015-11-20 12:00:00,0,0,0
2015-11-20 13:00:00,0,0,0
2015-11-20 14:00:00,0,0,0
2015-11-20 15:00:00,0,0,0
2015-11-20 16:00:00,0,0,0
2015-11-20 17:00:00,0,0,0
2015-11-20 18:00:00,0,0,0
2015-11-20 19:00:00,0,0,0
2015-11-20 20:00:00,0,0,0
2015-11-20 21:00:00,0,0,0
2015-11-20 22:00:00,0,0,0
2015-11-20 23:00:00,0,0,0
2015-11-21 00:00:00,0,0,0
2015-11-21 01:00:00,0,0,0
2015-11-21 02:00:00,0,0,0
2015-11-21 03:00:00,0,0,0
2015-11-21 04:00:00,0,0,0
2015-11-21 05:00:00,0,0,0
2015-11-21 06:00:00,0,0,0
2015-11-21 07:00:00,0,0,0
2015-11-21 08:00:00,0,0,0
2015-11-21 09:00:00,0,0,0
2015-11-21 10:00:00,0,0,0
2015-11-21 11:00:00,0,0,0
2015-11-21 12:00:00,0,0,0
2015-11-21 13:00:00,0,0,0
2015-11-21 14:00:00,0,0,0
2015-11-21 15:00:00,0,0,0
2015-11-21 16:00:00,0,0,0
2015-11-21 17:00:00,0,0,0
2015-11-21 18:00:00,0,0,0
2015-11-21 19:00:00,0,0,0
2015-11-21 20:00:00,0,0,0
2015-11-21 21:00:00,0,0,0
2015-11-21 22:00:00,0,0,0
2015-11-21 23:00:00,0,0,0
2015-11-22 00:00:00,0,0,0
2015-11-22 01:00:00,0,0,0
2015-11-22 02:00:00,0,0,0
2015-11-22 03:00:00,0,0,0
2015-11-22 04:00:00,0,0,0
2015-11-22 05:00:00,0,0,0
2015-11-22 06:00:00,0,0,0
2015-11-22 07:00:00,0,0,0
2015-11-22 08:00:00,0,0,0
2015-11-22 09:00:00,0,0,0
2015-11-22 10:00:00,0,0,0
2015-11-22 11:00:00,0,0,0
2015-11-22 12:00:00,0,0,0
2015-11-22 13:00:00,0,0,0
2015-11-22 14:00:00,0,0,0
2015-11-22 15:00:00,0,0,0
2015-11-22 16:00:00,0,0,0
2015-11-22 17:00:00,0,0,0
2015-11-22 18:00:00,0,0,0
2015-11-22 19:00:00,0,0,0
2015-11-22 20:00:00,0,0,0
2015-11-22 21:00:00,0,0,0
2015-11-22 22:00:00,0,0,0
2015-11-22 23:00:00,0,0,0
2015-11-23 00:00:00,0,0,0
2015-11-23 01:00:00,0,0,0
2015-11-23 02:00:00,0,0,0
2015-11-23 03:00:00,0,0,0
2015-11-23 04:00:00,0,0,0
2015-11-23 05:00:00,0,0,0
2015-11-23 06:00:00,0,0,0
2015-11-23 07:00:00,0,0,0
2015-11-23 08:00:00,0,0,0
2015-11-23 09:00:00,0,0,0
2015-11-23 10:00:00,0,0,0
2015-11-23 11:00:00,0,0,0
2015-11-23 12:00:00,0,0,0
2015-11-23 13:00:00,0,0,0
2015-11-23 14:00:00,0,0,0
2015-11-23 15:00:00,0,0,0
2015-11-23 16:00:00,0,0,0
2015-11-23 17:00:00,0,0,0
2015-11-23 18:00:00,0,0,0
2015-11-23 19:00:00,0,0,0
2015-11-23 20:00:00,0,0,0
2015-11-23 21:00:00,0,0,0
2015-11-23 22:00:00,0,0,0
2015-11-23 23:00:00,0,0,0
2015-11-24 00:00:00,0,0,0
2015-11-24 01:00:00,0,0,0
2015-11-24 02:00:00,0,0,0
2015-11-24 03:00:00,0,0,0
2015-11-24 04:00:00,0,0,0
2015-11-24 05:00:00,0,0,0
2015-11-24 06:00:00,0,0,0
2015-11-24 07:00:00,0,0,0
2015-11-24 08:00:00,0,0,0
2015-11-24 09:00:00,0,0,0
2015-11-24 10:00:00,0,0,0
2015-11-24 11:00:00,0,0,0
2015-11-24 12:00:00,0,0,0
2015-11-24 13:00:00,0,0,0
2015-11-24 14:00:00,0,0,0
2015-11-24 15:00:00,0,0,0
2015-11-24 16:00:00,0,0,0
2015-11-24 17:00:00,0,0,0
2015-11-24 18:00:00,0,0,0
2015-11-24 19:00:00,0,0,0
2015-11-24 20:00:00,0,0,0
2015-11-24 21:00:00,0,0,0
2015-11-24 22:00:00,0,0,0
2015-11-24 23:00:00,0,0,0
2015-11-25 00:00:00,0,0,0
2015-11-25 01:00:00,0,0,0
2015-11-25 02:00:00,0,0,0
2015-11-25 03:00:00,0,0,0
2015-11-25 04:00:00,0,0,0
2015-11-25 05:00:00,0,0,0
2015-11-25 06:00:00,0,0,0
2015-11-25 07:00:00,0,0,0
2015-11-25 08:00:00,0,0,0
2015-11-25 09:00:00,0,0,0
2015-11-25 10:00:00,0,0,0
2015-11-25 11:00:00,0,0,0
2015-11-25 12:00:00,0,0,0
2015-11-25 13:00:00,0,0,0
2015-11-25 14:00:00,0,0,0
2015-11-25 15:00:00,0,0,0
2015-11-25 16:00:00,0,0,0
2015-11-25 17:00:00,0,0,0
2015-11-25 18:00:00,0,0,0
2015-11-25 19:00:00,0,0,0
2015-11-25 20:00:00,0,0,0
2015-11-25 21:00:00,0,0,0
2015-11-25 22:00:00,0,0,0
2015-11-25 23:00:00,0,0,0
2015-11-26 00:00:00,0,0,0
2015-11-26 01:00:00,0,0,0
2015-11-26 02:00:00,0,0,0
2015-11-26 03:00:00,0,0,0
2015-11-26 04:00:00,0,0,0
2015-11-26 05:00:00,0,0,0
2015-11-26 06:00:00,0,0,0
2015-11-26 07:00:00,0,0,0
2015-11-26 08:00:00,0,0,0
2015-11-26 09:00:00,0,0,0
2015-11-26 10:00:00,0,0,0
2015-11-26 11:00:00,0,0,0
2015-11-26 12:00:00,0,0,0
2015-11-26 13:00:00,0,0,0
2015-11-26 14:00:00,0,0,0
2015-11-26 15:00:00,0,0,0
2015-11-26 16:00:00,0,0,0
2015-11-26 17:00:00,0,0,0
2015-11-26 18:00:00,0,0,0
2015-11-26 19:00:00,0,0,0
2015-11-26 20:00:00,0,0,0
2015-11-26 21:00:00,0,0,0
2015-11-26 22:00:00,0,0,0
2015-11-26 23:00:00,0,0,0
2015-11-27 00:00:00,0,0,0
2015-11-27 01:00:00,0,0,0
2015-11-27 02:00:00,0,0,0
2015-11-27 03:00:00,0,0,0
2015-11-27 04:00:00,0,0,0
2015-11-27 05:00:00,0,0,0
2015-11-27 06:00:00,0,0,0
2015-11-27 07:00:00,0,0,0
2015-11-27 08:00:00,0,0,0
2015-11-27 09:00:00,0,0,0
2015-11-27 10:00:00,0,0,0
2015-11-27 11:00:00,0,0,0
2015-11-27 12:00:00,0,0,0
2015-11-27 13:00:00,0,0,0
2015-11-27 14:00:00,0,0,0
2015-11-27 15:00:00,0,0,0
2015-11-27 16:00:00,0,0,0
2015-11-27 17:00:00,0,0,0
2015-11-27 18:00:00,0,0,0
2015-11-27 19:00:00,0,0,0
2015-11-27 20:00:00,0,0,0
2015-11-27 21:00:00,0,0,0
2015-11-27 22:00:00,0,0,0
2015-11-27 23:00:00,0,0,0
2015-11-28 00:00:00,0,0,0
2015-11-28 01:00:00,0,0,0
2015-11-28 02:00:00,0,0,0
2015-11-28 03:00:00,0,0,0
2015-11-28 04:00:00,0,0,0
2015-11-28 05:00:00,0,0,0
2015-11-28 06:00:00,0,0,0
2015-11-28 07:00:00,0,0,0
2015-11-28 08:00:00,0,0,0
2015-11-28 09:00:00,0,0,0
2015-11-28 10:00:00,0,0,0
2015-11-28 11:00:00,0,0,0
2015-11-28 12:00:00,0,0,0
2015-11-28 13:00:00,0,0,0
2015-11-28 14:00:00,0,0,0
2015-11-28 15:00:00,0,0,0
2015-11-28 16:00:00,0,0,0
2015-11-28 17:00:00,0,0,0
2015-11-28 18:00:00,0,0,0
2015-11-28 19:00:00,0,0,0
2015-11-28 20:00:00,0,0,0
2015-11-28 21:00:00,0,0,0
2015-11-28 22:00:00,0,0,0
2015-11-28 23:00:00,0,0,0
2015-11-29 00:00:00,0,0,0
2015-11-29 01:00:00,0,0,0
2015-11-29 02:00:00,0,0,0
2015-11-29 03:00:00,0,0,0
2015-11-29 04:00:00,0,0,0
2015-11-29 05:00:00,0,0,0
2015-11-29 06:00:00,0,0,0
2015-11-29 07:00:00,0,0,0
2015-11-29 08:00:00,0,0,0
2015-11-29 09:00:00,0,0,0
2015-11-29 10:00:00,0,0,0
2015-11-29 11:00:00,0,0,0
2015-11-29 12:00:00,0,0,0
2015-11-29 13:00:00,0,0,0
2015-11-29 14:00:00,0,0,0
2015-11-29 15:00:00,0,0,0
2015-11-29 16:00:00,0,0,0
2015-11-29 17:00:00,0,0,0
2015-11-29 18:00:00,0,0,0
2015-11-29 19:00:00,0,0,0
2015-11-29 20:00:00,0,0,0
2015-11-29 21:00:00,0,0,0
2015-11-29 22:00:00,0,0,0
2015-11-29 23:00:00,0,0,0
2015-11-30 00:00:00,0,0,0
2015-11-30 01:00:00,0,0,0
2015-11-30 02:00:00,0,0,0
2015-11-30 03:00:00,0,0,0
2015-11-30 04:00:00,0,0,0
2015-11-30 05:00:00,0,0,0
2015-11-30 06:00:00,0,0,0
2015-11-30 07:00:00,0,0,0
2015-11-30 08:00:00,0,0,0
2015-11-30 09:00:00,0,0,0
2015-11-30 10:00:00,0,0,0
2015-11-30 11:00:00,0,0,0
2015-11-30 12:00:00,0,0,0
2015-11-30 13:00:00,0,0,0
2015-11-30 14:00:00,0,0,0
2015-11-30 15:00:00,0,0,0
2015-11-30 16:00:00,0,0,0
2015-11-30 17:00:00,0,0,0
2015-11-30 18:00:00,0,0,0
2015-11-30 19:00:00,0,0,0
2015-11-30 20:00:00,0,0,0
2015-11-30 21:00:00,0,0,0
2015-11-30 22:00:00,0,0,0
2015-11-30 23:00:00,0,0,0
2015-12-01 00:00:00,0,0,0
2015-12-01 01:00:00,0,0,0
2015-12-01 02:00:00,0,0,0
2015-12-01 03:00:00,0,0,0
2015-12-01 04:00:00,0,0,0
2015-12-01 05:00:00,0,0,0
2015-12-01 06:00:00,0,0,0
2015-12-01 07:00:00,0,0,0
2015-12-01 08:00:00,0,0,0
2015-12-01 09:00:00,0,0,0
2015-12-01 10:00:00,0,0,0
2015-12-01 11:00:00,0,0,0
2015-12-01 12:00:00,0,0,0
2015-12-01 13:00:00,0,0,0
2015-12-01 14:00:00,0,0,0
2015-12-01 15:00:00,0,0,0
2015-12-01 16:00:00,0,0,0
2015-12-01 17:00:00,0,0,0
2015-12-01 18:00:00,0,0,0
2015-12-01 19:00:00,0,0,0
2015-12-01 20:00:00,0,0,0
2015-12-01 21:00:00,0,0,0
2015-12-01 22:00:00,0,0,0
2015-12-01 23:00:00,0,0,0
2015-12-02 00:00:00,0,0,0
2015-12-02 01:00:00,0,0,0
2015-12-02 02:00:00,0,0,0
2015-12-02 03:00:00,0,0,0
2015-12-02 04:00:00,0,0,0
2015-12-02 05:00:00,0,0,0
2015-12-02 06:00:00,0,0,0
2015-12-02 07:00:00,0,0,0
2015-12-02 08:00:00,0,0,0
2015-12-02 09:00:00,0,0,0
2015-12-02 10:00:00,0,0,0
2015-12-02 11:00:00,0,0,0
2015-12-02 12:00:00,0,0,0
2015-12-02 13:00:00,0,0,0
2015-12-02 14:00:00,0,0,0
2015-12-02 15:00:00,0,0,0
2015-12-02 16:00:00,0,0,0
2015-12-02 17:00:00,0,0,0
2015-12-02 18:00:00,0,0,0
2015-12-02 19:00:00,0,0,0
2015-12-02 20:00:00,0,0,0
2015-12-02 21:00:00,0,0,0
2015-12-02 22:00:00,0,0,0
2015-12-02 23:00:00,0,0,0
2015-12-03 00:00:00,0,0,0
2015-12-03 01:00:00,0,0,0
2015-12-03 02:00:00,0,0,0
2015-12-03 03:00:00,0,0,0
2015-12-03 04:00:00,0,0,0
2015-12-03 05:00:00,0,0,0
2015-12-03 06:00:00,0,0,0
2015-12-03 07:00:00,0,0,0
2015-12-03 08:00:00,0,0,0
2015-12-03 09:00:00,0,0,0
2015-12-03 10:00:00,0,0,0
2015-12-03 11:00:00,0,0,0
2015-12-03 12:00:00,0,0,0
2015-12-03 13:00:00,0,0,0
2015-12-03 14:00:00,0,0,0
2015-12-03 15:00:00,0,0,0
2015-12-03 16:00:00,0,0,0
2015-12-03 17:00:00,0,0,0
2015-12-03 18:00:00,0,0,0
2015-12-03 19:00:00,0,0,0
2015-12-03 20:00:00,0,0,0
2015-12-03 21:00:00,0,0,0
2015-12-03 22:00:00,0,0,0
2015-12-03 23:00:00,0,0,0
2015-12-04 00:00:00,0,0,0
2015-12-04 01:00:00,0,0,0
2015-12-04 02:00:00,0,0,0
2015-12-04 03:00:00,0,0,0
2015-12-04 04:00:00,0,0,0
2015-12-04 05:00:00,0,0,0
2015-12-04 06:00:00,0,0,0
2015-12-04 07:00:00,2,2,0
2015-12-04 08:00:00,0,0,0
2015-12-04 09:00:00,0,0,0
2015-12-04 10:00:00,0,0,0
2015-12-04 11:00:00,0,0,0
2015-12-04 12:00:00,0,0,0
2015-12-04 13:00:00,0,0,0
2015-12-04 14:00:00,0,0,0
2015-12-04 15:00:00,0,0,0
2015-12-04 16:00:00,0,0,0
2015-12-04 17:00:00,0,0,0
2015-12-04 18:00:00,0,0,0
2015-12-04 19:00:00,0,0,0
2015-12-04 20:00:00,0,0,0
2015-12-04 21:00:00,0,0,0
2015-12-04 22:00:00,0,0,0
2015-12-04 23:00:00,0,0,0
2015-12-05 00:00:00,0,0,0
2015-12-05 01:00:00,0,0,0
2015-12-05 02:00:00,0,0,0
2015-12-05 03:00:00,0,0,0
2015-12-05 04:00:00,0,0,0
2015-12-05 05:00:00,0,0,0
2015-12-05 06:00:00,0,0,0
2015-12-05 07:00:00,0,0,0
2015-12-05 08:00:00,0,0,0
2015-12-05 09:00:00,0,0,0
2015-12-05 10:00:00,0,0,0
2015-12-05 11:00:00,0,0,0
2015-12-05 12:00:00,0,0,0
2015-12-05 13:00:00,0,0,0
2015-12-05 14:00:00,0,0,0
2015-12-05 15:00:00,0,0,0
2015-12-05 16:00:00,0,0,0
2015-12-05 17:00:00,0,0,0
2015-12-05 18:00:00,0,0,0
2015-12-05 19:00:00,0,0,0
2015-12-05 20:00:00,0,0,0
2015-12-05 21:00:00,0,0,0
2015-12-05 22:00:00,0,0,0
2015-12-05 23:00:00,0,0,0
2015-12-06 00:00:00,0,0,0
2015-12-06 01:00:00,0,0,0
2015-12-06 02:00:00,0,0,0
2015-12-06 03:00:00,0,0,0
2015-12-06 04:00:00,0,0,0
2015-12-06 05:00:00,0,0,0
2015-12-06 06:00:00,0,0,0
2015-12-06 07:00:00,0,0,0
2015-12-06 08:00:00,0,0,0
2015-12-06 09:00:00,0,0,0
2015-12-06 10:00:00,0,0,0
2015-12-06 11:00:00,0,0,0
2015-12-06 12:00:00,0,0,0
2015-12-06 13:00:00,0,0,0
2015-12-06 14:00:00,0,0,0
2015-12-06 15:00:00,0,0,0
2015-12-06 16:00:00,0,0,0
2015-12-06 17:00:00,0,0,0
2015-12-06 18:00:00,0,0,0
2015-12-06 19:00:00,0,0,0
2015-12-06 20:00:00,0,0,0
2015-12-06 21:00:00,0,0,0
2015-12-06 22:00:00,0,0,0
2015-12-06 23:00:00,0,0,0
2015-12-07 00:00:00,0,0,0
2015-12-07 01:00:00,0,0,0
2015-12-07 02:00:00,0,0,0
2015-12-07 03:00:00,0,0,0
2015-12-07 04:00:00,0,0,0
2015-12-07 05:00:00,0,0,0
2015-12-07 06:00:00,0,0,0
2015-12-07 07:00:00,0,0,0
2015-12-07 08:00:00,0,0,0
2015-12-07 09:00:00,0,0,0
2015-12-07 10:00:00,0,0,0
2015-12-07 11:00:00,0,0,0
2015-12-07 12:00:00,7,5,2
2015-12-07 13:00:00,6,4,2
2015-12-07 14:00:00,4,2,2
2015-12-07 15:00:00,14,7,7
2015-12-07 16:00:00,13,0,13
2015-12-07 17:00:00,13,6,7
2015-12-07 18:00:00,5,3,2
2015-12-07 19:00:00,7,2,5
2015-12-07 20:00:00,7,4,3
2015-12-07 21:00:00,0,0,0
2015-12-07 22:00:00,2,1,1
2015-12-07 23:00:00,0,0,0
2015-12-08 00:00:00,0,0,0
2015-12-08 01:00:00,0,0,0
2015-12-08 02:00:00,0,0,0
2015-12-08 03:00:00,0,0,0
2015-12-08 04:00:00,0,0,0
2015-12-08 05:00:00,0,0,0
2015-12-08 06:00:00,2,1,1
2015-12-08 07:00:00,6,3,3
2015-12-08 08:00:00,20,10,10
2015-12-08 09:00:00,7,0,7
2015-12-08 10:00:00,6,0,6
2015-12-08 11:00:00,5,2,3
2015-12-08 12:00:00,3,1,2
2015-12-08 13:00:00,5,2,3
2015-12-08 14:00:00,1,0,1
2015-12-08 15:00:00,11,4,7
2015-12-08 16:00:00,10,6,4
2015-12-08 17:00:00,3,2,1
2015-12-08 18:00:00,9,4,5
2015-12-08 19:00:00,2,0,2
2015-12-08 20:00:00,1,1,0
2015-12-08 21:00:00,0,0,0
2015-12-08 22:00:00,0,0,0
2015-12-08 23:00:00,0,0,0
2015-12-09 00:00:00,0,0,0
2015-12-09 01:00:00,0,0,0
2015-12-09 02:00:00,2,1,1
2015-12-09 03:00:00,0,0,0
2015-12-09 04:00:00,0,0,0
2015-12-09 05:00:00,2,0,2
2015-12-09 06:00:00,2,0,2
2015-12-09 07:00:00,9,5,4
2015-12-09 08:00:00,19,9,10
2015-12-09 09:00:00,29,14,15
2015-12-09 10:00:00,13,0,13
2015-12-09 11:00:00,29,16,13
2015-12-09 12:00:00,9,0,9
2015-12-09 13:00:00,21,14,7
2015-12-09 14:00:00,15,0,15
2015-12-09 15:00:00,37,21,16
2015-12-09 16:00:00,21,8,13
2015-12-09 17:00:00,8,8,0
2015-12-09 18:00:00,2,0,2
2015-12-09 19:00:00,0,0,0
2015-12-09 20:00:00,4,1,3
2015-12-09 21:00:00,2,1,1
2015-12-09 22:00:00,1,1,0
2015-12-09 23:00:00,0,0,0
2015-12-10 00:00:00,0,0,0
2015-12-10 01:00:00,0,0,0
2015-12-10 02:00:00,0,0,0
2015-12-10 03:00:00,0,0,0
2015-12-10 04:00:00,0,0,0
2015-12-10 05:00:00,2,1,1
2015-12-10 06:00:00,4,2,2
2015-12-10 07:00:00,12,8,4
2015-12-10 08:00:00,14,8,6
2015-12-10 09:00:00,12,8,4
2015-12-10 10:00:00,4,0,4
2015-12-10 11:00:00,9,6,3
2015-12-10 12:00:00,7,4,3
2015-12-10 13:00:00,5,1,4
2015-12-10 14:00:00,11,6,5
2015-12-10 15:00:00,27,15,12
2015-12-10 16:00:00,21,7,14
2015-12-10 17:00:00,2,1,1
2015-12-10 18:00:00,5,0,5
2015-12-10 19:00:00,3,2,1
2015-12-10 20:00:00,3,2,1
2015-12-10 21:00:00,1,0,1
2015-12-10 22:00:00,5,4,1
2015-12-10 23:00:00,1,1,0
2015-12-11 00:00:00,0,0,0
2015-12-11 01:00:00,0,0,0
2015-12-11 02:00:00,0,0,0
2015-12-11 03:00:00,2,1,1
2015-12-11 04:00:00,1,0,1
2015-12-11 05:00:00,1,0,1
2015-12-11 06:00:00,8,4,4
2015-12-11 07:00:00,6,0,6
2015-12-11 08:00:00,26,15,11
2015-12-11 09:00:00,33,15,18
2015-12-11 10:00:00,15,12,3
2015-12-11 11:00:00,20,7,13
2015-12-11 12:00:00,21,10,11
2015-12-11 13:00:00,21,12,9
2015-12-11 14:00:00,15,6,9
2015-12-11 15:00:00,26,13,13
2015-12-11 16:00:00,15,7,8
2015-12-11 17:00:00,11,5,6
2015-12-11 18:00:00,1,1,0
2015-12-11 19:00:00,4,2,2
2015-12-11 20:00:00,1,0,1
2015-12-11 21:00:00,5,3,2
2015-12-11 22:00:00,3,2,1
2015-12-11 23:00:00,1,0,1
2015-12-12 00:00:00,3,2,1
2015-12-12 01:00:00,0,0,0
2015-12-12 02:00:00,0,0,0
2015-12-12 03:00:00,0,0,0
2015-12-12 04:00:00,0,0,0
2015-12-12 05:00:00,0,0,0
2015-12-12 06:00:00,0,0,0
2015-12-12 07:00:00,10,0,10
2015-12-12 08:00:00,17,0,17
2015-12-12 09:00:00,50,25,25
2015-12-12 10:00:00,11,0,11
2015-12-12 11:00:00,15,7,8
2015-12-12 12:00:00,7,3,4
2015-12-12 13:00:00,5,0,5
2015-12-12 14:00:00,16,8,8
2015-12-12 15:00:00,20,9,11
2015-12-12 16:00:00,15,10,5
2015-12-12 17:00:00,5,2,3
2015-12-12 18:00:00,6,3,3
2015-12-12 19:00:00,3,1,2
2015-12-12 20:00:00,3,2,1
2015-12-12 21:00:00,0,0,0
2015-12-12 22:00:00,0,0,0
2015-12-12 23:00:00,2,1,1
2015-12-13 00:00:00,0,0,0
2015-12-13 01:00:00,0,0,0
2015-12-13 02:00:00,0,0,0
2015-12-13 03:00:00,0,0,0
2015-12-13 04:00:00,0,0,0
2015-12-13 05:00:00,0,0,0
2015-12-13 06:00:00,2,1,1
2015-12-13 07:00:00,10,1,9
2015-12-13 08:00:00,36,21,15
2015-12-13 09:00:00,26,0,26
2015-12-13 10:00:00,21,0,21
2015-12-13 11:00:00,40,19,21
2015-12-13 12:00:00,31,13,18
2015-12-13 13:00:00,26,16,10
2015-12-13 14:00:00,38,18,20
2015-12-13 15:00:00,11,0,11
2015-12-13 16:00:00,13,0,13
2015-12-13 17:00:00,0,0,0
2015-12-13 18:00:00,3,2,1
2015-12-13 19:00:00,2,1,1
2015-12-13 20:00:00,1,0,1
2015-12-13 21:00:00,0,0,0
2015-12-13 22:00:00,1,0,1
2015-12-13 23:00:00,1,1,0
2015-12-14 00:00:00,0,0,0
2015-12-14 01:00:00,0,0,0
2015-12-14 02:00:00,0,0,0
2015-12-14 03:00:00,0,0,0
2015-12-14 04:00:00,0,0,0
2015-12-14 05:00:00,2,1,1
2015-12-14 06:00:00,4,0,4
2015-12-14 07:00:00,12,6,6
2015-12-14 08:00:00,18,10,8
2015-12-14 09:00:00,21,11,10
2015-12-14 10:00:00,18,9,9
2015-12-14 11:00:00,21,15,6
2015-12-14 12:00:00,10,0,10
2015-12-14 13:00:00,8,0,8
2015-12-14 14:00:00,5,0,5
2015-12-14 15:00:00,23,12,11
2015-12-14 16:00:00,28,9,19
2015-12-14 17:00:00,7,0,7
2015-12-14 18:00:00,5,0,5
2015-12-14 19:00:00,3,1,2
2015-12-14 20:00:00,1,0,1
2015-12-14 21:00:00,1,0,1
2015-12-14 22:00:00,4,1,3
2015-12-14 23:00:00,2,2,0
2015-12-15 00:00:00,0,0,0
2015-12-15 01:00:00,0,0,0
2015-12-15 02:00:00,0,0,0
2015-12-15 03:00:00,0,0,0
2015-12-15 04:00:00,0,0,0
2015-12-15 05:00:00,0,0,0
2015-12-15 06:00:00,8,5,3
2015-12-15 07:00:00,13,6,7
2015-12-15 08:00:00,29,14,15
2015-12-15 09:00:00,25,14,11
2015-12-15 10:00:00,19,13,6
2015-12-15 11:00:00,15,8,7
2015-12-15 12:00:00,11,0,11
2015-12-15 13:00:00,7,0,7
2015-12-15 14:00:00,22,12,10
2015-12-15 15:00:00,18,10,8
2015-12-15 16:00:00,10,0,10
2015-12-15 17:00:00,5,2,3
2015-12-15 18:00:00,6,4,2
2015-12-15 19:00:00,0,0,0
2015-12-15 20:00:00,6,2,4
2015-12-15 21:00:00,3,2,1
2015-12-15 22:00:00,2,1,1
2015-12-15 23:00:00,1,1,0
2015-12-16 00:00:00,0,0,0
2015-12-16 01:00:00,0,0,0
2015-12-16 02:00:00,0,0,0
2015-12-16 03:00:00,0,0,0
2015-12-16 04:00:00,0,0,0
2015-12-16 05:00:00,0,0,0
2015-12-16 06:00:00,4,0,4
2015-12-16 07:00:00,5,0,5
2015-12-16 08:00:00,13,7,6
2015-12-16 09:00:00,34,19,15
2015-12-16 10:00:00,8,0,8
2015-12-16 11:00:00,25,0,25
2015-12-16 12:00:00,13,0,13
2015-12-16 13:00:00,6,0,6
2015-12-16 14:00:00,10,0,10
2015-12-16 15:00:00,15,0,15
2015-12-16 16:00:00,24,14,10
2015-12-16 17:00:00,6,3,3
2015-12-16 18:00:00,3,2,1
2015-12-16 19:00:00,3,0,3
2015-12-16 20:00:00,3,1,2
2015-12-16 21:00:00,5,3,2
2015-12-16 22:00:00,0,0,0
2015-12-16 23:00:00,1,0,1
2015-12-17 00:00:00,1,1,0
2015-12-17 01:00:00,0,0,0
2015-12-17 02:00:00,1,0,1
2015-12-17 03:00:00,0,0,0
2015-12-17 04:00:00,2,1,1
2015-12-17 05:00:00,3,2,1
2015-12-17 06:00:00,3,1,2
2015-12-17 07:00:00,7,4,3
2015-12-17 08:00:00,15,9,6
2015-12-17 09:00:00,6,0,6
2015-12-17 10:00:00,13,8,5
2015-12-17 11:00:00,3,0,3
2015-12-17 12:00:00,4,0,4
2015-12-17 13:00:00,12,3,9
2015-12-17 14:00:00,10,8,2
2015-12-17 15:00:00,19,9,10
2015-12-17 16:00:00,13,6,7
2015-12-17 17:00:00,3,2,1
2015-12-17 18:00:00,2,0,2
2015-12-17 19:00:00,1,0,1
2015-12-17 20:00:00,1,0,1
2015-12-17 21:00:00,0,0,0
2015-12-17 22:00:00,1,1,0
2015-12-17 23:00:00,1,0,1
2015-12-18 00:00:00,0,0,0
2015-12-18 01:00:00,0,0,0
2015-12-18 02:00:00,0,0,0
2015-12-18 03:00:00,0,0,0
2015-12-18 04:00:00,0,0,0
2015-12-18 05:00:00,0,0,0
2015-12-18 06:00:00,4,2,2
2015-12-18 07:00:00,15,8,7
2015-12-18 08:00:00,10,0,10
2015-12-18 09:00:00,9,0,9
2015-12-18 10:00:00,11,0,11
2015-12-18 11:00:00,24,15,9
2015-12-18 12:00:00,20,10,10
2015-12-18 13:00:00,5,0,5
2015-12-18 14:00:00,6,0,6
2015-12-18 15:00:00,24,10,14
2015-12-18 16:00:00,12,0,12
2015-12-18 17:00:00,4,2,2
2015-12-18 18:00:00,3,1,2
2015-12-18 19:00:00,2,1,1
2015-12-18 20:00:00,0,0,0
2015-12-18 21:00:00,3,0,3
2015-12-18 22:00:00,2,1,1
2015-12-18 23:00:00,1,1,0
2015-12-19 00:00:00,0,0,0
2015-12-19 01:00:00,0,0,0
2015-12-19 02:00:00,0,0,0
2015-12-19 03:00:00,0,0,0
2015-12-19 04:00:00,0,0,0
2015-12-19 05:00:00,0,0,0
2015-12-19 06:00:00,1,0,1
2015-12-19 07:00:00,13,6,7
2015-12-19 08:00:00,6,0,6
2015-12-19 09:00:00,41,15,26
2015-12-19 10:00:00,61,33,28
2015-12-19 11:00:00,47,24,23
2015-12-19 12:00:00,10,0,10
2015-12-19 13:00:00,15,0,15
2015-12-19 14:00:00,35,14,21
2015-12-19 15:00:00,36,16,20
2015-12-19 16:00:00,25,15,10
2015-12-19 17:00:00,3,2,1
2015-12-19 18:00:00,3,1,2
2015-12-19 19:00:00,0,0,0
2015-12-19 20:00:00,3,1,2
2015-12-19 21:00:00,2,2,0
2015-12-19 22:00:00,0,0,0
2015-12-19 23:00:00,0,0,0
2015-12-20 00:00:00,0,0,0
2015-12-20 01:00:00,2,1,1
2015-12-20 02:00:00,0,0,0
2015-12-20 03:00:00,0,0,0
2015-12-20 04:00:00,0,0,0
2015-12-20 05:00:00,0,0,0
2015-12-20 06:00:00,0,0,0
2015-12-20 07:00:00,5,3,2
2015-12-20 08:00:00,8,0,8
2015-12-20 09:00:00,48,20,28
2015-12-20 10:00:00,33,16,17
2015-12-20 11:00:00,50,29,21
2015-12-20 12:00:00,45,20,25
2015-12-20 13:00:00,36,16,20
2015-12-20 14:00:00,10,0,10
2015-12-20 15:00:00,14,0,14
2015-12-20 16:00:00,28,15,13
2015-12-20 17:00:00,12,7,5
2015-12-20 18:00:00,6,0,6
2015-12-20 19:00:00,0,0,0
2015-12-20 20:00:00,1,0,1
2015-12-20 21:00:00,0,0,0
2015-12-20 22:00:00,0,0,0
2015-12-20 23:00:00,0,0,0
2015-12-21 00:00:00,0,0,0
2015-12-21 01:00:00,0,0,0
2015-12-21 02:00:00,0,0,0
2015-12-21 03:00:00,0,0,0
2015-12-21 04:00:00,0,0,0
2015-12-21 05:00:00,0,0,0
2015-12-21 06:00:00,1,0,1
2015-12-21 07:00:00,2,0,2
2015-12-21 08:00:00,19,9,10
2015-12-21 09:00:00,10,0,10
2015-12-21 10:00:00,31,19,12
2015-12-21 11:00:00,15,8,7
2015-12-21 12:00:00,17,10,7
2015-12-21 13:00:00,4,0,4
2015-12-21 14:00:00,4,0,4
2015-12-21 15:00:00,14,5,9
2015-12-21 16:00:00,14,8,6
2015-12-21 17:00:00,4,0,4
2015-12-21 18:00:00,5,3,2
2015-12-21 19:00:00,2,0,2
2015-12-21 20:00:00,1,0,1
2015-12-21 21:00:00,7,3,4
2015-12-21 22:00:00,3,3,0
2015-12-21 23:00:00,0,0,0
2015-12-22 00:00:00,0,0,0
2015-12-22 01:00:00,0,0,0
2015-12-22 02:00:00,0,0,0
2015-12-22 03:00:00,0,0,0
2015-12-22 04:00:00,0,0,0
2015-12-22 05:00:00,0,0,0
2015-12-22 06:00:00,2,0,2
2015-12-22 07:00:00,6,0,6
2015-12-22 08:00:00,8,0,8
2015-12-22 09:00:00,22,0,22
2015-12-22 10:00:00,33,19,14
2015-12-22 11:00:00,36,15,21
2015-12-22 12:00:00,13,0,13
2015-12-22 13:00:00,5,0,5
2015-12-22 14:00:00,18,9,9
2015-12-22 15:00:00,23,13,10
2015-12-22 16:00:00,9,3,6
2015-12-22 17:00:00,2,0,2
2015-12-22 18:00:00,4,2,2
2015-12-22 19:00:00,0,0,0
2015-12-22 20:00:00,0,0,0
2015-12-22 21:00:00,2,1,1
2015-12-22 22:00:00,1,0,1
2015-12-22 23:00:00,1,1,0
2015-12-23 00:00:00,0,0,0
2015-12-23 01:00:00,0,0,0
2015-12-23 02:00:00,0,0,0
2015-12-23 03:00:00,0,0,0
2015-12-23 04:00:00,0,0,0
2015-12-23 05:00:00,0,0,0
2015-12-23 06:00:00,5,2,3
2015-12-23 07:00:00,20,11,9
2015-12-23 08:00:00,10,0,10
2015-12-23 09:00:00,14,10,4
2015-12-23 10:00:00,15,0,15
2015-12-23 11:00:00,11,0,11
2015-12-23 12:00:00,5,0,5
2015-12-23 13:00:00,7,4,3
2015-12-23 14:00:00,11,4,7
2015-12-23 15:00:00,22,11,11
2015-12-23 16:00:00,14,9,5
2015-12-23 17:00:00,3,0,3
2015-12-23 18:00:00,4,1,3
2015-12-23 19:00:00,2,1,1
2015-12-23 20:00:00,3,0,3
2015-12-23 21:00:00,1,1,0
2015-12-23 22:00:00,0,0,0
2015-12-23 23:00:00,1,0,1
2015-12-24 00:00:00,0,0,0
2015-12-24 01:00:00,1,1,0
2015-12-24 02:00:00,0,0,0
2015-12-24 03:00:00,0,0,0
2015-12-24 04:00:00,0,0,0
2015-12-24 05:00:00,0,0,0
2015-12-24 06:00:00,3,1,2
2015-12-24 07:00:00,7,5,2
2015-12-24 08:00:00,22,0,22
2015-12-24 09:00:00,22,0,22
2015-12-24 10:00:00,24,0,24
2015-12-24 11:00:00,52,28,24
2015-12-24 12:00:00,10,0,10
2015-12-24 13:00:00,20,10,10
2015-12-24 14:00:00,13,0,13
2015-12-24 15:00:00,4,0,4
2015-12-24 16:00:00,13,8,5
2015-12-24 17:00:00,3,0,3
2015-12-24 18:00:00,1,1,0
2015-12-24 19:00:00,0,0,0
2015-12-24 20:00:00,3,2,1
2015-12-24 21:00:00,0,0,0
2015-12-24 22:00:00,2,1,1
2015-12-24 23:00:00,0,0,0
2015-12-25 00:00:00,0,0,0
2015-12-25 01:00:00,1,0,1
2015-12-25 02:00:00,0,0,0
2015-12-25 03:00:00,0,0,0
2015-12-25 04:00:00,0,0,0
2015-12-25 05:00:00,0,0,0
2015-12-25 06:00:00,0,0,0
2015-12-25 07:00:00,3,1,2
2015-12-25 08:00:00,6,0,6
2015-12-25 09:00:00,23,11,12
2015-12-25 10:00:00,4,0,4
2015-12-25 11:00:00,13,0,13
2015-12-25 12:00:00,37,14,23
2015-12-25 13:00:00,18,0,18
2015-12-25 14:00:00,56,30,26
2015-12-25 15:00:00,21,0,21
2015-12-25 16:00:00,22,16,6
2015-12-25 17:00:00,1,1,0
2015-12-25 18:00:00,1,0,1
2015-12-25 19:00:00,0,0,0
2015-12-25 20:00:00,2,2,0
2015-12-25 21:00:00,2,1,1
2015-12-25 22:00:00,1,0,1
2015-12-25 23:00:00,7,3,4
2015-12-26 00:00:00,0,0,0
2015-12-26 01:00:00,0,0,0
2015-12-26 02:00:00,1,1,0
2015-12-26 03:00:00,0,0,0
2015-12-26 04:00:00,0,0,0
2015-12-26 05:00:00,0,0,0
2015-12-26 06:00:00,0,0,0
2015-12-26 07:00:00,5,1,4
2015-12-26 08:00:00,9,0,9
2015-12-26 09:00:00,20,0,20
2015-12-26 10:00:00,39,14,25
2015-12-26 11:00:00,15,0,15
2015-12-26 12:00:00,41,20,21
2015-12-26 13:00:00,5,0,5
2015-12-26 14:00:00,30,15,15
2015-12-26 15:00:00,34,15,19
2015-12-26 16:00:00,24,12,12
2015-12-26 17:00:00,11,5,6
2015-12-26 18:00:00,5,2,3
2015-12-26 19:00:00,5,5,0
2015-12-26 20:00:00,7,3,4
2015-12-26 21:00:00,0,0,0
2015-12-26 22:00:00,0,0,0
2015-12-26 23:00:00,0,0,0
2015-12-27 00:00:00,0,0,0
2015-12-27 01:00:00,0,0,0
2015-12-27 02:00:00,0,0,0
2015-12-27 03:00:00,0,0,0
2015-12-27 04:00:00,0,0,0
2015-12-27 05:00:00,1,1,0
2015-12-27 06:00:00,3,2,1
2015-12-27 07:00:00,1,1,0
2015-12-27 08:00:00,17,8,9
2015-12-27 09:00:00,17,0,17
2015-12-27 10:00:00,16,0,16
2015-12-27 11:00:00,18,7,11
2015-12-27 12:00:00,20,11,9
2015-12-27 13:00:00,16,8,8
2015-12-27 14:00:00,6,0,6
2015-12-27 15:00:00,22,12,10
2015-12-27 16:00:00,9,0,9
2015-12-27 17:00:00,2,0,2
2015-12-27 18:00:00,1,0,1
2015-12-27 19:00:00,2,1,1
2015-12-27 20:00:00,1,0,1
2015-12-27 21:00:00,4,2,2
2015-12-27 22:00:00,1,1,0
2015-12-27 23:00:00,0,0,0
2015-12-28 00:00:00,1,0,1
2015-12-28 01:00:00,0,0,0
2015-12-28 02:00:00,0,0,0
2015-12-28 03:00:00,0,0,0
2015-12-28 04:00:00,0,0,0
2015-12-28 05:00:00,0,0,0
2015-12-28 06:00:00,2,0,2
2015-12-28 07:00:00,8,3,5
2015-12-28 08:00:00,8,0,8
2015-12-28 09:00:00,20,0,20
2015-12-28 10:00:00,19,12,7
2015-12-28 11:00:00,8,0,8
2015-12-28 12:00:00,32,19,13
2015-12-28 13:00:00,21,10,11
2015-12-28 14:00:00,22,12,10
2015-12-28 15:00:00,18,11,7
2015-12-28 16:00:00,23,11,12
2015-12-28 17:00:00,1,0,1
2015-12-28 18:00:00,6,3,3
2015-12-28 19:00:00,1,0,1
2015-12-28 20:00:00,4,1,3
2015-12-28 21:00:00,4,2,2
2015-12-28 22:00:00,0,0,0
2015-12-28 23:00:00,0,0,0
2015-12-29 00:00:00,0,0,0
2015-12-29 01:00:00,0,0,0
2015-12-29 02:00:00,0,0,0
2015-12-29 03:00:00,0,0,0
2015-12-29 04:00:00,1,0,1
2015-12-29 05:00:00,0,0,0
2015-12-29 06:00:00,2,1,1
2015-12-29 07:00:00,12,4,8
2015-12-29 08:00:00,20,12,8
2015-12-29 09:00:00,34,16,18
2015-12-29 10:00:00,26,16,10
2015-12-29 11:00:00,14,0,14
2015-12-29 12:00:00,9,0,9
2015-12-29 13:00:00,22,12,10
2015-12-29 14:00:00,18,0,18
2015-12-29 15:00:00,29,12,17
2015-12-29 16:00:00,33,17,16
2015-12-29 17:00:00,7,3,4
2015-12-29 18:00:00,2,2,0
2015-12-29 19:00:00,0,0,0
2015-12-29 20:00:00,4,0,4
2015-12-29 21:00:00,0,0,0
2015-12-29 22:00:00,0,0,0
2015-12-29 23:00:00,0,0,0
2015-12-30 00:00:00,0,0,0
2015-12-30 01:00:00,0,0,0
2015-12-30 02:00:00,0,0,0
2015-12-30 03:00:00,0,0,0
2015-12-30 04:00:00,0,0,0
2015-12-30 05:00:00,3,0,3
2015-12-30 06:00:00,1,0,1
2015-12-30 07:00:00,13,8,5
2015-12-30 08:00:00,7,0,7
2015-12-30 09:00:00,13,0,13
2015-12-30 10:00:00,24,13,11
2015-12-30 11:00:00,11,0,11
2015-12-30 12:00:00,25,12,13
2015-12-30 13:00:00,19,10,9
2015-12-30 14:00:00,27,11,16
2015-12-30 15:00:00,9,0,9
2015-12-30 16:00:00,25,15,10
2015-12-30 17:00:00,1,1,0
2015-12-30 18:00:00,2,0,2
2015-12-30 19:00:00,5,3,2
2015-12-30 20:00:00,1,1,0
2015-12-30 21:00:00,0,0,0
2015-12-30 22:00:00,1,0,1
2015-12-30 23:00:00,0,0,0
2015-12-31 00:00:00,0,0,0
2015-12-31 01:00:00,0,0,0
2015-12-31 02:00:00,0,0,0
2015-12-31 03:00:00,2,2,0
2015-12-31 04:00:00,0,0,0
2015-12-31 05:00:00,0,0,0
2015-12-31 06:00:00,2,0,2
2015-12-31 07:00:00,7,4,3
2015-12-31 08:00:00,14,4,10
2015-12-31 09:00:00,23,13,10
2015-12-31 10:00:00,16,0,16
2015-12-31 11:00:00,32,18,14
2015-12-31 12:00:00,33,14,19
2015-12-31 13:00:00,23,12,11
2015-12-31 14:00:00,29,13,16
2015-12-31 15:00:00,19,0,19
2015-12-31 16:00:00,19,16,3
2015-12-31 17:00:00,9,4,5
2015-12-31 18:00:00,2,0,2
2015-12-31 19:00:00,1,1,0
2015-12-31 20:00:00,0,0,0
2015-12-31 21:00:00,0,0,0
2015-12-31 22:00:00,4,2,2
2015-12-31 23:00:00,0,0,0
2016-01-01 00:00:00,0,0,0
2016-01-01 01:00:00,0,0,0
2016-01-01 02:00:00,0,0,0
2016-01-01 03:00:00,0,0,0
2016-01-01 04:00:00,0,0,0
2016-01-01 05:00:00,3,3,0
2016-01-01 06:00:00,0,0,0
2016-01-01 07:00:00,4,1,3
2016-01-01 08:00:00,7,4,3
2016-01-01 09:00:00,7,0,7
2016-01-01 10:00:00,36,17,19
2016-01-01 11:00:00,42,20,22
2016-01-01 12:00:00,49,22,27
2016-01-01 13:00:00,54,35,19
2016-01-01 14:00:00,14,0,14
2016-01-01 15:00:00,25,13,12
2016-01-01 16:00:00,25,13,12
2016-01-01 17:00:00,4,2,2
2016-01-01 18:00:00,5,2,3
2016-01-01 19:00:00,0,0,0
2016-01-01 20:00:00,0,0,0
2016-01-01 21:00:00,0,0,0
2016-01-01 22:00:00,0,0,0
2016-01-01 23:00:00,0,0,0
2016-01-02 00:00:00,0,0,0
2016-01-02 01:00:00,0,0,0
2016-01-02 02:00:00,0,0,0
2016-01-02 03:00:00,0,0,0
2016-01-02 04:00:00,0,0,0
2016-01-02 05:00:00,0,0,0
2016-01-02 06:00:00,2,1,1
2016-01-02 07:00:00,4,3,1
2016-01-02 08:00:00,13,5,8
2016-01-02 09:00:00,24,11,13
2016-01-02 10:00:00,41,19,22
2016-01-02 11:00:00,12,0,12
2016-01-02 12:00:00,38,21,17
2016-01-02 13:00:00,34,21,13
2016-01-02 14:00:00,31,21,10
2016-01-02 15:00:00,36,17,19
2016-01-02 16:00:00,26,0,26
2016-01-02 17:00:00,7,5,2
2016-01-02 18:00:00,2,1,1
2016-01-02 19:00:00,1,0,1
2016-01-02 20:00:00,2,2,0
2016-01-02 21:00:00,1,0,1
2016-01-02 22:00:00,2,1,1
2016-01-02 23:00:00,0,0,0
2016-01-03 00:00:00,0,0,0
2016-01-03 01:00:00,0,0,0
2016-01-03 02:00:00,0,0,0
2016-01-03 03:00:00,0,0,0
2016-01-03 04:00:00,0,0,0
2016-01-03 05:00:00,0,0,0
2016-01-03 06:00:00,0,0,0
2016-01-03 07:00:00,6,3,3
2016-01-03 08:00:00,17,9,8
2016-01-03 09:00:00,43,19,24
2016-01-03 10:00:00,32,0,32
2016-01-03 11:00:00,54,28,26
2016-01-03 12:00:00,48,28,20
2016-01-03 13:00:00,23,13,10
2016-01-03 14:00:00,21,12,9
2016-01-03 15:00:00,31,13,18
2016-01-03 16:00:00,28,15,13
2016-01-03 17:00:00,6,4,2
2016-01-03 18:00:00,5,2,3
2016-01-03 19:00:00,2,1,1
2016-01-03 20:00:00,3,1,2
2016-01-03 21:00:00,0,0,0
2016-01-03 22:00:00,1,1,0
2016-01-03 23:00:00,0,0,0
2016-01-04 00:00:00,0,0,0
2016-01-04 01:00:00,0,0,0
2016-01-04 02:00:00,0,0,0
2016-01-04 03:00:00,0,0,0
2016-01-04 04:00:00,0,0,0
2016-01-04 05:00:00,1,0,1
2016-01-04 06:00:00,9,4,5
2016-01-04 07:00:00,3,0,3
2016-01-04 08:00:00,11,0,11
2016-01-04 09:00:00,7,0,7
2016-01-04 10:00:00,11,4,7
2016-01-04 11:00:00,4,0,4
2016-01-04 12:00:00,9,0,9
2016-01-04 13:00:00,15,6,9
2016-01-04 14:00:00,22,13,9
2016-01-04 15:00:00,12,0,12
2016-01-04 16:00:00,21,8,13
2016-01-04 17:00:00,15,8,7
2016-01-04 18:00:00,7,4,3
2016-01-04 19:00:00,1,0,1
2016-01-04 20:00:00,0,0,0
2016-01-04 21:00:00,1,0,1
2016-01-04 22:00:00,1,1,0
2016-01-04 23:00:00,1,0,1
2016-01-05 00:00:00,0,0,0
2016-01-05 01:00:00,0,0,0
2016-01-05 02:00:00,0,0,0
2016-01-05 03:00:00,0,0,0
2016-01-05 04:00:00,2,1,1
2016-01-05 05:00:00,2,0,2
2016-01-05 06:00:00,3,2,1
2016-01-05 07:00:00,11,3,8
2016-01-05 08:00:00,11,0,11
2016-01-05 09:00:00,22,0,22
2016-01-05 10:00:00,15,0,15
2016-01-05 11:00:00,22,11,11
2016-01-05 12:00:00,12,0,12
2016-01-05 13:00:00,12,6,6
2016-01-05 14:00:00,9,0,9
2016-01-05 15:00:00,17,11,6
2016-01-05 16:00:00,26,12,14
2016-01-05 17:00:00,12,8,4
2016-01-05 18:00:00,10,4,6
2016-01-05 19:00:00,2,0,2
2016-01-05 20:00:00,1,0,1
2016-01-05 21:00:00,4,3,1
2016-01-05 22:00:00,2,1,1
2016-01-05 23:00:00,0,0,0
2016-01-06 00:00:00,0,0,0
2016-01-06 01:00:00,0,0,0
2016-01-06 02:00:00,0,0,0
2016-01-06 03:00:00,0,0,0
2016-01-06 04:00:00,0,0,0
2016-01-06 05:00:00,0,0,0
2016-01-06 06:00:00,8,3,5
2016-01-06 07:00:00,13,8,5
2016-01-06 08:00:00,10,0,10
2016-01-06 09:00:00,16,0,16
2016-01-06 10:00:00,45,25,20
2016-01-06 11:00:00,22,11,11
2016-01-06 12:00:00,20,9,11
2016-01-06 13:00:00,31,16,15
2016-01-06 14:00:00,26,17,9
2016-01-06 15:00:00,21,7,14
2016-01-06 16:00:00,23,0,23
2016-01-06 17:00:00,15,9,6
2016-01-06 18:00:00,10,4,6
2016-01-06 19:00:00,2,1,1
2016-01-06 20:00:00,0,0,0
2016-01-06 21:00:00,0,0,0
2016-01-06 22:00:00,2,1,1
2016-01-06 23:00:00,2,1,1
2016-01-07 00:00:00,0,0,0
2016-01-07 01:00:00,0,0,0
2016-01-07 02:00:00,0,0,0
2016-01-07 03:00:00,0,0,0
2016-01-07 04:00:00,0,0,0
2016-01-07 05:00:00,5,2,3
2016-01-07 06:00:00,6,5,1
2016-01-07 07:00:00,5,2,3
2016-01-07 08:00:00,8,0,8
2016-01-07 09:00:00,20,8,12
2016-01-07 10:00:00,11,0,11
2016-01-07 11:00:00,17,9,8
2016-01-07 12:00:00,16,6,10
2016-01-07 13:00:00,28,17,11
2016-01-07 14:00:00,12,0,12
2016-01-07 15:00:00,27,13,14
2016-01-07 16:00:00,20,0,20
2016-01-07 17:00:00,8,0,8
2016-01-07 18:00:00,5,2,3
2016-01-07 19:00:00,4,2,2
2016-01-07 20:00:00,1,0,1
2016-01-07 21:00:00,3,2,1
2016-01-07 22:00:00,0,0,0
2016-01-07 23:00:00,1,1,0
2016-01-08 00:00:00,0,0,0
2016-01-08 01:00:00,0,0,0
2016-01-08 02:00:00,0,0,0
2016-01-08 03:00:00,0,0,0
2016-01-08 04:00:00,0,0,0
2016-01-08 05:00:00,0,0,0
2016-01-08 06:00:00,4,0,4
2016-01-08 07:00:00,11,4,7
2016-01-08 08:00:00,21,11,10
2016-01-08 09:00:00,20,12,8
2016-01-08 10:00:00,20,12,8
2016-01-08 11:00:00,9,0,9
2016-01-08 12:00:00,8,0,8
2016-01-08 13:00:00,12,0,12
2016-01-08 14:00:00,15,0,15
2016-01-08 15:00:00,24,12,12
2016-01-08 16:00:00,32,14,18
2016-01-08 17:00:00,5,0,5
2016-01-08 18:00:00,11,6,5
2016-01-08 19:00:00,4,2,2
2016-01-08 20:00:00,3,2,1
2016-01-08 21:00:00,0,0,0
2016-01-08 22:00:00,3,1,2
2016-01-08 23:00:00,1,1,0
2016-01-09 00:00:00,0,0,0
2016-01-09 01:00:00,0,0,0
2016-01-09 02:00:00,0,0,0
2016-01-09 03:00:00,1,0,1
2016-01-09 04:00:00,0,0,0
2016-01-09 05:00:00,0,0,0
2016-01-09 06:00:00,1,0,1
2016-01-09 07:00:00,2,0,2
2016-01-09 08:00:00,13,0,13
2016-01-09 09:00:00,53,25,28
2016-01-09 10:00:00,18,0,18
2016-01-09 11:00:00,43,18,25
2016-01-09 12:00:00,37,17,20
2016-01-09 13:00:00,37,18,19
2016-01-09 14:00:00,24,0,24
2016-01-09 15:00:00,24,0,24
2016-01-09 16:00:00,27,0,27
2016-01-09 17:00:00,8,2,6
2016-01-09 18:00:00,5,5,0
2016-01-09 19:00:00,0,0,0
2016-01-09 20:00:00,1,0,1
2016-01-09 21:00:00,0,0,0
2016-01-09 22:00:00,2,1,1
2016-01-09 23:00:00,0,0,0
2016-01-10 00:00:00,0,0,0
2016-01-10 01:00:00,0,0,0
2016-01-10 02:00:00,0,0,0
2016-01-10 03:00:00,0,0,0
2016-01-10 04:00:00,0,0,0
2016-01-10 05:00:00,0,0,0
2016-01-10 06:00:00,2,1,1
2016-01-10 07:00:00,13,4,9
2016-01-10 08:00:00,19,0,19
2016-01-10 09:00:00,41,28,13
2016-01-10 10:00:00,54,22,32
2016-01-10 11:00:00,30,11,19
2016-01-10 12:00:00,28,15,13
2016-01-10 13:00:00,44,24,20
2016-01-10 14:00:00,58,27,31
2016-01-10 15:00:00,87,39,48
2016-01-10 16:00:00,45,26,19
2016-01-10 17:00:00,11,8,3
2016-01-10 18:00:00,3,1,2
2016-01-10 19:00:00,0,0,0
2016-01-10 20:00:00,1,0,1
2016-01-10 21:00:00,1,1,0
2016-01-10 22:00:00,2,0,2
2016-01-10 23:00:00,1,1,0
2016-01-11 00:00:00,0,0,0
2016-01-11 01:00:00,0,0,0
2016-01-11 02:00:00,0,0,0
2016-01-11 03:00:00,0,0,0
2016-01-11 04:00:00,1,0,1
2016-01-11 05:00:00,0,0,0
2016-01-11 06:00:00,6,2,4
2016-01-11 07:00:00,9,7,2
2016-01-11 08:00:00,12,5,7
2016-01-11 09:00:00,7,0,7
2016-01-11 10:00:00,7,0,7
2016-01-11 11:00:00,8,0,8
2016-01-11 12:00:00,8,2,6
2016-01-11 13:00:00,7,0,7
2016-01-11 14:00:00,5,0,5
2016-01-11 15:00:00,25,11,14
2016-01-11 16:00:00,21,8,13
2016-01-11 17:00:00,9,4,5
2016-01-11 18:00:00,4,3,1
2016-01-11 19:00:00,1,1,0
2016-01-11 20:00:00,1,1,0
2016-01-11 21:00:00,0,0,0
2016-01-11 22:00:00,0,0,0
2016-01-11 23:00:00,0,0,0
2016-01-12 00:00:00,0,0,0
2016-01-12 01:00:00,0,0,0
2016-01-12 02:00:00,0,0,0
2016-01-12 03:00:00,0,0,0
2016-01-12 04:00:00,0,0,0
2016-01-12 05:00:00,2,0,2
2016-01-12 06:00:00,6,4,2
2016-01-12 07:00:00,13,6,7
2016-01-12 08:00:00,34,19,15
2016-01-12 09:00:00,14,7,7
2016-01-12 10:00:00,17,8,9
2016-01-12 11:00:00,22,13,9
2016-01-12 12:00:00,17,9,8
2016-01-12 13:00:00,4,0,4
2016-01-12 14:00:00,8,0,8
2016-01-12 15:00:00,9,4,5
2016-01-12 16:00:00,16,9,7
2016-01-12 17:00:00,8,5,3
2016-01-12 18:00:00,7,2,5
2016-01-12 19:00:00,5,2,3
2016-01-12 20:00:00,2,1,1
2016-01-12 21:00:00,2,1,1
2016-01-12 22:00:00,1,1,0
2016-01-12 23:00:00,0,0,0
2016-01-13 00:00:00,0,0,0
2016-01-13 01:00:00,0,0,0
2016-01-13 02:00:00,0,0,0
2016-01-13 03:00:00,0,0,0
2016-01-13 04:00:00,1,0,1
2016-01-13 05:00:00,0,0,0
2016-01-13 06:00:00,9,2,7
2016-01-13 07:00:00,5,0,5
2016-01-13 08:00:00,5,0,5
2016-01-13 09:00:00,16,9,7
2016-01-13 10:00:00,8,5,3
2016-01-13 11:00:00,4,0,4
2016-01-13 12:00:00,11,5,6
2016-01-13 13:00:00,7,0,7
2016-01-13 14:00:00,25,10,15
2016-01-13 15:00:00,19,12,7
2016-01-13 16:00:00,23,11,12
2016-01-13 17:00:00,14,9,5
2016-01-13 18:00:00,7,3,4
2016-01-13 19:00:00,5,3,2
2016-01-13 20:00:00,2,1,1
2016-01-13 21:00:00,0,0,0
2016-01-13 22:00:00,2,1,1
2016-01-13 23:00:00,1,0,1
2016-01-14 00:00:00,1,1,0
2016-01-14 01:00:00,0,0,0
2016-01-14 02:00:00,0,0,0
2016-01-14 03:00:00,0,0,0
2016-01-14 04:00:00,0,0,0
2016-01-14 05:00:00,4,1,3
2016-01-14 06:00:00,7,4,3
2016-01-14 07:00:00,12,5,7
2016-01-14 08:00:00,7,0,7
2016-01-14 09:00:00,26,14,12
2016-01-14 10:00:00,32,14,18
2016-01-14 11:00:00,22,11,11
2016-01-14 12:00:00,18,9,9
2016-01-14 13:00:00,10,6,4
2016-01-14 14:00:00,29,13,16
2016-01-14 15:00:00,24,10,14
2016-01-14 16:00:00,42,20,22
2016-01-14 17:00:00,9,7,2
2016-01-14 18:00:00,11,5,6
2016-01-14 19:00:00,5,4,1
2016-01-14 20:00:00,1,0,1
2016-01-14 21:00:00,1,1,0
2016-01-14 22:00:00,4,2,2
2016-01-14 23:00:00,1,1,0
2016-01-15 00:00:00,0,0,0
2016-01-15 01:00:00,0,0,0
2016-01-15 02:00:00,0,0,0
2016-01-15 03:00:00,0,0,0
2016-01-15 04:00:00,0,0,0
2016-01-15 05:00:00,2,1,1
2016-01-15 06:00:00,4,3,1
2016-01-15 07:00:00,11,6,5
2016-01-15 08:00:00,13,8,5
2016-01-15 09:00:00,17,10,7
2016-01-15 10:00:00,14,5,9
2016-01-15 11:00:00,30,17,13
2016-01-15 12:00:00,15,10,5
2016-01-15 13:00:00,13,6,7
2016-01-15 14:00:00,12,4,8
2016-01-15 15:00:00,17,9,8
2016-01-15 16:00:00,21,12,9
2016-01-15 17:00:00,6,2,4
2016-01-15 18:00:00,5,2,3
2016-01-15 19:00:00,3,2,1
2016-01-15 20:00:00,1,0,1
2016-01-15 21:00:00,2,0,2
2016-01-15 22:00:00,2,1,1
2016-01-15 23:00:00,0,0,0
2016-01-16 00:00:00,0,0,0
2016-01-16 01:00:00,0,0,0
2016-01-16 02:00:00,0,0,0
2016-01-16 03:00:00,0,0,0
2016-01-16 04:00:00,1,1,0
2016-01-16 05:00:00,0,0,0
2016-01-16 06:00:00,2,2,0
2016-01-16 07:00:00,3,1,2
2016-01-16 08:00:00,18,7,11
2016-01-16 09:00:00,42,21,21
2016-01-16 10:00:00,21,0,21
2016-01-16 11:00:00,50,23,27
2016-01-16 12:00:00,41,25,16
2016-01-16 13:00:00,26,0,26
2016-01-16 14:00:00,36,17,19
2016-01-16 15:00:00,23,15,8
2016-01-16 16:00:00,33,18,15
2016-01-16 17:00:00,5,0,5
2016-01-16 18:00:00,0,0,0
2016-01-16 19:00:00,5,2,3
2016-01-16 20:00:00,2,2,0
2016-01-16 21:00:00,4,1,3
2016-01-16 22:00:00,2,1,1
2016-01-16 23:00:00,1,1,0
2016-01-17 00:00:00,0,0,0
2016-01-17 01:00:00,2,1,1
2016-01-17 02:00:00,0,0,0
2016-01-17 03:00:00,0,0,0
2016-01-17 04:00:00,0,0,0
2016-01-17 05:00:00,1,1,0
2016-01-17 06:00:00,2,1,1
2016-01-17 07:00:00,8,3,5
2016-01-17 08:00:00,25,14,11
2016-01-17 09:00:00,14,8,6
2016-01-17 10:00:00,9,0,9
2016-01-17 11:00:00,22,6,16
2016-01-17 12:00:00,5,0,5
2016-01-17 13:00:00,23,0,23
2016-01-17 14:00:00,57,31,26
2016-01-17 15:00:00,45,20,25
2016-01-17 16:00:00,41,26,15
2016-01-17 17:00:00,12,6,6
2016-01-17 18:00:00,4,2,2
2016-01-17 19:00:00,0,0,0
2016-01-17 20:00:00,3,2,1
2016-01-17 21:00:00,0,0,0
2016-01-17 22:00:00,0,0,0
2016-01-17 23:00:00,0,0,0
2016-01-18 00:00:00,0,0,0
2016-01-18 01:00:00,0,0,0
2016-01-18 02:00:00,0,0,0
2016-01-18 03:00:00,0,0,0
2016-01-18 04:00:00,0,0,0
2016-01-18 05:00:00,0,0,0
2016-01-18 06:00:00,2,0,2
2016-01-18 07:00:00,2,0,2
2016-01-18 08:00:00,20,8,12
2016-01-18 09:00:00,31,17,14
2016-01-18 10:00:00,44,22,22
2016-01-18 11:00:00,26,13,13
2016-01-18 12:00:00,39,19,20
2016-01-18 13:00:00,28,0,28
2016-01-18 14:00:00,50,29,21
2016-01-18 15:00:00,18,0,18
2016-01-18 16:00:00,42,24,18
2016-01-18 17:00:00,11,6,5
2016-01-18 18:00:00,1,0,1
2016-01-18 19:00:00,2,1,1
2016-01-18 20:00:00,2,1,1
2016-01-18 21:00:00,1,0,1
2016-01-18 22:00:00,1,1,0
2016-01-18 23:00:00,0,0,0
2016-01-19 00:00:00,0,0,0
2016-01-19 01:00:00,0,0,0
2016-01-19 02:00:00,0,0,0
2016-01-19 03:00:00,0,0,0
2016-01-19 04:00:00,0,0,0
2016-01-19 05:00:00,1,1,0
2016-01-19 06:00:00,5,0,5
2016-01-19 07:00:00,12,0,12
2016-01-19 08:00:00,19,11,8
2016-01-19 09:00:00,19,11,8
2016-01-19 10:00:00,28,12,16
2016-01-19 11:00:00,24,14,10
2016-01-19 12:00:00,16,9,7
2016-01-19 13:00:00,5,0,5
2016-01-19 14:00:00,9,5,4
2016-01-19 15:00:00,16,8,8
2016-01-19 16:00:00,10,0,10
2016-01-19 17:00:00,10,7,3
2016-01-19 18:00:00,4,2,2
2016-01-19 19:00:00,0,0,0
2016-01-19 20:00:00,2,1,1
2016-01-19 21:00:00,1,0,1
2016-01-19 22:00:00,3,2,1
2016-01-19 23:00:00,1,1,0
2016-01-20 00:00:00,0,0,0
2016-01-20 01:00:00,0,0,0
2016-01-20 02:00:00,0,0,0
2016-01-20 03:00:00,0,0,0
2016-01-20 04:00:00,1,0,1
2016-01-20 05:00:00,1,0,1
2016-01-20 06:00:00,13,8,5
2016-01-20 07:00:00,5,2,3
2016-01-20 08:00:00,11,0,11
2016-01-20 09:00:00,21,13,8
2016-01-20 10:00:00,7,0,7
2016-01-20 11:00:00,15,7,8
2016-01-20 12:00:00,11,0,11
2016-01-20 13:00:00,15,0,15
2016-01-20 14:00:00,14,5,9
2016-01-20 15:00:00,23,0,23
2016-01-20 16:00:00,20,0,20
2016-01-20 17:00:00,22,13,9
2016-01-20 18:00:00,6,3,3
2016-01-20 19:00:00,6,3,3
2016-01-20 20:00:00,1,0,1
2016-01-20 21:00:00,3,1,2
2016-01-20 22:00:00,0,0,0
2016-01-20 23:00:00,0,0,0
2016-01-21 00:00:00,0,0,0
2016-01-21 01:00:00,0,0,0
2016-01-21 02:00:00,0,0,0
2016-01-21 03:00:00,0,0,0
2016-01-21 04:00:00,0,0,0
2016-01-21 05:00:00,2,1,1
2016-01-21 06:00:00,5,2,3
2016-01-21 07:00:00,2,2,0
2016-01-21 08:00:00,5,0,5
2016-01-21 09:00:00,3,1,2
2016-01-21 10:00:00,4,2,2
2016-01-21 11:00:00,7,5,2
2016-01-21 12:00:00,10,4,6
2016-01-21 13:00:00,8,4,4
2016-01-21 14:00:00,5,0,5
2016-01-21 15:00:00,20,10,10
2016-01-21 16:00:00,27,9,18
2016-01-21 17:00:00,4,0,4
2016-01-21 18:00:00,8,3,5
2016-01-21 19:00:00,2,2,0
2016-01-21 20:00:00,0,0,0
2016-01-21 21:00:00,1,0,1
2016-01-21 22:00:00,1,1,0
2016-01-21 23:00:00,2,1,1
2016-01-22 00:00:00,0,0,0
2016-01-22 01:00:00,0,0,0
2016-01-22 02:00:00,0,0,0
2016-01-22 03:00:00,0,0,0
2016-01-22 04:00:00,0,0,0
2016-01-22 05:00:00,0,0,0
2016-01-22 06:00:00,2,0,2
2016-01-22 07:00:00,7,3,4
2016-01-22 08:00:00,19,12,7
2016-01-22 09:00:00,19,8,11
2016-01-22 10:00:00,10,0,10
2016-01-22 11:00:00,11,0,11
2016-01-22 12:00:00,6,0,6
2016-01-22 13:00:00,9,0,9
2016-01-22 14:00:00,21,11,10
2016-01-22 15:00:00,38,20,18
2016-01-22 16:00:00,45,25,20
2016-01-22 17:00:00,13,8,5
2016-01-22 18:00:00,8,5,3
2016-01-22 19:00:00,0,0,0
2016-01-22 20:00:00,2,1,1
2016-01-22 21:00:00,2,1,1
2016-01-22 22:00:00,1,0,1
2016-01-22 23:00:00,4,2,2
2016-01-23 00:00:00,1,1,0
2016-01-23 01:00:00,0,0,0
2016-01-23 02:00:00,0,0,0
2016-01-23 03:00:00,0,0,0
2016-01-23 04:00:00,0,0,0
2016-01-23 05:00:00,0,0,0
2016-01-23 06:00:00,2,1,1
2016-01-23 07:00:00,5,3,2
2016-01-23 08:00:00,11,0,11
2016-01-23 09:00:00,21,11,10
2016-01-23 10:00:00,39,17,22
2016-01-23 11:00:00,10,0,10
2016-01-23 12:00:00,8,0,8
2016-01-23 13:00:00,16,11,5
2016-01-23 14:00:00,17,10,7
2016-01-23 15:00:00,38,17,21
2016-01-23 16:00:00,26,11,15
2016-01-23 17:00:00,11,5,6
2016-01-23 18:00:00,4,2,2
2016-01-23 19:00:00,2,1,1
2016-01-23 20:00:00,5,2,3
2016-01-23 21:00:00,3,2,1
2016-01-23 22:00:00,1,0,1
2016-01-23 23:00:00,1,1,0
2016-01-24 00:00:00,0,0,0
2016-01-24 01:00:00,0,0,0
2016-01-24 02:00:00,0,0,0
2016-01-24 03:00:00,0,0,0
2016-01-24 04:00:00,0,0,0
2016-01-24 05:00:00,1,0,1
2016-01-24 06:00:00,4,2,2
2016-01-24 07:00:00,11,5,6
2016-01-24 08:00:00,12,0,12
2016-01-24 09:00:00,25,0,25
2016-01-24 10:00:00,79,36,43
2016-01-24 11:00:00,35,0,35
2016-01-24 12:00:00,61,28,33
2016-01-24 13:00:00,45,28,17
2016-01-24 14:00:00,31,0,31
2016-01-24 15:00:00,61,31,30
2016-01-24 16:00:00,24,0,24
2016-01-24 17:00:00,16,9,7
2016-01-24 18:00:00,5,2,3
2016-01-24 19:00:00,3,2,1
2016-01-24 20:00:00,2,1,1
2016-01-24 21:00:00,5,3,2
2016-01-24 22:00:00,1,0,1
2016-01-24 23:00:00,1,1,0
2016-01-25 00:00:00,0,0,0
2016-01-25 01:00:00,0,0,0
2016-01-25 02:00:00,0,0,0
2016-01-25 03:00:00,0,0,0
2016-01-25 04:00:00,0,0,0
2016-01-25 05:00:00,0,0,0
2016-01-25 06:00:00,3,0,3
2016-01-25 07:00:00,5,0,5
2016-01-25 08:00:00,21,12,9
2016-01-25 09:00:00,19,9,10
2016-01-25 10:00:00,18,11,7
2016-01-25 11:00:00,18,8,10
2016-01-25 12:00:00,22,13,9
2016-01-25 13:00:00,13,6,7
2016-01-25 14:00:00,9,0,9
2016-01-25 15:00:00,25,0,25
2016-01-25 16:00:00,60,31,29
2016-01-25 17:00:00,20,11,9
2016-01-25 18:00:00,10,5,5
2016-01-25 19:00:00,3,2,1
2016-01-25 20:00:00,2,0,2
2016-01-25 21:00:00,2,0,2
2016-01-25 22:00:00,1,0,1
2016-01-25 23:00:00,0,0,0
2016-01-26 00:00:00,0,0,0
2016-01-26 01:00:00,0,0,0
2016-01-26 02:00:00,0,0,0
2016-01-26 03:00:00,0,0,0
2016-01-26 04:00:00,1,0,1
2016-01-26 05:00:00,2,0,2
2016-01-26 06:00:00,6,4,2
2016-01-26 07:00:00,9,0,9
2016-01-26 08:00:00,8,0,8
2016-01-26 09:00:00,7,0,7
2016-01-26 10:00:00,17,8,9
2016-01-26 11:00:00,7,0,7
2016-01-26 12:00:00,10,0,10
2016-01-26 13:00:00,11,7,4
2016-01-26 14:00:00,11,6,5
2016-01-26 15:00:00,9,0,9
2016-01-26 16:00:00,13,0,13
2016-01-26 17:00:00,16,9,7
2016-01-26 18:00:00,4,2,2
2016-01-26 19:00:00,2,1,1
2016-01-26 20:00:00,3,2,1
2016-01-26 21:00:00,1,1,0
2016-01-26 22:00:00,1,1,0
2016-01-26 23:00:00,0,0,0
2016-01-27 00:00:00,1,0,1
2016-01-27 01:00:00,0,0,0
2016-01-27 02:00:00,0,0,0
2016-01-27 03:00:00,0,0,0
2016-01-27 04:00:00,0,0,0
2016-01-27 05:00:00,2,1,1
2016-01-27 06:00:00,5,0,5
2016-01-27 07:00:00,3,0,3
2016-01-27 08:00:00,12,0,12
2016-01-27 09:00:00,20,11,9
2016-01-27 10:00:00,19,8,11
2016-01-27 11:00:00,19,11,8
2016-01-27 12:00:00,20,9,11
2016-01-27 13:00:00,25,15,10
2016-01-27 14:00:00,18,11,7
2016-01-27 15:00:00,5,0,5
2016-01-27 16:00:00,20,9,11
2016-01-27 17:00:00,14,8,6
2016-01-27 18:00:00,8,3,5
2016-01-27 19:00:00,4,1,3
2016-01-27 20:00:00,3,2,1
2016-01-27 21:00:00,0,0,0
2016-01-27 22:00:00,2,1,1
2016-01-27 23:00:00,1,0,1
2016-01-28 00:00:00,0,0,0
2016-01-28 01:00:00,0,0,0
2016-01-28 02:00:00,0,0,0
2016-01-28 03:00:00,0,0,0
2016-01-28 04:00:00,0,0,0
2016-01-28 05:00:00,0,0,0
2016-01-28 06:00:00,2,0,2
2016-01-28 07:00:00,5,0,5
2016-01-28 08:00:00,13,9,4
2016-01-28 09:00:00,6,3,3
2016-01-28 10:00:00,15,10,5
2016-01-28 11:00:00,16,6,10
2016-01-28 12:00:00,13,11,2
2016-01-28 13:00:00,17,9,8
2016-01-28 14:00:00,15,7,8
2016-01-28 15:00:00,18,0,18
2016-01-28 16:00:00,36,16,20
2016-01-28 17:00:00,28,16,12
2016-01-28 18:00:00,7,3,4
2016-01-28 19:00:00,4,1,3
2016-01-28 20:00:00,4,4,0
2016-01-28 21:00:00,3,1,2
2016-01-28 22:00:00,2,0,2
2016-01-28 23:00:00,1,1,0
2016-01-29 00:00:00,1,0,1
2016-01-29 01:00:00,1,1,0
2016-01-29 02:00:00,0,0,0
2016-01-29 03:00:00,0,0,0
2016-01-29 04:00:00,0,0,0
2016-01-29 05:00:00,2,0,2
2016-01-29 06:00:00,2,1,1
2016-01-29 07:00:00,11,6,5
2016-01-29 08:00:00,19,12,7
2016-01-29 09:00:00,12,6,6
2016-01-29 10:00:00,17,9,8
2016-01-29 11:00:00,13,6,7
2016-01-29 12:00:00,25,9,16
2016-01-29 13:00:00,22,9,13
2016-01-29 14:00:00,26,15,11
2016-01-29 15:00:00,23,13,10
2016-01-29 16:00:00,45,18,27
2016-01-29 17:00:00,8,0,8
2016-01-29 18:00:00,9,5,4
2016-01-29 19:00:00,8,3,5
2016-01-29 20:00:00,2,1,1
2016-01-29 21:00:00,4,2,2
2016-01-29 22:00:00,1,1,0
2016-01-29 23:00:00,3,2,1
2016-01-30 00:00:00,2,1,1
2016-01-30 01:00:00,1,1,0
2016-01-30 02:00:00,0,0,0
2016-01-30 03:00:00,0,0,0
2016-01-30 04:00:00,3,0,3
2016-01-30 05:00:00,1,1,0
2016-01-30 06:00:00,2,1,1
2016-01-30 07:00:00,20,8,12
2016-01-30 08:00:00,35,15,20
2016-01-30 09:00:00,23,0,23
2016-01-30 10:00:00,62,27,35
2016-01-30 11:00:00,54,24,30
2016-01-30 12:00:00,60,31,29
2016-01-30 13:00:00,53,26,27
2016-01-30 14:00:00,42,26,16
2016-01-30 15:00:00,39,17,22
2016-01-30 16:00:00,41,20,21
2016-01-30 17:00:00,17,9,8
2016-01-30 18:00:00,7,3,4
2016-01-30 19:00:00,4,2,2
2016-01-30 20:00:00,10,5,5
2016-01-30 21:00:00,0,0,0
2016-01-30 22:00:00,0,0,0
2016-01-30 23:00:00,2,0,2
2016-01-31 00:00:00,1,0,1
2016-01-31 01:00:00,0,0,0
2016-01-31 02:00:00,0,0,0
2016-01-31 03:00:00,0,0,0
2016-01-31 04:00:00,0,0,0
2016-01-31 05:00:00,0,0,0
2016-01-31 06:00:00,6,3,3
2016-01-31 07:00:00,8,4,4
2016-01-31 08:00:00,32,17,15
2016-01-31 09:00:00,47,21,26
2016-01-31 10:00:00,28,0,28
2016-01-31 11:00:00,53,25,28
2016-01-31 12:00:00,25,0,25
2016-01-31 13:00:00,48,27,21
2016-01-31 14:00:00,27,13,14
2016-01-31 15:00:00,10,0,10
2016-01-31 16:00:00,19,0,19
2016-01-31 17:00:00,24,14,10
2016-01-31 18:00:00,5,4,1
2016-01-31 19:00:00,2,1,1
2016-01-31 20:00:00,1,0,1
2016-01-31 21:00:00,1,0,1
2016-01-31 22:00:00,2,2,0
2016-01-31 23:00:00,0,0,0
2016-02-01 00:00:00,0,0,0
2016-02-01 01:00:00,0,0,0
2016-02-01 02:00:00,0,0,0
2016-02-01 03:00:00,0,0,0
2016-02-01 04:00:00,2,1,1
2016-02-01 05:00:00,1,1,0
2016-02-01 06:00:00,4,0,4
2016-02-01 07:00:00,13,8,5
2016-02-01 08:00:00,17,8,9
2016-02-01 09:00:00,21,14,7
2016-02-01 10:00:00,10,0,10
2016-02-01 11:00:00,24,13,11
2016-02-01 12:00:00,17,9,8
2016-02-01 13:00:00,25,12,13
2016-02-01 14:00:00,25,14,11
2016-02-01 15:00:00,26,14,12
2016-02-01 16:00:00,15,0,15
2016-02-01 17:00:00,27,14,13
2016-02-01 18:00:00,7,2,5
2016-02-01 19:00:00,2,1,1
2016-02-01 20:00:00,0,0,0
2016-02-01 21:00:00,2,0,2
2016-02-01 22:00:00,1,1,0
2016-02-01 23:00:00,0,0,0
2016-02-02 00:00:00,0,0,0
2016-02-02 01:00:00,0,0,0
2016-02-02 02:00:00,0,0,0
2016-02-02 03:00:00,0,0,0
2016-02-02 04:00:00,1,0,1
2016-02-02 05:00:00,1,0,1
2016-02-02 06:00:00,8,4,4
2016-02-02 07:00:00,14,6,8
2016-02-02 08:00:00,28,17,11
2016-02-02 09:00:00,24,10,14
2016-02-02 10:00:00,35,20,15
2016-02-02 11:00:00,8,0,8
2016-02-02 12:00:00,26,10,16
2016-02-02 13:00:00,19,11,8
2016-02-02 14:00:00,30,16,14
2016-02-02 15:00:00,27,14,13
2016-02-02 16:00:00,41,17,24
2016-02-02 17:00:00,23,16,7
2016-02-02 18:00:00,5,0,5
2016-02-02 19:00:00,7,2,5
2016-02-02 20:00:00,4,0,4
2016-02-02 21:00:00,1,1,0
2016-02-02 22:00:00,0,0,0
2016-02-02 23:00:00,0,0,0
2016-02-03 00:00:00,0,0,0
2016-02-03 01:00:00,0,0,0
2016-02-03 02:00:00,0,0,0
2016-02-03 03:00:00,0,0,0
2016-02-03 04:00:00,2,1,1
2016-02-03 05:00:00,0,0,0
2016-02-03 06:00:00,21,15,6
2016-02-03 07:00:00,10,4,6
2016-02-03 08:00:00,15,7,8
2016-02-03 09:00:00,24,16,8
2016-02-03 10:00:00,13,0,13
2016-02-03 11:00:00,10,0,10
2016-02-03 12:00:00,22,10,12
2016-02-03 13:00:00,12,8,4
2016-02-03 14:00:00,13,8,5
2016-02-03 15:00:00,14,5,9
2016-02-03 16:00:00,9,0,9
2016-02-03 17:00:00,2,0,2
2016-02-03 18:00:00,6,0,6
2016-02-03 19:00:00,1,0,1
2016-02-03 20:00:00,1,0,1
2016-02-03 21:00:00,4,2,2
2016-02-03 22:00:00,3,1,2
2016-02-03 23:00:00,1,1,0
2016-02-04 00:00:00,0,0,0
2016-02-04 01:00:00,0,0,0
2016-02-04 02:00:00,0,0,0
2016-02-04 03:00:00,0,0,0
2016-02-04 04:00:00,1,0,1
2016-02-04 05:00:00,3,1,2
2016-02-04 06:00:00,4,2,2
2016-02-04 07:00:00,12,6,6
2016-02-04 08:00:00,14,9,5
2016-02-04 09:00:00,25,13,12
2016-02-04 10:00:00,21,12,9
2016-02-04 11:00:00,36,15,21
2016-02-04 12:00:00,46,26,20
2016-02-04 13:00:00,4,0,4
2016-02-04 14:00:00,6,0,6
2016-02-04 15:00:00,21,9,12
2016-02-04 16:00:00,31,14,17
2016-02-04 17:00:00,20,13,7
2016-02-04 18:00:00,11,6,5
2016-02-04 19:00:00,6,4,2
2016-02-04 20:00:00,2,1,1
2016-02-04 21:00:00,4,2,2
2016-02-04 22:00:00,1,1,0
2016-02-04 23:00:00,1,0,1
2016-02-05 00:00:00,1,1,0
2016-02-05 01:00:00,0,0,0
2016-02-05 02:00:00,0,0,0
2016-02-05 03:00:00,0,0,0
2016-02-05 04:00:00,0,0,0
2016-02-05 05:00:00,0,0,0
2016-02-05 06:00:00,6,4,2
2016-02-05 07:00:00,19,8,11
2016-02-05 08:00:00,12,0,12
2016-02-05 09:00:00,31,16,15
2016-02-05 10:00:00,27,11,16
2016-02-05 11:00:00,22,13,9
2016-02-05 12:00:00,26,13,13
2016-02-05 13:00:00,20,9,11
2016-02-05 14:00:00,31,13,18
2016-02-05 15:00:00,5,0,5
2016-02-05 16:00:00,13,0,13
2016-02-05 17:00:00,13,4,9
2016-02-05 18:00:00,3,2,1
2016-02-05 19:00:00,2,2,0
2016-02-05 20:00:00,5,1,4
2016-02-05 21:00:00,3,2,1
2016-02-05 22:00:00,3,1,2
2016-02-05 23:00:00,0,0,0
2016-02-06 00:00:00,1,1,0
2016-02-06 01:00:00,0,0,0
2016-02-06 02:00:00,0,0,0
2016-02-06 03:00:00,0,0,0
2016-02-06 04:00:00,0,0,0
2016-02-06 05:00:00,1,0,1
2016-02-06 06:00:00,2,1,1
2016-02-06 07:00:00,18,7,11
2016-02-06 08:00:00,24,0,24
2016-02-06 09:00:00,28,0,28
2016-02-06 10:00:00,47,20,27
2016-02-06 11:00:00,41,22,19
2016-02-06 12:00:00,38,21,17
2016-02-06 13:00:00,20,12,8
2016-02-06 14:00:00,21,0,21
2016-02-06 15:00:00,40,22,18
2016-02-06 16:00:00,21,0,21
2016-02-06 17:00:00,17,10,7
2016-02-06 18:00:00,6,0,6
2016-02-06 19:00:00,1,1,0
2016-02-06 20:00:00,0,0,0
2016-02-06 21:00:00,4,2,2
2016-02-06 22:00:00,4,2,2
2016-02-06 23:00:00,2,1,1
2016-02-07 00:00:00,0,0,0
2016-02-07 01:00:00,0,0,0
2016-02-07 02:00:00,0,0,0
2016-02-07 03:00:00,0,0,0
2016-02-07 04:00:00,0,0,0
2016-02-07 05:00:00,0,0,0
2016-02-07 06:00:00,5,3,2
2016-02-07 07:00:00,11,4,7
2016-02-07 08:00:00,32,11,21
2016-02-07 09:00:00,43,25,18
2016-02-07 10:00:00,40,0,40
2016-02-07 11:00:00,75,40,35
2016-02-07 12:00:00,35,0,35
2016-02-07 13:00:00,52,29,23
2016-02-07 14:00:00,24,0,24
2016-02-07 15:00:00,33,20,13
2016-02-07 16:00:00,34,19,15
2016-02-07 17:00:00,5,0,5
2016-02-07 18:00:00,3,2,1
2016-02-07 19:00:00,3,0,3
2016-02-07 20:00:00,2,2,0
2016-02-07 21:00:00,0,0,0
2016-02-07 22:00:00,0,0,0
2016-02-07 23:00:00,0,0,0
2016-02-08 00:00:00,0,0,0
2016-02-08 01:00:00,0,0,0
2016-02-08 02:00:00,0,0,0
2016-02-08 03:00:00,0,0,0
2016-02-08 04:00:00,0,0,0
2016-02-08 05:00:00,1,1,0
2016-02-08 06:00:00,3,0,3
2016-02-08 07:00:00,18,10,8
2016-02-08 08:00:00,9,0,9
2016-02-08 09:00:00,11,0,11
2016-02-08 10:00:00,27,13,14
2016-02-08 11:00:00,18,11,7
2016-02-08 12:00:00,33,21,12
2016-02-08 13:00:00,19,0,19
2016-02-08 14:00:00,51,27,24
2016-02-08 15:00:00,17,0,17
2016-02-08 16:00:00,61,31,30
2016-02-08 17:00:00,21,9,12
2016-02-08 18:00:00,24,6,18
2016-02-08 19:00:00,2,0,2
2016-02-08 20:00:00,9,3,6
2016-02-08 21:00:00,1,1,0
2016-02-08 22:00:00,1,0,1
2016-02-08 23:00:00,0,0,0
2016-02-09 00:00:00,0,0,0
2016-02-09 01:00:00,0,0,0
2016-02-09 02:00:00,0,0,0
2016-02-09 03:00:00,0,0,0
2016-02-09 04:00:00,1,0,1
2016-02-09 05:00:00,2,1,1
2016-02-09 06:00:00,5,2,3
2016-02-09 07:00:00,23,12,11
2016-02-09 08:00:00,27,15,12
2016-02-09 09:00:00,27,12,15
2016-02-09 10:00:00,14,7,7
2016-02-09 11:00:00,9,0,9
2016-02-09 12:00:00,25,16,9
2016-02-09 13:00:00,30,15,15
2016-02-09 14:00:00,28,15,13
2016-02-09 15:00:00,29,14,15
2016-02-09 16:00:00,68,37,31
2016-02-09 17:00:00,32,18,14
2016-02-09 18:00:00,7,0,7
2016-02-09 19:00:00,7,3,4
2016-02-09 20:00:00,7,3,4
2016-02-09 21:00:00,6,3,3
2016-02-09 22:00:00,1,1,0
2016-02-09 23:00:00,0,0,0
2016-02-10 00:00:00,0,0,0
2016-02-10 01:00:00,1,0,1
2016-02-10 02:00:00,0,0,0
2016-02-10 03:00:00,0,0,0
2016-02-10 04:00:00,0,0,0
2016-02-10 05:00:00,0,0,0
2016-02-10 06:00:00,8,5,3
2016-02-10 07:00:00,21,10,11
2016-02-10 08:00:00,26,12,14
2016-02-10 09:00:00,29,16,13
2016-02-10 10:00:00,17,9,8
2016-02-10 11:00:00,4,0,4
2016-02-10 12:00:00,2,0,2
2016-02-10 13:00:00,21,9,12
2016-02-10 14:00:00,31,17,14
2016-02-10 15:00:00,9,0,9
2016-02-10 16:00:00,32,13,19
2016-02-10 17:00:00,30,14,16
2016-02-10 18:00:00,15,4,11
2016-02-10 19:00:00,6,2,4
2016-02-10 20:00:00,7,4,3
2016-02-10 21:00:00,2,0,2
2016-02-10 22:00:00,1,1,0
2016-02-10 23:00:00,1,0,1
2016-02-11 00:00:00,0,0,0
2016-02-11 01:00:00,1,0,1
2016-02-11 02:00:00,0,0,0
2016-02-11 03:00:00,0,0,0
2016-02-11 04:00:00,1,0,1
2016-02-11 05:00:00,2,0,2
2016-02-11 06:00:00,10,6,4
2016-02-11 07:00:00,19,8,11
2016-02-11 08:00:00,7,0,7
2016-02-11 09:00:00,21,11,10
2016-02-11 10:00:00,11,0,11
2016-02-11 11:00:00,15,0,15
2016-02-11 12:00:00,26,12,14
2016-02-11 13:00:00,15,10,5
2016-02-11 14:00:00,21,12,9
2016-02-11 15:00:00,13,5,8
2016-02-11 16:00:00,23,12,11
2016-02-11 17:00:00,19,9,10
2016-02-11 18:00:00,9,0,9
2016-02-11 19:00:00,6,2,4
2016-02-11 20:00:00,2,0,2
2016-02-11 21:00:00,8,3,5
2016-02-11 22:00:00,1,1,0
2016-02-11 23:00:00,0,0,0
2016-02-12 00:00:00,1,0,1
2016-02-12 01:00:00,1,1,0
2016-02-12 02:00:00,0,0,0
2016-02-12 03:00:00,0,0,0
2016-02-12 04:00:00,0,0,0
2016-02-12 05:00:00,4,2,2
2016-02-12 06:00:00,4,0,4
2016-02-12 07:00:00,6,0,6
2016-02-12 08:00:00,21,14,7
2016-02-12 09:00:00,14,6,8
2016-02-12 10:00:00,16,11,5
2016-02-12 11:00:00,16,11,5
2016-02-12 12:00:00,18,8,10
2016-02-12 13:00:00,26,14,12
2016-02-12 14:00:00,17,10,7
2016-02-12 15:00:00,21,0,21
2016-02-12 16:00:00,53,31,22
2016-02-12 17:00:00,44,19,25
2016-02-12 18:00:00,12,2,10
2016-02-12 19:00:00,3,0,3
2016-02-12 20:00:00,5,2,3
2016-02-12 21:00:00,2,1,1
2016-02-12 22:00:00,1,0,1
2016-02-12 23:00:00,0,0,0
2016-02-13 00:00:00,0,0,0
2016-02-13 01:00:00,0,0,0
2016-02-13 02:00:00,0,0,0
2016-02-13 03:00:00,0,0,0
2016-02-13 04:00:00,0,0,0
2016-02-13 05:00:00,0,0,0
2016-02-13 06:00:00,8,3,5
2016-02-13 07:00:00,11,3,8
2016-02-13 08:00:00,43,20,23
2016-02-13 09:00:00,30,0,30
2016-02-13 10:00:00,24,0,24
2016-02-13 11:00:00,43,22,21
2016-02-13 12:00:00,46,22,24
2016-02-13 13:00:00,16,0,16
2016-02-13 14:00:00,18,11,7
2016-02-13 15:00:00,18,10,8
2016-02-13 16:00:00,14,7,7
2016-02-13 17:00:00,12,5,7
2016-02-13 18:00:00,2,1,1
2016-02-13 19:00:00,1,0,1
2016-02-13 20:00:00,2,1,1
2016-02-13 21:00:00,0,0,0
2016-02-13 22:00:00,2,1,1
2016-02-13 23:00:00,3,2,1
2016-02-14 00:00:00,0,0,0
2016-02-14 01:00:00,1,0,1
2016-02-14 02:00:00,0,0,0
2016-02-14 03:00:00,2,2,0
2016-02-14 04:00:00,0,0,0
2016-02-14 05:00:00,0,0,0
2016-02-14 06:00:00,0,0,0
2016-02-14 07:00:00,5,2,3
2016-02-14 08:00:00,10,3,7
2016-02-14 09:00:00,41,21,20
2016-02-14 10:00:00,23,0,23
2016-02-14 11:00:00,29,11,18
2016-02-14 12:00:00,42,21,21
2016-02-14 13:00:00,28,15,13
2016-02-14 14:00:00,35,15,20
2016-02-14 15:00:00,40,21,19
2016-02-14 16:00:00,28,14,14
2016-02-14 17:00:00,26,17,9
2016-02-14 18:00:00,5,1,4
2016-02-14 19:00:00,1,0,1
2016-02-14 20:00:00,4,2,2
2016-02-14 21:00:00,8,4,4
2016-02-14 22:00:00,0,0,0
2016-02-14 23:00:00,3,1,2
2016-02-15 00:00:00,0,0,0
2016-02-15 01:00:00,0,0,0
2016-02-15 02:00:00,0,0,0
2016-02-15 03:00:00,0,0,0
2016-02-15 04:00:00,0,0,0
2016-02-15 05:00:00,1,1,0
2016-02-15 06:00:00,2,1,1
2016-02-15 07:00:00,8,4,4
2016-02-15 08:00:00,21,11,10
2016-02-15 09:00:00,10,0,10
2016-02-15 10:00:00,19,10,9
2016-02-15 11:00:00,7,0,7
2016-02-15 12:00:00,8,0,8
2016-02-15 13:00:00,9,4,5
2016-02-15 14:00:00,22,13,9
2016-02-15 15:00:00,25,12,13
2016-02-15 16:00:00,26,16,10
2016-02-15 17:00:00,45,24,21
2016-02-15 18:00:00,10,3,7
2016-02-15 19:00:00,5,4,1
2016-02-15 20:00:00,1,0,1
2016-02-15 21:00:00,0,0,0
2016-02-15 22:00:00,2,1,1
2016-02-15 23:00:00,0,0,0
2016-02-16 00:00:00,0,0,0
2016-02-16 01:00:00,0,0,0
2016-02-16 02:00:00,0,0,0
2016-02-16 03:00:00,0,0,0
2016-02-16 04:00:00,1,0,1
2016-02-16 05:00:00,1,0,1
2016-02-16 06:00:00,4,3,1
2016-02-16 07:00:00,17,3,14
2016-02-16 08:00:00,11,0,11
2016-02-16 09:00:00,22,11,11
2016-02-16 10:00:00,11,6,5
2016-02-16 11:00:00,45,24,21
2016-02-16 12:00:00,10,0,10
2016-02-16 13:00:00,18,0,18
2016-02-16 14:00:00,34,21,13
2016-02-16 15:00:00,32,15,17
2016-02-16 16:00:00,43,21,22
2016-02-16 17:00:00,41,14,27
2016-02-16 18:00:00,24,11,13
2016-02-16 19:00:00,8,2,6
2016-02-16 20:00:00,11,5,6
2016-02-16 21:00:00,0,0,0
2016-02-16 22:00:00,3,0,3
2016-02-16 23:00:00,2,1,1
2016-02-17 00:00:00,0,0,0
2016-02-17 01:00:00,0,0,0
2016-02-17 02:00:00,0,0,0
2016-02-17 03:00:00,0,0,0
2016-02-17 04:00:00,0,0,0
2016-02-17 05:00:00,2,1,1
2016-02-17 06:00:00,5,2,3
2016-02-17 07:00:00,25,17,8
2016-02-17 08:00:00,20,9,11
2016-02-17 09:00:00,29,17,12
2016-02-17 10:00:00,21,15,6
2016-02-17 11:00:00,31,16,15
2016-02-17 12:00:00,12,0,12
2016-02-17 13:00:00,29,14,15
2016-02-17 14:00:00,26,12,14
2016-02-17 15:00:00,26,17,9
2016-02-17 16:00:00,37,15,22
2016-02-17 17:00:00,29,15,14
2016-02-17 18:00:00,16,6,10
2016-02-17 19:00:00,5,3,2
2016-02-17 20:00:00,1,1,0
2016-02-17 21:00:00,0,0,0
2016-02-17 22:00:00,2,0,2
2016-02-17 23:00:00,1,0,1
2016-02-18 00:00:00,3,2,1
2016-02-18 01:00:00,0,0,0
2016-02-18 02:00:00,0,0,0
2016-02-18 03:00:00,0,0,0
2016-02-18 04:00:00,1,0,1
2016-02-18 05:00:00,2,1,1
2016-02-18 06:00:00,3,3,0
2016-02-18 07:00:00,11,6,5
2016-02-18 08:00:00,23,15,8
2016-02-18 09:00:00,21,13,8
2016-02-18 10:00:00,22,8,14
2016-02-18 11:00:00,32,19,13
2016-02-18 12:00:00,10,0,10
2016-02-18 13:00:00,59,49,10
2016-02-18 14:00:00,11,0,11
2016-02-18 15:00:00,29,18,11
2016-02-18 16:00:00,42,18,24
2016-02-18 17:00:00,41,22,19
2016-02-18 18:00:00,16,6,10
2016-02-18 19:00:00,6,4,2
2016-02-18 20:00:00,7,2,5
2016-02-18 21:00:00,1,1,0
2016-02-18 22:00:00,3,2,1
2016-02-18 23:00:00,0,0,0
2016-02-19 00:00:00,0,0,0
2016-02-19 01:00:00,1,0,1
2016-02-19 02:00:00,0,0,0
2016-02-19 03:00:00,0,0,0
2016-02-19 04:00:00,0,0,0
2016-02-19 05:00:00,2,1,1
2016-02-19 06:00:00,5,4,1
2016-02-19 07:00:00,32,15,17
2016-02-19 08:00:00,6,0,6
2016-02-19 09:00:00,12,3,9
2016-02-19 10:00:00,19,8,11
2016-02-19 11:00:00,13,8,5
2016-02-19 12:00:00,14,7,7
2016-02-19 13:00:00,13,8,5
2016-02-19 14:00:00,7,4,3
2016-02-19 15:00:00,12,7,5
2016-02-19 16:00:00,22,6,16
2016-02-19 17:00:00,17,7,10
2016-02-19 18:00:00,7,0,7
2016-02-19 19:00:00,7,5,2
2016-02-19 20:00:00,10,3,7
2016-02-19 21:00:00,5,3,2
2016-02-19 22:00:00,1,0,1
2016-02-19 23:00:00,0,0,0
2016-02-20 00:00:00,0,0,0
2016-02-20 01:00:00,0,0,0
2016-02-20 02:00:00,0,0,0
2016-02-20 03:00:00,0,0,0
2016-02-20 04:00:00,0,0,0
2016-02-20 05:00:00,1,0,1
2016-02-20 06:00:00,1,0,1
2016-02-20 07:00:00,22,10,12
2016-02-20 08:00:00,46,16,30
2016-02-20 09:00:00,45,23,22
2016-02-20 10:00:00,36,0,36
2016-02-20 11:00:00,29,0,29
2016-02-20 12:00:00,45,24,21
2016-02-20 13:00:00,55,27,28
2016-02-20 14:00:00,51,29,22
2016-02-20 15:00:00,40,0,40
2016-02-20 16:00:00,46,26,20
2016-02-20 17:00:00,30,11,19
2016-02-20 18:00:00,5,3,2
2016-02-20 19:00:00,3,2,1
2016-02-20 20:00:00,1,1,0
2016-02-20 21:00:00,3,1,2
2016-02-20 22:00:00,2,1,1
2016-02-20 23:00:00,0,0,0
2016-02-21 00:00:00,0,0,0
2016-02-21 01:00:00,1,1,0
2016-02-21 02:00:00,0,0,0
2016-02-21 03:00:00,0,0,0
2016-02-21 04:00:00,0,0,0
2016-02-21 05:00:00,0,0,0
2016-02-21 06:00:00,4,2,2
2016-02-21 07:00:00,16,8,8
2016-02-21 08:00:00,35,14,21
2016-02-21 09:00:00,21,0,21
2016-02-21 10:00:00,52,24,28
2016-02-21 11:00:00,29,0,29
2016-02-21 12:00:00,14,0,14
2016-02-21 13:00:00,11,5,6
2016-02-21 14:00:00,31,16,15
2016-02-21 15:00:00,38,22,16
2016-02-21 16:00:00,35,16,19
2016-02-21 17:00:00,21,14,7
2016-02-21 18:00:00,5,2,3
2016-02-21 19:00:00,6,3,3
2016-02-21 20:00:00,1,0,1
2016-02-21 21:00:00,0,0,0
2016-02-21 22:00:00,0,0,0
2016-02-21 23:00:00,0,0,0
2016-02-22 00:00:00,0,0,0
2016-02-22 01:00:00,0,0,0
2016-02-22 02:00:00,1,0,1
2016-02-22 03:00:00,0,0,0
2016-02-22 04:00:00,0,0,0
2016-02-22 05:00:00,0,0,0
2016-02-22 06:00:00,6,2,4
2016-02-22 07:00:00,17,11,6
2016-02-22 08:00:00,22,14,8
2016-02-22 09:00:00,18,9,9
2016-02-22 10:00:00,26,14,12
2016-02-22 11:00:00,20,11,9
2016-02-22 12:00:00,26,15,11
2016-02-22 13:00:00,22,9,13
2016-02-22 14:00:00,35,21,14
2016-02-22 15:00:00,33,14,19
2016-02-22 16:00:00,31,12,19
2016-02-22 17:00:00,42,18,24
2016-02-22 18:00:00,17,6,11
2016-02-22 19:00:00,2,1,1
2016-02-22 20:00:00,3,2,1
2016-02-22 21:00:00,0,0,0
2016-02-22 22:00:00,0,0,0
2016-02-22 23:00:00,0,0,0
2016-02-23 00:00:00,0,0,0
2016-02-23 01:00:00,0,0,0
2016-02-23 02:00:00,0,0,0
2016-02-23 03:00:00,0,0,0
2016-02-23 04:00:00,1,0,1
2016-02-23 05:00:00,2,1,1
2016-02-23 06:00:00,6,4,2
2016-02-23 07:00:00,23,13,10
2016-02-23 08:00:00,27,15,12
2016-02-23 09:00:00,37,18,19
2016-02-23 10:00:00,22,11,11
2016-02-23 11:00:00,29,14,15
2016-02-23 12:00:00,34,20,14
2016-02-23 13:00:00,30,18,12
2016-02-23 14:00:00,29,14,15
2016-02-23 15:00:00,26,10,16
2016-02-23 16:00:00,43,20,23
2016-02-23 17:00:00,39,21,18
2016-02-23 18:00:00,9,3,6
2016-02-23 19:00:00,10,6,4
2016-02-23 20:00:00,5,3,2
2016-02-23 21:00:00,4,2,2
2016-02-23 22:00:00,2,0,2
2016-02-23 23:00:00,0,0,0
2016-02-24 00:00:00,1,0,1
2016-02-24 01:00:00,0,0,0
2016-02-24 02:00:00,0,0,0
2016-02-24 03:00:00,0,0,0
2016-02-24 04:00:00,0,0,0
2016-02-24 05:00:00,0,0,0
2016-02-24 06:00:00,9,4,5
2016-02-24 07:00:00,24,14,10
2016-02-24 08:00:00,28,12,16
2016-02-24 09:00:00,21,13,8
2016-02-24 10:00:00,19,9,10
2016-02-24 11:00:00,18,14,4
2016-02-24 12:00:00,28,14,14
2016-02-24 13:00:00,28,13,15
2016-02-24 14:00:00,28,12,16
2016-02-24 15:00:00,32,18,14
2016-02-24 16:00:00,38,17,21
2016-02-24 17:00:00,26,9,17
2016-02-24 18:00:00,18,6,12
2016-02-24 19:00:00,6,0,6
2016-02-24 20:00:00,3,2,1
2016-02-24 21:00:00,0,0,0
2016-02-24 22:00:00,3,1,2
2016-02-24 23:00:00,0,0,0
2016-02-25 00:00:00,1,0,1
2016-02-25 01:00:00,0,0,0
2016-02-25 02:00:00,0,0,0
2016-02-25 03:00:00,0,0,0
2016-02-25 04:00:00,1,0,1
2016-02-25 05:00:00,8,4,4
2016-02-25 06:00:00,9,6,3
2016-02-25 07:00:00,15,0,15
2016-02-25 08:00:00,21,15,6
2016-02-25 09:00:00,21,10,11
2016-02-25 10:00:00,23,9,14
2016-02-25 11:00:00,30,14,16
2016-02-25 12:00:00,11,0,11
2016-02-25 13:00:00,15,6,9
2016-02-25 14:00:00,34,15,19
2016-02-25 15:00:00,44,27,17
2016-02-25 16:00:00,46,21,25
2016-02-25 17:00:00,43,23,20
2016-02-25 18:00:00,13,6,7
2016-02-25 19:00:00,7,3,4
2016-02-25 20:00:00,4,2,2
2016-02-25 21:00:00,2,0,2
2016-02-25 22:00:00,3,1,2
2016-02-25 23:00:00,1,0,1
2016-02-26 00:00:00,1,1,0
2016-02-26 01:00:00,0,0,0
2016-02-26 02:00:00,1,1,0
2016-02-26 03:00:00,0,0,0
2016-02-26 04:00:00,1,1,0
2016-02-26 05:00:00,2,0,2
2016-02-26 06:00:00,9,6,3
2016-02-26 07:00:00,19,9,10
2016-02-26 08:00:00,27,14,13
2016-02-26 09:00:00,12,0,12
2016-02-26 10:00:00,33,17,16
2016-02-26 11:00:00,25,12,13
2016-02-26 12:00:00,25,14,11
2016-02-26 13:00:00,14,0,14
2016-02-26 14:00:00,30,14,16
2016-02-26 15:00:00,8,0,8
2016-02-26 16:00:00,28,9,19
2016-02-26 17:00:00,14,8,6
2016-02-26 18:00:00,8,1,7
2016-02-26 19:00:00,1,0,1
2016-02-26 20:00:00,5,3,2
2016-02-26 21:00:00,0,0,0
2016-02-26 22:00:00,1,0,1
2016-02-26 23:00:00,0,0,0
2016-02-27 00:00:00,1,1,0
2016-02-27 01:00:00,1,1,0
2016-02-27 02:00:00,0,0,0
2016-02-27 03:00:00,0,0,0
2016-02-27 04:00:00,0,0,0
2016-02-27 05:00:00,0,0,0
2016-02-27 06:00:00,5,2,3
2016-02-27 07:00:00,26,14,12
2016-02-27 08:00:00,53,25,28
2016-02-27 09:00:00,71,39,32
2016-02-27 10:00:00,72,36,36
2016-02-27 11:00:00,66,35,31
2016-02-27 12:00:00,58,27,31
2016-02-27 13:00:00,51,26,25
2016-02-27 14:00:00,59,36,23
2016-02-27 15:00:00,47,25,22
2016-02-27 16:00:00,46,25,21
2016-02-27 17:00:00,28,18,10
2016-02-27 18:00:00,12,5,7
2016-02-27 19:00:00,1,1,0
2016-02-27 20:00:00,7,3,4
2016-02-27 21:00:00,6,2,4
2016-02-27 22:00:00,1,1,0
2016-02-27 23:00:00,2,0,2
2016-02-28 00:00:00,1,1,0
2016-02-28 01:00:00,0,0,0
2016-02-28 02:00:00,0,0,0
2016-02-28 03:00:00,0,0,0
2016-02-28 04:00:00,0,0,0
2016-02-28 05:00:00,0,0,0
2016-02-28 06:00:00,3,2,1
2016-02-28 07:00:00,12,3,9
2016-02-28 08:00:00,27,18,9
2016-02-28 09:00:00,37,20,17
2016-02-28 10:00:00,56,27,29
2016-02-28 11:00:00,41,18,23
2016-02-28 12:00:00,39,21,18
2016-02-28 13:00:00,12,7,5
2016-02-28 14:00:00,35,18,17
2016-02-28 15:00:00,20,0,20
2016-02-28 16:00:00,30,13,17
2016-02-28 17:00:00,24,15,9
2016-02-28 18:00:00,9,3,6
2016-02-28 19:00:00,2,2,0
2016-02-28 20:00:00,0,0,0
2016-02-28 21:00:00,3,1,2
2016-02-28 22:00:00,2,0,2
2016-02-28 23:00:00,1,1,0
2016-02-29 00:00:00,0,0,0
2016-02-29 01:00:00,0,0,0
2016-02-29 02:00:00,0,0,0
2016-02-29 03:00:00,0,0,0
2016-02-29 04:00:00,1,0,1
2016-02-29 05:00:00,3,2,1
2016-02-29 06:00:00,5,2,3
2016-02-29 07:00:00,13,8,5
2016-02-29 08:00:00,17,8,9
2016-02-29 09:00:00,18,7,11
2016-02-29 10:00:00,32,19,13
2016-02-29 11:00:00,23,15,8
2016-02-29 12:00:00,38,23,15
2016-02-29 13:00:00,6,0,6
2016-02-29 14:00:00,9,0,9
2016-02-29 15:00:00,19,9,10
2016-02-29 16:00:00,24,0,24
2016-02-29 17:00:00,41,22,19
2016-02-29 18:00:00,24,10,14
2016-02-29 19:00:00,6,3,3
2016-02-29 20:00:00,3,1,2
2016-02-29 21:00:00,3,0,3
2016-02-29 22:00:00,4,2,2
2016-02-29 23:00:00,1,0,1
2016-03-01 00:00:00,0,0,0
2016-03-01 01:00:00,0,0,0
2016-03-01 02:00:00,0,0,0
2016-03-01 03:00:00,0,0,0
2016-03-01 04:00:00,0,0,0
2016-03-01 05:00:00,0,0,0
2016-03-01 06:00:00,4,3,1
2016-03-01 07:00:00,23,8,15
2016-03-01 08:00:00,17,9,8
2016-03-01 09:00:00,30,14,16
2016-03-01 10:00:00,19,9,10
2016-03-01 11:00:00,10,7,3
2016-03-01 12:00:00,14,6,8
2016-03-01 13:00:00,16,8,8
2016-03-01 14:00:00,13,7,6
2016-03-01 15:00:00,17,6,11
2016-03-01 16:00:00,35,15,20
2016-03-01 17:00:00,27,14,13
2016-03-01 18:00:00,16,6,10
2016-03-01 19:00:00,4,2,2
2016-03-01 20:00:00,7,4,3
2016-03-01 21:00:00,0,0,0
2016-03-01 22:00:00,0,0,0
2016-03-01 23:00:00,0,0,0
2016-03-02 00:00:00,0,0,0
2016-03-02 01:00:00,0,0,0
2016-03-02 02:00:00,0,0,0
2016-03-02 03:00:00,0,0,0
2016-03-02 04:00:00,2,1,1
2016-03-02 05:00:00,2,0,2
2016-03-02 06:00:00,8,6,2
2016-03-02 07:00:00,19,8,11
2016-03-02 08:00:00,25,16,9
2016-03-02 09:00:00,36,20,16
2016-03-02 10:00:00,26,10,16
2016-03-02 11:00:00,13,0,13
2016-03-02 12:00:00,29,17,12
2016-03-02 13:00:00,14,8,6
2016-03-02 14:00:00,24,11,13
2016-03-02 15:00:00,24,10,14
2016-03-02 16:00:00,16,0,16
2016-03-02 17:00:00,35,17,18
2016-03-02 18:00:00,8,3,5
2016-03-02 19:00:00,4,2,2
2016-03-02 20:00:00,0,0,0
2016-03-02 21:00:00,3,1,2
2016-03-02 22:00:00,4,3,1
2016-03-02 23:00:00,0,0,0
2016-03-03 00:00:00,2,0,2
2016-03-03 01:00:00,0,0,0
2016-03-03 02:00:00,0,0,0
2016-03-03 03:00:00,0,0,0
2016-03-03 04:00:00,2,1,1
2016-03-03 05:00:00,6,3,3
2016-03-03 06:00:00,5,4,1
2016-03-03 07:00:00,6,0,6
2016-03-03 08:00:00,29,16,13
2016-03-03 09:00:00,32,17,15
2016-03-03 10:00:00,22,13,9
2016-03-03 11:00:00,13,6,7
2016-03-03 12:00:00,14,8,6
2016-03-03 13:00:00,13,6,7
2016-03-03 14:00:00,23,11,12
2016-03-03 15:00:00,29,14,15
2016-03-03 16:00:00,36,15,21
2016-03-03 17:00:00,29,12,17
2016-03-03 18:00:00,20,11,9
2016-03-03 19:00:00,8,3,5
2016-03-03 20:00:00,2,1,1
2016-03-03 21:00:00,6,2,4
2016-03-03 22:00:00,1,1,0
2016-03-03 23:00:00,0,0,0
2016-03-04 00:00:00,2,0,2
2016-03-04 01:00:00,1,1,0
2016-03-04 02:00:00,0,0,0
2016-03-04 03:00:00,0,0,0
2016-03-04 04:00:00,0,0,0
2016-03-04 05:00:00,3,1,2
2016-03-04 06:00:00,6,4,2
2016-03-04 07:00:00,9,0,9
2016-03-04 08:00:00,23,15,8
2016-03-04 09:00:00,14,0,14
2016-03-04 10:00:00,23,12,11
2016-03-04 11:00:00,21,9,12
2016-03-04 12:00:00,29,16,13
2016-03-04 13:00:00,30,13,17
2016-03-04 14:00:00,19,8,11
2016-03-04 15:00:00,17,7,10
2016-03-04 16:00:00,13,7,6
2016-03-04 17:00:00,13,3,10
2016-03-04 18:00:00,13,5,8
2016-03-04 19:00:00,4,2,2
2016-03-04 20:00:00,4,0,4
2016-03-04 21:00:00,3,1,2
2016-03-04 22:00:00,1,0,1
2016-03-04 23:00:00,1,1,0
2016-03-05 00:00:00,1,0,1
2016-03-05 01:00:00,0,0,0
2016-03-05 02:00:00,0,0,0
2016-03-05 03:00:00,0,0,0
2016-03-05 04:00:00,0,0,0
2016-03-05 05:00:00,0,0,0
2016-03-05 06:00:00,2,1,1
2016-03-05 07:00:00,22,6,16
2016-03-05 08:00:00,66,34,32
2016-03-05 09:00:00,43,0,43
2016-03-05 10:00:00,75,31,44
2016-03-05 11:00:00,37,0,37
2016-03-05 12:00:00,55,30,25
2016-03-05 13:00:00,66,41,25
2016-03-05 14:00:00,43,19,24
2016-03-05 15:00:00,50,29,21
2016-03-05 16:00:00,44,25,19
2016-03-05 17:00:00,24,14,10
2016-03-05 18:00:00,7,5,2
2016-03-05 19:00:00,3,1,2
2016-03-05 20:00:00,5,3,2
2016-03-05 21:00:00,0,0,0
2016-03-05 22:00:00,2,1,1
2016-03-05 23:00:00,0,0,0
2016-03-06 00:00:00,1,1,0
2016-03-06 01:00:00,0,0,0
2016-03-06 02:00:00,0,0,0
2016-03-06 03:00:00,0,0,0
2016-03-06 04:00:00,0,0,0
2016-03-06 05:00:00,0,0,0
2016-03-06 06:00:00,0,0,0
2016-03-06 07:00:00,13,4,9
2016-03-06 08:00:00,31,16,15
2016-03-06 09:00:00,37,17,20
2016-03-06 10:00:00,44,21,23
2016-03-06 11:00:00,43,23,20
2016-03-06 12:00:00,20,8,12
2016-03-06 13:00:00,9,6,3
2016-03-06 14:00:00,30,12,18
2016-03-06 15:00:00,26,0,26
2016-03-06 16:00:00,30,14,16
2016-03-06 17:00:00,35,21,14
2016-03-06 18:00:00,6,3,3
2016-03-06 19:00:00,0,0,0
2016-03-06 20:00:00,2,1,1
2016-03-06 21:00:00,2,1,1
2016-03-06 22:00:00,1,0,1
2016-03-06 23:00:00,1,0,1
2016-03-07 00:00:00,1,1,0
2016-03-07 01:00:00,0,0,0
2016-03-07 02:00:00,0,0,0
2016-03-07 03:00:00,0,0,0
2016-03-07 04:00:00,0,0,0
2016-03-07 05:00:00,0,0,0
2016-03-07 06:00:00,2,0,2
2016-03-07 07:00:00,8,3,5
2016-03-07 08:00:00,12,8,4
2016-03-07 09:00:00,8,5,3
2016-03-07 10:00:00,14,5,9
2016-03-07 11:00:00,18,9,9
2016-03-07 12:00:00,25,11,14
2016-03-07 13:00:00,16,8,8
2016-03-07 14:00:00,23,10,13
2016-03-07 15:00:00,29,11,18
2016-03-07 16:00:00,34,18,16
2016-03-07 17:00:00,38,10,28
2016-03-07 18:00:00,13,0,13
2016-03-07 19:00:00,12,4,8
2016-03-07 20:00:00,6,4,2
2016-03-07 21:00:00,1,0,1
2016-03-07 22:00:00,0,0,0
2016-03-07 23:00:00,0,0,0
2016-03-08 00:00:00,0,0,0
2016-03-08 01:00:00,1,0,1
2016-03-08 02:00:00,0,0,0
2016-03-08 03:00:00,0,0,0
2016-03-08 04:00:00,0,0,0
2016-03-08 05:00:00,2,1,1
2016-03-08 06:00:00,8,4,4
2016-03-08 07:00:00,14,10,4
2016-03-08 08:00:00,28,18,10
2016-03-08 09:00:00,20,8,12
2016-03-08 10:00:00,26,12,14
2016-03-08 11:00:00,14,0,14
2016-03-08 12:00:00,31,17,14
2016-03-08 13:00:00,31,15,16
2016-03-08 14:00:00,27,13,14
2016-03-08 15:00:00,26,14,12
2016-03-08 16:00:00,33,16,17
2016-03-08 17:00:00,26,10,16
2016-03-08 18:00:00,11,5,6
2016-03-08 19:00:00,7,3,4
2016-03-08 20:00:00,4,1,3
2016-03-08 21:00:00,0,0,0
2016-03-08 22:00:00,2,1,1
2016-03-08 23:00:00,1,0,1
2016-03-09 00:00:00,0,0,0
2016-03-09 01:00:00,0,0,0
2016-03-09 02:00:00,0,0,0
2016-03-09 03:00:00,0,0,0
2016-03-09 04:00:00,0,0,0
2016-03-09 05:00:00,1,0,1
2016-03-09 06:00:00,8,4,4
2016-03-09 07:00:00,19,10,9
2016-03-09 08:00:00,9,0,9
2016-03-09 09:00:00,26,15,11
2016-03-09 10:00:00,13,5,8
2016-03-09 11:00:00,26,16,10
2016-03-09 12:00:00,7,0,7
2016-03-09 13:00:00,9,5,4
2016-03-09 14:00:00,8,3,5
2016-03-09 15:00:00,6,1,5
2016-03-09 16:00:00,6,0,6
2016-03-09 17:00:00,12,0,12
2016-03-09 18:00:00,6,2,4
2016-03-09 19:00:00,4,0,4
2016-03-09 20:00:00,2,1,1
2016-03-09 21:00:00,1,0,1
2016-03-09 22:00:00,4,3,1
2016-03-09 23:00:00,0,0,0
2016-03-10 00:00:00,0,0,0
2016-03-10 01:00:00,1,0,1
2016-03-10 02:00:00,0,0,0
2016-03-10 03:00:00,0,0,0
2016-03-10 04:00:00,0,0,0
2016-03-10 05:00:00,1,1,0
2016-03-10 06:00:00,5,3,2
2016-03-10 07:00:00,12,7,5
2016-03-10 08:00:00,16,10,6
2016-03-10 09:00:00,18,12,6
2016-03-10 10:00:00,20,9,11
2016-03-10 11:00:00,12,8,4
2016-03-10 12:00:00,16,5,11
2016-03-10 13:00:00,24,14,10
2016-03-10 14:00:00,22,12,10
2016-03-10 15:00:00,25,13,12
2016-03-10 16:00:00,13,0,13
2016-03-10 17:00:00,29,0,29
2016-03-10 18:00:00,28,18,10
2016-03-10 19:00:00,7,3,4
2016-03-10 20:00:00,6,3,3
2016-03-10 21:00:00,0,0,0
2016-03-10 22:00:00,0,0,0
2016-03-10 23:00:00,5,2,3
2016-03-11 00:00:00,0,0,0
2016-03-11 01:00:00,0,0,0
2016-03-11 02:00:00,0,0,0
2016-03-11 03:00:00,0,0,0
2016-03-11 04:00:00,0,0,0
2016-03-11 05:00:00,1,0,1
2016-03-11 06:00:00,1,0,1
2016-03-11 07:00:00,27,13,14
2016-03-11 08:00:00,32,19,13
2016-03-11 09:00:00,30,15,15
2016-03-11 10:00:00,21,5,16
2016-03-11 11:00:00,37,19,18
2016-03-11 12:00:00,47,20,27
2016-03-11 13:00:00,22,19,3
2016-03-11 14:00:00,19,10,9
2016-03-11 15:00:00,14,6,8
2016-03-11 16:00:00,31,13,18
2016-03-11 17:00:00,29,18,11
2016-03-11 18:00:00,12,4,8
2016-03-11 19:00:00,6,4,2
2016-03-11 20:00:00,3,0,3
2016-03-11 21:00:00,8,4,4
2016-03-11 22:00:00,0,0,0
2016-03-11 23:00:00,1,0,1
2016-03-12 00:00:00,0,0,0
2016-03-12 01:00:00,0,0,0
2016-03-12 02:00:00,0,0,0
2016-03-12 03:00:00,0,0,0
2016-03-12 04:00:00,0,0,0
2016-03-12 05:00:00,0,0,0
2016-03-12 06:00:00,2,1,1
2016-03-12 07:00:00,5,1,4
2016-03-12 08:00:00,35,14,21
2016-03-12 09:00:00,59,30,29
2016-03-12 10:00:00,54,28,26
2016-03-12 11:00:00,38,0,38
2016-03-12 12:00:00,66,40,26
2016-03-12 13:00:00,44,26,18
2016-03-12 14:00:00,39,18,21
2016-03-12 15:00:00,39,21,18
2016-03-12 16:00:00,31,17,14
2016-03-12 17:00:00,18,8,10
2016-03-12 18:00:00,11,8,3
2016-03-12 19:00:00,1,0,1
2016-03-12 20:00:00,0,0,0
2016-03-12 21:00:00,1,1,0
2016-03-12 22:00:00,1,0,1
2016-03-12 23:00:00,5,3,2
2016-03-13 00:00:00,0,0,0
2016-03-13 01:00:00,0,0,0
2016-03-13 02:00:00,0,0,0
2016-03-13 03:00:00,0,0,0
2016-03-13 04:00:00,0,0,0
2016-03-13 05:00:00,0,0,0
2016-03-13 06:00:00,0,0,0
2016-03-13 07:00:00,1,0,1
2016-03-13 08:00:00,12,2,10
2016-03-13 09:00:00,40,20,20
2016-03-13 10:00:00,27,17,10
2016-03-13 11:00:00,23,11,12
2016-03-13 12:00:00,14,0,14
2016-03-13 13:00:00,54,31,23
2016-03-13 14:00:00,9,0,9
2016-03-13 15:00:00,24,14,10
2016-03-13 16:00:00,19,9,10
2016-03-13 17:00:00,12,5,7
2016-03-13 18:00:00,14,7,7
2016-03-13 19:00:00,2,1,1
2016-03-13 20:00:00,4,2,2
2016-03-13 21:00:00,2,1,1
2016-03-13 22:00:00,0,0,0
2016-03-13 23:00:00,1,0,1
2016-03-14 00:00:00,3,2,1
2016-03-14 01:00:00,0,0,0
2016-03-14 02:00:00,0,0,0
2016-03-14 03:00:00,0,0,0
2016-03-14 04:00:00,0,0,0
2016-03-14 05:00:00,1,0,1
2016-03-14 06:00:00,4,1,3
2016-03-14 07:00:00,10,8,2
2016-03-14 08:00:00,15,11,4
2016-03-14 09:00:00,8,0,8
2016-03-14 10:00:00,19,11,8
2016-03-14 11:00:00,13,0,13
2016-03-14 12:00:00,24,13,11
2016-03-14 13:00:00,25,12,13
2016-03-14 14:00:00,16,7,9
2016-03-14 15:00:00,26,13,13
2016-03-14 16:00:00,15,0,15
2016-03-14 17:00:00,25,10,15
2016-03-14 18:00:00,32,17,15
2016-03-14 19:00:00,4,0,4
2016-03-14 20:00:00,1,0,1
2016-03-14 21:00:00,2,0,2
2016-03-14 22:00:00,4,2,2
2016-03-14 23:00:00,0,0,0
2016-03-15 00:00:00,0,0,0
2016-03-15 01:00:00,0,0,0
2016-03-15 02:00:00,0,0,0
2016-03-15 03:00:00,0,0,0
2016-03-15 04:00:00,0,0,0
2016-03-15 05:00:00,4,2,2
2016-03-15 06:00:00,2,2,0
2016-03-15 07:00:00,9,3,6
2016-03-15 08:00:00,16,7,9
2016-03-15 09:00:00,20,10,10
2016-03-15 10:00:00,7,0,7
2016-03-15 11:00:00,14,0,14
2016-03-15 12:00:00,28,16,12
2016-03-15 13:00:00,10,0,10
2016-03-15 14:00:00,22,9,13
2016-03-15 15:00:00,28,12,16
2016-03-15 16:00:00,24,0,24
2016-03-15 17:00:00,50,27,23
2016-03-15 18:00:00,52,27,25
2016-03-15 19:00:00,11,7,4
2016-03-15 20:00:00,10,4,6
2016-03-15 21:00:00,3,3,0
2016-03-15 22:00:00,2,1,1
2016-03-15 23:00:00,0,0,0
2016-03-16 00:00:00,0,0,0
2016-03-16 01:00:00,0,0,0
2016-03-16 02:00:00,0,0,0
2016-03-16 03:00:00,0,0,0
2016-03-16 04:00:00,0,0,0
2016-03-16 05:00:00,1,1,0
2016-03-16 06:00:00,3,1,2
2016-03-16 07:00:00,15,10,5
2016-03-16 08:00:00,17,9,8
2016-03-16 09:00:00,12,0,12
2016-03-16 10:00:00,10,0,10
2016-03-16 11:00:00,34,16,18
2016-03-16 12:00:00,42,22,20
2016-03-16 13:00:00,17,11,6
2016-03-16 14:00:00,9,0,9
2016-03-16 15:00:00,29,11,18
2016-03-16 16:00:00,42,22,20
2016-03-16 17:00:00,25,0,25
2016-03-16 18:00:00,36,18,18
2016-03-16 19:00:00,19,13,6
2016-03-16 20:00:00,2,0,2
2016-03-16 21:00:00,2,1,1
2016-03-16 22:00:00,0,0,0
2016-03-16 23:00:00,1,0,1
2016-03-17 00:00:00,0,0,0
2016-03-17 01:00:00,1,0,1
2016-03-17 02:00:00,0,0,0
2016-03-17 03:00:00,0,0,0
2016-03-17 04:00:00,0,0,0
2016-03-17 05:00:00,3,1,2
2016-03-17 06:00:00,7,5,2
2016-03-17 07:00:00,8,7,1
2016-03-17 08:00:00,15,8,7
2016-03-17 09:00:00,19,7,12
2016-03-17 10:00:00,12,0,12
2016-03-17 11:00:00,9,0,9
2016-03-17 12:00:00,20,10,10
2016-03-17 13:00:00,26,16,10
2016-03-17 14:00:00,15,0,15
2016-03-17 15:00:00,19,0,19
2016-03-17 16:00:00,38,22,16
2016-03-17 17:00:00,51,26,25
2016-03-17 18:00:00,25,11,14
2016-03-17 19:00:00,24,14,10
2016-03-17 20:00:00,1,0,1
2016-03-17 21:00:00,3,1,2
2016-03-17 22:00:00,2,1,1
2016-03-17 23:00:00,1,0,1
2016-03-18 00:00:00,2,1,1
2016-03-18 01:00:00,0,0,0
2016-03-18 02:00:00,0,0,0
2016-03-18 03:00:00,0,0,0
2016-03-18 04:00:00,0,0,0
2016-03-18 05:00:00,0,0,0
2016-03-18 06:00:00,23,0,23
2016-03-18 07:00:00,16,9,7
2016-03-18 08:00:00,18,11,7
2016-03-18 09:00:00,16,4,12
2016-03-18 10:00:00,26,16,10
2016-03-18 11:00:00,30,13,17
2016-03-18 12:00:00,22,17,5
2016-03-18 13:00:00,14,8,6
2016-03-18 14:00:00,33,12,21
2016-03-18 15:00:00,41,24,17
2016-03-18 16:00:00,37,17,20
2016-03-18 17:00:00,25,14,11
2016-03-18 18:00:00,30,17,13
2016-03-18 19:00:00,5,0,5
2016-03-18 20:00:00,7,4,3
2016-03-18 21:00:00,1,1,0
2016-03-18 22:00:00,3,2,1
2016-03-18 23:00:00,1,1,0
2016-03-19 00:00:00,0,0,0
2016-03-19 01:00:00,0,0,0
2016-03-19 02:00:00,0,0,0
2016-03-19 03:00:00,0,0,0
2016-03-19 04:00:00,0,0,0
2016-03-19 05:00:00,0,0,0
2016-03-19 06:00:00,3,2,1
2016-03-19 07:00:00,12,0,12
2016-03-19 08:00:00,44,21,23
2016-03-19 09:00:00,24,0,24
2016-03-19 10:00:00,71,35,36
2016-03-19 11:00:00,56,34,22
2016-03-19 12:00:00,43,23,20
2016-03-19 13:00:00,50,27,23
2016-03-19 14:00:00,37,22,15
2016-03-19 15:00:00,49,25,24
2016-03-19 16:00:00,23,0,23
2016-03-19 17:00:00,39,23,16
2016-03-19 18:00:00,29,17,12
2016-03-19 19:00:00,5,2,3
2016-03-19 20:00:00,7,3,4
2016-03-19 21:00:00,1,1,0
2016-03-19 22:00:00,1,1,0
2016-03-19 23:00:00,0,0,0
2016-03-20 00:00:00,0,0,0
2016-03-20 01:00:00,0,0,0
2016-03-20 02:00:00,0,0,0
2016-03-20 03:00:00,0,0,0
2016-03-20 04:00:00,0,0,0
2016-03-20 05:00:00,2,0,2
2016-03-20 06:00:00,1,1,0
2016-03-20 07:00:00,14,6,8
2016-03-20 08:00:00,36,23,13
2016-03-20 09:00:00,47,23,24
2016-03-20 10:00:00,49,23,26
2016-03-20 11:00:00,49,26,23
2016-03-20 12:00:00,37,18,19
2016-03-20 13:00:00,30,17,13
2016-03-20 14:00:00,27,10,17
2016-03-20 15:00:00,24,12,12
2016-03-20 16:00:00,25,16,9
2016-03-20 17:00:00,22,11,11
2016-03-20 18:00:00,14,6,8
2016-03-20 19:00:00,17,10,7
2016-03-20 20:00:00,7,2,5
2016-03-20 21:00:00,1,1,0
2016-03-20 22:00:00,1,0,1
2016-03-20 23:00:00,4,2,2
2016-03-21 00:00:00,1,1,0
2016-03-21 01:00:00,0,0,0
2016-03-21 02:00:00,0,0,0
2016-03-21 03:00:00,0,0,0
2016-03-21 04:00:00,0,0,0
2016-03-21 05:00:00,0,0,0
2016-03-21 06:00:00,9,6,3
2016-03-21 07:00:00,19,9,10
2016-03-21 08:00:00,20,14,6
2016-03-21 09:00:00,20,12,8
2016-03-21 10:00:00,12,8,4
2016-03-21 11:00:00,25,14,11
2016-03-21 12:00:00,33,15,18
2016-03-21 13:00:00,7,0,7
2016-03-21 14:00:00,13,4,9
2016-03-21 15:00:00,10,5,5
2016-03-21 16:00:00,27,11,16
2016-03-21 17:00:00,32,14,18
2016-03-21 18:00:00,34,18,16
2016-03-21 19:00:00,14,8,6
2016-03-21 20:00:00,1,0,1
2016-03-21 21:00:00,1,1,0
2016-03-21 22:00:00,1,0,1
2016-03-21 23:00:00,2,1,1
2016-03-22 00:00:00,0,0,0
2016-03-22 01:00:00,0,0,0
2016-03-22 02:00:00,0,0,0
2016-03-22 03:00:00,0,0,0
2016-03-22 04:00:00,1,0,1
2016-03-22 05:00:00,2,1,1
2016-03-22 06:00:00,5,4,1
2016-03-22 07:00:00,24,13,11
2016-03-22 08:00:00,24,11,13
2016-03-22 09:00:00,17,0,17
2016-03-22 10:00:00,29,15,14
2016-03-22 11:00:00,28,10,18
2016-03-22 12:00:00,30,18,12
2016-03-22 13:00:00,32,14,18
2016-03-22 14:00:00,11,0,11
2016-03-22 15:00:00,23,10,13
2016-03-22 16:00:00,31,17,14
2016-03-22 17:00:00,51,23,28
2016-03-22 18:00:00,51,26,25
2016-03-22 19:00:00,14,0,14
2016-03-22 20:00:00,7,3,4
2016-03-22 21:00:00,1,1,0
2016-03-22 22:00:00,1,1,0
2016-03-22 23:00:00,1,0,1
2016-03-23 00:00:00,1,0,1
2016-03-23 01:00:00,0,0,0
2016-03-23 02:00:00,0,0,0
2016-03-23 03:00:00,0,0,0
2016-03-23 04:00:00,0,0,0
2016-03-23 05:00:00,3,1,2
2016-03-23 06:00:00,7,3,4
2016-03-23 07:00:00,13,8,5
2016-03-23 08:00:00,23,11,12
2016-03-23 09:00:00,6,0,6
2016-03-23 10:00:00,11,0,11
2016-03-23 11:00:00,22,11,11
2016-03-23 12:00:00,17,8,9
2016-03-23 13:00:00,17,10,7
2016-03-23 14:00:00,8,0,8
2016-03-23 15:00:00,18,9,9
2016-03-23 16:00:00,31,11,20
2016-03-23 17:00:00,24,0,24
2016-03-23 18:00:00,26,13,13
2016-03-23 19:00:00,10,0,10
2016-03-23 20:00:00,6,4,2
2016-03-23 21:00:00,0,0,0
2016-03-23 22:00:00,3,2,1
2016-03-23 23:00:00,0,0,0
2016-03-24 00:00:00,0,0,0
2016-03-24 01:00:00,0,0,0
2016-03-24 02:00:00,0,0,0
2016-03-24 03:00:00,0,0,0
2016-03-24 04:00:00,1,0,1
2016-03-24 05:00:00,3,2,1
2016-03-24 06:00:00,4,3,1
2016-03-24 07:00:00,9,0,9
2016-03-24 08:00:00,18,8,10
2016-03-24 09:00:00,22,10,12
2016-03-24 10:00:00,17,7,10
2016-03-24 11:00:00,24,13,11
2016-03-24 12:00:00,25,14,11
2016-03-24 13:00:00,10,0,10
2016-03-24 14:00:00,24,10,14
2016-03-24 15:00:00,24,15,9
2016-03-24 16:00:00,31,15,16
2016-03-24 17:00:00,44,20,24
2016-03-24 18:00:00,21,0,21
2016-03-24 19:00:00,14,5,9
2016-03-24 20:00:00,6,1,5
2016-03-24 21:00:00,3,2,1
2016-03-24 22:00:00,0,0,0
2016-03-24 23:00:00,1,1,0
2016-03-25 00:00:00,0,0,0
2016-03-25 01:00:00,2,1,1
2016-03-25 02:00:00,0,0,0
2016-03-25 03:00:00,2,1,1
2016-03-25 04:00:00,1,0,1
2016-03-25 05:00:00,8,3,5
2016-03-25 06:00:00,7,4,3
2016-03-25 07:00:00,21,14,7
2016-03-25 08:00:00,18,10,8
2016-03-25 09:00:00,20,7,13
2016-03-25 10:00:00,24,15,9
2016-03-25 11:00:00,24,11,13
2016-03-25 12:00:00,34,20,14
2016-03-25 13:00:00,34,19,15
2016-03-25 14:00:00,28,14,14
2016-03-25 15:00:00,26,14,12
2016-03-25 16:00:00,30,14,16
2016-03-25 17:00:00,37,15,22
2016-03-25 18:00:00,17,6,11
2016-03-25 19:00:00,6,0,6
2016-03-25 20:00:00,4,3,1
2016-03-25 21:00:00,6,1,5
2016-03-25 22:00:00,2,0,2
2016-03-25 23:00:00,0,0,0
2016-03-26 00:00:00,2,1,1
2016-03-26 01:00:00,0,0,0
2016-03-26 02:00:00,0,0,0
2016-03-26 03:00:00,0,0,0
2016-03-26 04:00:00,0,0,0
2016-03-26 05:00:00,0,0,0
2016-03-26 06:00:00,4,1,3
2016-03-26 07:00:00,13,8,5
2016-03-26 08:00:00,19,0,19
2016-03-26 09:00:00,58,16,42
2016-03-26 10:00:00,63,36,27
2016-03-26 11:00:00,55,28,27
2016-03-26 12:00:00,64,31,33
2016-03-26 13:00:00,20,0,20
2016-03-26 14:00:00,49,27,22
2016-03-26 15:00:00,49,28,21
2016-03-26 16:00:00,35,22,13
2016-03-26 17:00:00,17,10,7
2016-03-26 18:00:00,6,0,6
2016-03-26 19:00:00,9,5,4
2016-03-26 20:00:00,6,2,4
2016-03-26 21:00:00,1,1,0
2016-03-26 22:00:00,2,1,1
2016-03-26 23:00:00,1,1,0
2016-03-27 00:00:00,1,1,0
2016-03-27 01:00:00,0,0,0
2016-03-27 02:00:00,0,0,0
2016-03-27 03:00:00,0,0,0
2016-03-27 04:00:00,0,0,0
2016-03-27 05:00:00,0,0,0
2016-03-27 06:00:00,5,2,3
2016-03-27 07:00:00,7,0,7
2016-03-27 08:00:00,30,20,10
2016-03-27 09:00:00,15,0,15
2016-03-27 10:00:00,20,13,7
2016-03-27 11:00:00,15,4,11
2016-03-27 12:00:00,11,0,11
2016-03-27 13:00:00,22,11,11
2016-03-27 14:00:00,23,13,10
2016-03-27 15:00:00,6,0,6
2016-03-27 16:00:00,10,0,10
2016-03-27 17:00:00,15,7,8
2016-03-27 18:00:00,14,8,6
2016-03-27 19:00:00,6,0,6
2016-03-27 20:00:00,4,2,2
2016-03-27 21:00:00,1,1,0
2016-03-27 22:00:00,0,0,0
2016-03-27 23:00:00,0,0,0
2016-03-28 00:00:00,0,0,0
2016-03-28 01:00:00,0,0,0
2016-03-28 02:00:00,0,0,0
2016-03-28 03:00:00,0,0,0
2016-03-28 04:00:00,1,0,1
2016-03-28 05:00:00,3,2,1
2016-03-28 06:00:00,5,0,5
2016-03-28 07:00:00,5,0,5
2016-03-28 08:00:00,27,17,10
2016-03-28 09:00:00,18,7,11
2016-03-28 10:00:00,27,13,14
2016-03-28 11:00:00,21,11,10
2016-03-28 12:00:00,24,16,8
2016-03-28 13:00:00,26,14,12
2016-03-28 14:00:00,24,11,13
2016-03-28 15:00:00,33,14,19
2016-03-28 16:00:00,49,27,22
2016-03-28 17:00:00,30,0,30
2016-03-28 18:00:00,21,0,21
2016-03-28 19:00:00,20,9,11
2016-03-28 20:00:00,5,3,2
2016-03-28 21:00:00,3,1,2
2016-03-28 22:00:00,3,2,1
2016-03-28 23:00:00,3,1,2
2016-03-29 00:00:00,1,0,1
2016-03-29 01:00:00,0,0,0
2016-03-29 02:00:00,0,0,0
2016-03-29 03:00:00,0,0,0
2016-03-29 04:00:00,0,0,0
2016-03-29 05:00:00,0,0,0
2016-03-29 06:00:00,4,1,3
2016-03-29 07:00:00,17,12,5
2016-03-29 08:00:00,13,0,13
2016-03-29 09:00:00,12,0,12
2016-03-29 10:00:00,12,0,12
2016-03-29 11:00:00,29,14,15
2016-03-29 12:00:00,16,0,16
2016-03-29 13:00:00,41,24,17
2016-03-29 14:00:00,40,18,22
2016-03-29 15:00:00,30,15,15
2016-03-29 16:00:00,24,0,24
2016-03-29 17:00:00,60,28,32
2016-03-29 18:00:00,44,19,25
2016-03-29 19:00:00,20,11,9
2016-03-29 20:00:00,5,2,3
2016-03-29 21:00:00,4,2,2
2016-03-29 22:00:00,0,0,0
2016-03-29 23:00:00,0,0,0
2016-03-30 00:00:00,0,0,0
2016-03-30 01:00:00,0,0,0
2016-03-30 02:00:00,0,0,0
2016-03-30 03:00:00,0,0,0
2016-03-30 04:00:00,1,0,1
2016-03-30 05:00:00,1,0,1
2016-03-30 06:00:00,3,0,3
2016-03-30 07:00:00,10,0,10
2016-03-30 08:00:00,26,16,10
2016-03-30 09:00:00,21,9,12
2016-03-30 10:00:00,30,17,13
2016-03-30 11:00:00,8,0,8
2016-03-30 12:00:00,26,12,14
2016-03-30 13:00:00,29,11,18
2016-03-30 14:00:00,34,21,13
2016-03-30 15:00:00,44,28,16
2016-03-30 16:00:00,43,17,26
2016-03-30 17:00:00,67,37,30
2016-03-30 18:00:00,46,23,23
2016-03-30 19:00:00,15,7,8
2016-03-30 20:00:00,7,2,5
2016-03-30 21:00:00,0,0,0
2016-03-30 22:00:00,2,1,1
2016-03-30 23:00:00,0,0,0
2016-03-31 00:00:00,1,0,1
2016-03-31 01:00:00,0,0,0
2016-03-31 02:00:00,0,0,0
2016-03-31 03:00:00,0,0,0
2016-03-31 04:00:00,0,0,0
2016-03-31 05:00:00,3,2,1
2016-03-31 06:00:00,12,7,5
2016-03-31 07:00:00,17,10,7
2016-03-31 08:00:00,43,30,13
2016-03-31 09:00:00,26,16,10
2016-03-31 10:00:00,23,11,12
2016-03-31 11:00:00,33,17,16
2016-03-31 12:00:00,37,21,16
2016-03-31 13:00:00,36,22,14
2016-03-31 14:00:00,28,19,9
2016-03-31 15:00:00,23,13,10
2016-03-31 16:00:00,27,9,18
2016-03-31 17:00:00,40,25,15
2016-03-31 18:00:00,45,25,20
2016-03-31 19:00:00,21,13,8
2016-03-31 20:00:00,7,0,7
2016-03-31 21:00:00,1,0,1
2016-03-31 22:00:00,2,1,1
2016-03-31 23:00:00,1,0,1
2016-04-01 00:00:00,0,0,0
2016-04-01 01:00:00,0,0,0
2016-04-01 02:00:00,0,0,0
2016-04-01 03:00:00,0,0,0
2016-04-01 04:00:00,0,0,0
2016-04-01 05:00:00,2,0,2
2016-04-01 06:00:00,6,3,3
2016-04-01 07:00:00,17,8,9
2016-04-01 08:00:00,31,17,14
2016-04-01 09:00:00,30,21,9
2016-04-01 10:00:00,29,15,14
2016-04-01 11:00:00,33,16,17
2016-04-01 12:00:00,17,0,17
2016-04-01 13:00:00,18,0,18
2016-04-01 14:00:00,36,20,16
2016-04-01 15:00:00,32,16,16
2016-04-01 16:00:00,34,0,34
2016-04-01 17:00:00,25,10,15
2016-04-01 18:00:00,15,0,15
2016-04-01 19:00:00,20,9,11
2016-04-01 20:00:00,14,8,6
2016-04-01 21:00:00,2,1,1
2016-04-01 22:00:00,2,1,1
2016-04-01 23:00:00,1,1,0
2016-04-02 00:00:00,0,0,0
2016-04-02 01:00:00,0,0,0
2016-04-02 02:00:00,0,0,0
2016-04-02 03:00:00,0,0,0
2016-04-02 04:00:00,2,1,1
2016-04-02 05:00:00,1,0,1
2016-04-02 06:00:00,4,1,3
2016-04-02 07:00:00,39,19,20
2016-04-02 08:00:00,54,25,29
2016-04-02 09:00:00,59,35,24
2016-04-02 10:00:00,19,0,19
2016-04-02 11:00:00,64,32,32
2016-04-02 12:00:00,36,17,19
2016-04-02 13:00:00,41,20,21
2016-04-02 14:00:00,37,22,15
2016-04-02 15:00:00,46,23,23
2016-04-02 16:00:00,56,31,25
2016-04-02 17:00:00,39,19,20
2016-04-02 18:00:00,23,16,7
2016-04-02 19:00:00,17,10,7
2016-04-02 20:00:00,1,1,0
2016-04-02 21:00:00,1,0,1
2016-04-02 22:00:00,2,1,1
2016-04-02 23:00:00,0,0,0
2016-04-03 00:00:00,0,0,0
2016-04-03 01:00:00,0,0,0
2016-04-03 02:00:00,0,0,0
2016-04-03 03:00:00,0,0,0
2016-04-03 04:00:00,1,0,1
2016-04-03 05:00:00,1,1,0
2016-04-03 06:00:00,7,5,2
2016-04-03 07:00:00,21,10,11
2016-04-03 08:00:00,37,23,14
2016-04-03 09:00:00,52,25,27
2016-04-03 10:00:00,70,35,35
2016-04-03 11:00:00,35,0,35
2016-04-03 12:00:00,55,31,24
2016-04-03 13:00:00,52,29,23
2016-04-03 14:00:00,17,0,17
2016-04-03 15:00:00,56,30,26
2016-04-03 16:00:00,49,26,23
2016-04-03 17:00:00,20,0,20
2016-04-03 18:00:00,22,13,9
2016-04-03 19:00:00,18,9,9
2016-04-03 20:00:00,5,2,3
2016-04-03 21:00:00,1,1,0
2016-04-03 22:00:00,1,0,1
2016-04-03 23:00:00,2,1,1
2016-04-04 00:00:00,0,0,0
2016-04-04 01:00:00,0,0,0
2016-04-04 02:00:00,0,0,0
2016-04-04 03:00:00,0,0,0
2016-04-04 04:00:00,0,0,0
2016-04-04 05:00:00,0,0,0
2016-04-04 06:00:00,8,4,4
2016-04-04 07:00:00,12,6,6
2016-04-04 08:00:00,5,0,5
2016-04-04 09:00:00,13,8,5
2016-04-04 10:00:00,20,11,9
2016-04-04 11:00:00,12,0,12
2016-04-04 12:00:00,23,13,10
2016-04-04 13:00:00,20,12,8
2016-04-04 14:00:00,20,9,11
2016-04-04 15:00:00,8,5,3
2016-04-04 16:00:00,16,0,16
2016-04-04 17:00:00,31,11,20
2016-04-04 18:00:00,8,0,8
2016-04-04 19:00:00,23,13,10
2016-04-04 20:00:00,2,1,1
2016-04-04 21:00:00,0,0,0
2016-04-04 22:00:00,4,2,2
2016-04-04 23:00:00,0,0,0
2016-04-05 00:00:00,0,0,0
2016-04-05 01:00:00,0,0,0
2016-04-05 02:00:00,0,0,0
2016-04-05 03:00:00,0,0,0
2016-04-05 04:00:00,0,0,0
2016-04-05 05:00:00,1,0,1
2016-04-05 06:00:00,9,4,5
2016-04-05 07:00:00,21,10,11
2016-04-05 08:00:00,21,12,9
2016-04-05 09:00:00,32,19,13
2016-04-05 10:00:00,23,11,12
2016-04-05 11:00:00,25,17,8
2016-04-05 12:00:00,30,13,17
2016-04-05 13:00:00,33,20,13
2016-04-05 14:00:00,28,11,17
2016-04-05 15:00:00,28,16,12
2016-04-05 16:00:00,25,12,13
2016-04-05 17:00:00,40,25,15
2016-04-05 18:00:00,28,13,15
2016-04-05 19:00:00,22,12,10
2016-04-05 20:00:00,7,3,4
2016-04-05 21:00:00,2,1,1
2016-04-05 22:00:00,3,2,1
2016-04-05 23:00:00,1,0,1
2016-04-06 00:00:00,0,0,0
2016-04-06 01:00:00,0,0,0
2016-04-06 02:00:00,0,0,0
2016-04-06 03:00:00,0,0,0
2016-04-06 04:00:00,0,0,0
2016-04-06 05:00:00,2,0,2
2016-04-06 06:00:00,9,5,4
2016-04-06 07:00:00,18,11,7
2016-04-06 08:00:00,29,18,11
2016-04-06 09:00:00,12,0,12
2016-04-06 10:00:00,21,0,21
2016-04-06 11:00:00,36,22,14
2016-04-06 12:00:00,13,0,13
2016-04-06 13:00:00,23,15,8
2016-04-06 14:00:00,36,19,17
2016-04-06 15:00:00,35,16,19
2016-04-06 16:00:00,44,19,25
2016-04-06 17:00:00,51,25,26
2016-04-06 18:00:00,37,16,21
2016-04-06 19:00:00,29,13,16
2016-04-06 20:00:00,7,0,7
2016-04-06 21:00:00,1,1,0
2016-04-06 22:00:00,1,1,0
2016-04-06 23:00:00,0,0,0
2016-04-07 00:00:00,0,0,0
2016-04-07 01:00:00,0,0,0
2016-04-07 02:00:00,0,0,0
2016-04-07 03:00:00,0,0,0
2016-04-07 04:00:00,0,0,0
2016-04-07 05:00:00,4,2,2
2016-04-07 06:00:00,8,0,8
2016-04-07 07:00:00,37,21,16
2016-04-07 08:00:00,20,12,8
2016-04-07 09:00:00,73,38,35
2016-04-07 10:00:00,15,0,15
2016-04-07 11:00:00,29,18,11
2016-04-07 12:00:00,37,20,17
2016-04-07 13:00:00,29,19,10
2016-04-07 14:00:00,30,14,16
2016-04-07 15:00:00,28,13,15
2016-04-07 16:00:00,25,11,14
2016-04-07 17:00:00,15,0,15
2016-04-07 18:00:00,38,19,19
2016-04-07 19:00:00,12,0,12
2016-04-07 20:00:00,13,7,6
2016-04-07 21:00:00,4,3,1
2016-04-07 22:00:00,0,0,0
2016-04-07 23:00:00,1,1,0
2016-04-08 00:00:00,0,0,0
2016-04-08 01:00:00,0,0,0
2016-04-08 02:00:00,0,0,0
2016-04-08 03:00:00,0,0,0
2016-04-08 04:00:00,0,0,0
2016-04-08 05:00:00,5,2,3
2016-04-08 06:00:00,15,9,6
2016-04-08 07:00:00,55,25,30
2016-04-08 08:00:00,29,16,13
2016-04-08 09:00:00,38,18,20
2016-04-08 10:00:00,28,15,13
2016-04-08 11:00:00,42,23,19
2016-04-08 12:00:00,31,17,14
2016-04-08 13:00:00,20,12,8
2016-04-08 14:00:00,24,12,12
2016-04-08 15:00:00,14,8,6
2016-04-08 16:00:00,42,17,25
2016-04-08 17:00:00,33,15,18
2016-04-08 18:00:00,10,0,10
2016-04-08 19:00:00,11,5,6
2016-04-08 20:00:00,1,0,1
2016-04-08 21:00:00,3,1,2
2016-04-08 22:00:00,1,1,0
2016-04-08 23:00:00,2,1,1
2016-04-09 00:00:00,0,0,0
2016-04-09 01:00:00,0,0,0
2016-04-09 02:00:00,1,1,0
2016-04-09 03:00:00,0,0,0
2016-04-09 04:00:00,2,1,1
2016-04-09 05:00:00,0,0,0
2016-04-09 06:00:00,5,1,4
2016-04-09 07:00:00,21,0,21
2016-04-09 08:00:00,54,23,31
2016-04-09 09:00:00,86,43,43
2016-04-09 10:00:00,32,0,32
2016-04-09 11:00:00,26,0,26
2016-04-09 12:00:00,52,32,20
2016-04-09 13:00:00,64,35,29
2016-04-09 14:00:00,36,22,14
2016-04-09 15:00:00,42,24,18
2016-04-09 16:00:00,15,0,15
2016-04-09 17:00:00,36,23,13
2016-04-09 18:00:00,32,19,13
2016-04-09 19:00:00,14,8,6
2016-04-09 20:00:00,3,2,1
2016-04-09 21:00:00,3,0,3
2016-04-09 22:00:00,2,2,0
2016-04-09 23:00:00,0,0,0
2016-04-10 00:00:00,0,0,0
2016-04-10 01:00:00,0,0,0
2016-04-10 02:00:00,0,0,0
2016-04-10 03:00:00,0,0,0
2016-04-10 04:00:00,0,0,0
2016-04-10 05:00:00,0,0,0
2016-04-10 06:00:00,3,1,2
2016-04-10 07:00:00,10,0,10
2016-04-10 08:00:00,37,19,18
2016-04-10 09:00:00,41,25,16
2016-04-10 10:00:00,21,0,21
2016-04-10 11:00:00,53,24,29
2016-04-10 12:00:00,36,22,14
2016-04-10 13:00:00,38,22,16
2016-04-10 14:00:00,43,24,19
2016-04-10 15:00:00,50,29,21
2016-04-10 16:00:00,52,27,25
2016-04-10 17:00:00,56,33,23
2016-04-10 18:00:00,17,5,12
2016-04-10 19:00:00,32,22,10
2016-04-10 20:00:00,3,0,3
2016-04-10 21:00:00,2,1,1
2016-04-10 22:00:00,1,0,1
2016-04-10 23:00:00,1,0,1
2016-04-11 00:00:00,1,1,0
2016-04-11 01:00:00,0,0,0
2016-04-11 02:00:00,0,0,0
2016-04-11 03:00:00,0,0,0
2016-04-11 04:00:00,0,0,0
2016-04-11 05:00:00,1,1,0
2016-04-11 06:00:00,7,3,4
2016-04-11 07:00:00,19,14,5
2016-04-11 08:00:00,21,10,11
2016-04-11 09:00:00,9,0,9
2016-04-11 10:00:00,19,10,9
2016-04-11 11:00:00,12,0,12
2016-04-11 12:00:00,12,0,12
2016-04-11 13:00:00,19,9,10
2016-04-11 14:00:00,26,13,13
2016-04-11 15:00:00,20,11,9
2016-04-11 16:00:00,22,0,22
2016-04-11 17:00:00,23,0,23
2016-04-11 18:00:00,23,11,12
2016-04-11 19:00:00,11,5,6
2016-04-11 20:00:00,6,3,3
2016-04-11 21:00:00,4,2,2
2016-04-11 22:00:00,0,0,0
2016-04-11 23:00:00,0,0,0
2016-04-12 00:00:00,0,0,0
2016-04-12 01:00:00,0,0,0
2016-04-12 02:00:00,0,0,0
2016-04-12 03:00:00,0,0,0
2016-04-12 04:00:00,1,0,1
2016-04-12 05:00:00,0,0,0
2016-04-12 06:00:00,11,3,8
2016-04-12 07:00:00,29,18,11
2016-04-12 08:00:00,12,0,12
2016-04-12 09:00:00,19,12,7
2016-04-12 10:00:00,10,0,10
2016-04-12 11:00:00,29,16,13
2016-04-12 12:00:00,29,11,18
2016-04-12 13:00:00,20,13,7
2016-04-12 14:00:00,10,5,5
2016-04-12 15:00:00,13,8,5
2016-04-12 16:00:00,9,5,4
2016-04-12 17:00:00,5,3,2
2016-04-12 18:00:00,8,4,4
2016-04-12 19:00:00,7,4,3
2016-04-12 20:00:00,8,4,4
2016-04-12 21:00:00,1,1,0
2016-04-12 22:00:00,3,1,2
2016-04-12 23:00:00,1,1,0
2016-04-13 00:00:00,0,0,0
2016-04-13 01:00:00,0,0,0
2016-04-13 02:00:00,0,0,0
2016-04-13 03:00:00,0,0,0
2016-04-13 04:00:00,0,0,0
2016-04-13 05:00:00,0,0,0
2016-04-13 06:00:00,5,3,2
2016-04-13 07:00:00,14,10,4
2016-04-13 08:00:00,6,0,6
2016-04-13 09:00:00,17,8,9
2016-04-13 10:00:00,21,9,12
2016-04-13 11:00:00,18,0,18
2016-04-13 12:00:00,41,25,16
2016-04-13 13:00:00,7,0,7
2016-04-13 14:00:00,14,0,14
2016-04-13 15:00:00,13,9,4
2016-04-13 16:00:00,19,0,19
2016-04-13 17:00:00,38,19,19
2016-04-13 18:00:00,41,21,20
2016-04-13 19:00:00,28,13,15
2016-04-13 20:00:00,12,7,5
2016-04-13 21:00:00,4,2,2
2016-04-13 22:00:00,4,3,1
2016-04-13 23:00:00,0,0,0
2016-04-14 00:00:00,0,0,0
2016-04-14 01:00:00,1,1,0
2016-04-14 02:00:00,0,0,0
2016-04-14 03:00:00,0,0,0
2016-04-14 04:00:00,0,0,0
2016-04-14 05:00:00,0,0,0
2016-04-14 06:00:00,3,1,2
2016-04-14 07:00:00,13,9,4
2016-04-14 08:00:00,13,0,13
2016-04-14 09:00:00,14,0,14
2016-04-14 10:00:00,9,0,9
2016-04-14 11:00:00,34,17,17
2016-04-14 12:00:00,19,0,19
2016-04-14 13:00:00,14,0,14
2016-04-14 14:00:00,29,19,10
2016-04-14 15:00:00,17,9,8
2016-04-14 16:00:00,28,10,18
2016-04-14 17:00:00,36,20,16
2016-04-14 18:00:00,10,0,10
2016-04-14 19:00:00,22,9,13
2016-04-14 20:00:00,11,7,4
2016-04-14 21:00:00,2,1,1
2016-04-14 22:00:00,0,0,0
2016-04-14 23:00:00,0,0,0
2016-04-15 00:00:00,1,1,0
2016-04-15 01:00:00,0,0,0
2016-04-15 02:00:00,0,0,0
2016-04-15 03:00:00,0,0,0
2016-04-15 04:00:00,0,0,0
2016-04-15 05:00:00,1,0,1
2016-04-15 06:00:00,4,3,1
2016-04-15 07:00:00,23,11,12
2016-04-15 08:00:00,16,11,5
2016-04-15 09:00:00,31,15,16
2016-04-15 10:00:00,17,8,9
2016-04-15 11:00:00,19,9,10
2016-04-15 12:00:00,25,14,11
2016-04-15 13:00:00,6,0,6
2016-04-15 14:00:00,16,5,11
2016-04-15 15:00:00,24,10,14
2016-04-15 16:00:00,38,14,24
2016-04-15 17:00:00,14,0,14
2016-04-15 18:00:00,7,0,7
2016-04-15 19:00:00,10,0,10
2016-04-15 20:00:00,7,5,2
2016-04-15 21:00:00,5,2,3
2016-04-15 22:00:00,2,1,1
2016-04-15 23:00:00,0,0,0
2016-04-16 00:00:00,4,2,2
2016-04-16 01:00:00,0,0,0
2016-04-16 02:00:00,0,0,0
2016-04-16 03:00:00,0,0,0
2016-04-16 04:00:00,0,0,0
2016-04-16 05:00:00,0,0,0
2016-04-16 06:00:00,5,0,5
2016-04-16 07:00:00,24,10,14
2016-04-16 08:00:00,28,0,28
2016-04-16 09:00:00,42,21,21
2016-04-16 10:00:00,67,36,31
2016-04-16 11:00:00,60,26,34
2016-04-16 12:00:00,53,30,23
2016-04-16 13:00:00,48,25,23
2016-04-16 14:00:00,50,30,20
2016-04-16 15:00:00,44,22,22
2016-04-16 16:00:00,58,32,26
2016-04-16 17:00:00,43,25,18
2016-04-16 18:00:00,31,19,12
2016-04-16 19:00:00,24,12,12
2016-04-16 20:00:00,1,0,1
2016-04-16 21:00:00,3,2,1
2016-04-16 22:00:00,2,1,1
2016-04-16 23:00:00,0,0,0
2016-04-17 00:00:00,0,0,0
2016-04-17 01:00:00,0,0,0
2016-04-17 02:00:00,0,0,0
2016-04-17 03:00:00,0,0,0
2016-04-17 04:00:00,0,0,0
2016-04-17 05:00:00,0,0,0
2016-04-17 06:00:00,2,0,2
2016-04-17 07:00:00,27,14,13
2016-04-17 08:00:00,51,23,28
2016-04-17 09:00:00,54,30,24
2016-04-17 10:00:00,60,34,26
2016-04-17 11:00:00,64,29,35
2016-04-17 12:00:00,20,0,20
2016-04-17 13:00:00,62,30,32
2016-04-17 14:00:00,55,36,19
2016-04-17 15:00:00,66,39,27
2016-04-17 16:00:00,59,36,23
2016-04-17 17:00:00,42,24,18
2016-04-17 18:00:00,32,18,14
2016-04-17 19:00:00,17,12,5
2016-04-17 20:00:00,2,2,0
2016-04-17 21:00:00,3,1,2
2016-04-17 22:00:00,5,2,3
2016-04-17 23:00:00,2,1,1
2016-04-18 00:00:00,0,0,0
2016-04-18 01:00:00,0,0,0
2016-04-18 02:00:00,0,0,0
2016-04-18 03:00:00,0,0,0
2016-04-18 04:00:00,1,1,0
2016-04-18 05:00:00,0,0,0
2016-04-18 06:00:00,14,7,7
2016-04-18 07:00:00,27,20,7
2016-04-18 08:00:00,26,13,13
2016-04-18 09:00:00,23,15,8
2016-04-18 10:00:00,28,17,11
2016-04-18 11:00:00,24,9,15
2016-04-18 12:00:00,16,0,16
2016-04-18 13:00:00,17,11,6
2016-04-18 14:00:00,10,0,10
2016-04-18 15:00:00,23,12,11
2016-04-18 16:00:00,8,1,7
2016-04-18 17:00:00,5,2,3
2016-04-18 18:00:00,17,9,8
2016-04-18 19:00:00,53,27,26
2016-04-18 20:00:00,27,17,10
2016-04-18 21:00:00,3,3,0
2016-04-18 22:00:00,1,0,1
2016-04-18 23:00:00,0,0,0
2016-04-19 00:00:00,0,0,0
2016-04-19 01:00:00,0,0,0
2016-04-19 02:00:00,0,0,0
2016-04-19 03:00:00,0,0,0
2016-04-19 04:00:00,0,0,0
2016-04-19 05:00:00,1,0,1
2016-04-19 06:00:00,25,11,14
2016-04-19 07:00:00,28,14,14
2016-04-19 08:00:00,26,14,12
2016-04-19 09:00:00,31,13,18
2016-04-19 10:00:00,31,15,16
2016-04-19 11:00:00,39,17,22
2016-04-19 12:00:00,37,27,10
2016-04-19 13:00:00,22,10,12
2016-04-19 14:00:00,17,10,7
2016-04-19 15:00:00,18,12,6
2016-04-19 16:00:00,10,4,6
2016-04-19 17:00:00,20,9,11
2016-04-19 18:00:00,22,17,5
2016-04-19 19:00:00,22,11,11
2016-04-19 20:00:00,10,5,5
2016-04-19 21:00:00,3,1,2
2016-04-19 22:00:00,2,2,0
2016-04-19 23:00:00,2,1,1
2016-04-20 00:00:00,0,0,0
2016-04-20 01:00:00,0,0,0
2016-04-20 02:00:00,0,0,0
2016-04-20 03:00:00,0,0,0
2016-04-20 04:00:00,0,0,0
2016-04-20 05:00:00,4,2,2
2016-04-20 06:00:00,9,5,4
2016-04-20 07:00:00,18,10,8
2016-04-20 08:00:00,34,15,19
2016-04-20 09:00:00,28,15,13
2016-04-20 10:00:00,40,20,20
2016-04-20 11:00:00,23,10,13
2016-04-20 12:00:00,30,16,14
2016-04-20 13:00:00,39,31,8
2016-04-20 14:00:00,18,11,7
2016-04-20 15:00:00,14,8,6
2016-04-20 16:00:00,10,4,6
2016-04-20 17:00:00,25,8,17
2016-04-20 18:00:00,25,12,13
2016-04-20 19:00:00,15,0,15
2016-04-20 20:00:00,17,11,6
2016-04-20 21:00:00,2,0,2
2016-04-20 22:00:00,0,0,0
2016-04-20 23:00:00,0,0,0
2016-04-21 00:00:00,0,0,0
2016-04-21 01:00:00,0,0,0
2016-04-21 02:00:00,0,0,0
2016-04-21 03:00:00,0,0,0
2016-04-21 04:00:00,0,0,0
2016-04-21 05:00:00,7,4,3
2016-04-21 06:00:00,5,0,5
2016-04-21 07:00:00,9,0,9
2016-04-21 08:00:00,18,11,7
2016-04-21 09:00:00,28,13,15
2016-04-21 10:00:00,39,14,25
2016-04-21 11:00:00,24,16,8
2016-04-21 12:00:00,12,0,12
2016-04-21 13:00:00,34,18,16
2016-04-21 14:00:00,18,10,8
2016-04-21 15:00:00,21,11,10
2016-04-21 16:00:00,29,16,13
2016-04-21 17:00:00,26,14,12
2016-04-21 18:00:00,43,23,20
2016-04-21 19:00:00,23,9,14
2016-04-21 20:00:00,14,9,5
2016-04-21 21:00:00,2,0,2
2016-04-21 22:00:00,3,1,2
2016-04-21 23:00:00,1,1,0
2016-04-22 00:00:00,0,0,0
2016-04-22 01:00:00,0,0,0
2016-04-22 02:00:00,0,0,0
2016-04-22 03:00:00,0,0,0
2016-04-22 04:00:00,2,1,1
2016-04-22 05:00:00,1,0,1
2016-04-22 06:00:00,7,1,6
2016-04-22 07:00:00,32,22,10
2016-04-22 08:00:00,33,16,17
2016-04-22 09:00:00,21,10,11
2016-04-22 10:00:00,12,0,12
2016-04-22 11:00:00,45,25,20
2016-04-22 12:00:00,18,11,7
2016-04-22 13:00:00,9,3,6
2016-04-22 14:00:00,22,12,10
2016-04-22 15:00:00,15,8,7
2016-04-22 16:00:00,12,0,12
2016-04-22 17:00:00,19,10,9
2016-04-22 18:00:00,25,10,15
2016-04-22 19:00:00,17,9,8
2016-04-22 20:00:00,5,3,2
2016-04-22 21:00:00,2,1,1
2016-04-22 22:00:00,2,1,1
2016-04-22 23:00:00,0,0,0
2016-04-23 00:00:00,0,0,0
2016-04-23 01:00:00,0,0,0
2016-04-23 02:00:00,0,0,0
2016-04-23 03:00:00,0,0,0
2016-04-23 04:00:00,0,0,0
2016-04-23 05:00:00,1,0,1
2016-04-23 06:00:00,3,1,2
2016-04-23 07:00:00,14,0,14
2016-04-23 08:00:00,44,19,25
2016-04-23 09:00:00,31,0,31
2016-04-23 10:00:00,34,0,34
2016-04-23 11:00:00,75,31,44
2016-04-23 12:00:00,55,27,28
2016-04-23 13:00:00,51,30,21
2016-04-23 14:00:00,62,31,31
2016-04-23 15:00:00,47,25,22
2016-04-23 16:00:00,44,21,23
2016-04-23 17:00:00,50,33,17
2016-04-23 18:00:00,20,11,9
2016-04-23 19:00:00,12,7,5
2016-04-23 20:00:00,6,4,2
2016-04-23 21:00:00,3,2,1
2016-04-23 22:00:00,0,0,0
2016-04-23 23:00:00,2,1,1
2016-04-24 00:00:00,2,1,1
2016-04-24 01:00:00,0,0,0
2016-04-24 02:00:00,0,0,0
2016-04-24 03:00:00,0,0,0
2016-04-24 04:00:00,0,0,0
2016-04-24 05:00:00,0,0,0
2016-04-24 06:00:00,9,3,6
2016-04-24 07:00:00,16,8,8
2016-04-24 08:00:00,14,0,14
2016-04-24 09:00:00,9,6,3
2016-04-24 10:00:00,16,8,8
2016-04-24 11:00:00,21,11,10
2016-04-24 12:00:00,23,10,13
2016-04-24 13:00:00,30,16,14
2016-04-24 14:00:00,37,22,15
2016-04-24 15:00:00,23,10,13
2016-04-24 16:00:00,40,18,22
2016-04-24 17:00:00,24,16,8
2016-04-24 18:00:00,15,7,8
2016-04-24 19:00:00,22,12,10
2016-04-24 20:00:00,7,5,2
2016-04-24 21:00:00,1,0,1
2016-04-24 22:00:00,6,3,3
2016-04-24 23:00:00,0,0,0
2016-04-25 00:00:00,0,0,0
2016-04-25 01:00:00,0,0,0
2016-04-25 02:00:00,0,0,0
2016-04-25 03:00:00,0,0,0
2016-04-25 04:00:00,0,0,0
2016-04-25 05:00:00,2,0,2
2016-04-25 06:00:00,12,6,6
2016-04-25 07:00:00,20,12,8
2016-04-25 08:00:00,6,0,6
2016-04-25 09:00:00,11,4,7
2016-04-25 10:00:00,23,14,9
2016-04-25 11:00:00,20,10,10
2016-04-25 12:00:00,80,44,36
2016-04-25 13:00:00,47,27,20
2016-04-25 14:00:00,26,16,10
2016-04-25 15:00:00,29,16,13
2016-04-25 16:00:00,41,20,21
2016-04-25 17:00:00,48,21,27
2016-04-25 18:00:00,44,23,21
2016-04-25 19:00:00,37,22,15
2016-04-25 20:00:00,7,0,7
2016-04-25 21:00:00,4,3,1
2016-04-25 22:00:00,0,0,0
2016-04-25 23:00:00,1,0,1
2016-04-26 00:00:00,1,1,0
2016-04-26 01:00:00,0,0,0
2016-04-26 02:00:00,0,0,0
2016-04-26 03:00:00,0,0,0
2016-04-26 04:00:00,0,0,0
2016-04-26 05:00:00,5,2,3
2016-04-26 06:00:00,8,0,8
2016-04-26 07:00:00,4,0,4
2016-04-26 08:00:00,31,17,14
2016-04-26 09:00:00,32,17,15
2016-04-26 10:00:00,26,15,11
2016-04-26 11:00:00,38,18,20
2016-04-26 12:00:00,31,16,15
2016-04-26 13:00:00,20,10,10
2016-04-26 14:00:00,22,11,11
2016-04-26 15:00:00,16,5,11
2016-04-26 16:00:00,44,19,25
2016-04-26 17:00:00,58,29,29
2016-04-26 18:00:00,42,28,14
2016-04-26 19:00:00,16,7,9
2016-04-26 20:00:00,11,7,4
2016-04-26 21:00:00,5,2,3
2016-04-26 22:00:00,2,2,0
2016-04-26 23:00:00,0,0,0
2016-04-27 00:00:00,0,0,0
2016-04-27 01:00:00,0,0,0
2016-04-27 02:00:00,0,0,0
2016-04-27 03:00:00,0,0,0
2016-04-27 04:00:00,0,0,0
2016-04-27 05:00:00,3,0,3
2016-04-27 06:00:00,14,6,8
2016-04-27 07:00:00,22,15,7
2016-04-27 08:00:00,33,16,17
2016-04-27 09:00:00,21,6,15
2016-04-27 10:00:00,25,14,11
2016-04-27 11:00:00,23,10,13
2016-04-27 12:00:00,25,14,11
2016-04-27 13:00:00,17,9,8
2016-04-27 14:00:00,22,10,12
2016-04-27 15:00:00,11,6,5
2016-04-27 16:00:00,45,23,22
2016-04-27 17:00:00,40,14,26
2016-04-27 18:00:00,46,24,22
2016-04-27 19:00:00,19,7,12
2016-04-27 20:00:00,6,4,2
2016-04-27 21:00:00,1,0,1
2016-04-27 22:00:00,2,1,1
2016-04-27 23:00:00,0,0,0
2016-04-28 00:00:00,0,0,0
2016-04-28 01:00:00,0,0,0
2016-04-28 02:00:00,0,0,0
2016-04-28 03:00:00,0,0,0
2016-04-28 04:00:00,0,0,0
2016-04-28 05:00:00,3,0,3
2016-04-28 06:00:00,11,5,6
2016-04-28 07:00:00,27,18,9
2016-04-28 08:00:00,25,12,13
2016-04-28 09:00:00,21,11,10
2016-04-28 10:00:00,23,12,11
2016-04-28 11:00:00,20,8,12
2016-04-28 12:00:00,47,29,18
2016-04-28 13:00:00,9,0,9
2016-04-28 14:00:00,19,11,8
2016-04-28 15:00:00,35,19,16
2016-04-28 16:00:00,41,17,24
2016-04-28 17:00:00,46,24,22
2016-04-28 18:00:00,17,0,17
2016-04-28 19:00:00,45,22,23
2016-04-28 20:00:00,4,2,2
2016-04-28 21:00:00,3,2,1
2016-04-28 22:00:00,2,0,2
2016-04-28 23:00:00,0,0,0
2016-04-29 00:00:00,0,0,0
2016-04-29 01:00:00,0,0,0
2016-04-29 02:00:00,0,0,0
2016-04-29 03:00:00,0,0,0
2016-04-29 04:00:00,0,0,0
2016-04-29 05:00:00,1,0,1
2016-04-29 06:00:00,4,2,2
2016-04-29 07:00:00,22,11,11
2016-04-29 08:00:00,19,15,4
2016-04-29 09:00:00,15,0,15
2016-04-29 10:00:00,17,8,9
2016-04-29 11:00:00,7,0,7
2016-04-29 12:00:00,8,0,8
2016-04-29 13:00:00,11,0,11
2016-04-29 14:00:00,17,8,9
2016-04-29 15:00:00,30,14,16
2016-04-29 16:00:00,26,8,18
2016-04-29 17:00:00,38,19,19
2016-04-29 18:00:00,27,14,13
2016-04-29 19:00:00,25,9,16
2016-04-29 20:00:00,13,9,4
2016-04-29 21:00:00,3,3,0
2016-04-29 22:00:00,0,0,0
2016-04-29 23:00:00,0,0,0
2016-04-30 00:00:00,6,3,3
2016-04-30 01:00:00,0,0,0
2016-04-30 02:00:00,0,0,0
2016-04-30 03:00:00,0,0,0
2016-04-30 04:00:00,0,0,0
2016-04-30 05:00:00,5,2,3
2016-04-30 06:00:00,8,3,5
2016-04-30 07:00:00,19,9,10
2016-04-30 08:00:00,40,20,20
2016-04-30 09:00:00,82,42,40
2016-04-30 10:00:00,82,41,41
2016-04-30 11:00:00,75,45,30
2016-04-30 12:00:00,22,0,22
2016-04-30 13:00:00,58,30,28
2016-04-30 14:00:00,22,0,22
2016-04-30 15:00:00,40,26,14
2016-04-30 16:00:00,44,19,25
2016-04-30 17:00:00,54,37,17
2016-04-30 18:00:00,32,18,14
2016-04-30 19:00:00,14,7,7
2016-04-30 20:00:00,16,10,6
2016-04-30 21:00:00,4,3,1
2016-04-30 22:00:00,0,0,0
2016-04-30 23:00:00,0,0,0
2016-05-01 00:00:00,0,0,0
2016-05-01 01:00:00,0,0,0
2016-05-01 02:00:00,1,0,1
2016-05-01 03:00:00,0,0,0
2016-05-01 04:00:00,0,0,0
2016-05-01 05:00:00,1,1,0
2016-05-01 06:00:00,5,1,4
2016-05-01 07:00:00,10,0,10
2016-05-01 08:00:00,16,0,16
2016-05-01 09:00:00,68,32,36
2016-05-01 10:00:00,81,40,41
2016-05-01 11:00:00,26,0,26
2016-05-01 12:00:00,23,0,23
2016-05-01 13:00:00,46,25,21
2016-05-01 14:00:00,45,32,13
2016-05-01 15:00:00,61,35,26
2016-05-01 16:00:00,37,0,37
2016-05-01 17:00:00,59,33,26
2016-05-01 18:00:00,41,26,15
2016-05-01 19:00:00,27,15,12
2016-05-01 20:00:00,4,0,4
2016-05-01 21:00:00,3,1,2
2016-05-01 22:00:00,2,2,0
2016-05-01 23:00:00,0,0,0
2016-05-02 00:00:00,0,0,0
2016-05-02 01:00:00,0,0,0
2016-05-02 02:00:00,0,0,0
2016-05-02 03:00:00,0,0,0
2016-05-02 04:00:00,1,0,1
2016-05-02 05:00:00,1,0,1
2016-05-02 06:00:00,19,8,11
2016-05-02 07:00:00,21,14,7
2016-05-02 08:00:00,31,16,15
2016-05-02 09:00:00,26,15,11
2016-05-02 10:00:00,22,11,11
2016-05-02 11:00:00,29,15,14
2016-05-02 12:00:00,23,15,8
2016-05-02 13:00:00,18,10,8
2016-05-02 14:00:00,21,11,10
2016-05-02 15:00:00,25,11,14
2016-05-02 16:00:00,12,7,5
2016-05-02 17:00:00,27,14,13
2016-05-02 18:00:00,13,7,6
2016-05-02 19:00:00,28,18,10
2016-05-02 20:00:00,22,15,7
2016-05-02 21:00:00,3,3,0
2016-05-02 22:00:00,2,1,1
2016-05-02 23:00:00,4,2,2
2016-05-03 00:00:00,2,1,1
2016-05-03 01:00:00,0,0,0
2016-05-03 02:00:00,0,0,0
2016-05-03 03:00:00,0,0,0
2016-05-03 04:00:00,0,0,0
2016-05-03 05:00:00,6,2,4
2016-05-03 06:00:00,16,10,6
2016-05-03 07:00:00,19,13,6
2016-05-03 08:00:00,43,24,19
2016-05-03 09:00:00,12,0,12
2016-05-03 10:00:00,22,11,11
2016-05-03 11:00:00,48,20,28
2016-05-03 12:00:00,46,23,23
2016-05-03 13:00:00,21,13,8
2016-05-03 14:00:00,13,7,6
2016-05-03 15:00:00,17,8,9
2016-05-03 16:00:00,21,10,11
2016-05-03 17:00:00,43,12,31
2016-05-03 18:00:00,59,35,24
2016-05-03 19:00:00,19,12,7
2016-05-03 20:00:00,8,6,2
2016-05-03 21:00:00,1,1,0
2016-05-03 22:00:00,1,1,0
2016-05-03 23:00:00,0,0,0
2016-05-04 00:00:00,0,0,0
2016-05-04 01:00:00,1,0,1
2016-05-04 02:00:00,0,0,0
2016-05-04 03:00:00,0,0,0
2016-05-04 04:00:00,0,0,0
2016-05-04 05:00:00,4,1,3
2016-05-04 06:00:00,19,10,9
2016-05-04 07:00:00,23,15,8
2016-05-04 08:00:00,22,14,8
2016-05-04 09:00:00,23,14,9
2016-05-04 10:00:00,15,8,7
2016-05-04 11:00:00,18,10,8
2016-05-04 12:00:00,14,4,10
2016-05-04 13:00:00,14,9,5
2016-05-04 14:00:00,21,9,12
2016-05-04 15:00:00,15,9,6
2016-05-04 16:00:00,19,5,14
2016-05-04 17:00:00,45,21,24
2016-05-04 18:00:00,40,17,23
2016-05-04 19:00:00,19,11,8
2016-05-04 20:00:00,12,8,4
2016-05-04 21:00:00,1,0,1
2016-05-04 22:00:00,2,1,1
2016-05-04 23:00:00,1,0,1
2016-05-05 00:00:00,1,1,0
2016-05-05 01:00:00,0,0,0
2016-05-05 02:00:00,0,0,0
2016-05-05 03:00:00,1,0,1
2016-05-05 04:00:00,0,0,0
2016-05-05 05:00:00,9,3,6
2016-05-05 06:00:00,15,6,9
2016-05-05 07:00:00,26,18,8
2016-05-05 08:00:00,33,21,12
2016-05-05 09:00:00,21,12,9
2016-05-05 10:00:00,13,0,13
2016-05-05 11:00:00,29,16,13
2016-05-05 12:00:00,28,18,10
2016-05-05 13:00:00,12,7,5
2016-05-05 14:00:00,22,13,9
2016-05-05 15:00:00,28,13,15
2016-05-05 16:00:00,34,16,18
2016-05-05 17:00:00,39,24,15
2016-05-05 18:00:00,54,33,21
2016-05-05 19:00:00,43,17,26
2016-05-05 20:00:00,11,8,3
2016-05-05 21:00:00,5,2,3
2016-05-05 22:00:00,0,0,0
2016-05-05 23:00:00,0,0,0
2016-05-06 00:00:00,0,0,0
2016-05-06 01:00:00,0,0,0
2016-05-06 02:00:00,0,0,0
2016-05-06 03:00:00,0,0,0
2016-05-06 04:00:00,0,0,0
2016-05-06 05:00:00,1,0,1
2016-05-06 06:00:00,19,9,10
2016-05-06 07:00:00,35,19,16
2016-05-06 08:00:00,31,18,13
2016-05-06 09:00:00,24,16,8
2016-05-06 10:00:00,27,12,15
2016-05-06 11:00:00,24,15,9
2016-05-06 12:00:00,33,19,14
2016-05-06 13:00:00,32,17,15
2016-05-06 14:00:00,24,13,11
2016-05-06 15:00:00,22,14,8
2016-05-06 16:00:00,39,18,21
2016-05-06 17:00:00,35,17,18
2016-05-06 18:00:00,27,19,8
2016-05-06 19:00:00,41,24,17
2016-05-06 20:00:00,18,10,8
2016-05-06 21:00:00,0,0,0
2016-05-06 22:00:00,2,1,1
2016-05-06 23:00:00,1,1,0
2016-05-07 00:00:00,0,0,0
2016-05-07 01:00:00,0,0,0
2016-05-07 02:00:00,0,0,0
2016-05-07 03:00:00,0,0,0
2016-05-07 04:00:00,0,0,0
2016-05-07 05:00:00,3,0,3
2016-05-07 06:00:00,7,2,5
2016-05-07 07:00:00,44,21,23
2016-05-07 08:00:00,52,20,32
2016-05-07 09:00:00,77,35,42
2016-05-07 10:00:00,61,33,28
2016-05-07 11:00:00,90,56,34
2016-05-07 12:00:00,69,42,27
2016-05-07 13:00:00,35,17,18
2016-05-07 14:00:00,42,24,18
2016-05-07 15:00:00,48,37,11
2016-05-07 16:00:00,59,38,21
2016-05-07 17:00:00,39,24,15
2016-05-07 18:00:00,32,17,15
2016-05-07 19:00:00,16,8,8
2016-05-07 20:00:00,17,10,7
2016-05-07 21:00:00,5,4,1
2016-05-07 22:00:00,6,3,3
2016-05-07 23:00:00,1,1,0
2016-05-08 00:00:00,0,0,0
2016-05-08 01:00:00,0,0,0
2016-05-08 02:00:00,1,1,0
2016-05-08 03:00:00,0,0,0
2016-05-08 04:00:00,0,0,0
2016-05-08 05:00:00,0,0,0
2016-05-08 06:00:00,0,0,0
2016-05-08 07:00:00,10,3,7
2016-05-08 08:00:00,26,13,13
2016-05-08 09:00:00,16,8,8
2016-05-08 10:00:00,21,12,9
2016-05-08 11:00:00,26,12,14
2016-05-08 12:00:00,35,15,20
2016-05-08 13:00:00,39,21,18
2016-05-08 14:00:00,53,28,25
2016-05-08 15:00:00,42,24,18
2016-05-08 16:00:00,48,28,20
2016-05-08 17:00:00,49,26,23
2016-05-08 18:00:00,21,15,6
2016-05-08 19:00:00,13,5,8
2016-05-08 20:00:00,15,9,6
2016-05-08 21:00:00,3,3,0
2016-05-08 22:00:00,2,1,1
2016-05-08 23:00:00,0,0,0
2016-05-09 00:00:00,0,0,0
2016-05-09 01:00:00,0,0,0
2016-05-09 02:00:00,0,0,0
2016-05-09 03:00:00,0,0,0
2016-05-09 04:00:00,0,0,0
2016-05-09 05:00:00,3,2,1
2016-05-09 06:00:00,15,8,7
2016-05-09 07:00:00,24,16,8
2016-05-09 08:00:00,19,12,7
2016-05-09 09:00:00,29,12,17
2016-05-09 10:00:00,31,19,12
2016-05-09 11:00:00,88,50,38
2016-05-09 12:00:00,36,16,20
2016-05-09 13:00:00,26,15,11
2016-05-09 14:00:00,26,11,15
2016-05-09 15:00:00,29,14,15
2016-05-09 16:00:00,43,22,21
2016-05-09 17:00:00,49,20,29
2016-05-09 18:00:00,53,26,27
2016-05-09 19:00:00,38,20,18
2016-05-09 20:00:00,16,11,5
2016-05-09 21:00:00,4,4,0
2016-05-09 22:00:00,2,1,1
2016-05-09 23:00:00,0,0,0
2016-05-10 00:00:00,0,0,0
2016-05-10 01:00:00,0,0,0
2016-05-10 02:00:00,0,0,0
2016-05-10 03:00:00,0,0,0
2016-05-10 04:00:00,0,0,0
2016-05-10 05:00:00,3,2,1
2016-05-10 06:00:00,11,6,5
2016-05-10 07:00:00,25,17,8
2016-05-10 08:00:00,34,23,11
2016-05-10 09:00:00,28,14,14
2016-05-10 10:00:00,45,27,18
2016-05-10 11:00:00,32,19,13
2016-05-10 12:00:00,27,14,13
2016-05-10 13:00:00,20,11,9
2016-05-10 14:00:00,28,15,13
2016-05-10 15:00:00,23,12,11
2016-05-10 16:00:00,34,18,16
2016-05-10 17:00:00,53,27,26
2016-05-10 18:00:00,56,28,28
2016-05-10 19:00:00,37,20,17
2016-05-10 20:00:00,20,13,7
2016-05-10 21:00:00,3,3,0
2016-05-10 22:00:00,3,2,1
2016-05-10 23:00:00,0,0,0
2016-05-11 00:00:00,0,0,0
2016-05-11 01:00:00,0,0,0
2016-05-11 02:00:00,0,0,0
2016-05-11 03:00:00,0,0,0
2016-05-11 04:00:00,0,0,0
2016-05-11 05:00:00,3,0,3
2016-05-11 06:00:00,22,15,7
2016-05-11 07:00:00,18,10,8
2016-05-11 08:00:00,42,26,16
2016-05-11 09:00:00,34,11,23
2016-05-11 10:00:00,23,12,11
2016-05-11 11:00:00,31,20,11
2016-05-11 12:00:00,24,15,9
2016-05-11 13:00:00,24,15,9
2016-05-11 14:00:00,16,7,9
2016-05-11 15:00:00,28,19,9
2016-05-11 16:00:00,35,17,18
2016-05-11 17:00:00,50,20,30
2016-05-11 18:00:00,77,40,37
2016-05-11 19:00:00,55,25,30
2016-05-11 20:00:00,21,15,6
2016-05-11 21:00:00,6,3,3
2016-05-11 22:00:00,10,6,4
2016-05-11 23:00:00,0,0,0
2016-05-12 00:00:00,0,0,0
2016-05-12 01:00:00,0,0,0
2016-05-12 02:00:00,0,0,0
2016-05-12 03:00:00,0,0,0
2016-05-12 04:00:00,0,0,0
2016-05-12 05:00:00,4,0,4
2016-05-12 06:00:00,15,9,6
2016-05-12 07:00:00,21,13,8
2016-05-12 08:00:00,40,22,18
2016-05-12 09:00:00,19,14,5
2016-05-12 10:00:00,53,29,24
2016-05-12 11:00:00,58,26,32
2016-05-12 12:00:00,47,28,19
2016-05-12 13:00:00,35,16,19
2016-05-12 14:00:00,19,12,7
2016-05-12 15:00:00,23,14,9
2016-05-12 16:00:00,33,12,21
2016-05-12 17:00:00,46,24,22
2016-05-12 18:00:00,49,26,23
2016-05-12 19:00:00,32,17,15
2016-05-12 20:00:00,22,16,6
2016-05-12 21:00:00,6,1,5
2016-05-12 22:00:00,4,2,2
2016-05-12 23:00:00,0,0,0
2016-05-13 00:00:00,0,0,0
2016-05-13 01:00:00,0,0,0
2016-05-13 02:00:00,0,0,0
2016-05-13 03:00:00,0,0,0
2016-05-13 04:00:00,0,0,0
2016-05-13 05:00:00,5,2,3
2016-05-13 06:00:00,15,9,6
2016-05-13 07:00:00,25,15,10
2016-05-13 08:00:00,41,25,16
2016-05-13 09:00:00,37,15,22
2016-05-13 10:00:00,44,22,22
2016-05-13 11:00:00,43,27,16
2016-05-13 12:00:00,25,12,13
2016-05-13 13:00:00,18,11,7
2016-05-13 14:00:00,20,11,9
2016-05-13 15:00:00,23,14,9
2016-05-13 16:00:00,24,5,19
2016-05-13 17:00:00,38,20,18
2016-05-13 18:00:00,32,13,19
2016-05-13 19:00:00,25,12,13
2016-05-13 20:00:00,13,7,6
2016-05-13 21:00:00,2,1,1
2016-05-13 22:00:00,2,1,1
2016-05-13 23:00:00,4,2,2
2016-05-14 00:00:00,0,0,0
2016-05-14 01:00:00,0,0,0
2016-05-14 02:00:00,0,0,0
2016-05-14 03:00:00,0,0,0
2016-05-14 04:00:00,0,0,0
2016-05-14 05:00:00,1,0,1
2016-05-14 06:00:00,12,4,8
2016-05-14 07:00:00,24,10,14
2016-05-14 08:00:00,45,23,22
2016-05-14 09:00:00,73,35,38
2016-05-14 10:00:00,72,38,34
2016-05-14 11:00:00,59,35,24
2016-05-14 12:00:00,36,19,17
2016-05-14 13:00:00,33,23,10
2016-05-14 14:00:00,12,4,8
2016-05-14 15:00:00,29,16,13
2016-05-14 16:00:00,41,22,19
2016-05-14 17:00:00,27,12,15
2016-05-14 18:00:00,13,10,3
2016-05-14 19:00:00,13,7,6
2016-05-14 20:00:00,11,7,4
2016-05-14 21:00:00,0,0,0
2016-05-14 22:00:00,1,0,1
2016-05-14 23:00:00,3,1,2
2016-05-15 00:00:00,0,0,0
2016-05-15 01:00:00,0,0,0
2016-05-15 02:00:00,0,0,0
2016-05-15 03:00:00,0,0,0
2016-05-15 04:00:00,0,0,0
2016-05-15 05:00:00,2,1,1
2016-05-15 06:00:00,4,2,2
2016-05-15 07:00:00,19,4,15
2016-05-15 08:00:00,46,28,18
2016-05-15 09:00:00,50,26,24
2016-05-15 10:00:00,48,25,23
2016-05-15 11:00:00,43,20,23
2016-05-15 12:00:00,49,30,19
2016-05-15 13:00:00,30,17,13
2016-05-15 14:00:00,25,12,13
2016-05-15 15:00:00,39,19,20
2016-05-15 16:00:00,42,21,21
2016-05-15 17:00:00,31,13,18
2016-05-15 18:00:00,28,17,11
2016-05-15 19:00:00,13,8,5
2016-05-15 20:00:00,4,2,2
2016-05-15 21:00:00,3,2,1
2016-05-15 22:00:00,0,0,0
2016-05-15 23:00:00,0,0,0
2016-05-16 00:00:00,0,0,0
2016-05-16 01:00:00,0,0,0
2016-05-16 02:00:00,0,0,0
2016-05-16 03:00:00,0,0,0
2016-05-16 04:00:00,0,0,0
2016-05-16 05:00:00,2,1,1
2016-05-16 06:00:00,17,9,8
2016-05-16 07:00:00,34,23,11
2016-05-16 08:00:00,26,16,10
2016-05-16 09:00:00,26,17,9
2016-05-16 10:00:00,27,12,15
2016-05-16 11:00:00,31,15,16
2016-05-16 12:00:00,32,18,14
2016-05-16 13:00:00,17,5,12
2016-05-16 14:00:00,18,10,8
2016-05-16 15:00:00,28,15,13
2016-05-16 16:00:00,36,13,23
2016-05-16 17:00:00,33,18,15
2016-05-16 18:00:00,38,22,16
2016-05-16 19:00:00,37,22,15
2016-05-16 20:00:00,20,12,8
2016-05-16 21:00:00,10,5,5
2016-05-16 22:00:00,7,5,2
2016-05-16 23:00:00,0,0,0
2016-05-17 00:00:00,0,0,0
2016-05-17 01:00:00,0,0,0
2016-05-17 02:00:00,0,0,0
2016-05-17 03:00:00,0,0,0
2016-05-17 04:00:00,1,1,0
2016-05-17 05:00:00,3,2,1
2016-05-17 06:00:00,14,5,9
2016-05-17 07:00:00,35,21,14
2016-05-17 08:00:00,31,19,12
2016-05-17 09:00:00,31,17,14
2016-05-17 10:00:00,27,15,12
2016-05-17 11:00:00,34,18,16
2016-05-17 12:00:00,37,19,18
2016-05-17 13:00:00,30,17,13
2016-05-17 14:00:00,25,13,12
2016-05-17 15:00:00,33,19,14
2016-05-17 16:00:00,36,21,15
2016-05-17 17:00:00,54,30,24
2016-05-17 18:00:00,46,22,24
2016-05-17 19:00:00,47,23,24
2016-05-17 20:00:00,26,14,12
2016-05-17 21:00:00,4,2,2
2016-05-17 22:00:00,0,0,0
2016-05-17 23:00:00,1,1,0
2016-05-18 00:00:00,0,0,0
2016-05-18 01:00:00,0,0,0
2016-05-18 02:00:00,0,0,0
2016-05-18 03:00:00,0,0,0
2016-05-18 04:00:00,1,1,0
2016-05-18 05:00:00,4,2,2
2016-05-18 06:00:00,20,9,11
2016-05-18 07:00:00,32,22,10
2016-05-18 08:00:00,34,21,13
2016-05-18 09:00:00,29,14,15
2016-05-18 10:00:00,43,27,16
2016-05-18 11:00:00,33,13,20
2016-05-18 12:00:00,28,17,11
2016-05-18 13:00:00,21,12,9
2016-05-18 14:00:00,21,10,11
2016-05-18 15:00:00,24,17,7
2016-05-18 16:00:00,17,3,14
2016-05-18 17:00:00,34,15,19
2016-05-18 18:00:00,38,21,17
2016-05-18 19:00:00,27,12,15
2016-05-18 20:00:00,13,8,5
2016-05-18 21:00:00,15,7,8
2016-05-18 22:00:00,1,1,0
2016-05-18 23:00:00,0,0,0
2016-05-19 00:00:00,0,0,0
2016-05-19 01:00:00,0,0,0
2016-05-19 02:00:00,0,0,0
2016-05-19 03:00:00,0,0,0
2016-05-19 04:00:00,0,0,0
2016-05-19 05:00:00,2,1,1
2016-05-19 06:00:00,8,4,4
2016-05-19 07:00:00,15,10,5
2016-05-19 08:00:00,19,13,6
2016-05-19 09:00:00,36,19,17
2016-05-19 10:00:00,111,51,60
2016-05-19 11:00:00,109,0,109
2016-05-19 12:00:00,143,66,77
2016-05-19 13:00:00,101,63,38
2016-05-19 14:00:00,37,26,11
2016-05-19 15:00:00,29,20,9
2016-05-19 16:00:00,35,23,12
2016-05-19 17:00:00,32,16,16
2016-05-19 18:00:00,14,8,6
2016-05-19 19:00:00,9,4,5
2016-05-19 20:00:00,6,3,3
2016-05-19 21:00:00,3,1,2
2016-05-19 22:00:00,1,0,1
2016-05-19 23:00:00,2,1,1
2016-05-20 00:00:00,0,0,0
2016-05-20 01:00:00,0,0,0
2016-05-20 02:00:00,0,0,0
2016-05-20 03:00:00,0,0,0
2016-05-20 04:00:00,0,0,0
2016-05-20 05:00:00,2,1,1
2016-05-20 06:00:00,8,3,5
2016-05-20 07:00:00,24,18,6
2016-05-20 08:00:00,28,24,4
2016-05-20 09:00:00,26,15,11
2016-05-20 10:00:00,31,15,16
2016-05-20 11:00:00,64,35,29
2016-05-20 12:00:00,42,23,19
2016-05-20 13:00:00,21,16,5
2016-05-20 14:00:00,26,11,15
2016-05-20 15:00:00,29,14,15
2016-05-20 16:00:00,42,16,26
2016-05-20 17:00:00,46,24,22
2016-05-20 18:00:00,36,20,16
2016-05-20 19:00:00,29,15,14
2016-05-20 20:00:00,20,13,7
2016-05-20 21:00:00,5,4,1
2016-05-20 22:00:00,1,1,0
2016-05-20 23:00:00,0,0,0
2016-05-21 00:00:00,0,0,0
2016-05-21 01:00:00,0,0,0
2016-05-21 02:00:00,0,0,0
2016-05-21 03:00:00,0,0,0
2016-05-21 04:00:00,0,0,0
2016-05-21 05:00:00,1,0,1
2016-05-21 06:00:00,7,3,4
2016-05-21 07:00:00,23,15,8
2016-05-21 08:00:00,86,59,27
2016-05-21 09:00:00,34,17,17
2016-05-21 10:00:00,70,29,41
2016-05-21 11:00:00,50,31,19
2016-05-21 12:00:00,11,8,3
2016-05-21 13:00:00,9,5,4
2016-05-21 14:00:00,17,12,5
2016-05-21 15:00:00,32,18,14
2016-05-21 16:00:00,20,10,10
2016-05-21 17:00:00,21,13,8
2016-05-21 18:00:00,18,10,8
2016-05-21 19:00:00,11,6,5
2016-05-21 20:00:00,4,2,2
2016-05-21 21:00:00,7,4,3
2016-05-21 22:00:00,1,1,0
2016-05-21 23:00:00,1,0,1
2016-05-22 00:00:00,0,0,0
2016-05-22 01:00:00,0,0,0
2016-05-22 02:00:00,0,0,0
2016-05-22 03:00:00,0,0,0
2016-05-22 04:00:00,0,0,0
2016-05-22 05:00:00,3,1,2
2016-05-22 06:00:00,1,1,0
2016-05-22 07:00:00,26,9,17
2016-05-22 08:00:00,30,19,11
2016-05-22 09:00:00,49,16,33
2016-05-22 10:00:00,195,79,116
2016-05-22 11:00:00,406,164,242
2016-05-22 12:00:00,558,276,282
2016-05-22 13:00:00,199,83,116
2016-05-22 14:00:00,53,25,28
2016-05-22 15:00:00,90,65,25
2016-05-22 16:00:00,133,95,38
2016-05-22 17:00:00,55,26,29
2016-05-22 18:00:00,23,13,10
2016-05-22 19:00:00,13,8,5
2016-05-22 20:00:00,7,3,4
2016-05-22 21:00:00,6,2,4
2016-05-22 22:00:00,1,1,0
2016-05-22 23:00:00,0,0,0
2016-05-23 00:00:00,0,0,0
2016-05-23 01:00:00,0,0,0
2016-05-23 02:00:00,0,0,0
2016-05-23 03:00:00,0,0,0
2016-05-23 04:00:00,1,0,1
2016-05-23 05:00:00,0,0,0
2016-05-23 06:00:00,13,3,10
2016-05-23 07:00:00,25,17,8
2016-05-23 08:00:00,22,15,7
2016-05-23 09:00:00,23,12,11
2016-05-23 10:00:00,45,25,20
2016-05-23 11:00:00,29,13,16
2016-05-23 12:00:00,59,32,27
2016-05-23 13:00:00,42,23,19
2016-05-23 14:00:00,25,9,16
2016-05-23 15:00:00,13,5,8
2016-05-23 16:00:00,35,16,19
2016-05-23 17:00:00,49,23,26
2016-05-23 18:00:00,50,22,28
2016-05-23 19:00:00,31,19,12
2016-05-23 20:00:00,23,9,14
2016-05-23 21:00:00,11,8,3
2016-05-23 22:00:00,2,1,1
2016-05-23 23:00:00,0,0,0
2016-05-24 00:00:00,0,0,0
2016-05-24 01:00:00,0,0,0
2016-05-24 02:00:00,2,0,2
2016-05-24 03:00:00,0,0,0
2016-05-24 04:00:00,0,0,0
2016-05-24 05:00:00,3,1,2
2016-05-24 06:00:00,12,7,5
2016-05-24 07:00:00,16,9,7
2016-05-24 08:00:00,33,22,11
2016-05-24 09:00:00,24,17,7
2016-05-24 10:00:00,26,11,15
2016-05-24 11:00:00,31,14,17
2016-05-24 12:00:00,42,24,18
2016-05-24 13:00:00,19,14,5
2016-05-24 14:00:00,12,5,7
2016-05-24 15:00:00,16,8,8
2016-05-24 16:00:00,48,20,28
2016-05-24 17:00:00,50,23,27
2016-05-24 18:00:00,39,19,20
2016-05-24 19:00:00,42,27,15
2016-05-24 20:00:00,20,10,10
2016-05-24 21:00:00,9,5,4
2016-05-24 22:00:00,1,1,0
2016-05-24 23:00:00,0,0,0
2016-05-25 00:00:00,0,0,0
2016-05-25 01:00:00,0,0,0
2016-05-25 02:00:00,0,0,0
2016-05-25 03:00:00,0,0,0
2016-05-25 04:00:00,0,0,0
2016-05-25 05:00:00,3,1,2
2016-05-25 06:00:00,9,2,7
2016-05-25 07:00:00,23,15,8
2016-05-25 08:00:00,32,19,13
2016-05-25 09:00:00,19,12,7
2016-05-25 10:00:00,28,11,17
2016-05-25 11:00:00,29,11,18
2016-05-25 12:00:00,34,18,16
2016-05-25 13:00:00,52,29,23
2016-05-25 14:00:00,36,22,14
2016-05-25 15:00:00,36,23,13
2016-05-25 16:00:00,73,52,21
2016-05-25 17:00:00,60,30,30
2016-05-25 18:00:00,34,20,14
2016-05-25 19:00:00,37,20,17
2016-05-25 20:00:00,6,2,4
2016-05-25 21:00:00,11,7,4
2016-05-25 22:00:00,4,2,2
2016-05-25 23:00:00,4,2,2
2016-05-26 00:00:00,0,0,0
2016-05-26 01:00:00,0,0,0
2016-05-26 02:00:00,0,0,0
2016-05-26 03:00:00,0,0,0
2016-05-26 04:00:00,0,0,0
2016-05-26 05:00:00,7,3,4
2016-05-26 06:00:00,14,8,6
2016-05-26 07:00:00,26,15,11
2016-05-26 08:00:00,20,13,7
2016-05-26 09:00:00,28,13,15
2016-05-26 10:00:00,39,21,18
2016-05-26 11:00:00,21,8,13
2016-05-26 12:00:00,21,13,8
2016-05-26 13:00:00,54,26,28
2016-05-26 14:00:00,12,7,5
2016-05-26 15:00:00,19,12,7
2016-05-26 16:00:00,32,15,17
2016-05-26 17:00:00,19,8,11
2016-05-26 18:00:00,24,12,12
2016-05-26 19:00:00,19,6,13
2016-05-26 20:00:00,13,10,3
2016-05-26 21:00:00,2,1,1
2016-05-26 22:00:00,3,2,1
2016-05-26 23:00:00,4,3,1
2016-05-27 00:00:00,0,0,0
2016-05-27 01:00:00,3,2,1
2016-05-27 02:00:00,0,0,0
2016-05-27 03:00:00,0,0,0
2016-05-27 04:00:00,0,0,0
2016-05-27 05:00:00,1,1,0
2016-05-27 06:00:00,4,2,2
2016-05-27 07:00:00,20,11,9
2016-05-27 08:00:00,23,13,10
2016-05-27 09:00:00,25,13,12
2016-05-27 10:00:00,90,42,48
2016-05-27 11:00:00,114,39,75
2016-05-27 12:00:00,108,62,46
2016-05-27 13:00:00,55,30,25
2016-05-27 14:00:00,30,11,19
2016-05-27 15:00:00,37,17,20
2016-05-27 16:00:00,45,16,29
2016-05-27 17:00:00,42,25,17
2016-05-27 18:00:00,28,16,12
2016-05-27 19:00:00,27,6,21
2016-05-27 20:00:00,11,5,6
2016-05-27 21:00:00,4,2,2
2016-05-27 22:00:00,2,0,2
2016-05-27 23:00:00,1,1,0
2016-05-28 00:00:00,0,0,0
2016-05-28 01:00:00,0,0,0
2016-05-28 02:00:00,0,0,0
2016-05-28 03:00:00,0,0,0
2016-05-28 04:00:00,0,0,0
2016-05-28 05:00:00,0,0,0
2016-05-28 06:00:00,4,3,1
2016-05-28 07:00:00,19,6,13
2016-05-28 08:00:00,24,12,12
2016-05-28 09:00:00,62,29,33
2016-05-28 10:00:00,39,20,19
2016-05-28 11:00:00,32,10,22
2016-05-28 12:00:00,28,14,14
2016-05-28 13:00:00,30,15,15
2016-05-28 14:00:00,37,21,16
2016-05-28 15:00:00,24,8,16
2016-05-28 16:00:00,19,9,10
2016-05-28 17:00:00,19,12,7
2016-05-28 18:00:00,14,4,10
2016-05-28 19:00:00,8,3,5
2016-05-28 20:00:00,1,1,0
2016-05-28 21:00:00,2,1,1
2016-05-28 22:00:00,1,1,0
2016-05-28 23:00:00,0,0,0
2016-05-29 00:00:00,0,0,0
2016-05-29 01:00:00,1,0,1
2016-05-29 02:00:00,0,0,0
2016-05-29 03:00:00,0,0,0
2016-05-29 04:00:00,0,0,0
2016-05-29 05:00:00,2,0,2
2016-05-29 06:00:00,6,3,3
2016-05-29 07:00:00,13,4,9
2016-05-29 08:00:00,38,21,17
2016-05-29 09:00:00,38,20,18
2016-05-29 10:00:00,27,14,13
2016-05-29 11:00:00,33,15,18
2016-05-29 12:00:00,39,17,22
2016-05-29 13:00:00,26,15,11
2016-05-29 14:00:00,28,13,15
2016-05-29 15:00:00,41,21,20
2016-05-29 16:00:00,45,27,18
2016-05-29 17:00:00,54,31,23
2016-05-29 18:00:00,30,20,10
2016-05-29 19:00:00,27,16,11
2016-05-29 20:00:00,10,7,3
2016-05-29 21:00:00,1,1,0
2016-05-29 22:00:00,2,1,1
2016-05-29 23:00:00,2,1,1
2016-05-30 00:00:00,0,0,0
2016-05-30 01:00:00,0,0,0
2016-05-30 02:00:00,0,0,0
2016-05-30 03:00:00,1,1,0
2016-05-30 04:00:00,0,0,0
2016-05-30 05:00:00,1,0,1
2016-05-30 06:00:00,4,1,3
2016-05-30 07:00:00,15,6,9
2016-05-30 08:00:00,37,16,21
2016-05-30 09:00:00,56,29,27
2016-05-30 10:00:00,76,40,36
2016-05-30 11:00:00,59,35,24
2016-05-30 12:00:00,86,42,44
2016-05-30 13:00:00,64,40,24
2016-05-30 14:00:00,54,33,21
2016-05-30 15:00:00,65,36,29
2016-05-30 16:00:00,54,30,24
2016-05-30 17:00:00,42,29,13
2016-05-30 18:00:00,23,15,8
2016-05-30 19:00:00,24,12,12
2016-05-30 20:00:00,9,5,4
2016-05-30 21:00:00,11,6,5
2016-05-30 22:00:00,2,1,1
2016-05-30 23:00:00,0,0,0
2016-05-31 00:00:00,0,0,0
2016-05-31 01:00:00,0,0,0
2016-05-31 02:00:00,0,0,0
2016-05-31 03:00:00,0,0,0
2016-05-31 04:00:00,0,0,0
2016-05-31 05:00:00,2,2,0
2016-05-31 06:00:00,20,13,7
2016-05-31 07:00:00,38,17,21
2016-05-31 08:00:00,27,21,6
2016-05-31 09:00:00,27,15,12
2016-05-31 10:00:00,40,19,21
2016-05-31 11:00:00,77,55,22
2016-05-31 12:00:00,38,25,13
2016-05-31 13:00:00,32,18,14
2016-05-31 14:00:00,33,21,12
2016-05-31 15:00:00,28,15,13
2016-05-31 16:00:00,30,14,16
2016-05-31 17:00:00,56,29,27
2016-05-31 18:00:00,45,25,20
2016-05-31 19:00:00,41,21,20
2016-05-31 20:00:00,21,10,11
2016-05-31 21:00:00,14,10,4
2016-05-31 22:00:00,3,2,1
2016-05-31 23:00:00,2,2,0
2016-06-01 00:00:00,0,0,0
2016-06-01 01:00:00,1,0,1
2016-06-01 02:00:00,0,0,0
2016-06-01 03:00:00,0,0,0
2016-06-01 04:00:00,1,0,1
2016-06-01 05:00:00,2,0,2
2016-06-01 06:00:00,15,9,6
2016-06-01 07:00:00,23,17,6
2016-06-01 08:00:00,27,13,14
2016-06-01 09:00:00,29,14,15
2016-06-01 10:00:00,26,13,13
2016-06-01 11:00:00,36,17,19
2016-06-01 12:00:00,48,21,27
2016-06-01 13:00:00,25,11,14
2016-06-01 14:00:00,42,25,17
2016-06-01 15:00:00,37,21,16
2016-06-01 16:00:00,36,17,19
2016-06-01 17:00:00,29,13,16
2016-06-01 18:00:00,31,18,13
2016-06-01 19:00:00,44,19,25
2016-06-01 20:00:00,17,8,9
2016-06-01 21:00:00,0,0,0
2016-06-01 22:00:00,1,1,0
2016-06-01 23:00:00,0,0,0
2016-06-02 00:00:00,1,0,1
2016-06-02 01:00:00,0,0,0
2016-06-02 02:00:00,1,1,0
2016-06-02 03:00:00,0,0,0
2016-06-02 04:00:00,0,0,0
2016-06-02 05:00:00,2,1,1
2016-06-02 06:00:00,17,9,8
2016-06-02 07:00:00,13,10,3
2016-06-02 08:00:00,24,15,9
2016-06-02 09:00:00,19,9,10
2016-06-02 10:00:00,53,25,28
2016-06-02 11:00:00,63,23,40
2016-06-02 12:00:00,39,21,18
2016-06-02 13:00:00,19,8,11
2016-06-02 14:00:00,30,14,16
2016-06-02 15:00:00,23,17,6
2016-06-02 16:00:00,53,38,15
2016-06-02 17:00:00,34,18,16
2016-06-02 18:00:00,44,23,21
2016-06-02 19:00:00,21,10,11
2016-06-02 20:00:00,18,8,10
2016-06-02 21:00:00,5,2,3
2016-06-02 22:00:00,3,1,2
2016-06-02 23:00:00,3,3,0
2016-06-03 00:00:00,0,0,0
2016-06-03 01:00:00,0,0,0
2016-06-03 02:00:00,0,0,0
2016-06-03 03:00:00,0,0,0
2016-06-03 04:00:00,1,0,1
2016-06-03 05:00:00,6,2,4
2016-06-03 06:00:00,17,10,7
2016-06-03 07:00:00,27,12,15
2016-06-03 08:00:00,53,28,25
2016-06-03 09:00:00,43,24,19
2016-06-03 10:00:00,53,27,26
2016-06-03 11:00:00,39,18,21
2016-06-03 12:00:00,88,54,34
2016-06-03 13:00:00,147,70,77
2016-06-03 14:00:00,50,39,11
2016-06-03 15:00:00,24,15,9
2016-06-03 16:00:00,34,16,18
2016-06-03 17:00:00,27,12,15
2016-06-03 18:00:00,32,14,18
2016-06-03 19:00:00,23,12,11
2016-06-03 20:00:00,12,8,4
2016-06-03 21:00:00,5,2,3
2016-06-03 22:00:00,2,1,1
2016-06-03 23:00:00,2,1,1
2016-06-04 00:00:00,0,0,0
2016-06-04 01:00:00,0,0,0
2016-06-04 02:00:00,0,0,0
2016-06-04 03:00:00,0,0,0
2016-06-04 04:00:00,0,0,0
2016-06-04 05:00:00,3,1,2
2016-06-04 06:00:00,8,3,5
2016-06-04 07:00:00,30,8,22
2016-06-04 08:00:00,77,40,37
2016-06-04 09:00:00,89,49,40
2016-06-04 10:00:00,74,34,40
2016-06-04 11:00:00,67,46,21
2016-06-04 12:00:00,66,35,31
2016-06-04 13:00:00,45,27,18
2016-06-04 14:00:00,46,29,17
2016-06-04 15:00:00,32,18,14
2016-06-04 16:00:00,46,34,12
2016-06-04 17:00:00,32,18,14
2016-06-04 18:00:00,24,12,12
2016-06-04 19:00:00,18,7,11
2016-06-04 20:00:00,18,10,8
2016-06-04 21:00:00,6,6,0
2016-06-04 22:00:00,7,4,3
2016-06-04 23:00:00,2,2,0
2016-06-05 00:00:00,0,0,0
2016-06-05 01:00:00,0,0,0
2016-06-05 02:00:00,0,0,0
2016-06-05 03:00:00,0,0,0
2016-06-05 04:00:00,0,0,0
2016-06-05 05:00:00,1,0,1
2016-06-05 06:00:00,6,3,3
2016-06-05 07:00:00,26,11,15
2016-06-05 08:00:00,74,33,41
2016-06-05 09:00:00,97,48,49
2016-06-05 10:00:00,66,37,29
2016-06-05 11:00:00,97,50,47
2016-06-05 12:00:00,95,53,42
2016-06-05 13:00:00,39,20,19
2016-06-05 14:00:00,39,20,19
2016-06-05 15:00:00,31,15,16
2016-06-05 16:00:00,24,13,11
2016-06-05 17:00:00,33,20,13
2016-06-05 18:00:00,18,11,7
2016-06-05 19:00:00,12,9,3
2016-06-05 20:00:00,9,4,5
2016-06-05 21:00:00,9,5,4
2016-06-05 22:00:00,2,1,1
2016-06-05 23:00:00,0,0,0
2016-06-06 00:00:00,0,0,0
2016-06-06 01:00:00,0,0,0
2016-06-06 02:00:00,0,0,0
2016-06-06 03:00:00,0,0,0
2016-06-06 04:00:00,1,0,1
2016-06-06 05:00:00,4,1,3
2016-06-06 06:00:00,14,8,6
2016-06-06 07:00:00,35,24,11
2016-06-06 08:00:00,36,23,13
2016-06-06 09:00:00,27,15,12
2016-06-06 10:00:00,21,11,10
2016-06-06 11:00:00,30,15,15
2016-06-06 12:00:00,28,16,12
2016-06-06 13:00:00,24,14,10
2016-06-06 14:00:00,23,16,7
2016-06-06 15:00:00,22,13,9
2016-06-06 16:00:00,35,14,21
2016-06-06 17:00:00,38,18,20
2016-06-06 18:00:00,50,24,26
2016-06-06 19:00:00,42,25,17
2016-06-06 20:00:00,27,15,12
2016-06-06 21:00:00,13,7,6
2016-06-06 22:00:00,4,3,1
2016-06-06 23:00:00,0,0,0
2016-06-07 00:00:00,0,0,0
2016-06-07 01:00:00,0,0,0
2016-06-07 02:00:00,0,0,0
2016-06-07 03:00:00,0,0,0
2016-06-07 04:00:00,0,0,0
2016-06-07 05:00:00,10,5,5
2016-06-07 06:00:00,22,13,9
2016-06-07 07:00:00,33,23,10
2016-06-07 08:00:00,57,33,24
2016-06-07 09:00:00,29,14,15
2016-06-07 10:00:00,44,21,23
2016-06-07 11:00:00,45,31,14
2016-06-07 12:00:00,48,21,27
2016-06-07 13:00:00,27,16,11
2016-06-07 14:00:00,30,15,15
2016-06-07 15:00:00,13,8,5
2016-06-07 16:00:00,23,12,11
2016-06-07 17:00:00,36,19,17
2016-06-07 18:00:00,68,33,35
2016-06-07 19:00:00,29,18,11
2016-06-07 20:00:00,18,12,6
2016-06-07 21:00:00,4,2,2
2016-06-07 22:00:00,2,1,1
2016-06-07 23:00:00,3,2,1
2016-06-08 00:00:00,0,0,0
2016-06-08 01:00:00,0,0,0
2016-06-08 02:00:00,0,0,0
2016-06-08 03:00:00,0,0,0
2016-06-08 04:00:00,1,0,1
2016-06-08 05:00:00,7,4,3
2016-06-08 06:00:00,14,8,6
2016-06-08 07:00:00,35,19,16
2016-06-08 08:00:00,31,20,11
2016-06-08 09:00:00,77,0,77
2016-06-08 10:00:00,207,0,207
2016-06-08 11:00:00,438,204,234
2016-06-08 12:00:00,113,66,47
2016-06-08 13:00:00,95,39,56
2016-06-08 14:00:00,40,28,12
2016-06-08 15:00:00,17,13,4
2016-06-08 16:00:00,17,11,6
2016-06-08 17:00:00,32,14,18
2016-06-08 18:00:00,47,29,18
2016-06-08 19:00:00,33,16,17
2016-06-08 20:00:00,36,22,14
2016-06-08 21:00:00,6,4,2
2016-06-08 22:00:00,1,1,0
2016-06-08 23:00:00,0,0,0
2016-06-09 00:00:00,0,0,0
2016-06-09 01:00:00,0,0,0
2016-06-09 02:00:00,0,0,0
2016-06-09 03:00:00,0,0,0
2016-06-09 04:00:00,0,0,0
2016-06-09 05:00:00,8,3,5
2016-06-09 06:00:00,13,6,7
2016-06-09 07:00:00,24,16,8
2016-06-09 08:00:00,21,9,12
2016-06-09 09:00:00,38,21,17
2016-06-09 10:00:00,32,14,18
2016-06-09 11:00:00,146,86,60
2016-06-09 12:00:00,30,13,17
2016-06-09 13:00:00,27,17,10
2016-06-09 14:00:00,17,7,10
2016-06-09 15:00:00,22,12,10
2016-06-09 16:00:00,40,17,23
2016-06-09 17:00:00,34,17,17
2016-06-09 18:00:00,41,23,18
2016-06-09 19:00:00,30,16,14
2016-06-09 20:00:00,17,7,10
2016-06-09 21:00:00,5,5,0
2016-06-09 22:00:00,5,3,2
2016-06-09 23:00:00,1,1,0
2016-06-10 00:00:00,0,0,0
2016-06-10 01:00:00,0,0,0
2016-06-10 02:00:00,0,0,0
2016-06-10 03:00:00,0,0,0
2016-06-10 04:00:00,2,2,0
2016-06-10 05:00:00,7,1,6
2016-06-10 06:00:00,13,9,4
2016-06-10 07:00:00,16,7,9
2016-06-10 08:00:00,38,21,17
2016-06-10 09:00:00,440,244,196
2016-06-10 10:00:00,300,146,154
2016-06-10 11:00:00,331,156,175
2016-06-10 12:00:00,282,154,128
2016-06-10 13:00:00,234,117,117
2016-06-10 14:00:00,51,41,10
2016-06-10 15:00:00,75,62,13
2016-06-10 16:00:00,41,23,18
2016-06-10 17:00:00,35,22,13
2016-06-10 18:00:00,22,14,8
2016-06-10 19:00:00,11,7,4
2016-06-10 20:00:00,6,2,4
2016-06-10 21:00:00,2,1,1
2016-06-10 22:00:00,0,0,0
2016-06-10 23:00:00,1,0,1
2016-06-11 00:00:00,0,0,0
2016-06-11 01:00:00,0,0,0
2016-06-11 02:00:00,0,0,0
2016-06-11 03:00:00,1,0,1
2016-06-11 04:00:00,0,0,0
2016-06-11 05:00:00,1,0,1
2016-06-11 06:00:00,5,1,4
2016-06-11 07:00:00,16,8,8
2016-06-11 08:00:00,37,16,21
2016-06-11 09:00:00,117,55,62
2016-06-11 10:00:00,183,108,75
2016-06-11 11:00:00,493,258,235
2016-06-11 12:00:00,187,109,78
2016-06-11 13:00:00,197,118,79
2016-06-11 14:00:00,95,66,29
2016-06-11 15:00:00,15,0,15
2016-06-11 16:00:00,22,12,10
2016-06-11 17:00:00,21,11,10
2016-06-11 18:00:00,24,12,12
2016-06-11 19:00:00,15,9,6
2016-06-11 20:00:00,17,9,8
2016-06-11 21:00:00,3,1,2
2016-06-11 22:00:00,2,1,1
2016-06-11 23:00:00,2,1,1
2016-06-12 00:00:00,0,0,0
2016-06-12 01:00:00,0,0,0
2016-06-12 02:00:00,0,0,0
2016-06-12 03:00:00,0,0,0
2016-06-12 04:00:00,0,0,0
2016-06-12 05:00:00,4,1,3
2016-06-12 06:00:00,1,0,1
2016-06-12 07:00:00,16,4,12
2016-06-12 08:00:00,36,21,15
2016-06-12 09:00:00,42,18,24
2016-06-12 10:00:00,69,40,29
2016-06-12 11:00:00,61,30,31
2016-06-12 12:00:00,52,19,33
2016-06-12 13:00:00,50,28,22
2016-06-12 14:00:00,20,0,20
2016-06-12 15:00:00,52,32,20
2016-06-12 16:00:00,43,25,18
2016-06-12 17:00:00,30,15,15
2016-06-12 18:00:00,29,11,18
2016-06-12 19:00:00,26,14,12
2016-06-12 20:00:00,9,6,3
2016-06-12 21:00:00,7,3,4
2016-06-12 22:00:00,1,1,0
2016-06-12 23:00:00,0,0,0
2016-06-13 00:00:00,0,0,0
2016-06-13 01:00:00,0,0,0
2016-06-13 02:00:00,1,1,0
2016-06-13 03:00:00,0,0,0
2016-06-13 04:00:00,1,0,1
2016-06-13 05:00:00,3,0,3
2016-06-13 06:00:00,11,4,7
2016-06-13 07:00:00,25,15,10
2016-06-13 08:00:00,13,8,5
2016-06-13 09:00:00,75,40,35
2016-06-13 10:00:00,60,42,18
2016-06-13 11:00:00,138,66,72
2016-06-13 12:00:00,67,38,29
2016-06-13 13:00:00,249,145,104
2016-06-13 14:00:00,71,49,22
2016-06-13 15:00:00,113,87,26
2016-06-13 16:00:00,77,59,18
2016-06-13 17:00:00,24,0,24
2016-06-13 18:00:00,34,24,10
2016-06-13 19:00:00,33,22,11
2016-06-13 20:00:00,17,9,8
2016-06-13 21:00:00,11,8,3
2016-06-13 22:00:00,2,2,0
2016-06-13 23:00:00,0,0,0
2016-06-14 00:00:00,2,1,1
2016-06-14 01:00:00,1,1,0
2016-06-14 02:00:00,0,0,0
2016-06-14 03:00:00,0,0,0
2016-06-14 04:00:00,0,0,0
2016-06-14 05:00:00,4,2,2
2016-06-14 06:00:00,9,3,6
2016-06-14 07:00:00,26,15,11
2016-06-14 08:00:00,24,13,11
2016-06-14 09:00:00,166,71,95
2016-06-14 10:00:00,312,173,139
2016-06-14 11:00:00,521,275,246
2016-06-14 12:00:00,451,266,185
2016-06-14 13:00:00,268,152,116
2016-06-14 14:00:00,97,81,16
2016-06-14 15:00:00,30,19,11
2016-06-14 16:00:00,61,51,10
2016-06-14 17:00:00,68,40,28
2016-06-14 18:00:00,22,13,9
2016-06-14 19:00:00,20,11,9
2016-06-14 20:00:00,10,7,3
2016-06-14 21:00:00,17,13,4
2016-06-14 22:00:00,2,2,0
2016-06-14 23:00:00,1,1,0
2016-06-15 00:00:00,3,3,0
2016-06-15 01:00:00,4,4,0
2016-06-15 02:00:00,1,1,0
2016-06-15 03:00:00,0,0,0
2016-06-15 04:00:00,0,0,0
2016-06-15 05:00:00,3,1,2
2016-06-15 06:00:00,9,3,6
2016-06-15 07:00:00,25,16,9
2016-06-15 08:00:00,28,14,14
2016-06-15 09:00:00,246,115,131
2016-06-15 10:00:00,201,112,89
2016-06-15 11:00:00,33,16,17
2016-06-15 12:00:00,65,28,37
2016-06-15 13:00:00,42,24,18
2016-06-15 14:00:00,36,23,13
2016-06-15 15:00:00,40,23,17
2016-06-15 16:00:00,41,18,23
2016-06-15 17:00:00,43,21,22
2016-06-15 18:00:00,38,24,14
2016-06-15 19:00:00,50,26,24
2016-06-15 20:00:00,28,16,12
2016-06-15 21:00:00,7,3,4
2016-06-15 22:00:00,4,3,1
2016-06-15 23:00:00,1,1,0
2016-06-16 00:00:00,0,0,0
2016-06-16 01:00:00,0,0,0
2016-06-16 02:00:00,1,1,0
2016-06-16 03:00:00,0,0,0
2016-06-16 04:00:00,0,0,0
2016-06-16 05:00:00,4,2,2
2016-06-16 06:00:00,13,7,6
2016-06-16 07:00:00,28,18,10
2016-06-16 08:00:00,29,16,13
2016-06-16 09:00:00,204,118,86
2016-06-16 10:00:00,159,65,94
2016-06-16 11:00:00,88,35,53
2016-06-16 12:00:00,79,46,33
2016-06-16 13:00:00,63,19,44
2016-06-16 14:00:00,94,73,21
2016-06-16 15:00:00,29,18,11
2016-06-16 16:00:00,28,14,14
2016-06-16 17:00:00,31,19,12
2016-06-16 18:00:00,38,20,18
2016-06-16 19:00:00,28,13,15
2016-06-16 20:00:00,13,9,4
2016-06-16 21:00:00,15,8,7
2016-06-16 22:00:00,4,1,3
2016-06-16 23:00:00,0,0,0
2016-06-17 00:00:00,0,0,0
2016-06-17 01:00:00,0,0,0
2016-06-17 02:00:00,0,0,0
2016-06-17 03:00:00,0,0,0
2016-06-17 04:00:00,1,0,1
2016-06-17 05:00:00,5,2,3
2016-06-17 06:00:00,6,2,4
2016-06-17 07:00:00,45,24,21
2016-06-17 08:00:00,38,18,20
2016-06-17 09:00:00,34,18,16
2016-06-17 10:00:00,37,22,15
2016-06-17 11:00:00,28,13,15
2016-06-17 12:00:00,48,30,18
2016-06-17 13:00:00,17,9,8
2016-06-17 14:00:00,33,19,14
2016-06-17 15:00:00,21,10,11
2016-06-17 16:00:00,20,11,9
2016-06-17 17:00:00,18,11,7
2016-06-17 18:00:00,21,11,10
2016-06-17 19:00:00,14,8,6
2016-06-17 20:00:00,14,10,4
2016-06-17 21:00:00,8,4,4
2016-06-17 22:00:00,1,1,0
2016-06-17 23:00:00,0,0,0
2016-06-18 00:00:00,0,0,0
2016-06-18 01:00:00,0,0,0
2016-06-18 02:00:00,0,0,0
2016-06-18 03:00:00,0,0,0
2016-06-18 04:00:00,0,0,0
2016-06-18 05:00:00,1,0,1
2016-06-18 06:00:00,4,3,1
2016-06-18 07:00:00,18,6,12
2016-06-18 08:00:00,40,20,20
2016-06-18 09:00:00,45,20,25
2016-06-18 10:00:00,41,18,23
2016-06-18 11:00:00,41,21,20
2016-06-18 12:00:00,31,18,13
2016-06-18 13:00:00,29,16,13
2016-06-18 14:00:00,22,11,11
2016-06-18 15:00:00,39,27,12
2016-06-18 16:00:00,17,10,7
2016-06-18 17:00:00,22,11,11
2016-06-18 18:00:00,32,22,10
2016-06-18 19:00:00,16,8,8
2016-06-18 20:00:00,11,6,5
2016-06-18 21:00:00,2,1,1
2016-06-18 22:00:00,2,1,1
2016-06-18 23:00:00,0,0,0
2016-06-19 00:00:00,1,1,0
2016-06-19 01:00:00,0,0,0
2016-06-19 02:00:00,0,0,0
2016-06-19 03:00:00,0,0,0
2016-06-19 04:00:00,0,0,0
2016-06-19 05:00:00,0,0,0
2016-06-19 06:00:00,10,3,7
2016-06-19 07:00:00,26,13,13
2016-06-19 08:00:00,34,13,21
2016-06-19 09:00:00,55,29,26
2016-06-19 10:00:00,72,39,33
2016-06-19 11:00:00,62,33,29
2016-06-19 12:00:00,51,26,25
2016-06-19 13:00:00,48,26,22
2016-06-19 14:00:00,31,16,15
2016-06-19 15:00:00,38,21,17
2016-06-19 16:00:00,52,29,23
2016-06-19 17:00:00,45,30,15
2016-06-19 18:00:00,24,13,11
2016-06-19 19:00:00,19,12,7
2016-06-19 20:00:00,12,5,7
2016-06-19 21:00:00,8,2,6
2016-06-19 22:00:00,5,3,2
2016-06-19 23:00:00,0,0,0
2016-06-20 00:00:00,0,0,0
2016-06-20 01:00:00,0,0,0
2016-06-20 02:00:00,0,0,0
2016-06-20 03:00:00,0,0,0
2016-06-20 04:00:00,1,0,1
2016-06-20 05:00:00,1,0,1
2016-06-20 06:00:00,5,1,4
2016-06-20 07:00:00,28,17,11
2016-06-20 08:00:00,20,13,7
2016-06-20 09:00:00,36,18,18
2016-06-20 10:00:00,23,14,9
2016-06-20 11:00:00,27,16,11
2016-06-20 12:00:00,23,11,12
2016-06-20 13:00:00,23,14,9
2016-06-20 14:00:00,19,10,9
2016-06-20 15:00:00,19,6,13
2016-06-20 16:00:00,37,21,16
2016-06-20 17:00:00,32,11,21
2016-06-20 18:00:00,49,29,20
2016-06-20 19:00:00,41,27,14
2016-06-20 20:00:00,19,10,9
2016-06-20 21:00:00,9,8,1
2016-06-20 22:00:00,4,2,2
2016-06-20 23:00:00,4,4,0
2016-06-21 00:00:00,1,0,1
2016-06-21 01:00:00,0,0,0
2016-06-21 02:00:00,0,0,0
2016-06-21 03:00:00,0,0,0
2016-06-21 04:00:00,1,1,0
2016-06-21 05:00:00,5,2,3
2016-06-21 06:00:00,13,8,5
2016-06-21 07:00:00,33,21,12
2016-06-21 08:00:00,38,24,14
2016-06-21 09:00:00,22,11,11
2016-06-21 10:00:00,24,13,11
2016-06-21 11:00:00,30,13,17
2016-06-21 12:00:00,38,23,15
2016-06-21 13:00:00,34,16,18
2016-06-21 14:00:00,22,12,10
2016-06-21 15:00:00,41,19,22
2016-06-21 16:00:00,36,14,22
2016-06-21 17:00:00,63,24,39
2016-06-21 18:00:00,52,27,25
2016-06-21 19:00:00,35,17,18
2016-06-21 20:00:00,26,17,9
2016-06-21 21:00:00,7,3,4
2016-06-21 22:00:00,4,3,1
2016-06-21 23:00:00,0,0,0
2016-06-22 00:00:00,0,0,0
2016-06-22 01:00:00,0,0,0
2016-06-22 02:00:00,0,0,0
2016-06-22 03:00:00,0,0,0
2016-06-22 04:00:00,0,0,0
2016-06-22 05:00:00,3,1,2
2016-06-22 06:00:00,19,11,8
2016-06-22 07:00:00,23,12,11
2016-06-22 08:00:00,28,17,11
2016-06-22 09:00:00,20,10,10
2016-06-22 10:00:00,29,17,12
2016-06-22 11:00:00,39,20,19
2016-06-22 12:00:00,23,12,11
2016-06-22 13:00:00,32,16,16
2016-06-22 14:00:00,19,13,6
2016-06-22 15:00:00,22,10,12
2016-06-22 16:00:00,29,16,13
2016-06-22 17:00:00,39,12,27
2016-06-22 18:00:00,52,26,26
2016-06-22 19:00:00,45,22,23
2016-06-22 20:00:00,31,19,12
2016-06-22 21:00:00,9,5,4
2016-06-22 22:00:00,1,0,1
2016-06-22 23:00:00,5,3,2
2016-06-23 00:00:00,2,2,0
2016-06-23 01:00:00,0,0,0
2016-06-23 02:00:00,0,0,0
2016-06-23 03:00:00,0,0,0
2016-06-23 04:00:00,0,0,0
2016-06-23 05:00:00,3,1,2
2016-06-23 06:00:00,12,5,7
2016-06-23 07:00:00,18,10,8
2016-06-23 08:00:00,33,19,14
2016-06-23 09:00:00,39,19,20
2016-06-23 10:00:00,67,38,29
2016-06-23 11:00:00,359,192,167
2016-06-23 12:00:00,350,196,154
2016-06-23 13:00:00,18,11,7
2016-06-23 14:00:00,49,29,20
2016-06-23 15:00:00,34,22,12
2016-06-23 16:00:00,9,6,3
2016-06-23 17:00:00,15,4,11
2016-06-23 18:00:00,16,7,9
2016-06-23 19:00:00,9,5,4
2016-06-23 20:00:00,9,5,4
2016-06-23 21:00:00,6,4,2
2016-06-23 22:00:00,1,0,1
2016-06-23 23:00:00,0,0,0
2016-06-24 00:00:00,0,0,0
2016-06-24 01:00:00,0,0,0
2016-06-24 02:00:00,0,0,0
2016-06-24 03:00:00,0,0,0
2016-06-24 04:00:00,1,0,1
2016-06-24 05:00:00,2,1,1
2016-06-24 06:00:00,10,4,6
2016-06-24 07:00:00,24,11,13
2016-06-24 08:00:00,30,19,11
2016-06-24 09:00:00,25,12,13
2016-06-24 10:00:00,29,15,14
2016-06-24 11:00:00,76,38,38
2016-06-24 12:00:00,62,31,31
2016-06-24 13:00:00,98,46,52
2016-06-24 14:00:00,20,0,20
2016-06-24 15:00:00,36,21,15
2016-06-24 16:00:00,30,16,14
2016-06-24 17:00:00,33,19,14
2016-06-24 18:00:00,29,20,9
2016-06-24 19:00:00,13,4,9
2016-06-24 20:00:00,4,3,1
2016-06-24 21:00:00,4,1,3
2016-06-24 22:00:00,2,1,1
2016-06-24 23:00:00,0,0,0
2016-06-25 00:00:00,0,0,0
2016-06-25 01:00:00,0,0,0
2016-06-25 02:00:00,0,0,0
2016-06-25 03:00:00,0,0,0
2016-06-25 04:00:00,0,0,0
2016-06-25 05:00:00,0,0,0
2016-06-25 06:00:00,7,2,5
2016-06-25 07:00:00,16,10,6
2016-06-25 08:00:00,34,19,15
2016-06-25 09:00:00,47,15,32
2016-06-25 10:00:00,77,38,39
2016-06-25 11:00:00,63,37,26
2016-06-25 12:00:00,52,33,19
2016-06-25 13:00:00,32,17,15
2016-06-25 14:00:00,38,22,16
2016-06-25 15:00:00,46,28,18
2016-06-25 16:00:00,47,31,16
2016-06-25 17:00:00,37,23,14
2016-06-25 18:00:00,37,23,14
2016-06-25 19:00:00,16,9,7
2016-06-25 20:00:00,16,12,4
2016-06-25 21:00:00,15,10,5
2016-06-25 22:00:00,7,3,4
2016-06-25 23:00:00,4,3,1
2016-06-26 00:00:00,2,1,1
2016-06-26 01:00:00,0,0,0
2016-06-26 02:00:00,0,0,0
2016-06-26 03:00:00,0,0,0
2016-06-26 04:00:00,0,0,0
2016-06-26 05:00:00,0,0,0
2016-06-26 06:00:00,9,4,5
2016-06-26 07:00:00,22,14,8
2016-06-26 08:00:00,48,23,25
2016-06-26 09:00:00,68,35,33
2016-06-26 10:00:00,73,42,31
2016-06-26 11:00:00,66,34,32
2016-06-26 12:00:00,53,32,21
2016-06-26 13:00:00,51,25,26
2016-06-26 14:00:00,45,28,17
2016-06-26 15:00:00,33,14,19
2016-06-26 16:00:00,44,20,24
2016-06-26 17:00:00,31,20,11
2016-06-26 18:00:00,24,19,5
2016-06-26 19:00:00,17,11,6
2016-06-26 20:00:00,22,13,9
2016-06-26 21:00:00,14,5,9
2016-06-26 22:00:00,0,0,0
2016-06-26 23:00:00,2,2,0
2016-06-27 00:00:00,0,0,0
2016-06-27 01:00:00,0,0,0
2016-06-27 02:00:00,0,0,0
2016-06-27 03:00:00,0,0,0
2016-06-27 04:00:00,0,0,0
2016-06-27 05:00:00,1,0,1
2016-06-27 06:00:00,10,6,4
2016-06-27 07:00:00,23,9,14
2016-06-27 08:00:00,38,25,13
2016-06-27 09:00:00,39,22,17
2016-06-27 10:00:00,47,25,22
2016-06-27 11:00:00,61,36,25
2016-06-27 12:00:00,38,20,18
2016-06-27 13:00:00,35,23,12
2016-06-27 14:00:00,27,14,13
2016-06-27 15:00:00,31,15,16
2016-06-27 16:00:00,34,24,10
2016-06-27 17:00:00,49,21,28
2016-06-27 18:00:00,41,27,14
2016-06-27 19:00:00,51,23,28
2016-06-27 20:00:00,18,12,6
2016-06-27 21:00:00,15,8,7
2016-06-27 22:00:00,2,2,0
2016-06-27 23:00:00,1,0,1
2016-06-28 00:00:00,0,0,0
2016-06-28 01:00:00,1,1,0
2016-06-28 02:00:00,3,2,1
2016-06-28 03:00:00,0,0,0
2016-06-28 04:00:00,1,0,1
2016-06-28 05:00:00,3,1,2
2016-06-28 06:00:00,23,9,14
2016-06-28 07:00:00,39,21,18
2016-06-28 08:00:00,34,23,11
2016-06-28 09:00:00,29,15,14
2016-06-28 10:00:00,47,24,23
2016-06-28 11:00:00,107,56,51
2016-06-28 12:00:00,91,40,51
2016-06-28 13:00:00,106,59,47
2016-06-28 14:00:00,55,33,22
2016-06-28 15:00:00,40,25,15
2016-06-28 16:00:00,39,19,20
2016-06-28 17:00:00,46,17,29
2016-06-28 18:00:00,47,20,27
2016-06-28 19:00:00,34,17,17
2016-06-28 20:00:00,23,14,9
2016-06-28 21:00:00,23,16,7
2016-06-28 22:00:00,2,1,1
2016-06-28 23:00:00,0,0,0
2016-06-29 00:00:00,0,0,0
2016-06-29 01:00:00,0,0,0
2016-06-29 02:00:00,0,0,0
2016-06-29 03:00:00,0,0,0
2016-06-29 04:00:00,1,1,0
2016-06-29 05:00:00,3,2,1
2016-06-29 06:00:00,20,9,11
2016-06-29 07:00:00,40,26,14
2016-06-29 08:00:00,22,12,10
2016-06-29 09:00:00,18,9,9
2016-06-29 10:00:00,33,14,19
2016-06-29 11:00:00,39,15,24
2016-06-29 12:00:00,47,31,16
2016-06-29 13:00:00,26,15,11
2016-06-29 14:00:00,36,19,17
2016-06-29 15:00:00,28,16,12
2016-06-29 16:00:00,31,14,17
2016-06-29 17:00:00,42,22,20
2016-06-29 18:00:00,48,24,24
2016-06-29 19:00:00,57,29,28
2016-06-29 20:00:00,19,12,7
2016-06-29 21:00:00,14,10,4
2016-06-29 22:00:00,0,0,0
2016-06-29 23:00:00,2,1,1
2016-06-30 00:00:00,0,0,0
2016-06-30 01:00:00,0,0,0
2016-06-30 02:00:00,1,0,1
2016-06-30 03:00:00,1,1,0
2016-06-30 04:00:00,0,0,0
2016-06-30 05:00:00,4,2,2
2016-06-30 06:00:00,20,11,9
2016-06-30 07:00:00,38,22,16
2016-06-30 08:00:00,27,13,14
2016-06-30 09:00:00,27,17,10
2016-06-30 10:00:00,21,9,12
2016-06-30 11:00:00,62,38,24
2016-06-30 12:00:00,32,18,14
2016-06-30 13:00:00,22,13,9
2016-06-30 14:00:00,22,10,12
2016-06-30 15:00:00,40,26,14
2016-06-30 16:00:00,29,14,15
2016-06-30 17:00:00,45,16,29
2016-06-30 18:00:00,45,24,21
2016-06-30 19:00:00,30,15,15
2016-06-30 20:00:00,17,9,8
2016-06-30 21:00:00,15,8,7
2016-06-30 22:00:00,3,3,0
2016-06-30 23:00:00,0,0,0
2016-07-01 00:00:00,0,0,0
2016-07-01 01:00:00,0,0,0
2016-07-01 02:00:00,0,0,0
2016-07-01 03:00:00,0,0,0
2016-07-01 04:00:00,0,0,0
2016-07-01 05:00:00,3,1,2
2016-07-01 06:00:00,5,3,2
2016-07-01 07:00:00,24,13,11
2016-07-01 08:00:00,37,22,15
2016-07-01 09:00:00,35,14,21
2016-07-01 10:00:00,52,27,25
2016-07-01 11:00:00,48,25,23
2016-07-01 12:00:00,116,77,39
2016-07-01 13:00:00,101,60,41
2016-07-01 14:00:00,29,17,12
2016-07-01 15:00:00,33,22,11
2016-07-01 16:00:00,30,15,15
2016-07-01 17:00:00,44,22,22
2016-07-01 18:00:00,30,14,16
2016-07-01 19:00:00,21,13,8
2016-07-01 20:00:00,16,7,9
2016-07-01 21:00:00,10,8,2
2016-07-01 22:00:00,1,1,0
2016-07-01 23:00:00,2,1,1
2016-07-02 00:00:00,0,0,0
2016-07-02 01:00:00,0,0,0
2016-07-02 02:00:00,0,0,0
2016-07-02 03:00:00,0,0,0
2016-07-02 04:00:00,0,0,0
2016-07-02 05:00:00,1,1,0
2016-07-02 06:00:00,5,1,4
2016-07-02 07:00:00,15,5,10
2016-07-02 08:00:00,42,26,16
2016-07-02 09:00:00,47,24,23
2016-07-02 10:00:00,59,26,33
2016-07-02 11:00:00,59,33,26
2016-07-02 12:00:00,41,23,18
2016-07-02 13:00:00,32,16,16
2016-07-02 14:00:00,39,19,20
2016-07-02 15:00:00,44,23,21
2016-07-02 16:00:00,35,25,10
2016-07-02 17:00:00,32,18,14
2016-07-02 18:00:00,29,20,9
2016-07-02 19:00:00,28,16,12
2016-07-02 20:00:00,19,11,8
2016-07-02 21:00:00,11,7,4
2016-07-02 22:00:00,0,0,0
2016-07-02 23:00:00,2,1,1
2016-07-03 00:00:00,2,1,1
2016-07-03 01:00:00,0,0,0
2016-07-03 02:00:00,0,0,0
2016-07-03 03:00:00,0,0,0
2016-07-03 04:00:00,0,0,0
2016-07-03 05:00:00,0,0,0
2016-07-03 06:00:00,0,0,0
2016-07-03 07:00:00,10,4,6
2016-07-03 08:00:00,35,14,21
2016-07-03 09:00:00,35,22,13
2016-07-03 10:00:00,50,28,22
2016-07-03 11:00:00,37,21,16
2016-07-03 12:00:00,33,11,22
2016-07-03 13:00:00,30,17,13
2016-07-03 14:00:00,34,12,22
2016-07-03 15:00:00,34,19,15
2016-07-03 16:00:00,56,26,30
2016-07-03 17:00:00,26,16,10
2016-07-03 18:00:00,29,17,12
2016-07-03 19:00:00,19,10,9
2016-07-03 20:00:00,6,4,2
2016-07-03 21:00:00,3,1,2
2016-07-03 22:00:00,2,1,1
2016-07-03 23:00:00,0,0,0
2016-07-04 00:00:00,0,0,0
2016-07-04 01:00:00,0,0,0
2016-07-04 02:00:00,0,0,0
2016-07-04 03:00:00,0,0,0
2016-07-04 04:00:00,0,0,0
2016-07-04 05:00:00,1,0,1
2016-07-04 06:00:00,3,1,2
2016-07-04 07:00:00,12,6,6
2016-07-04 08:00:00,21,11,10
2016-07-04 09:00:00,26,12,14
2016-07-04 10:00:00,18,0,18
2016-07-04 11:00:00,35,20,15
2016-07-04 12:00:00,114,70,44
2016-07-04 13:00:00,44,22,22
2016-07-04 14:00:00,34,17,17
2016-07-04 15:00:00,61,35,26
2016-07-04 16:00:00,47,27,20
2016-07-04 17:00:00,24,15,9
2016-07-04 18:00:00,12,4,8
2016-07-04 19:00:00,10,0,10
2016-07-04 20:00:00,4,2,2
2016-07-04 21:00:00,4,3,1
2016-07-04 22:00:00,2,1,1
2016-07-04 23:00:00,3,1,2
2016-07-05 00:00:00,6,0,6
2016-07-05 01:00:00,0,0,0
2016-07-05 02:00:00,0,0,0
2016-07-05 03:00:00,0,0,0
2016-07-05 04:00:00,2,0,2
2016-07-05 05:00:00,0,0,0
2016-07-05 06:00:00,3,2,1
2016-07-05 07:00:00,10,0,10
2016-07-05 08:00:00,31,19,12
2016-07-05 09:00:00,27,15,12
2016-07-05 10:00:00,27,13,14
2016-07-05 11:00:00,38,16,22
2016-07-05 12:00:00,44,25,19
2016-07-05 13:00:00,26,17,9
2016-07-05 14:00:00,31,19,12
2016-07-05 15:00:00,14,9,5
2016-07-05 16:00:00,43,22,21
2016-07-05 17:00:00,37,20,17
2016-07-05 18:00:00,37,18,19
2016-07-05 19:00:00,33,15,18
2016-07-05 20:00:00,17,9,8
2016-07-05 21:00:00,4,3,1
2016-07-05 22:00:00,0,0,0
2016-07-05 23:00:00,0,0,0
2016-07-06 00:00:00,0,0,0
2016-07-06 01:00:00,0,0,0
2016-07-06 02:00:00,0,0,0
2016-07-06 03:00:00,0,0,0
2016-07-06 04:00:00,1,1,0
2016-07-06 05:00:00,2,0,2
2016-07-06 06:00:00,11,5,6
2016-07-06 07:00:00,38,24,14
2016-07-06 08:00:00,39,24,15
2016-07-06 09:00:00,31,18,13
2016-07-06 10:00:00,21,0,21
2016-07-06 11:00:00,72,48,24
2016-07-06 12:00:00,23,0,23
2016-07-06 13:00:00,11,0,11
2016-07-06 14:00:00,19,12,7
2016-07-06 15:00:00,14,0,14
2016-07-06 16:00:00,36,21,15
2016-07-06 17:00:00,52,24,28
2016-07-06 18:00:00,61,29,32
2016-07-06 19:00:00,44,23,21
2016-07-06 20:00:00,24,15,9
2016-07-06 21:00:00,7,3,4
2016-07-06 22:00:00,0,0,0
2016-07-06 23:00:00,2,1,1
2016-07-07 00:00:00,0,0,0
2016-07-07 01:00:00,0,0,0
2016-07-07 02:00:00,0,0,0
2016-07-07 03:00:00,0,0,0
2016-07-07 04:00:00,1,0,1
2016-07-07 05:00:00,4,2,2
2016-07-07 06:00:00,13,7,6
2016-07-07 07:00:00,7,0,7
2016-07-07 08:00:00,28,10,18
2016-07-07 09:00:00,38,22,16
2016-07-07 10:00:00,54,30,24
2016-07-07 11:00:00,73,39,34
2016-07-07 12:00:00,64,35,29
2016-07-07 13:00:00,49,28,21
2016-07-07 14:00:00,21,15,6
2016-07-07 15:00:00,33,16,17
2016-07-07 16:00:00,20,9,11
2016-07-07 17:00:00,19,0,19
2016-07-07 18:00:00,24,9,15
2016-07-07 19:00:00,15,7,8
2016-07-07 20:00:00,10,2,8
2016-07-07 21:00:00,8,6,2
2016-07-07 22:00:00,1,0,1
2016-07-07 23:00:00,0,0,0
2016-07-08 00:00:00,0,0,0
2016-07-08 01:00:00,0,0,0
2016-07-08 02:00:00,0,0,0
2016-07-08 03:00:00,0,0,0
2016-07-08 04:00:00,0,0,0
2016-07-08 05:00:00,1,1,0
2016-07-08 06:00:00,11,5,6
2016-07-08 07:00:00,28,15,13
2016-07-08 08:00:00,16,9,7
2016-07-08 09:00:00,32,19,13
2016-07-08 10:00:00,40,18,22
2016-07-08 11:00:00,113,0,113
2016-07-08 12:00:00,329,174,155
2016-07-08 13:00:00,53,0,53
2016-07-08 14:00:00,113,72,41
2016-07-08 15:00:00,36,18,18
2016-07-08 16:00:00,42,21,21
2016-07-08 17:00:00,17,0,17
2016-07-08 18:00:00,36,23,13
2016-07-08 19:00:00,60,34,26
2016-07-08 20:00:00,11,8,3
2016-07-08 21:00:00,7,3,4
2016-07-08 22:00:00,2,1,1
2016-07-08 23:00:00,1,0,1
2016-07-09 00:00:00,2,2,0
2016-07-09 01:00:00,0,0,0
2016-07-09 02:00:00,1,1,0
2016-07-09 03:00:00,0,0,0
2016-07-09 04:00:00,0,0,0
2016-07-09 05:00:00,15,0,15
2016-07-09 06:00:00,42,31,11
2016-07-09 07:00:00,25,14,11
2016-07-09 08:00:00,21,0,21
2016-07-09 09:00:00,99,63,36
2016-07-09 10:00:00,112,57,55
2016-07-09 11:00:00,134,73,61
2016-07-09 12:00:00,57,34,23
2016-07-09 13:00:00,54,31,23
2016-07-09 14:00:00,29,17,12
2016-07-09 15:00:00,38,23,15
2016-07-09 16:00:00,30,20,10
2016-07-09 17:00:00,31,21,10
2016-07-09 18:00:00,36,13,23
2016-07-09 19:00:00,22,11,11
2016-07-09 20:00:00,9,5,4
2016-07-09 21:00:00,3,1,2
2016-07-09 22:00:00,2,1,1
2016-07-09 23:00:00,0,0,0
2016-07-10 00:00:00,0,0,0
2016-07-10 01:00:00,0,0,0
2016-07-10 02:00:00,0,0,0
2016-07-10 03:00:00,0,0,0
2016-07-10 04:00:00,1,0,1
2016-07-10 05:00:00,5,5,0
2016-07-10 06:00:00,15,5,10
2016-07-10 07:00:00,18,12,6
2016-07-10 08:00:00,16,0,16
2016-07-10 09:00:00,47,24,23
2016-07-10 10:00:00,37,0,37
2016-07-10 11:00:00,31,14,17
2016-07-10 12:00:00,42,26,16
2016-07-10 13:00:00,42,26,16
2016-07-10 14:00:00,47,29,18
2016-07-10 15:00:00,75,51,24
2016-07-10 16:00:00,65,39,26
2016-07-10 17:00:00,39,25,14
2016-07-10 18:00:00,44,20,24
2016-07-10 19:00:00,31,25,6
2016-07-10 20:00:00,22,14,8
2016-07-10 21:00:00,6,3,3
2016-07-10 22:00:00,4,1,3
2016-07-10 23:00:00,1,1,0
2016-07-11 00:00:00,0,0,0
2016-07-11 01:00:00,0,0,0
2016-07-11 02:00:00,0,0,0
2016-07-11 03:00:00,0,0,0
2016-07-11 04:00:00,2,2,0
2016-07-11 05:00:00,0,0,0
2016-07-11 06:00:00,11,7,4
2016-07-11 07:00:00,25,12,13
2016-07-11 08:00:00,8,0,8
2016-07-11 09:00:00,23,13,10
2016-07-11 10:00:00,47,17,30
2016-07-11 11:00:00,40,22,18
2016-07-11 12:00:00,62,29,33
2016-07-11 13:00:00,38,22,16
2016-07-11 14:00:00,55,35,20
2016-07-11 15:00:00,15,0,15
2016-07-11 16:00:00,17,0,17
2016-07-11 17:00:00,53,24,29
2016-07-11 18:00:00,19,0,19
2016-07-11 19:00:00,36,16,20
2016-07-11 20:00:00,19,10,9
2016-07-11 21:00:00,5,4,1
2016-07-11 22:00:00,0,0,0
2016-07-11 23:00:00,0,0,0
2016-07-12 00:00:00,0,0,0
2016-07-12 01:00:00,0,0,0
2016-07-12 02:00:00,0,0,0
2016-07-12 03:00:00,0,0,0
2016-07-12 04:00:00,1,0,1
2016-07-12 05:00:00,4,4,0
2016-07-12 06:00:00,13,7,6
2016-07-12 07:00:00,37,18,19
2016-07-12 08:00:00,34,21,13
2016-07-12 09:00:00,46,21,25
2016-07-12 10:00:00,38,16,22
2016-07-12 11:00:00,49,19,30
2016-07-12 12:00:00,61,46,15
2016-07-12 13:00:00,39,21,18
2016-07-12 14:00:00,41,19,22
2016-07-12 15:00:00,18,0,18
2016-07-12 16:00:00,41,27,14
2016-07-12 17:00:00,34,0,34
2016-07-12 18:00:00,63,40,23
2016-07-12 19:00:00,15,0,15
2016-07-12 20:00:00,37,16,21
2016-07-12 21:00:00,2,0,2
2016-07-12 22:00:00,0,0,0
2016-07-12 23:00:00,0,0,0
2016-07-13 00:00:00,0,0,0
2016-07-13 01:00:00,0,0,0
2016-07-13 02:00:00,0,0,0
2016-07-13 03:00:00,0,0,0
2016-07-13 04:00:00,0,0,0
2016-07-13 05:00:00,4,0,4
2016-07-13 06:00:00,10,0,10
2016-07-13 07:00:00,24,15,9
2016-07-13 08:00:00,7,0,7
2016-07-13 09:00:00,28,13,15
2016-07-13 10:00:00,24,0,24
2016-07-13 11:00:00,34,14,20
2016-07-13 12:00:00,16,0,16
2016-07-13 13:00:00,10,0,10
2016-07-13 14:00:00,22,14,8
2016-07-13 15:00:00,27,14,13
2016-07-13 16:00:00,45,22,23
2016-07-13 17:00:00,23,0,23
2016-07-13 18:00:00,24,12,12
2016-07-13 19:00:00,40,19,21
2016-07-13 20:00:00,13,7,6
2016-07-13 21:00:00,17,10,7
2016-07-13 22:00:00,7,4,3
2016-07-13 23:00:00,0,0,0
2016-07-14 00:00:00,0,0,0
2016-07-14 01:00:00,0,0,0
2016-07-14 02:00:00,0,0,0
2016-07-14 03:00:00,0,0,0
2016-07-14 04:00:00,0,0,0
2016-07-14 05:00:00,1,1,0
2016-07-14 06:00:00,0,0,0
2016-07-14 07:00:00,0,0,0
2016-07-14 08:00:00,0,0,0
2016-07-14 09:00:00,646,585,61
2016-07-14 10:00:00,2148,1588,560
2016-07-14 11:00:00,1621,1201,420
2016-07-14 12:00:00,93,86,7
2016-07-14 13:00:00,13,0,13
2016-07-14 14:00:00,18,8,10
2016-07-14 15:00:00,17,0,17
2016-07-14 16:00:00,35,15,20
2016-07-14 17:00:00,46,19,27
2016-07-14 18:00:00,23,0,23
2016-07-14 19:00:00,28,14,14
2016-07-14 20:00:00,31,22,9
2016-07-14 21:00:00,18,9,9
2016-07-14 22:00:00,1,1,0
2016-07-14 23:00:00,0,0,0
2016-07-15 00:00:00,0,0,0
2016-07-15 01:00:00,0,0,0
2016-07-15 02:00:00,2,2,0
2016-07-15 03:00:00,1,0,1
2016-07-15 04:00:00,1,1,0
2016-07-15 05:00:00,6,5,1
2016-07-15 06:00:00,12,0,12
2016-07-15 07:00:00,17,0,17
2016-07-15 08:00:00,49,32,17
2016-07-15 09:00:00,37,21,16
2016-07-15 10:00:00,54,34,20
2016-07-15 11:00:00,52,34,18
2016-07-15 12:00:00,28,20,8
2016-07-15 13:00:00,32,14,18
2016-07-15 14:00:00,39,25,14
2016-07-15 15:00:00,29,21,8
2016-07-15 16:00:00,16,0,16
2016-07-15 17:00:00,38,22,16
2016-07-15 18:00:00,12,0,12
2016-07-15 19:00:00,18,0,18
2016-07-15 20:00:00,20,12,8
2016-07-15 21:00:00,14,9,5
2016-07-15 22:00:00,1,1,0
2016-07-15 23:00:00,2,2,0
2016-07-16 00:00:00,2,1,1
2016-07-16 01:00:00,0,0,0
2016-07-16 02:00:00,0,0,0
2016-07-16 03:00:00,0,0,0
2016-07-16 04:00:00,1,0,1
2016-07-16 05:00:00,0,0,0
2016-07-16 06:00:00,10,3,7
2016-07-16 07:00:00,42,15,27
2016-07-16 08:00:00,20,0,20
2016-07-16 09:00:00,53,29,24
2016-07-16 10:00:00,41,0,41
2016-07-16 11:00:00,36,0,36
2016-07-16 12:00:00,51,31,20
2016-07-16 13:00:00,57,27,30
2016-07-16 14:00:00,14,0,14
2016-07-16 15:00:00,45,26,19
2016-07-16 16:00:00,26,18,8
2016-07-16 17:00:00,33,18,15
2016-07-16 18:00:00,12,0,12
2016-07-16 19:00:00,24,12,12
2016-07-16 20:00:00,2,0,2
2016-07-16 21:00:00,3,2,1
2016-07-16 22:00:00,2,1,1
2016-07-16 23:00:00,1,1,0
2016-07-17 00:00:00,1,1,0
2016-07-17 01:00:00,0,0,0
2016-07-17 02:00:00,2,1,1
2016-07-17 03:00:00,0,0,0
2016-07-17 04:00:00,0,0,0
2016-07-17 05:00:00,0,0,0
2016-07-17 06:00:00,3,0,3
2016-07-17 07:00:00,20,9,11
2016-07-17 08:00:00,44,22,22
2016-07-17 09:00:00,23,0,23
2016-07-17 10:00:00,69,34,35
2016-07-17 11:00:00,33,0,33
2016-07-17 12:00:00,46,28,18
2016-07-17 13:00:00,49,25,24
2016-07-17 14:00:00,30,20,10
2016-07-17 15:00:00,47,29,18
2016-07-17 16:00:00,40,26,14
2016-07-17 17:00:00,41,26,15
2016-07-17 18:00:00,19,11,8
2016-07-17 19:00:00,19,11,8
2016-07-17 20:00:00,16,9,7
2016-07-17 21:00:00,12,9,3
2016-07-17 22:00:00,0,0,0
2016-07-17 23:00:00,7,4,3
2016-07-18 00:00:00,0,0,0
2016-07-18 01:00:00,0,0,0
2016-07-18 02:00:00,0,0,0
2016-07-18 03:00:00,0,0,0
2016-07-18 04:00:00,1,0,1
2016-07-18 05:00:00,5,4,1
2016-07-18 06:00:00,15,9,6
2016-07-18 07:00:00,27,16,11
2016-07-18 08:00:00,26,20,6
2016-07-18 09:00:00,24,10,14
2016-07-18 10:00:00,31,10,21
2016-07-18 11:00:00,26,11,15
2016-07-18 12:00:00,13,0,13
2016-07-18 13:00:00,19,11,8
2016-07-18 14:00:00,26,13,13
2016-07-18 15:00:00,23,12,11
2016-07-18 16:00:00,21,10,11
2016-07-18 17:00:00,44,17,27
2016-07-18 18:00:00,42,28,14
2016-07-18 19:00:00,27,17,10
2016-07-18 20:00:00,9,7,2
2016-07-18 21:00:00,11,7,4
2016-07-18 22:00:00,3,1,2
2016-07-18 23:00:00,0,0,0
2016-07-19 00:00:00,0,0,0
2016-07-19 01:00:00,0,0,0
2016-07-19 02:00:00,0,0,0
2016-07-19 03:00:00,0,0,0
2016-07-19 04:00:00,1,0,1
2016-07-19 05:00:00,2,1,1
2016-07-19 06:00:00,19,11,8
2016-07-19 07:00:00,27,16,11
2016-07-19 08:00:00,40,25,15
2016-07-19 09:00:00,26,15,11
2016-07-19 10:00:00,46,22,24
2016-07-19 11:00:00,33,0,33
2016-07-19 12:00:00,60,38,22
2016-07-19 13:00:00,27,16,11
2016-07-19 14:00:00,25,15,10
2016-07-19 15:00:00,23,8,15
2016-07-19 16:00:00,41,21,20
2016-07-19 17:00:00,58,27,31
2016-07-19 18:00:00,41,17,24
2016-07-19 19:00:00,32,21,11
2016-07-19 20:00:00,15,9,6
2016-07-19 21:00:00,7,6,1
2016-07-19 22:00:00,0,0,0
2016-07-19 23:00:00,0,0,0
2016-07-20 00:00:00,0,0,0
2016-07-20 01:00:00,0,0,0
2016-07-20 02:00:00,0,0,0
2016-07-20 03:00:00,0,0,0
2016-07-20 04:00:00,0,0,0
2016-07-20 05:00:00,2,0,2
2016-07-20 06:00:00,29,20,9
2016-07-20 07:00:00,33,20,13
2016-07-20 08:00:00,32,21,11
2016-07-20 09:00:00,50,30,20
2016-07-20 10:00:00,46,20,26
2016-07-20 11:00:00,61,27,34
2016-07-20 12:00:00,64,45,19
2016-07-20 13:00:00,31,22,9
2016-07-20 14:00:00,41,26,15
2016-07-20 15:00:00,19,12,7
2016-07-20 16:00:00,41,24,17
2016-07-20 17:00:00,50,22,28
2016-07-20 18:00:00,55,27,28
2016-07-20 19:00:00,33,18,15
2016-07-20 20:00:00,15,9,6
2016-07-20 21:00:00,11,6,5
2016-07-20 22:00:00,7,3,4
2016-07-20 23:00:00,2,1,1
2016-07-21 00:00:00,0,0,0
2016-07-21 01:00:00,0,0,0
2016-07-21 02:00:00,1,0,1
2016-07-21 03:00:00,1,0,1
2016-07-21 04:00:00,2,2,0
2016-07-21 05:00:00,6,4,2
2016-07-21 06:00:00,29,18,11
2016-07-21 07:00:00,19,0,19
2016-07-21 08:00:00,21,0,21
2016-07-21 09:00:00,29,12,17
2016-07-21 10:00:00,41,18,23
2016-07-21 11:00:00,36,17,19
2016-07-21 12:00:00,39,28,11
2016-07-21 13:00:00,29,17,12
2016-07-21 14:00:00,25,13,12
2016-07-21 15:00:00,30,15,15
2016-07-21 16:00:00,11,0,11
2016-07-21 17:00:00,38,19,19
2016-07-21 18:00:00,49,17,32
2016-07-21 19:00:00,14,0,14
2016-07-21 20:00:00,20,12,8
2016-07-21 21:00:00,3,2,1
2016-07-21 22:00:00,4,3,1
2016-07-21 23:00:00,2,1,1
2016-07-22 00:00:00,1,1,0
2016-07-22 01:00:00,0,0,0
2016-07-22 02:00:00,1,1,0
2016-07-22 03:00:00,0,0,0
2016-07-22 04:00:00,1,1,0
2016-07-22 05:00:00,1,0,1
2016-07-22 06:00:00,6,0,6
2016-07-22 07:00:00,17,11,6
2016-07-22 08:00:00,12,5,7
2016-07-22 09:00:00,15,0,15
2016-07-22 10:00:00,8,0,8
2016-07-22 11:00:00,10,4,6
2016-07-22 12:00:00,19,12,7
2016-07-22 13:00:00,20,12,8
2016-07-22 14:00:00,29,17,12
2016-07-22 15:00:00,23,10,13
2016-07-22 16:00:00,14,0,14
2016-07-22 17:00:00,28,15,13
2016-07-22 18:00:00,12,0,12
2016-07-22 19:00:00,8,0,8
2016-07-22 20:00:00,6,0,6
2016-07-22 21:00:00,10,6,4
2016-07-22 22:00:00,2,1,1
2016-07-22 23:00:00,0,0,0
2016-07-23 00:00:00,1,0,1
2016-07-23 01:00:00,0,0,0
2016-07-23 02:00:00,0,0,0
2016-07-23 03:00:00,0,0,0
2016-07-23 04:00:00,0,0,0
2016-07-23 05:00:00,1,1,0
2016-07-23 06:00:00,8,2,6
2016-07-23 07:00:00,31,14,17
2016-07-23 08:00:00,27,0,27
2016-07-23 09:00:00,62,36,26
2016-07-23 10:00:00,52,25,27
2016-07-23 11:00:00,43,24,19
2016-07-23 12:00:00,26,0,26
2016-07-23 13:00:00,40,23,17
2016-07-23 14:00:00,52,21,31
2016-07-23 15:00:00,14,0,14
2016-07-23 16:00:00,35,19,16
2016-07-23 17:00:00,16,0,16
2016-07-23 18:00:00,25,15,10
2016-07-23 19:00:00,21,14,7
2016-07-23 20:00:00,11,9,2
2016-07-23 21:00:00,4,0,4
2016-07-23 22:00:00,0,0,0
2016-07-23 23:00:00,0,0,0
2016-07-24 00:00:00,0,0,0
2016-07-24 01:00:00,0,0,0
2016-07-24 02:00:00,0,0,0
2016-07-24 03:00:00,0,0,0
2016-07-24 04:00:00,0,0,0
2016-07-24 05:00:00,0,0,0
2016-07-24 06:00:00,3,2,1
2016-07-24 07:00:00,25,8,17
2016-07-24 08:00:00,32,0,32
2016-07-24 09:00:00,18,0,18
2016-07-24 10:00:00,22,0,22
2016-07-24 11:00:00,52,22,30
2016-07-24 12:00:00,64,37,27
2016-07-24 13:00:00,60,42,18
2016-07-24 14:00:00,43,26,17
2016-07-24 15:00:00,34,18,16
2016-07-24 16:00:00,41,22,19
2016-07-24 17:00:00,36,29,7
2016-07-24 18:00:00,34,14,20
2016-07-24 19:00:00,9,0,9
2016-07-24 20:00:00,12,0,12
2016-07-24 21:00:00,3,0,3
2016-07-24 22:00:00,1,1,0
2016-07-24 23:00:00,1,0,1
2016-07-25 00:00:00,0,0,0
2016-07-25 01:00:00,0,0,0
2016-07-25 02:00:00,2,1,1
2016-07-25 03:00:00,1,0,1
2016-07-25 04:00:00,0,0,0
2016-07-25 05:00:00,6,4,2
2016-07-25 06:00:00,18,10,8
2016-07-25 07:00:00,21,0,21
2016-07-25 08:00:00,17,0,17
2016-07-25 09:00:00,31,20,11
2016-07-25 10:00:00,53,28,25
2016-07-25 11:00:00,27,0,27
2016-07-25 12:00:00,41,22,19
2016-07-25 13:00:00,14,0,14
2016-07-25 14:00:00,9,0,9
2016-07-25 15:00:00,37,17,20
2016-07-25 16:00:00,23,0,23
2016-07-25 17:00:00,48,19,29
2016-07-25 18:00:00,44,25,19
2016-07-25 19:00:00,37,22,15
2016-07-25 20:00:00,27,17,10
2016-07-25 21:00:00,7,5,2
2016-07-25 22:00:00,0,0,0
2016-07-25 23:00:00,0,0,0
2016-07-26 00:00:00,0,0,0
2016-07-26 01:00:00,0,0,0
2016-07-26 02:00:00,0,0,0
2016-07-26 03:00:00,0,0,0
2016-07-26 04:00:00,2,0,2
2016-07-26 05:00:00,2,0,2
2016-07-26 06:00:00,33,16,17
2016-07-26 07:00:00,30,16,14
2016-07-26 08:00:00,16,0,16
2016-07-26 09:00:00,13,0,13
2016-07-26 10:00:00,35,19,16
2016-07-26 11:00:00,22,0,22
2016-07-26 12:00:00,39,27,12
2016-07-26 13:00:00,21,13,8
2016-07-26 14:00:00,7,0,7
2016-07-26 15:00:00,26,15,11
2016-07-26 16:00:00,16,0,16
2016-07-26 17:00:00,37,14,23
2016-07-26 18:00:00,44,19,25
2016-07-26 19:00:00,30,13,17
2016-07-26 20:00:00,31,17,14
2016-07-26 21:00:00,11,7,4
2016-07-26 22:00:00,1,1,0
2016-07-26 23:00:00,0,0,0
2016-07-27 00:00:00,0,0,0
2016-07-27 01:00:00,0,0,0
2016-07-27 02:00:00,0,0,0
2016-07-27 03:00:00,0,0,0
2016-07-27 04:00:00,0,0,0
2016-07-27 05:00:00,1,0,1
2016-07-27 06:00:00,30,19,11
2016-07-27 07:00:00,41,20,21
2016-07-27 08:00:00,43,29,14
2016-07-27 09:00:00,45,25,20
2016-07-27 10:00:00,22,0,22
2016-07-27 11:00:00,49,21,28
2016-07-27 12:00:00,45,31,14
2016-07-27 13:00:00,26,17,9
2016-07-27 14:00:00,8,0,8
2016-07-27 15:00:00,29,16,13
2016-07-27 16:00:00,31,19,12
2016-07-27 17:00:00,31,12,19
2016-07-27 18:00:00,38,23,15
2016-07-27 19:00:00,44,25,19
2016-07-27 20:00:00,21,13,8
2016-07-27 21:00:00,15,8,7
2016-07-27 22:00:00,1,1,0
2016-07-27 23:00:00,1,0,1
2016-07-28 00:00:00,0,0,0
2016-07-28 01:00:00,0,0,0
2016-07-28 02:00:00,1,0,1
2016-07-28 03:00:00,0,0,0
2016-07-28 04:00:00,2,1,1
2016-07-28 05:00:00,3,0,3
2016-07-28 06:00:00,14,0,14
2016-07-28 07:00:00,15,0,15
2016-07-28 08:00:00,44,28,16
2016-07-28 09:00:00,35,17,18
2016-07-28 10:00:00,50,27,23
2016-07-28 11:00:00,35,16,19
2016-07-28 12:00:00,38,22,16
2016-07-28 13:00:00,26,18,8
2016-07-28 14:00:00,21,13,8
2016-07-28 15:00:00,15,8,7
2016-07-28 16:00:00,24,14,10
2016-07-28 17:00:00,37,18,19
2016-07-28 18:00:00,33,22,11
2016-07-28 19:00:00,12,0,12
2016-07-28 20:00:00,19,10,9
2016-07-28 21:00:00,14,6,8
2016-07-28 22:00:00,2,2,0
2016-07-28 23:00:00,1,1,0
2016-07-29 00:00:00,0,0,0
2016-07-29 01:00:00,1,0,1
2016-07-29 02:00:00,0,0,0
2016-07-29 03:00:00,0,0,0
2016-07-29 04:00:00,0,0,0
2016-07-29 05:00:00,4,2,2
2016-07-29 06:00:00,26,10,16
2016-07-29 07:00:00,49,34,15
2016-07-29 08:00:00,12,0,12
2016-07-29 09:00:00,49,23,26
2016-07-29 10:00:00,43,28,15
2016-07-29 11:00:00,37,23,14
2016-07-29 12:00:00,14,0,14
2016-07-29 13:00:00,15,11,4
2016-07-29 14:00:00,11,0,11
2016-07-29 15:00:00,21,7,14
2016-07-29 16:00:00,24,18,6
2016-07-29 17:00:00,24,11,13
2016-07-29 18:00:00,24,13,11
2016-07-29 19:00:00,18,10,8
2016-07-29 20:00:00,20,14,6
2016-07-29 21:00:00,6,4,2
2016-07-29 22:00:00,0,0,0
2016-07-29 23:00:00,5,3,2
2016-07-30 00:00:00,1,1,0
2016-07-30 01:00:00,0,0,0
2016-07-30 02:00:00,0,0,0
2016-07-30 03:00:00,0,0,0
2016-07-30 04:00:00,0,0,0
2016-07-30 05:00:00,0,0,0
2016-07-30 06:00:00,7,0,7
2016-07-30 07:00:00,47,27,20
2016-07-30 08:00:00,29,0,29
2016-07-30 09:00:00,62,30,32
2016-07-30 10:00:00,74,43,31
2016-07-30 11:00:00,75,51,24
2016-07-30 12:00:00,22,0,22
2016-07-30 13:00:00,50,24,26
2016-07-30 14:00:00,31,17,14
2016-07-30 15:00:00,46,27,19
2016-07-30 16:00:00,33,17,16
2016-07-30 17:00:00,37,21,16
2016-07-30 18:00:00,26,16,10
2016-07-30 19:00:00,20,12,8
2016-07-30 20:00:00,10,7,3
2016-07-30 21:00:00,8,4,4
2016-07-30 22:00:00,1,0,1
2016-07-30 23:00:00,2,1,1
2016-07-31 00:00:00,0,0,0
2016-07-31 01:00:00,0,0,0
2016-07-31 02:00:00,2,2,0
2016-07-31 03:00:00,0,0,0
2016-07-31 04:00:00,1,1,0
2016-07-31 05:00:00,1,1,0
2016-07-31 06:00:00,5,2,3
2016-07-31 07:00:00,8,0,8
2016-07-31 08:00:00,21,0,21
2016-07-31 09:00:00,36,20,16
2016-07-31 10:00:00,31,0,31
2016-07-31 11:00:00,56,22,34
2016-07-31 12:00:00,83,43,40
2016-07-31 13:00:00,48,0,48
2016-07-31 14:00:00,143,100,43
2016-07-31 15:00:00,78,50,28
2016-07-31 16:00:00,72,46,26
2016-07-31 17:00:00,43,26,17
2016-07-31 18:00:00,37,22,15
2016-07-31 19:00:00,55,33,22
2016-07-31 20:00:00,7,0,7
2016-07-31 21:00:00,4,2,2
2016-07-31 22:00:00,1,1,0
2016-07-31 23:00:00,1,1,0
2016-08-01 00:00:00,0,0,0
2016-08-01 01:00:00,0,0,0
2016-08-01 02:00:00,0,0,0
2016-08-01 03:00:00,0,0,0
2016-08-01 04:00:00,1,0,1
2016-08-01 05:00:00,1,0,1
2016-08-01 06:00:00,29,13,16
2016-08-01 07:00:00,17,13,4
2016-08-01 08:00:00,32,16,16
2016-08-01 09:00:00,39,21,18
2016-08-01 10:00:00,20,0,20
2016-08-01 11:00:00,17,0,17
2016-08-01 12:00:00,9,0,9
2016-08-01 13:00:00,18,0,18
2016-08-01 14:00:00,33,18,15
2016-08-01 15:00:00,14,0,14
2016-08-01 16:00:00,33,17,16
2016-08-01 17:00:00,26,0,26
2016-08-01 18:00:00,41,19,22
2016-08-01 19:00:00,28,16,12
2016-08-01 20:00:00,24,17,7
2016-08-01 21:00:00,8,4,4
2016-08-01 22:00:00,0,0,0
2016-08-01 23:00:00,0,0,0
2016-08-02 00:00:00,0,0,0
2016-08-02 01:00:00,0,0,0
2016-08-02 02:00:00,0,0,0
2016-08-02 03:00:00,0,0,0
2016-08-02 04:00:00,0,0,0
2016-08-02 05:00:00,4,2,2
2016-08-02 06:00:00,17,7,10
2016-08-02 07:00:00,10,0,10
2016-08-02 08:00:00,22,10,12
2016-08-02 09:00:00,27,14,13
2016-08-02 10:00:00,30,10,20
2016-08-02 11:00:00,58,34,24
2016-08-02 12:00:00,39,27,12
2016-08-02 13:00:00,25,13,12
2016-08-02 14:00:00,21,12,9
2016-08-02 15:00:00,27,12,15
2016-08-02 16:00:00,35,18,17
2016-08-02 17:00:00,25,10,15
2016-08-02 18:00:00,45,25,20
2016-08-02 19:00:00,16,0,16
2016-08-02 20:00:00,13,7,6
2016-08-02 21:00:00,1,0,1
2016-08-02 22:00:00,1,1,0
2016-08-02 23:00:00,2,1,1
2016-08-03 00:00:00,0,0,0
2016-08-03 01:00:00,3,2,1
2016-08-03 02:00:00,0,0,0
2016-08-03 03:00:00,0,0,0
2016-08-03 04:00:00,0,0,0
2016-08-03 05:00:00,4,3,1
2016-08-03 06:00:00,27,14,13
2016-08-03 07:00:00,28,18,10
2016-08-03 08:00:00,31,18,13
2016-08-03 09:00:00,8,0,8
2016-08-03 10:00:00,36,14,22
2016-08-03 11:00:00,35,11,24
2016-08-03 12:00:00,42,28,14
2016-08-03 13:00:00,40,21,19
2016-08-03 14:00:00,20,13,7
2016-08-03 15:00:00,32,13,19
2016-08-03 16:00:00,110,64,46
2016-08-03 17:00:00,26,0,26
2016-08-03 18:00:00,51,25,26
2016-08-03 19:00:00,22,0,22
2016-08-03 20:00:00,22,12,10
2016-08-03 21:00:00,3,0,3
2016-08-03 22:00:00,0,0,0
2016-08-03 23:00:00,0,0,0
2016-08-04 00:00:00,0,0,0
2016-08-04 01:00:00,0,0,0
2016-08-04 02:00:00,0,0,0
2016-08-04 03:00:00,0,0,0
2016-08-04 04:00:00,1,0,1
2016-08-04 05:00:00,7,3,4
2016-08-04 06:00:00,17,9,8
2016-08-04 07:00:00,17,0,17
2016-08-04 08:00:00,29,16,13
2016-08-04 09:00:00,29,14,15
2016-08-04 10:00:00,21,0,21
2016-08-04 11:00:00,42,17,25
2016-08-04 12:00:00,35,27,8
2016-08-04 13:00:00,19,11,8
2016-08-04 14:00:00,9,0,9
2016-08-04 15:00:00,12,0,12
2016-08-04 16:00:00,33,14,19
2016-08-04 17:00:00,35,15,20
2016-08-04 18:00:00,41,20,21
2016-08-04 19:00:00,29,10,19
2016-08-04 20:00:00,31,19,12
2016-08-04 21:00:00,5,4,1
2016-08-04 22:00:00,0,0,0
2016-08-04 23:00:00,2,2,0
2016-08-05 00:00:00,0,0,0
2016-08-05 01:00:00,2,2,0
2016-08-05 02:00:00,0,0,0
2016-08-05 03:00:00,0,0,0
2016-08-05 04:00:00,1,0,1
2016-08-05 05:00:00,3,3,0
2016-08-05 06:00:00,16,6,10
2016-08-05 07:00:00,28,17,11
2016-08-05 08:00:00,26,18,8
2016-08-05 09:00:00,31,17,14
2016-08-05 10:00:00,41,24,17
2016-08-05 11:00:00,24,0,24
2016-08-05 12:00:00,35,19,16
2016-08-05 13:00:00,65,38,27
2016-08-05 14:00:00,20,0,20
2016-08-05 15:00:00,31,21,10
2016-08-05 16:00:00,29,11,18
2016-08-05 17:00:00,38,16,22
2016-08-05 18:00:00,33,15,18
2016-08-05 19:00:00,18,10,8
2016-08-05 20:00:00,22,10,12
2016-08-05 21:00:00,1,0,1
2016-08-05 22:00:00,3,0,3
2016-08-05 23:00:00,2,1,1
2016-08-06 00:00:00,3,1,2
2016-08-06 01:00:00,0,0,0
2016-08-06 02:00:00,0,0,0
2016-08-06 03:00:00,0,0,0
2016-08-06 04:00:00,0,0,0
2016-08-06 05:00:00,2,2,0
2016-08-06 06:00:00,11,4,7
2016-08-06 07:00:00,34,14,20
2016-08-06 08:00:00,21,0,21
2016-08-06 09:00:00,24,0,24
2016-08-06 10:00:00,52,29,23
2016-08-06 11:00:00,49,24,25
2016-08-06 12:00:00,40,23,17
2016-08-06 13:00:00,42,21,21
2016-08-06 14:00:00,14,0,14
2016-08-06 15:00:00,38,21,17
2016-08-06 16:00:00,18,0,18
2016-08-06 17:00:00,52,28,24
2016-08-06 18:00:00,32,18,14
2016-08-06 19:00:00,17,12,5
2016-08-06 20:00:00,5,1,4
2016-08-06 21:00:00,7,5,2
2016-08-06 22:00:00,2,2,0
2016-08-06 23:00:00,2,1,1
2016-08-07 00:00:00,0,0,0
2016-08-07 01:00:00,0,0,0
2016-08-07 02:00:00,0,0,0
2016-08-07 03:00:00,0,0,0
2016-08-07 04:00:00,0,0,0
2016-08-07 05:00:00,0,0,0
2016-08-07 06:00:00,2,0,2
2016-08-07 07:00:00,9,0,9
2016-08-07 08:00:00,36,19,17
2016-08-07 09:00:00,28,0,28
2016-08-07 10:00:00,45,25,20
2016-08-07 11:00:00,43,21,22
2016-08-07 12:00:00,51,29,22
2016-08-07 13:00:00,40,22,18
2016-08-07 14:00:00,36,19,17
2016-08-07 15:00:00,16,0,16
2016-08-07 16:00:00,45,25,20
2016-08-07 17:00:00,15,0,15
2016-08-07 18:00:00,14,0,14
2016-08-07 19:00:00,16,11,5
2016-08-07 20:00:00,1,0,1
2016-08-07 21:00:00,4,3,1
2016-08-07 22:00:00,1,0,1
2016-08-07 23:00:00,1,1,0
2016-08-08 00:00:00,2,1,1
2016-08-08 01:00:00,0,0,0
2016-08-08 02:00:00,0,0,0
2016-08-08 03:00:00,0,0,0
2016-08-08 04:00:00,1,1,0
2016-08-08 05:00:00,2,1,1
2016-08-08 06:00:00,14,9,5
2016-08-08 07:00:00,18,10,8
2016-08-08 08:00:00,5,0,5
2016-08-08 09:00:00,27,18,9
2016-08-08 10:00:00,35,15,20
2016-08-08 11:00:00,13,0,13
2016-08-08 12:00:00,23,12,11
2016-08-08 13:00:00,16,0,16
2016-08-08 14:00:00,4,0,4
2016-08-08 15:00:00,21,9,12
2016-08-08 16:00:00,57,30,27
2016-08-08 17:00:00,23,0,23
2016-08-08 18:00:00,22,0,22
2016-08-08 19:00:00,36,17,19
2016-08-08 20:00:00,14,0,14
2016-08-08 21:00:00,2,0,2
2016-08-08 22:00:00,1,0,1
2016-08-08 23:00:00,3,3,0
2016-08-09 00:00:00,0,0,0
2016-08-09 01:00:00,0,0,0
2016-08-09 02:00:00,0,0,0
2016-08-09 03:00:00,0,0,0
2016-08-09 04:00:00,3,0,3
2016-08-09 05:00:00,1,0,1
2016-08-09 06:00:00,19,9,10
2016-08-09 07:00:00,29,19,10
2016-08-09 08:00:00,37,19,18
2016-08-09 09:00:00,25,12,13
2016-08-09 10:00:00,15,0,15
2016-08-09 11:00:00,32,17,15
2016-08-09 12:00:00,32,18,14
2016-08-09 13:00:00,15,0,15
2016-08-09 14:00:00,27,17,10
2016-08-09 15:00:00,8,0,8
2016-08-09 16:00:00,26,12,14
2016-08-09 17:00:00,28,9,19
2016-08-09 18:00:00,55,28,27
2016-08-09 19:00:00,39,16,23
2016-08-09 20:00:00,15,13,2
2016-08-09 21:00:00,4,1,3
2016-08-09 22:00:00,4,3,1
2016-08-09 23:00:00,0,0,0
2016-08-10 00:00:00,0,0,0
2016-08-10 01:00:00,0,0,0
2016-08-10 02:00:00,0,0,0
2016-08-10 03:00:00,0,0,0
2016-08-10 04:00:00,0,0,0
2016-08-10 05:00:00,4,1,3
2016-08-10 06:00:00,10,0,10
2016-08-10 07:00:00,13,0,13
2016-08-10 08:00:00,26,0,26
2016-08-10 09:00:00,61,23,38
2016-08-10 10:00:00,23,11,12
2016-08-10 11:00:00,27,13,14
2016-08-10 12:00:00,35,20,15
2016-08-10 13:00:00,21,8,13
2016-08-10 14:00:00,10,0,10
2016-08-10 15:00:00,23,12,11
2016-08-10 16:00:00,33,16,17
2016-08-10 17:00:00,40,15,25
2016-08-10 18:00:00,25,0,25
2016-08-10 19:00:00,51,32,19
2016-08-10 20:00:00,22,14,8
2016-08-10 21:00:00,5,4,1
2016-08-10 22:00:00,1,1,0
2016-08-10 23:00:00,0,0,0
2016-08-11 00:00:00,0,0,0
2016-08-11 01:00:00,1,1,0
2016-08-11 02:00:00,0,0,0
2016-08-11 03:00:00,0,0,0
2016-08-11 04:00:00,1,0,1
2016-08-11 05:00:00,7,3,4
2016-08-11 06:00:00,21,10,11
2016-08-11 07:00:00,34,24,10
2016-08-11 08:00:00,31,20,11
2016-08-11 09:00:00,31,17,14
2016-08-11 10:00:00,46,22,24
2016-08-11 11:00:00,34,18,16
2016-08-11 12:00:00,38,18,20
2016-08-11 13:00:00,22,9,13
2016-08-11 14:00:00,23,13,10
2016-08-11 15:00:00,22,10,12
2016-08-11 16:00:00,26,11,15
2016-08-11 17:00:00,56,19,37
2016-08-11 18:00:00,28,15,13
2016-08-11 19:00:00,38,19,19
2016-08-11 20:00:00,22,16,6
2016-08-11 21:00:00,9,3,6
2016-08-11 22:00:00,0,0,0
2016-08-11 23:00:00,1,0,1
2016-08-12 00:00:00,1,1,0
2016-08-12 01:00:00,0,0,0
2016-08-12 02:00:00,0,0,0
2016-08-12 03:00:00,0,0,0
2016-08-12 04:00:00,1,1,0
2016-08-12 05:00:00,1,1,0
2016-08-12 06:00:00,52,18,34
2016-08-12 07:00:00,31,16,15
2016-08-12 08:00:00,33,19,14
2016-08-12 09:00:00,38,20,18
2016-08-12 10:00:00,36,19,17
2016-08-12 11:00:00,32,20,12
2016-08-12 12:00:00,29,15,14
2016-08-12 13:00:00,25,15,10
2016-08-12 14:00:00,18,14,4
2016-08-12 15:00:00,25,13,12
2016-08-12 16:00:00,30,18,12
2016-08-12 17:00:00,19,8,11
2016-08-12 18:00:00,13,7,6
2016-08-12 19:00:00,6,0,6
2016-08-12 20:00:00,12,7,5
2016-08-12 21:00:00,6,5,1
2016-08-12 22:00:00,5,3,2
2016-08-12 23:00:00,1,0,1
2016-08-13 00:00:00,2,2,0
2016-08-13 01:00:00,0,0,0
2016-08-13 02:00:00,0,0,0
2016-08-13 03:00:00,0,0,0
2016-08-13 04:00:00,0,0,0
2016-08-13 05:00:00,2,1,1
2016-08-13 06:00:00,35,7,28
2016-08-13 07:00:00,26,9,17
2016-08-13 08:00:00,57,22,35
2016-08-13 09:00:00,73,41,32
2016-08-13 10:00:00,52,24,28
2016-08-13 11:00:00,44,23,21
2016-08-13 12:00:00,39,22,17
2016-08-13 13:00:00,15,11,4
2016-08-13 14:00:00,19,11,8
2016-08-13 15:00:00,31,16,15
2016-08-13 16:00:00,21,17,4
2016-08-13 17:00:00,6,0,6
2016-08-13 18:00:00,10,4,6
2016-08-13 19:00:00,6,0,6
2016-08-13 20:00:00,6,2,4
2016-08-13 21:00:00,4,2,2
2016-08-13 22:00:00,3,2,1
2016-08-13 23:00:00,2,1,1
2016-08-14 00:00:00,1,1,0
2016-08-14 01:00:00,0,0,0
2016-08-14 02:00:00,0,0,0
2016-08-14 03:00:00,0,0,0
2016-08-14 04:00:00,0,0,0
2016-08-14 05:00:00,0,0,0
2016-08-14 06:00:00,4,2,2
2016-08-14 07:00:00,20,0,20
2016-08-14 08:00:00,51,25,26
2016-08-14 09:00:00,64,36,28
2016-08-14 10:00:00,41,0,41
2016-08-14 11:00:00,57,31,26
2016-08-14 12:00:00,40,22,18
2016-08-14 13:00:00,39,21,18
2016-08-14 14:00:00,15,0,15
2016-08-14 15:00:00,48,34,14
2016-08-14 16:00:00,35,18,17
2016-08-14 17:00:00,8,0,8
2016-08-14 18:00:00,30,17,13
2016-08-14 19:00:00,32,20,12
2016-08-14 20:00:00,13,9,4
2016-08-14 21:00:00,1,0,1
2016-08-14 22:00:00,5,2,3
2016-08-14 23:00:00,2,1,1
2016-08-15 00:00:00,0,0,0
2016-08-15 01:00:00,0,0,0
2016-08-15 02:00:00,0,0,0
2016-08-15 03:00:00,0,0,0
2016-08-15 04:00:00,1,0,1
2016-08-15 05:00:00,4,1,3
2016-08-15 06:00:00,23,15,8
2016-08-15 07:00:00,10,0,10
2016-08-15 08:00:00,29,17,12
2016-08-15 09:00:00,38,19,19
2016-08-15 10:00:00,16,0,16
2016-08-15 11:00:00,36,18,18
2016-08-15 12:00:00,27,17,10
2016-08-15 13:00:00,42,0,42
2016-08-15 14:00:00,135,62,73
2016-08-15 15:00:00,15,9,6
2016-08-15 16:00:00,24,13,11
2016-08-15 17:00:00,34,15,19
2016-08-15 18:00:00,42,14,28
2016-08-15 19:00:00,49,29,20
2016-08-15 20:00:00,23,16,7
2016-08-15 21:00:00,4,2,2
2016-08-15 22:00:00,0,0,0
2016-08-15 23:00:00,1,0,1
2016-08-16 00:00:00,0,0,0
2016-08-16 01:00:00,0,0,0
2016-08-16 02:00:00,0,0,0
2016-08-16 03:00:00,0,0,0
2016-08-16 04:00:00,0,0,0
2016-08-16 05:00:00,5,2,3
2016-08-16 06:00:00,16,8,8
2016-08-16 07:00:00,29,20,9
2016-08-16 08:00:00,49,21,28
2016-08-16 09:00:00,37,20,17
2016-08-16 10:00:00,20,12,8
2016-08-16 11:00:00,26,11,15
2016-08-16 12:00:00,43,29,14
2016-08-16 13:00:00,18,13,5
2016-08-16 14:00:00,32,19,13
2016-08-16 15:00:00,30,23,7
2016-08-16 16:00:00,36,19,17
2016-08-16 17:00:00,42,18,24
2016-08-16 18:00:00,25,13,12
2016-08-16 19:00:00,58,28,30
2016-08-16 20:00:00,30,23,7
2016-08-16 21:00:00,0,0,0
2016-08-16 22:00:00,0,0,0
2016-08-16 23:00:00,0,0,0
2016-08-17 00:00:00,1,1,0
2016-08-17 01:00:00,0,0,0
2016-08-17 02:00:00,0,0,0
2016-08-17 03:00:00,0,0,0
2016-08-17 04:00:00,1,0,1
2016-08-17 05:00:00,2,2,0
2016-08-17 06:00:00,18,11,7
2016-08-17 07:00:00,29,17,12
2016-08-17 08:00:00,33,16,17
2016-08-17 09:00:00,37,22,15
2016-08-17 10:00:00,28,13,15
2016-08-17 11:00:00,46,32,14
2016-08-17 12:00:00,43,22,21
2016-08-17 13:00:00,51,27,24
2016-08-17 14:00:00,21,11,10
2016-08-17 15:00:00,25,14,11
2016-08-17 16:00:00,23,10,13
2016-08-17 17:00:00,39,18,21
2016-08-17 18:00:00,39,18,21
2016-08-17 19:00:00,35,14,21
2016-08-17 20:00:00,14,8,6
2016-08-17 21:00:00,2,2,0
2016-08-17 22:00:00,0,0,0
2016-08-17 23:00:00,2,1,1
2016-08-18 00:00:00,0,0,0
2016-08-18 01:00:00,0,0,0
2016-08-18 02:00:00,0,0,0
2016-08-18 03:00:00,0,0,0
2016-08-18 04:00:00,0,0,0
2016-08-18 05:00:00,11,5,6
2016-08-18 06:00:00,10,5,5
2016-08-18 07:00:00,35,21,14
2016-08-18 08:00:00,44,23,21
2016-08-18 09:00:00,51,26,25
2016-08-18 10:00:00,150,62,88
2016-08-18 11:00:00,1108,579,529
2016-08-18 12:00:00,887,549,338
2016-08-18 13:00:00,835,578,257
2016-08-18 14:00:00,54,0,54
2016-08-18 15:00:00,32,26,6
2016-08-18 16:00:00,26,7,19
2016-08-18 17:00:00,42,18,24
2016-08-18 18:00:00,31,16,15
2016-08-18 19:00:00,22,16,6
2016-08-18 20:00:00,25,14,11
2016-08-18 21:00:00,7,5,2
2016-08-18 22:00:00,3,3,0
2016-08-18 23:00:00,3,1,2
2016-08-19 00:00:00,0,0,0
2016-08-19 01:00:00,0,0,0
2016-08-19 02:00:00,0,0,0
2016-08-19 03:00:00,0,0,0
2016-08-19 04:00:00,0,0,0
2016-08-19 05:00:00,0,0,0
2016-08-19 06:00:00,25,12,13
2016-08-19 07:00:00,45,22,23
2016-08-19 08:00:00,56,26,30
2016-08-19 09:00:00,44,25,19
2016-08-19 10:00:00,116,0,116
2016-08-19 11:00:00,1922,1134,788
2016-08-19 12:00:00,1274,714,560
2016-08-19 13:00:00,484,0,484
2016-08-19 14:00:00,288,179,109
2016-08-19 15:00:00,21,10,11
2016-08-19 16:00:00,19,8,11
2016-08-19 17:00:00,19,8,11
2016-08-19 18:00:00,9,3,6
2016-08-19 19:00:00,14,7,7
2016-08-19 20:00:00,7,3,4
2016-08-19 21:00:00,12,9,3
2016-08-19 22:00:00,4,2,2
2016-08-19 23:00:00,1,1,0
2016-08-20 00:00:00,0,0,0
2016-08-20 01:00:00,1,1,0
2016-08-20 02:00:00,0,0,0
2016-08-20 03:00:00,0,0,0
2016-08-20 04:00:00,0,0,0
2016-08-20 05:00:00,1,1,0
2016-08-20 06:00:00,18,6,12
2016-08-20 07:00:00,65,23,42
2016-08-20 08:00:00,106,56,50
2016-08-20 09:00:00,100,55,45
2016-08-20 10:00:00,72,37,35
2016-08-20 11:00:00,62,32,30
2016-08-20 12:00:00,41,17,24
2016-08-20 13:00:00,38,22,16
2016-08-20 14:00:00,111,58,53
2016-08-20 15:00:00,52,37,15
2016-08-20 16:00:00,14,7,7
2016-08-20 17:00:00,10,7,3
2016-08-20 18:00:00,14,7,7
2016-08-20 19:00:00,20,13,7
2016-08-20 20:00:00,10,4,6
2016-08-20 21:00:00,3,2,1
2016-08-20 22:00:00,1,0,1
2016-08-20 23:00:00,1,0,1
2016-08-21 00:00:00,1,1,0
2016-08-21 01:00:00,0,0,0
2016-08-21 02:00:00,0,0,0
2016-08-21 03:00:00,0,0,0
2016-08-21 04:00:00,0,0,0
2016-08-21 05:00:00,4,3,1
2016-08-21 06:00:00,12,4,8
2016-08-21 07:00:00,28,14,14
2016-08-21 08:00:00,44,25,19
2016-08-21 09:00:00,65,35,30
2016-08-21 10:00:00,53,25,28
2016-08-21 11:00:00,63,34,29
2016-08-21 12:00:00,66,37,29
2016-08-21 13:00:00,50,29,21
2016-08-21 14:00:00,41,24,17
2016-08-21 15:00:00,39,15,24
2016-08-21 16:00:00,27,15,12
2016-08-21 17:00:00,34,17,17
2016-08-21 18:00:00,25,17,8
2016-08-21 19:00:00,15,9,6
2016-08-21 20:00:00,5,5,0
2016-08-21 21:00:00,5,2,3
2016-08-21 22:00:00,0,0,0
2016-08-21 23:00:00,0,0,0
2016-08-22 00:00:00,0,0,0
2016-08-22 01:00:00,0,0,0
2016-08-22 02:00:00,0,0,0
2016-08-22 03:00:00,0,0,0
2016-08-22 04:00:00,1,0,1
2016-08-22 05:00:00,3,0,3
2016-08-22 06:00:00,20,11,9
2016-08-22 07:00:00,29,13,16
2016-08-22 08:00:00,34,19,15
2016-08-22 09:00:00,26,15,11
2016-08-22 10:00:00,34,18,16
2016-08-22 11:00:00,36,20,16
2016-08-22 12:00:00,20,8,12
2016-08-22 13:00:00,40,22,18
2016-08-22 14:00:00,39,17,22
2016-08-22 15:00:00,19,10,9
2016-08-22 16:00:00,30,15,15
2016-08-22 17:00:00,53,25,28
2016-08-22 18:00:00,49,21,28
2016-08-22 19:00:00,49,24,25
2016-08-22 20:00:00,24,15,9
2016-08-22 21:00:00,5,3,2
2016-08-22 22:00:00,0,0,0
2016-08-22 23:00:00,1,0,1
2016-08-23 00:00:00,0,0,0
2016-08-23 01:00:00,0,0,0
2016-08-23 02:00:00,0,0,0
2016-08-23 03:00:00,0,0,0
2016-08-23 04:00:00,1,0,1
2016-08-23 05:00:00,4,3,1
2016-08-23 06:00:00,17,8,9
2016-08-23 07:00:00,33,21,12
2016-08-23 08:00:00,49,23,26
2016-08-23 09:00:00,38,20,18
2016-08-23 10:00:00,33,19,14
2016-08-23 11:00:00,62,24,38
2016-08-23 12:00:00,107,41,66
2016-08-23 13:00:00,64,24,40
2016-08-23 14:00:00,28,11,17
2016-08-23 15:00:00,24,12,12
2016-08-23 16:00:00,29,14,15
2016-08-23 17:00:00,46,20,26
2016-08-23 18:00:00,37,17,20
2016-08-23 19:00:00,47,28,19
2016-08-23 20:00:00,21,9,12
2016-08-23 21:00:00,1,1,0
2016-08-23 22:00:00,1,0,1
2016-08-23 23:00:00,0,0,0
2016-08-24 00:00:00,0,0,0
2016-08-24 01:00:00,0,0,0
2016-08-24 02:00:00,0,0,0
2016-08-24 03:00:00,0,0,0
2016-08-24 04:00:00,2,0,2
2016-08-24 05:00:00,8,4,4
2016-08-24 06:00:00,32,16,16
2016-08-24 07:00:00,28,17,11
2016-08-24 08:00:00,35,20,15
2016-08-24 09:00:00,38,23,15
2016-08-24 10:00:00,30,17,13
2016-08-24 11:00:00,32,14,18
2016-08-24 12:00:00,33,18,15
2016-08-24 13:00:00,18,10,8
2016-08-24 14:00:00,23,14,9
2016-08-24 15:00:00,13,6,7
2016-08-24 16:00:00,19,10,9
2016-08-24 17:00:00,32,17,15
2016-08-24 18:00:00,20,7,13
2016-08-24 19:00:00,21,11,10
2016-08-24 20:00:00,17,8,9
2016-08-24 21:00:00,2,2,0
2016-08-24 22:00:00,4,1,3
2016-08-24 23:00:00,0,0,0
2016-08-25 00:00:00,0,0,0
2016-08-25 01:00:00,0,0,0
2016-08-25 02:00:00,0,0,0
2016-08-25 03:00:00,0,0,0
2016-08-25 04:00:00,1,0,1
2016-08-25 05:00:00,4,2,2
2016-08-25 06:00:00,10,4,6
2016-08-25 07:00:00,35,22,13
2016-08-25 08:00:00,50,30,20
2016-08-25 09:00:00,40,22,18
2016-08-25 10:00:00,38,18,20
2016-08-25 11:00:00,31,15,16
2016-08-25 12:00:00,26,18,8
2016-08-25 13:00:00,17,9,8
2016-08-25 14:00:00,7,5,2
2016-08-25 15:00:00,11,8,3
2016-08-25 16:00:00,22,13,9
2016-08-25 17:00:00,20,7,13
2016-08-25 18:00:00,27,11,16
2016-08-25 19:00:00,15,8,7
2016-08-25 20:00:00,9,0,9
2016-08-25 21:00:00,4,1,3
2016-08-25 22:00:00,3,1,2
2016-08-25 23:00:00,1,1,0
2016-08-26 00:00:00,0,0,0
2016-08-26 01:00:00,0,0,0
2016-08-26 02:00:00,0,0,0
2016-08-26 03:00:00,0,0,0
2016-08-26 04:00:00,1,0,1
2016-08-26 05:00:00,5,1,4
2016-08-26 06:00:00,6,0,6
2016-08-26 07:00:00,37,20,17
2016-08-26 08:00:00,45,30,15
2016-08-26 09:00:00,34,20,14
2016-08-26 10:00:00,29,13,16
2016-08-26 11:00:00,13,0,13
2016-08-26 12:00:00,17,7,10
2016-08-26 13:00:00,14,7,7
2016-08-26 14:00:00,10,5,5
2016-08-26 15:00:00,14,8,6
2016-08-26 16:00:00,21,5,16
2016-08-26 17:00:00,16,4,12
2016-08-26 18:00:00,11,5,6
2016-08-26 19:00:00,13,6,7
2016-08-26 20:00:00,15,7,8
2016-08-26 21:00:00,5,4,1
2016-08-26 22:00:00,5,1,4
2016-08-26 23:00:00,0,0,0
2016-08-27 00:00:00,0,0,0
2016-08-27 01:00:00,0,0,0
2016-08-27 02:00:00,0,0,0
2016-08-27 03:00:00,0,0,0
2016-08-27 04:00:00,0,0,0
2016-08-27 05:00:00,0,0,0
2016-08-27 06:00:00,7,3,4
2016-08-27 07:00:00,26,12,14
2016-08-27 08:00:00,59,28,31
2016-08-27 09:00:00,58,33,25
2016-08-27 10:00:00,54,26,28
2016-08-27 11:00:00,66,31,35
2016-08-27 12:00:00,38,19,19
2016-08-27 13:00:00,27,10,17
2016-08-27 14:00:00,38,21,17
2016-08-27 15:00:00,29,18,11
2016-08-27 16:00:00,12,0,12
2016-08-27 17:00:00,33,19,14
2016-08-27 18:00:00,16,7,9
2016-08-27 19:00:00,20,11,9
2016-08-27 20:00:00,4,0,4
2016-08-27 21:00:00,0,0,0
2016-08-27 22:00:00,1,0,1
2016-08-27 23:00:00,0,0,0
2016-08-28 00:00:00,0,0,0
2016-08-28 01:00:00,0,0,0
2016-08-28 02:00:00,0,0,0
2016-08-28 03:00:00,0,0,0
2016-08-28 04:00:00,0,0,0
2016-08-28 05:00:00,2,0,2
2016-08-28 06:00:00,5,1,4
2016-08-28 07:00:00,33,14,19
2016-08-28 08:00:00,30,14,16
2016-08-28 09:00:00,48,22,26
2016-08-28 10:00:00,41,28,13
2016-08-28 11:00:00,71,36,35
2016-08-28 12:00:00,60,33,27
2016-08-28 13:00:00,63,31,32
2016-08-28 14:00:00,45,25,20
2016-08-28 15:00:00,32,22,10
2016-08-28 16:00:00,23,13,10
2016-08-28 17:00:00,21,11,10
2016-08-28 18:00:00,23,11,12
2016-08-28 19:00:00,22,14,8
2016-08-28 20:00:00,9,8,1
2016-08-28 21:00:00,0,0,0
2016-08-28 22:00:00,0,0,0
2016-08-28 23:00:00,0,0,0
2016-08-29 00:00:00,0,0,0
2016-08-29 01:00:00,0,0,0
2016-08-29 02:00:00,0,0,0
2016-08-29 03:00:00,0,0,0
2016-08-29 04:00:00,1,0,1
2016-08-29 05:00:00,3,1,2
2016-08-29 06:00:00,12,8,4
2016-08-29 07:00:00,18,12,6
2016-08-29 08:00:00,41,25,16
2016-08-29 09:00:00,42,23,19
2016-08-29 10:00:00,43,24,19
2016-08-29 11:00:00,36,19,17
2016-08-29 12:00:00,33,21,12
2016-08-29 13:00:00,18,9,9
2016-08-29 14:00:00,21,11,10
2016-08-29 15:00:00,21,11,10
2016-08-29 16:00:00,17,7,10
2016-08-29 17:00:00,29,7,22
2016-08-29 18:00:00,47,23,24
2016-08-29 19:00:00,40,23,17
2016-08-29 20:00:00,7,5,2
2016-08-29 21:00:00,3,0,3
2016-08-29 22:00:00,3,2,1
2016-08-29 23:00:00,0,0,0
2016-08-30 00:00:00,0,0,0
2016-08-30 01:00:00,0,0,0
2016-08-30 02:00:00,1,0,1
2016-08-30 03:00:00,0,0,0
2016-08-30 04:00:00,1,1,0
2016-08-30 05:00:00,4,2,2
2016-08-30 06:00:00,15,6,9
2016-08-30 07:00:00,27,14,13
2016-08-30 08:00:00,36,20,16
2016-08-30 09:00:00,27,15,12
2016-08-30 10:00:00,24,16,8
2016-08-30 11:00:00,23,11,12
2016-08-30 12:00:00,24,13,11
2016-08-30 13:00:00,34,20,14
2016-08-30 14:00:00,25,9,16
2016-08-30 15:00:00,14,7,7
2016-08-30 16:00:00,30,15,15
2016-08-30 17:00:00,39,18,21
2016-08-30 18:00:00,28,14,14
2016-08-30 19:00:00,29,15,14
2016-08-30 20:00:00,16,9,7
2016-08-30 21:00:00,3,2,1
2016-08-30 22:00:00,1,0,1
2016-08-30 23:00:00,0,0,0
2016-08-31 00:00:00,1,0,1
2016-08-31 01:00:00,0,0,0
2016-08-31 02:00:00,0,0,0
2016-08-31 03:00:00,0,0,0
2016-08-31 04:00:00,0,0,0
2016-08-31 05:00:00,1,1,0
2016-08-31 06:00:00,11,3,8
2016-08-31 07:00:00,46,27,19
2016-08-31 08:00:00,31,20,11
2016-08-31 09:00:00,42,28,14
2016-08-31 10:00:00,28,13,15
2016-08-31 11:00:00,35,16,19
2016-08-31 12:00:00,27,15,12
2016-08-31 13:00:00,26,11,15
2016-08-31 14:00:00,16,9,7
2016-08-31 15:00:00,13,9,4
2016-08-31 16:00:00,23,9,14
2016-08-31 17:00:00,32,12,20
2016-08-31 18:00:00,49,23,26
2016-08-31 19:00:00,18,12,6
2016-08-31 20:00:00,7,2,5
2016-08-31 21:00:00,1,1,0
2016-08-31 22:00:00,3,1,2
2016-08-31 23:00:00,0,0,0
2016-09-01 00:00:00,0,0,0
2016-09-01 01:00:00,0,0,0
2016-09-01 02:00:00,0,0,0
2016-09-01 03:00:00,0,0,0
2016-09-01 04:00:00,0,0,0
2016-09-01 05:00:00,5,1,4
2016-09-01 06:00:00,13,6,7
2016-09-01 07:00:00,22,12,10
2016-09-01 08:00:00,30,15,15
2016-09-01 09:00:00,36,19,17
2016-09-01 10:00:00,31,15,16
2016-09-01 11:00:00,31,16,15
2016-09-01 12:00:00,16,6,10
2016-09-01 13:00:00,12,7,5
2016-09-01 14:00:00,15,5,10
2016-09-01 15:00:00,23,10,13
2016-09-01 16:00:00,25,14,11
2016-09-01 17:00:00,22,11,11
2016-09-01 18:00:00,35,20,15
2016-09-01 19:00:00,29,18,11
2016-09-01 20:00:00,5,3,2
2016-09-01 21:00:00,1,0,1
2016-09-01 22:00:00,1,0,1
2016-09-01 23:00:00,0,0,0
2016-09-02 00:00:00,3,1,2
2016-09-02 01:00:00,3,2,1
2016-09-02 02:00:00,0,0,0
2016-09-02 03:00:00,1,1,0
2016-09-02 04:00:00,0,0,0
2016-09-02 05:00:00,3,1,2
2016-09-02 06:00:00,10,5,5
2016-09-02 07:00:00,14,9,5
2016-09-02 08:00:00,26,13,13
2016-09-02 09:00:00,31,15,16
2016-09-02 10:00:00,7,2,5
2016-09-02 11:00:00,11,6,5
2016-09-02 12:00:00,15,10,5
2016-09-02 13:00:00,13,5,8
2016-09-02 14:00:00,21,13,8
2016-09-02 15:00:00,31,18,13
2016-09-02 16:00:00,10,5,5
2016-09-02 17:00:00,13,5,8
2016-09-02 18:00:00,24,13,11
2016-09-02 19:00:00,11,7,4
2016-09-02 20:00:00,2,1,1
2016-09-02 21:00:00,4,2,2
2016-09-02 22:00:00,2,0,2
2016-09-02 23:00:00,1,1,0
2016-09-03 00:00:00,0,0,0
2016-09-03 01:00:00,0,0,0
2016-09-03 02:00:00,0,0,0
2016-09-03 03:00:00,0,0,0
2016-09-03 04:00:00,0,0,0
2016-09-03 05:00:00,0,0,0
2016-09-03 06:00:00,7,3,4
2016-09-03 07:00:00,11,6,5
2016-09-03 08:00:00,39,15,24
2016-09-03 09:00:00,60,29,31
2016-09-03 10:00:00,53,28,25
2016-09-03 11:00:00,63,35,28
2016-09-03 12:00:00,34,20,14
2016-09-03 13:00:00,26,15,11
2016-09-03 14:00:00,23,9,14
2016-09-03 15:00:00,53,33,20
2016-09-03 16:00:00,35,16,19
2016-09-03 17:00:00,37,16,21
2016-09-03 18:00:00,27,18,9
2016-09-03 19:00:00,31,19,12
2016-09-03 20:00:00,8,5,3
2016-09-03 21:00:00,2,1,1
2016-09-03 22:00:00,1,1,0
2016-09-03 23:00:00,0,0,0
2016-09-04 00:00:00,0,0,0
2016-09-04 01:00:00,0,0,0
2016-09-04 02:00:00,0,0,0
2016-09-04 03:00:00,0,0,0
2016-09-04 04:00:00,0,0,0
2016-09-04 05:00:00,0,0,0
2016-09-04 06:00:00,4,0,4
2016-09-04 07:00:00,18,7,11
2016-09-04 08:00:00,62,31,31
2016-09-04 09:00:00,61,37,24
2016-09-04 10:00:00,50,20,30
2016-09-04 11:00:00,63,30,33
2016-09-04 12:00:00,51,32,19
2016-09-04 13:00:00,42,23,19
2016-09-04 14:00:00,45,25,20
2016-09-04 15:00:00,44,27,17
2016-09-04 16:00:00,41,19,22
2016-09-04 17:00:00,46,25,21
2016-09-04 18:00:00,31,17,14
2016-09-04 19:00:00,26,18,8
2016-09-04 20:00:00,1,1,0
2016-09-04 21:00:00,1,1,0
2016-09-04 22:00:00,2,1,1
2016-09-04 23:00:00,0,0,0
2016-09-05 00:00:00,1,1,0
2016-09-05 01:00:00,0,0,0
2016-09-05 02:00:00,0,0,0
2016-09-05 03:00:00,0,0,0
2016-09-05 04:00:00,0,0,0
2016-09-05 05:00:00,0,0,0
2016-09-05 06:00:00,5,0,5
2016-09-05 07:00:00,11,7,4
2016-09-05 08:00:00,26,11,15
2016-09-05 09:00:00,45,26,19
2016-09-05 10:00:00,48,21,27
2016-09-05 11:00:00,33,17,16
2016-09-05 12:00:00,30,14,16
2016-09-05 13:00:00,43,25,18
2016-09-05 14:00:00,28,16,12
2016-09-05 15:00:00,35,22,13
2016-09-05 16:00:00,42,27,15
2016-09-05 17:00:00,34,18,16
2016-09-05 18:00:00,23,16,7
2016-09-05 19:00:00,5,3,2
2016-09-05 20:00:00,2,1,1
2016-09-05 21:00:00,0,0,0
2016-09-05 22:00:00,1,0,1
2016-09-05 23:00:00,0,0,0
2016-09-06 00:00:00,0,0,0
2016-09-06 01:00:00,0,0,0
2016-09-06 02:00:00,0,0,0
2016-09-06 03:00:00,0,0,0
2016-09-06 04:00:00,1,1,0
2016-09-06 05:00:00,0,0,0
2016-09-06 06:00:00,4,2,2
2016-09-06 07:00:00,16,9,7
2016-09-06 08:00:00,37,23,14
2016-09-06 09:00:00,26,11,15
2016-09-06 10:00:00,28,14,14
2016-09-06 11:00:00,32,18,14
2016-09-06 12:00:00,19,9,10
2016-09-06 13:00:00,20,12,8
2016-09-06 14:00:00,19,12,7
2016-09-06 15:00:00,8,4,4
2016-09-06 16:00:00,28,11,17
2016-09-06 17:00:00,52,31,21
2016-09-06 18:00:00,48,27,21
2016-09-06 19:00:00,26,17,9
2016-09-06 20:00:00,2,1,1
2016-09-06 21:00:00,0,0,0
2016-09-06 22:00:00,4,2,2
2016-09-06 23:00:00,0,0,0
2016-09-07 00:00:00,0,0,0
2016-09-07 01:00:00,0,0,0
2016-09-07 02:00:00,0,0,0
2016-09-07 03:00:00,0,0,0
2016-09-07 04:00:00,1,0,1
2016-09-07 05:00:00,1,1,0
2016-09-07 06:00:00,10,4,6
2016-09-07 07:00:00,29,20,9
2016-09-07 08:00:00,24,15,9
2016-09-07 09:00:00,19,11,8
2016-09-07 10:00:00,30,13,17
2016-09-07 11:00:00,19,10,9
2016-09-07 12:00:00,22,10,12
2016-09-07 13:00:00,17,11,6
2016-09-07 14:00:00,24,10,14
2016-09-07 15:00:00,17,9,8
2016-09-07 16:00:00,42,18,24
2016-09-07 17:00:00,27,14,13
2016-09-07 18:00:00,31,16,15
2016-09-07 19:00:00,9,5,4
2016-09-07 20:00:00,2,1,1
2016-09-07 21:00:00,3,3,0
2016-09-07 22:00:00,0,0,0
2016-09-07 23:00:00,0,0,0
2016-09-08 00:00:00,0,0,0
2016-09-08 01:00:00,0,0,0
2016-09-08 02:00:00,0,0,0
2016-09-08 03:00:00,0,0,0
2016-09-08 04:00:00,0,0,0
2016-09-08 05:00:00,6,4,2
2016-09-08 06:00:00,10,5,5
2016-09-08 07:00:00,29,20,9
2016-09-08 08:00:00,21,13,8
2016-09-08 09:00:00,29,17,12
2016-09-08 10:00:00,25,16,9
2016-09-08 11:00:00,23,11,12
2016-09-08 12:00:00,18,11,7
2016-09-08 13:00:00,19,13,6
2016-09-08 14:00:00,24,11,13
2016-09-08 15:00:00,27,12,15
2016-09-08 16:00:00,31,14,17
2016-09-08 17:00:00,51,22,29
2016-09-08 18:00:00,28,14,14
2016-09-08 19:00:00,26,15,11
2016-09-08 20:00:00,2,1,1
2016-09-08 21:00:00,4,3,1
2016-09-08 22:00:00,1,0,1
2016-09-08 23:00:00,0,0,0
2016-09-09 00:00:00,0,0,0
2016-09-09 01:00:00,1,0,1
2016-09-09 02:00:00,0,0,0
2016-09-09 03:00:00,0,0,0
2016-09-09 04:00:00,0,0,0
2016-09-09 05:00:00,1,0,1
2016-09-09 06:00:00,14,6,8
2016-09-09 07:00:00,31,16,15
2016-09-09 08:00:00,37,20,17
2016-09-09 09:00:00,28,16,12
2016-09-09 10:00:00,23,9,14
2016-09-09 11:00:00,26,16,10
2016-09-09 12:00:00,32,20,12
2016-09-09 13:00:00,22,10,12
2016-09-09 14:00:00,21,12,9
2016-09-09 15:00:00,34,16,18
2016-09-09 16:00:00,35,16,19
2016-09-09 17:00:00,33,19,14
2016-09-09 18:00:00,34,19,15
2016-09-09 19:00:00,15,12,3
2016-09-09 20:00:00,0,0,0
2016-09-09 21:00:00,0,0,0
2016-09-09 22:00:00,0,0,0
2016-09-09 23:00:00,2,1,1
2016-09-10 00:00:00,0,0,0
2016-09-10 01:00:00,0,0,0
2016-09-10 02:00:00,0,0,0
2016-09-10 03:00:00,1,0,1
2016-09-10 04:00:00,0,0,0
2016-09-10 05:00:00,1,1,0
2016-09-10 06:00:00,6,2,4
2016-09-10 07:00:00,24,9,15
2016-09-10 08:00:00,46,23,23
2016-09-10 09:00:00,48,27,21
2016-09-10 10:00:00,80,34,46
2016-09-10 11:00:00,61,38,23
2016-09-10 12:00:00,48,27,21
2016-09-10 13:00:00,47,26,21
2016-09-10 14:00:00,37,23,14
2016-09-10 15:00:00,28,16,12
2016-09-10 16:00:00,33,18,15
2016-09-10 17:00:00,37,26,11
2016-09-10 18:00:00,34,16,18
2016-09-10 19:00:00,17,9,8
2016-09-10 20:00:00,1,0,1
2016-09-10 21:00:00,1,1,0
2016-09-10 22:00:00,2,0,2
2016-09-10 23:00:00,1,1,0
2016-09-11 00:00:00,1,0,1
2016-09-11 01:00:00,0,0,0
2016-09-11 02:00:00,0,0,0
2016-09-11 03:00:00,0,0,0
2016-09-11 04:00:00,0,0,0
2016-09-11 05:00:00,0,0,0
2016-09-11 06:00:00,4,1,3
2016-09-11 07:00:00,25,13,12
2016-09-11 08:00:00,45,24,21
2016-09-11 09:00:00,55,27,28
2016-09-11 10:00:00,72,36,36
2016-09-11 11:00:00,47,28,19
2016-09-11 12:00:00,39,20,19
2016-09-11 13:00:00,36,23,13
2016-09-11 14:00:00,27,17,10
2016-09-11 15:00:00,43,21,22
2016-09-11 16:00:00,42,23,19
2016-09-11 17:00:00,34,21,13
2016-09-11 18:00:00,19,10,9
2016-09-11 19:00:00,13,8,5
2016-09-11 20:00:00,1,1,0
2016-09-11 21:00:00,4,1,3
2016-09-11 22:00:00,7,1,6
2016-09-11 23:00:00,1,1,0
2016-09-12 00:00:00,0,0,0
2016-09-12 01:00:00,0,0,0
2016-09-12 02:00:00,0,0,0
2016-09-12 03:00:00,0,0,0
2016-09-12 04:00:00,2,1,1
2016-09-12 05:00:00,0,0,0
2016-09-12 06:00:00,13,6,7
2016-09-12 07:00:00,28,15,13
2016-09-12 08:00:00,19,11,8
2016-09-12 09:00:00,19,9,10
2016-09-12 10:00:00,32,13,19
2016-09-12 11:00:00,28,14,14
2016-09-12 12:00:00,35,21,14
2016-09-12 13:00:00,24,12,12
2016-09-12 14:00:00,16,7,9
2016-09-12 15:00:00,28,11,17
2016-09-12 16:00:00,36,18,18
2016-09-12 17:00:00,38,15,23
2016-09-12 18:00:00,56,30,26
2016-09-12 19:00:00,18,9,9
2016-09-12 20:00:00,6,3,3
2016-09-12 21:00:00,1,1,0
2016-09-12 22:00:00,3,0,3
2016-09-12 23:00:00,1,1,0
2016-09-13 00:00:00,0,0,0
2016-09-13 01:00:00,0,0,0
2016-09-13 02:00:00,0,0,0
2016-09-13 03:00:00,0,0,0
2016-09-13 04:00:00,0,0,0
2016-09-13 05:00:00,4,2,2
2016-09-13 06:00:00,8,4,4
2016-09-13 07:00:00,31,18,13
2016-09-13 08:00:00,22,13,9
2016-09-13 09:00:00,37,17,20
2016-09-13 10:00:00,25,17,8
2016-09-13 11:00:00,46,24,22
2016-09-13 12:00:00,27,18,9
2016-09-13 13:00:00,22,16,6
2016-09-13 14:00:00,34,22,12
2016-09-13 15:00:00,22,13,9
2016-09-13 16:00:00,32,16,16
2016-09-13 17:00:00,50,19,31
2016-09-13 18:00:00,47,27,20
2016-09-13 19:00:00,29,21,8
2016-09-13 20:00:00,6,4,2
2016-09-13 21:00:00,2,1,1
2016-09-13 22:00:00,1,0,1
2016-09-13 23:00:00,0,0,0
2016-09-14 00:00:00,0,0,0
2016-09-14 01:00:00,0,0,0
2016-09-14 02:00:00,0,0,0
2016-09-14 03:00:00,0,0,0
2016-09-14 04:00:00,2,1,1
2016-09-14 05:00:00,5,2,3
2016-09-14 06:00:00,13,6,7
2016-09-14 07:00:00,30,23,7
2016-09-14 08:00:00,24,18,6
2016-09-14 09:00:00,39,21,18
2016-09-14 10:00:00,27,16,11
2016-09-14 11:00:00,46,34,12
2016-09-14 12:00:00,43,33,10
2016-09-14 13:00:00,23,15,8
2016-09-14 14:00:00,40,28,12
2016-09-14 15:00:00,30,15,15
2016-09-14 16:00:00,26,10,16
2016-09-14 17:00:00,35,16,19
2016-09-14 18:00:00,47,24,23
2016-09-14 19:00:00,32,20,12
2016-09-14 20:00:00,2,1,1
2016-09-14 21:00:00,2,1,1
2016-09-14 22:00:00,1,0,1
2016-09-14 23:00:00,1,0,1
2016-09-15 00:00:00,0,0,0
2016-09-15 01:00:00,0,0,0
2016-09-15 02:00:00,0,0,0
2016-09-15 03:00:00,0,0,0
2016-09-15 04:00:00,1,1,0
2016-09-15 05:00:00,3,1,2
2016-09-15 06:00:00,12,8,4
2016-09-15 07:00:00,25,14,11
2016-09-15 08:00:00,37,22,15
2016-09-15 09:00:00,44,22,22
2016-09-15 10:00:00,29,20,9
2016-09-15 11:00:00,32,12,20
2016-09-15 12:00:00,18,9,9
2016-09-15 13:00:00,29,17,12
2016-09-15 14:00:00,19,10,9
2016-09-15 15:00:00,23,14,9
2016-09-15 16:00:00,31,13,18
2016-09-15 17:00:00,39,14,25
2016-09-15 18:00:00,32,16,16
2016-09-15 19:00:00,19,11,8
2016-09-15 20:00:00,4,2,2
2016-09-15 21:00:00,7,2,5
2016-09-15 22:00:00,1,0,1
2016-09-15 23:00:00,0,0,0
2016-09-16 00:00:00,0,0,0
2016-09-16 01:00:00,0,0,0
2016-09-16 02:00:00,0,0,0
2016-09-16 03:00:00,0,0,0
2016-09-16 04:00:00,0,0,0
2016-09-16 05:00:00,1,0,1
2016-09-16 06:00:00,11,4,7
2016-09-16 07:00:00,20,11,9
2016-09-16 08:00:00,27,17,10
2016-09-16 09:00:00,29,13,16
2016-09-16 10:00:00,27,17,10
2016-09-16 11:00:00,36,20,16
2016-09-16 12:00:00,29,17,12
2016-09-16 13:00:00,27,17,10
2016-09-16 14:00:00,14,9,5
2016-09-16 15:00:00,26,10,16
2016-09-16 16:00:00,31,14,17
2016-09-16 17:00:00,32,20,12
2016-09-16 18:00:00,34,19,15
2016-09-16 19:00:00,9,6,3
2016-09-16 20:00:00,5,3,2
2016-09-16 21:00:00,2,1,1
2016-09-16 22:00:00,2,0,2
2016-09-16 23:00:00,2,1,1
2016-09-17 00:00:00,1,0,1
2016-09-17 01:00:00,0,0,0
2016-09-17 02:00:00,0,0,0
2016-09-17 03:00:00,0,0,0
2016-09-17 04:00:00,0,0,0
2016-09-17 05:00:00,1,1,0
2016-09-17 06:00:00,3,1,2
2016-09-17 07:00:00,8,5,3
2016-09-17 08:00:00,28,14,14
2016-09-17 09:00:00,38,19,19
2016-09-17 10:00:00,43,19,24
2016-09-17 11:00:00,42,25,17
2016-09-17 12:00:00,46,21,25
2016-09-17 13:00:00,30,17,13
2016-09-17 14:00:00,22,15,7
2016-09-17 15:00:00,31,17,14
2016-09-17 16:00:00,25,12,13
2016-09-17 17:00:00,22,12,10
2016-09-17 18:00:00,19,10,9
2016-09-17 19:00:00,14,9,5
2016-09-17 20:00:00,1,0,1
2016-09-17 21:00:00,6,3,3
2016-09-17 22:00:00,4,2,2
2016-09-17 23:00:00,1,1,0
2016-09-18 00:00:00,0,0,0
2016-09-18 01:00:00,0,0,0
2016-09-18 02:00:00,0,0,0
2016-09-18 03:00:00,0,0,0
2016-09-18 04:00:00,0,0,0
2016-09-18 05:00:00,1,1,0
2016-09-18 06:00:00,3,1,2
2016-09-18 07:00:00,19,7,12
2016-09-18 08:00:00,34,18,16
2016-09-18 09:00:00,55,25,30
2016-09-18 10:00:00,79,44,35
2016-09-18 11:00:00,53,30,23
2016-09-18 12:00:00,61,37,24
2016-09-18 13:00:00,38,20,18
2016-09-18 14:00:00,51,21,30
2016-09-18 15:00:00,43,21,22
2016-09-18 16:00:00,60,33,27
2016-09-18 17:00:00,31,18,13
2016-09-18 18:00:00,31,19,12
2016-09-18 19:00:00,12,8,4
2016-09-18 20:00:00,2,2,0
2016-09-18 21:00:00,5,2,3
2016-09-18 22:00:00,1,0,1
2016-09-18 23:00:00,0,0,0
2016-09-19 00:00:00,2,1,1
2016-09-19 01:00:00,0,0,0
2016-09-19 02:00:00,1,1,0
2016-09-19 03:00:00,0,0,0
2016-09-19 04:00:00,1,0,1
2016-09-19 05:00:00,1,0,1
2016-09-19 06:00:00,4,2,2
2016-09-19 07:00:00,17,13,4
2016-09-19 08:00:00,19,10,9
2016-09-19 09:00:00,32,19,13
2016-09-19 10:00:00,24,14,10
2016-09-19 11:00:00,16,8,8
2016-09-19 12:00:00,18,8,10
2016-09-19 13:00:00,32,18,14
2016-09-19 14:00:00,28,10,18
2016-09-19 15:00:00,16,8,8
2016-09-19 16:00:00,47,26,21
2016-09-19 17:00:00,48,16,32
2016-09-19 18:00:00,38,20,18
2016-09-19 19:00:00,17,8,9
2016-09-19 20:00:00,2,1,1
2016-09-19 21:00:00,0,0,0
2016-09-19 22:00:00,1,0,1
2016-09-19 23:00:00,0,0,0
2016-09-20 00:00:00,0,0,0
2016-09-20 01:00:00,0,0,0
2016-09-20 02:00:00,0,0,0
2016-09-20 03:00:00,0,0,0
2016-09-20 04:00:00,0,0,0
2016-09-20 05:00:00,4,2,2
2016-09-20 06:00:00,12,6,6
2016-09-20 07:00:00,28,17,11
2016-09-20 08:00:00,27,16,11
2016-09-20 09:00:00,45,22,23
2016-09-20 10:00:00,25,16,9
2016-09-20 11:00:00,36,19,17
2016-09-20 12:00:00,37,21,16
2016-09-20 13:00:00,16,13,3
2016-09-20 14:00:00,13,7,6
2016-09-20 15:00:00,25,11,14
2016-09-20 16:00:00,41,18,23
2016-09-20 17:00:00,37,19,18
2016-09-20 18:00:00,43,24,19
2016-09-20 19:00:00,17,10,7
2016-09-20 20:00:00,5,3,2
2016-09-20 21:00:00,2,1,1
2016-09-20 22:00:00,1,0,1
2016-09-20 23:00:00,1,1,0
2016-09-21 00:00:00,0,0,0
2016-09-21 01:00:00,0,0,0
2016-09-21 02:00:00,0,0,0
2016-09-21 03:00:00,0,0,0
2016-09-21 04:00:00,1,0,1
2016-09-21 05:00:00,2,1,1
2016-09-21 06:00:00,14,7,7
2016-09-21 07:00:00,14,7,7
2016-09-21 08:00:00,24,16,8
2016-09-21 09:00:00,34,16,18
2016-09-21 10:00:00,20,13,7
2016-09-21 11:00:00,34,14,20
2016-09-21 12:00:00,32,18,14
2016-09-21 13:00:00,25,16,9
2016-09-21 14:00:00,27,12,15
2016-09-21 15:00:00,25,14,11
2016-09-21 16:00:00,36,15,21
2016-09-21 17:00:00,48,21,27
2016-09-21 18:00:00,30,16,14
2016-09-21 19:00:00,12,6,6
2016-09-21 20:00:00,6,3,3
2016-09-21 21:00:00,1,0,1
2016-09-21 22:00:00,3,2,1
2016-09-21 23:00:00,0,0,0
2016-09-22 00:00:00,0,0,0
2016-09-22 01:00:00,0,0,0
2016-09-22 02:00:00,0,0,0
2016-09-22 03:00:00,0,0,0
2016-09-22 04:00:00,2,2,0
2016-09-22 05:00:00,3,1,2
2016-09-22 06:00:00,5,2,3
2016-09-22 07:00:00,23,12,11
2016-09-22 08:00:00,35,22,13
2016-09-22 09:00:00,26,14,12
2016-09-22 10:00:00,20,11,9
2016-09-22 11:00:00,22,12,10
2016-09-22 12:00:00,40,21,19
2016-09-22 13:00:00,23,13,10
2016-09-22 14:00:00,40,19,21
2016-09-22 15:00:00,28,15,13
2016-09-22 16:00:00,31,16,15
2016-09-22 17:00:00,38,14,24
2016-09-22 18:00:00,29,14,15
2016-09-22 19:00:00,15,10,5
2016-09-22 20:00:00,3,2,1
2016-09-22 21:00:00,2,1,1
2016-09-22 22:00:00,3,1,2
2016-09-22 23:00:00,1,1,0
2016-09-23 00:00:00,1,0,1
2016-09-23 01:00:00,0,0,0
2016-09-23 02:00:00,0,0,0
2016-09-23 03:00:00,0,0,0
2016-09-23 04:00:00,1,0,1
2016-09-23 05:00:00,1,0,1
2016-09-23 06:00:00,8,6,2
2016-09-23 07:00:00,9,5,4
2016-09-23 08:00:00,28,14,14
2016-09-23 09:00:00,37,23,14
2016-09-23 10:00:00,25,14,11
2016-09-23 11:00:00,10,4,6
2016-09-23 12:00:00,15,6,9
2016-09-23 13:00:00,29,17,12
2016-09-23 14:00:00,17,6,11
2016-09-23 15:00:00,12,3,9
2016-09-23 16:00:00,31,18,13
2016-09-23 17:00:00,36,18,18
2016-09-23 18:00:00,21,10,11
2016-09-23 19:00:00,7,6,1
2016-09-23 20:00:00,1,0,1
2016-09-23 21:00:00,0,0,0
2016-09-23 22:00:00,4,1,3
2016-09-23 23:00:00,3,1,2
2016-09-24 00:00:00,0,0,0
2016-09-24 01:00:00,0,0,0
2016-09-24 02:00:00,0,0,0
2016-09-24 03:00:00,0,0,0
2016-09-24 04:00:00,0,0,0
2016-09-24 05:00:00,0,0,0
2016-09-24 06:00:00,3,1,2
2016-09-24 07:00:00,15,6,9
2016-09-24 08:00:00,56,27,29
2016-09-24 09:00:00,61,32,29
2016-09-24 10:00:00,65,28,37
2016-09-24 11:00:00,61,31,30
2016-09-24 12:00:00,69,48,21
2016-09-24 13:00:00,48,25,23
2016-09-24 14:00:00,52,35,17
2016-09-24 15:00:00,32,13,19
2016-09-24 16:00:00,50,28,22
2016-09-24 17:00:00,22,8,14
2016-09-24 18:00:00,26,15,11
2016-09-24 19:00:00,11,9,2
2016-09-24 20:00:00,1,1,0
2016-09-24 21:00:00,4,2,2
2016-09-24 22:00:00,1,0,1
2016-09-24 23:00:00,0,0,0
2016-09-25 00:00:00,0,0,0
2016-09-25 01:00:00,0,0,0
2016-09-25 02:00:00,0,0,0
2016-09-25 03:00:00,0,0,0
2016-09-25 04:00:00,0,0,0
2016-09-25 05:00:00,2,1,1
2016-09-25 06:00:00,0,0,0
2016-09-25 07:00:00,21,8,13
2016-09-25 08:00:00,64,41,23
2016-09-25 09:00:00,49,16,33
2016-09-25 10:00:00,52,25,27
2016-09-25 11:00:00,162,130,32
2016-09-25 12:00:00,60,41,19
2016-09-25 13:00:00,50,24,26
2016-09-25 14:00:00,46,19,27
2016-09-25 15:00:00,38,23,15
2016-09-25 16:00:00,44,18,26
2016-09-25 17:00:00,65,38,27
2016-09-25 18:00:00,47,25,22
2016-09-25 19:00:00,21,13,8
2016-09-25 20:00:00,4,2,2
2016-09-25 21:00:00,4,1,3
2016-09-25 22:00:00,1,1,0
2016-09-25 23:00:00,0,0,0
2016-09-26 00:00:00,0,0,0
2016-09-26 01:00:00,0,0,0
2016-09-26 02:00:00,0,0,0
2016-09-26 03:00:00,0,0,0
2016-09-26 04:00:00,1,0,1
2016-09-26 05:00:00,3,1,2
2016-09-26 06:00:00,6,3,3
2016-09-26 07:00:00,24,12,12
2016-09-26 08:00:00,21,13,8
2016-09-26 09:00:00,43,22,21
2016-09-26 10:00:00,37,17,20
2016-09-26 11:00:00,30,15,15
2016-09-26 12:00:00,36,20,16
2016-09-26 13:00:00,30,16,14
2016-09-26 14:00:00,30,17,13
2016-09-26 15:00:00,19,11,8
2016-09-26 16:00:00,52,25,27
2016-09-26 17:00:00,42,15,27
2016-09-26 18:00:00,48,28,20
2016-09-26 19:00:00,12,6,6
2016-09-26 20:00:00,0,0,0
2016-09-26 21:00:00,2,1,1
2016-09-26 22:00:00,0,0,0
2016-09-26 23:00:00,0,0,0
2016-09-27 00:00:00,0,0,0
2016-09-27 01:00:00,0,0,0
2016-09-27 02:00:00,0,0,0
2016-09-27 03:00:00,0,0,0
2016-09-27 04:00:00,0,0,0
2016-09-27 05:00:00,3,1,2
2016-09-27 06:00:00,6,4,2
2016-09-27 07:00:00,25,16,9
2016-09-27 08:00:00,24,16,8
2016-09-27 09:00:00,21,12,9
2016-09-27 10:00:00,22,11,11
2016-09-27 11:00:00,21,12,9
2016-09-27 12:00:00,43,14,29
2016-09-27 13:00:00,13,4,9
2016-09-27 14:00:00,31,13,18
2016-09-27 15:00:00,21,12,9
2016-09-27 16:00:00,38,15,23
2016-09-27 17:00:00,34,16,18
2016-09-27 18:00:00,48,22,26
2016-09-27 19:00:00,15,8,7
2016-09-27 20:00:00,2,2,0
2016-09-27 21:00:00,1,0,1
2016-09-27 22:00:00,1,1,0
2016-09-27 23:00:00,0,0,0
2016-09-28 00:00:00,0,0,0
2016-09-28 01:00:00,0,0,0
2016-09-28 02:00:00,0,0,0
2016-09-28 03:00:00,0,0,0
2016-09-28 04:00:00,1,0,1
2016-09-28 05:00:00,3,2,1
2016-09-28 06:00:00,16,13,3
2016-09-28 07:00:00,24,17,7
2016-09-28 08:00:00,28,18,10
2016-09-28 09:00:00,24,13,11
2016-09-28 10:00:00,26,12,14
2016-09-28 11:00:00,17,9,8
2016-09-28 12:00:00,11,4,7
2016-09-28 13:00:00,22,9,13
2016-09-28 14:00:00,16,8,8
2016-09-28 15:00:00,20,10,10
2016-09-28 16:00:00,30,18,12
2016-09-28 17:00:00,35,12,23
2016-09-28 18:00:00,31,12,19
2016-09-28 19:00:00,15,10,5
2016-09-28 20:00:00,0,0,0
2016-09-28 21:00:00,3,2,1
2016-09-28 22:00:00,1,0,1
2016-09-28 23:00:00,0,0,0
2016-09-29 00:00:00,0,0,0
2016-09-29 01:00:00,0,0,0
2016-09-29 02:00:00,0,0,0
2016-09-29 03:00:00,0,0,0
2016-09-29 04:00:00,0,0,0
2016-09-29 05:00:00,2,0,2
2016-09-29 06:00:00,11,5,6
2016-09-29 07:00:00,25,14,11
2016-09-29 08:00:00,25,15,10
2016-09-29 09:00:00,29,15,14
2016-09-29 10:00:00,20,12,8
2016-09-29 11:00:00,18,11,7
2016-09-29 12:00:00,19,9,10
2016-09-29 13:00:00,16,9,7
2016-09-29 14:00:00,16,7,9
2016-09-29 15:00:00,30,16,14
2016-09-29 16:00:00,27,12,15
2016-09-29 17:00:00,43,22,21
2016-09-29 18:00:00,24,11,13
2016-09-29 19:00:00,9,7,2
2016-09-29 20:00:00,4,2,2
2016-09-29 21:00:00,3,1,2
2016-09-29 22:00:00,0,0,0
2016-09-29 23:00:00,2,1,1
2016-09-30 00:00:00,0,0,0
2016-09-30 01:00:00,2,0,2
2016-09-30 02:00:00,0,0,0
2016-09-30 03:00:00,0,0,0
2016-09-30 04:00:00,1,0,1
2016-09-30 05:00:00,2,1,1
2016-09-30 06:00:00,8,5,3
2016-09-30 07:00:00,22,12,10
2016-09-30 08:00:00,42,26,16
2016-09-30 09:00:00,31,15,16
2016-09-30 10:00:00,18,9,9
2016-09-30 11:00:00,21,11,10
2016-09-30 12:00:00,20,13,7
2016-09-30 13:00:00,21,10,11
2016-09-30 14:00:00,30,15,15
2016-09-30 15:00:00,26,14,12
2016-09-30 16:00:00,25,10,15
2016-09-30 17:00:00,31,12,19
2016-09-30 18:00:00,24,12,12
2016-09-30 19:00:00,12,9,3
2016-09-30 20:00:00,3,1,2
2016-09-30 21:00:00,0,0,0
2016-09-30 22:00:00,2,0,2
2016-09-30 23:00:00,2,0,2
2016-10-01 00:00:00,1,1,0
2016-10-01 01:00:00,1,1,0
2016-10-01 02:00:00,1,1,0
2016-10-01 03:00:00,0,0,0
2016-10-01 04:00:00,0,0,0
2016-10-01 05:00:00,2,0,2
2016-10-01 06:00:00,2,1,1
2016-10-01 07:00:00,14,5,9
2016-10-01 08:00:00,37,15,22
2016-10-01 09:00:00,60,34,26
2016-10-01 10:00:00,49,29,20
2016-10-01 11:00:00,40,19,21
2016-10-01 12:00:00,33,21,12
2016-10-01 13:00:00,27,13,14
2016-10-01 14:00:00,13,8,5
2016-10-01 15:00:00,31,17,14
2016-10-01 16:00:00,22,13,9
2016-10-01 17:00:00,24,10,14
2016-10-01 18:00:00,21,13,8
2016-10-01 19:00:00,4,3,1
2016-10-01 20:00:00,0,0,0
2016-10-01 21:00:00,1,0,1
2016-10-01 22:00:00,2,1,1
2016-10-01 23:00:00,0,0,0
2016-10-02 00:00:00,0,0,0
2016-10-02 01:00:00,0,0,0
2016-10-02 02:00:00,0,0,0
2016-10-02 03:00:00,0,0,0
2016-10-02 04:00:00,0,0,0
2016-10-02 05:00:00,2,1,1
2016-10-02 06:00:00,7,3,4
2016-10-02 07:00:00,20,8,12
2016-10-02 08:00:00,38,18,20
2016-10-02 09:00:00,57,34,23
2016-10-02 10:00:00,37,18,19
2016-10-02 11:00:00,39,21,18
2016-10-02 12:00:00,35,16,19
2016-10-02 13:00:00,37,20,17
2016-10-02 14:00:00,51,26,25
2016-10-02 15:00:00,74,40,34
2016-10-02 16:00:00,67,40,27
2016-10-02 17:00:00,51,25,26
2016-10-02 18:00:00,22,9,13
2016-10-02 19:00:00,7,4,3
2016-10-02 20:00:00,0,0,0
2016-10-02 21:00:00,3,1,2
2016-10-02 22:00:00,5,2,3
2016-10-02 23:00:00,1,1,0
2016-10-03 00:00:00,0,0,0
2016-10-03 01:00:00,0,0,0
2016-10-03 02:00:00,0,0,0
2016-10-03 03:00:00,0,0,0
2016-10-03 04:00:00,1,0,1
2016-10-03 05:00:00,0,0,0
2016-10-03 06:00:00,10,5,5
2016-10-03 07:00:00,25,12,13
2016-10-03 08:00:00,28,16,12
2016-10-03 09:00:00,43,22,21
2016-10-03 10:00:00,21,8,13
2016-10-03 11:00:00,30,17,13
2016-10-03 12:00:00,18,12,6
2016-10-03 13:00:00,16,8,8
2016-10-03 14:00:00,23,16,7
2016-10-03 15:00:00,17,8,9
2016-10-03 16:00:00,24,10,14
2016-10-03 17:00:00,36,17,19
2016-10-03 18:00:00,30,16,14
2016-10-03 19:00:00,5,3,2
2016-10-03 20:00:00,0,0,0
2016-10-03 21:00:00,1,0,1
2016-10-03 22:00:00,2,0,2
2016-10-03 23:00:00,2,2,0
2016-10-04 00:00:00,0,0,0
2016-10-04 01:00:00,0,0,0
2016-10-04 02:00:00,0,0,0
2016-10-04 03:00:00,0,0,0
2016-10-04 04:00:00,0,0,0
2016-10-04 05:00:00,3,2,1
2016-10-04 06:00:00,4,2,2
2016-10-04 07:00:00,16,7,9
2016-10-04 08:00:00,27,16,11
2016-10-04 09:00:00,26,10,16
2016-10-04 10:00:00,21,14,7
2016-10-04 11:00:00,29,12,17
2016-10-04 12:00:00,24,14,10
2016-10-04 13:00:00,14,6,8
2016-10-04 14:00:00,18,10,8
2016-10-04 15:00:00,14,9,5
2016-10-04 16:00:00,17,8,9
2016-10-04 17:00:00,26,11,15
2016-10-04 18:00:00,44,22,22
2016-10-04 19:00:00,3,1,2
2016-10-04 20:00:00,3,1,2
2016-10-04 21:00:00,7,2,5
2016-10-04 22:00:00,2,1,1
2016-10-04 23:00:00,1,1,0
2016-10-05 00:00:00,0,0,0
2016-10-05 01:00:00,0,0,0
2016-10-05 02:00:00,0,0,0
2016-10-05 03:00:00,0,0,0
2016-10-05 04:00:00,1,0,1
2016-10-05 05:00:00,1,0,1
2016-10-05 06:00:00,14,8,6
2016-10-05 07:00:00,18,11,7
2016-10-05 08:00:00,27,15,12
2016-10-05 09:00:00,21,11,10
2016-10-05 10:00:00,28,14,14
2016-10-05 11:00:00,27,15,12
2016-10-05 12:00:00,17,7,10
2016-10-05 13:00:00,29,18,11
2016-10-05 14:00:00,15,8,7
2016-10-05 15:00:00,32,13,19
2016-10-05 16:00:00,28,12,16
2016-10-05 17:00:00,41,23,18
2016-10-05 18:00:00,34,17,17
2016-10-05 19:00:00,14,7,7
2016-10-05 20:00:00,1,1,0
2016-10-05 21:00:00,2,0,2
2016-10-05 22:00:00,1,1,0
2016-10-05 23:00:00,0,0,0
2016-10-06 00:00:00,0,0,0
2016-10-06 01:00:00,0,0,0
2016-10-06 02:00:00,0,0,0
2016-10-06 03:00:00,0,0,0
2016-10-06 04:00:00,0,0,0
2016-10-06 05:00:00,5,3,2
2016-10-06 06:00:00,9,6,3
2016-10-06 07:00:00,14,7,7
2016-10-06 08:00:00,20,12,8
2016-10-06 09:00:00,32,18,14
2016-10-06 10:00:00,20,11,9
2016-10-06 11:00:00,25,8,17
2016-10-06 12:00:00,39,25,14
2016-10-06 13:00:00,23,11,12
2016-10-06 14:00:00,14,9,5
2016-10-06 15:00:00,20,8,12
2016-10-06 16:00:00,25,12,13
2016-10-06 17:00:00,51,22,29
2016-10-06 18:00:00,16,8,8
2016-10-06 19:00:00,4,2,2
2016-10-06 20:00:00,0,0,0
2016-10-06 21:00:00,4,2,2
2016-10-06 22:00:00,1,0,1
2016-10-06 23:00:00,1,1,0
2016-10-07 00:00:00,0,0,0
2016-10-07 01:00:00,0,0,0
2016-10-07 02:00:00,0,0,0
2016-10-07 03:00:00,0,0,0
2016-10-07 04:00:00,0,0,0
2016-10-07 05:00:00,4,2,2
2016-10-07 06:00:00,6,4,2
2016-10-07 07:00:00,19,10,9
2016-10-07 08:00:00,17,12,5
2016-10-07 09:00:00,16,10,6
2016-10-07 10:00:00,31,13,18
2016-10-07 11:00:00,19,11,8
2016-10-07 12:00:00,21,11,10
2016-10-07 13:00:00,14,7,7
2016-10-07 14:00:00,23,16,7
2016-10-07 15:00:00,23,11,12
2016-10-07 16:00:00,30,13,17
2016-10-07 17:00:00,36,16,20
2016-10-07 18:00:00,25,14,11
2016-10-07 19:00:00,6,3,3
2016-10-07 20:00:00,1,0,1
2016-10-07 21:00:00,4,2,2
2016-10-07 22:00:00,0,0,0
2016-10-07 23:00:00,1,0,1
2016-10-08 00:00:00,0,0,0
2016-10-08 01:00:00,0,0,0
2016-10-08 02:00:00,0,0,0
2016-10-08 03:00:00,0,0,0
2016-10-08 04:00:00,0,0,0
2016-10-08 05:00:00,3,1,2
2016-10-08 06:00:00,6,2,4
2016-10-08 07:00:00,18,7,11
2016-10-08 08:00:00,23,9,14
2016-10-08 09:00:00,42,23,19
2016-10-08 10:00:00,54,27,27
2016-10-08 11:00:00,45,23,22
2016-10-08 12:00:00,53,33,20
2016-10-08 13:00:00,28,12,16
2016-10-08 14:00:00,19,9,10
2016-10-08 15:00:00,16,7,9
2016-10-08 16:00:00,16,8,8
2016-10-08 17:00:00,16,9,7
2016-10-08 18:00:00,7,5,2
2016-10-08 19:00:00,0,0,0
2016-10-08 20:00:00,0,0,0
2016-10-08 21:00:00,3,1,2
2016-10-08 22:00:00,2,1,1
2016-10-08 23:00:00,7,3,4
2016-10-09 00:00:00,0,0,0
2016-10-09 01:00:00,0,0,0
2016-10-09 02:00:00,0,0,0
2016-10-09 03:00:00,0,0,0
2016-10-09 04:00:00,0,0,0
2016-10-09 05:00:00,0,0,0
2016-10-09 06:00:00,6,3,3
2016-10-09 07:00:00,27,9,18
2016-10-09 08:00:00,34,16,18
2016-10-09 09:00:00,47,26,21
2016-10-09 10:00:00,51,20,31
2016-10-09 11:00:00,47,27,20
2016-10-09 12:00:00,59,31,28
2016-10-09 13:00:00,38,16,22
2016-10-09 14:00:00,33,19,14
2016-10-09 15:00:00,42,21,21
2016-10-09 16:00:00,55,28,27
2016-10-09 17:00:00,32,17,15
2016-10-09 18:00:00,9,6,3
2016-10-09 19:00:00,1,0,1
2016-10-09 20:00:00,2,1,1
2016-10-09 21:00:00,0,0,0
2016-10-09 22:00:00,2,0,2
2016-10-09 23:00:00,1,1,0
2016-10-10 00:00:00,0,0,0
2016-10-10 01:00:00,0,0,0
2016-10-10 02:00:00,0,0,0
2016-10-10 03:00:00,0,0,0
2016-10-10 04:00:00,0,0,0
2016-10-10 05:00:00,3,3,0
2016-10-10 06:00:00,6,4,2
2016-10-10 07:00:00,15,11,4
2016-10-10 08:00:00,24,12,12
2016-10-10 09:00:00,26,14,12
2016-10-10 10:00:00,23,9,14
2016-10-10 11:00:00,22,9,13
2016-10-10 12:00:00,22,13,9
2016-10-10 13:00:00,19,10,9
2016-10-10 14:00:00,27,13,14
2016-10-10 15:00:00,24,10,14
2016-10-10 16:00:00,45,24,21
2016-10-10 17:00:00,47,25,22
2016-10-10 18:00:00,31,17,14
2016-10-10 19:00:00,4,2,2
2016-10-10 20:00:00,4,2,2
2016-10-10 21:00:00,3,1,2
2016-10-10 22:00:00,2,1,1
2016-10-10 23:00:00,0,0,0
2016-10-11 00:00:00,0,0,0
2016-10-11 01:00:00,0,0,0
2016-10-11 02:00:00,0,0,0
2016-10-11 03:00:00,0,0,0
2016-10-11 04:00:00,1,0,1
2016-10-11 05:00:00,3,1,2
2016-10-11 06:00:00,1,1,0
2016-10-11 07:00:00,18,14,4
2016-10-11 08:00:00,29,15,14
2016-10-11 09:00:00,36,21,15
2016-10-11 10:00:00,28,12,16
2016-10-11 11:00:00,23,12,11
2016-10-11 12:00:00,24,12,12
2016-10-11 13:00:00,31,16,15
2016-10-11 14:00:00,20,11,9
2016-10-11 15:00:00,26,10,16
2016-10-11 16:00:00,38,17,21
2016-10-11 17:00:00,37,17,20
2016-10-11 18:00:00,38,24,14
2016-10-11 19:00:00,3,1,2
2016-10-11 20:00:00,2,2,0
2016-10-11 21:00:00,2,1,1
2016-10-11 22:00:00,3,1,2
2016-10-11 23:00:00,3,1,2
2016-10-12 00:00:00,1,1,0
2016-10-12 01:00:00,0,0,0
2016-10-12 02:00:00,0,0,0
2016-10-12 03:00:00,0,0,0
2016-10-12 04:00:00,0,0,0
2016-10-12 05:00:00,0,0,0
2016-10-12 06:00:00,10,4,6
2016-10-12 07:00:00,18,10,8
2016-10-12 08:00:00,29,17,12
2016-10-12 09:00:00,16,7,9
2016-10-12 10:00:00,15,8,7
2016-10-12 11:00:00,30,15,15
2016-10-12 12:00:00,29,15,14
2016-10-12 13:00:00,21,13,8
2016-10-12 14:00:00,21,12,9
2016-10-12 15:00:00,25,12,13
2016-10-12 16:00:00,39,19,20
2016-10-12 17:00:00,46,22,24
2016-10-12 18:00:00,32,19,13
2016-10-12 19:00:00,5,3,2
2016-10-12 20:00:00,0,0,0
2016-10-12 21:00:00,3,1,2
2016-10-12 22:00:00,2,1,1
2016-10-12 23:00:00,1,1,0
2016-10-13 00:00:00,0,0,0
2016-10-13 01:00:00,0,0,0
2016-10-13 02:00:00,0,0,0
2016-10-13 03:00:00,0,0,0
2016-10-13 04:00:00,1,1,0
2016-10-13 05:00:00,1,0,1
2016-10-13 06:00:00,2,2,0
2016-10-13 07:00:00,9,2,7
2016-10-13 08:00:00,18,13,5
2016-10-13 09:00:00,13,7,6
2016-10-13 10:00:00,12,5,7
2016-10-13 11:00:00,12,5,7
2016-10-13 12:00:00,4,2,2
2016-10-13 13:00:00,13,6,7
2016-10-13 14:00:00,8,5,3
2016-10-13 15:00:00,5,1,4
2016-10-13 16:00:00,5,2,3
2016-10-13 17:00:00,12,6,6
2016-10-13 18:00:00,13,7,6
2016-10-13 19:00:00,0,0,0
2016-10-13 20:00:00,0,0,0
2016-10-13 21:00:00,2,1,1
2016-10-13 22:00:00,0,0,0
2016-10-13 23:00:00,0,0,0
2016-10-14 00:00:00,0,0,0
2016-10-14 01:00:00,0,0,0
2016-10-14 02:00:00,0,0,0
2016-10-14 03:00:00,3,3,0
2016-10-14 04:00:00,0,0,0
2016-10-14 05:00:00,6,4,2
2016-10-14 06:00:00,4,2,2
2016-10-14 07:00:00,2,1,1
2016-10-14 08:00:00,10,6,4
2016-10-14 09:00:00,5,4,1
2016-10-14 10:00:00,16,8,8
2016-10-14 11:00:00,11,10,1
2016-10-14 12:00:00,6,4,2
2016-10-14 13:00:00,6,3,3
2016-10-14 14:00:00,25,14,11
2016-10-14 15:00:00,51,22,29
2016-10-14 16:00:00,60,28,32
2016-10-14 17:00:00,32,16,16
2016-10-14 18:00:00,21,12,9
2016-10-14 19:00:00,4,3,1
2016-10-14 20:00:00,0,0,0
2016-10-14 21:00:00,1,0,1
2016-10-14 22:00:00,4,2,2
2016-10-14 23:00:00,1,1,0
2016-10-15 00:00:00,0,0,0
2016-10-15 01:00:00,0,0,0
2016-10-15 02:00:00,0,0,0
2016-10-15 03:00:00,0,0,0
2016-10-15 04:00:00,0,0,0
2016-10-15 05:00:00,1,1,0
2016-10-15 06:00:00,3,0,3
2016-10-15 07:00:00,10,3,7
2016-10-15 08:00:00,16,6,10
2016-10-15 09:00:00,38,18,20
2016-10-15 10:00:00,25,12,13
2016-10-15 11:00:00,30,15,15
2016-10-15 12:00:00,28,15,13
2016-10-15 13:00:00,10,7,3
2016-10-15 14:00:00,29,12,17
2016-10-15 15:00:00,29,16,13
2016-10-15 16:00:00,37,18,19
2016-10-15 17:00:00,28,13,15
2016-10-15 18:00:00,18,10,8
2016-10-15 19:00:00,0,0,0
2016-10-15 20:00:00,0,0,0
2016-10-15 21:00:00,0,0,0
2016-10-15 22:00:00,1,0,1
2016-10-15 23:00:00,1,1,0
2016-10-16 00:00:00,0,0,0
2016-10-16 01:00:00,0,0,0
2016-10-16 02:00:00,0,0,0
2016-10-16 03:00:00,0,0,0
2016-10-16 04:00:00,0,0,0
2016-10-16 05:00:00,1,0,1
2016-10-16 06:00:00,3,3,0
2016-10-16 07:00:00,9,5,4
2016-10-16 08:00:00,15,8,7
2016-10-16 09:00:00,37,13,24
2016-10-16 10:00:00,51,26,25
2016-10-16 11:00:00,57,32,25
2016-10-16 12:00:00,50,26,24
2016-10-16 13:00:00,36,20,16
2016-10-16 14:00:00,30,12,18
2016-10-16 15:00:00,34,18,16
2016-10-16 16:00:00,41,20,21
2016-10-16 17:00:00,35,16,19
2016-10-16 18:00:00,24,15,9
2016-10-16 19:00:00,9,5,4
2016-10-16 20:00:00,1,1,0
2016-10-16 21:00:00,9,4,5
2016-10-16 22:00:00,1,0,1
2016-10-16 23:00:00,1,1,0
2016-10-17 00:00:00,0,0,0
2016-10-17 01:00:00,0,0,0
2016-10-17 02:00:00,0,0,0
2016-10-17 03:00:00,0,0,0
2016-10-17 04:00:00,1,0,1
2016-10-17 05:00:00,2,1,1
2016-10-17 06:00:00,5,4,1
2016-10-17 07:00:00,16,7,9
2016-10-17 08:00:00,25,13,12
2016-10-17 09:00:00,24,13,11
2016-10-17 10:00:00,31,18,13
2016-10-17 11:00:00,17,7,10
2016-10-17 12:00:00,15,9,6
2016-10-17 13:00:00,18,8,10
2016-10-17 14:00:00,20,9,11
2016-10-17 15:00:00,26,12,14
2016-10-17 16:00:00,29,15,14
2016-10-17 17:00:00,45,22,23
2016-10-17 18:00:00,32,24,8
2016-10-17 19:00:00,8,4,4
2016-10-17 20:00:00,1,1,0
2016-10-17 21:00:00,5,3,2
2016-10-17 22:00:00,1,0,1
2016-10-17 23:00:00,1,0,1
2016-10-18 00:00:00,0,0,0
2016-10-18 01:00:00,0,0,0
2016-10-18 02:00:00,0,0,0
2016-10-18 03:00:00,0,0,0
2016-10-18 04:00:00,0,0,0
2016-10-18 05:00:00,5,4,1
2016-10-18 06:00:00,3,2,1
2016-10-18 07:00:00,18,9,9
2016-10-18 08:00:00,27,16,11
2016-10-18 09:00:00,55,25,30
2016-10-18 10:00:00,28,16,12
2016-10-18 11:00:00,18,6,12
2016-10-18 12:00:00,38,24,14
2016-10-18 13:00:00,22,8,14
2016-10-18 14:00:00,22,10,12
2016-10-18 15:00:00,22,12,10
2016-10-18 16:00:00,36,17,19
2016-10-18 17:00:00,40,22,18
2016-10-18 18:00:00,30,16,14
2016-10-18 19:00:00,3,1,2
2016-10-18 20:00:00,8,3,5
2016-10-18 21:00:00,0,0,0
2016-10-18 22:00:00,3,2,1
2016-10-18 23:00:00,0,0,0
2016-10-19 00:00:00,0,0,0
2016-10-19 01:00:00,0,0,0
2016-10-19 02:00:00,0,0,0
2016-10-19 03:00:00,0,0,0
2016-10-19 04:00:00,0,0,0
2016-10-19 05:00:00,3,1,2
2016-10-19 06:00:00,12,10,2
2016-10-19 07:00:00,9,5,4
2016-10-19 08:00:00,23,16,7
2016-10-19 09:00:00,30,17,13
2016-10-19 10:00:00,32,14,18
2016-10-19 11:00:00,20,11,9
2016-10-19 12:00:00,16,9,7
2016-10-19 13:00:00,19,9,10
2016-10-19 14:00:00,17,10,7
2016-10-19 15:00:00,19,11,8
2016-10-19 16:00:00,26,10,16
2016-10-19 17:00:00,41,19,22
2016-10-19 18:00:00,18,10,8
2016-10-19 19:00:00,2,1,1
2016-10-19 20:00:00,2,1,1
2016-10-19 21:00:00,3,1,2
2016-10-19 22:00:00,3,1,2
2016-10-19 23:00:00,2,1,1
2016-10-20 00:00:00,0,0,0
2016-10-20 01:00:00,0,0,0
2016-10-20 02:00:00,0,0,0
2016-10-20 03:00:00,0,0,0
2016-10-20 04:00:00,0,0,0
2016-10-20 05:00:00,3,2,1
2016-10-20 06:00:00,8,3,5
2016-10-20 07:00:00,6,4,2
2016-10-20 08:00:00,19,10,9
2016-10-20 09:00:00,7,5,2
2016-10-20 10:00:00,9,4,5
2016-10-20 11:00:00,11,5,6
2016-10-20 12:00:00,14,7,7
2016-10-20 13:00:00,12,5,7
2016-10-20 14:00:00,20,10,10
2016-10-20 15:00:00,17,10,7
2016-10-20 16:00:00,25,16,9
2016-10-20 17:00:00,18,9,9
2016-10-20 18:00:00,22,12,10
2016-10-20 19:00:00,7,4,3
2016-10-20 20:00:00,1,0,1
2016-10-20 21:00:00,3,2,1
2016-10-20 22:00:00,0,0,0
2016-10-20 23:00:00,0,0,0
2016-10-21 00:00:00,0,0,0
2016-10-21 01:00:00,0,0,0
2016-10-21 02:00:00,0,0,0
2016-10-21 03:00:00,0,0,0
2016-10-21 04:00:00,1,0,1
2016-10-21 05:00:00,2,2,0
2016-10-21 06:00:00,2,1,1
2016-10-21 07:00:00,21,12,9
2016-10-21 08:00:00,21,10,11
2016-10-21 09:00:00,42,20,22
2016-10-21 10:00:00,34,16,18
2016-10-21 11:00:00,29,15,14
2016-10-21 12:00:00,29,17,12
2016-10-21 13:00:00,21,10,11
2016-10-21 14:00:00,20,11,9
2016-10-21 15:00:00,22,13,9
2016-10-21 16:00:00,24,15,9
2016-10-21 17:00:00,33,15,18
2016-10-21 18:00:00,14,8,6
2016-10-21 19:00:00,5,3,2
2016-10-21 20:00:00,4,2,2
2016-10-21 21:00:00,2,0,2
2016-10-21 22:00:00,4,1,3
2016-10-21 23:00:00,1,1,0
2016-10-22 00:00:00,0,0,0
2016-10-22 01:00:00,0,0,0
2016-10-22 02:00:00,0,0,0
2016-10-22 03:00:00,0,0,0
2016-10-22 04:00:00,0,0,0
2016-10-22 05:00:00,2,1,1
2016-10-22 06:00:00,3,1,2
2016-10-22 07:00:00,10,3,7
2016-10-22 08:00:00,40,23,17
2016-10-22 09:00:00,56,22,34
2016-10-22 10:00:00,57,22,35
2016-10-22 11:00:00,51,28,23
2016-10-22 12:00:00,52,28,24
2016-10-22 13:00:00,73,42,31
2016-10-22 14:00:00,63,30,33
2016-10-22 15:00:00,46,26,20
2016-10-22 16:00:00,42,23,19
2016-10-22 17:00:00,40,22,18
2016-10-22 18:00:00,15,10,5
2016-10-22 19:00:00,0,0,0
2016-10-22 20:00:00,3,1,2
2016-10-22 21:00:00,1,1,0
2016-10-22 22:00:00,0,0,0
2016-10-22 23:00:00,0,0,0
2016-10-23 00:00:00,0,0,0
2016-10-23 01:00:00,1,1,0
2016-10-23 02:00:00,0,0,0
2016-10-23 03:00:00,0,0,0
2016-10-23 04:00:00,0,0,0
2016-10-23 05:00:00,0,0,0
2016-10-23 06:00:00,3,1,2
2016-10-23 07:00:00,9,5,4
2016-10-23 08:00:00,22,9,13
2016-10-23 09:00:00,43,18,25
2016-10-23 10:00:00,48,22,26
2016-10-23 11:00:00,56,32,24
2016-10-23 12:00:00,50,26,24
2016-10-23 13:00:00,32,20,12
2016-10-23 14:00:00,33,16,17
2016-10-23 15:00:00,46,27,19
2016-10-23 16:00:00,35,20,15
2016-10-23 17:00:00,17,9,8
2016-10-23 18:00:00,17,11,6
2016-10-23 19:00:00,4,3,1
2016-10-23 20:00:00,0,0,0
2016-10-23 21:00:00,4,2,2
2016-10-23 22:00:00,0,0,0
2016-10-23 23:00:00,0,0,0
2016-10-24 00:00:00,0,0,0
2016-10-24 01:00:00,0,0,0
2016-10-24 02:00:00,0,0,0
2016-10-24 03:00:00,1,1,0
2016-10-24 04:00:00,1,0,1
2016-10-24 05:00:00,2,1,1
2016-10-24 06:00:00,7,4,3
2016-10-24 07:00:00,13,7,6
2016-10-24 08:00:00,19,9,10
2016-10-24 09:00:00,23,14,9
2016-10-24 10:00:00,34,20,14
2016-10-24 11:00:00,18,9,9
2016-10-24 12:00:00,25,16,9
2016-10-24 13:00:00,11,5,6
2016-10-24 14:00:00,14,8,6
2016-10-24 15:00:00,23,11,12
2016-10-24 16:00:00,29,12,17
2016-10-24 17:00:00,24,13,11
2016-10-24 18:00:00,8,4,4
2016-10-24 19:00:00,1,1,0
2016-10-24 20:00:00,1,0,1
2016-10-24 21:00:00,1,1,0
2016-10-24 22:00:00,1,0,1
2016-10-24 23:00:00,0,0,0
2016-10-25 00:00:00,0,0,0
2016-10-25 01:00:00,0,0,0
2016-10-25 02:00:00,0,0,0
2016-10-25 03:00:00,0,0,0
2016-10-25 04:00:00,0,0,0
2016-10-25 05:00:00,4,3,1
2016-10-25 06:00:00,6,4,2
2016-10-25 07:00:00,16,6,10
2016-10-25 08:00:00,26,19,7
2016-10-25 09:00:00,31,14,17
2016-10-25 10:00:00,27,13,14
2016-10-25 11:00:00,21,9,12
2016-10-25 12:00:00,37,19,18
2016-10-25 13:00:00,25,14,11
2016-10-25 14:00:00,25,13,12
2016-10-25 15:00:00,21,11,10
2016-10-25 16:00:00,36,18,18
2016-10-25 17:00:00,48,22,26
2016-10-25 18:00:00,21,10,11
2016-10-25 19:00:00,2,1,1
2016-10-25 20:00:00,2,1,1
2016-10-25 21:00:00,2,2,0
2016-10-25 22:00:00,2,0,2
2016-10-25 23:00:00,1,1,0
2016-10-26 00:00:00,0,0,0
2016-10-26 01:00:00,0,0,0
2016-10-26 02:00:00,0,0,0
2016-10-26 03:00:00,0,0,0
2016-10-26 04:00:00,1,0,1
2016-10-26 05:00:00,2,0,2
2016-10-26 06:00:00,8,5,3
2016-10-26 07:00:00,7,3,4
2016-10-26 08:00:00,10,5,5
2016-10-26 09:00:00,10,6,4
2016-10-26 10:00:00,12,5,7
2016-10-26 11:00:00,12,4,8
2016-10-26 12:00:00,13,9,4
2016-10-26 13:00:00,8,3,5
2016-10-26 14:00:00,7,4,3
2016-10-26 15:00:00,5,3,2
2016-10-26 16:00:00,11,4,7
2016-10-26 17:00:00,12,6,6
2016-10-26 18:00:00,10,5,5
2016-10-26 19:00:00,2,2,0
2016-10-26 20:00:00,0,0,0
2016-10-26 21:00:00,0,0,0
2016-10-26 22:00:00,3,1,2
2016-10-26 23:00:00,1,0,1
2016-10-27 00:00:00,0,0,0
2016-10-27 01:00:00,0,0,0
2016-10-27 02:00:00,0,0,0
2016-10-27 03:00:00,0,0,0
2016-10-27 04:00:00,0,0,0
2016-10-27 05:00:00,3,1,2
2016-10-27 06:00:00,5,2,3
2016-10-27 07:00:00,24,13,11
2016-10-27 08:00:00,27,12,15
2016-10-27 09:00:00,33,16,17
2016-10-27 10:00:00,27,14,13
2016-10-27 11:00:00,27,12,15
2016-10-27 12:00:00,34,14,20
2016-10-27 13:00:00,26,13,13
2016-10-27 14:00:00,32,21,11
2016-10-27 15:00:00,19,6,13
2016-10-27 16:00:00,19,10,9
2016-10-27 17:00:00,41,18,23
2016-10-27 18:00:00,17,11,6
2016-10-27 19:00:00,0,0,0
2016-10-27 20:00:00,1,0,1
2016-10-27 21:00:00,5,3,2
2016-10-27 22:00:00,1,0,1
2016-10-27 23:00:00,0,0,0
2016-10-28 00:00:00,1,1,0
2016-10-28 01:00:00,0,0,0
2016-10-28 02:00:00,0,0,0
2016-10-28 03:00:00,0,0,0
2016-10-28 04:00:00,1,0,1
2016-10-28 05:00:00,2,1,1
2016-10-28 06:00:00,4,1,3
2016-10-28 07:00:00,17,8,9
2016-10-28 08:00:00,27,16,11
2016-10-28 09:00:00,39,22,17
2016-10-28 10:00:00,27,16,11
2016-10-28 11:00:00,23,11,12
2016-10-28 12:00:00,28,16,12
2016-10-28 13:00:00,25,12,13
2016-10-28 14:00:00,27,11,16
2016-10-28 15:00:00,39,21,18
2016-10-28 16:00:00,27,12,15
2016-10-28 17:00:00,37,20,17
2016-10-28 18:00:00,24,12,12
2016-10-28 19:00:00,4,3,1
2016-10-28 20:00:00,2,1,1
2016-10-28 21:00:00,0,0,0
2016-10-28 22:00:00,1,1,0
2016-10-28 23:00:00,2,0,2
2016-10-29 00:00:00,3,2,1
2016-10-29 01:00:00,0,0,0
2016-10-29 02:00:00,0,0,0
2016-10-29 03:00:00,0,0,0
2016-10-29 04:00:00,0,0,0
2016-10-29 05:00:00,2,2,0
2016-10-29 06:00:00,4,0,4
2016-10-29 07:00:00,14,4,10
2016-10-29 08:00:00,29,15,14
2016-10-29 09:00:00,49,28,21
2016-10-29 10:00:00,29,15,14
2016-10-29 11:00:00,29,13,16
2016-10-29 12:00:00,25,13,12
2016-10-29 13:00:00,18,12,6
2016-10-29 14:00:00,42,17,25
2016-10-29 15:00:00,45,24,21
2016-10-29 16:00:00,56,24,32
2016-10-29 17:00:00,18,11,7
2016-10-29 18:00:00,9,7,2
2016-10-29 19:00:00,1,1,0
2016-10-29 20:00:00,3,0,3
2016-10-29 21:00:00,1,0,1
2016-10-29 22:00:00,0,0,0
2016-10-29 23:00:00,1,0,1
2016-10-30 00:00:00,2,2,0
2016-10-30 01:00:00,0,0,0
2016-10-30 02:00:00,0,0,0
2016-10-30 03:00:00,0,0,0
2016-10-30 04:00:00,0,0,0
2016-10-30 05:00:00,2,1,1
2016-10-30 06:00:00,4,2,2
2016-10-30 07:00:00,13,6,7
2016-10-30 08:00:00,21,8,13
2016-10-30 09:00:00,46,24,22
2016-10-30 10:00:00,52,26,26
2016-10-30 11:00:00,42,21,21
2016-10-30 12:00:00,28,15,13
2016-10-30 13:00:00,32,12,20
2016-10-30 14:00:00,39,20,19
2016-10-30 15:00:00,28,20,8
2016-10-30 16:00:00,38,21,17
2016-10-30 17:00:00,29,16,13
2016-10-30 18:00:00,7,4,3
2016-10-30 19:00:00,4,3,1
2016-10-30 20:00:00,1,0,1
2016-10-30 21:00:00,3,2,1
2016-10-30 22:00:00,6,3,3
2016-10-30 23:00:00,0,0,0
2016-10-31 00:00:00,2,0,2
2016-10-31 01:00:00,1,1,0
2016-10-31 02:00:00,0,0,0
2016-10-31 03:00:00,0,0,0
2016-10-31 04:00:00,1,0,1
2016-10-31 05:00:00,3,1,2
2016-10-31 06:00:00,2,1,1
2016-10-31 07:00:00,9,5,4
2016-10-31 08:00:00,21,10,11
2016-10-31 09:00:00,8,4,4
2016-10-31 10:00:00,9,6,3
2016-10-31 11:00:00,11,5,6
2016-10-31 12:00:00,13,6,7
2016-10-31 13:00:00,21,7,14
2016-10-31 14:00:00,35,15,20
2016-10-31 15:00:00,31,17,14
2016-10-31 16:00:00,39,19,20
2016-10-31 17:00:00,46,25,21
2016-10-31 18:00:00,20,11,9
2016-10-31 19:00:00,3,1,2
2016-10-31 20:00:00,1,0,1
2016-10-31 21:00:00,1,1,0
2016-10-31 22:00:00,1,0,1
2016-10-31 23:00:00,0,0,0
2016-11-01 00:00:00,0,0,0
2016-11-01 01:00:00,0,0,0
2016-11-01 02:00:00,0,0,0
2016-11-01 03:00:00,0,0,0
2016-11-01 04:00:00,0,0,0
2016-11-01 05:00:00,1,1,0
2016-11-01 06:00:00,7,3,4
2016-11-01 07:00:00,14,8,6
2016-11-01 08:00:00,19,13,6
2016-11-01 09:00:00,26,12,14
2016-11-01 10:00:00,28,11,17
2016-11-01 11:00:00,17,9,8
2016-11-01 12:00:00,15,7,8
2016-11-01 13:00:00,12,7,5
2016-11-01 14:00:00,11,5,6
2016-11-01 15:00:00,21,10,11
2016-11-01 16:00:00,28,13,15
2016-11-01 17:00:00,34,17,17
2016-11-01 18:00:00,13,5,8
2016-11-01 19:00:00,8,6,2
2016-11-01 20:00:00,2,2,0
2016-11-01 21:00:00,0,0,0
2016-11-01 22:00:00,1,1,0
2016-11-01 23:00:00,0,0,0
2016-11-02 00:00:00,5,3,2
2016-11-02 01:00:00,0,0,0
2016-11-02 02:00:00,0,0,0
2016-11-02 03:00:00,0,0,0
2016-11-02 04:00:00,2,1,1
2016-11-02 05:00:00,4,1,3
2016-11-02 06:00:00,7,5,2
2016-11-02 07:00:00,6,3,3
2016-11-02 08:00:00,18,10,8
2016-11-02 09:00:00,22,13,9
2016-11-02 10:00:00,13,7,6
2016-11-02 11:00:00,15,5,10
2016-11-02 12:00:00,15,10,5
2016-11-02 13:00:00,8,2,6
2016-11-02 14:00:00,21,10,11
2016-11-02 15:00:00,28,9,19
2016-11-02 16:00:00,47,20,27
2016-11-02 17:00:00,49,26,23
2016-11-02 18:00:00,24,14,10
2016-11-02 19:00:00,5,3,2
2016-11-02 20:00:00,2,1,1
2016-11-02 21:00:00,4,1,3
2016-11-02 22:00:00,1,1,0
2016-11-02 23:00:00,0,0,0
2016-11-03 00:00:00,0,0,0
2016-11-03 01:00:00,0,0,0
2016-11-03 02:00:00,0,0,0
2016-11-03 03:00:00,0,0,0
2016-11-03 04:00:00,0,0,0
2016-11-03 05:00:00,1,0,1
2016-11-03 06:00:00,5,4,1
2016-11-03 07:00:00,15,7,8
2016-11-03 08:00:00,37,25,12
2016-11-03 09:00:00,35,17,18
2016-11-03 10:00:00,35,15,20
2016-11-03 11:00:00,31,14,17
2016-11-03 12:00:00,30,21,9
2016-11-03 13:00:00,19,7,12
2016-11-03 14:00:00,39,19,20
2016-11-03 15:00:00,28,14,14
2016-11-03 16:00:00,36,16,20
2016-11-03 17:00:00,43,22,21
2016-11-03 18:00:00,23,15,8
2016-11-03 19:00:00,7,4,3
2016-11-03 20:00:00,7,4,3
2016-11-03 21:00:00,0,0,0
2016-11-03 22:00:00,0,0,0
2016-11-03 23:00:00,0,0,0
2016-11-04 00:00:00,4,1,3
2016-11-04 01:00:00,1,1,0
2016-11-04 02:00:00,1,0,1
2016-11-04 03:00:00,0,0,0
2016-11-04 04:00:00,0,0,0
2016-11-04 05:00:00,1,1,0
2016-11-04 06:00:00,4,3,1
2016-11-04 07:00:00,18,10,8
2016-11-04 08:00:00,44,17,27
2016-11-04 09:00:00,43,19,24
2016-11-04 10:00:00,25,15,10
2016-11-04 11:00:00,26,11,15
2016-11-04 12:00:00,21,11,10
2016-11-04 13:00:00,21,11,10
2016-11-04 14:00:00,20,9,11
2016-11-04 15:00:00,36,15,21
2016-11-04 16:00:00,40,16,24
2016-11-04 17:00:00,40,21,19
2016-11-04 18:00:00,11,8,3
2016-11-04 19:00:00,3,2,1
2016-11-04 20:00:00,19,5,14
2016-11-04 21:00:00,7,5,2
2016-11-04 22:00:00,4,3,1
2016-11-04 23:00:00,0,0,0
2016-11-05 00:00:00,2,1,1
2016-11-05 01:00:00,0,0,0
2016-11-05 02:00:00,0,0,0
2016-11-05 03:00:00,0,0,0
2016-11-05 04:00:00,0,0,0
2016-11-05 05:00:00,0,0,0
2016-11-05 06:00:00,1,0,1
2016-11-05 07:00:00,12,4,8
2016-11-05 08:00:00,15,7,8
2016-11-05 09:00:00,25,12,13
2016-11-05 10:00:00,30,10,20
2016-11-05 11:00:00,28,18,10
2016-11-05 12:00:00,22,11,11
2016-11-05 13:00:00,24,11,13
2016-11-05 14:00:00,29,13,16
2016-11-05 15:00:00,22,8,14
2016-11-05 16:00:00,26,11,15
2016-11-05 17:00:00,17,10,7
2016-11-05 18:00:00,7,2,5
2016-11-05 19:00:00,1,1,0
2016-11-05 20:00:00,1,0,1
2016-11-05 21:00:00,1,1,0
2016-11-05 22:00:00,0,0,0
2016-11-05 23:00:00,1,0,1
2016-11-06 00:00:00,3,2,1
2016-11-06 01:00:00,0,0,0
2016-11-06 02:00:00,0,0,0
2016-11-06 03:00:00,0,0,0
2016-11-06 04:00:00,0,0,0
2016-11-06 05:00:00,4,2,2
2016-11-06 06:00:00,6,2,4
2016-11-06 07:00:00,16,5,11
2016-11-06 08:00:00,55,27,28
2016-11-06 09:00:00,63,31,32
2016-11-06 10:00:00,70,36,34
2016-11-06 11:00:00,62,34,28
2016-11-06 12:00:00,65,39,26
2016-11-06 13:00:00,48,26,22
2016-11-06 14:00:00,51,26,25
2016-11-06 15:00:00,45,27,18
2016-11-06 16:00:00,42,20,22
2016-11-06 17:00:00,11,7,4
2016-11-06 18:00:00,1,1,0
2016-11-06 19:00:00,1,0,1
2016-11-06 20:00:00,4,2,2
2016-11-06 21:00:00,6,3,3
2016-11-06 22:00:00,0,0,0
2016-11-06 23:00:00,1,0,1
2016-11-07 00:00:00,0,0,0
2016-11-07 01:00:00,0,0,0
2016-11-07 02:00:00,0,0,0
2016-11-07 03:00:00,0,0,0
2016-11-07 04:00:00,0,0,0
2016-11-07 05:00:00,2,1,1
2016-11-07 06:00:00,7,4,3
2016-11-07 07:00:00,19,9,10
2016-11-07 08:00:00,20,13,7
2016-11-07 09:00:00,18,9,9
2016-11-07 10:00:00,32,16,16
2016-11-07 11:00:00,18,8,10
2016-11-07 12:00:00,16,11,5
2016-11-07 13:00:00,15,7,8
2016-11-07 14:00:00,19,8,11
2016-11-07 15:00:00,16,6,10
2016-11-07 16:00:00,36,17,19
2016-11-07 17:00:00,27,15,12
2016-11-07 18:00:00,16,10,6
2016-11-07 19:00:00,1,0,1
2016-11-07 20:00:00,2,1,1
2016-11-07 21:00:00,0,0,0
2016-11-07 22:00:00,0,0,0
2016-11-07 23:00:00,0,0,0
2016-11-08 00:00:00,0,0,0
2016-11-08 01:00:00,0,0,0
2016-11-08 02:00:00,0,0,0
2016-11-08 03:00:00,0,0,0
2016-11-08 04:00:00,2,1,1
2016-11-08 05:00:00,1,0,1
2016-11-08 06:00:00,1,0,1
2016-11-08 07:00:00,23,17,6
2016-11-08 08:00:00,43,25,18
2016-11-08 09:00:00,39,25,14
2016-11-08 10:00:00,29,15,14
2016-11-08 11:00:00,46,23,23
2016-11-08 12:00:00,28,13,15
2016-11-08 13:00:00,25,12,13
2016-11-08 14:00:00,37,23,14
2016-11-08 15:00:00,29,17,12
2016-11-08 16:00:00,45,20,25
2016-11-08 17:00:00,19,13,6
2016-11-08 18:00:00,4,2,2
2016-11-08 19:00:00,2,0,2
2016-11-08 20:00:00,3,2,1
2016-11-08 21:00:00,6,2,4
2016-11-08 22:00:00,5,3,2
2016-11-08 23:00:00,0,0,0
2016-11-09 00:00:00,0,0,0
2016-11-09 01:00:00,0,0,0
2016-11-09 02:00:00,0,0,0
2016-11-09 03:00:00,0,0,0
2016-11-09 04:00:00,0,0,0
2016-11-09 05:00:00,4,1,3
2016-11-09 06:00:00,6,4,2
2016-11-09 07:00:00,15,9,6
2016-11-09 08:00:00,21,11,10
2016-11-09 09:00:00,11,6,5
2016-11-09 10:00:00,9,2,7
2016-11-09 11:00:00,10,5,5
2016-11-09 12:00:00,16,13,3
2016-11-09 13:00:00,7,2,5
2016-11-09 14:00:00,23,13,10
2016-11-09 15:00:00,19,10,9
2016-11-09 16:00:00,30,16,14
2016-11-09 17:00:00,18,6,12
2016-11-09 18:00:00,7,4,3
2016-11-09 19:00:00,1,1,0
2016-11-09 20:00:00,5,3,2
2016-11-09 21:00:00,0,0,0
2016-11-09 22:00:00,0,0,0
2016-11-09 23:00:00,15,15,0
2016-11-10 00:00:00,0,0,0
2016-11-10 01:00:00,0,0,0
2016-11-10 02:00:00,0,0,0
2016-11-10 03:00:00,0,0,0
2016-11-10 04:00:00,1,0,1
2016-11-10 05:00:00,1,1,0
2016-11-10 06:00:00,5,3,2
2016-11-10 07:00:00,20,11,9
2016-11-10 08:00:00,21,14,7
2016-11-10 09:00:00,39,22,17
2016-11-10 10:00:00,32,17,15
2016-11-10 11:00:00,33,16,17
2016-11-10 12:00:00,28,16,12
2016-11-10 13:00:00,23,11,12
2016-11-10 14:00:00,22,9,13
2016-11-10 15:00:00,29,12,17
2016-11-10 16:00:00,34,18,16
2016-11-10 17:00:00,17,10,7
2016-11-10 18:00:00,7,4,3
2016-11-10 19:00:00,5,3,2
2016-11-10 20:00:00,3,2,1
2016-11-10 21:00:00,0,0,0
2016-11-10 22:00:00,0,0,0
2016-11-10 23:00:00,1,0,1
2016-11-11 00:00:00,0,0,0
2016-11-11 01:00:00,2,1,1
2016-11-11 02:00:00,0,0,0
2016-11-11 03:00:00,0,0,0
2016-11-11 04:00:00,0,0,0
2016-11-11 05:00:00,2,1,1
2016-11-11 06:00:00,3,1,2
2016-11-11 07:00:00,21,11,10
2016-11-11 08:00:00,53,36,17
2016-11-11 09:00:00,47,18,29
2016-11-11 10:00:00,55,22,33
2016-11-11 11:00:00,29,15,14
2016-11-11 12:00:00,40,24,16
2016-11-11 13:00:00,26,12,14
2016-11-11 14:00:00,34,19,15
2016-11-11 15:00:00,39,19,20
2016-11-11 16:00:00,27,15,12
2016-11-11 17:00:00,22,13,9
2016-11-11 18:00:00,4,2,2
2016-11-11 19:00:00,2,2,0
2016-11-11 20:00:00,0,0,0
2016-11-11 21:00:00,3,2,1
2016-11-11 22:00:00,5,2,3
2016-11-11 23:00:00,1,1,0
2016-11-12 00:00:00,0,0,0
2016-11-12 01:00:00,0,0,0
2016-11-12 02:00:00,0,0,0
2016-11-12 03:00:00,0,0,0
2016-11-12 04:00:00,0,0,0
2016-11-12 05:00:00,0,0,0
2016-11-12 06:00:00,4,2,2
2016-11-12 07:00:00,13,7,6
2016-11-12 08:00:00,98,43,55
2016-11-12 09:00:00,174,67,107
2016-11-12 10:00:00,73,0,73
2016-11-12 11:00:00,64,35,29
2016-11-12 12:00:00,23,13,10
2016-11-12 13:00:00,14,0,14
2016-11-12 14:00:00,40,17,23
2016-11-12 15:00:00,16,0,16
2016-11-12 16:00:00,6,0,6
2016-11-12 17:00:00,13,10,3
2016-11-12 18:00:00,1,1,0
2016-11-12 19:00:00,2,1,1
2016-11-12 20:00:00,3,1,2
2016-11-12 21:00:00,3,1,2
2016-11-12 22:00:00,4,1,3
2016-11-12 23:00:00,1,1,0
2016-11-13 00:00:00,0,0,0
2016-11-13 01:00:00,0,0,0
2016-11-13 02:00:00,0,0,0
2016-11-13 03:00:00,0,0,0
2016-11-13 04:00:00,0,0,0
2016-11-13 05:00:00,0,0,0
2016-11-13 06:00:00,2,1,1
2016-11-13 07:00:00,7,0,7
2016-11-13 08:00:00,34,19,15
2016-11-13 09:00:00,30,11,19
2016-11-13 10:00:00,25,12,13
2016-11-13 11:00:00,53,28,25
2016-11-13 12:00:00,16,0,16
2016-11-13 13:00:00,17,0,17
2016-11-13 14:00:00,34,19,15
2016-11-13 15:00:00,54,30,24
2016-11-13 16:00:00,36,19,17
2016-11-13 17:00:00,7,4,3
2016-11-13 18:00:00,2,0,2
2016-11-13 19:00:00,2,2,0
2016-11-13 20:00:00,1,0,1
2016-11-13 21:00:00,5,2,3
2016-11-13 22:00:00,2,1,1
2016-11-13 23:00:00,1,0,1
2016-11-14 00:00:00,1,1,0
2016-11-14 01:00:00,0,0,0
2016-11-14 02:00:00,0,0,0
2016-11-14 03:00:00,0,0,0
2016-11-14 04:00:00,0,0,0
2016-11-14 05:00:00,3,1,2
2016-11-14 06:00:00,10,4,6
2016-11-14 07:00:00,26,9,17
2016-11-14 08:00:00,13,8,5
2016-11-14 09:00:00,9,0,9
2016-11-14 10:00:00,22,0,22
2016-11-14 11:00:00,11,0,11
2016-11-14 12:00:00,10,0,10
2016-11-14 13:00:00,22,6,16
2016-11-14 14:00:00,28,15,13
2016-11-14 15:00:00,27,10,17
2016-11-14 16:00:00,44,20,24
2016-11-14 17:00:00,30,19,11
2016-11-14 18:00:00,3,2,1
2016-11-14 19:00:00,7,4,3
2016-11-14 20:00:00,2,1,1
2016-11-14 21:00:00,2,1,1
2016-11-14 22:00:00,0,0,0
2016-11-14 23:00:00,1,0,1
2016-11-15 00:00:00,1,1,0
2016-11-15 01:00:00,0,0,0
2016-11-15 02:00:00,1,1,0
2016-11-15 03:00:00,0,0,0
2016-11-15 04:00:00,0,0,0
2016-11-15 05:00:00,2,1,1
2016-11-15 06:00:00,7,4,3
2016-11-15 07:00:00,20,12,8
2016-11-15 08:00:00,12,0,12
2016-11-15 09:00:00,18,0,18
2016-11-15 10:00:00,28,13,15
2016-11-15 11:00:00,12,0,12
2016-11-15 12:00:00,7,0,7
2016-11-15 13:00:00,11,6,5
2016-11-15 14:00:00,17,7,10
2016-11-15 15:00:00,19,13,6
2016-11-15 16:00:00,14,5,9
2016-11-15 17:00:00,15,8,7
2016-11-15 18:00:00,13,7,6
2016-11-15 19:00:00,4,1,3
2016-11-15 20:00:00,5,3,2
2016-11-15 21:00:00,3,1,2
2016-11-15 22:00:00,1,0,1
2016-11-15 23:00:00,0,0,0
2016-11-16 00:00:00,0,0,0
2016-11-16 01:00:00,0,0,0
2016-11-16 02:00:00,0,0,0
2016-11-16 03:00:00,0,0,0
2016-11-16 04:00:00,1,0,1
2016-11-16 05:00:00,2,1,1
2016-11-16 06:00:00,5,0,5
2016-11-16 07:00:00,10,4,6
2016-11-16 08:00:00,22,11,11
2016-11-16 09:00:00,28,15,13
2016-11-16 10:00:00,22,9,13
2016-11-16 11:00:00,12,0,12
2016-11-16 12:00:00,10,0,10
2016-11-16 13:00:00,6,0,6
2016-11-16 14:00:00,11,0,11
2016-11-16 15:00:00,33,15,18
2016-11-16 16:00:00,29,14,15
2016-11-16 17:00:00,10,8,2
2016-11-16 18:00:00,7,0,7
2016-11-16 19:00:00,3,2,1
2016-11-16 20:00:00,0,0,0
2016-11-16 21:00:00,5,2,3
2016-11-16 22:00:00,2,1,1
2016-11-16 23:00:00,1,1,0
2016-11-17 00:00:00,0,0,0
2016-11-17 01:00:00,0,0,0
2016-11-17 02:00:00,0,0,0
2016-11-17 03:00:00,0,0,0
2016-11-17 04:00:00,0,0,0
2016-11-17 05:00:00,4,0,4
2016-11-17 06:00:00,2,0,2
2016-11-17 07:00:00,19,7,12
2016-11-17 08:00:00,26,15,11
2016-11-17 09:00:00,21,15,6
2016-11-17 10:00:00,11,0,11
2016-11-17 11:00:00,15,0,15
2016-11-17 12:00:00,32,16,16
2016-11-17 13:00:00,27,14,13
2016-11-17 14:00:00,24,9,15
2016-11-17 15:00:00,13,0,13
2016-11-17 16:00:00,22,11,11
2016-11-17 17:00:00,12,4,8
2016-11-17 18:00:00,9,5,4
2016-11-17 19:00:00,4,3,1
2016-11-17 20:00:00,5,2,3
2016-11-17 21:00:00,4,2,2
2016-11-17 22:00:00,1,0,1
2016-11-17 23:00:00,5,3,2
2016-11-18 00:00:00,0,0,0
2016-11-18 01:00:00,1,1,0
2016-11-18 02:00:00,0,0,0
2016-11-18 03:00:00,0,0,0
2016-11-18 04:00:00,0,0,0
2016-11-18 05:00:00,2,1,1
2016-11-18 06:00:00,2,1,1
2016-11-18 07:00:00,9,0,9
2016-11-18 08:00:00,26,15,11
2016-11-18 09:00:00,17,0,17
2016-11-18 10:00:00,30,16,14
2016-11-18 11:00:00,14,0,14
2016-11-18 12:00:00,8,0,8
2016-11-18 13:00:00,16,6,10
2016-11-18 14:00:00,10,0,10
2016-11-18 15:00:00,16,6,10
2016-11-18 16:00:00,41,20,21
2016-11-18 17:00:00,19,13,6
2016-11-18 18:00:00,10,6,4
2016-11-18 19:00:00,0,0,0
2016-11-18 20:00:00,0,0,0
2016-11-18 21:00:00,9,2,7
2016-11-18 22:00:00,2,2,0
2016-11-18 23:00:00,3,2,1
2016-11-19 00:00:00,0,0,0
2016-11-19 01:00:00,1,1,0
2016-11-19 02:00:00,0,0,0
2016-11-19 03:00:00,0,0,0
2016-11-19 04:00:00,0,0,0
2016-11-19 05:00:00,0,0,0
2016-11-19 06:00:00,2,1,1
2016-11-19 07:00:00,17,5,12
2016-11-19 08:00:00,34,14,20
2016-11-19 09:00:00,26,15,11
2016-11-19 10:00:00,49,24,25
2016-11-19 11:00:00,38,21,17
2016-11-19 12:00:00,45,25,20
2016-11-19 13:00:00,35,18,17
2016-11-19 14:00:00,47,24,23
2016-11-19 15:00:00,41,24,17
2016-11-19 16:00:00,32,16,16
2016-11-19 17:00:00,7,6,1
2016-11-19 18:00:00,4,3,1
2016-11-19 19:00:00,6,3,3
2016-11-19 20:00:00,2,1,1
2016-11-19 21:00:00,1,0,1
2016-11-19 22:00:00,2,1,1
2016-11-19 23:00:00,3,1,2
2016-11-20 00:00:00,0,0,0
2016-11-20 01:00:00,0,0,0
2016-11-20 02:00:00,0,0,0
2016-11-20 03:00:00,0,0,0
2016-11-20 04:00:00,0,0,0
2016-11-20 05:00:00,2,1,1
2016-11-20 06:00:00,1,1,0
2016-11-20 07:00:00,15,7,8
2016-11-20 08:00:00,21,10,11
2016-11-20 09:00:00,43,21,22
2016-11-20 10:00:00,29,13,16
2016-11-20 11:00:00,32,18,14
2016-11-20 12:00:00,27,16,11
2016-11-20 13:00:00,40,18,22
2016-11-20 14:00:00,38,18,20
2016-11-20 15:00:00,39,20,19
2016-11-20 16:00:00,33,16,17
2016-11-20 17:00:00,14,10,4
2016-11-20 18:00:00,2,1,1
2016-11-20 19:00:00,5,3,2
2016-11-20 20:00:00,4,2,2
2016-11-20 21:00:00,3,1,2
2016-11-20 22:00:00,1,1,0
2016-11-20 23:00:00,4,2,2
2016-11-21 00:00:00,0,0,0
2016-11-21 01:00:00,0,0,0
2016-11-21 02:00:00,0,0,0
2016-11-21 03:00:00,0,0,0
2016-11-21 04:00:00,1,1,0
2016-11-21 05:00:00,2,1,1
2016-11-21 06:00:00,5,2,3
2016-11-21 07:00:00,23,12,11
2016-11-21 08:00:00,26,16,10
2016-11-21 09:00:00,30,13,17
2016-11-21 10:00:00,21,11,10
2016-11-21 11:00:00,18,8,10
2016-11-21 12:00:00,32,16,16
2016-11-21 13:00:00,21,11,10
2016-11-21 14:00:00,27,15,12
2016-11-21 15:00:00,28,16,12
2016-11-21 16:00:00,25,16,9
2016-11-21 17:00:00,7,6,1
2016-11-21 18:00:00,6,4,2
2016-11-21 19:00:00,7,2,5
2016-11-21 20:00:00,5,3,2
2016-11-21 21:00:00,1,0,1
2016-11-21 22:00:00,0,0,0
2016-11-21 23:00:00,0,0,0
2016-11-22 00:00:00,0,0,0
2016-11-22 01:00:00,0,0,0
2016-11-22 02:00:00,0,0,0
2016-11-22 03:00:00,0,0,0
2016-11-22 04:00:00,1,0,1
2016-11-22 05:00:00,2,1,1
2016-11-22 06:00:00,8,5,3
2016-11-22 07:00:00,17,9,8
2016-11-22 08:00:00,27,17,10
2016-11-22 09:00:00,26,13,13
2016-11-22 10:00:00,23,10,13
2016-11-22 11:00:00,20,8,12
2016-11-22 12:00:00,25,15,10
2016-11-22 13:00:00,15,7,8
2016-11-22 14:00:00,22,11,11
2016-11-22 15:00:00,13,6,7
2016-11-22 16:00:00,18,7,11
2016-11-22 17:00:00,14,6,8
2016-11-22 18:00:00,6,4,2
2016-11-22 19:00:00,3,2,1
2016-11-22 20:00:00,1,0,1
2016-11-22 21:00:00,1,1,0
2016-11-22 22:00:00,1,1,0
2016-11-22 23:00:00,0,0,0
2016-11-23 00:00:00,0,0,0
2016-11-23 01:00:00,2,1,1
2016-11-23 02:00:00,0,0,0
2016-11-23 03:00:00,0,0,0
2016-11-23 04:00:00,0,0,0
2016-11-23 05:00:00,6,3,3
2016-11-23 06:00:00,8,5,3
2016-11-23 07:00:00,18,9,9
2016-11-23 08:00:00,20,12,8
2016-11-23 09:00:00,37,21,16
2016-11-23 10:00:00,17,8,9
2016-11-23 11:00:00,17,8,9
2016-11-23 12:00:00,24,9,15
2016-11-23 13:00:00,15,10,5
2016-11-23 14:00:00,26,13,13
2016-11-23 15:00:00,30,18,12
2016-11-23 16:00:00,24,15,9
2016-11-23 17:00:00,6,3,3
2016-11-23 18:00:00,2,1,1
2016-11-23 19:00:00,0,0,0
2016-11-23 20:00:00,1,0,1
2016-11-23 21:00:00,0,0,0
2016-11-23 22:00:00,1,1,0
2016-11-23 23:00:00,0,0,0
2016-11-24 00:00:00,4,2,2
2016-11-24 01:00:00,0,0,0
2016-11-24 02:00:00,0,0,0
2016-11-24 03:00:00,0,0,0
2016-11-24 04:00:00,0,0,0
2016-11-24 05:00:00,0,0,0
2016-11-24 06:00:00,5,2,3
2016-11-24 07:00:00,38,3,35
2016-11-24 08:00:00,110,21,89
2016-11-24 09:00:00,208,151,57
2016-11-24 10:00:00,46,26,20
2016-11-24 11:00:00,34,16,18
2016-11-24 12:00:00,39,25,14
2016-11-24 13:00:00,21,11,10
2016-11-24 14:00:00,9,4,5
2016-11-24 15:00:00,9,4,5
2016-11-24 16:00:00,5,3,2
2016-11-24 17:00:00,3,2,1
2016-11-24 18:00:00,6,6,0
2016-11-24 19:00:00,1,1,0
2016-11-24 20:00:00,0,0,0
2016-11-24 21:00:00,0,0,0
2016-11-24 22:00:00,0,0,0
2016-11-24 23:00:00,0,0,0
2016-11-25 00:00:00,0,0,0
2016-11-25 01:00:00,0,0,0
2016-11-25 02:00:00,0,0,0
2016-11-25 03:00:00,0,0,0
2016-11-25 04:00:00,0,0,0
2016-11-25 05:00:00,0,0,0
2016-11-25 06:00:00,1,0,1
2016-11-25 07:00:00,5,3,2
2016-11-25 08:00:00,9,5,4
2016-11-25 09:00:00,33,18,15
2016-11-25 10:00:00,48,25,23
2016-11-25 11:00:00,51,25,26
2016-11-25 12:00:00,38,17,21
2016-11-25 13:00:00,36,24,12
2016-11-25 14:00:00,29,16,13
2016-11-25 15:00:00,35,18,17
2016-11-25 16:00:00,26,15,11
2016-11-25 17:00:00,9,6,3
2016-11-25 18:00:00,0,0,0
2016-11-25 19:00:00,1,0,1
2016-11-25 20:00:00,1,1,0
2016-11-25 21:00:00,2,1,1
2016-11-25 22:00:00,3,1,2
2016-11-25 23:00:00,0,0,0
2016-11-26 00:00:00,0,0,0
2016-11-26 01:00:00,0,0,0
2016-11-26 02:00:00,0,0,0
2016-11-26 03:00:00,0,0,0
2016-11-26 04:00:00,0,0,0
2016-11-26 05:00:00,0,0,0
2016-11-26 06:00:00,3,2,1
2016-11-26 07:00:00,9,3,6
2016-11-26 08:00:00,9,3,6
2016-11-26 09:00:00,28,16,12
2016-11-26 10:00:00,16,7,9
2016-11-26 11:00:00,28,15,13
2016-11-26 12:00:00,32,17,15
2016-11-26 13:00:00,40,22,18
2016-11-26 14:00:00,32,16,16
2016-11-26 15:00:00,37,20,17
2016-11-26 16:00:00,19,11,8
2016-11-26 17:00:00,10,4,6
2016-11-26 18:00:00,3,1,2
2016-11-26 19:00:00,1,1,0
2016-11-26 20:00:00,0,0,0
2016-11-26 21:00:00,4,2,2
2016-11-26 22:00:00,2,1,1
2016-11-26 23:00:00,1,0,1
2016-11-27 00:00:00,1,1,0
2016-11-27 01:00:00,0,0,0
2016-11-27 02:00:00,0,0,0
2016-11-27 03:00:00,0,0,0
2016-11-27 04:00:00,0,0,0
2016-11-27 05:00:00,1,1,0
2016-11-27 06:00:00,3,1,2
2016-11-27 07:00:00,4,1,3
2016-11-27 08:00:00,20,7,13
2016-11-27 09:00:00,44,25,19
2016-11-27 10:00:00,47,22,25
2016-11-27 11:00:00,54,28,26
2016-11-27 12:00:00,37,19,18
2016-11-27 13:00:00,22,11,11
2016-11-27 14:00:00,32,15,17
2016-11-27 15:00:00,37,20,17
2016-11-27 16:00:00,26,14,12
2016-11-27 17:00:00,8,7,1
2016-11-27 18:00:00,4,2,2
2016-11-27 19:00:00,1,0,1
2016-11-27 20:00:00,0,0,0
2016-11-27 21:00:00,2,1,1
2016-11-27 22:00:00,0,0,0
2016-11-27 23:00:00,1,1,0
2016-11-28 00:00:00,1,0,1
2016-11-28 01:00:00,0,0,0
2016-11-28 02:00:00,0,0,0
2016-11-28 03:00:00,0,0,0
2016-11-28 04:00:00,1,0,1
2016-11-28 05:00:00,2,1,1
2016-11-28 06:00:00,7,3,4
2016-11-28 07:00:00,15,6,9
2016-11-28 08:00:00,17,8,9
2016-11-28 09:00:00,36,17,19
2016-11-28 10:00:00,20,9,11
2016-11-28 11:00:00,24,11,13
2016-11-28 12:00:00,26,13,13
2016-11-28 13:00:00,21,8,13
2016-11-28 14:00:00,19,11,8
2016-11-28 15:00:00,14,9,5
2016-11-28 16:00:00,12,5,7
2016-11-28 17:00:00,13,8,5
2016-11-28 18:00:00,10,4,6
2016-11-28 19:00:00,8,3,5
2016-11-28 20:00:00,2,1,1
2016-11-28 21:00:00,5,3,2
2016-11-28 22:00:00,9,7,2
2016-11-28 23:00:00,0,0,0
2016-11-29 00:00:00,0,0,0
2016-11-29 01:00:00,0,0,0
2016-11-29 02:00:00,1,0,1
2016-11-29 03:00:00,2,2,0
2016-11-29 04:00:00,0,0,0
2016-11-29 05:00:00,1,1,0
2016-11-29 06:00:00,9,6,3
2016-11-29 07:00:00,24,10,14
2016-11-29 08:00:00,30,20,10
2016-11-29 09:00:00,27,16,11
2016-11-29 10:00:00,17,9,8
2016-11-29 11:00:00,19,10,9
2016-11-29 12:00:00,24,12,12
2016-11-29 13:00:00,21,12,9
2016-11-29 14:00:00,18,8,10
2016-11-29 15:00:00,26,12,14
2016-11-29 16:00:00,41,24,17
2016-11-29 17:00:00,11,6,5
2016-11-29 18:00:00,7,4,3
2016-11-29 19:00:00,7,3,4
2016-11-29 20:00:00,3,1,2
2016-11-29 21:00:00,3,2,1
2016-11-29 22:00:00,6,5,1
2016-11-29 23:00:00,3,2,1
2016-11-30 00:00:00,0,0,0
2016-11-30 01:00:00,0,0,0
2016-11-30 02:00:00,0,0,0
2016-11-30 03:00:00,0,0,0
2016-11-30 04:00:00,1,0,1
2016-11-30 05:00:00,5,2,3
2016-11-30 06:00:00,11,7,4
2016-11-30 07:00:00,13,5,8
2016-11-30 08:00:00,14,7,7
2016-11-30 09:00:00,24,14,10
2016-11-30 10:00:00,11,6,5
2016-11-30 11:00:00,10,6,4
2016-11-30 12:00:00,16,9,7
2016-11-30 13:00:00,18,8,10
2016-11-30 14:00:00,19,8,11
2016-11-30 15:00:00,9,2,7
2016-11-30 16:00:00,25,13,12
2016-11-30 17:00:00,17,11,6
2016-11-30 18:00:00,5,3,2
2016-11-30 19:00:00,2,1,1
2016-11-30 20:00:00,0,0,0
2016-11-30 21:00:00,2,1,1
2016-11-30 22:00:00,0,0,0
2016-11-30 23:00:00,1,0,1
2016-12-01 00:00:00,0,0,0
2016-12-01 01:00:00,2,0,2
2016-12-01 02:00:00,0,0,0
2016-12-01 03:00:00,1,1,0
2016-12-01 04:00:00,0,0,0
2016-12-01 05:00:00,1,0,1
2016-12-01 06:00:00,3,2,1
2016-12-01 07:00:00,21,8,13
2016-12-01 08:00:00,30,14,16
2016-12-01 09:00:00,23,16,7
2016-12-01 10:00:00,30,15,15
2016-12-01 11:00:00,21,9,12
2016-12-01 12:00:00,23,11,12
2016-12-01 13:00:00,21,17,4
2016-12-01 14:00:00,13,5,8
2016-12-01 15:00:00,16,7,9
2016-12-01 16:00:00,20,13,7
2016-12-01 17:00:00,10,4,6
2016-12-01 18:00:00,6,3,3
2016-12-01 19:00:00,4,3,1
2016-12-01 20:00:00,1,1,0
2016-12-01 21:00:00,1,0,1
2016-12-01 22:00:00,3,2,1
2016-12-01 23:00:00,0,0,0
2016-12-02 00:00:00,0,0,0
2016-12-02 01:00:00,0,0,0
2016-12-02 02:00:00,0,0,0
2016-12-02 03:00:00,0,0,0
2016-12-02 04:00:00,1,0,1
2016-12-02 05:00:00,0,0,0
2016-12-02 06:00:00,4,2,2
2016-12-02 07:00:00,8,5,3
2016-12-02 08:00:00,18,10,8
2016-12-02 09:00:00,14,7,7
2016-12-02 10:00:00,19,9,10
2016-12-02 11:00:00,12,6,6
2016-12-02 12:00:00,18,9,9
2016-12-02 13:00:00,11,5,6
2016-12-02 14:00:00,18,9,9
2016-12-02 15:00:00,15,8,7
2016-12-02 16:00:00,19,10,9
2016-12-02 17:00:00,13,7,6
2016-12-02 18:00:00,9,4,5
2016-12-02 19:00:00,1,1,0
2016-12-02 20:00:00,1,0,1
2016-12-02 21:00:00,0,0,0
2016-12-02 22:00:00,0,0,0
2016-12-02 23:00:00,3,1,2
2016-12-03 00:00:00,0,0,0
2016-12-03 01:00:00,0,0,0
2016-12-03 02:00:00,0,0,0
2016-12-03 03:00:00,0,0,0
2016-12-03 04:00:00,0,0,0
2016-12-03 05:00:00,0,0,0
2016-12-03 06:00:00,1,1,0
2016-12-03 07:00:00,12,6,6
2016-12-03 08:00:00,36,17,19
2016-12-03 09:00:00,40,22,18
2016-12-03 10:00:00,31,15,16
2016-12-03 11:00:00,55,30,25
2016-12-03 12:00:00,32,15,17
2016-12-03 13:00:00,27,16,11
2016-12-03 14:00:00,27,15,12
2016-12-03 15:00:00,27,11,16
2016-12-03 16:00:00,30,16,14
2016-12-03 17:00:00,13,6,7
2016-12-03 18:00:00,3,2,1
2016-12-03 19:00:00,0,0,0
2016-12-03 20:00:00,1,1,0
2016-12-03 21:00:00,0,0,0
2016-12-03 22:00:00,1,0,1
2016-12-03 23:00:00,0,0,0
2016-12-04 00:00:00,2,1,1
2016-12-04 01:00:00,0,0,0
2016-12-04 02:00:00,0,0,0
2016-12-04 03:00:00,0,0,0
2016-12-04 04:00:00,0,0,0
2016-12-04 05:00:00,0,0,0
2016-12-04 06:00:00,1,1,0
2016-12-04 07:00:00,7,2,5
2016-12-04 08:00:00,13,6,7
2016-12-04 09:00:00,35,16,19
2016-12-04 10:00:00,33,18,15
2016-12-04 11:00:00,45,24,21
2016-12-04 12:00:00,61,30,31
2016-12-04 13:00:00,60,28,32
2016-12-04 14:00:00,48,29,19
2016-12-04 15:00:00,47,24,23
2016-12-04 16:00:00,51,31,20
2016-12-04 17:00:00,5,5,0
2016-12-04 18:00:00,2,1,1
2016-12-04 19:00:00,1,1,0
2016-12-04 20:00:00,0,0,0
2016-12-04 21:00:00,1,1,0
2016-12-04 22:00:00,1,1,0
2016-12-04 23:00:00,0,0,0
2016-12-05 00:00:00,0,0,0
2016-12-05 01:00:00,0,0,0
2016-12-05 02:00:00,0,0,0
2016-12-05 03:00:00,0,0,0
2016-12-05 04:00:00,0,0,0
2016-12-05 05:00:00,1,0,1
2016-12-05 06:00:00,1,1,0
2016-12-05 07:00:00,8,4,4
2016-12-05 08:00:00,6,5,1
2016-12-05 09:00:00,13,5,8
2016-12-05 10:00:00,15,6,9
2016-12-05 11:00:00,20,9,11
2016-12-05 12:00:00,10,3,7
2016-12-05 13:00:00,19,12,7
2016-12-05 14:00:00,15,8,7
2016-12-05 15:00:00,14,7,7
2016-12-05 16:00:00,26,14,12
2016-12-05 17:00:00,7,3,4
2016-12-05 18:00:00,3,0,3
2016-12-05 19:00:00,1,1,0
2016-12-05 20:00:00,4,3,1
2016-12-05 21:00:00,0,0,0
2016-12-05 22:00:00,0,0,0
2016-12-05 23:00:00,0,0,0
2016-12-06 00:00:00,0,0,0
2016-12-06 01:00:00,0,0,0
2016-12-06 02:00:00,0,0,0
2016-12-06 03:00:00,0,0,0
2016-12-06 04:00:00,0,0,0
2016-12-06 05:00:00,1,0,1
2016-12-06 06:00:00,1,1,0
2016-12-06 07:00:00,10,5,5
2016-12-06 08:00:00,17,11,6
2016-12-06 09:00:00,22,10,12
2016-12-06 10:00:00,23,10,13
2016-12-06 11:00:00,21,15,6
2016-12-06 12:00:00,24,10,14
2016-12-06 13:00:00,25,14,11
2016-12-06 14:00:00,21,9,12
2016-12-06 15:00:00,21,14,7
2016-12-06 16:00:00,20,9,11
2016-12-06 17:00:00,13,8,5
2016-12-06 18:00:00,8,5,3
2016-12-06 19:00:00,3,1,2
2016-12-06 20:00:00,0,0,0
2016-12-06 21:00:00,4,1,3
2016-12-06 22:00:00,1,1,0
2016-12-06 23:00:00,0,0,0
2016-12-07 00:00:00,0,0,0
2016-12-07 01:00:00,0,0,0
2016-12-07 02:00:00,0,0,0
2016-12-07 03:00:00,0,0,0
2016-12-07 04:00:00,0,0,0
2016-12-07 05:00:00,0,0,0
2016-12-07 06:00:00,7,4,3
2016-12-07 07:00:00,11,6,5
2016-12-07 08:00:00,13,7,6
2016-12-07 09:00:00,15,9,6
2016-12-07 10:00:00,17,6,11
2016-12-07 11:00:00,22,12,10
2016-12-07 12:00:00,19,12,7
2016-12-07 13:00:00,20,12,8
2016-12-07 14:00:00,16,7,9
2016-12-07 15:00:00,15,7,8
2016-12-07 16:00:00,18,4,14
2016-12-07 17:00:00,5,3,2
2016-12-07 18:00:00,2,0,2
2016-12-07 19:00:00,0,0,0
2016-12-07 20:00:00,1,1,0
2016-12-07 21:00:00,0,0,0
2016-12-07 22:00:00,0,0,0
2016-12-07 23:00:00,0,0,0
2016-12-08 00:00:00,0,0,0
2016-12-08 01:00:00,0,0,0
2016-12-08 02:00:00,0,0,0
2016-12-08 03:00:00,0,0,0
2016-12-08 04:00:00,0,0,0
2016-12-08 05:00:00,2,1,1
2016-12-08 06:00:00,2,1,1
2016-12-08 07:00:00,15,6,9
2016-12-08 08:00:00,17,14,3
2016-12-08 09:00:00,22,9,13
2016-12-08 10:00:00,16,7,9
2016-12-08 11:00:00,18,10,8
2016-12-08 12:00:00,13,7,6
2016-12-08 13:00:00,9,4,5
2016-12-08 14:00:00,22,14,8
2016-12-08 15:00:00,16,6,10
2016-12-08 16:00:00,16,7,9
2016-12-08 17:00:00,6,3,3
2016-12-08 18:00:00,6,4,2
2016-12-08 19:00:00,1,0,1
2016-12-08 20:00:00,1,1,0
2016-12-08 21:00:00,3,1,2
2016-12-08 22:00:00,1,1,0
2016-12-08 23:00:00,0,0,0
2016-12-09 00:00:00,1,1,0
2016-12-09 01:00:00,1,0,1
2016-12-09 02:00:00,0,0,0
2016-12-09 03:00:00,0,0,0
2016-12-09 04:00:00,0,0,0
2016-12-09 05:00:00,0,0,0
2016-12-09 06:00:00,1,1,0
2016-12-09 07:00:00,2,1,1
2016-12-09 08:00:00,5,2,3
2016-12-09 09:00:00,12,8,4
2016-12-09 10:00:00,7,4,3
2016-12-09 11:00:00,4,3,1
2016-12-09 12:00:00,9,3,6
2016-12-09 13:00:00,13,8,5
2016-12-09 14:00:00,15,6,9
2016-12-09 15:00:00,11,3,8
2016-12-09 16:00:00,13,6,7
2016-12-09 17:00:00,7,6,1
2016-12-09 18:00:00,2,0,2
2016-12-09 19:00:00,0,0,0
2016-12-09 20:00:00,0,0,0
2016-12-09 21:00:00,0,0,0
2016-12-09 22:00:00,0,0,0
2016-12-09 23:00:00,0,0,0
2016-12-10 00:00:00,0,0,0
2016-12-10 01:00:00,0,0,0
2016-12-10 02:00:00,0,0,0
2016-12-10 03:00:00,0,0,0
2016-12-10 04:00:00,0,0,0
2016-12-10 05:00:00,0,0,0
2016-12-10 06:00:00,0,0,0
2016-12-10 07:00:00,20,11,9
2016-12-10 08:00:00,36,24,12
2016-12-10 09:00:00,33,17,16
2016-12-10 10:00:00,45,20,25
2016-12-10 11:00:00,28,16,12
2016-12-10 12:00:00,22,11,11
2016-12-10 13:00:00,18,9,9
2016-12-10 14:00:00,15,7,8
2016-12-10 15:00:00,20,7,13
2016-12-10 16:00:00,26,16,10
2016-12-10 17:00:00,3,2,1
2016-12-10 18:00:00,1,1,0
2016-12-10 19:00:00,0,0,0
2016-12-10 20:00:00,1,0,1
2016-12-10 21:00:00,3,2,1
2016-12-10 22:00:00,0,0,0
2016-12-10 23:00:00,0,0,0
2016-12-11 00:00:00,0,0,0
2016-12-11 01:00:00,0,0,0
2016-12-11 02:00:00,0,0,0
2016-12-11 03:00:00,0,0,0
2016-12-11 04:00:00,0,0,0
2016-12-11 05:00:00,0,0,0
2016-12-11 06:00:00,3,2,1
2016-12-11 07:00:00,11,6,5
2016-12-11 08:00:00,23,9,14
2016-12-11 09:00:00,31,19,12
2016-12-11 10:00:00,34,16,18
2016-12-11 11:00:00,44,28,16
2016-12-11 12:00:00,43,23,20
2016-12-11 13:00:00,25,10,15
2016-12-11 14:00:00,33,14,19
2016-12-11 15:00:00,28,17,11
2016-12-11 16:00:00,18,10,8
2016-12-11 17:00:00,8,4,4
2016-12-11 18:00:00,1,1,0
2016-12-11 19:00:00,7,2,5
2016-12-11 20:00:00,0,0,0
2016-12-11 21:00:00,0,0,0
2016-12-11 22:00:00,0,0,0
2016-12-11 23:00:00,1,0,1
2016-12-12 00:00:00,0,0,0
2016-12-12 01:00:00,1,1,0
2016-12-12 02:00:00,0,0,0
2016-12-12 03:00:00,1,1,0
2016-12-12 04:00:00,0,0,0
2016-12-12 05:00:00,0,0,0
2016-12-12 06:00:00,5,2,3
2016-12-12 07:00:00,12,6,6
2016-12-12 08:00:00,22,13,9
2016-12-12 09:00:00,9,2,7
2016-12-12 10:00:00,25,13,12
2016-12-12 11:00:00,19,11,8
2016-12-12 12:00:00,16,8,8
2016-12-12 13:00:00,10,4,6
2016-12-12 14:00:00,14,6,8
2016-12-12 15:00:00,15,7,8
2016-12-12 16:00:00,26,13,13
2016-12-12 17:00:00,14,6,8
2016-12-12 18:00:00,8,3,5
2016-12-12 19:00:00,1,1,0
2016-12-12 20:00:00,2,1,1
2016-12-12 21:00:00,0,0,0
2016-12-12 22:00:00,2,1,1
2016-12-12 23:00:00,0,0,0
2016-12-13 00:00:00,0,0,0
2016-12-13 01:00:00,0,0,0
2016-12-13 02:00:00,0,0,0
2016-12-13 03:00:00,0,0,0
2016-12-13 04:00:00,0,0,0
2016-12-13 05:00:00,0,0,0
2016-12-13 06:00:00,7,4,3
2016-12-13 07:00:00,19,8,11
2016-12-13 08:00:00,22,12,10
2016-12-13 09:00:00,25,16,9
2016-12-13 10:00:00,15,6,9
2016-12-13 11:00:00,17,7,10
2016-12-13 12:00:00,16,10,6
2016-12-13 13:00:00,10,6,4
2016-12-13 14:00:00,13,6,7
2016-12-13 15:00:00,22,12,10
2016-12-13 16:00:00,23,9,14
2016-12-13 17:00:00,6,4,2
2016-12-13 18:00:00,1,0,1
2016-12-13 19:00:00,5,3,2
2016-12-13 20:00:00,4,2,2
2016-12-13 21:00:00,0,0,0
2016-12-13 22:00:00,0,0,0
2016-12-13 23:00:00,0,0,0
2016-12-14 00:00:00,0,0,0
2016-12-14 01:00:00,0,0,0
2016-12-14 02:00:00,0,0,0
2016-12-14 03:00:00,0,0,0
2016-12-14 04:00:00,0,0,0
2016-12-14 05:00:00,1,0,1
2016-12-14 06:00:00,5,4,1
2016-12-14 07:00:00,11,4,7
2016-12-14 08:00:00,17,12,5
2016-12-14 09:00:00,25,13,12
2016-12-14 10:00:00,29,16,13
2016-12-14 11:00:00,14,5,9
2016-12-14 12:00:00,15,12,3
2016-12-14 13:00:00,13,7,6
2016-12-14 14:00:00,19,10,9
2016-12-14 15:00:00,10,5,5
2016-12-14 16:00:00,11,6,5
2016-12-14 17:00:00,4,1,3
2016-12-14 18:00:00,5,0,5
2016-12-14 19:00:00,5,4,1
2016-12-14 20:00:00,0,0,0
2016-12-14 21:00:00,3,1,2
2016-12-14 22:00:00,4,1,3
2016-12-14 23:00:00,0,0,0
2016-12-15 00:00:00,0,0,0
2016-12-15 01:00:00,0,0,0
2016-12-15 02:00:00,0,0,0
2016-12-15 03:00:00,1,1,0
2016-12-15 04:00:00,0,0,0
2016-12-15 05:00:00,2,1,1
2016-12-15 06:00:00,5,2,3
2016-12-15 07:00:00,13,7,6
2016-12-15 08:00:00,28,16,12
2016-12-15 09:00:00,34,20,14
2016-12-15 10:00:00,11,9,2
2016-12-15 11:00:00,17,6,11
2016-12-15 12:00:00,17,11,6
2016-12-15 13:00:00,22,10,12
2016-12-15 14:00:00,17,8,9
2016-12-15 15:00:00,18,6,12
2016-12-15 16:00:00,12,8,4
2016-12-15 17:00:00,18,6,12
2016-12-15 18:00:00,7,4,3
2016-12-15 19:00:00,2,1,1
2016-12-15 20:00:00,1,0,1
2016-12-15 21:00:00,3,2,1
2016-12-15 22:00:00,0,0,0
2016-12-15 23:00:00,0,0,0
2016-12-16 00:00:00,0,0,0
2016-12-16 01:00:00,0,0,0
2016-12-16 02:00:00,0,0,0
2016-12-16 03:00:00,0,0,0
2016-12-16 04:00:00,1,0,1
2016-12-16 05:00:00,0,0,0
2016-12-16 06:00:00,2,0,2
2016-12-16 07:00:00,7,2,5
2016-12-16 08:00:00,18,8,10
2016-12-16 09:00:00,27,15,12
2016-12-16 10:00:00,12,7,5
2016-12-16 11:00:00,15,8,7
2016-12-16 12:00:00,25,14,11
2016-12-16 13:00:00,19,6,13
2016-12-16 14:00:00,20,8,12
2016-12-16 15:00:00,16,9,7
2016-12-16 16:00:00,20,8,12
2016-12-16 17:00:00,15,9,6
2016-12-16 18:00:00,2,1,1
2016-12-16 19:00:00,2,0,2
2016-12-16 20:00:00,1,1,0
2016-12-16 21:00:00,1,1,0
2016-12-16 22:00:00,2,1,1
2016-12-16 23:00:00,13,12,1
2016-12-17 00:00:00,0,0,0
2016-12-17 01:00:00,0,0,0
2016-12-17 02:00:00,0,0,0
2016-12-17 03:00:00,0,0,0
2016-12-17 04:00:00,0,0,0
2016-12-17 05:00:00,0,0,0
2016-12-17 06:00:00,4,1,3
2016-12-17 07:00:00,3,1,2
2016-12-17 08:00:00,28,11,17
2016-12-17 09:00:00,42,21,21
2016-12-17 10:00:00,46,19,27
2016-12-17 11:00:00,36,20,16
2016-12-17 12:00:00,19,13,6
2016-12-17 13:00:00,14,7,7
2016-12-17 14:00:00,25,12,13
2016-12-17 15:00:00,14,4,10
2016-12-17 16:00:00,18,9,9
2016-12-17 17:00:00,3,2,1
2016-12-17 18:00:00,0,0,0
2016-12-17 19:00:00,2,1,1
2016-12-17 20:00:00,0,0,0
2016-12-17 21:00:00,0,0,0
2016-12-17 22:00:00,0,0,0
2016-12-17 23:00:00,0,0,0
2016-12-18 00:00:00,1,1,0
2016-12-18 01:00:00,2,1,1
2016-12-18 02:00:00,0,0,0
2016-12-18 03:00:00,0,0,0
2016-12-18 04:00:00,0,0,0
2016-12-18 05:00:00,0,0,0
2016-12-18 06:00:00,4,0,4
2016-12-18 07:00:00,11,5,6
2016-12-18 08:00:00,41,25,16
2016-12-18 09:00:00,34,13,21
2016-12-18 10:00:00,29,14,15
2016-12-18 11:00:00,38,20,18
2016-12-18 12:00:00,25,11,14
2016-12-18 13:00:00,37,16,21
2016-12-18 14:00:00,34,19,15
2016-12-18 15:00:00,14,7,7
2016-12-18 16:00:00,22,11,11
2016-12-18 17:00:00,7,4,3
2016-12-18 18:00:00,1,0,1
2016-12-18 19:00:00,2,2,0
2016-12-18 20:00:00,0,0,0
2016-12-18 21:00:00,0,0,0
2016-12-18 22:00:00,0,0,0
2016-12-18 23:00:00,1,1,0
2016-12-19 00:00:00,0,0,0
2016-12-19 01:00:00,0,0,0
2016-12-19 02:00:00,0,0,0
2016-12-19 03:00:00,0,0,0
2016-12-19 04:00:00,0,0,0
2016-12-19 05:00:00,1,0,1
2016-12-19 06:00:00,4,3,1
2016-12-19 07:00:00,6,5,1
2016-12-19 08:00:00,13,8,5
2016-12-19 09:00:00,17,6,11
2016-12-19 10:00:00,22,13,9
2016-12-19 11:00:00,7,4,3
2016-12-19 12:00:00,11,5,6
2016-12-19 13:00:00,16,7,9
2016-12-19 14:00:00,17,10,7
2016-12-19 15:00:00,12,5,7
2016-12-19 16:00:00,22,11,11
2016-12-19 17:00:00,19,10,9
2016-12-19 18:00:00,3,1,2
2016-12-19 19:00:00,3,2,1
2016-12-19 20:00:00,2,1,1
2016-12-19 21:00:00,1,1,0
2016-12-19 22:00:00,0,0,0
2016-12-19 23:00:00,4,1,3
2016-12-20 00:00:00,2,2,0
2016-12-20 01:00:00,0,0,0
2016-12-20 02:00:00,0,0,0
2016-12-20 03:00:00,0,0,0
2016-12-20 04:00:00,0,0,0
2016-12-20 05:00:00,0,0,0
2016-12-20 06:00:00,1,1,0
2016-12-20 07:00:00,14,7,7
2016-12-20 08:00:00,21,11,10
2016-12-20 09:00:00,34,18,16
2016-12-20 10:00:00,28,14,14
2016-12-20 11:00:00,26,10,16
2016-12-20 12:00:00,19,9,10
2016-12-20 13:00:00,21,11,10
2016-12-20 14:00:00,17,9,8
2016-12-20 15:00:00,24,7,17
2016-12-20 16:00:00,24,11,13
2016-12-20 17:00:00,13,8,5
2016-12-20 18:00:00,8,4,4
2016-12-20 19:00:00,5,3,2
2016-12-20 20:00:00,0,0,0
2016-12-20 21:00:00,0,0,0
2016-12-20 22:00:00,0,0,0
2016-12-20 23:00:00,0,0,0
2016-12-21 00:00:00,0,0,0
2016-12-21 01:00:00,0,0,0
2016-12-21 02:00:00,0,0,0
2016-12-21 03:00:00,0,0,0
2016-12-21 04:00:00,0,0,0
2016-12-21 05:00:00,0,0,0
2016-12-21 06:00:00,1,0,1
2016-12-21 07:00:00,9,4,5
2016-12-21 08:00:00,17,9,8
2016-12-21 09:00:00,28,12,16
2016-12-21 10:00:00,26,12,14
2016-12-21 11:00:00,25,12,13
2016-12-21 12:00:00,22,14,8
2016-12-21 13:00:00,16,6,10
2016-12-21 14:00:00,18,12,6
2016-12-21 15:00:00,25,14,11
2016-12-21 16:00:00,24,12,12
2016-12-21 17:00:00,1,1,0
2016-12-21 18:00:00,2,0,2
2016-12-21 19:00:00,6,3,3
2016-12-21 20:00:00,1,1,0
2016-12-21 21:00:00,0,0,0
2016-12-21 22:00:00,2,2,0
2016-12-21 23:00:00,0,0,0
2016-12-22 00:00:00,0,0,0
2016-12-22 01:00:00,0,0,0
2016-12-22 02:00:00,1,0,1
2016-12-22 03:00:00,0,0,0
2016-12-22 04:00:00,1,1,0
2016-12-22 05:00:00,0,0,0
2016-12-22 06:00:00,0,0,0
2016-12-22 07:00:00,8,5,3
2016-12-22 08:00:00,20,11,9
2016-12-22 09:00:00,30,16,14
2016-12-22 10:00:00,17,10,7
2016-12-22 11:00:00,14,8,6
2016-12-22 12:00:00,11,5,6
2016-12-22 13:00:00,15,7,8
2016-12-22 14:00:00,31,17,14
2016-12-22 15:00:00,17,5,12
2016-12-22 16:00:00,21,12,9
2016-12-22 17:00:00,6,3,3
2016-12-22 18:00:00,1,1,0
2016-12-22 19:00:00,0,0,0
2016-12-22 20:00:00,0,0,0
2016-12-22 21:00:00,0,0,0
2016-12-22 22:00:00,2,1,1
2016-12-22 23:00:00,0,0,0
2016-12-23 00:00:00,0,0,0
2016-12-23 01:00:00,0,0,0
2016-12-23 02:00:00,0,0,0
2016-12-23 03:00:00,0,0,0
2016-12-23 04:00:00,0,0,0
2016-12-23 05:00:00,2,2,0
2016-12-23 06:00:00,3,0,3
2016-12-23 07:00:00,3,2,1
2016-12-23 08:00:00,9,5,4
2016-12-23 09:00:00,8,2,6
2016-12-23 10:00:00,4,3,1
2016-12-23 11:00:00,8,4,4
2016-12-23 12:00:00,16,9,7
2016-12-23 13:00:00,15,3,12
2016-12-23 14:00:00,14,5,9
2016-12-23 15:00:00,18,10,8
2016-12-23 16:00:00,15,8,7
2016-12-23 17:00:00,6,3,3
2016-12-23 18:00:00,0,0,0
2016-12-23 19:00:00,2,1,1
2016-12-23 20:00:00,1,0,1
2016-12-23 21:00:00,1,1,0
2016-12-23 22:00:00,0,0,0
2016-12-23 23:00:00,0,0,0
2016-12-24 00:00:00,0,0,0
2016-12-24 01:00:00,0,0,0
2016-12-24 02:00:00,0,0,0
2016-12-24 03:00:00,0,0,0
2016-12-24 04:00:00,0,0,0
2016-12-24 05:00:00,2,1,1
2016-12-24 06:00:00,5,2,3
2016-12-24 07:00:00,4,1,3
2016-12-24 08:00:00,23,10,13
2016-12-24 09:00:00,36,16,20
2016-12-24 10:00:00,42,26,16
2016-12-24 11:00:00,39,20,19
2016-12-24 12:00:00,35,15,20
2016-12-24 13:00:00,43,20,23
2016-12-24 14:00:00,20,7,13
2016-12-24 15:00:00,37,20,17
2016-12-24 16:00:00,21,13,8
2016-12-24 17:00:00,9,6,3
2016-12-24 18:00:00,1,1,0
2016-12-24 19:00:00,0,0,0
2016-12-24 20:00:00,0,0,0
2016-12-24 21:00:00,0,0,0
2016-12-24 22:00:00,0,0,0
2016-12-24 23:00:00,1,1,0
2016-12-25 00:00:00,3,1,2
2016-12-25 01:00:00,0,0,0
2016-12-25 02:00:00,0,0,0
2016-12-25 03:00:00,0,0,0
2016-12-25 04:00:00,0,0,0
2016-12-25 05:00:00,0,0,0
2016-12-25 06:00:00,0,0,0
2016-12-25 07:00:00,7,1,6
2016-12-25 08:00:00,15,6,9
2016-12-25 09:00:00,16,9,7
2016-12-25 10:00:00,18,7,11
2016-12-25 11:00:00,24,11,13
2016-12-25 12:00:00,36,16,20
2016-12-25 13:00:00,30,18,12
2016-12-25 14:00:00,41,20,21
2016-12-25 15:00:00,28,14,14
2016-12-25 16:00:00,31,15,16
2016-12-25 17:00:00,2,1,1
2016-12-25 18:00:00,0,0,0
2016-12-25 19:00:00,2,1,1
2016-12-25 20:00:00,3,1,2
2016-12-25 21:00:00,0,0,0
2016-12-25 22:00:00,0,0,0
2016-12-25 23:00:00,1,1,0
2016-12-26 00:00:00,0,0,0
2016-12-26 01:00:00,0,0,0
2016-12-26 02:00:00,0,0,0
2016-12-26 03:00:00,0,0,0
2016-12-26 04:00:00,0,0,0
2016-12-26 05:00:00,1,0,1
2016-12-26 06:00:00,3,1,2
2016-12-26 07:00:00,5,2,3
2016-12-26 08:00:00,19,8,11
2016-12-26 09:00:00,24,13,11
2016-12-26 10:00:00,33,14,19
2016-12-26 11:00:00,28,16,12
2016-12-26 12:00:00,25,13,12
2016-12-26 13:00:00,30,17,13
2016-12-26 14:00:00,27,13,14
2016-12-26 15:00:00,36,18,18
2016-12-26 16:00:00,10,7,3
2016-12-26 17:00:00,0,0,0
2016-12-26 18:00:00,1,0,1
2016-12-26 19:00:00,0,0,0
2016-12-26 20:00:00,0,0,0
2016-12-26 21:00:00,0,0,0
2016-12-26 22:00:00,0,0,0
2016-12-26 23:00:00,0,0,0
2016-12-27 00:00:00,0,0,0
2016-12-27 01:00:00,0,0,0
2016-12-27 02:00:00,0,0,0
2016-12-27 03:00:00,0,0,0
2016-12-27 04:00:00,1,1,0
2016-12-27 05:00:00,0,0,0
2016-12-27 06:00:00,2,2,0
2016-12-27 07:00:00,15,5,10
2016-12-27 08:00:00,15,10,5
2016-12-27 09:00:00,24,10,14
2016-12-27 10:00:00,29,17,12
2016-12-27 11:00:00,31,13,18
2016-12-27 12:00:00,25,11,14
2016-12-27 13:00:00,28,12,16
2016-12-27 14:00:00,27,14,13
2016-12-27 15:00:00,22,13,9
2016-12-27 16:00:00,17,7,10
2016-12-27 17:00:00,9,7,2
2016-12-27 18:00:00,2,1,1
2016-12-27 19:00:00,1,1,0
2016-12-27 20:00:00,1,0,1
2016-12-27 21:00:00,2,2,0
2016-12-27 22:00:00,0,0,0
2016-12-27 23:00:00,0,0,0
2016-12-28 00:00:00,0,0,0
2016-12-28 01:00:00,0,0,0
2016-12-28 02:00:00,0,0,0
2016-12-28 03:00:00,0,0,0
2016-12-28 04:00:00,1,1,0
2016-12-28 05:00:00,1,0,1
2016-12-28 06:00:00,2,1,1
2016-12-28 07:00:00,10,4,6
2016-12-28 08:00:00,20,10,10
2016-12-28 09:00:00,26,11,15
2016-12-28 10:00:00,28,15,13
2016-12-28 11:00:00,23,13,10
2016-12-28 12:00:00,23,10,13
2016-12-28 13:00:00,31,16,15
2016-12-28 14:00:00,27,18,9
2016-12-28 15:00:00,9,4,5
2016-12-28 16:00:00,24,9,15
2016-12-28 17:00:00,14,7,7
2016-12-28 18:00:00,0,0,0
2016-12-28 19:00:00,2,1,1
2016-12-28 20:00:00,0,0,0
2016-12-28 21:00:00,0,0,0
2016-12-28 22:00:00,1,0,1
2016-12-28 23:00:00,5,3,2
2016-12-29 00:00:00,0,0,0
2016-12-29 01:00:00,0,0,0
2016-12-29 02:00:00,0,0,0
2016-12-29 03:00:00,0,0,0
2016-12-29 04:00:00,0,0,0
2016-12-29 05:00:00,0,0,0
2016-12-29 06:00:00,10,5,5
2016-12-29 07:00:00,8,4,4
2016-12-29 08:00:00,24,10,14
2016-12-29 09:00:00,18,9,9
2016-12-29 10:00:00,44,19,25
2016-12-29 11:00:00,20,9,11
2016-12-29 12:00:00,14,10,4
2016-12-29 13:00:00,10,6,4
2016-12-29 14:00:00,13,9,4
2016-12-29 15:00:00,17,9,8
2016-12-29 16:00:00,12,7,5
2016-12-29 17:00:00,6,3,3
2016-12-29 18:00:00,1,1,0
2016-12-29 19:00:00,0,0,0
2016-12-29 20:00:00,0,0,0
2016-12-29 21:00:00,7,6,1
2016-12-29 22:00:00,1,0,1
2016-12-29 23:00:00,1,1,0
2016-12-30 00:00:00,0,0,0
2016-12-30 01:00:00,0,0,0
2016-12-30 02:00:00,0,0,0
2016-12-30 03:00:00,0,0,0
2016-12-30 04:00:00,0,0,0
2016-12-30 05:00:00,0,0,0
2016-12-30 06:00:00,3,1,2
2016-12-30 07:00:00,6,3,3
2016-12-30 08:00:00,20,14,6
2016-12-30 09:00:00,30,14,16
2016-12-30 10:00:00,40,24,16
2016-12-30 11:00:00,32,17,15
2016-12-30 12:00:00,40,21,19
2016-12-30 13:00:00,25,17,8
2016-12-30 14:00:00,24,10,14
2016-12-30 15:00:00,38,18,20
2016-12-30 16:00:00,22,11,11
2016-12-30 17:00:00,12,7,5
2016-12-30 18:00:00,1,1,0
2016-12-30 19:00:00,0,0,0
2016-12-30 20:00:00,1,0,1
2016-12-30 21:00:00,0,0,0
2016-12-30 22:00:00,0,0,0
2016-12-30 23:00:00,0,0,0
2016-12-31 00:00:00,2,1,1
2016-12-31 01:00:00,0,0,0
2016-12-31 02:00:00,0,0,0
2016-12-31 03:00:00,0,0,0
2016-12-31 04:00:00,0,0,0
2016-12-31 05:00:00,4,2,2
2016-12-31 06:00:00,4,1,3
2016-12-31 07:00:00,8,4,4
2016-12-31 08:00:00,21,8,13
2016-12-31 09:00:00,62,25,37
2016-12-31 10:00:00,50,30,20
2016-12-31 11:00:00,48,21,27
2016-12-31 12:00:00,37,19,18
2016-12-31 13:00:00,16,11,5
2016-12-31 14:00:00,33,14,19
2016-12-31 15:00:00,17,9,8
2016-12-31 16:00:00,18,10,8
2016-12-31 17:00:00,4,2,2
2016-12-31 18:00:00,3,2,1
2016-12-31 19:00:00,0,0,0
2016-12-31 20:00:00,4,4,0
2016-12-31 21:00:00,8,0,8
2016-12-31 22:00:00,0,0,0
2016-12-31 23:00:00,1,1,0
2017-01-01 00:00:00,0,0,0
2017-01-01 01:00:00,0,0,0
2017-01-01 02:00:00,1,1,0
2017-01-01 03:00:00,0,0,0
2017-01-01 04:00:00,0,0,0
2017-01-01 05:00:00,0,0,0
2017-01-01 06:00:00,0,0,0
2017-01-01 07:00:00,3,1,2
2017-01-01 08:00:00,7,5,2
2017-01-01 09:00:00,15,6,9
2017-01-01 10:00:00,27,12,15
2017-01-01 11:00:00,52,24,28
2017-01-01 12:00:00,42,21,21
2017-01-01 13:00:00,26,12,14
2017-01-01 14:00:00,37,19,18
2017-01-01 15:00:00,36,19,17
2017-01-01 16:00:00,36,20,16
2017-01-01 17:00:00,7,4,3
2017-01-01 18:00:00,4,2,2
2017-01-01 19:00:00,0,0,0
2017-01-01 20:00:00,1,0,1
2017-01-01 21:00:00,3,2,1
2017-01-01 22:00:00,0,0,0
2017-01-01 23:00:00,0,0,0
2017-01-02 00:00:00,0,0,0
2017-01-02 01:00:00,0,0,0
2017-01-02 02:00:00,0,0,0
2017-01-02 03:00:00,0,0,0
2017-01-02 04:00:00,0,0,0
2017-01-02 05:00:00,0,0,0
2017-01-02 06:00:00,0,0,0
2017-01-02 07:00:00,5,4,1
2017-01-02 08:00:00,17,6,11
2017-01-02 09:00:00,28,14,14
2017-01-02 10:00:00,49,23,26
2017-01-02 11:00:00,38,18,20
2017-01-02 12:00:00,24,9,15
2017-01-02 13:00:00,36,23,13
2017-01-02 14:00:00,59,27,32
2017-01-02 15:00:00,45,23,22
2017-01-02 16:00:00,22,11,11
2017-01-02 17:00:00,8,6,2
2017-01-02 18:00:00,2,2,0
2017-01-02 19:00:00,1,0,1
2017-01-02 20:00:00,1,1,0
2017-01-02 21:00:00,0,0,0
2017-01-02 22:00:00,0,0,0
2017-01-02 23:00:00,0,0,0
2017-01-03 00:00:00,2,2,0
2017-01-03 01:00:00,0,0,0
2017-01-03 02:00:00,0,0,0
2017-01-03 03:00:00,0,0,0
2017-01-03 04:00:00,0,0,0
2017-01-03 05:00:00,2,1,1
2017-01-03 06:00:00,4,2,2
2017-01-03 07:00:00,9,3,6
2017-01-03 08:00:00,18,11,7
2017-01-03 09:00:00,23,11,12
2017-01-03 10:00:00,13,5,8
2017-01-03 11:00:00,20,8,12
2017-01-03 12:00:00,19,12,7
2017-01-03 13:00:00,13,6,7
2017-01-03 14:00:00,23,13,10
2017-01-03 15:00:00,16,6,10
2017-01-03 16:00:00,26,13,13
2017-01-03 17:00:00,9,4,5
2017-01-03 18:00:00,4,2,2
2017-01-03 19:00:00,4,2,2
2017-01-03 20:00:00,3,1,2
2017-01-03 21:00:00,0,0,0
2017-01-03 22:00:00,0,0,0
2017-01-03 23:00:00,0,0,0
2017-01-04 00:00:00,0,0,0
2017-01-04 01:00:00,0,0,0
2017-01-04 02:00:00,0,0,0
2017-01-04 03:00:00,0,0,0
2017-01-04 04:00:00,1,0,1
2017-01-04 05:00:00,1,1,0
2017-01-04 06:00:00,9,4,5
2017-01-04 07:00:00,9,3,6
2017-01-04 08:00:00,19,9,10
2017-01-04 09:00:00,25,15,10
2017-01-04 10:00:00,19,9,10
2017-01-04 11:00:00,22,10,12
2017-01-04 12:00:00,24,15,9
2017-01-04 13:00:00,19,8,11
2017-01-04 14:00:00,26,11,15
2017-01-04 15:00:00,18,8,10
2017-01-04 16:00:00,25,14,11
2017-01-04 17:00:00,12,8,4
2017-01-04 18:00:00,3,0,3
2017-01-04 19:00:00,4,2,2
2017-01-04 20:00:00,1,0,1
2017-01-04 21:00:00,2,2,0
2017-01-04 22:00:00,2,1,1
2017-01-04 23:00:00,0,0,0
2017-01-05 00:00:00,0,0,0
2017-01-05 01:00:00,0,0,0
2017-01-05 02:00:00,0,0,0
2017-01-05 03:00:00,0,0,0
2017-01-05 04:00:00,0,0,0
2017-01-05 05:00:00,1,0,1
2017-01-05 06:00:00,3,2,1
2017-01-05 07:00:00,15,6,9
2017-01-05 08:00:00,23,18,5
2017-01-05 09:00:00,26,10,16
2017-01-05 10:00:00,18,10,8
2017-01-05 11:00:00,24,13,11
2017-01-05 12:00:00,27,19,8
2017-01-05 13:00:00,14,9,5
2017-01-05 14:00:00,11,3,8
2017-01-05 15:00:00,30,14,16
2017-01-05 16:00:00,39,19,20
2017-01-05 17:00:00,12,4,8
2017-01-05 18:00:00,6,3,3
2017-01-05 19:00:00,0,0,0
2017-01-05 20:00:00,1,0,1
2017-01-05 21:00:00,0,0,0
2017-01-05 22:00:00,0,0,0
2017-01-05 23:00:00,0,0,0
2017-01-06 00:00:00,7,3,4
2017-01-06 01:00:00,0,0,0
2017-01-06 02:00:00,0,0,0
2017-01-06 03:00:00,1,1,0
2017-01-06 04:00:00,0,0,0
2017-01-06 05:00:00,0,0,0
2017-01-06 06:00:00,1,1,0
2017-01-06 07:00:00,8,3,5
2017-01-06 08:00:00,15,9,6
2017-01-06 09:00:00,19,10,9
2017-01-06 10:00:00,17,7,10
2017-01-06 11:00:00,17,11,6
2017-01-06 12:00:00,20,10,10
2017-01-06 13:00:00,19,11,8
2017-01-06 14:00:00,19,10,9
2017-01-06 15:00:00,23,13,10
2017-01-06 16:00:00,27,15,12
2017-01-06 17:00:00,11,7,4
2017-01-06 18:00:00,2,0,2
2017-01-06 19:00:00,1,0,1
2017-01-06 20:00:00,1,0,1
2017-01-06 21:00:00,1,1,0
2017-01-06 22:00:00,4,2,2
2017-01-06 23:00:00,1,1,0
2017-01-07 00:00:00,5,5,0
2017-01-07 01:00:00,0,0,0
2017-01-07 02:00:00,0,0,0
2017-01-07 03:00:00,1,0,1
2017-01-07 04:00:00,0,0,0
2017-01-07 05:00:00,0,0,0
2017-01-07 06:00:00,0,0,0
2017-01-07 07:00:00,14,7,7
2017-01-07 08:00:00,20,11,9
2017-01-07 09:00:00,19,8,11
2017-01-07 10:00:00,50,20,30
2017-01-07 11:00:00,53,24,29
2017-01-07 12:00:00,37,19,18
2017-01-07 13:00:00,41,21,20
2017-01-07 14:00:00,42,21,21
2017-01-07 15:00:00,31,17,14
2017-01-07 16:00:00,33,14,19
2017-01-07 17:00:00,13,7,6
2017-01-07 18:00:00,4,3,1
2017-01-07 19:00:00,0,0,0
2017-01-07 20:00:00,1,0,1
2017-01-07 21:00:00,2,1,1
2017-01-07 22:00:00,1,0,1
2017-01-07 23:00:00,4,2,2
2017-01-08 00:00:00,0,0,0
2017-01-08 01:00:00,0,0,0
2017-01-08 02:00:00,1,0,1
2017-01-08 03:00:00,0,0,0
2017-01-08 04:00:00,0,0,0
2017-01-08 05:00:00,1,1,0
2017-01-08 06:00:00,3,1,2
2017-01-08 07:00:00,8,3,5
2017-01-08 08:00:00,19,7,12
2017-01-08 09:00:00,32,13,19
2017-01-08 10:00:00,35,21,14
2017-01-08 11:00:00,30,15,15
2017-01-08 12:00:00,23,12,11
2017-01-08 13:00:00,61,31,30
2017-01-08 14:00:00,19,10,9
2017-01-08 15:00:00,18,9,9
2017-01-08 16:00:00,19,10,9
2017-01-08 17:00:00,0,0,0
2017-01-08 18:00:00,0,0,0
2017-01-08 19:00:00,2,0,2
2017-01-08 20:00:00,3,2,1
2017-01-08 21:00:00,1,1,0
2017-01-08 22:00:00,2,1,1
2017-01-08 23:00:00,0,0,0
2017-01-09 00:00:00,0,0,0
2017-01-09 01:00:00,0,0,0
2017-01-09 02:00:00,0,0,0
2017-01-09 03:00:00,0,0,0
2017-01-09 04:00:00,0,0,0
2017-01-09 05:00:00,1,0,1
2017-01-09 06:00:00,7,4,3
2017-01-09 07:00:00,12,5,7
2017-01-09 08:00:00,25,13,12
2017-01-09 09:00:00,28,12,16
2017-01-09 10:00:00,27,11,16
2017-01-09 11:00:00,28,18,10
2017-01-09 12:00:00,13,8,5
2017-01-09 13:00:00,26,12,14
2017-01-09 14:00:00,14,6,8
2017-01-09 15:00:00,15,7,8
2017-01-09 16:00:00,21,9,12
2017-01-09 17:00:00,5,4,1
2017-01-09 18:00:00,6,3,3
2017-01-09 19:00:00,5,2,3
2017-01-09 20:00:00,0,0,0
2017-01-09 21:00:00,3,2,1
2017-01-09 22:00:00,0,0,0
2017-01-09 23:00:00,0,0,0
2017-01-10 00:00:00,0,0,0
2017-01-10 01:00:00,0,0,0
2017-01-10 02:00:00,0,0,0
2017-01-10 03:00:00,0,0,0
2017-01-10 04:00:00,0,0,0
2017-01-10 05:00:00,1,0,1
2017-01-10 06:00:00,3,2,1
2017-01-10 07:00:00,15,6,9
2017-01-10 08:00:00,24,15,9
2017-01-10 09:00:00,10,5,5
2017-01-10 10:00:00,8,4,4
2017-01-10 11:00:00,24,12,12
2017-01-10 12:00:00,19,8,11
2017-01-10 13:00:00,15,8,7
2017-01-10 14:00:00,15,8,7
2017-01-10 15:00:00,16,8,8
2017-01-10 16:00:00,36,18,18
2017-01-10 17:00:00,14,10,4
2017-01-10 18:00:00,4,1,3
2017-01-10 19:00:00,3,1,2
2017-01-10 20:00:00,3,3,0
2017-01-10 21:00:00,0,0,0
2017-01-10 22:00:00,2,1,1
2017-01-10 23:00:00,0,0,0
2017-01-11 00:00:00,0,0,0
2017-01-11 01:00:00,0,0,0
2017-01-11 02:00:00,0,0,0
2017-01-11 03:00:00,0,0,0
2017-01-11 04:00:00,0,0,0
2017-01-11 05:00:00,1,0,1
2017-01-11 06:00:00,8,4,4
2017-01-11 07:00:00,15,6,9
2017-01-11 08:00:00,24,15,9
2017-01-11 09:00:00,25,11,14
2017-01-11 10:00:00,26,17,9
2017-01-11 11:00:00,11,6,5
2017-01-11 12:00:00,19,7,12
2017-01-11 13:00:00,18,7,11
2017-01-11 14:00:00,13,6,7
2017-01-11 15:00:00,22,9,13
2017-01-11 16:00:00,25,12,13
2017-01-11 17:00:00,10,7,3
2017-01-11 18:00:00,6,3,3
2017-01-11 19:00:00,3,1,2
2017-01-11 20:00:00,0,0,0
2017-01-11 21:00:00,0,0,0
2017-01-11 22:00:00,1,1,0
2017-01-11 23:00:00,0,0,0
2017-01-12 00:00:00,0,0,0
2017-01-12 01:00:00,0,0,0
2017-01-12 02:00:00,1,1,0
2017-01-12 03:00:00,0,0,0
2017-01-12 04:00:00,0,0,0
2017-01-12 05:00:00,0,0,0
2017-01-12 06:00:00,2,1,1
2017-01-12 07:00:00,12,7,5
2017-01-12 08:00:00,25,14,11
2017-01-12 09:00:00,17,9,8
2017-01-12 10:00:00,24,11,13
2017-01-12 11:00:00,20,11,9
2017-01-12 12:00:00,19,11,8
2017-01-12 13:00:00,17,8,9
2017-01-12 14:00:00,45,26,19
2017-01-12 15:00:00,16,3,13
2017-01-12 16:00:00,29,16,13
2017-01-12 17:00:00,16,9,7
2017-01-12 18:00:00,1,0,1
2017-01-12 19:00:00,1,0,1
2017-01-12 20:00:00,1,1,0
2017-01-12 21:00:00,0,0,0
2017-01-12 22:00:00,0,0,0
2017-01-12 23:00:00,0,0,0
2017-01-13 00:00:00,0,0,0
2017-01-13 01:00:00,0,0,0
2017-01-13 02:00:00,0,0,0
2017-01-13 03:00:00,0,0,0
2017-01-13 04:00:00,1,1,0
2017-01-13 05:00:00,0,0,0
2017-01-13 06:00:00,9,5,4
2017-01-13 07:00:00,8,5,3
2017-01-13 08:00:00,21,9,12
2017-01-13 09:00:00,15,11,4
2017-01-13 10:00:00,12,6,6
2017-01-13 11:00:00,6,1,5
2017-01-13 12:00:00,25,15,10
2017-01-13 13:00:00,20,14,6
2017-01-13 14:00:00,14,8,6
2017-01-13 15:00:00,22,11,11
2017-01-13 16:00:00,35,16,19
2017-01-13 17:00:00,14,8,6
2017-01-13 18:00:00,5,2,3
2017-01-13 19:00:00,0,0,0
2017-01-13 20:00:00,1,0,1
2017-01-13 21:00:00,1,1,0
2017-01-13 22:00:00,2,1,1
2017-01-13 23:00:00,1,1,0
2017-01-14 00:00:00,0,0,0
2017-01-14 01:00:00,0,0,0
2017-01-14 02:00:00,0,0,0
2017-01-14 03:00:00,0,0,0
2017-01-14 04:00:00,0,0,0
2017-01-14 05:00:00,4,2,2
2017-01-14 06:00:00,3,1,2
2017-01-14 07:00:00,4,0,4
2017-01-14 08:00:00,24,11,13
2017-01-14 09:00:00,34,16,18
2017-01-14 10:00:00,51,23,28
2017-01-14 11:00:00,47,24,23
2017-01-14 12:00:00,41,24,17
2017-01-14 13:00:00,52,25,27
2017-01-14 14:00:00,24,14,10
2017-01-14 15:00:00,33,12,21
2017-01-14 16:00:00,33,18,15
2017-01-14 17:00:00,18,9,9
2017-01-14 18:00:00,4,1,3
2017-01-14 19:00:00,2,1,1
2017-01-14 20:00:00,0,0,0
2017-01-14 21:00:00,3,1,2
2017-01-14 22:00:00,0,0,0
2017-01-14 23:00:00,0,0,0
2017-01-15 00:00:00,0,0,0
2017-01-15 01:00:00,0,0,0
2017-01-15 02:00:00,0,0,0
2017-01-15 03:00:00,0,0,0
2017-01-15 04:00:00,0,0,0
2017-01-15 05:00:00,0,0,0
2017-01-15 06:00:00,2,1,1
2017-01-15 07:00:00,5,2,3
2017-01-15 08:00:00,23,9,14
2017-01-15 09:00:00,34,19,15
2017-01-15 10:00:00,37,15,22
2017-01-15 11:00:00,40,23,17
2017-01-15 12:00:00,51,27,24
2017-01-15 13:00:00,29,17,12
2017-01-15 14:00:00,40,20,20
2017-01-15 15:00:00,47,26,21
2017-01-15 16:00:00,32,16,16
2017-01-15 17:00:00,15,8,7
2017-01-15 18:00:00,2,1,1
2017-01-15 19:00:00,0,0,0
2017-01-15 20:00:00,2,1,1
2017-01-15 21:00:00,2,1,1
2017-01-15 22:00:00,0,0,0
2017-01-15 23:00:00,0,0,0
2017-01-16 00:00:00,0,0,0
2017-01-16 01:00:00,0,0,0
2017-01-16 02:00:00,0,0,0
2017-01-16 03:00:00,0,0,0
2017-01-16 04:00:00,0,0,0
2017-01-16 05:00:00,0,0,0
2017-01-16 06:00:00,2,0,2
2017-01-16 07:00:00,6,3,3
2017-01-16 08:00:00,11,6,5
2017-01-16 09:00:00,21,11,10
2017-01-16 10:00:00,26,17,9
2017-01-16 11:00:00,31,13,18
2017-01-16 12:00:00,36,19,17
2017-01-16 13:00:00,35,16,19
2017-01-16 14:00:00,35,21,14
2017-01-16 15:00:00,25,12,13
2017-01-16 16:00:00,29,13,16
2017-01-16 17:00:00,9,8,1
2017-01-16 18:00:00,5,3,2
2017-01-16 19:00:00,1,0,1
2017-01-16 20:00:00,1,0,1
2017-01-16 21:00:00,2,1,1
2017-01-16 22:00:00,3,1,2
2017-01-16 23:00:00,0,0,0
2017-01-17 00:00:00,0,0,0
2017-01-17 01:00:00,0,0,0
2017-01-17 02:00:00,0,0,0
2017-01-17 03:00:00,0,0,0
2017-01-17 04:00:00,0,0,0
2017-01-17 05:00:00,4,1,3
2017-01-17 06:00:00,9,6,3
2017-01-17 07:00:00,16,8,8
2017-01-17 08:00:00,31,16,15
2017-01-17 09:00:00,19,9,10
2017-01-17 10:00:00,25,13,12
2017-01-17 11:00:00,25,14,11
2017-01-17 12:00:00,9,6,3
2017-01-17 13:00:00,6,2,4
2017-01-17 14:00:00,0,0,0
2017-01-17 15:00:00,14,9,5
2017-01-17 16:00:00,11,6,5
2017-01-17 17:00:00,9,3,6
2017-01-17 18:00:00,4,1,3
2017-01-17 19:00:00,1,0,1
2017-01-17 20:00:00,1,1,0
2017-01-17 21:00:00,0,0,0
2017-01-17 22:00:00,0,0,0
2017-01-17 23:00:00,1,1,0
2017-01-18 00:00:00,0,0,0
2017-01-18 01:00:00,0,0,0
2017-01-18 02:00:00,0,0,0
2017-01-18 03:00:00,0,0,0
2017-01-18 04:00:00,0,0,0
2017-01-18 05:00:00,1,0,1
2017-01-18 06:00:00,5,2,3
2017-01-18 07:00:00,4,4,0
2017-01-18 08:00:00,10,6,4
2017-01-18 09:00:00,11,7,4
2017-01-18 10:00:00,13,7,6
2017-01-18 11:00:00,15,7,8
2017-01-18 12:00:00,22,15,7
2017-01-18 13:00:00,20,8,12
2017-01-18 14:00:00,18,9,9
2017-01-18 15:00:00,7,2,5
2017-01-18 16:00:00,14,8,6
2017-01-18 17:00:00,3,1,2
2017-01-18 18:00:00,4,2,2
2017-01-18 19:00:00,2,1,1
2017-01-18 20:00:00,0,0,0
2017-01-18 21:00:00,0,0,0
2017-01-18 22:00:00,0,0,0
2017-01-18 23:00:00,1,1,0
2017-01-19 00:00:00,0,0,0
2017-01-19 01:00:00,0,0,0
2017-01-19 02:00:00,0,0,0
2017-01-19 03:00:00,0,0,0
2017-01-19 04:00:00,0,0,0
2017-01-19 05:00:00,1,0,1
2017-01-19 06:00:00,4,3,1
2017-01-19 07:00:00,7,3,4
2017-01-19 08:00:00,27,16,11
2017-01-19 09:00:00,23,12,11
2017-01-19 10:00:00,23,10,13
2017-01-19 11:00:00,13,5,8
2017-01-19 12:00:00,12,6,6
2017-01-19 13:00:00,19,13,6
2017-01-19 14:00:00,16,7,9
2017-01-19 15:00:00,14,8,6
2017-01-19 16:00:00,15,7,8
2017-01-19 17:00:00,10,7,3
2017-01-19 18:00:00,5,3,2
2017-01-19 19:00:00,7,3,4
2017-01-19 20:00:00,3,2,1
2017-01-19 21:00:00,2,1,1
2017-01-19 22:00:00,1,0,1
2017-01-19 23:00:00,0,0,0
2017-01-20 00:00:00,0,0,0
2017-01-20 01:00:00,0,0,0
2017-01-20 02:00:00,0,0,0
2017-01-20 03:00:00,0,0,0
2017-01-20 04:00:00,0,0,0
2017-01-20 05:00:00,0,0,0
2017-01-20 06:00:00,5,2,3
2017-01-20 07:00:00,8,6,2
2017-01-20 08:00:00,18,8,10
2017-01-20 09:00:00,30,15,15
2017-01-20 10:00:00,28,15,13
2017-01-20 11:00:00,27,17,10
2017-01-20 12:00:00,16,9,7
2017-01-20 13:00:00,16,8,8
2017-01-20 14:00:00,27,12,15
2017-01-20 15:00:00,22,9,13
2017-01-20 16:00:00,42,22,20
2017-01-20 17:00:00,14,8,6
2017-01-20 18:00:00,4,1,3
2017-01-20 19:00:00,2,1,1
2017-01-20 20:00:00,2,1,1
2017-01-20 21:00:00,5,2,3
2017-01-20 22:00:00,1,1,0
2017-01-20 23:00:00,1,0,1
2017-01-21 00:00:00,0,0,0
2017-01-21 01:00:00,0,0,0
2017-01-21 02:00:00,0,0,0
2017-01-21 03:00:00,0,0,0
2017-01-21 04:00:00,1,1,0
2017-01-21 05:00:00,0,0,0
2017-01-21 06:00:00,1,0,1
2017-01-21 07:00:00,8,2,6
2017-01-21 08:00:00,38,25,13
2017-01-21 09:00:00,42,21,21
2017-01-21 10:00:00,46,22,24
2017-01-21 11:00:00,40,22,18
2017-01-21 12:00:00,38,16,22
2017-01-21 13:00:00,37,21,16
2017-01-21 14:00:00,34,15,19
2017-01-21 15:00:00,37,22,15
2017-01-21 16:00:00,28,16,12
2017-01-21 17:00:00,9,4,5
2017-01-21 18:00:00,4,2,2
2017-01-21 19:00:00,2,1,1
2017-01-21 20:00:00,5,4,1
2017-01-21 21:00:00,3,1,2
2017-01-21 22:00:00,0,0,0
2017-01-21 23:00:00,0,0,0
2017-01-22 00:00:00,0,0,0
2017-01-22 01:00:00,0,0,0
2017-01-22 02:00:00,0,0,0
2017-01-22 03:00:00,0,0,0
2017-01-22 04:00:00,0,0,0
2017-01-22 05:00:00,0,0,0
2017-01-22 06:00:00,2,0,2
2017-01-22 07:00:00,5,3,2
2017-01-22 08:00:00,20,10,10
2017-01-22 09:00:00,20,11,9
2017-01-22 10:00:00,34,18,16
2017-01-22 11:00:00,40,22,18
2017-01-22 12:00:00,15,9,6
2017-01-22 13:00:00,27,13,14
2017-01-22 14:00:00,29,12,17
2017-01-22 15:00:00,48,21,27
2017-01-22 16:00:00,59,37,22
2017-01-22 17:00:00,21,16,5
2017-01-22 18:00:00,1,1,0
2017-01-22 19:00:00,2,0,2
2017-01-22 20:00:00,3,2,1
2017-01-22 21:00:00,2,1,1
2017-01-22 22:00:00,0,0,0
2017-01-22 23:00:00,0,0,0
2017-01-23 00:00:00,0,0,0
2017-01-23 01:00:00,0,0,0
2017-01-23 02:00:00,1,0,1
2017-01-23 03:00:00,0,0,0
2017-01-23 04:00:00,0,0,0
2017-01-23 05:00:00,0,0,0
2017-01-23 06:00:00,8,2,6
2017-01-23 07:00:00,11,8,3
2017-01-23 08:00:00,16,10,6
2017-01-23 09:00:00,21,12,9
2017-01-23 10:00:00,24,11,13
2017-01-23 11:00:00,14,7,7
2017-01-23 12:00:00,27,12,15
2017-01-23 13:00:00,39,26,13
2017-01-23 14:00:00,21,9,12
2017-01-23 15:00:00,11,3,8
2017-01-23 16:00:00,27,13,14
2017-01-23 17:00:00,12,5,7
2017-01-23 18:00:00,6,3,3
2017-01-23 19:00:00,1,1,0
2017-01-23 20:00:00,2,0,2
2017-01-23 21:00:00,0,0,0
2017-01-23 22:00:00,2,1,1
2017-01-23 23:00:00,0,0,0
2017-01-24 00:00:00,0,0,0
2017-01-24 01:00:00,0,0,0
2017-01-24 02:00:00,0,0,0
2017-01-24 03:00:00,0,0,0
2017-01-24 04:00:00,0,0,0
2017-01-24 05:00:00,1,0,1
2017-01-24 06:00:00,12,7,5
2017-01-24 07:00:00,11,5,6
2017-01-24 08:00:00,21,15,6
2017-01-24 09:00:00,14,6,8
2017-01-24 10:00:00,16,6,10
2017-01-24 11:00:00,13,6,7
2017-01-24 12:00:00,14,8,6
2017-01-24 13:00:00,15,4,11
2017-01-24 14:00:00,26,13,13
2017-01-24 15:00:00,23,12,11
2017-01-24 16:00:00,31,9,22
2017-01-24 17:00:00,24,16,8
2017-01-24 18:00:00,3,2,1
2017-01-24 19:00:00,1,0,1
2017-01-24 20:00:00,3,1,2
2017-01-24 21:00:00,0,0,0
2017-01-24 22:00:00,0,0,0
2017-01-24 23:00:00,0,0,0
2017-01-25 00:00:00,0,0,0
2017-01-25 01:00:00,0,0,0
2017-01-25 02:00:00,0,0,0
2017-01-25 03:00:00,0,0,0
2017-01-25 04:00:00,0,0,0
2017-01-25 05:00:00,1,0,1
2017-01-25 06:00:00,10,5,5
2017-01-25 07:00:00,8,7,1
2017-01-25 08:00:00,27,14,13
2017-01-25 09:00:00,28,16,12
2017-01-25 10:00:00,20,9,11
2017-01-25 11:00:00,17,10,7
2017-01-25 12:00:00,9,5,4
2017-01-25 13:00:00,12,7,5
2017-01-25 14:00:00,14,8,6
2017-01-25 15:00:00,7,4,3
2017-01-25 16:00:00,20,9,11
2017-01-25 17:00:00,17,6,11
2017-01-25 18:00:00,5,1,4
2017-01-25 19:00:00,1,0,1
2017-01-25 20:00:00,8,3,5
2017-01-25 21:00:00,0,0,0
2017-01-25 22:00:00,0,0,0
2017-01-25 23:00:00,0,0,0
2017-01-26 00:00:00,0,0,0
2017-01-26 01:00:00,0,0,0
2017-01-26 02:00:00,0,0,0
2017-01-26 03:00:00,0,0,0
2017-01-26 04:00:00,0,0,0
2017-01-26 05:00:00,3,0,3
2017-01-26 06:00:00,8,4,4
2017-01-26 07:00:00,10,6,4
2017-01-26 08:00:00,11,5,6
2017-01-26 09:00:00,38,20,18
2017-01-26 10:00:00,24,13,11
2017-01-26 11:00:00,22,9,13
2017-01-26 12:00:00,19,10,9
2017-01-26 13:00:00,20,10,10
2017-01-26 14:00:00,27,15,12
2017-01-26 15:00:00,23,14,9
2017-01-26 16:00:00,27,11,16
2017-01-26 17:00:00,16,8,8
2017-01-26 18:00:00,4,2,2
2017-01-26 19:00:00,3,2,1
2017-01-26 20:00:00,3,1,2
2017-01-26 21:00:00,1,1,0
2017-01-26 22:00:00,1,1,0
2017-01-26 23:00:00,1,0,1
2017-01-27 00:00:00,0,0,0
2017-01-27 01:00:00,0,0,0
2017-01-27 02:00:00,0,0,0
2017-01-27 03:00:00,0,0,0
2017-01-27 04:00:00,0,0,0
2017-01-27 05:00:00,0,0,0
2017-01-27 06:00:00,3,0,3
2017-01-27 07:00:00,15,8,7
2017-01-27 08:00:00,76,36,40
2017-01-27 09:00:00,28,13,15
2017-01-27 10:00:00,36,25,11
2017-01-27 11:00:00,34,14,20
2017-01-27 12:00:00,54,24,30
2017-01-27 13:00:00,29,14,15
2017-01-27 14:00:00,16,8,8
2017-01-27 15:00:00,21,10,11
2017-01-27 16:00:00,35,20,15
2017-01-27 17:00:00,18,11,7
2017-01-27 18:00:00,5,3,2
2017-01-27 19:00:00,0,0,0
2017-01-27 20:00:00,2,1,1
2017-01-27 21:00:00,0,0,0
2017-01-27 22:00:00,0,0,0
2017-01-27 23:00:00,0,0,0
2017-01-28 00:00:00,0,0,0
2017-01-28 01:00:00,0,0,0
2017-01-28 02:00:00,0,0,0
2017-01-28 03:00:00,0,0,0
2017-01-28 04:00:00,0,0,0
2017-01-28 05:00:00,0,0,0
2017-01-28 06:00:00,2,1,1
2017-01-28 07:00:00,8,3,5
2017-01-28 08:00:00,30,15,15
2017-01-28 09:00:00,46,23,23
2017-01-28 10:00:00,61,30,31
2017-01-28 11:00:00,54,27,27
2017-01-28 12:00:00,54,24,30
2017-01-28 13:00:00,43,26,17
2017-01-28 14:00:00,44,22,22
2017-01-28 15:00:00,27,13,14
2017-01-28 16:00:00,33,20,13
2017-01-28 17:00:00,14,7,7
2017-01-28 18:00:00,5,2,3
2017-01-28 19:00:00,1,1,0
2017-01-28 20:00:00,3,1,2
2017-01-28 21:00:00,0,0,0
2017-01-28 22:00:00,0,0,0
2017-01-28 23:00:00,0,0,0
2017-01-29 00:00:00,2,1,1
2017-01-29 01:00:00,0,0,0
2017-01-29 02:00:00,0,0,0
2017-01-29 03:00:00,0,0,0
2017-01-29 04:00:00,0,0,0
2017-01-29 05:00:00,0,0,0
2017-01-29 06:00:00,3,1,2
2017-01-29 07:00:00,9,3,6
2017-01-29 08:00:00,31,16,15
2017-01-29 09:00:00,59,36,23
2017-01-29 10:00:00,46,24,22
2017-01-29 11:00:00,53,29,24
2017-01-29 12:00:00,28,13,15
2017-01-29 13:00:00,32,18,14
2017-01-29 14:00:00,34,16,18
2017-01-29 15:00:00,24,13,11
2017-01-29 16:00:00,34,16,18
2017-01-29 17:00:00,23,14,9
2017-01-29 18:00:00,5,4,1
2017-01-29 19:00:00,3,1,2
2017-01-29 20:00:00,2,1,1
2017-01-29 21:00:00,3,2,1
2017-01-29 22:00:00,0,0,0
2017-01-29 23:00:00,0,0,0
2017-01-30 00:00:00,0,0,0
2017-01-30 01:00:00,0,0,0
2017-01-30 02:00:00,0,0,0
2017-01-30 03:00:00,0,0,0
2017-01-30 04:00:00,0,0,0
2017-01-30 05:00:00,1,0,1
2017-01-30 06:00:00,4,2,2
2017-01-30 07:00:00,9,7,2
2017-01-30 08:00:00,23,14,9
2017-01-30 09:00:00,22,13,9
2017-01-30 10:00:00,14,7,7
2017-01-30 11:00:00,11,2,9
2017-01-30 12:00:00,18,7,11
2017-01-30 13:00:00,10,7,3
2017-01-30 14:00:00,8,3,5
2017-01-30 15:00:00,19,6,13
2017-01-30 16:00:00,24,10,14
2017-01-30 17:00:00,25,14,11
2017-01-30 18:00:00,8,3,5
2017-01-30 19:00:00,4,1,3
2017-01-30 20:00:00,4,3,1
2017-01-30 21:00:00,0,0,0
2017-01-30 22:00:00,4,2,2
2017-01-30 23:00:00,0,0,0
2017-01-31 00:00:00,0,0,0
2017-01-31 01:00:00,0,0,0
2017-01-31 02:00:00,0,0,0
2017-01-31 03:00:00,0,0,0
2017-01-31 04:00:00,0,0,0
2017-01-31 05:00:00,1,0,1
2017-01-31 06:00:00,2,2,0
2017-01-31 07:00:00,15,8,7
2017-01-31 08:00:00,24,13,11
2017-01-31 09:00:00,24,10,14
2017-01-31 10:00:00,25,15,10
2017-01-31 11:00:00,31,14,17
2017-01-31 12:00:00,24,12,12
2017-01-31 13:00:00,29,13,16
2017-01-31 14:00:00,23,12,11
2017-01-31 15:00:00,21,11,10
2017-01-31 16:00:00,38,18,20
2017-01-31 17:00:00,21,14,7
2017-01-31 18:00:00,7,2,5
2017-01-31 19:00:00,3,1,2
2017-01-31 20:00:00,1,1,0
2017-01-31 21:00:00,1,0,1
2017-01-31 22:00:00,1,1,0
2017-01-31 23:00:00,0,0,0
2017-02-01 00:00:00,0,0,0
2017-02-01 01:00:00,0,0,0
2017-02-01 02:00:00,0,0,0
2017-02-01 03:00:00,0,0,0
2017-02-01 04:00:00,0,0,0
2017-02-01 05:00:00,1,1,0
2017-02-01 06:00:00,24,19,5
2017-02-01 07:00:00,11,7,4
2017-02-01 08:00:00,15,9,6
2017-02-01 09:00:00,14,8,6
2017-02-01 10:00:00,20,11,9
2017-02-01 11:00:00,18,6,12
2017-02-01 12:00:00,16,6,10
2017-02-01 13:00:00,20,10,10
2017-02-01 14:00:00,29,12,17
2017-02-01 15:00:00,12,6,6
2017-02-01 16:00:00,21,12,9
2017-02-01 17:00:00,16,7,9
2017-02-01 18:00:00,3,2,1
2017-02-01 19:00:00,0,0,0
2017-02-01 20:00:00,0,0,0
2017-02-01 21:00:00,0,0,0
2017-02-01 22:00:00,1,0,1
2017-02-01 23:00:00,3,1,2
2017-02-02 00:00:00,0,0,0
2017-02-02 01:00:00,0,0,0
2017-02-02 02:00:00,0,0,0
2017-02-02 03:00:00,0,0,0
2017-02-02 04:00:00,1,1,0
2017-02-02 05:00:00,2,0,2
2017-02-02 06:00:00,10,5,5
2017-02-02 07:00:00,26,20,6
2017-02-02 08:00:00,19,10,9
2017-02-02 09:00:00,16,10,6
2017-02-02 10:00:00,25,11,14
2017-02-02 11:00:00,31,16,15
2017-02-02 12:00:00,30,16,14
2017-02-02 13:00:00,15,8,7
2017-02-02 14:00:00,23,12,11
2017-02-02 15:00:00,17,10,7
2017-02-02 16:00:00,34,13,21
2017-02-02 17:00:00,18,8,10
2017-02-02 18:00:00,7,2,5
2017-02-02 19:00:00,3,2,1
2017-02-02 20:00:00,0,0,0
2017-02-02 21:00:00,0,0,0
2017-02-02 22:00:00,0,0,0
2017-02-02 23:00:00,0,0,0
2017-02-03 00:00:00,0,0,0
2017-02-03 01:00:00,0,0,0
2017-02-03 02:00:00,0,0,0
2017-02-03 03:00:00,0,0,0
2017-02-03 04:00:00,0,0,0
2017-02-03 05:00:00,1,0,1
2017-02-03 06:00:00,4,2,2
2017-02-03 07:00:00,8,6,2
2017-02-03 08:00:00,13,5,8
2017-02-03 09:00:00,9,6,3
2017-02-03 10:00:00,16,9,7
2017-02-03 11:00:00,12,4,8
2017-02-03 12:00:00,15,8,7
2017-02-03 13:00:00,16,10,6
2017-02-03 14:00:00,6,3,3
2017-02-03 15:00:00,11,6,5
2017-02-03 16:00:00,22,10,12
2017-02-03 17:00:00,4,2,2
2017-02-03 18:00:00,2,1,1
2017-02-03 19:00:00,1,0,1
2017-02-03 20:00:00,2,1,1
2017-02-03 21:00:00,5,3,2
2017-02-03 22:00:00,8,4,4
2017-02-03 23:00:00,1,1,0
2017-02-04 00:00:00,1,1,0
2017-02-04 01:00:00,0,0,0
2017-02-04 02:00:00,0,0,0
2017-02-04 03:00:00,0,0,0
2017-02-04 04:00:00,0,0,0
2017-02-04 05:00:00,1,1,0
2017-02-04 06:00:00,4,3,1
2017-02-04 07:00:00,13,5,8
2017-02-04 08:00:00,35,15,20
2017-02-04 09:00:00,38,22,16
2017-02-04 10:00:00,34,19,15
2017-02-04 11:00:00,31,14,17
2017-02-04 12:00:00,26,16,10
2017-02-04 13:00:00,11,7,4
2017-02-04 14:00:00,22,7,15
2017-02-04 15:00:00,17,9,8
2017-02-04 16:00:00,19,12,7
2017-02-04 17:00:00,14,5,9
2017-02-04 18:00:00,8,5,3
2017-02-04 19:00:00,0,0,0
2017-02-04 20:00:00,1,1,0
2017-02-04 21:00:00,4,2,2
2017-02-04 22:00:00,0,0,0
2017-02-04 23:00:00,0,0,0
2017-02-05 00:00:00,1,0,1
2017-02-05 01:00:00,0,0,0
2017-02-05 02:00:00,0,0,0
2017-02-05 03:00:00,1,0,1
2017-02-05 04:00:00,0,0,0
2017-02-05 05:00:00,0,0,0
2017-02-05 06:00:00,1,1,0
2017-02-05 07:00:00,7,4,3
2017-02-05 08:00:00,29,10,19
2017-02-05 09:00:00,40,20,20
2017-02-05 10:00:00,62,33,29
2017-02-05 11:00:00,54,28,26
2017-02-05 12:00:00,48,24,24
2017-02-05 13:00:00,28,13,15
2017-02-05 14:00:00,27,14,13
2017-02-05 15:00:00,16,9,7
2017-02-05 16:00:00,11,7,4
2017-02-05 17:00:00,6,3,3
2017-02-05 18:00:00,0,0,0
2017-02-05 19:00:00,0,0,0
2017-02-05 20:00:00,1,0,1
2017-02-05 21:00:00,3,2,1
2017-02-05 22:00:00,0,0,0
2017-02-05 23:00:00,2,1,1
2017-02-06 00:00:00,0,0,0
2017-02-06 01:00:00,0,0,0
2017-02-06 02:00:00,0,0,0
2017-02-06 03:00:00,0,0,0
2017-02-06 04:00:00,1,1,0
2017-02-06 05:00:00,0,0,0
2017-02-06 06:00:00,6,2,4
2017-02-06 07:00:00,9,6,3
2017-02-06 08:00:00,14,7,7
2017-02-06 09:00:00,9,4,5
2017-02-06 10:00:00,18,10,8
2017-02-06 11:00:00,9,5,4
2017-02-06 12:00:00,12,7,5
2017-02-06 13:00:00,9,4,5
2017-02-06 14:00:00,14,6,8
2017-02-06 15:00:00,10,4,6
2017-02-06 16:00:00,20,11,9
2017-02-06 17:00:00,17,9,8
2017-02-06 18:00:00,3,0,3
2017-02-06 19:00:00,3,1,2
2017-02-06 20:00:00,2,1,1
2017-02-06 21:00:00,0,0,0
2017-02-06 22:00:00,0,0,0
2017-02-06 23:00:00,0,0,0
2017-02-07 00:00:00,4,3,1
2017-02-07 01:00:00,0,0,0
2017-02-07 02:00:00,0,0,0
2017-02-07 03:00:00,0,0,0
2017-02-07 04:00:00,0,0,0
2017-02-07 05:00:00,2,2,0
2017-02-07 06:00:00,4,2,2
2017-02-07 07:00:00,17,12,5
2017-02-07 08:00:00,16,11,5
2017-02-07 09:00:00,12,5,7
2017-02-07 10:00:00,13,7,6
2017-02-07 11:00:00,21,8,13
2017-02-07 12:00:00,16,10,6
2017-02-07 13:00:00,22,8,14
2017-02-07 14:00:00,23,16,7
2017-02-07 15:00:00,14,6,8
2017-02-07 16:00:00,30,10,20
2017-02-07 17:00:00,18,10,8
2017-02-07 18:00:00,7,5,2
2017-02-07 19:00:00,1,1,0
2017-02-07 20:00:00,5,3,2
2017-02-07 21:00:00,1,0,1
2017-02-07 22:00:00,0,0,0
2017-02-07 23:00:00,0,0,0
2017-02-08 00:00:00,0,0,0
2017-02-08 01:00:00,0,0,0
2017-02-08 02:00:00,0,0,0
2017-02-08 03:00:00,0,0,0
2017-02-08 04:00:00,0,0,0
2017-02-08 05:00:00,2,0,2
2017-02-08 06:00:00,8,5,3
2017-02-08 07:00:00,5,3,2
2017-02-08 08:00:00,11,5,6
2017-02-08 09:00:00,29,15,14
2017-02-08 10:00:00,15,7,8
2017-02-08 11:00:00,15,5,10
2017-02-08 12:00:00,14,8,6
2017-02-08 13:00:00,5,3,2
2017-02-08 14:00:00,9,4,5
2017-02-08 15:00:00,4,1,3
2017-02-08 16:00:00,28,14,14
2017-02-08 17:00:00,5,2,3
2017-02-08 18:00:00,8,4,4
2017-02-08 19:00:00,1,0,1
2017-02-08 20:00:00,1,0,1
2017-02-08 21:00:00,1,0,1
2017-02-08 22:00:00,3,1,2
2017-02-08 23:00:00,1,1,0
2017-02-09 00:00:00,0,0,0
2017-02-09 01:00:00,0,0,0
2017-02-09 02:00:00,0,0,0
2017-02-09 03:00:00,0,0,0
2017-02-09 04:00:00,0,0,0
2017-02-09 05:00:00,0,0,0
2017-02-09 06:00:00,0,0,0
2017-02-09 07:00:00,5,3,2
2017-02-09 08:00:00,9,2,7
2017-02-09 09:00:00,12,7,5
2017-02-09 10:00:00,7,4,3
2017-02-09 11:00:00,8,3,5
2017-02-09 12:00:00,14,9,5
2017-02-09 13:00:00,19,8,11
2017-02-09 14:00:00,23,9,14
2017-02-09 15:00:00,15,10,5
2017-02-09 16:00:00,17,8,9
2017-02-09 17:00:00,21,8,13
2017-02-09 18:00:00,6,5,1
2017-02-09 19:00:00,0,0,0
2017-02-09 20:00:00,3,2,1
2017-02-09 21:00:00,0,0,0
2017-02-09 22:00:00,1,0,1
2017-02-09 23:00:00,0,0,0
2017-02-10 00:00:00,0,0,0
2017-02-10 01:00:00,0,0,0
2017-02-10 02:00:00,0,0,0
2017-02-10 03:00:00,0,0,0
2017-02-10 04:00:00,0,0,0
2017-02-10 05:00:00,0,0,0
2017-02-10 06:00:00,5,2,3
2017-02-10 07:00:00,7,5,2
2017-02-10 08:00:00,15,5,10
2017-02-10 09:00:00,30,17,13
2017-02-10 10:00:00,21,10,11
2017-02-10 11:00:00,17,9,8
2017-02-10 12:00:00,11,7,4
2017-02-10 13:00:00,7,4,3
2017-02-10 14:00:00,15,5,10
2017-02-10 15:00:00,18,11,7
2017-02-10 16:00:00,21,10,11
2017-02-10 17:00:00,19,11,8
2017-02-10 18:00:00,6,2,4
2017-02-10 19:00:00,4,2,2
2017-02-10 20:00:00,0,0,0
2017-02-10 21:00:00,1,0,1
2017-02-10 22:00:00,1,1,0
2017-02-10 23:00:00,0,0,0
2017-02-11 00:00:00,0,0,0
2017-02-11 01:00:00,0,0,0
2017-02-11 02:00:00,0,0,0
2017-02-11 03:00:00,0,0,0
2017-02-11 04:00:00,0,0,0
2017-02-11 05:00:00,2,1,1
2017-02-11 06:00:00,2,1,1
2017-02-11 07:00:00,12,3,9
2017-02-11 08:00:00,65,42,23
2017-02-11 09:00:00,54,21,33
2017-02-11 10:00:00,51,25,26
2017-02-11 11:00:00,60,29,31
2017-02-11 12:00:00,53,24,29
2017-02-11 13:00:00,47,27,20
2017-02-11 14:00:00,41,18,23
2017-02-11 15:00:00,54,27,27
2017-02-11 16:00:00,50,31,19
2017-02-11 17:00:00,18,11,7
2017-02-11 18:00:00,4,3,1
2017-02-11 19:00:00,1,0,1
2017-02-11 20:00:00,2,1,1
2017-02-11 21:00:00,0,0,0
2017-02-11 22:00:00,2,1,1
2017-02-11 23:00:00,0,0,0
2017-02-12 00:00:00,0,0,0
2017-02-12 01:00:00,0,0,0
2017-02-12 02:00:00,0,0,0
2017-02-12 03:00:00,0,0,0
2017-02-12 04:00:00,0,0,0
2017-02-12 05:00:00,0,0,0
2017-02-12 06:00:00,1,1,0
2017-02-12 07:00:00,5,1,4
2017-02-12 08:00:00,41,21,20
2017-02-12 09:00:00,37,15,22
2017-02-12 10:00:00,51,25,26
2017-02-12 11:00:00,56,23,33
2017-02-12 12:00:00,49,24,25
2017-02-12 13:00:00,49,25,24
2017-02-12 14:00:00,55,28,27
2017-02-12 15:00:00,63,29,34
2017-02-12 16:00:00,56,29,27
2017-02-12 17:00:00,26,16,10
2017-02-12 18:00:00,2,1,1
2017-02-12 19:00:00,2,1,1
2017-02-12 20:00:00,2,1,1
2017-02-12 21:00:00,0,0,0
2017-02-12 22:00:00,0,0,0
2017-02-12 23:00:00,0,0,0
2017-02-13 00:00:00,0,0,0
2017-02-13 01:00:00,0,0,0
2017-02-13 02:00:00,0,0,0
2017-02-13 03:00:00,0,0,0
2017-02-13 04:00:00,0,0,0
2017-02-13 05:00:00,2,0,2
2017-02-13 06:00:00,5,2,3
2017-02-13 07:00:00,10,7,3
2017-02-13 08:00:00,13,8,5
2017-02-13 09:00:00,19,9,10
2017-02-13 10:00:00,17,7,10
2017-02-13 11:00:00,17,10,7
2017-02-13 12:00:00,34,16,18
2017-02-13 13:00:00,32,14,18
2017-02-13 14:00:00,38,20,18
2017-02-13 15:00:00,33,16,17
2017-02-13 16:00:00,42,17,25
2017-02-13 17:00:00,27,20,7
2017-02-13 18:00:00,18,9,9
2017-02-13 19:00:00,2,1,1
2017-02-13 20:00:00,0,0,0
2017-02-13 21:00:00,0,0,0
2017-02-13 22:00:00,0,0,0
2017-02-13 23:00:00,0,0,0
2017-02-14 00:00:00,0,0,0
2017-02-14 01:00:00,0,0,0
2017-02-14 02:00:00,0,0,0
2017-02-14 03:00:00,0,0,0
2017-02-14 04:00:00,0,0,0
2017-02-14 05:00:00,2,0,2
2017-02-14 06:00:00,8,5,3
2017-02-14 07:00:00,19,10,9
2017-02-14 08:00:00,20,8,12
2017-02-14 09:00:00,18,12,6
2017-02-14 10:00:00,19,7,12
2017-02-14 11:00:00,18,8,10
2017-02-14 12:00:00,9,5,4
2017-02-14 13:00:00,20,6,14
2017-02-14 14:00:00,24,14,10
2017-02-14 15:00:00,22,12,10
2017-02-14 16:00:00,27,11,16
2017-02-14 17:00:00,19,10,9
2017-02-14 18:00:00,6,4,2
2017-02-14 19:00:00,0,0,0
2017-02-14 20:00:00,1,0,1
2017-02-14 21:00:00,0,0,0
2017-02-14 22:00:00,2,1,1
2017-02-14 23:00:00,1,1,0
2017-02-15 00:00:00,0,0,0
2017-02-15 01:00:00,0,0,0
2017-02-15 02:00:00,0,0,0
2017-02-15 03:00:00,0,0,0
2017-02-15 04:00:00,0,0,0
2017-02-15 05:00:00,1,0,1
2017-02-15 06:00:00,6,3,3
2017-02-15 07:00:00,10,8,2
2017-02-15 08:00:00,23,11,12
2017-02-15 09:00:00,20,12,8
2017-02-15 10:00:00,15,9,6
2017-02-15 11:00:00,8,3,5
2017-02-15 12:00:00,5,5,0
2017-02-15 13:00:00,6,3,3
2017-02-15 14:00:00,6,2,4
2017-02-15 15:00:00,8,5,3
2017-02-15 16:00:00,9,4,5
2017-02-15 17:00:00,6,3,3
2017-02-15 18:00:00,3,1,2
2017-02-15 19:00:00,2,1,1
2017-02-15 20:00:00,0,0,0
2017-02-15 21:00:00,0,0,0
2017-02-15 22:00:00,0,0,0
2017-02-15 23:00:00,0,0,0
2017-02-16 00:00:00,0,0,0
2017-02-16 01:00:00,0,0,0
2017-02-16 02:00:00,0,0,0
2017-02-16 03:00:00,0,0,0
2017-02-16 04:00:00,0,0,0
2017-02-16 05:00:00,0,0,0
2017-02-16 06:00:00,1,1,0
2017-02-16 07:00:00,11,6,5
2017-02-16 08:00:00,28,16,12
2017-02-16 09:00:00,34,16,18
2017-02-16 10:00:00,22,10,12
2017-02-16 11:00:00,24,13,11
2017-02-16 12:00:00,22,11,11
2017-02-16 13:00:00,25,9,16
2017-02-16 14:00:00,30,17,13
2017-02-16 15:00:00,19,12,7
2017-02-16 16:00:00,34,15,19
2017-02-16 17:00:00,39,20,19
2017-02-16 18:00:00,16,9,7
2017-02-16 19:00:00,3,2,1
2017-02-16 20:00:00,3,1,2
2017-02-16 21:00:00,3,2,1
2017-02-16 22:00:00,2,1,1
2017-02-16 23:00:00,4,2,2
2017-02-17 00:00:00,1,1,0
2017-02-17 01:00:00,4,2,2
2017-02-17 02:00:00,0,0,0
2017-02-17 03:00:00,0,0,0
2017-02-17 04:00:00,0,0,0
2017-02-17 05:00:00,0,0,0
2017-02-17 06:00:00,7,4,3
2017-02-17 07:00:00,12,8,4
2017-02-17 08:00:00,20,10,10
2017-02-17 09:00:00,22,12,10
2017-02-17 10:00:00,41,22,19
2017-02-17 11:00:00,33,17,16
2017-02-17 12:00:00,37,18,19
2017-02-17 13:00:00,31,15,16
2017-02-17 14:00:00,47,26,21
2017-02-17 15:00:00,42,23,19
2017-02-17 16:00:00,24,12,12
2017-02-17 17:00:00,14,8,6
2017-02-17 18:00:00,4,2,2
2017-02-17 19:00:00,2,1,1
2017-02-17 20:00:00,2,1,1
2017-02-17 21:00:00,3,2,1
2017-02-17 22:00:00,1,0,1
2017-02-17 23:00:00,0,0,0
2017-02-18 00:00:00,0,0,0
2017-02-18 01:00:00,0,0,0
2017-02-18 02:00:00,0,0,0
2017-02-18 03:00:00,0,0,0
2017-02-18 04:00:00,0,0,0
2017-02-18 05:00:00,0,0,0
2017-02-18 06:00:00,0,0,0
2017-02-18 07:00:00,11,3,8
2017-02-18 08:00:00,26,11,15
2017-02-18 09:00:00,35,14,21
2017-02-18 10:00:00,35,17,18
2017-02-18 11:00:00,44,25,19
2017-02-18 12:00:00,18,12,6
2017-02-18 13:00:00,12,7,5
2017-02-18 14:00:00,14,8,6
2017-02-18 15:00:00,13,5,8
2017-02-18 16:00:00,20,10,10
2017-02-18 17:00:00,12,5,7
2017-02-18 18:00:00,3,1,2
2017-02-18 19:00:00,3,2,1
2017-02-18 20:00:00,5,2,3
2017-02-18 21:00:00,0,0,0
2017-02-18 22:00:00,0,0,0
2017-02-18 23:00:00,2,1,1
2017-02-19 00:00:00,0,0,0
2017-02-19 01:00:00,0,0,0
2017-02-19 02:00:00,2,1,1
2017-02-19 03:00:00,0,0,0
2017-02-19 04:00:00,0,0,0
2017-02-19 05:00:00,0,0,0
2017-02-19 06:00:00,0,0,0
2017-02-19 07:00:00,8,3,5
2017-02-19 08:00:00,17,8,9
2017-02-19 09:00:00,24,12,12
2017-02-19 10:00:00,48,25,23
2017-02-19 11:00:00,39,20,19
2017-02-19 12:00:00,34,16,18
2017-02-19 13:00:00,21,12,9
2017-02-19 14:00:00,14,9,5
2017-02-19 15:00:00,16,8,8
2017-02-19 16:00:00,11,5,6
2017-02-19 17:00:00,8,4,4
2017-02-19 18:00:00,6,3,3
2017-02-19 19:00:00,1,0,1
2017-02-19 20:00:00,3,2,1
2017-02-19 21:00:00,3,2,1
2017-02-19 22:00:00,0,0,0
2017-02-19 23:00:00,0,0,0
2017-02-20 00:00:00,0,0,0
2017-02-20 01:00:00,0,0,0
2017-02-20 02:00:00,0,0,0
2017-02-20 03:00:00,0,0,0
2017-02-20 04:00:00,0,0,0
2017-02-20 05:00:00,0,0,0
2017-02-20 06:00:00,4,1,3
2017-02-20 07:00:00,4,2,2
2017-02-20 08:00:00,13,5,8
2017-02-20 09:00:00,15,9,6
2017-02-20 10:00:00,16,9,7
2017-02-20 11:00:00,15,5,10
2017-02-20 12:00:00,17,9,8
2017-02-20 13:00:00,19,12,7
2017-02-20 14:00:00,11,4,7
2017-02-20 15:00:00,11,6,5
2017-02-20 16:00:00,29,13,16
2017-02-20 17:00:00,15,11,4
2017-02-20 18:00:00,7,3,4
2017-02-20 19:00:00,5,2,3
2017-02-20 20:00:00,1,1,0
2017-02-20 21:00:00,0,0,0
2017-02-20 22:00:00,0,0,0
2017-02-20 23:00:00,0,0,0
2017-02-21 00:00:00,0,0,0
2017-02-21 01:00:00,0,0,0
2017-02-21 02:00:00,0,0,0
2017-02-21 03:00:00,0,0,0
2017-02-21 04:00:00,1,1,0
2017-02-21 05:00:00,1,0,1
2017-02-21 06:00:00,5,4,1
2017-02-21 07:00:00,17,8,9
2017-02-21 08:00:00,16,10,6
2017-02-21 09:00:00,20,9,11
2017-02-21 10:00:00,16,7,9
2017-02-21 11:00:00,13,5,8
2017-02-21 12:00:00,18,8,10
2017-02-21 13:00:00,20,8,12
2017-02-21 14:00:00,16,9,7
2017-02-21 15:00:00,14,7,7
2017-02-21 16:00:00,30,14,16
2017-02-21 17:00:00,23,11,12
2017-02-21 18:00:00,4,3,1
2017-02-21 19:00:00,1,1,0
2017-02-21 20:00:00,0,0,0
2017-02-21 21:00:00,0,0,0
2017-02-21 22:00:00,1,0,1
2017-02-21 23:00:00,1,1,0
2017-02-22 00:00:00,0,0,0
2017-02-22 01:00:00,0,0,0
2017-02-22 02:00:00,0,0,0
2017-02-22 03:00:00,0,0,0
2017-02-22 04:00:00,0,0,0
2017-02-22 05:00:00,3,1,2
2017-02-22 06:00:00,11,5,6
2017-02-22 07:00:00,9,7,2
2017-02-22 08:00:00,24,12,12
2017-02-22 09:00:00,24,11,13
2017-02-22 10:00:00,21,14,7
2017-02-22 11:00:00,14,7,7
2017-02-22 12:00:00,23,10,13
2017-02-22 13:00:00,22,11,11
2017-02-22 14:00:00,30,14,16
2017-02-22 15:00:00,11,4,7
2017-02-22 16:00:00,32,14,18
2017-02-22 17:00:00,18,10,8
2017-02-22 18:00:00,12,8,4
2017-02-22 19:00:00,2,1,1
2017-02-22 20:00:00,2,0,2
2017-02-22 21:00:00,1,1,0
2017-02-22 22:00:00,1,1,0
2017-02-22 23:00:00,2,1,1
2017-02-23 00:00:00,0,0,0
2017-02-23 01:00:00,0,0,0
2017-02-23 02:00:00,0,0,0
2017-02-23 03:00:00,0,0,0
2017-02-23 04:00:00,1,1,0
2017-02-23 05:00:00,0,0,0
2017-02-23 06:00:00,3,1,2
2017-02-23 07:00:00,12,8,4
2017-02-23 08:00:00,17,10,7
2017-02-23 09:00:00,15,8,7
2017-02-23 10:00:00,23,13,10
2017-02-23 11:00:00,16,8,8
2017-02-23 12:00:00,13,8,5
2017-02-23 13:00:00,13,7,6
2017-02-23 14:00:00,16,8,8
2017-02-23 15:00:00,26,11,15
2017-02-23 16:00:00,26,9,17
2017-02-23 17:00:00,32,18,14
2017-02-23 18:00:00,7,3,4
2017-02-23 19:00:00,5,3,2
2017-02-23 20:00:00,1,0,1
2017-02-23 21:00:00,0,0,0
2017-02-23 22:00:00,0,0,0
2017-02-23 23:00:00,0,0,0
2017-02-24 00:00:00,0,0,0
2017-02-24 01:00:00,0,0,0
2017-02-24 02:00:00,0,0,0
2017-02-24 03:00:00,0,0,0
2017-02-24 04:00:00,0,0,0
2017-02-24 05:00:00,1,0,1
2017-02-24 06:00:00,6,3,3
2017-02-24 07:00:00,3,1,2
2017-02-24 08:00:00,21,10,11
2017-02-24 09:00:00,18,9,9
2017-02-24 10:00:00,11,7,4
2017-02-24 11:00:00,15,8,7
2017-02-24 12:00:00,22,12,10
2017-02-24 13:00:00,16,10,6
2017-02-24 14:00:00,20,7,13
2017-02-24 15:00:00,31,16,15
2017-02-24 16:00:00,43,21,22
2017-02-24 17:00:00,35,21,14
2017-02-24 18:00:00,8,4,4
2017-02-24 19:00:00,3,1,2
2017-02-24 20:00:00,1,1,0
2017-02-24 21:00:00,0,0,0
2017-02-24 22:00:00,1,0,1
2017-02-24 23:00:00,2,1,1
2017-02-25 00:00:00,0,0,0
2017-02-25 01:00:00,0,0,0
2017-02-25 02:00:00,0,0,0
2017-02-25 03:00:00,0,0,0
2017-02-25 04:00:00,0,0,0
2017-02-25 05:00:00,2,2,0
2017-02-25 06:00:00,3,0,3
2017-02-25 07:00:00,27,12,15
2017-02-25 08:00:00,45,24,21
2017-02-25 09:00:00,59,32,27
2017-02-25 10:00:00,56,26,30
2017-02-25 11:00:00,55,26,29
2017-02-25 12:00:00,53,26,27
2017-02-25 13:00:00,35,15,20
2017-02-25 14:00:00,54,29,25
2017-02-25 15:00:00,29,19,10
2017-02-25 16:00:00,28,12,16
2017-02-25 17:00:00,29,20,9
2017-02-25 18:00:00,4,3,1
2017-02-25 19:00:00,5,2,3
2017-02-25 20:00:00,1,1,0
2017-02-25 21:00:00,0,0,0
2017-02-25 22:00:00,0,0,0
2017-02-25 23:00:00,0,0,0
2017-02-26 00:00:00,0,0,0
2017-02-26 01:00:00,0,0,0
2017-02-26 02:00:00,0,0,0
2017-02-26 03:00:00,0,0,0
2017-02-26 04:00:00,0,0,0
2017-02-26 05:00:00,0,0,0
2017-02-26 06:00:00,1,0,1
2017-02-26 07:00:00,5,3,2
2017-02-26 08:00:00,15,6,9
2017-02-26 09:00:00,26,12,14
2017-02-26 10:00:00,30,17,13
2017-02-26 11:00:00,37,19,18
2017-02-26 12:00:00,29,15,14
2017-02-26 13:00:00,34,17,17
2017-02-26 14:00:00,27,14,13
2017-02-26 15:00:00,38,17,21
2017-02-26 16:00:00,34,18,16
2017-02-26 17:00:00,26,14,12
2017-02-26 18:00:00,7,5,2
2017-02-26 19:00:00,0,0,0
2017-02-26 20:00:00,0,0,0
2017-02-26 21:00:00,3,1,2
2017-02-26 22:00:00,3,2,1
2017-02-26 23:00:00,2,1,1
2017-02-27 00:00:00,0,0,0
2017-02-27 01:00:00,0,0,0
2017-02-27 02:00:00,0,0,0
2017-02-27 03:00:00,0,0,0
2017-02-27 04:00:00,0,0,0
2017-02-27 05:00:00,0,0,0
2017-02-27 06:00:00,6,2,4
2017-02-27 07:00:00,2,2,0
2017-02-27 08:00:00,13,7,6
2017-02-27 09:00:00,6,3,3
2017-02-27 10:00:00,6,4,2
2017-02-27 11:00:00,6,2,4
2017-02-27 12:00:00,12,6,6
2017-02-27 13:00:00,15,6,9
2017-02-27 14:00:00,16,7,9
2017-02-27 15:00:00,11,4,7
2017-02-27 16:00:00,12,8,4
2017-02-27 17:00:00,19,8,11
2017-02-27 18:00:00,2,2,0
2017-02-27 19:00:00,9,5,4
2017-02-27 20:00:00,1,1,0
2017-02-27 21:00:00,0,0,0
2017-02-27 22:00:00,0,0,0
2017-02-27 23:00:00,0,0,0
2017-02-28 00:00:00,0,0,0
2017-02-28 01:00:00,0,0,0
2017-02-28 02:00:00,0,0,0
2017-02-28 03:00:00,0,0,0
2017-02-28 04:00:00,0,0,0
2017-02-28 05:00:00,1,0,1
2017-02-28 06:00:00,3,2,1
2017-02-28 07:00:00,13,6,7
2017-02-28 08:00:00,23,12,11
2017-02-28 09:00:00,16,9,7
2017-02-28 10:00:00,21,9,12
2017-02-28 11:00:00,20,10,10
2017-02-28 12:00:00,20,12,8
2017-02-28 13:00:00,24,13,11
2017-02-28 14:00:00,17,8,9
2017-02-28 15:00:00,23,12,11
2017-02-28 16:00:00,31,14,17
2017-02-28 17:00:00,35,17,18
2017-02-28 18:00:00,13,7,6
2017-02-28 19:00:00,2,1,1
2017-02-28 20:00:00,1,0,1
2017-02-28 21:00:00,1,1,0
2017-02-28 22:00:00,0,0,0
2017-02-28 23:00:00,0,0,0
2017-03-01 00:00:00,0,0,0
2017-03-01 01:00:00,0,0,0
2017-03-01 02:00:00,0,0,0
2017-03-01 03:00:00,0,0,0
2017-03-01 04:00:00,0,0,0
2017-03-01 05:00:00,2,1,1
2017-03-01 06:00:00,19,9,10
2017-03-01 07:00:00,17,12,5
2017-03-01 08:00:00,10,3,7
2017-03-01 09:00:00,30,16,14
2017-03-01 10:00:00,19,11,8
2017-03-01 11:00:00,10,4,6
2017-03-01 12:00:00,27,14,13
2017-03-01 13:00:00,12,3,9
2017-03-01 14:00:00,22,12,10
2017-03-01 15:00:00,22,11,11
2017-03-01 16:00:00,18,7,11
2017-03-01 17:00:00,17,12,5
2017-03-01 18:00:00,109,54,55
2017-03-01 19:00:00,4,1,3
2017-03-01 20:00:00,0,0,0
2017-03-01 21:00:00,1,0,1
2017-03-01 22:00:00,1,1,0
2017-03-01 23:00:00,3,2,1
2017-03-02 00:00:00,0,0,0
2017-03-02 01:00:00,0,0,0
2017-03-02 02:00:00,0,0,0
2017-03-02 03:00:00,0,0,0
2017-03-02 04:00:00,0,0,0
2017-03-02 05:00:00,0,0,0
2017-03-02 06:00:00,7,3,4
2017-03-02 07:00:00,13,8,5
2017-03-02 08:00:00,14,8,6
2017-03-02 09:00:00,24,10,14
2017-03-02 10:00:00,16,9,7
2017-03-02 11:00:00,13,5,8
2017-03-02 12:00:00,14,9,5
2017-03-02 13:00:00,5,2,3
2017-03-02 14:00:00,21,11,10
2017-03-02 15:00:00,13,6,7
2017-03-02 16:00:00,29,9,20
2017-03-02 17:00:00,37,23,14
2017-03-02 18:00:00,9,5,4
2017-03-02 19:00:00,3,1,2
2017-03-02 20:00:00,3,1,2
2017-03-02 21:00:00,1,1,0
2017-03-02 22:00:00,0,0,0
2017-03-02 23:00:00,0,0,0
2017-03-03 00:00:00,0,0,0
2017-03-03 01:00:00,0,0,0
2017-03-03 02:00:00,0,0,0
2017-03-03 03:00:00,0,0,0
2017-03-03 04:00:00,0,0,0
2017-03-03 05:00:00,1,0,1
2017-03-03 06:00:00,9,5,4
2017-03-03 07:00:00,12,9,3
2017-03-03 08:00:00,21,8,13
2017-03-03 09:00:00,15,8,7
2017-03-03 10:00:00,20,11,9
2017-03-03 11:00:00,22,9,13
2017-03-03 12:00:00,11,8,3
2017-03-03 13:00:00,7,5,2
2017-03-03 14:00:00,19,8,11
2017-03-03 15:00:00,5,3,2
2017-03-03 16:00:00,7,3,4
2017-03-03 17:00:00,9,2,7
2017-03-03 18:00:00,7,4,3
2017-03-03 19:00:00,1,1,0
2017-03-03 20:00:00,3,2,1
2017-03-03 21:00:00,2,2,0
2017-03-03 22:00:00,1,0,1
2017-03-03 23:00:00,0,0,0
2017-03-04 00:00:00,1,1,0
2017-03-04 01:00:00,0,0,0
2017-03-04 02:00:00,0,0,0
2017-03-04 03:00:00,2,0,2
2017-03-04 04:00:00,0,0,0
2017-03-04 05:00:00,0,0,0
2017-03-04 06:00:00,3,0,3
2017-03-04 07:00:00,16,7,9
2017-03-04 08:00:00,37,12,25
2017-03-04 09:00:00,48,25,23
2017-03-04 10:00:00,70,36,34
2017-03-04 11:00:00,49,29,20
2017-03-04 12:00:00,56,19,37
2017-03-04 13:00:00,39,22,17
2017-03-04 14:00:00,32,15,17
2017-03-04 15:00:00,43,25,18
2017-03-04 16:00:00,31,20,11
2017-03-04 17:00:00,18,8,10
2017-03-04 18:00:00,10,5,5
2017-03-04 19:00:00,1,1,0
2017-03-04 20:00:00,0,0,0
2017-03-04 21:00:00,1,1,0
2017-03-04 22:00:00,1,1,0
2017-03-04 23:00:00,0,0,0
2017-03-05 00:00:00,0,0,0
2017-03-05 01:00:00,0,0,0
2017-03-05 02:00:00,0,0,0
2017-03-05 03:00:00,0,0,0
2017-03-05 04:00:00,0,0,0
2017-03-05 05:00:00,1,0,1
2017-03-05 06:00:00,3,1,2
2017-03-05 07:00:00,15,4,11
2017-03-05 08:00:00,51,34,17
2017-03-05 09:00:00,59,23,36
2017-03-05 10:00:00,49,24,25
2017-03-05 11:00:00,44,19,25
2017-03-05 12:00:00,26,15,11
2017-03-05 13:00:00,36,19,17
2017-03-05 14:00:00,25,15,10
2017-03-05 15:00:00,32,13,19
2017-03-05 16:00:00,21,11,10
2017-03-05 17:00:00,12,7,5
2017-03-05 18:00:00,6,3,3
2017-03-05 19:00:00,4,3,1
2017-03-05 20:00:00,2,1,1
2017-03-05 21:00:00,4,1,3
2017-03-05 22:00:00,1,1,0
2017-03-05 23:00:00,2,1,1
2017-03-06 00:00:00,0,0,0
2017-03-06 01:00:00,0,0,0
2017-03-06 02:00:00,0,0,0
2017-03-06 03:00:00,0,0,0
2017-03-06 04:00:00,0,0,0
2017-03-06 05:00:00,1,0,1
2017-03-06 06:00:00,6,2,4
2017-03-06 07:00:00,16,11,5
2017-03-06 08:00:00,12,6,6
2017-03-06 09:00:00,12,7,5
2017-03-06 10:00:00,14,5,9
2017-03-06 11:00:00,14,7,7
2017-03-06 12:00:00,30,15,15
2017-03-06 13:00:00,15,5,10
2017-03-06 14:00:00,28,13,15
2017-03-06 15:00:00,27,15,12
2017-03-06 16:00:00,32,14,18
2017-03-06 17:00:00,20,10,10
2017-03-06 18:00:00,12,4,8
2017-03-06 19:00:00,6,4,2
2017-03-06 20:00:00,3,2,1
2017-03-06 21:00:00,2,1,1
2017-03-06 22:00:00,1,0,1
2017-03-06 23:00:00,0,0,0
2017-03-07 00:00:00,0,0,0
2017-03-07 01:00:00,0,0,0
2017-03-07 02:00:00,0,0,0
2017-03-07 03:00:00,0,0,0
2017-03-07 04:00:00,0,0,0
2017-03-07 05:00:00,1,1,0
2017-03-07 06:00:00,9,4,5
2017-03-07 07:00:00,12,6,6
2017-03-07 08:00:00,16,10,6
2017-03-07 09:00:00,18,9,9
2017-03-07 10:00:00,7,3,4
2017-03-07 11:00:00,8,5,3
2017-03-07 12:00:00,6,3,3
2017-03-07 13:00:00,10,4,6
2017-03-07 14:00:00,12,4,8
2017-03-07 15:00:00,7,5,2
2017-03-07 16:00:00,7,3,4
2017-03-07 17:00:00,21,9,12
2017-03-07 18:00:00,17,9,8
2017-03-07 19:00:00,3,2,1
2017-03-07 20:00:00,5,1,4
2017-03-07 21:00:00,0,0,0
2017-03-07 22:00:00,1,1,0
2017-03-07 23:00:00,0,0,0
2017-03-08 00:00:00,0,0,0
2017-03-08 01:00:00,0,0,0
2017-03-08 02:00:00,0,0,0
2017-03-08 03:00:00,0,0,0
2017-03-08 04:00:00,0,0,0
2017-03-08 05:00:00,5,1,4
2017-03-08 06:00:00,6,5,1
2017-03-08 07:00:00,15,9,6
2017-03-08 08:00:00,13,8,5
2017-03-08 09:00:00,26,12,14
2017-03-08 10:00:00,21,7,14
2017-03-08 11:00:00,21,9,12
2017-03-08 12:00:00,19,13,6
2017-03-08 13:00:00,22,9,13
2017-03-08 14:00:00,16,7,9
2017-03-08 15:00:00,11,4,7
2017-03-08 16:00:00,15,5,10
2017-03-08 17:00:00,20,9,11
2017-03-08 18:00:00,9,4,5
2017-03-08 19:00:00,3,2,1
2017-03-08 20:00:00,2,1,1
2017-03-08 21:00:00,2,2,0
2017-03-08 22:00:00,0,0,0
2017-03-08 23:00:00,0,0,0
2017-03-09 00:00:00,0,0,0
2017-03-09 01:00:00,0,0,0
2017-03-09 02:00:00,0,0,0
2017-03-09 03:00:00,0,0,0
2017-03-09 04:00:00,1,1,0
2017-03-09 05:00:00,1,0,1
2017-03-09 06:00:00,15,8,7
2017-03-09 07:00:00,21,13,8
2017-03-09 08:00:00,12,8,4
2017-03-09 09:00:00,18,9,9
2017-03-09 10:00:00,26,16,10
2017-03-09 11:00:00,14,7,7
2017-03-09 12:00:00,11,5,6
2017-03-09 13:00:00,15,4,11
2017-03-09 14:00:00,9,5,4
2017-03-09 15:00:00,10,6,4
2017-03-09 16:00:00,12,7,5
2017-03-09 17:00:00,7,2,5
2017-03-09 18:00:00,6,2,4
2017-03-09 19:00:00,3,1,2
2017-03-09 20:00:00,3,2,1
2017-03-09 21:00:00,0,0,0
2017-03-09 22:00:00,1,0,1
2017-03-09 23:00:00,0,0,0
2017-03-10 00:00:00,0,0,0
2017-03-10 01:00:00,0,0,0
2017-03-10 02:00:00,0,0,0
2017-03-10 03:00:00,0,0,0
2017-03-10 04:00:00,1,1,0
2017-03-10 05:00:00,1,0,1
2017-03-10 06:00:00,7,4,3
2017-03-10 07:00:00,13,4,9
2017-03-10 08:00:00,20,12,8
2017-03-10 09:00:00,17,5,12
2017-03-10 10:00:00,32,19,13
2017-03-10 11:00:00,32,17,15
2017-03-10 12:00:00,19,6,13
2017-03-10 13:00:00,36,19,17
2017-03-10 14:00:00,16,7,9
2017-03-10 15:00:00,20,9,11
2017-03-10 16:00:00,35,20,15
2017-03-10 17:00:00,33,15,18
2017-03-10 18:00:00,9,5,4
2017-03-10 19:00:00,3,1,2
2017-03-10 20:00:00,3,2,1
2017-03-10 21:00:00,0,0,0
2017-03-10 22:00:00,3,1,2
2017-03-10 23:00:00,3,1,2
2017-03-11 00:00:00,1,1,0
2017-03-11 01:00:00,0,0,0
2017-03-11 02:00:00,0,0,0
2017-03-11 03:00:00,0,0,0
2017-03-11 04:00:00,0,0,0
2017-03-11 05:00:00,1,0,1
2017-03-11 06:00:00,5,2,3
2017-03-11 07:00:00,15,6,9
2017-03-11 08:00:00,38,15,23
2017-03-11 09:00:00,34,17,17
2017-03-11 10:00:00,30,14,16
2017-03-11 11:00:00,23,13,10
2017-03-11 12:00:00,8,4,4
2017-03-11 13:00:00,33,18,15
2017-03-11 14:00:00,27,14,13
2017-03-11 15:00:00,33,21,12
2017-03-11 16:00:00,35,16,19
2017-03-11 17:00:00,24,15,9
2017-03-11 18:00:00,9,6,3
2017-03-11 19:00:00,2,0,2
2017-03-11 20:00:00,1,0,1
2017-03-11 21:00:00,1,1,0
2017-03-11 22:00:00,2,2,0
2017-03-11 23:00:00,0,0,0
2017-03-12 00:00:00,0,0,0
2017-03-12 01:00:00,3,1,2
2017-03-12 02:00:00,0,0,0
2017-03-12 03:00:00,1,1,0
2017-03-12 04:00:00,1,0,1
2017-03-12 05:00:00,0,0,0
2017-03-12 06:00:00,0,0,0
2017-03-12 07:00:00,6,2,4
2017-03-12 08:00:00,34,16,18
2017-03-12 09:00:00,33,13,20
2017-03-12 10:00:00,63,30,33
2017-03-12 11:00:00,45,20,25
2017-03-12 12:00:00,60,26,34
2017-03-12 13:00:00,57,30,27
2017-03-12 14:00:00,24,14,10
2017-03-12 15:00:00,27,13,14
2017-03-12 16:00:00,44,22,22
2017-03-12 17:00:00,31,17,14
2017-03-12 18:00:00,20,9,11
2017-03-12 19:00:00,12,5,7
2017-03-12 20:00:00,2,1,1
2017-03-12 21:00:00,4,3,1
2017-03-12 22:00:00,0,0,0
2017-03-12 23:00:00,0,0,0
2017-03-13 00:00:00,0,0,0
2017-03-13 01:00:00,0,0,0
2017-03-13 02:00:00,0,0,0
2017-03-13 03:00:00,1,0,1
2017-03-13 04:00:00,0,0,0
2017-03-13 05:00:00,1,0,1
2017-03-13 06:00:00,2,1,1
2017-03-13 07:00:00,8,5,3
2017-03-13 08:00:00,7,5,2
2017-03-13 09:00:00,25,9,16
2017-03-13 10:00:00,19,12,7
2017-03-13 11:00:00,12,5,7
2017-03-13 12:00:00,18,10,8
2017-03-13 13:00:00,6,4,2
2017-03-13 14:00:00,13,5,8
2017-03-13 15:00:00,7,3,4
2017-03-13 16:00:00,17,10,7
2017-03-13 17:00:00,28,13,15
2017-03-13 18:00:00,19,8,11
2017-03-13 19:00:00,5,4,1
2017-03-13 20:00:00,2,0,2
2017-03-13 21:00:00,1,1,0
2017-03-13 22:00:00,0,0,0
2017-03-13 23:00:00,0,0,0
2017-03-14 00:00:00,0,0,0
2017-03-14 01:00:00,0,0,0
2017-03-14 02:00:00,0,0,0
2017-03-14 03:00:00,0,0,0
2017-03-14 04:00:00,0,0,0
2017-03-14 05:00:00,0,0,0
2017-03-14 06:00:00,2,1,1
2017-03-14 07:00:00,11,5,6
2017-03-14 08:00:00,25,15,10
2017-03-14 09:00:00,28,16,12
2017-03-14 10:00:00,14,7,7
2017-03-14 11:00:00,21,12,9
2017-03-14 12:00:00,5,3,2
2017-03-14 13:00:00,3,1,2
2017-03-14 14:00:00,10,4,6
2017-03-14 15:00:00,11,4,7
2017-03-14 16:00:00,22,11,11
2017-03-14 17:00:00,26,13,13
2017-03-14 18:00:00,21,10,11
2017-03-14 19:00:00,7,3,4
2017-03-14 20:00:00,5,3,2
2017-03-14 21:00:00,2,2,0
2017-03-14 22:00:00,2,1,1
2017-03-14 23:00:00,0,0,0
2017-03-15 00:00:00,2,1,1
2017-03-15 01:00:00,0,0,0
2017-03-15 02:00:00,0,0,0
2017-03-15 03:00:00,0,0,0
2017-03-15 04:00:00,0,0,0
2017-03-15 05:00:00,0,0,0
2017-03-15 06:00:00,6,3,3
2017-03-15 07:00:00,14,8,6
2017-03-15 08:00:00,7,3,4
2017-03-15 09:00:00,17,8,9
2017-03-15 10:00:00,10,4,6
2017-03-15 11:00:00,15,4,11
2017-03-15 12:00:00,17,11,6
2017-03-15 13:00:00,18,7,11
2017-03-15 14:00:00,16,10,6
2017-03-15 15:00:00,14,6,8
2017-03-15 16:00:00,25,12,13
2017-03-15 17:00:00,48,26,22
2017-03-15 18:00:00,26,11,15
2017-03-15 19:00:00,9,5,4
2017-03-15 20:00:00,2,2,0
2017-03-15 21:00:00,4,1,3
2017-03-15 22:00:00,0,0,0
2017-03-15 23:00:00,0,0,0
2017-03-16 00:00:00,0,0,0
2017-03-16 01:00:00,0,0,0
2017-03-16 02:00:00,0,0,0
2017-03-16 03:00:00,0,0,0
2017-03-16 04:00:00,0,0,0
2017-03-16 05:00:00,1,1,0
2017-03-16 06:00:00,3,0,3
2017-03-16 07:00:00,16,7,9
2017-03-16 08:00:00,19,9,10
2017-03-16 09:00:00,24,13,11
2017-03-16 10:00:00,35,16,19
2017-03-16 11:00:00,38,21,17
2017-03-16 12:00:00,28,14,14
2017-03-16 13:00:00,26,14,12
2017-03-16 14:00:00,21,13,8
2017-03-16 15:00:00,17,7,10
2017-03-16 16:00:00,42,20,22
2017-03-16 17:00:00,35,18,17
2017-03-16 18:00:00,30,15,15
2017-03-16 19:00:00,7,4,3
2017-03-16 20:00:00,4,1,3
2017-03-16 21:00:00,4,2,2
2017-03-16 22:00:00,0,0,0
2017-03-16 23:00:00,0,0,0
2017-03-17 00:00:00,0,0,0
2017-03-17 01:00:00,0,0,0
2017-03-17 02:00:00,0,0,0
2017-03-17 03:00:00,0,0,0
2017-03-17 04:00:00,0,0,0
2017-03-17 05:00:00,4,2,2
2017-03-17 06:00:00,6,4,2
2017-03-17 07:00:00,10,7,3
2017-03-17 08:00:00,14,6,8
2017-03-17 09:00:00,26,14,12
2017-03-17 10:00:00,22,13,9
2017-03-17 11:00:00,21,8,13
2017-03-17 12:00:00,23,14,9
2017-03-17 13:00:00,9,6,3
2017-03-17 14:00:00,7,3,4
2017-03-17 15:00:00,12,9,3
2017-03-17 16:00:00,15,6,9
2017-03-17 17:00:00,9,5,4
2017-03-17 18:00:00,8,3,5
2017-03-17 19:00:00,0,0,0
2017-03-17 20:00:00,2,1,1
2017-03-17 21:00:00,2,1,1
2017-03-17 22:00:00,2,1,1
2017-03-17 23:00:00,0,0,0
2017-03-18 00:00:00,0,0,0
2017-03-18 01:00:00,0,0,0
2017-03-18 02:00:00,0,0,0
2017-03-18 03:00:00,0,0,0
2017-03-18 04:00:00,0,0,0
2017-03-18 05:00:00,0,0,0
2017-03-18 06:00:00,4,3,1
2017-03-18 07:00:00,9,5,4
2017-03-18 08:00:00,12,6,6
2017-03-18 09:00:00,26,14,12
2017-03-18 10:00:00,28,14,14
2017-03-18 11:00:00,20,8,12
2017-03-18 12:00:00,22,6,16
2017-03-18 13:00:00,28,15,13
2017-03-18 14:00:00,26,12,14
2017-03-18 15:00:00,40,23,17
2017-03-18 16:00:00,56,29,27
2017-03-18 17:00:00,35,20,15
2017-03-18 18:00:00,12,9,3
2017-03-18 19:00:00,9,7,2
2017-03-18 20:00:00,3,0,3
2017-03-18 21:00:00,2,2,0
2017-03-18 22:00:00,0,0,0
2017-03-18 23:00:00,2,1,1
2017-03-19 00:00:00,0,0,0
2017-03-19 01:00:00,2,1,1
2017-03-19 02:00:00,0,0,0
2017-03-19 03:00:00,0,0,0
2017-03-19 04:00:00,0,0,0
2017-03-19 05:00:00,0,0,0
2017-03-19 06:00:00,0,0,0
2017-03-19 07:00:00,11,7,4
2017-03-19 08:00:00,42,16,26
2017-03-19 09:00:00,64,32,32
2017-03-19 10:00:00,58,32,26
2017-03-19 11:00:00,66,28,38
2017-03-19 12:00:00,60,35,25
2017-03-19 13:00:00,63,32,31
2017-03-19 14:00:00,60,28,32
2017-03-19 15:00:00,64,37,27
2017-03-19 16:00:00,64,37,27
2017-03-19 17:00:00,46,24,22
2017-03-19 18:00:00,37,19,18
2017-03-19 19:00:00,12,8,4
2017-03-19 20:00:00,3,1,2
2017-03-19 21:00:00,2,2,0
2017-03-19 22:00:00,2,1,1
2017-03-19 23:00:00,0,0,0
2017-03-20 00:00:00,0,0,0
2017-03-20 01:00:00,0,0,0
2017-03-20 02:00:00,0,0,0
2017-03-20 03:00:00,0,0,0
2017-03-20 04:00:00,0,0,0
2017-03-20 05:00:00,3,1,2
2017-03-20 06:00:00,5,2,3
2017-03-20 07:00:00,9,7,2
2017-03-20 08:00:00,11,5,6
2017-03-20 09:00:00,13,9,4
2017-03-20 10:00:00,19,9,10
2017-03-20 11:00:00,25,12,13
2017-03-20 12:00:00,34,13,21
2017-03-20 13:00:00,30,13,17
2017-03-20 14:00:00,28,18,10
2017-03-20 15:00:00,17,9,8
2017-03-20 16:00:00,26,9,17
2017-03-20 17:00:00,29,12,17
2017-03-20 18:00:00,22,14,8
2017-03-20 19:00:00,5,4,1
2017-03-20 20:00:00,2,0,2
2017-03-20 21:00:00,3,2,1
2017-03-20 22:00:00,0,0,0
2017-03-20 23:00:00,0,0,0
2017-03-21 00:00:00,2,1,1
2017-03-21 01:00:00,0,0,0
2017-03-21 02:00:00,0,0,0
2017-03-21 03:00:00,1,0,1
2017-03-21 04:00:00,0,0,0
2017-03-21 05:00:00,2,1,1
2017-03-21 06:00:00,2,1,1
2017-03-21 07:00:00,20,9,11
2017-03-21 08:00:00,14,11,3
2017-03-21 09:00:00,17,10,7
2017-03-21 10:00:00,23,10,13
2017-03-21 11:00:00,13,8,5
2017-03-21 12:00:00,18,9,9
2017-03-21 13:00:00,18,9,9
2017-03-21 14:00:00,12,8,4
2017-03-21 15:00:00,14,6,8
2017-03-21 16:00:00,35,15,20
2017-03-21 17:00:00,50,26,24
2017-03-21 18:00:00,33,16,17
2017-03-21 19:00:00,22,12,10
2017-03-21 20:00:00,4,3,1
2017-03-21 21:00:00,0,0,0
2017-03-21 22:00:00,0,0,0
2017-03-21 23:00:00,0,0,0
2017-03-22 00:00:00,0,0,0
2017-03-22 01:00:00,0,0,0
2017-03-22 02:00:00,0,0,0
2017-03-22 03:00:00,0,0,0
2017-03-22 04:00:00,0,0,0
2017-03-22 05:00:00,3,2,1
2017-03-22 06:00:00,1,0,1
2017-03-22 07:00:00,8,4,4
2017-03-22 08:00:00,19,12,7
2017-03-22 09:00:00,31,15,16
2017-03-22 10:00:00,22,14,8
2017-03-22 11:00:00,16,7,9
2017-03-22 12:00:00,18,9,9
2017-03-22 13:00:00,13,7,6
2017-03-22 14:00:00,18,8,10
2017-03-22 15:00:00,21,13,8
2017-03-22 16:00:00,25,13,12
2017-03-22 17:00:00,48,20,28
2017-03-22 18:00:00,19,9,10
2017-03-22 19:00:00,19,12,7
2017-03-22 20:00:00,3,2,1
2017-03-22 21:00:00,3,2,1
2017-03-22 22:00:00,0,0,0
2017-03-22 23:00:00,0,0,0
2017-03-23 00:00:00,0,0,0
2017-03-23 01:00:00,0,0,0
2017-03-23 02:00:00,0,0,0
2017-03-23 03:00:00,0,0,0
2017-03-23 04:00:00,0,0,0
2017-03-23 05:00:00,3,1,2
2017-03-23 06:00:00,5,2,3
2017-03-23 07:00:00,14,8,6
2017-03-23 08:00:00,17,11,6
2017-03-23 09:00:00,23,12,11
2017-03-23 10:00:00,24,15,9
2017-03-23 11:00:00,23,10,13
2017-03-23 12:00:00,24,11,13
2017-03-23 13:00:00,26,15,11
2017-03-23 14:00:00,21,9,12
2017-03-23 15:00:00,25,12,13
2017-03-23 16:00:00,30,12,18
2017-03-23 17:00:00,28,13,15
2017-03-23 18:00:00,18,10,8
2017-03-23 19:00:00,9,5,4
2017-03-23 20:00:00,4,1,3
2017-03-23 21:00:00,4,3,1
2017-03-23 22:00:00,1,1,0
2017-03-23 23:00:00,0,0,0
2017-03-24 00:00:00,0,0,0
2017-03-24 01:00:00,0,0,0
2017-03-24 02:00:00,0,0,0
2017-03-24 03:00:00,0,0,0
2017-03-24 04:00:00,0,0,0
2017-03-24 05:00:00,1,0,1
2017-03-24 06:00:00,1,1,0
2017-03-24 07:00:00,7,4,3
2017-03-24 08:00:00,21,13,8
2017-03-24 09:00:00,15,8,7
2017-03-24 10:00:00,13,8,5
2017-03-24 11:00:00,19,7,12
2017-03-24 12:00:00,28,16,12
2017-03-24 13:00:00,17,6,11
2017-03-24 14:00:00,6,4,2
2017-03-24 15:00:00,8,3,5
2017-03-24 16:00:00,24,12,12
2017-03-24 17:00:00,21,8,13
2017-03-24 18:00:00,10,2,8
2017-03-24 19:00:00,8,6,2
2017-03-24 20:00:00,1,1,0
2017-03-24 21:00:00,0,0,0
2017-03-24 22:00:00,2,1,1
2017-03-24 23:00:00,0,0,0
2017-03-25 00:00:00,0,0,0
2017-03-25 01:00:00,0,0,0
2017-03-25 02:00:00,0,0,0
2017-03-25 03:00:00,0,0,0
2017-03-25 04:00:00,1,1,0
2017-03-25 05:00:00,0,0,0
2017-03-25 06:00:00,7,3,4
2017-03-25 07:00:00,15,5,10
2017-03-25 08:00:00,28,13,15
2017-03-25 09:00:00,65,33,32
2017-03-25 10:00:00,70,39,31
2017-03-25 11:00:00,97,57,40
2017-03-25 12:00:00,53,32,21
2017-03-25 13:00:00,45,25,20
2017-03-25 14:00:00,49,22,27
2017-03-25 15:00:00,44,24,20
2017-03-25 16:00:00,35,22,13
2017-03-25 17:00:00,27,18,9
2017-03-25 18:00:00,20,13,7
2017-03-25 19:00:00,12,6,6
2017-03-25 20:00:00,4,2,2
2017-03-25 21:00:00,2,2,0
2017-03-25 22:00:00,0,0,0
2017-03-25 23:00:00,0,0,0
2017-03-26 00:00:00,1,1,0
2017-03-26 01:00:00,0,0,0
2017-03-26 02:00:00,0,0,0
2017-03-26 03:00:00,0,0,0
2017-03-26 04:00:00,0,0,0
2017-03-26 05:00:00,0,0,0
2017-03-26 06:00:00,1,1,0
2017-03-26 07:00:00,12,4,8
2017-03-26 08:00:00,33,15,18
2017-03-26 09:00:00,28,15,13
2017-03-26 10:00:00,33,19,14
2017-03-26 11:00:00,27,12,15
2017-03-26 12:00:00,29,15,14
2017-03-26 13:00:00,31,16,15
2017-03-26 14:00:00,39,22,17
2017-03-26 15:00:00,23,14,9
2017-03-26 16:00:00,12,4,8
2017-03-26 17:00:00,18,11,7
2017-03-26 18:00:00,6,2,4
2017-03-26 19:00:00,10,5,5
2017-03-26 20:00:00,2,1,1
2017-03-26 21:00:00,1,1,0
2017-03-26 22:00:00,0,0,0
2017-03-26 23:00:00,0,0,0
2017-03-27 00:00:00,0,0,0
2017-03-27 01:00:00,0,0,0
2017-03-27 02:00:00,0,0,0
2017-03-27 03:00:00,0,0,0
2017-03-27 04:00:00,0,0,0
2017-03-27 05:00:00,0,0,0
2017-03-27 06:00:00,3,2,1
2017-03-27 07:00:00,10,5,5
2017-03-27 08:00:00,25,15,10
2017-03-27 09:00:00,26,11,15
2017-03-27 10:00:00,24,14,10
2017-03-27 11:00:00,21,11,10
2017-03-27 12:00:00,29,12,17
2017-03-27 13:00:00,21,12,9
2017-03-27 14:00:00,19,10,9
2017-03-27 15:00:00,22,13,9
2017-03-27 16:00:00,23,10,13
2017-03-27 17:00:00,34,17,17
2017-03-27 18:00:00,31,14,17
2017-03-27 19:00:00,15,8,7
2017-03-27 20:00:00,4,3,1
2017-03-27 21:00:00,2,1,1
2017-03-27 22:00:00,0,0,0
2017-03-27 23:00:00,0,0,0
2017-03-28 00:00:00,0,0,0
2017-03-28 01:00:00,0,0,0
2017-03-28 02:00:00,0,0,0
2017-03-28 03:00:00,0,0,0
2017-03-28 04:00:00,0,0,0
2017-03-28 05:00:00,0,0,0
2017-03-28 06:00:00,2,2,0
2017-03-28 07:00:00,27,16,11
2017-03-28 08:00:00,17,10,7
2017-03-28 09:00:00,17,10,7
2017-03-28 10:00:00,13,6,7
2017-03-28 11:00:00,13,6,7
2017-03-28 12:00:00,16,9,7
2017-03-28 13:00:00,12,5,7
2017-03-28 14:00:00,18,5,13
2017-03-28 15:00:00,18,9,9
2017-03-28 16:00:00,21,9,12
2017-03-28 17:00:00,28,13,15
2017-03-28 18:00:00,30,15,15
2017-03-28 19:00:00,13,6,7
2017-03-28 20:00:00,9,6,3
2017-03-28 21:00:00,3,2,1
2017-03-28 22:00:00,0,0,0
2017-03-28 23:00:00,0,0,0
2017-03-29 00:00:00,0,0,0
2017-03-29 01:00:00,0,0,0
2017-03-29 02:00:00,0,0,0
2017-03-29 03:00:00,0,0,0
2017-03-29 04:00:00,0,0,0
2017-03-29 05:00:00,0,0,0
2017-03-29 06:00:00,4,4,0
2017-03-29 07:00:00,9,7,2
2017-03-29 08:00:00,11,7,4
2017-03-29 09:00:00,13,7,6
2017-03-29 10:00:00,11,6,5
2017-03-29 11:00:00,20,9,11
2017-03-29 12:00:00,14,8,6
2017-03-29 13:00:00,27,13,14
2017-03-29 14:00:00,16,9,7
2017-03-29 15:00:00,35,17,18
2017-03-29 16:00:00,43,28,15
2017-03-29 17:00:00,47,21,26
2017-03-29 18:00:00,40,17,23
2017-03-29 19:00:00,22,10,12
2017-03-29 20:00:00,3,1,2
2017-03-29 21:00:00,2,1,1
2017-03-29 22:00:00,0,0,0
2017-03-29 23:00:00,0,0,0
2017-03-30 00:00:00,0,0,0
2017-03-30 01:00:00,0,0,0
2017-03-30 02:00:00,2,1,1
2017-03-30 03:00:00,0,0,0
2017-03-30 04:00:00,0,0,0
2017-03-30 05:00:00,0,0,0
2017-03-30 06:00:00,7,2,5
2017-03-30 07:00:00,16,10,6
2017-03-30 08:00:00,17,11,6
2017-03-30 09:00:00,14,5,9
2017-03-30 10:00:00,19,9,10
2017-03-30 11:00:00,22,8,14
2017-03-30 12:00:00,23,10,13
2017-03-30 13:00:00,20,12,8
2017-03-30 14:00:00,22,14,8
2017-03-30 15:00:00,11,5,6
2017-03-30 16:00:00,48,22,26
2017-03-30 17:00:00,45,17,28
2017-03-30 18:00:00,19,13,6
2017-03-30 19:00:00,18,11,7
2017-03-30 20:00:00,7,3,4
2017-03-30 21:00:00,3,2,1
2017-03-30 22:00:00,0,0,0
2017-03-30 23:00:00,0,0,0
2017-03-31 00:00:00,0,0,0
2017-03-31 01:00:00,0,0,0
2017-03-31 02:00:00,0,0,0
2017-03-31 03:00:00,0,0,0
2017-03-31 04:00:00,0,0,0
2017-03-31 05:00:00,3,1,2
2017-03-31 06:00:00,1,0,1
2017-03-31 07:00:00,15,11,4
2017-03-31 08:00:00,29,12,17
2017-03-31 09:00:00,34,20,14
2017-03-31 10:00:00,24,10,14
2017-03-31 11:00:00,26,17,9
2017-03-31 12:00:00,32,15,17
2017-03-31 13:00:00,32,13,19
2017-03-31 14:00:00,31,21,10
2017-03-31 15:00:00,30,14,16
2017-03-31 16:00:00,41,19,22
2017-03-31 17:00:00,24,11,13
2017-03-31 18:00:00,34,18,16
2017-03-31 19:00:00,15,9,6
2017-03-31 20:00:00,8,4,4
2017-03-31 21:00:00,2,1,1
2017-03-31 22:00:00,4,3,1
2017-03-31 23:00:00,2,1,1
2017-04-01 00:00:00,1,0,1
2017-04-01 01:00:00,0,0,0
2017-04-01 02:00:00,0,0,0
2017-04-01 03:00:00,0,0,0
2017-04-01 04:00:00,0,0,0
2017-04-01 05:00:00,0,0,0
2017-04-01 06:00:00,1,0,1
2017-04-01 07:00:00,8,4,4
2017-04-01 08:00:00,37,15,22
2017-04-01 09:00:00,37,22,15
2017-04-01 10:00:00,50,27,23
2017-04-01 11:00:00,46,25,21
2017-04-01 12:00:00,40,21,19
2017-04-01 13:00:00,47,19,28
2017-04-01 14:00:00,47,25,22
2017-04-01 15:00:00,33,14,19
2017-04-01 16:00:00,31,17,14
2017-04-01 17:00:00,19,12,7
2017-04-01 18:00:00,20,10,10
2017-04-01 19:00:00,9,6,3
2017-04-01 20:00:00,1,0,1
2017-04-01 21:00:00,0,0,0
2017-04-01 22:00:00,0,0,0
2017-04-01 23:00:00,0,0,0
2017-04-02 00:00:00,0,0,0
2017-04-02 01:00:00,0,0,0
2017-04-02 02:00:00,0,0,0
2017-04-02 03:00:00,0,0,0
2017-04-02 04:00:00,0,0,0
2017-04-02 05:00:00,0,0,0
2017-04-02 06:00:00,4,2,2
2017-04-02 07:00:00,18,8,10
2017-04-02 08:00:00,49,19,30
2017-04-02 09:00:00,47,33,14
2017-04-02 10:00:00,55,24,31
2017-04-02 11:00:00,46,25,21
2017-04-02 12:00:00,46,29,17
2017-04-02 13:00:00,71,44,27
2017-04-02 14:00:00,45,23,22
2017-04-02 15:00:00,49,31,18
2017-04-02 16:00:00,49,24,25
2017-04-02 17:00:00,25,13,12
2017-04-02 18:00:00,11,8,3
2017-04-02 19:00:00,4,3,1
2017-04-02 20:00:00,0,0,0
2017-04-02 21:00:00,2,1,1
2017-04-02 22:00:00,1,0,1
2017-04-02 23:00:00,0,0,0
2017-04-03 00:00:00,0,0,0
2017-04-03 01:00:00,0,0,0
2017-04-03 02:00:00,0,0,0
2017-04-03 03:00:00,0,0,0
2017-04-03 04:00:00,0,0,0
2017-04-03 05:00:00,0,0,0
2017-04-03 06:00:00,4,1,3
2017-04-03 07:00:00,20,14,6
2017-04-03 08:00:00,28,16,12
2017-04-03 09:00:00,21,11,10
2017-04-03 10:00:00,25,15,10
2017-04-03 11:00:00,19,8,11
2017-04-03 12:00:00,41,23,18
2017-04-03 13:00:00,22,9,13
2017-04-03 14:00:00,20,14,6
2017-04-03 15:00:00,31,13,18
2017-04-03 16:00:00,48,27,21
2017-04-03 17:00:00,68,34,34
2017-04-03 18:00:00,28,13,15
2017-04-03 19:00:00,12,6,6
2017-04-03 20:00:00,2,0,2
2017-04-03 21:00:00,3,2,1
2017-04-03 22:00:00,2,1,1
2017-04-03 23:00:00,0,0,0
2017-04-04 00:00:00,0,0,0
2017-04-04 01:00:00,0,0,0
2017-04-04 02:00:00,0,0,0
2017-04-04 03:00:00,0,0,0
2017-04-04 04:00:00,0,0,0
2017-04-04 05:00:00,0,0,0
2017-04-04 06:00:00,11,4,7
2017-04-04 07:00:00,27,16,11
2017-04-04 08:00:00,24,12,12
2017-04-04 09:00:00,14,8,6
2017-04-04 10:00:00,14,6,8
2017-04-04 11:00:00,25,14,11
2017-04-04 12:00:00,27,15,12
2017-04-04 13:00:00,23,9,14
2017-04-04 14:00:00,28,15,13
2017-04-04 15:00:00,30,13,17
2017-04-04 16:00:00,24,9,15
2017-04-04 17:00:00,39,13,26
2017-04-04 18:00:00,28,16,12
2017-04-04 19:00:00,4,2,2
2017-04-04 20:00:00,6,2,4
2017-04-04 21:00:00,1,1,0
2017-04-04 22:00:00,2,1,1
2017-04-04 23:00:00,0,0,0
2017-04-05 00:00:00,0,0,0
2017-04-05 01:00:00,0,0,0
2017-04-05 02:00:00,0,0,0
2017-04-05 03:00:00,0,0,0
2017-04-05 04:00:00,0,0,0
2017-04-05 05:00:00,1,1,0
2017-04-05 06:00:00,3,1,2
2017-04-05 07:00:00,10,7,3
2017-04-05 08:00:00,11,7,4
2017-04-05 09:00:00,17,9,8
2017-04-05 10:00:00,14,7,7
2017-04-05 11:00:00,22,10,12
2017-04-05 12:00:00,9,5,4
2017-04-05 13:00:00,15,4,11
2017-04-05 14:00:00,10,6,4
2017-04-05 15:00:00,9,4,5
2017-04-05 16:00:00,21,10,11
2017-04-05 17:00:00,36,20,16
2017-04-05 18:00:00,21,8,13
2017-04-05 19:00:00,19,13,6
2017-04-05 20:00:00,3,0,3
2017-04-05 21:00:00,2,2,0
2017-04-05 22:00:00,1,0,1
2017-04-05 23:00:00,0,0,0
2017-04-06 00:00:00,0,0,0
2017-04-06 01:00:00,0,0,0
2017-04-06 02:00:00,0,0,0
2017-04-06 03:00:00,0,0,0
2017-04-06 04:00:00,0,0,0
2017-04-06 05:00:00,2,1,1
2017-04-06 06:00:00,7,4,3
2017-04-06 07:00:00,12,7,5
2017-04-06 08:00:00,13,9,4
2017-04-06 09:00:00,9,5,4
2017-04-06 10:00:00,15,9,6
2017-04-06 11:00:00,11,6,5
2017-04-06 12:00:00,21,9,12
2017-04-06 13:00:00,27,16,11
2017-04-06 14:00:00,29,16,13
2017-04-06 15:00:00,32,14,18
2017-04-06 16:00:00,25,13,12
2017-04-06 17:00:00,58,30,28
2017-04-06 18:00:00,52,27,25
2017-04-06 19:00:00,25,15,10
2017-04-06 20:00:00,5,2,3
2017-04-06 21:00:00,8,5,3
2017-04-06 22:00:00,1,0,1
2017-04-06 23:00:00,0,0,0
2017-04-07 00:00:00,0,0,0
2017-04-07 01:00:00,0,0,0
2017-04-07 02:00:00,0,0,0
2017-04-07 03:00:00,0,0,0
2017-04-07 04:00:00,0,0,0
2017-04-07 05:00:00,1,1,0
2017-04-07 06:00:00,8,5,3
2017-04-07 07:00:00,18,9,9
2017-04-07 08:00:00,20,9,11
2017-04-07 09:00:00,24,12,12
2017-04-07 10:00:00,109,38,71
2017-04-07 11:00:00,73,29,44
2017-04-07 12:00:00,41,20,21
2017-04-07 13:00:00,52,18,34
2017-04-07 14:00:00,52,30,22
2017-04-07 15:00:00,80,60,20
2017-04-07 16:00:00,25,12,13
2017-04-07 17:00:00,47,32,15
2017-04-07 18:00:00,17,13,4
2017-04-07 19:00:00,4,4,0
2017-04-07 20:00:00,11,9,2
2017-04-07 21:00:00,2,2,0
2017-04-07 22:00:00,0,0,0
2017-04-07 23:00:00,0,0,0
2017-04-08 00:00:00,0,0,0
2017-04-08 01:00:00,1,1,0
2017-04-08 02:00:00,0,0,0
2017-04-08 03:00:00,0,0,0
2017-04-08 04:00:00,0,0,0
2017-04-08 05:00:00,0,0,0
2017-04-08 06:00:00,5,1,4
2017-04-08 07:00:00,16,7,9
2017-04-08 08:00:00,26,12,14
2017-04-08 09:00:00,61,31,30
2017-04-08 10:00:00,76,36,40
2017-04-08 11:00:00,62,41,21
2017-04-08 12:00:00,42,24,18
2017-04-08 13:00:00,54,28,26
2017-04-08 14:00:00,99,74,25
2017-04-08 15:00:00,61,41,20
2017-04-08 16:00:00,71,54,17
2017-04-08 17:00:00,33,24,9
2017-04-08 18:00:00,21,11,10
2017-04-08 19:00:00,11,7,4
2017-04-08 20:00:00,2,1,1
2017-04-08 21:00:00,2,1,1
2017-04-08 22:00:00,0,0,0
2017-04-08 23:00:00,4,2,2
2017-04-09 00:00:00,0,0,0
2017-04-09 01:00:00,0,0,0
2017-04-09 02:00:00,0,0,0
2017-04-09 03:00:00,0,0,0
2017-04-09 04:00:00,0,0,0
2017-04-09 05:00:00,0,0,0
2017-04-09 06:00:00,4,1,3
2017-04-09 07:00:00,14,6,8
2017-04-09 08:00:00,41,19,22
2017-04-09 09:00:00,70,35,35
2017-04-09 10:00:00,60,28,32
2017-04-09 11:00:00,77,44,33
2017-04-09 12:00:00,42,16,26
2017-04-09 13:00:00,50,23,27
2017-04-09 14:00:00,49,25,24
2017-04-09 15:00:00,65,37,28
2017-04-09 16:00:00,40,24,16
2017-04-09 17:00:00,47,27,20
2017-04-09 18:00:00,23,12,11
2017-04-09 19:00:00,12,8,4
2017-04-09 20:00:00,2,0,2
2017-04-09 21:00:00,1,0,1
2017-04-09 22:00:00,1,1,0
2017-04-09 23:00:00,1,0,1
2017-04-10 00:00:00,1,1,0
2017-04-10 01:00:00,0,0,0
2017-04-10 02:00:00,0,0,0
2017-04-10 03:00:00,0,0,0
2017-04-10 04:00:00,0,0,0
2017-04-10 05:00:00,0,0,0
2017-04-10 06:00:00,7,2,5
2017-04-10 07:00:00,10,6,4
2017-04-10 08:00:00,27,15,12
2017-04-10 09:00:00,19,12,7
2017-04-10 10:00:00,28,17,11
2017-04-10 11:00:00,8,2,6
2017-04-10 12:00:00,27,16,11
2017-04-10 13:00:00,50,27,23
2017-04-10 14:00:00,52,40,12
2017-04-10 15:00:00,27,12,15
2017-04-10 16:00:00,20,11,9
2017-04-10 17:00:00,17,8,9
2017-04-10 18:00:00,24,12,12
2017-04-10 19:00:00,16,9,7
2017-04-10 20:00:00,3,1,2
2017-04-10 21:00:00,4,2,2
2017-04-10 22:00:00,0,0,0
2017-04-10 23:00:00,0,0,0
2017-04-11 00:00:00,0,0,0
2017-04-11 01:00:00,0,0,0
2017-04-11 02:00:00,0,0,0
2017-04-11 03:00:00,0,0,0
2017-04-11 04:00:00,0,0,0
2017-04-11 05:00:00,1,1,0
2017-04-11 06:00:00,8,5,3
2017-04-11 07:00:00,15,9,6
2017-04-11 08:00:00,25,15,10
2017-04-11 09:00:00,28,16,12
2017-04-11 10:00:00,28,14,14
2017-04-11 11:00:00,25,13,12
2017-04-11 12:00:00,32,17,15
2017-04-11 13:00:00,26,11,15
2017-04-11 14:00:00,17,11,6
2017-04-11 15:00:00,18,10,8
2017-04-11 16:00:00,44,20,24
2017-04-11 17:00:00,58,31,27
2017-04-11 18:00:00,54,27,27
2017-04-11 19:00:00,16,8,8
2017-04-11 20:00:00,5,2,3
2017-04-11 21:00:00,1,1,0
2017-04-11 22:00:00,0,0,0
2017-04-11 23:00:00,0,0,0
2017-04-12 00:00:00,0,0,0
2017-04-12 01:00:00,0,0,0
2017-04-12 02:00:00,0,0,0
2017-04-12 03:00:00,0,0,0
2017-04-12 04:00:00,0,0,0
2017-04-12 05:00:00,0,0,0
2017-04-12 06:00:00,5,3,2
2017-04-12 07:00:00,2,1,1
2017-04-12 08:00:00,13,7,6
2017-04-12 09:00:00,13,8,5
2017-04-12 10:00:00,21,9,12
2017-04-12 11:00:00,16,9,7
2017-04-12 12:00:00,19,10,9
2017-04-12 13:00:00,25,12,13
2017-04-12 14:00:00,37,15,22
2017-04-12 15:00:00,14,9,5
2017-04-12 16:00:00,14,5,9
2017-04-12 17:00:00,36,19,17
2017-04-12 18:00:00,28,14,14
2017-04-12 19:00:00,18,10,8
2017-04-12 20:00:00,5,2,3
2017-04-12 21:00:00,0,0,0
2017-04-12 22:00:00,0,0,0
2017-04-12 23:00:00,0,0,0
2017-04-13 00:00:00,0,0,0
2017-04-13 01:00:00,0,0,0
2017-04-13 02:00:00,0,0,0
2017-04-13 03:00:00,0,0,0
2017-04-13 04:00:00,0,0,0
2017-04-13 05:00:00,2,1,1
2017-04-13 06:00:00,5,3,2
2017-04-13 07:00:00,17,8,9
2017-04-13 08:00:00,22,13,9
2017-04-13 09:00:00,17,10,7
2017-04-13 10:00:00,30,18,12
2017-04-13 11:00:00,41,25,16
2017-04-13 12:00:00,45,28,17
2017-04-13 13:00:00,153,80,73
2017-04-13 14:00:00,75,52,23
2017-04-13 15:00:00,124,79,45
2017-04-13 16:00:00,20,14,6
2017-04-13 17:00:00,29,15,14
2017-04-13 18:00:00,30,13,17
2017-04-13 19:00:00,10,4,6
2017-04-13 20:00:00,6,4,2
2017-04-13 21:00:00,2,2,0
2017-04-13 22:00:00,0,0,0
2017-04-13 23:00:00,0,0,0
2017-04-14 00:00:00,1,1,0
2017-04-14 01:00:00,0,0,0
2017-04-14 02:00:00,1,1,0
2017-04-14 03:00:00,0,0,0
2017-04-14 04:00:00,0,0,0
2017-04-14 05:00:00,1,1,0
2017-04-14 06:00:00,2,1,1
2017-04-14 07:00:00,25,12,13
2017-04-14 08:00:00,31,17,14
2017-04-14 09:00:00,20,10,10
2017-04-14 10:00:00,21,11,10
2017-04-14 11:00:00,58,32,26
2017-04-14 12:00:00,223,135,88
2017-04-14 13:00:00,103,66,37
2017-04-14 14:00:00,63,44,19
2017-04-14 15:00:00,110,94,16
2017-04-14 16:00:00,95,69,26
2017-04-14 17:00:00,70,48,22
2017-04-14 18:00:00,30,18,12
2017-04-14 19:00:00,13,7,6
2017-04-14 20:00:00,11,6,5
2017-04-14 21:00:00,1,1,0
2017-04-14 22:00:00,0,0,0
2017-04-14 23:00:00,1,1,0
2017-04-15 00:00:00,0,0,0
2017-04-15 01:00:00,0,0,0
2017-04-15 02:00:00,0,0,0
2017-04-15 03:00:00,0,0,0
2017-04-15 04:00:00,0,0,0
2017-04-15 05:00:00,0,0,0
2017-04-15 06:00:00,5,1,4
2017-04-15 07:00:00,24,11,13
2017-04-15 08:00:00,34,18,16
2017-04-15 09:00:00,78,40,38
2017-04-15 10:00:00,48,20,28
2017-04-15 11:00:00,45,26,19
2017-04-15 12:00:00,53,27,26
2017-04-15 13:00:00,36,22,14
2017-04-15 14:00:00,35,16,19
2017-04-15 15:00:00,54,29,25
2017-04-15 16:00:00,62,36,26
2017-04-15 17:00:00,35,22,13
2017-04-15 18:00:00,18,12,6
2017-04-15 19:00:00,8,5,3
2017-04-15 20:00:00,5,1,4
2017-04-15 21:00:00,1,1,0
2017-04-15 22:00:00,0,0,0
2017-04-15 23:00:00,0,0,0
2017-04-16 00:00:00,0,0,0
2017-04-16 01:00:00,0,0,0
2017-04-16 02:00:00,0,0,0
2017-04-16 03:00:00,0,0,0
2017-04-16 04:00:00,0,0,0
2017-04-16 05:00:00,0,0,0
2017-04-16 06:00:00,6,3,3
2017-04-16 07:00:00,12,7,5
2017-04-16 08:00:00,29,11,18
2017-04-16 09:00:00,71,35,36
2017-04-16 10:00:00,37,20,17
2017-04-16 11:00:00,24,11,13
2017-04-16 12:00:00,28,15,13
2017-04-16 13:00:00,49,25,24
2017-04-16 14:00:00,40,27,13
2017-04-16 15:00:00,39,21,18
2017-04-16 16:00:00,23,8,15
2017-04-16 17:00:00,45,31,14
2017-04-16 18:00:00,19,9,10
2017-04-16 19:00:00,19,10,9
2017-04-16 20:00:00,6,4,2
2017-04-16 21:00:00,1,1,0
2017-04-16 22:00:00,2,1,1
2017-04-16 23:00:00,0,0,0
2017-04-17 00:00:00,0,0,0
2017-04-17 01:00:00,0,0,0
2017-04-17 02:00:00,0,0,0
2017-04-17 03:00:00,0,0,0
2017-04-17 04:00:00,0,0,0
2017-04-17 05:00:00,1,0,1
2017-04-17 06:00:00,6,4,2
2017-04-17 07:00:00,7,4,3
2017-04-17 08:00:00,7,4,3
2017-04-17 09:00:00,19,9,10
2017-04-17 10:00:00,18,9,9
2017-04-17 11:00:00,48,32,16
2017-04-17 12:00:00,20,12,8
2017-04-17 13:00:00,25,15,10
2017-04-17 14:00:00,21,10,11
2017-04-17 15:00:00,10,4,6
2017-04-17 16:00:00,18,12,6
2017-04-17 17:00:00,33,13,20
2017-04-17 18:00:00,13,7,6
2017-04-17 19:00:00,14,7,7
2017-04-17 20:00:00,2,0,2
2017-04-17 21:00:00,1,1,0
2017-04-17 22:00:00,1,0,1
2017-04-17 23:00:00,0,0,0
2017-04-18 00:00:00,0,0,0
2017-04-18 01:00:00,0,0,0
2017-04-18 02:00:00,0,0,0
2017-04-18 03:00:00,0,0,0
2017-04-18 04:00:00,2,1,1
2017-04-18 05:00:00,0,0,0
2017-04-18 06:00:00,2,0,2
2017-04-18 07:00:00,28,13,15
2017-04-18 08:00:00,29,20,9
2017-04-18 09:00:00,16,6,10
2017-04-18 10:00:00,479,417,62
2017-04-18 11:00:00,110,80,30
2017-04-18 12:00:00,40,29,11
2017-04-18 13:00:00,12,2,10
2017-04-18 14:00:00,19,11,8
2017-04-18 15:00:00,18,13,5
2017-04-18 16:00:00,26,14,12
2017-04-18 17:00:00,34,18,16
2017-04-18 18:00:00,22,15,7
2017-04-18 19:00:00,5,2,3
2017-04-18 20:00:00,11,6,5
2017-04-18 21:00:00,1,1,0
2017-04-18 22:00:00,0,0,0
2017-04-18 23:00:00,0,0,0
2017-04-19 00:00:00,0,0,0
2017-04-19 01:00:00,0,0,0
2017-04-19 02:00:00,0,0,0
2017-04-19 03:00:00,0,0,0
2017-04-19 04:00:00,0,0,0
2017-04-19 05:00:00,2,1,1
2017-04-19 06:00:00,20,13,7
2017-04-19 07:00:00,22,15,7
2017-04-19 08:00:00,22,13,9
2017-04-19 09:00:00,21,9,12
2017-04-19 10:00:00,24,15,9
2017-04-19 11:00:00,23,10,13
2017-04-19 12:00:00,18,12,6
2017-04-19 13:00:00,10,2,8
2017-04-19 14:00:00,18,9,9
2017-04-19 15:00:00,7,3,4
2017-04-19 16:00:00,28,13,15
2017-04-19 17:00:00,20,14,6
2017-04-19 18:00:00,33,16,17
2017-04-19 19:00:00,35,14,21
2017-04-19 20:00:00,12,8,4
2017-04-19 21:00:00,2,1,1
2017-04-19 22:00:00,0,0,0
2017-04-19 23:00:00,0,0,0
2017-04-20 00:00:00,0,0,0
2017-04-20 01:00:00,0,0,0
2017-04-20 02:00:00,0,0,0
2017-04-20 03:00:00,0,0,0
2017-04-20 04:00:00,1,0,1
2017-04-20 05:00:00,2,1,1
2017-04-20 06:00:00,12,6,6
2017-04-20 07:00:00,21,8,13
2017-04-20 08:00:00,27,16,11
2017-04-20 09:00:00,35,15,20
2017-04-20 10:00:00,23,16,7
2017-04-20 11:00:00,27,15,12
2017-04-20 12:00:00,30,13,17
2017-04-20 13:00:00,33,15,18
2017-04-20 14:00:00,85,44,41
2017-04-20 15:00:00,60,44,16
2017-04-20 16:00:00,67,44,23
2017-04-20 17:00:00,59,29,30
2017-04-20 18:00:00,37,17,20
2017-04-20 19:00:00,18,10,8
2017-04-20 20:00:00,6,3,3
2017-04-20 21:00:00,2,1,1
2017-04-20 22:00:00,1,0,1
2017-04-20 23:00:00,0,0,0
2017-04-21 00:00:00,0,0,0
2017-04-21 01:00:00,0,0,0
2017-04-21 02:00:00,0,0,0
2017-04-21 03:00:00,0,0,0
2017-04-21 04:00:00,0,0,0
2017-04-21 05:00:00,0,0,0
2017-04-21 06:00:00,12,7,5
2017-04-21 07:00:00,10,4,6
2017-04-21 08:00:00,26,15,11
2017-04-21 09:00:00,29,15,14
2017-04-21 10:00:00,39,17,22
2017-04-21 11:00:00,44,27,17
2017-04-21 12:00:00,37,21,16
2017-04-21 13:00:00,42,24,18
2017-04-21 14:00:00,39,20,19
2017-04-21 15:00:00,34,17,17
2017-04-21 16:00:00,32,14,18
2017-04-21 17:00:00,23,11,12
2017-04-21 18:00:00,22,13,9
2017-04-21 19:00:00,23,13,10
2017-04-21 20:00:00,3,3,0
2017-04-21 21:00:00,3,2,1
2017-04-21 22:00:00,1,1,0
2017-04-21 23:00:00,0,0,0
2017-04-22 00:00:00,0,0,0
2017-04-22 01:00:00,0,0,0
2017-04-22 02:00:00,0,0,0
2017-04-22 03:00:00,0,0,0
2017-04-22 04:00:00,3,3,0
2017-04-22 05:00:00,1,1,0
2017-04-22 06:00:00,6,3,3
2017-04-22 07:00:00,30,12,18
2017-04-22 08:00:00,48,30,18
2017-04-22 09:00:00,64,33,31
2017-04-22 10:00:00,62,33,29
2017-04-22 11:00:00,54,28,26
2017-04-22 12:00:00,21,12,9
2017-04-22 13:00:00,22,8,14
2017-04-22 14:00:00,16,11,5
2017-04-22 15:00:00,21,14,7
2017-04-22 16:00:00,40,25,15
2017-04-22 17:00:00,155,86,69
2017-04-22 18:00:00,111,79,32
2017-04-22 19:00:00,22,15,7
2017-04-22 20:00:00,6,4,2
2017-04-22 21:00:00,1,1,0
2017-04-22 22:00:00,0,0,0
2017-04-22 23:00:00,1,1,0
2017-04-23 00:00:00,1,1,0
2017-04-23 01:00:00,0,0,0
2017-04-23 02:00:00,0,0,0
2017-04-23 03:00:00,0,0,0
2017-04-23 04:00:00,0,0,0
2017-04-23 05:00:00,0,0,0
2017-04-23 06:00:00,4,3,1
2017-04-23 07:00:00,14,5,9
2017-04-23 08:00:00,38,19,19
2017-04-23 09:00:00,57,32,25
2017-04-23 10:00:00,55,29,26
2017-04-23 11:00:00,53,33,20
2017-04-23 12:00:00,26,14,12
2017-04-23 13:00:00,37,21,16
2017-04-23 14:00:00,22,12,10
2017-04-23 15:00:00,27,12,15
2017-04-23 16:00:00,15,9,6
2017-04-23 17:00:00,19,8,11
2017-04-23 18:00:00,10,6,4
2017-04-23 19:00:00,11,3,8
2017-04-23 20:00:00,5,3,2
2017-04-23 21:00:00,9,5,4
2017-04-23 22:00:00,0,0,0
2017-04-23 23:00:00,0,0,0
2017-04-24 00:00:00,0,0,0
2017-04-24 01:00:00,0,0,0
2017-04-24 02:00:00,0,0,0
2017-04-24 03:00:00,0,0,0
2017-04-24 04:00:00,0,0,0
2017-04-24 05:00:00,0,0,0
2017-04-24 06:00:00,10,4,6
2017-04-24 07:00:00,21,13,8
2017-04-24 08:00:00,19,12,7
2017-04-24 09:00:00,27,16,11
2017-04-24 10:00:00,17,6,11
2017-04-24 11:00:00,19,8,11
2017-04-24 12:00:00,29,14,15
2017-04-24 13:00:00,26,13,13
2017-04-24 14:00:00,21,12,9
2017-04-24 15:00:00,21,10,11
2017-04-24 16:00:00,49,28,21
2017-04-24 17:00:00,67,30,37
2017-04-24 18:00:00,54,31,23
2017-04-24 19:00:00,14,8,6
2017-04-24 20:00:00,12,6,6
2017-04-24 21:00:00,4,2,2
2017-04-24 22:00:00,1,1,0
2017-04-24 23:00:00,0,0,0
2017-04-25 00:00:00,0,0,0
2017-04-25 01:00:00,0,0,0
2017-04-25 02:00:00,0,0,0
2017-04-25 03:00:00,0,0,0
2017-04-25 04:00:00,0,0,0
2017-04-25 05:00:00,0,0,0
2017-04-25 06:00:00,12,8,4
2017-04-25 07:00:00,31,16,15
2017-04-25 08:00:00,18,13,5
2017-04-25 09:00:00,15,8,7
2017-04-25 10:00:00,31,20,11
2017-04-25 11:00:00,29,19,10
2017-04-25 12:00:00,22,9,13
2017-04-25 13:00:00,18,9,9
2017-04-25 14:00:00,8,3,5
2017-04-25 15:00:00,9,3,6
2017-04-25 16:00:00,9,5,4
2017-04-25 17:00:00,9,6,3
2017-04-25 18:00:00,4,3,1
2017-04-25 19:00:00,12,6,6
2017-04-25 20:00:00,4,2,2
2017-04-25 21:00:00,4,2,2
2017-04-25 22:00:00,0,0,0
2017-04-25 23:00:00,0,0,0
2017-04-26 00:00:00,0,0,0
2017-04-26 01:00:00,0,0,0
2017-04-26 02:00:00,0,0,0
2017-04-26 03:00:00,0,0,0
2017-04-26 04:00:00,0,0,0
2017-04-26 05:00:00,2,2,0
2017-04-26 06:00:00,8,4,4
2017-04-26 07:00:00,26,18,8
2017-04-26 08:00:00,21,12,9
2017-04-26 09:00:00,37,25,12
2017-04-26 10:00:00,106,63,43
2017-04-26 11:00:00,27,17,10
2017-04-26 12:00:00,32,18,14
2017-04-26 13:00:00,15,8,7
2017-04-26 14:00:00,10,3,7
2017-04-26 15:00:00,15,5,10
2017-04-26 16:00:00,16,6,10
2017-04-26 17:00:00,20,10,10
2017-04-26 18:00:00,22,7,15
2017-04-26 19:00:00,11,5,6
2017-04-26 20:00:00,7,4,3
2017-04-26 21:00:00,1,1,0
2017-04-26 22:00:00,0,0,0
2017-04-26 23:00:00,0,0,0
2017-04-27 00:00:00,0,0,0
2017-04-27 01:00:00,0,0,0
2017-04-27 02:00:00,0,0,0
2017-04-27 03:00:00,0,0,0
2017-04-27 04:00:00,0,0,0
2017-04-27 05:00:00,2,1,1
2017-04-27 06:00:00,19,9,10
2017-04-27 07:00:00,21,10,11
2017-04-27 08:00:00,21,14,7
2017-04-27 09:00:00,22,10,12
2017-04-27 10:00:00,33,17,16
2017-04-27 11:00:00,35,16,19
2017-04-27 12:00:00,35,20,15
2017-04-27 13:00:00,21,10,11
2017-04-27 14:00:00,60,30,30
2017-04-27 15:00:00,21,12,9
2017-04-27 16:00:00,16,8,8
2017-04-27 17:00:00,35,18,17
2017-04-27 18:00:00,25,11,14
2017-04-27 19:00:00,23,11,12
2017-04-27 20:00:00,11,8,3
2017-04-27 21:00:00,4,2,2
2017-04-27 22:00:00,1,1,0
2017-04-27 23:00:00,0,0,0
2017-04-28 00:00:00,0,0,0
2017-04-28 01:00:00,0,0,0
2017-04-28 02:00:00,0,0,0
2017-04-28 03:00:00,0,0,0
2017-04-28 04:00:00,0,0,0
2017-04-28 05:00:00,0,0,0
2017-04-28 06:00:00,13,6,7
2017-04-28 07:00:00,21,9,12
2017-04-28 08:00:00,28,18,10
2017-04-28 09:00:00,37,21,16
2017-04-28 10:00:00,29,17,12
2017-04-28 11:00:00,27,13,14
2017-04-28 12:00:00,31,17,14
2017-04-28 13:00:00,29,14,15
2017-04-28 14:00:00,25,10,15
2017-04-28 15:00:00,27,10,17
2017-04-28 16:00:00,39,18,21
2017-04-28 17:00:00,50,27,23
2017-04-28 18:00:00,42,23,19
2017-04-28 19:00:00,11,7,4
2017-04-28 20:00:00,4,3,1
2017-04-28 21:00:00,2,1,1
2017-04-28 22:00:00,1,0,1
2017-04-28 23:00:00,2,1,1
2017-04-29 00:00:00,0,0,0
2017-04-29 01:00:00,0,0,0
2017-04-29 02:00:00,0,0,0
2017-04-29 03:00:00,0,0,0
2017-04-29 04:00:00,0,0,0
2017-04-29 05:00:00,0,0,0
2017-04-29 06:00:00,9,3,6
2017-04-29 07:00:00,31,10,21
2017-04-29 08:00:00,61,30,31
2017-04-29 09:00:00,72,40,32
2017-04-29 10:00:00,71,37,34
2017-04-29 11:00:00,61,37,24
2017-04-29 12:00:00,49,23,26
2017-04-29 13:00:00,26,18,8
2017-04-29 14:00:00,23,12,11
2017-04-29 15:00:00,36,17,19
2017-04-29 16:00:00,25,17,8
2017-04-29 17:00:00,29,10,19
2017-04-29 18:00:00,9,4,5
2017-04-29 19:00:00,0,0,0
2017-04-29 20:00:00,4,2,2
2017-04-29 21:00:00,1,1,0
2017-04-29 22:00:00,1,0,1
2017-04-29 23:00:00,0,0,0
2017-04-30 00:00:00,0,0,0
2017-04-30 01:00:00,0,0,0
2017-04-30 02:00:00,0,0,0
2017-04-30 03:00:00,0,0,0
2017-04-30 04:00:00,0,0,0
2017-04-30 05:00:00,1,0,1
2017-04-30 06:00:00,3,1,2
2017-04-30 07:00:00,14,6,8
2017-04-30 08:00:00,34,15,19
2017-04-30 09:00:00,57,40,17
2017-04-30 10:00:00,53,32,21
2017-04-30 11:00:00,57,31,26
2017-04-30 12:00:00,48,26,22
2017-04-30 13:00:00,35,17,18
2017-04-30 14:00:00,47,26,21
2017-04-30 15:00:00,42,20,22
2017-04-30 16:00:00,54,33,21
2017-04-30 17:00:00,30,15,15
2017-04-30 18:00:00,18,8,10
2017-04-30 19:00:00,19,13,6
2017-04-30 20:00:00,3,3,0
2017-04-30 21:00:00,3,1,2
2017-04-30 22:00:00,1,1,0
2017-04-30 23:00:00,0,0,0
2017-05-01 00:00:00,0,0,0
2017-05-01 01:00:00,0,0,0
2017-05-01 02:00:00,0,0,0
2017-05-01 03:00:00,1,1,0
2017-05-01 04:00:00,2,0,2
2017-05-01 05:00:00,4,0,4
2017-05-01 06:00:00,20,13,7
2017-05-01 07:00:00,22,16,6
2017-05-01 08:00:00,29,17,12
2017-05-01 09:00:00,30,17,13
2017-05-01 10:00:00,9,5,4
2017-05-01 11:00:00,3,2,1
2017-05-01 12:00:00,10,3,7
2017-05-01 13:00:00,17,9,8
2017-05-01 14:00:00,16,9,7
2017-05-01 15:00:00,30,12,18
2017-05-01 16:00:00,34,17,17
2017-05-01 17:00:00,26,14,12
2017-05-01 18:00:00,15,6,9
2017-05-01 19:00:00,16,10,6
2017-05-01 20:00:00,2,1,1
2017-05-01 21:00:00,2,1,1
2017-05-01 22:00:00,0,0,0
2017-05-01 23:00:00,0,0,0
2017-05-02 00:00:00,0,0,0
2017-05-02 01:00:00,1,1,0
2017-05-02 02:00:00,0,0,0
2017-05-02 03:00:00,0,0,0
2017-05-02 04:00:00,4,2,2
2017-05-02 05:00:00,25,15,10
2017-05-02 06:00:00,26,16,10
2017-05-02 07:00:00,38,17,21
2017-05-02 08:00:00,36,20,16
2017-05-02 09:00:00,28,15,13
2017-05-02 10:00:00,24,14,10
2017-05-02 11:00:00,32,15,17
2017-05-02 12:00:00,21,11,10
2017-05-02 13:00:00,23,12,11
2017-05-02 14:00:00,20,7,13
2017-05-02 15:00:00,29,13,16
2017-05-02 16:00:00,51,26,25
2017-05-02 17:00:00,28,14,14
2017-05-02 18:00:00,26,12,14
2017-05-02 19:00:00,7,3,4
2017-05-02 20:00:00,4,3,1
2017-05-02 21:00:00,0,0,0
2017-05-02 22:00:00,0,0,0
2017-05-02 23:00:00,0,0,0
2017-05-03 00:00:00,0,0,0
2017-05-03 01:00:00,0,0,0
2017-05-03 02:00:00,0,0,0
2017-05-03 03:00:00,0,0,0
2017-05-03 04:00:00,1,0,1
2017-05-03 05:00:00,16,8,8
2017-05-03 06:00:00,22,14,8
2017-05-03 07:00:00,21,18,3
2017-05-03 08:00:00,26,12,14
2017-05-03 09:00:00,23,16,7
2017-05-03 10:00:00,33,15,18
2017-05-03 11:00:00,30,21,9
2017-05-03 12:00:00,33,15,18
2017-05-03 13:00:00,34,14,20
2017-05-03 14:00:00,30,14,16
2017-05-03 15:00:00,34,21,13
2017-05-03 16:00:00,67,30,37
2017-05-03 17:00:00,65,34,31
2017-05-03 18:00:00,40,23,17
2017-05-03 19:00:00,21,13,8
2017-05-03 20:00:00,2,1,1
2017-05-03 21:00:00,1,0,1
2017-05-03 22:00:00,0,0,0
2017-05-03 23:00:00,1,0,1
2017-05-04 00:00:00,0,0,0
2017-05-04 01:00:00,0,0,0
2017-05-04 02:00:00,0,0,0
2017-05-04 03:00:00,1,0,1
2017-05-04 04:00:00,3,1,2
2017-05-04 05:00:00,16,11,5
2017-05-04 06:00:00,29,15,14
2017-05-04 07:00:00,30,23,7
2017-05-04 08:00:00,46,23,23
2017-05-04 09:00:00,30,14,16
2017-05-04 10:00:00,31,16,15
2017-05-04 11:00:00,37,17,20
2017-05-04 12:00:00,41,23,18
2017-05-04 13:00:00,30,20,10
2017-05-04 14:00:00,28,14,14
2017-05-04 15:00:00,13,5,8
2017-05-04 16:00:00,11,6,5
2017-05-04 17:00:00,7,1,6
2017-05-04 18:00:00,15,7,8
2017-05-04 19:00:00,17,10,7
2017-05-04 20:00:00,3,2,1
2017-05-04 21:00:00,0,0,0
2017-05-04 22:00:00,2,1,1
2017-05-04 23:00:00,0,0,0
2017-05-05 00:00:00,0,0,0
2017-05-05 01:00:00,0,0,0
2017-05-05 02:00:00,0,0,0
2017-05-05 03:00:00,0,0,0
2017-05-05 04:00:00,1,0,1
2017-05-05 05:00:00,17,9,8
2017-05-05 06:00:00,28,20,8
2017-05-05 07:00:00,39,19,20
2017-05-05 08:00:00,31,20,11
2017-05-05 09:00:00,16,7,9
2017-05-05 10:00:00,11,3,8
2017-05-05 11:00:00,27,14,13
2017-05-05 12:00:00,29,14,15
2017-05-05 13:00:00,19,9,10
2017-05-05 14:00:00,24,14,10
2017-05-05 15:00:00,21,10,11
2017-05-05 16:00:00,42,16,26
2017-05-05 17:00:00,28,16,12
2017-05-05 18:00:00,14,7,7
2017-05-05 19:00:00,13,7,6
2017-05-05 20:00:00,1,1,0
2017-05-05 21:00:00,0,0,0
2017-05-05 22:00:00,0,0,0
2017-05-05 23:00:00,0,0,0
2017-05-06 00:00:00,0,0,0
2017-05-06 01:00:00,0,0,0
2017-05-06 02:00:00,0,0,0
2017-05-06 03:00:00,0,0,0
2017-05-06 04:00:00,0,0,0
2017-05-06 05:00:00,5,2,3
2017-05-06 06:00:00,24,11,13
2017-05-06 07:00:00,71,31,40
2017-05-06 08:00:00,95,42,53
2017-05-06 09:00:00,73,45,28
2017-05-06 10:00:00,62,38,24
2017-05-06 11:00:00,46,22,24
2017-05-06 12:00:00,80,45,35
2017-05-06 13:00:00,42,25,17
2017-05-06 14:00:00,42,24,18
2017-05-06 15:00:00,43,19,24
2017-05-06 16:00:00,41,20,21
2017-05-06 17:00:00,19,7,12
2017-05-06 18:00:00,17,9,8
2017-05-06 19:00:00,9,6,3
2017-05-06 20:00:00,3,1,2
2017-05-06 21:00:00,0,0,0
2017-05-06 22:00:00,0,0,0
2017-05-06 23:00:00,0,0,0
2017-05-07 00:00:00,0,0,0
2017-05-07 01:00:00,0,0,0
2017-05-07 02:00:00,0,0,0
2017-05-07 03:00:00,0,0,0
2017-05-07 04:00:00,3,1,2
2017-05-07 05:00:00,2,0,2
2017-05-07 06:00:00,18,8,10
2017-05-07 07:00:00,34,13,21
2017-05-07 08:00:00,67,29,38
2017-05-07 09:00:00,64,29,35
2017-05-07 10:00:00,61,30,31
2017-05-07 11:00:00,52,34,18
2017-05-07 12:00:00,64,31,33
2017-05-07 13:00:00,52,24,28
2017-05-07 14:00:00,54,31,23
2017-05-07 15:00:00,58,35,23
2017-05-07 16:00:00,37,21,16
2017-05-07 17:00:00,36,14,22
2017-05-07 18:00:00,15,10,5
2017-05-07 19:00:00,12,8,4
2017-05-07 20:00:00,4,1,3
2017-05-07 21:00:00,4,2,2
2017-05-07 22:00:00,0,0,0
2017-05-07 23:00:00,0,0,0
2017-05-08 00:00:00,0,0,0
2017-05-08 01:00:00,0,0,0
2017-05-08 02:00:00,0,0,0
2017-05-08 03:00:00,0,0,0
2017-05-08 04:00:00,2,0,2
2017-05-08 05:00:00,22,13,9
2017-05-08 06:00:00,15,10,5
2017-05-08 07:00:00,27,18,9
2017-05-08 08:00:00,29,18,11
2017-05-08 09:00:00,35,17,18
2017-05-08 10:00:00,21,11,10
2017-05-08 11:00:00,18,9,9
2017-05-08 12:00:00,28,14,14
2017-05-08 13:00:00,27,14,13
2017-05-08 14:00:00,28,13,15
2017-05-08 15:00:00,28,13,15
2017-05-08 16:00:00,46,15,31
2017-05-08 17:00:00,50,27,23
2017-05-08 18:00:00,28,14,14
2017-05-08 19:00:00,15,9,6
2017-05-08 20:00:00,2,1,1
2017-05-08 21:00:00,0,0,0
2017-05-08 22:00:00,0,0,0
2017-05-08 23:00:00,0,0,0
2017-05-09 00:00:00,0,0,0
2017-05-09 01:00:00,0,0,0
2017-05-09 02:00:00,0,0,0
2017-05-09 03:00:00,0,0,0
2017-05-09 04:00:00,2,0,2
2017-05-09 05:00:00,14,7,7
2017-05-09 06:00:00,28,17,11
2017-05-09 07:00:00,38,26,12
2017-05-09 08:00:00,22,9,13
2017-05-09 09:00:00,14,5,9
2017-05-09 10:00:00,28,19,9
2017-05-09 11:00:00,17,10,7
2017-05-09 12:00:00,29,17,12
2017-05-09 13:00:00,31,15,16
2017-05-09 14:00:00,30,14,16
2017-05-09 15:00:00,42,22,20
2017-05-09 16:00:00,45,20,25
2017-05-09 17:00:00,46,25,21
2017-05-09 18:00:00,35,18,17
2017-05-09 19:00:00,26,16,10
2017-05-09 20:00:00,4,3,1
2017-05-09 21:00:00,0,0,0
2017-05-09 22:00:00,0,0,0
2017-05-09 23:00:00,0,0,0
2017-05-10 00:00:00,0,0,0
2017-05-10 01:00:00,0,0,0
2017-05-10 02:00:00,0,0,0
2017-05-10 03:00:00,0,0,0
2017-05-10 04:00:00,1,0,1
2017-05-10 05:00:00,20,9,11
2017-05-10 06:00:00,23,17,6
2017-05-10 07:00:00,24,17,7
2017-05-10 08:00:00,39,20,19
2017-05-10 09:00:00,33,13,20
2017-05-10 10:00:00,25,15,10
2017-05-10 11:00:00,29,14,15
2017-05-10 12:00:00,27,13,14
2017-05-10 13:00:00,38,26,12
2017-05-10 14:00:00,24,7,17
2017-05-10 15:00:00,39,18,21
2017-05-10 16:00:00,42,20,22
2017-05-10 17:00:00,37,17,20
2017-05-10 18:00:00,31,16,15
2017-05-10 19:00:00,24,15,9
2017-05-10 20:00:00,8,4,4
2017-05-10 21:00:00,2,1,1
2017-05-10 22:00:00,0,0,0
2017-05-10 23:00:00,0,0,0
2017-05-11 00:00:00,0,0,0
2017-05-11 01:00:00,0,0,0
2017-05-11 02:00:00,0,0,0
2017-05-11 03:00:00,0,0,0
2017-05-11 04:00:00,2,1,1
2017-05-11 05:00:00,7,4,3
2017-05-11 06:00:00,31,19,12
2017-05-11 07:00:00,28,17,11
2017-05-11 08:00:00,24,13,11
2017-05-11 09:00:00,21,12,9
2017-05-11 10:00:00,11,5,6
2017-05-11 11:00:00,9,3,6
2017-05-11 12:00:00,12,8,4
2017-05-11 13:00:00,2,0,2
2017-05-11 14:00:00,14,7,7
2017-05-11 15:00:00,19,7,12
2017-05-11 16:00:00,30,13,17
2017-05-11 17:00:00,13,5,8
2017-05-11 18:00:00,23,11,12
2017-05-11 19:00:00,13,7,6
2017-05-11 20:00:00,4,4,0
2017-05-11 21:00:00,0,0,0
2017-05-11 22:00:00,0,0,0
2017-05-11 23:00:00,0,0,0
2017-05-12 00:00:00,0,0,0
2017-05-12 01:00:00,0,0,0
2017-05-12 02:00:00,0,0,0
2017-05-12 03:00:00,0,0,0
2017-05-12 04:00:00,2,1,1
2017-05-12 05:00:00,22,11,11
2017-05-12 06:00:00,21,12,9
2017-05-12 07:00:00,24,17,7
2017-05-12 08:00:00,33,17,16
2017-05-12 09:00:00,32,19,13
2017-05-12 10:00:00,24,13,11
2017-05-12 11:00:00,9,5,4
2017-05-12 12:00:00,15,6,9
2017-05-12 13:00:00,10,4,6
2017-05-12 14:00:00,27,12,15
2017-05-12 15:00:00,27,15,12
2017-05-12 16:00:00,24,9,15
2017-05-12 17:00:00,22,11,11
2017-05-12 18:00:00,16,4,12
2017-05-12 19:00:00,11,7,4
2017-05-12 20:00:00,1,0,1
2017-05-12 21:00:00,0,0,0
2017-05-12 22:00:00,2,1,1
2017-05-12 23:00:00,0,0,0
2017-05-13 00:00:00,0,0,0
2017-05-13 01:00:00,0,0,0
2017-05-13 02:00:00,0,0,0
2017-05-13 03:00:00,0,0,0
2017-05-13 04:00:00,0,0,0
2017-05-13 05:00:00,3,1,2
2017-05-13 06:00:00,11,3,8
2017-05-13 07:00:00,35,17,18
2017-05-13 08:00:00,62,30,32
2017-05-13 09:00:00,63,39,24
2017-05-13 10:00:00,59,30,29
2017-05-13 11:00:00,39,24,15
2017-05-13 12:00:00,35,16,19
2017-05-13 13:00:00,41,18,23
2017-05-13 14:00:00,60,26,34
2017-05-13 15:00:00,40,23,17
2017-05-13 16:00:00,47,25,22
2017-05-13 17:00:00,16,10,6
2017-05-13 18:00:00,5,3,2
2017-05-13 19:00:00,4,1,3
2017-05-13 20:00:00,2,1,1
2017-05-13 21:00:00,0,0,0
2017-05-13 22:00:00,2,1,1
2017-05-13 23:00:00,0,0,0
2017-05-14 00:00:00,0,0,0
2017-05-14 01:00:00,0,0,0
2017-05-14 02:00:00,0,0,0
2017-05-14 03:00:00,0,0,0
2017-05-14 04:00:00,1,0,1
2017-05-14 05:00:00,2,2,0
2017-05-14 06:00:00,20,6,14
2017-05-14 07:00:00,57,38,19
2017-05-14 08:00:00,22,10,12
2017-05-14 09:00:00,56,28,28
2017-05-14 10:00:00,29,16,13
2017-05-14 11:00:00,54,29,25
2017-05-14 12:00:00,59,37,22
2017-05-14 13:00:00,37,19,18
2017-05-14 14:00:00,39,13,26
2017-05-14 15:00:00,45,27,18
2017-05-14 16:00:00,40,24,16
2017-05-14 17:00:00,9,4,5
2017-05-14 18:00:00,17,8,9
2017-05-14 19:00:00,2,1,1
2017-05-14 20:00:00,7,3,4
2017-05-14 21:00:00,1,1,0
2017-05-14 22:00:00,0,0,0
2017-05-14 23:00:00,0,0,0
2017-05-15 00:00:00,0,0,0
2017-05-15 01:00:00,0,0,0
2017-05-15 02:00:00,0,0,0
2017-05-15 03:00:00,2,1,1
2017-05-15 04:00:00,4,1,3
2017-05-15 05:00:00,28,14,14
2017-05-15 06:00:00,22,11,11
2017-05-15 07:00:00,27,18,9
2017-05-15 08:00:00,27,15,12
2017-05-15 09:00:00,23,8,15
2017-05-15 10:00:00,23,14,9
2017-05-15 11:00:00,24,15,9
2017-05-15 12:00:00,17,9,8
2017-05-15 13:00:00,11,4,7
2017-05-15 14:00:00,14,5,9
2017-05-15 15:00:00,10,3,7
2017-05-15 16:00:00,19,10,9
2017-05-15 17:00:00,13,4,9
2017-05-15 18:00:00,10,4,6
2017-05-15 19:00:00,6,5,1
2017-05-15 20:00:00,0,0,0
2017-05-15 21:00:00,0,0,0
2017-05-15 22:00:00,0,0,0
2017-05-15 23:00:00,0,0,0
2017-05-16 00:00:00,0,0,0
2017-05-16 01:00:00,0,0,0
2017-05-16 02:00:00,0,0,0
2017-05-16 03:00:00,0,0,0
2017-05-16 04:00:00,0,0,0
2017-05-16 05:00:00,4,2,2
2017-05-16 06:00:00,9,5,4
2017-05-16 07:00:00,14,9,5
2017-05-16 08:00:00,22,11,11
2017-05-16 09:00:00,13,7,6
2017-05-16 10:00:00,7,2,5
2017-05-16 11:00:00,22,11,11
2017-05-16 12:00:00,20,11,9
2017-05-16 13:00:00,19,8,11
2017-05-16 14:00:00,18,9,9
2017-05-16 15:00:00,32,14,18
2017-05-16 16:00:00,32,17,15
2017-05-16 17:00:00,39,20,19
2017-05-16 18:00:00,22,12,10
2017-05-16 19:00:00,7,3,4
2017-05-16 20:00:00,5,3,2
2017-05-16 21:00:00,1,0,1
2017-05-16 22:00:00,2,1,1
2017-05-16 23:00:00,0,0,0
2017-05-17 00:00:00,0,0,0
2017-05-17 01:00:00,0,0,0
2017-05-17 02:00:00,0,0,0
2017-05-17 03:00:00,0,0,0
2017-05-17 04:00:00,3,1,2
2017-05-17 05:00:00,10,8,2
2017-05-17 06:00:00,18,13,5
2017-05-17 07:00:00,33,17,16
2017-05-17 08:00:00,37,20,17
2017-05-17 09:00:00,29,19,10
2017-05-17 10:00:00,32,15,17
2017-05-17 11:00:00,30,14,16
2017-05-17 12:00:00,30,16,14
2017-05-17 13:00:00,18,10,8
2017-05-17 14:00:00,21,11,10
2017-05-17 15:00:00,48,20,28
2017-05-17 16:00:00,42,19,23
2017-05-17 17:00:00,41,22,19
2017-05-17 18:00:00,32,14,18
2017-05-17 19:00:00,16,9,7
2017-05-17 20:00:00,1,1,0
2017-05-17 21:00:00,0,0,0
2017-05-17 22:00:00,0,0,0
2017-05-17 23:00:00,1,0,1
2017-05-18 00:00:00,0,0,0
2017-05-18 01:00:00,0,0,0
2017-05-18 02:00:00,0,0,0
2017-05-18 03:00:00,1,0,1
2017-05-18 04:00:00,6,2,4
2017-05-18 05:00:00,21,11,10
2017-05-18 06:00:00,26,18,8
2017-05-18 07:00:00,32,20,12
2017-05-18 08:00:00,35,21,14
2017-05-18 09:00:00,39,18,21
2017-05-18 10:00:00,33,20,13
2017-05-18 11:00:00,25,13,12
2017-05-18 12:00:00,25,14,11
2017-05-18 13:00:00,20,11,9
2017-05-18 14:00:00,25,14,11
2017-05-18 15:00:00,33,15,18
2017-05-18 16:00:00,38,15,23
2017-05-18 17:00:00,48,22,26
2017-05-18 18:00:00,27,17,10
2017-05-18 19:00:00,13,7,6
2017-05-18 20:00:00,7,4,3
2017-05-18 21:00:00,0,0,0
2017-05-18 22:00:00,0,0,0
2017-05-18 23:00:00,0,0,0
2017-05-19 00:00:00,0,0,0
2017-05-19 01:00:00,0,0,0
2017-05-19 02:00:00,0,0,0
2017-05-19 03:00:00,1,0,1
2017-05-19 04:00:00,5,2,3
2017-05-19 05:00:00,30,19,11
2017-05-19 06:00:00,29,15,14
2017-05-19 07:00:00,39,26,13
2017-05-19 08:00:00,38,21,17
2017-05-19 09:00:00,33,15,18
2017-05-19 10:00:00,28,13,15
2017-05-19 11:00:00,40,21,19
2017-05-19 12:00:00,25,10,15
2017-05-19 13:00:00,38,18,20
2017-05-19 14:00:00,35,17,18
2017-05-19 15:00:00,50,25,25
2017-05-19 16:00:00,57,31,26
2017-05-19 17:00:00,31,20,11
2017-05-19 18:00:00,16,11,5
2017-05-19 19:00:00,11,6,5
2017-05-19 20:00:00,4,1,3
2017-05-19 21:00:00,1,1,0
2017-05-19 22:00:00,0,0,0
2017-05-19 23:00:00,1,0,1
2017-05-20 00:00:00,0,0,0
2017-05-20 01:00:00,0,0,0
2017-05-20 02:00:00,0,0,0
2017-05-20 03:00:00,0,0,0
2017-05-20 04:00:00,2,1,1
2017-05-20 05:00:00,8,1,7
2017-05-20 06:00:00,33,16,17
2017-05-20 07:00:00,97,26,71
2017-05-20 08:00:00,116,84,32
2017-05-20 09:00:00,89,44,45
2017-05-20 10:00:00,72,38,34
2017-05-20 11:00:00,51,33,18
2017-05-20 12:00:00,51,27,24
2017-05-20 13:00:00,44,21,23
2017-05-20 14:00:00,44,21,23
2017-05-20 15:00:00,28,20,8
2017-05-20 16:00:00,24,16,8
2017-05-20 17:00:00,30,15,15
2017-05-20 18:00:00,25,15,10
2017-05-20 19:00:00,6,2,4
2017-05-20 20:00:00,1,1,0
2017-05-20 21:00:00,1,1,0
2017-05-20 22:00:00,0,0,0
2017-05-20 23:00:00,0,0,0
2017-05-21 00:00:00,0,0,0
2017-05-21 01:00:00,0,0,0
2017-05-21 02:00:00,0,0,0
2017-05-21 03:00:00,0,0,0
2017-05-21 04:00:00,1,0,1
2017-05-21 05:00:00,11,4,7
2017-05-21 06:00:00,26,13,13
2017-05-21 07:00:00,33,15,18
2017-05-21 08:00:00,71,31,40
2017-05-21 09:00:00,78,42,36
2017-05-21 10:00:00,78,44,34
2017-05-21 11:00:00,60,34,26
2017-05-21 12:00:00,60,26,34
2017-05-21 13:00:00,59,35,24
2017-05-21 14:00:00,61,31,30
2017-05-21 15:00:00,59,39,20
2017-05-21 16:00:00,38,21,17
2017-05-21 17:00:00,28,15,13
2017-05-21 18:00:00,22,9,13
2017-05-21 19:00:00,23,13,10
2017-05-21 20:00:00,12,8,4
2017-05-21 21:00:00,6,2,4
2017-05-21 22:00:00,2,1,1
2017-05-21 23:00:00,1,0,1
2017-05-22 00:00:00,0,0,0
2017-05-22 01:00:00,0,0,0
2017-05-22 02:00:00,0,0,0
2017-05-22 03:00:00,0,0,0
2017-05-22 04:00:00,3,0,3
2017-05-22 05:00:00,26,16,10
2017-05-22 06:00:00,25,19,6
2017-05-22 07:00:00,28,19,9
2017-05-22 08:00:00,20,12,8
2017-05-22 09:00:00,25,13,12
2017-05-22 10:00:00,27,15,12
2017-05-22 11:00:00,31,17,14
2017-05-22 12:00:00,29,15,14
2017-05-22 13:00:00,26,12,14
2017-05-22 14:00:00,22,10,12
2017-05-22 15:00:00,27,12,15
2017-05-22 16:00:00,43,18,25
2017-05-22 17:00:00,30,17,13
2017-05-22 18:00:00,32,17,15
2017-05-22 19:00:00,33,15,18
2017-05-22 20:00:00,5,3,2
2017-05-22 21:00:00,2,2,0
2017-05-22 22:00:00,0,0,0
2017-05-22 23:00:00,0,0,0
2017-05-23 00:00:00,0,0,0
2017-05-23 01:00:00,0,0,0
2017-05-23 02:00:00,0,0,0
2017-05-23 03:00:00,1,0,1
2017-05-23 04:00:00,3,1,2
2017-05-23 05:00:00,21,11,10
2017-05-23 06:00:00,44,28,16
2017-05-23 07:00:00,44,27,17
2017-05-23 08:00:00,35,18,17
2017-05-23 09:00:00,26,16,10
2017-05-23 10:00:00,18,10,8
2017-05-23 11:00:00,31,15,16
2017-05-23 12:00:00,28,15,13
2017-05-23 13:00:00,12,8,4
2017-05-23 14:00:00,24,11,13
2017-05-23 15:00:00,45,20,25
2017-05-23 16:00:00,47,25,22
2017-05-23 17:00:00,44,22,22
2017-05-23 18:00:00,33,18,15
2017-05-23 19:00:00,10,5,5
2017-05-23 20:00:00,6,2,4
2017-05-23 21:00:00,0,0,0
2017-05-23 22:00:00,0,0,0
2017-05-23 23:00:00,0,0,0
2017-05-24 00:00:00,0,0,0
2017-05-24 01:00:00,0,0,0
2017-05-24 02:00:00,0,0,0
2017-05-24 03:00:00,1,1,0
2017-05-24 04:00:00,4,1,3
2017-05-24 05:00:00,20,12,8
2017-05-24 06:00:00,23,17,6
2017-05-24 07:00:00,32,15,17
2017-05-24 08:00:00,35,19,16
2017-05-24 09:00:00,23,12,11
2017-05-24 10:00:00,23,13,10
2017-05-24 11:00:00,25,11,14
2017-05-24 12:00:00,18,9,9
2017-05-24 13:00:00,18,9,9
2017-05-24 14:00:00,25,14,11
2017-05-24 15:00:00,32,11,21
2017-05-24 16:00:00,52,23,29
2017-05-24 17:00:00,34,17,17
2017-05-24 18:00:00,24,11,13
2017-05-24 19:00:00,31,14,17
2017-05-24 20:00:00,5,3,2
2017-05-24 21:00:00,1,1,0
2017-05-24 22:00:00,0,0,0
2017-05-24 23:00:00,0,0,0
2017-05-25 00:00:00,2,1,1
2017-05-25 01:00:00,0,0,0
2017-05-25 02:00:00,0,0,0
2017-05-25 03:00:00,0,0,0
2017-05-25 04:00:00,12,6,6
2017-05-25 05:00:00,20,10,10
2017-05-25 06:00:00,32,20,12
2017-05-25 07:00:00,34,20,14
2017-05-25 08:00:00,25,13,12
2017-05-25 09:00:00,30,12,18
2017-05-25 10:00:00,29,16,13
2017-05-25 11:00:00,15,9,6
2017-05-25 12:00:00,30,14,16
2017-05-25 13:00:00,30,14,16
2017-05-25 14:00:00,10,6,4
2017-05-25 15:00:00,41,20,21
2017-05-25 16:00:00,43,21,22
2017-05-25 17:00:00,38,16,22
2017-05-25 18:00:00,25,8,17
2017-05-25 19:00:00,18,13,5
2017-05-25 20:00:00,5,2,3
2017-05-25 21:00:00,1,1,0
2017-05-25 22:00:00,0,0,0
2017-05-25 23:00:00,0,0,0
2017-05-26 00:00:00,1,1,0
2017-05-26 01:00:00,0,0,0
2017-05-26 02:00:00,0,0,0
2017-05-26 03:00:00,0,0,0
2017-05-26 04:00:00,5,3,2
2017-05-26 05:00:00,16,8,8
2017-05-26 06:00:00,37,18,19
2017-05-26 07:00:00,30,18,12
2017-05-26 08:00:00,33,14,19
2017-05-26 09:00:00,45,24,21
2017-05-26 10:00:00,31,16,15
2017-05-26 11:00:00,29,19,10
2017-05-26 12:00:00,23,11,12
2017-05-26 13:00:00,31,17,14
2017-05-26 14:00:00,26,15,11
2017-05-26 15:00:00,32,13,19
2017-05-26 16:00:00,42,17,25
2017-05-26 17:00:00,28,14,14
2017-05-26 18:00:00,10,4,6
2017-05-26 19:00:00,6,3,3
2017-05-26 20:00:00,13,6,7
2017-05-26 21:00:00,2,1,1
2017-05-26 22:00:00,0,0,0
2017-05-26 23:00:00,0,0,0
2017-05-27 00:00:00,0,0,0
2017-05-27 01:00:00,0,0,0
2017-05-27 02:00:00,0,0,0
2017-05-27 03:00:00,0,0,0
2017-05-27 04:00:00,0,0,0
2017-05-27 05:00:00,17,6,11
2017-05-27 06:00:00,24,10,14
2017-05-27 07:00:00,53,23,30
2017-05-27 08:00:00,67,40,27
2017-05-27 09:00:00,76,43,33
2017-05-27 10:00:00,30,16,14
2017-05-27 11:00:00,26,18,8
2017-05-27 12:00:00,36,24,12
2017-05-27 13:00:00,29,17,12
2017-05-27 14:00:00,29,11,18
2017-05-27 15:00:00,30,15,15
2017-05-27 16:00:00,29,14,15
2017-05-27 17:00:00,10,7,3
2017-05-27 18:00:00,11,6,5
2017-05-27 19:00:00,6,3,3
2017-05-27 20:00:00,5,3,2
2017-05-27 21:00:00,0,0,0
2017-05-27 22:00:00,0,0,0
2017-05-27 23:00:00,0,0,0
2017-05-28 00:00:00,0,0,0
2017-05-28 01:00:00,0,0,0
2017-05-28 02:00:00,0,0,0
2017-05-28 03:00:00,0,0,0
2017-05-28 04:00:00,2,1,1
2017-05-28 05:00:00,6,3,3
2017-05-28 06:00:00,22,8,14
2017-05-28 07:00:00,46,21,25
2017-05-28 08:00:00,73,44,29
2017-05-28 09:00:00,61,33,28
2017-05-28 10:00:00,36,27,9
2017-05-28 11:00:00,26,17,9
2017-05-28 12:00:00,30,17,13
2017-05-28 13:00:00,43,19,24
2017-05-28 14:00:00,32,20,12
2017-05-28 15:00:00,37,22,15
2017-05-28 16:00:00,20,12,8
2017-05-28 17:00:00,12,8,4
2017-05-28 18:00:00,19,11,8
2017-05-28 19:00:00,14,10,4
2017-05-28 20:00:00,2,0,2
2017-05-28 21:00:00,5,3,2
2017-05-28 22:00:00,0,0,0
2017-05-28 23:00:00,0,0,0
2017-05-29 00:00:00,0,0,0
2017-05-29 01:00:00,0,0,0
2017-05-29 02:00:00,1,1,0
2017-05-29 03:00:00,0,0,0
2017-05-29 04:00:00,1,1,0
2017-05-29 05:00:00,6,3,3
2017-05-29 06:00:00,15,6,9
2017-05-29 07:00:00,51,28,23
2017-05-29 08:00:00,45,23,22
2017-05-29 09:00:00,49,25,24
2017-05-29 10:00:00,55,26,29
2017-05-29 11:00:00,45,21,24
2017-05-29 12:00:00,41,22,19
2017-05-29 13:00:00,61,32,29
2017-05-29 14:00:00,47,27,20
2017-05-29 15:00:00,42,28,14
2017-05-29 16:00:00,42,18,24
2017-05-29 17:00:00,32,16,16
2017-05-29 18:00:00,22,10,12
2017-05-29 19:00:00,10,6,4
2017-05-29 20:00:00,7,3,4
2017-05-29 21:00:00,2,1,1
2017-05-29 22:00:00,0,0,0
2017-05-29 23:00:00,0,0,0
2017-05-30 00:00:00,0,0,0
2017-05-30 01:00:00,0,0,0
2017-05-30 02:00:00,0,0,0
2017-05-30 03:00:00,0,0,0
2017-05-30 04:00:00,3,2,1
2017-05-30 05:00:00,18,6,12
2017-05-30 06:00:00,28,17,11
2017-05-30 07:00:00,29,19,10
2017-05-30 08:00:00,27,15,12
2017-05-30 09:00:00,23,11,12
2017-05-30 10:00:00,14,7,7
2017-05-30 11:00:00,15,5,10
2017-05-30 12:00:00,21,12,9
2017-05-30 13:00:00,13,5,8
2017-05-30 14:00:00,15,9,6
2017-05-30 15:00:00,24,8,16
2017-05-30 16:00:00,40,20,20
2017-05-30 17:00:00,29,12,17
2017-05-30 18:00:00,24,12,12
2017-05-30 19:00:00,5,2,3
2017-05-30 20:00:00,7,4,3
2017-05-30 21:00:00,0,0,0
2017-05-30 22:00:00,0,0,0
2017-05-30 23:00:00,0,0,0
2017-05-31 00:00:00,0,0,0
2017-05-31 01:00:00,0,0,0
2017-05-31 02:00:00,0,0,0
2017-05-31 03:00:00,0,0,0
2017-05-31 04:00:00,0,0,0
2017-05-31 05:00:00,29,14,15
2017-05-31 06:00:00,28,16,12
2017-05-31 07:00:00,35,20,15
2017-05-31 08:00:00,35,18,17
2017-05-31 09:00:00,36,17,19
2017-05-31 10:00:00,33,16,17
2017-05-31 11:00:00,29,13,16
2017-05-31 12:00:00,32,13,19
2017-05-31 13:00:00,19,12,7
2017-05-31 14:00:00,19,6,13
2017-05-31 15:00:00,30,13,17
2017-05-31 16:00:00,48,24,24
2017-05-31 17:00:00,47,24,23
2017-05-31 18:00:00,31,16,15
2017-05-31 19:00:00,24,14,10
2017-05-31 20:00:00,7,4,3
2017-05-31 21:00:00,0,0,0
2017-05-31 22:00:00,0,0,0
2017-05-31 23:00:00,1,0,1
2017-06-01 00:00:00,0,0,0
2017-06-01 01:00:00,0,0,0
2017-06-01 02:00:00,0,0,0
2017-06-01 03:00:00,0,0,0
2017-06-01 04:00:00,2,1,1
2017-06-01 05:00:00,25,12,13
2017-06-01 06:00:00,27,15,12
2017-06-01 07:00:00,17,12,5
2017-06-01 08:00:00,27,14,13
2017-06-01 09:00:00,38,16,22
2017-06-01 10:00:00,2,1,1
2017-06-01 11:00:00,26,16,10
2017-06-01 12:00:00,23,9,14
2017-06-01 13:00:00,27,17,10
2017-06-01 14:00:00,20,11,9
2017-06-01 15:00:00,21,9,12
2017-06-01 16:00:00,44,16,28
2017-06-01 17:00:00,50,27,23
2017-06-01 18:00:00,29,17,12
2017-06-01 19:00:00,32,17,15
2017-06-01 20:00:00,20,9,11
2017-06-01 21:00:00,4,2,2
2017-06-01 22:00:00,0,0,0
2017-06-01 23:00:00,0,0,0
2017-06-02 00:00:00,0,0,0
2017-06-02 01:00:00,1,1,0
2017-06-02 02:00:00,0,0,0
2017-06-02 03:00:00,0,0,0
2017-06-02 04:00:00,1,1,0
2017-06-02 05:00:00,7,3,4
2017-06-02 06:00:00,21,10,11
2017-06-02 07:00:00,31,20,11
2017-06-02 08:00:00,36,20,16
2017-06-02 09:00:00,17,10,7
2017-06-02 10:00:00,34,19,15
2017-06-02 11:00:00,31,13,18
2017-06-02 12:00:00,39,21,18
2017-06-02 13:00:00,20,14,6
2017-06-02 14:00:00,32,16,16
2017-06-02 15:00:00,31,18,13
2017-06-02 16:00:00,33,16,17
2017-06-02 17:00:00,65,30,35
2017-06-02 18:00:00,32,13,19
2017-06-02 19:00:00,31,14,17
2017-06-02 20:00:00,6,3,3
2017-06-02 21:00:00,6,3,3
2017-06-02 22:00:00,7,7,0
2017-06-02 23:00:00,2,1,1
2017-06-03 00:00:00,0,0,0
2017-06-03 01:00:00,0,0,0
2017-06-03 02:00:00,0,0,0
2017-06-03 03:00:00,0,0,0
2017-06-03 04:00:00,0,0,0
2017-06-03 05:00:00,1,0,1
2017-06-03 06:00:00,9,2,7
2017-06-03 07:00:00,23,14,9
2017-06-03 08:00:00,60,26,34
2017-06-03 09:00:00,62,36,26
2017-06-03 10:00:00,56,34,22
2017-06-03 11:00:00,52,22,30
2017-06-03 12:00:00,41,24,17
2017-06-03 13:00:00,47,25,22
2017-06-03 14:00:00,52,32,20
2017-06-03 15:00:00,49,22,27
2017-06-03 16:00:00,33,20,13
2017-06-03 17:00:00,31,15,16
2017-06-03 18:00:00,29,17,12
2017-06-03 19:00:00,22,13,9
2017-06-03 20:00:00,14,7,7
2017-06-03 21:00:00,11,7,4
2017-06-03 22:00:00,1,0,1
2017-06-03 23:00:00,0,0,0
2017-06-04 00:00:00,0,0,0
2017-06-04 01:00:00,0,0,0
2017-06-04 02:00:00,0,0,0
2017-06-04 03:00:00,0,0,0
2017-06-04 04:00:00,0,0,0
2017-06-04 05:00:00,1,0,1
2017-06-04 06:00:00,5,1,4
2017-06-04 07:00:00,16,8,8
2017-06-04 08:00:00,33,16,17
2017-06-04 09:00:00,70,35,35
2017-06-04 10:00:00,47,27,20
2017-06-04 11:00:00,58,23,35
2017-06-04 12:00:00,55,31,24
2017-06-04 13:00:00,45,27,18
2017-06-04 14:00:00,38,19,19
2017-06-04 15:00:00,42,20,22
2017-06-04 16:00:00,49,24,25
2017-06-04 17:00:00,95,54,41
2017-06-04 18:00:00,30,16,14
2017-06-04 19:00:00,19,9,10
2017-06-04 20:00:00,5,3,2
2017-06-04 21:00:00,6,3,3
2017-06-04 22:00:00,1,1,0
2017-06-04 23:00:00,0,0,0
2017-06-05 00:00:00,0,0,0
2017-06-05 01:00:00,0,0,0
2017-06-05 02:00:00,0,0,0
2017-06-05 03:00:00,0,0,0
2017-06-05 04:00:00,0,0,0
2017-06-05 05:00:00,1,1,0
2017-06-05 06:00:00,19,9,10
2017-06-05 07:00:00,25,17,8
2017-06-05 08:00:00,21,11,10
2017-06-05 09:00:00,39,20,19
2017-06-05 10:00:00,34,17,17
2017-06-05 11:00:00,34,20,14
2017-06-05 12:00:00,38,21,17
2017-06-05 13:00:00,21,11,10
2017-06-05 14:00:00,25,15,10
2017-06-05 15:00:00,19,11,8
2017-06-05 16:00:00,35,19,16
2017-06-05 17:00:00,49,22,27
2017-06-05 18:00:00,63,36,27
2017-06-05 19:00:00,45,28,17
2017-06-05 20:00:00,21,12,9
2017-06-05 21:00:00,8,5,3
2017-06-05 22:00:00,4,3,1
2017-06-05 23:00:00,0,0,0
2017-06-06 00:00:00,0,0,0
2017-06-06 01:00:00,0,0,0
2017-06-06 02:00:00,0,0,0
2017-06-06 03:00:00,0,0,0
2017-06-06 04:00:00,0,0,0
2017-06-06 05:00:00,1,1,0
2017-06-06 06:00:00,23,11,12
2017-06-06 07:00:00,29,18,11
2017-06-06 08:00:00,48,28,20
2017-06-06 09:00:00,33,21,12
2017-06-06 10:00:00,43,26,17
2017-06-06 11:00:00,19,11,8
2017-06-06 12:00:00,22,10,12
2017-06-06 13:00:00,22,16,6
2017-06-06 14:00:00,21,10,11
2017-06-06 15:00:00,27,15,12
2017-06-06 16:00:00,35,14,21
2017-06-06 17:00:00,58,19,39
2017-06-06 18:00:00,50,25,25
2017-06-06 19:00:00,42,20,22
2017-06-06 20:00:00,18,13,5
2017-06-06 21:00:00,20,8,12
2017-06-06 22:00:00,1,1,0
2017-06-06 23:00:00,0,0,0
2017-06-07 00:00:00,0,0,0
2017-06-07 01:00:00,0,0,0
2017-06-07 02:00:00,0,0,0
2017-06-07 03:00:00,0,0,0
2017-06-07 04:00:00,1,0,1
2017-06-07 05:00:00,3,2,1
2017-06-07 06:00:00,22,10,12
2017-06-07 07:00:00,27,12,15
2017-06-07 08:00:00,30,21,9
2017-06-07 09:00:00,40,18,22
2017-06-07 10:00:00,44,20,24
2017-06-07 11:00:00,27,17,10
2017-06-07 12:00:00,31,17,14
2017-06-07 13:00:00,33,19,14
2017-06-07 14:00:00,11,4,7
2017-06-07 15:00:00,24,13,11
2017-06-07 16:00:00,29,10,19
2017-06-07 17:00:00,43,23,20
2017-06-07 18:00:00,33,16,17
2017-06-07 19:00:00,28,15,13
2017-06-07 20:00:00,15,10,5
2017-06-07 21:00:00,8,4,4
2017-06-07 22:00:00,1,1,0
2017-06-07 23:00:00,0,0,0
2017-06-08 00:00:00,0,0,0
2017-06-08 01:00:00,0,0,0
2017-06-08 02:00:00,0,0,0
2017-06-08 03:00:00,0,0,0
2017-06-08 04:00:00,0,0,0
2017-06-08 05:00:00,3,1,2
2017-06-08 06:00:00,8,4,4
2017-06-08 07:00:00,5,3,2
2017-06-08 08:00:00,13,9,4
2017-06-08 09:00:00,14,6,8
2017-06-08 10:00:00,16,8,8
2017-06-08 11:00:00,21,12,9
2017-06-08 12:00:00,14,6,8
2017-06-08 13:00:00,6,3,3
2017-06-08 14:00:00,20,10,10
2017-06-08 15:00:00,30,16,14
2017-06-08 16:00:00,26,11,15
2017-06-08 17:00:00,44,22,22
2017-06-08 18:00:00,24,16,8
2017-06-08 19:00:00,28,12,16
2017-06-08 20:00:00,14,7,7
2017-06-08 21:00:00,12,9,3
2017-06-08 22:00:00,0,0,0
2017-06-08 23:00:00,0,0,0
2017-06-09 00:00:00,0,0,0
2017-06-09 01:00:00,0,0,0
2017-06-09 02:00:00,0,0,0
2017-06-09 03:00:00,0,0,0
2017-06-09 04:00:00,0,0,0
2017-06-09 05:00:00,3,2,1
2017-06-09 06:00:00,12,5,7
2017-06-09 07:00:00,27,14,13
2017-06-09 08:00:00,24,12,12
2017-06-09 09:00:00,31,19,12
2017-06-09 10:00:00,34,17,17
2017-06-09 11:00:00,22,11,11
2017-06-09 12:00:00,28,16,12
2017-06-09 13:00:00,21,13,8
2017-06-09 14:00:00,16,8,8
2017-06-09 15:00:00,19,9,10
2017-06-09 16:00:00,23,13,10
2017-06-09 17:00:00,28,12,16
2017-06-09 18:00:00,17,9,8
2017-06-09 19:00:00,11,5,6
2017-06-09 20:00:00,9,5,4
2017-06-09 21:00:00,5,2,3
2017-06-09 22:00:00,1,1,0
2017-06-09 23:00:00,5,2,3
2017-06-10 00:00:00,0,0,0
2017-06-10 01:00:00,0,0,0
2017-06-10 02:00:00,0,0,0
2017-06-10 03:00:00,0,0,0
2017-06-10 04:00:00,0,0,0
2017-06-10 05:00:00,1,0,1
2017-06-10 06:00:00,7,2,5
2017-06-10 07:00:00,32,17,15
2017-06-10 08:00:00,55,23,32
2017-06-10 09:00:00,47,26,21
2017-06-10 10:00:00,53,29,24
2017-06-10 11:00:00,57,32,25
2017-06-10 12:00:00,53,26,27
2017-06-10 13:00:00,57,30,27
2017-06-10 14:00:00,36,13,23
2017-06-10 15:00:00,38,25,13
2017-06-10 16:00:00,49,23,26
2017-06-10 17:00:00,33,21,12
2017-06-10 18:00:00,37,19,18
2017-06-10 19:00:00,12,3,9
2017-06-10 20:00:00,9,5,4
2017-06-10 21:00:00,5,4,1
2017-06-10 22:00:00,2,2,0
2017-06-10 23:00:00,0,0,0
2017-06-11 00:00:00,0,0,0
2017-06-11 01:00:00,1,1,0
2017-06-11 02:00:00,0,0,0
2017-06-11 03:00:00,0,0,0
2017-06-11 04:00:00,1,0,1
2017-06-11 05:00:00,1,0,1
2017-06-11 06:00:00,10,5,5
2017-06-11 07:00:00,15,7,8
2017-06-11 08:00:00,53,25,28
2017-06-11 09:00:00,43,22,21
2017-06-11 10:00:00,56,32,24
2017-06-11 11:00:00,46,25,21
2017-06-11 12:00:00,53,24,29
2017-06-11 13:00:00,56,31,25
2017-06-11 14:00:00,49,30,19
2017-06-11 15:00:00,43,20,23
2017-06-11 16:00:00,56,28,28
2017-06-11 17:00:00,47,25,22
2017-06-11 18:00:00,35,19,16
2017-06-11 19:00:00,24,10,14
2017-06-11 20:00:00,12,7,5
2017-06-11 21:00:00,6,2,4
2017-06-11 22:00:00,2,2,0
2017-06-11 23:00:00,1,1,0
2017-06-12 00:00:00,0,0,0
2017-06-12 01:00:00,0,0,0
2017-06-12 02:00:00,0,0,0
2017-06-12 03:00:00,0,0,0
2017-06-12 04:00:00,0,0,0
2017-06-12 05:00:00,4,2,2
2017-06-12 06:00:00,18,8,10
2017-06-12 07:00:00,24,18,6
2017-06-12 08:00:00,29,16,13
2017-06-12 09:00:00,25,15,10
2017-06-12 10:00:00,20,9,11
2017-06-12 11:00:00,26,10,16
2017-06-12 12:00:00,33,17,16
2017-06-12 13:00:00,27,15,12
2017-06-12 14:00:00,15,8,7
2017-06-12 15:00:00,28,15,13
2017-06-12 16:00:00,42,26,16
2017-06-12 17:00:00,33,18,15
2017-06-12 18:00:00,34,15,19
2017-06-12 19:00:00,28,16,12
2017-06-12 20:00:00,18,10,8
2017-06-12 21:00:00,11,9,2
2017-06-12 22:00:00,4,1,3
2017-06-12 23:00:00,0,0,0
2017-06-13 00:00:00,0,0,0
2017-06-13 01:00:00,0,0,0
2017-06-13 02:00:00,0,0,0
2017-06-13 03:00:00,0,0,0
2017-06-13 04:00:00,1,0,1
2017-06-13 05:00:00,4,2,2
2017-06-13 06:00:00,12,8,4
2017-06-13 07:00:00,21,11,10
2017-06-13 08:00:00,26,17,9
2017-06-13 09:00:00,22,10,12
2017-06-13 10:00:00,22,10,12
2017-06-13 11:00:00,29,12,17
2017-06-13 12:00:00,22,12,10
2017-06-13 13:00:00,15,6,9
2017-06-13 14:00:00,27,12,15
2017-06-13 15:00:00,23,11,12
2017-06-13 16:00:00,30,12,18
2017-06-13 17:00:00,40,16,24
2017-06-13 18:00:00,43,20,23
2017-06-13 19:00:00,29,12,17
2017-06-13 20:00:00,11,7,4
2017-06-13 21:00:00,7,4,3
2017-06-13 22:00:00,1,0,1
2017-06-13 23:00:00,0,0,0
2017-06-14 00:00:00,0,0,0
2017-06-14 01:00:00,0,0,0
2017-06-14 02:00:00,0,0,0
2017-06-14 03:00:00,0,0,0
2017-06-14 04:00:00,0,0,0
2017-06-14 05:00:00,3,1,2
2017-06-14 06:00:00,18,10,8
2017-06-14 07:00:00,18,11,7
2017-06-14 08:00:00,40,27,13
2017-06-14 09:00:00,35,20,15
2017-06-14 10:00:00,43,26,17
2017-06-14 11:00:00,25,13,12
2017-06-14 12:00:00,30,15,15
2017-06-14 13:00:00,25,10,15
2017-06-14 14:00:00,21,13,8
2017-06-14 15:00:00,30,12,18
2017-06-14 16:00:00,35,15,20
2017-06-14 17:00:00,76,40,36
2017-06-14 18:00:00,33,12,21
2017-06-14 19:00:00,33,19,14
2017-06-14 20:00:00,30,16,14
2017-06-14 21:00:00,17,10,7
2017-06-14 22:00:00,1,1,0
2017-06-14 23:00:00,0,0,0
2017-06-15 00:00:00,0,0,0
2017-06-15 01:00:00,0,0,0
2017-06-15 02:00:00,0,0,0
2017-06-15 03:00:00,0,0,0
2017-06-15 04:00:00,1,0,1
2017-06-15 05:00:00,3,1,2
2017-06-15 06:00:00,10,7,3
2017-06-15 07:00:00,20,10,10
2017-06-15 08:00:00,30,18,12
2017-06-15 09:00:00,12,7,5
2017-06-15 10:00:00,30,22,8
2017-06-15 11:00:00,14,9,5
2017-06-15 12:00:00,5,2,3
2017-06-15 13:00:00,6,1,5
2017-06-15 14:00:00,8,4,4
2017-06-15 15:00:00,5,2,3
2017-06-15 16:00:00,16,6,10
2017-06-15 17:00:00,20,10,10
2017-06-15 18:00:00,4,2,2
2017-06-15 19:00:00,4,3,1
2017-06-15 20:00:00,9,4,5
2017-06-15 21:00:00,3,1,2
2017-06-15 22:00:00,1,1,0
2017-06-15 23:00:00,0,0,0
2017-06-16 00:00:00,0,0,0
2017-06-16 01:00:00,0,0,0
2017-06-16 02:00:00,0,0,0
2017-06-16 03:00:00,0,0,0
2017-06-16 04:00:00,0,0,0
2017-06-16 05:00:00,4,1,3
2017-06-16 06:00:00,12,7,5
2017-06-16 07:00:00,30,18,12
2017-06-16 08:00:00,38,22,16
2017-06-16 09:00:00,32,19,13
2017-06-16 10:00:00,42,18,24
2017-06-16 11:00:00,19,10,9
2017-06-16 12:00:00,23,15,8
2017-06-16 13:00:00,40,27,13
2017-06-16 14:00:00,39,27,12
2017-06-16 15:00:00,39,25,14
2017-06-16 16:00:00,29,12,17
2017-06-16 17:00:00,35,19,16
2017-06-16 18:00:00,24,15,9
2017-06-16 19:00:00,3,1,2
2017-06-16 20:00:00,13,4,9
2017-06-16 21:00:00,10,3,7
2017-06-16 22:00:00,0,0,0
2017-06-16 23:00:00,0,0,0
2017-06-17 00:00:00,1,1,0
2017-06-17 01:00:00,0,0,0
2017-06-17 02:00:00,0,0,0
2017-06-17 03:00:00,3,0,3
2017-06-17 04:00:00,0,0,0
2017-06-17 05:00:00,2,1,1
2017-06-17 06:00:00,9,3,6
2017-06-17 07:00:00,19,7,12
2017-06-17 08:00:00,53,26,27
2017-06-17 09:00:00,58,31,27
2017-06-17 10:00:00,50,28,22
2017-06-17 11:00:00,46,27,19
2017-06-17 12:00:00,51,35,16
2017-06-17 13:00:00,37,19,18
2017-06-17 14:00:00,42,28,14
2017-06-17 15:00:00,49,25,24
2017-06-17 16:00:00,38,26,12
2017-06-17 17:00:00,37,16,21
2017-06-17 18:00:00,7,6,1
2017-06-17 19:00:00,11,3,8
2017-06-17 20:00:00,15,10,5
2017-06-17 21:00:00,5,1,4
2017-06-17 22:00:00,2,1,1
2017-06-17 23:00:00,2,1,1
2017-06-18 00:00:00,0,0,0
2017-06-18 01:00:00,0,0,0
2017-06-18 02:00:00,0,0,0
2017-06-18 03:00:00,0,0,0
2017-06-18 04:00:00,0,0,0
2017-06-18 05:00:00,4,2,2
2017-06-18 06:00:00,2,1,1
2017-06-18 07:00:00,6,5,1
2017-06-18 08:00:00,30,12,18
2017-06-18 09:00:00,38,16,22
2017-06-18 10:00:00,49,26,23
2017-06-18 11:00:00,42,29,13
2017-06-18 12:00:00,47,21,26
2017-06-18 13:00:00,34,19,15
2017-06-18 14:00:00,38,23,15
2017-06-18 15:00:00,38,19,19
2017-06-18 16:00:00,44,24,20
2017-06-18 17:00:00,45,26,19
2017-06-18 18:00:00,23,12,11
2017-06-18 19:00:00,14,9,5
2017-06-18 20:00:00,14,8,6
2017-06-18 21:00:00,14,8,6
2017-06-18 22:00:00,3,2,1
2017-06-18 23:00:00,0,0,0
2017-06-19 00:00:00,0,0,0
2017-06-19 01:00:00,1,0,1
2017-06-19 02:00:00,0,0,0
2017-06-19 03:00:00,0,0,0
2017-06-19 04:00:00,0,0,0
2017-06-19 05:00:00,2,2,0
2017-06-19 06:00:00,23,14,9
2017-06-19 07:00:00,16,10,6
2017-06-19 08:00:00,34,22,12
2017-06-19 09:00:00,30,18,12
2017-06-19 10:00:00,19,12,7
2017-06-19 11:00:00,23,12,11
2017-06-19 12:00:00,30,16,14
2017-06-19 13:00:00,42,20,22
2017-06-19 14:00:00,25,12,13
2017-06-19 15:00:00,21,13,8
2017-06-19 16:00:00,37,23,14
2017-06-19 17:00:00,49,24,25
2017-06-19 18:00:00,41,19,22
2017-06-19 19:00:00,34,20,14
2017-06-19 20:00:00,17,9,8
2017-06-19 21:00:00,14,8,6
2017-06-19 22:00:00,2,1,1
2017-06-19 23:00:00,0,0,0
2017-06-20 00:00:00,0,0,0
2017-06-20 01:00:00,0,0,0
2017-06-20 02:00:00,0,0,0
2017-06-20 03:00:00,0,0,0
2017-06-20 04:00:00,1,0,1
2017-06-20 05:00:00,4,1,3
2017-06-20 06:00:00,17,8,9
2017-06-20 07:00:00,27,14,13
2017-06-20 08:00:00,23,15,8
2017-06-20 09:00:00,24,9,15
2017-06-20 10:00:00,79,19,60
2017-06-20 11:00:00,22,10,12
2017-06-20 12:00:00,25,12,13
2017-06-20 13:00:00,9,6,3
2017-06-20 14:00:00,68,60,8
2017-06-20 15:00:00,18,8,10
2017-06-20 16:00:00,33,17,16
2017-06-20 17:00:00,39,16,23
2017-06-20 18:00:00,31,22,9
2017-06-20 19:00:00,34,15,19
2017-06-20 20:00:00,12,8,4
2017-06-20 21:00:00,3,1,2
2017-06-20 22:00:00,5,2,3
2017-06-20 23:00:00,0,0,0
2017-06-21 00:00:00,0,0,0
2017-06-21 01:00:00,0,0,0
2017-06-21 02:00:00,0,0,0
2017-06-21 03:00:00,0,0,0
2017-06-21 04:00:00,0,0,0
2017-06-21 05:00:00,7,3,4
2017-06-21 06:00:00,18,14,4
2017-06-21 07:00:00,17,8,9
2017-06-21 08:00:00,25,16,9
2017-06-21 09:00:00,27,11,16
2017-06-21 10:00:00,31,17,14
2017-06-21 11:00:00,25,13,12
2017-06-21 12:00:00,38,25,13
2017-06-21 13:00:00,28,13,15
2017-06-21 14:00:00,24,11,13
2017-06-21 15:00:00,23,12,11
2017-06-21 16:00:00,35,16,19
2017-06-21 17:00:00,52,23,29
2017-06-21 18:00:00,42,22,20
2017-06-21 19:00:00,29,15,14
2017-06-21 20:00:00,22,15,7
2017-06-21 21:00:00,12,6,6
2017-06-21 22:00:00,1,1,0
2017-06-21 23:00:00,0,0,0
2017-06-22 00:00:00,1,0,1
2017-06-22 01:00:00,0,0,0
2017-06-22 02:00:00,0,0,0
2017-06-22 03:00:00,1,1,0
2017-06-22 04:00:00,0,0,0
2017-06-22 05:00:00,2,1,1
2017-06-22 06:00:00,15,9,6
2017-06-22 07:00:00,38,23,15
2017-06-22 08:00:00,34,24,10
2017-06-22 09:00:00,35,17,18
2017-06-22 10:00:00,20,8,12
2017-06-22 11:00:00,43,28,15
2017-06-22 12:00:00,16,10,6
2017-06-22 13:00:00,26,16,10
2017-06-22 14:00:00,24,12,12
2017-06-22 15:00:00,27,15,12
2017-06-22 16:00:00,33,13,20
2017-06-22 17:00:00,31,13,18
2017-06-22 18:00:00,48,30,18
2017-06-22 19:00:00,42,20,22
2017-06-22 20:00:00,34,21,13
2017-06-22 21:00:00,12,8,4
2017-06-22 22:00:00,5,3,2
2017-06-22 23:00:00,0,0,0
2017-06-23 00:00:00,0,0,0
2017-06-23 01:00:00,0,0,0
2017-06-23 02:00:00,0,0,0
2017-06-23 03:00:00,0,0,0
2017-06-23 04:00:00,0,0,0
2017-06-23 05:00:00,3,1,2
2017-06-23 06:00:00,13,8,5
2017-06-23 07:00:00,26,14,12
2017-06-23 08:00:00,29,18,11
2017-06-23 09:00:00,31,16,15
2017-06-23 10:00:00,51,33,18
2017-06-23 11:00:00,42,19,23
2017-06-23 12:00:00,39,24,15
2017-06-23 13:00:00,17,8,9
2017-06-23 14:00:00,21,8,13
2017-06-23 15:00:00,22,14,8
2017-06-23 16:00:00,24,11,13
2017-06-23 17:00:00,38,22,16
2017-06-23 18:00:00,33,16,17
2017-06-23 19:00:00,26,15,11
2017-06-23 20:00:00,15,11,4
2017-06-23 21:00:00,7,5,2
2017-06-23 22:00:00,3,2,1
2017-06-23 23:00:00,0,0,0
2017-06-24 00:00:00,2,1,1
2017-06-24 01:00:00,0,0,0
2017-06-24 02:00:00,0,0,0
2017-06-24 03:00:00,0,0,0
2017-06-24 04:00:00,0,0,0
2017-06-24 05:00:00,2,0,2
2017-06-24 06:00:00,18,8,10
2017-06-24 07:00:00,30,15,15
2017-06-24 08:00:00,58,29,29
2017-06-24 09:00:00,61,28,33
2017-06-24 10:00:00,79,27,52
2017-06-24 11:00:00,63,32,31
2017-06-24 12:00:00,37,24,13
2017-06-24 13:00:00,38,22,16
2017-06-24 14:00:00,37,19,18
2017-06-24 15:00:00,37,24,13
2017-06-24 16:00:00,39,23,16
2017-06-24 17:00:00,23,16,7
2017-06-24 18:00:00,12,6,6
2017-06-24 19:00:00,15,11,4
2017-06-24 20:00:00,16,9,7
2017-06-24 21:00:00,5,2,3
2017-06-24 22:00:00,2,1,1
2017-06-24 23:00:00,0,0,0
2017-06-25 00:00:00,0,0,0
2017-06-25 01:00:00,1,1,0
2017-06-25 02:00:00,0,0,0
2017-06-25 03:00:00,0,0,0
2017-06-25 04:00:00,0,0,0
2017-06-25 05:00:00,3,1,2
2017-06-25 06:00:00,5,3,2
2017-06-25 07:00:00,19,9,10
2017-06-25 08:00:00,55,32,23
2017-06-25 09:00:00,53,31,22
2017-06-25 10:00:00,26,17,9
2017-06-25 11:00:00,28,24,4
2017-06-25 12:00:00,16,14,2
2017-06-25 13:00:00,20,12,8
2017-06-25 14:00:00,16,8,8
2017-06-25 15:00:00,21,11,10
2017-06-25 16:00:00,24,12,12
2017-06-25 17:00:00,18,9,9
2017-06-25 18:00:00,12,6,6
2017-06-25 19:00:00,15,9,6
2017-06-25 20:00:00,12,8,4
2017-06-25 21:00:00,7,5,2
2017-06-25 22:00:00,4,2,2
2017-06-25 23:00:00,1,0,1
2017-06-26 00:00:00,0,0,0
2017-06-26 01:00:00,0,0,0
2017-06-26 02:00:00,0,0,0
2017-06-26 03:00:00,0,0,0
2017-06-26 04:00:00,3,1,2
2017-06-26 05:00:00,2,2,0
2017-06-26 06:00:00,11,6,5
2017-06-26 07:00:00,25,17,8
2017-06-26 08:00:00,20,15,5
2017-06-26 09:00:00,28,18,10
2017-06-26 10:00:00,29,15,14
2017-06-26 11:00:00,31,18,13
2017-06-26 12:00:00,26,12,14
2017-06-26 13:00:00,24,11,13
2017-06-26 14:00:00,24,11,13
2017-06-26 15:00:00,25,15,10
2017-06-26 16:00:00,16,9,7
2017-06-26 17:00:00,36,15,21
2017-06-26 18:00:00,45,25,20
2017-06-26 19:00:00,31,15,16
2017-06-26 20:00:00,30,19,11
2017-06-26 21:00:00,9,6,3
2017-06-26 22:00:00,4,0,4
2017-06-26 23:00:00,0,0,0
2017-06-27 00:00:00,0,0,0
2017-06-27 01:00:00,0,0,0
2017-06-27 02:00:00,0,0,0
2017-06-27 03:00:00,0,0,0
2017-06-27 04:00:00,0,0,0
2017-06-27 05:00:00,1,1,0
2017-06-27 06:00:00,15,6,9
2017-06-27 07:00:00,35,20,15
2017-06-27 08:00:00,38,25,13
2017-06-27 09:00:00,42,22,20
2017-06-27 10:00:00,30,16,14
2017-06-27 11:00:00,30,15,15
2017-06-27 12:00:00,26,18,8
2017-06-27 13:00:00,22,12,10
2017-06-27 14:00:00,24,12,12
2017-06-27 15:00:00,35,17,18
2017-06-27 16:00:00,42,17,25
2017-06-27 17:00:00,46,27,19
2017-06-27 18:00:00,47,20,27
2017-06-27 19:00:00,48,21,27
2017-06-27 20:00:00,17,11,6
2017-06-27 21:00:00,9,5,4
2017-06-27 22:00:00,3,1,2
2017-06-27 23:00:00,0,0,0
2017-06-28 00:00:00,0,0,0
2017-06-28 01:00:00,0,0,0
2017-06-28 02:00:00,0,0,0
2017-06-28 03:00:00,0,0,0
2017-06-28 04:00:00,1,0,1
2017-06-28 05:00:00,5,1,4
2017-06-28 06:00:00,16,10,6
2017-06-28 07:00:00,35,25,10
2017-06-28 08:00:00,36,20,16
2017-06-28 09:00:00,31,17,14
2017-06-28 10:00:00,71,42,29
2017-06-28 11:00:00,42,26,16
2017-06-28 12:00:00,37,24,13
2017-06-28 13:00:00,26,13,13
2017-06-28 14:00:00,24,12,12
2017-06-28 15:00:00,28,18,10
2017-06-28 16:00:00,27,14,13
2017-06-28 17:00:00,35,19,16
2017-06-28 18:00:00,42,15,27
2017-06-28 19:00:00,34,17,17
2017-06-28 20:00:00,42,20,22
2017-06-28 21:00:00,14,9,5
2017-06-28 22:00:00,2,1,1
2017-06-28 23:00:00,1,1,0
2017-06-29 00:00:00,0,0,0
2017-06-29 01:00:00,0,0,0
2017-06-29 02:00:00,0,0,0
2017-06-29 03:00:00,0,0,0
2017-06-29 04:00:00,0,0,0
2017-06-29 05:00:00,8,3,5
2017-06-29 06:00:00,14,8,6
2017-06-29 07:00:00,46,23,23
2017-06-29 08:00:00,39,24,15
2017-06-29 09:00:00,26,15,11
2017-06-29 10:00:00,23,12,11
2017-06-29 11:00:00,44,27,17
2017-06-29 12:00:00,33,24,9
2017-06-29 13:00:00,30,18,12
2017-06-29 14:00:00,37,24,13
2017-06-29 15:00:00,28,14,14
2017-06-29 16:00:00,38,15,23
2017-06-29 17:00:00,34,12,22
2017-06-29 18:00:00,42,21,21
2017-06-29 19:00:00,24,12,12
2017-06-29 20:00:00,24,16,8
2017-06-29 21:00:00,9,3,6
2017-06-29 22:00:00,2,1,1
2017-06-29 23:00:00,0,0,0
2017-06-30 00:00:00,0,0,0
2017-06-30 01:00:00,0,0,0
2017-06-30 02:00:00,0,0,0
2017-06-30 03:00:00,0,0,0
2017-06-30 04:00:00,0,0,0
2017-06-30 05:00:00,0,0,0
2017-06-30 06:00:00,8,4,4
2017-06-30 07:00:00,29,15,14
2017-06-30 08:00:00,28,18,10
2017-06-30 09:00:00,38,23,15
2017-06-30 10:00:00,15,7,8
2017-06-30 11:00:00,26,14,12
2017-06-30 12:00:00,31,22,9
2017-06-30 13:00:00,41,32,9
2017-06-30 14:00:00,22,11,11
2017-06-30 15:00:00,27,13,14
2017-06-30 16:00:00,27,13,14
2017-06-30 17:00:00,36,14,22
2017-06-30 18:00:00,33,22,11
2017-06-30 19:00:00,24,14,10
2017-06-30 20:00:00,11,7,4
2017-06-30 21:00:00,7,4,3
2017-06-30 22:00:00,0,0,0
2017-06-30 23:00:00,0,0,0
2017-07-01 00:00:00,0,0,0
2017-07-01 01:00:00,0,0,0
2017-07-01 02:00:00,0,0,0
2017-07-01 03:00:00,0,0,0
2017-07-01 04:00:00,0,0,0
2017-07-01 05:00:00,2,1,1
2017-07-01 06:00:00,14,7,7
2017-07-01 07:00:00,23,6,17
2017-07-01 08:00:00,115,60,55
2017-07-01 09:00:00,38,22,16
2017-07-01 10:00:00,55,22,33
2017-07-01 11:00:00,53,35,18
2017-07-01 12:00:00,64,38,26
2017-07-01 13:00:00,29,16,13
2017-07-01 14:00:00,34,18,16
2017-07-01 15:00:00,66,33,33
2017-07-01 16:00:00,46,25,21
2017-07-01 17:00:00,40,27,13
2017-07-01 18:00:00,17,13,4
2017-07-01 19:00:00,24,12,12
2017-07-01 20:00:00,14,8,6
2017-07-01 21:00:00,15,11,4
2017-07-01 22:00:00,1,0,1
2017-07-01 23:00:00,2,1,1
2017-07-02 00:00:00,0,0,0
2017-07-02 01:00:00,0,0,0
2017-07-02 02:00:00,0,0,0
2017-07-02 03:00:00,0,0,0
2017-07-02 04:00:00,0,0,0
2017-07-02 05:00:00,3,1,2
2017-07-02 06:00:00,9,3,6
2017-07-02 07:00:00,18,10,8
2017-07-02 08:00:00,32,13,19
2017-07-02 09:00:00,62,32,30
2017-07-02 10:00:00,38,20,18
2017-07-02 11:00:00,39,22,17
2017-07-02 12:00:00,38,24,14
2017-07-02 13:00:00,59,29,30
2017-07-02 14:00:00,43,26,17
2017-07-02 15:00:00,51,33,18
2017-07-02 16:00:00,48,22,26
2017-07-02 17:00:00,32,20,12
2017-07-02 18:00:00,27,16,11
2017-07-02 19:00:00,20,10,10
2017-07-02 20:00:00,32,16,16
2017-07-02 21:00:00,12,9,3
2017-07-02 22:00:00,0,0,0
2017-07-02 23:00:00,0,0,0
2017-07-03 00:00:00,0,0,0
2017-07-03 01:00:00,0,0,0
2017-07-03 02:00:00,2,1,1
2017-07-03 03:00:00,0,0,0
2017-07-03 04:00:00,0,0,0
2017-07-03 05:00:00,3,1,2
2017-07-03 06:00:00,12,6,6
2017-07-03 07:00:00,30,20,10
2017-07-03 08:00:00,31,16,15
2017-07-03 09:00:00,39,21,18
2017-07-03 10:00:00,43,18,25
2017-07-03 11:00:00,46,31,15
2017-07-03 12:00:00,48,30,18
2017-07-03 13:00:00,46,27,19
2017-07-03 14:00:00,40,26,14
2017-07-03 15:00:00,31,22,9
2017-07-03 16:00:00,44,28,16
2017-07-03 17:00:00,34,18,16
2017-07-03 18:00:00,34,18,16
2017-07-03 19:00:00,18,8,10
2017-07-03 20:00:00,14,8,6
2017-07-03 21:00:00,17,11,6
2017-07-03 22:00:00,4,2,2
2017-07-03 23:00:00,0,0,0
2017-07-04 00:00:00,1,1,0
2017-07-04 01:00:00,0,0,0
2017-07-04 02:00:00,0,0,0
2017-07-04 03:00:00,0,0,0
2017-07-04 04:00:00,0,0,0
2017-07-04 05:00:00,1,0,1
2017-07-04 06:00:00,12,4,8
2017-07-04 07:00:00,23,13,10
2017-07-04 08:00:00,52,24,28
2017-07-04 09:00:00,57,27,30
2017-07-04 10:00:00,90,42,48
2017-07-04 11:00:00,61,31,30
2017-07-04 12:00:00,54,32,22
2017-07-04 13:00:00,51,30,21
2017-07-04 14:00:00,37,18,19
2017-07-04 15:00:00,52,33,19
2017-07-04 16:00:00,42,26,16
2017-07-04 17:00:00,45,26,19
2017-07-04 18:00:00,28,18,10
2017-07-04 19:00:00,13,4,9
2017-07-04 20:00:00,27,15,12
2017-07-04 21:00:00,8,7,1
2017-07-04 22:00:00,9,4,5
2017-07-04 23:00:00,6,5,1
2017-07-05 00:00:00,0,0,0
2017-07-05 01:00:00,0,0,0
2017-07-05 02:00:00,0,0,0
2017-07-05 03:00:00,0,0,0
2017-07-05 04:00:00,0,0,0
2017-07-05 05:00:00,2,1,1
2017-07-05 06:00:00,6,4,2
2017-07-05 07:00:00,24,12,12
2017-07-05 08:00:00,29,14,15
2017-07-05 09:00:00,15,7,8
2017-07-05 10:00:00,30,9,21
2017-07-05 11:00:00,29,14,15
2017-07-05 12:00:00,28,17,11
2017-07-05 13:00:00,36,22,14
2017-07-05 14:00:00,24,20,4
2017-07-05 15:00:00,29,12,17
2017-07-05 16:00:00,23,15,8
2017-07-05 17:00:00,43,20,23
2017-07-05 18:00:00,46,25,21
2017-07-05 19:00:00,32,14,18
2017-07-05 20:00:00,12,10,2
2017-07-05 21:00:00,22,14,8
2017-07-05 22:00:00,0,0,0
2017-07-05 23:00:00,0,0,0
2017-07-06 00:00:00,0,0,0
2017-07-06 01:00:00,0,0,0
2017-07-06 02:00:00,0,0,0
2017-07-06 03:00:00,1,1,0
2017-07-06 04:00:00,0,0,0
2017-07-06 05:00:00,4,2,2
2017-07-06 06:00:00,13,10,3
2017-07-06 07:00:00,30,21,9
2017-07-06 08:00:00,33,19,14
2017-07-06 09:00:00,30,15,15
2017-07-06 10:00:00,35,19,16
2017-07-06 11:00:00,38,22,16
2017-07-06 12:00:00,31,16,15
2017-07-06 13:00:00,23,8,15
2017-07-06 14:00:00,20,11,9
2017-07-06 15:00:00,34,24,10
2017-07-06 16:00:00,38,21,17
2017-07-06 17:00:00,26,11,15
2017-07-06 18:00:00,34,16,18
2017-07-06 19:00:00,25,14,11
2017-07-06 20:00:00,31,20,11
2017-07-06 21:00:00,28,12,16
2017-07-06 22:00:00,1,1,0
2017-07-06 23:00:00,0,0,0
2017-07-07 00:00:00,0,0,0
2017-07-07 01:00:00,1,0,1
2017-07-07 02:00:00,2,2,0
2017-07-07 03:00:00,0,0,0
2017-07-07 04:00:00,0,0,0
2017-07-07 05:00:00,0,0,0
2017-07-07 06:00:00,22,10,12
2017-07-07 07:00:00,31,18,13
2017-07-07 08:00:00,40,23,17
2017-07-07 09:00:00,39,21,18
2017-07-07 10:00:00,33,16,17
2017-07-07 11:00:00,22,10,12
2017-07-07 12:00:00,22,16,6
2017-07-07 13:00:00,17,11,6
2017-07-07 14:00:00,27,19,8
2017-07-07 15:00:00,28,15,13
2017-07-07 16:00:00,33,18,15
2017-07-07 17:00:00,31,14,17
2017-07-07 18:00:00,31,14,17
2017-07-07 19:00:00,27,15,12
2017-07-07 20:00:00,10,6,4
2017-07-07 21:00:00,66,28,38
2017-07-07 22:00:00,1,0,1
2017-07-07 23:00:00,0,0,0
2017-07-08 00:00:00,0,0,0
2017-07-08 01:00:00,0,0,0
2017-07-08 02:00:00,0,0,0
2017-07-08 03:00:00,0,0,0
2017-07-08 04:00:00,0,0,0
2017-07-08 05:00:00,2,0,2
2017-07-08 06:00:00,7,3,4
2017-07-08 07:00:00,29,11,18
2017-07-08 08:00:00,82,45,37
2017-07-08 09:00:00,76,33,43
2017-07-08 10:00:00,66,41,25
2017-07-08 11:00:00,52,22,30
2017-07-08 12:00:00,50,27,23
2017-07-08 13:00:00,45,27,18
2017-07-08 14:00:00,40,25,15
2017-07-08 15:00:00,43,27,16
2017-07-08 16:00:00,38,22,16
2017-07-08 17:00:00,24,13,11
2017-07-08 18:00:00,29,18,11
2017-07-08 19:00:00,22,9,13
2017-07-08 20:00:00,15,11,4
2017-07-08 21:00:00,14,9,5
2017-07-08 22:00:00,0,0,0
2017-07-08 23:00:00,2,1,1
2017-07-09 00:00:00,0,0,0
2017-07-09 01:00:00,0,0,0
2017-07-09 02:00:00,0,0,0
2017-07-09 03:00:00,0,0,0
2017-07-09 04:00:00,1,0,1
2017-07-09 05:00:00,2,1,1
2017-07-09 06:00:00,3,1,2
2017-07-09 07:00:00,23,10,13
2017-07-09 08:00:00,62,26,36
2017-07-09 09:00:00,68,35,33
2017-07-09 10:00:00,52,25,27
2017-07-09 11:00:00,62,38,24
2017-07-09 12:00:00,35,25,10
2017-07-09 13:00:00,32,22,10
2017-07-09 14:00:00,43,24,19
2017-07-09 15:00:00,49,22,27
2017-07-09 16:00:00,34,21,13
2017-07-09 17:00:00,30,19,11
2017-07-09 18:00:00,41,19,22
2017-07-09 19:00:00,37,19,18
2017-07-09 20:00:00,26,15,11
2017-07-09 21:00:00,9,5,4
2017-07-09 22:00:00,2,2,0
2017-07-09 23:00:00,0,0,0
2017-07-10 00:00:00,0,0,0
2017-07-10 01:00:00,0,0,0
2017-07-10 02:00:00,0,0,0
2017-07-10 03:00:00,0,0,0
2017-07-10 04:00:00,0,0,0
2017-07-10 05:00:00,7,3,4
2017-07-10 06:00:00,9,4,5
2017-07-10 07:00:00,26,17,9
2017-07-10 08:00:00,32,21,11
2017-07-10 09:00:00,42,19,23
2017-07-10 10:00:00,42,22,20
2017-07-10 11:00:00,32,12,20
2017-07-10 12:00:00,56,38,18
2017-07-10 13:00:00,30,17,13
2017-07-10 14:00:00,19,6,13
2017-07-10 15:00:00,22,13,9
2017-07-10 16:00:00,20,9,11
2017-07-10 17:00:00,39,22,17
2017-07-10 18:00:00,47,21,26
2017-07-10 19:00:00,36,20,16
2017-07-10 20:00:00,38,20,18
2017-07-10 21:00:00,10,7,3
2017-07-10 22:00:00,7,4,3
2017-07-10 23:00:00,0,0,0
2017-07-11 00:00:00,0,0,0
2017-07-11 01:00:00,0,0,0
2017-07-11 02:00:00,0,0,0
2017-07-11 03:00:00,0,0,0
2017-07-11 04:00:00,0,0,0
2017-07-11 05:00:00,4,2,2
2017-07-11 06:00:00,14,9,5
2017-07-11 07:00:00,14,10,4
2017-07-11 08:00:00,30,20,10
2017-07-11 09:00:00,35,22,13
2017-07-11 10:00:00,45,18,27
2017-07-11 11:00:00,34,14,20
2017-07-11 12:00:00,46,19,27
2017-07-11 13:00:00,30,16,14
2017-07-11 14:00:00,37,21,16
2017-07-11 15:00:00,30,13,17
2017-07-11 16:00:00,38,22,16
2017-07-11 17:00:00,48,20,28
2017-07-11 18:00:00,51,26,25
2017-07-11 19:00:00,36,16,20
2017-07-11 20:00:00,26,14,12
2017-07-11 21:00:00,8,5,3
2017-07-11 22:00:00,1,0,1
2017-07-11 23:00:00,0,0,0
2017-07-12 00:00:00,0,0,0
2017-07-12 01:00:00,0,0,0
2017-07-12 02:00:00,0,0,0
2017-07-12 03:00:00,0,0,0
2017-07-12 04:00:00,0,0,0
2017-07-12 05:00:00,5,2,3
2017-07-12 06:00:00,33,17,16
2017-07-12 07:00:00,31,22,9
2017-07-12 08:00:00,37,23,14
2017-07-12 09:00:00,22,11,11
2017-07-12 10:00:00,51,24,27
2017-07-12 11:00:00,41,20,21
2017-07-12 12:00:00,34,23,11
2017-07-12 13:00:00,31,20,11
2017-07-12 14:00:00,26,11,15
2017-07-12 15:00:00,31,17,14
2017-07-12 16:00:00,22,12,10
2017-07-12 17:00:00,45,25,20
2017-07-12 18:00:00,44,21,23
2017-07-12 19:00:00,46,23,23
2017-07-12 20:00:00,38,23,15
2017-07-12 21:00:00,5,4,1
2017-07-12 22:00:00,1,1,0
2017-07-12 23:00:00,0,0,0
2017-07-13 00:00:00,0,0,0
2017-07-13 01:00:00,0,0,0
2017-07-13 02:00:00,0,0,0
2017-07-13 03:00:00,0,0,0
2017-07-13 04:00:00,1,0,1
2017-07-13 05:00:00,6,3,3
2017-07-13 06:00:00,11,7,4
2017-07-13 07:00:00,31,17,14
2017-07-13 08:00:00,21,13,8
2017-07-13 09:00:00,44,27,17
2017-07-13 10:00:00,44,24,20
2017-07-13 11:00:00,31,19,12
2017-07-13 12:00:00,31,16,15
2017-07-13 13:00:00,38,19,19
2017-07-13 14:00:00,40,24,16
2017-07-13 15:00:00,22,12,10
2017-07-13 16:00:00,35,21,14
2017-07-13 17:00:00,42,21,21
2017-07-13 18:00:00,39,25,14
2017-07-13 19:00:00,27,15,12
2017-07-13 20:00:00,29,14,15
2017-07-13 21:00:00,12,8,4
2017-07-13 22:00:00,1,1,0
2017-07-13 23:00:00,0,0,0
2017-07-14 00:00:00,0,0,0
2017-07-14 01:00:00,0,0,0
2017-07-14 02:00:00,0,0,0
2017-07-14 03:00:00,0,0,0
2017-07-14 04:00:00,0,0,0
2017-07-14 05:00:00,0,0,0
2017-07-14 06:00:00,23,13,10
2017-07-14 07:00:00,31,23,8
2017-07-14 08:00:00,39,19,20
2017-07-14 09:00:00,31,18,13
2017-07-14 10:00:00,33,16,17
2017-07-14 11:00:00,44,27,17
2017-07-14 12:00:00,49,38,11
2017-07-14 13:00:00,18,10,8
2017-07-14 14:00:00,21,10,11
2017-07-14 15:00:00,30,16,14
2017-07-14 16:00:00,33,18,15
2017-07-14 17:00:00,24,11,13
2017-07-14 18:00:00,28,15,13
2017-07-14 19:00:00,29,12,17
2017-07-14 20:00:00,19,11,8
2017-07-14 21:00:00,8,6,2
2017-07-14 22:00:00,1,1,0
2017-07-14 23:00:00,9,8,1
2017-07-15 00:00:00,16,16,0
2017-07-15 01:00:00,21,21,0
2017-07-15 02:00:00,16,15,1
2017-07-15 03:00:00,1,0,1
2017-07-15 04:00:00,0,0,0
2017-07-15 05:00:00,2,2,0
2017-07-15 06:00:00,11,4,7
2017-07-15 07:00:00,31,12,19
2017-07-15 08:00:00,44,25,19
2017-07-15 09:00:00,57,31,26
2017-07-15 10:00:00,68,38,30
2017-07-15 11:00:00,58,29,29
2017-07-15 12:00:00,80,54,26
2017-07-15 13:00:00,71,46,25
2017-07-15 14:00:00,48,30,18
2017-07-15 15:00:00,43,26,17
2017-07-15 16:00:00,36,25,11
2017-07-15 17:00:00,39,22,17
2017-07-15 18:00:00,16,11,5
2017-07-15 19:00:00,18,12,6
2017-07-15 20:00:00,19,11,8
2017-07-15 21:00:00,9,5,4
2017-07-15 22:00:00,3,1,2
2017-07-15 23:00:00,0,0,0
2017-07-16 00:00:00,0,0,0
2017-07-16 01:00:00,0,0,0
2017-07-16 02:00:00,0,0,0
2017-07-16 03:00:00,0,0,0
2017-07-16 04:00:00,0,0,0
2017-07-16 05:00:00,2,0,2
2017-07-16 06:00:00,6,3,3
2017-07-16 07:00:00,25,10,15
2017-07-16 08:00:00,46,24,22
2017-07-16 09:00:00,40,17,23
2017-07-16 10:00:00,44,26,18
2017-07-16 11:00:00,57,34,23
2017-07-16 12:00:00,39,21,18
2017-07-16 13:00:00,45,27,18
2017-07-16 14:00:00,57,30,27
2017-07-16 15:00:00,47,29,18
2017-07-16 16:00:00,55,29,26
2017-07-16 17:00:00,50,29,21
2017-07-16 18:00:00,31,17,14
2017-07-16 19:00:00,30,14,16
2017-07-16 20:00:00,18,10,8
2017-07-16 21:00:00,4,3,1
2017-07-16 22:00:00,0,0,0
2017-07-16 23:00:00,0,0,0
2017-07-17 00:00:00,0,0,0
2017-07-17 01:00:00,1,1,0
2017-07-17 02:00:00,6,6,0
2017-07-17 03:00:00,8,8,0
2017-07-17 04:00:00,7,7,0
2017-07-17 05:00:00,10,9,1
2017-07-17 06:00:00,20,15,5
2017-07-17 07:00:00,32,20,12
2017-07-17 08:00:00,29,21,8
2017-07-17 09:00:00,20,13,7
2017-07-17 10:00:00,33,15,18
2017-07-17 11:00:00,51,31,20
2017-07-17 12:00:00,58,52,6
2017-07-17 13:00:00,44,35,9
2017-07-17 14:00:00,48,31,17
2017-07-17 15:00:00,40,20,20
2017-07-17 16:00:00,38,23,15
2017-07-17 17:00:00,38,21,17
2017-07-17 18:00:00,44,20,24
2017-07-17 19:00:00,38,21,17
2017-07-17 20:00:00,24,13,11
2017-07-17 21:00:00,10,6,4
2017-07-17 22:00:00,0,0,0
2017-07-17 23:00:00,0,0,0
2017-07-18 00:00:00,0,0,0
2017-07-18 01:00:00,0,0,0
2017-07-18 02:00:00,0,0,0
2017-07-18 03:00:00,0,0,0
2017-07-18 04:00:00,0,0,0
2017-07-18 05:00:00,7,5,2
2017-07-18 06:00:00,16,6,10
2017-07-18 07:00:00,37,23,14
2017-07-18 08:00:00,40,27,13
2017-07-18 09:00:00,39,19,20
2017-07-18 10:00:00,34,13,21
2017-07-18 11:00:00,52,29,23
2017-07-18 12:00:00,50,37,13
2017-07-18 13:00:00,37,24,13
2017-07-18 14:00:00,21,14,7
2017-07-18 15:00:00,20,11,9
2017-07-18 16:00:00,26,13,13
2017-07-18 17:00:00,57,28,29
2017-07-18 18:00:00,47,21,26
2017-07-18 19:00:00,32,14,18
2017-07-18 20:00:00,38,20,18
2017-07-18 21:00:00,18,9,9
2017-07-18 22:00:00,2,2,0
2017-07-18 23:00:00,0,0,0
2017-07-19 00:00:00,0,0,0
2017-07-19 01:00:00,0,0,0
2017-07-19 02:00:00,0,0,0
2017-07-19 03:00:00,0,0,0
2017-07-19 04:00:00,1,0,1
2017-07-19 05:00:00,8,3,5
2017-07-19 06:00:00,33,27,6
2017-07-19 07:00:00,21,10,11
2017-07-19 08:00:00,36,19,17
2017-07-19 09:00:00,23,11,12
2017-07-19 10:00:00,39,14,25
2017-07-19 11:00:00,52,22,30
2017-07-19 12:00:00,24,13,11
2017-07-19 13:00:00,31,18,13
2017-07-19 14:00:00,44,30,14
2017-07-19 15:00:00,18,11,7
2017-07-19 16:00:00,34,14,20
2017-07-19 17:00:00,38,21,17
2017-07-19 18:00:00,33,21,12
2017-07-19 19:00:00,32,18,14
2017-07-19 20:00:00,30,14,16
2017-07-19 21:00:00,18,11,7
2017-07-19 22:00:00,1,1,0
2017-07-19 23:00:00,1,1,0
2017-07-20 00:00:00,0,0,0
2017-07-20 01:00:00,0,0,0
2017-07-20 02:00:00,0,0,0
2017-07-20 03:00:00,0,0,0
2017-07-20 04:00:00,1,1,0
2017-07-20 05:00:00,6,3,3
2017-07-20 06:00:00,21,9,12
2017-07-20 07:00:00,27,16,11
2017-07-20 08:00:00,26,16,10
2017-07-20 09:00:00,28,14,14
2017-07-20 10:00:00,36,19,17
2017-07-20 11:00:00,28,11,17
2017-07-20 12:00:00,33,22,11
2017-07-20 13:00:00,21,15,6
2017-07-20 14:00:00,24,12,12
2017-07-20 15:00:00,28,16,12
2017-07-20 16:00:00,29,14,15
2017-07-20 17:00:00,38,16,22
2017-07-20 18:00:00,44,19,25
2017-07-20 19:00:00,34,19,15
2017-07-20 20:00:00,15,7,8
2017-07-20 21:00:00,11,6,5
2017-07-20 22:00:00,3,2,1
2017-07-20 23:00:00,0,0,0
2017-07-21 00:00:00,0,0,0
2017-07-21 01:00:00,0,0,0
2017-07-21 02:00:00,0,0,0
2017-07-21 03:00:00,0,0,0
2017-07-21 04:00:00,0,0,0
2017-07-21 05:00:00,5,2,3
2017-07-21 06:00:00,16,8,8
2017-07-21 07:00:00,39,25,14
2017-07-21 08:00:00,41,24,17
2017-07-21 09:00:00,33,16,17
2017-07-21 10:00:00,41,18,23
2017-07-21 11:00:00,20,11,9
2017-07-21 12:00:00,32,15,17
2017-07-21 13:00:00,25,15,10
2017-07-21 14:00:00,21,13,8
2017-07-21 15:00:00,32,20,12
2017-07-21 16:00:00,31,14,17
2017-07-21 17:00:00,28,14,14
2017-07-21 18:00:00,30,17,13
2017-07-21 19:00:00,24,13,11
2017-07-21 20:00:00,23,12,11
2017-07-21 21:00:00,3,3,0
2017-07-21 22:00:00,4,2,2
2017-07-21 23:00:00,1,1,0
2017-07-22 00:00:00,0,0,0
2017-07-22 01:00:00,1,0,1
2017-07-22 02:00:00,0,0,0
2017-07-22 03:00:00,0,0,0
2017-07-22 04:00:00,0,0,0
2017-07-22 05:00:00,3,1,2
2017-07-22 06:00:00,16,7,9
2017-07-22 07:00:00,32,12,20
2017-07-22 08:00:00,63,35,28
2017-07-22 09:00:00,51,29,22
2017-07-22 10:00:00,48,24,24
2017-07-22 11:00:00,51,28,23
2017-07-22 12:00:00,36,12,24
2017-07-22 13:00:00,38,23,15
2017-07-22 14:00:00,37,23,14
2017-07-22 15:00:00,40,31,9
2017-07-22 16:00:00,37,23,14
2017-07-22 17:00:00,38,22,16
2017-07-22 18:00:00,22,10,12
2017-07-22 19:00:00,22,12,10
2017-07-22 20:00:00,14,8,6
2017-07-22 21:00:00,4,1,3
2017-07-22 22:00:00,6,5,1
2017-07-22 23:00:00,0,0,0
2017-07-23 00:00:00,0,0,0
2017-07-23 01:00:00,0,0,0
2017-07-23 02:00:00,0,0,0
2017-07-23 03:00:00,0,0,0
2017-07-23 04:00:00,0,0,0
2017-07-23 05:00:00,0,0,0
2017-07-23 06:00:00,6,3,3
2017-07-23 07:00:00,22,8,14
2017-07-23 08:00:00,47,19,28
2017-07-23 09:00:00,47,24,23
2017-07-23 10:00:00,53,30,23
2017-07-23 11:00:00,67,34,33
2017-07-23 12:00:00,50,32,18
2017-07-23 13:00:00,53,34,19
2017-07-23 14:00:00,29,16,13
2017-07-23 15:00:00,50,29,21
2017-07-23 16:00:00,44,27,17
2017-07-23 17:00:00,38,23,15
2017-07-23 18:00:00,34,18,16
2017-07-23 19:00:00,19,14,5
2017-07-23 20:00:00,24,13,11
2017-07-23 21:00:00,10,5,5
2017-07-23 22:00:00,0,0,0
2017-07-23 23:00:00,0,0,0
2017-07-24 00:00:00,0,0,0
2017-07-24 01:00:00,0,0,0
2017-07-24 02:00:00,0,0,0
2017-07-24 03:00:00,0,0,0
2017-07-24 04:00:00,0,0,0
2017-07-24 05:00:00,3,1,2
2017-07-24 06:00:00,17,10,7
2017-07-24 07:00:00,43,26,17
2017-07-24 08:00:00,33,24,9
2017-07-24 09:00:00,32,13,19
2017-07-24 10:00:00,32,13,19
2017-07-24 11:00:00,32,21,11
2017-07-24 12:00:00,25,13,12
2017-07-24 13:00:00,35,20,15
2017-07-24 14:00:00,26,17,9
2017-07-24 15:00:00,44,29,15
2017-07-24 16:00:00,54,31,23
2017-07-24 17:00:00,35,16,19
2017-07-24 18:00:00,44,17,27
2017-07-24 19:00:00,26,16,10
2017-07-24 20:00:00,18,11,7
2017-07-24 21:00:00,12,8,4
2017-07-24 22:00:00,0,0,0
2017-07-24 23:00:00,0,0,0
2017-07-25 00:00:00,1,1,0
2017-07-25 01:00:00,0,0,0
2017-07-25 02:00:00,0,0,0
2017-07-25 03:00:00,0,0,0
2017-07-25 04:00:00,3,1,2
2017-07-25 05:00:00,8,4,4
2017-07-25 06:00:00,11,6,5
2017-07-25 07:00:00,28,14,14
2017-07-25 08:00:00,41,25,16
2017-07-25 09:00:00,49,27,22
2017-07-25 10:00:00,23,13,10
2017-07-25 11:00:00,17,12,5
2017-07-25 12:00:00,25,17,8
2017-07-25 13:00:00,13,8,5
2017-07-25 14:00:00,15,7,8
2017-07-25 15:00:00,15,8,7
2017-07-25 16:00:00,31,19,12
2017-07-25 17:00:00,38,15,23
2017-07-25 18:00:00,43,24,19
2017-07-25 19:00:00,36,15,21
2017-07-25 20:00:00,28,17,11
2017-07-25 21:00:00,10,8,2
2017-07-25 22:00:00,1,0,1
2017-07-25 23:00:00,0,0,0
2017-07-26 00:00:00,1,0,1
2017-07-26 01:00:00,0,0,0
2017-07-26 02:00:00,6,2,4
2017-07-26 03:00:00,1,1,0
2017-07-26 04:00:00,0,0,0
2017-07-26 05:00:00,1,0,1
2017-07-26 06:00:00,20,9,11
2017-07-26 07:00:00,33,23,10
2017-07-26 08:00:00,32,17,15
2017-07-26 09:00:00,40,21,19
2017-07-26 10:00:00,34,16,18
2017-07-26 11:00:00,22,12,10
2017-07-26 12:00:00,24,15,9
2017-07-26 13:00:00,21,12,9
2017-07-26 14:00:00,18,8,10
2017-07-26 15:00:00,28,13,15
2017-07-26 16:00:00,14,8,6
2017-07-26 17:00:00,29,10,19
2017-07-26 18:00:00,38,20,18
2017-07-26 19:00:00,48,24,24
2017-07-26 20:00:00,31,15,16
2017-07-26 21:00:00,12,7,5
2017-07-26 22:00:00,0,0,0
2017-07-26 23:00:00,0,0,0
2017-07-27 00:00:00,0,0,0
2017-07-27 01:00:00,0,0,0
2017-07-27 02:00:00,0,0,0
2017-07-27 03:00:00,0,0,0
2017-07-27 04:00:00,1,1,0
2017-07-27 05:00:00,4,2,2
2017-07-27 06:00:00,11,4,7
2017-07-27 07:00:00,35,20,15
2017-07-27 08:00:00,20,15,5
2017-07-27 09:00:00,13,7,6
2017-07-27 10:00:00,20,12,8
2017-07-27 11:00:00,13,5,8
2017-07-27 12:00:00,14,7,7
2017-07-27 13:00:00,13,8,5
2017-07-27 14:00:00,29,13,16
2017-07-27 15:00:00,27,8,19
2017-07-27 16:00:00,35,20,15
2017-07-27 17:00:00,30,12,18
2017-07-27 18:00:00,37,17,20
2017-07-27 19:00:00,40,20,20
2017-07-27 20:00:00,27,18,9
2017-07-27 21:00:00,2,1,1
2017-07-27 22:00:00,0,0,0
2017-07-27 23:00:00,0,0,0
2017-07-28 00:00:00,0,0,0
2017-07-28 01:00:00,0,0,0
2017-07-28 02:00:00,0,0,0
2017-07-28 03:00:00,0,0,0
2017-07-28 04:00:00,0,0,0
2017-07-28 05:00:00,3,2,1
2017-07-28 06:00:00,15,5,10
2017-07-28 07:00:00,23,14,9
2017-07-28 08:00:00,35,21,14
2017-07-28 09:00:00,41,23,18
2017-07-28 10:00:00,24,12,12
2017-07-28 11:00:00,31,16,15
2017-07-28 12:00:00,28,16,12
2017-07-28 13:00:00,25,15,10
2017-07-28 14:00:00,25,11,14
2017-07-28 15:00:00,60,29,31
2017-07-28 16:00:00,36,19,17
2017-07-28 17:00:00,46,20,26
2017-07-28 18:00:00,48,28,20
2017-07-28 19:00:00,26,11,15
2017-07-28 20:00:00,36,21,15
2017-07-28 21:00:00,21,14,7
2017-07-28 22:00:00,3,2,1
2017-07-28 23:00:00,0,0,0
2017-07-29 00:00:00,0,0,0
2017-07-29 01:00:00,0,0,0
2017-07-29 02:00:00,0,0,0
2017-07-29 03:00:00,0,0,0
2017-07-29 04:00:00,0,0,0
2017-07-29 05:00:00,0,0,0
2017-07-29 06:00:00,11,5,6
2017-07-29 07:00:00,27,14,13
2017-07-29 08:00:00,50,21,29
2017-07-29 09:00:00,58,26,32
2017-07-29 10:00:00,59,25,34
2017-07-29 11:00:00,44,20,24
2017-07-29 12:00:00,40,28,12
2017-07-29 13:00:00,51,31,20
2017-07-29 14:00:00,44,23,21
2017-07-29 15:00:00,69,34,35
2017-07-29 16:00:00,31,13,18
2017-07-29 17:00:00,39,26,13
2017-07-29 18:00:00,32,21,11
2017-07-29 19:00:00,22,9,13
2017-07-29 20:00:00,13,9,4
2017-07-29 21:00:00,7,5,2
2017-07-29 22:00:00,0,0,0
2017-07-29 23:00:00,2,1,1
2017-07-30 00:00:00,1,1,0
2017-07-30 01:00:00,0,0,0
2017-07-30 02:00:00,2,0,2
2017-07-30 03:00:00,0,0,0
2017-07-30 04:00:00,0,0,0
2017-07-30 05:00:00,4,2,2
2017-07-30 06:00:00,14,7,7
2017-07-30 07:00:00,15,6,9
2017-07-30 08:00:00,36,15,21
2017-07-30 09:00:00,58,31,27
2017-07-30 10:00:00,56,29,27
2017-07-30 11:00:00,49,29,20
2017-07-30 12:00:00,40,25,15
2017-07-30 13:00:00,23,12,11
2017-07-30 14:00:00,46,21,25
2017-07-30 15:00:00,40,26,14
2017-07-30 16:00:00,32,17,15
2017-07-30 17:00:00,43,29,14
2017-07-30 18:00:00,32,23,9
2017-07-30 19:00:00,22,9,13
2017-07-30 20:00:00,17,13,4
2017-07-30 21:00:00,3,2,1
2017-07-30 22:00:00,5,3,2
2017-07-30 23:00:00,0,0,0
2017-07-31 00:00:00,0,0,0
2017-07-31 01:00:00,0,0,0
2017-07-31 02:00:00,0,0,0
2017-07-31 03:00:00,0,0,0
2017-07-31 04:00:00,0,0,0
2017-07-31 05:00:00,6,2,4
2017-07-31 06:00:00,20,9,11
2017-07-31 07:00:00,23,10,13
2017-07-31 08:00:00,41,29,12
2017-07-31 09:00:00,40,21,19
2017-07-31 10:00:00,43,23,20
2017-07-31 11:00:00,26,15,11
2017-07-31 12:00:00,21,11,10
2017-07-31 13:00:00,29,16,13
2017-07-31 14:00:00,22,10,12
2017-07-31 15:00:00,17,8,9
2017-07-31 16:00:00,35,15,20
2017-07-31 17:00:00,28,11,17
2017-07-31 18:00:00,46,24,22
2017-07-31 19:00:00,33,18,15
2017-07-31 20:00:00,34,21,13
2017-07-31 21:00:00,16,9,7
2017-07-31 22:00:00,1,1,0
2017-07-31 23:00:00,0,0,0
2017-08-01 00:00:00,0,0,0
2017-08-01 01:00:00,0,0,0
2017-08-01 02:00:00,0,0,0
2017-08-01 03:00:00,0,0,0
2017-08-01 04:00:00,0,0,0
2017-08-01 05:00:00,8,3,5
2017-08-01 06:00:00,25,12,13
2017-08-01 07:00:00,41,25,16
2017-08-01 08:00:00,48,29,19
2017-08-01 09:00:00,43,25,18
2017-08-01 10:00:00,38,18,20
2017-08-01 11:00:00,26,18,8
2017-08-01 12:00:00,12,9,3
2017-08-01 13:00:00,19,8,11
2017-08-01 14:00:00,23,11,12
2017-08-01 15:00:00,17,10,7
2017-08-01 16:00:00,31,16,15
2017-08-01 17:00:00,34,18,16
2017-08-01 18:00:00,23,13,10
2017-08-01 19:00:00,48,23,25
2017-08-01 20:00:00,15,6,9
2017-08-01 21:00:00,7,4,3
2017-08-01 22:00:00,0,0,0
2017-08-01 23:00:00,0,0,0
2017-08-02 00:00:00,0,0,0
2017-08-02 01:00:00,0,0,0
2017-08-02 02:00:00,0,0,0
2017-08-02 03:00:00,0,0,0
2017-08-02 04:00:00,0,0,0
2017-08-02 05:00:00,2,2,0
2017-08-02 06:00:00,12,7,5
2017-08-02 07:00:00,37,22,15
2017-08-02 08:00:00,33,20,13
2017-08-02 09:00:00,34,16,18
2017-08-02 10:00:00,47,22,25
2017-08-02 11:00:00,17,11,6
2017-08-02 12:00:00,17,10,7
2017-08-02 13:00:00,20,17,3
2017-08-02 14:00:00,19,15,4
2017-08-02 15:00:00,17,8,9
2017-08-02 16:00:00,14,6,8
2017-08-02 17:00:00,10,2,8
2017-08-02 18:00:00,18,9,9
2017-08-02 19:00:00,9,4,5
2017-08-02 20:00:00,19,13,6
2017-08-02 21:00:00,8,5,3
2017-08-02 22:00:00,0,0,0
2017-08-02 23:00:00,0,0,0
2017-08-03 00:00:00,0,0,0
2017-08-03 01:00:00,0,0,0
2017-08-03 02:00:00,0,0,0
2017-08-03 03:00:00,0,0,0
2017-08-03 04:00:00,0,0,0
2017-08-03 05:00:00,8,3,5
2017-08-03 06:00:00,25,14,11
2017-08-03 07:00:00,30,17,13
2017-08-03 08:00:00,27,16,11
2017-08-03 09:00:00,29,13,16
2017-08-03 10:00:00,35,20,15
2017-08-03 11:00:00,26,13,13
2017-08-03 12:00:00,3,3,0
2017-08-03 13:00:00,30,27,3
2017-08-03 14:00:00,11,9,2
2017-08-03 15:00:00,16,12,4
2017-08-03 16:00:00,10,5,5
2017-08-03 17:00:00,9,4,5
2017-08-03 18:00:00,7,3,4
2017-08-03 19:00:00,9,4,5
2017-08-03 20:00:00,14,9,5
2017-08-03 21:00:00,3,3,0
2017-08-03 22:00:00,0,0,0
2017-08-03 23:00:00,0,0,0
2017-08-04 00:00:00,0,0,0
2017-08-04 01:00:00,0,0,0
2017-08-04 02:00:00,0,0,0
2017-08-04 03:00:00,0,0,0
2017-08-04 04:00:00,0,0,0
2017-08-04 05:00:00,5,2,3
2017-08-04 06:00:00,13,10,3
2017-08-04 07:00:00,40,22,18
2017-08-04 08:00:00,27,15,12
2017-08-04 09:00:00,28,15,13
2017-08-04 10:00:00,41,21,20
2017-08-04 11:00:00,17,8,9
2017-08-04 12:00:00,5,3,2
2017-08-04 13:00:00,14,11,3
2017-08-04 14:00:00,5,3,2
2017-08-04 15:00:00,5,1,4
2017-08-04 16:00:00,8,0,8
2017-08-04 17:00:00,1,0,1
2017-08-04 18:00:00,1,1,0
2017-08-04 19:00:00,3,1,2
2017-08-04 20:00:00,5,3,2
2017-08-04 21:00:00,4,3,1
2017-08-04 22:00:00,2,2,0
2017-08-04 23:00:00,1,1,0
2017-08-05 00:00:00,0,0,0
2017-08-05 01:00:00,0,0,0
2017-08-05 02:00:00,0,0,0
2017-08-05 03:00:00,0,0,0
2017-08-05 04:00:00,0,0,0
2017-08-05 05:00:00,3,1,2
2017-08-05 06:00:00,7,3,4
2017-08-05 07:00:00,34,14,20
2017-08-05 08:00:00,74,33,41
2017-08-05 09:00:00,75,42,33
2017-08-05 10:00:00,59,30,29
2017-08-05 11:00:00,48,28,20
2017-08-05 12:00:00,32,21,11
2017-08-05 13:00:00,15,12,3
2017-08-05 14:00:00,33,20,13
2017-08-05 15:00:00,21,15,6
2017-08-05 16:00:00,21,10,11
2017-08-05 17:00:00,20,9,11
2017-08-05 18:00:00,17,9,8
2017-08-05 19:00:00,22,10,12
2017-08-05 20:00:00,11,5,6
2017-08-05 21:00:00,1,1,0
2017-08-05 22:00:00,0,0,0
2017-08-05 23:00:00,0,0,0
2017-08-06 00:00:00,0,0,0
2017-08-06 01:00:00,1,0,1
2017-08-06 02:00:00,0,0,0
2017-08-06 03:00:00,0,0,0
2017-08-06 04:00:00,0,0,0
2017-08-06 05:00:00,3,0,3
2017-08-06 06:00:00,9,4,5
2017-08-06 07:00:00,32,14,18
2017-08-06 08:00:00,76,44,32
2017-08-06 09:00:00,61,26,35
2017-08-06 10:00:00,50,30,20
2017-08-06 11:00:00,45,29,16
2017-08-06 12:00:00,21,13,8
2017-08-06 13:00:00,31,16,15
2017-08-06 14:00:00,25,12,13
2017-08-06 15:00:00,31,18,13
2017-08-06 16:00:00,27,14,13
2017-08-06 17:00:00,35,19,16
2017-08-06 18:00:00,15,6,9
2017-08-06 19:00:00,22,12,10
2017-08-06 20:00:00,18,10,8
2017-08-06 21:00:00,0,0,0
2017-08-06 22:00:00,1,0,1
2017-08-06 23:00:00,0,0,0
2017-08-07 00:00:00,0,0,0
2017-08-07 01:00:00,2,1,1
2017-08-07 02:00:00,0,0,0
2017-08-07 03:00:00,0,0,0
2017-08-07 04:00:00,0,0,0
2017-08-07 05:00:00,4,2,2
2017-08-07 06:00:00,10,7,3
2017-08-07 07:00:00,20,10,10
2017-08-07 08:00:00,33,15,18
2017-08-07 09:00:00,43,23,20
2017-08-07 10:00:00,41,22,19
2017-08-07 11:00:00,40,19,21
2017-08-07 12:00:00,30,16,14
2017-08-07 13:00:00,30,21,9
2017-08-07 14:00:00,12,5,7
2017-08-07 15:00:00,23,16,7
2017-08-07 16:00:00,17,11,6
2017-08-07 17:00:00,25,12,13
2017-08-07 18:00:00,40,18,22
2017-08-07 19:00:00,23,13,10
2017-08-07 20:00:00,19,13,6
2017-08-07 21:00:00,6,4,2
2017-08-07 22:00:00,3,2,1
2017-08-07 23:00:00,1,0,1
2017-08-08 00:00:00,0,0,0
2017-08-08 01:00:00,0,0,0
2017-08-08 02:00:00,1,1,0
2017-08-08 03:00:00,0,0,0
2017-08-08 04:00:00,1,0,1
2017-08-08 05:00:00,3,2,1
2017-08-08 06:00:00,26,13,13
2017-08-08 07:00:00,44,26,18
2017-08-08 08:00:00,29,16,13
2017-08-08 09:00:00,30,17,13
2017-08-08 10:00:00,35,13,22
2017-08-08 11:00:00,20,13,7
2017-08-08 12:00:00,20,14,6
2017-08-08 13:00:00,37,27,10
2017-08-08 14:00:00,12,7,5
2017-08-08 15:00:00,19,7,12
2017-08-08 16:00:00,16,10,6
2017-08-08 17:00:00,34,16,18
2017-08-08 18:00:00,26,11,15
2017-08-08 19:00:00,20,7,13
2017-08-08 20:00:00,24,16,8
2017-08-08 21:00:00,3,3,0
2017-08-08 22:00:00,0,0,0
2017-08-08 23:00:00,0,0,0
2017-08-09 00:00:00,0,0,0
2017-08-09 01:00:00,0,0,0
2017-08-09 02:00:00,0,0,0
2017-08-09 03:00:00,0,0,0
2017-08-09 04:00:00,0,0,0
2017-08-09 05:00:00,1,1,0
2017-08-09 06:00:00,18,6,12
2017-08-09 07:00:00,38,26,12
2017-08-09 08:00:00,28,18,10
2017-08-09 09:00:00,26,14,12
2017-08-09 10:00:00,29,14,15
2017-08-09 11:00:00,21,10,11
2017-08-09 12:00:00,24,18,6
2017-08-09 13:00:00,25,18,7
2017-08-09 14:00:00,39,29,10
2017-08-09 15:00:00,8,3,5
2017-08-09 16:00:00,20,11,9
2017-08-09 17:00:00,13,5,8
2017-08-09 18:00:00,24,13,11
2017-08-09 19:00:00,13,5,8
2017-08-09 20:00:00,25,17,8
2017-08-09 21:00:00,3,1,2
2017-08-09 22:00:00,1,0,1
2017-08-09 23:00:00,1,1,0
2017-08-10 00:00:00,0,0,0
2017-08-10 01:00:00,0,0,0
2017-08-10 02:00:00,0,0,0
2017-08-10 03:00:00,0,0,0
2017-08-10 04:00:00,1,0,1
2017-08-10 05:00:00,6,2,4
2017-08-10 06:00:00,30,15,15
2017-08-10 07:00:00,21,10,11
2017-08-10 08:00:00,45,24,21
2017-08-10 09:00:00,42,25,17
2017-08-10 10:00:00,31,11,20
2017-08-10 11:00:00,33,18,15
2017-08-10 12:00:00,18,11,7
2017-08-10 13:00:00,40,24,16
2017-08-10 14:00:00,30,21,9
2017-08-10 15:00:00,9,4,5
2017-08-10 16:00:00,30,17,13
2017-08-10 17:00:00,18,7,11
2017-08-10 18:00:00,18,11,7
2017-08-10 19:00:00,20,9,11
2017-08-10 20:00:00,29,15,14
2017-08-10 21:00:00,1,1,0
2017-08-10 22:00:00,2,0,2
2017-08-10 23:00:00,0,0,0
2017-08-11 00:00:00,0,0,0
2017-08-11 01:00:00,0,0,0
2017-08-11 02:00:00,0,0,0
2017-08-11 03:00:00,0,0,0
2017-08-11 04:00:00,0,0,0
2017-08-11 05:00:00,4,2,2
2017-08-11 06:00:00,12,8,4
2017-08-11 07:00:00,23,12,11
2017-08-11 08:00:00,30,22,8
2017-08-11 09:00:00,29,16,13
2017-08-11 10:00:00,32,11,21
2017-08-11 11:00:00,31,15,16
2017-08-11 12:00:00,25,19,6
2017-08-11 13:00:00,18,7,11
2017-08-11 14:00:00,23,12,11
2017-08-11 15:00:00,22,12,10
2017-08-11 16:00:00,21,9,12
2017-08-11 17:00:00,25,11,14
2017-08-11 18:00:00,23,12,11
2017-08-11 19:00:00,21,8,13
2017-08-11 20:00:00,14,9,5
2017-08-11 21:00:00,4,2,2
2017-08-11 22:00:00,1,0,1
2017-08-11 23:00:00,5,3,2
2017-08-12 00:00:00,0,0,0
2017-08-12 01:00:00,0,0,0
2017-08-12 02:00:00,0,0,0
2017-08-12 03:00:00,0,0,0
2017-08-12 04:00:00,0,0,0
2017-08-12 05:00:00,2,0,2
2017-08-12 06:00:00,4,0,4
2017-08-12 07:00:00,31,15,16
2017-08-12 08:00:00,74,30,44
2017-08-12 09:00:00,72,40,32
2017-08-12 10:00:00,73,40,33
2017-08-12 11:00:00,62,36,26
2017-08-12 12:00:00,52,26,26
2017-08-12 13:00:00,35,20,15
2017-08-12 14:00:00,45,20,25
2017-08-12 15:00:00,42,24,18
2017-08-12 16:00:00,32,16,16
2017-08-12 17:00:00,15,8,7
2017-08-12 18:00:00,33,18,15
2017-08-12 19:00:00,30,21,9
2017-08-12 20:00:00,21,6,15
2017-08-12 21:00:00,7,4,3
2017-08-12 22:00:00,0,0,0
2017-08-12 23:00:00,0,0,0
2017-08-13 00:00:00,0,0,0
2017-08-13 01:00:00,0,0,0
2017-08-13 02:00:00,0,0,0
2017-08-13 03:00:00,0,0,0
2017-08-13 04:00:00,0,0,0
2017-08-13 05:00:00,1,0,1
2017-08-13 06:00:00,4,1,3
2017-08-13 07:00:00,27,11,16
2017-08-13 08:00:00,63,33,30
2017-08-13 09:00:00,68,27,41
2017-08-13 10:00:00,56,32,24
2017-08-13 11:00:00,33,18,15
2017-08-13 12:00:00,38,17,21
2017-08-13 13:00:00,38,17,21
2017-08-13 14:00:00,45,27,18
2017-08-13 15:00:00,47,20,27
2017-08-13 16:00:00,32,23,9
2017-08-13 17:00:00,35,19,16
2017-08-13 18:00:00,28,13,15
2017-08-13 19:00:00,22,14,8
2017-08-13 20:00:00,11,6,5
2017-08-13 21:00:00,6,2,4
2017-08-13 22:00:00,1,1,0
2017-08-13 23:00:00,5,2,3
2017-08-14 00:00:00,0,0,0
2017-08-14 01:00:00,0,0,0
2017-08-14 02:00:00,1,0,1
2017-08-14 03:00:00,0,0,0
2017-08-14 04:00:00,0,0,0
2017-08-14 05:00:00,3,1,2
2017-08-14 06:00:00,14,9,5
2017-08-14 07:00:00,17,7,10
2017-08-14 08:00:00,27,16,11
2017-08-14 09:00:00,37,16,21
2017-08-14 10:00:00,25,13,12
2017-08-14 11:00:00,39,16,23
2017-08-14 12:00:00,33,16,17
2017-08-14 13:00:00,21,14,7
2017-08-14 14:00:00,12,8,4
2017-08-14 15:00:00,26,9,17
2017-08-14 16:00:00,39,27,12
2017-08-14 17:00:00,46,19,27
2017-08-14 18:00:00,27,15,12
2017-08-14 19:00:00,31,14,17
2017-08-14 20:00:00,36,21,15
2017-08-14 21:00:00,2,2,0
2017-08-14 22:00:00,0,0,0
2017-08-14 23:00:00,0,0,0
2017-08-15 00:00:00,0,0,0
2017-08-15 01:00:00,0,0,0
2017-08-15 02:00:00,1,0,1
2017-08-15 03:00:00,0,0,0
2017-08-15 04:00:00,0,0,0
2017-08-15 05:00:00,4,2,2
2017-08-15 06:00:00,16,9,7
2017-08-15 07:00:00,30,14,16
2017-08-15 08:00:00,33,24,9
2017-08-15 09:00:00,30,17,13
2017-08-15 10:00:00,21,11,10
2017-08-15 11:00:00,25,15,10
2017-08-15 12:00:00,30,16,14
2017-08-15 13:00:00,25,17,8
2017-08-15 14:00:00,18,7,11
2017-08-15 15:00:00,25,17,8
2017-08-15 16:00:00,34,17,17
2017-08-15 17:00:00,58,29,29
2017-08-15 18:00:00,48,21,27
2017-08-15 19:00:00,38,22,16
2017-08-15 20:00:00,24,13,11
2017-08-15 21:00:00,3,2,1
2017-08-15 22:00:00,1,0,1
2017-08-15 23:00:00,0,0,0
2017-08-16 00:00:00,0,0,0
2017-08-16 01:00:00,0,0,0
2017-08-16 02:00:00,0,0,0
2017-08-16 03:00:00,0,0,0
2017-08-16 04:00:00,1,0,1
2017-08-16 05:00:00,5,2,3
2017-08-16 06:00:00,16,9,7
2017-08-16 07:00:00,22,12,10
2017-08-16 08:00:00,31,17,14
2017-08-16 09:00:00,26,13,13
2017-08-16 10:00:00,21,14,7
2017-08-16 11:00:00,16,8,8
2017-08-16 12:00:00,24,13,11
2017-08-16 13:00:00,16,6,10
2017-08-16 14:00:00,21,10,11
2017-08-16 15:00:00,23,13,10
2017-08-16 16:00:00,39,18,21
2017-08-16 17:00:00,34,14,20
2017-08-16 18:00:00,37,18,19
2017-08-16 19:00:00,45,24,21
2017-08-16 20:00:00,37,20,17
2017-08-16 21:00:00,4,2,2
2017-08-16 22:00:00,0,0,0
2017-08-16 23:00:00,0,0,0
2017-08-17 00:00:00,0,0,0
2017-08-17 01:00:00,1,1,0
2017-08-17 02:00:00,0,0,0
2017-08-17 03:00:00,0,0,0
2017-08-17 04:00:00,0,0,0
2017-08-17 05:00:00,4,3,1
2017-08-17 06:00:00,13,7,6
2017-08-17 07:00:00,25,19,6
2017-08-17 08:00:00,28,17,11
2017-08-17 09:00:00,31,16,15
2017-08-17 10:00:00,39,21,18
2017-08-17 11:00:00,18,9,9
2017-08-17 12:00:00,20,13,7
2017-08-17 13:00:00,29,19,10
2017-08-17 14:00:00,24,13,11
2017-08-17 15:00:00,34,13,21
2017-08-17 16:00:00,32,16,16
2017-08-17 17:00:00,42,16,26
2017-08-17 18:00:00,40,22,18
2017-08-17 19:00:00,36,17,19
2017-08-17 20:00:00,20,11,9
2017-08-17 21:00:00,1,1,0
2017-08-17 22:00:00,0,0,0
2017-08-17 23:00:00,0,0,0
2017-08-18 00:00:00,0,0,0
2017-08-18 01:00:00,0,0,0
2017-08-18 02:00:00,0,0,0
2017-08-18 03:00:00,0,0,0
2017-08-18 04:00:00,0,0,0
2017-08-18 05:00:00,4,1,3
2017-08-18 06:00:00,53,11,42
2017-08-18 07:00:00,43,19,24
2017-08-18 08:00:00,32,16,16
2017-08-18 09:00:00,34,20,14
2017-08-18 10:00:00,40,11,29
2017-08-18 11:00:00,21,9,12
2017-08-18 12:00:00,20,11,9
2017-08-18 13:00:00,24,8,16
2017-08-18 14:00:00,33,16,17
2017-08-18 15:00:00,17,9,8
2017-08-18 16:00:00,29,11,18
2017-08-18 17:00:00,32,12,20
2017-08-18 18:00:00,32,18,14
2017-08-18 19:00:00,11,5,6
2017-08-18 20:00:00,11,7,4
2017-08-18 21:00:00,1,0,1
2017-08-18 22:00:00,6,4,2
2017-08-18 23:00:00,0,0,0
2017-08-19 00:00:00,0,0,0
2017-08-19 01:00:00,0,0,0
2017-08-19 02:00:00,0,0,0
2017-08-19 03:00:00,0,0,0
2017-08-19 04:00:00,0,0,0
2017-08-19 05:00:00,2,1,1
2017-08-19 06:00:00,11,6,5
2017-08-19 07:00:00,20,8,12
2017-08-19 08:00:00,43,20,23
2017-08-19 09:00:00,45,20,25
2017-08-19 10:00:00,62,34,28
2017-08-19 11:00:00,45,26,19
2017-08-19 12:00:00,30,23,7
2017-08-19 13:00:00,20,12,8
2017-08-19 14:00:00,43,35,8
2017-08-19 15:00:00,38,25,13
2017-08-19 16:00:00,32,16,16
2017-08-19 17:00:00,43,25,18
2017-08-19 18:00:00,21,6,15
2017-08-19 19:00:00,21,14,7
2017-08-19 20:00:00,4,3,1
2017-08-19 21:00:00,0,0,0
2017-08-19 22:00:00,0,0,0
2017-08-19 23:00:00,1,1,0
2017-08-20 00:00:00,0,0,0
2017-08-20 01:00:00,0,0,0
2017-08-20 02:00:00,0,0,0
2017-08-20 03:00:00,0,0,0
2017-08-20 04:00:00,0,0,0
2017-08-20 05:00:00,1,0,1
2017-08-20 06:00:00,5,3,2
2017-08-20 07:00:00,16,7,9
2017-08-20 08:00:00,40,21,19
2017-08-20 09:00:00,54,29,25
2017-08-20 10:00:00,43,22,21
2017-08-20 11:00:00,38,23,15
2017-08-20 12:00:00,46,30,16
2017-08-20 13:00:00,44,27,17
2017-08-20 14:00:00,42,27,15
2017-08-20 15:00:00,26,16,10
2017-08-20 16:00:00,44,26,18
2017-08-20 17:00:00,38,20,18
2017-08-20 18:00:00,27,13,14
2017-08-20 19:00:00,31,14,17
2017-08-20 20:00:00,12,10,2
2017-08-20 21:00:00,5,4,1
2017-08-20 22:00:00,1,0,1
2017-08-20 23:00:00,0,0,0
2017-08-21 00:00:00,0,0,0
2017-08-21 01:00:00,0,0,0
2017-08-21 02:00:00,0,0,0
2017-08-21 03:00:00,0,0,0
2017-08-21 04:00:00,0,0,0
2017-08-21 05:00:00,0,0,0
2017-08-21 06:00:00,16,11,5
2017-08-21 07:00:00,21,15,6
2017-08-21 08:00:00,37,21,16
2017-08-21 09:00:00,22,12,10
2017-08-21 10:00:00,7,3,4
2017-08-21 11:00:00,25,12,13
2017-08-21 12:00:00,17,11,6
2017-08-21 13:00:00,40,29,11
2017-08-21 14:00:00,53,42,11
2017-08-21 15:00:00,23,17,6
2017-08-21 16:00:00,31,16,15
2017-08-21 17:00:00,43,17,26
2017-08-21 18:00:00,30,14,16
2017-08-21 19:00:00,55,28,27
2017-08-21 20:00:00,17,9,8
2017-08-21 21:00:00,1,1,0
2017-08-21 22:00:00,0,0,0
2017-08-21 23:00:00,0,0,0
2017-08-22 00:00:00,0,0,0
2017-08-22 01:00:00,0,0,0
2017-08-22 02:00:00,0,0,0
2017-08-22 03:00:00,0,0,0
2017-08-22 04:00:00,0,0,0
2017-08-22 05:00:00,0,0,0
2017-08-22 06:00:00,11,7,4
2017-08-22 07:00:00,26,16,10
2017-08-22 08:00:00,26,17,9
2017-08-22 09:00:00,33,16,17
2017-08-22 10:00:00,26,13,13
2017-08-22 11:00:00,20,11,9
2017-08-22 12:00:00,22,15,7
2017-08-22 13:00:00,66,63,3
2017-08-22 14:00:00,41,34,7
2017-08-22 15:00:00,30,17,13
2017-08-22 16:00:00,31,14,17
2017-08-22 17:00:00,31,14,17
2017-08-22 18:00:00,32,12,20
2017-08-22 19:00:00,29,16,13
2017-08-22 20:00:00,21,15,6
2017-08-22 21:00:00,4,2,2
2017-08-22 22:00:00,0,0,0
2017-08-22 23:00:00,0,0,0
2017-08-23 00:00:00,0,0,0
2017-08-23 01:00:00,0,0,0
2017-08-23 02:00:00,1,1,0
2017-08-23 03:00:00,0,0,0
2017-08-23 04:00:00,0,0,0
2017-08-23 05:00:00,5,1,4
2017-08-23 06:00:00,18,9,9
2017-08-23 07:00:00,25,16,9
2017-08-23 08:00:00,32,16,16
2017-08-23 09:00:00,31,15,16
2017-08-23 10:00:00,38,11,27
2017-08-23 11:00:00,23,12,11
2017-08-23 12:00:00,30,18,12
2017-08-23 13:00:00,25,13,12
2017-08-23 14:00:00,33,17,16
2017-08-23 15:00:00,24,12,12
2017-08-23 16:00:00,27,15,12
2017-08-23 17:00:00,59,22,37
2017-08-23 18:00:00,42,22,20
2017-08-23 19:00:00,28,14,14
2017-08-23 20:00:00,10,5,5
2017-08-23 21:00:00,3,2,1
2017-08-23 22:00:00,0,0,0
2017-08-23 23:00:00,0,0,0
2017-08-24 00:00:00,0,0,0
2017-08-24 01:00:00,0,0,0
2017-08-24 02:00:00,0,0,0
2017-08-24 03:00:00,0,0,0
2017-08-24 04:00:00,1,1,0
2017-08-24 05:00:00,4,2,2
2017-08-24 06:00:00,12,6,6
2017-08-24 07:00:00,31,22,9
2017-08-24 08:00:00,40,23,17
2017-08-24 09:00:00,22,15,7
2017-08-24 10:00:00,47,12,35
2017-08-24 11:00:00,35,19,16
2017-08-24 12:00:00,21,14,7
2017-08-24 13:00:00,23,9,14
2017-08-24 14:00:00,22,16,6
2017-08-24 15:00:00,14,9,5
2017-08-24 16:00:00,18,10,8
2017-08-24 17:00:00,47,25,22
2017-08-24 18:00:00,36,24,12
2017-08-24 19:00:00,35,15,20
2017-08-24 20:00:00,11,8,3
2017-08-24 21:00:00,5,2,3
2017-08-24 22:00:00,0,0,0
2017-08-24 23:00:00,0,0,0
2017-08-25 00:00:00,0,0,0
2017-08-25 01:00:00,0,0,0
2017-08-25 02:00:00,0,0,0
2017-08-25 03:00:00,0,0,0
2017-08-25 04:00:00,0,0,0
2017-08-25 05:00:00,2,1,1
2017-08-25 06:00:00,27,12,15
2017-08-25 07:00:00,31,21,10
2017-08-25 08:00:00,33,23,10
2017-08-25 09:00:00,27,17,10
2017-08-25 10:00:00,18,7,11
2017-08-25 11:00:00,26,14,12
2017-08-25 12:00:00,22,15,7
2017-08-25 13:00:00,18,10,8
2017-08-25 14:00:00,35,21,14
2017-08-25 15:00:00,34,21,13
2017-08-25 16:00:00,27,13,14
2017-08-25 17:00:00,24,14,10
2017-08-25 18:00:00,37,21,16
2017-08-25 19:00:00,18,9,9
2017-08-25 20:00:00,10,6,4
2017-08-25 21:00:00,4,3,1
2017-08-25 22:00:00,1,1,0
2017-08-25 23:00:00,0,0,0
2017-08-26 00:00:00,0,0,0
2017-08-26 01:00:00,0,0,0
2017-08-26 02:00:00,0,0,0
2017-08-26 03:00:00,0,0,0
2017-08-26 04:00:00,0,0,0
2017-08-26 05:00:00,0,0,0
2017-08-26 06:00:00,8,3,5
2017-08-26 07:00:00,28,13,15
2017-08-26 08:00:00,64,32,32
2017-08-26 09:00:00,70,36,34
2017-08-26 10:00:00,78,37,41
2017-08-26 11:00:00,49,26,23
2017-08-26 12:00:00,70,58,12
2017-08-26 13:00:00,69,56,13
2017-08-26 14:00:00,37,22,15
2017-08-26 15:00:00,34,24,10
2017-08-26 16:00:00,29,14,15
2017-08-26 17:00:00,29,17,12
2017-08-26 18:00:00,19,11,8
2017-08-26 19:00:00,14,9,5
2017-08-26 20:00:00,7,5,2
2017-08-26 21:00:00,2,1,1
2017-08-26 22:00:00,2,1,1
2017-08-26 23:00:00,0,0,0
2017-08-27 00:00:00,2,1,1
2017-08-27 01:00:00,0,0,0
2017-08-27 02:00:00,1,1,0
2017-08-27 03:00:00,0,0,0
2017-08-27 04:00:00,0,0,0
2017-08-27 05:00:00,0,0,0
2017-08-27 06:00:00,6,2,4
2017-08-27 07:00:00,22,10,12
2017-08-27 08:00:00,46,21,25
2017-08-27 09:00:00,67,37,30
2017-08-27 10:00:00,72,33,39
2017-08-27 11:00:00,40,26,14
2017-08-27 12:00:00,40,34,6
2017-08-27 13:00:00,55,51,4
2017-08-27 14:00:00,36,28,8
2017-08-27 15:00:00,14,9,5
2017-08-27 16:00:00,16,9,7
2017-08-27 17:00:00,12,7,5
2017-08-27 18:00:00,12,8,4
2017-08-27 19:00:00,12,3,9
2017-08-27 20:00:00,13,9,4
2017-08-27 21:00:00,3,2,1
2017-08-27 22:00:00,0,0,0
2017-08-27 23:00:00,0,0,0
2017-08-28 00:00:00,0,0,0
2017-08-28 01:00:00,0,0,0
2017-08-28 02:00:00,0,0,0
2017-08-28 03:00:00,0,0,0
2017-08-28 04:00:00,0,0,0
2017-08-28 05:00:00,4,1,3
2017-08-28 06:00:00,18,10,8
2017-08-28 07:00:00,33,21,12
2017-08-28 08:00:00,33,20,13
2017-08-28 09:00:00,28,16,12
2017-08-28 10:00:00,16,7,9
2017-08-28 11:00:00,18,12,6
2017-08-28 12:00:00,27,21,6
2017-08-28 13:00:00,29,25,4
2017-08-28 14:00:00,6,3,3
2017-08-28 15:00:00,5,4,1
2017-08-28 16:00:00,13,5,8
2017-08-28 17:00:00,11,5,6
2017-08-28 18:00:00,11,6,5
2017-08-28 19:00:00,28,12,16
2017-08-28 20:00:00,19,13,6
2017-08-28 21:00:00,0,0,0
2017-08-28 22:00:00,0,0,0
2017-08-28 23:00:00,0,0,0
2017-08-29 00:00:00,0,0,0
2017-08-29 01:00:00,0,0,0
2017-08-29 02:00:00,0,0,0
2017-08-29 03:00:00,0,0,0
2017-08-29 04:00:00,0,0,0
2017-08-29 05:00:00,2,1,1
2017-08-29 06:00:00,12,6,6
2017-08-29 07:00:00,37,21,16
2017-08-29 08:00:00,25,14,11
2017-08-29 09:00:00,19,10,9
2017-08-29 10:00:00,33,15,18
2017-08-29 11:00:00,19,11,8
2017-08-29 12:00:00,4,1,3
2017-08-29 13:00:00,32,25,7
2017-08-29 14:00:00,13,11,2
2017-08-29 15:00:00,17,9,8
2017-08-29 16:00:00,12,2,10
2017-08-29 17:00:00,9,2,7
2017-08-29 18:00:00,10,4,6
2017-08-29 19:00:00,11,6,5
2017-08-29 20:00:00,11,8,3
2017-08-29 21:00:00,1,0,1
2017-08-29 22:00:00,2,1,1
2017-08-29 23:00:00,0,0,0
2017-08-30 00:00:00,0,0,0
2017-08-30 01:00:00,0,0,0
2017-08-30 02:00:00,0,0,0
2017-08-30 03:00:00,0,0,0
2017-08-30 04:00:00,0,0,0
2017-08-30 05:00:00,5,0,5
2017-08-30 06:00:00,13,6,7
2017-08-30 07:00:00,25,18,7
2017-08-30 08:00:00,30,14,16
2017-08-30 09:00:00,29,18,11
2017-08-30 10:00:00,23,13,10
2017-08-30 11:00:00,17,9,8
2017-08-30 12:00:00,25,13,12
2017-08-30 13:00:00,24,17,7
2017-08-30 14:00:00,21,8,13
2017-08-30 15:00:00,29,17,12
2017-08-30 16:00:00,27,16,11
2017-08-30 17:00:00,37,16,21
2017-08-30 18:00:00,48,20,28
2017-08-30 19:00:00,45,28,17
2017-08-30 20:00:00,18,10,8
2017-08-30 21:00:00,5,3,2
2017-08-30 22:00:00,0,0,0
2017-08-30 23:00:00,1,1,0
2017-08-31 00:00:00,0,0,0
2017-08-31 01:00:00,0,0,0
2017-08-31 02:00:00,0,0,0
2017-08-31 03:00:00,0,0,0
2017-08-31 04:00:00,0,0,0
2017-08-31 05:00:00,4,1,3
2017-08-31 06:00:00,14,6,8
2017-08-31 07:00:00,21,14,7
2017-08-31 08:00:00,19,13,6
2017-08-31 09:00:00,10,6,4
2017-08-31 10:00:00,16,11,5
2017-08-31 11:00:00,10,5,5
2017-08-31 12:00:00,11,5,6
2017-08-31 13:00:00,24,13,11
2017-08-31 14:00:00,16,6,10
2017-08-31 15:00:00,21,11,10
2017-08-31 16:00:00,38,18,20
2017-08-31 17:00:00,35,16,19
2017-08-31 18:00:00,33,18,15
2017-08-31 19:00:00,42,20,22
2017-08-31 20:00:00,14,9,5
2017-08-31 21:00:00,1,0,1
2017-08-31 22:00:00,0,0,0
2017-08-31 23:00:00,1,0,1
2017-09-01 00:00:00,1,1,0
2017-09-01 01:00:00,0,0,0
2017-09-01 02:00:00,0,0,0
2017-09-01 03:00:00,0,0,0
2017-09-01 04:00:00,0,0,0
2017-09-01 05:00:00,2,1,1
2017-09-01 06:00:00,13,7,6
2017-09-01 07:00:00,26,13,13
2017-09-01 08:00:00,35,24,11
2017-09-01 09:00:00,44,22,22
2017-09-01 10:00:00,25,17,8
2017-09-01 11:00:00,20,9,11
2017-09-01 12:00:00,12,8,4
2017-09-01 13:00:00,52,44,8
2017-09-01 14:00:00,24,15,9
2017-09-01 15:00:00,25,11,14
2017-09-01 16:00:00,32,12,20
2017-09-01 17:00:00,17,8,9
2017-09-01 18:00:00,11,5,6
2017-09-01 19:00:00,12,8,4
2017-09-01 20:00:00,7,6,1
2017-09-01 21:00:00,1,1,0
2017-09-01 22:00:00,0,0,0
2017-09-01 23:00:00,1,1,0
2017-09-02 00:00:00,0,0,0
2017-09-02 01:00:00,0,0,0
2017-09-02 02:00:00,0,0,0
2017-09-02 03:00:00,0,0,0
2017-09-02 04:00:00,0,0,0
2017-09-02 05:00:00,1,0,1
2017-09-02 06:00:00,7,3,4
2017-09-02 07:00:00,47,31,16
2017-09-02 08:00:00,56,16,40
2017-09-02 09:00:00,70,39,31
2017-09-02 10:00:00,76,46,30
2017-09-02 11:00:00,40,28,12
2017-09-02 12:00:00,36,32,4
2017-09-02 13:00:00,41,34,7
2017-09-02 14:00:00,21,16,5
2017-09-02 15:00:00,11,7,4
2017-09-02 16:00:00,16,7,9
2017-09-02 17:00:00,14,10,4
2017-09-02 18:00:00,13,6,7
2017-09-02 19:00:00,19,11,8
2017-09-02 20:00:00,4,2,2
2017-09-02 21:00:00,1,1,0
2017-09-02 22:00:00,2,1,1
2017-09-02 23:00:00,0,0,0
2017-09-03 00:00:00,1,1,0
2017-09-03 01:00:00,0,0,0
2017-09-03 02:00:00,0,0,0
2017-09-03 03:00:00,0,0,0
2017-09-03 04:00:00,0,0,0
2017-09-03 05:00:00,0,0,0
2017-09-03 06:00:00,3,2,1
2017-09-03 07:00:00,15,4,11
2017-09-03 08:00:00,34,16,18
2017-09-03 09:00:00,41,24,17
2017-09-03 10:00:00,48,28,20
2017-09-03 11:00:00,33,20,13
2017-09-03 12:00:00,16,12,4
2017-09-03 13:00:00,29,27,2
2017-09-03 14:00:00,15,11,4
2017-09-03 15:00:00,7,3,4
2017-09-03 16:00:00,0,0,0
2017-09-03 17:00:00,4,3,1
2017-09-03 18:00:00,3,1,2
2017-09-03 19:00:00,6,6,0
2017-09-03 20:00:00,3,3,0
2017-09-03 21:00:00,3,2,1
2017-09-03 22:00:00,1,0,1
2017-09-03 23:00:00,0,0,0
2017-09-04 00:00:00,0,0,0
2017-09-04 01:00:00,0,0,0
2017-09-04 02:00:00,0,0,0
2017-09-04 03:00:00,0,0,0
2017-09-04 04:00:00,0,0,0
2017-09-04 05:00:00,0,0,0
2017-09-04 06:00:00,7,1,6
2017-09-04 07:00:00,25,9,16
2017-09-04 08:00:00,51,25,26
2017-09-04 09:00:00,60,35,25
2017-09-04 10:00:00,45,27,18
2017-09-04 11:00:00,55,28,27
2017-09-04 12:00:00,26,20,6
2017-09-04 13:00:00,18,12,6
2017-09-04 14:00:00,7,4,3
2017-09-04 15:00:00,13,9,4
2017-09-04 16:00:00,9,7,2
2017-09-04 17:00:00,6,5,1
2017-09-04 18:00:00,6,5,1
2017-09-04 19:00:00,8,5,3
2017-09-04 20:00:00,6,5,1
2017-09-04 21:00:00,1,1,0
2017-09-04 22:00:00,0,0,0
2017-09-04 23:00:00,0,0,0
2017-09-05 00:00:00,0,0,0
2017-09-05 01:00:00,0,0,0
2017-09-05 02:00:00,0,0,0
2017-09-05 03:00:00,0,0,0
2017-09-05 04:00:00,0,0,0
2017-09-05 05:00:00,3,2,1
2017-09-05 06:00:00,13,6,7
2017-09-05 07:00:00,25,13,12
2017-09-05 08:00:00,48,27,21
2017-09-05 09:00:00,25,18,7
2017-09-05 10:00:00,17,12,5
2017-09-05 11:00:00,8,2,6
2017-09-05 12:00:00,12,3,9
2017-09-05 13:00:00,16,8,8
2017-09-05 14:00:00,8,4,4
2017-09-05 15:00:00,4,4,0
2017-09-05 16:00:00,12,5,7
2017-09-05 17:00:00,514,505,9
2017-09-05 18:00:00,2817,2743,74
2017-09-05 19:00:00,3047,2974,73
2017-09-05 20:00:00,1900,1880,20
2017-09-05 21:00:00,2856,2849,7
2017-09-05 22:00:00,3637,3637,0
2017-09-05 23:00:00,4054,4054,0
2017-09-06 00:00:00,3351,3351,0
2017-09-06 01:00:00,3657,3646,11
2017-09-06 02:00:00,745,745,0
2017-09-06 03:00:00,9,9,0
2017-09-06 04:00:00,17,17,0
2017-09-06 05:00:00,202,201,1
2017-09-06 06:00:00,1069,1063,6
2017-09-06 07:00:00,23,16,7
2017-09-06 08:00:00,28,21,7
2017-09-06 09:00:00,459,427,32
2017-09-06 10:00:00,389,385,4
2017-09-06 11:00:00,1390,1346,44
2017-09-06 12:00:00,5,3,2
2017-09-06 13:00:00,4,3,1
2017-09-06 14:00:00,6,3,3
2017-09-06 15:00:00,5,3,2
2017-09-06 16:00:00,12,6,6
2017-09-06 17:00:00,11,3,8
2017-09-06 18:00:00,15,7,8
2017-09-06 19:00:00,19,12,7
2017-09-06 20:00:00,4,4,0
2017-09-06 21:00:00,2,2,0
2017-09-06 22:00:00,1,1,0
2017-09-06 23:00:00,2,1,1
2017-09-07 00:00:00,0,0,0
2017-09-07 01:00:00,0,0,0
2017-09-07 02:00:00,0,0,0
2017-09-07 03:00:00,0,0,0
2017-09-07 04:00:00,0,0,0
2017-09-07 05:00:00,4,2,2
2017-09-07 06:00:00,7,6,1
2017-09-07 07:00:00,17,9,8
2017-09-07 08:00:00,22,14,8
2017-09-07 09:00:00,23,13,10
2017-09-07 10:00:00,12,9,3
2017-09-07 11:00:00,15,6,9
2017-09-07 12:00:00,15,8,7
2017-09-07 13:00:00,18,10,8
2017-09-07 14:00:00,9,5,4
2017-09-07 15:00:00,8,4,4
2017-09-07 16:00:00,21,7,14
2017-09-07 17:00:00,25,14,11
2017-09-07 18:00:00,29,16,13
2017-09-07 19:00:00,19,9,10
2017-09-07 20:00:00,5,4,1
2017-09-07 21:00:00,0,0,0
2017-09-07 22:00:00,0,0,0
2017-09-07 23:00:00,1,1,0
2017-09-08 00:00:00,0,0,0
2017-09-08 01:00:00,0,0,0
2017-09-08 02:00:00,0,0,0
2017-09-08 03:00:00,0,0,0
2017-09-08 04:00:00,0,0,0
2017-09-08 05:00:00,3,2,1
2017-09-08 06:00:00,11,6,5
2017-09-08 07:00:00,24,17,7
2017-09-08 08:00:00,23,11,12
2017-09-08 09:00:00,24,12,12
2017-09-08 10:00:00,17,8,9
2017-09-08 11:00:00,17,9,8
2017-09-08 12:00:00,27,13,14
2017-09-08 13:00:00,21,9,12
2017-09-08 14:00:00,14,7,7
2017-09-08 15:00:00,20,9,11
2017-09-08 16:00:00,21,10,11
2017-09-08 17:00:00,34,18,16
2017-09-08 18:00:00,27,14,13
2017-09-08 19:00:00,14,8,6
2017-09-08 20:00:00,0,0,0
2017-09-08 21:00:00,0,0,0
2017-09-08 22:00:00,1,0,1
2017-09-08 23:00:00,5,4,1
2017-09-09 00:00:00,0,0,0
2017-09-09 01:00:00,0,0,0
2017-09-09 02:00:00,1,1,0
2017-09-09 03:00:00,0,0,0
2017-09-09 04:00:00,0,0,0
2017-09-09 05:00:00,1,1,0
2017-09-09 06:00:00,7,1,6
2017-09-09 07:00:00,27,14,13
2017-09-09 08:00:00,44,20,24
2017-09-09 09:00:00,55,31,24
2017-09-09 10:00:00,51,23,28
2017-09-09 11:00:00,42,20,22
2017-09-09 12:00:00,23,13,10
2017-09-09 13:00:00,43,19,24
2017-09-09 14:00:00,31,17,14
2017-09-09 15:00:00,31,20,11
2017-09-09 16:00:00,22,11,11
2017-09-09 17:00:00,21,11,10
2017-09-09 18:00:00,11,6,5
2017-09-09 19:00:00,12,8,4
2017-09-09 20:00:00,2,1,1
2017-09-09 21:00:00,0,0,0
2017-09-09 22:00:00,0,0,0
2017-09-09 23:00:00,0,0,0
2017-09-10 00:00:00,0,0,0
2017-09-10 01:00:00,0,0,0
2017-09-10 02:00:00,0,0,0
2017-09-10 03:00:00,0,0,0
2017-09-10 04:00:00,0,0,0
2017-09-10 05:00:00,1,1,0
2017-09-10 06:00:00,2,1,1
2017-09-10 07:00:00,17,6,11
2017-09-10 08:00:00,43,20,23
2017-09-10 09:00:00,64,29,35
2017-09-10 10:00:00,73,39,34
2017-09-10 11:00:00,39,22,17
2017-09-10 12:00:00,38,20,18
2017-09-10 13:00:00,42,27,15
2017-09-10 14:00:00,36,22,14
2017-09-10 15:00:00,41,24,17
2017-09-10 16:00:00,42,20,22
2017-09-10 17:00:00,40,24,16
2017-09-10 18:00:00,26,14,12
2017-09-10 19:00:00,30,15,15
2017-09-10 20:00:00,0,0,0
2017-09-10 21:00:00,6,3,3
2017-09-10 22:00:00,1,0,1
2017-09-10 23:00:00,1,1,0
2017-09-11 00:00:00,0,0,0
2017-09-11 01:00:00,0,0,0
2017-09-11 02:00:00,0,0,0
2017-09-11 03:00:00,0,0,0
2017-09-11 04:00:00,0,0,0
2017-09-11 05:00:00,1,1,0
2017-09-11 06:00:00,11,5,6
2017-09-11 07:00:00,22,16,6
2017-09-11 08:00:00,32,20,12
2017-09-11 09:00:00,23,12,11
2017-09-11 10:00:00,36,16,20
2017-09-11 11:00:00,27,17,10
2017-09-11 12:00:00,17,12,5
2017-09-11 13:00:00,19,14,5
2017-09-11 14:00:00,15,13,2
2017-09-11 15:00:00,5,2,3
2017-09-11 16:00:00,21,7,14
2017-09-11 17:00:00,36,20,16
2017-09-11 18:00:00,21,9,12
2017-09-11 19:00:00,19,13,6
2017-09-11 20:00:00,7,3,4
2017-09-11 21:00:00,0,0,0
2017-09-11 22:00:00,0,0,0
2017-09-11 23:00:00,0,0,0
2017-09-12 00:00:00,0,0,0
2017-09-12 01:00:00,0,0,0
2017-09-12 02:00:00,0,0,0
2017-09-12 03:00:00,0,0,0
2017-09-12 04:00:00,0,0,0
2017-09-12 05:00:00,6,3,3
2017-09-12 06:00:00,11,7,4
2017-09-12 07:00:00,19,13,6
2017-09-12 08:00:00,24,17,7
2017-09-12 09:00:00,22,11,11
2017-09-12 10:00:00,13,7,6
2017-09-12 11:00:00,27,16,11
2017-09-12 12:00:00,11,8,3
2017-09-12 13:00:00,21,20,1
2017-09-12 14:00:00,3,2,1
2017-09-12 15:00:00,16,12,4
2017-09-12 16:00:00,18,7,11
2017-09-12 17:00:00,23,9,14
2017-09-12 18:00:00,32,15,17
2017-09-12 19:00:00,26,12,14
2017-09-12 20:00:00,3,3,0
2017-09-12 21:00:00,0,0,0
2017-09-12 22:00:00,0,0,0
2017-09-12 23:00:00,0,0,0
2017-09-13 00:00:00,0,0,0
2017-09-13 01:00:00,0,0,0
2017-09-13 02:00:00,0,0,0
2017-09-13 03:00:00,0,0,0
2017-09-13 04:00:00,0,0,0
2017-09-13 05:00:00,6,5,1
2017-09-13 06:00:00,14,7,7
2017-09-13 07:00:00,15,11,4
2017-09-13 08:00:00,20,11,9
2017-09-13 09:00:00,28,16,12
2017-09-13 10:00:00,27,15,12
2017-09-13 11:00:00,22,12,10
2017-09-13 12:00:00,16,11,5
2017-09-13 13:00:00,25,14,11
2017-09-13 14:00:00,17,9,8
2017-09-13 15:00:00,14,8,6
2017-09-13 16:00:00,20,6,14
2017-09-13 17:00:00,32,11,21
2017-09-13 18:00:00,36,17,19
2017-09-13 19:00:00,16,10,6
2017-09-13 20:00:00,2,1,1
2017-09-13 21:00:00,0,0,0
2017-09-13 22:00:00,1,0,1
2017-09-13 23:00:00,0,0,0
2017-09-14 00:00:00,0,0,0
2017-09-14 01:00:00,0,0,0
2017-09-14 02:00:00,1,0,1
2017-09-14 03:00:00,0,0,0
2017-09-14 04:00:00,0,0,0
2017-09-14 05:00:00,4,2,2
2017-09-14 06:00:00,16,10,6
2017-09-14 07:00:00,24,14,10
2017-09-14 08:00:00,18,10,8
2017-09-14 09:00:00,20,10,10
2017-09-14 10:00:00,15,6,9
2017-09-14 11:00:00,27,17,10
2017-09-14 12:00:00,16,13,3
2017-09-14 13:00:00,38,32,6
2017-09-14 14:00:00,27,18,9
2017-09-14 15:00:00,18,7,11
2017-09-14 16:00:00,30,12,18
2017-09-14 17:00:00,31,16,15
2017-09-14 18:00:00,24,12,12
2017-09-14 19:00:00,16,10,6
2017-09-14 20:00:00,4,3,1
2017-09-14 21:00:00,2,1,1
2017-09-14 22:00:00,2,2,0
2017-09-14 23:00:00,0,0,0
2017-09-15 00:00:00,0,0,0
2017-09-15 01:00:00,0,0,0
2017-09-15 02:00:00,0,0,0
2017-09-15 03:00:00,0,0,0
2017-09-15 04:00:00,0,0,0
2017-09-15 05:00:00,2,2,0
2017-09-15 06:00:00,15,9,6
2017-09-15 07:00:00,25,15,10
2017-09-15 08:00:00,23,13,10
2017-09-15 09:00:00,35,19,16
2017-09-15 10:00:00,21,10,11
2017-09-15 11:00:00,12,5,7
2017-09-15 12:00:00,18,15,3
2017-09-15 13:00:00,45,42,3
2017-09-15 14:00:00,27,21,6
2017-09-15 15:00:00,14,8,6
2017-09-15 16:00:00,32,12,20
2017-09-15 17:00:00,23,15,8
2017-09-15 18:00:00,25,14,11
2017-09-15 19:00:00,14,9,5
2017-09-15 20:00:00,2,1,1
2017-09-15 21:00:00,1,1,0
2017-09-15 22:00:00,0,0,0
2017-09-15 23:00:00,0,0,0
2017-09-16 00:00:00,0,0,0
2017-09-16 01:00:00,0,0,0
2017-09-16 02:00:00,0,0,0
2017-09-16 03:00:00,0,0,0
2017-09-16 04:00:00,0,0,0
2017-09-16 05:00:00,0,0,0
2017-09-16 06:00:00,3,1,2
2017-09-16 07:00:00,23,11,12
2017-09-16 08:00:00,52,23,29
2017-09-16 09:00:00,51,26,25
2017-09-16 10:00:00,51,27,24
2017-09-16 11:00:00,43,25,18
2017-09-16 12:00:00,25,17,8
2017-09-16 13:00:00,30,16,14
2017-09-16 14:00:00,24,18,6
2017-09-16 15:00:00,14,10,4
2017-09-16 16:00:00,15,10,5
2017-09-16 17:00:00,13,7,6
2017-09-16 18:00:00,11,5,6
2017-09-16 19:00:00,6,4,2
2017-09-16 20:00:00,0,0,0
2017-09-16 21:00:00,0,0,0
2017-09-16 22:00:00,0,0,0
2017-09-16 23:00:00,0,0,0
2017-09-17 00:00:00,0,0,0
2017-09-17 01:00:00,0,0,0
2017-09-17 02:00:00,0,0,0
2017-09-17 03:00:00,0,0,0
2017-09-17 04:00:00,0,0,0
2017-09-17 05:00:00,0,0,0
2017-09-17 06:00:00,4,1,3
2017-09-17 07:00:00,18,7,11
2017-09-17 08:00:00,28,12,16
2017-09-17 09:00:00,63,33,30
2017-09-17 10:00:00,55,27,28
2017-09-17 11:00:00,44,25,19
2017-09-17 12:00:00,44,25,19
2017-09-17 13:00:00,16,9,7
2017-09-17 14:00:00,14,7,7
2017-09-17 15:00:00,13,6,7
2017-09-17 16:00:00,11,6,5
2017-09-17 17:00:00,10,7,3
2017-09-17 18:00:00,11,5,6
2017-09-17 19:00:00,11,7,4
2017-09-17 20:00:00,1,0,1
2017-09-17 21:00:00,0,0,0
2017-09-17 22:00:00,0,0,0
2017-09-17 23:00:00,0,0,0
2017-09-18 00:00:00,0,0,0
2017-09-18 01:00:00,0,0,0
2017-09-18 02:00:00,0,0,0
2017-09-18 03:00:00,0,0,0
2017-09-18 04:00:00,0,0,0
2017-09-18 05:00:00,1,0,1
2017-09-18 06:00:00,3,2,1
2017-09-18 07:00:00,17,10,7
2017-09-18 08:00:00,26,15,11
2017-09-18 09:00:00,20,8,12
2017-09-18 10:00:00,23,11,12
2017-09-18 11:00:00,14,5,9
2017-09-18 12:00:00,24,12,12
2017-09-18 13:00:00,21,12,9
2017-09-18 14:00:00,21,8,13
2017-09-18 15:00:00,15,7,8
2017-09-18 16:00:00,14,9,5
2017-09-18 17:00:00,35,14,21
2017-09-18 18:00:00,22,12,10
2017-09-18 19:00:00,9,7,2
2017-09-18 20:00:00,2,1,1
2017-09-18 21:00:00,0,0,0
2017-09-18 22:00:00,0,0,0
2017-09-18 23:00:00,0,0,0
2017-09-19 00:00:00,0,0,0
2017-09-19 01:00:00,0,0,0
2017-09-19 02:00:00,0,0,0
2017-09-19 03:00:00,0,0,0
2017-09-19 04:00:00,0,0,0
2017-09-19 05:00:00,2,1,1
2017-09-19 06:00:00,11,6,5
2017-09-19 07:00:00,27,16,11
2017-09-19 08:00:00,27,16,11
2017-09-19 09:00:00,23,16,7
2017-09-19 10:00:00,19,8,11
2017-09-19 11:00:00,7,3,4
2017-09-19 12:00:00,15,6,9
2017-09-19 13:00:00,11,6,5
2017-09-19 14:00:00,3,3,0
2017-09-19 15:00:00,3,3,0
2017-09-19 16:00:00,9,6,3
2017-09-19 17:00:00,19,8,11
2017-09-19 18:00:00,15,9,6
2017-09-19 19:00:00,7,4,3
2017-09-19 20:00:00,1,1,0
2017-09-19 21:00:00,0,0,0
2017-09-19 22:00:00,0,0,0
2017-09-19 23:00:00,0,0,0
2017-09-20 00:00:00,0,0,0
2017-09-20 01:00:00,0,0,0
2017-09-20 02:00:00,0,0,0
2017-09-20 03:00:00,0,0,0
2017-09-20 04:00:00,0,0,0
2017-09-20 05:00:00,2,2,0
2017-09-20 06:00:00,10,5,5
2017-09-20 07:00:00,24,16,8
2017-09-20 08:00:00,24,12,12
2017-09-20 09:00:00,22,15,7
2017-09-20 10:00:00,16,10,6
2017-09-20 11:00:00,16,9,7
2017-09-20 12:00:00,13,10,3
2017-09-20 13:00:00,24,11,13
2017-09-20 14:00:00,15,7,8
2017-09-20 15:00:00,18,9,9
2017-09-20 16:00:00,19,9,10
2017-09-20 17:00:00,42,20,22
2017-09-20 18:00:00,33,20,13
2017-09-20 19:00:00,16,8,8
2017-09-20 20:00:00,0,0,0
2017-09-20 21:00:00,0,0,0
2017-09-20 22:00:00,0,0,0
2017-09-20 23:00:00,0,0,0
2017-09-21 00:00:00,0,0,0
2017-09-21 01:00:00,0,0,0
2017-09-21 02:00:00,0,0,0
2017-09-21 03:00:00,0,0,0
2017-09-21 04:00:00,0,0,0
2017-09-21 05:00:00,2,1,1
2017-09-21 06:00:00,8,4,4
2017-09-21 07:00:00,15,11,4
2017-09-21 08:00:00,13,8,5
2017-09-21 09:00:00,7,6,1
2017-09-21 10:00:00,16,11,5
2017-09-21 11:00:00,9,6,3
2017-09-21 12:00:00,9,5,4
2017-09-21 13:00:00,9,6,3
2017-09-21 14:00:00,23,11,12
2017-09-21 15:00:00,12,5,7
2017-09-21 16:00:00,33,13,20
2017-09-21 17:00:00,26,12,14
2017-09-21 18:00:00,19,11,8
2017-09-21 19:00:00,12,7,5
2017-09-21 20:00:00,3,3,0
2017-09-21 21:00:00,3,2,1
2017-09-21 22:00:00,0,0,0
2017-09-21 23:00:00,0,0,0
2017-09-22 00:00:00,0,0,0
2017-09-22 01:00:00,0,0,0
2017-09-22 02:00:00,0,0,0
2017-09-22 03:00:00,0,0,0
2017-09-22 04:00:00,0,0,0
2017-09-22 05:00:00,3,1,2
2017-09-22 06:00:00,9,7,2
2017-09-22 07:00:00,17,11,6
2017-09-22 08:00:00,16,11,5
2017-09-22 09:00:00,13,8,5
2017-09-22 10:00:00,14,7,7
2017-09-22 11:00:00,17,8,9
2017-09-22 12:00:00,33,27,6
2017-09-22 13:00:00,39,31,8
2017-09-22 14:00:00,23,16,7
2017-09-22 15:00:00,29,18,11
2017-09-22 16:00:00,35,14,21
2017-09-22 17:00:00,21,12,9
2017-09-22 18:00:00,10,5,5
2017-09-22 19:00:00,8,6,2
2017-09-22 20:00:00,1,1,0
2017-09-22 21:00:00,2,0,2
2017-09-22 22:00:00,1,1,0
2017-09-22 23:00:00,0,0,0
2017-09-23 00:00:00,0,0,0
2017-09-23 01:00:00,0,0,0
2017-09-23 02:00:00,0,0,0
2017-09-23 03:00:00,0,0,0
2017-09-23 04:00:00,0,0,0
2017-09-23 05:00:00,0,0,0
2017-09-23 06:00:00,5,1,4
2017-09-23 07:00:00,20,10,10
2017-09-23 08:00:00,46,21,25
2017-09-23 09:00:00,65,31,34
2017-09-23 10:00:00,47,22,25
2017-09-23 11:00:00,53,28,25
2017-09-23 12:00:00,29,21,8
2017-09-23 13:00:00,206,175,31
2017-09-23 14:00:00,1372,1215,157
2017-09-23 15:00:00,931,750,181
2017-09-23 16:00:00,1562,1299,263
2017-09-23 17:00:00,2296,2043,253
2017-09-23 18:00:00,2078,2024,54
2017-09-23 19:00:00,2017,1954,63
2017-09-23 20:00:00,1789,1785,4
2017-09-23 21:00:00,2389,2388,1
2017-09-23 22:00:00,569,567,2
2017-09-23 23:00:00,778,751,27
2017-09-24 00:00:00,575,574,1
2017-09-24 01:00:00,194,193,1
2017-09-24 02:00:00,182,182,0
2017-09-24 03:00:00,65,65,0
2017-09-24 04:00:00,9,9,0
2017-09-24 05:00:00,0,0,0
2017-09-24 06:00:00,7,2,5
2017-09-24 07:00:00,24,11,13
2017-09-24 08:00:00,41,23,18
2017-09-24 09:00:00,208,164,44
2017-09-24 10:00:00,778,734,44
2017-09-24 11:00:00,693,656,37
2017-09-24 12:00:00,1610,1526,84
2017-09-24 13:00:00,1690,1559,131
2017-09-24 14:00:00,1768,1572,196
2017-09-24 15:00:00,1068,983,85
2017-09-24 16:00:00,300,273,27
2017-09-24 17:00:00,214,196,18
2017-09-24 18:00:00,119,106,13
2017-09-24 19:00:00,178,176,2
2017-09-24 20:00:00,65,64,1
2017-09-24 21:00:00,41,41,0
2017-09-24 22:00:00,52,52,0
2017-09-24 23:00:00,30,30,0
2017-09-25 00:00:00,24,24,0
2017-09-25 01:00:00,16,16,0
2017-09-25 02:00:00,12,12,0
2017-09-25 03:00:00,14,14,0
2017-09-25 04:00:00,10,10,0
2017-09-25 05:00:00,4,3,1
2017-09-25 06:00:00,16,13,3
2017-09-25 07:00:00,33,30,3
2017-09-25 08:00:00,26,16,10
2017-09-25 09:00:00,31,23,8
2017-09-25 10:00:00,47,33,14
2017-09-25 11:00:00,25,14,11
2017-09-25 12:00:00,19,8,11
2017-09-25 13:00:00,16,10,6
2017-09-25 14:00:00,22,11,11
2017-09-25 15:00:00,16,7,9
2017-09-25 16:00:00,25,12,13
2017-09-25 17:00:00,60,31,29
2017-09-25 18:00:00,23,10,13
2017-09-25 19:00:00,11,6,5
2017-09-25 20:00:00,0,0,0
2017-09-25 21:00:00,2,1,1
2017-09-25 22:00:00,0,0,0
2017-09-25 23:00:00,0,0,0
2017-09-26 00:00:00,1,1,0
2017-09-26 01:00:00,0,0,0
2017-09-26 02:00:00,0,0,0
2017-09-26 03:00:00,0,0,0
2017-09-26 04:00:00,0,0,0
2017-09-26 05:00:00,2,2,0
2017-09-26 06:00:00,10,6,4
2017-09-26 07:00:00,25,16,9
2017-09-26 08:00:00,32,21,11
2017-09-26 09:00:00,35,14,21
2017-09-26 10:00:00,19,8,11
2017-09-26 11:00:00,16,7,9
2017-09-26 12:00:00,21,18,3
2017-09-26 13:00:00,41,33,8
2017-09-26 14:00:00,35,28,7
2017-09-26 15:00:00,16,9,7
2017-09-26 16:00:00,34,15,19
2017-09-26 17:00:00,24,13,11
2017-09-26 18:00:00,41,17,24
2017-09-26 19:00:00,7,4,3
2017-09-26 20:00:00,2,1,1
2017-09-26 21:00:00,1,1,0
2017-09-26 22:00:00,0,0,0
2017-09-26 23:00:00,1,1,0
2017-09-27 00:00:00,2,1,1
2017-09-27 01:00:00,0,0,0
2017-09-27 02:00:00,0,0,0
2017-09-27 03:00:00,0,0,0
2017-09-27 04:00:00,0,0,0
2017-09-27 05:00:00,5,2,3
2017-09-27 06:00:00,18,9,9
2017-09-27 07:00:00,22,16,6
2017-09-27 08:00:00,24,15,9
2017-09-27 09:00:00,32,18,14
2017-09-27 10:00:00,25,14,11
2017-09-27 11:00:00,22,13,9
2017-09-27 12:00:00,23,18,5
2017-09-27 13:00:00,32,30,2
2017-09-27 14:00:00,25,21,4
2017-09-27 15:00:00,21,12,9
2017-09-27 16:00:00,19,3,16
2017-09-27 17:00:00,32,14,18
2017-09-27 18:00:00,29,8,21
2017-09-27 19:00:00,22,14,8
2017-09-27 20:00:00,2,2,0
2017-09-27 21:00:00,2,1,1
2017-09-27 22:00:00,1,0,1
2017-09-27 23:00:00,1,1,0
2017-09-28 00:00:00,0,0,0
2017-09-28 01:00:00,0,0,0
2017-09-28 02:00:00,1,0,1
2017-09-28 03:00:00,1,1,0
2017-09-28 04:00:00,0,0,0
2017-09-28 05:00:00,2,1,1
2017-09-28 06:00:00,8,4,4
2017-09-28 07:00:00,24,14,10
2017-09-28 08:00:00,27,14,13
2017-09-28 09:00:00,27,13,14
2017-09-28 10:00:00,25,13,12
2017-09-28 11:00:00,14,10,4
2017-09-28 12:00:00,17,14,3
2017-09-28 13:00:00,37,37,0
2017-09-28 14:00:00,40,38,2
2017-09-28 15:00:00,13,5,8
2017-09-28 16:00:00,2,1,1
2017-09-28 17:00:00,2,2,0
2017-09-28 18:00:00,5,5,0
2017-09-28 19:00:00,0,0,0
2017-09-28 20:00:00,2,2,0
2017-09-28 21:00:00,0,0,0
2017-09-28 22:00:00,0,0,0
2017-09-28 23:00:00,0,0,0
2017-09-29 00:00:00,0,0,0
2017-09-29 01:00:00,0,0,0
2017-09-29 02:00:00,0,0,0
2017-09-29 03:00:00,0,0,0
2017-09-29 04:00:00,0,0,0
2017-09-29 05:00:00,3,1,2
2017-09-29 06:00:00,2,1,1
2017-09-29 07:00:00,7,7,0
2017-09-29 08:00:00,5,4,1
2017-09-29 09:00:00,7,4,3
2017-09-29 10:00:00,7,5,2
2017-09-29 11:00:00,8,5,3
2017-09-29 12:00:00,4,3,1
2017-09-29 13:00:00,6,3,3
2017-09-29 14:00:00,4,4,0
2017-09-29 15:00:00,3,1,2
2017-09-29 16:00:00,11,7,4
2017-09-29 17:00:00,19,7,12
2017-09-29 18:00:00,31,12,19
2017-09-29 19:00:00,6,3,3
2017-09-29 20:00:00,3,3,0
2017-09-29 21:00:00,2,1,1
2017-09-29 22:00:00,0,0,0
2017-09-29 23:00:00,0,0,0
2017-09-30 00:00:00,1,0,1
2017-09-30 01:00:00,1,1,0
2017-09-30 02:00:00,1,0,1
2017-09-30 03:00:00,0,0,0
2017-09-30 04:00:00,0,0,0
2017-09-30 05:00:00,0,0,0
2017-09-30 06:00:00,2,0,2
2017-09-30 07:00:00,20,9,11
2017-09-30 08:00:00,35,13,22
2017-09-30 09:00:00,65,30,35
2017-09-30 10:00:00,48,20,28
2017-09-30 11:00:00,58,37,21
2017-09-30 12:00:00,29,17,12
2017-09-30 13:00:00,31,17,14
2017-09-30 14:00:00,21,11,10
2017-09-30 15:00:00,33,19,14
2017-09-30 16:00:00,15,9,6
2017-09-30 17:00:00,9,6,3
2017-09-30 18:00:00,11,5,6
2017-09-30 19:00:00,1,1,0
2017-09-30 20:00:00,0,0,0
2017-09-30 21:00:00,2,1,1
2017-09-30 22:00:00,0,0,0
2017-09-30 23:00:00,0,0,0
2017-10-01 00:00:00,0,0,0
2017-10-01 01:00:00,0,0,0
2017-10-01 02:00:00,0,0,0
2017-10-01 03:00:00,0,0,0
2017-10-01 04:00:00,0,0,0
2017-10-01 05:00:00,0,0,0
2017-10-01 06:00:00,0,0,0
2017-10-01 07:00:00,17,5,12
2017-10-01 08:00:00,61,37,24
2017-10-01 09:00:00,57,31,26
2017-10-01 10:00:00,64,33,31
2017-10-01 11:00:00,50,25,25
2017-10-01 12:00:00,35,18,17
2017-10-01 13:00:00,33,19,14
2017-10-01 14:00:00,42,21,21
2017-10-01 15:00:00,44,19,25
2017-10-01 16:00:00,35,21,14
2017-10-01 17:00:00,27,17,10
2017-10-01 18:00:00,19,11,8
2017-10-01 19:00:00,5,3,2
2017-10-01 20:00:00,4,2,2
2017-10-01 21:00:00,3,2,1
2017-10-01 22:00:00,1,0,1
2017-10-01 23:00:00,0,0,0
2017-10-02 00:00:00,0,0,0
2017-10-02 01:00:00,0,0,0
2017-10-02 02:00:00,0,0,0
2017-10-02 03:00:00,0,0,0
2017-10-02 04:00:00,0,0,0
2017-10-02 05:00:00,1,1,0
2017-10-02 06:00:00,6,3,3
2017-10-02 07:00:00,18,14,4
2017-10-02 08:00:00,29,13,16
2017-10-02 09:00:00,34,17,17
2017-10-02 10:00:00,20,13,7
2017-10-02 11:00:00,25,17,8
2017-10-02 12:00:00,15,9,6
2017-10-02 13:00:00,16,10,6
2017-10-02 14:00:00,17,9,8
2017-10-02 15:00:00,12,5,7
2017-10-02 16:00:00,32,12,20
2017-10-02 17:00:00,46,26,20
2017-10-02 18:00:00,26,17,9
2017-10-02 19:00:00,12,5,7
2017-10-02 20:00:00,1,0,1
2017-10-02 21:00:00,0,0,0
2017-10-02 22:00:00,0,0,0
2017-10-02 23:00:00,1,1,0
2017-10-03 00:00:00,0,0,0
2017-10-03 01:00:00,0,0,0
2017-10-03 02:00:00,0,0,0
2017-10-03 03:00:00,0,0,0
2017-10-03 04:00:00,1,1,0
2017-10-03 05:00:00,3,2,1
2017-10-03 06:00:00,2,0,2
2017-10-03 07:00:00,13,10,3
2017-10-03 08:00:00,15,11,4
2017-10-03 09:00:00,11,4,7
2017-10-03 10:00:00,15,9,6
2017-10-03 11:00:00,18,9,9
2017-10-03 12:00:00,17,14,3
2017-10-03 13:00:00,22,20,2
2017-10-03 14:00:00,33,24,9
2017-10-03 15:00:00,29,14,15
2017-10-03 16:00:00,37,14,23
2017-10-03 17:00:00,24,13,11
2017-10-03 18:00:00,24,13,11
2017-10-03 19:00:00,12,4,8
2017-10-03 20:00:00,0,0,0
2017-10-03 21:00:00,3,2,1
2017-10-03 22:00:00,2,1,1
2017-10-03 23:00:00,0,0,0
2017-10-04 00:00:00,0,0,0
2017-10-04 01:00:00,0,0,0
2017-10-04 02:00:00,0,0,0
2017-10-04 03:00:00,0,0,0
2017-10-04 04:00:00,0,0,0
2017-10-04 05:00:00,2,2,0
2017-10-04 06:00:00,9,5,4
2017-10-04 07:00:00,7,5,2
2017-10-04 08:00:00,16,11,5
2017-10-04 09:00:00,25,17,8
2017-10-04 10:00:00,24,9,15
2017-10-04 11:00:00,18,8,10
2017-10-04 12:00:00,16,7,9
2017-10-04 13:00:00,25,21,4
2017-10-04 14:00:00,31,20,11
2017-10-04 15:00:00,27,14,13
2017-10-04 16:00:00,23,9,14
2017-10-04 17:00:00,35,22,13
2017-10-04 18:00:00,19,9,10
2017-10-04 19:00:00,2,2,0
2017-10-04 20:00:00,1,0,1
2017-10-04 21:00:00,3,1,2
2017-10-04 22:00:00,0,0,0
2017-10-04 23:00:00,0,0,0
2017-10-05 00:00:00,0,0,0
2017-10-05 01:00:00,0,0,0
2017-10-05 02:00:00,0,0,0
2017-10-05 03:00:00,0,0,0
2017-10-05 04:00:00,0,0,0
2017-10-05 05:00:00,4,2,2
2017-10-05 06:00:00,5,5,0
2017-10-05 07:00:00,17,9,8
2017-10-05 08:00:00,29,15,14
2017-10-05 09:00:00,27,12,15
2017-10-05 10:00:00,23,12,11
2017-10-05 11:00:00,14,9,5
2017-10-05 12:00:00,20,13,7
2017-10-05 13:00:00,25,21,4
2017-10-05 14:00:00,46,33,13
2017-10-05 15:00:00,24,14,10
2017-10-05 16:00:00,23,7,16
2017-10-05 17:00:00,24,8,16
2017-10-05 18:00:00,30,18,12
2017-10-05 19:00:00,4,2,2
2017-10-05 20:00:00,8,5,3
2017-10-05 21:00:00,0,0,0
2017-10-05 22:00:00,0,0,0
2017-10-05 23:00:00,0,0,0
2017-10-06 00:00:00,0,0,0
2017-10-06 01:00:00,2,1,1
2017-10-06 02:00:00,0,0,0
2017-10-06 03:00:00,0,0,0
2017-10-06 04:00:00,6,4,2
2017-10-06 05:00:00,0,0,0
2017-10-06 06:00:00,8,4,4
2017-10-06 07:00:00,18,12,6
2017-10-06 08:00:00,31,16,15
2017-10-06 09:00:00,21,13,8
2017-10-06 10:00:00,27,11,16
2017-10-06 11:00:00,22,13,9
2017-10-06 12:00:00,16,8,8
2017-10-06 13:00:00,14,7,7
2017-10-06 14:00:00,11,7,4
2017-10-06 15:00:00,18,8,10
2017-10-06 16:00:00,23,11,12
2017-10-06 17:00:00,24,13,11
2017-10-06 18:00:00,26,13,13
2017-10-06 19:00:00,3,3,0
2017-10-06 20:00:00,1,1,0
2017-10-06 21:00:00,1,0,1
2017-10-06 22:00:00,0,0,0
2017-10-06 23:00:00,0,0,0
2017-10-07 00:00:00,0,0,0
2017-10-07 01:00:00,2,1,1
2017-10-07 02:00:00,0,0,0
2017-10-07 03:00:00,0,0,0
2017-10-07 04:00:00,0,0,0
2017-10-07 05:00:00,0,0,0
2017-10-07 06:00:00,7,2,5
2017-10-07 07:00:00,11,5,6
2017-10-07 08:00:00,33,19,14
2017-10-07 09:00:00,53,23,30
2017-10-07 10:00:00,43,22,21
2017-10-07 11:00:00,26,13,13
2017-10-07 12:00:00,22,12,10
2017-10-07 13:00:00,27,14,13
2017-10-07 14:00:00,17,11,6
2017-10-07 15:00:00,7,2,5
2017-10-07 16:00:00,12,3,9
2017-10-07 17:00:00,16,10,6
2017-10-07 18:00:00,16,10,6
2017-10-07 19:00:00,2,2,0
2017-10-07 20:00:00,7,4,3
2017-10-07 21:00:00,1,0,1
2017-10-07 22:00:00,0,0,0
2017-10-07 23:00:00,2,1,1
2017-10-08 00:00:00,2,1,1
2017-10-08 01:00:00,0,0,0
2017-10-08 02:00:00,0,0,0
2017-10-08 03:00:00,0,0,0
2017-10-08 04:00:00,0,0,0
2017-10-08 05:00:00,0,0,0
2017-10-08 06:00:00,1,0,1
2017-10-08 07:00:00,14,7,7
2017-10-08 08:00:00,34,15,19
2017-10-08 09:00:00,31,15,16
2017-10-08 10:00:00,40,27,13
2017-10-08 11:00:00,45,24,21
2017-10-08 12:00:00,46,26,20
2017-10-08 13:00:00,26,12,14
2017-10-08 14:00:00,37,20,17
2017-10-08 15:00:00,32,18,14
2017-10-08 16:00:00,37,16,21
2017-10-08 17:00:00,45,20,25
2017-10-08 18:00:00,27,17,10
2017-10-08 19:00:00,5,5,0
2017-10-08 20:00:00,3,2,1
2017-10-08 21:00:00,0,0,0
2017-10-08 22:00:00,2,1,1
2017-10-08 23:00:00,0,0,0
2017-10-09 00:00:00,0,0,0
2017-10-09 01:00:00,0,0,0
2017-10-09 02:00:00,0,0,0
2017-10-09 03:00:00,0,0,0
2017-10-09 04:00:00,0,0,0
2017-10-09 05:00:00,0,0,0
2017-10-09 06:00:00,4,3,1
2017-10-09 07:00:00,19,12,7
2017-10-09 08:00:00,25,16,9
2017-10-09 09:00:00,17,8,9
2017-10-09 10:00:00,32,18,14
2017-10-09 11:00:00,14,8,6
2017-10-09 12:00:00,12,9,3
2017-10-09 13:00:00,17,8,9
2017-10-09 14:00:00,28,17,11
2017-10-09 15:00:00,23,8,15
2017-10-09 16:00:00,42,14,28
2017-10-09 17:00:00,37,18,19
2017-10-09 18:00:00,19,10,9
2017-10-09 19:00:00,2,2,0
2017-10-09 20:00:00,1,0,1
2017-10-09 21:00:00,1,1,0
2017-10-09 22:00:00,3,1,2
2017-10-09 23:00:00,0,0,0
2017-10-10 00:00:00,0,0,0
2017-10-10 01:00:00,0,0,0
2017-10-10 02:00:00,0,0,0
2017-10-10 03:00:00,0,0,0
2017-10-10 04:00:00,0,0,0
2017-10-10 05:00:00,3,1,2
2017-10-10 06:00:00,7,6,1
2017-10-10 07:00:00,19,11,8
2017-10-10 08:00:00,27,13,14
2017-10-10 09:00:00,19,12,7
2017-10-10 10:00:00,17,8,9
2017-10-10 11:00:00,12,3,9
2017-10-10 12:00:00,14,5,9
2017-10-10 13:00:00,15,9,6
2017-10-10 14:00:00,19,10,9
2017-10-10 15:00:00,21,7,14
2017-10-10 16:00:00,13,8,5
2017-10-10 17:00:00,28,14,14
2017-10-10 18:00:00,18,12,6
2017-10-10 19:00:00,4,1,3
2017-10-10 20:00:00,2,1,1
2017-10-10 21:00:00,1,1,0
2017-10-10 22:00:00,3,2,1
2017-10-10 23:00:00,0,0,0
2017-10-11 00:00:00,0,0,0
2017-10-11 01:00:00,0,0,0
2017-10-11 02:00:00,0,0,0
2017-10-11 03:00:00,0,0,0
2017-10-11 04:00:00,0,0,0
2017-10-11 05:00:00,4,1,3
2017-10-11 06:00:00,10,9,1
2017-10-11 07:00:00,16,9,7
2017-10-11 08:00:00,26,13,13
2017-10-11 09:00:00,33,19,14
2017-10-11 10:00:00,25,15,10
2017-10-11 11:00:00,23,11,12
2017-10-11 12:00:00,27,15,12
2017-10-11 13:00:00,15,7,8
2017-10-11 14:00:00,9,6,3
2017-10-11 15:00:00,22,7,15
2017-10-11 16:00:00,27,14,13
2017-10-11 17:00:00,32,15,17
2017-10-11 18:00:00,13,5,8
2017-10-11 19:00:00,10,3,7
2017-10-11 20:00:00,2,1,1
2017-10-11 21:00:00,1,0,1
2017-10-11 22:00:00,1,1,0
2017-10-11 23:00:00,0,0,0
2017-10-12 00:00:00,0,0,0
2017-10-12 01:00:00,0,0,0
2017-10-12 02:00:00,0,0,0
2017-10-12 03:00:00,0,0,0
2017-10-12 04:00:00,0,0,0
2017-10-12 05:00:00,4,2,2
2017-10-12 06:00:00,9,6,3
2017-10-12 07:00:00,5,4,1
2017-10-12 08:00:00,19,9,10
2017-10-12 09:00:00,26,13,13
2017-10-12 10:00:00,14,9,5
2017-10-12 11:00:00,16,9,7
2017-10-12 12:00:00,11,6,5
2017-10-12 13:00:00,7,5,2
2017-10-12 14:00:00,13,6,7
2017-10-12 15:00:00,11,6,5
2017-10-12 16:00:00,22,8,14
2017-10-12 17:00:00,25,12,13
2017-10-12 18:00:00,22,13,9
2017-10-12 19:00:00,3,0,3
2017-10-12 20:00:00,1,0,1
2017-10-12 21:00:00,1,0,1
2017-10-12 22:00:00,2,2,0
2017-10-12 23:00:00,2,1,1
2017-10-13 00:00:00,0,0,0
2017-10-13 01:00:00,0,0,0
2017-10-13 02:00:00,0,0,0
2017-10-13 03:00:00,1,0,1
2017-10-13 04:00:00,0,0,0
2017-10-13 05:00:00,1,1,0
2017-10-13 06:00:00,5,3,2
2017-10-13 07:00:00,17,11,6
2017-10-13 08:00:00,19,9,10
2017-10-13 09:00:00,17,8,9
2017-10-13 10:00:00,27,14,13
2017-10-13 11:00:00,17,6,11
2017-10-13 12:00:00,8,2,6
2017-10-13 13:00:00,18,11,7
2017-10-13 14:00:00,17,8,9
2017-10-13 15:00:00,19,10,9
2017-10-13 16:00:00,37,22,15
2017-10-13 17:00:00,34,14,20
2017-10-13 18:00:00,31,15,16
2017-10-13 19:00:00,4,2,2
2017-10-13 20:00:00,1,0,1
2017-10-13 21:00:00,5,3,2
2017-10-13 22:00:00,0,0,0
2017-10-13 23:00:00,0,0,0
2017-10-14 00:00:00,0,0,0
2017-10-14 01:00:00,0,0,0
2017-10-14 02:00:00,0,0,0
2017-10-14 03:00:00,0,0,0
2017-10-14 04:00:00,0,0,0
2017-10-14 05:00:00,0,0,0
2017-10-14 06:00:00,1,0,1
2017-10-14 07:00:00,17,8,9
2017-10-14 08:00:00,20,10,10
2017-10-14 09:00:00,31,11,20
2017-10-14 10:00:00,48,25,23
2017-10-14 11:00:00,41,24,17
2017-10-14 12:00:00,36,18,18
2017-10-14 13:00:00,38,20,18
2017-10-14 14:00:00,36,17,19
2017-10-14 15:00:00,41,26,15
2017-10-14 16:00:00,23,15,8
2017-10-14 17:00:00,32,16,16
2017-10-14 18:00:00,12,8,4
2017-10-14 19:00:00,1,1,0
2017-10-14 20:00:00,4,2,2
2017-10-14 21:00:00,0,0,0
2017-10-14 22:00:00,2,1,1
2017-10-14 23:00:00,0,0,0
2017-10-15 00:00:00,0,0,0
2017-10-15 01:00:00,0,0,0
2017-10-15 02:00:00,0,0,0
2017-10-15 03:00:00,1,1,0
2017-10-15 04:00:00,0,0,0
2017-10-15 05:00:00,0,0,0
2017-10-15 06:00:00,1,0,1
2017-10-15 07:00:00,5,3,2
2017-10-15 08:00:00,24,11,13
2017-10-15 09:00:00,48,29,19
2017-10-15 10:00:00,48,24,24
2017-10-15 11:00:00,39,18,21
2017-10-15 12:00:00,41,24,17
2017-10-15 13:00:00,38,22,16
2017-10-15 14:00:00,44,27,17
2017-10-15 15:00:00,50,30,20
2017-10-15 16:00:00,30,14,16
2017-10-15 17:00:00,32,21,11
2017-10-15 18:00:00,10,6,4
2017-10-15 19:00:00,5,3,2
2017-10-15 20:00:00,0,0,0
2017-10-15 21:00:00,0,0,0
2017-10-15 22:00:00,1,0,1
2017-10-15 23:00:00,0,0,0
2017-10-16 00:00:00,0,0,0
2017-10-16 01:00:00,0,0,0
2017-10-16 02:00:00,0,0,0
2017-10-16 03:00:00,0,0,0
2017-10-16 04:00:00,0,0,0
2017-10-16 05:00:00,0,0,0
2017-10-16 06:00:00,7,5,2
2017-10-16 07:00:00,25,17,8
2017-10-16 08:00:00,20,11,9
2017-10-16 09:00:00,19,13,6
2017-10-16 10:00:00,19,7,12
2017-10-16 11:00:00,16,9,7
2017-10-16 12:00:00,19,10,9
2017-10-16 13:00:00,22,16,6
2017-10-16 14:00:00,16,7,9
2017-10-16 15:00:00,32,18,14
2017-10-16 16:00:00,40,20,20
2017-10-16 17:00:00,33,16,17
2017-10-16 18:00:00,19,10,9
2017-10-16 19:00:00,4,2,2
2017-10-16 20:00:00,1,0,1
2017-10-16 21:00:00,0,0,0
2017-10-16 22:00:00,2,1,1
2017-10-16 23:00:00,1,0,1
2017-10-17 00:00:00,0,0,0
2017-10-17 01:00:00,0,0,0
2017-10-17 02:00:00,0,0,0
2017-10-17 03:00:00,0,0,0
2017-10-17 04:00:00,0,0,0
2017-10-17 05:00:00,2,1,1
2017-10-17 06:00:00,5,3,2
2017-10-17 07:00:00,7,3,4
2017-10-17 08:00:00,15,6,9
2017-10-17 09:00:00,17,8,9
2017-10-17 10:00:00,4,1,3
2017-10-17 11:00:00,12,7,5
2017-10-17 12:00:00,6,4,2
2017-10-17 13:00:00,4,3,1
2017-10-17 14:00:00,14,3,11
2017-10-17 15:00:00,35,14,21
2017-10-17 16:00:00,47,28,19
2017-10-17 17:00:00,33,16,17
2017-10-17 18:00:00,29,16,13
2017-10-17 19:00:00,5,1,4
2017-10-17 20:00:00,0,0,0
2017-10-17 21:00:00,0,0,0
2017-10-17 22:00:00,0,0,0
2017-10-17 23:00:00,0,0,0
2017-10-18 00:00:00,0,0,0
2017-10-18 01:00:00,0,0,0
2017-10-18 02:00:00,0,0,0
2017-10-18 03:00:00,0,0,0
2017-10-18 04:00:00,1,0,1
2017-10-18 05:00:00,0,0,0
2017-10-18 06:00:00,9,3,6
2017-10-18 07:00:00,17,8,9
2017-10-18 08:00:00,41,22,19
2017-10-18 09:00:00,25,17,8
2017-10-18 10:00:00,7,5,2
2017-10-18 11:00:00,11,4,7
2017-10-18 12:00:00,11,5,6
2017-10-18 13:00:00,10,5,5
2017-10-18 14:00:00,7,5,2
2017-10-18 15:00:00,7,3,4
2017-10-18 16:00:00,9,4,5
2017-10-18 17:00:00,16,7,9
2017-10-18 18:00:00,9,5,4
2017-10-18 19:00:00,1,1,0
2017-10-18 20:00:00,0,0,0
2017-10-18 21:00:00,0,0,0
2017-10-18 22:00:00,0,0,0
2017-10-18 23:00:00,0,0,0
2017-10-19 00:00:00,0,0,0
2017-10-19 01:00:00,0,0,0
2017-10-19 02:00:00,0,0,0
2017-10-19 03:00:00,0,0,0
2017-10-19 04:00:00,0,0,0
2017-10-19 05:00:00,7,3,4
2017-10-19 06:00:00,10,7,3
2017-10-19 07:00:00,16,10,6
2017-10-19 08:00:00,14,7,7
2017-10-19 09:00:00,14,5,9
2017-10-19 10:00:00,17,12,5
2017-10-19 11:00:00,7,2,5
2017-10-19 12:00:00,13,8,5
2017-10-19 13:00:00,15,9,6
2017-10-19 14:00:00,7,3,4
2017-10-19 15:00:00,16,8,8
2017-10-19 16:00:00,10,6,4
2017-10-19 17:00:00,18,12,6
2017-10-19 18:00:00,13,7,6
2017-10-19 19:00:00,5,2,3
2017-10-19 20:00:00,2,1,1
2017-10-19 21:00:00,1,0,1
2017-10-19 22:00:00,2,1,1
2017-10-19 23:00:00,0,0,0
2017-10-20 00:00:00,0,0,0
2017-10-20 01:00:00,0,0,0
2017-10-20 02:00:00,0,0,0
2017-10-20 03:00:00,0,0,0
2017-10-20 04:00:00,0,0,0
2017-10-20 05:00:00,1,0,1
2017-10-20 06:00:00,3,2,1
2017-10-20 07:00:00,17,7,10
2017-10-20 08:00:00,25,15,10
2017-10-20 09:00:00,16,10,6
2017-10-20 10:00:00,17,8,9
2017-10-20 11:00:00,18,7,11
2017-10-20 12:00:00,11,7,4
2017-10-20 13:00:00,11,6,5
2017-10-20 14:00:00,15,7,8
2017-10-20 15:00:00,24,12,12
2017-10-20 16:00:00,33,14,19
2017-10-20 17:00:00,28,14,14
2017-10-20 18:00:00,10,4,6
2017-10-20 19:00:00,3,2,1
2017-10-20 20:00:00,1,1,0
2017-10-20 21:00:00,2,1,1
2017-10-20 22:00:00,3,1,2
2017-10-20 23:00:00,0,0,0
2017-10-21 00:00:00,0,0,0
2017-10-21 01:00:00,0,0,0
2017-10-21 02:00:00,1,1,0
2017-10-21 03:00:00,0,0,0
2017-10-21 04:00:00,0,0,0
2017-10-21 05:00:00,0,0,0
2017-10-21 06:00:00,5,1,4
2017-10-21 07:00:00,7,3,4
2017-10-21 08:00:00,24,12,12
2017-10-21 09:00:00,34,15,19
2017-10-21 10:00:00,30,12,18
2017-10-21 11:00:00,40,18,22
2017-10-21 12:00:00,31,15,16
2017-10-21 13:00:00,30,16,14
2017-10-21 14:00:00,19,9,10
2017-10-21 15:00:00,12,7,5
2017-10-21 16:00:00,12,8,4
2017-10-21 17:00:00,9,5,4
2017-10-21 18:00:00,3,1,2
2017-10-21 19:00:00,0,0,0
2017-10-21 20:00:00,2,1,1
2017-10-21 21:00:00,0,0,0
2017-10-21 22:00:00,3,2,1
2017-10-21 23:00:00,0,0,0
2017-10-22 00:00:00,0,0,0
2017-10-22 01:00:00,0,0,0
2017-10-22 02:00:00,0,0,0
2017-10-22 03:00:00,0,0,0
2017-10-22 04:00:00,0,0,0
2017-10-22 05:00:00,0,0,0
2017-10-22 06:00:00,0,0,0
2017-10-22 07:00:00,11,2,9
2017-10-22 08:00:00,43,26,17
2017-10-22 09:00:00,67,32,35
2017-10-22 10:00:00,85,47,38
2017-10-22 11:00:00,51,31,20
2017-10-22 12:00:00,50,26,24
2017-10-22 13:00:00,37,20,17
2017-10-22 14:00:00,40,22,18
2017-10-22 15:00:00,42,20,22
2017-10-22 16:00:00,33,18,15
2017-10-22 17:00:00,25,16,9
2017-10-22 18:00:00,7,3,4
2017-10-22 19:00:00,3,3,0
2017-10-22 20:00:00,1,0,1
2017-10-22 21:00:00,0,0,0
2017-10-22 22:00:00,0,0,0
2017-10-22 23:00:00,0,0,0
2017-10-23 00:00:00,0,0,0
2017-10-23 01:00:00,0,0,0
2017-10-23 02:00:00,0,0,0
2017-10-23 03:00:00,0,0,0
2017-10-23 04:00:00,0,0,0
2017-10-23 05:00:00,2,2,0
2017-10-23 06:00:00,13,9,4
2017-10-23 07:00:00,17,10,7
2017-10-23 08:00:00,30,19,11
2017-10-23 09:00:00,18,11,7
2017-10-23 10:00:00,23,10,13
2017-10-23 11:00:00,31,13,18
2017-10-23 12:00:00,30,15,15
2017-10-23 13:00:00,18,12,6
2017-10-23 14:00:00,30,16,14
2017-10-23 15:00:00,44,29,15
2017-10-23 16:00:00,34,19,15
2017-10-23 17:00:00,38,17,21
2017-10-23 18:00:00,22,13,9
2017-10-23 19:00:00,4,1,3
2017-10-23 20:00:00,0,0,0
2017-10-23 21:00:00,2,1,1
2017-10-23 22:00:00,1,1,0
2017-10-23 23:00:00,0,0,0
2017-10-24 00:00:00,0,0,0
2017-10-24 01:00:00,0,0,0
2017-10-24 02:00:00,2,1,1
2017-10-24 03:00:00,0,0,0
2017-10-24 04:00:00,0,0,0
2017-10-24 05:00:00,2,1,1
2017-10-24 06:00:00,9,5,4
2017-10-24 07:00:00,17,9,8
2017-10-24 08:00:00,25,16,9
2017-10-24 09:00:00,21,11,10
2017-10-24 10:00:00,17,6,11
2017-10-24 11:00:00,24,14,10
2017-10-24 12:00:00,514,467,47
2017-10-24 13:00:00,1063,948,115
2017-10-24 14:00:00,1254,1144,110
2017-10-24 15:00:00,1801,1563,238
2017-10-24 16:00:00,286,248,38
2017-10-24 17:00:00,51,28,23
2017-10-24 18:00:00,26,18,8
2017-10-24 19:00:00,4,1,3
2017-10-24 20:00:00,1,1,0
2017-10-24 21:00:00,1,0,1
2017-10-24 22:00:00,0,0,0
2017-10-24 23:00:00,0,0,0
2017-10-25 00:00:00,0,0,0
2017-10-25 01:00:00,0,0,0
2017-10-25 02:00:00,0,0,0
2017-10-25 03:00:00,0,0,0
2017-10-25 04:00:00,0,0,0
2017-10-25 05:00:00,1,1,0
2017-10-25 06:00:00,10,6,4
2017-10-25 07:00:00,14,9,5
2017-10-25 08:00:00,19,9,10
2017-10-25 09:00:00,16,7,9
2017-10-25 10:00:00,20,12,8
2017-10-25 11:00:00,12,5,7
2017-10-25 12:00:00,35,19,16
2017-10-25 13:00:00,11,6,5
2017-10-25 14:00:00,15,5,10
2017-10-25 15:00:00,20,12,8
2017-10-25 16:00:00,23,12,11
2017-10-25 17:00:00,21,11,10
2017-10-25 18:00:00,19,11,8
2017-10-25 19:00:00,6,4,2
2017-10-25 20:00:00,5,2,3
2017-10-25 21:00:00,1,1,0
2017-10-25 22:00:00,0,0,0
2017-10-25 23:00:00,0,0,0
2017-10-26 00:00:00,2,1,1
2017-10-26 01:00:00,1,0,1
2017-10-26 02:00:00,0,0,0
2017-10-26 03:00:00,0,0,0
2017-10-26 04:00:00,0,0,0
2017-10-26 05:00:00,3,1,2
2017-10-26 06:00:00,5,4,1
2017-10-26 07:00:00,25,17,8
2017-10-26 08:00:00,24,13,11
2017-10-26 09:00:00,23,15,8
2017-10-26 10:00:00,23,12,11
2017-10-26 11:00:00,16,9,7
2017-10-26 12:00:00,14,9,5
2017-10-26 13:00:00,27,13,14
2017-10-26 14:00:00,61,45,16
2017-10-26 15:00:00,30,16,14
2017-10-26 16:00:00,31,15,16
2017-10-26 17:00:00,37,15,22
2017-10-26 18:00:00,31,15,16
2017-10-26 19:00:00,0,0,0
2017-10-26 20:00:00,1,0,1
2017-10-26 21:00:00,0,0,0
2017-10-26 22:00:00,0,0,0
2017-10-26 23:00:00,2,0,2
2017-10-27 00:00:00,0,0,0
2017-10-27 01:00:00,0,0,0
2017-10-27 02:00:00,0,0,0
2017-10-27 03:00:00,0,0,0
2017-10-27 04:00:00,0,0,0
2017-10-27 05:00:00,1,1,0
2017-10-27 06:00:00,8,5,3
2017-10-27 07:00:00,21,11,10
2017-10-27 08:00:00,32,21,11
2017-10-27 09:00:00,30,16,14
2017-10-27 10:00:00,27,13,14
2017-10-27 11:00:00,21,10,11
2017-10-27 12:00:00,22,11,11
2017-10-27 13:00:00,25,15,10
2017-10-27 14:00:00,27,16,11
2017-10-27 15:00:00,40,26,14
2017-10-27 16:00:00,34,21,13
2017-10-27 17:00:00,29,15,14
2017-10-27 18:00:00,21,12,9
2017-10-27 19:00:00,7,3,4
2017-10-27 20:00:00,5,3,2
2017-10-27 21:00:00,0,0,0
2017-10-27 22:00:00,0,0,0
2017-10-27 23:00:00,0,0,0
2017-10-28 00:00:00,0,0,0
2017-10-28 01:00:00,0,0,0
2017-10-28 02:00:00,1,1,0
2017-10-28 03:00:00,0,0,0
2017-10-28 04:00:00,0,0,0
2017-10-28 05:00:00,0,0,0
2017-10-28 06:00:00,3,2,1
2017-10-28 07:00:00,15,5,10
2017-10-28 08:00:00,41,20,21
2017-10-28 09:00:00,45,23,22
2017-10-28 10:00:00,48,24,24
2017-10-28 11:00:00,48,26,22
2017-10-28 12:00:00,44,18,26
2017-10-28 13:00:00,45,28,17
2017-10-28 14:00:00,58,34,24
2017-10-28 15:00:00,49,31,18
2017-10-28 16:00:00,39,20,19
2017-10-28 17:00:00,23,11,12
2017-10-28 18:00:00,15,7,8
2017-10-28 19:00:00,1,1,0
2017-10-28 20:00:00,4,2,2
2017-10-28 21:00:00,3,2,1
2017-10-28 22:00:00,0,0,0
2017-10-28 23:00:00,0,0,0
2017-10-29 00:00:00,0,0,0
2017-10-29 01:00:00,0,0,0
2017-10-29 02:00:00,0,0,0
2017-10-29 03:00:00,0,0,0
2017-10-29 04:00:00,0,0,0
2017-10-29 05:00:00,0,0,0
2017-10-29 06:00:00,1,0,1
2017-10-29 07:00:00,12,6,6
2017-10-29 08:00:00,27,12,15
2017-10-29 09:00:00,49,25,24
2017-10-29 10:00:00,38,26,12
2017-10-29 11:00:00,38,15,23
2017-10-29 12:00:00,37,26,11
2017-10-29 13:00:00,32,18,14
2017-10-29 14:00:00,39,23,16
2017-10-29 15:00:00,43,17,26
2017-10-29 16:00:00,41,23,18
2017-10-29 17:00:00,34,20,14
2017-10-29 18:00:00,14,11,3
2017-10-29 19:00:00,0,0,0
2017-10-29 20:00:00,1235,1233,2
2017-10-29 21:00:00,536,536,0
2017-10-29 22:00:00,1088,1088,0
2017-10-29 23:00:00,922,921,1
2017-10-30 00:00:00,2148,2138,10
2017-10-30 01:00:00,1544,1544,0
2017-10-30 02:00:00,1246,1246,0
2017-10-30 03:00:00,634,633,1
2017-10-30 04:00:00,828,826,2
2017-10-30 05:00:00,283,282,1
2017-10-30 06:00:00,1276,1259,17
2017-10-30 07:00:00,2434,2300,134
2017-10-30 08:00:00,2573,2324,249
2017-10-30 09:00:00,2741,2533,208
2017-10-30 10:00:00,2768,2655,113
2017-10-30 11:00:00,1919,1750,169
2017-10-30 12:00:00,1459,1349,110
2017-10-30 13:00:00,1787,1743,44
2017-10-30 14:00:00,1160,1055,105
2017-10-30 15:00:00,1524,1342,182
2017-10-30 16:00:00,1798,1490,308
2017-10-30 17:00:00,1733,1542,191
2017-10-30 18:00:00,1071,1046,25
2017-10-30 19:00:00,503,502,1
2017-10-30 20:00:00,112,112,0
2017-10-30 21:00:00,737,734,3
2017-10-30 22:00:00,683,682,1
2017-10-30 23:00:00,1498,1498,0
2017-10-31 00:00:00,1006,1005,1
2017-10-31 01:00:00,921,921,0
2017-10-31 02:00:00,293,293,0
2017-10-31 03:00:00,360,360,0
2017-10-31 04:00:00,217,217,0
2017-10-31 05:00:00,60,59,1
2017-10-31 06:00:00,177,175,2
2017-10-31 07:00:00,216,202,14
2017-10-31 08:00:00,523,505,18
2017-10-31 09:00:00,361,341,20
2017-10-31 10:00:00,149,133,16
2017-10-31 11:00:00,222,208,14
2017-10-31 12:00:00,288,280,8
2017-10-31 13:00:00,518,493,25
2017-10-31 14:00:00,196,181,15
2017-10-31 15:00:00,581,543,38
2017-10-31 16:00:00,340,302,38
2017-10-31 17:00:00,224,203,21
2017-10-31 18:00:00,452,443,9
2017-10-31 19:00:00,513,495,18
2017-10-31 20:00:00,399,397,2
2017-10-31 21:00:00,292,292,0
2017-10-31 22:00:00,381,381,0
2017-10-31 23:00:00,286,286,0
2017-11-01 00:00:00,307,307,0
2017-11-01 01:00:00,90,90,0
2017-11-01 02:00:00,0,0,0
2017-11-01 03:00:00,0,0,0
2017-11-01 04:00:00,0,0,0
2017-11-01 05:00:00,2,2,0
2017-11-01 06:00:00,224,220,4
2017-11-01 07:00:00,140,129,11
2017-11-01 08:00:00,228,220,8
2017-11-01 09:00:00,704,683,21
2017-11-01 10:00:00,2026,1961,65
2017-11-01 11:00:00,1094,1065,29
2017-11-01 12:00:00,1876,1840,36
2017-11-01 13:00:00,2640,2565,75
2017-11-01 14:00:00,3009,2931,78
2017-11-01 15:00:00,2332,2245,87
2017-11-01 16:00:00,1814,1763,51
2017-11-01 17:00:00,2764,2460,304
2017-11-01 18:00:00,1998,1959,39
2017-11-01 19:00:00,1967,1957,10
2017-11-01 20:00:00,1677,1664,13
2017-11-01 21:00:00,1668,1667,1
2017-11-01 22:00:00,1250,1248,2
2017-11-01 23:00:00,823,823,0
2017-11-02 00:00:00,1148,1148,0
2017-11-02 01:00:00,785,785,0
2017-11-02 02:00:00,1162,1162,0
2017-11-02 03:00:00,1160,1160,0
2017-11-02 04:00:00,1811,1810,1
2017-11-02 05:00:00,1231,1227,4
2017-11-02 06:00:00,1600,1594,6
2017-11-02 07:00:00,1275,1241,34
2017-11-02 08:00:00,1311,1284,27
2017-11-02 09:00:00,1132,1113,19
2017-11-02 10:00:00,733,718,15
2017-11-02 11:00:00,1066,1052,14
2017-11-02 12:00:00,1016,1004,12
2017-11-02 13:00:00,756,749,7
2017-11-02 14:00:00,871,865,6
2017-11-02 15:00:00,1016,995,21
2017-11-02 16:00:00,1374,1304,70
2017-11-02 17:00:00,717,686,31
2017-11-02 18:00:00,1036,985,51
2017-11-02 19:00:00,1476,1443,33
2017-11-02 20:00:00,1507,1505,2
2017-11-02 21:00:00,1108,1103,5
2017-11-02 22:00:00,537,536,1
2017-11-02 23:00:00,391,390,1
2017-11-03 00:00:00,341,341,0
2017-11-03 01:00:00,323,323,0
2017-11-03 02:00:00,337,337,0
2017-11-03 03:00:00,1052,1052,0
2017-11-03 04:00:00,387,387,0
2017-11-03 05:00:00,344,343,1
2017-11-03 06:00:00,122,122,0
2017-11-03 07:00:00,205,196,9
2017-11-03 08:00:00,750,740,10
2017-11-03 09:00:00,211,201,10
2017-11-03 10:00:00,147,134,13
2017-11-03 11:00:00,96,91,5
2017-11-03 12:00:00,37,29,8
2017-11-03 13:00:00,8,5,3
2017-11-03 14:00:00,11,6,5
2017-11-03 15:00:00,27,20,7
2017-11-03 16:00:00,82,69,13
2017-11-03 17:00:00,28,13,15
2017-11-03 18:00:00,44,39,5
2017-11-03 19:00:00,66,66,0
2017-11-03 20:00:00,6,6,0
2017-11-03 21:00:00,6,6,0
2017-11-03 22:00:00,5,5,0
2017-11-03 23:00:00,56,56,0
2017-11-04 00:00:00,41,41,0
2017-11-04 01:00:00,216,216,0
2017-11-04 02:00:00,13,13,0
2017-11-04 03:00:00,18,18,0
2017-11-04 04:00:00,5,5,0
2017-11-04 05:00:00,0,0,0
2017-11-04 06:00:00,2,2,0
2017-11-04 07:00:00,12,3,9
2017-11-04 08:00:00,20,10,10
2017-11-04 09:00:00,45,26,19
2017-11-04 10:00:00,45,19,26
2017-11-04 11:00:00,69,32,37
2017-11-04 12:00:00,46,25,21
2017-11-04 13:00:00,36,21,15
2017-11-04 14:00:00,14,7,7
2017-11-04 15:00:00,52,29,23
2017-11-04 16:00:00,24,10,14
2017-11-04 17:00:00,20,12,8
2017-11-04 18:00:00,5,4,1
2017-11-04 19:00:00,1,0,1
2017-11-04 20:00:00,2,1,1
2017-11-04 21:00:00,0,0,0
2017-11-04 22:00:00,1,0,1
2017-11-04 23:00:00,1,0,1
2017-11-05 00:00:00,1,0,1
2017-11-05 01:00:00,0,0,0
2017-11-05 02:00:00,0,0,0
2017-11-05 03:00:00,0,0,0
2017-11-05 04:00:00,0,0,0
2017-11-05 05:00:00,0,0,0
2017-11-05 06:00:00,1,0,1
2017-11-05 07:00:00,18,10,8
2017-11-05 08:00:00,22,11,11
2017-11-05 09:00:00,26,14,12
2017-11-05 10:00:00,30,14,16
2017-11-05 11:00:00,36,15,21
2017-11-05 12:00:00,29,16,13
2017-11-05 13:00:00,20,9,11
2017-11-05 14:00:00,22,13,9
2017-11-05 15:00:00,32,15,17
2017-11-05 16:00:00,29,14,15
2017-11-05 17:00:00,11,6,5
2017-11-05 18:00:00,3,2,1
2017-11-05 19:00:00,0,0,0
2017-11-05 20:00:00,0,0,0
2017-11-05 21:00:00,2,1,1
2017-11-05 22:00:00,2,1,1
2017-11-05 23:00:00,0,0,0
2017-11-06 00:00:00,0,0,0
2017-11-06 01:00:00,0,0,0
2017-11-06 02:00:00,0,0,0
2017-11-06 03:00:00,0,0,0
2017-11-06 04:00:00,1,1,0
2017-11-06 05:00:00,1,0,1
2017-11-06 06:00:00,5,4,1
2017-11-06 07:00:00,10,5,5
2017-11-06 08:00:00,25,15,10
2017-11-06 09:00:00,38,21,17
2017-11-06 10:00:00,17,7,10
2017-11-06 11:00:00,17,8,9
2017-11-06 12:00:00,21,13,8
2017-11-06 13:00:00,36,20,16
2017-11-06 14:00:00,26,14,12
2017-11-06 15:00:00,31,14,17
2017-11-06 16:00:00,35,16,19
2017-11-06 17:00:00,13,7,6
2017-11-06 18:00:00,2,1,1
2017-11-06 19:00:00,3,1,2
2017-11-06 20:00:00,0,0,0
2017-11-06 21:00:00,2,1,1
2017-11-06 22:00:00,0,0,0
2017-11-06 23:00:00,0,0,0
2017-11-07 00:00:00,0,0,0
2017-11-07 01:00:00,0,0,0
2017-11-07 02:00:00,0,0,0
2017-11-07 03:00:00,0,0,0
2017-11-07 04:00:00,0,0,0
2017-11-07 05:00:00,3,3,0
2017-11-07 06:00:00,7,5,2
2017-11-07 07:00:00,17,7,10
2017-11-07 08:00:00,23,14,9
2017-11-07 09:00:00,22,10,12
2017-11-07 10:00:00,9,5,4
2017-11-07 11:00:00,20,8,12
2017-11-07 12:00:00,19,7,12
2017-11-07 13:00:00,18,11,7
2017-11-07 14:00:00,18,8,10
2017-11-07 15:00:00,23,8,15
2017-11-07 16:00:00,27,16,11
2017-11-07 17:00:00,16,9,7
2017-11-07 18:00:00,5,2,3
2017-11-07 19:00:00,2,0,2
2017-11-07 20:00:00,1,0,1
2017-11-07 21:00:00,1,1,0
2017-11-07 22:00:00,2,1,1
2017-11-07 23:00:00,0,0,0
2017-11-08 00:00:00,0,0,0
2017-11-08 01:00:00,0,0,0
2017-11-08 02:00:00,0,0,0
2017-11-08 03:00:00,0,0,0
2017-11-08 04:00:00,0,0,0
2017-11-08 05:00:00,1,1,0
2017-11-08 06:00:00,12,7,5
2017-11-08 07:00:00,22,14,8
2017-11-08 08:00:00,19,11,8
2017-11-08 09:00:00,30,18,12
2017-11-08 10:00:00,27,16,11
2017-11-08 11:00:00,17,8,9
2017-11-08 12:00:00,29,8,21
2017-11-08 13:00:00,25,15,10
2017-11-08 14:00:00,26,14,12
2017-11-08 15:00:00,20,11,9
2017-11-08 16:00:00,18,10,8
2017-11-08 17:00:00,5,2,3
2017-11-08 18:00:00,7,2,5
2017-11-08 19:00:00,8,4,4
2017-11-08 20:00:00,1,0,1
2017-11-08 21:00:00,0,0,0
2017-11-08 22:00:00,0,0,0
2017-11-08 23:00:00,0,0,0
2017-11-09 00:00:00,0,0,0
2017-11-09 01:00:00,0,0,0
2017-11-09 02:00:00,0,0,0
2017-11-09 03:00:00,0,0,0
2017-11-09 04:00:00,0,0,0
2017-11-09 05:00:00,3,1,2
2017-11-09 06:00:00,5,2,3
2017-11-09 07:00:00,16,11,5
2017-11-09 08:00:00,16,9,7
2017-11-09 09:00:00,22,12,10
2017-11-09 10:00:00,12,7,5
2017-11-09 11:00:00,19,8,11
2017-11-09 12:00:00,17,8,9
2017-11-09 13:00:00,10,4,6
2017-11-09 14:00:00,6,5,1
2017-11-09 15:00:00,13,4,9
2017-11-09 16:00:00,23,13,10
2017-11-09 17:00:00,10,6,4
2017-11-09 18:00:00,5,3,2
2017-11-09 19:00:00,1,0,1
2017-11-09 20:00:00,2,1,1
2017-11-09 21:00:00,0,0,0
2017-11-09 22:00:00,0,0,0
2017-11-09 23:00:00,0,0,0
2017-11-10 00:00:00,0,0,0
2017-11-10 01:00:00,0,0,0
2017-11-10 02:00:00,0,0,0
2017-11-10 03:00:00,1,1,0
2017-11-10 04:00:00,0,0,0
2017-11-10 05:00:00,0,0,0
2017-11-10 06:00:00,3,2,1
2017-11-10 07:00:00,21,10,11
2017-11-10 08:00:00,28,14,14
2017-11-10 09:00:00,33,14,19
2017-11-10 10:00:00,35,18,17
2017-11-10 11:00:00,32,18,14
2017-11-10 12:00:00,35,21,14
2017-11-10 13:00:00,17,10,7
2017-11-10 14:00:00,37,14,23
2017-11-10 15:00:00,26,13,13
2017-11-10 16:00:00,45,28,17
2017-11-10 17:00:00,7,5,2
2017-11-10 18:00:00,3,2,1
2017-11-10 19:00:00,0,0,0
2017-11-10 20:00:00,0,0,0
2017-11-10 21:00:00,0,0,0
2017-11-10 22:00:00,0,0,0
2017-11-10 23:00:00,1,1,0
2017-11-11 00:00:00,0,0,0
2017-11-11 01:00:00,0,0,0
2017-11-11 02:00:00,0,0,0
2017-11-11 03:00:00,0,0,0
2017-11-11 04:00:00,0,0,0
2017-11-11 05:00:00,0,0,0
2017-11-11 06:00:00,4,2,2
2017-11-11 07:00:00,16,7,9
2017-11-11 08:00:00,36,17,19
2017-11-11 09:00:00,36,18,18
2017-11-11 10:00:00,38,19,19
2017-11-11 11:00:00,31,18,13
2017-11-11 12:00:00,25,13,12
2017-11-11 13:00:00,15,11,4
2017-11-11 14:00:00,26,12,14
2017-11-11 15:00:00,31,15,16
2017-11-11 16:00:00,13,6,7
2017-11-11 17:00:00,12,7,5
2017-11-11 18:00:00,2,1,1
2017-11-11 19:00:00,3,2,1
2017-11-11 20:00:00,0,0,0
2017-11-11 21:00:00,0,0,0
2017-11-11 22:00:00,1,1,0
2017-11-11 23:00:00,1,0,1
2017-11-12 00:00:00,3,2,1
2017-11-12 01:00:00,0,0,0
2017-11-12 02:00:00,2,1,1
2017-11-12 03:00:00,0,0,0
2017-11-12 04:00:00,0,0,0
2017-11-12 05:00:00,0,0,0
2017-11-12 06:00:00,0,0,0
2017-11-12 07:00:00,6,4,2
2017-11-12 08:00:00,25,10,15
2017-11-12 09:00:00,45,21,24
2017-11-12 10:00:00,42,20,22
2017-11-12 11:00:00,52,29,23
2017-11-12 12:00:00,36,21,15
2017-11-12 13:00:00,33,20,13
2017-11-12 14:00:00,28,16,12
2017-11-12 15:00:00,17,6,11
2017-11-12 16:00:00,25,13,12
2017-11-12 17:00:00,10,8,2
2017-11-12 18:00:00,2,1,1
2017-11-12 19:00:00,1,0,1
2017-11-12 20:00:00,4,0,4
2017-11-12 21:00:00,0,0,0
2017-11-12 22:00:00,0,0,0
2017-11-12 23:00:00,0,0,0
2017-11-13 00:00:00,0,0,0
2017-11-13 01:00:00,0,0,0
2017-11-13 02:00:00,0,0,0
2017-11-13 03:00:00,0,0,0
2017-11-13 04:00:00,0,0,0
2017-11-13 05:00:00,0,0,0
2017-11-13 06:00:00,5,4,1
2017-11-13 07:00:00,11,6,5
2017-11-13 08:00:00,19,11,8
2017-11-13 09:00:00,22,11,11
2017-11-13 10:00:00,25,9,16
2017-11-13 11:00:00,30,10,20
2017-11-13 12:00:00,21,11,10
2017-11-13 13:00:00,13,7,6
2017-11-13 14:00:00,9,3,6
2017-11-13 15:00:00,15,6,9
2017-11-13 16:00:00,6,3,3
2017-11-13 17:00:00,3,0,3
2017-11-13 18:00:00,1,0,1
2017-11-13 19:00:00,1,0,1
2017-11-13 20:00:00,1,1,0
2017-11-13 21:00:00,0,0,0
2017-11-13 22:00:00,0,0,0
2017-11-13 23:00:00,2,1,1
2017-11-14 00:00:00,0,0,0
2017-11-14 01:00:00,0,0,0
2017-11-14 02:00:00,0,0,0
2017-11-14 03:00:00,0,0,0
2017-11-14 04:00:00,0,0,0
2017-11-14 05:00:00,1,1,0
2017-11-14 06:00:00,4,3,1
2017-11-14 07:00:00,22,11,11
2017-11-14 08:00:00,20,11,9
2017-11-14 09:00:00,23,9,14
2017-11-14 10:00:00,17,9,8
2017-11-14 11:00:00,17,6,11
2017-11-14 12:00:00,16,8,8
2017-11-14 13:00:00,9,6,3
2017-11-14 14:00:00,12,4,8
2017-11-14 15:00:00,22,11,11
2017-11-14 16:00:00,35,16,19
2017-11-14 17:00:00,19,10,9
2017-11-14 18:00:00,5,4,1
2017-11-14 19:00:00,5,1,4
2017-11-14 20:00:00,1,1,0
2017-11-14 21:00:00,28,28,0
2017-11-14 22:00:00,24,24,0
2017-11-14 23:00:00,28,28,0
2017-11-15 00:00:00,5,5,0
2017-11-15 01:00:00,23,23,0
2017-11-15 02:00:00,28,28,0
2017-11-15 03:00:00,11,11,0
2017-11-15 04:00:00,9,9,0
2017-11-15 05:00:00,17,17,0
2017-11-15 06:00:00,7,5,2
2017-11-15 07:00:00,11,5,6
2017-11-15 08:00:00,19,10,9
2017-11-15 09:00:00,37,24,13
2017-11-15 10:00:00,36,23,13
2017-11-15 11:00:00,20,15,5
2017-11-15 12:00:00,11,6,5
2017-11-15 13:00:00,25,19,6
2017-11-15 14:00:00,21,12,9
2017-11-15 15:00:00,25,8,17
2017-11-15 16:00:00,20,11,9
2017-11-15 17:00:00,12,6,6
2017-11-15 18:00:00,3,3,0
2017-11-15 19:00:00,15,12,3
2017-11-15 20:00:00,66,65,1
2017-11-15 21:00:00,128,128,0
2017-11-15 22:00:00,845,840,5
2017-11-15 23:00:00,549,548,1
2017-11-16 00:00:00,59,59,0
2017-11-16 01:00:00,162,162,0
2017-11-16 02:00:00,48,48,0
2017-11-16 03:00:00,151,151,0
2017-11-16 04:00:00,180,180,0
2017-11-16 05:00:00,147,143,4
2017-11-16 06:00:00,162,158,4
2017-11-16 07:00:00,486,472,14
2017-11-16 08:00:00,191,182,9
2017-11-16 09:00:00,303,289,14
2017-11-16 10:00:00,299,294,5
2017-11-16 11:00:00,43,38,5
2017-11-16 12:00:00,29,23,6
2017-11-16 13:00:00,23,20,3
2017-11-16 14:00:00,9,4,5
2017-11-16 15:00:00,48,33,15
2017-11-16 16:00:00,25,15,10
2017-11-16 17:00:00,9,5,4
2017-11-16 18:00:00,11,8,3
2017-11-16 19:00:00,3,2,1
2017-11-16 20:00:00,6,6,0
2017-11-16 21:00:00,17,17,0
2017-11-16 22:00:00,7,6,1
2017-11-16 23:00:00,30,30,0
2017-11-17 00:00:00,14,14,0
2017-11-17 01:00:00,24,24,0
2017-11-17 02:00:00,5,5,0
2017-11-17 03:00:00,58,58,0
2017-11-17 04:00:00,49,49,0
2017-11-17 05:00:00,63,63,0
2017-11-17 06:00:00,56,55,1
2017-11-17 07:00:00,38,29,9
2017-11-17 08:00:00,64,52,12
2017-11-17 09:00:00,58,44,14
2017-11-17 10:00:00,30,18,12
2017-11-17 11:00:00,40,30,10
2017-11-17 12:00:00,33,29,4
2017-11-17 13:00:00,33,20,13
2017-11-17 14:00:00,33,20,13
2017-11-17 15:00:00,32,25,7
2017-11-17 16:00:00,28,16,12
2017-11-17 17:00:00,33,31,2
2017-11-17 18:00:00,23,18,5
2017-11-17 19:00:00,6,6,0
2017-11-17 20:00:00,14,12,2
2017-11-17 21:00:00,2,1,1
2017-11-17 22:00:00,0,0,0
2017-11-17 23:00:00,1,0,1
2017-11-18 00:00:00,0,0,0
2017-11-18 01:00:00,0,0,0
2017-11-18 02:00:00,0,0,0
2017-11-18 03:00:00,1,1,0
2017-11-18 04:00:00,1,1,0
2017-11-18 05:00:00,6,5,1
2017-11-18 06:00:00,12,12,0
2017-11-18 07:00:00,36,27,9
2017-11-18 08:00:00,44,24,20
2017-11-18 09:00:00,57,34,23
2017-11-18 10:00:00,151,132,19
2017-11-18 11:00:00,204,176,28
2017-11-18 12:00:00,200,168,32
2017-11-18 13:00:00,506,471,35
2017-11-18 14:00:00,138,112,26
2017-11-18 15:00:00,274,253,21
2017-11-18 16:00:00,52,38,14
2017-11-18 17:00:00,102,101,1
2017-11-18 18:00:00,2,2,0
2017-11-18 19:00:00,1,1,0
2017-11-18 20:00:00,13,13,0
2017-11-18 21:00:00,123,121,2
2017-11-18 22:00:00,394,392,2
2017-11-18 23:00:00,34,33,1
2017-11-19 00:00:00,2,2,0
2017-11-19 01:00:00,2,2,0
2017-11-19 02:00:00,10,10,0
2017-11-19 03:00:00,71,71,0
2017-11-19 04:00:00,12,12,0
2017-11-19 05:00:00,64,63,1
2017-11-19 06:00:00,52,49,3
2017-11-19 07:00:00,16,10,6
2017-11-19 08:00:00,51,36,15
2017-11-19 09:00:00,49,25,24
2017-11-19 10:00:00,56,29,27
2017-11-19 11:00:00,48,25,23
2017-11-19 12:00:00,34,20,14
2017-11-19 13:00:00,59,41,18
2017-11-19 14:00:00,39,25,14
2017-11-19 15:00:00,39,16,23
2017-11-19 16:00:00,13,8,5
2017-11-19 17:00:00,3,3,0
2017-11-19 18:00:00,3,2,1
2017-11-19 19:00:00,14,14,0
2017-11-19 20:00:00,300,300,0
2017-11-19 21:00:00,267,267,0
2017-11-19 22:00:00,50,50,0
2017-11-19 23:00:00,497,497,0
2017-11-20 00:00:00,1300,1300,0
2017-11-20 01:00:00,650,650,0
2017-11-20 02:00:00,82,82,0
2017-11-20 03:00:00,61,61,0
2017-11-20 04:00:00,49,49,0
2017-11-20 05:00:00,260,257,3
2017-11-20 06:00:00,112,111,1
2017-11-20 07:00:00,214,214,0
2017-11-20 08:00:00,107,104,3
2017-11-20 09:00:00,108,100,8
2017-11-20 10:00:00,28,21,7
2017-11-20 11:00:00,21,13,8
2017-11-20 12:00:00,50,41,9
2017-11-20 13:00:00,151,147,4
2017-11-20 14:00:00,14,4,10
2017-11-20 15:00:00,21,8,13
2017-11-20 16:00:00,23,16,7
2017-11-20 17:00:00,3,1,2
2017-11-20 18:00:00,4,1,3
2017-11-20 19:00:00,1,1,0
2017-11-20 20:00:00,1,0,1
2017-11-20 21:00:00,1,1,0
2017-11-20 22:00:00,2,1,1
2017-11-20 23:00:00,0,0,0
2017-11-21 00:00:00,0,0,0
2017-11-21 01:00:00,0,0,0
2017-11-21 02:00:00,0,0,0
2017-11-21 03:00:00,2,1,1
2017-11-21 04:00:00,0,0,0
2017-11-21 05:00:00,0,0,0
2017-11-21 06:00:00,3,2,1
2017-11-21 07:00:00,9,3,6
2017-11-21 08:00:00,15,11,4
2017-11-21 09:00:00,15,11,4
2017-11-21 10:00:00,10,6,4
2017-11-21 11:00:00,6,4,2
2017-11-21 12:00:00,4,3,1
2017-11-21 13:00:00,11,6,5
2017-11-21 14:00:00,11,5,6
2017-11-21 15:00:00,10,6,4
2017-11-21 16:00:00,28,10,18
2017-11-21 17:00:00,8,5,3
2017-11-21 18:00:00,10,7,3
2017-11-21 19:00:00,1,1,0
2017-11-21 20:00:00,0,0,0
2017-11-21 21:00:00,1,1,0
2017-11-21 22:00:00,0,0,0
2017-11-21 23:00:00,0,0,0
2017-11-22 00:00:00,0,0,0
2017-11-22 01:00:00,2,2,0
2017-11-22 02:00:00,0,0,0
2017-11-22 03:00:00,0,0,0
2017-11-22 04:00:00,0,0,0
2017-11-22 05:00:00,1,1,0
2017-11-22 06:00:00,7,4,3
2017-11-22 07:00:00,10,5,5
2017-11-22 08:00:00,27,16,11
2017-11-22 09:00:00,39,19,20
2017-11-22 10:00:00,26,13,13
2017-11-22 11:00:00,27,13,14
2017-11-22 12:00:00,15,9,6
2017-11-22 13:00:00,21,11,10
2017-11-22 14:00:00,34,16,18
2017-11-22 15:00:00,30,14,16
2017-11-22 16:00:00,26,11,15
2017-11-22 17:00:00,7,3,4
2017-11-22 18:00:00,2,2,0
2017-11-22 19:00:00,2,1,1
2017-11-22 20:00:00,1,0,1
2017-11-22 21:00:00,3,0,3
2017-11-22 22:00:00,0,0,0
2017-11-22 23:00:00,0,0,0
2017-11-23 00:00:00,0,0,0
2017-11-23 01:00:00,0,0,0
2017-11-23 02:00:00,0,0,0
2017-11-23 03:00:00,1,1,0
2017-11-23 04:00:00,0,0,0
2017-11-23 05:00:00,0,0,0
2017-11-23 06:00:00,4,2,2
2017-11-23 07:00:00,39,1,38
2017-11-23 08:00:00,100,19,81
2017-11-23 09:00:00,208,152,56
2017-11-23 10:00:00,38,28,10
2017-11-23 11:00:00,36,21,15
2017-11-23 12:00:00,42,18,24
2017-11-23 13:00:00,49,21,28
2017-11-23 14:00:00,40,23,17
2017-11-23 15:00:00,20,11,9
2017-11-23 16:00:00,17,7,10
2017-11-23 17:00:00,5,4,1
2017-11-23 18:00:00,1,1,0
2017-11-23 19:00:00,1,0,1
2017-11-23 20:00:00,0,0,0
2017-11-23 21:00:00,0,0,0
2017-11-23 22:00:00,0,0,0
2017-11-23 23:00:00,0,0,0
2017-11-24 00:00:00,0,0,0
2017-11-24 01:00:00,0,0,0
2017-11-24 02:00:00,0,0,0
2017-11-24 03:00:00,0,0,0
2017-11-24 04:00:00,0,0,0
2017-11-24 05:00:00,0,0,0
2017-11-24 06:00:00,0,0,0
2017-11-24 07:00:00,4,1,3
2017-11-24 08:00:00,25,13,12
2017-11-24 09:00:00,32,15,17
2017-11-24 10:00:00,42,21,21
2017-11-24 11:00:00,47,27,20
2017-11-24 12:00:00,32,17,15
2017-11-24 13:00:00,22,14,8
2017-11-24 14:00:00,11,8,3
2017-11-24 15:00:00,32,15,17
2017-11-24 16:00:00,19,10,9
2017-11-24 17:00:00,3,1,2
2017-11-24 18:00:00,1,1,0
2017-11-24 19:00:00,1,0,1
2017-11-24 20:00:00,0,0,0
2017-11-24 21:00:00,0,0,0
2017-11-24 22:00:00,0,0,0
2017-11-24 23:00:00,0,0,0
2017-11-25 00:00:00,0,0,0
2017-11-25 01:00:00,0,0,0
2017-11-25 02:00:00,0,0,0
2017-11-25 03:00:00,0,0,0
2017-11-25 04:00:00,0,0,0
2017-11-25 05:00:00,0,0,0
2017-11-25 06:00:00,0,0,0
2017-11-25 07:00:00,14,7,7
2017-11-25 08:00:00,35,16,19
2017-11-25 09:00:00,43,19,24
2017-11-25 10:00:00,49,23,26
2017-11-25 11:00:00,49,23,26
2017-11-25 12:00:00,39,21,18
2017-11-25 13:00:00,39,18,21
2017-11-25 14:00:00,43,24,19
2017-11-25 15:00:00,27,14,13
2017-11-25 16:00:00,19,11,8
2017-11-25 17:00:00,1,1,0
2017-11-25 18:00:00,1,1,0
2017-11-25 19:00:00,0,0,0
2017-11-25 20:00:00,1,0,1
2017-11-25 21:00:00,1,0,1
2017-11-25 22:00:00,4,2,2
2017-11-25 23:00:00,0,0,0
2017-11-26 00:00:00,4,2,2
2017-11-26 01:00:00,0,0,0
2017-11-26 02:00:00,0,0,0
2017-11-26 03:00:00,0,0,0
2017-11-26 04:00:00,0,0,0
2017-11-26 05:00:00,0,0,0
2017-11-26 06:00:00,0,0,0
2017-11-26 07:00:00,1,1,0
2017-11-26 08:00:00,15,5,10
2017-11-26 09:00:00,18,8,10
2017-11-26 10:00:00,40,20,20
2017-11-26 11:00:00,39,18,21
2017-11-26 12:00:00,26,14,12
2017-11-26 13:00:00,12,8,4
2017-11-26 14:00:00,11,4,7
2017-11-26 15:00:00,21,13,8
2017-11-26 16:00:00,20,8,12
2017-11-26 17:00:00,5,2,3
2017-11-26 18:00:00,5,3,2
2017-11-26 19:00:00,0,0,0
2017-11-26 20:00:00,2,1,1
2017-11-26 21:00:00,0,0,0
2017-11-26 22:00:00,0,0,0
2017-11-26 23:00:00,0,0,0
2017-11-27 00:00:00,0,0,0
2017-11-27 01:00:00,0,0,0
2017-11-27 02:00:00,0,0,0
2017-11-27 03:00:00,0,0,0
2017-11-27 04:00:00,0,0,0
2017-11-27 05:00:00,1,0,1
2017-11-27 06:00:00,7,5,2
2017-11-27 07:00:00,13,7,6
2017-11-27 08:00:00,25,14,11
2017-11-27 09:00:00,33,20,13
2017-11-27 10:00:00,27,12,15
2017-11-27 11:00:00,13,8,5
2017-11-27 12:00:00,23,10,13
2017-11-27 13:00:00,16,9,7
2017-11-27 14:00:00,20,7,13
2017-11-27 15:00:00,24,11,13
2017-11-27 16:00:00,26,12,14
2017-11-27 17:00:00,15,8,7
2017-11-27 18:00:00,4,3,1
2017-11-27 19:00:00,2,2,0
2017-11-27 20:00:00,3,1,2
2017-11-27 21:00:00,0,0,0
2017-11-27 22:00:00,2,1,1
2017-11-27 23:00:00,0,0,0
2017-11-28 00:00:00,2,1,1
2017-11-28 01:00:00,1,1,0
2017-11-28 02:00:00,0,0,0
2017-11-28 03:00:00,0,0,0
2017-11-28 04:00:00,0,0,0
2017-11-28 05:00:00,2,0,2
2017-11-28 06:00:00,6,4,2
2017-11-28 07:00:00,13,7,6
2017-11-28 08:00:00,14,7,7
2017-11-28 09:00:00,8,5,3
2017-11-28 10:00:00,8,3,5
2017-11-28 11:00:00,8,4,4
2017-11-28 12:00:00,4,4,0
2017-11-28 13:00:00,5,3,2
2017-11-28 14:00:00,4,1,3
2017-11-28 15:00:00,17,7,10
2017-11-28 16:00:00,16,9,7
2017-11-28 17:00:00,14,7,7
2017-11-28 18:00:00,10,6,4
2017-11-28 19:00:00,2,1,1
2017-11-28 20:00:00,1,0,1
2017-11-28 21:00:00,0,0,0
2017-11-28 22:00:00,0,0,0
2017-11-28 23:00:00,0,0,0
2017-11-29 00:00:00,0,0,0
2017-11-29 01:00:00,0,0,0
2017-11-29 02:00:00,0,0,0
2017-11-29 03:00:00,0,0,0
2017-11-29 04:00:00,0,0,0
2017-11-29 05:00:00,3,2,1
2017-11-29 06:00:00,8,5,3
2017-11-29 07:00:00,17,11,6
2017-11-29 08:00:00,21,10,11
2017-11-29 09:00:00,23,13,10
2017-11-29 10:00:00,23,12,11
2017-11-29 11:00:00,21,11,10
2017-11-29 12:00:00,12,8,4
2017-11-29 13:00:00,23,11,12
2017-11-29 14:00:00,23,13,10
2017-11-29 15:00:00,36,16,20
2017-11-29 16:00:00,25,13,12
2017-11-29 17:00:00,11,6,5
2017-11-29 18:00:00,7,3,4
2017-11-29 19:00:00,3,1,2
2017-11-29 20:00:00,4,2,2
2017-11-29 21:00:00,3,2,1
2017-11-29 22:00:00,4,2,2
2017-11-29 23:00:00,0,0,0
2017-11-30 00:00:00,0,0,0
2017-11-30 01:00:00,0,0,0
2017-11-30 02:00:00,0,0,0
2017-11-30 03:00:00,0,0,0
2017-11-30 04:00:00,0,0,0
2017-11-30 05:00:00,4,2,2
2017-11-30 06:00:00,7,5,2
2017-11-30 07:00:00,11,9,2
2017-11-30 08:00:00,12,6,6
2017-11-30 09:00:00,10,5,5
2017-11-30 10:00:00,19,12,7
2017-11-30 11:00:00,13,5,8
2017-11-30 12:00:00,17,9,8
2017-11-30 13:00:00,12,6,6
2017-11-30 14:00:00,18,10,8
2017-11-30 15:00:00,22,10,12
2017-11-30 16:00:00,17,10,7
2017-11-30 17:00:00,7,2,5
2017-11-30 18:00:00,7,2,5
2017-11-30 19:00:00,3,2,1
2017-11-30 20:00:00,5,3,2
2017-11-30 21:00:00,0,0,0
2017-11-30 22:00:00,0,0,0
2017-11-30 23:00:00,2,1,1
2017-12-01 00:00:00,0,0,0
2017-12-01 01:00:00,0,0,0
2017-12-01 02:00:00,0,0,0
2017-12-01 03:00:00,0,0,0
2017-12-01 04:00:00,0,0,0
2017-12-01 05:00:00,1,1,0
2017-12-01 06:00:00,9,7,2
2017-12-01 07:00:00,18,9,9
2017-12-01 08:00:00,21,10,11
2017-12-01 09:00:00,23,13,10
2017-12-01 10:00:00,19,7,12
2017-12-01 11:00:00,16,9,7
2017-12-01 12:00:00,18,7,11
2017-12-01 13:00:00,18,8,10
2017-12-01 14:00:00,11,6,5
2017-12-01 15:00:00,12,6,6
2017-12-01 16:00:00,14,8,6
2017-12-01 17:00:00,2,2,0
2017-12-01 18:00:00,4,2,2
2017-12-01 19:00:00,4,3,1
2017-12-01 20:00:00,1,1,0
2017-12-01 21:00:00,0,0,0
2017-12-01 22:00:00,0,0,0
2017-12-01 23:00:00,1,0,1
2017-12-02 00:00:00,0,0,0
2017-12-02 01:00:00,0,0,0
2017-12-02 02:00:00,0,0,0
2017-12-02 03:00:00,0,0,0
2017-12-02 04:00:00,0,0,0
2017-12-02 05:00:00,0,0,0
2017-12-02 06:00:00,0,0,0
2017-12-02 07:00:00,13,6,7
2017-12-02 08:00:00,37,20,17
2017-12-02 09:00:00,23,10,13
2017-12-02 10:00:00,33,18,15
2017-12-02 11:00:00,29,13,16
2017-12-02 12:00:00,19,10,9
2017-12-02 13:00:00,23,12,11
2017-12-02 14:00:00,15,7,8
2017-12-02 15:00:00,22,11,11
2017-12-02 16:00:00,17,11,6
2017-12-02 17:00:00,7,4,3
2017-12-02 18:00:00,1,1,0
2017-12-02 19:00:00,3,1,2
2017-12-02 20:00:00,2,1,1
2017-12-02 21:00:00,0,0,0
2017-12-02 22:00:00,2,1,1
2017-12-02 23:00:00,0,0,0
2017-12-03 00:00:00,0,0,0
2017-12-03 01:00:00,0,0,0
2017-12-03 02:00:00,0,0,0
2017-12-03 03:00:00,0,0,0
2017-12-03 04:00:00,0,0,0
2017-12-03 05:00:00,0,0,0
2017-12-03 06:00:00,0,0,0
2017-12-03 07:00:00,10,3,7
2017-12-03 08:00:00,30,15,15
2017-12-03 09:00:00,46,23,23
2017-12-03 10:00:00,50,28,22
2017-12-03 11:00:00,45,20,25
2017-12-03 12:00:00,46,26,20
2017-12-03 13:00:00,35,21,14
2017-12-03 14:00:00,22,10,12
2017-12-03 15:00:00,36,19,17
2017-12-03 16:00:00,32,17,15
2017-12-03 17:00:00,3,2,1
2017-12-03 18:00:00,9,5,4
2017-12-03 19:00:00,2,1,1
2017-12-03 20:00:00,1,1,0
2017-12-03 21:00:00,1,0,1
2017-12-03 22:00:00,3,2,1
2017-12-03 23:00:00,0,0,0
2017-12-04 00:00:00,0,0,0
2017-12-04 01:00:00,0,0,0
2017-12-04 02:00:00,0,0,0
2017-12-04 03:00:00,0,0,0
2017-12-04 04:00:00,0,0,0
2017-12-04 05:00:00,2,1,1
2017-12-04 06:00:00,5,4,1
2017-12-04 07:00:00,11,9,2
2017-12-04 08:00:00,16,8,8
2017-12-04 09:00:00,24,15,9
2017-12-04 10:00:00,10,4,6
2017-12-04 11:00:00,11,5,6
2017-12-04 12:00:00,23,17,6
2017-12-04 13:00:00,17,7,10
2017-12-04 14:00:00,15,3,12
2017-12-04 15:00:00,15,8,7
2017-12-04 16:00:00,29,16,13
2017-12-04 17:00:00,12,6,6
2017-12-04 18:00:00,7,5,2
2017-12-04 19:00:00,1,1,0
2017-12-04 20:00:00,4,2,2
2017-12-04 21:00:00,2,1,1
2017-12-04 22:00:00,0,0,0
2017-12-04 23:00:00,0,0,0
2017-12-05 00:00:00,0,0,0
2017-12-05 01:00:00,0,0,0
2017-12-05 02:00:00,0,0,0
2017-12-05 03:00:00,0,0,0
2017-12-05 04:00:00,0,0,0
2017-12-05 05:00:00,3,2,1
2017-12-05 06:00:00,3,3,0
2017-12-05 07:00:00,11,5,6
2017-12-05 08:00:00,22,11,11
2017-12-05 09:00:00,21,15,6
2017-12-05 10:00:00,16,6,10
2017-12-05 11:00:00,7,4,3
2017-12-05 12:00:00,17,11,6
2017-12-05 13:00:00,14,8,6
2017-12-05 14:00:00,20,8,12
2017-12-05 15:00:00,13,8,5
2017-12-05 16:00:00,17,8,9
2017-12-05 17:00:00,8,4,4
2017-12-05 18:00:00,10,7,3
2017-12-05 19:00:00,4,3,1
2017-12-05 20:00:00,4,1,3
2017-12-05 21:00:00,0,0,0
2017-12-05 22:00:00,2,1,1
2017-12-05 23:00:00,0,0,0
2017-12-06 00:00:00,0,0,0
2017-12-06 01:00:00,0,0,0
2017-12-06 02:00:00,0,0,0
2017-12-06 03:00:00,0,0,0
2017-12-06 04:00:00,0,0,0
2017-12-06 05:00:00,1,0,1
2017-12-06 06:00:00,6,4,2
2017-12-06 07:00:00,6,6,0
2017-12-06 08:00:00,13,4,9
2017-12-06 09:00:00,21,13,8
2017-12-06 10:00:00,21,13,8
2017-12-06 11:00:00,6,4,2
2017-12-06 12:00:00,9,6,3
2017-12-06 13:00:00,13,11,2
2017-12-06 14:00:00,17,9,8
2017-12-06 15:00:00,14,8,6
2017-12-06 16:00:00,30,17,13
2017-12-06 17:00:00,10,6,4
2017-12-06 18:00:00,2,1,1
2017-12-06 19:00:00,2,1,1
2017-12-06 20:00:00,1,0,1
2017-12-06 21:00:00,2,1,1
2017-12-06 22:00:00,1,1,0
2017-12-06 23:00:00,0,0,0
2017-12-07 00:00:00,0,0,0
2017-12-07 01:00:00,0,0,0
2017-12-07 02:00:00,0,0,0
2017-12-07 03:00:00,0,0,0
2017-12-07 04:00:00,0,0,0
2017-12-07 05:00:00,1,0,1
2017-12-07 06:00:00,2,2,0
2017-12-07 07:00:00,8,5,3
2017-12-07 08:00:00,17,8,9
2017-12-07 09:00:00,23,12,11
2017-12-07 10:00:00,6,4,2
2017-12-07 11:00:00,8,3,5
2017-12-07 12:00:00,6,6,0
2017-12-07 13:00:00,5,3,2
2017-12-07 14:00:00,7,4,3
2017-12-07 15:00:00,8,3,5
2017-12-07 16:00:00,8,3,5
2017-12-07 17:00:00,3,2,1
2017-12-07 18:00:00,5,3,2
2017-12-07 19:00:00,0,0,0
2017-12-07 20:00:00,1,0,1
2017-12-07 21:00:00,1,1,0
2017-12-07 22:00:00,0,0,0
2017-12-07 23:00:00,0,0,0
2017-12-08 00:00:00,0,0,0
2017-12-08 01:00:00,0,0,0
2017-12-08 02:00:00,0,0,0
2017-12-08 03:00:00,0,0,0
2017-12-08 04:00:00,0,0,0
2017-12-08 05:00:00,0,0,0
2017-12-08 06:00:00,1,0,1
2017-12-08 07:00:00,0,0,0
2017-12-08 08:00:00,4,3,1
2017-12-08 09:00:00,13,5,8
2017-12-08 10:00:00,18,8,10
2017-12-08 11:00:00,8,4,4
2017-12-08 12:00:00,9,4,5
2017-12-08 13:00:00,9,4,5
2017-12-08 14:00:00,17,12,5
2017-12-08 15:00:00,8,2,6
2017-12-08 16:00:00,21,13,8
2017-12-08 17:00:00,6,2,4
2017-12-08 18:00:00,1,1,0
2017-12-08 19:00:00,1,0,1
2017-12-08 20:00:00,1,1,0
2017-12-08 21:00:00,0,0,0
2017-12-08 22:00:00,0,0,0
2017-12-08 23:00:00,2,1,1
2017-12-09 00:00:00,0,0,0
2017-12-09 01:00:00,0,0,0
2017-12-09 02:00:00,0,0,0
2017-12-09 03:00:00,0,0,0
2017-12-09 04:00:00,0,0,0
2017-12-09 05:00:00,0,0,0
2017-12-09 06:00:00,0,0,0
2017-12-09 07:00:00,2,0,2
2017-12-09 08:00:00,16,6,10
2017-12-09 09:00:00,25,10,15
2017-12-09 10:00:00,17,7,10
2017-12-09 11:00:00,30,15,15
2017-12-09 12:00:00,31,16,15
2017-12-09 13:00:00,30,13,17
2017-12-09 14:00:00,36,19,17
2017-12-09 15:00:00,23,9,14
2017-12-09 16:00:00,14,8,6
2017-12-09 17:00:00,4,2,2
2017-12-09 18:00:00,3,2,1
2017-12-09 19:00:00,1,0,1
2017-12-09 20:00:00,1,1,0
2017-12-09 21:00:00,0,0,0
2017-12-09 22:00:00,0,0,0
2017-12-09 23:00:00,1,0,1
2017-12-10 00:00:00,0,0,0
2017-12-10 01:00:00,0,0,0
2017-12-10 02:00:00,0,0,0
2017-12-10 03:00:00,0,0,0
2017-12-10 04:00:00,0,0,0
2017-12-10 05:00:00,0,0,0
2017-12-10 06:00:00,1,1,0
2017-12-10 07:00:00,5,1,4
2017-12-10 08:00:00,17,8,9
2017-12-10 09:00:00,29,14,15
2017-12-10 10:00:00,31,13,18
2017-12-10 11:00:00,25,14,11
2017-12-10 12:00:00,19,14,5
2017-12-10 13:00:00,24,13,11
2017-12-10 14:00:00,27,9,18
2017-12-10 15:00:00,30,12,18
2017-12-10 16:00:00,23,16,7
2017-12-10 17:00:00,2,1,1
2017-12-10 18:00:00,2,1,1
2017-12-10 19:00:00,1,1,0
2017-12-10 20:00:00,0,0,0
2017-12-10 21:00:00,0,0,0
2017-12-10 22:00:00,0,0,0
2017-12-10 23:00:00,0,0,0
2017-12-11 00:00:00,0,0,0
2017-12-11 01:00:00,0,0,0
2017-12-11 02:00:00,0,0,0
2017-12-11 03:00:00,0,0,0
2017-12-11 04:00:00,0,0,0
2017-12-11 05:00:00,1,1,0
2017-12-11 06:00:00,3,2,1
2017-12-11 07:00:00,3,3,0
2017-12-11 08:00:00,3,1,2
2017-12-11 09:00:00,13,5,8
2017-12-11 10:00:00,10,9,1
2017-12-11 11:00:00,6,1,5
2017-12-11 12:00:00,14,7,7
2017-12-11 13:00:00,13,9,4
2017-12-11 14:00:00,14,7,7
2017-12-11 15:00:00,12,5,7
2017-12-11 16:00:00,15,10,5
2017-12-11 17:00:00,6,2,4
2017-12-11 18:00:00,2,1,1
2017-12-11 19:00:00,1,1,0
2017-12-11 20:00:00,0,0,0
2017-12-11 21:00:00,2,1,1
2017-12-11 22:00:00,0,0,0
2017-12-11 23:00:00,0,0,0
2017-12-12 00:00:00,0,0,0
2017-12-12 01:00:00,0,0,0
2017-12-12 02:00:00,0,0,0
2017-12-12 03:00:00,0,0,0
2017-12-12 04:00:00,0,0,0
2017-12-12 05:00:00,0,0,0
2017-12-12 06:00:00,3,2,1
2017-12-12 07:00:00,11,5,6
2017-12-12 08:00:00,14,8,6
2017-12-12 09:00:00,20,11,9
2017-12-12 10:00:00,19,14,5
2017-12-12 11:00:00,11,4,7
2017-12-12 12:00:00,9,4,5
2017-12-12 13:00:00,15,9,6
2017-12-12 14:00:00,15,7,8
2017-12-12 15:00:00,21,7,14
2017-12-12 16:00:00,23,14,9
2017-12-12 17:00:00,14,8,6
2017-12-12 18:00:00,11,6,5
2017-12-12 19:00:00,4,2,2
2017-12-12 20:00:00,1,1,0
2017-12-12 21:00:00,0,0,0
2017-12-12 22:00:00,2,1,1
2017-12-12 23:00:00,0,0,0
2017-12-13 00:00:00,0,0,0
2017-12-13 01:00:00,0,0,0
2017-12-13 02:00:00,0,0,0
2017-12-13 03:00:00,0,0,0
2017-12-13 04:00:00,0,0,0
2017-12-13 05:00:00,1,0,1
2017-12-13 06:00:00,4,3,1
2017-12-13 07:00:00,7,5,2
2017-12-13 08:00:00,15,7,8
2017-12-13 09:00:00,18,9,9
2017-12-13 10:00:00,17,11,6
2017-12-13 11:00:00,6,3,3
2017-12-13 12:00:00,11,6,5
2017-12-13 13:00:00,11,5,6
2017-12-13 14:00:00,17,7,10
2017-12-13 15:00:00,20,13,7
2017-12-13 16:00:00,25,12,13
2017-12-13 17:00:00,7,5,2
2017-12-13 18:00:00,2,2,0
2017-12-13 19:00:00,0,0,0
2017-12-13 20:00:00,0,0,0
2017-12-13 21:00:00,0,0,0
2017-12-13 22:00:00,0,0,0
2017-12-13 23:00:00,0,0,0
2017-12-14 00:00:00,2,1,1
2017-12-14 01:00:00,0,0,0
2017-12-14 02:00:00,0,0,0
2017-12-14 03:00:00,0,0,0
2017-12-14 04:00:00,0,0,0
2017-12-14 05:00:00,1,1,0
2017-12-14 06:00:00,4,3,1
2017-12-14 07:00:00,11,5,6
2017-12-14 08:00:00,11,4,7
2017-12-14 09:00:00,10,6,4
2017-12-14 10:00:00,22,10,12
2017-12-14 11:00:00,14,7,7
2017-12-14 12:00:00,18,7,11
2017-12-14 13:00:00,12,7,5
2017-12-14 14:00:00,20,10,10
2017-12-14 15:00:00,14,7,7
2017-12-14 16:00:00,20,11,9
2017-12-14 17:00:00,9,4,5
2017-12-14 18:00:00,4,3,1
2017-12-14 19:00:00,3,2,1
2017-12-14 20:00:00,4,3,1
2017-12-14 21:00:00,1,0,1
2017-12-14 22:00:00,2,1,1
2017-12-14 23:00:00,0,0,0
2017-12-15 00:00:00,0,0,0
2017-12-15 01:00:00,0,0,0
2017-12-15 02:00:00,0,0,0
2017-12-15 03:00:00,0,0,0
2017-12-15 04:00:00,0,0,0
2017-12-15 05:00:00,0,0,0
2017-12-15 06:00:00,1,0,1
2017-12-15 07:00:00,11,6,5
2017-12-15 08:00:00,13,8,5
2017-12-15 09:00:00,15,5,10
2017-12-15 10:00:00,23,14,9
2017-12-15 11:00:00,16,8,8
2017-12-15 12:00:00,14,6,8
2017-12-15 13:00:00,22,13,9
2017-12-15 14:00:00,8,3,5
2017-12-15 15:00:00,24,11,13
2017-12-15 16:00:00,17,10,7
2017-12-15 17:00:00,3,2,1
2017-12-15 18:00:00,3,2,1
2017-12-15 19:00:00,2,2,0
2017-12-15 20:00:00,1,1,0
2017-12-15 21:00:00,2,1,1
2017-12-15 22:00:00,5,2,3
2017-12-15 23:00:00,0,0,0
2017-12-16 00:00:00,2,1,1
2017-12-16 01:00:00,0,0,0
2017-12-16 02:00:00,0,0,0
2017-12-16 03:00:00,0,0,0
2017-12-16 04:00:00,1,0,1
2017-12-16 05:00:00,0,0,0
2017-12-16 06:00:00,0,0,0
2017-12-16 07:00:00,6,1,5
2017-12-16 08:00:00,30,19,11
2017-12-16 09:00:00,40,17,23
2017-12-16 10:00:00,43,21,22
2017-12-16 11:00:00,41,21,20
2017-12-16 12:00:00,34,22,12
2017-12-16 13:00:00,28,12,16
2017-12-16 14:00:00,30,20,10
2017-12-16 15:00:00,29,14,15
2017-12-16 16:00:00,22,14,8
2017-12-16 17:00:00,8,4,4
2017-12-16 18:00:00,0,0,0
2017-12-16 19:00:00,5,2,3
2017-12-16 20:00:00,0,0,0
2017-12-16 21:00:00,0,0,0
2017-12-16 22:00:00,3,2,1
2017-12-16 23:00:00,0,0,0
2017-12-17 00:00:00,2,1,1
2017-12-17 01:00:00,0,0,0
2017-12-17 02:00:00,0,0,0
2017-12-17 03:00:00,0,0,0
2017-12-17 04:00:00,0,0,0
2017-12-17 05:00:00,0,0,0
2017-12-17 06:00:00,0,0,0
2017-12-17 07:00:00,1,1,0
2017-12-17 08:00:00,9,2,7
2017-12-17 09:00:00,37,19,18
2017-12-17 10:00:00,34,17,17
2017-12-17 11:00:00,35,16,19
2017-12-17 12:00:00,41,22,19
2017-12-17 13:00:00,26,10,16
2017-12-17 14:00:00,25,11,14
2017-12-17 15:00:00,23,9,14
2017-12-17 16:00:00,20,10,10
2017-12-17 17:00:00,1,1,0
2017-12-17 18:00:00,3,2,1
2017-12-17 19:00:00,0,0,0
2017-12-17 20:00:00,1,0,1
2017-12-17 21:00:00,0,0,0
2017-12-17 22:00:00,0,0,0
2017-12-17 23:00:00,0,0,0
2017-12-18 00:00:00,0,0,0
2017-12-18 01:00:00,0,0,0
2017-12-18 02:00:00,0,0,0
2017-12-18 03:00:00,0,0,0
2017-12-18 04:00:00,0,0,0
2017-12-18 05:00:00,0,0,0
2017-12-18 06:00:00,2,1,1
2017-12-18 07:00:00,6,3,3
2017-12-18 08:00:00,3,2,1
2017-12-18 09:00:00,30,16,14
2017-12-18 10:00:00,6,5,1
2017-12-18 11:00:00,2,2,0
2017-12-18 12:00:00,3,3,0
2017-12-18 13:00:00,13,11,2
2017-12-18 14:00:00,1,1,0
2017-12-18 15:00:00,1,0,1
2017-12-18 16:00:00,4,0,4
2017-12-18 17:00:00,3,0,3
2017-12-18 18:00:00,0,0,0
2017-12-18 19:00:00,0,0,0
2017-12-18 20:00:00,1,1,0
2017-12-18 21:00:00,2,1,1
2017-12-18 22:00:00,0,0,0
2017-12-18 23:00:00,0,0,0
2017-12-19 00:00:00,0,0,0
2017-12-19 01:00:00,0,0,0
2017-12-19 02:00:00,0,0,0
2017-12-19 03:00:00,1,1,0
2017-12-19 04:00:00,0,0,0
2017-12-19 05:00:00,2,1,1
2017-12-19 06:00:00,1,1,0
2017-12-19 07:00:00,4,1,3
2017-12-19 08:00:00,1,1,0
2017-12-19 09:00:00,5,3,2
2017-12-19 10:00:00,2,1,1
2017-12-19 11:00:00,0,0,0
2017-12-19 12:00:00,8,4,4
2017-12-19 13:00:00,3,2,1
2017-12-19 14:00:00,20,10,10
2017-12-19 15:00:00,10,4,6
2017-12-19 16:00:00,14,8,6
2017-12-19 17:00:00,12,5,7
2017-12-19 18:00:00,1,1,0
2017-12-19 19:00:00,4,3,1
2017-12-19 20:00:00,2,1,1
2017-12-19 21:00:00,3,3,0
2017-12-19 22:00:00,2,1,1
2017-12-19 23:00:00,0,0,0
2017-12-20 00:00:00,0,0,0
2017-12-20 01:00:00,0,0,0
2017-12-20 02:00:00,0,0,0
2017-12-20 03:00:00,0,0,0
2017-12-20 04:00:00,0,0,0
2017-12-20 05:00:00,2,1,1
2017-12-20 06:00:00,3,2,1
2017-12-20 07:00:00,10,5,5
2017-12-20 08:00:00,20,9,11
2017-12-20 09:00:00,26,15,11
2017-12-20 10:00:00,19,12,7
2017-12-20 11:00:00,21,8,13
2017-12-20 12:00:00,25,15,10
2017-12-20 13:00:00,12,6,6
2017-12-20 14:00:00,27,10,17
2017-12-20 15:00:00,28,15,13
2017-12-20 16:00:00,34,18,16
2017-12-20 17:00:00,13,6,7
2017-12-20 18:00:00,5,3,2
2017-12-20 19:00:00,2,1,1
2017-12-20 20:00:00,5,3,2
2017-12-20 21:00:00,0,0,0
2017-12-20 22:00:00,0,0,0
2017-12-20 23:00:00,0,0,0
2017-12-21 00:00:00,0,0,0
2017-12-21 01:00:00,0,0,0
2017-12-21 02:00:00,0,0,0
2017-12-21 03:00:00,0,0,0
2017-12-21 04:00:00,0,0,0
2017-12-21 05:00:00,0,0,0
2017-12-21 06:00:00,0,0,0
2017-12-21 07:00:00,7,3,4
2017-12-21 08:00:00,9,7,2
2017-12-21 09:00:00,16,8,8
2017-12-21 10:00:00,16,10,6
2017-12-21 11:00:00,18,7,11
2017-12-21 12:00:00,20,11,9
2017-12-21 13:00:00,17,8,9
2017-12-21 14:00:00,11,4,7
2017-12-21 15:00:00,19,10,9
2017-12-21 16:00:00,20,9,11
2017-12-21 17:00:00,2,2,0
2017-12-21 18:00:00,8,5,3
2017-12-21 19:00:00,0,0,0
2017-12-21 20:00:00,0,0,0
2017-12-21 21:00:00,0,0,0
2017-12-21 22:00:00,0,0,0
2017-12-21 23:00:00,0,0,0
2017-12-22 00:00:00,0,0,0
2017-12-22 01:00:00,0,0,0
2017-12-22 02:00:00,0,0,0
2017-12-22 03:00:00,0,0,0
2017-12-22 04:00:00,0,0,0
2017-12-22 05:00:00,0,0,0
2017-12-22 06:00:00,4,2,2
2017-12-22 07:00:00,1,1,0
2017-12-22 08:00:00,13,7,6
2017-12-22 09:00:00,2,1,1
2017-12-22 10:00:00,0,0,0
2017-12-22 11:00:00,3,2,1
2017-12-22 12:00:00,2,0,2
2017-12-22 13:00:00,17,9,8
2017-12-22 14:00:00,23,10,13
2017-12-22 15:00:00,17,8,9
2017-12-22 16:00:00,22,11,11
2017-12-22 17:00:00,3,1,2
2017-12-22 18:00:00,1,1,0
2017-12-22 19:00:00,3,2,1
2017-12-22 20:00:00,0,0,0
2017-12-22 21:00:00,0,0,0
2017-12-22 22:00:00,0,0,0
2017-12-22 23:00:00,0,0,0
2017-12-23 00:00:00,2,1,1
2017-12-23 01:00:00,0,0,0
2017-12-23 02:00:00,0,0,0
2017-12-23 03:00:00,0,0,0
2017-12-23 04:00:00,0,0,0
2017-12-23 05:00:00,0,0,0
2017-12-23 06:00:00,0,0,0
2017-12-23 07:00:00,2,0,2
2017-12-23 08:00:00,15,7,8
2017-12-23 09:00:00,15,8,7
2017-12-23 10:00:00,41,24,17
2017-12-23 11:00:00,46,24,22
2017-12-23 12:00:00,26,16,10
2017-12-23 13:00:00,27,14,13
2017-12-23 14:00:00,21,13,8
2017-12-23 15:00:00,29,18,11
2017-12-23 16:00:00,8,3,5
2017-12-23 17:00:00,7,4,3
2017-12-23 18:00:00,1,1,0
2017-12-23 19:00:00,0,0,0
2017-12-23 20:00:00,0,0,0
2017-12-23 21:00:00,0,0,0
2017-12-23 22:00:00,0,0,0
2017-12-23 23:00:00,0,0,0
2017-12-24 00:00:00,0,0,0
2017-12-24 01:00:00,0,0,0
2017-12-24 02:00:00,0,0,0
2017-12-24 03:00:00,0,0,0
2017-12-24 04:00:00,0,0,0
2017-12-24 05:00:00,0,0,0
2017-12-24 06:00:00,0,0,0
2017-12-24 07:00:00,3,1,2
2017-12-24 08:00:00,18,9,9
2017-12-24 09:00:00,30,15,15
2017-12-24 10:00:00,34,20,14
2017-12-24 11:00:00,20,10,10
2017-12-24 12:00:00,33,15,18
2017-12-24 13:00:00,16,9,7
2017-12-24 14:00:00,21,9,12
2017-12-24 15:00:00,27,18,9
2017-12-24 16:00:00,6,4,2
2017-12-24 17:00:00,1,1,0
2017-12-24 18:00:00,1,0,1
2017-12-24 19:00:00,3,2,1
2017-12-24 20:00:00,1,0,1
2017-12-24 21:00:00,3,2,1
2017-12-24 22:00:00,1,1,0
2017-12-24 23:00:00,0,0,0
2017-12-25 00:00:00,0,0,0
2017-12-25 01:00:00,0,0,0
2017-12-25 02:00:00,0,0,0
2017-12-25 03:00:00,0,0,0
2017-12-25 04:00:00,0,0,0
2017-12-25 05:00:00,0,0,0
2017-12-25 06:00:00,0,0,0
2017-12-25 07:00:00,2,1,1
2017-12-25 08:00:00,2,1,1
2017-12-25 09:00:00,8,3,5
2017-12-25 10:00:00,12,6,6
2017-12-25 11:00:00,12,4,8
2017-12-25 12:00:00,5,2,3
2017-12-25 13:00:00,9,6,3
2017-12-25 14:00:00,19,9,10
2017-12-25 15:00:00,19,6,13
2017-12-25 16:00:00,12,7,5
2017-12-25 17:00:00,5,2,3
2017-12-25 18:00:00,0,0,0
2017-12-25 19:00:00,3,2,1
2017-12-25 20:00:00,2,1,1
2017-12-25 21:00:00,0,0,0
2017-12-25 22:00:00,0,0,0
2017-12-25 23:00:00,0,0,0
2017-12-26 00:00:00,0,0,0
2017-12-26 01:00:00,0,0,0
2017-12-26 02:00:00,0,0,0
2017-12-26 03:00:00,0,0,0
2017-12-26 04:00:00,0,0,0
2017-12-26 05:00:00,0,0,0
2017-12-26 06:00:00,1,1,0
2017-12-26 07:00:00,5,2,3
2017-12-26 08:00:00,8,3,5
2017-12-26 09:00:00,9,7,2
2017-12-26 10:00:00,28,12,16
2017-12-26 11:00:00,22,13,9
2017-12-26 12:00:00,23,11,12
2017-12-26 13:00:00,14,8,6
2017-12-26 14:00:00,12,5,7
2017-12-26 15:00:00,33,18,15
2017-12-26 16:00:00,25,15,10
2017-12-26 17:00:00,3,2,1
2017-12-26 18:00:00,9,6,3
2017-12-26 19:00:00,5,3,2
2017-12-26 20:00:00,0,0,0
2017-12-26 21:00:00,0,0,0
2017-12-26 22:00:00,0,0,0
2017-12-26 23:00:00,0,0,0
2017-12-27 00:00:00,0,0,0
2017-12-27 01:00:00,0,0,0
2017-12-27 02:00:00,0,0,0
2017-12-27 03:00:00,0,0,0
2017-12-27 04:00:00,0,0,0
2017-12-27 05:00:00,0,0,0
2017-12-27 06:00:00,1,1,0
2017-12-27 07:00:00,4,2,2
2017-12-27 08:00:00,11,5,6
2017-12-27 09:00:00,16,8,8
2017-12-27 10:00:00,30,15,15
2017-12-27 11:00:00,24,9,15
2017-12-27 12:00:00,19,10,9
2017-12-27 13:00:00,19,11,8
2017-12-27 14:00:00,20,11,9
2017-12-27 15:00:00,16,8,8
2017-12-27 16:00:00,8,5,3
2017-12-27 17:00:00,13,6,7
2017-12-27 18:00:00,5,3,2
2017-12-27 19:00:00,2,2,0
2017-12-27 20:00:00,0,0,0
2017-12-27 21:00:00,1,1,0
2017-12-27 22:00:00,0,0,0
2017-12-27 23:00:00,0,0,0
2017-12-28 00:00:00,0,0,0
2017-12-28 01:00:00,0,0,0
2017-12-28 02:00:00,1,0,1
2017-12-28 03:00:00,0,0,0
2017-12-28 04:00:00,0,0,0
2017-12-28 05:00:00,1,1,0
2017-12-28 06:00:00,5,2,3
2017-12-28 07:00:00,8,6,2
2017-12-28 08:00:00,15,7,8
2017-12-28 09:00:00,17,9,8
2017-12-28 10:00:00,25,11,14
2017-12-28 11:00:00,32,16,16
2017-12-28 12:00:00,20,12,8
2017-12-28 13:00:00,17,9,8
2017-12-28 14:00:00,16,8,8
2017-12-28 15:00:00,25,11,14
2017-12-28 16:00:00,24,14,10
2017-12-28 17:00:00,3,1,2
2017-12-28 18:00:00,3,3,0
2017-12-28 19:00:00,1,1,0
2017-12-28 20:00:00,0,0,0
2017-12-28 21:00:00,0,0,0
2017-12-28 22:00:00,0,0,0
2017-12-28 23:00:00,2,1,1
2017-12-29 00:00:00,0,0,0
2017-12-29 01:00:00,0,0,0
2017-12-29 02:00:00,0,0,0
2017-12-29 03:00:00,0,0,0
2017-12-29 04:00:00,0,0,0
2017-12-29 05:00:00,0,0,0
2017-12-29 06:00:00,2,1,1
2017-12-29 07:00:00,3,2,1
2017-12-29 08:00:00,3,1,2
2017-12-29 09:00:00,6,3,3
2017-12-29 10:00:00,7,3,4
2017-12-29 11:00:00,6,2,4
2017-12-29 12:00:00,9,4,5
2017-12-29 13:00:00,6,4,2
2017-12-29 14:00:00,13,4,9
2017-12-29 15:00:00,12,6,6
2017-12-29 16:00:00,22,13,9
2017-12-29 17:00:00,6,2,4
2017-12-29 18:00:00,0,0,0
2017-12-29 19:00:00,1,0,1
2017-12-29 20:00:00,0,0,0
2017-12-29 21:00:00,3,2,1
2017-12-29 22:00:00,2,1,1
2017-12-29 23:00:00,0,0,0
2017-12-30 00:00:00,0,0,0
2017-12-30 01:00:00,0,0,0
2017-12-30 02:00:00,0,0,0
2017-12-30 03:00:00,0,0,0
2017-12-30 04:00:00,0,0,0
2017-12-30 05:00:00,0,0,0
2017-12-30 06:00:00,0,0,0
2017-12-30 07:00:00,7,2,5
2017-12-30 08:00:00,23,9,14
2017-12-30 09:00:00,30,18,12
2017-12-30 10:00:00,42,18,24
2017-12-30 11:00:00,53,30,23
2017-12-30 12:00:00,33,18,15
2017-12-30 13:00:00,45,23,22
2017-12-30 14:00:00,36,18,18
2017-12-30 15:00:00,34,16,18
2017-12-30 16:00:00,16,9,7
2017-12-30 17:00:00,3,3,0
2017-12-30 18:00:00,2,2,0
2017-12-30 19:00:00,2,1,1
2017-12-30 20:00:00,0,0,0
2017-12-30 21:00:00,1,1,0
2017-12-30 22:00:00,0,0,0
2017-12-30 23:00:00,0,0,0
2017-12-31 00:00:00,0,0,0
2017-12-31 01:00:00,0,0,0
2017-12-31 02:00:00,0,0,0
2017-12-31 03:00:00,2,1,1
2017-12-31 04:00:00,0,0,0
2017-12-31 05:00:00,0,0,0
2017-12-31 06:00:00,0,0,0
2017-12-31 07:00:00,2,1,1
2017-12-31 08:00:00,11,5,6
2017-12-31 09:00:00,25,13,12
2017-12-31 10:00:00,26,13,13
2017-12-31 11:00:00,42,25,17
2017-12-31 12:00:00,38,20,18
2017-12-31 13:00:00,42,22,20
2017-12-31 14:00:00,39,18,21
2017-12-31 15:00:00,37,20,17
2017-12-31 16:00:00,15,10,5
2017-12-31 17:00:00,8,6,2
2017-12-31 18:00:00,0,0,0
2017-12-31 19:00:00,1,0,1
2017-12-31 20:00:00,4,1,3
2017-12-31 21:00:00,12,9,3
2017-12-31 22:00:00,2,2,0
2017-12-31 23:00:00,1,1,0
2018-01-01 00:00:00,0,0,0
2018-01-01 01:00:00,0,0,0
2018-01-01 02:00:00,0,0,0
2018-01-01 03:00:00,0,0,0
2018-01-01 04:00:00,0,0,0
2018-01-01 05:00:00,0,0,0
2018-01-01 06:00:00,1,0,1
2018-01-01 07:00:00,2,1,1
2018-01-01 08:00:00,5,2,3
2018-01-01 09:00:00,24,13,11
2018-01-01 10:00:00,38,22,16
2018-01-01 11:00:00,51,19,32
2018-01-01 12:00:00,23,12,11
2018-01-01 13:00:00,34,18,16
2018-01-01 14:00:00,31,18,13
2018-01-01 15:00:00,31,14,17
2018-01-01 16:00:00,28,17,11
2018-01-01 17:00:00,9,5,4
2018-01-01 18:00:00,9,4,5
2018-01-01 19:00:00,2,2,0
2018-01-01 20:00:00,0,0,0
2018-01-01 21:00:00,0,0,0
2018-01-01 22:00:00,0,0,0
2018-01-01 23:00:00,0,0,0
2018-01-02 00:00:00,0,0,0
2018-01-02 01:00:00,0,0,0
2018-01-02 02:00:00,0,0,0
2018-01-02 03:00:00,0,0,0
2018-01-02 04:00:00,0,0,0
2018-01-02 05:00:00,0,0,0
2018-01-02 06:00:00,2,1,1
2018-01-02 07:00:00,8,4,4
2018-01-02 08:00:00,15,9,6
2018-01-02 09:00:00,14,7,7
2018-01-02 10:00:00,30,17,13
2018-01-02 11:00:00,28,14,14
2018-01-02 12:00:00,11,8,3
2018-01-02 13:00:00,35,7,28
2018-01-02 14:00:00,17,7,10
2018-01-02 15:00:00,29,18,11
2018-01-02 16:00:00,24,9,15
2018-01-02 17:00:00,16,10,6
2018-01-02 18:00:00,4,3,1
2018-01-02 19:00:00,2,0,2
2018-01-02 20:00:00,1,1,0
2018-01-02 21:00:00,0,0,0
2018-01-02 22:00:00,0,0,0
2018-01-02 23:00:00,0,0,0
2018-01-03 00:00:00,0,0,0
2018-01-03 01:00:00,0,0,0
2018-01-03 02:00:00,0,0,0
2018-01-03 03:00:00,0,0,0
2018-01-03 04:00:00,0,0,0
2018-01-03 05:00:00,1,0,1
2018-01-03 06:00:00,11,8,3
2018-01-03 07:00:00,7,6,1
2018-01-03 08:00:00,6,3,3
2018-01-03 09:00:00,24,14,10
2018-01-03 10:00:00,13,7,6
2018-01-03 11:00:00,10,7,3
2018-01-03 12:00:00,13,10,3
2018-01-03 13:00:00,17,4,13
2018-01-03 14:00:00,14,8,6
2018-01-03 15:00:00,35,13,22
2018-01-03 16:00:00,33,19,14
2018-01-03 17:00:00,12,8,4
2018-01-03 18:00:00,10,3,7
2018-01-03 19:00:00,2,1,1
2018-01-03 20:00:00,2,1,1
2018-01-03 21:00:00,0,0,0
2018-01-03 22:00:00,0,0,0
2018-01-03 23:00:00,0,0,0
2018-01-04 00:00:00,0,0,0
2018-01-04 01:00:00,0,0,0
2018-01-04 02:00:00,0,0,0
2018-01-04 03:00:00,0,0,0
2018-01-04 04:00:00,0,0,0
2018-01-04 05:00:00,2,1,1
2018-01-04 06:00:00,1,1,0
2018-01-04 07:00:00,7,4,3
2018-01-04 08:00:00,21,9,12
2018-01-04 09:00:00,20,12,8
2018-01-04 10:00:00,10,5,5
2018-01-04 11:00:00,23,16,7
2018-01-04 12:00:00,15,8,7
2018-01-04 13:00:00,14,6,8
2018-01-04 14:00:00,16,7,9
2018-01-04 15:00:00,16,8,8
2018-01-04 16:00:00,23,8,15
2018-01-04 17:00:00,8,7,1
2018-01-04 18:00:00,3,1,2
2018-01-04 19:00:00,0,0,0
2018-01-04 20:00:00,0,0,0
2018-01-04 21:00:00,1,1,0
2018-01-04 22:00:00,0,0,0
2018-01-04 23:00:00,0,0,0
2018-01-05 00:00:00,0,0,0
2018-01-05 01:00:00,0,0,0
2018-01-05 02:00:00,0,0,0
2018-01-05 03:00:00,0,0,0
2018-01-05 04:00:00,0,0,0
2018-01-05 05:00:00,0,0,0
2018-01-05 06:00:00,7,5,2
2018-01-05 07:00:00,10,5,5
2018-01-05 08:00:00,28,16,12
2018-01-05 09:00:00,31,15,16
2018-01-05 10:00:00,15,9,6
2018-01-05 11:00:00,10,4,6
2018-01-05 12:00:00,18,9,9
2018-01-05 13:00:00,8,5,3
2018-01-05 14:00:00,28,12,16
2018-01-05 15:00:00,22,11,11
2018-01-05 16:00:00,23,10,13
2018-01-05 17:00:00,5,3,2
2018-01-05 18:00:00,0,0,0
2018-01-05 19:00:00,2,1,1
2018-01-05 20:00:00,0,0,0
2018-01-05 21:00:00,2,1,1
2018-01-05 22:00:00,2,1,1
2018-01-05 23:00:00,0,0,0
2018-01-06 00:00:00,0,0,0
2018-01-06 01:00:00,0,0,0
2018-01-06 02:00:00,0,0,0
2018-01-06 03:00:00,0,0,0
2018-01-06 04:00:00,0,0,0
2018-01-06 05:00:00,1,0,1
2018-01-06 06:00:00,3,2,1
2018-01-06 07:00:00,4,3,1
2018-01-06 08:00:00,17,7,10
2018-01-06 09:00:00,26,11,15
2018-01-06 10:00:00,33,20,13
2018-01-06 11:00:00,36,14,22
2018-01-06 12:00:00,26,11,15
2018-01-06 13:00:00,34,20,14
2018-01-06 14:00:00,54,23,31
2018-01-06 15:00:00,57,29,28
2018-01-06 16:00:00,49,26,23
2018-01-06 17:00:00,15,6,9
2018-01-06 18:00:00,2,2,0
2018-01-06 19:00:00,1,1,0
2018-01-06 20:00:00,2,1,1
2018-01-06 21:00:00,2,1,1
2018-01-06 22:00:00,0,0,0
2018-01-06 23:00:00,0,0,0
2018-01-07 00:00:00,0,0,0
2018-01-07 01:00:00,0,0,0
2018-01-07 02:00:00,0,0,0
2018-01-07 03:00:00,0,0,0
2018-01-07 04:00:00,0,0,0
2018-01-07 05:00:00,0,0,0
2018-01-07 06:00:00,1,0,1
2018-01-07 07:00:00,4,2,2
2018-01-07 08:00:00,15,5,10
2018-01-07 09:00:00,27,16,11
2018-01-07 10:00:00,37,19,18
2018-01-07 11:00:00,55,28,27
2018-01-07 12:00:00,44,22,22
2018-01-07 13:00:00,21,9,12
2018-01-07 14:00:00,23,13,10
2018-01-07 15:00:00,28,14,14
2018-01-07 16:00:00,29,14,15
2018-01-07 17:00:00,3,3,0
2018-01-07 18:00:00,0,0,0
2018-01-07 19:00:00,0,0,0
2018-01-07 20:00:00,0,0,0
2018-01-07 21:00:00,0,0,0
2018-01-07 22:00:00,0,0,0
2018-01-07 23:00:00,0,0,0
2018-01-08 00:00:00,0,0,0
2018-01-08 01:00:00,0,0,0
2018-01-08 02:00:00,0,0,0
2018-01-08 03:00:00,0,0,0
2018-01-08 04:00:00,0,0,0
2018-01-08 05:00:00,0,0,0
2018-01-08 06:00:00,4,3,1
2018-01-08 07:00:00,18,12,6
2018-01-08 08:00:00,27,12,15
2018-01-08 09:00:00,24,14,10
2018-01-08 10:00:00,27,19,8
2018-01-08 11:00:00,15,6,9
2018-01-08 12:00:00,17,9,8
2018-01-08 13:00:00,18,9,9
2018-01-08 14:00:00,29,19,10
2018-01-08 15:00:00,19,8,11
2018-01-08 16:00:00,27,15,12
2018-01-08 17:00:00,18,13,5
2018-01-08 18:00:00,11,4,7
2018-01-08 19:00:00,2,1,1
2018-01-08 20:00:00,0,0,0
2018-01-08 21:00:00,0,0,0
2018-01-08 22:00:00,0,0,0
2018-01-08 23:00:00,0,0,0
2018-01-09 00:00:00,0,0,0
2018-01-09 01:00:00,0,0,0
2018-01-09 02:00:00,0,0,0
2018-01-09 03:00:00,0,0,0
2018-01-09 04:00:00,0,0,0
2018-01-09 05:00:00,2,1,1
2018-01-09 06:00:00,8,5,3
2018-01-09 07:00:00,14,7,7
2018-01-09 08:00:00,10,7,3
2018-01-09 09:00:00,17,8,9
2018-01-09 10:00:00,17,9,8
2018-01-09 11:00:00,7,4,3
2018-01-09 12:00:00,16,7,9
2018-01-09 13:00:00,14,6,8
2018-01-09 14:00:00,7,3,4
2018-01-09 15:00:00,18,8,10
2018-01-09 16:00:00,23,12,11
2018-01-09 17:00:00,9,4,5
2018-01-09 18:00:00,3,2,1
2018-01-09 19:00:00,2,1,1
2018-01-09 20:00:00,1,0,1
2018-01-09 21:00:00,0,0,0
2018-01-09 22:00:00,1,1,0
2018-01-09 23:00:00,0,0,0
2018-01-10 00:00:00,0,0,0
2018-01-10 01:00:00,0,0,0
2018-01-10 02:00:00,0,0,0
2018-01-10 03:00:00,0,0,0
2018-01-10 04:00:00,0,0,0
2018-01-10 05:00:00,8,4,4
2018-01-10 06:00:00,3,1,2
2018-01-10 07:00:00,20,12,8
2018-01-10 08:00:00,10,3,7
2018-01-10 09:00:00,21,11,10
2018-01-10 10:00:00,13,5,8
2018-01-10 11:00:00,15,10,5
2018-01-10 12:00:00,12,4,8
2018-01-10 13:00:00,12,7,5
2018-01-10 14:00:00,18,7,11
2018-01-10 15:00:00,17,7,10
2018-01-10 16:00:00,13,6,7
2018-01-10 17:00:00,13,10,3
2018-01-10 18:00:00,4,1,3
2018-01-10 19:00:00,3,1,2
2018-01-10 20:00:00,0,0,0
2018-01-10 21:00:00,2,1,1
2018-01-10 22:00:00,0,0,0
2018-01-10 23:00:00,0,0,0
2018-01-11 00:00:00,0,0,0
2018-01-11 01:00:00,0,0,0
2018-01-11 02:00:00,0,0,0
2018-01-11 03:00:00,0,0,0
2018-01-11 04:00:00,0,0,0
2018-01-11 05:00:00,2,1,1
2018-01-11 06:00:00,0,0,0
2018-01-11 07:00:00,10,6,4
2018-01-11 08:00:00,8,6,2
2018-01-11 09:00:00,8,2,6
2018-01-11 10:00:00,7,3,4
2018-01-11 11:00:00,6,5,1
2018-01-11 12:00:00,4,2,2
2018-01-11 13:00:00,17,7,10
2018-01-11 14:00:00,22,12,10
2018-01-11 15:00:00,30,15,15
2018-01-11 16:00:00,26,9,17
2018-01-11 17:00:00,18,11,7
2018-01-11 18:00:00,3,1,2
2018-01-11 19:00:00,6,3,3
2018-01-11 20:00:00,0,0,0
2018-01-11 21:00:00,3,1,2
2018-01-11 22:00:00,0,0,0
2018-01-11 23:00:00,0,0,0
2018-01-12 00:00:00,0,0,0
2018-01-12 01:00:00,0,0,0
2018-01-12 02:00:00,0,0,0
2018-01-12 03:00:00,0,0,0
2018-01-12 04:00:00,2,1,1
2018-01-12 05:00:00,1,0,1
2018-01-12 06:00:00,3,3,0
2018-01-12 07:00:00,8,6,2
2018-01-12 08:00:00,18,9,9
2018-01-12 09:00:00,26,15,11
2018-01-12 10:00:00,17,8,9
2018-01-12 11:00:00,13,7,6
2018-01-12 12:00:00,15,8,7
2018-01-12 13:00:00,24,12,12
2018-01-12 14:00:00,14,7,7
2018-01-12 15:00:00,24,15,9
2018-01-12 16:00:00,23,11,12
2018-01-12 17:00:00,14,8,6
2018-01-12 18:00:00,5,2,3
2018-01-12 19:00:00,3,2,1
2018-01-12 20:00:00,3,2,1
2018-01-12 21:00:00,1,1,0
2018-01-12 22:00:00,0,0,0
2018-01-12 23:00:00,0,0,0
2018-01-13 00:00:00,0,0,0
2018-01-13 01:00:00,0,0,0
2018-01-13 02:00:00,0,0,0
2018-01-13 03:00:00,0,0,0
2018-01-13 04:00:00,1,0,1
2018-01-13 05:00:00,0,0,0
2018-01-13 06:00:00,4,2,2
2018-01-13 07:00:00,4,1,3
2018-01-13 08:00:00,32,16,16
2018-01-13 09:00:00,70,33,37
2018-01-13 10:00:00,45,24,21
2018-01-13 11:00:00,45,20,25
2018-01-13 12:00:00,38,22,16
2018-01-13 13:00:00,49,25,24
2018-01-13 14:00:00,45,23,22
2018-01-13 15:00:00,40,19,21
2018-01-13 16:00:00,36,19,17
2018-01-13 17:00:00,17,9,8
2018-01-13 18:00:00,6,6,0
2018-01-13 19:00:00,0,0,0
2018-01-13 20:00:00,0,0,0
2018-01-13 21:00:00,1,1,0
2018-01-13 22:00:00,0,0,0
2018-01-13 23:00:00,0,0,0
2018-01-14 00:00:00,0,0,0
2018-01-14 01:00:00,1,1,0
2018-01-14 02:00:00,0,0,0
2018-01-14 03:00:00,0,0,0
2018-01-14 04:00:00,0,0,0
2018-01-14 05:00:00,0,0,0
2018-01-14 06:00:00,0,0,0
2018-01-14 07:00:00,7,3,4
2018-01-14 08:00:00,21,10,11
2018-01-14 09:00:00,36,16,20
2018-01-14 10:00:00,54,30,24
2018-01-14 11:00:00,31,18,13
2018-01-14 12:00:00,22,13,9
2018-01-14 13:00:00,36,18,18
2018-01-14 14:00:00,60,35,25
2018-01-14 15:00:00,49,26,23
2018-01-14 16:00:00,35,23,12
2018-01-14 17:00:00,8,6,2
2018-01-14 18:00:00,1,0,1
2018-01-14 19:00:00,2,1,1
2018-01-14 20:00:00,0,0,0
2018-01-14 21:00:00,1,0,1
2018-01-14 22:00:00,3,2,1
2018-01-14 23:00:00,0,0,0
2018-01-15 00:00:00,0,0,0
2018-01-15 01:00:00,0,0,0
2018-01-15 02:00:00,0,0,0
2018-01-15 03:00:00,0,0,0
2018-01-15 04:00:00,0,0,0
2018-01-15 05:00:00,0,0,0
2018-01-15 06:00:00,4,2,2
2018-01-15 07:00:00,3,3,0
2018-01-15 08:00:00,8,5,3
2018-01-15 09:00:00,31,16,15
2018-01-15 10:00:00,21,9,12
2018-01-15 11:00:00,23,13,10
2018-01-15 12:00:00,23,13,10
2018-01-15 13:00:00,17,9,8
2018-01-15 14:00:00,33,16,17
2018-01-15 15:00:00,40,23,17
2018-01-15 16:00:00,57,31,26
2018-01-15 17:00:00,11,7,4
2018-01-15 18:00:00,6,0,6
2018-01-15 19:00:00,5,4,1
2018-01-15 20:00:00,3,1,2
2018-01-15 21:00:00,0,0,0
2018-01-15 22:00:00,0,0,0
2018-01-15 23:00:00,1,0,1
2018-01-16 00:00:00,0,0,0
2018-01-16 01:00:00,0,0,0
2018-01-16 02:00:00,0,0,0
2018-01-16 03:00:00,1,0,1
2018-01-16 04:00:00,0,0,0
2018-01-16 05:00:00,0,0,0
2018-01-16 06:00:00,3,1,2
2018-01-16 07:00:00,3,2,1
2018-01-16 08:00:00,21,10,11
2018-01-16 09:00:00,9,5,4
2018-01-16 10:00:00,19,8,11
2018-01-16 11:00:00,19,9,10
2018-01-16 12:00:00,21,12,9
2018-01-16 13:00:00,16,10,6
2018-01-16 14:00:00,25,12,13
2018-01-16 15:00:00,23,11,12
2018-01-16 16:00:00,17,8,9
2018-01-16 17:00:00,29,16,13
2018-01-16 18:00:00,2,1,1
2018-01-16 19:00:00,0,0,0
2018-01-16 20:00:00,3,1,2
2018-01-16 21:00:00,2,1,1
2018-01-16 22:00:00,0,0,0
2018-01-16 23:00:00,0,0,0
2018-01-17 00:00:00,0,0,0
2018-01-17 01:00:00,0,0,0
2018-01-17 02:00:00,0,0,0
2018-01-17 03:00:00,0,0,0
2018-01-17 04:00:00,0,0,0
2018-01-17 05:00:00,0,0,0
2018-01-17 06:00:00,10,6,4
2018-01-17 07:00:00,7,5,2
2018-01-17 08:00:00,19,10,9
2018-01-17 09:00:00,26,15,11
2018-01-17 10:00:00,20,11,9
2018-01-17 11:00:00,25,10,15
2018-01-17 12:00:00,16,9,7
2018-01-17 13:00:00,13,6,7
2018-01-17 14:00:00,4,2,2
2018-01-17 15:00:00,5,2,3
2018-01-17 16:00:00,10,6,4
2018-01-17 17:00:00,3,2,1
2018-01-17 18:00:00,1,0,1
2018-01-17 19:00:00,8,4,4
2018-01-17 20:00:00,2,1,1
2018-01-17 21:00:00,1,1,0
2018-01-17 22:00:00,0,0,0
2018-01-17 23:00:00,0,0,0
2018-01-18 00:00:00,0,0,0
2018-01-18 01:00:00,0,0,0
2018-01-18 02:00:00,0,0,0
2018-01-18 03:00:00,1,0,1
2018-01-18 04:00:00,0,0,0
2018-01-18 05:00:00,0,0,0
2018-01-18 06:00:00,3,2,1
2018-01-18 07:00:00,8,5,3
2018-01-18 08:00:00,14,6,8
2018-01-18 09:00:00,19,7,12
2018-01-18 10:00:00,31,15,16
2018-01-18 11:00:00,18,10,8
2018-01-18 12:00:00,35,21,14
2018-01-18 13:00:00,15,7,8
2018-01-18 14:00:00,2,2,0
2018-01-18 15:00:00,11,4,7
2018-01-18 16:00:00,24,11,13
2018-01-18 17:00:00,10,5,5
2018-01-18 18:00:00,2,0,2
2018-01-18 19:00:00,6,3,3
2018-01-18 20:00:00,0,0,0
2018-01-18 21:00:00,3,2,1
2018-01-18 22:00:00,2,1,1
2018-01-18 23:00:00,0,0,0
2018-01-19 00:00:00,0,0,0
2018-01-19 01:00:00,0,0,0
2018-01-19 02:00:00,0,0,0
2018-01-19 03:00:00,0,0,0
2018-01-19 04:00:00,0,0,0
2018-01-19 05:00:00,0,0,0
2018-01-19 06:00:00,12,6,6
2018-01-19 07:00:00,13,7,6
2018-01-19 08:00:00,22,12,10
2018-01-19 09:00:00,28,16,12
2018-01-19 10:00:00,34,16,18
2018-01-19 11:00:00,22,9,13
2018-01-19 12:00:00,18,12,6
2018-01-19 13:00:00,20,9,11
2018-01-19 14:00:00,17,9,8
2018-01-19 15:00:00,14,8,6
2018-01-19 16:00:00,26,10,16
2018-01-19 17:00:00,4,3,1
2018-01-19 18:00:00,11,6,5
2018-01-19 19:00:00,4,1,3
2018-01-19 20:00:00,2,1,1
2018-01-19 21:00:00,2,1,1
2018-01-19 22:00:00,0,0,0
2018-01-19 23:00:00,0,0,0
2018-01-20 00:00:00,0,0,0
2018-01-20 01:00:00,0,0,0
2018-01-20 02:00:00,0,0,0
2018-01-20 03:00:00,0,0,0
2018-01-20 04:00:00,0,0,0
2018-01-20 05:00:00,0,0,0
2018-01-20 06:00:00,2,1,1
2018-01-20 07:00:00,7,2,5
2018-01-20 08:00:00,20,8,12
2018-01-20 09:00:00,33,15,18
2018-01-20 10:00:00,60,25,35
2018-01-20 11:00:00,55,27,28
2018-01-20 12:00:00,32,19,13
2018-01-20 13:00:00,27,10,17
2018-01-20 14:00:00,32,17,15
2018-01-20 15:00:00,36,16,20
2018-01-20 16:00:00,34,19,15
2018-01-20 17:00:00,4,3,1
2018-01-20 18:00:00,5,3,2
2018-01-20 19:00:00,3,2,1
2018-01-20 20:00:00,2,0,2
2018-01-20 21:00:00,1,1,0
2018-01-20 22:00:00,0,0,0
2018-01-20 23:00:00,0,0,0
2018-01-21 00:00:00,0,0,0
2018-01-21 01:00:00,0,0,0
2018-01-21 02:00:00,0,0,0
2018-01-21 03:00:00,0,0,0
2018-01-21 04:00:00,0,0,0
2018-01-21 05:00:00,0,0,0
2018-01-21 06:00:00,0,0,0
2018-01-21 07:00:00,3,1,2
2018-01-21 08:00:00,19,5,14
2018-01-21 09:00:00,26,12,14
2018-01-21 10:00:00,53,30,23
2018-01-21 11:00:00,38,14,24
2018-01-21 12:00:00,35,21,14
2018-01-21 13:00:00,42,14,28
2018-01-21 14:00:00,37,23,14
2018-01-21 15:00:00,27,11,16
2018-01-21 16:00:00,17,9,8
2018-01-21 17:00:00,4,3,1
2018-01-21 18:00:00,1,1,0
2018-01-21 19:00:00,0,0,0
2018-01-21 20:00:00,2,2,0
2018-01-21 21:00:00,0,0,0
2018-01-21 22:00:00,0,0,0
2018-01-21 23:00:00,0,0,0
2018-01-22 00:00:00,0,0,0
2018-01-22 01:00:00,0,0,0
2018-01-22 02:00:00,0,0,0
2018-01-22 03:00:00,0,0,0
2018-01-22 04:00:00,0,0,0
2018-01-22 05:00:00,0,0,0
2018-01-22 06:00:00,4,2,2
2018-01-22 07:00:00,12,7,5
2018-01-22 08:00:00,12,5,7
2018-01-22 09:00:00,26,15,11
2018-01-22 10:00:00,20,7,13
2018-01-22 11:00:00,19,9,10
2018-01-22 12:00:00,13,8,5
2018-01-22 13:00:00,19,10,9
2018-01-22 14:00:00,26,12,14
2018-01-22 15:00:00,22,11,11
2018-01-22 16:00:00,22,9,13
2018-01-22 17:00:00,17,10,7
2018-01-22 18:00:00,10,7,3
2018-01-22 19:00:00,10,5,5
2018-01-22 20:00:00,0,0,0
2018-01-22 21:00:00,3,1,2
2018-01-22 22:00:00,2,2,0
2018-01-22 23:00:00,0,0,0
2018-01-23 00:00:00,0,0,0
2018-01-23 01:00:00,0,0,0
2018-01-23 02:00:00,0,0,0
2018-01-23 03:00:00,0,0,0
2018-01-23 04:00:00,0,0,0
2018-01-23 05:00:00,1,0,1
2018-01-23 06:00:00,6,4,2
2018-01-23 07:00:00,10,6,4
2018-01-23 08:00:00,18,10,8
2018-01-23 09:00:00,15,8,7
2018-01-23 10:00:00,14,7,7
2018-01-23 11:00:00,7,3,4
2018-01-23 12:00:00,5,4,1
2018-01-23 13:00:00,13,7,6
2018-01-23 14:00:00,9,4,5
2018-01-23 15:00:00,12,9,3
2018-01-23 16:00:00,8,2,6
2018-01-23 17:00:00,10,5,5
2018-01-23 18:00:00,1,1,0
2018-01-23 19:00:00,0,0,0
2018-01-23 20:00:00,0,0,0
2018-01-23 21:00:00,0,0,0
2018-01-23 22:00:00,2,1,1
2018-01-23 23:00:00,0,0,0
2018-01-24 00:00:00,0,0,0
2018-01-24 01:00:00,0,0,0
2018-01-24 02:00:00,0,0,0
2018-01-24 03:00:00,0,0,0
2018-01-24 04:00:00,0,0,0
2018-01-24 05:00:00,3,1,2
2018-01-24 06:00:00,14,9,5
2018-01-24 07:00:00,9,8,1
2018-01-24 08:00:00,18,8,10
2018-01-24 09:00:00,20,12,8
2018-01-24 10:00:00,19,12,7
2018-01-24 11:00:00,19,9,10
2018-01-24 12:00:00,13,7,6
2018-01-24 13:00:00,9,7,2
2018-01-24 14:00:00,8,5,3
2018-01-24 15:00:00,18,8,10
2018-01-24 16:00:00,27,11,16
2018-01-24 17:00:00,18,9,9
2018-01-24 18:00:00,9,4,5
2018-01-24 19:00:00,7,3,4
2018-01-24 20:00:00,3,2,1
2018-01-24 21:00:00,0,0,0
2018-01-24 22:00:00,0,0,0
2018-01-24 23:00:00,0,0,0
2018-01-25 00:00:00,0,0,0
2018-01-25 01:00:00,0,0,0
2018-01-25 02:00:00,0,0,0
2018-01-25 03:00:00,0,0,0
2018-01-25 04:00:00,0,0,0
2018-01-25 05:00:00,0,0,0
2018-01-25 06:00:00,8,4,4
2018-01-25 07:00:00,14,6,8
2018-01-25 08:00:00,15,9,6
2018-01-25 09:00:00,26,11,15
2018-01-25 10:00:00,30,19,11
2018-01-25 11:00:00,21,8,13
2018-01-25 12:00:00,14,8,6
2018-01-25 13:00:00,14,5,9
2018-01-25 14:00:00,13,8,5
2018-01-25 15:00:00,21,9,12
2018-01-25 16:00:00,31,18,13
2018-01-25 17:00:00,14,8,6
2018-01-25 18:00:00,5,2,3
2018-01-25 19:00:00,3,2,1
2018-01-25 20:00:00,1,1,0
2018-01-25 21:00:00,2,1,1
2018-01-25 22:00:00,0,0,0
2018-01-25 23:00:00,0,0,0
2018-01-26 00:00:00,0,0,0
2018-01-26 01:00:00,0,0,0
2018-01-26 02:00:00,0,0,0
2018-01-26 03:00:00,4,1,3
2018-01-26 04:00:00,2,2,0
2018-01-26 05:00:00,0,0,0
2018-01-26 06:00:00,8,3,5
2018-01-26 07:00:00,11,7,4
2018-01-26 08:00:00,18,8,10
2018-01-26 09:00:00,29,16,13
2018-01-26 10:00:00,21,11,10
2018-01-26 11:00:00,11,4,7
2018-01-26 12:00:00,30,16,14
2018-01-26 13:00:00,10,7,3
2018-01-26 14:00:00,13,6,7
2018-01-26 15:00:00,15,6,9
2018-01-26 16:00:00,31,16,15
2018-01-26 17:00:00,8,5,3
2018-01-26 18:00:00,5,3,2
2018-01-26 19:00:00,2,0,2
2018-01-26 20:00:00,0,0,0
2018-01-26 21:00:00,0,0,0
2018-01-26 22:00:00,2,1,1
2018-01-26 23:00:00,0,0,0
2018-01-27 00:00:00,0,0,0
2018-01-27 01:00:00,0,0,0
2018-01-27 02:00:00,0,0,0
2018-01-27 03:00:00,0,0,0
2018-01-27 04:00:00,0,0,0
2018-01-27 05:00:00,0,0,0
2018-01-27 06:00:00,0,0,0
2018-01-27 07:00:00,9,5,4
2018-01-27 08:00:00,22,10,12
2018-01-27 09:00:00,19,7,12
2018-01-27 10:00:00,35,21,14
2018-01-27 11:00:00,30,12,18
2018-01-27 12:00:00,39,20,19
2018-01-27 13:00:00,38,19,19
2018-01-27 14:00:00,38,17,21
2018-01-27 15:00:00,35,18,17
2018-01-27 16:00:00,33,16,17
2018-01-27 17:00:00,6,3,3
2018-01-27 18:00:00,7,4,3
2018-01-27 19:00:00,3,3,0
2018-01-27 20:00:00,0,0,0
2018-01-27 21:00:00,3,2,1
2018-01-27 22:00:00,0,0,0
2018-01-27 23:00:00,0,0,0
2018-01-28 00:00:00,0,0,0
2018-01-28 01:00:00,0,0,0
2018-01-28 02:00:00,0,0,0
2018-01-28 03:00:00,0,0,0
2018-01-28 04:00:00,0,0,0
2018-01-28 05:00:00,0,0,0
2018-01-28 06:00:00,3,1,2
2018-01-28 07:00:00,10,4,6
2018-01-28 08:00:00,31,16,15
2018-01-28 09:00:00,37,14,23
2018-01-28 10:00:00,42,25,17
2018-01-28 11:00:00,45,24,21
2018-01-28 12:00:00,28,14,14
2018-01-28 13:00:00,41,22,19
2018-01-28 14:00:00,37,17,20
2018-01-28 15:00:00,41,28,13
2018-01-28 16:00:00,37,16,21
2018-01-28 17:00:00,23,13,10
2018-01-28 18:00:00,3,3,0
2018-01-28 19:00:00,4,0,4
2018-01-28 20:00:00,1,0,1
2018-01-28 21:00:00,1,1,0
2018-01-28 22:00:00,1,0,1
2018-01-28 23:00:00,5,3,2
2018-01-29 00:00:00,0,0,0
2018-01-29 01:00:00,2,1,1
2018-01-29 02:00:00,0,0,0
2018-01-29 03:00:00,0,0,0
2018-01-29 04:00:00,0,0,0
2018-01-29 05:00:00,1,0,1
2018-01-29 06:00:00,9,5,4
2018-01-29 07:00:00,10,8,2
2018-01-29 08:00:00,16,10,6
2018-01-29 09:00:00,12,8,4
2018-01-29 10:00:00,21,10,11
2018-01-29 11:00:00,7,3,4
2018-01-29 12:00:00,10,6,4
2018-01-29 13:00:00,13,7,6
2018-01-29 14:00:00,13,7,6
2018-01-29 15:00:00,6,3,3
2018-01-29 16:00:00,8,3,5
2018-01-29 17:00:00,15,9,6
2018-01-29 18:00:00,5,2,3
2018-01-29 19:00:00,2,1,1
2018-01-29 20:00:00,0,0,0
2018-01-29 21:00:00,2,1,1
2018-01-29 22:00:00,0,0,0
2018-01-29 23:00:00,1,1,0
2018-01-30 00:00:00,0,0,0
2018-01-30 01:00:00,0,0,0
2018-01-30 02:00:00,0,0,0
2018-01-30 03:00:00,1,1,0
2018-01-30 04:00:00,1,0,1
2018-01-30 05:00:00,1,0,1
2018-01-30 06:00:00,4,2,2
2018-01-30 07:00:00,20,10,10
2018-01-30 08:00:00,14,7,7
2018-01-30 09:00:00,24,14,10
2018-01-30 10:00:00,27,15,12
2018-01-30 11:00:00,20,10,10
2018-01-30 12:00:00,13,6,7
2018-01-30 13:00:00,11,6,5
2018-01-30 14:00:00,14,6,8
2018-01-30 15:00:00,24,11,13
2018-01-30 16:00:00,38,18,20
2018-01-30 17:00:00,29,15,14
2018-01-30 18:00:00,6,3,3
2018-01-30 19:00:00,2,1,1
2018-01-30 20:00:00,0,0,0
2018-01-30 21:00:00,1,1,0
2018-01-30 22:00:00,2,1,1
2018-01-30 23:00:00,0,0,0
2018-01-31 00:00:00,0,0,0
2018-01-31 01:00:00,0,0,0
2018-01-31 02:00:00,0,0,0
2018-01-31 03:00:00,0,0,0
2018-01-31 04:00:00,0,0,0
2018-01-31 05:00:00,8,5,3
2018-01-31 06:00:00,31,27,4
2018-01-31 07:00:00,10,6,4
2018-01-31 08:00:00,16,10,6
2018-01-31 09:00:00,20,11,9
2018-01-31 10:00:00,29,14,15
2018-01-31 11:00:00,23,11,12
2018-01-31 12:00:00,15,7,8
2018-01-31 13:00:00,17,7,10
2018-01-31 14:00:00,8,6,2
2018-01-31 15:00:00,13,4,9
2018-01-31 16:00:00,24,11,13
2018-01-31 17:00:00,14,8,6
2018-01-31 18:00:00,8,3,5
2018-01-31 19:00:00,7,3,4
2018-01-31 20:00:00,1,0,1
2018-01-31 21:00:00,0,0,0
2018-01-31 22:00:00,0,0,0
2018-01-31 23:00:00,0,0,0
2018-02-01 00:00:00,0,0,0
2018-02-01 01:00:00,0,0,0
2018-02-01 02:00:00,0,0,0
2018-02-01 03:00:00,0,0,0
2018-02-01 04:00:00,0,0,0
2018-02-01 05:00:00,1,0,1
2018-02-01 06:00:00,10,5,5
2018-02-01 07:00:00,21,12,9
2018-02-01 08:00:00,22,14,8
2018-02-01 09:00:00,23,9,14
2018-02-01 10:00:00,12,7,5
2018-02-01 11:00:00,20,11,9
2018-02-01 12:00:00,4,2,2
2018-02-01 13:00:00,6,4,2
2018-02-01 14:00:00,9,3,6
2018-02-01 15:00:00,13,8,5
2018-02-01 16:00:00,18,8,10
2018-02-01 17:00:00,11,6,5
2018-02-01 18:00:00,5,2,3
2018-02-01 19:00:00,1,1,0
2018-02-01 20:00:00,2,1,1
2018-02-01 21:00:00,0,0,0
2018-02-01 22:00:00,1,1,0
2018-02-01 23:00:00,0,0,0
2018-02-02 00:00:00,0,0,0
2018-02-02 01:00:00,0,0,0
2018-02-02 02:00:00,0,0,0
2018-02-02 03:00:00,0,0,0
2018-02-02 04:00:00,0,0,0
2018-02-02 05:00:00,0,0,0
2018-02-02 06:00:00,4,1,3
2018-02-02 07:00:00,8,6,2
2018-02-02 08:00:00,24,14,10
2018-02-02 09:00:00,17,11,6
2018-02-02 10:00:00,11,5,6
2018-02-02 11:00:00,7,3,4
2018-02-02 12:00:00,18,11,7
2018-02-02 13:00:00,20,8,12
2018-02-02 14:00:00,19,10,9
2018-02-02 15:00:00,17,9,8
2018-02-02 16:00:00,36,17,19
2018-02-02 17:00:00,13,7,6
2018-02-02 18:00:00,7,5,2
2018-02-02 19:00:00,2,1,1
2018-02-02 20:00:00,1,0,1
2018-02-02 21:00:00,0,0,0
2018-02-02 22:00:00,2,1,1
2018-02-02 23:00:00,0,0,0
2018-02-03 00:00:00,0,0,0
2018-02-03 01:00:00,0,0,0
2018-02-03 02:00:00,0,0,0
2018-02-03 03:00:00,0,0,0
2018-02-03 04:00:00,0,0,0
2018-02-03 05:00:00,0,0,0
2018-02-03 06:00:00,2,1,1
2018-02-03 07:00:00,15,9,6
2018-02-03 08:00:00,38,13,25
2018-02-03 09:00:00,71,36,35
2018-02-03 10:00:00,77,40,37
2018-02-03 11:00:00,53,28,25
2018-02-03 12:00:00,58,34,24
2018-02-03 13:00:00,39,21,18
2018-02-03 14:00:00,37,16,21
2018-02-03 15:00:00,31,16,15
2018-02-03 16:00:00,23,12,11
2018-02-03 17:00:00,10,7,3
2018-02-03 18:00:00,4,2,2
2018-02-03 19:00:00,1,0,1
2018-02-03 20:00:00,1,1,0
2018-02-03 21:00:00,3,2,1
2018-02-03 22:00:00,0,0,0
2018-02-03 23:00:00,0,0,0
2018-02-04 00:00:00,0,0,0
2018-02-04 01:00:00,2,1,1
2018-02-04 02:00:00,0,0,0
2018-02-04 03:00:00,0,0,0
2018-02-04 04:00:00,0,0,0
2018-02-04 05:00:00,0,0,0
2018-02-04 06:00:00,1,0,1
2018-02-04 07:00:00,7,2,5
2018-02-04 08:00:00,31,15,16
2018-02-04 09:00:00,47,21,26
2018-02-04 10:00:00,53,28,25
2018-02-04 11:00:00,55,31,24
2018-02-04 12:00:00,35,19,16
2018-02-04 13:00:00,47,19,28
2018-02-04 14:00:00,67,30,37
2018-02-04 15:00:00,51,33,18
2018-02-04 16:00:00,34,15,19
2018-02-04 17:00:00,13,10,3
2018-02-04 18:00:00,6,2,4
2018-02-04 19:00:00,0,0,0
2018-02-04 20:00:00,0,0,0
2018-02-04 21:00:00,0,0,0
2018-02-04 22:00:00,0,0,0
2018-02-04 23:00:00,0,0,0
2018-02-05 00:00:00,0,0,0
2018-02-05 01:00:00,0,0,0
2018-02-05 02:00:00,0,0,0
2018-02-05 03:00:00,0,0,0
2018-02-05 04:00:00,0,0,0
2018-02-05 05:00:00,1,0,1
2018-02-05 06:00:00,6,2,4
2018-02-05 07:00:00,11,6,5
2018-02-05 08:00:00,13,7,6
2018-02-05 09:00:00,20,12,8
2018-02-05 10:00:00,24,14,10
2018-02-05 11:00:00,20,9,11
2018-02-05 12:00:00,21,11,10
2018-02-05 13:00:00,17,10,7
2018-02-05 14:00:00,26,8,18
2018-02-05 15:00:00,26,14,12
2018-02-05 16:00:00,16,10,6
2018-02-05 17:00:00,22,11,11
2018-02-05 18:00:00,5,1,4
2018-02-05 19:00:00,7,3,4
2018-02-05 20:00:00,3,2,1
2018-02-05 21:00:00,0,0,0
2018-02-05 22:00:00,1,0,1
2018-02-05 23:00:00,0,0,0
2018-02-06 00:00:00,0,0,0
2018-02-06 01:00:00,0,0,0
2018-02-06 02:00:00,0,0,0
2018-02-06 03:00:00,0,0,0
2018-02-06 04:00:00,0,0,0
2018-02-06 05:00:00,1,1,0
2018-02-06 06:00:00,10,6,4
2018-02-06 07:00:00,12,6,6
2018-02-06 08:00:00,30,19,11
2018-02-06 09:00:00,17,8,9
2018-02-06 10:00:00,15,7,8
2018-02-06 11:00:00,12,5,7
2018-02-06 12:00:00,9,4,5
2018-02-06 13:00:00,15,9,6
2018-02-06 14:00:00,18,9,9
2018-02-06 15:00:00,23,11,12
2018-02-06 16:00:00,19,8,11
2018-02-06 17:00:00,38,28,10
2018-02-06 18:00:00,8,5,3
2018-02-06 19:00:00,10,10,0
2018-02-06 20:00:00,4,1,3
2018-02-06 21:00:00,1,1,0
2018-02-06 22:00:00,1,1,0
2018-02-06 23:00:00,3,3,0
2018-02-07 00:00:00,4,3,1
2018-02-07 01:00:00,3,3,0
2018-02-07 02:00:00,5,5,0
2018-02-07 03:00:00,0,0,0
2018-02-07 04:00:00,0,0,0
2018-02-07 05:00:00,1,0,1
2018-02-07 06:00:00,18,11,7
2018-02-07 07:00:00,17,12,5
2018-02-07 08:00:00,28,15,13
2018-02-07 09:00:00,23,14,9
2018-02-07 10:00:00,32,22,10
2018-02-07 11:00:00,36,24,12
2018-02-07 12:00:00,23,16,7
2018-02-07 13:00:00,40,29,11
2018-02-07 14:00:00,17,15,2
2018-02-07 15:00:00,89,74,15
2018-02-07 16:00:00,58,47,11
2018-02-07 17:00:00,86,69,17
2018-02-07 18:00:00,12,9,3
2018-02-07 19:00:00,6,2,4
2018-02-07 20:00:00,3,2,1
2018-02-07 21:00:00,2,1,1
2018-02-07 22:00:00,0,0,0
2018-02-07 23:00:00,0,0,0
2018-02-08 00:00:00,2,2,0
2018-02-08 01:00:00,5,5,0
2018-02-08 02:00:00,1,0,1
2018-02-08 03:00:00,0,0,0
2018-02-08 04:00:00,0,0,0
2018-02-08 05:00:00,1,1,0
2018-02-08 06:00:00,3,1,2
2018-02-08 07:00:00,19,13,6
2018-02-08 08:00:00,41,30,11
2018-02-08 09:00:00,32,19,13
2018-02-08 10:00:00,13,7,6
2018-02-08 11:00:00,23,12,11
2018-02-08 12:00:00,79,73,6
2018-02-08 13:00:00,29,26,3
2018-02-08 14:00:00,11,5,6
2018-02-08 15:00:00,7,3,4
2018-02-08 16:00:00,26,11,15
2018-02-08 17:00:00,12,8,4
2018-02-08 18:00:00,6,3,3
2018-02-08 19:00:00,3,3,0
2018-02-08 20:00:00,3,2,1
2018-02-08 21:00:00,1,0,1
2018-02-08 22:00:00,5,4,1
2018-02-08 23:00:00,0,0,0
2018-02-09 00:00:00,0,0,0
2018-02-09 01:00:00,0,0,0
2018-02-09 02:00:00,0,0,0
2018-02-09 03:00:00,1,1,0
2018-02-09 04:00:00,0,0,0
2018-02-09 05:00:00,2,2,0
2018-02-09 06:00:00,12,6,6
2018-02-09 07:00:00,16,8,8
2018-02-09 08:00:00,20,13,7
2018-02-09 09:00:00,24,13,11
2018-02-09 10:00:00,12,7,5
2018-02-09 11:00:00,23,9,14
2018-02-09 12:00:00,27,14,13
2018-02-09 13:00:00,20,11,9
2018-02-09 14:00:00,12,6,6
2018-02-09 15:00:00,19,9,10
2018-02-09 16:00:00,27,11,16
2018-02-09 17:00:00,29,15,14
2018-02-09 18:00:00,4,1,3
2018-02-09 19:00:00,3,2,1
2018-02-09 20:00:00,3,1,2
2018-02-09 21:00:00,0,0,0
2018-02-09 22:00:00,3,1,2
2018-02-09 23:00:00,0,0,0
2018-02-10 00:00:00,0,0,0
2018-02-10 01:00:00,0,0,0
2018-02-10 02:00:00,0,0,0
2018-02-10 03:00:00,0,0,0
2018-02-10 04:00:00,0,0,0
2018-02-10 05:00:00,1,0,1
2018-02-10 06:00:00,2,1,1
2018-02-10 07:00:00,14,7,7
2018-02-10 08:00:00,36,15,21
2018-02-10 09:00:00,42,18,24
2018-02-10 10:00:00,53,28,25
2018-02-10 11:00:00,50,22,28
2018-02-10 12:00:00,41,21,20
2018-02-10 13:00:00,42,27,15
2018-02-10 14:00:00,46,21,25
2018-02-10 15:00:00,55,25,30
2018-02-10 16:00:00,22,15,7
2018-02-10 17:00:00,9,5,4
2018-02-10 18:00:00,3,2,1
2018-02-10 19:00:00,0,0,0
2018-02-10 20:00:00,0,0,0
2018-02-10 21:00:00,0,0,0
2018-02-10 22:00:00,0,0,0
2018-02-10 23:00:00,0,0,0
2018-02-11 00:00:00,0,0,0
2018-02-11 01:00:00,0,0,0
2018-02-11 02:00:00,0,0,0
2018-02-11 03:00:00,0,0,0
2018-02-11 04:00:00,0,0,0
2018-02-11 05:00:00,1,1,0
2018-02-11 06:00:00,1,0,1
2018-02-11 07:00:00,6,5,1
2018-02-11 08:00:00,39,15,24
2018-02-11 09:00:00,43,28,15
2018-02-11 10:00:00,35,18,17
2018-02-11 11:00:00,56,29,27
2018-02-11 12:00:00,47,22,25
2018-02-11 13:00:00,45,30,15
2018-02-11 14:00:00,54,33,21
2018-02-11 15:00:00,48,27,21
2018-02-11 16:00:00,42,20,22
2018-02-11 17:00:00,13,10,3
2018-02-11 18:00:00,1,1,0
2018-02-11 19:00:00,0,0,0
2018-02-11 20:00:00,3,1,2
2018-02-11 21:00:00,1,1,0
2018-02-11 22:00:00,0,0,0
2018-02-11 23:00:00,0,0,0
2018-02-12 00:00:00,0,0,0
2018-02-12 01:00:00,0,0,0
2018-02-12 02:00:00,0,0,0
2018-02-12 03:00:00,0,0,0
2018-02-12 04:00:00,0,0,0
2018-02-12 05:00:00,0,0,0
2018-02-12 06:00:00,6,3,3
2018-02-12 07:00:00,8,4,4
2018-02-12 08:00:00,15,8,7
2018-02-12 09:00:00,17,9,8
2018-02-12 10:00:00,24,14,10
2018-02-12 11:00:00,15,5,10
2018-02-12 12:00:00,18,11,7
2018-02-12 13:00:00,22,9,13
2018-02-12 14:00:00,22,11,11
2018-02-12 15:00:00,38,20,18
2018-02-12 16:00:00,23,12,11
2018-02-12 17:00:00,27,13,14
2018-02-12 18:00:00,7,5,2
2018-02-12 19:00:00,5,2,3
2018-02-12 20:00:00,0,0,0
2018-02-12 21:00:00,0,0,0
2018-02-12 22:00:00,0,0,0
2018-02-12 23:00:00,0,0,0
2018-02-13 00:00:00,0,0,0
2018-02-13 01:00:00,0,0,0
2018-02-13 02:00:00,0,0,0
2018-02-13 03:00:00,1,1,0
2018-02-13 04:00:00,0,0,0
2018-02-13 05:00:00,1,0,1
2018-02-13 06:00:00,4,3,1
2018-02-13 07:00:00,12,6,6
2018-02-13 08:00:00,18,13,5
2018-02-13 09:00:00,14,7,7
2018-02-13 10:00:00,17,7,10
2018-02-13 11:00:00,14,5,9
2018-02-13 12:00:00,18,9,9
2018-02-13 13:00:00,12,7,5
2018-02-13 14:00:00,15,9,6
2018-02-13 15:00:00,23,12,11
2018-02-13 16:00:00,27,16,11
2018-02-13 17:00:00,19,8,11
2018-02-13 18:00:00,7,3,4
2018-02-13 19:00:00,10,4,6
2018-02-13 20:00:00,2,2,0
2018-02-13 21:00:00,1,0,1
2018-02-13 22:00:00,1,1,0
2018-02-13 23:00:00,0,0,0
2018-02-14 00:00:00,0,0,0
2018-02-14 01:00:00,0,0,0
2018-02-14 02:00:00,0,0,0
2018-02-14 03:00:00,0,0,0
2018-02-14 04:00:00,0,0,0
2018-02-14 05:00:00,0,0,0
2018-02-14 06:00:00,7,5,2
2018-02-14 07:00:00,9,5,4
2018-02-14 08:00:00,13,9,4
2018-02-14 09:00:00,17,9,8
2018-02-14 10:00:00,9,4,5
2018-02-14 11:00:00,21,13,8
2018-02-14 12:00:00,12,6,6
2018-02-14 13:00:00,16,9,7
2018-02-14 14:00:00,14,7,7
2018-02-14 15:00:00,19,11,8
2018-02-14 16:00:00,21,9,12
2018-02-14 17:00:00,23,13,10
2018-02-14 18:00:00,5,1,4
2018-02-14 19:00:00,6,3,3
2018-02-14 20:00:00,3,2,1
2018-02-14 21:00:00,0,0,0
2018-02-14 22:00:00,2,1,1
2018-02-14 23:00:00,0,0,0
2018-02-15 00:00:00,0,0,0
2018-02-15 01:00:00,0,0,0
2018-02-15 02:00:00,0,0,0
2018-02-15 03:00:00,0,0,0
2018-02-15 04:00:00,0,0,0
2018-02-15 05:00:00,1,0,1
2018-02-15 06:00:00,6,4,2
2018-02-15 07:00:00,13,8,5
2018-02-15 08:00:00,28,12,16
2018-02-15 09:00:00,31,17,14
2018-02-15 10:00:00,15,6,9
2018-02-15 11:00:00,14,6,8
2018-02-15 12:00:00,18,8,10
2018-02-15 13:00:00,14,8,6
2018-02-15 14:00:00,11,5,6
2018-02-15 15:00:00,20,10,10
2018-02-15 16:00:00,27,13,14
2018-02-15 17:00:00,16,6,10
2018-02-15 18:00:00,3,1,2
2018-02-15 19:00:00,0,0,0
2018-02-15 20:00:00,0,0,0
2018-02-15 21:00:00,0,0,0
2018-02-15 22:00:00,0,0,0
2018-02-15 23:00:00,0,0,0
2018-02-16 00:00:00,0,0,0
2018-02-16 01:00:00,0,0,0
2018-02-16 02:00:00,0,0,0
2018-02-16 03:00:00,1,1,0
2018-02-16 04:00:00,0,0,0
2018-02-16 05:00:00,0,0,0
2018-02-16 06:00:00,5,2,3
2018-02-16 07:00:00,12,4,8
2018-02-16 08:00:00,32,16,16
2018-02-16 09:00:00,26,14,12
2018-02-16 10:00:00,29,17,12
2018-02-16 11:00:00,15,7,8
2018-02-16 12:00:00,18,7,11
2018-02-16 13:00:00,18,7,11
2018-02-16 14:00:00,21,10,11
2018-02-16 15:00:00,15,5,10
2018-02-16 16:00:00,16,8,8
2018-02-16 17:00:00,13,8,5
2018-02-16 18:00:00,6,2,4
2018-02-16 19:00:00,0,0,0
2018-02-16 20:00:00,0,0,0
2018-02-16 21:00:00,1,1,0
2018-02-16 22:00:00,0,0,0
2018-02-16 23:00:00,0,0,0
2018-02-17 00:00:00,0,0,0
2018-02-17 01:00:00,2,1,1
2018-02-17 02:00:00,0,0,0
2018-02-17 03:00:00,0,0,0
2018-02-17 04:00:00,0,0,0
2018-02-17 05:00:00,0,0,0
2018-02-17 06:00:00,2,0,2
2018-02-17 07:00:00,12,7,5
2018-02-17 08:00:00,30,10,20
2018-02-17 09:00:00,46,25,21
2018-02-17 10:00:00,31,18,13
2018-02-17 11:00:00,35,17,18
2018-02-17 12:00:00,34,14,20
2018-02-17 13:00:00,37,24,13
2018-02-17 14:00:00,38,20,18
2018-02-17 15:00:00,48,22,26
2018-02-17 16:00:00,26,14,12
2018-02-17 17:00:00,20,12,8
2018-02-17 18:00:00,5,3,2
2018-02-17 19:00:00,2,1,1
2018-02-17 20:00:00,2,1,1
2018-02-17 21:00:00,0,0,0
2018-02-17 22:00:00,0,0,0
2018-02-17 23:00:00,0,0,0
2018-02-18 00:00:00,0,0,0
2018-02-18 01:00:00,0,0,0
2018-02-18 02:00:00,0,0,0
2018-02-18 03:00:00,0,0,0
2018-02-18 04:00:00,0,0,0
2018-02-18 05:00:00,1,0,1
2018-02-18 06:00:00,1,0,1
2018-02-18 07:00:00,6,3,3
2018-02-18 08:00:00,22,9,13
2018-02-18 09:00:00,32,12,20
2018-02-18 10:00:00,31,15,16
2018-02-18 11:00:00,30,15,15
2018-02-18 12:00:00,35,21,14
2018-02-18 13:00:00,16,8,8
2018-02-18 14:00:00,19,6,13
2018-02-18 15:00:00,25,13,12
2018-02-18 16:00:00,30,18,12
2018-02-18 17:00:00,15,10,5
2018-02-18 18:00:00,4,2,2
2018-02-18 19:00:00,3,2,1
2018-02-18 20:00:00,0,0,0
2018-02-18 21:00:00,0,0,0
2018-02-18 22:00:00,0,0,0
2018-02-18 23:00:00,0,0,0
2018-02-19 00:00:00,2,1,1
2018-02-19 01:00:00,0,0,0
2018-02-19 02:00:00,0,0,0
2018-02-19 03:00:00,0,0,0
2018-02-19 04:00:00,0,0,0
2018-02-19 05:00:00,1,0,1
2018-02-19 06:00:00,1,0,1
2018-02-19 07:00:00,7,4,3
2018-02-19 08:00:00,8,6,2
2018-02-19 09:00:00,15,7,8
2018-02-19 10:00:00,30,16,14
2018-02-19 11:00:00,30,12,18
2018-02-19 12:00:00,29,14,15
2018-02-19 13:00:00,23,8,15
2018-02-19 14:00:00,27,18,9
2018-02-19 15:00:00,29,18,11
2018-02-19 16:00:00,28,10,18
2018-02-19 17:00:00,30,16,14
2018-02-19 18:00:00,9,6,3
2018-02-19 19:00:00,3,2,1
2018-02-19 20:00:00,1,1,0
2018-02-19 21:00:00,0,0,0
2018-02-19 22:00:00,0,0,0
2018-02-19 23:00:00,0,0,0
2018-02-20 00:00:00,0,0,0
2018-02-20 01:00:00,0,0,0
2018-02-20 02:00:00,0,0,0
2018-02-20 03:00:00,0,0,0
2018-02-20 04:00:00,0,0,0
2018-02-20 05:00:00,0,0,0
2018-02-20 06:00:00,6,2,4
2018-02-20 07:00:00,13,5,8
2018-02-20 08:00:00,14,7,7
2018-02-20 09:00:00,10,7,3
2018-02-20 10:00:00,22,12,10
2018-02-20 11:00:00,13,6,7
2018-02-20 12:00:00,9,7,2
2018-02-20 13:00:00,9,3,6
2018-02-20 14:00:00,22,9,13
2018-02-20 15:00:00,21,11,10
2018-02-20 16:00:00,25,13,12
2018-02-20 17:00:00,25,12,13
2018-02-20 18:00:00,9,4,5
2018-02-20 19:00:00,1,0,1
2018-02-20 20:00:00,2,1,1
2018-02-20 21:00:00,0,0,0
2018-02-20 22:00:00,0,0,0
2018-02-20 23:00:00,0,0,0
2018-02-21 00:00:00,1,0,1
2018-02-21 01:00:00,0,0,0
2018-02-21 02:00:00,0,0,0
2018-02-21 03:00:00,0,0,0
2018-02-21 04:00:00,0,0,0
2018-02-21 05:00:00,2,1,1
2018-02-21 06:00:00,10,7,3
2018-02-21 07:00:00,10,5,5
2018-02-21 08:00:00,18,10,8
2018-02-21 09:00:00,19,11,8
2018-02-21 10:00:00,15,8,7
2018-02-21 11:00:00,13,6,7
2018-02-21 12:00:00,11,7,4
2018-02-21 13:00:00,11,3,8
2018-02-21 14:00:00,10,7,3
2018-02-21 15:00:00,19,8,11
2018-02-21 16:00:00,14,7,7
2018-02-21 17:00:00,32,19,13
2018-02-21 18:00:00,16,7,9
2018-02-21 19:00:00,6,4,2
2018-02-21 20:00:00,0,0,0
2018-02-21 21:00:00,0,0,0
2018-02-21 22:00:00,0,0,0
2018-02-21 23:00:00,0,0,0
2018-02-22 00:00:00,0,0,0
2018-02-22 01:00:00,0,0,0
2018-02-22 02:00:00,0,0,0
2018-02-22 03:00:00,0,0,0
2018-02-22 04:00:00,0,0,0
2018-02-22 05:00:00,0,0,0
2018-02-22 06:00:00,3,1,2
2018-02-22 07:00:00,10,6,4
2018-02-22 08:00:00,12,6,6
2018-02-22 09:00:00,7,4,3
2018-02-22 10:00:00,8,4,4
2018-02-22 11:00:00,13,5,8
2018-02-22 12:00:00,11,6,5
2018-02-22 13:00:00,19,7,12
2018-02-22 14:00:00,25,13,12
2018-02-22 15:00:00,12,8,4
2018-02-22 16:00:00,18,9,9
2018-02-22 17:00:00,18,12,6
2018-02-22 18:00:00,5,2,3
2018-02-22 19:00:00,5,3,2
2018-02-22 20:00:00,0,0,0
2018-02-22 21:00:00,0,0,0
2018-02-22 22:00:00,0,0,0
2018-02-22 23:00:00,0,0,0
2018-02-23 00:00:00,0,0,0
2018-02-23 01:00:00,0,0,0
2018-02-23 02:00:00,0,0,0
2018-02-23 03:00:00,0,0,0
2018-02-23 04:00:00,0,0,0
2018-02-23 05:00:00,0,0,0
2018-02-23 06:00:00,4,2,2
2018-02-23 07:00:00,14,9,5
2018-02-23 08:00:00,10,6,4
2018-02-23 09:00:00,16,6,10
2018-02-23 10:00:00,12,6,6
2018-02-23 11:00:00,18,10,8
2018-02-23 12:00:00,13,5,8
2018-02-23 13:00:00,12,6,6
2018-02-23 14:00:00,9,5,4
2018-02-23 15:00:00,13,5,8
2018-02-23 16:00:00,19,10,9
2018-02-23 17:00:00,15,8,7
2018-02-23 18:00:00,6,4,2
2018-02-23 19:00:00,2,1,1
2018-02-23 20:00:00,0,0,0
2018-02-23 21:00:00,2,1,1
2018-02-23 22:00:00,0,0,0
2018-02-23 23:00:00,0,0,0
2018-02-24 00:00:00,0,0,0
2018-02-24 01:00:00,0,0,0
2018-02-24 02:00:00,0,0,0
2018-02-24 03:00:00,0,0,0
2018-02-24 04:00:00,0,0,0
2018-02-24 05:00:00,0,0,0
2018-02-24 06:00:00,0,0,0
2018-02-24 07:00:00,15,7,8
2018-02-24 08:00:00,31,16,15
2018-02-24 09:00:00,25,13,12
2018-02-24 10:00:00,47,23,24
2018-02-24 11:00:00,53,25,28
2018-02-24 12:00:00,49,28,21
2018-02-24 13:00:00,29,17,12
2018-02-24 14:00:00,35,17,18
2018-02-24 15:00:00,45,25,20
2018-02-24 16:00:00,48,21,27
2018-02-24 17:00:00,36,22,14
2018-02-24 18:00:00,6,3,3
2018-02-24 19:00:00,0,0,0
2018-02-24 20:00:00,0,0,0
2018-02-24 21:00:00,0,0,0
2018-02-24 22:00:00,0,0,0
2018-02-24 23:00:00,0,0,0
2018-02-25 00:00:00,4,1,3
2018-02-25 01:00:00,0,0,0
2018-02-25 02:00:00,0,0,0
2018-02-25 03:00:00,0,0,0
2018-02-25 04:00:00,0,0,0
2018-02-25 05:00:00,0,0,0
2018-02-25 06:00:00,2,1,1
2018-02-25 07:00:00,13,5,8
2018-02-25 08:00:00,33,17,16
2018-02-25 09:00:00,49,27,22
2018-02-25 10:00:00,36,20,16
2018-02-25 11:00:00,28,12,16
2018-02-25 12:00:00,20,10,10
2018-02-25 13:00:00,41,25,16
2018-02-25 14:00:00,32,17,15
2018-02-25 15:00:00,33,15,18
2018-02-25 16:00:00,25,14,11
2018-02-25 17:00:00,3,2,1
2018-02-25 18:00:00,3,1,2
2018-02-25 19:00:00,0,0,0
2018-02-25 20:00:00,0,0,0
2018-02-25 21:00:00,0,0,0
2018-02-25 22:00:00,0,0,0
2018-02-25 23:00:00,0,0,0
2018-02-26 00:00:00,0,0,0
2018-02-26 01:00:00,0,0,0
2018-02-26 02:00:00,0,0,0
2018-02-26 03:00:00,0,0,0
2018-02-26 04:00:00,0,0,0
2018-02-26 05:00:00,0,0,0
2018-02-26 06:00:00,1,1,0
2018-02-26 07:00:00,15,10,5
2018-02-26 08:00:00,14,7,7
2018-02-26 09:00:00,12,6,6
2018-02-26 10:00:00,21,9,12
2018-02-26 11:00:00,8,4,4
2018-02-26 12:00:00,11,5,6
2018-02-26 13:00:00,16,10,6
2018-02-26 14:00:00,17,8,9
2018-02-26 15:00:00,29,15,14
2018-02-26 16:00:00,16,7,9
2018-02-26 17:00:00,21,10,11
2018-02-26 18:00:00,10,6,4
2018-02-26 19:00:00,4,2,2
2018-02-26 20:00:00,0,0,0
2018-02-26 21:00:00,3,1,2
2018-02-26 22:00:00,1,1,0
2018-02-26 23:00:00,0,0,0
2018-02-27 00:00:00,0,0,0
2018-02-27 01:00:00,0,0,0
2018-02-27 02:00:00,0,0,0
2018-02-27 03:00:00,0,0,0
2018-02-27 04:00:00,0,0,0
2018-02-27 05:00:00,2,0,2
2018-02-27 06:00:00,4,2,2
2018-02-27 07:00:00,18,10,8
2018-02-27 08:00:00,17,10,7
2018-02-27 09:00:00,18,11,7
2018-02-27 10:00:00,15,8,7
2018-02-27 11:00:00,13,5,8
2018-02-27 12:00:00,15,5,10
2018-02-27 13:00:00,14,7,7
2018-02-27 14:00:00,11,6,5
2018-02-27 15:00:00,9,3,6
2018-02-27 16:00:00,9,3,6
2018-02-27 17:00:00,30,17,13
2018-02-27 18:00:00,9,6,3
2018-02-27 19:00:00,1,0,1
2018-02-27 20:00:00,6,3,3
2018-02-27 21:00:00,0,0,0
2018-02-27 22:00:00,0,0,0
2018-02-27 23:00:00,0,0,0
2018-02-28 00:00:00,0,0,0
2018-02-28 01:00:00,1,1,0
2018-02-28 02:00:00,0,0,0
2018-02-28 03:00:00,0,0,0
2018-02-28 04:00:00,0,0,0
2018-02-28 05:00:00,0,0,0
2018-02-28 06:00:00,7,3,4
2018-02-28 07:00:00,15,10,5
2018-02-28 08:00:00,18,6,12
2018-02-28 09:00:00,21,13,8
2018-02-28 10:00:00,25,13,12
2018-02-28 11:00:00,16,6,10
2018-02-28 12:00:00,15,8,7
2018-02-28 13:00:00,13,7,6
2018-02-28 14:00:00,9,7,2
2018-02-28 15:00:00,4,1,3
2018-02-28 16:00:00,13,8,5
2018-02-28 17:00:00,8,2,6
2018-02-28 18:00:00,7,4,3
2018-02-28 19:00:00,5,3,2
2018-02-28 20:00:00,1,0,1
2018-02-28 21:00:00,0,0,0
2018-02-28 22:00:00,0,0,0
2018-02-28 23:00:00,0,0,0
2018-03-01 00:00:00,0,0,0
2018-03-01 01:00:00,0,0,0
2018-03-01 02:00:00,0,0,0
2018-03-01 03:00:00,0,0,0
2018-03-01 04:00:00,0,0,0
2018-03-01 05:00:00,0,0,0
2018-03-01 06:00:00,7,3,4
2018-03-01 07:00:00,16,8,8
2018-03-01 08:00:00,21,11,10
2018-03-01 09:00:00,23,11,12
2018-03-01 10:00:00,27,15,12
2018-03-01 11:00:00,23,11,12
2018-03-01 12:00:00,19,12,7
2018-03-01 13:00:00,25,9,16
2018-03-01 14:00:00,22,12,10
2018-03-01 15:00:00,22,12,10
2018-03-01 16:00:00,38,15,23
2018-03-01 17:00:00,33,19,14
2018-03-01 18:00:00,9,4,5
2018-03-01 19:00:00,2,1,1
2018-03-01 20:00:00,2,1,1
2018-03-01 21:00:00,1,1,0
2018-03-01 22:00:00,0,0,0
2018-03-01 23:00:00,0,0,0
2018-03-02 00:00:00,0,0,0
2018-03-02 01:00:00,0,0,0
2018-03-02 02:00:00,0,0,0
2018-03-02 03:00:00,0,0,0
2018-03-02 04:00:00,0,0,0
2018-03-02 05:00:00,5,2,3
2018-03-02 06:00:00,3,2,1
2018-03-02 07:00:00,20,10,10
2018-03-02 08:00:00,27,13,14
2018-03-02 09:00:00,23,15,8
2018-03-02 10:00:00,21,11,10
2018-03-02 11:00:00,14,8,6
2018-03-02 12:00:00,16,9,7
2018-03-02 13:00:00,16,8,8
2018-03-02 14:00:00,16,6,10
2018-03-02 15:00:00,18,11,7
2018-03-02 16:00:00,27,15,12
2018-03-02 17:00:00,33,13,20
2018-03-02 18:00:00,13,9,4
2018-03-02 19:00:00,3,2,1
2018-03-02 20:00:00,2,0,2
2018-03-02 21:00:00,2,1,1
2018-03-02 22:00:00,2,1,1
2018-03-02 23:00:00,0,0,0
2018-03-03 00:00:00,0,0,0
2018-03-03 01:00:00,0,0,0
2018-03-03 02:00:00,0,0,0
2018-03-03 03:00:00,0,0,0
2018-03-03 04:00:00,0,0,0
2018-03-03 05:00:00,0,0,0
2018-03-03 06:00:00,2,2,0
2018-03-03 07:00:00,19,7,12
2018-03-03 08:00:00,25,13,12
2018-03-03 09:00:00,47,21,26
2018-03-03 10:00:00,63,29,34
2018-03-03 11:00:00,58,22,36
2018-03-03 12:00:00,50,25,25
2018-03-03 13:00:00,58,34,24
2018-03-03 14:00:00,50,25,25
2018-03-03 15:00:00,53,22,31
2018-03-03 16:00:00,52,31,21
2018-03-03 17:00:00,27,15,12
2018-03-03 18:00:00,7,4,3
2018-03-03 19:00:00,2,1,1
2018-03-03 20:00:00,1,1,0
2018-03-03 21:00:00,0,0,0
2018-03-03 22:00:00,0,0,0
2018-03-03 23:00:00,0,0,0
2018-03-04 00:00:00,0,0,0
2018-03-04 01:00:00,0,0,0
2018-03-04 02:00:00,0,0,0
2018-03-04 03:00:00,0,0,0
2018-03-04 04:00:00,0,0,0
2018-03-04 05:00:00,0,0,0
2018-03-04 06:00:00,3,2,1
2018-03-04 07:00:00,7,2,5
2018-03-04 08:00:00,37,25,12
2018-03-04 09:00:00,35,20,15
2018-03-04 10:00:00,30,14,16
2018-03-04 11:00:00,53,24,29
2018-03-04 12:00:00,29,18,11
2018-03-04 13:00:00,31,17,14
2018-03-04 14:00:00,24,11,13
2018-03-04 15:00:00,26,15,11
2018-03-04 16:00:00,27,13,14
2018-03-04 17:00:00,31,16,15
2018-03-04 18:00:00,9,4,5
2018-03-04 19:00:00,3,2,1
2018-03-04 20:00:00,2,1,1
2018-03-04 21:00:00,2,1,1
2018-03-04 22:00:00,0,0,0
2018-03-04 23:00:00,0,0,0
2018-03-05 00:00:00,0,0,0
2018-03-05 01:00:00,0,0,0
2018-03-05 02:00:00,0,0,0
2018-03-05 03:00:00,0,0,0
2018-03-05 04:00:00,0,0,0
2018-03-05 05:00:00,0,0,0
2018-03-05 06:00:00,2,1,1
2018-03-05 07:00:00,14,10,4
2018-03-05 08:00:00,16,7,9
2018-03-05 09:00:00,11,6,5
2018-03-05 10:00:00,12,7,5
2018-03-05 11:00:00,11,3,8
2018-03-05 12:00:00,13,8,5
2018-03-05 13:00:00,24,13,11
2018-03-05 14:00:00,16,9,7
2018-03-05 15:00:00,18,8,10
2018-03-05 16:00:00,22,10,12
2018-03-05 17:00:00,29,15,14
2018-03-05 18:00:00,9,3,6
2018-03-05 19:00:00,4,2,2
2018-03-05 20:00:00,0,0,0
2018-03-05 21:00:00,2,1,1
2018-03-05 22:00:00,0,0,0
2018-03-05 23:00:00,0,0,0
2018-03-06 00:00:00,0,0,0
2018-03-06 01:00:00,0,0,0
2018-03-06 02:00:00,0,0,0
2018-03-06 03:00:00,0,0,0
2018-03-06 04:00:00,0,0,0
2018-03-06 05:00:00,0,0,0
2018-03-06 06:00:00,6,3,3
2018-03-06 07:00:00,10,5,5
2018-03-06 08:00:00,21,15,6
2018-03-06 09:00:00,10,5,5
2018-03-06 10:00:00,20,10,10
2018-03-06 11:00:00,16,7,9
2018-03-06 12:00:00,19,10,9
2018-03-06 13:00:00,25,12,13
2018-03-06 14:00:00,20,11,9
2018-03-06 15:00:00,31,21,10
2018-03-06 16:00:00,34,16,18
2018-03-06 17:00:00,28,16,12
2018-03-06 18:00:00,15,8,7
2018-03-06 19:00:00,4,1,3
2018-03-06 20:00:00,2,2,0
2018-03-06 21:00:00,0,0,0
2018-03-06 22:00:00,0,0,0
2018-03-06 23:00:00,0,0,0
2018-03-07 00:00:00,0,0,0
2018-03-07 01:00:00,0,0,0
2018-03-07 02:00:00,0,0,0
2018-03-07 03:00:00,0,0,0
2018-03-07 04:00:00,0,0,0
2018-03-07 05:00:00,2,1,1
2018-03-07 06:00:00,9,3,6
2018-03-07 07:00:00,17,11,6
2018-03-07 08:00:00,16,7,9
2018-03-07 09:00:00,26,14,12
2018-03-07 10:00:00,24,11,13
2018-03-07 11:00:00,9,6,3
2018-03-07 12:00:00,18,9,9
2018-03-07 13:00:00,10,5,5
2018-03-07 14:00:00,15,9,6
2018-03-07 15:00:00,20,9,11
2018-03-07 16:00:00,33,14,19
2018-03-07 17:00:00,19,12,7
2018-03-07 18:00:00,16,8,8
2018-03-07 19:00:00,4,2,2
2018-03-07 20:00:00,2,1,1
2018-03-07 21:00:00,4,2,2
2018-03-07 22:00:00,2,1,1
2018-03-07 23:00:00,0,0,0
2018-03-08 00:00:00,0,0,0
2018-03-08 01:00:00,0,0,0
2018-03-08 02:00:00,0,0,0
2018-03-08 03:00:00,0,0,0
2018-03-08 04:00:00,0,0,0
2018-03-08 05:00:00,1,1,0
2018-03-08 06:00:00,9,4,5
2018-03-08 07:00:00,11,8,3
2018-03-08 08:00:00,15,9,6
2018-03-08 09:00:00,13,8,5
2018-03-08 10:00:00,9,3,6
2018-03-08 11:00:00,10,7,3
2018-03-08 12:00:00,2,1,1
2018-03-08 13:00:00,9,5,4
2018-03-08 14:00:00,5,2,3
2018-03-08 15:00:00,6,3,3
2018-03-08 16:00:00,19,8,11
2018-03-08 17:00:00,11,4,7
2018-03-08 18:00:00,11,3,8
2018-03-08 19:00:00,6,4,2
2018-03-08 20:00:00,2,1,1
2018-03-08 21:00:00,0,0,0
2018-03-08 22:00:00,0,0,0
2018-03-08 23:00:00,0,0,0
2018-03-09 00:00:00,0,0,0
2018-03-09 01:00:00,0,0,0
2018-03-09 02:00:00,0,0,0
2018-03-09 03:00:00,0,0,0
2018-03-09 04:00:00,1,1,0
2018-03-09 05:00:00,0,0,0
2018-03-09 06:00:00,11,6,5
2018-03-09 07:00:00,17,7,10
2018-03-09 08:00:00,28,13,15
2018-03-09 09:00:00,34,20,14
2018-03-09 10:00:00,25,12,13
2018-03-09 11:00:00,31,16,15
2018-03-09 12:00:00,21,9,12
2018-03-09 13:00:00,26,16,10
2018-03-09 14:00:00,23,11,12
2018-03-09 15:00:00,31,16,15
2018-03-09 16:00:00,18,7,11
2018-03-09 17:00:00,17,9,8
2018-03-09 18:00:00,17,8,9
2018-03-09 19:00:00,1,0,1
2018-03-09 20:00:00,1,1,0
2018-03-09 21:00:00,1,1,0
2018-03-09 22:00:00,0,0,0
2018-03-09 23:00:00,2,1,1
2018-03-10 00:00:00,0,0,0
2018-03-10 01:00:00,0,0,0
2018-03-10 02:00:00,0,0,0
2018-03-10 03:00:00,0,0,0
2018-03-10 04:00:00,0,0,0
2018-03-10 05:00:00,1,0,1
2018-03-10 06:00:00,8,3,5
2018-03-10 07:00:00,22,10,12
2018-03-10 08:00:00,35,16,19
2018-03-10 09:00:00,55,36,19
2018-03-10 10:00:00,59,30,29
2018-03-10 11:00:00,63,32,31
2018-03-10 12:00:00,68,29,39
2018-03-10 13:00:00,51,27,24
2018-03-10 14:00:00,74,47,27
2018-03-10 15:00:00,69,44,25
2018-03-10 16:00:00,47,34,13
2018-03-10 17:00:00,31,14,17
2018-03-10 18:00:00,13,8,5
2018-03-10 19:00:00,2,2,0
2018-03-10 20:00:00,0,0,0
2018-03-10 21:00:00,2,1,1
2018-03-10 22:00:00,0,0,0
2018-03-10 23:00:00,0,0,0
2018-03-11 00:00:00,0,0,0
2018-03-11 01:00:00,0,0,0
2018-03-11 02:00:00,0,0,0
2018-03-11 03:00:00,0,0,0
2018-03-11 04:00:00,0,0,0
2018-03-11 05:00:00,0,0,0
2018-03-11 06:00:00,1,0,1
2018-03-11 07:00:00,4,2,2
2018-03-11 08:00:00,37,20,17
2018-03-11 09:00:00,24,12,12
2018-03-11 10:00:00,41,18,23
2018-03-11 11:00:00,55,30,25
2018-03-11 12:00:00,39,17,22
2018-03-11 13:00:00,38,16,22
2018-03-11 14:00:00,39,23,16
2018-03-11 15:00:00,53,33,20
2018-03-11 16:00:00,72,52,20
2018-03-11 17:00:00,42,31,11
2018-03-11 18:00:00,29,23,6
2018-03-11 19:00:00,18,16,2
2018-03-11 20:00:00,9,8,1
2018-03-11 21:00:00,3,3,0
2018-03-11 22:00:00,1,1,0
2018-03-11 23:00:00,0,0,0
2018-03-12 00:00:00,0,0,0
2018-03-12 01:00:00,2,2,0
2018-03-12 02:00:00,1,1,0
2018-03-12 03:00:00,4,4,0
2018-03-12 04:00:00,4,4,0
2018-03-12 05:00:00,0,0,0
2018-03-12 06:00:00,3,2,1
2018-03-12 07:00:00,9,6,3
2018-03-12 08:00:00,9,6,3
2018-03-12 09:00:00,15,8,7
2018-03-12 10:00:00,22,15,7
2018-03-12 11:00:00,24,9,15
2018-03-12 12:00:00,19,12,7
2018-03-12 13:00:00,18,12,6
2018-03-12 14:00:00,23,10,13
2018-03-12 15:00:00,25,15,10
2018-03-12 16:00:00,42,22,20
2018-03-12 17:00:00,56,33,23
2018-03-12 18:00:00,37,26,11
2018-03-12 19:00:00,16,12,4
2018-03-12 20:00:00,6,6,0
2018-03-12 21:00:00,3,3,0
2018-03-12 22:00:00,1,1,0
2018-03-12 23:00:00,1,1,0
2018-03-13 00:00:00,1,0,1
2018-03-13 01:00:00,0,0,0
2018-03-13 02:00:00,0,0,0
2018-03-13 03:00:00,0,0,0
2018-03-13 04:00:00,2,2,0
2018-03-13 05:00:00,3,2,1
2018-03-13 06:00:00,4,3,1
2018-03-13 07:00:00,3,3,0
2018-03-13 08:00:00,6,6,0
2018-03-13 09:00:00,13,7,6
2018-03-13 10:00:00,15,11,4
2018-03-13 11:00:00,12,4,8
2018-03-13 12:00:00,16,9,7
2018-03-13 13:00:00,9,5,4
2018-03-13 14:00:00,8,3,5
2018-03-13 15:00:00,4,4,0
2018-03-13 16:00:00,18,12,6
2018-03-13 17:00:00,22,13,9
2018-03-13 18:00:00,11,9,2
2018-03-13 19:00:00,10,8,2
2018-03-13 20:00:00,4,3,1
2018-03-13 21:00:00,9,8,1
2018-03-13 22:00:00,0,0,0
2018-03-13 23:00:00,1,1,0
2018-03-14 00:00:00,1,1,0
2018-03-14 01:00:00,2,1,1
2018-03-14 02:00:00,0,0,0
2018-03-14 03:00:00,0,0,0
2018-03-14 04:00:00,0,0,0
2018-03-14 05:00:00,6,5,1
2018-03-14 06:00:00,18,12,6
2018-03-14 07:00:00,6,4,2
2018-03-14 08:00:00,23,12,11
2018-03-14 09:00:00,28,15,13
2018-03-14 10:00:00,28,15,13
2018-03-14 11:00:00,17,11,6
2018-03-14 12:00:00,15,7,8
2018-03-14 13:00:00,19,10,9
2018-03-14 14:00:00,17,7,10
2018-03-14 15:00:00,22,13,9
2018-03-14 16:00:00,42,22,20
2018-03-14 17:00:00,27,12,15
2018-03-14 18:00:00,31,17,14
2018-03-14 19:00:00,13,8,5
2018-03-14 20:00:00,0,0,0
2018-03-14 21:00:00,1,1,0
2018-03-14 22:00:00,1,1,0
2018-03-14 23:00:00,1,1,0
2018-03-15 00:00:00,2,2,0
2018-03-15 01:00:00,1,1,0
2018-03-15 02:00:00,2,2,0
2018-03-15 03:00:00,1,1,0
2018-03-15 04:00:00,0,0,0
2018-03-15 05:00:00,1,1,0
2018-03-15 06:00:00,19,14,5
2018-03-15 07:00:00,7,3,4
2018-03-15 08:00:00,11,7,4
2018-03-15 09:00:00,9,6,3
2018-03-15 10:00:00,10,7,3
2018-03-15 11:00:00,11,5,6
2018-03-15 12:00:00,17,10,7
2018-03-15 13:00:00,36,27,9
2018-03-15 14:00:00,41,29,12
2018-03-15 15:00:00,64,48,16
2018-03-15 16:00:00,53,40,13
2018-03-15 17:00:00,40,24,16
2018-03-15 18:00:00,32,22,10
2018-03-15 19:00:00,8,6,2
2018-03-15 20:00:00,4,3,1
2018-03-15 21:00:00,2,1,1
2018-03-15 22:00:00,0,0,0
2018-03-15 23:00:00,0,0,0
2018-03-16 00:00:00,0,0,0
2018-03-16 01:00:00,0,0,0
2018-03-16 02:00:00,0,0,0
2018-03-16 03:00:00,0,0,0
2018-03-16 04:00:00,0,0,0
2018-03-16 05:00:00,0,0,0
2018-03-16 06:00:00,7,6,1
2018-03-16 07:00:00,7,2,5
2018-03-16 08:00:00,16,7,9
2018-03-16 09:00:00,26,15,11
2018-03-16 10:00:00,23,11,12
2018-03-16 11:00:00,17,11,6
2018-03-16 12:00:00,25,14,11
2018-03-16 13:00:00,28,16,12
2018-03-16 14:00:00,22,10,12
2018-03-16 15:00:00,29,14,15
2018-03-16 16:00:00,27,14,13
2018-03-16 17:00:00,33,14,19
2018-03-16 18:00:00,20,10,10
2018-03-16 19:00:00,8,4,4
2018-03-16 20:00:00,8,4,4
2018-03-16 21:00:00,1,1,0
2018-03-16 22:00:00,1,1,0
2018-03-16 23:00:00,0,0,0
2018-03-17 00:00:00,0,0,0
2018-03-17 01:00:00,0,0,0
2018-03-17 02:00:00,0,0,0
2018-03-17 03:00:00,0,0,0
2018-03-17 04:00:00,0,0,0
2018-03-17 05:00:00,1,0,1
2018-03-17 06:00:00,1,1,0
2018-03-17 07:00:00,41,17,24
2018-03-17 08:00:00,61,29,32
2018-03-17 09:00:00,48,28,20
2018-03-17 10:00:00,49,26,23
2018-03-17 11:00:00,48,26,22
2018-03-17 12:00:00,36,20,16
2018-03-17 13:00:00,36,20,16
2018-03-17 14:00:00,39,19,20
2018-03-17 15:00:00,41,18,23
2018-03-17 16:00:00,30,16,14
2018-03-17 17:00:00,24,12,12
2018-03-17 18:00:00,17,9,8
2018-03-17 19:00:00,3,2,1
2018-03-17 20:00:00,4,2,2
2018-03-17 21:00:00,2,1,1
2018-03-17 22:00:00,0,0,0
2018-03-17 23:00:00,0,0,0
2018-03-18 00:00:00,0,0,0
2018-03-18 01:00:00,0,0,0
2018-03-18 02:00:00,0,0,0
2018-03-18 03:00:00,0,0,0
2018-03-18 04:00:00,0,0,0
2018-03-18 05:00:00,0,0,0
2018-03-18 06:00:00,0,0,0
2018-03-18 07:00:00,3,0,3
2018-03-18 08:00:00,21,7,14
2018-03-18 09:00:00,36,20,16
2018-03-18 10:00:00,61,30,31
2018-03-18 11:00:00,42,22,20
2018-03-18 12:00:00,46,27,19
2018-03-18 13:00:00,16,0,16
2018-03-18 14:00:00,45,24,21
2018-03-18 15:00:00,37,23,14
2018-03-18 16:00:00,34,15,19
2018-03-18 17:00:00,27,14,13
2018-03-18 18:00:00,22,12,10
2018-03-18 19:00:00,17,9,8
2018-03-18 20:00:00,6,5,1
2018-03-18 21:00:00,1,0,1
2018-03-18 22:00:00,0,0,0
2018-03-18 23:00:00,0,0,0
2018-03-19 00:00:00,0,0,0
2018-03-19 01:00:00,0,0,0
2018-03-19 02:00:00,0,0,0
2018-03-19 03:00:00,0,0,0
2018-03-19 04:00:00,1,0,1
2018-03-19 05:00:00,0,0,0
2018-03-19 06:00:00,1,0,1
2018-03-19 07:00:00,10,3,7
2018-03-19 08:00:00,19,10,9
2018-03-19 09:00:00,18,7,11
2018-03-19 10:00:00,13,7,6
2018-03-19 11:00:00,19,10,9
2018-03-19 12:00:00,18,7,11
2018-03-19 13:00:00,21,7,14
2018-03-19 14:00:00,10,3,7
2018-03-19 15:00:00,29,15,14
2018-03-19 16:00:00,24,13,11
2018-03-19 17:00:00,33,11,22
2018-03-19 18:00:00,37,17,20
2018-03-19 19:00:00,17,11,6
2018-03-19 20:00:00,2,1,1
2018-03-19 21:00:00,1,0,1
2018-03-19 22:00:00,1,0,1
2018-03-19 23:00:00,1,1,0
2018-03-20 00:00:00,0,0,0
2018-03-20 01:00:00,0,0,0
2018-03-20 02:00:00,0,0,0
2018-03-20 03:00:00,0,0,0
2018-03-20 04:00:00,0,0,0
2018-03-20 05:00:00,1,0,1
2018-03-20 06:00:00,9,5,4
2018-03-20 07:00:00,13,7,6
2018-03-20 08:00:00,17,10,7
2018-03-20 09:00:00,11,7,4
2018-03-20 10:00:00,17,9,8
2018-03-20 11:00:00,24,10,14
2018-03-20 12:00:00,22,11,11
2018-03-20 13:00:00,18,9,9
2018-03-20 14:00:00,23,14,9
2018-03-20 15:00:00,30,14,16
2018-03-20 16:00:00,36,18,18
2018-03-20 17:00:00,45,24,21
2018-03-20 18:00:00,23,10,13
2018-03-20 19:00:00,19,9,10
2018-03-20 20:00:00,2,2,0
2018-03-20 21:00:00,0,0,0
2018-03-20 22:00:00,0,0,0
2018-03-20 23:00:00,0,0,0
2018-03-21 00:00:00,0,0,0
2018-03-21 01:00:00,0,0,0
2018-03-21 02:00:00,0,0,0
2018-03-21 03:00:00,0,0,0
2018-03-21 04:00:00,0,0,0
2018-03-21 05:00:00,3,0,3
2018-03-21 06:00:00,11,7,4
2018-03-21 07:00:00,6,3,3
2018-03-21 08:00:00,17,9,8
2018-03-21 09:00:00,26,17,9
2018-03-21 10:00:00,15,8,7
2018-03-21 11:00:00,16,7,9
2018-03-21 12:00:00,31,15,16
2018-03-21 13:00:00,19,10,9
2018-03-21 14:00:00,23,10,13
2018-03-21 15:00:00,17,9,8
2018-03-21 16:00:00,27,14,13
2018-03-21 17:00:00,23,12,11
2018-03-21 18:00:00,18,10,8
2018-03-21 19:00:00,9,5,4
2018-03-21 20:00:00,5,2,3
2018-03-21 21:00:00,1,1,0
2018-03-21 22:00:00,0,0,0
2018-03-21 23:00:00,0,0,0
2018-03-22 00:00:00,0,0,0
2018-03-22 01:00:00,0,0,0
2018-03-22 02:00:00,0,0,0
2018-03-22 03:00:00,0,0,0
2018-03-22 04:00:00,0,0,0
2018-03-22 05:00:00,0,0,0
2018-03-22 06:00:00,11,6,5
2018-03-22 07:00:00,9,5,4
2018-03-22 08:00:00,9,5,4
2018-03-22 09:00:00,13,6,7
2018-03-22 10:00:00,5,2,3
2018-03-22 11:00:00,7,2,5
2018-03-22 12:00:00,9,5,4
2018-03-22 13:00:00,9,5,4
2018-03-22 14:00:00,12,7,5
2018-03-22 15:00:00,18,8,10
2018-03-22 16:00:00,14,6,8
2018-03-22 17:00:00,24,11,13
2018-03-22 18:00:00,23,10,13
2018-03-22 19:00:00,14,8,6
2018-03-22 20:00:00,0,0,0
2018-03-22 21:00:00,0,0,0
2018-03-22 22:00:00,0,0,0
2018-03-22 23:00:00,0,0,0
2018-03-23 00:00:00,0,0,0
2018-03-23 01:00:00,0,0,0
2018-03-23 02:00:00,0,0,0
2018-03-23 03:00:00,0,0,0
2018-03-23 04:00:00,0,0,0
2018-03-23 05:00:00,0,0,0
2018-03-23 06:00:00,7,3,4
2018-03-23 07:00:00,11,7,4
2018-03-23 08:00:00,9,4,5
2018-03-23 09:00:00,7,5,2
2018-03-23 10:00:00,10,6,4
2018-03-23 11:00:00,14,7,7
2018-03-23 12:00:00,10,6,4
2018-03-23 13:00:00,19,6,13
2018-03-23 14:00:00,21,14,7
2018-03-23 15:00:00,19,8,11
2018-03-23 16:00:00,33,16,17
2018-03-23 17:00:00,34,20,14
2018-03-23 18:00:00,18,9,9
2018-03-23 19:00:00,12,8,4
2018-03-23 20:00:00,0,0,0
2018-03-23 21:00:00,2,1,1
2018-03-23 22:00:00,1,0,1
2018-03-23 23:00:00,1,1,0
2018-03-24 00:00:00,0,0,0
2018-03-24 01:00:00,0,0,0
2018-03-24 02:00:00,0,0,0
2018-03-24 03:00:00,0,0,0
2018-03-24 04:00:00,0,0,0
2018-03-24 05:00:00,0,0,0
2018-03-24 06:00:00,1,0,1
2018-03-24 07:00:00,5,2,3
2018-03-24 08:00:00,28,8,20
2018-03-24 09:00:00,39,21,18
2018-03-24 10:00:00,56,24,32
2018-03-24 11:00:00,61,32,29
2018-03-24 12:00:00,24,14,10
2018-03-24 13:00:00,41,21,20
2018-03-24 14:00:00,44,24,20
2018-03-24 15:00:00,31,18,13
2018-03-24 16:00:00,34,21,13
2018-03-24 17:00:00,29,11,18
2018-03-24 18:00:00,20,12,8
2018-03-24 19:00:00,6,2,4
2018-03-24 20:00:00,3,3,0
2018-03-24 21:00:00,0,0,0
2018-03-24 22:00:00,1,1,0
2018-03-24 23:00:00,2,1,1
2018-03-25 00:00:00,0,0,0
2018-03-25 01:00:00,0,0,0
2018-03-25 02:00:00,0,0,0
2018-03-25 03:00:00,0,0,0
2018-03-25 04:00:00,0,0,0
2018-03-25 05:00:00,0,0,0
2018-03-25 06:00:00,2,2,0
2018-03-25 07:00:00,13,6,7
2018-03-25 08:00:00,40,14,26
2018-03-25 09:00:00,29,18,11
2018-03-25 10:00:00,45,23,22
2018-03-25 11:00:00,47,23,24
2018-03-25 12:00:00,23,0,23
2018-03-25 13:00:00,44,19,25
2018-03-25 14:00:00,58,28,30
2018-03-25 15:00:00,47,25,22
2018-03-25 16:00:00,43,26,17
2018-03-25 17:00:00,25,16,9
2018-03-25 18:00:00,21,7,14
2018-03-25 19:00:00,7,4,3
2018-03-25 20:00:00,1,1,0
2018-03-25 21:00:00,0,0,0
2018-03-25 22:00:00,0,0,0
2018-03-25 23:00:00,0,0,0
2018-03-26 00:00:00,0,0,0
2018-03-26 01:00:00,0,0,0
2018-03-26 02:00:00,0,0,0
2018-03-26 03:00:00,0,0,0
2018-03-26 04:00:00,0,0,0
2018-03-26 05:00:00,2,1,1
2018-03-26 06:00:00,4,2,2
2018-03-26 07:00:00,10,5,5
2018-03-26 08:00:00,15,9,6
2018-03-26 09:00:00,19,11,8
2018-03-26 10:00:00,12,5,7
2018-03-26 11:00:00,10,3,7
2018-03-26 12:00:00,8,5,3
2018-03-26 13:00:00,10,4,6
2018-03-26 14:00:00,16,6,10
2018-03-26 15:00:00,11,6,5
2018-03-26 16:00:00,10,7,3
2018-03-26 17:00:00,18,7,11
2018-03-26 18:00:00,22,10,12
2018-03-26 19:00:00,17,10,7
2018-03-26 20:00:00,1,1,0
2018-03-26 21:00:00,0,0,0
2018-03-26 22:00:00,2,1,1
2018-03-26 23:00:00,0,0,0
2018-03-27 00:00:00,0,0,0
2018-03-27 01:00:00,0,0,0
2018-03-27 02:00:00,0,0,0
2018-03-27 03:00:00,0,0,0
2018-03-27 04:00:00,0,0,0
2018-03-27 05:00:00,0,0,0
2018-03-27 06:00:00,4,2,2
2018-03-27 07:00:00,11,6,5
2018-03-27 08:00:00,29,21,8
2018-03-27 09:00:00,9,3,6
2018-03-27 10:00:00,8,4,4
2018-03-27 11:00:00,12,7,5
2018-03-27 12:00:00,7,4,3
2018-03-27 13:00:00,15,6,9
2018-03-27 14:00:00,11,4,7
2018-03-27 15:00:00,18,9,9
2018-03-27 16:00:00,14,10,4
2018-03-27 17:00:00,28,13,15
2018-03-27 18:00:00,16,9,7
2018-03-27 19:00:00,14,7,7
2018-03-27 20:00:00,4,3,1
2018-03-27 21:00:00,3,1,2
2018-03-27 22:00:00,0,0,0
2018-03-27 23:00:00,0,0,0
2018-03-28 00:00:00,0,0,0
2018-03-28 01:00:00,0,0,0
2018-03-28 02:00:00,0,0,0
2018-03-28 03:00:00,0,0,0
2018-03-28 04:00:00,0,0,0
2018-03-28 05:00:00,2,1,1
2018-03-28 06:00:00,12,6,6
2018-03-28 07:00:00,15,10,5
2018-03-28 08:00:00,23,9,14
2018-03-28 09:00:00,29,18,11
2018-03-28 10:00:00,29,14,15
2018-03-28 11:00:00,19,9,10
2018-03-28 12:00:00,31,16,15
2018-03-28 13:00:00,28,15,13
2018-03-28 14:00:00,14,7,7
2018-03-28 15:00:00,13,7,6
2018-03-28 16:00:00,19,8,11
2018-03-28 17:00:00,30,14,16
2018-03-28 18:00:00,29,13,16
2018-03-28 19:00:00,25,15,10
2018-03-28 20:00:00,2,2,0
2018-03-28 21:00:00,0,0,0
2018-03-28 22:00:00,1,1,0
2018-03-28 23:00:00,0,0,0
2018-03-29 00:00:00,0,0,0
2018-03-29 01:00:00,0,0,0
2018-03-29 02:00:00,0,0,0
2018-03-29 03:00:00,0,0,0
2018-03-29 04:00:00,0,0,0
2018-03-29 05:00:00,0,0,0
2018-03-29 06:00:00,9,4,5
2018-03-29 07:00:00,11,5,6
2018-03-29 08:00:00,22,14,8
2018-03-29 09:00:00,25,15,10
2018-03-29 10:00:00,19,7,12
2018-03-29 11:00:00,25,14,11
2018-03-29 12:00:00,22,11,11
2018-03-29 13:00:00,22,9,13
2018-03-29 14:00:00,16,9,7
2018-03-29 15:00:00,18,9,9
2018-03-29 16:00:00,32,16,16
2018-03-29 17:00:00,23,7,16
2018-03-29 18:00:00,20,9,11
2018-03-29 19:00:00,13,6,7
2018-03-29 20:00:00,6,3,3
2018-03-29 21:00:00,2,1,1
2018-03-29 22:00:00,1,0,1
2018-03-29 23:00:00,1,1,0
2018-03-30 00:00:00,0,0,0
2018-03-30 01:00:00,0,0,0
2018-03-30 02:00:00,0,0,0
2018-03-30 03:00:00,0,0,0
2018-03-30 04:00:00,1,1,0
2018-03-30 05:00:00,1,0,1
2018-03-30 06:00:00,9,4,5
2018-03-30 07:00:00,16,10,6
2018-03-30 08:00:00,27,12,15
2018-03-30 09:00:00,36,23,13
2018-03-30 10:00:00,25,9,16
2018-03-30 11:00:00,24,16,8
2018-03-30 12:00:00,24,15,9
2018-03-30 13:00:00,22,10,12
2018-03-30 14:00:00,14,6,8
2018-03-30 15:00:00,22,12,10
2018-03-30 16:00:00,18,4,14
2018-03-30 17:00:00,29,11,18
2018-03-30 18:00:00,24,16,8
2018-03-30 19:00:00,6,3,3
2018-03-30 20:00:00,1,1,0
2018-03-30 21:00:00,1,1,0
2018-03-30 22:00:00,0,0,0
2018-03-30 23:00:00,0,0,0
2018-03-31 00:00:00,0,0,0
2018-03-31 01:00:00,0,0,0
2018-03-31 02:00:00,0,0,0
2018-03-31 03:00:00,0,0,0
2018-03-31 04:00:00,0,0,0
2018-03-31 05:00:00,0,0,0
2018-03-31 06:00:00,1,1,0
2018-03-31 07:00:00,17,7,10
2018-03-31 08:00:00,43,19,24
2018-03-31 09:00:00,81,46,35
2018-03-31 10:00:00,47,24,23
2018-03-31 11:00:00,47,24,23
2018-03-31 12:00:00,39,24,15
2018-03-31 13:00:00,39,25,14
2018-03-31 14:00:00,41,25,16
2018-03-31 15:00:00,42,19,23
2018-03-31 16:00:00,41,26,15
2018-03-31 17:00:00,44,25,19
2018-03-31 18:00:00,25,12,13
2018-03-31 19:00:00,16,10,6
2018-03-31 20:00:00,3,3,0
2018-03-31 21:00:00,0,0,0
2018-03-31 22:00:00,0,0,0
2018-03-31 23:00:00,2,1,1
2018-04-01 00:00:00,0,0,0
2018-04-01 01:00:00,0,0,0
2018-04-01 02:00:00,0,0,0
2018-04-01 03:00:00,0,0,0
2018-04-01 04:00:00,0,0,0
2018-04-01 05:00:00,0,0,0
2018-04-01 06:00:00,1,1,0
2018-04-01 07:00:00,5,1,4
2018-04-01 08:00:00,29,13,16
2018-04-01 09:00:00,29,17,12
2018-04-01 10:00:00,25,16,9
2018-04-01 11:00:00,23,12,11
2018-04-01 12:00:00,25,9,16
2018-04-01 13:00:00,31,17,14
2018-04-01 14:00:00,31,18,13
2018-04-01 15:00:00,32,13,19
2018-04-01 16:00:00,26,14,12
2018-04-01 17:00:00,24,9,15
2018-04-01 18:00:00,14,9,5
2018-04-01 19:00:00,10,6,4
2018-04-01 20:00:00,2,1,1
2018-04-01 21:00:00,0,0,0
2018-04-01 22:00:00,0,0,0
2018-04-01 23:00:00,2,1,1
2018-04-02 00:00:00,0,0,0
2018-04-02 01:00:00,0,0,0
2018-04-02 02:00:00,0,0,0
2018-04-02 03:00:00,0,0,0
2018-04-02 04:00:00,0,0,0
2018-04-02 05:00:00,1,0,1
2018-04-02 06:00:00,9,6,3
2018-04-02 07:00:00,23,13,10
2018-04-02 08:00:00,13,5,8
2018-04-02 09:00:00,21,12,9
2018-04-02 10:00:00,21,11,10
2018-04-02 11:00:00,34,16,18
2018-04-02 12:00:00,30,19,11
2018-04-02 13:00:00,20,12,8
2018-04-02 14:00:00,21,9,12
2018-04-02 15:00:00,25,9,16
2018-04-02 16:00:00,51,25,26
2018-04-02 17:00:00,39,17,22
2018-04-02 18:00:00,33,15,18
2018-04-02 19:00:00,16,6,10
2018-04-02 20:00:00,6,3,3
2018-04-02 21:00:00,2,1,1
2018-04-02 22:00:00,1,0,1
2018-04-02 23:00:00,0,0,0
2018-04-03 00:00:00,1,0,1
2018-04-03 01:00:00,1,1,0
2018-04-03 02:00:00,0,0,0
2018-04-03 03:00:00,0,0,0
2018-04-03 04:00:00,0,0,0
2018-04-03 05:00:00,4,3,1
2018-04-03 06:00:00,2,1,1
2018-04-03 07:00:00,16,6,10
2018-04-03 08:00:00,21,12,9
2018-04-03 09:00:00,15,8,7
2018-04-03 10:00:00,13,8,5
2018-04-03 11:00:00,17,9,8
2018-04-03 12:00:00,17,9,8
2018-04-03 13:00:00,17,10,7
2018-04-03 14:00:00,15,8,7
2018-04-03 15:00:00,15,8,7
2018-04-03 16:00:00,20,7,13
2018-04-03 17:00:00,33,16,17
2018-04-03 18:00:00,24,12,12
2018-04-03 19:00:00,21,9,12
2018-04-03 20:00:00,5,3,2
2018-04-03 21:00:00,4,2,2
2018-04-03 22:00:00,0,0,0
2018-04-03 23:00:00,0,0,0
2018-04-04 00:00:00,0,0,0
2018-04-04 01:00:00,0,0,0
2018-04-04 02:00:00,0,0,0
2018-04-04 03:00:00,0,0,0
2018-04-04 04:00:00,0,0,0
2018-04-04 05:00:00,0,0,0
2018-04-04 06:00:00,4,2,2
2018-04-04 07:00:00,9,5,4
2018-04-04 08:00:00,20,11,9
2018-04-04 09:00:00,32,15,17
2018-04-04 10:00:00,25,15,10
2018-04-04 11:00:00,14,7,7
2018-04-04 12:00:00,11,5,6
2018-04-04 13:00:00,8,4,4
2018-04-04 14:00:00,6,2,4
2018-04-04 15:00:00,9,5,4
2018-04-04 16:00:00,16,6,10
2018-04-04 17:00:00,21,10,11
2018-04-04 18:00:00,17,7,10
2018-04-04 19:00:00,21,9,12
2018-04-04 20:00:00,4,3,1
2018-04-04 21:00:00,0,0,0
2018-04-04 22:00:00,1,0,1
2018-04-04 23:00:00,0,0,0
2018-04-05 00:00:00,0,0,0
2018-04-05 01:00:00,0,0,0
2018-04-05 02:00:00,0,0,0
2018-04-05 03:00:00,0,0,0
2018-04-05 04:00:00,0,0,0
2018-04-05 05:00:00,0,0,0
2018-04-05 06:00:00,4,1,3
2018-04-05 07:00:00,18,11,7
2018-04-05 08:00:00,17,13,4
2018-04-05 09:00:00,20,10,10
2018-04-05 10:00:00,11,5,6
2018-04-05 11:00:00,13,7,6
2018-04-05 12:00:00,13,6,7
2018-04-05 13:00:00,16,7,9
2018-04-05 14:00:00,9,3,6
2018-04-05 15:00:00,12,5,7
2018-04-05 16:00:00,13,7,6
2018-04-05 17:00:00,17,10,7
2018-04-05 18:00:00,15,6,9
2018-04-05 19:00:00,10,4,6
2018-04-05 20:00:00,8,4,4
2018-04-05 21:00:00,0,0,0
2018-04-05 22:00:00,2,1,1
2018-04-05 23:00:00,0,0,0
2018-04-06 00:00:00,0,0,0
2018-04-06 01:00:00,0,0,0
2018-04-06 02:00:00,0,0,0
2018-04-06 03:00:00,0,0,0
2018-04-06 04:00:00,0,0,0
2018-04-06 05:00:00,0,0,0
2018-04-06 06:00:00,3,1,2
2018-04-06 07:00:00,14,8,6
2018-04-06 08:00:00,18,13,5
2018-04-06 09:00:00,25,13,12
2018-04-06 10:00:00,23,9,14
2018-04-06 11:00:00,17,8,9
2018-04-06 12:00:00,27,15,12
2018-04-06 13:00:00,22,10,12
2018-04-06 14:00:00,18,12,6
2018-04-06 15:00:00,27,10,17
2018-04-06 16:00:00,42,21,21
2018-04-06 17:00:00,66,38,28
2018-04-06 18:00:00,36,21,15
2018-04-06 19:00:00,16,10,6
2018-04-06 20:00:00,7,3,4
2018-04-06 21:00:00,6,5,1
2018-04-06 22:00:00,0,0,0
2018-04-06 23:00:00,0,0,0
2018-04-07 00:00:00,0,0,0
2018-04-07 01:00:00,0,0,0
2018-04-07 02:00:00,0,0,0
2018-04-07 03:00:00,0,0,0
2018-04-07 04:00:00,0,0,0
2018-04-07 05:00:00,1,1,0
2018-04-07 06:00:00,2,0,2
2018-04-07 07:00:00,22,8,14
2018-04-07 08:00:00,23,10,13
2018-04-07 09:00:00,21,12,9
2018-04-07 10:00:00,22,10,12
2018-04-07 11:00:00,64,31,33
2018-04-07 12:00:00,32,19,13
2018-04-07 13:00:00,25,11,14
2018-04-07 14:00:00,19,10,9
2018-04-07 15:00:00,25,12,13
2018-04-07 16:00:00,29,14,15
2018-04-07 17:00:00,17,9,8
2018-04-07 18:00:00,6,2,4
2018-04-07 19:00:00,4,4,0
2018-04-07 20:00:00,4,3,1
2018-04-07 21:00:00,4,2,2
2018-04-07 22:00:00,3,2,1
2018-04-07 23:00:00,0,0,0
2018-04-08 00:00:00,0,0,0
2018-04-08 01:00:00,0,0,0
2018-04-08 02:00:00,0,0,0
2018-04-08 03:00:00,0,0,0
2018-04-08 04:00:00,0,0,0
2018-04-08 05:00:00,0,0,0
2018-04-08 06:00:00,3,2,1
2018-04-08 07:00:00,8,4,4
2018-04-08 08:00:00,20,8,12
2018-04-08 09:00:00,41,20,21
2018-04-08 10:00:00,58,27,31
2018-04-08 11:00:00,41,22,19
2018-04-08 12:00:00,24,16,8
2018-04-08 13:00:00,25,9,16
2018-04-08 14:00:00,42,21,21
2018-04-08 15:00:00,41,23,18
2018-04-08 16:00:00,54,30,24
2018-04-08 17:00:00,27,15,12
2018-04-08 18:00:00,17,8,9
2018-04-08 19:00:00,11,6,5
2018-04-08 20:00:00,10,7,3
2018-04-08 21:00:00,6,3,3
2018-04-08 22:00:00,1,1,0
2018-04-08 23:00:00,4,2,2
2018-04-09 00:00:00,0,0,0
2018-04-09 01:00:00,0,0,0
2018-04-09 02:00:00,0,0,0
2018-04-09 03:00:00,0,0,0
2018-04-09 04:00:00,0,0,0
2018-04-09 05:00:00,0,0,0
2018-04-09 06:00:00,5,1,4
2018-04-09 07:00:00,24,13,11
2018-04-09 08:00:00,22,11,11
2018-04-09 09:00:00,29,15,14
2018-04-09 10:00:00,29,16,13
2018-04-09 11:00:00,18,11,7
2018-04-09 12:00:00,26,11,15
2018-04-09 13:00:00,33,23,10
2018-04-09 14:00:00,20,9,11
2018-04-09 15:00:00,25,13,12
2018-04-09 16:00:00,50,28,22
2018-04-09 17:00:00,61,34,27
2018-04-09 18:00:00,46,20,26
2018-04-09 19:00:00,37,27,10
2018-04-09 20:00:00,8,6,2
2018-04-09 21:00:00,1,1,0
2018-04-09 22:00:00,0,0,0
2018-04-09 23:00:00,1,1,0
2018-04-10 00:00:00,0,0,0
2018-04-10 01:00:00,0,0,0
2018-04-10 02:00:00,0,0,0
2018-04-10 03:00:00,0,0,0
2018-04-10 04:00:00,1,0,1
2018-04-10 05:00:00,0,0,0
2018-04-10 06:00:00,3,2,1
2018-04-10 07:00:00,8,4,4
2018-04-10 08:00:00,12,9,3
2018-04-10 09:00:00,9,5,4
2018-04-10 10:00:00,11,6,5
2018-04-10 11:00:00,3,2,1
2018-04-10 12:00:00,11,5,6
2018-04-10 13:00:00,16,10,6
2018-04-10 14:00:00,16,6,10
2018-04-10 15:00:00,35,23,12
2018-04-10 16:00:00,31,14,17
2018-04-10 17:00:00,42,19,23
2018-04-10 18:00:00,33,14,19
2018-04-10 19:00:00,34,16,18
2018-04-10 20:00:00,9,7,2
2018-04-10 21:00:00,0,0,0
2018-04-10 22:00:00,1,0,1
2018-04-10 23:00:00,0,0,0
2018-04-11 00:00:00,0,0,0
2018-04-11 01:00:00,0,0,0
2018-04-11 02:00:00,0,0,0
2018-04-11 03:00:00,0,0,0
2018-04-11 04:00:00,0,0,0
2018-04-11 05:00:00,3,2,1
2018-04-11 06:00:00,12,5,7
2018-04-11 07:00:00,16,11,5
2018-04-11 08:00:00,20,11,9
2018-04-11 09:00:00,28,12,16
2018-04-11 10:00:00,23,13,10
2018-04-11 11:00:00,9,4,5
2018-04-11 12:00:00,14,9,5
2018-04-11 13:00:00,13,7,6
2018-04-11 14:00:00,6,2,4
2018-04-11 15:00:00,8,6,2
2018-04-11 16:00:00,18,8,10
2018-04-11 17:00:00,24,11,13
2018-04-11 18:00:00,21,8,13
2018-04-11 19:00:00,10,6,4
2018-04-11 20:00:00,7,5,2
2018-04-11 21:00:00,1,0,1
2018-04-11 22:00:00,0,0,0
2018-04-11 23:00:00,0,0,0
2018-04-12 00:00:00,0,0,0
2018-04-12 01:00:00,0,0,0
2018-04-12 02:00:00,0,0,0
2018-04-12 03:00:00,0,0,0
2018-04-12 04:00:00,0,0,0
2018-04-12 05:00:00,0,0,0
2018-04-12 06:00:00,7,4,3
2018-04-12 07:00:00,18,11,7
2018-04-12 08:00:00,23,16,7
2018-04-12 09:00:00,28,14,14
2018-04-12 10:00:00,21,12,9
2018-04-12 11:00:00,9,5,4
2018-04-12 12:00:00,3,1,2
2018-04-12 13:00:00,12,4,8
2018-04-12 14:00:00,5,2,3
2018-04-12 15:00:00,21,9,12
2018-04-12 16:00:00,22,8,14
2018-04-12 17:00:00,31,14,17
2018-04-12 18:00:00,23,9,14
2018-04-12 19:00:00,16,9,7
2018-04-12 20:00:00,6,2,4
2018-04-12 21:00:00,0,0,0
2018-04-12 22:00:00,1,0,1
2018-04-12 23:00:00,1,1,0
2018-04-13 00:00:00,0,0,0
2018-04-13 01:00:00,0,0,0
2018-04-13 02:00:00,0,0,0
2018-04-13 03:00:00,0,0,0
2018-04-13 04:00:00,2,0,2
2018-04-13 05:00:00,0,0,0
2018-04-13 06:00:00,7,4,3
2018-04-13 07:00:00,9,5,4
2018-04-13 08:00:00,28,12,16
2018-04-13 09:00:00,20,12,8
2018-04-13 10:00:00,22,11,11
2018-04-13 11:00:00,22,12,10
2018-04-13 12:00:00,14,7,7
2018-04-13 13:00:00,8,4,4
2018-04-13 14:00:00,5,2,3
2018-04-13 15:00:00,17,5,12
2018-04-13 16:00:00,12,8,4
2018-04-13 17:00:00,15,7,8
2018-04-13 18:00:00,9,4,5
2018-04-13 19:00:00,6,5,1
2018-04-13 20:00:00,3,3,0
2018-04-13 21:00:00,1,1,0
2018-04-13 22:00:00,1,1,0
2018-04-13 23:00:00,0,0,0
2018-04-14 00:00:00,2,1,1
2018-04-14 01:00:00,0,0,0
2018-04-14 02:00:00,0,0,0
2018-04-14 03:00:00,0,0,0
2018-04-14 04:00:00,0,0,0
2018-04-14 05:00:00,1,0,1
2018-04-14 06:00:00,1,0,1
2018-04-14 07:00:00,7,1,6
2018-04-14 08:00:00,29,12,17
2018-04-14 09:00:00,45,23,22
2018-04-14 10:00:00,50,24,26
2018-04-14 11:00:00,34,21,13
2018-04-14 12:00:00,24,13,11
2018-04-14 13:00:00,22,9,13
2018-04-14 14:00:00,24,13,11
2018-04-14 15:00:00,14,10,4
2018-04-14 16:00:00,13,4,9
2018-04-14 17:00:00,6,1,5
2018-04-14 18:00:00,8,7,1
2018-04-14 19:00:00,1,1,0
2018-04-14 20:00:00,0,0,0
2018-04-14 21:00:00,1,0,1
2018-04-14 22:00:00,0,0,0
2018-04-14 23:00:00,0,0,0
2018-04-15 00:00:00,0,0,0
2018-04-15 01:00:00,0,0,0
2018-04-15 02:00:00,0,0,0
2018-04-15 03:00:00,0,0,0
2018-04-15 04:00:00,0,0,0
2018-04-15 05:00:00,0,0,0
2018-04-15 06:00:00,1,0,1
2018-04-15 07:00:00,10,4,6
2018-04-15 08:00:00,29,11,18
2018-04-15 09:00:00,71,34,37
2018-04-15 10:00:00,83,42,41
2018-04-15 11:00:00,68,32,36
2018-04-15 12:00:00,64,39,25
2018-04-15 13:00:00,50,26,24
2018-04-15 14:00:00,36,23,13
2018-04-15 15:00:00,20,10,10
2018-04-15 16:00:00,34,21,13
2018-04-15 17:00:00,17,7,10
2018-04-15 18:00:00,15,6,9
2018-04-15 19:00:00,12,7,5
2018-04-15 20:00:00,6,4,2
2018-04-15 21:00:00,4,2,2
2018-04-15 22:00:00,0,0,0
2018-04-15 23:00:00,2,1,1
2018-04-16 00:00:00,0,0,0
2018-04-16 01:00:00,0,0,0
2018-04-16 02:00:00,0,0,0
2018-04-16 03:00:00,0,0,0
2018-04-16 04:00:00,0,0,0
2018-04-16 05:00:00,0,0,0
2018-04-16 06:00:00,10,4,6
2018-04-16 07:00:00,15,9,6
2018-04-16 08:00:00,14,6,8
2018-04-16 09:00:00,17,10,7
2018-04-16 10:00:00,5,3,2
2018-04-16 11:00:00,8,4,4
2018-04-16 12:00:00,12,6,6
2018-04-16 13:00:00,16,9,7
2018-04-16 14:00:00,13,6,7
2018-04-16 15:00:00,14,9,5
2018-04-16 16:00:00,11,4,7
2018-04-16 17:00:00,18,6,12
2018-04-16 18:00:00,28,12,16
2018-04-16 19:00:00,26,15,11
2018-04-16 20:00:00,4,2,2
2018-04-16 21:00:00,0,0,0
2018-04-16 22:00:00,0,0,0
2018-04-16 23:00:00,0,0,0
2018-04-17 00:00:00,0,0,0
2018-04-17 01:00:00,0,0,0
2018-04-17 02:00:00,0,0,0
2018-04-17 03:00:00,0,0,0
2018-04-17 04:00:00,1,0,1
2018-04-17 05:00:00,2,1,1
2018-04-17 06:00:00,9,4,5
2018-04-17 07:00:00,22,10,12
2018-04-17 08:00:00,22,16,6
2018-04-17 09:00:00,15,7,8
2018-04-17 10:00:00,17,12,5
2018-04-17 11:00:00,15,6,9
2018-04-17 12:00:00,16,8,8
2018-04-17 13:00:00,13,6,7
2018-04-17 14:00:00,14,5,9
2018-04-17 15:00:00,21,13,8
2018-04-17 16:00:00,33,19,14
2018-04-17 17:00:00,47,24,23
2018-04-17 18:00:00,40,22,18
2018-04-17 19:00:00,25,11,14
2018-04-17 20:00:00,9,6,3
2018-04-17 21:00:00,1,0,1
2018-04-17 22:00:00,0,0,0
2018-04-17 23:00:00,0,0,0
2018-04-18 00:00:00,0,0,0
2018-04-18 01:00:00,0,0,0
2018-04-18 02:00:00,0,0,0
2018-04-18 03:00:00,0,0,0
2018-04-18 04:00:00,0,0,0
2018-04-18 05:00:00,1,0,1
2018-04-18 06:00:00,12,6,6
2018-04-18 07:00:00,22,15,7
2018-04-18 08:00:00,22,12,10
2018-04-18 09:00:00,26,14,12
2018-04-18 10:00:00,33,20,13
2018-04-18 11:00:00,24,13,11
2018-04-18 12:00:00,24,15,9
2018-04-18 13:00:00,21,12,9
2018-04-18 14:00:00,25,16,9
2018-04-18 15:00:00,39,24,15
2018-04-18 16:00:00,44,24,20
2018-04-18 17:00:00,47,23,24
2018-04-18 18:00:00,31,21,10
2018-04-18 19:00:00,19,10,9
2018-04-18 20:00:00,9,6,3
2018-04-18 21:00:00,1,0,1
2018-04-18 22:00:00,1,1,0
2018-04-18 23:00:00,1,0,1
2018-04-19 00:00:00,0,0,0
2018-04-19 01:00:00,0,0,0
2018-04-19 02:00:00,0,0,0
2018-04-19 03:00:00,0,0,0
2018-04-19 04:00:00,0,0,0
2018-04-19 05:00:00,1,1,0
2018-04-19 06:00:00,11,6,5
2018-04-19 07:00:00,18,11,7
2018-04-19 08:00:00,31,18,13
2018-04-19 09:00:00,35,14,21
2018-04-19 10:00:00,26,12,14
2018-04-19 11:00:00,45,32,13
2018-04-19 12:00:00,28,19,9
2018-04-19 13:00:00,44,20,24
2018-04-19 14:00:00,37,20,17
2018-04-19 15:00:00,34,19,15
2018-04-19 16:00:00,52,29,23
2018-04-19 17:00:00,44,24,20
2018-04-19 18:00:00,29,18,11
2018-04-19 19:00:00,17,10,7
2018-04-19 20:00:00,12,8,4
2018-04-19 21:00:00,4,2,2
2018-04-19 22:00:00,1,1,0
2018-04-19 23:00:00,0,0,0
2018-04-20 00:00:00,0,0,0
2018-04-20 01:00:00,1,1,0
2018-04-20 02:00:00,2,1,1
2018-04-20 03:00:00,0,0,0
2018-04-20 04:00:00,0,0,0
2018-04-20 05:00:00,1,1,0
2018-04-20 06:00:00,7,4,3
2018-04-20 07:00:00,17,10,7
2018-04-20 08:00:00,30,16,14
2018-04-20 09:00:00,39,18,21
2018-04-20 10:00:00,31,19,12
2018-04-20 11:00:00,25,14,11
2018-04-20 12:00:00,25,14,11
2018-04-20 13:00:00,18,10,8
2018-04-20 14:00:00,20,14,6
2018-04-20 15:00:00,24,15,9
2018-04-20 16:00:00,17,9,8
2018-04-20 17:00:00,22,10,12
2018-04-20 18:00:00,13,7,6
2018-04-20 19:00:00,15,8,7
2018-04-20 20:00:00,6,2,4
2018-04-20 21:00:00,1,1,0
2018-04-20 22:00:00,0,0,0
2018-04-20 23:00:00,1,1,0
2018-04-21 00:00:00,2,1,1
2018-04-21 01:00:00,0,0,0
2018-04-21 02:00:00,0,0,0
2018-04-21 03:00:00,0,0,0
2018-04-21 04:00:00,0,0,0
2018-04-21 05:00:00,0,0,0
2018-04-21 06:00:00,2,2,0
2018-04-21 07:00:00,15,6,9
2018-04-21 08:00:00,31,14,17
2018-04-21 09:00:00,68,29,39
2018-04-21 10:00:00,105,36,69
2018-04-21 11:00:00,85,61,24
2018-04-21 12:00:00,51,26,25
2018-04-21 13:00:00,38,26,12
2018-04-21 14:00:00,33,20,13
2018-04-21 15:00:00,24,16,8
2018-04-21 16:00:00,26,17,9
2018-04-21 17:00:00,27,11,16
2018-04-21 18:00:00,10,8,2
2018-04-21 19:00:00,3,3,0
2018-04-21 20:00:00,4,2,2
2018-04-21 21:00:00,2,2,0
2018-04-21 22:00:00,1,0,1
2018-04-21 23:00:00,0,0,0
2018-04-22 00:00:00,0,0,0
2018-04-22 01:00:00,0,0,0
2018-04-22 02:00:00,0,0,0
2018-04-22 03:00:00,0,0,0
2018-04-22 04:00:00,0,0,0
2018-04-22 05:00:00,0,0,0
2018-04-22 06:00:00,5,3,2
2018-04-22 07:00:00,19,6,13
2018-04-22 08:00:00,177,94,83
2018-04-22 09:00:00,66,36,30
2018-04-22 10:00:00,52,28,24
2018-04-22 11:00:00,16,0,16
2018-04-22 12:00:00,40,23,17
2018-04-22 13:00:00,49,32,17
2018-04-22 14:00:00,57,34,23
2018-04-22 15:00:00,65,33,32
2018-04-22 16:00:00,41,28,13
2018-04-22 17:00:00,56,24,32
2018-04-22 18:00:00,39,22,17
2018-04-22 19:00:00,18,10,8
2018-04-22 20:00:00,3,1,2
2018-04-22 21:00:00,2,2,0
2018-04-22 22:00:00,0,0,0
2018-04-22 23:00:00,0,0,0
2018-04-23 00:00:00,2,1,1
2018-04-23 01:00:00,0,0,0
2018-04-23 02:00:00,0,0,0
2018-04-23 03:00:00,0,0,0
2018-04-23 04:00:00,0,0,0
2018-04-23 05:00:00,1,1,0
2018-04-23 06:00:00,17,8,9
2018-04-23 07:00:00,8,4,4
2018-04-23 08:00:00,23,12,11
2018-04-23 09:00:00,19,13,6
2018-04-23 10:00:00,17,6,11
2018-04-23 11:00:00,18,9,9
2018-04-23 12:00:00,24,17,7
2018-04-23 13:00:00,33,24,9
2018-04-23 14:00:00,34,22,12
2018-04-23 15:00:00,30,14,16
2018-04-23 16:00:00,34,14,20
2018-04-23 17:00:00,38,16,22
2018-04-23 18:00:00,40,18,22
2018-04-23 19:00:00,31,19,12
2018-04-23 20:00:00,12,7,5
2018-04-23 21:00:00,1,1,0
2018-04-23 22:00:00,0,0,0
2018-04-23 23:00:00,0,0,0
2018-04-24 00:00:00,0,0,0
2018-04-24 01:00:00,0,0,0
2018-04-24 02:00:00,0,0,0
2018-04-24 03:00:00,0,0,0
2018-04-24 04:00:00,0,0,0
2018-04-24 05:00:00,1,1,0
2018-04-24 06:00:00,10,6,4
2018-04-24 07:00:00,19,11,8
2018-04-24 08:00:00,40,20,20
2018-04-24 09:00:00,20,11,9
2018-04-24 10:00:00,9,3,6
2018-04-24 11:00:00,14,13,1
2018-04-24 12:00:00,24,14,10
2018-04-24 13:00:00,35,26,9
2018-04-24 14:00:00,33,25,8
2018-04-24 15:00:00,26,17,9
2018-04-24 16:00:00,34,21,13
2018-04-24 17:00:00,44,24,20
2018-04-24 18:00:00,36,18,18
2018-04-24 19:00:00,25,15,10
2018-04-24 20:00:00,19,11,8
2018-04-24 21:00:00,5,4,1
2018-04-24 22:00:00,1,0,1
2018-04-24 23:00:00,0,0,0
2018-04-25 00:00:00,0,0,0
2018-04-25 01:00:00,0,0,0
2018-04-25 02:00:00,0,0,0
2018-04-25 03:00:00,0,0,0
2018-04-25 04:00:00,3,3,0
2018-04-25 05:00:00,2,1,1
2018-04-25 06:00:00,9,5,4
2018-04-25 07:00:00,17,12,5
2018-04-25 08:00:00,29,15,14
2018-04-25 09:00:00,30,18,12
2018-04-25 10:00:00,32,16,16
2018-04-25 11:00:00,22,14,8
2018-04-25 12:00:00,18,10,8
2018-04-25 13:00:00,23,16,7
2018-04-25 14:00:00,5,0,5
2018-04-25 15:00:00,27,14,13
2018-04-25 16:00:00,37,21,16
2018-04-25 17:00:00,32,19,13
2018-04-25 18:00:00,15,8,7
2018-04-25 19:00:00,30,18,12
2018-04-25 20:00:00,26,17,9
2018-04-25 21:00:00,2,1,1
2018-04-25 22:00:00,2,1,1
2018-04-25 23:00:00,1,1,0
2018-04-26 00:00:00,1,0,1
2018-04-26 01:00:00,0,0,0
2018-04-26 02:00:00,0,0,0
2018-04-26 03:00:00,4,4,0
2018-04-26 04:00:00,0,0,0
2018-04-26 05:00:00,1,1,0
2018-04-26 06:00:00,13,7,6
2018-04-26 07:00:00,27,16,11
2018-04-26 08:00:00,32,22,10
2018-04-26 09:00:00,35,21,14
2018-04-26 10:00:00,12,8,4
2018-04-26 11:00:00,13,8,5
2018-04-26 12:00:00,20,16,4
2018-04-26 13:00:00,20,15,5
2018-04-26 14:00:00,21,14,7
2018-04-26 15:00:00,27,21,6
2018-04-26 16:00:00,35,25,10
2018-04-26 17:00:00,32,22,10
2018-04-26 18:00:00,28,14,14
2018-04-26 19:00:00,33,19,14
2018-04-26 20:00:00,13,10,3
2018-04-26 21:00:00,1,1,0
2018-04-26 22:00:00,4,2,2
2018-04-26 23:00:00,0,0,0
2018-04-27 00:00:00,0,0,0
2018-04-27 01:00:00,1,0,1
2018-04-27 02:00:00,0,0,0
2018-04-27 03:00:00,0,0,0
2018-04-27 04:00:00,0,0,0
2018-04-27 05:00:00,2,0,2
2018-04-27 06:00:00,11,7,4
2018-04-27 07:00:00,16,9,7
2018-04-27 08:00:00,27,14,13
2018-04-27 09:00:00,34,15,19
2018-04-27 10:00:00,21,13,8
2018-04-27 11:00:00,20,12,8
2018-04-27 12:00:00,14,9,5
2018-04-27 13:00:00,17,11,6
2018-04-27 14:00:00,18,10,8
2018-04-27 15:00:00,25,12,13
2018-04-27 16:00:00,23,12,11
2018-04-27 17:00:00,22,10,12
2018-04-27 18:00:00,21,8,13
2018-04-27 19:00:00,15,7,8
2018-04-27 20:00:00,5,3,2
2018-04-27 21:00:00,2,1,1
2018-04-27 22:00:00,0,0,0
2018-04-27 23:00:00,0,0,0
2018-04-28 00:00:00,0,0,0
2018-04-28 01:00:00,0,0,0
2018-04-28 02:00:00,0,0,0
2018-04-28 03:00:00,0,0,0
2018-04-28 04:00:00,0,0,0
2018-04-28 05:00:00,0,0,0
2018-04-28 06:00:00,3,1,2
2018-04-28 07:00:00,3,3,0
2018-04-28 08:00:00,22,10,12
2018-04-28 09:00:00,25,14,11
2018-04-28 10:00:00,43,22,21
2018-04-28 11:00:00,48,21,27
2018-04-28 12:00:00,50,29,21
2018-04-28 13:00:00,35,16,19
2018-04-28 14:00:00,22,11,11
2018-04-28 15:00:00,32,16,16
2018-04-28 16:00:00,28,11,17
2018-04-28 17:00:00,16,6,10
2018-04-28 18:00:00,12,8,4
2018-04-28 19:00:00,6,2,4
2018-04-28 20:00:00,5,3,2
2018-04-28 21:00:00,1,0,1
2018-04-28 22:00:00,1,1,0
2018-04-28 23:00:00,2,1,1
2018-04-29 00:00:00,0,0,0
2018-04-29 01:00:00,0,0,0
2018-04-29 02:00:00,0,0,0
2018-04-29 03:00:00,0,0,0
2018-04-29 04:00:00,0,0,0
2018-04-29 05:00:00,0,0,0
2018-04-29 06:00:00,6,2,4
2018-04-29 07:00:00,12,4,8
2018-04-29 08:00:00,30,14,16
2018-04-29 09:00:00,46,24,22
2018-04-29 10:00:00,72,42,30
2018-04-29 11:00:00,59,32,27
2018-04-29 12:00:00,47,22,25
2018-04-29 13:00:00,44,22,22
2018-04-29 14:00:00,7,0,7
2018-04-29 15:00:00,35,18,17
2018-04-29 16:00:00,44,21,23
2018-04-29 17:00:00,40,24,16
2018-04-29 18:00:00,24,13,11
2018-04-29 19:00:00,11,6,5
2018-04-29 20:00:00,4,1,3
2018-04-29 21:00:00,7,4,3
2018-04-29 22:00:00,4,3,1
2018-04-29 23:00:00,2,0,2
2018-04-30 00:00:00,1,1,0
2018-04-30 01:00:00,0,0,0
2018-04-30 02:00:00,0,0,0
2018-04-30 03:00:00,0,0,0
2018-04-30 04:00:00,0,0,0
2018-04-30 05:00:00,2,1,1
2018-04-30 06:00:00,10,6,4
2018-04-30 07:00:00,8,4,4
2018-04-30 08:00:00,204,187,17
2018-04-30 09:00:00,168,159,9
2018-04-30 10:00:00,13,8,5
2018-04-30 11:00:00,23,9,14
2018-04-30 12:00:00,13,5,8
2018-04-30 13:00:00,15,9,6
2018-04-30 14:00:00,16,7,9
2018-04-30 15:00:00,27,12,15
2018-04-30 16:00:00,28,15,13
2018-04-30 17:00:00,22,10,12
2018-04-30 18:00:00,46,24,22
2018-04-30 19:00:00,109,97,12
2018-04-30 20:00:00,11,9,2
2018-04-30 21:00:00,2,1,1
2018-04-30 22:00:00,2,2,0
2018-04-30 23:00:00,9,9,0
2018-05-01 00:00:00,9,9,0
2018-05-01 01:00:00,0,0,0
2018-05-01 02:00:00,6,6,0
2018-05-01 03:00:00,18,18,0
2018-05-01 04:00:00,0,0,0
2018-05-01 05:00:00,0,0,0
2018-05-01 06:00:00,151,145,6
2018-05-01 07:00:00,30,24,6
2018-05-01 08:00:00,125,107,18
2018-05-01 09:00:00,31,0,31
2018-05-01 10:00:00,21,0,21
2018-05-01 11:00:00,21,0,21
2018-05-01 12:00:00,926,912,14
2018-05-01 13:00:00,922,905,17
2018-05-01 14:00:00,701,665,36
2018-05-01 15:00:00,25,0,25
2018-05-01 16:00:00,60,41,19
2018-05-01 17:00:00,420,335,85
2018-05-01 18:00:00,33,0,33
2018-05-01 19:00:00,49,0,49
2018-05-01 20:00:00,629,615,14
2018-05-01 21:00:00,294,286,8
2018-05-01 22:00:00,0,0,0
2018-05-01 23:00:00,214,214,0
2018-05-02 00:00:00,0,0,0
2018-05-02 01:00:00,140,139,1
2018-05-02 02:00:00,0,0,0
2018-05-02 03:00:00,108,108,0
2018-05-02 04:00:00,85,85,0
2018-05-02 05:00:00,90,89,1
2018-05-02 06:00:00,3,0,3
2018-05-02 07:00:00,320,310,10
2018-05-02 08:00:00,18,0,18
2018-05-02 09:00:00,30,0,30
2018-05-02 10:00:00,17,0,17
2018-05-02 11:00:00,787,742,45
2018-05-02 12:00:00,127,0,127
2018-05-02 13:00:00,854,784,70
2018-05-02 14:00:00,823,736,87
2018-05-02 15:00:00,35,0,35
2018-05-02 16:00:00,368,303,65
2018-05-02 17:00:00,1531,1277,254
2018-05-02 18:00:00,454,393,61
2018-05-02 19:00:00,183,159,24
2018-05-02 20:00:00,21,0,21
2018-05-02 21:00:00,2,0,2
2018-05-02 22:00:00,448,448,0
2018-05-02 23:00:00,158,158,0
2018-05-03 00:00:00,252,251,1
2018-05-03 01:00:00,0,0,0
2018-05-03 02:00:00,0,0,0
2018-05-03 03:00:00,0,0,0
2018-05-03 04:00:00,1,0,1
2018-05-03 05:00:00,1,0,1
2018-05-03 06:00:00,168,160,8
2018-05-03 07:00:00,185,172,13
2018-05-03 08:00:00,462,435,27
2018-05-03 09:00:00,956,910,46
2018-05-03 10:00:00,1011,958,53
2018-05-03 11:00:00,533,520,13
2018-05-03 12:00:00,138,132,6
2018-05-03 13:00:00,532,493,39
2018-05-03 14:00:00,463,442,21
2018-05-03 15:00:00,35,0,35
2018-05-03 16:00:00,1581,1490,91
2018-05-03 17:00:00,943,864,79
2018-05-03 18:00:00,23,0,23
2018-05-03 19:00:00,822,743,79
2018-05-03 20:00:00,1232,1219,13
2018-05-03 21:00:00,803,751,52
2018-05-03 22:00:00,2,0,2
2018-05-03 23:00:00,0,0,0
2018-05-04 00:00:00,0,0,0
2018-05-04 01:00:00,1,0,1
2018-05-04 02:00:00,0,0,0
2018-05-04 03:00:00,2582,2582,0
2018-05-04 04:00:00,1972,1971,1
2018-05-04 05:00:00,1122,1119,3
2018-05-04 06:00:00,13,0,13
2018-05-04 07:00:00,11,0,11
2018-05-04 08:00:00,1074,1034,40
2018-05-04 09:00:00,22,0,22
2018-05-04 10:00:00,34,0,34
2018-05-04 11:00:00,56,0,56
2018-05-04 12:00:00,584,522,62
2018-05-04 13:00:00,1284,1052,232
2018-05-04 14:00:00,1191,1123,68
2018-05-04 15:00:00,161,0,161
2018-05-04 16:00:00,998,966,32
2018-05-04 17:00:00,194,0,194
2018-05-04 18:00:00,835,775,60
2018-05-04 19:00:00,76,0,76
2018-05-04 20:00:00,1951,1851,100
2018-05-04 21:00:00,1137,1135,2
2018-05-04 22:00:00,2,0,2
2018-05-04 23:00:00,6,0,6
2018-05-05 00:00:00,1656,1655,1
2018-05-05 01:00:00,827,827,0
2018-05-05 02:00:00,836,836,0
2018-05-05 03:00:00,0,0,0
2018-05-05 04:00:00,155,155,0
2018-05-05 05:00:00,1,0,1
2018-05-05 06:00:00,202,196,6
2018-05-05 07:00:00,607,595,12
2018-05-05 08:00:00,267,246,21
2018-05-05 09:00:00,109,0,109
2018-05-05 10:00:00,474,408,66
2018-05-05 11:00:00,186,0,186
2018-05-05 12:00:00,148,0,148
2018-05-05 13:00:00,1875,1618,257
2018-05-05 14:00:00,2025,1767,258
2018-05-05 15:00:00,1386,1244,142
2018-05-05 16:00:00,1765,1605,160
2018-05-05 17:00:00,831,767,64
2018-05-05 18:00:00,1992,1933,59
2018-05-05 19:00:00,1215,1149,66
2018-05-05 20:00:00,49,48,1
2018-05-05 21:00:00,63,63,0
2018-05-05 22:00:00,2,0,2
2018-05-05 23:00:00,2,0,2
2018-05-06 00:00:00,1884,1883,1
2018-05-06 01:00:00,0,0,0
2018-05-06 02:00:00,851,851,0
2018-05-06 03:00:00,0,0,0
2018-05-06 04:00:00,0,0,0
2018-05-06 05:00:00,1033,1033,0
2018-05-06 06:00:00,11,0,11
2018-05-06 07:00:00,738,709,29
2018-05-06 08:00:00,293,229,64
2018-05-06 09:00:00,172,0,172
2018-05-06 10:00:00,370,318,52
2018-05-06 11:00:00,12,0,12
2018-05-06 12:00:00,217,183,34
2018-05-06 13:00:00,424,347,77
2018-05-06 14:00:00,404,0,404
2018-05-06 15:00:00,2308,1859,449
2018-05-06 16:00:00,28,0,28
2018-05-06 17:00:00,46,31,15
2018-05-06 18:00:00,591,526,65
2018-05-06 19:00:00,30,0,30
2018-05-06 20:00:00,1401,1367,34
2018-05-06 21:00:00,2,0,2
2018-05-06 22:00:00,1579,1556,23
2018-05-06 23:00:00,1082,1082,0
2018-05-07 00:00:00,1352,1352,0
2018-05-07 01:00:00,0,0,0
2018-05-07 02:00:00,0,0,0
2018-05-07 03:00:00,0,0,0
2018-05-07 04:00:00,435,435,0
2018-05-07 05:00:00,0,0,0
2018-05-07 06:00:00,241,238,3
2018-05-07 07:00:00,4,0,4
2018-05-07 08:00:00,196,184,12
2018-05-07 09:00:00,30,0,30
2018-05-07 10:00:00,23,0,23
2018-05-07 11:00:00,118,108,10
2018-05-07 12:00:00,221,212,9
2018-05-07 13:00:00,7,0,7
2018-05-07 14:00:00,716,696,20
2018-05-07 15:00:00,380,364,16
2018-05-07 16:00:00,284,251,33
2018-05-07 17:00:00,43,27,16
2018-05-07 18:00:00,101,75,26
2018-05-07 19:00:00,475,441,34
2018-05-07 20:00:00,891,857,34
2018-05-07 21:00:00,20,19,1
2018-05-07 22:00:00,4,3,1
2018-05-07 23:00:00,1,0,1
2018-05-08 00:00:00,1,1,0
2018-05-08 01:00:00,6,6,0
2018-05-08 02:00:00,3,3,0
2018-05-08 03:00:00,4,4,0
2018-05-08 04:00:00,6,6,0
2018-05-08 05:00:00,312,311,1
2018-05-08 06:00:00,58,48,10
2018-05-08 07:00:00,29,21,8
2018-05-08 08:00:00,50,40,10
2018-05-08 09:00:00,27,13,14
2018-05-08 10:00:00,25,14,11
2018-05-08 11:00:00,15,10,5
2018-05-08 12:00:00,404,378,26
2018-05-08 13:00:00,1644,1551,93
2018-05-08 14:00:00,1629,1458,171
2018-05-08 15:00:00,2026,1784,242
2018-05-08 16:00:00,1287,1152,135
2018-05-08 17:00:00,94,0,94
2018-05-08 18:00:00,1930,1808,122
2018-05-08 19:00:00,1350,1297,53
2018-05-08 20:00:00,35,0,35
2018-05-08 21:00:00,13,0,13
2018-05-08 22:00:00,1036,1036,0
2018-05-08 23:00:00,0,0,0
2018-05-09 00:00:00,282,282,0
2018-05-09 01:00:00,949,949,0
2018-05-09 02:00:00,95,95,0
2018-05-09 03:00:00,0,0,0
2018-05-09 04:00:00,3,3,0
2018-05-09 05:00:00,67,64,3
2018-05-09 06:00:00,21,0,21
2018-05-09 07:00:00,586,566,20
2018-05-09 08:00:00,253,235,18
2018-05-09 09:00:00,619,570,49
2018-05-09 10:00:00,72,63,9
2018-05-09 11:00:00,451,440,11
2018-05-09 12:00:00,7,0,7
2018-05-09 13:00:00,112,105,7
2018-05-09 14:00:00,77,67,10
2018-05-09 15:00:00,51,42,9
2018-05-09 16:00:00,210,189,21
2018-05-09 17:00:00,46,22,24
2018-05-09 18:00:00,348,318,30
2018-05-09 19:00:00,23,10,13
2018-05-09 20:00:00,57,52,5
2018-05-09 21:00:00,2,2,0
2018-05-09 22:00:00,117,117,0
2018-05-09 23:00:00,32,32,0
2018-05-10 00:00:00,0,0,0
2018-05-10 01:00:00,0,0,0
2018-05-10 02:00:00,806,806,0
2018-05-10 03:00:00,1469,1469,0
2018-05-10 04:00:00,904,903,1
2018-05-10 05:00:00,728,691,37
2018-05-10 06:00:00,1347,1311,36
2018-05-10 07:00:00,2053,1918,135
2018-05-10 08:00:00,2952,2646,306
2018-05-10 09:00:00,1645,1539,106
2018-05-10 10:00:00,2071,2022,49
2018-05-10 11:00:00,1470,1447,23
2018-05-10 12:00:00,1236,1205,31
2018-05-10 13:00:00,704,687,17
2018-05-10 14:00:00,224,209,15
2018-05-10 15:00:00,266,244,22
2018-05-10 16:00:00,239,215,24
2018-05-10 17:00:00,258,223,35
2018-05-10 18:00:00,125,98,27
2018-05-10 19:00:00,179,155,24
2018-05-10 20:00:00,100,93,7
2018-05-10 21:00:00,213,205,8
2018-05-10 22:00:00,29,29,0
2018-05-10 23:00:00,123,123,0
2018-05-11 00:00:00,130,130,0
2018-05-11 01:00:00,33,33,0
2018-05-11 02:00:00,109,109,0
2018-05-11 03:00:00,261,261,0
2018-05-11 04:00:00,313,313,0
2018-05-11 05:00:00,2,1,1
2018-05-11 06:00:00,19,12,7
2018-05-11 07:00:00,15,11,4
2018-05-11 08:00:00,28,15,13
2018-05-11 09:00:00,57,38,19
2018-05-11 10:00:00,106,95,11
2018-05-11 11:00:00,104,95,9
2018-05-11 12:00:00,419,397,22
2018-05-11 13:00:00,708,674,34
2018-05-11 14:00:00,706,661,45
2018-05-11 15:00:00,23,14,9
2018-05-11 16:00:00,55,34,21
2018-05-11 17:00:00,40,23,17
2018-05-11 18:00:00,43,22,21
2018-05-11 19:00:00,21,12,9
2018-05-11 20:00:00,6,2,4
2018-05-11 21:00:00,5,5,0
2018-05-11 22:00:00,1,1,0
2018-05-11 23:00:00,14,14,0
2018-05-12 00:00:00,20,20,0
2018-05-12 01:00:00,41,41,0
2018-05-12 02:00:00,23,23,0
2018-05-12 03:00:00,22,22,0
2018-05-12 04:00:00,16,16,0
2018-05-12 05:00:00,28,28,0
2018-05-12 06:00:00,17,9,8
2018-05-12 07:00:00,37,17,20
2018-05-12 08:00:00,111,85,26
2018-05-12 09:00:00,459,321,138
2018-05-12 10:00:00,48,25,23
2018-05-12 11:00:00,103,72,31
2018-05-12 12:00:00,226,187,39
2018-05-12 13:00:00,269,224,45
2018-05-12 14:00:00,2494,2028,466
2018-05-12 15:00:00,1936,1541,395
2018-05-12 16:00:00,2246,1821,425
2018-05-12 17:00:00,2341,1841,500
2018-05-12 18:00:00,1668,1561,107
2018-05-12 19:00:00,1946,1803,143
2018-05-12 20:00:00,701,669,32
2018-05-12 21:00:00,943,940,3
2018-05-12 22:00:00,114,111,3
2018-05-12 23:00:00,3,3,0
2018-05-13 00:00:00,130,129,1
2018-05-13 01:00:00,85,85,0
2018-05-13 02:00:00,271,271,0
2018-05-13 03:00:00,991,991,0
2018-05-13 04:00:00,1007,1007,0
2018-05-13 05:00:00,1374,1368,6
2018-05-13 06:00:00,1409,1389,20
2018-05-13 07:00:00,1687,1568,119
2018-05-13 08:00:00,1481,1327,154
2018-05-13 09:00:00,1047,831,216
2018-05-13 10:00:00,1521,1263,258
2018-05-13 11:00:00,1265,1075,190
2018-05-13 12:00:00,2108,1489,619
2018-05-13 13:00:00,2083,1691,392
2018-05-13 14:00:00,2352,1916,436
2018-05-13 15:00:00,1728,1375,353
2018-05-13 16:00:00,1583,1388,195
2018-05-13 17:00:00,739,681,58
2018-05-13 18:00:00,1956,1693,263
2018-05-13 19:00:00,1124,1072,52
2018-05-13 20:00:00,1588,1531,57
2018-05-13 21:00:00,1661,1644,17
2018-05-13 22:00:00,1878,1872,6
2018-05-13 23:00:00,2657,2656,1
2018-05-14 00:00:00,2206,2202,4
2018-05-14 01:00:00,2067,2067,0
2018-05-14 02:00:00,2103,2103,0
2018-05-14 03:00:00,1552,1552,0
2018-05-14 04:00:00,1684,1682,2
2018-05-14 05:00:00,2017,1924,93
2018-05-14 06:00:00,1783,1650,133
2018-05-14 07:00:00,1617,1479,138
2018-05-14 08:00:00,1603,1381,222
2018-05-14 09:00:00,1596,1437,159
2018-05-14 10:00:00,2142,1938,204
2018-05-14 11:00:00,2176,1922,254
2018-05-14 12:00:00,2218,2019,199
2018-05-14 13:00:00,2364,2128,236
2018-05-14 14:00:00,1475,1375,100
2018-05-14 15:00:00,2507,2271,236
2018-05-14 16:00:00,2484,2078,406
2018-05-14 17:00:00,1107,903,204
2018-05-14 18:00:00,914,707,207
2018-05-14 19:00:00,1342,1042,300
2018-05-14 20:00:00,287,241,46
2018-05-14 21:00:00,372,334,38
2018-05-14 22:00:00,230,228,2
2018-05-14 23:00:00,824,822,2
2018-05-15 00:00:00,946,945,1
2018-05-15 01:00:00,587,587,0
2018-05-15 02:00:00,1822,1822,0
2018-05-15 03:00:00,1852,1852,0
2018-05-15 04:00:00,2154,2148,6
2018-05-15 05:00:00,1697,1623,74
2018-05-15 06:00:00,1939,1684,255
2018-05-15 07:00:00,1403,1201,202
2018-05-15 08:00:00,1874,1626,248
2018-05-15 09:00:00,1886,1528,358
2018-05-15 10:00:00,2164,1878,286
2018-05-15 11:00:00,1680,1504,176
2018-05-15 12:00:00,2073,1953,120
2018-05-15 13:00:00,1537,1427,110
2018-05-15 14:00:00,1142,1046,96
2018-05-15 15:00:00,1142,1048,94
2018-05-15 16:00:00,55,36,19
2018-05-15 17:00:00,169,141,28
2018-05-15 18:00:00,753,538,215
2018-05-15 19:00:00,1032,855,177
2018-05-15 20:00:00,363,318,45
2018-05-15 21:00:00,465,433,32
2018-05-15 22:00:00,1239,1232,7
2018-05-15 23:00:00,488,488,0
2018-05-16 00:00:00,508,505,3
2018-05-16 01:00:00,886,885,1
2018-05-16 02:00:00,190,189,1
2018-05-16 03:00:00,163,162,1
2018-05-16 04:00:00,1617,1617,0
2018-05-16 05:00:00,1416,1385,31
2018-05-16 06:00:00,1895,1697,198
2018-05-16 07:00:00,1305,1179,126
2018-05-16 08:00:00,2408,2164,244
2018-05-16 09:00:00,891,655,236
2018-05-16 10:00:00,1967,1846,121
2018-05-16 11:00:00,2497,2337,160
2018-05-16 12:00:00,2001,1831,170
2018-05-16 13:00:00,1964,1806,158
2018-05-16 14:00:00,1328,1178,150
2018-05-16 15:00:00,773,627,146
2018-05-16 16:00:00,557,470,87
2018-05-16 17:00:00,625,462,163
2018-05-16 18:00:00,449,369,80
2018-05-16 19:00:00,796,686,110
2018-05-16 20:00:00,1200,1076,124
2018-05-16 21:00:00,1499,1425,74
2018-05-16 22:00:00,1420,1400,20
2018-05-16 23:00:00,1137,1109,28
2018-05-17 00:00:00,1090,1065,25
2018-05-17 01:00:00,1668,1668,0
2018-05-17 02:00:00,2091,2091,0
2018-05-17 03:00:00,2190,2190,0
2018-05-17 04:00:00,1295,1295,0
2018-05-17 05:00:00,382,372,10
2018-05-17 06:00:00,587,490,97
2018-05-17 07:00:00,816,721,95
2018-05-17 08:00:00,1270,1117,153
2018-05-17 09:00:00,843,702,141
2018-05-17 10:00:00,1408,1326,82
2018-05-17 11:00:00,2425,2216,209
2018-05-17 12:00:00,2632,2461,171
2018-05-17 13:00:00,2035,1713,322
2018-05-17 14:00:00,2414,2065,349
2018-05-17 15:00:00,271,214,57
2018-05-17 16:00:00,693,504,189
2018-05-17 17:00:00,1006,673,333
2018-05-17 18:00:00,1913,1254,659
2018-05-17 19:00:00,2270,1511,759
2018-05-17 20:00:00,2321,1433,888
2018-05-17 21:00:00,2709,1700,1009
2018-05-17 22:00:00,1830,1100,730
2018-05-17 23:00:00,2843,1502,1341
2018-05-18 00:00:00,1238,565,673
2018-05-18 01:00:00,378,171,207
2018-05-18 02:00:00,1629,738,891
2018-05-18 03:00:00,1849,817,1032
2018-05-18 04:00:00,2342,1201,1141
2018-05-18 05:00:00,2199,1090,1109
2018-05-18 06:00:00,1104,601,503
2018-05-18 07:00:00,480,213,267
2018-05-18 08:00:00,1012,582,430
2018-05-18 09:00:00,162,121,41
2018-05-18 10:00:00,118,42,76
2018-05-18 11:00:00,177,97,80
2018-05-18 12:00:00,389,174,215
2018-05-18 13:00:00,2305,1065,1240
2018-05-18 14:00:00,72,34,38
2018-05-18 15:00:00,8,4,4
2018-05-18 16:00:00,129,47,82
2018-05-18 17:00:00,31,24,7
2018-05-18 18:00:00,170,69,101
2018-05-18 19:00:00,1158,582,576
2018-05-18 20:00:00,3089,1468,1621
2018-05-18 21:00:00,3201,1904,1297
2018-05-18 22:00:00,2572,1572,1000
2018-05-18 23:00:00,2520,1513,1007
2018-05-19 00:00:00,3025,2336,689
2018-05-19 01:00:00,2455,1886,569
2018-05-19 02:00:00,1139,796,343
2018-05-19 03:00:00,2259,1589,670
2018-05-19 04:00:00,2191,1389,802
2018-05-19 05:00:00,1690,1014,676
2018-05-19 06:00:00,2309,1398,911
2018-05-19 07:00:00,1314,781,533
2018-05-19 08:00:00,1262,772,490
2018-05-19 09:00:00,1687,1099,588
2018-05-19 10:00:00,1626,943,683
2018-05-19 11:00:00,1754,1006,748
2018-05-19 12:00:00,2565,1544,1021
2018-05-19 13:00:00,2186,1294,892
2018-05-19 14:00:00,1290,807,483
2018-05-19 15:00:00,1435,868,567
2018-05-19 16:00:00,1327,896,431
2018-05-19 17:00:00,2134,1321,813
2018-05-19 18:00:00,1306,879,427
2018-05-19 19:00:00,2870,2252,618
2018-05-19 20:00:00,1553,1252,301
2018-05-19 21:00:00,1845,1394,451
2018-05-19 22:00:00,2734,1999,735
2018-05-19 23:00:00,3094,2241,853
2018-05-20 00:00:00,3462,2456,1006
2018-05-20 01:00:00,3009,2122,887
2018-05-20 02:00:00,2078,1440,638
2018-05-20 03:00:00,2511,1817,694
2018-05-20 04:00:00,2817,2030,787
2018-05-20 05:00:00,1837,1320,517
2018-05-20 06:00:00,2550,1762,788
2018-05-20 07:00:00,2739,1929,810
2018-05-20 08:00:00,3137,2000,1137
2018-05-20 09:00:00,2586,1633,953
2018-05-20 10:00:00,2346,1643,703
2018-05-20 11:00:00,2866,1711,1155
2018-05-20 12:00:00,2777,1843,934
2018-05-20 13:00:00,2343,1449,894
2018-05-20 14:00:00,3496,2011,1485
2018-05-20 15:00:00,1467,816,651
2018-05-20 16:00:00,2857,1463,1394
2018-05-20 17:00:00,2900,1831,1069
2018-05-20 18:00:00,1895,1200,695
2018-05-20 19:00:00,2071,1478,593
2018-05-20 20:00:00,2264,1499,765
2018-05-20 21:00:00,2137,1509,628
2018-05-20 22:00:00,2090,1397,693
2018-05-20 23:00:00,1913,1365,548
2018-05-21 00:00:00,2434,1591,843
2018-05-21 01:00:00,1556,1065,491
2018-05-21 02:00:00,2254,1469,785
2018-05-21 03:00:00,1658,1188,470
2018-05-21 04:00:00,1796,1488,308
2018-05-21 05:00:00,2290,1724,566
2018-05-21 06:00:00,2748,1998,750
2018-05-21 07:00:00,1928,1532,396
2018-05-21 08:00:00,2440,1807,633
2018-05-21 09:00:00,1825,1404,421
2018-05-21 10:00:00,1348,960,388
2018-05-21 11:00:00,1800,1384,416
2018-05-21 12:00:00,1474,1209,265
2018-05-21 13:00:00,1508,1213,295
2018-05-21 14:00:00,1641,1311,330
2018-05-21 15:00:00,1507,1144,363
2018-05-21 16:00:00,1923,1417,506
2018-05-21 17:00:00,2216,1588,628
2018-05-21 18:00:00,2072,1524,548
2018-05-21 19:00:00,2162,1726,436
2018-05-21 20:00:00,1964,1609,355
2018-05-21 21:00:00,1467,1288,179
2018-05-21 22:00:00,1985,1627,358
2018-05-21 23:00:00,938,901,37
2018-05-22 00:00:00,1125,931,194
2018-05-22 01:00:00,1690,1432,258
2018-05-22 02:00:00,982,810,172
2018-05-22 03:00:00,1230,962,268
2018-05-22 04:00:00,880,714,166
2018-05-22 05:00:00,888,778,110
2018-05-22 06:00:00,1682,1367,315
2018-05-22 07:00:00,1918,1468,450
2018-05-22 08:00:00,1676,1455,221
2018-05-22 09:00:00,1427,1254,173
2018-05-22 10:00:00,2897,2648,249
2018-05-22 11:00:00,2341,1993,348
2018-05-22 12:00:00,1289,1120,169
2018-05-22 13:00:00,1214,1114,100
2018-05-22 14:00:00,1416,1295,121
2018-05-22 15:00:00,1027,910,117
2018-05-22 16:00:00,632,516,116
2018-05-22 17:00:00,1830,1352,478
2018-05-22 18:00:00,944,775,169
2018-05-22 19:00:00,1578,1330,248
2018-05-22 20:00:00,1808,1541,267
2018-05-22 21:00:00,687,567,120
2018-05-22 22:00:00,1942,1767,175
2018-05-22 23:00:00,2365,2051,314
2018-05-23 00:00:00,2418,2186,232
2018-05-23 01:00:00,2193,1920,273
2018-05-23 02:00:00,2336,2055,281
2018-05-23 03:00:00,2272,2053,219
2018-05-23 04:00:00,2248,1997,251
2018-05-23 05:00:00,2434,2059,375
2018-05-23 06:00:00,2991,2310,681
2018-05-23 07:00:00,1255,983,272
2018-05-23 08:00:00,460,277,183
2018-05-23 09:00:00,317,167,150
2018-05-23 10:00:00,1081,564,517
2018-05-23 11:00:00,555,293,262
2018-05-23 12:00:00,324,154,170
2018-05-23 13:00:00,35,17,18
2018-05-23 14:00:00,2,1,1
2018-05-23 15:00:00,12,1,11
2018-05-23 16:00:00,0,0,0
2018-05-23 17:00:00,0,0,0
2018-05-23 18:00:00,25,1,24
2018-05-23 19:00:00,183,126,57
2018-05-23 20:00:00,174,64,110
2018-05-23 21:00:00,0,0,0
2018-05-23 22:00:00,19,8,11
2018-05-23 23:00:00,340,156,184
2018-05-24 00:00:00,1184,580,604
2018-05-24 01:00:00,593,230,363
2018-05-24 02:00:00,1299,685,614
2018-05-24 03:00:00,685,366,319
2018-05-24 04:00:00,899,488,411
2018-05-24 05:00:00,1,1,0
2018-05-24 06:00:00,0,0,0
2018-05-24 07:00:00,0,0,0
2018-05-24 08:00:00,0,0,0
2018-05-24 09:00:00,0,0,0
2018-05-24 10:00:00,0,0,0
2018-05-24 11:00:00,0,0,0
2018-05-24 12:00:00,0,0,0
2018-05-24 13:00:00,0,0,0
2018-05-24 14:00:00,0,0,0
2018-05-24 15:00:00,0,0,0
2018-05-24 16:00:00,0,0,0
2018-05-24 17:00:00,0,0,0
2018-05-24 18:00:00,0,0,0
2018-05-24 19:00:00,0,0,0
2018-05-24 20:00:00,0,0,0
2018-05-24 21:00:00,0,0,0
2018-05-24 22:00:00,0,0,0
2018-05-24 23:00:00,0,0,0
2018-05-25 00:00:00,0,0,0
2018-05-25 01:00:00,0,0,0
2018-05-25 02:00:00,0,0,0
2018-05-25 03:00:00,0,0,0
2018-05-25 04:00:00,0,0,0
2018-05-25 05:00:00,0,0,0
2018-05-25 06:00:00,0,0,0
2018-05-25 07:00:00,0,0,0
2018-05-25 08:00:00,0,0,0
2018-05-25 09:00:00,0,0,0
2018-05-25 10:00:00,0,0,0
2018-05-25 11:00:00,0,0,0
2018-05-25 12:00:00,0,0,0
2018-05-25 13:00:00,0,0,0
2018-05-25 14:00:00,0,0,0
2018-05-25 15:00:00,0,0,0
2018-05-25 16:00:00,0,0,0
2018-05-25 17:00:00,0,0,0
2018-05-25 18:00:00,0,0,0
2018-05-25 19:00:00,0,0,0
2018-05-25 20:00:00,0,0,0
2018-05-25 21:00:00,0,0,0
2018-05-25 22:00:00,0,0,0
2018-05-25 23:00:00,0,0,0
2018-05-26 00:00:00,0,0,0
2018-05-26 01:00:00,0,0,0
2018-05-26 02:00:00,0,0,0
2018-05-26 03:00:00,0,0,0
2018-05-26 04:00:00,0,0,0
2018-05-26 05:00:00,0,0,0
2018-05-26 06:00:00,0,0,0
2018-05-26 07:00:00,0,0,0
2018-05-26 08:00:00,0,0,0
2018-05-26 09:00:00,0,0,0
2018-05-26 10:00:00,0,0,0
2018-05-26 11:00:00,0,0,0
2018-05-26 12:00:00,0,0,0
2018-05-26 13:00:00,0,0,0
2018-05-26 14:00:00,0,0,0
2018-05-26 15:00:00,0,0,0
2018-05-26 16:00:00,0,0,0
2018-05-26 17:00:00,0,0,0
2018-05-26 18:00:00,0,0,0
2018-05-26 19:00:00,0,0,0
2018-05-26 20:00:00,0,0,0
2018-05-26 21:00:00,0,0,0
2018-05-26 22:00:00,0,0,0
2018-05-26 23:00:00,0,0,0
2018-05-27 00:00:00,0,0,0
2018-05-27 01:00:00,0,0,0
2018-05-27 02:00:00,0,0,0
2018-05-27 03:00:00,0,0,0
2018-05-27 04:00:00,0,0,0
2018-05-27 05:00:00,0,0,0
2018-05-27 06:00:00,0,0,0
2018-05-27 07:00:00,0,0,0
2018-05-27 08:00:00,0,0,0
2018-05-27 09:00:00,0,0,0
2018-05-27 10:00:00,0,0,0
2018-05-27 11:00:00,0,0,0
2018-05-27 12:00:00,0,0,0
2018-05-27 13:00:00,0,0,0
2018-05-27 14:00:00,0,0,0
2018-05-27 15:00:00,0,0,0
2018-05-27 16:00:00,0,0,0
2018-05-27 17:00:00,0,0,0
2018-05-27 18:00:00,0,0,0
2018-05-27 19:00:00,0,0,0
2018-05-27 20:00:00,0,0,0
2018-05-27 21:00:00,0,0,0
2018-05-27 22:00:00,0,0,0
2018-05-27 23:00:00,0,0,0
2018-05-28 00:00:00,0,0,0
2018-05-28 01:00:00,0,0,0
2018-05-28 02:00:00,0,0,0
2018-05-28 03:00:00,0,0,0
2018-05-28 04:00:00,0,0,0
2018-05-28 05:00:00,0,0,0
2018-05-28 06:00:00,0,0,0
2018-05-28 07:00:00,0,0,0
2018-05-28 08:00:00,0,0,0
2018-05-28 09:00:00,0,0,0
2018-05-28 10:00:00,0,0,0
2018-05-28 11:00:00,0,0,0
2018-05-28 12:00:00,0,0,0
2018-05-28 13:00:00,0,0,0
2018-05-28 14:00:00,0,0,0
2018-05-28 15:00:00,0,0,0
2018-05-28 16:00:00,0,0,0
2018-05-28 17:00:00,0,0,0
2018-05-28 18:00:00,0,0,0
2018-05-28 19:00:00,0,0,0
2018-05-28 20:00:00,0,0,0
2018-05-28 21:00:00,0,0,0
2018-05-28 22:00:00,0,0,0
2018-05-28 23:00:00,0,0,0
2018-05-29 00:00:00,0,0,0
2018-05-29 01:00:00,0,0,0
2018-05-29 02:00:00,0,0,0
2018-05-29 03:00:00,0,0,0
2018-05-29 04:00:00,0,0,0
2018-05-29 05:00:00,0,0,0
2018-05-29 06:00:00,0,0,0
2018-05-29 07:00:00,0,0,0
2018-05-29 08:00:00,0,0,0
2018-05-29 09:00:00,0,0,0
2018-05-29 10:00:00,0,0,0
2018-05-29 11:00:00,0,0,0
2018-05-29 12:00:00,0,0,0
2018-05-29 13:00:00,0,0,0
2018-05-29 14:00:00,0,0,0
2018-05-29 15:00:00,0,0,0
2018-05-29 16:00:00,0,0,0
2018-05-29 17:00:00,0,0,0
2018-05-29 18:00:00,0,0,0
2018-05-29 19:00:00,0,0,0
2018-05-29 20:00:00,0,0,0
2018-05-29 21:00:00,0,0,0
2018-05-29 22:00:00,0,0,0
2018-05-29 23:00:00,0,0,0
2018-05-30 00:00:00,0,0,0
2018-05-30 01:00:00,0,0,0
2018-05-30 02:00:00,0,0,0
2018-05-30 03:00:00,5118,1023,4095
2018-05-30 04:00:00,2302,2047,255
2018-05-30 05:00:00,0,0,0
2018-05-30 06:00:00,511,511,0
2018-05-30 07:00:00,0,0,0
2018-05-30 08:00:00,0,0,0
2018-05-30 09:00:00,0,0,0
2018-05-30 10:00:00,0,0,0
2018-05-30 11:00:00,0,0,0
2018-05-30 12:00:00,0,0,0
2018-05-30 13:00:00,0,0,0
2018-05-30 14:00:00,0,0,0
2018-05-30 15:00:00,0,0,0
2018-05-30 16:00:00,0,0,0
2018-05-30 17:00:00,0,0,0
2018-05-30 18:00:00,0,0,0
2018-05-30 19:00:00,0,0,0
2018-05-30 20:00:00,0,0,0
2018-05-30 21:00:00,0,0,0
2018-05-30 22:00:00,0,0,0
2018-05-30 23:00:00,0,0,0
2018-05-31 00:00:00,0,0,0
2018-05-31 01:00:00,0,0,0
2018-05-31 02:00:00,0,0,0
2018-05-31 03:00:00,0,0,0
2018-05-31 04:00:00,0,0,0
2018-05-31 05:00:00,0,0,0
2018-05-31 06:00:00,0,0,0
2018-05-31 07:00:00,0,0,0
2018-05-31 08:00:00,0,0,0
2018-05-31 09:00:00,0,0,0
2018-05-31 10:00:00,0,0,0
2018-05-31 11:00:00,0,0,0
2018-05-31 12:00:00,0,0,0
2018-05-31 13:00:00,0,0,0
2018-05-31 14:00:00,26,25,1
2018-05-31 15:00:00,0,0,0
2018-05-31 16:00:00,0,0,0
2018-05-31 17:00:00,0,0,0
2018-05-31 18:00:00,0,0,0
2018-05-31 19:00:00,0,0,0
2018-05-31 20:00:00,0,0,0
2018-05-31 21:00:00,0,0,0
2018-05-31 22:00:00,0,0,0
2018-05-31 23:00:00,0,0,0
2018-06-01 00:00:00,0,0,0
2018-06-01 01:00:00,0,0,0
2018-06-01 02:00:00,0,0,0
2018-06-01 03:00:00,0,0,0
2018-06-01 04:00:00,0,0,0
2018-06-01 05:00:00,0,0,0
2018-06-01 06:00:00,0,0,0
2018-06-01 07:00:00,0,0,0
2018-06-01 08:00:00,0,0,0
2018-06-01 09:00:00,0,0,0
2018-06-01 10:00:00,0,0,0
2018-06-01 11:00:00,0,0,0
2018-06-01 12:00:00,0,0,0
2018-06-01 13:00:00,0,0,0
2018-06-01 14:00:00,0,0,0
2018-06-01 15:00:00,0,0,0
2018-06-01 16:00:00,0,0,0
2018-06-01 17:00:00,0,0,0
2018-06-01 18:00:00,0,0,0
2018-06-01 19:00:00,0,0,0
2018-06-01 20:00:00,0,0,0
2018-06-01 21:00:00,0,0,0
2018-06-01 22:00:00,0,0,0
2018-06-01 23:00:00,0,0,0
2018-06-02 00:00:00,0,0,0
2018-06-02 01:00:00,0,0,0
2018-06-02 02:00:00,0,0,0
2018-06-02 03:00:00,0,0,0
2018-06-02 04:00:00,0,0,0
2018-06-02 05:00:00,0,0,0
2018-06-02 06:00:00,0,0,0
2018-06-02 07:00:00,0,0,0
2018-06-02 08:00:00,0,0,0
2018-06-02 09:00:00,0,0,0
2018-06-02 10:00:00,0,0,0
2018-06-02 11:00:00,0,0,0
2018-06-02 12:00:00,0,0,0
2018-06-02 13:00:00,0,0,0
2018-06-02 14:00:00,0,0,0
2018-06-02 15:00:00,0,0,0
2018-06-02 16:00:00,0,0,0
2018-06-02 17:00:00,0,0,0
2018-06-02 18:00:00,0,0,0
2018-06-02 19:00:00,0,0,0
2018-06-02 20:00:00,0,0,0
2018-06-02 21:00:00,0,0,0
2018-06-02 22:00:00,0,0,0
2018-06-02 23:00:00,0,0,0
2018-06-03 00:00:00,0,0,0
2018-06-03 01:00:00,0,0,0
2018-06-03 02:00:00,0,0,0
2018-06-03 03:00:00,0,0,0
2018-06-03 04:00:00,0,0,0
2018-06-03 05:00:00,0,0,0
2018-06-03 06:00:00,0,0,0
2018-06-03 07:00:00,0,0,0
2018-06-03 08:00:00,0,0,0
2018-06-03 09:00:00,0,0,0
2018-06-03 10:00:00,0,0,0
2018-06-03 11:00:00,0,0,0
2018-06-03 12:00:00,0,0,0
2018-06-03 13:00:00,0,0,0
2018-06-03 14:00:00,0,0,0
2018-06-03 15:00:00,0,0,0
2018-06-03 16:00:00,0,0,0
2018-06-03 17:00:00,0,0,0
2018-06-03 18:00:00,0,0,0
2018-06-03 19:00:00,0,0,0
2018-06-03 20:00:00,0,0,0
2018-06-03 21:00:00,0,0,0
2018-06-03 22:00:00,0,0,0
2018-06-03 23:00:00,0,0,0
2018-06-04 00:00:00,0,0,0
2018-06-04 01:00:00,0,0,0
2018-06-04 02:00:00,0,0,0
2018-06-04 03:00:00,0,0,0
2018-06-04 04:00:00,0,0,0
2018-06-04 05:00:00,0,0,0
2018-06-04 06:00:00,0,0,0
2018-06-04 07:00:00,0,0,0
2018-06-04 08:00:00,0,0,0
2018-06-04 09:00:00,0,0,0
2018-06-04 10:00:00,0,0,0
2018-06-04 11:00:00,0,0,0
2018-06-04 12:00:00,0,0,0
2018-06-04 13:00:00,0,0,0
2018-06-04 14:00:00,0,0,0
2018-06-04 15:00:00,0,0,0
2018-06-04 16:00:00,0,0,0
2018-06-04 17:00:00,0,0,0
2018-06-04 18:00:00,0,0,0
2018-06-04 19:00:00,0,0,0
2018-06-04 20:00:00,0,0,0
2018-06-04 21:00:00,0,0,0
2018-06-04 22:00:00,0,0,0
2018-06-04 23:00:00,0,0,0
2018-06-05 00:00:00,0,0,0
2018-06-05 01:00:00,0,0,0
2018-06-05 02:00:00,0,0,0
2018-06-05 03:00:00,0,0,0
2018-06-05 04:00:00,0,0,0
2018-06-05 05:00:00,0,0,0
2018-06-05 06:00:00,0,0,0
2018-06-05 07:00:00,0,0,0
2018-06-05 08:00:00,0,0,0
2018-06-05 09:00:00,0,0,0
2018-06-05 10:00:00,0,0,0
2018-06-05 11:00:00,0,0,0
2018-06-05 12:00:00,0,0,0
2018-06-05 13:00:00,0,0,0
2018-06-05 14:00:00,0,0,0
2018-06-05 15:00:00,0,0,0
2018-06-05 16:00:00,0,0,0
2018-06-05 17:00:00,0,0,0
2018-06-05 18:00:00,0,0,0
2018-06-05 19:00:00,0,0,0
2018-06-05 20:00:00,0,0,0
2018-06-05 21:00:00,0,0,0
2018-06-05 22:00:00,0,0,0
2018-06-05 23:00:00,0,0,0
2018-06-06 00:00:00,0,0,0
2018-06-06 01:00:00,0,0,0
2018-06-06 02:00:00,0,0,0
2018-06-06 03:00:00,0,0,0
2018-06-06 04:00:00,0,0,0
2018-06-06 05:00:00,0,0,0
2018-06-06 06:00:00,0,0,0
2018-06-06 07:00:00,0,0,0
2018-06-06 08:00:00,0,0,0
2018-06-06 09:00:00,0,0,0
2018-06-06 10:00:00,0,0,0
2018-06-06 11:00:00,0,0,0
2018-06-06 12:00:00,0,0,0
2018-06-06 13:00:00,0,0,0
2018-06-06 14:00:00,0,0,0
2018-06-06 15:00:00,0,0,0
2018-06-06 16:00:00,0,0,0
2018-06-06 17:00:00,0,0,0
2018-06-06 18:00:00,0,0,0
2018-06-06 19:00:00,0,0,0
2018-06-06 20:00:00,0,0,0
2018-06-06 21:00:00,0,0,0
2018-06-06 22:00:00,0,0,0
2018-06-06 23:00:00,0,0,0
2018-06-07 00:00:00,0,0,0
2018-06-07 01:00:00,0,0,0
2018-06-07 02:00:00,0,0,0
2018-06-07 03:00:00,0,0,0
2018-06-07 04:00:00,0,0,0
2018-06-07 05:00:00,0,0,0
2018-06-07 06:00:00,0,0,0
2018-06-07 07:00:00,0,0,0
2018-06-07 08:00:00,0,0,0
2018-06-07 09:00:00,0,0,0
2018-06-07 10:00:00,0,0,0
2018-06-07 11:00:00,0,0,0
2018-06-07 12:00:00,0,0,0
2018-06-07 13:00:00,0,0,0
2018-06-07 14:00:00,0,0,0
2018-06-07 15:00:00,0,0,0
2018-06-07 16:00:00,0,0,0
2018-06-07 17:00:00,0,0,0
2018-06-07 18:00:00,0,0,0
2018-06-07 19:00:00,0,0,0
2018-06-07 20:00:00,0,0,0
2018-06-07 21:00:00,0,0,0
2018-06-07 22:00:00,0,0,0
2018-06-07 23:00:00,0,0,0
2018-06-08 00:00:00,0,0,0
2018-06-08 01:00:00,0,0,0
2018-06-08 02:00:00,0,0,0
2018-06-08 03:00:00,0,0,0
2018-06-08 04:00:00,0,0,0
2018-06-08 05:00:00,0,0,0
2018-06-08 06:00:00,0,0,0
2018-06-08 07:00:00,0,0,0
2018-06-08 08:00:00,0,0,0
2018-06-08 09:00:00,0,0,0
2018-06-08 10:00:00,0,0,0
2018-06-08 11:00:00,0,0,0
2018-06-08 12:00:00,0,0,0
2018-06-08 13:00:00,0,0,0
2018-06-08 14:00:00,0,0,0
2018-06-08 15:00:00,0,0,0
2018-06-08 16:00:00,0,0,0
2018-06-08 17:00:00,0,0,0
2018-06-08 18:00:00,0,0,0
2018-06-08 19:00:00,0,0,0
2018-06-08 20:00:00,0,0,0
2018-06-08 21:00:00,0,0,0
2018-06-08 22:00:00,0,0,0
2018-06-08 23:00:00,0,0,0
2018-06-09 00:00:00,0,0,0
2018-06-09 01:00:00,0,0,0
2018-06-09 02:00:00,0,0,0
2018-06-09 03:00:00,0,0,0
2018-06-09 04:00:00,0,0,0
2018-06-09 05:00:00,0,0,0
2018-06-09 06:00:00,0,0,0
2018-06-09 07:00:00,0,0,0
2018-06-09 08:00:00,0,0,0
2018-06-09 09:00:00,0,0,0
2018-06-09 10:00:00,0,0,0
2018-06-09 11:00:00,0,0,0
2018-06-09 12:00:00,0,0,0
2018-06-09 13:00:00,0,0,0
2018-06-09 14:00:00,0,0,0
2018-06-09 15:00:00,0,0,0
2018-06-09 16:00:00,0,0,0
2018-06-09 17:00:00,0,0,0
2018-06-09 18:00:00,0,0,0
2018-06-09 19:00:00,0,0,0
2018-06-09 20:00:00,0,0,0
2018-06-09 21:00:00,0,0,0
2018-06-09 22:00:00,0,0,0
2018-06-09 23:00:00,0,0,0
2018-06-10 00:00:00,0,0,0
2018-06-10 01:00:00,0,0,0
2018-06-10 02:00:00,0,0,0
2018-06-10 03:00:00,0,0,0
2018-06-10 04:00:00,0,0,0
2018-06-10 05:00:00,0,0,0
2018-06-10 06:00:00,0,0,0
2018-06-10 07:00:00,0,0,0
2018-06-10 08:00:00,0,0,0
2018-06-10 09:00:00,0,0,0
2018-06-10 10:00:00,0,0,0
2018-06-10 11:00:00,0,0,0
2018-06-10 12:00:00,0,0,0
2018-06-10 13:00:00,0,0,0
2018-06-10 14:00:00,0,0,0
2018-06-10 15:00:00,0,0,0
2018-06-10 16:00:00,0,0,0
2018-06-10 17:00:00,0,0,0
2018-06-10 18:00:00,0,0,0
2018-06-10 19:00:00,0,0,0
2018-06-10 20:00:00,0,0,0
2018-06-10 21:00:00,0,0,0
2018-06-10 22:00:00,0,0,0
2018-06-10 23:00:00,0,0,0
2018-06-11 00:00:00,0,0,0
2018-06-11 01:00:00,0,0,0
2018-06-11 02:00:00,0,0,0
2018-06-11 03:00:00,0,0,0
2018-06-11 04:00:00,0,0,0
2018-06-11 05:00:00,0,0,0
2018-06-11 06:00:00,0,0,0
2018-06-11 07:00:00,0,0,0
2018-06-11 08:00:00,0,0,0
2018-06-11 09:00:00,0,0,0
2018-06-11 10:00:00,0,0,0
2018-06-11 11:00:00,0,0,0
2018-06-11 12:00:00,0,0,0
2018-06-11 13:00:00,0,0,0
2018-06-11 14:00:00,0,0,0
2018-06-11 15:00:00,0,0,0
2018-06-11 16:00:00,0,0,0
2018-06-11 17:00:00,0,0,0
2018-06-11 18:00:00,0,0,0
2018-06-11 19:00:00,0,0,0
2018-06-11 20:00:00,0,0,0
2018-06-11 21:00:00,0,0,0
2018-06-11 22:00:00,0,0,0
2018-06-11 23:00:00,0,0,0
2018-06-12 00:00:00,0,0,0
2018-06-12 01:00:00,0,0,0
2018-06-12 02:00:00,0,0,0
2018-06-12 03:00:00,0,0,0
2018-06-12 04:00:00,0,0,0
2018-06-12 05:00:00,0,0,0
2018-06-12 06:00:00,0,0,0
2018-06-12 07:00:00,0,0,0
2018-06-12 08:00:00,0,0,0
2018-06-12 09:00:00,0,0,0
2018-06-12 10:00:00,0,0,0
2018-06-12 11:00:00,0,0,0
2018-06-12 12:00:00,0,0,0
2018-06-12 13:00:00,0,0,0
2018-06-12 14:00:00,0,0,0
2018-06-12 15:00:00,0,0,0
2018-06-12 16:00:00,0,0,0
2018-06-12 17:00:00,0,0,0
2018-06-12 18:00:00,0,0,0
2018-06-12 19:00:00,0,0,0
2018-06-12 20:00:00,0,0,0
2018-06-12 21:00:00,0,0,0
2018-06-12 22:00:00,0,0,0
2018-06-12 23:00:00,0,0,0
2018-06-13 00:00:00,0,0,0
2018-06-13 01:00:00,0,0,0
2018-06-13 02:00:00,0,0,0
2018-06-13 03:00:00,0,0,0
2018-06-13 04:00:00,0,0,0
2018-06-13 05:00:00,0,0,0
2018-06-13 06:00:00,0,0,0
2018-06-13 07:00:00,0,0,0
2018-06-13 08:00:00,0,0,0
2018-06-13 09:00:00,0,0,0
2018-06-13 10:00:00,0,0,0
2018-06-13 11:00:00,0,0,0
2018-06-13 12:00:00,0,0,0
2018-06-13 13:00:00,0,0,0
2018-06-13 14:00:00,0,0,0
2018-06-13 15:00:00,0,0,0
2018-06-13 16:00:00,0,0,0
2018-06-13 17:00:00,0,0,0
2018-06-13 18:00:00,0,0,0
2018-06-13 19:00:00,0,0,0
2018-06-13 20:00:00,0,0,0
2018-06-13 21:00:00,0,0,0
2018-06-13 22:00:00,0,0,0
2018-06-13 23:00:00,0,0,0
2018-06-14 00:00:00,0,0,0
2018-06-14 01:00:00,0,0,0
2018-06-14 02:00:00,0,0,0
2018-06-14 03:00:00,0,0,0
2018-06-14 04:00:00,0,0,0
2018-06-14 05:00:00,0,0,0
2018-06-14 06:00:00,0,0,0
2018-06-14 07:00:00,0,0,0
2018-06-14 08:00:00,0,0,0
2018-06-14 09:00:00,0,0,0
2018-06-14 10:00:00,0,0,0
2018-06-14 11:00:00,0,0,0
2018-06-14 12:00:00,0,0,0
2018-06-14 13:00:00,0,0,0
2018-06-14 14:00:00,0,0,0
2018-06-14 15:00:00,0,0,0
2018-06-14 16:00:00,0,0,0
2018-06-14 17:00:00,0,0,0
2018-06-14 18:00:00,0,0,0
2018-06-14 19:00:00,0,0,0
2018-06-14 20:00:00,0,0,0
2018-06-14 21:00:00,0,0,0
2018-06-14 22:00:00,0,0,0
2018-06-14 23:00:00,0,0,0
2018-06-15 00:00:00,0,0,0
2018-06-15 01:00:00,0,0,0
2018-06-15 02:00:00,0,0,0
2018-06-15 03:00:00,0,0,0
2018-06-15 04:00:00,0,0,0
2018-06-15 05:00:00,0,0,0
2018-06-15 06:00:00,0,0,0
2018-06-15 07:00:00,0,0,0
2018-06-15 08:00:00,0,0,0
2018-06-15 09:00:00,0,0,0
2018-06-15 10:00:00,0,0,0
2018-06-15 11:00:00,0,0,0
2018-06-15 12:00:00,0,0,0
2018-06-15 13:00:00,0,0,0
2018-06-15 14:00:00,0,0,0
2018-06-15 15:00:00,0,0,0
2018-06-15 16:00:00,0,0,0
2018-06-15 17:00:00,0,0,0
2018-06-15 18:00:00,0,0,0
2018-06-15 19:00:00,0,0,0
2018-06-15 20:00:00,0,0,0
2018-06-15 21:00:00,0,0,0
2018-06-15 22:00:00,0,0,0
2018-06-15 23:00:00,0,0,0
2018-06-16 00:00:00,0,0,0
2018-06-16 01:00:00,0,0,0
2018-06-16 02:00:00,0,0,0
2018-06-16 03:00:00,0,0,0
2018-06-16 04:00:00,0,0,0
2018-06-16 05:00:00,0,0,0
2018-06-16 06:00:00,0,0,0
2018-06-16 07:00:00,0,0,0
2018-06-16 08:00:00,0,0,0
2018-06-16 09:00:00,0,0,0
2018-06-16 10:00:00,0,0,0
2018-06-16 11:00:00,0,0,0
2018-06-16 12:00:00,0,0,0
2018-06-16 13:00:00,0,0,0
2018-06-16 14:00:00,0,0,0
2018-06-16 15:00:00,0,0,0
2018-06-16 16:00:00,0,0,0
2018-06-16 17:00:00,0,0,0
2018-06-16 18:00:00,0,0,0
2018-06-16 19:00:00,0,0,0
2018-06-16 20:00:00,0,0,0
2018-06-16 21:00:00,0,0,0
2018-06-16 22:00:00,0,0,0
2018-06-16 23:00:00,0,0,0
2018-06-17 00:00:00,0,0,0
2018-06-17 01:00:00,0,0,0
2018-06-17 02:00:00,0,0,0
2018-06-17 03:00:00,0,0,0
2018-06-17 04:00:00,0,0,0
2018-06-17 05:00:00,0,0,0
2018-06-17 06:00:00,0,0,0
2018-06-17 07:00:00,0,0,0
2018-06-17 08:00:00,0,0,0
2018-06-17 09:00:00,0,0,0
2018-06-17 10:00:00,0,0,0
2018-06-17 11:00:00,0,0,0
2018-06-17 12:00:00,0,0,0
2018-06-17 13:00:00,0,0,0
2018-06-17 14:00:00,0,0,0
2018-06-17 15:00:00,0,0,0
2018-06-17 16:00:00,0,0,0
2018-06-17 17:00:00,0,0,0
2018-06-17 18:00:00,0,0,0
2018-06-17 19:00:00,0,0,0
2018-06-17 20:00:00,0,0,0
2018-06-17 21:00:00,0,0,0
2018-06-17 22:00:00,0,0,0
2018-06-17 23:00:00,0,0,0
2018-06-18 00:00:00,0,0,0
2018-06-18 01:00:00,0,0,0
2018-06-18 02:00:00,0,0,0
2018-06-18 03:00:00,0,0,0
2018-06-18 04:00:00,0,0,0
2018-06-18 05:00:00,0,0,0
2018-06-18 06:00:00,0,0,0
2018-06-18 07:00:00,0,0,0
2018-06-18 08:00:00,0,0,0
2018-06-18 09:00:00,0,0,0
2018-06-18 10:00:00,0,0,0
2018-06-18 11:00:00,0,0,0
2018-06-18 12:00:00,0,0,0
2018-06-18 13:00:00,0,0,0
2018-06-18 14:00:00,0,0,0
2018-06-18 15:00:00,0,0,0
2018-06-18 16:00:00,0,0,0
2018-06-18 17:00:00,0,0,0
2018-06-18 18:00:00,0,0,0
2018-06-18 19:00:00,0,0,0
2018-06-18 20:00:00,0,0,0
2018-06-18 21:00:00,0,0,0
2018-06-18 22:00:00,0,0,0
2018-06-18 23:00:00,0,0,0
2018-06-19 00:00:00,0,0,0
2018-06-19 01:00:00,0,0,0
2018-06-19 02:00:00,0,0,0
2018-06-19 03:00:00,0,0,0
2018-06-19 04:00:00,0,0,0
2018-06-19 05:00:00,0,0,0
2018-06-19 06:00:00,0,0,0
2018-06-19 07:00:00,0,0,0
2018-06-19 08:00:00,0,0,0
2018-06-19 09:00:00,0,0,0
2018-06-19 10:00:00,0,0,0
2018-06-19 11:00:00,0,0,0
2018-06-19 12:00:00,0,0,0
2018-06-19 13:00:00,0,0,0
2018-06-19 14:00:00,0,0,0
2018-06-19 15:00:00,0,0,0
2018-06-19 16:00:00,0,0,0
2018-06-19 17:00:00,0,0,0
2018-06-19 18:00:00,0,0,0
2018-06-19 19:00:00,0,0,0
2018-06-19 20:00:00,0,0,0
2018-06-19 21:00:00,0,0,0
2018-06-19 22:00:00,0,0,0
2018-06-19 23:00:00,0,0,0
2018-06-20 00:00:00,0,0,0
2018-06-20 01:00:00,0,0,0
2018-06-20 02:00:00,0,0,0
2018-06-20 03:00:00,0,0,0
2018-06-20 04:00:00,0,0,0
2018-06-20 05:00:00,0,0,0
2018-06-20 06:00:00,0,0,0
2018-06-20 07:00:00,0,0,0
2018-06-20 08:00:00,0,0,0
2018-06-20 09:00:00,0,0,0
2018-06-20 10:00:00,0,0,0
2018-06-20 11:00:00,0,0,0
2018-06-20 12:00:00,0,0,0
2018-06-20 13:00:00,0,0,0
2018-06-20 14:00:00,0,0,0
2018-06-20 15:00:00,0,0,0
2018-06-20 16:00:00,0,0,0
2018-06-20 17:00:00,0,0,0
2018-06-20 18:00:00,0,0,0
2018-06-20 19:00:00,0,0,0
2018-06-20 20:00:00,0,0,0
2018-06-20 21:00:00,0,0,0
2018-06-20 22:00:00,0,0,0
2018-06-20 23:00:00,0,0,0
2018-06-21 00:00:00,0,0,0
2018-06-21 01:00:00,0,0,0
2018-06-21 02:00:00,0,0,0
2018-06-21 03:00:00,0,0,0
2018-06-21 04:00:00,0,0,0
2018-06-21 05:00:00,0,0,0
2018-06-21 06:00:00,0,0,0
2018-06-21 07:00:00,0,0,0
2018-06-21 08:00:00,0,0,0
2018-06-21 09:00:00,0,0,0
2018-06-21 10:00:00,0,0,0
2018-06-21 11:00:00,0,0,0
2018-06-21 12:00:00,0,0,0
2018-06-21 13:00:00,0,0,0
2018-06-21 14:00:00,0,0,0
2018-06-21 15:00:00,0,0,0
2018-06-21 16:00:00,0,0,0
2018-06-21 17:00:00,0,0,0
2018-06-21 18:00:00,0,0,0
2018-06-21 19:00:00,0,0,0
2018-06-21 20:00:00,0,0,0
2018-06-21 21:00:00,0,0,0
2018-06-21 22:00:00,0,0,0
2018-06-21 23:00:00,0,0,0
2018-06-22 00:00:00,0,0,0
2018-06-22 01:00:00,0,0,0
2018-06-22 02:00:00,0,0,0
2018-06-22 03:00:00,0,0,0
2018-06-22 04:00:00,0,0,0
2018-06-22 05:00:00,0,0,0
2018-06-22 06:00:00,0,0,0
2018-06-22 07:00:00,0,0,0
2018-06-22 08:00:00,0,0,0
2018-06-22 09:00:00,0,0,0
2018-06-22 10:00:00,0,0,0
2018-06-22 11:00:00,0,0,0
2018-06-22 12:00:00,0,0,0
2018-06-22 13:00:00,0,0,0
2018-06-22 14:00:00,0,0,0
2018-06-22 15:00:00,0,0,0
2018-06-22 16:00:00,0,0,0
2018-06-22 17:00:00,0,0,0
2018-06-22 18:00:00,0,0,0
2018-06-22 19:00:00,0,0,0
2018-06-22 20:00:00,0,0,0
2018-06-22 21:00:00,0,0,0
2018-06-22 22:00:00,0,0,0
2018-06-22 23:00:00,0,0,0
2018-06-23 00:00:00,0,0,0
2018-06-23 01:00:00,0,0,0
2018-06-23 02:00:00,0,0,0
2018-06-23 03:00:00,0,0,0
2018-06-23 04:00:00,0,0,0
2018-06-23 05:00:00,0,0,0
2018-06-23 06:00:00,0,0,0
2018-06-23 07:00:00,0,0,0
2018-06-23 08:00:00,0,0,0
2018-06-23 09:00:00,0,0,0
2018-06-23 10:00:00,0,0,0
2018-06-23 11:00:00,0,0,0
2018-06-23 12:00:00,0,0,0
2018-06-23 13:00:00,0,0,0
2018-06-23 14:00:00,0,0,0
2018-06-23 15:00:00,0,0,0
2018-06-23 16:00:00,0,0,0
2018-06-23 17:00:00,0,0,0
2018-06-23 18:00:00,0,0,0
2018-06-23 19:00:00,0,0,0
2018-06-23 20:00:00,0,0,0
2018-06-23 21:00:00,0,0,0
2018-06-23 22:00:00,0,0,0
2018-06-23 23:00:00,0,0,0
2018-06-24 00:00:00,0,0,0
2018-06-24 01:00:00,0,0,0
2018-06-24 02:00:00,0,0,0
2018-06-24 03:00:00,0,0,0
2018-06-24 04:00:00,0,0,0
2018-06-24 05:00:00,0,0,0
2018-06-24 06:00:00,0,0,0
2018-06-24 07:00:00,0,0,0
2018-06-24 08:00:00,0,0,0
2018-06-24 09:00:00,0,0,0
2018-06-24 10:00:00,0,0,0
2018-06-24 11:00:00,0,0,0
2018-06-24 12:00:00,0,0,0
2018-06-24 13:00:00,0,0,0
2018-06-24 14:00:00,0,0,0
2018-06-24 15:00:00,0,0,0
2018-06-24 16:00:00,0,0,0
2018-06-24 17:00:00,0,0,0
2018-06-24 18:00:00,0,0,0
2018-06-24 19:00:00,0,0,0
2018-06-24 20:00:00,0,0,0
2018-06-24 21:00:00,0,0,0
2018-06-24 22:00:00,0,0,0
2018-06-24 23:00:00,0,0,0
2018-06-25 00:00:00,0,0,0
2018-06-25 01:00:00,0,0,0
2018-06-25 02:00:00,0,0,0
2018-06-25 03:00:00,0,0,0
2018-06-25 04:00:00,0,0,0
2018-06-25 05:00:00,0,0,0
2018-06-25 06:00:00,0,0,0
2018-06-25 07:00:00,0,0,0
2018-06-25 08:00:00,0,0,0
2018-06-25 09:00:00,0,0,0
2018-06-25 10:00:00,0,0,0
2018-06-25 11:00:00,0,0,0
2018-06-25 12:00:00,0,0,0
2018-06-25 13:00:00,0,0,0
2018-06-25 14:00:00,0,0,0
2018-06-25 15:00:00,0,0,0
2018-06-25 16:00:00,0,0,0
2018-06-25 17:00:00,0,0,0
2018-06-25 18:00:00,0,0,0
2018-06-25 19:00:00,0,0,0
2018-06-25 20:00:00,0,0,0
2018-06-25 21:00:00,0,0,0
2018-06-25 22:00:00,0,0,0
2018-06-25 23:00:00,0,0,0
2018-06-26 00:00:00,0,0,0
2018-06-26 01:00:00,0,0,0
2018-06-26 02:00:00,0,0,0
2018-06-26 03:00:00,0,0,0
2018-06-26 04:00:00,0,0,0
2018-06-26 05:00:00,0,0,0
2018-06-26 06:00:00,0,0,0
2018-06-26 07:00:00,0,0,0
2018-06-26 08:00:00,0,0,0
2018-06-26 09:00:00,0,0,0
2018-06-26 10:00:00,0,0,0
2018-06-26 11:00:00,0,0,0
2018-06-26 12:00:00,0,0,0
2018-06-26 13:00:00,0,0,0
2018-06-26 14:00:00,0,0,0
2018-06-26 15:00:00,0,0,0
2018-06-26 16:00:00,0,0,0
2018-06-26 17:00:00,0,0,0
2018-06-26 18:00:00,0,0,0
2018-06-26 19:00:00,0,0,0
2018-06-26 20:00:00,0,0,0
2018-06-26 21:00:00,0,0,0
2018-06-26 22:00:00,0,0,0
2018-06-26 23:00:00,0,0,0
2018-06-27 00:00:00,0,0,0
2018-06-27 01:00:00,0,0,0
2018-06-27 02:00:00,0,0,0
2018-06-27 03:00:00,0,0,0
2018-06-27 04:00:00,0,0,0
2018-06-27 05:00:00,0,0,0
2018-06-27 06:00:00,0,0,0
2018-06-27 07:00:00,0,0,0
2018-06-27 08:00:00,0,0,0
2018-06-27 09:00:00,0,0,0
2018-06-27 10:00:00,0,0,0
2018-06-27 11:00:00,0,0,0
2018-06-27 12:00:00,0,0,0
2018-06-27 13:00:00,0,0,0
2018-06-27 14:00:00,0,0,0
2018-06-27 15:00:00,0,0,0
2018-06-27 16:00:00,0,0,0
2018-06-27 17:00:00,0,0,0
2018-06-27 18:00:00,0,0,0
2018-06-27 19:00:00,0,0,0
2018-06-27 20:00:00,0,0,0
2018-06-27 21:00:00,0,0,0
2018-06-27 22:00:00,0,0,0
2018-06-27 23:00:00,0,0,0
2018-06-28 00:00:00,0,0,0
2018-06-28 01:00:00,0,0,0
2018-06-28 02:00:00,0,0,0
2018-06-28 03:00:00,0,0,0
2018-06-28 04:00:00,0,0,0
2018-06-28 05:00:00,0,0,0
2018-06-28 06:00:00,0,0,0
2018-06-28 07:00:00,0,0,0
2018-06-28 08:00:00,0,0,0
2018-06-28 09:00:00,0,0,0
2018-06-28 10:00:00,0,0,0
2018-06-28 11:00:00,0,0,0
2018-06-28 12:00:00,0,0,0
2018-06-28 13:00:00,0,0,0
2018-06-28 14:00:00,0,0,0
2018-06-28 15:00:00,0,0,0
2018-06-28 16:00:00,0,0,0
2018-06-28 17:00:00,0,0,0
2018-06-28 18:00:00,0,0,0
2018-06-28 19:00:00,0,0,0
2018-06-28 20:00:00,0,0,0
2018-06-28 21:00:00,0,0,0
2018-06-28 22:00:00,0,0,0
2018-06-28 23:00:00,0,0,0
2018-06-29 00:00:00,0,0,0
2018-06-29 01:00:00,0,0,0
2018-06-29 02:00:00,0,0,0
2018-06-29 03:00:00,0,0,0
2018-06-29 04:00:00,0,0,0
2018-06-29 05:00:00,0,0,0
2018-06-29 06:00:00,0,0,0
2018-06-29 07:00:00,0,0,0
2018-06-29 08:00:00,0,0,0
2018-06-29 09:00:00,0,0,0
2018-06-29 10:00:00,0,0,0
2018-06-29 11:00:00,0,0,0
2018-06-29 12:00:00,0,0,0
2018-06-29 13:00:00,0,0,0
2018-06-29 14:00:00,0,0,0
2018-06-29 15:00:00,0,0,0
2018-06-29 16:00:00,0,0,0
2018-06-29 17:00:00,0,0,0
2018-06-29 18:00:00,0,0,0
2018-06-29 19:00:00,0,0,0
2018-06-29 20:00:00,0,0,0
2018-06-29 21:00:00,0,0,0
2018-06-29 22:00:00,0,0,0
2018-06-29 23:00:00,0,0,0
2018-06-30 00:00:00,0,0,0
2018-06-30 01:00:00,0,0,0
2018-06-30 02:00:00,0,0,0
2018-06-30 03:00:00,0,0,0
2018-06-30 04:00:00,0,0,0
2018-06-30 05:00:00,0,0,0
2018-06-30 06:00:00,0,0,0
2018-06-30 07:00:00,0,0,0
2018-06-30 08:00:00,0,0,0
2018-06-30 09:00:00,0,0,0
2018-06-30 10:00:00,0,0,0
2018-06-30 11:00:00,0,0,0
2018-06-30 12:00:00,0,0,0
2018-06-30 13:00:00,0,0,0
2018-06-30 14:00:00,0,0,0
2018-06-30 15:00:00,0,0,0
2018-06-30 16:00:00,0,0,0
2018-06-30 17:00:00,0,0,0
2018-06-30 18:00:00,0,0,0
2018-06-30 19:00:00,0,0,0
2018-06-30 20:00:00,0,0,0
2018-06-30 21:00:00,0,0,0
2018-06-30 22:00:00,0,0,0
2018-06-30 23:00:00,0,0,0
2018-07-01 00:00:00,0,0,0
2018-07-01 01:00:00,0,0,0
2018-07-01 02:00:00,0,0,0
2018-07-01 03:00:00,0,0,0
2018-07-01 04:00:00,0,0,0
2018-07-01 05:00:00,0,0,0
2018-07-01 06:00:00,0,0,0
2018-07-01 07:00:00,0,0,0
2018-07-01 08:00:00,0,0,0
2018-07-01 09:00:00,0,0,0
2018-07-01 10:00:00,0,0,0
2018-07-01 11:00:00,0,0,0
2018-07-01 12:00:00,0,0,0
2018-07-01 13:00:00,0,0,0
2018-07-01 14:00:00,0,0,0
2018-07-01 15:00:00,0,0,0
2018-07-01 16:00:00,0,0,0
2018-07-01 17:00:00,0,0,0
2018-07-01 18:00:00,0,0,0
2018-07-01 19:00:00,0,0,0
2018-07-01 20:00:00,0,0,0
2018-07-01 21:00:00,0,0,0
2018-07-01 22:00:00,0,0,0
2018-07-01 23:00:00,0,0,0
2018-07-02 00:00:00,0,0,0
2018-07-02 01:00:00,0,0,0
2018-07-02 02:00:00,0,0,0
2018-07-02 03:00:00,0,0,0
2018-07-02 04:00:00,0,0,0
2018-07-02 05:00:00,0,0,0
2018-07-02 06:00:00,0,0,0
2018-07-02 07:00:00,0,0,0
2018-07-02 08:00:00,0,0,0
2018-07-02 09:00:00,0,0,0
2018-07-02 10:00:00,0,0,0
2018-07-02 11:00:00,0,0,0
2018-07-02 12:00:00,0,0,0
2018-07-02 13:00:00,0,0,0
2018-07-02 14:00:00,0,0,0
2018-07-02 15:00:00,0,0,0
2018-07-02 16:00:00,0,0,0
2018-07-02 17:00:00,0,0,0
2018-07-02 18:00:00,0,0,0
2018-07-02 19:00:00,0,0,0
2018-07-02 20:00:00,0,0,0
2018-07-02 21:00:00,0,0,0
2018-07-02 22:00:00,0,0,0
2018-07-02 23:00:00,0,0,0
2018-07-03 00:00:00,0,0,0
2018-07-03 01:00:00,0,0,0
2018-07-03 02:00:00,0,0,0
2018-07-03 03:00:00,0,0,0
2018-07-03 04:00:00,0,0,0
2018-07-03 05:00:00,0,0,0
2018-07-03 06:00:00,0,0,0
2018-07-03 07:00:00,0,0,0
2018-07-03 08:00:00,0,0,0
2018-07-03 09:00:00,0,0,0
2018-07-03 10:00:00,0,0,0
2018-07-03 11:00:00,0,0,0
2018-07-03 12:00:00,0,0,0
2018-07-03 13:00:00,0,0,0
2018-07-03 14:00:00,0,0,0
2018-07-03 15:00:00,0,0,0
2018-07-03 16:00:00,0,0,0
2018-07-03 17:00:00,0,0,0
2018-07-03 18:00:00,0,0,0
2018-07-03 19:00:00,0,0,0
2018-07-03 20:00:00,0,0,0
2018-07-03 21:00:00,0,0,0
2018-07-03 22:00:00,0,0,0
2018-07-03 23:00:00,0,0,0
2018-07-04 00:00:00,0,0,0
2018-07-04 01:00:00,0,0,0
2018-07-04 02:00:00,0,0,0
2018-07-04 03:00:00,0,0,0
2018-07-04 04:00:00,0,0,0
2018-07-04 05:00:00,0,0,0
2018-07-04 06:00:00,0,0,0
2018-07-04 07:00:00,0,0,0
2018-07-04 08:00:00,0,0,0
2018-07-04 09:00:00,0,0,0
2018-07-04 10:00:00,0,0,0
2018-07-04 11:00:00,0,0,0
2018-07-04 12:00:00,0,0,0
2018-07-04 13:00:00,0,0,0
2018-07-04 14:00:00,0,0,0
2018-07-04 15:00:00,0,0,0
2018-07-04 16:00:00,0,0,0
2018-07-04 17:00:00,0,0,0
2018-07-04 18:00:00,0,0,0
2018-07-04 19:00:00,0,0,0
2018-07-04 20:00:00,0,0,0
2018-07-04 21:00:00,0,0,0
2018-07-04 22:00:00,0,0,0
2018-07-04 23:00:00,0,0,0
2018-07-05 00:00:00,0,0,0
2018-07-05 01:00:00,0,0,0
2018-07-05 02:00:00,0,0,0
2018-07-05 03:00:00,0,0,0
2018-07-05 04:00:00,0,0,0
2018-07-05 05:00:00,0,0,0
2018-07-05 06:00:00,0,0,0
2018-07-05 07:00:00,0,0,0
2018-07-05 08:00:00,0,0,0
2018-07-05 09:00:00,0,0,0
2018-07-05 10:00:00,0,0,0
2018-07-05 11:00:00,0,0,0
2018-07-05 12:00:00,0,0,0
2018-07-05 13:00:00,0,0,0
2018-07-05 14:00:00,0,0,0
2018-07-05 15:00:00,0,0,0
2018-07-05 16:00:00,0,0,0
2018-07-05 17:00:00,0,0,0
2018-07-05 18:00:00,0,0,0
2018-07-05 19:00:00,0,0,0
2018-07-05 20:00:00,0,0,0
2018-07-05 21:00:00,0,0,0
2018-07-05 22:00:00,0,0,0
2018-07-05 23:00:00,0,0,0
2018-07-06 00:00:00,0,0,0
2018-07-06 01:00:00,0,0,0
2018-07-06 02:00:00,0,0,0
2018-07-06 03:00:00,0,0,0
2018-07-06 04:00:00,0,0,0
2018-07-06 05:00:00,0,0,0
2018-07-06 06:00:00,0,0,0
2018-07-06 07:00:00,0,0,0
2018-07-06 08:00:00,0,0,0
2018-07-06 09:00:00,0,0,0
2018-07-06 10:00:00,0,0,0
2018-07-06 11:00:00,0,0,0
2018-07-06 12:00:00,0,0,0
2018-07-06 13:00:00,0,0,0
2018-07-06 14:00:00,0,0,0
2018-07-06 15:00:00,0,0,0
2018-07-06 16:00:00,0,0,0
2018-07-06 17:00:00,0,0,0
2018-07-06 18:00:00,0,0,0
2018-07-06 19:00:00,0,0,0
2018-07-06 20:00:00,0,0,0
2018-07-06 21:00:00,0,0,0
2018-07-06 22:00:00,0,0,0
2018-07-06 23:00:00,0,0,0
2018-07-07 00:00:00,0,0,0
2018-07-07 01:00:00,0,0,0
2018-07-07 02:00:00,0,0,0
2018-07-07 03:00:00,0,0,0
2018-07-07 04:00:00,0,0,0
2018-07-07 05:00:00,0,0,0
2018-07-07 06:00:00,0,0,0
2018-07-07 07:00:00,0,0,0
2018-07-07 08:00:00,0,0,0
2018-07-07 09:00:00,0,0,0
2018-07-07 10:00:00,0,0,0
2018-07-07 11:00:00,0,0,0
2018-07-07 12:00:00,0,0,0
2018-07-07 13:00:00,0,0,0
2018-07-07 14:00:00,0,0,0
2018-07-07 15:00:00,0,0,0
2018-07-07 16:00:00,0,0,0
2018-07-07 17:00:00,0,0,0
2018-07-07 18:00:00,0,0,0
2018-07-07 19:00:00,0,0,0
2018-07-07 20:00:00,0,0,0
2018-07-07 21:00:00,0,0,0
2018-07-07 22:00:00,0,0,0
2018-07-07 23:00:00,0,0,0
2018-07-08 00:00:00,0,0,0
2018-07-08 01:00:00,0,0,0
2018-07-08 02:00:00,0,0,0
2018-07-08 03:00:00,0,0,0
2018-07-08 04:00:00,0,0,0
2018-07-08 05:00:00,0,0,0
2018-07-08 06:00:00,0,0,0
2018-07-08 07:00:00,0,0,0
2018-07-08 08:00:00,0,0,0
2018-07-08 09:00:00,0,0,0
2018-07-08 10:00:00,0,0,0
2018-07-08 11:00:00,0,0,0
2018-07-08 12:00:00,0,0,0
2018-07-08 13:00:00,0,0,0
2018-07-08 14:00:00,0,0,0
2018-07-08 15:00:00,0,0,0
2018-07-08 16:00:00,0,0,0
2018-07-08 17:00:00,0,0,0
2018-07-08 18:00:00,0,0,0
2018-07-08 19:00:00,0,0,0
2018-07-08 20:00:00,0,0,0
2018-07-08 21:00:00,0,0,0
2018-07-08 22:00:00,0,0,0
2018-07-08 23:00:00,0,0,0
2018-07-09 00:00:00,0,0,0
2018-07-09 01:00:00,0,0,0
2018-07-09 02:00:00,0,0,0
2018-07-09 03:00:00,0,0,0
2018-07-09 04:00:00,0,0,0
2018-07-09 05:00:00,0,0,0
2018-07-09 06:00:00,0,0,0
2018-07-09 07:00:00,0,0,0
2018-07-09 08:00:00,0,0,0
2018-07-09 09:00:00,0,0,0
2018-07-09 10:00:00,0,0,0
2018-07-09 11:00:00,0,0,0
2018-07-09 12:00:00,0,0,0
2018-07-09 13:00:00,0,0,0
2018-07-09 14:00:00,0,0,0
2018-07-09 15:00:00,0,0,0
2018-07-09 16:00:00,0,0,0
2018-07-09 17:00:00,0,0,0
2018-07-09 18:00:00,0,0,0
2018-07-09 19:00:00,0,0,0
2018-07-09 20:00:00,0,0,0
2018-07-09 21:00:00,0,0,0
2018-07-09 22:00:00,0,0,0
2018-07-09 23:00:00,0,0,0
2018-07-10 00:00:00,0,0,0
2018-07-10 01:00:00,0,0,0
2018-07-10 02:00:00,0,0,0
2018-07-10 03:00:00,0,0,0
2018-07-10 04:00:00,0,0,0
2018-07-10 05:00:00,0,0,0
2018-07-10 06:00:00,0,0,0
2018-07-10 07:00:00,0,0,0
2018-07-10 08:00:00,0,0,0
2018-07-10 09:00:00,0,0,0
2018-07-10 10:00:00,0,0,0
2018-07-10 11:00:00,0,0,0
2018-07-10 12:00:00,0,0,0
2018-07-10 13:00:00,0,0,0
2018-07-10 14:00:00,0,0,0
2018-07-10 15:00:00,0,0,0
2018-07-10 16:00:00,0,0,0
2018-07-10 17:00:00,0,0,0
2018-07-10 18:00:00,0,0,0
2018-07-10 19:00:00,0,0,0
2018-07-10 20:00:00,0,0,0
2018-07-10 21:00:00,0,0,0
2018-07-10 22:00:00,0,0,0
2018-07-10 23:00:00,0,0,0
2018-07-11 00:00:00,0,0,0
2018-07-11 01:00:00,0,0,0
2018-07-11 02:00:00,0,0,0
2018-07-11 03:00:00,0,0,0
2018-07-11 04:00:00,0,0,0
2018-07-11 05:00:00,0,0,0
2018-07-11 06:00:00,0,0,0
2018-07-11 07:00:00,0,0,0
2018-07-11 08:00:00,0,0,0
2018-07-11 09:00:00,0,0,0
2018-07-11 10:00:00,0,0,0
2018-07-11 11:00:00,0,0,0
2018-07-11 12:00:00,0,0,0
2018-07-11 13:00:00,0,0,0
2018-07-11 14:00:00,0,0,0
2018-07-11 15:00:00,0,0,0
2018-07-11 16:00:00,0,0,0
2018-07-11 17:00:00,0,0,0
2018-07-11 18:00:00,0,0,0
2018-07-11 19:00:00,0,0,0
2018-07-11 20:00:00,0,0,0
2018-07-11 21:00:00,0,0,0
2018-07-11 22:00:00,0,0,0
2018-07-11 23:00:00,0,0,0
2018-07-12 00:00:00,0,0,0
2018-07-12 01:00:00,0,0,0
2018-07-12 02:00:00,0,0,0
2018-07-12 03:00:00,0,0,0
2018-07-12 04:00:00,0,0,0
2018-07-12 05:00:00,0,0,0
2018-07-12 06:00:00,0,0,0
2018-07-12 07:00:00,0,0,0
2018-07-12 08:00:00,0,0,0
2018-07-12 09:00:00,0,0,0
2018-07-12 10:00:00,0,0,0
2018-07-12 11:00:00,0,0,0
2018-07-12 12:00:00,0,0,0
2018-07-12 13:00:00,0,0,0
2018-07-12 14:00:00,0,0,0
2018-07-12 15:00:00,0,0,0
2018-07-12 16:00:00,0,0,0
2018-07-12 17:00:00,0,0,0
2018-07-12 18:00:00,0,0,0
2018-07-12 19:00:00,0,0,0
2018-07-12 20:00:00,0,0,0
2018-07-12 21:00:00,0,0,0
2018-07-12 22:00:00,0,0,0
2018-07-12 23:00:00,0,0,0
2018-07-13 00:00:00,0,0,0
2018-07-13 01:00:00,0,0,0
2018-07-13 02:00:00,0,0,0
2018-07-13 03:00:00,0,0,0
2018-07-13 04:00:00,0,0,0
2018-07-13 05:00:00,0,0,0
2018-07-13 06:00:00,0,0,0
2018-07-13 07:00:00,0,0,0
2018-07-13 08:00:00,0,0,0
2018-07-13 09:00:00,0,0,0
2018-07-13 10:00:00,0,0,0
2018-07-13 11:00:00,0,0,0
2018-07-13 12:00:00,0,0,0
2018-07-13 13:00:00,0,0,0
2018-07-13 14:00:00,0,0,0
2018-07-13 15:00:00,0,0,0
2018-07-13 16:00:00,0,0,0
2018-07-13 17:00:00,0,0,0
2018-07-13 18:00:00,0,0,0
2018-07-13 19:00:00,0,0,0
2018-07-13 20:00:00,0,0,0
2018-07-13 21:00:00,0,0,0
2018-07-13 22:00:00,0,0,0
2018-07-13 23:00:00,0,0,0
2018-07-14 00:00:00,0,0,0
2018-07-14 01:00:00,0,0,0
2018-07-14 02:00:00,0,0,0
2018-07-14 03:00:00,0,0,0
2018-07-14 04:00:00,0,0,0
2018-07-14 05:00:00,0,0,0
2018-07-14 06:00:00,0,0,0
2018-07-14 07:00:00,0,0,0
2018-07-14 08:00:00,0,0,0
2018-07-14 09:00:00,0,0,0
2018-07-14 10:00:00,0,0,0
2018-07-14 11:00:00,0,0,0
2018-07-14 12:00:00,0,0,0
2018-07-14 13:00:00,0,0,0
2018-07-14 14:00:00,0,0,0
2018-07-14 15:00:00,0,0,0
2018-07-14 16:00:00,0,0,0
2018-07-14 17:00:00,0,0,0
2018-07-14 18:00:00,0,0,0
2018-07-14 19:00:00,0,0,0
2018-07-14 20:00:00,0,0,0
2018-07-14 21:00:00,0,0,0
2018-07-14 22:00:00,0,0,0
2018-07-14 23:00:00,0,0,0
2018-07-15 00:00:00,0,0,0
2018-07-15 01:00:00,0,0,0
2018-07-15 02:00:00,0,0,0
2018-07-15 03:00:00,0,0,0
2018-07-15 04:00:00,0,0,0
2018-07-15 05:00:00,0,0,0
2018-07-15 06:00:00,0,0,0
2018-07-15 07:00:00,0,0,0
2018-07-15 08:00:00,0,0,0
2018-07-15 09:00:00,0,0,0
2018-07-15 10:00:00,0,0,0
2018-07-15 11:00:00,0,0,0
2018-07-15 12:00:00,0,0,0
2018-07-15 13:00:00,0,0,0
2018-07-15 14:00:00,0,0,0
2018-07-15 15:00:00,0,0,0
2018-07-15 16:00:00,0,0,0
2018-07-15 17:00:00,0,0,0
2018-07-15 18:00:00,0,0,0
2018-07-15 19:00:00,0,0,0
2018-07-15 20:00:00,0,0,0
2018-07-15 21:00:00,0,0,0
2018-07-15 22:00:00,0,0,0
2018-07-15 23:00:00,0,0,0
2018-07-16 00:00:00,0,0,0
2018-07-16 01:00:00,0,0,0
2018-07-16 02:00:00,0,0,0
2018-07-16 03:00:00,0,0,0
2018-07-16 04:00:00,0,0,0
2018-07-16 05:00:00,0,0,0
2018-07-16 06:00:00,0,0,0
2018-07-16 07:00:00,0,0,0
2018-07-16 08:00:00,0,0,0
2018-07-16 09:00:00,0,0,0
2018-07-16 10:00:00,0,0,0
2018-07-16 11:00:00,0,0,0
2018-07-16 12:00:00,0,0,0
2018-07-16 13:00:00,0,0,0
2018-07-16 14:00:00,0,0,0
2018-07-16 15:00:00,0,0,0
2018-07-16 16:00:00,0,0,0
2018-07-16 17:00:00,0,0,0
2018-07-16 18:00:00,0,0,0
2018-07-16 19:00:00,0,0,0
2018-07-16 20:00:00,0,0,0
2018-07-16 21:00:00,0,0,0
2018-07-16 22:00:00,0,0,0
2018-07-16 23:00:00,0,0,0
2018-07-17 00:00:00,0,0,0
2018-07-17 01:00:00,0,0,0
2018-07-17 02:00:00,0,0,0
2018-07-17 03:00:00,0,0,0
2018-07-17 04:00:00,0,0,0
2018-07-17 05:00:00,0,0,0
2018-07-17 06:00:00,0,0,0
2018-07-17 07:00:00,0,0,0
2018-07-17 08:00:00,0,0,0
2018-07-17 09:00:00,0,0,0
2018-07-17 10:00:00,0,0,0
2018-07-17 11:00:00,0,0,0
2018-07-17 12:00:00,0,0,0
2018-07-17 13:00:00,0,0,0
2018-07-17 14:00:00,0,0,0
2018-07-17 15:00:00,0,0,0
2018-07-17 16:00:00,0,0,0
2018-07-17 17:00:00,0,0,0
2018-07-17 18:00:00,0,0,0
2018-07-17 19:00:00,0,0,0
2018-07-17 20:00:00,0,0,0
2018-07-17 21:00:00,0,0,0
2018-07-17 22:00:00,0,0,0
2018-07-17 23:00:00,0,0,0
2018-07-18 00:00:00,0,0,0
2018-07-18 01:00:00,0,0,0
2018-07-18 02:00:00,0,0,0
2018-07-18 03:00:00,0,0,0
2018-07-18 04:00:00,0,0,0
2018-07-18 05:00:00,0,0,0
2018-07-18 06:00:00,0,0,0
2018-07-18 07:00:00,0,0,0
2018-07-18 08:00:00,0,0,0
2018-07-18 09:00:00,0,0,0
2018-07-18 10:00:00,0,0,0
2018-07-18 11:00:00,0,0,0
2018-07-18 12:00:00,0,0,0
2018-07-18 13:00:00,0,0,0
2018-07-18 14:00:00,0,0,0
2018-07-18 15:00:00,0,0,0
2018-07-18 16:00:00,0,0,0
2018-07-18 17:00:00,0,0,0
2018-07-18 18:00:00,0,0,0
2018-07-18 19:00:00,0,0,0
2018-07-18 20:00:00,0,0,0
2018-07-18 21:00:00,0,0,0
2018-07-18 22:00:00,0,0,0
2018-07-18 23:00:00,0,0,0
2018-07-19 00:00:00,0,0,0
2018-07-19 01:00:00,0,0,0
2018-07-19 02:00:00,0,0,0
2018-07-19 03:00:00,0,0,0
2018-07-19 04:00:00,0,0,0
2018-07-19 05:00:00,0,0,0
2018-07-19 06:00:00,0,0,0
2018-07-19 07:00:00,0,0,0
2018-07-19 08:00:00,0,0,0
2018-07-19 09:00:00,0,0,0
2018-07-19 10:00:00,0,0,0
2018-07-19 11:00:00,0,0,0
2018-07-19 12:00:00,0,0,0
2018-07-19 13:00:00,0,0,0
2018-07-19 14:00:00,0,0,0
2018-07-19 15:00:00,0,0,0
2018-07-19 16:00:00,0,0,0
2018-07-19 17:00:00,0,0,0
2018-07-19 18:00:00,0,0,0
2018-07-19 19:00:00,0,0,0
2018-07-19 20:00:00,0,0,0
2018-07-19 21:00:00,0,0,0
2018-07-19 22:00:00,0,0,0
2018-07-19 23:00:00,0,0,0
2018-07-20 00:00:00,0,0,0
2018-07-20 01:00:00,0,0,0
2018-07-20 02:00:00,0,0,0
2018-07-20 03:00:00,0,0,0
2018-07-20 04:00:00,0,0,0
2018-07-20 05:00:00,0,0,0
2018-07-20 06:00:00,0,0,0
2018-07-20 07:00:00,0,0,0
2018-07-20 08:00:00,0,0,0
2018-07-20 09:00:00,0,0,0
2018-07-20 10:00:00,0,0,0
2018-07-20 11:00:00,0,0,0
2018-07-20 12:00:00,0,0,0
2018-07-20 13:00:00,0,0,0
2018-07-20 14:00:00,0,0,0
2018-07-20 15:00:00,0,0,0
2018-07-20 16:00:00,0,0,0
2018-07-20 17:00:00,0,0,0
2018-07-20 18:00:00,0,0,0
2018-07-20 19:00:00,0,0,0
2018-07-20 20:00:00,0,0,0
2018-07-20 21:00:00,0,0,0
2018-07-20 22:00:00,0,0,0
2018-07-20 23:00:00,0,0,0
2018-07-21 00:00:00,0,0,0
2018-07-21 01:00:00,0,0,0
2018-07-21 02:00:00,0,0,0
2018-07-21 03:00:00,0,0,0
2018-07-21 04:00:00,0,0,0
2018-07-21 05:00:00,0,0,0
2018-07-21 06:00:00,0,0,0
2018-07-21 07:00:00,0,0,0
2018-07-21 08:00:00,0,0,0
2018-07-21 09:00:00,0,0,0
2018-07-21 10:00:00,0,0,0
2018-07-21 11:00:00,0,0,0
2018-07-21 12:00:00,0,0,0
2018-07-21 13:00:00,0,0,0
2018-07-21 14:00:00,0,0,0
2018-07-21 15:00:00,0,0,0
2018-07-21 16:00:00,0,0,0
2018-07-21 17:00:00,0,0,0
2018-07-21 18:00:00,0,0,0
2018-07-21 19:00:00,0,0,0
2018-07-21 20:00:00,0,0,0
2018-07-21 21:00:00,0,0,0
2018-07-21 22:00:00,0,0,0
2018-07-21 23:00:00,0,0,0
2018-07-22 00:00:00,0,0,0
2018-07-22 01:00:00,0,0,0
2018-07-22 02:00:00,0,0,0
2018-07-22 03:00:00,0,0,0
2018-07-22 04:00:00,0,0,0
2018-07-22 05:00:00,0,0,0
2018-07-22 06:00:00,0,0,0
2018-07-22 07:00:00,0,0,0
2018-07-22 08:00:00,0,0,0
2018-07-22 09:00:00,0,0,0
2018-07-22 10:00:00,0,0,0
2018-07-22 11:00:00,0,0,0
2018-07-22 12:00:00,0,0,0
2018-07-22 13:00:00,0,0,0
2018-07-22 14:00:00,0,0,0
2018-07-22 15:00:00,0,0,0
2018-07-22 16:00:00,0,0,0
2018-07-22 17:00:00,0,0,0
2018-07-22 18:00:00,0,0,0
2018-07-22 19:00:00,0,0,0
2018-07-22 20:00:00,0,0,0
2018-07-22 21:00:00,0,0,0
2018-07-22 22:00:00,0,0,0
2018-07-22 23:00:00,0,0,0
2018-07-23 00:00:00,0,0,0
2018-07-23 01:00:00,0,0,0
2018-07-23 02:00:00,0,0,0
2018-07-23 03:00:00,0,0,0
2018-07-23 04:00:00,0,0,0
2018-07-23 05:00:00,0,0,0
2018-07-23 06:00:00,0,0,0
2018-07-23 07:00:00,0,0,0
2018-07-23 08:00:00,0,0,0
2018-07-23 09:00:00,0,0,0
2018-07-23 10:00:00,0,0,0
2018-07-23 11:00:00,0,0,0
2018-07-23 12:00:00,0,0,0
2018-07-23 13:00:00,0,0,0
2018-07-23 14:00:00,0,0,0
2018-07-23 15:00:00,0,0,0
2018-07-23 16:00:00,0,0,0
2018-07-23 17:00:00,0,0,0
2018-07-23 18:00:00,0,0,0
2018-07-23 19:00:00,0,0,0
2018-07-23 20:00:00,0,0,0
2018-07-23 21:00:00,0,0,0
2018-07-23 22:00:00,0,0,0
2018-07-23 23:00:00,0,0,0
2018-07-24 00:00:00,0,0,0
2018-07-24 01:00:00,0,0,0
2018-07-24 02:00:00,0,0,0
2018-07-24 03:00:00,0,0,0
2018-07-24 04:00:00,0,0,0
2018-07-24 05:00:00,0,0,0
2018-07-24 06:00:00,0,0,0
2018-07-24 07:00:00,0,0,0
2018-07-24 08:00:00,0,0,0
2018-07-24 09:00:00,0,0,0
2018-07-24 10:00:00,0,0,0
2018-07-24 11:00:00,0,0,0
2018-07-24 12:00:00,0,0,0
2018-07-24 13:00:00,0,0,0
2018-07-24 14:00:00,0,0,0
2018-07-24 15:00:00,0,0,0
2018-07-24 16:00:00,0,0,0
2018-07-24 17:00:00,0,0,0
2018-07-24 18:00:00,0,0,0
2018-07-24 19:00:00,0,0,0
2018-07-24 20:00:00,0,0,0
2018-07-24 21:00:00,0,0,0
2018-07-24 22:00:00,0,0,0
2018-07-24 23:00:00,0,0,0
2018-07-25 00:00:00,0,0,0
2018-07-25 01:00:00,0,0,0
2018-07-25 02:00:00,0,0,0
2018-07-25 03:00:00,0,0,0
2018-07-25 04:00:00,0,0,0
2018-07-25 05:00:00,0,0,0
2018-07-25 06:00:00,0,0,0
2018-07-25 07:00:00,0,0,0
2018-07-25 08:00:00,0,0,0
2018-07-25 09:00:00,0,0,0
2018-07-25 10:00:00,0,0,0
2018-07-25 11:00:00,0,0,0
2018-07-25 12:00:00,0,0,0
2018-07-25 13:00:00,0,0,0
2018-07-25 14:00:00,0,0,0
2018-07-25 15:00:00,0,0,0
2018-07-25 16:00:00,0,0,0
2018-07-25 17:00:00,0,0,0
2018-07-25 18:00:00,0,0,0
2018-07-25 19:00:00,0,0,0
2018-07-25 20:00:00,0,0,0
2018-07-25 21:00:00,0,0,0
2018-07-25 22:00:00,0,0,0
2018-07-25 23:00:00,0,0,0
2018-07-26 00:00:00,0,0,0
2018-07-26 01:00:00,0,0,0
2018-07-26 02:00:00,0,0,0
2018-07-26 03:00:00,0,0,0
2018-07-26 04:00:00,0,0,0
2018-07-26 05:00:00,0,0,0
2018-07-26 06:00:00,0,0,0
2018-07-26 07:00:00,0,0,0
2018-07-26 08:00:00,0,0,0
2018-07-26 09:00:00,0,0,0
2018-07-26 10:00:00,0,0,0
2018-07-26 11:00:00,0,0,0
2018-07-26 12:00:00,0,0,0
2018-07-26 13:00:00,0,0,0
2018-07-26 14:00:00,0,0,0
2018-07-26 15:00:00,0,0,0
2018-07-26 16:00:00,0,0,0
2018-07-26 17:00:00,0,0,0
2018-07-26 18:00:00,0,0,0
2018-07-26 19:00:00,0,0,0
2018-07-26 20:00:00,0,0,0
2018-07-26 21:00:00,0,0,0
2018-07-26 22:00:00,0,0,0
2018-07-26 23:00:00,0,0,0
2018-07-27 00:00:00,0,0,0
2018-07-27 01:00:00,0,0,0
2018-07-27 02:00:00,0,0,0
2018-07-27 03:00:00,0,0,0
2018-07-27 04:00:00,0,0,0
2018-07-27 05:00:00,0,0,0
2018-07-27 06:00:00,0,0,0
2018-07-27 07:00:00,0,0,0
2018-07-27 08:00:00,0,0,0
2018-07-27 09:00:00,0,0,0
2018-07-27 10:00:00,0,0,0
2018-07-27 11:00:00,0,0,0
2018-07-27 12:00:00,0,0,0
2018-07-27 13:00:00,0,0,0
2018-07-27 14:00:00,0,0,0
2018-07-27 15:00:00,0,0,0
2018-07-27 16:00:00,0,0,0
2018-07-27 17:00:00,0,0,0
2018-07-27 18:00:00,0,0,0
2018-07-27 19:00:00,0,0,0
2018-07-27 20:00:00,0,0,0
2018-07-27 21:00:00,0,0,0
2018-07-27 22:00:00,0,0,0
2018-07-27 23:00:00,0,0,0
2018-07-28 00:00:00,0,0,0
2018-07-28 01:00:00,0,0,0
2018-07-28 02:00:00,0,0,0
2018-07-28 03:00:00,0,0,0
2018-07-28 04:00:00,0,0,0
2018-07-28 05:00:00,0,0,0
2018-07-28 06:00:00,0,0,0
2018-07-28 07:00:00,0,0,0
2018-07-28 08:00:00,0,0,0
2018-07-28 09:00:00,0,0,0
2018-07-28 10:00:00,0,0,0
2018-07-28 11:00:00,0,0,0
2018-07-28 12:00:00,0,0,0
2018-07-28 13:00:00,0,0,0
2018-07-28 14:00:00,0,0,0
2018-07-28 15:00:00,0,0,0
2018-07-28 16:00:00,0,0,0
2018-07-28 17:00:00,0,0,0
2018-07-28 18:00:00,0,0,0
2018-07-28 19:00:00,0,0,0
2018-07-28 20:00:00,0,0,0
2018-07-28 21:00:00,0,0,0
2018-07-28 22:00:00,0,0,0
2018-07-28 23:00:00,0,0,0
2018-07-29 00:00:00,0,0,0
2018-07-29 01:00:00,0,0,0
2018-07-29 02:00:00,0,0,0
2018-07-29 03:00:00,0,0,0
2018-07-29 04:00:00,0,0,0
2018-07-29 05:00:00,0,0,0
2018-07-29 06:00:00,0,0,0
2018-07-29 07:00:00,0,0,0
2018-07-29 08:00:00,0,0,0
2018-07-29 09:00:00,0,0,0
2018-07-29 10:00:00,0,0,0
2018-07-29 11:00:00,0,0,0
2018-07-29 12:00:00,0,0,0
2018-07-29 13:00:00,0,0,0
2018-07-29 14:00:00,0,0,0
2018-07-29 15:00:00,0,0,0
2018-07-29 16:00:00,0,0,0
2018-07-29 17:00:00,0,0,0
2018-07-29 18:00:00,0,0,0
2018-07-29 19:00:00,0,0,0
2018-07-29 20:00:00,0,0,0
2018-07-29 21:00:00,0,0,0
2018-07-29 22:00:00,0,0,0
2018-07-29 23:00:00,0,0,0
2018-07-30 00:00:00,0,0,0
2018-07-30 01:00:00,0,0,0
2018-07-30 02:00:00,0,0,0
2018-07-30 03:00:00,0,0,0
2018-07-30 04:00:00,0,0,0
2018-07-30 05:00:00,0,0,0
2018-07-30 06:00:00,0,0,0
2018-07-30 07:00:00,0,0,0
2018-07-30 08:00:00,0,0,0
2018-07-30 09:00:00,0,0,0
2018-07-30 10:00:00,0,0,0
2018-07-30 11:00:00,0,0,0
2018-07-30 12:00:00,0,0,0
2018-07-30 13:00:00,0,0,0
2018-07-30 14:00:00,0,0,0
2018-07-30 15:00:00,0,0,0
2018-07-30 16:00:00,0,0,0
2018-07-30 17:00:00,0,0,0
2018-07-30 18:00:00,0,0,0
2018-07-30 19:00:00,0,0,0
2018-07-30 20:00:00,0,0,0
2018-07-30 21:00:00,0,0,0
2018-07-30 22:00:00,0,0,0
2018-07-30 23:00:00,0,0,0
2018-07-31 00:00:00,0,0,0
2018-07-31 01:00:00,0,0,0
2018-07-31 02:00:00,0,0,0
2018-07-31 03:00:00,0,0,0
2018-07-31 04:00:00,0,0,0
2018-07-31 05:00:00,0,0,0
2018-07-31 06:00:00,0,0,0
2018-07-31 07:00:00,0,0,0
2018-07-31 08:00:00,0,0,0
2018-07-31 09:00:00,0,0,0
2018-07-31 10:00:00,0,0,0
2018-07-31 11:00:00,0,0,0
2018-07-31 12:00:00,0,0,0
2018-07-31 13:00:00,0,0,0
2018-07-31 14:00:00,0,0,0
2018-07-31 15:00:00,0,0,0
2018-07-31 16:00:00,0,0,0
2018-07-31 17:00:00,0,0,0
2018-07-31 18:00:00,0,0,0
2018-07-31 19:00:00,0,0,0
2018-07-31 20:00:00,0,0,0
2018-07-31 21:00:00,0,0,0
2018-07-31 22:00:00,0,0,0
2018-07-31 23:00:00,0,0,0
2018-08-01 00:00:00,0,0,0
2018-08-01 01:00:00,0,0,0
2018-08-01 02:00:00,0,0,0
2018-08-01 03:00:00,0,0,0
2018-08-01 04:00:00,0,0,0
2018-08-01 05:00:00,0,0,0
2018-08-01 06:00:00,0,0,0
2018-08-01 07:00:00,0,0,0
2018-08-01 08:00:00,0,0,0
2018-08-01 09:00:00,0,0,0
2018-08-01 10:00:00,0,0,0
2018-08-01 11:00:00,0,0,0
2018-08-01 12:00:00,0,0,0
2018-08-01 13:00:00,0,0,0
2018-08-01 14:00:00,0,0,0
2018-08-01 15:00:00,0,0,0
2018-08-01 16:00:00,0,0,0
2018-08-01 17:00:00,0,0,0
2018-08-01 18:00:00,0,0,0
2018-08-01 19:00:00,0,0,0
2018-08-01 20:00:00,0,0,0
2018-08-01 21:00:00,0,0,0
2018-08-01 22:00:00,0,0,0
2018-08-01 23:00:00,0,0,0
2018-08-02 00:00:00,0,0,0
2018-08-02 01:00:00,0,0,0
2018-08-02 02:00:00,0,0,0
2018-08-02 03:00:00,0,0,0
2018-08-02 04:00:00,0,0,0
2018-08-02 05:00:00,0,0,0
2018-08-02 06:00:00,0,0,0
2018-08-02 07:00:00,0,0,0
2018-08-02 08:00:00,0,0,0
2018-08-02 09:00:00,0,0,0
2018-08-02 10:00:00,0,0,0
2018-08-02 11:00:00,0,0,0
2018-08-02 12:00:00,0,0,0
2018-08-02 13:00:00,0,0,0
2018-08-02 14:00:00,0,0,0
2018-08-02 15:00:00,0,0,0
2018-08-02 16:00:00,0,0,0
2018-08-02 17:00:00,0,0,0
2018-08-02 18:00:00,0,0,0
2018-08-02 19:00:00,0,0,0
2018-08-02 20:00:00,0,0,0
2018-08-02 21:00:00,0,0,0
2018-08-02 22:00:00,0,0,0
2018-08-02 23:00:00,0,0,0
2018-08-03 00:00:00,0,0,0
2018-08-03 01:00:00,0,0,0
2018-08-03 02:00:00,0,0,0
2018-08-03 03:00:00,0,0,0
2018-08-03 04:00:00,0,0,0
2018-08-03 05:00:00,0,0,0
2018-08-03 06:00:00,0,0,0
2018-08-03 07:00:00,0,0,0
2018-08-03 08:00:00,0,0,0
2018-08-03 09:00:00,0,0,0
2018-08-03 10:00:00,0,0,0
2018-08-03 11:00:00,0,0,0
2018-08-03 12:00:00,0,0,0
2018-08-03 13:00:00,0,0,0
2018-08-03 14:00:00,0,0,0
2018-08-03 15:00:00,0,0,0
2018-08-03 16:00:00,0,0,0
2018-08-03 17:00:00,0,0,0
2018-08-03 18:00:00,0,0,0
2018-08-03 19:00:00,0,0,0
2018-08-03 20:00:00,0,0,0
2018-08-03 21:00:00,0,0,0
2018-08-03 22:00:00,0,0,0
2018-08-03 23:00:00,0,0,0
2018-08-04 00:00:00,0,0,0
2018-08-04 01:00:00,0,0,0
2018-08-04 02:00:00,0,0,0
2018-08-04 03:00:00,0,0,0
2018-08-04 04:00:00,0,0,0
2018-08-04 05:00:00,0,0,0
2018-08-04 06:00:00,0,0,0
2018-08-04 07:00:00,0,0,0
2018-08-04 08:00:00,0,0,0
2018-08-04 09:00:00,0,0,0
2018-08-04 10:00:00,0,0,0
2018-08-04 11:00:00,0,0,0
2018-08-04 12:00:00,0,0,0
2018-08-04 13:00:00,0,0,0
2018-08-04 14:00:00,0,0,0
2018-08-04 15:00:00,0,0,0
2018-08-04 16:00:00,0,0,0
2018-08-04 17:00:00,0,0,0
2018-08-04 18:00:00,0,0,0
2018-08-04 19:00:00,0,0,0
2018-08-04 20:00:00,0,0,0
2018-08-04 21:00:00,0,0,0
2018-08-04 22:00:00,0,0,0
2018-08-04 23:00:00,0,0,0
2018-08-05 00:00:00,0,0,0
2018-08-05 01:00:00,0,0,0
2018-08-05 02:00:00,0,0,0
2018-08-05 03:00:00,0,0,0
2018-08-05 04:00:00,0,0,0
2018-08-05 05:00:00,0,0,0
2018-08-05 06:00:00,0,0,0
2018-08-05 07:00:00,0,0,0
2018-08-05 08:00:00,0,0,0
2018-08-05 09:00:00,0,0,0
2018-08-05 10:00:00,0,0,0
2018-08-05 11:00:00,0,0,0
2018-08-05 12:00:00,0,0,0
2018-08-05 13:00:00,0,0,0
2018-08-05 14:00:00,0,0,0
2018-08-05 15:00:00,0,0,0
2018-08-05 16:00:00,0,0,0
2018-08-05 17:00:00,0,0,0
2018-08-05 18:00:00,0,0,0
2018-08-05 19:00:00,0,0,0
2018-08-05 20:00:00,0,0,0
2018-08-05 21:00:00,0,0,0
2018-08-05 22:00:00,0,0,0
2018-08-05 23:00:00,0,0,0
2018-08-06 00:00:00,0,0,0
2018-08-06 01:00:00,0,0,0
2018-08-06 02:00:00,0,0,0
2018-08-06 03:00:00,0,0,0
2018-08-06 04:00:00,0,0,0
2018-08-06 05:00:00,0,0,0
2018-08-06 06:00:00,0,0,0
2018-08-06 07:00:00,0,0,0
2018-08-06 08:00:00,0,0,0
2018-08-06 09:00:00,0,0,0
2018-08-06 10:00:00,0,0,0
2018-08-06 11:00:00,0,0,0
2018-08-06 12:00:00,0,0,0
2018-08-06 13:00:00,0,0,0
2018-08-06 14:00:00,0,0,0
2018-08-06 15:00:00,0,0,0
2018-08-06 16:00:00,0,0,0
2018-08-06 17:00:00,0,0,0
2018-08-06 18:00:00,0,0,0
2018-08-06 19:00:00,0,0,0
2018-08-06 20:00:00,0,0,0
2018-08-06 21:00:00,0,0,0
2018-08-06 22:00:00,0,0,0
2018-08-06 23:00:00,0,0,0
2018-08-07 00:00:00,0,0,0
2018-08-07 01:00:00,0,0,0
2018-08-07 02:00:00,0,0,0
2018-08-07 03:00:00,0,0,0
2018-08-07 04:00:00,0,0,0
2018-08-07 05:00:00,0,0,0
2018-08-07 06:00:00,0,0,0
2018-08-07 07:00:00,0,0,0
2018-08-07 08:00:00,0,0,0
2018-08-07 09:00:00,0,0,0
2018-08-07 10:00:00,0,0,0
2018-08-07 11:00:00,0,0,0
2018-08-07 12:00:00,0,0,0
2018-08-07 13:00:00,0,0,0
2018-08-07 14:00:00,0,0,0
2018-08-07 15:00:00,0,0,0
2018-08-07 16:00:00,0,0,0
2018-08-07 17:00:00,0,0,0
2018-08-07 18:00:00,0,0,0
2018-08-07 19:00:00,0,0,0
2018-08-07 20:00:00,0,0,0
2018-08-07 21:00:00,0,0,0
2018-08-07 22:00:00,0,0,0
2018-08-07 23:00:00,0,0,0
2018-08-08 00:00:00,0,0,0
2018-08-08 01:00:00,0,0,0
2018-08-08 02:00:00,0,0,0
2018-08-08 03:00:00,0,0,0
2018-08-08 04:00:00,0,0,0
2018-08-08 05:00:00,0,0,0
2018-08-08 06:00:00,0,0,0
2018-08-08 07:00:00,0,0,0
2018-08-08 08:00:00,0,0,0
2018-08-08 09:00:00,0,0,0
2018-08-08 10:00:00,0,0,0
2018-08-08 11:00:00,0,0,0
2018-08-08 12:00:00,0,0,0
2018-08-08 13:00:00,0,0,0
2018-08-08 14:00:00,0,0,0
2018-08-08 15:00:00,0,0,0
2018-08-08 16:00:00,0,0,0
2018-08-08 17:00:00,0,0,0
2018-08-08 18:00:00,0,0,0
2018-08-08 19:00:00,0,0,0
2018-08-08 20:00:00,0,0,0
2018-08-08 21:00:00,0,0,0
2018-08-08 22:00:00,0,0,0
2018-08-08 23:00:00,0,0,0
2018-08-09 00:00:00,0,0,0
2018-08-09 01:00:00,0,0,0
2018-08-09 02:00:00,0,0,0
2018-08-09 03:00:00,0,0,0
2018-08-09 04:00:00,0,0,0
2018-08-09 05:00:00,0,0,0
2018-08-09 06:00:00,0,0,0
2018-08-09 07:00:00,0,0,0
2018-08-09 08:00:00,0,0,0
2018-08-09 09:00:00,0,0,0
2018-08-09 10:00:00,0,0,0
2018-08-09 11:00:00,0,0,0
2018-08-09 12:00:00,0,0,0
2018-08-09 13:00:00,0,0,0
2018-08-09 14:00:00,0,0,0
2018-08-09 15:00:00,0,0,0
2018-08-09 16:00:00,0,0,0
2018-08-09 17:00:00,0,0,0
2018-08-09 18:00:00,0,0,0
2018-08-09 19:00:00,0,0,0
2018-08-09 20:00:00,0,0,0
2018-08-09 21:00:00,0,0,0
2018-08-09 22:00:00,0,0,0
2018-08-09 23:00:00,0,0,0
2018-08-10 00:00:00,0,0,0
2018-08-10 01:00:00,0,0,0
2018-08-10 02:00:00,0,0,0
2018-08-10 03:00:00,0,0,0
2018-08-10 04:00:00,0,0,0
2018-08-10 05:00:00,0,0,0
2018-08-10 06:00:00,0,0,0
2018-08-10 07:00:00,0,0,0
2018-08-10 08:00:00,0,0,0
2018-08-10 09:00:00,0,0,0
2018-08-10 10:00:00,0,0,0
2018-08-10 11:00:00,0,0,0
2018-08-10 12:00:00,0,0,0
2018-08-10 13:00:00,0,0,0
2018-08-10 14:00:00,0,0,0
2018-08-10 15:00:00,0,0,0
2018-08-10 16:00:00,0,0,0
2018-08-10 17:00:00,0,0,0
2018-08-10 18:00:00,0,0,0
2018-08-10 19:00:00,0,0,0
2018-08-10 20:00:00,0,0,0
2018-08-10 21:00:00,0,0,0
2018-08-10 22:00:00,0,0,0
2018-08-10 23:00:00,0,0,0
2018-08-11 00:00:00,0,0,0
2018-08-11 01:00:00,0,0,0
2018-08-11 02:00:00,0,0,0
2018-08-11 03:00:00,0,0,0
2018-08-11 04:00:00,0,0,0
2018-08-11 05:00:00,0,0,0
2018-08-11 06:00:00,0,0,0
2018-08-11 07:00:00,0,0,0
2018-08-11 08:00:00,0,0,0
2018-08-11 09:00:00,0,0,0
2018-08-11 10:00:00,0,0,0
2018-08-11 11:00:00,0,0,0
2018-08-11 12:00:00,0,0,0
2018-08-11 13:00:00,0,0,0
2018-08-11 14:00:00,0,0,0
2018-08-11 15:00:00,0,0,0
2018-08-11 16:00:00,0,0,0
2018-08-11 17:00:00,0,0,0
2018-08-11 18:00:00,0,0,0
2018-08-11 19:00:00,0,0,0
2018-08-11 20:00:00,0,0,0
2018-08-11 21:00:00,0,0,0
2018-08-11 22:00:00,0,0,0
2018-08-11 23:00:00,0,0,0
2018-08-12 00:00:00,0,0,0
2018-08-12 01:00:00,0,0,0
2018-08-12 02:00:00,0,0,0
2018-08-12 03:00:00,0,0,0
2018-08-12 04:00:00,0,0,0
2018-08-12 05:00:00,0,0,0
2018-08-12 06:00:00,0,0,0
2018-08-12 07:00:00,0,0,0
2018-08-12 08:00:00,0,0,0
2018-08-12 09:00:00,0,0,0
2018-08-12 10:00:00,0,0,0
2018-08-12 11:00:00,0,0,0
2018-08-12 12:00:00,0,0,0
2018-08-12 13:00:00,0,0,0
2018-08-12 14:00:00,0,0,0
2018-08-12 15:00:00,0,0,0
2018-08-12 16:00:00,0,0,0
2018-08-12 17:00:00,0,0,0
2018-08-12 18:00:00,0,0,0
2018-08-12 19:00:00,0,0,0
2018-08-12 20:00:00,0,0,0
2018-08-12 21:00:00,0,0,0
2018-08-12 22:00:00,0,0,0
2018-08-12 23:00:00,0,0,0
2018-08-13 00:00:00,0,0,0
2018-08-13 01:00:00,0,0,0
2018-08-13 02:00:00,0,0,0
2018-08-13 03:00:00,0,0,0
2018-08-13 04:00:00,0,0,0
2018-08-13 05:00:00,0,0,0
2018-08-13 06:00:00,0,0,0
2018-08-13 07:00:00,0,0,0
2018-08-13 08:00:00,0,0,0
2018-08-13 09:00:00,0,0,0
2018-08-13 10:00:00,0,0,0
2018-08-13 11:00:00,0,0,0
2018-08-13 12:00:00,0,0,0
2018-08-13 13:00:00,0,0,0
2018-08-13 14:00:00,0,0,0
2018-08-13 15:00:00,0,0,0
2018-08-13 16:00:00,0,0,0
2018-08-13 17:00:00,0,0,0
2018-08-13 18:00:00,0,0,0
2018-08-13 19:00:00,0,0,0
2018-08-13 20:00:00,0,0,0
2018-08-13 21:00:00,0,0,0
2018-08-13 22:00:00,0,0,0
2018-08-13 23:00:00,0,0,0
2018-08-14 00:00:00,0,0,0
2018-08-14 01:00:00,0,0,0
2018-08-14 02:00:00,0,0,0
2018-08-14 03:00:00,0,0,0
2018-08-14 04:00:00,0,0,0
2018-08-14 05:00:00,0,0,0
2018-08-14 06:00:00,0,0,0
2018-08-14 07:00:00,0,0,0
2018-08-14 08:00:00,0,0,0
2018-08-14 09:00:00,0,0,0
2018-08-14 10:00:00,0,0,0
2018-08-14 11:00:00,0,0,0
2018-08-14 12:00:00,0,0,0
2018-08-14 13:00:00,0,0,0
2018-08-14 14:00:00,0,0,0
2018-08-14 15:00:00,0,0,0
2018-08-14 16:00:00,0,0,0
2018-08-14 17:00:00,0,0,0
2018-08-14 18:00:00,0,0,0
2018-08-14 19:00:00,0,0,0
2018-08-14 20:00:00,0,0,0
2018-08-14 21:00:00,0,0,0
2018-08-14 22:00:00,0,0,0
2018-08-14 23:00:00,0,0,0
2018-08-15 00:00:00,0,0,0
2018-08-15 01:00:00,0,0,0
2018-08-15 02:00:00,0,0,0
2018-08-15 03:00:00,0,0,0
2018-08-15 04:00:00,0,0,0
2018-08-15 05:00:00,0,0,0
2018-08-15 06:00:00,0,0,0
2018-08-15 07:00:00,0,0,0
2018-08-15 08:00:00,0,0,0
2018-08-15 09:00:00,0,0,0
2018-08-15 10:00:00,0,0,0
2018-08-15 11:00:00,0,0,0
2018-08-15 12:00:00,0,0,0
2018-08-15 13:00:00,0,0,0
2018-08-15 14:00:00,0,0,0
2018-08-15 15:00:00,0,0,0
2018-08-15 16:00:00,0,0,0
2018-08-15 17:00:00,0,0,0
2018-08-15 18:00:00,0,0,0
2018-08-15 19:00:00,0,0,0
2018-08-15 20:00:00,0,0,0
2018-08-15 21:00:00,0,0,0
2018-08-15 22:00:00,0,0,0
2018-08-15 23:00:00,0,0,0
2018-08-16 00:00:00,0,0,0
2018-08-16 01:00:00,0,0,0
2018-08-16 02:00:00,0,0,0
2018-08-16 03:00:00,0,0,0
2018-08-16 04:00:00,0,0,0
2018-08-16 05:00:00,0,0,0
2018-08-16 06:00:00,0,0,0
2018-08-16 07:00:00,0,0,0
2018-08-16 08:00:00,0,0,0
2018-08-16 09:00:00,0,0,0
2018-08-16 10:00:00,0,0,0
2018-08-16 11:00:00,0,0,0
2018-08-16 12:00:00,0,0,0
2018-08-16 13:00:00,0,0,0
2018-08-16 14:00:00,0,0,0
2018-08-16 15:00:00,0,0,0
2018-08-16 16:00:00,0,0,0
2018-08-16 17:00:00,0,0,0
2018-08-16 18:00:00,0,0,0
2018-08-16 19:00:00,0,0,0
2018-08-16 20:00:00,0,0,0
2018-08-16 21:00:00,0,0,0
2018-08-16 22:00:00,0,0,0
2018-08-16 23:00:00,0,0,0
2018-08-17 00:00:00,0,0,0
2018-08-17 01:00:00,0,0,0
2018-08-17 02:00:00,0,0,0
2018-08-17 03:00:00,0,0,0
2018-08-17 04:00:00,0,0,0
2018-08-17 05:00:00,0,0,0
2018-08-17 06:00:00,0,0,0
2018-08-17 07:00:00,0,0,0
2018-08-17 08:00:00,0,0,0
2018-08-17 09:00:00,0,0,0
2018-08-17 10:00:00,0,0,0
2018-08-17 11:00:00,0,0,0
2018-08-17 12:00:00,0,0,0
2018-08-17 13:00:00,0,0,0
2018-08-17 14:00:00,0,0,0
2018-08-17 15:00:00,0,0,0
2018-08-17 16:00:00,0,0,0
2018-08-17 17:00:00,0,0,0
2018-08-17 18:00:00,0,0,0
2018-08-17 19:00:00,0,0,0
2018-08-17 20:00:00,0,0,0
2018-08-17 21:00:00,0,0,0
2018-08-17 22:00:00,0,0,0
2018-08-17 23:00:00,0,0,0
2018-08-18 00:00:00,0,0,0
2018-08-18 01:00:00,0,0,0
2018-08-18 02:00:00,0,0,0
2018-08-18 03:00:00,0,0,0
2018-08-18 04:00:00,0,0,0
2018-08-18 05:00:00,0,0,0
2018-08-18 06:00:00,0,0,0
2018-08-18 07:00:00,0,0,0
2018-08-18 08:00:00,0,0,0
2018-08-18 09:00:00,0,0,0
2018-08-18 10:00:00,0,0,0
2018-08-18 11:00:00,0,0,0
2018-08-18 12:00:00,0,0,0
2018-08-18 13:00:00,0,0,0
2018-08-18 14:00:00,0,0,0
2018-08-18 15:00:00,0,0,0
2018-08-18 16:00:00,0,0,0
2018-08-18 17:00:00,0,0,0
2018-08-18 18:00:00,0,0,0
2018-08-18 19:00:00,0,0,0
2018-08-18 20:00:00,0,0,0
2018-08-18 21:00:00,0,0,0
2018-08-18 22:00:00,0,0,0
2018-08-18 23:00:00,0,0,0
2018-08-19 00:00:00,0,0,0
2018-08-19 01:00:00,0,0,0
2018-08-19 02:00:00,0,0,0
2018-08-19 03:00:00,0,0,0
2018-08-19 04:00:00,0,0,0
2018-08-19 05:00:00,0,0,0
2018-08-19 06:00:00,0,0,0
2018-08-19 07:00:00,0,0,0
2018-08-19 08:00:00,0,0,0
2018-08-19 09:00:00,0,0,0
2018-08-19 10:00:00,0,0,0
2018-08-19 11:00:00,0,0,0
2018-08-19 12:00:00,0,0,0
2018-08-19 13:00:00,0,0,0
2018-08-19 14:00:00,0,0,0
2018-08-19 15:00:00,0,0,0
2018-08-19 16:00:00,0,0,0
2018-08-19 17:00:00,0,0,0
2018-08-19 18:00:00,0,0,0
2018-08-19 19:00:00,0,0,0
2018-08-19 20:00:00,0,0,0
2018-08-19 21:00:00,0,0,0
2018-08-19 22:00:00,0,0,0
2018-08-19 23:00:00,0,0,0
2018-08-20 00:00:00,0,0,0
2018-08-20 01:00:00,0,0,0
2018-08-20 02:00:00,0,0,0
2018-08-20 03:00:00,0,0,0
2018-08-20 04:00:00,0,0,0
2018-08-20 05:00:00,0,0,0
2018-08-20 06:00:00,0,0,0
2018-08-20 07:00:00,0,0,0
2018-08-20 08:00:00,0,0,0
2018-08-20 09:00:00,0,0,0
2018-08-20 10:00:00,0,0,0
2018-08-20 11:00:00,0,0,0
2018-08-20 12:00:00,0,0,0
2018-08-20 13:00:00,0,0,0
2018-08-20 14:00:00,0,0,0
2018-08-20 15:00:00,0,0,0
2018-08-20 16:00:00,0,0,0
2018-08-20 17:00:00,0,0,0
2018-08-20 18:00:00,0,0,0
2018-08-20 19:00:00,0,0,0
2018-08-20 20:00:00,0,0,0
2018-08-20 21:00:00,0,0,0
2018-08-20 22:00:00,0,0,0
2018-08-20 23:00:00,0,0,0
2018-08-21 00:00:00,0,0,0
2018-08-21 01:00:00,0,0,0
2018-08-21 02:00:00,0,0,0
2018-08-21 03:00:00,0,0,0
2018-08-21 04:00:00,0,0,0
2018-08-21 05:00:00,0,0,0
2018-08-21 06:00:00,0,0,0
2018-08-21 07:00:00,0,0,0
2018-08-21 08:00:00,0,0,0
2018-08-21 09:00:00,0,0,0
2018-08-21 10:00:00,0,0,0
2018-08-21 11:00:00,0,0,0
2018-08-21 12:00:00,0,0,0
2018-08-21 13:00:00,0,0,0
2018-08-21 14:00:00,0,0,0
2018-08-21 15:00:00,0,0,0
2018-08-21 16:00:00,0,0,0
2018-08-21 17:00:00,0,0,0
2018-08-21 18:00:00,0,0,0
2018-08-21 19:00:00,0,0,0
2018-08-21 20:00:00,0,0,0
2018-08-21 21:00:00,0,0,0
2018-08-21 22:00:00,0,0,0
2018-08-21 23:00:00,0,0,0
2018-08-22 00:00:00,0,0,0
2018-08-22 01:00:00,0,0,0
2018-08-22 02:00:00,0,0,0
2018-08-22 03:00:00,0,0,0
2018-08-22 04:00:00,0,0,0
2018-08-22 05:00:00,0,0,0
2018-08-22 06:00:00,0,0,0
2018-08-22 07:00:00,0,0,0
2018-08-22 08:00:00,0,0,0
2018-08-22 09:00:00,0,0,0
2018-08-22 10:00:00,0,0,0
2018-08-22 11:00:00,0,0,0
2018-08-22 12:00:00,0,0,0
2018-08-22 13:00:00,0,0,0
2018-08-22 14:00:00,0,0,0
2018-08-22 15:00:00,0,0,0
2018-08-22 16:00:00,0,0,0
2018-08-22 17:00:00,0,0,0
2018-08-22 18:00:00,0,0,0
2018-08-22 19:00:00,0,0,0
2018-08-22 20:00:00,0,0,0
2018-08-22 21:00:00,0,0,0
2018-08-22 22:00:00,0,0,0
2018-08-22 23:00:00,0,0,0
2018-08-23 00:00:00,0,0,0
2018-08-23 01:00:00,0,0,0
2018-08-23 02:00:00,0,0,0
2018-08-23 03:00:00,0,0,0
2018-08-23 04:00:00,0,0,0
2018-08-23 05:00:00,0,0,0
2018-08-23 06:00:00,0,0,0
2018-08-23 07:00:00,0,0,0
2018-08-23 08:00:00,0,0,0
2018-08-23 09:00:00,0,0,0
2018-08-23 10:00:00,0,0,0
2018-08-23 11:00:00,0,0,0
2018-08-23 12:00:00,0,0,0
2018-08-23 13:00:00,0,0,0
2018-08-23 14:00:00,0,0,0
2018-08-23 15:00:00,0,0,0
2018-08-23 16:00:00,0,0,0
2018-08-23 17:00:00,0,0,0
2018-08-23 18:00:00,0,0,0
2018-08-23 19:00:00,0,0,0
2018-08-23 20:00:00,0,0,0
2018-08-23 21:00:00,0,0,0
2018-08-23 22:00:00,0,0,0
2018-08-23 23:00:00,0,0,0
2018-08-24 00:00:00,0,0,0
2018-08-24 01:00:00,0,0,0
2018-08-24 02:00:00,0,0,0
2018-08-24 03:00:00,0,0,0
2018-08-24 04:00:00,0,0,0
2018-08-24 05:00:00,0,0,0
2018-08-24 06:00:00,0,0,0
2018-08-24 07:00:00,0,0,0
2018-08-24 08:00:00,0,0,0
2018-08-24 09:00:00,0,0,0
2018-08-24 10:00:00,0,0,0
2018-08-24 11:00:00,0,0,0
2018-08-24 12:00:00,0,0,0
2018-08-24 13:00:00,0,0,0
2018-08-24 14:00:00,0,0,0
2018-08-24 15:00:00,0,0,0
2018-08-24 16:00:00,0,0,0
2018-08-24 17:00:00,0,0,0
2018-08-24 18:00:00,0,0,0
2018-08-24 19:00:00,0,0,0
2018-08-24 20:00:00,0,0,0
2018-08-24 21:00:00,0,0,0
2018-08-24 22:00:00,0,0,0
2018-08-24 23:00:00,0,0,0
2018-08-25 00:00:00,0,0,0
2018-08-25 01:00:00,0,0,0
2018-08-25 02:00:00,0,0,0
2018-08-25 03:00:00,0,0,0
2018-08-25 04:00:00,0,0,0
2018-08-25 05:00:00,0,0,0
2018-08-25 06:00:00,0,0,0
2018-08-25 07:00:00,0,0,0
2018-08-25 08:00:00,0,0,0
2018-08-25 09:00:00,0,0,0
2018-08-25 10:00:00,0,0,0
2018-08-25 11:00:00,0,0,0
2018-08-25 12:00:00,0,0,0
2018-08-25 13:00:00,0,0,0
2018-08-25 14:00:00,0,0,0
2018-08-25 15:00:00,0,0,0
2018-08-25 16:00:00,0,0,0
2018-08-25 17:00:00,0,0,0
2018-08-25 18:00:00,0,0,0
2018-08-25 19:00:00,0,0,0
2018-08-25 20:00:00,0,0,0
2018-08-25 21:00:00,0,0,0
2018-08-25 22:00:00,0,0,0
2018-08-25 23:00:00,0,0,0
2018-08-26 00:00:00,0,0,0
2018-08-26 01:00:00,0,0,0
2018-08-26 02:00:00,0,0,0
2018-08-26 03:00:00,0,0,0
2018-08-26 04:00:00,0,0,0
2018-08-26 05:00:00,0,0,0
2018-08-26 06:00:00,0,0,0
2018-08-26 07:00:00,0,0,0
2018-08-26 08:00:00,0,0,0
2018-08-26 09:00:00,0,0,0
2018-08-26 10:00:00,0,0,0
2018-08-26 11:00:00,0,0,0
2018-08-26 12:00:00,0,0,0
2018-08-26 13:00:00,0,0,0
2018-08-26 14:00:00,0,0,0
2018-08-26 15:00:00,0,0,0
2018-08-26 16:00:00,0,0,0
2018-08-26 17:00:00,0,0,0
2018-08-26 18:00:00,0,0,0
2018-08-26 19:00:00,0,0,0
2018-08-26 20:00:00,0,0,0
2018-08-26 21:00:00,0,0,0
2018-08-26 22:00:00,0,0,0
2018-08-26 23:00:00,0,0,0
2018-08-27 00:00:00,0,0,0
2018-08-27 01:00:00,0,0,0
2018-08-27 02:00:00,0,0,0
2018-08-27 03:00:00,0,0,0
2018-08-27 04:00:00,0,0,0
2018-08-27 05:00:00,0,0,0
2018-08-27 06:00:00,0,0,0
2018-08-27 07:00:00,0,0,0
2018-08-27 08:00:00,0,0,0
2018-08-27 09:00:00,0,0,0
2018-08-27 10:00:00,0,0,0
2018-08-27 11:00:00,0,0,0
2018-08-27 12:00:00,0,0,0
2018-08-27 13:00:00,0,0,0
2018-08-27 14:00:00,0,0,0
2018-08-27 15:00:00,0,0,0
2018-08-27 16:00:00,0,0,0
2018-08-27 17:00:00,0,0,0
2018-08-27 18:00:00,0,0,0
2018-08-27 19:00:00,0,0,0
2018-08-27 20:00:00,0,0,0
2018-08-27 21:00:00,0,0,0
2018-08-27 22:00:00,0,0,0
2018-08-27 23:00:00,0,0,0
2018-08-28 00:00:00,0,0,0
2018-08-28 01:00:00,0,0,0
2018-08-28 02:00:00,0,0,0
2018-08-28 03:00:00,0,0,0
2018-08-28 04:00:00,0,0,0
2018-08-28 05:00:00,0,0,0
2018-08-28 06:00:00,0,0,0
2018-08-28 07:00:00,0,0,0
2018-08-28 08:00:00,0,0,0
2018-08-28 09:00:00,0,0,0
2018-08-28 10:00:00,0,0,0
2018-08-28 11:00:00,0,0,0
2018-08-28 12:00:00,0,0,0
2018-08-28 13:00:00,0,0,0
2018-08-28 14:00:00,0,0,0
2018-08-28 15:00:00,0,0,0
2018-08-28 16:00:00,0,0,0
2018-08-28 17:00:00,0,0,0
2018-08-28 18:00:00,0,0,0
2018-08-28 19:00:00,0,0,0
2018-08-28 20:00:00,0,0,0
2018-08-28 21:00:00,0,0,0
2018-08-28 22:00:00,0,0,0
2018-08-28 23:00:00,0,0,0
2018-08-29 00:00:00,0,0,0
2018-08-29 01:00:00,0,0,0
2018-08-29 02:00:00,0,0,0
2018-08-29 03:00:00,0,0,0
2018-08-29 04:00:00,0,0,0
2018-08-29 05:00:00,0,0,0
2018-08-29 06:00:00,0,0,0
2018-08-29 07:00:00,0,0,0
2018-08-29 08:00:00,0,0,0
2018-08-29 09:00:00,0,0,0
2018-08-29 10:00:00,0,0,0
2018-08-29 11:00:00,0,0,0
2018-08-29 12:00:00,0,0,0
2018-08-29 13:00:00,0,0,0
2018-08-29 14:00:00,0,0,0
2018-08-29 15:00:00,0,0,0
2018-08-29 16:00:00,0,0,0
2018-08-29 17:00:00,0,0,0
2018-08-29 18:00:00,0,0,0
2018-08-29 19:00:00,0,0,0
2018-08-29 20:00:00,0,0,0
2018-08-29 21:00:00,0,0,0
2018-08-29 22:00:00,0,0,0
2018-08-29 23:00:00,0,0,0
2018-08-30 00:00:00,0,0,0
2018-08-30 01:00:00,0,0,0
2018-08-30 02:00:00,0,0,0
2018-08-30 03:00:00,0,0,0
2018-08-30 04:00:00,0,0,0
2018-08-30 05:00:00,0,0,0
2018-08-30 06:00:00,0,0,0
2018-08-30 07:00:00,0,0,0
2018-08-30 08:00:00,0,0,0
2018-08-30 09:00:00,0,0,0
2018-08-30 10:00:00,0,0,0
2018-08-30 11:00:00,0,0,0
2018-08-30 12:00:00,0,0,0
2018-08-30 13:00:00,0,0,0
2018-08-30 14:00:00,0,0,0
2018-08-30 15:00:00,0,0,0
2018-08-30 16:00:00,0,0,0
2018-08-30 17:00:00,0,0,0
2018-08-30 18:00:00,0,0,0
2018-08-30 19:00:00,0,0,0
2018-08-30 20:00:00,0,0,0
2018-08-30 21:00:00,0,0,0
2018-08-30 22:00:00,0,0,0
2018-08-30 23:00:00,0,0,0
2018-08-31 00:00:00,0,0,0
2018-08-31 01:00:00,0,0,0
2018-08-31 02:00:00,0,0,0
2018-08-31 03:00:00,0,0,0
2018-08-31 04:00:00,0,0,0
2018-08-31 05:00:00,0,0,0
2018-08-31 06:00:00,0,0,0
2018-08-31 07:00:00,0,0,0
2018-08-31 08:00:00,0,0,0
2018-08-31 09:00:00,0,0,0
2018-08-31 10:00:00,0,0,0
2018-08-31 11:00:00,0,0,0
2018-08-31 12:00:00,0,0,0
2018-08-31 13:00:00,0,0,0
2018-08-31 14:00:00,0,0,0
2018-08-31 15:00:00,0,0,0
2018-08-31 16:00:00,0,0,0
2018-08-31 17:00:00,0,0,0
2018-08-31 18:00:00,0,0,0
2018-08-31 19:00:00,0,0,0
2018-08-31 20:00:00,0,0,0
2018-08-31 21:00:00,0,0,0
2018-08-31 22:00:00,0,0,0
2018-08-31 23:00:00,0,0,0
2018-09-01 00:00:00,0,0,0
2018-09-01 01:00:00,0,0,0
2018-09-01 02:00:00,0,0,0
2018-09-01 03:00:00,0,0,0
2018-09-01 04:00:00,0,0,0
2018-09-01 05:00:00,0,0,0
2018-09-01 06:00:00,0,0,0
2018-09-01 07:00:00,0,0,0
2018-09-01 08:00:00,0,0,0
2018-09-01 09:00:00,0,0,0
2018-09-01 10:00:00,0,0,0
2018-09-01 11:00:00,0,0,0
2018-09-01 12:00:00,0,0,0
2018-09-01 13:00:00,0,0,0
2018-09-01 14:00:00,0,0,0
2018-09-01 15:00:00,0,0,0
2018-09-01 16:00:00,0,0,0
2018-09-01 17:00:00,0,0,0
2018-09-01 18:00:00,0,0,0
2018-09-01 19:00:00,0,0,0
2018-09-01 20:00:00,0,0,0
2018-09-01 21:00:00,0,0,0
2018-09-01 22:00:00,0,0,0
2018-09-01 23:00:00,0,0,0
2018-09-02 00:00:00,0,0,0
2018-09-02 01:00:00,0,0,0
2018-09-02 02:00:00,0,0,0
2018-09-02 03:00:00,0,0,0
2018-09-02 04:00:00,0,0,0
2018-09-02 05:00:00,0,0,0
2018-09-02 06:00:00,0,0,0
2018-09-02 07:00:00,0,0,0
2018-09-02 08:00:00,0,0,0
2018-09-02 09:00:00,0,0,0
2018-09-02 10:00:00,0,0,0
2018-09-02 11:00:00,0,0,0
2018-09-02 12:00:00,0,0,0
2018-09-02 13:00:00,0,0,0
2018-09-02 14:00:00,0,0,0
2018-09-02 15:00:00,0,0,0
2018-09-02 16:00:00,0,0,0
2018-09-02 17:00:00,0,0,0
2018-09-02 18:00:00,0,0,0
2018-09-02 19:00:00,0,0,0
2018-09-02 20:00:00,0,0,0
2018-09-02 21:00:00,0,0,0
2018-09-02 22:00:00,0,0,0
2018-09-02 23:00:00,0,0,0
2018-09-03 00:00:00,0,0,0
2018-09-03 01:00:00,0,0,0
2018-09-03 02:00:00,0,0,0
2018-09-03 03:00:00,0,0,0
2018-09-03 04:00:00,0,0,0
2018-09-03 05:00:00,0,0,0
2018-09-03 06:00:00,0,0,0
2018-09-03 07:00:00,0,0,0
2018-09-03 08:00:00,0,0,0
2018-09-03 09:00:00,0,0,0
2018-09-03 10:00:00,0,0,0
2018-09-03 11:00:00,0,0,0
2018-09-03 12:00:00,0,0,0
2018-09-03 13:00:00,0,0,0
2018-09-03 14:00:00,0,0,0
2018-09-03 15:00:00,0,0,0
2018-09-03 16:00:00,0,0,0
2018-09-03 17:00:00,0,0,0
2018-09-03 18:00:00,0,0,0
2018-09-03 19:00:00,0,0,0
2018-09-03 20:00:00,0,0,0
2018-09-03 21:00:00,0,0,0
2018-09-03 22:00:00,0,0,0
2018-09-03 23:00:00,0,0,0
2018-09-04 00:00:00,0,0,0
2018-09-04 01:00:00,0,0,0
2018-09-04 02:00:00,0,0,0
2018-09-04 03:00:00,0,0,0
2018-09-04 04:00:00,0,0,0
2018-09-04 05:00:00,0,0,0
2018-09-04 06:00:00,0,0,0
2018-09-04 07:00:00,0,0,0
2018-09-04 08:00:00,0,0,0
2018-09-04 09:00:00,0,0,0
2018-09-04 10:00:00,0,0,0
2018-09-04 11:00:00,0,0,0
2018-09-04 12:00:00,0,0,0
2018-09-04 13:00:00,0,0,0
2018-09-04 14:00:00,0,0,0
2018-09-04 15:00:00,0,0,0
2018-09-04 16:00:00,0,0,0
2018-09-04 17:00:00,0,0,0
2018-09-04 18:00:00,0,0,0
2018-09-04 19:00:00,0,0,0
2018-09-04 20:00:00,0,0,0
2018-09-04 21:00:00,0,0,0
2018-09-04 22:00:00,0,0,0
2018-09-04 23:00:00,0,0,0
2018-09-05 00:00:00,0,0,0
2018-09-05 01:00:00,0,0,0
2018-09-05 02:00:00,0,0,0
2018-09-05 03:00:00,0,0,0
2018-09-05 04:00:00,0,0,0
2018-09-05 05:00:00,0,0,0
2018-09-05 06:00:00,0,0,0
2018-09-05 07:00:00,0,0,0
2018-09-05 08:00:00,0,0,0
2018-09-05 09:00:00,0,0,0
2018-09-05 10:00:00,0,0,0
2018-09-05 11:00:00,0,0,0
2018-09-05 12:00:00,0,0,0
2018-09-05 13:00:00,0,0,0
2018-09-05 14:00:00,0,0,0
2018-09-05 15:00:00,0,0,0
2018-09-05 16:00:00,0,0,0
2018-09-05 17:00:00,0,0,0
2018-09-05 18:00:00,0,0,0
2018-09-05 19:00:00,0,0,0
2018-09-05 20:00:00,0,0,0
2018-09-05 21:00:00,0,0,0
2018-09-05 22:00:00,0,0,0
2018-09-05 23:00:00,0,0,0
2018-09-06 00:00:00,0,0,0
2018-09-06 01:00:00,0,0,0
2018-09-06 02:00:00,0,0,0
2018-09-06 03:00:00,0,0,0
2018-09-06 04:00:00,0,0,0
2018-09-06 05:00:00,0,0,0
2018-09-06 06:00:00,0,0,0
2018-09-06 07:00:00,0,0,0
2018-09-06 08:00:00,0,0,0
2018-09-06 09:00:00,10,5,5
2018-09-06 10:00:00,31,14,17
2018-09-06 11:00:00,19,8,11
2018-09-06 12:00:00,19,11,8
2018-09-06 13:00:00,12,7,5
2018-09-06 14:00:00,18,10,8
2018-09-06 15:00:00,22,9,13
2018-09-06 16:00:00,28,17,11
2018-09-06 17:00:00,30,11,19
2018-09-06 18:00:00,29,19,10
2018-09-06 19:00:00,27,13,14
2018-09-06 20:00:00,6,1,5
2018-09-06 21:00:00,2,1,1
2018-09-06 22:00:00,4,2,2
2018-09-06 23:00:00,0,0,0
2018-09-07 00:00:00,0,0,0
2018-09-07 01:00:00,0,0,0
2018-09-07 02:00:00,0,0,0
2018-09-07 03:00:00,0,0,0
2018-09-07 04:00:00,0,0,0
2018-09-07 05:00:00,2,0,2
2018-09-07 06:00:00,10,4,6
2018-09-07 07:00:00,15,6,9
2018-09-07 08:00:00,27,14,13
2018-09-07 09:00:00,35,19,16
2018-09-07 10:00:00,39,17,22
2018-09-07 11:00:00,27,14,13
2018-09-07 12:00:00,17,11,6
2018-09-07 13:00:00,21,10,11
2018-09-07 14:00:00,16,11,5
2018-09-07 15:00:00,24,12,12
2018-09-07 16:00:00,22,10,12
2018-09-07 17:00:00,42,24,18
2018-09-07 18:00:00,26,11,15
2018-09-07 19:00:00,11,7,4
2018-09-07 20:00:00,4,0,4
2018-09-07 21:00:00,0,0,0
2018-09-07 22:00:00,0,0,0
2018-09-07 23:00:00,0,0,0
2018-09-08 00:00:00,0,0,0
2018-09-08 01:00:00,0,0,0
2018-09-08 02:00:00,0,0,0
2018-09-08 03:00:00,0,0,0
2018-09-08 04:00:00,0,0,0
2018-09-08 05:00:00,1,1,0
2018-09-08 06:00:00,6,4,2
2018-09-08 07:00:00,33,16,17
2018-09-08 08:00:00,45,21,24
2018-09-08 09:00:00,48,24,24
2018-09-08 10:00:00,59,33,26
2018-09-08 11:00:00,61,26,35
2018-09-08 12:00:00,49,28,21
2018-09-08 13:00:00,36,11,25
2018-09-08 14:00:00,34,14,20
2018-09-08 15:00:00,21,12,9
2018-09-08 16:00:00,35,15,20
2018-09-08 17:00:00,19,11,8
2018-09-08 18:00:00,23,11,12
2018-09-08 19:00:00,15,5,10
2018-09-08 20:00:00,7,3,4
2018-09-08 21:00:00,3,1,2
2018-09-08 22:00:00,1,0,1
2018-09-08 23:00:00,1,1,0
2018-09-09 00:00:00,0,0,0
2018-09-09 01:00:00,0,0,0
2018-09-09 02:00:00,0,0,0
2018-09-09 03:00:00,0,0,0
2018-09-09 04:00:00,0,0,0
2018-09-09 05:00:00,1,1,0
2018-09-09 06:00:00,0,0,0
2018-09-09 07:00:00,19,8,11
2018-09-09 08:00:00,59,25,34
2018-09-09 09:00:00,60,25,35
2018-09-09 10:00:00,71,38,33
2018-09-09 11:00:00,42,22,20
2018-09-09 12:00:00,59,25,34
2018-09-09 13:00:00,43,21,22
2018-09-09 14:00:00,48,23,25
2018-09-09 15:00:00,40,21,19
2018-09-09 16:00:00,44,24,20
2018-09-09 17:00:00,52,19,33
2018-09-09 18:00:00,29,16,13
2018-09-09 19:00:00,13,4,9
2018-09-09 20:00:00,2,1,1
2018-09-09 21:00:00,1,1,0
2018-09-09 22:00:00,1,0,1
2018-09-09 23:00:00,1,1,0
2018-09-10 00:00:00,0,0,0
2018-09-10 01:00:00,0,0,0
2018-09-10 02:00:00,0,0,0
2018-09-10 03:00:00,0,0,0
2018-09-10 04:00:00,0,0,0
2018-09-10 05:00:00,4,2,2
2018-09-10 06:00:00,7,2,5
2018-09-10 07:00:00,17,6,11
2018-09-10 08:00:00,30,15,15
2018-09-10 09:00:00,17,11,6
2018-09-10 10:00:00,27,10,17
2018-09-10 11:00:00,22,10,12
2018-09-10 12:00:00,17,8,9
2018-09-10 13:00:00,20,14,6
2018-09-10 14:00:00,20,9,11
2018-09-10 15:00:00,23,12,11
2018-09-10 16:00:00,49,21,28
2018-09-10 17:00:00,27,11,16
2018-09-10 18:00:00,38,20,18
2018-09-10 19:00:00,13,6,7
2018-09-10 20:00:00,2,0,2
2018-09-10 21:00:00,0,0,0
2018-09-10 22:00:00,0,0,0
2018-09-10 23:00:00,0,0,0
2018-09-11 00:00:00,0,0,0
2018-09-11 01:00:00,0,0,0
2018-09-11 02:00:00,0,0,0
2018-09-11 03:00:00,0,0,0
2018-09-11 04:00:00,0,0,0
2018-09-11 05:00:00,3,1,2
2018-09-11 06:00:00,5,3,2
2018-09-11 07:00:00,13,7,6
2018-09-11 08:00:00,26,9,17
2018-09-11 09:00:00,13,8,5
2018-09-11 10:00:00,14,4,10
2018-09-11 11:00:00,13,7,6
2018-09-11 12:00:00,21,14,7
2018-09-11 13:00:00,6,3,3
2018-09-11 14:00:00,12,8,4
2018-09-11 15:00:00,15,8,7
2018-09-11 16:00:00,32,17,15
2018-09-11 17:00:00,27,12,15
2018-09-11 18:00:00,34,19,15
2018-09-11 19:00:00,16,6,10
2018-09-11 20:00:00,6,2,4
2018-09-11 21:00:00,0,0,0
2018-09-11 22:00:00,0,0,0
2018-09-11 23:00:00,0,0,0
2018-09-12 00:00:00,0,0,0
2018-09-12 01:00:00,0,0,0
2018-09-12 02:00:00,1,0,1
2018-09-12 03:00:00,0,0,0
2018-09-12 04:00:00,0,0,0
2018-09-12 05:00:00,5,3,2
2018-09-12 06:00:00,9,4,5
2018-09-12 07:00:00,17,9,8
2018-09-12 08:00:00,21,10,11
2018-09-12 09:00:00,27,12,15
2018-09-12 10:00:00,31,13,18
2018-09-12 11:00:00,12,3,9
2018-09-12 12:00:00,13,6,7
2018-09-12 13:00:00,21,10,11
2018-09-12 14:00:00,16,11,5
2018-09-12 15:00:00,10,5,5
2018-09-12 16:00:00,19,11,8
2018-09-12 17:00:00,15,9,6
2018-09-12 18:00:00,12,4,8
2018-09-12 19:00:00,3,1,2
2018-09-12 20:00:00,1,1,0
2018-09-12 21:00:00,0,0,0
2018-09-12 22:00:00,0,0,0
2018-09-12 23:00:00,1,0,1
2018-09-13 00:00:00,1,0,1
2018-09-13 01:00:00,1,1,0
2018-09-13 02:00:00,0,0,0
2018-09-13 03:00:00,0,0,0
2018-09-13 04:00:00,1,0,1
2018-09-13 05:00:00,1,0,1
2018-09-13 06:00:00,5,3,2
2018-09-13 07:00:00,14,8,6
2018-09-13 08:00:00,34,21,13
2018-09-13 09:00:00,28,7,21
2018-09-13 10:00:00,24,12,12
2018-09-13 11:00:00,23,9,14
2018-09-13 12:00:00,20,9,11
2018-09-13 13:00:00,21,10,11
2018-09-13 14:00:00,26,12,14
2018-09-13 15:00:00,25,15,10
2018-09-13 16:00:00,18,7,11
2018-09-13 17:00:00,33,17,16
2018-09-13 18:00:00,13,6,7
2018-09-13 19:00:00,13,8,5
2018-09-13 20:00:00,4,1,3
2018-09-13 21:00:00,2,0,2
2018-09-13 22:00:00,0,0,0
2018-09-13 23:00:00,2,1,1
2018-09-14 00:00:00,0,0,0
2018-09-14 01:00:00,0,0,0
2018-09-14 02:00:00,0,0,0
2018-09-14 03:00:00,0,0,0
2018-09-14 04:00:00,0,0,0
2018-09-14 05:00:00,5,1,4
2018-09-14 06:00:00,4,3,1
2018-09-14 07:00:00,10,5,5
2018-09-14 08:00:00,19,6,13
2018-09-14 09:00:00,27,13,14
2018-09-14 10:00:00,22,13,9
2018-09-14 11:00:00,14,5,9
2018-09-14 12:00:00,23,13,10
2018-09-14 13:00:00,21,11,10
2018-09-14 14:00:00,18,6,12
2018-09-14 15:00:00,20,10,10
2018-09-14 16:00:00,19,10,9
2018-09-14 17:00:00,12,7,5
2018-09-14 18:00:00,11,4,7
2018-09-14 19:00:00,1,1,0
2018-09-14 20:00:00,2,1,1
2018-09-14 21:00:00,0,0,0
2018-09-14 22:00:00,0,0,0
2018-09-14 23:00:00,0,0,0
2018-09-15 00:00:00,0,0,0
2018-09-15 01:00:00,0,0,0
2018-09-15 02:00:00,0,0,0
2018-09-15 03:00:00,0,0,0
2018-09-15 04:00:00,0,0,0
2018-09-15 05:00:00,0,0,0
2018-09-15 06:00:00,0,0,0
2018-09-15 07:00:00,26,18,8
2018-09-15 08:00:00,42,22,20
2018-09-15 09:00:00,79,37,42
2018-09-15 10:00:00,69,37,32
2018-09-15 11:00:00,49,19,30
2018-09-15 12:00:00,37,19,18
2018-09-15 13:00:00,26,18,8
2018-09-15 14:00:00,36,15,21
2018-09-15 15:00:00,33,17,16
2018-09-15 16:00:00,26,14,12
2018-09-15 17:00:00,23,14,9
2018-09-15 18:00:00,14,6,8
2018-09-15 19:00:00,6,2,4
2018-09-15 20:00:00,1,0,1
2018-09-15 21:00:00,3,2,1
2018-09-15 22:00:00,0,0,0
2018-09-15 23:00:00,0,0,0
2018-09-16 00:00:00,1,1,0
2018-09-16 01:00:00,0,0,0
2018-09-16 02:00:00,0,0,0
2018-09-16 03:00:00,0,0,0
2018-09-16 04:00:00,0,0,0
2018-09-16 05:00:00,0,0,0
2018-09-16 06:00:00,0,0,0
2018-09-16 07:00:00,2,1,1
2018-09-16 08:00:00,18,8,10
2018-09-16 09:00:00,12,5,7
2018-09-16 10:00:00,34,14,20
2018-09-16 11:00:00,50,24,26
2018-09-16 12:00:00,46,22,24
2018-09-16 13:00:00,17,4,13
2018-09-16 14:00:00,13,8,5
2018-09-16 15:00:00,21,14,7
2018-09-16 16:00:00,46,23,23
2018-09-16 17:00:00,52,27,25
2018-09-16 18:00:00,12,8,4
2018-09-16 19:00:00,7,1,6
2018-09-16 20:00:00,0,0,0
2018-09-16 21:00:00,0,0,0
2018-09-16 22:00:00,0,0,0
2018-09-16 23:00:00,0,0,0
2018-09-17 00:00:00,0,0,0
2018-09-17 01:00:00,0,0,0
2018-09-17 02:00:00,0,0,0
2018-09-17 03:00:00,0,0,0
2018-09-17 04:00:00,0,0,0
2018-09-17 05:00:00,3,1,2
2018-09-17 06:00:00,5,2,3
2018-09-17 07:00:00,20,7,13
2018-09-17 08:00:00,26,13,13
2018-09-17 09:00:00,43,15,28
2018-09-17 10:00:00,20,12,8
2018-09-17 11:00:00,36,15,21
2018-09-17 12:00:00,24,14,10
2018-09-17 13:00:00,28,14,14
2018-09-17 14:00:00,20,10,10
2018-09-17 15:00:00,42,33,9
2018-09-17 16:00:00,30,16,14
2018-09-17 17:00:00,28,13,15
2018-09-17 18:00:00,22,10,12
2018-09-17 19:00:00,17,7,10
2018-09-17 20:00:00,1,0,1
2018-09-17 21:00:00,1,0,1
2018-09-17 22:00:00,0,0,0
2018-09-17 23:00:00,0,0,0
2018-09-18 00:00:00,1,0,1
2018-09-18 01:00:00,3,2,1
2018-09-18 02:00:00,0,0,0
2018-09-18 03:00:00,0,0,0
2018-09-18 04:00:00,0,0,0
2018-09-18 05:00:00,4,1,3
2018-09-18 06:00:00,1,1,0
2018-09-18 07:00:00,3,0,3
2018-09-18 08:00:00,3,0,3
2018-09-18 09:00:00,12,7,5
2018-09-18 10:00:00,1,0,1
2018-09-18 11:00:00,5,0,5
2018-09-18 12:00:00,15,8,7
2018-09-18 13:00:00,42,35,7
2018-09-18 14:00:00,13,5,8
2018-09-18 15:00:00,1,1,0
2018-09-18 16:00:00,10,6,4
2018-09-18 17:00:00,14,9,5
2018-09-18 18:00:00,7,2,5
2018-09-18 19:00:00,2,0,2
2018-09-18 20:00:00,3,1,2
2018-09-18 21:00:00,0,0,0
2018-09-18 22:00:00,3,1,2
2018-09-18 23:00:00,0,0,0
2018-09-19 00:00:00,0,0,0
2018-09-19 01:00:00,0,0,0
2018-09-19 02:00:00,0,0,0
2018-09-19 03:00:00,0,0,0
2018-09-19 04:00:00,0,0,0
2018-09-19 05:00:00,6,2,4
2018-09-19 06:00:00,6,3,3
2018-09-19 07:00:00,10,3,7
2018-09-19 08:00:00,19,9,10
2018-09-19 09:00:00,17,7,10
2018-09-19 10:00:00,17,5,12
2018-09-19 11:00:00,32,24,8
2018-09-19 12:00:00,34,18,16
2018-09-19 13:00:00,32,22,10
2018-09-19 14:00:00,22,11,11
2018-09-19 15:00:00,17,8,9
2018-09-19 16:00:00,36,23,13
2018-09-19 17:00:00,22,13,9
2018-09-19 18:00:00,26,13,13
2018-09-19 19:00:00,18,8,10
2018-09-19 20:00:00,1,0,1
2018-09-19 21:00:00,1,0,1
2018-09-19 22:00:00,0,0,0
2018-09-19 23:00:00,0,0,0
2018-09-20 00:00:00,0,0,0
2018-09-20 01:00:00,0,0,0
2018-09-20 02:00:00,0,0,0
2018-09-20 03:00:00,0,0,0
2018-09-20 04:00:00,0,0,0
2018-09-20 05:00:00,3,2,1
2018-09-20 06:00:00,5,0,5
2018-09-20 07:00:00,20,9,11
2018-09-20 08:00:00,24,11,13
2018-09-20 09:00:00,18,11,7
2018-09-20 10:00:00,32,15,17
2018-09-20 11:00:00,18,7,11
2018-09-20 12:00:00,11,6,5
2018-09-20 13:00:00,17,10,7
2018-09-20 14:00:00,12,8,4
2018-09-20 15:00:00,14,8,6
2018-09-20 16:00:00,26,14,12
2018-09-20 17:00:00,20,13,7
2018-09-20 18:00:00,9,5,4
2018-09-20 19:00:00,6,4,2
2018-09-20 20:00:00,3,1,2
2018-09-20 21:00:00,2,1,1
2018-09-20 22:00:00,0,0,0
2018-09-20 23:00:00,0,0,0
2018-09-21 00:00:00,0,0,0
2018-09-21 01:00:00,0,0,0
2018-09-21 02:00:00,0,0,0
2018-09-21 03:00:00,1,1,0
2018-09-21 04:00:00,2,1,1
2018-09-21 05:00:00,5,1,4
2018-09-21 06:00:00,12,6,6
2018-09-21 07:00:00,20,11,9
2018-09-21 08:00:00,29,12,17
2018-09-21 09:00:00,24,13,11
2018-09-21 10:00:00,24,14,10
2018-09-21 11:00:00,11,5,6
2018-09-21 12:00:00,6,4,2
2018-09-21 13:00:00,13,5,8
2018-09-21 14:00:00,12,7,5
2018-09-21 15:00:00,22,11,11
2018-09-21 16:00:00,21,10,11
2018-09-21 17:00:00,20,8,12
2018-09-21 18:00:00,12,9,3
2018-09-21 19:00:00,10,3,7
2018-09-21 20:00:00,0,0,0
2018-09-21 21:00:00,3,2,1
2018-09-21 22:00:00,0,0,0
2018-09-21 23:00:00,0,0,0
2018-09-22 00:00:00,0,0,0
2018-09-22 01:00:00,0,0,0
2018-09-22 02:00:00,0,0,0
2018-09-22 03:00:00,0,0,0
2018-09-22 04:00:00,0,0,0
2018-09-22 05:00:00,1,1,0
2018-09-22 06:00:00,0,0,0
2018-09-22 07:00:00,19,14,5
2018-09-22 08:00:00,25,13,12
2018-09-22 09:00:00,46,24,22
2018-09-22 10:00:00,58,27,31
2018-09-22 11:00:00,44,21,23
2018-09-22 12:00:00,32,15,17
2018-09-22 13:00:00,23,11,12
2018-09-22 14:00:00,31,18,13
2018-09-22 15:00:00,45,23,22
2018-09-22 16:00:00,36,16,20
2018-09-22 17:00:00,24,12,12
2018-09-22 18:00:00,26,12,14
2018-09-22 19:00:00,4,0,4
2018-09-22 20:00:00,1,1,0
2018-09-22 21:00:00,1,1,0
2018-09-22 22:00:00,0,0,0
2018-09-22 23:00:00,1,1,0
2018-09-23 00:00:00,0,0,0
2018-09-23 01:00:00,1,0,1
2018-09-23 02:00:00,1,0,1
2018-09-23 03:00:00,0,0,0
2018-09-23 04:00:00,0,0,0
2018-09-23 05:00:00,0,0,0
2018-09-23 06:00:00,1,0,1
2018-09-23 07:00:00,8,5,3
2018-09-23 08:00:00,43,24,19
2018-09-23 09:00:00,53,27,26
2018-09-23 10:00:00,63,31,32
2018-09-23 11:00:00,57,28,29
2018-09-23 12:00:00,70,28,42
2018-09-23 13:00:00,46,21,25
2018-09-23 14:00:00,41,23,18
2018-09-23 15:00:00,35,22,13
2018-09-23 16:00:00,23,11,12
2018-09-23 17:00:00,17,9,8
2018-09-23 18:00:00,11,2,9
2018-09-23 19:00:00,9,6,3
2018-09-23 20:00:00,3,1,2
2018-09-23 21:00:00,0,0,0
2018-09-23 22:00:00,0,0,0
2018-09-23 23:00:00,0,0,0
2018-09-24 00:00:00,0,0,0
2018-09-24 01:00:00,0,0,0
2018-09-24 02:00:00,0,0,0
2018-09-24 03:00:00,1,1,0
2018-09-24 04:00:00,0,0,0
2018-09-24 05:00:00,2,1,1
2018-09-24 06:00:00,7,2,5
2018-09-24 07:00:00,22,10,12
2018-09-24 08:00:00,28,15,13
2018-09-24 09:00:00,32,15,17
2018-09-24 10:00:00,27,13,14
2018-09-24 11:00:00,19,7,12
2018-09-24 12:00:00,15,5,10
2018-09-24 13:00:00,18,12,6
2018-09-24 14:00:00,34,20,14
2018-09-24 15:00:00,21,9,12
2018-09-24 16:00:00,51,25,26
2018-09-24 17:00:00,37,20,17
2018-09-24 18:00:00,37,16,21
2018-09-24 19:00:00,20,11,9
2018-09-24 20:00:00,1,0,1
2018-09-24 21:00:00,5,2,3
2018-09-24 22:00:00,0,0,0
2018-09-24 23:00:00,0,0,0
2018-09-25 00:00:00,2,0,2
2018-09-25 01:00:00,0,0,0
2018-09-25 02:00:00,0,0,0
2018-09-25 03:00:00,0,0,0
2018-09-25 04:00:00,0,0,0
2018-09-25 05:00:00,2,0,2
2018-09-25 06:00:00,11,6,5
2018-09-25 07:00:00,21,10,11
2018-09-25 08:00:00,30,14,16
2018-09-25 09:00:00,24,8,16
2018-09-25 10:00:00,30,21,9
2018-09-25 11:00:00,27,10,17
2018-09-25 12:00:00,22,12,10
2018-09-25 13:00:00,29,18,11
2018-09-25 14:00:00,30,14,16
2018-09-25 15:00:00,12,8,4
2018-09-25 16:00:00,30,16,14
2018-09-25 17:00:00,49,28,21
2018-09-25 18:00:00,41,21,20
2018-09-25 19:00:00,21,10,11
2018-09-25 20:00:00,1,1,0
2018-09-25 21:00:00,2,1,1
2018-09-25 22:00:00,1,1,0
2018-09-25 23:00:00,0,0,0
2018-09-26 00:00:00,0,0,0
2018-09-26 01:00:00,0,0,0
2018-09-26 02:00:00,0,0,0
2018-09-26 03:00:00,0,0,0
2018-09-26 04:00:00,1,1,0
2018-09-26 05:00:00,0,0,0
2018-09-26 06:00:00,5,2,3
2018-09-26 07:00:00,25,11,14
2018-09-26 08:00:00,18,8,10
2018-09-26 09:00:00,41,20,21
2018-09-26 10:00:00,20,7,13
2018-09-26 11:00:00,11,6,5
2018-09-26 12:00:00,16,6,10
2018-09-26 13:00:00,11,6,5
2018-09-26 14:00:00,23,12,11
2018-09-26 15:00:00,21,9,12
2018-09-26 16:00:00,45,23,22
2018-09-26 17:00:00,35,18,17
2018-09-26 18:00:00,31,14,17
2018-09-26 19:00:00,14,6,8
2018-09-26 20:00:00,2,1,1
2018-09-26 21:00:00,0,0,0
2018-09-26 22:00:00,0,0,0
2018-09-26 23:00:00,2,1,1
2018-09-27 00:00:00,0,0,0
2018-09-27 01:00:00,0,0,0
2018-09-27 02:00:00,0,0,0
2018-09-27 03:00:00,0,0,0
2018-09-27 04:00:00,1,1,0
2018-09-27 05:00:00,7,2,5
2018-09-27 06:00:00,10,6,4
2018-09-27 07:00:00,13,4,9
2018-09-27 08:00:00,30,16,14
2018-09-27 09:00:00,29,17,12
2018-09-27 10:00:00,21,7,14
2018-09-27 11:00:00,18,6,12
2018-09-27 12:00:00,71,36,35
2018-09-27 13:00:00,22,11,11
2018-09-27 14:00:00,23,12,11
2018-09-27 15:00:00,31,15,16
2018-09-27 16:00:00,36,16,20
2018-09-27 17:00:00,46,25,21
2018-09-27 18:00:00,35,15,20
2018-09-27 19:00:00,9,5,4
2018-09-27 20:00:00,2,1,1
2018-09-27 21:00:00,0,0,0
2018-09-27 22:00:00,0,0,0
2018-09-27 23:00:00,1,1,0
2018-09-28 00:00:00,0,0,0
2018-09-28 01:00:00,0,0,0
2018-09-28 02:00:00,0,0,0
2018-09-28 03:00:00,1,0,1
2018-09-28 04:00:00,1,1,0
2018-09-28 05:00:00,2,1,1
2018-09-28 06:00:00,4,3,1
2018-09-28 07:00:00,28,12,16
2018-09-28 08:00:00,34,13,21
2018-09-28 09:00:00,29,14,15
2018-09-28 10:00:00,36,17,19
2018-09-28 11:00:00,28,10,18
2018-09-28 12:00:00,22,13,9
2018-09-28 13:00:00,13,7,6
2018-09-28 14:00:00,22,10,12
2018-09-28 15:00:00,27,13,14
2018-09-28 16:00:00,36,19,17
2018-09-28 17:00:00,31,19,12
2018-09-28 18:00:00,52,25,27
2018-09-28 19:00:00,10,2,8
2018-09-28 20:00:00,0,0,0
2018-09-28 21:00:00,2,1,1
2018-09-28 22:00:00,0,0,0
2018-09-28 23:00:00,0,0,0
2018-09-29 00:00:00,0,0,0
2018-09-29 01:00:00,0,0,0
2018-09-29 02:00:00,0,0,0
2018-09-29 03:00:00,0,0,0
2018-09-29 04:00:00,0,0,0
2018-09-29 05:00:00,0,0,0
2018-09-29 06:00:00,4,3,1
2018-09-29 07:00:00,14,9,5
2018-09-29 08:00:00,35,18,17
2018-09-29 09:00:00,68,30,38
2018-09-29 10:00:00,60,34,26
2018-09-29 11:00:00,64,29,35
2018-09-29 12:00:00,63,29,34
2018-09-29 13:00:00,43,21,22
2018-09-29 14:00:00,36,17,19
2018-09-29 15:00:00,33,16,17
2018-09-29 16:00:00,37,21,16
2018-09-29 17:00:00,29,13,16
2018-09-29 18:00:00,9,2,7
2018-09-29 19:00:00,7,5,2
2018-09-29 20:00:00,0,0,0
2018-09-29 21:00:00,3,2,1
2018-09-29 22:00:00,0,0,0
2018-09-29 23:00:00,1,0,1
2018-09-30 00:00:00,0,0,0
2018-09-30 01:00:00,0,0,0
2018-09-30 02:00:00,2,1,1
2018-09-30 03:00:00,0,0,0
2018-09-30 04:00:00,1,0,1
2018-09-30 05:00:00,0,0,0
2018-09-30 06:00:00,3,1,2
2018-09-30 07:00:00,12,9,3
2018-09-30 08:00:00,40,23,17
2018-09-30 09:00:00,45,23,22
2018-09-30 10:00:00,64,33,31
2018-09-30 11:00:00,55,32,23
2018-09-30 12:00:00,47,20,27
2018-09-30 13:00:00,30,14,16
2018-09-30 14:00:00,27,13,14
2018-09-30 15:00:00,36,22,14
2018-09-30 16:00:00,46,25,21
2018-09-30 17:00:00,50,23,27
2018-09-30 18:00:00,24,10,14
2018-09-30 19:00:00,2,1,1
2018-09-30 20:00:00,1,1,0
2018-09-30 21:00:00,1,1,0
2018-09-30 22:00:00,1,0,1
2018-09-30 23:00:00,0,0,0
2018-10-01 00:00:00,0,0,0
2018-10-01 01:00:00,0,0,0
2018-10-01 02:00:00,0,0,0
2018-10-01 03:00:00,0,0,0
2018-10-01 04:00:00,1,1,0
2018-10-01 05:00:00,1,1,0
2018-10-01 06:00:00,3,2,1
2018-10-01 07:00:00,22,8,14
2018-10-01 08:00:00,22,7,15
2018-10-01 09:00:00,19,9,10
2018-10-01 10:00:00,12,4,8
2018-10-01 11:00:00,12,7,5
2018-10-01 12:00:00,22,13,9
2018-10-01 13:00:00,11,3,8
2018-10-01 14:00:00,16,8,8
2018-10-01 15:00:00,26,16,10
2018-10-01 16:00:00,25,13,12
2018-10-01 17:00:00,18,12,6
2018-10-01 18:00:00,20,11,9
2018-10-01 19:00:00,5,2,3
2018-10-01 20:00:00,0,0,0
2018-10-01 21:00:00,2,1,1
2018-10-01 22:00:00,0,0,0
2018-10-01 23:00:00,1,1,0
2018-10-02 00:00:00,0,0,0
2018-10-02 01:00:00,0,0,0
2018-10-02 02:00:00,1,0,1
2018-10-02 03:00:00,0,0,0
2018-10-02 04:00:00,1,1,0
2018-10-02 05:00:00,0,0,0
2018-10-02 06:00:00,6,2,4
2018-10-02 07:00:00,13,6,7
2018-10-02 08:00:00,44,20,24
2018-10-02 09:00:00,24,11,13
2018-10-02 10:00:00,26,13,13
2018-10-02 11:00:00,19,13,6
2018-10-02 12:00:00,20,9,11
2018-10-02 13:00:00,16,7,9
2018-10-02 14:00:00,14,7,7
2018-10-02 15:00:00,24,12,12
2018-10-02 16:00:00,28,14,14
2018-10-02 17:00:00,25,11,14
2018-10-02 18:00:00,28,16,12
2018-10-02 19:00:00,3,0,3
2018-10-02 20:00:00,0,0,0
2018-10-02 21:00:00,1,1,0
2018-10-02 22:00:00,2,1,1
2018-10-02 23:00:00,0,0,0
2018-10-03 00:00:00,0,0,0
2018-10-03 01:00:00,0,0,0
2018-10-03 02:00:00,0,0,0
2018-10-03 03:00:00,0,0,0
2018-10-03 04:00:00,1,1,0
2018-10-03 05:00:00,5,2,3
2018-10-03 06:00:00,10,4,6
2018-10-03 07:00:00,23,10,13
2018-10-03 08:00:00,18,8,10
2018-10-03 09:00:00,23,11,12
2018-10-03 10:00:00,23,13,10
2018-10-03 11:00:00,24,15,9
2018-10-03 12:00:00,16,7,9
2018-10-03 13:00:00,11,4,7
2018-10-03 14:00:00,13,6,7
2018-10-03 15:00:00,26,13,13
2018-10-03 16:00:00,31,17,14
2018-10-03 17:00:00,28,13,15
2018-10-03 18:00:00,34,20,14
2018-10-03 19:00:00,8,1,7
2018-10-03 20:00:00,3,2,1
2018-10-03 21:00:00,2,1,1
2018-10-03 22:00:00,0,0,0
2018-10-03 23:00:00,0,0,0
2018-10-04 00:00:00,0,0,0
2018-10-04 01:00:00,0,0,0
2018-10-04 02:00:00,0,0,0
2018-10-04 03:00:00,0,0,0
2018-10-04 04:00:00,1,1,0
2018-10-04 05:00:00,4,2,2
2018-10-04 06:00:00,8,3,5
2018-10-04 07:00:00,23,10,13
2018-10-04 08:00:00,16,5,11
2018-10-04 09:00:00,18,9,9
2018-10-04 10:00:00,20,9,11
2018-10-04 11:00:00,29,14,15
2018-10-04 12:00:00,25,16,9
2018-10-04 13:00:00,32,14,18
2018-10-04 14:00:00,28,15,13
2018-10-04 15:00:00,30,14,16
2018-10-04 16:00:00,33,16,17
2018-10-04 17:00:00,34,15,19
2018-10-04 18:00:00,24,13,11
2018-10-04 19:00:00,11,6,5
2018-10-04 20:00:00,1,1,0
2018-10-04 21:00:00,1,0,1
2018-10-04 22:00:00,0,0,0
2018-10-04 23:00:00,0,0,0
2018-10-05 00:00:00,0,0,0
2018-10-05 01:00:00,0,0,0
2018-10-05 02:00:00,0,0,0
2018-10-05 03:00:00,0,0,0
2018-10-05 04:00:00,0,0,0
2018-10-05 05:00:00,1,1,0
2018-10-05 06:00:00,10,4,6
2018-10-05 07:00:00,13,8,5
2018-10-05 08:00:00,27,14,13
2018-10-05 09:00:00,27,10,17
2018-10-05 10:00:00,19,13,6
2018-10-05 11:00:00,13,5,8
2018-10-05 12:00:00,14,8,6
2018-10-05 13:00:00,14,6,8
2018-10-05 14:00:00,15,7,8
2018-10-05 15:00:00,5,2,3
2018-10-05 16:00:00,16,9,7
2018-10-05 17:00:00,18,10,8
2018-10-05 18:00:00,12,7,5
2018-10-05 19:00:00,2,0,2
2018-10-05 20:00:00,0,0,0
2018-10-05 21:00:00,0,0,0
2018-10-05 22:00:00,0,0,0
2018-10-05 23:00:00,0,0,0
2018-10-06 00:00:00,0,0,0
2018-10-06 01:00:00,0,0,0
2018-10-06 02:00:00,0,0,0
2018-10-06 03:00:00,0,0,0
2018-10-06 04:00:00,2,1,1
2018-10-06 05:00:00,0,0,0
2018-10-06 06:00:00,2,2,0
2018-10-06 07:00:00,13,6,7
2018-10-06 08:00:00,26,12,14
2018-10-06 09:00:00,32,20,12
2018-10-06 10:00:00,62,31,31
2018-10-06 11:00:00,49,17,32
2018-10-06 12:00:00,55,24,31
2018-10-06 13:00:00,45,23,22
2018-10-06 14:00:00,41,20,21
2018-10-06 15:00:00,50,17,33
2018-10-06 16:00:00,35,22,13
2018-10-06 17:00:00,27,13,14
2018-10-06 18:00:00,21,9,12
2018-10-06 19:00:00,2,1,1
2018-10-06 20:00:00,3,1,2
2018-10-06 21:00:00,0,0,0
2018-10-06 22:00:00,0,0,0
2018-10-06 23:00:00,0,0,0
2018-10-07 00:00:00,0,0,0
2018-10-07 01:00:00,0,0,0
2018-10-07 02:00:00,0,0,0
2018-10-07 03:00:00,0,0,0
2018-10-07 04:00:00,0,0,0
2018-10-07 05:00:00,0,0,0
2018-10-07 06:00:00,2,1,1
2018-10-07 07:00:00,9,4,5
2018-10-07 08:00:00,36,22,14
2018-10-07 09:00:00,43,16,27
2018-10-07 10:00:00,47,20,27
2018-10-07 11:00:00,45,21,24
2018-10-07 12:00:00,26,13,13
2018-10-07 13:00:00,22,14,8
2018-10-07 14:00:00,32,15,17
2018-10-07 15:00:00,18,9,9
2018-10-07 16:00:00,26,11,15
2018-10-07 17:00:00,33,19,14
2018-10-07 18:00:00,25,14,11
2018-10-07 19:00:00,8,1,7
2018-10-07 20:00:00,0,0,0
2018-10-07 21:00:00,0,0,0
2018-10-07 22:00:00,0,0,0
2018-10-07 23:00:00,2,1,1
2018-10-08 00:00:00,0,0,0
2018-10-08 01:00:00,0,0,0
2018-10-08 02:00:00,0,0,0
2018-10-08 03:00:00,0,0,0
2018-10-08 04:00:00,0,0,0
2018-10-08 05:00:00,1,0,1
2018-10-08 06:00:00,5,4,1
2018-10-08 07:00:00,7,2,5
2018-10-08 08:00:00,36,20,16
2018-10-08 09:00:00,23,11,12
2018-10-08 10:00:00,28,10,18
2018-10-08 11:00:00,6,2,4
2018-10-08 12:00:00,15,9,6
2018-10-08 13:00:00,11,8,3
2018-10-08 14:00:00,10,4,6
2018-10-08 15:00:00,11,7,4
2018-10-08 16:00:00,23,14,9
2018-10-08 17:00:00,31,16,15
2018-10-08 18:00:00,10,6,4
2018-10-08 19:00:00,4,1,3
2018-10-08 20:00:00,1,1,0
2018-10-08 21:00:00,2,1,1
2018-10-08 22:00:00,0,0,0
2018-10-08 23:00:00,0,0,0
2018-10-09 00:00:00,0,0,0
2018-10-09 01:00:00,0,0,0
2018-10-09 02:00:00,0,0,0
2018-10-09 03:00:00,0,0,0
2018-10-09 04:00:00,1,0,1
2018-10-09 05:00:00,4,2,2
2018-10-09 06:00:00,5,2,3
2018-10-09 07:00:00,10,5,5
2018-10-09 08:00:00,24,8,16
2018-10-09 09:00:00,19,14,5
2018-10-09 10:00:00,30,11,19
2018-10-09 11:00:00,15,8,7
2018-10-09 12:00:00,14,9,5
2018-10-09 13:00:00,15,5,10
2018-10-09 14:00:00,24,10,14
2018-10-09 15:00:00,17,9,8
2018-10-09 16:00:00,36,20,16
2018-10-09 17:00:00,38,18,20
2018-10-09 18:00:00,28,14,14
2018-10-09 19:00:00,5,2,3
2018-10-09 20:00:00,1,1,0
2018-10-09 21:00:00,0,0,0
2018-10-09 22:00:00,0,0,0
2018-10-09 23:00:00,0,0,0
2018-10-10 00:00:00,0,0,0
2018-10-10 01:00:00,0,0,0
2018-10-10 02:00:00,0,0,0
2018-10-10 03:00:00,0,0,0
2018-10-10 04:00:00,0,0,0
2018-10-10 05:00:00,8,3,5
2018-10-10 06:00:00,8,1,7
2018-10-10 07:00:00,12,6,6
2018-10-10 08:00:00,29,13,16
2018-10-10 09:00:00,26,13,13
2018-10-10 10:00:00,26,15,11
2018-10-10 11:00:00,15,7,8
2018-10-10 12:00:00,17,5,12
2018-10-10 13:00:00,25,13,12
2018-10-10 14:00:00,31,15,16
2018-10-10 15:00:00,34,21,13
2018-10-10 16:00:00,37,18,19
2018-10-10 17:00:00,42,20,22
2018-10-10 18:00:00,54,27,27
2018-10-10 19:00:00,10,1,9
2018-10-10 20:00:00,3,2,1
2018-10-10 21:00:00,0,0,0
2018-10-10 22:00:00,0,0,0
2018-10-10 23:00:00,0,0,0
2018-10-11 00:00:00,0,0,0
2018-10-11 01:00:00,0,0,0
2018-10-11 02:00:00,0,0,0
2018-10-11 03:00:00,0,0,0
2018-10-11 04:00:00,1,1,0
2018-10-11 05:00:00,6,2,4
2018-10-11 06:00:00,6,4,2
2018-10-11 07:00:00,17,5,12
2018-10-11 08:00:00,24,15,9
2018-10-11 09:00:00,21,7,14
2018-10-11 10:00:00,36,18,18
2018-10-11 11:00:00,27,14,13
2018-10-11 12:00:00,15,7,8
2018-10-11 13:00:00,23,14,9
2018-10-11 14:00:00,24,8,16
2018-10-11 15:00:00,30,14,16
2018-10-11 16:00:00,34,19,15
2018-10-11 17:00:00,36,21,15
2018-10-11 18:00:00,25,9,16
2018-10-11 19:00:00,5,2,3
2018-10-11 20:00:00,0,0,0
2018-10-11 21:00:00,1,0,1
2018-10-11 22:00:00,0,0,0
2018-10-11 23:00:00,0,0,0
2018-10-12 00:00:00,0,0,0
2018-10-12 01:00:00,0,0,0
2018-10-12 02:00:00,0,0,0
2018-10-12 03:00:00,0,0,0
2018-10-12 04:00:00,0,0,0
2018-10-12 05:00:00,0,0,0
2018-10-12 06:00:00,6,3,3
2018-10-12 07:00:00,15,7,8
2018-10-12 08:00:00,24,9,15
2018-10-12 09:00:00,15,7,8
2018-10-12 10:00:00,34,16,18
2018-10-12 11:00:00,37,17,20
2018-10-12 12:00:00,17,11,6
2018-10-12 13:00:00,29,15,14
2018-10-12 14:00:00,24,10,14
2018-10-12 15:00:00,37,19,18
2018-10-12 16:00:00,43,23,20
2018-10-12 17:00:00,31,22,9
2018-10-12 18:00:00,24,12,12
2018-10-12 19:00:00,6,3,3
2018-10-12 20:00:00,0,0,0
2018-10-12 21:00:00,0,0,0
2018-10-12 22:00:00,0,0,0
2018-10-12 23:00:00,0,0,0
2018-10-13 00:00:00,0,0,0
2018-10-13 01:00:00,0,0,0
2018-10-13 02:00:00,0,0,0
2018-10-13 03:00:00,0,0,0
2018-10-13 04:00:00,0,0,0
2018-10-13 05:00:00,2,1,1
2018-10-13 06:00:00,2,0,2
2018-10-13 07:00:00,11,6,5
2018-10-13 08:00:00,36,23,13
2018-10-13 09:00:00,57,32,25
2018-10-13 10:00:00,51,21,30
2018-10-13 11:00:00,47,22,25
2018-10-13 12:00:00,45,22,23
2018-10-13 13:00:00,30,13,17
2018-10-13 14:00:00,47,26,21
2018-10-13 15:00:00,48,19,29
2018-10-13 16:00:00,40,21,19
2018-10-13 17:00:00,37,18,19
2018-10-13 18:00:00,14,4,10
2018-10-13 19:00:00,1,1,0
2018-10-13 20:00:00,0,0,0
2018-10-13 21:00:00,1,0,1
2018-10-13 22:00:00,0,0,0
2018-10-13 23:00:00,0,0,0
2018-10-14 00:00:00,0,0,0
2018-10-14 01:00:00,0,0,0
2018-10-14 02:00:00,0,0,0
2018-10-14 03:00:00,0,0,0
2018-10-14 04:00:00,0,0,0
2018-10-14 05:00:00,0,0,0
2018-10-14 06:00:00,1,0,1
2018-10-14 07:00:00,6,4,2
2018-10-14 08:00:00,50,29,21
2018-10-14 09:00:00,52,33,19
2018-10-14 10:00:00,56,21,35
2018-10-14 11:00:00,44,19,25
2018-10-14 12:00:00,40,20,20
2018-10-14 13:00:00,41,16,25
2018-10-14 14:00:00,47,21,26
2018-10-14 15:00:00,57,26,31
2018-10-14 16:00:00,59,27,32
2018-10-14 17:00:00,34,18,16
2018-10-14 18:00:00,9,3,6
2018-10-14 19:00:00,7,3,4
2018-10-14 20:00:00,1,1,0
2018-10-14 21:00:00,0,0,0
2018-10-14 22:00:00,0,0,0
2018-10-14 23:00:00,0,0,0
2018-10-15 00:00:00,0,0,0
2018-10-15 01:00:00,0,0,0
2018-10-15 02:00:00,0,0,0
2018-10-15 03:00:00,0,0,0
2018-10-15 04:00:00,1,0,1
2018-10-15 05:00:00,1,0,1
2018-10-15 06:00:00,2,1,1
2018-10-15 07:00:00,15,5,10
2018-10-15 08:00:00,50,22,28
2018-10-15 09:00:00,25,11,14
2018-10-15 10:00:00,24,15,9
2018-10-15 11:00:00,18,8,10
2018-10-15 12:00:00,26,13,13
2018-10-15 13:00:00,26,13,13
2018-10-15 14:00:00,26,15,11
2018-10-15 15:00:00,39,16,23
2018-10-15 16:00:00,45,27,18
2018-10-15 17:00:00,39,18,21
2018-10-15 18:00:00,26,13,13
2018-10-15 19:00:00,9,4,5
2018-10-15 20:00:00,1,1,0
2018-10-15 21:00:00,2,1,1
2018-10-15 22:00:00,0,0,0
2018-10-15 23:00:00,0,0,0
2018-10-16 00:00:00,0,0,0
2018-10-16 01:00:00,0,0,0
2018-10-16 02:00:00,2,1,1
2018-10-16 03:00:00,0,0,0
2018-10-16 04:00:00,0,0,0
2018-10-16 05:00:00,3,1,2
2018-10-16 06:00:00,3,1,2
2018-10-16 07:00:00,19,8,11
2018-10-16 08:00:00,24,9,15
2018-10-16 09:00:00,23,11,12
2018-10-16 10:00:00,18,8,10
2018-10-16 11:00:00,20,10,10
2018-10-16 12:00:00,36,20,16
2018-10-16 13:00:00,27,12,15
2018-10-16 14:00:00,29,16,13
2018-10-16 15:00:00,40,20,20
2018-10-16 16:00:00,37,21,16
2018-10-16 17:00:00,45,25,20
2018-10-16 18:00:00,29,11,18
2018-10-16 19:00:00,4,2,2
2018-10-16 20:00:00,1,0,1
2018-10-16 21:00:00,4,2,2
2018-10-16 22:00:00,0,0,0
2018-10-16 23:00:00,0,0,0
2018-10-17 00:00:00,0,0,0
2018-10-17 01:00:00,0,0,0
2018-10-17 02:00:00,0,0,0
2018-10-17 03:00:00,0,0,0
2018-10-17 04:00:00,2,1,1
2018-10-17 05:00:00,5,2,3
2018-10-17 06:00:00,8,3,5
2018-10-17 07:00:00,14,7,7
2018-10-17 08:00:00,27,12,15
2018-10-17 09:00:00,27,12,15
2018-10-17 10:00:00,28,15,13
2018-10-17 11:00:00,24,11,13
2018-10-17 12:00:00,24,12,12
2018-10-17 13:00:00,20,9,11
2018-10-17 14:00:00,26,15,11
2018-10-17 15:00:00,33,18,15
2018-10-17 16:00:00,43,22,21
2018-10-17 17:00:00,46,27,19
2018-10-17 18:00:00,31,15,16
2018-10-17 19:00:00,2,0,2
2018-10-17 20:00:00,1,0,1
2018-10-17 21:00:00,1,1,0
2018-10-17 22:00:00,0,0,0
2018-10-17 23:00:00,0,0,0
2018-10-18 00:00:00,0,0,0
2018-10-18 01:00:00,0,0,0
2018-10-18 02:00:00,0,0,0
2018-10-18 03:00:00,0,0,0
2018-10-18 04:00:00,0,0,0
2018-10-18 05:00:00,3,1,2
2018-10-18 06:00:00,7,3,4
2018-10-18 07:00:00,13,6,7
2018-10-18 08:00:00,16,7,9
2018-10-18 09:00:00,30,16,14
2018-10-18 10:00:00,28,12,16
2018-10-18 11:00:00,23,12,11
2018-10-18 12:00:00,23,9,14
2018-10-18 13:00:00,24,9,15
2018-10-18 14:00:00,25,13,12
2018-10-18 15:00:00,29,17,12
2018-10-18 16:00:00,36,19,17
2018-10-18 17:00:00,38,22,16
2018-10-18 18:00:00,11,5,6
2018-10-18 19:00:00,3,2,1
2018-10-18 20:00:00,3,1,2
2018-10-18 21:00:00,1,0,1
2018-10-18 22:00:00,2,1,1
2018-10-18 23:00:00,0,0,0
2018-10-19 00:00:00,1,0,1
2018-10-19 01:00:00,0,0,0
2018-10-19 02:00:00,0,0,0
2018-10-19 03:00:00,1,0,1
2018-10-19 04:00:00,1,0,1
2018-10-19 05:00:00,5,2,3
2018-10-19 06:00:00,12,6,6
2018-10-19 07:00:00,18,10,8
2018-10-19 08:00:00,38,21,17
2018-10-19 09:00:00,19,6,13
2018-10-19 10:00:00,28,18,10
2018-10-19 11:00:00,22,9,13
2018-10-19 12:00:00,25,14,11
2018-10-19 13:00:00,17,10,7
2018-10-19 14:00:00,28,14,14
2018-10-19 15:00:00,23,10,13
2018-10-19 16:00:00,32,14,18
2018-10-19 17:00:00,41,25,16
2018-10-19 18:00:00,23,9,14
2018-10-19 19:00:00,1,1,0
2018-10-19 20:00:00,1,0,1
2018-10-19 21:00:00,2,1,1
2018-10-19 22:00:00,0,0,0
2018-10-19 23:00:00,1,1,0
2018-10-20 00:00:00,0,0,0
2018-10-20 01:00:00,0,0,0
2018-10-20 02:00:00,0,0,0
2018-10-20 03:00:00,0,0,0
2018-10-20 04:00:00,0,0,0
2018-10-20 05:00:00,0,0,0
2018-10-20 06:00:00,1,1,0
2018-10-20 07:00:00,20,11,9
2018-10-20 08:00:00,51,31,20
2018-10-20 09:00:00,64,32,32
2018-10-20 10:00:00,40,19,21
2018-10-20 11:00:00,31,12,19
2018-10-20 12:00:00,36,21,15
2018-10-20 13:00:00,22,12,10
2018-10-20 14:00:00,21,9,12
2018-10-20 15:00:00,25,15,10
2018-10-20 16:00:00,32,17,15
2018-10-20 17:00:00,33,14,19
2018-10-20 18:00:00,21,12,9
2018-10-20 19:00:00,0,0,0
2018-10-20 20:00:00,2,1,1
2018-10-20 21:00:00,0,0,0
2018-10-20 22:00:00,0,0,0
2018-10-20 23:00:00,0,0,0
2018-10-21 00:00:00,0,0,0
2018-10-21 01:00:00,0,0,0
2018-10-21 02:00:00,0,0,0
2018-10-21 03:00:00,1,0,1
2018-10-21 04:00:00,1,1,0
2018-10-21 05:00:00,0,0,0
2018-10-21 06:00:00,0,0,0
2018-10-21 07:00:00,12,9,3
2018-10-21 08:00:00,35,13,22
2018-10-21 09:00:00,25,14,11
2018-10-21 10:00:00,47,25,22
2018-10-21 11:00:00,45,21,24
2018-10-21 12:00:00,40,17,23
2018-10-21 13:00:00,21,13,8
2018-10-21 14:00:00,37,20,17
2018-10-21 15:00:00,52,26,26
2018-10-21 16:00:00,35,18,17
2018-10-21 17:00:00,44,20,24
2018-10-21 18:00:00,15,4,11
2018-10-21 19:00:00,0,0,0
2018-10-21 20:00:00,2,1,1
2018-10-21 21:00:00,1,1,0
2018-10-21 22:00:00,1,0,1
2018-10-21 23:00:00,0,0,0
2018-10-22 00:00:00,0,0,0
2018-10-22 01:00:00,0,0,0
2018-10-22 02:00:00,0,0,0
2018-10-22 03:00:00,2,1,1
2018-10-22 04:00:00,0,0,0
2018-10-22 05:00:00,1,0,1
2018-10-22 06:00:00,5,3,2
2018-10-22 07:00:00,13,5,8
2018-10-22 08:00:00,22,12,10
2018-10-22 09:00:00,23,9,14
2018-10-22 10:00:00,20,10,10
2018-10-22 11:00:00,19,8,11
2018-10-22 12:00:00,20,9,11
2018-10-22 13:00:00,22,13,9
2018-10-22 14:00:00,17,5,12
2018-10-22 15:00:00,36,20,16
2018-10-22 16:00:00,40,24,16
2018-10-22 17:00:00,35,16,19
2018-10-22 18:00:00,26,9,17
2018-10-22 19:00:00,4,2,2
2018-10-22 20:00:00,0,0,0
2018-10-22 21:00:00,1,1,0
2018-10-22 22:00:00,2,0,2
2018-10-22 23:00:00,0,0,0
2018-10-23 00:00:00,0,0,0
2018-10-23 01:00:00,0,0,0
2018-10-23 02:00:00,0,0,0
2018-10-23 03:00:00,0,0,0
2018-10-23 04:00:00,0,0,0
2018-10-23 05:00:00,5,2,3
2018-10-23 06:00:00,7,4,3
2018-10-23 07:00:00,16,7,9
2018-10-23 08:00:00,22,10,12
2018-10-23 09:00:00,18,7,11
2018-10-23 10:00:00,20,15,5
2018-10-23 11:00:00,20,9,11
2018-10-23 12:00:00,25,12,13
2018-10-23 13:00:00,20,8,12
2018-10-23 14:00:00,12,5,7
2018-10-23 15:00:00,21,10,11
2018-10-23 16:00:00,53,26,27
2018-10-23 17:00:00,47,24,23
2018-10-23 18:00:00,8,2,6
2018-10-23 19:00:00,0,0,0
2018-10-23 20:00:00,1,0,1
2018-10-23 21:00:00,4,3,1
2018-10-23 22:00:00,2,1,1
2018-10-23 23:00:00,0,0,0
2018-10-24 00:00:00,0,0,0
2018-10-24 01:00:00,0,0,0
2018-10-24 02:00:00,0,0,0
2018-10-24 03:00:00,0,0,0
2018-10-24 04:00:00,1,1,0
2018-10-24 05:00:00,1,0,1
2018-10-24 06:00:00,2,1,1
2018-10-24 07:00:00,6,2,4
2018-10-24 08:00:00,32,15,17
2018-10-24 09:00:00,25,15,10
2018-10-24 10:00:00,28,13,15
2018-10-24 11:00:00,20,11,9
2018-10-24 12:00:00,13,8,5
2018-10-24 13:00:00,19,10,9
2018-10-24 14:00:00,7,4,3
2018-10-24 15:00:00,17,9,8
2018-10-24 16:00:00,29,15,14
2018-10-24 17:00:00,37,18,19
2018-10-24 18:00:00,20,8,12
2018-10-24 19:00:00,4,1,3
2018-10-24 20:00:00,0,0,0
2018-10-24 21:00:00,0,0,0
2018-10-24 22:00:00,0,0,0
2018-10-24 23:00:00,0,0,0
2018-10-25 00:00:00,0,0,0
2018-10-25 01:00:00,0,0,0
2018-10-25 02:00:00,0,0,0
2018-10-25 03:00:00,0,0,0
2018-10-25 04:00:00,1,1,0
2018-10-25 05:00:00,8,2,6
2018-10-25 06:00:00,7,3,4
2018-10-25 07:00:00,15,5,10
2018-10-25 08:00:00,14,8,6
2018-10-25 09:00:00,9,2,7
2018-10-25 10:00:00,16,9,7
2018-10-25 11:00:00,17,10,7
2018-10-25 12:00:00,7,4,3
2018-10-25 13:00:00,16,8,8
2018-10-25 14:00:00,14,5,9
2018-10-25 15:00:00,8,5,3
2018-10-25 16:00:00,13,7,6
2018-10-25 17:00:00,21,12,9
2018-10-25 18:00:00,14,8,6
2018-10-25 19:00:00,2,1,1
2018-10-25 20:00:00,0,0,0
2018-10-25 21:00:00,0,0,0
2018-10-25 22:00:00,0,0,0
2018-10-25 23:00:00,0,0,0
2018-10-26 00:00:00,0,0,0
2018-10-26 01:00:00,0,0,0
2018-10-26 02:00:00,0,0,0
2018-10-26 03:00:00,1,1,0
2018-10-26 04:00:00,0,0,0
2018-10-26 05:00:00,1,0,1
2018-10-26 06:00:00,4,3,1
2018-10-26 07:00:00,12,5,7
2018-10-26 08:00:00,30,14,16
2018-10-26 09:00:00,25,10,15
2018-10-26 10:00:00,34,20,14
2018-10-26 11:00:00,28,12,16
2018-10-26 12:00:00,31,16,15
2018-10-26 13:00:00,17,7,10
2018-10-26 14:00:00,14,5,9
2018-10-26 15:00:00,26,9,17
2018-10-26 16:00:00,25,12,13
2018-10-26 17:00:00,41,21,20
2018-10-26 18:00:00,16,9,7
2018-10-26 19:00:00,5,4,1
2018-10-26 20:00:00,2,1,1
2018-10-26 21:00:00,3,1,2
2018-10-26 22:00:00,0,0,0
2018-10-26 23:00:00,0,0,0
2018-10-27 00:00:00,0,0,0
2018-10-27 01:00:00,0,0,0
2018-10-27 02:00:00,0,0,0
2018-10-27 03:00:00,0,0,0
2018-10-27 04:00:00,0,0,0
2018-10-27 05:00:00,3,1,2
2018-10-27 06:00:00,2,1,1
2018-10-27 07:00:00,13,9,4
2018-10-27 08:00:00,34,20,14
2018-10-27 09:00:00,76,51,25
2018-10-27 10:00:00,67,24,43
2018-10-27 11:00:00,55,27,28
2018-10-27 12:00:00,48,23,25
2018-10-27 13:00:00,63,28,35
2018-10-27 14:00:00,42,21,21
2018-10-27 15:00:00,41,17,24
2018-10-27 16:00:00,24,14,10
2018-10-27 17:00:00,16,5,11
2018-10-27 18:00:00,8,1,7
2018-10-27 19:00:00,1,0,1
2018-10-27 20:00:00,0,0,0
2018-10-27 21:00:00,0,0,0
2018-10-27 22:00:00,0,0,0
2018-10-27 23:00:00,2,1,1
2018-10-28 00:00:00,0,0,0
2018-10-28 01:00:00,0,0,0
2018-10-28 02:00:00,0,0,0
2018-10-28 03:00:00,2,1,1
2018-10-28 04:00:00,0,0,0
2018-10-28 05:00:00,0,0,0
2018-10-28 06:00:00,3,1,2
2018-10-28 07:00:00,8,4,4
2018-10-28 08:00:00,28,16,12
2018-10-28 09:00:00,37,21,16
2018-10-28 10:00:00,39,19,20
2018-10-28 11:00:00,31,14,17
2018-10-28 12:00:00,41,22,19
2018-10-28 13:00:00,50,27,23
2018-10-28 14:00:00,53,20,33
2018-10-28 15:00:00,29,13,16
2018-10-28 16:00:00,14,7,7
2018-10-28 17:00:00,27,15,12
2018-10-28 18:00:00,6,1,5
2018-10-28 19:00:00,2,1,1
2018-10-28 20:00:00,0,0,0
2018-10-28 21:00:00,0,0,0
2018-10-28 22:00:00,0,0,0
2018-10-28 23:00:00,0,0,0
2018-10-29 00:00:00,0,0,0
2018-10-29 01:00:00,0,0,0
2018-10-29 02:00:00,0,0,0
2018-10-29 03:00:00,0,0,0
2018-10-29 04:00:00,2,1,1
2018-10-29 05:00:00,1,1,0
2018-10-29 06:00:00,4,2,2
2018-10-29 07:00:00,14,6,8
2018-10-29 08:00:00,28,12,16
2018-10-29 09:00:00,17,9,8
2018-10-29 10:00:00,24,13,11
2018-10-29 11:00:00,17,8,9
2018-10-29 12:00:00,21,14,7
2018-10-29 13:00:00,30,12,18
2018-10-29 14:00:00,21,6,15
2018-10-29 15:00:00,11,5,6
2018-10-29 16:00:00,37,17,20
2018-10-29 17:00:00,22,12,10
2018-10-29 18:00:00,22,12,10
2018-10-29 19:00:00,4,1,3
2018-10-29 20:00:00,0,0,0
2018-10-29 21:00:00,2,0,2
2018-10-29 22:00:00,0,0,0
2018-10-29 23:00:00,2,1,1
2018-10-30 00:00:00,0,0,0
2018-10-30 01:00:00,0,0,0
2018-10-30 02:00:00,0,0,0
2018-10-30 03:00:00,0,0,0
2018-10-30 04:00:00,1,0,1
2018-10-30 05:00:00,4,1,3
2018-10-30 06:00:00,6,4,2
2018-10-30 07:00:00,14,4,10
2018-10-30 08:00:00,40,19,21
2018-10-30 09:00:00,16,7,9
2018-10-30 10:00:00,16,8,8
2018-10-30 11:00:00,21,11,10
2018-10-30 12:00:00,21,11,10
2018-10-30 13:00:00,20,10,10
2018-10-30 14:00:00,27,16,11
2018-10-30 15:00:00,27,14,13
2018-10-30 16:00:00,42,20,22
2018-10-30 17:00:00,44,22,22
2018-10-30 18:00:00,7,3,4
2018-10-30 19:00:00,2,1,1
2018-10-30 20:00:00,0,0,0
2018-10-30 21:00:00,0,0,0
2018-10-30 22:00:00,1,0,1
2018-10-30 23:00:00,0,0,0
2018-10-31 00:00:00,0,0,0
2018-10-31 01:00:00,0,0,0
2018-10-31 02:00:00,0,0,0
2018-10-31 03:00:00,0,0,0
2018-10-31 04:00:00,1,1,0
2018-10-31 05:00:00,8,4,4
2018-10-31 06:00:00,3,1,2
2018-10-31 07:00:00,19,9,10
2018-10-31 08:00:00,21,10,11
2018-10-31 09:00:00,26,10,16
2018-10-31 10:00:00,23,14,9
2018-10-31 11:00:00,22,9,13
2018-10-31 12:00:00,15,6,9
2018-10-31 13:00:00,12,8,4
2018-10-31 14:00:00,9,2,7
2018-10-31 15:00:00,13,6,7
2018-10-31 16:00:00,35,16,19
2018-10-31 17:00:00,22,11,11
2018-10-31 18:00:00,13,6,7
2018-10-31 19:00:00,28,15,13
2018-10-31 20:00:00,0,0,0
2018-10-31 21:00:00,5,3,2
2018-10-31 22:00:00,1,0,1
2018-10-31 23:00:00,0,0,0
2018-11-01 00:00:00,0,0,0
2018-11-01 01:00:00,0,0,0
2018-11-01 02:00:00,0,0,0
2018-11-01 03:00:00,0,0,0
2018-11-01 04:00:00,0,0,0
2018-11-01 05:00:00,1,0,1
2018-11-01 06:00:00,5,3,2
2018-11-01 07:00:00,10,5,5
2018-11-01 08:00:00,21,13,8
2018-11-01 09:00:00,24,12,12
2018-11-01 10:00:00,17,7,10
2018-11-01 11:00:00,9,4,5
2018-11-01 12:00:00,14,8,6
2018-11-01 13:00:00,17,8,9
2018-11-01 14:00:00,15,6,9
2018-11-01 15:00:00,25,11,14
2018-11-01 16:00:00,36,21,15
2018-11-01 17:00:00,34,16,18
2018-11-01 18:00:00,21,11,10
2018-11-01 19:00:00,1,1,0
2018-11-01 20:00:00,1,0,1
2018-11-01 21:00:00,2,1,1
2018-11-01 22:00:00,0,0,0
2018-11-01 23:00:00,0,0,0
2018-11-02 00:00:00,0,0,0
2018-11-02 01:00:00,0,0,0
2018-11-02 02:00:00,0,0,0
2018-11-02 03:00:00,0,0,0
2018-11-02 04:00:00,1,1,0
2018-11-02 05:00:00,6,3,3
2018-11-02 06:00:00,13,8,5
2018-11-02 07:00:00,6,4,2
2018-11-02 08:00:00,25,10,15
2018-11-02 09:00:00,32,18,14
2018-11-02 10:00:00,17,8,9
2018-11-02 11:00:00,22,9,13
2018-11-02 12:00:00,24,15,9
2018-11-02 13:00:00,20,8,12
2018-11-02 14:00:00,18,8,10
2018-11-02 15:00:00,30,16,14
2018-11-02 16:00:00,39,21,18
2018-11-02 17:00:00,39,19,20
2018-11-02 18:00:00,23,10,13
2018-11-02 19:00:00,3,2,1
2018-11-02 20:00:00,2,1,1
2018-11-02 21:00:00,3,1,2
2018-11-02 22:00:00,1,0,1
2018-11-02 23:00:00,1,1,0
2018-11-03 00:00:00,0,0,0
2018-11-03 01:00:00,0,0,0
2018-11-03 02:00:00,1,0,1
2018-11-03 03:00:00,0,0,0
2018-11-03 04:00:00,0,0,0
2018-11-03 05:00:00,0,0,0
2018-11-03 06:00:00,1,1,0
2018-11-03 07:00:00,14,9,5
2018-11-03 08:00:00,44,23,21
2018-11-03 09:00:00,46,23,23
2018-11-03 10:00:00,73,39,34
2018-11-03 11:00:00,37,18,19
2018-11-03 12:00:00,47,25,22
2018-11-03 13:00:00,32,15,17
2018-11-03 14:00:00,26,12,14
2018-11-03 15:00:00,24,13,11
2018-11-03 16:00:00,24,13,11
2018-11-03 17:00:00,26,11,15
2018-11-03 18:00:00,6,2,4
2018-11-03 19:00:00,4,1,3
2018-11-03 20:00:00,0,0,0
2018-11-03 21:00:00,0,0,0
2018-11-03 22:00:00,0,0,0
2018-11-03 23:00:00,0,0,0
2018-11-04 00:00:00,0,0,0
2018-11-04 01:00:00,2,0,2
2018-11-04 02:00:00,0,0,0
2018-11-04 03:00:00,0,0,0
2018-11-04 04:00:00,0,0,0
2018-11-04 05:00:00,1,1,0
2018-11-04 06:00:00,4,2,2
2018-11-04 07:00:00,24,17,7
2018-11-04 08:00:00,60,30,30
2018-11-04 09:00:00,67,37,30
2018-11-04 10:00:00,68,29,39
2018-11-04 11:00:00,55,25,30
2018-11-04 12:00:00,60,32,28
2018-11-04 13:00:00,42,14,28
2018-11-04 14:00:00,24,13,11
2018-11-04 15:00:00,51,27,24
2018-11-04 16:00:00,51,22,29
2018-11-04 17:00:00,13,6,7
2018-11-04 18:00:00,4,2,2
2018-11-04 19:00:00,0,0,0
2018-11-04 20:00:00,0,0,0
2018-11-04 21:00:00,0,0,0
2018-11-04 22:00:00,2,1,1
2018-11-04 23:00:00,0,0,0
2018-11-05 00:00:00,0,0,0
2018-11-05 01:00:00,0,0,0
2018-11-05 02:00:00,0,0,0
2018-11-05 03:00:00,0,0,0
2018-11-05 04:00:00,1,1,0
2018-11-05 05:00:00,4,2,2
2018-11-05 06:00:00,9,6,3
2018-11-05 07:00:00,19,6,13
2018-11-05 08:00:00,36,18,18
2018-11-05 09:00:00,26,13,13
2018-11-05 10:00:00,38,15,23
2018-11-05 11:00:00,15,7,8
2018-11-05 12:00:00,18,10,8
2018-11-05 13:00:00,22,9,13
2018-11-05 14:00:00,25,12,13
2018-11-05 15:00:00,16,8,8
2018-11-05 16:00:00,26,14,12
2018-11-05 17:00:00,12,6,6
2018-11-05 18:00:00,3,1,2
2018-11-05 19:00:00,5,3,2
2018-11-05 20:00:00,1,1,0
2018-11-05 21:00:00,1,0,1
2018-11-05 22:00:00,0,0,0
2018-11-05 23:00:00,0,0,0
2018-11-06 00:00:00,0,0,0
2018-11-06 01:00:00,0,0,0
2018-11-06 02:00:00,0,0,0
2018-11-06 03:00:00,0,0,0
2018-11-06 04:00:00,0,0,0
2018-11-06 05:00:00,4,2,2
2018-11-06 06:00:00,9,4,5
2018-11-06 07:00:00,18,10,8
2018-11-06 08:00:00,37,16,21
2018-11-06 09:00:00,23,10,13
2018-11-06 10:00:00,22,11,11
2018-11-06 11:00:00,32,14,18
2018-11-06 12:00:00,26,13,13
2018-11-06 13:00:00,20,9,11
2018-11-06 14:00:00,20,10,10
2018-11-06 15:00:00,34,20,14
2018-11-06 16:00:00,45,21,24
2018-11-06 17:00:00,18,8,10
2018-11-06 18:00:00,4,1,3
2018-11-06 19:00:00,4,2,2
2018-11-06 20:00:00,0,0,0
2018-11-06 21:00:00,0,0,0
2018-11-06 22:00:00,1,1,0
2018-11-06 23:00:00,0,0,0
2018-11-07 00:00:00,0,0,0
2018-11-07 01:00:00,0,0,0
2018-11-07 02:00:00,0,0,0
2018-11-07 03:00:00,1,0,1
2018-11-07 04:00:00,1,1,0
2018-11-07 05:00:00,2,1,1
2018-11-07 06:00:00,5,2,3
2018-11-07 07:00:00,21,8,13
2018-11-07 08:00:00,28,11,17
2018-11-07 09:00:00,24,9,15
2018-11-07 10:00:00,31,13,18
2018-11-07 11:00:00,20,11,9
2018-11-07 12:00:00,19,8,11
2018-11-07 13:00:00,25,11,14
2018-11-07 14:00:00,12,5,7
2018-11-07 15:00:00,34,22,12
2018-11-07 16:00:00,36,17,19
2018-11-07 17:00:00,13,3,10
2018-11-07 18:00:00,15,10,5
2018-11-07 19:00:00,4,2,2
2018-11-07 20:00:00,0,0,0
2018-11-07 21:00:00,0,0,0
2018-11-07 22:00:00,1,0,1
2018-11-07 23:00:00,14,0,14
2018-11-08 00:00:00,0,0,0
2018-11-08 01:00:00,0,0,0
2018-11-08 02:00:00,0,0,0
2018-11-08 03:00:00,0,0,0
2018-11-08 04:00:00,1,1,0
2018-11-08 05:00:00,4,2,2
2018-11-08 06:00:00,12,6,6
2018-11-08 07:00:00,17,8,9
2018-11-08 08:00:00,18,9,9
2018-11-08 09:00:00,18,6,12
2018-11-08 10:00:00,26,11,15
2018-11-08 11:00:00,34,21,13
2018-11-08 12:00:00,17,10,7
2018-11-08 13:00:00,34,16,18
2018-11-08 14:00:00,27,15,12
2018-11-08 15:00:00,30,21,9
2018-11-08 16:00:00,18,4,14
2018-11-08 17:00:00,13,7,6
2018-11-08 18:00:00,6,3,3
2018-11-08 19:00:00,5,2,3
2018-11-08 20:00:00,0,0,0
2018-11-08 21:00:00,0,0,0
2018-11-08 22:00:00,0,0,0
2018-11-08 23:00:00,1,0,1
2018-11-09 00:00:00,1,1,0
2018-11-09 01:00:00,0,0,0
2018-11-09 02:00:00,0,0,0
2018-11-09 03:00:00,0,0,0
2018-11-09 04:00:00,1,0,1
2018-11-09 05:00:00,2,0,2
2018-11-09 06:00:00,4,2,2
2018-11-09 07:00:00,15,5,10
2018-11-09 08:00:00,31,18,13
2018-11-09 09:00:00,25,10,15
2018-11-09 10:00:00,18,10,8
2018-11-09 11:00:00,6,3,3
2018-11-09 12:00:00,4,3,1
2018-11-09 13:00:00,18,11,7
2018-11-09 14:00:00,12,6,6
2018-11-09 15:00:00,23,14,9
2018-11-09 16:00:00,32,16,16
2018-11-09 17:00:00,7,4,3
2018-11-09 18:00:00,6,4,2
2018-11-09 19:00:00,2,2,0
2018-11-09 20:00:00,0,0,0
2018-11-09 21:00:00,2,0,2
2018-11-09 22:00:00,0,0,0
2018-11-09 23:00:00,2,1,1
2018-11-10 00:00:00,0,0,0
2018-11-10 01:00:00,0,0,0
2018-11-10 02:00:00,0,0,0
2018-11-10 03:00:00,0,0,0
2018-11-10 04:00:00,0,0,0
2018-11-10 05:00:00,0,0,0
2018-11-10 06:00:00,1,0,1
2018-11-10 07:00:00,14,7,7
2018-11-10 08:00:00,50,27,23
2018-11-10 09:00:00,58,31,27
2018-11-10 10:00:00,55,27,28
2018-11-10 11:00:00,40,21,19
2018-11-10 12:00:00,40,22,18
2018-11-10 13:00:00,38,16,22
2018-11-10 14:00:00,57,30,27
2018-11-10 15:00:00,45,21,24
2018-11-10 16:00:00,25,8,17
2018-11-10 17:00:00,7,3,4
2018-11-10 18:00:00,3,0,3
2018-11-10 19:00:00,0,0,0
2018-11-10 20:00:00,1,1,0
2018-11-10 21:00:00,1,0,1
2018-11-10 22:00:00,0,0,0
2018-11-10 23:00:00,0,0,0
2018-11-11 00:00:00,0,0,0
2018-11-11 01:00:00,1,1,0
2018-11-11 02:00:00,0,0,0
2018-11-11 03:00:00,0,0,0
2018-11-11 04:00:00,0,0,0
2018-11-11 05:00:00,0,0,0
2018-11-11 06:00:00,0,0,0
2018-11-11 07:00:00,13,8,5
2018-11-11 08:00:00,36,19,17
2018-11-11 09:00:00,57,34,23
2018-11-11 10:00:00,58,26,32
2018-11-11 11:00:00,52,26,26
2018-11-11 12:00:00,37,16,21
2018-11-11 13:00:00,59,26,33
2018-11-11 14:00:00,37,16,21
2018-11-11 15:00:00,28,12,16
2018-11-11 16:00:00,35,15,20
2018-11-11 17:00:00,15,5,10
2018-11-11 18:00:00,3,1,2
2018-11-11 19:00:00,0,0,0
2018-11-11 20:00:00,1,0,1
2018-11-11 21:00:00,0,0,0
2018-11-11 22:00:00,0,0,0
2018-11-11 23:00:00,0,0,0
2018-11-12 00:00:00,0,0,0
2018-11-12 01:00:00,0,0,0
2018-11-12 02:00:00,2,1,1
2018-11-12 03:00:00,0,0,0
2018-11-12 04:00:00,1,1,0
2018-11-12 05:00:00,0,0,0
2018-11-12 06:00:00,4,2,2
2018-11-12 07:00:00,20,10,10
2018-11-12 08:00:00,30,14,16
2018-11-12 09:00:00,23,14,9
2018-11-12 10:00:00,34,12,22
2018-11-12 11:00:00,23,10,13
2018-11-12 12:00:00,21,6,15
2018-11-12 13:00:00,29,17,12
2018-11-12 14:00:00,23,11,12
2018-11-12 15:00:00,42,21,21
2018-11-12 16:00:00,40,17,23
2018-11-12 17:00:00,9,4,5
2018-11-12 18:00:00,5,3,2
2018-11-12 19:00:00,0,0,0
2018-11-12 20:00:00,0,0,0
2018-11-12 21:00:00,1,0,1
2018-11-12 22:00:00,0,0,0
2018-11-12 23:00:00,0,0,0
2018-11-13 00:00:00,0,0,0
2018-11-13 01:00:00,0,0,0
2018-11-13 02:00:00,0,0,0
2018-11-13 03:00:00,0,0,0
2018-11-13 04:00:00,1,1,0
2018-11-13 05:00:00,5,1,4
2018-11-13 06:00:00,4,2,2
2018-11-13 07:00:00,10,4,6
2018-11-13 08:00:00,26,13,13
2018-11-13 09:00:00,19,8,11
2018-11-13 10:00:00,17,7,10
2018-11-13 11:00:00,17,7,10
2018-11-13 12:00:00,18,11,7
2018-11-13 13:00:00,15,8,7
2018-11-13 14:00:00,20,11,9
2018-11-13 15:00:00,22,13,9
2018-11-13 16:00:00,43,21,22
2018-11-13 17:00:00,13,7,6
2018-11-13 18:00:00,8,4,4
2018-11-13 19:00:00,2,1,1
2018-11-13 20:00:00,1,1,0
2018-11-13 21:00:00,0,0,0
2018-11-13 22:00:00,0,0,0
2018-11-13 23:00:00,0,0,0
2018-11-14 00:00:00,0,0,0
2018-11-14 01:00:00,0,0,0
2018-11-14 02:00:00,0,0,0
2018-11-14 03:00:00,0,0,0
2018-11-14 04:00:00,0,0,0
2018-11-14 05:00:00,1,1,0
2018-11-14 06:00:00,6,2,4
2018-11-14 07:00:00,17,5,12
2018-11-14 08:00:00,17,8,9
2018-11-14 09:00:00,25,11,14
2018-11-14 10:00:00,28,13,15
2018-11-14 11:00:00,22,10,12
2018-11-14 12:00:00,14,7,7
2018-11-14 13:00:00,24,13,11
2018-11-14 14:00:00,12,5,7
2018-11-14 15:00:00,24,11,13
2018-11-14 16:00:00,25,14,11
2018-11-14 17:00:00,15,11,4
2018-11-14 18:00:00,11,5,6
2018-11-14 19:00:00,1,1,0
2018-11-14 20:00:00,1,1,0
2018-11-14 21:00:00,2,0,2
2018-11-14 22:00:00,0,0,0
2018-11-14 23:00:00,0,0,0
2018-11-15 00:00:00,0,0,0
2018-11-15 01:00:00,2,1,1
2018-11-15 02:00:00,0,0,0
2018-11-15 03:00:00,0,0,0
2018-11-15 04:00:00,0,0,0
2018-11-15 05:00:00,2,1,1
2018-11-15 06:00:00,10,4,6
2018-11-15 07:00:00,13,6,7
2018-11-15 08:00:00,44,17,27
2018-11-15 09:00:00,22,10,12
2018-11-15 10:00:00,30,12,18
2018-11-15 11:00:00,16,7,9
2018-11-15 12:00:00,28,15,13
2018-11-15 13:00:00,22,10,12
2018-11-15 14:00:00,15,6,9
2018-11-15 15:00:00,29,14,15
2018-11-15 16:00:00,47,24,23
2018-11-15 17:00:00,17,8,9
2018-11-15 18:00:00,7,6,1
2018-11-15 19:00:00,6,3,3
2018-11-15 20:00:00,1,1,0
2018-11-15 21:00:00,3,2,1
2018-11-15 22:00:00,1,1,0
2018-11-15 23:00:00,0,0,0
2018-11-16 00:00:00,0,0,0
2018-11-16 01:00:00,0,0,0
2018-11-16 02:00:00,0,0,0
2018-11-16 03:00:00,0,0,0
2018-11-16 04:00:00,0,0,0
2018-11-16 05:00:00,2,1,1
2018-11-16 06:00:00,9,5,4
2018-11-16 07:00:00,16,6,10
2018-11-16 08:00:00,27,12,15
2018-11-16 09:00:00,34,16,18
2018-11-16 10:00:00,29,15,14
2018-11-16 11:00:00,27,13,14
2018-11-16 12:00:00,14,9,5
2018-11-16 13:00:00,22,9,13
2018-11-16 14:00:00,23,13,10
2018-11-16 15:00:00,30,15,15
2018-11-16 16:00:00,31,14,17
2018-11-16 17:00:00,9,2,7
2018-11-16 18:00:00,2,0,2
2018-11-16 19:00:00,0,0,0
2018-11-16 20:00:00,0,0,0
2018-11-16 21:00:00,1,1,0
2018-11-16 22:00:00,0,0,0
2018-11-16 23:00:00,0,0,0
2018-11-17 00:00:00,0,0,0
2018-11-17 01:00:00,0,0,0
2018-11-17 02:00:00,0,0,0
2018-11-17 03:00:00,0,0,0
2018-11-17 04:00:00,0,0,0
2018-11-17 05:00:00,1,0,1
2018-11-17 06:00:00,1,1,0
2018-11-17 07:00:00,16,10,6
2018-11-17 08:00:00,97,51,46
2018-11-17 09:00:00,46,23,23
2018-11-17 10:00:00,60,29,31
2018-11-17 11:00:00,50,27,23
2018-11-17 12:00:00,46,22,24
2018-11-17 13:00:00,44,23,21
2018-11-17 14:00:00,57,24,33
2018-11-17 15:00:00,41,20,21
2018-11-17 16:00:00,36,17,19
2018-11-17 17:00:00,8,3,5
2018-11-17 18:00:00,2,2,0
2018-11-17 19:00:00,0,0,0
2018-11-17 20:00:00,0,0,0
2018-11-17 21:00:00,0,0,0
2018-11-17 22:00:00,0,0,0
2018-11-17 23:00:00,0,0,0
2018-11-18 00:00:00,0,0,0
2018-11-18 01:00:00,0,0,0
2018-11-18 02:00:00,0,0,0
2018-11-18 03:00:00,0,0,0
2018-11-18 04:00:00,0,0,0
2018-11-18 05:00:00,0,0,0
2018-11-18 06:00:00,0,0,0
2018-11-18 07:00:00,8,4,4
2018-11-18 08:00:00,31,17,14
2018-11-18 09:00:00,32,16,16
2018-11-18 10:00:00,61,29,32
2018-11-18 11:00:00,44,19,25
2018-11-18 12:00:00,42,19,23
2018-11-18 13:00:00,37,19,18
2018-11-18 14:00:00,66,31,35
2018-11-18 15:00:00,64,30,34
2018-11-18 16:00:00,44,23,21
2018-11-18 17:00:00,12,3,9
2018-11-18 18:00:00,4,1,3
2018-11-18 19:00:00,1,1,0
2018-11-18 20:00:00,2,1,1
2018-11-18 21:00:00,0,0,0
2018-11-18 22:00:00,2,1,1
2018-11-18 23:00:00,0,0,0
2018-11-19 00:00:00,0,0,0
2018-11-19 01:00:00,0,0,0
2018-11-19 02:00:00,0,0,0
2018-11-19 03:00:00,0,0,0
2018-11-19 04:00:00,0,0,0
2018-11-19 05:00:00,4,1,3
2018-11-19 06:00:00,11,7,4
2018-11-19 07:00:00,8,4,4
2018-11-19 08:00:00,18,8,10
2018-11-19 09:00:00,14,6,8
2018-11-19 10:00:00,26,10,16
2018-11-19 11:00:00,16,8,8
2018-11-19 12:00:00,15,8,7
2018-11-19 13:00:00,17,9,8
2018-11-19 14:00:00,28,11,17
2018-11-19 15:00:00,22,16,6
2018-11-19 16:00:00,30,17,13
2018-11-19 17:00:00,21,10,11
2018-11-19 18:00:00,3,1,2
2018-11-19 19:00:00,3,2,1
2018-11-19 20:00:00,1,1,0
2018-11-19 21:00:00,1,0,1
2018-11-19 22:00:00,0,0,0
2018-11-19 23:00:00,0,0,0
2018-11-20 00:00:00,0,0,0
2018-11-20 01:00:00,0,0,0
2018-11-20 02:00:00,0,0,0
2018-11-20 03:00:00,0,0,0
2018-11-20 04:00:00,0,0,0
2018-11-20 05:00:00,0,0,0
2018-11-20 06:00:00,4,2,2
2018-11-20 07:00:00,15,5,10
2018-11-20 08:00:00,22,11,11
2018-11-20 09:00:00,14,5,9
2018-11-20 10:00:00,22,13,9
2018-11-20 11:00:00,19,9,10
2018-11-20 12:00:00,23,12,11
2018-11-20 13:00:00,23,14,9
2018-11-20 14:00:00,42,21,21
2018-11-20 15:00:00,43,23,20
2018-11-20 16:00:00,17,10,7
2018-11-20 17:00:00,7,3,4
2018-11-20 18:00:00,9,6,3
2018-11-20 19:00:00,1,1,0
2018-11-20 20:00:00,0,0,0
2018-11-20 21:00:00,1,1,0
2018-11-20 22:00:00,6,3,3
2018-11-20 23:00:00,0,0,0
2018-11-21 00:00:00,0,0,0
2018-11-21 01:00:00,0,0,0
2018-11-21 02:00:00,0,0,0
2018-11-21 03:00:00,0,0,0
2018-11-21 04:00:00,0,0,0
2018-11-21 05:00:00,3,2,1
2018-11-21 06:00:00,5,3,2
2018-11-21 07:00:00,16,5,11
2018-11-21 08:00:00,18,9,9
2018-11-21 09:00:00,19,8,11
2018-11-21 10:00:00,32,17,15
2018-11-21 11:00:00,27,16,11
2018-11-21 12:00:00,16,7,9
2018-11-21 13:00:00,19,8,11
2018-11-21 14:00:00,15,5,10
2018-11-21 15:00:00,24,14,10
2018-11-21 16:00:00,32,15,17
2018-11-21 17:00:00,8,4,4
2018-11-21 18:00:00,6,2,4
2018-11-21 19:00:00,0,0,0
2018-11-21 20:00:00,1,1,0
2018-11-21 21:00:00,1,0,1
2018-11-21 22:00:00,0,0,0
2018-11-21 23:00:00,0,0,0
2018-11-22 00:00:00,0,0,0
2018-11-22 01:00:00,0,0,0
2018-11-22 02:00:00,1,0,1
2018-11-22 03:00:00,0,0,0
2018-11-22 04:00:00,0,0,0
2018-11-22 05:00:00,0,0,0
2018-11-22 06:00:00,2,0,2
2018-11-22 07:00:00,7,4,3
2018-11-22 08:00:00,45,24,21
2018-11-22 09:00:00,52,29,23
2018-11-22 10:00:00,65,33,32
2018-11-22 11:00:00,56,29,27
2018-11-22 12:00:00,59,26,33
2018-11-22 13:00:00,27,10,17
2018-11-22 14:00:00,18,8,10
2018-11-22 15:00:00,10,6,4
2018-11-22 16:00:00,4,2,2
2018-11-22 17:00:00,0,0,0
2018-11-22 18:00:00,0,0,0
2018-11-22 19:00:00,1,0,1
2018-11-22 20:00:00,0,0,0
2018-11-22 21:00:00,0,0,0
2018-11-22 22:00:00,2,1,1
2018-11-22 23:00:00,0,0,0
2018-11-23 00:00:00,0,0,0
2018-11-23 01:00:00,0,0,0
2018-11-23 02:00:00,0,0,0
2018-11-23 03:00:00,0,0,0
2018-11-23 04:00:00,0,0,0
2018-11-23 05:00:00,0,0,0
2018-11-23 06:00:00,3,1,2
2018-11-23 07:00:00,2,0,2
2018-11-23 08:00:00,11,9,2
2018-11-23 09:00:00,30,14,16
2018-11-23 10:00:00,28,14,14
2018-11-23 11:00:00,39,24,15
2018-11-23 12:00:00,26,8,18
2018-11-23 13:00:00,32,15,17
2018-11-23 14:00:00,19,8,11
2018-11-23 15:00:00,19,11,8
2018-11-23 16:00:00,16,7,9
2018-11-23 17:00:00,3,1,2
2018-11-23 18:00:00,1,1,0
2018-11-23 19:00:00,0,0,0
2018-11-23 20:00:00,0,0,0
2018-11-23 21:00:00,2,1,1
2018-11-23 22:00:00,1,0,1
2018-11-23 23:00:00,1,1,0
2018-11-24 00:00:00,1,0,1
2018-11-24 01:00:00,0,0,0
2018-11-24 02:00:00,0,0,0
2018-11-24 03:00:00,0,0,0
2018-11-24 04:00:00,0,0,0
2018-11-24 05:00:00,0,0,0
2018-11-24 06:00:00,0,0,0
2018-11-24 07:00:00,9,6,3
2018-11-24 08:00:00,41,18,23
2018-11-24 09:00:00,34,17,17
2018-11-24 10:00:00,47,23,24
2018-11-24 11:00:00,43,21,22
2018-11-24 12:00:00,47,23,24
2018-11-24 13:00:00,36,19,17
2018-11-24 14:00:00,44,20,24
2018-11-24 15:00:00,39,16,23
2018-11-24 16:00:00,25,10,15
2018-11-24 17:00:00,5,1,4
2018-11-24 18:00:00,0,0,0
2018-11-24 19:00:00,0,0,0
2018-11-24 20:00:00,2,1,1
2018-11-24 21:00:00,0,0,0
2018-11-24 22:00:00,0,0,0
2018-11-24 23:00:00,0,0,0
2018-11-25 00:00:00,0,0,0
2018-11-25 01:00:00,0,0,0
2018-11-25 02:00:00,0,0,0
2018-11-25 03:00:00,0,0,0
2018-11-25 04:00:00,0,0,0
2018-11-25 05:00:00,1,0,1
2018-11-25 06:00:00,7,5,2
2018-11-25 07:00:00,9,6,3
2018-11-25 08:00:00,481,417,64
2018-11-25 09:00:00,1261,658,603
2018-11-25 10:00:00,289,35,254
2018-11-25 11:00:00,48,16,32
2018-11-25 12:00:00,29,14,15
2018-11-25 13:00:00,37,18,19
2018-11-25 14:00:00,33,12,21
2018-11-25 15:00:00,35,19,16
2018-11-25 16:00:00,35,11,24
2018-11-25 17:00:00,6,4,2
2018-11-25 18:00:00,2,2,0
2018-11-25 19:00:00,1,0,1
2018-11-25 20:00:00,3,3,0
2018-11-25 21:00:00,2,0,2
2018-11-25 22:00:00,0,0,0
2018-11-25 23:00:00,0,0,0
2018-11-26 00:00:00,0,0,0
2018-11-26 01:00:00,0,0,0
2018-11-26 02:00:00,1,1,0
2018-11-26 03:00:00,1,0,1
2018-11-26 04:00:00,0,0,0
2018-11-26 05:00:00,4,1,3
2018-11-26 06:00:00,10,6,4
2018-11-26 07:00:00,9,1,8
2018-11-26 08:00:00,15,7,8
2018-11-26 09:00:00,11,6,5
2018-11-26 10:00:00,9,4,5
2018-11-26 11:00:00,5,3,2
2018-11-26 12:00:00,13,7,6
2018-11-26 13:00:00,10,4,6
2018-11-26 14:00:00,15,7,8
2018-11-26 15:00:00,20,9,11
2018-11-26 16:00:00,17,8,9
2018-11-26 17:00:00,0,0,0
2018-11-26 18:00:00,2,2,0
2018-11-26 19:00:00,1,0,1
2018-11-26 20:00:00,0,0,0
2018-11-26 21:00:00,0,0,0
2018-11-26 22:00:00,0,0,0
2018-11-26 23:00:00,1,0,1
2018-11-27 00:00:00,0,0,0
2018-11-27 01:00:00,0,0,0
2018-11-27 02:00:00,0,0,0
2018-11-27 03:00:00,0,0,0
2018-11-27 04:00:00,1,1,0
2018-11-27 05:00:00,4,2,2
2018-11-27 06:00:00,8,6,2
2018-11-27 07:00:00,15,4,11
2018-11-27 08:00:00,29,13,16
2018-11-27 09:00:00,38,20,18
2018-11-27 10:00:00,28,16,12
2018-11-27 11:00:00,26,11,15
2018-11-27 12:00:00,16,9,7
2018-11-27 13:00:00,14,7,7
2018-11-27 14:00:00,19,11,8
2018-11-27 15:00:00,20,14,6
2018-11-27 16:00:00,37,16,21
2018-11-27 17:00:00,17,7,10
2018-11-27 18:00:00,8,5,3
2018-11-27 19:00:00,6,4,2
2018-11-27 20:00:00,1,0,1
2018-11-27 21:00:00,1,0,1
2018-11-27 22:00:00,0,0,0
2018-11-27 23:00:00,0,0,0
2018-11-28 00:00:00,0,0,0
2018-11-28 01:00:00,0,0,0
2018-11-28 02:00:00,0,0,0
2018-11-28 03:00:00,0,0,0
2018-11-28 04:00:00,0,0,0
2018-11-28 05:00:00,4,2,2
2018-11-28 06:00:00,8,4,4
2018-11-28 07:00:00,10,4,6
2018-11-28 08:00:00,18,10,8
2018-11-28 09:00:00,22,9,13
2018-11-28 10:00:00,22,8,14
2018-11-28 11:00:00,10,5,5
2018-11-28 12:00:00,16,11,5
2018-11-28 13:00:00,26,14,12
2018-11-28 14:00:00,14,6,8
2018-11-28 15:00:00,18,12,6
2018-11-28 16:00:00,19,7,12
2018-11-28 17:00:00,10,7,3
2018-11-28 18:00:00,6,4,2
2018-11-28 19:00:00,6,3,3
2018-11-28 20:00:00,4,2,2
2018-11-28 21:00:00,1,1,0
2018-11-28 22:00:00,4,1,3
2018-11-28 23:00:00,0,0,0
2018-11-29 00:00:00,0,0,0
2018-11-29 01:00:00,0,0,0
2018-11-29 02:00:00,0,0,0
2018-11-29 03:00:00,0,0,0
2018-11-29 04:00:00,0,0,0
2018-11-29 05:00:00,3,2,1
2018-11-29 06:00:00,9,4,5
2018-11-29 07:00:00,34,15,19
2018-11-29 08:00:00,24,12,12
2018-11-29 09:00:00,25,13,12
2018-11-29 10:00:00,24,11,13
2018-11-29 11:00:00,10,5,5
2018-11-29 12:00:00,33,15,18
2018-11-29 13:00:00,13,8,5
2018-11-29 14:00:00,23,13,10
2018-11-29 15:00:00,22,9,13
2018-11-29 16:00:00,24,12,12
2018-11-29 17:00:00,16,8,8
2018-11-29 18:00:00,8,4,4
2018-11-29 19:00:00,3,2,1
2018-11-29 20:00:00,2,1,1
2018-11-29 21:00:00,3,1,2
2018-11-29 22:00:00,0,0,0
2018-11-29 23:00:00,0,0,0
2018-11-30 00:00:00,0,0,0
2018-11-30 01:00:00,0,0,0
2018-11-30 02:00:00,0,0,0
2018-11-30 03:00:00,0,0,0
2018-11-30 04:00:00,0,0,0
2018-11-30 05:00:00,1,0,1
2018-11-30 06:00:00,5,3,2
2018-11-30 07:00:00,10,5,5
2018-11-30 08:00:00,23,11,12
2018-11-30 09:00:00,22,10,12
2018-11-30 10:00:00,38,19,19
2018-11-30 11:00:00,19,10,9
2018-11-30 12:00:00,16,7,9
2018-11-30 13:00:00,20,9,11
2018-11-30 14:00:00,19,12,7
2018-11-30 15:00:00,22,10,12
2018-11-30 16:00:00,15,7,8
2018-11-30 17:00:00,7,4,3
2018-11-30 18:00:00,3,3,0
2018-11-30 19:00:00,1,0,1
2018-11-30 20:00:00,1,0,1
2018-11-30 21:00:00,2,1,1
2018-11-30 22:00:00,1,1,0
2018-11-30 23:00:00,0,0,0
2018-12-01 00:00:00,0,0,0
2018-12-01 01:00:00,0,0,0
2018-12-01 02:00:00,0,0,0
2018-12-01 03:00:00,0,0,0
2018-12-01 04:00:00,0,0,0
2018-12-01 05:00:00,0,0,0
2018-12-01 06:00:00,0,0,0
2018-12-01 07:00:00,16,12,4
2018-12-01 08:00:00,33,17,16
2018-12-01 09:00:00,44,23,21
2018-12-01 10:00:00,55,27,28
2018-12-01 11:00:00,58,31,27
2018-12-01 12:00:00,40,17,23
2018-12-01 13:00:00,27,17,10
2018-12-01 14:00:00,42,16,26
2018-12-01 15:00:00,42,19,23
2018-12-01 16:00:00,24,11,13
2018-12-01 17:00:00,8,4,4
2018-12-01 18:00:00,3,2,1
2018-12-01 19:00:00,6,4,2
2018-12-01 20:00:00,1,0,1
2018-12-01 21:00:00,2,0,2
2018-12-01 22:00:00,0,0,0
2018-12-01 23:00:00,0,0,0
2018-12-02 00:00:00,1,0,1
2018-12-02 01:00:00,0,0,0
2018-12-02 02:00:00,0,0,0
2018-12-02 03:00:00,0,0,0
2018-12-02 04:00:00,0,0,0
2018-12-02 05:00:00,0,0,0
2018-12-02 06:00:00,2,1,1
2018-12-02 07:00:00,16,8,8
2018-12-02 08:00:00,31,13,18
2018-12-02 09:00:00,41,20,21
2018-12-02 10:00:00,59,31,28
2018-12-02 11:00:00,40,18,22
2018-12-02 12:00:00,30,16,14
2018-12-02 13:00:00,23,10,13
2018-12-02 14:00:00,39,20,19
2018-12-02 15:00:00,48,21,27
2018-12-02 16:00:00,30,15,15
2018-12-02 17:00:00,10,4,6
2018-12-02 18:00:00,4,2,2
2018-12-02 19:00:00,0,0,0
2018-12-02 20:00:00,3,3,0
2018-12-02 21:00:00,0,0,0
2018-12-02 22:00:00,2,1,1
2018-12-02 23:00:00,0,0,0
2018-12-03 00:00:00,0,0,0
2018-12-03 01:00:00,0,0,0
2018-12-03 02:00:00,0,0,0
2018-12-03 03:00:00,0,0,0
2018-12-03 04:00:00,0,0,0
2018-12-03 05:00:00,0,0,0
2018-12-03 06:00:00,1,1,0
2018-12-03 07:00:00,15,5,10
2018-12-03 08:00:00,30,17,13
2018-12-03 09:00:00,34,12,22
2018-12-03 10:00:00,27,13,14
2018-12-03 11:00:00,20,11,9
2018-12-03 12:00:00,18,6,12
2018-12-03 13:00:00,25,13,12
2018-12-03 14:00:00,20,12,8
2018-12-03 15:00:00,29,19,10
2018-12-03 16:00:00,36,19,17
2018-12-03 17:00:00,13,7,6
2018-12-03 18:00:00,3,1,2
2018-12-03 19:00:00,5,3,2
2018-12-03 20:00:00,2,1,1
2018-12-03 21:00:00,0,0,0
2018-12-03 22:00:00,0,0,0
2018-12-03 23:00:00,0,0,0
2018-12-04 00:00:00,0,0,0
2018-12-04 01:00:00,0,0,0
2018-12-04 02:00:00,0,0,0
2018-12-04 03:00:00,0,0,0
2018-12-04 04:00:00,0,0,0
2018-12-04 05:00:00,3,1,2
2018-12-04 06:00:00,5,3,2
2018-12-04 07:00:00,10,5,5
2018-12-04 08:00:00,21,11,10
2018-12-04 09:00:00,14,4,10
2018-12-04 10:00:00,24,12,12
2018-12-04 11:00:00,18,11,7
2018-12-04 12:00:00,21,7,14
2018-12-04 13:00:00,15,8,7
2018-12-04 14:00:00,17,10,7
2018-12-04 15:00:00,29,14,15
2018-12-04 16:00:00,36,19,17
2018-12-04 17:00:00,6,4,2
2018-12-04 18:00:00,3,2,1
2018-12-04 19:00:00,6,2,4
2018-12-04 20:00:00,3,2,1
2018-12-04 21:00:00,1,0,1
2018-12-04 22:00:00,0,0,0
2018-12-04 23:00:00,0,0,0
2018-12-05 00:00:00,0,0,0
2018-12-05 01:00:00,0,0,0
2018-12-05 02:00:00,0,0,0
2018-12-05 03:00:00,0,0,0
2018-12-05 04:00:00,1,1,0
2018-12-05 05:00:00,6,3,3
2018-12-05 06:00:00,5,2,3
2018-12-05 07:00:00,14,8,6
2018-12-05 08:00:00,22,9,13
2018-12-05 09:00:00,16,8,8
2018-12-05 10:00:00,21,13,8
2018-12-05 11:00:00,15,6,9
2018-12-05 12:00:00,11,6,5
2018-12-05 13:00:00,22,9,13
2018-12-05 14:00:00,15,8,7
2018-12-05 15:00:00,19,12,7
2018-12-05 16:00:00,22,10,12
2018-12-05 17:00:00,7,4,3
2018-12-05 18:00:00,3,3,0
2018-12-05 19:00:00,7,3,4
2018-12-05 20:00:00,1,0,1
2018-12-05 21:00:00,1,0,1
2018-12-05 22:00:00,0,0,0
2018-12-05 23:00:00,0,0,0
2018-12-06 00:00:00,0,0,0
2018-12-06 01:00:00,1,1,0
2018-12-06 02:00:00,2,1,1
2018-12-06 03:00:00,0,0,0
2018-12-06 04:00:00,0,0,0
2018-12-06 05:00:00,3,2,1
2018-12-06 06:00:00,12,5,7
2018-12-06 07:00:00,9,3,6
2018-12-06 08:00:00,12,6,6
2018-12-06 09:00:00,19,10,9
2018-12-06 10:00:00,14,7,7
2018-12-06 11:00:00,19,12,7
2018-12-06 12:00:00,19,9,10
2018-12-06 13:00:00,14,7,7
2018-12-06 14:00:00,28,15,13
2018-12-06 15:00:00,21,9,12
2018-12-06 16:00:00,35,15,20
2018-12-06 17:00:00,7,2,5
2018-12-06 18:00:00,3,1,2
2018-12-06 19:00:00,2,2,0
2018-12-06 20:00:00,0,0,0
2018-12-06 21:00:00,1,0,1
2018-12-06 22:00:00,0,0,0
2018-12-06 23:00:00,0,0,0
2018-12-07 00:00:00,0,0,0
2018-12-07 01:00:00,0,0,0
2018-12-07 02:00:00,0,0,0
2018-12-07 03:00:00,0,0,0
2018-12-07 04:00:00,0,0,0
2018-12-07 05:00:00,3,2,1
2018-12-07 06:00:00,3,1,2
2018-12-07 07:00:00,4,0,4
2018-12-07 08:00:00,14,10,4
2018-12-07 09:00:00,27,11,16
2018-12-07 10:00:00,21,11,10
2018-12-07 11:00:00,22,11,11
2018-12-07 12:00:00,22,11,11
2018-12-07 13:00:00,17,8,9
2018-12-07 14:00:00,25,13,12
2018-12-07 15:00:00,12,8,4
2018-12-07 16:00:00,22,9,13
2018-12-07 17:00:00,1,1,0
2018-12-07 18:00:00,11,7,4
2018-12-07 19:00:00,3,2,1
2018-12-07 20:00:00,3,2,1
2018-12-07 21:00:00,2,0,2
2018-12-07 22:00:00,3,2,1
2018-12-07 23:00:00,0,0,0
2018-12-08 00:00:00,1,1,0
2018-12-08 01:00:00,0,0,0
2018-12-08 02:00:00,0,0,0
2018-12-08 03:00:00,0,0,0
2018-12-08 04:00:00,0,0,0
2018-12-08 05:00:00,0,0,0
2018-12-08 06:00:00,3,0,3
2018-12-08 07:00:00,12,8,4
2018-12-08 08:00:00,37,19,18
2018-12-08 09:00:00,53,27,26
2018-12-08 10:00:00,66,31,35
2018-12-08 11:00:00,32,16,16
2018-12-08 12:00:00,41,15,26
2018-12-08 13:00:00,16,8,8
2018-12-08 14:00:00,34,18,16
2018-12-08 15:00:00,57,31,26
2018-12-08 16:00:00,42,17,25
2018-12-08 17:00:00,8,1,7
2018-12-08 18:00:00,1,0,1
2018-12-08 19:00:00,2,1,1
2018-12-08 20:00:00,1,1,0
2018-12-08 21:00:00,0,0,0
2018-12-08 22:00:00,0,0,0
2018-12-08 23:00:00,0,0,0
2018-12-09 00:00:00,0,0,0
2018-12-09 01:00:00,0,0,0
2018-12-09 02:00:00,0,0,0
2018-12-09 03:00:00,0,0,0
2018-12-09 04:00:00,0,0,0
2018-12-09 05:00:00,1,1,0
2018-12-09 06:00:00,1,0,1
2018-12-09 07:00:00,4,2,2
2018-12-09 08:00:00,20,8,12
2018-12-09 09:00:00,36,19,17
2018-12-09 10:00:00,32,18,14
2018-12-09 11:00:00,17,7,10
2018-12-09 12:00:00,20,10,10
2018-12-09 13:00:00,19,10,9
2018-12-09 14:00:00,12,8,4
2018-12-09 15:00:00,14,8,6
2018-12-09 16:00:00,7,1,6
2018-12-09 17:00:00,9,4,5
2018-12-09 18:00:00,1,0,1
2018-12-09 19:00:00,1,0,1
2018-12-09 20:00:00,0,0,0
2018-12-09 21:00:00,1,1,0
2018-12-09 22:00:00,0,0,0
2018-12-09 23:00:00,3,2,1
2018-12-10 00:00:00,0,0,0
2018-12-10 01:00:00,0,0,0
2018-12-10 02:00:00,0,0,0
2018-12-10 03:00:00,0,0,0
2018-12-10 04:00:00,0,0,0
2018-12-10 05:00:00,1,1,0
2018-12-10 06:00:00,9,5,4
2018-12-10 07:00:00,15,3,12
2018-12-10 08:00:00,23,11,12
2018-12-10 09:00:00,26,11,15
2018-12-10 10:00:00,25,10,15
2018-12-10 11:00:00,16,10,6
2018-12-10 12:00:00,27,12,15
2018-12-10 13:00:00,26,14,12
2018-12-10 14:00:00,28,15,13
2018-12-10 15:00:00,38,21,17
2018-12-10 16:00:00,29,12,17
2018-12-10 17:00:00,8,4,4
2018-12-10 18:00:00,7,3,4
2018-12-10 19:00:00,6,2,4
2018-12-10 20:00:00,0,0,0
2018-12-10 21:00:00,0,0,0
2018-12-10 22:00:00,1,0,1
2018-12-10 23:00:00,0,0,0
2018-12-11 00:00:00,0,0,0
2018-12-11 01:00:00,0,0,0
2018-12-11 02:00:00,0,0,0
2018-12-11 03:00:00,0,0,0
2018-12-11 04:00:00,0,0,0
2018-12-11 05:00:00,3,2,1
2018-12-11 06:00:00,5,2,3
2018-12-11 07:00:00,8,6,2
2018-12-11 08:00:00,27,13,14
2018-12-11 09:00:00,19,8,11
2018-12-11 10:00:00,8,3,5
2018-12-11 11:00:00,11,8,3
2018-12-11 12:00:00,16,7,9
2018-12-11 13:00:00,8,3,5
2018-12-11 14:00:00,16,8,8
2018-12-11 15:00:00,7,4,3
2018-12-11 16:00:00,13,5,8
2018-12-11 17:00:00,9,5,4
2018-12-11 18:00:00,3,1,2
2018-12-11 19:00:00,6,3,3
2018-12-11 20:00:00,1,1,0
2018-12-11 21:00:00,4,1,3
2018-12-11 22:00:00,0,0,0
2018-12-11 23:00:00,0,0,0
2018-12-12 00:00:00,0,0,0
2018-12-12 01:00:00,0,0,0
2018-12-12 02:00:00,0,0,0
2018-12-12 03:00:00,0,0,0
2018-12-12 04:00:00,0,0,0
2018-12-12 05:00:00,5,2,3
2018-12-12 06:00:00,6,4,2
2018-12-12 07:00:00,9,3,6
2018-12-12 08:00:00,26,11,15
2018-12-12 09:00:00,19,10,9
2018-12-12 10:00:00,39,21,18
2018-12-12 11:00:00,46,23,23
2018-12-12 12:00:00,26,11,15
2018-12-12 13:00:00,17,9,8
2018-12-12 14:00:00,24,13,11
2018-12-12 15:00:00,20,13,7
2018-12-12 16:00:00,29,14,15
2018-12-12 17:00:00,9,5,4
2018-12-12 18:00:00,8,6,2
2018-12-12 19:00:00,2,1,1
2018-12-12 20:00:00,5,4,1
2018-12-12 21:00:00,1,0,1
2018-12-12 22:00:00,1,0,1
2018-12-12 23:00:00,0,0,0
2018-12-13 00:00:00,0,0,0
2018-12-13 01:00:00,0,0,0
2018-12-13 02:00:00,0,0,0
2018-12-13 03:00:00,0,0,0
2018-12-13 04:00:00,0,0,0
2018-12-13 05:00:00,0,0,0
2018-12-13 06:00:00,3,2,1
2018-12-13 07:00:00,10,5,5
2018-12-13 08:00:00,17,8,9
2018-12-13 09:00:00,17,7,10
2018-12-13 10:00:00,17,10,7
2018-12-13 11:00:00,21,8,13
2018-12-13 12:00:00,13,7,6
2018-12-13 13:00:00,16,9,7
2018-12-13 14:00:00,11,6,5
2018-12-13 15:00:00,22,13,9
2018-12-13 16:00:00,26,11,15
2018-12-13 17:00:00,6,2,4
2018-12-13 18:00:00,4,3,1
2018-12-13 19:00:00,2,0,2
2018-12-13 20:00:00,0,0,0
2018-12-13 21:00:00,0,0,0
2018-12-13 22:00:00,0,0,0
2018-12-13 23:00:00,1,1,0
2018-12-14 00:00:00,0,0,0
2018-12-14 01:00:00,0,0,0
2018-12-14 02:00:00,0,0,0
2018-12-14 03:00:00,0,0,0
2018-12-14 04:00:00,1,1,0
2018-12-14 05:00:00,0,0,0
2018-12-14 06:00:00,8,4,4
2018-12-14 07:00:00,8,3,5
2018-12-14 08:00:00,29,16,13
2018-12-14 09:00:00,24,15,9
2018-12-14 10:00:00,25,10,15
2018-12-14 11:00:00,17,8,9
2018-12-14 12:00:00,24,11,13
2018-12-14 13:00:00,29,16,13
2018-12-14 14:00:00,15,7,8
2018-12-14 15:00:00,16,8,8
2018-12-14 16:00:00,14,4,10
2018-12-14 17:00:00,4,3,1
2018-12-14 18:00:00,4,3,1
2018-12-14 19:00:00,2,0,2
2018-12-14 20:00:00,1,1,0
2018-12-14 21:00:00,0,0,0
2018-12-14 22:00:00,0,0,0
2018-12-14 23:00:00,0,0,0
2018-12-15 00:00:00,0,0,0
2018-12-15 01:00:00,0,0,0
2018-12-15 02:00:00,0,0,0
2018-12-15 03:00:00,0,0,0
2018-12-15 04:00:00,0,0,0
2018-12-15 05:00:00,0,0,0
2018-12-15 06:00:00,5,2,3
2018-12-15 07:00:00,5,4,1
2018-12-15 08:00:00,29,14,15
2018-12-15 09:00:00,44,27,17
2018-12-15 10:00:00,31,17,14
2018-12-15 11:00:00,40,20,20
2018-12-15 12:00:00,50,24,26
2018-12-15 13:00:00,34,18,16
2018-12-15 14:00:00,42,20,22
2018-12-15 15:00:00,51,23,28
2018-12-15 16:00:00,17,10,7
2018-12-15 17:00:00,4,0,4
2018-12-15 18:00:00,5,2,3
2018-12-15 19:00:00,0,0,0
2018-12-15 20:00:00,0,0,0
2018-12-15 21:00:00,0,0,0
2018-12-15 22:00:00,1,0,1
2018-12-15 23:00:00,0,0,0
2018-12-16 00:00:00,0,0,0
2018-12-16 01:00:00,0,0,0
2018-12-16 02:00:00,0,0,0
2018-12-16 03:00:00,0,0,0
2018-12-16 04:00:00,0,0,0
2018-12-16 05:00:00,0,0,0
2018-12-16 06:00:00,4,2,2
2018-12-16 07:00:00,1,0,1
2018-12-16 08:00:00,10,6,4
2018-12-16 09:00:00,44,21,23
2018-12-16 10:00:00,29,16,13
2018-12-16 11:00:00,39,19,20
2018-12-16 12:00:00,29,14,15
2018-12-16 13:00:00,19,8,11
2018-12-16 14:00:00,25,12,13
2018-12-16 15:00:00,27,14,13
2018-12-16 16:00:00,21,8,13
2018-12-16 17:00:00,6,3,3
2018-12-16 18:00:00,2,1,1
2018-12-16 19:00:00,0,0,0
2018-12-16 20:00:00,0,0,0
2018-12-16 21:00:00,0,0,0
2018-12-16 22:00:00,0,0,0
2018-12-16 23:00:00,0,0,0
2018-12-17 00:00:00,0,0,0
2018-12-17 01:00:00,0,0,0
2018-12-17 02:00:00,0,0,0
2018-12-17 03:00:00,0,0,0
2018-12-17 04:00:00,0,0,0
2018-12-17 05:00:00,0,0,0
2018-12-17 06:00:00,8,4,4
2018-12-17 07:00:00,5,1,4
2018-12-17 08:00:00,16,10,6
2018-12-17 09:00:00,24,10,14
2018-12-17 10:00:00,18,6,12
2018-12-17 11:00:00,19,10,9
2018-12-17 12:00:00,28,13,15
2018-12-17 13:00:00,22,9,13
2018-12-17 14:00:00,25,12,13
2018-12-17 15:00:00,22,10,12
2018-12-17 16:00:00,16,7,9
2018-12-17 17:00:00,4,3,1
2018-12-17 18:00:00,5,3,2
2018-12-17 19:00:00,0,0,0
2018-12-17 20:00:00,0,0,0
2018-12-17 21:00:00,0,0,0
2018-12-17 22:00:00,0,0,0
2018-12-17 23:00:00,0,0,0
2018-12-18 00:00:00,0,0,0
2018-12-18 01:00:00,0,0,0
2018-12-18 02:00:00,0,0,0
2018-12-18 03:00:00,0,0,0
2018-12-18 04:00:00,0,0,0
2018-12-18 05:00:00,1,0,1
2018-12-18 06:00:00,5,3,2
2018-12-18 07:00:00,7,5,2
2018-12-18 08:00:00,21,10,11
2018-12-18 09:00:00,12,4,8
2018-12-18 10:00:00,25,16,9
2018-12-18 11:00:00,30,15,15
2018-12-18 12:00:00,38,16,22
2018-12-18 13:00:00,21,9,12
2018-12-18 14:00:00,9,4,5
2018-12-18 15:00:00,15,10,5
2018-12-18 16:00:00,16,6,10
2018-12-18 17:00:00,8,5,3
2018-12-18 18:00:00,5,3,2
2018-12-18 19:00:00,2,1,1
2018-12-18 20:00:00,1,1,0
2018-12-18 21:00:00,0,0,0
2018-12-18 22:00:00,1,0,1
2018-12-18 23:00:00,0,0,0
2018-12-19 00:00:00,1,1,0
2018-12-19 01:00:00,0,0,0
2018-12-19 02:00:00,0,0,0
2018-12-19 03:00:00,0,0,0
2018-12-19 04:00:00,0,0,0
2018-12-19 05:00:00,4,1,3
2018-12-19 06:00:00,9,4,5
2018-12-19 07:00:00,11,4,7
2018-12-19 08:00:00,22,10,12
2018-12-19 09:00:00,18,9,9
2018-12-19 10:00:00,14,6,8
2018-12-19 11:00:00,23,11,12
2018-12-19 12:00:00,26,16,10
2018-12-19 13:00:00,24,11,13
2018-12-19 14:00:00,15,9,6
2018-12-19 15:00:00,28,17,11
2018-12-19 16:00:00,30,16,14
2018-12-19 17:00:00,7,2,5
2018-12-19 18:00:00,8,4,4
2018-12-19 19:00:00,3,1,2
2018-12-19 20:00:00,1,1,0
2018-12-19 21:00:00,1,0,1
2018-12-19 22:00:00,2,1,1
2018-12-19 23:00:00,0,0,0
2018-12-20 00:00:00,0,0,0
2018-12-20 01:00:00,0,0,0
2018-12-20 02:00:00,0,0,0
2018-12-20 03:00:00,0,0,0
2018-12-20 04:00:00,0,0,0
2018-12-20 05:00:00,2,1,1
2018-12-20 06:00:00,7,3,4
2018-12-20 07:00:00,5,2,3
2018-12-20 08:00:00,17,11,6
2018-12-20 09:00:00,26,10,16
2018-12-20 10:00:00,13,5,8
2018-12-20 11:00:00,8,6,2
2018-12-20 12:00:00,9,6,3
2018-12-20 13:00:00,9,5,4
2018-12-20 14:00:00,15,6,9
2018-12-20 15:00:00,12,5,7
2018-12-20 16:00:00,27,15,12
2018-12-20 17:00:00,9,3,6
2018-12-20 18:00:00,9,5,4
2018-12-20 19:00:00,2,1,1
2018-12-20 20:00:00,0,0,0
2018-12-20 21:00:00,0,0,0
2018-12-20 22:00:00,0,0,0
2018-12-20 23:00:00,0,0,0
2018-12-21 00:00:00,0,0,0
2018-12-21 01:00:00,0,0,0
2018-12-21 02:00:00,0,0,0
2018-12-21 03:00:00,0,0,0
2018-12-21 04:00:00,1,1,0
2018-12-21 05:00:00,3,2,1
2018-12-21 06:00:00,5,4,1
2018-12-21 07:00:00,5,2,3
2018-12-21 08:00:00,14,6,8
2018-12-21 09:00:00,30,18,12
2018-12-21 10:00:00,30,15,15
2018-12-21 11:00:00,27,14,13
2018-12-21 12:00:00,21,11,10
2018-12-21 13:00:00,18,10,8
2018-12-21 14:00:00,22,11,11
2018-12-21 15:00:00,26,14,12
2018-12-21 16:00:00,61,30,31
2018-12-21 17:00:00,10,5,5
2018-12-21 18:00:00,5,1,4
2018-12-21 19:00:00,1,0,1
2018-12-21 20:00:00,1,1,0
2018-12-21 21:00:00,1,1,0
2018-12-21 22:00:00,0,0,0
2018-12-21 23:00:00,0,0,0
2018-12-22 00:00:00,0,0,0
2018-12-22 01:00:00,0,0,0
2018-12-22 02:00:00,0,0,0
2018-12-22 03:00:00,0,0,0
2018-12-22 04:00:00,0,0,0
2018-12-22 05:00:00,0,0,0
2018-12-22 06:00:00,4,3,1
2018-12-22 07:00:00,6,3,3
2018-12-22 08:00:00,28,15,13
2018-12-22 09:00:00,41,24,17
2018-12-22 10:00:00,55,25,30
2018-12-22 11:00:00,50,24,26
2018-12-22 12:00:00,37,15,22
2018-12-22 13:00:00,28,14,14
2018-12-22 14:00:00,17,10,7
2018-12-22 15:00:00,31,21,10
2018-12-22 16:00:00,31,10,21
2018-12-22 17:00:00,3,2,1
2018-12-22 18:00:00,2,0,2
2018-12-22 19:00:00,1,1,0
2018-12-22 20:00:00,0,0,0
2018-12-22 21:00:00,0,0,0
2018-12-22 22:00:00,0,0,0
2018-12-22 23:00:00,0,0,0
2018-12-23 00:00:00,0,0,0
2018-12-23 01:00:00,0,0,0
2018-12-23 02:00:00,0,0,0
2018-12-23 03:00:00,0,0,0
2018-12-23 04:00:00,0,0,0
2018-12-23 05:00:00,0,0,0
2018-12-23 06:00:00,2,2,0
2018-12-23 07:00:00,4,2,2
2018-12-23 08:00:00,13,8,5
2018-12-23 09:00:00,20,9,11
2018-12-23 10:00:00,35,16,19
2018-12-23 11:00:00,50,25,25
2018-12-23 12:00:00,28,16,12
2018-12-23 13:00:00,26,13,13
2018-12-23 14:00:00,30,15,15
2018-12-23 15:00:00,33,16,17
2018-12-23 16:00:00,25,9,16
2018-12-23 17:00:00,4,1,3
2018-12-23 18:00:00,0,0,0
2018-12-23 19:00:00,0,0,0
2018-12-23 20:00:00,0,0,0
2018-12-23 21:00:00,5,3,2
2018-12-23 22:00:00,1,1,0
2018-12-23 23:00:00,0,0,0
2018-12-24 00:00:00,0,0,0
2018-12-24 01:00:00,2,1,1
2018-12-24 02:00:00,0,0,0
2018-12-24 03:00:00,0,0,0
2018-12-24 04:00:00,0,0,0
2018-12-24 05:00:00,0,0,0
2018-12-24 06:00:00,2,1,1
2018-12-24 07:00:00,7,5,2
2018-12-24 08:00:00,30,13,17
2018-12-24 09:00:00,70,33,37
2018-12-24 10:00:00,45,24,21
2018-12-24 11:00:00,49,17,32
2018-12-24 12:00:00,45,26,19
2018-12-24 13:00:00,46,18,28
2018-12-24 14:00:00,33,14,19
2018-12-24 15:00:00,26,15,11
2018-12-24 16:00:00,9,2,7
2018-12-24 17:00:00,3,0,3
2018-12-24 18:00:00,0,0,0
2018-12-24 19:00:00,0,0,0
2018-12-24 20:00:00,0,0,0
2018-12-24 21:00:00,0,0,0
2018-12-24 22:00:00,0,0,0
2018-12-24 23:00:00,0,0,0
2018-12-25 00:00:00,0,0,0
2018-12-25 01:00:00,0,0,0
2018-12-25 02:00:00,0,0,0
2018-12-25 03:00:00,0,0,0
2018-12-25 04:00:00,0,0,0
2018-12-25 05:00:00,1,0,1
2018-12-25 06:00:00,3,2,1
2018-12-25 07:00:00,5,3,2
2018-12-25 08:00:00,14,10,4
2018-12-25 09:00:00,18,7,11
2018-12-25 10:00:00,21,12,9
2018-12-25 11:00:00,41,19,22
2018-12-25 12:00:00,31,22,9
2018-12-25 13:00:00,27,14,13
2018-12-25 14:00:00,35,19,16
2018-12-25 15:00:00,37,13,24
2018-12-25 16:00:00,23,10,13
2018-12-25 17:00:00,2,1,1
2018-12-25 18:00:00,2,1,1
2018-12-25 19:00:00,0,0,0
2018-12-25 20:00:00,2,1,1
2018-12-25 21:00:00,0,0,0
2018-12-25 22:00:00,0,0,0
2018-12-25 23:00:00,0,0,0
2018-12-26 00:00:00,0,0,0
2018-12-26 01:00:00,0,0,0
2018-12-26 02:00:00,0,0,0
2018-12-26 03:00:00,1,1,0
2018-12-26 04:00:00,0,0,0
2018-12-26 05:00:00,1,0,1
2018-12-26 06:00:00,3,1,2
2018-12-26 07:00:00,3,2,1
2018-12-26 08:00:00,18,10,8
2018-12-26 09:00:00,22,11,11
2018-12-26 10:00:00,20,9,11
2018-12-26 11:00:00,16,11,5
2018-12-26 12:00:00,28,16,12
2018-12-26 13:00:00,24,7,17
2018-12-26 14:00:00,30,19,11
2018-12-26 15:00:00,27,16,11
2018-12-26 16:00:00,18,8,10
2018-12-26 17:00:00,6,1,5
2018-12-26 18:00:00,3,1,2
2018-12-26 19:00:00,0,0,0
2018-12-26 20:00:00,2,2,0
2018-12-26 21:00:00,4,1,3
2018-12-26 22:00:00,1,0,1
2018-12-26 23:00:00,2,1,1
2018-12-27 00:00:00,0,0,0
2018-12-27 01:00:00,0,0,0
2018-12-27 02:00:00,0,0,0
2018-12-27 03:00:00,0,0,0
2018-12-27 04:00:00,0,0,0
2018-12-27 05:00:00,1,1,0
2018-12-27 06:00:00,6,2,4
2018-12-27 07:00:00,1,1,0
2018-12-27 08:00:00,17,8,9
2018-12-27 09:00:00,27,12,15
2018-12-27 10:00:00,37,16,21
2018-12-27 11:00:00,18,7,11
2018-12-27 12:00:00,22,11,11
2018-12-27 13:00:00,25,13,12
2018-12-27 14:00:00,24,10,14
2018-12-27 15:00:00,26,16,10
2018-12-27 16:00:00,21,11,10
2018-12-27 17:00:00,11,4,7
2018-12-27 18:00:00,3,2,1
2018-12-27 19:00:00,0,0,0
2018-12-27 20:00:00,0,0,0
2018-12-27 21:00:00,0,0,0
2018-12-27 22:00:00,0,0,0
2018-12-27 23:00:00,0,0,0
2018-12-28 00:00:00,0,0,0
2018-12-28 01:00:00,0,0,0
2018-12-28 02:00:00,0,0,0
2018-12-28 03:00:00,0,0,0
2018-12-28 04:00:00,0,0,0
2018-12-28 05:00:00,2,0,2
2018-12-28 06:00:00,6,3,3
2018-12-28 07:00:00,11,6,5
2018-12-28 08:00:00,35,17,18
2018-12-28 09:00:00,24,13,11
2018-12-28 10:00:00,19,9,10
2018-12-28 11:00:00,13,6,7
2018-12-28 12:00:00,7,4,3
2018-12-28 13:00:00,9,5,4
2018-12-28 14:00:00,15,9,6
2018-12-28 15:00:00,13,6,7
2018-12-28 16:00:00,13,7,6
2018-12-28 17:00:00,6,2,4
2018-12-28 18:00:00,1,0,1
2018-12-28 19:00:00,2,1,1
2018-12-28 20:00:00,0,0,0
2018-12-28 21:00:00,0,0,0
2018-12-28 22:00:00,0,0,0
2018-12-28 23:00:00,0,0,0
2018-12-29 00:00:00,0,0,0
2018-12-29 01:00:00,0,0,0
2018-12-29 02:00:00,0,0,0
2018-12-29 03:00:00,0,0,0
2018-12-29 04:00:00,0,0,0
2018-12-29 05:00:00,0,0,0
2018-12-29 06:00:00,2,1,1
2018-12-29 07:00:00,11,7,4
2018-12-29 08:00:00,29,14,15
2018-12-29 09:00:00,33,15,18
2018-12-29 10:00:00,31,13,18
2018-12-29 11:00:00,44,23,21
2018-12-29 12:00:00,34,19,15
2018-12-29 13:00:00,19,9,10
2018-12-29 14:00:00,22,9,13
2018-12-29 15:00:00,11,6,5
2018-12-29 16:00:00,10,4,6
2018-12-29 17:00:00,2,1,1
2018-12-29 18:00:00,2,0,2
2018-12-29 19:00:00,1,1,0
2018-12-29 20:00:00,3,1,2
2018-12-29 21:00:00,0,0,0
2018-12-29 22:00:00,0,0,0
2018-12-29 23:00:00,0,0,0
2018-12-30 00:00:00,0,0,0
2018-12-30 01:00:00,1,0,1
2018-12-30 02:00:00,0,0,0
2018-12-30 03:00:00,0,0,0
2018-12-30 04:00:00,0,0,0
2018-12-30 05:00:00,0,0,0
2018-12-30 06:00:00,0,0,0
2018-12-30 07:00:00,4,3,1
2018-12-30 08:00:00,21,11,10
2018-12-30 09:00:00,29,17,12
2018-12-30 10:00:00,45,22,23
2018-12-30 11:00:00,45,18,27
2018-12-30 12:00:00,32,14,18
2018-12-30 13:00:00,38,21,17
2018-12-30 14:00:00,25,14,11
2018-12-30 15:00:00,44,23,21
2018-12-30 16:00:00,24,7,17
2018-12-30 17:00:00,9,6,3
2018-12-30 18:00:00,1,0,1
2018-12-30 19:00:00,0,0,0
2018-12-30 20:00:00,0,0,0
2018-12-30 21:00:00,0,0,0
2018-12-30 22:00:00,0,0,0
2018-12-30 23:00:00,0,0,0
2018-12-31 00:00:00,0,0,0
2018-12-31 01:00:00,0,0,0
2018-12-31 02:00:00,0,0,0
2018-12-31 03:00:00,0,0,0
2018-12-31 04:00:00,2,1,1
2018-12-31 05:00:00,1,1,0
2018-12-31 06:00:00,2,1,1
2018-12-31 07:00:00,5,2,3
2018-12-31 08:00:00,15,7,8
2018-12-31 09:00:00,23,16,7
2018-12-31 10:00:00,35,14,21
2018-12-31 11:00:00,24,11,13
2018-12-31 12:00:00,26,12,14
2018-12-31 13:00:00,31,16,15
2018-12-31 14:00:00,34,21,13
2018-12-31 15:00:00,28,11,17
2018-12-31 16:00:00,18,9,9
2018-12-31 17:00:00,5,1,4
2018-12-31 18:00:00,0,0,0
2018-12-31 19:00:00,1,0,1
2018-12-31 20:00:00,0,0,0
2018-12-31 21:00:00,0,0,0
2018-12-31 22:00:00,0,0,0
2018-12-31 23:00:00,0,0,0
2021-11-01 00:00:00,0,0,0
2021-11-01 01:00:00,0,0,0
2021-11-01 02:00:00,0,0,0
2021-11-01 03:00:00,0,0,0
2021-11-01 04:00:00,0,0,0
2021-11-01 05:00:00,0,0,0
2021-11-01 06:00:00,0,0,0
2021-11-01 07:00:00,0,0,0
2021-11-01 08:00:00,0,0,0
2021-11-01 09:00:00,0,0,0
2021-11-01 10:00:00,0,0,0
2021-11-01 11:00:00,0,0,0
2021-11-01 12:00:00,0,0,0
2021-11-01 13:00:00,0,0,0
2021-11-01 14:00:00,0,0,0
2021-11-01 15:00:00,0,0,0
2021-11-01 16:00:00,0,0,0
2021-11-01 17:00:00,0,0,0
2021-11-01 18:00:00,0,0,0
2021-11-01 19:00:00,0,0,0
2021-11-01 20:00:00,0,0,0
2021-11-01 21:00:00,0,0,0
2021-11-01 22:00:00,0,0,0
2021-11-01 23:00:00,0,0,0
2021-11-02 00:00:00,0,0,0
2021-11-02 01:00:00,0,0,0
2021-11-02 02:00:00,0,0,0
2021-11-02 03:00:00,0,0,0
2021-11-02 04:00:00,0,0,0
2021-11-02 05:00:00,0,0,0
2021-11-02 06:00:00,0,0,0
2021-11-02 07:00:00,0,0,0
2021-11-02 08:00:00,0,0,0
2021-11-02 09:00:00,0,0,0
2021-11-02 10:00:00,0,0,0
2021-11-02 11:00:00,0,0,0
2021-11-02 12:00:00,0,0,0
2021-11-02 13:00:00,0,0,0
2021-11-02 14:00:00,0,0,0
2021-11-02 15:00:00,0,0,0
2021-11-02 16:00:00,0,0,0
2021-11-02 17:00:00,0,0,0
2021-11-02 18:00:00,0,0,0
2021-11-02 19:00:00,0,0,0
2021-11-02 20:00:00,0,0,0
2021-11-02 21:00:00,0,0,0
2021-11-02 22:00:00,0,0,0
2021-11-02 23:00:00,0,0,0
2021-11-03 00:00:00,0,0,0
2021-11-03 01:00:00,0,0,0
2021-11-03 02:00:00,0,0,0
2021-11-03 03:00:00,0,0,0
2021-11-03 04:00:00,0,0,0
2021-11-03 05:00:00,0,0,0
2021-11-03 06:00:00,0,0,0
2021-11-03 07:00:00,0,0,0
2021-11-03 08:00:00,0,0,0
2021-11-03 09:00:00,0,0,0
2021-11-03 10:00:00,0,0,0
2021-11-03 11:00:00,0,0,0
2021-11-03 12:00:00,0,0,0
2021-11-03 13:00:00,0,0,0
2021-11-03 14:00:00,0,0,0
2021-11-03 15:00:00,0,0,0
2021-11-03 16:00:00,0,0,0
2021-11-03 17:00:00,0,0,0
2021-11-03 18:00:00,0,0,0
2021-11-03 19:00:00,0,0,0
2021-11-03 20:00:00,0,0,0
2021-11-03 21:00:00,0,0,0
2021-11-03 22:00:00,0,0,0
2021-11-03 23:00:00,0,0,0
2021-11-04 00:00:00,0,0,0
2021-11-04 01:00:00,0,0,0
2021-11-04 02:00:00,0,0,0
2021-11-04 03:00:00,0,0,0
2021-11-04 04:00:00,0,0,0
2021-11-04 05:00:00,0,0,0
2021-11-04 06:00:00,0,0,0
2021-11-04 07:00:00,0,0,0
2021-11-04 08:00:00,0,0,0
2021-11-04 09:00:00,0,0,0
2021-11-04 10:00:00,0,0,0
2021-11-04 11:00:00,0,0,0
2021-11-04 12:00:00,0,0,0
2021-11-04 13:00:00,0,0,0
2021-11-04 14:00:00,0,0,0
2021-11-04 15:00:00,0,0,0
2021-11-04 16:00:00,0,0,0
2021-11-04 17:00:00,0,0,0
2021-11-04 18:00:00,0,0,0
2021-11-04 19:00:00,0,0,0
2021-11-04 20:00:00,0,0,0
2021-11-04 21:00:00,0,0,0
2021-11-04 22:00:00,0,0,0
2021-11-04 23:00:00,0,0,0
2021-11-05 00:00:00,0,0,0
2021-11-05 01:00:00,0,0,0
2021-11-05 02:00:00,0,0,0
2021-11-05 03:00:00,0,0,0
2021-11-05 04:00:00,0,0,0
2021-11-05 05:00:00,0,0,0
2021-11-05 06:00:00,0,0,0
2021-11-05 07:00:00,0,0,0
2021-11-05 08:00:00,0,0,0
2021-11-05 09:00:00,0,0,0
2021-11-05 10:00:00,0,0,0
2021-11-05 11:00:00,0,0,0
2021-11-05 12:00:00,0,0,0
2021-11-05 13:00:00,0,0,0
2021-11-05 14:00:00,0,0,0
2021-11-05 15:00:00,0,0,0
2021-11-05 16:00:00,0,0,0
2021-11-05 17:00:00,0,0,0
2021-11-05 18:00:00,0,0,0
2021-11-05 19:00:00,0,0,0
2021-11-05 20:00:00,0,0,0
2021-11-05 21:00:00,0,0,0
2021-11-05 22:00:00,0,0,0
2021-11-05 23:00:00,0,0,0
2021-11-06 00:00:00,0,0,0
2021-11-06 01:00:00,0,0,0
2021-11-06 02:00:00,0,0,0
2021-11-06 03:00:00,0,0,0
2021-11-06 04:00:00,0,0,0
2021-11-06 05:00:00,0,0,0
2021-11-06 06:00:00,0,0,0
2021-11-06 07:00:00,0,0,0
2021-11-06 08:00:00,0,0,0
2021-11-06 09:00:00,0,0,0
2021-11-06 10:00:00,0,0,0
2021-11-06 11:00:00,0,0,0
2021-11-06 12:00:00,0,0,0
2021-11-06 13:00:00,0,0,0
2021-11-06 14:00:00,0,0,0
2021-11-06 15:00:00,0,0,0
2021-11-06 16:00:00,0,0,0
2021-11-06 17:00:00,0,0,0
2021-11-06 18:00:00,0,0,0
2021-11-06 19:00:00,0,0,0
2021-11-06 20:00:00,0,0,0
2021-11-06 21:00:00,0,0,0
2021-11-06 22:00:00,0,0,0
2021-11-06 23:00:00,0,0,0
2021-11-07 00:00:00,0,0,0
2021-11-07 01:00:00,0,0,0
2021-11-07 02:00:00,0,0,0
2021-11-07 03:00:00,0,0,0
2021-11-07 04:00:00,0,0,0
2021-11-07 05:00:00,0,0,0
2021-11-07 06:00:00,0,0,0
2021-11-07 07:00:00,0,0,0
2021-11-07 08:00:00,0,0,0
2021-11-07 09:00:00,0,0,0
2021-11-07 10:00:00,0,0,0
2021-11-07 11:00:00,0,0,0
2021-11-07 12:00:00,0,0,0
2021-11-07 13:00:00,0,0,0
2021-11-07 14:00:00,0,0,0
2021-11-07 15:00:00,0,0,0
2021-11-07 16:00:00,0,0,0
2021-11-07 17:00:00,0,0,0
2021-11-07 18:00:00,0,0,0
2021-11-07 19:00:00,0,0,0
2021-11-07 20:00:00,0,0,0
2021-11-07 21:00:00,0,0,0
2021-11-07 22:00:00,0,0,0
2021-11-07 23:00:00,0,0,0
2021-11-08 00:00:00,0,0,0
2021-11-08 01:00:00,0,0,0
2021-11-08 02:00:00,0,0,0
2021-11-08 03:00:00,0,0,0
2021-11-08 04:00:00,0,0,0
2021-11-08 05:00:00,0,0,0
2021-11-08 06:00:00,0,0,0
2021-11-08 07:00:00,0,0,0
2021-11-08 08:00:00,0,0,0
2021-11-08 09:00:00,0,0,0
2021-11-08 10:00:00,0,0,0
2021-11-08 11:00:00,0,0,0
2021-11-08 12:00:00,0,0,0
2021-11-08 13:00:00,0,0,0
2021-11-08 14:00:00,0,0,0
2021-11-08 15:00:00,0,0,0
2021-11-08 16:00:00,0,0,0
2021-11-08 17:00:00,0,0,0
2021-11-08 18:00:00,0,0,0
2021-11-08 19:00:00,0,0,0
2021-11-08 20:00:00,0,0,0
2021-11-08 21:00:00,0,0,0
2021-11-08 22:00:00,0,0,0
2021-11-08 23:00:00,0,0,0
2021-11-09 00:00:00,0,0,0
2021-11-09 01:00:00,0,0,0
2021-11-09 02:00:00,0,0,0
2021-11-09 03:00:00,0,0,0
2021-11-09 04:00:00,0,0,0
2021-11-09 05:00:00,0,0,0
2021-11-09 06:00:00,0,0,0
2021-11-09 07:00:00,0,0,0
2021-11-09 08:00:00,0,0,0
2021-11-09 09:00:00,0,0,0
2021-11-09 10:00:00,0,0,0
2021-11-09 11:00:00,0,0,0
2021-11-09 12:00:00,0,0,0
2021-11-09 13:00:00,0,0,0
2021-11-09 14:00:00,0,0,0
2021-11-09 15:00:00,0,0,0
2021-11-09 16:00:00,0,0,0
2021-11-09 17:00:00,0,0,0
2021-11-09 18:00:00,0,0,0
2021-11-09 19:00:00,0,0,0
2021-11-09 20:00:00,0,0,0
2021-11-09 21:00:00,0,0,0
2021-11-09 22:00:00,0,0,0
2021-11-09 23:00:00,0,0,0
2021-11-10 00:00:00,0,0,0
2021-11-10 01:00:00,0,0,0
2021-11-10 02:00:00,0,0,0
2021-11-10 03:00:00,0,0,0
2021-11-10 04:00:00,0,0,0
2021-11-10 05:00:00,0,0,0
2021-11-10 06:00:00,0,0,0
2021-11-10 07:00:00,0,0,0
2021-11-10 08:00:00,0,0,0
2021-11-10 09:00:00,0,0,0
2021-11-10 10:00:00,0,0,0
2021-11-10 11:00:00,0,0,0
2021-11-10 12:00:00,0,0,0
2021-11-10 13:00:00,0,0,0
2021-11-10 14:00:00,0,0,0
2021-11-10 15:00:00,0,0,0
2021-11-10 16:00:00,0,0,0
2021-11-10 17:00:00,0,0,0
2021-11-10 18:00:00,0,0,0
2021-11-10 19:00:00,0,0,0
2021-11-10 20:00:00,0,0,0
2021-11-10 21:00:00,0,0,0
2021-11-10 22:00:00,0,0,0
2021-11-10 23:00:00,0,0,0
2021-11-11 00:00:00,0,0,0
2021-11-11 01:00:00,0,0,0
2021-11-11 02:00:00,0,0,0
2021-11-11 03:00:00,0,0,0
2021-11-11 04:00:00,0,0,0
2021-11-11 05:00:00,0,0,0
2021-11-11 06:00:00,0,0,0
2021-11-11 07:00:00,0,0,0
2021-11-11 08:00:00,0,0,0
2021-11-11 09:00:00,0,0,0
2021-11-11 10:00:00,0,0,0
2021-11-11 11:00:00,0,0,0
2021-11-11 12:00:00,0,0,0
2021-11-11 13:00:00,0,0,0
2021-11-11 14:00:00,0,0,0
2021-11-11 15:00:00,0,0,0
2021-11-11 16:00:00,0,0,0
2021-11-11 17:00:00,0,0,0
2021-11-11 18:00:00,0,0,0
2021-11-11 19:00:00,0,0,0
2021-11-11 20:00:00,0,0,0
2021-11-11 21:00:00,0,0,0
2021-11-11 22:00:00,0,0,0
2021-11-11 23:00:00,0,0,0
2021-11-12 00:00:00,0,0,0
2021-11-12 01:00:00,0,0,0
2021-11-12 02:00:00,0,0,0
2021-11-12 03:00:00,0,0,0
2021-11-12 04:00:00,0,0,0
2021-11-12 05:00:00,0,0,0
2021-11-12 06:00:00,0,0,0
2021-11-12 07:00:00,0,0,0
2021-11-12 08:00:00,0,0,0
2021-11-12 09:00:00,0,0,0
2021-11-12 10:00:00,0,0,0
2021-11-12 11:00:00,0,0,0
2021-11-12 12:00:00,0,0,0
2021-11-12 13:00:00,0,0,0
2021-11-12 14:00:00,0,0,0
2021-11-12 15:00:00,0,0,0
2021-11-12 16:00:00,0,0,0
2021-11-12 17:00:00,0,0,0
2021-11-12 18:00:00,0,0,0
2021-11-12 19:00:00,0,0,0
2021-11-12 20:00:00,0,0,0
2021-11-12 21:00:00,0,0,0
2021-11-12 22:00:00,0,0,0
2021-11-12 23:00:00,0,0,0
2021-11-13 00:00:00,0,0,0
2021-11-13 01:00:00,0,0,0
2021-11-13 02:00:00,0,0,0
2021-11-13 03:00:00,0,0,0
2021-11-13 04:00:00,0,0,0
2021-11-13 05:00:00,0,0,0
2021-11-13 06:00:00,0,0,0
2021-11-13 07:00:00,0,0,0
2021-11-13 08:00:00,0,0,0
2021-11-13 09:00:00,0,0,0
2021-11-13 10:00:00,0,0,0
2021-11-13 11:00:00,0,0,0
2021-11-13 12:00:00,0,0,0
2021-11-13 13:00:00,0,0,0
2021-11-13 14:00:00,0,0,0
2021-11-13 15:00:00,0,0,0
2021-11-13 16:00:00,0,0,0
2021-11-13 17:00:00,0,0,0
2021-11-13 18:00:00,0,0,0
2021-11-13 19:00:00,0,0,0
2021-11-13 20:00:00,0,0,0
2021-11-13 21:00:00,0,0,0
2021-11-13 22:00:00,0,0,0
2021-11-13 23:00:00,0,0,0
2021-11-14 00:00:00,0,0,0
2021-11-14 01:00:00,0,0,0
2021-11-14 02:00:00,0,0,0
2021-11-14 03:00:00,0,0,0
2021-11-14 04:00:00,0,0,0
2021-11-14 05:00:00,0,0,0
2021-11-14 06:00:00,0,0,0
2021-11-14 07:00:00,0,0,0
2021-11-14 08:00:00,0,0,0
2021-11-14 09:00:00,0,0,0
2021-11-14 10:00:00,0,0,0
2021-11-14 11:00:00,0,0,0
2021-11-14 12:00:00,0,0,0
2021-11-14 13:00:00,0,0,0
2021-11-14 14:00:00,0,0,0
2021-11-14 15:00:00,0,0,0
2021-11-14 16:00:00,0,0,0
2021-11-14 17:00:00,0,0,0
2021-11-14 18:00:00,0,0,0
2021-11-14 19:00:00,0,0,0
2021-11-14 20:00:00,0,0,0
2021-11-14 21:00:00,0,0,0
2021-11-14 22:00:00,0,0,0
2021-11-14 23:00:00,0,0,0
2021-11-15 00:00:00,0,0,0
2021-11-15 01:00:00,0,0,0
2021-11-15 02:00:00,0,0,0
2021-11-15 03:00:00,0,0,0
2021-11-15 04:00:00,0,0,0
2021-11-15 05:00:00,0,0,0
2021-11-15 06:00:00,0,0,0
2021-11-15 07:00:00,0,0,0
2021-11-15 08:00:00,0,0,0
2021-11-15 09:00:00,0,0,0
2021-11-15 10:00:00,0,0,0
2021-11-15 11:00:00,0,0,0
2021-11-15 12:00:00,0,0,0
2021-11-15 13:00:00,0,0,0
2021-11-15 14:00:00,0,0,0
2021-11-15 15:00:00,0,0,0
2021-11-15 16:00:00,0,0,0
2021-11-15 17:00:00,0,0,0
2021-11-15 18:00:00,0,0,0
2021-11-15 19:00:00,0,0,0
2021-11-15 20:00:00,0,0,0
2021-11-15 21:00:00,0,0,0
2021-11-15 22:00:00,0,0,0
2021-11-15 23:00:00,0,0,0
2021-11-16 00:00:00,0,0,0
2021-11-16 01:00:00,0,0,0
2021-11-16 02:00:00,0,0,0
2021-11-16 03:00:00,0,0,0
2021-11-16 04:00:00,0,0,0
2021-11-16 05:00:00,0,0,0
2021-11-16 06:00:00,0,0,0
2021-11-16 07:00:00,0,0,0
2021-11-16 08:00:00,0,0,0
2021-11-16 09:00:00,0,0,0
2021-11-16 10:00:00,0,0,0
2021-11-16 11:00:00,0,0,0
2021-11-16 12:00:00,0,0,0
2021-11-16 13:00:00,0,0,0
2021-11-16 14:00:00,0,0,0
2021-11-16 15:00:00,0,0,0
2021-11-16 16:00:00,0,0,0
2021-11-16 17:00:00,0,0,0
2021-11-16 18:00:00,0,0,0
2021-11-16 19:00:00,0,0,0
2021-11-16 20:00:00,0,0,0
2021-11-16 21:00:00,0,0,0
2021-11-16 22:00:00,0,0,0
2021-11-16 23:00:00,0,0,0
2021-11-17 00:00:00,0,0,0
2021-11-17 01:00:00,0,0,0
2021-11-17 02:00:00,0,0,0
2021-11-17 03:00:00,0,0,0
2021-11-17 04:00:00,0,0,0
2021-11-17 05:00:00,0,0,0
2021-11-17 06:00:00,0,0,0
2021-11-17 07:00:00,0,0,0
2021-11-17 08:00:00,0,0,0
2021-11-17 09:00:00,0,0,0
2021-11-17 10:00:00,0,0,0
2021-11-17 11:00:00,0,0,0
2021-11-17 12:00:00,0,0,0
2021-11-17 13:00:00,0,0,0
2021-11-17 14:00:00,0,0,0
2021-11-17 15:00:00,0,0,0
2021-11-17 16:00:00,0,0,0
2021-11-17 17:00:00,0,0,0
2021-11-17 18:00:00,0,0,0
2021-11-17 19:00:00,0,0,0
2021-11-17 20:00:00,0,0,0
2021-11-17 21:00:00,0,0,0
2021-11-17 22:00:00,0,0,0
2021-11-17 23:00:00,0,0,0
2021-11-18 00:00:00,0,0,0
2021-11-18 01:00:00,0,0,0
2021-11-18 02:00:00,0,0,0
2021-11-18 03:00:00,0,0,0
2021-11-18 04:00:00,0,0,0
2021-11-18 05:00:00,0,0,0
2021-11-18 06:00:00,0,0,0
2021-11-18 07:00:00,0,0,0
2021-11-18 08:00:00,0,0,0
2021-11-18 09:00:00,0,0,0
2021-11-18 10:00:00,0,0,0
2021-11-18 11:00:00,0,0,0
2021-11-18 12:00:00,0,0,0
2021-11-18 13:00:00,0,0,0
2021-11-18 14:00:00,0,0,0
2021-11-18 15:00:00,0,0,0
2021-11-18 16:00:00,0,0,0
2021-11-18 17:00:00,0,0,0
2021-11-18 18:00:00,0,0,0
2021-11-18 19:00:00,0,0,0
2021-11-18 20:00:00,0,0,0
2021-11-18 21:00:00,0,0,0
2021-11-18 22:00:00,0,0,0
2021-11-18 23:00:00,0,0,0
2021-11-19 00:00:00,0,0,0
2021-11-19 01:00:00,0,0,0
2021-11-19 02:00:00,0,0,0
2021-11-19 03:00:00,0,0,0
2021-11-19 04:00:00,0,0,0
2021-11-19 05:00:00,0,0,0
2021-11-19 06:00:00,0,0,0
2021-11-19 07:00:00,0,0,0
2021-11-19 08:00:00,0,0,0
2021-11-19 09:00:00,0,0,0
2021-11-19 10:00:00,0,0,0
2021-11-19 11:00:00,0,0,0
2021-11-19 12:00:00,0,0,0
2021-11-19 13:00:00,0,0,0
2021-11-19 14:00:00,0,0,0
2021-11-19 15:00:00,0,0,0
2021-11-19 16:00:00,0,0,0
2021-11-19 17:00:00,0,0,0
2021-11-19 18:00:00,0,0,0
2021-11-19 19:00:00,0,0,0
2021-11-19 20:00:00,0,0,0
2021-11-19 21:00:00,0,0,0
2021-11-19 22:00:00,0,0,0
2021-11-19 23:00:00,0,0,0
2021-11-20 00:00:00,0,0,0
2021-11-20 01:00:00,0,0,0
2021-11-20 02:00:00,0,0,0
2021-11-20 03:00:00,0,0,0
2021-11-20 04:00:00,0,0,0
2021-11-20 05:00:00,0,0,0
2021-11-20 06:00:00,0,0,0
2021-11-20 07:00:00,0,0,0
2021-11-20 08:00:00,0,0,0
2021-11-20 09:00:00,0,0,0
2021-11-20 10:00:00,0,0,0
2021-11-20 11:00:00,0,0,0
2021-11-20 12:00:00,0,0,0
2021-11-20 13:00:00,0,0,0
2021-11-20 14:00:00,0,0,0
2021-11-20 15:00:00,0,0,0
2021-11-20 16:00:00,0,0,0
2021-11-20 17:00:00,0,0,0
2021-11-20 18:00:00,0,0,0
2021-11-20 19:00:00,0,0,0
2021-11-20 20:00:00,0,0,0
2021-11-20 21:00:00,0,0,0
2021-11-20 22:00:00,0,0,0
2021-11-20 23:00:00,0,0,0
2021-11-21 00:00:00,0,0,0
2021-11-21 01:00:00,0,0,0
2021-11-21 02:00:00,0,0,0
2021-11-21 03:00:00,0,0,0
2021-11-21 04:00:00,0,0,0
2021-11-21 05:00:00,0,0,0
2021-11-21 06:00:00,0,0,0
2021-11-21 07:00:00,0,0,0
2021-11-21 08:00:00,0,0,0
2021-11-21 09:00:00,0,0,0
2021-11-21 10:00:00,0,0,0
2021-11-21 11:00:00,0,0,0
2021-11-21 12:00:00,0,0,0
2021-11-21 13:00:00,0,0,0
2021-11-21 14:00:00,0,0,0
2021-11-21 15:00:00,0,0,0
2021-11-21 16:00:00,0,0,0
2021-11-21 17:00:00,0,0,0
2021-11-21 18:00:00,0,0,0
2021-11-21 19:00:00,0,0,0
2021-11-21 20:00:00,0,0,0
2021-11-21 21:00:00,0,0,0
2021-11-21 22:00:00,0,0,0
2021-11-21 23:00:00,0,0,0
2021-11-22 00:00:00,0,0,0
2021-11-22 01:00:00,0,0,0
2021-11-22 02:00:00,0,0,0
2021-11-22 03:00:00,0,0,0
2021-11-22 04:00:00,0,0,0
2021-11-22 05:00:00,0,0,0
2021-11-22 06:00:00,0,0,0
2021-11-22 07:00:00,0,0,0
2021-11-22 08:00:00,0,0,0
2021-11-22 09:00:00,0,0,0
2021-11-22 10:00:00,0,0,0
2021-11-22 11:00:00,0,0,0
2021-11-22 12:00:00,0,0,0
2021-11-22 13:00:00,0,0,0
2021-11-22 14:00:00,0,0,0
2021-11-22 15:00:00,0,0,0
2021-11-22 16:00:00,0,0,0
2021-11-22 17:00:00,0,0,0
2021-11-22 18:00:00,0,0,0
2021-11-22 19:00:00,0,0,0
2021-11-22 20:00:00,0,0,0
2021-11-22 21:00:00,0,0,0
2021-11-22 22:00:00,0,0,0
2021-11-22 23:00:00,0,0,0
2021-11-23 00:00:00,0,0,0
2021-11-23 01:00:00,0,0,0
2021-11-23 02:00:00,0,0,0
2021-11-23 03:00:00,0,0,0
2021-11-23 04:00:00,0,0,0
2021-11-23 05:00:00,0,0,0
2021-11-23 06:00:00,0,0,0
2021-11-23 07:00:00,0,0,0
2021-11-23 08:00:00,0,0,0
2021-11-23 09:00:00,0,0,0
2021-11-23 10:00:00,0,0,0
2021-11-23 11:00:00,0,0,0
2021-11-23 12:00:00,0,0,0
2021-11-23 13:00:00,0,0,0
2021-11-23 14:00:00,0,0,0
2021-11-23 15:00:00,0,0,0
2021-11-23 16:00:00,0,0,0
2021-11-23 17:00:00,0,0,0
2021-11-23 18:00:00,0,0,0
2021-11-23 19:00:00,0,0,0
2021-11-23 20:00:00,0,0,0
2021-11-23 21:00:00,0,0,0
2021-11-23 22:00:00,0,0,0
2021-11-23 23:00:00,0,0,0
2021-11-24 00:00:00,0,0,0
2021-11-24 01:00:00,0,0,0
2021-11-24 02:00:00,0,0,0
2021-11-24 03:00:00,0,0,0
2021-11-24 04:00:00,0,0,0
2021-11-24 05:00:00,0,0,0
2021-11-24 06:00:00,0,0,0
2021-11-24 07:00:00,0,0,0
2021-11-24 08:00:00,0,0,0
2021-11-24 09:00:00,0,0,0
2021-11-24 10:00:00,0,0,0
2021-11-24 11:00:00,0,0,0
2021-11-24 12:00:00,0,0,0
2021-11-24 13:00:00,0,0,0
2021-11-24 14:00:00,0,0,0
2021-11-24 15:00:00,0,0,0
2021-11-24 16:00:00,0,0,0
2021-11-24 17:00:00,0,0,0
2021-11-24 18:00:00,0,0,0
2021-11-24 19:00:00,0,0,0
2021-11-24 20:00:00,0,0,0
2021-11-24 21:00:00,0,0,0
2021-11-24 22:00:00,0,0,0
2021-11-24 23:00:00,0,0,0
2021-11-25 00:00:00,0,0,0
2021-11-25 01:00:00,0,0,0
2021-11-25 02:00:00,0,0,0
2021-11-25 03:00:00,0,0,0
2021-11-25 04:00:00,0,0,0
2021-11-25 05:00:00,0,0,0
2021-11-25 06:00:00,0,0,0
2021-11-25 07:00:00,0,0,0
2021-11-25 08:00:00,0,0,0
2021-11-25 09:00:00,0,0,0
2021-11-25 10:00:00,0,0,0
2021-11-25 11:00:00,0,0,0
2021-11-25 12:00:00,0,0,0
2021-11-25 13:00:00,0,0,0
2021-11-25 14:00:00,0,0,0
2021-11-25 15:00:00,0,0,0
2021-11-25 16:00:00,0,0,0
2021-11-25 17:00:00,0,0,0
2021-11-25 18:00:00,0,0,0
2021-11-25 19:00:00,0,0,0
2021-11-25 20:00:00,0,0,0
2021-11-25 21:00:00,0,0,0
2021-11-25 22:00:00,0,0,0
2021-11-25 23:00:00,0,0,0
2021-11-26 00:00:00,0,0,0
2021-11-26 01:00:00,0,0,0
2021-11-26 02:00:00,0,0,0
2021-11-26 03:00:00,0,0,0
2021-11-26 04:00:00,0,0,0
2021-11-26 05:00:00,0,0,0
2021-11-26 06:00:00,0,0,0
2021-11-26 07:00:00,0,0,0
2021-11-26 08:00:00,0,0,0
2021-11-26 09:00:00,0,0,0
2021-11-26 10:00:00,0,0,0
2021-11-26 11:00:00,0,0,0
2021-11-26 12:00:00,0,0,0
2021-11-26 13:00:00,0,0,0
2021-11-26 14:00:00,0,0,0
2021-11-26 15:00:00,0,0,0
2021-11-26 16:00:00,0,0,0
2021-11-26 17:00:00,0,0,0
2021-11-26 18:00:00,0,0,0
2021-11-26 19:00:00,0,0,0
2021-11-26 20:00:00,0,0,0
2021-11-26 21:00:00,0,0,0
2021-11-26 22:00:00,0,0,0
2021-11-26 23:00:00,0,0,0
2021-11-27 00:00:00,0,0,0
2021-11-27 01:00:00,0,0,0
2021-11-27 02:00:00,0,0,0
2021-11-27 03:00:00,0,0,0
2021-11-27 04:00:00,0,0,0
2021-11-27 05:00:00,0,0,0
2021-11-27 06:00:00,0,0,0
2021-11-27 07:00:00,0,0,0
2021-11-27 08:00:00,0,0,0
2021-11-27 09:00:00,0,0,0
2021-11-27 10:00:00,0,0,0
2021-11-27 11:00:00,0,0,0
2021-11-27 12:00:00,0,0,0
2021-11-27 13:00:00,0,0,0
2021-11-27 14:00:00,0,0,0
2021-11-27 15:00:00,0,0,0
2021-11-27 16:00:00,0,0,0
2021-11-27 17:00:00,0,0,0
2021-11-27 18:00:00,0,0,0
2021-11-27 19:00:00,0,0,0
2021-11-27 20:00:00,0,0,0
2021-11-27 21:00:00,0,0,0
2021-11-27 22:00:00,0,0,0
2021-11-27 23:00:00,0,0,0
2021-11-28 00:00:00,0,0,0
2021-11-28 01:00:00,0,0,0
2021-11-28 02:00:00,0,0,0
2021-11-28 03:00:00,0,0,0
2021-11-28 04:00:00,0,0,0
2021-11-28 05:00:00,0,0,0
2021-11-28 06:00:00,0,0,0
2021-11-28 07:00:00,0,0,0
2021-11-28 08:00:00,0,0,0
2021-11-28 09:00:00,0,0,0
2021-11-28 10:00:00,0,0,0
2021-11-28 11:00:00,0,0,0
2021-11-28 12:00:00,0,0,0
2021-11-28 13:00:00,0,0,0
2021-11-28 14:00:00,0,0,0
2021-11-28 15:00:00,0,0,0
2021-11-28 16:00:00,0,0,0
2021-11-28 17:00:00,0,0,0
2021-11-28 18:00:00,0,0,0
2021-11-28 19:00:00,0,0,0
2021-11-28 20:00:00,0,0,0
2021-11-28 21:00:00,0,0,0
2021-11-28 22:00:00,0,0,0
2021-11-28 23:00:00,0,0,0
2021-11-29 00:00:00,0,0,0
2021-11-29 01:00:00,0,0,0
2021-11-29 02:00:00,0,0,0
2021-11-29 03:00:00,0,0,0
2021-11-29 04:00:00,0,0,0
2021-11-29 05:00:00,0,0,0
2021-11-29 06:00:00,0,0,0
2021-11-29 07:00:00,0,0,0
2021-11-29 08:00:00,0,0,0
2021-11-29 09:00:00,0,0,0
2021-11-29 10:00:00,0,0,0
2021-11-29 11:00:00,0,0,0
2021-11-29 12:00:00,0,0,0
2021-11-29 13:00:00,0,0,0
2021-11-29 14:00:00,0,0,0
2021-11-29 15:00:00,0,0,0
2021-11-29 16:00:00,0,0,0
2021-11-29 17:00:00,0,0,0
2021-11-29 18:00:00,0,0,0
2021-11-29 19:00:00,0,0,0
2021-11-29 20:00:00,0,0,0
2021-11-29 21:00:00,0,0,0
2021-11-29 22:00:00,0,0,0
2021-11-29 23:00:00,0,0,0
2021-11-30 00:00:00,0,0,0
2021-11-30 01:00:00,0,0,0
2021-11-30 02:00:00,0,0,0
2021-11-30 03:00:00,0,0,0
2021-11-30 04:00:00,0,0,0
2021-11-30 05:00:00,0,0,0
2021-11-30 06:00:00,0,0,0
2021-11-30 07:00:00,0,0,0
2021-11-30 08:00:00,0,0,0
2021-11-30 09:00:00,0,0,0
2021-11-30 10:00:00,0,0,0
2021-11-30 11:00:00,0,0,0
2021-11-30 12:00:00,0,0,0
2021-11-30 13:00:00,0,0,0
2021-11-30 14:00:00,0,0,0
2021-11-30 15:00:00,0,0,0
2021-11-30 16:00:00,0,0,0
2021-11-30 17:00:00,0,0,0
2021-11-30 18:00:00,0,0,0
2021-11-30 19:00:00,0,0,0
2021-11-30 20:00:00,0,0,0
2021-11-30 21:00:00,0,0,0
2021-11-30 22:00:00,0,0,0
2021-11-30 23:00:00,0,0,0
2021-12-01 00:00:00,0,0,0
2021-12-01 01:00:00,0,0,0
2021-12-01 02:00:00,0,0,0
2021-12-01 03:00:00,0,0,0
2021-12-01 04:00:00,0,0,0
2021-12-01 05:00:00,0,0,0
2021-12-01 06:00:00,0,0,0
2021-12-01 07:00:00,0,0,0
2021-12-01 08:00:00,0,0,0
2021-12-01 09:00:00,0,0,0
2021-12-01 10:00:00,0,0,0
2021-12-01 11:00:00,0,0,0
2021-12-01 12:00:00,0,0,0
2021-12-01 13:00:00,0,0,0
2021-12-01 14:00:00,0,0,0
2021-12-01 15:00:00,0,0,0
2021-12-01 16:00:00,0,0,0
2021-12-01 17:00:00,0,0,0
2021-12-01 18:00:00,0,0,0
2021-12-01 19:00:00,0,0,0
2021-12-01 20:00:00,0,0,0
2021-12-01 21:00:00,0,0,0
2021-12-01 22:00:00,0,0,0
2021-12-01 23:00:00,0,0,0
2021-12-02 00:00:00,0,0,0
2021-12-02 01:00:00,0,0,0
2021-12-02 02:00:00,0,0,0
2021-12-02 03:00:00,0,0,0
2021-12-02 04:00:00,0,0,0
2021-12-02 05:00:00,0,0,0
2021-12-02 06:00:00,0,0,0
2021-12-02 07:00:00,0,0,0
2021-12-02 08:00:00,0,0,0
2021-12-02 09:00:00,0,0,0
2021-12-02 10:00:00,0,0,0
2021-12-02 11:00:00,0,0,0
2021-12-02 12:00:00,0,0,0
2021-12-02 13:00:00,0,0,0
2021-12-02 14:00:00,0,0,0
2021-12-02 15:00:00,0,0,0
2021-12-02 16:00:00,0,0,0
2021-12-02 17:00:00,0,0,0
2021-12-02 18:00:00,0,0,0
2021-12-02 19:00:00,0,0,0
2021-12-02 20:00:00,0,0,0
2021-12-02 21:00:00,0,0,0
2021-12-02 22:00:00,0,0,0
2021-12-02 23:00:00,0,0,0
2021-12-03 00:00:00,0,0,0
2021-12-03 01:00:00,0,0,0
2021-12-03 02:00:00,0,0,0
2021-12-03 03:00:00,0,0,0
2021-12-03 04:00:00,0,0,0
2021-12-03 05:00:00,0,0,0
2021-12-03 06:00:00,0,0,0
2021-12-03 07:00:00,0,0,0
2021-12-03 08:00:00,0,0,0
2021-12-03 09:00:00,0,0,0
2021-12-03 10:00:00,0,0,0
2021-12-03 11:00:00,0,0,0
2021-12-03 12:00:00,0,0,0
2021-12-03 13:00:00,0,0,0
2021-12-03 14:00:00,0,0,0
2021-12-03 15:00:00,0,0,0
2021-12-03 16:00:00,0,0,0
2021-12-03 17:00:00,0,0,0
2021-12-03 18:00:00,0,0,0
2021-12-03 19:00:00,0,0,0
2021-12-03 20:00:00,0,0,0
2021-12-03 21:00:00,0,0,0
2021-12-03 22:00:00,0,0,0
2021-12-03 23:00:00,0,0,0
2021-12-04 00:00:00,0,0,0
2021-12-04 01:00:00,0,0,0
2021-12-04 02:00:00,0,0,0
2021-12-04 03:00:00,0,0,0
2021-12-04 04:00:00,0,0,0
2021-12-04 05:00:00,0,0,0
2021-12-04 06:00:00,0,0,0
2021-12-04 07:00:00,0,0,0
2021-12-04 08:00:00,0,0,0
2021-12-04 09:00:00,0,0,0
2021-12-04 10:00:00,0,0,0
2021-12-04 11:00:00,0,0,0
2021-12-04 12:00:00,0,0,0
2021-12-04 13:00:00,0,0,0
2021-12-04 14:00:00,0,0,0
2021-12-04 15:00:00,0,0,0
2021-12-04 16:00:00,0,0,0
2021-12-04 17:00:00,0,0,0
2021-12-04 18:00:00,0,0,0
2021-12-04 19:00:00,0,0,0
2021-12-04 20:00:00,0,0,0
2021-12-04 21:00:00,0,0,0
2021-12-04 22:00:00,0,0,0
2021-12-04 23:00:00,0,0,0
2021-12-05 00:00:00,0,0,0
2021-12-05 01:00:00,0,0,0
2021-12-05 02:00:00,0,0,0
2021-12-05 03:00:00,0,0,0
2021-12-05 04:00:00,0,0,0
2021-12-05 05:00:00,0,0,0
2021-12-05 06:00:00,0,0,0
2021-12-05 07:00:00,0,0,0
2021-12-05 08:00:00,0,0,0
2021-12-05 09:00:00,0,0,0
2021-12-05 10:00:00,0,0,0
2021-12-05 11:00:00,0,0,0
2021-12-05 12:00:00,0,0,0
2021-12-05 13:00:00,0,0,0
2021-12-05 14:00:00,0,0,0
2021-12-05 15:00:00,0,0,0
2021-12-05 16:00:00,0,0,0
2021-12-05 17:00:00,0,0,0
2021-12-05 18:00:00,0,0,0
2021-12-05 19:00:00,0,0,0
2021-12-05 20:00:00,0,0,0
2021-12-05 21:00:00,0,0,0
2021-12-05 22:00:00,0,0,0
2021-12-05 23:00:00,0,0,0
2021-12-06 00:00:00,0,0,0
2021-12-06 01:00:00,0,0,0
2021-12-06 02:00:00,0,0,0
2021-12-06 03:00:00,0,0,0
2021-12-06 04:00:00,0,0,0
2021-12-06 05:00:00,0,0,0
2021-12-06 06:00:00,0,0,0
2021-12-06 07:00:00,0,0,0
2021-12-06 08:00:00,0,0,0
2021-12-06 09:00:00,0,0,0
2021-12-06 10:00:00,0,0,0
2021-12-06 11:00:00,0,0,0
2021-12-06 12:00:00,0,0,0
2021-12-06 13:00:00,0,0,0
2021-12-06 14:00:00,0,0,0
2021-12-06 15:00:00,0,0,0
2021-12-06 16:00:00,0,0,0
2021-12-06 17:00:00,0,0,0
2021-12-06 18:00:00,0,0,0
2021-12-06 19:00:00,0,0,0
2021-12-06 20:00:00,0,0,0
2021-12-06 21:00:00,0,0,0
2021-12-06 22:00:00,0,0,0
2021-12-06 23:00:00,0,0,0
2021-12-07 00:00:00,0,0,0
2021-12-07 01:00:00,0,0,0
2021-12-07 02:00:00,0,0,0
2021-12-07 03:00:00,0,0,0
2021-12-07 04:00:00,0,0,0
2021-12-07 05:00:00,0,0,0
2021-12-07 06:00:00,0,0,0
2021-12-07 07:00:00,0,0,0
2021-12-07 08:00:00,0,0,0
2021-12-07 09:00:00,0,0,0
2021-12-07 10:00:00,0,0,0
2021-12-07 11:00:00,0,0,0
2021-12-07 12:00:00,0,0,0
2021-12-07 13:00:00,0,0,0
2021-12-07 14:00:00,0,0,0
2021-12-07 15:00:00,0,0,0
2021-12-07 16:00:00,0,0,0
2021-12-07 17:00:00,0,0,0
2021-12-07 18:00:00,0,0,0
2021-12-07 19:00:00,0,0,0
2021-12-07 20:00:00,0,0,0
2021-12-07 21:00:00,0,0,0
2021-12-07 22:00:00,0,0,0
2021-12-07 23:00:00,0,0,0
2021-12-08 00:00:00,0,0,0
2021-12-08 01:00:00,0,0,0
2021-12-08 02:00:00,0,0,0
2021-12-08 03:00:00,0,0,0
2021-12-08 04:00:00,0,0,0
2021-12-08 05:00:00,0,0,0
2021-12-08 06:00:00,0,0,0
2021-12-08 07:00:00,0,0,0
2021-12-08 08:00:00,0,0,0
2021-12-08 09:00:00,0,0,0
2021-12-08 10:00:00,0,0,0
2021-12-08 11:00:00,0,0,0
2021-12-08 12:00:00,0,0,0
2021-12-08 13:00:00,0,0,0
2021-12-08 14:00:00,0,0,0
2021-12-08 15:00:00,0,0,0
2021-12-08 16:00:00,0,0,0
2021-12-08 17:00:00,0,0,0
2021-12-08 18:00:00,0,0,0
2021-12-08 19:00:00,0,0,0
2021-12-08 20:00:00,0,0,0
2021-12-08 21:00:00,0,0,0
2021-12-08 22:00:00,0,0,0
2021-12-08 23:00:00,0,0,0
2021-12-09 00:00:00,0,0,0
2021-12-09 01:00:00,0,0,0
2021-12-09 02:00:00,0,0,0
2021-12-09 03:00:00,0,0,0
2021-12-09 04:00:00,0,0,0
2021-12-09 05:00:00,0,0,0
2021-12-09 06:00:00,0,0,0
2021-12-09 07:00:00,0,0,0
2021-12-09 08:00:00,0,0,0
2021-12-09 09:00:00,0,0,0
2021-12-09 10:00:00,0,0,0
2021-12-09 11:00:00,0,0,0
2021-12-09 12:00:00,0,0,0
2021-12-09 13:00:00,0,0,0
2021-12-09 14:00:00,0,0,0
2021-12-09 15:00:00,0,0,0
2021-12-09 16:00:00,0,0,0
2021-12-09 17:00:00,0,0,0
2021-12-09 18:00:00,0,0,0
2021-12-09 19:00:00,0,0,0
2021-12-09 20:00:00,0,0,0
2021-12-09 21:00:00,0,0,0
2021-12-09 22:00:00,0,0,0
2021-12-09 23:00:00,0,0,0
2021-12-10 00:00:00,0,0,0
2021-12-10 01:00:00,0,0,0
2021-12-10 02:00:00,0,0,0
2021-12-10 03:00:00,0,0,0
2021-12-10 04:00:00,0,0,0
2021-12-10 05:00:00,0,0,0
2021-12-10 06:00:00,0,0,0
2021-12-10 07:00:00,0,0,0
2021-12-10 08:00:00,0,0,0
2021-12-10 09:00:00,0,0,0
2021-12-10 10:00:00,0,0,0
2021-12-10 11:00:00,0,0,0
2021-12-10 12:00:00,0,0,0
2021-12-10 13:00:00,0,0,0
2021-12-10 14:00:00,0,0,0
2021-12-10 15:00:00,0,0,0
2021-12-10 16:00:00,0,0,0
2021-12-10 17:00:00,0,0,0
2021-12-10 18:00:00,0,0,0
2021-12-10 19:00:00,0,0,0
2021-12-10 20:00:00,0,0,0
2021-12-10 21:00:00,0,0,0
2021-12-10 22:00:00,0,0,0
2021-12-10 23:00:00,0,0,0
2021-12-11 00:00:00,0,0,0
2021-12-11 01:00:00,0,0,0
2021-12-11 02:00:00,0,0,0
2021-12-11 03:00:00,0,0,0
2021-12-11 04:00:00,0,0,0
2021-12-11 05:00:00,0,0,0
2021-12-11 06:00:00,0,0,0
2021-12-11 07:00:00,0,0,0
2021-12-11 08:00:00,0,0,0
2021-12-11 09:00:00,0,0,0
2021-12-11 10:00:00,0,0,0
2021-12-11 11:00:00,0,0,0
2021-12-11 12:00:00,0,0,0
2021-12-11 13:00:00,0,0,0
2021-12-11 14:00:00,0,0,0
2021-12-11 15:00:00,0,0,0
2021-12-11 16:00:00,0,0,0
2021-12-11 17:00:00,0,0,0
2021-12-11 18:00:00,0,0,0
2021-12-11 19:00:00,0,0,0
2021-12-11 20:00:00,0,0,0
2021-12-11 21:00:00,0,0,0
2021-12-11 22:00:00,0,0,0
2021-12-11 23:00:00,0,0,0
2021-12-12 00:00:00,0,0,0
2021-12-12 01:00:00,0,0,0
2021-12-12 02:00:00,0,0,0
2021-12-12 03:00:00,0,0,0
2021-12-12 04:00:00,0,0,0
2021-12-12 05:00:00,0,0,0
2021-12-12 06:00:00,0,0,0
2021-12-12 07:00:00,0,0,0
2021-12-12 08:00:00,0,0,0
2021-12-12 09:00:00,0,0,0
2021-12-12 10:00:00,0,0,0
2021-12-12 11:00:00,0,0,0
2021-12-12 12:00:00,0,0,0
2021-12-12 13:00:00,0,0,0
2021-12-12 14:00:00,0,0,0
2021-12-12 15:00:00,0,0,0
2021-12-12 16:00:00,0,0,0
2021-12-12 17:00:00,0,0,0
2021-12-12 18:00:00,0,0,0
2021-12-12 19:00:00,0,0,0
2021-12-12 20:00:00,0,0,0
2021-12-12 21:00:00,0,0,0
2021-12-12 22:00:00,0,0,0
2021-12-12 23:00:00,0,0,0
2021-12-13 00:00:00,0,0,0
2021-12-13 01:00:00,0,0,0
2021-12-13 02:00:00,0,0,0
2021-12-13 03:00:00,0,0,0
2021-12-13 04:00:00,0,0,0
2021-12-13 05:00:00,0,0,0
2021-12-13 06:00:00,0,0,0
2021-12-13 07:00:00,0,0,0
2021-12-13 08:00:00,0,0,0
2021-12-13 09:00:00,0,0,0
2021-12-13 10:00:00,0,0,0
2021-12-13 11:00:00,0,0,0
2021-12-13 12:00:00,0,0,0
2021-12-13 13:00:00,0,0,0
2021-12-13 14:00:00,0,0,0
2021-12-13 15:00:00,0,0,0
2021-12-13 16:00:00,0,0,0
2021-12-13 17:00:00,0,0,0
2021-12-13 18:00:00,0,0,0
2021-12-13 19:00:00,0,0,0
2021-12-13 20:00:00,0,0,0
2021-12-13 21:00:00,0,0,0
2021-12-13 22:00:00,0,0,0
2021-12-13 23:00:00,0,0,0
2021-12-14 00:00:00,0,0,0
2021-12-14 01:00:00,0,0,0
2021-12-14 02:00:00,0,0,0
2021-12-14 03:00:00,0,0,0
2021-12-14 04:00:00,0,0,0
2021-12-14 05:00:00,0,0,0
2021-12-14 06:00:00,0,0,0
2021-12-14 07:00:00,0,0,0
2021-12-14 08:00:00,0,0,0
2021-12-14 09:00:00,0,0,0
2021-12-14 10:00:00,0,0,0
2021-12-14 11:00:00,0,0,0
2021-12-14 12:00:00,0,0,0
2021-12-14 13:00:00,0,0,0
2021-12-14 14:00:00,0,0,0
2021-12-14 15:00:00,0,0,0
2021-12-14 16:00:00,0,0,0
2021-12-14 17:00:00,0,0,0
2021-12-14 18:00:00,0,0,0
2021-12-14 19:00:00,0,0,0
2021-12-14 20:00:00,0,0,0
2021-12-14 21:00:00,0,0,0
2021-12-14 22:00:00,0,0,0
2021-12-14 23:00:00,0,0,0
2021-12-15 00:00:00,0,0,0
2021-12-15 01:00:00,0,0,0
2021-12-15 02:00:00,0,0,0
2021-12-15 03:00:00,0,0,0
2021-12-15 04:00:00,0,0,0
2021-12-15 05:00:00,0,0,0
2021-12-15 06:00:00,0,0,0
2021-12-15 07:00:00,0,0,0
2021-12-15 08:00:00,0,0,0
2021-12-15 09:00:00,0,0,0
2021-12-15 10:00:00,0,0,0
2021-12-15 11:00:00,0,0,0
2021-12-15 12:00:00,0,0,0
2021-12-15 13:00:00,0,0,0
2021-12-15 14:00:00,0,0,0
2021-12-15 15:00:00,0,0,0
2021-12-15 16:00:00,0,0,0
2021-12-15 17:00:00,0,0,0
2021-12-15 18:00:00,0,0,0
2021-12-15 19:00:00,0,0,0
2021-12-15 20:00:00,0,0,0
2021-12-15 21:00:00,0,0,0
2021-12-15 22:00:00,0,0,0
2021-12-15 23:00:00,0,0,0
2021-12-16 00:00:00,0,0,0
2021-12-16 01:00:00,0,0,0
2021-12-16 02:00:00,0,0,0
2021-12-16 03:00:00,0,0,0
2021-12-16 04:00:00,0,0,0
2021-12-16 05:00:00,0,0,0
2021-12-16 06:00:00,0,0,0
2021-12-16 07:00:00,0,0,0
2021-12-16 08:00:00,0,0,0
2021-12-16 09:00:00,0,0,0
2021-12-16 10:00:00,0,0,0
2021-12-16 11:00:00,0,0,0
2021-12-16 12:00:00,0,0,0
2021-12-16 13:00:00,0,0,0
2021-12-16 14:00:00,0,0,0
2021-12-16 15:00:00,0,0,0
2021-12-16 16:00:00,0,0,0
2021-12-16 17:00:00,0,0,0
2021-12-16 18:00:00,0,0,0
2021-12-16 19:00:00,0,0,0
2021-12-16 20:00:00,0,0,0
2021-12-16 21:00:00,0,0,0
2021-12-16 22:00:00,0,0,0
2021-12-16 23:00:00,0,0,0
2021-12-17 00:00:00,0,0,0
2021-12-17 01:00:00,0,0,0
2021-12-17 02:00:00,0,0,0
2021-12-17 03:00:00,0,0,0
2021-12-17 04:00:00,0,0,0
2021-12-17 05:00:00,0,0,0
2021-12-17 06:00:00,0,0,0
2021-12-17 07:00:00,0,0,0
2021-12-17 08:00:00,0,0,0
2021-12-17 09:00:00,0,0,0
2021-12-17 10:00:00,0,0,0
2021-12-17 11:00:00,0,0,0
2021-12-17 12:00:00,0,0,0
2021-12-17 13:00:00,0,0,0
2021-12-17 14:00:00,0,0,0
2021-12-17 15:00:00,0,0,0
2021-12-17 16:00:00,0,0,0
2021-12-17 17:00:00,0,0,0
2021-12-17 18:00:00,0,0,0
2021-12-17 19:00:00,0,0,0
2021-12-17 20:00:00,0,0,0
2021-12-17 21:00:00,0,0,0
2021-12-17 22:00:00,0,0,0
2021-12-17 23:00:00,0,0,0
2021-12-18 00:00:00,0,0,0
2021-12-18 01:00:00,0,0,0
2021-12-18 02:00:00,0,0,0
2021-12-18 03:00:00,0,0,0
2021-12-18 04:00:00,0,0,0
2021-12-18 05:00:00,0,0,0
2021-12-18 06:00:00,0,0,0
2021-12-18 07:00:00,0,0,0
2021-12-18 08:00:00,0,0,0
2021-12-18 09:00:00,0,0,0
2021-12-18 10:00:00,0,0,0
2021-12-18 11:00:00,0,0,0
2021-12-18 12:00:00,0,0,0
2021-12-18 13:00:00,0,0,0
2021-12-18 14:00:00,0,0,0
2021-12-18 15:00:00,0,0,0
2021-12-18 16:00:00,0,0,0
2021-12-18 17:00:00,0,0,0
2021-12-18 18:00:00,0,0,0
2021-12-18 19:00:00,0,0,0
2021-12-18 20:00:00,0,0,0
2021-12-18 21:00:00,0,0,0
2021-12-18 22:00:00,0,0,0
2021-12-18 23:00:00,0,0,0
2021-12-19 00:00:00,0,0,0
2021-12-19 01:00:00,0,0,0
2021-12-19 02:00:00,0,0,0
2021-12-19 03:00:00,0,0,0
2021-12-19 04:00:00,0,0,0
2021-12-19 05:00:00,0,0,0
2021-12-19 06:00:00,0,0,0
2021-12-19 07:00:00,0,0,0
2021-12-19 08:00:00,0,0,0
2021-12-19 09:00:00,0,0,0
2021-12-19 10:00:00,0,0,0
2021-12-19 11:00:00,0,0,0
2021-12-19 12:00:00,0,0,0
2021-12-19 13:00:00,0,0,0
2021-12-19 14:00:00,0,0,0
2021-12-19 15:00:00,0,0,0
2021-12-19 16:00:00,0,0,0
2021-12-19 17:00:00,0,0,0
2021-12-19 18:00:00,0,0,0
2021-12-19 19:00:00,0,0,0
2021-12-19 20:00:00,0,0,0
2021-12-19 21:00:00,0,0,0
2021-12-19 22:00:00,0,0,0
2021-12-19 23:00:00,0,0,0
2021-12-20 00:00:00,0,0,0
2021-12-20 01:00:00,0,0,0
2021-12-20 02:00:00,0,0,0
2021-12-20 03:00:00,0,0,0
2021-12-20 04:00:00,0,0,0
2021-12-20 05:00:00,0,0,0
2021-12-20 06:00:00,0,0,0
2021-12-20 07:00:00,0,0,0
2021-12-20 08:00:00,0,0,0
2021-12-20 09:00:00,0,0,0
2021-12-20 10:00:00,0,0,0
2021-12-20 11:00:00,0,0,0
2021-12-20 12:00:00,0,0,0
2021-12-20 13:00:00,0,0,0
2021-12-20 14:00:00,0,0,0
2021-12-20 15:00:00,0,0,0
2021-12-20 16:00:00,0,0,0
2021-12-20 17:00:00,0,0,0
2021-12-20 18:00:00,0,0,0
2021-12-20 19:00:00,0,0,0
2021-12-20 20:00:00,0,0,0
2021-12-20 21:00:00,0,0,0
2021-12-20 22:00:00,0,0,0
2021-12-20 23:00:00,0,0,0
2021-12-21 00:00:00,0,0,0
2021-12-21 01:00:00,0,0,0
2021-12-21 02:00:00,0,0,0
2021-12-21 03:00:00,0,0,0
2021-12-21 04:00:00,0,0,0
2021-12-21 05:00:00,0,0,0
2021-12-21 06:00:00,0,0,0
2021-12-21 07:00:00,0,0,0
2021-12-21 08:00:00,0,0,0
2021-12-21 09:00:00,0,0,0
2021-12-21 10:00:00,0,0,0
2021-12-21 11:00:00,0,0,0
2021-12-21 12:00:00,0,0,0
2021-12-21 13:00:00,0,0,0
2021-12-21 14:00:00,0,0,0
2021-12-21 15:00:00,0,0,0
2021-12-21 16:00:00,0,0,0
2021-12-21 17:00:00,0,0,0
2021-12-21 18:00:00,0,0,0
2021-12-21 19:00:00,0,0,0
2021-12-21 20:00:00,0,0,0
2021-12-21 21:00:00,0,0,0
2021-12-21 22:00:00,0,0,0
2021-12-21 23:00:00,0,0,0
2021-12-22 00:00:00,0,0,0
2021-12-22 01:00:00,0,0,0
2021-12-22 02:00:00,0,0,0
2021-12-22 03:00:00,0,0,0
2021-12-22 04:00:00,0,0,0
2021-12-22 05:00:00,0,0,0
2021-12-22 06:00:00,0,0,0
2021-12-22 07:00:00,0,0,0
2021-12-22 08:00:00,0,0,0
2021-12-22 09:00:00,0,0,0
2021-12-22 10:00:00,0,0,0
2021-12-22 11:00:00,0,0,0
2021-12-22 12:00:00,0,0,0
2021-12-22 13:00:00,0,0,0
2021-12-22 14:00:00,0,0,0
2021-12-22 15:00:00,0,0,0
2021-12-22 16:00:00,0,0,0
2021-12-22 17:00:00,0,0,0
2021-12-22 18:00:00,0,0,0
2021-12-22 19:00:00,0,0,0
2021-12-22 20:00:00,0,0,0
2021-12-22 21:00:00,0,0,0
2021-12-22 22:00:00,0,0,0
2021-12-22 23:00:00,0,0,0
2021-12-23 00:00:00,0,0,0
2021-12-23 01:00:00,0,0,0
2021-12-23 02:00:00,0,0,0
2021-12-23 03:00:00,0,0,0
2021-12-23 04:00:00,0,0,0
2021-12-23 05:00:00,0,0,0
2021-12-23 06:00:00,0,0,0
2021-12-23 07:00:00,0,0,0
2021-12-23 08:00:00,0,0,0
2021-12-23 09:00:00,0,0,0
2021-12-23 10:00:00,0,0,0
2021-12-23 11:00:00,0,0,0
2021-12-23 12:00:00,0,0,0
2021-12-23 13:00:00,0,0,0
2021-12-23 14:00:00,0,0,0
2021-12-23 15:00:00,0,0,0
2021-12-23 16:00:00,0,0,0
2021-12-23 17:00:00,0,0,0
2021-12-23 18:00:00,0,0,0
2021-12-23 19:00:00,0,0,0
2021-12-23 20:00:00,0,0,0
2021-12-23 21:00:00,0,0,0
2021-12-23 22:00:00,0,0,0
2021-12-23 23:00:00,0,0,0
2021-12-24 00:00:00,0,0,0
2021-12-24 01:00:00,0,0,0
2021-12-24 02:00:00,0,0,0
2021-12-24 03:00:00,0,0,0
2021-12-24 04:00:00,0,0,0
2021-12-24 05:00:00,0,0,0
2021-12-24 06:00:00,0,0,0
2021-12-24 07:00:00,0,0,0
2021-12-24 08:00:00,0,0,0
2021-12-24 09:00:00,0,0,0
2021-12-24 10:00:00,0,0,0
2021-12-24 11:00:00,0,0,0
2021-12-24 12:00:00,0,0,0
2021-12-24 13:00:00,0,0,0
2021-12-24 14:00:00,0,0,0
2021-12-24 15:00:00,0,0,0
2021-12-24 16:00:00,0,0,0
2021-12-24 17:00:00,0,0,0
2021-12-24 18:00:00,0,0,0
2021-12-24 19:00:00,0,0,0
2021-12-24 20:00:00,0,0,0
2021-12-24 21:00:00,0,0,0
2021-12-24 22:00:00,0,0,0
2021-12-24 23:00:00,0,0,0
2021-12-25 00:00:00,0,0,0
2021-12-25 01:00:00,0,0,0
2021-12-25 02:00:00,0,0,0
2021-12-25 03:00:00,0,0,0
2021-12-25 04:00:00,0,0,0
2021-12-25 05:00:00,0,0,0
2021-12-25 06:00:00,0,0,0
2021-12-25 07:00:00,0,0,0
2021-12-25 08:00:00,0,0,0
2021-12-25 09:00:00,0,0,0
2021-12-25 10:00:00,0,0,0
2021-12-25 11:00:00,0,0,0
2021-12-25 12:00:00,0,0,0
2021-12-25 13:00:00,0,0,0
2021-12-25 14:00:00,0,0,0
2021-12-25 15:00:00,0,0,0
2021-12-25 16:00:00,0,0,0
2021-12-25 17:00:00,0,0,0
2021-12-25 18:00:00,0,0,0
2021-12-25 19:00:00,0,0,0
2021-12-25 20:00:00,0,0,0
2021-12-25 21:00:00,0,0,0
2021-12-25 22:00:00,0,0,0
2021-12-25 23:00:00,0,0,0
2021-12-26 00:00:00,0,0,0
2021-12-26 01:00:00,0,0,0
2021-12-26 02:00:00,0,0,0
2021-12-26 03:00:00,0,0,0
2021-12-26 04:00:00,0,0,0
2021-12-26 05:00:00,0,0,0
2021-12-26 06:00:00,0,0,0
2021-12-26 07:00:00,0,0,0
2021-12-26 08:00:00,0,0,0
2021-12-26 09:00:00,0,0,0
2021-12-26 10:00:00,0,0,0
2021-12-26 11:00:00,0,0,0
2021-12-26 12:00:00,0,0,0
2021-12-26 13:00:00,0,0,0
2021-12-26 14:00:00,0,0,0
2021-12-26 15:00:00,0,0,0
2021-12-26 16:00:00,0,0,0
2021-12-26 17:00:00,0,0,0
2021-12-26 18:00:00,0,0,0
2021-12-26 19:00:00,0,0,0
2021-12-26 20:00:00,0,0,0
2021-12-26 21:00:00,0,0,0
2021-12-26 22:00:00,0,0,0
2021-12-26 23:00:00,0,0,0
2021-12-27 00:00:00,0,0,0
2021-12-27 01:00:00,0,0,0
2021-12-27 02:00:00,0,0,0
2021-12-27 03:00:00,0,0,0
2021-12-27 04:00:00,0,0,0
2021-12-27 05:00:00,0,0,0
2021-12-27 06:00:00,0,0,0
2021-12-27 07:00:00,0,0,0
2021-12-27 08:00:00,0,0,0
2021-12-27 09:00:00,0,0,0
2021-12-27 10:00:00,0,0,0
2021-12-27 11:00:00,0,0,0
2021-12-27 12:00:00,0,0,0
2021-12-27 13:00:00,0,0,0
2021-12-27 14:00:00,0,0,0
2021-12-27 15:00:00,0,0,0
2021-12-27 16:00:00,0,0,0
2021-12-27 17:00:00,0,0,0
2021-12-27 18:00:00,0,0,0
2021-12-27 19:00:00,0,0,0
2021-12-27 20:00:00,0,0,0
2021-12-27 21:00:00,0,0,0
2021-12-27 22:00:00,0,0,0
2021-12-27 23:00:00,0,0,0
2021-12-28 00:00:00,0,0,0
2021-12-28 01:00:00,0,0,0
2021-12-28 02:00:00,0,0,0
2021-12-28 03:00:00,0,0,0
2021-12-28 04:00:00,0,0,0
2021-12-28 05:00:00,0,0,0
2021-12-28 06:00:00,0,0,0
2021-12-28 07:00:00,0,0,0
2021-12-28 08:00:00,0,0,0
2021-12-28 09:00:00,0,0,0
2021-12-28 10:00:00,0,0,0
2021-12-28 11:00:00,0,0,0
2021-12-28 12:00:00,0,0,0
2021-12-28 13:00:00,0,0,0
2021-12-28 14:00:00,0,0,0
2021-12-28 15:00:00,0,0,0
2021-12-28 16:00:00,0,0,0
2021-12-28 17:00:00,0,0,0
2021-12-28 18:00:00,0,0,0
2021-12-28 19:00:00,0,0,0
2021-12-28 20:00:00,0,0,0
2021-12-28 21:00:00,0,0,0
2021-12-28 22:00:00,0,0,0
2021-12-28 23:00:00,0,0,0
2021-12-29 00:00:00,0,0,0
2021-12-29 01:00:00,0,0,0
2021-12-29 02:00:00,0,0,0
2021-12-29 03:00:00,0,0,0
2021-12-29 04:00:00,0,0,0
2021-12-29 05:00:00,0,0,0
2021-12-29 06:00:00,0,0,0
2021-12-29 07:00:00,0,0,0
2021-12-29 08:00:00,0,0,0
2021-12-29 09:00:00,0,0,0
2021-12-29 10:00:00,0,0,0
2021-12-29 11:00:00,0,0,0
2021-12-29 12:00:00,0,0,0
2021-12-29 13:00:00,0,0,0
2021-12-29 14:00:00,0,0,0
2021-12-29 15:00:00,0,0,0
2021-12-29 16:00:00,0,0,0
2021-12-29 17:00:00,0,0,0
2021-12-29 18:00:00,0,0,0
2021-12-29 19:00:00,0,0,0
2021-12-29 20:00:00,0,0,0
2021-12-29 21:00:00,0,0,0
2021-12-29 22:00:00,0,0,0
2021-12-29 23:00:00,0,0,0
2021-12-30 00:00:00,0,0,0
2021-12-30 01:00:00,0,0,0
2021-12-30 02:00:00,0,0,0
2021-12-30 03:00:00,0,0,0
2021-12-30 04:00:00,0,0,0
2021-12-30 05:00:00,0,0,0
2021-12-30 06:00:00,0,0,0
2021-12-30 07:00:00,0,0,0
2021-12-30 08:00:00,0,0,0
2021-12-30 09:00:00,0,0,0
2021-12-30 10:00:00,0,0,0
2021-12-30 11:00:00,0,0,0
2021-12-30 12:00:00,0,0,0
2021-12-30 13:00:00,0,0,0
2021-12-30 14:00:00,0,0,0
2021-12-30 15:00:00,0,0,0
2021-12-30 16:00:00,0,0,0
2021-12-30 17:00:00,0,0,0
2021-12-30 18:00:00,0,0,0
2021-12-30 19:00:00,0,0,0
2021-12-30 20:00:00,0,0,0
2021-12-30 21:00:00,0,0,0
2021-12-30 22:00:00,0,0,0
2021-12-30 23:00:00,0,0,0
2021-12-31 00:00:00,0,0,0
2021-12-31 01:00:00,0,0,0
2021-12-31 02:00:00,0,0,0
2021-12-31 03:00:00,0,0,0
2021-12-31 04:00:00,0,0,0
2021-12-31 05:00:00,0,0,0
2021-12-31 06:00:00,0,0,0
2021-12-31 07:00:00,0,0,0
2021-12-31 08:00:00,0,0,0
2021-12-31 09:00:00,0,0,0
2021-12-31 10:00:00,0,0,0
2021-12-31 11:00:00,0,0,0
2021-12-31 12:00:00,0,0,0
2021-12-31 13:00:00,0,0,0
2021-12-31 14:00:00,0,0,0
2021-12-31 15:00:00,0,0,0
2021-12-31 16:00:00,0,0,0
2021-12-31 17:00:00,0,0,0
2021-12-31 18:00:00,0,0,0
2021-12-31 19:00:00,0,0,0
2021-12-31 20:00:00,0,0,0
2021-12-31 21:00:00,0,0,0
2021-12-31 22:00:00,0,0,0
2021-12-31 23:00:00,0,0,0
2022-01-01 00:00:00,0,0,0
2022-01-01 01:00:00,0,0,0
2022-01-01 02:00:00,0,0,0
2022-01-01 03:00:00,0,0,0
2022-01-01 04:00:00,0,0,0
2022-01-01 05:00:00,0,0,0
2022-01-01 06:00:00,0,0,0
2022-01-01 07:00:00,0,0,0
2022-01-01 08:00:00,0,0,0
2022-01-01 09:00:00,0,0,0
2022-01-01 10:00:00,0,0,0
2022-01-01 11:00:00,0,0,0
2022-01-01 12:00:00,0,0,0
2022-01-01 13:00:00,0,0,0
2022-01-01 14:00:00,0,0,0
2022-01-01 15:00:00,0,0,0
2022-01-01 16:00:00,0,0,0
2022-01-01 17:00:00,0,0,0
2022-01-01 18:00:00,0,0,0
2022-01-01 19:00:00,0,0,0
2022-01-01 20:00:00,0,0,0
2022-01-01 21:00:00,0,0,0
2022-01-01 22:00:00,0,0,0
2022-01-01 23:00:00,0,0,0
2022-01-02 00:00:00,0,0,0
2022-01-02 01:00:00,0,0,0
2022-01-02 02:00:00,0,0,0
2022-01-02 03:00:00,0,0,0
2022-01-02 04:00:00,0,0,0
2022-01-02 05:00:00,0,0,0
2022-01-02 06:00:00,0,0,0
2022-01-02 07:00:00,0,0,0
2022-01-02 08:00:00,0,0,0
2022-01-02 09:00:00,0,0,0
2022-01-02 10:00:00,0,0,0
2022-01-02 11:00:00,0,0,0
2022-01-02 12:00:00,0,0,0
2022-01-02 13:00:00,0,0,0
2022-01-02 14:00:00,0,0,0
2022-01-02 15:00:00,0,0,0
2022-01-02 16:00:00,0,0,0
2022-01-02 17:00:00,0,0,0
2022-01-02 18:00:00,0,0,0
2022-01-02 19:00:00,0,0,0
2022-01-02 20:00:00,0,0,0
2022-01-02 21:00:00,0,0,0
2022-01-02 22:00:00,0,0,0
2022-01-02 23:00:00,0,0,0
2022-01-03 00:00:00,0,0,0
2022-01-03 01:00:00,0,0,0
2022-01-03 02:00:00,0,0,0
2022-01-03 03:00:00,0,0,0
2022-01-03 04:00:00,0,0,0
2022-01-03 05:00:00,0,0,0
2022-01-03 06:00:00,0,0,0
2022-01-03 07:00:00,0,0,0
2022-01-03 08:00:00,0,0,0
2022-01-03 09:00:00,0,0,0
2022-01-03 10:00:00,0,0,0
2022-01-03 11:00:00,0,0,0
2022-01-03 12:00:00,0,0,0
2022-01-03 13:00:00,0,0,0
2022-01-03 14:00:00,0,0,0
2022-01-03 15:00:00,0,0,0
2022-01-03 16:00:00,0,0,0
2022-01-03 17:00:00,0,0,0
2022-01-03 18:00:00,0,0,0
2022-01-03 19:00:00,0,0,0
2022-01-03 20:00:00,0,0,0
2022-01-03 21:00:00,0,0,0
2022-01-03 22:00:00,0,0,0
2022-01-03 23:00:00,0,0,0
2022-01-04 00:00:00,0,0,0
2022-01-04 01:00:00,0,0,0
2022-01-04 02:00:00,0,0,0
2022-01-04 03:00:00,0,0,0
2022-01-04 04:00:00,0,0,0
2022-01-04 05:00:00,0,0,0
2022-01-04 06:00:00,0,0,0
2022-01-04 07:00:00,0,0,0
2022-01-04 08:00:00,0,0,0
2022-01-04 09:00:00,0,0,0
2022-01-04 10:00:00,0,0,0
2022-01-04 11:00:00,0,0,0
2022-01-04 12:00:00,0,0,0
2022-01-04 13:00:00,0,0,0
2022-01-04 14:00:00,0,0,0
2022-01-04 15:00:00,0,0,0
2022-01-04 16:00:00,0,0,0
2022-01-04 17:00:00,0,0,0
2022-01-04 18:00:00,0,0,0
2022-01-04 19:00:00,0,0,0
2022-01-04 20:00:00,0,0,0
2022-01-04 21:00:00,0,0,0
2022-01-04 22:00:00,0,0,0
2022-01-04 23:00:00,0,0,0
2022-01-05 00:00:00,0,0,0
2022-01-05 01:00:00,0,0,0
2022-01-05 02:00:00,0,0,0
2022-01-05 03:00:00,0,0,0
2022-01-05 04:00:00,0,0,0
2022-01-05 05:00:00,0,0,0
2022-01-05 06:00:00,0,0,0
2022-01-05 07:00:00,0,0,0
2022-01-05 08:00:00,0,0,0
2022-01-05 09:00:00,0,0,0
2022-01-05 10:00:00,0,0,0
2022-01-05 11:00:00,0,0,0
2022-01-05 12:00:00,0,0,0
2022-01-05 13:00:00,0,0,0
2022-01-05 14:00:00,0,0,0
2022-01-05 15:00:00,0,0,0
2022-01-05 16:00:00,0,0,0
2022-01-05 17:00:00,0,0,0
2022-01-05 18:00:00,0,0,0
2022-01-05 19:00:00,0,0,0
2022-01-05 20:00:00,0,0,0
2022-01-05 21:00:00,0,0,0
2022-01-05 22:00:00,0,0,0
2022-01-05 23:00:00,0,0,0
2022-01-06 00:00:00,0,0,0
2022-01-06 01:00:00,0,0,0
2022-01-06 02:00:00,0,0,0
2022-01-06 03:00:00,0,0,0
2022-01-06 04:00:00,0,0,0
2022-01-06 05:00:00,0,0,0
2022-01-06 06:00:00,0,0,0
2022-01-06 07:00:00,0,0,0
2022-01-06 08:00:00,0,0,0
2022-01-06 09:00:00,0,0,0
2022-01-06 10:00:00,0,0,0
2022-01-06 11:00:00,0,0,0
2022-01-06 12:00:00,0,0,0
2022-01-06 13:00:00,0,0,0
2022-01-06 14:00:00,0,0,0
2022-01-06 15:00:00,0,0,0
2022-01-06 16:00:00,0,0,0
2022-01-06 17:00:00,0,0,0
2022-01-06 18:00:00,0,0,0
2022-01-06 19:00:00,0,0,0
2022-01-06 20:00:00,0,0,0
2022-01-06 21:00:00,0,0,0
2022-01-06 22:00:00,0,0,0
2022-01-06 23:00:00,0,0,0
2022-01-07 00:00:00,0,0,0
2022-01-07 01:00:00,0,0,0
2022-01-07 02:00:00,0,0,0
2022-01-07 03:00:00,0,0,0
2022-01-07 04:00:00,0,0,0
2022-01-07 05:00:00,0,0,0
2022-01-07 06:00:00,0,0,0
2022-01-07 07:00:00,0,0,0
2022-01-07 08:00:00,0,0,0
2022-01-07 09:00:00,0,0,0
2022-01-07 10:00:00,0,0,0
2022-01-07 11:00:00,0,0,0
2022-01-07 12:00:00,0,0,0
2022-01-07 13:00:00,0,0,0
2022-01-07 14:00:00,0,0,0
2022-01-07 15:00:00,0,0,0
2022-01-07 16:00:00,0,0,0
2022-01-07 17:00:00,0,0,0
2022-01-07 18:00:00,0,0,0
2022-01-07 19:00:00,0,0,0
2022-01-07 20:00:00,0,0,0
2022-01-07 21:00:00,0,0,0
2022-01-07 22:00:00,0,0,0
2022-01-07 23:00:00,0,0,0
2022-01-08 00:00:00,0,0,0
2022-01-08 01:00:00,0,0,0
2022-01-08 02:00:00,0,0,0
2022-01-08 03:00:00,0,0,0
2022-01-08 04:00:00,0,0,0
2022-01-08 05:00:00,0,0,0
2022-01-08 06:00:00,0,0,0
2022-01-08 07:00:00,0,0,0
2022-01-08 08:00:00,0,0,0
2022-01-08 09:00:00,0,0,0
2022-01-08 10:00:00,0,0,0
2022-01-08 11:00:00,0,0,0
2022-01-08 12:00:00,0,0,0
2022-01-08 13:00:00,0,0,0
2022-01-08 14:00:00,0,0,0
2022-01-08 15:00:00,0,0,0
2022-01-08 16:00:00,0,0,0
2022-01-08 17:00:00,0,0,0
2022-01-08 18:00:00,0,0,0
2022-01-08 19:00:00,0,0,0
2022-01-08 20:00:00,0,0,0
2022-01-08 21:00:00,0,0,0
2022-01-08 22:00:00,0,0,0
2022-01-08 23:00:00,0,0,0
2022-01-09 00:00:00,0,0,0
2022-01-09 01:00:00,0,0,0
2022-01-09 02:00:00,0,0,0
2022-01-09 03:00:00,0,0,0
2022-01-09 04:00:00,0,0,0
2022-01-09 05:00:00,0,0,0
2022-01-09 06:00:00,0,0,0
2022-01-09 07:00:00,0,0,0
2022-01-09 08:00:00,0,0,0
2022-01-09 09:00:00,0,0,0
2022-01-09 10:00:00,0,0,0
2022-01-09 11:00:00,0,0,0
2022-01-09 12:00:00,0,0,0
2022-01-09 13:00:00,0,0,0
2022-01-09 14:00:00,0,0,0
2022-01-09 15:00:00,0,0,0
2022-01-09 16:00:00,0,0,0
2022-01-09 17:00:00,0,0,0
2022-01-09 18:00:00,0,0,0
2022-01-09 19:00:00,0,0,0
2022-01-09 20:00:00,0,0,0
2022-01-09 21:00:00,0,0,0
2022-01-09 22:00:00,0,0,0
2022-01-09 23:00:00,0,0,0
2022-01-10 00:00:00,0,0,0
2022-01-10 01:00:00,0,0,0
2022-01-10 02:00:00,0,0,0
2022-01-10 03:00:00,0,0,0
2022-01-10 04:00:00,0,0,0
2022-01-10 05:00:00,0,0,0
2022-01-10 06:00:00,0,0,0
2022-01-10 07:00:00,0,0,0
2022-01-10 08:00:00,0,0,0
2022-01-10 09:00:00,0,0,0
2022-01-10 10:00:00,0,0,0
2022-01-10 11:00:00,0,0,0
2022-01-10 12:00:00,0,0,0
2022-01-10 13:00:00,0,0,0
2022-01-10 14:00:00,0,0,0
2022-01-10 15:00:00,0,0,0
2022-01-10 16:00:00,0,0,0
2022-01-10 17:00:00,0,0,0
2022-01-10 18:00:00,0,0,0
2022-01-10 19:00:00,0,0,0
2022-01-10 20:00:00,0,0,0
2022-01-10 21:00:00,0,0,0
2022-01-10 22:00:00,0,0,0
2022-01-10 23:00:00,0,0,0
2022-01-11 00:00:00,0,0,0
2022-01-11 01:00:00,0,0,0
2022-01-11 02:00:00,0,0,0
2022-01-11 03:00:00,0,0,0
2022-01-11 04:00:00,0,0,0
2022-01-11 05:00:00,0,0,0
2022-01-11 06:00:00,0,0,0
2022-01-11 07:00:00,0,0,0
2022-01-11 08:00:00,0,0,0
2022-01-11 09:00:00,0,0,0
2022-01-11 10:00:00,0,0,0
2022-01-11 11:00:00,0,0,0
2022-01-11 12:00:00,0,0,0
2022-01-11 13:00:00,0,0,0
2022-01-11 14:00:00,0,0,0
2022-01-11 15:00:00,0,0,0
2022-01-11 16:00:00,0,0,0
2022-01-11 17:00:00,0,0,0
2022-01-11 18:00:00,0,0,0
2022-01-11 19:00:00,0,0,0
2022-01-11 20:00:00,0,0,0
2022-01-11 21:00:00,0,0,0
2022-01-11 22:00:00,0,0,0
2022-01-11 23:00:00,0,0,0
2022-01-12 00:00:00,0,0,0
2022-01-12 01:00:00,0,0,0
2022-01-12 02:00:00,0,0,0
2022-01-12 03:00:00,0,0,0
2022-01-12 04:00:00,0,0,0
2022-01-12 05:00:00,0,0,0
2022-01-12 06:00:00,0,0,0
2022-01-12 07:00:00,0,0,0
2022-01-12 08:00:00,0,0,0
2022-01-12 09:00:00,0,0,0
2022-01-12 10:00:00,0,0,0
2022-01-12 11:00:00,0,0,0
2022-01-12 12:00:00,0,0,0
2022-01-12 13:00:00,0,0,0
2022-01-12 14:00:00,0,0,0
2022-01-12 15:00:00,0,0,0
2022-01-12 16:00:00,0,0,0
2022-01-12 17:00:00,0,0,0
2022-01-12 18:00:00,0,0,0
2022-01-12 19:00:00,0,0,0
2022-01-12 20:00:00,0,0,0
2022-01-12 21:00:00,0,0,0
2022-01-12 22:00:00,0,0,0
2022-01-12 23:00:00,0,0,0
2022-01-13 00:00:00,0,0,0
2022-01-13 01:00:00,0,0,0
2022-01-13 02:00:00,0,0,0
2022-01-13 03:00:00,0,0,0
2022-01-13 04:00:00,0,0,0
2022-01-13 05:00:00,0,0,0
2022-01-13 06:00:00,0,0,0
2022-01-13 07:00:00,0,0,0
2022-01-13 08:00:00,0,0,0
2022-01-13 09:00:00,0,0,0
2022-01-13 10:00:00,0,0,0
2022-01-13 11:00:00,0,0,0
2022-01-13 12:00:00,0,0,0
2022-01-13 13:00:00,0,0,0
2022-01-13 14:00:00,0,0,0
2022-01-13 15:00:00,0,0,0
2022-01-13 16:00:00,0,0,0
2022-01-13 17:00:00,0,0,0
2022-01-13 18:00:00,0,0,0
2022-01-13 19:00:00,0,0,0
2022-01-13 20:00:00,0,0,0
2022-01-13 21:00:00,0,0,0
2022-01-13 22:00:00,0,0,0
2022-01-13 23:00:00,0,0,0
2022-01-14 00:00:00,0,0,0
2022-01-14 01:00:00,0,0,0
2022-01-14 02:00:00,0,0,0
2022-01-14 03:00:00,0,0,0
2022-01-14 04:00:00,0,0,0
2022-01-14 05:00:00,0,0,0
2022-01-14 06:00:00,0,0,0
2022-01-14 07:00:00,0,0,0
2022-01-14 08:00:00,0,0,0
2022-01-14 09:00:00,0,0,0
2022-01-14 10:00:00,0,0,0
2022-01-14 11:00:00,0,0,0
2022-01-14 12:00:00,0,0,0
2022-01-14 13:00:00,0,0,0
2022-01-14 14:00:00,0,0,0
2022-01-14 15:00:00,0,0,0
2022-01-14 16:00:00,0,0,0
2022-01-14 17:00:00,0,0,0
2022-01-14 18:00:00,0,0,0
2022-01-14 19:00:00,0,0,0
2022-01-14 20:00:00,0,0,0
2022-01-14 21:00:00,0,0,0
2022-01-14 22:00:00,0,0,0
2022-01-14 23:00:00,0,0,0
2022-01-15 00:00:00,0,0,0
2022-01-15 01:00:00,0,0,0
2022-01-15 02:00:00,0,0,0
2022-01-15 03:00:00,0,0,0
2022-01-15 04:00:00,0,0,0
2022-01-15 05:00:00,0,0,0
2022-01-15 06:00:00,0,0,0
2022-01-15 07:00:00,0,0,0
2022-01-15 08:00:00,0,0,0
2022-01-15 09:00:00,0,0,0
2022-01-15 10:00:00,0,0,0
2022-01-15 11:00:00,0,0,0
2022-01-15 12:00:00,0,0,0
2022-01-15 13:00:00,0,0,0
2022-01-15 14:00:00,0,0,0
2022-01-15 15:00:00,0,0,0
2022-01-15 16:00:00,0,0,0
2022-01-15 17:00:00,0,0,0
2022-01-15 18:00:00,0,0,0
2022-01-15 19:00:00,0,0,0
2022-01-15 20:00:00,0,0,0
2022-01-15 21:00:00,0,0,0
2022-01-15 22:00:00,0,0,0
2022-01-15 23:00:00,0,0,0
2022-01-16 00:00:00,0,0,0
2022-01-16 01:00:00,0,0,0
2022-01-16 02:00:00,0,0,0
2022-01-16 03:00:00,0,0,0
2022-01-16 04:00:00,0,0,0
2022-01-16 05:00:00,0,0,0
2022-01-16 06:00:00,0,0,0
2022-01-16 07:00:00,0,0,0
2022-01-16 08:00:00,0,0,0
2022-01-16 09:00:00,0,0,0
2022-01-16 10:00:00,0,0,0
2022-01-16 11:00:00,0,0,0
2022-01-16 12:00:00,0,0,0
2022-01-16 13:00:00,0,0,0
2022-01-16 14:00:00,0,0,0
2022-01-16 15:00:00,0,0,0
2022-01-16 16:00:00,0,0,0
2022-01-16 17:00:00,0,0,0
2022-01-16 18:00:00,0,0,0
2022-01-16 19:00:00,0,0,0
2022-01-16 20:00:00,0,0,0
2022-01-16 21:00:00,0,0,0
2022-01-16 22:00:00,0,0,0
2022-01-16 23:00:00,0,0,0
2022-01-17 00:00:00,0,0,0
2022-01-17 01:00:00,0,0,0
2022-01-17 02:00:00,0,0,0
2022-01-17 03:00:00,0,0,0
2022-01-17 04:00:00,0,0,0
2022-01-17 05:00:00,0,0,0
2022-01-17 06:00:00,0,0,0
2022-01-17 07:00:00,0,0,0
2022-01-17 08:00:00,0,0,0
2022-01-17 09:00:00,0,0,0
2022-01-17 10:00:00,0,0,0
2022-01-17 11:00:00,0,0,0
2022-01-17 12:00:00,0,0,0
2022-01-17 13:00:00,0,0,0
2022-01-17 14:00:00,0,0,0
2022-01-17 15:00:00,0,0,0
2022-01-17 16:00:00,0,0,0
2022-01-17 17:00:00,0,0,0
2022-01-17 18:00:00,0,0,0
2022-01-17 19:00:00,0,0,0
2022-01-17 20:00:00,0,0,0
2022-01-17 21:00:00,0,0,0
2022-01-17 22:00:00,0,0,0
2022-01-17 23:00:00,0,0,0
2022-01-18 00:00:00,0,0,0
2022-01-18 01:00:00,0,0,0
2022-01-18 02:00:00,0,0,0
2022-01-18 03:00:00,0,0,0
2022-01-18 04:00:00,0,0,0
2022-01-18 05:00:00,0,0,0
2022-01-18 06:00:00,0,0,0
2022-01-18 07:00:00,0,0,0
2022-01-18 08:00:00,0,0,0
2022-01-18 09:00:00,0,0,0
2022-01-18 10:00:00,0,0,0
2022-01-18 11:00:00,0,0,0
2022-01-18 12:00:00,0,0,0
2022-01-18 13:00:00,0,0,0
2022-01-18 14:00:00,0,0,0
2022-01-18 15:00:00,0,0,0
2022-01-18 16:00:00,0,0,0
2022-01-18 17:00:00,0,0,0
2022-01-18 18:00:00,0,0,0
2022-01-18 19:00:00,0,0,0
2022-01-18 20:00:00,0,0,0
2022-01-18 21:00:00,0,0,0
2022-01-18 22:00:00,0,0,0
2022-01-18 23:00:00,0,0,0
2022-01-19 00:00:00,0,0,0
2022-01-19 01:00:00,0,0,0
2022-01-19 02:00:00,0,0,0
2022-01-19 03:00:00,0,0,0
2022-01-19 04:00:00,0,0,0
2022-01-19 05:00:00,0,0,0
2022-01-19 06:00:00,0,0,0
2022-01-19 07:00:00,0,0,0
2022-01-19 08:00:00,0,0,0
2022-01-19 09:00:00,0,0,0
2022-01-19 10:00:00,0,0,0
2022-01-19 11:00:00,0,0,0
2022-01-19 12:00:00,0,0,0
2022-01-19 13:00:00,0,0,0
2022-01-19 14:00:00,0,0,0
2022-01-19 15:00:00,0,0,0
2022-01-19 16:00:00,0,0,0
2022-01-19 17:00:00,0,0,0
2022-01-19 18:00:00,0,0,0
2022-01-19 19:00:00,0,0,0
2022-01-19 20:00:00,0,0,0
2022-01-19 21:00:00,0,0,0
2022-01-19 22:00:00,0,0,0
2022-01-19 23:00:00,0,0,0
2022-01-20 00:00:00,0,0,0
2022-01-20 01:00:00,0,0,0
2022-01-20 02:00:00,0,0,0
2022-01-20 03:00:00,0,0,0
2022-01-20 04:00:00,0,0,0
2022-01-20 05:00:00,0,0,0
2022-01-20 06:00:00,0,0,0
2022-01-20 07:00:00,0,0,0
2022-01-20 08:00:00,0,0,0
2022-01-20 09:00:00,0,0,0
2022-01-20 10:00:00,0,0,0
2022-01-20 11:00:00,0,0,0
2022-01-20 12:00:00,0,0,0
2022-01-20 13:00:00,0,0,0
2022-01-20 14:00:00,0,0,0
2022-01-20 15:00:00,0,0,0
2022-01-20 16:00:00,0,0,0
2022-01-20 17:00:00,0,0,0
2022-01-20 18:00:00,0,0,0
2022-01-20 19:00:00,0,0,0
2022-01-20 20:00:00,0,0,0
2022-01-20 21:00:00,0,0,0
2022-01-20 22:00:00,0,0,0
2022-01-20 23:00:00,0,0,0
2022-01-21 00:00:00,0,0,0
2022-01-21 01:00:00,0,0,0
2022-01-21 02:00:00,0,0,0
2022-01-21 03:00:00,0,0,0
2022-01-21 04:00:00,0,0,0
2022-01-21 05:00:00,0,0,0
2022-01-21 06:00:00,0,0,0
2022-01-21 07:00:00,0,0,0
2022-01-21 08:00:00,0,0,0
2022-01-21 09:00:00,0,0,0
2022-01-21 10:00:00,0,0,0
2022-01-21 11:00:00,0,0,0
2022-01-21 12:00:00,0,0,0
2022-01-21 13:00:00,0,0,0
2022-01-21 14:00:00,0,0,0
2022-01-21 15:00:00,0,0,0
2022-01-21 16:00:00,0,0,0
2022-01-21 17:00:00,0,0,0
2022-01-21 18:00:00,0,0,0
2022-01-21 19:00:00,0,0,0
2022-01-21 20:00:00,0,0,0
2022-01-21 21:00:00,0,0,0
2022-01-21 22:00:00,0,0,0
2022-01-21 23:00:00,0,0,0
2022-01-22 00:00:00,0,0,0
2022-01-22 01:00:00,0,0,0
2022-01-22 02:00:00,0,0,0
2022-01-22 03:00:00,0,0,0
2022-01-22 04:00:00,0,0,0
2022-01-22 05:00:00,0,0,0
2022-01-22 06:00:00,0,0,0
2022-01-22 07:00:00,0,0,0
2022-01-22 08:00:00,0,0,0
2022-01-22 09:00:00,0,0,0
2022-01-22 10:00:00,0,0,0
2022-01-22 11:00:00,0,0,0
2022-01-22 12:00:00,0,0,0
2022-01-22 13:00:00,0,0,0
2022-01-22 14:00:00,0,0,0
2022-01-22 15:00:00,0,0,0
2022-01-22 16:00:00,0,0,0
2022-01-22 17:00:00,0,0,0
2022-01-22 18:00:00,0,0,0
2022-01-22 19:00:00,0,0,0
2022-01-22 20:00:00,0,0,0
2022-01-22 21:00:00,0,0,0
2022-01-22 22:00:00,0,0,0
2022-01-22 23:00:00,0,0,0
2022-01-23 00:00:00,0,0,0
2022-01-23 01:00:00,0,0,0
2022-01-23 02:00:00,0,0,0
2022-01-23 03:00:00,0,0,0
2022-01-23 04:00:00,0,0,0
2022-01-23 05:00:00,0,0,0
2022-01-23 06:00:00,0,0,0
2022-01-23 07:00:00,0,0,0
2022-01-23 08:00:00,0,0,0
2022-01-23 09:00:00,0,0,0
2022-01-23 10:00:00,0,0,0
2022-01-23 11:00:00,0,0,0
2022-01-23 12:00:00,0,0,0
2022-01-23 13:00:00,0,0,0
2022-01-23 14:00:00,0,0,0
2022-01-23 15:00:00,0,0,0
2022-01-23 16:00:00,0,0,0
2022-01-23 17:00:00,0,0,0
2022-01-23 18:00:00,0,0,0
2022-01-23 19:00:00,0,0,0
2022-01-23 20:00:00,0,0,0
2022-01-23 21:00:00,0,0,0
2022-01-23 22:00:00,0,0,0
2022-01-23 23:00:00,0,0,0
2022-01-24 00:00:00,0,0,0
2022-01-24 01:00:00,0,0,0
2022-01-24 02:00:00,0,0,0
2022-01-24 03:00:00,0,0,0
2022-01-24 04:00:00,0,0,0
2022-01-24 05:00:00,0,0,0
2022-01-24 06:00:00,0,0,0
2022-01-24 07:00:00,0,0,0
2022-01-24 08:00:00,0,0,0
2022-01-24 09:00:00,0,0,0
2022-01-24 10:00:00,0,0,0
2022-01-24 11:00:00,0,0,0
2022-01-24 12:00:00,0,0,0
2022-01-24 13:00:00,0,0,0
2022-01-24 14:00:00,0,0,0
2022-01-24 15:00:00,0,0,0
2022-01-24 16:00:00,0,0,0
2022-01-24 17:00:00,0,0,0
2022-01-24 18:00:00,0,0,0
2022-01-24 19:00:00,0,0,0
2022-01-24 20:00:00,0,0,0
2022-01-24 21:00:00,0,0,0
2022-01-24 22:00:00,0,0,0
2022-01-24 23:00:00,0,0,0
2022-01-25 00:00:00,0,0,0
2022-01-25 01:00:00,0,0,0
2022-01-25 02:00:00,0,0,0
2022-01-25 03:00:00,0,0,0
2022-01-25 04:00:00,0,0,0
2022-01-25 05:00:00,0,0,0
2022-01-25 06:00:00,0,0,0
2022-01-25 07:00:00,0,0,0
2022-01-25 08:00:00,0,0,0
2022-01-25 09:00:00,0,0,0
2022-01-25 10:00:00,0,0,0
2022-01-25 11:00:00,0,0,0
2022-01-25 12:00:00,0,0,0
2022-01-25 13:00:00,0,0,0
2022-01-25 14:00:00,0,0,0
2022-01-25 15:00:00,0,0,0
2022-01-25 16:00:00,0,0,0
2022-01-25 17:00:00,0,0,0
2022-01-25 18:00:00,0,0,0
2022-01-25 19:00:00,0,0,0
2022-01-25 20:00:00,0,0,0
2022-01-25 21:00:00,0,0,0
2022-01-25 22:00:00,0,0,0
2022-01-25 23:00:00,0,0,0
2022-01-26 00:00:00,0,0,0
2022-01-26 01:00:00,0,0,0
2022-01-26 02:00:00,0,0,0
2022-01-26 03:00:00,0,0,0
2022-01-26 04:00:00,0,0,0
2022-01-26 05:00:00,0,0,0
2022-01-26 06:00:00,0,0,0
2022-01-26 07:00:00,0,0,0
2022-01-26 08:00:00,0,0,0
2022-01-26 09:00:00,0,0,0
2022-01-26 10:00:00,0,0,0
2022-01-26 11:00:00,0,0,0
2022-01-26 12:00:00,0,0,0
2022-01-26 13:00:00,0,0,0
2022-01-26 14:00:00,0,0,0
2022-01-26 15:00:00,0,0,0
2022-01-26 16:00:00,0,0,0
2022-01-26 17:00:00,0,0,0
2022-01-26 18:00:00,0,0,0
2022-01-26 19:00:00,0,0,0
2022-01-26 20:00:00,0,0,0
2022-01-26 21:00:00,0,0,0
2022-01-26 22:00:00,0,0,0
2022-01-26 23:00:00,0,0,0
2022-01-27 00:00:00,0,0,0
2022-01-27 01:00:00,0,0,0
2022-01-27 02:00:00,0,0,0
2022-01-27 03:00:00,0,0,0
2022-01-27 04:00:00,0,0,0
2022-01-27 05:00:00,0,0,0
2022-01-27 06:00:00,0,0,0
2022-01-27 07:00:00,0,0,0
2022-01-27 08:00:00,0,0,0
2022-01-27 09:00:00,0,0,0
2022-01-27 10:00:00,0,0,0
2022-01-27 11:00:00,0,0,0
2022-01-27 12:00:00,0,0,0
2022-01-27 13:00:00,0,0,0
2022-01-27 14:00:00,0,0,0
2022-01-27 15:00:00,0,0,0
2022-01-27 16:00:00,0,0,0
2022-01-27 17:00:00,0,0,0
2022-01-27 18:00:00,0,0,0
2022-01-27 19:00:00,0,0,0
2022-01-27 20:00:00,0,0,0
2022-01-27 21:00:00,0,0,0
2022-01-27 22:00:00,0,0,0
2022-01-27 23:00:00,0,0,0
2022-01-28 00:00:00,0,0,0
2022-01-28 01:00:00,0,0,0
2022-01-28 02:00:00,0,0,0
2022-01-28 03:00:00,0,0,0
2022-01-28 04:00:00,0,0,0
2022-01-28 05:00:00,0,0,0
2022-01-28 06:00:00,0,0,0
2022-01-28 07:00:00,0,0,0
2022-01-28 08:00:00,0,0,0
2022-01-28 09:00:00,0,0,0
2022-01-28 10:00:00,0,0,0
2022-01-28 11:00:00,0,0,0
2022-01-28 12:00:00,0,0,0
2022-01-28 13:00:00,0,0,0
2022-01-28 14:00:00,0,0,0
2022-01-28 15:00:00,0,0,0
2022-01-28 16:00:00,0,0,0
2022-01-28 17:00:00,0,0,0
2022-01-28 18:00:00,0,0,0
2022-01-28 19:00:00,0,0,0
2022-01-28 20:00:00,0,0,0
2022-01-28 21:00:00,0,0,0
2022-01-28 22:00:00,0,0,0
2022-01-28 23:00:00,0,0,0
2022-01-29 00:00:00,0,0,0
2022-01-29 01:00:00,0,0,0
2022-01-29 02:00:00,0,0,0
2022-01-29 03:00:00,0,0,0
2022-01-29 04:00:00,0,0,0
2022-01-29 05:00:00,0,0,0
2022-01-29 06:00:00,0,0,0
2022-01-29 07:00:00,0,0,0
2022-01-29 08:00:00,0,0,0
2022-01-29 09:00:00,0,0,0
2022-01-29 10:00:00,0,0,0
2022-01-29 11:00:00,0,0,0
2022-01-29 12:00:00,0,0,0
2022-01-29 13:00:00,0,0,0
2022-01-29 14:00:00,0,0,0
2022-01-29 15:00:00,0,0,0
2022-01-29 16:00:00,0,0,0
2022-01-29 17:00:00,0,0,0
2022-01-29 18:00:00,0,0,0
2022-01-29 19:00:00,0,0,0
2022-01-29 20:00:00,0,0,0
2022-01-29 21:00:00,0,0,0
2022-01-29 22:00:00,0,0,0
2022-01-29 23:00:00,0,0,0
2022-01-30 00:00:00,0,0,0
2022-01-30 01:00:00,0,0,0
2022-01-30 02:00:00,0,0,0
2022-01-30 03:00:00,0,0,0
2022-01-30 04:00:00,0,0,0
2022-01-30 05:00:00,0,0,0
2022-01-30 06:00:00,0,0,0
2022-01-30 07:00:00,0,0,0
2022-01-30 08:00:00,0,0,0
2022-01-30 09:00:00,0,0,0
2022-01-30 10:00:00,0,0,0
2022-01-30 11:00:00,0,0,0
2022-01-30 12:00:00,0,0,0
2022-01-30 13:00:00,0,0,0
2022-01-30 14:00:00,0,0,0
2022-01-30 15:00:00,0,0,0
2022-01-30 16:00:00,0,0,0
2022-01-30 17:00:00,0,0,0
2022-01-30 18:00:00,0,0,0
2022-01-30 19:00:00,0,0,0
2022-01-30 20:00:00,0,0,0
2022-01-30 21:00:00,0,0,0
2022-01-30 22:00:00,0,0,0
2022-01-30 23:00:00,0,0,0
2022-01-31 00:00:00,0,0,0
2022-01-31 01:00:00,0,0,0
2022-01-31 02:00:00,0,0,0
2022-01-31 03:00:00,0,0,0
2022-01-31 04:00:00,0,0,0
2022-01-31 05:00:00,0,0,0
2022-01-31 06:00:00,0,0,0
2022-01-31 07:00:00,0,0,0
2022-01-31 08:00:00,0,0,0
2022-01-31 09:00:00,0,0,0
2022-01-31 10:00:00,0,0,0
2022-01-31 11:00:00,0,0,0
2022-01-31 12:00:00,0,0,0
2022-01-31 13:00:00,0,0,0
2022-01-31 14:00:00,0,0,0
2022-01-31 15:00:00,0,0,0
2022-01-31 16:00:00,0,0,0
2022-01-31 17:00:00,0,0,0
2022-01-31 18:00:00,0,0,0
2022-01-31 19:00:00,0,0,0
2022-01-31 20:00:00,0,0,0
2022-01-31 21:00:00,0,0,0
2022-01-31 22:00:00,0,0,0
2022-01-31 23:00:00,0,0,0
2022-02-01 00:00:00,0,0,0
2022-02-01 01:00:00,0,0,0
2022-02-01 02:00:00,0,0,0
2022-02-01 03:00:00,0,0,0
2022-02-01 04:00:00,0,0,0
2022-02-01 05:00:00,0,0,0
2022-02-01 06:00:00,0,0,0
2022-02-01 07:00:00,0,0,0
2022-02-01 08:00:00,0,0,0
2022-02-01 09:00:00,0,0,0
2022-02-01 10:00:00,0,0,0
2022-02-01 11:00:00,0,0,0
2022-02-01 12:00:00,0,0,0
2022-02-01 13:00:00,0,0,0
2022-02-01 14:00:00,0,0,0
2022-02-01 15:00:00,0,0,0
2022-02-01 16:00:00,0,0,0
2022-02-01 17:00:00,0,0,0
2022-02-01 18:00:00,0,0,0
2022-02-01 19:00:00,0,0,0
2022-02-01 20:00:00,0,0,0
2022-02-01 21:00:00,0,0,0
2022-02-01 22:00:00,0,0,0
2022-02-01 23:00:00,0,0,0
2022-02-02 00:00:00,0,0,0
2022-02-02 01:00:00,0,0,0
2022-02-02 02:00:00,0,0,0
2022-02-02 03:00:00,0,0,0
2022-02-02 04:00:00,0,0,0
2022-02-02 05:00:00,0,0,0
2022-02-02 06:00:00,0,0,0
2022-02-02 07:00:00,0,0,0
2022-02-02 08:00:00,0,0,0
2022-02-02 09:00:00,0,0,0
2022-02-02 10:00:00,0,0,0
2022-02-02 11:00:00,0,0,0
2022-02-02 12:00:00,0,0,0
2022-02-02 13:00:00,0,0,0
2022-02-02 14:00:00,0,0,0
2022-02-02 15:00:00,0,0,0
2022-02-02 16:00:00,0,0,0
2022-02-02 17:00:00,0,0,0
2022-02-02 18:00:00,0,0,0
2022-02-02 19:00:00,0,0,0
2022-02-02 20:00:00,0,0,0
2022-02-02 21:00:00,0,0,0
2022-02-02 22:00:00,0,0,0
2022-02-02 23:00:00,0,0,0
2022-02-03 00:00:00,0,0,0
2022-02-03 01:00:00,0,0,0
2022-02-03 02:00:00,0,0,0
2022-02-03 03:00:00,0,0,0
2022-02-03 04:00:00,0,0,0
2022-02-03 05:00:00,0,0,0
2022-02-03 06:00:00,0,0,0
2022-02-03 07:00:00,0,0,0
2022-02-03 08:00:00,0,0,0
2022-02-03 09:00:00,0,0,0
2022-02-03 10:00:00,0,0,0
2022-02-03 11:00:00,0,0,0
2022-02-03 12:00:00,0,0,0
2022-02-03 13:00:00,0,0,0
2022-02-03 14:00:00,0,0,0
2022-02-03 15:00:00,0,0,0
2022-02-03 16:00:00,0,0,0
2022-02-03 17:00:00,0,0,0
2022-02-03 18:00:00,0,0,0
2022-02-03 19:00:00,0,0,0
2022-02-03 20:00:00,0,0,0
2022-02-03 21:00:00,0,0,0
2022-02-03 22:00:00,0,0,0
2022-02-03 23:00:00,0,0,0
2022-02-04 00:00:00,0,0,0
2022-02-04 01:00:00,0,0,0
2022-02-04 02:00:00,0,0,0
2022-02-04 03:00:00,0,0,0
2022-02-04 04:00:00,0,0,0
2022-02-04 05:00:00,0,0,0
2022-02-04 06:00:00,0,0,0
2022-02-04 07:00:00,0,0,0
2022-02-04 08:00:00,0,0,0
2022-02-04 09:00:00,0,0,0
2022-02-04 10:00:00,0,0,0
2022-02-04 11:00:00,0,0,0
2022-02-04 12:00:00,0,0,0
2022-02-04 13:00:00,0,0,0
2022-02-04 14:00:00,0,0,0
2022-02-04 15:00:00,0,0,0
2022-02-04 16:00:00,0,0,0
2022-02-04 17:00:00,0,0,0
2022-02-04 18:00:00,0,0,0
2022-02-04 19:00:00,0,0,0
2022-02-04 20:00:00,0,0,0
2022-02-04 21:00:00,0,0,0
2022-02-04 22:00:00,0,0,0
2022-02-04 23:00:00,0,0,0
2022-02-05 00:00:00,0,0,0
2022-02-05 01:00:00,0,0,0
2022-02-05 02:00:00,0,0,0
2022-02-05 03:00:00,0,0,0
2022-02-05 04:00:00,0,0,0
2022-02-05 05:00:00,0,0,0
2022-02-05 06:00:00,0,0,0
2022-02-05 07:00:00,0,0,0
2022-02-05 08:00:00,0,0,0
2022-02-05 09:00:00,0,0,0
2022-02-05 10:00:00,0,0,0
2022-02-05 11:00:00,0,0,0
2022-02-05 12:00:00,0,0,0
2022-02-05 13:00:00,0,0,0
2022-02-05 14:00:00,0,0,0
2022-02-05 15:00:00,0,0,0
2022-02-05 16:00:00,0,0,0
2022-02-05 17:00:00,0,0,0
2022-02-05 18:00:00,0,0,0
2022-02-05 19:00:00,0,0,0
2022-02-05 20:00:00,0,0,0
2022-02-05 21:00:00,0,0,0
2022-02-05 22:00:00,0,0,0
2022-02-05 23:00:00,0,0,0
2022-02-06 00:00:00,0,0,0
2022-02-06 01:00:00,0,0,0
2022-02-06 02:00:00,0,0,0
2022-02-06 03:00:00,0,0,0
2022-02-06 04:00:00,0,0,0
2022-02-06 05:00:00,0,0,0
2022-02-06 06:00:00,0,0,0
2022-02-06 07:00:00,0,0,0
2022-02-06 08:00:00,0,0,0
2022-02-06 09:00:00,0,0,0
2022-02-06 10:00:00,0,0,0
2022-02-06 11:00:00,0,0,0
2022-02-06 12:00:00,0,0,0
2022-02-06 13:00:00,0,0,0
2022-02-06 14:00:00,0,0,0
2022-02-06 15:00:00,0,0,0
2022-02-06 16:00:00,0,0,0
2022-02-06 17:00:00,0,0,0
2022-02-06 18:00:00,0,0,0
2022-02-06 19:00:00,0,0,0
2022-02-06 20:00:00,0,0,0
2022-02-06 21:00:00,0,0,0
2022-02-06 22:00:00,0,0,0
2022-02-06 23:00:00,0,0,0
2022-02-07 00:00:00,0,0,0
2022-02-07 01:00:00,0,0,0
2022-02-07 02:00:00,0,0,0
2022-02-07 03:00:00,0,0,0
2022-02-07 04:00:00,0,0,0
2022-02-07 05:00:00,0,0,0
2022-02-07 06:00:00,0,0,0
2022-02-07 07:00:00,0,0,0
2022-02-07 08:00:00,0,0,0
2022-02-07 09:00:00,0,0,0
2022-02-07 10:00:00,0,0,0
2022-02-07 11:00:00,0,0,0
2022-02-07 12:00:00,0,0,0
2022-02-07 13:00:00,0,0,0
2022-02-07 14:00:00,0,0,0
2022-02-07 15:00:00,0,0,0
2022-02-07 16:00:00,0,0,0
2022-02-07 17:00:00,0,0,0
2022-02-07 18:00:00,0,0,0
2022-02-07 19:00:00,0,0,0
2022-02-07 20:00:00,0,0,0
2022-02-07 21:00:00,0,0,0
2022-02-07 22:00:00,0,0,0
2022-02-07 23:00:00,0,0,0
2022-02-08 00:00:00,0,0,0
2022-02-08 01:00:00,0,0,0
2022-02-08 02:00:00,0,0,0
2022-02-08 03:00:00,0,0,0
2022-02-08 04:00:00,0,0,0
2022-02-08 05:00:00,0,0,0
2022-02-08 06:00:00,0,0,0
2022-02-08 07:00:00,0,0,0
2022-02-08 08:00:00,0,0,0
2022-02-08 09:00:00,0,0,0
2022-02-08 10:00:00,0,0,0
2022-02-08 11:00:00,0,0,0
2022-02-08 12:00:00,0,0,0
2022-02-08 13:00:00,0,0,0
2022-02-08 14:00:00,0,0,0
2022-02-08 15:00:00,0,0,0
2022-02-08 16:00:00,0,0,0
2022-02-08 17:00:00,0,0,0
2022-02-08 18:00:00,0,0,0
2022-02-08 19:00:00,0,0,0
2022-02-08 20:00:00,0,0,0
2022-02-08 21:00:00,0,0,0
2022-02-08 22:00:00,0,0,0
2022-02-08 23:00:00,0,0,0
2022-02-09 00:00:00,0,0,0
2022-02-09 01:00:00,0,0,0
2022-02-09 02:00:00,0,0,0
2022-02-09 03:00:00,0,0,0
2022-02-09 04:00:00,0,0,0
2022-02-09 05:00:00,0,0,0
2022-02-09 06:00:00,0,0,0
2022-02-09 07:00:00,0,0,0
2022-02-09 08:00:00,0,0,0
2022-02-09 09:00:00,0,0,0
2022-02-09 10:00:00,0,0,0
2022-02-09 11:00:00,0,0,0
2022-02-09 12:00:00,0,0,0
2022-02-09 13:00:00,0,0,0
2022-02-09 14:00:00,0,0,0
2022-02-09 15:00:00,0,0,0
2022-02-09 16:00:00,0,0,0
2022-02-09 17:00:00,0,0,0
2022-02-09 18:00:00,0,0,0
2022-02-09 19:00:00,0,0,0
2022-02-09 20:00:00,0,0,0
2022-02-09 21:00:00,0,0,0
2022-02-09 22:00:00,0,0,0
2022-02-09 23:00:00,0,0,0
2022-02-10 00:00:00,0,0,0
2022-02-10 01:00:00,0,0,0
2022-02-10 02:00:00,0,0,0
2022-02-10 03:00:00,0,0,0
2022-02-10 04:00:00,0,0,0
2022-02-10 05:00:00,0,0,0
2022-02-10 06:00:00,0,0,0
2022-02-10 07:00:00,0,0,0
2022-02-10 08:00:00,0,0,0
2022-02-10 09:00:00,0,0,0
2022-02-10 10:00:00,0,0,0
2022-02-10 11:00:00,0,0,0
2022-02-10 12:00:00,0,0,0
2022-02-10 13:00:00,0,0,0
2022-02-10 14:00:00,0,0,0
2022-02-10 15:00:00,0,0,0
2022-02-10 16:00:00,0,0,0
2022-02-10 17:00:00,0,0,0
2022-02-10 18:00:00,0,0,0
2022-02-10 19:00:00,0,0,0
2022-02-10 20:00:00,0,0,0
2022-02-10 21:00:00,0,0,0
2022-02-10 22:00:00,0,0,0
2022-02-10 23:00:00,0,0,0
2022-02-11 00:00:00,0,0,0
2022-02-11 01:00:00,0,0,0
2022-02-11 02:00:00,0,0,0
2022-02-11 03:00:00,0,0,0
2022-02-11 04:00:00,0,0,0
2022-02-11 05:00:00,0,0,0
2022-02-11 06:00:00,0,0,0
2022-02-11 07:00:00,0,0,0
2022-02-11 08:00:00,0,0,0
2022-02-11 09:00:00,0,0,0
2022-02-11 10:00:00,0,0,0
2022-02-11 11:00:00,0,0,0
2022-02-11 12:00:00,0,0,0
2022-02-11 13:00:00,0,0,0
2022-02-11 14:00:00,0,0,0
2022-02-11 15:00:00,0,0,0
2022-02-11 16:00:00,0,0,0
2022-02-11 17:00:00,0,0,0
2022-02-11 18:00:00,0,0,0
2022-02-11 19:00:00,0,0,0
2022-02-11 20:00:00,0,0,0
2022-02-11 21:00:00,0,0,0
2022-02-11 22:00:00,0,0,0
2022-02-11 23:00:00,0,0,0
2022-02-12 00:00:00,0,0,0
2022-02-12 01:00:00,0,0,0
2022-02-12 02:00:00,0,0,0
2022-02-12 03:00:00,0,0,0
2022-02-12 04:00:00,0,0,0
2022-02-12 05:00:00,0,0,0
2022-02-12 06:00:00,0,0,0
2022-02-12 07:00:00,0,0,0
2022-02-12 08:00:00,0,0,0
2022-02-12 09:00:00,0,0,0
2022-02-12 10:00:00,0,0,0
2022-02-12 11:00:00,0,0,0
2022-02-12 12:00:00,0,0,0
2022-02-12 13:00:00,0,0,0
2022-02-12 14:00:00,0,0,0
2022-02-12 15:00:00,0,0,0
2022-02-12 16:00:00,0,0,0
2022-02-12 17:00:00,0,0,0
2022-02-12 18:00:00,0,0,0
2022-02-12 19:00:00,0,0,0
2022-02-12 20:00:00,0,0,0
2022-02-12 21:00:00,0,0,0
2022-02-12 22:00:00,0,0,0
2022-02-12 23:00:00,0,0,0
2022-02-13 00:00:00,0,0,0
2022-02-13 01:00:00,0,0,0
2022-02-13 02:00:00,0,0,0
2022-02-13 03:00:00,0,0,0
2022-02-13 04:00:00,0,0,0
2022-02-13 05:00:00,0,0,0
2022-02-13 06:00:00,0,0,0
2022-02-13 07:00:00,0,0,0
2022-02-13 08:00:00,0,0,0
2022-02-13 09:00:00,0,0,0
2022-02-13 10:00:00,0,0,0
2022-02-13 11:00:00,0,0,0
2022-02-13 12:00:00,0,0,0
2022-02-13 13:00:00,0,0,0
2022-02-13 14:00:00,0,0,0
2022-02-13 15:00:00,0,0,0
2022-02-13 16:00:00,0,0,0
2022-02-13 17:00:00,0,0,0
2022-02-13 18:00:00,0,0,0
2022-02-13 19:00:00,0,0,0
2022-02-13 20:00:00,0,0,0
2022-02-13 21:00:00,0,0,0
2022-02-13 22:00:00,0,0,0
2022-02-13 23:00:00,0,0,0
2022-02-14 00:00:00,0,0,0
2022-02-14 01:00:00,0,0,0
2022-02-14 02:00:00,0,0,0
2022-02-14 03:00:00,0,0,0
2022-02-14 04:00:00,0,0,0
2022-02-14 05:00:00,0,0,0
2022-02-14 06:00:00,0,0,0
2022-02-14 07:00:00,0,0,0
2022-02-14 08:00:00,0,0,0
2022-02-14 09:00:00,0,0,0
2022-02-14 10:00:00,0,0,0
2022-02-14 11:00:00,0,0,0
2022-02-14 12:00:00,0,0,0
2022-02-14 13:00:00,0,0,0
2022-02-14 14:00:00,0,0,0
2022-02-14 15:00:00,0,0,0
2022-02-14 16:00:00,0,0,0
2022-02-14 17:00:00,0,0,0
2022-02-14 18:00:00,0,0,0
2022-02-14 19:00:00,0,0,0
2022-02-14 20:00:00,0,0,0
2022-02-14 21:00:00,0,0,0
2022-02-14 22:00:00,0,0,0
2022-02-14 23:00:00,0,0,0
2022-02-15 00:00:00,0,0,0
2022-02-15 01:00:00,0,0,0
2022-02-15 02:00:00,0,0,0
2022-02-15 03:00:00,0,0,0
2022-02-15 04:00:00,0,0,0
2022-02-15 05:00:00,0,0,0
2022-02-15 06:00:00,0,0,0
2022-02-15 07:00:00,0,0,0
2022-02-15 08:00:00,0,0,0
2022-02-15 09:00:00,0,0,0
2022-02-15 10:00:00,0,0,0
2022-02-15 11:00:00,0,0,0
2022-02-15 12:00:00,0,0,0
2022-02-15 13:00:00,0,0,0
2022-02-15 14:00:00,0,0,0
2022-02-15 15:00:00,0,0,0
2022-02-15 16:00:00,0,0,0
2022-02-15 17:00:00,0,0,0
2022-02-15 18:00:00,0,0,0
2022-02-15 19:00:00,0,0,0
2022-02-15 20:00:00,0,0,0
2022-02-15 21:00:00,0,0,0
2022-02-15 22:00:00,0,0,0
2022-02-15 23:00:00,0,0,0
2022-02-16 00:00:00,0,0,0
2022-02-16 01:00:00,0,0,0
2022-02-16 02:00:00,0,0,0
2022-02-16 03:00:00,0,0,0
2022-02-16 04:00:00,0,0,0
2022-02-16 05:00:00,0,0,0
2022-02-16 06:00:00,0,0,0
2022-02-16 07:00:00,0,0,0
2022-02-16 08:00:00,0,0,0
2022-02-16 09:00:00,0,0,0
2022-02-16 10:00:00,0,0,0
2022-02-16 11:00:00,0,0,0
2022-02-16 12:00:00,0,0,0
2022-02-16 13:00:00,0,0,0
2022-02-16 14:00:00,0,0,0
2022-02-16 15:00:00,0,0,0
2022-02-16 16:00:00,0,0,0
2022-02-16 17:00:00,0,0,0
2022-02-16 18:00:00,0,0,0
2022-02-16 19:00:00,0,0,0
2022-02-16 20:00:00,0,0,0
2022-02-16 21:00:00,0,0,0
2022-02-16 22:00:00,0,0,0
2022-02-16 23:00:00,0,0,0
2022-02-17 00:00:00,0,0,0
2022-02-17 01:00:00,0,0,0
2022-02-17 02:00:00,0,0,0
2022-02-17 03:00:00,0,0,0
2022-02-17 04:00:00,0,0,0
2022-02-17 05:00:00,0,0,0
2022-02-17 06:00:00,0,0,0
2022-02-17 07:00:00,0,0,0
2022-02-17 08:00:00,0,0,0
2022-02-17 09:00:00,0,0,0
2022-02-17 10:00:00,0,0,0
2022-02-17 11:00:00,0,0,0
2022-02-17 12:00:00,0,0,0
2022-02-17 13:00:00,0,0,0
2022-02-17 14:00:00,0,0,0
2022-02-17 15:00:00,0,0,0
2022-02-17 16:00:00,0,0,0
2022-02-17 17:00:00,0,0,0
2022-02-17 18:00:00,0,0,0
2022-02-17 19:00:00,0,0,0
2022-02-17 20:00:00,0,0,0
2022-02-17 21:00:00,0,0,0
2022-02-17 22:00:00,0,0,0
2022-02-17 23:00:00,0,0,0
2022-02-18 00:00:00,0,0,0
2022-02-18 01:00:00,0,0,0
2022-02-18 02:00:00,0,0,0
2022-02-18 03:00:00,0,0,0
2022-02-18 04:00:00,0,0,0
2022-02-18 05:00:00,0,0,0
2022-02-18 06:00:00,0,0,0
2022-02-18 07:00:00,0,0,0
2022-02-18 08:00:00,0,0,0
2022-02-18 09:00:00,0,0,0
2022-02-18 10:00:00,0,0,0
2022-02-18 11:00:00,0,0,0
2022-02-18 12:00:00,0,0,0
2022-02-18 13:00:00,0,0,0
2022-02-18 14:00:00,0,0,0
2022-02-18 15:00:00,0,0,0
2022-02-18 16:00:00,0,0,0
2022-02-18 17:00:00,0,0,0
2022-02-18 18:00:00,0,0,0
2022-02-18 19:00:00,0,0,0
2022-02-18 20:00:00,0,0,0
2022-02-18 21:00:00,0,0,0
2022-02-18 22:00:00,0,0,0
2022-02-18 23:00:00,0,0,0
2022-02-19 00:00:00,0,0,0
2022-02-19 01:00:00,0,0,0
2022-02-19 02:00:00,0,0,0
2022-02-19 03:00:00,0,0,0
2022-02-19 04:00:00,0,0,0
2022-02-19 05:00:00,0,0,0
2022-02-19 06:00:00,0,0,0
2022-02-19 07:00:00,0,0,0
2022-02-19 08:00:00,0,0,0
2022-02-19 09:00:00,0,0,0
2022-02-19 10:00:00,0,0,0
2022-02-19 11:00:00,0,0,0
2022-02-19 12:00:00,0,0,0
2022-02-19 13:00:00,0,0,0
2022-02-19 14:00:00,0,0,0
2022-02-19 15:00:00,0,0,0
2022-02-19 16:00:00,0,0,0
2022-02-19 17:00:00,0,0,0
2022-02-19 18:00:00,0,0,0
2022-02-19 19:00:00,0,0,0
2022-02-19 20:00:00,0,0,0
2022-02-19 21:00:00,0,0,0
2022-02-19 22:00:00,0,0,0
2022-02-19 23:00:00,0,0,0
2022-02-20 00:00:00,0,0,0
2022-02-20 01:00:00,0,0,0
2022-02-20 02:00:00,0,0,0
2022-02-20 03:00:00,0,0,0
2022-02-20 04:00:00,0,0,0
2022-02-20 05:00:00,0,0,0
2022-02-20 06:00:00,0,0,0
2022-02-20 07:00:00,0,0,0
2022-02-20 08:00:00,0,0,0
2022-02-20 09:00:00,0,0,0
2022-02-20 10:00:00,0,0,0
2022-02-20 11:00:00,0,0,0
2022-02-20 12:00:00,0,0,0
2022-02-20 13:00:00,0,0,0
2022-02-20 14:00:00,0,0,0
2022-02-20 15:00:00,0,0,0
2022-02-20 16:00:00,0,0,0
2022-02-20 17:00:00,0,0,0
2022-02-20 18:00:00,0,0,0
2022-02-20 19:00:00,0,0,0
2022-02-20 20:00:00,0,0,0
2022-02-20 21:00:00,0,0,0
2022-02-20 22:00:00,0,0,0
2022-02-20 23:00:00,0,0,0
2022-02-21 00:00:00,0,0,0
2022-02-21 01:00:00,0,0,0
2022-02-21 02:00:00,0,0,0
2022-02-21 03:00:00,0,0,0
2022-02-21 04:00:00,0,0,0
2022-02-21 05:00:00,0,0,0
2022-02-21 06:00:00,0,0,0
2022-02-21 07:00:00,0,0,0
2022-02-21 08:00:00,0,0,0
2022-02-21 09:00:00,0,0,0
2022-02-21 10:00:00,0,0,0
2022-02-21 11:00:00,0,0,0
2022-02-21 12:00:00,0,0,0
2022-02-21 13:00:00,0,0,0
2022-02-21 14:00:00,0,0,0
2022-02-21 15:00:00,0,0,0
2022-02-21 16:00:00,0,0,0
2022-02-21 17:00:00,0,0,0
2022-02-21 18:00:00,0,0,0
2022-02-21 19:00:00,0,0,0
2022-02-21 20:00:00,0,0,0
2022-02-21 21:00:00,0,0,0
2022-02-21 22:00:00,0,0,0
2022-02-21 23:00:00,0,0,0
2022-02-22 00:00:00,0,0,0
2022-02-22 01:00:00,0,0,0
2022-02-22 02:00:00,0,0,0
2022-02-22 03:00:00,0,0,0
2022-02-22 04:00:00,0,0,0
2022-02-22 05:00:00,0,0,0
2022-02-22 06:00:00,0,0,0
2022-02-22 07:00:00,0,0,0
2022-02-22 08:00:00,0,0,0
2022-02-22 09:00:00,0,0,0
2022-02-22 10:00:00,0,0,0
2022-02-22 11:00:00,0,0,0
2022-02-22 12:00:00,0,0,0
2022-02-22 13:00:00,0,0,0
2022-02-22 14:00:00,0,0,0
2022-02-22 15:00:00,0,0,0
2022-02-22 16:00:00,0,0,0
2022-02-22 17:00:00,0,0,0
2022-02-22 18:00:00,0,0,0
2022-02-22 19:00:00,0,0,0
2022-02-22 20:00:00,0,0,0
2022-02-22 21:00:00,0,0,0
2022-02-22 22:00:00,0,0,0
2022-02-22 23:00:00,0,0,0
2022-02-23 00:00:00,0,0,0
2022-02-23 01:00:00,0,0,0
2022-02-23 02:00:00,0,0,0
2022-02-23 03:00:00,0,0,0
2022-02-23 04:00:00,0,0,0
2022-02-23 05:00:00,0,0,0
2022-02-23 06:00:00,0,0,0
2022-02-23 07:00:00,0,0,0
2022-02-23 08:00:00,0,0,0
2022-02-23 09:00:00,0,0,0
2022-02-23 10:00:00,0,0,0
2022-02-23 11:00:00,0,0,0
2022-02-23 12:00:00,0,0,0
2022-02-23 13:00:00,0,0,0
2022-02-23 14:00:00,0,0,0
2022-02-23 15:00:00,0,0,0
2022-02-23 16:00:00,0,0,0
2022-02-23 17:00:00,0,0,0
2022-02-23 18:00:00,0,0,0
2022-02-23 19:00:00,0,0,0
2022-02-23 20:00:00,0,0,0
2022-02-23 21:00:00,0,0,0
2022-02-23 22:00:00,0,0,0
2022-02-23 23:00:00,0,0,0
2022-02-24 00:00:00,0,0,0
2022-02-24 01:00:00,0,0,0
2022-02-24 02:00:00,0,0,0
2022-02-24 03:00:00,0,0,0
2022-02-24 04:00:00,0,0,0
2022-02-24 05:00:00,0,0,0
2022-02-24 06:00:00,0,0,0
2022-02-24 07:00:00,0,0,0
2022-02-24 08:00:00,0,0,0
2022-02-24 09:00:00,0,0,0
2022-02-24 10:00:00,0,0,0
2022-02-24 11:00:00,0,0,0
2022-02-24 12:00:00,0,0,0
2022-02-24 13:00:00,0,0,0
2022-02-24 14:00:00,0,0,0
2022-02-24 15:00:00,0,0,0
2022-02-24 16:00:00,0,0,0
2022-02-24 17:00:00,0,0,0
2022-02-24 18:00:00,0,0,0
2022-02-24 19:00:00,0,0,0
2022-02-24 20:00:00,0,0,0
2022-02-24 21:00:00,0,0,0
2022-02-24 22:00:00,0,0,0
2022-02-24 23:00:00,0,0,0
2022-02-25 00:00:00,0,0,0
2022-02-25 01:00:00,0,0,0
2022-02-25 02:00:00,0,0,0
2022-02-25 03:00:00,0,0,0
2022-02-25 04:00:00,0,0,0
2022-02-25 05:00:00,0,0,0
2022-02-25 06:00:00,0,0,0
2022-02-25 07:00:00,0,0,0
2022-02-25 08:00:00,0,0,0
2022-02-25 09:00:00,0,0,0
2022-02-25 10:00:00,0,0,0
2022-02-25 11:00:00,0,0,0
2022-02-25 12:00:00,0,0,0
2022-02-25 13:00:00,0,0,0
2022-02-25 14:00:00,0,0,0
2022-02-25 15:00:00,0,0,0
2022-02-25 16:00:00,0,0,0
2022-02-25 17:00:00,0,0,0
2022-02-25 18:00:00,0,0,0
2022-02-25 19:00:00,0,0,0
2022-02-25 20:00:00,0,0,0
2022-02-25 21:00:00,0,0,0
2022-02-25 22:00:00,0,0,0
2022-02-25 23:00:00,0,0,0
2022-02-26 00:00:00,0,0,0
2022-02-26 01:00:00,0,0,0
2022-02-26 02:00:00,0,0,0
2022-02-26 03:00:00,0,0,0
2022-02-26 04:00:00,0,0,0
2022-02-26 05:00:00,0,0,0
2022-02-26 06:00:00,0,0,0
2022-02-26 07:00:00,0,0,0
2022-02-26 08:00:00,0,0,0
2022-02-26 09:00:00,0,0,0
2022-02-26 10:00:00,0,0,0
2022-02-26 11:00:00,0,0,0
2022-02-26 12:00:00,0,0,0
2022-02-26 13:00:00,0,0,0
2022-02-26 14:00:00,0,0,0
2022-02-26 15:00:00,0,0,0
2022-02-26 16:00:00,0,0,0
2022-02-26 17:00:00,0,0,0
2022-02-26 18:00:00,0,0,0
2022-02-26 19:00:00,0,0,0
2022-02-26 20:00:00,0,0,0
2022-02-26 21:00:00,0,0,0
2022-02-26 22:00:00,0,0,0
2022-02-26 23:00:00,0,0,0
2022-02-27 00:00:00,0,0,0
2022-02-27 01:00:00,0,0,0
2022-02-27 02:00:00,0,0,0
2022-02-27 03:00:00,0,0,0
2022-02-27 04:00:00,0,0,0
2022-02-27 05:00:00,0,0,0
2022-02-27 06:00:00,0,0,0
2022-02-27 07:00:00,0,0,0
2022-02-27 08:00:00,0,0,0
2022-02-27 09:00:00,0,0,0
2022-02-27 10:00:00,0,0,0
2022-02-27 11:00:00,0,0,0
2022-02-27 12:00:00,0,0,0
2022-02-27 13:00:00,0,0,0
2022-02-27 14:00:00,0,0,0
2022-02-27 15:00:00,0,0,0
2022-02-27 16:00:00,0,0,0
2022-02-27 17:00:00,0,0,0
2022-02-27 18:00:00,0,0,0
2022-02-27 19:00:00,0,0,0
2022-02-27 20:00:00,0,0,0
2022-02-27 21:00:00,0,0,0
2022-02-27 22:00:00,0,0,0
2022-02-27 23:00:00,0,0,0
2022-02-28 00:00:00,0,0,0
2022-02-28 01:00:00,0,0,0
2022-02-28 02:00:00,0,0,0
2022-02-28 03:00:00,0,0,0
2022-02-28 04:00:00,0,0,0
2022-02-28 05:00:00,0,0,0
2022-02-28 06:00:00,0,0,0
2022-02-28 07:00:00,0,0,0
2022-02-28 08:00:00,0,0,0
2022-02-28 09:00:00,0,0,0
2022-02-28 10:00:00,0,0,0
2022-02-28 11:00:00,0,0,0
2022-02-28 12:00:00,0,0,0
2022-02-28 13:00:00,0,0,0
2022-02-28 14:00:00,0,0,0
2022-02-28 15:00:00,0,0,0
2022-02-28 16:00:00,0,0,0
2022-02-28 17:00:00,0,0,0
2022-02-28 18:00:00,0,0,0
2022-02-28 19:00:00,0,0,0
2022-02-28 20:00:00,0,0,0
2022-02-28 21:00:00,0,0,0
2022-02-28 22:00:00,0,0,0
2022-02-28 23:00:00,0,0,0
2022-03-01 00:00:00,0,0,0
2022-03-01 01:00:00,0,0,0
2022-03-01 02:00:00,0,0,0
2022-03-01 03:00:00,0,0,0
2022-03-01 04:00:00,0,0,0
2022-03-01 05:00:00,0,0,0
2022-03-01 06:00:00,0,0,0
2022-03-01 07:00:00,0,0,0
2022-03-01 08:00:00,0,0,0
2022-03-01 09:00:00,0,0,0
2022-03-01 10:00:00,0,0,0
2022-03-01 11:00:00,0,0,0
2022-03-01 12:00:00,0,0,0
2022-03-01 13:00:00,0,0,0
2022-03-01 14:00:00,0,0,0
2022-03-01 15:00:00,0,0,0
2022-03-01 16:00:00,0,0,0
2022-03-01 17:00:00,0,0,0
2022-03-01 18:00:00,0,0,0
2022-03-01 19:00:00,0,0,0
2022-03-01 20:00:00,0,0,0
2022-03-01 21:00:00,0,0,0
2022-03-01 22:00:00,0,0,0
2022-03-01 23:00:00,0,0,0
2022-03-02 00:00:00,0,0,0
2022-03-02 01:00:00,0,0,0
2022-03-02 02:00:00,0,0,0
2022-03-02 03:00:00,0,0,0
2022-03-02 04:00:00,0,0,0
2022-03-02 05:00:00,0,0,0
2022-03-02 06:00:00,0,0,0
2022-03-02 07:00:00,0,0,0
2022-03-02 08:00:00,0,0,0
2022-03-02 09:00:00,0,0,0
2022-03-02 10:00:00,0,0,0
2022-03-02 11:00:00,0,0,0
2022-03-02 12:00:00,0,0,0
2022-03-02 13:00:00,0,0,0
2022-03-02 14:00:00,0,0,0
2022-03-02 15:00:00,0,0,0
2022-03-02 16:00:00,0,0,0
2022-03-02 17:00:00,0,0,0
2022-03-02 18:00:00,0,0,0
2022-03-02 19:00:00,0,0,0
2022-03-02 20:00:00,0,0,0
2022-03-02 21:00:00,0,0,0
2022-03-02 22:00:00,0,0,0
2022-03-02 23:00:00,0,0,0
2022-03-03 00:00:00,0,0,0
2022-03-03 01:00:00,0,0,0
2022-03-03 02:00:00,0,0,0
2022-03-03 03:00:00,0,0,0
2022-03-03 04:00:00,0,0,0
2022-03-03 05:00:00,0,0,0
2022-03-03 06:00:00,0,0,0
2022-03-03 07:00:00,0,0,0
2022-03-03 08:00:00,0,0,0
2022-03-03 09:00:00,0,0,0
2022-03-03 10:00:00,0,0,0
2022-03-03 11:00:00,0,0,0
2022-03-03 12:00:00,0,0,0
2022-03-03 13:00:00,0,0,0
2022-03-03 14:00:00,0,0,0
2022-03-03 15:00:00,0,0,0
2022-03-03 16:00:00,0,0,0
2022-03-03 17:00:00,0,0,0
2022-03-03 18:00:00,0,0,0
2022-03-03 19:00:00,0,0,0
2022-03-03 20:00:00,0,0,0
2022-03-03 21:00:00,0,0,0
2022-03-03 22:00:00,0,0,0
2022-03-03 23:00:00,0,0,0
2022-03-04 00:00:00,0,0,0
2022-03-04 01:00:00,0,0,0
2022-03-04 02:00:00,0,0,0
2022-03-04 03:00:00,0,0,0
2022-03-04 04:00:00,0,0,0
2022-03-04 05:00:00,0,0,0
2022-03-04 06:00:00,0,0,0
2022-03-04 07:00:00,0,0,0
2022-03-04 08:00:00,0,0,0
2022-03-04 09:00:00,0,0,0
2022-03-04 10:00:00,0,0,0
2022-03-04 11:00:00,0,0,0
2022-03-04 12:00:00,0,0,0
2022-03-04 13:00:00,0,0,0
2022-03-04 14:00:00,0,0,0
2022-03-04 15:00:00,0,0,0
2022-03-04 16:00:00,0,0,0
2022-03-04 17:00:00,0,0,0
2022-03-04 18:00:00,0,0,0
2022-03-04 19:00:00,0,0,0
2022-03-04 20:00:00,0,0,0
2022-03-04 21:00:00,0,0,0
2022-03-04 22:00:00,0,0,0
2022-03-04 23:00:00,0,0,0
2022-03-05 00:00:00,0,0,0
2022-03-05 01:00:00,0,0,0
2022-03-05 02:00:00,0,0,0
2022-03-05 03:00:00,0,0,0
2022-03-05 04:00:00,0,0,0
2022-03-05 05:00:00,0,0,0
2022-03-05 06:00:00,0,0,0
2022-03-05 07:00:00,0,0,0
2022-03-05 08:00:00,0,0,0
2022-03-05 09:00:00,0,0,0
2022-03-05 10:00:00,0,0,0
2022-03-05 11:00:00,0,0,0
2022-03-05 12:00:00,0,0,0
2022-03-05 13:00:00,0,0,0
2022-03-05 14:00:00,0,0,0
2022-03-05 15:00:00,0,0,0
2022-03-05 16:00:00,0,0,0
2022-03-05 17:00:00,0,0,0
2022-03-05 18:00:00,0,0,0
2022-03-05 19:00:00,0,0,0
2022-03-05 20:00:00,0,0,0
2022-03-05 21:00:00,0,0,0
2022-03-05 22:00:00,0,0,0
2022-03-05 23:00:00,0,0,0
2022-03-06 00:00:00,0,0,0
2022-03-06 01:00:00,0,0,0
2022-03-06 02:00:00,0,0,0
2022-03-06 03:00:00,0,0,0
2022-03-06 04:00:00,0,0,0
2022-03-06 05:00:00,0,0,0
2022-03-06 06:00:00,0,0,0
2022-03-06 07:00:00,0,0,0
2022-03-06 08:00:00,0,0,0
2022-03-06 09:00:00,0,0,0
2022-03-06 10:00:00,0,0,0
2022-03-06 11:00:00,0,0,0
2022-03-06 12:00:00,0,0,0
2022-03-06 13:00:00,0,0,0
2022-03-06 14:00:00,0,0,0
2022-03-06 15:00:00,0,0,0
2022-03-06 16:00:00,0,0,0
2022-03-06 17:00:00,0,0,0
2022-03-06 18:00:00,0,0,0
2022-03-06 19:00:00,0,0,0
2022-03-06 20:00:00,0,0,0
2022-03-06 21:00:00,0,0,0
2022-03-06 22:00:00,0,0,0
2022-03-06 23:00:00,0,0,0
2022-03-07 00:00:00,0,0,0
2022-03-07 01:00:00,0,0,0
2022-03-07 02:00:00,0,0,0
2022-03-07 03:00:00,0,0,0
2022-03-07 04:00:00,0,0,0
2022-03-07 05:00:00,0,0,0
2022-03-07 06:00:00,0,0,0
2022-03-07 07:00:00,0,0,0
2022-03-07 08:00:00,0,0,0
2022-03-07 09:00:00,0,0,0
2022-03-07 10:00:00,0,0,0
2022-03-07 11:00:00,0,0,0
2022-03-07 12:00:00,0,0,0
2022-03-07 13:00:00,0,0,0
2022-03-07 14:00:00,0,0,0
2022-03-07 15:00:00,0,0,0
2022-03-07 16:00:00,0,0,0
2022-03-07 17:00:00,0,0,0
2022-03-07 18:00:00,0,0,0
2022-03-07 19:00:00,0,0,0
2022-03-07 20:00:00,0,0,0
2022-03-07 21:00:00,0,0,0
2022-03-07 22:00:00,0,0,0
2022-03-07 23:00:00,0,0,0
2022-03-08 00:00:00,0,0,0
2022-03-08 01:00:00,0,0,0
2022-03-08 02:00:00,0,0,0
2022-03-08 03:00:00,0,0,0
2022-03-08 04:00:00,0,0,0
2022-03-08 05:00:00,0,0,0
2022-03-08 06:00:00,0,0,0
2022-03-08 07:00:00,0,0,0
2022-03-08 08:00:00,0,0,0
2022-03-08 09:00:00,0,0,0
2022-03-08 10:00:00,0,0,0
2022-03-08 11:00:00,0,0,0
2022-03-08 12:00:00,0,0,0
2022-03-08 13:00:00,0,0,0
2022-03-08 14:00:00,0,0,0
2022-03-08 15:00:00,0,0,0
2022-03-08 16:00:00,0,0,0
2022-03-08 17:00:00,0,0,0
2022-03-08 18:00:00,0,0,0
2022-03-08 19:00:00,0,0,0
2022-03-08 20:00:00,0,0,0
2022-03-08 21:00:00,0,0,0
2022-03-08 22:00:00,0,0,0
2022-03-08 23:00:00,0,0,0
2022-03-09 00:00:00,0,0,0
2022-03-09 01:00:00,0,0,0
2022-03-09 02:00:00,0,0,0
2022-03-09 03:00:00,0,0,0
2022-03-09 04:00:00,0,0,0
2022-03-09 05:00:00,0,0,0
2022-03-09 06:00:00,0,0,0
2022-03-09 07:00:00,0,0,0
2022-03-09 08:00:00,0,0,0
2022-03-09 09:00:00,0,0,0
2022-03-09 10:00:00,0,0,0
2022-03-09 11:00:00,0,0,0
2022-03-09 12:00:00,0,0,0
2022-03-09 13:00:00,0,0,0
2022-03-09 14:00:00,0,0,0
2022-03-09 15:00:00,0,0,0
2022-03-09 16:00:00,0,0,0
2022-03-09 17:00:00,0,0,0
2022-03-09 18:00:00,0,0,0
2022-03-09 19:00:00,0,0,0
2022-03-09 20:00:00,0,0,0
2022-03-09 21:00:00,0,0,0
2022-03-09 22:00:00,0,0,0
2022-03-09 23:00:00,0,0,0
2022-03-10 00:00:00,0,0,0
2022-03-10 01:00:00,0,0,0
2022-03-10 02:00:00,0,0,0
2022-03-10 03:00:00,0,0,0
2022-03-10 04:00:00,0,0,0
2022-03-10 05:00:00,0,0,0
2022-03-10 06:00:00,0,0,0
2022-03-10 07:00:00,0,0,0
2022-03-10 08:00:00,0,0,0
2022-03-10 09:00:00,0,0,0
2022-03-10 10:00:00,0,0,0
2022-03-10 11:00:00,0,0,0
2022-03-10 12:00:00,0,0,0
2022-03-10 13:00:00,0,0,0
2022-03-10 14:00:00,0,0,0
2022-03-10 15:00:00,0,0,0
2022-03-10 16:00:00,0,0,0
2022-03-10 17:00:00,0,0,0
2022-03-10 18:00:00,0,0,0
2022-03-10 19:00:00,0,0,0
2022-03-10 20:00:00,0,0,0
2022-03-10 21:00:00,0,0,0
2022-03-10 22:00:00,0,0,0
2022-03-10 23:00:00,0,0,0
2022-03-11 00:00:00,0,0,0
2022-03-11 01:00:00,0,0,0
2022-03-11 02:00:00,0,0,0
2022-03-11 03:00:00,0,0,0
2022-03-11 04:00:00,0,0,0
2022-03-11 05:00:00,0,0,0
2022-03-11 06:00:00,0,0,0
2022-03-11 07:00:00,0,0,0
2022-03-11 08:00:00,0,0,0
2022-03-11 09:00:00,0,0,0
2022-03-11 10:00:00,0,0,0
2022-03-11 11:00:00,0,0,0
2022-03-11 12:00:00,0,0,0
2022-03-11 13:00:00,0,0,0
2022-03-11 14:00:00,0,0,0
2022-03-11 15:00:00,0,0,0
2022-03-11 16:00:00,0,0,0
2022-03-11 17:00:00,0,0,0
2022-03-11 18:00:00,0,0,0
2022-03-11 19:00:00,0,0,0
2022-03-11 20:00:00,0,0,0
2022-03-11 21:00:00,0,0,0
2022-03-11 22:00:00,0,0,0
2022-03-11 23:00:00,0,0,0
2022-03-12 00:00:00,0,0,0
2022-03-12 01:00:00,0,0,0
2022-03-12 02:00:00,0,0,0
2022-03-12 03:00:00,0,0,0
2022-03-12 04:00:00,0,0,0
2022-03-12 05:00:00,0,0,0
2022-03-12 06:00:00,0,0,0
2022-03-12 07:00:00,0,0,0
2022-03-12 08:00:00,0,0,0
2022-03-12 09:00:00,0,0,0
2022-03-12 10:00:00,0,0,0
2022-03-12 11:00:00,0,0,0
2022-03-12 12:00:00,0,0,0
2022-03-12 13:00:00,0,0,0
2022-03-12 14:00:00,0,0,0
2022-03-12 15:00:00,0,0,0
2022-03-12 16:00:00,0,0,0
2022-03-12 17:00:00,0,0,0
2022-03-12 18:00:00,0,0,0
2022-03-12 19:00:00,0,0,0
2022-03-12 20:00:00,0,0,0
2022-03-12 21:00:00,0,0,0
2022-03-12 22:00:00,0,0,0
2022-03-12 23:00:00,0,0,0
2022-03-13 00:00:00,0,0,0
2022-03-13 01:00:00,0,0,0
2022-03-13 02:00:00,0,0,0
2022-03-13 03:00:00,0,0,0
2022-03-13 04:00:00,0,0,0
2022-03-13 05:00:00,0,0,0
2022-03-13 06:00:00,0,0,0
2022-03-13 07:00:00,0,0,0
2022-03-13 08:00:00,0,0,0
2022-03-13 09:00:00,0,0,0
2022-03-13 10:00:00,0,0,0
2022-03-13 11:00:00,0,0,0
2022-03-13 12:00:00,0,0,0
2022-03-13 13:00:00,0,0,0
2022-03-13 14:00:00,0,0,0
2022-03-13 15:00:00,0,0,0
2022-03-13 16:00:00,0,0,0
2022-03-13 17:00:00,0,0,0
2022-03-13 18:00:00,0,0,0
2022-03-13 19:00:00,0,0,0
2022-03-13 20:00:00,0,0,0
2022-03-13 21:00:00,0,0,0
2022-03-13 22:00:00,0,0,0
2022-03-13 23:00:00,0,0,0
2022-03-14 00:00:00,0,0,0
2022-03-14 01:00:00,0,0,0
2022-03-14 02:00:00,0,0,0
2022-03-14 03:00:00,0,0,0
2022-03-14 04:00:00,0,0,0
2022-03-14 05:00:00,0,0,0
2022-03-14 06:00:00,0,0,0
2022-03-14 07:00:00,0,0,0
2022-03-14 08:00:00,0,0,0
2022-03-14 09:00:00,0,0,0
2022-03-14 10:00:00,0,0,0
2022-03-14 11:00:00,0,0,0
2022-03-14 12:00:00,0,0,0
2022-03-14 13:00:00,0,0,0
2022-03-14 14:00:00,0,0,0
2022-03-14 15:00:00,0,0,0
2022-03-14 16:00:00,0,0,0
2022-03-14 17:00:00,0,0,0
2022-03-14 18:00:00,0,0,0
2022-03-14 19:00:00,0,0,0
2022-03-14 20:00:00,0,0,0
2022-03-14 21:00:00,0,0,0
2022-03-14 22:00:00,0,0,0
2022-03-14 23:00:00,0,0,0
2022-03-15 00:00:00,0,0,0
2022-03-15 01:00:00,0,0,0
2022-03-15 02:00:00,0,0,0
2022-03-15 03:00:00,0,0,0
2022-03-15 04:00:00,0,0,0
2022-03-15 05:00:00,0,0,0
2022-03-15 06:00:00,0,0,0
2022-03-15 07:00:00,0,0,0
2022-03-15 08:00:00,0,0,0
2022-03-15 09:00:00,0,0,0
2022-03-15 10:00:00,0,0,0
2022-03-15 11:00:00,0,0,0
2022-03-15 12:00:00,0,0,0
2022-03-15 13:00:00,0,0,0
2022-03-15 14:00:00,0,0,0
2022-03-15 15:00:00,0,0,0
2022-03-15 16:00:00,0,0,0
2022-03-15 17:00:00,0,0,0
2022-03-15 18:00:00,0,0,0
2022-03-15 19:00:00,0,0,0
2022-03-15 20:00:00,0,0,0
2022-03-15 21:00:00,0,0,0
2022-03-15 22:00:00,0,0,0
2022-03-15 23:00:00,0,0,0
2022-03-16 00:00:00,0,0,0
2022-03-16 01:00:00,0,0,0
2022-03-16 02:00:00,0,0,0
2022-03-16 03:00:00,0,0,0
2022-03-16 04:00:00,0,0,0
2022-03-16 05:00:00,0,0,0
2022-03-16 06:00:00,0,0,0
2022-03-16 07:00:00,0,0,0
2022-03-16 08:00:00,0,0,0
2022-03-16 09:00:00,0,0,0
2022-03-16 10:00:00,0,0,0
2022-03-16 11:00:00,0,0,0
2022-03-16 12:00:00,0,0,0
2022-03-16 13:00:00,0,0,0
2022-03-16 14:00:00,0,0,0
2022-03-16 15:00:00,0,0,0
2022-03-16 16:00:00,0,0,0
2022-03-16 17:00:00,0,0,0
2022-03-16 18:00:00,0,0,0
2022-03-16 19:00:00,0,0,0
2022-03-16 20:00:00,0,0,0
2022-03-16 21:00:00,0,0,0
2022-03-16 22:00:00,0,0,0
2022-03-16 23:00:00,0,0,0
2022-03-17 00:00:00,0,0,0
2022-03-17 01:00:00,0,0,0
2022-03-17 02:00:00,0,0,0
2022-03-17 03:00:00,0,0,0
2022-03-17 04:00:00,0,0,0
2022-03-17 05:00:00,0,0,0
2022-03-17 06:00:00,0,0,0
2022-03-17 07:00:00,0,0,0
2022-03-17 08:00:00,0,0,0
2022-03-17 09:00:00,0,0,0
2022-03-17 10:00:00,0,0,0
2022-03-17 11:00:00,0,0,0
2022-03-17 12:00:00,0,0,0
2022-03-17 13:00:00,0,0,0
2022-03-17 14:00:00,0,0,0
2022-03-17 15:00:00,0,0,0
2022-03-17 16:00:00,0,0,0
2022-03-17 17:00:00,0,0,0
2022-03-17 18:00:00,0,0,0
2022-03-17 19:00:00,0,0,0
2022-03-17 20:00:00,0,0,0
2022-03-17 21:00:00,0,0,0
2022-03-17 22:00:00,0,0,0
2022-03-17 23:00:00,0,0,0
2022-03-18 00:00:00,0,0,0
2022-03-18 01:00:00,0,0,0
2022-03-18 02:00:00,0,0,0
2022-03-18 03:00:00,0,0,0
2022-03-18 04:00:00,0,0,0
2022-03-18 05:00:00,0,0,0
2022-03-18 06:00:00,0,0,0
2022-03-18 07:00:00,0,0,0
2022-03-18 08:00:00,0,0,0
2022-03-18 09:00:00,0,0,0
2022-03-18 10:00:00,0,0,0
2022-03-18 11:00:00,0,0,0
2022-03-18 12:00:00,0,0,0
2022-03-18 13:00:00,0,0,0
2022-03-18 14:00:00,0,0,0
2022-03-18 15:00:00,0,0,0
2022-03-18 16:00:00,0,0,0
2022-03-18 17:00:00,0,0,0
2022-03-18 18:00:00,0,0,0
2022-03-18 19:00:00,0,0,0
2022-03-18 20:00:00,0,0,0
2022-03-18 21:00:00,0,0,0
2022-03-18 22:00:00,0,0,0
2022-03-18 23:00:00,0,0,0
2022-03-19 00:00:00,0,0,0
2022-03-19 01:00:00,0,0,0
2022-03-19 02:00:00,0,0,0
2022-03-19 03:00:00,0,0,0
2022-03-19 04:00:00,0,0,0
2022-03-19 05:00:00,0,0,0
2022-03-19 06:00:00,0,0,0
2022-03-19 07:00:00,0,0,0
2022-03-19 08:00:00,0,0,0
2022-03-19 09:00:00,0,0,0
2022-03-19 10:00:00,0,0,0
2022-03-19 11:00:00,0,0,0
2022-03-19 12:00:00,0,0,0
2022-03-19 13:00:00,0,0,0
2022-03-19 14:00:00,0,0,0
2022-03-19 15:00:00,0,0,0
2022-03-19 16:00:00,0,0,0
2022-03-19 17:00:00,0,0,0
2022-03-19 18:00:00,0,0,0
2022-03-19 19:00:00,0,0,0
2022-03-19 20:00:00,0,0,0
2022-03-19 21:00:00,0,0,0
2022-03-19 22:00:00,0,0,0
2022-03-19 23:00:00,0,0,0
2022-03-20 00:00:00,0,0,0
2022-03-20 01:00:00,0,0,0
2022-03-20 02:00:00,0,0,0
2022-03-20 03:00:00,0,0,0
2022-03-20 04:00:00,0,0,0
2022-03-20 05:00:00,0,0,0
2022-03-20 06:00:00,0,0,0
2022-03-20 07:00:00,0,0,0
2022-03-20 08:00:00,0,0,0
2022-03-20 09:00:00,0,0,0
2022-03-20 10:00:00,0,0,0
2022-03-20 11:00:00,0,0,0
2022-03-20 12:00:00,0,0,0
2022-03-20 13:00:00,0,0,0
2022-03-20 14:00:00,0,0,0
2022-03-20 15:00:00,0,0,0
2022-03-20 16:00:00,0,0,0
2022-03-20 17:00:00,0,0,0
2022-03-20 18:00:00,0,0,0
2022-03-20 19:00:00,0,0,0
2022-03-20 20:00:00,0,0,0
2022-03-20 21:00:00,0,0,0
2022-03-20 22:00:00,0,0,0
2022-03-20 23:00:00,0,0,0
2022-03-21 00:00:00,0,0,0
2022-03-21 01:00:00,0,0,0
2022-03-21 02:00:00,0,0,0
2022-03-21 03:00:00,0,0,0
2022-03-21 04:00:00,0,0,0
2022-03-21 05:00:00,0,0,0
2022-03-21 06:00:00,0,0,0
2022-03-21 07:00:00,0,0,0
2022-03-21 08:00:00,0,0,0
2022-03-21 09:00:00,0,0,0
2022-03-21 10:00:00,0,0,0
2022-03-21 11:00:00,0,0,0
2022-03-21 12:00:00,0,0,0
2022-03-21 13:00:00,0,0,0
2022-03-21 14:00:00,0,0,0
2022-03-21 15:00:00,0,0,0
2022-03-21 16:00:00,0,0,0
2022-03-21 17:00:00,0,0,0
2022-03-21 18:00:00,0,0,0
2022-03-21 19:00:00,0,0,0
2022-03-21 20:00:00,0,0,0
2022-03-21 21:00:00,0,0,0
2022-03-21 22:00:00,0,0,0
2022-03-21 23:00:00,0,0,0
2022-03-22 00:00:00,0,0,0
2022-03-22 01:00:00,0,0,0
2022-03-22 02:00:00,0,0,0
2022-03-22 03:00:00,0,0,0
2022-03-22 04:00:00,0,0,0
2022-03-22 05:00:00,0,0,0
2022-03-22 06:00:00,0,0,0
2022-03-22 07:00:00,0,0,0
2022-03-22 08:00:00,0,0,0
2022-03-22 09:00:00,0,0,0
2022-03-22 10:00:00,0,0,0
2022-03-22 11:00:00,0,0,0
2022-03-22 12:00:00,0,0,0
2022-03-22 13:00:00,0,0,0
2022-03-22 14:00:00,0,0,0
2022-03-22 15:00:00,0,0,0
2022-03-22 16:00:00,0,0,0
2022-03-22 17:00:00,0,0,0
2022-03-22 18:00:00,0,0,0
2022-03-22 19:00:00,0,0,0
2022-03-22 20:00:00,0,0,0
2022-03-22 21:00:00,0,0,0
2022-03-22 22:00:00,0,0,0
2022-03-22 23:00:00,0,0,0
2022-03-23 00:00:00,0,0,0
2022-03-23 01:00:00,0,0,0
2022-03-23 02:00:00,0,0,0
2022-03-23 03:00:00,0,0,0
2022-03-23 04:00:00,0,0,0
2022-03-23 05:00:00,0,0,0
2022-03-23 06:00:00,0,0,0
2022-03-23 07:00:00,0,0,0
2022-03-23 08:00:00,0,0,0
2022-03-23 09:00:00,0,0,0
2022-03-23 10:00:00,0,0,0
2022-03-23 11:00:00,0,0,0
2022-03-23 12:00:00,0,0,0
2022-03-23 13:00:00,0,0,0
2022-03-23 14:00:00,0,0,0
2022-03-23 15:00:00,0,0,0
2022-03-23 16:00:00,0,0,0
2022-03-23 17:00:00,0,0,0
2022-03-23 18:00:00,0,0,0
2022-03-23 19:00:00,0,0,0
2022-03-23 20:00:00,0,0,0
2022-03-23 21:00:00,0,0,0
2022-03-23 22:00:00,0,0,0
2022-03-23 23:00:00,0,0,0
2022-03-24 00:00:00,0,0,0
2022-03-24 01:00:00,0,0,0
2022-03-24 02:00:00,0,0,0
2022-03-24 03:00:00,0,0,0
2022-03-24 04:00:00,0,0,0
2022-03-24 05:00:00,0,0,0
2022-03-24 06:00:00,0,0,0
2022-03-24 07:00:00,0,0,0
2022-03-24 08:00:00,0,0,0
2022-03-24 09:00:00,0,0,0
2022-03-24 10:00:00,0,0,0
2022-03-24 11:00:00,0,0,0
2022-03-24 12:00:00,0,0,0
2022-03-24 13:00:00,0,0,0
2022-03-24 14:00:00,0,0,0
2022-03-24 15:00:00,0,0,0
2022-03-24 16:00:00,0,0,0
2022-03-24 17:00:00,0,0,0
2022-03-24 18:00:00,0,0,0
2022-03-24 19:00:00,0,0,0
2022-03-24 20:00:00,0,0,0
2022-03-24 21:00:00,0,0,0
2022-03-24 22:00:00,0,0,0
2022-03-24 23:00:00,0,0,0
2022-03-25 00:00:00,0,0,0
2022-03-25 01:00:00,0,0,0
2022-03-25 02:00:00,0,0,0
2022-03-25 03:00:00,0,0,0
2022-03-25 04:00:00,0,0,0
2022-03-25 05:00:00,0,0,0
2022-03-25 06:00:00,0,0,0
2022-03-25 07:00:00,0,0,0
2022-03-25 08:00:00,0,0,0
2022-03-25 09:00:00,0,0,0
2022-03-25 10:00:00,0,0,0
2022-03-25 11:00:00,0,0,0
2022-03-25 12:00:00,0,0,0
2022-03-25 13:00:00,0,0,0
2022-03-25 14:00:00,0,0,0
2022-03-25 15:00:00,0,0,0
2022-03-25 16:00:00,0,0,0
2022-03-25 17:00:00,0,0,0
2022-03-25 18:00:00,0,0,0
2022-03-25 19:00:00,0,0,0
2022-03-25 20:00:00,0,0,0
2022-03-25 21:00:00,0,0,0
2022-03-25 22:00:00,0,0,0
2022-03-25 23:00:00,0,0,0
2022-03-26 00:00:00,0,0,0
2022-03-26 01:00:00,0,0,0
2022-03-26 02:00:00,0,0,0
2022-03-26 03:00:00,0,0,0
2022-03-26 04:00:00,0,0,0
2022-03-26 05:00:00,0,0,0
2022-03-26 06:00:00,0,0,0
2022-03-26 07:00:00,0,0,0
2022-03-26 08:00:00,0,0,0
2022-03-26 09:00:00,0,0,0
2022-03-26 10:00:00,0,0,0
2022-03-26 11:00:00,0,0,0
2022-03-26 12:00:00,0,0,0
2022-03-26 13:00:00,0,0,0
2022-03-26 14:00:00,0,0,0
2022-03-26 15:00:00,0,0,0
2022-03-26 16:00:00,0,0,0
2022-03-26 17:00:00,0,0,0
2022-03-26 18:00:00,0,0,0
2022-03-26 19:00:00,0,0,0
2022-03-26 20:00:00,0,0,0
2022-03-26 21:00:00,0,0,0
2022-03-26 22:00:00,0,0,0
2022-03-26 23:00:00,0,0,0
2022-03-27 00:00:00,0,0,0
2022-03-27 01:00:00,0,0,0
2022-03-27 02:00:00,0,0,0
2022-03-27 03:00:00,0,0,0
2022-03-27 04:00:00,0,0,0
2022-03-27 05:00:00,0,0,0
2022-03-27 06:00:00,0,0,0
2022-03-27 07:00:00,0,0,0
2022-03-27 08:00:00,0,0,0
2022-03-27 09:00:00,0,0,0
2022-03-27 10:00:00,0,0,0
2022-03-27 11:00:00,0,0,0
2022-03-27 12:00:00,0,0,0
2022-03-27 13:00:00,0,0,0
2022-03-27 14:00:00,0,0,0
2022-03-27 15:00:00,0,0,0
2022-03-27 16:00:00,0,0,0
2022-03-27 17:00:00,0,0,0
2022-03-27 18:00:00,0,0,0
2022-03-27 19:00:00,0,0,0
2022-03-27 20:00:00,0,0,0
2022-03-27 21:00:00,0,0,0
2022-03-27 22:00:00,0,0,0
2022-03-27 23:00:00,0,0,0
2022-03-28 00:00:00,0,0,0
2022-03-28 01:00:00,0,0,0
2022-03-28 02:00:00,0,0,0
2022-03-28 03:00:00,0,0,0
2022-03-28 04:00:00,0,0,0
2022-03-28 05:00:00,0,0,0
2022-03-28 06:00:00,0,0,0
2022-03-28 07:00:00,0,0,0
2022-03-28 08:00:00,0,0,0
2022-03-28 09:00:00,0,0,0
2022-03-28 10:00:00,0,0,0
2022-03-28 11:00:00,0,0,0
2022-03-28 12:00:00,0,0,0
2022-03-28 13:00:00,0,0,0
2022-03-28 14:00:00,0,0,0
2022-03-28 15:00:00,0,0,0
2022-03-28 16:00:00,0,0,0
2022-03-28 17:00:00,0,0,0
2022-03-28 18:00:00,0,0,0
2022-03-28 19:00:00,0,0,0
2022-03-28 20:00:00,0,0,0
2022-03-28 21:00:00,0,0,0
2022-03-28 22:00:00,0,0,0
2022-03-28 23:00:00,0,0,0
2022-03-29 00:00:00,0,0,0
2022-03-29 01:00:00,0,0,0
2022-03-29 02:00:00,0,0,0
2022-03-29 03:00:00,0,0,0
2022-03-29 04:00:00,0,0,0
2022-03-29 05:00:00,0,0,0
2022-03-29 06:00:00,0,0,0
2022-03-29 07:00:00,0,0,0
2022-03-29 08:00:00,0,0,0
2022-03-29 09:00:00,0,0,0
2022-03-29 10:00:00,0,0,0
2022-03-29 11:00:00,0,0,0
2022-03-29 12:00:00,0,0,0
2022-03-29 13:00:00,0,0,0
2022-03-29 14:00:00,0,0,0
2022-03-29 15:00:00,0,0,0
2022-03-29 16:00:00,0,0,0
2022-03-29 17:00:00,0,0,0
2022-03-29 18:00:00,0,0,0
2022-03-29 19:00:00,0,0,0
2022-03-29 20:00:00,0,0,0
2022-03-29 21:00:00,0,0,0
2022-03-29 22:00:00,0,0,0
2022-03-29 23:00:00,0,0,0
2022-03-30 00:00:00,0,0,0
2022-03-30 01:00:00,0,0,0
2022-03-30 02:00:00,0,0,0
2022-03-30 03:00:00,0,0,0
2022-03-30 04:00:00,0,0,0
2022-03-30 05:00:00,0,0,0
2022-03-30 06:00:00,0,0,0
2022-03-30 07:00:00,0,0,0
2022-03-30 08:00:00,0,0,0
2022-03-30 09:00:00,0,0,0
2022-03-30 10:00:00,0,0,0
2022-03-30 11:00:00,0,0,0
2022-03-30 12:00:00,0,0,0
2022-03-30 13:00:00,0,0,0
2022-03-30 14:00:00,0,0,0
2022-03-30 15:00:00,0,0,0
2022-03-30 16:00:00,0,0,0
2022-03-30 17:00:00,0,0,0
2022-03-30 18:00:00,0,0,0
2022-03-30 19:00:00,0,0,0
2022-03-30 20:00:00,0,0,0
2022-03-30 21:00:00,0,0,0
2022-03-30 22:00:00,0,0,0
2022-03-30 23:00:00,0,0,0
2022-03-31 00:00:00,0,0,0
2022-03-31 01:00:00,0,0,0
2022-03-31 02:00:00,0,0,0
2022-03-31 03:00:00,0,0,0
2022-03-31 04:00:00,0,0,0
2022-03-31 05:00:00,0,0,0
2022-03-31 06:00:00,0,0,0
2022-03-31 07:00:00,0,0,0
2022-03-31 08:00:00,0,0,0
2022-03-31 09:00:00,0,0,0
2022-03-31 10:00:00,0,0,0
2022-03-31 11:00:00,0,0,0
2022-03-31 12:00:00,0,0,0
2022-03-31 13:00:00,0,0,0
2022-03-31 14:00:00,0,0,0
2022-03-31 15:00:00,0,0,0
2022-03-31 16:00:00,0,0,0
2022-03-31 17:00:00,0,0,0
2022-03-31 18:00:00,0,0,0
2022-03-31 19:00:00,0,0,0
2022-03-31 20:00:00,0,0,0
2022-03-31 21:00:00,0,0,0
2022-03-31 22:00:00,0,0,0
2022-03-31 23:00:00,0,0,0
2022-04-01 00:00:00,0,0,0
2022-04-01 01:00:00,0,0,0
2022-04-01 02:00:00,0,0,0
2022-04-01 03:00:00,0,0,0
2022-04-01 04:00:00,0,0,0
2022-04-01 05:00:00,0,0,0
2022-04-01 06:00:00,0,0,0
2022-04-01 07:00:00,0,0,0
2022-04-01 08:00:00,0,0,0
2022-04-01 09:00:00,0,0,0
2022-04-01 10:00:00,0,0,0
2022-04-01 11:00:00,0,0,0
2022-04-01 12:00:00,0,0,0
2022-04-01 13:00:00,0,0,0
2022-04-01 14:00:00,0,0,0
2022-04-01 15:00:00,0,0,0
2022-04-01 16:00:00,0,0,0
2022-04-01 17:00:00,0,0,0
2022-04-01 18:00:00,0,0,0
2022-04-01 19:00:00,0,0,0
2022-04-01 20:00:00,0,0,0
2022-04-01 21:00:00,0,0,0
2022-04-01 22:00:00,0,0,0
2022-04-01 23:00:00,0,0,0
2022-04-02 00:00:00,0,0,0
2022-04-02 01:00:00,0,0,0
2022-04-02 02:00:00,0,0,0
2022-04-02 03:00:00,0,0,0
2022-04-02 04:00:00,0,0,0
2022-04-02 05:00:00,0,0,0
2022-04-02 06:00:00,0,0,0
2022-04-02 07:00:00,0,0,0
2022-04-02 08:00:00,0,0,0
2022-04-02 09:00:00,0,0,0
2022-04-02 10:00:00,0,0,0
2022-04-02 11:00:00,0,0,0
2022-04-02 12:00:00,0,0,0
2022-04-02 13:00:00,0,0,0
2022-04-02 14:00:00,0,0,0
2022-04-02 15:00:00,0,0,0
2022-04-02 16:00:00,0,0,0
2022-04-02 17:00:00,0,0,0
2022-04-02 18:00:00,0,0,0
2022-04-02 19:00:00,0,0,0
2022-04-02 20:00:00,0,0,0
2022-04-02 21:00:00,0,0,0
2022-04-02 22:00:00,0,0,0
2022-04-02 23:00:00,0,0,0
2022-04-03 00:00:00,0,0,0
2022-04-03 01:00:00,0,0,0
2022-04-03 02:00:00,0,0,0
2022-04-03 03:00:00,0,0,0
2022-04-03 04:00:00,0,0,0
2022-04-03 05:00:00,0,0,0
2022-04-03 06:00:00,0,0,0
2022-04-03 07:00:00,0,0,0
2022-04-03 08:00:00,0,0,0
2022-04-03 09:00:00,0,0,0
2022-04-03 10:00:00,0,0,0
2022-04-03 11:00:00,0,0,0
2022-04-03 12:00:00,0,0,0
2022-04-03 13:00:00,0,0,0
2022-04-03 14:00:00,0,0,0
2022-04-03 15:00:00,0,0,0
2022-04-03 16:00:00,0,0,0
2022-04-03 17:00:00,0,0,0
2022-04-03 18:00:00,0,0,0
2022-04-03 19:00:00,0,0,0
2022-04-03 20:00:00,0,0,0
2022-04-03 21:00:00,0,0,0
2022-04-03 22:00:00,0,0,0
2022-04-03 23:00:00,0,0,0
2022-04-04 00:00:00,0,0,0
2022-04-04 01:00:00,0,0,0
2022-04-04 02:00:00,0,0,0
2022-04-04 03:00:00,0,0,0
2022-04-04 04:00:00,0,0,0
2022-04-04 05:00:00,0,0,0
2022-04-04 06:00:00,0,0,0
2022-04-04 07:00:00,0,0,0
2022-04-04 08:00:00,0,0,0
2022-04-04 09:00:00,0,0,0
2022-04-04 10:00:00,0,0,0
2022-04-04 11:00:00,0,0,0
2022-04-04 12:00:00,0,0,0
2022-04-04 13:00:00,0,0,0
2022-04-04 14:00:00,0,0,0
2022-04-04 15:00:00,0,0,0
2022-04-04 16:00:00,0,0,0
2022-04-04 17:00:00,0,0,0
2022-04-04 18:00:00,0,0,0
2022-04-04 19:00:00,0,0,0
2022-04-04 20:00:00,0,0,0
2022-04-04 21:00:00,0,0,0
2022-04-04 22:00:00,0,0,0
2022-04-04 23:00:00,0,0,0
2022-04-05 00:00:00,0,0,0
2022-04-05 01:00:00,0,0,0
2022-04-05 02:00:00,0,0,0
2022-04-05 03:00:00,0,0,0
2022-04-05 04:00:00,0,0,0
2022-04-05 05:00:00,0,0,0
2022-04-05 06:00:00,0,0,0
2022-04-05 07:00:00,0,0,0
2022-04-05 08:00:00,0,0,0
2022-04-05 09:00:00,0,0,0
2022-04-05 10:00:00,0,0,0
2022-04-05 11:00:00,0,0,0
2022-04-05 12:00:00,0,0,0
2022-04-05 13:00:00,0,0,0
2022-04-05 14:00:00,0,0,0
2022-04-05 15:00:00,0,0,0
2022-04-05 16:00:00,0,0,0
2022-04-05 17:00:00,0,0,0
2022-04-05 18:00:00,0,0,0
2022-04-05 19:00:00,0,0,0
2022-04-05 20:00:00,0,0,0
2022-04-05 21:00:00,0,0,0
2022-04-05 22:00:00,0,0,0
2022-04-05 23:00:00,0,0,0
2022-04-06 00:00:00,0,0,0
2022-04-06 01:00:00,0,0,0
2022-04-06 02:00:00,0,0,0
2022-04-06 03:00:00,0,0,0
2022-04-06 04:00:00,0,0,0
2022-04-06 05:00:00,0,0,0
2022-04-06 06:00:00,0,0,0
2022-04-06 07:00:00,0,0,0
2022-04-06 08:00:00,0,0,0
2022-04-06 09:00:00,0,0,0
2022-04-06 10:00:00,0,0,0
2022-04-06 11:00:00,0,0,0
2022-04-06 12:00:00,0,0,0
2022-04-06 13:00:00,0,0,0
2022-04-06 14:00:00,0,0,0
2022-04-06 15:00:00,0,0,0
2022-04-06 16:00:00,0,0,0
2022-04-06 17:00:00,0,0,0
2022-04-06 18:00:00,0,0,0
2022-04-06 19:00:00,0,0,0
2022-04-06 20:00:00,0,0,0
2022-04-06 21:00:00,0,0,0
2022-04-06 22:00:00,0,0,0
2022-04-06 23:00:00,0,0,0
2022-04-07 00:00:00,0,0,0
2022-04-07 01:00:00,0,0,0
2022-04-07 02:00:00,0,0,0
2022-04-07 03:00:00,0,0,0
2022-04-07 04:00:00,0,0,0
2022-04-07 05:00:00,0,0,0
2022-04-07 06:00:00,0,0,0
2022-04-07 07:00:00,0,0,0
2022-04-07 08:00:00,0,0,0
2022-04-07 09:00:00,0,0,0
2022-04-07 10:00:00,0,0,0
2022-04-07 11:00:00,0,0,0
2022-04-07 12:00:00,0,0,0
2022-04-07 13:00:00,0,0,0
2022-04-07 14:00:00,0,0,0
2022-04-07 15:00:00,0,0,0
2022-04-07 16:00:00,0,0,0
2022-04-07 17:00:00,0,0,0
2022-04-07 18:00:00,0,0,0
2022-04-07 19:00:00,0,0,0
2022-04-07 20:00:00,0,0,0
2022-04-07 21:00:00,0,0,0
2022-04-07 22:00:00,0,0,0
2022-04-07 23:00:00,0,0,0
2022-04-08 00:00:00,0,0,0
2022-04-08 01:00:00,0,0,0
2022-04-08 02:00:00,0,0,0
2022-04-08 03:00:00,0,0,0
2022-04-08 04:00:00,0,0,0
2022-04-08 05:00:00,0,0,0
2022-04-08 06:00:00,0,0,0
2022-04-08 07:00:00,0,0,0
2022-04-08 08:00:00,0,0,0
2022-04-08 09:00:00,0,0,0
2022-04-08 10:00:00,0,0,0
2022-04-08 11:00:00,0,0,0
2022-04-08 12:00:00,0,0,0
2022-04-08 13:00:00,0,0,0
2022-04-08 14:00:00,0,0,0
2022-04-08 15:00:00,0,0,0
2022-04-08 16:00:00,0,0,0
2022-04-08 17:00:00,0,0,0
2022-04-08 18:00:00,0,0,0
2022-04-08 19:00:00,0,0,0
2022-04-08 20:00:00,0,0,0
2022-04-08 21:00:00,0,0,0
2022-04-08 22:00:00,0,0,0
2022-04-08 23:00:00,0,0,0
2022-04-09 00:00:00,0,0,0
2022-04-09 01:00:00,0,0,0
2022-04-09 02:00:00,0,0,0
2022-04-09 03:00:00,0,0,0
2022-04-09 04:00:00,0,0,0
2022-04-09 05:00:00,0,0,0
2022-04-09 06:00:00,0,0,0
2022-04-09 07:00:00,0,0,0
2022-04-09 08:00:00,0,0,0
2022-04-09 09:00:00,0,0,0
2022-04-09 10:00:00,0,0,0
2022-04-09 11:00:00,0,0,0
2022-04-09 12:00:00,0,0,0
2022-04-09 13:00:00,0,0,0
2022-04-09 14:00:00,0,0,0
2022-04-09 15:00:00,0,0,0
2022-04-09 16:00:00,0,0,0
2022-04-09 17:00:00,0,0,0
2022-04-09 18:00:00,0,0,0
2022-04-09 19:00:00,0,0,0
2022-04-09 20:00:00,0,0,0
2022-04-09 21:00:00,0,0,0
2022-04-09 22:00:00,0,0,0
2022-04-09 23:00:00,0,0,0
2022-04-10 00:00:00,0,0,0
2022-04-10 01:00:00,0,0,0
2022-04-10 02:00:00,0,0,0
2022-04-10 03:00:00,0,0,0
2022-04-10 04:00:00,0,0,0
2022-04-10 05:00:00,0,0,0
2022-04-10 06:00:00,0,0,0
2022-04-10 07:00:00,0,0,0
2022-04-10 08:00:00,0,0,0
2022-04-10 09:00:00,0,0,0
2022-04-10 10:00:00,0,0,0
2022-04-10 11:00:00,0,0,0
2022-04-10 12:00:00,0,0,0
2022-04-10 13:00:00,0,0,0
2022-04-10 14:00:00,0,0,0
2022-04-10 15:00:00,0,0,0
2022-04-10 16:00:00,0,0,0
2022-04-10 17:00:00,0,0,0
2022-04-10 18:00:00,0,0,0
2022-04-10 19:00:00,0,0,0
2022-04-10 20:00:00,0,0,0
2022-04-10 21:00:00,0,0,0
2022-04-10 22:00:00,0,0,0
2022-04-10 23:00:00,0,0,0
2022-04-11 00:00:00,0,0,0
2022-04-11 01:00:00,0,0,0
2022-04-11 02:00:00,0,0,0
2022-04-11 03:00:00,0,0,0
2022-04-11 04:00:00,0,0,0
2022-04-11 05:00:00,0,0,0
2022-04-11 06:00:00,0,0,0
2022-04-11 07:00:00,0,0,0
2022-04-11 08:00:00,0,0,0
2022-04-11 09:00:00,0,0,0
2022-04-11 10:00:00,0,0,0
2022-04-11 11:00:00,0,0,0
2022-04-11 12:00:00,0,0,0
2022-04-11 13:00:00,0,0,0
2022-04-11 14:00:00,0,0,0
2022-04-11 15:00:00,0,0,0
2022-04-11 16:00:00,0,0,0
2022-04-11 17:00:00,0,0,0
2022-04-11 18:00:00,0,0,0
2022-04-11 19:00:00,0,0,0
2022-04-11 20:00:00,0,0,0
2022-04-11 21:00:00,0,0,0
2022-04-11 22:00:00,0,0,0
2022-04-11 23:00:00,0,0,0
2022-04-12 00:00:00,0,0,0
2022-04-12 01:00:00,0,0,0
2022-04-12 02:00:00,0,0,0
2022-04-12 03:00:00,0,0,0
2022-04-12 04:00:00,0,0,0
2022-04-12 05:00:00,0,0,0
2022-04-12 06:00:00,0,0,0
2022-04-12 07:00:00,0,0,0
2022-04-12 08:00:00,0,0,0
2022-04-12 09:00:00,0,0,0
2022-04-12 10:00:00,0,0,0
2022-04-12 11:00:00,0,0,0
2022-04-12 12:00:00,0,0,0
2022-04-12 13:00:00,0,0,0
2022-04-12 14:00:00,0,0,0
2022-04-12 15:00:00,0,0,0
2022-04-12 16:00:00,0,0,0
2022-04-12 17:00:00,0,0,0
2022-04-12 18:00:00,0,0,0
2022-04-12 19:00:00,0,0,0
2022-04-12 20:00:00,0,0,0
2022-04-12 21:00:00,0,0,0
2022-04-12 22:00:00,0,0,0
2022-04-12 23:00:00,0,0,0
2022-04-13 00:00:00,0,0,0
2022-04-13 01:00:00,0,0,0
2022-04-13 02:00:00,0,0,0
2022-04-13 03:00:00,0,0,0
2022-04-13 04:00:00,0,0,0
2022-04-13 05:00:00,0,0,0
2022-04-13 06:00:00,0,0,0
2022-04-13 07:00:00,0,0,0
2022-04-13 08:00:00,0,0,0
2022-04-13 09:00:00,0,0,0
2022-04-13 10:00:00,0,0,0
2022-04-13 11:00:00,0,0,0
2022-04-13 12:00:00,0,0,0
2022-04-13 13:00:00,0,0,0
2022-04-13 14:00:00,0,0,0
2022-04-13 15:00:00,0,0,0
2022-04-13 16:00:00,0,0,0
2022-04-13 17:00:00,0,0,0
2022-04-13 18:00:00,0,0,0
2022-04-13 19:00:00,0,0,0
2022-04-13 20:00:00,0,0,0
2022-04-13 21:00:00,0,0,0
2022-04-13 22:00:00,0,0,0
2022-04-13 23:00:00,0,0,0
2022-04-14 00:00:00,0,0,0
2022-04-14 01:00:00,0,0,0
2022-04-14 02:00:00,0,0,0
2022-04-14 03:00:00,0,0,0
2022-04-14 04:00:00,0,0,0
2022-04-14 05:00:00,0,0,0
2022-04-14 06:00:00,0,0,0
2022-04-14 07:00:00,0,0,0
2022-04-14 08:00:00,0,0,0
2022-04-14 09:00:00,0,0,0
2022-04-14 10:00:00,0,0,0
2022-04-14 11:00:00,0,0,0
2022-04-14 12:00:00,0,0,0
2022-04-14 13:00:00,0,0,0
2022-04-14 14:00:00,0,0,0
2022-04-14 15:00:00,0,0,0
2022-04-14 16:00:00,0,0,0
2022-04-14 17:00:00,0,0,0
2022-04-14 18:00:00,0,0,0
2022-04-14 19:00:00,0,0,0
2022-04-14 20:00:00,0,0,0
2022-04-14 21:00:00,0,0,0
2022-04-14 22:00:00,0,0,0
2022-04-14 23:00:00,0,0,0
2022-04-15 00:00:00,0,0,0
2022-04-15 01:00:00,0,0,0
2022-04-15 02:00:00,0,0,0
2022-04-15 03:00:00,0,0,0
2022-04-15 04:00:00,0,0,0
2022-04-15 05:00:00,0,0,0
2022-04-15 06:00:00,0,0,0
2022-04-15 07:00:00,0,0,0
2022-04-15 08:00:00,0,0,0
2022-04-15 09:00:00,0,0,0
2022-04-15 10:00:00,0,0,0
2022-04-15 11:00:00,0,0,0
2022-04-15 12:00:00,0,0,0
2022-04-15 13:00:00,0,0,0
2022-04-15 14:00:00,0,0,0
2022-04-15 15:00:00,0,0,0
2022-04-15 16:00:00,0,0,0
2022-04-15 17:00:00,0,0,0
2022-04-15 18:00:00,0,0,0
2022-04-15 19:00:00,0,0,0
2022-04-15 20:00:00,0,0,0
2022-04-15 21:00:00,0,0,0
2022-04-15 22:00:00,0,0,0
2022-04-15 23:00:00,0,0,0
2022-04-16 00:00:00,0,0,0
2022-04-16 01:00:00,0,0,0
2022-04-16 02:00:00,0,0,0
2022-04-16 03:00:00,0,0,0
2022-04-16 04:00:00,0,0,0
2022-04-16 05:00:00,0,0,0
2022-04-16 06:00:00,0,0,0
2022-04-16 07:00:00,0,0,0
2022-04-16 08:00:00,0,0,0
2022-04-16 09:00:00,0,0,0
2022-04-16 10:00:00,0,0,0
2022-04-16 11:00:00,0,0,0
2022-04-16 12:00:00,0,0,0
2022-04-16 13:00:00,0,0,0
2022-04-16 14:00:00,0,0,0
2022-04-16 15:00:00,0,0,0
2022-04-16 16:00:00,0,0,0
2022-04-16 17:00:00,0,0,0
2022-04-16 18:00:00,0,0,0
2022-04-16 19:00:00,0,0,0
2022-04-16 20:00:00,0,0,0
2022-04-16 21:00:00,0,0,0
2022-04-16 22:00:00,0,0,0
2022-04-16 23:00:00,0,0,0
2022-04-17 00:00:00,0,0,0
2022-04-17 01:00:00,0,0,0
2022-04-17 02:00:00,0,0,0
2022-04-17 03:00:00,0,0,0
2022-04-17 04:00:00,0,0,0
2022-04-17 05:00:00,0,0,0
2022-04-17 06:00:00,0,0,0
2022-04-17 07:00:00,0,0,0
2022-04-17 08:00:00,0,0,0
2022-04-17 09:00:00,0,0,0
2022-04-17 10:00:00,0,0,0
2022-04-17 11:00:00,0,0,0
2022-04-17 12:00:00,0,0,0
2022-04-17 13:00:00,0,0,0
2022-04-17 14:00:00,0,0,0
2022-04-17 15:00:00,0,0,0
2022-04-17 16:00:00,0,0,0
2022-04-17 17:00:00,0,0,0
2022-04-17 18:00:00,0,0,0
2022-04-17 19:00:00,0,0,0
2022-04-17 20:00:00,0,0,0
2022-04-17 21:00:00,0,0,0
2022-04-17 22:00:00,0,0,0
2022-04-17 23:00:00,0,0,0
2022-04-18 00:00:00,0,0,0
2022-04-18 01:00:00,0,0,0
2022-04-18 02:00:00,0,0,0
2022-04-18 03:00:00,0,0,0
2022-04-18 04:00:00,0,0,0
2022-04-18 05:00:00,0,0,0
2022-04-18 06:00:00,0,0,0
2022-04-18 07:00:00,0,0,0
2022-04-18 08:00:00,0,0,0
2022-04-18 09:00:00,0,0,0
2022-04-18 10:00:00,0,0,0
2022-04-18 11:00:00,0,0,0
2022-04-18 12:00:00,0,0,0
2022-04-18 13:00:00,0,0,0
2022-04-18 14:00:00,0,0,0
2022-04-18 15:00:00,0,0,0
2022-04-18 16:00:00,0,0,0
2022-04-18 17:00:00,0,0,0
2022-04-18 18:00:00,0,0,0
2022-04-18 19:00:00,0,0,0
2022-04-18 20:00:00,0,0,0
2022-04-18 21:00:00,0,0,0
2022-04-18 22:00:00,0,0,0
2022-04-18 23:00:00,0,0,0
2022-04-19 00:00:00,0,0,0
2022-04-19 01:00:00,0,0,0
2022-04-19 02:00:00,0,0,0
2022-04-19 03:00:00,0,0,0
2022-04-19 04:00:00,0,0,0
2022-04-19 05:00:00,0,0,0
2022-04-19 06:00:00,0,0,0
2022-04-19 07:00:00,0,0,0
2022-04-19 08:00:00,0,0,0
2022-04-19 09:00:00,0,0,0
2022-04-19 10:00:00,0,0,0
2022-04-19 11:00:00,0,0,0
2022-04-19 12:00:00,0,0,0
2022-04-19 13:00:00,0,0,0
2022-04-19 14:00:00,0,0,0
2022-04-19 15:00:00,0,0,0
2022-04-19 16:00:00,0,0,0
2022-04-19 17:00:00,0,0,0
2022-04-19 18:00:00,0,0,0
2022-04-19 19:00:00,0,0,0
2022-04-19 20:00:00,0,0,0
2022-04-19 21:00:00,0,0,0
2022-04-19 22:00:00,0,0,0
2022-04-19 23:00:00,0,0,0
2022-04-20 00:00:00,0,0,0
2022-04-20 01:00:00,0,0,0
2022-04-20 02:00:00,0,0,0
2022-04-20 03:00:00,0,0,0
2022-04-20 04:00:00,0,0,0
2022-04-20 05:00:00,0,0,0
2022-04-20 06:00:00,0,0,0
2022-04-20 07:00:00,0,0,0
2022-04-20 08:00:00,0,0,0
2022-04-20 09:00:00,0,0,0
2022-04-20 10:00:00,0,0,0
2022-04-20 11:00:00,0,0,0
2022-04-20 12:00:00,0,0,0
2022-04-20 13:00:00,0,0,0
2022-04-20 14:00:00,0,0,0
2022-04-20 15:00:00,0,0,0
2022-04-20 16:00:00,0,0,0
2022-04-20 17:00:00,0,0,0
2022-04-20 18:00:00,0,0,0
2022-04-20 19:00:00,0,0,0
2022-04-20 20:00:00,0,0,0
2022-04-20 21:00:00,0,0,0
2022-04-20 22:00:00,0,0,0
2022-04-20 23:00:00,0,0,0
2022-04-21 00:00:00,0,0,0
2022-04-21 01:00:00,0,0,0
2022-04-21 02:00:00,0,0,0
2022-04-21 03:00:00,0,0,0
2022-04-21 04:00:00,0,0,0
2022-04-21 05:00:00,0,0,0
2022-04-21 06:00:00,0,0,0
2022-04-21 07:00:00,0,0,0
2022-04-21 08:00:00,0,0,0
2022-04-21 09:00:00,0,0,0
2022-04-21 10:00:00,0,0,0
2022-04-21 11:00:00,0,0,0
2022-04-21 12:00:00,0,0,0
2022-04-21 13:00:00,0,0,0
2022-04-21 14:00:00,0,0,0
2022-04-21 15:00:00,0,0,0
2022-04-21 16:00:00,0,0,0
2022-04-21 17:00:00,0,0,0
2022-04-21 18:00:00,0,0,0
2022-04-21 19:00:00,0,0,0
2022-04-21 20:00:00,0,0,0
2022-04-21 21:00:00,0,0,0
2022-04-21 22:00:00,0,0,0
2022-04-21 23:00:00,0,0,0
2022-04-22 00:00:00,0,0,0
2022-04-22 01:00:00,0,0,0
2022-04-22 02:00:00,0,0,0
2022-04-22 03:00:00,0,0,0
2022-04-22 04:00:00,0,0,0
2022-04-22 05:00:00,0,0,0
2022-04-22 06:00:00,0,0,0
2022-04-22 07:00:00,0,0,0
2022-04-22 08:00:00,0,0,0
2022-04-22 09:00:00,0,0,0
2022-04-22 10:00:00,0,0,0
2022-04-22 11:00:00,0,0,0
2022-04-22 12:00:00,0,0,0
2022-04-22 13:00:00,0,0,0
2022-04-22 14:00:00,0,0,0
2022-04-22 15:00:00,0,0,0
2022-04-22 16:00:00,0,0,0
2022-04-22 17:00:00,0,0,0
2022-04-22 18:00:00,0,0,0
2022-04-22 19:00:00,0,0,0
2022-04-22 20:00:00,0,0,0
2022-04-22 21:00:00,0,0,0
2022-04-22 22:00:00,0,0,0
2022-04-22 23:00:00,0,0,0
2022-04-23 00:00:00,0,0,0
2022-04-23 01:00:00,0,0,0
2022-04-23 02:00:00,0,0,0
2022-04-23 03:00:00,0,0,0
2022-04-23 04:00:00,0,0,0
2022-04-23 05:00:00,0,0,0
2022-04-23 06:00:00,0,0,0
2022-04-23 07:00:00,0,0,0
2022-04-23 08:00:00,0,0,0
2022-04-23 09:00:00,0,0,0
2022-04-23 10:00:00,0,0,0
2022-04-23 11:00:00,0,0,0
2022-04-23 12:00:00,0,0,0
2022-04-23 13:00:00,0,0,0
2022-04-23 14:00:00,0,0,0
2022-04-23 15:00:00,0,0,0
2022-04-23 16:00:00,0,0,0
2022-04-23 17:00:00,0,0,0
2022-04-23 18:00:00,0,0,0
2022-04-23 19:00:00,0,0,0
2022-04-23 20:00:00,0,0,0
2022-04-23 21:00:00,0,0,0
2022-04-23 22:00:00,0,0,0
2022-04-23 23:00:00,0,0,0
2022-04-24 00:00:00,0,0,0
2022-04-24 01:00:00,0,0,0
2022-04-24 02:00:00,0,0,0
2022-04-24 03:00:00,0,0,0
2022-04-24 04:00:00,0,0,0
2022-04-24 05:00:00,0,0,0
2022-04-24 06:00:00,0,0,0
2022-04-24 07:00:00,0,0,0
2022-04-24 08:00:00,0,0,0
2022-04-24 09:00:00,0,0,0
2022-04-24 10:00:00,0,0,0
2022-04-24 11:00:00,0,0,0
2022-04-24 12:00:00,0,0,0
2022-04-24 13:00:00,0,0,0
2022-04-24 14:00:00,0,0,0
2022-04-24 15:00:00,0,0,0
2022-04-24 16:00:00,0,0,0
2022-04-24 17:00:00,0,0,0
2022-04-24 18:00:00,0,0,0
2022-04-24 19:00:00,0,0,0
2022-04-24 20:00:00,0,0,0
2022-04-24 21:00:00,0,0,0
2022-04-24 22:00:00,0,0,0
2022-04-24 23:00:00,0,0,0
2022-04-25 00:00:00,0,0,0
2022-04-25 01:00:00,0,0,0
2022-04-25 02:00:00,0,0,0
2022-04-25 03:00:00,0,0,0
2022-04-25 04:00:00,0,0,0
2022-04-25 05:00:00,0,0,0
2022-04-25 06:00:00,0,0,0
2022-04-25 07:00:00,0,0,0
2022-04-25 08:00:00,0,0,0
2022-04-25 09:00:00,0,0,0
2022-04-25 10:00:00,0,0,0
2022-04-25 11:00:00,0,0,0
2022-04-25 12:00:00,0,0,0
2022-04-25 13:00:00,0,0,0
2022-04-25 14:00:00,0,0,0
2022-04-25 15:00:00,0,0,0
2022-04-25 16:00:00,0,0,0
2022-04-25 17:00:00,0,0,0
2022-04-25 18:00:00,0,0,0
2022-04-25 19:00:00,0,0,0
2022-04-25 20:00:00,0,0,0
2022-04-25 21:00:00,0,0,0
2022-04-25 22:00:00,0,0,0
2022-04-25 23:00:00,0,0,0
2022-04-26 00:00:00,0,0,0
2022-04-26 01:00:00,0,0,0
2022-04-26 02:00:00,0,0,0
2022-04-26 03:00:00,0,0,0
2022-04-26 04:00:00,0,0,0
2022-04-26 05:00:00,0,0,0
2022-04-26 06:00:00,0,0,0
2022-04-26 07:00:00,0,0,0
2022-04-26 08:00:00,0,0,0
2022-04-26 09:00:00,0,0,0
2022-04-26 10:00:00,0,0,0
2022-04-26 11:00:00,0,0,0
2022-04-26 12:00:00,0,0,0
2022-04-26 13:00:00,0,0,0
2022-04-26 14:00:00,0,0,0
2022-04-26 15:00:00,0,0,0
2022-04-26 16:00:00,0,0,0
2022-04-26 17:00:00,0,0,0
2022-04-26 18:00:00,0,0,0
2022-04-26 19:00:00,0,0,0
2022-04-26 20:00:00,0,0,0
2022-04-26 21:00:00,0,0,0
2022-04-26 22:00:00,0,0,0
2022-04-26 23:00:00,0,0,0
2022-04-27 00:00:00,0,0,0
2022-04-27 01:00:00,0,0,0
2022-04-27 02:00:00,0,0,0
2022-04-27 03:00:00,0,0,0
2022-04-27 04:00:00,0,0,0
2022-04-27 05:00:00,0,0,0
2022-04-27 06:00:00,0,0,0
2022-04-27 07:00:00,0,0,0
2022-04-27 08:00:00,0,0,0
2022-04-27 09:00:00,0,0,0
2022-04-27 10:00:00,0,0,0
2022-04-27 11:00:00,0,0,0
2022-04-27 12:00:00,0,0,0
2022-04-27 13:00:00,0,0,0
2022-04-27 14:00:00,0,0,0
2022-04-27 15:00:00,0,0,0
2022-04-27 16:00:00,0,0,0
2022-04-27 17:00:00,0,0,0
2022-04-27 18:00:00,0,0,0
2022-04-27 19:00:00,0,0,0
2022-04-27 20:00:00,0,0,0
2022-04-27 21:00:00,0,0,0
2022-04-27 22:00:00,0,0,0
2022-04-27 23:00:00,0,0,0
2022-04-28 00:00:00,0,0,0
2022-04-28 01:00:00,0,0,0
2022-04-28 02:00:00,0,0,0
2022-04-28 03:00:00,0,0,0
2022-04-28 04:00:00,0,0,0
2022-04-28 05:00:00,0,0,0
2022-04-28 06:00:00,0,0,0
2022-04-28 07:00:00,0,0,0
2022-04-28 08:00:00,0,0,0
2022-04-28 09:00:00,0,0,0
2022-04-28 10:00:00,0,0,0
2022-04-28 11:00:00,0,0,0
2022-04-28 12:00:00,0,0,0
2022-04-28 13:00:00,0,0,0
2022-04-28 14:00:00,0,0,0
2022-04-28 15:00:00,0,0,0
2022-04-28 16:00:00,0,0,0
2022-04-28 17:00:00,0,0,0
2022-04-28 18:00:00,0,0,0
2022-04-28 19:00:00,0,0,0
2022-04-28 20:00:00,0,0,0
2022-04-28 21:00:00,0,0,0
2022-04-28 22:00:00,0,0,0
2022-04-28 23:00:00,0,0,0
2022-04-29 00:00:00,0,0,0
2022-04-29 01:00:00,0,0,0
2022-04-29 02:00:00,0,0,0
2022-04-29 03:00:00,0,0,0
2022-04-29 04:00:00,0,0,0
2022-04-29 05:00:00,0,0,0
2022-04-29 06:00:00,0,0,0
2022-04-29 07:00:00,0,0,0
2022-04-29 08:00:00,0,0,0
2022-04-29 09:00:00,0,0,0
2022-04-29 10:00:00,0,0,0
2022-04-29 11:00:00,0,0,0
2022-04-29 12:00:00,0,0,0
2022-04-29 13:00:00,0,0,0
2022-04-29 14:00:00,0,0,0
2022-04-29 15:00:00,0,0,0
2022-04-29 16:00:00,0,0,0
2022-04-29 17:00:00,0,0,0
2022-04-29 18:00:00,0,0,0
2022-04-29 19:00:00,0,0,0
2022-04-29 20:00:00,0,0,0
2022-04-29 21:00:00,0,0,0
2022-04-29 22:00:00,0,0,0
2022-04-29 23:00:00,0,0,0
2022-04-30 00:00:00,0,0,0
2022-04-30 01:00:00,0,0,0
2022-04-30 02:00:00,0,0,0
2022-04-30 03:00:00,0,0,0
2022-04-30 04:00:00,0,0,0
2022-04-30 05:00:00,0,0,0
2022-04-30 06:00:00,0,0,0
2022-04-30 07:00:00,0,0,0
2022-04-30 08:00:00,0,0,0
2022-04-30 09:00:00,0,0,0
2022-04-30 10:00:00,0,0,0
2022-04-30 11:00:00,0,0,0
2022-04-30 12:00:00,0,0,0
2022-04-30 13:00:00,0,0,0
2022-04-30 14:00:00,0,0,0
2022-04-30 15:00:00,0,0,0
2022-04-30 16:00:00,0,0,0
2022-04-30 17:00:00,0,0,0
2022-04-30 18:00:00,0,0,0
2022-04-30 19:00:00,0,0,0
2022-04-30 20:00:00,0,0,0
2022-04-30 21:00:00,0,0,0
2022-04-30 22:00:00,0,0,0
2022-04-30 23:00:00,0,0,0
2022-05-01 00:00:00,0,0,0
2022-05-01 01:00:00,0,0,0
2022-05-01 02:00:00,0,0,0
2022-05-01 03:00:00,0,0,0
2022-05-01 04:00:00,0,0,0
2022-05-01 05:00:00,0,0,0
2022-05-01 06:00:00,0,0,0
2022-05-01 07:00:00,0,0,0
2022-05-01 08:00:00,0,0,0
2022-05-01 09:00:00,0,0,0
2022-05-01 10:00:00,0,0,0
2022-05-01 11:00:00,0,0,0
2022-05-01 12:00:00,0,0,0
2022-05-01 13:00:00,0,0,0
2022-05-01 14:00:00,0,0,0
2022-05-01 15:00:00,0,0,0
2022-05-01 16:00:00,0,0,0
2022-05-01 17:00:00,0,0,0
2022-05-01 18:00:00,0,0,0
2022-05-01 19:00:00,0,0,0
2022-05-01 20:00:00,0,0,0
2022-05-01 21:00:00,0,0,0
2022-05-01 22:00:00,0,0,0
2022-05-01 23:00:00,0,0,0
2022-05-02 00:00:00,0,0,0
2022-05-02 01:00:00,0,0,0
2022-05-02 02:00:00,0,0,0
2022-05-02 03:00:00,0,0,0
2022-05-02 04:00:00,0,0,0
2022-05-02 05:00:00,0,0,0
2022-05-02 06:00:00,0,0,0
2022-05-02 07:00:00,0,0,0
2022-05-02 08:00:00,0,0,0
2022-05-02 09:00:00,0,0,0
2022-05-02 10:00:00,0,0,0
2022-05-02 11:00:00,0,0,0
2022-05-02 12:00:00,0,0,0
2022-05-02 13:00:00,0,0,0
2022-05-02 14:00:00,0,0,0
2022-05-02 15:00:00,0,0,0
2022-05-02 16:00:00,0,0,0
2022-05-02 17:00:00,0,0,0
2022-05-02 18:00:00,0,0,0
2022-05-02 19:00:00,0,0,0
2022-05-02 20:00:00,0,0,0
2022-05-02 21:00:00,0,0,0
2022-05-02 22:00:00,0,0,0
2022-05-02 23:00:00,0,0,0
2022-05-03 00:00:00,0,0,0
2022-05-03 01:00:00,0,0,0
2022-05-03 02:00:00,0,0,0
2022-05-03 03:00:00,0,0,0
2022-05-03 04:00:00,0,0,0
2022-05-03 05:00:00,0,0,0
2022-05-03 06:00:00,0,0,0
2022-05-03 07:00:00,0,0,0
2022-05-03 08:00:00,0,0,0
2022-05-03 09:00:00,0,0,0
2022-05-03 10:00:00,0,0,0
2022-05-03 11:00:00,0,0,0
2022-05-03 12:00:00,0,0,0
2022-05-03 13:00:00,0,0,0
2022-05-03 14:00:00,0,0,0
2022-05-03 15:00:00,0,0,0
2022-05-03 16:00:00,0,0,0
2022-05-03 17:00:00,0,0,0
2022-05-03 18:00:00,0,0,0
2022-05-03 19:00:00,0,0,0
2022-05-03 20:00:00,0,0,0
2022-05-03 21:00:00,0,0,0
2022-05-03 22:00:00,0,0,0
2022-05-03 23:00:00,0,0,0
2022-05-04 00:00:00,0,0,0
2022-05-04 01:00:00,0,0,0
2022-05-04 02:00:00,0,0,0
2022-05-04 03:00:00,0,0,0
2022-05-04 04:00:00,0,0,0
2022-05-04 05:00:00,0,0,0
2022-05-04 06:00:00,0,0,0
2022-05-04 07:00:00,0,0,0
2022-05-04 08:00:00,0,0,0
2022-05-04 09:00:00,0,0,0
2022-05-04 10:00:00,0,0,0
2022-05-04 11:00:00,0,0,0
2022-05-04 12:00:00,0,0,0
2022-05-04 13:00:00,0,0,0
2022-05-04 14:00:00,0,0,0
2022-05-04 15:00:00,0,0,0
2022-05-04 16:00:00,0,0,0
2022-05-04 17:00:00,0,0,0
2022-05-04 18:00:00,0,0,0
2022-05-04 19:00:00,0,0,0
2022-05-04 20:00:00,0,0,0
2022-05-04 21:00:00,0,0,0
2022-05-04 22:00:00,0,0,0
2022-05-04 23:00:00,0,0,0
2022-05-05 00:00:00,0,0,0
2022-05-05 01:00:00,0,0,0
2022-05-05 02:00:00,0,0,0
2022-05-05 03:00:00,0,0,0
2022-05-05 04:00:00,0,0,0
2022-05-05 05:00:00,0,0,0
2022-05-05 06:00:00,0,0,0
2022-05-05 07:00:00,0,0,0
2022-05-05 08:00:00,0,0,0
2022-05-05 09:00:00,0,0,0
2022-05-05 10:00:00,0,0,0
2022-05-05 11:00:00,0,0,0
2022-05-05 12:00:00,0,0,0
2022-05-05 13:00:00,0,0,0
2022-05-05 14:00:00,0,0,0
2022-05-05 15:00:00,0,0,0
2022-05-05 16:00:00,0,0,0
2022-05-05 17:00:00,0,0,0
2022-05-05 18:00:00,0,0,0
2022-05-05 19:00:00,0,0,0
2022-05-05 20:00:00,0,0,0
2022-05-05 21:00:00,0,0,0
2022-05-05 22:00:00,0,0,0
2022-05-05 23:00:00,0,0,0
2022-05-06 00:00:00,0,0,0
2022-05-06 01:00:00,0,0,0
2022-05-06 02:00:00,0,0,0
2022-05-06 03:00:00,0,0,0
2022-05-06 04:00:00,0,0,0
2022-05-06 05:00:00,0,0,0
2022-05-06 06:00:00,0,0,0
2022-05-06 07:00:00,0,0,0
2022-05-06 08:00:00,0,0,0
2022-05-06 09:00:00,0,0,0
2022-05-06 10:00:00,0,0,0
2022-05-06 11:00:00,0,0,0
2022-05-06 12:00:00,0,0,0
2022-05-06 13:00:00,0,0,0
2022-05-06 14:00:00,0,0,0
2022-05-06 15:00:00,0,0,0
2022-05-06 16:00:00,0,0,0
2022-05-06 17:00:00,0,0,0
2022-05-06 18:00:00,0,0,0
2022-05-06 19:00:00,0,0,0
2022-05-06 20:00:00,0,0,0
2022-05-06 21:00:00,0,0,0
2022-05-06 22:00:00,0,0,0
2022-05-06 23:00:00,0,0,0
2022-05-07 00:00:00,0,0,0
2022-05-07 01:00:00,0,0,0
2022-05-07 02:00:00,0,0,0
2022-05-07 03:00:00,0,0,0
2022-05-07 04:00:00,0,0,0
2022-05-07 05:00:00,0,0,0
2022-05-07 06:00:00,0,0,0
2022-05-07 07:00:00,0,0,0
2022-05-07 08:00:00,0,0,0
2022-05-07 09:00:00,0,0,0
2022-05-07 10:00:00,0,0,0
2022-05-07 11:00:00,0,0,0
2022-05-07 12:00:00,0,0,0
2022-05-07 13:00:00,0,0,0
2022-05-07 14:00:00,0,0,0
2022-05-07 15:00:00,0,0,0
2022-05-07 16:00:00,0,0,0
2022-05-07 17:00:00,0,0,0
2022-05-07 18:00:00,0,0,0
2022-05-07 19:00:00,0,0,0
2022-05-07 20:00:00,0,0,0
2022-05-07 21:00:00,0,0,0
2022-05-07 22:00:00,0,0,0
2022-05-07 23:00:00,0,0,0
2022-05-08 00:00:00,0,0,0
2022-05-08 01:00:00,0,0,0
2022-05-08 02:00:00,0,0,0
2022-05-08 03:00:00,0,0,0
2022-05-08 04:00:00,0,0,0
2022-05-08 05:00:00,0,0,0
2022-05-08 06:00:00,0,0,0
2022-05-08 07:00:00,0,0,0
2022-05-08 08:00:00,0,0,0
2022-05-08 09:00:00,0,0,0
2022-05-08 10:00:00,0,0,0
2022-05-08 11:00:00,0,0,0
2022-05-08 12:00:00,0,0,0
2022-05-08 13:00:00,0,0,0
2022-05-08 14:00:00,0,0,0
2022-05-08 15:00:00,0,0,0
2022-05-08 16:00:00,0,0,0
2022-05-08 17:00:00,0,0,0
2022-05-08 18:00:00,0,0,0
2022-05-08 19:00:00,0,0,0
2022-05-08 20:00:00,0,0,0
2022-05-08 21:00:00,0,0,0
2022-05-08 22:00:00,0,0,0
2022-05-08 23:00:00,0,0,0
2022-05-09 00:00:00,0,0,0
2022-05-09 01:00:00,0,0,0
2022-05-09 02:00:00,0,0,0
2022-05-09 03:00:00,0,0,0
2022-05-09 04:00:00,0,0,0
2022-05-09 05:00:00,0,0,0
2022-05-09 06:00:00,0,0,0
2022-05-09 07:00:00,0,0,0
2022-05-09 08:00:00,0,0,0
2022-05-09 09:00:00,0,0,0
2022-05-09 10:00:00,0,0,0
2022-05-09 11:00:00,0,0,0
2022-05-09 12:00:00,0,0,0
2022-05-09 13:00:00,0,0,0
2022-05-09 14:00:00,0,0,0
2022-05-09 15:00:00,0,0,0
2022-05-09 16:00:00,0,0,0
2022-05-09 17:00:00,0,0,0
2022-05-09 18:00:00,0,0,0
2022-05-09 19:00:00,0,0,0
2022-05-09 20:00:00,0,0,0
2022-05-09 21:00:00,0,0,0
2022-05-09 22:00:00,0,0,0
2022-05-09 23:00:00,0,0,0
2022-05-10 00:00:00,0,0,0
2022-05-10 01:00:00,0,0,0
2022-05-10 02:00:00,0,0,0
2022-05-10 03:00:00,0,0,0
2022-05-10 04:00:00,0,0,0
2022-05-10 05:00:00,0,0,0
2022-05-10 06:00:00,0,0,0
2022-05-10 07:00:00,0,0,0
2022-05-10 08:00:00,0,0,0
2022-05-10 09:00:00,0,0,0
2022-05-10 10:00:00,0,0,0
2022-05-10 11:00:00,0,0,0
2022-05-10 12:00:00,0,0,0
2022-05-10 13:00:00,0,0,0
2022-05-10 14:00:00,0,0,0
2022-05-10 15:00:00,0,0,0
2022-05-10 16:00:00,0,0,0
2022-05-10 17:00:00,0,0,0
2022-05-10 18:00:00,0,0,0
2022-05-10 19:00:00,0,0,0
2022-05-10 20:00:00,0,0,0
2022-05-10 21:00:00,0,0,0
2022-05-10 22:00:00,0,0,0
2022-05-10 23:00:00,0,0,0
2022-05-11 00:00:00,0,0,0
2022-05-11 01:00:00,0,0,0
2022-05-11 02:00:00,0,0,0
2022-05-11 03:00:00,0,0,0
2022-05-11 04:00:00,0,0,0
2022-05-11 05:00:00,0,0,0
2022-05-11 06:00:00,0,0,0
2022-05-11 07:00:00,0,0,0
2022-05-11 08:00:00,0,0,0
2022-05-11 09:00:00,0,0,0
2022-05-11 10:00:00,0,0,0
2022-05-11 11:00:00,0,0,0
2022-05-11 12:00:00,0,0,0
2022-05-11 13:00:00,0,0,0
2022-05-11 14:00:00,0,0,0
2022-05-11 15:00:00,0,0,0
2022-05-11 16:00:00,0,0,0
2022-05-11 17:00:00,0,0,0
2022-05-11 18:00:00,0,0,0
2022-05-11 19:00:00,0,0,0
2022-05-11 20:00:00,0,0,0
2022-05-11 21:00:00,0,0,0
2022-05-11 22:00:00,0,0,0
2022-05-11 23:00:00,0,0,0
2022-05-12 00:00:00,0,0,0
2022-05-12 01:00:00,0,0,0
2022-05-12 02:00:00,0,0,0
2022-05-12 03:00:00,0,0,0
2022-05-12 04:00:00,0,0,0
2022-05-12 05:00:00,0,0,0
2022-05-12 06:00:00,0,0,0
2022-05-12 07:00:00,0,0,0
2022-05-12 08:00:00,0,0,0
2022-05-12 09:00:00,0,0,0
2022-05-12 10:00:00,0,0,0
2022-05-12 11:00:00,0,0,0
2022-05-12 12:00:00,0,0,0
2022-05-12 13:00:00,0,0,0
2022-05-12 14:00:00,0,0,0
2022-05-12 15:00:00,0,0,0
2022-05-12 16:00:00,0,0,0
2022-05-12 17:00:00,0,0,0
2022-05-12 18:00:00,0,0,0
2022-05-12 19:00:00,0,0,0
2022-05-12 20:00:00,0,0,0
2022-05-12 21:00:00,0,0,0
2022-05-12 22:00:00,0,0,0
2022-05-12 23:00:00,0,0,0
2022-05-13 00:00:00,0,0,0
2022-05-13 01:00:00,0,0,0
2022-05-13 02:00:00,0,0,0
2022-05-13 03:00:00,0,0,0
2022-05-13 04:00:00,0,0,0
2022-05-13 05:00:00,0,0,0
2022-05-13 06:00:00,0,0,0
2022-05-13 07:00:00,0,0,0
2022-05-13 08:00:00,0,0,0
2022-05-13 09:00:00,0,0,0
2022-05-13 10:00:00,0,0,0
2022-05-13 11:00:00,0,0,0
2022-05-13 12:00:00,0,0,0
2022-05-13 13:00:00,0,0,0
2022-05-13 14:00:00,0,0,0
2022-05-13 15:00:00,0,0,0
2022-05-13 16:00:00,0,0,0
2022-05-13 17:00:00,0,0,0
2022-05-13 18:00:00,0,0,0
2022-05-13 19:00:00,0,0,0
2022-05-13 20:00:00,0,0,0
2022-05-13 21:00:00,0,0,0
2022-05-13 22:00:00,0,0,0
2022-05-13 23:00:00,0,0,0
2022-05-14 00:00:00,0,0,0
2022-05-14 01:00:00,0,0,0
2022-05-14 02:00:00,0,0,0
2022-05-14 03:00:00,0,0,0
2022-05-14 04:00:00,0,0,0
2022-05-14 05:00:00,0,0,0
2022-05-14 06:00:00,0,0,0
2022-05-14 07:00:00,0,0,0
2022-05-14 08:00:00,0,0,0
2022-05-14 09:00:00,0,0,0
2022-05-14 10:00:00,0,0,0
2022-05-14 11:00:00,0,0,0
2022-05-14 12:00:00,0,0,0
2022-05-14 13:00:00,0,0,0
2022-05-14 14:00:00,0,0,0
2022-05-14 15:00:00,0,0,0
2022-05-14 16:00:00,0,0,0
2022-05-14 17:00:00,0,0,0
2022-05-14 18:00:00,0,0,0
2022-05-14 19:00:00,0,0,0
2022-05-14 20:00:00,0,0,0
2022-05-14 21:00:00,0,0,0
2022-05-14 22:00:00,0,0,0
2022-05-14 23:00:00,0,0,0
2022-05-15 00:00:00,0,0,0
2022-05-15 01:00:00,0,0,0
2022-05-15 02:00:00,0,0,0
2022-05-15 03:00:00,0,0,0
2022-05-15 04:00:00,0,0,0
2022-05-15 05:00:00,0,0,0
2022-05-15 06:00:00,0,0,0
2022-05-15 07:00:00,0,0,0
2022-05-15 08:00:00,0,0,0
2022-05-15 09:00:00,0,0,0
2022-05-15 10:00:00,0,0,0
2022-05-15 11:00:00,0,0,0
2022-05-15 12:00:00,0,0,0
2022-05-15 13:00:00,0,0,0
2022-05-15 14:00:00,0,0,0
2022-05-15 15:00:00,0,0,0
2022-05-15 16:00:00,0,0,0
2022-05-15 17:00:00,0,0,0
2022-05-15 18:00:00,0,0,0
2022-05-15 19:00:00,0,0,0
2022-05-15 20:00:00,0,0,0
2022-05-15 21:00:00,0,0,0
2022-05-15 22:00:00,0,0,0
2022-05-15 23:00:00,0,0,0
2022-05-16 00:00:00,0,0,0
2022-05-16 01:00:00,0,0,0
2022-05-16 02:00:00,0,0,0
2022-05-16 03:00:00,0,0,0
2022-05-16 04:00:00,0,0,0
2022-05-16 05:00:00,0,0,0
2022-05-16 06:00:00,0,0,0
2022-05-16 07:00:00,0,0,0
2022-05-16 08:00:00,0,0,0
2022-05-16 09:00:00,0,0,0
2022-05-16 10:00:00,0,0,0
2022-05-16 11:00:00,0,0,0
2022-05-16 12:00:00,0,0,0
2022-05-16 13:00:00,0,0,0
2022-05-16 14:00:00,0,0,0
2022-05-16 15:00:00,0,0,0
2022-05-16 16:00:00,0,0,0
2022-05-16 17:00:00,0,0,0
2022-05-16 18:00:00,0,0,0
2022-05-16 19:00:00,0,0,0
2022-05-16 20:00:00,0,0,0
2022-05-16 21:00:00,0,0,0
2022-05-16 22:00:00,0,0,0
2022-05-16 23:00:00,0,0,0
2022-05-17 00:00:00,0,0,0
2022-05-17 01:00:00,0,0,0
2022-05-17 02:00:00,0,0,0
2022-05-17 03:00:00,0,0,0
2022-05-17 04:00:00,0,0,0
2022-05-17 05:00:00,0,0,0
2022-05-17 06:00:00,0,0,0
2022-05-17 07:00:00,0,0,0
2022-05-17 08:00:00,0,0,0
2022-05-17 09:00:00,0,0,0
2022-05-17 10:00:00,0,0,0
2022-05-17 11:00:00,0,0,0
2022-05-17 12:00:00,0,0,0
2022-05-17 13:00:00,0,0,0
2022-05-17 14:00:00,0,0,0
2022-05-17 15:00:00,0,0,0
2022-05-17 16:00:00,0,0,0
2022-05-17 17:00:00,0,0,0
2022-05-17 18:00:00,0,0,0
2022-05-17 19:00:00,0,0,0
2022-05-17 20:00:00,0,0,0
2022-05-17 21:00:00,0,0,0
2022-05-17 22:00:00,0,0,0
2022-05-17 23:00:00,0,0,0
2022-05-18 00:00:00,0,0,0
2022-05-18 01:00:00,0,0,0
2022-05-18 02:00:00,0,0,0
2022-05-18 03:00:00,0,0,0
2022-05-18 04:00:00,0,0,0
2022-05-18 05:00:00,0,0,0
2022-05-18 06:00:00,0,0,0
2022-05-18 07:00:00,0,0,0
2022-05-18 08:00:00,0,0,0
2022-05-18 09:00:00,0,0,0
2022-05-18 10:00:00,0,0,0
2022-05-18 11:00:00,0,0,0
2022-05-18 12:00:00,0,0,0
2022-05-18 13:00:00,0,0,0
2022-05-18 14:00:00,0,0,0
2022-05-18 15:00:00,0,0,0
2022-05-18 16:00:00,0,0,0
2022-05-18 17:00:00,0,0,0
2022-05-18 18:00:00,0,0,0
2022-05-18 19:00:00,0,0,0
2022-05-18 20:00:00,0,0,0
2022-05-18 21:00:00,0,0,0
2022-05-18 22:00:00,0,0,0
2022-05-18 23:00:00,0,0,0
2022-05-19 00:00:00,0,0,0
2022-05-19 01:00:00,0,0,0
2022-05-19 02:00:00,0,0,0
2022-05-19 03:00:00,0,0,0
2022-05-19 04:00:00,0,0,0
2022-05-19 05:00:00,0,0,0
2022-05-19 06:00:00,0,0,0
2022-05-19 07:00:00,0,0,0
2022-05-19 08:00:00,0,0,0
2022-05-19 09:00:00,0,0,0
2022-05-19 10:00:00,0,0,0
2022-05-19 11:00:00,0,0,0
2022-05-19 12:00:00,0,0,0
2022-05-19 13:00:00,0,0,0
2022-05-19 14:00:00,0,0,0
2022-05-19 15:00:00,0,0,0
2022-05-19 16:00:00,0,0,0
2022-05-19 17:00:00,0,0,0
2022-05-19 18:00:00,0,0,0
2022-05-19 19:00:00,0,0,0
2022-05-19 20:00:00,0,0,0
2022-05-19 21:00:00,0,0,0
2022-05-19 22:00:00,0,0,0
2022-05-19 23:00:00,0,0,0
2022-05-20 00:00:00,0,0,0
2022-05-20 01:00:00,0,0,0
2022-05-20 02:00:00,0,0,0
2022-05-20 03:00:00,0,0,0
2022-05-20 04:00:00,0,0,0
2022-05-20 05:00:00,0,0,0
2022-05-20 06:00:00,0,0,0
2022-05-20 07:00:00,0,0,0
2022-05-20 08:00:00,0,0,0
2022-05-20 09:00:00,0,0,0
2022-05-20 10:00:00,0,0,0
2022-05-20 11:00:00,0,0,0
2022-05-20 12:00:00,0,0,0
2022-05-20 13:00:00,0,0,0
2022-05-20 14:00:00,0,0,0
2022-05-20 15:00:00,0,0,0
2022-05-20 16:00:00,0,0,0
2022-05-20 17:00:00,0,0,0
2022-05-20 18:00:00,0,0,0
2022-05-20 19:00:00,0,0,0
2022-05-20 20:00:00,0,0,0
2022-05-20 21:00:00,0,0,0
2022-05-20 22:00:00,0,0,0
2022-05-20 23:00:00,0,0,0
2022-05-21 00:00:00,0,0,0
2022-05-21 01:00:00,0,0,0
2022-05-21 02:00:00,0,0,0
2022-05-21 03:00:00,0,0,0
2022-05-21 04:00:00,0,0,0
2022-05-21 05:00:00,0,0,0
2022-05-21 06:00:00,0,0,0
2022-05-21 07:00:00,0,0,0
2022-05-21 08:00:00,0,0,0
2022-05-21 09:00:00,0,0,0
2022-05-21 10:00:00,0,0,0
2022-05-21 11:00:00,0,0,0
2022-05-21 12:00:00,0,0,0
2022-05-21 13:00:00,0,0,0
2022-05-21 14:00:00,0,0,0
2022-05-21 15:00:00,0,0,0
2022-05-21 16:00:00,0,0,0
2022-05-21 17:00:00,0,0,0
2022-05-21 18:00:00,0,0,0
2022-05-21 19:00:00,0,0,0
2022-05-21 20:00:00,0,0,0
2022-05-21 21:00:00,0,0,0
2022-05-21 22:00:00,0,0,0
2022-05-21 23:00:00,0,0,0
2022-05-22 00:00:00,0,0,0
2022-05-22 01:00:00,0,0,0
2022-05-22 02:00:00,0,0,0
2022-05-22 03:00:00,0,0,0
2022-05-22 04:00:00,0,0,0
2022-05-22 05:00:00,0,0,0
2022-05-22 06:00:00,0,0,0
2022-05-22 07:00:00,0,0,0
2022-05-22 08:00:00,0,0,0
2022-05-22 09:00:00,0,0,0
2022-05-22 10:00:00,0,0,0
2022-05-22 11:00:00,0,0,0
2022-05-22 12:00:00,0,0,0
2022-05-22 13:00:00,0,0,0
2022-05-22 14:00:00,0,0,0
2022-05-22 15:00:00,0,0,0
2022-05-22 16:00:00,0,0,0
2022-05-22 17:00:00,0,0,0
2022-05-22 18:00:00,0,0,0
2022-05-22 19:00:00,0,0,0
2022-05-22 20:00:00,0,0,0
2022-05-22 21:00:00,0,0,0
2022-05-22 22:00:00,0,0,0
2022-05-22 23:00:00,0,0,0
2022-05-23 00:00:00,0,0,0
2022-05-23 01:00:00,0,0,0
2022-05-23 02:00:00,0,0,0
2022-05-23 03:00:00,0,0,0
2022-05-23 04:00:00,0,0,0
2022-05-23 05:00:00,0,0,0
2022-05-23 06:00:00,0,0,0
2022-05-23 07:00:00,0,0,0
2022-05-23 08:00:00,0,0,0
2022-05-23 09:00:00,0,0,0
2022-05-23 10:00:00,0,0,0
2022-05-23 11:00:00,0,0,0
2022-05-23 12:00:00,0,0,0
2022-05-23 13:00:00,0,0,0
2022-05-23 14:00:00,0,0,0
2022-05-23 15:00:00,0,0,0
2022-05-23 16:00:00,0,0,0
2022-05-23 17:00:00,0,0,0
2022-05-23 18:00:00,0,0,0
2022-05-23 19:00:00,0,0,0
2022-05-23 20:00:00,0,0,0
2022-05-23 21:00:00,0,0,0
2022-05-23 22:00:00,0,0,0
2022-05-23 23:00:00,0,0,0
2022-05-24 00:00:00,0,0,0
2022-05-24 01:00:00,0,0,0
2022-05-24 02:00:00,0,0,0
2022-05-24 03:00:00,0,0,0
2022-05-24 04:00:00,0,0,0
2022-05-24 05:00:00,0,0,0
2022-05-24 06:00:00,0,0,0
2022-05-24 07:00:00,0,0,0
2022-05-24 08:00:00,0,0,0
2022-05-24 09:00:00,0,0,0
2022-05-24 10:00:00,0,0,0
2022-05-24 11:00:00,0,0,0
2022-05-24 12:00:00,0,0,0
2022-05-24 13:00:00,0,0,0
2022-05-24 14:00:00,0,0,0
2022-05-24 15:00:00,0,0,0
2022-05-24 16:00:00,0,0,0
2022-05-24 17:00:00,0,0,0
2022-05-24 18:00:00,0,0,0
2022-05-24 19:00:00,0,0,0
2022-05-24 20:00:00,0,0,0
2022-05-24 21:00:00,0,0,0
2022-05-24 22:00:00,0,0,0
2022-05-24 23:00:00,0,0,0
2022-05-25 00:00:00,0,0,0
2022-05-25 01:00:00,0,0,0
2022-05-25 02:00:00,0,0,0
2022-05-25 03:00:00,0,0,0
2022-05-25 04:00:00,0,0,0
2022-05-25 05:00:00,0,0,0
2022-05-25 06:00:00,0,0,0
2022-05-25 07:00:00,0,0,0
2022-05-25 08:00:00,0,0,0
2022-05-25 09:00:00,0,0,0
2022-05-25 10:00:00,0,0,0
2022-05-25 11:00:00,0,0,0
2022-05-25 12:00:00,0,0,0
2022-05-25 13:00:00,0,0,0
2022-05-25 14:00:00,0,0,0
2022-05-25 15:00:00,0,0,0
2022-05-25 16:00:00,0,0,0
2022-05-25 17:00:00,0,0,0
2022-05-25 18:00:00,0,0,0
2022-05-25 19:00:00,0,0,0
2022-05-25 20:00:00,0,0,0
2022-05-25 21:00:00,0,0,0
2022-05-25 22:00:00,0,0,0
2022-05-25 23:00:00,0,0,0
2022-05-26 00:00:00,0,0,0
2022-05-26 01:00:00,0,0,0
2022-05-26 02:00:00,0,0,0
2022-05-26 03:00:00,0,0,0
2022-05-26 04:00:00,0,0,0
2022-05-26 05:00:00,0,0,0
2022-05-26 06:00:00,0,0,0
2022-05-26 07:00:00,0,0,0
2022-05-26 08:00:00,0,0,0
2022-05-26 09:00:00,0,0,0
2022-05-26 10:00:00,0,0,0
2022-05-26 11:00:00,0,0,0
2022-05-26 12:00:00,0,0,0
2022-05-26 13:00:00,0,0,0
2022-05-26 14:00:00,0,0,0
2022-05-26 15:00:00,0,0,0
2022-05-26 16:00:00,0,0,0
2022-05-26 17:00:00,0,0,0
2022-05-26 18:00:00,0,0,0
2022-05-26 19:00:00,0,0,0
2022-05-26 20:00:00,0,0,0
2022-05-26 21:00:00,0,0,0
2022-05-26 22:00:00,0,0,0
2022-05-26 23:00:00,0,0,0
2022-05-27 00:00:00,0,0,0
2022-05-27 01:00:00,0,0,0
2022-05-27 02:00:00,0,0,0
2022-05-27 03:00:00,0,0,0
2022-05-27 04:00:00,0,0,0
2022-05-27 05:00:00,0,0,0
2022-05-27 06:00:00,0,0,0
2022-05-27 07:00:00,0,0,0
2022-05-27 08:00:00,0,0,0
2022-05-27 09:00:00,0,0,0
2022-05-27 10:00:00,0,0,0
2022-05-27 11:00:00,0,0,0
2022-05-27 12:00:00,0,0,0
2022-05-27 13:00:00,0,0,0
2022-05-27 14:00:00,0,0,0
2022-05-27 15:00:00,0,0,0
2022-05-27 16:00:00,0,0,0
2022-05-27 17:00:00,0,0,0
2022-05-27 18:00:00,0,0,0
2022-05-27 19:00:00,0,0,0
2022-05-27 20:00:00,0,0,0
2022-05-27 21:00:00,0,0,0
2022-05-27 22:00:00,0,0,0
2022-05-27 23:00:00,0,0,0
2022-05-28 00:00:00,0,0,0
2022-05-28 01:00:00,0,0,0
2022-05-28 02:00:00,0,0,0
2022-05-28 03:00:00,0,0,0
2022-05-28 04:00:00,0,0,0
2022-05-28 05:00:00,0,0,0
2022-05-28 06:00:00,0,0,0
2022-05-28 07:00:00,0,0,0
2022-05-28 08:00:00,0,0,0
2022-05-28 09:00:00,0,0,0
2022-05-28 10:00:00,0,0,0
2022-05-28 11:00:00,0,0,0
2022-05-28 12:00:00,0,0,0
2022-05-28 13:00:00,0,0,0
2022-05-28 14:00:00,0,0,0
2022-05-28 15:00:00,0,0,0
2022-05-28 16:00:00,0,0,0
2022-05-28 17:00:00,0,0,0
2022-05-28 18:00:00,0,0,0
2022-05-28 19:00:00,0,0,0
2022-05-28 20:00:00,0,0,0
2022-05-28 21:00:00,0,0,0
2022-05-28 22:00:00,0,0,0
2022-05-28 23:00:00,0,0,0
2022-05-29 00:00:00,0,0,0
2022-05-29 01:00:00,0,0,0
2022-05-29 02:00:00,0,0,0
2022-05-29 03:00:00,0,0,0
2022-05-29 04:00:00,0,0,0
2022-05-29 05:00:00,0,0,0
2022-05-29 06:00:00,0,0,0
2022-05-29 07:00:00,0,0,0
2022-05-29 08:00:00,0,0,0
2022-05-29 09:00:00,0,0,0
2022-05-29 10:00:00,0,0,0
2022-05-29 11:00:00,0,0,0
2022-05-29 12:00:00,0,0,0
2022-05-29 13:00:00,0,0,0
2022-05-29 14:00:00,0,0,0
2022-05-29 15:00:00,0,0,0
2022-05-29 16:00:00,0,0,0
2022-05-29 17:00:00,0,0,0
2022-05-29 18:00:00,0,0,0
2022-05-29 19:00:00,0,0,0
2022-05-29 20:00:00,0,0,0
2022-05-29 21:00:00,0,0,0
2022-05-29 22:00:00,0,0,0
2022-05-29 23:00:00,0,0,0
2022-05-30 00:00:00,0,0,0
2022-05-30 01:00:00,0,0,0
2022-05-30 02:00:00,0,0,0
2022-05-30 03:00:00,0,0,0
2022-05-30 04:00:00,0,0,0
2022-05-30 05:00:00,0,0,0
2022-05-30 06:00:00,0,0,0
2022-05-30 07:00:00,0,0,0
2022-05-30 08:00:00,0,0,0
2022-05-30 09:00:00,0,0,0
2022-05-30 10:00:00,0,0,0
2022-05-30 11:00:00,0,0,0
2022-05-30 12:00:00,0,0,0
2022-05-30 13:00:00,0,0,0
2022-05-30 14:00:00,0,0,0
2022-05-30 15:00:00,0,0,0
2022-05-30 16:00:00,0,0,0
2022-05-30 17:00:00,0,0,0
2022-05-30 18:00:00,0,0,0
2022-05-30 19:00:00,0,0,0
2022-05-30 20:00:00,0,0,0
2022-05-30 21:00:00,0,0,0
2022-05-30 22:00:00,0,0,0
2022-05-30 23:00:00,0,0,0
2022-05-31 00:00:00,0,0,0
2022-05-31 01:00:00,0,0,0
2022-05-31 02:00:00,0,0,0
2022-05-31 03:00:00,0,0,0
2022-05-31 04:00:00,0,0,0
2022-05-31 05:00:00,0,0,0
2022-05-31 06:00:00,0,0,0
2022-05-31 07:00:00,0,0,0
2022-05-31 08:00:00,0,0,0
2022-05-31 09:00:00,0,0,0
2022-05-31 10:00:00,0,0,0
2022-05-31 11:00:00,0,0,0
2022-05-31 12:00:00,0,0,0
2022-05-31 13:00:00,0,0,0
2022-05-31 14:00:00,0,0,0
2022-05-31 15:00:00,0,0,0
2022-05-31 16:00:00,0,0,0
2022-05-31 17:00:00,0,0,0
2022-05-31 18:00:00,0,0,0
2022-05-31 19:00:00,0,0,0
2022-05-31 20:00:00,0,0,0
2022-05-31 21:00:00,0,0,0
2022-05-31 22:00:00,0,0,0
2022-05-31 23:00:00,0,0,0