Date,Total,West,East
2020-06-01 00:00:00,2,2,0
2020-06-01 01:00:00,1,0,1
2020-06-01 02:00:00,2,2,0
2020-06-01 03:00:00,1,0,1
2020-06-01 04:00:00,3,1,2
2020-06-01 05:00:00,36,5,31
2020-06-01 06:00:00,79,20,59
2020-06-01 07:00:00,58,8,50
2020-06-01 08:00:00,53,13,40
2020-06-01 09:00:00,32,11,21
2020-06-01 10:00:00,26,10,16
2020-06-01 11:00:00,34,14,20
2020-06-01 12:00:00,41,19,22
2020-06-01 13:00:00,44,20,24
2020-06-01 14:00:00,73,42,31
2020-06-01 15:00:00,95,62,33
2020-06-01 16:00:00,117,70,47
2020-06-01 17:00:00,125,86,39
2020-06-01 18:00:00,62,46,16
2020-06-01 19:00:00,35,25,10
2020-06-01 20:00:00,21,7,14
2020-06-01 21:00:00,9,5,4
2020-06-01 22:00:00,0,0,0
2020-06-01 23:00:00,0,0,0
2020-06-02 00:00:00,0,0,0
2020-06-02 01:00:00,0,0,0
2020-06-02 02:00:00,0,0,0
2020-06-02 03:00:00,0,0,0
2020-06-02 04:00:00,0,0,0
2020-06-02 05:00:00,0,0,0
2020-06-02 06:00:00,0,0,0
2020-06-02 07:00:00,0,0,0
2020-06-02 08:00:00,54,9,45
2020-06-02 09:00:00,40,8,32
2020-06-02 10:00:00,44,19,25
2020-06-02 11:00:00,41,15,26
2020-06-02 12:00:00,35,16,19
2020-06-02 13:00:00,50,22,28
2020-06-02 14:00:00,76,46,30
2020-06-02 15:00:00,68,45,23
2020-06-02 16:00:00,77,55,22
2020-06-02 17:00:00,75,57,18
2020-06-02 18:00:00,45,36,9
2020-06-02 19:00:00,33,18,15
2020-06-02 20:00:00,16,10,6
2020-06-02 21:00:00,19,12,7
2020-06-02 22:00:00,9,4,5
2020-06-02 23:00:00,8,5,3
2020-06-03 00:00:00,10,8,2
2020-06-03 01:00:00,9,6,3
2020-06-03 02:00:00,1,1,0
2020-06-03 03:00:00,1,0,1
2020-06-03 04:00:00,2,1,1
2020-06-03 05:00:00,25,5,20
2020-06-03 06:00:00,74,13,61
2020-06-03 07:00:00,73,20,53
2020-06-03 08:00:00,49,12,37
2020-06-03 09:00:00,33,7,26
2020-06-03 10:00:00,30,14,16
2020-06-03 11:00:00,40,17,23
2020-06-03 12:00:00,54,31,23
2020-06-03 13:00:00,55,24,31
2020-06-03 14:00:00,71,36,35
2020-06-03 15:00:00,100,65,35
2020-06-03 16:00:00,120,69,51
2020-06-03 17:00:00,139,91,48
2020-06-03 18:00:00,100,65,35
2020-06-03 19:00:00,68,30,38
2020-06-03 20:00:00,30,17,13
2020-06-03 21:00:00,18,9,9
2020-06-03 22:00:00,9,6,3
2020-06-03 23:00:00,3,3,0
2020-06-04 00:00:00,3,3,0
2020-06-04 01:00:00,8,6,2
2020-06-04 02:00:00,2,1,1
2020-06-04 03:00:00,1,0,1
2020-06-04 04:00:00,3,1,2
2020-06-04 05:00:00,29,7,22
2020-06-04 06:00:00,82,15,67
2020-06-04 07:00:00,62,15,47
2020-06-04 08:00:00,44,3,41
2020-06-04 09:00:00,32,15,17
2020-06-04 10:00:00,36,11,25
2020-06-04 11:00:00,29,10,19
2020-06-04 12:00:00,36,14,22
2020-06-04 13:00:00,66,33,33
2020-06-04 14:00:00,67,29,38
2020-06-04 15:00:00,97,61,36
2020-06-04 16:00:00,105,68,37
2020-06-04 17:00:00,142,93,49
2020-06-04 18:00:00,102,61,41
2020-06-04 19:00:00,55,30,25
2020-06-04 20:00:00,39,26,13
2020-06-04 21:00:00,19,15,4
2020-06-04 22:00:00,14,7,7
2020-06-04 23:00:00,5,2,3
2020-06-05 00:00:00,2,1,1
2020-06-05 01:00:00,2,0,2
2020-06-05 02:00:00,3,3,0
2020-06-05 03:00:00,1,1,0
2020-06-05 04:00:00,2,0,2
2020-06-05 05:00:00,28,7,21
2020-06-05 06:00:00,47,10,37
2020-06-05 07:00:00,70,19,51
2020-06-05 08:00:00,50,15,35
2020-06-05 09:00:00,40,13,27
2020-06-05 10:00:00,44,13,31
2020-06-05 11:00:00,45,24,21
2020-06-05 12:00:00,67,36,31
2020-06-05 13:00:00,62,31,31
2020-06-05 14:00:00,63,35,28
2020-06-05 15:00:00,104,63,41
2020-06-05 16:00:00,92,54,38
2020-06-05 17:00:00,121,79,42
2020-06-05 18:00:00,80,57,23
2020-06-05 19:00:00,37,21,16
2020-06-05 20:00:00,22,6,16
2020-06-05 21:00:00,18,15,3
2020-06-05 22:00:00,4,2,2
2020-06-05 23:00:00,2,0,2
2020-06-06 00:00:00,5,3,2
2020-06-06 01:00:00,3,1,2
2020-06-06 02:00:00,2,1,1
2020-06-06 03:00:00,2,2,0
2020-06-06 04:00:00,0,0,0
2020-06-06 05:00:00,3,1,2
2020-06-06 06:00:00,7,0,7
2020-06-06 07:00:00,35,13,22
2020-06-06 08:00:00,75,28,47
2020-06-06 09:00:00,71,30,41
2020-06-06 10:00:00,99,44,55
2020-06-06 11:00:00,235,173,62
2020-06-06 12:00:00,360,96,264
2020-06-06 13:00:00,123,60,63
2020-06-06 14:00:00,144,102,42
2020-06-06 15:00:00,37,22,15
2020-06-06 16:00:00,38,23,15
2020-06-06 17:00:00,28,14,14
2020-06-06 18:00:00,25,14,11
2020-06-06 19:00:00,24,15,9
2020-06-06 20:00:00,14,10,4
2020-06-06 21:00:00,12,5,7
2020-06-06 22:00:00,8,5,3
2020-06-06 23:00:00,2,2,0
2020-06-07 00:00:00,4,1,3
2020-06-07 01:00:00,1,1,0
2020-06-07 02:00:00,1,0,1
2020-06-07 03:00:00,2,1,1
2020-06-07 04:00:00,0,0,0
2020-06-07 05:00:00,2,1,1
2020-06-07 06:00:00,1,1,0
2020-06-07 07:00:00,8,2,6
2020-06-07 08:00:00,13,7,6
2020-06-07 09:00:00,16,6,10
2020-06-07 10:00:00,40,16,24
2020-06-07 11:00:00,31,14,17
2020-06-07 12:00:00,32,12,20
2020-06-07 13:00:00,49,33,16
2020-06-07 14:00:00,74,34,40
2020-06-07 15:00:00,65,26,39
2020-06-07 16:00:00,61,30,31
2020-06-07 17:00:00,61,30,31
2020-06-07 18:00:00,41,23,18
2020-06-07 19:00:00,32,22,10
2020-06-07 20:00:00,10,5,5
2020-06-07 21:00:00,18,7,11
2020-06-07 22:00:00,5,4,1
2020-06-07 23:00:00,2,1,1
2020-06-08 00:00:00,3,1,2
2020-06-08 01:00:00,7,4,3
2020-06-08 02:00:00,1,0,1
2020-06-08 03:00:00,0,0,0
2020-06-08 04:00:00,6,2,4
2020-06-08 05:00:00,34,3,31
2020-06-08 06:00:00,71,9,62
2020-06-08 07:00:00,66,13,53
2020-06-08 08:00:00,57,7,50
2020-06-08 09:00:00,35,8,27
2020-06-08 10:00:00,30,12,18
2020-06-08 11:00:00,36,16,20
2020-06-08 12:00:00,52,27,25
2020-06-08 13:00:00,52,29,23
2020-06-08 14:00:00,66,39,27
2020-06-08 15:00:00,85,53,32
2020-06-08 16:00:00,97,60,37
2020-06-08 17:00:00,112,77,35
2020-06-08 18:00:00,95,68,27
2020-06-08 19:00:00,50,29,21
2020-06-08 20:00:00,35,17,18
2020-06-08 21:00:00,13,11,2
2020-06-08 22:00:00,8,3,5
2020-06-08 23:00:00,8,5,3
2020-06-09 00:00:00,2,1,1
2020-06-09 01:00:00,7,4,3
2020-06-09 02:00:00,5,3,2
2020-06-09 03:00:00,1,0,1
2020-06-09 04:00:00,3,2,1
2020-06-09 05:00:00,19,3,16
2020-06-09 06:00:00,38,6,32
2020-06-09 07:00:00,47,10,37
2020-06-09 08:00:00,26,2,24
2020-06-09 09:00:00,17,6,11
2020-06-09 10:00:00,15,3,12
2020-06-09 11:00:00,14,4,10
2020-06-09 12:00:00,10,4,6
2020-06-09 13:00:00,14,8,6
2020-06-09 14:00:00,12,6,6
2020-06-09 15:00:00,36,22,14
2020-06-09 16:00:00,44,29,15
2020-06-09 17:00:00,58,44,14
2020-06-09 18:00:00,50,35,15
2020-06-09 19:00:00,16,10,6
2020-06-09 20:00:00,8,7,1
2020-06-09 21:00:00,9,5,4
2020-06-09 22:00:00,5,3,2
2020-06-09 23:00:00,2,1,1
2020-06-10 00:00:00,4,3,1
2020-06-10 01:00:00,6,3,3
2020-06-10 02:00:00,4,3,1
2020-06-10 03:00:00,2,0,2
2020-06-10 04:00:00,4,2,2
2020-06-10 05:00:00,28,7,21
2020-06-10 06:00:00,71,11,60
2020-06-10 07:00:00,68,11,57
2020-06-10 08:00:00,43,9,34
2020-06-10 09:00:00,26,8,18
2020-06-10 10:00:00,43,13,30
2020-06-10 11:00:00,49,13,36
2020-06-10 12:00:00,72,34,38
2020-06-10 13:00:00,77,40,37
2020-06-10 14:00:00,65,33,32
2020-06-10 15:00:00,111,68,43
2020-06-10 16:00:00,113,74,39
2020-06-10 17:00:00,178,135,43
2020-06-10 18:00:00,130,85,45
2020-06-10 19:00:00,90,52,38
2020-06-10 20:00:00,67,22,45
2020-06-10 21:00:00,20,9,11
2020-06-10 22:00:00,10,5,5
2020-06-10 23:00:00,6,4,2
2020-06-11 00:00:00,8,5,3
2020-06-11 01:00:00,5,4,1
2020-06-11 02:00:00,7,3,4
2020-06-11 03:00:00,1,1,0
2020-06-11 04:00:00,3,1,2
2020-06-11 05:00:00,24,3,21
2020-06-11 06:00:00,59,7,52
2020-06-11 07:00:00,72,21,51
2020-06-11 08:00:00,54,8,46
2020-06-11 09:00:00,34,8,26
2020-06-11 10:00:00,14,6,8
2020-06-11 11:00:00,21,8,13
2020-06-11 12:00:00,32,13,19
2020-06-11 13:00:00,27,10,17
2020-06-11 14:00:00,48,21,27
2020-06-11 15:00:00,82,52,30
2020-06-11 16:00:00,112,75,37
2020-06-11 17:00:00,124,82,42
2020-06-11 18:00:00,108,75,33
2020-06-11 19:00:00,65,34,31
2020-06-11 20:00:00,45,25,20
2020-06-11 21:00:00,36,19,17
2020-06-11 22:00:00,3,3,0
2020-06-11 23:00:00,11,5,6
2020-06-12 00:00:00,3,3,0
2020-06-12 01:00:00,2,1,1
2020-06-12 02:00:00,3,1,2
2020-06-12 03:00:00,0,0,0
2020-06-12 04:00:00,1,1,0
2020-06-12 05:00:00,13,4,9
2020-06-12 06:00:00,49,6,43
2020-06-12 07:00:00,52,8,44
2020-06-12 08:00:00,37,6,31
2020-06-12 09:00:00,27,7,20
2020-06-12 10:00:00,30,14,16
2020-06-12 11:00:00,29,8,21
2020-06-12 12:00:00,55,12,43
2020-06-12 13:00:00,60,5,55
2020-06-12 14:00:00,32,20,12
2020-06-12 15:00:00,34,22,12
2020-06-12 16:00:00,83,71,12
2020-06-12 17:00:00,96,80,16
2020-06-12 18:00:00,62,49,13
2020-06-12 19:00:00,34,27,7
2020-06-12 20:00:00,29,13,16
2020-06-12 21:00:00,6,4,2
2020-06-12 22:00:00,5,2,3
2020-06-12 23:00:00,4,2,2
2020-06-13 00:00:00,5,4,1
2020-06-13 01:00:00,1,0,1
2020-06-13 02:00:00,4,4,0
2020-06-13 03:00:00,1,1,0
2020-06-13 04:00:00,0,0,0
2020-06-13 05:00:00,7,0,7
2020-06-13 06:00:00,12,4,8
2020-06-13 07:00:00,12,4,8
2020-06-13 08:00:00,25,12,13
2020-06-13 09:00:00,17,7,10
2020-06-13 10:00:00,41,14,27
2020-06-13 11:00:00,68,22,46
2020-06-13 12:00:00,87,35,52
2020-06-13 13:00:00,52,15,37
2020-06-13 14:00:00,64,44,20
2020-06-13 15:00:00,64,40,24
2020-06-13 16:00:00,52,33,19
2020-06-13 17:00:00,43,29,14
2020-06-13 18:00:00,41,17,24
2020-06-13 19:00:00,35,21,14
2020-06-13 20:00:00,26,14,12
2020-06-13 21:00:00,2,0,2
2020-06-13 22:00:00,4,3,1
2020-06-13 23:00:00,1,1,0
2020-06-14 00:00:00,4,2,2
2020-06-14 01:00:00,5,3,2
2020-06-14 02:00:00,1,1,0
2020-06-14 03:00:00,3,2,1
2020-06-14 04:00:00,1,0,1
2020-06-14 05:00:00,6,1,5
2020-06-14 06:00:00,19,2,17
2020-06-14 07:00:00,28,12,16
2020-06-14 08:00:00,45,22,23
2020-06-14 09:00:00,58,27,31
2020-06-14 10:00:00,96,41,55
2020-06-14 11:00:00,153,83,70
2020-06-14 12:00:00,140,70,70
2020-06-14 13:00:00,155,82,73
2020-06-14 14:00:00,166,79,87
2020-06-14 15:00:00,153,75,78
2020-06-14 16:00:00,160,71,89
2020-06-14 17:00:00,106,63,43
2020-06-14 18:00:00,69,38,31
2020-06-14 19:00:00,58,34,24
2020-06-14 20:00:00,33,16,17
2020-06-14 21:00:00,14,2,12
2020-06-14 22:00:00,3,2,1
2020-06-14 23:00:00,7,5,2
2020-06-15 00:00:00,7,1,6
2020-06-15 01:00:00,1,1,0
2020-06-15 02:00:00,2,0,2
2020-06-15 03:00:00,2,1,1
2020-06-15 04:00:00,2,1,1
2020-06-15 05:00:00,19,1,18
2020-06-15 06:00:00,43,7,36
2020-06-15 07:00:00,39,4,35
2020-06-15 08:00:00,35,4,31
2020-06-15 09:00:00,23,2,21
2020-06-15 10:00:00,12,2,10
2020-06-15 11:00:00,14,8,6
2020-06-15 12:00:00,20,8,12
2020-06-15 13:00:00,21,11,10
2020-06-15 14:00:00,30,19,11
2020-06-15 15:00:00,29,23,6
2020-06-15 16:00:00,68,45,23
2020-06-15 17:00:00,82,55,27
2020-06-15 18:00:00,42,31,11
2020-06-15 19:00:00,22,17,5
2020-06-15 20:00:00,10,8,2
2020-06-15 21:00:00,7,5,2
2020-06-15 22:00:00,5,4,1
2020-06-15 23:00:00,2,1,1
2020-06-16 00:00:00,4,3,1
2020-06-16 01:00:00,2,1,1
2020-06-16 02:00:00,1,0,1
2020-06-16 03:00:00,0,0,0
2020-06-16 04:00:00,1,1,0
2020-06-16 05:00:00,23,1,22
2020-06-16 06:00:00,70,12,58
2020-06-16 07:00:00,67,10,57
2020-06-16 08:00:00,69,9,60
2020-06-16 09:00:00,41,16,25
2020-06-16 10:00:00,31,8,23
2020-06-16 11:00:00,39,13,26
2020-06-16 12:00:00,50,18,32
2020-06-16 13:00:00,60,25,35
2020-06-16 14:00:00,66,34,32
2020-06-16 15:00:00,90,62,28
2020-06-16 16:00:00,124,84,40
2020-06-16 17:00:00,170,106,64
2020-06-16 18:00:00,98,71,27
2020-06-16 19:00:00,58,44,14
2020-06-16 20:00:00,35,14,21
2020-06-16 21:00:00,29,15,14
2020-06-16 22:00:00,5,2,3
2020-06-16 23:00:00,9,6,3
2020-06-17 00:00:00,7,5,2
2020-06-17 01:00:00,2,1,1
2020-06-17 02:00:00,2,1,1
2020-06-17 03:00:00,0,0,0
2020-06-17 04:00:00,5,3,2
2020-06-17 05:00:00,30,5,25
2020-06-17 06:00:00,76,10,66
2020-06-17 07:00:00,85,10,75
2020-06-17 08:00:00,60,13,47
2020-06-17 09:00:00,58,16,42
2020-06-17 10:00:00,54,13,41
2020-06-17 11:00:00,56,28,28
2020-06-17 12:00:00,55,19,36
2020-06-17 13:00:00,52,33,19
2020-06-17 14:00:00,95,57,38
2020-06-17 15:00:00,125,84,41
2020-06-17 16:00:00,141,88,53
2020-06-17 17:00:00,172,120,52
2020-06-17 18:00:00,142,93,49
2020-06-17 19:00:00,96,54,42
2020-06-17 20:00:00,53,21,32
2020-06-17 21:00:00,34,23,11
2020-06-17 22:00:00,9,5,4
2020-06-17 23:00:00,17,8,9
2020-06-18 00:00:00,5,2,3
2020-06-18 01:00:00,3,1,2
2020-06-18 02:00:00,2,1,1
2020-06-18 03:00:00,1,0,1
2020-06-18 04:00:00,5,0,5
2020-06-18 05:00:00,26,3,23
2020-06-18 06:00:00,73,12,61
2020-06-18 07:00:00,88,15,73
2020-06-18 08:00:00,74,17,57
2020-06-18 09:00:00,64,19,45
2020-06-18 10:00:00,50,16,34
2020-06-18 11:00:00,74,32,42
2020-06-18 12:00:00,62,33,29
2020-06-18 13:00:00,75,40,35
2020-06-18 14:00:00,76,46,30
2020-06-18 15:00:00,147,84,63
2020-06-18 16:00:00,168,114,54
2020-06-18 17:00:00,163,105,58
2020-06-18 18:00:00,126,88,38
2020-06-18 19:00:00,81,44,37
2020-06-18 20:00:00,53,27,26
2020-06-18 21:00:00,36,16,20
2020-06-18 22:00:00,12,6,6
2020-06-18 23:00:00,12,9,3
2020-06-19 00:00:00,3,2,1
2020-06-19 01:00:00,2,0,2
2020-06-19 02:00:00,5,2,3
2020-06-19 03:00:00,0,0,0
2020-06-19 04:00:00,5,0,5
2020-06-19 05:00:00,31,4,27
2020-06-19 06:00:00,52,6,46
2020-06-19 07:00:00,83,17,66
2020-06-19 08:00:00,68,14,54
2020-06-19 09:00:00,58,18,40
2020-06-19 10:00:00,65,22,43
2020-06-19 11:00:00,78,34,44
2020-06-19 12:00:00,81,39,42
2020-06-19 13:00:00,92,39,53
2020-06-19 14:00:00,101,59,42
2020-06-19 15:00:00,132,81,51
2020-06-19 16:00:00,150,96,54
2020-06-19 17:00:00,123,88,35
2020-06-19 18:00:00,88,57,31
2020-06-19 19:00:00,71,43,28
2020-06-19 20:00:00,54,31,23
2020-06-19 21:00:00,23,10,13
2020-06-19 22:00:00,7,2,5
2020-06-19 23:00:00,3,2,1
2020-06-20 00:00:00,10,1,9
2020-06-20 01:00:00,1,0,1
2020-06-20 02:00:00,0,0,0
2020-06-20 03:00:00,4,4,0
2020-06-20 04:00:00,1,1,0
2020-06-20 05:00:00,2,0,2
2020-06-20 06:00:00,9,4,5
2020-06-20 07:00:00,15,5,10
2020-06-20 08:00:00,14,4,10
2020-06-20 09:00:00,18,9,9
2020-06-20 10:00:00,35,16,19
2020-06-20 11:00:00,35,17,18
2020-06-20 12:00:00,40,26,14
2020-06-20 13:00:00,56,24,32
2020-06-20 14:00:00,58,37,21
2020-06-20 15:00:00,85,50,35
2020-06-20 16:00:00,79,41,38
2020-06-20 17:00:00,52,27,25
2020-06-20 18:00:00,53,32,21
2020-06-20 19:00:00,41,24,17
2020-06-20 20:00:00,21,10,11
2020-06-20 21:00:00,27,13,14
2020-06-20 22:00:00,10,3,7
2020-06-20 23:00:00,5,2,3
2020-06-21 00:00:00,2,0,2
2020-06-21 01:00:00,3,3,0
2020-06-21 02:00:00,2,1,1
2020-06-21 03:00:00,3,2,1
2020-06-21 04:00:00,0,0,0
2020-06-21 05:00:00,5,0,5
2020-06-21 06:00:00,15,5,10
2020-06-21 07:00:00,13,5,8
2020-06-21 08:00:00,32,11,21
2020-06-21 09:00:00,41,21,20
2020-06-21 10:00:00,70,26,44
2020-06-21 11:00:00,81,46,35
2020-06-21 12:00:00,91,43,48
2020-06-21 13:00:00,124,75,49
2020-06-21 14:00:00,121,67,54
2020-06-21 15:00:00,120,57,63
2020-06-21 16:00:00,123,67,56
2020-06-21 17:00:00,77,39,38
2020-06-21 18:00:00,51,20,31
2020-06-21 19:00:00,41,15,26
2020-06-21 20:00:00,24,9,15
2020-06-21 21:00:00,11,5,6
2020-06-21 22:00:00,6,4,2
2020-06-21 23:00:00,4,3,1
2020-06-22 00:00:00,3,0,3
2020-06-22 01:00:00,2,1,1
2020-06-22 02:00:00,0,0,0
2020-06-22 03:00:00,1,1,0
2020-06-22 04:00:00,7,3,4
2020-06-22 05:00:00,29,3,26
2020-06-22 06:00:00,75,9,66
2020-06-22 07:00:00,89,18,71
2020-06-22 08:00:00,85,15,70
2020-06-22 09:00:00,47,14,33
2020-06-22 10:00:00,40,21,19
2020-06-22 11:00:00,63,28,35
2020-06-22 12:00:00,67,29,38
2020-06-22 13:00:00,67,34,33
2020-06-22 14:00:00,78,39,39
2020-06-22 15:00:00,112,75,37
2020-06-22 16:00:00,115,78,37
2020-06-22 17:00:00,167,124,43
2020-06-22 18:00:00,127,80,47
2020-06-22 19:00:00,71,34,37
2020-06-22 20:00:00,49,26,23
2020-06-22 21:00:00,19,5,14
2020-06-22 22:00:00,7,4,3
2020-06-22 23:00:00,6,6,0
2020-06-23 00:00:00,2,1,1
2020-06-23 01:00:00,3,1,2
2020-06-23 02:00:00,2,0,2
2020-06-23 03:00:00,2,0,2
2020-06-23 04:00:00,8,2,6
2020-06-23 05:00:00,30,2,28
2020-06-23 06:00:00,78,9,69
2020-06-23 07:00:00,106,14,92
2020-06-23 08:00:00,76,17,59
2020-06-23 09:00:00,63,22,41
2020-06-23 10:00:00,48,14,34
2020-06-23 11:00:00,60,33,27
2020-06-23 12:00:00,61,25,36
2020-06-23 13:00:00,80,44,36
2020-06-23 14:00:00,74,39,35
2020-06-23 15:00:00,120,78,42
2020-06-23 16:00:00,112,73,39
2020-06-23 17:00:00,156,118,38
2020-06-23 18:00:00,97,71,26
2020-06-23 19:00:00,71,37,34
2020-06-23 20:00:00,38,20,18
2020-06-23 21:00:00,16,8,8
2020-06-23 22:00:00,10,7,3
2020-06-23 23:00:00,8,7,1
2020-06-24 00:00:00,2,1,1
2020-06-24 01:00:00,5,4,1
2020-06-24 02:00:00,1,0,1
2020-06-24 03:00:00,2,1,1
2020-06-24 04:00:00,13,4,9
2020-06-24 05:00:00,25,8,17
2020-06-24 06:00:00,93,19,74
2020-06-24 07:00:00,83,9,74
2020-06-24 08:00:00,79,18,61
2020-06-24 09:00:00,51,14,37
2020-06-24 10:00:00,48,14,34
2020-06-24 11:00:00,42,15,27
2020-06-24 12:00:00,51,23,28
2020-06-24 13:00:00,40,24,16
2020-06-24 14:00:00,57,29,28
2020-06-24 15:00:00,94,60,34
2020-06-24 16:00:00,132,97,35
2020-06-24 17:00:00,138,110,28
2020-06-24 18:00:00,107,74,33
2020-06-24 19:00:00,69,37,32
2020-06-24 20:00:00,60,33,27
2020-06-24 21:00:00,25,14,11
2020-06-24 22:00:00,9,5,4
2020-06-24 23:00:00,11,9,2
2020-06-25 00:00:00,1,0,1
2020-06-25 01:00:00,3,3,0
2020-06-25 02:00:00,2,2,0
2020-06-25 03:00:00,8,3,5
2020-06-25 04:00:00,11,1,10
2020-06-25 05:00:00,40,6,34
2020-06-25 06:00:00,83,10,73
2020-06-25 07:00:00,99,12,87
2020-06-25 08:00:00,64,13,51
2020-06-25 09:00:00,72,28,44
2020-06-25 10:00:00,37,16,21
2020-06-25 11:00:00,52,21,31
2020-06-25 12:00:00,53,29,24
2020-06-25 13:00:00,79,41,38
2020-06-25 14:00:00,83,47,36
2020-06-25 15:00:00,117,66,51
2020-06-25 16:00:00,163,105,58
2020-06-25 17:00:00,146,108,38
2020-06-25 18:00:00,123,90,33
2020-06-25 19:00:00,97,62,35
2020-06-25 20:00:00,51,29,22
2020-06-25 21:00:00,59,21,38
2020-06-25 22:00:00,16,8,8
2020-06-25 23:00:00,13,6,7
2020-06-26 00:00:00,6,4,2
2020-06-26 01:00:00,2,0,2
2020-06-26 02:00:00,7,3,4
2020-06-26 03:00:00,0,0,0
2020-06-26 04:00:00,8,1,7
2020-06-26 05:00:00,26,3,23
2020-06-26 06:00:00,68,14,54
2020-06-26 07:00:00,71,11,60
2020-06-26 08:00:00,70,14,56
2020-06-26 09:00:00,63,21,42
2020-06-26 10:00:00,52,21,31
2020-06-26 11:00:00,73,26,47
2020-06-26 12:00:00,67,37,30
2020-06-26 13:00:00,86,52,34
2020-06-26 14:00:00,100,58,42
2020-06-26 15:00:00,138,88,50
2020-06-26 16:00:00,145,91,54
2020-06-26 17:00:00,127,85,42
2020-06-26 18:00:00,83,60,23
2020-06-26 19:00:00,60,35,25
2020-06-26 20:00:00,42,19,23
2020-06-26 21:00:00,31,11,20
2020-06-26 22:00:00,8,6,2
2020-06-26 23:00:00,8,4,4
2020-06-27 00:00:00,3,2,1
2020-06-27 01:00:00,1,0,1
2020-06-27 02:00:00,0,0,0
2020-06-27 03:00:00,1,1,0
2020-06-27 04:00:00,3,2,1
2020-06-27 05:00:00,12,2,10
2020-06-27 06:00:00,8,2,6
2020-06-27 07:00:00,11,5,6
2020-06-27 08:00:00,12,8,4
2020-06-27 09:00:00,30,20,10
2020-06-27 10:00:00,31,14,17
2020-06-27 11:00:00,52,20,32
2020-06-27 12:00:00,30,12,18
2020-06-27 13:00:00,19,7,12
2020-06-27 14:00:00,30,12,18
2020-06-27 15:00:00,33,23,10
2020-06-27 16:00:00,24,13,11
2020-06-27 17:00:00,28,13,15
2020-06-27 18:00:00,19,12,7
2020-06-27 19:00:00,14,7,7
2020-06-27 20:00:00,6,6,0
2020-06-27 21:00:00,4,1,3
2020-06-27 22:00:00,3,3,0
2020-06-27 23:00:00,0,0,0
2020-06-28 00:00:00,0,0,0
2020-06-28 01:00:00,0,0,0
2020-06-28 02:00:00,2,1,1
2020-06-28 03:00:00,3,1,2
2020-06-28 04:00:00,0,0,0
2020-06-28 05:00:00,2,0,2
2020-06-28 06:00:00,10,1,9
2020-06-28 07:00:00,15,10,5
2020-06-28 08:00:00,17,6,11
2020-06-28 09:00:00,17,9,8
2020-06-28 10:00:00,42,25,17
2020-06-28 11:00:00,61,37,24
2020-06-28 12:00:00,73,32,41
2020-06-28 13:00:00,116,55,61
2020-06-28 14:00:00,115,55,60
2020-06-28 15:00:00,118,54,64
2020-06-28 16:00:00,94,51,43
2020-06-28 17:00:00,98,53,45
2020-06-28 18:00:00,61,37,24
2020-06-28 19:00:00,49,25,24
2020-06-28 20:00:00,33,18,15
2020-06-28 21:00:00,27,8,19
2020-06-28 22:00:00,8,4,4
2020-06-28 23:00:00,12,6,6
2020-06-29 00:00:00,7,2,5
2020-06-29 01:00:00,1,1,0
2020-06-29 02:00:00,1,0,1
2020-06-29 03:00:00,1,0,1
2020-06-29 04:00:00,5,1,4
2020-06-29 05:00:00,24,2,22
2020-06-29 06:00:00,68,9,59
2020-06-29 07:00:00,70,13,57
2020-06-29 08:00:00,79,8,71
2020-06-29 09:00:00,45,12,33
2020-06-29 10:00:00,34,11,23
2020-06-29 11:00:00,50,19,31
2020-06-29 12:00:00,53,28,25
2020-06-29 13:00:00,50,24,26
2020-06-29 14:00:00,80,46,34
2020-06-29 15:00:00,81,47,34
2020-06-29 16:00:00,113,75,38
2020-06-29 17:00:00,132,107,25
2020-06-29 18:00:00,90,65,25
2020-06-29 19:00:00,44,24,20
2020-06-29 20:00:00,31,15,16
2020-06-29 21:00:00,17,12,5
2020-06-29 22:00:00,5,4,1
2020-06-29 23:00:00,8,7,1
2020-06-30 00:00:00,3,2,1
2020-06-30 01:00:00,1,0,1
2020-06-30 02:00:00,1,1,0
2020-06-30 03:00:00,0,0,0
2020-06-30 04:00:00,2,0,2
2020-06-30 05:00:00,24,3,21
2020-06-30 06:00:00,51,9,42
2020-06-30 07:00:00,52,9,43
2020-06-30 08:00:00,35,6,29
2020-06-30 09:00:00,22,6,16
2020-06-30 10:00:00,12,3,9
2020-06-30 11:00:00,26,9,17
2020-06-30 12:00:00,27,13,14
2020-06-30 13:00:00,30,10,20
2020-06-30 14:00:00,52,26,26
2020-06-30 15:00:00,45,31,14
2020-06-30 16:00:00,68,49,19
2020-06-30 17:00:00,80,62,18
2020-06-30 18:00:00,56,45,11
2020-06-30 19:00:00,31,18,13
2020-06-30 20:00:00,30,14,16
2020-06-30 21:00:00,22,12,10
2020-06-30 22:00:00,8,4,4
2020-06-30 23:00:00,6,5,1
2020-10-01 00:00:00,4,2,2
2020-10-01 01:00:00,4,2,2
2020-10-01 02:00:00,2,0,2
2020-10-01 03:00:00,3,1,2
2020-10-01 04:00:00,3,1,2
2020-10-01 05:00:00,39,7,32
2020-10-01 06:00:00,65,9,56
2020-10-01 07:00:00,84,10,74
2020-10-01 08:00:00,74,13,61
2020-10-01 09:00:00,62,21,41
2020-10-01 10:00:00,25,12,13
2020-10-01 11:00:00,43,17,26
2020-10-01 12:00:00,35,17,18
2020-10-01 13:00:00,41,20,21
2020-10-01 14:00:00,44,26,18
2020-10-01 15:00:00,82,57,25
2020-10-01 16:00:00,86,59,27
2020-10-01 17:00:00,126,89,37
2020-10-01 18:00:00,90,66,24
2020-10-01 19:00:00,35,25,10
2020-10-01 20:00:00,22,12,10
2020-10-01 21:00:00,14,8,6
2020-10-01 22:00:00,11,9,2
2020-10-01 23:00:00,6,5,1
2020-10-02 00:00:00,3,3,0
2020-10-02 01:00:00,3,2,1
2020-10-02 02:00:00,7,4,3
2020-10-02 03:00:00,3,1,2
2020-10-02 04:00:00,6,2,4
2020-10-02 05:00:00,22,3,19
2020-10-02 06:00:00,52,3,49
2020-10-02 07:00:00,73,18,55
2020-10-02 08:00:00,67,10,57
2020-10-02 09:00:00,45,15,30
2020-10-02 10:00:00,38,16,22
2020-10-02 11:00:00,26,8,18
2020-10-02 12:00:00,44,22,22
2020-10-02 13:00:00,52,24,28
2020-10-02 14:00:00,77,46,31
2020-10-02 15:00:00,95,66,29
2020-10-02 16:00:00,109,71,38
2020-10-02 17:00:00,92,69,23
2020-10-02 18:00:00,70,47,23
2020-10-02 19:00:00,33,14,19
2020-10-02 20:00:00,14,10,4
2020-10-02 21:00:00,16,11,5
2020-10-02 22:00:00,13,6,7
2020-10-02 23:00:00,2,0,2
2020-10-03 00:00:00,2,1,1
2020-10-03 01:00:00,2,2,0
2020-10-03 02:00:00,4,2,2
2020-10-03 03:00:00,2,1,1
2020-10-03 04:00:00,1,1,0
2020-10-03 05:00:00,9,0,9
2020-10-03 06:00:00,11,5,6
2020-07-01 00:00:00,4,3,1
2020-07-01 01:00:00,0,0,0
2020-07-01 02:00:00,2,1,1
2020-07-01 03:00:00,0,0,0
2020-07-01 04:00:00,4,0,4
2020-07-01 05:00:00,28,3,25
2020-07-01 06:00:00,65,5,60
2020-07-01 07:00:00,80,9,71
2020-07-01 08:00:00,57,19,38
2020-07-01 09:00:00,42,13,29
2020-07-01 10:00:00,27,8,19
2020-07-01 11:00:00,32,6,26
2020-07-01 12:00:00,47,20,27
2020-07-01 13:00:00,34,16,18
2020-07-01 14:00:00,65,32,33
2020-07-01 15:00:00,104,68,36
2020-07-01 16:00:00,113,79,34
2020-07-01 17:00:00,115,83,32
2020-07-01 18:00:00,65,48,17
2020-07-01 19:00:00,42,29,13
2020-07-01 20:00:00,24,13,11
2020-07-01 21:00:00,14,11,3
2020-07-01 22:00:00,8,6,2
2020-07-01 23:00:00,5,4,1
2020-07-02 00:00:00,4,1,3
2020-07-02 01:00:00,3,1,2
2020-07-02 02:00:00,0,0,0
2020-07-02 03:00:00,1,0,1
2020-07-02 04:00:00,6,4,2
2020-07-02 05:00:00,25,4,21
2020-07-02 06:00:00,65,15,50
2020-07-02 07:00:00,74,9,65
2020-07-02 08:00:00,68,19,49
2020-07-02 09:00:00,36,11,25
2020-07-02 10:00:00,34,10,24
2020-07-02 11:00:00,35,20,15
2020-07-02 12:00:00,53,26,27
2020-07-02 13:00:00,46,24,22
2020-07-02 14:00:00,60,34,26
2020-07-02 15:00:00,71,42,29
2020-07-02 16:00:00,102,74,28
2020-07-02 17:00:00,108,71,37
2020-07-02 18:00:00,80,48,32
2020-07-02 19:00:00,54,41,13
2020-07-02 20:00:00,34,21,13
2020-07-02 21:00:00,12,8,4
2020-07-02 22:00:00,11,4,7
2020-07-02 23:00:00,6,5,1
2020-07-03 00:00:00,2,2,0
2020-07-03 01:00:00,2,1,1
2020-07-03 02:00:00,1,1,0
2020-07-03 03:00:00,2,0,2
2020-07-03 04:00:00,4,4,0
2020-07-03 05:00:00,10,2,8
2020-07-03 06:00:00,19,4,15
2020-07-03 07:00:00,28,7,21
2020-07-03 08:00:00,35,17,18
2020-07-03 09:00:00,60,23,37
2020-07-03 10:00:00,53,31,22
2020-07-03 11:00:00,73,28,45
2020-07-03 12:00:00,66,31,35
2020-07-03 13:00:00,108,48,60
2020-07-03 14:00:00,91,52,39
2020-07-03 15:00:00,94,49,45
2020-07-03 16:00:00,86,51,35
2020-07-03 17:00:00,51,33,18
2020-07-03 18:00:00,54,25,29
2020-07-03 19:00:00,35,18,17
2020-07-03 20:00:00,26,12,14
2020-07-03 21:00:00,20,13,7
2020-07-03 22:00:00,9,7,2
2020-07-03 23:00:00,4,2,2
2020-07-04 00:00:00,7,3,4
2020-07-04 01:00:00,5,2,3
2020-07-04 02:00:00,4,1,3
2020-07-04 03:00:00,3,0,3
2020-07-04 04:00:00,3,3,0
2020-07-04 05:00:00,9,1,8
2020-07-04 06:00:00,6,4,2
2020-07-04 07:00:00,15,6,9
2020-07-04 08:00:00,35,19,16
2020-07-04 09:00:00,44,19,25
2020-07-04 10:00:00,46,21,25
2020-07-04 11:00:00,75,42,33
2020-07-04 12:00:00,96,43,53
2020-07-04 13:00:00,91,44,47
2020-07-04 14:00:00,118,57,61
2020-07-04 15:00:00,93,55,38
2020-07-04 16:00:00,95,58,37
2020-07-04 17:00:00,58,27,31
2020-07-04 18:00:00,34,16,18
2020-07-04 19:00:00,40,19,21
2020-07-04 20:00:00,29,12,17
2020-07-04 21:00:00,25,9,16
2020-07-04 22:00:00,6,4,2
2020-07-04 23:00:00,3,2,1
2020-07-05 00:00:00,7,2,5
2020-07-05 01:00:00,5,4,1
2020-07-05 02:00:00,0,0,0
2020-07-05 03:00:00,1,0,1
2020-07-05 04:00:00,3,2,1
2020-07-05 05:00:00,6,1,5
2020-07-05 06:00:00,6,2,4
2020-07-05 07:00:00,17,4,13
2020-07-05 08:00:00,35,15,20
2020-07-05 09:00:00,45,20,25
2020-07-05 10:00:00,82,48,34
2020-07-05 11:00:00,105,57,48
2020-07-05 12:00:00,116,53,63
2020-07-05 13:00:00,118,53,65
2020-07-05 14:00:00,130,70,60
2020-07-05 15:00:00,146,80,66
2020-07-05 16:00:00,119,64,55
2020-07-05 17:00:00,87,44,43
2020-07-05 18:00:00,61,28,33
2020-07-05 19:00:00,42,16,26
2020-07-05 20:00:00,38,21,17
2020-07-05 21:00:00,26,9,17
2020-07-05 22:00:00,2,0,2
2020-07-05 23:00:00,2,0,2
2020-07-06 00:00:00,9,5,4
2020-07-06 01:00:00,1,1,0
2020-07-06 02:00:00,1,0,1
2020-07-06 03:00:00,4,0,4
2020-07-06 04:00:00,6,0,6
2020-07-06 05:00:00,37,5,32
2020-07-06 06:00:00,57,7,50
2020-07-06 07:00:00,75,7,68
2020-07-06 08:00:00,61,10,51
2020-07-06 09:00:00,36,12,24
2020-07-06 10:00:00,36,10,26
2020-07-06 11:00:00,69,27,42
2020-07-06 12:00:00,60,38,22
2020-07-06 13:00:00,47,29,18
2020-07-06 14:00:00,85,36,49
2020-07-06 15:00:00,94,70,24
2020-07-06 16:00:00,111,59,52
2020-07-06 17:00:00,127,92,35
2020-07-06 18:00:00,94,65,29
2020-07-06 19:00:00,54,35,19
2020-07-06 20:00:00,36,23,13
2020-07-06 21:00:00,14,9,5
2020-07-06 22:00:00,2,1,1
2020-07-06 23:00:00,3,1,2
2020-07-07 00:00:00,7,4,3
2020-07-07 01:00:00,2,0,2
2020-07-07 02:00:00,1,1,0
2020-07-07 03:00:00,1,0,1
2020-07-07 04:00:00,4,0,4
2020-07-07 05:00:00,28,4,24
2020-07-07 06:00:00,65,7,58
2020-07-07 07:00:00,82,8,74
2020-07-07 08:00:00,52,7,45
2020-07-07 09:00:00,43,12,31
2020-07-07 10:00:00,39,11,28
2020-07-07 11:00:00,41,22,19
2020-07-07 12:00:00,37,17,20
2020-07-07 13:00:00,26,13,13
2020-07-07 14:00:00,56,28,28
2020-07-07 15:00:00,61,37,24
2020-07-07 16:00:00,96,70,26
2020-07-07 17:00:00,114,79,35
2020-07-07 18:00:00,94,67,27
2020-07-07 19:00:00,53,33,20
2020-07-07 20:00:00,24,19,5
2020-07-07 21:00:00,13,8,5
2020-07-07 22:00:00,3,1,2
2020-07-07 23:00:00,7,5,2
2020-07-08 00:00:00,2,0,2
2020-07-08 01:00:00,1,1,0
2020-07-08 02:00:00,1,0,1
2020-07-08 03:00:00,1,0,1
2020-07-08 04:00:00,4,0,4
2020-07-08 05:00:00,27,5,22
2020-07-08 06:00:00,72,9,63
2020-07-08 07:00:00,100,15,85
2020-07-08 08:00:00,70,10,60
2020-07-08 09:00:00,40,14,26
2020-07-08 10:00:00,31,13,18
2020-07-08 11:00:00,57,28,29
2020-07-08 12:00:00,54,20,34
2020-07-08 13:00:00,58,30,28
2020-07-08 14:00:00,64,32,32
2020-07-08 15:00:00,86,55,31
2020-07-08 16:00:00,130,82,48
2020-07-08 17:00:00,176,124,52
2020-07-08 18:00:00,145,87,58
2020-07-08 19:00:00,86,50,36
2020-07-08 20:00:00,75,35,40
2020-07-08 21:00:00,20,10,10
2020-07-08 22:00:00,9,8,1
2020-07-08 23:00:00,7,6,1
2020-07-09 00:00:00,3,2,1
2020-07-09 01:00:00,3,1,2
2020-07-09 02:00:00,4,2,2
2020-07-09 03:00:00,2,1,1
2020-07-09 04:00:00,6,1,5
2020-07-09 05:00:00,25,3,22
2020-07-09 06:00:00,74,9,65
2020-07-09 07:00:00,73,14,59
2020-07-09 08:00:00,57,12,45
2020-07-09 09:00:00,38,3,35
2020-07-09 10:00:00,32,7,25
2020-07-09 11:00:00,50,27,23
2020-07-09 12:00:00,40,17,23
2020-07-09 13:00:00,34,15,19
2020-07-09 14:00:00,54,24,30
2020-07-09 15:00:00,74,46,28
2020-07-09 16:00:00,108,81,27
2020-07-09 17:00:00,126,89,37
2020-07-09 18:00:00,96,62,34
2020-07-09 19:00:00,61,37,24
2020-07-09 20:00:00,32,23,9
2020-07-09 21:00:00,6,4,2
2020-07-09 22:00:00,11,7,4
2020-07-09 23:00:00,5,3,2
2020-07-10 00:00:00,5,4,1
2020-07-10 01:00:00,4,2,2
2020-07-10 02:00:00,1,1,0
2020-07-10 03:00:00,0,0,0
2020-07-10 04:00:00,4,1,3
2020-07-10 05:00:00,26,4,22
2020-07-10 06:00:00,79,12,67
2020-07-10 07:00:00,73,9,64
2020-07-10 08:00:00,78,18,60
2020-07-10 09:00:00,44,11,33
2020-07-10 10:00:00,70,25,45
2020-07-10 11:00:00,66,22,44
2020-07-10 12:00:00,40,20,20
2020-07-10 13:00:00,72,44,28
2020-07-10 14:00:00,92,51,41
2020-07-10 15:00:00,98,55,43
2020-07-10 16:00:00,147,96,51
2020-07-10 17:00:00,151,115,36
2020-07-10 18:00:00,96,68,28
2020-07-10 19:00:00,50,26,24
2020-07-10 20:00:00,51,23,28
2020-07-10 21:00:00,23,10,13
2020-07-10 22:00:00,21,14,7
2020-07-10 23:00:00,8,5,3
2020-07-11 00:00:00,8,7,1
2020-07-11 01:00:00,5,1,4
2020-07-11 02:00:00,2,1,1
2020-07-11 03:00:00,2,1,1
2020-07-11 04:00:00,4,1,3
2020-07-11 05:00:00,10,2,8
2020-07-11 06:00:00,19,7,12
2020-07-11 07:00:00,33,14,19
2020-07-11 08:00:00,51,16,35
2020-07-11 09:00:00,55,25,30
2020-07-11 10:00:00,86,36,50
2020-07-11 11:00:00,96,46,50
2020-07-11 12:00:00,104,54,50
2020-07-11 13:00:00,112,62,50
2020-07-11 14:00:00,121,70,51
2020-07-11 15:00:00,100,53,47
2020-07-11 16:00:00,104,44,60
2020-07-11 17:00:00,66,37,29
2020-07-11 18:00:00,46,28,18
2020-07-11 19:00:00,25,16,9
2020-07-11 20:00:00,19,11,8
2020-07-11 21:00:00,12,4,8
2020-07-11 22:00:00,5,3,2
2020-07-11 23:00:00,7,4,3
2020-07-12 00:00:00,4,1,3
2020-07-12 01:00:00,1,0,1
2020-07-12 02:00:00,2,1,1
2020-07-12 03:00:00,0,0,0
2020-07-12 04:00:00,1,0,1
2020-07-12 05:00:00,2,1,1
2020-07-12 06:00:00,11,5,6
2020-07-12 07:00:00,12,4,8
2020-07-12 08:00:00,10,5,5
2020-07-12 09:00:00,19,8,11
2020-07-12 10:00:00,18,7,11
2020-07-12 11:00:00,42,19,23
2020-07-12 12:00:00,58,22,36
2020-07-12 13:00:00,76,35,41
2020-07-12 14:00:00,116,63,53
2020-07-12 15:00:00,130,59,71
2020-07-12 16:00:00,124,65,59
2020-07-12 17:00:00,89,42,47
2020-07-12 18:00:00,84,46,38
2020-07-12 19:00:00,43,23,20
2020-07-12 20:00:00,35,21,14
2020-07-12 21:00:00,10,5,5
2020-07-12 22:00:00,10,6,4
2020-07-12 23:00:00,10,6,4
2020-07-13 00:00:00,2,0,2
2020-07-13 01:00:00,3,1,2
2020-07-13 02:00:00,1,0,1
2020-07-13 03:00:00,2,2,0
2020-07-13 04:00:00,4,0,4
2020-07-13 05:00:00,31,5,26
2020-07-13 06:00:00,78,8,70
2020-07-13 07:00:00,91,15,76
2020-07-13 08:00:00,83,14,69
2020-07-13 09:00:00,60,17,43
2020-07-13 10:00:00,49,12,37
2020-07-13 11:00:00,52,28,24
2020-07-13 12:00:00,56,26,30
2020-07-13 13:00:00,54,27,27
2020-07-13 14:00:00,68,47,21
2020-07-13 15:00:00,101,71,30
2020-07-13 16:00:00,109,80,29
2020-07-13 17:00:00,163,113,50
2020-07-13 18:00:00,117,74,43
2020-07-13 19:00:00,62,40,22
2020-07-13 20:00:00,36,15,21
2020-07-13 21:00:00,25,11,14
2020-07-13 22:00:00,6,2,4
2020-07-13 23:00:00,4,3,1
2020-07-14 00:00:00,10,6,4
2020-07-14 01:00:00,2,2,0
2020-07-14 02:00:00,0,0,0
2020-07-14 03:00:00,2,1,1
2020-07-14 04:00:00,9,0,9
2020-07-14 05:00:00,34,6,28
2020-07-14 06:00:00,92,14,78
2020-07-14 07:00:00,97,15,82
2020-07-14 08:00:00,78,16,62
2020-07-14 09:00:00,55,16,39
2020-07-14 10:00:00,74,24,50
2020-07-14 11:00:00,38,21,17
2020-07-14 12:00:00,71,30,41
2020-07-14 13:00:00,54,26,28
2020-07-14 14:00:00,59,37,22
2020-07-14 15:00:00,96,60,36
2020-07-14 16:00:00,126,86,40
2020-07-14 17:00:00,177,125,52
2020-07-14 18:00:00,132,100,32
2020-07-14 19:00:00,67,47,20
2020-07-14 20:00:00,70,31,39
2020-07-14 21:00:00,24,9,15
2020-07-14 22:00:00,7,3,4
2020-07-14 23:00:00,4,1,3
2020-07-15 00:00:00,5,2,3
2020-07-15 01:00:00,0,0,0
2020-07-15 02:00:00,5,3,2
2020-07-15 03:00:00,3,1,2
2020-07-15 04:00:00,7,1,6
2020-07-15 05:00:00,34,6,28
2020-07-15 06:00:00,90,11,79
2020-07-15 07:00:00,83,12,71
2020-07-15 08:00:00,82,16,66
2020-07-15 09:00:00,61,21,40
2020-07-15 10:00:00,38,10,28
2020-07-15 11:00:00,53,23,30
2020-07-15 12:00:00,62,35,27
2020-07-15 13:00:00,47,28,19
2020-07-15 14:00:00,78,38,40
2020-07-15 15:00:00,103,73,30
2020-07-15 16:00:00,156,102,54
2020-07-15 17:00:00,152,102,50
2020-07-15 18:00:00,133,89,44
2020-07-15 19:00:00,83,45,38
2020-07-15 20:00:00,57,30,27
2020-07-15 21:00:00,32,17,15
2020-07-15 22:00:00,13,5,8
2020-07-15 23:00:00,7,4,3
2020-07-16 00:00:00,4,1,3
2020-07-16 01:00:00,4,4,0
2020-07-16 02:00:00,7,3,4
2020-07-16 03:00:00,1,0,1
2020-07-16 04:00:00,6,1,5
2020-07-16 05:00:00,44,7,37
2020-07-16 06:00:00,95,14,81
2020-07-16 07:00:00,104,15,89
2020-07-16 08:00:00,77,14,63
2020-07-16 09:00:00,54,18,36
2020-07-16 10:00:00,71,32,39
2020-07-16 11:00:00,63,21,42
2020-07-16 12:00:00,72,41,31
2020-07-16 13:00:00,62,34,28
2020-07-16 14:00:00,62,30,32
2020-07-16 15:00:00,89,61,28
2020-07-16 16:00:00,127,93,34
2020-07-16 17:00:00,173,127,46
2020-07-16 18:00:00,100,66,34
2020-07-16 19:00:00,66,49,17
2020-07-16 20:00:00,51,33,18
2020-07-16 21:00:00,19,13,6
2020-07-16 22:00:00,15,6,9
2020-07-16 23:00:00,6,3,3
2020-07-17 00:00:00,5,4,1
2020-07-17 01:00:00,3,1,2
2020-07-17 02:00:00,3,0,3
2020-07-17 03:00:00,3,2,1
2020-07-17 04:00:00,4,0,4
2020-07-17 05:00:00,15,1,14
2020-07-17 06:00:00,44,9,35
2020-07-17 07:00:00,41,9,32
2020-07-17 08:00:00,47,10,37
2020-07-17 09:00:00,26,12,14
2020-07-17 10:00:00,34,14,20
2020-07-17 11:00:00,34,15,19
2020-07-17 12:00:00,39,19,20
2020-07-17 13:00:00,39,21,18
2020-07-17 14:00:00,47,26,21
2020-07-17 15:00:00,56,32,24
2020-07-17 16:00:00,72,44,28
2020-07-17 17:00:00,110,83,27
2020-07-17 18:00:00,61,38,23
2020-07-17 19:00:00,37,26,11
2020-07-17 20:00:00,40,26,14
2020-07-17 21:00:00,23,7,16
2020-07-17 22:00:00,7,4,3
2020-07-17 23:00:00,6,3,3
2020-07-18 00:00:00,7,4,3
2020-07-18 01:00:00,1,1,0
2020-07-18 02:00:00,1,0,1
2020-07-18 03:00:00,2,1,1
2020-07-18 04:00:00,3,2,1
2020-07-18 05:00:00,8,0,8
2020-07-18 06:00:00,14,3,11
2020-07-18 07:00:00,35,14,21
2020-07-18 08:00:00,49,19,30
2020-07-18 09:00:00,96,53,43
2020-07-18 10:00:00,105,52,53
2020-07-18 11:00:00,131,64,67
2020-07-18 12:00:00,148,67,81
2020-07-18 13:00:00,128,64,64
2020-07-18 14:00:00,126,69,57
2020-07-18 15:00:00,135,83,52
2020-07-18 16:00:00,131,62,69
2020-07-18 17:00:00,103,62,41
2020-07-18 18:00:00,100,59,41
2020-07-18 19:00:00,63,25,38
2020-07-18 20:00:00,48,14,34
2020-07-18 21:00:00,19,6,13
2020-07-18 22:00:00,9,8,1
2020-07-18 23:00:00,2,1,1
2020-07-19 00:00:00,3,3,0
2020-07-19 01:00:00,0,0,0
2020-07-19 02:00:00,1,1,0
2020-07-19 03:00:00,2,1,1
2020-07-19 04:00:00,2,2,0
2020-07-19 05:00:00,3,0,3
2020-07-19 06:00:00,15,8,7
2020-07-19 07:00:00,36,10,26
2020-07-19 08:00:00,40,20,20
2020-07-19 09:00:00,70,25,45
2020-07-19 10:00:00,84,37,47
2020-07-19 11:00:00,109,51,58
2020-07-19 12:00:00,127,69,58
2020-07-19 13:00:00,147,77,70
2020-07-19 14:00:00,115,56,59
2020-07-19 15:00:00,108,52,56
2020-07-19 16:00:00,96,47,49
2020-07-19 17:00:00,73,38,35
2020-07-19 18:00:00,53,35,18
2020-07-19 19:00:00,37,20,17
2020-07-19 20:00:00,32,15,17
2020-07-19 21:00:00,14,7,7
2020-07-19 22:00:00,4,2,2
2020-07-19 23:00:00,7,4,3
2020-07-20 00:00:00,2,0,2
2020-07-20 01:00:00,3,1,2
2020-07-20 02:00:00,1,1,0
2020-07-20 03:00:00,1,1,0
2020-07-20 04:00:00,6,3,3
2020-07-20 05:00:00,38,7,31
2020-07-20 06:00:00,79,10,69
2020-07-20 07:00:00,83,8,75
2020-07-20 08:00:00,75,16,59
2020-07-20 09:00:00,64,11,53
2020-07-20 10:00:00,48,23,25
2020-07-20 11:00:00,53,29,24
2020-07-20 12:00:00,53,22,31
2020-07-20 13:00:00,70,37,33
2020-07-20 14:00:00,66,42,24
2020-07-20 15:00:00,87,54,33
2020-07-20 16:00:00,109,81,28
2020-07-20 17:00:00,124,94,30
2020-07-20 18:00:00,95,70,25
2020-07-20 19:00:00,66,42,24
2020-07-20 20:00:00,41,19,22
2020-07-20 21:00:00,14,8,6
2020-07-20 22:00:00,6,5,1
2020-07-20 23:00:00,10,5,5
2020-07-21 00:00:00,3,2,1
2020-07-21 01:00:00,1,1,0
2020-07-21 02:00:00,1,0,1
2020-07-21 03:00:00,1,0,1
2020-07-21 04:00:00,8,1,7
2020-07-21 05:00:00,44,7,37
2020-07-21 06:00:00,98,8,90
2020-07-21 07:00:00,88,22,66
2020-07-21 08:00:00,83,15,68
2020-07-21 09:00:00,70,28,42
2020-07-21 10:00:00,59,17,42
2020-07-21 11:00:00,55,26,29
2020-07-21 12:00:00,56,31,25
2020-07-21 13:00:00,46,23,23
2020-07-21 14:00:00,60,41,19
2020-07-21 15:00:00,96,58,38
2020-07-21 16:00:00,137,90,47
2020-07-21 17:00:00,153,111,42
2020-07-21 18:00:00,131,85,46
2020-07-21 19:00:00,74,44,30
2020-07-21 20:00:00,59,34,25
2020-07-21 21:00:00,28,11,17
2020-07-21 22:00:00,7,6,1
2020-07-21 23:00:00,5,3,2
2020-07-22 00:00:00,6,5,1
2020-07-22 01:00:00,5,1,4
2020-07-22 02:00:00,3,0,3
2020-07-22 03:00:00,1,0,1
2020-07-22 04:00:00,8,3,5
2020-07-22 05:00:00,28,4,24
2020-07-22 06:00:00,91,8,83
2020-07-22 07:00:00,90,15,75
2020-07-22 08:00:00,69,20,49
2020-07-22 09:00:00,45,12,33
2020-07-22 10:00:00,35,6,29
2020-07-22 11:00:00,34,12,22
2020-07-22 12:00:00,34,12,22
2020-07-22 13:00:00,40,16,24
2020-07-22 14:00:00,64,44,20
2020-07-22 15:00:00,79,56,23
2020-07-22 16:00:00,129,80,49
2020-07-22 17:00:00,136,99,37
2020-07-22 18:00:00,102,77,25
2020-07-22 19:00:00,68,41,27
2020-07-22 20:00:00,32,15,17
2020-07-22 21:00:00,29,13,16
2020-07-22 22:00:00,10,4,6
2020-07-22 23:00:00,4,2,2
2020-07-23 00:00:00,2,1,1
2020-07-23 01:00:00,3,2,1
2020-07-23 02:00:00,2,0,2
2020-07-23 03:00:00,3,1,2
2020-07-23 04:00:00,4,1,3
2020-07-23 05:00:00,26,2,24
2020-07-23 06:00:00,87,13,74
2020-07-23 07:00:00,93,14,79
2020-07-23 08:00:00,67,16,51
2020-07-23 09:00:00,48,15,33
2020-07-23 10:00:00,33,11,22
2020-07-23 11:00:00,44,26,18
2020-07-23 12:00:00,65,29,36
2020-07-23 13:00:00,54,22,32
2020-07-23 14:00:00,81,47,34
2020-07-23 15:00:00,83,51,32
2020-07-23 16:00:00,107,77,30
2020-07-23 17:00:00,155,108,47
2020-07-23 18:00:00,103,78,25
2020-07-23 19:00:00,67,39,28
2020-07-23 20:00:00,50,24,26
2020-07-23 21:00:00,21,9,12
2020-07-23 22:00:00,7,3,4
2020-07-23 23:00:00,7,4,3
2020-07-24 00:00:00,2,1,1
2020-07-24 01:00:00,4,2,2
2020-07-24 02:00:00,5,1,4
2020-07-24 03:00:00,1,0,1
2020-07-24 04:00:00,10,2,8
2020-07-24 05:00:00,31,5,26
2020-07-24 06:00:00,55,6,49
2020-07-24 07:00:00,79,7,72
2020-07-24 08:00:00,77,24,53
2020-07-24 09:00:00,69,29,40
2020-07-24 10:00:00,47,16,31
2020-07-24 11:00:00,53,19,34
2020-07-24 12:00:00,70,30,40
2020-07-24 13:00:00,49,28,21
2020-07-24 14:00:00,73,38,35
2020-07-24 15:00:00,91,63,28
2020-07-24 16:00:00,94,72,22
2020-07-24 17:00:00,122,89,33
2020-07-24 18:00:00,83,54,29
2020-07-24 19:00:00,52,32,20
2020-07-24 20:00:00,35,19,16
2020-07-24 21:00:00,16,11,5
2020-07-24 22:00:00,10,5,5
2020-07-24 23:00:00,11,6,5
2020-07-25 00:00:00,2,1,1
2020-07-25 01:00:00,1,0,1
2020-07-25 02:00:00,5,2,3
2020-07-25 03:00:00,1,0,1
2020-07-25 04:00:00,0,0,0
2020-07-25 05:00:00,12,1,11
2020-07-25 06:00:00,22,3,19
2020-07-25 07:00:00,23,7,16
2020-07-25 08:00:00,45,18,27
2020-07-25 09:00:00,76,37,39
2020-07-25 10:00:00,89,50,39
2020-07-25 11:00:00,129,58,71
2020-07-25 12:00:00,117,51,66
2020-07-25 13:00:00,110,58,52
2020-07-25 14:00:00,132,71,61
2020-07-25 15:00:00,109,53,56
2020-07-25 16:00:00,106,62,44
2020-07-25 17:00:00,92,50,42
2020-07-25 18:00:00,78,43,35
2020-07-25 19:00:00,49,30,19
2020-07-25 20:00:00,23,12,11
2020-07-25 21:00:00,28,15,13
2020-07-25 22:00:00,17,6,11
2020-07-25 23:00:00,4,2,2
2020-07-26 00:00:00,6,3,3
2020-07-26 01:00:00,1,0,1
2020-07-26 02:00:00,4,1,3
2020-07-26 03:00:00,1,0,1
2020-07-26 04:00:00,3,2,1
2020-07-26 05:00:00,7,1,6
2020-07-26 06:00:00,26,8,18
2020-07-26 07:00:00,29,16,13
2020-07-26 08:00:00,58,32,26
2020-07-26 09:00:00,73,30,43
2020-07-26 10:00:00,92,45,47
2020-07-26 11:00:00,139,79,60
2020-07-26 12:00:00,136,60,76
2020-07-26 13:00:00,109,51,58
2020-07-26 14:00:00,113,55,58
2020-07-26 15:00:00,98,52,46
2020-07-26 16:00:00,80,46,34
2020-07-26 17:00:00,109,51,58
2020-07-26 18:00:00,57,28,29
2020-07-26 19:00:00,33,15,18
2020-07-26 20:00:00,35,17,18
2020-07-26 21:00:00,22,11,11
2020-07-26 22:00:00,1,0,1
2020-07-26 23:00:00,9,6,3
2020-07-27 00:00:00,2,0,2
2020-07-27 01:00:00,5,3,2
2020-07-27 02:00:00,2,1,1
2020-07-27 03:00:00,0,0,0
2020-07-27 04:00:00,10,0,10
2020-07-27 05:00:00,34,5,29
2020-07-27 06:00:00,74,18,56
2020-07-27 07:00:00,90,11,79
2020-07-27 08:00:00,63,15,48
2020-07-27 09:00:00,51,13,38
2020-07-27 10:00:00,47,25,22
2020-07-27 11:00:00,47,13,34
2020-07-27 12:00:00,41,21,20
2020-07-27 13:00:00,49,26,23
2020-07-27 14:00:00,63,37,26
2020-07-27 15:00:00,90,57,33
2020-07-27 16:00:00,89,59,30
2020-07-27 17:00:00,110,82,28
2020-07-27 18:00:00,88,70,18
2020-07-27 19:00:00,51,34,17
2020-07-27 20:00:00,31,19,12
2020-07-27 21:00:00,20,6,14
2020-07-27 22:00:00,9,6,3
2020-07-27 23:00:00,5,4,1
2020-07-28 00:00:00,4,3,1
2020-07-28 01:00:00,3,2,1
2020-07-28 02:00:00,4,1,3
2020-07-28 03:00:00,3,2,1
2020-07-28 04:00:00,6,0,6
2020-07-28 05:00:00,39,5,34
2020-07-28 06:00:00,85,10,75
2020-07-28 07:00:00,95,10,85
2020-07-28 08:00:00,78,17,61
2020-07-28 09:00:00,50,12,38
2020-07-28 10:00:00,43,15,28
2020-07-28 11:00:00,55,24,31
2020-07-28 12:00:00,49,21,28
2020-07-28 13:00:00,50,24,26
2020-07-28 14:00:00,64,38,26
2020-07-28 15:00:00,96,68,28
2020-07-28 16:00:00,131,98,33
2020-07-28 17:00:00,141,104,37
2020-07-28 18:00:00,108,85,23
2020-07-28 19:00:00,60,30,30
2020-07-28 20:00:00,69,46,23
2020-07-28 21:00:00,19,10,9
2020-07-28 22:00:00,12,8,4
2020-07-28 23:00:00,4,1,3
2020-07-29 00:00:00,3,2,1
2020-07-29 01:00:00,1,0,1
2020-07-29 02:00:00,6,2,4
2020-07-29 03:00:00,1,1,0
2020-07-29 04:00:00,8,3,5
2020-07-29 05:00:00,45,9,36
2020-07-29 06:00:00,69,8,61
2020-07-29 07:00:00,93,17,76
2020-07-29 08:00:00,85,21,64
2020-07-29 09:00:00,37,10,27
2020-07-29 10:00:00,55,25,30
2020-07-29 11:00:00,51,26,25
2020-07-29 12:00:00,54,22,32
2020-07-29 13:00:00,69,35,34
2020-07-29 14:00:00,78,31,47
2020-07-29 15:00:00,85,56,29
2020-07-29 16:00:00,121,90,31
2020-07-29 17:00:00,157,110,47
2020-07-29 18:00:00,96,66,30
2020-07-29 19:00:00,72,41,31
2020-07-29 20:00:00,50,33,17
2020-07-29 21:00:00,24,10,14
2020-07-29 22:00:00,24,12,12
2020-07-29 23:00:00,9,7,2
2020-07-30 00:00:00,5,3,2
2020-07-30 01:00:00,3,2,1
2020-07-30 02:00:00,3,1,2
2020-07-30 03:00:00,2,2,0
2020-07-30 04:00:00,9,3,6
2020-07-30 05:00:00,38,7,31
2020-07-30 06:00:00,80,10,70
2020-07-30 07:00:00,102,13,89
2020-07-30 08:00:00,82,20,62
2020-07-30 09:00:00,82,21,61
2020-07-30 10:00:00,44,21,23
2020-07-30 11:00:00,53,27,26
2020-07-30 12:00:00,64,27,37
2020-07-30 13:00:00,47,22,25
2020-07-30 14:00:00,81,49,32
2020-07-30 15:00:00,96,60,36
2020-07-30 16:00:00,124,85,39
2020-07-30 17:00:00,137,92,45
2020-07-30 18:00:00,103,77,26
2020-07-30 19:00:00,70,51,19
2020-07-30 20:00:00,51,28,23
2020-07-30 21:00:00,34,20,14
2020-07-30 22:00:00,14,6,8
2020-07-30 23:00:00,12,10,2
2020-07-31 00:00:00,9,6,3
2020-07-31 01:00:00,4,2,2
2020-07-31 02:00:00,5,2,3
2020-07-31 03:00:00,2,1,1
2020-07-31 04:00:00,9,1,8
2020-07-31 05:00:00,40,3,37
2020-07-31 06:00:00,54,10,44
2020-07-31 07:00:00,94,19,75
2020-07-31 08:00:00,85,24,61
2020-07-31 09:00:00,65,21,44
2020-07-31 10:00:00,40,17,23
2020-07-31 11:00:00,61,26,35
2020-07-31 12:00:00,46,23,23
2020-07-31 13:00:00,72,26,46
2020-07-31 14:00:00,69,36,33
2020-07-31 15:00:00,98,64,34
2020-07-31 16:00:00,95,69,26
2020-07-31 17:00:00,110,83,27
2020-07-31 18:00:00,78,55,23
2020-07-31 19:00:00,53,34,19
2020-07-31 20:00:00,40,19,21
2020-07-31 21:00:00,18,12,6
2020-07-31 22:00:00,7,7,0
2020-07-31 23:00:00,8,6,2
2020-10-03 07:00:00,17,5,12
2020-10-03 08:00:00,39,24,15
2020-10-03 09:00:00,44,21,23
2020-10-03 10:00:00,59,15,44
2020-10-03 11:00:00,68,34,34
2020-10-03 12:00:00,59,28,31
2020-10-03 13:00:00,68,39,29
2020-10-03 14:00:00,74,32,42
2020-10-03 15:00:00,85,41,44
2020-10-03 16:00:00,68,41,27
2020-10-03 17:00:00,53,26,27
2020-10-03 18:00:00,33,10,23
2020-10-03 19:00:00,14,9,5
2020-10-03 20:00:00,3,0,3
2020-10-03 21:00:00,7,3,4
2020-10-03 22:00:00,1,1,0
2020-10-03 23:00:00,4,3,1
2020-10-04 00:00:00,2,0,2
2020-10-04 01:00:00,0,0,0
2020-10-04 02:00:00,5,3,2
2020-10-04 03:00:00,0,0,0
2020-10-04 04:00:00,3,2,1
2020-10-04 05:00:00,3,1,2
2020-10-04 06:00:00,13,3,10
2020-10-04 07:00:00,12,6,6
2020-10-04 08:00:00,24,12,12
2020-10-04 09:00:00,27,15,12
2020-10-04 10:00:00,29,15,14
2020-10-04 11:00:00,46,16,30
2020-10-04 12:00:00,32,16,16
2020-10-04 13:00:00,53,28,25
2020-10-04 14:00:00,62,26,36
2020-08-01 00:00:00,9,6,3
2020-08-01 01:00:00,1,0,1
2020-08-01 02:00:00,3,0,3
2020-08-01 03:00:00,4,1,3
2020-08-01 04:00:00,3,0,3
2020-08-01 05:00:00,13,5,8
2020-08-01 06:00:00,20,3,17
2020-08-01 07:00:00,37,18,19
2020-08-01 08:00:00,60,31,29
2020-08-01 09:00:00,69,31,38
2020-08-01 10:00:00,94,53,41
2020-08-01 11:00:00,72,38,34
2020-08-01 12:00:00,93,40,53
2020-08-01 13:00:00,112,54,58
2020-08-01 14:00:00,103,50,53
2020-08-01 15:00:00,98,52,46
2020-08-01 16:00:00,99,59,40
2020-08-01 17:00:00,76,35,41
2020-08-01 18:00:00,58,26,32
2020-08-01 19:00:00,65,31,34
2020-08-01 20:00:00,31,14,17
2020-08-01 21:00:00,28,9,19
2020-08-01 22:00:00,12,6,6
2020-08-01 23:00:00,4,4,0
2020-08-02 00:00:00,7,6,1
2020-08-02 01:00:00,2,1,1
2020-08-02 02:00:00,3,2,1
2020-08-02 03:00:00,2,0,2
2020-08-02 04:00:00,1,0,1
2020-08-02 05:00:00,9,4,5
2020-08-02 06:00:00,20,8,12
2020-08-02 07:00:00,31,15,16
2020-08-02 08:00:00,54,27,27
2020-08-02 09:00:00,75,39,36
2020-08-02 10:00:00,91,48,43
2020-08-02 11:00:00,107,57,50
2020-08-02 12:00:00,144,81,63
2020-08-02 13:00:00,126,57,69
2020-08-02 14:00:00,119,66,53
2020-08-02 15:00:00,104,54,50
2020-08-02 16:00:00,121,69,52
2020-08-02 17:00:00,76,38,38
2020-08-02 18:00:00,74,32,42
2020-08-02 19:00:00,55,30,25
2020-08-02 20:00:00,19,9,10
2020-08-02 21:00:00,10,5,5
2020-08-02 22:00:00,7,4,3
2020-08-02 23:00:00,3,1,2
2020-08-03 00:00:00,7,4,3
2020-08-03 01:00:00,4,1,3
2020-08-03 02:00:00,3,1,2
2020-08-03 03:00:00,1,0,1
2020-08-03 04:00:00,7,1,6
2020-08-03 05:00:00,38,5,33
2020-08-03 06:00:00,90,14,76
2020-08-03 07:00:00,81,9,72
2020-08-03 08:00:00,85,13,72
2020-08-03 09:00:00,41,17,24
2020-08-03 10:00:00,37,17,20
2020-08-03 11:00:00,38,15,23
2020-08-03 12:00:00,34,14,20
2020-08-03 13:00:00,40,17,23
2020-08-03 14:00:00,62,34,28
2020-08-03 15:00:00,94,58,36
2020-08-03 16:00:00,102,65,37
2020-08-03 17:00:00,151,117,34
2020-08-03 18:00:00,86,61,25
2020-08-03 19:00:00,49,28,21
2020-08-03 20:00:00,47,30,17
2020-08-03 21:00:00,14,7,7
2020-08-03 22:00:00,11,8,3
2020-08-03 23:00:00,7,4,3
2020-08-04 00:00:00,4,4,0
2020-08-04 01:00:00,2,2,0
2020-08-04 02:00:00,2,0,2
2020-08-04 03:00:00,2,1,1
2020-08-04 04:00:00,10,4,6
2020-08-04 05:00:00,42,5,37
2020-08-04 06:00:00,92,12,80
2020-08-04 07:00:00,104,18,86
2020-08-04 08:00:00,82,16,66
2020-08-04 09:00:00,63,23,40
2020-08-04 10:00:00,51,16,35
2020-08-04 11:00:00,49,19,30
2020-08-04 12:00:00,39,23,16
2020-08-04 13:00:00,53,31,22
2020-08-04 14:00:00,69,43,26
2020-08-04 15:00:00,88,58,30
2020-08-04 16:00:00,112,81,31
2020-08-04 17:00:00,148,102,46
2020-08-04 18:00:00,111,83,28
2020-08-04 19:00:00,84,54,30
2020-08-04 20:00:00,54,29,25
2020-08-04 21:00:00,17,8,9
2020-08-04 22:00:00,14,8,6
2020-08-04 23:00:00,6,4,2
2020-08-05 00:00:00,5,4,1
2020-08-05 01:00:00,2,2,0
2020-08-05 02:00:00,3,0,3
2020-08-05 03:00:00,1,1,0
2020-08-05 04:00:00,3,1,2
2020-08-05 05:00:00,45,6,39
2020-08-05 06:00:00,84,15,69
2020-08-05 07:00:00,93,19,74
2020-08-05 08:00:00,87,17,70
2020-08-05 09:00:00,71,16,55
2020-08-05 10:00:00,47,19,28
2020-08-05 11:00:00,51,20,31
2020-08-05 12:00:00,57,23,34
2020-08-05 13:00:00,58,35,23
2020-08-05 14:00:00,84,43,41
2020-08-05 15:00:00,99,62,37
2020-08-05 16:00:00,137,100,37
2020-08-05 17:00:00,151,114,37
2020-08-05 18:00:00,122,84,38
2020-08-05 19:00:00,69,46,23
2020-08-05 20:00:00,78,30,48
2020-08-05 21:00:00,30,15,15
2020-08-05 22:00:00,10,4,6
2020-08-05 23:00:00,10,5,5
2020-08-06 00:00:00,6,6,0
2020-08-06 01:00:00,4,2,2
2020-08-06 02:00:00,4,1,3
2020-08-06 03:00:00,3,2,1
2020-08-06 04:00:00,6,4,2
2020-08-06 05:00:00,28,7,21
2020-08-06 06:00:00,82,5,77
2020-08-06 07:00:00,71,11,60
2020-08-06 08:00:00,34,5,29
2020-08-06 09:00:00,41,14,27
2020-08-06 10:00:00,21,3,18
2020-08-06 11:00:00,21,6,15
2020-08-06 12:00:00,24,10,14
2020-08-06 13:00:00,30,14,16
2020-08-06 14:00:00,42,31,11
2020-08-06 15:00:00,57,37,20
2020-08-06 16:00:00,76,57,19
2020-08-06 17:00:00,99,80,19
2020-08-06 18:00:00,60,41,19
2020-08-06 19:00:00,24,20,4
2020-08-06 20:00:00,26,16,10
2020-08-06 21:00:00,12,8,4
2020-08-06 22:00:00,8,5,3
2020-08-06 23:00:00,3,1,2
2020-08-07 00:00:00,5,3,2
2020-08-07 01:00:00,1,0,1
2020-08-07 02:00:00,3,1,2
2020-08-07 03:00:00,2,1,1
2020-08-07 04:00:00,9,3,6
2020-08-07 05:00:00,26,1,25
2020-08-07 06:00:00,62,6,56
2020-08-07 07:00:00,68,10,58
2020-08-07 08:00:00,66,14,52
2020-08-07 09:00:00,62,13,49
2020-08-07 10:00:00,57,27,30
2020-08-07 11:00:00,55,26,29
2020-08-07 12:00:00,63,31,32
2020-08-07 13:00:00,82,33,49
2020-08-07 14:00:00,74,47,27
2020-08-07 15:00:00,112,75,37
2020-08-07 16:00:00,125,86,39
2020-08-07 17:00:00,139,81,58
2020-08-07 18:00:00,134,91,43
2020-08-07 19:00:00,47,33,14
2020-08-07 20:00:00,49,14,35
2020-08-07 21:00:00,15,8,7
2020-08-07 22:00:00,9,8,1
2020-08-07 23:00:00,13,10,3
2020-08-08 00:00:00,4,4,0
2020-08-08 01:00:00,2,1,1
2020-08-08 02:00:00,3,0,3
2020-08-08 03:00:00,3,1,2
2020-08-08 04:00:00,2,0,2
2020-08-08 05:00:00,9,0,9
2020-08-08 06:00:00,11,5,6
2020-08-08 07:00:00,21,7,14
2020-08-08 08:00:00,46,24,22
2020-08-08 09:00:00,38,16,22
2020-08-08 10:00:00,65,36,29
2020-08-08 11:00:00,63,33,30
2020-08-08 12:00:00,67,29,38
2020-08-08 13:00:00,63,23,40
2020-08-08 14:00:00,89,55,34
2020-08-08 15:00:00,59,34,25
2020-08-08 16:00:00,79,36,43
2020-08-08 17:00:00,72,32,40
2020-08-08 18:00:00,49,22,27
2020-08-08 19:00:00,40,28,12
2020-08-08 20:00:00,14,11,3
2020-08-08 21:00:00,19,9,10
2020-08-08 22:00:00,10,3,7
2020-08-08 23:00:00,5,3,2
2020-08-09 00:00:00,1,1,0
2020-08-09 01:00:00,5,2,3
2020-08-09 02:00:00,0,0,0
2020-08-09 03:00:00,1,1,0
2020-08-09 04:00:00,1,1,0
2020-08-09 05:00:00,5,2,3
2020-08-09 06:00:00,20,8,12
2020-08-09 07:00:00,29,16,13
2020-08-09 08:00:00,60,30,30
2020-08-09 09:00:00,78,37,41
2020-08-09 10:00:00,91,40,51
2020-08-09 11:00:00,121,61,60
2020-08-09 12:00:00,161,80,81
2020-08-09 13:00:00,145,71,74
2020-08-09 14:00:00,154,72,82
2020-08-09 15:00:00,132,58,74
2020-08-09 16:00:00,127,71,56
2020-08-09 17:00:00,105,56,49
2020-08-09 18:00:00,82,34,48
2020-08-09 19:00:00,46,18,28
2020-08-09 20:00:00,25,11,14
2020-08-09 21:00:00,22,13,9
2020-08-09 22:00:00,13,5,8
2020-08-09 23:00:00,6,2,4
2020-08-10 00:00:00,2,2,0
2020-08-10 01:00:00,2,1,1
2020-08-10 02:00:00,1,0,1
2020-08-10 03:00:00,3,2,1
2020-08-10 04:00:00,7,2,5
2020-08-10 05:00:00,38,3,35
2020-08-10 06:00:00,67,6,61
2020-08-10 07:00:00,81,7,74
2020-08-10 08:00:00,65,18,47
2020-08-10 09:00:00,57,18,39
2020-08-10 10:00:00,44,15,29
2020-08-10 11:00:00,48,28,20
2020-08-10 12:00:00,51,26,25
2020-08-10 13:00:00,61,29,32
2020-08-10 14:00:00,69,41,28
2020-08-10 15:00:00,78,49,29
2020-08-10 16:00:00,118,79,39
2020-08-10 17:00:00,153,109,44
2020-08-10 18:00:00,84,54,30
2020-08-10 19:00:00,67,38,29
2020-08-10 20:00:00,46,27,19
2020-08-10 21:00:00,13,7,6
2020-08-10 22:00:00,9,6,3
2020-08-10 23:00:00,8,6,2
2020-08-11 00:00:00,8,6,2
2020-08-11 01:00:00,6,2,4
2020-08-11 02:00:00,9,6,3
2020-08-11 03:00:00,4,1,3
2020-08-11 04:00:00,10,4,6
2020-08-11 05:00:00,36,4,32
2020-08-11 06:00:00,72,10,62
2020-08-11 07:00:00,96,11,85
2020-08-11 08:00:00,79,14,65
2020-08-11 09:00:00,50,15,35
2020-08-11 10:00:00,35,5,30
2020-08-11 11:00:00,53,21,32
2020-08-11 12:00:00,47,24,23
2020-08-11 13:00:00,65,37,28
2020-08-11 14:00:00,67,38,29
2020-08-11 15:00:00,100,58,42
2020-08-11 16:00:00,113,81,32
2020-08-11 17:00:00,151,103,48
2020-08-11 18:00:00,108,79,29
2020-08-11 19:00:00,72,51,21
2020-08-11 20:00:00,41,21,20
2020-08-11 21:00:00,22,12,10
2020-08-11 22:00:00,15,6,9
2020-08-11 23:00:00,10,7,3
2020-08-12 00:00:00,6,4,2
2020-08-12 01:00:00,2,1,1
2020-08-12 02:00:00,5,3,2
2020-08-12 03:00:00,2,2,0
2020-08-12 04:00:00,9,2,7
2020-08-12 05:00:00,42,6,36
2020-08-12 06:00:00,89,7,82
2020-08-12 07:00:00,94,17,77
2020-08-12 08:00:00,87,22,65
2020-08-12 09:00:00,61,18,43
2020-08-12 10:00:00,40,18,22
2020-08-12 11:00:00,33,13,20
2020-08-12 12:00:00,36,16,20
2020-08-12 13:00:00,43,30,13
2020-08-12 14:00:00,81,36,45
2020-08-12 15:00:00,99,69,30
2020-08-12 16:00:00,128,91,37
2020-08-12 17:00:00,127,97,30
2020-08-12 18:00:00,101,65,36
2020-08-12 19:00:00,51,25,26
2020-08-12 20:00:00,39,25,14
2020-08-12 21:00:00,19,9,10
2020-08-12 22:00:00,11,5,6
2020-08-12 23:00:00,9,8,1
2020-08-13 00:00:00,1,0,1
2020-08-13 01:00:00,5,3,2
2020-08-13 02:00:00,6,1,5
2020-08-13 03:00:00,2,1,1
2020-08-13 04:00:00,11,3,8
2020-08-13 05:00:00,41,6,35
2020-08-13 06:00:00,87,5,82
2020-08-13 07:00:00,80,13,67
2020-08-13 08:00:00,82,17,65
2020-08-13 09:00:00,61,16,45
2020-08-13 10:00:00,51,25,26
2020-08-13 11:00:00,47,14,33
2020-08-13 12:00:00,45,25,20
2020-08-13 13:00:00,44,19,25
2020-08-13 14:00:00,87,49,38
2020-08-13 15:00:00,97,66,31
2020-08-13 16:00:00,131,89,42
2020-08-13 17:00:00,156,104,52
2020-08-13 18:00:00,117,89,28
2020-08-13 19:00:00,69,44,25
2020-08-13 20:00:00,46,20,26
2020-08-13 21:00:00,23,13,10
2020-08-13 22:00:00,13,6,7
2020-08-13 23:00:00,5,3,2
2020-08-14 00:00:00,9,6,3
2020-08-14 01:00:00,4,1,3
2020-08-14 02:00:00,5,1,4
2020-08-14 03:00:00,2,1,1
2020-08-14 04:00:00,7,2,5
2020-08-14 05:00:00,38,6,32
2020-08-14 06:00:00,61,11,50
2020-08-14 07:00:00,91,15,76
2020-08-14 08:00:00,70,16,54
2020-08-14 09:00:00,61,20,41
2020-08-14 10:00:00,61,27,34
2020-08-14 11:00:00,55,23,32
2020-08-14 12:00:00,58,31,27
2020-08-14 13:00:00,82,38,44
2020-08-14 14:00:00,79,44,35
2020-08-14 15:00:00,104,62,42
2020-08-14 16:00:00,119,79,40
2020-08-14 17:00:00,145,109,36
2020-08-14 18:00:00,102,73,29
2020-08-14 19:00:00,84,50,34
2020-08-14 20:00:00,42,16,26
2020-08-14 21:00:00,20,13,7
2020-08-14 22:00:00,12,9,3
2020-08-14 23:00:00,6,4,2
2020-08-15 00:00:00,12,6,6
2020-08-15 01:00:00,5,2,3
2020-08-15 02:00:00,5,3,2
2020-08-15 03:00:00,4,0,4
2020-08-15 04:00:00,2,0,2
2020-08-15 05:00:00,6,0,6
2020-08-15 06:00:00,30,13,17
2020-08-15 07:00:00,40,14,26
2020-08-15 08:00:00,61,28,33
2020-08-15 09:00:00,75,33,42
2020-08-15 10:00:00,114,55,59
2020-08-15 11:00:00,114,61,53
2020-08-15 12:00:00,122,50,72
2020-08-15 13:00:00,117,61,56
2020-08-15 14:00:00,126,73,53
2020-08-15 15:00:00,92,51,41
2020-08-15 16:00:00,101,43,58
2020-08-15 17:00:00,87,51,36
2020-08-15 18:00:00,50,29,21
2020-08-15 19:00:00,61,34,27
2020-08-15 20:00:00,31,17,14
2020-08-15 21:00:00,30,12,18
2020-08-15 22:00:00,15,8,7
2020-08-15 23:00:00,6,2,4
2020-08-16 00:00:00,2,1,1
2020-08-16 01:00:00,2,0,2
2020-08-16 02:00:00,4,2,2
2020-08-16 03:00:00,1,1,0
2020-08-16 04:00:00,0,0,0
2020-08-16 05:00:00,5,1,4
2020-08-16 06:00:00,18,4,14
2020-08-16 07:00:00,39,17,22
2020-08-16 08:00:00,64,35,29
2020-08-16 09:00:00,99,46,53
2020-08-16 10:00:00,139,86,53
2020-08-16 11:00:00,110,48,62
2020-08-16 12:00:00,107,49,58
2020-08-16 13:00:00,87,40,47
2020-08-16 14:00:00,78,36,42
2020-08-16 15:00:00,50,28,22
2020-08-16 16:00:00,46,29,17
2020-08-16 17:00:00,51,26,25
2020-08-16 18:00:00,42,25,17
2020-08-16 19:00:00,36,18,18
2020-08-16 20:00:00,22,10,12
2020-08-16 21:00:00,10,2,8
2020-08-16 22:00:00,7,4,3
2020-08-16 23:00:00,8,6,2
2020-08-17 00:00:00,4,2,2
2020-08-17 01:00:00,2,1,1
2020-08-17 02:00:00,1,0,1
2020-08-17 03:00:00,3,3,0
2020-08-17 04:00:00,10,2,8
2020-08-17 05:00:00,43,8,35
2020-08-17 06:00:00,81,10,71
2020-08-17 07:00:00,82,10,72
2020-08-17 08:00:00,75,10,65
2020-08-17 09:00:00,51,18,33
2020-08-17 10:00:00,53,28,25
2020-08-17 11:00:00,47,18,29
2020-08-17 12:00:00,45,18,27
2020-08-17 13:00:00,60,38,22
2020-08-17 14:00:00,78,34,44
2020-08-17 15:00:00,89,51,38
2020-08-17 16:00:00,104,82,22
2020-08-17 17:00:00,118,96,22
2020-08-17 18:00:00,73,62,11
2020-08-17 19:00:00,52,36,16
2020-08-17 20:00:00,34,16,18
2020-08-17 21:00:00,18,10,8
2020-08-17 22:00:00,9,6,3
2020-08-17 23:00:00,8,5,3
2020-08-18 00:00:00,5,3,2
2020-08-18 01:00:00,3,1,2
2020-08-18 02:00:00,2,1,1
2020-08-18 03:00:00,2,1,1
2020-08-18 04:00:00,8,1,7
2020-08-18 05:00:00,42,3,39
2020-08-18 06:00:00,88,7,81
2020-08-18 07:00:00,91,13,78
2020-08-18 08:00:00,88,13,75
2020-08-18 09:00:00,55,19,36
2020-08-18 10:00:00,40,13,27
2020-08-18 11:00:00,41,16,25
2020-08-18 12:00:00,47,19,28
2020-08-18 13:00:00,56,31,25
2020-08-18 14:00:00,75,41,34
2020-08-18 15:00:00,98,68,30
2020-08-18 16:00:00,111,82,29
2020-08-18 17:00:00,135,89,46
2020-08-18 18:00:00,120,88,32
2020-08-18 19:00:00,78,45,33
2020-08-18 20:00:00,29,16,13
2020-08-18 21:00:00,27,15,12
2020-08-18 22:00:00,8,6,2
2020-08-18 23:00:00,15,6,9
2020-08-19 00:00:00,8,7,1
2020-08-19 01:00:00,7,3,4
2020-08-19 02:00:00,3,0,3
2020-08-19 03:00:00,0,0,0
2020-08-19 04:00:00,6,1,5
2020-08-19 05:00:00,39,5,34
2020-08-19 06:00:00,71,7,64
2020-08-19 07:00:00,112,23,89
2020-08-19 08:00:00,86,19,67
2020-08-19 09:00:00,65,18,47
2020-08-19 10:00:00,42,14,28
2020-08-19 11:00:00,49,19,30
2020-08-19 12:00:00,51,19,32
2020-08-19 13:00:00,61,39,22
2020-08-19 14:00:00,66,32,34
2020-08-19 15:00:00,103,67,36
2020-08-19 16:00:00,109,84,25
2020-08-19 17:00:00,140,106,34
2020-08-19 18:00:00,99,64,35
2020-08-19 19:00:00,50,34,16
2020-08-19 20:00:00,37,17,20
2020-08-19 21:00:00,26,13,13
2020-08-19 22:00:00,15,7,8
2020-08-19 23:00:00,9,8,1
2020-08-20 00:00:00,5,4,1
2020-08-20 01:00:00,4,1,3
2020-08-20 02:00:00,4,2,2
2020-08-20 03:00:00,2,2,0
2020-08-20 04:00:00,4,1,3
2020-08-20 05:00:00,36,6,30
2020-08-20 06:00:00,65,7,58
2020-08-20 07:00:00,77,9,68
2020-08-20 08:00:00,73,16,57
2020-08-20 09:00:00,60,18,42
2020-08-20 10:00:00,46,16,30
2020-08-20 11:00:00,43,24,19
2020-08-20 12:00:00,49,18,31
2020-08-20 13:00:00,43,24,19
2020-08-20 14:00:00,73,45,28
2020-08-20 15:00:00,71,51,20
2020-08-20 16:00:00,99,64,35
2020-08-20 17:00:00,137,82,55
2020-08-20 18:00:00,81,61,20
2020-08-20 19:00:00,62,41,21
2020-08-20 20:00:00,23,15,8
2020-08-20 21:00:00,20,10,10
2020-08-20 22:00:00,6,6,0
2020-08-20 23:00:00,8,3,5
2020-08-21 00:00:00,5,3,2
2020-08-21 01:00:00,2,0,2
2020-08-21 02:00:00,3,1,2
2020-08-21 03:00:00,1,1,0
2020-08-21 04:00:00,7,4,3
2020-08-21 05:00:00,25,2,23
2020-08-21 06:00:00,64,6,58
2020-08-21 07:00:00,62,16,46
2020-08-21 08:00:00,66,15,51
2020-08-21 09:00:00,44,13,31
2020-08-21 10:00:00,36,16,20
2020-08-21 11:00:00,33,10,23
2020-08-21 12:00:00,26,13,13
2020-08-21 13:00:00,38,21,17
2020-08-21 14:00:00,44,24,20
2020-08-21 15:00:00,45,25,20
2020-08-21 16:00:00,78,54,24
2020-08-21 17:00:00,89,67,22
2020-08-21 18:00:00,63,49,14
2020-08-21 19:00:00,46,21,25
2020-08-21 20:00:00,20,14,6
2020-08-21 21:00:00,17,10,7
2020-08-21 22:00:00,4,2,2
2020-08-21 23:00:00,6,2,4
2020-08-22 00:00:00,4,3,1
2020-08-22 01:00:00,2,2,0
2020-08-22 02:00:00,2,1,1
2020-08-22 03:00:00,1,0,1
2020-08-22 04:00:00,2,1,1
2020-08-22 05:00:00,9,3,6
2020-08-22 06:00:00,15,2,13
2020-08-22 07:00:00,16,3,13
2020-08-22 08:00:00,32,17,15
2020-08-22 09:00:00,59,24,35
2020-08-22 10:00:00,106,54,52
2020-08-22 11:00:00,97,51,46
2020-08-22 12:00:00,104,51,53
2020-08-22 13:00:00,92,43,49
2020-08-22 14:00:00,102,55,47
2020-08-22 15:00:00,100,49,51
2020-08-22 16:00:00,99,54,45
2020-08-22 17:00:00,85,52,33
2020-08-22 18:00:00,67,42,25
2020-08-22 19:00:00,44,20,24
2020-08-22 20:00:00,23,8,15
2020-08-22 21:00:00,15,6,9
2020-08-22 22:00:00,5,4,1
2020-08-22 23:00:00,2,0,2
2020-08-23 00:00:00,6,3,3
2020-08-23 01:00:00,0,0,0
2020-08-23 02:00:00,0,0,0
2020-08-23 03:00:00,3,2,1
2020-08-23 04:00:00,3,2,1
2020-08-23 05:00:00,5,1,4
2020-08-23 06:00:00,22,8,14
2020-08-23 07:00:00,33,10,23
2020-08-23 08:00:00,53,30,23
2020-08-23 09:00:00,71,32,39
2020-08-23 10:00:00,100,43,57
2020-08-23 11:00:00,97,45,52
2020-08-23 12:00:00,144,71,73
2020-08-23 13:00:00,126,75,51
2020-08-23 14:00:00,141,63,78
2020-08-23 15:00:00,119,65,54
2020-08-23 16:00:00,107,67,40
2020-08-23 17:00:00,83,36,47
2020-08-23 18:00:00,58,19,39
2020-08-23 19:00:00,32,15,17
2020-08-23 20:00:00,23,13,10
2020-08-23 21:00:00,20,16,4
2020-08-23 22:00:00,11,5,6
2020-08-23 23:00:00,9,3,6
2020-08-24 00:00:00,3,3,0
2020-08-24 01:00:00,2,2,0
2020-08-24 02:00:00,1,0,1
2020-08-24 03:00:00,2,0,2
2020-08-24 04:00:00,8,2,6
2020-08-24 05:00:00,35,6,29
2020-08-24 06:00:00,87,12,75
2020-08-24 07:00:00,83,14,69
2020-08-24 08:00:00,67,15,52
2020-08-24 09:00:00,62,17,45
2020-08-24 10:00:00,24,9,15
2020-08-24 11:00:00,44,16,28
2020-08-24 12:00:00,37,16,21
2020-08-24 13:00:00,46,17,29
2020-08-24 14:00:00,67,41,26
2020-08-24 15:00:00,81,43,38
2020-08-24 16:00:00,108,80,28
2020-08-24 17:00:00,128,96,32
2020-08-24 18:00:00,95,71,24
2020-08-24 19:00:00,47,30,17
2020-08-24 20:00:00,37,22,15
2020-08-24 21:00:00,17,9,8
2020-08-24 22:00:00,7,5,2
2020-08-24 23:00:00,6,4,2
2020-08-25 00:00:00,5,3,2
2020-08-25 01:00:00,3,1,2
2020-08-25 02:00:00,3,0,3
2020-08-25 03:00:00,2,0,2
2020-08-25 04:00:00,6,1,5
2020-08-25 05:00:00,34,5,29
2020-08-25 06:00:00,72,5,67
2020-08-25 07:00:00,79,15,64
2020-08-25 08:00:00,74,14,60
2020-08-25 09:00:00,59,15,44
2020-08-25 10:00:00,60,28,32
2020-08-25 11:00:00,50,23,27
2020-08-25 12:00:00,48,21,27
2020-08-25 13:00:00,61,29,32
2020-08-25 14:00:00,71,40,31
2020-08-25 15:00:00,90,49,41
2020-08-25 16:00:00,142,90,52
2020-08-25 17:00:00,150,109,41
2020-08-25 18:00:00,122,86,36
2020-08-25 19:00:00,82,43,39
2020-08-25 20:00:00,37,20,17
2020-08-25 21:00:00,25,11,14
2020-08-25 22:00:00,7,4,3
2020-08-25 23:00:00,7,5,2
2020-08-26 00:00:00,8,3,5
2020-08-26 01:00:00,2,1,1
2020-08-26 02:00:00,5,2,3
2020-08-26 03:00:00,5,1,4
2020-08-26 04:00:00,12,3,9
2020-08-26 05:00:00,34,5,29
2020-08-26 06:00:00,91,8,83
2020-08-26 07:00:00,92,20,72
2020-08-26 08:00:00,81,21,60
2020-08-26 09:00:00,66,16,50
2020-08-26 10:00:00,51,18,33
2020-08-26 11:00:00,47,17,30
2020-08-26 12:00:00,57,32,25
2020-08-26 13:00:00,56,33,23
2020-08-26 14:00:00,86,48,38
2020-08-26 15:00:00,95,59,36
2020-08-26 16:00:00,104,72,32
2020-08-26 17:00:00,145,98,47
2020-08-26 18:00:00,139,100,39
2020-08-26 19:00:00,73,42,31
2020-08-26 20:00:00,55,22,33
2020-08-26 21:00:00,21,11,10
2020-08-26 22:00:00,13,7,6
2020-08-26 23:00:00,10,5,5
2020-08-27 00:00:00,4,3,1
2020-08-27 01:00:00,2,0,2
2020-08-27 02:00:00,5,0,5
2020-08-27 03:00:00,2,1,1
2020-08-27 04:00:00,6,4,2
2020-08-27 05:00:00,34,4,30
2020-08-27 06:00:00,71,10,61
2020-08-27 07:00:00,101,16,85
2020-08-27 08:00:00,90,22,68
2020-08-27 09:00:00,53,17,36
2020-08-27 10:00:00,34,16,18
2020-08-27 11:00:00,61,19,42
2020-08-27 12:00:00,46,18,28
2020-08-27 13:00:00,61,33,28
2020-08-27 14:00:00,73,45,28
2020-08-27 15:00:00,103,59,44
2020-08-27 16:00:00,110,77,33
2020-08-27 17:00:00,143,102,41
2020-08-27 18:00:00,125,88,37
2020-08-27 19:00:00,72,38,34
2020-08-27 20:00:00,49,27,22
2020-08-27 21:00:00,26,15,11
2020-08-27 22:00:00,10,1,9
2020-08-27 23:00:00,7,7,0
2020-08-28 00:00:00,4,3,1
2020-08-28 01:00:00,1,0,1
2020-08-28 02:00:00,2,0,2
2020-08-28 03:00:00,5,2,3
2020-08-28 04:00:00,2,0,2
2020-08-28 05:00:00,26,2,24
2020-08-28 06:00:00,59,9,50
2020-08-28 07:00:00,79,21,58
2020-08-28 08:00:00,81,24,57
2020-08-28 09:00:00,72,28,44
2020-08-28 10:00:00,52,19,33
2020-08-28 11:00:00,53,22,31
2020-08-28 12:00:00,63,27,36
2020-08-28 13:00:00,64,29,35
2020-08-28 14:00:00,81,47,34
2020-08-28 15:00:00,101,62,39
2020-08-28 16:00:00,111,75,36
2020-08-28 17:00:00,114,83,31
2020-08-28 18:00:00,94,71,23
2020-08-28 19:00:00,60,33,27
2020-08-28 20:00:00,39,19,20
2020-08-28 21:00:00,14,6,8
2020-08-28 22:00:00,9,6,3
2020-08-28 23:00:00,11,8,3
2020-08-29 00:00:00,9,5,4
2020-08-29 01:00:00,2,2,0
2020-08-29 02:00:00,5,1,4
2020-08-29 03:00:00,4,3,1
2020-08-29 04:00:00,2,0,2
2020-08-29 05:00:00,7,1,6
2020-08-29 06:00:00,23,5,18
2020-08-29 07:00:00,29,13,16
2020-08-29 08:00:00,42,15,27
2020-08-29 09:00:00,74,32,42
2020-08-29 10:00:00,74,32,42
2020-08-29 11:00:00,101,50,51
2020-08-29 12:00:00,88,41,47
2020-08-29 13:00:00,104,51,53
2020-08-29 14:00:00,82,49,33
2020-08-29 15:00:00,88,38,50
2020-08-29 16:00:00,89,44,45
2020-08-29 17:00:00,73,43,30
2020-08-29 18:00:00,53,28,25
2020-08-29 19:00:00,48,33,15
2020-08-29 20:00:00,29,13,16
2020-08-29 21:00:00,19,8,11
2020-08-29 22:00:00,11,6,5
2020-08-29 23:00:00,9,5,4
2020-08-30 00:00:00,9,4,5
2020-08-30 01:00:00,2,2,0
2020-08-30 02:00:00,0,0,0
2020-08-30 03:00:00,3,2,1
2020-08-30 04:00:00,3,2,1
2020-08-30 05:00:00,7,0,7
2020-08-30 06:00:00,10,3,7
2020-08-30 07:00:00,28,13,15
2020-08-30 08:00:00,32,19,13
2020-08-30 09:00:00,76,40,36
2020-08-30 10:00:00,91,39,52
2020-08-30 11:00:00,103,60,43
2020-08-30 12:00:00,146,74,72
2020-08-30 13:00:00,133,73,60
2020-08-30 14:00:00,125,65,60
2020-08-30 15:00:00,111,48,63
2020-08-30 16:00:00,113,57,56
2020-08-30 17:00:00,96,47,49
2020-08-30 18:00:00,48,29,19
2020-08-30 19:00:00,34,13,21
2020-08-30 20:00:00,14,9,5
2020-08-30 21:00:00,9,5,4
2020-08-30 22:00:00,8,3,5
2020-08-30 23:00:00,8,3,5
2020-08-31 00:00:00,1,0,1
2020-08-31 01:00:00,1,0,1
2020-08-31 02:00:00,5,2,3
2020-08-31 03:00:00,0,0,0
2020-08-31 04:00:00,8,4,4
2020-08-31 05:00:00,34,5,29
2020-08-31 06:00:00,69,7,62
2020-08-31 07:00:00,73,9,64
2020-08-31 08:00:00,73,13,60
2020-08-31 09:00:00,41,6,35
2020-08-31 10:00:00,35,13,22
2020-08-31 11:00:00,45,22,23
2020-08-31 12:00:00,32,13,19
2020-08-31 13:00:00,45,25,20
2020-08-31 14:00:00,53,27,26
2020-08-31 15:00:00,64,43,21
2020-08-31 16:00:00,103,79,24
2020-08-31 17:00:00,109,85,24
2020-08-31 18:00:00,83,70,13
2020-08-31 19:00:00,48,26,22
2020-08-31 20:00:00,25,20,5
2020-08-31 21:00:00,14,6,8
2020-08-31 22:00:00,8,4,4
2020-08-31 23:00:00,9,4,5
2020-10-04 15:00:00,62,28,34
2020-10-04 16:00:00,53,29,24
2020-10-04 17:00:00,28,17,11
2020-10-04 18:00:00,37,15,22
2020-10-04 19:00:00,8,6,2
2020-10-04 20:00:00,10,6,4
2020-10-04 21:00:00,2,1,1
2020-10-04 22:00:00,4,2,2
2020-10-04 23:00:00,4,4,0
2020-10-05 00:00:00,1,0,1
2020-10-05 01:00:00,2,1,1
2020-10-05 02:00:00,3,1,2
2020-10-05 03:00:00,4,2,2
2020-10-05 04:00:00,3,1,2
2020-10-05 05:00:00,31,6,25
2020-10-05 06:00:00,58,3,55
2020-10-05 07:00:00,66,7,59
2020-10-05 08:00:00,74,15,59
2020-10-05 09:00:00,33,6,27
2020-10-05 10:00:00,37,15,22
2020-10-05 11:00:00,35,12,23
2020-10-05 12:00:00,34,21,13
2020-10-05 13:00:00,48,22,26
2020-10-05 14:00:00,61,33,28
2020-10-05 15:00:00,91,60,31
2020-10-05 16:00:00,102,73,29
2020-10-05 17:00:00,111,74,37
2020-10-05 18:00:00,67,53,14
2020-10-05 19:00:00,31,20,11
2020-10-05 20:00:00,15,9,6
2020-10-05 21:00:00,11,6,5
2020-10-05 22:00:00,5,4,1
2020-09-01 00:00:00,2,1,1
2020-09-01 01:00:00,1,1,0
2020-09-01 02:00:00,2,1,1
2020-09-01 03:00:00,1,0,1
2020-09-01 04:00:00,7,0,7
2020-09-01 05:00:00,33,4,29
2020-09-01 06:00:00,95,9,86
2020-09-01 07:00:00,94,14,80
2020-09-01 08:00:00,84,10,74
2020-09-01 09:00:00,63,17,46
2020-09-01 10:00:00,46,18,28
2020-09-01 11:00:00,47,23,24
2020-09-01 12:00:00,44,24,20
2020-09-01 13:00:00,59,35,24
2020-09-01 14:00:00,80,45,35
2020-09-01 15:00:00,85,51,34
2020-09-01 16:00:00,128,84,44
2020-09-01 17:00:00,168,116,52
2020-09-01 18:00:00,126,89,37
2020-09-01 19:00:00,72,41,31
2020-09-01 20:00:00,34,23,11
2020-09-01 21:00:00,22,10,12
2020-09-01 22:00:00,4,4,0
2020-09-01 23:00:00,5,3,2
2020-09-02 00:00:00,3,3,0
2020-09-02 01:00:00,2,2,0
2020-09-02 02:00:00,3,0,3
2020-09-02 03:00:00,5,3,2
2020-09-02 04:00:00,9,0,9
2020-09-02 05:00:00,29,7,22
2020-09-02 06:00:00,92,10,82
2020-09-02 07:00:00,116,20,96
2020-09-02 08:00:00,78,13,65
2020-09-02 09:00:00,66,15,51
2020-09-02 10:00:00,48,20,28
2020-09-02 11:00:00,53,29,24
2020-09-02 12:00:00,52,23,29
2020-09-02 13:00:00,64,30,34
2020-09-02 14:00:00,71,40,31
2020-09-02 15:00:00,71,51,20
2020-09-02 16:00:00,161,115,46
2020-09-02 17:00:00,145,100,45
2020-09-02 18:00:00,137,98,39
2020-09-02 19:00:00,80,45,35
2020-09-02 20:00:00,35,17,18
2020-09-02 21:00:00,16,12,4
2020-09-02 22:00:00,19,14,5
2020-09-02 23:00:00,9,7,2
2020-09-03 00:00:00,8,5,3
2020-09-03 01:00:00,4,2,2
2020-09-03 02:00:00,2,1,1
2020-09-03 03:00:00,4,2,2
2020-09-03 04:00:00,7,1,6
2020-09-03 05:00:00,33,7,26
2020-09-03 06:00:00,86,9,77
2020-09-03 07:00:00,120,18,102
2020-09-03 08:00:00,91,20,71
2020-09-03 09:00:00,59,14,45
2020-09-03 10:00:00,45,17,28
2020-09-03 11:00:00,50,27,23
2020-09-03 12:00:00,59,30,29
2020-09-03 13:00:00,69,36,33
2020-09-03 14:00:00,85,53,32
2020-09-03 15:00:00,106,59,47
2020-09-03 16:00:00,109,83,26
2020-09-03 17:00:00,172,121,51
2020-09-03 18:00:00,97,74,23
2020-09-03 19:00:00,91,50,41
2020-09-03 20:00:00,44,26,18
2020-09-03 21:00:00,22,15,7
2020-09-03 22:00:00,7,4,3
2020-09-03 23:00:00,11,5,6
2020-09-04 00:00:00,5,4,1
2020-09-04 01:00:00,1,0,1
2020-09-04 02:00:00,6,2,4
2020-09-04 03:00:00,5,3,2
2020-09-04 04:00:00,7,0,7
2020-09-04 05:00:00,27,5,22
2020-09-04 06:00:00,66,10,56
2020-09-04 07:00:00,76,11,65
2020-09-04 08:00:00,69,16,53
2020-09-04 09:00:00,61,21,40
2020-09-04 10:00:00,66,25,41
2020-09-04 11:00:00,51,21,30
2020-09-04 12:00:00,76,33,43
2020-09-04 13:00:00,59,26,33
2020-09-04 14:00:00,75,42,33
2020-09-04 15:00:00,101,63,38
2020-09-04 16:00:00,96,65,31
2020-09-04 17:00:00,145,115,30
2020-09-04 18:00:00,82,55,27
2020-09-04 19:00:00,80,41,39
2020-09-04 20:00:00,31,18,13
2020-09-04 21:00:00,15,9,6
2020-09-04 22:00:00,13,8,5
2020-09-04 23:00:00,11,5,6
2020-09-05 00:00:00,10,9,1
2020-09-05 01:00:00,3,0,3
2020-09-05 02:00:00,3,3,0
2020-09-05 03:00:00,1,1,0
2020-09-05 04:00:00,9,6,3
2020-09-05 05:00:00,5,1,4
2020-09-05 06:00:00,6,0,6
2020-09-05 07:00:00,32,15,17
2020-09-05 08:00:00,59,30,29
2020-09-05 09:00:00,69,27,42
2020-09-05 10:00:00,91,46,45
2020-09-05 11:00:00,95,40,55
2020-09-05 12:00:00,93,53,40
2020-09-05 13:00:00,82,27,55
2020-09-05 14:00:00,92,47,45
2020-09-05 15:00:00,76,35,41
2020-09-05 16:00:00,87,41,46
2020-09-05 17:00:00,67,36,31
2020-09-05 18:00:00,69,34,35
2020-09-05 19:00:00,41,24,17
2020-09-05 20:00:00,209,187,22
2020-09-05 21:00:00,17,2,15
2020-09-05 22:00:00,81,8,73
2020-09-05 23:00:00,10,7,3
2020-09-06 00:00:00,6,2,4
2020-09-06 01:00:00,2,1,1
2020-09-06 02:00:00,1,0,1
2020-09-06 03:00:00,1,0,1
2020-09-06 04:00:00,4,3,1
2020-09-06 05:00:00,4,0,4
2020-09-06 06:00:00,25,9,16
2020-09-06 07:00:00,29,13,16
2020-09-06 08:00:00,44,20,24
2020-09-06 09:00:00,46,24,22
2020-09-06 10:00:00,106,55,51
2020-09-06 11:00:00,122,52,70
2020-09-06 12:00:00,116,59,57
2020-09-06 13:00:00,139,73,66
2020-09-06 14:00:00,100,57,43
2020-09-06 15:00:00,124,49,75
2020-09-06 16:00:00,91,48,43
2020-09-06 17:00:00,69,27,42
2020-09-06 18:00:00,68,42,26
2020-09-06 19:00:00,47,23,24
2020-09-06 20:00:00,31,19,12
2020-09-06 21:00:00,10,6,4
2020-09-06 22:00:00,10,2,8
2020-09-06 23:00:00,5,3,2
2020-09-07 00:00:00,2,2,0
2020-09-07 01:00:00,2,2,0
2020-09-07 02:00:00,3,1,2
2020-09-07 03:00:00,2,1,1
2020-09-07 04:00:00,4,1,3
2020-09-07 05:00:00,5,0,5
2020-09-07 06:00:00,9,3,6
2020-09-07 07:00:00,28,11,17
2020-09-07 08:00:00,52,17,35
2020-09-07 09:00:00,56,27,29
2020-09-07 10:00:00,74,41,33
2020-09-07 11:00:00,89,46,43
2020-09-07 12:00:00,93,48,45
2020-09-07 13:00:00,116,63,53
2020-09-07 14:00:00,98,41,57
2020-09-07 15:00:00,85,40,45
2020-09-07 16:00:00,81,38,43
2020-09-07 17:00:00,62,35,27
2020-09-07 18:00:00,65,37,28
2020-09-07 19:00:00,35,18,17
2020-09-07 20:00:00,12,4,8
2020-09-07 21:00:00,16,4,12
2020-09-07 22:00:00,14,7,7
2020-09-07 23:00:00,6,5,1
2020-09-08 00:00:00,6,1,5
2020-09-08 01:00:00,0,0,0
2020-09-08 02:00:00,4,3,1
2020-09-08 03:00:00,2,0,2
2020-09-08 04:00:00,4,1,3
2020-09-08 05:00:00,23,6,17
2020-09-08 06:00:00,55,5,50
2020-09-08 07:00:00,78,14,64
2020-09-08 08:00:00,56,9,47
2020-09-08 09:00:00,29,4,25
2020-09-08 10:00:00,22,8,14
2020-09-08 11:00:00,38,15,23
2020-09-08 12:00:00,37,21,16
2020-09-08 13:00:00,31,16,15
2020-09-08 14:00:00,55,23,32
2020-09-08 15:00:00,61,38,23
2020-09-08 16:00:00,79,54,25
2020-09-08 17:00:00,98,72,26
2020-09-08 18:00:00,62,46,16
2020-09-08 19:00:00,40,23,17
2020-09-08 20:00:00,17,12,5
2020-09-08 21:00:00,6,5,1
2020-09-08 22:00:00,8,6,2
2020-09-08 23:00:00,7,3,4
2020-09-09 00:00:00,9,7,2
2020-09-09 01:00:00,1,1,0
2020-09-09 02:00:00,0,0,0
2020-09-09 03:00:00,3,1,2
2020-09-09 04:00:00,6,2,4
2020-09-09 05:00:00,27,5,22
2020-09-09 06:00:00,86,10,76
2020-09-09 07:00:00,80,12,68
2020-09-09 08:00:00,63,15,48
2020-09-09 09:00:00,36,15,21
2020-09-09 10:00:00,29,5,24
2020-09-09 11:00:00,37,18,19
2020-09-09 12:00:00,31,7,24
2020-09-09 13:00:00,44,23,21
2020-09-09 14:00:00,48,28,20
2020-09-09 15:00:00,65,42,23
2020-09-09 16:00:00,75,47,28
2020-09-09 17:00:00,114,87,27
2020-09-09 18:00:00,75,47,28
2020-09-09 19:00:00,52,38,14
2020-09-09 20:00:00,29,15,14
2020-09-09 21:00:00,24,15,9
2020-09-09 22:00:00,7,3,4
2020-09-09 23:00:00,4,4,0
2020-09-10 00:00:00,2,1,1
2020-09-10 01:00:00,3,1,2
2020-09-10 02:00:00,4,3,1
2020-09-10 03:00:00,3,1,2
2020-09-10 04:00:00,6,3,3
2020-09-10 05:00:00,35,9,26
2020-09-10 06:00:00,70,6,64
2020-09-10 07:00:00,94,15,79
2020-09-10 08:00:00,74,18,56
2020-09-10 09:00:00,46,15,31
2020-09-10 10:00:00,30,10,20
2020-09-10 11:00:00,34,14,20
2020-09-10 12:00:00,31,10,21
2020-09-10 13:00:00,53,31,22
2020-09-10 14:00:00,64,37,27
2020-09-10 15:00:00,66,45,21
2020-09-10 16:00:00,87,57,30
2020-09-10 17:00:00,115,87,28
2020-09-10 18:00:00,69,58,11
2020-09-10 19:00:00,50,32,18
2020-09-10 20:00:00,16,10,6
2020-09-10 21:00:00,17,11,6
2020-09-10 22:00:00,9,3,6
2020-09-10 23:00:00,2,2,0
2020-09-11 00:00:00,4,3,1
2020-09-11 01:00:00,4,2,2
2020-09-11 02:00:00,1,0,1
2020-09-11 03:00:00,2,2,0
2020-09-11 04:00:00,7,1,6
2020-09-11 05:00:00,14,4,10
2020-09-11 06:00:00,48,6,42
2020-09-11 07:00:00,39,7,32
2020-09-11 08:00:00,58,11,47
2020-09-11 09:00:00,32,7,25
2020-09-11 10:00:00,24,7,17
2020-09-11 11:00:00,14,6,8
2020-09-11 12:00:00,24,17,7
2020-09-11 13:00:00,18,12,6
2020-09-11 14:00:00,38,20,18
2020-09-11 15:00:00,46,32,14
2020-09-11 16:00:00,44,33,11
2020-09-11 17:00:00,44,35,9
2020-09-11 18:00:00,33,24,9
2020-09-11 19:00:00,18,14,4
2020-09-11 20:00:00,12,5,7
2020-09-11 21:00:00,8,4,4
2020-09-11 22:00:00,5,3,2
2020-09-11 23:00:00,4,3,1
2020-09-12 00:00:00,2,2,0
2020-09-12 01:00:00,0,0,0
2020-09-12 02:00:00,1,0,1
2020-09-12 03:00:00,6,3,3
2020-09-12 04:00:00,6,4,2
2020-09-12 05:00:00,6,2,4
2020-09-12 06:00:00,6,2,4
2020-09-12 07:00:00,5,3,2
2020-09-12 08:00:00,8,2,6
2020-09-12 09:00:00,12,5,7
2020-09-12 10:00:00,16,5,11
2020-09-12 11:00:00,9,4,5
2020-09-12 12:00:00,5,0,5
2020-09-12 13:00:00,7,5,2
2020-09-12 14:00:00,10,2,8
2020-09-12 15:00:00,12,9,3
2020-09-12 16:00:00,14,8,6
2020-09-12 17:00:00,18,11,7
2020-09-12 18:00:00,14,7,7
2020-09-12 19:00:00,11,2,9
2020-09-12 20:00:00,3,2,1
2020-09-12 21:00:00,7,3,4
2020-09-12 22:00:00,5,2,3
2020-09-12 23:00:00,5,4,1
2020-09-13 00:00:00,1,1,0
2020-09-13 01:00:00,1,0,1
2020-09-13 02:00:00,2,0,2
2020-09-13 03:00:00,3,1,2
2020-09-13 04:00:00,1,1,0
2020-09-13 05:00:00,1,0,1
2020-09-13 06:00:00,3,1,2
2020-09-13 07:00:00,3,1,2
2020-09-13 08:00:00,3,2,1
2020-09-13 09:00:00,9,5,4
2020-09-13 10:00:00,10,8,2
2020-09-13 11:00:00,2,1,1
2020-09-13 12:00:00,8,2,6
2020-09-13 13:00:00,5,1,4
2020-09-13 14:00:00,10,7,3
2020-09-13 15:00:00,9,3,6
2020-09-13 16:00:00,8,6,2
2020-09-13 17:00:00,7,4,3
2020-09-13 18:00:00,6,3,3
2020-09-13 19:00:00,3,2,1
2020-09-13 20:00:00,11,6,5
2020-09-13 21:00:00,6,3,3
2020-09-13 22:00:00,5,3,2
2020-09-13 23:00:00,5,3,2
2020-09-14 00:00:00,2,2,0
2020-09-14 01:00:00,5,2,3
2020-09-14 02:00:00,2,1,1
2020-09-14 03:00:00,7,6,1
2020-09-14 04:00:00,2,0,2
2020-09-14 05:00:00,11,1,10
2020-09-14 06:00:00,30,2,28
2020-09-14 07:00:00,35,6,29
2020-09-14 08:00:00,24,4,20
2020-09-14 09:00:00,19,5,14
2020-09-14 10:00:00,7,2,5
2020-09-14 11:00:00,14,8,6
2020-09-14 12:00:00,11,3,8
2020-09-14 13:00:00,16,8,8
2020-09-14 14:00:00,25,17,8
2020-09-14 15:00:00,35,19,16
2020-09-14 16:00:00,31,26,5
2020-09-14 17:00:00,39,30,9
2020-09-14 18:00:00,24,22,2
2020-09-14 19:00:00,11,7,4
2020-09-14 20:00:00,9,3,6
2020-09-14 21:00:00,7,5,2
2020-09-14 22:00:00,7,4,3
2020-09-14 23:00:00,2,2,0
2020-09-15 00:00:00,3,3,0
2020-09-15 01:00:00,0,0,0
2020-09-15 02:00:00,3,2,1
2020-09-15 03:00:00,2,1,1
2020-09-15 04:00:00,3,0,3
2020-09-15 05:00:00,18,3,15
2020-09-15 06:00:00,24,2,22
2020-09-15 07:00:00,35,7,28
2020-09-15 08:00:00,29,8,21
2020-09-15 09:00:00,19,1,18
2020-09-15 10:00:00,13,3,10
2020-09-15 11:00:00,11,5,6
2020-09-15 12:00:00,11,4,7
2020-09-15 13:00:00,25,17,8
2020-09-15 14:00:00,23,14,9
2020-09-15 15:00:00,33,19,14
2020-09-15 16:00:00,28,22,6
2020-09-15 17:00:00,47,39,8
2020-09-15 18:00:00,21,19,2
2020-09-15 19:00:00,13,7,6
2020-09-15 20:00:00,10,7,3
2020-09-15 21:00:00,4,3,1
2020-09-15 22:00:00,13,8,5
2020-09-15 23:00:00,7,3,4
2020-09-16 00:00:00,4,1,3
2020-09-16 01:00:00,2,2,0
2020-09-16 02:00:00,4,2,2
2020-09-16 03:00:00,8,5,3
2020-09-16 04:00:00,7,1,6
2020-09-16 05:00:00,19,5,14
2020-09-16 06:00:00,31,1,30
2020-09-16 07:00:00,13,4,9
2020-09-16 08:00:00,33,0,33
2020-09-16 09:00:00,19,4,15
2020-09-16 10:00:00,16,5,11
2020-09-16 11:00:00,15,4,11
2020-09-16 12:00:00,21,9,12
2020-09-16 13:00:00,17,11,6
2020-09-16 14:00:00,26,15,11
2020-09-16 15:00:00,34,19,15
2020-09-16 16:00:00,41,35,6
2020-09-16 17:00:00,45,27,18
2020-09-16 18:00:00,38,30,8
2020-09-16 19:00:00,19,13,6
2020-09-16 20:00:00,5,4,1
2020-09-16 21:00:00,5,3,2
2020-09-16 22:00:00,9,4,5
2020-09-16 23:00:00,4,3,1
2020-09-17 00:00:00,3,1,2
2020-09-17 01:00:00,3,1,2
2020-09-17 02:00:00,2,1,1
2020-09-17 03:00:00,1,1,0
2020-09-17 04:00:00,7,2,5
2020-09-17 05:00:00,19,6,13
2020-09-17 06:00:00,37,6,31
2020-09-17 07:00:00,32,6,26
2020-09-17 08:00:00,30,3,27
2020-09-17 09:00:00,30,4,26
2020-09-17 10:00:00,12,6,6
2020-09-17 11:00:00,12,3,9
2020-09-17 12:00:00,16,6,10
2020-09-17 13:00:00,14,7,7
2020-09-17 14:00:00,29,16,13
2020-09-17 15:00:00,34,23,11
2020-09-17 16:00:00,54,43,11
2020-09-17 17:00:00,64,45,19
2020-09-17 18:00:00,31,23,8
2020-09-17 19:00:00,11,7,4
2020-09-17 20:00:00,14,6,8
2020-09-17 21:00:00,8,5,3
2020-09-17 22:00:00,4,3,1
2020-09-17 23:00:00,2,2,0
2020-09-18 00:00:00,2,1,1
2020-09-18 01:00:00,3,2,1
2020-09-18 02:00:00,2,1,1
2020-09-18 03:00:00,5,2,3
2020-09-18 04:00:00,1,1,0
2020-09-18 05:00:00,14,2,12
2020-09-18 06:00:00,31,5,26
2020-09-18 07:00:00,32,4,28
2020-09-18 08:00:00,31,3,28
2020-09-18 09:00:00,28,7,21
2020-09-18 10:00:00,19,8,11
2020-09-18 11:00:00,14,7,7
2020-09-18 12:00:00,15,7,8
2020-09-18 13:00:00,9,7,2
2020-09-18 14:00:00,15,8,7
2020-09-18 15:00:00,28,20,8
2020-09-18 16:00:00,33,22,11
2020-09-18 17:00:00,34,23,11
2020-09-18 18:00:00,29,21,8
2020-09-18 19:00:00,12,10,2
2020-09-18 20:00:00,6,6,0
2020-09-18 21:00:00,4,3,1
2020-09-18 22:00:00,6,2,4
2020-09-18 23:00:00,6,3,3
2020-09-19 00:00:00,2,1,1
2020-09-19 01:00:00,3,2,1
2020-09-19 02:00:00,3,2,1
2020-09-19 03:00:00,1,1,0
2020-09-19 04:00:00,0,0,0
2020-09-19 05:00:00,8,1,7
2020-09-19 06:00:00,4,1,3
2020-09-19 07:00:00,12,6,6
2020-09-19 08:00:00,22,13,9
2020-09-19 09:00:00,23,6,17
2020-09-19 10:00:00,46,20,26
2020-09-19 11:00:00,28,11,17
2020-09-19 12:00:00,66,32,34
2020-09-19 13:00:00,58,26,32
2020-09-19 14:00:00,78,47,31
2020-09-19 15:00:00,74,41,33
2020-09-19 16:00:00,56,24,32
2020-09-19 17:00:00,47,23,24
2020-09-19 18:00:00,23,13,10
2020-09-19 19:00:00,15,6,9
2020-09-19 20:00:00,8,4,4
2020-09-19 21:00:00,2,0,2
2020-09-19 22:00:00,3,1,2
2020-09-19 23:00:00,8,3,5
2020-09-20 00:00:00,1,1,0
2020-09-20 01:00:00,2,2,0
2020-09-20 02:00:00,0,0,0
2020-09-20 03:00:00,2,2,0
2020-09-20 04:00:00,3,1,2
2020-09-20 05:00:00,4,2,2
2020-09-20 06:00:00,12,6,6
2020-09-20 07:00:00,26,6,20
2020-09-20 08:00:00,44,23,21
2020-09-20 09:00:00,57,21,36
2020-09-20 10:00:00,57,29,28
2020-09-20 11:00:00,70,31,39
2020-09-20 12:00:00,88,41,47
2020-09-20 13:00:00,93,49,44
2020-09-20 14:00:00,98,55,43
2020-09-20 15:00:00,114,67,47
2020-09-20 16:00:00,118,61,57
2020-09-20 17:00:00,96,52,44
2020-09-20 18:00:00,44,15,29
2020-09-20 19:00:00,29,10,19
2020-09-20 20:00:00,9,4,5
2020-09-20 21:00:00,4,2,2
2020-09-20 22:00:00,4,0,4
2020-09-20 23:00:00,3,1,2
2020-09-21 00:00:00,5,3,2
2020-09-21 01:00:00,7,4,3
2020-09-21 02:00:00,3,2,1
2020-09-21 03:00:00,1,0,1
2020-09-21 04:00:00,6,0,6
2020-09-21 05:00:00,23,5,18
2020-09-21 06:00:00,62,9,53
2020-09-21 07:00:00,98,19,79
2020-09-21 08:00:00,51,8,43
2020-09-21 09:00:00,36,6,30
2020-09-21 10:00:00,36,13,23
2020-09-21 11:00:00,41,14,27
2020-09-21 12:00:00,36,16,20
2020-09-21 13:00:00,38,19,19
2020-09-21 14:00:00,70,36,34
2020-09-21 15:00:00,78,52,26
2020-09-21 16:00:00,117,85,32
2020-09-21 17:00:00,125,86,39
2020-09-21 18:00:00,68,54,14
2020-09-21 19:00:00,40,29,11
2020-09-21 20:00:00,18,12,6
2020-09-21 21:00:00,9,7,2
2020-09-21 22:00:00,5,5,0
2020-09-21 23:00:00,4,3,1
2020-09-22 00:00:00,4,4,0
2020-09-22 01:00:00,2,1,1
2020-09-22 02:00:00,3,0,3
2020-09-22 03:00:00,2,1,1
2020-09-22 04:00:00,4,1,3
2020-09-22 05:00:00,45,7,38
2020-09-22 06:00:00,60,8,52
2020-09-22 07:00:00,84,11,73
2020-09-22 08:00:00,76,20,56
2020-09-22 09:00:00,52,12,40
2020-09-22 10:00:00,26,6,20
2020-09-22 11:00:00,44,23,21
2020-09-22 12:00:00,59,26,33
2020-09-22 13:00:00,64,32,32
2020-09-22 14:00:00,78,46,32
2020-09-22 15:00:00,98,59,39
2020-09-22 16:00:00,137,91,46
2020-09-22 17:00:00,173,123,50
2020-09-22 18:00:00,99,68,31
2020-09-22 19:00:00,45,29,16
2020-09-22 20:00:00,15,12,3
2020-09-22 21:00:00,17,8,9
2020-09-22 22:00:00,11,8,3
2020-09-22 23:00:00,3,2,1
2020-09-23 00:00:00,8,5,3
2020-09-23 01:00:00,1,0,1
2020-09-23 02:00:00,2,1,1
2020-09-23 03:00:00,3,2,1
2020-09-23 04:00:00,0,0,0
2020-09-23 05:00:00,24,5,19
2020-09-23 06:00:00,41,5,36
2020-09-23 07:00:00,48,9,39
2020-09-23 08:00:00,39,9,30
2020-09-23 09:00:00,12,4,8
2020-09-23 10:00:00,11,5,6
2020-09-23 11:00:00,11,0,11
2020-09-23 12:00:00,8,3,5
2020-09-23 13:00:00,17,6,11
2020-09-23 14:00:00,18,12,6
2020-09-23 15:00:00,26,16,10
2020-09-23 16:00:00,38,29,9
2020-09-23 17:00:00,45,35,10
2020-09-23 18:00:00,16,12,4
2020-09-23 19:00:00,18,14,4
2020-09-23 20:00:00,7,6,1
2020-09-23 21:00:00,9,5,4
2020-09-23 22:00:00,1,0,1
2020-09-23 23:00:00,4,4,0
2020-09-24 00:00:00,2,1,1
2020-09-24 01:00:00,1,1,0
2020-09-24 02:00:00,3,2,1
2020-09-24 03:00:00,4,1,3
2020-09-24 04:00:00,0,0,0
2020-09-24 05:00:00,23,8,15
2020-09-24 06:00:00,35,4,31
2020-09-24 07:00:00,43,8,35
2020-09-24 08:00:00,34,5,29
2020-09-24 09:00:00,24,8,16
2020-09-24 10:00:00,14,7,7
2020-09-24 11:00:00,13,6,7
2020-09-24 12:00:00,10,7,3
2020-09-24 13:00:00,9,6,3
2020-09-24 14:00:00,21,13,8
2020-09-24 15:00:00,35,21,14
2020-09-24 16:00:00,54,35,19
2020-09-24 17:00:00,56,41,15
2020-09-24 18:00:00,45,32,13
2020-09-24 19:00:00,21,9,12
2020-09-24 20:00:00,12,8,4
2020-09-24 21:00:00,5,3,2
2020-09-24 22:00:00,4,3,1
2020-09-24 23:00:00,4,3,1
2020-09-25 00:00:00,3,3,0
2020-09-25 01:00:00,5,4,1
2020-09-25 02:00:00,6,3,3
2020-09-25 03:00:00,4,1,3
2020-09-25 04:00:00,7,3,4
2020-09-25 05:00:00,17,6,11
2020-09-25 06:00:00,24,2,22
2020-09-25 07:00:00,34,7,27
2020-09-25 08:00:00,31,4,27
2020-09-25 09:00:00,11,4,7
2020-09-25 10:00:00,16,3,13
2020-09-25 11:00:00,8,2,6
2020-09-25 12:00:00,10,4,6
2020-09-25 13:00:00,14,6,8
2020-09-25 14:00:00,26,14,12
2020-09-25 15:00:00,37,20,17
2020-09-25 16:00:00,49,30,19
2020-09-25 17:00:00,40,29,11
2020-09-25 18:00:00,49,29,20
2020-09-25 19:00:00,23,15,8
2020-09-25 20:00:00,13,10,3
2020-09-25 21:00:00,7,5,2
2020-09-25 22:00:00,4,1,3
2020-09-25 23:00:00,5,3,2
2020-09-26 00:00:00,4,1,3
2020-09-26 01:00:00,3,3,0
2020-09-26 02:00:00,1,0,1
2020-09-26 03:00:00,4,3,1
2020-09-26 04:00:00,4,4,0
2020-09-26 05:00:00,6,1,5
2020-09-26 06:00:00,5,1,4
2020-09-26 07:00:00,12,4,8
2020-09-26 08:00:00,38,13,25
2020-09-26 09:00:00,45,15,30
2020-09-26 10:00:00,54,25,29
2020-09-26 11:00:00,63,27,36
2020-09-26 12:00:00,81,36,45
2020-09-26 13:00:00,62,25,37
2020-09-26 14:00:00,51,31,20
2020-09-26 15:00:00,41,26,15
2020-09-26 16:00:00,44,21,23
2020-09-26 17:00:00,40,16,24
2020-09-26 18:00:00,33,18,15
2020-09-26 19:00:00,17,11,6
2020-09-26 20:00:00,10,8,2
2020-09-26 21:00:00,8,4,4
2020-09-26 22:00:00,5,2,3
2020-09-26 23:00:00,4,2,2
2020-09-27 00:00:00,1,1,0
2020-09-27 01:00:00,2,0,2
2020-09-27 02:00:00,0,0,0
2020-09-27 03:00:00,3,1,2
2020-09-27 04:00:00,0,0,0
2020-09-27 05:00:00,3,0,3
2020-09-27 06:00:00,12,6,6
2020-09-27 07:00:00,15,7,8
2020-09-27 08:00:00,32,12,20
2020-09-27 09:00:00,78,44,34
2020-09-27 10:00:00,99,42,57
2020-09-27 11:00:00,132,73,59
2020-09-27 12:00:00,139,70,69
2020-09-27 13:00:00,123,52,71
2020-09-27 14:00:00,91,49,42
2020-09-27 15:00:00,105,43,62
2020-09-27 16:00:00,90,47,43
2020-09-27 17:00:00,90,48,42
2020-09-27 18:00:00,64,37,27
2020-09-27 19:00:00,30,13,17
2020-09-27 20:00:00,12,7,5
2020-09-27 21:00:00,12,6,6
2020-09-27 22:00:00,8,5,3
2020-09-27 23:00:00,5,3,2
2020-09-28 00:00:00,2,1,1
2020-09-28 01:00:00,3,1,2
2020-09-28 02:00:00,2,0,2
2020-09-28 03:00:00,1,0,1
2020-09-28 04:00:00,5,1,4
2020-09-28 05:00:00,31,6,25
2020-09-28 06:00:00,60,7,53
2020-09-28 07:00:00,84,7,77
2020-09-28 08:00:00,75,10,65
2020-09-28 09:00:00,44,13,31
2020-09-28 10:00:00,40,14,26
2020-09-28 11:00:00,37,17,20
2020-09-28 12:00:00,35,17,18
2020-09-28 13:00:00,53,31,22
2020-09-28 14:00:00,69,44,25
2020-09-28 15:00:00,78,45,33
2020-09-28 16:00:00,107,79,28
2020-09-28 17:00:00,140,107,33
2020-09-28 18:00:00,92,60,32
2020-09-28 19:00:00,55,36,19
2020-09-28 20:00:00,23,15,8
2020-09-28 21:00:00,13,8,5
2020-09-28 22:00:00,10,6,4
2020-09-28 23:00:00,5,3,2
2020-09-29 00:00:00,5,3,2
2020-09-29 01:00:00,5,3,2
2020-09-29 02:00:00,4,1,3
2020-09-29 03:00:00,0,0,0
2020-09-29 04:00:00,6,3,3
2020-09-29 05:00:00,27,5,22
2020-09-29 06:00:00,68,8,60
2020-09-29 07:00:00,96,15,81
2020-09-29 08:00:00,85,20,65
2020-09-29 09:00:00,50,11,39
2020-09-29 10:00:00,38,16,22
2020-09-29 11:00:00,41,13,28
2020-09-29 12:00:00,53,22,31
2020-09-29 13:00:00,63,37,26
2020-09-29 14:00:00,73,45,28
2020-09-29 15:00:00,78,46,32
2020-09-29 16:00:00,134,89,45
2020-09-29 17:00:00,171,126,45
2020-09-29 18:00:00,88,63,25
2020-09-29 19:00:00,38,25,13
2020-09-29 20:00:00,21,14,7
2020-09-29 21:00:00,18,9,9
2020-09-29 22:00:00,8,7,1
2020-09-29 23:00:00,4,3,1
2020-09-30 00:00:00,5,4,1
2020-09-30 01:00:00,0,0,0
2020-09-30 02:00:00,4,1,3
2020-09-30 03:00:00,7,3,4
2020-09-30 04:00:00,4,1,3
2020-09-30 05:00:00,30,7,23
2020-09-30 06:00:00,82,11,71
2020-09-30 07:00:00,83,10,73
2020-09-30 08:00:00,85,16,69
2020-09-30 09:00:00,55,20,35
2020-09-30 10:00:00,26,15,11
2020-09-30 11:00:00,35,19,16
2020-09-30 12:00:00,45,24,21
2020-09-30 13:00:00,47,23,24
2020-09-30 14:00:00,67,29,38
2020-09-30 15:00:00,71,51,20
2020-09-30 16:00:00,137,89,48
2020-09-30 17:00:00,141,95,46
2020-09-30 18:00:00,86,70,16
2020-09-30 19:00:00,40,21,19
2020-09-30 20:00:00,23,18,5
2020-09-30 21:00:00,13,10,3
2020-09-30 22:00:00,15,5,10
2020-09-30 23:00:00,10,6,4
2020-10-05 23:00:00,8,7,1
2020-10-06 00:00:00,4,4,0
2020-10-06 01:00:00,5,1,4
2020-10-06 02:00:00,3,1,2
2020-10-06 03:00:00,2,0,2
2020-10-06 04:00:00,7,2,5
2020-10-06 05:00:00,45,12,33
2020-10-06 06:00:00,69,10,59
2020-10-06 07:00:00,79,11,68
2020-10-06 08:00:00,79,10,69
2020-10-06 09:00:00,40,8,32
2020-10-06 10:00:00,21,9,12
2020-10-06 11:00:00,47,22,25
2020-10-06 12:00:00,43,19,24
2020-10-06 13:00:00,57,30,27
2020-10-06 14:00:00,75,35,40
2020-10-06 15:00:00,71,49,22
2020-10-06 16:00:00,140,96,44
2020-10-06 17:00:00,133,105,28
2020-10-06 18:00:00,99,68,31
2020-10-06 19:00:00,33,23,10
2020-10-06 20:00:00,29,18,11
2020-10-06 21:00:00,15,8,7
2020-10-06 22:00:00,10,8,2
2020-10-06 23:00:00,5,5,0
2020-10-07 00:00:00,2,1,1
2020-10-07 01:00:00,4,4,0
2020-10-07 02:00:00,3,0,3
2020-10-07 03:00:00,3,1,2
2020-10-07 04:00:00,9,4,5
2020-10-07 05:00:00,32,8,24
2020-10-07 06:00:00,73,6,67
2020-10-07 07:00:00,89,16,73
2020-10-07 08:00:00,82,12,70
2020-10-07 09:00:00,49,19,30
2020-10-07 10:00:00,38,13,25
2020-10-07 11:00:00,55,25,30
2020-10-07 12:00:00,30,16,14
2020-10-07 13:00:00,38,16,22
2020-10-07 14:00:00,61,30,31
2020-10-07 15:00:00,81,56,25
2020-10-07 16:00:00,106,81,25
2020-10-07 17:00:00,119,97,22
2020-10-07 18:00:00,73,50,23
2020-10-07 19:00:00,33,22,11
2020-10-07 20:00:00,11,7,4
2020-10-07 21:00:00,17,8,9
2020-10-07 22:00:00,14,6,8
2020-10-07 23:00:00,6,3,3
2020-10-08 00:00:00,3,3,0
2020-10-08 01:00:00,3,1,2
2020-10-08 02:00:00,5,1,4
2020-10-08 03:00:00,5,1,4
2020-10-08 04:00:00,2,1,1
2020-10-08 05:00:00,32,9,23
2020-10-08 06:00:00,63,3,60
2020-10-08 07:00:00,64,8,56
2020-10-08 08:00:00,71,14,57
2020-10-08 09:00:00,45,11,34
2020-10-08 10:00:00,27,9,18
2020-10-08 11:00:00,47,17,30
2020-10-08 12:00:00,41,21,20
2020-10-08 13:00:00,47,26,21
2020-10-08 14:00:00,63,35,28
2020-10-08 15:00:00,83,53,30
2020-10-08 16:00:00,104,72,32
2020-10-08 17:00:00,106,81,25
2020-10-08 18:00:00,75,60,15
2020-10-08 19:00:00,32,22,10
2020-10-08 20:00:00,20,10,10
2020-10-08 21:00:00,8,3,5
2020-10-08 22:00:00,16,12,4
2020-10-08 23:00:00,4,3,1
2020-10-09 00:00:00,1,1,0
2020-10-09 01:00:00,2,1,1
2020-10-09 02:00:00,3,2,1
2020-10-09 03:00:00,3,2,1
2020-10-09 04:00:00,3,2,1
2020-10-09 05:00:00,28,9,19
2020-10-09 06:00:00,48,7,41
2020-10-09 07:00:00,65,8,57
2020-10-09 08:00:00,61,10,51
2020-10-09 09:00:00,41,14,27
2020-10-09 10:00:00,38,11,27
2020-10-09 11:00:00,41,12,29
2020-10-09 12:00:00,36,20,16
2020-10-09 13:00:00,46,29,17
2020-10-09 14:00:00,65,36,29
2020-10-09 15:00:00,75,47,28
2020-10-09 16:00:00,84,52,32
2020-10-09 17:00:00,94,67,27
2020-10-09 18:00:00,54,39,15
2020-10-09 19:00:00,20,12,8
2020-10-09 20:00:00,13,10,3
2020-10-09 21:00:00,6,4,2
2020-10-09 22:00:00,7,5,2
2020-10-09 23:00:00,2,1,1
2020-10-10 00:00:00,4,1,3
2020-10-10 01:00:00,3,2,1
2020-10-10 02:00:00,2,1,1
2020-10-10 03:00:00,1,1,0
2020-10-10 04:00:00,1,0,1
2020-10-10 05:00:00,3,0,3
2020-10-10 06:00:00,4,2,2
2020-10-10 07:00:00,6,5,1
2020-10-10 08:00:00,14,10,4
2020-10-10 09:00:00,13,4,9
2020-10-10 10:00:00,22,8,14
2020-10-10 11:00:00,25,10,15
2020-10-10 12:00:00,32,16,16
2020-10-10 13:00:00,51,17,34
2020-10-10 14:00:00,46,22,24
2020-10-10 15:00:00,60,21,39
2020-10-10 16:00:00,49,30,19
2020-10-10 17:00:00,52,22,30
2020-10-10 18:00:00,37,16,21
2020-10-10 19:00:00,19,13,6
2020-10-10 20:00:00,7,3,4
2020-10-10 21:00:00,9,5,4
2020-10-10 22:00:00,3,3,0
2020-10-10 23:00:00,4,2,2
2020-10-11 00:00:00,6,2,4
2020-10-11 01:00:00,1,1,0
2020-10-11 02:00:00,4,2,2
2020-10-11 03:00:00,1,1,0
2020-10-11 04:00:00,4,1,3
2020-10-11 05:00:00,6,3,3
2020-10-11 06:00:00,9,5,4
2020-10-11 07:00:00,19,6,13
2020-10-11 08:00:00,18,5,13
2020-10-11 09:00:00,27,16,11
2020-10-11 10:00:00,34,20,14
2020-10-11 11:00:00,23,10,13
2020-10-11 12:00:00,10,6,4
2020-10-11 13:00:00,9,1,8
2020-10-11 14:00:00,12,3,9
2020-10-11 15:00:00,10,6,4
2020-10-11 16:00:00,8,4,4
2020-10-11 17:00:00,2,1,1
2020-10-11 18:00:00,6,6,0
2020-10-11 19:00:00,1,0,1
2020-10-11 20:00:00,3,2,1
2020-10-11 21:00:00,2,0,2
2020-10-11 22:00:00,1,1,0
2020-10-11 23:00:00,2,2,0
2020-10-12 00:00:00,3,1,2
2020-10-12 01:00:00,2,0,2
2020-10-12 02:00:00,1,0,1
2020-10-12 03:00:00,3,1,2
2020-10-12 04:00:00,2,1,1
2020-10-12 05:00:00,29,10,19
2020-10-12 06:00:00,41,5,36
2020-10-12 07:00:00,56,9,47
2020-10-12 08:00:00,51,7,44
2020-10-12 09:00:00,28,5,23
2020-10-12 10:00:00,28,15,13
2020-10-12 11:00:00,32,10,22
2020-10-12 12:00:00,30,17,13
2020-10-12 13:00:00,39,16,23
2020-10-12 14:00:00,68,39,29
2020-10-12 15:00:00,71,38,33
2020-10-12 16:00:00,106,72,34
2020-10-12 17:00:00,122,89,33
2020-10-12 18:00:00,63,45,18
2020-10-12 19:00:00,31,24,7
2020-10-12 20:00:00,16,12,4
2020-10-12 21:00:00,11,8,3
2020-10-12 22:00:00,6,4,2
2020-10-12 23:00:00,3,2,1
2020-10-13 00:00:00,1,1,0
2020-10-13 01:00:00,1,1,0
2020-10-13 02:00:00,4,3,1
2020-10-13 03:00:00,3,2,1
2020-10-13 04:00:00,2,0,2
2020-10-13 05:00:00,22,5,17
2020-10-13 06:00:00,30,1,29
2020-10-13 07:00:00,30,3,27
2020-10-13 08:00:00,43,7,36
2020-10-13 09:00:00,22,5,17
2020-10-13 10:00:00,15,3,12
2020-10-13 11:00:00,11,1,10
2020-10-13 12:00:00,11,5,6
2020-10-13 13:00:00,14,7,7
2020-10-13 14:00:00,26,19,7
2020-10-13 15:00:00,38,22,16
2020-10-13 16:00:00,51,38,13
2020-10-13 17:00:00,67,49,18
2020-10-13 18:00:00,54,36,18
2020-10-13 19:00:00,26,22,4
2020-10-13 20:00:00,11,8,3
2020-10-13 21:00:00,8,6,2
2020-10-13 22:00:00,5,3,2
2020-10-13 23:00:00,2,1,1
2020-10-14 00:00:00,2,1,1
2020-10-14 01:00:00,1,1,0
2020-10-14 02:00:00,5,4,1
2020-10-14 03:00:00,8,2,6
2020-10-14 04:00:00,7,1,6
2020-10-14 05:00:00,27,7,20
2020-10-14 06:00:00,61,5,56
2020-10-14 07:00:00,84,14,70
2020-10-14 08:00:00,77,13,64
2020-10-14 09:00:00,40,14,26
2020-10-14 10:00:00,27,12,15
2020-10-14 11:00:00,45,14,31
2020-10-14 12:00:00,31,16,15
2020-10-14 13:00:00,38,16,22
2020-10-14 14:00:00,68,40,28
2020-10-14 15:00:00,85,54,31
2020-10-14 16:00:00,132,101,31
2020-10-14 17:00:00,142,102,40
2020-10-14 18:00:00,69,47,22
2020-10-14 19:00:00,34,20,14
2020-10-14 20:00:00,18,9,9
2020-10-14 21:00:00,15,10,5
2020-10-14 22:00:00,6,3,3
2020-10-14 23:00:00,5,4,1
2020-10-15 00:00:00,3,3,0
2020-10-15 01:00:00,0,0,0
2020-10-15 02:00:00,2,0,2
2020-10-15 03:00:00,7,4,3
2020-10-15 04:00:00,6,2,4
2020-10-15 05:00:00,37,10,27
2020-10-15 06:00:00,62,4,58
2020-10-15 07:00:00,99,17,82
2020-10-15 08:00:00,70,9,61
2020-10-15 09:00:00,53,15,38
2020-10-15 10:00:00,50,17,33
2020-10-15 11:00:00,36,13,23
2020-10-15 12:00:00,60,30,30
2020-10-15 13:00:00,48,21,27
2020-10-15 14:00:00,83,50,33
2020-10-15 15:00:00,77,50,27
2020-10-15 16:00:00,130,92,38
2020-10-15 17:00:00,161,112,49
2020-10-15 18:00:00,97,54,43
2020-10-15 19:00:00,37,27,10
2020-10-15 20:00:00,22,11,11
2020-10-15 21:00:00,24,13,11
2020-10-15 22:00:00,7,4,3
2020-10-15 23:00:00,7,4,3
2020-10-16 00:00:00,2,2,0
2020-10-16 01:00:00,1,1,0
2020-10-16 02:00:00,1,1,0
2020-10-16 03:00:00,7,4,3
2020-10-16 04:00:00,6,2,4
2020-10-16 05:00:00,31,9,22
2020-10-16 06:00:00,34,3,31
2020-10-16 07:00:00,72,12,60
2020-10-16 08:00:00,66,15,51
2020-10-16 09:00:00,45,8,37
2020-10-16 10:00:00,42,15,27
2020-10-16 11:00:00,31,13,18
2020-10-16 12:00:00,32,20,12
2020-10-16 13:00:00,25,16,9
2020-10-16 14:00:00,40,26,14
2020-10-16 15:00:00,48,32,16
2020-10-16 16:00:00,69,50,19
2020-10-16 17:00:00,82,65,17
2020-10-16 18:00:00,38,32,6
2020-10-16 19:00:00,20,14,6
2020-10-16 20:00:00,12,10,2
2020-10-16 21:00:00,9,5,4
2020-10-16 22:00:00,3,1,2
2020-10-16 23:00:00,5,4,1
2020-10-17 00:00:00,6,5,1
2020-10-17 01:00:00,2,0,2
2020-10-17 02:00:00,1,0,1
2020-10-17 03:00:00,4,2,2
2020-10-17 04:00:00,2,0,2
2020-10-17 05:00:00,6,1,5
2020-10-17 06:00:00,9,3,6
2020-10-17 07:00:00,8,4,4
2020-10-17 08:00:00,26,11,15
2020-10-17 09:00:00,33,11,22
2020-10-17 10:00:00,44,23,21
2020-10-17 11:00:00,64,33,31
2020-10-17 12:00:00,32,16,16
2020-10-17 13:00:00,69,29,40
2020-10-17 14:00:00,72,35,37
2020-10-17 15:00:00,56,31,25
2020-10-17 16:00:00,65,34,31
2020-10-17 17:00:00,43,22,21
2020-10-17 18:00:00,32,21,11
2020-10-17 19:00:00,17,12,5
2020-10-17 20:00:00,6,3,3
2020-10-17 21:00:00,7,4,3
2020-10-17 22:00:00,7,3,4
2020-10-17 23:00:00,10,6,4
2020-10-18 00:00:00,3,1,2
2020-10-18 01:00:00,1,1,0
2020-10-18 02:00:00,2,1,1
2020-10-18 03:00:00,1,1,0
2020-10-18 04:00:00,1,1,0
2020-10-18 05:00:00,6,1,5
2020-10-18 06:00:00,9,4,5
2020-10-18 07:00:00,10,4,6
2020-10-18 08:00:00,16,8,8
2020-10-18 09:00:00,18,3,15
2020-10-18 10:00:00,20,11,9
2020-10-18 11:00:00,16,8,8
2020-10-18 12:00:00,14,8,6
2020-10-18 13:00:00,19,11,8
2020-10-18 14:00:00,23,9,14
2020-10-18 15:00:00,26,11,15
2020-10-18 16:00:00,23,14,9
2020-10-18 17:00:00,22,12,10
2020-10-18 18:00:00,15,9,6
2020-10-18 19:00:00,9,7,2
2020-10-18 20:00:00,13,9,4
2020-10-18 21:00:00,0,0,0
2020-10-18 22:00:00,5,4,1
2020-10-18 23:00:00,0,0,0
2020-10-19 00:00:00,2,0,2
2020-10-19 01:00:00,2,1,1
2020-10-19 02:00:00,2,1,1
2020-10-19 03:00:00,0,0,0
2020-10-19 04:00:00,4,1,3
2020-10-19 05:00:00,30,7,23
2020-10-19 06:00:00,50,6,44
2020-10-19 07:00:00,71,7,64
2020-10-19 08:00:00,60,13,47
2020-10-19 09:00:00,37,5,32
2020-10-19 10:00:00,40,14,26
2020-10-19 11:00:00,28,10,18
2020-10-19 12:00:00,22,11,11
2020-10-19 13:00:00,27,17,10
2020-10-19 14:00:00,48,30,18
2020-10-19 15:00:00,56,38,18
2020-10-19 16:00:00,71,60,11
2020-10-19 17:00:00,73,56,17
2020-10-19 18:00:00,45,37,8
2020-10-19 19:00:00,14,12,2
2020-10-19 20:00:00,13,8,5
2020-10-19 21:00:00,6,4,2
2020-10-19 22:00:00,4,3,1
2020-10-19 23:00:00,1,1,0
2020-10-20 00:00:00,4,4,0
2020-10-20 01:00:00,0,0,0
2020-10-20 02:00:00,3,2,1
2020-10-20 03:00:00,2,1,1
2020-10-20 04:00:00,3,0,3
2020-10-20 05:00:00,30,9,21
2020-10-20 06:00:00,63,7,56
2020-10-20 07:00:00,62,7,55
2020-10-20 08:00:00,72,15,57
2020-10-20 09:00:00,38,11,27
2020-10-20 10:00:00,29,8,21
2020-10-20 11:00:00,38,15,23
2020-10-20 12:00:00,30,10,20
2020-10-20 13:00:00,46,24,22
2020-10-20 14:00:00,59,36,23
2020-10-20 15:00:00,71,53,18
2020-10-20 16:00:00,91,67,24
2020-10-20 17:00:00,121,83,38
2020-10-20 18:00:00,73,54,19
2020-10-20 19:00:00,18,17,1
2020-10-20 20:00:00,10,7,3
2020-10-20 21:00:00,18,15,3
2020-10-20 22:00:00,9,6,3
2020-10-20 23:00:00,5,2,3
2020-10-21 00:00:00,2,1,1
2020-10-21 01:00:00,1,1,0
2020-10-21 02:00:00,4,2,2
2020-10-21 03:00:00,4,3,1
2020-10-21 04:00:00,4,1,3
2020-10-21 05:00:00,27,7,20
2020-10-21 06:00:00,61,4,57
2020-10-21 07:00:00,66,5,61
2020-10-21 08:00:00,58,6,52
2020-10-21 09:00:00,42,13,29
2020-10-21 10:00:00,28,7,21
2020-10-21 11:00:00,16,8,8
2020-10-21 12:00:00,16,8,8
2020-10-21 13:00:00,25,15,10
2020-10-21 14:00:00,34,17,17
2020-10-21 15:00:00,45,34,11
2020-10-21 16:00:00,72,55,17
2020-10-21 17:00:00,113,92,21
2020-10-21 18:00:00,58,44,14
2020-10-21 19:00:00,31,23,8
2020-10-21 20:00:00,16,12,4
2020-10-21 21:00:00,13,11,2
2020-10-21 22:00:00,4,1,3
2020-10-21 23:00:00,8,5,3
2020-10-22 00:00:00,6,5,1
2020-10-22 01:00:00,0,0,0
2020-10-22 02:00:00,1,0,1
2020-10-22 03:00:00,2,1,1
2020-10-22 04:00:00,7,0,7
2020-10-22 05:00:00,26,7,19
2020-10-22 06:00:00,64,7,57
2020-10-22 07:00:00,64,9,55
2020-10-22 08:00:00,62,9,53
2020-10-22 09:00:00,44,10,34
2020-10-22 10:00:00,31,13,18
2020-10-22 11:00:00,34,14,20
2020-10-22 12:00:00,27,7,20
2020-10-22 13:00:00,33,16,17
2020-10-22 14:00:00,56,33,23
2020-10-22 15:00:00,66,44,22
2020-10-22 16:00:00,113,87,26
2020-10-22 17:00:00,129,93,36
2020-10-22 18:00:00,66,49,17
2020-10-22 19:00:00,19,13,6
2020-10-22 20:00:00,11,10,1
2020-10-22 21:00:00,17,11,6
2020-10-22 22:00:00,5,2,3
2020-10-22 23:00:00,6,4,2
2020-10-23 00:00:00,4,4,0
2020-10-23 01:00:00,0,0,0
2020-10-23 02:00:00,2,0,2
2020-10-23 03:00:00,4,1,3
2020-10-23 04:00:00,10,0,10
2020-10-23 05:00:00,16,3,13
2020-10-23 06:00:00,45,7,38
2020-10-23 07:00:00,48,13,35
2020-10-23 08:00:00,36,5,31
2020-10-23 09:00:00,21,4,17
2020-10-23 10:00:00,17,7,10
2020-10-23 11:00:00,12,4,8
2020-10-23 12:00:00,11,7,4
2020-10-23 13:00:00,21,11,10
2020-10-23 14:00:00,33,19,14
2020-10-23 15:00:00,46,36,10
2020-10-23 16:00:00,54,36,18
2020-10-23 17:00:00,45,38,7
2020-10-23 18:00:00,24,13,11
2020-10-23 19:00:00,12,7,5
2020-10-23 20:00:00,14,10,4
2020-10-23 21:00:00,7,5,2
2020-10-23 22:00:00,6,6,0
2020-10-23 23:00:00,1,1,0
2020-10-24 00:00:00,1,1,0
2020-10-24 01:00:00,0,0,0
2020-10-24 02:00:00,1,1,0
2020-10-24 03:00:00,3,1,2
2020-10-24 04:00:00,5,3,2
2020-10-24 05:00:00,7,4,3
2020-10-24 06:00:00,10,3,7
2020-10-24 07:00:00,12,7,5
2020-10-24 08:00:00,26,10,16
2020-10-24 09:00:00,29,17,12
2020-10-24 10:00:00,31,16,15
2020-10-24 11:00:00,41,28,13
2020-10-24 12:00:00,55,23,32
2020-10-24 13:00:00,52,20,32
2020-10-24 14:00:00,54,22,32
2020-10-24 15:00:00,50,31,19
2020-10-24 16:00:00,60,32,28
2020-10-24 17:00:00,45,22,23
2020-10-24 18:00:00,27,16,11
2020-10-24 19:00:00,18,10,8
2020-10-24 20:00:00,14,10,4
2020-10-24 21:00:00,5,4,1
2020-10-24 22:00:00,3,3,0
2020-10-24 23:00:00,4,0,4
2020-10-25 00:00:00,3,3,0
2020-10-25 01:00:00,0,0,0
2020-10-25 02:00:00,2,0,2
2020-10-25 03:00:00,3,0,3
2020-10-25 04:00:00,1,1,0
2020-10-25 05:00:00,2,1,1
2020-10-25 06:00:00,8,4,4
2020-10-25 07:00:00,10,7,3
2020-10-25 08:00:00,18,10,8
2020-10-25 09:00:00,29,8,21
2020-10-25 10:00:00,46,32,14
2020-10-25 11:00:00,89,60,29
2020-10-25 12:00:00,98,33,65
2020-10-25 13:00:00,70,34,36
2020-10-25 14:00:00,103,37,66
2020-10-25 15:00:00,72,38,34
2020-10-25 16:00:00,80,37,43
2020-10-25 17:00:00,47,22,25
2020-10-25 18:00:00,28,17,11
2020-10-25 19:00:00,9,6,3
2020-10-25 20:00:00,12,6,6
2020-10-25 21:00:00,5,3,2
2020-10-25 22:00:00,5,2,3
2020-10-25 23:00:00,3,3,0
2020-10-26 00:00:00,3,2,1
2020-10-26 01:00:00,3,1,2
2020-10-26 02:00:00,0,0,0
2020-10-26 03:00:00,0,0,0
2020-10-26 04:00:00,5,2,3
2020-10-26 05:00:00,29,7,22
2020-10-26 06:00:00,42,3,39
2020-10-26 07:00:00,48,11,37
2020-10-26 08:00:00,53,10,43
2020-10-26 09:00:00,35,6,29
2020-10-26 10:00:00,24,5,19
2020-10-26 11:00:00,27,10,17
2020-10-26 12:00:00,25,13,12
2020-10-26 13:00:00,36,17,19
2020-10-26 14:00:00,52,34,18
2020-10-26 15:00:00,46,27,19
2020-10-26 16:00:00,75,55,20
2020-10-26 17:00:00,79,62,17
2020-10-26 18:00:00,40,34,6
2020-10-26 19:00:00,24,19,5
2020-10-26 20:00:00,9,5,4
2020-10-26 21:00:00,7,4,3
2020-10-26 22:00:00,2,1,1
2020-10-26 23:00:00,4,4,0
2020-10-27 00:00:00,5,3,2
2020-10-27 01:00:00,0,0,0
2020-10-27 02:00:00,4,1,3
2020-10-27 03:00:00,2,0,2
2020-10-27 04:00:00,6,2,4
2020-10-27 05:00:00,27,6,21
2020-10-27 06:00:00,63,10,53
2020-10-27 07:00:00,55,7,48
2020-10-27 08:00:00,71,9,62
2020-10-27 09:00:00,41,9,32
2020-10-27 10:00:00,32,11,21
2020-10-27 11:00:00,30,11,19
2020-10-27 12:00:00,19,5,14
2020-10-27 13:00:00,44,25,19
2020-10-27 14:00:00,56,37,19
2020-10-27 15:00:00,65,42,23
2020-10-27 16:00:00,106,77,29
2020-10-27 17:00:00,108,84,24
2020-10-27 18:00:00,56,43,13
2020-10-27 19:00:00,25,21,4
2020-10-27 20:00:00,14,11,3
2020-10-27 21:00:00,9,6,3
2020-10-27 22:00:00,5,3,2
2020-10-27 23:00:00,6,4,2
2020-10-28 00:00:00,2,1,1
2020-10-28 01:00:00,3,3,0
2020-10-28 02:00:00,0,0,0
2020-10-28 03:00:00,4,2,2
2020-10-28 04:00:00,6,0,6
2020-10-28 05:00:00,28,6,22
2020-10-28 06:00:00,69,2,67
2020-10-28 07:00:00,58,7,51
2020-10-28 08:00:00,73,13,60
2020-10-28 09:00:00,45,9,36
2020-10-28 10:00:00,27,8,19
2020-10-28 11:00:00,32,11,21
2020-10-28 12:00:00,31,15,16
2020-10-28 13:00:00,38,21,17
2020-10-28 14:00:00,55,36,19
2020-10-28 15:00:00,67,43,24
2020-10-28 16:00:00,113,88,25
2020-10-28 17:00:00,110,84,26
2020-10-28 18:00:00,68,44,24
2020-10-28 19:00:00,32,25,7
2020-10-28 20:00:00,11,7,4
2020-10-28 21:00:00,9,3,6
2020-10-28 22:00:00,2,1,1
2020-10-28 23:00:00,9,7,2
2020-10-29 00:00:00,5,3,2
2020-10-29 01:00:00,4,3,1
2020-10-29 02:00:00,3,0,3
2020-10-29 03:00:00,3,1,2
2020-10-29 04:00:00,6,0,6
2020-10-29 05:00:00,22,5,17
2020-10-29 06:00:00,62,6,56
2020-10-29 07:00:00,58,5,53
2020-10-29 08:00:00,69,9,60
2020-10-29 09:00:00,57,10,47
2020-10-29 10:00:00,26,9,17
2020-10-29 11:00:00,37,15,22
2020-10-29 12:00:00,32,11,21
2020-10-29 13:00:00,37,15,22
2020-10-29 14:00:00,53,31,22
2020-10-29 15:00:00,69,49,20
2020-10-29 16:00:00,91,67,24
2020-10-29 17:00:00,146,109,37
2020-10-29 18:00:00,60,47,13
2020-10-29 19:00:00,45,32,13
2020-10-29 20:00:00,21,16,5
2020-10-29 21:00:00,11,7,4
2020-10-29 22:00:00,12,6,6
2020-10-29 23:00:00,7,6,1
2020-10-30 00:00:00,5,3,2
2020-10-30 01:00:00,6,4,2
2020-10-30 02:00:00,4,2,2
2020-10-30 03:00:00,2,1,1
2020-10-30 04:00:00,6,0,6
2020-10-30 05:00:00,19,2,17
2020-10-30 06:00:00,46,4,42
2020-10-30 07:00:00,45,5,40
2020-10-30 08:00:00,63,8,55
2020-10-30 09:00:00,36,10,26
2020-10-30 10:00:00,38,15,23
2020-10-30 11:00:00,37,20,17
2020-10-30 12:00:00,35,15,20
2020-10-30 13:00:00,46,25,21
2020-10-30 14:00:00,54,38,16
2020-10-30 15:00:00,85,42,43
2020-10-30 16:00:00,92,64,28
2020-10-30 17:00:00,113,81,32
2020-10-30 18:00:00,60,40,20
2020-10-30 19:00:00,25,20,5
2020-10-30 20:00:00,16,13,3
2020-10-30 21:00:00,6,5,1
2020-10-30 22:00:00,4,2,2
2020-10-30 23:00:00,14,5,9
2020-10-31 00:00:00,7,5,2
2020-10-31 01:00:00,1,1,0
2020-10-31 02:00:00,5,2,3
2020-10-31 03:00:00,5,2,3
2020-10-31 04:00:00,4,1,3
2020-10-31 05:00:00,8,1,7
2020-10-31 06:00:00,12,3,9
2020-10-31 07:00:00,17,5,12
2020-10-31 08:00:00,27,7,20
2020-10-31 09:00:00,35,20,15
2020-10-31 10:00:00,89,54,35
2020-10-31 11:00:00,87,37,50
2020-10-31 12:00:00,81,51,30
2020-10-31 13:00:00,104,49,55
2020-10-31 14:00:00,87,54,33
2020-10-31 15:00:00,103,52,51
2020-10-31 16:00:00,73,33,40
2020-10-31 17:00:00,38,22,16
2020-10-31 18:00:00,18,6,12
2020-10-31 19:00:00,22,15,7
2020-10-31 20:00:00,10,9,1
2020-10-31 21:00:00,4,4,0
2020-10-31 22:00:00,2,1,1
2020-10-31 23:00:00,6,4,2
2020-11-01 00:00:00,3,1,2
2020-11-01 01:00:00,5,3,2
2020-11-01 02:00:00,1,0,1
2020-11-01 03:00:00,1,1,0
2020-11-01 04:00:00,1,0,1
2020-11-01 05:00:00,5,4,1
2020-11-01 06:00:00,9,6,3
2020-11-01 07:00:00,13,7,6
2020-11-01 08:00:00,34,10,24
2020-11-01 09:00:00,41,18,23
2020-11-01 10:00:00,77,54,23
2020-11-01 11:00:00,99,56,43
2020-11-01 12:00:00,98,44,54
2020-11-01 13:00:00,108,50,58
2020-11-01 14:00:00,95,49,46
2020-11-01 15:00:00,86,45,41
2020-11-01 16:00:00,68,30,38
2020-11-01 17:00:00,36,15,21
2020-11-01 18:00:00,17,8,9
2020-11-01 19:00:00,9,2,7
2020-11-01 20:00:00,4,0,4
2020-11-01 21:00:00,5,2,3
2020-11-01 22:00:00,3,1,2
2020-11-01 23:00:00,1,1,0
2020-11-02 00:00:00,1,0,1
2020-11-02 01:00:00,3,1,2
2020-11-02 02:00:00,3,2,1
2020-11-02 03:00:00,2,2,0
2020-11-02 04:00:00,0,0,0
2020-11-02 05:00:00,29,25,4
2020-11-02 06:00:00,69,67,2
2020-11-02 07:00:00,73,63,10
2020-11-02 08:00:00,71,62,9
2020-11-02 09:00:00,33,21,12
2020-11-02 10:00:00,42,30,12
2020-11-02 11:00:00,43,26,17
2020-11-02 12:00:00,41,25,16
2020-11-02 13:00:00,59,23,36
2020-11-02 14:00:00,80,31,49
2020-11-02 15:00:00,83,20,63
2020-11-02 16:00:00,118,37,81
2020-11-02 17:00:00,104,20,84
2020-11-02 18:00:00,32,6,26
2020-11-02 19:00:00,29,8,21
2020-11-02 20:00:00,16,3,13
2020-11-02 21:00:00,5,1,4
2020-11-02 22:00:00,2,1,1
2020-11-02 23:00:00,2,1,1
2020-11-03 00:00:00,1,0,1
2020-11-03 01:00:00,6,0,6
2020-11-03 02:00:00,0,0,0
2020-11-03 03:00:00,2,1,1
2020-11-03 04:00:00,5,4,1
2020-11-03 05:00:00,25,20,5
2020-11-03 06:00:00,47,40,7
2020-11-03 07:00:00,45,40,5
2020-11-03 08:00:00,38,33,5
2020-11-03 09:00:00,22,17,5
2020-11-03 10:00:00,9,5,4
2020-11-03 11:00:00,8,4,4
2020-11-03 12:00:00,13,9,4
2020-11-03 13:00:00,14,8,6
2020-11-03 14:00:00,8,2,6
2020-11-03 15:00:00,40,8,32
2020-11-03 16:00:00,52,13,39
2020-11-03 17:00:00,55,8,47
2020-11-03 18:00:00,21,1,20
2020-11-03 19:00:00,10,1,9
2020-11-03 20:00:00,9,1,8
2020-11-03 21:00:00,6,3,3
2020-11-03 22:00:00,2,0,2
2020-11-03 23:00:00,3,2,1
2020-11-04 00:00:00,0,0,0
2020-11-04 01:00:00,1,0,1
2020-11-04 02:00:00,3,1,2
2020-11-04 03:00:00,4,2,2
2020-11-04 04:00:00,3,2,1
2020-11-04 05:00:00,17,15,2
2020-11-04 06:00:00,49,45,4
2020-11-04 07:00:00,31,27,4
2020-11-04 08:00:00,43,39,4
2020-11-04 09:00:00,26,16,10
2020-11-04 10:00:00,13,9,4
2020-11-04 11:00:00,25,19,6
2020-11-04 12:00:00,21,14,7
2020-11-04 13:00:00,27,14,13
2020-11-04 14:00:00,32,16,16
2020-11-04 15:00:00,44,18,26
2020-11-04 16:00:00,57,10,47
2020-11-04 17:00:00,57,9,48
2020-11-04 18:00:00,27,2,25
2020-11-04 19:00:00,10,1,9
2020-11-04 20:00:00,13,3,10
2020-11-04 21:00:00,3,0,3
2020-11-04 22:00:00,1,0,1
2020-11-04 23:00:00,5,0,5
2020-11-05 00:00:00,2,1,1
2020-11-05 01:00:00,0,0,0
2020-11-05 02:00:00,0,0,0
2020-11-05 03:00:00,5,2,3
2020-11-05 04:00:00,5,2,3
2020-11-05 05:00:00,23,16,7
2020-11-05 06:00:00,46,42,4
2020-11-05 07:00:00,54,46,8
2020-11-05 08:00:00,36,32,4
2020-11-05 09:00:00,30,23,7
2020-11-05 10:00:00,21,14,7
2020-11-05 11:00:00,16,9,7
2020-11-05 12:00:00,9,5,4
2020-11-05 13:00:00,14,9,5
2020-11-05 14:00:00,30,11,19
2020-11-05 15:00:00,37,6,31
2020-11-05 16:00:00,60,14,46
2020-11-05 17:00:00,63,13,50
2020-11-05 18:00:00,29,7,22
2020-11-05 19:00:00,25,5,20
2020-11-05 20:00:00,13,4,9
2020-11-05 21:00:00,7,2,5
2020-11-05 22:00:00,13,4,9
2020-11-05 23:00:00,1,1,0
2020-11-06 00:00:00,4,0,4
2020-11-06 01:00:00,0,0,0
2020-11-06 02:00:00,5,2,3
2020-11-06 03:00:00,4,3,1
2020-11-06 04:00:00,6,5,1
2020-11-06 05:00:00,25,19,6
2020-11-06 06:00:00,54,45,9
2020-11-06 07:00:00,40,33,7
2020-11-06 08:00:00,72,64,8
2020-11-06 09:00:00,36,25,11
2020-11-06 10:00:00,25,14,11
2020-11-06 11:00:00,27,18,9
2020-11-06 12:00:00,25,13,12
2020-11-06 13:00:00,44,22,22
2020-11-06 14:00:00,59,27,32
2020-11-06 15:00:00,73,34,39
2020-11-06 16:00:00,77,15,62
2020-11-06 17:00:00,69,11,58
2020-11-06 18:00:00,40,15,25
2020-11-06 19:00:00,18,4,14
2020-11-06 20:00:00,13,3,10
2020-11-06 21:00:00,3,0,3
2020-11-06 22:00:00,9,2,7
2020-11-06 23:00:00,7,3,4
2020-11-07 00:00:00,5,0,5
2020-11-07 01:00:00,1,1,0
2020-11-07 02:00:00,1,1,0
2020-11-07 03:00:00,3,2,1
2020-11-07 04:00:00,6,3,3
2020-11-07 05:00:00,5,4,1
2020-11-07 06:00:00,11,5,6
2020-11-07 07:00:00,12,7,5
2020-11-07 08:00:00,23,13,10
2020-11-07 09:00:00,36,26,10
2020-11-07 10:00:00,32,10,22
2020-11-07 11:00:00,55,23,32
2020-11-07 12:00:00,63,27,36
2020-11-07 13:00:00,44,13,31
2020-11-07 14:00:00,62,35,27
2020-11-07 15:00:00,50,34,16
2020-11-07 16:00:00,25,10,15
2020-11-07 17:00:00,14,5,9
2020-11-07 18:00:00,13,6,7
2020-11-07 19:00:00,7,4,3
2020-11-07 20:00:00,13,3,10
2020-11-07 21:00:00,6,3,3
2020-11-07 22:00:00,5,0,5
2020-11-07 23:00:00,4,2,2
2020-11-08 00:00:00,2,1,1
2020-11-08 01:00:00,4,2,2
2020-11-08 02:00:00,1,0,1
2020-11-08 03:00:00,2,2,0
2020-11-08 04:00:00,1,0,1
2020-11-08 05:00:00,3,2,1
2020-11-08 06:00:00,4,1,3
2020-11-08 07:00:00,20,14,6
2020-11-08 08:00:00,27,10,17
2020-11-08 09:00:00,24,14,10
2020-11-08 10:00:00,37,24,13
2020-11-08 11:00:00,51,27,24
2020-11-08 12:00:00,66,33,33
2020-11-08 13:00:00,68,34,34
2020-11-08 14:00:00,88,39,49
2020-11-08 15:00:00,71,31,40
2020-11-08 16:00:00,46,25,21
2020-11-08 17:00:00,28,14,14
2020-11-08 18:00:00,8,6,2
2020-11-08 19:00:00,6,2,4
2020-11-08 20:00:00,9,2,7
2020-11-08 21:00:00,3,1,2
2020-11-08 22:00:00,1,1,0
2020-11-08 23:00:00,0,0,0
2020-11-09 00:00:00,1,1,0
2020-11-09 01:00:00,2,1,1
2020-11-09 02:00:00,2,2,0
2020-11-09 03:00:00,2,2,0
2020-11-09 04:00:00,1,1,0
2020-11-09 05:00:00,19,14,5
2020-11-09 06:00:00,50,43,7
2020-11-09 07:00:00,46,43,3
2020-11-09 08:00:00,55,46,9
2020-11-09 09:00:00,29,23,6
2020-11-09 10:00:00,22,19,3
2020-11-09 11:00:00,19,15,4
2020-11-09 12:00:00,27,15,12
2020-11-09 13:00:00,22,10,12
2020-11-09 14:00:00,40,18,22
2020-11-09 15:00:00,55,10,45
2020-11-09 16:00:00,57,10,47
2020-11-09 17:00:00,67,14,53
2020-11-09 18:00:00,32,5,27
2020-11-09 19:00:00,9,2,7
2020-11-09 20:00:00,8,1,7
2020-11-09 21:00:00,7,3,4
2020-11-09 22:00:00,1,0,1
2020-11-09 23:00:00,6,1,5
2020-11-10 00:00:00,2,0,2
2020-11-10 01:00:00,3,0,3
2020-11-10 02:00:00,2,2,0
2020-11-10 03:00:00,1,1,0
2020-11-10 04:00:00,5,2,3
2020-11-10 05:00:00,21,17,4
2020-11-10 06:00:00,40,28,12
2020-11-10 07:00:00,53,51,2
2020-11-10 08:00:00,44,35,9
2020-11-10 09:00:00,29,21,8
2020-11-10 10:00:00,26,16,10
2020-11-10 11:00:00,13,6,7
2020-11-10 12:00:00,14,3,11
2020-11-10 13:00:00,15,9,6
2020-11-10 14:00:00,26,11,15
2020-11-10 15:00:00,50,17,33
2020-11-10 16:00:00,46,5,41
2020-11-10 17:00:00,66,10,56
2020-11-10 18:00:00,36,12,24
2020-11-10 19:00:00,19,5,14
2020-11-10 20:00:00,14,3,11
2020-11-10 21:00:00,6,1,5
2020-11-10 22:00:00,0,0,0
2020-11-10 23:00:00,5,2,3
2020-11-11 00:00:00,2,0,2
2020-11-11 01:00:00,4,2,2
2020-11-11 02:00:00,2,2,0
2020-11-11 03:00:00,1,0,1
2020-11-11 04:00:00,3,3,0
2020-11-11 05:00:00,13,10,3
2020-11-11 06:00:00,41,38,3
2020-11-11 07:00:00,47,40,7
2020-11-11 08:00:00,35,29,6
2020-11-11 09:00:00,34,25,9
2020-11-11 10:00:00,27,16,11
2020-11-11 11:00:00,38,21,17
2020-11-11 12:00:00,37,18,19
2020-11-11 13:00:00,49,33,16
2020-11-11 14:00:00,67,33,34
2020-11-11 15:00:00,78,29,49
2020-11-11 16:00:00,79,19,60
2020-11-11 17:00:00,54,11,43
2020-11-11 18:00:00,36,10,26
2020-11-11 19:00:00,14,4,10
2020-11-11 20:00:00,11,4,7
2020-11-11 21:00:00,5,1,4
2020-11-11 22:00:00,9,1,8
2020-11-11 23:00:00,3,0,3
2020-11-12 00:00:00,1,0,1
2020-11-12 01:00:00,0,0,0
2020-11-12 02:00:00,5,3,2
2020-11-12 03:00:00,3,2,1
2020-11-12 04:00:00,4,3,1
2020-11-12 05:00:00,28,24,4
2020-11-12 06:00:00,46,39,7
2020-11-12 07:00:00,48,42,6
2020-11-12 08:00:00,44,36,8
2020-11-12 09:00:00,39,29,10
2020-11-12 10:00:00,21,13,8
2020-11-12 11:00:00,22,15,7
2020-11-12 12:00:00,28,13,15
2020-11-12 13:00:00,26,12,14
2020-11-12 14:00:00,32,13,19
2020-11-12 15:00:00,32,8,24
2020-11-12 16:00:00,51,10,41
2020-11-12 17:00:00,51,7,44
2020-11-12 18:00:00,36,3,33
2020-11-12 19:00:00,18,5,13
2020-11-12 20:00:00,8,2,6
2020-11-12 21:00:00,8,2,6
2020-11-12 22:00:00,4,2,2
2020-11-12 23:00:00,0,0,0
2020-11-13 00:00:00,3,0,3
2020-11-13 01:00:00,3,2,1
2020-11-13 02:00:00,3,1,2
2020-11-13 03:00:00,2,1,1
2020-11-13 04:00:00,3,3,0
2020-11-13 05:00:00,18,13,5
2020-11-13 06:00:00,17,16,1
2020-11-13 07:00:00,28,22,6
2020-11-13 08:00:00,35,31,4
2020-11-13 09:00:00,29,18,11
2020-11-13 10:00:00,19,13,6
2020-11-13 11:00:00,14,10,4
2020-11-13 12:00:00,19,11,8
2020-11-13 13:00:00,21,8,13
2020-11-13 14:00:00,44,18,26
2020-11-13 15:00:00,53,23,30
2020-11-13 16:00:00,46,16,30
2020-11-13 17:00:00,49,9,40
2020-11-13 18:00:00,24,7,17
2020-11-13 19:00:00,9,5,4
2020-11-13 20:00:00,12,0,12
2020-11-13 21:00:00,9,1,8
2020-11-13 22:00:00,7,3,4
2020-11-13 23:00:00,3,2,1
2020-11-14 00:00:00,2,1,1
2020-11-14 01:00:00,3,1,2
2020-11-14 02:00:00,6,4,2
2020-11-14 03:00:00,3,2,1
2020-11-14 04:00:00,3,2,1
2020-11-14 05:00:00,3,3,0
2020-11-14 06:00:00,9,7,2
2020-11-14 07:00:00,5,4,1
2020-11-14 08:00:00,20,8,12
2020-11-14 09:00:00,32,21,11
2020-11-14 10:00:00,49,24,25
2020-11-14 11:00:00,38,21,17
2020-11-14 12:00:00,40,16,24
2020-11-14 13:00:00,28,15,13
2020-11-14 14:00:00,20,4,16
2020-11-14 15:00:00,20,12,8
2020-11-14 16:00:00,16,6,10
2020-11-14 17:00:00,6,3,3
2020-11-14 18:00:00,13,5,8
2020-11-14 19:00:00,9,3,6
2020-11-14 20:00:00,4,0,4
2020-11-14 21:00:00,1,0,1
2020-11-14 22:00:00,3,2,1
2020-11-14 23:00:00,3,1,2
2020-11-15 00:00:00,2,1,1
2020-11-15 01:00:00,1,0,1
2020-11-15 02:00:00,2,0,2
2020-11-15 03:00:00,3,2,1
2020-11-15 04:00:00,0,0,0
2020-11-15 05:00:00,2,2,0
2020-11-15 06:00:00,10,4,6
2020-11-15 07:00:00,10,7,3
2020-11-15 08:00:00,14,8,6
2020-11-15 09:00:00,13,8,5
2020-11-15 10:00:00,47,25,22
2020-11-15 11:00:00,23,15,8
2020-11-15 12:00:00,33,17,16
2020-11-15 13:00:00,36,11,25
2020-11-15 14:00:00,28,18,10
2020-11-15 15:00:00,33,17,16
2020-11-15 16:00:00,40,20,20
2020-11-15 17:00:00,16,2,14
2020-11-15 18:00:00,13,6,7
2020-11-15 19:00:00,7,2,5
2020-11-15 20:00:00,8,3,5
2020-11-15 21:00:00,3,1,2
2020-11-15 22:00:00,1,1,0
2020-11-15 23:00:00,0,0,0
2020-11-16 00:00:00,0,0,0
2020-11-16 01:00:00,2,1,1
2020-11-16 02:00:00,2,2,0
2020-11-16 03:00:00,2,1,1
2020-11-16 04:00:00,1,1,0
2020-11-16 05:00:00,23,18,5
2020-11-16 06:00:00,40,37,3
2020-11-16 07:00:00,39,35,4
2020-11-16 08:00:00,37,34,3
2020-11-16 09:00:00,25,20,5
2020-11-16 10:00:00,11,8,3
2020-11-16 11:00:00,12,7,5
2020-11-16 12:00:00,8,5,3
2020-11-16 13:00:00,14,7,7
2020-11-16 14:00:00,13,6,7
2020-11-16 15:00:00,28,8,20
2020-11-16 16:00:00,43,3,40
2020-11-16 17:00:00,41,6,35
2020-11-16 18:00:00,28,1,27
2020-11-16 19:00:00,15,3,12
2020-11-16 20:00:00,12,4,8
2020-11-16 21:00:00,6,1,5
2020-11-16 22:00:00,5,0,5
2020-11-16 23:00:00,3,2,1
2020-11-17 00:00:00,5,1,4
2020-11-17 01:00:00,1,0,1
2020-11-17 02:00:00,3,1,2
2020-11-17 03:00:00,3,1,2
2020-11-17 04:00:00,4,2,2
2020-11-17 05:00:00,26,17,9
2020-11-17 06:00:00,39,36,3
2020-11-17 07:00:00,39,35,4
2020-11-17 08:00:00,53,47,6
2020-11-17 09:00:00,26,17,9
2020-11-17 10:00:00,18,12,6
2020-11-17 11:00:00,9,4,5
2020-11-17 12:00:00,10,6,4
2020-11-17 13:00:00,7,3,4
2020-11-17 14:00:00,26,9,17
2020-11-17 15:00:00,44,15,29
2020-11-17 16:00:00,42,8,34
2020-11-17 17:00:00,49,10,39
2020-11-17 18:00:00,26,5,21
2020-11-17 19:00:00,19,2,17
2020-11-17 20:00:00,5,2,3
2020-11-17 21:00:00,4,0,4
2020-11-17 22:00:00,2,2,0
2020-11-17 23:00:00,4,0,4
2020-11-18 00:00:00,1,0,1
2020-11-18 01:00:00,2,2,0
2020-11-18 02:00:00,0,0,0
2020-11-18 03:00:00,2,1,1
2020-11-18 04:00:00,1,1,0
2020-11-18 05:00:00,26,18,8
2020-11-18 06:00:00,39,31,8
2020-11-18 07:00:00,27,25,2
2020-11-18 08:00:00,38,33,5
2020-11-18 09:00:00,22,19,3
2020-11-18 10:00:00,14,6,8
2020-11-18 11:00:00,15,11,4
2020-11-18 12:00:00,19,8,11
2020-11-18 13:00:00,12,5,7
2020-11-18 14:00:00,14,4,10
2020-11-18 15:00:00,31,8,23
2020-11-18 16:00:00,37,7,30
2020-11-18 17:00:00,50,10,40
2020-11-18 18:00:00,24,5,19
2020-11-18 19:00:00,16,1,15
2020-11-18 20:00:00,9,5,4
2020-11-18 21:00:00,7,1,6
2020-11-18 22:00:00,2,2,0
2020-11-18 23:00:00,2,0,2
2020-11-19 00:00:00,3,1,2
2020-11-19 01:00:00,3,1,2
2020-11-19 02:00:00,4,2,2
2020-11-19 03:00:00,3,2,1
2020-11-19 04:00:00,5,5,0
2020-11-19 05:00:00,26,23,3
2020-11-19 06:00:00,34,30,4
2020-11-19 07:00:00,48,43,5
2020-11-19 08:00:00,40,33,7
2020-11-19 09:00:00,42,29,13
2020-11-19 10:00:00,25,18,7
2020-11-19 11:00:00,25,9,16
2020-11-19 12:00:00,19,11,8
2020-11-19 13:00:00,21,11,10
2020-11-19 14:00:00,28,11,17
2020-11-19 15:00:00,47,16,31
2020-11-19 16:00:00,63,14,49
2020-11-19 17:00:00,65,11,54
2020-11-19 18:00:00,31,7,24
2020-11-19 19:00:00,14,6,8
2020-11-19 20:00:00,9,5,4
2020-11-19 21:00:00,5,1,4
2020-11-19 22:00:00,1,0,1
2020-11-19 23:00:00,3,1,2
2020-11-20 00:00:00,5,0,5
2020-11-20 01:00:00,2,1,1
2020-11-20 02:00:00,3,2,1
2020-11-20 03:00:00,3,1,2
2020-11-20 04:00:00,3,3,0
2020-11-20 05:00:00,23,21,2
2020-11-20 06:00:00,35,30,5
2020-11-20 07:00:00,45,39,6
2020-11-20 08:00:00,48,40,8
2020-11-20 09:00:00,32,22,10
2020-11-20 10:00:00,16,9,7
2020-11-20 11:00:00,32,25,7
2020-11-20 12:00:00,24,7,17
2020-11-20 13:00:00,30,18,12
2020-11-20 14:00:00,36,13,23
2020-11-20 15:00:00,46,15,31
2020-11-20 16:00:00,51,4,47
2020-11-20 17:00:00,70,18,52
2020-11-20 18:00:00,32,7,25
2020-11-20 19:00:00,17,4,13
2020-11-20 20:00:00,6,1,5
2020-11-20 21:00:00,10,7,3
2020-11-20 22:00:00,5,2,3
2020-11-20 23:00:00,2,1,1
2020-11-21 00:00:00,6,2,4
2020-11-21 01:00:00,0,0,0
2020-11-21 02:00:00,0,0,0
2020-11-21 03:00:00,4,2,2
2020-11-21 04:00:00,3,2,1
2020-11-21 05:00:00,10,7,3
2020-11-21 06:00:00,2,1,1
2020-11-21 07:00:00,19,8,11
2020-11-21 08:00:00,36,22,14
2020-11-21 09:00:00,60,34,26
2020-11-21 10:00:00,81,47,34
2020-11-21 11:00:00,98,59,39
2020-11-21 12:00:00,126,49,77
2020-11-21 13:00:00,148,62,86
2020-11-21 14:00:00,127,51,76
2020-11-21 15:00:00,133,69,64
2020-11-21 16:00:00,73,42,31
2020-11-21 17:00:00,32,20,12
2020-11-21 18:00:00,15,4,11
2020-11-21 19:00:00,5,1,4
2020-11-21 20:00:00,10,1,9
2020-11-21 21:00:00,4,0,4
2020-11-21 22:00:00,5,3,2
2020-11-21 23:00:00,5,0,5
2020-11-22 00:00:00,5,1,4
2020-11-22 01:00:00,0,0,0
2020-11-22 02:00:00,0,0,0
2020-11-22 03:00:00,0,0,0
2020-11-22 04:00:00,1,1,0
2020-11-22 05:00:00,4,3,1
2020-11-22 06:00:00,7,4,3
2020-11-22 07:00:00,13,7,6
2020-11-22 08:00:00,16,10,6
2020-11-22 09:00:00,18,13,5
2020-11-22 10:00:00,43,16,27
2020-11-22 11:00:00,39,18,21
2020-11-22 12:00:00,46,18,28
2020-11-22 13:00:00,32,19,13
2020-11-22 14:00:00,26,13,13
2020-11-22 15:00:00,13,4,9
2020-11-22 16:00:00,4,2,2
2020-11-22 17:00:00,10,4,6
2020-11-22 18:00:00,4,2,2
2020-11-22 19:00:00,3,1,2
2020-11-22 20:00:00,4,0,4
2020-11-22 21:00:00,3,1,2
2020-11-22 22:00:00,4,0,4
2020-11-22 23:00:00,0,0,0
2020-11-23 00:00:00,1,1,0
2020-11-23 01:00:00,3,1,2
2020-11-23 02:00:00,1,1,0
2020-11-23 03:00:00,1,1,0
2020-11-23 04:00:00,6,3,3
2020-11-23 05:00:00,15,14,1
2020-11-23 06:00:00,35,31,4
2020-11-23 07:00:00,37,33,4
2020-11-23 08:00:00,41,37,4
2020-11-23 09:00:00,19,17,2
2020-11-23 10:00:00,10,7,3
2020-11-23 11:00:00,9,8,1
2020-11-23 12:00:00,16,8,8
2020-11-23 13:00:00,16,9,7
2020-11-23 14:00:00,25,9,16
2020-11-23 15:00:00,39,8,31
2020-11-23 16:00:00,49,12,37
2020-11-23 17:00:00,52,11,41
2020-11-23 18:00:00,33,1,32
2020-11-23 19:00:00,12,2,10
2020-11-23 20:00:00,12,4,8
2020-11-23 21:00:00,2,1,1
2020-11-23 22:00:00,7,2,5
2020-11-23 23:00:00,6,1,5
2020-11-24 00:00:00,6,4,2
2020-11-24 01:00:00,2,2,0
2020-11-24 02:00:00,2,2,0
2020-11-24 03:00:00,1,0,1
2020-11-24 04:00:00,4,3,1
2020-11-24 05:00:00,18,16,2
2020-11-24 06:00:00,40,36,4
2020-11-24 07:00:00,44,41,3
2020-11-24 08:00:00,47,39,8
2020-11-24 09:00:00,29,20,9
2020-11-24 10:00:00,9,6,3
2020-11-24 11:00:00,11,6,5
2020-11-24 12:00:00,14,8,6
2020-11-24 13:00:00,4,3,1
2020-11-24 14:00:00,23,7,16
2020-11-24 15:00:00,28,8,20
2020-11-24 16:00:00,37,2,35
2020-11-24 17:00:00,57,16,41
2020-11-24 18:00:00,30,7,23
2020-11-24 19:00:00,15,1,14
2020-11-24 20:00:00,5,3,2
2020-11-24 21:00:00,2,2,0
2020-11-24 22:00:00,6,4,2
2020-11-24 23:00:00,2,0,2
2020-11-25 00:00:00,2,1,1
2020-11-25 01:00:00,2,0,2
2020-11-25 02:00:00,3,2,1
2020-11-25 03:00:00,2,0,2
2020-11-25 04:00:00,6,4,2
2020-11-25 05:00:00,17,11,6
2020-11-25 06:00:00,39,35,4
2020-11-25 07:00:00,29,25,4
2020-11-25 08:00:00,32,23,9
2020-11-25 09:00:00,27,17,10
2020-11-25 10:00:00,30,22,8
2020-11-25 11:00:00,15,4,11
2020-11-25 12:00:00,17,9,8
2020-11-25 13:00:00,43,21,22
2020-11-25 14:00:00,49,25,24
2020-11-25 15:00:00,66,19,47
2020-11-25 16:00:00,44,10,34
2020-11-25 17:00:00,31,8,23
2020-11-25 18:00:00,22,8,14
2020-11-25 19:00:00,16,3,13
2020-11-25 20:00:00,11,3,8
2020-11-25 21:00:00,4,0,4
2020-11-25 22:00:00,0,0,0
2020-11-25 23:00:00,5,0,5
2020-11-26 00:00:00,8,5,3
2020-11-26 01:00:00,0,0,0
2020-11-26 02:00:00,1,1,0
2020-11-26 03:00:00,2,1,1
2020-11-26 04:00:00,1,0,1
2020-11-26 05:00:00,6,3,3
2020-11-26 06:00:00,3,1,2
2020-11-26 07:00:00,7,6,1
2020-11-26 08:00:00,3,2,1
2020-11-26 09:00:00,21,12,9
2020-11-26 10:00:00,17,12,5
2020-11-26 11:00:00,23,9,14
2020-11-26 12:00:00,37,14,23
2020-11-26 13:00:00,27,15,12
2020-11-26 14:00:00,24,13,11
2020-11-26 15:00:00,20,9,11
2020-11-26 16:00:00,13,7,6
2020-11-26 17:00:00,4,3,1
2020-11-26 18:00:00,5,1,4
2020-11-26 19:00:00,4,3,1
2020-11-26 20:00:00,8,4,4
2020-11-26 21:00:00,7,4,3
2020-11-26 22:00:00,3,1,2
2020-11-26 23:00:00,5,1,4
2020-11-27 00:00:00,3,2,1
2020-11-27 01:00:00,2,1,1
2020-11-27 02:00:00,3,2,1
2020-11-27 03:00:00,1,0,1
2020-11-27 04:00:00,4,4,0
2020-11-27 05:00:00,6,3,3
2020-11-27 06:00:00,17,16,1
2020-11-27 07:00:00,18,12,6
2020-11-27 08:00:00,24,17,7
2020-11-27 09:00:00,36,18,18
2020-11-27 10:00:00,54,32,22
2020-11-27 11:00:00,82,44,38
2020-11-27 12:00:00,84,39,45
2020-11-27 13:00:00,92,49,43
2020-11-27 14:00:00,97,43,54
2020-11-27 15:00:00,94,42,52
2020-11-27 16:00:00,49,17,32
2020-11-27 17:00:00,27,15,12
2020-11-27 18:00:00,19,4,15
2020-11-27 19:00:00,9,5,4
2020-11-27 20:00:00,4,1,3
2020-11-27 21:00:00,7,3,4
2020-11-27 22:00:00,5,2,3
2020-11-27 23:00:00,4,1,3
2020-11-28 00:00:00,5,0,5
2020-11-28 01:00:00,1,0,1
2020-11-28 02:00:00,4,3,1
2020-11-28 03:00:00,3,2,1
2020-11-28 04:00:00,2,2,0
2020-11-28 05:00:00,8,6,2
2020-11-28 06:00:00,6,4,2
2020-11-28 07:00:00,7,6,1
2020-11-28 08:00:00,17,9,8
2020-11-28 09:00:00,17,9,8
2020-11-28 10:00:00,20,16,4
2020-11-28 11:00:00,31,17,14
2020-11-28 12:00:00,23,13,10
2020-11-28 13:00:00,32,18,14
2020-11-28 14:00:00,32,16,16
2020-11-28 15:00:00,37,19,18
2020-11-28 16:00:00,33,9,24
2020-11-28 17:00:00,25,15,10
2020-11-28 18:00:00,14,7,7
2020-11-28 19:00:00,6,1,5
2020-11-28 20:00:00,12,3,9
2020-11-28 21:00:00,8,3,5
2020-11-28 22:00:00,6,4,2
2020-11-28 23:00:00,10,7,3
2020-11-29 00:00:00,0,0,0
2020-11-29 01:00:00,3,3,0
2020-11-29 02:00:00,3,1,2
2020-11-29 03:00:00,2,2,0
2020-11-29 04:00:00,1,1,0
2020-11-29 05:00:00,3,2,1
2020-11-29 06:00:00,7,5,2
2020-11-29 07:00:00,10,7,3
2020-11-29 08:00:00,19,13,6
2020-11-29 09:00:00,20,11,9
2020-11-29 10:00:00,34,17,17
2020-11-29 11:00:00,54,25,29
2020-11-29 12:00:00,52,27,25
2020-11-29 13:00:00,77,43,34
2020-11-29 14:00:00,89,44,45
2020-11-29 15:00:00,70,33,37
2020-11-29 16:00:00,46,23,23
2020-11-29 17:00:00,18,9,9
2020-11-29 18:00:00,11,4,7
2020-11-29 19:00:00,4,1,3
2020-11-29 20:00:00,5,0,5
2020-11-29 21:00:00,3,3,0
2020-11-29 22:00:00,4,1,3
2020-11-29 23:00:00,1,1,0
2020-11-30 00:00:00,3,2,1
2020-11-30 01:00:00,1,0,1
2020-11-30 02:00:00,1,0,1
2020-11-30 03:00:00,2,2,0
2020-11-30 04:00:00,3,3,0
2020-11-30 05:00:00,20,17,3
2020-11-30 06:00:00,29,27,2
2020-11-30 07:00:00,36,32,4
2020-11-30 08:00:00,29,27,2
2020-11-30 09:00:00,10,10,0
2020-11-30 10:00:00,24,18,6
2020-11-30 11:00:00,28,17,11
2020-11-30 12:00:00,28,18,10
2020-11-30 13:00:00,42,24,18
2020-11-30 14:00:00,52,18,34
2020-11-30 15:00:00,55,18,37
2020-11-30 16:00:00,63,15,48
2020-11-30 17:00:00,60,16,44
2020-11-30 18:00:00,24,1,23
2020-11-30 19:00:00,9,1,8
2020-11-30 20:00:00,11,3,8
2020-11-30 21:00:00,1,1,0
2020-11-30 22:00:00,3,0,3
2020-11-30 23:00:00,4,2,2
2017-05-21 14:00:00,90,52,38
2017-05-21 15:00:00,68,35,33
2017-05-21 16:00:00,67,29,38
2017-05-21 17:00:00,70,41,29
2017-05-21 18:00:00,34,22,12
2017-05-21 19:00:00,33,20,13
2017-05-21 20:00:00,13,5,8
2017-05-21 21:00:00,14,4,10
2017-05-21 22:00:00,13,6,7
2017-05-21 23:00:00,3,3,0
2017-05-22 00:00:00,1,1,0
2017-05-22 01:00:00,0,0,0
2017-05-22 02:00:00,0,0,0
2017-05-22 03:00:00,0,0,0
2017-05-22 04:00:00,7,4,3
2017-05-22 05:00:00,29,4,25
2017-05-22 06:00:00,101,17,84
2017-05-22 07:00:00,204,15,189
2017-05-22 08:00:00,187,15,172
2017-05-22 09:00:00,62,13,49
2017-05-22 10:00:00,32,7,25
2017-05-22 11:00:00,37,18,19
2017-05-22 12:00:00,30,13,17
2017-05-22 13:00:00,37,16,21
2017-05-22 14:00:00,43,23,20
2017-05-22 15:00:00,67,47,20
2017-05-22 16:00:00,173,145,28
2017-05-22 17:00:00,272,227,45
2017-05-22 18:00:00,131,108,23
2017-05-22 19:00:00,73,60,13
2017-05-22 20:00:00,30,15,15
2017-05-22 21:00:00,24,9,15
2017-05-22 22:00:00,5,4,1
2017-05-22 23:00:00,3,2,1
2017-05-23 00:00:00,5,3,2
2017-05-23 01:00:00,2,0,2
2017-05-23 02:00:00,1,1,0
2017-05-23 03:00:00,4,3,1
2017-05-23 04:00:00,6,2,4
2017-05-23 05:00:00,43,5,38
2017-05-23 06:00:00,111,18,93
2017-05-23 07:00:00,223,22,201
2017-05-23 08:00:00,215,28,187
2017-05-23 09:00:00,69,10,59
2017-05-23 10:00:00,40,18,22
2017-05-23 11:00:00,22,12,10
2017-05-23 12:00:00,24,5,19
2017-05-23 13:00:00,36,21,15
2017-05-23 14:00:00,34,22,12
2017-05-23 15:00:00,93,64,29
2017-05-23 16:00:00,154,117,37
2017-05-23 17:00:00,302,258,44
2017-05-23 18:00:00,157,130,27
2017-05-23 19:00:00,53,40,13
2017-05-23 20:00:00,32,21,11
2017-05-23 21:00:00,26,22,4
2017-05-23 22:00:00,7,7,0
2017-05-23 23:00:00,6,3,3
2017-05-24 00:00:00,2,0,2
2017-05-24 01:00:00,3,0,3
2017-05-24 02:00:00,2,1,1
2017-05-24 03:00:00,1,0,1
2017-05-24 04:00:00,9,2,7
2017-05-24 05:00:00,40,8,32
2017-05-24 06:00:00,93,16,77
2017-05-24 07:00:00,203,22,181
2017-05-24 08:00:00,151,20,131
2017-05-24 09:00:00,60,12,48
2017-05-24 10:00:00,40,11,29
2017-05-24 11:00:00,17,8,9
2017-05-24 12:00:00,32,13,19
2017-05-24 13:00:00,24,13,11
2017-05-24 14:00:00,30,18,12
2017-05-24 15:00:00,55,36,19
2017-05-24 16:00:00,115,96,19
2017-05-24 17:00:00,220,199,21
2017-05-24 18:00:00,120,104,16
2017-05-24 19:00:00,51,39,12
2017-05-24 20:00:00,27,19,8
2017-05-24 21:00:00,20,14,6
2017-05-24 22:00:00,11,5,6
2017-05-24 23:00:00,2,1,1
2017-05-25 00:00:00,2,0,2
2017-05-25 01:00:00,3,1,2
2017-05-25 02:00:00,0,0,0
2017-05-25 03:00:00,1,1,0
2017-05-25 04:00:00,7,3,4
2017-05-25 05:00:00,30,4,26
2017-05-25 06:00:00,93,17,76
2017-05-25 07:00:00,183,25,158
2017-05-25 08:00:00,191,16,175
2017-05-25 09:00:00,67,8,59
2017-05-25 10:00:00,29,9,20
2017-05-25 11:00:00,24,13,11
2017-05-25 12:00:00,22,11,11
2017-05-25 13:00:00,30,17,13
2017-05-25 14:00:00,40,25,15
2017-05-25 15:00:00,84,67,17
2017-05-25 16:00:00,134,101,33
2017-05-25 17:00:00,249,199,50
2017-05-25 18:00:00,141,126,15
2017-05-25 19:00:00,93,64,29
2017-05-25 20:00:00,34,19,15
2017-05-25 21:00:00,21,15,6
2017-05-25 22:00:00,8,5,3
2017-05-25 23:00:00,6,4,2
2017-05-26 00:00:00,2,2,0
2017-05-26 01:00:00,6,4,2
2017-05-26 02:00:00,2,1,1
2017-05-26 03:00:00,1,1,0
2017-05-26 04:00:00,2,1,1
2017-05-26 05:00:00,27,3,24
2017-05-26 06:00:00,76,15,61
2017-05-26 07:00:00,168,15,153
2017-05-26 08:00:00,144,21,123
2017-05-26 09:00:00,63,11,52
2017-05-26 10:00:00,38,14,24
2017-05-26 11:00:00,31,15,16
2017-05-26 12:00:00,54,28,26
2017-05-26 13:00:00,57,34,23
2017-05-26 14:00:00,74,55,19
2017-05-26 15:00:00,106,79,27
2017-05-26 16:00:00,139,111,28
2017-05-26 17:00:00,147,118,29
2017-05-26 18:00:00,76,63,13
2017-05-26 19:00:00,39,29,10
2017-05-26 20:00:00,37,24,13
2017-05-26 21:00:00,22,13,9
2017-05-26 22:00:00,14,8,6
2017-05-26 23:00:00,5,3,2
2017-05-27 00:00:00,2,0,2
2017-05-27 01:00:00,1,0,1
2017-05-27 02:00:00,3,3,0
2017-05-27 03:00:00,0,0,0
2017-05-27 04:00:00,1,0,1
2017-05-27 05:00:00,6,0,6
2017-05-27 06:00:00,9,4,5
2017-05-27 07:00:00,23,8,15
2017-05-27 08:00:00,50,24,26
2017-05-27 09:00:00,77,38,39
2017-05-27 10:00:00,85,26,59
2017-05-27 11:00:00,83,41,42
2017-05-27 12:00:00,66,38,28
2017-05-27 13:00:00,63,29,34
2017-05-27 14:00:00,74,49,25
2017-05-27 15:00:00,63,29,34
2017-05-27 16:00:00,70,40,30
2017-05-27 17:00:00,53,33,20
2017-05-27 18:00:00,31,21,10
2017-05-27 19:00:00,40,23,17
2017-05-27 20:00:00,18,11,7
2017-05-27 21:00:00,21,12,9
2017-05-27 22:00:00,11,4,7
2017-05-27 23:00:00,7,3,4
2017-05-28 00:00:00,8,4,4
2017-05-28 01:00:00,5,2,3
2017-05-28 02:00:00,2,1,1
2017-05-28 03:00:00,3,1,2
2017-05-28 04:00:00,4,1,3
2017-05-28 05:00:00,42,3,39
2017-05-28 06:00:00,101,4,97
2017-05-28 07:00:00,34,5,29
2017-05-28 08:00:00,62,40,22
2017-05-28 09:00:00,117,96,21
2017-05-28 10:00:00,124,88,36
2017-05-28 11:00:00,100,64,36
2017-05-28 12:00:00,92,43,49
2017-05-28 13:00:00,58,34,24
2017-05-28 14:00:00,84,38,46
2017-05-28 15:00:00,73,30,43
2017-05-28 16:00:00,52,27,25
2017-05-28 17:00:00,49,20,29
2017-05-28 18:00:00,41,17,24
2017-05-28 19:00:00,36,20,16
2017-05-28 20:00:00,8,1,7
2017-05-28 21:00:00,8,5,3
2017-05-28 22:00:00,8,4,4
2017-05-28 23:00:00,3,0,3
2017-05-29 00:00:00,11,6,5
2017-05-29 01:00:00,1,0,1
2017-05-29 02:00:00,0,0,0
2017-05-29 03:00:00,2,1,1
2017-05-29 04:00:00,3,1,2
2017-05-29 05:00:00,7,2,5
2017-05-29 06:00:00,5,0,5
2017-05-29 07:00:00,17,5,12
2017-05-29 08:00:00,27,13,14
2017-05-29 09:00:00,44,20,24
2017-05-29 10:00:00,49,33,16
2017-05-29 11:00:00,52,23,29
2017-05-29 12:00:00,67,36,31
2017-05-29 13:00:00,90,56,34
2017-05-29 14:00:00,84,41,43
2017-05-29 15:00:00,75,40,35
2017-05-29 16:00:00,75,35,40
2017-05-29 17:00:00,42,19,23
2017-05-29 18:00:00,50,25,25
2017-05-29 19:00:00,35,18,17
2017-05-29 20:00:00,15,7,8
2017-05-29 21:00:00,12,5,7
2017-05-29 22:00:00,7,4,3
2017-05-29 23:00:00,2,2,0
2017-05-30 00:00:00,2,1,1
2017-05-30 01:00:00,1,1,0
2017-05-30 02:00:00,1,0,1
2017-05-30 03:00:00,0,0,0
2017-05-30 04:00:00,6,3,3
2017-05-30 05:00:00,23,2,21
2017-05-30 06:00:00,74,11,63
2017-05-30 07:00:00,158,7,151
2017-05-30 08:00:00,152,15,137
2017-05-30 09:00:00,51,4,47
2017-05-30 10:00:00,20,3,17
2017-05-30 11:00:00,14,5,9
2017-05-30 12:00:00,13,4,9
2017-05-30 13:00:00,20,9,11
2017-05-30 14:00:00,16,14,2
2017-05-30 15:00:00,33,30,3
2017-05-30 16:00:00,83,73,10
2017-05-30 17:00:00,179,159,20
2017-05-30 18:00:00,93,85,8
2017-05-30 19:00:00,43,37,6
2017-05-30 20:00:00,18,15,3
2017-05-30 21:00:00,11,8,3
2017-05-30 22:00:00,5,4,1
2017-05-30 23:00:00,3,1,2
2017-05-31 00:00:00,2,0,2
2017-05-31 01:00:00,1,1,0
2017-05-31 02:00:00,1,1,0
2017-05-31 03:00:00,2,2,0
2017-05-31 04:00:00,7,2,5
2017-05-31 05:00:00,25,5,20
2017-05-31 06:00:00,86,10,76
2017-05-31 07:00:00,192,23,169
2017-05-31 08:00:00,159,15,144
2017-05-31 09:00:00,66,12,54
2017-05-31 10:00:00,30,5,25
2017-05-31 11:00:00,22,9,13
2017-05-31 12:00:00,25,12,13
2017-05-31 13:00:00,28,11,17
2017-05-31 14:00:00,28,14,14
2017-05-31 15:00:00,54,41,13
2017-05-31 16:00:00,137,117,20
2017-05-31 17:00:00,227,200,27
2017-05-31 18:00:00,135,114,21
2017-05-31 19:00:00,49,39,10
2017-05-31 20:00:00,26,22,4
2017-05-31 21:00:00,9,8,1
2017-05-31 22:00:00,10,9,1
2017-05-31 23:00:00,2,2,0
2017-06-01 00:00:00,3,2,1
2017-06-01 01:00:00,1,1,0
2017-06-01 02:00:00,3,2,1
2017-06-01 03:00:00,1,0,1
2017-06-01 04:00:00,4,0,4
2017-06-01 05:00:00,28,3,25
2017-06-01 06:00:00,85,17,68
2017-06-01 07:00:00,140,14,126
2017-06-01 08:00:00,135,13,122
2017-06-01 09:00:00,58,11,47
2017-06-01 10:00:00,31,10,21
2017-06-01 11:00:00,23,7,16
2017-06-01 12:00:00,25,7,18
2017-06-01 13:00:00,21,9,12
2017-06-01 14:00:00,35,20,15
2017-06-01 15:00:00,44,30,14
2017-06-01 16:00:00,98,85,13
2017-06-01 17:00:00,179,161,18
2014-01-01 00:00:00,0,0,0
2014-01-01 01:00:00,3,3,0
2014-01-01 02:00:00,6,5,1
2014-01-01 03:00:00,7,6,1
2014-01-01 04:00:00,0,0,0
2014-01-01 05:00:00,6,5,1
2014-01-01 06:00:00,1,1,0
2014-01-01 07:00:00,2,0,2
2014-01-01 08:00:00,7,1,6
2014-01-01 09:00:00,6,2,4
2014-01-01 10:00:00,17,6,11
2014-01-01 11:00:00,35,18,17
2014-01-01 12:00:00,28,12,16
2014-01-01 13:00:00,24,12,12
2014-01-01 14:00:00,40,18,22
2014-01-01 15:00:00,29,15,14
2014-01-01 16:00:00,20,9,11
2014-01-01 17:00:00,10,5,5
2014-01-01 18:00:00,1,1,0
2014-01-01 19:00:00,1,0,1
2014-01-01 20:00:00,0,0,0
2014-01-01 21:00:00,0,0,0
2014-01-01 22:00:00,3,2,1
2014-01-01 23:00:00,0,0,0
2014-01-02 00:00:00,1,1,0
2014-01-02 01:00:00,2,1,1
2014-01-02 02:00:00,0,0,0
2014-01-02 03:00:00,1,0,1
2014-01-02 04:00:00,2,0,2
2014-01-02 05:00:00,10,1,9
2014-01-02 06:00:00,37,8,29
2014-01-02 07:00:00,59,10,49
2014-01-02 08:00:00,76,9,67
2014-01-02 09:00:00,30,2,28
2014-01-02 10:00:00,5,0,5
2014-01-02 11:00:00,11,4,7
2014-01-02 12:00:00,13,1,12
2014-01-02 13:00:00,19,9,10
2014-01-02 14:00:00,16,10,6
2014-01-02 15:00:00,23,20,3
2014-01-02 16:00:00,38,27,11
2014-01-02 17:00:00,76,64,12
2014-01-02 18:00:00,41,38,3
2014-01-02 19:00:00,24,21,3
2014-01-02 20:00:00,3,2,1
2014-01-02 21:00:00,3,2,1
2014-01-02 22:00:00,3,2,1
2014-01-02 23:00:00,3,1,2
2014-01-03 00:00:00,8,0,8
2014-01-03 01:00:00,1,1,0
2014-01-03 02:00:00,0,0,0
2014-01-03 03:00:00,0,0,0
2014-01-03 04:00:00,2,0,2
2014-01-03 05:00:00,15,3,12
2014-01-03 06:00:00,34,3,31
2014-01-03 07:00:00,48,9,39
2014-01-03 08:00:00,69,8,61
2014-01-03 09:00:00,32,4,28
2014-01-03 10:00:00,11,4,7
2014-01-03 11:00:00,8,3,5
2014-01-03 12:00:00,16,7,9
2014-01-03 13:00:00,23,11,12
2014-01-03 14:00:00,28,11,17
2014-01-03 15:00:00,37,22,15
2014-01-03 16:00:00,51,40,11
2014-01-03 17:00:00,67,58,9
2014-01-03 18:00:00,27,26,1
2014-01-03 19:00:00,11,9,2
2014-01-03 20:00:00,8,8,0
2014-01-03 21:00:00,3,3,0
2014-01-03 22:00:00,9,7,2
2014-01-03 23:00:00,2,1,1
2014-01-04 00:00:00,0,0,0
2014-01-04 01:00:00,1,1,0
2014-01-04 02:00:00,4,2,2
2014-01-04 03:00:00,0,0,0
2014-01-04 04:00:00,1,1,0
2014-01-04 05:00:00,6,0,6
2014-01-04 06:00:00,5,1,4
2014-01-04 07:00:00,2,0,2
2014-01-04 08:00:00,13,2,11
2014-01-04 09:00:00,14,5,9
2014-01-04 10:00:00,37,28,9
2014-01-04 11:00:00,43,29,14
2014-01-04 12:00:00,45,18,27
2014-01-04 13:00:00,85,23,62
2014-01-04 14:00:00,51,22,29
2014-01-04 15:00:00,46,33,13
2014-01-04 16:00:00,32,10,22
2014-01-04 17:00:00,15,9,6
2014-01-04 18:00:00,5,2,3
2014-01-04 19:00:00,4,0,4
2014-01-04 20:00:00,1,1,0
2014-01-04 21:00:00,5,1,4
2014-01-04 22:00:00,3,2,1
2014-01-04 23:00:00,2,0,2
2014-01-05 00:00:00,1,1,0
2014-01-05 01:00:00,0,0,0
2014-01-05 02:00:00,1,1,0
2014-01-05 03:00:00,1,1,0
2014-01-05 04:00:00,0,0,0
2014-01-05 05:00:00,3,1,2
2014-01-05 06:00:00,1,1,0
2014-01-05 07:00:00,5,4,1
2014-01-05 08:00:00,5,0,5
2014-01-05 09:00:00,7,3,4
2014-01-05 10:00:00,23,10,13
2014-01-05 11:00:00,28,8,20
2014-01-05 12:00:00,33,20,13
2014-01-05 13:00:00,50,28,22
2014-01-05 14:00:00,50,26,24
2014-01-05 15:00:00,41,19,22
2014-01-05 16:00:00,22,11,11
2014-01-05 17:00:00,7,2,5
2014-01-05 18:00:00,4,3,1
2014-01-05 19:00:00,5,4,1
2014-01-05 20:00:00,1,1,0
2014-01-05 21:00:00,0,0,0
2014-01-05 22:00:00,1,0,1
2014-01-05 23:00:00,0,0,0
2014-01-06 00:00:00,0,0,0
2014-01-06 01:00:00,1,1,0
2014-01-06 02:00:00,0,0,0
2014-01-06 03:00:00,3,3,0
2014-01-06 04:00:00,4,1,3
2014-01-06 05:00:00,18,5,13
2014-01-06 06:00:00,54,7,47
2014-01-06 07:00:00,72,13,59
2014-01-06 08:00:00,67,3,64
2014-01-06 09:00:00,32,4,28
2014-01-06 10:00:00,15,2,13
2014-01-06 11:00:00,12,6,6
2014-01-06 12:00:00,3,0,3
2014-01-06 13:00:00,12,2,10
2014-01-06 14:00:00,17,11,6
2014-01-06 15:00:00,32,23,9
2014-01-06 16:00:00,60,42,18
2014-01-06 17:00:00,95,78,17
2014-01-06 18:00:00,57,50,7
2014-01-06 19:00:00,12,11,1
2014-01-06 20:00:00,10,8,2
2014-01-06 21:00:00,4,4,0
2014-01-06 22:00:00,2,2,0
2014-01-06 23:00:00,1,1,0
2014-01-07 00:00:00,2,2,0
2014-01-07 01:00:00,0,0,0
2014-01-07 02:00:00,1,1,0
2014-01-07 03:00:00,0,0,0
2014-01-07 04:00:00,3,0,3
2014-01-07 05:00:00,18,3,15
2014-01-07 06:00:00,47,10,37
2014-01-07 07:00:00,71,12,59
2014-01-07 08:00:00,83,4,79
2014-01-07 09:00:00,28,4,24
2014-01-07 10:00:00,14,0,14
2014-01-07 11:00:00,7,5,2
2014-01-07 12:00:00,7,3,4
2014-01-07 13:00:00,11,5,6
2014-01-07 14:00:00,9,7,2
2014-01-07 15:00:00,24,16,8
2014-01-07 16:00:00,49,31,18
2014-01-07 17:00:00,82,70,12
2014-01-07 18:00:00,52,46,6
2014-01-07 19:00:00,15,14,1
2014-01-07 20:00:00,14,13,1
2014-01-07 21:00:00,2,2,0
2014-01-07 22:00:00,0,0,0
2014-01-07 23:00:00,2,2,0
2014-01-08 00:00:00,2,2,0
2014-01-08 01:00:00,0,0,0
2014-01-08 02:00:00,1,1,0
2014-01-08 03:00:00,0,0,0
2014-01-08 04:00:00,3,0,3
2014-01-08 05:00:00,16,3,13
2014-01-08 06:00:00,47,9,38
2014-01-08 07:00:00,60,11,49
2014-01-08 08:00:00,86,7,79
2014-01-08 09:00:00,29,3,26
2014-01-08 10:00:00,13,3,10
2014-01-08 11:00:00,5,1,4
2014-01-08 12:00:00,9,5,4
2014-01-08 13:00:00,16,6,10
2014-01-08 14:00:00,11,6,5
2014-01-08 15:00:00,20,19,1
2014-01-08 16:00:00,57,44,13
2014-01-08 17:00:00,62,52,10
2014-01-08 18:00:00,43,37,6
2014-01-08 19:00:00,16,13,3
2014-01-08 20:00:00,8,8,0
2014-01-08 21:00:00,6,5,1
2014-01-08 22:00:00,6,5,1
2014-01-08 23:00:00,5,4,1
2014-01-09 00:00:00,2,2,0
2014-01-09 01:00:00,0,0,0
2014-01-09 02:00:00,1,0,1
2014-01-09 03:00:00,0,0,0
2014-01-09 04:00:00,4,1,3
2014-01-09 05:00:00,17,3,14
2014-01-09 06:00:00,42,10,32
2014-01-09 07:00:00,72,9,63
2014-01-09 08:00:00,63,3,60
2014-01-09 09:00:00,42,0,42
2014-01-09 10:00:00,13,1,12
2014-01-09 11:00:00,9,2,7
2014-01-09 12:00:00,12,6,6
2014-01-09 13:00:00,12,6,6
2014-01-09 14:00:00,13,10,3
2014-01-09 15:00:00,21,16,5
2014-01-09 16:00:00,41,28,13
2014-01-09 17:00:00,84,71,13
2014-01-09 18:00:00,51,48,3
2014-01-09 19:00:00,19,13,6
2014-01-09 20:00:00,12,12,0
2014-01-09 21:00:00,8,6,2
2014-01-09 22:00:00,2,1,1
2014-01-09 23:00:00,3,1,2
2014-01-10 00:00:00,2,2,0
2014-01-10 01:00:00,1,1,0
2014-01-10 02:00:00,1,1,0
2014-01-10 03:00:00,3,3,0
2014-01-10 04:00:00,3,1,2
2014-01-10 05:00:00,11,3,8
2014-01-10 06:00:00,30,6,24
2014-01-10 07:00:00,64,13,51
2014-01-10 08:00:00,51,3,48
2014-01-10 09:00:00,30,7,23
2014-01-10 10:00:00,11,0,11
2014-01-10 11:00:00,5,1,4
2014-01-10 12:00:00,8,3,5
2014-01-10 13:00:00,6,4,2
2014-01-10 14:00:00,10,6,4
2014-01-10 15:00:00,25,21,4
2014-01-10 16:00:00,30,20,10
2014-01-10 17:00:00,60,50,10
2014-01-10 18:00:00,39,32,7
2014-01-10 19:00:00,12,11,1
2014-01-10 20:00:00,2,2,0
2014-01-10 21:00:00,1,1,0
2014-01-10 22:00:00,4,4,0
2014-01-10 23:00:00,3,2,1
2014-01-11 00:00:00,0,0,0
2014-01-11 01:00:00,1,1,0
2014-01-11 02:00:00,1,1,0
2014-01-11 03:00:00,3,2,1
2014-01-11 04:00:00,0,0,0
2014-01-11 05:00:00,1,0,1
2014-01-11 06:00:00,2,1,1
2014-01-11 07:00:00,2,1,1
2014-01-11 08:00:00,6,1,5
2014-01-11 09:00:00,15,7,8
2014-01-11 10:00:00,8,2,6
2014-01-11 11:00:00,11,6,5
2014-01-11 12:00:00,5,1,4
2014-01-11 13:00:00,5,0,5
2014-01-11 14:00:00,3,1,2
2014-01-11 15:00:00,3,2,1
2014-01-11 16:00:00,5,1,4
2014-01-11 17:00:00,3,2,1
2014-01-11 18:00:00,4,3,1
2014-01-11 19:00:00,1,0,1
2014-01-11 20:00:00,2,1,1
2014-01-11 21:00:00,2,2,0
2014-01-11 22:00:00,2,2,0
2014-01-11 23:00:00,1,1,0
2014-01-12 00:00:00,0,0,0
2014-01-12 01:00:00,0,0,0
2014-01-12 02:00:00,1,1,0
2014-01-12 03:00:00,0,0,0
2014-01-12 04:00:00,0,0,0
2014-01-12 05:00:00,3,1,2
2014-01-12 06:00:00,3,1,2
2014-01-12 07:00:00,0,0,0
2014-01-12 08:00:00,6,0,6
2014-01-12 09:00:00,4,2,2
2014-01-12 10:00:00,11,6,5
2014-01-12 11:00:00,9,2,7
2014-01-12 12:00:00,11,3,8
2014-01-12 13:00:00,8,5,3
2014-01-12 14:00:00,8,5,3
2014-01-12 15:00:00,14,9,5
2014-01-12 16:00:00,11,5,6
2014-01-12 17:00:00,8,4,4
2014-01-12 18:00:00,5,3,2
2014-01-12 19:00:00,2,1,1
2014-01-12 20:00:00,1,1,0
2014-01-12 21:00:00,0,0,0
2014-01-12 22:00:00,0,0,0
2014-01-12 23:00:00,1,1,0
2014-01-13 00:00:00,0,0,0
2014-01-13 01:00:00,1,1,0
2014-01-13 02:00:00,2,0,2
2014-01-13 03:00:00,4,4,0
2014-01-13 04:00:00,4,0,4
2014-01-13 05:00:00,19,3,16
2014-01-13 06:00:00,37,7,30
2014-01-13 07:00:00,75,9,66
2014-01-13 08:00:00,75,8,67
2014-01-13 09:00:00,38,6,32
2014-01-13 10:00:00,27,4,23
2014-01-13 11:00:00,12,3,9
2014-01-13 12:00:00,15,6,9
2014-01-13 13:00:00,16,3,13
2014-01-13 14:00:00,15,11,4
2014-01-13 15:00:00,25,18,7
2014-01-13 16:00:00,54,41,13
2014-01-13 17:00:00,93,81,12
2014-01-13 18:00:00,73,65,8
2014-01-13 19:00:00,20,15,5
2014-01-13 20:00:00,16,14,2
2014-01-13 21:00:00,6,4,2
2014-01-13 22:00:00,3,2,1
2014-01-13 23:00:00,3,2,1
2014-01-14 00:00:00,3,1,2
2014-01-14 01:00:00,1,0,1
2014-01-14 02:00:00,1,0,1
2014-01-14 03:00:00,1,0,1
2014-01-14 04:00:00,5,1,4
2014-01-14 05:00:00,28,5,23
2014-01-14 06:00:00,66,13,53
2014-01-14 07:00:00,101,15,86
2014-01-14 08:00:00,98,6,92
2014-01-14 09:00:00,33,7,26
2014-01-14 10:00:00,21,6,15
2014-01-14 11:00:00,18,5,13
2014-01-14 12:00:00,12,6,6
2014-01-14 13:00:00,17,9,8
2014-01-14 14:00:00,28,19,9
2014-01-14 15:00:00,30,27,3
2014-01-14 16:00:00,81,59,22
2014-01-14 17:00:00,104,89,15
2014-01-14 18:00:00,70,57,13
2014-01-14 19:00:00,22,18,4
2014-01-14 20:00:00,9,6,3
2014-01-14 21:00:00,10,9,1
2014-01-14 22:00:00,5,4,1
2014-01-14 23:00:00,3,3,0
2014-01-15 00:00:00,3,2,1
2014-01-15 01:00:00,0,0,0
2014-01-15 02:00:00,2,2,0
2014-01-15 03:00:00,2,2,0
2014-01-15 04:00:00,7,0,7
2014-01-15 05:00:00,25,7,18
2014-01-15 06:00:00,59,11,48
2014-01-15 07:00:00,73,10,63
2014-01-15 08:00:00,111,12,99
2014-01-15 09:00:00,36,5,31
2014-01-15 10:00:00,21,6,15
2014-01-15 11:00:00,27,13,14
2014-01-15 12:00:00,20,7,13
2014-01-15 13:00:00,27,14,13
2014-01-15 14:00:00,22,11,11
2014-01-15 15:00:00,32,25,7
2014-01-15 16:00:00,73,55,18
2014-01-15 17:00:00,85,72,13
2014-01-15 18:00:00,80,70,10
2014-01-15 19:00:00,47,38,9
2014-01-15 20:00:00,27,16,11
2014-01-15 21:00:00,8,8,0
2014-01-15 22:00:00,8,5,3
2014-01-15 23:00:00,2,1,1
2014-01-16 00:00:00,0,0,0
2014-01-16 01:00:00,0,0,0
2014-01-16 02:00:00,1,1,0
2014-01-16 03:00:00,1,1,0
2014-01-16 04:00:00,4,0,4
2014-01-16 05:00:00,13,4,9
2014-01-16 06:00:00,56,8,48
2014-01-16 07:00:00,97,13,84
2014-01-16 08:00:00,91,4,87
2014-01-16 09:00:00,51,9,42
2014-01-16 10:00:00,10,2,8
2014-01-16 11:00:00,12,6,6
2014-01-16 12:00:00,20,7,13
2014-01-16 13:00:00,19,7,12
2014-01-16 14:00:00,18,11,7
2014-01-16 15:00:00,31,21,10
2014-01-16 16:00:00,61,44,17
2014-01-16 17:00:00,115,95,20
2014-01-16 18:00:00,57,46,11
2014-01-16 19:00:00,36,26,10
2014-01-16 20:00:00,16,12,4
2014-01-16 21:00:00,9,5,4
2014-01-16 22:00:00,7,7,0
2014-01-16 23:00:00,5,4,1
2014-01-17 00:00:00,2,2,0
2014-01-17 01:00:00,1,1,0
2014-01-17 02:00:00,0,0,0
2014-01-17 03:00:00,2,2,0
2014-01-17 04:00:00,2,0,2
2014-01-17 05:00:00,15,3,12
2014-01-17 06:00:00,56,11,45
2014-01-17 07:00:00,92,12,80
2014-01-17 08:00:00,73,7,66
2014-01-17 09:00:00,39,4,35
2014-01-17 10:00:00,11,1,10
2014-01-17 11:00:00,14,6,8
2014-01-17 12:00:00,18,6,12
2014-01-17 13:00:00,24,11,13
2014-01-17 14:00:00,23,14,9
2014-01-17 15:00:00,33,21,12
2014-01-17 16:00:00,70,60,10
2014-01-17 17:00:00,80,69,11
2014-01-17 18:00:00,53,40,13
2014-01-17 19:00:00,22,18,4
2014-01-17 20:00:00,7,6,1
2014-01-17 21:00:00,8,6,2
2014-01-17 22:00:00,3,2,1
2014-01-17 23:00:00,3,3,0
2014-01-18 00:00:00,3,3,0
2014-01-18 01:00:00,1,1,0
2014-01-18 02:00:00,3,2,1
2014-01-18 03:00:00,0,0,0
2014-01-18 04:00:00,2,1,1
2014-01-18 05:00:00,4,0,4
2014-01-18 06:00:00,5,1,4
2014-01-18 07:00:00,12,1,11
2014-01-18 08:00:00,21,1,20
2014-01-18 09:00:00,14,4,10
2014-01-18 10:00:00,13,3,10
2014-01-18 11:00:00,28,19,9
2014-01-18 12:00:00,43,17,26
2014-01-18 13:00:00,36,13,23
2014-01-18 14:00:00,44,22,22
2014-01-18 15:00:00,44,24,20
2014-01-18 16:00:00,43,26,17
2014-01-18 17:00:00,28,16,12
2014-01-18 18:00:00,17,13,4
2014-01-18 19:00:00,9,4,5
2014-01-18 20:00:00,9,5,4
2014-01-18 21:00:00,5,2,3
2014-01-18 22:00:00,5,3,2
2014-01-18 23:00:00,3,3,0
2014-01-19 00:00:00,0,0,0
2014-01-19 01:00:00,3,3,0
2014-01-19 02:00:00,4,1,3
2014-01-19 03:00:00,1,1,0
2014-01-19 04:00:00,2,2,0
2014-01-19 05:00:00,3,0,3
2014-01-19 06:00:00,3,0,3
2014-01-19 07:00:00,4,1,3
2014-01-19 08:00:00,11,2,9
2014-01-19 09:00:00,18,5,13
2014-01-19 10:00:00,28,14,14
2014-01-19 11:00:00,34,17,17
2014-01-19 12:00:00,35,16,19
2014-01-19 13:00:00,16,6,10
2014-01-19 14:00:00,25,10,15
2014-01-19 15:00:00,6,4,2
2014-01-19 16:00:00,6,6,0
2014-01-19 17:00:00,5,2,3
2014-01-19 18:00:00,2,2,0
2014-01-19 19:00:00,9,7,2
2014-01-19 20:00:00,8,5,3
2014-01-19 21:00:00,6,4,2
2014-01-19 22:00:00,2,1,1
2014-01-19 23:00:00,0,0,0
2014-01-20 00:00:00,0,0,0
2014-01-20 01:00:00,0,0,0
2014-01-20 02:00:00,3,1,2
2014-01-20 03:00:00,2,1,1
2014-01-20 04:00:00,4,1,3
2014-01-20 05:00:00,12,5,7
2014-01-20 06:00:00,27,6,21
2014-01-20 07:00:00,47,10,37
2014-01-20 08:00:00,46,3,43
2014-01-20 09:00:00,29,7,22
2014-01-20 10:00:00,30,9,21
2014-01-20 11:00:00,14,7,7
2014-01-20 12:00:00,33,20,13
2014-01-20 13:00:00,25,10,15
2014-01-20 14:00:00,31,17,14
2014-01-20 15:00:00,57,34,23
2014-01-20 16:00:00,65,40,25
2014-01-20 17:00:00,50,39,11
2014-01-20 18:00:00,36,28,8
2014-01-20 19:00:00,20,16,4
2014-01-20 20:00:00,9,7,2
2014-01-20 21:00:00,3,3,0
2014-01-20 22:00:00,2,2,0
2014-01-20 23:00:00,1,1,0
2014-01-21 00:00:00,0,0,0
2014-01-21 01:00:00,0,0,0
2014-01-21 02:00:00,1,1,0
2014-01-21 03:00:00,1,1,0
2014-01-21 04:00:00,2,0,2
2014-01-21 05:00:00,26,4,22
2014-01-21 06:00:00,56,10,46
2014-01-21 07:00:00,98,11,87
2014-01-21 08:00:00,99,5,94
2014-01-21 09:00:00,34,4,30
2014-01-21 10:00:00,13,1,12
2014-01-21 11:00:00,16,7,9
2014-01-21 12:00:00,18,8,10
2014-01-21 13:00:00,19,5,14
2014-01-21 14:00:00,20,13,7
2014-01-21 15:00:00,41,32,9
2014-01-21 16:00:00,64,51,13
2014-01-21 17:00:00,103,82,21
2014-01-21 18:00:00,81,74,7
2014-01-21 19:00:00,27,21,6
2014-01-21 20:00:00,13,12,1
2014-01-21 21:00:00,13,10,3
2014-01-21 22:00:00,4,3,1
2014-01-21 23:00:00,1,1,0
2014-01-22 00:00:00,2,2,0
2014-01-22 01:00:00,1,1,0
2014-01-22 02:00:00,0,0,0
2014-01-22 03:00:00,2,2,0
2014-01-22 04:00:00,9,0,9
2014-01-22 05:00:00,17,3,14
2014-01-22 06:00:00,57,8,49
2014-01-22 07:00:00,94,17,77
2014-01-22 08:00:00,97,10,87
2014-01-22 09:00:00,32,5,27
2014-01-22 10:00:00,25,5,20
2014-01-22 11:00:00,19,7,12
2014-01-22 12:00:00,12,7,5
2014-01-22 13:00:00,20,5,15
2014-01-22 14:00:00,22,16,6
2014-01-22 15:00:00,38,30,8
2014-01-22 16:00:00,58,43,15
2014-01-22 17:00:00,112,97,15
2014-01-22 18:00:00,77,65,12
2014-01-22 19:00:00,19,16,3
2014-01-22 20:00:00,25,23,2
2014-01-22 21:00:00,5,5,0
2014-01-22 22:00:00,7,5,2
2014-01-22 23:00:00,2,2,0
2014-01-23 00:00:00,1,1,0
2014-01-23 01:00:00,1,1,0
2014-01-23 02:00:00,1,1,0
2014-01-23 03:00:00,3,1,2
2014-01-23 04:00:00,6,1,5
2014-01-23 05:00:00,18,2,16
2014-01-23 06:00:00,58,7,51
2014-01-23 07:00:00,89,8,81
2014-01-23 08:00:00,93,4,89
2014-01-23 09:00:00,36,4,32
2014-01-23 10:00:00,22,10,12
2014-01-23 11:00:00,14,7,7
2014-01-23 12:00:00,17,8,9
2014-01-23 13:00:00,22,7,15
2014-01-23 14:00:00,33,16,17
2014-01-23 15:00:00,53,37,16
2014-01-23 16:00:00,86,56,30
2014-01-23 17:00:00,104,92,12
2014-01-23 18:00:00,56,51,5
2014-01-23 19:00:00,27,24,3
2014-01-23 20:00:00,17,11,6
2014-01-23 21:00:00,10,5,5
2014-01-23 22:00:00,11,9,2
2014-01-23 23:00:00,4,3,1
2014-01-24 00:00:00,2,2,0
2014-01-24 01:00:00,1,1,0
2014-01-24 02:00:00,2,1,1
2014-01-24 03:00:00,4,2,2
2014-01-24 04:00:00,5,0,5
2014-01-24 05:00:00,16,3,13
2014-01-24 06:00:00,43,6,37
2014-01-24 07:00:00,85,9,76
2014-01-24 08:00:00,84,8,76
2014-01-24 09:00:00,28,1,27
2014-01-24 10:00:00,17,3,14
2014-01-24 11:00:00,20,5,15
2014-01-24 12:00:00,10,5,5
2014-01-24 13:00:00,21,9,12
2014-01-24 14:00:00,38,25,13
2014-01-24 15:00:00,47,35,12
2014-01-24 16:00:00,67,49,18
2014-01-24 17:00:00,96,79,17
2014-01-24 18:00:00,56,49,7
2014-01-24 19:00:00,18,11,7
2014-01-24 20:00:00,12,10,2
2014-01-24 21:00:00,4,4,0
2014-01-24 22:00:00,6,5,1
2014-01-24 23:00:00,4,2,2
2014-01-25 00:00:00,3,3,0
2014-01-25 01:00:00,1,1,0
2014-01-25 02:00:00,0,0,0
2014-01-25 03:00:00,1,1,0
2014-01-25 04:00:00,3,1,2
2014-01-25 05:00:00,1,0,1
2014-01-25 06:00:00,6,0,6
2014-01-25 07:00:00,9,1,8
2014-01-25 08:00:00,19,7,12
2014-01-25 09:00:00,21,3,18
2014-01-25 10:00:00,25,9,16
2014-01-25 11:00:00,31,19,12
2014-01-25 12:00:00,45,28,17
2014-01-25 13:00:00,70,26,44
2014-01-25 14:00:00,66,26,40
2014-01-25 15:00:00,64,43,21
2014-01-25 16:00:00,55,19,36
2014-01-25 17:00:00,17,11,6
2014-01-25 18:00:00,6,4,2
2014-01-25 19:00:00,7,7,0
2014-01-25 20:00:00,2,0,2
2014-01-25 21:00:00,2,1,1
2014-01-25 22:00:00,1,1,0
2014-01-25 23:00:00,2,2,0
2014-01-26 00:00:00,3,3,0
2014-01-26 01:00:00,5,1,4
2014-01-26 02:00:00,2,1,1
2014-01-26 03:00:00,1,0,1
2014-01-26 04:00:00,2,1,1
2014-01-26 05:00:00,2,0,2
2014-01-26 06:00:00,2,0,2
2014-01-26 07:00:00,7,2,5
2014-01-26 08:00:00,9,1,8
2014-01-26 09:00:00,19,8,11
2014-01-26 10:00:00,19,10,9
2014-01-26 11:00:00,35,22,13
2014-01-26 12:00:00,46,29,17
2014-01-26 13:00:00,39,11,28
2014-01-26 14:00:00,57,31,26
2014-01-26 15:00:00,45,27,18
2014-01-26 16:00:00,42,19,23
2014-01-26 17:00:00,16,13,3
2014-01-26 18:00:00,10,6,4
2014-01-26 19:00:00,1,0,1
2014-01-26 20:00:00,3,2,1
2014-01-26 21:00:00,2,0,2
2014-01-26 22:00:00,1,1,0
2014-01-26 23:00:00,3,1,2
2014-01-27 00:00:00,2,1,1
2014-01-27 01:00:00,0,0,0
2014-01-27 02:00:00,0,0,0
2014-01-27 03:00:00,1,1,0
2014-01-27 04:00:00,5,0,5
2014-01-27 05:00:00,15,4,11
2014-01-27 06:00:00,45,9,36
2014-01-27 07:00:00,94,13,81
2014-01-27 08:00:00,82,1,81
2014-01-27 09:00:00,33,4,29
2014-01-27 10:00:00,19,4,15
2014-01-27 11:00:00,6,0,6
2014-01-27 12:00:00,15,8,7
2014-01-27 13:00:00,13,5,8
2014-01-27 14:00:00,18,9,9
2014-01-27 15:00:00,32,24,8
2014-01-27 16:00:00,64,46,18
2014-01-27 17:00:00,105,93,12
2014-01-27 18:00:00,61,56,5
2014-01-27 19:00:00,22,21,1
2014-01-27 20:00:00,12,11,1
2014-01-27 21:00:00,4,2,2
2014-01-27 22:00:00,3,3,0
2014-01-27 23:00:00,4,4,0
2014-01-28 00:00:00,2,1,1
2014-01-28 01:00:00,0,0,0
2014-01-28 02:00:00,0,0,0
2014-01-28 03:00:00,1,0,1
2014-01-28 04:00:00,3,1,2
2014-01-28 05:00:00,22,6,16
2014-01-28 06:00:00,51,8,43
2014-01-28 07:00:00,84,11,73
2014-01-28 08:00:00,94,3,91
2014-01-28 09:00:00,26,3,23
2014-01-28 10:00:00,9,2,7
2014-01-28 11:00:00,13,7,6
2014-01-28 12:00:00,12,5,7
2014-01-28 13:00:00,13,6,7
2014-01-28 14:00:00,21,14,7
2014-01-28 15:00:00,37,28,9
2014-01-28 16:00:00,54,39,15
2014-01-28 17:00:00,107,96,11
2014-01-28 18:00:00,62,53,9
2014-01-28 19:00:00,18,14,4
2014-01-28 20:00:00,8,7,1
2014-01-28 21:00:00,5,2,3
2014-01-28 22:00:00,3,3,0
2014-01-28 23:00:00,1,1,0
2014-01-29 00:00:00,2,2,0
2014-01-29 01:00:00,0,0,0
2014-01-29 02:00:00,1,1,0
2014-01-29 03:00:00,1,1,0
2014-01-29 04:00:00,4,2,2
2014-01-29 05:00:00,11,3,8
2014-01-29 06:00:00,42,8,34
2014-01-29 07:00:00,65,6,59
2014-01-29 08:00:00,82,7,75
2014-01-29 09:00:00,21,4,17
2014-01-29 10:00:00,6,0,6
2014-01-29 11:00:00,7,3,4
2014-01-29 12:00:00,6,3,3
2014-01-29 13:00:00,6,2,4
2014-01-29 14:00:00,10,6,4
2014-01-29 15:00:00,27,19,8
2014-01-29 16:00:00,42,31,11
2014-01-29 17:00:00,69,55,14
2014-01-29 18:00:00,55,46,9
2014-01-29 19:00:00,23,19,4
2014-01-29 20:00:00,11,9,2
2014-01-29 21:00:00,4,3,1
2014-01-29 22:00:00,5,4,1
2014-01-29 23:00:00,2,2,0
2014-01-30 00:00:00,1,1,0
2014-01-30 01:00:00,2,2,0
2014-01-30 02:00:00,2,2,0
2014-01-30 03:00:00,0,0,0
2014-01-30 04:00:00,2,1,1
2014-01-30 05:00:00,11,3,8
2014-01-30 06:00:00,46,7,39
2014-01-30 07:00:00,63,12,51
2014-01-30 08:00:00,81,4,77
2014-01-30 09:00:00,36,5,31
2014-01-30 10:00:00,9,1,8
2014-01-30 11:00:00,10,5,5
2014-01-30 12:00:00,10,4,6
2014-01-30 13:00:00,18,9,9
2014-01-30 14:00:00,26,12,14
2014-01-30 15:00:00,27,18,9
2014-01-30 16:00:00,57,40,17
2014-01-30 17:00:00,90,81,9
2014-01-30 18:00:00,54,48,6
2014-01-30 19:00:00,22,19,3
2014-01-30 20:00:00,11,6,5
2014-01-30 21:00:00,7,6,1
2014-01-30 22:00:00,6,3,3
2014-01-30 23:00:00,8,5,3
2014-01-31 00:00:00,2,1,1
2014-01-31 01:00:00,2,1,1
2014-01-31 02:00:00,2,1,1
2014-01-31 03:00:00,2,1,1
2014-01-31 04:00:00,3,0,3
2014-01-31 05:00:00,15,3,12
2014-01-31 06:00:00,37,8,29
2014-01-31 07:00:00,65,10,55
2014-01-31 08:00:00,68,4,64
2014-01-31 09:00:00,36,5,31
2014-01-31 10:00:00,20,8,12
2014-01-31 11:00:00,10,3,7
2014-01-31 12:00:00,18,9,9
2014-01-31 13:00:00,21,8,13
2014-01-31 14:00:00,18,7,11
2014-01-31 15:00:00,35,27,8
2014-01-31 16:00:00,55,45,10
2014-01-31 17:00:00,81,68,13
2014-01-31 18:00:00,41,31,10
2014-01-31 19:00:00,18,13,5
2014-01-31 20:00:00,0,0,0
2014-01-31 21:00:00,0,0,0
2014-01-31 22:00:00,0,0,0
2014-01-31 23:00:00,0,0,0
2014-02-01 00:00:00,4,4,0
2014-02-01 01:00:00,0,0,0
2014-02-01 02:00:00,0,0,0
2014-02-01 03:00:00,1,1,0
2014-02-01 04:00:00,1,0,1
2014-02-01 05:00:00,3,0,3
2014-02-01 06:00:00,7,1,6
2014-02-01 07:00:00,11,3,8
2014-02-01 08:00:00,33,8,25
2014-02-01 09:00:00,35,23,12
2014-02-01 10:00:00,34,18,16
2014-02-01 11:00:00,40,27,13
2014-02-01 12:00:00,37,14,23
2014-02-01 13:00:00,28,18,10
2014-02-01 14:00:00,32,13,19
2014-02-01 15:00:00,41,22,19
2014-02-01 16:00:00,22,16,6
2014-02-01 17:00:00,20,7,13
2014-02-01 18:00:00,16,7,9
2014-02-01 19:00:00,8,7,1
2014-02-01 20:00:00,5,5,0
2014-02-01 21:00:00,5,3,2
2014-02-01 22:00:00,3,3,0
2014-02-01 23:00:00,2,1,1
2014-02-02 00:00:00,2,2,0
2014-02-02 01:00:00,3,3,0
2014-02-02 02:00:00,0,0,0
2014-02-02 03:00:00,1,0,1
2014-02-02 04:00:00,1,1,0
2014-02-02 05:00:00,2,2,0
2014-02-02 06:00:00,2,1,1
2014-02-02 07:00:00,9,5,4
2014-02-02 08:00:00,12,5,7
2014-02-02 09:00:00,12,5,7
2014-02-02 10:00:00,30,10,20
2014-02-02 11:00:00,41,28,13
2014-02-02 12:00:00,44,17,27
2014-02-02 13:00:00,41,19,22
2014-02-02 14:00:00,36,20,16
2014-02-02 15:00:00,13,9,4
2014-02-02 16:00:00,16,9,7
2014-02-02 17:00:00,7,3,4
2014-02-02 18:00:00,5,2,3
2014-02-02 19:00:00,2,0,2
2014-02-02 20:00:00,8,3,5
2014-02-02 21:00:00,3,1,2
2014-02-02 22:00:00,3,1,2
2014-02-02 23:00:00,3,2,1
2014-02-03 00:00:00,2,1,1
2014-02-03 01:00:00,2,2,0
2014-02-03 02:00:00,1,1,0
2014-02-03 03:00:00,2,2,0
2014-02-03 04:00:00,4,1,3
2014-02-03 05:00:00,17,5,12
2014-02-03 06:00:00,46,10,36
2014-02-03 07:00:00,72,9,63
2014-02-03 08:00:00,79,3,76
2014-02-03 09:00:00,39,6,33
2014-02-03 10:00:00,16,1,15
2014-02-03 11:00:00,11,5,6
2014-02-03 12:00:00,15,5,10
2014-02-03 13:00:00,16,6,10
2014-02-03 14:00:00,14,9,5
2014-02-03 15:00:00,28,19,9
2014-02-03 16:00:00,62,47,15
2014-02-03 17:00:00,101,86,15
2014-02-03 18:00:00,58,55,3
2014-02-03 19:00:00,23,18,5
2014-02-03 20:00:00,8,6,2
2014-02-03 21:00:00,4,3,1
2014-02-03 22:00:00,4,4,0
2014-02-03 23:00:00,0,0,0
2014-02-04 00:00:00,2,2,0
2014-02-04 01:00:00,0,0,0
2014-02-04 02:00:00,0,0,0
2014-02-04 03:00:00,0,0,0
2014-02-04 04:00:00,2,1,1
2014-02-04 05:00:00,13,2,11
2014-02-04 06:00:00,35,7,28
2014-02-04 07:00:00,73,12,61
2014-02-04 08:00:00,85,2,83
2014-02-04 09:00:00,33,5,28
2014-02-04 10:00:00,9,1,8
2014-02-04 11:00:00,15,6,9
2014-02-04 12:00:00,11,6,5
2014-02-04 13:00:00,14,5,9
2014-02-04 14:00:00,10,9,1
2014-02-04 15:00:00,27,21,6
2014-02-04 16:00:00,44,29,15
2014-02-04 17:00:00,95,85,10
2014-02-04 18:00:00,54,48,6
2014-02-04 19:00:00,24,20,4
2014-02-04 20:00:00,9,7,2
2014-02-04 21:00:00,3,2,1
2014-02-04 22:00:00,2,2,0
2014-02-04 23:00:00,3,3,0
2014-02-05 00:00:00,3,2,1
2014-02-05 01:00:00,1,0,1
2014-02-05 02:00:00,0,0,0
2014-02-05 03:00:00,2,1,1
2014-02-05 04:00:00,3,0,3
2014-02-05 05:00:00,16,5,11
2014-02-05 06:00:00,43,7,36
2014-02-05 07:00:00,74,10,64
2014-02-05 08:00:00,69,3,66
2014-02-05 09:00:00,61,4,57
2014-02-05 10:00:00,52,2,50
2014-02-05 11:00:00,48,8,40
2014-02-05 12:00:00,37,11,26
2014-02-05 13:00:00,29,20,9
2014-02-05 14:00:00,60,44,16
2014-02-05 15:00:00,55,47,8
2014-02-05 16:00:00,63,48,15
2014-02-05 17:00:00,96,84,12
2014-02-05 18:00:00,60,51,9
2014-02-05 19:00:00,21,19,2
2014-02-05 20:00:00,4,2,2
2014-02-05 21:00:00,4,4,0
2014-02-05 22:00:00,7,6,1
2014-02-05 23:00:00,5,5,0
2014-02-06 00:00:00,0,0,0
2014-02-06 01:00:00,7,1,6
2014-02-06 02:00:00,0,0,0
2014-02-06 03:00:00,1,1,0
2014-02-06 04:00:00,3,0,3
2014-02-06 05:00:00,10,2,8
2014-02-06 06:00:00,28,8,20
2014-02-06 07:00:00,43,7,36
2014-02-06 08:00:00,54,5,49
2014-02-06 09:00:00,20,2,18
2014-02-06 10:00:00,16,4,12
2014-02-06 11:00:00,7,2,5
2014-02-06 12:00:00,11,4,7
2014-02-06 13:00:00,7,3,4
2014-02-06 14:00:00,9,5,4
2014-02-06 15:00:00,13,9,4
2014-02-06 16:00:00,43,29,14
2014-02-06 17:00:00,62,57,5
2014-02-06 18:00:00,34,30,4
2014-02-06 19:00:00,11,9,2
2014-02-06 20:00:00,4,4,0
2014-02-06 21:00:00,8,5,3
2014-02-06 22:00:00,3,1,2
2014-02-06 23:00:00,5,3,2
2014-02-07 00:00:00,1,1,0
2014-02-07 01:00:00,0,0,0
2014-02-07 02:00:00,1,1,0
2014-02-07 03:00:00,0,0,0
2014-02-07 04:00:00,3,1,2
2014-02-07 05:00:00,9,2,7
2014-02-07 06:00:00,33,1,32
2014-02-07 07:00:00,37,8,29
2014-02-07 08:00:00,49,0,49
2014-02-07 09:00:00,23,1,22
2014-02-07 10:00:00,11,4,7
2014-02-07 11:00:00,11,1,10
2014-02-07 12:00:00,3,1,2
2014-02-07 13:00:00,3,2,1
2014-02-07 14:00:00,11,7,4
2014-02-07 15:00:00,27,19,8
2014-02-07 16:00:00,41,33,8
2014-02-07 17:00:00,45,37,8
2014-02-07 18:00:00,30,25,5
2014-02-07 19:00:00,9,8,1
2014-02-07 20:00:00,7,3,4
2014-02-07 21:00:00,3,2,1
2014-02-07 22:00:00,3,2,1
2014-02-07 23:00:00,3,3,0
2014-02-08 00:00:00,3,3,0
2014-02-08 01:00:00,1,1,0
2014-02-08 02:00:00,0,0,0
2014-02-08 03:00:00,3,2,1
2014-02-08 04:00:00,0,0,0
2014-02-08 05:00:00,1,0,1
2014-02-08 06:00:00,1,0,1
2014-02-08 07:00:00,5,1,4
2014-02-08 08:00:00,10,1,9
2014-02-08 09:00:00,9,1,8
2014-02-08 10:00:00,10,7,3
2014-02-08 11:00:00,23,10,13
2014-02-08 12:00:00,24,14,10
2014-02-08 13:00:00,18,12,6
2014-02-08 14:00:00,16,8,8
2014-02-08 15:00:00,27,13,14
2014-02-08 16:00:00,9,3,6
2014-02-08 17:00:00,10,2,8
2014-02-08 18:00:00,4,3,1
2014-02-08 19:00:00,2,2,0
2014-02-08 20:00:00,1,1,0
2014-02-08 21:00:00,1,1,0
2014-02-08 22:00:00,1,1,0
2014-02-08 23:00:00,1,0,1
2014-02-09 00:00:00,1,0,1
2014-02-09 01:00:00,0,0,0
2014-02-09 02:00:00,0,0,0
2014-02-09 03:00:00,2,0,2
2014-02-09 04:00:00,0,0,0
2014-02-09 05:00:00,0,0,0
2014-02-09 06:00:00,0,0,0
2014-02-09 07:00:00,0,0,0
2014-02-09 08:00:00,0,0,0
2014-02-09 09:00:00,1,0,1
2014-02-09 10:00:00,2,1,1
2014-02-09 11:00:00,0,0,0
2014-02-09 12:00:00,1,1,0
2014-02-09 13:00:00,0,0,0
2014-02-09 14:00:00,0,0,0
2014-02-09 15:00:00,1,0,1
2014-02-09 16:00:00,2,0,2
2014-02-09 17:00:00,6,5,1
2014-02-09 18:00:00,2,2,0
2014-02-09 19:00:00,0,0,0
2014-02-09 20:00:00,1,0,1
2014-02-09 21:00:00,0,0,0
2014-02-09 22:00:00,0,0,0
2014-02-09 23:00:00,0,0,0
2014-02-10 00:00:00,1,1,0
2014-02-10 01:00:00,0,0,0
2014-02-10 02:00:00,2,1,1
2014-02-10 03:00:00,1,1,0
2014-02-10 04:00:00,5,0,5
2014-02-10 05:00:00,4,1,3
2014-02-10 06:00:00,26,4,22
2014-02-10 07:00:00,41,7,34
2014-02-10 08:00:00,44,3,41
2014-02-10 09:00:00,27,3,24
2014-02-10 10:00:00,9,2,7
2014-02-10 11:00:00,7,3,4
2014-02-10 12:00:00,7,3,4
2014-02-10 13:00:00,7,3,4
2014-02-10 14:00:00,4,2,2
2014-02-10 15:00:00,25,17,8
2014-02-10 16:00:00,33,22,11
2014-02-10 17:00:00,44,35,9
2014-02-10 18:00:00,39,32,7
2014-02-10 19:00:00,16,14,2
2014-02-10 20:00:00,8,5,3
2014-02-10 21:00:00,6,6,0
2014-02-10 22:00:00,1,1,0
2014-02-10 23:00:00,0,0,0
2014-02-11 00:00:00,2,2,0
2014-02-11 01:00:00,0,0,0
2014-02-11 02:00:00,1,1,0
2014-02-11 03:00:00,2,2,0
2014-02-11 04:00:00,1,0,1
2014-02-11 05:00:00,16,5,11
2014-02-11 06:00:00,47,8,39
2014-02-11 07:00:00,75,15,60
2014-02-11 08:00:00,79,8,71
2014-02-11 09:00:00,27,2,25
2014-02-11 10:00:00,10,1,9
2014-02-11 11:00:00,8,4,4
2014-02-11 12:00:00,11,6,5
2014-02-11 13:00:00,8,2,6
2014-02-11 14:00:00,11,9,2
2014-02-11 15:00:00,37,27,10
2014-02-11 16:00:00,41,28,13
2014-02-11 17:00:00,68,56,12
2014-02-11 18:00:00,53,47,6
2014-02-11 19:00:00,18,18,0
2014-02-11 20:00:00,10,8,2
2014-02-11 21:00:00,5,4,1
2014-02-11 22:00:00,2,1,1
2014-02-11 23:00:00,2,2,0
2014-02-12 00:00:00,4,4,0
2014-02-12 01:00:00,0,0,0
2014-02-12 02:00:00,0,0,0
2014-02-12 03:00:00,5,2,3
2014-02-12 04:00:00,4,2,2
2014-02-12 05:00:00,14,4,10
2014-02-12 06:00:00,37,2,35
2014-02-12 07:00:00,52,9,43
2014-02-12 08:00:00,64,4,60
2014-02-12 09:00:00,30,1,29
2014-02-12 10:00:00,15,2,13
2014-02-12 11:00:00,10,2,8
2014-02-12 12:00:00,18,9,9
2014-02-12 13:00:00,15,6,9
2014-02-12 14:00:00,19,11,8
2014-02-12 15:00:00,41,25,16
2014-02-12 16:00:00,62,46,16
2014-02-12 17:00:00,82,64,18
2014-02-12 18:00:00,52,38,14
2014-02-12 19:00:00,7,5,2
2014-02-12 20:00:00,20,18,2
2014-02-12 21:00:00,9,6,3
2014-02-12 22:00:00,4,4,0
2014-02-12 23:00:00,4,3,1
2014-02-13 00:00:00,2,2,0
2014-02-13 01:00:00,2,1,1
2014-02-13 02:00:00,2,1,1
2014-02-13 03:00:00,0,0,0
2014-02-13 04:00:00,6,3,3
2014-02-13 05:00:00,12,2,10
2014-02-13 06:00:00,57,10,47
2014-02-13 07:00:00,61,11,50
2014-02-13 08:00:00,82,5,77
2014-02-13 09:00:00,33,3,30
2014-02-13 10:00:00,13,0,13
2014-02-13 11:00:00,20,4,16
2014-02-13 12:00:00,14,5,9
2014-02-13 13:00:00,18,7,11
2014-02-13 14:00:00,27,17,10
2014-02-13 15:00:00,33,22,11
2014-02-13 16:00:00,63,48,15
2014-02-13 17:00:00,98,88,10
2014-02-13 18:00:00,57,45,12
2014-02-13 19:00:00,17,14,3
2014-02-13 20:00:00,14,12,2
2014-02-13 21:00:00,9,6,3
2014-02-13 22:00:00,5,4,1
2014-02-13 23:00:00,3,2,1
2014-02-14 00:00:00,6,3,3
2014-02-14 01:00:00,3,2,1
2014-02-14 02:00:00,0,0,0
2014-02-14 03:00:00,3,2,1
2014-02-14 04:00:00,5,0,5
2014-02-14 05:00:00,10,2,8
2014-02-14 06:00:00,40,9,31
2014-02-14 07:00:00,51,8,43
2014-02-14 08:00:00,48,3,45
2014-02-14 09:00:00,17,2,15
2014-02-14 10:00:00,10,1,9
2014-02-14 11:00:00,3,2,1
2014-02-14 12:00:00,6,4,2
2014-02-14 13:00:00,9,5,4
2014-02-14 14:00:00,15,7,8
2014-02-14 15:00:00,27,17,10
2014-02-14 16:00:00,55,42,13
2014-02-14 17:00:00,50,40,10
2014-02-14 18:00:00,34,30,4
2014-02-14 19:00:00,10,6,4
2014-02-14 20:00:00,8,7,1
2014-02-14 21:00:00,2,2,0
2014-02-14 22:00:00,3,2,1
2014-02-14 23:00:00,2,2,0
2014-02-15 00:00:00,2,1,1
2014-02-15 01:00:00,1,1,0
2014-02-15 02:00:00,1,1,0
2014-02-15 03:00:00,4,4,0
2014-02-15 04:00:00,1,0,1
2014-02-15 05:00:00,3,1,2
2014-02-15 06:00:00,6,3,3
2014-02-15 07:00:00,6,2,4
2014-02-15 08:00:00,18,4,14
2014-02-15 09:00:00,25,6,19
2014-02-15 10:00:00,27,11,16
2014-02-15 11:00:00,27,18,9
2014-02-15 12:00:00,14,8,6
2014-02-15 13:00:00,12,8,4
2014-02-15 14:00:00,3,1,2
2014-02-15 15:00:00,5,5,0
2014-02-15 16:00:00,4,1,3
2014-02-15 17:00:00,16,11,5
2014-02-15 18:00:00,3,3,0
2014-02-15 19:00:00,5,3,2
2014-02-15 20:00:00,3,2,1
2014-02-15 21:00:00,2,2,0
2014-02-15 22:00:00,1,1,0
2014-02-15 23:00:00,1,1,0
2014-02-16 00:00:00,2,1,1
2014-02-16 01:00:00,0,0,0
2014-02-16 02:00:00,0,0,0
2014-02-16 03:00:00,1,0,1
2014-02-16 04:00:00,1,0,1
2014-02-16 05:00:00,0,0,0
2014-02-16 06:00:00,2,1,1
2014-02-16 07:00:00,3,0,3
2014-02-16 08:00:00,5,1,4
2014-02-16 09:00:00,11,2,9
2014-02-16 10:00:00,11,6,5
2014-02-16 11:00:00,8,5,3
2014-02-16 12:00:00,5,1,4
2014-02-16 13:00:00,9,7,2
2014-02-16 14:00:00,11,1,10
2014-02-16 15:00:00,5,2,3
2014-02-16 16:00:00,4,2,2
2014-02-16 17:00:00,8,6,2
2014-02-16 18:00:00,3,2,1
2014-02-16 19:00:00,1,0,1
2014-02-16 20:00:00,1,1,0
2014-02-16 21:00:00,1,1,0
2014-02-16 22:00:00,1,1,0
2014-02-16 23:00:00,0,0,0
2014-02-17 00:00:00,0,0,0
2014-02-17 01:00:00,1,0,1
2014-02-17 02:00:00,0,0,0
2014-02-17 03:00:00,4,3,1
2014-02-17 04:00:00,2,0,2
2014-02-17 05:00:00,4,2,2
2014-02-17 06:00:00,10,3,7
2014-02-17 07:00:00,13,1,12
2014-02-17 08:00:00,21,3,18
2014-02-17 09:00:00,23,1,22
2014-02-17 10:00:00,12,4,8
2014-02-17 11:00:00,5,1,4
2014-02-17 12:00:00,13,3,10
2014-02-17 13:00:00,8,5,3
2014-02-17 14:00:00,8,5,3
2014-02-17 15:00:00,16,9,7
2014-02-17 16:00:00,24,16,8
2014-02-17 17:00:00,26,18,8
2014-02-17 18:00:00,25,23,2
2014-02-17 19:00:00,11,8,3
2014-02-17 20:00:00,5,3,2
2014-02-17 21:00:00,4,3,1
2014-02-17 22:00:00,6,5,1
2014-02-17 23:00:00,1,0,1
2014-02-18 00:00:00,0,0,0
2014-02-18 01:00:00,0,0,0
2014-02-18 02:00:00,0,0,0
2014-02-18 03:00:00,3,2,1
2014-02-18 04:00:00,3,1,2
2014-02-18 05:00:00,19,4,15
2014-02-18 06:00:00,37,4,33
2014-02-18 07:00:00,59,8,51
2014-02-18 08:00:00,56,4,52
2014-02-18 09:00:00,23,2,21
2014-02-18 10:00:00,4,0,4
2014-02-18 11:00:00,4,2,2
2014-02-18 12:00:00,5,1,4
2014-02-18 13:00:00,4,3,1
2014-02-18 14:00:00,8,4,4
2014-02-18 15:00:00,19,15,4
2014-02-18 16:00:00,47,36,11
2014-02-18 17:00:00,73,64,9
2014-02-18 18:00:00,32,28,4
2014-02-18 19:00:00,11,10,1
2014-02-18 20:00:00,9,8,1
2014-02-18 21:00:00,5,3,2
2014-02-18 22:00:00,4,4,0
2014-02-18 23:00:00,1,1,0
2014-02-19 00:00:00,1,1,0
2014-02-19 01:00:00,0,0,0
2014-02-19 02:00:00,0,0,0
2014-02-19 03:00:00,3,2,1
2014-02-19 04:00:00,2,0,2
2014-02-19 05:00:00,13,3,10
2014-02-19 06:00:00,40,9,31
2014-02-19 07:00:00,71,8,63
2014-02-19 08:00:00,71,6,65
2014-02-19 09:00:00,40,6,34
2014-02-19 10:00:00,15,2,13
2014-02-19 11:00:00,10,1,9
2014-02-19 12:00:00,14,7,7
2014-02-19 13:00:00,11,4,7
2014-02-19 14:00:00,28,19,9
2014-02-19 15:00:00,35,24,11
2014-02-19 16:00:00,48,31,17
2014-02-19 17:00:00,89,78,11
2014-02-19 18:00:00,53,47,6
2014-02-19 19:00:00,29,23,6
2014-02-19 20:00:00,14,10,4
2014-02-19 21:00:00,3,3,0
2014-02-19 22:00:00,4,4,0
2014-02-19 23:00:00,4,4,0
2014-02-20 00:00:00,1,1,0
2014-02-20 01:00:00,1,0,1
2014-02-20 02:00:00,4,2,2
2014-02-20 03:00:00,1,1,0
2014-02-20 04:00:00,3,0,3
2014-02-20 05:00:00,7,2,5
2014-02-20 06:00:00,41,6,35
2014-02-20 07:00:00,64,8,56
2014-02-20 08:00:00,67,7,60
2014-02-20 09:00:00,22,3,19
2014-02-20 10:00:00,11,3,8
2014-02-20 11:00:00,11,2,9
2014-02-20 12:00:00,10,6,4
2014-02-20 13:00:00,15,5,10
2014-02-20 14:00:00,21,8,13
2014-02-20 15:00:00,36,30,6
2014-02-20 16:00:00,44,33,11
2014-02-20 17:00:00,85,71,14
2014-02-20 18:00:00,48,39,9
2014-02-20 19:00:00,21,18,3
2014-02-20 20:00:00,14,7,7
2014-02-20 21:00:00,7,4,3
2014-02-20 22:00:00,7,7,0
2014-02-20 23:00:00,8,4,4
2014-02-21 00:00:00,2,2,0
2014-02-21 01:00:00,0,0,0
2014-02-21 02:00:00,1,1,0
2014-02-21 03:00:00,2,1,1
2014-02-21 04:00:00,6,1,5
2014-02-21 05:00:00,13,1,12
2014-02-21 06:00:00,33,6,27
2014-02-21 07:00:00,57,6,51
2014-02-21 08:00:00,53,5,48
2014-02-21 09:00:00,40,6,34
2014-02-21 10:00:00,9,1,8
2014-02-21 11:00:00,10,2,8
2014-02-21 12:00:00,4,4,0
2014-02-21 13:00:00,7,6,1
2014-02-21 14:00:00,19,8,11
2014-02-21 15:00:00,29,23,6
2014-02-21 16:00:00,44,35,9
2014-02-21 17:00:00,74,62,12
2014-02-21 18:00:00,41,34,7
2014-02-21 19:00:00,12,10,2
2014-02-21 20:00:00,7,5,2
2014-02-21 21:00:00,3,3,0
2014-02-21 22:00:00,7,4,3
2014-02-21 23:00:00,3,2,1
2014-02-22 00:00:00,1,0,1
2014-02-22 01:00:00,3,2,1
2014-02-22 02:00:00,1,0,1
2014-02-22 03:00:00,2,2,0
2014-02-22 04:00:00,0,0,0
2014-02-22 05:00:00,0,0,0
2014-02-22 06:00:00,3,0,3
2014-02-22 07:00:00,7,4,3
2014-02-22 08:00:00,14,2,12
2014-02-22 09:00:00,7,2,5
2014-02-22 10:00:00,14,7,7
2014-02-22 11:00:00,15,13,2
2014-02-22 12:00:00,15,6,9
2014-02-22 13:00:00,16,7,9
2014-02-22 14:00:00,14,7,7
2014-02-22 15:00:00,13,6,7
2014-02-22 16:00:00,10,5,5
2014-02-22 17:00:00,15,9,6
2014-02-22 18:00:00,9,6,3
2014-02-22 19:00:00,1,1,0
2014-02-22 20:00:00,1,1,0
2014-02-22 21:00:00,0,0,0
2014-02-22 22:00:00,4,3,1
2014-02-22 23:00:00,3,1,2
2014-02-23 00:00:00,1,0,1
2014-02-23 01:00:00,1,0,1
2014-02-23 02:00:00,0,0,0
2014-02-23 03:00:00,0,0,0
2014-02-23 04:00:00,0,0,0
2014-02-23 05:00:00,2,2,0
2014-02-23 06:00:00,6,0,6
2014-02-23 07:00:00,29,1,28
2014-02-23 08:00:00,18,2,16
2014-02-23 09:00:00,15,4,11
2014-02-23 10:00:00,14,11,3
2014-02-23 11:00:00,28,11,17
2014-02-23 12:00:00,22,17,5
2014-02-23 13:00:00,29,18,11
2014-02-23 14:00:00,12,9,3
2014-02-23 15:00:00,17,14,3
2014-02-23 16:00:00,9,5,4
2014-02-23 17:00:00,4,2,2
2014-02-23 18:00:00,7,3,4
2014-02-23 19:00:00,0,0,0
2014-02-23 20:00:00,1,1,0
2014-02-23 21:00:00,1,1,0
2014-02-23 22:00:00,2,0,2
2014-02-23 23:00:00,1,0,1
2014-02-24 00:00:00,1,1,0
2014-02-24 01:00:00,0,0,0
2014-02-24 02:00:00,1,0,1
2014-02-24 03:00:00,2,1,1
2014-02-24 04:00:00,2,0,2
2014-02-24 05:00:00,20,5,15
2014-02-24 06:00:00,40,9,31
2014-02-24 07:00:00,69,9,60
2014-02-24 08:00:00,56,7,49
2014-02-24 09:00:00,22,3,19
2014-02-24 10:00:00,6,0,6
2014-02-24 11:00:00,5,1,4
2014-02-24 12:00:00,3,1,2
2014-02-24 13:00:00,7,2,5
2014-02-24 14:00:00,8,5,3
2014-02-24 15:00:00,26,21,5
2014-02-24 16:00:00,41,29,12
2014-02-24 17:00:00,81,67,14
2014-02-24 18:00:00,47,42,5
2014-02-24 19:00:00,13,11,2
2014-02-24 20:00:00,8,7,1
2014-02-24 21:00:00,5,3,2
2014-02-24 22:00:00,2,2,0
2014-02-24 23:00:00,0,0,0
2014-02-25 00:00:00,1,1,0
2014-02-25 01:00:00,3,2,1
2014-02-25 02:00:00,1,0,1
2014-02-25 03:00:00,3,2,1
2014-02-25 04:00:00,0,0,0
2014-02-25 05:00:00,25,5,20
2014-02-25 06:00:00,44,6,38
2014-02-25 07:00:00,87,14,73
2014-02-25 08:00:00,92,8,84
2014-02-25 09:00:00,34,4,30
2014-02-25 10:00:00,18,6,12
2014-02-25 11:00:00,13,3,10
2014-02-25 12:00:00,18,7,11
2014-02-25 13:00:00,14,4,10
2014-02-25 14:00:00,35,20,15
2014-02-25 15:00:00,43,28,15
2014-02-25 16:00:00,68,46,22
2014-02-25 17:00:00,110,91,19
2014-02-25 18:00:00,68,55,13
2014-02-25 19:00:00,22,18,4
2014-02-25 20:00:00,16,16,0
2014-02-25 21:00:00,9,8,1
2014-02-25 22:00:00,2,2,0
2014-02-25 23:00:00,5,3,2
2014-02-26 00:00:00,3,2,1
2014-02-26 01:00:00,0,0,0
2014-02-26 02:00:00,2,1,1
2014-02-26 03:00:00,2,1,1
2014-02-26 04:00:00,3,0,3
2014-02-26 05:00:00,21,3,18
2014-02-26 06:00:00,64,11,53
2014-02-26 07:00:00,98,17,81
2014-02-26 08:00:00,80,9,71
2014-02-26 09:00:00,51,3,48
2014-02-26 10:00:00,17,5,12
2014-02-26 11:00:00,15,3,12
2014-02-26 12:00:00,23,11,12
2014-02-26 13:00:00,20,10,10
2014-02-26 14:00:00,25,14,11
2014-02-26 15:00:00,39,27,12
2014-02-26 16:00:00,86,54,32
2014-02-26 17:00:00,141,114,27
2014-02-26 18:00:00,76,61,15
2014-02-26 19:00:00,32,27,5
2014-02-26 20:00:00,25,17,8
2014-02-26 21:00:00,6,4,2
2014-02-26 22:00:00,6,5,1
2014-02-26 23:00:00,5,4,1
2014-02-27 00:00:00,1,1,0
2014-02-27 01:00:00,1,1,0
2014-02-27 02:00:00,0,0,0
2014-02-27 03:00:00,1,1,0
2014-02-27 04:00:00,3,1,2
2014-02-27 05:00:00,16,5,11
2014-02-27 06:00:00,42,6,36
2014-02-27 07:00:00,97,15,82
2014-02-27 08:00:00,87,10,77
2014-02-27 09:00:00,50,8,42
2014-02-27 10:00:00,21,5,16
2014-02-27 11:00:00,18,4,14
2014-02-27 12:00:00,22,12,10
2014-02-27 13:00:00,16,12,4
2014-02-27 14:00:00,34,22,12
2014-02-27 15:00:00,37,21,16
2014-02-27 16:00:00,66,46,20
2014-02-27 17:00:00,109,90,19
2014-02-27 18:00:00,70,60,10
2014-02-27 19:00:00,25,21,4
2014-02-27 20:00:00,21,15,6
2014-02-27 21:00:00,7,6,1
2014-02-27 22:00:00,9,7,2
2014-02-27 23:00:00,6,4,2
2014-02-28 00:00:00,3,2,1
2014-02-28 01:00:00,2,1,1
2014-02-28 02:00:00,2,1,1
2014-02-28 03:00:00,5,3,2
2014-02-28 04:00:00,5,0,5
2014-02-28 05:00:00,17,3,14
2014-02-28 06:00:00,38,7,31
2014-02-28 07:00:00,92,13,79
2014-02-28 08:00:00,83,10,73
2014-02-28 09:00:00,31,2,29
2014-02-28 10:00:00,25,4,21
2014-02-28 11:00:00,22,8,14
2014-02-28 12:00:00,19,11,8
2014-02-28 13:00:00,28,13,15
2014-02-28 14:00:00,38,21,17
2014-02-28 15:00:00,47,29,18
2014-02-28 16:00:00,67,48,19
2014-02-28 17:00:00,99,81,18
2014-02-28 18:00:00,54,39,15
2014-02-28 19:00:00,24,17,7
2014-02-28 20:00:00,11,8,3
2014-02-28 21:00:00,5,5,0
2014-02-28 22:00:00,4,4,0
2014-02-28 23:00:00,6,2,4
2014-03-01 00:00:00,3,1,2
2014-03-01 01:00:00,2,1,1
2014-03-01 02:00:00,2,1,1
2014-03-01 03:00:00,1,1,0
2014-03-01 04:00:00,3,2,1
2014-03-01 05:00:00,4,1,3
2014-03-01 06:00:00,5,1,4
2014-03-01 07:00:00,5,0,5
2014-03-01 08:00:00,20,3,17
2014-03-01 09:00:00,32,14,18
2014-03-01 10:00:00,29,9,20
2014-03-01 11:00:00,38,22,16
2014-03-01 12:00:00,39,21,18
2014-03-01 13:00:00,33,20,13
2014-03-01 14:00:00,8,5,3
2014-03-01 15:00:00,14,8,6
2014-03-01 16:00:00,11,9,2
2014-03-01 17:00:00,14,13,1
2014-03-01 18:00:00,9,5,4
2014-03-01 19:00:00,5,4,1
2014-03-01 20:00:00,4,2,2
2014-03-01 21:00:00,1,1,0
2014-03-01 22:00:00,2,1,1
2014-03-01 23:00:00,3,1,2
2014-03-02 00:00:00,2,1,1
2014-03-02 01:00:00,3,3,0
2014-03-02 02:00:00,2,0,2
2014-03-02 03:00:00,2,1,1
2014-03-02 04:00:00,2,0,2
2014-03-02 05:00:00,2,1,1
2014-03-02 06:00:00,2,1,1
2014-03-02 07:00:00,3,0,3
2014-03-02 08:00:00,3,1,2
2014-03-02 09:00:00,9,4,5
2014-03-02 10:00:00,16,4,12
2014-03-02 11:00:00,7,3,4
2014-03-02 12:00:00,5,3,2
2014-03-02 13:00:00,4,3,1
2014-03-02 14:00:00,5,4,1
2014-03-02 15:00:00,12,9,3
2014-03-02 16:00:00,7,6,1
2014-03-02 17:00:00,4,3,1
2014-03-02 18:00:00,2,0,2
2014-03-02 19:00:00,0,0,0
2014-03-02 20:00:00,1,1,0
2014-03-02 21:00:00,1,0,1
2014-03-02 22:00:00,1,1,0
2014-03-02 23:00:00,0,0,0
2014-03-03 00:00:00,0,0,0
2014-03-03 01:00:00,0,0,0
2014-03-03 02:00:00,0,0,0
2014-03-03 03:00:00,2,1,1
2014-03-03 04:00:00,3,1,2
2014-03-03 05:00:00,13,3,10
2014-03-03 06:00:00,34,3,31
2014-03-03 07:00:00,60,6,54
2014-03-03 08:00:00,48,2,46
2014-03-03 09:00:00,16,2,14
2014-03-03 10:00:00,4,0,4
2014-03-03 11:00:00,4,1,3
2014-03-03 12:00:00,9,3,6
2014-03-03 13:00:00,10,3,7
2014-03-03 14:00:00,14,8,6
2014-03-03 15:00:00,36,28,8
2014-03-03 16:00:00,51,31,20
2014-03-03 17:00:00,79,68,11
2014-03-03 18:00:00,38,33,5
2014-03-03 19:00:00,27,21,6
2014-03-03 20:00:00,7,6,1
2014-03-03 21:00:00,4,3,1
2014-03-03 22:00:00,3,1,2
2014-03-03 23:00:00,1,1,0
2014-03-04 00:00:00,2,1,1
2014-03-04 01:00:00,2,1,1
2014-03-04 02:00:00,1,0,1
2014-03-04 03:00:00,2,0,2
2014-03-04 04:00:00,1,1,0
2014-03-04 05:00:00,16,3,13
2014-03-04 06:00:00,48,6,42
2014-03-04 07:00:00,70,13,57
2014-03-04 08:00:00,56,5,51
2014-03-04 09:00:00,29,1,28
2014-03-04 10:00:00,6,2,4
2014-03-04 11:00:00,5,0,5
2014-03-04 12:00:00,7,4,3
2014-03-04 13:00:00,10,6,4
2014-03-04 14:00:00,8,6,2
2014-03-04 15:00:00,20,11,9
2014-03-04 16:00:00,38,27,11
2014-03-04 17:00:00,89,72,17
2014-03-04 18:00:00,34,31,3
2014-03-04 19:00:00,21,19,2
2014-03-04 20:00:00,8,6,2
2014-03-04 21:00:00,3,3,0
2014-03-04 22:00:00,1,0,1
2014-03-04 23:00:00,5,5,0
2014-03-05 00:00:00,2,2,0
2014-03-05 01:00:00,1,0,1
2014-03-05 02:00:00,1,1,0
2014-03-05 03:00:00,1,0,1
2014-03-05 04:00:00,2,0,2
2014-03-05 05:00:00,9,1,8
2014-03-05 06:00:00,33,5,28
2014-03-05 07:00:00,59,8,51
2014-03-05 08:00:00,63,8,55
2014-03-05 09:00:00,18,1,17
2014-03-05 10:00:00,16,5,11
2014-03-05 11:00:00,6,1,5
2014-03-05 12:00:00,16,5,11
2014-03-05 13:00:00,12,3,9
2014-03-05 14:00:00,19,11,8
2014-03-05 15:00:00,23,18,5
2014-03-05 16:00:00,36,25,11
2014-03-05 17:00:00,53,45,8
2014-03-05 18:00:00,49,44,5
2014-03-05 19:00:00,16,13,3
2014-03-05 20:00:00,14,11,3
2014-03-05 21:00:00,9,8,1
2014-03-05 22:00:00,4,3,1
2014-03-05 23:00:00,4,2,2
2014-03-06 00:00:00,1,1,0
2014-03-06 01:00:00,0,0,0
2014-03-06 02:00:00,2,1,1
2014-03-06 03:00:00,1,0,1
2014-03-06 04:00:00,2,0,2
2014-03-06 05:00:00,11,2,9
2014-03-06 06:00:00,34,6,28
2014-03-06 07:00:00,56,5,51
2014-03-06 08:00:00,66,6,60
2014-03-06 09:00:00,28,3,25
2014-03-06 10:00:00,7,2,5
2014-03-06 11:00:00,5,2,3
2014-03-06 12:00:00,12,6,6
2014-03-06 13:00:00,10,1,9
2014-03-06 14:00:00,10,2,8
2014-03-06 15:00:00,24,19,5
2014-03-06 16:00:00,43,29,14
2014-03-06 17:00:00,62,54,8
2014-03-06 18:00:00,56,44,12
2014-03-06 19:00:00,20,16,4
2014-03-06 20:00:00,12,9,3
2014-03-06 21:00:00,9,4,5
2014-03-06 22:00:00,5,4,1
2014-03-06 23:00:00,3,3,0
2014-03-07 00:00:00,7,5,2
2014-03-07 01:00:00,1,1,0
2014-03-07 02:00:00,3,2,1
2014-03-07 03:00:00,2,1,1
2014-03-07 04:00:00,4,0,4
2014-03-07 05:00:00,14,2,12
2014-03-07 06:00:00,45,8,37
2014-03-07 07:00:00,93,18,75
2014-03-07 08:00:00,67,3,64
2014-03-07 09:00:00,33,8,25
2014-03-07 10:00:00,28,7,21
2014-03-07 11:00:00,14,3,11
2014-03-07 12:00:00,17,6,11
2014-03-07 13:00:00,33,13,20
2014-03-07 14:00:00,26,15,11
2014-03-07 15:00:00,54,39,15
2014-03-07 16:00:00,69,50,19
2014-03-07 17:00:00,100,85,15
2014-03-07 18:00:00,64,50,14
2014-03-07 19:00:00,19,13,6
2014-03-07 20:00:00,14,10,4
2014-03-07 21:00:00,5,5,0
2014-03-07 22:00:00,3,2,1
2014-03-07 23:00:00,5,2,3
2014-03-08 00:00:00,3,3,0
2014-03-08 01:00:00,0,0,0
2014-03-08 02:00:00,1,1,0
2014-03-08 03:00:00,6,2,4
2014-03-08 04:00:00,3,1,2
2014-03-08 05:00:00,2,0,2
2014-03-08 06:00:00,9,2,7
2014-03-08 07:00:00,10,4,6
2014-03-08 08:00:00,29,9,20
2014-03-08 09:00:00,33,19,14
2014-03-08 10:00:00,31,15,16
2014-03-08 11:00:00,24,12,12
2014-03-08 12:00:00,12,5,7
2014-03-08 13:00:00,12,7,5
2014-03-08 14:00:00,6,3,3
2014-03-08 15:00:00,10,6,4
2014-03-08 16:00:00,5,1,4
2014-03-08 17:00:00,3,3,0
2014-03-08 18:00:00,2,2,0
2014-03-08 19:00:00,3,1,2
2014-03-08 20:00:00,0,0,0
2014-03-08 21:00:00,1,1,0
2014-03-08 22:00:00,0,0,0
2014-03-08 23:00:00,1,0,1
2014-03-09 00:00:00,2,2,0
2014-03-09 01:00:00,0,0,0
2014-03-09 02:00:00,0,0,0
2014-03-09 03:00:00,2,2,0
2014-03-09 04:00:00,1,0,1
2014-03-09 05:00:00,2,1,1
2014-03-09 06:00:00,1,1,0
2014-03-09 07:00:00,0,0,0
2014-03-09 08:00:00,1,0,1
2014-03-09 09:00:00,6,2,4
2014-03-09 10:00:00,12,4,8
2014-03-09 11:00:00,17,10,7
2014-03-09 12:00:00,31,18,13
2014-03-09 13:00:00,40,16,24
2014-03-09 14:00:00,43,20,23
2014-03-09 15:00:00,54,40,14
2014-03-09 16:00:00,40,16,24
2014-03-09 17:00:00,13,5,8
2014-03-09 18:00:00,13,3,10
2014-03-09 19:00:00,6,2,4
2014-03-09 20:00:00,3,0,3
2014-03-09 21:00:00,2,2,0
2014-03-09 22:00:00,3,2,1
2014-03-09 23:00:00,0,0,0
2014-03-10 00:00:00,1,1,0
2014-03-10 01:00:00,0,0,0
2014-03-10 02:00:00,0,0,0
2014-03-10 03:00:00,3,2,1
2014-03-10 04:00:00,3,1,2
2014-03-10 05:00:00,9,4,5
2014-03-10 06:00:00,42,6,36
2014-03-10 07:00:00,62,11,51
2014-03-10 08:00:00,55,9,46
2014-03-10 09:00:00,32,2,30
2014-03-10 10:00:00,10,0,10
2014-03-10 11:00:00,7,2,5
2014-03-10 12:00:00,6,0,6
2014-03-10 13:00:00,8,4,4
2014-03-10 14:00:00,14,7,7
2014-03-10 15:00:00,23,14,9
2014-03-10 16:00:00,65,44,21
2014-03-10 17:00:00,63,54,9
2014-03-10 18:00:00,54,47,7
2014-03-10 19:00:00,22,20,2
2014-03-10 20:00:00,5,4,1
2014-03-10 21:00:00,3,3,0
2014-03-10 22:00:00,6,5,1
2014-03-10 23:00:00,2,2,0
2014-03-11 00:00:00,1,1,0
2014-03-11 01:00:00,0,0,0
2014-03-11 02:00:00,1,1,0
2014-03-11 03:00:00,1,1,0
2014-03-11 04:00:00,2,0,2
2014-03-11 05:00:00,18,4,14
2014-03-11 06:00:00,56,10,46
2014-03-11 07:00:00,107,17,90
2014-03-11 08:00:00,94,11,83
2014-03-11 09:00:00,52,10,42
2014-03-11 10:00:00,16,4,12
2014-03-11 11:00:00,22,8,14
2014-03-11 12:00:00,25,15,10
2014-03-11 13:00:00,33,14,19
2014-03-11 14:00:00,31,20,11
2014-03-11 15:00:00,71,51,20
2014-03-11 16:00:00,84,55,29
2014-03-11 17:00:00,146,120,26
2014-03-11 18:00:00,101,83,18
2014-03-11 19:00:00,35,29,6
2014-03-11 20:00:00,12,10,2
2014-03-11 21:00:00,17,11,6
2014-03-11 22:00:00,9,7,2
2014-03-11 23:00:00,0,0,0
2014-03-12 00:00:00,6,4,2
2014-03-12 01:00:00,2,0,2
2014-03-12 02:00:00,1,1,0
2014-03-12 03:00:00,2,1,1
2014-03-12 04:00:00,4,0,4
2014-03-12 05:00:00,19,5,14
2014-03-12 06:00:00,62,12,50
2014-03-12 07:00:00,108,17,91
2014-03-12 08:00:00,120,11,109
2014-03-12 09:00:00,55,6,49
2014-03-12 10:00:00,30,6,24
2014-03-12 11:00:00,19,11,8
2014-03-12 12:00:00,21,8,13
2014-03-12 13:00:00,39,25,14
2014-03-12 14:00:00,47,29,18
2014-03-12 15:00:00,54,38,16
2014-03-12 16:00:00,95,63,32
2014-03-12 17:00:00,141,116,25
2014-03-12 18:00:00,134,108,26
2014-03-12 19:00:00,40,35,5
2014-03-12 20:00:00,22,14,8
2014-03-12 21:00:00,9,4,5
2014-03-12 22:00:00,10,10,0
2014-03-12 23:00:00,7,2,5
2014-03-13 00:00:00,0,0,0
2014-03-13 01:00:00,1,1,0
2014-03-13 02:00:00,1,1,0
2014-03-13 03:00:00,3,2,1
2014-03-13 04:00:00,5,0,5
2014-03-13 05:00:00,21,4,17
2014-03-13 06:00:00,61,7,54
2014-03-13 07:00:00,114,12,102
2014-03-13 08:00:00,83,9,74
2014-03-13 09:00:00,50,9,41
2014-03-13 10:00:00,21,2,19
2014-03-13 11:00:00,17,5,12
2014-03-13 12:00:00,26,15,11
2014-03-13 13:00:00,25,12,13
2014-03-13 14:00:00,30,16,14
2014-03-13 15:00:00,47,31,16
2014-03-13 16:00:00,68,51,17
2014-03-13 17:00:00,127,105,22
2014-03-13 18:00:00,95,75,20
2014-03-13 19:00:00,104,93,11
2014-03-13 20:00:00,24,11,13
2014-03-13 21:00:00,15,6,9
2014-03-13 22:00:00,13,7,6
2014-03-13 23:00:00,10,4,6
2014-03-14 00:00:00,15,4,11
2014-03-14 01:00:00,9,1,8
2014-03-14 02:00:00,0,0,0
2014-03-14 03:00:00,1,0,1
2014-03-14 04:00:00,4,0,4
2014-03-14 05:00:00,12,1,11
2014-03-14 06:00:00,30,5,25
2014-03-14 07:00:00,53,9,44
2014-03-14 08:00:00,64,5,59
2014-03-14 09:00:00,18,1,17
2014-03-14 10:00:00,13,1,12
2014-03-14 11:00:00,10,4,6
2014-03-14 12:00:00,18,9,9
2014-03-14 13:00:00,15,6,9
2014-03-14 14:00:00,20,12,8
2014-03-14 15:00:00,24,20,4
2014-03-14 16:00:00,53,37,16
2014-03-14 17:00:00,52,45,7
2014-03-14 18:00:00,53,44,9
2014-03-14 19:00:00,15,9,6
2014-03-14 20:00:00,11,8,3
2014-03-14 21:00:00,3,3,0
2014-03-14 22:00:00,4,2,2
2014-03-14 23:00:00,5,2,3
2014-03-15 00:00:00,1,1,0
2014-03-15 01:00:00,5,3,2
2014-03-15 02:00:00,3,3,0
2014-03-15 03:00:00,4,2,2
2014-03-15 04:00:00,0,0,0
2014-03-15 05:00:00,2,0,2
2014-03-15 06:00:00,2,0,2
2014-03-15 07:00:00,1,1,0
2014-03-15 08:00:00,26,13,13
2014-03-15 09:00:00,16,6,10
2014-03-15 10:00:00,19,8,11
2014-03-15 11:00:00,24,19,5
2014-03-15 12:00:00,35,12,23
2014-03-15 13:00:00,35,15,20
2014-03-15 14:00:00,28,10,18
2014-03-15 15:00:00,29,15,14
2014-03-15 16:00:00,20,14,6
2014-03-15 17:00:00,19,12,7
2014-03-15 18:00:00,11,7,4
2014-03-15 19:00:00,1,1,0
2014-03-15 20:00:00,5,3,2
2014-03-15 21:00:00,4,1,3
2014-03-15 22:00:00,0,0,0
2014-03-15 23:00:00,2,1,1
2014-03-16 00:00:00,2,1,1
2014-03-16 01:00:00,1,1,0
2014-03-16 02:00:00,1,1,0
2014-03-16 03:00:00,0,0,0
2014-03-16 04:00:00,0,0,0
2014-03-16 05:00:00,3,2,1
2014-03-16 06:00:00,3,1,2
2014-03-16 07:00:00,4,2,2
2014-03-16 08:00:00,1,0,1
2014-03-16 09:00:00,3,0,3
2014-03-16 10:00:00,9,0,9
2014-03-16 11:00:00,3,3,0
2014-03-16 12:00:00,9,3,6
2014-03-16 13:00:00,5,1,4
2014-03-16 14:00:00,6,4,2
2014-03-16 15:00:00,8,4,4
2014-03-16 16:00:00,5,5,0
2014-03-16 17:00:00,3,3,0
2014-03-16 18:00:00,2,0,2
2014-03-16 19:00:00,4,2,2
2014-03-16 20:00:00,1,1,0
2014-03-16 21:00:00,0,0,0
2014-03-16 22:00:00,0,0,0
2014-03-16 23:00:00,2,2,0
2014-03-17 00:00:00,1,0,1
2014-03-17 01:00:00,0,0,0
2014-03-17 02:00:00,0,0,0
2014-03-17 03:00:00,1,0,1
2014-03-17 04:00:00,2,1,1
2014-03-17 05:00:00,15,3,12
2014-03-17 06:00:00,54,7,47
2014-03-17 07:00:00,86,12,74
2014-03-17 08:00:00,86,8,78
2014-03-17 09:00:00,48,8,40
2014-03-17 10:00:00,18,6,12
2014-03-17 11:00:00,15,7,8
2014-03-17 12:00:00,11,4,7
2014-03-17 13:00:00,21,9,12
2014-03-17 14:00:00,26,15,11
2014-03-17 15:00:00,54,40,14
2014-03-17 16:00:00,81,53,28
2014-03-17 17:00:00,116,100,16
2014-03-17 18:00:00,89,74,15
2014-03-17 19:00:00,26,19,7
2014-03-17 20:00:00,14,11,3
2014-03-17 21:00:00,11,8,3
2014-03-17 22:00:00,3,3,0
2014-03-17 23:00:00,3,2,1
2014-03-18 00:00:00,1,1,0
2014-03-18 01:00:00,0,0,0
2014-03-18 02:00:00,0,0,0
2014-03-18 03:00:00,2,1,1
2014-03-18 04:00:00,0,0,0
2014-03-18 05:00:00,22,5,17
2014-03-18 06:00:00,63,14,49
2014-03-18 07:00:00,93,11,82
2014-03-18 08:00:00,102,20,82
2014-03-18 09:00:00,47,8,39
2014-03-18 10:00:00,20,3,17
2014-03-18 11:00:00,24,11,13
2014-03-18 12:00:00,21,3,18
2014-03-18 13:00:00,17,8,9
2014-03-18 14:00:00,24,16,8
2014-03-18 15:00:00,42,28,14
2014-03-18 16:00:00,59,44,15
2014-03-18 17:00:00,115,99,16
2014-03-18 18:00:00,72,62,10
2014-03-18 19:00:00,28,25,3
2014-03-18 20:00:00,14,13,1
2014-03-18 21:00:00,5,5,0
2014-03-18 22:00:00,5,4,1
2014-03-18 23:00:00,4,4,0
2014-03-19 00:00:00,5,3,2
2014-03-19 01:00:00,0,0,0
2014-03-19 02:00:00,3,2,1
2014-03-19 03:00:00,3,3,0
2014-03-19 04:00:00,5,1,4
2014-03-19 05:00:00,15,4,11
2014-03-19 06:00:00,47,6,41
2014-03-19 07:00:00,72,11,61
2014-03-19 08:00:00,83,7,76
2014-03-19 09:00:00,33,3,30
2014-03-19 10:00:00,13,4,9
2014-03-19 11:00:00,13,3,10
2014-03-19 12:00:00,10,2,8
2014-03-19 13:00:00,19,6,13
2014-03-19 14:00:00,17,10,7
2014-03-19 15:00:00,39,29,10
2014-03-19 16:00:00,62,50,12
2014-03-19 17:00:00,75,59,16
2014-03-19 18:00:00,64,54,10
2014-03-19 19:00:00,23,21,2
2014-03-19 20:00:00,12,10,2
2014-03-19 21:00:00,13,11,2
2014-03-19 22:00:00,4,2,2
2014-03-19 23:00:00,5,2,3
2014-03-20 00:00:00,3,3,0
2014-03-20 01:00:00,1,1,0
2014-03-20 02:00:00,2,1,1
2014-03-20 03:00:00,2,0,2
2014-03-20 04:00:00,3,1,2
2014-03-20 05:00:00,18,2,16
2014-03-20 06:00:00,59,10,49
2014-03-20 07:00:00,74,8,66
2014-03-20 08:00:00,92,8,84
2014-03-20 09:00:00,39,4,35
2014-03-20 10:00:00,14,4,10
2014-03-20 11:00:00,19,7,12
2014-03-20 12:00:00,24,10,14
2014-03-20 13:00:00,19,9,10
2014-03-20 14:00:00,25,18,7
2014-03-20 15:00:00,47,32,15
2014-03-20 16:00:00,64,43,21
2014-03-20 17:00:00,105,92,13
2014-03-20 18:00:00,62,45,17
2014-03-20 19:00:00,35,29,6
2014-03-20 20:00:00,19,16,3
2014-03-20 21:00:00,9,4,5
2014-03-20 22:00:00,5,4,1
2014-03-20 23:00:00,5,5,0
2014-03-21 00:00:00,0,0,0
2014-03-21 01:00:00,0,0,0
2014-03-21 02:00:00,2,2,0
2014-03-21 03:00:00,4,3,1
2014-03-21 04:00:00,4,0,4
2014-03-21 05:00:00,11,1,10
2014-03-21 06:00:00,42,10,32
2014-03-21 07:00:00,81,8,73
2014-03-21 08:00:00,86,14,72
2014-03-21 09:00:00,51,8,43
2014-03-21 10:00:00,28,9,19
2014-03-21 11:00:00,24,10,14
2014-03-21 12:00:00,26,13,13
2014-03-21 13:00:00,34,18,16
2014-03-21 14:00:00,41,27,14
2014-03-21 15:00:00,45,31,14
2014-03-21 16:00:00,75,56,19
2014-03-21 17:00:00,94,69,25
2014-03-21 18:00:00,76,63,13
2014-03-21 19:00:00,22,14,8
2014-03-21 20:00:00,10,7,3
2014-03-21 21:00:00,3,1,2
2014-03-21 22:00:00,0,0,0
2014-03-21 23:00:00,5,1,4
2014-03-22 00:00:00,3,1,2
2014-03-22 01:00:00,3,2,1
2014-03-22 02:00:00,1,1,0
2014-03-22 03:00:00,1,0,1
2014-03-22 04:00:00,0,0,0
2014-03-22 05:00:00,2,0,2
2014-03-22 06:00:00,3,0,3
2014-03-22 07:00:00,11,1,10
2014-03-22 08:00:00,23,7,16
2014-03-22 09:00:00,35,14,21
2014-03-22 10:00:00,70,37,33
2014-03-22 11:00:00,59,32,27
2014-03-22 12:00:00,52,27,25
2014-03-22 13:00:00,46,24,22
2014-03-22 14:00:00,53,19,34
2014-03-22 15:00:00,50,31,19
2014-03-22 16:00:00,44,21,23
2014-03-22 17:00:00,42,16,26
2014-03-22 18:00:00,19,13,6
2014-03-22 19:00:00,10,8,2
2014-03-22 20:00:00,6,4,2
2014-03-22 21:00:00,3,1,2
2014-03-22 22:00:00,11,8,3
2014-03-22 23:00:00,5,3,2
2014-03-23 00:00:00,4,4,0
2014-03-23 01:00:00,0,0,0
2014-03-23 02:00:00,1,1,0
2014-03-23 03:00:00,1,0,1
2014-03-23 04:00:00,0,0,0
2014-03-23 05:00:00,2,1,1
2014-03-23 06:00:00,4,1,3
2014-03-23 07:00:00,7,2,5
2014-03-23 08:00:00,16,3,13
2014-03-23 09:00:00,44,25,19
2014-03-23 10:00:00,45,25,20
2014-03-23 11:00:00,64,32,32
2014-03-23 12:00:00,58,37,21
2014-03-23 13:00:00,71,30,41
2014-03-23 14:00:00,81,35,46
2014-03-23 15:00:00,79,42,37
2014-03-23 16:00:00,68,37,31
2014-03-23 17:00:00,55,16,39
2014-03-23 18:00:00,19,10,9
2014-03-23 19:00:00,16,10,6
2014-03-23 20:00:00,11,8,3
2014-03-23 21:00:00,6,5,1
2014-03-23 22:00:00,3,0,3
2014-03-23 23:00:00,1,1,0
2014-03-24 00:00:00,2,2,0
2014-03-24 01:00:00,1,0,1
2014-03-24 02:00:00,0,0,0
2014-03-24 03:00:00,1,0,1
2014-03-24 04:00:00,5,0,5
2014-03-24 05:00:00,22,4,18
2014-03-24 06:00:00,66,12,54
2014-03-24 07:00:00,111,10,101
2014-03-24 08:00:00,105,10,95
2014-03-24 09:00:00,54,5,49
2014-03-24 10:00:00,26,13,13
2014-03-24 11:00:00,17,8,9
2014-03-24 12:00:00,20,8,12
2014-03-24 13:00:00,42,19,23
2014-03-24 14:00:00,40,24,16
2014-03-24 15:00:00,83,56,27
2014-03-24 16:00:00,117,92,25
2014-03-24 17:00:00,164,129,35
2014-03-24 18:00:00,102,78,24
2014-03-24 19:00:00,49,33,16
2014-03-24 20:00:00,21,12,9
2014-03-24 21:00:00,11,8,3
2014-03-24 22:00:00,8,6,2
2014-03-24 23:00:00,6,4,2
2014-03-25 00:00:00,5,4,1
2014-03-25 01:00:00,0,0,0
2014-03-25 02:00:00,1,1,0
2014-03-25 03:00:00,1,1,0
2014-03-25 04:00:00,4,1,3
2014-03-25 05:00:00,24,6,18
2014-03-25 06:00:00,54,11,43
2014-03-25 07:00:00,91,21,70
2014-03-25 08:00:00,71,10,61
2014-03-25 09:00:00,34,3,31
2014-03-25 10:00:00,6,2,4
2014-03-25 11:00:00,6,3,3
2014-03-25 12:00:00,13,8,5
2014-03-25 13:00:00,8,3,5
2014-03-25 14:00:00,13,8,5
2014-03-25 15:00:00,29,18,11
2014-03-25 16:00:00,47,40,7
2014-03-25 17:00:00,65,61,4
2014-03-25 18:00:00,55,47,8
2014-03-25 19:00:00,19,17,2
2014-03-25 20:00:00,12,9,3
2014-03-25 21:00:00,7,5,2
2014-03-25 22:00:00,2,1,1
2014-03-25 23:00:00,0,0,0
2014-03-26 00:00:00,1,0,1
2014-03-26 01:00:00,0,0,0
2014-03-26 02:00:00,2,1,1
2014-03-26 03:00:00,3,1,2
2014-03-26 04:00:00,3,1,2
2014-03-26 05:00:00,18,4,14
2014-03-26 06:00:00,44,6,38
2014-03-26 07:00:00,72,15,57
2014-03-26 08:00:00,79,5,74
2014-03-26 09:00:00,31,5,26
2014-03-26 10:00:00,13,3,10
2014-03-26 11:00:00,13,4,9
2014-03-26 12:00:00,9,4,5
2014-03-26 13:00:00,18,6,12
2014-03-26 14:00:00,11,8,3
2014-03-26 15:00:00,32,27,5
2014-03-26 16:00:00,49,34,15
2014-03-26 17:00:00,87,78,9
2014-03-26 18:00:00,52,44,8
2014-03-26 19:00:00,16,15,1
2014-03-26 20:00:00,13,9,4
2014-03-26 21:00:00,6,6,0
2014-03-26 22:00:00,4,4,0
2014-03-26 23:00:00,4,3,1
2014-03-27 00:00:00,2,1,1
2014-03-27 01:00:00,3,0,3
2014-03-27 02:00:00,1,0,1
2014-03-27 03:00:00,2,0,2
2014-03-27 04:00:00,2,1,1
2014-03-27 05:00:00,16,2,14
2014-03-27 06:00:00,51,9,42
2014-03-27 07:00:00,76,10,66
2014-03-27 08:00:00,68,4,64
2014-03-27 09:00:00,33,8,25
2014-03-27 10:00:00,10,2,8
2014-03-27 11:00:00,7,2,5
2014-03-27 12:00:00,21,10,11
2014-03-27 13:00:00,13,6,7
2014-03-27 14:00:00,24,12,12
2014-03-27 15:00:00,39,25,14
2014-03-27 16:00:00,57,46,11
2014-03-27 17:00:00,92,70,22
2014-03-27 18:00:00,77,64,13
2014-03-27 19:00:00,24,17,7
2014-03-27 20:00:00,12,8,4
2014-03-27 21:00:00,12,8,4
2014-03-27 22:00:00,5,2,3
2014-03-27 23:00:00,4,3,1
2014-03-28 00:00:00,2,1,1
2014-03-28 01:00:00,1,1,0
2014-03-28 02:00:00,2,1,1
2014-03-28 03:00:00,2,1,1
2014-03-28 04:00:00,3,0,3
2014-03-28 05:00:00,15,2,13
2014-03-28 06:00:00,25,5,20
2014-03-28 07:00:00,43,4,39
2014-03-28 08:00:00,47,3,44
2014-03-28 09:00:00,18,5,13
2014-03-28 10:00:00,10,2,8
2014-03-28 11:00:00,8,3,5
2014-03-28 12:00:00,6,2,4
2014-03-28 13:00:00,6,4,2
2014-03-28 14:00:00,16,12,4
2014-03-28 15:00:00,14,8,6
2014-03-28 16:00:00,39,34,5
2014-03-28 17:00:00,46,41,5
2014-03-28 18:00:00,30,25,5
2014-03-28 19:00:00,16,15,1
2014-03-28 20:00:00,7,5,2
2014-03-28 21:00:00,3,2,1
2014-03-28 22:00:00,2,1,1
2014-03-28 23:00:00,4,3,1
2014-03-29 00:00:00,0,0,0
2014-03-29 01:00:00,2,2,0
2014-03-29 02:00:00,1,0,1
2014-03-29 03:00:00,1,1,0
2014-03-29 04:00:00,1,0,1
2014-03-29 05:00:00,3,0,3
2014-03-29 06:00:00,1,0,1
2014-03-29 07:00:00,5,1,4
2014-03-29 08:00:00,7,3,4
2014-03-29 09:00:00,7,2,5
2014-03-29 10:00:00,6,0,6
2014-03-29 11:00:00,6,3,3
2014-03-29 12:00:00,8,4,4
2014-03-29 13:00:00,13,11,2
2014-03-29 14:00:00,13,6,7
2014-03-29 15:00:00,12,5,7
2014-03-29 16:00:00,4,1,3
2014-03-29 17:00:00,8,4,4
2014-03-29 18:00:00,8,4,4
2014-03-29 19:00:00,5,1,4
2014-03-29 20:00:00,3,3,0
2014-03-29 21:00:00,1,0,1
2014-03-29 22:00:00,2,0,2
2014-03-29 23:00:00,0,0,0
2014-03-30 00:00:00,0,0,0
2014-03-30 01:00:00,3,3,0
2014-03-30 02:00:00,0,0,0
2014-03-30 03:00:00,0,0,0
2014-03-30 04:00:00,2,1,1
2014-03-30 05:00:00,0,0,0
2014-03-30 06:00:00,9,2,7
2014-03-30 07:00:00,6,1,5
2014-03-30 08:00:00,7,4,3
2014-03-30 09:00:00,22,10,12
2014-03-30 10:00:00,14,3,11
2014-03-30 11:00:00,30,16,14
2014-03-30 12:00:00,32,11,21
2014-03-30 13:00:00,33,20,13
2014-03-30 14:00:00,39,28,11
2014-03-30 15:00:00,37,14,23
2014-03-30 16:00:00,32,15,17
2014-03-30 17:00:00,20,14,6
2014-03-30 18:00:00,13,4,9
2014-03-30 19:00:00,10,3,7
2014-03-30 20:00:00,5,3,2
2014-03-30 21:00:00,1,0,1
2014-03-30 22:00:00,3,1,2
2014-03-30 23:00:00,6,2,4
2014-03-31 00:00:00,1,1,0
2014-03-31 01:00:00,0,0,0
2014-03-31 02:00:00,2,0,2
2014-03-31 03:00:00,2,0,2
2014-03-31 04:00:00,5,2,3
2014-03-31 05:00:00,20,1,19
2014-03-31 06:00:00,67,14,53
2014-03-31 07:00:00,101,12,89
2014-03-31 08:00:00,112,8,104
2014-03-31 09:00:00,58,10,48
2014-03-31 10:00:00,26,4,22
2014-03-31 11:00:00,24,8,16
2014-03-31 12:00:00,24,8,16
2014-03-31 13:00:00,29,16,13
2014-03-31 14:00:00,31,17,14
2014-03-31 15:00:00,60,37,23
2014-03-31 16:00:00,87,61,26
2014-03-31 17:00:00,158,134,24
2014-03-31 18:00:00,120,95,25
2014-03-31 19:00:00,47,33,14
2014-03-31 20:00:00,15,12,3
2014-03-31 21:00:00,9,8,1
2014-03-31 22:00:00,10,6,4
2014-03-31 23:00:00,2,2,0
2014-04-01 00:00:00,3,3,0
2014-04-01 01:00:00,0,0,0
2014-04-01 02:00:00,0,0,0
2014-04-01 03:00:00,0,0,0
2014-04-01 04:00:00,3,0,3
2014-04-01 05:00:00,28,6,22
2014-04-01 06:00:00,66,10,56
2014-04-01 07:00:00,123,20,103
2014-04-01 08:00:00,122,14,108
2014-04-01 09:00:00,53,10,43
2014-04-01 10:00:00,28,5,23
2014-04-01 11:00:00,17,9,8
2014-04-01 12:00:00,24,9,15
2014-04-01 13:00:00,24,8,16
2014-04-01 14:00:00,35,23,12
2014-04-01 15:00:00,52,33,19
2014-04-01 16:00:00,98,74,24
2014-04-01 17:00:00,155,129,26
2014-04-01 18:00:00,113,90,23
2014-04-01 19:00:00,44,35,9
2014-04-01 20:00:00,26,14,12
2014-04-01 21:00:00,12,10,2
2014-04-01 22:00:00,9,6,3
2014-04-01 23:00:00,5,5,0
2014-04-02 00:00:00,2,2,0
2014-04-02 01:00:00,2,1,1
2014-04-02 02:00:00,1,0,1
2014-04-02 03:00:00,2,1,1
2014-04-02 04:00:00,4,0,4
2014-04-02 05:00:00,22,4,18
2014-04-02 06:00:00,66,14,52
2014-04-02 07:00:00,101,17,84
2014-04-02 08:00:00,113,10,103
2014-04-02 09:00:00,39,1,38
2014-04-02 10:00:00,25,6,19
2014-04-02 11:00:00,14,6,8
2014-04-02 12:00:00,24,11,13
2014-04-02 13:00:00,29,14,15
2014-04-02 14:00:00,34,16,18
2014-04-02 15:00:00,51,29,22
2014-04-02 16:00:00,82,57,25
2014-04-02 17:00:00,146,126,20
2014-04-02 18:00:00,97,76,21
2014-04-02 19:00:00,42,31,11
2014-04-02 20:00:00,26,17,9
2014-04-02 21:00:00,16,15,1
2014-04-02 22:00:00,5,5,0
2014-04-02 23:00:00,4,3,1
2014-04-03 00:00:00,3,2,1
2014-04-03 01:00:00,3,3,0
2014-04-03 02:00:00,2,1,1
2014-04-03 03:00:00,4,2,2
2014-04-03 04:00:00,6,2,4
2014-04-03 05:00:00,24,3,21
2014-04-03 06:00:00,52,12,40
2014-04-03 07:00:00,88,10,78
2014-04-03 08:00:00,100,15,85
2014-04-03 09:00:00,37,7,30
2014-04-03 10:00:00,14,1,13
2014-04-03 11:00:00,10,4,6
2014-04-03 12:00:00,14,8,6
2014-04-03 13:00:00,25,10,15
2014-04-03 14:00:00,30,13,17
2014-04-03 15:00:00,22,16,6
2014-04-03 16:00:00,54,39,15
2014-04-03 17:00:00,86,74,12
2014-04-03 18:00:00,57,50,7
2014-04-03 19:00:00,20,17,3
2014-04-03 20:00:00,9,6,3
2014-04-03 21:00:00,6,4,2
2014-04-03 22:00:00,6,4,2
2014-04-03 23:00:00,3,3,0
2014-04-04 00:00:00,2,2,0
2014-04-04 01:00:00,0,0,0
2014-04-04 02:00:00,0,0,0
2014-04-04 03:00:00,2,0,2
2014-04-04 04:00:00,3,0,3
2014-04-04 05:00:00,15,2,13
2014-04-04 06:00:00,39,7,32
2014-04-04 07:00:00,78,10,68
2014-04-04 08:00:00,74,5,69
2014-04-04 09:00:00,35,4,31
2014-04-04 10:00:00,15,5,10
2014-04-04 11:00:00,12,5,7
2014-04-04 12:00:00,18,5,13
2014-04-04 13:00:00,13,8,5
2014-04-04 14:00:00,27,21,6
2014-04-04 15:00:00,39,21,18
2014-04-04 16:00:00,75,53,22
2014-04-04 17:00:00,93,77,16
2014-04-04 18:00:00,68,57,11
2014-04-04 19:00:00,22,15,7
2014-04-04 20:00:00,17,14,3
2014-04-04 21:00:00,3,3,0
2014-04-04 22:00:00,7,5,2
2014-04-04 23:00:00,5,3,2
2014-04-05 00:00:00,3,2,1
2014-04-05 01:00:00,2,1,1
2014-04-05 02:00:00,3,3,0
2014-04-05 03:00:00,1,1,0
2014-04-05 04:00:00,2,1,1
2014-04-05 05:00:00,4,1,3
2014-04-05 06:00:00,4,2,2
2014-04-05 07:00:00,4,1,3
2014-04-05 08:00:00,22,10,12
2014-04-05 09:00:00,26,8,18
2014-04-05 10:00:00,16,3,13
2014-04-05 11:00:00,38,24,14
2014-04-05 12:00:00,27,17,10
2014-04-05 13:00:00,27,17,10
2014-04-05 14:00:00,29,10,19
2014-04-05 15:00:00,9,5,4
2014-04-05 16:00:00,16,6,10
2014-04-05 17:00:00,12,7,5
2014-04-05 18:00:00,7,6,1
2014-04-05 19:00:00,7,5,2
2014-04-05 20:00:00,5,2,3
2014-04-05 21:00:00,5,4,1
2014-04-05 22:00:00,3,1,2
2014-04-05 23:00:00,3,0,3
2014-04-06 00:00:00,3,3,0
2014-04-06 01:00:00,2,1,1
2014-04-06 02:00:00,3,3,0
2014-04-06 03:00:00,2,0,2
2014-04-06 04:00:00,0,0,0
2014-04-06 05:00:00,3,2,1
2014-04-06 06:00:00,3,1,2
2014-04-06 07:00:00,9,3,6
2014-04-06 08:00:00,16,9,7
2014-04-06 09:00:00,33,13,20
2014-04-06 10:00:00,26,9,17
2014-04-06 11:00:00,50,27,23
2014-04-06 12:00:00,62,34,28
2014-04-06 13:00:00,52,19,33
2014-04-06 14:00:00,41,18,23
2014-04-06 15:00:00,47,24,23
2014-04-06 16:00:00,51,21,30
2014-04-06 17:00:00,21,18,3
2014-04-06 18:00:00,26,15,11
2014-04-06 19:00:00,9,6,3
2014-04-06 20:00:00,4,4,0
2014-04-06 21:00:00,3,0,3
2014-04-06 22:00:00,4,2,2
2014-04-06 23:00:00,0,0,0
2014-04-07 00:00:00,2,2,0
2014-04-07 01:00:00,1,0,1
2014-04-07 02:00:00,1,0,1
2014-04-07 03:00:00,1,0,1
2014-04-07 04:00:00,4,1,3
2014-04-07 05:00:00,17,2,15
2014-04-07 06:00:00,74,14,60
2014-04-07 07:00:00,139,21,118
2014-04-07 08:00:00,126,16,110
2014-04-07 09:00:00,73,11,62
2014-04-07 10:00:00,24,6,18
2014-04-07 11:00:00,39,18,21
2014-04-07 12:00:00,47,16,31
2014-04-07 13:00:00,39,18,21
2014-04-07 14:00:00,58,37,21
2014-04-07 15:00:00,80,49,31
2014-04-07 16:00:00,134,94,40
2014-04-07 17:00:00,204,159,45
2014-04-07 18:00:00,142,113,29
2014-04-07 19:00:00,49,35,14
2014-04-07 20:00:00,20,15,5
2014-04-07 21:00:00,20,10,10
2014-04-07 22:00:00,12,10,2
2014-04-07 23:00:00,2,2,0
2014-04-08 00:00:00,4,3,1
2014-04-08 01:00:00,2,2,0
2014-04-08 02:00:00,3,2,1
2014-04-08 03:00:00,0,0,0
2014-04-08 04:00:00,3,1,2
2014-04-08 05:00:00,20,6,14
2014-04-08 06:00:00,48,12,36
2014-04-08 07:00:00,109,12,97
2014-04-08 08:00:00,102,9,93
2014-04-08 09:00:00,39,7,32
2014-04-08 10:00:00,17,1,16
2014-04-08 11:00:00,15,6,9
2014-04-08 12:00:00,13,8,5
2014-04-08 13:00:00,16,9,7
2014-04-08 14:00:00,20,13,7
2014-04-08 15:00:00,39,27,12
2014-04-08 16:00:00,53,38,15
2014-04-08 17:00:00,87,70,17
2014-04-08 18:00:00,65,58,7
2014-04-08 19:00:00,27,24,3
2014-04-08 20:00:00,12,10,2
2014-04-08 21:00:00,11,10,1
2014-04-08 22:00:00,5,4,1
2014-04-08 23:00:00,4,4,0
2014-04-09 00:00:00,2,2,0
2014-04-09 01:00:00,1,1,0
2014-04-09 02:00:00,1,1,0
2014-04-09 03:00:00,0,0,0
2014-04-09 04:00:00,4,0,4
2014-04-09 05:00:00,17,3,14
2014-04-09 06:00:00,69,18,51
2014-04-09 07:00:00,102,22,80
2014-04-09 08:00:00,112,13,99
2014-04-09 09:00:00,48,7,41
2014-04-09 10:00:00,27,13,14
2014-04-09 11:00:00,25,5,20
2014-04-09 12:00:00,26,10,16
2014-04-09 13:00:00,27,11,16
2014-04-09 14:00:00,33,20,13
2014-04-09 15:00:00,52,31,21
2014-04-09 16:00:00,88,66,22
2014-04-09 17:00:00,138,120,18
2014-04-09 18:00:00,104,83,21
2014-04-09 19:00:00,36,31,5
2014-04-09 20:00:00,25,20,5
2014-04-09 21:00:00,13,10,3
2014-04-09 22:00:00,8,7,1
2014-04-09 23:00:00,4,3,1
2014-04-10 00:00:00,6,4,2
2014-04-10 01:00:00,0,0,0
2014-04-10 02:00:00,2,1,1
2014-04-10 03:00:00,2,0,2
2014-04-10 04:00:00,3,0,3
2014-04-10 05:00:00,21,4,17
2014-04-10 06:00:00,67,13,54
2014-04-10 07:00:00,137,21,116
2014-04-10 08:00:00,107,7,100
2014-04-10 09:00:00,53,6,47
2014-04-10 10:00:00,25,6,19
2014-04-10 11:00:00,18,7,11
2014-04-10 12:00:00,31,19,12
2014-04-10 13:00:00,50,21,29
2014-04-10 14:00:00,31,21,10
2014-04-10 15:00:00,45,28,17
2014-04-10 16:00:00,92,64,28
2014-04-10 17:00:00,163,138,25
2014-04-10 18:00:00,107,87,20
2014-04-10 19:00:00,56,45,11
2014-04-10 20:00:00,25,9,16
2014-04-10 21:00:00,9,5,4
2014-04-10 22:00:00,5,2,3
2014-04-10 23:00:00,13,11,2
2014-04-11 00:00:00,1,0,1
2014-04-11 01:00:00,1,1,0
2014-04-11 02:00:00,3,1,2
2014-04-11 03:00:00,4,2,2
2014-04-11 04:00:00,6,1,5
2014-04-11 05:00:00,28,4,24
2014-04-11 06:00:00,63,12,51
2014-04-11 07:00:00,90,14,76
2014-04-11 08:00:00,115,12,103
2014-04-11 09:00:00,43,10,33
2014-04-11 10:00:00,23,5,18
2014-04-11 11:00:00,19,12,7
2014-04-11 12:00:00,25,12,13
2014-04-11 13:00:00,30,19,11
2014-04-11 14:00:00,37,16,21
2014-04-11 15:00:00,46,34,12
2014-04-11 16:00:00,100,68,32
2014-04-11 17:00:00,141,106,35
2014-04-11 18:00:00,94,73,21
2014-04-11 19:00:00,40,35,5
2014-04-11 20:00:00,15,10,5
2014-04-11 21:00:00,1,0,1
2014-04-11 22:00:00,7,6,1
2014-04-11 23:00:00,6,3,3
2014-04-12 00:00:00,1,1,0
2014-04-12 01:00:00,3,3,0
2014-04-12 02:00:00,4,4,0
2014-04-12 03:00:00,0,0,0
2014-04-12 04:00:00,0,0,0
2014-04-12 05:00:00,1,0,1
2014-04-12 06:00:00,8,5,3
2014-04-12 07:00:00,9,2,7
2014-04-12 08:00:00,22,6,16
2014-04-12 09:00:00,48,19,29
2014-04-12 10:00:00,22,10,12
2014-04-12 11:00:00,57,26,31
2014-04-12 12:00:00,58,32,26
2014-04-12 13:00:00,70,42,28
2014-04-12 14:00:00,57,29,28
2014-04-12 15:00:00,61,29,32
2014-04-12 16:00:00,58,31,27
2014-04-12 17:00:00,54,29,25
2014-04-12 18:00:00,41,22,19
2014-04-12 19:00:00,24,11,13
2014-04-12 20:00:00,10,6,4
2014-04-12 21:00:00,10,4,6
2014-04-12 22:00:00,6,5,1
2014-04-12 23:00:00,7,3,4
2014-04-13 00:00:00,4,1,3
2014-04-13 01:00:00,1,1,0
2014-04-13 02:00:00,7,2,5
2014-04-13 03:00:00,1,1,0
2014-04-13 04:00:00,0,0,0
2014-04-13 05:00:00,0,0,0
2014-04-13 06:00:00,8,3,5
2014-04-13 07:00:00,10,2,8
2014-04-13 08:00:00,15,5,10
2014-04-13 09:00:00,61,24,37
2014-04-13 10:00:00,69,23,46
2014-04-13 11:00:00,94,59,35
2014-04-13 12:00:00,110,62,48
2014-04-13 13:00:00,90,50,40
2014-04-13 14:00:00,107,58,49
2014-04-13 15:00:00,103,49,54
2014-04-13 16:00:00,72,38,34
2014-04-13 17:00:00,53,25,28
2014-04-13 18:00:00,42,18,24
2014-04-13 19:00:00,27,17,10
2014-04-13 20:00:00,9,5,4
2014-04-13 21:00:00,8,4,4
2014-04-13 22:00:00,3,1,2
2014-04-13 23:00:00,4,2,2
2014-04-14 00:00:00,2,2,0
2014-04-14 01:00:00,1,0,1
2014-04-14 02:00:00,1,1,0
2014-04-14 03:00:00,2,2,0
2014-04-14 04:00:00,4,0,4
2014-04-14 05:00:00,19,4,15
2014-04-14 06:00:00,75,18,57
2014-04-14 07:00:00,121,17,104
2014-04-14 08:00:00,108,9,99
2014-04-14 09:00:00,59,7,52
2014-04-14 10:00:00,33,12,21
2014-04-14 11:00:00,29,13,16
2014-04-14 12:00:00,31,17,14
2014-04-14 13:00:00,33,13,20
2014-04-14 14:00:00,48,29,19
2014-04-14 15:00:00,57,39,18
2014-04-14 16:00:00,82,61,21
2014-04-14 17:00:00,162,133,29
2014-04-14 18:00:00,101,88,13
2014-04-14 19:00:00,56,37,19
2014-04-14 20:00:00,23,14,9
2014-04-14 21:00:00,10,6,4
2014-04-14 22:00:00,4,3,1
2014-04-14 23:00:00,2,0,2
2014-04-15 00:00:00,0,0,0
2014-04-15 01:00:00,1,0,1
2014-04-15 02:00:00,0,0,0
2014-04-15 03:00:00,5,2,3
2014-04-15 04:00:00,4,1,3
2014-04-15 05:00:00,21,5,16
2014-04-15 06:00:00,57,8,49
2014-04-15 07:00:00,97,26,71
2014-04-15 08:00:00,105,13,92
2014-04-15 09:00:00,38,3,35
2014-04-15 10:00:00,16,2,14
2014-04-15 11:00:00,26,10,16
2014-04-15 12:00:00,15,7,8
2014-04-15 13:00:00,16,6,10
2014-04-15 14:00:00,24,16,8
2014-04-15 15:00:00,49,34,15
2014-04-15 16:00:00,73,51,22
2014-04-15 17:00:00,115,100,15
2014-04-15 18:00:00,79,63,16
2014-04-15 19:00:00,29,24,5
2014-04-15 20:00:00,16,9,7
2014-04-15 21:00:00,11,7,4
2014-04-15 22:00:00,10,7,3
2014-04-15 23:00:00,4,4,0
2014-04-16 00:00:00,2,2,0
2014-04-16 01:00:00,2,2,0
2014-04-16 02:00:00,2,0,2
2014-04-16 03:00:00,0,0,0
2014-04-16 04:00:00,3,0,3
2014-04-16 05:00:00,15,7,8
2014-04-16 06:00:00,31,8,23
2014-04-16 07:00:00,64,8,56
2014-04-16 08:00:00,72,4,68
2014-04-16 09:00:00,24,5,19
2014-04-16 10:00:00,12,1,11
2014-04-16 11:00:00,10,0,10
2014-04-16 12:00:00,6,2,4
2014-04-16 13:00:00,9,7,2
2014-04-16 14:00:00,12,9,3
2014-04-16 15:00:00,28,20,8
2014-04-16 16:00:00,41,30,11
2014-04-16 17:00:00,62,51,11
2014-04-16 18:00:00,44,39,5
2014-04-16 19:00:00,20,19,1
2014-04-16 20:00:00,9,7,2
2014-04-16 21:00:00,6,3,3
2014-04-16 22:00:00,5,3,2
2014-04-16 23:00:00,5,4,1
2014-04-17 00:00:00,1,1,0
2014-04-17 01:00:00,0,0,0
2014-04-17 02:00:00,3,1,2
2014-04-17 03:00:00,0,0,0
2014-04-17 04:00:00,3,0,3
2014-04-17 05:00:00,14,4,10
2014-04-17 06:00:00,41,9,32
2014-04-17 07:00:00,69,8,61
2014-04-17 08:00:00,62,7,55
2014-04-17 09:00:00,25,4,21
2014-04-17 10:00:00,7,1,6
2014-04-17 11:00:00,8,4,4
2014-04-17 12:00:00,7,5,2
2014-04-17 13:00:00,9,6,3
2014-04-17 14:00:00,9,7,2
2014-04-17 15:00:00,20,15,5
2014-04-17 16:00:00,36,26,10
2014-04-17 17:00:00,75,63,12
2014-04-17 18:00:00,48,39,9
2014-04-17 19:00:00,13,11,2
2014-04-17 20:00:00,5,2,3
2014-04-17 21:00:00,5,2,3
2014-04-17 22:00:00,4,2,2
2014-04-17 23:00:00,2,1,1
2014-04-18 00:00:00,0,0,0
2014-04-18 01:00:00,0,0,0
2014-04-18 02:00:00,1,1,0
2014-04-18 03:00:00,1,1,0
2014-04-18 04:00:00,4,1,3
2014-04-18 05:00:00,17,1,16
2014-04-18 06:00:00,47,12,35
2014-04-18 07:00:00,79,8,71
2014-04-18 08:00:00,76,6,70
2014-04-18 09:00:00,48,11,37
2014-04-18 10:00:00,29,6,23
2014-04-18 11:00:00,36,16,20
2014-04-18 12:00:00,29,23,6
2014-04-18 13:00:00,23,11,12
2014-04-18 14:00:00,34,14,20
2014-04-18 15:00:00,48,28,20
2014-04-18 16:00:00,79,54,25
2014-04-18 17:00:00,111,86,25
2014-04-18 18:00:00,73,55,18
2014-04-18 19:00:00,43,34,9
2014-04-18 20:00:00,16,10,6
2014-04-18 21:00:00,6,3,3
2014-04-18 22:00:00,6,4,2
2014-04-18 23:00:00,1,0,1
2014-04-19 00:00:00,6,5,1
2014-04-19 01:00:00,0,0,0
2014-04-19 02:00:00,1,1,0
2014-04-19 03:00:00,4,1,3
2014-04-19 04:00:00,0,0,0
2014-04-19 05:00:00,4,0,4
2014-04-19 06:00:00,7,3,4
2014-04-19 07:00:00,20,5,15
2014-04-19 08:00:00,29,13,16
2014-04-19 09:00:00,30,15,15
2014-04-19 10:00:00,71,51,20
2014-04-19 11:00:00,24,11,13
2014-04-19 12:00:00,12,8,4
2014-04-19 13:00:00,6,2,4
2014-04-19 14:00:00,7,5,2
2014-04-19 15:00:00,3,2,1
2014-04-19 16:00:00,3,0,3
2014-04-19 17:00:00,9,6,3
2014-04-19 18:00:00,6,5,1
2014-04-19 19:00:00,6,5,1
2014-04-19 20:00:00,3,3,0
2014-04-19 21:00:00,1,0,1
2014-04-19 22:00:00,3,2,1
2014-04-19 23:00:00,3,3,0
2014-04-20 00:00:00,2,0,2
2014-04-20 01:00:00,0,0,0
2014-04-20 02:00:00,0,0,0
2014-04-20 03:00:00,0,0,0
2014-04-20 04:00:00,1,0,1
2014-04-20 05:00:00,0,0,0
2014-04-20 06:00:00,4,2,2
2014-04-20 07:00:00,5,3,2
2014-04-20 08:00:00,16,8,8
2014-04-20 09:00:00,46,24,22
2014-04-20 10:00:00,31,14,17
2014-04-20 11:00:00,68,33,35
2014-04-20 12:00:00,59,26,33
2014-04-20 13:00:00,65,35,30
2014-04-20 14:00:00,42,28,14
2014-04-20 15:00:00,64,30,34
2014-04-20 16:00:00,42,29,13
2014-04-20 17:00:00,46,20,26
2014-04-20 18:00:00,20,7,13
2014-04-20 19:00:00,13,7,6
2014-04-20 20:00:00,3,0,3
2014-04-20 21:00:00,6,2,4
2014-04-20 22:00:00,6,3,3
2014-04-20 23:00:00,3,2,1
2014-04-21 00:00:00,0,0,0
2014-04-21 01:00:00,1,1,0
2014-04-21 02:00:00,1,0,1
2014-04-21 03:00:00,0,0,0
2014-04-21 04:00:00,1,0,1
2014-04-21 05:00:00,25,4,21
2014-04-21 06:00:00,70,12,58
2014-04-21 07:00:00,133,26,107
2014-04-21 08:00:00,95,13,82
2014-04-21 09:00:00,54,12,42
2014-04-21 10:00:00,24,10,14
2014-04-21 11:00:00,15,4,11
2014-04-21 12:00:00,12,6,6
2014-04-21 13:00:00,23,10,13
2014-04-21 14:00:00,25,15,10
2014-04-21 15:00:00,51,32,19
2014-04-21 16:00:00,85,57,28
2014-04-21 17:00:00,146,123,23
2014-04-21 18:00:00,84,76,8
2014-04-21 19:00:00,29,23,6
2014-04-21 20:00:00,14,12,2
2014-04-21 21:00:00,12,12,0
2014-04-21 22:00:00,6,4,2
2014-04-21 23:00:00,1,1,0
2014-04-22 00:00:00,0,0,0
2014-04-22 01:00:00,1,1,0
2014-04-22 02:00:00,0,0,0
2014-04-22 03:00:00,1,0,1
2014-04-22 04:00:00,1,0,1
2014-04-22 05:00:00,13,4,9
2014-04-22 06:00:00,45,5,40
2014-04-22 07:00:00,87,14,73
2014-04-22 08:00:00,58,4,54
2014-04-22 09:00:00,38,5,33
2014-04-22 10:00:00,16,2,14
2014-04-22 11:00:00,17,9,8
2014-04-22 12:00:00,19,6,13
2014-04-22 13:00:00,13,6,7
2014-04-22 14:00:00,17,13,4
2014-04-22 15:00:00,36,23,13
2014-04-22 16:00:00,60,45,15
2014-04-22 17:00:00,95,74,21
2014-04-22 18:00:00,64,52,12
2014-04-22 19:00:00,30,21,9
2014-04-22 20:00:00,8,5,3
2014-04-22 21:00:00,4,1,3
2014-04-22 22:00:00,2,2,0
2014-04-22 23:00:00,3,3,0
2014-04-23 00:00:00,2,2,0
2014-04-23 01:00:00,2,0,2
2014-04-23 02:00:00,2,2,0
2014-04-23 03:00:00,1,1,0
2014-04-23 04:00:00,2,1,1
2014-04-23 05:00:00,15,2,13
2014-04-23 06:00:00,60,9,51
2014-04-23 07:00:00,97,18,79
2014-04-23 08:00:00,99,10,89
2014-04-23 09:00:00,35,8,27
2014-04-23 10:00:00,16,3,13
2014-04-23 11:00:00,14,3,11
2014-04-23 12:00:00,16,6,10
2014-04-23 13:00:00,18,10,8
2014-04-23 14:00:00,24,16,8
2014-04-23 15:00:00,30,19,11
2014-04-23 16:00:00,77,57,20
2014-04-23 17:00:00,117,96,21
2014-04-23 18:00:00,58,48,10
2014-04-23 19:00:00,26,24,2
2014-04-23 20:00:00,16,13,3
2014-04-23 21:00:00,11,10,1
2014-04-23 22:00:00,5,5,0
2014-04-23 23:00:00,2,1,1
2014-04-24 00:00:00,2,2,0
2014-04-24 01:00:00,0,0,0
2014-04-24 02:00:00,0,0,0
2014-04-24 03:00:00,1,1,0
2014-04-24 04:00:00,1,0,1
2014-04-24 05:00:00,11,2,9
2014-04-24 06:00:00,53,9,44
2014-04-24 07:00:00,79,17,62
2014-04-24 08:00:00,92,13,79
2014-04-24 09:00:00,24,4,20
2014-04-24 10:00:00,14,1,13
2014-04-24 11:00:00,14,5,9
2014-04-24 12:00:00,15,12,3
2014-04-24 13:00:00,10,2,8
2014-04-24 14:00:00,17,10,7
2014-04-24 15:00:00,27,19,8
2014-04-24 16:00:00,63,44,19
2014-04-24 17:00:00,95,77,18
2014-04-24 18:00:00,83,64,19
2014-04-24 19:00:00,22,16,6
2014-04-24 20:00:00,16,12,4
2014-04-24 21:00:00,5,4,1
2014-04-24 22:00:00,7,3,4
2014-04-24 23:00:00,7,4,3
2014-04-25 00:00:00,3,2,1
2014-04-25 01:00:00,3,2,1
2014-04-25 02:00:00,0,0,0
2014-04-25 03:00:00,0,0,0
2014-04-25 04:00:00,5,2,3
2014-04-25 05:00:00,22,3,19
2014-04-25 06:00:00,60,9,51
2014-04-25 07:00:00,108,18,90
2014-04-25 08:00:00,104,10,94
2014-04-25 09:00:00,41,8,33
2014-04-25 10:00:00,25,4,21
2014-04-25 11:00:00,41,27,14
2014-04-25 12:00:00,25,10,15
2014-04-25 13:00:00,37,12,25
2014-04-25 14:00:00,48,28,20
2014-04-25 15:00:00,56,36,20
2014-04-25 16:00:00,85,71,14
2014-04-25 17:00:00,135,109,26
2014-04-25 18:00:00,81,69,12
2014-04-25 19:00:00,43,29,14
2014-04-25 20:00:00,20,13,7
2014-04-25 21:00:00,6,4,2
2014-04-25 22:00:00,8,6,2
2014-04-25 23:00:00,6,5,1
2014-04-26 00:00:00,1,1,0
2014-04-26 01:00:00,0,0,0
2014-04-26 02:00:00,2,1,1
2014-04-26 03:00:00,2,2,0
2014-04-26 04:00:00,0,0,0
2014-04-26 05:00:00,6,0,6
2014-04-26 06:00:00,6,3,3
2014-04-26 07:00:00,21,2,19
2014-04-26 08:00:00,36,9,27
2014-04-26 09:00:00,35,15,20
2014-04-26 10:00:00,60,30,30
2014-04-26 11:00:00,67,30,37
2014-04-26 12:00:00,79,38,41
2014-04-26 13:00:00,67,41,26
2014-04-26 14:00:00,72,35,37
2014-04-26 15:00:00,43,25,18
2014-04-26 16:00:00,47,31,16
2014-04-26 17:00:00,42,14,28
2014-04-26 18:00:00,20,9,11
2014-04-26 19:00:00,12,8,4
2014-04-26 20:00:00,11,9,2
2014-04-26 21:00:00,5,4,1
2014-04-26 22:00:00,5,4,1
2014-04-26 23:00:00,4,1,3
2014-04-27 00:00:00,1,1,0
2014-04-27 01:00:00,0,0,0
2014-04-27 02:00:00,2,1,1
2014-04-27 03:00:00,2,1,1
2014-04-27 04:00:00,1,1,0
2014-04-27 05:00:00,0,0,0
2014-04-27 06:00:00,6,1,5
2014-04-27 07:00:00,7,2,5
2014-04-27 08:00:00,13,2,11
2014-04-27 09:00:00,27,14,13
2014-04-27 10:00:00,25,8,17
2014-04-27 11:00:00,30,19,11
2014-04-27 12:00:00,18,7,11
2014-04-27 13:00:00,34,23,11
2014-04-27 14:00:00,25,8,17
2014-04-27 15:00:00,19,7,12
2014-04-27 16:00:00,19,11,8
2014-04-27 17:00:00,23,16,7
2014-04-27 18:00:00,11,5,6
2014-04-27 19:00:00,13,7,6
2014-04-27 20:00:00,3,0,3
2014-04-27 21:00:00,4,1,3
2014-04-27 22:00:00,3,1,2
2014-04-27 23:00:00,4,4,0
2014-04-28 00:00:00,0,0,0
2014-04-28 01:00:00,2,0,2
2014-04-28 02:00:00,2,1,1
2014-04-28 03:00:00,3,3,0
2014-04-28 04:00:00,3,1,2
2014-04-28 05:00:00,25,2,23
2014-04-28 06:00:00,71,13,58
2014-04-28 07:00:00,134,19,115
2014-04-28 08:00:00,130,11,119
2014-04-28 09:00:00,63,10,53
2014-04-28 10:00:00,22,6,16
2014-04-28 11:00:00,15,3,12
2014-04-28 12:00:00,26,12,14
2014-04-28 13:00:00,22,10,12
2014-04-28 14:00:00,40,29,11
2014-04-28 15:00:00,63,44,19
2014-04-28 16:00:00,99,71,28
2014-04-28 17:00:00,191,153,38
2014-04-28 18:00:00,126,104,22
2014-04-28 19:00:00,50,37,13
2014-04-28 20:00:00,18,15,3
2014-04-28 21:00:00,16,13,3
2014-04-28 22:00:00,9,4,5
2014-04-28 23:00:00,2,1,1
2014-04-29 00:00:00,5,3,2
2014-04-29 01:00:00,1,0,1
2014-04-29 02:00:00,2,1,1
2014-04-29 03:00:00,0,0,0
2014-04-29 04:00:00,2,1,1
2014-04-29 05:00:00,29,5,24
2014-04-29 06:00:00,92,9,83
2014-04-29 07:00:00,175,30,145
2014-04-29 08:00:00,133,18,115
2014-04-29 09:00:00,72,12,60
2014-04-29 10:00:00,31,7,24
2014-04-29 11:00:00,21,9,12
2014-04-29 12:00:00,37,20,17
2014-04-29 13:00:00,33,15,18
2014-04-29 14:00:00,34,14,20
2014-04-29 15:00:00,72,52,20
2014-04-29 16:00:00,114,86,28
2014-04-29 17:00:00,241,192,49
2014-04-29 18:00:00,147,113,34
2014-04-29 19:00:00,71,53,18
2014-04-29 20:00:00,41,20,21
2014-04-29 21:00:00,11,3,8
2014-04-29 22:00:00,6,6,0
2014-04-29 23:00:00,1,1,0
2014-04-30 00:00:00,4,2,2
2014-04-30 01:00:00,4,2,2
2014-04-30 02:00:00,2,0,2
2014-04-30 03:00:00,1,1,0
2014-04-30 04:00:00,5,1,4
2014-04-30 05:00:00,28,4,24
2014-04-30 06:00:00,118,22,96
2014-04-30 07:00:00,185,30,155
2014-04-30 08:00:00,146,15,131
2014-04-30 09:00:00,62,7,55
2014-04-30 10:00:00,37,8,29
2014-04-30 11:00:00,27,11,16
2014-04-30 12:00:00,37,15,22
2014-04-30 13:00:00,31,12,19
2014-04-30 14:00:00,78,42,36
2014-04-30 15:00:00,79,52,27
2014-04-30 16:00:00,159,115,44
2014-04-30 17:00:00,209,176,33
2014-04-30 18:00:00,158,128,30
2014-04-30 19:00:00,81,52,29
2014-04-30 20:00:00,49,28,21
2014-04-30 21:00:00,11,9,2
2014-04-30 22:00:00,20,14,6
2014-04-30 23:00:00,5,4,1
2014-05-01 00:00:00,6,5,1
2014-05-01 01:00:00,1,1,0
2014-05-01 02:00:00,0,0,0
2014-05-01 03:00:00,1,1,0
2014-05-01 04:00:00,5,1,4
2014-05-01 05:00:00,33,5,28
2014-05-01 06:00:00,128,22,106
2014-05-01 07:00:00,211,33,178
2014-05-01 08:00:00,194,12,182
2014-05-01 09:00:00,99,8,91
2014-05-01 10:00:00,39,7,32
2014-05-01 11:00:00,31,15,16
2014-05-01 12:00:00,41,18,23
2014-05-01 13:00:00,59,33,26
2014-05-01 14:00:00,67,39,28
2014-05-01 15:00:00,88,57,31
2014-05-01 16:00:00,180,140,40
2014-05-01 17:00:00,245,212,33
2014-05-01 18:00:00,176,138,38
2014-05-01 19:00:00,79,55,24
2014-05-01 20:00:00,45,27,18
2014-05-01 21:00:00,26,17,9
2014-05-01 22:00:00,11,8,3
2014-05-01 23:00:00,7,3,4
2014-05-02 00:00:00,4,3,1
2014-05-02 01:00:00,6,6,0
2014-05-02 02:00:00,1,1,0
2014-05-02 03:00:00,4,1,3
2014-05-02 04:00:00,6,0,6
2014-05-02 05:00:00,26,2,24
2014-05-02 06:00:00,87,17,70
2014-05-02 07:00:00,189,29,160
2014-05-02 08:00:00,160,15,145
2014-05-02 09:00:00,75,13,62
2014-05-02 10:00:00,33,8,25
2014-05-02 11:00:00,29,13,16
2014-05-02 12:00:00,37,21,16
2014-05-02 13:00:00,38,16,22
2014-05-02 14:00:00,45,28,17
2014-05-02 15:00:00,74,53,21
2014-05-02 16:00:00,140,107,33
2014-05-02 17:00:00,185,159,26
2014-05-02 18:00:00,102,88,14
2014-05-02 19:00:00,49,32,17
2014-05-02 20:00:00,19,17,2
2014-05-02 21:00:00,9,8,1
2014-05-02 22:00:00,48,7,41
2014-05-02 23:00:00,3,1,2
2014-05-03 00:00:00,8,6,2
2014-05-03 01:00:00,4,2,2
2014-05-03 02:00:00,4,4,0
2014-05-03 03:00:00,1,1,0
2014-05-03 04:00:00,1,1,0
2014-05-03 05:00:00,1,0,1
2014-05-03 06:00:00,14,5,9
2014-05-03 07:00:00,20,4,16
2014-05-03 08:00:00,39,8,31
2014-05-03 09:00:00,51,37,14
2014-05-03 10:00:00,62,26,36
2014-05-03 11:00:00,48,25,23
2014-05-03 12:00:00,43,20,23
2014-05-03 13:00:00,17,7,10
2014-05-03 14:00:00,18,11,7
2014-05-03 15:00:00,11,9,2
2014-05-03 16:00:00,7,3,4
2014-05-03 17:00:00,11,8,3
2014-05-03 18:00:00,12,8,4
2014-05-03 19:00:00,2,2,0
2014-05-03 20:00:00,0,0,0
2014-05-03 21:00:00,1,1,0
2014-05-03 22:00:00,5,2,3
2014-05-03 23:00:00,1,1,0
2014-05-04 00:00:00,2,2,0
2014-05-04 01:00:00,0,0,0
2014-05-04 02:00:00,1,1,0
2014-05-04 03:00:00,0,0,0
2014-05-04 04:00:00,0,0,0
2014-05-04 05:00:00,1,0,1
2014-05-04 06:00:00,1,0,1
2014-05-04 07:00:00,4,2,2
2014-05-04 08:00:00,13,7,6
2014-05-04 09:00:00,31,5,26
2014-05-04 10:00:00,16,8,8
2014-05-04 11:00:00,28,8,20
2014-05-04 12:00:00,13,6,7
2014-05-04 13:00:00,20,14,6
2014-05-04 14:00:00,17,5,12
2014-05-04 15:00:00,16,9,7
2014-05-04 16:00:00,9,2,7
2014-05-04 17:00:00,11,6,5
2014-05-04 18:00:00,6,4,2
2014-05-04 19:00:00,10,5,5
2014-05-04 20:00:00,3,2,1
2014-05-04 21:00:00,5,3,2
2014-05-04 22:00:00,0,0,0
2014-05-04 23:00:00,1,1,0
2014-05-05 00:00:00,0,0,0
2014-05-05 01:00:00,0,0,0
2014-05-05 02:00:00,2,2,0
2014-05-05 03:00:00,1,1,0
2014-05-05 04:00:00,2,2,0
2014-05-05 05:00:00,19,5,14
2014-05-05 06:00:00,64,10,54
2014-05-05 07:00:00,109,13,96
2014-05-05 08:00:00,95,11,84
2014-05-05 09:00:00,36,4,32
2014-05-05 10:00:00,23,4,19
2014-05-05 11:00:00,9,1,8
2014-05-05 12:00:00,18,8,10
2014-05-05 13:00:00,10,3,7
2014-05-05 14:00:00,23,15,8
2014-05-05 15:00:00,40,35,5
2014-05-05 16:00:00,69,53,16
2014-05-05 17:00:00,123,99,24
2014-05-05 18:00:00,85,70,15
2014-05-05 19:00:00,45,30,15
2014-05-05 20:00:00,16,9,7
2014-05-05 21:00:00,11,6,5
2014-05-05 22:00:00,7,6,1
2014-05-05 23:00:00,3,2,1
2014-05-06 00:00:00,2,2,0
2014-05-06 01:00:00,0,0,0
2014-05-06 02:00:00,0,0,0
2014-05-06 03:00:00,2,1,1
2014-05-06 04:00:00,7,2,5
2014-05-06 05:00:00,34,4,30
2014-05-06 06:00:00,119,19,100
2014-05-06 07:00:00,182,27,155
2014-05-06 08:00:00,161,12,149
2014-05-06 09:00:00,82,25,57
2014-05-06 10:00:00,28,8,20
2014-05-06 11:00:00,15,5,10
2014-05-06 12:00:00,24,11,13
2014-05-06 13:00:00,20,8,12
2014-05-06 14:00:00,31,17,14
2014-05-06 15:00:00,49,39,10
2014-05-06 16:00:00,118,86,32
2014-05-06 17:00:00,214,184,30
2014-05-06 18:00:00,154,135,19
2014-05-06 19:00:00,74,64,10
2014-05-06 20:00:00,36,21,15
2014-05-06 21:00:00,11,7,4
2014-05-06 22:00:00,10,5,5
2014-05-06 23:00:00,4,4,0
2014-05-07 00:00:00,2,2,0
2014-05-07 01:00:00,0,0,0
2014-05-07 02:00:00,1,0,1
2014-05-07 03:00:00,1,1,0
2014-05-07 04:00:00,6,0,6
2014-05-07 05:00:00,28,4,24
2014-05-07 06:00:00,130,27,103
2014-05-07 07:00:00,197,28,169
2014-05-07 08:00:00,156,15,141
2014-05-07 09:00:00,70,9,61
2014-05-07 10:00:00,38,9,29
2014-05-07 11:00:00,41,16,25
2014-05-07 12:00:00,28,13,15
2014-05-07 13:00:00,42,17,25
2014-05-07 14:00:00,48,28,20
2014-05-07 15:00:00,93,65,28
2014-05-07 16:00:00,132,102,30
2014-05-07 17:00:00,256,200,56
2014-05-07 18:00:00,150,120,30
2014-05-07 19:00:00,78,53,25
2014-05-07 20:00:00,33,19,14
2014-05-07 21:00:00,44,33,11
2014-05-07 22:00:00,13,10,3
2014-05-07 23:00:00,5,1,4
2014-05-08 00:00:00,7,3,4
2014-05-08 01:00:00,2,2,0
2014-05-08 02:00:00,1,1,0
2014-05-08 03:00:00,3,2,1
2014-05-08 04:00:00,9,3,6
2014-05-08 05:00:00,27,1,26
2014-05-08 06:00:00,82,15,67
2014-05-08 07:00:00,132,20,112
2014-05-08 08:00:00,131,9,122
2014-05-08 09:00:00,56,7,49
2014-05-08 10:00:00,13,3,10
2014-05-08 11:00:00,13,5,8
2014-05-08 12:00:00,22,11,11
2014-05-08 13:00:00,14,7,7
2014-05-08 14:00:00,14,11,3
2014-05-08 15:00:00,29,24,5
2014-05-08 16:00:00,54,46,8
2014-05-08 17:00:00,118,101,17
2014-05-08 18:00:00,80,69,11
2014-05-08 19:00:00,36,29,7
2014-05-08 20:00:00,14,10,4
2014-05-08 21:00:00,6,5,1
2014-05-08 22:00:00,4,4,0
2014-05-08 23:00:00,1,1,0
2014-05-09 00:00:00,2,0,2
2014-05-09 01:00:00,1,1,0
2014-05-09 02:00:00,1,0,1
2014-05-09 03:00:00,0,0,0
2014-05-09 04:00:00,4,0,4
2014-05-09 05:00:00,18,3,15
2014-05-09 06:00:00,46,7,39
2014-05-09 07:00:00,119,19,100
2014-05-09 08:00:00,99,4,95
2014-05-09 09:00:00,42,3,39
2014-05-09 10:00:00,24,6,18
2014-05-09 11:00:00,10,7,3
2014-05-09 12:00:00,10,6,4
2014-05-09 13:00:00,17,7,10
2014-05-09 14:00:00,17,12,5
2014-05-09 15:00:00,39,29,10
2014-05-09 16:00:00,63,44,19
2014-05-09 17:00:00,135,111,24
2014-05-09 18:00:00,66,61,5
2014-05-09 19:00:00,27,24,3
2014-05-09 20:00:00,11,8,3
2014-05-09 21:00:00,8,4,4
2014-05-09 22:00:00,5,5,0
2014-05-09 23:00:00,1,0,1
2014-05-10 00:00:00,3,2,1
2014-05-10 01:00:00,1,1,0
2014-05-10 02:00:00,0,0,0
2014-05-10 03:00:00,1,0,1
2014-05-10 04:00:00,1,0,1
2014-05-10 05:00:00,9,3,6
2014-05-10 06:00:00,7,3,4
2014-05-10 07:00:00,8,2,6
2014-05-10 08:00:00,16,8,8
2014-05-10 09:00:00,24,9,15
2014-05-10 10:00:00,41,29,12
2014-05-10 11:00:00,42,12,30
2014-05-10 12:00:00,50,17,33
2014-05-10 13:00:00,47,27,20
2014-05-10 14:00:00,67,29,38
2014-05-10 15:00:00,45,20,25
2014-05-10 16:00:00,31,16,15
2014-05-10 17:00:00,36,18,18
2014-05-10 18:00:00,14,9,5
2014-05-10 19:00:00,19,12,7
2014-05-10 20:00:00,18,11,7
2014-05-10 21:00:00,10,3,7
2014-05-10 22:00:00,3,3,0
2014-05-10 23:00:00,2,2,0
2014-05-11 00:00:00,3,3,0
2014-05-11 01:00:00,1,0,1
2014-05-11 02:00:00,0,0,0
2014-05-11 03:00:00,1,1,0
2014-05-11 04:00:00,2,2,0
2014-05-11 05:00:00,4,1,3
2014-05-11 06:00:00,6,3,3
2014-05-11 07:00:00,11,6,5
2014-05-11 08:00:00,17,2,15
2014-05-11 09:00:00,39,11,28
2014-05-11 10:00:00,23,13,10
2014-05-11 11:00:00,68,22,46
2014-05-11 12:00:00,75,35,40
2014-05-11 13:00:00,71,36,35
2014-05-11 14:00:00,95,49,46
2014-05-11 15:00:00,79,40,39
2014-05-11 16:00:00,68,45,23
2014-05-11 17:00:00,56,26,30
2014-05-11 18:00:00,48,23,25
2014-05-11 19:00:00,31,16,15
2014-05-11 20:00:00,13,8,5
2014-05-11 21:00:00,7,2,5
2014-05-11 22:00:00,5,3,2
2014-05-11 23:00:00,1,1,0
2014-05-12 00:00:00,5,3,2
2014-05-12 01:00:00,1,1,0
2014-05-12 02:00:00,0,0,0
2014-05-12 03:00:00,2,2,0
2014-05-12 04:00:00,9,0,9
2014-05-12 05:00:00,35,8,27
2014-05-12 06:00:00,105,17,88
2014-05-12 07:00:00,206,32,174
2014-05-12 08:00:00,173,19,154
2014-05-12 09:00:00,75,6,69
2014-05-12 10:00:00,32,9,23
2014-05-12 11:00:00,22,8,14
2014-05-12 12:00:00,39,14,25
2014-05-12 13:00:00,29,16,13
2014-05-12 14:00:00,52,29,23
2014-05-12 15:00:00,73,47,26
2014-05-12 16:00:00,136,97,39
2014-05-12 17:00:00,258,216,42
2014-05-12 18:00:00,186,165,21
2014-05-12 19:00:00,63,45,18
2014-05-12 20:00:00,49,32,17
2014-05-12 21:00:00,17,6,11
2014-05-12 22:00:00,17,11,6
2014-05-12 23:00:00,9,4,5
2014-05-13 00:00:00,5,3,2
2014-05-13 01:00:00,3,3,0
2014-05-13 02:00:00,0,0,0
2014-05-13 03:00:00,2,2,0
2014-05-13 04:00:00,1,0,1
2014-05-13 05:00:00,32,4,28
2014-05-13 06:00:00,136,20,116
2014-05-13 07:00:00,220,20,200
2014-05-13 08:00:00,177,12,165
2014-05-13 09:00:00,80,7,73
2014-05-13 10:00:00,47,12,35
2014-05-13 11:00:00,30,15,15
2014-05-13 12:00:00,40,21,19
2014-05-13 13:00:00,34,16,18
2014-05-13 14:00:00,53,33,20
2014-05-13 15:00:00,76,48,28
2014-05-13 16:00:00,160,119,41
2014-05-13 17:00:00,285,237,48
2014-05-13 18:00:00,173,145,28
2014-05-13 19:00:00,94,70,24
2014-05-13 20:00:00,69,42,27
2014-05-13 21:00:00,18,13,5
2014-05-13 22:00:00,13,10,3
2014-05-13 23:00:00,4,1,3
2014-05-14 00:00:00,7,5,2
2014-05-14 01:00:00,3,2,1
2014-05-14 02:00:00,1,0,1
2014-05-14 03:00:00,1,1,0
2014-05-14 04:00:00,5,1,4
2014-05-14 05:00:00,37,8,29
2014-05-14 06:00:00,135,29,106
2014-05-14 07:00:00,211,24,187
2014-05-14 08:00:00,182,10,172
2014-05-14 09:00:00,85,9,76
2014-05-14 10:00:00,24,8,16
2014-05-14 11:00:00,36,15,21
2014-05-14 12:00:00,60,30,30
2014-05-14 13:00:00,53,27,26
2014-05-14 14:00:00,46,34,12
2014-05-14 15:00:00,82,54,28
2014-05-14 16:00:00,164,127,37
2014-05-14 17:00:00,287,241,46
2014-05-14 18:00:00,180,142,38
2014-05-14 19:00:00,121,94,27
2014-05-14 20:00:00,75,46,29
2014-05-14 21:00:00,27,10,17
2014-05-14 22:00:00,22,10,12
2014-05-14 23:00:00,3,1,2
2014-05-15 00:00:00,6,4,2
2014-05-15 01:00:00,2,2,0
2014-05-15 02:00:00,2,0,2
2014-05-15 03:00:00,0,0,0
2014-05-15 04:00:00,8,3,5
2014-05-15 05:00:00,32,4,28
2014-05-15 06:00:00,121,16,105
2014-05-15 07:00:00,217,24,193
2014-05-15 08:00:00,175,10,165
2014-05-15 09:00:00,77,6,71
2014-05-15 10:00:00,50,24,26
2014-05-15 11:00:00,32,9,23
2014-05-15 12:00:00,43,24,19
2014-05-15 13:00:00,45,26,19
2014-05-15 14:00:00,44,31,13
2014-05-15 15:00:00,63,35,28
2014-05-15 16:00:00,144,120,24
2014-05-15 17:00:00,259,212,47
2014-05-15 18:00:00,155,128,27
2014-05-15 19:00:00,89,71,18
2014-05-15 20:00:00,31,14,17
2014-05-15 21:00:00,34,22,12
2014-05-15 22:00:00,17,11,6
2014-05-15 23:00:00,2,1,1
2014-05-16 00:00:00,8,6,2
2014-05-16 01:00:00,3,0,3
2014-05-16 02:00:00,1,1,0
2014-05-16 03:00:00,4,2,2
2014-05-16 04:00:00,5,2,3
2014-05-16 05:00:00,45,11,34
2014-05-16 06:00:00,135,30,105
2014-05-16 07:00:00,249,29,220
2014-05-16 08:00:00,194,23,171
2014-05-16 09:00:00,93,15,78
2014-05-16 10:00:00,33,8,25
2014-05-16 11:00:00,31,15,16
2014-05-16 12:00:00,71,55,16
2014-05-16 13:00:00,39,21,18
2014-05-16 14:00:00,95,49,46
2014-05-16 15:00:00,66,47,19
2014-05-16 16:00:00,179,128,51
2014-05-16 17:00:00,231,193,38
2014-05-16 18:00:00,120,102,18
2014-05-16 19:00:00,73,61,12
2014-05-16 20:00:00,37,21,16
2014-05-16 21:00:00,10,8,2
2014-05-16 22:00:00,8,4,4
2014-05-16 23:00:00,5,2,3
2014-05-17 00:00:00,8,4,4
2014-05-17 01:00:00,2,2,0
2014-05-17 02:00:00,4,4,0
2014-05-17 03:00:00,1,0,1
2014-05-17 04:00:00,1,1,0
2014-05-17 05:00:00,3,1,2
2014-05-17 06:00:00,16,3,13
2014-05-17 07:00:00,23,10,13
2014-05-17 08:00:00,22,9,13
2014-05-17 09:00:00,48,21,27
2014-05-17 10:00:00,37,21,16
2014-05-17 11:00:00,63,34,29
2014-05-17 12:00:00,51,25,26
2014-05-17 13:00:00,67,36,31
2014-05-17 14:00:00,57,21,36
2014-05-17 15:00:00,58,27,31
2014-05-17 16:00:00,56,22,34
2014-05-17 17:00:00,27,16,11
2014-05-17 18:00:00,32,17,15
2014-05-17 19:00:00,20,11,9
2014-05-17 20:00:00,9,5,4
2014-05-17 21:00:00,9,9,0
2014-05-17 22:00:00,10,8,2
2014-05-17 23:00:00,5,2,3
2014-05-18 00:00:00,4,4,0
2014-05-18 01:00:00,3,2,1
2014-05-18 02:00:00,1,1,0
2014-05-18 03:00:00,0,0,0
2014-05-18 04:00:00,2,1,1
2014-05-18 05:00:00,5,1,4
2014-05-18 06:00:00,4,1,3
2014-05-18 07:00:00,9,3,6
2014-05-18 08:00:00,26,9,17
2014-05-18 09:00:00,33,10,23
2014-05-18 10:00:00,45,17,28
2014-05-18 11:00:00,56,33,23
2014-05-18 12:00:00,73,33,40
2014-05-18 13:00:00,70,30,40
2014-05-18 14:00:00,102,50,52
2014-05-18 15:00:00,52,21,31
2014-05-18 16:00:00,37,17,20
2014-05-18 17:00:00,37,22,15
2014-05-18 18:00:00,19,6,13
2014-05-18 19:00:00,14,5,9
2014-05-18 20:00:00,8,4,4
2014-05-18 21:00:00,3,3,0
2014-05-18 22:00:00,3,1,2
2014-05-18 23:00:00,2,1,1
2014-05-19 00:00:00,1,0,1
2014-05-19 01:00:00,0,0,0
2014-05-19 02:00:00,1,1,0
2014-05-19 03:00:00,1,0,1
2014-05-19 04:00:00,6,2,4
2014-05-19 05:00:00,23,4,19
2014-05-19 06:00:00,101,10,91
2014-05-19 07:00:00,176,22,154
2014-05-19 08:00:00,152,11,141
2014-05-19 09:00:00,69,7,62
2014-05-19 10:00:00,39,8,31
2014-05-19 11:00:00,29,9,20
2014-05-19 12:00:00,28,14,14
2014-05-19 13:00:00,24,13,11
2014-05-19 14:00:00,53,35,18
2014-05-19 15:00:00,53,34,19
2014-05-19 16:00:00,120,91,29
2014-05-19 17:00:00,215,186,29
2014-05-19 18:00:00,139,131,8
2014-05-19 19:00:00,65,50,15
2014-05-19 20:00:00,35,21,14
2014-05-19 21:00:00,24,15,9
2014-05-19 22:00:00,11,7,4
2014-05-19 23:00:00,9,5,4
2014-05-20 00:00:00,7,7,0
2014-05-20 01:00:00,9,3,6
2014-05-20 02:00:00,0,0,0
2014-05-20 03:00:00,1,0,1
2014-05-20 04:00:00,6,2,4
2014-05-20 05:00:00,43,6,37
2014-05-20 06:00:00,147,26,121
2014-05-20 07:00:00,200,25,175
2014-05-20 08:00:00,210,12,198
2014-05-20 09:00:00,82,4,78
2014-05-20 10:00:00,35,15,20
2014-05-20 11:00:00,31,13,18
2014-05-20 12:00:00,25,11,14
2014-05-20 13:00:00,37,19,18
2014-05-20 14:00:00,48,26,22
2014-05-20 15:00:00,81,53,28
2014-05-20 16:00:00,150,119,31
2014-05-20 17:00:00,253,225,28
2014-05-20 18:00:00,167,140,27
2014-05-20 19:00:00,73,54,19
2014-05-20 20:00:00,36,31,5
2014-05-20 21:00:00,32,18,14
2014-05-20 22:00:00,12,8,4
2014-05-20 23:00:00,6,4,2
2014-05-21 00:00:00,1,1,0
2014-05-21 01:00:00,3,3,0
2014-05-21 02:00:00,2,1,1
2014-05-21 03:00:00,0,0,0
2014-05-21 04:00:00,10,3,7
2014-05-21 05:00:00,33,1,32
2014-05-21 06:00:00,119,14,105
2014-05-21 07:00:00,207,25,182
2014-05-21 08:00:00,131,10,121
2014-05-21 09:00:00,101,12,89
2014-05-21 10:00:00,30,8,22
2014-05-21 11:00:00,26,17,9
2014-05-21 12:00:00,35,13,22
2014-05-21 13:00:00,46,21,25
2014-05-21 14:00:00,42,17,25
2014-05-21 15:00:00,65,43,22
2014-05-21 16:00:00,127,100,27
2014-05-21 17:00:00,226,191,35
2014-05-21 18:00:00,164,141,23
2014-05-21 19:00:00,68,49,19
2014-05-21 20:00:00,36,27,9
2014-05-21 21:00:00,21,15,6
2014-05-21 22:00:00,16,10,6
2014-05-21 23:00:00,9,7,2
2014-05-22 00:00:00,6,4,2
2014-05-22 01:00:00,2,0,2
2014-05-22 02:00:00,2,2,0
2014-05-22 03:00:00,2,1,1
2014-05-22 04:00:00,8,1,7
2014-05-22 05:00:00,32,7,25
2014-05-22 06:00:00,118,18,100
2014-05-22 07:00:00,194,24,170
2014-05-22 08:00:00,183,20,163
2014-05-22 09:00:00,79,5,74
2014-05-22 10:00:00,31,9,22
2014-05-22 11:00:00,40,15,25
2014-05-22 12:00:00,33,15,18
2014-05-22 13:00:00,50,25,25
2014-05-22 14:00:00,45,32,13
2014-05-22 15:00:00,59,39,20
2014-05-22 16:00:00,128,98,30
2014-05-22 17:00:00,225,196,29
2014-05-22 18:00:00,175,148,27
2014-05-22 19:00:00,74,53,21
2014-05-22 20:00:00,33,23,10
2014-05-22 21:00:00,15,9,6
2014-05-22 22:00:00,16,11,5
2014-05-22 23:00:00,1,1,0
2014-05-23 00:00:00,8,6,2
2014-05-23 01:00:00,1,1,0
2014-05-23 02:00:00,2,1,1
2014-05-23 03:00:00,1,0,1
2014-05-23 04:00:00,4,1,3
2014-05-23 05:00:00,19,5,14
2014-05-23 06:00:00,82,16,66
2014-05-23 07:00:00,106,13,93
2014-05-23 08:00:00,76,6,70
2014-05-23 09:00:00,38,3,35
2014-05-23 10:00:00,17,8,9
2014-05-23 11:00:00,11,8,3
2014-05-23 12:00:00,17,10,7
2014-05-23 13:00:00,15,3,12
2014-05-23 14:00:00,33,27,6
2014-05-23 15:00:00,46,36,10
2014-05-23 16:00:00,68,56,12
2014-05-23 17:00:00,81,67,14
2014-05-23 18:00:00,60,47,13
2014-05-23 19:00:00,32,26,6
2014-05-23 20:00:00,13,10,3
2014-05-23 21:00:00,9,6,3
2014-05-23 22:00:00,7,3,4
2014-05-23 23:00:00,5,0,5
2014-05-24 00:00:00,0,0,0
2014-05-24 01:00:00,1,1,0
2014-05-24 02:00:00,1,1,0
2014-05-24 03:00:00,2,2,0
2014-05-24 04:00:00,0,0,0
2014-05-24 05:00:00,5,2,3
2014-05-24 06:00:00,10,2,8
2014-05-24 07:00:00,16,2,14
2014-05-24 08:00:00,44,21,23
2014-05-24 09:00:00,41,20,21
2014-05-24 10:00:00,52,24,28
2014-05-24 11:00:00,68,34,34
2014-05-24 12:00:00,69,47,22
2014-05-24 13:00:00,67,29,38
2014-05-24 14:00:00,65,40,25
2014-05-24 15:00:00,44,24,20
2014-05-24 16:00:00,50,19,31
2014-05-24 17:00:00,36,23,13
2014-05-24 18:00:00,27,10,17
2014-05-24 19:00:00,16,7,9
2014-05-24 20:00:00,16,8,8
2014-05-24 21:00:00,10,10,0
2014-05-24 22:00:00,8,5,3
2014-05-24 23:00:00,6,5,1
2014-05-25 00:00:00,5,2,3
2014-05-25 01:00:00,2,2,0
2014-05-25 02:00:00,1,0,1
2014-05-25 03:00:00,0,0,0
2014-05-25 04:00:00,0,0,0
2014-05-25 05:00:00,1,0,1
2014-05-25 06:00:00,6,3,3
2014-05-25 07:00:00,9,2,7
2014-05-25 08:00:00,15,4,11
2014-05-25 09:00:00,37,17,20
2014-05-25 10:00:00,49,28,21
2014-05-25 11:00:00,47,28,19
2014-05-25 12:00:00,42,18,24
2014-05-25 13:00:00,33,19,14
2014-05-25 14:00:00,36,20,16
2014-05-25 15:00:00,21,8,13
2014-05-25 16:00:00,21,9,12
2014-05-25 17:00:00,11,3,8
2014-05-25 18:00:00,10,8,2
2014-05-25 19:00:00,1,1,0
2014-05-25 20:00:00,8,6,2
2014-05-25 21:00:00,3,3,0
2014-05-25 22:00:00,5,3,2
2014-05-25 23:00:00,3,2,1
2014-05-26 00:00:00,0,0,0
2014-05-26 01:00:00,0,0,0
2014-05-26 02:00:00,1,1,0
2014-05-26 03:00:00,0,0,0
2014-05-26 04:00:00,0,0,0
2014-05-26 05:00:00,3,2,1
2014-05-26 06:00:00,6,0,6
2014-05-26 07:00:00,10,4,6
2014-05-26 08:00:00,17,4,13
2014-05-26 09:00:00,24,10,14
2014-05-26 10:00:00,40,19,21
2014-05-26 11:00:00,44,13,31
2014-05-26 12:00:00,70,36,34
2014-05-26 13:00:00,79,45,34
2014-05-26 14:00:00,68,29,39
2014-05-26 15:00:00,73,42,31
2014-05-26 16:00:00,62,34,28
2014-05-26 17:00:00,37,27,10
2014-05-26 18:00:00,55,24,31
2014-05-26 19:00:00,26,9,17
2014-05-26 20:00:00,13,10,3
2014-05-26 21:00:00,12,6,6
2014-05-26 22:00:00,7,6,1
2014-05-26 23:00:00,5,2,3
2014-05-27 00:00:00,1,0,1
2014-05-27 01:00:00,0,0,0
2014-05-27 02:00:00,1,1,0
2014-05-27 03:00:00,0,0,0
2014-05-27 04:00:00,5,1,4
2014-05-27 05:00:00,24,3,21
2014-05-27 06:00:00,109,11,98
2014-05-27 07:00:00,189,21,168
2014-05-27 08:00:00,173,12,161
2014-05-27 09:00:00,73,9,64
2014-05-27 10:00:00,33,7,26
2014-05-27 11:00:00,23,10,13
2014-05-27 12:00:00,30,16,14
2014-05-27 13:00:00,32,17,15
2014-05-27 14:00:00,42,25,17
2014-05-27 15:00:00,59,46,13
2014-05-27 16:00:00,107,86,21
2014-05-27 17:00:00,266,221,45
2014-05-27 18:00:00,157,127,30
2014-05-27 19:00:00,76,61,15
2014-05-27 20:00:00,50,23,27
2014-05-27 21:00:00,16,12,4
2014-05-27 22:00:00,11,9,2
2014-05-27 23:00:00,5,4,1
2014-05-28 00:00:00,5,4,1
2014-05-28 01:00:00,1,1,0
2014-05-28 02:00:00,1,0,1
2014-05-28 03:00:00,1,0,1
2014-05-28 04:00:00,5,3,2
2014-05-28 05:00:00,16,4,12
2014-05-28 06:00:00,86,12,74
2014-05-28 07:00:00,132,22,110
2014-05-28 08:00:00,125,9,116
2014-05-28 09:00:00,51,4,47
2014-05-28 10:00:00,27,9,18
2014-05-28 11:00:00,27,17,10
2014-05-28 12:00:00,26,8,18
2014-05-28 13:00:00,40,8,32
2014-05-28 14:00:00,31,15,16
2014-05-28 15:00:00,53,38,15
2014-05-28 16:00:00,104,85,19
2014-05-28 17:00:00,132,110,22
2014-05-28 18:00:00,107,89,18
2014-05-28 19:00:00,35,30,5
2014-05-28 20:00:00,24,18,6
2014-05-28 21:00:00,15,9,6
2014-05-28 22:00:00,11,8,3
2014-05-28 23:00:00,6,4,2
2014-05-29 00:00:00,1,1,0
2014-05-29 01:00:00,3,3,0
2014-05-29 02:00:00,0,0,0
2014-05-29 03:00:00,0,0,0
2014-05-29 04:00:00,3,0,3
2014-05-29 05:00:00,39,4,35
2014-05-29 06:00:00,108,14,94
2014-05-29 07:00:00,165,17,148
2014-05-29 08:00:00,142,15,127
2014-05-29 09:00:00,81,10,71
2014-05-29 10:00:00,30,11,19
2014-05-29 11:00:00,27,14,13
2014-05-29 12:00:00,38,13,25
2014-05-29 13:00:00,35,15,20
2014-05-29 14:00:00,31,11,20
2014-05-29 15:00:00,60,44,16
2014-05-29 16:00:00,113,91,22
2014-05-29 17:00:00,207,165,42
2014-05-29 18:00:00,154,132,22
2014-05-29 19:00:00,50,39,11
2014-05-29 20:00:00,29,22,7
2014-05-29 21:00:00,25,20,5
2014-05-29 22:00:00,8,6,2
2014-05-29 23:00:00,4,4,0
2014-05-30 00:00:00,4,4,0
2014-05-30 01:00:00,4,4,0
2014-05-30 02:00:00,4,3,1
2014-05-30 03:00:00,0,0,0
2014-05-30 04:00:00,3,0,3
2014-05-30 05:00:00,34,5,29
2014-05-30 06:00:00,92,23,69
2014-05-30 07:00:00,191,20,171
2014-05-30 08:00:00,173,10,163
2014-05-30 09:00:00,72,7,65
2014-05-30 10:00:00,31,12,19
2014-05-30 11:00:00,32,14,18
2014-05-30 12:00:00,37,20,17
2014-05-30 13:00:00,38,19,19
2014-05-30 14:00:00,52,33,19
2014-05-30 15:00:00,64,44,20
2014-05-30 16:00:00,143,111,32
2014-05-30 17:00:00,203,176,27
2014-05-30 18:00:00,168,144,24
2014-05-30 19:00:00,62,50,12
2014-05-30 20:00:00,26,15,11
2014-05-30 21:00:00,10,5,5
2014-05-30 22:00:00,29,11,18
2014-05-30 23:00:00,5,2,3
2014-05-31 00:00:00,2,0,2
2014-05-31 01:00:00,8,4,4
2014-05-31 02:00:00,4,3,1
2014-05-31 03:00:00,1,1,0
2014-05-31 04:00:00,0,0,0
2014-05-31 05:00:00,3,0,3
2014-05-31 06:00:00,21,6,15
2014-05-31 07:00:00,28,9,19
2014-05-31 08:00:00,46,13,33
2014-05-31 09:00:00,65,32,33
2014-05-31 10:00:00,71,35,36
2014-05-31 11:00:00,100,49,51
2014-05-31 12:00:00,123,50,73
2014-05-31 13:00:00,78,42,36
2014-05-31 14:00:00,108,58,50
2014-05-31 15:00:00,109,68,41
2014-05-31 16:00:00,84,42,42
2014-05-31 17:00:00,85,39,46
2014-05-31 18:00:00,49,36,13
2014-05-31 19:00:00,45,17,28
2014-05-31 20:00:00,38,17,21
2014-05-31 21:00:00,20,14,6
2014-05-31 22:00:00,9,3,6
2014-05-31 23:00:00,7,3,4
2014-06-01 00:00:00,10,6,4
2014-06-01 01:00:00,1,1,0
2014-06-01 02:00:00,3,2,1
2014-06-01 03:00:00,0,0,0
2014-06-01 04:00:00,4,2,2
2014-06-01 05:00:00,2,0,2
2014-06-01 06:00:00,18,6,12
2014-06-01 07:00:00,21,9,12
2014-06-01 08:00:00,41,19,22
2014-06-01 09:00:00,35,22,13
2014-06-01 10:00:00,58,31,27
2014-06-01 11:00:00,75,37,38
2014-06-01 12:00:00,75,35,40
2014-06-01 13:00:00,68,34,34
2014-06-01 14:00:00,96,46,50
2014-06-01 15:00:00,75,40,35
2014-06-01 16:00:00,80,45,35
2014-06-01 17:00:00,73,36,37
2014-06-01 18:00:00,43,17,26
2014-06-01 19:00:00,32,15,17
2014-06-01 20:00:00,17,7,10
2014-06-01 21:00:00,8,5,3
2014-06-01 22:00:00,6,2,4
2014-06-01 23:00:00,3,0,3
2014-06-02 00:00:00,3,3,0
2014-06-02 01:00:00,0,0,0
2014-06-02 02:00:00,2,2,0
2014-06-02 03:00:00,1,0,1
2014-06-02 04:00:00,4,1,3
2014-06-02 05:00:00,35,8,27
2014-06-02 06:00:00,88,11,77
2014-06-02 07:00:00,173,19,154
2014-06-02 08:00:00,147,14,133
2014-06-02 09:00:00,66,5,61
2014-06-02 10:00:00,29,8,21
2014-06-02 11:00:00,20,6,14
2014-06-02 12:00:00,39,24,15
2014-06-02 13:00:00,33,16,17
2014-06-02 14:00:00,36,21,15
2014-06-02 15:00:00,64,49,15
2014-06-02 16:00:00,122,91,31
2014-06-02 17:00:00,198,162,36
2014-06-02 18:00:00,143,122,21
2014-06-02 19:00:00,68,56,12
2014-06-02 20:00:00,41,21,20
2014-06-02 21:00:00,23,13,10
2014-06-02 22:00:00,6,2,4
2014-06-02 23:00:00,6,6,0
2014-06-03 00:00:00,4,3,1
2014-06-03 01:00:00,1,0,1
2014-06-03 02:00:00,2,0,2
2014-06-03 03:00:00,0,0,0
2014-06-03 04:00:00,4,1,3
2014-06-03 05:00:00,37,4,33
2014-06-03 06:00:00,110,14,96
2014-06-03 07:00:00,179,21,158
2014-06-03 08:00:00,170,16,154
2014-06-03 09:00:00,70,12,58
2014-06-03 10:00:00,31,6,25
2014-06-03 11:00:00,21,6,15
2014-06-03 12:00:00,20,12,8
2014-06-03 13:00:00,24,11,13
2014-06-03 14:00:00,34,22,12
2014-06-03 15:00:00,52,42,10
2014-06-03 16:00:00,123,97,26
2014-06-03 17:00:00,224,191,33
2014-06-03 18:00:00,142,113,29
2014-06-03 19:00:00,91,73,18
2014-06-03 20:00:00,24,18,6
2014-06-03 21:00:00,17,5,12
2014-06-03 22:00:00,30,10,20
2014-06-03 23:00:00,6,3,3
2014-06-04 00:00:00,2,2,0
2014-06-04 01:00:00,1,0,1
2014-06-04 02:00:00,0,0,0
2014-06-04 03:00:00,2,2,0
2014-06-04 04:00:00,5,1,4
2014-06-04 05:00:00,21,4,17
2014-06-04 06:00:00,110,19,91
2014-06-04 07:00:00,182,26,156
2014-06-04 08:00:00,139,8,131
2014-06-04 09:00:00,71,9,62
2014-06-04 10:00:00,38,12,26
2014-06-04 11:00:00,25,9,16
2014-06-04 12:00:00,30,14,16
2014-06-04 13:00:00,27,13,14
2014-06-04 14:00:00,40,17,23
2014-06-04 15:00:00,60,48,12
2014-06-04 16:00:00,126,98,28
2014-06-04 17:00:00,203,160,43
2014-06-04 18:00:00,125,110,15
2014-06-04 19:00:00,81,57,24
2014-06-04 20:00:00,50,38,12
2014-06-04 21:00:00,28,16,12
2014-06-04 22:00:00,21,11,10
2014-06-04 23:00:00,5,4,1
2014-06-05 00:00:00,7,4,3
2014-06-05 01:00:00,0,0,0
2014-06-05 02:00:00,0,0,0
2014-06-05 03:00:00,3,2,1
2014-06-05 04:00:00,5,1,4
2014-06-05 05:00:00,38,7,31
2014-06-05 06:00:00,107,16,91
2014-06-05 07:00:00,165,22,143
2014-06-05 08:00:00,125,18,107
2014-06-05 09:00:00,80,11,69
2014-06-05 10:00:00,30,6,24
2014-06-05 11:00:00,25,8,17
2014-06-05 12:00:00,35,18,17
2014-06-05 13:00:00,37,17,20
2014-06-05 14:00:00,42,25,17
2014-06-05 15:00:00,58,42,16
2014-06-05 16:00:00,115,87,28
2014-06-05 17:00:00,201,170,31
2014-06-05 18:00:00,137,115,22
2014-06-05 19:00:00,85,74,11
2014-06-05 20:00:00,58,34,24
2014-06-05 21:00:00,23,18,5
2014-06-05 22:00:00,11,4,7
2014-06-05 23:00:00,17,10,7
2014-06-06 00:00:00,7,6,1
2014-06-06 01:00:00,3,3,0
2014-06-06 02:00:00,1,1,0
2014-06-06 03:00:00,1,0,1
2014-06-06 04:00:00,6,1,5
2014-06-06 05:00:00,35,1,34
2014-06-06 06:00:00,73,10,63
2014-06-06 07:00:00,146,27,119
2014-06-06 08:00:00,127,10,117
2014-06-06 09:00:00,60,9,51
2014-06-06 10:00:00,37,11,26
2014-06-06 11:00:00,36,15,21
2014-06-06 12:00:00,34,21,13
2014-06-06 13:00:00,45,23,22
2014-06-06 14:00:00,43,22,21
2014-06-06 15:00:00,48,34,14
2014-06-06 16:00:00,132,99,33
2014-06-06 17:00:00,174,139,35
2014-06-06 18:00:00,100,81,19
2014-06-06 19:00:00,56,36,20
2014-06-06 20:00:00,35,23,12
2014-06-06 21:00:00,20,11,9
2014-06-06 22:00:00,7,6,1
2014-06-06 23:00:00,10,9,1
2014-06-07 00:00:00,9,4,5
2014-06-07 01:00:00,2,2,0
2014-06-07 02:00:00,3,2,1
2014-06-07 03:00:00,2,2,0
2014-06-07 04:00:00,1,1,0
2014-06-07 05:00:00,4,1,3
2014-06-07 06:00:00,12,7,5
2014-06-07 07:00:00,35,6,29
2014-06-07 08:00:00,51,19,32
2014-06-07 09:00:00,66,32,34
2014-06-07 10:00:00,67,33,34
2014-06-07 11:00:00,72,41,31
2014-06-07 12:00:00,74,36,38
2014-06-07 13:00:00,111,53,58
2014-06-07 14:00:00,89,48,41
2014-06-07 15:00:00,93,57,36
2014-06-07 16:00:00,104,49,55
2014-06-07 17:00:00,79,54,25
2014-06-07 18:00:00,38,15,23
2014-06-07 19:00:00,26,10,16
2014-06-07 20:00:00,36,20,16
2014-06-07 21:00:00,19,12,7
2014-06-07 22:00:00,12,5,7
2014-06-07 23:00:00,4,3,1
2014-06-08 00:00:00,12,0,12
2014-06-08 01:00:00,5,4,1
2014-06-08 02:00:00,6,3,3
2014-06-08 03:00:00,2,2,0
2014-06-08 04:00:00,2,1,1
2014-06-08 05:00:00,10,4,6
2014-06-08 06:00:00,7,3,4
2014-06-08 07:00:00,22,11,11
2014-06-08 08:00:00,49,10,39
2014-06-08 09:00:00,40,22,18
2014-06-08 10:00:00,69,29,40
2014-06-08 11:00:00,69,40,29
2014-06-08 12:00:00,56,25,31
2014-06-08 13:00:00,77,39,38
2014-06-08 14:00:00,68,39,29
2014-06-08 15:00:00,69,36,33
2014-06-08 16:00:00,90,42,48
2014-06-08 17:00:00,40,28,12
2014-06-08 18:00:00,36,16,20
2014-06-08 19:00:00,28,16,12
2014-06-08 20:00:00,20,10,10
2014-06-08 21:00:00,6,4,2
2014-06-08 22:00:00,8,7,1
2014-06-08 23:00:00,8,3,5
2014-06-09 00:00:00,3,1,2
2014-06-09 01:00:00,0,0,0
2014-06-09 02:00:00,0,0,0
2014-06-09 03:00:00,1,1,0
2014-06-09 04:00:00,4,0,4
2014-06-09 05:00:00,25,4,21
2014-06-09 06:00:00,80,8,72
2014-06-09 07:00:00,144,17,127
2014-06-09 08:00:00,130,14,116
2014-06-09 09:00:00,63,6,57
2014-06-09 10:00:00,32,4,28
2014-06-09 11:00:00,31,11,20
2014-06-09 12:00:00,17,8,9
2014-06-09 13:00:00,14,8,6
2014-06-09 14:00:00,41,30,11
2014-06-09 15:00:00,43,30,13
2014-06-09 16:00:00,101,81,20
2014-06-09 17:00:00,201,172,29
2014-06-09 18:00:00,126,108,18
2014-06-09 19:00:00,49,32,17
2014-06-09 20:00:00,35,25,10
2014-06-09 21:00:00,16,10,6
2014-06-09 22:00:00,13,8,5
2014-06-09 23:00:00,4,3,1
2014-06-10 00:00:00,3,2,1
2014-06-10 01:00:00,0,0,0
2014-06-10 02:00:00,1,1,0
2014-06-10 03:00:00,2,0,2
2014-06-10 04:00:00,3,1,2
2014-06-10 05:00:00,37,5,32
2014-06-10 06:00:00,95,19,76
2014-06-10 07:00:00,171,18,153
2014-06-10 08:00:00,143,14,129
2014-06-10 09:00:00,63,5,58
2014-06-10 10:00:00,28,7,21
2014-06-10 11:00:00,21,7,14
2014-06-10 12:00:00,32,14,18
2014-06-10 13:00:00,21,8,13
2014-06-10 14:00:00,33,17,16
2014-06-10 15:00:00,57,38,19
2014-06-10 16:00:00,111,86,25
2014-06-10 17:00:00,209,178,31
2014-06-10 18:00:00,143,116,27
2014-06-10 19:00:00,46,36,10
2014-06-10 20:00:00,32,22,10
2014-06-10 21:00:00,22,19,3
2014-06-10 22:00:00,18,14,4
2014-06-10 23:00:00,3,2,1
2014-06-11 00:00:00,3,3,0
2014-06-11 01:00:00,1,1,0
2014-06-11 02:00:00,0,0,0
2014-06-11 03:00:00,1,1,0
2014-06-11 04:00:00,6,2,4
2014-06-11 05:00:00,34,4,30
2014-06-11 06:00:00,103,17,86
2014-06-11 07:00:00,170,18,152
2014-06-11 08:00:00,148,13,135
2014-06-11 09:00:00,90,10,80
2014-06-11 10:00:00,34,9,25
2014-06-11 11:00:00,22,8,14
2014-06-11 12:00:00,34,17,17
2014-06-11 13:00:00,39,19,20
2014-06-11 14:00:00,50,30,20
2014-06-11 15:00:00,89,61,28
2014-06-11 16:00:00,134,107,27
2014-06-11 17:00:00,219,172,47
2014-06-11 18:00:00,152,122,30
2014-06-11 19:00:00,75,60,15
2014-06-11 20:00:00,41,29,12
2014-06-11 21:00:00,23,13,10
2014-06-11 22:00:00,20,14,6
2014-06-11 23:00:00,4,4,0
2014-06-12 00:00:00,5,4,1
2014-06-12 01:00:00,1,1,0
2014-06-12 02:00:00,0,0,0
2014-06-12 03:00:00,1,1,0
2014-06-12 04:00:00,5,1,4
2014-06-12 05:00:00,35,6,29
2014-06-12 06:00:00,89,14,75
2014-06-12 07:00:00,149,16,133
2014-06-12 08:00:00,133,8,125
2014-06-12 09:00:00,48,10,38
2014-06-12 10:00:00,27,4,23
2014-06-12 11:00:00,22,7,15
2014-06-12 12:00:00,32,12,20
2014-06-12 13:00:00,31,13,18
2014-06-12 14:00:00,30,19,11
2014-06-12 15:00:00,48,33,15
2014-06-12 16:00:00,93,64,29
2014-06-12 17:00:00,157,131,26
2014-06-12 18:00:00,108,95,13
2014-06-12 19:00:00,62,43,19
2014-06-12 20:00:00,23,17,6
2014-06-12 21:00:00,16,9,7
2014-06-12 22:00:00,9,8,1
2014-06-12 23:00:00,9,9,0
2014-06-13 00:00:00,3,2,1
2014-06-13 01:00:00,1,1,0
2014-06-13 02:00:00,0,0,0
2014-06-13 03:00:00,3,2,1
2014-06-13 04:00:00,4,1,3
2014-06-13 05:00:00,12,4,8
2014-06-13 06:00:00,41,5,36
2014-06-13 07:00:00,65,9,56
2014-06-13 08:00:00,62,3,59
2014-06-13 09:00:00,30,5,25
2014-06-13 10:00:00,9,3,6
2014-06-13 11:00:00,9,4,5
2014-06-13 12:00:00,8,3,5
2014-06-13 13:00:00,12,7,5
2014-06-13 14:00:00,13,8,5
2014-06-13 15:00:00,27,20,7
2014-06-13 16:00:00,73,57,16
2014-06-13 17:00:00,83,73,10
2014-06-13 18:00:00,53,44,9
2014-06-13 19:00:00,19,13,6
2014-06-13 20:00:00,12,9,3
2014-06-13 21:00:00,7,7,0
2014-06-13 22:00:00,6,3,3
2014-06-13 23:00:00,6,4,2
2014-06-14 00:00:00,5,4,1
2014-06-14 01:00:00,2,0,2
2014-06-14 02:00:00,0,0,0
2014-06-14 03:00:00,4,4,0
2014-06-14 04:00:00,2,1,1
2014-06-14 05:00:00,4,0,4
2014-06-14 06:00:00,13,6,7
2014-06-14 07:00:00,21,4,17
2014-06-14 08:00:00,38,15,23
2014-06-14 09:00:00,42,14,28
2014-06-14 10:00:00,43,23,20
2014-06-14 11:00:00,40,27,13
2014-06-14 12:00:00,52,33,19
2014-06-14 13:00:00,55,22,33
2014-06-14 14:00:00,66,30,36
2014-06-14 15:00:00,100,59,41
2014-06-14 16:00:00,94,38,56
2014-06-14 17:00:00,36,16,20
2014-06-14 18:00:00,41,18,23
2014-06-14 19:00:00,9,7,2
2014-06-14 20:00:00,11,10,1
2014-06-14 21:00:00,4,1,3
2014-06-14 22:00:00,11,6,5
2014-06-14 23:00:00,2,1,1
2014-06-15 00:00:00,4,3,1
2014-06-15 01:00:00,2,1,1
2014-06-15 02:00:00,2,2,0
2014-06-15 03:00:00,1,1,0
2014-06-15 04:00:00,2,2,0
2014-06-15 05:00:00,3,1,2
2014-06-15 06:00:00,5,2,3
2014-06-15 07:00:00,7,2,5
2014-06-15 08:00:00,27,7,20
2014-06-15 09:00:00,24,12,12
2014-06-15 10:00:00,51,20,31
2014-06-15 11:00:00,54,27,27
2014-06-15 12:00:00,39,23,16
2014-06-15 13:00:00,44,18,26
2014-06-15 14:00:00,31,14,17
2014-06-15 15:00:00,42,23,19
2014-06-15 16:00:00,39,19,20
2014-06-15 17:00:00,31,12,19
2014-06-15 18:00:00,11,5,6
2014-06-15 19:00:00,9,3,6
2014-06-15 20:00:00,5,3,2
2014-06-15 21:00:00,6,5,1
2014-06-15 22:00:00,4,3,1
2014-06-15 23:00:00,12,12,0
2014-06-16 00:00:00,1,1,0
2014-06-16 01:00:00,0,0,0
2014-06-16 02:00:00,1,1,0
2014-06-16 03:00:00,1,0,1
2014-06-16 04:00:00,2,1,1
2014-06-16 05:00:00,18,4,14
2014-06-16 06:00:00,55,6,49
2014-06-16 07:00:00,115,11,104
2014-06-16 08:00:00,100,9,91
2014-06-16 09:00:00,45,8,37
2014-06-16 10:00:00,19,5,14
2014-06-16 11:00:00,9,4,5
2014-06-16 12:00:00,15,5,10
2014-06-16 13:00:00,12,2,10
2014-06-16 14:00:00,35,25,10
2014-06-16 15:00:00,56,36,20
2014-06-16 16:00:00,74,53,21
2014-06-16 17:00:00,139,114,25
2014-06-16 18:00:00,104,85,19
2014-06-16 19:00:00,42,29,13
2014-06-16 20:00:00,26,20,6
2014-06-16 21:00:00,21,12,9
2014-06-16 22:00:00,7,6,1
2014-06-16 23:00:00,5,4,1
2014-06-17 00:00:00,4,3,1
2014-06-17 01:00:00,1,0,1
2014-06-17 02:00:00,2,2,0
2014-06-17 03:00:00,0,0,0
2014-06-17 04:00:00,0,0,0
2014-06-17 05:00:00,21,4,17
2014-06-17 06:00:00,76,9,67
2014-06-17 07:00:00,137,17,120
2014-06-17 08:00:00,131,11,120
2014-06-17 09:00:00,54,7,47
2014-06-17 10:00:00,34,4,30
2014-06-17 11:00:00,18,8,10
2014-06-17 12:00:00,23,10,13
2014-06-17 13:00:00,24,10,14
2014-06-17 14:00:00,24,12,12
2014-06-17 15:00:00,45,28,17
2014-06-17 16:00:00,94,83,11
2014-06-17 17:00:00,161,131,30
2014-06-17 18:00:00,126,106,20
2014-06-17 19:00:00,50,34,16
2014-06-17 20:00:00,28,22,6
2014-06-17 21:00:00,12,8,4
2014-06-17 22:00:00,9,6,3
2014-06-17 23:00:00,5,4,1
2014-06-18 00:00:00,5,4,1
2014-06-18 01:00:00,4,2,2
2014-06-18 02:00:00,3,1,2
2014-06-18 03:00:00,2,1,1
2014-06-18 04:00:00,8,4,4
2014-06-18 05:00:00,27,7,20
2014-06-18 06:00:00,109,19,90
2014-06-18 07:00:00,152,17,135
2014-06-18 08:00:00,151,10,141
2014-06-18 09:00:00,39,7,32
2014-06-18 10:00:00,38,11,27
2014-06-18 11:00:00,23,7,16
2014-06-18 12:00:00,25,13,12
2014-06-18 13:00:00,28,17,11
2014-06-18 14:00:00,42,23,19
2014-06-18 15:00:00,55,37,18
2014-06-18 16:00:00,119,90,29
2014-06-18 17:00:00,163,92,71
2014-06-18 18:00:00,123,62,61
2014-06-18 19:00:00,34,26,8
2014-06-18 20:00:00,36,25,11
2014-06-18 21:00:00,17,12,5
2014-06-18 22:00:00,10,6,4
2014-06-18 23:00:00,7,3,4
2014-06-19 00:00:00,7,4,3
2014-06-19 01:00:00,3,1,2
2014-06-19 02:00:00,0,0,0
2014-06-19 03:00:00,1,1,0
2014-06-19 04:00:00,6,1,5
2014-06-19 05:00:00,26,4,22
2014-06-19 06:00:00,103,12,91
2014-06-19 07:00:00,151,21,130
2014-06-19 08:00:00,136,18,118
2014-06-19 09:00:00,49,6,43
2014-06-19 10:00:00,24,1,23
2014-06-19 11:00:00,27,16,11
2014-06-19 12:00:00,34,15,19
2014-06-19 13:00:00,42,22,20
2014-06-19 14:00:00,41,27,14
2014-06-19 15:00:00,57,30,27
2014-06-19 16:00:00,110,88,22
2014-06-19 17:00:00,196,162,34
2014-06-19 18:00:00,128,109,19
2014-06-19 19:00:00,59,39,20
2014-06-19 20:00:00,32,21,11
2014-06-19 21:00:00,22,20,2
2014-06-19 22:00:00,13,6,7
2014-06-19 23:00:00,3,3,0
2014-06-20 00:00:00,3,3,0
2014-06-20 01:00:00,2,2,0
2014-06-20 02:00:00,1,1,0
2014-06-20 03:00:00,2,0,2
2014-06-20 04:00:00,2,0,2
2014-06-20 05:00:00,31,5,26
2014-06-20 06:00:00,53,4,49
2014-06-20 07:00:00,118,17,101
2014-06-20 08:00:00,119,11,108
2014-06-20 09:00:00,52,10,42
2014-06-20 10:00:00,29,7,22
2014-06-20 11:00:00,14,7,7
2014-06-20 12:00:00,32,19,13
2014-06-20 13:00:00,18,8,10
2014-06-20 14:00:00,33,25,8
2014-06-20 15:00:00,60,38,22
2014-06-20 16:00:00,103,74,29
2014-06-20 17:00:00,168,139,29
2014-06-20 18:00:00,79,68,11
2014-06-20 19:00:00,36,27,9
2014-06-20 20:00:00,21,12,9
2014-06-20 21:00:00,15,4,11
2014-06-20 22:00:00,21,12,9
2014-06-20 23:00:00,8,4,4
2014-06-21 00:00:00,7,5,2
2014-06-21 01:00:00,13,5,8
2014-06-21 02:00:00,1,1,0
2014-06-21 03:00:00,0,0,0
2014-06-21 04:00:00,1,0,1
2014-06-21 05:00:00,5,0,5
2014-06-21 06:00:00,6,3,3
2014-06-21 07:00:00,40,20,20
2014-06-21 08:00:00,56,32,24
2014-06-21 09:00:00,77,37,40
2014-06-21 10:00:00,86,37,49
2014-06-21 11:00:00,93,39,54
2014-06-21 12:00:00,89,34,55
2014-06-21 13:00:00,102,26,76
2014-06-21 14:00:00,118,43,75
2014-06-21 15:00:00,83,37,46
2014-06-21 16:00:00,92,53,39
2014-06-21 17:00:00,85,55,30
2014-06-21 18:00:00,53,37,16
2014-06-21 19:00:00,42,29,13
2014-06-21 20:00:00,36,24,12
2014-06-21 21:00:00,29,23,6
2014-06-21 22:00:00,9,5,4
2014-06-21 23:00:00,12,6,6
2014-06-22 00:00:00,10,7,3
2014-06-22 01:00:00,6,4,2
2014-06-22 02:00:00,4,1,3
2014-06-22 03:00:00,3,2,1
2014-06-22 04:00:00,3,2,1
2014-06-22 05:00:00,3,0,3
2014-06-22 06:00:00,9,1,8
2014-06-22 07:00:00,23,11,12
2014-06-22 08:00:00,49,25,24
2014-06-22 09:00:00,60,24,36
2014-06-22 10:00:00,86,43,43
2014-06-22 11:00:00,49,22,27
2014-06-22 12:00:00,88,39,49
2014-06-22 13:00:00,97,45,52
2014-06-22 14:00:00,84,44,40
2014-06-22 15:00:00,63,26,37
2014-06-22 16:00:00,66,32,34
2014-06-22 17:00:00,60,32,28
2014-06-22 18:00:00,52,36,16
2014-06-22 19:00:00,36,18,18
2014-06-22 20:00:00,26,13,13
2014-06-22 21:00:00,15,9,6
2014-06-22 22:00:00,14,8,6
2014-06-22 23:00:00,4,3,1
2014-06-23 00:00:00,4,1,3
2014-06-23 01:00:00,0,0,0
2014-06-23 02:00:00,1,0,1
2014-06-23 03:00:00,3,1,2
2014-06-23 04:00:00,4,3,1
2014-06-23 05:00:00,33,8,25
2014-06-23 06:00:00,82,11,71
2014-06-23 07:00:00,155,15,140
2014-06-23 08:00:00,143,13,130
2014-06-23 09:00:00,63,7,56
2014-06-23 10:00:00,30,9,21
2014-06-23 11:00:00,46,12,34
2014-06-23 12:00:00,40,20,20
2014-06-23 13:00:00,41,21,20
2014-06-23 14:00:00,43,24,19
2014-06-23 15:00:00,58,39,19
2014-06-23 16:00:00,95,72,23
2014-06-23 17:00:00,217,181,36
2014-06-23 18:00:00,141,125,16
2014-06-23 19:00:00,77,60,17
2014-06-23 20:00:00,38,22,16
2014-06-23 21:00:00,16,13,3
2014-06-23 22:00:00,7,3,4
2014-06-23 23:00:00,3,2,1
2014-06-24 00:00:00,6,4,2
2014-06-24 01:00:00,1,1,0
2014-06-24 02:00:00,3,2,1
2014-06-24 03:00:00,2,1,1
2014-06-24 04:00:00,6,2,4
2014-06-24 05:00:00,29,5,24
2014-06-24 06:00:00,68,15,53
2014-06-24 07:00:00,129,16,113
2014-06-24 08:00:00,132,8,124
2014-06-24 09:00:00,51,8,43
2014-06-24 10:00:00,23,7,16
2014-06-24 11:00:00,16,6,10
2014-06-24 12:00:00,35,16,19
2014-06-24 13:00:00,29,16,13
2014-06-24 14:00:00,34,19,15
2014-06-24 15:00:00,65,40,25
2014-06-24 16:00:00,91,70,21
2014-06-24 17:00:00,185,155,30
2014-06-24 18:00:00,117,101,16
2014-06-24 19:00:00,69,50,19
2014-06-24 20:00:00,36,23,13
2014-06-24 21:00:00,17,11,6
2014-06-24 22:00:00,19,15,4
2014-06-24 23:00:00,9,5,4
2014-06-25 00:00:00,2,1,1
2014-06-25 01:00:00,1,1,0
2014-06-25 02:00:00,0,0,0
2014-06-25 03:00:00,1,0,1
2014-06-25 04:00:00,8,3,5
2014-06-25 05:00:00,35,5,30
2014-06-25 06:00:00,84,8,76
2014-06-25 07:00:00,160,21,139
2014-06-25 08:00:00,145,17,128
2014-06-25 09:00:00,65,5,60
2014-06-25 10:00:00,46,16,30
2014-06-25 11:00:00,33,13,20
2014-06-25 12:00:00,31,16,15
2014-06-25 13:00:00,42,18,24
2014-06-25 14:00:00,46,20,26
2014-06-25 15:00:00,65,44,21
2014-06-25 16:00:00,130,99,31
2014-06-25 17:00:00,185,156,29
2014-06-25 18:00:00,124,94,30
2014-06-25 19:00:00,68,54,14
2014-06-25 20:00:00,40,26,14
2014-06-25 21:00:00,25,13,12
2014-06-25 22:00:00,26,21,5
2014-06-25 23:00:00,12,9,3
2014-06-26 00:00:00,8,6,2
2014-06-26 01:00:00,6,3,3
2014-06-26 02:00:00,1,1,0
2014-06-26 03:00:00,1,1,0
2014-06-26 04:00:00,7,3,4
2014-06-26 05:00:00,32,6,26
2014-06-26 06:00:00,77,14,63
2014-06-26 07:00:00,154,17,137
2014-06-26 08:00:00,120,14,106
2014-06-26 09:00:00,67,9,58
2014-06-26 10:00:00,21,9,12
2014-06-26 11:00:00,21,10,11
2014-06-26 12:00:00,28,13,15
2014-06-26 13:00:00,25,7,18
2014-06-26 14:00:00,33,11,22
2014-06-26 15:00:00,63,41,22
2014-06-26 16:00:00,99,69,30
2014-06-26 17:00:00,168,142,26
2014-06-26 18:00:00,126,102,24
2014-06-26 19:00:00,65,49,16
2014-06-26 20:00:00,28,18,10
2014-06-26 21:00:00,28,20,8
2014-06-26 22:00:00,11,7,4
2014-06-26 23:00:00,9,6,3
2014-06-27 00:00:00,4,3,1
2014-06-27 01:00:00,9,8,1
2014-06-27 02:00:00,2,2,0
2014-06-27 03:00:00,2,1,1
2014-06-27 04:00:00,5,1,4
2014-06-27 05:00:00,15,6,9
2014-06-27 06:00:00,45,5,40
2014-06-27 07:00:00,77,6,71
2014-06-27 08:00:00,69,12,57
2014-06-27 09:00:00,39,8,31
2014-06-27 10:00:00,16,4,12
2014-06-27 11:00:00,26,8,18
2014-06-27 12:00:00,17,8,9
2014-06-27 13:00:00,24,11,13
2014-06-27 14:00:00,31,25,6
2014-06-27 15:00:00,40,22,18
2014-06-27 16:00:00,66,52,14
2014-06-27 17:00:00,101,77,24
2014-06-27 18:00:00,64,50,14
2014-06-27 19:00:00,24,20,4
2014-06-27 20:00:00,11,6,5
2014-06-27 21:00:00,11,8,3
2014-06-27 22:00:00,7,6,1
2014-06-27 23:00:00,5,3,2
2014-06-28 00:00:00,3,2,1
2014-06-28 01:00:00,2,2,0
2014-06-28 02:00:00,1,0,1
2014-06-28 03:00:00,0,0,0
2014-06-28 04:00:00,1,1,0
2014-06-28 05:00:00,3,0,3
2014-06-28 06:00:00,8,1,7
2014-06-28 07:00:00,13,5,8
2014-06-28 08:00:00,26,11,15
2014-06-28 09:00:00,40,11,29
2014-06-28 10:00:00,25,14,11
2014-06-28 11:00:00,60,29,31
2014-06-28 12:00:00,55,24,31
2014-06-28 13:00:00,40,23,17
2014-06-28 14:00:00,46,21,25
2014-06-28 15:00:00,49,25,24
2014-06-28 16:00:00,31,15,16
2014-06-28 17:00:00,36,17,19
2014-06-28 18:00:00,33,17,16
2014-06-28 19:00:00,26,17,9
2014-06-28 20:00:00,16,8,8
2014-06-28 21:00:00,20,11,9
2014-06-28 22:00:00,10,6,4
2014-06-28 23:00:00,5,3,2
2014-06-29 00:00:00,3,3,0
2014-06-29 01:00:00,1,0,1
2014-06-29 02:00:00,2,2,0
2014-06-29 03:00:00,2,2,0
2014-06-29 04:00:00,0,0,0
2014-06-29 05:00:00,7,3,4
2014-06-29 06:00:00,12,2,10
2014-06-29 07:00:00,16,7,9
2014-06-29 08:00:00,26,9,17
2014-06-29 09:00:00,55,23,32
2014-06-29 10:00:00,66,27,39
2014-06-29 11:00:00,69,29,40
2014-06-29 12:00:00,70,38,32
2014-06-29 13:00:00,70,37,33
2014-06-29 14:00:00,87,40,47
2014-06-29 15:00:00,77,43,34
2014-06-29 16:00:00,64,35,29
2014-06-29 17:00:00,53,29,24
2014-06-29 18:00:00,47,25,22
2014-06-29 19:00:00,14,2,12
2014-06-29 20:00:00,17,12,5
2014-06-29 21:00:00,7,6,1
2014-06-29 22:00:00,12,5,7
2014-06-29 23:00:00,4,1,3
2014-06-30 00:00:00,1,1,0
2014-06-30 01:00:00,3,3,0
2014-06-30 02:00:00,2,1,1
2014-06-30 03:00:00,2,1,1
2014-06-30 04:00:00,6,2,4
2014-06-30 05:00:00,35,7,28
2014-06-30 06:00:00,94,11,83
2014-06-30 07:00:00,141,14,127
2014-06-30 08:00:00,138,14,124
2014-06-30 09:00:00,67,14,53
2014-06-30 10:00:00,35,8,27
2014-06-30 11:00:00,25,9,16
2014-06-30 12:00:00,31,16,15
2014-06-30 13:00:00,50,24,26
2014-06-30 14:00:00,29,22,7
2014-06-30 15:00:00,57,40,17
2014-06-30 16:00:00,125,99,26
2014-06-30 17:00:00,205,176,29
2014-06-30 18:00:00,155,126,29
2014-06-30 19:00:00,70,52,18
2014-06-30 20:00:00,42,16,26
2014-06-30 21:00:00,23,14,9
2014-06-30 22:00:00,15,9,6
2014-06-30 23:00:00,8,6,2
2014-07-01 00:00:00,6,4,2
2014-07-01 01:00:00,3,1,2
2014-07-01 02:00:00,1,1,0
2014-07-01 03:00:00,2,0,2
2014-07-01 04:00:00,5,0,5
2014-07-01 05:00:00,32,6,26
2014-07-01 06:00:00,114,19,95
2014-07-01 07:00:00,155,27,128
2014-07-01 08:00:00,172,18,154
2014-07-01 09:00:00,73,10,63
2014-07-01 10:00:00,40,13,27
2014-07-01 11:00:00,29,10,19
2014-07-01 12:00:00,28,11,17
2014-07-01 13:00:00,36,18,18
2014-07-01 14:00:00,32,23,9
2014-07-01 15:00:00,59,39,20
2014-07-01 16:00:00,109,86,23
2014-07-01 17:00:00,221,188,33
2014-07-01 18:00:00,164,139,25
2014-07-01 19:00:00,95,65,30
2014-07-01 20:00:00,44,22,22
2014-07-01 21:00:00,22,9,13
2014-07-01 22:00:00,11,8,3
2014-07-01 23:00:00,14,10,4
2014-07-02 00:00:00,8,6,2
2014-07-02 01:00:00,4,2,2
2014-07-02 02:00:00,0,0,0
2014-07-02 03:00:00,4,1,3
2014-07-02 04:00:00,7,2,5
2014-07-02 05:00:00,33,5,28
2014-07-02 06:00:00,97,15,82
2014-07-02 07:00:00,159,20,139
2014-07-02 08:00:00,144,19,125
2014-07-02 09:00:00,80,19,61
2014-07-02 10:00:00,40,8,32
2014-07-02 11:00:00,31,13,18
2014-07-02 12:00:00,28,12,16
2014-07-02 13:00:00,43,22,21
2014-07-02 14:00:00,38,23,15
2014-07-02 15:00:00,60,39,21
2014-07-02 16:00:00,102,77,25
2014-07-02 17:00:00,194,159,35
2014-07-02 18:00:00,161,136,25
2014-07-02 19:00:00,68,56,12
2014-07-02 20:00:00,50,29,21
2014-07-02 21:00:00,25,13,12
2014-07-02 22:00:00,6,5,1
2014-07-02 23:00:00,13,10,3
2014-07-03 00:00:00,4,3,1
2014-07-03 01:00:00,2,1,1
2014-07-03 02:00:00,1,1,0
2014-07-03 03:00:00,1,0,1
2014-07-03 04:00:00,3,1,2
2014-07-03 05:00:00,21,5,16
2014-07-03 06:00:00,82,8,74
2014-07-03 07:00:00,113,19,94
2014-07-03 08:00:00,114,16,98
2014-07-03 09:00:00,53,10,43
2014-07-03 10:00:00,38,14,24
2014-07-03 11:00:00,27,10,17
2014-07-03 12:00:00,27,11,16
2014-07-03 13:00:00,41,25,16
2014-07-03 14:00:00,35,23,12
2014-07-03 15:00:00,83,57,26
2014-07-03 16:00:00,99,79,20
2014-07-03 17:00:00,125,99,26
2014-07-03 18:00:00,79,63,16
2014-07-03 19:00:00,43,35,8
2014-07-03 20:00:00,30,22,8
2014-07-03 21:00:00,20,10,10
2014-07-03 22:00:00,10,6,4
2014-07-03 23:00:00,9,6,3
2014-07-04 00:00:00,13,6,7
2014-07-04 01:00:00,4,1,3
2014-07-04 02:00:00,2,2,0
2014-07-04 03:00:00,1,0,1
2014-07-04 04:00:00,2,1,1
2014-07-04 05:00:00,8,2,6
2014-07-04 06:00:00,18,5,13
2014-07-04 07:00:00,32,11,21
2014-07-04 08:00:00,39,19,20
2014-07-04 09:00:00,70,32,38
2014-07-04 10:00:00,81,48,33
2014-07-04 11:00:00,78,38,40
2014-07-04 12:00:00,103,41,62
2014-07-04 13:00:00,76,35,41
2014-07-04 14:00:00,73,46,27
2014-07-04 15:00:00,83,48,35
2014-07-04 16:00:00,72,36,36
2014-07-04 17:00:00,43,31,12
2014-07-04 18:00:00,32,15,17
2014-07-04 19:00:00,17,3,14
2014-07-04 20:00:00,10,4,6
2014-07-04 21:00:00,15,6,9
2014-07-04 22:00:00,12,7,5
2014-07-04 23:00:00,14,10,4
2014-07-05 00:00:00,17,14,3
2014-07-05 01:00:00,8,6,2
2014-07-05 02:00:00,4,4,0
2014-07-05 03:00:00,3,2,1
2014-07-05 04:00:00,3,0,3
2014-07-05 05:00:00,6,1,5
2014-07-05 06:00:00,7,1,6
2014-07-05 07:00:00,17,3,14
2014-07-05 08:00:00,28,13,15
2014-07-05 09:00:00,45,22,23
2014-07-05 10:00:00,48,19,29
2014-07-05 11:00:00,45,26,19
2014-07-05 12:00:00,67,45,22
2014-07-05 13:00:00,69,32,37
2014-07-05 14:00:00,57,25,32
2014-07-05 15:00:00,38,21,17
2014-07-05 16:00:00,43,19,24
2014-07-05 17:00:00,25,17,8
2014-07-05 18:00:00,36,13,23
2014-07-05 19:00:00,24,14,10
2014-07-05 20:00:00,17,9,8
2014-07-05 21:00:00,5,2,3
2014-07-05 22:00:00,5,1,4
2014-07-05 23:00:00,4,1,3
2014-07-06 00:00:00,4,4,0
2014-07-06 01:00:00,2,2,0
2014-07-06 02:00:00,3,1,2
2014-07-06 03:00:00,1,1,0
2014-07-06 04:00:00,1,0,1
2014-07-06 05:00:00,3,0,3
2014-07-06 06:00:00,9,3,6
2014-07-06 07:00:00,11,3,8
2014-07-06 08:00:00,44,23,21
2014-07-06 09:00:00,41,23,18
2014-07-06 10:00:00,80,35,45
2014-07-06 11:00:00,68,36,32
2014-07-06 12:00:00,119,59,60
2014-07-06 13:00:00,101,55,46
2014-07-06 14:00:00,114,54,60
2014-07-06 15:00:00,75,40,35
2014-07-06 16:00:00,85,54,31
2014-07-06 17:00:00,82,45,37
2014-07-06 18:00:00,38,19,19
2014-07-06 19:00:00,53,29,24
2014-07-06 20:00:00,24,10,14
2014-07-06 21:00:00,7,2,5
2014-07-06 22:00:00,11,7,4
2014-07-06 23:00:00,3,2,1
2014-07-07 00:00:00,2,2,0
2014-07-07 01:00:00,2,1,1
2014-07-07 02:00:00,2,1,1
2014-07-07 03:00:00,5,3,2
2014-07-07 04:00:00,3,0,3
2014-07-07 05:00:00,21,5,16
2014-07-07 06:00:00,86,7,79
2014-07-07 07:00:00,152,16,136
2014-07-07 08:00:00,127,10,117
2014-07-07 09:00:00,63,10,53
2014-07-07 10:00:00,30,11,19
2014-07-07 11:00:00,25,9,16
2014-07-07 12:00:00,34,20,14
2014-07-07 13:00:00,30,14,16
2014-07-07 14:00:00,41,21,20
2014-07-07 15:00:00,55,38,17
2014-07-07 16:00:00,111,76,35
2014-07-07 17:00:00,180,150,30
2014-07-07 18:00:00,135,112,23
2014-07-07 19:00:00,83,57,26
2014-07-07 20:00:00,21,16,5
2014-07-07 21:00:00,22,17,5
2014-07-07 22:00:00,9,7,2
2014-07-07 23:00:00,9,7,2
2014-07-08 00:00:00,8,6,2
2014-07-08 01:00:00,3,2,1
2014-07-08 02:00:00,0,0,0
2014-07-08 03:00:00,2,1,1
2014-07-08 04:00:00,6,2,4
2014-07-08 05:00:00,30,5,25
2014-07-08 06:00:00,95,16,79
2014-07-08 07:00:00,175,20,155
2014-07-08 08:00:00,168,13,155
2014-07-08 09:00:00,65,5,60
2014-07-08 10:00:00,46,14,32
2014-07-08 11:00:00,28,12,16
2014-07-08 12:00:00,40,15,25
2014-07-08 13:00:00,41,21,20
2014-07-08 14:00:00,45,20,25
2014-07-08 15:00:00,64,40,24
2014-07-08 16:00:00,125,96,29
2014-07-08 17:00:00,220,184,36
2014-07-08 18:00:00,133,112,21
2014-07-08 19:00:00,85,59,26
2014-07-08 20:00:00,52,38,14
2014-07-08 21:00:00,24,18,6
2014-07-08 22:00:00,28,16,12
2014-07-08 23:00:00,8,3,5
2014-07-09 00:00:00,5,3,2
2014-07-09 01:00:00,3,1,2
2014-07-09 02:00:00,6,4,2
2014-07-09 03:00:00,3,1,2
2014-07-09 04:00:00,5,1,4
2014-07-09 05:00:00,37,5,32
2014-07-09 06:00:00,87,8,79
2014-07-09 07:00:00,172,20,152
2014-07-09 08:00:00,151,16,135
2014-07-09 09:00:00,53,9,44
2014-07-09 10:00:00,46,9,37
2014-07-09 11:00:00,35,9,26
2014-07-09 12:00:00,44,21,23
2014-07-09 13:00:00,38,16,22
2014-07-09 14:00:00,39,27,12
2014-07-09 15:00:00,48,35,13
2014-07-09 16:00:00,117,86,31
2014-07-09 17:00:00,199,165,34
2014-07-09 18:00:00,155,131,24
2014-07-09 19:00:00,73,51,22
2014-07-09 20:00:00,51,36,15
2014-07-09 21:00:00,41,25,16
2014-07-09 22:00:00,18,8,10
2014-07-09 23:00:00,16,12,4
2014-07-10 00:00:00,14,9,5
2014-07-10 01:00:00,1,1,0
2014-07-10 02:00:00,6,4,2
2014-07-10 03:00:00,3,2,1
2014-07-10 04:00:00,2,1,1
2014-07-10 05:00:00,27,3,24
2014-07-10 06:00:00,97,13,84
2014-07-10 07:00:00,156,23,133
2014-07-10 08:00:00,144,13,131
2014-07-10 09:00:00,54,6,48
2014-07-10 10:00:00,42,15,27
2014-07-10 11:00:00,34,12,22
2014-07-10 12:00:00,34,17,17
2014-07-10 13:00:00,33,12,21
2014-07-10 14:00:00,42,29,13
2014-07-10 15:00:00,46,33,13
2014-07-10 16:00:00,93,71,22
2014-07-10 17:00:00,182,147,35
2014-07-10 18:00:00,134,113,21
2014-07-10 19:00:00,61,45,16
2014-07-10 20:00:00,54,36,18
2014-07-10 21:00:00,39,30,9
2014-07-10 22:00:00,12,10,2
2014-07-10 23:00:00,6,3,3
2014-07-11 00:00:00,3,2,1
2014-07-11 01:00:00,5,5,0
2014-07-11 02:00:00,1,1,0
2014-07-11 03:00:00,3,0,3
2014-07-11 04:00:00,8,3,5
2014-07-11 05:00:00,29,5,24
2014-07-11 06:00:00,80,14,66
2014-07-11 07:00:00,134,14,120
2014-07-11 08:00:00,105,8,97
2014-07-11 09:00:00,71,14,57
2014-07-11 10:00:00,36,11,25
2014-07-11 11:00:00,32,11,21
2014-07-11 12:00:00,35,17,18
2014-07-11 13:00:00,52,17,35
2014-07-11 14:00:00,48,25,23
2014-07-11 15:00:00,72,52,20
2014-07-11 16:00:00,109,82,27
2014-07-11 17:00:00,144,128,16
2014-07-11 18:00:00,102,82,20
2014-07-11 19:00:00,54,36,18
2014-07-11 20:00:00,28,16,12
2014-07-11 21:00:00,16,6,10
2014-07-11 22:00:00,22,10,12
2014-07-11 23:00:00,8,6,2
2014-07-12 00:00:00,3,2,1
2014-07-12 01:00:00,5,2,3
2014-07-12 02:00:00,2,1,1
2014-07-12 03:00:00,4,1,3
2014-07-12 04:00:00,11,1,10
2014-07-12 05:00:00,16,1,15
2014-07-12 06:00:00,19,5,14
2014-07-12 07:00:00,32,16,16
2014-07-12 08:00:00,50,33,17
2014-07-12 09:00:00,71,20,51
2014-07-12 10:00:00,59,33,26
2014-07-12 11:00:00,71,40,31
2014-07-12 12:00:00,59,31,28
2014-07-12 13:00:00,60,29,31
2014-07-12 14:00:00,70,33,37
2014-07-12 15:00:00,58,35,23
2014-07-12 16:00:00,58,35,23
2014-07-12 17:00:00,53,26,27
2014-07-12 18:00:00,36,25,11
2014-07-12 19:00:00,49,24,25
2014-07-12 20:00:00,27,13,14
2014-07-12 21:00:00,26,16,10
2014-07-12 22:00:00,10,4,6
2014-07-12 23:00:00,24,8,16
2014-07-13 00:00:00,13,3,10
2014-07-13 01:00:00,11,7,4
2014-07-13 02:00:00,5,3,2
2014-07-13 03:00:00,1,0,1
2014-07-13 04:00:00,3,2,1
2014-07-13 05:00:00,1,1,0
2014-07-13 06:00:00,18,5,13
2014-07-13 07:00:00,28,9,19
2014-07-13 08:00:00,52,28,24
2014-07-13 09:00:00,63,27,36
2014-07-13 10:00:00,77,32,45
2014-07-13 11:00:00,52,33,19
2014-07-13 12:00:00,66,29,37
2014-07-13 13:00:00,36,17,19
2014-07-13 14:00:00,38,23,15
2014-07-13 15:00:00,60,26,34
2014-07-13 16:00:00,46,23,23
2014-07-13 17:00:00,46,21,25
2014-07-13 18:00:00,33,13,20
2014-07-13 19:00:00,37,20,17
2014-07-13 20:00:00,14,5,9
2014-07-13 21:00:00,9,5,4
2014-07-13 22:00:00,18,15,3
2014-07-13 23:00:00,9,5,4
2014-07-14 00:00:00,3,1,2
2014-07-14 01:00:00,2,1,1
2014-07-14 02:00:00,1,0,1
2014-07-14 03:00:00,1,1,0
2014-07-14 04:00:00,6,1,5
2014-07-14 05:00:00,22,6,16
2014-07-14 06:00:00,77,7,70
2014-07-14 07:00:00,161,15,146
2014-07-14 08:00:00,140,14,126
2014-07-14 09:00:00,65,9,56
2014-07-14 10:00:00,41,18,23
2014-07-14 11:00:00,31,12,19
2014-07-14 12:00:00,29,12,17
2014-07-14 13:00:00,29,10,19
2014-07-14 14:00:00,37,22,15
2014-07-14 15:00:00,35,20,15
2014-07-14 16:00:00,109,82,27
2014-07-14 17:00:00,209,177,32
2014-07-14 18:00:00,133,119,14
2014-07-14 19:00:00,63,45,18
2014-07-14 20:00:00,35,20,15
2014-07-14 21:00:00,21,12,9
2014-07-14 22:00:00,9,4,5
2014-07-14 23:00:00,9,6,3
2014-07-15 00:00:00,3,3,0
2014-07-15 01:00:00,2,2,0
2014-07-15 02:00:00,2,2,0
2014-07-15 03:00:00,3,0,3
2014-07-15 04:00:00,4,2,2
2014-07-15 05:00:00,38,7,31
2014-07-15 06:00:00,88,13,75
2014-07-15 07:00:00,154,14,140
2014-07-15 08:00:00,155,15,140
2014-07-15 09:00:00,59,9,50
2014-07-15 10:00:00,30,10,20
2014-07-15 11:00:00,41,20,21
2014-07-15 12:00:00,28,14,14
2014-07-15 13:00:00,31,15,16
2014-07-15 14:00:00,30,16,14
2014-07-15 15:00:00,42,32,10
2014-07-15 16:00:00,101,79,22
2014-07-15 17:00:00,203,174,29
2014-07-15 18:00:00,161,130,31
2014-07-15 19:00:00,73,51,22
2014-07-15 20:00:00,46,32,14
2014-07-15 21:00:00,25,15,10
2014-07-15 22:00:00,15,11,4
2014-07-15 23:00:00,9,7,2
2014-07-16 00:00:00,1,1,0
2014-07-16 01:00:00,2,1,1
2014-07-16 02:00:00,0,0,0
2014-07-16 03:00:00,0,0,0
2014-07-16 04:00:00,7,1,6
2014-07-16 05:00:00,24,4,20
2014-07-16 06:00:00,82,15,67
2014-07-16 07:00:00,186,20,166
2014-07-16 08:00:00,151,8,143
2014-07-16 09:00:00,68,7,61
2014-07-16 10:00:00,34,14,20
2014-07-16 11:00:00,32,16,16
2014-07-16 12:00:00,45,23,22
2014-07-16 13:00:00,27,15,12
2014-07-16 14:00:00,39,23,16
2014-07-16 15:00:00,50,37,13
2014-07-16 16:00:00,108,84,24
2014-07-16 17:00:00,210,177,33
2014-07-16 18:00:00,132,114,18
2014-07-16 19:00:00,90,71,19
2014-07-16 20:00:00,51,32,19
2014-07-16 21:00:00,27,17,10
2014-07-16 22:00:00,23,13,10
2014-07-16 23:00:00,15,5,10
2014-07-17 00:00:00,2,2,0
2014-07-17 01:00:00,4,2,2
2014-07-17 02:00:00,4,2,2
2014-07-17 03:00:00,3,1,2
2014-07-17 04:00:00,10,2,8
2014-07-17 05:00:00,22,3,19
2014-07-17 06:00:00,90,12,78
2014-07-17 07:00:00,146,16,130
2014-07-17 08:00:00,138,15,123
2014-07-17 09:00:00,57,4,53
2014-07-17 10:00:00,25,6,19
2014-07-17 11:00:00,21,10,11
2014-07-17 12:00:00,30,12,18
2014-07-17 13:00:00,41,20,21
2014-07-17 14:00:00,24,19,5
2014-07-17 15:00:00,47,33,14
2014-07-17 16:00:00,101,74,27
2014-07-17 17:00:00,178,149,29
2014-07-17 18:00:00,144,105,39
2014-07-17 19:00:00,72,54,18
2014-07-17 20:00:00,62,40,22
2014-07-17 21:00:00,24,11,13
2014-07-17 22:00:00,17,10,7
2014-07-17 23:00:00,5,2,3
2014-07-18 00:00:00,6,3,3
2014-07-18 01:00:00,8,5,3
2014-07-18 02:00:00,1,0,1
2014-07-18 03:00:00,2,0,2
2014-07-18 04:00:00,6,1,5
2014-07-18 05:00:00,24,6,18
2014-07-18 06:00:00,67,9,58
2014-07-18 07:00:00,132,14,118
2014-07-18 08:00:00,113,11,102
2014-07-18 09:00:00,54,14,40
2014-07-18 10:00:00,42,15,27
2014-07-18 11:00:00,43,14,29
2014-07-18 12:00:00,48,25,23
2014-07-18 13:00:00,30,16,14
2014-07-18 14:00:00,52,29,23
2014-07-18 15:00:00,63,45,18
2014-07-18 16:00:00,102,77,25
2014-07-18 17:00:00,143,117,26
2014-07-18 18:00:00,78,64,14
2014-07-18 19:00:00,45,36,9
2014-07-18 20:00:00,33,20,13
2014-07-18 21:00:00,19,11,8
2014-07-18 22:00:00,7,5,2
2014-07-18 23:00:00,3,2,1
2014-07-19 00:00:00,12,5,7
2014-07-19 01:00:00,1,1,0
2014-07-19 02:00:00,1,0,1
2014-07-19 03:00:00,2,1,1
2014-07-19 04:00:00,2,2,0
2014-07-19 05:00:00,7,2,5
2014-07-19 06:00:00,9,3,6
2014-07-19 07:00:00,18,4,14
2014-07-19 08:00:00,25,12,13
2014-07-19 09:00:00,44,21,23
2014-07-19 10:00:00,40,17,23
2014-07-19 11:00:00,48,21,27
2014-07-19 12:00:00,42,17,25
2014-07-19 13:00:00,52,25,27
2014-07-19 14:00:00,62,34,28
2014-07-19 15:00:00,57,34,23
2014-07-19 16:00:00,51,28,23
2014-07-19 17:00:00,51,26,25
2014-07-19 18:00:00,41,16,25
2014-07-19 19:00:00,23,15,8
2014-07-19 20:00:00,27,20,7
2014-07-19 21:00:00,9,2,7
2014-07-19 22:00:00,7,4,3
2014-07-19 23:00:00,2,2,0
2014-07-20 00:00:00,2,2,0
2014-07-20 01:00:00,4,3,1
2014-07-20 02:00:00,2,2,0
2014-07-20 03:00:00,0,0,0
2014-07-20 04:00:00,2,1,1
2014-07-20 05:00:00,6,0,6
2014-07-20 06:00:00,14,3,11
2014-07-20 07:00:00,4,1,3
2014-07-20 08:00:00,36,18,18
2014-07-20 09:00:00,26,10,16
2014-07-20 10:00:00,35,17,18
2014-07-20 11:00:00,55,30,25
2014-07-20 12:00:00,58,28,30
2014-07-20 13:00:00,53,31,22
2014-07-20 14:00:00,64,23,41
2014-07-20 15:00:00,70,34,36
2014-07-20 16:00:00,47,23,24
2014-07-20 17:00:00,36,19,17
2014-07-20 18:00:00,24,19,5
2014-07-20 19:00:00,21,14,7
2014-07-20 20:00:00,15,9,6
2014-07-20 21:00:00,6,3,3
2014-07-20 22:00:00,4,2,2
2014-07-20 23:00:00,1,1,0
2014-07-21 00:00:00,5,1,4
2014-07-21 01:00:00,1,1,0
2014-07-21 02:00:00,2,2,0
2014-07-21 03:00:00,1,0,1
2014-07-21 04:00:00,5,1,4
2014-07-21 05:00:00,33,4,29
2014-07-21 06:00:00,81,9,72
2014-07-21 07:00:00,144,13,131
2014-07-21 08:00:00,145,11,134
2014-07-21 09:00:00,64,8,56
2014-07-21 10:00:00,26,7,19
2014-07-21 11:00:00,30,15,15
2014-07-21 12:00:00,27,13,14
2014-07-21 13:00:00,48,21,27
2014-07-21 14:00:00,38,25,13
2014-07-21 15:00:00,57,39,18
2014-07-21 16:00:00,107,79,28
2014-07-21 17:00:00,200,157,43
2014-07-21 18:00:00,181,155,26
2014-07-21 19:00:00,68,47,21
2014-07-21 20:00:00,79,54,25
2014-07-21 21:00:00,20,10,10
2014-07-21 22:00:00,17,13,4
2014-07-21 23:00:00,10,5,5
2014-07-22 00:00:00,5,4,1
2014-07-22 01:00:00,4,2,2
2014-07-22 02:00:00,3,2,1
2014-07-22 03:00:00,4,1,3
2014-07-22 04:00:00,7,3,4
2014-07-22 05:00:00,38,5,33
2014-07-22 06:00:00,92,6,86
2014-07-22 07:00:00,161,19,142
2014-07-22 08:00:00,154,14,140
2014-07-22 09:00:00,68,8,60
2014-07-22 10:00:00,24,3,21
2014-07-22 11:00:00,24,7,17
2014-07-22 12:00:00,28,13,15
2014-07-22 13:00:00,33,15,18
2014-07-22 14:00:00,36,23,13
2014-07-22 15:00:00,59,41,18
2014-07-22 16:00:00,99,80,19
2014-07-22 17:00:00,205,168,37
2014-07-22 18:00:00,151,128,23
2014-07-22 19:00:00,64,54,10
2014-07-22 20:00:00,25,18,7
2014-07-22 21:00:00,16,7,9
2014-07-22 22:00:00,17,11,6
2014-07-22 23:00:00,8,8,0
2014-07-23 00:00:00,3,3,0
2014-07-23 01:00:00,1,1,0
2014-07-23 02:00:00,1,0,1
2014-07-23 03:00:00,3,1,2
2014-07-23 04:00:00,5,2,3
2014-07-23 05:00:00,22,3,19
2014-07-23 06:00:00,69,7,62
2014-07-23 07:00:00,74,9,65
2014-07-23 08:00:00,75,7,68
2014-07-23 09:00:00,36,1,35
2014-07-23 10:00:00,8,2,6
2014-07-23 11:00:00,6,0,6
2014-07-23 12:00:00,10,5,5
2014-07-23 13:00:00,13,5,8
2014-07-23 14:00:00,11,10,1
2014-07-23 15:00:00,16,14,2
2014-07-23 16:00:00,41,34,7
2014-07-23 17:00:00,90,72,18
2014-07-23 18:00:00,63,58,5
2014-07-23 19:00:00,42,32,10
2014-07-23 20:00:00,20,8,12
2014-07-23 21:00:00,2,2,0
2014-07-23 22:00:00,4,4,0
2014-07-23 23:00:00,3,2,1
2014-07-24 00:00:00,1,0,1
2014-07-24 01:00:00,0,0,0
2014-07-24 02:00:00,5,3,2
2014-07-24 03:00:00,1,0,1
2014-07-24 04:00:00,4,0,4
2014-07-24 05:00:00,24,3,21
2014-07-24 06:00:00,58,7,51
2014-07-24 07:00:00,111,15,96
2014-07-24 08:00:00,104,10,94
2014-07-24 09:00:00,36,3,33
2014-07-24 10:00:00,24,1,23
2014-07-24 11:00:00,17,6,11
2014-07-24 12:00:00,23,6,17
2014-07-24 13:00:00,34,20,14
2014-07-24 14:00:00,26,15,11
2014-07-24 15:00:00,40,31,9
2014-07-24 16:00:00,76,57,19
2014-07-24 17:00:00,150,126,24
2014-07-24 18:00:00,90,74,16
2014-07-24 19:00:00,38,27,11
2014-07-24 20:00:00,23,15,8
2014-07-24 21:00:00,12,7,5
2014-07-24 22:00:00,15,11,4
2014-07-24 23:00:00,6,2,4
2014-07-25 00:00:00,6,0,6
2014-07-25 01:00:00,6,3,3
2014-07-25 02:00:00,12,1,11
2014-07-25 03:00:00,2,0,2
2014-07-25 04:00:00,7,0,7
2014-07-25 05:00:00,31,6,25
2014-07-25 06:00:00,63,7,56
2014-07-25 07:00:00,107,17,90
2014-07-25 08:00:00,115,15,100
2014-07-25 09:00:00,74,14,60
2014-07-25 10:00:00,65,12,53
2014-07-25 11:00:00,31,8,23
2014-07-25 12:00:00,32,19,13
2014-07-25 13:00:00,41,23,18
2014-07-25 14:00:00,60,45,15
2014-07-25 15:00:00,59,42,17
2014-07-25 16:00:00,108,85,23
2014-07-25 17:00:00,162,128,34
2014-07-25 18:00:00,108,86,22
2014-07-25 19:00:00,58,41,17
2014-07-25 20:00:00,39,19,20
2014-07-25 21:00:00,8,4,4
2014-07-25 22:00:00,9,7,2
2014-07-25 23:00:00,16,11,5
2014-07-26 00:00:00,6,6,0
2014-07-26 01:00:00,6,4,2
2014-07-26 02:00:00,1,0,1
2014-07-26 03:00:00,2,2,0
2014-07-26 04:00:00,1,0,1
2014-07-26 05:00:00,4,0,4
2014-07-26 06:00:00,19,8,11
2014-07-26 07:00:00,29,11,18
2014-07-26 08:00:00,52,18,34
2014-07-26 09:00:00,55,34,21
2014-07-26 10:00:00,60,25,35
2014-07-26 11:00:00,83,37,46
2014-07-26 12:00:00,96,52,44
2014-07-26 13:00:00,69,37,32
2014-07-26 14:00:00,85,41,44
2014-07-26 15:00:00,105,71,34
2014-07-26 16:00:00,75,39,36
2014-07-26 17:00:00,59,30,29
2014-07-26 18:00:00,60,34,26
2014-07-26 19:00:00,45,20,25
2014-07-26 20:00:00,27,13,14
2014-07-26 21:00:00,16,6,10
2014-07-26 22:00:00,11,4,7
2014-07-26 23:00:00,14,6,8
2014-07-27 00:00:00,7,3,4
2014-07-27 01:00:00,6,4,2
2014-07-27 02:00:00,4,1,3
2014-07-27 03:00:00,1,1,0
2014-07-27 04:00:00,3,2,1
2014-07-27 05:00:00,7,0,7
2014-07-27 06:00:00,5,0,5
2014-07-27 07:00:00,14,3,11
2014-07-27 08:00:00,21,12,9
2014-07-27 09:00:00,65,31,34
2014-07-27 10:00:00,72,24,48
2014-07-27 11:00:00,80,39,41
2014-07-27 12:00:00,83,38,45
2014-07-27 13:00:00,92,59,33
2014-07-27 14:00:00,83,50,33
2014-07-27 15:00:00,84,40,44
2014-07-27 16:00:00,75,44,31
2014-07-27 17:00:00,80,37,43
2014-07-27 18:00:00,63,35,28
2014-07-27 19:00:00,38,17,21
2014-07-27 20:00:00,31,18,13
2014-07-27 21:00:00,25,7,18
2014-07-27 22:00:00,12,7,5
2014-07-27 23:00:00,10,2,8
2014-07-28 00:00:00,5,4,1
2014-07-28 01:00:00,2,2,0
2014-07-28 02:00:00,2,1,1
2014-07-28 03:00:00,4,2,2
2014-07-28 04:00:00,4,1,3
2014-07-28 05:00:00,26,5,21
2014-07-28 06:00:00,78,13,65
2014-07-28 07:00:00,176,19,157
2014-07-28 08:00:00,146,14,132
2014-07-28 09:00:00,70,7,63
2014-07-28 10:00:00,42,12,30
2014-07-28 11:00:00,27,15,12
2014-07-28 12:00:00,43,18,25
2014-07-28 13:00:00,30,14,16
2014-07-28 14:00:00,51,33,18
2014-07-28 15:00:00,57,30,27
2014-07-28 16:00:00,107,79,28
2014-07-28 17:00:00,200,170,30
2014-07-28 18:00:00,161,129,32
2014-07-28 19:00:00,91,67,24
2014-07-28 20:00:00,34,20,14
2014-07-28 21:00:00,37,28,9
2014-07-28 22:00:00,16,9,7
2014-07-28 23:00:00,7,6,1
2014-07-29 00:00:00,1,1,0
2014-07-29 01:00:00,5,4,1
2014-07-29 02:00:00,3,2,1
2014-07-29 03:00:00,2,1,1
2014-07-29 04:00:00,7,3,4
2014-07-29 05:00:00,38,7,31
2014-07-29 06:00:00,92,8,84
2014-07-29 07:00:00,176,24,152
2014-07-29 08:00:00,173,22,151
2014-07-29 09:00:00,78,9,69
2014-07-29 10:00:00,39,12,27
2014-07-29 11:00:00,37,16,21
2014-07-29 12:00:00,38,22,16
2014-07-29 13:00:00,52,24,28
2014-07-29 14:00:00,42,25,17
2014-07-29 15:00:00,49,31,18
2014-07-29 16:00:00,114,83,31
2014-07-29 17:00:00,247,207,40
2014-07-29 18:00:00,159,133,26
2014-07-29 19:00:00,76,59,17
2014-07-29 20:00:00,57,38,19
2014-07-29 21:00:00,16,8,8
2014-07-29 22:00:00,12,8,4
2014-07-29 23:00:00,9,6,3
2014-07-30 00:00:00,6,5,1
2014-07-30 01:00:00,3,2,1
2014-07-30 02:00:00,4,3,1
2014-07-30 03:00:00,4,1,3
2014-07-30 04:00:00,6,2,4
2014-07-30 05:00:00,35,11,24
2014-07-30 06:00:00,87,10,77
2014-07-30 07:00:00,175,21,154
2014-07-30 08:00:00,169,20,149
2014-07-30 09:00:00,72,11,61
2014-07-30 10:00:00,46,13,33
2014-07-30 11:00:00,35,13,22
2014-07-30 12:00:00,35,15,20
2014-07-30 13:00:00,43,20,23
2014-07-30 14:00:00,51,27,24
2014-07-30 15:00:00,53,35,18
2014-07-30 16:00:00,119,90,29
2014-07-30 17:00:00,212,181,31
2014-07-30 18:00:00,146,119,27
2014-07-30 19:00:00,73,57,16
2014-07-30 20:00:00,62,41,21
2014-07-30 21:00:00,28,12,16
2014-07-30 22:00:00,19,14,5
2014-07-30 23:00:00,9,6,3
2014-07-31 00:00:00,5,2,3
2014-07-31 01:00:00,2,1,1
2014-07-31 02:00:00,4,2,2
2014-07-31 03:00:00,3,2,1
2014-07-31 04:00:00,5,2,3
2014-07-31 05:00:00,32,6,26
2014-07-31 06:00:00,36,13,23
2014-07-31 07:00:00,160,14,146
2014-07-31 08:00:00,152,19,133
2014-07-31 09:00:00,70,9,61
2014-07-31 10:00:00,35,16,19
2014-07-31 11:00:00,30,7,23
2014-07-31 12:00:00,45,15,30
2014-07-31 13:00:00,26,13,13
2014-07-31 14:00:00,43,23,20
2014-07-31 15:00:00,55,33,22
2014-07-31 16:00:00,91,70,21
2014-07-31 17:00:00,186,164,22
2014-07-31 18:00:00,130,112,18
2014-07-31 19:00:00,88,55,33
2014-07-31 20:00:00,49,33,16
2014-07-31 21:00:00,14,8,6
2014-07-31 22:00:00,18,14,4
2014-07-31 23:00:00,10,6,4
2014-08-01 00:00:00,5,1,4
2014-08-01 01:00:00,3,1,2
2014-08-01 02:00:00,7,3,4
2014-08-01 03:00:00,2,2,0
2014-08-01 04:00:00,3,0,3
2014-08-01 05:00:00,26,4,22
2014-08-01 06:00:00,69,7,62
2014-08-01 07:00:00,142,17,125
2014-08-01 08:00:00,132,15,117
2014-08-01 09:00:00,60,6,54
2014-08-01 10:00:00,39,16,23
2014-08-01 11:00:00,26,10,16
2014-08-01 12:00:00,41,12,29
2014-08-01 13:00:00,38,23,15
2014-08-01 14:00:00,38,25,13
2014-08-01 15:00:00,65,49,16
2014-08-01 16:00:00,123,87,36
2014-08-01 17:00:00,178,136,42
2014-08-01 18:00:00,179,158,21
2014-08-01 19:00:00,59,40,19
2014-08-01 20:00:00,30,25,5
2014-08-01 21:00:00,21,14,7
2014-08-01 22:00:00,16,9,7
2014-08-01 23:00:00,15,8,7
2014-08-02 00:00:00,17,15,2
2014-08-02 01:00:00,9,9,0
2014-08-02 02:00:00,11,7,4
2014-08-02 03:00:00,7,3,4
2014-08-02 04:00:00,4,3,1
2014-08-02 05:00:00,4,1,3
2014-08-02 06:00:00,15,1,14
2014-08-02 07:00:00,14,4,10
2014-08-02 08:00:00,43,19,24
2014-08-02 09:00:00,37,16,21
2014-08-02 10:00:00,66,35,31
2014-08-02 11:00:00,68,44,24
2014-08-02 12:00:00,77,22,55
2014-08-02 13:00:00,67,26,41
2014-08-02 14:00:00,66,27,39
2014-08-02 15:00:00,72,35,37
2014-08-02 16:00:00,72,43,29
2014-08-02 17:00:00,49,24,25
2014-08-02 18:00:00,55,29,26
2014-08-02 19:00:00,20,11,9
2014-08-02 20:00:00,23,4,19
2014-08-02 21:00:00,5,3,2
2014-08-02 22:00:00,6,3,3
2014-08-02 23:00:00,11,7,4
2014-08-03 00:00:00,7,4,3
2014-08-03 01:00:00,6,5,1
2014-08-03 02:00:00,1,1,0
2014-08-03 03:00:00,2,2,0
2014-08-03 04:00:00,1,0,1
2014-08-03 05:00:00,3,0,3
2014-08-03 06:00:00,10,2,8
2014-08-03 07:00:00,11,4,7
2014-08-03 08:00:00,29,7,22
2014-08-03 09:00:00,36,16,20
2014-08-03 10:00:00,64,31,33
2014-08-03 11:00:00,94,38,56
2014-08-03 12:00:00,92,44,48
2014-08-03 13:00:00,96,49,47
2014-08-03 14:00:00,54,29,25
2014-08-03 15:00:00,98,55,43
2014-08-03 16:00:00,79,48,31
2014-08-03 17:00:00,65,42,23
2014-08-03 18:00:00,53,26,27
2014-08-03 19:00:00,38,15,23
2014-08-03 20:00:00,16,9,7
2014-08-03 21:00:00,9,3,6
2014-08-03 22:00:00,5,3,2
2014-08-03 23:00:00,3,1,2
2014-08-04 00:00:00,1,0,1
2014-08-04 01:00:00,2,1,1
2014-08-04 02:00:00,2,1,1
2014-08-04 03:00:00,3,1,2
2014-08-04 04:00:00,3,2,1
2014-08-04 05:00:00,24,5,19
2014-08-04 06:00:00,84,11,73
2014-08-04 07:00:00,152,13,139
2014-08-04 08:00:00,134,9,125
2014-08-04 09:00:00,73,13,60
2014-08-04 10:00:00,26,8,18
2014-08-04 11:00:00,27,17,10
2014-08-04 12:00:00,23,11,12
2014-08-04 13:00:00,32,16,16
2014-08-04 14:00:00,18,6,12
2014-08-04 15:00:00,58,45,13
2014-08-04 16:00:00,91,69,22
2014-08-04 17:00:00,210,166,44
2014-08-04 18:00:00,131,108,23
2014-08-04 19:00:00,70,54,16
2014-08-04 20:00:00,39,25,14
2014-08-04 21:00:00,25,16,9
2014-08-04 22:00:00,11,9,2
2014-08-04 23:00:00,7,5,2
2014-08-05 00:00:00,3,3,0
2014-08-05 01:00:00,2,1,1
2014-08-05 02:00:00,0,0,0
2014-08-05 03:00:00,1,0,1
2014-08-05 04:00:00,3,2,1
2014-08-05 05:00:00,30,5,25
2014-08-05 06:00:00,87,12,75
2014-08-05 07:00:00,172,21,151
2014-08-05 08:00:00,141,13,128
2014-08-05 09:00:00,71,7,64
2014-08-05 10:00:00,33,5,28
2014-08-05 11:00:00,29,15,14
2014-08-05 12:00:00,29,14,15
2014-08-05 13:00:00,33,14,19
2014-08-05 14:00:00,36,18,18
2014-08-05 15:00:00,49,33,16
2014-08-05 16:00:00,114,91,23
2014-08-05 17:00:00,204,172,32
2014-08-05 18:00:00,138,111,27
2014-08-05 19:00:00,69,52,17
2014-08-05 20:00:00,46,28,18
2014-08-05 21:00:00,18,14,4
2014-08-05 22:00:00,10,7,3
2014-08-05 23:00:00,11,10,1
2014-08-06 00:00:00,2,1,1
2014-08-06 01:00:00,3,2,1
2014-08-06 02:00:00,0,0,0
2014-08-06 03:00:00,1,0,1
2014-08-06 04:00:00,2,1,1
2014-08-06 05:00:00,24,4,20
2014-08-06 06:00:00,74,8,66
2014-08-06 07:00:00,155,14,141
2014-08-06 08:00:00,154,18,136
2014-08-06 09:00:00,75,10,65
2014-08-06 10:00:00,27,8,19
2014-08-06 11:00:00,43,10,33
2014-08-06 12:00:00,31,11,20
2014-08-06 13:00:00,50,32,18
2014-08-06 14:00:00,38,24,14
2014-08-06 15:00:00,56,36,20
2014-08-06 16:00:00,122,93,29
2014-08-06 17:00:00,190,159,31
2014-08-06 18:00:00,147,122,25
2014-08-06 19:00:00,85,61,24
2014-08-06 20:00:00,63,42,21
2014-08-06 21:00:00,16,10,6
2014-08-06 22:00:00,11,6,5
2014-08-06 23:00:00,8,7,1
2014-08-07 00:00:00,3,3,0
2014-08-07 01:00:00,2,1,1
2014-08-07 02:00:00,0,0,0
2014-08-07 03:00:00,4,2,2
2014-08-07 04:00:00,3,0,3
2014-08-07 05:00:00,29,4,25
2014-08-07 06:00:00,75,6,69
2014-08-07 07:00:00,167,20,147
2014-08-07 08:00:00,116,10,106
2014-08-07 09:00:00,82,11,71
2014-08-07 10:00:00,42,10,32
2014-08-07 11:00:00,17,8,9
2014-08-07 12:00:00,30,12,18
2014-08-07 13:00:00,34,17,17
2014-08-07 14:00:00,45,30,15
2014-08-07 15:00:00,56,43,13
2014-08-07 16:00:00,100,64,36
2014-08-07 17:00:00,196,170,26
2014-08-07 18:00:00,145,112,33
2014-08-07 19:00:00,63,42,21
2014-08-07 20:00:00,51,33,18
2014-08-07 21:00:00,20,15,5
2014-08-07 22:00:00,14,10,4
2014-08-07 23:00:00,8,4,4
2014-08-08 00:00:00,5,3,2
2014-08-08 01:00:00,2,2,0
2014-08-08 02:00:00,5,3,2
2014-08-08 03:00:00,2,1,1
2014-08-08 04:00:00,4,2,2
2014-08-08 05:00:00,30,6,24
2014-08-08 06:00:00,59,7,52
2014-08-08 07:00:00,132,21,111
2014-08-08 08:00:00,116,12,104
2014-08-08 09:00:00,56,9,47
2014-08-08 10:00:00,33,13,20
2014-08-08 11:00:00,28,13,15
2014-08-08 12:00:00,35,13,22
2014-08-08 13:00:00,39,19,20
2014-08-08 14:00:00,56,26,30
2014-08-08 15:00:00,59,48,11
2014-08-08 16:00:00,107,76,31
2014-08-08 17:00:00,148,119,29
2014-08-08 18:00:00,84,62,22
2014-08-08 19:00:00,54,41,13
2014-08-08 20:00:00,28,20,8
2014-08-08 21:00:00,15,11,4
2014-08-08 22:00:00,10,7,3
2014-08-08 23:00:00,8,5,3
2014-08-09 00:00:00,5,4,1
2014-08-09 01:00:00,0,0,0
2014-08-09 02:00:00,0,0,0
2014-08-09 03:00:00,2,2,0
2014-08-09 04:00:00,2,0,2
2014-08-09 05:00:00,3,0,3
2014-08-09 06:00:00,10,2,8
2014-08-09 07:00:00,22,6,16
2014-08-09 08:00:00,38,18,20
2014-08-09 09:00:00,49,26,23
2014-08-09 10:00:00,62,37,25
2014-08-09 11:00:00,64,31,33
2014-08-09 12:00:00,82,37,45
2014-08-09 13:00:00,89,40,49
2014-08-09 14:00:00,49,23,26
2014-08-09 15:00:00,61,29,32
2014-08-09 16:00:00,63,31,32
2014-08-09 17:00:00,54,26,28
2014-08-09 18:00:00,40,21,19
2014-08-09 19:00:00,36,22,14
2014-08-09 20:00:00,19,11,8
2014-08-09 21:00:00,22,12,10
2014-08-09 22:00:00,9,5,4
2014-08-09 23:00:00,7,3,4
2014-08-10 00:00:00,6,4,2
2014-08-10 01:00:00,6,4,2
2014-08-10 02:00:00,2,2,0
2014-08-10 03:00:00,1,0,1
2014-08-10 04:00:00,2,2,0
2014-08-10 05:00:00,3,0,3
2014-08-10 06:00:00,13,8,5
2014-08-10 07:00:00,22,4,18
2014-08-10 08:00:00,24,10,14
2014-08-10 09:00:00,43,20,23
2014-08-10 10:00:00,80,36,44
2014-08-10 11:00:00,121,37,84
2014-08-10 12:00:00,111,39,72
2014-08-10 13:00:00,102,42,60
2014-08-10 14:00:00,58,33,25
2014-08-10 15:00:00,93,51,42
2014-08-10 16:00:00,58,27,31
2014-08-10 17:00:00,72,35,37
2014-08-10 18:00:00,35,16,19
2014-08-10 19:00:00,33,12,21
2014-08-10 20:00:00,19,11,8
2014-08-10 21:00:00,17,10,7
2014-08-10 22:00:00,13,9,4
2014-08-10 23:00:00,6,6,0
2014-08-11 00:00:00,0,0,0
2014-08-11 01:00:00,3,2,1
2014-08-11 02:00:00,1,0,1
2014-08-11 03:00:00,3,1,2
2014-08-11 04:00:00,1,0,1
2014-08-11 05:00:00,31,6,25
2014-08-11 06:00:00,72,18,54
2014-08-11 07:00:00,160,18,142
2014-08-11 08:00:00,139,13,126
2014-08-11 09:00:00,49,8,41
2014-08-11 10:00:00,30,7,23
2014-08-11 11:00:00,23,11,12
2014-08-11 12:00:00,33,17,16
2014-08-11 13:00:00,20,6,14
2014-08-11 14:00:00,32,16,16
2014-08-11 15:00:00,54,40,14
2014-08-11 16:00:00,90,65,25
2014-08-11 17:00:00,177,151,26
2014-08-11 18:00:00,131,109,22
2014-08-11 19:00:00,52,41,11
2014-08-11 20:00:00,33,24,9
2014-08-11 21:00:00,17,14,3
2014-08-11 22:00:00,12,6,6
2014-08-11 23:00:00,2,2,0
2014-08-12 00:00:00,2,2,0
2014-08-12 01:00:00,1,0,1
2014-08-12 02:00:00,2,2,0
2014-08-12 03:00:00,2,0,2
2014-08-12 04:00:00,1,0,1
2014-08-12 05:00:00,35,2,33
2014-08-12 06:00:00,69,9,60
2014-08-12 07:00:00,138,17,121
2014-08-12 08:00:00,114,11,103
2014-08-12 09:00:00,45,6,39
2014-08-12 10:00:00,12,3,9
2014-08-12 11:00:00,11,1,10
2014-08-12 12:00:00,22,12,10
2014-08-12 13:00:00,22,7,15
2014-08-12 14:00:00,35,22,13
2014-08-12 15:00:00,40,28,12
2014-08-12 16:00:00,83,72,11
2014-08-12 17:00:00,156,128,28
2014-08-12 18:00:00,105,91,14
2014-08-12 19:00:00,38,27,11
2014-08-12 20:00:00,27,17,10
2014-08-12 21:00:00,8,5,3
2014-08-12 22:00:00,7,6,1
2014-08-12 23:00:00,3,2,1
2014-08-13 00:00:00,1,1,0
2014-08-13 01:00:00,3,3,0
2014-08-13 02:00:00,1,0,1
2014-08-13 03:00:00,0,0,0
2014-08-13 04:00:00,2,1,1
2014-08-13 05:00:00,15,4,11
2014-08-13 06:00:00,38,5,33
2014-08-13 07:00:00,90,15,75
2014-08-13 08:00:00,97,11,86
2014-08-13 09:00:00,45,8,37
2014-08-13 10:00:00,12,1,11
2014-08-13 11:00:00,15,7,8
2014-08-13 12:00:00,16,7,9
2014-08-13 13:00:00,19,7,12
2014-08-13 14:00:00,18,8,10
2014-08-13 15:00:00,35,23,12
2014-08-13 16:00:00,56,39,17
2014-08-13 17:00:00,115,98,17
2014-08-13 18:00:00,98,82,16
2014-08-13 19:00:00,39,31,8
2014-08-13 20:00:00,27,17,10
2014-08-13 21:00:00,12,9,3
2014-08-13 22:00:00,11,8,3
2014-08-13 23:00:00,5,4,1
2014-08-14 00:00:00,6,4,2
2014-08-14 01:00:00,4,3,1
2014-08-14 02:00:00,1,0,1
2014-08-14 03:00:00,2,0,2
2014-08-14 04:00:00,2,0,2
2014-08-14 05:00:00,26,5,21
2014-08-14 06:00:00,65,8,57
2014-08-14 07:00:00,141,24,117
2014-08-14 08:00:00,122,15,107
2014-08-14 09:00:00,58,9,49
2014-08-14 10:00:00,27,8,19
2014-08-14 11:00:00,21,8,13
2014-08-14 12:00:00,29,11,18
2014-08-14 13:00:00,28,15,13
2014-08-14 14:00:00,24,14,10
2014-08-14 15:00:00,34,21,13
2014-08-14 16:00:00,86,69,17
2014-08-14 17:00:00,141,123,18
2014-08-14 18:00:00,112,97,15
2014-08-14 19:00:00,51,39,12
2014-08-14 20:00:00,33,18,15
2014-08-14 21:00:00,7,7,0
2014-08-14 22:00:00,12,7,5
2014-08-14 23:00:00,11,4,7
2014-08-15 00:00:00,4,4,0
2014-08-15 01:00:00,2,1,1
2014-08-15 02:00:00,2,0,2
2014-08-15 03:00:00,2,0,2
2014-08-15 04:00:00,4,2,2
2014-08-15 05:00:00,25,5,20
2014-08-15 06:00:00,49,7,42
2014-08-15 07:00:00,86,14,72
2014-08-15 08:00:00,80,8,72
2014-08-15 09:00:00,51,8,43
2014-08-15 10:00:00,21,4,17
2014-08-15 11:00:00,18,10,8
2014-08-15 12:00:00,15,6,9
2014-08-15 13:00:00,25,8,17
2014-08-15 14:00:00,35,22,13
2014-08-15 15:00:00,45,23,22
2014-08-15 16:00:00,80,62,18
2014-08-15 17:00:00,107,82,25
2014-08-15 18:00:00,68,51,17
2014-08-15 19:00:00,42,32,10
2014-08-15 20:00:00,17,12,5
2014-08-15 21:00:00,15,13,2
2014-08-15 22:00:00,12,9,3
2014-08-15 23:00:00,12,11,1
2014-08-16 00:00:00,4,1,3
2014-08-16 01:00:00,4,4,0
2014-08-16 02:00:00,2,1,1
2014-08-16 03:00:00,0,0,0
2014-08-16 04:00:00,0,0,0
2014-08-16 05:00:00,5,0,5
2014-08-16 06:00:00,11,3,8
2014-08-16 07:00:00,16,6,10
2014-08-16 08:00:00,19,8,11
2014-08-16 09:00:00,53,25,28
2014-08-16 10:00:00,44,23,21
2014-08-16 11:00:00,68,30,38
2014-08-16 12:00:00,52,25,27
2014-08-16 13:00:00,77,37,40
2014-08-16 14:00:00,66,32,34
2014-08-16 15:00:00,54,39,15
2014-08-16 16:00:00,53,27,26
2014-08-16 17:00:00,59,33,26
2014-08-16 18:00:00,30,21,9
2014-08-16 19:00:00,31,20,11
2014-08-16 20:00:00,31,7,24
2014-08-16 21:00:00,10,6,4
2014-08-16 22:00:00,2,1,1
2014-08-16 23:00:00,12,4,8
2014-08-17 00:00:00,7,5,2
2014-08-17 01:00:00,8,5,3
2014-08-17 02:00:00,3,3,0
2014-08-17 03:00:00,2,1,1
2014-08-17 04:00:00,2,2,0
2014-08-17 05:00:00,4,0,4
2014-08-17 06:00:00,7,1,6
2014-08-17 07:00:00,17,5,12
2014-08-17 08:00:00,21,2,19
2014-08-17 09:00:00,39,19,20
2014-08-17 10:00:00,31,18,13
2014-08-17 11:00:00,49,20,29
2014-08-17 12:00:00,61,37,24
2014-08-17 13:00:00,61,30,31
2014-08-17 14:00:00,74,31,43
2014-08-17 15:00:00,66,31,35
2014-08-17 16:00:00,47,26,21
2014-08-17 17:00:00,72,36,36
2014-08-17 18:00:00,48,19,29
2014-08-17 19:00:00,28,15,13
2014-08-17 20:00:00,25,10,15
2014-08-17 21:00:00,8,8,0
2014-08-17 22:00:00,12,9,3
2014-08-17 23:00:00,3,2,1
2014-08-18 00:00:00,3,2,1
2014-08-18 01:00:00,2,2,0
2014-08-18 02:00:00,1,0,1
2014-08-18 03:00:00,4,3,1
2014-08-18 04:00:00,2,0,2
2014-08-18 05:00:00,33,6,27
2014-08-18 06:00:00,73,8,65
2014-08-18 07:00:00,148,22,126
2014-08-18 08:00:00,142,16,126
2014-08-18 09:00:00,66,11,55
2014-08-18 10:00:00,36,11,25
2014-08-18 11:00:00,26,11,15
2014-08-18 12:00:00,43,24,19
2014-08-18 13:00:00,35,18,17
2014-08-18 14:00:00,44,23,21
2014-08-18 15:00:00,42,30,12
2014-08-18 16:00:00,104,80,24
2014-08-18 17:00:00,194,172,22
2014-08-18 18:00:00,150,130,20
2014-08-18 19:00:00,95,59,36
2014-08-18 20:00:00,33,18,15
2014-08-18 21:00:00,11,7,4
2014-08-18 22:00:00,7,6,1
2014-08-18 23:00:00,5,3,2
2014-08-19 00:00:00,6,6,0
2014-08-19 01:00:00,2,2,0
2014-08-19 02:00:00,5,3,2
2014-08-19 03:00:00,1,0,1
2014-08-19 04:00:00,3,2,1
2014-08-19 05:00:00,23,4,19
2014-08-19 06:00:00,86,10,76
2014-08-19 07:00:00,197,18,179
2014-08-19 08:00:00,166,19,147
2014-08-19 09:00:00,58,9,49
2014-08-19 10:00:00,26,4,22
2014-08-19 11:00:00,26,7,19
2014-08-19 12:00:00,26,15,11
2014-08-19 13:00:00,37,15,22
2014-08-19 14:00:00,33,20,13
2014-08-19 15:00:00,66,44,22
2014-08-19 16:00:00,114,86,28
2014-08-19 17:00:00,198,161,37
2014-08-19 18:00:00,144,123,21
2014-08-19 19:00:00,64,45,19
2014-08-19 20:00:00,41,25,16
2014-08-19 21:00:00,17,11,6
2014-08-19 22:00:00,6,5,1
2014-08-19 23:00:00,4,4,0
2014-08-20 00:00:00,8,7,1
2014-08-20 01:00:00,1,1,0
2014-08-20 02:00:00,3,2,1
2014-08-20 03:00:00,4,2,2
2014-08-20 04:00:00,7,1,6
2014-08-20 05:00:00,27,5,22
2014-08-20 06:00:00,76,4,72
2014-08-20 07:00:00,127,16,111
2014-08-20 08:00:00,168,16,152
2014-08-20 09:00:00,73,13,60
2014-08-20 10:00:00,25,5,20
2014-08-20 11:00:00,32,12,20
2014-08-20 12:00:00,28,15,13
2014-08-20 13:00:00,32,12,20
2014-08-20 14:00:00,24,16,8
2014-08-20 15:00:00,48,34,14
2014-08-20 16:00:00,100,81,19
2014-08-20 17:00:00,177,153,24
2014-08-20 18:00:00,132,113,19
2014-08-20 19:00:00,54,40,14
2014-08-20 20:00:00,38,23,15
2014-08-20 21:00:00,21,19,2
2014-08-20 22:00:00,11,5,6
2014-08-20 23:00:00,6,5,1
2014-08-21 00:00:00,7,4,3
2014-08-21 01:00:00,4,3,1
2014-08-21 02:00:00,3,1,2
2014-08-21 03:00:00,0,0,0
2014-08-21 04:00:00,3,1,2
2014-08-21 05:00:00,28,5,23
2014-08-21 06:00:00,66,10,56
2014-08-21 07:00:00,143,14,129
2014-08-21 08:00:00,133,19,114
2014-08-21 09:00:00,52,5,47
2014-08-21 10:00:00,20,4,16
2014-08-21 11:00:00,21,7,14
2014-08-21 12:00:00,31,17,14
2014-08-21 13:00:00,34,17,17
2014-08-21 14:00:00,19,10,9
2014-08-21 15:00:00,44,28,16
2014-08-21 16:00:00,100,69,31
2014-08-21 17:00:00,147,132,15
2014-08-21 18:00:00,136,107,29
2014-08-21 19:00:00,118,106,12
2014-08-21 20:00:00,32,17,15
2014-08-21 21:00:00,24,9,15
2014-08-21 22:00:00,17,3,14
2014-08-21 23:00:00,16,5,11
2014-08-22 00:00:00,15,8,7
2014-08-22 01:00:00,21,1,20
2014-08-22 02:00:00,1,0,1
2014-08-22 03:00:00,0,0,0
2014-08-22 04:00:00,7,3,4
2014-08-22 05:00:00,20,6,14
2014-08-22 06:00:00,54,9,45
2014-08-22 07:00:00,124,23,101
2014-08-22 08:00:00,108,9,99
2014-08-22 09:00:00,58,11,47
2014-08-22 10:00:00,30,8,22
2014-08-22 11:00:00,39,18,21
2014-08-22 12:00:00,38,13,25
2014-08-22 13:00:00,27,15,12
2014-08-22 14:00:00,47,28,19
2014-08-22 15:00:00,69,48,21
2014-08-22 16:00:00,123,87,36
2014-08-22 17:00:00,141,103,38
2014-08-22 18:00:00,79,61,18
2014-08-22 19:00:00,35,26,9
2014-08-22 20:00:00,25,14,11
2014-08-22 21:00:00,12,8,4
2014-08-22 22:00:00,17,15,2
2014-08-22 23:00:00,12,7,5
2014-08-23 00:00:00,10,6,4
2014-08-23 01:00:00,5,4,1
2014-08-23 02:00:00,4,3,1
2014-08-23 03:00:00,2,1,1
2014-08-23 04:00:00,2,1,1
2014-08-23 05:00:00,3,0,3
2014-08-23 06:00:00,19,4,15
2014-08-23 07:00:00,23,11,12
2014-08-23 08:00:00,50,23,27
2014-08-23 09:00:00,46,19,27
2014-08-23 10:00:00,77,33,44
2014-08-23 11:00:00,135,93,42
2014-08-23 12:00:00,138,40,98
2014-08-23 13:00:00,70,37,33
2014-08-23 14:00:00,82,46,36
2014-08-23 15:00:00,91,41,50
2014-08-23 16:00:00,60,30,30
2014-08-23 17:00:00,66,37,29
2014-08-23 18:00:00,66,39,27
2014-08-23 19:00:00,36,18,18
2014-08-23 20:00:00,28,14,14
2014-08-23 21:00:00,16,9,7
2014-08-23 22:00:00,9,3,6
2014-08-23 23:00:00,11,7,4
2014-08-24 00:00:00,4,2,2
2014-08-24 01:00:00,4,4,0
2014-08-24 02:00:00,1,1,0
2014-08-24 03:00:00,6,3,3
2014-08-24 04:00:00,2,1,1
2014-08-24 05:00:00,2,0,2
2014-08-24 06:00:00,6,3,3
2014-08-24 07:00:00,26,10,16
2014-08-24 08:00:00,27,9,18
2014-08-24 09:00:00,65,40,25
2014-08-24 10:00:00,58,21,37
2014-08-24 11:00:00,64,36,28
2014-08-24 12:00:00,62,26,36
2014-08-24 13:00:00,78,39,39
2014-08-24 14:00:00,67,35,32
2014-08-24 15:00:00,67,31,36
2014-08-24 16:00:00,78,51,27
2014-08-24 17:00:00,63,30,33
2014-08-24 18:00:00,50,27,23
2014-08-24 19:00:00,35,19,16
2014-08-24 20:00:00,28,10,18
2014-08-24 21:00:00,11,5,6
2014-08-24 22:00:00,6,4,2
2014-08-24 23:00:00,5,3,2
2014-08-25 00:00:00,2,1,1
2014-08-25 01:00:00,2,1,1
2014-08-25 02:00:00,4,2,2
2014-08-25 03:00:00,0,0,0
2014-08-25 04:00:00,5,4,1
2014-08-25 05:00:00,31,4,27
2014-08-25 06:00:00,76,9,67
2014-08-25 07:00:00,193,20,173
2014-08-25 08:00:00,177,20,157
2014-08-25 09:00:00,87,10,77
2014-08-25 10:00:00,50,13,37
2014-08-25 11:00:00,25,12,13
2014-08-25 12:00:00,30,13,17
2014-08-25 13:00:00,32,15,17
2014-08-25 14:00:00,44,27,17
2014-08-25 15:00:00,53,36,17
2014-08-25 16:00:00,119,91,28
2014-08-25 17:00:00,244,206,38
2014-08-25 18:00:00,183,157,26
2014-08-25 19:00:00,72,53,19
2014-08-25 20:00:00,31,19,12
2014-08-25 21:00:00,19,13,6
2014-08-25 22:00:00,17,15,2
2014-08-25 23:00:00,10,7,3
2014-08-26 00:00:00,4,4,0
2014-08-26 01:00:00,3,1,2
2014-08-26 02:00:00,2,1,1
2014-08-26 03:00:00,0,0,0
2014-08-26 04:00:00,6,2,4
2014-08-26 05:00:00,34,9,25
2014-08-26 06:00:00,92,16,76
2014-08-26 07:00:00,194,16,178
2014-08-26 08:00:00,168,24,144
2014-08-26 09:00:00,80,13,67
2014-08-26 10:00:00,34,13,21
2014-08-26 11:00:00,35,11,24
2014-08-26 12:00:00,30,12,18
2014-08-26 13:00:00,27,17,10
2014-08-26 14:00:00,28,15,13
2014-08-26 15:00:00,75,53,22
2014-08-26 16:00:00,112,81,31
2014-08-26 17:00:00,242,201,41
2014-08-26 18:00:00,167,140,27
2014-08-26 19:00:00,59,49,10
2014-08-26 20:00:00,35,24,11
2014-08-26 21:00:00,8,5,3
2014-08-26 22:00:00,13,11,2
2014-08-26 23:00:00,11,11,0
2014-08-27 00:00:00,5,4,1
2014-08-27 01:00:00,2,2,0
2014-08-27 02:00:00,4,1,3
2014-08-27 03:00:00,0,0,0
2014-08-27 04:00:00,10,4,6
2014-08-27 05:00:00,24,5,19
2014-08-27 06:00:00,80,10,70
2014-08-27 07:00:00,143,18,125
2014-08-27 08:00:00,173,18,155
2014-08-27 09:00:00,68,8,60
2014-08-27 10:00:00,39,13,26
2014-08-27 11:00:00,27,5,22
2014-08-27 12:00:00,51,34,17
2014-08-27 13:00:00,36,20,16
2014-08-27 14:00:00,39,21,18
2014-08-27 15:00:00,63,39,24
2014-08-27 16:00:00,106,80,26
2014-08-27 17:00:00,199,167,32
2014-08-27 18:00:00,138,122,16
2014-08-27 19:00:00,93,74,19
2014-08-27 20:00:00,43,25,18
2014-08-27 21:00:00,29,20,9
2014-08-27 22:00:00,9,4,5
2014-08-27 23:00:00,11,6,5
2014-08-28 00:00:00,5,2,3
2014-08-28 01:00:00,1,0,1
2014-08-28 02:00:00,4,3,1
2014-08-28 03:00:00,0,0,0
2014-08-28 04:00:00,4,0,4
2014-08-28 05:00:00,27,9,18
2014-08-28 06:00:00,67,12,55
2014-08-28 07:00:00,142,17,125
2014-08-28 08:00:00,132,13,119
2014-08-28 09:00:00,59,7,52
2014-08-28 10:00:00,28,6,22
2014-08-28 11:00:00,22,6,16
2014-08-28 12:00:00,28,10,18
2014-08-28 13:00:00,19,7,12
2014-08-28 14:00:00,32,16,16
2014-08-28 15:00:00,39,25,14
2014-08-28 16:00:00,96,70,26
2014-08-28 17:00:00,179,141,38
2014-08-28 18:00:00,110,94,16
2014-08-28 19:00:00,68,55,13
2014-08-28 20:00:00,37,27,10
2014-08-28 21:00:00,16,12,4
2014-08-28 22:00:00,6,4,2
2014-08-28 23:00:00,14,11,3
2014-08-29 00:00:00,2,2,0
2014-08-29 01:00:00,1,1,0
2014-08-29 02:00:00,1,0,1
2014-08-29 03:00:00,0,0,0
2014-08-29 04:00:00,2,0,2
2014-08-29 05:00:00,17,2,15
2014-08-29 06:00:00,47,3,44
2014-08-29 07:00:00,114,13,101
2014-08-29 08:00:00,92,7,85
2014-08-29 09:00:00,54,12,42
2014-08-29 10:00:00,33,7,26
2014-08-29 11:00:00,22,9,13
2014-08-29 12:00:00,22,12,10
2014-08-29 13:00:00,21,12,9
2014-08-29 14:00:00,30,18,12
2014-08-29 15:00:00,40,26,14
2014-08-29 16:00:00,82,67,15
2014-08-29 17:00:00,117,98,19
2014-08-29 18:00:00,83,68,15
2014-08-29 19:00:00,40,32,8
2014-08-29 20:00:00,22,18,4
2014-08-29 21:00:00,11,8,3
2014-08-29 22:00:00,7,4,3
2014-08-29 23:00:00,6,5,1
2014-08-30 00:00:00,5,4,1
2014-08-30 01:00:00,4,2,2
2014-08-30 02:00:00,0,0,0
2014-08-30 03:00:00,1,1,0
2014-08-30 04:00:00,1,1,0
2014-08-30 05:00:00,4,1,3
2014-08-30 06:00:00,4,2,2
2014-08-30 07:00:00,5,1,4
2014-08-30 08:00:00,23,6,17
2014-08-30 09:00:00,17,6,11
2014-08-30 10:00:00,14,6,8
2014-08-30 11:00:00,17,11,6
2014-08-30 12:00:00,16,9,7
2014-08-30 13:00:00,15,9,6
2014-08-30 14:00:00,14,5,9
2014-08-30 15:00:00,19,9,10
2014-08-30 16:00:00,14,9,5
2014-08-30 17:00:00,10,4,6
2014-08-30 18:00:00,16,8,8
2014-08-30 19:00:00,5,2,3
2014-08-30 20:00:00,5,2,3
2014-08-30 21:00:00,4,4,0
2014-08-30 22:00:00,3,2,1
2014-08-30 23:00:00,9,7,2
2014-08-31 00:00:00,0,0,0
2014-08-31 01:00:00,5,4,1
2014-08-31 02:00:00,1,1,0
2014-08-31 03:00:00,1,0,1
2014-08-31 04:00:00,2,2,0
2014-08-31 05:00:00,0,0,0
2014-08-31 06:00:00,3,0,3
2014-08-31 07:00:00,4,3,1
2014-08-31 08:00:00,6,1,5
2014-08-31 09:00:00,25,13,12
2014-08-31 10:00:00,48,22,26
2014-08-31 11:00:00,47,17,30
2014-08-31 12:00:00,31,17,14
2014-08-31 13:00:00,49,10,39
2014-08-31 14:00:00,39,20,19
2014-08-31 15:00:00,62,32,30
2014-08-31 16:00:00,50,32,18
2014-08-31 17:00:00,38,18,20
2014-08-31 18:00:00,26,15,11
2014-08-31 19:00:00,14,8,6
2014-08-31 20:00:00,11,7,4
2014-08-31 21:00:00,6,2,4
2014-08-31 22:00:00,5,4,1
2014-08-31 23:00:00,5,2,3
2014-09-01 00:00:00,0,0,0
2014-09-01 01:00:00,1,1,0
2014-09-01 02:00:00,0,0,0
2014-09-01 03:00:00,3,0,3
2014-09-01 04:00:00,1,1,0
2014-09-01 05:00:00,3,2,1
2014-09-01 06:00:00,8,3,5
2014-09-01 07:00:00,12,1,11
2014-09-01 08:00:00,26,9,17
2014-09-01 09:00:00,87,79,8
2014-09-01 10:00:00,33,11,22
2014-09-01 11:00:00,62,33,29
2014-09-01 12:00:00,75,36,39
2014-09-01 13:00:00,70,28,42
2014-09-01 14:00:00,86,50,36
2014-09-01 15:00:00,94,45,49
2014-09-01 16:00:00,81,48,33
2014-09-01 17:00:00,59,31,28
2014-09-01 18:00:00,37,21,16
2014-09-01 19:00:00,17,7,10
2014-09-01 20:00:00,15,8,7
2014-09-01 21:00:00,8,2,6
2014-09-01 22:00:00,2,1,1
2014-09-01 23:00:00,3,1,2
2014-09-02 00:00:00,5,3,2
2014-09-02 01:00:00,2,2,0
2014-09-02 02:00:00,5,2,3
2014-09-02 03:00:00,2,1,1
2014-09-02 04:00:00,3,1,2
2014-09-02 05:00:00,16,2,14
2014-09-02 06:00:00,52,6,46
2014-09-02 07:00:00,135,14,121
2014-09-02 08:00:00,126,12,114
2014-09-02 09:00:00,57,7,50
2014-09-02 10:00:00,20,3,17
2014-09-02 11:00:00,29,19,10
2014-09-02 12:00:00,26,6,20
2014-09-02 13:00:00,20,11,9
2014-09-02 14:00:00,25,16,9
2014-09-02 15:00:00,29,23,6
2014-09-02 16:00:00,66,53,13
2014-09-02 17:00:00,147,127,20
2014-09-02 18:00:00,110,97,13
2014-09-02 19:00:00,37,29,8
2014-09-02 20:00:00,11,8,3
2014-09-02 21:00:00,6,4,2
2014-09-02 22:00:00,4,2,2
2014-09-02 23:00:00,2,1,1
2014-09-03 00:00:00,1,1,0
2014-09-03 01:00:00,2,1,1
2014-09-03 02:00:00,0,0,0
2014-09-03 03:00:00,4,1,3
2014-09-03 04:00:00,5,2,3
2014-09-03 05:00:00,20,3,17
2014-09-03 06:00:00,69,13,56
2014-09-03 07:00:00,122,20,102
2014-09-03 08:00:00,123,12,111
2014-09-03 09:00:00,62,11,51
2014-09-03 10:00:00,34,5,29
2014-09-03 11:00:00,20,8,12
2014-09-03 12:00:00,23,11,12
2014-09-03 13:00:00,31,13,18
2014-09-03 14:00:00,34,23,11
2014-09-03 15:00:00,40,27,13
2014-09-03 16:00:00,99,79,20
2014-09-03 17:00:00,166,139,27
2014-09-03 18:00:00,139,124,15
2014-09-03 19:00:00,53,38,15
2014-09-03 20:00:00,35,25,10
2014-09-03 21:00:00,8,6,2
2014-09-03 22:00:00,7,5,2
2014-09-03 23:00:00,10,9,1
2014-09-04 00:00:00,6,4,2
2014-09-04 01:00:00,3,2,1
2014-09-04 02:00:00,1,1,0
2014-09-04 03:00:00,3,1,2
2014-09-04 04:00:00,7,0,7
2014-09-04 05:00:00,33,6,27
2014-09-04 06:00:00,84,14,70
2014-09-04 07:00:00,177,15,162
2014-09-04 08:00:00,163,19,144
2014-09-04 09:00:00,70,5,65
2014-09-04 10:00:00,44,17,27
2014-09-04 11:00:00,40,15,25
2014-09-04 12:00:00,45,23,22
2014-09-04 13:00:00,35,11,24
2014-09-04 14:00:00,45,25,20
2014-09-04 15:00:00,62,41,21
2014-09-04 16:00:00,159,124,35
2014-09-04 17:00:00,237,206,31
2014-09-04 18:00:00,100,87,13
2014-09-04 19:00:00,40,35,5
2014-09-04 20:00:00,17,13,4
2014-09-04 21:00:00,34,20,14
2014-09-04 22:00:00,8,8,0
2014-09-04 23:00:00,9,7,2
2014-09-05 00:00:00,5,5,0
2014-09-05 01:00:00,2,2,0
2014-09-05 02:00:00,2,1,1
2014-09-05 03:00:00,5,2,3
2014-09-05 04:00:00,3,0,3
2014-09-05 05:00:00,19,1,18
2014-09-05 06:00:00,51,5,46
2014-09-05 07:00:00,122,10,112
2014-09-05 08:00:00,138,8,130
2014-09-05 09:00:00,56,16,40
2014-09-05 10:00:00,42,12,30
2014-09-05 11:00:00,23,9,14
2014-09-05 12:00:00,32,19,13
2014-09-05 13:00:00,41,21,20
2014-09-05 14:00:00,40,26,14
2014-09-05 15:00:00,62,37,25
2014-09-05 16:00:00,110,78,32
2014-09-05 17:00:00,127,106,21
2014-09-05 18:00:00,122,97,25
2014-09-05 19:00:00,44,34,10
2014-09-05 20:00:00,23,18,5
2014-09-05 21:00:00,15,8,7
2014-09-05 22:00:00,8,3,5
2014-09-05 23:00:00,8,3,5
2014-09-06 00:00:00,2,2,0
2014-09-06 01:00:00,9,5,4
2014-09-06 02:00:00,3,3,0
2014-09-06 03:00:00,1,1,0
2014-09-06 04:00:00,1,0,1
2014-09-06 05:00:00,4,0,4
2014-09-06 06:00:00,10,3,7
2014-09-06 07:00:00,14,6,8
2014-09-06 08:00:00,36,13,23
2014-09-06 09:00:00,37,13,24
2014-09-06 10:00:00,54,24,30
2014-09-06 11:00:00,58,25,33
2014-09-06 12:00:00,60,33,27
2014-09-06 13:00:00,85,43,42
2014-09-06 14:00:00,73,42,31
2014-09-06 15:00:00,63,34,29
2014-09-06 16:00:00,59,36,23
2014-09-06 17:00:00,41,22,19
2014-09-06 18:00:00,41,27,14
2014-09-06 19:00:00,26,13,13
2014-09-06 20:00:00,18,11,7
2014-09-06 21:00:00,15,6,9
2014-09-06 22:00:00,6,2,4
2014-09-06 23:00:00,8,7,1
2014-09-07 00:00:00,2,1,1
2014-09-07 01:00:00,2,0,2
2014-09-07 02:00:00,4,2,2
2014-09-07 03:00:00,8,6,2
2014-09-07 04:00:00,1,0,1
2014-09-07 05:00:00,6,3,3
2014-09-07 06:00:00,3,1,2
2014-09-07 07:00:00,9,4,5
2014-09-07 08:00:00,21,5,16
2014-09-07 09:00:00,39,13,26
2014-09-07 10:00:00,46,16,30
2014-09-07 11:00:00,58,31,27
2014-09-07 12:00:00,73,40,33
2014-09-07 13:00:00,53,27,26
2014-09-07 14:00:00,66,34,32
2014-09-07 15:00:00,63,35,28
2014-09-07 16:00:00,51,32,19
2014-09-07 17:00:00,46,22,24
2014-09-07 18:00:00,36,19,17
2014-09-07 19:00:00,17,6,11
2014-09-07 20:00:00,12,8,4
2014-09-07 21:00:00,10,4,6
2014-09-07 22:00:00,10,5,5
2014-09-07 23:00:00,7,5,2
2014-09-08 00:00:00,0,0,0
2014-09-08 01:00:00,2,1,1
2014-09-08 02:00:00,5,3,2
2014-09-08 03:00:00,3,1,2
2014-09-08 04:00:00,7,2,5
2014-09-08 05:00:00,25,6,19
2014-09-08 06:00:00,63,7,56
2014-09-08 07:00:00,132,15,117
2014-09-08 08:00:00,117,13,104
2014-09-08 09:00:00,78,4,74
2014-09-08 10:00:00,32,9,23
2014-09-08 11:00:00,19,9,10
2014-09-08 12:00:00,20,10,10
2014-09-08 13:00:00,23,14,9
2014-09-08 14:00:00,22,9,13
2014-09-08 15:00:00,37,26,11
2014-09-08 16:00:00,90,69,21
2014-09-08 17:00:00,187,156,31
2014-09-08 18:00:00,118,104,14
2014-09-08 19:00:00,36,28,8
2014-09-08 20:00:00,12,9,3
2014-09-08 21:00:00,5,2,3
2014-09-08 22:00:00,5,4,1
2014-09-08 23:00:00,8,7,1
2014-09-09 00:00:00,3,2,1
2014-09-09 01:00:00,2,2,0
2014-09-09 02:00:00,2,2,0
2014-09-09 03:00:00,1,1,0
2014-09-09 04:00:00,2,1,1
2014-09-09 05:00:00,24,3,21
2014-09-09 06:00:00,57,11,46
2014-09-09 07:00:00,131,18,113
2014-09-09 08:00:00,116,13,103
2014-09-09 09:00:00,49,0,49
2014-09-09 10:00:00,21,7,14
2014-09-09 11:00:00,22,9,13
2014-09-09 12:00:00,28,13,15
2014-09-09 13:00:00,21,9,12
2014-09-09 14:00:00,27,12,15
2014-09-09 15:00:00,36,25,11
2014-09-09 16:00:00,76,51,25
2014-09-09 17:00:00,178,153,25
2014-09-09 18:00:00,123,103,20
2014-09-09 19:00:00,65,52,13
2014-09-09 20:00:00,23,15,8
2014-09-09 21:00:00,8,5,3
2014-09-09 22:00:00,15,10,5
2014-09-09 23:00:00,2,2,0
2014-09-10 00:00:00,7,4,3
2014-09-10 01:00:00,1,0,1
2014-09-10 02:00:00,5,4,1
2014-09-10 03:00:00,2,0,2
2014-09-10 04:00:00,7,3,4
2014-09-10 05:00:00,20,5,15
2014-09-10 06:00:00,63,8,55
2014-09-10 07:00:00,123,13,110
2014-09-10 08:00:00,123,12,111
2014-09-10 09:00:00,54,7,47
2014-09-10 10:00:00,30,6,24
2014-09-10 11:00:00,19,6,13
2014-09-10 12:00:00,13,4,9
2014-09-10 13:00:00,25,17,8
2014-09-10 14:00:00,25,12,13
2014-09-10 15:00:00,46,31,15
2014-09-10 16:00:00,90,58,32
2014-09-10 17:00:00,155,129,26
2014-09-10 18:00:00,126,99,27
2014-09-10 19:00:00,42,32,10
2014-09-10 20:00:00,24,17,7
2014-09-10 21:00:00,9,7,2
2014-09-10 22:00:00,10,2,8
2014-09-10 23:00:00,9,9,0
2014-09-11 00:00:00,8,8,0
2014-09-11 01:00:00,6,4,2
2014-09-11 02:00:00,2,0,2
2014-09-11 03:00:00,4,1,3
2014-09-11 04:00:00,3,1,2
2014-09-11 05:00:00,21,5,16
2014-09-11 06:00:00,60,14,46
2014-09-11 07:00:00,141,14,127
2014-09-11 08:00:00,129,7,122
2014-09-11 09:00:00,63,3,60
2014-09-11 10:00:00,23,8,15
2014-09-11 11:00:00,18,2,16
2014-09-11 12:00:00,26,14,12
2014-09-11 13:00:00,35,21,14
2014-09-11 14:00:00,25,20,5
2014-09-11 15:00:00,50,34,16
2014-09-11 16:00:00,81,64,17
2014-09-11 17:00:00,177,151,26
2014-09-11 18:00:00,122,108,14
2014-09-11 19:00:00,48,40,8
2014-09-11 20:00:00,25,13,12
2014-09-11 21:00:00,18,8,10
2014-09-11 22:00:00,6,2,4
2014-09-11 23:00:00,4,4,0
2014-09-12 00:00:00,9,6,3
2014-09-12 01:00:00,3,1,2
2014-09-12 02:00:00,5,2,3
2014-09-12 03:00:00,2,1,1
2014-09-12 04:00:00,1,0,1
2014-09-12 05:00:00,19,8,11
2014-09-12 06:00:00,51,8,43
2014-09-12 07:00:00,121,11,110
2014-09-12 08:00:00,118,10,108
2014-09-12 09:00:00,51,9,42
2014-09-12 10:00:00,37,11,26
2014-09-12 11:00:00,20,5,15
2014-09-12 12:00:00,25,12,13
2014-09-12 13:00:00,31,17,14
2014-09-12 14:00:00,31,16,15
2014-09-12 15:00:00,50,28,22
2014-09-12 16:00:00,86,65,21
2014-09-12 17:00:00,146,122,24
2014-09-12 18:00:00,96,71,25
2014-09-12 19:00:00,42,27,15
2014-09-12 20:00:00,12,6,6
2014-09-12 21:00:00,13,10,3
2014-09-12 22:00:00,20,16,4
2014-09-12 23:00:00,5,5,0
2014-09-13 00:00:00,11,9,2
2014-09-13 01:00:00,5,4,1
2014-09-13 02:00:00,3,3,0
2014-09-13 03:00:00,5,4,1
2014-09-13 04:00:00,1,1,0
2014-09-13 05:00:00,2,1,1
2014-09-13 06:00:00,16,6,10
2014-09-13 07:00:00,15,7,8
2014-09-13 08:00:00,14,5,9
2014-09-13 09:00:00,36,15,21
2014-09-13 10:00:00,42,22,20
2014-09-13 11:00:00,41,22,19
2014-09-13 12:00:00,55,28,27
2014-09-13 13:00:00,77,37,40
2014-09-13 14:00:00,47,22,25
2014-09-13 15:00:00,64,33,31
2014-09-13 16:00:00,52,22,30
2014-09-13 17:00:00,52,23,29
2014-09-13 18:00:00,44,30,14
2014-09-13 19:00:00,29,15,14
2014-09-13 20:00:00,16,8,8
2014-09-13 21:00:00,15,8,7
2014-09-13 22:00:00,24,16,8
2014-09-13 23:00:00,5,3,2
2014-09-14 00:00:00,5,2,3
2014-09-14 01:00:00,1,1,0
2014-09-14 02:00:00,3,2,1
2014-09-14 03:00:00,4,3,1
2014-09-14 04:00:00,0,0,0
2014-09-14 05:00:00,1,0,1
2014-09-14 06:00:00,3,2,1
2014-09-14 07:00:00,13,4,9
2014-09-14 08:00:00,29,9,20
2014-09-14 09:00:00,49,22,27
2014-09-14 10:00:00,49,25,24
2014-09-14 11:00:00,46,17,29
2014-09-14 12:00:00,61,44,17
2014-09-14 13:00:00,69,45,24
2014-09-14 14:00:00,60,29,31
2014-09-14 15:00:00,73,30,43
2014-09-14 16:00:00,61,31,30
2014-09-14 17:00:00,50,27,23
2014-09-14 18:00:00,31,11,20
2014-09-14 19:00:00,33,17,16
2014-09-14 20:00:00,14,8,6
2014-09-14 21:00:00,9,5,4
2014-09-14 22:00:00,9,6,3
2014-09-14 23:00:00,2,2,0
2014-09-15 00:00:00,1,1,0
2014-09-15 01:00:00,3,0,3
2014-09-15 02:00:00,1,1,0
2014-09-15 03:00:00,3,2,1
2014-09-15 04:00:00,4,2,2
2014-09-15 05:00:00,23,6,17
2014-09-15 06:00:00,57,12,45
2014-09-15 07:00:00,149,14,135
2014-09-15 08:00:00,152,19,133
2014-09-15 09:00:00,50,4,46
2014-09-15 10:00:00,19,5,14
2014-09-15 11:00:00,28,14,14
2014-09-15 12:00:00,29,13,16
2014-09-15 13:00:00,29,12,17
2014-09-15 14:00:00,38,22,16
2014-09-15 15:00:00,45,27,18
2014-09-15 16:00:00,83,59,24
2014-09-15 17:00:00,202,170,32
2014-09-15 18:00:00,144,126,18
2014-09-15 19:00:00,49,35,14
2014-09-15 20:00:00,21,14,7
2014-09-15 21:00:00,16,8,8
2014-09-15 22:00:00,10,4,6
2014-09-15 23:00:00,15,12,3
2014-09-16 00:00:00,2,2,0
2014-09-16 01:00:00,5,2,3
2014-09-16 02:00:00,1,1,0
2014-09-16 03:00:00,1,0,1
2014-09-16 04:00:00,3,2,1
2014-09-16 05:00:00,32,5,27
2014-09-16 06:00:00,58,8,50
2014-09-16 07:00:00,156,22,134
2014-09-16 08:00:00,168,18,150
2014-09-16 09:00:00,51,7,44
2014-09-16 10:00:00,19,4,15
2014-09-16 11:00:00,23,6,17
2014-09-16 12:00:00,40,18,22
2014-09-16 13:00:00,20,11,9
2014-09-16 14:00:00,35,20,15
2014-09-16 15:00:00,54,42,12
2014-09-16 16:00:00,105,78,27
2014-09-16 17:00:00,193,158,35
2014-09-16 18:00:00,130,118,12
2014-09-16 19:00:00,67,56,11
2014-09-16 20:00:00,17,12,5
2014-09-16 21:00:00,9,6,3
2014-09-16 22:00:00,7,6,1
2014-09-16 23:00:00,6,5,1
2014-09-17 00:00:00,3,3,0
2014-09-17 01:00:00,1,0,1
2014-09-17 02:00:00,1,1,0
2014-09-17 03:00:00,0,0,0
2014-09-17 04:00:00,8,5,3
2014-09-17 05:00:00,36,9,27
2014-09-17 06:00:00,70,10,60
2014-09-17 07:00:00,137,16,121
2014-09-17 08:00:00,138,13,125
2014-09-17 09:00:00,45,5,40
2014-09-17 10:00:00,24,3,21
2014-09-17 11:00:00,12,6,6
2014-09-17 12:00:00,26,14,12
2014-09-17 13:00:00,23,9,14
2014-09-17 14:00:00,23,17,6
2014-09-17 15:00:00,36,29,7
2014-09-17 16:00:00,106,82,24
2014-09-17 17:00:00,178,142,36
2014-09-17 18:00:00,133,115,18
2014-09-17 19:00:00,35,28,7
2014-09-17 20:00:00,23,16,7
2014-09-17 21:00:00,11,9,2
2014-09-17 22:00:00,5,4,1
2014-09-17 23:00:00,2,0,2
2014-09-18 00:00:00,3,3,0
2014-09-18 01:00:00,2,0,2
2014-09-18 02:00:00,1,0,1
2014-09-18 03:00:00,2,1,1
2014-09-18 04:00:00,0,0,0
2014-09-18 05:00:00,23,2,21
2014-09-18 06:00:00,53,9,44
2014-09-18 07:00:00,91,14,77
2014-09-18 08:00:00,112,11,101
2014-09-18 09:00:00,37,1,36
2014-09-18 10:00:00,25,6,19
2014-09-18 11:00:00,14,6,8
2014-09-18 12:00:00,21,7,14
2014-09-18 13:00:00,16,7,9
2014-09-18 14:00:00,23,17,6
2014-09-18 15:00:00,36,29,7
2014-09-18 16:00:00,55,42,13
2014-09-18 17:00:00,115,96,19
2014-09-18 18:00:00,97,74,23
2014-09-18 19:00:00,53,37,16
2014-09-18 20:00:00,14,10,4
2014-09-18 21:00:00,14,9,5
2014-09-18 22:00:00,10,8,2
2014-09-18 23:00:00,11,8,3
2014-09-19 00:00:00,0,0,0
2014-09-19 01:00:00,4,3,1
2014-09-19 02:00:00,1,1,0
2014-09-19 03:00:00,1,0,1
2014-09-19 04:00:00,4,0,4
2014-09-19 05:00:00,20,6,14
2014-09-19 06:00:00,50,7,43
2014-09-19 07:00:00,97,11,86
2014-09-19 08:00:00,129,13,116
2014-09-19 09:00:00,54,12,42
2014-09-19 10:00:00,23,5,18
2014-09-19 11:00:00,27,15,12
2014-09-19 12:00:00,34,12,22
2014-09-19 13:00:00,25,13,12
2014-09-19 14:00:00,26,16,10
2014-09-19 15:00:00,39,26,13
2014-09-19 16:00:00,77,62,15
2014-09-19 17:00:00,149,115,34
2014-09-19 18:00:00,71,60,11
2014-09-19 19:00:00,35,24,11
2014-09-19 20:00:00,25,15,10
2014-09-19 21:00:00,5,1,4
2014-09-19 22:00:00,3,3,0
2014-09-19 23:00:00,4,2,2
2014-09-20 00:00:00,9,5,4
2014-09-20 01:00:00,8,7,1
2014-09-20 02:00:00,8,7,1
2014-09-20 03:00:00,0,0,0
2014-09-20 04:00:00,4,1,3
2014-09-20 05:00:00,6,1,5
2014-09-20 06:00:00,9,0,9
2014-09-20 07:00:00,19,3,16
2014-09-20 08:00:00,32,12,20
2014-09-20 09:00:00,26,10,16
2014-09-20 10:00:00,53,36,17
2014-09-20 11:00:00,53,32,21
2014-09-20 12:00:00,46,24,22
2014-09-20 13:00:00,55,24,31
2014-09-20 14:00:00,61,34,27
2014-09-20 15:00:00,46,29,17
2014-09-20 16:00:00,48,27,21
2014-09-20 17:00:00,65,25,40
2014-09-20 18:00:00,43,23,20
2014-09-20 19:00:00,24,18,6
2014-09-20 20:00:00,8,3,5
2014-09-20 21:00:00,7,4,3
2014-09-20 22:00:00,7,5,2
2014-09-20 23:00:00,4,2,2
2014-09-21 00:00:00,4,3,1
2014-09-21 01:00:00,5,4,1
2014-09-21 02:00:00,2,2,0
2014-09-21 03:00:00,1,1,0
2014-09-21 04:00:00,1,1,0
2014-09-21 05:00:00,6,0,6
2014-09-21 06:00:00,2,2,0
2014-09-21 07:00:00,16,4,12
2014-09-21 08:00:00,20,3,17
2014-09-21 09:00:00,35,13,22
2014-09-21 10:00:00,52,24,28
2014-09-21 11:00:00,61,22,39
2014-09-21 12:00:00,96,45,51
2014-09-21 13:00:00,64,27,37
2014-09-21 14:00:00,46,23,23
2014-09-21 15:00:00,51,27,24
2014-09-21 16:00:00,48,34,14
2014-09-21 17:00:00,59,34,25
2014-09-21 18:00:00,42,24,18
2014-09-21 19:00:00,30,18,12
2014-09-21 20:00:00,10,5,5
2014-09-21 21:00:00,5,2,3
2014-09-21 22:00:00,6,5,1
2014-09-21 23:00:00,6,4,2
2014-09-22 00:00:00,4,3,1
2014-09-22 01:00:00,1,0,1
2014-09-22 02:00:00,1,1,0
2014-09-22 03:00:00,3,2,1
2014-09-22 04:00:00,2,0,2
2014-09-22 05:00:00,23,2,21
2014-09-22 06:00:00,60,9,51
2014-09-22 07:00:00,135,15,120
2014-09-22 08:00:00,145,8,137
2014-09-22 09:00:00,52,7,45
2014-09-22 10:00:00,25,4,21
2014-09-22 11:00:00,22,12,10
2014-09-22 12:00:00,20,8,12
2014-09-22 13:00:00,23,11,12
2014-09-22 14:00:00,33,24,9
2014-09-22 15:00:00,48,32,16
2014-09-22 16:00:00,91,75,16
2014-09-22 17:00:00,187,154,33
2014-09-22 18:00:00,124,108,16
2014-09-22 19:00:00,41,34,7
2014-09-22 20:00:00,25,21,4
2014-09-22 21:00:00,11,4,7
2014-09-22 22:00:00,3,2,1
2014-09-22 23:00:00,6,6,0
2014-09-23 00:00:00,4,3,1
2014-09-23 01:00:00,1,0,1
2014-09-23 02:00:00,3,2,1
2014-09-23 03:00:00,3,2,1
2014-09-23 04:00:00,3,0,3
2014-09-23 05:00:00,20,1,19
2014-09-23 06:00:00,55,6,49
2014-09-23 07:00:00,130,14,116
2014-09-23 08:00:00,124,13,111
2014-09-23 09:00:00,46,9,37
2014-09-23 10:00:00,27,6,21
2014-09-23 11:00:00,8,4,4
2014-09-23 12:00:00,15,9,6
2014-09-23 13:00:00,18,9,9
2014-09-23 14:00:00,15,7,8
2014-09-23 15:00:00,29,25,4
2014-09-23 16:00:00,68,53,15
2014-09-23 17:00:00,135,118,17
2014-09-23 18:00:00,91,85,6
2014-09-23 19:00:00,17,16,1
2014-09-23 20:00:00,9,8,1
2014-09-23 21:00:00,5,5,0
2014-09-23 22:00:00,4,3,1
2014-09-23 23:00:00,0,0,0
2014-09-24 00:00:00,2,1,1
2014-09-24 01:00:00,1,1,0
2014-09-24 02:00:00,0,0,0
2014-09-24 03:00:00,0,0,0
2014-09-24 04:00:00,3,1,2
2014-09-24 05:00:00,18,4,14
2014-09-24 06:00:00,33,3,30
2014-09-24 07:00:00,53,12,41
2014-09-24 08:00:00,71,9,62
2014-09-24 09:00:00,28,3,25
2014-09-24 10:00:00,5,3,2
2014-09-24 11:00:00,5,1,4
2014-09-24 12:00:00,13,6,7
2014-09-24 13:00:00,11,2,9
2014-09-24 14:00:00,15,9,6
2014-09-24 15:00:00,22,18,4
2014-09-24 16:00:00,47,39,8
2014-09-24 17:00:00,86,74,12
2014-09-24 18:00:00,67,55,12
2014-09-24 19:00:00,33,26,7
2014-09-24 20:00:00,13,10,3
2014-09-24 21:00:00,13,7,6
2014-09-24 22:00:00,12,7,5
2014-09-24 23:00:00,2,0,2
2014-09-25 00:00:00,2,2,0
2014-09-25 01:00:00,3,2,1
2014-09-25 02:00:00,1,0,1
2014-09-25 03:00:00,0,0,0
2014-09-25 04:00:00,4,2,2
2014-09-25 05:00:00,23,4,19
2014-09-25 06:00:00,38,4,34
2014-09-25 07:00:00,99,12,87
2014-09-25 08:00:00,105,8,97
2014-09-25 09:00:00,37,8,29
2014-09-25 10:00:00,15,2,13
2014-09-25 11:00:00,9,3,6
2014-09-25 12:00:00,16,6,10
2014-09-25 13:00:00,18,9,9
2014-09-25 14:00:00,17,7,10
2014-09-25 15:00:00,32,26,6
2014-09-25 16:00:00,75,56,19
2014-09-25 17:00:00,120,100,20
2014-09-25 18:00:00,86,74,12
2014-09-25 19:00:00,32,29,3
2014-09-25 20:00:00,13,9,4
2014-09-25 21:00:00,15,12,3
2014-09-25 22:00:00,14,10,4
2014-09-25 23:00:00,4,3,1
2014-09-26 00:00:00,4,4,0
2014-09-26 01:00:00,2,1,1
2014-09-26 02:00:00,1,1,0
2014-09-26 03:00:00,1,1,0
2014-09-26 04:00:00,7,3,4
2014-09-26 05:00:00,17,2,15
2014-09-26 06:00:00,26,4,22
2014-09-26 07:00:00,64,14,50
2014-09-26 08:00:00,57,7,50
2014-09-26 09:00:00,34,2,32
2014-09-26 10:00:00,13,3,10
2014-09-26 11:00:00,13,3,10
2014-09-26 12:00:00,13,6,7
2014-09-26 13:00:00,18,9,9
2014-09-26 14:00:00,32,17,15
2014-09-26 15:00:00,36,23,13
2014-09-26 16:00:00,53,38,15
2014-09-26 17:00:00,71,55,16
2014-09-26 18:00:00,69,58,11
2014-09-26 19:00:00,23,16,7
2014-09-26 20:00:00,10,8,2
2014-09-26 21:00:00,7,5,2
2014-09-26 22:00:00,10,6,4
2014-09-26 23:00:00,7,4,3
2014-09-27 00:00:00,4,2,2
2014-09-27 01:00:00,8,6,2
2014-09-27 02:00:00,0,0,0
2014-09-27 03:00:00,2,2,0
2014-09-27 04:00:00,1,1,0
2014-09-27 05:00:00,7,3,4
2014-09-27 06:00:00,6,1,5
2014-09-27 07:00:00,14,5,9
2014-09-27 08:00:00,25,8,17
2014-09-27 09:00:00,37,20,17
2014-09-27 10:00:00,36,12,24
2014-09-27 11:00:00,53,36,17
2014-09-27 12:00:00,76,22,54
2014-09-27 13:00:00,46,15,31
2014-09-27 14:00:00,85,50,35
2014-09-27 15:00:00,59,39,20
2014-09-27 16:00:00,74,30,44
2014-09-27 17:00:00,58,33,25
2014-09-27 18:00:00,25,12,13
2014-09-27 19:00:00,28,19,9
2014-09-27 20:00:00,13,9,4
2014-09-27 21:00:00,7,2,5
2014-09-27 22:00:00,4,4,0
2014-09-27 23:00:00,6,1,5
2014-09-28 00:00:00,4,4,0
2014-09-28 01:00:00,6,4,2
2014-09-28 02:00:00,5,3,2
2014-09-28 03:00:00,1,1,0
2014-09-28 04:00:00,1,1,0
2014-09-28 05:00:00,2,1,1
2014-09-28 06:00:00,9,3,6
2014-09-28 07:00:00,8,2,6
2014-09-28 08:00:00,25,8,17
2014-09-28 09:00:00,26,8,18
2014-09-28 10:00:00,37,16,21
2014-09-28 11:00:00,48,24,24
2014-09-28 12:00:00,47,25,22
2014-09-28 13:00:00,47,23,24
2014-09-28 14:00:00,43,19,24
2014-09-28 15:00:00,30,13,17
2014-09-28 16:00:00,42,28,14
2014-09-28 17:00:00,41,24,17
2014-09-28 18:00:00,35,14,21
2014-09-28 19:00:00,8,6,2
2014-09-28 20:00:00,4,2,2
2014-09-28 21:00:00,6,4,2
2014-09-28 22:00:00,6,3,3
2014-09-28 23:00:00,3,2,1
2014-09-29 00:00:00,1,1,0
2014-09-29 01:00:00,1,0,1
2014-09-29 02:00:00,1,0,1
2014-09-29 03:00:00,1,0,1
2014-09-29 04:00:00,4,3,1
2014-09-29 05:00:00,17,2,15
2014-09-29 06:00:00,55,11,44
2014-09-29 07:00:00,121,16,105
2014-09-29 08:00:00,122,7,115
2014-09-29 09:00:00,49,4,45
2014-09-29 10:00:00,23,6,17
2014-09-29 11:00:00,14,3,11
2014-09-29 12:00:00,17,7,10
2014-09-29 13:00:00,9,2,7
2014-09-29 14:00:00,14,8,6
2014-09-29 15:00:00,25,19,6
2014-09-29 16:00:00,54,43,11
2014-09-29 17:00:00,129,117,12
2014-09-29 18:00:00,99,88,11
2014-09-29 19:00:00,16,13,3
2014-09-29 20:00:00,20,16,4
2014-09-29 21:00:00,9,6,3
2014-09-29 22:00:00,4,2,2
2014-09-29 23:00:00,6,5,1
2014-09-30 00:00:00,1,1,0
2014-09-30 01:00:00,2,1,1
2014-09-30 02:00:00,1,0,1
2014-09-30 03:00:00,4,3,1
2014-09-30 04:00:00,2,0,2
2014-09-30 05:00:00,28,4,24
2014-09-30 06:00:00,50,9,41
2014-09-30 07:00:00,109,16,93
2014-09-30 08:00:00,120,9,111
2014-09-30 09:00:00,51,2,49
2014-09-30 10:00:00,20,3,17
2014-09-30 11:00:00,18,5,13
2014-09-30 12:00:00,14,4,10
2014-09-30 13:00:00,25,8,17
2014-09-30 14:00:00,30,16,14
2014-09-30 15:00:00,43,33,10
2014-09-30 16:00:00,91,69,22
2014-09-30 17:00:00,147,123,24
2014-09-30 18:00:00,122,101,21
2014-09-30 19:00:00,35,27,8
2014-09-30 20:00:00,21,17,4
2014-09-30 21:00:00,8,8,0
2014-09-30 22:00:00,6,4,2
2014-09-30 23:00:00,3,2,1
2014-10-01 00:00:00,1,1,0
2014-10-01 01:00:00,3,3,0
2014-10-01 02:00:00,2,1,1
2014-10-01 03:00:00,5,2,3
2014-10-01 04:00:00,7,4,3
2014-10-01 05:00:00,19,1,18
2014-10-01 06:00:00,63,13,50
2014-10-01 07:00:00,116,20,96
2014-10-01 08:00:00,142,10,132
2014-10-01 09:00:00,56,11,45
2014-10-01 10:00:00,28,6,22
2014-10-01 11:00:00,20,4,16
2014-10-01 12:00:00,13,7,6
2014-10-01 13:00:00,23,8,15
2014-10-01 14:00:00,22,12,10
2014-10-01 15:00:00,56,46,10
2014-10-01 16:00:00,89,71,18
2014-10-01 17:00:00,183,157,26
2014-10-01 18:00:00,111,87,24
2014-10-01 19:00:00,60,28,32
2014-10-01 20:00:00,24,19,5
2014-10-01 21:00:00,9,7,2
2014-10-01 22:00:00,7,4,3
2014-10-01 23:00:00,6,3,3
2014-10-02 00:00:00,5,4,1
2014-10-02 01:00:00,1,1,0
2014-10-02 02:00:00,3,1,2
2014-10-02 03:00:00,0,0,0
2014-10-02 04:00:00,3,0,3
2014-10-02 05:00:00,20,3,17
2014-10-02 06:00:00,68,10,58
2014-10-02 07:00:00,129,18,111
2014-10-02 08:00:00,131,15,116
2014-10-02 09:00:00,61,5,56
2014-10-02 10:00:00,30,7,23
2014-10-02 11:00:00,31,13,18
2014-10-02 12:00:00,17,10,7
2014-10-02 13:00:00,27,16,11
2014-10-02 14:00:00,32,15,17
2014-10-02 15:00:00,56,40,16
2014-10-02 16:00:00,83,60,23
2014-10-02 17:00:00,145,125,20
2014-10-02 18:00:00,117,98,19
2014-10-02 19:00:00,93,83,10
2014-10-02 20:00:00,18,13,5
2014-10-02 21:00:00,10,5,5
2014-10-02 22:00:00,13,4,9
2014-10-02 23:00:00,7,4,3
2014-10-03 00:00:00,6,6,0
2014-10-03 01:00:00,4,3,1
2014-10-03 02:00:00,0,0,0
2014-10-03 03:00:00,2,1,1
2014-10-03 04:00:00,5,2,3
2014-10-03 05:00:00,25,7,18
2014-10-03 06:00:00,47,6,41
2014-10-03 07:00:00,127,22,105
2014-10-03 08:00:00,135,9,126
2014-10-03 09:00:00,55,10,45
2014-10-03 10:00:00,34,9,25
2014-10-03 11:00:00,28,11,17
2014-10-03 12:00:00,27,10,17
2014-10-03 13:00:00,36,20,16
2014-10-03 14:00:00,36,22,14
2014-10-03 15:00:00,51,35,16
2014-10-03 16:00:00,107,81,26
2014-10-03 17:00:00,164,133,31
2014-10-03 18:00:00,92,79,13
2014-10-03 19:00:00,22,14,8
2014-10-03 20:00:00,22,19,3
2014-10-03 21:00:00,6,6,0
2014-10-03 22:00:00,7,2,5
2014-10-03 23:00:00,8,7,1
2014-10-04 00:00:00,6,4,2
2014-10-04 01:00:00,4,2,2
2014-10-04 02:00:00,3,3,0
2014-10-04 03:00:00,2,0,2
2014-10-04 04:00:00,0,0,0
2014-10-04 05:00:00,4,0,4
2014-10-04 06:00:00,10,2,8
2014-10-04 07:00:00,12,3,9
2014-10-04 08:00:00,36,11,25
2014-10-04 09:00:00,43,17,26
2014-10-04 10:00:00,39,20,19
2014-10-04 11:00:00,66,42,24
2014-10-04 12:00:00,44,24,20
2014-10-04 13:00:00,37,13,24
2014-10-04 14:00:00,44,18,26
2014-10-04 15:00:00,38,14,24
2014-10-04 16:00:00,42,23,19
2014-10-04 17:00:00,38,27,11
2014-10-04 18:00:00,18,11,7
2014-10-04 19:00:00,16,10,6
2014-10-04 20:00:00,7,5,2
2014-10-04 21:00:00,3,2,1
2014-10-04 22:00:00,0,0,0
2014-10-04 23:00:00,4,2,2
2014-10-05 00:00:00,3,2,1
2014-10-05 01:00:00,0,0,0
2014-10-05 02:00:00,1,1,0
2014-10-05 03:00:00,1,1,0
2014-10-05 04:00:00,1,1,0
2014-10-05 05:00:00,5,2,3
2014-10-05 06:00:00,5,3,2
2014-10-05 07:00:00,12,3,9
2014-10-05 08:00:00,22,6,16
2014-10-05 09:00:00,28,8,20
2014-10-05 10:00:00,38,19,19
2014-10-05 11:00:00,49,13,36
2014-10-05 12:00:00,41,23,18
2014-10-05 13:00:00,43,29,14
2014-10-05 14:00:00,52,28,24
2014-10-05 15:00:00,53,21,32
2014-10-05 16:00:00,63,37,26
2014-10-05 17:00:00,36,19,17
2014-10-05 18:00:00,19,9,10
2014-10-05 19:00:00,17,12,5
2014-10-05 20:00:00,7,6,1
2014-10-05 21:00:00,6,3,3
2014-10-05 22:00:00,1,1,0
2014-10-05 23:00:00,4,2,2
2014-10-06 00:00:00,3,2,1
2014-10-06 01:00:00,1,0,1
2014-10-06 02:00:00,0,0,0
2014-10-06 03:00:00,2,2,0
2014-10-06 04:00:00,5,2,3
2014-10-06 05:00:00,29,8,21
2014-10-06 06:00:00,65,12,53
2014-10-06 07:00:00,140,19,121
2014-10-06 08:00:00,164,13,151
2014-10-06 09:00:00,56,3,53
2014-10-06 10:00:00,30,5,25
2014-10-06 11:00:00,24,15,9
2014-10-06 12:00:00,30,12,18
2014-10-06 13:00:00,41,20,21
2014-10-06 14:00:00,32,21,11
2014-10-06 15:00:00,63,39,24
2014-10-06 16:00:00,120,99,21
2014-10-06 17:00:00,200,171,29
2014-10-06 18:00:00,104,94,10
2014-10-06 19:00:00,31,21,10
2014-10-06 20:00:00,12,11,1
2014-10-06 21:00:00,15,12,3
2014-10-06 22:00:00,15,11,4
2014-10-06 23:00:00,2,1,1
2014-10-07 00:00:00,4,4,0
2014-10-07 01:00:00,3,1,2
2014-10-07 02:00:00,2,1,1
2014-10-07 03:00:00,4,3,1
2014-10-07 04:00:00,2,0,2
2014-10-07 05:00:00,23,3,20
2014-10-07 06:00:00,75,10,65
2014-10-07 07:00:00,137,19,118
2014-10-07 08:00:00,140,13,127
2014-10-07 09:00:00,59,6,53
2014-10-07 10:00:00,29,4,25
2014-10-07 11:00:00,25,9,16
2014-10-07 12:00:00,22,11,11
2014-10-07 13:00:00,24,6,18
2014-10-07 14:00:00,32,21,11
2014-10-07 15:00:00,53,28,25
2014-10-07 16:00:00,95,81,14
2014-10-07 17:00:00,204,172,32
2014-10-07 18:00:00,109,94,15
2014-10-07 19:00:00,38,35,3
2014-10-07 20:00:00,21,17,4
2014-10-07 21:00:00,9,4,5
2014-10-07 22:00:00,7,5,2
2014-10-07 23:00:00,6,6,0
2014-10-08 00:00:00,5,3,2
2014-10-08 01:00:00,2,0,2
2014-10-08 02:00:00,1,1,0
2014-10-08 03:00:00,3,1,2
2014-10-08 04:00:00,4,2,2
2014-10-08 05:00:00,31,3,28
2014-10-08 06:00:00,65,9,56
2014-10-08 07:00:00,104,16,88
2014-10-08 08:00:00,152,18,134
2014-10-08 09:00:00,55,6,49
2014-10-08 10:00:00,39,6,33
2014-10-08 11:00:00,16,9,7
2014-10-08 12:00:00,24,6,18
2014-10-08 13:00:00,22,8,14
2014-10-08 14:00:00,29,21,8
2014-10-08 15:00:00,41,27,14
2014-10-08 16:00:00,101,79,22
2014-10-08 17:00:00,164,143,21
2014-10-08 18:00:00,109,98,11
2014-10-08 19:00:00,58,47,11
2014-10-08 20:00:00,16,12,4
2014-10-08 21:00:00,11,7,4
2014-10-08 22:00:00,8,4,4
2014-10-08 23:00:00,8,7,1
2014-10-09 00:00:00,1,1,0
2014-10-09 01:00:00,3,2,1
2014-10-09 02:00:00,1,0,1
2014-10-09 03:00:00,1,0,1
2014-10-09 04:00:00,2,0,2
2014-10-09 05:00:00,22,3,19
2014-10-09 06:00:00,60,5,55
2014-10-09 07:00:00,114,17,97
2014-10-09 08:00:00,134,12,122
2014-10-09 09:00:00,59,7,52
2014-10-09 10:00:00,17,4,13
2014-10-09 11:00:00,14,4,10
2014-10-09 12:00:00,18,9,9
2014-10-09 13:00:00,27,16,11
2014-10-09 14:00:00,47,18,29
2014-10-09 15:00:00,35,26,9
2014-10-09 16:00:00,83,69,14
2014-10-09 17:00:00,147,125,22
2014-10-09 18:00:00,101,91,10
2014-10-09 19:00:00,51,32,19
2014-10-09 20:00:00,24,18,6
2014-10-09 21:00:00,8,5,3
2014-10-09 22:00:00,5,2,3
2014-10-09 23:00:00,12,2,10
2014-10-10 00:00:00,4,4,0
2014-10-10 01:00:00,5,3,2
2014-10-10 02:00:00,0,0,0
2014-10-10 03:00:00,1,0,1
2014-10-10 04:00:00,4,1,3
2014-10-10 05:00:00,16,2,14
2014-10-10 06:00:00,43,8,35
2014-10-10 07:00:00,84,15,69
2014-10-10 08:00:00,111,9,102
2014-10-10 09:00:00,51,7,44
2014-10-10 10:00:00,22,4,18
2014-10-10 11:00:00,26,15,11
2014-10-10 12:00:00,23,6,17
2014-10-10 13:00:00,14,8,6
2014-10-10 14:00:00,29,15,14
2014-10-10 15:00:00,38,27,11
2014-10-10 16:00:00,64,49,15
2014-10-10 17:00:00,110,94,16
2014-10-10 18:00:00,58,51,7
2014-10-10 19:00:00,27,18,9
2014-10-10 20:00:00,9,8,1
2014-10-10 21:00:00,9,8,1
2014-10-10 22:00:00,8,7,1
2014-10-10 23:00:00,9,6,3
2014-10-11 00:00:00,3,3,0
2014-10-11 01:00:00,6,3,3
2014-10-11 02:00:00,5,2,3
2014-10-11 03:00:00,3,1,2
2014-10-11 04:00:00,2,2,0
2014-10-11 05:00:00,7,0,7
2014-10-11 06:00:00,6,0,6
2014-10-11 07:00:00,7,1,6
2014-10-11 08:00:00,17,6,11
2014-10-11 09:00:00,24,5,19
2014-10-11 10:00:00,26,15,11
2014-10-11 11:00:00,22,16,6
2014-10-11 12:00:00,20,9,11
2014-10-11 13:00:00,29,11,18
2014-10-11 14:00:00,20,12,8
2014-10-11 15:00:00,25,13,12
2014-10-11 16:00:00,25,13,12
2014-10-11 17:00:00,24,10,14
2014-10-11 18:00:00,14,7,7
2014-10-11 19:00:00,6,3,3
2014-10-11 20:00:00,4,2,2
2014-10-11 21:00:00,4,3,1
2014-10-11 22:00:00,4,1,3
2014-10-11 23:00:00,0,0,0
2014-10-12 00:00:00,2,2,0
2014-10-12 01:00:00,3,2,1
2014-10-12 02:00:00,1,1,0
2014-10-12 03:00:00,1,0,1
2014-10-12 04:00:00,3,2,1
2014-10-12 05:00:00,5,2,3
2014-10-12 06:00:00,0,0,0
2014-10-12 07:00:00,7,3,4
2014-10-12 08:00:00,14,5,9
2014-10-12 09:00:00,21,9,12
2014-10-12 10:00:00,30,10,20
2014-10-12 11:00:00,43,21,22
2014-10-12 12:00:00,38,26,12
2014-10-12 13:00:00,34,9,25
2014-10-12 14:00:00,32,9,23
2014-10-12 15:00:00,28,13,15
2014-10-12 16:00:00,31,17,14
2014-10-12 17:00:00,28,15,13
2014-10-12 18:00:00,17,10,7
2014-10-12 19:00:00,7,4,3
2014-10-12 20:00:00,8,6,2
2014-10-12 21:00:00,9,6,3
2014-10-12 22:00:00,9,4,5
2014-10-12 23:00:00,0,0,0
2014-10-13 00:00:00,0,0,0
2014-10-13 01:00:00,1,1,0
2014-10-13 02:00:00,0,0,0
2014-10-13 03:00:00,1,0,1
2014-10-13 04:00:00,5,1,4
2014-10-13 05:00:00,18,2,16
2014-10-13 06:00:00,43,9,34
2014-10-13 07:00:00,107,18,89
2014-10-13 08:00:00,118,8,110
2014-10-13 09:00:00,63,8,55
2014-10-13 10:00:00,31,7,24
2014-10-13 11:00:00,25,15,10
2014-10-13 12:00:00,30,15,15
2014-10-13 13:00:00,26,10,16
2014-10-13 14:00:00,31,19,12
2014-10-13 15:00:00,26,18,8
2014-10-13 16:00:00,93,70,23
2014-10-13 17:00:00,139,115,24
2014-10-13 18:00:00,89,78,11
2014-10-13 19:00:00,29,22,7
2014-10-13 20:00:00,15,11,4
2014-10-13 21:00:00,4,3,1
2014-10-13 22:00:00,7,6,1
2014-10-13 23:00:00,1,1,0
2014-10-14 00:00:00,2,1,1
2014-10-14 01:00:00,1,0,1
2014-10-14 02:00:00,0,0,0
2014-10-14 03:00:00,2,1,1
2014-10-14 04:00:00,2,0,2
2014-10-14 05:00:00,24,3,21
2014-10-14 06:00:00,67,11,56
2014-10-14 07:00:00,114,15,99
2014-10-14 08:00:00,107,11,96
2014-10-14 09:00:00,38,2,36
2014-10-14 10:00:00,14,0,14
2014-10-14 11:00:00,14,8,6
2014-10-14 12:00:00,22,8,14
2014-10-14 13:00:00,13,8,5
2014-10-14 14:00:00,31,21,10
2014-10-14 15:00:00,41,23,18
2014-10-14 16:00:00,86,71,15
2014-10-14 17:00:00,139,124,15
2014-10-14 18:00:00,77,68,9
2014-10-14 19:00:00,19,19,0
2014-10-14 20:00:00,8,6,2
2014-10-14 21:00:00,9,8,1
2014-10-14 22:00:00,3,3,0
2014-10-14 23:00:00,3,2,1
2014-10-15 00:00:00,2,2,0
2014-10-15 01:00:00,2,1,1
2014-10-15 02:00:00,1,0,1
2014-10-15 03:00:00,2,1,1
2014-10-15 04:00:00,5,1,4
2014-10-15 05:00:00,19,3,16
2014-10-15 06:00:00,41,4,37
2014-10-15 07:00:00,96,10,86
2014-10-15 08:00:00,87,5,82
2014-10-15 09:00:00,32,1,31
2014-10-15 10:00:00,10,1,9
2014-10-15 11:00:00,12,5,7
2014-10-15 12:00:00,8,2,6
2014-10-15 13:00:00,6,4,2
2014-10-15 14:00:00,14,5,9
2014-10-15 15:00:00,22,15,7
2014-10-15 16:00:00,63,52,11
2014-10-15 17:00:00,94,76,18
2014-10-15 18:00:00,82,69,13
2014-10-15 19:00:00,36,27,9
2014-10-15 20:00:00,22,10,12
2014-10-15 21:00:00,10,5,5
2014-10-15 22:00:00,10,6,4
2014-10-15 23:00:00,1,0,1
2014-10-16 00:00:00,3,2,1
2014-10-16 01:00:00,2,2,0
2014-10-16 02:00:00,0,0,0
2014-10-16 03:00:00,4,3,1
2014-10-16 04:00:00,6,2,4
2014-10-16 05:00:00,26,3,23
2014-10-16 06:00:00,62,12,50
2014-10-16 07:00:00,117,14,103
2014-10-16 08:00:00,109,10,99
2014-10-16 09:00:00,40,7,33
2014-10-16 10:00:00,19,6,13
2014-10-16 11:00:00,29,12,17
2014-10-16 12:00:00,28,8,20
2014-10-16 13:00:00,32,17,15
2014-10-16 14:00:00,55,36,19
2014-10-16 15:00:00,64,39,25
2014-10-16 16:00:00,110,86,24
2014-10-16 17:00:00,153,127,26
2014-10-16 18:00:00,74,60,14
2014-10-16 19:00:00,37,23,14
2014-10-16 20:00:00,16,10,6
2014-10-16 21:00:00,14,7,7
2014-10-16 22:00:00,8,5,3
2014-10-16 23:00:00,4,3,1
2014-10-17 00:00:00,5,3,2
2014-10-17 01:00:00,4,2,2
2014-10-17 02:00:00,2,2,0
2014-10-17 03:00:00,2,1,1
2014-10-17 04:00:00,2,1,1
2014-10-17 05:00:00,16,5,11
2014-10-17 06:00:00,31,5,26
2014-10-17 07:00:00,64,10,54
2014-10-17 08:00:00,64,7,57
2014-10-17 09:00:00,38,2,36
2014-10-17 10:00:00,21,4,17
2014-10-17 11:00:00,11,1,10
2014-10-17 12:00:00,14,8,6
2014-10-17 13:00:00,10,7,3
2014-10-17 14:00:00,15,9,6
2014-10-17 15:00:00,22,15,7
2014-10-17 16:00:00,34,27,7
2014-10-17 17:00:00,95,81,14
2014-10-17 18:00:00,56,53,3
2014-10-17 19:00:00,20,14,6
2014-10-17 20:00:00,12,10,2
2014-10-17 21:00:00,2,2,0
2014-10-17 22:00:00,8,4,4
2014-10-17 23:00:00,2,0,2
2014-10-18 00:00:00,2,2,0
2014-10-18 01:00:00,2,1,1
2014-10-18 02:00:00,2,2,0
2014-10-18 03:00:00,4,2,2
2014-10-18 04:00:00,1,1,0
2014-10-18 05:00:00,1,0,1
2014-10-18 06:00:00,2,1,1
2014-10-18 07:00:00,6,2,4
2014-10-18 08:00:00,15,6,9
2014-10-18 09:00:00,14,8,6
2014-10-18 10:00:00,14,8,6
2014-10-18 11:00:00,25,10,15
2014-10-18 12:00:00,17,7,10
2014-10-18 13:00:00,17,7,10
2014-10-18 14:00:00,25,15,10
2014-10-18 15:00:00,29,13,16
2014-10-18 16:00:00,34,8,26
2014-10-18 17:00:00,28,14,14
2014-10-18 18:00:00,12,6,6
2014-10-18 19:00:00,6,2,4
2014-10-18 20:00:00,4,3,1
2014-10-18 21:00:00,5,2,3
2014-10-18 22:00:00,1,0,1
2014-10-18 23:00:00,3,3,0
2014-10-19 00:00:00,2,1,1
2014-10-19 01:00:00,4,4,0
2014-10-19 02:00:00,2,2,0
2014-10-19 03:00:00,1,0,1
2014-10-19 04:00:00,3,3,0
2014-10-19 05:00:00,3,0,3
2014-10-19 06:00:00,6,0,6
2014-10-19 07:00:00,8,2,6
2014-10-19 08:00:00,16,5,11
2014-10-19 09:00:00,27,5,22
2014-10-19 10:00:00,49,28,21
2014-10-19 11:00:00,49,24,25
2014-10-19 12:00:00,61,24,37
2014-10-19 13:00:00,90,35,55
2014-10-19 14:00:00,95,42,53
2014-10-19 15:00:00,72,41,31
2014-10-19 16:00:00,54,29,25
2014-10-19 17:00:00,64,32,32
2014-10-19 18:00:00,42,21,21
2014-10-19 19:00:00,14,4,10
2014-10-19 20:00:00,12,7,5
2014-10-19 21:00:00,5,3,2
2014-10-19 22:00:00,3,1,2
2014-10-19 23:00:00,4,1,3
2014-10-20 00:00:00,3,1,2
2014-10-20 01:00:00,2,1,1
2014-10-20 02:00:00,1,0,1
2014-10-20 03:00:00,0,0,0
2014-10-20 04:00:00,1,1,0
2014-10-20 05:00:00,17,4,13
2014-10-20 06:00:00,47,8,39
2014-10-20 07:00:00,88,17,71
2014-10-20 08:00:00,93,8,85
2014-10-20 09:00:00,40,2,38
2014-10-20 10:00:00,25,4,21
2014-10-20 11:00:00,16,5,11
2014-10-20 12:00:00,13,3,10
2014-10-20 13:00:00,14,7,7
2014-10-20 14:00:00,17,11,6
2014-10-20 15:00:00,35,18,17
2014-10-20 16:00:00,60,49,11
2014-10-20 17:00:00,112,97,15
2014-10-20 18:00:00,90,78,12
2014-10-20 19:00:00,27,15,12
2014-10-20 20:00:00,12,10,2
2014-10-20 21:00:00,6,3,3
2014-10-20 22:00:00,5,2,3
2014-10-20 23:00:00,5,3,2
2014-10-21 00:00:00,0,0,0
2014-10-21 01:00:00,6,4,2
2014-10-21 02:00:00,1,0,1
2014-10-21 03:00:00,4,3,1
2014-10-21 04:00:00,4,1,3
2014-10-21 05:00:00,16,1,15
2014-10-21 06:00:00,48,5,43
2014-10-21 07:00:00,83,12,71
2014-10-21 08:00:00,108,11,97
2014-10-21 09:00:00,50,6,44
2014-10-21 10:00:00,22,5,17
2014-10-21 11:00:00,27,13,14
2014-10-21 12:00:00,26,9,17
2014-10-21 13:00:00,20,10,10
2014-10-21 14:00:00,22,16,6
2014-10-21 15:00:00,27,18,9
2014-10-21 16:00:00,64,52,12
2014-10-21 17:00:00,124,101,23
2014-10-21 18:00:00,80,74,6
2014-10-21 19:00:00,26,22,4
2014-10-21 20:00:00,9,8,1
2014-10-21 21:00:00,4,4,0
2014-10-21 22:00:00,4,2,2
2014-10-21 23:00:00,1,1,0
2014-10-22 00:00:00,1,1,0
2014-10-22 01:00:00,1,0,1
2014-10-22 02:00:00,2,2,0
2014-10-22 03:00:00,1,0,1
2014-10-22 04:00:00,3,1,2
2014-10-22 05:00:00,13,1,12
2014-10-22 06:00:00,34,6,28
2014-10-22 07:00:00,68,14,54
2014-10-22 08:00:00,85,6,79
2014-10-22 09:00:00,39,1,38
2014-10-22 10:00:00,18,3,15
2014-10-22 11:00:00,7,4,3
2014-10-22 12:00:00,4,1,3
2014-10-22 13:00:00,8,5,3
2014-10-22 14:00:00,12,8,4
2014-10-22 15:00:00,26,16,10
2014-10-22 16:00:00,36,30,6
2014-10-22 17:00:00,76,63,13
2014-10-22 18:00:00,63,53,10
2014-10-22 19:00:00,18,17,1
2014-10-22 20:00:00,8,6,2
2014-10-22 21:00:00,11,10,1
2014-10-22 22:00:00,0,0,0
2014-10-22 23:00:00,1,0,1
2014-10-23 00:00:00,1,1,0
2014-10-23 01:00:00,0,0,0
2014-10-23 02:00:00,1,0,1
2014-10-23 03:00:00,1,0,1
2014-10-23 04:00:00,2,0,2
2014-10-23 05:00:00,13,2,11
2014-10-23 06:00:00,29,6,23
2014-10-23 07:00:00,67,11,56
2014-10-23 08:00:00,81,4,77
2014-10-23 09:00:00,31,2,29
2014-10-23 10:00:00,14,2,12
2014-10-23 11:00:00,5,2,3
2014-10-23 12:00:00,12,8,4
2014-10-23 13:00:00,19,10,9
2014-10-23 14:00:00,17,12,5
2014-10-23 15:00:00,29,18,11
2014-10-23 16:00:00,28,19,9
2014-10-23 17:00:00,90,76,14
2014-10-23 18:00:00,70,56,14
2014-10-23 19:00:00,32,29,3
2014-10-23 20:00:00,13,11,2
2014-10-23 21:00:00,7,4,3
2014-10-23 22:00:00,6,4,2
2014-10-23 23:00:00,1,0,1
2014-10-24 00:00:00,3,3,0
2014-10-24 01:00:00,3,3,0
2014-10-24 02:00:00,1,1,0
2014-10-24 03:00:00,2,0,2
2014-10-24 04:00:00,0,0,0
2014-10-24 05:00:00,0,0,0
2014-10-24 06:00:00,56,9,47
2014-10-24 07:00:00,86,7,79
2014-10-24 08:00:00,86,11,75
2014-10-24 09:00:00,32,2,30
2014-10-24 10:00:00,21,5,16
2014-10-24 11:00:00,11,4,7
2014-10-24 12:00:00,33,18,15
2014-10-24 13:00:00,34,11,23
2014-10-24 14:00:00,30,20,10
2014-10-24 15:00:00,43,31,12
2014-10-24 16:00:00,81,61,20
2014-10-24 17:00:00,113,95,18
2014-10-24 18:00:00,61,49,12
2014-10-24 19:00:00,18,12,6
2014-10-24 20:00:00,4,2,2
2014-10-24 21:00:00,6,5,1
2014-10-24 22:00:00,6,6,0
2014-10-24 23:00:00,4,4,0
2014-10-25 00:00:00,6,6,0
2014-10-25 01:00:00,5,4,1
2014-10-25 02:00:00,2,0,2
2014-10-25 03:00:00,4,2,2
2014-10-25 04:00:00,5,2,3
2014-10-25 05:00:00,1,0,1
2014-10-25 06:00:00,1,0,1
2014-10-25 07:00:00,7,1,6
2014-10-25 08:00:00,10,4,6
2014-10-25 09:00:00,11,4,7
2014-10-25 10:00:00,16,7,9
2014-10-25 11:00:00,22,10,12
2014-10-25 12:00:00,12,4,8
2014-10-25 13:00:00,6,2,4
2014-10-25 14:00:00,18,7,11
2014-10-25 15:00:00,13,9,4
2014-10-25 16:00:00,9,7,2
2014-10-25 17:00:00,13,5,8
2014-10-25 18:00:00,7,4,3
2014-10-25 19:00:00,1,1,0
2014-10-25 20:00:00,3,2,1
2014-10-25 21:00:00,4,2,2
2014-10-25 22:00:00,3,0,3
2014-10-25 23:00:00,4,1,3
2014-10-26 00:00:00,1,1,0
2014-10-26 01:00:00,1,1,0
2014-10-26 02:00:00,0,0,0
2014-10-26 03:00:00,2,2,0
2014-10-26 04:00:00,4,4,0
2014-10-26 05:00:00,1,0,1
2014-10-26 06:00:00,4,1,3
2014-10-26 07:00:00,3,1,2
2014-10-26 08:00:00,0,0,0
2014-10-26 09:00:00,10,2,8
2014-10-26 10:00:00,13,5,8
2014-10-26 11:00:00,37,24,13
2014-10-26 12:00:00,25,9,16
2014-10-26 13:00:00,16,8,8
2014-10-26 14:00:00,13,4,9
2014-10-26 15:00:00,19,13,6
2014-10-26 16:00:00,22,12,10
2014-10-26 17:00:00,16,9,7
2014-10-26 18:00:00,13,5,8
2014-10-26 19:00:00,5,2,3
2014-10-26 20:00:00,5,3,2
2014-10-26 21:00:00,1,1,0
2014-10-26 22:00:00,1,1,0
2014-10-26 23:00:00,2,2,0
2014-10-27 00:00:00,1,1,0
2014-10-27 01:00:00,1,1,0
2014-10-27 02:00:00,1,0,1
2014-10-27 03:00:00,3,1,2
2014-10-27 04:00:00,8,2,6
2014-10-27 05:00:00,18,4,14
2014-10-27 06:00:00,44,7,37
2014-10-27 07:00:00,111,16,95
2014-10-27 08:00:00,117,8,109
2014-10-27 09:00:00,40,1,39
2014-10-27 10:00:00,20,7,13
2014-10-27 11:00:00,21,8,13
2014-10-27 12:00:00,28,12,16
2014-10-27 13:00:00,31,12,19
2014-10-27 14:00:00,25,12,13
2014-10-27 15:00:00,45,35,10
2014-10-27 16:00:00,68,60,8
2014-10-27 17:00:00,128,106,22
2014-10-27 18:00:00,97,82,15
2014-10-27 19:00:00,25,20,5
2014-10-27 20:00:00,10,6,4
2014-10-27 21:00:00,10,9,1
2014-10-27 22:00:00,7,2,5
2014-10-27 23:00:00,2,1,1
2014-10-28 00:00:00,0,0,0
2014-10-28 01:00:00,2,1,1
2014-10-28 02:00:00,1,1,0
2014-10-28 03:00:00,0,0,0
2014-10-28 04:00:00,2,1,1
2014-10-28 05:00:00,14,2,12
2014-10-28 06:00:00,45,5,40
2014-10-28 07:00:00,73,13,60
2014-10-28 08:00:00,79,7,72
2014-10-28 09:00:00,31,3,28
2014-10-28 10:00:00,14,4,10
2014-10-28 11:00:00,4,1,3
2014-10-28 12:00:00,6,2,4
2014-10-28 13:00:00,7,1,6
2014-10-28 14:00:00,9,4,5
2014-10-28 15:00:00,20,15,5
2014-10-28 16:00:00,41,29,12
2014-10-28 17:00:00,102,80,22
2014-10-28 18:00:00,70,63,7
2014-10-28 19:00:00,23,19,4
2014-10-28 20:00:00,9,7,2
2014-10-28 21:00:00,8,7,1
2014-10-28 22:00:00,3,2,1
2014-10-28 23:00:00,2,1,1
2014-10-29 00:00:00,3,1,2
2014-10-29 01:00:00,1,1,0
2014-10-29 02:00:00,2,2,0
2014-10-29 03:00:00,2,1,1
2014-10-29 04:00:00,5,1,4
2014-10-29 05:00:00,18,2,16
2014-10-29 06:00:00,45,1,44
2014-10-29 07:00:00,115,16,99
2014-10-29 08:00:00,136,12,124
2014-10-29 09:00:00,47,3,44
2014-10-29 10:00:00,28,6,22
2014-10-29 11:00:00,23,8,15
2014-10-29 12:00:00,28,18,10
2014-10-29 13:00:00,28,8,20
2014-10-29 14:00:00,33,16,17
2014-10-29 15:00:00,56,41,15
2014-10-29 16:00:00,91,72,19
2014-10-29 17:00:00,132,109,23
2014-10-29 18:00:00,98,83,15
2014-10-29 19:00:00,24,19,5
2014-10-29 20:00:00,25,22,3
2014-10-29 21:00:00,15,11,4
2014-10-29 22:00:00,10,9,1
2014-10-29 23:00:00,3,2,1
2014-10-30 00:00:00,4,3,1
2014-10-30 01:00:00,4,1,3
2014-10-30 02:00:00,1,1,0
2014-10-30 03:00:00,0,0,0
2014-10-30 04:00:00,2,0,2
2014-10-30 05:00:00,17,4,13
2014-10-30 06:00:00,47,4,43
2014-10-30 07:00:00,98,11,87
2014-10-30 08:00:00,95,6,89
2014-10-30 09:00:00,34,4,30
2014-10-30 10:00:00,16,2,14
2014-10-30 11:00:00,10,5,5
2014-10-30 12:00:00,10,5,5
2014-10-30 13:00:00,12,3,9
2014-10-30 14:00:00,10,9,1
2014-10-30 15:00:00,17,11,6
2014-10-30 16:00:00,42,33,9
2014-10-30 17:00:00,113,104,9
2014-10-30 18:00:00,72,56,16
2014-10-30 19:00:00,22,19,3
2014-10-30 20:00:00,14,10,4
2014-10-30 21:00:00,13,9,4
2014-10-30 22:00:00,2,2,0
2014-10-30 23:00:00,2,2,0
2014-10-31 00:00:00,1,1,0
2014-10-31 01:00:00,1,1,0
2014-10-31 02:00:00,1,1,0
2014-10-31 03:00:00,1,0,1
2014-10-31 04:00:00,1,0,1
2014-10-31 05:00:00,7,2,5
2014-10-31 06:00:00,31,5,26
2014-10-31 07:00:00,58,8,50
2014-10-31 08:00:00,58,6,52
2014-10-31 09:00:00,32,4,28
2014-10-31 10:00:00,10,2,8
2014-10-31 11:00:00,8,2,6
2014-10-31 12:00:00,10,6,4
2014-10-31 13:00:00,7,1,6
2014-10-31 14:00:00,14,8,6
2014-10-31 15:00:00,27,21,6
2014-10-31 16:00:00,59,43,16
2014-10-31 17:00:00,74,66,8
2014-10-31 18:00:00,32,27,5
2014-10-31 19:00:00,18,10,8
2014-10-31 20:00:00,7,7,0
2014-10-31 21:00:00,7,3,4
2014-10-31 22:00:00,2,0,2
2014-10-31 23:00:00,10,6,4
2014-11-01 00:00:00,5,4,1
2014-11-01 01:00:00,4,4,0
2014-11-01 02:00:00,4,2,2
2014-11-01 03:00:00,4,2,2
2014-11-01 04:00:00,4,3,1
2014-11-01 05:00:00,2,1,1
2014-11-01 06:00:00,4,1,3
2014-11-01 07:00:00,6,2,4
2014-11-01 08:00:00,18,5,13
2014-11-01 09:00:00,23,11,12
2014-11-01 10:00:00,22,14,8
2014-11-01 11:00:00,33,17,16
2014-11-01 12:00:00,35,16,19
2014-11-01 13:00:00,56,25,31
2014-11-01 14:00:00,29,16,13
2014-11-01 15:00:00,37,15,22
2014-11-01 16:00:00,41,22,19
2014-11-01 17:00:00,20,13,7
2014-11-01 18:00:00,12,9,3
2014-11-01 19:00:00,4,1,3
2014-11-01 20:00:00,6,2,4
2014-11-01 21:00:00,3,3,0
2014-11-01 22:00:00,5,4,1
2014-11-01 23:00:00,4,3,1
2014-11-02 00:00:00,4,2,2
2014-11-02 01:00:00,8,4,4
2014-11-02 02:00:00,1,1,0
2014-11-02 03:00:00,0,0,0
2014-11-02 04:00:00,4,3,1
2014-11-02 05:00:00,4,1,3
2014-11-02 06:00:00,5,2,3
2014-11-02 07:00:00,6,1,5
2014-11-02 08:00:00,22,5,17
2014-11-02 09:00:00,25,11,14
2014-11-02 10:00:00,47,21,26
2014-11-02 11:00:00,36,16,20
2014-11-02 12:00:00,37,18,19
2014-11-02 13:00:00,21,12,9
2014-11-02 14:00:00,9,6,3
2014-11-02 15:00:00,8,2,6
2014-11-02 16:00:00,9,4,5
2014-11-02 17:00:00,14,11,3
2014-11-02 18:00:00,6,4,2
2014-11-02 19:00:00,1,1,0
2014-11-02 20:00:00,1,0,1
2014-11-02 21:00:00,0,0,0
2014-11-02 22:00:00,0,0,0
2014-11-02 23:00:00,2,1,1
2014-11-03 00:00:00,1,0,1
2014-11-03 01:00:00,2,1,1
2014-11-03 02:00:00,0,0,0
2014-11-03 03:00:00,4,2,2
2014-11-03 04:00:00,5,2,3
2014-11-03 05:00:00,26,8,18
2014-11-03 06:00:00,45,4,41
2014-11-03 07:00:00,117,15,102
2014-11-03 08:00:00,88,6,82
2014-11-03 09:00:00,37,2,35
2014-11-03 10:00:00,14,4,10
2014-11-03 11:00:00,10,4,6
2014-11-03 12:00:00,16,7,9
2014-11-03 13:00:00,15,8,7
2014-11-03 14:00:00,15,7,8
2014-11-03 15:00:00,27,17,10
2014-11-03 16:00:00,42,33,9
2014-11-03 17:00:00,118,98,20
2014-11-03 18:00:00,67,60,7
2014-11-03 19:00:00,18,15,3
2014-11-03 20:00:00,9,8,1
2014-11-03 21:00:00,8,4,4
2014-11-03 22:00:00,5,3,2
2014-11-03 23:00:00,2,1,1
2014-11-04 00:00:00,1,1,0
2014-11-04 01:00:00,3,2,1
2014-11-04 02:00:00,2,0,2
2014-11-04 03:00:00,0,0,0
2014-11-04 04:00:00,3,1,2
2014-11-04 05:00:00,21,1,20
2014-11-04 06:00:00,48,9,39
2014-11-04 07:00:00,103,9,94
2014-11-04 08:00:00,87,3,84
2014-11-04 09:00:00,35,5,30
2014-11-04 10:00:00,9,1,8
2014-11-04 11:00:00,15,7,8
2014-11-04 12:00:00,10,2,8
2014-11-04 13:00:00,12,6,6
2014-11-04 14:00:00,24,13,11
2014-11-04 15:00:00,34,24,10
2014-11-04 16:00:00,66,50,16
2014-11-04 17:00:00,132,112,20
2014-11-04 18:00:00,59,50,9
2014-11-04 19:00:00,13,8,5
2014-11-04 20:00:00,14,11,3
2014-11-04 21:00:00,8,8,0
2014-11-04 22:00:00,5,3,2
2014-11-04 23:00:00,5,2,3
2014-11-05 00:00:00,6,3,3
2014-11-05 01:00:00,4,2,2
2014-11-05 02:00:00,2,0,2
2014-11-05 03:00:00,3,2,1
2014-11-05 04:00:00,3,0,3
2014-11-05 05:00:00,25,4,21
2014-11-05 06:00:00,50,7,43
2014-11-05 07:00:00,89,14,75
2014-11-05 08:00:00,123,12,111
2014-11-05 09:00:00,55,5,50
2014-11-05 10:00:00,15,3,12
2014-11-05 11:00:00,8,2,6
2014-11-05 12:00:00,39,22,17
2014-11-05 13:00:00,23,6,17
2014-11-05 14:00:00,23,15,8
2014-11-05 15:00:00,31,19,12
2014-11-05 16:00:00,67,51,16
2014-11-05 17:00:00,116,98,18
2014-11-05 18:00:00,48,43,5
2014-11-05 19:00:00,15,15,0
2014-11-05 20:00:00,12,7,5
2014-11-05 21:00:00,8,5,3
2014-11-05 22:00:00,6,4,2
2014-11-05 23:00:00,9,8,1
2014-11-06 00:00:00,4,2,2
2014-11-06 01:00:00,2,1,1
2014-11-06 02:00:00,3,2,1
2014-11-06 03:00:00,3,1,2
2014-11-06 04:00:00,1,0,1
2014-11-06 05:00:00,16,3,13
2014-11-06 06:00:00,46,4,42
2014-11-06 07:00:00,87,13,74
2014-11-06 08:00:00,63,3,60
2014-11-06 09:00:00,39,4,35
2014-11-06 10:00:00,20,6,14
2014-11-06 11:00:00,21,4,17
2014-11-06 12:00:00,7,3,4
2014-11-06 13:00:00,6,3,3
2014-11-06 14:00:00,16,9,7
2014-11-06 15:00:00,26,17,9
2014-11-06 16:00:00,59,44,15
2014-11-06 17:00:00,107,87,20
2014-11-06 18:00:00,51,42,9
2014-11-06 19:00:00,17,12,5
2014-11-06 20:00:00,6,3,3
2014-11-06 21:00:00,3,3,0
2014-11-06 22:00:00,5,4,1
2014-11-06 23:00:00,3,3,0
2014-11-07 00:00:00,2,2,0
2014-11-07 01:00:00,1,0,1
2014-11-07 02:00:00,0,0,0
2014-11-07 03:00:00,2,1,1
2014-11-07 04:00:00,3,2,1
2014-11-07 05:00:00,19,1,18
2014-11-07 06:00:00,43,5,38
2014-11-07 07:00:00,121,19,102
2014-11-07 08:00:00,91,11,80
2014-11-07 09:00:00,54,8,46
2014-11-07 10:00:00,19,9,10
2014-11-07 11:00:00,27,11,16
2014-11-07 12:00:00,29,14,15
2014-11-07 13:00:00,33,15,18
2014-11-07 14:00:00,36,21,15
2014-11-07 15:00:00,47,31,16
2014-11-07 16:00:00,80,59,21
2014-11-07 17:00:00,99,82,17
2014-11-07 18:00:00,51,42,9
2014-11-07 19:00:00,22,12,10
2014-11-07 20:00:00,9,7,2
2014-11-07 21:00:00,7,5,2
2014-11-07 22:00:00,6,5,1
2014-11-07 23:00:00,6,5,1
2014-11-08 00:00:00,4,4,0
2014-11-08 01:00:00,2,2,0
2014-11-08 02:00:00,5,5,0
2014-11-08 03:00:00,1,1,0
2014-11-08 04:00:00,1,1,0
2014-11-08 05:00:00,8,1,7
2014-11-08 06:00:00,3,0,3
2014-11-08 07:00:00,10,3,7
2014-11-08 08:00:00,31,8,23
2014-11-08 09:00:00,41,23,18
2014-11-08 10:00:00,32,18,14
2014-11-08 11:00:00,80,42,38
2014-11-08 12:00:00,65,26,39
2014-11-08 13:00:00,63,24,39
2014-11-08 14:00:00,71,31,40
2014-11-08 15:00:00,50,33,17
2014-11-08 16:00:00,40,17,23
2014-11-08 17:00:00,27,12,15
2014-11-08 18:00:00,11,6,5
2014-11-08 19:00:00,9,5,4
2014-11-08 20:00:00,6,1,5
2014-11-08 21:00:00,6,5,1
2014-11-08 22:00:00,0,0,0
2014-11-08 23:00:00,2,2,0
2014-11-09 00:00:00,1,1,0
2014-11-09 01:00:00,2,2,0
2014-11-09 02:00:00,2,0,2
2014-11-09 03:00:00,1,1,0
2014-11-09 04:00:00,2,1,1
2014-11-09 05:00:00,5,3,2
2014-11-09 06:00:00,4,2,2
2014-11-09 07:00:00,3,0,3
2014-11-09 08:00:00,6,2,4
2014-11-09 09:00:00,9,2,7
2014-11-09 10:00:00,11,2,9
2014-11-09 11:00:00,17,6,11
2014-11-09 12:00:00,16,7,9
2014-11-09 13:00:00,20,11,9
2014-11-09 14:00:00,13,7,6
2014-11-09 15:00:00,7,4,3
2014-11-09 16:00:00,11,7,4
2014-11-09 17:00:00,10,6,4
2014-11-09 18:00:00,5,5,0
2014-11-09 19:00:00,7,3,4
2014-11-09 20:00:00,4,1,3
2014-11-09 21:00:00,2,2,0
2014-11-09 22:00:00,3,2,1
2014-11-09 23:00:00,2,2,0
2014-11-10 00:00:00,0,0,0
2014-11-10 01:00:00,2,1,1
2014-11-10 02:00:00,0,0,0
2014-11-10 03:00:00,1,0,1
2014-11-10 04:00:00,6,1,5
2014-11-10 05:00:00,19,5,14
2014-11-10 06:00:00,38,9,29
2014-11-10 07:00:00,120,9,111
2014-11-10 08:00:00,88,6,82
2014-11-10 09:00:00,42,4,38
2014-11-10 10:00:00,20,1,19
2014-11-10 11:00:00,15,6,9
2014-11-10 12:00:00,28,12,16
2014-11-10 13:00:00,23,12,11
2014-11-10 14:00:00,36,23,13
2014-11-10 15:00:00,41,24,17
2014-11-10 16:00:00,86,67,19
2014-11-10 17:00:00,125,99,26
2014-11-10 18:00:00,74,68,6
2014-11-10 19:00:00,27,21,6
2014-11-10 20:00:00,9,7,2
2014-11-10 21:00:00,7,4,3
2014-11-10 22:00:00,16,12,4
2014-11-10 23:00:00,3,3,0
2014-11-11 00:00:00,2,2,0
2014-11-11 01:00:00,1,1,0
2014-11-11 02:00:00,2,2,0
2014-11-11 03:00:00,0,0,0
2014-11-11 04:00:00,3,2,1
2014-11-11 05:00:00,13,4,9
2014-11-11 06:00:00,39,7,32
2014-11-11 07:00:00,87,5,82
2014-11-11 08:00:00,78,10,68
2014-11-11 09:00:00,43,8,35
2014-11-11 10:00:00,27,7,20
2014-11-11 11:00:00,23,7,16
2014-11-11 12:00:00,23,13,10
2014-11-11 13:00:00,29,11,18
2014-11-11 14:00:00,34,19,15
2014-11-11 15:00:00,38,27,11
2014-11-11 16:00:00,72,50,22
2014-11-11 17:00:00,88,76,12
2014-11-11 18:00:00,55,45,10
2014-11-11 19:00:00,27,23,4
2014-11-11 20:00:00,9,7,2
2014-11-11 21:00:00,4,4,0
2014-11-11 22:00:00,2,2,0
2014-11-11 23:00:00,1,1,0
2014-11-12 00:00:00,0,0,0
2014-11-12 01:00:00,2,2,0
2014-11-12 02:00:00,1,1,0
2014-11-12 03:00:00,0,0,0
2014-11-12 04:00:00,9,2,7
2014-11-12 05:00:00,25,6,19
2014-11-12 06:00:00,45,4,41
2014-11-12 07:00:00,84,12,72
2014-11-12 08:00:00,87,7,80
2014-11-12 09:00:00,43,9,34
2014-11-12 10:00:00,24,11,13
2014-11-12 11:00:00,13,5,8
2014-11-12 12:00:00,11,4,7
2014-11-12 13:00:00,14,7,7
2014-11-12 14:00:00,24,16,8
2014-11-12 15:00:00,38,28,10
2014-11-12 16:00:00,60,47,13
2014-11-12 17:00:00,93,79,14
2014-11-12 18:00:00,62,51,11
2014-11-12 19:00:00,21,16,5
2014-11-12 20:00:00,15,11,4
2014-11-12 21:00:00,12,10,2
2014-11-12 22:00:00,4,3,1
2014-11-12 23:00:00,2,1,1
2014-11-13 00:00:00,1,1,0
2014-11-13 01:00:00,1,1,0
2014-11-13 02:00:00,2,0,2
2014-11-13 03:00:00,0,0,0
2014-11-13 04:00:00,6,1,5
2014-11-13 05:00:00,20,4,16
2014-11-13 06:00:00,47,3,44
2014-11-13 07:00:00,87,17,70
2014-11-13 08:00:00,72,6,66
2014-11-13 09:00:00,32,0,32
2014-11-13 10:00:00,16,0,16
2014-11-13 11:00:00,16,6,10
2014-11-13 12:00:00,13,5,8
2014-11-13 13:00:00,16,10,6
2014-11-13 14:00:00,25,18,7
2014-11-13 15:00:00,32,23,9
2014-11-13 16:00:00,51,41,10
2014-11-13 17:00:00,95,84,11
2014-11-13 18:00:00,63,55,8
2014-11-13 19:00:00,22,15,7
2014-11-13 20:00:00,9,7,2
2014-11-13 21:00:00,8,6,2
2014-11-13 22:00:00,7,4,3
2014-11-13 23:00:00,2,1,1
2014-11-14 00:00:00,1,1,0
2014-11-14 01:00:00,0,0,0
2014-11-14 02:00:00,1,1,0
2014-11-14 03:00:00,1,0,1
2014-11-14 04:00:00,2,0,2
2014-11-14 05:00:00,16,4,12
2014-11-14 06:00:00,31,6,25
2014-11-14 07:00:00,80,9,71
2014-11-14 08:00:00,59,3,56
2014-11-14 09:00:00,28,2,26
2014-11-14 10:00:00,11,1,10
2014-11-14 11:00:00,10,7,3
2014-11-14 12:00:00,22,9,13
2014-11-14 13:00:00,21,12,9
2014-11-14 14:00:00,28,14,14
2014-11-14 15:00:00,32,22,10
2014-11-14 16:00:00,65,45,20
2014-11-14 17:00:00,68,59,9
2014-11-14 18:00:00,38,34,4
2014-11-14 19:00:00,17,13,4
2014-11-14 20:00:00,5,4,1
2014-11-14 21:00:00,6,4,2
2014-11-14 22:00:00,5,4,1
2014-11-14 23:00:00,9,4,5
2014-11-15 00:00:00,0,0,0
2014-11-15 01:00:00,1,1,0
2014-11-15 02:00:00,0,0,0
2014-11-15 03:00:00,3,2,1
2014-11-15 04:00:00,1,1,0
2014-11-15 05:00:00,5,0,5
2014-11-15 06:00:00,7,2,5
2014-11-15 07:00:00,3,0,3
2014-11-15 08:00:00,13,2,11
2014-11-15 09:00:00,27,10,17
2014-11-15 10:00:00,27,15,12
2014-11-15 11:00:00,37,13,24
2014-11-15 12:00:00,49,24,25
2014-11-15 13:00:00,33,19,14
2014-11-15 14:00:00,36,22,14
2014-11-15 15:00:00,27,22,5
2014-11-15 16:00:00,24,14,10
2014-11-15 17:00:00,16,5,11
2014-11-15 18:00:00,18,11,7
2014-11-15 19:00:00,4,2,2
2014-11-15 20:00:00,1,1,0
2014-11-15 21:00:00,4,4,0
2014-11-15 22:00:00,2,2,0
2014-11-15 23:00:00,1,0,1
2014-11-16 00:00:00,4,0,4
2014-11-16 01:00:00,1,1,0
2014-11-16 02:00:00,3,1,2
2014-11-16 03:00:00,2,1,1
2014-11-16 04:00:00,1,1,0
2014-11-16 05:00:00,3,0,3
2014-11-16 06:00:00,3,1,2
2014-11-16 07:00:00,8,4,4
2014-11-16 08:00:00,9,4,5
2014-11-16 09:00:00,16,8,8
2014-11-16 10:00:00,18,3,15
2014-11-16 11:00:00,22,10,12
2014-11-16 12:00:00,20,14,6
2014-11-16 13:00:00,30,16,14
2014-11-16 14:00:00,48,31,17
2014-11-16 15:00:00,40,16,24
2014-11-16 16:00:00,18,9,9
2014-11-16 17:00:00,15,7,8
2014-11-16 18:00:00,5,5,0
2014-11-16 19:00:00,4,2,2
2014-11-16 20:00:00,2,1,1
2014-11-16 21:00:00,3,2,1
2014-11-16 22:00:00,3,2,1
2014-11-16 23:00:00,2,1,1
2014-11-17 00:00:00,1,1,0
2014-11-17 01:00:00,0,0,0
2014-11-17 02:00:00,0,0,0
2014-11-17 03:00:00,2,1,1
2014-11-17 04:00:00,4,2,2
2014-11-17 05:00:00,23,4,19
2014-11-17 06:00:00,60,12,48
2014-11-17 07:00:00,101,10,91
2014-11-17 08:00:00,98,8,90
2014-11-17 09:00:00,35,2,33
2014-11-17 10:00:00,16,4,12
2014-11-17 11:00:00,8,4,4
2014-11-17 12:00:00,11,5,6
2014-11-17 13:00:00,19,7,12
2014-11-17 14:00:00,31,19,12
2014-11-17 15:00:00,37,27,10
2014-11-17 16:00:00,80,68,12
2014-11-17 17:00:00,116,102,14
2014-11-17 18:00:00,59,57,2
2014-11-17 19:00:00,24,21,3
2014-11-17 20:00:00,14,9,5
2014-11-17 21:00:00,2,1,1
2014-11-17 22:00:00,5,3,2
2014-11-17 23:00:00,2,1,1
2014-11-18 00:00:00,3,3,0
2014-11-18 01:00:00,2,1,1
2014-11-18 02:00:00,3,1,2
2014-11-18 03:00:00,0,0,0
2014-11-18 04:00:00,0,0,0
2014-11-18 05:00:00,19,3,16
2014-11-18 06:00:00,52,6,46
2014-11-18 07:00:00,102,16,86
2014-11-18 08:00:00,94,9,85
2014-11-18 09:00:00,43,6,37
2014-11-18 10:00:00,19,7,12
2014-11-18 11:00:00,11,6,5
2014-11-18 12:00:00,20,6,14
2014-11-18 13:00:00,16,6,10
2014-11-18 14:00:00,21,15,6
2014-11-18 15:00:00,33,27,6
2014-11-18 16:00:00,67,52,15
2014-11-18 17:00:00,102,89,13
2014-11-18 18:00:00,68,59,9
2014-11-18 19:00:00,24,22,2
2014-11-18 20:00:00,18,12,6
2014-11-18 21:00:00,7,5,2
2014-11-18 22:00:00,3,3,0
2014-11-18 23:00:00,3,0,3
2014-11-19 00:00:00,1,1,0
2014-11-19 01:00:00,1,1,0
2014-11-19 02:00:00,5,1,4
2014-11-19 03:00:00,1,1,0
2014-11-19 04:00:00,3,1,2
2014-11-19 05:00:00,20,3,17
2014-11-19 06:00:00,55,8,47
2014-11-19 07:00:00,109,12,97
2014-11-19 08:00:00,89,8,81
2014-11-19 09:00:00,34,6,28
2014-11-19 10:00:00,17,5,12
2014-11-19 11:00:00,24,8,16
2014-11-19 12:00:00,17,6,11
2014-11-19 13:00:00,21,11,10
2014-11-19 14:00:00,27,16,11
2014-11-19 15:00:00,40,32,8
2014-11-19 16:00:00,65,52,13
2014-11-19 17:00:00,100,88,12
2014-11-19 18:00:00,74,65,9
2014-11-19 19:00:00,20,16,4
2014-11-19 20:00:00,12,8,4
2014-11-19 21:00:00,20,16,4
2014-11-19 22:00:00,5,3,2
2014-11-19 23:00:00,8,4,4
2014-11-20 00:00:00,1,1,0
2014-11-20 01:00:00,0,0,0
2014-11-20 02:00:00,0,0,0
2014-11-20 03:00:00,4,1,3
2014-11-20 04:00:00,1,0,1
2014-11-20 05:00:00,20,5,15
2014-11-20 06:00:00,50,6,44
2014-11-20 07:00:00,102,11,91
2014-11-20 08:00:00,75,3,72
2014-11-20 09:00:00,50,14,36
2014-11-20 10:00:00,13,2,11
2014-11-20 11:00:00,15,7,8
2014-11-20 12:00:00,9,3,6
2014-11-20 13:00:00,16,8,8
2014-11-20 14:00:00,18,10,8
2014-11-20 15:00:00,30,23,7
2014-11-20 16:00:00,52,45,7
2014-11-20 17:00:00,101,89,12
2014-11-20 18:00:00,67,55,12
2014-11-20 19:00:00,23,19,4
2014-11-20 20:00:00,16,13,3
2014-11-20 21:00:00,12,9,3
2014-11-20 22:00:00,6,5,1
2014-11-20 23:00:00,14,10,4
2014-11-21 00:00:00,0,0,0
2014-11-21 01:00:00,8,1,7
2014-11-21 02:00:00,2,1,1
2014-11-21 03:00:00,4,1,3
2014-11-21 04:00:00,0,0,0
2014-11-21 05:00:00,18,2,16
2014-11-21 06:00:00,30,6,24
2014-11-21 07:00:00,62,6,56
2014-11-21 08:00:00,69,11,58
2014-11-21 09:00:00,29,3,26
2014-11-21 10:00:00,8,1,7
2014-11-21 11:00:00,5,1,4
2014-11-21 12:00:00,4,2,2
2014-11-21 13:00:00,11,6,5
2014-11-21 14:00:00,5,3,2
2014-11-21 15:00:00,19,15,4
2014-11-21 16:00:00,37,28,9
2014-11-21 17:00:00,51,43,8
2014-11-21 18:00:00,36,35,1
2014-11-21 19:00:00,15,10,5
2014-11-21 20:00:00,13,11,2
2014-11-21 21:00:00,5,2,3
2014-11-21 22:00:00,1,0,1
2014-11-21 23:00:00,4,3,1
2014-11-22 00:00:00,1,1,0
2014-11-22 01:00:00,2,1,1
2014-11-22 02:00:00,2,1,1
2014-11-22 03:00:00,0,0,0
2014-11-22 04:00:00,1,1,0
2014-11-22 05:00:00,6,0,6
2014-11-22 06:00:00,4,1,3
2014-11-22 07:00:00,5,0,5
2014-11-22 08:00:00,10,5,5
2014-11-22 09:00:00,15,4,11
2014-11-22 10:00:00,9,2,7
2014-11-22 11:00:00,18,10,8
2014-11-22 12:00:00,19,11,8
2014-11-22 13:00:00,12,6,6
2014-11-22 14:00:00,36,18,18
2014-11-22 15:00:00,26,17,9
2014-11-22 16:00:00,25,15,10
2014-11-22 17:00:00,15,10,5
2014-11-22 18:00:00,7,4,3
2014-11-22 19:00:00,5,2,3
2014-11-22 20:00:00,3,1,2
2014-11-22 21:00:00,5,1,4
2014-11-22 22:00:00,3,2,1
2014-11-22 23:00:00,2,0,2
2014-11-23 00:00:00,5,5,0
2014-11-23 01:00:00,0,0,0
2014-11-23 02:00:00,2,2,0
2014-11-23 03:00:00,1,0,1
2014-11-23 04:00:00,2,2,0
2014-11-23 05:00:00,8,1,7
2014-11-23 06:00:00,3,2,1
2014-11-23 07:00:00,1,1,0
2014-11-23 08:00:00,4,1,3
2014-11-23 09:00:00,6,2,4
2014-11-23 10:00:00,5,2,3
2014-11-23 11:00:00,13,4,9
2014-11-23 12:00:00,23,8,15
2014-11-23 13:00:00,18,10,8
2014-11-23 14:00:00,32,20,12
2014-11-23 15:00:00,30,14,16
2014-11-23 16:00:00,32,18,14
2014-11-23 17:00:00,24,11,13
2014-11-23 18:00:00,7,4,3
2014-11-23 19:00:00,6,4,2
2014-11-23 20:00:00,2,1,1
2014-11-23 21:00:00,2,1,1
2014-11-23 22:00:00,2,2,0
2014-11-23 23:00:00,2,0,2
2014-11-24 00:00:00,2,1,1
2014-11-24 01:00:00,0,0,0
2014-11-24 02:00:00,1,0,1
2014-11-24 03:00:00,1,0,1
2014-11-24 04:00:00,4,0,4
2014-11-24 05:00:00,20,4,16
2014-11-24 06:00:00,46,6,40
2014-11-24 07:00:00,108,13,95
2014-11-24 08:00:00,76,6,70
2014-11-24 09:00:00,46,7,39
2014-11-24 10:00:00,11,0,11
2014-11-24 11:00:00,13,4,9
2014-11-24 12:00:00,12,9,3
2014-11-24 13:00:00,13,4,9
2014-11-24 14:00:00,23,12,11
2014-11-24 15:00:00,29,24,5
2014-11-24 16:00:00,54,45,9
2014-11-24 17:00:00,95,82,13
2014-11-24 18:00:00,62,58,4
2014-11-24 19:00:00,17,14,3
2014-11-24 20:00:00,9,5,4
2014-11-24 21:00:00,6,5,1
2014-11-24 22:00:00,2,1,1
2014-11-24 23:00:00,6,4,2
2014-11-25 00:00:00,1,1,0
2014-11-25 01:00:00,2,1,1
2014-11-25 02:00:00,0,0,0
2014-11-25 03:00:00,5,2,3
2014-11-25 04:00:00,1,0,1
2014-11-25 05:00:00,12,2,10
2014-11-25 06:00:00,28,3,25
2014-11-25 07:00:00,77,5,72
2014-11-25 08:00:00,64,3,61
2014-11-25 09:00:00,33,1,32
2014-11-25 10:00:00,15,2,13
2014-11-25 11:00:00,9,3,6
2014-11-25 12:00:00,6,3,3
2014-11-25 13:00:00,10,4,6
2014-11-25 14:00:00,13,8,5
2014-11-25 15:00:00,23,15,8
2014-11-25 16:00:00,36,32,4
2014-11-25 17:00:00,88,75,13
2014-11-25 18:00:00,42,37,5
2014-11-25 19:00:00,19,18,1
2014-11-25 20:00:00,5,3,2
2014-11-25 21:00:00,8,7,1
2014-11-25 22:00:00,3,2,1
2014-11-25 23:00:00,2,2,0
2014-11-26 00:00:00,2,1,1
2014-11-26 01:00:00,0,0,0
2014-11-26 02:00:00,0,0,0
2014-11-26 03:00:00,0,0,0
2014-11-26 04:00:00,2,0,2
2014-11-26 05:00:00,23,4,19
2014-11-26 06:00:00,48,5,43
2014-11-26 07:00:00,99,13,86
2014-11-26 08:00:00,110,10,100
2014-11-26 09:00:00,45,5,40
2014-11-26 10:00:00,23,7,16
2014-11-26 11:00:00,19,7,12
2014-11-26 12:00:00,23,12,11
2014-11-26 13:00:00,23,9,14
2014-11-26 14:00:00,27,16,11
2014-11-26 15:00:00,42,30,12
2014-11-26 16:00:00,72,56,16
2014-11-26 17:00:00,113,95,18
2014-11-26 18:00:00,71,61,10
2014-11-26 19:00:00,20,17,3
2014-11-26 20:00:00,17,12,5
2014-11-26 21:00:00,16,12,4
2014-11-26 22:00:00,8,6,2
2014-11-26 23:00:00,6,4,2
2014-11-27 00:00:00,1,1,0
2014-11-27 01:00:00,1,0,1
2014-11-27 02:00:00,2,1,1
2014-11-27 03:00:00,2,0,2
2014-11-27 04:00:00,1,1,0
2014-11-27 05:00:00,4,0,4
2014-11-27 06:00:00,4,0,4
2014-11-27 07:00:00,5,3,2
2014-11-27 08:00:00,13,4,9
2014-11-27 09:00:00,17,6,11
2014-11-27 10:00:00,11,4,7
2014-11-27 11:00:00,16,13,3
2014-11-27 12:00:00,15,8,7
2014-11-27 13:00:00,22,12,10
2014-11-27 14:00:00,6,3,3
2014-11-27 15:00:00,15,9,6
2014-11-27 16:00:00,8,3,5
2014-11-27 17:00:00,1,0,1
2014-11-27 18:00:00,5,3,2
2014-11-27 19:00:00,6,0,6
2014-11-27 20:00:00,5,3,2
2014-11-27 21:00:00,2,1,1
2014-11-27 22:00:00,2,1,1
2014-11-27 23:00:00,5,1,4
2014-11-28 00:00:00,6,5,1
2014-11-28 01:00:00,4,3,1
2014-11-28 02:00:00,0,0,0
2014-11-28 03:00:00,0,0,0
2014-11-28 04:00:00,2,0,2
2014-11-28 05:00:00,8,2,6
2014-11-28 06:00:00,14,5,9
2014-11-28 07:00:00,6,2,4
2014-11-28 08:00:00,9,1,8
2014-11-28 09:00:00,11,3,8
2014-11-28 10:00:00,8,2,6
2014-11-28 11:00:00,5,2,3
2014-11-28 12:00:00,2,0,2
2014-11-28 13:00:00,6,5,1
2014-11-28 14:00:00,7,4,3
2014-11-28 15:00:00,6,5,1
2014-11-28 16:00:00,5,4,1
2014-11-28 17:00:00,5,4,1
2014-11-28 18:00:00,3,2,1
2014-11-28 19:00:00,5,3,2
2014-11-28 20:00:00,3,2,1
2014-11-28 21:00:00,1,1,0
2014-11-28 22:00:00,2,2,0
2014-11-28 23:00:00,1,1,0
2014-11-29 00:00:00,0,0,0
2014-11-29 01:00:00,0,0,0
2014-11-29 02:00:00,0,0,0
2014-11-29 03:00:00,3,1,2
2014-11-29 04:00:00,1,0,1
2014-11-29 05:00:00,1,0,1
2014-11-29 06:00:00,0,0,0
2014-11-29 07:00:00,2,0,2
2014-11-29 08:00:00,3,0,3
2014-11-29 09:00:00,2,1,1
2014-11-29 10:00:00,4,2,2
2014-11-29 11:00:00,3,1,2
2014-11-29 12:00:00,3,2,1
2014-11-29 13:00:00,5,3,2
2014-11-29 14:00:00,5,1,4
2014-11-29 15:00:00,6,2,4
2014-11-29 16:00:00,3,2,1
2014-11-29 17:00:00,7,6,1
2014-11-29 18:00:00,4,3,1
2014-11-29 19:00:00,3,2,1
2014-11-29 20:00:00,0,0,0
2014-11-29 21:00:00,0,0,0
2014-11-29 22:00:00,0,0,0
2014-11-29 23:00:00,1,0,1
2014-11-30 00:00:00,2,0,2
2014-11-30 01:00:00,0,0,0
2014-11-30 02:00:00,0,0,0
2014-11-30 03:00:00,2,1,1
2014-11-30 04:00:00,2,2,0
2014-11-30 05:00:00,4,2,2
2014-11-30 06:00:00,1,0,1
2014-11-30 07:00:00,1,1,0
2014-11-30 08:00:00,3,2,1
2014-11-30 09:00:00,3,0,3
2014-11-30 10:00:00,3,1,2
2014-11-30 11:00:00,12,4,8
2014-11-30 12:00:00,14,8,6
2014-11-30 13:00:00,15,5,10
2014-11-30 14:00:00,12,5,7
2014-11-30 15:00:00,15,3,12
2014-11-30 16:00:00,13,9,4
2014-11-30 17:00:00,3,2,1
2014-11-30 18:00:00,2,2,0
2014-11-30 19:00:00,2,1,1
2014-11-30 20:00:00,3,3,0
2014-11-30 21:00:00,9,5,4
2014-11-30 22:00:00,2,1,1
2014-11-30 23:00:00,1,1,0
2014-12-01 00:00:00,0,0,0
2014-12-01 01:00:00,0,0,0
2014-12-01 02:00:00,1,0,1
2014-12-01 03:00:00,2,1,1
2014-12-01 04:00:00,3,0,3
2014-12-01 05:00:00,11,1,10
2014-12-01 06:00:00,23,4,19
2014-12-01 07:00:00,54,11,43
2014-12-01 08:00:00,59,3,56
2014-12-01 09:00:00,19,5,14
2014-12-01 10:00:00,4,1,3
2014-12-01 11:00:00,14,10,4
2014-12-01 12:00:00,22,7,15
2014-12-01 13:00:00,8,3,5
2014-12-01 14:00:00,12,4,8
2014-12-01 15:00:00,18,13,5
2014-12-01 16:00:00,36,26,10
2014-12-01 17:00:00,68,59,9
2014-12-01 18:00:00,43,40,3
2014-12-01 19:00:00,10,9,1
2014-12-01 20:00:00,5,4,1
2014-12-01 21:00:00,5,3,2
2014-12-01 22:00:00,4,1,3
2014-12-01 23:00:00,1,0,1
2014-12-02 00:00:00,1,1,0
2014-12-02 01:00:00,1,1,0
2014-12-02 02:00:00,1,0,1
2014-12-02 03:00:00,3,3,0
2014-12-02 04:00:00,0,0,0
2014-12-02 05:00:00,13,2,11
2014-12-02 06:00:00,41,4,37
2014-12-02 07:00:00,64,8,56
2014-12-02 08:00:00,71,9,62
2014-12-02 09:00:00,30,3,27
2014-12-02 10:00:00,8,3,5
2014-12-02 11:00:00,8,4,4
2014-12-02 12:00:00,12,7,5
2014-12-02 13:00:00,15,7,8
2014-12-02 14:00:00,16,10,6
2014-12-02 15:00:00,16,15,1
2014-12-02 16:00:00,52,39,13
2014-12-02 17:00:00,87,77,10
2014-12-02 18:00:00,39,35,4
2014-12-02 19:00:00,16,14,2
2014-12-02 20:00:00,6,5,1
2014-12-02 21:00:00,5,4,1
2014-12-02 22:00:00,1,0,1
2014-12-02 23:00:00,4,2,2
2014-12-03 00:00:00,0,0,0
2014-12-03 01:00:00,1,1,0
2014-12-03 02:00:00,3,2,1
2014-12-03 03:00:00,1,0,1
2014-12-03 04:00:00,5,1,4
2014-12-03 05:00:00,13,3,10
2014-12-03 06:00:00,37,2,35
2014-12-03 07:00:00,74,7,67
2014-12-03 08:00:00,64,7,57
2014-12-03 09:00:00,27,1,26
2014-12-03 10:00:00,12,3,9
2014-12-03 11:00:00,12,3,9
2014-12-03 12:00:00,13,4,9
2014-12-03 13:00:00,12,8,4
2014-12-03 14:00:00,15,8,7
2014-12-03 15:00:00,27,19,8
2014-12-03 16:00:00,58,43,15
2014-12-03 17:00:00,80,69,11
2014-12-03 18:00:00,49,47,2
2014-12-03 19:00:00,23,20,3
2014-12-03 20:00:00,9,7,2
2014-12-03 21:00:00,7,4,3
2014-12-03 22:00:00,2,2,0
2014-12-03 23:00:00,2,2,0
2014-12-04 00:00:00,2,1,1
2014-12-04 01:00:00,0,0,0
2014-12-04 02:00:00,2,1,1
2014-12-04 03:00:00,2,1,1
2014-12-04 04:00:00,1,0,1
2014-12-04 05:00:00,15,3,12
2014-12-04 06:00:00,30,6,24
2014-12-04 07:00:00,88,14,74
2014-12-04 08:00:00,75,6,69
2014-12-04 09:00:00,31,1,30
2014-12-04 10:00:00,6,1,5
2014-12-04 11:00:00,14,4,10
2014-12-04 12:00:00,6,3,3
2014-12-04 13:00:00,11,4,7
2014-12-04 14:00:00,17,11,6
2014-12-04 15:00:00,19,13,6
2014-12-04 16:00:00,44,37,7
2014-12-04 17:00:00,98,80,18
2014-12-04 18:00:00,50,45,5
2014-12-04 19:00:00,22,21,1
2014-12-04 20:00:00,9,8,1
2014-12-04 21:00:00,8,5,3
2014-12-04 22:00:00,0,0,0
2014-12-04 23:00:00,4,3,1
2014-12-05 00:00:00,3,2,1
2014-12-05 01:00:00,0,0,0
2014-12-05 02:00:00,1,1,0
2014-12-05 03:00:00,3,0,3
2014-12-05 04:00:00,1,0,1
2014-12-05 05:00:00,12,4,8
2014-12-05 06:00:00,37,2,35
2014-12-05 07:00:00,66,13,53
2014-12-05 08:00:00,74,6,68
2014-12-05 09:00:00,23,3,20
2014-12-05 10:00:00,9,2,7
2014-12-05 11:00:00,8,4,4
2014-12-05 12:00:00,11,6,5
2014-12-05 13:00:00,5,3,2
2014-12-05 14:00:00,20,11,9
2014-12-05 15:00:00,19,14,5
2014-12-05 16:00:00,44,33,11
2014-12-05 17:00:00,72,59,13
2014-12-05 18:00:00,41,35,6
2014-12-05 19:00:00,16,12,4
2014-12-05 20:00:00,11,7,4
2014-12-05 21:00:00,11,9,2
2014-12-05 22:00:00,2,2,0
2014-12-05 23:00:00,4,3,1
2014-12-06 00:00:00,3,2,1
2014-12-06 01:00:00,1,0,1
2014-12-06 02:00:00,3,2,1
2014-12-06 03:00:00,4,3,1
2014-12-06 04:00:00,0,0,0
2014-12-06 05:00:00,3,0,3
2014-12-06 06:00:00,8,3,5
2014-12-06 07:00:00,16,10,6
2014-12-06 08:00:00,19,8,11
2014-12-06 09:00:00,20,8,12
2014-12-06 10:00:00,18,11,7
2014-12-06 11:00:00,21,12,9
2014-12-06 12:00:00,17,8,9
2014-12-06 13:00:00,20,10,10
2014-12-06 14:00:00,24,7,17
2014-12-06 15:00:00,16,9,7
2014-12-06 16:00:00,15,10,5
2014-12-06 17:00:00,4,2,2
2014-12-06 18:00:00,15,9,6
2014-12-06 19:00:00,11,7,4
2014-12-06 20:00:00,5,2,3
2014-12-06 21:00:00,2,0,2
2014-12-06 22:00:00,3,1,2
2014-12-06 23:00:00,6,4,2
2014-12-07 00:00:00,5,0,5
2014-12-07 01:00:00,3,1,2
2014-12-07 02:00:00,2,2,0
2014-12-07 03:00:00,3,2,1
2014-12-07 04:00:00,1,1,0
2014-12-07 05:00:00,3,0,3
2014-12-07 06:00:00,1,0,1
2014-12-07 07:00:00,7,2,5
2014-12-07 08:00:00,13,2,11
2014-12-07 09:00:00,26,11,15
2014-12-07 10:00:00,31,14,17
2014-12-07 11:00:00,47,29,18
2014-12-07 12:00:00,57,27,30
2014-12-07 13:00:00,35,9,26
2014-12-07 14:00:00,32,18,14
2014-12-07 15:00:00,36,19,17
2014-12-07 16:00:00,36,16,20
2014-12-07 17:00:00,19,10,9
2014-12-07 18:00:00,6,5,1
2014-12-07 19:00:00,4,2,2
2014-12-07 20:00:00,8,5,3
2014-12-07 21:00:00,4,1,3
2014-12-07 22:00:00,6,6,0
2014-12-07 23:00:00,7,3,4
2014-12-08 00:00:00,0,0,0
2014-12-08 01:00:00,0,0,0
2014-12-08 02:00:00,2,0,2
2014-12-08 03:00:00,3,0,3
2014-12-08 04:00:00,3,1,2
2014-12-08 05:00:00,21,2,19
2014-12-08 06:00:00,57,6,51
2014-12-08 07:00:00,103,11,92
2014-12-08 08:00:00,79,6,73
2014-12-08 09:00:00,41,3,38
2014-12-08 10:00:00,15,2,13
2014-12-08 11:00:00,21,11,10
2014-12-08 12:00:00,22,8,14
2014-12-08 13:00:00,19,12,7
2014-12-08 14:00:00,18,10,8
2014-12-08 15:00:00,34,29,5
2014-12-08 16:00:00,57,44,13
2014-12-08 17:00:00,96,82,14
2014-12-08 18:00:00,57,53,4
2014-12-08 19:00:00,21,18,3
2014-12-08 20:00:00,4,3,1
2014-12-08 21:00:00,3,3,0
2014-12-08 22:00:00,7,5,2
2014-12-08 23:00:00,1,0,1
2014-12-09 00:00:00,0,0,0
2014-12-09 01:00:00,0,0,0
2014-12-09 02:00:00,0,0,0
2014-12-09 03:00:00,0,0,0
2014-12-09 04:00:00,1,0,1
2014-12-09 05:00:00,11,3,8
2014-12-09 06:00:00,43,6,37
2014-12-09 07:00:00,87,6,81
2014-12-09 08:00:00,73,7,66
2014-12-09 09:00:00,28,3,25
2014-12-09 10:00:00,8,3,5
2014-12-09 11:00:00,9,2,7
2014-12-09 12:00:00,1,0,1
2014-12-09 13:00:00,5,2,3
2014-12-09 14:00:00,15,10,5
2014-12-09 15:00:00,35,21,14
2014-12-09 16:00:00,48,38,10
2014-12-09 17:00:00,92,78,14
2014-12-09 18:00:00,57,51,6
2014-12-09 19:00:00,15,10,5
2014-12-09 20:00:00,10,9,1
2014-12-09 21:00:00,7,4,3
2014-12-09 22:00:00,5,3,2
2014-12-09 23:00:00,2,2,0
2014-12-10 00:00:00,2,2,0
2014-12-10 01:00:00,0,0,0
2014-12-10 02:00:00,1,0,1
2014-12-10 03:00:00,1,0,1
2014-12-10 04:00:00,3,2,1
2014-12-10 05:00:00,22,3,19
2014-12-10 06:00:00,42,4,38
2014-12-10 07:00:00,80,9,71
2014-12-10 08:00:00,69,2,67
2014-12-10 09:00:00,36,4,32
2014-12-10 10:00:00,17,6,11
2014-12-10 11:00:00,7,1,6
2014-12-10 12:00:00,8,5,3
2014-12-10 13:00:00,4,1,3
2014-12-10 14:00:00,7,3,4
2014-12-10 15:00:00,16,11,5
2014-12-10 16:00:00,45,36,9
2014-12-10 17:00:00,87,72,15
2014-12-10 18:00:00,46,40,6
2014-12-10 19:00:00,14,14,0
2014-12-10 20:00:00,7,6,1
2014-12-10 21:00:00,5,4,1
2014-12-10 22:00:00,1,1,0
2014-12-10 23:00:00,2,1,1
2014-12-11 00:00:00,0,0,0
2014-12-11 01:00:00,1,1,0
2014-12-11 02:00:00,1,0,1
2014-12-11 03:00:00,7,1,6
2014-12-11 04:00:00,4,0,4
2014-12-11 05:00:00,20,7,13
2014-12-11 06:00:00,29,6,23
2014-12-11 07:00:00,75,14,61
2014-12-11 08:00:00,70,5,65
2014-12-11 09:00:00,25,6,19
2014-12-11 10:00:00,5,2,3
2014-12-11 11:00:00,10,7,3
2014-12-11 12:00:00,7,0,7
2014-12-11 13:00:00,5,3,2
2014-12-11 14:00:00,9,7,2
2014-12-11 15:00:00,30,22,8
2014-12-11 16:00:00,42,32,10
2014-12-11 17:00:00,73,54,19
2014-12-11 18:00:00,38,35,3
2014-12-11 19:00:00,12,10,2
2014-12-11 20:00:00,4,3,1
2014-12-11 21:00:00,6,4,2
2014-12-11 22:00:00,17,14,3
2014-12-11 23:00:00,2,0,2
2014-12-12 00:00:00,0,0,0
2014-12-12 01:00:00,0,0,0
2014-12-12 02:00:00,0,0,0
2014-12-12 03:00:00,3,2,1
2014-12-12 04:00:00,3,1,2
2014-12-12 05:00:00,20,4,16
2014-12-12 06:00:00,22,3,19
2014-12-12 07:00:00,76,12,64
2014-12-12 08:00:00,70,5,65
2014-12-12 09:00:00,29,4,25
2014-12-12 10:00:00,14,5,9
2014-12-12 11:00:00,10,4,6
2014-12-12 12:00:00,16,6,10
2014-12-12 13:00:00,23,7,16
2014-12-12 14:00:00,10,9,1
2014-12-12 15:00:00,30,18,12
2014-12-12 16:00:00,60,48,12
2014-12-12 17:00:00,85,71,14
2014-12-12 18:00:00,52,46,6
2014-12-12 19:00:00,13,11,2
2014-12-12 20:00:00,10,7,3
2014-12-12 21:00:00,3,2,1
2014-12-12 22:00:00,1,1,0
2014-12-12 23:00:00,4,3,1
2014-12-13 00:00:00,3,3,0
2014-12-13 01:00:00,1,1,0
2014-12-13 02:00:00,0,0,0
2014-12-13 03:00:00,3,3,0
2014-12-13 04:00:00,1,1,0
2014-12-13 05:00:00,2,0,2
2014-12-13 06:00:00,12,1,11
2014-12-13 07:00:00,9,3,6
2014-12-13 08:00:00,17,3,14
2014-12-13 09:00:00,15,8,7
2014-12-13 10:00:00,19,8,11
2014-12-13 11:00:00,39,20,19
2014-12-13 12:00:00,37,20,17
2014-12-13 13:00:00,63,25,38
2014-12-13 14:00:00,38,15,23
2014-12-13 15:00:00,30,16,14
2014-12-13 16:00:00,23,13,10
2014-12-13 17:00:00,14,8,6
2014-12-13 18:00:00,18,9,9
2014-12-13 19:00:00,2,2,0
2014-12-13 20:00:00,2,1,1
2014-12-13 21:00:00,9,4,5
2014-12-13 22:00:00,4,4,0
2014-12-13 23:00:00,2,2,0
2014-12-14 00:00:00,0,0,0
2014-12-14 01:00:00,6,1,5
2014-12-14 02:00:00,2,2,0
2014-12-14 03:00:00,2,1,1
2014-12-14 04:00:00,1,1,0
2014-12-14 05:00:00,3,0,3
2014-12-14 06:00:00,6,2,4
2014-12-14 07:00:00,1,0,1
2014-12-14 08:00:00,12,1,11
2014-12-14 09:00:00,39,8,31
2014-12-14 10:00:00,31,18,13
2014-12-14 11:00:00,42,23,19
2014-12-14 12:00:00,51,25,26
2014-12-14 13:00:00,52,28,24
2014-12-14 14:00:00,36,14,22
2014-12-14 15:00:00,40,23,17
2014-12-14 16:00:00,25,13,12
2014-12-14 17:00:00,25,16,9
2014-12-14 18:00:00,7,5,2
2014-12-14 19:00:00,1,1,0
2014-12-14 20:00:00,8,8,0
2014-12-14 21:00:00,3,0,3
2014-12-14 22:00:00,4,1,3
2014-12-14 23:00:00,5,2,3
2014-12-15 00:00:00,2,0,2
2014-12-15 01:00:00,1,0,1
2014-12-15 02:00:00,0,0,0
2014-12-15 03:00:00,0,0,0
2014-12-15 04:00:00,3,0,3
2014-12-15 05:00:00,22,4,18
2014-12-15 06:00:00,47,5,42
2014-12-15 07:00:00,99,12,87
2014-12-15 08:00:00,79,5,74
2014-12-15 09:00:00,40,3,37
2014-12-15 10:00:00,15,3,12
2014-12-15 11:00:00,12,5,7
2014-12-15 12:00:00,16,7,9
2014-12-15 13:00:00,19,5,14
2014-12-15 14:00:00,23,15,8
2014-12-15 15:00:00,34,25,9
2014-12-15 16:00:00,59,46,13
2014-12-15 17:00:00,114,100,14
2014-12-15 18:00:00,61,58,3
2014-12-15 19:00:00,21,19,2
2014-12-15 20:00:00,11,7,4
2014-12-15 21:00:00,5,3,2
2014-12-15 22:00:00,6,6,0
2014-12-15 23:00:00,5,1,4
2014-12-16 00:00:00,0,0,0
2014-12-16 01:00:00,1,1,0
2014-12-16 02:00:00,0,0,0
2014-12-16 03:00:00,1,0,1
2014-12-16 04:00:00,3,1,2
2014-12-16 05:00:00,21,6,15
2014-12-16 06:00:00,67,13,54
2014-12-16 07:00:00,89,15,74
2014-12-16 08:00:00,99,8,91
2014-12-16 09:00:00,41,9,32
2014-12-16 10:00:00,18,4,14
2014-12-16 11:00:00,14,8,6
2014-12-16 12:00:00,19,8,11
2014-12-16 13:00:00,13,4,9
2014-12-16 14:00:00,17,11,6
2014-12-16 15:00:00,25,15,10
2014-12-16 16:00:00,67,56,11
2014-12-16 17:00:00,121,107,14
2014-12-16 18:00:00,58,55,3
2014-12-16 19:00:00,22,19,3
2014-12-16 20:00:00,7,6,1
2014-12-16 21:00:00,8,4,4
2014-12-16 22:00:00,5,3,2
2014-12-16 23:00:00,4,1,3
2014-12-17 00:00:00,5,4,1
2014-12-17 01:00:00,1,1,0
2014-12-17 02:00:00,4,2,2
2014-12-17 03:00:00,2,0,2
2014-12-17 04:00:00,4,2,2
2014-12-17 05:00:00,19,5,14
2014-12-17 06:00:00,46,7,39
2014-12-17 07:00:00,78,10,68
2014-12-17 08:00:00,80,6,74
2014-12-17 09:00:00,29,1,28
2014-12-17 10:00:00,9,3,6
2014-12-17 11:00:00,11,4,7
2014-12-17 12:00:00,13,6,7
2014-12-17 13:00:00,16,7,9
2014-12-17 14:00:00,12,8,4
2014-12-17 15:00:00,20,16,4
2014-12-17 16:00:00,59,49,10
2014-12-17 17:00:00,101,83,18
2014-12-17 18:00:00,42,38,4
2014-12-17 19:00:00,14,13,1
2014-12-17 20:00:00,12,10,2
2014-12-17 21:00:00,4,4,0
2014-12-17 22:00:00,0,0,0
2014-12-17 23:00:00,1,0,1
2014-12-18 00:00:00,0,0,0
2014-12-18 01:00:00,0,0,0
2014-12-18 02:00:00,1,0,1
2014-12-18 03:00:00,2,0,2
2014-12-18 04:00:00,1,0,1
2014-12-18 05:00:00,22,6,16
2014-12-18 06:00:00,46,11,35
2014-12-18 07:00:00,80,12,68
2014-12-18 08:00:00,77,10,67
2014-12-18 09:00:00,49,8,41
2014-12-18 10:00:00,11,3,8
2014-12-18 11:00:00,9,3,6
2014-12-18 12:00:00,12,4,8
2014-12-18 13:00:00,7,6,1
2014-12-18 14:00:00,10,10,0
2014-12-18 15:00:00,24,16,8
2014-12-18 16:00:00,42,33,9
2014-12-18 17:00:00,86,72,14
2014-12-18 18:00:00,50,42,8
2014-12-18 19:00:00,24,21,3
2014-12-18 20:00:00,7,5,2
2014-12-18 21:00:00,4,3,1
2014-12-18 22:00:00,6,4,2
2014-12-18 23:00:00,3,1,2
2014-12-19 00:00:00,0,0,0
2014-12-19 01:00:00,3,3,0
2014-12-19 02:00:00,1,0,1
2014-12-19 03:00:00,1,0,1
2014-12-19 04:00:00,3,1,2
2014-12-19 05:00:00,19,5,14
2014-12-19 06:00:00,30,7,23
2014-12-19 07:00:00,68,7,61
2014-12-19 08:00:00,49,1,48
2014-12-19 09:00:00,15,1,14
2014-12-19 10:00:00,12,3,9
2014-12-19 11:00:00,10,3,7
2014-12-19 12:00:00,18,8,10
2014-12-19 13:00:00,22,13,9
2014-12-19 14:00:00,19,11,8
2014-12-19 15:00:00,31,20,11
2014-12-19 16:00:00,59,45,14
2014-12-19 17:00:00,61,49,12
2014-12-19 18:00:00,39,36,3
2014-12-19 19:00:00,12,9,3
2014-12-19 20:00:00,9,8,1
2014-12-19 21:00:00,9,4,5
2014-12-19 22:00:00,6,4,2
2014-12-19 23:00:00,3,1,2
2014-12-20 00:00:00,2,2,0
2014-12-20 01:00:00,0,0,0
2014-12-20 02:00:00,3,2,1
2014-12-20 03:00:00,0,0,0
2014-12-20 04:00:00,0,0,0
2014-12-20 05:00:00,2,1,1
2014-12-20 06:00:00,5,2,3
2014-12-20 07:00:00,2,1,1
2014-12-20 08:00:00,10,4,6
2014-12-20 09:00:00,12,6,6
2014-12-20 10:00:00,4,3,1
2014-12-20 11:00:00,8,6,2
2014-12-20 12:00:00,3,2,1
2014-12-20 13:00:00,6,2,4
2014-12-20 14:00:00,4,1,3
2014-12-20 15:00:00,6,3,3
2014-12-20 16:00:00,45,42,3
2014-12-20 17:00:00,11,8,3
2014-12-20 18:00:00,2,1,1
2014-12-20 19:00:00,4,2,2
2014-12-20 20:00:00,2,2,0
2014-12-20 21:00:00,6,1,5
2014-12-20 22:00:00,8,3,5
2014-12-20 23:00:00,8,3,5
2014-12-21 00:00:00,5,0,5
2014-12-21 01:00:00,18,1,17
2014-12-21 02:00:00,6,1,5
2014-12-21 03:00:00,2,0,2
2014-12-21 04:00:00,2,1,1
2014-12-21 05:00:00,5,1,4
2014-12-21 06:00:00,3,2,1
2014-12-21 07:00:00,7,3,4
2014-12-21 08:00:00,6,1,5
2014-12-21 09:00:00,13,6,7
2014-12-21 10:00:00,18,5,13
2014-12-21 11:00:00,27,16,11
2014-12-21 12:00:00,27,11,16
2014-12-21 13:00:00,27,18,9
2014-12-21 14:00:00,29,14,15
2014-12-21 15:00:00,38,15,23
2014-12-21 16:00:00,14,8,6
2014-12-21 17:00:00,12,5,7
2014-12-21 18:00:00,4,4,0
2014-12-21 19:00:00,8,3,5
2014-12-21 20:00:00,0,0,0
2014-12-21 21:00:00,6,2,4
2014-12-21 22:00:00,8,5,3
2014-12-21 23:00:00,3,1,2
2014-12-22 00:00:00,1,1,0
2014-12-22 01:00:00,2,2,0
2014-12-22 02:00:00,3,1,2
2014-12-22 03:00:00,3,2,1
2014-12-22 04:00:00,3,1,2
2014-12-22 05:00:00,13,2,11
2014-12-22 06:00:00,43,8,35
2014-12-22 07:00:00,75,10,65
2014-12-22 08:00:00,73,9,64
2014-12-22 09:00:00,29,6,23
2014-12-22 10:00:00,21,8,13
2014-12-22 11:00:00,17,8,9
2014-12-22 12:00:00,26,17,9
2014-12-22 13:00:00,15,6,9
2014-12-22 14:00:00,35,14,21
2014-12-22 15:00:00,23,16,7
2014-12-22 16:00:00,60,48,12
2014-12-22 17:00:00,74,65,9
2014-12-22 18:00:00,36,32,4
2014-12-22 19:00:00,18,14,4
2014-12-22 20:00:00,8,6,2
2014-12-22 21:00:00,5,5,0
2014-12-22 22:00:00,4,3,1
2014-12-22 23:00:00,2,2,0
2014-12-23 00:00:00,0,0,0
2014-12-23 01:00:00,2,2,0
2014-12-23 02:00:00,0,0,0
2014-12-23 03:00:00,3,1,2
2014-12-23 04:00:00,0,0,0
2014-12-23 05:00:00,18,9,9
2014-12-23 06:00:00,30,1,29
2014-12-23 07:00:00,54,7,47
2014-12-23 08:00:00,49,5,44
2014-12-23 09:00:00,29,7,22
2014-12-23 10:00:00,22,10,12
2014-12-23 11:00:00,10,7,3
2014-12-23 12:00:00,9,2,7
2014-12-23 13:00:00,10,6,4
2014-12-23 14:00:00,15,10,5
2014-12-23 15:00:00,20,15,5
2014-12-23 16:00:00,35,29,6
2014-12-23 17:00:00,52,46,6
2014-12-23 18:00:00,21,19,2
2014-12-23 19:00:00,3,3,0
2014-12-23 20:00:00,1,1,0
2014-12-23 21:00:00,0,0,0
2014-12-23 22:00:00,1,1,0
2014-12-23 23:00:00,2,2,0
2014-12-24 00:00:00,0,0,0
2014-12-24 01:00:00,0,0,0
2014-12-24 02:00:00,1,1,0
2014-12-24 03:00:00,0,0,0
2014-12-24 04:00:00,1,1,0
2014-12-24 05:00:00,4,2,2
2014-12-24 06:00:00,16,4,12
2014-12-24 07:00:00,18,2,16
2014-12-24 08:00:00,16,3,13
2014-12-24 09:00:00,11,2,9
2014-12-24 10:00:00,7,4,3
2014-12-24 11:00:00,9,5,4
2014-12-24 12:00:00,10,5,5
2014-12-24 13:00:00,19,14,5
2014-12-24 14:00:00,18,12,6
2014-12-24 15:00:00,27,20,7
2014-12-24 16:00:00,17,11,6
2014-12-24 17:00:00,16,14,2
2014-12-24 18:00:00,6,5,1
2014-12-24 19:00:00,0,0,0
2014-12-24 20:00:00,5,0,5
2014-12-24 21:00:00,2,0,2
2014-12-24 22:00:00,0,0,0
2014-12-24 23:00:00,2,0,2
2014-12-25 00:00:00,1,1,0
2014-12-25 01:00:00,0,0,0
2014-12-25 02:00:00,1,0,1
2014-12-25 03:00:00,0,0,0
2014-12-25 04:00:00,0,0,0
2014-12-25 05:00:00,2,0,2
2014-12-25 06:00:00,5,2,3
2014-12-25 07:00:00,0,0,0
2014-12-25 08:00:00,10,5,5
2014-12-25 09:00:00,7,3,4
2014-12-25 10:00:00,12,8,4
2014-12-25 11:00:00,29,18,11
2014-12-25 12:00:00,38,14,24
2014-12-25 13:00:00,18,9,9
2014-12-25 14:00:00,37,13,24
2014-12-25 15:00:00,23,9,14
2014-12-25 16:00:00,19,9,10
2014-12-25 17:00:00,6,2,4
2014-12-25 18:00:00,1,1,0
2014-12-25 19:00:00,2,1,1
2014-12-25 20:00:00,0,0,0
2014-12-25 21:00:00,4,2,2
2014-12-25 22:00:00,4,4,0
2014-12-25 23:00:00,1,0,1
2014-12-26 00:00:00,1,1,0
2014-12-26 01:00:00,0,0,0
2014-12-26 02:00:00,0,0,0
2014-12-26 03:00:00,1,0,1
2014-12-26 04:00:00,6,1,5
2014-12-26 05:00:00,7,2,5
2014-12-26 06:00:00,9,1,8
2014-12-26 07:00:00,17,4,13
2014-12-26 08:00:00,20,5,15
2014-12-26 09:00:00,28,10,18
2014-12-26 10:00:00,22,15,7
2014-12-26 11:00:00,16,6,10
2014-12-26 12:00:00,32,9,23
2014-12-26 13:00:00,19,10,9
2014-12-26 14:00:00,26,12,14
2014-12-26 15:00:00,23,13,10
2014-12-26 16:00:00,26,19,7
2014-12-26 17:00:00,17,15,2
2014-12-26 18:00:00,15,14,1
2014-12-26 19:00:00,9,6,3
2014-12-26 20:00:00,3,2,1
2014-12-26 21:00:00,2,1,1
2014-12-26 22:00:00,2,0,2
2014-12-26 23:00:00,3,2,1
2014-12-27 00:00:00,2,1,1
2014-12-27 01:00:00,1,1,0
2014-12-27 02:00:00,4,2,2
2014-12-27 03:00:00,1,1,0
2014-12-27 04:00:00,4,2,2
2014-12-27 05:00:00,3,0,3
2014-12-27 06:00:00,3,0,3
2014-12-27 07:00:00,7,4,3
2014-12-27 08:00:00,7,1,6
2014-12-27 09:00:00,10,0,10
2014-12-27 10:00:00,13,4,9
2014-12-27 11:00:00,15,7,8
2014-12-27 12:00:00,20,11,9
2014-12-27 13:00:00,16,12,4
2014-12-27 14:00:00,8,3,5
2014-12-27 15:00:00,17,8,9
2014-12-27 16:00:00,15,7,8
2014-12-27 17:00:00,6,3,3
2014-12-27 18:00:00,7,4,3
2014-12-27 19:00:00,4,1,3
2014-12-27 20:00:00,1,1,0
2014-12-27 21:00:00,2,1,1
2014-12-27 22:00:00,1,1,0
2014-12-27 23:00:00,0,0,0
2014-12-28 00:00:00,1,1,0
2014-12-28 01:00:00,0,0,0
2014-12-28 02:00:00,2,1,1
2014-12-28 03:00:00,2,0,2
2014-12-28 04:00:00,2,1,1
2014-12-28 05:00:00,0,0,0
2014-12-28 06:00:00,4,3,1
2014-12-28 07:00:00,4,1,3
2014-12-28 08:00:00,7,0,7
2014-12-28 09:00:00,30,14,16
2014-12-28 10:00:00,29,18,11
2014-12-28 11:00:00,23,12,11
2014-12-28 12:00:00,21,12,9
2014-12-28 13:00:00,14,7,7
2014-12-28 14:00:00,17,10,7
2014-12-28 15:00:00,29,14,15
2014-12-28 16:00:00,10,4,6
2014-12-28 17:00:00,10,5,5
2014-12-28 18:00:00,7,3,4
2014-12-28 19:00:00,3,1,2
2014-12-28 20:00:00,4,4,0
2014-12-28 21:00:00,4,3,1
2014-12-28 22:00:00,1,1,0
2014-12-28 23:00:00,2,2,0
2014-12-29 00:00:00,0,0,0
2014-12-29 01:00:00,2,1,1
2014-12-29 02:00:00,2,0,2
2014-12-29 03:00:00,10,5,5
2014-12-29 04:00:00,0,0,0
2014-12-29 05:00:00,12,4,8
2014-12-29 06:00:00,35,7,28
2014-12-29 07:00:00,54,4,50
2014-12-29 08:00:00,57,7,50
2014-12-29 09:00:00,33,3,30
2014-12-29 10:00:00,12,3,9
2014-12-29 11:00:00,14,5,9
2014-12-29 12:00:00,12,4,8
2014-12-29 13:00:00,14,7,7
2014-12-29 14:00:00,18,7,11
2014-12-29 15:00:00,35,30,5
2014-12-29 16:00:00,42,33,9
2014-12-29 17:00:00,72,62,10
2014-12-29 18:00:00,38,35,3
2014-12-29 19:00:00,5,5,0
2014-12-29 20:00:00,6,5,1
2014-12-29 21:00:00,4,1,3
2014-12-29 22:00:00,3,2,1
2014-12-29 23:00:00,3,3,0
2014-12-30 00:00:00,0,0,0
2014-12-30 01:00:00,3,3,0
2014-12-30 02:00:00,3,0,3
2014-12-30 03:00:00,1,0,1
2014-12-30 04:00:00,3,1,2
2014-12-30 05:00:00,7,0,7
2014-12-30 06:00:00,24,6,18
2014-12-30 07:00:00,44,3,41
2014-12-30 08:00:00,45,4,41
2014-12-30 09:00:00,17,4,13
2014-12-30 10:00:00,10,2,8
2014-12-30 11:00:00,15,7,8
2014-12-30 12:00:00,19,12,7
2014-12-30 13:00:00,21,10,11
2014-12-30 14:00:00,19,11,8
2014-12-30 15:00:00,23,15,8
2014-12-30 16:00:00,42,36,6
2014-12-30 17:00:00,49,43,6
2014-12-30 18:00:00,29,25,4
2014-12-30 19:00:00,10,6,4
2014-12-30 20:00:00,4,4,0
2014-12-30 21:00:00,2,2,0
2014-12-30 22:00:00,1,0,1
2014-12-30 23:00:00,4,4,0
2014-12-31 00:00:00,1,0,1
2014-12-31 01:00:00,0,0,0
2014-12-31 02:00:00,0,0,0
2014-12-31 03:00:00,1,0,1
2014-12-31 04:00:00,5,2,3
2014-12-31 05:00:00,8,1,7
2014-12-31 06:00:00,21,2,19
2014-12-31 07:00:00,46,8,38
2014-12-31 08:00:00,40,5,35
2014-12-31 09:00:00,21,2,19
2014-12-31 10:00:00,8,4,4
2014-12-31 11:00:00,10,4,6
2014-12-31 12:00:00,21,10,11
2014-12-31 13:00:00,11,4,7
2014-12-31 14:00:00,35,25,10
2014-12-31 15:00:00,46,35,11
2014-12-31 16:00:00,45,32,13
2014-12-31 17:00:00,35,27,8
2014-12-31 18:00:00,16,13,3
2014-12-31 19:00:00,11,9,2
2014-12-31 20:00:00,3,3,0
2014-12-31 21:00:00,0,0,0
2014-12-31 22:00:00,2,0,2
2014-12-31 23:00:00,2,0,2
2015-01-01 00:00:00,0,0,0
2015-01-01 01:00:00,5,4,1
2015-01-01 02:00:00,2,1,1
2015-01-01 03:00:00,7,4,3
2015-01-01 04:00:00,2,1,1
2015-01-01 05:00:00,0,0,0
2015-01-01 06:00:00,1,0,1
2015-01-01 07:00:00,3,1,2
2015-01-01 08:00:00,3,1,2
2015-01-01 09:00:00,4,2,2
2015-01-01 10:00:00,6,5,1
2015-01-01 11:00:00,21,6,15
2015-01-01 12:00:00,21,9,12
2015-01-01 13:00:00,35,15,20
2015-01-01 14:00:00,30,12,18
2015-01-01 15:00:00,38,19,19
2015-01-01 16:00:00,13,9,4
2015-01-01 17:00:00,9,5,4
2015-01-01 18:00:00,10,4,6
2015-01-01 19:00:00,35,32,3
2015-01-01 20:00:00,1,1,0
2015-01-01 21:00:00,2,1,1
2015-01-01 22:00:00,3,1,2
2015-01-01 23:00:00,5,1,4
2015-01-02 00:00:00,2,2,0
2015-01-02 01:00:00,1,0,1
2015-01-02 02:00:00,1,1,0
2015-01-02 03:00:00,1,0,1
2015-01-02 04:00:00,4,0,4
2015-01-02 05:00:00,6,3,3
2015-01-02 06:00:00,22,3,19
2015-01-02 07:00:00,25,2,23
2015-01-02 08:00:00,38,4,34
2015-01-02 09:00:00,16,3,13
2015-01-02 10:00:00,9,1,8
2015-01-02 11:00:00,15,10,5
2015-01-02 12:00:00,11,8,3
2015-01-02 13:00:00,18,5,13
2015-01-02 14:00:00,9,6,3
2015-01-02 15:00:00,22,21,1
2015-01-02 16:00:00,34,26,8
2015-01-02 17:00:00,38,35,3
2015-01-02 18:00:00,13,11,2
2015-01-02 19:00:00,10,8,2
2015-01-02 20:00:00,4,2,2
2015-01-02 21:00:00,1,0,1
2015-01-02 22:00:00,1,1,0
2015-01-02 23:00:00,3,3,0
2015-01-03 00:00:00,1,1,0
2015-01-03 01:00:00,1,0,1
2015-01-03 02:00:00,1,1,0
2015-01-03 03:00:00,3,2,1
2015-01-03 04:00:00,2,0,2
2015-01-03 05:00:00,1,0,1
2015-01-03 06:00:00,6,3,3
2015-01-03 07:00:00,4,1,3
2015-01-03 08:00:00,8,2,6
2015-01-03 09:00:00,14,5,9
2015-01-03 10:00:00,21,9,12
2015-01-03 11:00:00,18,8,10
2015-01-03 12:00:00,26,15,11
2015-01-03 13:00:00,37,20,17
2015-01-03 14:00:00,12,6,6
2015-01-03 15:00:00,18,8,10
2015-01-03 16:00:00,11,2,9
2015-01-03 17:00:00,12,9,3
2015-01-03 18:00:00,4,2,2
2015-01-03 19:00:00,8,5,3
2015-01-03 20:00:00,3,1,2
2015-01-03 21:00:00,6,3,3
2015-01-03 22:00:00,4,1,3
2015-01-03 23:00:00,3,2,1
2015-01-04 00:00:00,1,1,0
2015-01-04 01:00:00,2,1,1
2015-01-04 02:00:00,0,0,0
2015-01-04 03:00:00,2,1,1
2015-01-04 04:00:00,2,2,0
2015-01-04 05:00:00,4,0,4
2015-01-04 06:00:00,6,2,4
2015-01-04 07:00:00,3,3,0
2015-01-04 08:00:00,6,1,5
2015-01-04 09:00:00,3,3,0
2015-01-04 10:00:00,7,4,3
2015-01-04 11:00:00,8,3,5
2015-01-04 12:00:00,5,1,4
2015-01-04 13:00:00,7,5,2
2015-01-04 14:00:00,3,3,0
2015-01-04 15:00:00,4,4,0
2015-01-04 16:00:00,9,4,5
2015-01-04 17:00:00,9,1,8
2015-01-04 18:00:00,4,2,2
2015-01-04 19:00:00,1,1,0
2015-01-04 20:00:00,3,3,0
2015-01-04 21:00:00,3,0,3
2015-01-04 22:00:00,1,0,1
2015-01-04 23:00:00,0,0,0
2015-01-05 00:00:00,1,0,1
2015-01-05 01:00:00,1,0,1
2015-01-05 02:00:00,0,0,0
2015-01-05 03:00:00,1,1,0
2015-01-05 04:00:00,1,0,1
2015-01-05 05:00:00,18,5,13
2015-01-05 06:00:00,45,7,38
2015-01-05 07:00:00,76,8,68
2015-01-05 08:00:00,76,8,68
2015-01-05 09:00:00,17,0,17
2015-01-05 10:00:00,10,1,9
2015-01-05 11:00:00,3,1,2
2015-01-05 12:00:00,2,1,1
2015-01-05 13:00:00,7,2,5
2015-01-05 14:00:00,13,7,6
2015-01-05 15:00:00,17,12,5
2015-01-05 16:00:00,38,30,8
2015-01-05 17:00:00,101,81,20
2015-01-05 18:00:00,55,52,3
2015-01-05 19:00:00,13,10,3
2015-01-05 20:00:00,4,3,1
2015-01-05 21:00:00,2,2,0
2015-01-05 22:00:00,1,0,1
2015-01-05 23:00:00,2,2,0
2015-01-06 00:00:00,0,0,0
2015-01-06 01:00:00,0,0,0
2015-01-06 02:00:00,2,1,1
2015-01-06 03:00:00,3,1,2
2015-01-06 04:00:00,3,2,1
2015-01-06 05:00:00,19,2,17
2015-01-06 06:00:00,61,5,56
2015-01-06 07:00:00,110,18,92
2015-01-06 08:00:00,122,14,108
2015-01-06 09:00:00,44,8,36
2015-01-06 10:00:00,21,6,15
2015-01-06 11:00:00,18,8,10
2015-01-06 12:00:00,20,8,12
2015-01-06 13:00:00,19,8,11
2015-01-06 14:00:00,20,15,5
2015-01-06 15:00:00,32,25,7
2015-01-06 16:00:00,87,68,19
2015-01-06 17:00:00,125,112,13
2015-01-06 18:00:00,76,70,6
2015-01-06 19:00:00,31,23,8
2015-01-06 20:00:00,8,6,2
2015-01-06 21:00:00,11,9,2
2015-01-06 22:00:00,6,3,3
2015-01-06 23:00:00,2,1,1
2015-01-07 00:00:00,0,0,0
2015-01-07 01:00:00,1,0,1
2015-01-07 02:00:00,0,0,0
2015-01-07 03:00:00,3,0,3
2015-01-07 04:00:00,3,1,2
2015-01-07 05:00:00,17,2,15
2015-01-07 06:00:00,72,10,62
2015-01-07 07:00:00,98,12,86
2015-01-07 08:00:00,110,11,99
2015-01-07 09:00:00,40,5,35
2015-01-07 10:00:00,15,4,11
2015-01-07 11:00:00,28,13,15
2015-01-07 12:00:00,18,4,14
2015-01-07 13:00:00,15,6,9
2015-01-07 14:00:00,24,15,9
2015-01-07 15:00:00,46,38,8
2015-01-07 16:00:00,66,58,8
2015-01-07 17:00:00,126,107,19
2015-01-07 18:00:00,88,74,14
2015-01-07 19:00:00,23,19,4
2015-01-07 20:00:00,9,7,2
2015-01-07 21:00:00,8,5,3
2015-01-07 22:00:00,5,1,4
2015-01-07 23:00:00,5,5,0
2015-01-08 00:00:00,3,3,0
2015-01-08 01:00:00,2,1,1
2015-01-08 02:00:00,3,2,1
2015-01-08 03:00:00,2,1,1
2015-01-08 04:00:00,3,0,3
2015-01-08 05:00:00,19,4,15
2015-01-08 06:00:00,50,7,43
2015-01-08 07:00:00,107,16,91
2015-01-08 08:00:00,94,5,89
2015-01-08 09:00:00,40,3,37
2015-01-08 10:00:00,18,5,13
2015-01-08 11:00:00,18,7,11
2015-01-08 12:00:00,25,12,13
2015-01-08 13:00:00,23,11,12
2015-01-08 14:00:00,35,22,13
2015-01-08 15:00:00,34,25,9
2015-01-08 16:00:00,75,55,20
2015-01-08 17:00:00,127,110,17
2015-01-08 18:00:00,55,47,8
2015-01-08 19:00:00,25,21,4
2015-01-08 20:00:00,18,15,3
2015-01-08 21:00:00,4,2,2
2015-01-08 22:00:00,5,3,2
2015-01-08 23:00:00,3,2,1
2015-01-09 00:00:00,3,3,0
2015-01-09 01:00:00,5,5,0
2015-01-09 02:00:00,2,0,2
2015-01-09 03:00:00,2,0,2
2015-01-09 04:00:00,4,0,4
2015-01-09 05:00:00,14,2,12
2015-01-09 06:00:00,52,7,45
2015-01-09 07:00:00,65,10,55
2015-01-09 08:00:00,104,16,88
2015-01-09 09:00:00,36,5,31
2015-01-09 10:00:00,13,6,7
2015-01-09 11:00:00,12,5,7
2015-01-09 12:00:00,19,12,7
2015-01-09 13:00:00,19,10,9
2015-01-09 14:00:00,17,11,6
2015-01-09 15:00:00,34,22,12
2015-01-09 16:00:00,65,51,14
2015-01-09 17:00:00,92,84,8
2015-01-09 18:00:00,42,40,2
2015-01-09 19:00:00,18,16,2
2015-01-09 20:00:00,12,9,3
2015-01-09 21:00:00,4,4,0
2015-01-09 22:00:00,5,3,2
2015-01-09 23:00:00,2,1,1
2015-01-10 00:00:00,3,3,0
2015-01-10 01:00:00,1,1,0
2015-01-10 02:00:00,0,0,0
2015-01-10 03:00:00,3,0,3
2015-01-10 04:00:00,1,1,0
2015-01-10 05:00:00,1,0,1
2015-01-10 06:00:00,6,1,5
2015-01-10 07:00:00,14,3,11
2015-01-10 08:00:00,17,3,14
2015-01-10 09:00:00,23,9,14
2015-01-10 10:00:00,24,9,15
2015-01-10 11:00:00,17,9,8
2015-01-10 12:00:00,19,10,9
2015-01-10 13:00:00,16,7,9
2015-01-10 14:00:00,16,9,7
2015-01-10 15:00:00,14,9,5
2015-01-10 16:00:00,14,7,7
2015-01-10 17:00:00,10,7,3
2015-01-10 18:00:00,5,4,1
2015-01-10 19:00:00,9,8,1
2015-01-10 20:00:00,4,2,2
2015-01-10 21:00:00,6,4,2
2015-01-10 22:00:00,8,4,4
2015-01-10 23:00:00,1,1,0
2015-01-11 00:00:00,2,1,1
2015-01-11 01:00:00,0,0,0
2015-01-11 02:00:00,3,2,1
2015-01-11 03:00:00,1,0,1
2015-01-11 04:00:00,2,2,0
2015-01-11 05:00:00,4,0,4
2015-01-11 06:00:00,0,0,0
2015-01-11 07:00:00,6,2,4
2015-01-11 08:00:00,11,3,8
2015-01-11 09:00:00,18,11,7
2015-01-11 10:00:00,32,10,22
2015-01-11 11:00:00,33,23,10
2015-01-11 12:00:00,22,11,11
2015-01-11 13:00:00,21,6,15
2015-01-11 14:00:00,28,17,11
2015-01-11 15:00:00,11,5,6
2015-01-11 16:00:00,14,6,8
2015-01-11 17:00:00,16,8,8
2015-01-11 18:00:00,7,3,4
2015-01-11 19:00:00,1,1,0
2015-01-11 20:00:00,4,2,2
2015-01-11 21:00:00,4,1,3
2015-01-11 22:00:00,3,2,1
2015-01-11 23:00:00,1,1,0
2015-01-12 00:00:00,0,0,0
2015-01-12 01:00:00,0,0,0
2015-01-12 02:00:00,1,1,0
2015-01-12 03:00:00,3,2,1
2015-01-12 04:00:00,3,0,3
2015-01-12 05:00:00,19,4,15
2015-01-12 06:00:00,46,6,40
2015-01-12 07:00:00,95,10,85
2015-01-12 08:00:00,101,7,94
2015-01-12 09:00:00,43,4,39
2015-01-12 10:00:00,20,4,16
2015-01-12 11:00:00,14,5,9
2015-01-12 12:00:00,22,8,14
2015-01-12 13:00:00,15,9,6
2015-01-12 14:00:00,25,14,11
2015-01-12 15:00:00,38,28,10
2015-01-12 16:00:00,78,63,15
2015-01-12 17:00:00,106,93,13
2015-01-12 18:00:00,64,58,6
2015-01-12 19:00:00,16,11,5
2015-01-12 20:00:00,12,10,2
2015-01-12 21:00:00,5,2,3
2015-01-12 22:00:00,7,5,2
2015-01-12 23:00:00,1,0,1
2015-01-13 00:00:00,5,2,3
2015-01-13 01:00:00,0,0,0
2015-01-13 02:00:00,1,1,0
2015-01-13 03:00:00,0,0,0
2015-01-13 04:00:00,3,1,2
2015-01-13 05:00:00,18,4,14
2015-01-13 06:00:00,55,8,47
2015-01-13 07:00:00,105,13,92
2015-01-13 08:00:00,118,9,109
2015-01-13 09:00:00,47,4,43
2015-01-13 10:00:00,16,3,13
2015-01-13 11:00:00,17,8,9
2015-01-13 12:00:00,22,9,13
2015-01-13 13:00:00,23,10,13
2015-01-13 14:00:00,22,13,9
2015-01-13 15:00:00,39,29,10
2015-01-13 16:00:00,81,63,18
2015-01-13 17:00:00,139,122,17
2015-01-13 18:00:00,69,60,9
2015-01-13 19:00:00,25,21,4
2015-01-13 20:00:00,12,10,2
2015-01-13 21:00:00,9,6,3
2015-01-13 22:00:00,8,3,5
2015-01-13 23:00:00,2,0,2
2015-01-14 00:00:00,1,1,0
2015-01-14 01:00:00,0,0,0
2015-01-14 02:00:00,0,0,0
2015-01-14 03:00:00,4,4,0
2015-01-14 04:00:00,3,0,3
2015-01-14 05:00:00,28,5,23
2015-01-14 06:00:00,48,6,42
2015-01-14 07:00:00,85,14,71
2015-01-14 08:00:00,90,9,81
2015-01-14 09:00:00,51,9,42
2015-01-14 10:00:00,20,7,13
2015-01-14 11:00:00,16,10,6
2015-01-14 12:00:00,17,9,8
2015-01-14 13:00:00,23,7,16
2015-01-14 14:00:00,26,12,14
2015-01-14 15:00:00,40,31,9
2015-01-14 16:00:00,61,54,7
2015-01-14 17:00:00,116,94,22
2015-01-14 18:00:00,71,62,9
2015-01-14 19:00:00,32,26,6
2015-01-14 20:00:00,16,13,3
2015-01-14 21:00:00,10,5,5
2015-01-14 22:00:00,6,5,1
2015-01-14 23:00:00,1,0,1
2015-01-15 00:00:00,0,0,0
2015-01-15 01:00:00,2,1,1
2015-01-15 02:00:00,1,1,0
2015-01-15 03:00:00,1,1,0
2015-01-15 04:00:00,1,0,1
2015-01-15 05:00:00,13,3,10
2015-01-15 06:00:00,44,8,36
2015-01-15 07:00:00,58,8,50
2015-01-15 08:00:00,86,9,77
2015-01-15 09:00:00,31,7,24
2015-01-15 10:00:00,11,3,8
2015-01-15 11:00:00,8,3,5
2015-01-15 12:00:00,7,5,2
2015-01-15 13:00:00,9,3,6
2015-01-15 14:00:00,12,7,5
2015-01-15 15:00:00,19,13,6
2015-01-15 16:00:00,53,43,10
2015-01-15 17:00:00,79,63,16
2015-01-15 18:00:00,42,39,3
2015-01-15 19:00:00,15,10,5
2015-01-15 20:00:00,6,5,1
2015-01-15 21:00:00,2,0,2
2015-01-15 22:00:00,5,5,0
2015-01-15 23:00:00,2,2,0
2015-01-16 00:00:00,5,3,2
2015-01-16 01:00:00,2,0,2
2015-01-16 02:00:00,0,0,0
2015-01-16 03:00:00,1,0,1
2015-01-16 04:00:00,3,1,2
2015-01-16 05:00:00,13,3,10
2015-01-16 06:00:00,31,5,26
2015-01-16 07:00:00,65,8,57
2015-01-16 08:00:00,77,5,72
2015-01-16 09:00:00,31,3,28
2015-01-16 10:00:00,20,7,13
2015-01-16 11:00:00,20,7,13
2015-01-16 12:00:00,14,2,12
2015-01-16 13:00:00,16,8,8
2015-01-16 14:00:00,22,14,8
2015-01-16 15:00:00,26,18,8
2015-01-16 16:00:00,61,46,15
2015-01-16 17:00:00,80,69,11
2015-01-16 18:00:00,42,39,3
2015-01-16 19:00:00,28,17,11
2015-01-16 20:00:00,14,12,2
2015-01-16 21:00:00,9,6,3
2015-01-16 22:00:00,3,1,2
2015-01-16 23:00:00,1,1,0
2015-01-17 00:00:00,1,0,1
2015-01-17 01:00:00,1,1,0
2015-01-17 02:00:00,2,0,2
2015-01-17 03:00:00,4,2,2
2015-01-17 04:00:00,1,0,1
2015-01-17 05:00:00,4,0,4
2015-01-17 06:00:00,9,2,7
2015-01-17 07:00:00,5,3,2
2015-01-17 08:00:00,10,5,5
2015-01-17 09:00:00,9,3,6
2015-01-17 10:00:00,14,5,9
2015-01-17 11:00:00,24,12,12
2015-01-17 12:00:00,8,2,6
2015-01-17 13:00:00,14,7,7
2015-01-17 14:00:00,15,9,6
2015-01-17 15:00:00,11,11,0
2015-01-17 16:00:00,10,6,4
2015-01-17 17:00:00,6,1,5
2015-01-17 18:00:00,5,3,2
2015-01-17 19:00:00,4,0,4
2015-01-17 20:00:00,3,2,1
2015-01-17 21:00:00,4,2,2
2015-01-17 22:00:00,0,0,0
2015-01-17 23:00:00,0,0,0
2015-01-18 00:00:00,2,2,0
2015-01-18 01:00:00,1,0,1
2015-01-18 02:00:00,2,1,1
2015-01-18 03:00:00,3,1,2
2015-01-18 04:00:00,3,2,1
2015-01-18 05:00:00,2,0,2
2015-01-18 06:00:00,2,1,1
2015-01-18 07:00:00,6,3,3
2015-01-18 08:00:00,15,6,9
2015-01-18 09:00:00,8,3,5
2015-01-18 10:00:00,14,2,12
2015-01-18 11:00:00,7,3,4
2015-01-18 12:00:00,6,2,4
2015-01-18 13:00:00,3,1,2
2015-01-18 14:00:00,8,5,3
2015-01-18 15:00:00,3,2,1
2015-01-18 16:00:00,7,2,5
2015-01-18 17:00:00,7,2,5
2015-01-18 18:00:00,3,3,0
2015-01-18 19:00:00,3,3,0
2015-01-18 20:00:00,0,0,0
2015-01-18 21:00:00,3,2,1
2015-01-18 22:00:00,1,1,0
2015-01-18 23:00:00,0,0,0
2015-01-19 00:00:00,1,1,0
2015-01-19 01:00:00,0,0,0
2015-01-19 02:00:00,2,1,1
2015-01-19 03:00:00,3,1,2
2015-01-19 04:00:00,2,0,2
2015-01-19 05:00:00,11,3,8
2015-01-19 06:00:00,27,7,20
2015-01-19 07:00:00,43,7,36
2015-01-19 08:00:00,57,6,51
2015-01-19 09:00:00,36,15,21
2015-01-19 10:00:00,22,10,12
2015-01-19 11:00:00,23,11,12
2015-01-19 12:00:00,24,11,13
2015-01-19 13:00:00,31,17,14
2015-01-19 14:00:00,28,11,17
2015-01-19 15:00:00,28,17,11
2015-01-19 16:00:00,63,38,25
2015-01-19 17:00:00,73,57,16
2015-01-19 18:00:00,29,26,3
2015-01-19 19:00:00,15,12,3
2015-01-19 20:00:00,5,3,2
2015-01-19 21:00:00,5,4,1
2015-01-19 22:00:00,3,2,1
2015-01-19 23:00:00,2,0,2
2015-01-20 00:00:00,2,1,1
2015-01-20 01:00:00,3,2,1
2015-01-20 02:00:00,0,0,0
2015-01-20 03:00:00,1,0,1
2015-01-20 04:00:00,5,4,1
2015-01-20 05:00:00,22,1,21
2015-01-20 06:00:00,50,12,38
2015-01-20 07:00:00,109,11,98
2015-01-20 08:00:00,98,8,90
2015-01-20 09:00:00,41,5,36
2015-01-20 10:00:00,26,8,18
2015-01-20 11:00:00,21,10,11
2015-01-20 12:00:00,13,7,6
2015-01-20 13:00:00,35,17,18
2015-01-20 14:00:00,54,30,24
2015-01-20 15:00:00,54,30,24
2015-01-20 16:00:00,70,54,16
2015-01-20 17:00:00,138,123,15
2015-01-20 18:00:00,80,71,9
2015-01-20 19:00:00,35,25,10
2015-01-20 20:00:00,18,14,4
2015-01-20 21:00:00,7,5,2
2015-01-20 22:00:00,7,4,3
2015-01-20 23:00:00,1,1,0
2015-01-21 00:00:00,1,1,0
2015-01-21 01:00:00,1,1,0
2015-01-21 02:00:00,0,0,0
2015-01-21 03:00:00,1,0,1
2015-01-21 04:00:00,5,1,4
2015-01-21 05:00:00,17,4,13
2015-01-21 06:00:00,54,8,46
2015-01-21 07:00:00,96,14,82
2015-01-21 08:00:00,95,10,85
2015-01-21 09:00:00,42,9,33
2015-01-21 10:00:00,13,2,11
2015-01-21 11:00:00,17,5,12
2015-01-21 12:00:00,14,7,7
2015-01-21 13:00:00,17,5,12
2015-01-21 14:00:00,26,16,10
2015-01-21 15:00:00,31,25,6
2015-01-21 16:00:00,68,58,10
2015-01-21 17:00:00,121,108,13
2015-01-21 18:00:00,66,63,3
2015-01-21 19:00:00,34,30,4
2015-01-21 20:00:00,19,14,5
2015-01-21 21:00:00,7,4,3
2015-01-21 22:00:00,3,3,0
2015-01-21 23:00:00,4,3,1
2015-01-22 00:00:00,1,1,0
2015-01-22 01:00:00,0,0,0
2015-01-22 02:00:00,1,0,1
2015-01-22 03:00:00,0,0,0
2015-01-22 04:00:00,3,0,3
2015-01-22 05:00:00,15,4,11
2015-01-22 06:00:00,38,4,34
2015-01-22 07:00:00,76,10,66
2015-01-22 08:00:00,88,6,82
2015-01-22 09:00:00,40,1,39
2015-01-22 10:00:00,8,1,7
2015-01-22 11:00:00,14,5,9
2015-01-22 12:00:00,19,11,8
2015-01-22 13:00:00,9,3,6
2015-01-22 14:00:00,15,11,4
2015-01-22 15:00:00,23,18,5
2015-01-22 16:00:00,51,38,13
2015-01-22 17:00:00,98,85,13
2015-01-22 18:00:00,58,53,5
2015-01-22 19:00:00,25,22,3
2015-01-22 20:00:00,12,12,0
2015-01-22 21:00:00,7,3,4
2015-01-22 22:00:00,8,6,2
2015-01-22 23:00:00,8,6,2
2015-01-23 00:00:00,5,5,0
2015-01-23 01:00:00,3,3,0
2015-01-23 02:00:00,0,0,0
2015-01-23 03:00:00,2,0,2
2015-01-23 04:00:00,4,0,4
2015-01-23 05:00:00,11,2,9
2015-01-23 06:00:00,38,8,30
2015-01-23 07:00:00,63,10,53
2015-01-23 08:00:00,79,10,69
2015-01-23 09:00:00,41,8,33
2015-01-23 10:00:00,15,4,11
2015-01-23 11:00:00,2,0,2
2015-01-23 12:00:00,8,3,5
2015-01-23 13:00:00,11,7,4
2015-01-23 14:00:00,19,13,6
2015-01-23 15:00:00,19,16,3
2015-01-23 16:00:00,44,37,7
2015-01-23 17:00:00,73,60,13
2015-01-23 18:00:00,47,41,6
2015-01-23 19:00:00,19,14,5
2015-01-23 20:00:00,16,13,3
2015-01-23 21:00:00,3,2,1
2015-01-23 22:00:00,2,2,0
2015-01-23 23:00:00,7,3,4
2015-01-24 00:00:00,4,0,4
2015-01-24 01:00:00,3,2,1
2015-01-24 02:00:00,6,1,5
2015-01-24 03:00:00,4,0,4
2015-01-24 04:00:00,1,0,1
2015-01-24 05:00:00,3,0,3
2015-01-24 06:00:00,5,2,3
2015-01-24 07:00:00,4,0,4
2015-01-24 08:00:00,22,9,13
2015-01-24 09:00:00,26,7,19
2015-01-24 10:00:00,12,5,7
2015-01-24 11:00:00,19,12,7
2015-01-24 12:00:00,22,9,13
2015-01-24 13:00:00,35,21,14
2015-01-24 14:00:00,28,17,11
2015-01-24 15:00:00,35,18,17
2015-01-24 16:00:00,25,10,15
2015-01-24 17:00:00,23,13,10
2015-01-24 18:00:00,12,7,5
2015-01-24 19:00:00,4,4,0
2015-01-24 20:00:00,6,3,3
2015-01-24 21:00:00,5,1,4
2015-01-24 22:00:00,4,2,2
2015-01-24 23:00:00,1,0,1
2015-01-25 00:00:00,2,2,0
2015-01-25 01:00:00,3,3,0
2015-01-25 02:00:00,4,4,0
2015-01-25 03:00:00,5,1,4
2015-01-25 04:00:00,6,3,3
2015-01-25 05:00:00,3,1,2
2015-01-25 06:00:00,4,1,3
2015-01-25 07:00:00,7,1,6
2015-01-25 08:00:00,15,8,7
2015-01-25 09:00:00,33,9,24
2015-01-25 10:00:00,36,14,22
2015-01-25 11:00:00,65,36,29
2015-01-25 12:00:00,88,51,37
2015-01-25 13:00:00,116,53,63
2015-01-25 14:00:00,114,55,59
2015-01-25 15:00:00,95,49,46
2015-01-25 16:00:00,70,29,41
2015-01-25 17:00:00,64,26,38
2015-01-25 18:00:00,16,13,3
2015-01-25 19:00:00,6,5,1
2015-01-25 20:00:00,7,6,1
2015-01-25 21:00:00,2,0,2
2015-01-25 22:00:00,0,0,0
2015-01-25 23:00:00,2,0,2
2015-01-26 00:00:00,1,1,0
2015-01-26 01:00:00,1,0,1
2015-01-26 02:00:00,1,0,1
2015-01-26 03:00:00,4,0,4
2015-01-26 04:00:00,5,1,4
2015-01-26 05:00:00,26,7,19
2015-01-26 06:00:00,57,10,47
2015-01-26 07:00:00,115,9,106
2015-01-26 08:00:00,99,12,87
2015-01-26 09:00:00,58,13,45
2015-01-26 10:00:00,31,9,22
2015-01-26 11:00:00,13,5,8
2015-01-26 12:00:00,33,16,17
2015-01-26 13:00:00,38,17,21
2015-01-26 14:00:00,46,24,22
2015-01-26 15:00:00,48,33,15
2015-01-26 16:00:00,100,75,25
2015-01-26 17:00:00,116,101,15
2015-01-26 18:00:00,98,86,12
2015-01-26 19:00:00,24,16,8
2015-01-26 20:00:00,10,8,2
2015-01-26 21:00:00,17,8,9
2015-01-26 22:00:00,7,7,0
2015-01-26 23:00:00,6,2,4
2015-01-27 00:00:00,4,2,2
2015-01-27 01:00:00,2,2,0
2015-01-27 02:00:00,1,1,0
2015-01-27 03:00:00,2,0,2
2015-01-27 04:00:00,1,1,0
2015-01-27 05:00:00,21,4,17
2015-01-27 06:00:00,56,11,45
2015-01-27 07:00:00,119,10,109
2015-01-27 08:00:00,118,16,102
2015-01-27 09:00:00,33,4,29
2015-01-27 10:00:00,25,6,19
2015-01-27 11:00:00,12,7,5
2015-01-27 12:00:00,16,8,8
2015-01-27 13:00:00,11,6,5
2015-01-27 14:00:00,20,13,7
2015-01-27 15:00:00,28,20,8
2015-01-27 16:00:00,60,48,12
2015-01-27 17:00:00,115,104,11
2015-01-27 18:00:00,64,57,7
2015-01-27 19:00:00,33,31,2
2015-01-27 20:00:00,24,15,9
2015-01-27 21:00:00,8,6,2
2015-01-27 22:00:00,6,5,1
2015-01-27 23:00:00,3,1,2
2015-01-28 00:00:00,2,1,1
2015-01-28 01:00:00,1,1,0
2015-01-28 02:00:00,3,3,0
2015-01-28 03:00:00,1,1,0
2015-01-28 04:00:00,6,2,4
2015-01-28 05:00:00,23,5,18
2015-01-28 06:00:00,59,10,49
2015-01-28 07:00:00,96,8,88
2015-01-28 08:00:00,86,8,78
2015-01-28 09:00:00,50,9,41
2015-01-28 10:00:00,22,6,16
2015-01-28 11:00:00,22,9,13
2015-01-28 12:00:00,27,11,16
2015-01-28 13:00:00,17,6,11
2015-01-28 14:00:00,28,15,13
2015-01-28 15:00:00,38,28,10
2015-01-28 16:00:00,69,52,17
2015-01-28 17:00:00,107,93,14
2015-01-28 18:00:00,67,56,11
2015-01-28 19:00:00,25,22,3
2015-01-28 20:00:00,18,17,1
2015-01-28 21:00:00,7,6,1
2015-01-28 22:00:00,3,2,1
2015-01-28 23:00:00,5,2,3
2015-01-29 00:00:00,2,2,0
2015-01-29 01:00:00,0,0,0
2015-01-29 02:00:00,4,2,2
2015-01-29 03:00:00,1,0,1
2015-01-29 04:00:00,3,0,3
2015-01-29 05:00:00,25,7,18
2015-01-29 06:00:00,52,10,42
2015-01-29 07:00:00,104,15,89
2015-01-29 08:00:00,108,13,95
2015-01-29 09:00:00,31,1,30
2015-01-29 10:00:00,20,3,17
2015-01-29 11:00:00,27,13,14
2015-01-29 12:00:00,22,9,13
2015-01-29 13:00:00,37,13,24
2015-01-29 14:00:00,26,20,6
2015-01-29 15:00:00,44,30,14
2015-01-29 16:00:00,80,58,22
2015-01-29 17:00:00,124,106,18
2015-01-29 18:00:00,85,73,12
2015-01-29 19:00:00,32,28,4
2015-01-29 20:00:00,20,15,5
2015-01-29 21:00:00,8,4,4
2015-01-29 22:00:00,5,2,3
2015-01-29 23:00:00,6,4,2
2015-01-30 00:00:00,2,1,1
2015-01-30 01:00:00,4,2,2
2015-01-30 02:00:00,2,2,0
2015-01-30 03:00:00,1,0,1
2015-01-30 04:00:00,6,1,5
2015-01-30 05:00:00,18,5,13
2015-01-30 06:00:00,33,3,30
2015-01-30 07:00:00,73,4,69
2015-01-30 08:00:00,103,11,92
2015-01-30 09:00:00,29,4,25
2015-01-30 10:00:00,15,5,10
2015-01-30 11:00:00,8,3,5
2015-01-30 12:00:00,17,7,10
2015-01-30 13:00:00,19,13,6
2015-01-30 14:00:00,23,9,14
2015-01-30 15:00:00,37,25,12
2015-01-30 16:00:00,62,60,2
2015-01-30 17:00:00,89,77,12
2015-01-30 18:00:00,53,46,7
2015-01-30 19:00:00,21,20,1
2015-01-30 20:00:00,6,5,1
2015-01-30 21:00:00,8,5,3
2015-01-30 22:00:00,7,7,0
2015-01-30 23:00:00,4,1,3
2015-01-31 00:00:00,1,1,0
2015-01-31 01:00:00,2,1,1
2015-01-31 02:00:00,0,0,0
2015-01-31 03:00:00,7,4,3
2015-01-31 04:00:00,3,0,3
2015-01-31 05:00:00,2,0,2
2015-01-31 06:00:00,6,2,4
2015-01-31 07:00:00,10,2,8
2015-01-31 08:00:00,19,5,14
2015-01-31 09:00:00,19,9,10
2015-01-31 10:00:00,36,15,21
2015-01-31 11:00:00,28,14,14
2015-01-31 12:00:00,24,13,11
2015-01-31 13:00:00,56,37,19
2015-01-31 14:00:00,45,24,21
2015-01-31 15:00:00,43,18,25
2015-01-31 16:00:00,48,15,33
2015-01-31 17:00:00,29,12,17
2015-01-31 18:00:00,17,13,4
2015-01-31 19:00:00,8,3,5
2015-01-31 20:00:00,4,3,1
2015-01-31 21:00:00,5,2,3
2015-01-31 22:00:00,2,2,0
2015-01-31 23:00:00,16,14,2
2015-02-01 00:00:00,4,2,2
2015-02-01 01:00:00,0,0,0
2015-02-01 02:00:00,2,1,1
2015-02-01 03:00:00,2,0,2
2015-02-01 04:00:00,2,1,1
2015-02-01 05:00:00,1,1,0
2015-02-01 06:00:00,2,1,1
2015-02-01 07:00:00,4,1,3
2015-02-01 08:00:00,10,3,7
2015-02-01 09:00:00,15,6,9
2015-02-01 10:00:00,26,19,7
2015-02-01 11:00:00,32,11,21
2015-02-01 12:00:00,19,10,9
2015-02-01 13:00:00,14,3,11
2015-02-01 14:00:00,9,5,4
2015-02-01 15:00:00,12,5,7
2015-02-01 16:00:00,8,6,2
2015-02-01 17:00:00,3,2,1
2015-02-01 18:00:00,1,0,1
2015-02-01 19:00:00,9,2,7
2015-02-01 20:00:00,4,4,0
2015-02-01 21:00:00,4,2,2
2015-02-01 22:00:00,3,3,0
2015-02-01 23:00:00,4,1,3
2015-02-02 00:00:00,0,0,0
2015-02-02 01:00:00,1,0,1
2015-02-02 02:00:00,0,0,0
2015-02-02 03:00:00,1,0,1
2015-02-02 04:00:00,3,2,1
2015-02-02 05:00:00,17,3,14
2015-02-02 06:00:00,43,4,39
2015-02-02 07:00:00,78,10,68
2015-02-02 08:00:00,74,6,68
2015-02-02 09:00:00,27,6,21
2015-02-02 10:00:00,10,5,5
2015-02-02 11:00:00,5,2,3
2015-02-02 12:00:00,7,2,5
2015-02-02 13:00:00,13,4,9
2015-02-02 14:00:00,14,5,9
2015-02-02 15:00:00,28,19,9
2015-02-02 16:00:00,53,44,9
2015-02-02 17:00:00,79,64,15
2015-02-02 18:00:00,61,55,6
2015-02-02 19:00:00,18,15,3
2015-02-02 20:00:00,5,3,2
2015-02-02 21:00:00,3,3,0
2015-02-02 22:00:00,1,0,1
2015-02-02 23:00:00,3,2,1
2015-02-03 00:00:00,1,1,0
2015-02-03 01:00:00,2,0,2
2015-02-03 02:00:00,0,0,0
2015-02-03 03:00:00,2,1,1
2015-02-03 04:00:00,4,1,3
2015-02-03 05:00:00,20,3,17
2015-02-03 06:00:00,52,6,46
2015-02-03 07:00:00,104,13,91
2015-02-03 08:00:00,106,13,93
2015-02-03 09:00:00,36,3,33
2015-02-03 10:00:00,21,4,17
2015-02-03 11:00:00,12,3,9
2015-02-03 12:00:00,8,1,7
2015-02-03 13:00:00,9,6,3
2015-02-03 14:00:00,15,11,4
2015-02-03 15:00:00,25,21,4
2015-02-03 16:00:00,62,51,11
2015-02-03 17:00:00,105,89,16
2015-02-03 18:00:00,71,62,9
2015-02-03 19:00:00,32,27,5
2015-02-03 20:00:00,12,10,2
2015-02-03 21:00:00,10,7,3
2015-02-03 22:00:00,3,3,0
2015-02-03 23:00:00,4,2,2
2015-02-04 00:00:00,4,3,1
2015-02-04 01:00:00,3,1,2
2015-02-04 02:00:00,0,0,0
2015-02-04 03:00:00,0,0,0
2015-02-04 04:00:00,6,2,4
2015-02-04 05:00:00,18,4,14
2015-02-04 06:00:00,52,7,45
2015-02-04 07:00:00,101,10,91
2015-02-04 08:00:00,95,11,84
2015-02-04 09:00:00,43,4,39
2015-02-04 10:00:00,17,8,9
2015-02-04 11:00:00,14,8,6
2015-02-04 12:00:00,15,5,10
2015-02-04 13:00:00,15,7,8
2015-02-04 14:00:00,20,14,6
2015-02-04 15:00:00,34,23,11
2015-02-04 16:00:00,68,56,12
2015-02-04 17:00:00,91,78,13
2015-02-04 18:00:00,72,65,7
2015-02-04 19:00:00,21,16,5
2015-02-04 20:00:00,12,10,2
2015-02-04 21:00:00,4,2,2
2015-02-04 22:00:00,1,1,0
2015-02-04 23:00:00,11,8,3
2015-02-05 00:00:00,1,1,0
2015-02-05 01:00:00,2,1,1
2015-02-05 02:00:00,1,1,0
2015-02-05 03:00:00,2,1,1
2015-02-05 04:00:00,2,0,2
2015-02-05 05:00:00,7,2,5
2015-02-05 06:00:00,31,3,28
2015-02-05 07:00:00,58,10,48
2015-02-05 08:00:00,48,5,43
2015-02-05 09:00:00,19,0,19
2015-02-05 10:00:00,11,1,10
2015-02-05 11:00:00,15,6,9
2015-02-05 12:00:00,8,1,7
2015-02-05 13:00:00,9,2,7
2015-02-05 14:00:00,7,4,3
2015-02-05 15:00:00,24,15,9
2015-02-05 16:00:00,39,30,9
2015-02-05 17:00:00,48,40,8
2015-02-05 18:00:00,48,44,4
2015-02-05 19:00:00,24,17,7
2015-02-05 20:00:00,8,6,2
2015-02-05 21:00:00,8,6,2
2015-02-05 22:00:00,2,1,1
2015-02-05 23:00:00,2,1,1
2015-02-06 00:00:00,2,2,0
2015-02-06 01:00:00,1,0,1
2015-02-06 02:00:00,0,0,0
2015-02-06 03:00:00,0,0,0
2015-02-06 04:00:00,2,0,2
2015-02-06 05:00:00,9,1,8
2015-02-06 06:00:00,27,3,24
2015-02-06 07:00:00,58,6,52
2015-02-06 08:00:00,69,4,65
2015-02-06 09:00:00,24,2,22
2015-02-06 10:00:00,10,4,6
2015-02-06 11:00:00,1,1,0
2015-02-06 12:00:00,8,2,6
2015-02-06 13:00:00,7,2,5
2015-02-06 14:00:00,11,7,4
2015-02-06 15:00:00,18,14,4
2015-02-06 16:00:00,51,41,10
2015-02-06 17:00:00,72,64,8
2015-02-06 18:00:00,36,31,5
2015-02-06 19:00:00,15,12,3
2015-02-06 20:00:00,10,9,1
2015-02-06 21:00:00,5,3,2
2015-02-06 22:00:00,4,2,2
2015-02-06 23:00:00,2,2,0
2015-02-07 00:00:00,1,1,0
2015-02-07 01:00:00,1,1,0
2015-02-07 02:00:00,0,0,0
2015-02-07 03:00:00,3,0,3
2015-02-07 04:00:00,0,0,0
2015-02-07 05:00:00,1,0,1
2015-02-07 06:00:00,2,0,2
2015-02-07 07:00:00,4,1,3
2015-02-07 08:00:00,2,1,1
2015-02-07 09:00:00,7,1,6
2015-02-07 10:00:00,8,7,1
2015-02-07 11:00:00,5,0,5
2015-02-07 12:00:00,13,3,10
2015-02-07 13:00:00,12,6,6
2015-02-07 14:00:00,12,7,5
2015-02-07 15:00:00,7,2,5
2015-02-07 16:00:00,10,5,5
2015-02-07 17:00:00,10,5,5
2015-02-07 18:00:00,7,3,4
2015-02-07 19:00:00,0,0,0
2015-02-07 20:00:00,3,1,2
2015-02-07 21:00:00,1,1,0
2015-02-07 22:00:00,3,3,0
2015-02-07 23:00:00,2,2,0
2015-02-08 00:00:00,1,0,1
2015-02-08 01:00:00,1,1,0
2015-02-08 02:00:00,2,2,0
2015-02-08 03:00:00,1,0,1
2015-02-08 04:00:00,2,1,1
2015-02-08 05:00:00,5,0,5
2015-02-08 06:00:00,2,1,1
2015-02-08 07:00:00,3,1,2
2015-02-08 08:00:00,20,3,17
2015-02-08 09:00:00,21,10,11
2015-02-08 10:00:00,40,17,23
2015-02-08 11:00:00,62,37,25
2015-02-08 12:00:00,72,35,37
2015-02-08 13:00:00,54,26,28
2015-02-08 14:00:00,55,29,26
2015-02-08 15:00:00,39,15,24
2015-02-08 16:00:00,32,20,12
2015-02-08 17:00:00,21,7,14
2015-02-08 18:00:00,11,8,3
2015-02-08 19:00:00,2,2,0
2015-02-08 20:00:00,5,2,3
2015-02-08 21:00:00,1,1,0
2015-02-08 22:00:00,5,4,1
2015-02-08 23:00:00,0,0,0
2015-02-09 00:00:00,1,0,1
2015-02-09 01:00:00,0,0,0
2015-02-09 02:00:00,0,0,0
2015-02-09 03:00:00,1,1,0
2015-02-09 04:00:00,5,2,3
2015-02-09 05:00:00,17,2,15
2015-02-09 06:00:00,46,7,39
2015-02-09 07:00:00,97,16,81
2015-02-09 08:00:00,66,5,61
2015-02-09 09:00:00,32,2,30
2015-02-09 10:00:00,8,3,5
2015-02-09 11:00:00,9,3,6
2015-02-09 12:00:00,10,4,6
2015-02-09 13:00:00,10,2,8
2015-02-09 14:00:00,18,9,9
2015-02-09 15:00:00,37,28,9
2015-02-09 16:00:00,50,42,8
2015-02-09 17:00:00,88,72,16
2015-02-09 18:00:00,67,59,8
2015-02-09 19:00:00,24,17,7
2015-02-09 20:00:00,8,5,3
2015-02-09 21:00:00,8,6,2
2015-02-09 22:00:00,2,1,1
2015-02-09 23:00:00,3,3,0
2015-02-10 00:00:00,1,1,0
2015-02-10 01:00:00,1,0,1
2015-02-10 02:00:00,0,0,0
2015-02-10 03:00:00,1,1,0
2015-02-10 04:00:00,1,0,1
2015-02-10 05:00:00,12,1,11
2015-02-10 06:00:00,57,8,49
2015-02-10 07:00:00,92,8,84
2015-02-10 08:00:00,104,7,97
2015-02-10 09:00:00,36,7,29
2015-02-10 10:00:00,12,3,9
2015-02-10 11:00:00,14,4,10
2015-02-10 12:00:00,15,4,11
2015-02-10 13:00:00,15,6,9
2015-02-10 14:00:00,29,17,12
2015-02-10 15:00:00,32,26,6
2015-02-10 16:00:00,87,64,23
2015-02-10 17:00:00,117,96,21
2015-02-10 18:00:00,72,61,11
2015-02-10 19:00:00,36,34,2
2015-02-10 20:00:00,11,11,0
2015-02-10 21:00:00,8,6,2
2015-02-10 22:00:00,5,3,2
2015-02-10 23:00:00,4,4,0
2015-02-11 00:00:00,2,1,1
2015-02-11 01:00:00,3,1,2
2015-02-11 02:00:00,0,0,0
2015-02-11 03:00:00,0,0,0
2015-02-11 04:00:00,4,1,3
2015-02-11 05:00:00,25,4,21
2015-02-11 06:00:00,63,8,55
2015-02-11 07:00:00,111,13,98
2015-02-11 08:00:00,101,10,91
2015-02-11 09:00:00,35,4,31
2015-02-11 10:00:00,28,7,21
2015-02-11 11:00:00,14,6,8
2015-02-11 12:00:00,23,8,15
2015-02-11 13:00:00,31,14,17
2015-02-11 14:00:00,17,11,6
2015-02-11 15:00:00,41,31,10
2015-02-11 16:00:00,86,67,19
2015-02-11 17:00:00,109,93,16
2015-02-11 18:00:00,74,64,10
2015-02-11 19:00:00,35,31,4
2015-02-11 20:00:00,16,13,3
2015-02-11 21:00:00,23,13,10
2015-02-11 22:00:00,3,1,2
2015-02-11 23:00:00,4,3,1
2015-02-12 00:00:00,2,1,1
2015-02-12 01:00:00,2,1,1
2015-02-12 02:00:00,0,0,0
2015-02-12 03:00:00,2,1,1
2015-02-12 04:00:00,4,1,3
2015-02-12 05:00:00,13,4,9
2015-02-12 06:00:00,56,6,50
2015-02-12 07:00:00,83,10,73
2015-02-12 08:00:00,82,5,77
2015-02-12 09:00:00,41,4,37
2015-02-12 10:00:00,17,4,13
2015-02-12 11:00:00,16,2,14
2015-02-12 12:00:00,11,4,7
2015-02-12 13:00:00,19,6,13
2015-02-12 14:00:00,24,14,10
2015-02-12 15:00:00,41,31,10
2015-02-12 16:00:00,74,58,16
2015-02-12 17:00:00,110,87,23
2015-02-12 18:00:00,62,52,10
2015-02-12 19:00:00,23,22,1
2015-02-12 20:00:00,13,11,2
2015-02-12 21:00:00,3,1,2
2015-02-12 22:00:00,7,2,5
2015-02-12 23:00:00,4,3,1
2015-02-13 00:00:00,3,2,1
2015-02-13 01:00:00,0,0,0
2015-02-13 02:00:00,0,0,0
2015-02-13 03:00:00,1,0,1
2015-02-13 04:00:00,1,0,1
2015-02-13 05:00:00,11,1,10
2015-02-13 06:00:00,33,4,29
2015-02-13 07:00:00,87,6,81
2015-02-13 08:00:00,88,8,80
2015-02-13 09:00:00,33,3,30
2015-02-13 10:00:00,18,6,12
2015-02-13 11:00:00,24,12,12
2015-02-13 12:00:00,26,11,15
2015-02-13 13:00:00,34,18,16
2015-02-13 14:00:00,31,12,19
2015-02-13 15:00:00,41,34,7
2015-02-13 16:00:00,59,48,11
2015-02-13 17:00:00,96,76,20
2015-02-13 18:00:00,50,41,9
2015-02-13 19:00:00,23,14,9
2015-02-13 20:00:00,10,8,2
2015-02-13 21:00:00,5,5,0
2015-02-13 22:00:00,8,6,2
2015-02-13 23:00:00,4,1,3
2015-02-14 00:00:00,2,2,0
2015-02-14 01:00:00,3,2,1
2015-02-14 02:00:00,2,0,2
2015-02-14 03:00:00,1,0,1
2015-02-14 04:00:00,1,0,1
2015-02-14 05:00:00,4,0,4
2015-02-14 06:00:00,3,1,2
2015-02-14 07:00:00,15,4,11
2015-02-14 08:00:00,13,6,7
2015-02-14 09:00:00,21,8,13
2015-02-14 10:00:00,47,34,13
2015-02-14 11:00:00,37,13,24
2015-02-14 12:00:00,47,21,26
2015-02-14 13:00:00,33,13,20
2015-02-14 14:00:00,43,18,25
2015-02-14 15:00:00,52,25,27
2015-02-14 16:00:00,56,32,24
2015-02-14 17:00:00,35,24,11
2015-02-14 18:00:00,12,12,0
2015-02-14 19:00:00,6,5,1
2015-02-14 20:00:00,15,11,4
2015-02-14 21:00:00,5,2,3
2015-02-14 22:00:00,4,3,1
2015-02-14 23:00:00,0,0,0
2015-02-15 00:00:00,1,1,0
2015-02-15 01:00:00,2,1,1
2015-02-15 02:00:00,1,1,0
2015-02-15 03:00:00,1,0,1
2015-02-15 04:00:00,1,1,0
2015-02-15 05:00:00,4,0,4
2015-02-15 06:00:00,3,1,2
2015-02-15 07:00:00,15,3,12
2015-02-15 08:00:00,8,4,4
2015-02-15 09:00:00,44,19,25
2015-02-15 10:00:00,47,22,25
2015-02-15 11:00:00,73,38,35
2015-02-15 12:00:00,91,53,38
2015-02-15 13:00:00,86,51,35
2015-02-15 14:00:00,85,48,37
2015-02-15 15:00:00,83,41,42
2015-02-15 16:00:00,71,32,39
2015-02-15 17:00:00,36,15,21
2015-02-15 18:00:00,13,6,7
2015-02-15 19:00:00,12,4,8
2015-02-15 20:00:00,3,2,1
2015-02-15 21:00:00,1,0,1
2015-02-15 22:00:00,1,1,0
2015-02-15 23:00:00,2,1,1
2015-02-16 00:00:00,2,0,2
2015-02-16 01:00:00,4,2,2
2015-02-16 02:00:00,0,0,0
2015-02-16 03:00:00,2,0,2
2015-02-16 04:00:00,2,0,2
2015-02-16 05:00:00,7,1,6
2015-02-16 06:00:00,25,6,19
2015-02-16 07:00:00,40,4,36
2015-02-16 08:00:00,59,13,46
2015-02-16 09:00:00,33,5,28
2015-02-16 10:00:00,47,25,22
2015-02-16 11:00:00,29,11,18
2015-02-16 12:00:00,40,19,21
2015-02-16 13:00:00,53,30,23
2015-02-16 14:00:00,63,31,32
2015-02-16 15:00:00,66,38,28
2015-02-16 16:00:00,47,28,19
2015-02-16 17:00:00,83,49,34
2015-02-16 18:00:00,44,39,5
2015-02-16 19:00:00,18,11,7
2015-02-16 20:00:00,8,5,3
2015-02-16 21:00:00,5,4,1
2015-02-16 22:00:00,4,3,1
2015-02-16 23:00:00,4,3,1
2015-02-17 00:00:00,1,1,0
2015-02-17 01:00:00,2,1,1
2015-02-17 02:00:00,0,0,0
2015-02-17 03:00:00,0,0,0
2015-02-17 04:00:00,3,1,2
2015-02-17 05:00:00,28,1,27
2015-02-17 06:00:00,58,11,47
2015-02-17 07:00:00,117,12,105
2015-02-17 08:00:00,113,8,105
2015-02-17 09:00:00,50,6,44
2015-02-17 10:00:00,20,3,17
2015-02-17 11:00:00,26,14,12
2015-02-17 12:00:00,32,11,21
2015-02-17 13:00:00,28,13,15
2015-02-17 14:00:00,46,27,19
2015-02-17 15:00:00,51,36,15
2015-02-17 16:00:00,83,66,17
2015-02-17 17:00:00,154,133,21
2015-02-17 18:00:00,63,52,11
2015-02-17 19:00:00,40,34,6
2015-02-17 20:00:00,14,12,2
2015-02-17 21:00:00,8,8,0
2015-02-17 22:00:00,0,0,0
2015-02-17 23:00:00,5,5,0
2015-02-18 00:00:00,1,0,1
2015-02-18 01:00:00,3,1,2
2015-02-18 02:00:00,1,0,1
2015-02-18 03:00:00,2,1,1
2015-02-18 04:00:00,9,2,7
2015-02-18 05:00:00,17,6,11
2015-02-18 06:00:00,72,11,61
2015-02-18 07:00:00,114,12,102
2015-02-18 08:00:00,110,9,101
2015-02-18 09:00:00,45,4,41
2015-02-18 10:00:00,28,5,23
2015-02-18 11:00:00,20,11,9
2015-02-18 12:00:00,19,10,9
2015-02-18 13:00:00,25,10,15
2015-02-18 14:00:00,26,15,11
2015-02-18 15:00:00,37,29,8
2015-02-18 16:00:00,68,55,13
2015-02-18 17:00:00,130,115,15
2015-02-18 18:00:00,79,73,6
2015-02-18 19:00:00,34,31,3
2015-02-18 20:00:00,18,16,2
2015-02-18 21:00:00,3,3,0
2015-02-18 22:00:00,3,3,0
2015-02-18 23:00:00,5,4,1
2015-02-19 00:00:00,3,3,0
2015-02-19 01:00:00,0,0,0
2015-02-19 02:00:00,3,0,3
2015-02-19 03:00:00,0,0,0
2015-02-19 04:00:00,3,1,2
2015-02-19 05:00:00,18,3,15
2015-02-19 06:00:00,53,11,42
2015-02-19 07:00:00,77,10,67
2015-02-19 08:00:00,106,16,90
2015-02-19 09:00:00,41,2,39
2015-02-19 10:00:00,15,3,12
2015-02-19 11:00:00,13,7,6
2015-02-19 12:00:00,8,1,7
2015-02-19 13:00:00,7,2,5
2015-02-19 14:00:00,12,6,6
2015-02-19 15:00:00,26,20,6
2015-02-19 16:00:00,53,45,8
2015-02-19 17:00:00,101,91,10
2015-02-19 18:00:00,44,39,5
2015-02-19 19:00:00,27,20,7
2015-02-19 20:00:00,16,14,2
2015-02-19 21:00:00,5,5,0
2015-02-19 22:00:00,4,2,2
2015-02-19 23:00:00,2,2,0
2015-02-20 00:00:00,1,1,0
2015-02-20 01:00:00,2,2,0
2015-02-20 02:00:00,1,0,1
2015-02-20 03:00:00,2,2,0
2015-02-20 04:00:00,1,0,1
2015-02-20 05:00:00,12,0,12
2015-02-20 06:00:00,39,4,35
2015-02-20 07:00:00,75,18,57
2015-02-20 08:00:00,69,4,65
2015-02-20 09:00:00,37,8,29
2015-02-20 10:00:00,16,3,13
2015-02-20 11:00:00,14,8,6
2015-02-20 12:00:00,11,1,10
2015-02-20 13:00:00,22,6,16
2015-02-20 14:00:00,23,12,11
2015-02-20 15:00:00,29,23,6
2015-02-20 16:00:00,47,42,5
2015-02-20 17:00:00,85,67,18
2015-02-20 18:00:00,45,36,9
2015-02-20 19:00:00,19,15,4
2015-02-20 20:00:00,7,5,2
2015-02-20 21:00:00,3,3,0
2015-02-20 22:00:00,1,1,0
2015-02-20 23:00:00,5,4,1
2015-02-21 00:00:00,4,1,3
2015-02-21 01:00:00,0,0,0
2015-02-21 02:00:00,4,3,1
2015-02-21 03:00:00,0,0,0
2015-02-21 04:00:00,2,0,2
2015-02-21 05:00:00,3,0,3
2015-02-21 06:00:00,7,3,4
2015-02-21 07:00:00,10,2,8
2015-02-21 08:00:00,23,9,14
2015-02-21 09:00:00,23,11,12
2015-02-21 10:00:00,34,13,21
2015-02-21 11:00:00,41,16,25
2015-02-21 12:00:00,43,18,25
2015-02-21 13:00:00,51,34,17
2015-02-21 14:00:00,37,16,21
2015-02-21 15:00:00,46,26,20
2015-02-21 16:00:00,48,24,24
2015-02-21 17:00:00,33,12,21
2015-02-21 18:00:00,20,13,7
2015-02-21 19:00:00,8,5,3
2015-02-21 20:00:00,2,2,0
2015-02-21 21:00:00,1,1,0
2015-02-21 22:00:00,3,2,1
2015-02-21 23:00:00,3,2,1
2015-02-22 00:00:00,1,1,0
2015-02-22 01:00:00,0,0,0
2015-02-22 02:00:00,0,0,0
2015-02-22 03:00:00,1,0,1
2015-02-22 04:00:00,4,2,2
2015-02-22 05:00:00,4,0,4
2015-02-22 06:00:00,11,0,11
2015-02-22 07:00:00,61,9,52
2015-02-22 08:00:00,45,5,40
2015-02-22 09:00:00,39,16,23
2015-02-22 10:00:00,45,18,27
2015-02-22 11:00:00,39,25,14
2015-02-22 12:00:00,67,46,21
2015-02-22 13:00:00,96,58,38
2015-02-22 14:00:00,76,40,36
2015-02-22 15:00:00,66,40,26
2015-02-22 16:00:00,90,56,34
2015-02-22 17:00:00,27,18,9
2015-02-22 18:00:00,16,11,5
2015-02-22 19:00:00,3,3,0
2015-02-22 20:00:00,2,0,2
2015-02-22 21:00:00,5,3,2
2015-02-22 22:00:00,5,5,0
2015-02-22 23:00:00,2,1,1
2015-02-23 00:00:00,0,0,0
2015-02-23 01:00:00,0,0,0
2015-02-23 02:00:00,1,0,1
2015-02-23 03:00:00,4,3,1
2015-02-23 04:00:00,4,0,4
2015-02-23 05:00:00,12,2,10
2015-02-23 06:00:00,47,10,37
2015-02-23 07:00:00,116,14,102
2015-02-23 08:00:00,92,16,76
2015-02-23 09:00:00,48,12,36
2015-02-23 10:00:00,18,3,15
2015-02-23 11:00:00,15,5,10
2015-02-23 12:00:00,23,8,15
2015-02-23 13:00:00,23,11,12
2015-02-23 14:00:00,25,20,5
2015-02-23 15:00:00,54,36,18
2015-02-23 16:00:00,80,61,19
2015-02-23 17:00:00,122,98,24
2015-02-23 18:00:00,105,92,13
2015-02-23 19:00:00,24,18,6
2015-02-23 20:00:00,13,12,1
2015-02-23 21:00:00,3,3,0
2015-02-23 22:00:00,7,5,2
2015-02-23 23:00:00,6,3,3
2015-02-24 00:00:00,1,1,0
2015-02-24 01:00:00,4,3,1
2015-02-24 02:00:00,0,0,0
2015-02-24 03:00:00,0,0,0
2015-02-24 04:00:00,4,1,3
2015-02-24 05:00:00,22,3,19
2015-02-24 06:00:00,60,9,51
2015-02-24 07:00:00,120,18,102
2015-02-24 08:00:00,116,13,103
2015-02-24 09:00:00,54,7,47
2015-02-24 10:00:00,23,4,19
2015-02-24 11:00:00,25,12,13
2015-02-24 12:00:00,24,9,15
2015-02-24 13:00:00,23,11,12
2015-02-24 14:00:00,26,19,7
2015-02-24 15:00:00,40,25,15
2015-02-24 16:00:00,85,63,22
2015-02-24 17:00:00,153,129,24
2015-02-24 18:00:00,85,74,11
2015-02-24 19:00:00,40,32,8
2015-02-24 20:00:00,11,11,0
2015-02-24 21:00:00,14,14,0
2015-02-24 22:00:00,9,7,2
2015-02-24 23:00:00,8,3,5
2015-02-25 00:00:00,2,2,0
2015-02-25 01:00:00,0,0,0
2015-02-25 02:00:00,0,0,0
2015-02-25 03:00:00,0,0,0
2015-02-25 04:00:00,5,1,4
2015-02-25 05:00:00,15,2,13
2015-02-25 06:00:00,51,8,43
2015-02-25 07:00:00,77,11,66
2015-02-25 08:00:00,112,9,103
2015-02-25 09:00:00,31,2,29
2015-02-25 10:00:00,19,5,14
2015-02-25 11:00:00,11,2,9
2015-02-25 12:00:00,10,3,7
2015-02-25 13:00:00,21,7,14
2015-02-25 14:00:00,21,13,8
2015-02-25 15:00:00,37,31,6
2015-02-25 16:00:00,54,41,13
2015-02-25 17:00:00,102,91,11
2015-02-25 18:00:00,59,56,3
2015-02-25 19:00:00,24,24,0
2015-02-25 20:00:00,17,6,11
2015-02-25 21:00:00,7,7,0
2015-02-25 22:00:00,3,1,2
2015-02-25 23:00:00,1,1,0
2015-02-26 00:00:00,0,0,0
2015-02-26 01:00:00,0,0,0
2015-02-26 02:00:00,1,1,0
2015-02-26 03:00:00,1,1,0
2015-02-26 04:00:00,4,1,3
2015-02-26 05:00:00,14,3,11
2015-02-26 06:00:00,53,10,43
2015-02-26 07:00:00,89,14,75
2015-02-26 08:00:00,93,6,87
2015-02-26 09:00:00,22,0,22
2015-02-26 10:00:00,18,2,16
2015-02-26 11:00:00,9,1,8
2015-02-26 12:00:00,16,6,10
2015-02-26 13:00:00,11,5,6
2015-02-26 14:00:00,19,13,6
2015-02-26 15:00:00,28,24,4
2015-02-26 16:00:00,68,48,20
2015-02-26 17:00:00,101,82,19
2015-02-26 18:00:00,56,51,5
2015-02-26 19:00:00,70,68,2
2015-02-26 20:00:00,10,8,2
2015-02-26 21:00:00,12,2,10
2015-02-26 22:00:00,8,3,5
2015-02-26 23:00:00,24,2,22
2015-02-27 00:00:00,0,0,0
2015-02-27 01:00:00,1,0,1
2015-02-27 02:00:00,0,0,0
2015-02-27 03:00:00,1,1,0
2015-02-27 04:00:00,1,0,1
2015-02-27 05:00:00,13,1,12
2015-02-27 06:00:00,37,5,32
2015-02-27 07:00:00,75,12,63
2015-02-27 08:00:00,65,4,61
2015-02-27 09:00:00,20,1,19
2015-02-27 10:00:00,7,2,5
2015-02-27 11:00:00,9,5,4
2015-02-27 12:00:00,11,3,8
2015-02-27 13:00:00,17,10,7
2015-02-27 14:00:00,27,14,13
2015-02-27 15:00:00,25,14,11
2015-02-27 16:00:00,51,38,13
2015-02-27 17:00:00,72,61,11
2015-02-27 18:00:00,45,43,2
2015-02-27 19:00:00,18,14,4
2015-02-27 20:00:00,2,1,1
2015-02-27 21:00:00,11,6,5
2015-02-27 22:00:00,3,3,0
2015-02-27 23:00:00,2,2,0
2015-02-28 00:00:00,1,0,1
2015-02-28 01:00:00,0,0,0
2015-02-28 02:00:00,4,2,2
2015-02-28 03:00:00,3,2,1
2015-02-28 04:00:00,2,0,2
2015-02-28 05:00:00,3,0,3
2015-02-28 06:00:00,8,2,6
2015-02-28 07:00:00,11,1,10
2015-02-28 08:00:00,19,9,10
2015-02-28 09:00:00,31,14,17
2015-02-28 10:00:00,60,27,33
2015-02-28 11:00:00,90,41,49
2015-02-28 12:00:00,99,51,48
2015-02-28 13:00:00,72,34,38
2015-02-28 14:00:00,81,43,38
2015-02-28 15:00:00,76,43,33
2015-02-28 16:00:00,48,25,23
2015-02-28 17:00:00,45,28,17
2015-02-28 18:00:00,19,10,9
2015-02-28 19:00:00,16,11,5
2015-02-28 20:00:00,13,5,8
2015-02-28 21:00:00,8,3,5
2015-02-28 22:00:00,4,1,3
2015-02-28 23:00:00,4,4,0
2015-03-01 00:00:00,1,0,1
2015-03-01 01:00:00,8,5,3
2015-03-01 02:00:00,0,0,0
2015-03-01 03:00:00,4,2,2
2015-03-01 04:00:00,1,1,0
2015-03-01 05:00:00,3,0,3
2015-03-01 06:00:00,3,1,2
2015-03-01 07:00:00,8,3,5
2015-03-01 08:00:00,19,6,13
2015-03-01 09:00:00,35,16,19
2015-03-01 10:00:00,47,22,25
2015-03-01 11:00:00,86,54,32
2015-03-01 12:00:00,98,44,54
2015-03-01 13:00:00,83,39,44
2015-03-01 14:00:00,59,27,32
2015-03-01 15:00:00,54,28,26
2015-03-01 16:00:00,62,37,25
2015-03-01 17:00:00,36,12,24
2015-03-01 18:00:00,22,9,13
2015-03-01 19:00:00,9,3,6
2015-03-01 20:00:00,5,5,0
2015-03-01 21:00:00,4,4,0
2015-03-01 22:00:00,3,2,1
2015-03-01 23:00:00,1,1,0
2015-03-02 00:00:00,0,0,0
2015-03-02 01:00:00,1,1,0
2015-03-02 02:00:00,0,0,0
2015-03-02 03:00:00,2,0,2
2015-03-02 04:00:00,4,0,4
2015-03-02 05:00:00,22,5,17
2015-03-02 06:00:00,52,7,45
2015-03-02 07:00:00,116,15,101
2015-03-02 08:00:00,103,14,89
2015-03-02 09:00:00,40,2,38
2015-03-02 10:00:00,19,4,15
2015-03-02 11:00:00,7,3,4
2015-03-02 12:00:00,8,2,6
2015-03-02 13:00:00,18,9,9
2015-03-02 14:00:00,16,7,9
2015-03-02 15:00:00,35,29,6
2015-03-02 16:00:00,90,71,19
2015-03-02 17:00:00,124,109,15
2015-03-02 18:00:00,93,83,10
2015-03-02 19:00:00,24,20,4
2015-03-02 20:00:00,11,9,2
2015-03-02 21:00:00,10,8,2
2015-03-02 22:00:00,5,5,0
2015-03-02 23:00:00,4,3,1
2015-03-03 00:00:00,2,1,1
2015-03-03 01:00:00,2,2,0
2015-03-03 02:00:00,3,2,1
2015-03-03 03:00:00,1,1,0
2015-03-03 04:00:00,5,0,5
2015-03-03 05:00:00,24,5,19
2015-03-03 06:00:00,58,3,55
2015-03-03 07:00:00,128,15,113
2015-03-03 08:00:00,128,13,115
2015-03-03 09:00:00,28,3,25
2015-03-03 10:00:00,15,4,11
2015-03-03 11:00:00,33,24,9
2015-03-03 12:00:00,40,16,24
2015-03-03 13:00:00,23,12,11
2015-03-03 14:00:00,25,17,8
2015-03-03 15:00:00,46,33,13
2015-03-03 16:00:00,86,69,17
2015-03-03 17:00:00,145,125,20
2015-03-03 18:00:00,96,85,11
2015-03-03 19:00:00,33,28,5
2015-03-03 20:00:00,11,9,2
2015-03-03 21:00:00,10,9,1
2015-03-03 22:00:00,5,4,1
2015-03-03 23:00:00,1,1,0
2015-03-04 00:00:00,1,1,0
2015-03-04 01:00:00,3,2,1
2015-03-04 02:00:00,0,0,0
2015-03-04 03:00:00,0,0,0
2015-03-04 04:00:00,4,1,3
2015-03-04 05:00:00,17,2,15
2015-03-04 06:00:00,61,12,49
2015-03-04 07:00:00,96,14,82
2015-03-04 08:00:00,118,14,104
2015-03-04 09:00:00,47,10,37
2015-03-04 10:00:00,26,11,15
2015-03-04 11:00:00,23,13,10
2015-03-04 12:00:00,36,13,23
2015-03-04 13:00:00,31,16,15
2015-03-04 14:00:00,36,21,15
2015-03-04 15:00:00,48,31,17
2015-03-04 16:00:00,80,63,17
2015-03-04 17:00:00,133,110,23
2015-03-04 18:00:00,76,64,12
2015-03-04 19:00:00,26,22,4
2015-03-04 20:00:00,9,7,2
2015-03-04 21:00:00,13,10,3
2015-03-04 22:00:00,5,5,0
2015-03-04 23:00:00,0,0,0
2015-03-05 00:00:00,2,1,1
2015-03-05 01:00:00,1,0,1
2015-03-05 02:00:00,1,1,0
2015-03-05 03:00:00,1,0,1
2015-03-05 04:00:00,4,1,3
2015-03-05 05:00:00,19,3,16
2015-03-05 06:00:00,61,6,55
2015-03-05 07:00:00,94,18,76
2015-03-05 08:00:00,118,11,107
2015-03-05 09:00:00,55,10,45
2015-03-05 10:00:00,32,13,19
2015-03-05 11:00:00,22,9,13
2015-03-05 12:00:00,35,13,22
2015-03-05 13:00:00,30,14,16
2015-03-05 14:00:00,41,30,11
2015-03-05 15:00:00,54,40,14
2015-03-05 16:00:00,74,59,15
2015-03-05 17:00:00,139,116,23
2015-03-05 18:00:00,67,60,7
2015-03-05 19:00:00,30,28,2
2015-03-05 20:00:00,13,9,4
2015-03-05 21:00:00,5,2,3
2015-03-05 22:00:00,5,4,1
2015-03-05 23:00:00,3,2,1
2015-03-06 00:00:00,2,1,1
2015-03-06 01:00:00,4,2,2
2015-03-06 02:00:00,4,2,2
2015-03-06 03:00:00,2,1,1
2015-03-06 04:00:00,8,2,6
2015-03-06 05:00:00,16,1,15
2015-03-06 06:00:00,57,10,47
2015-03-06 07:00:00,97,13,84
2015-03-06 08:00:00,84,12,72
2015-03-06 09:00:00,41,4,37
2015-03-06 10:00:00,12,4,8
2015-03-06 11:00:00,15,4,11
2015-03-06 12:00:00,36,18,18
2015-03-06 13:00:00,40,17,23
2015-03-06 14:00:00,44,26,18
2015-03-06 15:00:00,44,33,11
2015-03-06 16:00:00,84,62,22
2015-03-06 17:00:00,121,102,19
2015-03-06 18:00:00,55,46,9
2015-03-06 19:00:00,18,12,6
2015-03-06 20:00:00,17,9,8
2015-03-06 21:00:00,4,1,3
2015-03-06 22:00:00,3,3,0
2015-03-06 23:00:00,0,0,0
2015-03-07 00:00:00,3,2,1
2015-03-07 01:00:00,3,2,1
2015-03-07 02:00:00,0,0,0
2015-03-07 03:00:00,1,0,1
2015-03-07 04:00:00,2,1,1
2015-03-07 05:00:00,6,0,6
2015-03-07 06:00:00,5,1,4
2015-03-07 07:00:00,11,2,9
2015-03-07 08:00:00,32,8,24
2015-03-07 09:00:00,39,21,18
2015-03-07 10:00:00,37,14,23
2015-03-07 11:00:00,55,25,30
2015-03-07 12:00:00,71,39,32
2015-03-07 13:00:00,66,32,34
2015-03-07 14:00:00,91,55,36
2015-03-07 15:00:00,95,49,46
2015-03-07 16:00:00,47,19,28
2015-03-07 17:00:00,46,22,24
2015-03-07 18:00:00,32,16,16
2015-03-07 19:00:00,5,2,3
2015-03-07 20:00:00,6,3,3
2015-03-07 21:00:00,3,3,0
2015-03-07 22:00:00,6,1,5
2015-03-07 23:00:00,2,2,0
2015-03-08 00:00:00,2,1,1
2015-03-08 01:00:00,4,2,2
2015-03-08 02:00:00,0,0,0
2015-03-08 03:00:00,1,0,1
2015-03-08 04:00:00,6,5,1
2015-03-08 05:00:00,3,0,3
2015-03-08 06:00:00,0,0,0
2015-03-08 07:00:00,12,5,7
2015-03-08 08:00:00,10,4,6
2015-03-08 09:00:00,29,8,21
2015-03-08 10:00:00,45,17,28
2015-03-08 11:00:00,82,46,36
2015-03-08 12:00:00,86,39,47
2015-03-08 13:00:00,81,44,37
2015-03-08 14:00:00,103,56,47
2015-03-08 15:00:00,86,51,35
2015-03-08 16:00:00,77,31,46
2015-03-08 17:00:00,39,16,23
2015-03-08 18:00:00,38,17,21
2015-03-08 19:00:00,10,4,6
2015-03-08 20:00:00,11,9,2
2015-03-08 21:00:00,3,2,1
2015-03-08 22:00:00,5,5,0
2015-03-08 23:00:00,1,1,0
2015-03-09 00:00:00,0,0,0
2015-03-09 01:00:00,1,0,1
2015-03-09 02:00:00,2,1,1
2015-03-09 03:00:00,1,0,1
2015-03-09 04:00:00,5,1,4
2015-03-09 05:00:00,11,1,10
2015-03-09 06:00:00,57,7,50
2015-03-09 07:00:00,98,12,86
2015-03-09 08:00:00,116,14,102
2015-03-09 09:00:00,57,7,50
2015-03-09 10:00:00,20,3,17
2015-03-09 11:00:00,14,7,7
2015-03-09 12:00:00,33,10,23
2015-03-09 13:00:00,27,14,13
2015-03-09 14:00:00,34,22,12
2015-03-09 15:00:00,38,30,8
2015-03-09 16:00:00,80,68,12
2015-03-09 17:00:00,142,120,22
2015-03-09 18:00:00,99,86,13
2015-03-09 19:00:00,30,25,5
2015-03-09 20:00:00,16,11,5
2015-03-09 21:00:00,9,5,4
2015-03-09 22:00:00,2,1,1
2015-03-09 23:00:00,10,7,3
2015-03-10 00:00:00,1,1,0
2015-03-10 01:00:00,2,2,0
2015-03-10 02:00:00,2,2,0
2015-03-10 03:00:00,3,1,2
2015-03-10 04:00:00,3,1,2
2015-03-10 05:00:00,24,3,21
2015-03-10 06:00:00,49,7,42
2015-03-10 07:00:00,123,11,112
2015-03-10 08:00:00,122,18,104
2015-03-10 09:00:00,52,7,45
2015-03-10 10:00:00,15,2,13
2015-03-10 11:00:00,13,6,7
2015-03-10 12:00:00,21,9,12
2015-03-10 13:00:00,35,18,17
2015-03-10 14:00:00,27,14,13
2015-03-10 15:00:00,35,31,4
2015-03-10 16:00:00,97,83,14
2015-03-10 17:00:00,142,120,22
2015-03-10 18:00:00,110,95,15
2015-03-10 19:00:00,37,29,8
2015-03-10 20:00:00,14,12,2
2015-03-10 21:00:00,10,6,4
2015-03-10 22:00:00,9,5,4
2015-03-10 23:00:00,6,6,0
2015-03-11 00:00:00,1,1,0
2015-03-11 01:00:00,1,0,1
2015-03-11 02:00:00,2,0,2
2015-03-11 03:00:00,1,1,0
2015-03-11 04:00:00,3,0,3
2015-03-11 05:00:00,14,2,12
2015-03-11 06:00:00,36,6,30
2015-03-11 07:00:00,98,17,81
2015-03-11 08:00:00,87,9,78
2015-03-11 09:00:00,27,3,24
2015-03-11 10:00:00,13,3,10
2015-03-11 11:00:00,21,11,10
2015-03-11 12:00:00,13,5,8
2015-03-11 13:00:00,13,3,10
2015-03-11 14:00:00,15,10,5
2015-03-11 15:00:00,19,14,5
2015-03-11 16:00:00,42,36,6
2015-03-11 17:00:00,104,85,19
2015-03-11 18:00:00,60,49,11
2015-03-11 19:00:00,22,19,3
2015-03-11 20:00:00,18,14,4
2015-03-11 21:00:00,3,3,0
2015-03-11 22:00:00,11,7,4
2015-03-11 23:00:00,2,2,0
2015-03-12 00:00:00,1,1,0
2015-03-12 01:00:00,3,2,1
2015-03-12 02:00:00,1,0,1
2015-03-12 03:00:00,0,0,0
2015-03-12 04:00:00,1,0,1
2015-03-12 05:00:00,17,3,14
2015-03-12 06:00:00,61,11,50
2015-03-12 07:00:00,106,13,93
2015-03-12 08:00:00,100,7,93
2015-03-12 09:00:00,45,5,40
2015-03-12 10:00:00,26,6,20
2015-03-12 11:00:00,15,7,8
2015-03-12 12:00:00,16,4,12
2015-03-12 13:00:00,31,12,19
2015-03-12 14:00:00,25,14,11
2015-03-12 15:00:00,59,36,23
2015-03-12 16:00:00,85,55,30
2015-03-12 17:00:00,123,101,22
2015-03-12 18:00:00,92,73,19
2015-03-12 19:00:00,51,42,9
2015-03-12 20:00:00,20,11,9
2015-03-12 21:00:00,22,12,10
2015-03-12 22:00:00,8,5,3
2015-03-12 23:00:00,7,6,1
2015-03-13 00:00:00,4,2,2
2015-03-13 01:00:00,3,3,0
2015-03-13 02:00:00,4,2,2
2015-03-13 03:00:00,2,0,2
2015-03-13 04:00:00,2,0,2
2015-03-13 05:00:00,13,1,12
2015-03-13 06:00:00,63,13,50
2015-03-13 07:00:00,114,20,94
2015-03-13 08:00:00,115,24,91
2015-03-13 09:00:00,53,14,39
2015-03-13 10:00:00,25,8,17
2015-03-13 11:00:00,21,14,7
2015-03-13 12:00:00,23,13,10
2015-03-13 13:00:00,47,17,30
2015-03-13 14:00:00,45,27,18
2015-03-13 15:00:00,49,33,16
2015-03-13 16:00:00,96,75,21
2015-03-13 17:00:00,120,106,14
2015-03-13 18:00:00,71,60,11
2015-03-13 19:00:00,27,27,0
2015-03-13 20:00:00,18,7,11
2015-03-13 21:00:00,8,7,1
2015-03-13 22:00:00,8,3,5
2015-03-13 23:00:00,5,3,2
2015-03-14 00:00:00,4,4,0
2015-03-14 01:00:00,2,0,2
2015-03-14 02:00:00,0,0,0
2015-03-14 03:00:00,1,0,1
2015-03-14 04:00:00,0,0,0
2015-03-14 05:00:00,3,0,3
2015-03-14 06:00:00,7,2,5
2015-03-14 07:00:00,2,2,0
2015-03-14 08:00:00,5,2,3
2015-03-14 09:00:00,5,3,2
2015-03-14 10:00:00,11,7,4
2015-03-14 11:00:00,8,5,3
2015-03-14 12:00:00,8,6,2
2015-03-14 13:00:00,5,3,2
2015-03-14 14:00:00,17,3,14
2015-03-14 15:00:00,15,6,9
2015-03-14 16:00:00,10,4,6
2015-03-14 17:00:00,15,7,8
2015-03-14 18:00:00,13,7,6
2015-03-14 19:00:00,9,5,4
2015-03-14 20:00:00,1,0,1
2015-03-14 21:00:00,3,3,0
2015-03-14 22:00:00,7,7,0
2015-03-14 23:00:00,4,4,0
2015-03-15 00:00:00,7,5,2
2015-03-15 01:00:00,4,0,4
2015-03-15 02:00:00,0,0,0
2015-03-15 03:00:00,5,0,5
2015-03-15 04:00:00,1,1,0
2015-03-15 05:00:00,3,0,3
2015-03-15 06:00:00,1,0,1
2015-03-15 07:00:00,3,2,1
2015-03-15 08:00:00,5,0,5
2015-03-15 09:00:00,7,5,2
2015-03-15 10:00:00,1,1,0
2015-03-15 11:00:00,4,2,2
2015-03-15 12:00:00,5,1,4
2015-03-15 13:00:00,0,0,0
2015-03-15 14:00:00,2,2,0
2015-03-15 15:00:00,4,3,1
2015-03-15 16:00:00,3,1,2
2015-03-15 17:00:00,3,0,3
2015-03-15 18:00:00,3,2,1
2015-03-15 19:00:00,1,1,0
2015-03-15 20:00:00,0,0,0
2015-03-15 21:00:00,1,0,1
2015-03-15 22:00:00,1,1,0
2015-03-15 23:00:00,0,0,0
2015-03-16 00:00:00,0,0,0
2015-03-16 01:00:00,1,1,0
2015-03-16 02:00:00,0,0,0
2015-03-16 03:00:00,3,1,2
2015-03-16 04:00:00,2,1,1
2015-03-16 05:00:00,7,1,6
2015-03-16 06:00:00,46,6,40
2015-03-16 07:00:00,92,11,81
2015-03-16 08:00:00,98,8,90
2015-03-16 09:00:00,41,3,38
2015-03-16 10:00:00,15,2,13
2015-03-16 11:00:00,12,5,7
2015-03-16 12:00:00,29,14,15
2015-03-16 13:00:00,27,10,17
2015-03-16 14:00:00,27,14,13
2015-03-16 15:00:00,46,37,9
2015-03-16 16:00:00,78,58,20
2015-03-16 17:00:00,123,102,21
2015-03-16 18:00:00,87,73,14
2015-03-16 19:00:00,33,23,10
2015-03-16 20:00:00,15,10,5
2015-03-16 21:00:00,10,7,3
2015-03-16 22:00:00,1,0,1
2015-03-16 23:00:00,5,4,1
2015-03-17 00:00:00,4,3,1
2015-03-17 01:00:00,1,0,1
2015-03-17 02:00:00,1,1,0
2015-03-17 03:00:00,1,1,0
2015-03-17 04:00:00,1,0,1
2015-03-17 05:00:00,13,2,11
2015-03-17 06:00:00,51,9,42
2015-03-17 07:00:00,111,14,97
2015-03-17 08:00:00,117,9,108
2015-03-17 09:00:00,49,5,44
2015-03-17 10:00:00,23,6,17
2015-03-17 11:00:00,23,13,10
2015-03-17 12:00:00,18,6,12
2015-03-17 13:00:00,22,8,14
2015-03-17 14:00:00,27,21,6
2015-03-17 15:00:00,40,29,11
2015-03-17 16:00:00,62,48,14
2015-03-17 17:00:00,104,89,15
2015-03-17 18:00:00,87,80,7
2015-03-17 19:00:00,22,20,2
2015-03-17 20:00:00,8,7,1
2015-03-17 21:00:00,4,3,1
2015-03-17 22:00:00,8,7,1
2015-03-17 23:00:00,3,2,1
2015-03-18 00:00:00,5,5,0
2015-03-18 01:00:00,0,0,0
2015-03-18 02:00:00,1,0,1
2015-03-18 03:00:00,1,0,1
2015-03-18 04:00:00,4,2,2
2015-03-18 05:00:00,12,3,9
2015-03-18 06:00:00,67,5,62
2015-03-18 07:00:00,99,9,90
2015-03-18 08:00:00,123,11,112
2015-03-18 09:00:00,39,2,37
2015-03-18 10:00:00,19,5,14
2015-03-18 11:00:00,15,9,6
2015-03-18 12:00:00,26,13,13
2015-03-18 13:00:00,24,8,16
2015-03-18 14:00:00,33,24,9
2015-03-18 15:00:00,37,27,10
2015-03-18 16:00:00,80,68,12
2015-03-18 17:00:00,130,113,17
2015-03-18 18:00:00,100,80,20
2015-03-18 19:00:00,39,33,6
2015-03-18 20:00:00,27,19,8
2015-03-18 21:00:00,8,5,3
2015-03-18 22:00:00,6,6,0
2015-03-18 23:00:00,5,5,0
2015-03-19 00:00:00,2,0,2
2015-03-19 01:00:00,0,0,0
2015-03-19 02:00:00,3,1,2
2015-03-19 03:00:00,0,0,0
2015-03-19 04:00:00,6,3,3
2015-03-19 05:00:00,18,3,15
2015-03-19 06:00:00,66,11,55
2015-03-19 07:00:00,108,16,92
2015-03-19 08:00:00,117,6,111
2015-03-19 09:00:00,54,6,48
2015-03-19 10:00:00,28,12,16
2015-03-19 11:00:00,22,9,13
2015-03-19 12:00:00,19,10,9
2015-03-19 13:00:00,26,12,14
2015-03-19 14:00:00,27,13,14
2015-03-19 15:00:00,39,25,14
2015-03-19 16:00:00,77,61,16
2015-03-19 17:00:00,112,94,18
2015-03-19 18:00:00,78,67,11
2015-03-19 19:00:00,39,35,4
2015-03-19 20:00:00,24,19,5
2015-03-19 21:00:00,6,4,2
2015-03-19 22:00:00,6,5,1
2015-03-19 23:00:00,7,5,2
2015-03-20 00:00:00,4,3,1
2015-03-20 01:00:00,0,0,0
2015-03-20 02:00:00,1,1,0
2015-03-20 03:00:00,0,0,0
2015-03-20 04:00:00,2,1,1
2015-03-20 05:00:00,12,3,9
2015-03-20 06:00:00,34,8,26
2015-03-20 07:00:00,72,9,63
2015-03-20 08:00:00,78,6,72
2015-03-20 09:00:00,34,9,25
2015-03-20 10:00:00,12,4,8
2015-03-20 11:00:00,22,11,11
2015-03-20 12:00:00,19,8,11
2015-03-20 13:00:00,20,11,9
2015-03-20 14:00:00,20,11,9
2015-03-20 15:00:00,31,24,7
2015-03-20 16:00:00,53,42,11
2015-03-20 17:00:00,61,54,7
2015-03-20 18:00:00,56,54,2
2015-03-20 19:00:00,16,13,3
2015-03-20 20:00:00,6,2,4
2015-03-20 21:00:00,7,5,2
2015-03-20 22:00:00,6,5,1
2015-03-20 23:00:00,3,3,0
2015-03-21 00:00:00,2,2,0
2015-03-21 01:00:00,2,1,1
2015-03-21 02:00:00,1,1,0
2015-03-21 03:00:00,1,0,1
2015-03-21 04:00:00,3,3,0
2015-03-21 05:00:00,1,0,1
2015-03-21 06:00:00,3,0,3
2015-03-21 07:00:00,16,10,6
2015-03-21 08:00:00,18,5,13
2015-03-21 09:00:00,11,5,6
2015-03-21 10:00:00,13,6,7
2015-03-21 11:00:00,11,6,5
2015-03-21 12:00:00,18,10,8
2015-03-21 13:00:00,30,16,14
2015-03-21 14:00:00,27,14,13
2015-03-21 15:00:00,25,14,11
2015-03-21 16:00:00,37,18,19
2015-03-21 17:00:00,29,12,17
2015-03-21 18:00:00,27,14,13
2015-03-21 19:00:00,14,8,6
2015-03-21 20:00:00,4,1,3
2015-03-21 21:00:00,1,0,1
2015-03-21 22:00:00,3,3,0
2015-03-21 23:00:00,4,3,1
2015-03-22 00:00:00,2,2,0
2015-03-22 01:00:00,2,1,1
2015-03-22 02:00:00,0,0,0
2015-03-22 03:00:00,5,1,4
2015-03-22 04:00:00,1,1,0
2015-03-22 05:00:00,5,1,4
2015-03-22 06:00:00,3,1,2
2015-03-22 07:00:00,5,0,5
2015-03-22 08:00:00,16,2,14
2015-03-22 09:00:00,26,11,15
2015-03-22 10:00:00,67,43,24
2015-03-22 11:00:00,59,22,37
2015-03-22 12:00:00,45,19,26
2015-03-22 13:00:00,22,9,13
2015-03-22 14:00:00,31,14,17
2015-03-22 15:00:00,14,12,2
2015-03-22 16:00:00,16,7,9
2015-03-22 17:00:00,13,7,6
2015-03-22 18:00:00,3,2,1
2015-03-22 19:00:00,2,1,1
2015-03-22 20:00:00,6,4,2
2015-03-22 21:00:00,4,2,2
2015-03-22 22:00:00,2,1,1
2015-03-22 23:00:00,5,3,2
2015-03-23 00:00:00,1,1,0
2015-03-23 01:00:00,1,0,1
2015-03-23 02:00:00,1,1,0
2015-03-23 03:00:00,2,0,2
2015-03-23 04:00:00,4,1,3
2015-03-23 05:00:00,16,3,13
2015-03-23 06:00:00,51,13,38
2015-03-23 07:00:00,87,9,78
2015-03-23 08:00:00,81,6,75
2015-03-23 09:00:00,34,4,30
2015-03-23 10:00:00,13,3,10
2015-03-23 11:00:00,11,4,7
2015-03-23 12:00:00,7,3,4
2015-03-23 13:00:00,7,2,5
2015-03-23 14:00:00,9,7,2
2015-03-23 15:00:00,23,19,4
2015-03-23 16:00:00,60,48,12
2015-03-23 17:00:00,86,76,10
2015-03-23 18:00:00,60,56,4
2015-03-23 19:00:00,18,16,2
2015-03-23 20:00:00,9,7,2
2015-03-23 21:00:00,7,4,3
2015-03-23 22:00:00,4,3,1
2015-03-23 23:00:00,1,0,1
2015-03-24 00:00:00,1,0,1
2015-03-24 01:00:00,1,0,1
2015-03-24 02:00:00,0,0,0
2015-03-24 03:00:00,1,0,1
2015-03-24 04:00:00,2,1,1
2015-03-24 05:00:00,16,2,14
2015-03-24 06:00:00,62,8,54
2015-03-24 07:00:00,85,12,73
2015-03-24 08:00:00,96,7,89
2015-03-24 09:00:00,23,0,23
2015-03-24 10:00:00,17,5,12
2015-03-24 11:00:00,12,6,6
2015-03-24 12:00:00,23,8,15
2015-03-24 13:00:00,19,9,10
2015-03-24 14:00:00,31,23,8
2015-03-24 15:00:00,31,21,10
2015-03-24 16:00:00,65,54,11
2015-03-24 17:00:00,102,92,10
2015-03-24 18:00:00,75,66,9
2015-03-24 19:00:00,31,22,9
2015-03-24 20:00:00,18,15,3
2015-03-24 21:00:00,17,15,2
2015-03-24 22:00:00,6,6,0
2015-03-24 23:00:00,6,5,1
2015-03-25 00:00:00,1,1,0
2015-03-25 01:00:00,0,0,0
2015-03-25 02:00:00,0,0,0
2015-03-25 03:00:00,0,0,0
2015-03-25 04:00:00,2,1,1
2015-03-25 05:00:00,11,1,10
2015-03-25 06:00:00,42,9,33
2015-03-25 07:00:00,65,8,57
2015-03-25 08:00:00,85,10,75
2015-03-25 09:00:00,28,3,25
2015-03-25 10:00:00,10,4,6
2015-03-25 11:00:00,5,1,4
2015-03-25 12:00:00,10,4,6
2015-03-25 13:00:00,5,2,3
2015-03-25 14:00:00,7,4,3
2015-03-25 15:00:00,30,19,11
2015-03-25 16:00:00,53,42,11
2015-03-25 17:00:00,61,54,7
2015-03-25 18:00:00,64,56,8
2015-03-25 19:00:00,28,23,5
2015-03-25 20:00:00,7,7,0
2015-03-25 21:00:00,8,7,1
2015-03-25 22:00:00,5,4,1
2015-03-25 23:00:00,0,0,0
2015-03-26 00:00:00,2,0,2
2015-03-26 01:00:00,0,0,0
2015-03-26 02:00:00,3,2,1
2015-03-26 03:00:00,1,1,0
2015-03-26 04:00:00,7,2,5
2015-03-26 05:00:00,19,4,15
2015-03-26 06:00:00,67,11,56
2015-03-26 07:00:00,112,19,93
2015-03-26 08:00:00,130,11,119
2015-03-26 09:00:00,42,4,38
2015-03-26 10:00:00,38,13,25
2015-03-26 11:00:00,28,8,20
2015-03-26 12:00:00,23,11,12
2015-03-26 13:00:00,42,18,24
2015-03-26 14:00:00,55,36,19
2015-03-26 15:00:00,73,49,24
2015-03-26 16:00:00,108,83,25
2015-03-26 17:00:00,152,115,37
2015-03-26 18:00:00,113,92,21
2015-03-26 19:00:00,158,133,25
2015-03-26 20:00:00,35,23,12
2015-03-26 21:00:00,10,3,7
2015-03-26 22:00:00,11,5,6
2015-03-26 23:00:00,48,4,44
2015-03-27 00:00:00,24,3,21
2015-03-27 01:00:00,15,1,14
2015-03-27 02:00:00,1,0,1
2015-03-27 03:00:00,1,0,1
2015-03-27 04:00:00,3,1,2
2015-03-27 05:00:00,19,3,16
2015-03-27 06:00:00,54,13,41
2015-03-27 07:00:00,125,20,105
2015-03-27 08:00:00,119,20,99
2015-03-27 09:00:00,42,10,32
2015-03-27 10:00:00,29,9,20
2015-03-27 11:00:00,24,8,16
2015-03-27 12:00:00,35,13,22
2015-03-27 13:00:00,45,33,12
2015-03-27 14:00:00,45,25,20
2015-03-27 15:00:00,81,57,24
2015-03-27 16:00:00,118,89,29
2015-03-27 17:00:00,131,110,21
2015-03-27 18:00:00,90,75,15
2015-03-27 19:00:00,25,17,8
2015-03-27 20:00:00,19,13,6
2015-03-27 21:00:00,8,5,3
2015-03-27 22:00:00,2,1,1
2015-03-27 23:00:00,8,3,5
2015-03-28 00:00:00,5,2,3
2015-03-28 01:00:00,2,0,2
2015-03-28 02:00:00,0,0,0
2015-03-28 03:00:00,2,0,2
2015-03-28 04:00:00,1,0,1
2015-03-28 05:00:00,6,0,6
2015-03-28 06:00:00,13,3,10
2015-03-28 07:00:00,22,10,12
2015-03-28 08:00:00,23,9,14
2015-03-28 09:00:00,33,17,16
2015-03-28 10:00:00,37,16,21
2015-03-28 11:00:00,47,26,21
2015-03-28 12:00:00,49,25,24
2015-03-28 13:00:00,62,26,36
2015-03-28 14:00:00,65,33,32
2015-03-28 15:00:00,46,28,18
2015-03-28 16:00:00,31,20,11
2015-03-28 17:00:00,41,24,17
2015-03-28 18:00:00,32,17,15
2015-03-28 19:00:00,18,9,9
2015-03-28 20:00:00,5,3,2
2015-03-28 21:00:00,8,5,3
2015-03-28 22:00:00,1,0,1
2015-03-28 23:00:00,2,1,1
2015-03-29 00:00:00,1,1,0
2015-03-29 01:00:00,1,1,0
2015-03-29 02:00:00,1,1,0
2015-03-29 03:00:00,1,0,1
2015-03-29 04:00:00,2,2,0
2015-03-29 05:00:00,9,1,8
2015-03-29 06:00:00,2,0,2
2015-03-29 07:00:00,14,2,12
2015-03-29 08:00:00,23,5,18
2015-03-29 09:00:00,41,16,25
2015-03-29 10:00:00,45,28,17
2015-03-29 11:00:00,55,29,26
2015-03-29 12:00:00,57,25,32
2015-03-29 13:00:00,43,25,18
2015-03-29 14:00:00,60,35,25
2015-03-29 15:00:00,38,17,21
2015-03-29 16:00:00,38,18,20
2015-03-29 17:00:00,19,12,7
2015-03-29 18:00:00,18,9,9
2015-03-29 19:00:00,9,6,3
2015-03-29 20:00:00,6,2,4
2015-03-29 21:00:00,3,2,1
2015-03-29 22:00:00,4,1,3
2015-03-29 23:00:00,3,2,1
2015-03-30 00:00:00,1,1,0
2015-03-30 01:00:00,0,0,0
2015-03-30 02:00:00,2,1,1
2015-03-30 03:00:00,3,1,2
2015-03-30 04:00:00,3,1,2
2015-03-30 05:00:00,22,4,18
2015-03-30 06:00:00,65,11,54
2015-03-30 07:00:00,130,17,113
2015-03-30 08:00:00,130,11,119
2015-03-30 09:00:00,50,6,44
2015-03-30 10:00:00,20,6,14
2015-03-30 11:00:00,18,5,13
2015-03-30 12:00:00,26,13,13
2015-03-30 13:00:00,22,8,14
2015-03-30 14:00:00,32,19,13
2015-03-30 15:00:00,63,46,17
2015-03-30 16:00:00,93,70,23
2015-03-30 17:00:00,174,154,20
2015-03-30 18:00:00,116,95,21
2015-03-30 19:00:00,26,19,7
2015-03-30 20:00:00,13,12,1
2015-03-30 21:00:00,8,5,3
2015-03-30 22:00:00,2,2,0
2015-03-30 23:00:00,5,2,3
2015-03-31 00:00:00,4,2,2
2015-03-31 01:00:00,0,0,0
2015-03-31 02:00:00,0,0,0
2015-03-31 03:00:00,0,0,0
2015-03-31 04:00:00,1,1,0
2015-03-31 05:00:00,19,2,17
2015-03-31 06:00:00,55,10,45
2015-03-31 07:00:00,105,18,87
2015-03-31 08:00:00,91,15,76
2015-03-31 09:00:00,31,4,27
2015-03-31 10:00:00,15,1,14
2015-03-31 11:00:00,8,4,4
2015-03-31 12:00:00,17,6,11
2015-03-31 13:00:00,11,8,3
2015-03-31 14:00:00,24,16,8
2015-03-31 15:00:00,31,21,10
2015-03-31 16:00:00,59,52,7
2015-03-31 17:00:00,94,81,13
2015-03-31 18:00:00,53,48,5
2015-03-31 19:00:00,22,19,3
2015-03-31 20:00:00,12,10,2
2015-03-31 21:00:00,9,7,2
2015-03-31 22:00:00,2,2,0
2015-03-31 23:00:00,1,1,0
2015-04-01 00:00:00,2,0,2
2015-04-01 01:00:00,1,1,0
2015-04-01 02:00:00,0,0,0
2015-04-01 03:00:00,3,1,2
2015-04-01 04:00:00,3,1,2
2015-04-01 05:00:00,20,1,19
2015-04-01 06:00:00,46,5,41
2015-04-01 07:00:00,85,7,78
2015-04-01 08:00:00,105,11,94
2015-04-01 09:00:00,45,9,36
2015-04-01 10:00:00,17,6,11
2015-04-01 11:00:00,14,4,10
2015-04-01 12:00:00,18,9,9
2015-04-01 13:00:00,20,10,10
2015-04-01 14:00:00,22,14,8
2015-04-01 15:00:00,28,22,6
2015-04-01 16:00:00,48,36,12
2015-04-01 17:00:00,100,84,16
2015-04-01 18:00:00,69,67,2
2015-04-01 19:00:00,30,27,3
2015-04-01 20:00:00,13,9,4
2015-04-01 21:00:00,9,6,3
2015-04-01 22:00:00,4,3,1
2015-04-01 23:00:00,2,1,1
2015-04-02 00:00:00,1,0,1
2015-04-02 01:00:00,1,0,1
2015-04-02 02:00:00,0,0,0
2015-04-02 03:00:00,0,0,0
2015-04-02 04:00:00,2,0,2
2015-04-02 05:00:00,25,4,21
2015-04-02 06:00:00,53,6,47
2015-04-02 07:00:00,113,12,101
2015-04-02 08:00:00,110,14,96
2015-04-02 09:00:00,50,4,46
2015-04-02 10:00:00,20,5,15
2015-04-02 11:00:00,16,4,12
2015-04-02 12:00:00,16,9,7
2015-04-02 13:00:00,24,10,14
2015-04-02 14:00:00,27,15,12
2015-04-02 15:00:00,42,26,16
2015-04-02 16:00:00,78,62,16
2015-04-02 17:00:00,133,110,23
2015-04-02 18:00:00,112,94,18
2015-04-02 19:00:00,38,30,8
2015-04-02 20:00:00,11,10,1
2015-04-02 21:00:00,15,10,5
2015-04-02 22:00:00,4,3,1
2015-04-02 23:00:00,5,4,1
2015-04-03 00:00:00,6,4,2
2015-04-03 01:00:00,0,0,0
2015-04-03 02:00:00,1,1,0
2015-04-03 03:00:00,1,1,0
2015-04-03 04:00:00,1,0,1
2015-04-03 05:00:00,11,1,10
2015-04-03 06:00:00,44,9,35
2015-04-03 07:00:00,86,13,73
2015-04-03 08:00:00,85,10,75
2015-04-03 09:00:00,38,4,34
2015-04-03 10:00:00,17,4,13
2015-04-03 11:00:00,29,18,11
2015-04-03 12:00:00,18,6,12
2015-04-03 13:00:00,12,4,8
2015-04-03 14:00:00,11,8,3
2015-04-03 15:00:00,39,28,11
2015-04-03 16:00:00,63,54,9
2015-04-03 17:00:00,84,73,11
2015-04-03 18:00:00,44,38,6
2015-04-03 19:00:00,29,26,3
2015-04-03 20:00:00,5,5,0
2015-04-03 21:00:00,7,2,5
2015-04-03 22:00:00,7,7,0
2015-04-03 23:00:00,6,2,4
2015-04-04 00:00:00,6,4,2
2015-04-04 01:00:00,1,1,0
2015-04-04 02:00:00,2,2,0
2015-04-04 03:00:00,2,1,1
2015-04-04 04:00:00,1,1,0
2015-04-04 05:00:00,5,0,5
2015-04-04 06:00:00,6,2,4
2015-04-04 07:00:00,18,6,12
2015-04-04 08:00:00,38,8,30
2015-04-04 09:00:00,39,21,18
2015-04-04 10:00:00,51,25,26
2015-04-04 11:00:00,44,25,19
2015-04-04 12:00:00,67,36,31
2015-04-04 13:00:00,76,41,35
2015-04-04 14:00:00,70,38,32
2015-04-04 15:00:00,75,37,38
2015-04-04 16:00:00,103,44,59
2015-04-04 17:00:00,57,22,35
2015-04-04 18:00:00,46,20,26
2015-04-04 19:00:00,13,7,6
2015-04-04 20:00:00,3,2,1
2015-04-04 21:00:00,5,4,1
2015-04-04 22:00:00,11,7,4
2015-04-04 23:00:00,3,2,1
2015-04-05 00:00:00,2,2,0
2015-04-05 01:00:00,1,1,0
2015-04-05 02:00:00,1,0,1
2015-04-05 03:00:00,2,1,1
2015-04-05 04:00:00,4,3,1
2015-04-05 05:00:00,7,2,5
2015-04-05 06:00:00,6,1,5
2015-04-05 07:00:00,8,3,5
2015-04-05 08:00:00,19,10,9
2015-04-05 09:00:00,35,22,13
2015-04-05 10:00:00,35,17,18
2015-04-05 11:00:00,57,29,28
2015-04-05 12:00:00,53,30,23
2015-04-05 13:00:00,58,36,22
2015-04-05 14:00:00,56,22,34
2015-04-05 15:00:00,67,27,40
2015-04-05 16:00:00,53,25,28
2015-04-05 17:00:00,39,19,20
2015-04-05 18:00:00,22,8,14
2015-04-05 19:00:00,18,7,11
2015-04-05 20:00:00,5,2,3
2015-04-05 21:00:00,3,1,2
2015-04-05 22:00:00,1,1,0
2015-04-05 23:00:00,3,1,2
2015-04-06 00:00:00,3,2,1
2015-04-06 01:00:00,0,0,0
2015-04-06 02:00:00,0,0,0
2015-04-06 03:00:00,3,2,1
2015-04-06 04:00:00,4,0,4
2015-04-06 05:00:00,17,1,16
2015-04-06 06:00:00,62,9,53
2015-04-06 07:00:00,104,10,94
2015-04-06 08:00:00,109,8,101
2015-04-06 09:00:00,41,4,37
2015-04-06 10:00:00,21,4,17
2015-04-06 11:00:00,8,3,5
2015-04-06 12:00:00,14,5,9
2015-04-06 13:00:00,19,10,9
2015-04-06 14:00:00,24,13,11
2015-04-06 15:00:00,41,32,9
2015-04-06 16:00:00,85,67,18
2015-04-06 17:00:00,141,125,16
2015-04-06 18:00:00,96,80,16
2015-04-06 19:00:00,29,20,9
2015-04-06 20:00:00,15,10,5
2015-04-06 21:00:00,8,6,2
2015-04-06 22:00:00,6,3,3
2015-04-06 23:00:00,4,1,3
2015-04-07 00:00:00,2,2,0
2015-04-07 01:00:00,0,0,0
2015-04-07 02:00:00,0,0,0
2015-04-07 03:00:00,1,1,0
2015-04-07 04:00:00,0,0,0
2015-04-07 05:00:00,29,3,26
2015-04-07 06:00:00,75,12,63
2015-04-07 07:00:00,133,15,118
2015-04-07 08:00:00,124,7,117
2015-04-07 09:00:00,43,7,36
2015-04-07 10:00:00,23,8,15
2015-04-07 11:00:00,11,6,5
2015-04-07 12:00:00,8,5,3
2015-04-07 13:00:00,11,6,5
2015-04-07 14:00:00,21,14,7
2015-04-07 15:00:00,37,30,7
2015-04-07 16:00:00,93,73,20
2015-04-07 17:00:00,160,132,28
2015-04-07 18:00:00,91,80,11
2015-04-07 19:00:00,29,22,7
2015-04-07 20:00:00,19,17,2
2015-04-07 21:00:00,13,10,3
2015-04-07 22:00:00,7,3,4
2015-04-07 23:00:00,2,1,1
2015-04-08 00:00:00,7,1,6
2015-04-08 01:00:00,0,0,0
2015-04-08 02:00:00,0,0,0
2015-04-08 03:00:00,2,2,0
2015-04-08 04:00:00,1,0,1
2015-04-08 05:00:00,23,2,21
2015-04-08 06:00:00,83,13,70
2015-04-08 07:00:00,118,10,108
2015-04-08 08:00:00,107,7,100
2015-04-08 09:00:00,55,15,40
2015-04-08 10:00:00,22,2,20
2015-04-08 11:00:00,23,4,19
2015-04-08 12:00:00,18,9,9
2015-04-08 13:00:00,35,19,16
2015-04-08 14:00:00,41,26,15
2015-04-08 15:00:00,51,34,17
2015-04-08 16:00:00,116,88,28
2015-04-08 17:00:00,155,128,27
2015-04-08 18:00:00,93,81,12
2015-04-08 19:00:00,62,39,23
2015-04-08 20:00:00,22,16,6
2015-04-08 21:00:00,17,13,4
2015-04-08 22:00:00,7,3,4
2015-04-08 23:00:00,4,3,1
2015-04-09 00:00:00,3,1,2
2015-04-09 01:00:00,1,0,1
2015-04-09 02:00:00,0,0,0
2015-04-09 03:00:00,0,0,0
2015-04-09 04:00:00,4,0,4
2015-04-09 05:00:00,22,5,17
2015-04-09 06:00:00,72,11,61
2015-04-09 07:00:00,129,17,112
2015-04-09 08:00:00,119,8,111
2015-04-09 09:00:00,47,9,38
2015-04-09 10:00:00,25,9,16
2015-04-09 11:00:00,18,10,8
2015-04-09 12:00:00,33,16,17
2015-04-09 13:00:00,38,18,20
2015-04-09 14:00:00,37,26,11
2015-04-09 15:00:00,62,43,19
2015-04-09 16:00:00,90,78,12
2015-04-09 17:00:00,191,148,43
2015-04-09 18:00:00,129,100,29
2015-04-09 19:00:00,68,40,28
2015-04-09 20:00:00,22,16,6
2015-04-09 21:00:00,18,13,5
2015-04-09 22:00:00,16,6,10
2015-04-09 23:00:00,6,4,2
2015-04-10 00:00:00,3,2,1
2015-04-10 01:00:00,0,0,0
2015-04-10 02:00:00,0,0,0
2015-04-10 03:00:00,0,0,0
2015-04-10 04:00:00,1,0,1
2015-04-10 05:00:00,8,1,7
2015-04-10 06:00:00,46,9,37
2015-04-10 07:00:00,103,13,90
2015-04-10 08:00:00,92,11,81
2015-04-10 09:00:00,28,4,24
2015-04-10 10:00:00,21,9,12
2015-04-10 11:00:00,9,2,7
2015-04-10 12:00:00,27,15,12
2015-04-10 13:00:00,21,11,10
2015-04-10 14:00:00,24,11,13
2015-04-10 15:00:00,36,28,8
2015-04-10 16:00:00,61,48,13
2015-04-10 17:00:00,73,63,10
2015-04-10 18:00:00,37,35,2
2015-04-10 19:00:00,8,7,1
2015-04-10 20:00:00,3,3,0
2015-04-10 21:00:00,5,3,2
2015-04-10 22:00:00,3,2,1
2015-04-10 23:00:00,1,1,0
2015-04-11 00:00:00,1,0,1
2015-04-11 01:00:00,0,0,0
2015-04-11 02:00:00,0,0,0
2015-04-11 03:00:00,2,1,1
2015-04-11 04:00:00,2,0,2
2015-04-11 05:00:00,3,2,1
2015-04-11 06:00:00,5,1,4
2015-04-11 07:00:00,16,4,12
2015-04-11 08:00:00,19,8,11
2015-04-11 09:00:00,20,9,11
2015-04-11 10:00:00,24,13,11
2015-04-11 11:00:00,18,8,10
2015-04-11 12:00:00,31,12,19
2015-04-11 13:00:00,26,11,15
2015-04-11 14:00:00,36,21,15
2015-04-11 15:00:00,33,16,17
2015-04-11 16:00:00,33,24,9
2015-04-11 17:00:00,13,5,8
2015-04-11 18:00:00,15,12,3
2015-04-11 19:00:00,13,8,5
2015-04-11 20:00:00,6,4,2
2015-04-11 21:00:00,3,2,1
2015-04-11 22:00:00,5,0,5
2015-04-11 23:00:00,3,2,1
2015-04-12 00:00:00,6,3,3
2015-04-12 01:00:00,2,1,1
2015-04-12 02:00:00,0,0,0
2015-04-12 03:00:00,3,1,2
2015-04-12 04:00:00,2,0,2
2015-04-12 05:00:00,4,0,4
2015-04-12 06:00:00,3,0,3
2015-04-12 07:00:00,8,2,6
2015-04-12 08:00:00,31,4,27
2015-04-12 09:00:00,44,22,22
2015-04-12 10:00:00,41,23,18
2015-04-12 11:00:00,67,32,35
2015-04-12 12:00:00,63,29,34
2015-04-12 13:00:00,72,41,31
2015-04-12 14:00:00,72,33,39
2015-04-12 15:00:00,55,37,18
2015-04-12 16:00:00,32,12,20
2015-04-12 17:00:00,39,24,15
2015-04-12 18:00:00,21,13,8
2015-04-12 19:00:00,14,7,7
2015-04-12 20:00:00,6,5,1
2015-04-12 21:00:00,4,3,1
2015-04-12 22:00:00,4,2,2
2015-04-12 23:00:00,2,0,2
2015-04-13 00:00:00,6,3,3
2015-04-13 01:00:00,3,1,2
2015-04-13 02:00:00,0,0,0
2015-04-13 03:00:00,1,1,0
2015-04-13 04:00:00,8,1,7
2015-04-13 05:00:00,14,1,13
2015-04-13 06:00:00,60,9,51
2015-04-13 07:00:00,89,10,79
2015-04-13 08:00:00,86,8,78
2015-04-13 09:00:00,30,2,28
2015-04-13 10:00:00,14,6,8
2015-04-13 11:00:00,18,3,15
2015-04-13 12:00:00,8,3,5
2015-04-13 13:00:00,10,4,6
2015-04-13 14:00:00,21,11,10
2015-04-13 15:00:00,32,26,6
2015-04-13 16:00:00,55,48,7
2015-04-13 17:00:00,77,66,11
2015-04-13 18:00:00,62,55,7
2015-04-13 19:00:00,14,12,2
2015-04-13 20:00:00,7,6,1
2015-04-13 21:00:00,5,4,1
2015-04-13 22:00:00,0,0,0
2015-04-13 23:00:00,1,1,0
2015-04-14 00:00:00,0,0,0
2015-04-14 01:00:00,0,0,0
2015-04-14 02:00:00,2,0,2
2015-04-14 03:00:00,5,4,1
2015-04-14 04:00:00,4,2,2
2015-04-14 05:00:00,11,1,10
2015-04-14 06:00:00,53,3,50
2015-04-14 07:00:00,86,9,77
2015-04-14 08:00:00,87,12,75
2015-04-14 09:00:00,28,5,23
2015-04-14 10:00:00,13,6,7
2015-04-14 11:00:00,16,5,11
2015-04-14 12:00:00,11,6,5
2015-04-14 13:00:00,15,10,5
2015-04-14 14:00:00,19,11,8
2015-04-14 15:00:00,18,12,6
2015-04-14 16:00:00,59,52,7
2015-04-14 17:00:00,98,91,7
2015-04-14 18:00:00,55,50,5
2015-04-14 19:00:00,26,20,6
2015-04-14 20:00:00,8,7,1
2015-04-14 21:00:00,10,7,3
2015-04-14 22:00:00,1,1,0
2015-04-14 23:00:00,2,1,1
2015-04-15 00:00:00,2,2,0
2015-04-15 01:00:00,1,1,0
2015-04-15 02:00:00,1,0,1
2015-04-15 03:00:00,2,1,1
2015-04-15 04:00:00,4,1,3
2015-04-15 05:00:00,21,3,18
2015-04-15 06:00:00,65,6,59
2015-04-15 07:00:00,110,14,96
2015-04-15 08:00:00,107,5,102
2015-04-15 09:00:00,43,8,35
2015-04-15 10:00:00,23,6,17
2015-04-15 11:00:00,14,4,10
2015-04-15 12:00:00,23,11,12
2015-04-15 13:00:00,20,10,10
2015-04-15 14:00:00,34,22,12
2015-04-15 15:00:00,43,32,11
2015-04-15 16:00:00,103,81,22
2015-04-15 17:00:00,136,117,19
2015-04-15 18:00:00,108,82,26
2015-04-15 19:00:00,55,39,16
2015-04-15 20:00:00,22,15,7
2015-04-15 21:00:00,10,6,4
2015-04-15 22:00:00,9,7,2
2015-04-15 23:00:00,3,2,1
2015-04-16 00:00:00,4,3,1
2015-04-16 01:00:00,0,0,0
2015-04-16 02:00:00,2,0,2
2015-04-16 03:00:00,0,0,0
2015-04-16 04:00:00,5,0,5
2015-04-16 05:00:00,21,2,19
2015-04-16 06:00:00,71,9,62
2015-04-16 07:00:00,116,15,101
2015-04-16 08:00:00,113,12,101
2015-04-16 09:00:00,49,6,43
2015-04-16 10:00:00,23,3,20
2015-04-16 11:00:00,29,10,19
2015-04-16 12:00:00,31,13,18
2015-04-16 13:00:00,29,10,19
2015-04-16 14:00:00,40,23,17
2015-04-16 15:00:00,59,44,15
2015-04-16 16:00:00,110,85,25
2015-04-16 17:00:00,151,129,22
2015-04-16 18:00:00,116,94,22
2015-04-16 19:00:00,49,35,14
2015-04-16 20:00:00,30,16,14
2015-04-16 21:00:00,18,11,7
2015-04-16 22:00:00,6,4,2
2015-04-16 23:00:00,5,4,1
2015-04-17 00:00:00,4,3,1
2015-04-17 01:00:00,2,1,1
2015-04-17 02:00:00,1,1,0
2015-04-17 03:00:00,0,0,0
2015-04-17 04:00:00,0,0,0
2015-04-17 05:00:00,16,1,15
2015-04-17 06:00:00,56,6,50
2015-04-17 07:00:00,112,18,94
2015-04-17 08:00:00,97,10,87
2015-04-17 09:00:00,36,3,33
2015-04-17 10:00:00,35,14,21
2015-04-17 11:00:00,10,4,6
2015-04-17 12:00:00,33,16,17
2015-04-17 13:00:00,23,11,12
2015-04-17 14:00:00,37,19,18
2015-04-17 15:00:00,65,44,21
2015-04-17 16:00:00,110,89,21
2015-04-17 17:00:00,125,110,15
2015-04-17 18:00:00,77,65,12
2015-04-17 19:00:00,32,24,8
2015-04-17 20:00:00,20,16,4
2015-04-17 21:00:00,10,6,4
2015-04-17 22:00:00,7,3,4
2015-04-17 23:00:00,2,2,0
2015-04-18 00:00:00,3,2,1
2015-04-18 01:00:00,3,2,1
2015-04-18 02:00:00,0,0,0
2015-04-18 03:00:00,3,1,2
2015-04-18 04:00:00,1,0,1
2015-04-18 05:00:00,5,0,5
2015-04-18 06:00:00,14,6,8
2015-04-18 07:00:00,41,23,18
2015-04-18 08:00:00,66,36,30
2015-04-18 09:00:00,56,25,31
2015-04-18 10:00:00,73,43,30
2015-04-18 11:00:00,90,34,56
2015-04-18 12:00:00,70,36,34
2015-04-18 13:00:00,100,48,52
2015-04-18 14:00:00,99,44,55
2015-04-18 15:00:00,74,35,39
2015-04-18 16:00:00,50,26,24
2015-04-18 17:00:00,67,39,28
2015-04-18 18:00:00,49,24,25
2015-04-18 19:00:00,19,8,11
2015-04-18 20:00:00,23,10,13
2015-04-18 21:00:00,11,7,4
2015-04-18 22:00:00,5,3,2
2015-04-18 23:00:00,3,2,1
2015-04-19 00:00:00,6,4,2
2015-04-19 01:00:00,4,3,1
2015-04-19 02:00:00,1,1,0
2015-04-19 03:00:00,1,0,1
2015-04-19 04:00:00,5,1,4
2015-04-19 05:00:00,3,0,3
2015-04-19 06:00:00,8,4,4
2015-04-19 07:00:00,16,4,12
2015-04-19 08:00:00,40,18,22
2015-04-19 09:00:00,77,25,52
2015-04-19 10:00:00,65,34,31
2015-04-19 11:00:00,78,43,35
2015-04-19 12:00:00,111,67,44
2015-04-19 13:00:00,79,45,34
2015-04-19 14:00:00,93,51,42
2015-04-19 15:00:00,68,36,32
2015-04-19 16:00:00,75,39,36
2015-04-19 17:00:00,72,31,41
2015-04-19 18:00:00,28,13,15
2015-04-19 19:00:00,20,13,7
2015-04-19 20:00:00,14,8,6
2015-04-19 21:00:00,11,4,7
2015-04-19 22:00:00,6,5,1
2015-04-19 23:00:00,2,1,1
2015-04-20 00:00:00,1,0,1
2015-04-20 01:00:00,5,4,1
2015-04-20 02:00:00,1,1,0
2015-04-20 03:00:00,0,0,0
2015-04-20 04:00:00,5,2,3
2015-04-20 05:00:00,21,2,19
2015-04-20 06:00:00,83,13,70
2015-04-20 07:00:00,146,20,126
2015-04-20 08:00:00,135,14,121
2015-04-20 09:00:00,57,8,49
2015-04-20 10:00:00,28,6,22
2015-04-20 11:00:00,29,10,19
2015-04-20 12:00:00,32,13,19
2015-04-20 13:00:00,23,14,9
2015-04-20 14:00:00,46,26,20
2015-04-20 15:00:00,61,41,20
2015-04-20 16:00:00,135,101,34
2015-04-20 17:00:00,181,152,29
2015-04-20 18:00:00,130,112,18
2015-04-20 19:00:00,40,34,6
2015-04-20 20:00:00,28,20,8
2015-04-20 21:00:00,19,14,5
2015-04-20 22:00:00,3,3,0
2015-04-20 23:00:00,7,5,2
2015-04-21 00:00:00,2,1,1
2015-04-21 01:00:00,3,2,1
2015-04-21 02:00:00,3,2,1
2015-04-21 03:00:00,3,2,1
2015-04-21 04:00:00,5,2,3
2015-04-21 05:00:00,26,4,22
2015-04-21 06:00:00,92,13,79
2015-04-21 07:00:00,150,15,135
2015-04-21 08:00:00,108,9,99
2015-04-21 09:00:00,43,11,32
2015-04-21 10:00:00,24,10,14
2015-04-21 11:00:00,23,10,13
2015-04-21 12:00:00,29,11,18
2015-04-21 13:00:00,31,14,17
2015-04-21 14:00:00,25,16,9
2015-04-21 15:00:00,44,37,7
2015-04-21 16:00:00,125,104,21
2015-04-21 17:00:00,113,104,9
2015-04-21 18:00:00,79,67,12
2015-04-21 19:00:00,29,23,6
2015-04-21 20:00:00,9,5,4
2015-04-21 21:00:00,12,11,1
2015-04-21 22:00:00,6,4,2
2015-04-21 23:00:00,5,5,0
2015-04-22 00:00:00,0,0,0
2015-04-22 01:00:00,1,1,0
2015-04-22 02:00:00,2,1,1
2015-04-22 03:00:00,2,1,1
2015-04-22 04:00:00,2,1,1
2015-04-22 05:00:00,19,3,16
2015-04-22 06:00:00,81,9,72
2015-04-22 07:00:00,131,13,118
2015-04-22 08:00:00,110,14,96
2015-04-22 09:00:00,47,13,34
2015-04-22 10:00:00,12,2,10
2015-04-22 11:00:00,17,5,12
2015-04-22 12:00:00,27,12,15
2015-04-22 13:00:00,31,8,23
2015-04-22 14:00:00,32,21,11
2015-04-22 15:00:00,43,33,10
2015-04-22 16:00:00,91,71,20
2015-04-22 17:00:00,141,118,23
2015-04-22 18:00:00,110,96,14
2015-04-22 19:00:00,45,26,19
2015-04-22 20:00:00,25,21,4
2015-04-22 21:00:00,16,13,3
2015-04-22 22:00:00,8,4,4
2015-04-22 23:00:00,3,1,2
2015-04-23 00:00:00,2,2,0
2015-04-23 01:00:00,1,1,0
2015-04-23 02:00:00,0,0,0
2015-04-23 03:00:00,1,1,0
2015-04-23 04:00:00,3,0,3
2015-04-23 05:00:00,16,1,15
2015-04-23 06:00:00,59,8,51
2015-04-23 07:00:00,99,9,90
2015-04-23 08:00:00,105,12,93
2015-04-23 09:00:00,35,4,31
2015-04-23 10:00:00,13,2,11
2015-04-23 11:00:00,12,3,9
2015-04-23 12:00:00,13,2,11
2015-04-23 13:00:00,9,4,5
2015-04-23 14:00:00,21,15,6
2015-04-23 15:00:00,36,25,11
2015-04-23 16:00:00,52,46,6
2015-04-23 17:00:00,88,83,5
2015-04-23 18:00:00,87,76,11
2015-04-23 19:00:00,36,31,5
2015-04-23 20:00:00,5,4,1
2015-04-23 21:00:00,13,9,4
2015-04-23 22:00:00,6,6,0
2015-04-23 23:00:00,3,2,1
2015-04-24 00:00:00,3,3,0
2015-04-24 01:00:00,2,1,1
2015-04-24 02:00:00,1,1,0
2015-04-24 03:00:00,0,0,0
2015-04-24 04:00:00,2,0,2
2015-04-24 05:00:00,11,2,9
2015-04-24 06:00:00,46,4,42
2015-04-24 07:00:00,75,12,63
2015-04-24 08:00:00,72,5,67
2015-04-24 09:00:00,26,1,25
2015-04-24 10:00:00,11,1,10
2015-04-24 11:00:00,5,1,4
2015-04-24 12:00:00,12,5,7
2015-04-24 13:00:00,12,5,7
2015-04-24 14:00:00,14,10,4
2015-04-24 15:00:00,28,21,7
2015-04-24 16:00:00,65,55,10
2015-04-24 17:00:00,77,66,11
2015-04-24 18:00:00,38,31,7
2015-04-24 19:00:00,28,20,8
2015-04-24 20:00:00,10,8,2
2015-04-24 21:00:00,4,4,0
2015-04-24 22:00:00,5,5,0
2015-04-24 23:00:00,3,0,3
2015-04-25 00:00:00,5,3,2
2015-04-25 01:00:00,2,1,1
2015-04-25 02:00:00,2,2,0
2015-04-25 03:00:00,2,0,2
2015-04-25 04:00:00,0,0,0
2015-04-25 05:00:00,3,0,3
2015-04-25 06:00:00,5,1,4
2015-04-25 07:00:00,12,3,9
2015-04-25 08:00:00,26,11,15
2015-04-25 09:00:00,26,11,15
2015-04-25 10:00:00,46,20,26
2015-04-25 11:00:00,37,18,19
2015-04-25 12:00:00,49,26,23
2015-04-25 13:00:00,67,27,40
2015-04-25 14:00:00,56,26,30
2015-04-25 15:00:00,38,28,10
2015-04-25 16:00:00,31,17,14
2015-04-25 17:00:00,47,25,22
2015-04-25 18:00:00,20,16,4
2015-04-25 19:00:00,25,14,11
2015-04-25 20:00:00,20,12,8
2015-04-25 21:00:00,10,6,4
2015-04-25 22:00:00,9,7,2
2015-04-25 23:00:00,4,2,2
2015-04-26 00:00:00,4,2,2
2015-04-26 01:00:00,1,0,1
2015-04-26 02:00:00,1,1,0
2015-04-26 03:00:00,1,0,1
2015-04-26 04:00:00,2,1,1
2015-04-26 05:00:00,4,1,3
2015-04-26 06:00:00,6,3,3
2015-04-26 07:00:00,13,3,10
2015-04-26 08:00:00,37,9,28
2015-04-26 09:00:00,30,18,12
2015-04-26 10:00:00,44,26,18
2015-04-26 11:00:00,53,26,27
2015-04-26 12:00:00,51,24,27
2015-04-26 13:00:00,51,26,25
2015-04-26 14:00:00,40,20,20
2015-04-26 15:00:00,68,35,33
2015-04-26 16:00:00,70,41,29
2015-04-26 17:00:00,66,29,37
2015-04-26 18:00:00,18,11,7
2015-04-26 19:00:00,16,9,7
2015-04-26 20:00:00,8,5,3
2015-04-26 21:00:00,3,3,0
2015-04-26 22:00:00,5,3,2
2015-04-26 23:00:00,5,5,0
2015-04-27 00:00:00,2,1,1
2015-04-27 01:00:00,1,0,1
2015-04-27 02:00:00,0,0,0
2015-04-27 03:00:00,3,1,2
2015-04-27 04:00:00,4,2,2
2015-04-27 05:00:00,22,4,18
2015-04-27 06:00:00,69,12,57
2015-04-27 07:00:00,158,25,133
2015-04-27 08:00:00,134,9,125
2015-04-27 09:00:00,51,5,46
2015-04-27 10:00:00,18,4,14
2015-04-27 11:00:00,20,7,13
2015-04-27 12:00:00,32,13,19
2015-04-27 13:00:00,26,11,15
2015-04-27 14:00:00,45,27,18
2015-04-27 15:00:00,72,51,21
2015-04-27 16:00:00,165,133,32
2015-04-27 17:00:00,206,171,35
2015-04-27 18:00:00,145,118,27
2015-04-27 19:00:00,48,30,18
2015-04-27 20:00:00,29,16,13
2015-04-27 21:00:00,9,3,6
2015-04-27 22:00:00,5,5,0
2015-04-27 23:00:00,7,4,3
2015-04-28 00:00:00,1,1,0
2015-04-28 01:00:00,1,1,0
2015-04-28 02:00:00,1,0,1
2015-04-28 03:00:00,4,3,1
2015-04-28 04:00:00,2,0,2
2015-04-28 05:00:00,15,2,13
2015-04-28 06:00:00,85,12,73
2015-04-28 07:00:00,124,14,110
2015-04-28 08:00:00,121,11,110
2015-04-28 09:00:00,30,4,26
2015-04-28 10:00:00,21,4,17
2015-04-28 11:00:00,24,13,11
2015-04-28 12:00:00,25,9,16
2015-04-28 13:00:00,7,4,3
2015-04-28 14:00:00,21,10,11
2015-04-28 15:00:00,42,32,10
2015-04-28 16:00:00,66,57,9
2015-04-28 17:00:00,107,94,13
2015-04-28 18:00:00,87,79,8
2015-04-28 19:00:00,34,26,8
2015-04-28 20:00:00,18,17,1
2015-04-28 21:00:00,13,10,3
2015-04-28 22:00:00,5,4,1
2015-04-28 23:00:00,3,3,0
2015-04-29 00:00:00,0,0,0
2015-04-29 01:00:00,1,1,0
2015-04-29 02:00:00,1,0,1
2015-04-29 03:00:00,0,0,0
2015-04-29 04:00:00,2,1,1
2015-04-29 05:00:00,11,2,9
2015-04-29 06:00:00,62,5,57
2015-04-29 07:00:00,137,15,122
2015-04-29 08:00:00,119,15,104
2015-04-29 09:00:00,68,13,55
2015-04-29 10:00:00,14,7,7
2015-04-29 11:00:00,17,6,11
2015-04-29 12:00:00,20,11,9
2015-04-29 13:00:00,26,10,16
2015-04-29 14:00:00,31,20,11
2015-04-29 15:00:00,36,29,7
2015-04-29 16:00:00,101,84,17
2015-04-29 17:00:00,165,135,30
2015-04-29 18:00:00,108,89,19
2015-04-29 19:00:00,64,46,18
2015-04-29 20:00:00,28,19,9
2015-04-29 21:00:00,11,6,5
2015-04-29 22:00:00,6,6,0
2015-04-29 23:00:00,3,2,1
2015-04-30 00:00:00,1,0,1
2015-04-30 01:00:00,0,0,0
2015-04-30 02:00:00,1,1,0
2015-04-30 03:00:00,0,0,0
2015-04-30 04:00:00,3,0,3
2015-04-30 05:00:00,25,4,21
2015-04-30 06:00:00,82,13,69
2015-04-30 07:00:00,150,16,134
2015-04-30 08:00:00,121,8,113
2015-04-30 09:00:00,52,8,44
2015-04-30 10:00:00,20,6,14
2015-04-30 11:00:00,26,7,19
2015-04-30 12:00:00,27,14,13
2015-04-30 13:00:00,24,14,10
2015-04-30 14:00:00,42,22,20
2015-04-30 15:00:00,52,40,12
2015-04-30 16:00:00,104,85,19
2015-04-30 17:00:00,156,131,25
2015-04-30 18:00:00,117,98,19
2015-04-30 19:00:00,59,48,11
2015-04-30 20:00:00,28,20,8
2015-04-30 21:00:00,17,9,8
2015-04-30 22:00:00,12,11,1
2015-04-30 23:00:00,5,3,2
2015-05-01 00:00:00,1,1,0
2015-05-01 01:00:00,2,2,0
2015-05-01 02:00:00,2,1,1
2015-05-01 03:00:00,0,0,0
2015-05-01 04:00:00,4,2,2
2015-05-01 05:00:00,26,3,23
2015-05-01 06:00:00,104,18,86
2015-05-01 07:00:00,187,25,162
2015-05-01 08:00:00,159,15,144
2015-05-01 09:00:00,55,5,50
2015-05-01 10:00:00,29,6,23
2015-05-01 11:00:00,34,18,16
2015-05-01 12:00:00,31,20,11
2015-05-01 13:00:00,51,25,26
2015-05-01 14:00:00,50,37,13
2015-05-01 15:00:00,80,60,20
2015-05-01 16:00:00,149,122,27
2015-05-01 17:00:00,174,155,19
2015-05-01 18:00:00,85,73,12
2015-05-01 19:00:00,50,35,15
2015-05-01 20:00:00,15,9,6
2015-05-01 21:00:00,12,12,0
2015-05-01 22:00:00,3,3,0
2015-05-01 23:00:00,1,1,0
2015-05-02 00:00:00,2,2,0
2015-05-02 01:00:00,5,2,3
2015-05-02 02:00:00,0,0,0
2015-05-02 03:00:00,2,1,1
2015-05-02 04:00:00,1,0,1
2015-05-02 05:00:00,9,4,5
2015-05-02 06:00:00,11,4,7
2015-05-02 07:00:00,33,11,22
2015-05-02 08:00:00,47,18,29
2015-05-02 09:00:00,47,23,24
2015-05-02 10:00:00,73,29,44
2015-05-02 11:00:00,96,69,27
2015-05-02 12:00:00,81,38,43
2015-05-02 13:00:00,64,32,32
2015-05-02 14:00:00,76,44,32
2015-05-02 15:00:00,85,43,42
2015-05-02 16:00:00,98,51,47
2015-05-02 17:00:00,58,40,18
2015-05-02 18:00:00,43,19,24
2015-05-02 19:00:00,28,14,14
2015-05-02 20:00:00,5,4,1
2015-05-02 21:00:00,13,4,9
2015-05-02 22:00:00,7,4,3
2015-05-02 23:00:00,10,4,6
2015-05-03 00:00:00,3,3,0
2015-05-03 01:00:00,0,0,0
2015-05-03 02:00:00,2,1,1
2015-05-03 03:00:00,2,1,1
2015-05-03 04:00:00,0,0,0
2015-05-03 05:00:00,8,3,5
2015-05-03 06:00:00,15,6,9
2015-05-03 07:00:00,18,7,11
2015-05-03 08:00:00,61,18,43
2015-05-03 09:00:00,62,25,37
2015-05-03 10:00:00,72,47,25
2015-05-03 11:00:00,87,57,30
2015-05-03 12:00:00,81,48,33
2015-05-03 13:00:00,116,57,59
2015-05-03 14:00:00,71,40,31
2015-05-03 15:00:00,71,46,25
2015-05-03 16:00:00,84,41,43
2015-05-03 17:00:00,57,26,31
2015-05-03 18:00:00,35,14,21
2015-05-03 19:00:00,25,13,12
2015-05-03 20:00:00,11,4,7
2015-05-03 21:00:00,8,3,5
2015-05-03 22:00:00,0,0,0
2015-05-03 23:00:00,3,2,1
2015-05-04 00:00:00,1,0,1
2015-05-04 01:00:00,0,0,0
2015-05-04 02:00:00,1,0,1
2015-05-04 03:00:00,2,1,1
2015-05-04 04:00:00,5,0,5
2015-05-04 05:00:00,22,1,21
2015-05-04 06:00:00,110,14,96
2015-05-04 07:00:00,215,24,191
2015-05-04 08:00:00,153,12,141
2015-05-04 09:00:00,65,8,57
2015-05-04 10:00:00,34,10,24
2015-05-04 11:00:00,24,12,12
2015-05-04 12:00:00,30,14,16
2015-05-04 13:00:00,23,14,9
2015-05-04 14:00:00,27,14,13
2015-05-04 15:00:00,64,46,18
2015-05-04 16:00:00,123,94,29
2015-05-04 17:00:00,235,206,29
2015-05-04 18:00:00,162,147,15
2015-05-04 19:00:00,49,40,9
2015-05-04 20:00:00,21,17,4
2015-05-04 21:00:00,8,7,1
2015-05-04 22:00:00,5,2,3
2015-05-04 23:00:00,4,2,2
2015-05-05 00:00:00,4,3,1
2015-05-05 01:00:00,2,2,0
2015-05-05 02:00:00,2,0,2
2015-05-05 03:00:00,1,1,0
2015-05-05 04:00:00,2,0,2
2015-05-05 05:00:00,21,1,20
2015-05-05 06:00:00,63,9,54
2015-05-05 07:00:00,114,11,103
2015-05-05 08:00:00,98,4,94
2015-05-05 09:00:00,43,5,38
2015-05-05 10:00:00,23,4,19
2015-05-05 11:00:00,14,9,5
2015-05-05 12:00:00,19,10,9
2015-05-05 13:00:00,22,8,14
2015-05-05 14:00:00,15,8,7
2015-05-05 15:00:00,21,13,8
2015-05-05 16:00:00,74,58,16
2015-05-05 17:00:00,117,105,12
2015-05-05 18:00:00,52,48,4
2015-05-05 19:00:00,40,35,5
2015-05-05 20:00:00,13,12,1
2015-05-05 21:00:00,8,7,1
2015-05-05 22:00:00,3,3,0
2015-05-05 23:00:00,4,2,2
2015-05-06 00:00:00,1,1,0
2015-05-06 01:00:00,0,0,0
2015-05-06 02:00:00,1,0,1
2015-05-06 03:00:00,2,1,1
2015-05-06 04:00:00,5,1,4
2015-05-06 05:00:00,24,2,22
2015-05-06 06:00:00,111,17,94
2015-05-06 07:00:00,187,24,163
2015-05-06 08:00:00,151,6,145
2015-05-06 09:00:00,58,11,47
2015-05-06 10:00:00,25,6,19
2015-05-06 11:00:00,19,9,10
2015-05-06 12:00:00,21,8,13
2015-05-06 13:00:00,29,13,16
2015-05-06 14:00:00,41,26,15
2015-05-06 15:00:00,53,38,15
2015-05-06 16:00:00,121,102,19
2015-05-06 17:00:00,210,189,21
2015-05-06 18:00:00,156,128,28
2015-05-06 19:00:00,71,52,19
2015-05-06 20:00:00,29,22,7
2015-05-06 21:00:00,15,11,4
2015-05-06 22:00:00,9,5,4
2015-05-06 23:00:00,3,3,0
2015-05-07 00:00:00,1,1,0
2015-05-07 01:00:00,1,1,0
2015-05-07 02:00:00,0,0,0
2015-05-07 03:00:00,0,0,0
2015-05-07 04:00:00,4,0,4
2015-05-07 05:00:00,31,2,29
2015-05-07 06:00:00,143,11,132
2015-05-07 07:00:00,166,12,154
2015-05-07 08:00:00,163,21,142
2015-05-07 09:00:00,83,10,73
2015-05-07 10:00:00,20,6,14
2015-05-07 11:00:00,26,13,13
2015-05-07 12:00:00,24,7,17
2015-05-07 13:00:00,37,20,17
2015-05-07 14:00:00,51,27,24
2015-05-07 15:00:00,57,40,17
2015-05-07 16:00:00,142,118,24
2015-05-07 17:00:00,260,182,78
2015-05-07 18:00:00,134,85,49
2015-05-07 19:00:00,151,130,21
2015-05-07 20:00:00,38,25,13
2015-05-07 21:00:00,18,12,6
2015-05-07 22:00:00,14,5,9
2015-05-07 23:00:00,42,5,37
2015-05-08 00:00:00,16,2,14
2015-05-08 01:00:00,14,3,11
2015-05-08 02:00:00,0,0,0
2015-05-08 03:00:00,1,1,0
2015-05-08 04:00:00,1,0,1
2015-05-08 05:00:00,30,3,27
2015-05-08 06:00:00,111,13,98
2015-05-08 07:00:00,193,21,172
2015-05-08 08:00:00,152,21,131
2015-05-08 09:00:00,56,11,45
2015-05-08 10:00:00,34,10,24
2015-05-08 11:00:00,27,12,15
2015-05-08 12:00:00,38,18,20
2015-05-08 13:00:00,32,21,11
2015-05-08 14:00:00,42,28,14
2015-05-08 15:00:00,76,57,19
2015-05-08 16:00:00,138,108,30
2015-05-08 17:00:00,210,179,31
2015-05-08 18:00:00,85,70,15
2015-05-08 19:00:00,61,50,11
2015-05-08 20:00:00,32,23,9
2015-05-08 21:00:00,20,14,6
2015-05-08 22:00:00,6,2,4
2015-05-08 23:00:00,3,3,0
2015-05-09 00:00:00,4,2,2
2015-05-09 01:00:00,1,0,1
2015-05-09 02:00:00,1,1,0
2015-05-09 03:00:00,1,0,1
2015-05-09 04:00:00,1,0,1
2015-05-09 05:00:00,14,2,12
2015-05-09 06:00:00,22,7,15
2015-05-09 07:00:00,42,11,31
2015-05-09 08:00:00,47,21,26
2015-05-09 09:00:00,67,31,36
2015-05-09 10:00:00,78,48,30
2015-05-09 11:00:00,67,37,30
2015-05-09 12:00:00,154,86,68
2015-05-09 13:00:00,124,75,49
2015-05-09 14:00:00,112,56,56
2015-05-09 15:00:00,100,40,60
2015-05-09 16:00:00,104,44,60
2015-05-09 17:00:00,63,26,37
2015-05-09 18:00:00,76,40,36
2015-05-09 19:00:00,33,18,15
2015-05-09 20:00:00,23,11,12
2015-05-09 21:00:00,9,6,3
2015-05-09 22:00:00,4,3,1
2015-05-09 23:00:00,4,3,1
2015-05-10 00:00:00,6,2,4
2015-05-10 01:00:00,1,0,1
2015-05-10 02:00:00,4,3,1
2015-05-10 03:00:00,2,1,1
2015-05-10 04:00:00,2,1,1
2015-05-10 05:00:00,5,0,5
2015-05-10 06:00:00,6,2,4
2015-05-10 07:00:00,22,1,21
2015-05-10 08:00:00,19,6,13
2015-05-10 09:00:00,56,40,16
2015-05-10 10:00:00,77,32,45
2015-05-10 11:00:00,90,47,43
2015-05-10 12:00:00,62,24,38
2015-05-10 13:00:00,68,39,29
2015-05-10 14:00:00,72,41,31
2015-05-10 15:00:00,69,33,36
2015-05-10 16:00:00,71,40,31
2015-05-10 17:00:00,37,19,18
2015-05-10 18:00:00,28,14,14
2015-05-10 19:00:00,16,9,7
2015-05-10 20:00:00,15,6,9
2015-05-10 21:00:00,4,1,3
2015-05-10 22:00:00,6,2,4
2015-05-10 23:00:00,0,0,0
2015-05-11 00:00:00,1,0,1
2015-05-11 01:00:00,0,0,0
2015-05-11 02:00:00,1,1,0
2015-05-11 03:00:00,3,2,1
2015-05-11 04:00:00,7,1,6
2015-05-11 05:00:00,24,2,22
2015-05-11 06:00:00,97,14,83
2015-05-11 07:00:00,154,16,138
2015-05-11 08:00:00,132,21,111
2015-05-11 09:00:00,51,7,44
2015-05-11 10:00:00,22,6,16
2015-05-11 11:00:00,14,7,7
2015-05-11 12:00:00,16,5,11
2015-05-11 13:00:00,17,9,8
2015-05-11 14:00:00,26,17,9
2015-05-11 15:00:00,40,29,11
2015-05-11 16:00:00,103,85,18
2015-05-11 17:00:00,182,164,18
2015-05-11 18:00:00,104,91,13
2015-05-11 19:00:00,46,38,8
2015-05-11 20:00:00,23,16,7
2015-05-11 21:00:00,14,11,3
2015-05-11 22:00:00,5,3,2
2015-05-11 23:00:00,2,1,1
2015-05-12 00:00:00,5,4,1
2015-05-12 01:00:00,0,0,0
2015-05-12 02:00:00,1,0,1
2015-05-12 03:00:00,2,1,1
2015-05-12 04:00:00,6,1,5
2015-05-12 05:00:00,27,3,24
2015-05-12 06:00:00,92,16,76
2015-05-12 07:00:00,168,28,140
2015-05-12 08:00:00,134,13,121
2015-05-12 09:00:00,44,5,39
2015-05-12 10:00:00,21,9,12
2015-05-12 11:00:00,15,6,9
2015-05-12 12:00:00,27,11,16
2015-05-12 13:00:00,8,3,5
2015-05-12 14:00:00,28,21,7
2015-05-12 15:00:00,41,27,14
2015-05-12 16:00:00,96,74,22
2015-05-12 17:00:00,162,140,22
2015-05-12 18:00:00,129,118,11
2015-05-12 19:00:00,52,41,11
2015-05-12 20:00:00,27,20,7
2015-05-12 21:00:00,10,7,3
2015-05-12 22:00:00,10,8,2
2015-05-12 23:00:00,1,1,0
2015-05-13 00:00:00,2,0,2
2015-05-13 01:00:00,3,3,0
2015-05-13 02:00:00,0,0,0
2015-05-13 03:00:00,2,2,0
2015-05-13 04:00:00,4,0,4
2015-05-13 05:00:00,20,3,17
2015-05-13 06:00:00,59,4,55
2015-05-13 07:00:00,122,10,112
2015-05-13 08:00:00,102,7,95
2015-05-13 09:00:00,48,4,44
2015-05-13 10:00:00,19,4,15
2015-05-13 11:00:00,15,9,6
2015-05-13 12:00:00,8,3,5
2015-05-13 13:00:00,7,3,4
2015-05-13 14:00:00,23,15,8
2015-05-13 15:00:00,23,17,6
2015-05-13 16:00:00,76,59,17
2015-05-13 17:00:00,129,116,13
2015-05-13 18:00:00,77,73,4
2015-05-13 19:00:00,27,24,3
2015-05-13 20:00:00,16,12,4
2015-05-13 21:00:00,11,11,0
2015-05-13 22:00:00,11,9,2
2015-05-13 23:00:00,5,4,1
2015-05-14 00:00:00,0,0,0
2015-05-14 01:00:00,1,1,0
2015-05-14 02:00:00,1,0,1
2015-05-14 03:00:00,1,1,0
2015-05-14 04:00:00,4,0,4
2015-05-14 05:00:00,18,3,15
2015-05-14 06:00:00,85,8,77
2015-05-14 07:00:00,156,18,138
2015-05-14 08:00:00,125,9,116
2015-05-14 09:00:00,46,3,43
2015-05-14 10:00:00,21,0,21
2015-05-14 11:00:00,14,5,9
2015-05-14 12:00:00,25,14,11
2015-05-14 13:00:00,38,18,20
2015-05-14 14:00:00,32,23,9
2015-05-14 15:00:00,71,37,34
2015-05-14 16:00:00,137,108,29
2015-05-14 17:00:00,190,144,46
2015-05-14 18:00:00,115,91,24
2015-05-14 19:00:00,57,42,15
2015-05-14 20:00:00,53,38,15
2015-05-14 21:00:00,14,12,2
2015-05-14 22:00:00,19,15,4
2015-05-14 23:00:00,6,4,2
2015-05-15 00:00:00,5,3,2
2015-05-15 01:00:00,0,0,0
2015-05-15 02:00:00,2,1,1
2015-05-15 03:00:00,1,1,0
2015-05-15 04:00:00,4,1,3
2015-05-15 05:00:00,33,2,31
2015-05-15 06:00:00,152,17,135
2015-05-15 07:00:00,228,30,198
2015-05-15 08:00:00,237,30,207
2015-05-15 09:00:00,76,11,65
2015-05-15 10:00:00,31,10,21
2015-05-15 11:00:00,28,13,15
2015-05-15 12:00:00,46,26,20
2015-05-15 13:00:00,67,31,36
2015-05-15 14:00:00,43,30,13
2015-05-15 15:00:00,94,66,28
2015-05-15 16:00:00,183,144,39
2015-05-15 17:00:00,230,190,40
2015-05-15 18:00:00,134,113,21
2015-05-15 19:00:00,56,51,5
2015-05-15 20:00:00,28,25,3
2015-05-15 21:00:00,14,9,5
2015-05-15 22:00:00,16,14,2
2015-05-15 23:00:00,11,5,6
2015-05-16 00:00:00,13,9,4
2015-05-16 01:00:00,1,1,0
2015-05-16 02:00:00,1,0,1
2015-05-16 03:00:00,1,0,1
2015-05-16 04:00:00,0,0,0
2015-05-16 05:00:00,5,1,4
2015-05-16 06:00:00,8,0,8
2015-05-16 07:00:00,33,9,24
2015-05-16 08:00:00,58,38,20
2015-05-16 09:00:00,46,22,24
2015-05-16 10:00:00,68,37,31
2015-05-16 11:00:00,54,31,23
2015-05-16 12:00:00,103,65,38
2015-05-16 13:00:00,75,45,30
2015-05-16 14:00:00,80,40,40
2015-05-16 15:00:00,75,32,43
2015-05-16 16:00:00,81,20,61
2015-05-16 17:00:00,45,15,30
2015-05-16 18:00:00,32,19,13
2015-05-16 19:00:00,21,13,8
2015-05-16 20:00:00,14,8,6
2015-05-16 21:00:00,11,6,5
2015-05-16 22:00:00,8,7,1
2015-05-16 23:00:00,4,2,2
2015-05-17 00:00:00,4,4,0
2015-05-17 01:00:00,1,1,0
2015-05-17 02:00:00,1,1,0
2015-05-17 03:00:00,1,0,1
2015-05-17 04:00:00,2,1,1
2015-05-17 05:00:00,5,0,5
2015-05-17 06:00:00,10,3,7
2015-05-17 07:00:00,24,6,18
2015-05-17 08:00:00,34,18,16
2015-05-17 09:00:00,57,31,26
2015-05-17 10:00:00,60,34,26
2015-05-17 11:00:00,72,31,41
2015-05-17 12:00:00,81,37,44
2015-05-17 13:00:00,74,51,23
2015-05-17 14:00:00,72,35,37
2015-05-17 15:00:00,72,41,31
2015-05-17 16:00:00,78,38,40
2015-05-17 17:00:00,53,32,21
2015-05-17 18:00:00,48,27,21
2015-05-17 19:00:00,40,18,22
2015-05-17 20:00:00,28,15,13
2015-05-17 21:00:00,8,6,2
2015-05-17 22:00:00,9,2,7
2015-05-17 23:00:00,4,1,3
2015-05-18 00:00:00,1,1,0
2015-05-18 01:00:00,0,0,0
2015-05-18 02:00:00,0,0,0
2015-05-18 03:00:00,4,2,2
2015-05-18 04:00:00,7,0,7
2015-05-18 05:00:00,31,7,24
2015-05-18 06:00:00,144,26,118
2015-05-18 07:00:00,199,36,163
2015-05-18 08:00:00,204,27,177
2015-05-18 09:00:00,94,21,73
2015-05-18 10:00:00,50,18,32
2015-05-18 11:00:00,42,16,26
2015-05-18 12:00:00,62,39,23
2015-05-18 13:00:00,43,19,24
2015-05-18 14:00:00,69,42,27
2015-05-18 15:00:00,80,63,17
2015-05-18 16:00:00,150,118,32
2015-05-18 17:00:00,247,214,33
2015-05-18 18:00:00,155,137,18
2015-05-18 19:00:00,65,45,20
2015-05-18 20:00:00,38,19,19
2015-05-18 21:00:00,13,9,4
2015-05-18 22:00:00,13,9,4
2015-05-18 23:00:00,4,2,2
2015-05-19 00:00:00,7,5,2
2015-05-19 01:00:00,3,3,0
2015-05-19 02:00:00,0,0,0
2015-05-19 03:00:00,4,3,1
2015-05-19 04:00:00,4,0,4
2015-05-19 05:00:00,30,6,24
2015-05-19 06:00:00,128,16,112
2015-05-19 07:00:00,205,19,186
2015-05-19 08:00:00,175,24,151
2015-05-19 09:00:00,58,8,50
2015-05-19 10:00:00,35,10,25
2015-05-19 11:00:00,29,8,21
2015-05-19 12:00:00,38,19,19
2015-05-19 13:00:00,28,13,15
2015-05-19 14:00:00,37,22,15
2015-05-19 15:00:00,60,42,18
2015-05-19 16:00:00,137,113,24
2015-05-19 17:00:00,260,224,36
2015-05-19 18:00:00,150,129,21
2015-05-19 19:00:00,82,54,28
2015-05-19 20:00:00,38,26,12
2015-05-19 21:00:00,11,8,3
2015-05-19 22:00:00,11,10,1
2015-05-19 23:00:00,6,4,2
2015-05-20 00:00:00,1,1,0
2015-05-20 01:00:00,2,1,1
2015-05-20 02:00:00,1,0,1
2015-05-20 03:00:00,4,2,2
2015-05-20 04:00:00,7,2,5
2015-05-20 05:00:00,32,4,28
2015-05-20 06:00:00,123,20,103
2015-05-20 07:00:00,167,20,147
2015-05-20 08:00:00,178,23,155
2015-05-20 09:00:00,56,7,49
2015-05-20 10:00:00,23,14,9
2015-05-20 11:00:00,17,8,9
2015-05-20 12:00:00,23,11,12
2015-05-20 13:00:00,23,10,13
2015-05-20 14:00:00,47,26,21
2015-05-20 15:00:00,57,45,12
2015-05-20 16:00:00,145,117,28
2015-05-20 17:00:00,234,197,37
2015-05-20 18:00:00,165,132,33
2015-05-20 19:00:00,72,49,23
2015-05-20 20:00:00,41,29,12
2015-05-20 21:00:00,20,17,3
2015-05-20 22:00:00,5,3,2
2015-05-20 23:00:00,3,2,1
2015-05-21 00:00:00,5,4,1
2015-05-21 01:00:00,0,0,0
2015-05-21 02:00:00,0,0,0
2015-05-21 03:00:00,3,2,1
2015-05-21 04:00:00,10,2,8
2015-05-21 05:00:00,28,2,26
2015-05-21 06:00:00,114,20,94
2015-05-21 07:00:00,203,17,186
2015-05-21 08:00:00,182,13,169
2015-05-21 09:00:00,65,12,53
2015-05-21 10:00:00,28,11,17
2015-05-21 11:00:00,24,11,13
2015-05-21 12:00:00,29,13,16
2015-05-21 13:00:00,28,17,11
2015-05-21 14:00:00,47,29,18
2015-05-21 15:00:00,67,44,23
2015-05-21 16:00:00,162,128,34
2015-05-21 17:00:00,244,200,44
2015-05-21 18:00:00,131,116,15
2015-05-21 19:00:00,62,49,13
2015-05-21 20:00:00,30,21,9
2015-05-21 21:00:00,25,16,9
2015-05-21 22:00:00,11,6,5
2015-05-21 23:00:00,8,5,3
2015-05-22 00:00:00,6,5,1
2015-05-22 01:00:00,2,1,1
2015-05-22 02:00:00,2,1,1
2015-05-22 03:00:00,1,0,1
2015-05-22 04:00:00,5,2,3
2015-05-22 05:00:00,25,1,24
2015-05-22 06:00:00,84,15,69
2015-05-22 07:00:00,141,22,119
2015-05-22 08:00:00,141,17,124
2015-05-22 09:00:00,59,8,51
2015-05-22 10:00:00,20,5,15
2015-05-22 11:00:00,43,31,12
2015-05-22 12:00:00,38,18,20
2015-05-22 13:00:00,40,23,17
2015-05-22 14:00:00,45,33,12
2015-05-22 15:00:00,66,55,11
2015-05-22 16:00:00,112,92,20
2015-05-22 17:00:00,140,119,21
2015-05-22 18:00:00,82,66,16
2015-05-22 19:00:00,40,37,3
2015-05-22 20:00:00,23,15,8
2015-05-22 21:00:00,11,9,2
2015-05-22 22:00:00,8,6,2
2015-05-22 23:00:00,4,4,0
2015-05-23 00:00:00,3,1,2
2015-05-23 01:00:00,1,0,1
2015-05-23 02:00:00,2,2,0
2015-05-23 03:00:00,1,0,1
2015-05-23 04:00:00,2,0,2
2015-05-23 05:00:00,8,1,7
2015-05-23 06:00:00,16,6,10
2015-05-23 07:00:00,26,12,14
2015-05-23 08:00:00,19,11,8
2015-05-23 09:00:00,34,16,18
2015-05-23 10:00:00,28,13,15
2015-05-23 11:00:00,34,17,17
2015-05-23 12:00:00,43,18,25
2015-05-23 13:00:00,40,22,18
2015-05-23 14:00:00,53,32,21
2015-05-23 15:00:00,32,10,22
2015-05-23 16:00:00,32,20,12
2015-05-23 17:00:00,35,12,23
2015-05-23 18:00:00,27,16,11
2015-05-23 19:00:00,16,9,7
2015-05-23 20:00:00,12,8,4
2015-05-23 21:00:00,15,13,2
2015-05-23 22:00:00,1,1,0
2015-05-23 23:00:00,6,4,2
2015-05-24 00:00:00,6,4,2
2015-05-24 01:00:00,4,4,0
2015-05-24 02:00:00,1,1,0
2015-05-24 03:00:00,1,0,1
2015-05-24 04:00:00,4,4,0
2015-05-24 05:00:00,7,0,7
2015-05-24 06:00:00,6,2,4
2015-05-24 07:00:00,14,2,12
2015-05-24 08:00:00,27,14,13
2015-05-24 09:00:00,45,31,14
2015-05-24 10:00:00,42,19,23
2015-05-24 11:00:00,61,32,29
2015-05-24 12:00:00,42,12,30
2015-05-24 13:00:00,51,27,24
2015-05-24 14:00:00,60,26,34
2015-05-24 15:00:00,56,25,31
2015-05-24 16:00:00,53,29,24
2015-05-24 17:00:00,46,33,13
2015-05-24 18:00:00,22,12,10
2015-05-24 19:00:00,22,11,11
2015-05-24 20:00:00,17,8,9
2015-05-24 21:00:00,10,3,7
2015-05-24 22:00:00,6,5,1
2015-05-24 23:00:00,6,6,0
2015-05-25 00:00:00,2,2,0
2015-05-25 01:00:00,3,3,0
2015-05-25 02:00:00,1,1,0
2015-05-25 03:00:00,3,3,0
2015-05-25 04:00:00,2,1,1
2015-05-25 05:00:00,6,1,5
2015-05-25 06:00:00,8,0,8
2015-05-25 07:00:00,20,5,15
2015-05-25 08:00:00,21,11,10
2015-05-25 09:00:00,36,15,21
2015-05-25 10:00:00,62,36,26
2015-05-25 11:00:00,71,45,26
2015-05-25 12:00:00,69,26,43
2015-05-25 13:00:00,65,24,41
2015-05-25 14:00:00,60,23,37
2015-05-25 15:00:00,51,21,30
2015-05-25 16:00:00,53,26,27
2015-05-25 17:00:00,37,18,19
2015-05-25 18:00:00,36,25,11
2015-05-25 19:00:00,19,9,10
2015-05-25 20:00:00,13,6,7
2015-05-25 21:00:00,10,9,1
2015-05-25 22:00:00,4,1,3
2015-05-25 23:00:00,10,10,0
2015-05-26 00:00:00,5,3,2
2015-05-26 01:00:00,1,0,1
2015-05-26 02:00:00,0,0,0
2015-05-26 03:00:00,2,0,2
2015-05-26 04:00:00,6,0,6
2015-05-26 05:00:00,23,2,21
2015-05-26 06:00:00,110,14,96
2015-05-26 07:00:00,165,12,153
2015-05-26 08:00:00,171,20,151
2015-05-26 09:00:00,61,11,50
2015-05-26 10:00:00,36,12,24
2015-05-26 11:00:00,17,8,9
2015-05-26 12:00:00,33,14,19
2015-05-26 13:00:00,18,9,9
2015-05-26 14:00:00,45,24,21
2015-05-26 15:00:00,65,45,20
2015-05-26 16:00:00,130,108,22
2015-05-26 17:00:00,237,209,28
2015-05-26 18:00:00,147,121,26
2015-05-26 19:00:00,53,42,11
2015-05-26 20:00:00,33,21,12
2015-05-26 21:00:00,15,12,3
2015-05-26 22:00:00,7,6,1
2015-05-26 23:00:00,3,3,0
2015-05-27 00:00:00,1,1,0
2015-05-27 01:00:00,1,1,0
2015-05-27 02:00:00,3,1,2
2015-05-27 03:00:00,2,0,2
2015-05-27 04:00:00,6,1,5
2015-05-27 05:00:00,28,3,25
2015-05-27 06:00:00,118,14,104
2015-05-27 07:00:00,205,28,177
2015-05-27 08:00:00,165,13,152
2015-05-27 09:00:00,54,8,46
2015-05-27 10:00:00,39,16,23
2015-05-27 11:00:00,24,9,15
2015-05-27 12:00:00,22,17,5
2015-05-27 13:00:00,52,14,38
2015-05-27 14:00:00,39,27,12
2015-05-27 15:00:00,68,49,19
2015-05-27 16:00:00,152,124,28
2015-05-27 17:00:00,234,201,33
2015-05-27 18:00:00,139,118,21
2015-05-27 19:00:00,72,48,24
2015-05-27 20:00:00,42,24,18
2015-05-27 21:00:00,30,22,8
2015-05-27 22:00:00,11,9,2
2015-05-27 23:00:00,15,13,2
2015-05-28 00:00:00,2,1,1
2015-05-28 01:00:00,0,0,0
2015-05-28 02:00:00,2,1,1
2015-05-28 03:00:00,3,0,3
2015-05-28 04:00:00,14,3,11
2015-05-28 05:00:00,34,8,26
2015-05-28 06:00:00,117,22,95
2015-05-28 07:00:00,183,21,162
2015-05-28 08:00:00,183,13,170
2015-05-28 09:00:00,84,15,69
2015-05-28 10:00:00,38,11,27
2015-05-28 11:00:00,37,18,19
2015-05-28 12:00:00,26,11,15
2015-05-28 13:00:00,36,24,12
2015-05-28 14:00:00,45,23,22
2015-05-28 15:00:00,74,50,24
2015-05-28 16:00:00,159,128,31
2015-05-28 17:00:00,242,198,44
2015-05-28 18:00:00,153,118,35
2015-05-28 19:00:00,80,60,20
2015-05-28 20:00:00,43,29,14
2015-05-28 21:00:00,24,14,10
2015-05-28 22:00:00,19,10,9
2015-05-28 23:00:00,4,4,0
2015-05-29 00:00:00,6,5,1
2015-05-29 01:00:00,2,2,0
2015-05-29 02:00:00,2,1,1
2015-05-29 03:00:00,3,1,2
2015-05-29 04:00:00,6,2,4
2015-05-29 05:00:00,28,4,24
2015-05-29 06:00:00,117,12,105
2015-05-29 07:00:00,181,23,158
2015-05-29 08:00:00,163,15,148
2015-05-29 09:00:00,75,12,63
2015-05-29 10:00:00,49,23,26
2015-05-29 11:00:00,29,14,15
2015-05-29 12:00:00,37,20,17
2015-05-29 13:00:00,43,18,25
2015-05-29 14:00:00,62,42,20
2015-05-29 15:00:00,90,68,22
2015-05-29 16:00:00,146,116,30
2015-05-29 17:00:00,201,165,36
2015-05-29 18:00:00,143,107,36
2015-05-29 19:00:00,61,45,16
2015-05-29 20:00:00,47,32,15
2015-05-29 21:00:00,17,14,3
2015-05-29 22:00:00,18,12,6
2015-05-29 23:00:00,10,7,3
2015-05-30 00:00:00,6,2,4
2015-05-30 01:00:00,2,2,0
2015-05-30 02:00:00,0,0,0
2015-05-30 03:00:00,3,0,3
2015-05-30 04:00:00,3,1,2
2015-05-30 05:00:00,7,0,7
2015-05-30 06:00:00,16,3,13
2015-05-30 07:00:00,22,9,13
2015-05-30 08:00:00,40,11,29
2015-05-30 09:00:00,46,28,18
2015-05-30 10:00:00,62,25,37
2015-05-30 11:00:00,65,36,29
2015-05-30 12:00:00,71,44,27
2015-05-30 13:00:00,69,37,32
2015-05-30 14:00:00,76,36,40
2015-05-30 15:00:00,97,41,56
2015-05-30 16:00:00,76,32,44
2015-05-30 17:00:00,77,46,31
2015-05-30 18:00:00,63,35,28
2015-05-30 19:00:00,21,12,9
2015-05-30 20:00:00,22,13,9
2015-05-30 21:00:00,25,12,13
2015-05-30 22:00:00,7,5,2
2015-05-30 23:00:00,9,6,3
2015-05-31 00:00:00,3,2,1
2015-05-31 01:00:00,7,7,0
2015-05-31 02:00:00,1,1,0
2015-05-31 03:00:00,1,0,1
2015-05-31 04:00:00,3,2,1
2015-05-31 05:00:00,5,1,4
2015-05-31 06:00:00,8,3,5
2015-05-31 07:00:00,28,8,20
2015-05-31 08:00:00,33,9,24
2015-05-31 09:00:00,53,27,26
2015-05-31 10:00:00,83,54,29
2015-05-31 11:00:00,96,50,46
2015-05-31 12:00:00,80,38,42
2015-05-31 13:00:00,93,35,58
2015-05-31 14:00:00,74,24,50
2015-05-31 15:00:00,89,38,51
2015-05-31 16:00:00,96,52,44
2015-05-31 17:00:00,62,41,21
2015-05-31 18:00:00,42,28,14
2015-05-31 19:00:00,27,13,14
2015-05-31 20:00:00,11,5,6
2015-05-31 21:00:00,2,0,2
2015-05-31 22:00:00,9,3,6
2015-05-31 23:00:00,4,2,2
2015-06-01 00:00:00,1,1,0
2015-06-01 01:00:00,1,0,1
2015-06-01 02:00:00,3,0,3
2015-06-01 03:00:00,1,0,1
2015-06-01 04:00:00,5,0,5
2015-06-01 05:00:00,29,8,21
2015-06-01 06:00:00,74,10,64
2015-06-01 07:00:00,144,20,124
2015-06-01 08:00:00,117,13,104
2015-06-01 09:00:00,35,3,32
2015-06-01 10:00:00,11,6,5
2015-06-01 11:00:00,7,4,3
2015-06-01 12:00:00,15,10,5
2015-06-01 13:00:00,18,11,7
2015-06-01 14:00:00,20,12,8
2015-06-01 15:00:00,40,29,11
2015-06-01 16:00:00,83,68,15
2015-06-01 17:00:00,152,130,22
2015-06-01 18:00:00,95,86,9
2015-06-01 19:00:00,32,26,6
2015-06-01 20:00:00,18,12,6
2015-06-01 21:00:00,6,4,2
2015-06-01 22:00:00,4,3,1
2015-06-01 23:00:00,8,6,2
2015-06-02 00:00:00,4,2,2
2015-06-02 01:00:00,0,0,0
2015-06-02 02:00:00,1,0,1
2015-06-02 03:00:00,3,1,2
2015-06-02 04:00:00,4,1,3
2015-06-02 05:00:00,21,3,18
2015-06-02 06:00:00,81,10,71
2015-06-02 07:00:00,147,13,134
2015-06-02 08:00:00,103,13,90
2015-06-02 09:00:00,43,5,38
2015-06-02 10:00:00,14,6,8
2015-06-02 11:00:00,27,16,11
2015-06-02 12:00:00,19,10,9
2015-06-02 13:00:00,21,11,10
2015-06-02 14:00:00,23,17,6
2015-06-02 15:00:00,44,24,20
2015-06-02 16:00:00,93,77,16
2015-06-02 17:00:00,153,128,25
2015-06-02 18:00:00,100,86,14
2015-06-02 19:00:00,50,40,10
2015-06-02 20:00:00,21,17,4
2015-06-02 21:00:00,13,8,5
2015-06-02 22:00:00,4,2,2
2015-06-02 23:00:00,3,2,1
2015-06-03 00:00:00,1,1,0
2015-06-03 01:00:00,1,1,0
2015-06-03 02:00:00,7,2,5
2015-06-03 03:00:00,3,2,1
2015-06-03 04:00:00,4,0,4
2015-06-03 05:00:00,15,2,13
2015-06-03 06:00:00,91,9,82
2015-06-03 07:00:00,143,20,123
2015-06-03 08:00:00,129,12,117
2015-06-03 09:00:00,49,5,44
2015-06-03 10:00:00,26,9,17
2015-06-03 11:00:00,10,5,5
2015-06-03 12:00:00,14,7,7
2015-06-03 13:00:00,35,15,20
2015-06-03 14:00:00,34,18,16
2015-06-03 15:00:00,64,47,17
2015-06-03 16:00:00,106,85,21
2015-06-03 17:00:00,171,142,29
2015-06-03 18:00:00,108,89,19
2015-06-03 19:00:00,55,43,12
2015-06-03 20:00:00,31,19,12
2015-06-03 21:00:00,15,9,6
2015-06-03 22:00:00,11,6,5
2015-06-03 23:00:00,7,5,2
2015-06-04 00:00:00,2,2,0
2015-06-04 01:00:00,3,2,1
2015-06-04 02:00:00,2,2,0
2015-06-04 03:00:00,2,0,2
2015-06-04 04:00:00,4,1,3
2015-06-04 05:00:00,33,6,27
2015-06-04 06:00:00,112,18,94
2015-06-04 07:00:00,153,19,134
2015-06-04 08:00:00,166,12,154
2015-06-04 09:00:00,71,14,57
2015-06-04 10:00:00,35,9,26
2015-06-04 11:00:00,22,10,12
2015-06-04 12:00:00,28,12,16
2015-06-04 13:00:00,22,8,14
2015-06-04 14:00:00,36,23,13
2015-06-04 15:00:00,60,49,11
2015-06-04 16:00:00,123,100,23
2015-06-04 17:00:00,230,182,48
2015-06-04 18:00:00,155,123,32
2015-06-04 19:00:00,69,53,16
2015-06-04 20:00:00,42,29,13
2015-06-04 21:00:00,33,19,14
2015-06-04 22:00:00,13,10,3
2015-06-04 23:00:00,10,5,5
2015-06-05 00:00:00,5,3,2
2015-06-05 01:00:00,6,6,0
2015-06-05 02:00:00,1,1,0
2015-06-05 03:00:00,3,1,2
2015-06-05 04:00:00,5,2,3
2015-06-05 05:00:00,24,3,21
2015-06-05 06:00:00,88,12,76
2015-06-05 07:00:00,158,15,143
2015-06-05 08:00:00,139,21,118
2015-06-05 09:00:00,70,13,57
2015-06-05 10:00:00,43,12,31
2015-06-05 11:00:00,43,22,21
2015-06-05 12:00:00,36,22,14
2015-06-05 13:00:00,48,28,20
2015-06-05 14:00:00,53,35,18
2015-06-05 15:00:00,76,50,26
2015-06-05 16:00:00,115,97,18
2015-06-05 17:00:00,182,151,31
2015-06-05 18:00:00,106,91,15
2015-06-05 19:00:00,63,53,10
2015-06-05 20:00:00,31,19,12
2015-06-05 21:00:00,16,8,8
2015-06-05 22:00:00,20,9,11
2015-06-05 23:00:00,15,5,10
2015-06-06 00:00:00,43,6,37
2015-06-06 01:00:00,5,3,2
2015-06-06 02:00:00,9,6,3
2015-06-06 03:00:00,3,2,1
2015-06-06 04:00:00,8,6,2
2015-06-06 05:00:00,5,2,3
2015-06-06 06:00:00,27,14,13
2015-06-06 07:00:00,30,11,19
2015-06-06 08:00:00,58,18,40
2015-06-06 09:00:00,61,30,31
2015-06-06 10:00:00,72,31,41
2015-06-06 11:00:00,80,37,43
2015-06-06 12:00:00,82,45,37
2015-06-06 13:00:00,102,46,56
2015-06-06 14:00:00,111,63,48
2015-06-06 15:00:00,108,60,48
2015-06-06 16:00:00,63,30,33
2015-06-06 17:00:00,66,30,36
2015-06-06 18:00:00,50,22,28
2015-06-06 19:00:00,41,21,20
2015-06-06 20:00:00,29,12,17
2015-06-06 21:00:00,13,7,6
2015-06-06 22:00:00,11,3,8
2015-06-06 23:00:00,12,6,6
2015-06-07 00:00:00,5,5,0
2015-06-07 01:00:00,2,1,1
2015-06-07 02:00:00,0,0,0
2015-06-07 03:00:00,6,4,2
2015-06-07 04:00:00,2,2,0
2015-06-07 05:00:00,7,0,7
2015-06-07 06:00:00,12,5,7
2015-06-07 07:00:00,39,14,25
2015-06-07 08:00:00,64,26,38
2015-06-07 09:00:00,74,31,43
2015-06-07 10:00:00,104,57,47
2015-06-07 11:00:00,98,66,32
2015-06-07 12:00:00,132,69,63
2015-06-07 13:00:00,86,37,49
2015-06-07 14:00:00,80,43,37
2015-06-07 15:00:00,87,44,43
2015-06-07 16:00:00,73,41,32
2015-06-07 17:00:00,77,33,44
2015-06-07 18:00:00,55,30,25
2015-06-07 19:00:00,36,18,18
2015-06-07 20:00:00,22,6,16
2015-06-07 21:00:00,15,8,7
2015-06-07 22:00:00,6,5,1
2015-06-07 23:00:00,6,4,2
2015-06-08 00:00:00,1,0,1
2015-06-08 01:00:00,1,1,0
2015-06-08 02:00:00,0,0,0
2015-06-08 03:00:00,1,0,1
2015-06-08 04:00:00,14,12,2
2015-06-08 05:00:00,28,6,22
2015-06-08 06:00:00,98,18,80
2015-06-08 07:00:00,186,27,159
2015-06-08 08:00:00,162,21,141
2015-06-08 09:00:00,81,12,69
2015-06-08 10:00:00,24,6,18
2015-06-08 11:00:00,20,8,12
2015-06-08 12:00:00,42,23,19
2015-06-08 13:00:00,38,24,14
2015-06-08 14:00:00,36,22,14
2015-06-08 15:00:00,62,45,17
2015-06-08 16:00:00,150,119,31
2015-06-08 17:00:00,200,175,25
2015-06-08 18:00:00,164,121,43
2015-06-08 19:00:00,54,44,10
2015-06-08 20:00:00,26,19,7
2015-06-08 21:00:00,20,8,12
2015-06-08 22:00:00,12,7,5
2015-06-08 23:00:00,7,4,3
2015-06-09 00:00:00,3,1,2
2015-06-09 01:00:00,3,3,0
2015-06-09 02:00:00,1,1,0
2015-06-09 03:00:00,3,1,2
2015-06-09 04:00:00,8,2,6
2015-06-09 05:00:00,33,8,25
2015-06-09 06:00:00,128,23,105
2015-06-09 07:00:00,202,26,176
2015-06-09 08:00:00,155,23,132
2015-06-09 09:00:00,77,12,65
2015-06-09 10:00:00,32,10,22
2015-06-09 11:00:00,33,14,19
2015-06-09 12:00:00,35,19,16
2015-06-09 13:00:00,33,14,19
2015-06-09 14:00:00,40,21,19
2015-06-09 15:00:00,77,56,21
2015-06-09 16:00:00,143,113,30
2015-06-09 17:00:00,229,200,29
2015-06-09 18:00:00,164,136,28
2015-06-09 19:00:00,60,44,16
2015-06-09 20:00:00,46,38,8
2015-06-09 21:00:00,37,23,14
2015-06-09 22:00:00,8,5,3
2015-06-09 23:00:00,8,4,4
2015-06-10 00:00:00,5,3,2
2015-06-10 01:00:00,1,0,1
2015-06-10 02:00:00,1,1,0
2015-06-10 03:00:00,3,3,0
2015-06-10 04:00:00,3,0,3
2015-06-10 05:00:00,29,6,23
2015-06-10 06:00:00,121,19,102
2015-06-10 07:00:00,193,26,167
2015-06-10 08:00:00,170,17,153
2015-06-10 09:00:00,59,7,52
2015-06-10 10:00:00,27,8,19
2015-06-10 11:00:00,24,10,14
2015-06-10 12:00:00,37,20,17
2015-06-10 13:00:00,39,18,21
2015-06-10 14:00:00,38,24,14
2015-06-10 15:00:00,68,44,24
2015-06-10 16:00:00,159,127,32
2015-06-10 17:00:00,202,177,25
2015-06-10 18:00:00,162,132,30
2015-06-10 19:00:00,94,58,36
2015-06-10 20:00:00,67,38,29
2015-06-10 21:00:00,23,10,13
2015-06-10 22:00:00,7,6,1
2015-06-10 23:00:00,3,1,2
2015-06-11 00:00:00,5,3,2
2015-06-11 01:00:00,1,0,1
2015-06-11 02:00:00,0,0,0
2015-06-11 03:00:00,3,1,2
2015-06-11 04:00:00,8,3,5
2015-06-11 05:00:00,27,5,22
2015-06-11 06:00:00,100,11,89
2015-06-11 07:00:00,198,24,174
2015-06-11 08:00:00,164,12,152
2015-06-11 09:00:00,70,6,64
2015-06-11 10:00:00,37,11,26
2015-06-11 11:00:00,28,19,9
2015-06-11 12:00:00,37,14,23
2015-06-11 13:00:00,33,21,12
2015-06-11 14:00:00,30,20,10
2015-06-11 15:00:00,73,54,19
2015-06-11 16:00:00,141,112,29
2015-06-11 17:00:00,213,179,34
2015-06-11 18:00:00,147,118,29
2015-06-11 19:00:00,76,58,18
2015-06-11 20:00:00,49,26,23
2015-06-11 21:00:00,14,9,5
2015-06-11 22:00:00,22,12,10
2015-06-11 23:00:00,7,4,3
2015-06-12 00:00:00,1,1,0
2015-06-12 01:00:00,6,6,0
2015-06-12 02:00:00,4,4,0
2015-06-12 03:00:00,3,0,3
2015-06-12 04:00:00,1,0,1
2015-06-12 05:00:00,23,4,19
2015-06-12 06:00:00,74,12,62
2015-06-12 07:00:00,138,15,123
2015-06-12 08:00:00,114,15,99
2015-06-12 09:00:00,64,9,55
2015-06-12 10:00:00,25,6,19
2015-06-12 11:00:00,24,10,14
2015-06-12 12:00:00,20,9,11
2015-06-12 13:00:00,28,17,11
2015-06-12 14:00:00,35,20,15
2015-06-12 15:00:00,61,43,18
2015-06-12 16:00:00,117,92,25
2015-06-12 17:00:00,139,123,16
2015-06-12 18:00:00,83,71,12
2015-06-12 19:00:00,38,31,7
2015-06-12 20:00:00,34,21,13
2015-06-12 21:00:00,14,7,7
2015-06-12 22:00:00,9,7,2
2015-06-12 23:00:00,6,4,2
2015-06-13 00:00:00,3,3,0
2015-06-13 01:00:00,2,1,1
2015-06-13 02:00:00,0,0,0
2015-06-13 03:00:00,3,1,2
2015-06-13 04:00:00,0,0,0
2015-06-13 05:00:00,13,3,10
2015-06-13 06:00:00,16,3,13
2015-06-13 07:00:00,44,21,23
2015-06-13 08:00:00,53,23,30
2015-06-13 09:00:00,63,33,30
2015-06-13 10:00:00,81,40,41
2015-06-13 11:00:00,106,41,65
2015-06-13 12:00:00,75,36,39
2015-06-13 13:00:00,89,47,42
2015-06-13 14:00:00,83,37,46
2015-06-13 15:00:00,71,38,33
2015-06-13 16:00:00,79,33,46
2015-06-13 17:00:00,67,33,34
2015-06-13 18:00:00,58,27,31
2015-06-13 19:00:00,37,19,18
2015-06-13 20:00:00,14,5,9
2015-06-13 21:00:00,27,20,7
2015-06-13 22:00:00,3,2,1
2015-06-13 23:00:00,3,2,1
2015-06-14 00:00:00,5,5,0
2015-06-14 01:00:00,4,4,0
2015-06-14 02:00:00,1,0,1
2015-06-14 03:00:00,3,1,2
2015-06-14 04:00:00,1,0,1
2015-06-14 05:00:00,7,1,6
2015-06-14 06:00:00,11,3,8
2015-06-14 07:00:00,11,1,10
2015-06-14 08:00:00,54,15,39
2015-06-14 09:00:00,73,40,33
2015-06-14 10:00:00,83,53,30
2015-06-14 11:00:00,69,30,39
2015-06-14 12:00:00,112,54,58
2015-06-14 13:00:00,102,52,50
2015-06-14 14:00:00,83,53,30
2015-06-14 15:00:00,64,35,29
2015-06-14 16:00:00,66,34,32
2015-06-14 17:00:00,52,26,26
2015-06-14 18:00:00,40,23,17
2015-06-14 19:00:00,39,22,17
2015-06-14 20:00:00,25,7,18
2015-06-14 21:00:00,6,2,4
2015-06-14 22:00:00,9,6,3
2015-06-14 23:00:00,6,5,1
2015-06-15 00:00:00,1,1,0
2015-06-15 01:00:00,1,0,1
2015-06-15 02:00:00,0,0,0
2015-06-15 03:00:00,3,2,1
2015-06-15 04:00:00,5,1,4
2015-06-15 05:00:00,27,6,21
2015-06-15 06:00:00,98,18,80
2015-06-15 07:00:00,178,26,152
2015-06-15 08:00:00,158,12,146
2015-06-15 09:00:00,74,15,59
2015-06-15 10:00:00,28,3,25
2015-06-15 11:00:00,24,8,16
2015-06-15 12:00:00,29,10,19
2015-06-15 13:00:00,25,10,15
2015-06-15 14:00:00,50,35,15
2015-06-15 15:00:00,65,44,21
2015-06-15 16:00:00,126,103,23
2015-06-15 17:00:00,217,185,32
2015-06-15 18:00:00,132,119,13
2015-06-15 19:00:00,64,51,13
2015-06-15 20:00:00,38,19,19
2015-06-15 21:00:00,19,12,7
2015-06-15 22:00:00,7,6,1
2015-06-15 23:00:00,5,4,1
2015-06-16 00:00:00,4,2,2
2015-06-16 01:00:00,1,1,0
2015-06-16 02:00:00,2,2,0
2015-06-16 03:00:00,3,3,0
2015-06-16 04:00:00,4,0,4
2015-06-16 05:00:00,32,5,27
2015-06-16 06:00:00,101,17,84
2015-06-16 07:00:00,193,22,171
2015-06-16 08:00:00,160,16,144
2015-06-16 09:00:00,50,8,42
2015-06-16 10:00:00,34,11,23
2015-06-16 11:00:00,19,7,12
2015-06-16 12:00:00,28,17,11
2015-06-16 13:00:00,34,15,19
2015-06-16 14:00:00,42,22,20
2015-06-16 15:00:00,49,33,16
2015-06-16 16:00:00,128,102,26
2015-06-16 17:00:00,236,202,34
2015-06-16 18:00:00,130,99,31
2015-06-16 19:00:00,58,45,13
2015-06-16 20:00:00,31,24,7
2015-06-16 21:00:00,20,13,7
2015-06-16 22:00:00,13,9,4
2015-06-16 23:00:00,3,3,0
2015-06-17 00:00:00,1,1,0
2015-06-17 01:00:00,2,1,1
2015-06-17 02:00:00,7,4,3
2015-06-17 03:00:00,1,0,1
2015-06-17 04:00:00,5,1,4
2015-06-17 05:00:00,21,5,16
2015-06-17 06:00:00,77,6,71
2015-06-17 07:00:00,183,16,167
2015-06-17 08:00:00,172,30,142
2015-06-17 09:00:00,61,14,47
2015-06-17 10:00:00,38,13,25
2015-06-17 11:00:00,33,21,12
2015-06-17 12:00:00,47,22,25
2015-06-17 13:00:00,49,11,38
2015-06-17 14:00:00,49,28,21
2015-06-17 15:00:00,63,38,25
2015-06-17 16:00:00,116,87,29
2015-06-17 17:00:00,199,168,31
2015-06-17 18:00:00,161,126,35
2015-06-17 19:00:00,55,43,12
2015-06-17 20:00:00,34,21,13
2015-06-17 21:00:00,24,15,9
2015-06-17 22:00:00,10,7,3
2015-06-17 23:00:00,5,3,2
2015-06-18 00:00:00,2,2,0
2015-06-18 01:00:00,3,1,2
2015-06-18 02:00:00,2,2,0
2015-06-18 03:00:00,2,0,2
2015-06-18 04:00:00,3,1,2
2015-06-18 05:00:00,24,5,19
2015-06-18 06:00:00,92,11,81
2015-06-18 07:00:00,146,15,131
2015-06-18 08:00:00,161,15,146
2015-06-18 09:00:00,65,9,56
2015-06-18 10:00:00,44,19,25
2015-06-18 11:00:00,32,14,18
2015-06-18 12:00:00,38,16,22
2015-06-18 13:00:00,34,17,17
2015-06-18 14:00:00,39,24,15
2015-06-18 15:00:00,54,35,19
2015-06-18 16:00:00,113,84,29
2015-06-18 17:00:00,205,171,34
2015-06-18 18:00:00,153,119,34
2015-06-18 19:00:00,54,46,8
2015-06-18 20:00:00,32,22,10
2015-06-18 21:00:00,19,14,5
2015-06-18 22:00:00,13,12,1
2015-06-18 23:00:00,11,10,1
2015-06-19 00:00:00,3,2,1
2015-06-19 01:00:00,0,0,0
2015-06-19 02:00:00,0,0,0
2015-06-19 03:00:00,1,0,1
2015-06-19 04:00:00,3,1,2
2015-06-19 05:00:00,18,5,13
2015-06-19 06:00:00,53,6,47
2015-06-19 07:00:00,97,11,86
2015-06-19 08:00:00,90,15,75
2015-06-19 09:00:00,51,8,43
2015-06-19 10:00:00,20,7,13
2015-06-19 11:00:00,18,5,13
2015-06-19 12:00:00,16,11,5
2015-06-19 13:00:00,23,11,12
2015-06-19 14:00:00,40,27,13
2015-06-19 15:00:00,49,24,25
2015-06-19 16:00:00,91,67,24
2015-06-19 17:00:00,108,82,26
2015-06-19 18:00:00,76,60,16
2015-06-19 19:00:00,33,25,8
2015-06-19 20:00:00,28,17,11
2015-06-19 21:00:00,19,10,9
2015-06-19 22:00:00,13,12,1
2015-06-19 23:00:00,9,8,1
2015-06-20 00:00:00,8,6,2
2015-06-20 01:00:00,3,2,1
2015-06-20 02:00:00,2,1,1
2015-06-20 03:00:00,2,1,1
2015-06-20 04:00:00,4,1,3
2015-06-20 05:00:00,4,0,4
2015-06-20 06:00:00,21,8,13
2015-06-20 07:00:00,32,8,24
2015-06-20 08:00:00,41,15,26
2015-06-20 09:00:00,57,27,30
2015-06-20 10:00:00,61,23,38
2015-06-20 11:00:00,77,38,39
2015-06-20 12:00:00,77,30,47
2015-06-20 13:00:00,87,39,48
2015-06-20 14:00:00,84,32,52
2015-06-20 15:00:00,75,49,26
2015-06-20 16:00:00,51,24,27
2015-06-20 17:00:00,54,28,26
2015-06-20 18:00:00,43,29,14
2015-06-20 19:00:00,51,37,14
2015-06-20 20:00:00,38,23,15
2015-06-20 21:00:00,15,8,7
2015-06-20 22:00:00,6,6,0
2015-06-20 23:00:00,5,3,2
2015-06-21 00:00:00,3,1,2
2015-06-21 01:00:00,4,4,0
2015-06-21 02:00:00,3,2,1
2015-06-21 03:00:00,3,2,1
2015-06-21 04:00:00,1,1,0
2015-06-21 05:00:00,8,3,5
2015-06-21 06:00:00,9,2,7
2015-06-21 07:00:00,13,3,10
2015-06-21 08:00:00,36,18,18
2015-06-21 09:00:00,44,18,26
2015-06-21 10:00:00,42,24,18
2015-06-21 11:00:00,49,33,16
2015-06-21 12:00:00,109,66,43
2015-06-21 13:00:00,83,37,46
2015-06-21 14:00:00,73,30,43
2015-06-21 15:00:00,77,44,33
2015-06-21 16:00:00,75,37,38
2015-06-21 17:00:00,69,45,24
2015-06-21 18:00:00,34,18,16
2015-06-21 19:00:00,27,13,14
2015-06-21 20:00:00,16,6,10
2015-06-21 21:00:00,13,6,7
2015-06-21 22:00:00,10,4,6
2015-06-21 23:00:00,7,2,5
2015-06-22 00:00:00,2,1,1
2015-06-22 01:00:00,1,1,0
2015-06-22 02:00:00,1,0,1
2015-06-22 03:00:00,2,1,1
2015-06-22 04:00:00,4,0,4
2015-06-22 05:00:00,24,1,23
2015-06-22 06:00:00,79,8,71
2015-06-22 07:00:00,148,17,131
2015-06-22 08:00:00,153,20,133
2015-06-22 09:00:00,59,8,51
2015-06-22 10:00:00,26,1,25
2015-06-22 11:00:00,23,9,14
2015-06-22 12:00:00,28,14,14
2015-06-22 13:00:00,22,9,13
2015-06-22 14:00:00,41,25,16
2015-06-22 15:00:00,61,45,16
2015-06-22 16:00:00,122,99,23
2015-06-22 17:00:00,203,180,23
2015-06-22 18:00:00,137,112,25
2015-06-22 19:00:00,56,44,12
2015-06-22 20:00:00,29,13,16
2015-06-22 21:00:00,17,13,4
2015-06-22 22:00:00,11,8,3
2015-06-22 23:00:00,4,2,2
2015-06-23 00:00:00,3,1,2
2015-06-23 01:00:00,0,0,0
2015-06-23 02:00:00,4,3,1
2015-06-23 03:00:00,3,2,1
2015-06-23 04:00:00,6,2,4
2015-06-23 05:00:00,31,5,26
2015-06-23 06:00:00,106,13,93
2015-06-23 07:00:00,171,16,155
2015-06-23 08:00:00,183,17,166
2015-06-23 09:00:00,52,8,44
2015-06-23 10:00:00,31,10,21
2015-06-23 11:00:00,20,14,6
2015-06-23 12:00:00,28,17,11
2015-06-23 13:00:00,40,18,22
2015-06-23 14:00:00,31,16,15
2015-06-23 15:00:00,59,34,25
2015-06-23 16:00:00,139,109,30
2015-06-23 17:00:00,195,163,32
2015-06-23 18:00:00,179,150,29
2015-06-23 19:00:00,51,38,13
2015-06-23 20:00:00,34,29,5
2015-06-23 21:00:00,25,17,8
2015-06-23 22:00:00,22,20,2
2015-06-23 23:00:00,9,8,1
2015-06-24 00:00:00,1,1,0
2015-06-24 01:00:00,0,0,0
2015-06-24 02:00:00,5,3,2
2015-06-24 03:00:00,2,0,2
2015-06-24 04:00:00,5,2,3
2015-06-24 05:00:00,38,6,32
2015-06-24 06:00:00,103,17,86
2015-06-24 07:00:00,174,13,161
2015-06-24 08:00:00,172,18,154
2015-06-24 09:00:00,55,12,43
2015-06-24 10:00:00,39,14,25
2015-06-24 11:00:00,31,14,17
2015-06-24 12:00:00,38,16,22
2015-06-24 13:00:00,31,11,20
2015-06-24 14:00:00,41,31,10
2015-06-24 15:00:00,47,33,14
2015-06-24 16:00:00,140,108,32
2015-06-24 17:00:00,196,163,33
2015-06-24 18:00:00,165,135,30
2015-06-24 19:00:00,78,61,17
2015-06-24 20:00:00,48,24,24
2015-06-24 21:00:00,26,21,5
2015-06-24 22:00:00,22,17,5
2015-06-24 23:00:00,5,4,1
2015-06-25 00:00:00,3,1,2
2015-06-25 01:00:00,1,0,1
2015-06-25 02:00:00,1,0,1
2015-06-25 03:00:00,2,0,2
2015-06-25 04:00:00,8,2,6
2015-06-25 05:00:00,38,5,33
2015-06-25 06:00:00,99,10,89
2015-06-25 07:00:00,163,22,141
2015-06-25 08:00:00,158,15,143
2015-06-25 09:00:00,57,7,50
2015-06-25 10:00:00,35,12,23
2015-06-25 11:00:00,29,14,15
2015-06-25 12:00:00,42,16,26
2015-06-25 13:00:00,26,14,12
2015-06-25 14:00:00,55,32,23
2015-06-25 15:00:00,53,36,17
2015-06-25 16:00:00,139,100,39
2015-06-25 17:00:00,212,172,40
2015-06-25 18:00:00,134,100,34
2015-06-25 19:00:00,73,57,16
2015-06-25 20:00:00,57,35,22
2015-06-25 21:00:00,22,12,10
2015-06-25 22:00:00,13,8,5
2015-06-25 23:00:00,11,9,2
2015-06-26 00:00:00,6,3,3
2015-06-26 01:00:00,2,0,2
2015-06-26 02:00:00,2,2,0
2015-06-26 03:00:00,2,1,1
2015-06-26 04:00:00,5,1,4
2015-06-26 05:00:00,28,2,26
2015-06-26 06:00:00,68,8,60
2015-06-26 07:00:00,141,26,115
2015-06-26 08:00:00,133,17,116
2015-06-26 09:00:00,56,11,45
2015-06-26 10:00:00,28,5,23
2015-06-26 11:00:00,39,16,23
2015-06-26 12:00:00,31,16,15
2015-06-26 13:00:00,25,12,13
2015-06-26 14:00:00,36,23,13
2015-06-26 15:00:00,66,47,19
2015-06-26 16:00:00,112,89,23
2015-06-26 17:00:00,131,107,24
2015-06-26 18:00:00,72,60,12
2015-06-26 19:00:00,54,44,10
2015-06-26 20:00:00,34,23,11
2015-06-26 21:00:00,26,11,15
2015-06-26 22:00:00,15,12,3
2015-06-26 23:00:00,6,3,3
2015-06-27 00:00:00,6,4,2
2015-06-27 01:00:00,4,3,1
2015-06-27 02:00:00,1,0,1
2015-06-27 03:00:00,2,1,1
2015-06-27 04:00:00,4,1,3
2015-06-27 05:00:00,8,3,5
2015-06-27 06:00:00,32,10,22
2015-06-27 07:00:00,43,12,31
2015-06-27 08:00:00,69,40,29
2015-06-27 09:00:00,69,40,29
2015-06-27 10:00:00,105,55,50
2015-06-27 11:00:00,80,44,36
2015-06-27 12:00:00,69,35,34
2015-06-27 13:00:00,58,29,29
2015-06-27 14:00:00,73,32,41
2015-06-27 15:00:00,60,13,47
2015-06-27 16:00:00,40,18,22
2015-06-27 17:00:00,36,22,14
2015-06-27 18:00:00,33,21,12
2015-06-27 19:00:00,34,15,19
2015-06-27 20:00:00,22,12,10
2015-06-27 21:00:00,15,9,6
2015-06-27 22:00:00,8,4,4
2015-06-27 23:00:00,6,4,2
2015-06-28 00:00:00,11,8,3
2015-06-28 01:00:00,3,2,1
2015-06-28 02:00:00,5,3,2
2015-06-28 03:00:00,2,1,1
2015-06-28 04:00:00,4,2,2
2015-06-28 05:00:00,11,3,8
2015-06-28 06:00:00,13,4,9
2015-06-28 07:00:00,45,13,32
2015-06-28 08:00:00,43,22,21
2015-06-28 09:00:00,35,15,20
2015-06-28 10:00:00,53,33,20
2015-06-28 11:00:00,48,23,25
2015-06-28 12:00:00,59,21,38
2015-06-28 13:00:00,57,29,28
2015-06-28 14:00:00,39,23,16
2015-06-28 15:00:00,58,28,30
2015-06-28 16:00:00,43,23,20
2015-06-28 17:00:00,34,21,13
2015-06-28 18:00:00,30,15,15
2015-06-28 19:00:00,25,19,6
2015-06-28 20:00:00,16,8,8
2015-06-28 21:00:00,14,9,5
2015-06-28 22:00:00,1,1,0
2015-06-28 23:00:00,2,1,1
2015-06-29 00:00:00,5,3,2
2015-06-29 01:00:00,4,2,2
2015-06-29 02:00:00,1,0,1
2015-06-29 03:00:00,4,2,2
2015-06-29 04:00:00,6,1,5
2015-06-29 05:00:00,26,5,21
2015-06-29 06:00:00,98,17,81
2015-06-29 07:00:00,166,18,148
2015-06-29 08:00:00,153,19,134
2015-06-29 09:00:00,67,11,56
2015-06-29 10:00:00,40,11,29
2015-06-29 11:00:00,19,10,9
2015-06-29 12:00:00,24,14,10
2015-06-29 13:00:00,22,5,17
2015-06-29 14:00:00,46,27,19
2015-06-29 15:00:00,46,32,14
2015-06-29 16:00:00,118,98,20
2015-06-29 17:00:00,212,179,33
2015-06-29 18:00:00,163,137,26
2015-06-29 19:00:00,75,43,32
2015-06-29 20:00:00,44,33,11
2015-06-29 21:00:00,24,17,7
2015-06-29 22:00:00,10,5,5
2015-06-29 23:00:00,6,5,1
2015-06-30 00:00:00,8,5,3
2015-06-30 01:00:00,7,3,4
2015-06-30 02:00:00,1,0,1
2015-06-30 03:00:00,3,1,2
2015-06-30 04:00:00,8,3,5
2015-06-30 05:00:00,29,9,20
2015-06-30 06:00:00,104,28,76
2015-06-30 07:00:00,181,30,151
2015-06-30 08:00:00,155,18,137
2015-06-30 09:00:00,75,14,61
2015-06-30 10:00:00,33,14,19
2015-06-30 11:00:00,27,10,17
2015-06-30 12:00:00,37,19,18
2015-06-30 13:00:00,37,18,19
2015-06-30 14:00:00,45,31,14
2015-06-30 15:00:00,45,29,16
2015-06-30 16:00:00,133,100,33
2015-06-30 17:00:00,205,179,26
2015-06-30 18:00:00,160,135,25
2015-06-30 19:00:00,85,53,32
2015-06-30 20:00:00,45,32,13
2015-06-30 21:00:00,31,18,13
2015-06-30 22:00:00,13,10,3
2015-06-30 23:00:00,8,6,2
2015-07-01 00:00:00,4,2,2
2015-07-01 01:00:00,2,0,2
2015-07-01 02:00:00,3,2,1
2015-07-01 03:00:00,2,0,2
2015-07-01 04:00:00,6,2,4
2015-07-01 05:00:00,25,7,18
2015-07-01 06:00:00,90,12,78
2015-07-01 07:00:00,181,19,162
2015-07-01 08:00:00,178,21,157
2015-07-01 09:00:00,79,19,60
2015-07-01 10:00:00,36,13,23
2015-07-01 11:00:00,31,11,20
2015-07-01 12:00:00,40,27,13
2015-07-01 13:00:00,23,12,11
2015-07-01 14:00:00,34,23,11
2015-07-01 15:00:00,54,32,22
2015-07-01 16:00:00,138,115,23
2015-07-01 17:00:00,207,172,35
2015-07-01 18:00:00,150,126,24
2015-07-01 19:00:00,77,63,14
2015-07-01 20:00:00,52,35,17
2015-07-01 21:00:00,35,22,13
2015-07-01 22:00:00,15,6,9
2015-07-01 23:00:00,5,5,0
2015-07-02 00:00:00,10,8,2
2015-07-02 01:00:00,2,2,0
2015-07-02 02:00:00,3,2,1
2015-07-02 03:00:00,2,1,1
2015-07-02 04:00:00,7,1,6
2015-07-02 05:00:00,33,6,27
2015-07-02 06:00:00,77,20,57
2015-07-02 07:00:00,167,22,145
2015-07-02 08:00:00,140,18,122
2015-07-02 09:00:00,69,14,55
2015-07-02 10:00:00,34,9,25
2015-07-02 11:00:00,24,11,13
2015-07-02 12:00:00,49,28,21
2015-07-02 13:00:00,36,18,18
2015-07-02 14:00:00,52,36,16
2015-07-02 15:00:00,80,51,29
2015-07-02 16:00:00,112,87,25
2015-07-02 17:00:00,153,132,21
2015-07-02 18:00:00,88,71,17
2015-07-02 19:00:00,59,44,15
2015-07-02 20:00:00,34,23,11
2015-07-02 21:00:00,19,10,9
2015-07-02 22:00:00,12,8,4
2015-07-02 23:00:00,9,6,3
2015-07-03 00:00:00,8,5,3
2015-07-03 01:00:00,4,3,1
2015-07-03 02:00:00,3,3,0
2015-07-03 03:00:00,2,0,2
2015-07-03 04:00:00,7,4,3
2015-07-03 05:00:00,15,2,13
2015-07-03 06:00:00,19,5,14
2015-07-03 07:00:00,65,21,44
2015-07-03 08:00:00,74,38,36
2015-07-03 09:00:00,75,29,46
2015-07-03 10:00:00,68,42,26
2015-07-03 11:00:00,78,39,39
2015-07-03 12:00:00,82,49,33
2015-07-03 13:00:00,81,43,38
2015-07-03 14:00:00,55,29,26
2015-07-03 15:00:00,78,39,39
2015-07-03 16:00:00,60,35,25
2015-07-03 17:00:00,55,29,26
2015-07-03 18:00:00,39,22,17
2015-07-03 19:00:00,24,17,7
2015-07-03 20:00:00,25,11,14
2015-07-03 21:00:00,15,6,9
2015-07-03 22:00:00,18,11,7
2015-07-03 23:00:00,12,6,6
2015-07-04 00:00:00,8,6,2
2015-07-04 01:00:00,1,0,1
2015-07-04 02:00:00,0,0,0
2015-07-04 03:00:00,4,2,2
2015-07-04 04:00:00,0,0,0
2015-07-04 05:00:00,7,2,5
2015-07-04 06:00:00,19,9,10
2015-07-04 07:00:00,39,11,28
2015-07-04 08:00:00,67,39,28
2015-07-04 09:00:00,67,30,37
2015-07-04 10:00:00,67,36,31
2015-07-04 11:00:00,72,40,32
2015-07-04 12:00:00,65,34,31
2015-07-04 13:00:00,62,32,30
2015-07-04 14:00:00,53,28,25
2015-07-04 15:00:00,49,29,20
2015-07-04 16:00:00,47,22,25
2015-07-04 17:00:00,45,21,24
2015-07-04 18:00:00,40,24,16
2015-07-04 19:00:00,21,9,12
2015-07-04 20:00:00,21,10,11
2015-07-04 21:00:00,18,6,12
2015-07-04 22:00:00,11,6,5
2015-07-04 23:00:00,25,19,6
2015-07-05 00:00:00,16,3,13
2015-07-05 01:00:00,6,5,1
2015-07-05 02:00:00,5,3,2
2015-07-05 03:00:00,5,3,2
2015-07-05 04:00:00,1,1,0
2015-07-05 05:00:00,7,0,7
2015-07-05 06:00:00,11,4,7
2015-07-05 07:00:00,24,10,14
2015-07-05 08:00:00,46,19,27
2015-07-05 09:00:00,43,19,24
2015-07-05 10:00:00,61,33,28
2015-07-05 11:00:00,80,39,41
2015-07-05 12:00:00,66,33,33
2015-07-05 13:00:00,71,42,29
2015-07-05 14:00:00,51,17,34
2015-07-05 15:00:00,60,25,35
2015-07-05 16:00:00,40,18,22
2015-07-05 17:00:00,36,21,15
2015-07-05 18:00:00,33,17,16
2015-07-05 19:00:00,15,5,10
2015-07-05 20:00:00,26,12,14
2015-07-05 21:00:00,6,2,4
2015-07-05 22:00:00,4,3,1
2015-07-05 23:00:00,2,1,1
2015-07-06 00:00:00,1,1,0
2015-07-06 01:00:00,0,0,0
2015-07-06 02:00:00,2,0,2
2015-07-06 03:00:00,2,1,1
2015-07-06 04:00:00,6,0,6
2015-07-06 05:00:00,23,2,21
2015-07-06 06:00:00,88,10,78
2015-07-06 07:00:00,151,16,135
2015-07-06 08:00:00,145,21,124
2015-07-06 09:00:00,71,12,59
2015-07-06 10:00:00,23,7,16
2015-07-06 11:00:00,36,16,20
2015-07-06 12:00:00,38,22,16
2015-07-06 13:00:00,32,17,15
2015-07-06 14:00:00,26,15,11
2015-07-06 15:00:00,55,39,16
2015-07-06 16:00:00,106,83,23
2015-07-06 17:00:00,198,167,31
2015-07-06 18:00:00,141,122,19
2015-07-06 19:00:00,44,34,10
2015-07-06 20:00:00,22,15,7
2015-07-06 21:00:00,25,19,6
2015-07-06 22:00:00,11,8,3
2015-07-06 23:00:00,7,5,2
2015-07-07 00:00:00,4,4,0
2015-07-07 01:00:00,2,1,1
2015-07-07 02:00:00,2,0,2
2015-07-07 03:00:00,1,0,1
2015-07-07 04:00:00,5,1,4
2015-07-07 05:00:00,37,4,33
2015-07-07 06:00:00,114,20,94
2015-07-07 07:00:00,188,23,165
2015-07-07 08:00:00,178,19,159
2015-07-07 09:00:00,66,10,56
2015-07-07 10:00:00,39,11,28
2015-07-07 11:00:00,23,13,10
2015-07-07 12:00:00,39,20,19
2015-07-07 13:00:00,32,19,13
2015-07-07 14:00:00,29,16,13
2015-07-07 15:00:00,74,50,24
2015-07-07 16:00:00,128,103,25
2015-07-07 17:00:00,231,203,28
2015-07-07 18:00:00,146,122,24
2015-07-07 19:00:00,59,44,15
2015-07-07 20:00:00,35,22,13
2015-07-07 21:00:00,23,17,6
2015-07-07 22:00:00,17,15,2
2015-07-07 23:00:00,11,9,2
2015-07-08 00:00:00,2,2,0
2015-07-08 01:00:00,3,2,1
2015-07-08 02:00:00,4,2,2
2015-07-08 03:00:00,2,1,1
2015-07-08 04:00:00,7,0,7
2015-07-08 05:00:00,29,4,25
2015-07-08 06:00:00,101,17,84
2015-07-08 07:00:00,168,18,150
2015-07-08 08:00:00,161,10,151
2015-07-08 09:00:00,90,17,73
2015-07-08 10:00:00,37,13,24
2015-07-08 11:00:00,38,16,22
2015-07-08 12:00:00,30,11,19
2015-07-08 13:00:00,48,18,30
2015-07-08 14:00:00,42,26,16
2015-07-08 15:00:00,74,56,18
2015-07-08 16:00:00,154,114,40
2015-07-08 17:00:00,211,180,31
2015-07-08 18:00:00,137,118,19
2015-07-08 19:00:00,86,62,24
2015-07-08 20:00:00,58,27,31
2015-07-08 21:00:00,25,19,6
2015-07-08 22:00:00,17,12,5
2015-07-08 23:00:00,9,8,1
2015-07-09 00:00:00,3,3,0
2015-07-09 01:00:00,1,0,1
2015-07-09 02:00:00,2,1,1
2015-07-09 03:00:00,2,1,1
2015-07-09 04:00:00,9,1,8
2015-07-09 05:00:00,24,5,19
2015-07-09 06:00:00,91,12,79
2015-07-09 07:00:00,145,11,134
2015-07-09 08:00:00,168,24,144
2015-07-09 09:00:00,75,7,68
2015-07-09 10:00:00,36,11,25
2015-07-09 11:00:00,18,8,10
2015-07-09 12:00:00,40,16,24
2015-07-09 13:00:00,36,19,17
2015-07-09 14:00:00,30,19,11
2015-07-09 15:00:00,54,36,18
2015-07-09 16:00:00,121,94,27
2015-07-09 17:00:00,176,147,29
2015-07-09 18:00:00,147,122,25
2015-07-09 19:00:00,74,56,18
2015-07-09 20:00:00,40,31,9
2015-07-09 21:00:00,25,17,8
2015-07-09 22:00:00,15,13,2
2015-07-09 23:00:00,7,7,0
2015-07-10 00:00:00,5,3,2
2015-07-10 01:00:00,3,1,2
2015-07-10 02:00:00,2,0,2
2015-07-10 03:00:00,4,3,1
2015-07-10 04:00:00,8,3,5
2015-07-10 05:00:00,25,8,17
2015-07-10 06:00:00,72,8,64
2015-07-10 07:00:00,127,15,112
2015-07-10 08:00:00,138,22,116
2015-07-10 09:00:00,48,9,39
2015-07-10 10:00:00,22,7,15
2015-07-10 11:00:00,26,9,17
2015-07-10 12:00:00,30,13,17
2015-07-10 13:00:00,19,7,12
2015-07-10 14:00:00,30,19,11
2015-07-10 15:00:00,57,39,18
2015-07-10 16:00:00,105,88,17
2015-07-10 17:00:00,147,128,19
2015-07-10 18:00:00,83,68,15
2015-07-10 19:00:00,44,36,8
2015-07-10 20:00:00,29,22,7
2015-07-10 21:00:00,14,9,5
2015-07-10 22:00:00,19,11,8
2015-07-10 23:00:00,15,9,6
2015-07-11 00:00:00,11,3,8
2015-07-11 01:00:00,3,2,1
2015-07-11 02:00:00,3,3,0
2015-07-11 03:00:00,0,0,0
2015-07-11 04:00:00,10,7,3
2015-07-11 05:00:00,28,9,19
2015-07-11 06:00:00,15,5,10
2015-07-11 07:00:00,19,1,18
2015-07-11 08:00:00,45,23,22
2015-07-11 09:00:00,47,22,25
2015-07-11 10:00:00,43,15,28
2015-07-11 11:00:00,49,26,23
2015-07-11 12:00:00,43,20,23
2015-07-11 13:00:00,59,27,32
2015-07-11 14:00:00,54,32,22
2015-07-11 15:00:00,59,30,29
2015-07-11 16:00:00,48,26,22
2015-07-11 17:00:00,40,24,16
2015-07-11 18:00:00,24,14,10
2015-07-11 19:00:00,17,12,5
2015-07-11 20:00:00,14,12,2
2015-07-11 21:00:00,14,8,6
2015-07-11 22:00:00,21,15,6
2015-07-11 23:00:00,10,3,7
2015-07-12 00:00:00,7,3,4
2015-07-12 01:00:00,1,1,0
2015-07-12 02:00:00,2,2,0
2015-07-12 03:00:00,3,2,1
2015-07-12 04:00:00,4,1,3
2015-07-12 05:00:00,4,0,4
2015-07-12 06:00:00,6,1,5
2015-07-12 07:00:00,25,10,15
2015-07-12 08:00:00,38,14,24
2015-07-12 09:00:00,34,14,20
2015-07-12 10:00:00,45,19,26
2015-07-12 11:00:00,50,23,27
2015-07-12 12:00:00,61,31,30
2015-07-12 13:00:00,76,41,35
2015-07-12 14:00:00,69,33,36
2015-07-12 15:00:00,67,39,28
2015-07-12 16:00:00,47,22,25
2015-07-12 17:00:00,52,25,27
2015-07-12 18:00:00,29,22,7
2015-07-12 19:00:00,21,10,11
2015-07-12 20:00:00,20,6,14
2015-07-12 21:00:00,12,9,3
2015-07-12 22:00:00,9,7,2
2015-07-12 23:00:00,4,4,0
2015-07-13 00:00:00,2,2,0
2015-07-13 01:00:00,2,1,1
2015-07-13 02:00:00,2,1,1
2015-07-13 03:00:00,4,2,2
2015-07-13 04:00:00,7,1,6
2015-07-13 05:00:00,25,3,22
2015-07-13 06:00:00,77,15,62
2015-07-13 07:00:00,153,18,135
2015-07-13 08:00:00,137,14,123
2015-07-13 09:00:00,40,5,35
2015-07-13 10:00:00,40,6,34
2015-07-13 11:00:00,15,5,10
2015-07-13 12:00:00,16,12,4
2015-07-13 13:00:00,33,18,15
2015-07-13 14:00:00,28,15,13
2015-07-13 15:00:00,49,39,10
2015-07-13 16:00:00,93,74,19
2015-07-13 17:00:00,186,161,25
2015-07-13 18:00:00,110,94,16
2015-07-13 19:00:00,67,51,16
2015-07-13 20:00:00,29,19,10
2015-07-13 21:00:00,32,18,14
2015-07-13 22:00:00,12,10,2
2015-07-13 23:00:00,6,4,2
2015-07-14 00:00:00,2,1,1
2015-07-14 01:00:00,4,3,1
2015-07-14 02:00:00,5,4,1
2015-07-14 03:00:00,3,3,0
2015-07-14 04:00:00,5,1,4
2015-07-14 05:00:00,35,7,28
2015-07-14 06:00:00,83,15,68
2015-07-14 07:00:00,193,20,173
2015-07-14 08:00:00,148,19,129
2015-07-14 09:00:00,68,8,60
2015-07-14 10:00:00,39,8,31
2015-07-14 11:00:00,21,12,9
2015-07-14 12:00:00,28,14,14
2015-07-14 13:00:00,32,21,11
2015-07-14 14:00:00,31,21,10
2015-07-14 15:00:00,58,40,18
2015-07-14 16:00:00,133,105,28
2015-07-14 17:00:00,218,185,33
2015-07-14 18:00:00,139,116,23
2015-07-14 19:00:00,71,58,13
2015-07-14 20:00:00,39,23,16
2015-07-14 21:00:00,26,19,7
2015-07-14 22:00:00,18,14,4
2015-07-14 23:00:00,8,4,4
2015-07-15 00:00:00,5,5,0
2015-07-15 01:00:00,3,2,1
2015-07-15 02:00:00,1,0,1
2015-07-15 03:00:00,3,2,1
2015-07-15 04:00:00,8,2,6
2015-07-15 05:00:00,28,7,21
2015-07-15 06:00:00,90,14,76
2015-07-15 07:00:00,190,22,168
2015-07-15 08:00:00,151,15,136
2015-07-15 09:00:00,59,10,49
2015-07-15 10:00:00,43,18,25
2015-07-15 11:00:00,45,16,29
2015-07-15 12:00:00,33,21,12
2015-07-15 13:00:00,47,29,18
2015-07-15 14:00:00,30,18,12
2015-07-15 15:00:00,45,31,14
2015-07-15 16:00:00,139,99,40
2015-07-15 17:00:00,202,171,31
2015-07-15 18:00:00,146,127,19
2015-07-15 19:00:00,63,46,17
2015-07-15 20:00:00,47,30,17
2015-07-15 21:00:00,31,18,13
2015-07-15 22:00:00,12,6,6
2015-07-15 23:00:00,9,9,0
2015-07-16 00:00:00,2,0,2
2015-07-16 01:00:00,3,2,1
2015-07-16 02:00:00,3,1,2
2015-07-16 03:00:00,1,1,0
2015-07-16 04:00:00,6,2,4
2015-07-16 05:00:00,30,2,28
2015-07-16 06:00:00,91,13,78
2015-07-16 07:00:00,146,19,127
2015-07-16 08:00:00,164,24,140
2015-07-16 09:00:00,73,11,62
2015-07-16 10:00:00,29,10,19
2015-07-16 11:00:00,29,11,18
2015-07-16 12:00:00,29,17,12
2015-07-16 13:00:00,37,24,13
2015-07-16 14:00:00,38,18,20
2015-07-16 15:00:00,66,43,23
2015-07-16 16:00:00,112,85,27
2015-07-16 17:00:00,184,157,27
2015-07-16 18:00:00,131,105,26
2015-07-16 19:00:00,79,61,18
2015-07-16 20:00:00,29,21,8
2015-07-16 21:00:00,24,18,6
2015-07-16 22:00:00,14,11,3
2015-07-16 23:00:00,9,7,2
2015-07-17 00:00:00,12,8,4
2015-07-17 01:00:00,5,4,1
2015-07-17 02:00:00,3,2,1
2015-07-17 03:00:00,0,0,0
2015-07-17 04:00:00,4,1,3
2015-07-17 05:00:00,30,6,24
2015-07-17 06:00:00,83,13,70
2015-07-17 07:00:00,145,12,133
2015-07-17 08:00:00,134,14,120
2015-07-17 09:00:00,58,10,48
2015-07-17 10:00:00,23,9,14
2015-07-17 11:00:00,26,11,15
2015-07-17 12:00:00,29,17,12
2015-07-17 13:00:00,43,22,21
2015-07-17 14:00:00,46,29,17
2015-07-17 15:00:00,72,45,27
2015-07-17 16:00:00,117,89,28
2015-07-17 17:00:00,151,126,25
2015-07-17 18:00:00,107,85,22
2015-07-17 19:00:00,46,33,13
2015-07-17 20:00:00,37,24,13
2015-07-17 21:00:00,10,6,4
2015-07-17 22:00:00,17,12,5
2015-07-17 23:00:00,10,5,5
2015-07-18 00:00:00,11,8,3
2015-07-18 01:00:00,5,4,1
2015-07-18 02:00:00,6,6,0
2015-07-18 03:00:00,3,0,3
2015-07-18 04:00:00,5,2,3
2015-07-18 05:00:00,9,2,7
2015-07-18 06:00:00,17,5,12
2015-07-18 07:00:00,45,11,34
2015-07-18 08:00:00,49,21,28
2015-07-18 09:00:00,63,34,29
2015-07-18 10:00:00,60,39,21
2015-07-18 11:00:00,74,31,43
2015-07-18 12:00:00,65,33,32
2015-07-18 13:00:00,90,47,43
2015-07-18 14:00:00,59,27,32
2015-07-18 15:00:00,67,30,37
2015-07-18 16:00:00,57,38,19
2015-07-18 17:00:00,52,27,25
2015-07-18 18:00:00,49,19,30
2015-07-18 19:00:00,42,23,19
2015-07-18 20:00:00,20,7,13
2015-07-18 21:00:00,21,15,6
2015-07-18 22:00:00,22,13,9
2015-07-18 23:00:00,7,6,1
2015-07-19 00:00:00,6,5,1
2015-07-19 01:00:00,6,3,3
2015-07-19 02:00:00,1,1,0
2015-07-19 03:00:00,0,0,0
2015-07-19 04:00:00,2,2,0
2015-07-19 05:00:00,8,2,6
2015-07-19 06:00:00,14,8,6
2015-07-19 07:00:00,27,12,15
2015-07-19 08:00:00,36,14,22
2015-07-19 09:00:00,61,28,33
2015-07-19 10:00:00,85,42,43
2015-07-19 11:00:00,67,28,39
2015-07-19 12:00:00,80,45,35
2015-07-19 13:00:00,80,34,46
2015-07-19 14:00:00,48,28,20
2015-07-19 15:00:00,41,23,18
2015-07-19 16:00:00,50,29,21
2015-07-19 17:00:00,39,18,21
2015-07-19 18:00:00,31,17,14
2015-07-19 19:00:00,22,13,9
2015-07-19 20:00:00,21,9,12
2015-07-19 21:00:00,7,4,3
2015-07-19 22:00:00,8,4,4
2015-07-19 23:00:00,4,2,2
2015-07-20 00:00:00,1,0,1
2015-07-20 01:00:00,4,3,1
2015-07-20 02:00:00,4,3,1
2015-07-20 03:00:00,1,1,0
2015-07-20 04:00:00,6,2,4
2015-07-20 05:00:00,19,6,13
2015-07-20 06:00:00,78,13,65
2015-07-20 07:00:00,152,16,136
2015-07-20 08:00:00,156,22,134
2015-07-20 09:00:00,45,9,36
2015-07-20 10:00:00,28,8,20
2015-07-20 11:00:00,25,9,16
2015-07-20 12:00:00,28,18,10
2015-07-20 13:00:00,20,7,13
2015-07-20 14:00:00,37,18,19
2015-07-20 15:00:00,46,32,14
2015-07-20 16:00:00,107,82,25
2015-07-20 17:00:00,196,171,25
2015-07-20 18:00:00,130,115,15
2015-07-20 19:00:00,59,43,16
2015-07-20 20:00:00,38,27,11
2015-07-20 21:00:00,14,9,5
2015-07-20 22:00:00,11,6,5
2015-07-20 23:00:00,9,7,2
2015-07-21 00:00:00,2,1,1
2015-07-21 01:00:00,4,4,0
2015-07-21 02:00:00,4,1,3
2015-07-21 03:00:00,1,1,0
2015-07-21 04:00:00,7,2,5
2015-07-21 05:00:00,26,4,22
2015-07-21 06:00:00,55,9,46
2015-07-21 07:00:00,144,18,126
2015-07-21 08:00:00,118,13,105
2015-07-21 09:00:00,44,10,34
2015-07-21 10:00:00,29,7,22
2015-07-21 11:00:00,19,6,13
2015-07-21 12:00:00,26,12,14
2015-07-21 13:00:00,24,7,17
2015-07-21 14:00:00,25,14,11
2015-07-21 15:00:00,44,31,13
2015-07-21 16:00:00,80,63,17
2015-07-21 17:00:00,157,134,23
2015-07-21 18:00:00,122,101,21
2015-07-21 19:00:00,69,48,21
2015-07-21 20:00:00,35,24,11
2015-07-21 21:00:00,22,15,7
2015-07-21 22:00:00,7,5,2
2015-07-21 23:00:00,8,7,1
2015-07-22 00:00:00,0,0,0
2015-07-22 01:00:00,2,1,1
2015-07-22 02:00:00,3,2,1
2015-07-22 03:00:00,3,3,0
2015-07-22 04:00:00,5,1,4
2015-07-22 05:00:00,31,4,27
2015-07-22 06:00:00,88,9,79
2015-07-22 07:00:00,178,11,167
2015-07-22 08:00:00,160,25,135
2015-07-22 09:00:00,66,12,54
2015-07-22 10:00:00,36,11,25
2015-07-22 11:00:00,36,14,22
2015-07-22 12:00:00,37,20,17
2015-07-22 13:00:00,32,14,18
2015-07-22 14:00:00,33,23,10
2015-07-22 15:00:00,73,48,25
2015-07-22 16:00:00,117,95,22
2015-07-22 17:00:00,200,171,29
2015-07-22 18:00:00,165,135,30
2015-07-22 19:00:00,72,58,14
2015-07-22 20:00:00,43,25,18
2015-07-22 21:00:00,21,16,5
2015-07-22 22:00:00,9,7,2
2015-07-22 23:00:00,7,3,4
2015-07-23 00:00:00,4,3,1
2015-07-23 01:00:00,0,0,0
2015-07-23 02:00:00,1,1,0
2015-07-23 03:00:00,2,1,1
2015-07-23 04:00:00,4,1,3
2015-07-23 05:00:00,31,5,26
2015-07-23 06:00:00,85,10,75
2015-07-23 07:00:00,182,21,161
2015-07-23 08:00:00,132,15,117
2015-07-23 09:00:00,63,11,52
2015-07-23 10:00:00,27,7,20
2015-07-23 11:00:00,19,7,12
2015-07-23 12:00:00,40,19,21
2015-07-23 13:00:00,29,15,14
2015-07-23 14:00:00,44,28,16
2015-07-23 15:00:00,64,45,19
2015-07-23 16:00:00,102,77,25
2015-07-23 17:00:00,189,158,31
2015-07-23 18:00:00,121,103,18
2015-07-23 19:00:00,65,47,18
2015-07-23 20:00:00,33,22,11
2015-07-23 21:00:00,14,11,3
2015-07-23 22:00:00,23,18,5
2015-07-23 23:00:00,6,6,0
2015-07-24 00:00:00,1,1,0
2015-07-24 01:00:00,4,4,0
2015-07-24 02:00:00,3,2,1
2015-07-24 03:00:00,6,1,5
2015-07-24 04:00:00,3,2,1
2015-07-24 05:00:00,18,4,14
2015-07-24 06:00:00,73,9,64
2015-07-24 07:00:00,128,11,117
2015-07-24 08:00:00,104,24,80
2015-07-24 09:00:00,44,8,36
2015-07-24 10:00:00,23,7,16
2015-07-24 11:00:00,13,3,10
2015-07-24 12:00:00,23,7,16
2015-07-24 13:00:00,32,15,17
2015-07-24 14:00:00,33,22,11
2015-07-24 15:00:00,55,35,20
2015-07-24 16:00:00,98,77,21
2015-07-24 17:00:00,120,105,15
2015-07-24 18:00:00,73,54,19
2015-07-24 19:00:00,41,34,7
2015-07-24 20:00:00,25,16,9
2015-07-24 21:00:00,15,12,3
2015-07-24 22:00:00,9,7,2
2015-07-24 23:00:00,11,9,2
2015-07-25 00:00:00,11,8,3
2015-07-25 01:00:00,3,3,0
2015-07-25 02:00:00,0,0,0
2015-07-25 03:00:00,1,0,1
2015-07-25 04:00:00,0,0,0
2015-07-25 05:00:00,4,2,2
2015-07-25 06:00:00,9,1,8
2015-07-25 07:00:00,9,4,5
2015-07-25 08:00:00,32,9,23
2015-07-25 09:00:00,41,22,19
2015-07-25 10:00:00,42,15,27
2015-07-25 11:00:00,46,12,34
2015-07-25 12:00:00,33,20,13
2015-07-25 13:00:00,36,13,23
2015-07-25 14:00:00,37,24,13
2015-07-25 15:00:00,42,24,18
2015-07-25 16:00:00,22,11,11
2015-07-25 17:00:00,33,21,12
2015-07-25 18:00:00,24,12,12
2015-07-25 19:00:00,28,18,10
2015-07-25 20:00:00,8,7,1
2015-07-25 21:00:00,6,6,0
2015-07-25 22:00:00,4,4,0
2015-07-25 23:00:00,5,4,1
2015-07-26 00:00:00,7,3,4
2015-07-26 01:00:00,3,3,0
2015-07-26 02:00:00,0,0,0
2015-07-26 03:00:00,2,2,0
2015-07-26 04:00:00,2,1,1
2015-07-26 05:00:00,6,3,3
2015-07-26 06:00:00,11,5,6
2015-07-26 07:00:00,18,7,11
2015-07-26 08:00:00,29,7,22
2015-07-26 09:00:00,34,13,21
2015-07-26 10:00:00,40,20,20
2015-07-26 11:00:00,42,22,20
2015-07-26 12:00:00,44,25,19
2015-07-26 13:00:00,47,22,25
2015-07-26 14:00:00,54,27,27
2015-07-26 15:00:00,43,19,24
2015-07-26 16:00:00,29,18,11
2015-07-26 17:00:00,13,10,3
2015-07-26 18:00:00,11,7,4
2015-07-26 19:00:00,13,9,4
2015-07-26 20:00:00,3,3,0
2015-07-26 21:00:00,8,6,2
2015-07-26 22:00:00,2,1,1
2015-07-26 23:00:00,2,1,1
2015-07-27 00:00:00,1,0,1
2015-07-27 01:00:00,0,0,0
2015-07-27 02:00:00,1,1,0
2015-07-27 03:00:00,1,0,1
2015-07-27 04:00:00,7,1,6
2015-07-27 05:00:00,25,5,20
2015-07-27 06:00:00,76,13,63
2015-07-27 07:00:00,144,16,128
2015-07-27 08:00:00,138,19,119
2015-07-27 09:00:00,52,6,46
2015-07-27 10:00:00,26,8,18
2015-07-27 11:00:00,33,11,22
2015-07-27 12:00:00,34,15,19
2015-07-27 13:00:00,25,12,13
2015-07-27 14:00:00,35,17,18
2015-07-27 15:00:00,51,34,17
2015-07-27 16:00:00,109,86,23
2015-07-27 17:00:00,178,157,21
2015-07-27 18:00:00,116,100,16
2015-07-27 19:00:00,67,53,14
2015-07-27 20:00:00,23,14,9
2015-07-27 21:00:00,17,12,5
2015-07-27 22:00:00,10,4,6
2015-07-27 23:00:00,9,6,3
2015-07-28 00:00:00,3,2,1
2015-07-28 01:00:00,5,3,2
2015-07-28 02:00:00,3,1,2
2015-07-28 03:00:00,4,4,0
2015-07-28 04:00:00,3,1,2
2015-07-28 05:00:00,31,5,26
2015-07-28 06:00:00,100,10,90
2015-07-28 07:00:00,182,18,164
2015-07-28 08:00:00,170,25,145
2015-07-28 09:00:00,72,16,56
2015-07-28 10:00:00,36,7,29
2015-07-28 11:00:00,33,11,22
2015-07-28 12:00:00,25,11,14
2015-07-28 13:00:00,33,15,18
2015-07-28 14:00:00,30,24,6
2015-07-28 15:00:00,69,45,24
2015-07-28 16:00:00,127,95,32
2015-07-28 17:00:00,192,171,21
2015-07-28 18:00:00,185,154,31
2015-07-28 19:00:00,91,68,23
2015-07-28 20:00:00,38,21,17
2015-07-28 21:00:00,43,27,16
2015-07-28 22:00:00,19,16,3
2015-07-28 23:00:00,8,5,3
2015-07-29 00:00:00,0,0,0
2015-07-29 01:00:00,3,0,3
2015-07-29 02:00:00,1,0,1
2015-07-29 03:00:00,2,1,1
2015-07-29 04:00:00,7,1,6
2015-07-29 05:00:00,33,7,26
2015-07-29 06:00:00,106,14,92
2015-07-29 07:00:00,117,15,102
2015-07-29 08:00:00,231,27,204
2015-07-29 09:00:00,81,15,66
2015-07-29 10:00:00,48,11,37
2015-07-29 11:00:00,32,22,10
2015-07-29 12:00:00,38,9,29
2015-07-29 13:00:00,56,24,32
2015-07-29 14:00:00,45,30,15
2015-07-29 15:00:00,63,46,17
2015-07-29 16:00:00,116,92,24
2015-07-29 17:00:00,223,191,32
2015-07-29 18:00:00,152,120,32
2015-07-29 19:00:00,102,72,30
2015-07-29 20:00:00,40,29,11
2015-07-29 21:00:00,24,12,12
2015-07-29 22:00:00,16,9,7
2015-07-29 23:00:00,12,7,5
2015-07-30 00:00:00,2,2,0
2015-07-30 01:00:00,3,1,2
2015-07-30 02:00:00,2,1,1
2015-07-30 03:00:00,3,2,1
2015-07-30 04:00:00,8,1,7
2015-07-30 05:00:00,31,10,21
2015-07-30 06:00:00,81,5,76
2015-07-30 07:00:00,166,15,151
2015-07-30 08:00:00,170,22,148
2015-07-30 09:00:00,76,19,57
2015-07-30 10:00:00,38,17,21
2015-07-30 11:00:00,30,7,23
2015-07-30 12:00:00,36,23,13
2015-07-30 13:00:00,37,18,19
2015-07-30 14:00:00,31,17,14
2015-07-30 15:00:00,61,41,20
2015-07-30 16:00:00,96,77,19
2015-07-30 17:00:00,174,153,21
2015-07-30 18:00:00,132,114,18
2015-07-30 19:00:00,77,57,20
2015-07-30 20:00:00,41,23,18
2015-07-30 21:00:00,33,21,12
2015-07-30 22:00:00,23,12,11
2015-07-30 23:00:00,5,5,0
2015-07-31 00:00:00,6,6,0
2015-07-31 01:00:00,6,3,3
2015-07-31 02:00:00,3,1,2
2015-07-31 03:00:00,4,1,3
2015-07-31 04:00:00,3,1,2
2015-07-31 05:00:00,28,4,24
2015-07-31 06:00:00,69,5,64
2015-07-31 07:00:00,121,15,106
2015-07-31 08:00:00,120,13,107
2015-07-31 09:00:00,60,11,49
2015-07-31 10:00:00,46,18,28
2015-07-31 11:00:00,40,15,25
2015-07-31 12:00:00,39,19,20
2015-07-31 13:00:00,41,25,16
2015-07-31 14:00:00,36,20,16
2015-07-31 15:00:00,71,52,19
2015-07-31 16:00:00,121,100,21
2015-07-31 17:00:00,146,124,22
2015-07-31 18:00:00,71,55,16
2015-07-31 19:00:00,50,33,17
2015-07-31 20:00:00,24,17,7
2015-07-31 21:00:00,18,11,7
2015-07-31 22:00:00,7,7,0
2015-07-31 23:00:00,8,7,1
2015-08-01 00:00:00,9,5,4
2015-08-01 01:00:00,7,3,4
2015-08-01 02:00:00,1,1,0
2015-08-01 03:00:00,1,0,1
2015-08-01 04:00:00,2,1,1
2015-08-01 05:00:00,8,2,6
2015-08-01 06:00:00,20,6,14
2015-08-01 07:00:00,24,9,15
2015-08-01 08:00:00,35,19,16
2015-08-01 09:00:00,56,22,34
2015-08-01 10:00:00,73,32,41
2015-08-01 11:00:00,80,37,43
2015-08-01 12:00:00,78,33,45
2015-08-01 13:00:00,59,32,27
2015-08-01 14:00:00,81,44,37
2015-08-01 15:00:00,79,42,37
2015-08-01 16:00:00,43,28,15
2015-08-01 17:00:00,65,38,27
2015-08-01 18:00:00,35,18,17
2015-08-01 19:00:00,23,12,11
2015-08-01 20:00:00,16,10,6
2015-08-01 21:00:00,21,17,4
2015-08-01 22:00:00,8,7,1
2015-08-01 23:00:00,7,6,1
2015-08-02 00:00:00,5,3,2
2015-08-02 01:00:00,2,1,1
2015-08-02 02:00:00,4,2,2
2015-08-02 03:00:00,2,2,0
2015-08-02 04:00:00,8,2,6
2015-08-02 05:00:00,7,2,5
2015-08-02 06:00:00,9,1,8
2015-08-02 07:00:00,34,16,18
2015-08-02 08:00:00,53,27,26
2015-08-02 09:00:00,45,19,26
2015-08-02 10:00:00,81,31,50
2015-08-02 11:00:00,54,26,28
2015-08-02 12:00:00,69,31,38
2015-08-02 13:00:00,48,25,23
2015-08-02 14:00:00,75,42,33
2015-08-02 15:00:00,77,43,34
2015-08-02 16:00:00,63,33,30
2015-08-02 17:00:00,44,21,23
2015-08-02 18:00:00,46,30,16
2015-08-02 19:00:00,21,10,11
2015-08-02 20:00:00,23,12,11
2015-08-02 21:00:00,11,8,3
2015-08-02 22:00:00,9,6,3
2015-08-02 23:00:00,8,6,2
2015-08-03 00:00:00,0,0,0
2015-08-03 01:00:00,1,1,0
2015-08-03 02:00:00,3,2,1
2015-08-03 03:00:00,4,3,1
2015-08-03 04:00:00,13,4,9
2015-08-03 05:00:00,24,6,18
2015-08-03 06:00:00,94,12,82
2015-08-03 07:00:00,132,16,116
2015-08-03 08:00:00,163,21,142
2015-08-03 09:00:00,54,6,48
2015-08-03 10:00:00,34,8,26
2015-08-03 11:00:00,28,14,14
2015-08-03 12:00:00,23,14,9
2015-08-03 13:00:00,35,13,22
2015-08-03 14:00:00,35,22,13
2015-08-03 15:00:00,52,35,17
2015-08-03 16:00:00,120,97,23
2015-08-03 17:00:00,187,165,22
2015-08-03 18:00:00,152,129,23
2015-08-03 19:00:00,62,42,20
2015-08-03 20:00:00,40,23,17
2015-08-03 21:00:00,29,12,17
2015-08-03 22:00:00,7,4,3
2015-08-03 23:00:00,6,4,2
2015-08-04 00:00:00,4,4,0
2015-08-04 01:00:00,2,2,0
2015-08-04 02:00:00,1,1,0
2015-08-04 03:00:00,4,1,3
2015-08-04 04:00:00,5,1,4
2015-08-04 05:00:00,22,5,17
2015-08-04 06:00:00,91,13,78
2015-08-04 07:00:00,176,21,155
2015-08-04 08:00:00,160,22,138
2015-08-04 09:00:00,68,8,60
2015-08-04 10:00:00,33,14,19
2015-08-04 11:00:00,27,12,15
2015-08-04 12:00:00,45,21,24
2015-08-04 13:00:00,49,23,26
2015-08-04 14:00:00,35,16,19
2015-08-04 15:00:00,42,31,11
2015-08-04 16:00:00,130,104,26
2015-08-04 17:00:00,208,185,23
2015-08-04 18:00:00,150,127,23
2015-08-04 19:00:00,64,52,12
2015-08-04 20:00:00,47,33,14
2015-08-04 21:00:00,22,10,12
2015-08-04 22:00:00,13,6,7
2015-08-04 23:00:00,4,3,1
2015-08-05 00:00:00,3,3,0
2015-08-05 01:00:00,2,2,0
2015-08-05 02:00:00,1,1,0
2015-08-05 03:00:00,4,2,2
2015-08-05 04:00:00,7,1,6
2015-08-05 05:00:00,29,5,24
2015-08-05 06:00:00,105,16,89
2015-08-05 07:00:00,140,16,124
2015-08-05 08:00:00,144,7,137
2015-08-05 09:00:00,43,10,33
2015-08-05 10:00:00,29,11,18
2015-08-05 11:00:00,31,17,14
2015-08-05 12:00:00,23,9,14
2015-08-05 13:00:00,24,10,14
2015-08-05 14:00:00,33,19,14
2015-08-05 15:00:00,48,32,16
2015-08-05 16:00:00,123,99,24
2015-08-05 17:00:00,199,172,27
2015-08-05 18:00:00,111,92,19
2015-08-05 19:00:00,58,46,12
2015-08-05 20:00:00,38,26,12
2015-08-05 21:00:00,21,16,5
2015-08-05 22:00:00,8,6,2
2015-08-05 23:00:00,6,4,2
2015-08-06 00:00:00,2,2,0
2015-08-06 01:00:00,2,1,1
2015-08-06 02:00:00,1,0,1
2015-08-06 03:00:00,1,0,1
2015-08-06 04:00:00,9,2,7
2015-08-06 05:00:00,25,4,21
2015-08-06 06:00:00,69,8,61
2015-08-06 07:00:00,153,11,142
2015-08-06 08:00:00,137,11,126
2015-08-06 09:00:00,66,14,52
2015-08-06 10:00:00,30,7,23
2015-08-06 11:00:00,34,16,18
2015-08-06 12:00:00,31,13,18
2015-08-06 13:00:00,31,15,16
2015-08-06 14:00:00,39,20,19
2015-08-06 15:00:00,53,39,14
2015-08-06 16:00:00,111,88,23
2015-08-06 17:00:00,199,170,29
2015-08-06 18:00:00,146,115,31
2015-08-06 19:00:00,64,51,13
2015-08-06 20:00:00,37,26,11
2015-08-06 21:00:00,16,11,5
2015-08-06 22:00:00,12,11,1
2015-08-06 23:00:00,9,6,3
2015-08-07 00:00:00,7,6,1
2015-08-07 01:00:00,2,2,0
2015-08-07 02:00:00,2,2,0
2015-08-07 03:00:00,5,2,3
2015-08-07 04:00:00,3,0,3
2015-08-07 05:00:00,19,4,15
2015-08-07 06:00:00,68,10,58
2015-08-07 07:00:00,115,16,99
2015-08-07 08:00:00,147,19,128
2015-08-07 09:00:00,65,16,49
2015-08-07 10:00:00,19,4,15
2015-08-07 11:00:00,32,11,21
2015-08-07 12:00:00,39,20,19
2015-08-07 13:00:00,59,39,20
2015-08-07 14:00:00,31,14,17
2015-08-07 15:00:00,63,46,17
2015-08-07 16:00:00,88,69,19
2015-08-07 17:00:00,169,127,42
2015-08-07 18:00:00,103,73,30
2015-08-07 19:00:00,43,29,14
2015-08-07 20:00:00,40,24,16
2015-08-07 21:00:00,20,9,11
2015-08-07 22:00:00,12,10,2
2015-08-07 23:00:00,15,14,1
2015-08-08 00:00:00,16,14,2
2015-08-08 01:00:00,15,13,2
2015-08-08 02:00:00,6,6,0
2015-08-08 03:00:00,2,0,2
2015-08-08 04:00:00,2,0,2
2015-08-08 05:00:00,6,0,6
2015-08-08 06:00:00,10,4,6
2015-08-08 07:00:00,22,7,15
2015-08-08 08:00:00,27,9,18
2015-08-08 09:00:00,41,22,19
2015-08-08 10:00:00,47,25,22
2015-08-08 11:00:00,42,15,27
2015-08-08 12:00:00,53,24,29
2015-08-08 13:00:00,55,28,27
2015-08-08 14:00:00,48,14,34
2015-08-08 15:00:00,70,36,34
2015-08-08 16:00:00,57,31,26
2015-08-08 17:00:00,39,21,18
2015-08-08 18:00:00,27,14,13
2015-08-08 19:00:00,13,6,7
2015-08-08 20:00:00,10,7,3
2015-08-08 21:00:00,13,9,4
2015-08-08 22:00:00,7,6,1
2015-08-08 23:00:00,11,6,5
2015-08-09 00:00:00,2,2,0
2015-08-09 01:00:00,4,2,2
2015-08-09 02:00:00,4,4,0
2015-08-09 03:00:00,0,0,0
2015-08-09 04:00:00,4,2,2
2015-08-09 05:00:00,7,1,6
2015-08-09 06:00:00,8,1,7
2015-08-09 07:00:00,21,8,13
2015-08-09 08:00:00,42,19,23
2015-08-09 09:00:00,64,31,33
2015-08-09 10:00:00,61,17,44
2015-08-09 11:00:00,108,46,62
2015-08-09 12:00:00,135,39,96
2015-08-09 13:00:00,83,32,51
2015-08-09 14:00:00,72,40,32
2015-08-09 15:00:00,86,49,37
2015-08-09 16:00:00,74,45,29
2015-08-09 17:00:00,55,26,29
2015-08-09 18:00:00,37,20,17
2015-08-09 19:00:00,41,22,19
2015-08-09 20:00:00,30,13,17
2015-08-09 21:00:00,6,3,3
2015-08-09 22:00:00,6,3,3
2015-08-09 23:00:00,4,4,0
2015-08-10 00:00:00,1,1,0
2015-08-10 01:00:00,1,1,0
2015-08-10 02:00:00,2,0,2
2015-08-10 03:00:00,1,0,1
2015-08-10 04:00:00,9,2,7
2015-08-10 05:00:00,26,2,24
2015-08-10 06:00:00,77,10,67
2015-08-10 07:00:00,135,18,117
2015-08-10 08:00:00,132,18,114
2015-08-10 09:00:00,53,6,47
2015-08-10 10:00:00,25,2,23
2015-08-10 11:00:00,37,25,12
2015-08-10 12:00:00,31,15,16
2015-08-10 13:00:00,38,14,24
2015-08-10 14:00:00,32,17,15
2015-08-10 15:00:00,47,31,16
2015-08-10 16:00:00,105,91,14
2015-08-10 17:00:00,183,151,32
2015-08-10 18:00:00,137,117,20
2015-08-10 19:00:00,49,37,12
2015-08-10 20:00:00,37,23,14
2015-08-10 21:00:00,15,10,5
2015-08-10 22:00:00,7,4,3
2015-08-10 23:00:00,7,6,1
2015-08-11 00:00:00,3,2,1
2015-08-11 01:00:00,2,1,1
2015-08-11 02:00:00,2,0,2
2015-08-11 03:00:00,3,0,3
2015-08-11 04:00:00,4,2,2
2015-08-11 05:00:00,21,3,18
2015-08-11 06:00:00,90,15,75
2015-08-11 07:00:00,181,25,156
2015-08-11 08:00:00,155,14,141
2015-08-11 09:00:00,79,14,65
2015-08-11 10:00:00,23,12,11
2015-08-11 11:00:00,24,10,14
2015-08-11 12:00:00,36,18,18
2015-08-11 13:00:00,36,18,18
2015-08-11 14:00:00,36,22,14
2015-08-11 15:00:00,61,43,18
2015-08-11 16:00:00,118,96,22
2015-08-11 17:00:00,215,187,28
2015-08-11 18:00:00,158,128,30
2015-08-11 19:00:00,71,51,20
2015-08-11 20:00:00,38,24,14
2015-08-11 21:00:00,18,16,2
2015-08-11 22:00:00,7,7,0
2015-08-11 23:00:00,9,6,3
2015-08-12 00:00:00,3,3,0
2015-08-12 01:00:00,5,3,2
2015-08-12 02:00:00,2,1,1
2015-08-12 03:00:00,5,3,2
2015-08-12 04:00:00,5,1,4
2015-08-12 05:00:00,25,4,21
2015-08-12 06:00:00,91,10,81
2015-08-12 07:00:00,169,23,146
2015-08-12 08:00:00,175,17,158
2015-08-12 09:00:00,59,11,48
2015-08-12 10:00:00,41,10,31
2015-08-12 11:00:00,18,6,12
2015-08-12 12:00:00,18,8,10
2015-08-12 13:00:00,22,14,8
2015-08-12 14:00:00,29,13,16
2015-08-12 15:00:00,53,42,11
2015-08-12 16:00:00,120,97,23
2015-08-12 17:00:00,214,186,28
2015-08-12 18:00:00,125,105,20
2015-08-12 19:00:00,64,40,24
2015-08-12 20:00:00,56,41,15
2015-08-12 21:00:00,22,15,7
2015-08-12 22:00:00,8,8,0
2015-08-12 23:00:00,6,4,2
2015-08-13 00:00:00,8,2,6
2015-08-13 01:00:00,1,0,1
2015-08-13 02:00:00,6,5,1
2015-08-13 03:00:00,3,1,2
2015-08-13 04:00:00,6,1,5
2015-08-13 05:00:00,23,2,21
2015-08-13 06:00:00,82,14,68
2015-08-13 07:00:00,148,17,131
2015-08-13 08:00:00,144,18,126
2015-08-13 09:00:00,73,11,62
2015-08-13 10:00:00,33,16,17
2015-08-13 11:00:00,30,13,17
2015-08-13 12:00:00,40,16,24
2015-08-13 13:00:00,35,14,21
2015-08-13 14:00:00,35,17,18
2015-08-13 15:00:00,67,47,20
2015-08-13 16:00:00,119,87,32
2015-08-13 17:00:00,168,136,32
2015-08-13 18:00:00,120,103,17
2015-08-13 19:00:00,78,63,15
2015-08-13 20:00:00,46,31,15
2015-08-13 21:00:00,15,10,5
2015-08-13 22:00:00,12,8,4
2015-08-13 23:00:00,12,10,2
2015-08-14 00:00:00,3,3,0
2015-08-14 01:00:00,7,2,5
2015-08-14 02:00:00,2,1,1
2015-08-14 03:00:00,2,1,1
2015-08-14 04:00:00,3,0,3
2015-08-14 05:00:00,14,4,10
2015-08-14 06:00:00,42,4,38
2015-08-14 07:00:00,74,12,62
2015-08-14 08:00:00,76,7,69
2015-08-14 09:00:00,37,6,31
2015-08-14 10:00:00,20,6,14
2015-08-14 11:00:00,18,10,8
2015-08-14 12:00:00,19,11,8
2015-08-14 13:00:00,17,7,10
2015-08-14 14:00:00,11,10,1
2015-08-14 15:00:00,28,18,10
2015-08-14 16:00:00,34,28,6
2015-08-14 17:00:00,53,47,6
2015-08-14 18:00:00,35,29,6
2015-08-14 19:00:00,12,11,1
2015-08-14 20:00:00,16,13,3
2015-08-14 21:00:00,6,5,1
2015-08-14 22:00:00,5,4,1
2015-08-14 23:00:00,6,5,1
2015-08-15 00:00:00,3,3,0
2015-08-15 01:00:00,0,0,0
2015-08-15 02:00:00,1,0,1
2015-08-15 03:00:00,4,1,3
2015-08-15 04:00:00,1,0,1
2015-08-15 05:00:00,6,2,4
2015-08-15 06:00:00,10,7,3
2015-08-15 07:00:00,16,4,12
2015-08-15 08:00:00,23,8,15
2015-08-15 09:00:00,33,13,20
2015-08-15 10:00:00,40,24,16
2015-08-15 11:00:00,38,18,20
2015-08-15 12:00:00,51,31,20
2015-08-15 13:00:00,56,28,28
2015-08-15 14:00:00,58,27,31
2015-08-15 15:00:00,51,26,25
2015-08-15 16:00:00,57,32,25
2015-08-15 17:00:00,32,13,19
2015-08-15 18:00:00,23,13,10
2015-08-15 19:00:00,18,9,9
2015-08-15 20:00:00,14,12,2
2015-08-15 21:00:00,12,4,8
2015-08-15 22:00:00,10,9,1
2015-08-15 23:00:00,11,7,4
2015-08-16 00:00:00,4,2,2
2015-08-16 01:00:00,3,2,1
2015-08-16 02:00:00,5,4,1
2015-08-16 03:00:00,4,3,1
2015-08-16 04:00:00,2,1,1
2015-08-16 05:00:00,9,4,5
2015-08-16 06:00:00,5,3,2
2015-08-16 07:00:00,10,4,6
2015-08-16 08:00:00,31,10,21
2015-08-16 09:00:00,27,13,14
2015-08-16 10:00:00,62,35,27
2015-08-16 11:00:00,80,42,38
2015-08-16 12:00:00,89,41,48
2015-08-16 13:00:00,98,45,53
2015-08-16 14:00:00,83,35,48
2015-08-16 15:00:00,68,38,30
2015-08-16 16:00:00,76,42,34
2015-08-16 17:00:00,63,40,23
2015-08-16 18:00:00,48,30,18
2015-08-16 19:00:00,27,11,16
2015-08-16 20:00:00,12,5,7
2015-08-16 21:00:00,11,7,4
2015-08-16 22:00:00,10,5,5
2015-08-16 23:00:00,5,4,1
2015-08-17 00:00:00,0,0,0
2015-08-17 01:00:00,3,1,2
2015-08-17 02:00:00,1,0,1
2015-08-17 03:00:00,2,1,1
2015-08-17 04:00:00,7,2,5
2015-08-17 05:00:00,24,2,22
2015-08-17 06:00:00,70,11,59
2015-08-17 07:00:00,148,15,133
2015-08-17 08:00:00,134,15,119
2015-08-17 09:00:00,54,5,49
2015-08-17 10:00:00,22,10,12
2015-08-17 11:00:00,26,10,16
2015-08-17 12:00:00,31,17,14
2015-08-17 13:00:00,33,14,19
2015-08-17 14:00:00,25,16,9
2015-08-17 15:00:00,60,43,17
2015-08-17 16:00:00,116,90,26
2015-08-17 17:00:00,217,188,29
2015-08-17 18:00:00,135,112,23
2015-08-17 19:00:00,54,39,15
2015-08-17 20:00:00,25,10,15
2015-08-17 21:00:00,16,12,4
2015-08-17 22:00:00,13,12,1
2015-08-17 23:00:00,4,3,1
2015-08-18 00:00:00,2,2,0
2015-08-18 01:00:00,0,0,0
2015-08-18 02:00:00,2,2,0
2015-08-18 03:00:00,5,0,5
2015-08-18 04:00:00,7,3,4
2015-08-18 05:00:00,26,4,22
2015-08-18 06:00:00,84,11,73
2015-08-18 07:00:00,180,13,167
2015-08-18 08:00:00,159,21,138
2015-08-18 09:00:00,65,8,57
2015-08-18 10:00:00,36,15,21
2015-08-18 11:00:00,42,20,22
2015-08-18 12:00:00,31,21,10
2015-08-18 13:00:00,47,28,19
2015-08-18 14:00:00,41,22,19
2015-08-18 15:00:00,54,40,14
2015-08-18 16:00:00,127,96,31
2015-08-18 17:00:00,189,162,27
2015-08-18 18:00:00,136,117,19
2015-08-18 19:00:00,56,44,12
2015-08-18 20:00:00,34,28,6
2015-08-18 21:00:00,27,21,6
2015-08-18 22:00:00,12,9,3
2015-08-18 23:00:00,1,1,0
2015-08-19 00:00:00,2,2,0
2015-08-19 01:00:00,1,1,0
2015-08-19 02:00:00,3,2,1
2015-08-19 03:00:00,2,1,1
2015-08-19 04:00:00,7,0,7
2015-08-19 05:00:00,25,6,19
2015-08-19 06:00:00,77,10,67
2015-08-19 07:00:00,166,24,142
2015-08-19 08:00:00,179,14,165
2015-08-19 09:00:00,68,18,50
2015-08-19 10:00:00,32,10,22
2015-08-19 11:00:00,36,15,21
2015-08-19 12:00:00,36,14,22
2015-08-19 13:00:00,38,22,16
2015-08-19 14:00:00,35,24,11
2015-08-19 15:00:00,59,46,13
2015-08-19 16:00:00,108,84,24
2015-08-19 17:00:00,202,178,24
2015-08-19 18:00:00,123,101,22
2015-08-19 19:00:00,80,57,23
2015-08-19 20:00:00,48,28,20
2015-08-19 21:00:00,20,15,5
2015-08-19 22:00:00,6,6,0
2015-08-19 23:00:00,12,9,3
2015-08-20 00:00:00,5,5,0
2015-08-20 01:00:00,0,0,0
2015-08-20 02:00:00,2,0,2
2015-08-20 03:00:00,1,1,0
2015-08-20 04:00:00,12,2,10
2015-08-20 05:00:00,25,5,20
2015-08-20 06:00:00,71,7,64
2015-08-20 07:00:00,136,19,117
2015-08-20 08:00:00,126,10,116
2015-08-20 09:00:00,61,7,54
2015-08-20 10:00:00,30,9,21
2015-08-20 11:00:00,22,9,13
2015-08-20 12:00:00,31,21,10
2015-08-20 13:00:00,38,16,22
2015-08-20 14:00:00,38,25,13
2015-08-20 15:00:00,54,38,16
2015-08-20 16:00:00,98,78,20
2015-08-20 17:00:00,157,133,24
2015-08-20 18:00:00,110,87,23
2015-08-20 19:00:00,64,51,13
2015-08-20 20:00:00,40,33,7
2015-08-20 21:00:00,23,14,9
2015-08-20 22:00:00,11,9,2
2015-08-20 23:00:00,11,7,4
2015-08-21 00:00:00,5,4,1
2015-08-21 01:00:00,0,0,0
2015-08-21 02:00:00,3,1,2
2015-08-21 03:00:00,1,0,1
2015-08-21 04:00:00,6,1,5
2015-08-21 05:00:00,16,2,14
2015-08-21 06:00:00,51,5,46
2015-08-21 07:00:00,109,16,93
2015-08-21 08:00:00,109,12,97
2015-08-21 09:00:00,54,6,48
2015-08-21 10:00:00,31,11,20
2015-08-21 11:00:00,34,4,30
2015-08-21 12:00:00,28,12,16
2015-08-21 13:00:00,27,16,11
2015-08-21 14:00:00,30,19,11
2015-08-21 15:00:00,50,39,11
2015-08-21 16:00:00,93,74,19
2015-08-21 17:00:00,131,117,14
2015-08-21 18:00:00,73,58,15
2015-08-21 19:00:00,40,34,6
2015-08-21 20:00:00,21,14,7
2015-08-21 21:00:00,19,10,9
2015-08-21 22:00:00,9,7,2
2015-08-21 23:00:00,8,5,3
2015-08-22 00:00:00,9,8,1
2015-08-22 01:00:00,2,1,1
2015-08-22 02:00:00,5,4,1
2015-08-22 03:00:00,4,3,1
2015-08-22 04:00:00,2,0,2
2015-08-22 05:00:00,5,0,5
2015-08-22 06:00:00,9,3,6
2015-08-22 07:00:00,22,6,16
2015-08-22 08:00:00,48,18,30
2015-08-22 09:00:00,42,14,28
2015-08-22 10:00:00,117,74,43
2015-08-22 11:00:00,100,64,36
2015-08-22 12:00:00,113,45,68
2015-08-22 13:00:00,58,19,39
2015-08-22 14:00:00,53,28,25
2015-08-22 15:00:00,62,31,31
2015-08-22 16:00:00,49,30,19
2015-08-22 17:00:00,44,20,24
2015-08-22 18:00:00,26,12,14
2015-08-22 19:00:00,21,10,11
2015-08-22 20:00:00,18,13,5
2015-08-22 21:00:00,12,5,7
2015-08-22 22:00:00,10,8,2
2015-08-22 23:00:00,5,4,1
2015-08-23 00:00:00,7,5,2
2015-08-23 01:00:00,2,1,1
2015-08-23 02:00:00,2,2,0
2015-08-23 03:00:00,3,3,0
2015-08-23 04:00:00,1,1,0
2015-08-23 05:00:00,4,1,3
2015-08-23 06:00:00,10,4,6
2015-08-23 07:00:00,14,4,10
2015-08-23 08:00:00,29,14,15
2015-08-23 09:00:00,58,29,29
2015-08-23 10:00:00,45,22,23
2015-08-23 11:00:00,56,28,28
2015-08-23 12:00:00,80,45,35
2015-08-23 13:00:00,73,39,34
2015-08-23 14:00:00,79,40,39
2015-08-23 15:00:00,57,39,18
2015-08-23 16:00:00,63,33,30
2015-08-23 17:00:00,52,25,27
2015-08-23 18:00:00,36,18,18
2015-08-23 19:00:00,15,7,8
2015-08-23 20:00:00,17,8,9
2015-08-23 21:00:00,5,3,2
2015-08-23 22:00:00,3,2,1
2015-08-23 23:00:00,5,2,3
2015-08-24 00:00:00,6,2,4
2015-08-24 01:00:00,1,1,0
2015-08-24 02:00:00,3,2,1
2015-08-24 03:00:00,1,1,0
2015-08-24 04:00:00,6,0,6
2015-08-24 05:00:00,26,1,25
2015-08-24 06:00:00,66,16,50
2015-08-24 07:00:00,144,14,130
2015-08-24 08:00:00,179,31,148
2015-08-24 09:00:00,46,6,40
2015-08-24 10:00:00,23,3,20
2015-08-24 11:00:00,22,9,13
2015-08-24 12:00:00,28,13,15
2015-08-24 13:00:00,32,12,20
2015-08-24 14:00:00,35,20,15
2015-08-24 15:00:00,58,38,20
2015-08-24 16:00:00,125,95,30
2015-08-24 17:00:00,170,151,19
2015-08-24 18:00:00,113,99,14
2015-08-24 19:00:00,54,39,15
2015-08-24 20:00:00,29,25,4
2015-08-24 21:00:00,7,7,0
2015-08-24 22:00:00,12,8,4
2015-08-24 23:00:00,6,4,2
2015-08-25 00:00:00,5,5,0
2015-08-25 01:00:00,3,2,1
2015-08-25 02:00:00,2,1,1
2015-08-25 03:00:00,1,0,1
2015-08-25 04:00:00,1,0,1
2015-08-25 05:00:00,26,3,23
2015-08-25 06:00:00,78,12,66
2015-08-25 07:00:00,185,22,163
2015-08-25 08:00:00,167,23,144
2015-08-25 09:00:00,64,14,50
2015-08-25 10:00:00,28,9,19
2015-08-25 11:00:00,15,5,10
2015-08-25 12:00:00,34,19,15
2015-08-25 13:00:00,39,15,24
2015-08-25 14:00:00,35,18,17
2015-08-25 15:00:00,61,45,16
2015-08-25 16:00:00,133,96,37
2015-08-25 17:00:00,204,181,23
2015-08-25 18:00:00,143,115,28
2015-08-25 19:00:00,69,47,22
2015-08-25 20:00:00,45,35,10
2015-08-25 21:00:00,20,13,7
2015-08-25 22:00:00,13,8,5
2015-08-25 23:00:00,17,8,9
2015-08-26 00:00:00,2,1,1
2015-08-26 01:00:00,2,1,1
2015-08-26 02:00:00,1,0,1
2015-08-26 03:00:00,1,0,1
2015-08-26 04:00:00,3,0,3
2015-08-26 05:00:00,30,6,24
2015-08-26 06:00:00,73,11,62
2015-08-26 07:00:00,163,21,142
2015-08-26 08:00:00,152,11,141
2015-08-26 09:00:00,57,6,51
2015-08-26 10:00:00,42,17,25
2015-08-26 11:00:00,29,12,17
2015-08-26 12:00:00,29,17,12
2015-08-26 13:00:00,45,19,26
2015-08-26 14:00:00,36,19,17
2015-08-26 15:00:00,63,45,18
2015-08-26 16:00:00,135,103,32
2015-08-26 17:00:00,203,173,30
2015-08-26 18:00:00,103,90,13
2015-08-26 19:00:00,68,56,12
2015-08-26 20:00:00,42,22,20
2015-08-26 21:00:00,20,16,4
2015-08-26 22:00:00,9,8,1
2015-08-26 23:00:00,8,5,3
2015-08-27 00:00:00,1,0,1
2015-08-27 01:00:00,0,0,0
2015-08-27 02:00:00,2,0,2
2015-08-27 03:00:00,1,1,0
2015-08-27 04:00:00,5,1,4
2015-08-27 05:00:00,34,4,30
2015-08-27 06:00:00,78,12,66
2015-08-27 07:00:00,158,16,142
2015-08-27 08:00:00,153,24,129
2015-08-27 09:00:00,60,7,53
2015-08-27 10:00:00,35,11,24
2015-08-27 11:00:00,30,8,22
2015-08-27 12:00:00,36,21,15
2015-08-27 13:00:00,41,14,27
2015-08-27 14:00:00,45,25,20
2015-08-27 15:00:00,76,38,38
2015-08-27 16:00:00,125,101,24
2015-08-27 17:00:00,194,165,29
2015-08-27 18:00:00,113,92,21
2015-08-27 19:00:00,65,49,16
2015-08-27 20:00:00,30,24,6
2015-08-27 21:00:00,16,13,3
2015-08-27 22:00:00,17,14,3
2015-08-27 23:00:00,11,9,2
2015-08-28 00:00:00,5,4,1
2015-08-28 01:00:00,2,1,1
2015-08-28 02:00:00,3,2,1
2015-08-28 03:00:00,1,0,1
2015-08-28 04:00:00,3,2,1
2015-08-28 05:00:00,21,2,19
2015-08-28 06:00:00,36,6,30
2015-08-28 07:00:00,78,7,71
2015-08-28 08:00:00,76,10,66
2015-08-28 09:00:00,36,6,30
2015-08-28 10:00:00,25,5,20
2015-08-28 11:00:00,18,6,12
2015-08-28 12:00:00,18,8,10
2015-08-28 13:00:00,24,13,11
2015-08-28 14:00:00,28,18,10
2015-08-28 15:00:00,53,43,10
2015-08-28 16:00:00,58,47,11
2015-08-28 17:00:00,102,84,18
2015-08-28 18:00:00,60,50,10
2015-08-28 19:00:00,16,14,2
2015-08-28 20:00:00,10,5,5
2015-08-28 21:00:00,11,8,3
2015-08-28 22:00:00,8,5,3
2015-08-28 23:00:00,5,5,0
2015-08-29 00:00:00,3,1,2
2015-08-29 01:00:00,7,5,2
2015-08-29 02:00:00,1,1,0
2015-08-29 03:00:00,2,1,1
2015-08-29 04:00:00,2,1,1
2015-08-29 05:00:00,7,2,5
2015-08-29 06:00:00,2,1,1
2015-08-29 07:00:00,0,0,0
2015-08-29 08:00:00,7,0,7
2015-08-29 09:00:00,13,4,9
2015-08-29 10:00:00,16,8,8
2015-08-29 11:00:00,13,5,8
2015-08-29 12:00:00,16,7,9
2015-08-29 13:00:00,23,14,9
2015-08-29 14:00:00,16,5,11
2015-08-29 15:00:00,22,11,11
2015-08-29 16:00:00,14,6,8
2015-08-29 17:00:00,23,12,11
2015-08-29 18:00:00,6,4,2
2015-08-29 19:00:00,9,6,3
2015-08-29 20:00:00,9,6,3
2015-08-29 21:00:00,1,0,1
2015-08-29 22:00:00,1,1,0
2015-08-29 23:00:00,1,0,1
2015-08-30 00:00:00,0,0,0
2015-08-30 01:00:00,4,3,1
2015-08-30 02:00:00,0,0,0
2015-08-30 03:00:00,1,0,1
2015-08-30 04:00:00,0,0,0
2015-08-30 05:00:00,1,0,1
2015-08-30 06:00:00,3,1,2
2015-08-30 07:00:00,8,3,5
2015-08-30 08:00:00,6,3,3
2015-08-30 09:00:00,15,5,10
2015-08-30 10:00:00,21,8,13
2015-08-30 11:00:00,23,13,10
2015-08-30 12:00:00,30,14,16
2015-08-30 13:00:00,20,7,13
2015-08-30 14:00:00,33,20,13
2015-08-30 15:00:00,28,11,17
2015-08-30 16:00:00,26,19,7
2015-08-30 17:00:00,30,18,12
2015-08-30 18:00:00,14,10,4
2015-08-30 19:00:00,9,1,8
2015-08-30 20:00:00,8,4,4
2015-08-30 21:00:00,5,4,1
2015-08-30 22:00:00,2,2,0
2015-08-30 23:00:00,5,3,2
2015-08-31 00:00:00,2,2,0
2015-08-31 01:00:00,0,0,0
2015-08-31 02:00:00,1,0,1
2015-08-31 03:00:00,1,0,1
2015-08-31 04:00:00,7,1,6
2015-08-31 05:00:00,15,2,13
2015-08-31 06:00:00,49,7,42
2015-08-31 07:00:00,117,15,102
2015-08-31 08:00:00,117,11,106
2015-08-31 09:00:00,39,5,34
2015-08-31 10:00:00,16,4,12
2015-08-31 11:00:00,7,3,4
2015-08-31 12:00:00,12,6,6
2015-08-31 13:00:00,9,3,6
2015-08-31 14:00:00,19,16,3
2015-08-31 15:00:00,37,25,12
2015-08-31 16:00:00,73,58,15
2015-08-31 17:00:00,132,122,10
2015-08-31 18:00:00,82,67,15
2015-08-31 19:00:00,40,33,7
2015-08-31 20:00:00,18,14,4
2015-08-31 21:00:00,5,4,1
2015-08-31 22:00:00,2,2,0
2015-08-31 23:00:00,4,1,3
2015-09-01 00:00:00,3,3,0
2015-09-01 01:00:00,4,4,0
2015-09-01 02:00:00,1,1,0
2015-09-01 03:00:00,2,1,1
2015-09-01 04:00:00,6,1,5
2015-09-01 05:00:00,18,0,18
2015-09-01 06:00:00,53,7,46
2015-09-01 07:00:00,109,13,96
2015-09-01 08:00:00,96,13,83
2015-09-01 09:00:00,33,4,29
2015-09-01 10:00:00,9,2,7
2015-09-01 11:00:00,10,2,8
2015-09-01 12:00:00,14,7,7
2015-09-01 13:00:00,20,7,13
2015-09-01 14:00:00,21,10,11
2015-09-01 15:00:00,23,18,5
2015-09-01 16:00:00,66,53,13
2015-09-01 17:00:00,118,103,15
2015-09-01 18:00:00,73,64,9
2015-09-01 19:00:00,33,26,7
2015-09-01 20:00:00,18,14,4
2015-09-01 21:00:00,14,13,1
2015-09-01 22:00:00,2,2,0
2015-09-01 23:00:00,7,6,1
2015-09-02 00:00:00,3,2,1
2015-09-02 01:00:00,1,1,0
2015-09-02 02:00:00,2,2,0
2015-09-02 03:00:00,3,1,2
2015-09-02 04:00:00,4,0,4
2015-09-02 05:00:00,19,0,19
2015-09-02 06:00:00,67,4,63
2015-09-02 07:00:00,133,12,121
2015-09-02 08:00:00,119,13,106
2015-09-02 09:00:00,51,7,44
2015-09-02 10:00:00,26,7,19
2015-09-02 11:00:00,29,10,19
2015-09-02 12:00:00,32,11,21
2015-09-02 13:00:00,21,8,13
2015-09-02 14:00:00,26,15,11
2015-09-02 15:00:00,43,24,19
2015-09-02 16:00:00,114,88,26
2015-09-02 17:00:00,157,139,18
2015-09-02 18:00:00,117,98,19
2015-09-02 19:00:00,34,26,8
2015-09-02 20:00:00,29,22,7
2015-09-02 21:00:00,16,15,1
2015-09-02 22:00:00,5,4,1
2015-09-02 23:00:00,3,1,2
2015-09-03 00:00:00,2,2,0
2015-09-03 01:00:00,0,0,0
2015-09-03 02:00:00,2,0,2
2015-09-03 03:00:00,1,1,0
2015-09-03 04:00:00,7,1,6
2015-09-03 05:00:00,21,1,20
2015-09-03 06:00:00,70,15,55
2015-09-03 07:00:00,119,19,100
2015-09-03 08:00:00,118,15,103
2015-09-03 09:00:00,56,10,46
2015-09-03 10:00:00,21,4,17
2015-09-03 11:00:00,19,6,13
2015-09-03 12:00:00,33,13,20
2015-09-03 13:00:00,16,10,6
2015-09-03 14:00:00,25,17,8
2015-09-03 15:00:00,35,18,17
2015-09-03 16:00:00,80,56,24
2015-09-03 17:00:00,149,126,23
2015-09-03 18:00:00,97,85,12
2015-09-03 19:00:00,38,31,7
2015-09-03 20:00:00,24,18,6
2015-09-03 21:00:00,10,9,1
2015-09-03 22:00:00,7,7,0
2015-09-03 23:00:00,10,8,2
2015-09-04 00:00:00,3,2,1
2015-09-04 01:00:00,0,0,0
2015-09-04 02:00:00,2,0,2
2015-09-04 03:00:00,2,1,1
2015-09-04 04:00:00,3,0,3
2015-09-04 05:00:00,22,1,21
2015-09-04 06:00:00,57,10,47
2015-09-04 07:00:00,106,19,87
2015-09-04 08:00:00,105,14,91
2015-09-04 09:00:00,44,10,34
2015-09-04 10:00:00,30,9,21
2015-09-04 11:00:00,29,17,12
2015-09-04 12:00:00,33,10,23
2015-09-04 13:00:00,27,16,11
2015-09-04 14:00:00,33,25,8
2015-09-04 15:00:00,62,43,19
2015-09-04 16:00:00,101,76,25
2015-09-04 17:00:00,109,95,14
2015-09-04 18:00:00,59,43,16
2015-09-04 19:00:00,37,31,6
2015-09-04 20:00:00,19,13,6
2015-09-04 21:00:00,13,8,5
2015-09-04 22:00:00,2,2,0
2015-09-04 23:00:00,1,1,0
2015-09-05 00:00:00,3,1,2
2015-09-05 01:00:00,3,2,1
2015-09-05 02:00:00,2,0,2
2015-09-05 03:00:00,1,0,1
2015-09-05 04:00:00,3,1,2
2015-09-05 05:00:00,2,0,2
2015-09-05 06:00:00,10,1,9
2015-09-05 07:00:00,29,9,20
2015-09-05 08:00:00,41,23,18
2015-09-05 09:00:00,34,24,10
2015-09-05 10:00:00,63,24,39
2015-09-05 11:00:00,31,11,20
2015-09-05 12:00:00,55,29,26
2015-09-05 13:00:00,52,22,30
2015-09-05 14:00:00,72,36,36
2015-09-05 15:00:00,63,32,31
2015-09-05 16:00:00,34,20,14
2015-09-05 17:00:00,31,11,20
2015-09-05 18:00:00,24,18,6
2015-09-05 19:00:00,15,12,3
2015-09-05 20:00:00,3,2,1
2015-09-05 21:00:00,8,6,2
2015-09-05 22:00:00,4,3,1
2015-09-05 23:00:00,4,2,2
2015-09-06 00:00:00,4,2,2
2015-09-06 01:00:00,3,3,0
2015-09-06 02:00:00,1,1,0
2015-09-06 03:00:00,2,1,1
2015-09-06 04:00:00,2,2,0
2015-09-06 05:00:00,3,0,3
2015-09-06 06:00:00,2,0,2
2015-09-06 07:00:00,3,2,1
2015-09-06 08:00:00,9,3,6
2015-09-06 09:00:00,9,4,5
2015-09-06 10:00:00,19,6,13
2015-09-06 11:00:00,21,8,13
2015-09-06 12:00:00,16,11,5
2015-09-06 13:00:00,19,6,13
2015-09-06 14:00:00,16,10,6
2015-09-06 15:00:00,22,10,12
2015-09-06 16:00:00,18,12,6
2015-09-06 17:00:00,15,10,5
2015-09-06 18:00:00,15,6,9
2015-09-06 19:00:00,5,1,4
2015-09-06 20:00:00,16,11,5
2015-09-06 21:00:00,3,1,2
2015-09-06 22:00:00,2,2,0
2015-09-06 23:00:00,2,1,1
2015-09-07 00:00:00,1,1,0
2015-09-07 01:00:00,2,2,0
2015-09-07 02:00:00,3,2,1
2015-09-07 03:00:00,0,0,0
2015-09-07 04:00:00,2,2,0
2015-09-07 05:00:00,2,0,2
2015-09-07 06:00:00,5,0,5
2015-09-07 07:00:00,8,2,6
2015-09-07 08:00:00,21,7,14
2015-09-07 09:00:00,85,57,28
2015-09-07 10:00:00,52,25,27
2015-09-07 11:00:00,54,34,20
2015-09-07 12:00:00,78,53,25
2015-09-07 13:00:00,71,30,41
2015-09-07 14:00:00,79,32,47
2015-09-07 15:00:00,104,49,55
2015-09-07 16:00:00,88,51,37
2015-09-07 17:00:00,59,31,28
2015-09-07 18:00:00,47,24,23
2015-09-07 19:00:00,32,21,11
2015-09-07 20:00:00,17,7,10
2015-09-07 21:00:00,7,5,2
2015-09-07 22:00:00,6,3,3
2015-09-07 23:00:00,6,5,1
2015-09-08 00:00:00,2,2,0
2015-09-08 01:00:00,1,1,0
2015-09-08 02:00:00,2,0,2
2015-09-08 03:00:00,4,3,1
2015-09-08 04:00:00,5,0,5
2015-09-08 05:00:00,24,2,22
2015-09-08 06:00:00,59,11,48
2015-09-08 07:00:00,157,22,135
2015-09-08 08:00:00,148,17,131
2015-09-08 09:00:00,57,7,50
2015-09-08 10:00:00,15,5,10
2015-09-08 11:00:00,12,5,7
2015-09-08 12:00:00,29,15,14
2015-09-08 13:00:00,21,11,10
2015-09-08 14:00:00,27,17,10
2015-09-08 15:00:00,45,31,14
2015-09-08 16:00:00,109,79,30
2015-09-08 17:00:00,176,155,21
2015-09-08 18:00:00,137,117,20
2015-09-08 19:00:00,53,41,12
2015-09-08 20:00:00,23,20,3
2015-09-08 21:00:00,21,17,4
2015-09-08 22:00:00,9,5,4
2015-09-08 23:00:00,13,8,5
2015-09-09 00:00:00,4,2,2
2015-09-09 01:00:00,0,0,0
2015-09-09 02:00:00,2,0,2
2015-09-09 03:00:00,5,4,1
2015-09-09 04:00:00,4,0,4
2015-09-09 05:00:00,25,2,23
2015-09-09 06:00:00,72,9,63
2015-09-09 07:00:00,160,15,145
2015-09-09 08:00:00,160,21,139
2015-09-09 09:00:00,57,8,49
2015-09-09 10:00:00,39,10,29
2015-09-09 11:00:00,26,11,15
2015-09-09 12:00:00,35,18,17
2015-09-09 13:00:00,37,24,13
2015-09-09 14:00:00,33,17,16
2015-09-09 15:00:00,60,46,14
2015-09-09 16:00:00,109,77,32
2015-09-09 17:00:00,185,160,25
2015-09-09 18:00:00,141,115,26
2015-09-09 19:00:00,55,43,12
2015-09-09 20:00:00,26,21,5
2015-09-09 21:00:00,18,16,2
2015-09-09 22:00:00,17,13,4
2015-09-09 23:00:00,5,4,1
2015-09-10 00:00:00,4,2,2
2015-09-10 01:00:00,1,0,1
2015-09-10 02:00:00,3,2,1
2015-09-10 03:00:00,1,0,1
2015-09-10 04:00:00,3,0,3
2015-09-10 05:00:00,19,2,17
2015-09-10 06:00:00,74,9,65
2015-09-10 07:00:00,152,14,138
2015-09-10 08:00:00,155,19,136
2015-09-10 09:00:00,76,12,64
2015-09-10 10:00:00,36,12,24
2015-09-10 11:00:00,27,8,19
2015-09-10 12:00:00,31,18,13
2015-09-10 13:00:00,28,9,19
2015-09-10 14:00:00,36,20,16
2015-09-10 15:00:00,53,40,13
2015-09-10 16:00:00,105,82,23
2015-09-10 17:00:00,207,170,37
2015-09-10 18:00:00,123,109,14
2015-09-10 19:00:00,48,42,6
2015-09-10 20:00:00,30,19,11
2015-09-10 21:00:00,22,16,6
2015-09-10 22:00:00,13,8,5
2015-09-10 23:00:00,9,6,3
2015-09-11 00:00:00,4,2,2
2015-09-11 01:00:00,0,0,0
2015-09-11 02:00:00,3,1,2
2015-09-11 03:00:00,0,0,0
2015-09-11 04:00:00,6,0,6
2015-09-11 05:00:00,22,5,17
2015-09-11 06:00:00,58,10,48
2015-09-11 07:00:00,130,19,111
2015-09-11 08:00:00,140,14,126
2015-09-11 09:00:00,40,6,34
2015-09-11 10:00:00,38,10,28
2015-09-11 11:00:00,21,11,10
2015-09-11 12:00:00,27,14,13
2015-09-11 13:00:00,35,17,18
2015-09-11 14:00:00,48,24,24
2015-09-11 15:00:00,69,50,19
2015-09-11 16:00:00,106,80,26
2015-09-11 17:00:00,151,133,18
2015-09-11 18:00:00,67,57,10
2015-09-11 19:00:00,58,47,11
2015-09-11 20:00:00,22,16,6
2015-09-11 21:00:00,15,10,5
2015-09-11 22:00:00,9,7,2
2015-09-11 23:00:00,5,5,0
2015-09-12 00:00:00,9,3,6
2015-09-12 01:00:00,1,1,0
2015-09-12 02:00:00,2,1,1
2015-09-12 03:00:00,2,0,2
2015-09-12 04:00:00,2,1,1
2015-09-12 05:00:00,10,2,8
2015-09-12 06:00:00,7,4,3
2015-09-12 07:00:00,21,5,16
2015-09-12 08:00:00,30,13,17
2015-09-12 09:00:00,46,18,28
2015-09-12 10:00:00,66,35,31
2015-09-12 11:00:00,56,24,32
2015-09-12 12:00:00,75,39,36
2015-09-12 13:00:00,77,41,36
2015-09-12 14:00:00,70,34,36
2015-09-12 15:00:00,86,50,36
2015-09-12 16:00:00,72,44,28
2015-09-12 17:00:00,71,33,38
2015-09-12 18:00:00,32,15,17
2015-09-12 19:00:00,30,22,8
2015-09-12 20:00:00,22,12,10
2015-09-12 21:00:00,13,9,4
2015-09-12 22:00:00,9,4,5
2015-09-12 23:00:00,15,9,6
2015-09-13 00:00:00,8,4,4
2015-09-13 01:00:00,7,6,1
2015-09-13 02:00:00,2,2,0
2015-09-13 03:00:00,0,0,0
2015-09-13 04:00:00,3,2,1
2015-09-13 05:00:00,3,1,2
2015-09-13 06:00:00,1,0,1
2015-09-13 07:00:00,5,0,5
2015-09-13 08:00:00,17,6,11
2015-09-13 09:00:00,30,12,18
2015-09-13 10:00:00,34,17,17
2015-09-13 11:00:00,17,9,8
2015-09-13 12:00:00,21,4,17
2015-09-13 13:00:00,19,10,9
2015-09-13 14:00:00,35,11,24
2015-09-13 15:00:00,31,18,13
2015-09-13 16:00:00,31,20,11
2015-09-13 17:00:00,30,18,12
2015-09-13 18:00:00,15,7,8
2015-09-13 19:00:00,16,13,3
2015-09-13 20:00:00,4,3,1
2015-09-13 21:00:00,4,3,1
2015-09-13 22:00:00,3,1,2
2015-09-13 23:00:00,5,2,3
2015-09-14 00:00:00,3,2,1
2015-09-14 01:00:00,0,0,0
2015-09-14 02:00:00,1,0,1
2015-09-14 03:00:00,2,2,0
2015-09-14 04:00:00,7,1,6
2015-09-14 05:00:00,18,2,16
2015-09-14 06:00:00,62,8,54
2015-09-14 07:00:00,139,9,130
2015-09-14 08:00:00,149,12,137
2015-09-14 09:00:00,45,6,39
2015-09-14 10:00:00,26,9,17
2015-09-14 11:00:00,17,5,12
2015-09-14 12:00:00,22,10,12
2015-09-14 13:00:00,23,12,11
2015-09-14 14:00:00,25,11,14
2015-09-14 15:00:00,40,28,12
2015-09-14 16:00:00,95,75,20
2015-09-14 17:00:00,172,150,22
2015-09-14 18:00:00,95,82,13
2015-09-14 19:00:00,42,34,8
2015-09-14 20:00:00,16,12,4
2015-09-14 21:00:00,9,7,2
2015-09-14 22:00:00,5,3,2
2015-09-14 23:00:00,4,2,2
2015-09-15 00:00:00,3,2,1
2015-09-15 01:00:00,0,0,0
2015-09-15 02:00:00,3,1,2
2015-09-15 03:00:00,2,1,1
2015-09-15 04:00:00,4,0,4
2015-09-15 05:00:00,24,3,21
2015-09-15 06:00:00,61,8,53
2015-09-15 07:00:00,144,11,133
2015-09-15 08:00:00,140,18,122
2015-09-15 09:00:00,54,5,49
2015-09-15 10:00:00,23,9,14
2015-09-15 11:00:00,18,12,6
2015-09-15 12:00:00,23,14,9
2015-09-15 13:00:00,23,8,15
2015-09-15 14:00:00,22,15,7
2015-09-15 15:00:00,36,27,9
2015-09-15 16:00:00,97,79,18
2015-09-15 17:00:00,167,145,22
2015-09-15 18:00:00,112,97,15
2015-09-15 19:00:00,34,27,7
2015-09-15 20:00:00,9,7,2
2015-09-15 21:00:00,12,8,4
2015-09-15 22:00:00,10,8,2
2015-09-15 23:00:00,5,5,0
2015-09-16 00:00:00,2,0,2
2015-09-16 01:00:00,0,0,0
2015-09-16 02:00:00,2,0,2
2015-09-16 03:00:00,2,1,1
2015-09-16 04:00:00,6,0,6
2015-09-16 05:00:00,24,1,23
2015-09-16 06:00:00,57,9,48
2015-09-16 07:00:00,128,12,116
2015-09-16 08:00:00,145,10,135
2015-09-16 09:00:00,49,8,41
2015-09-16 10:00:00,23,5,18
2015-09-16 11:00:00,31,13,18
2015-09-16 12:00:00,21,9,12
2015-09-16 13:00:00,30,15,15
2015-09-16 14:00:00,43,26,17
2015-09-16 15:00:00,42,28,14
2015-09-16 16:00:00,100,75,25
2015-09-16 17:00:00,169,152,17
2015-09-16 18:00:00,107,90,17
2015-09-16 19:00:00,37,28,9
2015-09-16 20:00:00,39,28,11
2015-09-16 21:00:00,16,13,3
2015-09-16 22:00:00,8,5,3
2015-09-16 23:00:00,0,0,0
2015-09-17 00:00:00,3,2,1
2015-09-17 01:00:00,1,1,0
2015-09-17 02:00:00,1,0,1
2015-09-17 03:00:00,0,0,0
2015-09-17 04:00:00,5,0,5
2015-09-17 05:00:00,10,2,8
2015-09-17 06:00:00,47,6,41
2015-09-17 07:00:00,110,13,97
2015-09-17 08:00:00,95,5,90
2015-09-17 09:00:00,45,4,41
2015-09-17 10:00:00,15,1,14
2015-09-17 11:00:00,6,4,2
2015-09-17 12:00:00,15,10,5
2015-09-17 13:00:00,10,7,3
2015-09-17 14:00:00,19,8,11
2015-09-17 15:00:00,21,13,8
2015-09-17 16:00:00,43,36,7
2015-09-17 17:00:00,100,90,10
2015-09-17 18:00:00,68,63,5
2015-09-17 19:00:00,62,58,4
2015-09-17 20:00:00,16,13,3
2015-09-17 21:00:00,11,9,2
2015-09-17 22:00:00,5,3,2
2015-09-17 23:00:00,22,3,19
2015-09-18 00:00:00,9,1,8
2015-09-18 01:00:00,7,2,5
2015-09-18 02:00:00,9,1,8
2015-09-18 03:00:00,0,0,0
2015-09-18 04:00:00,4,1,3
2015-09-18 05:00:00,13,2,11
2015-09-18 06:00:00,44,8,36
2015-09-18 07:00:00,109,20,89
2015-09-18 08:00:00,115,17,98
2015-09-18 09:00:00,40,6,34
2015-09-18 10:00:00,20,7,13
2015-09-18 11:00:00,11,5,6
2015-09-18 12:00:00,20,8,12
2015-09-18 13:00:00,28,12,16
2015-09-18 14:00:00,30,20,10
2015-09-18 15:00:00,49,33,16
2015-09-18 16:00:00,82,64,18
2015-09-18 17:00:00,119,110,9
2015-09-18 18:00:00,81,71,10
2015-09-18 19:00:00,32,27,5
2015-09-18 20:00:00,9,4,5
2015-09-18 21:00:00,14,11,3
2015-09-18 22:00:00,2,1,1
2015-09-18 23:00:00,2,1,1
2015-09-19 00:00:00,8,7,1
2015-09-19 01:00:00,0,0,0
2015-09-19 02:00:00,3,1,2
2015-09-19 03:00:00,1,1,0
2015-09-19 04:00:00,1,1,0
2015-09-19 05:00:00,8,1,7
2015-09-19 06:00:00,16,2,14
2015-09-19 07:00:00,18,5,13
2015-09-19 08:00:00,27,11,16
2015-09-19 09:00:00,34,14,20
2015-09-19 10:00:00,35,15,20
2015-09-19 11:00:00,61,31,30
2015-09-19 12:00:00,60,32,28
2015-09-19 13:00:00,50,26,24
2015-09-19 14:00:00,49,27,22
2015-09-19 15:00:00,41,19,22
2015-09-19 16:00:00,48,29,19
2015-09-19 17:00:00,37,25,12
2015-09-19 18:00:00,30,19,11
2015-09-19 19:00:00,12,9,3
2015-09-19 20:00:00,7,5,2
2015-09-19 21:00:00,4,3,1
2015-09-19 22:00:00,1,1,0
2015-09-19 23:00:00,2,2,0
2015-09-20 00:00:00,5,4,1
2015-09-20 01:00:00,1,1,0
2015-09-20 02:00:00,0,0,0
2015-09-20 03:00:00,3,2,1
2015-09-20 04:00:00,2,0,2
2015-09-20 05:00:00,4,1,3
2015-09-20 06:00:00,0,0,0
2015-09-20 07:00:00,9,3,6
2015-09-20 08:00:00,19,11,8
2015-09-20 09:00:00,31,16,15
2015-09-20 10:00:00,32,13,19
2015-09-20 11:00:00,47,22,25
2015-09-20 12:00:00,30,15,15
2015-09-20 13:00:00,36,14,22
2015-09-20 14:00:00,30,15,15
2015-09-20 15:00:00,29,18,11
2015-09-20 16:00:00,31,13,18
2015-09-20 17:00:00,27,20,7
2015-09-20 18:00:00,18,10,8
2015-09-20 19:00:00,10,8,2
2015-09-20 20:00:00,3,1,2
2015-09-20 21:00:00,2,1,1
2015-09-20 22:00:00,0,0,0
2015-09-20 23:00:00,5,3,2
2015-09-21 00:00:00,2,2,0
2015-09-21 01:00:00,0,0,0
2015-09-21 02:00:00,0,0,0
2015-09-21 03:00:00,1,1,0
2015-09-21 04:00:00,4,1,3
2015-09-21 05:00:00,25,3,22
2015-09-21 06:00:00,59,7,52
2015-09-21 07:00:00,170,20,150
2015-09-21 08:00:00,157,21,136
2015-09-21 09:00:00,45,6,39
2015-09-21 10:00:00,28,6,22
2015-09-21 11:00:00,21,8,13
2015-09-21 12:00:00,34,16,18
2015-09-21 13:00:00,27,12,15
2015-09-21 14:00:00,34,23,11
2015-09-21 15:00:00,54,38,16
2015-09-21 16:00:00,117,96,21
2015-09-21 17:00:00,173,153,20
2015-09-21 18:00:00,145,124,21
2015-09-21 19:00:00,42,33,9
2015-09-21 20:00:00,21,13,8
2015-09-21 21:00:00,11,8,3
2015-09-21 22:00:00,9,6,3
2015-09-21 23:00:00,6,6,0
2015-09-22 00:00:00,1,1,0
2015-09-22 01:00:00,1,1,0
2015-09-22 02:00:00,1,0,1
2015-09-22 03:00:00,4,2,2
2015-09-22 04:00:00,2,0,2
2015-09-22 05:00:00,36,4,32
2015-09-22 06:00:00,95,12,83
2015-09-22 07:00:00,191,25,166
2015-09-22 08:00:00,183,14,169
2015-09-22 09:00:00,51,4,47
2015-09-22 10:00:00,36,12,24
2015-09-22 11:00:00,23,7,16
2015-09-22 12:00:00,35,24,11
2015-09-22 13:00:00,37,19,18
2015-09-22 14:00:00,43,20,23
2015-09-22 15:00:00,54,39,15
2015-09-22 16:00:00,142,120,22
2015-09-22 17:00:00,209,181,28
2015-09-22 18:00:00,154,136,18
2015-09-22 19:00:00,56,44,12
2015-09-22 20:00:00,24,18,6
2015-09-22 21:00:00,8,7,1
2015-09-22 22:00:00,12,11,1
2015-09-22 23:00:00,2,1,1
2015-09-23 00:00:00,1,1,0
2015-09-23 01:00:00,0,0,0
2015-09-23 02:00:00,1,0,1
2015-09-23 03:00:00,3,2,1
2015-09-23 04:00:00,3,1,2
2015-09-23 05:00:00,30,3,27
2015-09-23 06:00:00,78,9,69
2015-09-23 07:00:00,178,24,154
2015-09-23 08:00:00,176,15,161
2015-09-23 09:00:00,65,5,60
2015-09-23 10:00:00,35,9,26
2015-09-23 11:00:00,27,13,14
2015-09-23 12:00:00,41,15,26
2015-09-23 13:00:00,39,19,20
2015-09-23 14:00:00,37,21,16
2015-09-23 15:00:00,69,51,18
2015-09-23 16:00:00,130,109,21
2015-09-23 17:00:00,220,184,36
2015-09-23 18:00:00,136,111,25
2015-09-23 19:00:00,68,56,12
2015-09-23 20:00:00,29,18,11
2015-09-23 21:00:00,30,25,5
2015-09-23 22:00:00,18,11,7
2015-09-23 23:00:00,6,3,3
2015-09-24 00:00:00,5,3,2
2015-09-24 01:00:00,0,0,0
2015-09-24 02:00:00,3,1,2
2015-09-24 03:00:00,3,3,0
2015-09-24 04:00:00,6,1,5
2015-09-24 05:00:00,37,7,30
2015-09-24 06:00:00,87,7,80
2015-09-24 07:00:00,157,16,141
2015-09-24 08:00:00,132,7,125
2015-09-24 09:00:00,62,8,54
2015-09-24 10:00:00,27,4,23
2015-09-24 11:00:00,24,10,14
2015-09-24 12:00:00,20,9,11
2015-09-24 13:00:00,34,14,20
2015-09-24 14:00:00,39,19,20
2015-09-24 15:00:00,57,42,15
2015-09-24 16:00:00,123,99,24
2015-09-24 17:00:00,177,157,20
2015-09-24 18:00:00,112,98,14
2015-09-24 19:00:00,73,60,13
2015-09-24 20:00:00,24,15,9
2015-09-24 21:00:00,17,8,9
2015-09-24 22:00:00,8,8,0
2015-09-24 23:00:00,7,5,2
2015-09-25 00:00:00,6,4,2
2015-09-25 01:00:00,2,2,0
2015-09-25 02:00:00,2,1,1
2015-09-25 03:00:00,1,1,0
2015-09-25 04:00:00,3,0,3
2015-09-25 05:00:00,20,1,19
2015-09-25 06:00:00,50,12,38
2015-09-25 07:00:00,80,12,68
2015-09-25 08:00:00,81,10,71
2015-09-25 09:00:00,32,5,27
2015-09-25 10:00:00,18,2,16
2015-09-25 11:00:00,7,3,4
2015-09-25 12:00:00,6,1,5
2015-09-25 13:00:00,18,13,5
2015-09-25 14:00:00,15,9,6
2015-09-25 15:00:00,34,28,6
2015-09-25 16:00:00,63,51,12
2015-09-25 17:00:00,102,88,14
2015-09-25 18:00:00,46,42,4
2015-09-25 19:00:00,13,12,1
2015-09-25 20:00:00,14,14,0
2015-09-25 21:00:00,7,3,4
2015-09-25 22:00:00,4,2,2
2015-09-25 23:00:00,2,2,0
2015-09-26 00:00:00,2,1,1
2015-09-26 01:00:00,2,2,0
2015-09-26 02:00:00,2,0,2
2015-09-26 03:00:00,2,0,2
2015-09-26 04:00:00,0,0,0
2015-09-26 05:00:00,7,0,7
2015-09-26 06:00:00,7,0,7
2015-09-26 07:00:00,14,1,13
2015-09-26 08:00:00,19,10,9
2015-09-26 09:00:00,37,17,20
2015-09-26 10:00:00,26,14,12
2015-09-26 11:00:00,42,16,26
2015-09-26 12:00:00,55,19,36
2015-09-26 13:00:00,61,41,20
2015-09-26 14:00:00,26,14,12
2015-09-26 15:00:00,42,19,23
2015-09-26 16:00:00,44,25,19
2015-09-26 17:00:00,34,18,16
2015-09-26 18:00:00,18,12,6
2015-09-26 19:00:00,25,14,11
2015-09-26 20:00:00,15,9,6
2015-09-26 21:00:00,4,2,2
2015-09-26 22:00:00,12,8,4
2015-09-26 23:00:00,6,4,2
2015-09-27 00:00:00,2,1,1
2015-09-27 01:00:00,1,1,0
2015-09-27 02:00:00,1,1,0
2015-09-27 03:00:00,1,0,1
2015-09-27 04:00:00,3,1,2
2015-09-27 05:00:00,4,1,3
2015-09-27 06:00:00,1,0,1
2015-09-27 07:00:00,10,2,8
2015-09-27 08:00:00,21,8,13
2015-09-27 09:00:00,29,10,19
2015-09-27 10:00:00,47,18,29
2015-09-27 11:00:00,69,36,33
2015-09-27 12:00:00,64,30,34
2015-09-27 13:00:00,51,24,27
2015-09-27 14:00:00,54,25,29
2015-09-27 15:00:00,44,29,15
2015-09-27 16:00:00,42,22,20
2015-09-27 17:00:00,24,17,7
2015-09-27 18:00:00,17,8,9
2015-09-27 19:00:00,8,8,0
2015-09-27 20:00:00,5,4,1
2015-09-27 21:00:00,6,2,4
2015-09-27 22:00:00,2,2,0
2015-09-27 23:00:00,3,1,2
2015-09-28 00:00:00,3,1,2
2015-09-28 01:00:00,1,0,1
2015-09-28 02:00:00,2,1,1
2015-09-28 03:00:00,2,1,1
2015-09-28 04:00:00,4,1,3
2015-09-28 05:00:00,30,2,28
2015-09-28 06:00:00,74,10,64
2015-09-28 07:00:00,142,11,131
2015-09-28 08:00:00,153,12,141
2015-09-28 09:00:00,47,6,41
2015-09-28 10:00:00,28,5,23
2015-09-28 11:00:00,18,9,9
2015-09-28 12:00:00,33,14,19
2015-09-28 13:00:00,28,14,14
2015-09-28 14:00:00,28,17,11
2015-09-28 15:00:00,49,32,17
2015-09-28 16:00:00,116,86,30
2015-09-28 17:00:00,164,143,21
2015-09-28 18:00:00,134,121,13
2015-09-28 19:00:00,52,34,18
2015-09-28 20:00:00,16,12,4
2015-09-28 21:00:00,8,7,1
2015-09-28 22:00:00,5,2,3
2015-09-28 23:00:00,5,1,4
2015-09-29 00:00:00,2,1,1
2015-09-29 01:00:00,3,3,0
2015-09-29 02:00:00,1,0,1
2015-09-29 03:00:00,3,1,2
2015-09-29 04:00:00,3,0,3
2015-09-29 05:00:00,24,1,23
2015-09-29 06:00:00,81,13,68
2015-09-29 07:00:00,165,15,150
2015-09-29 08:00:00,176,16,160
2015-09-29 09:00:00,78,16,62
2015-09-29 10:00:00,40,10,30
2015-09-29 11:00:00,20,7,13
2015-09-29 12:00:00,29,11,18
2015-09-29 13:00:00,38,14,24
2015-09-29 14:00:00,30,19,11
2015-09-29 15:00:00,53,42,11
2015-09-29 16:00:00,134,98,36
2015-09-29 17:00:00,220,193,27
2015-09-29 18:00:00,135,118,17
2015-09-29 19:00:00,47,36,11
2015-09-29 20:00:00,22,18,4
2015-09-29 21:00:00,13,12,1
2015-09-29 22:00:00,6,5,1
2015-09-29 23:00:00,5,3,2
2015-09-30 00:00:00,4,1,3
2015-09-30 01:00:00,2,2,0
2015-09-30 02:00:00,1,0,1
2015-09-30 03:00:00,4,2,2
2015-09-30 04:00:00,5,0,5
2015-09-30 05:00:00,40,2,38
2015-09-30 06:00:00,62,9,53
2015-09-30 07:00:00,161,17,144
2015-09-30 08:00:00,162,11,151
2015-09-30 09:00:00,55,5,50
2015-09-30 10:00:00,32,9,23
2015-09-30 11:00:00,16,9,7
2015-09-30 12:00:00,19,5,14
2015-09-30 13:00:00,14,8,6
2015-09-30 14:00:00,34,21,13
2015-09-30 15:00:00,50,32,18
2015-09-30 16:00:00,130,107,23
2015-09-30 17:00:00,199,177,22
2015-09-30 18:00:00,119,95,24
2015-09-30 19:00:00,57,49,8
2015-09-30 20:00:00,37,23,14
2015-09-30 21:00:00,11,8,3
2015-09-30 22:00:00,10,7,3
2015-09-30 23:00:00,4,2,2
2015-10-01 00:00:00,3,1,2
2015-10-01 01:00:00,1,0,1
2015-10-01 02:00:00,2,1,1
2015-10-01 03:00:00,3,2,1
2015-10-01 04:00:00,4,0,4
2015-10-01 05:00:00,31,4,27
2015-10-01 06:00:00,96,15,81
2015-10-01 07:00:00,135,15,120
2015-10-01 08:00:00,147,15,132
2015-10-01 09:00:00,61,9,52
2015-10-01 10:00:00,27,12,15
2015-10-01 11:00:00,23,9,14
2015-10-01 12:00:00,30,15,15
2015-10-01 13:00:00,28,9,19
2015-10-01 14:00:00,41,23,18
2015-10-01 15:00:00,55,43,12
2015-10-01 16:00:00,112,85,27
2015-10-01 17:00:00,188,161,27
2015-10-01 18:00:00,94,79,15
2015-10-01 19:00:00,37,31,6
2015-10-01 20:00:00,24,18,6
2015-10-01 21:00:00,9,7,2
2015-10-01 22:00:00,11,4,7
2015-10-01 23:00:00,7,4,3
2015-10-02 00:00:00,3,2,1
2015-10-02 01:00:00,2,0,2
2015-10-02 02:00:00,1,0,1
2015-10-02 03:00:00,5,3,2
2015-10-02 04:00:00,4,0,4
2015-10-02 05:00:00,24,3,21
2015-10-02 06:00:00,59,10,49
2015-10-02 07:00:00,105,12,93
2015-10-02 08:00:00,106,9,97
2015-10-02 09:00:00,37,2,35
2015-10-02 10:00:00,19,7,12
2015-10-02 11:00:00,11,4,7
2015-10-02 12:00:00,17,9,8
2015-10-02 13:00:00,19,6,13
2015-10-02 14:00:00,22,16,6
2015-10-02 15:00:00,44,32,12
2015-10-02 16:00:00,80,66,14
2015-10-02 17:00:00,124,113,11
2015-10-02 18:00:00,65,58,7
2015-10-02 19:00:00,20,16,4
2015-10-02 20:00:00,8,6,2
2015-10-02 21:00:00,8,8,0
2015-10-02 22:00:00,5,4,1
2015-10-02 23:00:00,3,2,1
2015-10-03 00:00:00,3,1,2
2015-10-03 01:00:00,3,2,1
2015-10-03 02:00:00,2,2,0
2015-10-03 03:00:00,2,1,1
2015-10-03 04:00:00,1,1,0
2015-10-03 05:00:00,3,0,3
2015-10-03 06:00:00,3,1,2
2015-10-03 07:00:00,9,1,8
2015-10-03 08:00:00,24,11,13
2015-10-03 09:00:00,26,10,16
2015-10-03 10:00:00,44,13,31
2015-10-03 11:00:00,28,12,16
2015-10-03 12:00:00,56,31,25
2015-10-03 13:00:00,47,24,23
2015-10-03 14:00:00,38,24,14
2015-10-03 15:00:00,67,39,28
2015-10-03 16:00:00,53,26,27
2015-10-03 17:00:00,31,19,12
2015-10-03 18:00:00,21,10,11
2015-10-03 19:00:00,9,5,4
2015-10-03 20:00:00,11,6,5
2015-10-03 21:00:00,2,2,0
2015-10-03 22:00:00,1,1,0
2015-10-03 23:00:00,8,3,5
2015-10-04 00:00:00,2,0,2
2015-10-04 01:00:00,4,4,0
2015-10-04 02:00:00,0,0,0
2015-10-04 03:00:00,3,2,1
2015-10-04 04:00:00,3,2,1
2015-10-04 05:00:00,5,1,4
2015-10-04 06:00:00,4,2,2
2015-10-04 07:00:00,8,3,5
2015-10-04 08:00:00,31,5,26
2015-10-04 09:00:00,25,8,17
2015-10-04 10:00:00,37,17,20
2015-10-04 11:00:00,69,40,29
2015-10-04 12:00:00,65,35,30
2015-10-04 13:00:00,59,30,29
2015-10-04 14:00:00,74,33,41
2015-10-04 15:00:00,81,40,41
2015-10-04 16:00:00,63,33,30
2015-10-04 17:00:00,43,24,19
2015-10-04 18:00:00,25,12,13
2015-10-04 19:00:00,15,7,8
2015-10-04 20:00:00,10,9,1
2015-10-04 21:00:00,6,5,1
2015-10-04 22:00:00,4,3,1
2015-10-04 23:00:00,3,2,1
2015-10-05 00:00:00,2,1,1
2015-10-05 01:00:00,2,1,1
2015-10-05 02:00:00,1,0,1
2015-10-05 03:00:00,1,1,0
2015-10-05 04:00:00,10,2,8
2015-10-05 05:00:00,28,2,26
2015-10-05 06:00:00,75,11,64
2015-10-05 07:00:00,162,19,143
2015-10-05 08:00:00,171,14,157
2015-10-05 09:00:00,61,7,54
2015-10-05 10:00:00,20,2,18
2015-10-05 11:00:00,24,7,17
2015-10-05 12:00:00,20,9,11
2015-10-05 13:00:00,28,14,14
2015-10-05 14:00:00,36,20,16
2015-10-05 15:00:00,62,44,18
2015-10-05 16:00:00,157,127,30
2015-10-05 17:00:00,183,164,19
2015-10-05 18:00:00,102,89,13
2015-10-05 19:00:00,30,23,7
2015-10-05 20:00:00,21,16,5
2015-10-05 21:00:00,15,14,1
2015-10-05 22:00:00,7,5,2
2015-10-05 23:00:00,3,2,1
2015-10-06 00:00:00,1,1,0
2015-10-06 01:00:00,2,2,0
2015-10-06 02:00:00,2,1,1
2015-10-06 03:00:00,2,1,1
2015-10-06 04:00:00,5,2,3
2015-10-06 05:00:00,34,4,30
2015-10-06 06:00:00,82,19,63
2015-10-06 07:00:00,151,13,138
2015-10-06 08:00:00,170,11,159
2015-10-06 09:00:00,55,11,44
2015-10-06 10:00:00,20,6,14
2015-10-06 11:00:00,13,2,11
2015-10-06 12:00:00,15,11,4
2015-10-06 13:00:00,25,13,12
2015-10-06 14:00:00,32,18,14
2015-10-06 15:00:00,35,25,10
2015-10-06 16:00:00,104,84,20
2015-10-06 17:00:00,187,158,29
2015-10-06 18:00:00,132,117,15
2015-10-06 19:00:00,44,41,3
2015-10-06 20:00:00,20,14,6
2015-10-06 21:00:00,10,10,0
2015-10-06 22:00:00,7,5,2
2015-10-06 23:00:00,1,1,0
2015-10-07 00:00:00,2,1,1
2015-10-07 01:00:00,1,1,0
2015-10-07 02:00:00,2,1,1
2015-10-07 03:00:00,1,1,0
2015-10-07 04:00:00,2,0,2
2015-10-07 05:00:00,21,4,17
2015-10-07 06:00:00,47,6,41
2015-10-07 07:00:00,94,14,80
2015-10-07 08:00:00,99,3,96
2015-10-07 09:00:00,24,2,22
2015-10-07 10:00:00,10,2,8
2015-10-07 11:00:00,14,2,12
2015-10-07 12:00:00,6,4,2
2015-10-07 13:00:00,8,5,3
2015-10-07 14:00:00,12,8,4
2015-10-07 15:00:00,25,19,6
2015-10-07 16:00:00,69,50,19
2015-10-07 17:00:00,105,93,12
2015-10-07 18:00:00,71,67,4
2015-10-07 19:00:00,30,30,0
2015-10-07 20:00:00,12,8,4
2015-10-07 21:00:00,12,8,4
2015-10-07 22:00:00,5,4,1
2015-10-07 23:00:00,1,1,0
2015-10-08 00:00:00,1,0,1
2015-10-08 01:00:00,2,1,1
2015-10-08 02:00:00,1,1,0
2015-10-08 03:00:00,0,0,0
2015-10-08 04:00:00,6,0,6
2015-10-08 05:00:00,33,8,25
2015-10-08 06:00:00,80,16,64
2015-10-08 07:00:00,127,24,103
2015-10-08 08:00:00,139,22,117
2015-10-08 09:00:00,59,11,48
2015-10-08 10:00:00,30,14,16
2015-10-08 11:00:00,15,6,9
2015-10-08 12:00:00,30,14,16
2015-10-08 13:00:00,22,6,16
2015-10-08 14:00:00,27,12,15
2015-10-08 15:00:00,44,33,11
2015-10-08 16:00:00,103,89,14
2015-10-08 17:00:00,162,136,26
2015-10-08 18:00:00,82,74,8
2015-10-08 19:00:00,38,34,4
2015-10-08 20:00:00,68,64,4
2015-10-08 21:00:00,9,4,5
2015-10-08 22:00:00,13,11,2
2015-10-08 23:00:00,7,2,5
2015-10-09 00:00:00,2,0,2
2015-10-09 01:00:00,1,1,0
2015-10-09 02:00:00,2,1,1
2015-10-09 03:00:00,5,2,3
2015-10-09 04:00:00,4,0,4
2015-10-09 05:00:00,23,3,20
2015-10-09 06:00:00,45,10,35
2015-10-09 07:00:00,113,15,98
2015-10-09 08:00:00,100,6,94
2015-10-09 09:00:00,40,7,33
2015-10-09 10:00:00,24,9,15
2015-10-09 11:00:00,13,8,5
2015-10-09 12:00:00,10,3,7
2015-10-09 13:00:00,17,9,8
2015-10-09 14:00:00,28,15,13
2015-10-09 15:00:00,50,31,19
2015-10-09 16:00:00,83,73,10
2015-10-09 17:00:00,106,91,15
2015-10-09 18:00:00,65,59,6
2015-10-09 19:00:00,31,27,4
2015-10-09 20:00:00,7,5,2
2015-10-09 21:00:00,16,11,5
2015-10-09 22:00:00,4,2,2
2015-10-09 23:00:00,3,2,1
2015-10-10 00:00:00,2,1,1
2015-10-10 01:00:00,3,2,1
2015-10-10 02:00:00,1,1,0
2015-10-10 03:00:00,2,1,1
2015-10-10 04:00:00,0,0,0
2015-10-10 05:00:00,3,1,2
2015-10-10 06:00:00,4,0,4
2015-10-10 07:00:00,3,1,2
2015-10-10 08:00:00,13,6,7
2015-10-10 09:00:00,13,4,9
2015-10-10 10:00:00,4,3,1
2015-10-10 11:00:00,3,3,0
2015-10-10 12:00:00,13,9,4
2015-10-10 13:00:00,7,1,6
2015-10-10 14:00:00,4,3,1
2015-10-10 15:00:00,2,1,1
2015-10-10 16:00:00,5,5,0
2015-10-10 17:00:00,7,5,2
2015-10-10 18:00:00,10,6,4
2015-10-10 19:00:00,4,2,2
2015-10-10 20:00:00,0,0,0
2015-10-10 21:00:00,3,1,2
2015-10-10 22:00:00,4,2,2
2015-10-10 23:00:00,4,1,3
2015-10-11 00:00:00,3,2,1
2015-10-11 01:00:00,0,0,0
2015-10-11 02:00:00,2,0,2
2015-10-11 03:00:00,2,1,1
2015-10-11 04:00:00,1,1,0
2015-10-11 05:00:00,3,0,3
2015-10-11 06:00:00,5,2,3
2015-10-11 07:00:00,6,4,2
2015-10-11 08:00:00,18,3,15
2015-10-11 09:00:00,29,11,18
2015-10-11 10:00:00,30,20,10
2015-10-11 11:00:00,44,16,28
2015-10-11 12:00:00,53,21,32
2015-10-11 13:00:00,47,24,23
2015-10-11 14:00:00,60,28,32
2015-10-11 15:00:00,58,34,24
2015-10-11 16:00:00,39,21,18
2015-10-11 17:00:00,31,15,16
2015-10-11 18:00:00,24,17,7
2015-10-11 19:00:00,10,7,3
2015-10-11 20:00:00,11,4,7
2015-10-11 21:00:00,2,1,1
2015-10-11 22:00:00,4,3,1
2015-10-11 23:00:00,3,0,3
2015-10-12 00:00:00,0,0,0
2015-10-12 01:00:00,0,0,0
2015-10-12 02:00:00,2,1,1
2015-10-12 03:00:00,2,1,1
2015-10-12 04:00:00,6,0,6
2015-10-12 05:00:00,17,3,14
2015-10-12 06:00:00,59,9,50
2015-10-12 07:00:00,126,10,116
2015-10-12 08:00:00,158,13,145
2015-10-12 09:00:00,55,8,47
2015-10-12 10:00:00,27,6,21
2015-10-12 11:00:00,11,3,8
2015-10-12 12:00:00,14,9,5
2015-10-12 13:00:00,24,11,13
2015-10-12 14:00:00,23,13,10
2015-10-12 15:00:00,42,31,11
2015-10-12 16:00:00,93,73,20
2015-10-12 17:00:00,149,132,17
2015-10-12 18:00:00,90,79,11
2015-10-12 19:00:00,31,28,3
2015-10-12 20:00:00,18,13,5
2015-10-12 21:00:00,6,6,0
2015-10-12 22:00:00,1,1,0
2015-10-12 23:00:00,1,1,0
2015-10-13 00:00:00,0,0,0
2015-10-13 01:00:00,0,0,0
2015-10-13 02:00:00,1,0,1
2015-10-13 03:00:00,5,2,3
2015-10-13 04:00:00,4,3,1
2015-10-13 05:00:00,26,2,24
2015-10-13 06:00:00,61,10,51
2015-10-13 07:00:00,115,15,100
2015-10-13 08:00:00,131,14,117
2015-10-13 09:00:00,54,8,46
2015-10-13 10:00:00,15,3,12
2015-10-13 11:00:00,12,2,10
2015-10-13 12:00:00,21,11,10
2015-10-13 13:00:00,23,9,14
2015-10-13 14:00:00,24,16,8
2015-10-13 15:00:00,43,29,14
2015-10-13 16:00:00,73,60,13
2015-10-13 17:00:00,172,141,31
2015-10-13 18:00:00,107,95,12
2015-10-13 19:00:00,35,32,3
2015-10-13 20:00:00,14,10,4
2015-10-13 21:00:00,11,9,2
2015-10-13 22:00:00,6,4,2
2015-10-13 23:00:00,3,2,1
2015-10-14 00:00:00,1,0,1
2015-10-14 01:00:00,0,0,0
2015-10-14 02:00:00,1,0,1
2015-10-14 03:00:00,1,1,0
2015-10-14 04:00:00,5,1,4
2015-10-14 05:00:00,34,3,31
2015-10-14 06:00:00,79,11,68
2015-10-14 07:00:00,140,10,130
2015-10-14 08:00:00,138,10,128
2015-10-14 09:00:00,54,4,50
2015-10-14 10:00:00,41,6,35
2015-10-14 11:00:00,12,6,6
2015-10-14 12:00:00,16,7,9
2015-10-14 13:00:00,21,10,11
2015-10-14 14:00:00,28,18,10
2015-10-14 15:00:00,37,25,12
2015-10-14 16:00:00,130,101,29
2015-10-14 17:00:00,165,146,19
2015-10-14 18:00:00,119,101,18
2015-10-14 19:00:00,53,39,14
2015-10-14 20:00:00,31,21,10
2015-10-14 21:00:00,10,7,3
2015-10-14 22:00:00,7,4,3
2015-10-14 23:00:00,2,1,1
2015-10-15 00:00:00,2,1,1
2015-10-15 01:00:00,0,0,0
2015-10-15 02:00:00,0,0,0
2015-10-15 03:00:00,0,0,0
2015-10-15 04:00:00,6,1,5
2015-10-15 05:00:00,26,3,23
2015-10-15 06:00:00,64,9,55
2015-10-15 07:00:00,131,10,121
2015-10-15 08:00:00,122,4,118
2015-10-15 09:00:00,45,3,42
2015-10-15 10:00:00,24,5,19
2015-10-15 11:00:00,25,10,15
2015-10-15 12:00:00,21,14,7
2015-10-15 13:00:00,36,15,21
2015-10-15 14:00:00,32,22,10
2015-10-15 15:00:00,43,31,12
2015-10-15 16:00:00,88,73,15
2015-10-15 17:00:00,145,133,12
2015-10-15 18:00:00,92,78,14
2015-10-15 19:00:00,33,23,10
2015-10-15 20:00:00,22,20,2
2015-10-15 21:00:00,13,8,5
2015-10-15 22:00:00,6,5,1
2015-10-15 23:00:00,3,2,1
2015-10-16 00:00:00,4,3,1
2015-10-16 01:00:00,3,1,2
2015-10-16 02:00:00,6,5,1
2015-10-16 03:00:00,0,0,0
2015-10-16 04:00:00,11,1,10
2015-10-16 05:00:00,23,7,16
2015-10-16 06:00:00,59,7,52
2015-10-16 07:00:00,100,10,90
2015-10-16 08:00:00,139,9,130
2015-10-16 09:00:00,54,11,43
2015-10-16 10:00:00,22,7,15
2015-10-16 11:00:00,23,14,9
2015-10-16 12:00:00,19,11,8
2015-10-16 13:00:00,39,16,23
2015-10-16 14:00:00,32,17,15
2015-10-16 15:00:00,54,36,18
2015-10-16 16:00:00,98,82,16
2015-10-16 17:00:00,158,125,33
2015-10-16 18:00:00,91,75,16
2015-10-16 19:00:00,21,14,7
2015-10-16 20:00:00,15,10,5
2015-10-16 21:00:00,4,2,2
2015-10-16 22:00:00,3,2,1
2015-10-16 23:00:00,4,4,0
2015-10-17 00:00:00,2,1,1
2015-10-17 01:00:00,0,0,0
2015-10-17 02:00:00,2,1,1
2015-10-17 03:00:00,2,1,1
2015-10-17 04:00:00,4,1,3
2015-10-17 05:00:00,8,4,4
2015-10-17 06:00:00,5,1,4
2015-10-17 07:00:00,8,1,7
2015-10-17 08:00:00,21,7,14
2015-10-17 09:00:00,35,20,15
2015-10-17 10:00:00,37,26,11
2015-10-17 11:00:00,35,14,21
2015-10-17 12:00:00,32,17,15
2015-10-17 13:00:00,30,13,17
2015-10-17 14:00:00,40,18,22
2015-10-17 15:00:00,42,29,13
2015-10-17 16:00:00,33,17,16
2015-10-17 17:00:00,22,13,9
2015-10-17 18:00:00,11,7,4
2015-10-17 19:00:00,2,2,0
2015-10-17 20:00:00,6,2,4
2015-10-17 21:00:00,2,0,2
2015-10-17 22:00:00,2,2,0
2015-10-17 23:00:00,6,6,0
2015-10-18 00:00:00,3,2,1
2015-10-18 01:00:00,0,0,0
2015-10-18 02:00:00,3,2,1
2015-10-18 03:00:00,3,2,1
2015-10-18 04:00:00,3,1,2
2015-10-18 05:00:00,7,0,7
2015-10-18 06:00:00,1,0,1
2015-10-18 07:00:00,4,1,3
2015-10-18 08:00:00,8,4,4
2015-10-18 09:00:00,19,3,16
2015-10-18 10:00:00,20,14,6
2015-10-18 11:00:00,13,5,8
2015-10-18 12:00:00,14,7,7
2015-10-18 13:00:00,20,9,11
2015-10-18 14:00:00,17,6,11
2015-10-18 15:00:00,9,6,3
2015-10-18 16:00:00,11,9,2
2015-10-18 17:00:00,9,6,3
2015-10-18 18:00:00,6,4,2
2015-10-18 19:00:00,6,6,0
2015-10-18 20:00:00,3,3,0
2015-10-18 21:00:00,1,1,0
2015-10-18 22:00:00,2,0,2
2015-10-18 23:00:00,2,1,1
2015-10-19 00:00:00,1,0,1
2015-10-19 01:00:00,1,1,0
2015-10-19 02:00:00,0,0,0
2015-10-19 03:00:00,3,2,1
2015-10-19 04:00:00,6,0,6
2015-10-19 05:00:00,19,1,18
2015-10-19 06:00:00,64,14,50
2015-10-19 07:00:00,116,17,99
2015-10-19 08:00:00,116,14,102
2015-10-19 09:00:00,31,8,23
2015-10-19 10:00:00,20,8,12
2015-10-19 11:00:00,11,4,7
2015-10-19 12:00:00,16,11,5
2015-10-19 13:00:00,13,6,7
2015-10-19 14:00:00,20,13,7
2015-10-19 15:00:00,33,25,8
2015-10-19 16:00:00,88,75,13
2015-10-19 17:00:00,147,126,21
2015-10-19 18:00:00,75,66,9
2015-10-19 19:00:00,25,24,1
2015-10-19 20:00:00,10,9,1
2015-10-19 21:00:00,9,7,2
2015-10-19 22:00:00,8,3,5
2015-10-19 23:00:00,3,3,0
2015-10-20 00:00:00,3,2,1
2015-10-20 01:00:00,3,1,2
2015-10-20 02:00:00,1,0,1
2015-10-20 03:00:00,2,1,1
2015-10-20 04:00:00,4,2,2
2015-10-20 05:00:00,31,7,24
2015-10-20 06:00:00,70,15,55
2015-10-20 07:00:00,139,24,115
2015-10-20 08:00:00,142,7,135
2015-10-20 09:00:00,54,10,44
2015-10-20 10:00:00,19,6,13
2015-10-20 11:00:00,17,5,12
2015-10-20 12:00:00,28,13,15
2015-10-20 13:00:00,24,13,11
2015-10-20 14:00:00,35,15,20
2015-10-20 15:00:00,34,25,9
2015-10-20 16:00:00,116,94,22
2015-10-20 17:00:00,185,165,20
2015-10-20 18:00:00,93,84,9
2015-10-20 19:00:00,39,29,10
2015-10-20 20:00:00,16,10,6
2015-10-20 21:00:00,12,11,1
2015-10-20 22:00:00,4,4,0
2015-10-20 23:00:00,3,2,1
2015-10-21 00:00:00,6,3,3
2015-10-21 01:00:00,3,2,1
2015-10-21 02:00:00,1,1,0
2015-10-21 03:00:00,2,1,1
2015-10-21 04:00:00,5,1,4
2015-10-21 05:00:00,28,3,25
2015-10-21 06:00:00,69,10,59
2015-10-21 07:00:00,141,16,125
2015-10-21 08:00:00,124,6,118
2015-10-21 09:00:00,48,5,43
2015-10-21 10:00:00,22,4,18
2015-10-21 11:00:00,12,7,5
2015-10-21 12:00:00,22,10,12
2015-10-21 13:00:00,20,8,12
2015-10-21 14:00:00,39,18,21
2015-10-21 15:00:00,31,27,4
2015-10-21 16:00:00,94,74,20
2015-10-21 17:00:00,170,149,21
2015-10-21 18:00:00,102,83,19
2015-10-21 19:00:00,32,25,7
2015-10-21 20:00:00,15,13,2
2015-10-21 21:00:00,17,13,4
2015-10-21 22:00:00,7,6,1
2015-10-21 23:00:00,2,2,0
2015-10-22 00:00:00,4,3,1
2015-10-22 01:00:00,0,0,0
2015-10-22 02:00:00,0,0,0
2015-10-22 03:00:00,2,0,2
2015-10-22 04:00:00,5,0,5
2015-10-22 05:00:00,22,5,17
2015-10-22 06:00:00,74,8,66
2015-10-22 07:00:00,110,12,98
2015-10-22 08:00:00,146,12,134
2015-10-22 09:00:00,61,12,49
2015-10-22 10:00:00,19,5,14
2015-10-22 11:00:00,19,8,11
2015-10-22 12:00:00,28,15,13
2015-10-22 13:00:00,26,7,19
2015-10-22 14:00:00,35,20,15
2015-10-22 15:00:00,48,29,19
2015-10-22 16:00:00,98,78,20
2015-10-22 17:00:00,164,145,19
2015-10-22 18:00:00,81,71,10
2015-10-22 19:00:00,35,26,9
2015-10-22 20:00:00,16,11,5
2015-10-22 21:00:00,11,8,3
2015-10-22 22:00:00,4,4,0
2015-10-22 23:00:00,5,4,1
2015-10-23 00:00:00,4,2,2
2015-10-23 01:00:00,0,0,0
2015-10-23 02:00:00,4,3,1
2015-10-23 03:00:00,2,0,2
2015-10-23 04:00:00,5,0,5
2015-10-23 05:00:00,22,1,21
2015-10-23 06:00:00,61,7,54
2015-10-23 07:00:00,103,13,90
2015-10-23 08:00:00,115,9,106
2015-10-23 09:00:00,50,10,40
2015-10-23 10:00:00,14,1,13
2015-10-23 11:00:00,16,9,7
2015-10-23 12:00:00,30,14,16
2015-10-23 13:00:00,23,10,13
2015-10-23 14:00:00,26,17,9
2015-10-23 15:00:00,41,30,11
2015-10-23 16:00:00,81,65,16
2015-10-23 17:00:00,135,111,24
2015-10-23 18:00:00,70,62,8
2015-10-23 19:00:00,19,13,6
2015-10-23 20:00:00,15,10,5
2015-10-23 21:00:00,6,5,1
2015-10-23 22:00:00,9,8,1
2015-10-23 23:00:00,6,5,1
2015-10-24 00:00:00,4,3,1
2015-10-24 01:00:00,1,1,0
2015-10-24 02:00:00,1,0,1
2015-10-24 03:00:00,1,0,1
2015-10-24 04:00:00,0,0,0
2015-10-24 05:00:00,9,3,6
2015-10-24 06:00:00,7,0,7
2015-10-24 07:00:00,7,2,5
2015-10-24 08:00:00,14,7,7
2015-10-24 09:00:00,29,14,15
2015-10-24 10:00:00,24,10,14
2015-10-24 11:00:00,39,25,14
2015-10-24 12:00:00,33,9,24
2015-10-24 13:00:00,34,11,23
2015-10-24 14:00:00,30,11,19
2015-10-24 15:00:00,38,24,14
2015-10-24 16:00:00,29,17,12
2015-10-24 17:00:00,24,12,12
2015-10-24 18:00:00,7,6,1
2015-10-24 19:00:00,7,3,4
2015-10-24 20:00:00,9,5,4
2015-10-24 21:00:00,6,5,1
2015-10-24 22:00:00,5,3,2
2015-10-24 23:00:00,3,2,1
2015-10-25 00:00:00,4,1,3
2015-10-25 01:00:00,0,0,0
2015-10-25 02:00:00,3,2,1
2015-10-25 03:00:00,2,2,0
2015-10-25 04:00:00,0,0,0
2015-10-25 05:00:00,5,0,5
2015-10-25 06:00:00,4,1,3
2015-10-25 07:00:00,8,3,5
2015-10-25 08:00:00,13,5,8
2015-10-25 09:00:00,22,10,12
2015-10-25 10:00:00,29,15,14
2015-10-25 11:00:00,23,11,12
2015-10-25 12:00:00,41,16,25
2015-10-25 13:00:00,30,13,17
2015-10-25 14:00:00,45,27,18
2015-10-25 15:00:00,28,14,14
2015-10-25 16:00:00,19,10,9
2015-10-25 17:00:00,8,3,5
2015-10-25 18:00:00,9,6,3
2015-10-25 19:00:00,4,3,1
2015-10-25 20:00:00,0,0,0
2015-10-25 21:00:00,0,0,0
2015-10-25 22:00:00,4,4,0
2015-10-25 23:00:00,0,0,0
2015-10-26 00:00:00,1,1,0
2015-10-26 01:00:00,0,0,0
2015-10-26 02:00:00,2,0,2
2015-10-26 03:00:00,2,1,1
2015-10-26 04:00:00,4,1,3
2015-10-26 05:00:00,18,1,17
2015-10-26 06:00:00,41,7,34
2015-10-26 07:00:00,85,10,75
2015-10-26 08:00:00,94,9,85
2015-10-26 09:00:00,37,2,35
2015-10-26 10:00:00,16,3,13
2015-10-26 11:00:00,2,1,1
2015-10-26 12:00:00,7,6,1
2015-10-26 13:00:00,6,3,3
2015-10-26 14:00:00,25,17,8
2015-10-26 15:00:00,26,24,2
2015-10-26 16:00:00,55,44,11
2015-10-26 17:00:00,116,106,10
2015-10-26 18:00:00,63,60,3
2015-10-26 19:00:00,24,20,4
2015-10-26 20:00:00,14,10,4
2015-10-26 21:00:00,11,9,2
2015-10-26 22:00:00,5,3,2
2015-10-26 23:00:00,1,1,0
2015-10-27 00:00:00,1,0,1
2015-10-27 01:00:00,2,2,0
2015-10-27 02:00:00,1,0,1
2015-10-27 03:00:00,3,1,2
2015-10-27 04:00:00,5,0,5
2015-10-27 05:00:00,24,5,19
2015-10-27 06:00:00,75,18,57
2015-10-27 07:00:00,135,13,122
2015-10-27 08:00:00,143,9,134
2015-10-27 09:00:00,53,5,48
2015-10-27 10:00:00,24,5,19
2015-10-27 11:00:00,21,9,12
2015-10-27 12:00:00,28,19,9
2015-10-27 13:00:00,32,12,20
2015-10-27 14:00:00,26,17,9
2015-10-27 15:00:00,41,29,12
2015-10-27 16:00:00,92,66,26
2015-10-27 17:00:00,168,146,22
2015-10-27 18:00:00,97,83,14
2015-10-27 19:00:00,38,34,4
2015-10-27 20:00:00,11,6,5
2015-10-27 21:00:00,12,12,0
2015-10-27 22:00:00,11,9,2
2015-10-27 23:00:00,4,3,1
2015-10-28 00:00:00,2,1,1
2015-10-28 01:00:00,0,0,0
2015-10-28 02:00:00,1,0,1
2015-10-28 03:00:00,1,0,1
2015-10-28 04:00:00,4,1,3
2015-10-28 05:00:00,18,3,15
2015-10-28 06:00:00,57,11,46
2015-10-28 07:00:00,99,10,89
2015-10-28 08:00:00,109,5,104
2015-10-28 09:00:00,37,5,32
2015-10-28 10:00:00,10,1,9
2015-10-28 11:00:00,8,2,6
2015-10-28 12:00:00,11,7,4
2015-10-28 13:00:00,9,5,4
2015-10-28 14:00:00,16,11,5
2015-10-28 15:00:00,30,25,5
2015-10-28 16:00:00,58,49,9
2015-10-28 17:00:00,121,110,11
2015-10-28 18:00:00,64,55,9
2015-10-28 19:00:00,28,23,5
2015-10-28 20:00:00,13,9,4
2015-10-28 21:00:00,14,11,3
2015-10-28 22:00:00,8,7,1
2015-10-28 23:00:00,5,3,2
2015-10-29 00:00:00,4,1,3
2015-10-29 01:00:00,4,1,3
2015-10-29 02:00:00,0,0,0
2015-10-29 03:00:00,1,1,0
2015-10-29 04:00:00,4,0,4
2015-10-29 05:00:00,16,3,13
2015-10-29 06:00:00,62,12,50
2015-10-29 07:00:00,105,16,89
2015-10-29 08:00:00,125,12,113
2015-10-29 09:00:00,33,7,26
2015-10-29 10:00:00,21,3,18
2015-10-29 11:00:00,16,6,10
2015-10-29 12:00:00,11,6,5
2015-10-29 13:00:00,18,6,12
2015-10-29 14:00:00,17,15,2
2015-10-29 15:00:00,45,31,14
2015-10-29 16:00:00,68,57,11
2015-10-29 17:00:00,122,107,15
2015-10-29 18:00:00,73,67,6
2015-10-29 19:00:00,25,20,5
2015-10-29 20:00:00,18,16,2
2015-10-29 21:00:00,8,6,2
2015-10-29 22:00:00,9,8,1
2015-10-29 23:00:00,5,3,2
2015-10-30 00:00:00,2,1,1
2015-10-30 01:00:00,2,2,0
2015-10-30 02:00:00,0,0,0
2015-10-30 03:00:00,6,3,3
2015-10-30 04:00:00,3,0,3
2015-10-30 05:00:00,11,1,10
2015-10-30 06:00:00,27,7,20
2015-10-30 07:00:00,62,10,52
2015-10-30 08:00:00,61,9,52
2015-10-30 09:00:00,33,0,33
2015-10-30 10:00:00,9,1,8
2015-10-30 11:00:00,10,4,6
2015-10-30 12:00:00,14,7,7
2015-10-30 13:00:00,12,7,5
2015-10-30 14:00:00,15,13,2
2015-10-30 15:00:00,21,11,10
2015-10-30 16:00:00,55,43,12
2015-10-30 17:00:00,73,62,11
2015-10-30 18:00:00,39,33,6
2015-10-30 19:00:00,18,15,3
2015-10-30 20:00:00,6,5,1
2015-10-30 21:00:00,5,4,1
2015-10-30 22:00:00,2,1,1
2015-10-30 23:00:00,4,4,0
2015-10-31 00:00:00,1,1,0
2015-10-31 01:00:00,2,2,0
2015-10-31 02:00:00,0,0,0
2015-10-31 03:00:00,1,1,0
2015-10-31 04:00:00,0,0,0
2015-10-31 05:00:00,3,0,3
2015-10-31 06:00:00,2,0,2
2015-10-31 07:00:00,2,0,2
2015-10-31 08:00:00,6,1,5
2015-10-31 09:00:00,10,4,6
2015-10-31 10:00:00,4,1,3
2015-10-31 11:00:00,8,4,4
2015-10-31 12:00:00,5,3,2
2015-10-31 13:00:00,4,2,2
2015-10-31 14:00:00,11,8,3
2015-10-31 15:00:00,16,10,6
2015-10-31 16:00:00,6,4,2
2015-10-31 17:00:00,5,1,4
2015-10-31 18:00:00,8,4,4
2015-10-31 19:00:00,6,5,1
2015-10-31 20:00:00,6,5,1
2015-10-31 21:00:00,0,0,0
2015-10-31 22:00:00,0,0,0
2015-10-31 23:00:00,2,1,1
2015-11-01 00:00:00,15,13,2
2015-11-01 01:00:00,5,3,2
2015-11-01 02:00:00,6,0,6
2015-11-01 03:00:00,0,0,0
2015-11-01 04:00:00,0,0,0
2015-11-01 05:00:00,2,0,2
2015-11-01 06:00:00,2,1,1
2015-11-01 07:00:00,8,4,4
2015-11-01 08:00:00,17,4,13
2015-11-01 09:00:00,13,4,9
2015-11-01 10:00:00,11,6,5
2015-11-01 11:00:00,25,16,9
2015-11-01 12:00:00,6,6,0
2015-11-01 13:00:00,7,3,4
2015-11-01 14:00:00,10,2,8
2015-11-01 15:00:00,4,2,2
2015-11-01 16:00:00,7,3,4
2015-11-01 17:00:00,15,7,8
2015-11-01 18:00:00,4,3,1
2015-11-01 19:00:00,4,3,1
2015-11-01 20:00:00,5,4,1
2015-11-01 21:00:00,1,1,0
2015-11-01 22:00:00,1,1,0
2015-11-01 23:00:00,2,1,1
2015-11-02 00:00:00,0,0,0
2015-11-02 01:00:00,1,1,0
2015-11-02 02:00:00,1,0,1
2015-11-02 03:00:00,2,2,0
2015-11-02 04:00:00,2,2,0
2015-11-02 05:00:00,20,1,19
2015-11-02 06:00:00,75,10,65
2015-11-02 07:00:00,127,15,112
2015-11-02 08:00:00,127,12,115
2015-11-02 09:00:00,37,2,35
2015-11-02 10:00:00,11,3,8
2015-11-02 11:00:00,11,3,8
2015-11-02 12:00:00,15,5,10
2015-11-02 13:00:00,17,10,7
2015-11-02 14:00:00,21,13,8
2015-11-02 15:00:00,40,33,7
2015-11-02 16:00:00,82,68,14
2015-11-02 17:00:00,153,139,14
2015-11-02 18:00:00,73,66,7
2015-11-02 19:00:00,24,21,3
2015-11-02 20:00:00,15,10,5
2015-11-02 21:00:00,5,4,1
2015-11-02 22:00:00,2,0,2
2015-11-02 23:00:00,2,2,0
2015-11-03 00:00:00,1,0,1
2015-11-03 01:00:00,0,0,0
2015-11-03 02:00:00,0,0,0
2015-11-03 03:00:00,3,1,2
2015-11-03 04:00:00,4,0,4
2015-11-03 05:00:00,21,1,20
2015-11-03 06:00:00,69,7,62
2015-11-03 07:00:00,131,15,116
2015-11-03 08:00:00,141,11,130
2015-11-03 09:00:00,44,6,38
2015-11-03 10:00:00,13,5,8
2015-11-03 11:00:00,9,4,5
2015-11-03 12:00:00,15,9,6
2015-11-03 13:00:00,17,6,11
2015-11-03 14:00:00,30,19,11
2015-11-03 15:00:00,29,21,8
2015-11-03 16:00:00,99,81,18
2015-11-03 17:00:00,146,130,16
2015-11-03 18:00:00,86,81,5
2015-11-03 19:00:00,26,24,2
2015-11-03 20:00:00,13,8,5
2015-11-03 21:00:00,5,3,2
2015-11-03 22:00:00,4,3,1
2015-11-03 23:00:00,1,1,0
2015-11-04 00:00:00,4,2,2
2015-11-04 01:00:00,0,0,0
2015-11-04 02:00:00,1,1,0
2015-11-04 03:00:00,1,1,0
2015-11-04 04:00:00,4,0,4
2015-11-04 05:00:00,19,2,17
2015-11-04 06:00:00,72,11,61
2015-11-04 07:00:00,136,15,121
2015-11-04 08:00:00,124,8,116
2015-11-04 09:00:00,47,5,42
2015-11-04 10:00:00,29,7,22
2015-11-04 11:00:00,21,12,9
2015-11-04 12:00:00,28,11,17
2015-11-04 13:00:00,21,10,11
2015-11-04 14:00:00,28,15,13
2015-11-04 15:00:00,49,39,10
2015-11-04 16:00:00,80,66,14
2015-11-04 17:00:00,144,125,19
2015-11-04 18:00:00,91,85,6
2015-11-04 19:00:00,36,33,3
2015-11-04 20:00:00,26,16,10
2015-11-04 21:00:00,13,10,3
2015-11-04 22:00:00,12,10,2
2015-11-04 23:00:00,1,1,0
2015-11-05 00:00:00,1,0,1
2015-11-05 01:00:00,0,0,0
2015-11-05 02:00:00,1,1,0
2015-11-05 03:00:00,2,1,1
2015-11-05 04:00:00,2,0,2
2015-11-05 05:00:00,15,1,14
2015-11-05 06:00:00,52,7,45
2015-11-05 07:00:00,107,6,101
2015-11-05 08:00:00,100,8,92
2015-11-05 09:00:00,41,7,34
2015-11-05 10:00:00,21,2,19
2015-11-05 11:00:00,12,2,10
2015-11-05 12:00:00,9,5,4
2015-11-05 13:00:00,16,8,8
2015-11-05 14:00:00,13,7,6
2015-11-05 15:00:00,26,19,7
2015-11-05 16:00:00,54,48,6
2015-11-05 17:00:00,106,94,12
2015-11-05 18:00:00,73,64,9
2015-11-05 19:00:00,29,27,2
2015-11-05 20:00:00,16,12,4
2015-11-05 21:00:00,12,10,2
2015-11-05 22:00:00,5,4,1
2015-11-05 23:00:00,5,4,1
2015-11-06 00:00:00,2,1,1
2015-11-06 01:00:00,3,2,1
2015-11-06 02:00:00,2,1,1
2015-11-06 03:00:00,2,0,2
2015-11-06 04:00:00,2,0,2
2015-11-06 05:00:00,19,4,15
2015-11-06 06:00:00,45,6,39
2015-11-06 07:00:00,79,8,71
2015-11-06 08:00:00,99,9,90
2015-11-06 09:00:00,40,2,38
2015-11-06 10:00:00,17,3,14
2015-11-06 11:00:00,10,2,8
2015-11-06 12:00:00,15,7,8
2015-11-06 13:00:00,27,15,12
2015-11-06 14:00:00,32,21,11
2015-11-06 15:00:00,38,31,7
2015-11-06 16:00:00,70,53,17
2015-11-06 17:00:00,83,74,9
2015-11-06 18:00:00,52,47,5
2015-11-06 19:00:00,22,13,9
2015-11-06 20:00:00,13,9,4
2015-11-06 21:00:00,12,8,4
2015-11-06 22:00:00,5,4,1
2015-11-06 23:00:00,7,4,3
2015-11-07 00:00:00,3,2,1
2015-11-07 01:00:00,0,0,0
2015-11-07 02:00:00,0,0,0
2015-11-07 03:00:00,2,0,2
2015-11-07 04:00:00,0,0,0
2015-11-07 05:00:00,8,0,8
2015-11-07 06:00:00,6,2,4
2015-11-07 07:00:00,6,2,4
2015-11-07 08:00:00,14,5,9
2015-11-07 09:00:00,5,3,2
2015-11-07 10:00:00,9,5,4
2015-11-07 11:00:00,7,2,5
2015-11-07 12:00:00,10,6,4
2015-11-07 13:00:00,5,4,1
2015-11-07 14:00:00,9,6,3
2015-11-07 15:00:00,5,0,5
2015-11-07 16:00:00,6,5,1
2015-11-07 17:00:00,6,4,2
2015-11-07 18:00:00,3,2,1
2015-11-07 19:00:00,2,2,0
2015-11-07 20:00:00,1,1,0
2015-11-07 21:00:00,1,1,0
2015-11-07 22:00:00,4,4,0
2015-11-07 23:00:00,3,2,1
2015-11-08 00:00:00,0,0,0
2015-11-08 01:00:00,1,1,0
2015-11-08 02:00:00,0,0,0
2015-11-08 03:00:00,1,1,0
2015-11-08 04:00:00,1,1,0
2015-11-08 05:00:00,3,1,2
2015-11-08 06:00:00,4,0,4
2015-11-08 07:00:00,6,1,5
2015-11-08 08:00:00,14,5,9
2015-11-08 09:00:00,7,2,5
2015-11-08 10:00:00,20,11,9
2015-11-08 11:00:00,11,7,4
2015-11-08 12:00:00,8,1,7
2015-11-08 13:00:00,13,10,3
2015-11-08 14:00:00,23,8,15
2015-11-08 15:00:00,32,19,13
2015-11-08 16:00:00,25,13,12
2015-11-08 17:00:00,16,11,5
2015-11-08 18:00:00,2,2,0
2015-11-08 19:00:00,6,4,2
2015-11-08 20:00:00,3,3,0
2015-11-08 21:00:00,2,2,0
2015-11-08 22:00:00,0,0,0
2015-11-08 23:00:00,3,3,0
2015-11-09 00:00:00,1,0,1
2015-11-09 01:00:00,0,0,0
2015-11-09 02:00:00,2,2,0
2015-11-09 03:00:00,2,1,1
2015-11-09 04:00:00,5,0,5
2015-11-09 05:00:00,16,0,16
2015-11-09 06:00:00,57,6,51
2015-11-09 07:00:00,122,16,106
2015-11-09 08:00:00,100,10,90
2015-11-09 09:00:00,40,3,37
2015-11-09 10:00:00,12,3,9
2015-11-09 11:00:00,9,5,4
2015-11-09 12:00:00,11,5,6
2015-11-09 13:00:00,8,3,5
2015-11-09 14:00:00,26,16,10
2015-11-09 15:00:00,32,25,7
2015-11-09 16:00:00,83,69,14
2015-11-09 17:00:00,126,109,17
2015-11-09 18:00:00,65,56,9
2015-11-09 19:00:00,29,28,1
2015-11-09 20:00:00,12,9,3
2015-11-09 21:00:00,8,7,1
2015-11-09 22:00:00,0,0,0
2015-11-09 23:00:00,3,2,1
2015-11-10 00:00:00,2,1,1
2015-11-10 01:00:00,1,0,1
2015-11-10 02:00:00,1,1,0
2015-11-10 03:00:00,2,0,2
2015-11-10 04:00:00,1,0,1
2015-11-10 05:00:00,22,4,18
2015-11-10 06:00:00,67,10,57
2015-11-10 07:00:00,123,15,108
2015-11-10 08:00:00,129,7,122
2015-11-10 09:00:00,57,7,50
2015-11-10 10:00:00,25,6,19
2015-11-10 11:00:00,23,11,12
2015-11-10 12:00:00,17,10,7
2015-11-10 13:00:00,13,2,11
2015-11-10 14:00:00,32,19,13
2015-11-10 15:00:00,32,23,9
2015-11-10 16:00:00,82,63,19
2015-11-10 17:00:00,137,125,12
2015-11-10 18:00:00,69,56,13
2015-11-10 19:00:00,41,37,4
2015-11-10 20:00:00,20,13,7
2015-11-10 21:00:00,6,5,1
2015-11-10 22:00:00,9,7,2
2015-11-10 23:00:00,1,0,1
2015-11-11 00:00:00,0,0,0
2015-11-11 01:00:00,0,0,0
2015-11-11 02:00:00,0,0,0
2015-11-11 03:00:00,1,1,0
2015-11-11 04:00:00,4,1,3
2015-11-11 05:00:00,9,1,8
2015-11-11 06:00:00,36,6,30
2015-11-11 07:00:00,86,5,81
2015-11-11 08:00:00,117,10,107
2015-11-11 09:00:00,38,6,32
2015-11-11 10:00:00,24,7,17
2015-11-11 11:00:00,16,8,8
2015-11-11 12:00:00,32,19,13
2015-11-11 13:00:00,26,15,11
2015-11-11 14:00:00,47,23,24
2015-11-11 15:00:00,45,22,23
2015-11-11 16:00:00,74,60,14
2015-11-11 17:00:00,110,96,14
2015-11-11 18:00:00,76,63,13
2015-11-11 19:00:00,35,26,9
2015-11-11 20:00:00,14,11,3
2015-11-11 21:00:00,7,6,1
2015-11-11 22:00:00,7,6,1
2015-11-11 23:00:00,6,3,3
2015-11-12 00:00:00,2,0,2
2015-11-12 01:00:00,4,1,3
2015-11-12 02:00:00,0,0,0
2015-11-12 03:00:00,1,0,1
2015-11-12 04:00:00,2,0,2
2015-11-12 05:00:00,16,4,12
2015-11-12 06:00:00,53,7,46
2015-11-12 07:00:00,119,11,108
2015-11-12 08:00:00,96,8,88
2015-11-12 09:00:00,41,4,37
2015-11-12 10:00:00,17,4,13
2015-11-12 11:00:00,9,3,6
2015-11-12 12:00:00,16,10,6
2015-11-12 13:00:00,9,4,5
2015-11-12 14:00:00,18,10,8
2015-11-12 15:00:00,34,29,5
2015-11-12 16:00:00,55,46,9
2015-11-12 17:00:00,109,98,11
2015-11-12 18:00:00,51,42,9
2015-11-12 19:00:00,21,18,3
2015-11-12 20:00:00,11,10,1
2015-11-12 21:00:00,8,7,1
2015-11-12 22:00:00,3,1,2
2015-11-12 23:00:00,2,2,0
2015-11-13 00:00:00,3,2,1
2015-11-13 01:00:00,0,0,0
2015-11-13 02:00:00,1,0,1
2015-11-13 03:00:00,1,0,1
2015-11-13 04:00:00,2,0,2
2015-11-13 05:00:00,7,2,5
2015-11-13 06:00:00,21,3,18
2015-11-13 07:00:00,47,9,38
2015-11-13 08:00:00,55,3,52
2015-11-13 09:00:00,23,2,21
2015-11-13 10:00:00,7,1,6
2015-11-13 11:00:00,8,4,4
2015-11-13 12:00:00,7,4,3
2015-11-13 13:00:00,7,4,3
2015-11-13 14:00:00,5,3,2
2015-11-13 15:00:00,17,15,2
2015-11-13 16:00:00,36,27,9
2015-11-13 17:00:00,49,44,5
2015-11-13 18:00:00,26,22,4
2015-11-13 19:00:00,7,7,0
2015-11-13 20:00:00,9,6,3
2015-11-13 21:00:00,0,0,0
2015-11-13 22:00:00,5,4,1
2015-11-13 23:00:00,3,3,0
2015-11-14 00:00:00,1,0,1
2015-11-14 01:00:00,0,0,0
2015-11-14 02:00:00,0,0,0
2015-11-14 03:00:00,1,0,1
2015-11-14 04:00:00,1,0,1
2015-11-14 05:00:00,5,0,5
2015-11-14 06:00:00,2,1,1
2015-11-14 07:00:00,4,0,4
2015-11-14 08:00:00,9,1,8
2015-11-14 09:00:00,4,2,2
2015-11-14 10:00:00,1,0,1
2015-11-14 11:00:00,3,2,1
2015-11-14 12:00:00,9,5,4
2015-11-14 13:00:00,7,3,4
2015-11-14 14:00:00,8,5,3
2015-11-14 15:00:00,5,4,1
2015-11-14 16:00:00,4,3,1
2015-11-14 17:00:00,4,3,1
2015-11-14 18:00:00,2,1,1
2015-11-14 19:00:00,5,3,2
2015-11-14 20:00:00,4,2,2
2015-11-14 21:00:00,2,2,0
2015-11-14 22:00:00,3,3,0
2015-11-14 23:00:00,1,0,1
2015-11-15 00:00:00,1,0,1
2015-11-15 01:00:00,1,1,0
2015-11-15 02:00:00,0,0,0
2015-11-15 03:00:00,1,1,0
2015-11-15 04:00:00,2,0,2
2015-11-15 05:00:00,1,0,1
2015-11-15 06:00:00,1,0,1
2015-11-15 07:00:00,3,1,2
2015-11-15 08:00:00,8,1,7
2015-11-15 09:00:00,7,3,4
2015-11-15 10:00:00,5,2,3
2015-11-15 11:00:00,9,4,5
2015-11-15 12:00:00,24,12,12
2015-11-15 13:00:00,19,9,10
2015-11-15 14:00:00,32,14,18
2015-11-15 15:00:00,29,11,18
2015-11-15 16:00:00,15,8,7
2015-11-15 17:00:00,10,6,4
2015-11-15 18:00:00,0,0,0
2015-11-15 19:00:00,6,3,3
2015-11-15 20:00:00,2,2,0
2015-11-15 21:00:00,2,1,1
2015-11-15 22:00:00,2,2,0
2015-11-15 23:00:00,2,1,1
2015-11-16 00:00:00,0,0,0
2015-11-16 01:00:00,0,0,0
2015-11-16 02:00:00,0,0,0
2015-11-16 03:00:00,2,1,1
2015-11-16 04:00:00,4,0,4
2015-11-16 05:00:00,16,2,14
2015-11-16 06:00:00,53,9,44
2015-11-16 07:00:00,100,12,88
2015-11-16 08:00:00,119,9,110
2015-11-16 09:00:00,31,0,31
2015-11-16 10:00:00,15,4,11
2015-11-16 11:00:00,13,6,7
2015-11-16 12:00:00,8,4,4
2015-11-16 13:00:00,6,2,4
2015-11-16 14:00:00,13,7,6
2015-11-16 15:00:00,22,19,3
2015-11-16 16:00:00,56,46,10
2015-11-16 17:00:00,110,100,10
2015-11-16 18:00:00,67,62,5
2015-11-16 19:00:00,26,24,2
2015-11-16 20:00:00,12,10,2
2015-11-16 21:00:00,5,5,0
2015-11-16 22:00:00,2,1,1
2015-11-16 23:00:00,2,2,0
2015-11-17 00:00:00,5,4,1
2015-11-17 01:00:00,0,0,0
2015-11-17 02:00:00,0,0,0
2015-11-17 03:00:00,2,1,1
2015-11-17 04:00:00,1,0,1
2015-11-17 05:00:00,17,3,14
2015-11-17 06:00:00,31,3,28
2015-11-17 07:00:00,55,7,48
2015-11-17 08:00:00,67,4,63
2015-11-17 09:00:00,23,1,22
2015-11-17 10:00:00,8,2,6
2015-11-17 11:00:00,4,3,1
2015-11-17 12:00:00,2,1,1
2015-11-17 13:00:00,5,1,4
2015-11-17 14:00:00,10,4,6
2015-11-17 15:00:00,15,15,0
2015-11-17 16:00:00,48,38,10
2015-11-17 17:00:00,60,53,7
2015-11-17 18:00:00,43,39,4
2015-11-17 19:00:00,21,15,6
2015-11-17 20:00:00,15,12,3
2015-11-17 21:00:00,4,4,0
2015-11-17 22:00:00,1,1,0
2015-11-17 23:00:00,1,1,0
2015-11-18 00:00:00,2,1,1
2015-11-18 01:00:00,2,1,1
2015-11-18 02:00:00,1,0,1
2015-11-18 03:00:00,1,1,0
2015-11-18 04:00:00,3,0,3
2015-11-18 05:00:00,17,1,16
2015-11-18 06:00:00,51,7,44
2015-11-18 07:00:00,109,7,102
2015-11-18 08:00:00,114,4,110
2015-11-18 09:00:00,41,10,31
2015-11-18 10:00:00,20,6,14
2015-11-18 11:00:00,15,5,10
2015-11-18 12:00:00,11,7,4
2015-11-18 13:00:00,17,7,10
2015-11-18 14:00:00,22,16,6
2015-11-18 15:00:00,32,23,9
2015-11-18 16:00:00,71,61,10
2015-11-18 17:00:00,117,105,12
2015-11-18 18:00:00,72,65,7
2015-11-18 19:00:00,34,26,8
2015-11-18 20:00:00,16,14,2
2015-11-18 21:00:00,7,7,0
2015-11-18 22:00:00,3,3,0
2015-11-18 23:00:00,4,1,3
2015-11-19 00:00:00,2,1,1
2015-11-19 01:00:00,1,1,0
2015-11-19 02:00:00,1,0,1
2015-11-19 03:00:00,1,0,1
2015-11-19 04:00:00,2,0,2
2015-11-19 05:00:00,20,1,19
2015-11-19 06:00:00,51,2,49
2015-11-19 07:00:00,109,9,100
2015-11-19 08:00:00,111,12,99
2015-11-19 09:00:00,51,3,48
2015-11-19 10:00:00,15,3,12
2015-11-19 11:00:00,13,5,8
2015-11-19 12:00:00,23,12,11
2015-11-19 13:00:00,20,9,11
2015-11-19 14:00:00,26,16,10
2015-11-19 15:00:00,49,34,15
2015-11-19 16:00:00,77,59,18
2015-11-19 17:00:00,116,102,14
2015-11-19 18:00:00,82,72,10
2015-11-19 19:00:00,28,24,4
2015-11-19 20:00:00,12,10,2
2015-11-19 21:00:00,14,12,2
2015-11-19 22:00:00,6,6,0
2015-11-19 23:00:00,5,5,0
2015-11-20 00:00:00,6,2,4
2015-11-20 01:00:00,1,1,0
2015-11-20 02:00:00,3,1,2
2015-11-20 03:00:00,0,0,0
2015-11-20 04:00:00,3,1,2
2015-11-20 05:00:00,10,1,9
2015-11-20 06:00:00,51,11,40
2015-11-20 07:00:00,69,13,56
2015-11-20 08:00:00,83,5,78
2015-11-20 09:00:00,35,6,29
2015-11-20 10:00:00,12,2,10
2015-11-20 11:00:00,19,5,14
2015-11-20 12:00:00,23,12,11
2015-11-20 13:00:00,25,13,12
2015-11-20 14:00:00,26,19,7
2015-11-20 15:00:00,36,28,8
2015-11-20 16:00:00,62,46,16
2015-11-20 17:00:00,85,73,12
2015-11-20 18:00:00,47,40,7
2015-11-20 19:00:00,26,21,5
2015-11-20 20:00:00,11,8,3
2015-11-20 21:00:00,10,6,4
2015-11-20 22:00:00,3,3,0
2015-11-20 23:00:00,2,2,0
2015-11-21 00:00:00,0,0,0
2015-11-21 01:00:00,1,0,1
2015-11-21 02:00:00,2,1,1
2015-11-21 03:00:00,1,0,1
2015-11-21 04:00:00,2,2,0
2015-11-21 05:00:00,7,0,7
2015-11-21 06:00:00,7,1,6
2015-11-21 07:00:00,13,3,10
2015-11-21 08:00:00,12,2,10
2015-11-21 09:00:00,14,6,8
2015-11-21 10:00:00,27,12,15
2015-11-21 11:00:00,31,12,19
2015-11-21 12:00:00,39,24,15
2015-11-21 13:00:00,38,21,17
2015-11-21 14:00:00,44,22,22
2015-11-21 15:00:00,37,20,17
2015-11-21 16:00:00,33,18,15
2015-11-21 17:00:00,17,10,7
2015-11-21 18:00:00,11,7,4
2015-11-21 19:00:00,10,5,5
2015-11-21 20:00:00,4,3,1
2015-11-21 21:00:00,2,1,1
2015-11-21 22:00:00,2,1,1
2015-11-21 23:00:00,1,1,0
2015-11-22 00:00:00,2,2,0
2015-11-22 01:00:00,3,2,1
2015-11-22 02:00:00,1,0,1
2015-11-22 03:00:00,1,1,0
2015-11-22 04:00:00,1,1,0
2015-11-22 05:00:00,3,0,3
2015-11-22 06:00:00,4,3,1
2015-11-22 07:00:00,3,0,3
2015-11-22 08:00:00,15,4,11
2015-11-22 09:00:00,16,2,14
2015-11-22 10:00:00,19,3,16
2015-11-22 11:00:00,32,20,12
2015-11-22 12:00:00,42,25,17
2015-11-22 13:00:00,30,16,14
2015-11-22 14:00:00,35,16,19
2015-11-22 15:00:00,37,20,17
2015-11-22 16:00:00,19,10,9
2015-11-22 17:00:00,10,9,1
2015-11-22 18:00:00,5,4,1
2015-11-22 19:00:00,5,2,3
2015-11-22 20:00:00,4,4,0
2015-11-22 21:00:00,2,2,0
2015-11-22 22:00:00,1,1,0
2015-11-22 23:00:00,1,1,0
2015-11-23 00:00:00,0,0,0
2015-11-23 01:00:00,1,0,1
2015-11-23 02:00:00,3,1,2
2015-11-23 03:00:00,1,1,0
2015-11-23 04:00:00,4,0,4
2015-11-23 05:00:00,13,2,11
2015-11-23 06:00:00,37,6,31
2015-11-23 07:00:00,89,12,77
2015-11-23 08:00:00,96,7,89
2015-11-23 09:00:00,32,3,29
2015-11-23 10:00:00,13,2,11
2015-11-23 11:00:00,11,3,8
2015-11-23 12:00:00,18,9,9
2015-11-23 13:00:00,16,7,9
2015-11-23 14:00:00,17,8,9
2015-11-23 15:00:00,27,20,7
2015-11-23 16:00:00,56,47,9
2015-11-23 17:00:00,79,70,9
2015-11-23 18:00:00,59,56,3
2015-11-23 19:00:00,20,17,3
2015-11-23 20:00:00,20,16,4
2015-11-23 21:00:00,6,5,1
2015-11-23 22:00:00,1,0,1
2015-11-23 23:00:00,1,0,1
2015-11-24 00:00:00,1,1,0
2015-11-24 01:00:00,0,0,0
2015-11-24 02:00:00,1,0,1
2015-11-24 03:00:00,1,1,0
2015-11-24 04:00:00,1,0,1
2015-11-24 05:00:00,9,1,8
2015-11-24 06:00:00,33,4,29
2015-11-24 07:00:00,62,7,55
2015-11-24 08:00:00,67,6,61
2015-11-24 09:00:00,26,3,23
2015-11-24 10:00:00,9,0,9
2015-11-24 11:00:00,8,2,6
2015-11-24 12:00:00,10,6,4
2015-11-24 13:00:00,7,5,2
2015-11-24 14:00:00,12,8,4
2015-11-24 15:00:00,19,14,5
2015-11-24 16:00:00,43,31,12
2015-11-24 17:00:00,77,72,5
2015-11-24 18:00:00,52,42,10
2015-11-24 19:00:00,18,14,4
2015-11-24 20:00:00,10,8,2
2015-11-24 21:00:00,4,2,2
2015-11-24 22:00:00,4,4,0
2015-11-24 23:00:00,3,2,1
2015-11-25 00:00:00,1,1,0
2015-11-25 01:00:00,0,0,0
2015-11-25 02:00:00,1,0,1
2015-11-25 03:00:00,1,1,0
2015-11-25 04:00:00,1,0,1
2015-11-25 05:00:00,13,1,12
2015-11-25 06:00:00,31,8,23
2015-11-25 07:00:00,47,9,38
2015-11-25 08:00:00,78,7,71
2015-11-25 09:00:00,31,2,29
2015-11-25 10:00:00,15,3,12
2015-11-25 11:00:00,16,7,9
2015-11-25 12:00:00,16,8,8
2015-11-25 13:00:00,18,9,9
2015-11-25 14:00:00,34,27,7
2015-11-25 15:00:00,48,38,10
2015-11-25 16:00:00,55,42,13
2015-11-25 17:00:00,52,44,8
2015-11-25 18:00:00,27,16,11
2015-11-25 19:00:00,29,24,5
2015-11-25 20:00:00,17,8,9
2015-11-25 21:00:00,4,3,1
2015-11-25 22:00:00,1,1,0
2015-11-25 23:00:00,3,1,2
2015-11-26 00:00:00,1,1,0
2015-11-26 01:00:00,2,1,1
2015-11-26 02:00:00,0,0,0
2015-11-26 03:00:00,0,0,0
2015-11-26 04:00:00,0,0,0
2015-11-26 05:00:00,2,1,1
2015-11-26 06:00:00,0,0,0
2015-11-26 07:00:00,6,1,5
2015-11-26 08:00:00,9,2,7
2015-11-26 09:00:00,18,9,9
2015-11-26 10:00:00,14,9,5
2015-11-26 11:00:00,17,8,9
2015-11-26 12:00:00,25,11,14
2015-11-26 13:00:00,39,15,24
2015-11-26 14:00:00,22,9,13
2015-11-26 15:00:00,14,8,6
2015-11-26 16:00:00,7,6,1
2015-11-26 17:00:00,3,2,1
2015-11-26 18:00:00,5,0,5
2015-11-26 19:00:00,7,3,4
2015-11-26 20:00:00,0,0,0
2015-11-26 21:00:00,5,2,3
2015-11-26 22:00:00,1,0,1
2015-11-26 23:00:00,6,6,0
2015-11-27 00:00:00,5,2,3
2015-11-27 01:00:00,0,0,0
2015-11-27 02:00:00,4,1,3
2015-11-27 03:00:00,0,0,0
2015-11-27 04:00:00,0,0,0
2015-11-27 05:00:00,3,0,3
2015-11-27 06:00:00,5,1,4
2015-11-27 07:00:00,7,2,5
2015-11-27 08:00:00,10,2,8
2015-11-27 09:00:00,9,2,7
2015-11-27 10:00:00,19,11,8
2015-11-27 11:00:00,36,10,26
2015-11-27 12:00:00,42,29,13
2015-11-27 13:00:00,54,17,37
2015-11-27 14:00:00,19,12,7
2015-11-27 15:00:00,32,21,11
2015-11-27 16:00:00,21,13,8
2015-11-27 17:00:00,18,13,5
2015-11-27 18:00:00,6,2,4
2015-11-27 19:00:00,3,1,2
2015-11-27 20:00:00,2,2,0
2015-11-27 21:00:00,2,2,0
2015-11-27 22:00:00,0,0,0
2015-11-27 23:00:00,0,0,0
2015-11-28 00:00:00,3,1,2
2015-11-28 01:00:00,0,0,0
2015-11-28 02:00:00,0,0,0
2015-11-28 03:00:00,2,0,2
2015-11-28 04:00:00,1,1,0
2015-11-28 05:00:00,4,0,4
2015-11-28 06:00:00,1,0,1
2015-11-28 07:00:00,4,1,3
2015-11-28 08:00:00,7,2,5
2015-11-28 09:00:00,8,3,5
2015-11-28 10:00:00,13,9,4
2015-11-28 11:00:00,12,9,3
2015-11-28 12:00:00,24,10,14
2015-11-28 13:00:00,18,9,9
2015-11-28 14:00:00,31,18,13
2015-11-28 15:00:00,23,14,9
2015-11-28 16:00:00,14,5,9
2015-11-28 17:00:00,4,3,1
2015-11-28 18:00:00,8,5,3
2015-11-28 19:00:00,7,4,3
2015-11-28 20:00:00,2,1,1
2015-11-28 21:00:00,2,2,0
2015-11-28 22:00:00,4,2,2
2015-11-28 23:00:00,2,1,1
2015-11-29 00:00:00,2,1,1
2015-11-29 01:00:00,1,1,0
2015-11-29 02:00:00,1,1,0
2015-11-29 03:00:00,3,2,1
2015-11-29 04:00:00,1,1,0
2015-11-29 05:00:00,2,0,2
2015-11-29 06:00:00,0,0,0
2015-11-29 07:00:00,2,1,1
2015-11-29 08:00:00,7,1,6
2015-11-29 09:00:00,11,4,7
2015-11-29 10:00:00,19,7,12
2015-11-29 11:00:00,41,10,31
2015-11-29 12:00:00,13,10,3
2015-11-29 13:00:00,14,8,6
2015-11-29 14:00:00,16,11,5
2015-11-29 15:00:00,10,4,6
2015-11-29 16:00:00,14,9,5
2015-11-29 17:00:00,9,8,1
2015-11-29 18:00:00,2,2,0
2015-11-29 19:00:00,4,3,1
2015-11-29 20:00:00,0,0,0
2015-11-29 21:00:00,0,0,0
2015-11-29 22:00:00,2,0,2
2015-11-29 23:00:00,3,1,2
2015-11-30 00:00:00,2,1,1
2015-11-30 01:00:00,0,0,0
2015-11-30 02:00:00,2,1,1
2015-11-30 03:00:00,2,1,1
2015-11-30 04:00:00,3,1,2
2015-11-30 05:00:00,17,2,15
2015-11-30 06:00:00,40,4,36
2015-11-30 07:00:00,77,12,65
2015-11-30 08:00:00,79,3,76
2015-11-30 09:00:00,22,1,21
2015-11-30 10:00:00,12,1,11
2015-11-30 11:00:00,10,3,7
2015-11-30 12:00:00,18,8,10
2015-11-30 13:00:00,9,2,7
2015-11-30 14:00:00,22,15,7
2015-11-30 15:00:00,24,16,8
2015-11-30 16:00:00,47,38,9
2015-11-30 17:00:00,81,70,11
2015-11-30 18:00:00,39,36,3
2015-11-30 19:00:00,26,25,1
2015-11-30 20:00:00,10,7,3
2015-11-30 21:00:00,4,1,3
2015-11-30 22:00:00,1,1,0
2015-11-30 23:00:00,3,3,0
2015-12-01 00:00:00,0,0,0
2015-12-01 01:00:00,1,1,0
2015-12-01 02:00:00,2,1,1
2015-12-01 03:00:00,2,1,1
2015-12-01 04:00:00,1,0,1
2015-12-01 05:00:00,17,1,16
2015-12-01 06:00:00,47,8,39
2015-12-01 07:00:00,95,8,87
2015-12-01 08:00:00,90,4,86
2015-12-01 09:00:00,42,1,41
2015-12-01 10:00:00,17,6,11
2015-12-01 11:00:00,12,7,5
2015-12-01 12:00:00,9,5,4
2015-12-01 13:00:00,14,6,8
2015-12-01 14:00:00,22,16,6
2015-12-01 15:00:00,36,27,9
2015-12-01 16:00:00,58,44,14
2015-12-01 17:00:00,104,94,10
2015-12-01 18:00:00,60,49,11
2015-12-01 19:00:00,24,19,5
2015-12-01 20:00:00,5,3,2
2015-12-01 21:00:00,4,4,0
2015-12-01 22:00:00,1,1,0
2015-12-01 23:00:00,1,1,0
2015-12-02 00:00:00,2,1,1
2015-12-02 01:00:00,0,0,0
2015-12-02 02:00:00,1,0,1
2015-12-02 03:00:00,2,1,1
2015-12-02 04:00:00,3,0,3
2015-12-02 05:00:00,11,1,10
2015-12-02 06:00:00,46,7,39
2015-12-02 07:00:00,85,6,79
2015-12-02 08:00:00,88,5,83
2015-12-02 09:00:00,42,6,36
2015-12-02 10:00:00,11,2,9
2015-12-02 11:00:00,11,3,8
2015-12-02 12:00:00,7,3,4
2015-12-02 13:00:00,19,13,6
2015-12-02 14:00:00,22,13,9
2015-12-02 15:00:00,34,22,12
2015-12-02 16:00:00,63,54,9
2015-12-02 17:00:00,87,81,6
2015-12-02 18:00:00,67,55,12
2015-12-02 19:00:00,22,18,4
2015-12-02 20:00:00,12,8,4
2015-12-02 21:00:00,8,5,3
2015-12-02 22:00:00,3,1,2
2015-12-02 23:00:00,3,2,1
2015-12-03 00:00:00,0,0,0
2015-12-03 01:00:00,0,0,0
2015-12-03 02:00:00,1,0,1
2015-12-03 03:00:00,0,0,0
2015-12-03 04:00:00,3,0,3
2015-12-03 05:00:00,8,2,6
2015-12-03 06:00:00,34,3,31
2015-12-03 07:00:00,65,8,57
2015-12-03 08:00:00,63,4,59
2015-12-03 09:00:00,42,4,38
2015-12-03 10:00:00,9,0,9
2015-12-03 11:00:00,6,3,3
2015-12-03 12:00:00,7,3,4
2015-12-03 13:00:00,12,6,6
2015-12-03 14:00:00,7,5,2
2015-12-03 15:00:00,25,19,6
2015-12-03 16:00:00,27,21,6
2015-12-03 17:00:00,61,56,5
2015-12-03 18:00:00,49,39,10
2015-12-03 19:00:00,18,16,2
2015-12-03 20:00:00,8,7,1
2015-12-03 21:00:00,8,7,1
2015-12-03 22:00:00,3,2,1
2015-12-03 23:00:00,4,3,1
2015-12-04 00:00:00,6,4,2
2015-12-04 01:00:00,2,0,2
2015-12-04 02:00:00,2,1,1
2015-12-04 03:00:00,1,0,1
2015-12-04 04:00:00,3,1,2
2015-12-04 05:00:00,6,1,5
2015-12-04 06:00:00,35,6,29
2015-12-04 07:00:00,67,10,57
2015-12-04 08:00:00,74,6,68
2015-12-04 09:00:00,33,2,31
2015-12-04 10:00:00,16,5,11
2015-12-04 11:00:00,8,1,7
2015-12-04 12:00:00,7,2,5
2015-12-04 13:00:00,19,13,6
2015-12-04 14:00:00,24,12,12
2015-12-04 15:00:00,35,22,13
2015-12-04 16:00:00,50,40,10
2015-12-04 17:00:00,79,64,15
2015-12-04 18:00:00,40,36,4
2015-12-04 19:00:00,15,12,3
2015-12-04 20:00:00,9,6,3
2015-12-04 21:00:00,2,2,0
2015-12-04 22:00:00,5,2,3
2015-12-04 23:00:00,3,3,0
2015-12-05 00:00:00,7,6,1
2015-12-05 01:00:00,5,5,0
2015-12-05 02:00:00,2,1,1
2015-12-05 03:00:00,2,2,0
2015-12-05 04:00:00,2,1,1
2015-12-05 05:00:00,5,0,5
2015-12-05 06:00:00,3,1,2
2015-12-05 07:00:00,3,0,3
2015-12-05 08:00:00,6,0,6
2015-12-05 09:00:00,5,3,2
2015-12-05 10:00:00,5,2,3
2015-12-05 11:00:00,2,1,1
2015-12-05 12:00:00,9,5,4
2015-12-05 13:00:00,6,5,1
2015-12-05 14:00:00,11,6,5
2015-12-05 15:00:00,4,3,1
2015-12-05 16:00:00,3,2,1
2015-12-05 17:00:00,1,1,0
2015-12-05 18:00:00,4,1,3
2015-12-05 19:00:00,4,1,3
2015-12-05 20:00:00,3,2,1
2015-12-05 21:00:00,1,1,0
2015-12-05 22:00:00,0,0,0
2015-12-05 23:00:00,1,1,0
2015-12-06 00:00:00,1,1,0
2015-12-06 01:00:00,1,1,0
2015-12-06 02:00:00,2,1,1
2015-12-06 03:00:00,1,1,0
2015-12-06 04:00:00,0,0,0
2015-12-06 05:00:00,2,0,2
2015-12-06 06:00:00,3,1,2
2015-12-06 07:00:00,1,1,0
2015-12-06 08:00:00,3,0,3
2015-12-06 09:00:00,4,2,2
2015-12-06 10:00:00,7,4,3
2015-12-06 11:00:00,7,4,3
2015-12-06 12:00:00,17,10,7
2015-12-06 13:00:00,10,3,7
2015-12-06 14:00:00,20,10,10
2015-12-06 15:00:00,19,12,7
2015-12-06 16:00:00,10,5,5
2015-12-06 17:00:00,3,1,2
2015-12-06 18:00:00,2,0,2
2015-12-06 19:00:00,4,4,0
2015-12-06 20:00:00,2,2,0
2015-12-06 21:00:00,1,1,0
2015-12-06 22:00:00,1,1,0
2015-12-06 23:00:00,2,1,1
2015-12-07 00:00:00,2,1,1
2015-12-07 01:00:00,1,1,0
2015-12-07 02:00:00,0,0,0
2015-12-07 03:00:00,3,1,2
2015-12-07 04:00:00,4,0,4
2015-12-07 05:00:00,10,1,9
2015-12-07 06:00:00,50,6,44
2015-12-07 07:00:00,80,6,74
2015-12-07 08:00:00,76,5,71
2015-12-07 09:00:00,28,4,24
2015-12-07 10:00:00,9,1,8
2015-12-07 11:00:00,3,0,3
2015-12-07 12:00:00,7,5,2
2015-12-07 13:00:00,2,1,1
2015-12-07 14:00:00,6,2,4
2015-12-07 15:00:00,18,12,6
2015-12-07 16:00:00,53,47,6
2015-12-07 17:00:00,94,85,9
2015-12-07 18:00:00,41,38,3
2015-12-07 19:00:00,19,16,3
2015-12-07 20:00:00,6,6,0
2015-12-07 21:00:00,5,4,1
2015-12-07 22:00:00,2,2,0
2015-12-07 23:00:00,2,2,0
2015-12-08 00:00:00,0,0,0
2015-12-08 01:00:00,0,0,0
2015-12-08 02:00:00,3,2,1
2015-12-08 03:00:00,1,1,0
2015-12-08 04:00:00,1,0,1
2015-12-08 05:00:00,9,0,9
2015-12-08 06:00:00,25,5,20
2015-12-08 07:00:00,67,9,58
2015-12-08 08:00:00,59,3,56
2015-12-08 09:00:00,26,2,24
2015-12-08 10:00:00,4,2,2
2015-12-08 11:00:00,0,0,0
2015-12-08 12:00:00,1,0,1
2015-12-08 13:00:00,5,1,4
2015-12-08 14:00:00,6,4,2
2015-12-08 15:00:00,16,11,5
2015-12-08 16:00:00,32,25,7
2015-12-08 17:00:00,58,51,7
2015-12-08 18:00:00,41,37,4
2015-12-08 19:00:00,18,17,1
2015-12-08 20:00:00,7,6,1
2015-12-08 21:00:00,6,5,1
2015-12-08 22:00:00,5,5,0
2015-12-08 23:00:00,0,0,0
2015-12-09 00:00:00,0,0,0
2015-12-09 01:00:00,0,0,0
2015-12-09 02:00:00,1,1,0
2015-12-09 03:00:00,0,0,0
2015-12-09 04:00:00,3,1,2
2015-12-09 05:00:00,13,1,12
2015-12-09 06:00:00,20,2,18
2015-12-09 07:00:00,49,9,40
2015-12-09 08:00:00,70,6,64
2015-12-09 09:00:00,23,1,22
2015-12-09 10:00:00,16,5,11
2015-12-09 11:00:00,11,4,7
2015-12-09 12:00:00,9,3,6
2015-12-09 13:00:00,11,6,5
2015-12-09 14:00:00,24,13,11
2015-12-09 15:00:00,29,15,14
2015-12-09 16:00:00,36,29,7
2015-12-09 17:00:00,78,65,13
2015-12-09 18:00:00,39,30,9
2015-12-09 19:00:00,20,19,1
2015-12-09 20:00:00,20,8,12
2015-12-09 21:00:00,11,9,2
2015-12-09 22:00:00,4,2,2
2015-12-09 23:00:00,2,2,0
2015-12-10 00:00:00,4,2,2
2015-12-10 01:00:00,0,0,0
2015-12-10 02:00:00,2,1,1
2015-12-10 03:00:00,0,0,0
2015-12-10 04:00:00,1,0,1
2015-12-10 05:00:00,10,1,9
2015-12-10 06:00:00,39,6,33
2015-12-10 07:00:00,62,10,52
2015-12-10 08:00:00,78,7,71
2015-12-10 09:00:00,29,4,25
2015-12-10 10:00:00,6,0,6
2015-12-10 11:00:00,7,3,4
2015-12-10 12:00:00,4,2,2
2015-12-10 13:00:00,4,1,3
2015-12-10 14:00:00,17,10,7
2015-12-10 15:00:00,21,15,6
2015-12-10 16:00:00,39,29,10
2015-12-10 17:00:00,61,55,6
2015-12-10 18:00:00,46,42,4
2015-12-10 19:00:00,14,12,2
2015-12-10 20:00:00,5,4,1
2015-12-10 21:00:00,8,8,0
2015-12-10 22:00:00,4,3,1
2015-12-10 23:00:00,5,2,3
2015-12-11 00:00:00,3,3,0
2015-12-11 01:00:00,2,1,1
2015-12-11 02:00:00,1,1,0
2015-12-11 03:00:00,2,0,2
2015-12-11 04:00:00,3,1,2
2015-12-11 05:00:00,11,2,9
2015-12-11 06:00:00,28,5,23
2015-12-11 07:00:00,65,5,60
2015-12-11 08:00:00,74,5,69
2015-12-11 09:00:00,31,1,30
2015-12-11 10:00:00,23,7,16
2015-12-11 11:00:00,11,3,8
2015-12-11 12:00:00,10,6,4
2015-12-11 13:00:00,23,11,12
2015-12-11 14:00:00,25,17,8
2015-12-11 15:00:00,33,25,8
2015-12-11 16:00:00,46,37,9
2015-12-11 17:00:00,78,73,5
2015-12-11 18:00:00,34,29,5
2015-12-11 19:00:00,12,11,1
2015-12-11 20:00:00,11,7,4
2015-12-11 21:00:00,4,4,0
2015-12-11 22:00:00,3,1,2
2015-12-11 23:00:00,5,4,1
2015-12-12 00:00:00,8,5,3
2015-12-12 01:00:00,0,0,0
2015-12-12 02:00:00,2,1,1
2015-12-12 03:00:00,0,0,0
2015-12-12 04:00:00,1,1,0
2015-12-12 05:00:00,5,2,3
2015-12-12 06:00:00,3,1,2
2015-12-12 07:00:00,2,1,1
2015-12-12 08:00:00,9,2,7
2015-12-12 09:00:00,6,2,4
2015-12-12 10:00:00,7,3,4
2015-12-12 11:00:00,11,5,6
2015-12-12 12:00:00,2,2,0
2015-12-12 13:00:00,8,6,2
2015-12-12 14:00:00,5,3,2
2015-12-12 15:00:00,5,4,1
2015-12-12 16:00:00,5,1,4
2015-12-12 17:00:00,4,2,2
2015-12-12 18:00:00,4,2,2
2015-12-12 19:00:00,3,0,3
2015-12-12 20:00:00,0,0,0
2015-12-12 21:00:00,0,0,0
2015-12-12 22:00:00,1,1,0
2015-12-12 23:00:00,1,1,0
2015-12-13 00:00:00,1,1,0
2015-12-13 01:00:00,3,3,0
2015-12-13 02:00:00,0,0,0
2015-12-13 03:00:00,3,2,1
2015-12-13 04:00:00,0,0,0
2015-12-13 05:00:00,3,0,3
2015-12-13 06:00:00,1,0,1
2015-12-13 07:00:00,3,2,1
2015-12-13 08:00:00,15,3,12
2015-12-13 09:00:00,14,5,9
2015-12-13 10:00:00,21,11,10
2015-12-13 11:00:00,9,4,5
2015-12-13 12:00:00,13,4,9
2015-12-13 13:00:00,4,0,4
2015-12-13 14:00:00,11,4,7
2015-12-13 15:00:00,24,9,15
2015-12-13 16:00:00,8,4,4
2015-12-13 17:00:00,4,2,2
2015-12-13 18:00:00,2,2,0
2015-12-13 19:00:00,2,2,0
2015-12-13 20:00:00,3,3,0
2015-12-13 21:00:00,4,3,1
2015-12-13 22:00:00,0,0,0
2015-12-13 23:00:00,5,2,3
2015-12-14 00:00:00,4,3,1
2015-12-14 01:00:00,0,0,0
2015-12-14 02:00:00,0,0,0
2015-12-14 03:00:00,1,1,0
2015-12-14 04:00:00,3,1,2
2015-12-14 05:00:00,14,0,14
2015-12-14 06:00:00,42,6,36
2015-12-14 07:00:00,102,8,94
2015-12-14 08:00:00,103,6,97
2015-12-14 09:00:00,36,5,31
2015-12-14 10:00:00,14,2,12
2015-12-14 11:00:00,13,2,11
2015-12-14 12:00:00,18,9,9
2015-12-14 13:00:00,10,2,8
2015-12-14 14:00:00,30,16,14
2015-12-14 15:00:00,30,20,10
2015-12-14 16:00:00,76,60,16
2015-12-14 17:00:00,122,107,15
2015-12-14 18:00:00,62,55,7
2015-12-14 19:00:00,29,24,5
2015-12-14 20:00:00,7,6,1
2015-12-14 21:00:00,10,9,1
2015-12-14 22:00:00,3,3,0
2015-12-14 23:00:00,3,2,1
2015-12-15 00:00:00,0,0,0
2015-12-15 01:00:00,0,0,0
2015-12-15 02:00:00,1,1,0
2015-12-15 03:00:00,2,2,0
2015-12-15 04:00:00,3,0,3
2015-12-15 05:00:00,17,2,15
2015-12-15 06:00:00,50,7,43
2015-12-15 07:00:00,78,8,70
2015-12-15 08:00:00,113,6,107
2015-12-15 09:00:00,54,7,47
2015-12-15 10:00:00,16,5,11
2015-12-15 11:00:00,13,6,7
2015-12-15 12:00:00,12,5,7
2015-12-15 13:00:00,11,7,4
2015-12-15 14:00:00,22,12,10
2015-12-15 15:00:00,26,21,5
2015-12-15 16:00:00,54,40,14
2015-12-15 17:00:00,102,93,9
2015-12-15 18:00:00,55,44,11
2015-12-15 19:00:00,28,24,4
2015-12-15 20:00:00,14,10,4
2015-12-15 21:00:00,10,9,1
2015-12-15 22:00:00,1,1,0
2015-12-15 23:00:00,11,8,3
2015-12-16 00:00:00,1,1,0
2015-12-16 01:00:00,0,0,0
2015-12-16 02:00:00,1,1,0
2015-12-16 03:00:00,0,0,0
2015-12-16 04:00:00,3,1,2
2015-12-16 05:00:00,13,2,11
2015-12-16 06:00:00,49,9,40
2015-12-16 07:00:00,75,12,63
2015-12-16 08:00:00,95,6,89
2015-12-16 09:00:00,35,2,33
2015-12-16 10:00:00,23,4,19
2015-12-16 11:00:00,12,3,9
2015-12-16 12:00:00,11,4,7
2015-12-16 13:00:00,10,5,5
2015-12-16 14:00:00,32,19,13
2015-12-16 15:00:00,31,25,6
2015-12-16 16:00:00,63,51,12
2015-12-16 17:00:00,96,86,10
2015-12-16 18:00:00,60,48,12
2015-12-16 19:00:00,23,20,3
2015-12-16 20:00:00,19,16,3
2015-12-16 21:00:00,13,10,3
2015-12-16 22:00:00,2,2,0
2015-12-16 23:00:00,4,2,2
2015-12-17 00:00:00,4,4,0
2015-12-17 01:00:00,1,0,1
2015-12-17 02:00:00,1,0,1
2015-12-17 03:00:00,2,1,1
2015-12-17 04:00:00,3,0,3
2015-12-17 05:00:00,16,1,15
2015-12-17 06:00:00,29,3,26
2015-12-17 07:00:00,68,7,61
2015-12-17 08:00:00,62,5,57
2015-12-17 09:00:00,21,1,20
2015-12-17 10:00:00,14,1,13
2015-12-17 11:00:00,9,4,5
2015-12-17 12:00:00,6,3,3
2015-12-17 13:00:00,2,0,2
2015-12-17 14:00:00,5,2,3
2015-12-17 15:00:00,14,12,2
2015-12-17 16:00:00,40,35,5
2015-12-17 17:00:00,52,44,8
2015-12-17 18:00:00,49,43,6
2015-12-17 19:00:00,16,13,3
2015-12-17 20:00:00,4,4,0
2015-12-17 21:00:00,4,4,0
2015-12-17 22:00:00,4,3,1
2015-12-17 23:00:00,3,3,0
2015-12-18 00:00:00,1,1,0
2015-12-18 01:00:00,3,0,3
2015-12-18 02:00:00,3,2,1
2015-12-18 03:00:00,0,0,0
2015-12-18 04:00:00,1,0,1
2015-12-18 05:00:00,10,1,9
2015-12-18 06:00:00,19,5,14
2015-12-18 07:00:00,51,5,46
2015-12-18 08:00:00,61,7,54
2015-12-18 09:00:00,31,3,28
2015-12-18 10:00:00,12,9,3
2015-12-18 11:00:00,11,6,5
2015-12-18 12:00:00,18,6,12
2015-12-18 13:00:00,7,4,3
2015-12-18 14:00:00,9,5,4
2015-12-18 15:00:00,23,16,7
2015-12-18 16:00:00,36,29,7
2015-12-18 17:00:00,70,63,7
2015-12-18 18:00:00,33,28,5
2015-12-18 19:00:00,9,8,1
2015-12-18 20:00:00,6,6,0
2015-12-18 21:00:00,1,1,0
2015-12-18 22:00:00,1,1,0
2015-12-18 23:00:00,2,1,1
2015-12-19 00:00:00,2,1,1
2015-12-19 01:00:00,0,0,0
2015-12-19 02:00:00,1,1,0
2015-12-19 03:00:00,1,0,1
2015-12-19 04:00:00,1,1,0
2015-12-19 05:00:00,4,0,4
2015-12-19 06:00:00,7,3,4
2015-12-19 07:00:00,2,0,2
2015-12-19 08:00:00,10,4,6
2015-12-19 09:00:00,11,3,8
2015-12-19 10:00:00,17,8,9
2015-12-19 11:00:00,26,12,14
2015-12-19 12:00:00,17,7,10
2015-12-19 13:00:00,33,18,15
2015-12-19 14:00:00,26,11,15
2015-12-19 15:00:00,25,14,11
2015-12-19 16:00:00,10,4,6
2015-12-19 17:00:00,5,1,4
2015-12-19 18:00:00,2,2,0
2015-12-19 19:00:00,2,2,0
2015-12-19 20:00:00,4,3,1
2015-12-19 21:00:00,3,3,0
2015-12-19 22:00:00,1,1,0
2015-12-19 23:00:00,2,2,0
2015-12-20 00:00:00,0,0,0
2015-12-20 01:00:00,3,2,1
2015-12-20 02:00:00,0,0,0
2015-12-20 03:00:00,0,0,0
2015-12-20 04:00:00,1,1,0
2015-12-20 05:00:00,2,0,2
2015-12-20 06:00:00,3,1,2
2015-12-20 07:00:00,0,0,0
2015-12-20 08:00:00,9,3,6
2015-12-20 09:00:00,7,4,3
2015-12-20 10:00:00,17,7,10
2015-12-20 11:00:00,19,6,13
2015-12-20 12:00:00,17,11,6
2015-12-20 13:00:00,19,9,10
2015-12-20 14:00:00,17,13,4
2015-12-20 15:00:00,17,10,7
2015-12-20 16:00:00,19,8,11
2015-12-20 17:00:00,7,3,4
2015-12-20 18:00:00,1,0,1
2015-12-20 19:00:00,3,2,1
2015-12-20 20:00:00,4,3,1
2015-12-20 21:00:00,4,4,0
2015-12-20 22:00:00,3,1,2
2015-12-20 23:00:00,2,1,1
2015-12-21 00:00:00,2,1,1
2015-12-21 01:00:00,0,0,0
2015-12-21 02:00:00,0,0,0
2015-12-21 03:00:00,1,0,1
2015-12-21 04:00:00,3,1,2
2015-12-21 05:00:00,12,1,11
2015-12-21 06:00:00,25,1,24
2015-12-21 07:00:00,63,4,59
2015-12-21 08:00:00,47,4,43
2015-12-21 09:00:00,13,1,12
2015-12-21 10:00:00,9,2,7
2015-12-21 11:00:00,5,2,3
2015-12-21 12:00:00,3,2,1
2015-12-21 13:00:00,5,2,3
2015-12-21 14:00:00,5,3,2
2015-12-21 15:00:00,14,12,2
2015-12-21 16:00:00,39,34,5
2015-12-21 17:00:00,55,47,8
2015-12-21 18:00:00,27,22,5
2015-12-21 19:00:00,15,14,1
2015-12-21 20:00:00,4,3,1
2015-12-21 21:00:00,2,2,0
2015-12-21 22:00:00,3,1,2
2015-12-21 23:00:00,2,2,0
2015-12-22 00:00:00,0,0,0
2015-12-22 01:00:00,1,1,0
2015-12-22 02:00:00,1,1,0
2015-12-22 03:00:00,2,2,0
2015-12-22 04:00:00,4,0,4
2015-12-22 05:00:00,15,3,12
2015-12-22 06:00:00,24,2,22
2015-12-22 07:00:00,54,2,52
2015-12-22 08:00:00,58,2,56
2015-12-22 09:00:00,23,2,21
2015-12-22 10:00:00,15,4,11
2015-12-22 11:00:00,5,2,3
2015-12-22 12:00:00,13,5,8
2015-12-22 13:00:00,12,10,2
2015-12-22 14:00:00,22,10,12
2015-12-22 15:00:00,19,11,8
2015-12-22 16:00:00,46,38,8
2015-12-22 17:00:00,66,59,7
2015-12-22 18:00:00,26,22,4
2015-12-22 19:00:00,9,7,2
2015-12-22 20:00:00,5,5,0
2015-12-22 21:00:00,5,5,0
2015-12-22 22:00:00,1,1,0
2015-12-22 23:00:00,2,2,0
2015-12-23 00:00:00,4,3,1
2015-12-23 01:00:00,1,1,0
2015-12-23 02:00:00,1,1,0
2015-12-23 03:00:00,1,1,0
2015-12-23 04:00:00,3,1,2
2015-12-23 05:00:00,9,3,6
2015-12-23 06:00:00,24,2,22
2015-12-23 07:00:00,40,6,34
2015-12-23 08:00:00,35,1,34
2015-12-23 09:00:00,24,1,23
2015-12-23 10:00:00,14,1,13
2015-12-23 11:00:00,6,3,3
2015-12-23 12:00:00,3,2,1
2015-12-23 13:00:00,12,7,5
2015-12-23 14:00:00,15,12,3
2015-12-23 15:00:00,20,17,3
2015-12-23 16:00:00,31,26,5
2015-12-23 17:00:00,42,37,5
2015-12-23 18:00:00,23,18,5
2015-12-23 19:00:00,10,8,2
2015-12-23 20:00:00,3,2,1
2015-12-23 21:00:00,2,2,0
2015-12-23 22:00:00,1,1,0
2015-12-23 23:00:00,1,1,0
2015-12-24 00:00:00,0,0,0
2015-12-24 01:00:00,1,0,1
2015-12-24 02:00:00,1,1,0
2015-12-24 03:00:00,2,1,1
2015-12-24 04:00:00,2,1,1
2015-12-24 05:00:00,10,3,7
2015-12-24 06:00:00,10,0,10
2015-12-24 07:00:00,12,0,12
2015-12-24 08:00:00,11,3,8
2015-12-24 09:00:00,11,2,9
2015-12-24 10:00:00,11,6,5
2015-12-24 11:00:00,14,8,6
2015-12-24 12:00:00,15,9,6
2015-12-24 13:00:00,26,14,12
2015-12-24 14:00:00,20,13,7
2015-12-24 15:00:00,10,8,2
2015-12-24 16:00:00,14,9,5
2015-12-24 17:00:00,6,5,1
2015-12-24 18:00:00,4,3,1
2015-12-24 19:00:00,3,1,2
2015-12-24 20:00:00,3,1,2
2015-12-24 21:00:00,2,2,0
2015-12-24 22:00:00,0,0,0
2015-12-24 23:00:00,1,1,0
2015-12-25 00:00:00,2,1,1
2015-12-25 01:00:00,1,1,0
2015-12-25 02:00:00,0,0,0
2015-12-25 03:00:00,0,0,0
2015-12-25 04:00:00,0,0,0
2015-12-25 05:00:00,2,1,1
2015-12-25 06:00:00,1,0,1
2015-12-25 07:00:00,0,0,0
2015-12-25 08:00:00,1,0,1
2015-12-25 09:00:00,1,0,1
2015-12-25 10:00:00,4,1,3
2015-12-25 11:00:00,6,2,4
2015-12-25 12:00:00,21,19,2
2015-12-25 13:00:00,28,6,22
2015-12-25 14:00:00,21,11,10
2015-12-25 15:00:00,10,3,7
2015-12-25 16:00:00,9,4,5
2015-12-25 17:00:00,8,3,5
2015-12-25 18:00:00,4,2,2
2015-12-25 19:00:00,2,1,1
2015-12-25 20:00:00,2,1,1
2015-12-25 21:00:00,4,3,1
2015-12-25 22:00:00,3,2,1
2015-12-25 23:00:00,1,0,1
2015-12-26 00:00:00,1,1,0
2015-12-26 01:00:00,0,0,0
2015-12-26 02:00:00,0,0,0
2015-12-26 03:00:00,1,0,1
2015-12-26 04:00:00,1,1,0
2015-12-26 05:00:00,3,0,3
2015-12-26 06:00:00,2,2,0
2015-12-26 07:00:00,3,2,1
2015-12-26 08:00:00,12,3,9
2015-12-26 09:00:00,11,3,8
2015-12-26 10:00:00,11,9,2
2015-12-26 11:00:00,12,3,9
2015-12-26 12:00:00,11,5,6
2015-12-26 13:00:00,19,10,9
2015-12-26 14:00:00,24,13,11
2015-12-26 15:00:00,28,12,16
2015-12-26 16:00:00,8,4,4
2015-12-26 17:00:00,15,6,9
2015-12-26 18:00:00,15,11,4
2015-12-26 19:00:00,5,2,3
2015-12-26 20:00:00,1,1,0
2015-12-26 21:00:00,0,0,0
2015-12-26 22:00:00,4,3,1
2015-12-26 23:00:00,3,2,1
2015-12-27 00:00:00,6,2,4
2015-12-27 01:00:00,3,1,2
2015-12-27 02:00:00,0,0,0
2015-12-27 03:00:00,1,1,0
2015-12-27 04:00:00,1,1,0
2015-12-27 05:00:00,6,1,5
2015-12-27 06:00:00,3,1,2
2015-12-27 07:00:00,6,5,1
2015-12-27 08:00:00,9,3,6
2015-12-27 09:00:00,11,4,7
2015-12-27 10:00:00,6,3,3
2015-12-27 11:00:00,3,3,0
2015-12-27 12:00:00,3,1,2
2015-12-27 13:00:00,1,0,1
2015-12-27 14:00:00,3,2,1
2015-12-27 15:00:00,5,5,0
2015-12-27 16:00:00,2,0,2
2015-12-27 17:00:00,2,1,1
2015-12-27 18:00:00,0,0,0
2015-12-27 19:00:00,1,1,0
2015-12-27 20:00:00,2,2,0
2015-12-27 21:00:00,1,1,0
2015-12-27 22:00:00,0,0,0
2015-12-27 23:00:00,0,0,0
2015-12-28 00:00:00,1,0,1
2015-12-28 01:00:00,0,0,0
2015-12-28 02:00:00,1,0,1
2015-12-28 03:00:00,0,0,0
2015-12-28 04:00:00,3,1,2
2015-12-28 05:00:00,13,2,11
2015-12-28 06:00:00,19,5,14
2015-12-28 07:00:00,53,6,47
2015-12-28 08:00:00,30,0,30
2015-12-28 09:00:00,29,4,25
2015-12-28 10:00:00,12,1,11
2015-12-28 11:00:00,12,6,6
2015-12-28 12:00:00,9,2,7
2015-12-28 13:00:00,10,6,4
2015-12-28 14:00:00,15,10,5
2015-12-28 15:00:00,22,19,3
2015-12-28 16:00:00,44,33,11
2015-12-28 17:00:00,42,37,5
2015-12-28 18:00:00,30,26,4
2015-12-28 19:00:00,16,12,4
2015-12-28 20:00:00,5,3,2
2015-12-28 21:00:00,3,2,1
2015-12-28 22:00:00,2,1,1
2015-12-28 23:00:00,0,0,0
2015-12-29 00:00:00,0,0,0
2015-12-29 01:00:00,0,0,0
2015-12-29 02:00:00,2,1,1
2015-12-29 03:00:00,1,0,1
2015-12-29 04:00:00,2,1,1
2015-12-29 05:00:00,12,3,9
2015-12-29 06:00:00,30,10,20
2015-12-29 07:00:00,52,5,47
2015-12-29 08:00:00,53,3,50
2015-12-29 09:00:00,33,6,27
2015-12-29 10:00:00,15,4,11
2015-12-29 11:00:00,14,4,10
2015-12-29 12:00:00,10,5,5
2015-12-29 13:00:00,15,11,4
2015-12-29 14:00:00,29,15,14
2015-12-29 15:00:00,25,20,5
2015-12-29 16:00:00,57,41,16
2015-12-29 17:00:00,77,66,11
2015-12-29 18:00:00,29,22,7
2015-12-29 19:00:00,10,9,1
2015-12-29 20:00:00,3,2,1
2015-12-29 21:00:00,7,6,1
2015-12-29 22:00:00,1,1,0
2015-12-29 23:00:00,2,0,2
2015-12-30 00:00:00,2,1,1
2015-12-30 01:00:00,0,0,0
2015-12-30 02:00:00,1,0,1
2015-12-30 03:00:00,0,0,0
2015-12-30 04:00:00,1,1,0
2015-12-30 05:00:00,9,2,7
2015-12-30 06:00:00,19,6,13
2015-12-30 07:00:00,43,10,33
2015-12-30 08:00:00,32,2,30
2015-12-30 09:00:00,24,4,20
2015-12-30 10:00:00,14,4,10
2015-12-30 11:00:00,15,8,7
2015-12-30 12:00:00,23,9,14
2015-12-30 13:00:00,19,10,9
2015-12-30 14:00:00,18,10,8
2015-12-30 15:00:00,31,24,7
2015-12-30 16:00:00,58,36,22
2015-12-30 17:00:00,45,39,6
2015-12-30 18:00:00,29,18,11
2015-12-30 19:00:00,16,13,3
2015-12-30 20:00:00,7,5,2
2015-12-30 21:00:00,2,2,0
2015-12-30 22:00:00,2,2,0
2015-12-30 23:00:00,1,1,0
2015-12-31 00:00:00,4,2,2
2015-12-31 01:00:00,2,1,1
2015-12-31 02:00:00,0,0,0
2015-12-31 03:00:00,3,3,0
2015-12-31 04:00:00,0,0,0
2015-12-31 05:00:00,5,2,3
2015-12-31 06:00:00,22,4,18
2015-12-31 07:00:00,14,5,9
2015-12-31 08:00:00,27,3,24
2015-12-31 09:00:00,13,3,10
2015-12-31 10:00:00,11,3,8
2015-12-31 11:00:00,10,6,4
2015-12-31 12:00:00,15,9,6
2015-12-31 13:00:00,30,14,16
2015-12-31 14:00:00,28,17,11
2015-12-31 15:00:00,40,23,17
2015-12-31 16:00:00,19,12,7
2015-12-31 17:00:00,23,20,3
2015-12-31 18:00:00,10,4,6
2015-12-31 19:00:00,5,4,1
2015-12-31 20:00:00,2,2,0
2015-12-31 21:00:00,4,2,2
2015-12-31 22:00:00,0,0,0
2015-12-31 23:00:00,1,1,0
2016-01-01 00:00:00,2,2,0
2016-01-01 01:00:00,1,1,0
2016-01-01 02:00:00,0,0,0
2016-01-01 03:00:00,1,1,0
2016-01-01 04:00:00,2,2,0
2016-01-01 05:00:00,1,0,1
2016-01-01 06:00:00,1,0,1
2016-01-01 07:00:00,2,1,1
2016-01-01 08:00:00,1,0,1
2016-01-01 09:00:00,0,0,0
2016-01-01 10:00:00,13,4,9
2016-01-01 11:00:00,23,12,11
2016-01-01 12:00:00,24,15,9
2016-01-01 13:00:00,34,18,16
2016-01-01 14:00:00,39,20,19
2016-01-01 15:00:00,25,9,16
2016-01-01 16:00:00,11,6,5
2016-01-01 17:00:00,7,3,4
2016-01-01 18:00:00,9,3,6
2016-01-01 19:00:00,9,2,7
2016-01-01 20:00:00,3,2,1
2016-01-01 21:00:00,2,1,1
2016-01-01 22:00:00,0,0,0
2016-01-01 23:00:00,2,2,0
2016-01-02 00:00:00,3,3,0
2016-01-02 01:00:00,0,0,0
2016-01-02 02:00:00,3,1,2
2016-01-02 03:00:00,0,0,0
2016-01-02 04:00:00,1,1,0
2016-01-02 05:00:00,3,0,3
2016-01-02 06:00:00,2,1,1
2016-01-02 07:00:00,0,0,0
2016-01-02 08:00:00,3,2,1
2016-01-02 09:00:00,14,3,11
2016-01-02 10:00:00,16,10,6
2016-01-02 11:00:00,23,9,14
2016-01-02 12:00:00,20,9,11
2016-01-02 13:00:00,27,11,16
2016-01-02 14:00:00,24,16,8
2016-01-02 15:00:00,26,17,9
2016-01-02 16:00:00,22,9,13
2016-01-02 17:00:00,11,6,5
2016-01-02 18:00:00,4,0,4
2016-01-02 19:00:00,1,1,0
2016-01-02 20:00:00,4,4,0
2016-01-02 21:00:00,4,2,2
2016-01-02 22:00:00,1,0,1
2016-01-02 23:00:00,1,1,0
2016-01-03 00:00:00,0,0,0
2016-01-03 01:00:00,1,1,0
2016-01-03 02:00:00,0,0,0
2016-01-03 03:00:00,1,0,1
2016-01-03 04:00:00,2,2,0
2016-01-03 05:00:00,4,1,3
2016-01-03 06:00:00,4,1,3
2016-01-03 07:00:00,2,0,2
2016-01-03 08:00:00,5,3,2
2016-01-03 09:00:00,7,1,6
2016-01-03 10:00:00,10,7,3
2016-01-03 11:00:00,18,5,13
2016-01-03 12:00:00,22,9,13
2016-01-03 13:00:00,21,10,11
2016-01-03 14:00:00,7,3,4
2016-01-03 15:00:00,9,5,4
2016-01-03 16:00:00,2,1,1
2016-01-03 17:00:00,7,5,2
2016-01-03 18:00:00,3,3,0
2016-01-03 19:00:00,4,2,2
2016-01-03 20:00:00,3,3,0
2016-01-03 21:00:00,2,1,1
2016-01-03 22:00:00,1,1,0
2016-01-03 23:00:00,0,0,0
2016-01-04 00:00:00,0,0,0
2016-01-04 01:00:00,0,0,0
2016-01-04 02:00:00,1,0,1
2016-01-04 03:00:00,3,2,1
2016-01-04 04:00:00,1,1,0
2016-01-04 05:00:00,9,1,8
2016-01-04 06:00:00,35,5,30
2016-01-04 07:00:00,63,5,58
2016-01-04 08:00:00,82,5,77
2016-01-04 09:00:00,22,0,22
2016-01-04 10:00:00,13,3,10
2016-01-04 11:00:00,6,4,2
2016-01-04 12:00:00,5,2,3
2016-01-04 13:00:00,5,2,3
2016-01-04 14:00:00,7,3,4
2016-01-04 15:00:00,18,15,3
2016-01-04 16:00:00,52,44,8
2016-01-04 17:00:00,90,78,12
2016-01-04 18:00:00,37,33,4
2016-01-04 19:00:00,23,21,2
2016-01-04 20:00:00,6,5,1
2016-01-04 21:00:00,1,1,0
2016-01-04 22:00:00,1,1,0
2016-01-04 23:00:00,1,1,0
2016-01-05 00:00:00,0,0,0
2016-01-05 01:00:00,1,0,1
2016-01-05 02:00:00,2,1,1
2016-01-05 03:00:00,3,2,1
2016-01-05 04:00:00,0,0,0
2016-01-05 05:00:00,13,2,11
2016-01-05 06:00:00,48,7,41
2016-01-05 07:00:00,76,14,62
2016-01-05 08:00:00,73,4,69
2016-01-05 09:00:00,30,1,29
2016-01-05 10:00:00,11,3,8
2016-01-05 11:00:00,8,4,4
2016-01-05 12:00:00,4,3,1
2016-01-05 13:00:00,7,4,3
2016-01-05 14:00:00,11,6,5
2016-01-05 15:00:00,17,15,2
2016-01-05 16:00:00,47,36,11
2016-01-05 17:00:00,94,82,12
2016-01-05 18:00:00,41,35,6
2016-01-05 19:00:00,17,16,1
2016-01-05 20:00:00,14,10,4
2016-01-05 21:00:00,2,2,0
2016-01-05 22:00:00,4,4,0
2016-01-05 23:00:00,1,1,0
2016-01-06 00:00:00,1,1,0
2016-01-06 01:00:00,0,0,0
2016-01-06 02:00:00,1,0,1
2016-01-06 03:00:00,1,1,0
2016-01-06 04:00:00,1,0,1
2016-01-06 05:00:00,18,3,15
2016-01-06 06:00:00,44,3,41
2016-01-06 07:00:00,85,10,75
2016-01-06 08:00:00,96,11,85
2016-01-06 09:00:00,42,4,38
2016-01-06 10:00:00,19,5,14
2016-01-06 11:00:00,14,2,12
2016-01-06 12:00:00,15,9,6
2016-01-06 13:00:00,18,7,11
2016-01-06 14:00:00,32,22,10
2016-01-06 15:00:00,38,25,13
2016-01-06 16:00:00,70,57,13
2016-01-06 17:00:00,110,101,9
2016-01-06 18:00:00,54,44,10
2016-01-06 19:00:00,21,21,0
2016-01-06 20:00:00,18,15,3
2016-01-06 21:00:00,9,8,1
2016-01-06 22:00:00,3,2,1
2016-01-06 23:00:00,2,1,1
2016-01-07 00:00:00,3,2,1
2016-01-07 01:00:00,0,0,0
2016-01-07 02:00:00,2,1,1
2016-01-07 03:00:00,0,0,0
2016-01-07 04:00:00,0,0,0
2016-01-07 05:00:00,15,3,12
2016-01-07 06:00:00,47,4,43
2016-01-07 07:00:00,85,13,72
2016-01-07 08:00:00,95,10,85
2016-01-07 09:00:00,32,1,31
2016-01-07 10:00:00,15,2,13
2016-01-07 11:00:00,9,2,7
2016-01-07 12:00:00,10,6,4
2016-01-07 13:00:00,21,7,14
2016-01-07 14:00:00,23,14,9
2016-01-07 15:00:00,25,17,8
2016-01-07 16:00:00,55,43,12
2016-01-07 17:00:00,102,90,12
2016-01-07 18:00:00,64,52,12
2016-01-07 19:00:00,26,19,7
2016-01-07 20:00:00,4,4,0
2016-01-07 21:00:00,10,9,1
2016-01-07 22:00:00,7,7,0
2016-01-07 23:00:00,4,3,1
2016-01-08 00:00:00,6,5,1
2016-01-08 01:00:00,1,0,1
2016-01-08 02:00:00,1,0,1
2016-01-08 03:00:00,5,2,3
2016-01-08 04:00:00,1,1,0
2016-01-08 05:00:00,7,2,5
2016-01-08 06:00:00,38,3,35
2016-01-08 07:00:00,69,7,62
2016-01-08 08:00:00,81,7,74
2016-01-08 09:00:00,28,2,26
2016-01-08 10:00:00,8,1,7
2016-01-08 11:00:00,21,12,9
2016-01-08 12:00:00,24,10,14
2016-01-08 13:00:00,17,4,13
2016-01-08 14:00:00,27,18,9
2016-01-08 15:00:00,39,27,12
2016-01-08 16:00:00,65,51,14
2016-01-08 17:00:00,90,83,7
2016-01-08 18:00:00,49,43,6
2016-01-08 19:00:00,19,12,7
2016-01-08 20:00:00,8,6,2
2016-01-08 21:00:00,9,7,2
2016-01-08 22:00:00,4,3,1
2016-01-08 23:00:00,2,2,0
2016-01-09 00:00:00,6,4,2
2016-01-09 01:00:00,3,2,1
2016-01-09 02:00:00,1,0,1
2016-01-09 03:00:00,2,1,1
2016-01-09 04:00:00,1,0,1
2016-01-09 05:00:00,5,1,4
2016-01-09 06:00:00,2,0,2
2016-01-09 07:00:00,9,4,5
2016-01-09 08:00:00,15,6,9
2016-01-09 09:00:00,21,3,18
2016-01-09 10:00:00,17,12,5
2016-01-09 11:00:00,28,13,15
2016-01-09 12:00:00,37,19,18
2016-01-09 13:00:00,29,14,15
2016-01-09 14:00:00,49,30,19
2016-01-09 15:00:00,53,26,27
2016-01-09 16:00:00,30,14,16
2016-01-09 17:00:00,7,5,2
2016-01-09 18:00:00,6,2,4
2016-01-09 19:00:00,7,4,3
2016-01-09 20:00:00,6,2,4
2016-01-09 21:00:00,2,2,0
2016-01-09 22:00:00,4,4,0
2016-01-09 23:00:00,3,3,0
2016-01-10 00:00:00,0,0,0
2016-01-10 01:00:00,0,0,0
2016-01-10 02:00:00,2,2,0
2016-01-10 03:00:00,1,1,0
2016-01-10 04:00:00,0,0,0
2016-01-10 05:00:00,3,0,3
2016-01-10 06:00:00,1,0,1
2016-01-10 07:00:00,1,0,1
2016-01-10 08:00:00,16,8,8
2016-01-10 09:00:00,18,10,8
2016-01-10 10:00:00,28,16,12
2016-01-10 11:00:00,15,9,6
2016-01-10 12:00:00,27,7,20
2016-01-10 13:00:00,31,16,15
2016-01-10 14:00:00,41,24,17
2016-01-10 15:00:00,52,26,26
2016-01-10 16:00:00,27,12,15
2016-01-10 17:00:00,11,2,9
2016-01-10 18:00:00,4,1,3
2016-01-10 19:00:00,4,4,0
2016-01-10 20:00:00,1,1,0
2016-01-10 21:00:00,0,0,0
2016-01-10 22:00:00,0,0,0
2016-01-10 23:00:00,1,1,0
2016-01-11 00:00:00,2,2,0
2016-01-11 01:00:00,2,1,1
2016-01-11 02:00:00,1,0,1
2016-01-11 03:00:00,2,1,1
2016-01-11 04:00:00,0,0,0
2016-01-11 05:00:00,13,0,13
2016-01-11 06:00:00,46,3,43
2016-01-11 07:00:00,97,13,84
2016-01-11 08:00:00,87,11,76
2016-01-11 09:00:00,28,3,25
2016-01-11 10:00:00,10,1,9
2016-01-11 11:00:00,7,2,5
2016-01-11 12:00:00,7,4,3
2016-01-11 13:00:00,7,2,5
2016-01-11 14:00:00,11,4,7
2016-01-11 15:00:00,30,22,8
2016-01-11 16:00:00,54,43,11
2016-01-11 17:00:00,112,102,10
2016-01-11 18:00:00,52,46,6
2016-01-11 19:00:00,15,13,2
2016-01-11 20:00:00,8,7,1
2016-01-11 21:00:00,14,10,4
2016-01-11 22:00:00,6,4,2
2016-01-11 23:00:00,2,2,0
2016-01-12 00:00:00,0,0,0
2016-01-12 01:00:00,1,0,1
2016-01-12 02:00:00,1,0,1
2016-01-12 03:00:00,2,2,0
2016-01-12 04:00:00,2,1,1
2016-01-12 05:00:00,14,1,13
2016-01-12 06:00:00,45,7,38
2016-01-12 07:00:00,79,12,67
2016-01-12 08:00:00,87,3,84
2016-01-12 09:00:00,28,2,26
2016-01-12 10:00:00,7,0,7
2016-01-12 11:00:00,10,2,8
2016-01-12 12:00:00,6,3,3
2016-01-12 13:00:00,8,3,5
2016-01-12 14:00:00,4,3,1
2016-01-12 15:00:00,14,11,3
2016-01-12 16:00:00,41,33,8
2016-01-12 17:00:00,99,87,12
2016-01-12 18:00:00,62,52,10
2016-01-12 19:00:00,12,11,1
2016-01-12 20:00:00,10,7,3
2016-01-12 21:00:00,6,5,1
2016-01-12 22:00:00,5,5,0
2016-01-12 23:00:00,2,2,0
2016-01-13 00:00:00,0,0,0
2016-01-13 01:00:00,1,0,1
2016-01-13 02:00:00,2,1,1
2016-01-13 03:00:00,1,1,0
2016-01-13 04:00:00,1,0,1
2016-01-13 05:00:00,19,2,17
2016-01-13 06:00:00,35,3,32
2016-01-13 07:00:00,64,8,56
2016-01-13 08:00:00,76,6,70
2016-01-13 09:00:00,16,0,16
2016-01-13 10:00:00,11,1,10
2016-01-13 11:00:00,4,1,3
2016-01-13 12:00:00,2,0,2
2016-01-13 13:00:00,7,4,3
2016-01-13 14:00:00,16,10,6
2016-01-13 15:00:00,26,17,9
2016-01-13 16:00:00,41,30,11
2016-01-13 17:00:00,88,80,8
2016-01-13 18:00:00,63,52,11
2016-01-13 19:00:00,19,16,3
2016-01-13 20:00:00,10,8,2
2016-01-13 21:00:00,4,4,0
2016-01-13 22:00:00,4,4,0
2016-01-13 23:00:00,5,3,2
2016-01-14 00:00:00,3,3,0
2016-01-14 01:00:00,0,0,0
2016-01-14 02:00:00,2,0,2
2016-01-14 03:00:00,0,0,0
2016-01-14 04:00:00,2,0,2
2016-01-14 05:00:00,19,2,17
2016-01-14 06:00:00,42,8,34
2016-01-14 07:00:00,82,11,71
2016-01-14 08:00:00,111,15,96
2016-01-14 09:00:00,44,2,42
2016-01-14 10:00:00,17,4,13
2016-01-14 11:00:00,13,4,9
2016-01-14 12:00:00,20,8,12
2016-01-14 13:00:00,20,12,8
2016-01-14 14:00:00,18,8,10
2016-01-14 15:00:00,43,28,15
2016-01-14 16:00:00,67,52,15
2016-01-14 17:00:00,118,107,11
2016-01-14 18:00:00,59,50,9
2016-01-14 19:00:00,19,18,1
2016-01-14 20:00:00,13,12,1
2016-01-14 21:00:00,9,8,1
2016-01-14 22:00:00,3,2,1
2016-01-14 23:00:00,2,2,0
2016-01-15 00:00:00,6,4,2
2016-01-15 01:00:00,1,0,1
2016-01-15 02:00:00,1,1,0
2016-01-15 03:00:00,0,0,0
2016-01-15 04:00:00,2,0,2
2016-01-15 05:00:00,12,5,7
2016-01-15 06:00:00,33,6,27
2016-01-15 07:00:00,67,10,57
2016-01-15 08:00:00,73,8,65
2016-01-15 09:00:00,33,3,30
2016-01-15 10:00:00,17,6,11
2016-01-15 11:00:00,10,5,5
2016-01-15 12:00:00,18,10,8
2016-01-15 13:00:00,15,7,8
2016-01-15 14:00:00,20,8,12
2016-01-15 15:00:00,24,17,7
2016-01-15 16:00:00,55,45,10
2016-01-15 17:00:00,70,63,7
2016-01-15 18:00:00,45,37,8
2016-01-15 19:00:00,13,10,3
2016-01-15 20:00:00,4,3,1
2016-01-15 21:00:00,5,3,2
2016-01-15 22:00:00,8,7,1
2016-01-15 23:00:00,2,2,0
2016-01-16 00:00:00,3,0,3
2016-01-16 01:00:00,3,3,0
2016-01-16 02:00:00,2,1,1
2016-01-16 03:00:00,0,0,0
2016-01-16 04:00:00,0,0,0
2016-01-16 05:00:00,2,0,2
2016-01-16 06:00:00,2,0,2
2016-01-16 07:00:00,2,0,2
2016-01-16 08:00:00,5,0,5
2016-01-16 09:00:00,8,2,6
2016-01-16 10:00:00,15,6,9
2016-01-16 11:00:00,17,5,12
2016-01-16 12:00:00,21,6,15
2016-01-16 13:00:00,15,9,6
2016-01-16 14:00:00,20,9,11
2016-01-16 15:00:00,12,7,5
2016-01-16 16:00:00,7,4,3
2016-01-16 17:00:00,9,3,6
2016-01-16 18:00:00,4,1,3
2016-01-16 19:00:00,4,2,2
2016-01-16 20:00:00,3,3,0
2016-01-16 21:00:00,5,2,3
2016-01-16 22:00:00,0,0,0
2016-01-16 23:00:00,0,0,0
2016-01-17 00:00:00,5,4,1
2016-01-17 01:00:00,1,1,0
2016-01-17 02:00:00,0,0,0
2016-01-17 03:00:00,1,1,0
2016-01-17 04:00:00,1,1,0
2016-01-17 05:00:00,4,1,3
2016-01-17 06:00:00,5,0,5
2016-01-17 07:00:00,0,0,0
2016-01-17 08:00:00,7,3,4
2016-01-17 09:00:00,3,1,2
2016-01-17 10:00:00,2,1,1
2016-01-17 11:00:00,6,3,3
2016-01-17 12:00:00,10,7,3
2016-01-17 13:00:00,9,6,3
2016-01-17 14:00:00,8,3,5
2016-01-17 15:00:00,11,7,4
2016-01-17 16:00:00,5,3,2
2016-01-17 17:00:00,6,2,4
2016-01-17 18:00:00,3,3,0
2016-01-17 19:00:00,2,2,0
2016-01-17 20:00:00,2,2,0
2016-01-17 21:00:00,3,2,1
2016-01-17 22:00:00,0,0,0
2016-01-17 23:00:00,1,1,0
2016-01-18 00:00:00,0,0,0
2016-01-18 01:00:00,0,0,0
2016-01-18 02:00:00,0,0,0
2016-01-18 03:00:00,2,1,1
2016-01-18 04:00:00,2,0,2
2016-01-18 05:00:00,5,1,4
2016-01-18 06:00:00,23,6,17
2016-01-18 07:00:00,41,4,37
2016-01-18 08:00:00,48,3,45
2016-01-18 09:00:00,28,4,24
2016-01-18 10:00:00,20,8,12
2016-01-18 11:00:00,22,12,10
2016-01-18 12:00:00,22,5,17
2016-01-18 13:00:00,29,10,19
2016-01-18 14:00:00,41,24,17
2016-01-18 15:00:00,49,25,24
2016-01-18 16:00:00,62,43,19
2016-01-18 17:00:00,46,39,7
2016-01-18 18:00:00,38,36,2
2016-01-18 19:00:00,11,9,2
2016-01-18 20:00:00,5,4,1
2016-01-18 21:00:00,5,5,0
2016-01-18 22:00:00,3,2,1
2016-01-18 23:00:00,1,0,1
2016-01-19 00:00:00,0,0,0
2016-01-19 01:00:00,1,1,0
2016-01-19 02:00:00,1,0,1
2016-01-19 03:00:00,4,2,2
2016-01-19 04:00:00,3,1,2
2016-01-19 05:00:00,26,3,23
2016-01-19 06:00:00,49,9,40
2016-01-19 07:00:00,77,12,65
2016-01-19 08:00:00,113,10,103
2016-01-19 09:00:00,31,3,28
2016-01-19 10:00:00,14,2,12
2016-01-19 11:00:00,19,6,13
2016-01-19 12:00:00,12,8,4
2016-01-19 13:00:00,14,6,8
2016-01-19 14:00:00,7,4,3
2016-01-19 15:00:00,19,16,3
2016-01-19 16:00:00,47,37,10
2016-01-19 17:00:00,103,95,8
2016-01-19 18:00:00,58,48,10
2016-01-19 19:00:00,17,15,2
2016-01-19 20:00:00,7,5,2
2016-01-19 21:00:00,12,11,1
2016-01-19 22:00:00,0,0,0
2016-01-19 23:00:00,0,0,0
2016-01-20 00:00:00,1,1,0
2016-01-20 01:00:00,1,1,0
2016-01-20 02:00:00,1,0,1
2016-01-20 03:00:00,1,1,0
2016-01-20 04:00:00,5,0,5
2016-01-20 05:00:00,13,3,10
2016-01-20 06:00:00,36,5,31
2016-01-20 07:00:00,83,10,73
2016-01-20 08:00:00,98,10,88
2016-01-20 09:00:00,24,4,20
2016-01-20 10:00:00,20,5,15
2016-01-20 11:00:00,15,4,11
2016-01-20 12:00:00,8,5,3
2016-01-20 13:00:00,17,5,12
2016-01-20 14:00:00,23,16,7
2016-01-20 15:00:00,29,19,10
2016-01-20 16:00:00,58,48,10
2016-01-20 17:00:00,103,90,13
2016-01-20 18:00:00,58,47,11
2016-01-20 19:00:00,24,21,3
2016-01-20 20:00:00,8,6,2
2016-01-20 21:00:00,6,6,0
2016-01-20 22:00:00,6,5,1
2016-01-20 23:00:00,2,2,0
2016-01-21 00:00:00,2,2,0
2016-01-21 01:00:00,2,2,0
2016-01-21 02:00:00,0,0,0
2016-01-21 03:00:00,0,0,0
2016-01-21 04:00:00,2,0,2
2016-01-21 05:00:00,17,3,14
2016-01-21 06:00:00,39,5,34
2016-01-21 07:00:00,55,6,49
2016-01-21 08:00:00,67,8,59
2016-01-21 09:00:00,14,1,13
2016-01-21 10:00:00,11,1,10
2016-01-21 11:00:00,4,1,3
2016-01-21 12:00:00,3,1,2
2016-01-21 13:00:00,4,0,4
2016-01-21 14:00:00,12,7,5
2016-01-21 15:00:00,17,9,8
2016-01-21 16:00:00,30,26,4
2016-01-21 17:00:00,64,58,6
2016-01-21 18:00:00,47,40,7
2016-01-21 19:00:00,14,13,1
2016-01-21 20:00:00,8,6,2
2016-01-21 21:00:00,6,5,1
2016-01-21 22:00:00,3,3,0
2016-01-21 23:00:00,4,3,1
2016-01-22 00:00:00,3,3,0
2016-01-22 01:00:00,3,0,3
2016-01-22 02:00:00,3,2,1
2016-01-22 03:00:00,2,0,2
2016-01-22 04:00:00,0,0,0
2016-01-22 05:00:00,8,2,6
2016-01-22 06:00:00,31,3,28
2016-01-22 07:00:00,56,13,43
2016-01-22 08:00:00,85,11,74
2016-01-22 09:00:00,26,3,23
2016-01-22 10:00:00,14,5,9
2016-01-22 11:00:00,12,6,6
2016-01-22 12:00:00,17,9,8
2016-01-22 13:00:00,14,7,7
2016-01-22 14:00:00,22,9,13
2016-01-22 15:00:00,26,18,8
2016-01-22 16:00:00,50,33,17
2016-01-22 17:00:00,70,63,7
2016-01-22 18:00:00,56,47,9
2016-01-22 19:00:00,15,11,4
2016-01-22 20:00:00,11,5,6
2016-01-22 21:00:00,3,3,0
2016-01-22 22:00:00,9,8,1
2016-01-22 23:00:00,2,2,0
2016-01-23 00:00:00,8,7,1
2016-01-23 01:00:00,5,4,1
2016-01-23 02:00:00,2,0,2
2016-01-23 03:00:00,2,1,1
2016-01-23 04:00:00,1,0,1
2016-01-23 05:00:00,6,3,3
2016-01-23 06:00:00,2,2,0
2016-01-23 07:00:00,4,0,4
2016-01-23 08:00:00,9,1,8
2016-01-23 09:00:00,2,0,2
2016-01-23 10:00:00,5,2,3
2016-01-23 11:00:00,11,6,5
2016-01-23 12:00:00,11,7,4
2016-01-23 13:00:00,3,1,2
2016-01-23 14:00:00,4,4,0
2016-01-23 15:00:00,8,5,3
2016-01-23 16:00:00,6,2,4
2016-01-23 17:00:00,7,3,4
2016-01-23 18:00:00,3,2,1
2016-01-23 19:00:00,3,2,1
2016-01-23 20:00:00,1,1,0
2016-01-23 21:00:00,2,1,1
2016-01-23 22:00:00,2,2,0
2016-01-23 23:00:00,2,2,0
2016-01-24 00:00:00,0,0,0
2016-01-24 01:00:00,1,0,1
2016-01-24 02:00:00,2,1,1
2016-01-24 03:00:00,0,0,0
2016-01-24 04:00:00,4,2,2
2016-01-24 05:00:00,3,0,3
2016-01-24 06:00:00,5,2,3
2016-01-24 07:00:00,11,3,8
2016-01-24 08:00:00,14,2,12
2016-01-24 09:00:00,23,10,13
2016-01-24 10:00:00,34,14,20
2016-01-24 11:00:00,50,23,27
2016-01-24 12:00:00,41,19,22
2016-01-24 13:00:00,56,36,20
2016-01-24 14:00:00,57,37,20
2016-01-24 15:00:00,48,21,27
2016-01-24 16:00:00,30,20,10
2016-01-24 17:00:00,17,7,10
2016-01-24 18:00:00,5,4,1
2016-01-24 19:00:00,8,7,1
2016-01-24 20:00:00,1,1,0
2016-01-24 21:00:00,3,2,1
2016-01-24 22:00:00,1,1,0
2016-01-24 23:00:00,1,0,1
2016-01-25 00:00:00,0,0,0
2016-01-25 01:00:00,0,0,0
2016-01-25 02:00:00,2,0,2
2016-01-25 03:00:00,1,1,0
2016-01-25 04:00:00,1,0,1
2016-01-25 05:00:00,17,1,16
2016-01-25 06:00:00,50,10,40
2016-01-25 07:00:00,98,15,83
2016-01-25 08:00:00,115,15,100
2016-01-25 09:00:00,40,9,31
2016-01-25 10:00:00,23,5,18
2016-01-25 11:00:00,13,5,8
2016-01-25 12:00:00,21,9,12
2016-01-25 13:00:00,14,9,5
2016-01-25 14:00:00,29,13,16
2016-01-25 15:00:00,34,26,8
2016-01-25 16:00:00,78,54,24
2016-01-25 17:00:00,132,122,10
2016-01-25 18:00:00,74,66,8
2016-01-25 19:00:00,22,19,3
2016-01-25 20:00:00,12,11,1
2016-01-25 21:00:00,16,13,3
2016-01-25 22:00:00,5,3,2
2016-01-25 23:00:00,2,2,0
2016-01-26 00:00:00,0,0,0
2016-01-26 01:00:00,1,0,1
2016-01-26 02:00:00,3,2,1
2016-01-26 03:00:00,2,1,1
2016-01-26 04:00:00,3,0,3
2016-01-26 05:00:00,18,3,15
2016-01-26 06:00:00,42,5,37
2016-01-26 07:00:00,80,7,73
2016-01-26 08:00:00,87,7,80
2016-01-26 09:00:00,28,3,25
2016-01-26 10:00:00,13,2,11
2016-01-26 11:00:00,6,2,4
2016-01-26 12:00:00,5,0,5
2016-01-26 13:00:00,13,5,8
2016-01-26 14:00:00,10,5,5
2016-01-26 15:00:00,25,16,9
2016-01-26 16:00:00,56,45,11
2016-01-26 17:00:00,95,86,9
2016-01-26 18:00:00,67,58,9
2016-01-26 19:00:00,16,15,1
2016-01-26 20:00:00,16,12,4
2016-01-26 21:00:00,7,5,2
2016-01-26 22:00:00,6,2,4
2016-01-26 23:00:00,3,3,0
2016-01-27 00:00:00,2,0,2
2016-01-27 01:00:00,4,3,1
2016-01-27 02:00:00,1,0,1
2016-01-27 03:00:00,1,1,0
2016-01-27 04:00:00,0,0,0
2016-01-27 05:00:00,19,7,12
2016-01-27 06:00:00,53,5,48
2016-01-27 07:00:00,75,8,67
2016-01-27 08:00:00,101,11,90
2016-01-27 09:00:00,37,7,30
2016-01-27 10:00:00,14,4,10
2016-01-27 11:00:00,10,6,4
2016-01-27 12:00:00,11,3,8
2016-01-27 13:00:00,20,8,12
2016-01-27 14:00:00,22,13,9
2016-01-27 15:00:00,24,18,6
2016-01-27 16:00:00,58,44,14
2016-01-27 17:00:00,89,86,3
2016-01-27 18:00:00,57,42,15
2016-01-27 19:00:00,19,18,1
2016-01-27 20:00:00,12,9,3
2016-01-27 21:00:00,8,7,1
2016-01-27 22:00:00,5,5,0
2016-01-27 23:00:00,2,2,0
2016-01-28 00:00:00,2,1,1
2016-01-28 01:00:00,1,1,0
2016-01-28 02:00:00,1,0,1
2016-01-28 03:00:00,0,0,0
2016-01-28 04:00:00,2,0,2
2016-01-28 05:00:00,6,1,5
2016-01-28 06:00:00,33,5,28
2016-01-28 07:00:00,56,8,48
2016-01-28 08:00:00,70,8,62
2016-01-28 09:00:00,20,1,19
2016-01-28 10:00:00,14,2,12
2016-01-28 11:00:00,12,4,8
2016-01-28 12:00:00,8,3,5
2016-01-28 13:00:00,15,7,8
2016-01-28 14:00:00,17,9,8
2016-01-28 15:00:00,28,15,13
2016-01-28 16:00:00,46,33,13
2016-01-28 17:00:00,77,71,6
2016-01-28 18:00:00,53,47,6
2016-01-28 19:00:00,25,19,6
2016-01-28 20:00:00,12,11,1
2016-01-28 21:00:00,8,6,2
2016-01-28 22:00:00,7,4,3
2016-01-28 23:00:00,4,4,0
2016-01-29 00:00:00,6,4,2
2016-01-29 01:00:00,0,0,0
2016-01-29 02:00:00,1,0,1
2016-01-29 03:00:00,1,0,1
2016-01-29 04:00:00,3,0,3
2016-01-29 05:00:00,11,0,11
2016-01-29 06:00:00,35,5,30
2016-01-29 07:00:00,63,9,54
2016-01-29 08:00:00,65,5,60
2016-01-29 09:00:00,19,2,17
2016-01-29 10:00:00,7,2,5
2016-01-29 11:00:00,1,0,1
2016-01-29 12:00:00,5,3,2
2016-01-29 13:00:00,8,3,5
2016-01-29 14:00:00,10,3,7
2016-01-29 15:00:00,23,20,3
2016-01-29 16:00:00,39,33,6
2016-01-29 17:00:00,75,64,11
2016-01-29 18:00:00,56,42,14
2016-01-29 19:00:00,21,15,6
2016-01-29 20:00:00,6,3,3
2016-01-29 21:00:00,5,3,2
2016-01-29 22:00:00,11,6,5
2016-01-29 23:00:00,4,2,2
2016-01-30 00:00:00,6,4,2
2016-01-30 01:00:00,1,1,0
2016-01-30 02:00:00,3,1,2
2016-01-30 03:00:00,2,1,1
2016-01-30 04:00:00,2,1,1
2016-01-30 05:00:00,7,2,5
2016-01-30 06:00:00,3,1,2
2016-01-30 07:00:00,5,1,4
2016-01-30 08:00:00,15,4,11
2016-01-30 09:00:00,16,5,11
2016-01-30 10:00:00,30,17,13
2016-01-30 11:00:00,42,21,21
2016-01-30 12:00:00,32,10,22
2016-01-30 13:00:00,28,14,14
2016-01-30 14:00:00,32,18,14
2016-01-30 15:00:00,28,14,14
2016-01-30 16:00:00,32,21,11
2016-01-30 17:00:00,16,10,6
2016-01-30 18:00:00,10,7,3
2016-01-30 19:00:00,3,3,0
2016-01-30 20:00:00,4,3,1
2016-01-30 21:00:00,4,4,0
2016-01-30 22:00:00,3,1,2
2016-01-30 23:00:00,2,2,0
2016-01-31 00:00:00,1,1,0
2016-01-31 01:00:00,3,2,1
2016-01-31 02:00:00,1,1,0
2016-01-31 03:00:00,1,1,0
2016-01-31 04:00:00,2,2,0
2016-01-31 05:00:00,3,1,2
2016-01-31 06:00:00,4,3,1
2016-01-31 07:00:00,5,1,4
2016-01-31 08:00:00,11,5,6
2016-01-31 09:00:00,13,4,9
2016-01-31 10:00:00,23,12,11
2016-01-31 11:00:00,28,12,16
2016-01-31 12:00:00,28,15,13
2016-01-31 13:00:00,23,11,12
2016-01-31 14:00:00,23,13,10
2016-01-31 15:00:00,20,9,11
2016-01-31 16:00:00,14,5,9
2016-01-31 17:00:00,10,5,5
2016-01-31 18:00:00,4,3,1
2016-01-31 19:00:00,7,6,1
2016-01-31 20:00:00,1,1,0
2016-01-31 21:00:00,3,3,0
2016-01-31 22:00:00,1,0,1
2016-01-31 23:00:00,1,1,0
2016-02-01 00:00:00,3,1,2
2016-02-01 01:00:00,1,1,0
2016-02-01 02:00:00,1,0,1
2016-02-01 03:00:00,1,0,1
2016-02-01 04:00:00,6,2,4
2016-02-01 05:00:00,17,0,17
2016-02-01 06:00:00,48,9,39
2016-02-01 07:00:00,91,9,82
2016-02-01 08:00:00,103,10,93
2016-02-01 09:00:00,36,3,33
2016-02-01 10:00:00,22,5,17
2016-02-01 11:00:00,14,4,10
2016-02-01 12:00:00,16,8,8
2016-02-01 13:00:00,11,6,5
2016-02-01 14:00:00,20,10,10
2016-02-01 15:00:00,36,25,11
2016-02-01 16:00:00,64,49,15
2016-02-01 17:00:00,109,97,12
2016-02-01 18:00:00,82,80,2
2016-02-01 19:00:00,24,17,7
2016-02-01 20:00:00,9,8,1
2016-02-01 21:00:00,6,5,1
2016-02-01 22:00:00,2,1,1
2016-02-01 23:00:00,2,1,1
2016-02-02 00:00:00,2,2,0
2016-02-02 01:00:00,1,0,1
2016-02-02 02:00:00,0,0,0
2016-02-02 03:00:00,2,2,0
2016-02-02 04:00:00,1,1,0
2016-02-02 05:00:00,21,3,18
2016-02-02 06:00:00,51,7,44
2016-02-02 07:00:00,111,15,96
2016-02-02 08:00:00,113,8,105
2016-02-02 09:00:00,49,7,42
2016-02-02 10:00:00,24,6,18
2016-02-02 11:00:00,9,4,5
2016-02-02 12:00:00,23,10,13
2016-02-02 13:00:00,32,19,13
2016-02-02 14:00:00,29,11,18
2016-02-02 15:00:00,38,29,9
2016-02-02 16:00:00,84,68,16
2016-02-02 17:00:00,132,112,20
2016-02-02 18:00:00,76,69,7
2016-02-02 19:00:00,23,19,4
2016-02-02 20:00:00,22,15,7
2016-02-02 21:00:00,12,9,3
2016-02-02 22:00:00,7,6,1
2016-02-02 23:00:00,3,2,1
2016-02-03 00:00:00,4,1,3
2016-02-03 01:00:00,0,0,0
2016-02-03 02:00:00,1,0,1
2016-02-03 03:00:00,0,0,0
2016-02-03 04:00:00,2,1,1
2016-02-03 05:00:00,16,2,14
2016-02-03 06:00:00,33,4,29
2016-02-03 07:00:00,95,14,81
2016-02-03 08:00:00,97,10,87
2016-02-03 09:00:00,36,6,30
2016-02-03 10:00:00,19,5,14
2016-02-03 11:00:00,7,3,4
2016-02-03 12:00:00,8,6,2
2016-02-03 13:00:00,8,3,5
2016-02-03 14:00:00,12,7,5
2016-02-03 15:00:00,13,10,3
2016-02-03 16:00:00,45,39,6
2016-02-03 17:00:00,95,83,12
2016-02-03 18:00:00,57,48,9
2016-02-03 19:00:00,21,20,1
2016-02-03 20:00:00,12,9,3
2016-02-03 21:00:00,3,2,1
2016-02-03 22:00:00,2,2,0
2016-02-03 23:00:00,2,1,1
2016-02-04 00:00:00,1,1,0
2016-02-04 01:00:00,0,0,0
2016-02-04 02:00:00,3,1,2
2016-02-04 03:00:00,1,1,0
2016-02-04 04:00:00,4,1,3
2016-02-04 05:00:00,17,3,14
2016-02-04 06:00:00,31,4,27
2016-02-04 07:00:00,78,9,69
2016-02-04 08:00:00,90,11,79
2016-02-04 09:00:00,30,1,29
2016-02-04 10:00:00,20,2,18
2016-02-04 11:00:00,9,3,6
2016-02-04 12:00:00,8,3,5
2016-02-04 13:00:00,13,7,6
2016-02-04 14:00:00,14,9,5
2016-02-04 15:00:00,20,15,5
2016-02-04 16:00:00,66,51,15
2016-02-04 17:00:00,88,81,7
2016-02-04 18:00:00,60,52,8
2016-02-04 19:00:00,13,12,1
2016-02-04 20:00:00,10,8,2
2016-02-04 21:00:00,14,13,1
2016-02-04 22:00:00,12,9,3
2016-02-04 23:00:00,3,1,2
2016-02-05 00:00:00,3,3,0
2016-02-05 01:00:00,1,0,1
2016-02-05 02:00:00,1,0,1
2016-02-05 03:00:00,1,0,1
2016-02-05 04:00:00,1,0,1
2016-02-05 05:00:00,9,2,7
2016-02-05 06:00:00,33,5,28
2016-02-05 07:00:00,67,14,53
2016-02-05 08:00:00,79,9,70
2016-02-05 09:00:00,32,2,30
2016-02-05 10:00:00,20,5,15
2016-02-05 11:00:00,11,6,5
2016-02-05 12:00:00,8,4,4
2016-02-05 13:00:00,23,13,10
2016-02-05 14:00:00,17,9,8
2016-02-05 15:00:00,29,16,13
2016-02-05 16:00:00,47,32,15
2016-02-05 17:00:00,68,60,8
2016-02-05 18:00:00,43,33,10
2016-02-05 19:00:00,19,15,4
2016-02-05 20:00:00,5,4,1
2016-02-05 21:00:00,6,6,0
2016-02-05 22:00:00,3,2,1
2016-02-05 23:00:00,2,1,1
2016-02-06 00:00:00,1,1,0
2016-02-06 01:00:00,2,1,1
2016-02-06 02:00:00,2,1,1
2016-02-06 03:00:00,2,0,2
2016-02-06 04:00:00,1,0,1
2016-02-06 05:00:00,3,0,3
2016-02-06 06:00:00,0,0,0
2016-02-06 07:00:00,10,1,9
2016-02-06 08:00:00,22,5,17
2016-02-06 09:00:00,27,15,12
2016-02-06 10:00:00,21,5,16
2016-02-06 11:00:00,25,14,11
2016-02-06 12:00:00,39,23,16
2016-02-06 13:00:00,40,17,23
2016-02-06 14:00:00,38,17,21
2016-02-06 15:00:00,32,20,12
2016-02-06 16:00:00,43,26,17
2016-02-06 17:00:00,15,7,8
2016-02-06 18:00:00,11,7,4
2016-02-06 19:00:00,6,4,2
2016-02-06 20:00:00,7,4,3
2016-02-06 21:00:00,3,1,2
2016-02-06 22:00:00,4,3,1
2016-02-06 23:00:00,3,2,1
2016-02-07 00:00:00,3,2,1
2016-02-07 01:00:00,0,0,0
2016-02-07 02:00:00,2,1,1
2016-02-07 03:00:00,2,2,0
2016-02-07 04:00:00,4,3,1
2016-02-07 05:00:00,5,1,4
2016-02-07 06:00:00,3,1,2
2016-02-07 07:00:00,11,4,7
2016-02-07 08:00:00,12,3,9
2016-02-07 09:00:00,33,12,21
2016-02-07 10:00:00,32,9,23
2016-02-07 11:00:00,48,25,23
2016-02-07 12:00:00,38,24,14
2016-02-07 13:00:00,45,20,25
2016-02-07 14:00:00,48,28,20
2016-02-07 15:00:00,29,11,18
2016-02-07 16:00:00,14,9,5
2016-02-07 17:00:00,8,3,5
2016-02-07 18:00:00,8,2,6
2016-02-07 19:00:00,9,7,2
2016-02-07 20:00:00,5,4,1
2016-02-07 21:00:00,0,0,0
2016-02-07 22:00:00,4,0,4
2016-02-07 23:00:00,4,0,4
2016-02-08 00:00:00,6,5,1
2016-02-08 01:00:00,0,0,0
2016-02-08 02:00:00,1,0,1
2016-02-08 03:00:00,4,4,0
2016-02-08 04:00:00,1,0,1
2016-02-08 05:00:00,14,1,13
2016-02-08 06:00:00,45,7,38
2016-02-08 07:00:00,127,10,117
2016-02-08 08:00:00,113,16,97
2016-02-08 09:00:00,38,4,34
2016-02-08 10:00:00,18,3,15
2016-02-08 11:00:00,19,4,15
2016-02-08 12:00:00,35,11,24
2016-02-08 13:00:00,24,15,9
2016-02-08 14:00:00,26,18,8
2016-02-08 15:00:00,38,24,14
2016-02-08 16:00:00,80,62,18
2016-02-08 17:00:00,146,120,26
2016-02-08 18:00:00,78,69,9
2016-02-08 19:00:00,32,26,6
2016-02-08 20:00:00,12,9,3
2016-02-08 21:00:00,10,8,2
2016-02-08 22:00:00,5,4,1
2016-02-08 23:00:00,4,3,1
2016-02-09 00:00:00,0,0,0
2016-02-09 01:00:00,3,1,2
2016-02-09 02:00:00,2,1,1
2016-02-09 03:00:00,2,1,1
2016-02-09 04:00:00,3,0,3
2016-02-09 05:00:00,20,2,18
2016-02-09 06:00:00,58,6,52
2016-02-09 07:00:00,115,16,99
2016-02-09 08:00:00,122,11,111
2016-02-09 09:00:00,49,11,38
2016-02-09 10:00:00,20,7,13
2016-02-09 11:00:00,25,6,19
2016-02-09 12:00:00,14,7,7
2016-02-09 13:00:00,43,25,18
2016-02-09 14:00:00,31,15,16
2016-02-09 15:00:00,53,35,18
2016-02-09 16:00:00,112,84,28
2016-02-09 17:00:00,140,124,16
2016-02-09 18:00:00,81,67,14
2016-02-09 19:00:00,35,27,8
2016-02-09 20:00:00,22,19,3
2016-02-09 21:00:00,19,14,5
2016-02-09 22:00:00,9,5,4
2016-02-09 23:00:00,4,3,1
2016-02-10 00:00:00,2,1,1
2016-02-10 01:00:00,1,1,0
2016-02-10 02:00:00,1,0,1
2016-02-10 03:00:00,3,3,0
2016-02-10 04:00:00,1,0,1
2016-02-10 05:00:00,17,4,13
2016-02-10 06:00:00,43,4,39
2016-02-10 07:00:00,82,8,74
2016-02-10 08:00:00,102,5,97
2016-02-10 09:00:00,41,9,32
2016-02-10 10:00:00,18,4,14
2016-02-10 11:00:00,5,3,2
2016-02-10 12:00:00,14,5,9
2016-02-10 13:00:00,8,4,4
2016-02-10 14:00:00,31,21,10
2016-02-10 15:00:00,17,14,3
2016-02-10 16:00:00,54,44,10
2016-02-10 17:00:00,113,93,20
2016-02-10 18:00:00,79,62,17
2016-02-10 19:00:00,36,28,8
2016-02-10 20:00:00,18,12,6
2016-02-10 21:00:00,7,6,1
2016-02-10 22:00:00,4,3,1
2016-02-10 23:00:00,4,3,1
2016-02-11 00:00:00,0,0,0
2016-02-11 01:00:00,0,0,0
2016-02-11 02:00:00,3,1,2
2016-02-11 03:00:00,1,1,0
2016-02-11 04:00:00,1,0,1
2016-02-11 05:00:00,11,3,8
2016-02-11 06:00:00,55,5,50
2016-02-11 07:00:00,85,9,76
2016-02-11 08:00:00,76,4,72
2016-02-11 09:00:00,29,3,26
2016-02-11 10:00:00,11,1,10
2016-02-11 11:00:00,15,3,12
2016-02-11 12:00:00,9,3,6
2016-02-11 13:00:00,12,8,4
2016-02-11 14:00:00,17,7,10
2016-02-11 15:00:00,23,18,5
2016-02-11 16:00:00,44,38,6
2016-02-11 17:00:00,84,76,8
2016-02-11 18:00:00,49,42,7
2016-02-11 19:00:00,21,17,4
2016-02-11 20:00:00,9,7,2
2016-02-11 21:00:00,7,6,1
2016-02-11 22:00:00,6,6,0
2016-02-11 23:00:00,2,2,0
2016-02-12 00:00:00,5,3,2
2016-02-12 01:00:00,1,1,0
2016-02-12 02:00:00,2,1,1
2016-02-12 03:00:00,0,0,0
2016-02-12 04:00:00,1,0,1
2016-02-12 05:00:00,9,3,6
2016-02-12 06:00:00,25,2,23
2016-02-12 07:00:00,48,4,44
2016-02-12 08:00:00,62,6,56
2016-02-12 09:00:00,36,8,28
2016-02-12 10:00:00,9,1,8
2016-02-12 11:00:00,7,3,4
2016-02-12 12:00:00,9,2,7
2016-02-12 13:00:00,11,5,6
2016-02-12 14:00:00,14,3,11
2016-02-12 15:00:00,27,19,8
2016-02-12 16:00:00,45,33,12
2016-02-12 17:00:00,67,57,10
2016-02-12 18:00:00,54,46,8
2016-02-12 19:00:00,16,14,2
2016-02-12 20:00:00,7,3,4
2016-02-12 21:00:00,9,7,2
2016-02-12 22:00:00,1,1,0
2016-02-12 23:00:00,3,3,0
2016-02-13 00:00:00,1,0,1
2016-02-13 01:00:00,2,1,1
2016-02-13 02:00:00,0,0,0
2016-02-13 03:00:00,1,1,0
2016-02-13 04:00:00,4,3,1
2016-02-13 05:00:00,4,1,3
2016-02-13 06:00:00,7,3,4
2016-02-13 07:00:00,6,0,6
2016-02-13 08:00:00,23,8,15
2016-02-13 09:00:00,10,3,7
2016-02-13 10:00:00,29,14,15
2016-02-13 11:00:00,11,4,7
2016-02-13 12:00:00,20,14,6
2016-02-13 13:00:00,10,4,6
2016-02-13 14:00:00,7,5,2
2016-02-13 15:00:00,2,1,1
2016-02-13 16:00:00,10,5,5
2016-02-13 17:00:00,11,7,4
2016-02-13 18:00:00,7,5,2
2016-02-13 19:00:00,6,3,3
2016-02-13 20:00:00,3,2,1
2016-02-13 21:00:00,2,2,0
2016-02-13 22:00:00,4,2,2
2016-02-13 23:00:00,1,1,0
2016-02-14 00:00:00,1,1,0
2016-02-14 01:00:00,1,1,0
2016-02-14 02:00:00,0,0,0
2016-02-14 03:00:00,2,2,0
2016-02-14 04:00:00,3,2,1
2016-02-14 05:00:00,3,1,2
2016-02-14 06:00:00,4,2,2
2016-02-14 07:00:00,1,0,1
2016-02-14 08:00:00,10,3,7
2016-02-14 09:00:00,8,2,6
2016-02-14 10:00:00,9,4,5
2016-02-14 11:00:00,10,8,2
2016-02-14 12:00:00,9,1,8
2016-02-14 13:00:00,13,8,5
2016-02-14 14:00:00,18,9,9
2016-02-14 15:00:00,11,6,5
2016-02-14 16:00:00,15,6,9
2016-02-14 17:00:00,11,2,9
2016-02-14 18:00:00,3,1,2
2016-02-14 19:00:00,1,1,0
2016-02-14 20:00:00,1,1,0
2016-02-14 21:00:00,3,2,1
2016-02-14 22:00:00,2,1,1
2016-02-14 23:00:00,8,7,1
2016-02-15 00:00:00,0,0,0
2016-02-15 01:00:00,0,0,0
2016-02-15 02:00:00,0,0,0
2016-02-15 03:00:00,1,1,0
2016-02-15 04:00:00,3,2,1
2016-02-15 05:00:00,4,1,3
2016-02-15 06:00:00,20,2,18
2016-02-15 07:00:00,20,2,18
2016-02-15 08:00:00,29,3,26
2016-02-15 09:00:00,27,5,22
2016-02-15 10:00:00,15,4,11
2016-02-15 11:00:00,8,4,4
2016-02-15 12:00:00,10,8,2
2016-02-15 13:00:00,8,4,4
2016-02-15 14:00:00,5,1,4
2016-02-15 15:00:00,6,4,2
2016-02-15 16:00:00,17,12,5
2016-02-15 17:00:00,35,29,6
2016-02-15 18:00:00,28,20,8
2016-02-15 19:00:00,15,11,4
2016-02-15 20:00:00,4,4,0
2016-02-15 21:00:00,1,1,0
2016-02-15 22:00:00,1,1,0
2016-02-15 23:00:00,2,2,0
2016-02-16 00:00:00,2,0,2
2016-02-16 01:00:00,1,1,0
2016-02-16 02:00:00,2,1,1
2016-02-16 03:00:00,2,2,0
2016-02-16 04:00:00,4,0,4
2016-02-16 05:00:00,20,2,18
2016-02-16 06:00:00,49,9,40
2016-02-16 07:00:00,71,4,67
2016-02-16 08:00:00,97,7,90
2016-02-16 09:00:00,33,2,31
2016-02-16 10:00:00,17,2,15
2016-02-16 11:00:00,7,5,2
2016-02-16 12:00:00,9,3,6
2016-02-16 13:00:00,12,6,6
2016-02-16 14:00:00,20,9,11
2016-02-16 15:00:00,33,25,8
2016-02-16 16:00:00,52,36,16
2016-02-16 17:00:00,105,90,15
2016-02-16 18:00:00,67,58,9
2016-02-16 19:00:00,24,21,3
2016-02-16 20:00:00,20,16,4
2016-02-16 21:00:00,10,8,2
2016-02-16 22:00:00,2,2,0
2016-02-16 23:00:00,5,3,2
2016-02-17 00:00:00,2,1,1
2016-02-17 01:00:00,0,0,0
2016-02-17 02:00:00,2,1,1
2016-02-17 03:00:00,5,5,0
2016-02-17 04:00:00,3,0,3
2016-02-17 05:00:00,26,3,23
2016-02-17 06:00:00,44,6,38
2016-02-17 07:00:00,92,15,77
2016-02-17 08:00:00,116,5,111
2016-02-17 09:00:00,34,9,25
2016-02-17 10:00:00,15,3,12
2016-02-17 11:00:00,15,7,8
2016-02-17 12:00:00,17,8,9
2016-02-17 13:00:00,22,13,9
2016-02-17 14:00:00,12,8,4
2016-02-17 15:00:00,26,20,6
2016-02-17 16:00:00,57,46,11
2016-02-17 17:00:00,98,84,14
2016-02-17 18:00:00,72,63,9
2016-02-17 19:00:00,30,21,9
2016-02-17 20:00:00,13,9,4
2016-02-17 21:00:00,3,3,0
2016-02-17 22:00:00,2,2,0
2016-02-17 23:00:00,0,0,0
2016-02-18 00:00:00,2,1,1
2016-02-18 01:00:00,3,2,1
2016-02-18 02:00:00,1,0,1
2016-02-18 03:00:00,3,2,1
2016-02-18 04:00:00,0,0,0
2016-02-18 05:00:00,15,4,11
2016-02-18 06:00:00,40,5,35
2016-02-18 07:00:00,71,11,60
2016-02-18 08:00:00,100,11,89
2016-02-18 09:00:00,39,3,36
2016-02-18 10:00:00,19,6,13
2016-02-18 11:00:00,11,3,8
2016-02-18 12:00:00,12,6,6
2016-02-18 13:00:00,22,12,10
2016-02-18 14:00:00,16,9,7
2016-02-18 15:00:00,29,19,10
2016-02-18 16:00:00,56,42,14
2016-02-18 17:00:00,94,83,11
2016-02-18 18:00:00,77,67,10
2016-02-18 19:00:00,24,18,6
2016-02-18 20:00:00,11,10,1
2016-02-18 21:00:00,10,9,1
2016-02-18 22:00:00,4,2,2
2016-02-18 23:00:00,4,4,0
2016-02-19 00:00:00,4,2,2
2016-02-19 01:00:00,4,2,2
2016-02-19 02:00:00,4,3,1
2016-02-19 03:00:00,0,0,0
2016-02-19 04:00:00,0,0,0
2016-02-19 05:00:00,10,1,9
2016-02-19 06:00:00,18,4,14
2016-02-19 07:00:00,48,10,38
2016-02-19 08:00:00,55,2,53
2016-02-19 09:00:00,27,5,22
2016-02-19 10:00:00,6,0,6
2016-02-19 11:00:00,3,1,2
2016-02-19 12:00:00,4,2,2
2016-02-19 13:00:00,9,3,6
2016-02-19 14:00:00,6,4,2
2016-02-19 15:00:00,14,10,4
2016-02-19 16:00:00,24,21,3
2016-02-19 17:00:00,56,52,4
2016-02-19 18:00:00,42,33,9
2016-02-19 19:00:00,11,10,1
2016-02-19 20:00:00,8,8,0
2016-02-19 21:00:00,3,1,2
2016-02-19 22:00:00,3,1,2
2016-02-19 23:00:00,1,0,1
2016-02-20 00:00:00,2,2,0
2016-02-20 01:00:00,1,1,0
2016-02-20 02:00:00,1,0,1
2016-02-20 03:00:00,1,1,0
2016-02-20 04:00:00,2,0,2
2016-02-20 05:00:00,3,0,3
2016-02-20 06:00:00,5,3,2
2016-02-20 07:00:00,8,0,8
2016-02-20 08:00:00,16,4,12
2016-02-20 09:00:00,27,13,14
2016-02-20 10:00:00,48,17,31
2016-02-20 11:00:00,67,38,29
2016-02-20 12:00:00,65,26,39
2016-02-20 13:00:00,55,30,25
2016-02-20 14:00:00,94,65,29
2016-02-20 15:00:00,61,25,36
2016-02-20 16:00:00,44,16,28
2016-02-20 17:00:00,25,15,10
2016-02-20 18:00:00,17,13,4
2016-02-20 19:00:00,5,2,3
2016-02-20 20:00:00,3,1,2
2016-02-20 21:00:00,6,4,2
2016-02-20 22:00:00,3,3,0
2016-02-20 23:00:00,1,1,0
2016-02-21 00:00:00,2,2,0
2016-02-21 01:00:00,0,0,0
2016-02-21 02:00:00,0,0,0
2016-02-21 03:00:00,5,2,3
2016-02-21 04:00:00,2,1,1
2016-02-21 05:00:00,3,0,3
2016-02-21 06:00:00,4,1,3
2016-02-21 07:00:00,4,1,3
2016-02-21 08:00:00,13,4,9
2016-02-21 09:00:00,9,8,1
2016-02-21 10:00:00,29,15,14
2016-02-21 11:00:00,17,7,10
2016-02-21 12:00:00,12,6,6
2016-02-21 13:00:00,9,3,6
2016-02-21 14:00:00,15,7,8
2016-02-21 15:00:00,11,7,4
2016-02-21 16:00:00,11,3,8
2016-02-21 17:00:00,7,2,5
2016-02-21 18:00:00,2,0,2
2016-02-21 19:00:00,7,5,2
2016-02-21 20:00:00,5,3,2
2016-02-21 21:00:00,0,0,0
2016-02-21 22:00:00,0,0,0
2016-02-21 23:00:00,2,1,1
2016-02-22 00:00:00,1,0,1
2016-02-22 01:00:00,0,0,0
2016-02-22 02:00:00,2,0,2
2016-02-22 03:00:00,3,3,0
2016-02-22 04:00:00,1,0,1
2016-02-22 05:00:00,20,1,19
2016-02-22 06:00:00,41,4,37
2016-02-22 07:00:00,83,8,75
2016-02-22 08:00:00,108,9,99
2016-02-22 09:00:00,29,1,28
2016-02-22 10:00:00,20,3,17
2016-02-22 11:00:00,18,7,11
2016-02-22 12:00:00,13,4,9
2016-02-22 13:00:00,11,3,8
2016-02-22 14:00:00,20,10,10
2016-02-22 15:00:00,31,25,6
2016-02-22 16:00:00,72,57,15
2016-02-22 17:00:00,127,106,21
2016-02-22 18:00:00,65,59,6
2016-02-22 19:00:00,20,17,3
2016-02-22 20:00:00,11,10,1
2016-02-22 21:00:00,11,7,4
2016-02-22 22:00:00,4,4,0
2016-02-22 23:00:00,3,3,0
2016-02-23 00:00:00,0,0,0
2016-02-23 01:00:00,1,1,0
2016-02-23 02:00:00,2,1,1
2016-02-23 03:00:00,1,1,0
2016-02-23 04:00:00,1,1,0
2016-02-23 05:00:00,19,3,16
2016-02-23 06:00:00,49,6,43
2016-02-23 07:00:00,121,12,109
2016-02-23 08:00:00,108,4,104
2016-02-23 09:00:00,52,7,45
2016-02-23 10:00:00,22,6,16
2016-02-23 11:00:00,15,8,7
2016-02-23 12:00:00,20,10,10
2016-02-23 13:00:00,28,16,12
2016-02-23 14:00:00,32,14,18
2016-02-23 15:00:00,44,29,15
2016-02-23 16:00:00,86,64,22
2016-02-23 17:00:00,153,133,20
2016-02-23 18:00:00,92,80,12
2016-02-23 19:00:00,34,31,3
2016-02-23 20:00:00,19,16,3
2016-02-23 21:00:00,14,8,6
2016-02-23 22:00:00,13,10,3
2016-02-23 23:00:00,1,1,0
2016-02-24 00:00:00,1,1,0
2016-02-24 01:00:00,1,1,0
2016-02-24 02:00:00,3,1,2
2016-02-24 03:00:00,2,2,0
2016-02-24 04:00:00,1,1,0
2016-02-24 05:00:00,25,3,22
2016-02-24 06:00:00,63,9,54
2016-02-24 07:00:00,118,10,108
2016-02-24 08:00:00,119,14,105
2016-02-24 09:00:00,45,5,40
2016-02-24 10:00:00,28,6,22
2016-02-24 11:00:00,25,14,11
2016-02-24 12:00:00,30,18,12
2016-02-24 13:00:00,25,12,13
2016-02-24 14:00:00,26,12,14
2016-02-24 15:00:00,34,23,11
2016-02-24 16:00:00,75,55,20
2016-02-24 17:00:00,135,122,13
2016-02-24 18:00:00,86,71,15
2016-02-24 19:00:00,36,30,6
2016-02-24 20:00:00,19,16,3
2016-02-24 21:00:00,7,7,0
2016-02-24 22:00:00,9,6,3
2016-02-24 23:00:00,2,2,0
2016-02-25 00:00:00,0,0,0
2016-02-25 01:00:00,1,0,1
2016-02-25 02:00:00,2,1,1
2016-02-25 03:00:00,0,0,0
2016-02-25 04:00:00,2,0,2
2016-02-25 05:00:00,19,1,18
2016-02-25 06:00:00,58,8,50
2016-02-25 07:00:00,105,18,87
2016-02-25 08:00:00,131,16,115
2016-02-25 09:00:00,54,8,46
2016-02-25 10:00:00,29,5,24
2016-02-25 11:00:00,23,12,11
2016-02-25 12:00:00,40,20,20
2016-02-25 13:00:00,35,15,20
2016-02-25 14:00:00,44,23,21
2016-02-25 15:00:00,62,35,27
2016-02-25 16:00:00,85,64,21
2016-02-25 17:00:00,156,134,22
2016-02-25 18:00:00,76,65,11
2016-02-25 19:00:00,39,34,5
2016-02-25 20:00:00,14,12,2
2016-02-25 21:00:00,9,7,2
2016-02-25 22:00:00,10,7,3
2016-02-25 23:00:00,3,2,1
2016-02-26 00:00:00,4,2,2
2016-02-26 01:00:00,2,1,1
2016-02-26 02:00:00,2,1,1
2016-02-26 03:00:00,0,0,0
2016-02-26 04:00:00,4,2,2
2016-02-26 05:00:00,15,3,12
2016-02-26 06:00:00,41,10,31
2016-02-26 07:00:00,78,11,67
2016-02-26 08:00:00,95,6,89
2016-02-26 09:00:00,33,7,26
2016-02-26 10:00:00,23,3,20
2016-02-26 11:00:00,21,10,11
2016-02-26 12:00:00,24,10,14
2016-02-26 13:00:00,28,10,18
2016-02-26 14:00:00,21,12,9
2016-02-26 15:00:00,42,26,16
2016-02-26 16:00:00,52,44,8
2016-02-26 17:00:00,77,66,11
2016-02-26 18:00:00,41,37,4
2016-02-26 19:00:00,15,12,3
2016-02-26 20:00:00,4,3,1
2016-02-26 21:00:00,4,2,2
2016-02-26 22:00:00,2,2,0
2016-02-26 23:00:00,3,2,1
2016-02-27 00:00:00,3,3,0
2016-02-27 01:00:00,0,0,0
2016-02-27 02:00:00,0,0,0
2016-02-27 03:00:00,0,0,0
2016-02-27 04:00:00,0,0,0
2016-02-27 05:00:00,4,0,4
2016-02-27 06:00:00,9,1,8
2016-02-27 07:00:00,8,4,4
2016-02-27 08:00:00,14,8,6
2016-02-27 09:00:00,25,11,14
2016-02-27 10:00:00,37,19,18
2016-02-27 11:00:00,36,15,21
2016-02-27 12:00:00,31,19,12
2016-02-27 13:00:00,42,20,22
2016-02-27 14:00:00,44,21,23
2016-02-27 15:00:00,45,21,24
2016-02-27 16:00:00,57,33,24
2016-02-27 17:00:00,26,11,15
2016-02-27 18:00:00,19,8,11
2016-02-27 19:00:00,12,5,7
2016-02-27 20:00:00,6,6,0
2016-02-27 21:00:00,4,1,3
2016-02-27 22:00:00,1,1,0
2016-02-27 23:00:00,3,1,2
2016-02-28 00:00:00,5,5,0
2016-02-28 01:00:00,2,2,0
2016-02-28 02:00:00,3,2,1
2016-02-28 03:00:00,1,0,1
2016-02-28 04:00:00,2,2,0
2016-02-28 05:00:00,5,0,5
2016-02-28 06:00:00,6,0,6
2016-02-28 07:00:00,36,1,35
2016-02-28 08:00:00,30,4,26
2016-02-28 09:00:00,13,0,13
2016-02-28 10:00:00,6,2,4
2016-02-28 11:00:00,9,6,3
2016-02-28 12:00:00,17,14,3
2016-02-28 13:00:00,24,18,6
2016-02-28 14:00:00,18,12,6
2016-02-28 15:00:00,21,17,4
2016-02-28 16:00:00,19,15,4
2016-02-28 17:00:00,3,3,0
2016-02-28 18:00:00,7,5,2
2016-02-28 19:00:00,3,2,1
2016-02-28 20:00:00,2,1,1
2016-02-28 21:00:00,2,2,0
2016-02-28 22:00:00,1,0,1
2016-02-28 23:00:00,1,1,0
2016-02-29 00:00:00,1,0,1
2016-02-29 01:00:00,0,0,0
2016-02-29 02:00:00,0,0,0
2016-02-29 03:00:00,0,0,0
2016-02-29 04:00:00,2,1,1
2016-02-29 05:00:00,9,0,9
2016-02-29 06:00:00,54,6,48
2016-02-29 07:00:00,87,9,78
2016-02-29 08:00:00,91,11,80
2016-02-29 09:00:00,28,1,27
2016-02-29 10:00:00,20,5,15
2016-02-29 11:00:00,17,11,6
2016-02-29 12:00:00,29,11,18
2016-02-29 13:00:00,19,9,10
2016-02-29 14:00:00,27,12,15
2016-02-29 15:00:00,34,29,5
2016-02-29 16:00:00,65,46,19
2016-02-29 17:00:00,117,107,10
2016-02-29 18:00:00,66,59,7
2016-02-29 19:00:00,29,25,4
2016-02-29 20:00:00,13,8,5
2016-02-29 21:00:00,8,6,2
2016-02-29 22:00:00,2,2,0
2016-02-29 23:00:00,6,3,3
2016-03-01 00:00:00,3,1,2
2016-03-01 01:00:00,0,0,0
2016-03-01 02:00:00,1,1,0
2016-03-01 03:00:00,2,1,1
2016-03-01 04:00:00,0,0,0
2016-03-01 05:00:00,10,1,9
2016-03-01 06:00:00,27,5,22
2016-03-01 07:00:00,71,8,63
2016-03-01 08:00:00,86,11,75
2016-03-01 09:00:00,34,6,28
2016-03-01 10:00:00,7,0,7
2016-03-01 11:00:00,5,2,3
2016-03-01 12:00:00,4,3,1
2016-03-01 13:00:00,6,1,5
2016-03-01 14:00:00,7,3,4
2016-03-01 15:00:00,11,7,4
2016-03-01 16:00:00,40,29,11
2016-03-01 17:00:00,77,73,4
2016-03-01 18:00:00,49,44,5
2016-03-01 19:00:00,16,15,1
2016-03-01 20:00:00,8,8,0
2016-03-01 21:00:00,3,2,1
2016-03-01 22:00:00,2,1,1
2016-03-01 23:00:00,0,0,0
2016-03-02 00:00:00,0,0,0
2016-03-02 01:00:00,2,2,0
2016-03-02 02:00:00,1,0,1
2016-03-02 03:00:00,0,0,0
2016-03-02 04:00:00,3,1,2
2016-03-02 05:00:00,13,3,10
2016-03-02 06:00:00,47,6,41
2016-03-02 07:00:00,78,8,70
2016-03-02 08:00:00,108,9,99
2016-03-02 09:00:00,42,12,30
2016-03-02 10:00:00,24,8,16
2016-03-02 11:00:00,11,4,7
2016-03-02 12:00:00,25,13,12
2016-03-02 13:00:00,12,4,8
2016-03-02 14:00:00,15,10,5
2016-03-02 15:00:00,23,18,5
2016-03-02 16:00:00,80,61,19
2016-03-02 17:00:00,120,102,18
2016-03-02 18:00:00,66,61,5
2016-03-02 19:00:00,22,18,4
2016-03-02 20:00:00,21,19,2
2016-03-02 21:00:00,7,6,1
2016-03-02 22:00:00,5,4,1
2016-03-02 23:00:00,1,1,0
2016-03-03 00:00:00,0,0,0
2016-03-03 01:00:00,0,0,0
2016-03-03 02:00:00,1,0,1
2016-03-03 03:00:00,0,0,0
2016-03-03 04:00:00,3,1,2
2016-03-03 05:00:00,14,1,13
2016-03-03 06:00:00,51,5,46
2016-03-03 07:00:00,78,11,67
2016-03-03 08:00:00,100,10,90
2016-03-03 09:00:00,45,7,38
2016-03-03 10:00:00,13,1,12
2016-03-03 11:00:00,5,0,5
2016-03-03 12:00:00,13,5,8
2016-03-03 13:00:00,13,6,7
2016-03-03 14:00:00,6,4,2
2016-03-03 15:00:00,25,19,6
2016-03-03 16:00:00,55,38,17
2016-03-03 17:00:00,118,106,12
2016-03-03 18:00:00,79,66,13
2016-03-03 19:00:00,22,16,6
2016-03-03 20:00:00,10,7,3
2016-03-03 21:00:00,5,5,0
2016-03-03 22:00:00,11,9,2
2016-03-03 23:00:00,2,2,0
2016-03-04 00:00:00,2,2,0
2016-03-04 01:00:00,0,0,0
2016-03-04 02:00:00,0,0,0
2016-03-04 03:00:00,1,1,0
2016-03-04 04:00:00,5,0,5
2016-03-04 05:00:00,11,1,10
2016-03-04 06:00:00,45,3,42
2016-03-04 07:00:00,81,12,69
2016-03-04 08:00:00,104,6,98
2016-03-04 09:00:00,33,8,25
2016-03-04 10:00:00,21,5,16
2016-03-04 11:00:00,19,5,14
2016-03-04 12:00:00,15,9,6
2016-03-04 13:00:00,15,7,8
2016-03-04 14:00:00,17,12,5
2016-03-04 15:00:00,18,14,4
2016-03-04 16:00:00,48,39,9
2016-03-04 17:00:00,86,82,4
2016-03-04 18:00:00,42,38,4
2016-03-04 19:00:00,27,23,4
2016-03-04 20:00:00,9,6,3
2016-03-04 21:00:00,5,4,1
2016-03-04 22:00:00,3,2,1
2016-03-04 23:00:00,1,1,0
2016-03-05 00:00:00,1,1,0
2016-03-05 01:00:00,1,1,0
2016-03-05 02:00:00,0,0,0
2016-03-05 03:00:00,0,0,0
2016-03-05 04:00:00,1,0,1
2016-03-05 05:00:00,8,1,7
2016-03-05 06:00:00,6,1,5
2016-03-05 07:00:00,8,1,7
2016-03-05 08:00:00,22,7,15
2016-03-05 09:00:00,13,6,7
2016-03-05 10:00:00,47,22,25
2016-03-05 11:00:00,54,25,29
2016-03-05 12:00:00,75,43,32
2016-03-05 13:00:00,81,43,38
2016-03-05 14:00:00,84,56,28
2016-03-05 15:00:00,84,46,38
2016-03-05 16:00:00,39,14,25
2016-03-05 17:00:00,18,8,10
2016-03-05 18:00:00,19,4,15
2016-03-05 19:00:00,10,7,3
2016-03-05 20:00:00,2,1,1
2016-03-05 21:00:00,2,0,2
2016-03-05 22:00:00,7,4,3
2016-03-05 23:00:00,1,0,1
2016-03-06 00:00:00,0,0,0
2016-03-06 01:00:00,4,3,1
2016-03-06 02:00:00,1,1,0
2016-03-06 03:00:00,0,0,0
2016-03-06 04:00:00,1,1,0
2016-03-06 05:00:00,3,0,3
2016-03-06 06:00:00,3,0,3
2016-03-06 07:00:00,11,3,8
2016-03-06 08:00:00,9,5,4
2016-03-06 09:00:00,11,5,6
2016-03-06 10:00:00,7,2,5
2016-03-06 11:00:00,22,11,11
2016-03-06 12:00:00,8,6,2
2016-03-06 13:00:00,13,6,7
2016-03-06 14:00:00,18,6,12
2016-03-06 15:00:00,26,13,13
2016-03-06 16:00:00,20,12,8
2016-03-06 17:00:00,14,5,9
2016-03-06 18:00:00,5,3,2
2016-03-06 19:00:00,4,3,1
2016-03-06 20:00:00,2,1,1
2016-03-06 21:00:00,3,2,1
2016-03-06 22:00:00,0,0,0
2016-03-06 23:00:00,4,2,2
2016-03-07 00:00:00,0,0,0
2016-03-07 01:00:00,3,1,2
2016-03-07 02:00:00,1,0,1
2016-03-07 03:00:00,1,1,0
2016-03-07 04:00:00,3,1,2
2016-03-07 05:00:00,16,1,15
2016-03-07 06:00:00,42,10,32
2016-03-07 07:00:00,62,7,55
2016-03-07 08:00:00,61,7,54
2016-03-07 09:00:00,30,6,24
2016-03-07 10:00:00,12,2,10
2016-03-07 11:00:00,13,5,8
2016-03-07 12:00:00,5,2,3
2016-03-07 13:00:00,8,2,6
2016-03-07 14:00:00,8,5,3
2016-03-07 15:00:00,22,18,4
2016-03-07 16:00:00,59,47,12
2016-03-07 17:00:00,107,93,14
2016-03-07 18:00:00,64,52,12
2016-03-07 19:00:00,19,16,3
2016-03-07 20:00:00,8,5,3
2016-03-07 21:00:00,7,6,1
2016-03-07 22:00:00,4,3,1
2016-03-07 23:00:00,1,1,0
2016-03-08 00:00:00,1,1,0
2016-03-08 01:00:00,0,0,0
2016-03-08 02:00:00,1,0,1
2016-03-08 03:00:00,3,2,1
2016-03-08 04:00:00,2,0,2
2016-03-08 05:00:00,25,3,22
2016-03-08 06:00:00,60,10,50
2016-03-08 07:00:00,115,11,104
2016-03-08 08:00:00,105,8,97
2016-03-08 09:00:00,40,4,36
2016-03-08 10:00:00,21,3,18
2016-03-08 11:00:00,10,4,6
2016-03-08 12:00:00,15,6,9
2016-03-08 13:00:00,9,3,6
2016-03-08 14:00:00,22,12,10
2016-03-08 15:00:00,28,22,6
2016-03-08 16:00:00,89,66,23
2016-03-08 17:00:00,125,112,13
2016-03-08 18:00:00,82,72,10
2016-03-08 19:00:00,29,25,4
2016-03-08 20:00:00,17,13,4
2016-03-08 21:00:00,13,8,5
2016-03-08 22:00:00,8,7,1
2016-03-08 23:00:00,4,2,2
2016-03-09 00:00:00,1,1,0
2016-03-09 01:00:00,0,0,0
2016-03-09 02:00:00,1,1,0
2016-03-09 03:00:00,2,1,1
2016-03-09 04:00:00,7,3,4
2016-03-09 05:00:00,20,0,20
2016-03-09 06:00:00,47,12,35
2016-03-09 07:00:00,86,12,74
2016-03-09 08:00:00,93,11,82
2016-03-09 09:00:00,40,5,35
2016-03-09 10:00:00,18,2,16
2016-03-09 11:00:00,13,6,7
2016-03-09 12:00:00,4,3,1
2016-03-09 13:00:00,5,2,3
2016-03-09 14:00:00,11,4,7
2016-03-09 15:00:00,17,14,3
2016-03-09 16:00:00,44,35,9
2016-03-09 17:00:00,82,74,8
2016-03-09 18:00:00,52,41,11
2016-03-09 19:00:00,21,16,5
2016-03-09 20:00:00,12,11,1
2016-03-09 21:00:00,2,1,1
2016-03-09 22:00:00,3,2,1
2016-03-09 23:00:00,2,1,1
2016-03-10 00:00:00,0,0,0
2016-03-10 01:00:00,0,0,0
2016-03-10 02:00:00,1,1,0
2016-03-10 03:00:00,0,0,0
2016-03-10 04:00:00,2,1,1
2016-03-10 05:00:00,10,2,8
2016-03-10 06:00:00,33,5,28
2016-03-10 07:00:00,70,9,61
2016-03-10 08:00:00,72,5,67
2016-03-10 09:00:00,22,4,18
2016-03-10 10:00:00,17,4,13
2016-03-10 11:00:00,10,3,7
2016-03-10 12:00:00,5,1,4
2016-03-10 13:00:00,15,11,4
2016-03-10 14:00:00,7,5,2
2016-03-10 15:00:00,23,19,4
2016-03-10 16:00:00,36,26,10
2016-03-10 17:00:00,88,79,9
2016-03-10 18:00:00,61,51,10
2016-03-10 19:00:00,20,15,5
2016-03-10 20:00:00,8,7,1
2016-03-10 21:00:00,4,3,1
2016-03-10 22:00:00,4,4,0
2016-03-10 23:00:00,3,2,1
2016-03-11 00:00:00,4,3,1
2016-03-11 01:00:00,1,1,0
2016-03-11 02:00:00,2,1,1
2016-03-11 03:00:00,1,0,1
2016-03-11 04:00:00,0,0,0
2016-03-11 05:00:00,12,1,11
2016-03-11 06:00:00,38,8,30
2016-03-11 07:00:00,85,9,76
2016-03-11 08:00:00,94,7,87
2016-03-11 09:00:00,30,5,25
2016-03-11 10:00:00,17,2,15
2016-03-11 11:00:00,17,10,7
2016-03-11 12:00:00,13,9,4
2016-03-11 13:00:00,14,7,7
2016-03-11 14:00:00,8,4,4
2016-03-11 15:00:00,29,18,11
2016-03-11 16:00:00,59,51,8
2016-03-11 17:00:00,86,81,5
2016-03-11 18:00:00,33,29,4
2016-03-11 19:00:00,13,12,1
2016-03-11 20:00:00,4,4,0
2016-03-11 21:00:00,3,3,0
2016-03-11 22:00:00,6,6,0
2016-03-11 23:00:00,0,0,0
2016-03-12 00:00:00,1,1,0
2016-03-12 01:00:00,0,0,0
2016-03-12 02:00:00,0,0,0
2016-03-12 03:00:00,2,1,1
2016-03-12 04:00:00,1,0,1
2016-03-12 05:00:00,4,1,3
2016-03-12 06:00:00,5,1,4
2016-03-12 07:00:00,7,3,4
2016-03-12 08:00:00,9,6,3
2016-03-12 09:00:00,5,3,2
2016-03-12 10:00:00,9,0,9
2016-03-12 11:00:00,19,7,12
2016-03-12 12:00:00,24,11,13
2016-03-12 13:00:00,27,14,13
2016-03-12 14:00:00,24,15,9
2016-03-12 15:00:00,27,16,11
2016-03-12 16:00:00,11,4,7
2016-03-12 17:00:00,14,7,7
2016-03-12 18:00:00,5,3,2
2016-03-12 19:00:00,5,4,1
2016-03-12 20:00:00,2,2,0
2016-03-12 21:00:00,1,0,1
2016-03-12 22:00:00,0,0,0
2016-03-12 23:00:00,1,1,0
2016-03-13 00:00:00,4,4,0
2016-03-13 01:00:00,3,2,1
2016-03-13 02:00:00,0,0,0
2016-03-13 03:00:00,1,1,0
2016-03-13 04:00:00,1,1,0
2016-03-13 05:00:00,3,0,3
2016-03-13 06:00:00,3,2,1
2016-03-13 07:00:00,1,0,1
2016-03-13 08:00:00,10,3,7
2016-03-13 09:00:00,14,7,7
2016-03-13 10:00:00,7,1,6
2016-03-13 11:00:00,3,1,2
2016-03-13 12:00:00,11,4,7
2016-03-13 13:00:00,11,9,2
2016-03-13 14:00:00,8,2,6
2016-03-13 15:00:00,12,4,8
2016-03-13 16:00:00,4,4,0
2016-03-13 17:00:00,4,0,4
2016-03-13 18:00:00,4,1,3
2016-03-13 19:00:00,3,2,1
2016-03-13 20:00:00,3,3,0
2016-03-13 21:00:00,1,1,0
2016-03-13 22:00:00,1,0,1
2016-03-13 23:00:00,1,1,0
2016-03-14 00:00:00,1,0,1
2016-03-14 01:00:00,1,1,0
2016-03-14 02:00:00,0,0,0
2016-03-14 03:00:00,3,3,0
2016-03-14 04:00:00,1,0,1
2016-03-14 05:00:00,13,0,13
2016-03-14 06:00:00,30,2,28
2016-03-14 07:00:00,71,7,64
2016-03-14 08:00:00,74,5,69
2016-03-14 09:00:00,30,2,28
2016-03-14 10:00:00,17,2,15
2016-03-14 11:00:00,11,5,6
2016-03-14 12:00:00,7,2,5
2016-03-14 13:00:00,11,4,7
2016-03-14 14:00:00,8,3,5
2016-03-14 15:00:00,20,18,2
2016-03-14 16:00:00,41,29,12
2016-03-14 17:00:00,82,72,10
2016-03-14 18:00:00,61,55,6
2016-03-14 19:00:00,14,10,4
2016-03-14 20:00:00,6,4,2
2016-03-14 21:00:00,7,6,1
2016-03-14 22:00:00,1,1,0
2016-03-14 23:00:00,1,1,0
2016-03-15 00:00:00,2,1,1
2016-03-15 01:00:00,1,0,1
2016-03-15 02:00:00,1,1,0
2016-03-15 03:00:00,3,2,1
2016-03-15 04:00:00,6,1,5
2016-03-15 05:00:00,13,2,11
2016-03-15 06:00:00,50,4,46
2016-03-15 07:00:00,73,8,65
2016-03-15 08:00:00,92,15,77
2016-03-15 09:00:00,35,5,30
2016-03-15 10:00:00,19,5,14
2016-03-15 11:00:00,12,4,8
2016-03-15 12:00:00,11,3,8
2016-03-15 13:00:00,14,6,8
2016-03-15 14:00:00,9,6,3
2016-03-15 15:00:00,24,18,6
2016-03-15 16:00:00,72,55,17
2016-03-15 17:00:00,100,87,13
2016-03-15 18:00:00,86,66,20
2016-03-15 19:00:00,24,20,4
2016-03-15 20:00:00,14,11,3
2016-03-15 21:00:00,7,5,2
2016-03-15 22:00:00,6,4,2
2016-03-15 23:00:00,6,4,2
2016-03-16 00:00:00,2,0,2
2016-03-16 01:00:00,1,1,0
2016-03-16 02:00:00,0,0,0
2016-03-16 03:00:00,1,1,0
2016-03-16 04:00:00,4,1,3
2016-03-16 05:00:00,17,3,14
2016-03-16 06:00:00,61,7,54
2016-03-16 07:00:00,85,10,75
2016-03-16 08:00:00,130,10,120
2016-03-16 09:00:00,52,7,45
2016-03-16 10:00:00,26,8,18
2016-03-16 11:00:00,26,8,18
2016-03-16 12:00:00,18,7,11
2016-03-16 13:00:00,14,10,4
2016-03-16 14:00:00,30,17,13
2016-03-16 15:00:00,46,30,16
2016-03-16 16:00:00,75,58,17
2016-03-16 17:00:00,155,139,16
2016-03-16 18:00:00,93,76,17
2016-03-16 19:00:00,47,35,12
2016-03-16 20:00:00,25,17,8
2016-03-16 21:00:00,17,11,6
2016-03-16 22:00:00,8,6,2
2016-03-16 23:00:00,2,0,2
2016-03-17 00:00:00,2,2,0
2016-03-17 01:00:00,1,1,0
2016-03-17 02:00:00,0,0,0
2016-03-17 03:00:00,0,0,0
2016-03-17 04:00:00,1,0,1
2016-03-17 05:00:00,23,5,18
2016-03-17 06:00:00,60,6,54
2016-03-17 07:00:00,97,11,86
2016-03-17 08:00:00,135,12,123
2016-03-17 09:00:00,44,6,38
2016-03-17 10:00:00,32,9,23
2016-03-17 11:00:00,11,4,7
2016-03-17 12:00:00,13,5,8
2016-03-17 13:00:00,13,4,9
2016-03-17 14:00:00,32,23,9
2016-03-17 15:00:00,54,37,17
2016-03-17 16:00:00,96,77,19
2016-03-17 17:00:00,149,117,32
2016-03-17 18:00:00,103,90,13
2016-03-17 19:00:00,33,26,7
2016-03-17 20:00:00,18,12,6
2016-03-17 21:00:00,13,12,1
2016-03-17 22:00:00,8,7,1
2016-03-17 23:00:00,3,2,1
2016-03-18 00:00:00,4,2,2
2016-03-18 01:00:00,1,1,0
2016-03-18 02:00:00,2,2,0
2016-03-18 03:00:00,0,0,0
2016-03-18 04:00:00,2,0,2
2016-03-18 05:00:00,16,2,14
2016-03-18 06:00:00,44,6,38
2016-03-18 07:00:00,101,12,89
2016-03-18 08:00:00,120,11,109
2016-03-18 09:00:00,45,7,38
2016-03-18 10:00:00,27,9,18
2016-03-18 11:00:00,18,3,15
2016-03-18 12:00:00,30,13,17
2016-03-18 13:00:00,20,13,7
2016-03-18 14:00:00,29,20,9
2016-03-18 15:00:00,47,31,16
2016-03-18 16:00:00,84,59,25
2016-03-18 17:00:00,143,118,25
2016-03-18 18:00:00,70,58,12
2016-03-18 19:00:00,37,26,11
2016-03-18 20:00:00,18,9,9
2016-03-18 21:00:00,7,5,2
2016-03-18 22:00:00,3,2,1
2016-03-18 23:00:00,6,6,0
2016-03-19 00:00:00,3,3,0
2016-03-19 01:00:00,3,2,1
2016-03-19 02:00:00,2,2,0
2016-03-19 03:00:00,2,2,0
2016-03-19 04:00:00,1,0,1
2016-03-19 05:00:00,2,1,1
2016-03-19 06:00:00,2,0,2
2016-03-19 07:00:00,10,2,8
2016-03-19 08:00:00,30,10,20
2016-03-19 09:00:00,36,17,19
2016-03-19 10:00:00,40,20,20
2016-03-19 11:00:00,94,54,40
2016-03-19 12:00:00,59,21,38
2016-03-19 13:00:00,39,18,21
2016-03-19 14:00:00,50,26,24
2016-03-19 15:00:00,44,16,28
2016-03-19 16:00:00,44,16,28
2016-03-19 17:00:00,37,20,17
2016-03-19 18:00:00,20,8,12
2016-03-19 19:00:00,15,4,11
2016-03-19 20:00:00,8,4,4
2016-03-19 21:00:00,5,4,1
2016-03-19 22:00:00,3,3,0
2016-03-19 23:00:00,3,3,0
2016-03-20 00:00:00,2,1,1
2016-03-20 01:00:00,3,2,1
2016-03-20 02:00:00,2,1,1
2016-03-20 03:00:00,1,1,0
2016-03-20 04:00:00,2,2,0
2016-03-20 05:00:00,5,2,3
2016-03-20 06:00:00,0,0,0
2016-03-20 07:00:00,6,3,3
2016-03-20 08:00:00,22,11,11
2016-03-20 09:00:00,20,6,14
2016-03-20 10:00:00,21,12,9
2016-03-20 11:00:00,20,12,8
2016-03-20 12:00:00,16,9,7
2016-03-20 13:00:00,10,3,7
2016-03-20 14:00:00,6,2,4
2016-03-20 15:00:00,9,5,4
2016-03-20 16:00:00,6,4,2
2016-03-20 17:00:00,10,3,7
2016-03-20 18:00:00,2,0,2
2016-03-20 19:00:00,6,5,1
2016-03-20 20:00:00,1,0,1
2016-03-20 21:00:00,3,0,3
2016-03-20 22:00:00,2,1,1
2016-03-20 23:00:00,2,2,0
2016-03-21 00:00:00,1,1,0
2016-03-21 01:00:00,3,2,1
2016-03-21 02:00:00,1,1,0
2016-03-21 03:00:00,1,1,0
2016-03-21 04:00:00,2,0,2
2016-03-21 05:00:00,12,0,12
2016-03-21 06:00:00,27,3,24
2016-03-21 07:00:00,76,8,68
2016-03-21 08:00:00,73,10,63
2016-03-21 09:00:00,21,0,21
2016-03-21 10:00:00,15,2,13
2016-03-21 11:00:00,4,2,2
2016-03-21 12:00:00,9,3,6
2016-03-21 13:00:00,6,1,5
2016-03-21 14:00:00,10,4,6
2016-03-21 15:00:00,21,16,5
2016-03-21 16:00:00,45,38,7
2016-03-21 17:00:00,84,74,10
2016-03-21 18:00:00,53,47,6
2016-03-21 19:00:00,17,13,4
2016-03-21 20:00:00,12,8,4
2016-03-21 21:00:00,6,6,0
2016-03-21 22:00:00,2,2,0
2016-03-21 23:00:00,2,2,0
2016-03-22 00:00:00,0,0,0
2016-03-22 01:00:00,0,0,0
2016-03-22 02:00:00,0,0,0
2016-03-22 03:00:00,3,1,2
2016-03-22 04:00:00,6,1,5
2016-03-22 05:00:00,18,2,16
2016-03-22 06:00:00,58,10,48
2016-03-22 07:00:00,123,11,112
2016-03-22 08:00:00,98,8,90
2016-03-22 09:00:00,33,5,28
2016-03-22 10:00:00,18,8,10
2016-03-22 11:00:00,21,8,13
2016-03-22 12:00:00,20,3,17
2016-03-22 13:00:00,23,15,8
2016-03-22 14:00:00,23,12,11
2016-03-22 15:00:00,35,27,8
2016-03-22 16:00:00,71,61,10
2016-03-22 17:00:00,126,111,15
2016-03-22 18:00:00,87,72,15
2016-03-22 19:00:00,35,25,10
2016-03-22 20:00:00,14,9,5
2016-03-22 21:00:00,13,11,2
2016-03-22 22:00:00,3,3,0
2016-03-22 23:00:00,3,2,1
2016-03-23 00:00:00,1,1,0
2016-03-23 01:00:00,1,0,1
2016-03-23 02:00:00,2,2,0
2016-03-23 03:00:00,2,1,1
2016-03-23 04:00:00,0,0,0
2016-03-23 05:00:00,20,1,19
2016-03-23 06:00:00,44,4,40
2016-03-23 07:00:00,95,12,83
2016-03-23 08:00:00,100,12,88
2016-03-23 09:00:00,37,7,30
2016-03-23 10:00:00,21,3,18
2016-03-23 11:00:00,10,5,5
2016-03-23 12:00:00,16,6,10
2016-03-23 13:00:00,13,7,6
2016-03-23 14:00:00,16,10,6
2016-03-23 15:00:00,29,19,10
2016-03-23 16:00:00,63,48,15
2016-03-23 17:00:00,106,84,22
2016-03-23 18:00:00,62,53,9
2016-03-23 19:00:00,25,22,3
2016-03-23 20:00:00,13,11,2
2016-03-23 21:00:00,8,7,1
2016-03-23 22:00:00,1,1,0
2016-03-23 23:00:00,0,0,0
2016-03-24 00:00:00,3,3,0
2016-03-24 01:00:00,1,0,1
2016-03-24 02:00:00,1,1,0
2016-03-24 03:00:00,1,0,1
2016-03-24 04:00:00,1,0,1
2016-03-24 05:00:00,14,1,13
2016-03-24 06:00:00,48,5,43
2016-03-24 07:00:00,85,8,77
2016-03-24 08:00:00,99,5,94
2016-03-24 09:00:00,39,2,37
2016-03-24 10:00:00,20,8,12
2016-03-24 11:00:00,16,6,10
2016-03-24 12:00:00,18,7,11
2016-03-24 13:00:00,20,9,11
2016-03-24 14:00:00,25,14,11
2016-03-24 15:00:00,44,30,14
2016-03-24 16:00:00,61,51,10
2016-03-24 17:00:00,115,96,19
2016-03-24 18:00:00,70,60,10
2016-03-24 19:00:00,29,22,7
2016-03-24 20:00:00,16,13,3
2016-03-24 21:00:00,13,12,1
2016-03-24 22:00:00,4,3,1
2016-03-24 23:00:00,3,2,1
2016-03-25 00:00:00,2,2,0
2016-03-25 01:00:00,2,1,1
2016-03-25 02:00:00,1,0,1
2016-03-25 03:00:00,1,0,1
2016-03-25 04:00:00,2,1,1
2016-03-25 05:00:00,8,1,7
2016-03-25 06:00:00,47,9,38
2016-03-25 07:00:00,87,14,73
2016-03-25 08:00:00,100,10,90
2016-03-25 09:00:00,47,8,39
2016-03-25 10:00:00,22,5,17
2016-03-25 11:00:00,22,8,14
2016-03-25 12:00:00,21,7,14
2016-03-25 13:00:00,24,9,15
2016-03-25 14:00:00,29,18,11
2016-03-25 15:00:00,51,31,20
2016-03-25 16:00:00,84,63,21
2016-03-25 17:00:00,125,99,26
2016-03-25 18:00:00,58,44,14
2016-03-25 19:00:00,37,30,7
2016-03-25 20:00:00,11,2,9
2016-03-25 21:00:00,27,22,5
2016-03-25 22:00:00,7,6,1
2016-03-25 23:00:00,3,2,1
2016-03-26 00:00:00,4,4,0
2016-03-26 01:00:00,2,2,0
2016-03-26 02:00:00,1,0,1
2016-03-26 03:00:00,2,1,1
2016-03-26 04:00:00,2,2,0
2016-03-26 05:00:00,1,0,1
2016-03-26 06:00:00,5,0,5
2016-03-26 07:00:00,28,15,13
2016-03-26 08:00:00,28,10,18
2016-03-26 09:00:00,21,14,7
2016-03-26 10:00:00,44,22,22
2016-03-26 11:00:00,55,30,25
2016-03-26 12:00:00,65,26,39
2016-03-26 13:00:00,99,45,54
2016-03-26 14:00:00,75,37,38
2016-03-26 15:00:00,72,33,39
2016-03-26 16:00:00,55,30,25
2016-03-26 17:00:00,57,24,33
2016-03-26 18:00:00,14,10,4
2016-03-26 19:00:00,12,3,9
2016-03-26 20:00:00,6,4,2
2016-03-26 21:00:00,4,4,0
2016-03-26 22:00:00,9,7,2
2016-03-26 23:00:00,1,1,0
2016-03-27 00:00:00,1,1,0
2016-03-27 01:00:00,1,1,0
2016-03-27 02:00:00,1,1,0
2016-03-27 03:00:00,0,0,0
2016-03-27 04:00:00,1,1,0
2016-03-27 05:00:00,4,1,3
2016-03-27 06:00:00,3,0,3
2016-03-27 07:00:00,0,0,0
2016-03-27 08:00:00,5,2,3
2016-03-27 09:00:00,10,4,6
2016-03-27 10:00:00,10,3,7
2016-03-27 11:00:00,5,1,4
2016-03-27 12:00:00,9,5,4
2016-03-27 13:00:00,10,8,2
2016-03-27 14:00:00,14,10,4
2016-03-27 15:00:00,17,8,9
2016-03-27 16:00:00,6,5,1
2016-03-27 17:00:00,4,0,4
2016-03-27 18:00:00,2,0,2
2016-03-27 19:00:00,7,2,5
2016-03-27 20:00:00,1,1,0
2016-03-27 21:00:00,1,1,0
2016-03-27 22:00:00,1,1,0
2016-03-27 23:00:00,1,1,0
2016-03-28 00:00:00,0,0,0
2016-03-28 01:00:00,0,0,0
2016-03-28 02:00:00,0,0,0
2016-03-28 03:00:00,0,0,0
2016-03-28 04:00:00,3,0,3
2016-03-28 05:00:00,23,1,22
2016-03-28 06:00:00,48,6,42
2016-03-28 07:00:00,112,14,98
2016-03-28 08:00:00,123,9,114
2016-03-28 09:00:00,32,1,31
2016-03-28 10:00:00,19,6,13
2016-03-28 11:00:00,18,6,12
2016-03-28 12:00:00,18,10,8
2016-03-28 13:00:00,18,7,11
2016-03-28 14:00:00,11,7,4
2016-03-28 15:00:00,38,25,13
2016-03-28 16:00:00,83,66,17
2016-03-28 17:00:00,139,116,23
2016-03-28 18:00:00,104,93,11
2016-03-28 19:00:00,32,26,6
2016-03-28 20:00:00,18,8,10
2016-03-28 21:00:00,9,9,0
2016-03-28 22:00:00,3,3,0
2016-03-28 23:00:00,0,0,0
2016-03-29 00:00:00,0,0,0
2016-03-29 01:00:00,3,2,1
2016-03-29 02:00:00,0,0,0
2016-03-29 03:00:00,3,2,1
2016-03-29 04:00:00,5,1,4
2016-03-29 05:00:00,23,2,21
2016-03-29 06:00:00,68,9,59
2016-03-29 07:00:00,150,18,132
2016-03-29 08:00:00,138,8,130
2016-03-29 09:00:00,49,3,46
2016-03-29 10:00:00,22,6,16
2016-03-29 11:00:00,24,11,13
2016-03-29 12:00:00,22,9,13
2016-03-29 13:00:00,20,12,8
2016-03-29 14:00:00,34,16,18
2016-03-29 15:00:00,49,30,19
2016-03-29 16:00:00,120,93,27
2016-03-29 17:00:00,177,155,22
2016-03-29 18:00:00,131,103,28
2016-03-29 19:00:00,46,32,14
2016-03-29 20:00:00,15,9,6
2016-03-29 21:00:00,20,9,11
2016-03-29 22:00:00,9,7,2
2016-03-29 23:00:00,2,1,1
2016-03-30 00:00:00,1,1,0
2016-03-30 01:00:00,1,0,1
2016-03-30 02:00:00,0,0,0
2016-03-30 03:00:00,3,1,2
2016-03-30 04:00:00,0,0,0
2016-03-30 05:00:00,35,6,29
2016-03-30 06:00:00,75,11,64
2016-03-30 07:00:00,157,22,135
2016-03-30 08:00:00,140,10,130
2016-03-30 09:00:00,73,10,63
2016-03-30 10:00:00,33,7,26
2016-03-30 11:00:00,40,12,28
2016-03-30 12:00:00,25,13,12
2016-03-30 13:00:00,29,16,13
2016-03-30 14:00:00,49,31,18
2016-03-30 15:00:00,63,41,22
2016-03-30 16:00:00,123,94,29
2016-03-30 17:00:00,226,190,36
2016-03-30 18:00:00,126,93,33
2016-03-30 19:00:00,76,60,16
2016-03-30 20:00:00,27,12,15
2016-03-30 21:00:00,20,17,3
2016-03-30 22:00:00,4,3,1
2016-03-30 23:00:00,6,3,3
2016-03-31 00:00:00,2,2,0
2016-03-31 01:00:00,1,0,1
2016-03-31 02:00:00,0,0,0
2016-03-31 03:00:00,2,1,1
2016-03-31 04:00:00,2,1,1
2016-03-31 05:00:00,25,4,21
2016-03-31 06:00:00,78,13,65
2016-03-31 07:00:00,153,17,136
2016-03-31 08:00:00,132,15,117
2016-03-31 09:00:00,79,8,71
2016-03-31 10:00:00,34,9,25
2016-03-31 11:00:00,33,15,18
2016-03-31 12:00:00,39,17,22
2016-03-31 13:00:00,34,20,14
2016-03-31 14:00:00,45,26,19
2016-03-31 15:00:00,74,47,27
2016-03-31 16:00:00,104,81,23
2016-03-31 17:00:00,215,181,34
2016-03-31 18:00:00,125,94,31
2016-03-31 19:00:00,52,40,12
2016-03-31 20:00:00,69,66,3
2016-03-31 21:00:00,24,13,11
2016-03-31 22:00:00,16,8,8
2016-03-31 23:00:00,17,4,13
2016-04-01 00:00:00,12,3,9
2016-04-01 01:00:00,12,0,12
2016-04-01 02:00:00,0,0,0
2016-04-01 03:00:00,1,0,1
2016-04-01 04:00:00,3,1,2
2016-04-01 05:00:00,25,5,20
2016-04-01 06:00:00,74,13,61
2016-04-01 07:00:00,117,14,103
2016-04-01 08:00:00,136,17,119
2016-04-01 09:00:00,53,12,41
2016-04-01 10:00:00,43,17,26
2016-04-01 11:00:00,28,15,13
2016-04-01 12:00:00,43,13,30
2016-04-01 13:00:00,41,24,17
2016-04-01 14:00:00,53,33,20
2016-04-01 15:00:00,76,50,26
2016-04-01 16:00:00,118,87,31
2016-04-01 17:00:00,172,141,31
2016-04-01 18:00:00,107,82,25
2016-04-01 19:00:00,49,22,27
2016-04-01 20:00:00,19,9,10
2016-04-01 21:00:00,17,9,8
2016-04-01 22:00:00,12,10,2
2016-04-01 23:00:00,5,3,2
2016-04-02 00:00:00,25,23,2
2016-04-02 01:00:00,10,0,10
2016-04-02 02:00:00,11,3,8
2016-04-02 03:00:00,2,2,0
2016-04-02 04:00:00,1,0,1
2016-04-02 05:00:00,3,0,3
2016-04-02 06:00:00,8,0,8
2016-04-02 07:00:00,19,1,18
2016-04-02 08:00:00,29,11,18
2016-04-02 09:00:00,44,30,14
2016-04-02 10:00:00,50,13,37
2016-04-02 11:00:00,49,25,24
2016-04-02 12:00:00,47,18,29
2016-04-02 13:00:00,58,33,25
2016-04-02 14:00:00,58,43,15
2016-04-02 15:00:00,71,29,42
2016-04-02 16:00:00,70,35,35
2016-04-02 17:00:00,47,23,24
2016-04-02 18:00:00,55,28,27
2016-04-02 19:00:00,10,5,5
2016-04-02 20:00:00,10,3,7
2016-04-02 21:00:00,10,9,1
2016-04-02 22:00:00,1,1,0
2016-04-02 23:00:00,4,4,0
2016-04-03 00:00:00,2,2,0
2016-04-03 01:00:00,3,3,0
2016-04-03 02:00:00,1,0,1
2016-04-03 03:00:00,1,1,0
2016-04-03 04:00:00,2,1,1
2016-04-03 05:00:00,5,1,4
2016-04-03 06:00:00,21,0,21
2016-04-03 07:00:00,14,2,12
2016-04-03 08:00:00,18,8,10
2016-04-03 09:00:00,46,24,22
2016-04-03 10:00:00,56,28,28
2016-04-03 11:00:00,123,96,27
2016-04-03 12:00:00,80,50,30
2016-04-03 13:00:00,67,30,37
2016-04-03 14:00:00,83,24,59
2016-04-03 15:00:00,76,32,44
2016-04-03 16:00:00,96,44,52
2016-04-03 17:00:00,33,17,16
2016-04-03 18:00:00,33,21,12
2016-04-03 19:00:00,22,8,14
2016-04-03 20:00:00,7,3,4
2016-04-03 21:00:00,3,3,0
2016-04-03 22:00:00,2,1,1
2016-04-03 23:00:00,4,3,1
2016-04-04 00:00:00,0,0,0
2016-04-04 01:00:00,1,1,0
2016-04-04 02:00:00,1,0,1
2016-04-04 03:00:00,3,2,1
2016-04-04 04:00:00,6,2,4
2016-04-04 05:00:00,19,3,16
2016-04-04 06:00:00,48,5,43
2016-04-04 07:00:00,106,9,97
2016-04-04 08:00:00,106,9,97
2016-04-04 09:00:00,35,2,33
2016-04-04 10:00:00,20,3,17
2016-04-04 11:00:00,22,10,12
2016-04-04 12:00:00,13,6,7
2016-04-04 13:00:00,19,4,15
2016-04-04 14:00:00,25,14,11
2016-04-04 15:00:00,31,25,6
2016-04-04 16:00:00,60,51,9
2016-04-04 17:00:00,145,125,20
2016-04-04 18:00:00,74,59,15
2016-04-04 19:00:00,35,28,7
2016-04-04 20:00:00,11,9,2
2016-04-04 21:00:00,16,15,1
2016-04-04 22:00:00,4,3,1
2016-04-04 23:00:00,6,3,3
2016-04-05 00:00:00,4,4,0
2016-04-05 01:00:00,1,0,1
2016-04-05 02:00:00,1,1,0
2016-04-05 03:00:00,3,2,1
2016-04-05 04:00:00,2,0,2
2016-04-05 05:00:00,25,3,22
2016-04-05 06:00:00,66,5,61
2016-04-05 07:00:00,149,13,136
2016-04-05 08:00:00,132,11,121
2016-04-05 09:00:00,46,6,40
2016-04-05 10:00:00,17,4,13
2016-04-05 11:00:00,11,8,3
2016-04-05 12:00:00,21,6,15
2016-04-05 13:00:00,35,17,18
2016-04-05 14:00:00,30,18,12
2016-04-05 15:00:00,42,30,12
2016-04-05 16:00:00,105,82,23
2016-04-05 17:00:00,170,155,15
2016-04-05 18:00:00,104,89,15
2016-04-05 19:00:00,42,37,5
2016-04-05 20:00:00,23,17,6
2016-04-05 21:00:00,13,11,2
2016-04-05 22:00:00,10,8,2
2016-04-05 23:00:00,4,2,2
2016-04-06 00:00:00,6,4,2
2016-04-06 01:00:00,3,1,2
2016-04-06 02:00:00,1,0,1
2016-04-06 03:00:00,1,1,0
2016-04-06 04:00:00,3,0,3
2016-04-06 05:00:00,23,2,21
2016-04-06 06:00:00,67,7,60
2016-04-06 07:00:00,148,17,131
2016-04-06 08:00:00,159,13,146
2016-04-06 09:00:00,64,10,54
2016-04-06 10:00:00,40,14,26
2016-04-06 11:00:00,28,11,17
2016-04-06 12:00:00,29,15,14
2016-04-06 13:00:00,29,13,16
2016-04-06 14:00:00,40,25,15
2016-04-06 15:00:00,65,45,20
2016-04-06 16:00:00,119,94,25
2016-04-06 17:00:00,188,157,31
2016-04-06 18:00:00,140,109,31
2016-04-06 19:00:00,54,33,21
2016-04-06 20:00:00,28,19,9
2016-04-06 21:00:00,16,14,2
2016-04-06 22:00:00,7,6,1
2016-04-06 23:00:00,3,2,1
2016-04-07 00:00:00,3,2,1
2016-04-07 01:00:00,0,0,0
2016-04-07 02:00:00,0,0,0
2016-04-07 03:00:00,0,0,0
2016-04-07 04:00:00,7,0,7
2016-04-07 05:00:00,29,1,28
2016-04-07 06:00:00,102,11,91
2016-04-07 07:00:00,160,11,149
2016-04-07 08:00:00,167,23,144
2016-04-07 09:00:00,54,10,44
2016-04-07 10:00:00,40,9,31
2016-04-07 11:00:00,31,16,15
2016-04-07 12:00:00,37,19,18
2016-04-07 13:00:00,43,20,23
2016-04-07 14:00:00,47,30,17
2016-04-07 15:00:00,81,44,37
2016-04-07 16:00:00,134,110,24
2016-04-07 17:00:00,230,198,32
2016-04-07 18:00:00,152,126,26
2016-04-07 19:00:00,64,44,20
2016-04-07 20:00:00,42,29,13
2016-04-07 21:00:00,19,13,6
2016-04-07 22:00:00,4,3,1
2016-04-07 23:00:00,5,4,1
2016-04-08 00:00:00,2,2,0
2016-04-08 01:00:00,3,2,1
2016-04-08 02:00:00,2,1,1
2016-04-08 03:00:00,0,0,0
2016-04-08 04:00:00,3,0,3
2016-04-08 05:00:00,20,1,19
2016-04-08 06:00:00,64,9,55
2016-04-08 07:00:00,136,16,120
2016-04-08 08:00:00,137,17,120
2016-04-08 09:00:00,57,8,49
2016-04-08 10:00:00,26,6,20
2016-04-08 11:00:00,37,17,20
2016-04-08 12:00:00,33,20,13
2016-04-08 13:00:00,49,24,25
2016-04-08 14:00:00,45,28,17
2016-04-08 15:00:00,64,40,24
2016-04-08 16:00:00,118,89,29
2016-04-08 17:00:00,159,128,31
2016-04-08 18:00:00,92,75,17
2016-04-08 19:00:00,37,27,10
2016-04-08 20:00:00,22,17,5
2016-04-08 21:00:00,11,8,3
2016-04-08 22:00:00,19,16,3
2016-04-08 23:00:00,6,6,0
2016-04-09 00:00:00,5,4,1
2016-04-09 01:00:00,2,2,0
2016-04-09 02:00:00,3,1,2
2016-04-09 03:00:00,2,2,0
2016-04-09 04:00:00,3,1,2
2016-04-09 05:00:00,4,0,4
2016-04-09 06:00:00,10,4,6
2016-04-09 07:00:00,33,4,29
2016-04-09 08:00:00,40,24,16
2016-04-09 09:00:00,65,14,51
2016-04-09 10:00:00,69,27,42
2016-04-09 11:00:00,78,41,37
2016-04-09 12:00:00,53,30,23
2016-04-09 13:00:00,122,88,34
2016-04-09 14:00:00,91,46,45
2016-04-09 15:00:00,79,47,32
2016-04-09 16:00:00,84,41,43
2016-04-09 17:00:00,52,22,30
2016-04-09 18:00:00,36,11,25
2016-04-09 19:00:00,21,9,12
2016-04-09 20:00:00,17,8,9
2016-04-09 21:00:00,10,10,0
2016-04-09 22:00:00,4,3,1
2016-04-09 23:00:00,2,1,1
2016-04-10 00:00:00,3,1,2
2016-04-10 01:00:00,7,6,1
2016-04-10 02:00:00,1,1,0
2016-04-10 03:00:00,5,4,1
2016-04-10 04:00:00,3,1,2
2016-04-10 05:00:00,6,1,5
2016-04-10 06:00:00,2,0,2
2016-04-10 07:00:00,8,2,6
2016-04-10 08:00:00,23,6,17
2016-04-10 09:00:00,27,16,11
2016-04-10 10:00:00,44,22,22
2016-04-10 11:00:00,38,20,18
2016-04-10 12:00:00,38,15,23
2016-04-10 13:00:00,52,24,28
2016-04-10 14:00:00,44,24,20
2016-04-10 15:00:00,56,26,30
2016-04-10 16:00:00,39,20,19
2016-04-10 17:00:00,31,15,16
2016-04-10 18:00:00,50,31,19
2016-04-10 19:00:00,18,8,10
2016-04-10 20:00:00,6,4,2
2016-04-10 21:00:00,9,4,5
2016-04-10 22:00:00,3,2,1
2016-04-10 23:00:00,1,1,0
2016-04-11 00:00:00,2,2,0
2016-04-11 01:00:00,1,1,0
2016-04-11 02:00:00,1,1,0
2016-04-11 03:00:00,1,1,0
2016-04-11 04:00:00,3,0,3
2016-04-11 05:00:00,20,1,19
2016-04-11 06:00:00,63,6,57
2016-04-11 07:00:00,115,13,102
2016-04-11 08:00:00,133,14,119
2016-04-11 09:00:00,48,12,36
2016-04-11 10:00:00,17,3,14
2016-04-11 11:00:00,20,9,11
2016-04-11 12:00:00,23,12,11
2016-04-11 13:00:00,13,8,5
2016-04-11 14:00:00,32,21,11
2016-04-11 15:00:00,42,27,15
2016-04-11 16:00:00,83,68,15
2016-04-11 17:00:00,170,154,16
2016-04-11 18:00:00,92,70,22
2016-04-11 19:00:00,37,28,9
2016-04-11 20:00:00,10,7,3
2016-04-11 21:00:00,9,6,3
2016-04-11 22:00:00,6,5,1
2016-04-11 23:00:00,2,2,0
2016-04-12 00:00:00,3,3,0
2016-04-12 01:00:00,1,1,0
2016-04-12 02:00:00,1,0,1
2016-04-12 03:00:00,2,1,1
2016-04-12 04:00:00,6,1,5
2016-04-12 05:00:00,21,3,18
2016-04-12 06:00:00,60,7,53
2016-04-12 07:00:00,106,15,91
2016-04-12 08:00:00,96,15,81
2016-04-12 09:00:00,30,1,29
2016-04-12 10:00:00,25,11,14
2016-04-12 11:00:00,21,9,12
2016-04-12 12:00:00,17,7,10
2016-04-12 13:00:00,16,6,10
2016-04-12 14:00:00,22,12,10
2016-04-12 15:00:00,25,18,7
2016-04-12 16:00:00,30,25,5
2016-04-12 17:00:00,99,89,10
2016-04-12 18:00:00,54,47,7
2016-04-12 19:00:00,21,19,2
2016-04-12 20:00:00,9,8,1
2016-04-12 21:00:00,8,8,0
2016-04-12 22:00:00,3,2,1
2016-04-12 23:00:00,0,0,0
2016-04-13 00:00:00,0,0,0
2016-04-13 01:00:00,1,1,0
2016-04-13 02:00:00,1,0,1
2016-04-13 03:00:00,1,1,0
2016-04-13 04:00:00,2,0,2
2016-04-13 05:00:00,13,5,8
2016-04-13 06:00:00,45,5,40
2016-04-13 07:00:00,108,15,93
2016-04-13 08:00:00,112,9,103
2016-04-13 09:00:00,46,6,40
2016-04-13 10:00:00,19,4,15
2016-04-13 11:00:00,17,7,10
2016-04-13 12:00:00,31,13,18
2016-04-13 13:00:00,18,8,10
2016-04-13 14:00:00,26,15,11
2016-04-13 15:00:00,26,19,7
2016-04-13 16:00:00,91,69,22
2016-04-13 17:00:00,143,125,18
2016-04-13 18:00:00,90,70,20
2016-04-13 19:00:00,52,43,9
2016-04-13 20:00:00,39,22,17
2016-04-13 21:00:00,12,11,1
2016-04-13 22:00:00,4,2,2
2016-04-13 23:00:00,5,3,2
2016-04-14 00:00:00,3,2,1
2016-04-14 01:00:00,1,1,0
2016-04-14 02:00:00,0,0,0
2016-04-14 03:00:00,0,0,0
2016-04-14 04:00:00,7,2,5
2016-04-14 05:00:00,17,3,14
2016-04-14 06:00:00,44,4,40
2016-04-14 07:00:00,106,14,92
2016-04-14 08:00:00,125,9,116
2016-04-14 09:00:00,53,7,46
2016-04-14 10:00:00,19,2,17
2016-04-14 11:00:00,18,11,7
2016-04-14 12:00:00,17,6,11
2016-04-14 13:00:00,32,16,16
2016-04-14 14:00:00,31,23,8
2016-04-14 15:00:00,51,34,17
2016-04-14 16:00:00,83,60,23
2016-04-14 17:00:00,145,131,14
2016-04-14 18:00:00,85,67,18
2016-04-14 19:00:00,48,37,11
2016-04-14 20:00:00,18,15,3
2016-04-14 21:00:00,10,8,2
2016-04-14 22:00:00,4,2,2
2016-04-14 23:00:00,19,10,9
2016-04-15 00:00:00,3,3,0
2016-04-15 01:00:00,0,0,0
2016-04-15 02:00:00,0,0,0
2016-04-15 03:00:00,2,2,0
2016-04-15 04:00:00,0,0,0
2016-04-15 05:00:00,13,1,12
2016-04-15 06:00:00,51,2,49
2016-04-15 07:00:00,107,12,95
2016-04-15 08:00:00,94,9,85
2016-04-15 09:00:00,58,6,52
2016-04-15 10:00:00,33,9,24
2016-04-15 11:00:00,25,10,15
2016-04-15 12:00:00,28,13,15
2016-04-15 13:00:00,24,14,10
2016-04-15 14:00:00,19,11,8
2016-04-15 15:00:00,45,32,13
2016-04-15 16:00:00,94,75,19
2016-04-15 17:00:00,119,101,18
2016-04-15 18:00:00,59,54,5
2016-04-15 19:00:00,31,20,11
2016-04-15 20:00:00,11,8,3
2016-04-15 21:00:00,11,9,2
2016-04-15 22:00:00,8,4,4
2016-04-15 23:00:00,2,1,1
2016-04-16 00:00:00,3,3,0
2016-04-16 01:00:00,3,2,1
2016-04-16 02:00:00,2,1,1
2016-04-16 03:00:00,1,1,0
2016-04-16 04:00:00,2,1,1
2016-04-16 05:00:00,2,0,2
2016-04-16 06:00:00,5,0,5
2016-04-16 07:00:00,33,17,16
2016-04-16 08:00:00,74,47,27
2016-04-16 09:00:00,65,36,29
2016-04-16 10:00:00,56,30,26
2016-04-16 11:00:00,61,30,31
2016-04-16 12:00:00,80,35,45
2016-04-16 13:00:00,91,42,49
2016-04-16 14:00:00,97,34,63
2016-04-16 15:00:00,62,33,29
2016-04-16 16:00:00,53,16,37
2016-04-16 17:00:00,49,21,28
2016-04-16 18:00:00,17,11,6
2016-04-16 19:00:00,32,13,19
2016-04-16 20:00:00,10,5,5
2016-04-16 21:00:00,14,10,4
2016-04-16 22:00:00,8,6,2
2016-04-16 23:00:00,2,0,2
2016-04-17 00:00:00,3,2,1
2016-04-17 01:00:00,2,2,0
2016-04-17 02:00:00,1,1,0
2016-04-17 03:00:00,5,4,1
2016-04-17 04:00:00,1,1,0
2016-04-17 05:00:00,5,0,5
2016-04-17 06:00:00,1,1,0
2016-04-17 07:00:00,14,1,13
2016-04-17 08:00:00,37,14,23
2016-04-17 09:00:00,54,32,22
2016-04-17 10:00:00,87,45,42
2016-04-17 11:00:00,86,35,51
2016-04-17 12:00:00,104,55,49
2016-04-17 13:00:00,106,67,39
2016-04-17 14:00:00,123,56,67
2016-04-17 15:00:00,100,48,52
2016-04-17 16:00:00,70,34,36
2016-04-17 17:00:00,62,28,34
2016-04-17 18:00:00,59,25,34
2016-04-17 19:00:00,30,14,16
2016-04-17 20:00:00,18,9,9
2016-04-17 21:00:00,11,4,7
2016-04-17 22:00:00,2,1,1
2016-04-17 23:00:00,3,1,2
2016-04-18 00:00:00,6,3,3
2016-04-18 01:00:00,1,0,1
2016-04-18 02:00:00,14,5,9
2016-04-18 03:00:00,1,1,0
2016-04-18 04:00:00,5,0,5
2016-04-18 05:00:00,22,1,21
2016-04-18 06:00:00,69,9,60
2016-04-18 07:00:00,160,17,143
2016-04-18 08:00:00,163,14,149
2016-04-18 09:00:00,69,11,58
2016-04-18 10:00:00,39,9,30
2016-04-18 11:00:00,30,15,15
2016-04-18 12:00:00,40,20,20
2016-04-18 13:00:00,42,17,25
2016-04-18 14:00:00,49,28,21
2016-04-18 15:00:00,47,34,13
2016-04-18 16:00:00,133,99,34
2016-04-18 17:00:00,239,202,37
2016-04-18 18:00:00,131,112,19
2016-04-18 19:00:00,74,53,21
2016-04-18 20:00:00,29,18,11
2016-04-18 21:00:00,13,8,5
2016-04-18 22:00:00,6,4,2
2016-04-18 23:00:00,10,6,4
2016-04-19 00:00:00,1,1,0
2016-04-19 01:00:00,6,6,0
2016-04-19 02:00:00,4,2,2
2016-04-19 03:00:00,2,2,0
2016-04-19 04:00:00,7,0,7
2016-04-19 05:00:00,28,4,24
2016-04-19 06:00:00,102,12,90
2016-04-19 07:00:00,200,23,177
2016-04-19 08:00:00,179,18,161
2016-04-19 09:00:00,77,17,60
2016-04-19 10:00:00,33,13,20
2016-04-19 11:00:00,42,21,21
2016-04-19 12:00:00,26,14,12
2016-04-19 13:00:00,53,29,24
2016-04-19 14:00:00,51,29,22
2016-04-19 15:00:00,82,45,37
2016-04-19 16:00:00,133,106,27
2016-04-19 17:00:00,252,215,37
2016-04-19 18:00:00,154,130,24
2016-04-19 19:00:00,63,43,20
2016-04-19 20:00:00,41,25,16
2016-04-19 21:00:00,27,21,6
2016-04-19 22:00:00,2,1,1
2016-04-19 23:00:00,7,5,2
2016-04-20 00:00:00,3,2,1
2016-04-20 01:00:00,2,0,2
2016-04-20 02:00:00,5,3,2
2016-04-20 03:00:00,2,2,0
2016-04-20 04:00:00,2,0,2
2016-04-20 05:00:00,36,6,30
2016-04-20 06:00:00,108,15,93
2016-04-20 07:00:00,180,19,161
2016-04-20 08:00:00,159,17,142
2016-04-20 09:00:00,77,17,60
2016-04-20 10:00:00,32,9,23
2016-04-20 11:00:00,31,14,17
2016-04-20 12:00:00,30,15,15
2016-04-20 13:00:00,35,17,18
2016-04-20 14:00:00,41,29,12
2016-04-20 15:00:00,69,45,24
2016-04-20 16:00:00,136,96,40
2016-04-20 17:00:00,240,206,34
2016-04-20 18:00:00,151,120,31
2016-04-20 19:00:00,68,47,21
2016-04-20 20:00:00,29,21,8
2016-04-20 21:00:00,17,10,7
2016-04-20 22:00:00,8,7,1
2016-04-20 23:00:00,5,4,1
2016-04-21 00:00:00,4,4,0
2016-04-21 01:00:00,1,0,1
2016-04-21 02:00:00,2,2,0
2016-04-21 03:00:00,1,1,0
2016-04-21 04:00:00,4,1,3
2016-04-21 05:00:00,30,3,27
2016-04-21 06:00:00,87,12,75
2016-04-21 07:00:00,163,23,140
2016-04-21 08:00:00,176,19,157
2016-04-21 09:00:00,58,3,55
2016-04-21 10:00:00,37,7,30
2016-04-21 11:00:00,26,11,15
2016-04-21 12:00:00,43,26,17
2016-04-21 13:00:00,43,22,21
2016-04-21 14:00:00,44,27,17
2016-04-21 15:00:00,52,35,17
2016-04-21 16:00:00,129,94,35
2016-04-21 17:00:00,203,180,23
2016-04-21 18:00:00,130,106,24
2016-04-21 19:00:00,71,45,26
2016-04-21 20:00:00,31,17,14
2016-04-21 21:00:00,23,19,4
2016-04-21 22:00:00,8,5,3
2016-04-21 23:00:00,4,3,1
2016-04-22 00:00:00,4,4,0
2016-04-22 01:00:00,1,0,1
2016-04-22 02:00:00,3,1,2
2016-04-22 03:00:00,1,1,0
2016-04-22 04:00:00,8,3,5
2016-04-22 05:00:00,20,4,16
2016-04-22 06:00:00,46,10,36
2016-04-22 07:00:00,113,13,100
2016-04-22 08:00:00,105,20,85
2016-04-22 09:00:00,45,5,40
2016-04-22 10:00:00,19,1,18
2016-04-22 11:00:00,19,11,8
2016-04-22 12:00:00,18,8,10
2016-04-22 13:00:00,24,14,10
2016-04-22 14:00:00,16,9,7
2016-04-22 15:00:00,31,23,8
2016-04-22 16:00:00,67,54,13
2016-04-22 17:00:00,112,101,11
2016-04-22 18:00:00,60,50,10
2016-04-22 19:00:00,24,14,10
2016-04-22 20:00:00,8,8,0
2016-04-22 21:00:00,4,3,1
2016-04-22 22:00:00,4,2,2
2016-04-22 23:00:00,4,1,3
2016-04-23 00:00:00,7,5,2
2016-04-23 01:00:00,5,5,0
2016-04-23 02:00:00,1,0,1
2016-04-23 03:00:00,2,0,2
2016-04-23 04:00:00,1,0,1
2016-04-23 05:00:00,7,1,6
2016-04-23 06:00:00,9,1,8
2016-04-23 07:00:00,21,5,16
2016-04-23 08:00:00,34,13,21
2016-04-23 09:00:00,41,29,12
2016-04-23 10:00:00,46,22,24
2016-04-23 11:00:00,118,80,38
2016-04-23 12:00:00,48,26,22
2016-04-23 13:00:00,63,37,26
2016-04-23 14:00:00,33,13,20
2016-04-23 15:00:00,75,32,43
2016-04-23 16:00:00,44,22,22
2016-04-23 17:00:00,34,25,9
2016-04-23 18:00:00,14,8,6
2016-04-23 19:00:00,7,1,6
2016-04-23 20:00:00,8,6,2
2016-04-23 21:00:00,10,5,5
2016-04-23 22:00:00,4,1,3
2016-04-23 23:00:00,2,2,0
2016-04-24 00:00:00,0,0,0
2016-04-24 01:00:00,1,1,0
2016-04-24 02:00:00,3,2,1
2016-04-24 03:00:00,3,2,1
2016-04-24 04:00:00,0,0,0
2016-04-24 05:00:00,5,2,3
2016-04-24 06:00:00,4,0,4
2016-04-24 07:00:00,7,1,6
2016-04-24 08:00:00,13,6,7
2016-04-24 09:00:00,3,1,2
2016-04-24 10:00:00,5,4,1
2016-04-24 11:00:00,8,2,6
2016-04-24 12:00:00,4,2,2
2016-04-24 13:00:00,7,3,4
2016-04-24 14:00:00,11,4,7
2016-04-24 15:00:00,10,7,3
2016-04-24 16:00:00,12,7,5
2016-04-24 17:00:00,8,5,3
2016-04-24 18:00:00,7,5,2
2016-04-24 19:00:00,11,5,6
2016-04-24 20:00:00,3,2,1
2016-04-24 21:00:00,4,3,1
2016-04-24 22:00:00,3,1,2
2016-04-24 23:00:00,3,2,1
2016-04-25 00:00:00,1,1,0
2016-04-25 01:00:00,0,0,0
2016-04-25 02:00:00,2,1,1
2016-04-25 03:00:00,1,1,0
2016-04-25 04:00:00,5,0,5
2016-04-25 05:00:00,16,2,14
2016-04-25 06:00:00,52,6,46
2016-04-25 07:00:00,109,11,98
2016-04-25 08:00:00,95,11,84
2016-04-25 09:00:00,40,6,34
2016-04-25 10:00:00,23,3,20
2016-04-25 11:00:00,13,3,10
2016-04-25 12:00:00,25,14,11
2016-04-25 13:00:00,22,12,10
2016-04-25 14:00:00,28,17,11
2016-04-25 15:00:00,45,30,15
2016-04-25 16:00:00,77,61,16
2016-04-25 17:00:00,141,122,19
2016-04-25 18:00:00,89,74,15
2016-04-25 19:00:00,36,32,4
2016-04-25 20:00:00,21,12,9
2016-04-25 21:00:00,9,9,0
2016-04-25 22:00:00,8,6,2
2016-04-25 23:00:00,6,2,4
2016-04-26 00:00:00,0,0,0
2016-04-26 01:00:00,0,0,0
2016-04-26 02:00:00,1,0,1
2016-04-26 03:00:00,2,2,0
2016-04-26 04:00:00,6,0,6
2016-04-26 05:00:00,24,2,22
2016-04-26 06:00:00,85,7,78
2016-04-26 07:00:00,180,15,165
2016-04-26 08:00:00,152,21,131
2016-04-26 09:00:00,63,5,58
2016-04-26 10:00:00,18,6,12
2016-04-26 11:00:00,24,11,13
2016-04-26 12:00:00,22,9,13
2016-04-26 13:00:00,32,16,16
2016-04-26 14:00:00,33,17,16
2016-04-26 15:00:00,42,28,14
2016-04-26 16:00:00,141,110,31
2016-04-26 17:00:00,207,181,26
2016-04-26 18:00:00,140,120,20
2016-04-26 19:00:00,51,38,13
2016-04-26 20:00:00,20,15,5
2016-04-26 21:00:00,17,13,4
2016-04-26 22:00:00,16,14,2
2016-04-26 23:00:00,1,1,0
2016-04-27 00:00:00,0,0,0
2016-04-27 01:00:00,1,1,0
2016-04-27 02:00:00,2,1,1
2016-04-27 03:00:00,1,1,0
2016-04-27 04:00:00,6,1,5
2016-04-27 05:00:00,28,2,26
2016-04-27 06:00:00,74,9,65
2016-04-27 07:00:00,157,17,140
2016-04-27 08:00:00,156,13,143
2016-04-27 09:00:00,59,6,53
2016-04-27 10:00:00,32,13,19
2016-04-27 11:00:00,36,23,13
2016-04-27 12:00:00,30,10,20
2016-04-27 13:00:00,24,12,12
2016-04-27 14:00:00,43,27,16
2016-04-27 15:00:00,45,26,19
2016-04-27 16:00:00,112,86,26
2016-04-27 17:00:00,189,173,16
2016-04-27 18:00:00,130,114,16
2016-04-27 19:00:00,73,54,19
2016-04-27 20:00:00,32,17,15
2016-04-27 21:00:00,18,9,9
2016-04-27 22:00:00,6,5,1
2016-04-27 23:00:00,5,4,1
2016-04-28 00:00:00,1,1,0
2016-04-28 01:00:00,2,1,1
2016-04-28 02:00:00,4,2,2
2016-04-28 03:00:00,1,1,0
2016-04-28 04:00:00,4,1,3
2016-04-28 05:00:00,18,2,16
2016-04-28 06:00:00,92,7,85
2016-04-28 07:00:00,176,21,155
2016-04-28 08:00:00,164,28,136
2016-04-28 09:00:00,63,5,58
2016-04-28 10:00:00,31,11,20
2016-04-28 11:00:00,30,10,20
2016-04-28 12:00:00,21,9,12
2016-04-28 13:00:00,24,8,16
2016-04-28 14:00:00,28,18,10
2016-04-28 15:00:00,50,40,10
2016-04-28 16:00:00,124,98,26
2016-04-28 17:00:00,202,170,32
2016-04-28 18:00:00,138,109,29
2016-04-28 19:00:00,46,33,13
2016-04-28 20:00:00,22,18,4
2016-04-28 21:00:00,13,11,2
2016-04-28 22:00:00,6,4,2
2016-04-28 23:00:00,5,4,1
2016-04-29 00:00:00,8,5,3
2016-04-29 01:00:00,1,1,0
2016-04-29 02:00:00,0,0,0
2016-04-29 03:00:00,1,0,1
2016-04-29 04:00:00,7,2,5
2016-04-29 05:00:00,27,5,22
2016-04-29 06:00:00,114,14,100
2016-04-29 07:00:00,193,17,176
2016-04-29 08:00:00,168,11,157
2016-04-29 09:00:00,70,7,63
2016-04-29 10:00:00,33,4,29
2016-04-29 11:00:00,16,5,11
2016-04-29 12:00:00,8,5,3
2016-04-29 13:00:00,21,13,8
2016-04-29 14:00:00,30,19,11
2016-04-29 15:00:00,76,61,15
2016-04-29 16:00:00,144,126,18
2016-04-29 17:00:00,211,188,23
2016-04-29 18:00:00,139,114,25
2016-04-29 19:00:00,48,34,14
2016-04-29 20:00:00,29,19,10
2016-04-29 21:00:00,10,6,4
2016-04-29 22:00:00,16,14,2
2016-04-29 23:00:00,13,11,2
2016-04-30 00:00:00,7,6,1
2016-04-30 01:00:00,3,2,1
2016-04-30 02:00:00,1,0,1
2016-04-30 03:00:00,1,1,0
2016-04-30 04:00:00,1,0,1
2016-04-30 05:00:00,4,0,4
2016-04-30 06:00:00,11,2,9
2016-04-30 07:00:00,29,7,22
2016-04-30 08:00:00,34,13,21
2016-04-30 09:00:00,56,22,34
2016-04-30 10:00:00,57,23,34
2016-04-30 11:00:00,63,33,30
2016-04-30 12:00:00,85,39,46
2016-04-30 13:00:00,78,40,38
2016-04-30 14:00:00,84,48,36
2016-04-30 15:00:00,95,56,39
2016-04-30 16:00:00,70,39,31
2016-04-30 17:00:00,64,26,38
2016-04-30 18:00:00,44,21,23
2016-04-30 19:00:00,25,13,12
2016-04-30 20:00:00,12,9,3
2016-04-30 21:00:00,16,7,9
2016-04-30 22:00:00,17,14,3
2016-04-30 23:00:00,8,5,3
2016-05-01 00:00:00,3,3,0
2016-05-01 01:00:00,3,0,3
2016-05-01 02:00:00,3,3,0
2016-05-01 03:00:00,5,4,1
2016-05-01 04:00:00,4,1,3
2016-05-01 05:00:00,4,0,4
2016-05-01 06:00:00,9,0,9
2016-05-01 07:00:00,14,5,9
2016-05-01 08:00:00,44,10,34
2016-05-01 09:00:00,100,34,66
2016-05-01 10:00:00,88,44,44
2016-05-01 11:00:00,105,59,46
2016-05-01 12:00:00,96,54,42
2016-05-01 13:00:00,126,68,58
2016-05-01 14:00:00,116,65,51
2016-05-01 15:00:00,120,71,49
2016-05-01 16:00:00,88,50,38
2016-05-01 17:00:00,76,37,39
2016-05-01 18:00:00,47,20,27
2016-05-01 19:00:00,41,21,20
2016-05-01 20:00:00,21,15,6
2016-05-01 21:00:00,8,5,3
2016-05-01 22:00:00,7,1,6
2016-05-01 23:00:00,4,3,1
2016-05-02 00:00:00,4,2,2
2016-05-02 01:00:00,4,3,1
2016-05-02 02:00:00,2,2,0
2016-05-02 03:00:00,2,2,0
2016-05-02 04:00:00,10,1,9
2016-05-02 05:00:00,40,7,33
2016-05-02 06:00:00,177,18,159
2016-05-02 07:00:00,366,36,330
2016-05-02 08:00:00,313,37,276
2016-05-02 09:00:00,99,16,83
2016-05-02 10:00:00,57,13,44
2016-05-02 11:00:00,56,29,27
2016-05-02 12:00:00,50,26,24
2016-05-02 13:00:00,51,23,28
2016-05-02 14:00:00,62,43,19
2016-05-02 15:00:00,93,65,28
2016-05-02 16:00:00,248,202,46
2016-05-02 17:00:00,431,367,64
2016-05-02 18:00:00,257,223,34
2016-05-02 19:00:00,103,80,23
2016-05-02 20:00:00,48,33,15
2016-05-02 21:00:00,33,24,9
2016-05-02 22:00:00,14,8,6
2016-05-02 23:00:00,5,3,2
2016-05-03 00:00:00,2,1,1
2016-05-03 01:00:00,2,2,0
2016-05-03 02:00:00,1,0,1
2016-05-03 03:00:00,5,5,0
2016-05-03 04:00:00,12,4,8
2016-05-03 05:00:00,45,6,39
2016-05-03 06:00:00,189,20,169
2016-05-03 07:00:00,350,35,315
2016-05-03 08:00:00,310,26,284
2016-05-03 09:00:00,99,19,80
2016-05-03 10:00:00,35,6,29
2016-05-03 11:00:00,36,20,16
2016-05-03 12:00:00,30,9,21
2016-05-03 13:00:00,26,16,10
2016-05-03 14:00:00,48,28,20
2016-05-03 15:00:00,95,73,22
2016-05-03 16:00:00,219,176,43
2016-05-03 17:00:00,414,364,50
2016-05-03 18:00:00,242,216,26
2016-05-03 19:00:00,74,61,13
2016-05-03 20:00:00,31,24,7
2016-05-03 21:00:00,23,19,4
2016-05-03 22:00:00,8,7,1
2016-05-03 23:00:00,5,2,3
2016-05-04 00:00:00,5,4,1
2016-05-04 01:00:00,1,0,1
2016-05-04 02:00:00,4,2,2
2016-05-04 03:00:00,3,3,0
2016-05-04 04:00:00,6,2,4
2016-05-04 05:00:00,38,5,33
2016-05-04 06:00:00,170,20,150
2016-05-04 07:00:00,266,29,237
2016-05-04 08:00:00,275,24,251
2016-05-04 09:00:00,96,18,78
2016-05-04 10:00:00,35,7,28
2016-05-04 11:00:00,24,8,16
2016-05-04 12:00:00,26,12,14
2016-05-04 13:00:00,27,12,15
2016-05-04 14:00:00,23,17,6
2016-05-04 15:00:00,87,68,19
2016-05-04 16:00:00,169,147,22
2016-05-04 17:00:00,343,308,35
2016-05-04 18:00:00,189,163,26
2016-05-04 19:00:00,74,60,14
2016-05-04 20:00:00,37,23,14
2016-05-04 21:00:00,9,8,1
2016-05-04 22:00:00,5,4,1
2016-05-04 23:00:00,12,6,6
2016-05-05 00:00:00,5,1,4
2016-05-05 01:00:00,2,1,1
2016-05-05 02:00:00,1,1,0
2016-05-05 03:00:00,1,0,1
2016-05-05 04:00:00,9,1,8
2016-05-05 05:00:00,42,6,36
2016-05-05 06:00:00,170,17,153
2016-05-05 07:00:00,300,30,270
2016-05-05 08:00:00,281,25,256
2016-05-05 09:00:00,109,16,93
2016-05-05 10:00:00,44,8,36
2016-05-05 11:00:00,27,15,12
2016-05-05 12:00:00,43,21,22
2016-05-05 13:00:00,36,22,14
2016-05-05 14:00:00,47,24,23
2016-05-05 15:00:00,81,61,20
2016-05-05 16:00:00,175,147,28
2016-05-05 17:00:00,341,298,43
2016-05-05 18:00:00,199,167,32
2016-05-05 19:00:00,85,71,14
2016-05-05 20:00:00,112,97,15
2016-05-05 21:00:00,94,23,71
2016-05-05 22:00:00,16,13,3
2016-05-05 23:00:00,12,9,3
2016-05-06 00:00:00,10,7,3
2016-05-06 01:00:00,6,5,1
2016-05-06 02:00:00,3,2,1
2016-05-06 03:00:00,2,1,1
2016-05-06 04:00:00,6,1,5
2016-05-06 05:00:00,39,7,32
2016-05-06 06:00:00,128,16,112
2016-05-06 07:00:00,291,23,268
2016-05-06 08:00:00,256,23,233
2016-05-06 09:00:00,98,15,83
2016-05-06 10:00:00,47,10,37
2016-05-06 11:00:00,41,19,22
2016-05-06 12:00:00,43,24,19
2016-05-06 13:00:00,45,22,23
2016-05-06 14:00:00,56,35,21
2016-05-06 15:00:00,118,87,31
2016-05-06 16:00:00,215,175,40
2016-05-06 17:00:00,278,236,42
2016-05-06 18:00:00,170,147,23
2016-05-06 19:00:00,67,50,17
2016-05-06 20:00:00,42,28,14
2016-05-06 21:00:00,21,16,5
2016-05-06 22:00:00,14,8,6
2016-05-06 23:00:00,8,8,0
2016-05-07 00:00:00,12,7,5
2016-05-07 01:00:00,9,4,5
2016-05-07 02:00:00,3,2,1
2016-05-07 03:00:00,4,4,0
2016-05-07 04:00:00,5,3,2
2016-05-07 05:00:00,4,0,4
2016-05-07 06:00:00,11,4,7
2016-05-07 07:00:00,32,8,24
2016-05-07 08:00:00,63,26,37
2016-05-07 09:00:00,76,36,40
2016-05-07 10:00:00,77,35,42
2016-05-07 11:00:00,98,60,38
2016-05-07 12:00:00,115,62,53
2016-05-07 13:00:00,127,78,49
2016-05-07 14:00:00,126,65,61
2016-05-07 15:00:00,110,47,63
2016-05-07 16:00:00,113,64,49
2016-05-07 17:00:00,83,34,49
2016-05-07 18:00:00,55,23,32
2016-05-07 19:00:00,29,17,12
2016-05-07 20:00:00,21,14,7
2016-05-07 21:00:00,23,17,6
2016-05-07 22:00:00,14,9,5
2016-05-07 23:00:00,10,7,3
2016-05-08 00:00:00,4,2,2
2016-05-08 01:00:00,5,4,1
2016-05-08 02:00:00,2,2,0
2016-05-08 03:00:00,2,1,1
2016-05-08 04:00:00,0,0,0
2016-05-08 05:00:00,4,1,3
2016-05-08 06:00:00,5,1,4
2016-05-08 07:00:00,8,2,6
2016-05-08 08:00:00,4,0,4
2016-05-08 09:00:00,17,12,5
2016-05-08 10:00:00,18,6,12
2016-05-08 11:00:00,23,12,11
2016-05-08 12:00:00,22,14,8
2016-05-08 13:00:00,42,22,20
2016-05-08 14:00:00,30,15,15
2016-05-08 15:00:00,24,10,14
2016-05-08 16:00:00,38,19,19
2016-05-08 17:00:00,32,14,18
2016-05-08 18:00:00,14,9,5
2016-05-08 19:00:00,15,7,8
2016-05-08 20:00:00,9,8,1
2016-05-08 21:00:00,9,5,4
2016-05-08 22:00:00,5,5,0
2016-05-08 23:00:00,2,1,1
2016-05-09 00:00:00,0,0,0
2016-05-09 01:00:00,0,0,0
2016-05-09 02:00:00,0,0,0
2016-05-09 03:00:00,3,3,0
2016-05-09 04:00:00,4,2,2
2016-05-09 05:00:00,34,6,28
2016-05-09 06:00:00,126,17,109
2016-05-09 07:00:00,244,20,224
2016-05-09 08:00:00,224,24,200
2016-05-09 09:00:00,91,12,79
2016-05-09 10:00:00,31,5,26
2016-05-09 11:00:00,26,10,16
2016-05-09 12:00:00,35,15,20
2016-05-09 13:00:00,25,11,14
2016-05-09 14:00:00,43,28,15
2016-05-09 15:00:00,75,56,19
2016-05-09 16:00:00,170,136,34
2016-05-09 17:00:00,292,266,26
2016-05-09 18:00:00,187,164,23
2016-05-09 19:00:00,62,46,16
2016-05-09 20:00:00,42,22,20
2016-05-09 21:00:00,14,10,4
2016-05-09 22:00:00,11,7,4
2016-05-09 23:00:00,9,7,2
2016-05-10 00:00:00,8,5,3
2016-05-10 01:00:00,1,1,0
2016-05-10 02:00:00,3,2,1
2016-05-10 03:00:00,1,1,0
2016-05-10 04:00:00,9,2,7
2016-05-10 05:00:00,35,4,31
2016-05-10 06:00:00,139,20,119
2016-05-10 07:00:00,251,23,228
2016-05-10 08:00:00,244,34,210
2016-05-10 09:00:00,78,8,70
2016-05-10 10:00:00,39,11,28
2016-05-10 11:00:00,23,10,13
2016-05-10 12:00:00,31,18,13
2016-05-10 13:00:00,37,16,21
2016-05-10 14:00:00,48,28,20
2016-05-10 15:00:00,81,54,27
2016-05-10 16:00:00,164,137,27
2016-05-10 17:00:00,293,244,49
2016-05-10 18:00:00,194,166,28
2016-05-10 19:00:00,75,61,14
2016-05-10 20:00:00,32,18,14
2016-05-10 21:00:00,26,18,8
2016-05-10 22:00:00,11,8,3
2016-05-10 23:00:00,7,4,3
2016-05-11 00:00:00,5,3,2
2016-05-11 01:00:00,2,1,1
2016-05-11 02:00:00,2,2,0
2016-05-11 03:00:00,4,2,2
2016-05-11 04:00:00,7,2,5
2016-05-11 05:00:00,41,7,34
2016-05-11 06:00:00,117,18,99
2016-05-11 07:00:00,234,19,215
2016-05-11 08:00:00,206,21,185
2016-05-11 09:00:00,79,14,65
2016-05-11 10:00:00,50,12,38
2016-05-11 11:00:00,34,16,18
2016-05-11 12:00:00,43,13,30
2016-05-11 13:00:00,42,25,17
2016-05-11 14:00:00,56,35,21
2016-05-11 15:00:00,63,47,16
2016-05-11 16:00:00,188,156,32
2016-05-11 17:00:00,295,248,47
2016-05-11 18:00:00,186,152,34
2016-05-11 19:00:00,77,51,26
2016-05-11 20:00:00,37,21,16
2016-05-11 21:00:00,29,26,3
2016-05-11 22:00:00,4,2,2
2016-05-11 23:00:00,5,5,0
2016-05-12 00:00:00,2,1,1
2016-05-12 01:00:00,1,1,0
2016-05-12 02:00:00,3,2,1
2016-05-12 03:00:00,2,1,1
2016-05-12 04:00:00,7,2,5
2016-05-12 05:00:00,34,6,28
2016-05-12 06:00:00,117,20,97
2016-05-12 07:00:00,238,22,216
2016-05-12 08:00:00,213,21,192
2016-05-12 09:00:00,97,12,85
2016-05-12 10:00:00,32,8,24
2016-05-12 11:00:00,36,20,16
2016-05-12 12:00:00,35,13,22
2016-05-12 13:00:00,40,17,23
2016-05-12 14:00:00,39,23,16
2016-05-12 15:00:00,73,53,20
2016-05-12 16:00:00,129,101,28
2016-05-12 17:00:00,263,230,33
2016-05-12 18:00:00,193,170,23
2016-05-12 19:00:00,80,59,21
2016-05-12 20:00:00,57,38,19
2016-05-12 21:00:00,31,19,12
2016-05-12 22:00:00,11,8,3
2016-05-12 23:00:00,7,5,2
2016-05-13 00:00:00,6,1,5
2016-05-13 01:00:00,2,1,1
2016-05-13 02:00:00,4,4,0
2016-05-13 03:00:00,0,0,0
2016-05-13 04:00:00,7,3,4
2016-05-13 05:00:00,32,4,28
2016-05-13 06:00:00,105,19,86
2016-05-13 07:00:00,206,25,181
2016-05-13 08:00:00,174,20,154
2016-05-13 09:00:00,77,14,63
2016-05-13 10:00:00,39,8,31
2016-05-13 11:00:00,38,18,20
2016-05-13 12:00:00,42,28,14
2016-05-13 13:00:00,53,26,27
2016-05-13 14:00:00,45,23,22
2016-05-13 15:00:00,82,51,31
2016-05-13 16:00:00,155,127,28
2016-05-13 17:00:00,213,182,31
2016-05-13 18:00:00,115,99,16
2016-05-13 19:00:00,61,46,15
2016-05-13 20:00:00,34,22,12
2016-05-13 21:00:00,16,10,6
2016-05-13 22:00:00,16,10,6
2016-05-13 23:00:00,9,8,1
2016-05-14 00:00:00,9,4,5
2016-05-14 01:00:00,2,2,0
2016-05-14 02:00:00,4,2,2
2016-05-14 03:00:00,1,1,0
2016-05-14 04:00:00,4,2,2
2016-05-14 05:00:00,10,3,7
2016-05-14 06:00:00,18,4,14
2016-05-14 07:00:00,31,12,19
2016-05-14 08:00:00,41,12,29
2016-05-14 09:00:00,43,24,19
2016-05-14 10:00:00,65,42,23
2016-05-14 11:00:00,59,24,35
2016-05-14 12:00:00,43,20,23
2016-05-14 13:00:00,33,16,17
2016-05-14 14:00:00,38,11,27
2016-05-14 15:00:00,19,10,9
2016-05-14 16:00:00,13,10,3
2016-05-14 17:00:00,30,18,12
2016-05-14 18:00:00,16,13,3
2016-05-14 19:00:00,13,8,5
2016-05-14 20:00:00,10,4,6
2016-05-14 21:00:00,5,5,0
2016-05-14 22:00:00,1,0,1
2016-05-14 23:00:00,4,3,1
2016-05-15 00:00:00,2,0,2
2016-05-15 01:00:00,0,0,0
2016-05-15 02:00:00,1,1,0
2016-05-15 03:00:00,2,2,0
2016-05-15 04:00:00,1,1,0
2016-05-15 05:00:00,3,0,3
2016-05-15 06:00:00,7,1,6
2016-05-15 07:00:00,19,5,14
2016-05-15 08:00:00,19,8,11
2016-05-15 09:00:00,28,19,9
2016-05-15 10:00:00,33,17,16
2016-05-15 11:00:00,36,17,19
2016-05-15 12:00:00,47,22,25
2016-05-15 13:00:00,49,27,22
2016-05-15 14:00:00,43,14,29
2016-05-15 15:00:00,30,21,9
2016-05-15 16:00:00,29,18,11
2016-05-15 17:00:00,22,11,11
2016-05-15 18:00:00,16,10,6
2016-05-15 19:00:00,9,3,6
2016-05-15 20:00:00,5,4,1
2016-05-15 21:00:00,6,4,2
2016-05-15 22:00:00,1,1,0
2016-05-15 23:00:00,5,2,3
2016-05-16 00:00:00,0,0,0
2016-05-16 01:00:00,3,2,1
2016-05-16 02:00:00,4,2,2
2016-05-16 03:00:00,2,2,0
2016-05-16 04:00:00,3,1,2
2016-05-16 05:00:00,22,2,20
2016-05-16 06:00:00,80,9,71
2016-05-16 07:00:00,149,17,132
2016-05-16 08:00:00,161,11,150
2016-05-16 09:00:00,56,7,49
2016-05-16 10:00:00,16,3,13
2016-05-16 11:00:00,21,8,13
2016-05-16 12:00:00,20,10,10
2016-05-16 13:00:00,11,6,5
2016-05-16 14:00:00,30,17,13
2016-05-16 15:00:00,32,25,7
2016-05-16 16:00:00,103,82,21
2016-05-16 17:00:00,195,166,29
2016-05-16 18:00:00,132,113,19
2016-05-16 19:00:00,50,41,9
2016-05-16 20:00:00,29,17,12
2016-05-16 21:00:00,11,8,3
2016-05-16 22:00:00,6,5,1
2016-05-16 23:00:00,6,3,3
2016-05-17 00:00:00,2,1,1
2016-05-17 01:00:00,4,2,2
2016-05-17 02:00:00,0,0,0
2016-05-17 03:00:00,2,2,0
2016-05-17 04:00:00,13,4,9
2016-05-17 05:00:00,29,3,26
2016-05-17 06:00:00,112,15,97
2016-05-17 07:00:00,222,26,196
2016-05-17 08:00:00,215,21,194
2016-05-17 09:00:00,78,10,68
2016-05-17 10:00:00,40,13,27
2016-05-17 11:00:00,30,10,20
2016-05-17 12:00:00,23,9,14
2016-05-17 13:00:00,31,11,20
2016-05-17 14:00:00,42,28,14
2016-05-17 15:00:00,54,41,13
2016-05-17 16:00:00,150,124,26
2016-05-17 17:00:00,297,255,42
2016-05-17 18:00:00,174,153,21
2016-05-17 19:00:00,81,59,22
2016-05-17 20:00:00,35,22,13
2016-05-17 21:00:00,22,16,6
2016-05-17 22:00:00,12,3,9
2016-05-17 23:00:00,4,3,1
2016-05-18 00:00:00,2,1,1
2016-05-18 01:00:00,1,0,1
2016-05-18 02:00:00,4,3,1
2016-05-18 03:00:00,3,3,0
2016-05-18 04:00:00,4,1,3
2016-05-18 05:00:00,33,2,31
2016-05-18 06:00:00,104,10,94
2016-05-18 07:00:00,216,22,194
2016-05-18 08:00:00,203,18,185
2016-05-18 09:00:00,69,10,59
2016-05-18 10:00:00,36,14,22
2016-05-18 11:00:00,23,10,13
2016-05-18 12:00:00,28,12,16
2016-05-18 13:00:00,24,11,13
2016-05-18 14:00:00,33,20,13
2016-05-18 15:00:00,52,34,18
2016-05-18 16:00:00,159,123,36
2016-05-18 17:00:00,243,224,19
2016-05-18 18:00:00,132,107,25
2016-05-18 19:00:00,54,40,14
2016-05-18 20:00:00,40,24,16
2016-05-18 21:00:00,21,17,4
2016-05-18 22:00:00,5,5,0
2016-05-18 23:00:00,5,4,1
2016-05-19 00:00:00,4,2,2
2016-05-19 01:00:00,2,1,1
2016-05-19 02:00:00,0,0,0
2016-05-19 03:00:00,0,0,0
2016-05-19 04:00:00,4,1,3
2016-05-19 05:00:00,17,3,14
2016-05-19 06:00:00,62,12,50
2016-05-19 07:00:00,150,14,136
2016-05-19 08:00:00,154,13,141
2016-05-19 09:00:00,42,6,36
2016-05-19 10:00:00,24,5,19
2016-05-19 11:00:00,25,11,14
2016-05-19 12:00:00,9,4,5
2016-05-19 13:00:00,22,15,7
2016-05-19 14:00:00,31,16,15
2016-05-19 15:00:00,31,23,8
2016-05-19 16:00:00,76,64,12
2016-05-19 17:00:00,171,152,19
2016-05-19 18:00:00,92,74,18
2016-05-19 19:00:00,46,38,8
2016-05-19 20:00:00,17,12,5
2016-05-19 21:00:00,9,5,4
2016-05-19 22:00:00,2,2,0
2016-05-19 23:00:00,3,2,1
2016-05-20 00:00:00,4,4,0
2016-05-20 01:00:00,0,0,0
2016-05-20 02:00:00,1,1,0
2016-05-20 03:00:00,0,0,0
2016-05-20 04:00:00,2,0,2
2016-05-20 05:00:00,29,1,28
2016-05-20 06:00:00,115,14,101
2016-05-20 07:00:00,197,14,183
2016-05-20 08:00:00,229,18,211
2016-05-20 09:00:00,79,18,61
2016-05-20 10:00:00,23,9,14
2016-05-20 11:00:00,36,20,16
2016-05-20 12:00:00,46,27,19
2016-05-20 13:00:00,45,19,26
2016-05-20 14:00:00,54,33,21
2016-05-20 15:00:00,70,55,15
2016-05-20 16:00:00,149,118,31
2016-05-20 17:00:00,250,214,36
2016-05-20 18:00:00,131,113,18
2016-05-20 19:00:00,42,33,9
2016-05-20 20:00:00,33,24,9
2016-05-20 21:00:00,9,6,3
2016-05-20 22:00:00,16,9,7
2016-05-20 23:00:00,10,7,3
2016-05-21 00:00:00,8,6,2
2016-05-21 01:00:00,9,6,3
2016-05-21 02:00:00,5,4,1
2016-05-21 03:00:00,0,0,0
2016-05-21 04:00:00,1,0,1
2016-05-21 05:00:00,7,3,4
2016-05-21 06:00:00,9,2,7
2016-05-21 07:00:00,14,5,9
2016-05-21 08:00:00,6,4,2
2016-05-21 09:00:00,13,5,8
2016-05-21 10:00:00,5,1,4
2016-05-21 11:00:00,15,6,9
2016-05-21 12:00:00,10,5,5
2016-05-21 13:00:00,18,10,8
2016-05-21 14:00:00,15,6,9
2016-05-21 15:00:00,18,5,13
2016-05-21 16:00:00,23,11,12
2016-05-21 17:00:00,22,13,9
2016-05-21 18:00:00,14,8,6
2016-05-21 19:00:00,4,0,4
2016-05-21 20:00:00,7,3,4
2016-05-21 21:00:00,9,6,3
2016-05-21 22:00:00,4,3,1
2016-05-21 23:00:00,5,4,1
2016-05-22 00:00:00,5,4,1
2016-05-22 01:00:00,0,0,0
2016-05-22 02:00:00,2,2,0
2016-05-22 03:00:00,1,0,1
2016-05-22 04:00:00,3,2,1
2016-05-22 05:00:00,4,0,4
2016-05-22 06:00:00,11,3,8
2016-05-22 07:00:00,12,1,11
2016-05-22 08:00:00,33,23,10
2016-05-22 09:00:00,16,9,7
2016-05-22 10:00:00,45,21,24
2016-05-22 11:00:00,53,20,33
2016-05-22 12:00:00,71,42,29
2016-05-22 13:00:00,57,20,37
2016-05-22 14:00:00,75,41,34
2016-05-22 15:00:00,77,39,38
2016-05-22 16:00:00,54,34,20
2016-05-22 17:00:00,53,26,27
2016-05-22 18:00:00,25,13,12
2016-05-22 19:00:00,22,11,11
2016-05-22 20:00:00,13,7,6
2016-05-22 21:00:00,9,3,6
2016-05-22 22:00:00,6,4,2
2016-05-22 23:00:00,4,4,0
2016-05-23 00:00:00,1,1,0
2016-05-23 01:00:00,6,3,3
2016-05-23 02:00:00,1,1,0
2016-05-23 03:00:00,0,0,0
2016-05-23 04:00:00,8,2,6
2016-05-23 05:00:00,29,5,24
2016-05-23 06:00:00,97,14,83
2016-05-23 07:00:00,199,12,187
2016-05-23 08:00:00,198,15,183
2016-05-23 09:00:00,70,11,59
2016-05-23 10:00:00,24,7,17
2016-05-23 11:00:00,21,10,11
2016-05-23 12:00:00,20,7,13
2016-05-23 13:00:00,28,16,12
2016-05-23 14:00:00,21,13,8
2016-05-23 15:00:00,45,30,15
2016-05-23 16:00:00,142,115,27
2016-05-23 17:00:00,247,222,25
2016-05-23 18:00:00,151,133,18
2016-05-23 19:00:00,51,38,13
2016-05-23 20:00:00,30,18,12
2016-05-23 21:00:00,16,11,5
2016-05-23 22:00:00,12,10,2
2016-05-23 23:00:00,9,5,4
2016-05-24 00:00:00,1,1,0
2016-05-24 01:00:00,0,0,0
2016-05-24 02:00:00,5,4,1
2016-05-24 03:00:00,1,1,0
2016-05-24 04:00:00,7,1,6
2016-05-24 05:00:00,37,5,32
2016-05-24 06:00:00,112,13,99
2016-05-24 07:00:00,233,25,208
2016-05-24 08:00:00,206,24,182
2016-05-24 09:00:00,66,11,55
2016-05-24 10:00:00,26,8,18
2016-05-24 11:00:00,35,12,23
2016-05-24 12:00:00,24,11,13
2016-05-24 13:00:00,22,13,9
2016-05-24 14:00:00,27,18,9
2016-05-24 15:00:00,57,41,16
2016-05-24 16:00:00,147,123,24
2016-05-24 17:00:00,251,226,25
2016-05-24 18:00:00,146,123,23
2016-05-24 19:00:00,66,58,8
2016-05-24 20:00:00,24,17,7
2016-05-24 21:00:00,22,18,4
2016-05-24 22:00:00,12,9,3
2016-05-24 23:00:00,6,6,0
2016-05-25 00:00:00,1,0,1
2016-05-25 01:00:00,4,2,2
2016-05-25 02:00:00,2,1,1
2016-05-25 03:00:00,0,0,0
2016-05-25 04:00:00,5,0,5
2016-05-25 05:00:00,39,3,36
2016-05-25 06:00:00,110,15,95
2016-05-25 07:00:00,182,22,160
2016-05-25 08:00:00,191,17,174
2016-05-25 09:00:00,64,7,57
2016-05-25 10:00:00,34,6,28
2016-05-25 11:00:00,31,18,13
2016-05-25 12:00:00,41,29,12
2016-05-25 13:00:00,28,15,13
2016-05-25 14:00:00,31,24,7
2016-05-25 15:00:00,57,42,15
2016-05-25 16:00:00,123,99,24
2016-05-25 17:00:00,234,203,31
2016-05-25 18:00:00,134,108,26
2016-05-25 19:00:00,62,52,10
2016-05-25 20:00:00,33,24,9
2016-05-25 21:00:00,14,14,0
2016-05-25 22:00:00,4,3,1
2016-05-25 23:00:00,9,6,3
2016-05-26 00:00:00,3,1,2
2016-05-26 01:00:00,3,3,0
2016-05-26 02:00:00,3,2,1
2016-05-26 03:00:00,2,1,1
2016-05-26 04:00:00,4,0,4
2016-05-26 05:00:00,31,3,28
2016-05-26 06:00:00,92,10,82
2016-05-26 07:00:00,177,18,159
2016-05-26 08:00:00,169,15,154
2016-05-26 09:00:00,44,5,39
2016-05-26 10:00:00,27,11,16
2016-05-26 11:00:00,16,5,11
2016-05-26 12:00:00,22,10,12
2016-05-26 13:00:00,18,9,9
2016-05-26 14:00:00,26,14,12
2016-05-26 15:00:00,38,27,11
2016-05-26 16:00:00,96,78,18
2016-05-26 17:00:00,187,165,22
2016-05-26 18:00:00,127,106,21
2016-05-26 19:00:00,96,83,13
2016-05-26 20:00:00,28,20,8
2016-05-26 21:00:00,22,18,4
2016-05-26 22:00:00,17,8,9
2016-05-26 23:00:00,8,6,2
2016-05-27 00:00:00,5,2,3
2016-05-27 01:00:00,1,0,1
2016-05-27 02:00:00,1,1,0
2016-05-27 03:00:00,1,1,0
2016-05-27 04:00:00,1,0,1
2016-05-27 05:00:00,15,4,11
2016-05-27 06:00:00,50,6,44
2016-05-27 07:00:00,111,9,102
2016-05-27 08:00:00,117,10,107
2016-05-27 09:00:00,49,9,40
2016-05-27 10:00:00,27,10,17
2016-05-27 11:00:00,20,12,8
2016-05-27 12:00:00,32,17,15
2016-05-27 13:00:00,27,12,15
2016-05-27 14:00:00,35,19,16
2016-05-27 15:00:00,64,54,10
2016-05-27 16:00:00,94,74,20
2016-05-27 17:00:00,96,86,10
2016-05-27 18:00:00,72,65,7
2016-05-27 19:00:00,30,19,11
2016-05-27 20:00:00,12,11,1
2016-05-27 21:00:00,21,9,12
2016-05-27 22:00:00,9,7,2
2016-05-27 23:00:00,4,3,1
2016-05-28 00:00:00,12,11,1
2016-05-28 01:00:00,2,0,2
2016-05-28 02:00:00,1,0,1
2016-05-28 03:00:00,1,1,0
2016-05-28 04:00:00,2,2,0
2016-05-28 05:00:00,4,0,4
2016-05-28 06:00:00,7,1,6
2016-05-28 07:00:00,17,4,13
2016-05-28 08:00:00,22,5,17
2016-05-28 09:00:00,44,32,12
2016-05-28 10:00:00,36,23,13
2016-05-28 11:00:00,67,23,44
2016-05-28 12:00:00,37,13,24
2016-05-28 13:00:00,28,14,14
2016-05-28 14:00:00,27,14,13
2016-05-28 15:00:00,39,21,18
2016-05-28 16:00:00,21,10,11
2016-05-28 17:00:00,28,14,14
2016-05-28 18:00:00,17,7,10
2016-05-28 19:00:00,8,4,4
2016-05-28 20:00:00,7,5,2
2016-05-28 21:00:00,9,5,4
2016-05-28 22:00:00,11,8,3
2016-05-28 23:00:00,6,4,2
2016-05-29 00:00:00,5,5,0
2016-05-29 01:00:00,1,0,1
2016-05-29 02:00:00,1,1,0
2016-05-29 03:00:00,5,5,0
2016-05-29 04:00:00,4,2,2
2016-05-29 05:00:00,5,2,3
2016-05-29 06:00:00,2,0,2
2016-05-29 07:00:00,7,1,6
2016-05-29 08:00:00,17,5,12
2016-05-29 09:00:00,9,3,6
2016-05-29 10:00:00,6,4,2
2016-05-29 11:00:00,19,11,8
2016-05-29 12:00:00,25,9,16
2016-05-29 13:00:00,19,10,9
2016-05-29 14:00:00,20,13,7
2016-05-29 15:00:00,26,11,15
2016-05-29 16:00:00,35,18,17
2016-05-29 17:00:00,30,22,8
2016-05-29 18:00:00,13,6,7
2016-05-29 19:00:00,18,10,8
2016-05-29 20:00:00,5,3,2
2016-05-29 21:00:00,12,10,2
2016-05-29 22:00:00,2,2,0
2016-05-29 23:00:00,1,0,1
2016-05-30 00:00:00,2,1,1
2016-05-30 01:00:00,1,1,0
2016-05-30 02:00:00,1,0,1
2016-05-30 03:00:00,1,0,1
2016-05-30 04:00:00,1,1,0
2016-05-30 05:00:00,7,0,7
2016-05-30 06:00:00,17,5,12
2016-05-30 07:00:00,19,6,13
2016-05-30 08:00:00,46,19,27
2016-05-30 09:00:00,65,29,36
2016-05-30 10:00:00,78,38,40
2016-05-30 11:00:00,108,58,50
2016-05-30 12:00:00,125,67,58
2016-05-30 13:00:00,107,49,58
2016-05-30 14:00:00,117,56,61
2016-05-30 15:00:00,104,62,42
2016-05-30 16:00:00,93,33,60
2016-05-30 17:00:00,75,42,33
2016-05-30 18:00:00,48,28,20
2016-05-30 19:00:00,29,18,11
2016-05-30 20:00:00,27,12,15
2016-05-30 21:00:00,18,7,11
2016-05-30 22:00:00,5,3,2
2016-05-30 23:00:00,6,2,4
2016-05-31 00:00:00,7,5,2
2016-05-31 01:00:00,1,0,1
2016-05-31 02:00:00,2,1,1
2016-05-31 03:00:00,1,0,1
2016-05-31 04:00:00,10,3,7
2016-05-31 05:00:00,31,4,27
2016-05-31 06:00:00,99,11,88
2016-05-31 07:00:00,197,19,178
2016-05-31 08:00:00,202,30,172
2016-05-31 09:00:00,69,9,60
2016-05-31 10:00:00,27,4,23
2016-05-31 11:00:00,32,19,13
2016-05-31 12:00:00,39,24,15
2016-05-31 13:00:00,38,19,19
2016-05-31 14:00:00,29,16,13
2016-05-31 15:00:00,71,48,23
2016-05-31 16:00:00,149,118,31
2016-05-31 17:00:00,246,216,30
2016-05-31 18:00:00,158,134,24
2016-05-31 19:00:00,66,49,17
2016-05-31 20:00:00,38,24,14
2016-05-31 21:00:00,22,15,7
2016-05-31 22:00:00,11,6,5
2016-05-31 23:00:00,6,5,1
2016-06-01 00:00:00,3,1,2
2016-06-01 01:00:00,2,0,2
2016-06-01 02:00:00,3,2,1
2016-06-01 03:00:00,1,1,0
2016-06-01 04:00:00,13,3,10
2016-06-01 05:00:00,32,4,28
2016-06-01 06:00:00,131,16,115
2016-06-01 07:00:00,215,20,195
2016-06-01 08:00:00,165,17,148
2016-06-01 09:00:00,60,16,44
2016-06-01 10:00:00,62,31,31
2016-06-01 11:00:00,27,12,15
2016-06-01 12:00:00,48,16,32
2016-06-01 13:00:00,32,13,19
2016-06-01 14:00:00,40,21,19
2016-06-01 15:00:00,72,40,32
2016-06-01 16:00:00,146,125,21
2016-06-01 17:00:00,244,220,24
2016-06-01 18:00:00,148,130,18
2016-06-01 19:00:00,56,40,16
2016-06-01 20:00:00,28,22,6
2016-06-01 21:00:00,19,13,6
2016-06-01 22:00:00,6,4,2
2016-06-01 23:00:00,6,2,4
2016-06-02 00:00:00,3,3,0
2016-06-02 01:00:00,2,0,2
2016-06-02 02:00:00,2,2,0
2016-06-02 03:00:00,1,1,0
2016-06-02 04:00:00,6,1,5
2016-06-02 05:00:00,23,2,21
2016-06-02 06:00:00,89,11,78
2016-06-02 07:00:00,159,12,147
2016-06-02 08:00:00,156,16,140
2016-06-02 09:00:00,44,3,41
2016-06-02 10:00:00,19,5,14
2016-06-02 11:00:00,17,8,9
2016-06-02 12:00:00,19,8,11
2016-06-02 13:00:00,26,8,18
2016-06-02 14:00:00,29,18,11
2016-06-02 15:00:00,43,25,18
2016-06-02 16:00:00,90,75,15
2016-06-02 17:00:00,194,172,22
2016-06-02 18:00:00,145,115,30
2016-06-02 19:00:00,50,38,12
2016-06-02 20:00:00,33,22,11
2016-06-02 21:00:00,7,6,1
2016-06-02 22:00:00,12,10,2
2016-06-02 23:00:00,9,5,4
2016-06-03 00:00:00,1,1,0
2016-06-03 01:00:00,5,3,2
2016-06-03 02:00:00,4,2,2
2016-06-03 03:00:00,1,0,1
2016-06-03 04:00:00,7,2,5
2016-06-03 05:00:00,31,3,28
2016-06-03 06:00:00,95,12,83
2016-06-03 07:00:00,159,13,146
2016-06-03 08:00:00,154,22,132
2016-06-03 09:00:00,58,17,41
2016-06-03 10:00:00,39,14,25
2016-06-03 11:00:00,65,44,21
2016-06-03 12:00:00,45,11,34
2016-06-03 13:00:00,44,27,17
2016-06-03 14:00:00,42,18,24
2016-06-03 15:00:00,65,47,18
2016-06-03 16:00:00,149,117,32
2016-06-03 17:00:00,191,157,34
2016-06-03 18:00:00,118,100,18
2016-06-03 19:00:00,47,35,12
2016-06-03 20:00:00,28,15,13
2016-06-03 21:00:00,18,12,6
2016-06-03 22:00:00,17,12,5
2016-06-03 23:00:00,7,6,1
2016-06-04 00:00:00,7,3,4
2016-06-04 01:00:00,5,2,3
2016-06-04 02:00:00,3,2,1
2016-06-04 03:00:00,2,2,0
2016-06-04 04:00:00,1,0,1
2016-06-04 05:00:00,5,1,4
2016-06-04 06:00:00,14,4,10
2016-06-04 07:00:00,33,9,24
2016-06-04 08:00:00,44,28,16
2016-06-04 09:00:00,68,37,31
2016-06-04 10:00:00,129,50,79
2016-06-04 11:00:00,121,46,75
2016-06-04 12:00:00,86,41,45
2016-06-04 13:00:00,95,42,53
2016-06-04 14:00:00,76,42,34
2016-06-04 15:00:00,79,39,40
2016-06-04 16:00:00,72,38,34
2016-06-04 17:00:00,68,41,27
2016-06-04 18:00:00,44,20,24
2016-06-04 19:00:00,28,19,9
2016-06-04 20:00:00,21,7,14
2016-06-04 21:00:00,12,4,8
2016-06-04 22:00:00,7,3,4
2016-06-04 23:00:00,8,7,1
2016-06-05 00:00:00,8,7,1
2016-06-05 01:00:00,4,3,1
2016-06-05 02:00:00,4,3,1
2016-06-05 03:00:00,4,3,1
2016-06-05 04:00:00,1,0,1
2016-06-05 05:00:00,6,2,4
2016-06-05 06:00:00,17,6,11
2016-06-05 07:00:00,21,6,15
2016-06-05 08:00:00,54,18,36
2016-06-05 09:00:00,70,44,26
2016-06-05 10:00:00,73,29,44
2016-06-05 11:00:00,86,49,37
2016-06-05 12:00:00,104,68,36
2016-06-05 13:00:00,100,53,47
2016-06-05 14:00:00,98,48,50
2016-06-05 15:00:00,66,31,35
2016-06-05 16:00:00,54,30,24
2016-06-05 17:00:00,50,20,30
2016-06-05 18:00:00,46,20,26
2016-06-05 19:00:00,18,8,10
2016-06-05 20:00:00,28,11,17
2016-06-05 21:00:00,9,6,3
2016-06-05 22:00:00,9,6,3
2016-06-05 23:00:00,2,1,1
2016-06-06 00:00:00,1,0,1
2016-06-06 01:00:00,2,1,1
2016-06-06 02:00:00,1,1,0
2016-06-06 03:00:00,2,1,1
2016-06-06 04:00:00,6,1,5
2016-06-06 05:00:00,34,3,31
2016-06-06 06:00:00,98,11,87
2016-06-06 07:00:00,191,20,171
2016-06-06 08:00:00,179,22,157
2016-06-06 09:00:00,65,10,55
2016-06-06 10:00:00,32,14,18
2016-06-06 11:00:00,26,15,11
2016-06-06 12:00:00,36,13,23
2016-06-06 13:00:00,23,9,14
2016-06-06 14:00:00,32,22,10
2016-06-06 15:00:00,69,48,21
2016-06-06 16:00:00,128,103,25
2016-06-06 17:00:00,226,200,26
2016-06-06 18:00:00,163,145,18
2016-06-06 19:00:00,63,48,15
2016-06-06 20:00:00,59,29,30
2016-06-06 21:00:00,12,9,3
2016-06-06 22:00:00,21,13,8
2016-06-06 23:00:00,5,4,1
2016-06-07 00:00:00,2,1,1
2016-06-07 01:00:00,0,0,0
2016-06-07 02:00:00,5,2,3
2016-06-07 03:00:00,0,0,0
2016-06-07 04:00:00,10,3,7
2016-06-07 05:00:00,45,4,41
2016-06-07 06:00:00,113,17,96
2016-06-07 07:00:00,215,24,191
2016-06-07 08:00:00,162,19,143
2016-06-07 09:00:00,85,14,71
2016-06-07 10:00:00,39,8,31
2016-06-07 11:00:00,27,14,13
2016-06-07 12:00:00,25,16,9
2016-06-07 13:00:00,36,20,16
2016-06-07 14:00:00,37,21,16
2016-06-07 15:00:00,71,38,33
2016-06-07 16:00:00,135,113,22
2016-06-07 17:00:00,244,202,42
2016-06-07 18:00:00,148,119,29
2016-06-07 19:00:00,73,56,17
2016-06-07 20:00:00,47,34,13
2016-06-07 21:00:00,28,20,8
2016-06-07 22:00:00,15,12,3
2016-06-07 23:00:00,9,5,4
2016-06-08 00:00:00,2,1,1
2016-06-08 01:00:00,0,0,0
2016-06-08 02:00:00,7,4,3
2016-06-08 03:00:00,2,2,0
2016-06-08 04:00:00,4,2,2
2016-06-08 05:00:00,39,6,33
2016-06-08 06:00:00,105,8,97
2016-06-08 07:00:00,182,23,159
2016-06-08 08:00:00,171,17,154
2016-06-08 09:00:00,62,14,48
2016-06-08 10:00:00,37,10,27
2016-06-08 11:00:00,24,7,17
2016-06-08 12:00:00,35,21,14
2016-06-08 13:00:00,37,18,19
2016-06-08 14:00:00,39,26,13
2016-06-08 15:00:00,43,29,14
2016-06-08 16:00:00,118,101,17
2016-06-08 17:00:00,193,174,19
2016-06-08 18:00:00,115,102,13
2016-06-08 19:00:00,63,48,15
2016-06-08 20:00:00,30,21,9
2016-06-08 21:00:00,18,12,6
2016-06-08 22:00:00,6,4,2
2016-06-08 23:00:00,5,5,0
2016-06-09 00:00:00,5,3,2
2016-06-09 01:00:00,4,3,1
2016-06-09 02:00:00,3,1,2
2016-06-09 03:00:00,2,1,1
2016-06-09 04:00:00,2,0,2
2016-06-09 05:00:00,32,5,27
2016-06-09 06:00:00,78,9,69
2016-06-09 07:00:00,163,23,140
2016-06-09 08:00:00,176,23,153
2016-06-09 09:00:00,70,8,62
2016-06-09 10:00:00,31,8,23
2016-06-09 11:00:00,24,12,12
2016-06-09 12:00:00,18,10,8
2016-06-09 13:00:00,29,16,13
2016-06-09 14:00:00,35,23,12
2016-06-09 15:00:00,45,27,18
2016-06-09 16:00:00,126,102,24
2016-06-09 17:00:00,175,158,17
2016-06-09 18:00:00,113,98,15
2016-06-09 19:00:00,59,44,15
2016-06-09 20:00:00,28,24,4
2016-06-09 21:00:00,13,12,1
2016-06-09 22:00:00,7,5,2
2016-06-09 23:00:00,7,6,1
2016-06-10 00:00:00,2,1,1
2016-06-10 01:00:00,4,3,1
2016-06-10 02:00:00,3,2,1
2016-06-10 03:00:00,0,0,0
2016-06-10 04:00:00,3,0,3
2016-06-10 05:00:00,16,3,13
2016-06-10 06:00:00,84,8,76
2016-06-10 07:00:00,121,15,106
2016-06-10 08:00:00,117,10,107
2016-06-10 09:00:00,52,7,45
2016-06-10 10:00:00,25,8,17
2016-06-10 11:00:00,21,7,14
2016-06-10 12:00:00,19,12,7
2016-06-10 13:00:00,22,9,13
2016-06-10 14:00:00,42,36,6
2016-06-10 15:00:00,53,42,11
2016-06-10 16:00:00,96,81,15
2016-06-10 17:00:00,114,96,18
2016-06-10 18:00:00,75,64,11
2016-06-10 19:00:00,25,18,7
2016-06-10 20:00:00,17,11,6
2016-06-10 21:00:00,12,6,6
2016-06-10 22:00:00,6,4,2
2016-06-10 23:00:00,2,1,1
2016-06-11 00:00:00,15,9,6
2016-06-11 01:00:00,1,1,0
2016-06-11 02:00:00,3,2,1
2016-06-11 03:00:00,1,1,0
2016-06-11 04:00:00,2,1,1
2016-06-11 05:00:00,7,0,7
2016-06-11 06:00:00,9,2,7
2016-06-11 07:00:00,19,6,13
2016-06-11 08:00:00,25,10,15
2016-06-11 09:00:00,34,16,18
2016-06-11 10:00:00,34,19,15
2016-06-11 11:00:00,36,19,17
2016-06-11 12:00:00,32,13,19
2016-06-11 13:00:00,63,25,38
2016-06-11 14:00:00,39,18,21
2016-06-11 15:00:00,50,19,31
2016-06-11 16:00:00,31,23,8
2016-06-11 17:00:00,25,16,9
2016-06-11 18:00:00,28,8,20
2016-06-11 19:00:00,8,5,3
2016-06-11 20:00:00,7,2,5
2016-06-11 21:00:00,5,2,3
2016-06-11 22:00:00,8,8,0
2016-06-11 23:00:00,5,4,1
2016-06-12 00:00:00,3,2,1
2016-06-12 01:00:00,1,0,1
2016-06-12 02:00:00,4,2,2
2016-06-12 03:00:00,1,0,1
2016-06-12 04:00:00,2,2,0
2016-06-12 05:00:00,6,0,6
2016-06-12 06:00:00,11,3,8
2016-06-12 07:00:00,25,10,15
2016-06-12 08:00:00,39,11,28
2016-06-12 09:00:00,36,17,19
2016-06-12 10:00:00,84,46,38
2016-06-12 11:00:00,85,37,48
2016-06-12 12:00:00,90,46,44
2016-06-12 13:00:00,76,46,30
2016-06-12 14:00:00,80,43,37
2016-06-12 15:00:00,95,42,53
2016-06-12 16:00:00,64,25,39
2016-06-12 17:00:00,64,26,38
2016-06-12 18:00:00,39,22,17
2016-06-12 19:00:00,26,11,15
2016-06-12 20:00:00,25,13,12
2016-06-12 21:00:00,12,6,6
2016-06-12 22:00:00,4,2,2
2016-06-12 23:00:00,4,4,0
2016-06-13 00:00:00,3,1,2
2016-06-13 01:00:00,4,2,2
2016-06-13 02:00:00,1,0,1
2016-06-13 03:00:00,1,1,0
2016-06-13 04:00:00,4,0,4
2016-06-13 05:00:00,29,5,24
2016-06-13 06:00:00,83,13,70
2016-06-13 07:00:00,173,17,156
2016-06-13 08:00:00,164,14,150
2016-06-13 09:00:00,55,7,48
2016-06-13 10:00:00,18,4,14
2016-06-13 11:00:00,25,16,9
2016-06-13 12:00:00,18,9,9
2016-06-13 13:00:00,23,9,14
2016-06-13 14:00:00,25,12,13
2016-06-13 15:00:00,44,32,12
2016-06-13 16:00:00,108,89,19
2016-06-13 17:00:00,200,184,16
2016-06-13 18:00:00,106,94,12
2016-06-13 19:00:00,46,39,7
2016-06-13 20:00:00,28,20,8
2016-06-13 21:00:00,10,8,2
2016-06-13 22:00:00,8,8,0
2016-06-13 23:00:00,4,3,1
2016-06-14 00:00:00,2,1,1
2016-06-14 01:00:00,1,1,0
2016-06-14 02:00:00,4,1,3
2016-06-14 03:00:00,1,0,1
2016-06-14 04:00:00,6,1,5
2016-06-14 05:00:00,16,1,15
2016-06-14 06:00:00,67,7,60
2016-06-14 07:00:00,140,15,125
2016-06-14 08:00:00,117,8,109
2016-06-14 09:00:00,46,7,39
2016-06-14 10:00:00,27,4,23
2016-06-14 11:00:00,11,7,4
2016-06-14 12:00:00,13,8,5
2016-06-14 13:00:00,12,5,7
2016-06-14 14:00:00,17,9,8
2016-06-14 15:00:00,29,17,12
2016-06-14 16:00:00,84,68,16
2016-06-14 17:00:00,142,120,22
2016-06-14 18:00:00,81,70,11
2016-06-14 19:00:00,35,29,6
2016-06-14 20:00:00,19,14,5
2016-06-14 21:00:00,22,19,3
2016-06-14 22:00:00,9,6,3
2016-06-14 23:00:00,2,1,1
2016-06-15 00:00:00,3,3,0
2016-06-15 01:00:00,4,2,2
2016-06-15 02:00:00,3,2,1
2016-06-15 03:00:00,1,1,0
2016-06-15 04:00:00,9,2,7
2016-06-15 05:00:00,30,4,26
2016-06-15 06:00:00,85,9,76
2016-06-15 07:00:00,151,18,133
2016-06-15 08:00:00,155,9,146
2016-06-15 09:00:00,70,6,64
2016-06-15 10:00:00,24,4,20
2016-06-15 11:00:00,31,10,21
2016-06-15 12:00:00,25,14,11
2016-06-15 13:00:00,29,11,18
2016-06-15 14:00:00,36,20,16
2016-06-15 15:00:00,66,42,24
2016-06-15 16:00:00,112,93,19
2016-06-15 17:00:00,214,183,31
2016-06-15 18:00:00,148,120,28
2016-06-15 19:00:00,74,50,24
2016-06-15 20:00:00,28,18,10
2016-06-15 21:00:00,19,13,6
2016-06-15 22:00:00,10,5,5
2016-06-15 23:00:00,3,2,1
2016-06-16 00:00:00,4,4,0
2016-06-16 01:00:00,4,3,1
2016-06-16 02:00:00,3,2,1
2016-06-16 03:00:00,2,1,1
2016-06-16 04:00:00,6,2,4
2016-06-16 05:00:00,29,4,25
2016-06-16 06:00:00,88,9,79
2016-06-16 07:00:00,144,18,126
2016-06-16 08:00:00,192,23,169
2016-06-16 09:00:00,79,11,68
2016-06-16 10:00:00,28,8,20
2016-06-16 11:00:00,33,15,18
2016-06-16 12:00:00,24,7,17
2016-06-16 13:00:00,23,12,11
2016-06-16 14:00:00,50,28,22
2016-06-16 15:00:00,56,39,17
2016-06-16 16:00:00,122,91,31
2016-06-16 17:00:00,209,173,36
2016-06-16 18:00:00,137,110,27
2016-06-16 19:00:00,109,91,18
2016-06-16 20:00:00,32,22,10
2016-06-16 21:00:00,28,22,6
2016-06-16 22:00:00,24,20,4
2016-06-16 23:00:00,11,3,8
2016-06-17 00:00:00,14,2,12
2016-06-17 01:00:00,7,0,7
2016-06-17 02:00:00,5,4,1
2016-06-17 03:00:00,1,0,1
2016-06-17 04:00:00,3,1,2
2016-06-17 05:00:00,24,9,15
2016-06-17 06:00:00,77,6,71
2016-06-17 07:00:00,147,14,133
2016-06-17 08:00:00,153,18,135
2016-06-17 09:00:00,60,11,49
2016-06-17 10:00:00,22,12,10
2016-06-17 11:00:00,37,12,25
2016-06-17 12:00:00,32,18,14
2016-06-17 13:00:00,41,21,20
2016-06-17 14:00:00,44,27,17
2016-06-17 15:00:00,61,45,16
2016-06-17 16:00:00,111,95,16
2016-06-17 17:00:00,128,113,15
2016-06-17 18:00:00,68,53,15
2016-06-17 19:00:00,42,31,11
2016-06-17 20:00:00,16,11,5
2016-06-17 21:00:00,7,5,2
2016-06-17 22:00:00,3,2,1
2016-06-17 23:00:00,5,3,2
2016-06-18 00:00:00,4,3,1
2016-06-18 01:00:00,0,0,0
2016-06-18 02:00:00,2,0,2
2016-06-18 03:00:00,0,0,0
2016-06-18 04:00:00,3,1,2
2016-06-18 05:00:00,4,0,4
2016-06-18 06:00:00,9,2,7
2016-06-18 07:00:00,21,9,12
2016-06-18 08:00:00,16,7,9
2016-06-18 09:00:00,25,5,20
2016-06-18 10:00:00,22,11,11
2016-06-18 11:00:00,13,7,6
2016-06-18 12:00:00,27,12,15
2016-06-18 13:00:00,21,7,14
2016-06-18 14:00:00,28,14,14
2016-06-18 15:00:00,27,13,14
2016-06-18 16:00:00,24,11,13
2016-06-18 17:00:00,22,13,9
2016-06-18 18:00:00,24,15,9
2016-06-18 19:00:00,12,10,2
2016-06-18 20:00:00,11,8,3
2016-06-18 21:00:00,9,7,2
2016-06-18 22:00:00,5,4,1
2016-06-18 23:00:00,3,3,0
2016-06-19 00:00:00,3,1,2
2016-06-19 01:00:00,0,0,0
2016-06-19 02:00:00,3,2,1
2016-06-19 03:00:00,3,2,1
2016-06-19 04:00:00,0,0,0
2016-06-19 05:00:00,6,1,5
2016-06-19 06:00:00,12,3,9
2016-06-19 07:00:00,29,11,18
2016-06-19 08:00:00,46,15,31
2016-06-19 09:00:00,47,25,22
2016-06-19 10:00:00,79,50,29
2016-06-19 11:00:00,105,58,47
2016-06-19 12:00:00,128,60,68
2016-06-19 13:00:00,116,62,54
2016-06-19 14:00:00,91,51,40
2016-06-19 15:00:00,95,47,48
2016-06-19 16:00:00,70,37,33
2016-06-19 17:00:00,54,24,30
2016-06-19 18:00:00,38,18,20
2016-06-19 19:00:00,20,10,10
2016-06-19 20:00:00,14,8,6
2016-06-19 21:00:00,8,2,6
2016-06-19 22:00:00,10,5,5
2016-06-19 23:00:00,5,0,5
2016-06-20 00:00:00,2,1,1
2016-06-20 01:00:00,1,0,1
2016-06-20 02:00:00,2,0,2
2016-06-20 03:00:00,0,0,0
2016-06-20 04:00:00,6,2,4
2016-06-20 05:00:00,29,5,24
2016-06-20 06:00:00,76,11,65
2016-06-20 07:00:00,157,33,124
2016-06-20 08:00:00,158,19,139
2016-06-20 09:00:00,61,5,56
2016-06-20 10:00:00,30,13,17
2016-06-20 11:00:00,18,7,11
2016-06-20 12:00:00,30,16,14
2016-06-20 13:00:00,26,13,13
2016-06-20 14:00:00,25,13,12
2016-06-20 15:00:00,45,32,13
2016-06-20 16:00:00,123,103,20
2016-06-20 17:00:00,201,181,20
2016-06-20 18:00:00,167,137,30
2016-06-20 19:00:00,83,63,20
2016-06-20 20:00:00,27,14,13
2016-06-20 21:00:00,20,10,10
2016-06-20 22:00:00,11,6,5
2016-06-20 23:00:00,6,4,2
2016-06-21 00:00:00,1,1,0
2016-06-21 01:00:00,1,0,1
2016-06-21 02:00:00,2,2,0
2016-06-21 03:00:00,2,2,0
2016-06-21 04:00:00,4,1,3
2016-06-21 05:00:00,25,4,21
2016-06-21 06:00:00,96,14,82
2016-06-21 07:00:00,191,28,163
2016-06-21 08:00:00,146,23,123
2016-06-21 09:00:00,55,8,47
2016-06-21 10:00:00,26,4,22
2016-06-21 11:00:00,19,9,10
2016-06-21 12:00:00,31,14,17
2016-06-21 13:00:00,27,14,13
2016-06-21 14:00:00,39,29,10
2016-06-21 15:00:00,50,31,19
2016-06-21 16:00:00,121,103,18
2016-06-21 17:00:00,230,209,21
2016-06-21 18:00:00,136,113,23
2016-06-21 19:00:00,61,43,18
2016-06-21 20:00:00,37,28,9
2016-06-21 21:00:00,15,9,6
2016-06-21 22:00:00,13,10,3
2016-06-21 23:00:00,6,4,2
2016-06-22 00:00:00,3,2,1
2016-06-22 01:00:00,0,0,0
2016-06-22 02:00:00,1,0,1
2016-06-22 03:00:00,4,3,1
2016-06-22 04:00:00,4,2,2
2016-06-22 05:00:00,34,4,30
2016-06-22 06:00:00,92,9,83
2016-06-22 07:00:00,166,25,141
2016-06-22 08:00:00,180,17,163
2016-06-22 09:00:00,66,5,61
2016-06-22 10:00:00,35,8,27
2016-06-22 11:00:00,26,10,16
2016-06-22 12:00:00,40,24,16
2016-06-22 13:00:00,34,13,21
2016-06-22 14:00:00,45,22,23
2016-06-22 15:00:00,61,46,15
2016-06-22 16:00:00,135,106,29
2016-06-22 17:00:00,247,199,48
2016-06-22 18:00:00,140,117,23
2016-06-22 19:00:00,86,69,17
2016-06-22 20:00:00,48,30,18
2016-06-22 21:00:00,27,16,11
2016-06-22 22:00:00,4,2,2
2016-06-22 23:00:00,6,5,1
2016-06-23 00:00:00,0,0,0
2016-06-23 01:00:00,2,1,1
2016-06-23 02:00:00,2,0,2
2016-06-23 03:00:00,5,3,2
2016-06-23 04:00:00,2,0,2
2016-06-23 05:00:00,17,1,16
2016-06-23 06:00:00,46,7,39
2016-06-23 07:00:00,97,8,89
2016-06-23 08:00:00,120,9,111
2016-06-23 09:00:00,39,7,32
2016-06-23 10:00:00,21,3,18
2016-06-23 11:00:00,13,5,8
2016-06-23 12:00:00,14,6,8
2016-06-23 13:00:00,12,3,9
2016-06-23 14:00:00,21,18,3
2016-06-23 15:00:00,20,17,3
2016-06-23 16:00:00,49,41,8
2016-06-23 17:00:00,105,95,10
2016-06-23 18:00:00,78,70,8
2016-06-23 19:00:00,30,25,5
2016-06-23 20:00:00,12,11,1
2016-06-23 21:00:00,13,11,2
2016-06-23 22:00:00,6,5,1
2016-06-23 23:00:00,2,1,1
2016-06-24 00:00:00,3,1,2
2016-06-24 01:00:00,0,0,0
2016-06-24 02:00:00,4,2,2
2016-06-24 03:00:00,1,1,0
2016-06-24 04:00:00,2,0,2
2016-06-24 05:00:00,22,3,19
2016-06-24 06:00:00,50,7,43
2016-06-24 07:00:00,97,15,82
2016-06-24 08:00:00,101,7,94
2016-06-24 09:00:00,38,7,31
2016-06-24 10:00:00,28,9,19
2016-06-24 11:00:00,14,10,4
2016-06-24 12:00:00,33,20,13
2016-06-24 13:00:00,20,10,10
2016-06-24 14:00:00,36,19,17
2016-06-24 15:00:00,49,38,11
2016-06-24 16:00:00,109,88,21
2016-06-24 17:00:00,111,94,17
2016-06-24 18:00:00,57,47,10
2016-06-24 19:00:00,26,20,6
2016-06-24 20:00:00,10,6,4
2016-06-24 21:00:00,8,6,2
2016-06-24 22:00:00,9,8,1
2016-06-24 23:00:00,6,3,3
2016-06-25 00:00:00,7,7,0
2016-06-25 01:00:00,1,1,0
2016-06-25 02:00:00,6,4,2
2016-06-25 03:00:00,1,1,0
2016-06-25 04:00:00,2,1,1
2016-06-25 05:00:00,6,0,6
2016-06-25 06:00:00,18,5,13
2016-06-25 07:00:00,26,6,20
2016-06-25 08:00:00,43,28,15
2016-06-25 09:00:00,34,14,20
2016-06-25 10:00:00,40,17,23
2016-06-25 11:00:00,52,31,21
2016-06-25 12:00:00,80,39,41
2016-06-25 13:00:00,77,25,52
2016-06-25 14:00:00,79,48,31
2016-06-25 15:00:00,70,32,38
2016-06-25 16:00:00,86,48,38
2016-06-25 17:00:00,51,31,20
2016-06-25 18:00:00,47,24,23
2016-06-25 19:00:00,32,18,14
2016-06-25 20:00:00,27,18,9
2016-06-25 21:00:00,10,7,3
2016-06-25 22:00:00,11,9,2
2016-06-25 23:00:00,6,4,2
2016-06-26 00:00:00,6,5,1
2016-06-26 01:00:00,3,0,3
2016-06-26 02:00:00,3,2,1
2016-06-26 03:00:00,1,0,1
2016-06-26 04:00:00,3,3,0
2016-06-26 05:00:00,4,0,4
2016-06-26 06:00:00,15,4,11
2016-06-26 07:00:00,17,5,12
2016-06-26 08:00:00,38,22,16
2016-06-26 09:00:00,53,25,28
2016-06-26 10:00:00,80,40,40
2016-06-26 11:00:00,79,37,42
2016-06-26 12:00:00,79,35,44
2016-06-26 13:00:00,89,52,37
2016-06-26 14:00:00,105,62,43
2016-06-26 15:00:00,69,29,40
2016-06-26 16:00:00,67,31,36
2016-06-26 17:00:00,67,33,34
2016-06-26 18:00:00,34,20,14
2016-06-26 19:00:00,26,18,8
2016-06-26 20:00:00,18,12,6
2016-06-26 21:00:00,8,4,4
2016-06-26 22:00:00,10,4,6
2016-06-26 23:00:00,2,1,1
2016-06-27 00:00:00,2,2,0
2016-06-27 01:00:00,1,0,1
2016-06-27 02:00:00,3,1,2
2016-06-27 03:00:00,1,1,0
2016-06-27 04:00:00,5,2,3
2016-06-27 05:00:00,42,4,38
2016-06-27 06:00:00,107,17,90
2016-06-27 07:00:00,185,26,159
2016-06-27 08:00:00,176,11,165
2016-06-27 09:00:00,87,8,79
2016-06-27 10:00:00,35,9,26
2016-06-27 11:00:00,36,17,19
2016-06-27 12:00:00,23,14,9
2016-06-27 13:00:00,34,21,13
2016-06-27 14:00:00,39,24,15
2016-06-27 15:00:00,73,49,24
2016-06-27 16:00:00,133,114,19
2016-06-27 17:00:00,251,216,35
2016-06-27 18:00:00,151,133,18
2016-06-27 19:00:00,66,44,22
2016-06-27 20:00:00,44,32,12
2016-06-27 21:00:00,24,9,15
2016-06-27 22:00:00,12,8,4
2016-06-27 23:00:00,4,4,0
2016-06-28 00:00:00,4,4,0
2016-06-28 01:00:00,1,1,0
2016-06-28 02:00:00,2,1,1
2016-06-28 03:00:00,3,2,1
2016-06-28 04:00:00,8,1,7
2016-06-28 05:00:00,38,6,32
2016-06-28 06:00:00,98,18,80
2016-06-28 07:00:00,195,19,176
2016-06-28 08:00:00,166,29,137
2016-06-28 09:00:00,78,19,59
2016-06-28 10:00:00,26,6,20
2016-06-28 11:00:00,21,10,11
2016-06-28 12:00:00,29,10,19
2016-06-28 13:00:00,21,10,11
2016-06-28 14:00:00,38,23,15
2016-06-28 15:00:00,86,55,31
2016-06-28 16:00:00,142,112,30
2016-06-28 17:00:00,229,193,36
2016-06-28 18:00:00,132,108,24
2016-06-28 19:00:00,73,57,16
2016-06-28 20:00:00,49,33,16
2016-06-28 21:00:00,33,26,7
2016-06-28 22:00:00,16,12,4
2016-06-28 23:00:00,6,6,0
2016-06-29 00:00:00,2,1,1
2016-06-29 01:00:00,2,2,0
2016-06-29 02:00:00,5,2,3
2016-06-29 03:00:00,3,1,2
2016-06-29 04:00:00,3,1,2
2016-06-29 05:00:00,34,7,27
2016-06-29 06:00:00,88,14,74
2016-06-29 07:00:00,180,16,164
2016-06-29 08:00:00,161,13,148
2016-06-29 09:00:00,69,9,60
2016-06-29 10:00:00,31,8,23
2016-06-29 11:00:00,30,10,20
2016-06-29 12:00:00,20,13,7
2016-06-29 13:00:00,34,12,22
2016-06-29 14:00:00,38,25,13
2016-06-29 15:00:00,70,46,24
2016-06-29 16:00:00,126,103,23
2016-06-29 17:00:00,201,179,22
2016-06-29 18:00:00,160,134,26
2016-06-29 19:00:00,64,48,16
2016-06-29 20:00:00,45,29,16
2016-06-29 21:00:00,28,17,11
2016-06-29 22:00:00,16,14,2
2016-06-29 23:00:00,3,2,1
2016-06-30 00:00:00,4,3,1
2016-06-30 01:00:00,3,2,1
2016-06-30 02:00:00,3,1,2
2016-06-30 03:00:00,4,2,2
2016-06-30 04:00:00,3,0,3
2016-06-30 05:00:00,36,6,30
2016-06-30 06:00:00,87,16,71
2016-06-30 07:00:00,159,19,140
2016-06-30 08:00:00,160,24,136
2016-06-30 09:00:00,66,14,52
2016-06-30 10:00:00,29,7,22
2016-06-30 11:00:00,24,13,11
2016-06-30 12:00:00,35,12,23
2016-06-30 13:00:00,37,19,18
2016-06-30 14:00:00,37,26,11
2016-06-30 15:00:00,65,35,30
2016-06-30 16:00:00,135,108,27
2016-06-30 17:00:00,189,161,28
2016-06-30 18:00:00,134,116,18
2016-06-30 19:00:00,88,70,18
2016-06-30 20:00:00,29,24,5
2016-06-30 21:00:00,21,13,8
2016-06-30 22:00:00,21,12,9
2016-06-30 23:00:00,10,4,6
2016-07-01 00:00:00,7,6,1
2016-07-01 01:00:00,3,3,0
2016-07-01 02:00:00,6,1,5
2016-07-01 03:00:00,1,1,0
2016-07-01 04:00:00,4,0,4
2016-07-01 05:00:00,29,3,26
2016-07-01 06:00:00,69,11,58
2016-07-01 07:00:00,130,13,117
2016-07-01 08:00:00,123,11,112
2016-07-01 09:00:00,64,11,53
2016-07-01 10:00:00,36,11,25
2016-07-01 11:00:00,25,17,8
2016-07-01 12:00:00,48,30,18
2016-07-01 13:00:00,48,22,26
2016-07-01 14:00:00,65,43,22
2016-07-01 15:00:00,77,61,16
2016-07-01 16:00:00,126,97,29
2016-07-01 17:00:00,132,110,22
2016-07-01 18:00:00,78,62,16
2016-07-01 19:00:00,44,34,10
2016-07-01 20:00:00,25,20,5
2016-07-01 21:00:00,11,6,5
2016-07-01 22:00:00,37,12,25
2016-07-01 23:00:00,8,5,3
2016-07-02 00:00:00,7,5,2
2016-07-02 01:00:00,3,1,2
2016-07-02 02:00:00,4,2,2
2016-07-02 03:00:00,0,0,0
2016-07-02 04:00:00,3,1,2
2016-07-02 05:00:00,9,3,6
2016-07-02 06:00:00,13,4,9
2016-07-02 07:00:00,22,6,16
2016-07-02 08:00:00,36,23,13
2016-07-02 09:00:00,40,22,18
2016-07-02 10:00:00,60,34,26
2016-07-02 11:00:00,47,14,33
2016-07-02 12:00:00,89,52,37
2016-07-02 13:00:00,55,29,26
2016-07-02 14:00:00,63,25,38
2016-07-02 15:00:00,58,33,25
2016-07-02 16:00:00,81,43,38
2016-07-02 17:00:00,55,31,24
2016-07-02 18:00:00,34,18,16
2016-07-02 19:00:00,31,17,14
2016-07-02 20:00:00,35,21,14
2016-07-02 21:00:00,13,8,5
2016-07-02 22:00:00,16,8,8
2016-07-02 23:00:00,3,2,1
2016-07-03 00:00:00,6,2,4
2016-07-03 01:00:00,0,0,0
2016-07-03 02:00:00,4,3,1
2016-07-03 03:00:00,3,1,2
2016-07-03 04:00:00,5,3,2
2016-07-03 05:00:00,4,1,3
2016-07-03 06:00:00,7,1,6
2016-07-03 07:00:00,14,3,11
2016-07-03 08:00:00,27,16,11
2016-07-03 09:00:00,20,12,8
2016-07-03 10:00:00,35,12,23
2016-07-03 11:00:00,57,24,33
2016-07-03 12:00:00,43,19,24
2016-07-03 13:00:00,55,25,30
2016-07-03 14:00:00,56,24,32
2016-07-03 15:00:00,71,49,22
2016-07-03 16:00:00,85,34,51
2016-07-03 17:00:00,47,28,19
2016-07-03 18:00:00,42,30,12
2016-07-03 19:00:00,16,7,9
2016-07-03 20:00:00,17,8,9
2016-07-03 21:00:00,9,4,5
2016-07-03 22:00:00,5,4,1
2016-07-03 23:00:00,3,2,1
2016-07-04 00:00:00,0,0,0
2016-07-04 01:00:00,0,0,0
2016-07-04 02:00:00,3,3,0
2016-07-04 03:00:00,1,1,0
2016-07-04 04:00:00,1,1,0
2016-07-04 05:00:00,7,1,6
2016-07-04 06:00:00,6,2,4
2016-07-04 07:00:00,21,7,14
2016-07-04 08:00:00,29,20,9
2016-07-04 09:00:00,37,22,15
2016-07-04 10:00:00,57,36,21
2016-07-04 11:00:00,63,29,34
2016-07-04 12:00:00,52,20,32
2016-07-04 13:00:00,65,34,31
2016-07-04 14:00:00,72,33,39
2016-07-04 15:00:00,62,27,35
2016-07-04 16:00:00,30,17,13
2016-07-04 17:00:00,32,18,14
2016-07-04 18:00:00,25,10,15
2016-07-04 19:00:00,10,7,3
2016-07-04 20:00:00,15,5,10
2016-07-04 21:00:00,12,8,4
2016-07-04 22:00:00,4,2,2
2016-07-04 23:00:00,13,6,7
2016-07-05 00:00:00,2,1,1
2016-07-05 01:00:00,5,5,0
2016-07-05 02:00:00,2,1,1
2016-07-05 03:00:00,5,1,4
2016-07-05 04:00:00,5,1,4
2016-07-05 05:00:00,14,1,13
2016-07-05 06:00:00,56,8,48
2016-07-05 07:00:00,113,14,99
2016-07-05 08:00:00,122,11,111
2016-07-05 09:00:00,57,11,46
2016-07-05 10:00:00,25,7,18
2016-07-05 11:00:00,31,17,14
2016-07-05 12:00:00,24,6,18
2016-07-05 13:00:00,27,10,17
2016-07-05 14:00:00,31,20,11
2016-07-05 15:00:00,48,30,18
2016-07-05 16:00:00,85,64,21
2016-07-05 17:00:00,165,136,29
2016-07-05 18:00:00,100,81,19
2016-07-05 19:00:00,47,31,16
2016-07-05 20:00:00,17,14,3
2016-07-05 21:00:00,18,17,1
2016-07-05 22:00:00,11,8,3
2016-07-05 23:00:00,10,7,3
2016-07-06 00:00:00,3,3,0
2016-07-06 01:00:00,0,0,0
2016-07-06 02:00:00,1,0,1
2016-07-06 03:00:00,2,0,2
2016-07-06 04:00:00,4,1,3
2016-07-06 05:00:00,28,4,24
2016-07-06 06:00:00,87,9,78
2016-07-06 07:00:00,180,16,164
2016-07-06 08:00:00,166,22,144
2016-07-06 09:00:00,86,11,75
2016-07-06 10:00:00,43,13,30
2016-07-06 11:00:00,23,14,9
2016-07-06 12:00:00,41,17,24
2016-07-06 13:00:00,43,25,18
2016-07-06 14:00:00,41,20,21
2016-07-06 15:00:00,67,43,24
2016-07-06 16:00:00,133,96,37
2016-07-06 17:00:00,261,217,44
2016-07-06 18:00:00,177,143,34
2016-07-06 19:00:00,79,61,18
2016-07-06 20:00:00,43,29,14
2016-07-06 21:00:00,39,19,20
2016-07-06 22:00:00,7,7,0
2016-07-06 23:00:00,7,7,0
2016-07-07 00:00:00,4,2,2
2016-07-07 01:00:00,3,2,1
2016-07-07 02:00:00,2,0,2
2016-07-07 03:00:00,3,1,2
2016-07-07 04:00:00,7,2,5
2016-07-07 05:00:00,16,3,13
2016-07-07 06:00:00,69,10,59
2016-07-07 07:00:00,139,14,125
2016-07-07 08:00:00,133,15,118
2016-07-07 09:00:00,55,7,48
2016-07-07 10:00:00,25,10,15
2016-07-07 11:00:00,16,3,13
2016-07-07 12:00:00,20,9,11
2016-07-07 13:00:00,15,8,7
2016-07-07 14:00:00,27,18,9
2016-07-07 15:00:00,37,26,11
2016-07-07 16:00:00,76,70,6
2016-07-07 17:00:00,140,124,16
2016-07-07 18:00:00,81,76,5
2016-07-07 19:00:00,30,27,3
2016-07-07 20:00:00,21,14,7
2016-07-07 21:00:00,12,9,3
2016-07-07 22:00:00,5,4,1
2016-07-07 23:00:00,8,6,2
2016-07-08 00:00:00,3,2,1
2016-07-08 01:00:00,1,1,0
2016-07-08 02:00:00,2,1,1
2016-07-08 03:00:00,0,0,0
2016-07-08 04:00:00,1,0,1
2016-07-08 05:00:00,10,2,8
2016-07-08 06:00:00,50,8,42
2016-07-08 07:00:00,91,9,82
2016-07-08 08:00:00,85,13,72
2016-07-08 09:00:00,43,4,39
2016-07-08 10:00:00,22,6,16
2016-07-08 11:00:00,12,4,8
2016-07-08 12:00:00,20,10,10
2016-07-08 13:00:00,26,10,16
2016-07-08 14:00:00,25,15,10
2016-07-08 15:00:00,53,38,15
2016-07-08 16:00:00,90,74,16
2016-07-08 17:00:00,122,104,18
2016-07-08 18:00:00,99,86,13
2016-07-08 19:00:00,35,26,9
2016-07-08 20:00:00,20,9,11
2016-07-08 21:00:00,20,9,11
2016-07-08 22:00:00,21,11,10
2016-07-08 23:00:00,12,8,4
2016-07-09 00:00:00,6,3,3
2016-07-09 01:00:00,3,0,3
2016-07-09 02:00:00,2,1,1
2016-07-09 03:00:00,2,2,0
2016-07-09 04:00:00,2,1,1
2016-07-09 05:00:00,4,0,4
2016-07-09 06:00:00,14,5,9
2016-07-09 07:00:00,24,9,15
2016-07-09 08:00:00,48,22,26
2016-07-09 09:00:00,106,62,44
2016-07-09 10:00:00,86,22,64
2016-07-09 11:00:00,112,31,81
2016-07-09 12:00:00,57,40,17
2016-07-09 13:00:00,50,25,25
2016-07-09 14:00:00,69,49,20
2016-07-09 15:00:00,69,39,30
2016-07-09 16:00:00,52,24,28
2016-07-09 17:00:00,34,17,17
2016-07-09 18:00:00,31,17,14
2016-07-09 19:00:00,17,10,7
2016-07-09 20:00:00,10,7,3
2016-07-09 21:00:00,6,4,2
2016-07-09 22:00:00,6,2,4
2016-07-09 23:00:00,6,5,1
2016-07-10 00:00:00,4,4,0
2016-07-10 01:00:00,0,0,0
2016-07-10 02:00:00,1,1,0
2016-07-10 03:00:00,1,0,1
2016-07-10 04:00:00,2,1,1
2016-07-10 05:00:00,2,0,2
2016-07-10 06:00:00,8,1,7
2016-07-10 07:00:00,17,9,8
2016-07-10 08:00:00,33,15,18
2016-07-10 09:00:00,41,19,22
2016-07-10 10:00:00,57,34,23
2016-07-10 11:00:00,57,28,29
2016-07-10 12:00:00,79,40,39
2016-07-10 13:00:00,67,32,35
2016-07-10 14:00:00,88,39,49
2016-07-10 15:00:00,105,56,49
2016-07-10 16:00:00,71,32,39
2016-07-10 17:00:00,46,22,24
2016-07-10 18:00:00,40,23,17
2016-07-10 19:00:00,20,13,7
2016-07-10 20:00:00,19,10,9
2016-07-10 21:00:00,11,6,5
2016-07-10 22:00:00,5,5,0
2016-07-10 23:00:00,6,4,2
2016-07-11 00:00:00,3,2,1
2016-07-11 01:00:00,1,0,1
2016-07-11 02:00:00,1,0,1
2016-07-11 03:00:00,5,2,3
2016-07-11 04:00:00,5,3,2
2016-07-11 05:00:00,28,5,23
2016-07-11 06:00:00,77,13,64
2016-07-11 07:00:00,161,14,147
2016-07-11 08:00:00,160,20,140
2016-07-11 09:00:00,60,15,45
2016-07-11 10:00:00,36,9,27
2016-07-11 11:00:00,22,9,13
2016-07-11 12:00:00,28,14,14
2016-07-11 13:00:00,17,8,9
2016-07-11 14:00:00,28,19,9
2016-07-11 15:00:00,65,37,28
2016-07-11 16:00:00,104,91,13
2016-07-11 17:00:00,234,200,34
2016-07-11 18:00:00,121,106,15
2016-07-11 19:00:00,61,41,20
2016-07-11 20:00:00,31,13,18
2016-07-11 21:00:00,21,15,6
2016-07-11 22:00:00,13,10,3
2016-07-11 23:00:00,6,5,1
2016-07-12 00:00:00,3,3,0
2016-07-12 01:00:00,4,3,1
2016-07-12 02:00:00,3,1,2
2016-07-12 03:00:00,6,3,3
2016-07-12 04:00:00,6,0,6
2016-07-12 05:00:00,28,3,25
2016-07-12 06:00:00,78,13,65
2016-07-12 07:00:00,163,13,150
2016-07-12 08:00:00,158,10,148
2016-07-12 09:00:00,62,11,51
2016-07-12 10:00:00,37,12,25
2016-07-12 11:00:00,30,12,18
2016-07-12 12:00:00,37,20,17
2016-07-12 13:00:00,29,14,15
2016-07-12 14:00:00,28,18,10
2016-07-12 15:00:00,59,39,20
2016-07-12 16:00:00,114,90,24
2016-07-12 17:00:00,204,168,36
2016-07-12 18:00:00,152,133,19
2016-07-12 19:00:00,58,46,12
2016-07-12 20:00:00,38,27,11
2016-07-12 21:00:00,24,17,7
2016-07-12 22:00:00,11,6,5
2016-07-12 23:00:00,8,5,3
2016-07-13 00:00:00,3,1,2
2016-07-13 01:00:00,3,2,1
2016-07-13 02:00:00,4,2,2
2016-07-13 03:00:00,5,2,3
2016-07-13 04:00:00,2,0,2
2016-07-13 05:00:00,38,9,29
2016-07-13 06:00:00,86,16,70
2016-07-13 07:00:00,186,25,161
2016-07-13 08:00:00,179,18,161
2016-07-13 09:00:00,83,14,69
2016-07-13 10:00:00,33,7,26
2016-07-13 11:00:00,23,9,14
2016-07-13 12:00:00,39,23,16
2016-07-13 13:00:00,39,20,19
2016-07-13 14:00:00,44,23,21
2016-07-13 15:00:00,65,35,30
2016-07-13 16:00:00,129,107,22
2016-07-13 17:00:00,219,184,35
2016-07-13 18:00:00,136,116,20
2016-07-13 19:00:00,71,50,21
2016-07-13 20:00:00,40,25,15
2016-07-13 21:00:00,33,21,12
2016-07-13 22:00:00,19,15,4
2016-07-13 23:00:00,7,4,3
2016-07-14 00:00:00,1,1,0
2016-07-14 01:00:00,1,1,0
2016-07-14 02:00:00,1,0,1
2016-07-14 03:00:00,2,0,2
2016-07-14 04:00:00,3,1,2
2016-07-14 05:00:00,29,5,24
2016-07-14 06:00:00,82,18,64
2016-07-14 07:00:00,157,12,145
2016-07-14 08:00:00,163,12,151
2016-07-14 09:00:00,77,15,62
2016-07-14 10:00:00,43,9,34
2016-07-14 11:00:00,40,9,31
2016-07-14 12:00:00,39,24,15
2016-07-14 13:00:00,44,28,16
2016-07-14 14:00:00,35,18,17
2016-07-14 15:00:00,51,31,20
2016-07-14 16:00:00,108,94,14
2016-07-14 17:00:00,230,194,36
2016-07-14 18:00:00,133,113,20
2016-07-14 19:00:00,83,59,24
2016-07-14 20:00:00,51,29,22
2016-07-14 21:00:00,28,20,8
2016-07-14 22:00:00,19,10,9
2016-07-14 23:00:00,9,9,0
2016-07-15 00:00:00,2,2,0
2016-07-15 01:00:00,4,3,1
2016-07-15 02:00:00,4,2,2
2016-07-15 03:00:00,5,3,2
2016-07-15 04:00:00,9,3,6
2016-07-15 05:00:00,26,5,21
2016-07-15 06:00:00,65,13,52
2016-07-15 07:00:00,125,15,110
2016-07-15 08:00:00,139,14,125
2016-07-15 09:00:00,47,7,40
2016-07-15 10:00:00,20,5,15
2016-07-15 11:00:00,19,10,9
2016-07-15 12:00:00,32,20,12
2016-07-15 13:00:00,37,24,13
2016-07-15 14:00:00,47,30,17
2016-07-15 15:00:00,63,43,20
2016-07-15 16:00:00,105,76,29
2016-07-15 17:00:00,139,118,21
2016-07-15 18:00:00,97,80,17
2016-07-15 19:00:00,35,28,7
2016-07-15 20:00:00,22,17,5
2016-07-15 21:00:00,21,14,7
2016-07-15 22:00:00,13,11,2
2016-07-15 23:00:00,9,7,2
2016-07-16 00:00:00,5,5,0
2016-07-16 01:00:00,7,6,1
2016-07-16 02:00:00,2,1,1
2016-07-16 03:00:00,1,0,1
2016-07-16 04:00:00,8,5,3
2016-07-16 05:00:00,17,2,15
2016-07-16 06:00:00,19,6,13
2016-07-16 07:00:00,17,7,10
2016-07-16 08:00:00,34,13,21
2016-07-16 09:00:00,36,20,16
2016-07-16 10:00:00,44,25,19
2016-07-16 11:00:00,44,20,24
2016-07-16 12:00:00,45,25,20
2016-07-16 13:00:00,42,17,25
2016-07-16 14:00:00,58,45,13
2016-07-16 15:00:00,46,15,31
2016-07-16 16:00:00,59,42,17
2016-07-16 17:00:00,67,33,34
2016-07-16 18:00:00,33,25,8
2016-07-16 19:00:00,15,7,8
2016-07-16 20:00:00,17,8,9
2016-07-16 21:00:00,10,10,0
2016-07-16 22:00:00,13,7,6
2016-07-16 23:00:00,11,6,5
2016-07-17 00:00:00,4,4,0
2016-07-17 01:00:00,1,0,1
2016-07-17 02:00:00,3,1,2
2016-07-17 03:00:00,3,3,0
2016-07-17 04:00:00,1,1,0
2016-07-17 05:00:00,5,1,4
2016-07-17 06:00:00,9,2,7
2016-07-17 07:00:00,10,2,8
2016-07-17 08:00:00,33,14,19
2016-07-17 09:00:00,39,20,19
2016-07-17 10:00:00,52,30,22
2016-07-17 11:00:00,54,33,21
2016-07-17 12:00:00,73,40,33
2016-07-17 13:00:00,69,30,39
2016-07-17 14:00:00,84,34,50
2016-07-17 15:00:00,64,38,26
2016-07-17 16:00:00,54,33,21
2016-07-17 17:00:00,43,24,19
2016-07-17 18:00:00,23,18,5
2016-07-17 19:00:00,22,5,17
2016-07-17 20:00:00,27,19,8
2016-07-17 21:00:00,12,5,7
2016-07-17 22:00:00,7,2,5
2016-07-17 23:00:00,7,5,2
2016-07-18 00:00:00,3,2,1
2016-07-18 01:00:00,0,0,0
2016-07-18 02:00:00,3,1,2
2016-07-18 03:00:00,2,2,0
2016-07-18 04:00:00,10,2,8
2016-07-18 05:00:00,29,6,23
2016-07-18 06:00:00,80,15,65
2016-07-18 07:00:00,146,10,136
2016-07-18 08:00:00,134,16,118
2016-07-18 09:00:00,71,9,62
2016-07-18 10:00:00,35,8,27
2016-07-18 11:00:00,25,14,11
2016-07-18 12:00:00,23,17,6
2016-07-18 13:00:00,29,15,14
2016-07-18 14:00:00,30,13,17
2016-07-18 15:00:00,39,31,8
2016-07-18 16:00:00,104,89,15
2016-07-18 17:00:00,197,175,22
2016-07-18 18:00:00,116,106,10
2016-07-18 19:00:00,32,22,10
2016-07-18 20:00:00,26,20,6
2016-07-18 21:00:00,9,8,1
2016-07-18 22:00:00,16,11,5
2016-07-18 23:00:00,4,1,3
2016-07-19 00:00:00,3,2,1
2016-07-19 01:00:00,1,1,0
2016-07-19 02:00:00,3,1,2
2016-07-19 03:00:00,4,1,3
2016-07-19 04:00:00,6,1,5
2016-07-19 05:00:00,29,6,23
2016-07-19 06:00:00,90,9,81
2016-07-19 07:00:00,159,18,141
2016-07-19 08:00:00,172,22,150
2016-07-19 09:00:00,66,7,59
2016-07-19 10:00:00,32,12,20
2016-07-19 11:00:00,31,16,15
2016-07-19 12:00:00,33,15,18
2016-07-19 13:00:00,33,14,19
2016-07-19 14:00:00,24,15,9
2016-07-19 15:00:00,68,43,25
2016-07-19 16:00:00,113,81,32
2016-07-19 17:00:00,216,184,32
2016-07-19 18:00:00,153,131,22
2016-07-19 19:00:00,72,58,14
2016-07-19 20:00:00,49,28,21
2016-07-19 21:00:00,33,22,11
2016-07-19 22:00:00,16,13,3
2016-07-19 23:00:00,8,6,2
2016-07-20 00:00:00,4,2,2
2016-07-20 01:00:00,3,2,1
2016-07-20 02:00:00,4,2,2
2016-07-20 03:00:00,5,2,3
2016-07-20 04:00:00,8,3,5
2016-07-20 05:00:00,28,4,24
2016-07-20 06:00:00,79,10,69
2016-07-20 07:00:00,185,16,169
2016-07-20 08:00:00,185,21,164
2016-07-20 09:00:00,80,12,68
2016-07-20 10:00:00,46,8,38
2016-07-20 11:00:00,41,10,31
2016-07-20 12:00:00,39,18,21
2016-07-20 13:00:00,38,21,17
2016-07-20 14:00:00,39,22,17
2016-07-20 15:00:00,62,42,20
2016-07-20 16:00:00,140,109,31
2016-07-20 17:00:00,234,203,31
2016-07-20 18:00:00,158,127,31
2016-07-20 19:00:00,88,64,24
2016-07-20 20:00:00,54,30,24
2016-07-20 21:00:00,38,27,11
2016-07-20 22:00:00,14,9,5
2016-07-20 23:00:00,5,5,0
2016-07-21 00:00:00,2,0,2
2016-07-21 01:00:00,4,3,1
2016-07-21 02:00:00,5,2,3
2016-07-21 03:00:00,2,0,2
2016-07-21 04:00:00,7,1,6
2016-07-21 05:00:00,29,4,25
2016-07-21 06:00:00,80,10,70
2016-07-21 07:00:00,171,12,159
2016-07-21 08:00:00,171,19,152
2016-07-21 09:00:00,68,14,54
2016-07-21 10:00:00,47,23,24
2016-07-21 11:00:00,48,22,26
2016-07-21 12:00:00,53,32,21
2016-07-21 13:00:00,35,11,24
2016-07-21 14:00:00,39,18,21
2016-07-21 15:00:00,69,52,17
2016-07-21 16:00:00,104,79,25
2016-07-21 17:00:00,201,176,25
2016-07-21 18:00:00,142,119,23
2016-07-21 19:00:00,81,53,28
2016-07-21 20:00:00,30,20,10
2016-07-21 21:00:00,22,16,6
2016-07-21 22:00:00,12,7,5
2016-07-21 23:00:00,9,8,1
2016-07-22 00:00:00,2,2,0
2016-07-22 01:00:00,3,3,0
2016-07-22 02:00:00,0,0,0
2016-07-22 03:00:00,4,1,3
2016-07-22 04:00:00,8,4,4
2016-07-22 05:00:00,11,1,10
2016-07-22 06:00:00,22,2,20
2016-07-22 07:00:00,49,5,44
2016-07-22 08:00:00,61,4,57
2016-07-22 09:00:00,27,0,27
2016-07-22 10:00:00,30,14,16
2016-07-22 11:00:00,14,4,10
2016-07-22 12:00:00,24,8,16
2016-07-22 13:00:00,13,5,8
2016-07-22 14:00:00,26,14,12
2016-07-22 15:00:00,46,32,14
2016-07-22 16:00:00,61,44,17
2016-07-22 17:00:00,84,69,15
2016-07-22 18:00:00,50,45,5
2016-07-22 19:00:00,25,20,5
2016-07-22 20:00:00,8,6,2
2016-07-22 21:00:00,9,5,4
2016-07-22 22:00:00,10,3,7
2016-07-22 23:00:00,2,0,2
2016-07-23 00:00:00,3,2,1
2016-07-23 01:00:00,6,6,0
2016-07-23 02:00:00,1,0,1
2016-07-23 03:00:00,0,0,0
2016-07-23 04:00:00,1,0,1
2016-07-23 05:00:00,2,0,2
2016-07-23 06:00:00,12,1,11
2016-07-23 07:00:00,18,8,10
2016-07-23 08:00:00,44,20,24
2016-07-23 09:00:00,47,23,24
2016-07-23 10:00:00,35,19,16
2016-07-23 11:00:00,60,36,24
2016-07-23 12:00:00,70,44,26
2016-07-23 13:00:00,63,31,32
2016-07-23 14:00:00,63,40,23
2016-07-23 15:00:00,81,49,32
2016-07-23 16:00:00,64,32,32
2016-07-23 17:00:00,57,31,26
2016-07-23 18:00:00,46,14,32
2016-07-23 19:00:00,22,14,8
2016-07-23 20:00:00,21,13,8
2016-07-23 21:00:00,32,27,5
2016-07-23 22:00:00,10,3,7
2016-07-23 23:00:00,26,11,15
2016-07-24 00:00:00,3,2,1
2016-07-24 01:00:00,0,0,0
2016-07-24 02:00:00,1,0,1
2016-07-24 03:00:00,3,3,0
2016-07-24 04:00:00,1,1,0
2016-07-24 05:00:00,9,1,8
2016-07-24 06:00:00,11,3,8
2016-07-24 07:00:00,12,4,8
2016-07-24 08:00:00,39,14,25
2016-07-24 09:00:00,45,28,17
2016-07-24 10:00:00,79,43,36
2016-07-24 11:00:00,105,67,38
2016-07-24 12:00:00,100,61,39
2016-07-24 13:00:00,105,48,57
2016-07-24 14:00:00,112,51,61
2016-07-24 15:00:00,109,55,54
2016-07-24 16:00:00,70,37,33
2016-07-24 17:00:00,73,33,40
2016-07-24 18:00:00,39,25,14
2016-07-24 19:00:00,33,16,17
2016-07-24 20:00:00,24,18,6
2016-07-24 21:00:00,17,8,9
2016-07-24 22:00:00,15,3,12
2016-07-24 23:00:00,5,4,1
2016-07-25 00:00:00,1,1,0
2016-07-25 01:00:00,0,0,0
2016-07-25 02:00:00,2,1,1
2016-07-25 03:00:00,6,4,2
2016-07-25 04:00:00,7,1,6
2016-07-25 05:00:00,23,3,20
2016-07-25 06:00:00,89,14,75
2016-07-25 07:00:00,177,14,163
2016-07-25 08:00:00,183,12,171
2016-07-25 09:00:00,56,8,48
2016-07-25 10:00:00,33,9,24
2016-07-25 11:00:00,26,11,15
2016-07-25 12:00:00,38,15,23
2016-07-25 13:00:00,25,11,14
2016-07-25 14:00:00,27,17,10
2016-07-25 15:00:00,51,38,13
2016-07-25 16:00:00,119,97,22
2016-07-25 17:00:00,236,206,30
2016-07-25 18:00:00,138,115,23
2016-07-25 19:00:00,69,51,18
2016-07-25 20:00:00,43,26,17
2016-07-25 21:00:00,17,11,6
2016-07-25 22:00:00,14,7,7
2016-07-25 23:00:00,6,3,3
2016-07-26 00:00:00,1,1,0
2016-07-26 01:00:00,3,3,0
2016-07-26 02:00:00,6,2,4
2016-07-26 03:00:00,2,1,1
2016-07-26 04:00:00,8,2,6
2016-07-26 05:00:00,27,7,20
2016-07-26 06:00:00,99,15,84
2016-07-26 07:00:00,199,21,178
2016-07-26 08:00:00,171,17,154
2016-07-26 09:00:00,72,6,66
2016-07-26 10:00:00,32,12,20
2016-07-26 11:00:00,28,11,17
2016-07-26 12:00:00,23,12,11
2016-07-26 13:00:00,31,19,12
2016-07-26 14:00:00,32,19,13
2016-07-26 15:00:00,55,32,23
2016-07-26 16:00:00,127,99,28
2016-07-26 17:00:00,237,210,27
2016-07-26 18:00:00,154,134,20
2016-07-26 19:00:00,66,52,14
2016-07-26 20:00:00,46,29,17
2016-07-26 21:00:00,30,20,10
2016-07-26 22:00:00,11,8,3
2016-07-26 23:00:00,5,4,1
2016-07-27 00:00:00,1,0,1
2016-07-27 01:00:00,2,2,0
2016-07-27 02:00:00,1,0,1
2016-07-27 03:00:00,4,2,2
2016-07-27 04:00:00,6,1,5
2016-07-27 05:00:00,31,7,24
2016-07-27 06:00:00,78,10,68
2016-07-27 07:00:00,200,24,176
2016-07-27 08:00:00,156,17,139
2016-07-27 09:00:00,76,12,64
2016-07-27 10:00:00,33,9,24
2016-07-27 11:00:00,45,17,28
2016-07-27 12:00:00,34,19,15
2016-07-27 13:00:00,34,14,20
2016-07-27 14:00:00,40,23,17
2016-07-27 15:00:00,44,31,13
2016-07-27 16:00:00,128,102,26
2016-07-27 17:00:00,209,190,19
2016-07-27 18:00:00,146,121,25
2016-07-27 19:00:00,91,60,31
2016-07-27 20:00:00,47,33,14
2016-07-27 21:00:00,16,12,4
2016-07-27 22:00:00,19,12,7
2016-07-27 23:00:00,9,5,4
2016-07-28 00:00:00,2,0,2
2016-07-28 01:00:00,1,0,1
2016-07-28 02:00:00,2,1,1
2016-07-28 03:00:00,8,4,4
2016-07-28 04:00:00,8,1,7
2016-07-28 05:00:00,29,5,24
2016-07-28 06:00:00,81,14,67
2016-07-28 07:00:00,165,13,152
2016-07-28 08:00:00,165,14,151
2016-07-28 09:00:00,66,5,61
2016-07-28 10:00:00,35,15,20
2016-07-28 11:00:00,36,15,21
2016-07-28 12:00:00,40,21,19
2016-07-28 13:00:00,38,17,21
2016-07-28 14:00:00,33,16,17
2016-07-28 15:00:00,58,33,25
2016-07-28 16:00:00,106,88,18
2016-07-28 17:00:00,197,168,29
2016-07-28 18:00:00,139,119,20
2016-07-28 19:00:00,66,53,13
2016-07-28 20:00:00,32,27,5
2016-07-28 21:00:00,22,15,7
2016-07-28 22:00:00,27,15,12
2016-07-28 23:00:00,4,3,1
2016-07-29 00:00:00,6,4,2
2016-07-29 01:00:00,3,2,1
2016-07-29 02:00:00,1,1,0
2016-07-29 03:00:00,1,0,1
2016-07-29 04:00:00,5,0,5
2016-07-29 05:00:00,19,4,15
2016-07-29 06:00:00,62,8,54
2016-07-29 07:00:00,120,14,106
2016-07-29 08:00:00,139,10,129
2016-07-29 09:00:00,57,5,52
2016-07-29 10:00:00,34,7,27
2016-07-29 11:00:00,22,7,15
2016-07-29 12:00:00,45,26,19
2016-07-29 13:00:00,31,21,10
2016-07-29 14:00:00,47,25,22
2016-07-29 15:00:00,53,37,16
2016-07-29 16:00:00,116,92,24
2016-07-29 17:00:00,136,125,11
2016-07-29 18:00:00,99,85,14
2016-07-29 19:00:00,39,27,12
2016-07-29 20:00:00,37,25,12
2016-07-29 21:00:00,13,10,3
2016-07-29 22:00:00,13,4,9
2016-07-29 23:00:00,1,1,0
2016-07-30 00:00:00,3,3,0
2016-07-30 01:00:00,4,1,3
2016-07-30 02:00:00,8,4,4
2016-07-30 03:00:00,1,1,0
2016-07-30 04:00:00,1,0,1
2016-07-30 05:00:00,1,0,1
2016-07-30 06:00:00,18,6,12
2016-07-30 07:00:00,16,10,6
2016-07-30 08:00:00,30,11,19
2016-07-30 09:00:00,52,29,23
2016-07-30 10:00:00,71,40,31
2016-07-30 11:00:00,63,25,38
2016-07-30 12:00:00,54,24,30
2016-07-30 13:00:00,55,13,42
2016-07-30 14:00:00,74,42,32
2016-07-30 15:00:00,55,28,27
2016-07-30 16:00:00,57,36,21
2016-07-30 17:00:00,55,27,28
2016-07-30 18:00:00,47,26,21
2016-07-30 19:00:00,33,14,19
2016-07-30 20:00:00,24,12,12
2016-07-30 21:00:00,15,13,2
2016-07-30 22:00:00,16,6,10
2016-07-30 23:00:00,3,2,1
2016-07-31 00:00:00,7,5,2
2016-07-31 01:00:00,3,0,3
2016-07-31 02:00:00,3,1,2
2016-07-31 03:00:00,1,1,0
2016-07-31 04:00:00,5,3,2
2016-07-31 05:00:00,3,1,2
2016-07-31 06:00:00,12,1,11
2016-07-31 07:00:00,10,2,8
2016-07-31 08:00:00,23,7,16
2016-07-31 09:00:00,32,18,14
2016-07-31 10:00:00,48,25,23
2016-07-31 11:00:00,49,24,25
2016-07-31 12:00:00,80,30,50
2016-07-31 13:00:00,66,40,26
2016-07-31 14:00:00,56,26,30
2016-07-31 15:00:00,73,48,25
2016-07-31 16:00:00,85,48,37
2016-07-31 17:00:00,66,34,32
2016-07-31 18:00:00,31,19,12
2016-07-31 19:00:00,30,16,14
2016-07-31 20:00:00,9,2,7
2016-07-31 21:00:00,11,4,7
2016-07-31 22:00:00,6,4,2
2016-07-31 23:00:00,4,1,3
2016-08-01 00:00:00,3,3,0
2016-08-01 01:00:00,2,1,1
2016-08-01 02:00:00,2,1,1
2016-08-01 03:00:00,3,2,1
2016-08-01 04:00:00,11,1,10
2016-08-01 05:00:00,32,8,24
2016-08-01 06:00:00,70,11,59
2016-08-01 07:00:00,155,11,144
2016-08-01 08:00:00,138,13,125
2016-08-01 09:00:00,73,12,61
2016-08-01 10:00:00,22,6,16
2016-08-01 11:00:00,23,12,11
2016-08-01 12:00:00,25,16,9
2016-08-01 13:00:00,19,9,10
2016-08-01 14:00:00,29,14,15
2016-08-01 15:00:00,45,32,13
2016-08-01 16:00:00,108,88,20
2016-08-01 17:00:00,198,173,25
2016-08-01 18:00:00,131,118,13
2016-08-01 19:00:00,65,52,13
2016-08-01 20:00:00,33,18,15
2016-08-01 21:00:00,24,12,12
2016-08-01 22:00:00,5,2,3
2016-08-01 23:00:00,3,3,0
2016-08-02 00:00:00,2,1,1
2016-08-02 01:00:00,3,2,1
2016-08-02 02:00:00,2,1,1
2016-08-02 03:00:00,3,1,2
2016-08-02 04:00:00,9,1,8
2016-08-02 05:00:00,21,4,17
2016-08-02 06:00:00,63,13,50
2016-08-02 07:00:00,133,16,117
2016-08-02 08:00:00,126,10,116
2016-08-02 09:00:00,62,11,51
2016-08-02 10:00:00,30,11,19
2016-08-02 11:00:00,11,3,8
2016-08-02 12:00:00,21,12,9
2016-08-02 13:00:00,26,12,14
2016-08-02 14:00:00,20,11,9
2016-08-02 15:00:00,37,24,13
2016-08-02 16:00:00,101,79,22
2016-08-02 17:00:00,171,147,24
2016-08-02 18:00:00,109,96,13
2016-08-02 19:00:00,62,53,9
2016-08-02 20:00:00,29,19,10
2016-08-02 21:00:00,16,12,4
2016-08-02 22:00:00,25,7,18
2016-08-02 23:00:00,2,1,1
2016-08-03 00:00:00,3,3,0
2016-08-03 01:00:00,3,1,2
2016-08-03 02:00:00,2,1,1
2016-08-03 03:00:00,6,4,2
2016-08-03 04:00:00,6,1,5
2016-08-03 05:00:00,20,6,14
2016-08-03 06:00:00,91,17,74
2016-08-03 07:00:00,172,17,155
2016-08-03 08:00:00,169,19,150
2016-08-03 09:00:00,61,7,54
2016-08-03 10:00:00,21,5,16
2016-08-03 11:00:00,35,14,21
2016-08-03 12:00:00,23,8,15
2016-08-03 13:00:00,22,11,11
2016-08-03 14:00:00,40,17,23
2016-08-03 15:00:00,56,36,20
2016-08-03 16:00:00,131,103,28
2016-08-03 17:00:00,218,188,30
2016-08-03 18:00:00,132,108,24
2016-08-03 19:00:00,73,62,11
2016-08-03 20:00:00,46,26,20
2016-08-03 21:00:00,35,27,8
2016-08-03 22:00:00,10,5,5
2016-08-03 23:00:00,6,4,2
2016-08-04 00:00:00,5,5,0
2016-08-04 01:00:00,2,1,1
2016-08-04 02:00:00,1,0,1
2016-08-04 03:00:00,1,0,1
2016-08-04 04:00:00,9,0,9
2016-08-04 05:00:00,29,6,23
2016-08-04 06:00:00,82,11,71
2016-08-04 07:00:00,155,15,140
2016-08-04 08:00:00,173,19,154
2016-08-04 09:00:00,75,4,71
2016-08-04 10:00:00,36,8,28
2016-08-04 11:00:00,25,13,12
2016-08-04 12:00:00,39,21,18
2016-08-04 13:00:00,37,17,20
2016-08-04 14:00:00,42,30,12
2016-08-04 15:00:00,59,38,21
2016-08-04 16:00:00,104,82,22
2016-08-04 17:00:00,203,177,26
2016-08-04 18:00:00,139,111,28
2016-08-04 19:00:00,61,46,15
2016-08-04 20:00:00,45,25,20
2016-08-04 21:00:00,27,16,11
2016-08-04 22:00:00,27,14,13
2016-08-04 23:00:00,11,10,1
2016-08-05 00:00:00,5,4,1
2016-08-05 01:00:00,5,4,1
2016-08-05 02:00:00,3,2,1
2016-08-05 03:00:00,0,0,0
2016-08-05 04:00:00,11,3,8
2016-08-05 05:00:00,16,3,13
2016-08-05 06:00:00,72,18,54
2016-08-05 07:00:00,132,15,117
2016-08-05 08:00:00,151,25,126
2016-08-05 09:00:00,52,10,42
2016-08-05 10:00:00,39,13,26
2016-08-05 11:00:00,47,18,29
2016-08-05 12:00:00,42,18,24
2016-08-05 13:00:00,45,19,26
2016-08-05 14:00:00,65,39,26
2016-08-05 15:00:00,68,50,18
2016-08-05 16:00:00,115,91,24
2016-08-05 17:00:00,167,141,26
2016-08-05 18:00:00,91,69,22
2016-08-05 19:00:00,74,51,23
2016-08-05 20:00:00,25,20,5
2016-08-05 21:00:00,18,17,1
2016-08-05 22:00:00,11,6,5
2016-08-05 23:00:00,7,5,2
2016-08-06 00:00:00,6,3,3
2016-08-06 01:00:00,3,2,1
2016-08-06 02:00:00,1,1,0
2016-08-06 03:00:00,3,2,1
2016-08-06 04:00:00,3,0,3
2016-08-06 05:00:00,9,2,7
2016-08-06 06:00:00,13,3,10
2016-08-06 07:00:00,28,10,18
2016-08-06 08:00:00,41,22,19
2016-08-06 09:00:00,43,23,20
2016-08-06 10:00:00,42,23,19
2016-08-06 11:00:00,64,27,37
2016-08-06 12:00:00,59,17,42
2016-08-06 13:00:00,50,21,29
2016-08-06 14:00:00,61,43,18
2016-08-06 15:00:00,66,34,32
2016-08-06 16:00:00,84,23,61
2016-08-06 17:00:00,58,24,34
2016-08-06 18:00:00,47,25,22
2016-08-06 19:00:00,28,12,16
2016-08-06 20:00:00,22,12,10
2016-08-06 21:00:00,29,22,7
2016-08-06 22:00:00,18,13,5
2016-08-06 23:00:00,7,2,5
2016-08-07 00:00:00,15,14,1
2016-08-07 01:00:00,9,6,3
2016-08-07 02:00:00,2,0,2
2016-08-07 03:00:00,2,2,0
2016-08-07 04:00:00,3,3,0
2016-08-07 05:00:00,4,1,3
2016-08-07 06:00:00,12,7,5
2016-08-07 07:00:00,24,5,19
2016-08-07 08:00:00,26,10,16
2016-08-07 09:00:00,54,32,22
2016-08-07 10:00:00,63,33,30
2016-08-07 11:00:00,61,27,34
2016-08-07 12:00:00,40,20,20
2016-08-07 13:00:00,42,22,20
2016-08-07 14:00:00,61,27,34
2016-08-07 15:00:00,36,20,16
2016-08-07 16:00:00,31,16,15
2016-08-07 17:00:00,43,18,25
2016-08-07 18:00:00,27,20,7
2016-08-07 19:00:00,7,5,2
2016-08-07 20:00:00,9,5,4
2016-08-07 21:00:00,11,6,5
2016-08-07 22:00:00,2,2,0
2016-08-07 23:00:00,1,0,1
2016-08-08 00:00:00,7,4,3
2016-08-08 01:00:00,5,3,2
2016-08-08 02:00:00,3,2,1
2016-08-08 03:00:00,3,1,2
2016-08-08 04:00:00,8,3,5
2016-08-08 05:00:00,23,3,20
2016-08-08 06:00:00,63,8,55
2016-08-08 07:00:00,128,13,115
2016-08-08 08:00:00,147,22,125
2016-08-08 09:00:00,41,6,35
2016-08-08 10:00:00,22,8,14
2016-08-08 11:00:00,14,6,8
2016-08-08 12:00:00,24,12,12
2016-08-08 13:00:00,22,9,13
2016-08-08 14:00:00,20,11,9
2016-08-08 15:00:00,43,31,12
2016-08-08 16:00:00,90,65,25
2016-08-08 17:00:00,194,166,28
2016-08-08 18:00:00,115,95,20
2016-08-08 19:00:00,55,40,15
2016-08-08 20:00:00,36,23,13
2016-08-08 21:00:00,11,9,2
2016-08-08 22:00:00,12,11,1
2016-08-08 23:00:00,8,4,4
2016-08-09 00:00:00,2,2,0
2016-08-09 01:00:00,8,4,4
2016-08-09 02:00:00,3,2,1
2016-08-09 03:00:00,4,2,2
2016-08-09 04:00:00,8,2,6
2016-08-09 05:00:00,29,6,23
2016-08-09 06:00:00,81,11,70
2016-08-09 07:00:00,160,14,146
2016-08-09 08:00:00,122,18,104
2016-08-09 09:00:00,97,18,79
2016-08-09 10:00:00,26,7,19
2016-08-09 11:00:00,28,15,13
2016-08-09 12:00:00,17,4,13
2016-08-09 13:00:00,26,18,8
2016-08-09 14:00:00,25,5,20
2016-08-09 15:00:00,59,36,23
2016-08-09 16:00:00,109,91,18
2016-08-09 17:00:00,198,172,26
2016-08-09 18:00:00,108,94,14
2016-08-09 19:00:00,69,53,16
2016-08-09 20:00:00,29,20,9
2016-08-09 21:00:00,15,13,2
2016-08-09 22:00:00,10,6,4
2016-08-09 23:00:00,4,4,0
2016-08-10 00:00:00,5,4,1
2016-08-10 01:00:00,3,2,1
2016-08-10 02:00:00,3,1,2
2016-08-10 03:00:00,2,1,1
2016-08-10 04:00:00,4,1,3
2016-08-10 05:00:00,28,6,22
2016-08-10 06:00:00,83,11,72
2016-08-10 07:00:00,164,11,153
2016-08-10 08:00:00,173,18,155
2016-08-10 09:00:00,75,14,61
2016-08-10 10:00:00,35,6,29
2016-08-10 11:00:00,33,13,20
2016-08-10 12:00:00,28,9,19
2016-08-10 13:00:00,27,15,12
2016-08-10 14:00:00,24,10,14
2016-08-10 15:00:00,49,28,21
2016-08-10 16:00:00,110,78,32
2016-08-10 17:00:00,206,186,20
2016-08-10 18:00:00,124,102,22
2016-08-10 19:00:00,62,46,16
2016-08-10 20:00:00,41,32,9
2016-08-10 21:00:00,18,17,1
2016-08-10 22:00:00,12,9,3
2016-08-10 23:00:00,10,7,3
2016-08-11 00:00:00,5,2,3
2016-08-11 01:00:00,4,3,1
2016-08-11 02:00:00,1,0,1
2016-08-11 03:00:00,2,0,2
2016-08-11 04:00:00,3,0,3
2016-08-11 05:00:00,30,5,25
2016-08-11 06:00:00,78,14,64
2016-08-11 07:00:00,161,21,140
2016-08-11 08:00:00,148,15,133
2016-08-11 09:00:00,69,10,59
2016-08-11 10:00:00,29,7,22
2016-08-11 11:00:00,32,11,21
2016-08-11 12:00:00,27,10,17
2016-08-11 13:00:00,34,12,22
2016-08-11 14:00:00,36,23,13
2016-08-11 15:00:00,52,34,18
2016-08-11 16:00:00,117,85,32
2016-08-11 17:00:00,191,166,25
2016-08-11 18:00:00,135,116,19
2016-08-11 19:00:00,74,61,13
2016-08-11 20:00:00,47,33,14
2016-08-11 21:00:00,15,11,4
2016-08-11 22:00:00,17,9,8
2016-08-11 23:00:00,8,4,4
2016-08-12 00:00:00,11,7,4
2016-08-12 01:00:00,4,3,1
2016-08-12 02:00:00,7,2,5
2016-08-12 03:00:00,4,2,2
2016-08-12 04:00:00,5,1,4
2016-08-12 05:00:00,16,3,13
2016-08-12 06:00:00,74,10,64
2016-08-12 07:00:00,131,18,113
2016-08-12 08:00:00,127,16,111
2016-08-12 09:00:00,40,6,34
2016-08-12 10:00:00,36,12,24
2016-08-12 11:00:00,34,12,22
2016-08-12 12:00:00,26,8,18
2016-08-12 13:00:00,28,17,11
2016-08-12 14:00:00,26,16,10
2016-08-12 15:00:00,52,36,16
2016-08-12 16:00:00,123,96,27
2016-08-12 17:00:00,138,115,23
2016-08-12 18:00:00,67,58,9
2016-08-12 19:00:00,41,29,12
2016-08-12 20:00:00,40,25,15
2016-08-12 21:00:00,24,14,10
2016-08-12 22:00:00,9,4,5
2016-08-12 23:00:00,10,5,5
2016-08-13 00:00:00,9,7,2
2016-08-13 01:00:00,5,4,1
2016-08-13 02:00:00,2,1,1
2016-08-13 03:00:00,1,1,0
2016-08-13 04:00:00,3,0,3
2016-08-13 05:00:00,5,0,5
2016-08-13 06:00:00,15,4,11
2016-08-13 07:00:00,19,9,10
2016-08-13 08:00:00,38,15,23
2016-08-13 09:00:00,51,21,30
2016-08-13 10:00:00,53,23,30
2016-08-13 11:00:00,78,47,31
2016-08-13 12:00:00,65,39,26
2016-08-13 13:00:00,67,34,33
2016-08-13 14:00:00,75,41,34
2016-08-13 15:00:00,62,28,34
2016-08-13 16:00:00,45,29,16
2016-08-13 17:00:00,35,16,19
2016-08-13 18:00:00,30,19,11
2016-08-13 19:00:00,28,10,18
2016-08-13 20:00:00,24,13,11
2016-08-13 21:00:00,9,4,5
2016-08-13 22:00:00,6,4,2
2016-08-13 23:00:00,4,3,1
2016-08-14 00:00:00,3,1,2
2016-08-14 01:00:00,1,1,0
2016-08-14 02:00:00,4,2,2
2016-08-14 03:00:00,1,0,1
2016-08-14 04:00:00,4,4,0
2016-08-14 05:00:00,0,0,0
2016-08-14 06:00:00,12,1,11
2016-08-14 07:00:00,31,14,17
2016-08-14 08:00:00,40,17,23
2016-08-14 09:00:00,57,27,30
2016-08-14 10:00:00,114,36,78
2016-08-14 11:00:00,156,50,106
2016-08-14 12:00:00,113,38,75
2016-08-14 13:00:00,75,35,40
2016-08-14 14:00:00,77,40,37
2016-08-14 15:00:00,81,44,37
2016-08-14 16:00:00,53,23,30
2016-08-14 17:00:00,49,18,31
2016-08-14 18:00:00,48,30,18
2016-08-14 19:00:00,37,22,15
2016-08-14 20:00:00,21,15,6
2016-08-14 21:00:00,15,9,6
2016-08-14 22:00:00,7,2,5
2016-08-14 23:00:00,2,1,1
2016-08-15 00:00:00,0,0,0
2016-08-15 01:00:00,3,2,1
2016-08-15 02:00:00,2,1,1
2016-08-15 03:00:00,2,2,0
2016-08-15 04:00:00,12,1,11
2016-08-15 05:00:00,36,10,26
2016-08-15 06:00:00,78,15,63
2016-08-15 07:00:00,151,14,137
2016-08-15 08:00:00,156,21,135
2016-08-15 09:00:00,58,11,47
2016-08-15 10:00:00,33,4,29
2016-08-15 11:00:00,14,6,8
2016-08-15 12:00:00,26,12,14
2016-08-15 13:00:00,25,15,10
2016-08-15 14:00:00,31,14,17
2016-08-15 15:00:00,42,29,13
2016-08-15 16:00:00,103,79,24
2016-08-15 17:00:00,193,173,20
2016-08-15 18:00:00,147,134,13
2016-08-15 19:00:00,69,43,26
2016-08-15 20:00:00,39,27,12
2016-08-15 21:00:00,23,16,7
2016-08-15 22:00:00,7,6,1
2016-08-15 23:00:00,5,3,2
2016-08-16 00:00:00,5,3,2
2016-08-16 01:00:00,1,1,0
2016-08-16 02:00:00,1,0,1
2016-08-16 03:00:00,3,1,2
2016-08-16 04:00:00,7,1,6
2016-08-16 05:00:00,25,3,22
2016-08-16 06:00:00,75,13,62
2016-08-16 07:00:00,160,23,137
2016-08-16 08:00:00,165,29,136
2016-08-16 09:00:00,71,12,59
2016-08-16 10:00:00,28,5,23
2016-08-16 11:00:00,30,16,14
2016-08-16 12:00:00,25,13,12
2016-08-16 13:00:00,27,11,16
2016-08-16 14:00:00,33,15,18
2016-08-16 15:00:00,60,42,18
2016-08-16 16:00:00,114,88,26
2016-08-16 17:00:00,212,179,33
2016-08-16 18:00:00,167,144,23
2016-08-16 19:00:00,53,42,11
2016-08-16 20:00:00,30,21,9
2016-08-16 21:00:00,21,14,7
2016-08-16 22:00:00,8,7,1
2016-08-16 23:00:00,6,3,3
2016-08-17 00:00:00,1,1,0
2016-08-17 01:00:00,1,1,0
2016-08-17 02:00:00,3,1,2
2016-08-17 03:00:00,3,1,2
2016-08-17 04:00:00,7,0,7
2016-08-17 05:00:00,25,4,21
2016-08-17 06:00:00,82,20,62
2016-08-17 07:00:00,167,19,148
2016-08-17 08:00:00,165,17,148
2016-08-17 09:00:00,73,11,62
2016-08-17 10:00:00,32,10,22
2016-08-17 11:00:00,22,11,11
2016-08-17 12:00:00,25,12,13
2016-08-17 13:00:00,23,16,7
2016-08-17 14:00:00,26,16,10
2016-08-17 15:00:00,38,27,11
2016-08-17 16:00:00,104,78,26
2016-08-17 17:00:00,206,185,21
2016-08-17 18:00:00,151,127,24
2016-08-17 19:00:00,87,63,24
2016-08-17 20:00:00,41,27,14
2016-08-17 21:00:00,15,10,5
2016-08-17 22:00:00,7,5,2
2016-08-17 23:00:00,5,4,1
2016-08-18 00:00:00,4,2,2
2016-08-18 01:00:00,3,1,2
2016-08-18 02:00:00,3,2,1
2016-08-18 03:00:00,3,2,1
2016-08-18 04:00:00,7,1,6
2016-08-18 05:00:00,28,5,23
2016-08-18 06:00:00,61,13,48
2016-08-18 07:00:00,176,21,155
2016-08-18 08:00:00,151,21,130
2016-08-18 09:00:00,61,9,52
2016-08-18 10:00:00,43,18,25
2016-08-18 11:00:00,31,17,14
2016-08-18 12:00:00,27,13,14
2016-08-18 13:00:00,25,12,13
2016-08-18 14:00:00,32,18,14
2016-08-18 15:00:00,56,39,17
2016-08-18 16:00:00,131,95,36
2016-08-18 17:00:00,167,132,35
2016-08-18 18:00:00,137,116,21
2016-08-18 19:00:00,77,56,21
2016-08-18 20:00:00,37,27,10
2016-08-18 21:00:00,24,17,7
2016-08-18 22:00:00,12,10,2
2016-08-18 23:00:00,10,8,2
2016-08-19 00:00:00,2,2,0
2016-08-19 01:00:00,1,0,1
2016-08-19 02:00:00,2,1,1
2016-08-19 03:00:00,3,1,2
2016-08-19 04:00:00,7,1,6
2016-08-19 05:00:00,15,5,10
2016-08-19 06:00:00,50,10,40
2016-08-19 07:00:00,114,16,98
2016-08-19 08:00:00,113,14,99
2016-08-19 09:00:00,46,12,34
2016-08-19 10:00:00,27,9,18
2016-08-19 11:00:00,28,9,19
2016-08-19 12:00:00,16,10,6
2016-08-19 13:00:00,21,9,12
2016-08-19 14:00:00,37,16,21
2016-08-19 15:00:00,49,30,19
2016-08-19 16:00:00,87,75,12
2016-08-19 17:00:00,114,105,9
2016-08-19 18:00:00,74,63,11
2016-08-19 19:00:00,44,31,13
2016-08-19 20:00:00,23,16,7
2016-08-19 21:00:00,29,21,8
2016-08-19 22:00:00,8,4,4
2016-08-19 23:00:00,7,4,3
2016-08-20 00:00:00,4,4,0
2016-08-20 01:00:00,1,1,0
2016-08-20 02:00:00,3,3,0
2016-08-20 03:00:00,0,0,0
2016-08-20 04:00:00,2,1,1
2016-08-20 05:00:00,4,2,2
2016-08-20 06:00:00,12,3,9
2016-08-20 07:00:00,26,14,12
2016-08-20 08:00:00,26,17,9
2016-08-20 09:00:00,46,33,13
2016-08-20 10:00:00,64,28,36
2016-08-20 11:00:00,110,87,23
2016-08-20 12:00:00,77,32,45
2016-08-20 13:00:00,46,26,20
2016-08-20 14:00:00,61,40,21
2016-08-20 15:00:00,52,27,25
2016-08-20 16:00:00,49,23,26
2016-08-20 17:00:00,35,18,17
2016-08-20 18:00:00,26,9,17
2016-08-20 19:00:00,22,12,10
2016-08-20 20:00:00,22,12,10
2016-08-20 21:00:00,16,7,9
2016-08-20 22:00:00,10,6,4
2016-08-20 23:00:00,1,1,0
2016-08-21 00:00:00,7,3,4
2016-08-21 01:00:00,4,2,2
2016-08-21 02:00:00,2,0,2
2016-08-21 03:00:00,1,1,0
2016-08-21 04:00:00,2,2,0
2016-08-21 05:00:00,2,1,1
2016-08-21 06:00:00,5,1,4
2016-08-21 07:00:00,11,0,11
2016-08-21 08:00:00,24,14,10
2016-08-21 09:00:00,31,22,9
2016-08-21 10:00:00,29,14,15
2016-08-21 11:00:00,43,21,22
2016-08-21 12:00:00,59,27,32
2016-08-21 13:00:00,48,27,21
2016-08-21 14:00:00,54,25,29
2016-08-21 15:00:00,54,28,26
2016-08-21 16:00:00,59,28,31
2016-08-21 17:00:00,48,24,24
2016-08-21 18:00:00,41,22,19
2016-08-21 19:00:00,35,14,21
2016-08-21 20:00:00,19,17,2
2016-08-21 21:00:00,22,18,4
2016-08-21 22:00:00,12,11,1
2016-08-21 23:00:00,4,2,2
2016-08-22 00:00:00,3,2,1
2016-08-22 01:00:00,3,2,1
2016-08-22 02:00:00,1,0,1
2016-08-22 03:00:00,2,1,1
2016-08-22 04:00:00,8,1,7
2016-08-22 05:00:00,27,7,20
2016-08-22 06:00:00,71,13,58
2016-08-22 07:00:00,154,16,138
2016-08-22 08:00:00,149,17,132
2016-08-22 09:00:00,59,14,45
2016-08-22 10:00:00,22,5,17
2016-08-22 11:00:00,27,8,19
2016-08-22 12:00:00,20,9,11
2016-08-22 13:00:00,21,14,7
2016-08-22 14:00:00,34,17,17
2016-08-22 15:00:00,47,33,14
2016-08-22 16:00:00,103,84,19
2016-08-22 17:00:00,186,170,16
2016-08-22 18:00:00,145,128,17
2016-08-22 19:00:00,58,46,12
2016-08-22 20:00:00,33,26,7
2016-08-22 21:00:00,24,12,12
2016-08-22 22:00:00,17,7,10
2016-08-22 23:00:00,5,3,2
2016-08-23 00:00:00,3,2,1
2016-08-23 01:00:00,5,3,2
2016-08-23 02:00:00,3,2,1
2016-08-23 03:00:00,6,0,6
2016-08-23 04:00:00,13,5,8
2016-08-23 05:00:00,30,4,26
2016-08-23 06:00:00,85,17,68
2016-08-23 07:00:00,157,12,145
2016-08-23 08:00:00,159,13,146
2016-08-23 09:00:00,69,11,58
2016-08-23 10:00:00,26,9,17
2016-08-23 11:00:00,27,9,18
2016-08-23 12:00:00,23,13,10
2016-08-23 13:00:00,32,22,10
2016-08-23 14:00:00,35,15,20
2016-08-23 15:00:00,53,38,15
2016-08-23 16:00:00,120,94,26
2016-08-23 17:00:00,206,181,25
2016-08-23 18:00:00,142,119,23
2016-08-23 19:00:00,68,52,16
2016-08-23 20:00:00,31,25,6
2016-08-23 21:00:00,21,16,5
2016-08-23 22:00:00,13,10,3
2016-08-23 23:00:00,6,5,1
2016-08-24 00:00:00,4,3,1
2016-08-24 01:00:00,0,0,0
2016-08-24 02:00:00,2,0,2
2016-08-24 03:00:00,2,0,2
2016-08-24 04:00:00,10,3,7
2016-08-24 05:00:00,30,9,21
2016-08-24 06:00:00,78,13,65
2016-08-24 07:00:00,162,21,141
2016-08-24 08:00:00,155,15,140
2016-08-24 09:00:00,78,9,69
2016-08-24 10:00:00,34,8,26
2016-08-24 11:00:00,16,4,12
2016-08-24 12:00:00,30,14,16
2016-08-24 13:00:00,26,18,8
2016-08-24 14:00:00,39,21,18
2016-08-24 15:00:00,72,54,18
2016-08-24 16:00:00,131,112,19
2016-08-24 17:00:00,202,175,27
2016-08-24 18:00:00,131,107,24
2016-08-24 19:00:00,70,61,9
2016-08-24 20:00:00,45,28,17
2016-08-24 21:00:00,29,24,5
2016-08-24 22:00:00,7,3,4
2016-08-24 23:00:00,6,5,1
2016-08-25 00:00:00,1,1,0
2016-08-25 01:00:00,1,1,0
2016-08-25 02:00:00,3,1,2
2016-08-25 03:00:00,2,0,2
2016-08-25 04:00:00,6,1,5
2016-08-25 05:00:00,26,5,21
2016-08-25 06:00:00,81,10,71
2016-08-25 07:00:00,155,13,142
2016-08-25 08:00:00,158,17,141
2016-08-25 09:00:00,59,15,44
2016-08-25 10:00:00,30,7,23
2016-08-25 11:00:00,34,10,24
2016-08-25 12:00:00,33,14,19
2016-08-25 13:00:00,27,12,15
2016-08-25 14:00:00,15,10,5
2016-08-25 15:00:00,52,42,10
2016-08-25 16:00:00,119,93,26
2016-08-25 17:00:00,195,169,26
2016-08-25 18:00:00,147,131,16
2016-08-25 19:00:00,71,53,18
2016-08-25 20:00:00,41,28,13
2016-08-25 21:00:00,26,17,9
2016-08-25 22:00:00,8,7,1
2016-08-25 23:00:00,5,4,1
2016-08-26 00:00:00,2,0,2
2016-08-26 01:00:00,1,0,1
2016-08-26 02:00:00,4,3,1
2016-08-26 03:00:00,5,3,2
2016-08-26 04:00:00,6,2,4
2016-08-26 05:00:00,22,5,17
2016-08-26 06:00:00,62,14,48
2016-08-26 07:00:00,135,16,119
2016-08-26 08:00:00,110,16,94
2016-08-26 09:00:00,59,12,47
2016-08-26 10:00:00,30,16,14
2016-08-26 11:00:00,30,15,15
2016-08-26 12:00:00,22,13,9
2016-08-26 13:00:00,32,21,11
2016-08-26 14:00:00,32,15,17
2016-08-26 15:00:00,45,35,10
2016-08-26 16:00:00,106,89,17
2016-08-26 17:00:00,145,118,27
2016-08-26 18:00:00,82,68,14
2016-08-26 19:00:00,42,30,12
2016-08-26 20:00:00,18,13,5
2016-08-26 21:00:00,13,10,3
2016-08-26 22:00:00,10,6,4
2016-08-26 23:00:00,11,6,5
2016-08-27 00:00:00,5,2,3
2016-08-27 01:00:00,2,2,0
2016-08-27 02:00:00,0,0,0
2016-08-27 03:00:00,2,1,1
2016-08-27 04:00:00,4,0,4
2016-08-27 05:00:00,3,1,2
2016-08-27 06:00:00,12,3,9
2016-08-27 07:00:00,14,8,6
2016-08-27 08:00:00,34,18,16
2016-08-27 09:00:00,40,27,13
2016-08-27 10:00:00,37,16,21
2016-08-27 11:00:00,41,25,16
2016-08-27 12:00:00,38,11,27
2016-08-27 13:00:00,51,23,28
2016-08-27 14:00:00,42,24,18
2016-08-27 15:00:00,53,28,25
2016-08-27 16:00:00,27,13,14
2016-08-27 17:00:00,31,18,13
2016-08-27 18:00:00,41,23,18
2016-08-27 19:00:00,16,7,9
2016-08-27 20:00:00,10,8,2
2016-08-27 21:00:00,11,7,4
2016-08-27 22:00:00,3,2,1
2016-08-27 23:00:00,5,2,3
2016-08-28 00:00:00,6,4,2
2016-08-28 01:00:00,6,4,2
2016-08-28 02:00:00,3,0,3
2016-08-28 03:00:00,0,0,0
2016-08-28 04:00:00,6,3,3
2016-08-28 05:00:00,2,1,1
2016-08-28 06:00:00,4,0,4
2016-08-28 07:00:00,22,7,15
2016-08-28 08:00:00,33,14,19
2016-08-28 09:00:00,39,19,20
2016-08-28 10:00:00,34,15,19
2016-08-28 11:00:00,51,33,18
2016-08-28 12:00:00,59,32,27
2016-08-28 13:00:00,35,14,21
2016-08-28 14:00:00,62,30,32
2016-08-28 15:00:00,44,18,26
2016-08-28 16:00:00,46,25,21
2016-08-28 17:00:00,32,19,13
2016-08-28 18:00:00,21,19,2
2016-08-28 19:00:00,6,1,5
2016-08-28 20:00:00,5,2,3
2016-08-28 21:00:00,7,6,1
2016-08-28 22:00:00,8,3,5
2016-08-28 23:00:00,3,2,1
2016-08-29 00:00:00,1,0,1
2016-08-29 01:00:00,0,0,0
2016-08-29 02:00:00,3,1,2
2016-08-29 03:00:00,1,0,1
2016-08-29 04:00:00,8,2,6
2016-08-29 05:00:00,48,8,40
2016-08-29 06:00:00,61,8,53
2016-08-29 07:00:00,127,11,116
2016-08-29 08:00:00,136,9,127
2016-08-29 09:00:00,51,8,43
2016-08-29 10:00:00,27,4,23
2016-08-29 11:00:00,21,9,12
2016-08-29 12:00:00,32,17,15
2016-08-29 13:00:00,34,20,14
2016-08-29 14:00:00,36,24,12
2016-08-29 15:00:00,48,34,14
2016-08-29 16:00:00,121,93,28
2016-08-29 17:00:00,193,169,24
2016-08-29 18:00:00,130,110,20
2016-08-29 19:00:00,58,45,13
2016-08-29 20:00:00,21,18,3
2016-08-29 21:00:00,17,10,7
2016-08-29 22:00:00,6,5,1
2016-08-29 23:00:00,4,4,0
2016-08-30 00:00:00,4,1,3
2016-08-30 01:00:00,2,2,0
2016-08-30 02:00:00,0,0,0
2016-08-30 03:00:00,3,2,1
2016-08-30 04:00:00,7,0,7
2016-08-30 05:00:00,32,5,27
2016-08-30 06:00:00,76,12,64
2016-08-30 07:00:00,159,24,135
2016-08-30 08:00:00,145,8,137
2016-08-30 09:00:00,43,3,40
2016-08-30 10:00:00,25,6,19
2016-08-30 11:00:00,20,4,16
2016-08-30 12:00:00,12,3,9
2016-08-30 13:00:00,30,20,10
2016-08-30 14:00:00,33,17,16
2016-08-30 15:00:00,47,33,14
2016-08-30 16:00:00,110,88,22
2016-08-30 17:00:00,180,154,26
2016-08-30 18:00:00,130,112,18
2016-08-30 19:00:00,71,52,19
2016-08-30 20:00:00,22,15,7
2016-08-30 21:00:00,18,18,0
2016-08-30 22:00:00,11,5,6
2016-08-30 23:00:00,9,7,2
2016-08-31 00:00:00,3,1,2
2016-08-31 01:00:00,2,1,1
2016-08-31 02:00:00,3,2,1
2016-08-31 03:00:00,3,2,1
2016-08-31 04:00:00,6,0,6
2016-08-31 05:00:00,20,4,16
2016-08-31 06:00:00,56,12,44
2016-08-31 07:00:00,127,17,110
2016-08-31 08:00:00,107,14,93
2016-08-31 09:00:00,55,9,46
2016-08-31 10:00:00,22,3,19
2016-08-31 11:00:00,13,5,8
2016-08-31 12:00:00,12,4,8
2016-08-31 13:00:00,13,9,4
2016-08-31 14:00:00,23,15,8
2016-08-31 15:00:00,31,20,11
2016-08-31 16:00:00,71,56,15
2016-08-31 17:00:00,155,135,20
2016-08-31 18:00:00,87,75,12
2016-08-31 19:00:00,40,34,6
2016-08-31 20:00:00,20,18,2
2016-08-31 21:00:00,17,13,4
2016-08-31 22:00:00,9,6,3
2016-08-31 23:00:00,6,3,3
2016-09-01 00:00:00,3,2,1
2016-09-01 01:00:00,2,2,0
2016-09-01 02:00:00,1,0,1
2016-09-01 03:00:00,1,0,1
2016-09-01 04:00:00,5,1,4
2016-09-01 05:00:00,12,1,11
2016-09-01 06:00:00,58,7,51
2016-09-01 07:00:00,106,17,89
2016-09-01 08:00:00,137,11,126
2016-09-01 09:00:00,50,8,42
2016-09-01 10:00:00,26,6,20
2016-09-01 11:00:00,18,7,11
2016-09-01 12:00:00,20,6,14
2016-09-01 13:00:00,22,11,11
2016-09-01 14:00:00,22,11,11
2016-09-01 15:00:00,40,32,8
2016-09-01 16:00:00,79,68,11
2016-09-01 17:00:00,145,128,17
2016-09-01 18:00:00,89,77,12
2016-09-01 19:00:00,33,26,7
2016-09-01 20:00:00,17,11,6
2016-09-01 21:00:00,23,20,3
2016-09-01 22:00:00,5,3,2
2016-09-01 23:00:00,9,3,6
2016-09-02 00:00:00,8,1,7
2016-09-02 01:00:00,3,2,1
2016-09-02 02:00:00,1,1,0
2016-09-02 03:00:00,0,0,0
2016-09-02 04:00:00,7,0,7
2016-09-02 05:00:00,13,3,10
2016-09-02 06:00:00,45,9,36
2016-09-02 07:00:00,61,10,51
2016-09-02 08:00:00,86,6,80
2016-09-02 09:00:00,25,8,17
2016-09-02 10:00:00,6,1,5
2016-09-02 11:00:00,3,2,1
2016-09-02 12:00:00,9,7,2
2016-09-02 13:00:00,18,9,9
2016-09-02 14:00:00,21,15,6
2016-09-02 15:00:00,31,24,7
2016-09-02 16:00:00,62,44,18
2016-09-02 17:00:00,67,61,6
2016-09-02 18:00:00,48,43,5
2016-09-02 19:00:00,30,21,9
2016-09-02 20:00:00,12,10,2
2016-09-02 21:00:00,4,3,1
2016-09-02 22:00:00,9,8,1
2016-09-02 23:00:00,3,0,3
2016-09-03 00:00:00,3,0,3
2016-09-03 01:00:00,4,1,3
2016-09-03 02:00:00,3,2,1
2016-09-03 03:00:00,2,1,1
2016-09-03 04:00:00,3,0,3
2016-09-03 05:00:00,4,0,4
2016-09-03 06:00:00,5,3,2
2016-09-03 07:00:00,14,5,9
2016-09-03 08:00:00,8,2,6
2016-09-03 09:00:00,11,4,7
2016-09-03 10:00:00,9,7,2
2016-09-03 11:00:00,15,7,8
2016-09-03 12:00:00,27,15,12
2016-09-03 13:00:00,22,12,10
2016-09-03 14:00:00,28,16,12
2016-09-03 15:00:00,37,19,18
2016-09-03 16:00:00,36,24,12
2016-09-03 17:00:00,26,16,10
2016-09-03 18:00:00,24,13,11
2016-09-03 19:00:00,18,7,11
2016-09-03 20:00:00,16,9,7
2016-09-03 21:00:00,9,3,6
2016-09-03 22:00:00,5,3,2
2016-09-03 23:00:00,3,2,1
2016-09-04 00:00:00,5,4,1
2016-09-04 01:00:00,1,0,1
2016-09-04 02:00:00,2,1,1
2016-09-04 03:00:00,1,1,0
2016-09-04 04:00:00,1,1,0
2016-09-04 05:00:00,4,1,3
2016-09-04 06:00:00,7,2,5
2016-09-04 07:00:00,12,4,8
2016-09-04 08:00:00,16,4,12
2016-09-04 09:00:00,38,14,24
2016-09-04 10:00:00,57,38,19
2016-09-04 11:00:00,31,13,18
2016-09-04 12:00:00,69,30,39
2016-09-04 13:00:00,54,35,19
2016-09-04 14:00:00,71,42,29
2016-09-04 15:00:00,71,35,36
2016-09-04 16:00:00,67,29,38
2016-09-04 17:00:00,61,40,21
2016-09-04 18:00:00,34,25,9
2016-09-04 19:00:00,29,10,19
2016-09-04 20:00:00,7,3,4
2016-09-04 21:00:00,3,1,2
2016-09-04 22:00:00,4,3,1
2016-09-04 23:00:00,4,2,2
2016-09-05 00:00:00,2,2,0
2016-09-05 01:00:00,4,1,3
2016-09-05 02:00:00,1,1,0
2016-09-05 03:00:00,0,0,0
2016-09-05 04:00:00,3,0,3
2016-09-05 05:00:00,5,1,4
2016-09-05 06:00:00,6,2,4
2016-09-05 07:00:00,6,0,6
2016-09-05 08:00:00,28,10,18
2016-09-05 09:00:00,36,17,19
2016-09-05 10:00:00,24,8,16
2016-09-05 11:00:00,29,13,16
2016-09-05 12:00:00,58,23,35
2016-09-05 13:00:00,22,12,10
2016-09-05 14:00:00,56,32,24
2016-09-05 15:00:00,51,27,24
2016-09-05 16:00:00,48,24,24
2016-09-05 17:00:00,33,26,7
2016-09-05 18:00:00,22,18,4
2016-09-05 19:00:00,21,13,8
2016-09-05 20:00:00,5,2,3
2016-09-05 21:00:00,9,5,4
2016-09-05 22:00:00,4,2,2
2016-09-05 23:00:00,12,5,7
2016-09-06 00:00:00,5,1,4
2016-09-06 01:00:00,1,0,1
2016-09-06 02:00:00,2,0,2
2016-09-06 03:00:00,1,0,1
2016-09-06 04:00:00,6,1,5
2016-09-06 05:00:00,11,2,9
2016-09-06 06:00:00,39,6,33
2016-09-06 07:00:00,95,8,87
2016-09-06 08:00:00,93,6,87
2016-09-06 09:00:00,48,9,39
2016-09-06 10:00:00,21,3,18
2016-09-06 11:00:00,9,1,8
2016-09-06 12:00:00,10,3,7
2016-09-06 13:00:00,10,5,5
2016-09-06 14:00:00,16,6,10
2016-09-06 15:00:00,26,15,11
2016-09-06 16:00:00,73,59,14
2016-09-06 17:00:00,132,111,21
2016-09-06 18:00:00,78,69,9
2016-09-06 19:00:00,41,28,13
2016-09-06 20:00:00,15,14,1
2016-09-06 21:00:00,13,11,2
2016-09-06 22:00:00,2,1,1
2016-09-06 23:00:00,4,3,1
2016-09-07 00:00:00,2,1,1
2016-09-07 01:00:00,2,1,1
2016-09-07 02:00:00,2,0,2
2016-09-07 03:00:00,1,0,1
2016-09-07 04:00:00,7,2,5
2016-09-07 05:00:00,22,4,18
2016-09-07 06:00:00,67,10,57
2016-09-07 07:00:00,133,13,120
2016-09-07 08:00:00,169,19,150
2016-09-07 09:00:00,59,8,51
2016-09-07 10:00:00,30,4,26
2016-09-07 11:00:00,27,10,17
2016-09-07 12:00:00,19,9,10
2016-09-07 13:00:00,28,12,16
2016-09-07 14:00:00,30,15,15
2016-09-07 15:00:00,34,30,4
2016-09-07 16:00:00,83,70,13
2016-09-07 17:00:00,154,136,18
2016-09-07 18:00:00,106,97,9
2016-09-07 19:00:00,32,30,2
2016-09-07 20:00:00,15,14,1
2016-09-07 21:00:00,16,13,3
2016-09-07 22:00:00,2,1,1
2016-09-07 23:00:00,4,4,0
2016-09-08 00:00:00,2,1,1
2016-09-08 01:00:00,2,1,1
2016-09-08 02:00:00,2,1,1
2016-09-08 03:00:00,2,1,1
2016-09-08 04:00:00,3,0,3
2016-09-08 05:00:00,23,2,21
2016-09-08 06:00:00,67,10,57
2016-09-08 07:00:00,124,15,109
2016-09-08 08:00:00,122,14,108
2016-09-08 09:00:00,47,7,40
2016-09-08 10:00:00,28,3,25
2016-09-08 11:00:00,15,3,12
2016-09-08 12:00:00,26,16,10
2016-09-08 13:00:00,25,7,18
2016-09-08 14:00:00,11,6,5
2016-09-08 15:00:00,43,30,13
2016-09-08 16:00:00,96,75,21
2016-09-08 17:00:00,167,140,27
2016-09-08 18:00:00,103,87,16
2016-09-08 19:00:00,49,37,12
2016-09-08 20:00:00,19,11,8
2016-09-08 21:00:00,18,17,1
2016-09-08 22:00:00,12,9,3
2016-09-08 23:00:00,7,6,1
2016-09-09 00:00:00,3,2,1
2016-09-09 01:00:00,0,0,0
2016-09-09 02:00:00,2,1,1
2016-09-09 03:00:00,0,0,0
2016-09-09 04:00:00,4,1,3
2016-09-09 05:00:00,15,3,12
2016-09-09 06:00:00,64,9,55
2016-09-09 07:00:00,121,11,110
2016-09-09 08:00:00,111,13,98
2016-09-09 09:00:00,55,8,47
2016-09-09 10:00:00,41,12,29
2016-09-09 11:00:00,22,11,11
2016-09-09 12:00:00,32,18,14
2016-09-09 13:00:00,34,17,17
2016-09-09 14:00:00,42,28,14
2016-09-09 15:00:00,60,39,21
2016-09-09 16:00:00,110,90,20
2016-09-09 17:00:00,150,125,25
2016-09-09 18:00:00,90,80,10
2016-09-09 19:00:00,38,28,10
2016-09-09 20:00:00,14,10,4
2016-09-09 21:00:00,14,7,7
2016-09-09 22:00:00,12,4,8
2016-09-09 23:00:00,6,4,2
2016-09-10 00:00:00,3,1,2
2016-09-10 01:00:00,2,2,0
2016-09-10 02:00:00,2,1,1
2016-09-10 03:00:00,0,0,0
2016-09-10 04:00:00,3,0,3
2016-09-10 05:00:00,5,1,4
2016-09-10 06:00:00,10,3,7
2016-09-10 07:00:00,30,8,22
2016-09-10 08:00:00,24,8,16
2016-09-10 09:00:00,34,15,19
2016-09-10 10:00:00,36,21,15
2016-09-10 11:00:00,49,27,22
2016-09-10 12:00:00,59,36,23
2016-09-10 13:00:00,63,36,27
2016-09-10 14:00:00,60,28,32
2016-09-10 15:00:00,69,31,38
2016-09-10 16:00:00,96,47,49
2016-09-10 17:00:00,47,27,20
2016-09-10 18:00:00,41,19,22
2016-09-10 19:00:00,21,7,14
2016-09-10 20:00:00,10,5,5
2016-09-10 21:00:00,11,7,4
2016-09-10 22:00:00,8,6,2
2016-09-10 23:00:00,6,5,1
2016-09-11 00:00:00,4,2,2
2016-09-11 01:00:00,0,0,0
2016-09-11 02:00:00,0,0,0
2016-09-11 03:00:00,0,0,0
2016-09-11 04:00:00,2,1,1
2016-09-11 05:00:00,2,0,2
2016-09-11 06:00:00,2,0,2
2016-09-11 07:00:00,10,6,4
2016-09-11 08:00:00,18,5,13
2016-09-11 09:00:00,31,10,21
2016-09-11 10:00:00,33,22,11
2016-09-11 11:00:00,40,19,21
2016-09-11 12:00:00,32,21,11
2016-09-11 13:00:00,37,19,18
2016-09-11 14:00:00,36,16,20
2016-09-11 15:00:00,45,22,23
2016-09-11 16:00:00,45,29,16
2016-09-11 17:00:00,33,19,14
2016-09-11 18:00:00,23,12,11
2016-09-11 19:00:00,17,8,9
2016-09-11 20:00:00,10,5,5
2016-09-11 21:00:00,2,0,2
2016-09-11 22:00:00,6,3,3
2016-09-11 23:00:00,4,2,2
2016-09-12 00:00:00,2,1,1
2016-09-12 01:00:00,0,0,0
2016-09-12 02:00:00,1,0,1
2016-09-12 03:00:00,2,0,2
2016-09-12 04:00:00,11,1,10
2016-09-12 05:00:00,23,4,19
2016-09-12 06:00:00,92,10,82
2016-09-12 07:00:00,155,12,143
2016-09-12 08:00:00,169,15,154
2016-09-12 09:00:00,52,6,46
2016-09-12 10:00:00,22,3,19
2016-09-12 11:00:00,19,6,13
2016-09-12 12:00:00,26,15,11
2016-09-12 13:00:00,26,13,13
2016-09-12 14:00:00,25,16,9
2016-09-12 15:00:00,51,32,19
2016-09-12 16:00:00,112,88,24
2016-09-12 17:00:00,226,193,33
2016-09-12 18:00:00,133,117,16
2016-09-12 19:00:00,51,44,7
2016-09-12 20:00:00,23,20,3
2016-09-12 21:00:00,21,8,13
2016-09-12 22:00:00,6,3,3
2016-09-12 23:00:00,4,1,3
2016-09-13 00:00:00,3,2,1
2016-09-13 01:00:00,2,1,1
2016-09-13 02:00:00,0,0,0
2016-09-13 03:00:00,4,2,2
2016-09-13 04:00:00,5,1,4
2016-09-13 05:00:00,27,6,21
2016-09-13 06:00:00,81,12,69
2016-09-13 07:00:00,169,11,158
2016-09-13 08:00:00,190,20,170
2016-09-13 09:00:00,59,8,51
2016-09-13 10:00:00,34,13,21
2016-09-13 11:00:00,20,8,12
2016-09-13 12:00:00,23,11,12
2016-09-13 13:00:00,26,10,16
2016-09-13 14:00:00,35,25,10
2016-09-13 15:00:00,55,32,23
2016-09-13 16:00:00,128,98,30
2016-09-13 17:00:00,239,205,34
2016-09-13 18:00:00,138,118,20
2016-09-13 19:00:00,75,57,18
2016-09-13 20:00:00,21,15,6
2016-09-13 21:00:00,13,10,3
2016-09-13 22:00:00,7,4,3
2016-09-13 23:00:00,4,2,2
2016-09-14 00:00:00,4,4,0
2016-09-14 01:00:00,0,0,0
2016-09-14 02:00:00,4,1,3
2016-09-14 03:00:00,4,2,2
2016-09-14 04:00:00,4,0,4
2016-09-14 05:00:00,31,4,27
2016-09-14 06:00:00,72,6,66
2016-09-14 07:00:00,161,8,153
2016-09-14 08:00:00,170,14,156
2016-09-14 09:00:00,56,6,50
2016-09-14 10:00:00,28,10,18
2016-09-14 11:00:00,23,11,12
2016-09-14 12:00:00,31,16,15
2016-09-14 13:00:00,27,12,15
2016-09-14 14:00:00,40,25,15
2016-09-14 15:00:00,47,33,14
2016-09-14 16:00:00,112,92,20
2016-09-14 17:00:00,200,172,28
2016-09-14 18:00:00,156,131,25
2016-09-14 19:00:00,45,31,14
2016-09-14 20:00:00,31,20,11
2016-09-14 21:00:00,12,10,2
2016-09-14 22:00:00,17,10,7
2016-09-14 23:00:00,8,6,2
2016-09-15 00:00:00,2,1,1
2016-09-15 01:00:00,2,1,1
2016-09-15 02:00:00,2,1,1
2016-09-15 03:00:00,1,0,1
2016-09-15 04:00:00,4,0,4
2016-09-15 05:00:00,25,6,19
2016-09-15 06:00:00,72,7,65
2016-09-15 07:00:00,153,17,136
2016-09-15 08:00:00,165,14,151
2016-09-15 09:00:00,75,10,65
2016-09-15 10:00:00,22,7,15
2016-09-15 11:00:00,27,9,18
2016-09-15 12:00:00,22,11,11
2016-09-15 13:00:00,27,9,18
2016-09-15 14:00:00,38,22,16
2016-09-15 15:00:00,48,36,12
2016-09-15 16:00:00,108,91,17
2016-09-15 17:00:00,176,150,26
2016-09-15 18:00:00,105,96,9
2016-09-15 19:00:00,61,50,11
2016-09-15 20:00:00,17,11,6
2016-09-15 21:00:00,13,11,2
2016-09-15 22:00:00,8,6,2
2016-09-15 23:00:00,9,5,4
2016-09-16 00:00:00,4,3,1
2016-09-16 01:00:00,1,1,0
2016-09-16 02:00:00,3,1,2
2016-09-16 03:00:00,1,0,1
2016-09-16 04:00:00,3,0,3
2016-09-16 05:00:00,20,6,14
2016-09-16 06:00:00,61,8,53
2016-09-16 07:00:00,143,13,130
2016-09-16 08:00:00,114,9,105
2016-09-16 09:00:00,44,7,37
2016-09-16 10:00:00,28,6,22
2016-09-16 11:00:00,25,6,19
2016-09-16 12:00:00,32,15,17
2016-09-16 13:00:00,22,10,12
2016-09-16 14:00:00,49,30,19
2016-09-16 15:00:00,44,27,17
2016-09-16 16:00:00,123,103,20
2016-09-16 17:00:00,142,120,22
2016-09-16 18:00:00,101,85,16
2016-09-16 19:00:00,37,30,7
2016-09-16 20:00:00,16,11,5
2016-09-16 21:00:00,12,9,3
2016-09-16 22:00:00,16,9,7
2016-09-16 23:00:00,13,8,5
2016-09-17 00:00:00,5,2,3
2016-09-17 01:00:00,5,2,3
2016-09-17 02:00:00,3,0,3
2016-09-17 03:00:00,1,1,0
2016-09-17 04:00:00,2,1,1
2016-09-17 05:00:00,4,0,4
2016-09-17 06:00:00,4,0,4
2016-09-17 07:00:00,75,67,8
2016-09-17 08:00:00,99,89,10
2016-09-17 09:00:00,10,5,5
2016-09-17 10:00:00,14,7,7
2016-09-17 11:00:00,9,3,6
2016-09-17 12:00:00,25,7,18
2016-09-17 13:00:00,12,7,5
2016-09-17 14:00:00,20,11,9
2016-09-17 15:00:00,22,16,6
2016-09-17 16:00:00,17,10,7
2016-09-17 17:00:00,22,13,9
2016-09-17 18:00:00,15,7,8
2016-09-17 19:00:00,12,6,6
2016-09-17 20:00:00,1,1,0
2016-09-17 21:00:00,5,3,2
2016-09-17 22:00:00,1,1,0
2016-09-17 23:00:00,3,2,1
2016-09-18 00:00:00,4,2,2
2016-09-18 01:00:00,3,2,1
2016-09-18 02:00:00,2,1,1
2016-09-18 03:00:00,4,3,1
2016-09-18 04:00:00,1,0,1
2016-09-18 05:00:00,4,0,4
2016-09-18 06:00:00,3,1,2
2016-09-18 07:00:00,7,1,6
2016-09-18 08:00:00,24,9,15
2016-09-18 09:00:00,33,20,13
2016-09-18 10:00:00,34,19,15
2016-09-18 11:00:00,44,21,23
2016-09-18 12:00:00,49,22,27
2016-09-18 13:00:00,35,12,23
2016-09-18 14:00:00,61,37,24
2016-09-18 15:00:00,55,27,28
2016-09-18 16:00:00,37,22,15
2016-09-18 17:00:00,29,17,12
2016-09-18 18:00:00,11,7,4
2016-09-18 19:00:00,19,9,10
2016-09-18 20:00:00,9,5,4
2016-09-18 21:00:00,9,6,3
2016-09-18 22:00:00,3,3,0
2016-09-18 23:00:00,2,0,2
2016-09-19 00:00:00,1,0,1
2016-09-19 01:00:00,6,4,2
2016-09-19 02:00:00,0,0,0
2016-09-19 03:00:00,2,0,2
2016-09-19 04:00:00,4,1,3
2016-09-19 05:00:00,19,1,18
2016-09-19 06:00:00,49,8,41
2016-09-19 07:00:00,105,7,98
2016-09-19 08:00:00,109,7,102
2016-09-19 09:00:00,60,9,51
2016-09-19 10:00:00,18,2,16
2016-09-19 11:00:00,14,5,9
2016-09-19 12:00:00,18,5,13
2016-09-19 13:00:00,16,8,8
2016-09-19 14:00:00,16,12,4
2016-09-19 15:00:00,34,27,7
2016-09-19 16:00:00,76,65,11
2016-09-19 17:00:00,117,109,8
2016-09-19 18:00:00,98,80,18
2016-09-19 19:00:00,41,28,13
2016-09-19 20:00:00,16,11,5
2016-09-19 21:00:00,17,14,3
2016-09-19 22:00:00,10,6,4
2016-09-19 23:00:00,7,5,2
2016-09-20 00:00:00,2,1,1
2016-09-20 01:00:00,1,1,0
2016-09-20 02:00:00,0,0,0
2016-09-20 03:00:00,4,3,1
2016-09-20 04:00:00,10,0,10
2016-09-20 05:00:00,26,3,23
2016-09-20 06:00:00,66,8,58
2016-09-20 07:00:00,164,12,152
2016-09-20 08:00:00,162,13,149
2016-09-20 09:00:00,55,4,51
2016-09-20 10:00:00,22,5,17
2016-09-20 11:00:00,23,9,14
2016-09-20 12:00:00,19,9,10
2016-09-20 13:00:00,26,14,12
2016-09-20 14:00:00,27,13,14
2016-09-20 15:00:00,48,36,12
2016-09-20 16:00:00,97,82,15
2016-09-20 17:00:00,188,168,20
2016-09-20 18:00:00,125,99,26
2016-09-20 19:00:00,53,40,13
2016-09-20 20:00:00,22,17,5
2016-09-20 21:00:00,8,6,2
2016-09-20 22:00:00,10,6,4
2016-09-20 23:00:00,3,3,0
2016-09-21 00:00:00,0,0,0
2016-09-21 01:00:00,1,1,0
2016-09-21 02:00:00,2,0,2
2016-09-21 03:00:00,4,2,2
2016-09-21 04:00:00,6,0,6
2016-09-21 05:00:00,25,3,22
2016-09-21 06:00:00,78,12,66
2016-09-21 07:00:00,157,8,149
2016-09-21 08:00:00,173,22,151
2016-09-21 09:00:00,73,11,62
2016-09-21 10:00:00,24,6,18
2016-09-21 11:00:00,36,16,20
2016-09-21 12:00:00,27,16,11
2016-09-21 13:00:00,28,10,18
2016-09-21 14:00:00,45,21,24
2016-09-21 15:00:00,51,34,17
2016-09-21 16:00:00,121,105,16
2016-09-21 17:00:00,187,154,33
2016-09-21 18:00:00,139,111,28
2016-09-21 19:00:00,45,38,7
2016-09-21 20:00:00,26,16,10
2016-09-21 21:00:00,16,16,0
2016-09-21 22:00:00,13,10,3
2016-09-21 23:00:00,6,3,3
2016-09-22 00:00:00,5,5,0
2016-09-22 01:00:00,5,2,3
2016-09-22 02:00:00,2,1,1
2016-09-22 03:00:00,4,2,2
2016-09-22 04:00:00,8,0,8
2016-09-22 05:00:00,22,7,15
2016-09-22 06:00:00,76,15,61
2016-09-22 07:00:00,150,9,141
2016-09-22 08:00:00,162,13,149
2016-09-22 09:00:00,55,6,49
2016-09-22 10:00:00,35,12,23
2016-09-22 11:00:00,17,8,9
2016-09-22 12:00:00,30,18,12
2016-09-22 13:00:00,19,4,15
2016-09-22 14:00:00,34,18,16
2016-09-22 15:00:00,52,39,13
2016-09-22 16:00:00,105,83,22
2016-09-22 17:00:00,178,157,21
2016-09-22 18:00:00,137,114,23
2016-09-22 19:00:00,42,32,10
2016-09-22 20:00:00,18,13,5
2016-09-22 21:00:00,16,12,4
2016-09-22 22:00:00,7,4,3
2016-09-22 23:00:00,1,1,0
2016-09-23 00:00:00,2,1,1
2016-09-23 01:00:00,3,2,1
2016-09-23 02:00:00,1,0,1
2016-09-23 03:00:00,2,1,1
2016-09-23 04:00:00,3,0,3
2016-09-23 05:00:00,14,2,12
2016-09-23 06:00:00,49,10,39
2016-09-23 07:00:00,95,12,83
2016-09-23 08:00:00,106,3,103
2016-09-23 09:00:00,42,4,38
2016-09-23 10:00:00,24,5,19
2016-09-23 11:00:00,5,3,2
2016-09-23 12:00:00,11,7,4
2016-09-23 13:00:00,16,7,9
2016-09-23 14:00:00,26,16,10
2016-09-23 15:00:00,36,26,10
2016-09-23 16:00:00,71,59,12
2016-09-23 17:00:00,95,86,9
2016-09-23 18:00:00,68,61,7
2016-09-23 19:00:00,25,19,6
2016-09-23 20:00:00,10,9,1
2016-09-23 21:00:00,5,4,1
2016-09-23 22:00:00,8,6,2
2016-09-23 23:00:00,9,8,1
2016-09-24 00:00:00,0,0,0
2016-09-24 01:00:00,2,1,1
2016-09-24 02:00:00,2,1,1
2016-09-24 03:00:00,3,2,1
2016-09-24 04:00:00,2,1,1
2016-09-24 05:00:00,7,1,6
2016-09-24 06:00:00,7,2,5
2016-09-24 07:00:00,10,2,8
2016-09-24 08:00:00,23,10,13
2016-09-24 09:00:00,20,8,12
2016-09-24 10:00:00,24,13,11
2016-09-24 11:00:00,30,15,15
2016-09-24 12:00:00,40,21,19
2016-09-24 13:00:00,45,25,20
2016-09-24 14:00:00,34,21,13
2016-09-24 15:00:00,49,26,23
2016-09-24 16:00:00,38,19,19
2016-09-24 17:00:00,25,17,8
2016-09-24 18:00:00,18,11,7
2016-09-24 19:00:00,25,10,15
2016-09-24 20:00:00,3,3,0
2016-09-24 21:00:00,11,6,5
2016-09-24 22:00:00,6,5,1
2016-09-24 23:00:00,3,0,3
2016-09-25 00:00:00,6,3,3
2016-09-25 01:00:00,8,6,2
2016-09-25 02:00:00,0,0,0
2016-09-25 03:00:00,2,0,2
2016-09-25 04:00:00,1,1,0
2016-09-25 05:00:00,6,1,5
2016-09-25 06:00:00,3,0,3
2016-09-25 07:00:00,13,6,7
2016-09-25 08:00:00,22,11,11
2016-09-25 09:00:00,39,17,22
2016-09-25 10:00:00,48,28,20
2016-09-25 11:00:00,63,26,37
2016-09-25 12:00:00,51,23,28
2016-09-25 13:00:00,68,35,33
2016-09-25 14:00:00,51,25,26
2016-09-25 15:00:00,52,23,29
2016-09-25 16:00:00,50,27,23
2016-09-25 17:00:00,52,37,15
2016-09-25 18:00:00,29,14,15
2016-09-25 19:00:00,6,4,2
2016-09-25 20:00:00,7,3,4
2016-09-25 21:00:00,10,5,5
2016-09-25 22:00:00,4,3,1
2016-09-25 23:00:00,2,1,1
2016-09-26 00:00:00,4,1,3
2016-09-26 01:00:00,2,0,2
2016-09-26 02:00:00,4,1,3
2016-09-26 03:00:00,3,1,2
2016-09-26 04:00:00,5,1,4
2016-09-26 05:00:00,24,2,22
2016-09-26 06:00:00,78,11,67
2016-09-26 07:00:00,167,15,152
2016-09-26 08:00:00,146,15,131
2016-09-26 09:00:00,71,12,59
2016-09-26 10:00:00,28,6,22
2016-09-26 11:00:00,20,7,13
2016-09-26 12:00:00,33,23,10
2016-09-26 13:00:00,35,16,19
2016-09-26 14:00:00,37,22,15
2016-09-26 15:00:00,51,34,17
2016-09-26 16:00:00,124,101,23
2016-09-26 17:00:00,227,204,23
2016-09-26 18:00:00,89,82,7
2016-09-26 19:00:00,36,26,10
2016-09-26 20:00:00,18,11,7
2016-09-26 21:00:00,6,5,1
2016-09-26 22:00:00,5,4,1
2016-09-26 23:00:00,6,3,3
2016-09-27 00:00:00,3,2,1
2016-09-27 01:00:00,3,2,1
2016-09-27 02:00:00,0,0,0
2016-09-27 03:00:00,1,0,1
2016-09-27 04:00:00,9,0,9
2016-09-27 05:00:00,24,5,19
2016-09-27 06:00:00,73,17,56
2016-09-27 07:00:00,132,9,123
2016-09-27 08:00:00,146,9,137
2016-09-27 09:00:00,79,7,72
2016-09-27 10:00:00,24,9,15
2016-09-27 11:00:00,19,11,8
2016-09-27 12:00:00,27,12,15
2016-09-27 13:00:00,23,10,13
2016-09-27 14:00:00,23,17,6
2016-09-27 15:00:00,61,43,18
2016-09-27 16:00:00,108,89,19
2016-09-27 17:00:00,186,156,30
2016-09-27 18:00:00,157,129,28
2016-09-27 19:00:00,43,32,11
2016-09-27 20:00:00,20,12,8
2016-09-27 21:00:00,9,9,0
2016-09-27 22:00:00,8,6,2
2016-09-27 23:00:00,7,5,2
2016-09-28 00:00:00,3,3,0
2016-09-28 01:00:00,2,1,1
2016-09-28 02:00:00,0,0,0
2016-09-28 03:00:00,0,0,0
2016-09-28 04:00:00,3,1,2
2016-09-28 05:00:00,24,4,20
2016-09-28 06:00:00,91,18,73
2016-09-28 07:00:00,169,18,151
2016-09-28 08:00:00,151,10,141
2016-09-28 09:00:00,53,8,45
2016-09-28 10:00:00,28,8,20
2016-09-28 11:00:00,28,9,19
2016-09-28 12:00:00,30,14,16
2016-09-28 13:00:00,21,11,10
2016-09-28 14:00:00,23,14,9
2016-09-28 15:00:00,61,44,17
2016-09-28 16:00:00,111,92,19
2016-09-28 17:00:00,176,153,23
2016-09-28 18:00:00,124,101,23
2016-09-28 19:00:00,58,49,9
2016-09-28 20:00:00,34,23,11
2016-09-28 21:00:00,23,17,6
2016-09-28 22:00:00,10,7,3
2016-09-28 23:00:00,4,4,0
2016-09-29 00:00:00,3,2,1
2016-09-29 01:00:00,2,0,2
2016-09-29 02:00:00,1,0,1
2016-09-29 03:00:00,1,1,0
2016-09-29 04:00:00,9,0,9
2016-09-29 05:00:00,21,4,17
2016-09-29 06:00:00,70,6,64
2016-09-29 07:00:00,136,12,124
2016-09-29 08:00:00,142,11,131
2016-09-29 09:00:00,60,5,55
2016-09-29 10:00:00,29,9,20
2016-09-29 11:00:00,17,7,10
2016-09-29 12:00:00,28,12,16
2016-09-29 13:00:00,30,18,12
2016-09-29 14:00:00,41,22,19
2016-09-29 15:00:00,65,34,31
2016-09-29 16:00:00,91,76,15
2016-09-29 17:00:00,172,151,21
2016-09-29 18:00:00,96,82,14
2016-09-29 19:00:00,43,39,4
2016-09-29 20:00:00,22,18,4
2016-09-29 21:00:00,18,11,7
2016-09-29 22:00:00,16,10,6
2016-09-29 23:00:00,9,6,3
2016-09-30 00:00:00,8,8,0
2016-09-30 01:00:00,3,0,3
2016-09-30 02:00:00,4,2,2
2016-09-30 03:00:00,1,0,1
2016-09-30 04:00:00,4,0,4
2016-09-30 05:00:00,9,2,7
2016-09-30 06:00:00,49,7,42
2016-09-30 07:00:00,108,10,98
2016-09-30 08:00:00,132,7,125
2016-09-30 09:00:00,49,5,44
2016-09-30 10:00:00,13,4,9
2016-09-30 11:00:00,31,18,13
2016-09-30 12:00:00,22,11,11
2016-09-30 13:00:00,31,16,15
2016-09-30 14:00:00,39,23,16
2016-09-30 15:00:00,52,34,18
2016-09-30 16:00:00,116,90,26
2016-09-30 17:00:00,139,116,23
2016-09-30 18:00:00,67,58,9
2016-09-30 19:00:00,30,21,9
2016-09-30 20:00:00,12,11,1
2016-09-30 21:00:00,15,11,4
2016-09-30 22:00:00,7,6,1
2016-09-30 23:00:00,3,2,1
2016-10-01 00:00:00,3,3,0
2016-10-01 01:00:00,3,3,0
2016-10-01 02:00:00,1,1,0
2016-10-01 03:00:00,0,0,0
2016-10-01 04:00:00,1,0,1
2016-10-01 05:00:00,6,1,5
2016-10-01 06:00:00,4,0,4
2016-10-01 07:00:00,15,6,9
2016-10-01 08:00:00,17,7,10
2016-10-01 09:00:00,22,11,11
2016-10-01 10:00:00,25,7,18
2016-10-01 11:00:00,36,17,19
2016-10-01 12:00:00,26,15,11
2016-10-01 13:00:00,11,4,7
2016-10-01 14:00:00,17,9,8
2016-10-01 15:00:00,18,11,7
2016-10-01 16:00:00,21,11,10
2016-10-01 17:00:00,16,9,7
2016-10-01 18:00:00,10,5,5
2016-10-01 19:00:00,4,4,0
2016-10-01 20:00:00,5,3,2
2016-10-01 21:00:00,4,2,2
2016-10-01 22:00:00,2,2,0
2016-10-01 23:00:00,3,3,0
2016-10-02 00:00:00,0,0,0
2016-10-02 01:00:00,5,3,2
2016-10-02 02:00:00,3,3,0
2016-10-02 03:00:00,1,0,1
2016-10-02 04:00:00,0,0,0
2016-10-02 05:00:00,4,0,4
2016-10-02 06:00:00,4,2,2
2016-10-02 07:00:00,5,1,4
2016-10-02 08:00:00,9,3,6
2016-10-02 09:00:00,29,11,18
2016-10-02 10:00:00,24,12,12
2016-10-02 11:00:00,42,21,21
2016-10-02 12:00:00,39,20,19
2016-10-02 13:00:00,37,14,23
2016-10-02 14:00:00,53,26,27
2016-10-02 15:00:00,54,31,23
2016-10-02 16:00:00,32,17,15
2016-10-02 17:00:00,66,33,33
2016-10-02 18:00:00,19,8,11
2016-10-02 19:00:00,7,3,4
2016-10-02 20:00:00,10,9,1
2016-10-02 21:00:00,1,1,0
2016-10-02 22:00:00,3,3,0
2016-10-02 23:00:00,3,0,3
2016-10-03 00:00:00,6,5,1
2016-10-03 01:00:00,3,1,2
2016-10-03 02:00:00,4,2,2
2016-10-03 03:00:00,0,0,0
2016-10-03 04:00:00,8,0,8
2016-10-03 05:00:00,12,2,10
2016-10-03 06:00:00,75,11,64
2016-10-03 07:00:00,158,14,144
2016-10-03 08:00:00,133,9,124
2016-10-03 09:00:00,61,8,53
2016-10-03 10:00:00,31,6,25
2016-10-03 11:00:00,21,9,12
2016-10-03 12:00:00,24,12,12
2016-10-03 13:00:00,18,10,8
2016-10-03 14:00:00,24,13,11
2016-10-03 15:00:00,30,26,4
2016-10-03 16:00:00,91,79,12
2016-10-03 17:00:00,183,161,22
2016-10-03 18:00:00,87,75,12
2016-10-03 19:00:00,39,31,8
2016-10-03 20:00:00,12,9,3
2016-10-03 21:00:00,13,10,3
2016-10-03 22:00:00,7,6,1
2016-10-03 23:00:00,1,1,0
2016-10-04 00:00:00,4,2,2
2016-10-04 01:00:00,3,2,1
2016-10-04 02:00:00,2,2,0
2016-10-04 03:00:00,2,1,1
2016-10-04 04:00:00,4,1,3
2016-10-04 05:00:00,12,4,8
2016-10-04 06:00:00,37,6,31
2016-10-04 07:00:00,122,11,111
2016-10-04 08:00:00,105,9,96
2016-10-04 09:00:00,42,3,39
2016-10-04 10:00:00,19,4,15
2016-10-04 11:00:00,10,4,6
2016-10-04 12:00:00,9,7,2
2016-10-04 13:00:00,12,4,8
2016-10-04 14:00:00,8,6,2
2016-10-04 15:00:00,32,24,8
2016-10-04 16:00:00,66,54,12
2016-10-04 17:00:00,143,126,17
2016-10-04 18:00:00,76,69,7
2016-10-04 19:00:00,31,27,4
2016-10-04 20:00:00,14,13,1
2016-10-04 21:00:00,12,11,1
2016-10-04 22:00:00,1,1,0
2016-10-04 23:00:00,6,3,3
2016-10-05 00:00:00,1,0,1
2016-10-05 01:00:00,1,1,0
2016-10-05 02:00:00,3,1,2
2016-10-05 03:00:00,3,1,2
2016-10-05 04:00:00,2,0,2
2016-10-05 05:00:00,16,3,13
2016-10-05 06:00:00,59,7,52
2016-10-05 07:00:00,119,8,111
2016-10-05 08:00:00,120,12,108
2016-10-05 09:00:00,42,4,38
2016-10-05 10:00:00,19,6,13
2016-10-05 11:00:00,9,3,6
2016-10-05 12:00:00,18,8,10
2016-10-05 13:00:00,15,4,11
2016-10-05 14:00:00,17,7,10
2016-10-05 15:00:00,40,33,7
2016-10-05 16:00:00,68,51,17
2016-10-05 17:00:00,163,145,18
2016-10-05 18:00:00,83,69,14
2016-10-05 19:00:00,28,22,6
2016-10-05 20:00:00,16,12,4
2016-10-05 21:00:00,16,14,2
2016-10-05 22:00:00,7,5,2
2016-10-05 23:00:00,3,2,1
2016-10-06 00:00:00,5,4,1
2016-10-06 01:00:00,1,0,1
2016-10-06 02:00:00,1,0,1
2016-10-06 03:00:00,3,1,2
2016-10-06 04:00:00,6,1,5
2016-10-06 05:00:00,16,3,13
2016-10-06 06:00:00,54,7,47
2016-10-06 07:00:00,135,15,120
2016-10-06 08:00:00,105,4,101
2016-10-06 09:00:00,50,4,46
2016-10-06 10:00:00,18,6,12
2016-10-06 11:00:00,20,3,17
2016-10-06 12:00:00,15,7,8
2016-10-06 13:00:00,17,7,10
2016-10-06 14:00:00,19,8,11
2016-10-06 15:00:00,34,29,5
2016-10-06 16:00:00,89,75,14
2016-10-06 17:00:00,144,121,23
2016-10-06 18:00:00,60,56,4
2016-10-06 19:00:00,24,22,2
2016-10-06 20:00:00,12,9,3
2016-10-06 21:00:00,9,7,2
2016-10-06 22:00:00,4,3,1
2016-10-06 23:00:00,1,1,0
2016-10-07 00:00:00,2,2,0
2016-10-07 01:00:00,0,0,0
2016-10-07 02:00:00,1,0,1
2016-10-07 03:00:00,1,0,1
2016-10-07 04:00:00,0,0,0
2016-10-07 05:00:00,8,1,7
2016-10-07 06:00:00,37,5,32
2016-10-07 07:00:00,83,11,72
2016-10-07 08:00:00,85,6,79
2016-10-07 09:00:00,34,7,27
2016-10-07 10:00:00,14,3,11
2016-10-07 11:00:00,12,4,8
2016-10-07 12:00:00,14,6,8
2016-10-07 13:00:00,12,7,5
2016-10-07 14:00:00,20,10,10
2016-10-07 15:00:00,27,16,11
2016-10-07 16:00:00,68,53,15
2016-10-07 17:00:00,95,82,13
2016-10-07 18:00:00,60,52,8
2016-10-07 19:00:00,35,27,8
2016-10-07 20:00:00,12,10,2
2016-10-07 21:00:00,5,3,2
2016-10-07 22:00:00,3,2,1
2016-10-07 23:00:00,7,2,5
2016-10-08 00:00:00,1,1,0
2016-10-08 01:00:00,0,0,0
2016-10-08 02:00:00,4,3,1
2016-10-08 03:00:00,5,5,0
2016-10-08 04:00:00,3,1,2
2016-10-08 05:00:00,4,1,3
2016-10-08 06:00:00,5,0,5
2016-10-08 07:00:00,6,2,4
2016-10-08 08:00:00,5,1,4
2016-10-08 09:00:00,8,3,5
2016-10-08 10:00:00,14,8,6
2016-10-08 11:00:00,16,6,10
2016-10-08 12:00:00,24,13,11
2016-10-08 13:00:00,11,6,5
2016-10-08 14:00:00,9,6,3
2016-10-08 15:00:00,15,9,6
2016-10-08 16:00:00,8,7,1
2016-10-08 17:00:00,7,6,1
2016-10-08 18:00:00,6,3,3
2016-10-08 19:00:00,0,0,0
2016-10-08 20:00:00,1,1,0
2016-10-08 21:00:00,10,9,1
2016-10-08 22:00:00,5,4,1
2016-10-08 23:00:00,2,2,0
2016-10-09 00:00:00,1,1,0
2016-10-09 01:00:00,3,1,2
2016-10-09 02:00:00,2,1,1
2016-10-09 03:00:00,2,1,1
2016-10-09 04:00:00,1,1,0
2016-10-09 05:00:00,2,0,2
2016-10-09 06:00:00,2,2,0
2016-10-09 07:00:00,6,3,3
2016-10-09 08:00:00,20,6,14
2016-10-09 09:00:00,18,10,8
2016-10-09 10:00:00,29,18,11
2016-10-09 11:00:00,28,13,15
2016-10-09 12:00:00,26,9,17
2016-10-09 13:00:00,18,12,6
2016-10-09 14:00:00,32,16,16
2016-10-09 15:00:00,27,13,14
2016-10-09 16:00:00,20,13,7
2016-10-09 17:00:00,20,14,6
2016-10-09 18:00:00,1,1,0
2016-10-09 19:00:00,0,0,0
2016-10-09 20:00:00,1,0,1
2016-10-09 21:00:00,6,3,3
2016-10-09 22:00:00,2,1,1
2016-10-09 23:00:00,1,1,0
2016-10-10 00:00:00,0,0,0
2016-10-10 01:00:00,0,0,0
2016-10-10 02:00:00,3,2,1
2016-10-10 03:00:00,1,1,0
2016-10-10 04:00:00,6,1,5
2016-10-10 05:00:00,12,1,11
2016-10-10 06:00:00,52,8,44
2016-10-10 07:00:00,118,4,114
2016-10-10 08:00:00,133,7,126
2016-10-10 09:00:00,41,1,40
2016-10-10 10:00:00,19,9,10
2016-10-10 11:00:00,18,6,12
2016-10-10 12:00:00,19,11,8
2016-10-10 13:00:00,25,7,18
2016-10-10 14:00:00,17,11,6
2016-10-10 15:00:00,48,36,12
2016-10-10 16:00:00,89,77,12
2016-10-10 17:00:00,145,132,13
2016-10-10 18:00:00,83,74,9
2016-10-10 19:00:00,36,33,3
2016-10-10 20:00:00,13,9,4
2016-10-10 21:00:00,8,7,1
2016-10-10 22:00:00,4,4,0
2016-10-10 23:00:00,1,1,0
2016-10-11 00:00:00,4,3,1
2016-10-11 01:00:00,0,0,0
2016-10-11 02:00:00,0,0,0
2016-10-11 03:00:00,2,0,2
2016-10-11 04:00:00,9,1,8
2016-10-11 05:00:00,24,4,20
2016-10-11 06:00:00,72,5,67
2016-10-11 07:00:00,151,14,137
2016-10-11 08:00:00,155,10,145
2016-10-11 09:00:00,65,5,60
2016-10-11 10:00:00,21,6,15
2016-10-11 11:00:00,24,7,17
2016-10-11 12:00:00,26,9,17
2016-10-11 13:00:00,19,10,9
2016-10-11 14:00:00,30,19,11
2016-10-11 15:00:00,50,42,8
2016-10-11 16:00:00,132,101,31
2016-10-11 17:00:00,182,161,21
2016-10-11 18:00:00,123,106,17
2016-10-11 19:00:00,32,28,4
2016-10-11 20:00:00,14,13,1
2016-10-11 21:00:00,15,12,3
2016-10-11 22:00:00,3,3,0
2016-10-11 23:00:00,3,1,2
2016-10-12 00:00:00,3,1,2
2016-10-12 01:00:00,3,1,2
2016-10-12 02:00:00,2,1,1
2016-10-12 03:00:00,2,0,2
2016-10-12 04:00:00,5,1,4
2016-10-12 05:00:00,18,2,16
2016-10-12 06:00:00,66,6,60
2016-10-12 07:00:00,138,11,127
2016-10-12 08:00:00,138,10,128
2016-10-12 09:00:00,54,4,50
2016-10-12 10:00:00,22,2,20
2016-10-12 11:00:00,22,3,19
2016-10-12 12:00:00,22,15,7
2016-10-12 13:00:00,30,15,15
2016-10-12 14:00:00,31,16,15
2016-10-12 15:00:00,49,37,12
2016-10-12 16:00:00,102,74,28
2016-10-12 17:00:00,164,148,16
2016-10-12 18:00:00,92,81,11
2016-10-12 19:00:00,22,17,5
2016-10-12 20:00:00,19,14,5
2016-10-12 21:00:00,10,8,2
2016-10-12 22:00:00,10,5,5
2016-10-12 23:00:00,7,5,2
2016-10-13 00:00:00,2,2,0
2016-10-13 01:00:00,2,1,1
2016-10-13 02:00:00,1,1,0
2016-10-13 03:00:00,4,1,3
2016-10-13 04:00:00,0,0,0
2016-10-13 05:00:00,7,1,6
2016-10-13 06:00:00,19,1,18
2016-10-13 07:00:00,64,11,53
2016-10-13 08:00:00,63,5,58
2016-10-13 09:00:00,24,2,22
2016-10-13 10:00:00,8,2,6
2016-10-13 11:00:00,3,1,2
2016-10-13 12:00:00,5,2,3
2016-10-13 13:00:00,6,3,3
2016-10-13 14:00:00,11,5,6
2016-10-13 15:00:00,14,12,2
2016-10-13 16:00:00,31,24,7
2016-10-13 17:00:00,61,58,3
2016-10-13 18:00:00,35,33,2
2016-10-13 19:00:00,18,15,3
2016-10-13 20:00:00,1,1,0
2016-10-13 21:00:00,4,3,1
2016-10-13 22:00:00,3,2,1
2016-10-13 23:00:00,1,1,0
2016-10-14 00:00:00,0,0,0
2016-10-14 01:00:00,1,0,1
2016-10-14 02:00:00,0,0,0
2016-10-14 03:00:00,2,1,1
2016-10-14 04:00:00,2,0,2
2016-10-14 05:00:00,5,1,4
2016-10-14 06:00:00,14,2,12
2016-10-14 07:00:00,30,5,25
2016-10-14 08:00:00,32,2,30
2016-10-14 09:00:00,13,2,11
2016-10-14 10:00:00,2,1,1
2016-10-14 11:00:00,2,1,1
2016-10-14 12:00:00,3,0,3
2016-10-14 13:00:00,2,1,1
2016-10-14 14:00:00,5,2,3
2016-10-14 15:00:00,15,11,4
2016-10-14 16:00:00,22,17,5
2016-10-14 17:00:00,33,28,5
2016-10-14 18:00:00,20,15,5
2016-10-14 19:00:00,12,10,2
2016-10-14 20:00:00,3,2,1
2016-10-14 21:00:00,2,2,0
2016-10-14 22:00:00,4,3,1
2016-10-14 23:00:00,2,1,1
2016-10-15 00:00:00,2,2,0
2016-10-15 01:00:00,1,1,0
2016-10-15 02:00:00,0,0,0
2016-10-15 03:00:00,3,2,1
2016-10-15 04:00:00,4,1,3
2016-10-15 05:00:00,1,0,1
2016-10-15 06:00:00,4,1,3
2016-10-15 07:00:00,3,0,3
2016-10-15 08:00:00,2,1,1
2016-10-15 09:00:00,6,2,4
2016-10-15 10:00:00,5,2,3
2016-10-15 11:00:00,2,0,2
2016-10-15 12:00:00,6,3,3
2016-10-15 13:00:00,5,4,1
2016-10-15 14:00:00,5,2,3
2016-10-15 15:00:00,4,2,2
2016-10-15 16:00:00,8,6,2
2016-10-15 17:00:00,6,3,3
2016-10-15 18:00:00,5,4,1
2016-10-15 19:00:00,2,0,2
2016-10-15 20:00:00,0,0,0
2016-10-15 21:00:00,0,0,0
2016-10-15 22:00:00,1,0,1
2016-10-15 23:00:00,0,0,0
2016-10-16 00:00:00,2,1,1
2016-10-16 01:00:00,1,0,1
2016-10-16 02:00:00,0,0,0
2016-10-16 03:00:00,1,1,0
2016-10-16 04:00:00,1,1,0
2016-10-16 05:00:00,5,1,4
2016-10-16 06:00:00,2,1,1
2016-10-16 07:00:00,2,0,2
2016-10-16 08:00:00,7,1,6
2016-10-16 09:00:00,1,0,1
2016-10-16 10:00:00,12,8,4
2016-10-16 11:00:00,8,4,4
2016-10-16 12:00:00,7,2,5
2016-10-16 13:00:00,3,2,1
2016-10-16 14:00:00,9,4,5
2016-10-16 15:00:00,5,1,4
2016-10-16 16:00:00,16,9,7
2016-10-16 17:00:00,7,6,1
2016-10-16 18:00:00,2,1,1
2016-10-16 19:00:00,3,1,2
2016-10-16 20:00:00,2,1,1
2016-10-16 21:00:00,2,2,0
2016-10-16 22:00:00,0,0,0
2016-10-16 23:00:00,0,0,0
2016-10-17 00:00:00,1,1,0
2016-10-17 01:00:00,2,1,1
2016-10-17 02:00:00,7,4,3
2016-10-17 03:00:00,2,2,0
2016-10-17 04:00:00,5,1,4
2016-10-17 05:00:00,12,0,12
2016-10-17 06:00:00,33,3,30
2016-10-17 07:00:00,96,11,85
2016-10-17 08:00:00,98,10,88
2016-10-17 09:00:00,40,3,37
2016-10-17 10:00:00,16,3,13
2016-10-17 11:00:00,7,4,3
2016-10-17 12:00:00,9,5,4
2016-10-17 13:00:00,6,3,3
2016-10-17 14:00:00,10,3,7
2016-10-17 15:00:00,26,19,7
2016-10-17 16:00:00,60,46,14
2016-10-17 17:00:00,121,108,13
2016-10-17 18:00:00,80,73,7
2016-10-17 19:00:00,31,27,4
2016-10-17 20:00:00,12,12,0
2016-10-17 21:00:00,8,8,0
2016-10-17 22:00:00,5,2,3
2016-10-17 23:00:00,1,0,1
2016-10-18 00:00:00,0,0,0
2016-10-18 01:00:00,3,2,1
2016-10-18 02:00:00,0,0,0
2016-10-18 03:00:00,3,1,2
2016-10-18 04:00:00,1,0,1
2016-10-18 05:00:00,11,1,10
2016-10-18 06:00:00,49,5,44
2016-10-18 07:00:00,110,14,96
2016-10-18 08:00:00,106,3,103
2016-10-18 09:00:00,44,6,38
2016-10-18 10:00:00,8,1,7
2016-10-18 11:00:00,12,4,8
2016-10-18 12:00:00,16,8,8
2016-10-18 13:00:00,15,4,11
2016-10-18 14:00:00,17,11,6
2016-10-18 15:00:00,29,16,13
2016-10-18 16:00:00,65,51,14
2016-10-18 17:00:00,148,130,18
2016-10-18 18:00:00,91,78,13
2016-10-18 19:00:00,26,19,7
2016-10-18 20:00:00,12,10,2
2016-10-18 21:00:00,10,10,0
2016-10-18 22:00:00,3,2,1
2016-10-18 23:00:00,5,2,3
2016-10-19 00:00:00,4,2,2
2016-10-19 01:00:00,2,1,1
2016-10-19 02:00:00,7,4,3
2016-10-19 03:00:00,1,1,0
2016-10-19 04:00:00,1,0,1
2016-10-19 05:00:00,21,7,14
2016-10-19 06:00:00,56,6,50
2016-10-19 07:00:00,130,10,120
2016-10-19 08:00:00,146,12,134
2016-10-19 09:00:00,53,8,45
2016-10-19 10:00:00,18,2,16
2016-10-19 11:00:00,19,6,13
2016-10-19 12:00:00,19,14,5
2016-10-19 13:00:00,19,8,11
2016-10-19 14:00:00,24,17,7
2016-10-19 15:00:00,36,23,13
2016-10-19 16:00:00,81,69,12
2016-10-19 17:00:00,163,146,17
2016-10-19 18:00:00,72,60,12
2016-10-19 19:00:00,24,19,5
2016-10-19 20:00:00,17,15,2
2016-10-19 21:00:00,5,3,2
2016-10-19 22:00:00,6,4,2
2016-10-19 23:00:00,2,2,0
2016-10-20 00:00:00,1,1,0
2016-10-20 01:00:00,2,1,1
2016-10-20 02:00:00,2,1,1
2016-10-20 03:00:00,1,0,1
2016-10-20 04:00:00,1,0,1
2016-10-20 05:00:00,6,1,5
2016-10-20 06:00:00,35,3,32
2016-10-20 07:00:00,77,5,72
2016-10-20 08:00:00,75,1,74
2016-10-20 09:00:00,30,2,28
2016-10-20 10:00:00,8,0,8
2016-10-20 11:00:00,5,2,3
2016-10-20 12:00:00,11,7,4
2016-10-20 13:00:00,5,2,3
2016-10-20 14:00:00,9,3,6
2016-10-20 15:00:00,19,16,3
2016-10-20 16:00:00,61,50,11
2016-10-20 17:00:00,88,75,13
2016-10-20 18:00:00,72,61,11
2016-10-20 19:00:00,28,25,3
2016-10-20 20:00:00,10,7,3
2016-10-20 21:00:00,12,7,5
2016-10-20 22:00:00,3,3,0
2016-10-20 23:00:00,1,0,1
2016-10-21 00:00:00,2,2,0
2016-10-21 01:00:00,1,1,0
2016-10-21 02:00:00,3,1,2
2016-10-21 03:00:00,3,2,1
2016-10-21 04:00:00,1,0,1
2016-10-21 05:00:00,15,5,10
2016-10-21 06:00:00,42,8,34
2016-10-21 07:00:00,86,6,80
2016-10-21 08:00:00,101,6,95
2016-10-21 09:00:00,32,2,30
2016-10-21 10:00:00,28,12,16
2016-10-21 11:00:00,16,7,9
2016-10-21 12:00:00,23,10,13
2016-10-21 13:00:00,17,5,12
2016-10-21 14:00:00,17,10,7
2016-10-21 15:00:00,37,23,14
2016-10-21 16:00:00,77,62,15
2016-10-21 17:00:00,93,86,7
2016-10-21 18:00:00,54,53,1
2016-10-21 19:00:00,23,16,7
2016-10-21 20:00:00,9,6,3
2016-10-21 21:00:00,7,7,0
2016-10-21 22:00:00,4,3,1
2016-10-21 23:00:00,2,2,0
2016-10-22 00:00:00,1,1,0
2016-10-22 01:00:00,6,1,5
2016-10-22 02:00:00,1,1,0
2016-10-22 03:00:00,1,1,0
2016-10-22 04:00:00,8,6,2
2016-10-22 05:00:00,2,1,1
2016-10-22 06:00:00,7,0,7
2016-10-22 07:00:00,7,5,2
2016-10-22 08:00:00,20,4,16
2016-10-22 09:00:00,27,17,10
2016-10-22 10:00:00,45,34,11
2016-10-22 11:00:00,70,25,45
2016-10-22 12:00:00,41,22,19
2016-10-22 13:00:00,55,34,21
2016-10-22 14:00:00,55,22,33
2016-10-22 15:00:00,51,19,32
2016-10-22 16:00:00,46,22,24
2016-10-22 17:00:00,38,21,17
2016-10-22 18:00:00,21,6,15
2016-10-22 19:00:00,11,8,3
2016-10-22 20:00:00,3,2,1
2016-10-22 21:00:00,9,6,3
2016-10-22 22:00:00,6,3,3
2016-10-22 23:00:00,6,5,1
2016-10-23 00:00:00,0,0,0
2016-10-23 01:00:00,0,0,0
2016-10-23 02:00:00,0,0,0
2016-10-23 03:00:00,1,1,0
2016-10-23 04:00:00,0,0,0
2016-10-23 05:00:00,4,1,3
2016-10-23 06:00:00,2,0,2
2016-10-23 07:00:00,3,0,3
2016-10-23 08:00:00,25,12,13
2016-10-23 09:00:00,16,7,9
2016-10-23 10:00:00,26,13,13
2016-10-23 11:00:00,23,10,13
2016-10-23 12:00:00,37,15,22
2016-10-23 13:00:00,39,20,19
2016-10-23 14:00:00,35,18,17
2016-10-23 15:00:00,45,27,18
2016-10-23 16:00:00,39,23,16
2016-10-23 17:00:00,8,5,3
2016-10-23 18:00:00,11,4,7
2016-10-23 19:00:00,1,0,1
2016-10-23 20:00:00,6,4,2
2016-10-23 21:00:00,6,5,1
2016-10-23 22:00:00,4,2,2
2016-10-23 23:00:00,2,2,0
2016-10-24 00:00:00,3,0,3
2016-10-24 01:00:00,2,2,0
2016-10-24 02:00:00,3,2,1
2016-10-24 03:00:00,2,2,0
2016-10-24 04:00:00,2,0,2
2016-10-24 05:00:00,25,5,20
2016-10-24 06:00:00,55,7,48
2016-10-24 07:00:00,122,17,105
2016-10-24 08:00:00,108,9,99
2016-10-24 09:00:00,43,6,37
2016-10-24 10:00:00,17,4,13
2016-10-24 11:00:00,11,3,8
2016-10-24 12:00:00,20,8,12
2016-10-24 13:00:00,14,7,7
2016-10-24 14:00:00,15,7,8
2016-10-24 15:00:00,38,27,11
2016-10-24 16:00:00,68,51,17
2016-10-24 17:00:00,128,119,9
2016-10-24 18:00:00,64,61,3
2016-10-24 19:00:00,27,24,3
2016-10-24 20:00:00,17,13,4
2016-10-24 21:00:00,6,4,2
2016-10-24 22:00:00,3,3,0
2016-10-24 23:00:00,4,1,3
2016-10-25 00:00:00,2,2,0
2016-10-25 01:00:00,2,2,0
2016-10-25 02:00:00,0,0,0
2016-10-25 03:00:00,0,0,0
2016-10-25 04:00:00,7,1,6
2016-10-25 05:00:00,21,3,18
2016-10-25 06:00:00,59,7,52
2016-10-25 07:00:00,119,9,110
2016-10-25 08:00:00,107,4,103
2016-10-25 09:00:00,52,8,44
2016-10-25 10:00:00,18,5,13
2016-10-25 11:00:00,9,5,4
2016-10-25 12:00:00,20,7,13
2016-10-25 13:00:00,26,5,21
2016-10-25 14:00:00,28,16,12
2016-10-25 15:00:00,51,30,21
2016-10-25 16:00:00,91,75,16
2016-10-25 17:00:00,142,119,23
2016-10-25 18:00:00,85,79,6
2016-10-25 19:00:00,32,28,4
2016-10-25 20:00:00,16,14,2
2016-10-25 21:00:00,16,13,3
2016-10-25 22:00:00,6,5,1
2016-10-25 23:00:00,2,2,0
2016-10-26 00:00:00,1,0,1
2016-10-26 01:00:00,5,4,1
2016-10-26 02:00:00,2,1,1
2016-10-26 03:00:00,2,1,1
2016-10-26 04:00:00,6,1,5
2016-10-26 05:00:00,20,2,18
2016-10-26 06:00:00,41,7,34
2016-10-26 07:00:00,58,6,52
2016-10-26 08:00:00,70,4,66
2016-10-26 09:00:00,25,4,21
2016-10-26 10:00:00,8,1,7
2016-10-26 11:00:00,5,2,3
2016-10-26 12:00:00,7,4,3
2016-10-26 13:00:00,7,4,3
2016-10-26 14:00:00,9,4,5
2016-10-26 15:00:00,17,14,3
2016-10-26 16:00:00,41,32,9
2016-10-26 17:00:00,77,69,8
2016-10-26 18:00:00,47,45,2
2016-10-26 19:00:00,22,19,3
2016-10-26 20:00:00,11,11,0
2016-10-26 21:00:00,8,8,0
2016-10-26 22:00:00,1,1,0
2016-10-26 23:00:00,0,0,0
2016-10-27 00:00:00,1,0,1
2016-10-27 01:00:00,0,0,0
2016-10-27 02:00:00,1,1,0
2016-10-27 03:00:00,0,0,0
2016-10-27 04:00:00,0,0,0
2016-10-27 05:00:00,18,2,16
2016-10-27 06:00:00,41,3,38
2016-10-27 07:00:00,95,12,83
2016-10-27 08:00:00,100,8,92
2016-10-27 09:00:00,44,3,41
2016-10-27 10:00:00,14,2,12
2016-10-27 11:00:00,16,5,11
2016-10-27 12:00:00,7,2,5
2016-10-27 13:00:00,14,6,8
2016-10-27 14:00:00,15,6,9
2016-10-27 15:00:00,28,21,7
2016-10-27 16:00:00,63,49,14
2016-10-27 17:00:00,115,107,8
2016-10-27 18:00:00,68,60,8
2016-10-27 19:00:00,31,26,5
2016-10-27 20:00:00,10,9,1
2016-10-27 21:00:00,10,10,0
2016-10-27 22:00:00,4,4,0
2016-10-27 23:00:00,2,1,1
2016-10-28 00:00:00,2,1,1
2016-10-28 01:00:00,3,3,0
2016-10-28 02:00:00,1,0,1
2016-10-28 03:00:00,1,0,1
2016-10-28 04:00:00,1,0,1
2016-10-28 05:00:00,17,6,11
2016-10-28 06:00:00,40,3,37
2016-10-28 07:00:00,85,10,75
2016-10-28 08:00:00,104,15,89
2016-10-28 09:00:00,50,7,43
2016-10-28 10:00:00,21,5,16
2016-10-28 11:00:00,20,5,15
2016-10-28 12:00:00,22,14,8
2016-10-28 13:00:00,27,15,12
2016-10-28 14:00:00,41,19,22
2016-10-28 15:00:00,39,29,10
2016-10-28 16:00:00,93,63,30
2016-10-28 17:00:00,102,90,12
2016-10-28 18:00:00,76,65,11
2016-10-28 19:00:00,18,13,5
2016-10-28 20:00:00,13,9,4
2016-10-28 21:00:00,4,4,0
2016-10-28 22:00:00,4,3,1
2016-10-28 23:00:00,5,5,0
2016-10-29 00:00:00,3,3,0
2016-10-29 01:00:00,0,0,0
2016-10-29 02:00:00,1,1,0
2016-10-29 03:00:00,1,1,0
2016-10-29 04:00:00,1,0,1
2016-10-29 05:00:00,6,2,4
2016-10-29 06:00:00,6,2,4
2016-10-29 07:00:00,6,1,5
2016-10-29 08:00:00,13,8,5
2016-10-29 09:00:00,13,7,6
2016-10-29 10:00:00,6,3,3
2016-10-29 11:00:00,8,4,4
2016-10-29 12:00:00,5,3,2
2016-10-29 13:00:00,8,1,7
2016-10-29 14:00:00,11,6,5
2016-10-29 15:00:00,20,12,8
2016-10-29 16:00:00,31,20,11
2016-10-29 17:00:00,19,7,12
2016-10-29 18:00:00,10,4,6
2016-10-29 19:00:00,4,2,2
2016-10-29 20:00:00,4,4,0
2016-10-29 21:00:00,7,6,1
2016-10-29 22:00:00,4,3,1
2016-10-29 23:00:00,1,0,1
2016-10-30 00:00:00,1,1,0
2016-10-30 01:00:00,4,3,1
2016-10-30 02:00:00,1,0,1
2016-10-30 03:00:00,2,1,1
2016-10-30 04:00:00,2,1,1
2016-10-30 05:00:00,6,1,5
2016-10-30 06:00:00,3,1,2
2016-10-30 07:00:00,8,2,6
2016-10-30 08:00:00,27,12,15
2016-10-30 09:00:00,19,7,12
2016-10-30 10:00:00,36,22,14
2016-10-30 11:00:00,34,18,16
2016-10-30 12:00:00,35,19,16
2016-10-30 13:00:00,37,14,23
2016-10-30 14:00:00,19,11,8
2016-10-30 15:00:00,9,5,4
2016-10-30 16:00:00,11,6,5
2016-10-30 17:00:00,3,1,2
2016-10-30 18:00:00,8,4,4
2016-10-30 19:00:00,3,2,1
2016-10-30 20:00:00,5,4,1
2016-10-30 21:00:00,1,1,0
2016-10-30 22:00:00,0,0,0
2016-10-30 23:00:00,1,0,1
2016-10-31 00:00:00,1,1,0
2016-10-31 01:00:00,0,0,0
2016-10-31 02:00:00,0,0,0
2016-10-31 03:00:00,3,3,0
2016-10-31 04:00:00,3,0,3
2016-10-31 05:00:00,15,1,14
2016-10-31 06:00:00,43,5,38
2016-10-31 07:00:00,89,7,82
2016-10-31 08:00:00,85,6,79
2016-10-31 09:00:00,24,1,23
2016-10-31 10:00:00,11,2,9
2016-10-31 11:00:00,2,0,2
2016-10-31 12:00:00,4,1,3
2016-10-31 13:00:00,7,3,4
2016-10-31 14:00:00,7,5,2
2016-10-31 15:00:00,35,30,5
2016-10-31 16:00:00,76,69,7
2016-10-31 17:00:00,101,88,13
2016-10-31 18:00:00,41,39,2
2016-10-31 19:00:00,11,9,2
2016-10-31 20:00:00,2,2,0
2016-10-31 21:00:00,5,5,0
2016-10-31 22:00:00,0,0,0
2016-10-31 23:00:00,2,2,0
2016-11-01 00:00:00,0,0,0
2016-11-01 01:00:00,1,1,0
2016-11-01 02:00:00,0,0,0
2016-11-01 03:00:00,2,1,1
2016-11-01 04:00:00,3,1,2
2016-11-01 05:00:00,16,3,13
2016-11-01 06:00:00,36,4,32
2016-11-01 07:00:00,107,13,94
2016-11-01 08:00:00,94,6,88
2016-11-01 09:00:00,38,1,37
2016-11-01 10:00:00,14,2,12
2016-11-01 11:00:00,9,5,4
2016-11-01 12:00:00,7,4,3
2016-11-01 13:00:00,13,2,11
2016-11-01 14:00:00,15,11,4
2016-11-01 15:00:00,23,20,3
2016-11-01 16:00:00,48,35,13
2016-11-01 17:00:00,117,99,18
2016-11-01 18:00:00,68,65,3
2016-11-01 19:00:00,28,25,3
2016-11-01 20:00:00,9,8,1
2016-11-01 21:00:00,10,7,3
2016-11-01 22:00:00,1,1,0
2016-11-01 23:00:00,4,4,0
2016-11-02 00:00:00,2,2,0
2016-11-02 01:00:00,3,2,1
2016-11-02 02:00:00,2,1,1
2016-11-02 03:00:00,2,1,1
2016-11-02 04:00:00,3,1,2
2016-11-02 05:00:00,17,1,16
2016-11-02 06:00:00,37,2,35
2016-11-02 07:00:00,82,8,74
2016-11-02 08:00:00,90,7,83
2016-11-02 09:00:00,32,2,30
2016-11-02 10:00:00,9,2,7
2016-11-02 11:00:00,3,2,1
2016-11-02 12:00:00,3,1,2
2016-11-02 13:00:00,10,6,4
2016-11-02 14:00:00,14,8,6
2016-11-02 15:00:00,14,14,0
2016-11-02 16:00:00,63,58,5
2016-11-02 17:00:00,98,89,9
2016-11-02 18:00:00,54,48,6
2016-11-02 19:00:00,15,13,2
2016-11-02 20:00:00,14,11,3
2016-11-02 21:00:00,8,6,2
2016-11-02 22:00:00,7,6,1
2016-11-02 23:00:00,2,1,1
2016-11-03 00:00:00,2,1,1
2016-11-03 01:00:00,1,1,0
2016-11-03 02:00:00,1,0,1
2016-11-03 03:00:00,3,2,1
2016-11-03 04:00:00,2,1,1
2016-11-03 05:00:00,13,1,12
2016-11-03 06:00:00,57,8,49
2016-11-03 07:00:00,104,8,96
2016-11-03 08:00:00,144,11,133
2016-11-03 09:00:00,43,4,39
2016-11-03 10:00:00,18,3,15
2016-11-03 11:00:00,20,7,13
2016-11-03 12:00:00,26,10,16
2016-11-03 13:00:00,32,13,19
2016-11-03 14:00:00,38,20,18
2016-11-03 15:00:00,42,28,14
2016-11-03 16:00:00,97,76,21
2016-11-03 17:00:00,150,132,18
2016-11-03 18:00:00,89,77,12
2016-11-03 19:00:00,40,32,8
2016-11-03 20:00:00,48,43,5
2016-11-03 21:00:00,21,17,4
2016-11-03 22:00:00,15,5,10
2016-11-03 23:00:00,5,3,2
2016-11-04 00:00:00,13,1,12
2016-11-04 01:00:00,6,0,6
2016-11-04 02:00:00,8,3,5
2016-11-04 03:00:00,1,0,1
2016-11-04 04:00:00,5,0,5
2016-11-04 05:00:00,17,3,14
2016-11-04 06:00:00,39,9,30
2016-11-04 07:00:00,109,6,103
2016-11-04 08:00:00,111,5,106
2016-11-04 09:00:00,65,6,59
2016-11-04 10:00:00,29,8,21
2016-11-04 11:00:00,34,16,18
2016-11-04 12:00:00,25,14,11
2016-11-04 13:00:00,25,9,16
2016-11-04 14:00:00,45,27,18
2016-11-04 15:00:00,58,36,22
2016-11-04 16:00:00,86,65,21
2016-11-04 17:00:00,141,127,14
2016-11-04 18:00:00,56,47,9
2016-11-04 19:00:00,31,24,7
2016-11-04 20:00:00,17,15,2
2016-11-04 21:00:00,3,3,0
2016-11-04 22:00:00,5,2,3
2016-11-04 23:00:00,6,4,2
2016-11-05 00:00:00,0,0,0
2016-11-05 01:00:00,3,3,0
2016-11-05 02:00:00,2,1,1
2016-11-05 03:00:00,1,1,0
2016-11-05 04:00:00,2,1,1
2016-11-05 05:00:00,5,2,3
2016-11-05 06:00:00,4,0,4
2016-11-05 07:00:00,8,1,7
2016-11-05 08:00:00,3,2,1
2016-11-05 09:00:00,8,5,3
2016-11-05 10:00:00,7,3,4
2016-11-05 11:00:00,6,3,3
2016-11-05 12:00:00,5,2,3
2016-11-05 13:00:00,6,4,2
2016-11-05 14:00:00,5,4,1
2016-11-05 15:00:00,4,3,1
2016-11-05 16:00:00,6,4,2
2016-11-05 17:00:00,11,7,4
2016-11-05 18:00:00,7,4,3
2016-11-05 19:00:00,3,2,1
2016-11-05 20:00:00,4,2,2
2016-11-05 21:00:00,6,4,2
2016-11-05 22:00:00,2,1,1
2016-11-05 23:00:00,8,8,0
2016-11-06 00:00:00,7,5,2
2016-11-06 01:00:00,27,10,17
2016-11-06 02:00:00,1,1,0
2016-11-06 03:00:00,2,1,1
2016-11-06 04:00:00,0,0,0
2016-11-06 05:00:00,2,1,1
2016-11-06 06:00:00,3,1,2
2016-11-06 07:00:00,2,0,2
2016-11-06 08:00:00,7,2,5
2016-11-06 09:00:00,25,10,15
2016-11-06 10:00:00,73,53,20
2016-11-06 11:00:00,82,45,37
2016-11-06 12:00:00,82,23,59
2016-11-06 13:00:00,58,26,32
2016-11-06 14:00:00,42,21,21
2016-11-06 15:00:00,35,18,17
2016-11-06 16:00:00,35,24,11
2016-11-06 17:00:00,17,6,11
2016-11-06 18:00:00,14,11,3
2016-11-06 19:00:00,3,1,2
2016-11-06 20:00:00,4,4,0
2016-11-06 21:00:00,9,6,3
2016-11-06 22:00:00,2,2,0
2016-11-06 23:00:00,2,1,1
2016-11-07 00:00:00,5,3,2
2016-11-07 01:00:00,1,0,1
2016-11-07 02:00:00,2,1,1
2016-11-07 03:00:00,0,0,0
2016-11-07 04:00:00,0,0,0
2016-11-07 05:00:00,15,1,14
2016-11-07 06:00:00,52,6,46
2016-11-07 07:00:00,123,10,113
2016-11-07 08:00:00,116,4,112
2016-11-07 09:00:00,50,7,43
2016-11-07 10:00:00,19,2,17
2016-11-07 11:00:00,12,9,3
2016-11-07 12:00:00,19,8,11
2016-11-07 13:00:00,20,8,12
2016-11-07 14:00:00,21,9,12
2016-11-07 15:00:00,37,22,15
2016-11-07 16:00:00,107,81,26
2016-11-07 17:00:00,148,139,9
2016-11-07 18:00:00,59,53,6
2016-11-07 19:00:00,20,18,2
2016-11-07 20:00:00,19,17,2
2016-11-07 21:00:00,11,9,2
2016-11-07 22:00:00,4,4,0
2016-11-07 23:00:00,4,4,0
2016-11-08 00:00:00,5,3,2
2016-11-08 01:00:00,1,1,0
2016-11-08 02:00:00,1,1,0
2016-11-08 03:00:00,1,1,0
2016-11-08 04:00:00,5,2,3
2016-11-08 05:00:00,27,4,23
2016-11-08 06:00:00,69,9,60
2016-11-08 07:00:00,161,17,144
2016-11-08 08:00:00,149,11,138
2016-11-08 09:00:00,57,6,51
2016-11-08 10:00:00,17,3,14
2016-11-08 11:00:00,35,20,15
2016-11-08 12:00:00,38,18,20
2016-11-08 13:00:00,42,21,21
2016-11-08 14:00:00,52,33,19
2016-11-08 15:00:00,63,42,21
2016-11-08 16:00:00,111,96,15
2016-11-08 17:00:00,186,162,24
2016-11-08 18:00:00,62,56,6
2016-11-08 19:00:00,28,21,7
2016-11-08 20:00:00,11,9,2
2016-11-08 21:00:00,11,8,3
2016-11-08 22:00:00,5,4,1
2016-11-08 23:00:00,6,3,3
2016-11-09 00:00:00,4,3,1
2016-11-09 01:00:00,1,1,0
2016-11-09 02:00:00,3,0,3
2016-11-09 03:00:00,1,0,1
2016-11-09 04:00:00,4,2,2
2016-11-09 05:00:00,19,5,14
2016-11-09 06:00:00,38,5,33
2016-11-09 07:00:00,99,8,91
2016-11-09 08:00:00,115,6,109
2016-11-09 09:00:00,50,8,42
2016-11-09 10:00:00,8,2,6
2016-11-09 11:00:00,12,2,10
2016-11-09 12:00:00,18,7,11
2016-11-09 13:00:00,17,9,8
2016-11-09 14:00:00,25,17,8
2016-11-09 15:00:00,43,28,15
2016-11-09 16:00:00,90,74,16
2016-11-09 17:00:00,125,106,19
2016-11-09 18:00:00,76,69,7
2016-11-09 19:00:00,21,20,1
2016-11-09 20:00:00,15,13,2
2016-11-09 21:00:00,13,10,3
2016-11-09 22:00:00,3,2,1
2016-11-09 23:00:00,1,0,1
2016-11-10 00:00:00,3,3,0
2016-11-10 01:00:00,7,4,3
2016-11-10 02:00:00,2,0,2
2016-11-10 03:00:00,5,1,4
2016-11-10 04:00:00,2,1,1
2016-11-10 05:00:00,13,2,11
2016-11-10 06:00:00,53,11,42
2016-11-10 07:00:00,128,12,116
2016-11-10 08:00:00,130,8,122
2016-11-10 09:00:00,61,9,52
2016-11-10 10:00:00,19,7,12
2016-11-10 11:00:00,35,14,21
2016-11-10 12:00:00,23,10,13
2016-11-10 13:00:00,26,11,15
2016-11-10 14:00:00,37,19,18
2016-11-10 15:00:00,40,24,16
2016-11-10 16:00:00,103,79,24
2016-11-10 17:00:00,128,113,15
2016-11-10 18:00:00,76,69,7
2016-11-10 19:00:00,24,21,3
2016-11-10 20:00:00,20,17,3
2016-11-10 21:00:00,12,9,3
2016-11-10 22:00:00,9,6,3
2016-11-10 23:00:00,2,1,1
2016-11-11 00:00:00,2,2,0
2016-11-11 01:00:00,1,0,1
2016-11-11 02:00:00,4,4,0
2016-11-11 03:00:00,3,1,2
2016-11-11 04:00:00,2,0,2
2016-11-11 05:00:00,12,2,10
2016-11-11 06:00:00,38,4,34
2016-11-11 07:00:00,93,10,83
2016-11-11 08:00:00,88,7,81
2016-11-11 09:00:00,49,6,43
2016-11-11 10:00:00,25,9,16
2016-11-11 11:00:00,44,32,12
2016-11-11 12:00:00,37,22,15
2016-11-11 13:00:00,39,6,33
2016-11-11 14:00:00,25,18,7
2016-11-11 15:00:00,49,34,15
2016-11-11 16:00:00,73,55,18
2016-11-11 17:00:00,87,75,12
2016-11-11 18:00:00,40,36,4
2016-11-11 19:00:00,24,17,7
2016-11-11 20:00:00,15,14,1
2016-11-11 21:00:00,12,9,3
2016-11-11 22:00:00,4,3,1
2016-11-11 23:00:00,0,0,0
2016-11-12 00:00:00,4,2,2
2016-11-12 01:00:00,1,1,0
2016-11-12 02:00:00,3,3,0
2016-11-12 03:00:00,3,3,0
2016-11-12 04:00:00,1,0,1
2016-11-12 05:00:00,5,1,4
2016-11-12 06:00:00,6,2,4
2016-11-12 07:00:00,3,1,2
2016-11-12 08:00:00,11,6,5
2016-11-12 09:00:00,3,0,3
2016-11-12 10:00:00,12,4,8
2016-11-12 11:00:00,5,2,3
2016-11-12 12:00:00,15,6,9
2016-11-12 13:00:00,11,3,8
2016-11-12 14:00:00,14,8,6
2016-11-12 15:00:00,13,7,6
2016-11-12 16:00:00,20,12,8
2016-11-12 17:00:00,11,6,5
2016-11-12 18:00:00,7,4,3
2016-11-12 19:00:00,4,3,1
2016-11-12 20:00:00,4,3,1
2016-11-12 21:00:00,5,4,1
2016-11-12 22:00:00,2,2,0
2016-11-12 23:00:00,2,2,0
2016-11-13 00:00:00,1,0,1
2016-11-13 01:00:00,3,2,1
2016-11-13 02:00:00,3,2,1
2016-11-13 03:00:00,3,1,2
2016-11-13 04:00:00,1,1,0
2016-11-13 05:00:00,5,1,4
2016-11-13 06:00:00,3,0,3
2016-11-13 07:00:00,7,1,6
2016-11-13 08:00:00,6,1,5
2016-11-13 09:00:00,8,5,3
2016-11-13 10:00:00,5,2,3
2016-11-13 11:00:00,8,4,4
2016-11-13 12:00:00,8,6,2
2016-11-13 13:00:00,11,3,8
2016-11-13 14:00:00,8,7,1
2016-11-13 15:00:00,4,3,1
2016-11-13 16:00:00,10,7,3
2016-11-13 17:00:00,6,5,1
2016-11-13 18:00:00,1,0,1
2016-11-13 19:00:00,0,0,0
2016-11-13 20:00:00,0,0,0
2016-11-13 21:00:00,3,1,2
2016-11-13 22:00:00,1,1,0
2016-11-13 23:00:00,3,1,2
2016-11-14 00:00:00,0,0,0
2016-11-14 01:00:00,2,1,1
2016-11-14 02:00:00,0,0,0
2016-11-14 03:00:00,6,6,0
2016-11-14 04:00:00,2,0,2
2016-11-14 05:00:00,20,3,17
2016-11-14 06:00:00,53,6,47
2016-11-14 07:00:00,109,8,101
2016-11-14 08:00:00,124,8,116
2016-11-14 09:00:00,49,7,42
2016-11-14 10:00:00,15,5,10
2016-11-14 11:00:00,9,3,6
2016-11-14 12:00:00,11,5,6
2016-11-14 13:00:00,15,5,10
2016-11-14 14:00:00,21,13,8
2016-11-14 15:00:00,42,28,14
2016-11-14 16:00:00,86,72,14
2016-11-14 17:00:00,142,123,19
2016-11-14 18:00:00,75,70,5
2016-11-14 19:00:00,25,22,3
2016-11-14 20:00:00,10,9,1
2016-11-14 21:00:00,12,8,4
2016-11-14 22:00:00,3,2,1
2016-11-14 23:00:00,3,3,0
2016-11-15 00:00:00,1,1,0
2016-11-15 01:00:00,1,1,0
2016-11-15 02:00:00,0,0,0
2016-11-15 03:00:00,2,0,2
2016-11-15 04:00:00,1,0,1
2016-11-15 05:00:00,12,0,12
2016-11-15 06:00:00,33,2,31
2016-11-15 07:00:00,99,11,88
2016-11-15 08:00:00,105,11,94
2016-11-15 09:00:00,42,1,41
2016-11-15 10:00:00,20,4,16
2016-11-15 11:00:00,21,10,11
2016-11-15 12:00:00,18,10,8
2016-11-15 13:00:00,17,5,12
2016-11-15 14:00:00,16,12,4
2016-11-15 15:00:00,21,17,4
2016-11-15 16:00:00,60,51,9
2016-11-15 17:00:00,99,88,11
2016-11-15 18:00:00,65,55,10
2016-11-15 19:00:00,22,17,5
2016-11-15 20:00:00,8,6,2
2016-11-15 21:00:00,6,5,1
2016-11-15 22:00:00,4,4,0
2016-11-15 23:00:00,3,3,0
2016-11-16 00:00:00,4,3,1
2016-11-16 01:00:00,0,0,0
2016-11-16 02:00:00,0,0,0
2016-11-16 03:00:00,3,2,1
2016-11-16 04:00:00,5,1,4
2016-11-16 05:00:00,19,3,16
2016-11-16 06:00:00,47,6,41
2016-11-16 07:00:00,125,13,112
2016-11-16 08:00:00,125,14,111
2016-11-16 09:00:00,34,7,27
2016-11-16 10:00:00,22,2,20
2016-11-16 11:00:00,19,5,14
2016-11-16 12:00:00,15,9,6
2016-11-16 13:00:00,17,8,9
2016-11-16 14:00:00,17,13,4
2016-11-16 15:00:00,32,23,9
2016-11-16 16:00:00,69,56,13
2016-11-16 17:00:00,120,109,11
2016-11-16 18:00:00,74,63,11
2016-11-16 19:00:00,29,18,11
2016-11-16 20:00:00,13,12,1
2016-11-16 21:00:00,12,10,2
2016-11-16 22:00:00,9,5,4
2016-11-16 23:00:00,5,3,2
2016-11-17 00:00:00,2,2,0
2016-11-17 01:00:00,2,1,1
2016-11-17 02:00:00,1,0,1
2016-11-17 03:00:00,1,0,1
2016-11-17 04:00:00,3,0,3
2016-11-17 05:00:00,14,0,14
2016-11-17 06:00:00,52,5,47
2016-11-17 07:00:00,115,12,103
2016-11-17 08:00:00,119,6,113
2016-11-17 09:00:00,43,4,39
2016-11-17 10:00:00,17,5,12
2016-11-17 11:00:00,17,7,10
2016-11-17 12:00:00,14,9,5
2016-11-17 13:00:00,14,4,10
2016-11-17 14:00:00,27,16,11
2016-11-17 15:00:00,47,28,19
2016-11-17 16:00:00,86,68,18
2016-11-17 17:00:00,125,104,21
2016-11-17 18:00:00,83,66,17
2016-11-17 19:00:00,29,25,4
2016-11-17 20:00:00,14,12,2
2016-11-17 21:00:00,10,8,2
2016-11-17 22:00:00,1,1,0
2016-11-17 23:00:00,2,2,0
2016-11-18 00:00:00,0,0,0
2016-11-18 01:00:00,2,1,1
2016-11-18 02:00:00,2,1,1
2016-11-18 03:00:00,1,1,0
2016-11-18 04:00:00,6,0,6
2016-11-18 05:00:00,17,3,14
2016-11-18 06:00:00,41,4,37
2016-11-18 07:00:00,95,7,88
2016-11-18 08:00:00,108,8,100
2016-11-18 09:00:00,33,6,27
2016-11-18 10:00:00,25,4,21
2016-11-18 11:00:00,16,4,12
2016-11-18 12:00:00,21,12,9
2016-11-18 13:00:00,21,12,9
2016-11-18 14:00:00,36,20,16
2016-11-18 15:00:00,51,34,17
2016-11-18 16:00:00,66,56,10
2016-11-18 17:00:00,95,79,16
2016-11-18 18:00:00,56,48,8
2016-11-18 19:00:00,20,14,6
2016-11-18 20:00:00,8,3,5
2016-11-18 21:00:00,4,4,0
2016-11-18 22:00:00,3,2,1
2016-11-18 23:00:00,2,1,1
2016-11-19 00:00:00,2,1,1
2016-11-19 01:00:00,0,0,0
2016-11-19 02:00:00,2,1,1
2016-11-19 03:00:00,4,4,0
2016-11-19 04:00:00,4,2,2
2016-11-19 05:00:00,9,0,9
2016-11-19 06:00:00,4,0,4
2016-11-19 07:00:00,2,0,2
2016-11-19 08:00:00,11,4,7
2016-11-19 09:00:00,12,5,7
2016-11-19 10:00:00,15,7,8
2016-11-19 11:00:00,13,3,10
2016-11-19 12:00:00,15,8,7
2016-11-19 13:00:00,24,11,13
2016-11-19 14:00:00,26,10,16
2016-11-19 15:00:00,29,13,16
2016-11-19 16:00:00,16,11,5
2016-11-19 17:00:00,16,9,7
2016-11-19 18:00:00,14,9,5
2016-11-19 19:00:00,3,1,2
2016-11-19 20:00:00,4,3,1
2016-11-19 21:00:00,3,2,1
2016-11-19 22:00:00,4,4,0
2016-11-19 23:00:00,2,1,1
2016-11-20 00:00:00,3,2,1
2016-11-20 01:00:00,1,0,1
2016-11-20 02:00:00,3,1,2
2016-11-20 03:00:00,0,0,0
2016-11-20 04:00:00,2,2,0
2016-11-20 05:00:00,5,1,4
2016-11-20 06:00:00,5,3,2
2016-11-20 07:00:00,3,0,3
2016-11-20 08:00:00,9,3,6
2016-11-20 09:00:00,22,12,10
2016-11-20 10:00:00,10,4,6
2016-11-20 11:00:00,7,2,5
2016-11-20 12:00:00,14,3,11
2016-11-20 13:00:00,12,4,8
2016-11-20 14:00:00,13,4,9
2016-11-20 15:00:00,8,4,4
2016-11-20 16:00:00,10,7,3
2016-11-20 17:00:00,7,5,2
2016-11-20 18:00:00,4,4,0
2016-11-20 19:00:00,1,1,0
2016-11-20 20:00:00,4,2,2
2016-11-20 21:00:00,5,4,1
2016-11-20 22:00:00,2,1,1
2016-11-20 23:00:00,1,1,0
2016-11-21 00:00:00,1,0,1
2016-11-21 01:00:00,2,2,0
2016-11-21 02:00:00,3,2,1
2016-11-21 03:00:00,3,1,2
2016-11-21 04:00:00,4,0,4
2016-11-21 05:00:00,16,1,15
2016-11-21 06:00:00,47,6,41
2016-11-21 07:00:00,106,9,97
2016-11-21 08:00:00,109,5,104
2016-11-21 09:00:00,50,3,47
2016-11-21 10:00:00,17,5,12
2016-11-21 11:00:00,21,7,14
2016-11-21 12:00:00,16,7,9
2016-11-21 13:00:00,18,6,12
2016-11-21 14:00:00,30,18,12
2016-11-21 15:00:00,31,24,7
2016-11-21 16:00:00,69,56,13
2016-11-21 17:00:00,119,107,12
2016-11-21 18:00:00,77,66,11
2016-11-21 19:00:00,39,29,10
2016-11-21 20:00:00,13,8,5
2016-11-21 21:00:00,9,8,1
2016-11-21 22:00:00,6,3,3
2016-11-21 23:00:00,2,2,0
2016-11-22 00:00:00,1,1,0
2016-11-22 01:00:00,4,1,3
2016-11-22 02:00:00,4,3,1
2016-11-22 03:00:00,4,1,3
2016-11-22 04:00:00,3,0,3
2016-11-22 05:00:00,18,1,17
2016-11-22 06:00:00,39,9,30
2016-11-22 07:00:00,82,3,79
2016-11-22 08:00:00,95,10,85
2016-11-22 09:00:00,38,4,34
2016-11-22 10:00:00,15,0,15
2016-11-22 11:00:00,7,3,4
2016-11-22 12:00:00,7,4,3
2016-11-22 13:00:00,15,6,9
2016-11-22 14:00:00,17,10,7
2016-11-22 15:00:00,27,19,8
2016-11-22 16:00:00,42,33,9
2016-11-22 17:00:00,84,72,12
2016-11-22 18:00:00,59,55,4
2016-11-22 19:00:00,25,22,3
2016-11-22 20:00:00,14,11,3
2016-11-22 21:00:00,5,4,1
2016-11-22 22:00:00,6,5,1
2016-11-22 23:00:00,1,1,0
2016-11-23 00:00:00,1,1,0
2016-11-23 01:00:00,1,0,1
2016-11-23 02:00:00,2,2,0
2016-11-23 03:00:00,1,0,1
2016-11-23 04:00:00,4,2,2
2016-11-23 05:00:00,13,1,12
2016-11-23 06:00:00,26,3,23
2016-11-23 07:00:00,72,9,63
2016-11-23 08:00:00,68,4,64
2016-11-23 09:00:00,34,5,29
2016-11-23 10:00:00,11,2,9
2016-11-23 11:00:00,11,4,7
2016-11-23 12:00:00,13,6,7
2016-11-23 13:00:00,25,15,10
2016-11-23 14:00:00,24,18,6
2016-11-23 15:00:00,44,32,12
2016-11-23 16:00:00,58,51,7
2016-11-23 17:00:00,56,47,9
2016-11-23 18:00:00,28,23,5
2016-11-23 19:00:00,10,7,3
2016-11-23 20:00:00,7,5,2
2016-11-23 21:00:00,5,5,0
2016-11-23 22:00:00,3,3,0
2016-11-23 23:00:00,0,0,0
2016-11-24 00:00:00,0,0,0
2016-11-24 01:00:00,4,2,2
2016-11-24 02:00:00,0,0,0
2016-11-24 03:00:00,2,1,1
2016-11-24 04:00:00,0,0,0
2016-11-24 05:00:00,3,2,1
2016-11-24 06:00:00,3,0,3
2016-11-24 07:00:00,1,0,1
2016-11-24 08:00:00,0,0,0
2016-11-24 09:00:00,3,1,2
2016-11-24 10:00:00,7,4,3
2016-11-24 11:00:00,2,0,2
2016-11-24 12:00:00,4,2,2
2016-11-24 13:00:00,6,2,4
2016-11-24 14:00:00,2,0,2
2016-11-24 15:00:00,4,4,0
2016-11-24 16:00:00,3,2,1
2016-11-24 17:00:00,0,0,0
2016-11-24 18:00:00,5,3,2
2016-11-24 19:00:00,1,1,0
2016-11-24 20:00:00,1,0,1
2016-11-24 21:00:00,1,1,0
2016-11-24 22:00:00,0,0,0
2016-11-24 23:00:00,2,2,0
2016-11-25 00:00:00,0,0,0
2016-11-25 01:00:00,2,1,1
2016-11-25 02:00:00,1,1,0
2016-11-25 03:00:00,0,0,0
2016-11-25 04:00:00,0,0,0
2016-11-25 05:00:00,5,0,5
2016-11-25 06:00:00,6,0,6
2016-11-25 07:00:00,17,2,15
2016-11-25 08:00:00,12,0,12
2016-11-25 09:00:00,16,6,10
2016-11-25 10:00:00,18,6,12
2016-11-25 11:00:00,24,16,8
2016-11-25 12:00:00,24,16,8
2016-11-25 13:00:00,48,22,26
2016-11-25 14:00:00,31,19,12
2016-11-25 15:00:00,31,17,14
2016-11-25 16:00:00,22,12,10
2016-11-25 17:00:00,18,12,6
2016-11-25 18:00:00,8,6,2
2016-11-25 19:00:00,3,2,1
2016-11-25 20:00:00,6,6,0
2016-11-25 21:00:00,3,3,0
2016-11-25 22:00:00,3,1,2
2016-11-25 23:00:00,3,2,1
2016-11-26 00:00:00,0,0,0
2016-11-26 01:00:00,1,0,1
2016-11-26 02:00:00,1,0,1
2016-11-26 03:00:00,0,0,0
2016-11-26 04:00:00,4,2,2
2016-11-26 05:00:00,6,1,5
2016-11-26 06:00:00,2,0,2
2016-11-26 07:00:00,5,2,3
2016-11-26 08:00:00,4,0,4
2016-11-26 09:00:00,5,4,1
2016-11-26 10:00:00,1,0,1
2016-11-26 11:00:00,5,1,4
2016-11-26 12:00:00,5,2,3
2016-11-26 13:00:00,17,10,7
2016-11-26 14:00:00,6,0,6
2016-11-26 15:00:00,11,4,7
2016-11-26 16:00:00,13,7,6
2016-11-26 17:00:00,5,4,1
2016-11-26 18:00:00,7,4,3
2016-11-26 19:00:00,4,3,1
2016-11-26 20:00:00,2,2,0
2016-11-26 21:00:00,3,3,0
2016-11-26 22:00:00,0,0,0
2016-11-26 23:00:00,1,1,0
2016-11-27 00:00:00,2,1,1
2016-11-27 01:00:00,1,0,1
2016-11-27 02:00:00,1,1,0
2016-11-27 03:00:00,0,0,0
2016-11-27 04:00:00,4,3,1
2016-11-27 05:00:00,4,0,4
2016-11-27 06:00:00,4,1,3
2016-11-27 07:00:00,3,0,3
2016-11-27 08:00:00,4,3,1
2016-11-27 09:00:00,18,12,6
2016-11-27 10:00:00,15,7,8
2016-11-27 11:00:00,23,5,18
2016-11-27 12:00:00,21,14,7
2016-11-27 13:00:00,11,4,7
2016-11-27 14:00:00,7,7,0
2016-11-27 15:00:00,3,2,1
2016-11-27 16:00:00,6,3,3
2016-11-27 17:00:00,3,2,1
2016-11-27 18:00:00,0,0,0
2016-11-27 19:00:00,3,1,2
2016-11-27 20:00:00,1,1,0
2016-11-27 21:00:00,0,0,0
2016-11-27 22:00:00,2,1,1
2016-11-27 23:00:00,0,0,0
2016-11-28 00:00:00,0,0,0
2016-11-28 01:00:00,0,0,0
2016-11-28 02:00:00,0,0,0
2016-11-28 03:00:00,1,1,0
2016-11-28 04:00:00,3,0,3
2016-11-28 05:00:00,17,1,16
2016-11-28 06:00:00,55,4,51
2016-11-28 07:00:00,106,7,99
2016-11-28 08:00:00,121,5,116
2016-11-28 09:00:00,43,2,41
2016-11-28 10:00:00,18,6,12
2016-11-28 11:00:00,14,6,8
2016-11-28 12:00:00,15,8,7
2016-11-28 13:00:00,13,7,6
2016-11-28 14:00:00,18,8,10
2016-11-28 15:00:00,42,30,12
2016-11-28 16:00:00,69,59,10
2016-11-28 17:00:00,125,112,13
2016-11-28 18:00:00,74,65,9
2016-11-28 19:00:00,24,22,2
2016-11-28 20:00:00,19,14,5
2016-11-28 21:00:00,6,6,0
2016-11-28 22:00:00,9,8,1
2016-11-28 23:00:00,3,2,1
2016-11-29 00:00:00,1,1,0
2016-11-29 01:00:00,0,0,0
2016-11-29 02:00:00,0,0,0
2016-11-29 03:00:00,3,1,2
2016-11-29 04:00:00,5,3,2
2016-11-29 05:00:00,27,1,26
2016-11-29 06:00:00,56,8,48
2016-11-29 07:00:00,114,14,100
2016-11-29 08:00:00,119,8,111
2016-11-29 09:00:00,64,3,61
2016-11-29 10:00:00,22,13,9
2016-11-29 11:00:00,11,4,7
2016-11-29 12:00:00,27,6,21
2016-11-29 13:00:00,14,5,9
2016-11-29 14:00:00,19,14,5
2016-11-29 15:00:00,39,31,8
2016-11-29 16:00:00,53,41,12
2016-11-29 17:00:00,119,105,14
2016-11-29 18:00:00,109,97,12
2016-11-29 19:00:00,35,25,10
2016-11-29 20:00:00,12,10,2
2016-11-29 21:00:00,10,5,5
2016-11-29 22:00:00,7,6,1
2016-11-29 23:00:00,6,5,1
2016-11-30 00:00:00,0,0,0
2016-11-30 01:00:00,2,1,1
2016-11-30 02:00:00,2,0,2
2016-11-30 03:00:00,3,2,1
2016-11-30 04:00:00,1,0,1
2016-11-30 05:00:00,14,0,14
2016-11-30 06:00:00,50,4,46
2016-11-30 07:00:00,86,11,75
2016-11-30 08:00:00,95,3,92
2016-11-30 09:00:00,41,5,36
2016-11-30 10:00:00,11,0,11
2016-11-30 11:00:00,8,4,4
2016-11-30 12:00:00,12,7,5
2016-11-30 13:00:00,10,5,5
2016-11-30 14:00:00,16,9,7
2016-11-30 15:00:00,26,23,3
2016-11-30 16:00:00,57,49,8
2016-11-30 17:00:00,92,83,9
2016-11-30 18:00:00,68,60,8
2016-11-30 19:00:00,33,23,10
2016-11-30 20:00:00,7,6,1
2016-11-30 21:00:00,10,10,0
2016-11-30 22:00:00,3,3,0
2016-11-30 23:00:00,2,1,1
2016-12-01 00:00:00,0,0,0
2016-12-01 01:00:00,0,0,0
2016-12-01 02:00:00,0,0,0
2016-12-01 03:00:00,3,0,3
2016-12-01 04:00:00,6,1,5
2016-12-01 05:00:00,17,0,17
2016-12-01 06:00:00,56,6,50
2016-12-01 07:00:00,93,11,82
2016-12-01 08:00:00,123,7,116
2016-12-01 09:00:00,57,5,52
2016-12-01 10:00:00,20,7,13
2016-12-01 11:00:00,14,3,11
2016-12-01 12:00:00,14,8,6
2016-12-01 13:00:00,20,13,7
2016-12-01 14:00:00,19,9,10
2016-12-01 15:00:00,27,18,9
2016-12-01 16:00:00,68,58,10
2016-12-01 17:00:00,110,102,8
2016-12-01 18:00:00,74,63,11
2016-12-01 19:00:00,46,33,13
2016-12-01 20:00:00,15,13,2
2016-12-01 21:00:00,10,9,1
2016-12-01 22:00:00,4,3,1
2016-12-01 23:00:00,5,1,4
2016-12-02 00:00:00,1,0,1
2016-12-02 01:00:00,0,0,0
2016-12-02 02:00:00,1,1,0
2016-12-02 03:00:00,1,0,1
2016-12-02 04:00:00,1,0,1
2016-12-02 05:00:00,7,0,7
2016-12-02 06:00:00,39,3,36
2016-12-02 07:00:00,56,4,52
2016-12-02 08:00:00,68,3,65
2016-12-02 09:00:00,29,1,28
2016-12-02 10:00:00,8,1,7
2016-12-02 11:00:00,7,3,4
2016-12-02 12:00:00,10,3,7
2016-12-02 13:00:00,5,2,3
2016-12-02 14:00:00,14,9,5
2016-12-02 15:00:00,17,15,2
2016-12-02 16:00:00,38,34,4
2016-12-02 17:00:00,66,64,2
2016-12-02 18:00:00,33,29,4
2016-12-02 19:00:00,6,6,0
2016-12-02 20:00:00,5,4,1
2016-12-02 21:00:00,6,5,1
2016-12-02 22:00:00,3,2,1
2016-12-02 23:00:00,2,2,0
2016-12-03 00:00:00,1,1,0
2016-12-03 01:00:00,1,0,1
2016-12-03 02:00:00,0,0,0
2016-12-03 03:00:00,1,0,1
2016-12-03 04:00:00,4,2,2
2016-12-03 05:00:00,3,0,3
2016-12-03 06:00:00,9,0,9
2016-12-03 07:00:00,4,2,2
2016-12-03 08:00:00,14,5,9
2016-12-03 09:00:00,5,2,3
2016-12-03 10:00:00,21,13,8
2016-12-03 11:00:00,19,6,13
2016-12-03 12:00:00,14,5,9
2016-12-03 13:00:00,25,14,11
2016-12-03 14:00:00,16,7,9
2016-12-03 15:00:00,17,8,9
2016-12-03 16:00:00,13,11,2
2016-12-03 17:00:00,12,8,4
2016-12-03 18:00:00,5,4,1
2016-12-03 19:00:00,7,7,0
2016-12-03 20:00:00,3,0,3
2016-12-03 21:00:00,2,2,0
2016-12-03 22:00:00,0,0,0
2016-12-03 23:00:00,1,1,0
2016-12-04 00:00:00,1,0,1
2016-12-04 01:00:00,0,0,0
2016-12-04 02:00:00,0,0,0
2016-12-04 03:00:00,0,0,0
2016-12-04 04:00:00,3,3,0
2016-12-04 05:00:00,3,0,3
2016-12-04 06:00:00,1,0,1
2016-12-04 07:00:00,3,2,1
2016-12-04 08:00:00,11,6,5
2016-12-04 09:00:00,2,1,1
2016-12-04 10:00:00,12,3,9
2016-12-04 11:00:00,20,11,9
2016-12-04 12:00:00,37,14,23
2016-12-04 13:00:00,46,22,24
2016-12-04 14:00:00,39,19,20
2016-12-04 15:00:00,26,12,14
2016-12-04 16:00:00,26,13,13
2016-12-04 17:00:00,13,5,8
2016-12-04 18:00:00,3,1,2
2016-12-04 19:00:00,0,0,0
2016-12-04 20:00:00,2,1,1
2016-12-04 21:00:00,5,4,1
2016-12-04 22:00:00,1,0,1
2016-12-04 23:00:00,1,0,1
2016-12-05 00:00:00,3,2,1
2016-12-05 01:00:00,1,1,0
2016-12-05 02:00:00,0,0,0
2016-12-05 03:00:00,4,1,3
2016-12-05 04:00:00,0,0,0
2016-12-05 05:00:00,12,0,12
2016-12-05 06:00:00,30,4,26
2016-12-05 07:00:00,54,5,49
2016-12-05 08:00:00,59,6,53
2016-12-05 09:00:00,28,5,23
2016-12-05 10:00:00,5,0,5
2016-12-05 11:00:00,5,1,4
2016-12-05 12:00:00,2,0,2
2016-12-05 13:00:00,10,4,6
2016-12-05 14:00:00,13,8,5
2016-12-05 15:00:00,14,14,0
2016-12-05 16:00:00,46,31,15
2016-12-05 17:00:00,68,63,5
2016-12-05 18:00:00,31,28,3
2016-12-05 19:00:00,18,15,3
2016-12-05 20:00:00,8,6,2
2016-12-05 21:00:00,3,2,1
2016-12-05 22:00:00,3,3,0
2016-12-05 23:00:00,0,0,0
2016-12-06 00:00:00,0,0,0
2016-12-06 01:00:00,1,1,0
2016-12-06 02:00:00,0,0,0
2016-12-06 03:00:00,2,1,1
2016-12-06 04:00:00,2,0,2
2016-12-06 05:00:00,12,0,12
2016-12-06 06:00:00,18,3,15
2016-12-06 07:00:00,55,5,50
2016-12-06 08:00:00,92,2,90
2016-12-06 09:00:00,34,4,30
2016-12-06 10:00:00,9,2,7
2016-12-06 11:00:00,13,2,11
2016-12-06 12:00:00,6,5,1
2016-12-06 13:00:00,16,5,11
2016-12-06 14:00:00,11,7,4
2016-12-06 15:00:00,28,19,9
2016-12-06 16:00:00,46,33,13
2016-12-06 17:00:00,68,65,3
2016-12-06 18:00:00,48,42,6
2016-12-06 19:00:00,20,15,5
2016-12-06 20:00:00,9,9,0
2016-12-06 21:00:00,9,8,1
2016-12-06 22:00:00,2,2,0
2016-12-06 23:00:00,2,2,0
2016-12-07 00:00:00,1,1,0
2016-12-07 01:00:00,0,0,0
2016-12-07 02:00:00,5,2,3
2016-12-07 03:00:00,2,1,1
2016-12-07 04:00:00,2,0,2
2016-12-07 05:00:00,13,3,10
2016-12-07 06:00:00,26,2,24
2016-12-07 07:00:00,62,10,52
2016-12-07 08:00:00,75,7,68
2016-12-07 09:00:00,28,5,23
2016-12-07 10:00:00,11,2,9
2016-12-07 11:00:00,15,5,10
2016-12-07 12:00:00,14,5,9
2016-12-07 13:00:00,12,3,9
2016-12-07 14:00:00,13,5,8
2016-12-07 15:00:00,23,16,7
2016-12-07 16:00:00,43,34,9
2016-12-07 17:00:00,67,53,14
2016-12-07 18:00:00,40,36,4
2016-12-07 19:00:00,28,24,4
2016-12-07 20:00:00,8,6,2
2016-12-07 21:00:00,10,8,2
2016-12-07 22:00:00,5,4,1
2016-12-07 23:00:00,1,0,1
2016-12-08 00:00:00,1,1,0
2016-12-08 01:00:00,0,0,0
2016-12-08 02:00:00,1,1,0
2016-12-08 03:00:00,2,1,1
2016-12-08 04:00:00,2,0,2
2016-12-08 05:00:00,10,1,9
2016-12-08 06:00:00,27,4,23
2016-12-08 07:00:00,45,3,42
2016-12-08 08:00:00,63,6,57
2016-12-08 09:00:00,27,3,24
2016-12-08 10:00:00,9,0,9
2016-12-08 11:00:00,8,3,5
2016-12-08 12:00:00,8,5,3
2016-12-08 13:00:00,8,4,4
2016-12-08 14:00:00,17,13,4
2016-12-08 15:00:00,20,11,9
2016-12-08 16:00:00,40,34,6
2016-12-08 17:00:00,62,56,6
2016-12-08 18:00:00,36,33,3
2016-12-08 19:00:00,13,11,2
2016-12-08 20:00:00,5,4,1
2016-12-08 21:00:00,5,5,0
2016-12-08 22:00:00,2,1,1
2016-12-08 23:00:00,1,1,0
2016-12-09 00:00:00,0,0,0
2016-12-09 01:00:00,3,2,1
2016-12-09 02:00:00,0,0,0
2016-12-09 03:00:00,0,0,0
2016-12-09 04:00:00,0,0,0
2016-12-09 05:00:00,6,0,6
2016-12-09 06:00:00,7,1,6
2016-12-09 07:00:00,9,0,9
2016-12-09 08:00:00,17,0,17
2016-12-09 09:00:00,16,2,14
2016-12-09 10:00:00,7,0,7
2016-12-09 11:00:00,2,1,1
2016-12-09 12:00:00,1,0,1
2016-12-09 13:00:00,1,1,0
2016-12-09 14:00:00,2,1,1
2016-12-09 15:00:00,10,8,2
2016-12-09 16:00:00,17,14,3
2016-12-09 17:00:00,16,14,2
2016-12-09 18:00:00,19,17,2
2016-12-09 19:00:00,5,4,1
2016-12-09 20:00:00,0,0,0
2016-12-09 21:00:00,2,2,0
2016-12-09 22:00:00,2,1,1
2016-12-09 23:00:00,0,0,0
2016-12-10 00:00:00,0,0,0
2016-12-10 01:00:00,0,0,0
2016-12-10 02:00:00,0,0,0
2016-12-10 03:00:00,0,0,0
2016-12-10 04:00:00,1,0,1
2016-12-10 05:00:00,1,0,1
2016-12-10 06:00:00,2,0,2
2016-12-10 07:00:00,3,1,2
2016-12-10 08:00:00,9,4,5
2016-12-10 09:00:00,10,4,6
2016-12-10 10:00:00,12,4,8
2016-12-10 11:00:00,5,3,2
2016-12-10 12:00:00,9,5,4
2016-12-10 13:00:00,7,3,4
2016-12-10 14:00:00,5,3,2
2016-12-10 15:00:00,6,4,2
2016-12-10 16:00:00,11,7,4
2016-12-10 17:00:00,3,2,1
2016-12-10 18:00:00,7,3,4
2016-12-10 19:00:00,3,2,1
2016-12-10 20:00:00,0,0,0
2016-12-10 21:00:00,2,1,1
2016-12-10 22:00:00,3,3,0
2016-12-10 23:00:00,1,0,1
2016-12-11 00:00:00,3,1,2
2016-12-11 01:00:00,1,0,1
2016-12-11 02:00:00,0,0,0
2016-12-11 03:00:00,0,0,0
2016-12-11 04:00:00,1,1,0
2016-12-11 05:00:00,3,0,3
2016-12-11 06:00:00,1,0,1
2016-12-11 07:00:00,1,1,0
2016-12-11 08:00:00,2,0,2
2016-12-11 09:00:00,5,4,1
2016-12-11 10:00:00,18,9,9
2016-12-11 11:00:00,8,6,2
2016-12-11 12:00:00,17,5,12
2016-12-11 13:00:00,7,2,5
2016-12-11 14:00:00,9,3,6
2016-12-11 15:00:00,6,3,3
2016-12-11 16:00:00,6,4,2
2016-12-11 17:00:00,5,3,2
2016-12-11 18:00:00,2,1,1
2016-12-11 19:00:00,1,1,0
2016-12-11 20:00:00,5,1,4
2016-12-11 21:00:00,5,3,2
2016-12-11 22:00:00,0,0,0
2016-12-11 23:00:00,1,1,0
2016-12-12 00:00:00,0,0,0
2016-12-12 01:00:00,0,0,0
2016-12-12 02:00:00,1,0,1
2016-12-12 03:00:00,2,1,1
2016-12-12 04:00:00,5,0,5
2016-12-12 05:00:00,14,1,13
2016-12-12 06:00:00,32,0,32
2016-12-12 07:00:00,62,5,57
2016-12-12 08:00:00,92,7,85
2016-12-12 09:00:00,36,6,30
2016-12-12 10:00:00,16,3,13
2016-12-12 11:00:00,10,3,7
2016-12-12 12:00:00,5,2,3
2016-12-12 13:00:00,8,5,3
2016-12-12 14:00:00,14,6,8
2016-12-12 15:00:00,18,16,2
2016-12-12 16:00:00,49,42,7
2016-12-12 17:00:00,90,83,7
2016-12-12 18:00:00,49,45,4
2016-12-12 19:00:00,20,18,2
2016-12-12 20:00:00,8,6,2
2016-12-12 21:00:00,11,11,0
2016-12-12 22:00:00,2,2,0
2016-12-12 23:00:00,6,4,2
2016-12-13 00:00:00,2,1,1
2016-12-13 01:00:00,0,0,0
2016-12-13 02:00:00,1,1,0
2016-12-13 03:00:00,3,1,2
2016-12-13 04:00:00,1,0,1
2016-12-13 05:00:00,16,1,15
2016-12-13 06:00:00,39,2,37
2016-12-13 07:00:00,68,7,61
2016-12-13 08:00:00,104,9,95
2016-12-13 09:00:00,41,6,35
2016-12-13 10:00:00,26,6,20
2016-12-13 11:00:00,12,5,7
2016-12-13 12:00:00,6,1,5
2016-12-13 13:00:00,8,3,5
2016-12-13 14:00:00,15,10,5
2016-12-13 15:00:00,26,16,10
2016-12-13 16:00:00,52,43,9
2016-12-13 17:00:00,97,87,10
2016-12-13 18:00:00,54,47,7
2016-12-13 19:00:00,26,22,4
2016-12-13 20:00:00,7,6,1
2016-12-13 21:00:00,10,8,2
2016-12-13 22:00:00,2,1,1
2016-12-13 23:00:00,4,3,1
2016-12-14 00:00:00,0,0,0
2016-12-14 01:00:00,2,1,1
2016-12-14 02:00:00,2,2,0
2016-12-14 03:00:00,2,1,1
2016-12-14 04:00:00,2,1,1
2016-12-14 05:00:00,9,0,9
2016-12-14 06:00:00,33,4,29
2016-12-14 07:00:00,55,4,51
2016-12-14 08:00:00,59,8,51
2016-12-14 09:00:00,46,5,41
2016-12-14 10:00:00,12,3,9
2016-12-14 11:00:00,10,1,9
2016-12-14 12:00:00,9,2,7
2016-12-14 13:00:00,10,6,4
2016-12-14 14:00:00,10,5,5
2016-12-14 15:00:00,16,11,5
2016-12-14 16:00:00,38,30,8
2016-12-14 17:00:00,82,72,10
2016-12-14 18:00:00,46,42,4
2016-12-14 19:00:00,17,11,6
2016-12-14 20:00:00,14,13,1
2016-12-14 21:00:00,3,3,0
2016-12-14 22:00:00,4,3,1
2016-12-14 23:00:00,6,3,3
2016-12-15 00:00:00,0,0,0
2016-12-15 01:00:00,2,1,1
2016-12-15 02:00:00,1,0,1
2016-12-15 03:00:00,1,0,1
2016-12-15 04:00:00,1,0,1
2016-12-15 05:00:00,7,1,6
2016-12-15 06:00:00,27,2,25
2016-12-15 07:00:00,54,6,48
2016-12-15 08:00:00,82,4,78
2016-12-15 09:00:00,37,3,34
2016-12-15 10:00:00,11,1,10
2016-12-15 11:00:00,7,1,6
2016-12-15 12:00:00,16,6,10
2016-12-15 13:00:00,11,6,5
2016-12-15 14:00:00,14,8,6
2016-12-15 15:00:00,30,20,10
2016-12-15 16:00:00,43,35,8
2016-12-15 17:00:00,79,67,12
2016-12-15 18:00:00,62,50,12
2016-12-15 19:00:00,19,12,7
2016-12-15 20:00:00,4,4,0
2016-12-15 21:00:00,15,13,2
2016-12-15 22:00:00,3,1,2
2016-12-15 23:00:00,2,2,0
2016-12-16 00:00:00,1,1,0
2016-12-16 01:00:00,1,1,0
2016-12-16 02:00:00,2,1,1
2016-12-16 03:00:00,1,0,1
2016-12-16 04:00:00,1,0,1
2016-12-16 05:00:00,7,1,6
2016-12-16 06:00:00,14,0,14
2016-12-16 07:00:00,46,4,42
2016-12-16 08:00:00,57,3,54
2016-12-16 09:00:00,25,3,22
2016-12-16 10:00:00,13,6,7
2016-12-16 11:00:00,12,5,7
2016-12-16 12:00:00,11,6,5
2016-12-16 13:00:00,11,6,5
2016-12-16 14:00:00,14,9,5
2016-12-16 15:00:00,20,14,6
2016-12-16 16:00:00,31,26,5
2016-12-16 17:00:00,45,39,6
2016-12-16 18:00:00,34,27,7
2016-12-16 19:00:00,12,9,3
2016-12-16 20:00:00,2,2,0
2016-12-16 21:00:00,1,1,0
2016-12-16 22:00:00,3,2,1
2016-12-16 23:00:00,3,3,0
2016-12-17 00:00:00,0,0,0
2016-12-17 01:00:00,2,1,1
2016-12-17 02:00:00,0,0,0
2016-12-17 03:00:00,0,0,0
2016-12-17 04:00:00,1,0,1
2016-12-17 05:00:00,1,0,1
2016-12-17 06:00:00,3,0,3
2016-12-17 07:00:00,2,0,2
2016-12-17 08:00:00,3,1,2
2016-12-17 09:00:00,12,3,9
2016-12-17 10:00:00,9,6,3
2016-12-17 11:00:00,13,2,11
2016-12-17 12:00:00,10,2,8
2016-12-17 13:00:00,9,4,5
2016-12-17 14:00:00,14,7,7
2016-12-17 15:00:00,8,4,4
2016-12-17 16:00:00,12,9,3
2016-12-17 17:00:00,5,1,4
2016-12-17 18:00:00,10,6,4
2016-12-17 19:00:00,2,1,1
2016-12-17 20:00:00,1,1,0
2016-12-17 21:00:00,2,2,0
2016-12-17 22:00:00,5,3,2
2016-12-17 23:00:00,5,2,3
2016-12-18 00:00:00,3,3,0
2016-12-18 01:00:00,5,2,3
2016-12-18 02:00:00,2,0,2
2016-12-18 03:00:00,1,0,1
2016-12-18 04:00:00,1,1,0
2016-12-18 05:00:00,3,0,3
2016-12-18 06:00:00,3,3,0
2016-12-18 07:00:00,2,1,1
2016-12-18 08:00:00,6,3,3
2016-12-18 09:00:00,5,0,5
2016-12-18 10:00:00,11,4,7
2016-12-18 11:00:00,9,1,8
2016-12-18 12:00:00,5,3,2
2016-12-18 13:00:00,12,6,6
2016-12-18 14:00:00,6,4,2
2016-12-18 15:00:00,18,10,8
2016-12-18 16:00:00,21,11,10
2016-12-18 17:00:00,17,10,7
2016-12-18 18:00:00,4,3,1
2016-12-18 19:00:00,3,1,2
2016-12-18 20:00:00,5,1,4
2016-12-18 21:00:00,3,2,1
2016-12-18 22:00:00,1,1,0
2016-12-18 23:00:00,1,0,1
2016-12-19 00:00:00,2,1,1
2016-12-19 01:00:00,1,1,0
2016-12-19 02:00:00,0,0,0
2016-12-19 03:00:00,1,0,1
2016-12-19 04:00:00,3,1,2
2016-12-19 05:00:00,6,0,6
2016-12-19 06:00:00,24,3,21
2016-12-19 07:00:00,50,5,45
2016-12-19 08:00:00,54,1,53
2016-12-19 09:00:00,27,2,25
2016-12-19 10:00:00,12,1,11
2016-12-19 11:00:00,2,1,1
2016-12-19 12:00:00,7,4,3
2016-12-19 13:00:00,6,2,4
2016-12-19 14:00:00,10,7,3
2016-12-19 15:00:00,15,11,4
2016-12-19 16:00:00,27,22,5
2016-12-19 17:00:00,66,60,6
2016-12-19 18:00:00,38,32,6
2016-12-19 19:00:00,15,13,2
2016-12-19 20:00:00,6,3,3
2016-12-19 21:00:00,4,3,1
2016-12-19 22:00:00,0,0,0
2016-12-19 23:00:00,0,0,0
2016-12-20 00:00:00,3,3,0
2016-12-20 01:00:00,1,0,1
2016-12-20 02:00:00,6,4,2
2016-12-20 03:00:00,2,1,1
2016-12-20 04:00:00,2,0,2
2016-12-20 05:00:00,13,2,11
2016-12-20 06:00:00,30,4,26
2016-12-20 07:00:00,53,8,45
2016-12-20 08:00:00,64,4,60
2016-12-20 09:00:00,25,2,23
2016-12-20 10:00:00,12,4,8
2016-12-20 11:00:00,8,4,4
2016-12-20 12:00:00,10,5,5
2016-12-20 13:00:00,13,7,6
2016-12-20 14:00:00,12,7,5
2016-12-20 15:00:00,21,12,9
2016-12-20 16:00:00,41,34,7
2016-12-20 17:00:00,74,68,6
2016-12-20 18:00:00,43,38,5
2016-12-20 19:00:00,8,7,1
2016-12-20 20:00:00,3,2,1
2016-12-20 21:00:00,5,3,2
2016-12-20 22:00:00,3,1,2
2016-12-20 23:00:00,2,2,0
2016-12-21 00:00:00,0,0,0
2016-12-21 01:00:00,1,1,0
2016-12-21 02:00:00,0,0,0
2016-12-21 03:00:00,6,4,2
2016-12-21 04:00:00,2,1,1
2016-12-21 05:00:00,12,1,11
2016-12-21 06:00:00,37,2,35
2016-12-21 07:00:00,64,7,57
2016-12-21 08:00:00,63,4,59
2016-12-21 09:00:00,40,8,32
2016-12-21 10:00:00,16,2,14
2016-12-21 11:00:00,13,3,10
2016-12-21 12:00:00,9,2,7
2016-12-21 13:00:00,18,10,8
2016-12-21 14:00:00,20,12,8
2016-12-21 15:00:00,23,17,6
2016-12-21 16:00:00,50,43,7
2016-12-21 17:00:00,70,60,10
2016-12-21 18:00:00,49,36,13
2016-12-21 19:00:00,11,7,4
2016-12-21 20:00:00,16,13,3
2016-12-21 21:00:00,7,6,1
2016-12-21 22:00:00,4,3,1
2016-12-21 23:00:00,2,1,1
2016-12-22 00:00:00,2,1,1
2016-12-22 01:00:00,1,1,0
2016-12-22 02:00:00,0,0,0
2016-12-22 03:00:00,0,0,0
2016-12-22 04:00:00,1,0,1
2016-12-22 05:00:00,12,3,9
2016-12-22 06:00:00,27,1,26
2016-12-22 07:00:00,49,7,42
2016-12-22 08:00:00,54,1,53
2016-12-22 09:00:00,27,0,27
2016-12-22 10:00:00,17,2,15
2016-12-22 11:00:00,9,3,6
2016-12-22 12:00:00,5,2,3
2016-12-22 13:00:00,10,3,7
2016-12-22 14:00:00,11,6,5
2016-12-22 15:00:00,20,15,5
2016-12-22 16:00:00,43,36,7
2016-12-22 17:00:00,40,37,3
2016-12-22 18:00:00,30,25,5
2016-12-22 19:00:00,15,11,4
2016-12-22 20:00:00,3,3,0
2016-12-22 21:00:00,5,4,1
2016-12-22 22:00:00,3,2,1
2016-12-22 23:00:00,1,1,0
2016-12-23 00:00:00,1,1,0
2016-12-23 01:00:00,0,0,0
2016-12-23 02:00:00,0,0,0
2016-12-23 03:00:00,1,0,1
2016-12-23 04:00:00,1,0,1
2016-12-23 05:00:00,5,0,5
2016-12-23 06:00:00,12,2,10
2016-12-23 07:00:00,14,2,12
2016-12-23 08:00:00,22,1,21
2016-12-23 09:00:00,6,1,5
2016-12-23 10:00:00,5,1,4
2016-12-23 11:00:00,2,1,1
2016-12-23 12:00:00,3,2,1
2016-12-23 13:00:00,5,4,1
2016-12-23 14:00:00,8,6,2
2016-12-23 15:00:00,9,7,2
2016-12-23 16:00:00,12,10,2
2016-12-23 17:00:00,15,14,1
2016-12-23 18:00:00,3,3,0
2016-12-23 19:00:00,2,2,0
2016-12-23 20:00:00,4,3,1
2016-12-23 21:00:00,1,1,0
2016-12-23 22:00:00,0,0,0
2016-12-23 23:00:00,0,0,0
2016-12-24 00:00:00,2,0,2
2016-12-24 01:00:00,1,0,1
2016-12-24 02:00:00,1,1,0
2016-12-24 03:00:00,0,0,0
2016-12-24 04:00:00,1,0,1
2016-12-24 05:00:00,5,1,4
2016-12-24 06:00:00,1,0,1
2016-12-24 07:00:00,2,0,2
2016-12-24 08:00:00,11,2,9
2016-12-24 09:00:00,10,4,6
2016-12-24 10:00:00,6,3,3
2016-12-24 11:00:00,10,4,6
2016-12-24 12:00:00,15,6,9
2016-12-24 13:00:00,8,5,3
2016-12-24 14:00:00,16,9,7
2016-12-24 15:00:00,12,7,5
2016-12-24 16:00:00,13,7,6
2016-12-24 17:00:00,7,4,3
2016-12-24 18:00:00,11,8,3
2016-12-24 19:00:00,3,0,3
2016-12-24 20:00:00,0,0,0
2016-12-24 21:00:00,2,2,0
2016-12-24 22:00:00,0,0,0
2016-12-24 23:00:00,0,0,0
2016-12-25 00:00:00,1,1,0
2016-12-25 01:00:00,1,0,1
2016-12-25 02:00:00,0,0,0
2016-12-25 03:00:00,1,1,0
2016-12-25 04:00:00,0,0,0
2016-12-25 05:00:00,3,0,3
2016-12-25 06:00:00,0,0,0
2016-12-25 07:00:00,1,0,1
2016-12-25 08:00:00,41,19,22
2016-12-25 09:00:00,10,5,5
2016-12-25 10:00:00,3,0,3
2016-12-25 11:00:00,5,4,1
2016-12-25 12:00:00,26,18,8
2016-12-25 13:00:00,35,10,25
2016-12-25 14:00:00,24,10,14
2016-12-25 15:00:00,19,12,7
2016-12-25 16:00:00,8,2,6
2016-12-25 17:00:00,2,1,1
2016-12-25 18:00:00,0,0,0
2016-12-25 19:00:00,1,0,1
2016-12-25 20:00:00,1,0,1
2016-12-25 21:00:00,3,1,2
2016-12-25 22:00:00,0,0,0
2016-12-25 23:00:00,1,0,1
2016-12-26 00:00:00,0,0,0
2016-12-26 01:00:00,2,0,2
2016-12-26 02:00:00,0,0,0
2016-12-26 03:00:00,0,0,0
2016-12-26 04:00:00,1,1,0
2016-12-26 05:00:00,2,0,2
2016-12-26 06:00:00,3,0,3
2016-12-26 07:00:00,7,2,5
2016-12-26 08:00:00,10,4,6
2016-12-26 09:00:00,12,2,10
2016-12-26 10:00:00,18,5,13
2016-12-26 11:00:00,10,4,6
2016-12-26 12:00:00,8,6,2
2016-12-26 13:00:00,13,7,6
2016-12-26 14:00:00,14,5,9
2016-12-26 15:00:00,13,5,8
2016-12-26 16:00:00,11,9,2
2016-12-26 17:00:00,5,4,1
2016-12-26 18:00:00,5,2,3
2016-12-26 19:00:00,0,0,0
2016-12-26 20:00:00,2,1,1
2016-12-26 21:00:00,3,2,1
2016-12-26 22:00:00,0,0,0
2016-12-26 23:00:00,1,1,0
2016-12-27 00:00:00,1,1,0
2016-12-27 01:00:00,0,0,0
2016-12-27 02:00:00,1,0,1
2016-12-27 03:00:00,1,1,0
2016-12-27 04:00:00,1,0,1
2016-12-27 05:00:00,9,1,8
2016-12-27 06:00:00,11,1,10
2016-12-27 07:00:00,40,3,37
2016-12-27 08:00:00,35,4,31
2016-12-27 09:00:00,24,1,23
2016-12-27 10:00:00,9,3,6
2016-12-27 11:00:00,14,4,10
2016-12-27 12:00:00,7,3,4
2016-12-27 13:00:00,7,3,4
2016-12-27 14:00:00,11,9,2
2016-12-27 15:00:00,12,6,6
2016-12-27 16:00:00,35,27,8
2016-12-27 17:00:00,44,37,7
2016-12-27 18:00:00,27,21,6
2016-12-27 19:00:00,4,4,0
2016-12-27 20:00:00,3,3,0
2016-12-27 21:00:00,6,5,1
2016-12-27 22:00:00,1,1,0
2016-12-27 23:00:00,1,1,0
2016-12-28 00:00:00,0,0,0
2016-12-28 01:00:00,2,1,1
2016-12-28 02:00:00,2,2,0
2016-12-28 03:00:00,0,0,0
2016-12-28 04:00:00,1,1,0
2016-12-28 05:00:00,11,1,10
2016-12-28 06:00:00,30,4,26
2016-12-28 07:00:00,40,3,37
2016-12-28 08:00:00,50,6,44
2016-12-28 09:00:00,34,4,30
2016-12-28 10:00:00,16,7,9
2016-12-28 11:00:00,17,6,11
2016-12-28 12:00:00,15,5,10
2016-12-28 13:00:00,18,8,10
2016-12-28 14:00:00,20,11,9
2016-12-28 15:00:00,24,18,6
2016-12-28 16:00:00,36,25,11
2016-12-28 17:00:00,62,54,8
2016-12-28 18:00:00,25,21,4
2016-12-28 19:00:00,11,8,3
2016-12-28 20:00:00,5,5,0
2016-12-28 21:00:00,5,5,0
2016-12-28 22:00:00,1,1,0
2016-12-28 23:00:00,2,2,0
2016-12-29 00:00:00,0,0,0
2016-12-29 01:00:00,0,0,0
2016-12-29 02:00:00,0,0,0
2016-12-29 03:00:00,2,0,2
2016-12-29 04:00:00,2,1,1
2016-12-29 05:00:00,6,0,6
2016-12-29 06:00:00,25,4,21
2016-12-29 07:00:00,39,5,34
2016-12-29 08:00:00,49,2,47
2016-12-29 09:00:00,30,4,26
2016-12-29 10:00:00,6,1,5
2016-12-29 11:00:00,10,3,7
2016-12-29 12:00:00,6,3,3
2016-12-29 13:00:00,10,7,3
2016-12-29 14:00:00,7,3,4
2016-12-29 15:00:00,14,10,4
2016-12-29 16:00:00,35,30,5
2016-12-29 17:00:00,48,44,4
2016-12-29 18:00:00,27,23,4
2016-12-29 19:00:00,31,27,4
2016-12-29 20:00:00,5,4,1
2016-12-29 21:00:00,5,3,2
2016-12-29 22:00:00,5,1,4
2016-12-29 23:00:00,13,3,10
2016-12-30 00:00:00,12,1,11
2016-12-30 01:00:00,0,0,0
2016-12-30 02:00:00,2,1,1
2016-12-30 03:00:00,1,1,0
2016-12-30 04:00:00,1,0,1
2016-12-30 05:00:00,4,0,4
2016-12-30 06:00:00,9,3,6
2016-12-30 07:00:00,25,4,21
2016-12-30 08:00:00,35,0,35
2016-12-30 09:00:00,19,6,13
2016-12-30 10:00:00,18,3,15
2016-12-30 11:00:00,9,4,5
2016-12-30 12:00:00,18,8,10
2016-12-30 13:00:00,19,4,15
2016-12-30 14:00:00,30,21,9
2016-12-30 15:00:00,34,24,10
2016-12-30 16:00:00,27,21,6
2016-12-30 17:00:00,34,26,8
2016-12-30 18:00:00,10,8,2
2016-12-30 19:00:00,9,6,3
2016-12-30 20:00:00,4,1,3
2016-12-30 21:00:00,2,2,0
2016-12-30 22:00:00,2,1,1
2016-12-30 23:00:00,1,1,0
2016-12-31 00:00:00,0,0,0
2016-12-31 01:00:00,0,0,0
2016-12-31 02:00:00,0,0,0
2016-12-31 03:00:00,1,0,1
2016-12-31 04:00:00,2,1,1
2016-12-31 05:00:00,2,0,2
2016-12-31 06:00:00,3,0,3
2016-12-31 07:00:00,4,1,3
2016-12-31 08:00:00,5,1,4
2016-12-31 09:00:00,4,2,2
2016-12-31 10:00:00,12,4,8
2016-12-31 11:00:00,6,2,4
2016-12-31 12:00:00,17,12,5
2016-12-31 13:00:00,10,5,5
2016-12-31 14:00:00,12,7,5
2016-12-31 15:00:00,6,4,2
2016-12-31 16:00:00,8,4,4
2016-12-31 17:00:00,3,1,2
2016-12-31 18:00:00,1,0,1
2016-12-31 19:00:00,5,3,2
2016-12-31 20:00:00,1,1,0
2016-12-31 21:00:00,2,1,1
2016-12-31 22:00:00,5,1,4
2016-12-31 23:00:00,1,1,0
2017-01-01 00:00:00,2,0,2
2017-01-01 01:00:00,0,0,0
2017-01-01 02:00:00,1,1,0
2017-01-01 03:00:00,3,3,0
2017-01-01 04:00:00,0,0,0
2017-01-01 05:00:00,4,2,2
2017-01-01 06:00:00,1,0,1
2017-01-01 07:00:00,3,1,2
2017-01-01 08:00:00,0,0,0
2017-01-01 09:00:00,1,0,1
2017-01-01 10:00:00,4,4,0
2017-01-01 11:00:00,3,1,2
2017-01-01 12:00:00,4,3,1
2017-01-01 13:00:00,9,3,6
2017-01-01 14:00:00,11,3,8
2017-01-01 15:00:00,12,8,4
2017-01-01 16:00:00,8,4,4
2017-01-01 17:00:00,2,0,2
2017-01-01 18:00:00,4,3,1
2017-01-01 19:00:00,3,1,2
2017-01-01 20:00:00,2,2,0
2017-01-01 21:00:00,3,2,1
2017-01-01 22:00:00,0,0,0
2017-01-01 23:00:00,0,0,0
2017-01-02 00:00:00,0,0,0
2017-01-02 01:00:00,0,0,0
2017-01-02 02:00:00,1,1,0
2017-01-02 03:00:00,0,0,0
2017-01-02 04:00:00,3,2,1
2017-01-02 05:00:00,2,0,2
2017-01-02 06:00:00,1,0,1
2017-01-02 07:00:00,4,1,3
2017-01-02 08:00:00,7,0,7
2017-01-02 09:00:00,7,0,7
2017-01-02 10:00:00,10,4,6
2017-01-02 11:00:00,10,5,5
2017-01-02 12:00:00,8,6,2
2017-01-02 13:00:00,20,6,14
2017-01-02 14:00:00,25,11,14
2017-01-02 15:00:00,13,8,5
2017-01-02 16:00:00,17,8,9
2017-01-02 17:00:00,15,7,8
2017-01-02 18:00:00,5,5,0
2017-01-02 19:00:00,3,2,1
2017-01-02 20:00:00,1,0,1
2017-01-02 21:00:00,0,0,0
2017-01-02 22:00:00,0,0,0
2017-01-02 23:00:00,2,2,0
2017-01-03 00:00:00,1,0,1
2017-01-03 01:00:00,1,1,0
2017-01-03 02:00:00,0,0,0
2017-01-03 03:00:00,2,1,1
2017-01-03 04:00:00,3,1,2
2017-01-03 05:00:00,5,0,5
2017-01-03 06:00:00,30,7,23
2017-01-03 07:00:00,50,5,45
2017-01-03 08:00:00,62,2,60
2017-01-03 09:00:00,24,3,21
2017-01-03 10:00:00,9,3,6
2017-01-03 11:00:00,8,3,5
2017-01-03 12:00:00,5,2,3
2017-01-03 13:00:00,11,7,4
2017-01-03 14:00:00,11,3,8
2017-01-03 15:00:00,8,4,4
2017-01-03 16:00:00,32,25,7
2017-01-03 17:00:00,81,71,10
2017-01-03 18:00:00,54,47,7
2017-01-03 19:00:00,10,7,3
2017-01-03 20:00:00,8,6,2
2017-01-03 21:00:00,2,2,0
2017-01-03 22:00:00,4,4,0
2017-01-03 23:00:00,1,1,0
2017-01-04 00:00:00,1,1,0
2017-01-04 01:00:00,1,1,0
2017-01-04 02:00:00,1,1,0
2017-01-04 03:00:00,1,1,0
2017-01-04 04:00:00,1,0,1
2017-01-04 05:00:00,8,1,7
2017-01-04 06:00:00,33,3,30
2017-01-04 07:00:00,50,7,43
2017-01-04 08:00:00,68,4,64
2017-01-04 09:00:00,37,7,30
2017-01-04 10:00:00,14,3,11
2017-01-04 11:00:00,10,3,7
2017-01-04 12:00:00,10,5,5
2017-01-04 13:00:00,13,2,11
2017-01-04 14:00:00,12,6,6
2017-01-04 15:00:00,19,17,2
2017-01-04 16:00:00,34,24,10
2017-01-04 17:00:00,65,55,10
2017-01-04 18:00:00,45,40,5
2017-01-04 19:00:00,19,16,3
2017-01-04 20:00:00,11,10,1
2017-01-04 21:00:00,5,5,0
2017-01-04 22:00:00,3,3,0
2017-01-04 23:00:00,0,0,0
2017-01-05 00:00:00,0,0,0
2017-01-05 01:00:00,1,0,1
2017-01-05 02:00:00,2,1,1
2017-01-05 03:00:00,0,0,0
2017-01-05 04:00:00,2,1,1
2017-01-05 05:00:00,9,1,8
2017-01-05 06:00:00,25,5,20
2017-01-05 07:00:00,35,2,33
2017-01-05 08:00:00,62,5,57
2017-01-05 09:00:00,31,6,25
2017-01-05 10:00:00,17,4,13
2017-01-05 11:00:00,10,1,9
2017-01-05 12:00:00,7,2,5
2017-01-05 13:00:00,12,6,6
2017-01-05 14:00:00,13,6,7
2017-01-05 15:00:00,20,11,9
2017-01-05 16:00:00,37,28,9
2017-01-05 17:00:00,73,63,10
2017-01-05 18:00:00,47,41,6
2017-01-05 19:00:00,16,12,4
2017-01-05 20:00:00,7,4,3
2017-01-05 21:00:00,6,4,2
2017-01-05 22:00:00,3,3,0
2017-01-05 23:00:00,1,1,0
2017-01-06 00:00:00,0,0,0
2017-01-06 01:00:00,1,0,1
2017-01-06 02:00:00,1,1,0
2017-01-06 03:00:00,0,0,0
2017-01-06 04:00:00,1,0,1
2017-01-06 05:00:00,8,1,7
2017-01-06 06:00:00,21,2,19
2017-01-06 07:00:00,44,7,37
2017-01-06 08:00:00,62,8,54
2017-01-06 09:00:00,26,1,25
2017-01-06 10:00:00,8,1,7
2017-01-06 11:00:00,24,16,8
2017-01-06 12:00:00,19,2,17
2017-01-06 13:00:00,7,4,3
2017-01-06 14:00:00,18,9,9
2017-01-06 15:00:00,16,7,9
2017-01-06 16:00:00,42,36,6
2017-01-06 17:00:00,55,45,10
2017-01-06 18:00:00,36,31,5
2017-01-06 19:00:00,16,15,1
2017-01-06 20:00:00,4,3,1
2017-01-06 21:00:00,7,4,3
2017-01-06 22:00:00,0,0,0
2017-01-06 23:00:00,0,0,0
2017-01-07 00:00:00,4,2,2
2017-01-07 01:00:00,1,0,1
2017-01-07 02:00:00,1,1,0
2017-01-07 03:00:00,0,0,0
2017-01-07 04:00:00,1,0,1
2017-01-07 05:00:00,2,0,2
2017-01-07 06:00:00,5,1,4
2017-01-07 07:00:00,4,0,4
2017-01-07 08:00:00,5,3,2
2017-01-07 09:00:00,6,2,4
2017-01-07 10:00:00,19,7,12
2017-01-07 11:00:00,19,6,13
2017-01-07 12:00:00,28,18,10
2017-01-07 13:00:00,23,11,12
2017-01-07 14:00:00,26,18,8
2017-01-07 15:00:00,19,9,10
2017-01-07 16:00:00,10,5,5
2017-01-07 17:00:00,14,6,8
2017-01-07 18:00:00,5,3,2
2017-01-07 19:00:00,1,0,1
2017-01-07 20:00:00,12,10,2
2017-01-07 21:00:00,4,3,1
2017-01-07 22:00:00,7,1,6
2017-01-07 23:00:00,2,2,0
2017-01-08 00:00:00,0,0,0
2017-01-08 01:00:00,3,2,1
2017-01-08 02:00:00,1,1,0
2017-01-08 03:00:00,0,0,0
2017-01-08 04:00:00,1,1,0
2017-01-08 05:00:00,1,0,1
2017-01-08 06:00:00,1,0,1
2017-01-08 07:00:00,1,1,0
2017-01-08 08:00:00,5,0,5
2017-01-08 09:00:00,1,0,1
2017-01-08 10:00:00,14,11,3
2017-01-08 11:00:00,15,2,13
2017-01-08 12:00:00,5,3,2
2017-01-08 13:00:00,3,2,1
2017-01-08 14:00:00,0,0,0
2017-01-08 15:00:00,1,0,1
2017-01-08 16:00:00,2,2,0
2017-01-08 17:00:00,2,0,2
2017-01-08 18:00:00,3,3,0
2017-01-08 19:00:00,0,0,0
2017-01-08 20:00:00,0,0,0
2017-01-08 21:00:00,1,0,1
2017-01-08 22:00:00,1,1,0
2017-01-08 23:00:00,0,0,0
2017-01-09 00:00:00,1,0,1
2017-01-09 01:00:00,2,0,2
2017-01-09 02:00:00,1,1,0
2017-01-09 03:00:00,1,1,0
2017-01-09 04:00:00,3,0,3
2017-01-09 05:00:00,7,1,6
2017-01-09 06:00:00,30,3,27
2017-01-09 07:00:00,66,5,61
2017-01-09 08:00:00,85,3,82
2017-01-09 09:00:00,31,3,28
2017-01-09 10:00:00,17,3,14
2017-01-09 11:00:00,9,4,5
2017-01-09 12:00:00,14,4,10
2017-01-09 13:00:00,8,2,6
2017-01-09 14:00:00,11,6,5
2017-01-09 15:00:00,16,13,3
2017-01-09 16:00:00,49,40,9
2017-01-09 17:00:00,81,70,11
2017-01-09 18:00:00,53,48,5
2017-01-09 19:00:00,19,16,3
2017-01-09 20:00:00,7,5,2
2017-01-09 21:00:00,4,3,1
2017-01-09 22:00:00,1,1,0
2017-01-09 23:00:00,1,1,0
2017-01-10 00:00:00,1,1,0
2017-01-10 01:00:00,2,1,1
2017-01-10 02:00:00,3,3,0
2017-01-10 03:00:00,0,0,0
2017-01-10 04:00:00,2,1,1
2017-01-10 05:00:00,12,0,12
2017-01-10 06:00:00,26,1,25
2017-01-10 07:00:00,59,8,51
2017-01-10 08:00:00,65,9,56
2017-01-10 09:00:00,27,4,23
2017-01-10 10:00:00,13,2,11
2017-01-10 11:00:00,6,2,4
2017-01-10 12:00:00,6,4,2
2017-01-10 13:00:00,7,4,3
2017-01-10 14:00:00,8,3,5
2017-01-10 15:00:00,11,10,1
2017-01-10 16:00:00,43,36,7
2017-01-10 17:00:00,70,61,9
2017-01-10 18:00:00,54,48,6
2017-01-10 19:00:00,22,16,6
2017-01-10 20:00:00,7,6,1
2017-01-10 21:00:00,12,9,3
2017-01-10 22:00:00,1,1,0
2017-01-10 23:00:00,2,2,0
2017-01-11 00:00:00,2,1,1
2017-01-11 01:00:00,2,0,2
2017-01-11 02:00:00,0,0,0
2017-01-11 03:00:00,0,0,0
2017-01-11 04:00:00,1,0,1
2017-01-11 05:00:00,6,1,5
2017-01-11 06:00:00,25,2,23
2017-01-11 07:00:00,52,5,47
2017-01-11 08:00:00,56,5,51
2017-01-11 09:00:00,43,1,42
2017-01-11 10:00:00,13,2,11
2017-01-11 11:00:00,10,2,8
2017-01-11 12:00:00,11,7,4
2017-01-11 13:00:00,4,1,3
2017-01-11 14:00:00,12,5,7
2017-01-11 15:00:00,19,14,5
2017-01-11 16:00:00,26,20,6
2017-01-11 17:00:00,81,66,15
2017-01-11 18:00:00,43,37,6
2017-01-11 19:00:00,17,13,4
2017-01-11 20:00:00,12,10,2
2017-01-11 21:00:00,8,6,2
2017-01-11 22:00:00,3,3,0
2017-01-11 23:00:00,2,2,0
2017-01-12 00:00:00,2,1,1
2017-01-12 01:00:00,1,1,0
2017-01-12 02:00:00,0,0,0
2017-01-12 03:00:00,2,1,1
2017-01-12 04:00:00,1,0,1
2017-01-12 05:00:00,10,1,9
2017-01-12 06:00:00,27,6,21
2017-01-12 07:00:00,51,4,47
2017-01-12 08:00:00,64,5,59
2017-01-12 09:00:00,31,0,31
2017-01-12 10:00:00,16,2,14
2017-01-12 11:00:00,13,5,8
2017-01-12 12:00:00,16,5,11
2017-01-12 13:00:00,9,3,6
2017-01-12 14:00:00,13,6,7
2017-01-12 15:00:00,16,10,6
2017-01-12 16:00:00,54,31,23
2017-01-12 17:00:00,81,56,25
2017-01-12 18:00:00,52,45,7
2017-01-12 19:00:00,29,24,5
2017-01-12 20:00:00,6,5,1
2017-01-12 21:00:00,6,5,1
2017-01-12 22:00:00,4,4,0
2017-01-12 23:00:00,2,0,2
2017-01-13 00:00:00,1,1,0
2017-01-13 01:00:00,1,0,1
2017-01-13 02:00:00,2,1,1
2017-01-13 03:00:00,2,0,2
2017-01-13 04:00:00,2,0,2
2017-01-13 05:00:00,8,3,5
2017-01-13 06:00:00,25,3,22
2017-01-13 07:00:00,34,6,28
2017-01-13 08:00:00,55,3,52
2017-01-13 09:00:00,19,3,16
2017-01-13 10:00:00,15,2,13
2017-01-13 11:00:00,9,3,6
2017-01-13 12:00:00,14,8,6
2017-01-13 13:00:00,13,4,9
2017-01-13 14:00:00,6,3,3
2017-01-13 15:00:00,18,11,7
2017-01-13 16:00:00,38,33,5
2017-01-13 17:00:00,47,43,4
2017-01-13 18:00:00,31,27,4
2017-01-13 19:00:00,13,10,3
2017-01-13 20:00:00,5,4,1
2017-01-13 21:00:00,4,3,1
2017-01-13 22:00:00,4,2,2
2017-01-13 23:00:00,3,1,2
2017-01-14 00:00:00,0,0,0
2017-01-14 01:00:00,0,0,0
2017-01-14 02:00:00,0,0,0
2017-01-14 03:00:00,0,0,0
2017-01-14 04:00:00,1,0,1
2017-01-14 05:00:00,4,1,3
2017-01-14 06:00:00,3,0,3
2017-01-14 07:00:00,3,1,2
2017-01-14 08:00:00,16,12,4
2017-01-14 09:00:00,8,5,3
2017-01-14 10:00:00,35,14,21
2017-01-14 11:00:00,20,6,14
2017-01-14 12:00:00,36,17,19
2017-01-14 13:00:00,39,25,14
2017-01-14 14:00:00,22,15,7
2017-01-14 15:00:00,19,7,12
2017-01-14 16:00:00,16,9,7
2017-01-14 17:00:00,13,4,9
2017-01-14 18:00:00,5,5,0
2017-01-14 19:00:00,2,1,1
2017-01-14 20:00:00,3,3,0
2017-01-14 21:00:00,2,2,0
2017-01-14 22:00:00,2,0,2
2017-01-14 23:00:00,2,0,2
2017-01-15 00:00:00,0,0,0
2017-01-15 01:00:00,3,0,3
2017-01-15 02:00:00,1,1,0
2017-01-15 03:00:00,1,0,1
2017-01-15 04:00:00,1,1,0
2017-01-15 05:00:00,4,1,3
2017-01-15 06:00:00,2,0,2
2017-01-15 07:00:00,2,0,2
2017-01-15 08:00:00,6,3,3
2017-01-15 09:00:00,26,24,2
2017-01-15 10:00:00,16,5,11
2017-01-15 11:00:00,19,7,12
2017-01-15 12:00:00,26,10,16
2017-01-15 13:00:00,48,27,21
2017-01-15 14:00:00,44,20,24
2017-01-15 15:00:00,31,17,14
2017-01-15 16:00:00,20,13,7
2017-01-15 17:00:00,11,6,5
2017-01-15 18:00:00,1,0,1
2017-01-15 19:00:00,6,4,2
2017-01-15 20:00:00,3,1,2
2017-01-15 21:00:00,2,2,0
2017-01-15 22:00:00,3,1,2
2017-01-15 23:00:00,1,1,0
2017-01-16 00:00:00,1,1,0
2017-01-16 01:00:00,1,1,0
2017-01-16 02:00:00,0,0,0
2017-01-16 03:00:00,0,0,0
2017-01-16 04:00:00,3,0,3
2017-01-16 05:00:00,10,2,8
2017-01-16 06:00:00,18,4,14
2017-01-16 07:00:00,34,5,29
2017-01-16 08:00:00,46,4,42
2017-01-16 09:00:00,22,5,17
2017-01-16 10:00:00,20,3,17
2017-01-16 11:00:00,12,6,6
2017-01-16 12:00:00,15,8,7
2017-01-16 13:00:00,16,8,8
2017-01-16 14:00:00,22,10,12
2017-01-16 15:00:00,25,13,12
2017-01-16 16:00:00,39,25,14
2017-01-16 17:00:00,48,43,5
2017-01-16 18:00:00,36,24,12
2017-01-16 19:00:00,6,6,0
2017-01-16 20:00:00,7,6,1
2017-01-16 21:00:00,6,3,3
2017-01-16 22:00:00,1,1,0
2017-01-16 23:00:00,2,1,1
2017-01-17 00:00:00,0,0,0
2017-01-17 01:00:00,0,0,0
2017-01-17 02:00:00,1,0,1
2017-01-17 03:00:00,1,1,0
2017-01-17 04:00:00,4,1,3
2017-01-17 05:00:00,15,1,14
2017-01-17 06:00:00,29,5,24
2017-01-17 07:00:00,62,7,55
2017-01-17 08:00:00,80,6,74
2017-01-17 09:00:00,44,5,39
2017-01-17 10:00:00,9,1,8
2017-01-17 11:00:00,4,1,3
2017-01-17 12:00:00,17,1,16
2017-01-17 13:00:00,49,22,27
2017-01-17 14:00:00,77,16,61
2017-01-17 15:00:00,13,10,3
2017-01-17 16:00:00,39,35,4
2017-01-17 17:00:00,72,63,9
2017-01-17 18:00:00,50,45,5
2017-01-17 19:00:00,13,13,0
2017-01-17 20:00:00,6,4,2
2017-01-17 21:00:00,3,2,1
2017-01-17 22:00:00,0,0,0
2017-01-17 23:00:00,2,1,1
2017-01-18 00:00:00,2,2,0
2017-01-18 01:00:00,3,2,1
2017-01-18 02:00:00,0,0,0
2017-01-18 03:00:00,1,1,0
2017-01-18 04:00:00,1,0,1
2017-01-18 05:00:00,6,1,5
2017-01-18 06:00:00,23,2,21
2017-01-18 07:00:00,42,6,36
2017-01-18 08:00:00,43,4,39
2017-01-18 09:00:00,31,3,28
2017-01-18 10:00:00,13,1,12
2017-01-18 11:00:00,4,2,2
2017-01-18 12:00:00,5,2,3
2017-01-18 13:00:00,4,2,2
2017-01-18 14:00:00,4,2,2
2017-01-18 15:00:00,6,6,0
2017-01-18 16:00:00,33,27,6
2017-01-18 17:00:00,55,47,8
2017-01-18 18:00:00,32,31,1
2017-01-18 19:00:00,15,12,3
2017-01-18 20:00:00,7,7,0
2017-01-18 21:00:00,8,7,1
2017-01-18 22:00:00,1,1,0
2017-01-18 23:00:00,3,1,2
2017-01-19 00:00:00,2,1,1
2017-01-19 01:00:00,2,2,0
2017-01-19 02:00:00,0,0,0
2017-01-19 03:00:00,0,0,0
2017-01-19 04:00:00,3,1,2
2017-01-19 05:00:00,9,2,7
2017-01-19 06:00:00,28,6,22
2017-01-19 07:00:00,57,3,54
2017-01-19 08:00:00,91,6,85
2017-01-19 09:00:00,33,3,30
2017-01-19 10:00:00,15,4,11
2017-01-19 11:00:00,4,0,4
2017-01-19 12:00:00,5,2,3
2017-01-19 13:00:00,8,5,3
2017-01-19 14:00:00,5,3,2
2017-01-19 15:00:00,20,15,5
2017-01-19 16:00:00,39,32,7
2017-01-19 17:00:00,86,79,7
2017-01-19 18:00:00,58,48,10
2017-01-19 19:00:00,35,28,7
2017-01-19 20:00:00,3,3,0
2017-01-19 21:00:00,9,6,3
2017-01-19 22:00:00,16,3,13
2017-01-19 23:00:00,1,0,1
2017-01-20 00:00:00,0,0,0
2017-01-20 01:00:00,3,1,2
2017-01-20 02:00:00,1,1,0
2017-01-20 03:00:00,0,0,0
2017-01-20 04:00:00,1,0,1
2017-01-20 05:00:00,14,5,9
2017-01-20 06:00:00,25,2,23
2017-01-20 07:00:00,56,5,51
2017-01-20 08:00:00,94,5,89
2017-01-20 09:00:00,34,2,32
2017-01-20 10:00:00,21,10,11
2017-01-20 11:00:00,13,5,8
2017-01-20 12:00:00,14,9,5
2017-01-20 13:00:00,21,14,7
2017-01-20 14:00:00,19,11,8
2017-01-20 15:00:00,35,24,11
2017-01-20 16:00:00,49,40,9
2017-01-20 17:00:00,76,70,6
2017-01-20 18:00:00,47,40,7
2017-01-20 19:00:00,18,13,5
2017-01-20 20:00:00,8,7,1
2017-01-20 21:00:00,5,3,2
2017-01-20 22:00:00,1,1,0
2017-01-20 23:00:00,2,1,1
2017-01-21 00:00:00,1,1,0
2017-01-21 01:00:00,4,2,2
2017-01-21 02:00:00,0,0,0
2017-01-21 03:00:00,1,0,1
2017-01-21 04:00:00,1,1,0
2017-01-21 05:00:00,4,1,3
2017-01-21 06:00:00,3,1,2
2017-01-21 07:00:00,3,0,3
2017-01-21 08:00:00,15,3,12
2017-01-21 09:00:00,24,4,20
2017-01-21 10:00:00,12,4,8
2017-01-21 11:00:00,27,10,17
2017-01-21 12:00:00,43,20,23
2017-01-21 13:00:00,26,16,10
2017-01-21 14:00:00,28,18,10
2017-01-21 15:00:00,32,26,6
2017-01-21 16:00:00,25,16,9
2017-01-21 17:00:00,17,11,6
2017-01-21 18:00:00,5,4,1
2017-01-21 19:00:00,1,1,0
2017-01-21 20:00:00,2,1,1
2017-01-21 21:00:00,1,0,1
2017-01-21 22:00:00,3,2,1
2017-01-21 23:00:00,3,2,1
2017-01-22 00:00:00,0,0,0
2017-01-22 01:00:00,1,0,1
2017-01-22 02:00:00,2,2,0
2017-01-22 03:00:00,2,1,1
2017-01-22 04:00:00,0,0,0
2017-01-22 05:00:00,4,2,2
2017-01-22 06:00:00,2,1,1
2017-01-22 07:00:00,2,1,1
2017-01-22 08:00:00,11,2,9
2017-01-22 09:00:00,16,14,2
2017-01-22 10:00:00,8,6,2
2017-01-22 11:00:00,11,4,7
2017-01-22 12:00:00,5,1,4
2017-01-22 13:00:00,13,5,8
2017-01-22 14:00:00,17,10,7
2017-01-22 15:00:00,19,12,7
2017-01-22 16:00:00,20,6,14
2017-01-22 17:00:00,7,3,4
2017-01-22 18:00:00,4,1,3
2017-01-22 19:00:00,1,1,0
2017-01-22 20:00:00,3,2,1
2017-01-22 21:00:00,0,0,0
2017-01-22 22:00:00,1,0,1
2017-01-22 23:00:00,1,1,0
2017-01-23 00:00:00,1,1,0
2017-01-23 01:00:00,3,0,3
2017-01-23 02:00:00,1,1,0
2017-01-23 03:00:00,1,1,0
2017-01-23 04:00:00,4,0,4
2017-01-23 05:00:00,16,1,15
2017-01-23 06:00:00,48,5,43
2017-01-23 07:00:00,82,3,79
2017-01-23 08:00:00,88,7,81
2017-01-23 09:00:00,39,1,38
2017-01-23 10:00:00,19,5,14
2017-01-23 11:00:00,9,4,5
2017-01-23 12:00:00,14,7,7
2017-01-23 13:00:00,13,7,6
2017-01-23 14:00:00,16,9,7
2017-01-23 15:00:00,28,18,10
2017-01-23 16:00:00,70,62,8
2017-01-23 17:00:00,100,91,9
2017-01-23 18:00:00,70,65,5
2017-01-23 19:00:00,23,19,4
2017-01-23 20:00:00,8,8,0
2017-01-23 21:00:00,3,1,2
2017-01-23 22:00:00,2,2,0
2017-01-23 23:00:00,0,0,0
2017-01-24 00:00:00,1,0,1
2017-01-24 01:00:00,1,1,0
2017-01-24 02:00:00,0,0,0
2017-01-24 03:00:00,3,0,3
2017-01-24 04:00:00,3,2,1
2017-01-24 05:00:00,13,1,12
2017-01-24 06:00:00,45,4,41
2017-01-24 07:00:00,84,7,77
2017-01-24 08:00:00,90,4,86
2017-01-24 09:00:00,43,3,40
2017-01-24 10:00:00,9,2,7
2017-01-24 11:00:00,16,5,11
2017-01-24 12:00:00,13,5,8
2017-01-24 13:00:00,19,11,8
2017-01-24 14:00:00,16,6,10
2017-01-24 15:00:00,32,18,14
2017-01-24 16:00:00,72,54,18
2017-01-24 17:00:00,118,103,15
2017-01-24 18:00:00,60,52,8
2017-01-24 19:00:00,26,22,4
2017-01-24 20:00:00,10,9,1
2017-01-24 21:00:00,7,4,3
2017-01-24 22:00:00,4,4,0
2017-01-24 23:00:00,3,3,0
2017-01-25 00:00:00,3,2,1
2017-01-25 01:00:00,1,1,0
2017-01-25 02:00:00,1,1,0
2017-01-25 03:00:00,3,1,2
2017-01-25 04:00:00,3,1,2
2017-01-25 05:00:00,13,2,11
2017-01-25 06:00:00,40,8,32
2017-01-25 07:00:00,76,5,71
2017-01-25 08:00:00,84,6,78
2017-01-25 09:00:00,46,4,42
2017-01-25 10:00:00,15,3,12
2017-01-25 11:00:00,9,3,6
2017-01-25 12:00:00,16,5,11
2017-01-25 13:00:00,7,3,4
2017-01-25 14:00:00,13,5,8
2017-01-25 15:00:00,24,16,8
2017-01-25 16:00:00,57,49,8
2017-01-25 17:00:00,109,88,21
2017-01-25 18:00:00,60,47,13
2017-01-25 19:00:00,16,16,0
2017-01-25 20:00:00,15,12,3
2017-01-25 21:00:00,9,8,1
2017-01-25 22:00:00,1,1,0
2017-01-25 23:00:00,1,1,0
2017-01-26 00:00:00,4,3,1
2017-01-26 01:00:00,2,1,1
2017-01-26 02:00:00,1,1,0
2017-01-26 03:00:00,4,1,3
2017-01-26 04:00:00,2,1,1
2017-01-26 05:00:00,11,1,10
2017-01-26 06:00:00,44,7,37
2017-01-26 07:00:00,77,7,70
2017-01-26 08:00:00,76,9,67
2017-01-26 09:00:00,45,2,43
2017-01-26 10:00:00,13,3,10
2017-01-26 11:00:00,12,4,8
2017-01-26 12:00:00,18,10,8
2017-01-26 13:00:00,18,10,8
2017-01-26 14:00:00,28,15,13
2017-01-26 15:00:00,28,17,11
2017-01-26 16:00:00,53,38,15
2017-01-26 17:00:00,109,93,16
2017-01-26 18:00:00,62,55,7
2017-01-26 19:00:00,28,19,9
2017-01-26 20:00:00,14,12,2
2017-01-26 21:00:00,8,6,2
2017-01-26 22:00:00,4,1,3
2017-01-26 23:00:00,2,0,2
2017-01-27 00:00:00,1,0,1
2017-01-27 01:00:00,5,3,2
2017-01-27 02:00:00,6,5,1
2017-01-27 03:00:00,3,2,1
2017-01-27 04:00:00,1,0,1
2017-01-27 05:00:00,11,1,10
2017-01-27 06:00:00,35,9,26
2017-01-27 07:00:00,61,5,56
2017-01-27 08:00:00,82,6,76
2017-01-27 09:00:00,26,1,25
2017-01-27 10:00:00,23,5,18
2017-01-27 11:00:00,18,6,12
2017-01-27 12:00:00,35,21,14
2017-01-27 13:00:00,27,12,15
2017-01-27 14:00:00,25,16,9
2017-01-27 15:00:00,45,30,15
2017-01-27 16:00:00,64,49,15
2017-01-27 17:00:00,83,74,9
2017-01-27 18:00:00,39,32,7
2017-01-27 19:00:00,16,12,4
2017-01-27 20:00:00,8,4,4
2017-01-27 21:00:00,4,4,0
2017-01-27 22:00:00,9,4,5
2017-01-27 23:00:00,4,4,0
2017-01-28 00:00:00,0,0,0
2017-01-28 01:00:00,0,0,0
2017-01-28 02:00:00,0,0,0
2017-01-28 03:00:00,1,0,1
2017-01-28 04:00:00,1,1,0
2017-01-28 05:00:00,3,0,3
2017-01-28 06:00:00,4,0,4
2017-01-28 07:00:00,7,1,6
2017-01-28 08:00:00,22,2,20
2017-01-28 09:00:00,32,19,13
2017-01-28 10:00:00,27,13,14
2017-01-28 11:00:00,52,22,30
2017-01-28 12:00:00,62,32,30
2017-01-28 13:00:00,52,23,29
2017-01-28 14:00:00,53,32,21
2017-01-28 15:00:00,59,39,20
2017-01-28 16:00:00,35,19,16
2017-01-28 17:00:00,30,11,19
2017-01-28 18:00:00,4,1,3
2017-01-28 19:00:00,11,2,9
2017-01-28 20:00:00,9,4,5
2017-01-28 21:00:00,4,1,3
2017-01-28 22:00:00,2,0,2
2017-01-28 23:00:00,5,4,1
2017-01-29 00:00:00,1,0,1
2017-01-29 01:00:00,1,1,0
2017-01-29 02:00:00,0,0,0
2017-01-29 03:00:00,2,1,1
2017-01-29 04:00:00,0,0,0
2017-01-29 05:00:00,5,1,4
2017-01-29 06:00:00,2,0,2
2017-01-29 07:00:00,4,1,3
2017-01-29 08:00:00,16,7,9
2017-01-29 09:00:00,14,7,7
2017-01-29 10:00:00,26,9,17
2017-01-29 11:00:00,34,16,18
2017-01-29 12:00:00,32,19,13
2017-01-29 13:00:00,34,19,15
2017-01-29 14:00:00,23,13,10
2017-01-29 15:00:00,7,2,5
2017-01-29 16:00:00,9,4,5
2017-01-29 17:00:00,13,6,7
2017-01-29 18:00:00,5,1,4
2017-01-29 19:00:00,7,7,0
2017-01-29 20:00:00,8,7,1
2017-01-29 21:00:00,3,3,0
2017-01-29 22:00:00,2,0,2
2017-01-29 23:00:00,2,1,1
2017-01-30 00:00:00,2,0,2
2017-01-30 01:00:00,0,0,0
2017-01-30 02:00:00,1,0,1
2017-01-30 03:00:00,0,0,0
2017-01-30 04:00:00,6,0,6
2017-01-30 05:00:00,15,0,15
2017-01-30 06:00:00,45,7,38
2017-01-30 07:00:00,91,11,80
2017-01-30 08:00:00,90,8,82
2017-01-30 09:00:00,39,3,36
2017-01-30 10:00:00,19,4,15
2017-01-30 11:00:00,10,5,5
2017-01-30 12:00:00,13,5,8
2017-01-30 13:00:00,13,5,8
2017-01-30 14:00:00,14,6,8
2017-01-30 15:00:00,35,24,11
2017-01-30 16:00:00,70,53,17
2017-01-30 17:00:00,103,86,17
2017-01-30 18:00:00,68,64,4
2017-01-30 19:00:00,27,25,2
2017-01-30 20:00:00,9,8,1
2017-01-30 21:00:00,1,1,0
2017-01-30 22:00:00,5,3,2
2017-01-30 23:00:00,2,2,0
2017-01-31 00:00:00,0,0,0
2017-01-31 01:00:00,0,0,0
2017-01-31 02:00:00,0,0,0
2017-01-31 03:00:00,1,0,1
2017-01-31 04:00:00,2,1,1
2017-01-31 05:00:00,19,4,15
2017-01-31 06:00:00,45,4,41
2017-01-31 07:00:00,85,5,80
2017-01-31 08:00:00,95,5,90
2017-01-31 09:00:00,34,0,34
2017-01-31 10:00:00,12,2,10
2017-01-31 11:00:00,15,5,10
2017-01-31 12:00:00,17,10,7
2017-01-31 13:00:00,24,11,13
2017-01-31 14:00:00,24,9,15
2017-01-31 15:00:00,27,15,12
2017-01-31 16:00:00,74,57,17
2017-01-31 17:00:00,116,101,15
2017-01-31 18:00:00,50,42,8
2017-01-31 19:00:00,19,18,1
2017-01-31 20:00:00,10,8,2
2017-01-31 21:00:00,7,7,0
2017-01-31 22:00:00,4,4,0
2017-01-31 23:00:00,3,3,0
2017-02-01 00:00:00,6,4,2
2017-02-01 01:00:00,0,0,0
2017-02-01 02:00:00,0,0,0
2017-02-01 03:00:00,1,0,1
2017-02-01 04:00:00,3,1,2
2017-02-01 05:00:00,9,1,8
2017-02-01 06:00:00,36,8,28
2017-02-01 07:00:00,73,6,67
2017-02-01 08:00:00,94,4,90
2017-02-01 09:00:00,43,4,39
2017-02-01 10:00:00,19,3,16
2017-02-01 11:00:00,19,10,9
2017-02-01 12:00:00,25,8,17
2017-02-01 13:00:00,25,15,10
2017-02-01 14:00:00,28,15,13
2017-02-01 15:00:00,29,25,4
2017-02-01 16:00:00,48,40,8
2017-02-01 17:00:00,93,83,10
2017-02-01 18:00:00,55,46,9
2017-02-01 19:00:00,24,19,5
2017-02-01 20:00:00,22,12,10
2017-02-01 21:00:00,7,7,0
2017-02-01 22:00:00,2,1,1
2017-02-01 23:00:00,3,2,1
2017-02-02 00:00:00,4,2,2
2017-02-02 01:00:00,0,0,0
2017-02-02 02:00:00,0,0,0
2017-02-02 03:00:00,0,0,0
2017-02-02 04:00:00,2,1,1
2017-02-02 05:00:00,10,1,9
2017-02-02 06:00:00,38,9,29
2017-02-02 07:00:00,75,12,63
2017-02-02 08:00:00,85,7,78
2017-02-02 09:00:00,25,0,25
2017-02-02 10:00:00,10,2,8
2017-02-02 11:00:00,11,3,8
2017-02-02 12:00:00,12,4,8
2017-02-02 13:00:00,16,7,9
2017-02-02 14:00:00,12,6,6
2017-02-02 15:00:00,30,18,12
2017-02-02 16:00:00,58,41,17
2017-02-02 17:00:00,87,75,12
2017-02-02 18:00:00,67,57,10
2017-02-02 19:00:00,27,18,9
2017-02-02 20:00:00,8,8,0
2017-02-02 21:00:00,9,8,1
2017-02-02 22:00:00,4,2,2
2017-02-02 23:00:00,1,1,0
2017-02-03 00:00:00,0,0,0
2017-02-03 01:00:00,1,0,1
2017-02-03 02:00:00,2,1,1
2017-02-03 03:00:00,3,2,1
2017-02-03 04:00:00,1,0,1
2017-02-03 05:00:00,6,1,5
2017-02-03 06:00:00,18,5,13
2017-02-03 07:00:00,28,4,24
2017-02-03 08:00:00,40,3,37
2017-02-03 09:00:00,19,3,16
2017-02-03 10:00:00,8,1,7
2017-02-03 11:00:00,4,2,2
2017-02-03 12:00:00,6,2,4
2017-02-03 13:00:00,1,0,1
2017-02-03 14:00:00,7,5,2
2017-02-03 15:00:00,16,14,2
2017-02-03 16:00:00,28,22,6
2017-02-03 17:00:00,38,35,3
2017-02-03 18:00:00,35,29,6
2017-02-03 19:00:00,5,4,1
2017-02-03 20:00:00,5,5,0
2017-02-03 21:00:00,2,1,1
2017-02-03 22:00:00,1,0,1
2017-02-03 23:00:00,3,3,0
2017-02-04 00:00:00,4,2,2
2017-02-04 01:00:00,4,1,3
2017-02-04 02:00:00,1,1,0
2017-02-04 03:00:00,0,0,0
2017-02-04 04:00:00,0,0,0
2017-02-04 05:00:00,2,0,2
2017-02-04 06:00:00,4,1,3
2017-02-04 07:00:00,4,0,4
2017-02-04 08:00:00,8,3,5
2017-02-04 09:00:00,6,3,3
2017-02-04 10:00:00,7,3,4
2017-02-04 11:00:00,6,2,4
2017-02-04 12:00:00,6,4,2
2017-02-04 13:00:00,9,4,5
2017-02-04 14:00:00,5,3,2
2017-02-04 15:00:00,4,3,1
2017-02-04 16:00:00,6,5,1
2017-02-04 17:00:00,8,3,5
2017-02-04 18:00:00,2,2,0
2017-02-04 19:00:00,2,1,1
2017-02-04 20:00:00,1,0,1
2017-02-04 21:00:00,0,0,0
2017-02-04 22:00:00,3,3,0
2017-02-04 23:00:00,3,3,0
2017-02-05 00:00:00,2,0,2
2017-02-05 01:00:00,3,1,2
2017-02-05 02:00:00,3,1,2
2017-02-05 03:00:00,0,0,0
2017-02-05 04:00:00,1,1,0
2017-02-05 05:00:00,4,2,2
2017-02-05 06:00:00,0,0,0
2017-02-05 07:00:00,2,0,2
2017-02-05 08:00:00,7,0,7
2017-02-05 09:00:00,6,3,3
2017-02-05 10:00:00,11,5,6
2017-02-05 11:00:00,5,3,2
2017-02-05 12:00:00,5,2,3
2017-02-05 13:00:00,5,3,2
2017-02-05 14:00:00,5,3,2
2017-02-05 15:00:00,4,3,1
2017-02-05 16:00:00,1,1,0
2017-02-05 17:00:00,2,1,1
2017-02-05 18:00:00,3,2,1
2017-02-05 19:00:00,1,0,1
2017-02-05 20:00:00,1,1,0
2017-02-05 21:00:00,1,1,0
2017-02-05 22:00:00,1,0,1
2017-02-05 23:00:00,0,0,0
2017-02-06 00:00:00,3,1,2
2017-02-06 01:00:00,0,0,0
2017-02-06 02:00:00,0,0,0
2017-02-06 03:00:00,0,0,0
2017-02-06 04:00:00,1,1,0
2017-02-06 05:00:00,6,1,5
2017-02-06 06:00:00,4,0,4
2017-02-06 07:00:00,14,2,12
2017-02-06 08:00:00,14,3,11
2017-02-06 09:00:00,5,2,3
2017-02-06 10:00:00,2,0,2
2017-02-06 11:00:00,0,0,0
2017-02-06 12:00:00,1,0,1
2017-02-06 13:00:00,3,1,2
2017-02-06 14:00:00,12,8,4
2017-02-06 15:00:00,4,4,0
2017-02-06 16:00:00,9,9,0
2017-02-06 17:00:00,11,8,3
2017-02-06 18:00:00,4,3,1
2017-02-06 19:00:00,2,2,0
2017-02-06 20:00:00,4,4,0
2017-02-06 21:00:00,0,0,0
2017-02-06 22:00:00,1,1,0
2017-02-06 23:00:00,1,1,0
2017-02-07 00:00:00,0,0,0
2017-02-07 01:00:00,0,0,0
2017-02-07 02:00:00,1,0,1
2017-02-07 03:00:00,0,0,0
2017-02-07 04:00:00,2,1,1
2017-02-07 05:00:00,4,0,4
2017-02-07 06:00:00,9,1,8
2017-02-07 07:00:00,19,1,18
2017-02-07 08:00:00,19,2,17
2017-02-07 09:00:00,10,3,7
2017-02-07 10:00:00,7,0,7
2017-02-07 11:00:00,9,3,6
2017-02-07 12:00:00,7,3,4
2017-02-07 13:00:00,14,4,10
2017-02-07 14:00:00,11,4,7
2017-02-07 15:00:00,7,6,1
2017-02-07 16:00:00,16,12,4
2017-02-07 17:00:00,28,21,7
2017-02-07 18:00:00,19,17,2
2017-02-07 19:00:00,9,8,1
2017-02-07 20:00:00,7,7,0
2017-02-07 21:00:00,6,5,1
2017-02-07 22:00:00,1,1,0
2017-02-07 23:00:00,1,1,0
2017-02-08 00:00:00,1,0,1
2017-02-08 01:00:00,1,0,1
2017-02-08 02:00:00,2,1,1
2017-02-08 03:00:00,1,0,1
2017-02-08 04:00:00,3,1,2
2017-02-08 05:00:00,3,0,3
2017-02-08 06:00:00,20,2,18
2017-02-08 07:00:00,31,2,29
2017-02-08 08:00:00,61,3,58
2017-02-08 09:00:00,22,1,21
2017-02-08 10:00:00,4,1,3
2017-02-08 11:00:00,3,0,3
2017-02-08 12:00:00,4,1,3
2017-02-08 13:00:00,4,2,2
2017-02-08 14:00:00,7,4,3
2017-02-08 15:00:00,14,10,4
2017-02-08 16:00:00,27,24,3
2017-02-08 17:00:00,47,43,4
2017-02-08 18:00:00,36,34,2
2017-02-08 19:00:00,14,11,3
2017-02-08 20:00:00,4,4,0
2017-02-08 21:00:00,2,2,0
2017-02-08 22:00:00,3,2,1
2017-02-08 23:00:00,2,2,0
2017-02-09 00:00:00,2,1,1
2017-02-09 01:00:00,1,0,1
2017-02-09 02:00:00,0,0,0
2017-02-09 03:00:00,0,0,0
2017-02-09 04:00:00,3,1,2
2017-02-09 05:00:00,6,1,5
2017-02-09 06:00:00,24,4,20
2017-02-09 07:00:00,34,3,31
2017-02-09 08:00:00,33,2,31
2017-02-09 09:00:00,21,2,19
2017-02-09 10:00:00,6,2,4
2017-02-09 11:00:00,4,2,2
2017-02-09 12:00:00,12,4,8
2017-02-09 13:00:00,7,3,4
2017-02-09 14:00:00,17,8,9
2017-02-09 15:00:00,5,4,1
2017-02-09 16:00:00,18,14,4
2017-02-09 17:00:00,40,36,4
2017-02-09 18:00:00,38,35,3
2017-02-09 19:00:00,13,12,1
2017-02-09 20:00:00,4,4,0
2017-02-09 21:00:00,6,5,1
2017-02-09 22:00:00,3,2,1
2017-02-09 23:00:00,2,1,1
2017-02-10 00:00:00,0,0,0
2017-02-10 01:00:00,2,1,1
2017-02-10 02:00:00,2,2,0
2017-02-10 03:00:00,0,0,0
2017-02-10 04:00:00,0,0,0
2017-02-10 05:00:00,6,0,6
2017-02-10 06:00:00,21,4,17
2017-02-10 07:00:00,54,4,50
2017-02-10 08:00:00,69,4,65
2017-02-10 09:00:00,21,1,20
2017-02-10 10:00:00,9,0,9
2017-02-10 11:00:00,3,0,3
2017-02-10 12:00:00,2,0,2
2017-02-10 13:00:00,7,4,3
2017-02-10 14:00:00,5,3,2
2017-02-10 15:00:00,14,11,3
2017-02-10 16:00:00,38,31,7
2017-02-10 17:00:00,64,56,8
2017-02-10 18:00:00,39,34,5
2017-02-10 19:00:00,13,8,5
2017-02-10 20:00:00,3,1,2
2017-02-10 21:00:00,2,2,0
2017-02-10 22:00:00,1,0,1
2017-02-10 23:00:00,4,3,1
2017-02-11 00:00:00,0,0,0
2017-02-11 01:00:00,0,0,0
2017-02-11 02:00:00,0,0,0
2017-02-11 03:00:00,1,0,1
2017-02-11 04:00:00,1,0,1
2017-02-11 05:00:00,1,0,1
2017-02-11 06:00:00,1,1,0
2017-02-11 07:00:00,9,3,6
2017-02-11 08:00:00,18,3,15
2017-02-11 09:00:00,20,16,4
2017-02-11 10:00:00,27,14,13
2017-02-11 11:00:00,22,10,12
2017-02-11 12:00:00,37,13,24
2017-02-11 13:00:00,48,28,20
2017-02-11 14:00:00,41,23,18
2017-02-11 15:00:00,31,12,19
2017-02-11 16:00:00,30,18,12
2017-02-11 17:00:00,12,9,3
2017-02-11 18:00:00,6,4,2
2017-02-11 19:00:00,7,4,3
2017-02-11 20:00:00,0,0,0
2017-02-11 21:00:00,2,1,1
2017-02-11 22:00:00,2,1,1
2017-02-11 23:00:00,1,0,1
2017-02-12 00:00:00,0,0,0
2017-02-12 01:00:00,1,0,1
2017-02-12 02:00:00,0,0,0
2017-02-12 03:00:00,0,0,0
2017-02-12 04:00:00,2,2,0
2017-02-12 05:00:00,3,1,2
2017-02-12 06:00:00,0,0,0
2017-02-12 07:00:00,7,3,4
2017-02-12 08:00:00,13,3,10
2017-02-12 09:00:00,29,14,15
2017-02-12 10:00:00,31,18,13
2017-02-12 11:00:00,50,34,16
2017-02-12 12:00:00,55,33,22
2017-02-12 13:00:00,59,30,29
2017-02-12 14:00:00,47,29,18
2017-02-12 15:00:00,58,26,32
2017-02-12 16:00:00,44,23,21
2017-02-12 17:00:00,22,7,15
2017-02-12 18:00:00,11,1,10
2017-02-12 19:00:00,2,1,1
2017-02-12 20:00:00,3,3,0
2017-02-12 21:00:00,0,0,0
2017-02-12 22:00:00,2,1,1
2017-02-12 23:00:00,2,1,1
2017-02-13 00:00:00,1,0,1
2017-02-13 01:00:00,2,1,1
2017-02-13 02:00:00,1,1,0
2017-02-13 03:00:00,2,1,1
2017-02-13 04:00:00,10,2,8
2017-02-13 05:00:00,21,2,19
2017-02-13 06:00:00,46,5,41
2017-02-13 07:00:00,90,8,82
2017-02-13 08:00:00,112,5,107
2017-02-13 09:00:00,41,5,36
2017-02-13 10:00:00,19,6,13
2017-02-13 11:00:00,17,7,10
2017-02-13 12:00:00,16,9,7
2017-02-13 13:00:00,28,12,16
2017-02-13 14:00:00,24,12,12
2017-02-13 15:00:00,31,22,9
2017-02-13 16:00:00,106,80,26
2017-02-13 17:00:00,133,115,18
2017-02-13 18:00:00,67,57,10
2017-02-13 19:00:00,29,24,5
2017-02-13 20:00:00,8,6,2
2017-02-13 21:00:00,6,4,2
2017-02-13 22:00:00,0,0,0
2017-02-13 23:00:00,1,1,0
2017-02-14 00:00:00,0,0,0
2017-02-14 01:00:00,0,0,0
2017-02-14 02:00:00,0,0,0
2017-02-14 03:00:00,2,1,1
2017-02-14 04:00:00,3,0,3
2017-02-14 05:00:00,17,2,15
2017-02-14 06:00:00,48,8,40
2017-02-14 07:00:00,113,11,102
2017-02-14 08:00:00,105,5,100
2017-02-14 09:00:00,41,3,38
2017-02-14 10:00:00,18,3,15
2017-02-14 11:00:00,8,3,5
2017-02-14 12:00:00,24,13,11
2017-02-14 13:00:00,20,11,9
2017-02-14 14:00:00,18,7,11
2017-02-14 15:00:00,32,24,8
2017-02-14 16:00:00,84,71,13
2017-02-14 17:00:00,137,115,22
2017-02-14 18:00:00,79,71,8
2017-02-14 19:00:00,17,11,6
2017-02-14 20:00:00,13,9,4
2017-02-14 21:00:00,7,5,2
2017-02-14 22:00:00,3,2,1
2017-02-14 23:00:00,3,2,1
2017-02-15 00:00:00,1,1,0
2017-02-15 01:00:00,1,1,0
2017-02-15 02:00:00,0,0,0
2017-02-15 03:00:00,0,0,0
2017-02-15 04:00:00,2,1,1
2017-02-15 05:00:00,9,0,9
2017-02-15 06:00:00,25,2,23
2017-02-15 07:00:00,59,4,55
2017-02-15 08:00:00,70,8,62
2017-02-15 09:00:00,22,5,17
2017-02-15 10:00:00,15,6,9
2017-02-15 11:00:00,6,4,2
2017-02-15 12:00:00,4,1,3
2017-02-15 13:00:00,7,3,4
2017-02-15 14:00:00,6,3,3
2017-02-15 15:00:00,11,9,2
2017-02-15 16:00:00,37,29,8
2017-02-15 17:00:00,66,59,7
2017-02-15 18:00:00,43,38,5
2017-02-15 19:00:00,18,14,4
2017-02-15 20:00:00,4,2,2
2017-02-15 21:00:00,5,5,0
2017-02-15 22:00:00,4,4,0
2017-02-15 23:00:00,1,0,1
2017-02-16 00:00:00,2,1,1
2017-02-16 01:00:00,1,1,0
2017-02-16 02:00:00,0,0,0
2017-02-16 03:00:00,2,1,1
2017-02-16 04:00:00,1,0,1
2017-02-16 05:00:00,10,1,9
2017-02-16 06:00:00,28,3,25
2017-02-16 07:00:00,75,9,66
2017-02-16 08:00:00,86,5,81
2017-02-16 09:00:00,38,5,33
2017-02-16 10:00:00,8,1,7
2017-02-16 11:00:00,9,2,7
2017-02-16 12:00:00,17,8,9
2017-02-16 13:00:00,18,6,12
2017-02-16 14:00:00,20,11,9
2017-02-16 15:00:00,17,10,7
2017-02-16 16:00:00,45,39,6
2017-02-16 17:00:00,101,89,12
2017-02-16 18:00:00,53,48,5
2017-02-16 19:00:00,21,17,4
2017-02-16 20:00:00,7,6,1
2017-02-16 21:00:00,12,9,3
2017-02-16 22:00:00,7,4,3
2017-02-16 23:00:00,2,2,0
2017-02-17 00:00:00,0,0,0
2017-02-17 01:00:00,1,0,1
2017-02-17 02:00:00,3,2,1
2017-02-17 03:00:00,2,0,2
2017-02-17 04:00:00,1,0,1
2017-02-17 05:00:00,11,2,9
2017-02-17 06:00:00,41,7,34
2017-02-17 07:00:00,77,13,64
2017-02-17 08:00:00,79,9,70
2017-02-17 09:00:00,53,15,38
2017-02-17 10:00:00,18,2,16
2017-02-17 11:00:00,24,13,11
2017-02-17 12:00:00,22,6,16
2017-02-17 13:00:00,32,22,10
2017-02-17 14:00:00,38,22,16
2017-02-17 15:00:00,48,39,9
2017-02-17 16:00:00,84,58,26
2017-02-17 17:00:00,80,66,14
2017-02-17 18:00:00,55,49,6
2017-02-17 19:00:00,23,18,5
2017-02-17 20:00:00,12,9,3
2017-02-17 21:00:00,4,3,1
2017-02-17 22:00:00,4,4,0
2017-02-17 23:00:00,2,1,1
2017-02-18 00:00:00,0,0,0
2017-02-18 01:00:00,1,0,1
2017-02-18 02:00:00,0,0,0
2017-02-18 03:00:00,2,0,2
2017-02-18 04:00:00,0,0,0
2017-02-18 05:00:00,5,2,3
2017-02-18 06:00:00,1,1,0
2017-02-18 07:00:00,4,2,2
2017-02-18 08:00:00,9,1,8
2017-02-18 09:00:00,6,4,2
2017-02-18 10:00:00,14,8,6
2017-02-18 11:00:00,12,6,6
2017-02-18 12:00:00,7,2,5
2017-02-18 13:00:00,12,3,9
2017-02-18 14:00:00,13,8,5
2017-02-18 15:00:00,8,5,3
2017-02-18 16:00:00,10,8,2
2017-02-18 17:00:00,9,3,6
2017-02-18 18:00:00,3,1,2
2017-02-18 19:00:00,0,0,0
2017-02-18 20:00:00,3,1,2
2017-02-18 21:00:00,0,0,0
2017-02-18 22:00:00,5,4,1
2017-02-18 23:00:00,1,0,1
2017-02-19 00:00:00,0,0,0
2017-02-19 01:00:00,1,0,1
2017-02-19 02:00:00,1,1,0
2017-02-19 03:00:00,0,0,0
2017-02-19 04:00:00,3,2,1
2017-02-19 05:00:00,5,1,4
2017-02-19 06:00:00,0,0,0
2017-02-19 07:00:00,1,0,1
2017-02-19 08:00:00,5,1,4
2017-02-19 09:00:00,21,17,4
2017-02-19 10:00:00,16,4,12
2017-02-19 11:00:00,22,11,11
2017-02-19 12:00:00,14,6,8
2017-02-19 13:00:00,26,10,16
2017-02-19 14:00:00,5,2,3
2017-02-19 15:00:00,15,8,7
2017-02-19 16:00:00,4,3,1
2017-02-19 17:00:00,6,2,4
2017-02-19 18:00:00,4,1,3
2017-02-19 19:00:00,4,3,1
2017-02-19 20:00:00,5,3,2
2017-02-19 21:00:00,1,0,1
2017-02-19 22:00:00,1,0,1
2017-02-19 23:00:00,2,1,1
2017-02-20 00:00:00,1,0,1
2017-02-20 01:00:00,0,0,0
2017-02-20 02:00:00,8,5,3
2017-02-20 03:00:00,0,0,0
2017-02-20 04:00:00,5,1,4
2017-02-20 05:00:00,2,0,2
2017-02-20 06:00:00,11,2,9
2017-02-20 07:00:00,29,4,25
2017-02-20 08:00:00,39,6,33
2017-02-20 09:00:00,18,4,14
2017-02-20 10:00:00,15,5,10
2017-02-20 11:00:00,13,4,9
2017-02-20 12:00:00,14,7,7
2017-02-20 13:00:00,9,4,5
2017-02-20 14:00:00,10,8,2
2017-02-20 15:00:00,7,5,2
2017-02-20 16:00:00,20,13,7
2017-02-20 17:00:00,35,30,5
2017-02-20 18:00:00,20,17,3
2017-02-20 19:00:00,14,13,1
2017-02-20 20:00:00,1,0,1
2017-02-20 21:00:00,1,1,0
2017-02-20 22:00:00,2,1,1
2017-02-20 23:00:00,3,1,2
2017-02-21 00:00:00,0,0,0
2017-02-21 01:00:00,1,0,1
2017-02-21 02:00:00,2,2,0
2017-02-21 03:00:00,1,0,1
2017-02-21 04:00:00,2,1,1
2017-02-21 05:00:00,9,0,9
2017-02-21 06:00:00,42,7,35
2017-02-21 07:00:00,73,4,69
2017-02-21 08:00:00,80,6,74
2017-02-21 09:00:00,31,7,24
2017-02-21 10:00:00,8,1,7
2017-02-21 11:00:00,7,2,5
2017-02-21 12:00:00,5,1,4
2017-02-21 13:00:00,11,5,6
2017-02-21 14:00:00,11,6,5
2017-02-21 15:00:00,18,12,6
2017-02-21 16:00:00,51,42,9
2017-02-21 17:00:00,81,73,8
2017-02-21 18:00:00,55,48,7
2017-02-21 19:00:00,19,14,5
2017-02-21 20:00:00,6,6,0
2017-02-21 21:00:00,9,8,1
2017-02-21 22:00:00,4,2,2
2017-02-21 23:00:00,4,2,2
2017-02-22 00:00:00,0,0,0
2017-02-22 01:00:00,0,0,0
2017-02-22 02:00:00,1,0,1
2017-02-22 03:00:00,2,2,0
2017-02-22 04:00:00,1,0,1
2017-02-22 05:00:00,13,3,10
2017-02-22 06:00:00,39,6,33
2017-02-22 07:00:00,74,9,65
2017-02-22 08:00:00,85,8,77
2017-02-22 09:00:00,29,5,24
2017-02-22 10:00:00,14,4,10
2017-02-22 11:00:00,17,4,13
2017-02-22 12:00:00,10,5,5
2017-02-22 13:00:00,12,5,7
2017-02-22 14:00:00,20,12,8
2017-02-22 15:00:00,32,24,8
2017-02-22 16:00:00,52,42,10
2017-02-22 17:00:00,81,69,12
2017-02-22 18:00:00,59,50,9
2017-02-22 19:00:00,23,18,5
2017-02-22 20:00:00,6,5,1
2017-02-22 21:00:00,9,8,1
2017-02-22 22:00:00,4,3,1
2017-02-22 23:00:00,3,2,1
2017-02-23 00:00:00,1,0,1
2017-02-23 01:00:00,2,1,1
2017-02-23 02:00:00,1,1,0
2017-02-23 03:00:00,0,0,0
2017-02-23 04:00:00,2,1,1
2017-02-23 05:00:00,16,2,14
2017-02-23 06:00:00,32,4,28
2017-02-23 07:00:00,75,7,68
2017-02-23 08:00:00,72,4,68
2017-02-23 09:00:00,29,3,26
2017-02-23 10:00:00,16,4,12
2017-02-23 11:00:00,6,0,6
2017-02-23 12:00:00,4,3,1
2017-02-23 13:00:00,14,5,9
2017-02-23 14:00:00,14,6,8
2017-02-23 15:00:00,22,13,9
2017-02-23 16:00:00,61,51,10
2017-02-23 17:00:00,82,72,10
2017-02-23 18:00:00,59,53,6
2017-02-23 19:00:00,14,9,5
2017-02-23 20:00:00,7,6,1
2017-02-23 21:00:00,9,6,3
2017-02-23 22:00:00,3,2,1
2017-02-23 23:00:00,1,1,0
2017-02-24 00:00:00,0,0,0
2017-02-24 01:00:00,1,1,0
2017-02-24 02:00:00,1,1,0
2017-02-24 03:00:00,1,1,0
2017-02-24 04:00:00,3,0,3
2017-02-24 05:00:00,6,1,5
2017-02-24 06:00:00,25,0,25
2017-02-24 07:00:00,45,3,42
2017-02-24 08:00:00,47,4,43
2017-02-24 09:00:00,18,2,16
2017-02-24 10:00:00,16,1,15
2017-02-24 11:00:00,8,0,8
2017-02-24 12:00:00,11,3,8
2017-02-24 13:00:00,8,5,3
2017-02-24 14:00:00,21,10,11
2017-02-24 15:00:00,18,13,5
2017-02-24 16:00:00,37,32,5
2017-02-24 17:00:00,77,67,10
2017-02-24 18:00:00,32,25,7
2017-02-24 19:00:00,5,4,1
2017-02-24 20:00:00,4,2,2
2017-02-24 21:00:00,6,5,1
2017-02-24 22:00:00,2,2,0
2017-02-24 23:00:00,1,0,1
2017-02-25 00:00:00,1,0,1
2017-02-25 01:00:00,0,0,0
2017-02-25 02:00:00,0,0,0
2017-02-25 03:00:00,3,1,2
2017-02-25 04:00:00,0,0,0
2017-02-25 05:00:00,3,1,2
2017-02-25 06:00:00,5,0,5
2017-02-25 07:00:00,11,1,10
2017-02-25 08:00:00,12,2,10
2017-02-25 09:00:00,22,11,11
2017-02-25 10:00:00,41,22,19
2017-02-25 11:00:00,30,18,12
2017-02-25 12:00:00,42,23,19
2017-02-25 13:00:00,51,22,29
2017-02-25 14:00:00,47,27,20
2017-02-25 15:00:00,32,18,14
2017-02-25 16:00:00,21,10,11
2017-02-25 17:00:00,18,8,10
2017-02-25 18:00:00,8,7,1
2017-02-25 19:00:00,4,4,0
2017-02-25 20:00:00,5,5,0
2017-02-25 21:00:00,2,2,0
2017-02-25 22:00:00,4,1,3
2017-02-25 23:00:00,3,2,1
2017-02-26 00:00:00,0,0,0
2017-02-26 01:00:00,3,1,2
2017-02-26 02:00:00,2,1,1
2017-02-26 03:00:00,1,0,1
2017-02-26 04:00:00,4,2,2
2017-02-26 05:00:00,3,1,2
2017-02-26 06:00:00,6,1,5
2017-02-26 07:00:00,25,1,24
2017-02-26 08:00:00,19,4,15
2017-02-26 09:00:00,9,1,8
2017-02-26 10:00:00,5,2,3
2017-02-26 11:00:00,8,3,5
2017-02-26 12:00:00,12,9,3
2017-02-26 13:00:00,15,12,3
2017-02-26 14:00:00,17,11,6
2017-02-26 15:00:00,18,13,5
2017-02-26 16:00:00,9,7,2
2017-02-26 17:00:00,8,4,4
2017-02-26 18:00:00,4,1,3
2017-02-26 19:00:00,1,0,1
2017-02-26 20:00:00,3,2,1
2017-02-26 21:00:00,1,1,0
2017-02-26 22:00:00,3,2,1
2017-02-26 23:00:00,0,0,0
2017-02-27 00:00:00,3,1,2
2017-02-27 01:00:00,0,0,0
2017-02-27 02:00:00,1,0,1
2017-02-27 03:00:00,2,2,0
2017-02-27 04:00:00,6,1,5
2017-02-27 05:00:00,9,1,8
2017-02-27 06:00:00,23,3,20
2017-02-27 07:00:00,38,2,36
2017-02-27 08:00:00,53,3,50
2017-02-27 09:00:00,26,0,26
2017-02-27 10:00:00,12,1,11
2017-02-27 11:00:00,4,1,3
2017-02-27 12:00:00,4,3,1
2017-02-27 13:00:00,9,4,5
2017-02-27 14:00:00,16,9,7
2017-02-27 15:00:00,15,8,7
2017-02-27 16:00:00,39,36,3
2017-02-27 17:00:00,52,49,3
2017-02-27 18:00:00,43,35,8
2017-02-27 19:00:00,9,9,0
2017-02-27 20:00:00,7,4,3
2017-02-27 21:00:00,2,1,1
2017-02-27 22:00:00,0,0,0
2017-02-27 23:00:00,1,0,1
2017-02-28 00:00:00,0,0,0
2017-02-28 01:00:00,1,1,0
2017-02-28 02:00:00,0,0,0
2017-02-28 03:00:00,0,0,0
2017-02-28 04:00:00,2,1,1
2017-02-28 05:00:00,5,1,4
2017-02-28 06:00:00,30,4,26
2017-02-28 07:00:00,58,0,58
2017-02-28 08:00:00,84,10,74
2017-02-28 09:00:00,30,5,25
2017-02-28 10:00:00,20,7,13
2017-02-28 11:00:00,6,1,5
2017-02-28 12:00:00,11,2,9
2017-02-28 13:00:00,9,4,5
2017-02-28 14:00:00,17,7,10
2017-02-28 15:00:00,19,12,7
2017-02-28 16:00:00,48,45,3
2017-02-28 17:00:00,75,67,8
2017-02-28 18:00:00,57,51,6
2017-02-28 19:00:00,24,21,3
2017-02-28 20:00:00,10,9,1
2017-02-28 21:00:00,4,2,2
2017-02-28 22:00:00,7,4,3
2017-02-28 23:00:00,1,1,0
2017-03-01 00:00:00,1,0,1
2017-03-01 01:00:00,3,1,2
2017-03-01 02:00:00,1,1,0
2017-03-01 03:00:00,1,1,0
2017-03-01 04:00:00,3,1,2
2017-03-01 05:00:00,11,0,11
2017-03-01 06:00:00,46,6,40
2017-03-01 07:00:00,85,9,76
2017-03-01 08:00:00,104,10,94
2017-03-01 09:00:00,36,5,31
2017-03-01 10:00:00,14,4,10
2017-03-01 11:00:00,14,5,9
2017-03-01 12:00:00,6,2,4
2017-03-01 13:00:00,16,10,6
2017-03-01 14:00:00,15,8,7
2017-03-01 15:00:00,28,20,8
2017-03-01 16:00:00,54,43,11
2017-03-01 17:00:00,99,93,6
2017-03-01 18:00:00,76,62,14
2017-03-01 19:00:00,29,24,5
2017-03-01 20:00:00,13,8,5
2017-03-01 21:00:00,8,5,3
2017-03-01 22:00:00,4,2,2
2017-03-01 23:00:00,4,4,0
2017-03-02 00:00:00,2,1,1
2017-03-02 01:00:00,3,2,1
2017-03-02 02:00:00,3,3,0
2017-03-02 03:00:00,1,0,1
2017-03-02 04:00:00,2,0,2
2017-03-02 05:00:00,7,0,7
2017-03-02 06:00:00,36,6,30
2017-03-02 07:00:00,85,5,80
2017-03-02 08:00:00,81,11,70
2017-03-02 09:00:00,36,3,33
2017-03-02 10:00:00,17,2,15
2017-03-02 11:00:00,12,4,8
2017-03-02 12:00:00,7,5,2
2017-03-02 13:00:00,12,4,8
2017-03-02 14:00:00,10,4,6
2017-03-02 15:00:00,18,13,5
2017-03-02 16:00:00,49,41,8
2017-03-02 17:00:00,82,71,11
2017-03-02 18:00:00,53,50,3
2017-03-02 19:00:00,10,7,3
2017-03-02 20:00:00,12,9,3
2017-03-02 21:00:00,9,6,3
2017-03-02 22:00:00,5,4,1
2017-03-02 23:00:00,3,3,0
2017-03-03 00:00:00,2,1,1
2017-03-03 01:00:00,2,1,1
2017-03-03 02:00:00,3,0,3
2017-03-03 03:00:00,4,3,1
2017-03-03 04:00:00,4,2,2
2017-03-03 05:00:00,5,1,4
2017-03-03 06:00:00,31,9,22
2017-03-03 07:00:00,62,9,53
2017-03-03 08:00:00,63,3,60
2017-03-03 09:00:00,32,3,29
2017-03-03 10:00:00,10,4,6
2017-03-03 11:00:00,7,1,6
2017-03-03 12:00:00,7,4,3
2017-03-03 13:00:00,3,1,2
2017-03-03 14:00:00,10,8,2
2017-03-03 15:00:00,12,12,0
2017-03-03 16:00:00,40,36,4
2017-03-03 17:00:00,46,39,7
2017-03-03 18:00:00,36,30,6
2017-03-03 19:00:00,13,11,2
2017-03-03 20:00:00,6,6,0
2017-03-03 21:00:00,1,1,0
2017-03-03 22:00:00,3,1,2
2017-03-03 23:00:00,0,0,0
2017-03-04 00:00:00,2,1,1
2017-03-04 01:00:00,2,2,0
2017-03-04 02:00:00,0,0,0
2017-03-04 03:00:00,0,0,0
2017-03-04 04:00:00,2,0,2
2017-03-04 05:00:00,2,0,2
2017-03-04 06:00:00,3,0,3
2017-03-04 07:00:00,17,3,14
2017-03-04 08:00:00,23,6,17
2017-03-04 09:00:00,26,13,13
2017-03-04 10:00:00,40,19,21
2017-03-04 11:00:00,40,18,22
2017-03-04 12:00:00,36,18,18
2017-03-04 13:00:00,63,33,30
2017-03-04 14:00:00,35,22,13
2017-03-04 15:00:00,40,29,11
2017-03-04 16:00:00,20,9,11
2017-03-04 17:00:00,22,14,8
2017-03-04 18:00:00,9,6,3
2017-03-04 19:00:00,8,6,2
2017-03-04 20:00:00,2,2,0
2017-03-04 21:00:00,0,0,0
2017-03-04 22:00:00,0,0,0
2017-03-04 23:00:00,5,3,2
2017-03-05 00:00:00,0,0,0
2017-03-05 01:00:00,3,1,2
2017-03-05 02:00:00,1,0,1
2017-03-05 03:00:00,3,0,3
2017-03-05 04:00:00,4,1,3
2017-03-05 05:00:00,3,0,3
2017-03-05 06:00:00,1,0,1
2017-03-05 07:00:00,3,2,1
2017-03-05 08:00:00,10,0,10
2017-03-05 09:00:00,8,5,3
2017-03-05 10:00:00,22,5,17
2017-03-05 11:00:00,12,7,5
2017-03-05 12:00:00,23,13,10
2017-03-05 13:00:00,12,8,4
2017-03-05 14:00:00,10,5,5
2017-03-05 15:00:00,9,7,2
2017-03-05 16:00:00,8,1,7
2017-03-05 17:00:00,3,2,1
2017-03-05 18:00:00,2,1,1
2017-03-05 19:00:00,1,1,0
2017-03-05 20:00:00,2,1,1
2017-03-05 21:00:00,2,1,1
2017-03-05 22:00:00,1,0,1
2017-03-05 23:00:00,3,2,1
2017-03-06 00:00:00,0,0,0
2017-03-06 01:00:00,1,1,0
2017-03-06 02:00:00,2,1,1
2017-03-06 03:00:00,1,1,0
2017-03-06 04:00:00,4,1,3
2017-03-06 05:00:00,17,5,12
2017-03-06 06:00:00,37,5,32
2017-03-06 07:00:00,86,7,79
2017-03-06 08:00:00,80,12,68
2017-03-06 09:00:00,40,4,36
2017-03-06 10:00:00,19,5,14
2017-03-06 11:00:00,9,1,8
2017-03-06 12:00:00,14,5,9
2017-03-06 13:00:00,10,5,5
2017-03-06 14:00:00,8,5,3
2017-03-06 15:00:00,27,18,9
2017-03-06 16:00:00,58,48,10
2017-03-06 17:00:00,103,91,12
2017-03-06 18:00:00,57,47,10
2017-03-06 19:00:00,18,15,3
2017-03-06 20:00:00,10,8,2
2017-03-06 21:00:00,5,5,0
2017-03-06 22:00:00,4,2,2
2017-03-06 23:00:00,0,0,0
2017-03-07 00:00:00,0,0,0
2017-03-07 01:00:00,0,0,0
2017-03-07 02:00:00,1,1,0
2017-03-07 03:00:00,2,1,1
2017-03-07 04:00:00,3,1,2
2017-03-07 05:00:00,9,3,6
2017-03-07 06:00:00,29,3,26
2017-03-07 07:00:00,76,7,69
2017-03-07 08:00:00,64,3,61
2017-03-07 09:00:00,26,3,23
2017-03-07 10:00:00,5,0,5
2017-03-07 11:00:00,5,3,2
2017-03-07 12:00:00,4,1,3
2017-03-07 13:00:00,9,3,6
2017-03-07 14:00:00,4,3,1
2017-03-07 15:00:00,13,9,4
2017-03-07 16:00:00,44,37,7
2017-03-07 17:00:00,69,62,7
2017-03-07 18:00:00,59,54,5
2017-03-07 19:00:00,15,14,1
2017-03-07 20:00:00,10,8,2
2017-03-07 21:00:00,2,2,0
2017-03-07 22:00:00,2,2,0
2017-03-07 23:00:00,0,0,0
2017-03-08 00:00:00,3,1,2
2017-03-08 01:00:00,2,2,0
2017-03-08 02:00:00,0,0,0
2017-03-08 03:00:00,1,0,1
2017-03-08 04:00:00,7,2,5
2017-03-08 05:00:00,15,2,13
2017-03-08 06:00:00,36,6,30
2017-03-08 07:00:00,83,10,73
2017-03-08 08:00:00,97,4,93
2017-03-08 09:00:00,30,3,27
2017-03-08 10:00:00,12,3,9
2017-03-08 11:00:00,9,3,6
2017-03-08 12:00:00,5,4,1
2017-03-08 13:00:00,12,6,6
2017-03-08 14:00:00,19,9,10
2017-03-08 15:00:00,21,14,7
2017-03-08 16:00:00,43,35,8
2017-03-08 17:00:00,83,75,8
2017-03-08 18:00:00,59,51,8
2017-03-08 19:00:00,21,19,2
2017-03-08 20:00:00,12,10,2
2017-03-08 21:00:00,7,4,3
2017-03-08 22:00:00,2,1,1
2017-03-08 23:00:00,0,0,0
2017-03-09 00:00:00,2,1,1
2017-03-09 01:00:00,0,0,0
2017-03-09 02:00:00,0,0,0
2017-03-09 03:00:00,1,0,1
2017-03-09 04:00:00,2,0,2
2017-03-09 05:00:00,8,2,6
2017-03-09 06:00:00,33,4,29
2017-03-09 07:00:00,69,5,64
2017-03-09 08:00:00,69,1,68
2017-03-09 09:00:00,22,3,19
2017-03-09 10:00:00,12,1,11
2017-03-09 11:00:00,5,4,1
2017-03-09 12:00:00,6,3,3
2017-03-09 13:00:00,6,3,3
2017-03-09 14:00:00,2,0,2
2017-03-09 15:00:00,13,10,3
2017-03-09 16:00:00,55,44,11
2017-03-09 17:00:00,72,67,5
2017-03-09 18:00:00,48,43,5
2017-03-09 19:00:00,25,19,6
2017-03-09 20:00:00,3,1,2
2017-03-09 21:00:00,6,6,0
2017-03-09 22:00:00,3,2,1
2017-03-09 23:00:00,3,3,0
2017-03-10 00:00:00,2,1,1
2017-03-10 01:00:00,2,0,2
2017-03-10 02:00:00,4,4,0
2017-03-10 03:00:00,1,1,0
2017-03-10 04:00:00,1,0,1
2017-03-10 05:00:00,9,3,6
2017-03-10 06:00:00,25,3,22
2017-03-10 07:00:00,57,7,50
2017-03-10 08:00:00,60,4,56
2017-03-10 09:00:00,22,4,18
2017-03-10 10:00:00,10,2,8
2017-03-10 11:00:00,12,2,10
2017-03-10 12:00:00,8,3,5
2017-03-10 13:00:00,10,7,3
2017-03-10 14:00:00,22,9,13
2017-03-10 15:00:00,21,12,9
2017-03-10 16:00:00,43,35,8
2017-03-10 17:00:00,56,51,5
2017-03-10 18:00:00,40,37,3
2017-03-10 19:00:00,24,21,3
2017-03-10 20:00:00,8,5,3
2017-03-10 21:00:00,7,5,2
2017-03-10 22:00:00,1,0,1
2017-03-10 23:00:00,5,1,4
2017-03-11 00:00:00,4,2,2
2017-03-11 01:00:00,0,0,0
2017-03-11 02:00:00,1,0,1
2017-03-11 03:00:00,2,1,1
2017-03-11 04:00:00,1,0,1
2017-03-11 05:00:00,2,1,1
2017-03-11 06:00:00,4,0,4
2017-03-11 07:00:00,12,3,9
2017-03-11 08:00:00,12,5,7
2017-03-11 09:00:00,8,6,2
2017-03-11 10:00:00,6,1,5
2017-03-11 11:00:00,4,2,2
2017-03-11 12:00:00,3,2,1
2017-03-11 13:00:00,3,1,2
2017-03-11 14:00:00,6,3,3
2017-03-11 15:00:00,10,7,3
2017-03-11 16:00:00,11,8,3
2017-03-11 17:00:00,13,7,6
2017-03-11 18:00:00,9,6,3
2017-03-11 19:00:00,5,2,3
2017-03-11 20:00:00,4,3,1
2017-03-11 21:00:00,1,1,0
2017-03-11 22:00:00,1,1,0
2017-03-11 23:00:00,0,0,0
2017-03-12 00:00:00,1,1,0
2017-03-12 01:00:00,1,0,1
2017-03-12 02:00:00,0,0,0
2017-03-12 03:00:00,0,0,0
2017-03-12 04:00:00,2,0,2
2017-03-12 05:00:00,5,1,4
2017-03-12 06:00:00,2,0,2
2017-03-12 07:00:00,3,1,2
2017-03-12 08:00:00,10,2,8
2017-03-12 09:00:00,10,9,1
2017-03-12 10:00:00,21,10,11
2017-03-12 11:00:00,19,11,8
2017-03-12 12:00:00,14,5,9
2017-03-12 13:00:00,19,6,13
2017-03-12 14:00:00,10,5,5
2017-03-12 15:00:00,23,17,6
2017-03-12 16:00:00,12,6,6
2017-03-12 17:00:00,15,9,6
2017-03-12 18:00:00,18,6,12
2017-03-12 19:00:00,3,2,1
2017-03-12 20:00:00,1,1,0
2017-03-12 21:00:00,3,3,0
2017-03-12 22:00:00,3,2,1
2017-03-12 23:00:00,2,2,0
2017-03-13 00:00:00,1,1,0
2017-03-13 01:00:00,2,0,2
2017-03-13 02:00:00,2,0,2
2017-03-13 03:00:00,0,0,0
2017-03-13 04:00:00,7,1,6
2017-03-13 05:00:00,8,2,6
2017-03-13 06:00:00,25,6,19
2017-03-13 07:00:00,56,10,46
2017-03-13 08:00:00,79,10,69
2017-03-13 09:00:00,34,2,32
2017-03-13 10:00:00,8,2,6
2017-03-13 11:00:00,3,0,3
2017-03-13 12:00:00,9,5,4
2017-03-13 13:00:00,7,4,3
2017-03-13 14:00:00,6,5,1
2017-03-13 15:00:00,19,12,7
2017-03-13 16:00:00,38,32,6
2017-03-13 17:00:00,78,70,8
2017-03-13 18:00:00,52,48,4
2017-03-13 19:00:00,21,19,2
2017-03-13 20:00:00,7,4,3
2017-03-13 21:00:00,1,1,0
2017-03-13 22:00:00,1,1,0
2017-03-13 23:00:00,0,0,0
2017-03-14 00:00:00,0,0,0
2017-03-14 01:00:00,2,1,1
2017-03-14 02:00:00,2,1,1
2017-03-14 03:00:00,1,1,0
2017-03-14 04:00:00,2,0,2
2017-03-14 05:00:00,10,1,9
2017-03-14 06:00:00,33,8,25
2017-03-14 07:00:00,68,7,61
2017-03-14 08:00:00,86,5,81
2017-03-14 09:00:00,46,4,42
2017-03-14 10:00:00,8,1,7
2017-03-14 11:00:00,10,4,6
2017-03-14 12:00:00,11,8,3
2017-03-14 13:00:00,8,2,6
2017-03-14 14:00:00,9,4,5
2017-03-14 15:00:00,25,17,8
2017-03-14 16:00:00,51,39,12
2017-03-14 17:00:00,95,88,7
2017-03-14 18:00:00,53,48,5
2017-03-14 19:00:00,27,24,3
2017-03-14 20:00:00,11,7,4
2017-03-14 21:00:00,7,5,2
2017-03-14 22:00:00,4,3,1
2017-03-14 23:00:00,1,1,0
2017-03-15 00:00:00,4,1,3
2017-03-15 01:00:00,1,0,1
2017-03-15 02:00:00,2,2,0
2017-03-15 03:00:00,1,1,0
2017-03-15 04:00:00,2,2,0
2017-03-15 05:00:00,11,1,10
2017-03-15 06:00:00,29,5,24
2017-03-15 07:00:00,68,10,58
2017-03-15 08:00:00,62,6,56
2017-03-15 09:00:00,24,4,20
2017-03-15 10:00:00,11,3,8
2017-03-15 11:00:00,6,0,6
2017-03-15 12:00:00,4,2,2
2017-03-15 13:00:00,8,1,7
2017-03-15 14:00:00,12,7,5
2017-03-15 15:00:00,18,15,3
2017-03-15 16:00:00,41,34,7
2017-03-15 17:00:00,62,57,5
2017-03-15 18:00:00,59,54,5
2017-03-15 19:00:00,18,16,2
2017-03-15 20:00:00,11,6,5
2017-03-15 21:00:00,7,7,0
2017-03-15 22:00:00,1,0,1
2017-03-15 23:00:00,2,1,1
2017-03-16 00:00:00,4,3,1
2017-03-16 01:00:00,1,1,0
2017-03-16 02:00:00,3,2,1
2017-03-16 03:00:00,4,2,2
2017-03-16 04:00:00,1,0,1
2017-03-16 05:00:00,21,5,16
2017-03-16 06:00:00,42,9,33
2017-03-16 07:00:00,90,9,81
2017-03-16 08:00:00,93,7,86
2017-03-16 09:00:00,43,4,39
2017-03-16 10:00:00,15,5,10
2017-03-16 11:00:00,15,7,8
2017-03-16 12:00:00,18,6,12
2017-03-16 13:00:00,22,9,13
2017-03-16 14:00:00,29,20,9
2017-03-16 15:00:00,30,18,12
2017-03-16 16:00:00,77,63,14
2017-03-16 17:00:00,123,101,22
2017-03-16 18:00:00,69,61,8
2017-03-16 19:00:00,28,21,7
2017-03-16 20:00:00,14,10,4
2017-03-16 21:00:00,17,11,6
2017-03-16 22:00:00,1,0,1
2017-03-16 23:00:00,4,1,3
2017-03-17 00:00:00,1,1,0
2017-03-17 01:00:00,0,0,0
2017-03-17 02:00:00,3,3,0
2017-03-17 03:00:00,2,1,1
2017-03-17 04:00:00,1,0,1
2017-03-17 05:00:00,7,3,4
2017-03-17 06:00:00,36,4,32
2017-03-17 07:00:00,58,5,53
2017-03-17 08:00:00,88,5,83
2017-03-17 09:00:00,32,4,28
2017-03-17 10:00:00,12,1,11
2017-03-17 11:00:00,16,6,10
2017-03-17 12:00:00,11,7,4
2017-03-17 13:00:00,4,3,1
2017-03-17 14:00:00,11,7,4
2017-03-17 15:00:00,12,12,0
2017-03-17 16:00:00,51,45,6
2017-03-17 17:00:00,58,55,3
2017-03-17 18:00:00,33,31,2
2017-03-17 19:00:00,8,6,2
2017-03-17 20:00:00,3,2,1
2017-03-17 21:00:00,4,4,0
2017-03-17 22:00:00,0,0,0
2017-03-17 23:00:00,2,0,2
2017-03-18 00:00:00,1,0,1
2017-03-18 01:00:00,0,0,0
2017-03-18 02:00:00,0,0,0
2017-03-18 03:00:00,2,1,1
2017-03-18 04:00:00,1,0,1
2017-03-18 05:00:00,1,0,1
2017-03-18 06:00:00,1,0,1
2017-03-18 07:00:00,2,1,1
2017-03-18 08:00:00,1,0,1
2017-03-18 09:00:00,2,1,1
2017-03-18 10:00:00,3,2,1
2017-03-18 11:00:00,2,0,2
2017-03-18 12:00:00,2,1,1
2017-03-18 13:00:00,9,4,5
2017-03-18 14:00:00,17,8,9
2017-03-18 15:00:00,11,1,10
2017-03-18 16:00:00,20,12,8
2017-03-18 17:00:00,15,9,6
2017-03-18 18:00:00,10,7,3
2017-03-18 19:00:00,3,0,3
2017-03-18 20:00:00,5,3,2
2017-03-18 21:00:00,2,1,1
2017-03-18 22:00:00,6,3,3
2017-03-18 23:00:00,3,1,2
2017-03-19 00:00:00,1,1,0
2017-03-19 01:00:00,1,0,1
2017-03-19 02:00:00,0,0,0
2017-03-19 03:00:00,3,2,1
2017-03-19 04:00:00,2,2,0
2017-03-19 05:00:00,4,0,4
2017-03-19 06:00:00,2,0,2
2017-03-19 07:00:00,2,0,2
2017-03-19 08:00:00,25,9,16
2017-03-19 09:00:00,29,13,16
2017-03-19 10:00:00,36,19,17
2017-03-19 11:00:00,63,35,28
2017-03-19 12:00:00,91,43,48
2017-03-19 13:00:00,90,48,42
2017-03-19 14:00:00,87,41,46
2017-03-19 15:00:00,69,40,29
2017-03-19 16:00:00,67,36,31
2017-03-19 17:00:00,57,25,32
2017-03-19 18:00:00,32,16,16
2017-03-19 19:00:00,10,4,6
2017-03-19 20:00:00,6,3,3
2017-03-19 21:00:00,5,5,0
2017-03-19 22:00:00,1,0,1
2017-03-19 23:00:00,0,0,0
2017-03-20 00:00:00,5,1,4
2017-03-20 01:00:00,2,2,0
2017-03-20 02:00:00,4,2,2
2017-03-20 03:00:00,2,1,1
2017-03-20 04:00:00,5,2,3
2017-03-20 05:00:00,14,3,11
2017-03-20 06:00:00,30,8,22
2017-03-20 07:00:00,131,7,124
2017-03-20 08:00:00,122,8,114
2017-03-20 09:00:00,52,10,42
2017-03-20 10:00:00,26,8,18
2017-03-20 11:00:00,16,4,12
2017-03-20 12:00:00,22,7,15
2017-03-20 13:00:00,17,9,8
2017-03-20 14:00:00,28,14,14
2017-03-20 15:00:00,30,22,8
2017-03-20 16:00:00,81,73,8
2017-03-20 17:00:00,122,114,8
2017-03-20 18:00:00,85,74,11
2017-03-20 19:00:00,27,20,7
2017-03-20 20:00:00,12,10,2
2017-03-20 21:00:00,10,10,0
2017-03-20 22:00:00,5,3,2
2017-03-20 23:00:00,5,2,3
2017-03-21 00:00:00,1,1,0
2017-03-21 01:00:00,0,0,0
2017-03-21 02:00:00,1,0,1
2017-03-21 03:00:00,2,1,1
2017-03-21 04:00:00,3,1,2
2017-03-21 05:00:00,11,2,9
2017-03-21 06:00:00,32,8,24
2017-03-21 07:00:00,77,10,67
2017-03-21 08:00:00,86,8,78
2017-03-21 09:00:00,31,3,28
2017-03-21 10:00:00,18,2,16
2017-03-21 11:00:00,9,5,4
2017-03-21 12:00:00,12,6,6
2017-03-21 13:00:00,12,6,6
2017-03-21 14:00:00,13,8,5
2017-03-21 15:00:00,19,12,7
2017-03-21 16:00:00,46,39,7
2017-03-21 17:00:00,106,87,19
2017-03-21 18:00:00,56,51,5
2017-03-21 19:00:00,27,25,2
2017-03-21 20:00:00,9,8,1
2017-03-21 21:00:00,10,5,5
2017-03-21 22:00:00,1,1,0
2017-03-21 23:00:00,1,1,0
2017-03-22 00:00:00,3,2,1
2017-03-22 01:00:00,0,0,0
2017-03-22 02:00:00,1,1,0
2017-03-22 03:00:00,2,1,1
2017-03-22 04:00:00,3,2,1
2017-03-22 05:00:00,10,3,7
2017-03-22 06:00:00,41,8,33
2017-03-22 07:00:00,101,7,94
2017-03-22 08:00:00,96,12,84
2017-03-22 09:00:00,39,6,33
2017-03-22 10:00:00,18,2,16
2017-03-22 11:00:00,18,7,11
2017-03-22 12:00:00,7,5,2
2017-03-22 13:00:00,11,4,7
2017-03-22 14:00:00,27,17,10
2017-03-22 15:00:00,27,20,7
2017-03-22 16:00:00,58,45,13
2017-03-22 17:00:00,101,94,7
2017-03-22 18:00:00,76,69,7
2017-03-22 19:00:00,28,21,7
2017-03-22 20:00:00,18,13,5
2017-03-22 21:00:00,10,9,1
2017-03-22 22:00:00,3,2,1
2017-03-22 23:00:00,1,1,0
2017-03-23 00:00:00,3,1,2
2017-03-23 01:00:00,0,0,0
2017-03-23 02:00:00,1,1,0
2017-03-23 03:00:00,5,2,3
2017-03-23 04:00:00,0,0,0
2017-03-23 05:00:00,22,6,16
2017-03-23 06:00:00,50,7,43
2017-03-23 07:00:00,103,8,95
2017-03-23 08:00:00,105,14,91
2017-03-23 09:00:00,40,5,35
2017-03-23 10:00:00,21,7,14
2017-03-23 11:00:00,22,8,14
2017-03-23 12:00:00,22,14,8
2017-03-23 13:00:00,28,9,19
2017-03-23 14:00:00,20,10,10
2017-03-23 15:00:00,35,25,10
2017-03-23 16:00:00,85,63,22
2017-03-23 17:00:00,133,116,17
2017-03-23 18:00:00,66,57,9
2017-03-23 19:00:00,19,16,3
2017-03-23 20:00:00,11,8,3
2017-03-23 21:00:00,7,5,2
2017-03-23 22:00:00,6,3,3
2017-03-23 23:00:00,1,0,1
2017-03-24 00:00:00,1,0,1
2017-03-24 01:00:00,0,0,0
2017-03-24 02:00:00,1,1,0
2017-03-24 03:00:00,3,1,2
2017-03-24 04:00:00,1,1,0
2017-03-24 05:00:00,10,2,8
2017-03-24 06:00:00,26,6,20
2017-03-24 07:00:00,50,7,43
2017-03-24 08:00:00,53,4,49
2017-03-24 09:00:00,28,3,25
2017-03-24 10:00:00,6,2,4
2017-03-24 11:00:00,8,2,6
2017-03-24 12:00:00,5,3,2
2017-03-24 13:00:00,10,5,5
2017-03-24 14:00:00,9,6,3
2017-03-24 15:00:00,23,16,7
2017-03-24 16:00:00,38,33,5
2017-03-24 17:00:00,59,51,8
2017-03-24 18:00:00,41,31,10
2017-03-24 19:00:00,12,11,1
2017-03-24 20:00:00,6,2,4
2017-03-24 21:00:00,4,2,2
2017-03-24 22:00:00,2,2,0
2017-03-24 23:00:00,5,3,2
2017-03-25 00:00:00,0,0,0
2017-03-25 01:00:00,1,1,0
2017-03-25 02:00:00,1,1,0
2017-03-25 03:00:00,1,0,1
2017-03-25 04:00:00,2,1,1
2017-03-25 05:00:00,4,1,3
2017-03-25 06:00:00,5,1,4
2017-03-25 07:00:00,10,3,7
2017-03-25 08:00:00,15,9,6
2017-03-25 09:00:00,28,16,12
2017-03-25 10:00:00,38,19,19
2017-03-25 11:00:00,40,23,17
2017-03-25 12:00:00,66,32,34
2017-03-25 13:00:00,55,22,33
2017-03-25 14:00:00,45,24,21
2017-03-25 15:00:00,66,36,30
2017-03-25 16:00:00,39,23,16
2017-03-25 17:00:00,33,17,16
2017-03-25 18:00:00,22,11,11
2017-03-25 19:00:00,13,10,3
2017-03-25 20:00:00,6,4,2
2017-03-25 21:00:00,3,2,1
2017-03-25 22:00:00,3,1,2
2017-03-25 23:00:00,2,0,2
2017-03-26 00:00:00,0,0,0
2017-03-26 01:00:00,3,1,2
2017-03-26 02:00:00,3,2,1
2017-03-26 03:00:00,3,2,1
2017-03-26 04:00:00,1,1,0
2017-03-26 05:00:00,4,0,4
2017-03-26 06:00:00,2,0,2
2017-03-26 07:00:00,3,0,3
2017-03-26 08:00:00,8,2,6
2017-03-26 09:00:00,8,3,5
2017-03-26 10:00:00,8,6,2
2017-03-26 11:00:00,6,2,4
2017-03-26 12:00:00,5,3,2
2017-03-26 13:00:00,10,4,6
2017-03-26 14:00:00,10,9,1
2017-03-26 15:00:00,12,4,8
2017-03-26 16:00:00,8,4,4
2017-03-26 17:00:00,7,5,2
2017-03-26 18:00:00,5,3,2
2017-03-26 19:00:00,3,2,1
2017-03-26 20:00:00,2,2,0
2017-03-26 21:00:00,3,1,2
2017-03-26 22:00:00,2,1,1
2017-03-26 23:00:00,2,1,1
2017-03-27 00:00:00,2,1,1
2017-03-27 01:00:00,0,0,0
2017-03-27 02:00:00,0,0,0
2017-03-27 03:00:00,0,0,0
2017-03-27 04:00:00,7,0,7
2017-03-27 05:00:00,15,2,13
2017-03-27 06:00:00,38,6,32
2017-03-27 07:00:00,93,8,85
2017-03-27 08:00:00,110,8,102
2017-03-27 09:00:00,38,5,33
2017-03-27 10:00:00,8,2,6
2017-03-27 11:00:00,7,1,6
2017-03-27 12:00:00,11,5,6
2017-03-27 13:00:00,18,7,11
2017-03-27 14:00:00,6,2,4
2017-03-27 15:00:00,30,26,4
2017-03-27 16:00:00,57,50,7
2017-03-27 17:00:00,97,83,14
2017-03-27 18:00:00,81,72,9
2017-03-27 19:00:00,23,20,3
2017-03-27 20:00:00,6,4,2
2017-03-27 21:00:00,3,3,0
2017-03-27 22:00:00,1,1,0
2017-03-27 23:00:00,0,0,0
2017-03-28 00:00:00,1,1,0
2017-03-28 01:00:00,0,0,0
2017-03-28 02:00:00,1,0,1
2017-03-28 03:00:00,2,1,1
2017-03-28 04:00:00,2,0,2
2017-03-28 05:00:00,20,3,17
2017-03-28 06:00:00,42,10,32
2017-03-28 07:00:00,88,9,79
2017-03-28 08:00:00,81,8,73
2017-03-28 09:00:00,33,4,29
2017-03-28 10:00:00,9,2,7
2017-03-28 11:00:00,9,2,7
2017-03-28 12:00:00,7,5,2
2017-03-28 13:00:00,4,2,2
2017-03-28 14:00:00,15,12,3
2017-03-28 15:00:00,22,12,10
2017-03-28 16:00:00,50,44,6
2017-03-28 17:00:00,94,83,11
2017-03-28 18:00:00,67,58,9
2017-03-28 19:00:00,33,23,10
2017-03-28 20:00:00,10,9,1
2017-03-28 21:00:00,4,3,1
2017-03-28 22:00:00,3,3,0
2017-03-28 23:00:00,3,2,1
2017-03-29 00:00:00,3,0,3
2017-03-29 01:00:00,3,3,0
2017-03-29 02:00:00,0,0,0
2017-03-29 03:00:00,4,3,1
2017-03-29 04:00:00,3,2,1
2017-03-29 05:00:00,7,1,6
2017-03-29 06:00:00,32,5,27
2017-03-29 07:00:00,73,6,67
2017-03-29 08:00:00,83,7,76
2017-03-29 09:00:00,29,2,27
2017-03-29 10:00:00,11,0,11
2017-03-29 11:00:00,12,4,8
2017-03-29 12:00:00,6,4,2
2017-03-29 13:00:00,6,1,5
2017-03-29 14:00:00,8,6,2
2017-03-29 15:00:00,27,21,6
2017-03-29 16:00:00,45,36,9
2017-03-29 17:00:00,73,62,11
2017-03-29 18:00:00,65,57,8
2017-03-29 19:00:00,36,33,3
2017-03-29 20:00:00,13,12,1
2017-03-29 21:00:00,5,5,0
2017-03-29 22:00:00,7,4,3
2017-03-29 23:00:00,4,1,3
2017-03-30 00:00:00,1,0,1
2017-03-30 01:00:00,4,2,2
2017-03-30 02:00:00,1,1,0
2017-03-30 03:00:00,0,0,0
2017-03-30 04:00:00,2,0,2
2017-03-30 05:00:00,16,3,13
2017-03-30 06:00:00,56,8,48
2017-03-30 07:00:00,96,10,86
2017-03-30 08:00:00,111,13,98
2017-03-30 09:00:00,55,7,48
2017-03-30 10:00:00,28,11,17
2017-03-30 11:00:00,18,6,12
2017-03-30 12:00:00,21,11,10
2017-03-30 13:00:00,21,9,12
2017-03-30 14:00:00,29,10,19
2017-03-30 15:00:00,37,23,14
2017-03-30 16:00:00,73,62,11
2017-03-30 17:00:00,120,103,17
2017-03-30 18:00:00,82,74,8
2017-03-30 19:00:00,34,25,9
2017-03-30 20:00:00,9,9,0
2017-03-30 21:00:00,10,6,4
2017-03-30 22:00:00,3,0,3
2017-03-30 23:00:00,2,2,0
2017-03-31 00:00:00,6,3,3
2017-03-31 01:00:00,5,2,3
2017-03-31 02:00:00,5,2,3
2017-03-31 03:00:00,0,0,0
2017-03-31 04:00:00,3,2,1
2017-03-31 05:00:00,15,6,9
2017-03-31 06:00:00,44,8,36
2017-03-31 07:00:00,107,14,93
2017-03-31 08:00:00,105,18,87
2017-03-31 09:00:00,52,9,43
2017-03-31 10:00:00,19,8,11
2017-03-31 11:00:00,19,4,15
2017-03-31 12:00:00,17,5,12
2017-03-31 13:00:00,30,12,18
2017-03-31 14:00:00,19,15,4
2017-03-31 15:00:00,51,39,12
2017-03-31 16:00:00,84,67,17
2017-03-31 17:00:00,111,88,23
2017-03-31 18:00:00,72,62,10
2017-03-31 19:00:00,22,15,7
2017-03-31 20:00:00,6,4,2
2017-03-31 21:00:00,16,11,5
2017-03-31 22:00:00,9,7,2
2017-03-31 23:00:00,4,1,3
2017-04-01 00:00:00,3,3,0
2017-04-01 01:00:00,3,1,2
2017-04-01 02:00:00,7,5,2
2017-04-01 03:00:00,1,0,1
2017-04-01 04:00:00,1,1,0
2017-04-01 05:00:00,4,1,3
2017-04-01 06:00:00,6,1,5
2017-04-01 07:00:00,3,0,3
2017-04-01 08:00:00,6,4,2
2017-04-01 09:00:00,14,8,6
2017-04-01 10:00:00,14,3,11
2017-04-01 11:00:00,11,7,4
2017-04-01 12:00:00,27,18,9
2017-04-01 13:00:00,24,12,12
2017-04-01 14:00:00,25,11,14
2017-04-01 15:00:00,19,10,9
2017-04-01 16:00:00,35,22,13
2017-04-01 17:00:00,20,12,8
2017-04-01 18:00:00,11,8,3
2017-04-01 19:00:00,11,4,7
2017-04-01 20:00:00,5,3,2
2017-04-01 21:00:00,2,0,2
2017-04-01 22:00:00,2,2,0
2017-04-01 23:00:00,2,2,0
2017-04-02 00:00:00,1,1,0
2017-04-02 01:00:00,1,1,0
2017-04-02 02:00:00,1,1,0
2017-04-02 03:00:00,0,0,0
2017-04-02 04:00:00,1,1,0
2017-04-02 05:00:00,4,1,3
2017-04-02 06:00:00,4,2,2
2017-04-02 07:00:00,7,3,4
2017-04-02 08:00:00,19,5,14
2017-04-02 09:00:00,25,4,21
2017-04-02 10:00:00,37,18,19
2017-04-02 11:00:00,46,28,18
2017-04-02 12:00:00,49,30,19
2017-04-02 13:00:00,52,28,24
2017-04-02 14:00:00,48,26,22
2017-04-02 15:00:00,31,18,13
2017-04-02 16:00:00,40,14,26
2017-04-02 17:00:00,11,8,3
2017-04-02 18:00:00,19,10,9
2017-04-02 19:00:00,6,5,1
2017-04-02 20:00:00,4,1,3
2017-04-02 21:00:00,2,2,0
2017-04-02 22:00:00,3,2,1
2017-04-02 23:00:00,2,1,1
2017-04-03 00:00:00,0,0,0
2017-04-03 01:00:00,0,0,0
2017-04-03 02:00:00,2,2,0
2017-04-03 03:00:00,1,1,0
2017-04-03 04:00:00,4,1,3
2017-04-03 05:00:00,22,6,16
2017-04-03 06:00:00,60,11,49
2017-04-03 07:00:00,130,13,117
2017-04-03 08:00:00,131,14,117
2017-04-03 09:00:00,43,9,34
2017-04-03 10:00:00,22,6,16
2017-04-03 11:00:00,24,8,16
2017-04-03 12:00:00,22,9,13
2017-04-03 13:00:00,35,19,16
2017-04-03 14:00:00,32,20,12
2017-04-03 15:00:00,53,41,12
2017-04-03 16:00:00,100,67,33
2017-04-03 17:00:00,146,124,22
2017-04-03 18:00:00,88,76,12
2017-04-03 19:00:00,43,35,8
2017-04-03 20:00:00,23,11,12
2017-04-03 21:00:00,6,6,0
2017-04-03 22:00:00,4,3,1
2017-04-03 23:00:00,3,2,1
2017-04-04 00:00:00,0,0,0
2017-04-04 01:00:00,1,0,1
2017-04-04 02:00:00,1,1,0
2017-04-04 03:00:00,2,2,0
2017-04-04 04:00:00,7,3,4
2017-04-04 05:00:00,21,9,12
2017-04-04 06:00:00,59,9,50
2017-04-04 07:00:00,135,9,126
2017-04-04 08:00:00,140,17,123
2017-04-04 09:00:00,41,8,33
2017-04-04 10:00:00,18,6,12
2017-04-04 11:00:00,17,2,15
2017-04-04 12:00:00,28,12,16
2017-04-04 13:00:00,19,5,14
2017-04-04 14:00:00,31,23,8
2017-04-04 15:00:00,42,33,9
2017-04-04 16:00:00,90,76,14
2017-04-04 17:00:00,166,142,24
2017-04-04 18:00:00,87,72,15
2017-04-04 19:00:00,23,20,3
2017-04-04 20:00:00,12,12,0
2017-04-04 21:00:00,8,6,2
2017-04-04 22:00:00,4,3,1
2017-04-04 23:00:00,5,5,0
2017-04-05 00:00:00,3,2,1
2017-04-05 01:00:00,0,0,0
2017-04-05 02:00:00,0,0,0
2017-04-05 03:00:00,1,1,0
2017-04-05 04:00:00,4,1,3
2017-04-05 05:00:00,14,3,11
2017-04-05 06:00:00,32,4,28
2017-04-05 07:00:00,63,9,54
2017-04-05 08:00:00,70,9,61
2017-04-05 09:00:00,14,0,14
2017-04-05 10:00:00,7,2,5
2017-04-05 11:00:00,7,0,7
2017-04-05 12:00:00,6,2,4
2017-04-05 13:00:00,4,2,2
2017-04-05 14:00:00,9,3,6
2017-04-05 15:00:00,13,11,2
2017-04-05 16:00:00,48,38,10
2017-04-05 17:00:00,77,70,7
2017-04-05 18:00:00,51,46,5
2017-04-05 19:00:00,19,17,2
2017-04-05 20:00:00,10,9,1
2017-04-05 21:00:00,7,7,0
2017-04-05 22:00:00,4,4,0
2017-04-05 23:00:00,4,3,1
2017-04-06 00:00:00,1,0,1
2017-04-06 01:00:00,3,2,1
2017-04-06 02:00:00,0,0,0
2017-04-06 03:00:00,1,0,1
2017-04-06 04:00:00,1,0,1
2017-04-06 05:00:00,16,6,10
2017-04-06 06:00:00,32,6,26
2017-04-06 07:00:00,77,6,71
2017-04-06 08:00:00,76,9,67
2017-04-06 09:00:00,22,1,21
2017-04-06 10:00:00,8,2,6
2017-04-06 11:00:00,5,3,2
2017-04-06 12:00:00,8,2,6
2017-04-06 13:00:00,14,8,6
2017-04-06 14:00:00,15,6,9
2017-04-06 15:00:00,32,20,12
2017-04-06 16:00:00,69,58,11
2017-04-06 17:00:00,113,83,30
2017-04-06 18:00:00,72,64,8
2017-04-06 19:00:00,29,17,12
2017-04-06 20:00:00,51,47,4
2017-04-06 21:00:00,19,7,12
2017-04-06 22:00:00,18,7,11
2017-04-06 23:00:00,2,0,2
2017-04-07 00:00:00,5,2,3
2017-04-07 01:00:00,0,0,0
2017-04-07 02:00:00,0,0,0
2017-04-07 03:00:00,0,0,0
2017-04-07 04:00:00,0,0,0
2017-04-07 05:00:00,7,3,4
2017-04-07 06:00:00,27,3,24
2017-04-07 07:00:00,73,11,62
2017-04-07 08:00:00,64,5,59
2017-04-07 09:00:00,21,3,18
2017-04-07 10:00:00,10,3,7
2017-04-07 11:00:00,11,0,11
2017-04-07 12:00:00,5,5,0
2017-04-07 13:00:00,9,6,3
2017-04-07 14:00:00,17,10,7
2017-04-07 15:00:00,16,10,6
2017-04-07 16:00:00,41,34,7
2017-04-07 17:00:00,54,43,11
2017-04-07 18:00:00,31,26,5
2017-04-07 19:00:00,12,5,7
2017-04-07 20:00:00,7,7,0
2017-04-07 21:00:00,3,1,2
2017-04-07 22:00:00,2,0,2
2017-04-07 23:00:00,3,3,0
2017-04-08 00:00:00,2,2,0
2017-04-08 01:00:00,4,3,1
2017-04-08 02:00:00,1,1,0
2017-04-08 03:00:00,0,0,0
2017-04-08 04:00:00,1,1,0
2017-04-08 05:00:00,3,0,3
2017-04-08 06:00:00,3,0,3
2017-04-08 07:00:00,8,3,5
2017-04-08 08:00:00,17,3,14
2017-04-08 09:00:00,21,12,9
2017-04-08 10:00:00,34,16,18
2017-04-08 11:00:00,23,10,13
2017-04-08 12:00:00,20,10,10
2017-04-08 13:00:00,23,14,9
2017-04-08 14:00:00,16,7,9
2017-04-08 15:00:00,19,8,11
2017-04-08 16:00:00,24,17,7
2017-04-08 17:00:00,11,6,5
2017-04-08 18:00:00,12,8,4
2017-04-08 19:00:00,5,2,3
2017-04-08 20:00:00,9,5,4
2017-04-08 21:00:00,4,4,0
2017-04-08 22:00:00,2,1,1
2017-04-08 23:00:00,0,0,0
2017-04-09 00:00:00,3,1,2
2017-04-09 01:00:00,3,2,1
2017-04-09 02:00:00,1,1,0
2017-04-09 03:00:00,0,0,0
2017-04-09 04:00:00,1,1,0
2017-04-09 05:00:00,3,1,2
2017-04-09 06:00:00,4,0,4
2017-04-09 07:00:00,5,2,3
2017-04-09 08:00:00,30,13,17
2017-04-09 09:00:00,31,11,20
2017-04-09 10:00:00,59,32,27
2017-04-09 11:00:00,65,45,20
2017-04-09 12:00:00,65,28,37
2017-04-09 13:00:00,82,60,22
2017-04-09 14:00:00,53,26,27
2017-04-09 15:00:00,81,38,43
2017-04-09 16:00:00,61,22,39
2017-04-09 17:00:00,37,17,20
2017-04-09 18:00:00,26,14,12
2017-04-09 19:00:00,16,7,9
2017-04-09 20:00:00,7,3,4
2017-04-09 21:00:00,4,3,1
2017-04-09 22:00:00,3,1,2
2017-04-09 23:00:00,5,4,1
2017-04-10 00:00:00,0,0,0
2017-04-10 01:00:00,0,0,0
2017-04-10 02:00:00,0,0,0
2017-04-10 03:00:00,2,2,0
2017-04-10 04:00:00,3,0,3
2017-04-10 05:00:00,12,3,9
2017-04-10 06:00:00,35,8,27
2017-04-10 07:00:00,85,8,77
2017-04-10 08:00:00,100,7,93
2017-04-10 09:00:00,42,8,34
2017-04-10 10:00:00,21,7,14
2017-04-10 11:00:00,17,6,11
2017-04-10 12:00:00,10,5,5
2017-04-10 13:00:00,9,4,5
2017-04-10 14:00:00,14,8,6
2017-04-10 15:00:00,28,17,11
2017-04-10 16:00:00,47,41,6
2017-04-10 17:00:00,106,96,10
2017-04-10 18:00:00,62,57,5
2017-04-10 19:00:00,24,19,5
2017-04-10 20:00:00,12,7,5
2017-04-10 21:00:00,3,2,1
2017-04-10 22:00:00,0,0,0
2017-04-10 23:00:00,0,0,0
2017-04-11 00:00:00,0,0,0
2017-04-11 01:00:00,2,2,0
2017-04-11 02:00:00,1,1,0
2017-04-11 03:00:00,2,2,0
2017-04-11 04:00:00,6,1,5
2017-04-11 05:00:00,21,3,18
2017-04-11 06:00:00,58,7,51
2017-04-11 07:00:00,133,9,124
2017-04-11 08:00:00,120,11,109
2017-04-11 09:00:00,69,16,53
2017-04-11 10:00:00,25,11,14
2017-04-11 11:00:00,18,9,9
2017-04-11 12:00:00,20,8,12
2017-04-11 13:00:00,35,18,17
2017-04-11 14:00:00,28,15,13
2017-04-11 15:00:00,45,32,13
2017-04-11 16:00:00,78,60,18
2017-04-11 17:00:00,152,137,15
2017-04-11 18:00:00,107,93,14
2017-04-11 19:00:00,39,25,14
2017-04-11 20:00:00,19,18,1
2017-04-11 21:00:00,10,8,2
2017-04-11 22:00:00,6,3,3
2017-04-11 23:00:00,5,4,1
2017-04-12 00:00:00,2,1,1
2017-04-12 01:00:00,1,0,1
2017-04-12 02:00:00,0,0,0
2017-04-12 03:00:00,1,1,0
2017-04-12 04:00:00,3,0,3
2017-04-12 05:00:00,12,4,8
2017-04-12 06:00:00,20,4,16
2017-04-12 07:00:00,66,6,60
2017-04-12 08:00:00,57,1,56
2017-04-12 09:00:00,25,5,20
2017-04-12 10:00:00,6,1,5
2017-04-12 11:00:00,4,1,3
2017-04-12 12:00:00,5,1,4
2017-04-12 13:00:00,7,1,6
2017-04-12 14:00:00,15,11,4
2017-04-12 15:00:00,15,12,3
2017-04-12 16:00:00,33,25,8
2017-04-12 17:00:00,94,77,17
2017-04-12 18:00:00,64,55,9
2017-04-12 19:00:00,19,15,4
2017-04-12 20:00:00,12,8,4
2017-04-12 21:00:00,5,5,0
2017-04-12 22:00:00,3,2,1
2017-04-12 23:00:00,1,1,0
2017-04-13 00:00:00,2,2,0
2017-04-13 01:00:00,1,0,1
2017-04-13 02:00:00,1,1,0
2017-04-13 03:00:00,1,1,0
2017-04-13 04:00:00,3,0,3
2017-04-13 05:00:00,18,5,13
2017-04-13 06:00:00,35,7,28
2017-04-13 07:00:00,99,11,88
2017-04-13 08:00:00,97,7,90
2017-04-13 09:00:00,40,4,36
2017-04-13 10:00:00,15,3,12
2017-04-13 11:00:00,10,3,7
2017-04-13 12:00:00,12,7,5
2017-04-13 13:00:00,15,5,10
2017-04-13 14:00:00,16,9,7
2017-04-13 15:00:00,32,26,6
2017-04-13 16:00:00,44,37,7
2017-04-13 17:00:00,105,96,9
2017-04-13 18:00:00,63,57,6
2017-04-13 19:00:00,27,22,5
2017-04-13 20:00:00,14,13,1
2017-04-13 21:00:00,13,8,5
2017-04-13 22:00:00,5,3,2
2017-04-13 23:00:00,3,1,2
2017-04-14 00:00:00,1,1,0
2017-04-14 01:00:00,0,0,0
2017-04-14 02:00:00,0,0,0
2017-04-14 03:00:00,0,0,0
2017-04-14 04:00:00,2,0,2
2017-04-14 05:00:00,11,2,9
2017-04-14 06:00:00,28,5,23
2017-04-14 07:00:00,76,8,68
2017-04-14 08:00:00,63,7,56
2017-04-14 09:00:00,24,1,23
2017-04-14 10:00:00,9,2,7
2017-04-14 11:00:00,13,6,7
2017-04-14 12:00:00,20,6,14
2017-04-14 13:00:00,13,8,5
2017-04-14 14:00:00,14,12,2
2017-04-14 15:00:00,34,19,15
2017-04-14 16:00:00,49,36,13
2017-04-14 17:00:00,76,64,12
2017-04-14 18:00:00,32,28,4
2017-04-14 19:00:00,24,14,10
2017-04-14 20:00:00,5,3,2
2017-04-14 21:00:00,5,3,2
2017-04-14 22:00:00,2,1,1
2017-04-14 23:00:00,3,2,1
2017-04-15 00:00:00,3,3,0
2017-04-15 01:00:00,0,0,0
2017-04-15 02:00:00,0,0,0
2017-04-15 03:00:00,0,0,0
2017-04-15 04:00:00,1,1,0
2017-04-15 05:00:00,4,3,1
2017-04-15 06:00:00,5,2,3
2017-04-15 07:00:00,21,7,14
2017-04-15 08:00:00,21,7,14
2017-04-15 09:00:00,48,36,12
2017-04-15 10:00:00,44,15,29
2017-04-15 11:00:00,61,28,33
2017-04-15 12:00:00,45,24,21
2017-04-15 13:00:00,59,23,36
2017-04-15 14:00:00,51,21,30
2017-04-15 15:00:00,36,20,16
2017-04-15 16:00:00,66,35,31
2017-04-15 17:00:00,28,14,14
2017-04-15 18:00:00,30,16,14
2017-04-15 19:00:00,8,3,5
2017-04-15 20:00:00,7,5,2
2017-04-15 21:00:00,12,9,3
2017-04-15 22:00:00,4,3,1
2017-04-15 23:00:00,3,2,1
2017-04-16 00:00:00,3,2,1
2017-04-16 01:00:00,1,0,1
2017-04-16 02:00:00,0,0,0
2017-04-16 03:00:00,0,0,0
2017-04-16 04:00:00,2,1,1
2017-04-16 05:00:00,3,2,1
2017-04-16 06:00:00,10,3,7
2017-04-16 07:00:00,7,2,5
2017-04-16 08:00:00,25,8,17
2017-04-16 09:00:00,40,12,28
2017-04-16 10:00:00,35,19,16
2017-04-16 11:00:00,58,34,24
2017-04-16 12:00:00,43,23,20
2017-04-16 13:00:00,64,26,38
2017-04-16 14:00:00,57,36,21
2017-04-16 15:00:00,50,23,27
2017-04-16 16:00:00,46,29,17
2017-04-16 17:00:00,41,23,18
2017-04-16 18:00:00,19,6,13
2017-04-16 19:00:00,10,4,6
2017-04-16 20:00:00,14,5,9
2017-04-16 21:00:00,1,1,0
2017-04-16 22:00:00,3,0,3
2017-04-16 23:00:00,4,3,1
2017-04-17 00:00:00,2,1,1
2017-04-17 01:00:00,4,1,3
2017-04-17 02:00:00,1,1,0
2017-04-17 03:00:00,1,1,0
2017-04-17 04:00:00,7,1,6
2017-04-17 05:00:00,18,4,14
2017-04-17 06:00:00,48,9,39
2017-04-17 07:00:00,111,12,99
2017-04-17 08:00:00,98,8,90
2017-04-17 09:00:00,49,12,37
2017-04-17 10:00:00,29,8,21
2017-04-17 11:00:00,17,9,8
2017-04-17 12:00:00,19,9,10
2017-04-17 13:00:00,20,6,14
2017-04-17 14:00:00,22,9,13
2017-04-17 15:00:00,31,20,11
2017-04-17 16:00:00,56,51,5
2017-04-17 17:00:00,113,102,11
2017-04-17 18:00:00,63,59,4
2017-04-17 19:00:00,19,18,1
2017-04-17 20:00:00,9,7,2
2017-04-17 21:00:00,5,5,0
2017-04-17 22:00:00,5,5,0
2017-04-17 23:00:00,2,0,2
2017-04-18 00:00:00,1,0,1
2017-04-18 01:00:00,1,1,0
2017-04-18 02:00:00,1,1,0
2017-04-18 03:00:00,2,2,0
2017-04-18 04:00:00,5,1,4
2017-04-18 05:00:00,19,3,16
2017-04-18 06:00:00,49,9,40
2017-04-18 07:00:00,97,14,83
2017-04-18 08:00:00,92,6,86
2017-04-18 09:00:00,36,5,31
2017-04-18 10:00:00,10,3,7
2017-04-18 11:00:00,10,2,8
2017-04-18 12:00:00,13,6,7
2017-04-18 13:00:00,13,6,7
2017-04-18 14:00:00,22,16,6
2017-04-18 15:00:00,30,23,7
2017-04-18 16:00:00,68,55,13
2017-04-18 17:00:00,107,94,13
2017-04-18 18:00:00,74,64,10
2017-04-18 19:00:00,41,31,10
2017-04-18 20:00:00,13,11,2
2017-04-18 21:00:00,8,5,3
2017-04-18 22:00:00,8,6,2
2017-04-18 23:00:00,4,4,0
2017-04-19 00:00:00,2,1,1
2017-04-19 01:00:00,1,1,0
2017-04-19 02:00:00,2,1,1
2017-04-19 03:00:00,2,1,1
2017-04-19 04:00:00,9,1,8
2017-04-19 05:00:00,19,5,14
2017-04-19 06:00:00,55,8,47
2017-04-19 07:00:00,114,15,99
2017-04-19 08:00:00,81,5,76
2017-04-19 09:00:00,53,10,43
2017-04-19 10:00:00,17,5,12
2017-04-19 11:00:00,4,1,3
2017-04-19 12:00:00,9,5,4
2017-04-19 13:00:00,7,4,3
2017-04-19 14:00:00,6,3,3
2017-04-19 15:00:00,28,25,3
2017-04-19 16:00:00,76,61,15
2017-04-19 17:00:00,108,96,12
2017-04-19 18:00:00,71,62,9
2017-04-19 19:00:00,39,29,10
2017-04-19 20:00:00,16,11,5
2017-04-19 21:00:00,6,4,2
2017-04-19 22:00:00,2,1,1
2017-04-19 23:00:00,2,2,0
2017-04-20 00:00:00,1,0,1
2017-04-20 01:00:00,0,0,0
2017-04-20 02:00:00,2,2,0
2017-04-20 03:00:00,2,2,0
2017-04-20 04:00:00,2,0,2
2017-04-20 05:00:00,16,3,13
2017-04-20 06:00:00,59,12,47
2017-04-20 07:00:00,108,19,89
2017-04-20 08:00:00,93,9,84
2017-04-20 09:00:00,42,9,33
2017-04-20 10:00:00,17,6,11
2017-04-20 11:00:00,12,3,9
2017-04-20 12:00:00,13,8,5
2017-06-01 18:00:00,102,91,11
2017-06-01 19:00:00,102,87,15
2017-06-01 20:00:00,31,24,7
2017-06-01 21:00:00,12,8,4
2017-06-01 22:00:00,16,10,6
2017-06-01 23:00:00,4,3,1
2017-06-02 00:00:00,3,1,2
2017-06-02 01:00:00,4,3,1
2017-06-02 02:00:00,2,1,1
2017-06-02 03:00:00,0,0,0
2017-06-02 04:00:00,7,1,6
2017-06-02 05:00:00,13,3,10
2017-06-02 06:00:00,72,13,59
2017-06-02 07:00:00,144,15,129
2017-06-02 08:00:00,127,12,115
2017-06-02 09:00:00,62,13,49
2017-06-02 10:00:00,39,9,30
2017-06-02 11:00:00,34,15,19
2017-06-02 12:00:00,20,9,11
2017-06-02 13:00:00,23,15,8
2017-06-02 14:00:00,44,32,12
2017-06-02 15:00:00,70,39,31
2017-06-02 16:00:00,135,116,19
2017-06-02 17:00:00,156,121,35
2017-06-02 18:00:00,108,81,27
2017-06-02 19:00:00,44,23,21
2017-06-02 20:00:00,32,26,6
2017-06-02 21:00:00,12,10,2
2017-06-02 22:00:00,11,7,4
2017-06-02 23:00:00,3,2,1
2017-06-03 00:00:00,10,7,3
2017-06-03 01:00:00,2,0,2
2017-06-03 02:00:00,3,3,0
2017-06-03 03:00:00,0,0,0
2017-06-03 04:00:00,0,0,0
2017-06-03 05:00:00,6,2,4
2017-06-03 06:00:00,14,4,10
2017-06-03 07:00:00,19,7,12
2017-06-03 08:00:00,27,14,13
2017-06-03 09:00:00,41,18,23
2017-06-03 10:00:00,60,29,31
2017-06-03 11:00:00,73,41,32
2017-06-03 12:00:00,56,28,28
2017-06-03 13:00:00,60,33,27
2017-06-03 14:00:00,61,20,41
2017-06-03 15:00:00,50,26,24
2017-06-03 16:00:00,43,25,18
2017-06-03 17:00:00,50,28,22
2017-06-03 18:00:00,35,22,13
2017-06-03 19:00:00,23,10,13
2017-06-03 20:00:00,22,12,10
2017-06-03 21:00:00,7,4,3
2017-06-03 22:00:00,14,10,4
2017-06-03 23:00:00,2,0,2
2017-06-04 00:00:00,4,3,1
2017-06-04 01:00:00,1,0,1
2017-06-04 02:00:00,3,1,2
2017-06-04 03:00:00,0,0,0
2017-06-04 04:00:00,1,1,0
2017-06-04 05:00:00,4,1,3
2017-06-04 06:00:00,13,6,7
2017-06-04 07:00:00,16,5,11
2017-06-04 08:00:00,38,13,25
2017-06-04 09:00:00,85,67,18
2017-06-04 10:00:00,95,45,50
2017-06-04 11:00:00,65,36,29
2017-06-04 12:00:00,70,34,36
2017-06-04 13:00:00,92,35,57
2017-06-04 14:00:00,71,33,38
2017-04-20 13:00:00,20,5,15
2017-04-20 14:00:00,21,15,6
2017-04-20 15:00:00,38,25,13
2017-04-20 16:00:00,67,51,16
2017-04-20 17:00:00,118,101,17
2017-04-20 18:00:00,83,68,15
2017-04-20 19:00:00,65,57,8
2017-04-20 20:00:00,19,14,5
2017-04-20 21:00:00,20,11,9
2017-04-20 22:00:00,13,7,6
2017-04-20 23:00:00,23,5,18
2017-04-21 00:00:00,2,0,2
2017-04-21 01:00:00,2,1,1
2017-04-21 02:00:00,2,2,0
2017-04-21 03:00:00,1,1,0
2017-04-21 04:00:00,1,0,1
2017-04-21 05:00:00,28,9,19
2017-04-21 06:00:00,66,13,53
2017-04-21 07:00:00,143,18,125
2017-04-21 08:00:00,118,21,97
2017-04-21 09:00:00,62,11,51
2017-04-21 10:00:00,38,13,25
2017-04-21 11:00:00,25,10,15
2017-04-21 12:00:00,49,23,26
2017-04-21 13:00:00,32,17,15
2017-04-21 14:00:00,62,38,24
2017-04-21 15:00:00,94,68,26
2017-04-21 16:00:00,160,123,37
2017-04-21 17:00:00,151,119,32
2017-04-21 18:00:00,95,79,16
2017-04-21 19:00:00,32,21,11
2017-04-21 20:00:00,13,7,6
2017-04-21 21:00:00,13,10,3
2017-04-21 22:00:00,1,0,1
2017-04-21 23:00:00,4,3,1
2017-04-22 00:00:00,4,3,1
2017-04-22 01:00:00,4,2,2
2017-04-22 02:00:00,5,3,2
2017-04-22 03:00:00,2,1,1
2017-04-22 04:00:00,4,2,2
2017-04-22 05:00:00,7,2,5
2017-04-22 06:00:00,16,2,14
2017-04-22 07:00:00,26,9,17
2017-04-22 08:00:00,28,23,5
2017-04-22 09:00:00,29,15,14
2017-04-22 10:00:00,43,24,19
2017-04-22 11:00:00,20,4,16
2017-04-22 12:00:00,13,6,7
2017-04-22 13:00:00,21,7,14
2017-04-22 14:00:00,26,11,15
2017-04-22 15:00:00,15,10,5
2017-04-22 16:00:00,18,12,6
2017-04-22 17:00:00,14,9,5
2017-04-22 18:00:00,10,7,3
2017-04-22 19:00:00,2,2,0
2017-04-22 20:00:00,2,1,1
2017-04-22 21:00:00,7,5,2
2017-04-22 22:00:00,5,3,2
2017-04-22 23:00:00,0,0,0
2017-04-23 00:00:00,3,3,0
2017-04-23 01:00:00,3,1,2
2017-04-23 02:00:00,2,0,2
2017-04-23 03:00:00,1,1,0
2017-04-23 04:00:00,1,1,0
2017-04-23 05:00:00,4,0,4
2017-04-23 06:00:00,5,3,2
2017-04-23 07:00:00,20,5,15
2017-04-23 08:00:00,30,8,22
2017-04-23 09:00:00,27,14,13
2017-04-23 10:00:00,24,16,8
2017-04-23 11:00:00,19,15,4
2017-04-23 12:00:00,24,19,5
2017-04-23 13:00:00,17,7,10
2017-04-23 14:00:00,21,6,15
2017-04-23 15:00:00,13,8,5
2017-04-23 16:00:00,11,4,7
2017-04-23 17:00:00,7,2,5
2017-04-23 18:00:00,7,4,3
2017-04-23 19:00:00,5,2,3
2017-04-23 20:00:00,4,1,3
2017-04-23 21:00:00,2,2,0
2017-04-23 22:00:00,3,2,1
2017-04-23 23:00:00,0,0,0
2017-04-24 00:00:00,1,0,1
2017-04-24 01:00:00,1,0,1
2017-04-24 02:00:00,0,0,0
2017-04-24 03:00:00,1,1,0
2017-04-24 04:00:00,2,1,1
2017-04-24 05:00:00,16,3,13
2017-04-24 06:00:00,37,9,28
2017-04-24 07:00:00,123,12,111
2017-04-24 08:00:00,106,12,94
2017-04-24 09:00:00,32,4,28
2017-04-24 10:00:00,20,4,16
2017-04-24 11:00:00,10,3,7
2017-04-24 12:00:00,23,10,13
2017-04-24 13:00:00,7,4,3
2017-04-24 14:00:00,19,10,9
2017-04-24 15:00:00,26,16,10
2017-04-24 16:00:00,86,68,18
2017-04-24 17:00:00,135,115,20
2017-04-24 18:00:00,99,84,15
2017-04-24 19:00:00,29,22,7
2017-04-24 20:00:00,21,12,9
2017-04-24 21:00:00,10,6,4
2017-04-24 22:00:00,4,1,3
2017-04-24 23:00:00,3,2,1
2017-04-25 00:00:00,1,1,0
2017-04-25 01:00:00,0,0,0
2017-04-25 02:00:00,4,3,1
2017-04-25 03:00:00,2,2,0
2017-04-25 04:00:00,3,1,2
2017-04-25 05:00:00,25,5,20
2017-04-25 06:00:00,82,16,66
2017-04-25 07:00:00,135,18,117
2017-04-25 08:00:00,109,11,98
2017-04-25 09:00:00,53,13,40
2017-04-25 10:00:00,21,4,17
2017-04-25 11:00:00,19,6,13
2017-04-25 12:00:00,22,8,14
2017-04-25 13:00:00,18,9,9
2017-04-25 14:00:00,15,5,10
2017-04-25 15:00:00,45,35,10
2017-04-25 16:00:00,87,75,12
2017-04-25 17:00:00,145,133,12
2017-04-25 18:00:00,84,73,11
2017-04-25 19:00:00,40,32,8
2017-04-25 20:00:00,19,18,1
2017-04-25 21:00:00,12,7,5
2017-04-25 22:00:00,1,1,0
2017-04-25 23:00:00,1,0,1
2017-04-26 00:00:00,4,3,1
2017-04-26 01:00:00,0,0,0
2017-04-26 02:00:00,0,0,0
2017-04-26 03:00:00,2,2,0
2017-04-26 04:00:00,2,0,2
2017-04-26 05:00:00,18,3,15
2017-04-26 06:00:00,63,8,55
2017-04-26 07:00:00,126,15,111
2017-04-26 08:00:00,92,8,84
2017-04-26 09:00:00,34,6,28
2017-04-26 10:00:00,19,1,18
2017-04-26 11:00:00,10,4,6
2017-04-26 12:00:00,13,4,9
2017-04-26 13:00:00,10,5,5
2017-04-26 14:00:00,18,11,7
2017-04-26 15:00:00,30,22,8
2017-04-26 16:00:00,71,60,11
2017-04-26 17:00:00,120,104,16
2017-04-26 18:00:00,74,67,7
2017-04-26 19:00:00,19,18,1
2017-04-26 20:00:00,21,18,3
2017-04-26 21:00:00,7,6,1
2017-04-26 22:00:00,5,5,0
2017-04-26 23:00:00,1,0,1
2017-04-27 00:00:00,2,1,1
2017-04-27 01:00:00,2,1,1
2017-04-27 02:00:00,2,2,0
2017-04-27 03:00:00,1,1,0
2017-04-27 04:00:00,6,1,5
2017-04-27 05:00:00,19,6,13
2017-04-27 06:00:00,52,6,46
2017-04-27 07:00:00,120,15,105
2017-04-27 08:00:00,116,11,105
2017-04-27 09:00:00,36,7,29
2017-04-27 10:00:00,30,7,23
2017-04-27 11:00:00,14,1,13
2017-04-27 12:00:00,21,11,10
2017-04-27 13:00:00,13,5,8
2017-04-27 14:00:00,15,11,4
2017-04-27 15:00:00,36,23,13
2017-04-27 16:00:00,85,69,16
2017-04-27 17:00:00,121,108,13
2017-04-27 18:00:00,77,67,10
2017-04-27 19:00:00,46,31,15
2017-04-27 20:00:00,16,13,3
2017-04-27 21:00:00,11,11,0
2017-04-27 22:00:00,2,1,1
2017-04-27 23:00:00,1,1,0
2017-04-28 00:00:00,3,2,1
2017-04-28 01:00:00,2,1,1
2017-04-28 02:00:00,3,2,1
2017-04-28 03:00:00,2,1,1
2017-04-28 04:00:00,5,1,4
2017-04-28 05:00:00,19,3,16
2017-04-28 06:00:00,58,13,45
2017-04-28 07:00:00,135,19,116
2017-04-28 08:00:00,126,16,110
2017-04-28 09:00:00,31,5,26
2017-04-28 10:00:00,26,5,21
2017-04-28 11:00:00,27,16,11
2017-04-28 12:00:00,20,10,10
2017-04-28 13:00:00,36,18,18
2017-04-28 14:00:00,42,25,17
2017-04-28 15:00:00,69,47,22
2017-04-28 16:00:00,120,96,24
2017-04-28 17:00:00,143,108,35
2017-04-28 18:00:00,77,60,17
2017-04-28 19:00:00,36,28,8
2017-04-28 20:00:00,15,9,6
2017-04-28 21:00:00,17,15,2
2017-04-28 22:00:00,8,3,5
2017-04-28 23:00:00,8,4,4
2017-04-29 00:00:00,4,1,3
2017-04-29 01:00:00,7,4,3
2017-04-29 02:00:00,4,2,2
2017-04-29 03:00:00,2,2,0
2017-04-29 04:00:00,1,1,0
2017-04-29 05:00:00,5,1,4
2017-04-29 06:00:00,18,4,14
2017-04-29 07:00:00,19,7,12
2017-04-29 08:00:00,50,26,24
2017-04-29 09:00:00,72,51,21
2017-04-29 10:00:00,39,15,24
2017-04-29 11:00:00,76,32,44
2017-04-29 12:00:00,44,18,26
2017-04-29 13:00:00,46,20,26
2017-04-29 14:00:00,32,19,13
2017-04-29 15:00:00,60,21,39
2017-04-29 16:00:00,23,14,9
2017-04-29 17:00:00,19,6,13
2017-04-29 18:00:00,17,8,9
2017-04-29 19:00:00,14,9,5
2017-04-29 20:00:00,7,5,2
2017-04-29 21:00:00,7,4,3
2017-04-29 22:00:00,7,2,5
2017-04-29 23:00:00,1,1,0
2017-04-30 00:00:00,3,3,0
2017-04-30 01:00:00,2,1,1
2017-04-30 02:00:00,1,1,0
2017-04-30 03:00:00,2,2,0
2017-04-30 04:00:00,3,2,1
2017-04-30 05:00:00,3,1,2
2017-04-30 06:00:00,2,2,0
2017-04-30 07:00:00,13,4,9
2017-04-30 08:00:00,36,15,21
2017-04-30 09:00:00,31,22,9
2017-04-30 10:00:00,35,19,16
2017-04-30 11:00:00,34,11,23
2017-04-30 12:00:00,41,21,20
2017-04-30 13:00:00,55,36,19
2017-04-30 14:00:00,44,25,19
2017-04-30 15:00:00,36,13,23
2017-04-30 16:00:00,46,22,24
2017-04-30 17:00:00,28,20,8
2017-04-30 18:00:00,15,8,7
2017-04-30 19:00:00,5,4,1
2017-04-30 20:00:00,6,4,2
2017-04-30 21:00:00,5,4,1
2017-04-30 22:00:00,1,0,1
2017-04-30 23:00:00,2,2,0
2017-05-01 00:00:00,2,1,1
2017-05-01 01:00:00,2,1,1
2017-05-01 02:00:00,1,1,0
2017-05-01 03:00:00,1,1,0
2017-05-01 04:00:00,1,0,1
2017-05-01 05:00:00,32,5,27
2017-05-01 06:00:00,83,15,68
2017-05-01 07:00:00,153,13,140
2017-05-01 08:00:00,137,8,129
2017-05-01 09:00:00,51,5,46
2017-05-01 10:00:00,17,5,12
2017-05-01 11:00:00,11,2,9
2017-05-01 12:00:00,7,3,4
2017-05-01 13:00:00,13,8,5
2017-05-01 14:00:00,23,11,12
2017-05-01 15:00:00,55,45,10
2017-05-01 16:00:00,104,91,13
2017-05-01 17:00:00,171,154,17
2017-05-01 18:00:00,98,90,8
2017-05-01 19:00:00,36,31,5
2017-05-01 20:00:00,17,13,4
2017-05-01 21:00:00,5,5,0
2017-05-01 22:00:00,5,4,1
2017-05-01 23:00:00,5,3,2
2017-05-02 00:00:00,1,1,0
2017-05-02 01:00:00,0,0,0
2017-05-02 02:00:00,2,1,1
2017-05-02 03:00:00,3,3,0
2017-05-02 04:00:00,4,0,4
2017-05-02 05:00:00,29,6,23
2017-05-02 06:00:00,83,16,67
2017-05-02 07:00:00,174,14,160
2017-05-02 08:00:00,152,10,142
2017-05-02 09:00:00,51,7,44
2017-05-02 10:00:00,24,8,16
2017-05-02 11:00:00,23,12,11
2017-05-02 12:00:00,25,14,11
2017-05-02 13:00:00,28,12,16
2017-05-02 14:00:00,20,11,9
2017-05-02 15:00:00,52,34,18
2017-05-02 16:00:00,101,81,20
2017-05-02 17:00:00,171,157,14
2017-05-02 18:00:00,102,89,13
2017-05-02 19:00:00,49,41,8
2017-05-02 20:00:00,12,8,4
2017-05-02 21:00:00,14,11,3
2017-05-02 22:00:00,4,1,3
2017-05-02 23:00:00,3,2,1
2017-05-03 00:00:00,5,4,1
2017-05-03 01:00:00,2,2,0
2017-05-03 02:00:00,2,1,1
2017-05-03 03:00:00,1,1,0
2017-05-03 04:00:00,4,2,2
2017-05-03 05:00:00,26,8,18
2017-05-03 06:00:00,91,9,82
2017-05-03 07:00:00,172,16,156
2017-05-03 08:00:00,146,15,131
2017-05-03 09:00:00,53,6,47
2017-05-03 10:00:00,28,10,18
2017-05-03 11:00:00,24,9,15
2017-05-03 12:00:00,30,13,17
2017-05-03 13:00:00,21,7,14
2017-05-03 14:00:00,34,19,15
2017-05-03 15:00:00,63,42,21
2017-05-03 16:00:00,158,125,33
2017-05-03 17:00:00,218,182,36
2017-05-03 18:00:00,179,133,46
2017-05-03 19:00:00,76,54,22
2017-05-03 20:00:00,33,22,11
2017-05-03 21:00:00,8,8,0
2017-05-03 22:00:00,12,8,4
2017-05-03 23:00:00,3,2,1
2017-05-04 00:00:00,7,5,2
2017-05-04 01:00:00,2,1,1
2017-05-04 02:00:00,2,2,0
2017-05-04 03:00:00,0,0,0
2017-05-04 04:00:00,0,0,0
2017-05-04 05:00:00,24,3,21
2017-05-04 06:00:00,88,21,67
2017-05-04 07:00:00,173,14,159
2017-05-04 08:00:00,141,7,134
2017-05-04 09:00:00,56,10,46
2017-05-04 10:00:00,26,5,21
2017-05-04 11:00:00,26,11,15
2017-05-04 12:00:00,42,20,22
2017-05-04 13:00:00,43,22,21
2017-05-04 14:00:00,48,20,28
2017-05-04 15:00:00,85,60,25
2017-05-04 16:00:00,118,101,17
2017-05-04 17:00:00,100,92,8
2017-05-04 18:00:00,72,61,11
2017-05-04 19:00:00,32,25,7
2017-05-04 20:00:00,14,9,5
2017-05-04 21:00:00,14,10,4
2017-05-04 22:00:00,3,1,2
2017-05-04 23:00:00,5,3,2
2017-05-05 00:00:00,5,3,2
2017-05-05 01:00:00,1,0,1
2017-05-05 02:00:00,4,4,0
2017-05-05 03:00:00,2,0,2
2017-05-05 04:00:00,5,2,3
2017-05-05 05:00:00,16,6,10
2017-05-05 06:00:00,57,11,46
2017-05-05 07:00:00,118,8,110
2017-05-05 08:00:00,82,10,72
2017-05-05 09:00:00,41,2,39
2017-05-05 10:00:00,14,5,9
2017-05-05 11:00:00,14,3,11
2017-05-05 12:00:00,19,12,7
2017-05-05 13:00:00,20,9,11
2017-05-05 14:00:00,23,15,8
2017-05-05 15:00:00,42,29,13
2017-05-05 16:00:00,88,76,12
2017-05-05 17:00:00,134,118,16
2017-05-05 18:00:00,56,49,7
2017-05-05 19:00:00,25,17,8
2017-05-05 20:00:00,16,11,5
2017-05-05 21:00:00,8,7,1
2017-05-05 22:00:00,4,3,1
2017-05-05 23:00:00,3,2,1
2017-05-06 00:00:00,5,2,3
2017-05-06 01:00:00,4,0,4
2017-05-06 02:00:00,1,1,0
2017-05-06 03:00:00,1,0,1
2017-05-06 04:00:00,1,1,0
2017-05-06 05:00:00,3,0,3
2017-05-06 06:00:00,14,3,11
2017-05-06 07:00:00,23,10,13
2017-05-06 08:00:00,20,12,8
2017-05-06 09:00:00,40,19,21
2017-05-06 10:00:00,111,76,35
2017-05-06 11:00:00,65,19,46
2017-05-06 12:00:00,49,27,22
2017-05-06 13:00:00,52,22,30
2017-05-06 14:00:00,66,44,22
2017-05-06 15:00:00,54,28,26
2017-05-06 16:00:00,59,29,30
2017-05-06 17:00:00,61,41,20
2017-05-06 18:00:00,41,21,20
2017-05-06 19:00:00,21,11,10
2017-05-06 20:00:00,11,5,6
2017-05-06 21:00:00,8,5,3
2017-05-06 22:00:00,6,2,4
2017-05-06 23:00:00,5,1,4
2017-05-07 00:00:00,5,5,0
2017-05-07 01:00:00,1,0,1
2017-05-07 02:00:00,1,1,0
2017-05-07 03:00:00,0,0,0
2017-05-07 04:00:00,1,1,0
2017-05-07 05:00:00,6,3,3
2017-05-07 06:00:00,12,3,9
2017-05-07 07:00:00,20,6,14
2017-05-07 08:00:00,32,6,26
2017-05-07 09:00:00,48,16,32
2017-05-07 10:00:00,46,21,25
2017-05-07 11:00:00,67,45,22
2017-05-07 12:00:00,69,43,26
2017-05-07 13:00:00,63,30,33
2017-05-07 14:00:00,93,46,47
2017-05-07 15:00:00,67,35,32
2017-05-07 16:00:00,82,40,42
2017-05-07 17:00:00,47,26,21
2017-05-07 18:00:00,35,23,12
2017-05-07 19:00:00,31,11,20
2017-05-07 20:00:00,7,3,4
2017-05-07 21:00:00,11,7,4
2017-05-07 22:00:00,1,0,1
2017-05-07 23:00:00,4,2,2
2017-05-08 00:00:00,1,0,1
2017-05-08 01:00:00,2,1,1
2017-05-08 02:00:00,7,2,5
2017-05-08 03:00:00,3,1,2
2017-05-08 04:00:00,5,1,4
2017-05-08 05:00:00,29,5,24
2017-05-08 06:00:00,106,15,91
2017-05-08 07:00:00,194,14,180
2017-05-08 08:00:00,155,12,143
2017-05-08 09:00:00,53,11,42
2017-05-08 10:00:00,19,2,17
2017-05-08 11:00:00,16,8,8
2017-05-08 12:00:00,23,9,14
2017-05-08 13:00:00,20,9,11
2017-05-08 14:00:00,31,18,13
2017-05-08 15:00:00,58,46,12
2017-05-08 16:00:00,162,132,30
2017-05-08 17:00:00,225,198,27
2017-05-08 18:00:00,134,108,26
2017-05-08 19:00:00,54,44,10
2017-05-08 20:00:00,31,18,13
2017-05-08 21:00:00,7,4,3
2017-05-08 22:00:00,9,7,2
2017-05-08 23:00:00,1,1,0
2017-05-09 00:00:00,2,2,0
2017-05-09 01:00:00,3,1,2
2017-05-09 02:00:00,2,1,1
2017-05-09 03:00:00,1,1,0
2017-05-09 04:00:00,7,2,5
2017-05-09 05:00:00,35,5,30
2017-05-09 06:00:00,116,18,98
2017-05-09 07:00:00,211,19,192
2017-05-09 08:00:00,183,18,165
2017-05-09 09:00:00,63,9,54
2017-05-09 10:00:00,31,15,16
2017-05-09 11:00:00,38,14,24
2017-05-09 12:00:00,38,19,19
2017-05-09 13:00:00,35,20,15
2017-05-09 14:00:00,39,27,12
2017-05-09 15:00:00,60,40,20
2017-05-09 16:00:00,164,128,36
2017-05-09 17:00:00,257,214,43
2017-05-09 18:00:00,153,125,28
2017-05-09 19:00:00,67,48,19
2017-05-09 20:00:00,42,27,15
2017-05-09 21:00:00,20,13,7
2017-05-09 22:00:00,14,10,4
2017-05-09 23:00:00,7,4,3
2017-05-10 00:00:00,5,3,2
2017-05-10 01:00:00,1,1,0
2017-05-10 02:00:00,1,1,0
2017-05-10 03:00:00,2,1,1
2017-05-10 04:00:00,3,1,2
2017-05-10 05:00:00,44,6,38
2017-05-10 06:00:00,104,13,91
2017-05-10 07:00:00,174,25,149
2017-05-10 08:00:00,231,24,207
2017-05-10 09:00:00,76,12,64
2017-05-10 10:00:00,42,13,29
2017-05-10 11:00:00,42,12,30
2017-05-10 12:00:00,35,16,19
2017-05-10 13:00:00,28,10,18
2017-05-10 14:00:00,47,27,20
2017-05-10 15:00:00,80,58,22
2017-05-10 16:00:00,156,127,29
2017-05-10 17:00:00,234,205,29
2017-05-10 18:00:00,167,141,26
2017-05-10 19:00:00,79,59,20
2017-05-10 20:00:00,37,24,13
2017-05-10 21:00:00,24,18,6
2017-05-10 22:00:00,4,2,2
2017-05-10 23:00:00,4,3,1
2017-05-11 00:00:00,5,2,3
2017-05-11 01:00:00,2,2,0
2017-05-11 02:00:00,1,1,0
2017-05-11 03:00:00,2,2,0
2017-05-11 04:00:00,2,0,2
2017-05-11 05:00:00,23,7,16
2017-05-11 06:00:00,57,11,46
2017-05-11 07:00:00,119,11,108
2017-05-11 08:00:00,130,8,122
2017-05-11 09:00:00,47,6,41
2017-05-11 10:00:00,22,0,22
2017-05-11 11:00:00,7,3,4
2017-05-11 12:00:00,3,0,3
2017-05-11 13:00:00,7,4,3
2017-05-11 14:00:00,17,13,4
2017-05-11 15:00:00,39,28,11
2017-05-11 16:00:00,70,60,10
2017-05-11 17:00:00,132,118,14
2017-05-11 18:00:00,64,61,3
2017-05-11 19:00:00,35,30,5
2017-05-11 20:00:00,20,18,2
2017-05-11 21:00:00,5,4,1
2017-05-11 22:00:00,4,2,2
2017-05-11 23:00:00,2,2,0
2017-05-12 00:00:00,1,1,0
2017-05-12 01:00:00,2,1,1
2017-05-12 02:00:00,3,3,0
2017-05-12 03:00:00,0,0,0
2017-05-12 04:00:00,6,2,4
2017-05-12 05:00:00,18,2,16
2017-05-12 06:00:00,62,13,49
2017-05-12 07:00:00,143,14,129
2017-05-12 08:00:00,119,16,103
2017-05-12 09:00:00,56,16,40
2017-05-12 10:00:00,36,11,25
2017-05-12 11:00:00,15,3,12
2017-05-12 12:00:00,11,8,3
2017-05-12 13:00:00,16,11,5
2017-05-12 14:00:00,30,20,10
2017-05-12 15:00:00,44,35,9
2017-05-12 16:00:00,108,94,14
2017-05-12 17:00:00,122,109,13
2017-05-12 18:00:00,62,54,8
2017-05-12 19:00:00,24,20,4
2017-05-12 20:00:00,13,11,2
2017-05-12 21:00:00,6,6,0
2017-05-12 22:00:00,2,1,1
2017-05-12 23:00:00,3,1,2
2017-05-13 00:00:00,1,1,0
2017-05-13 01:00:00,0,0,0
2017-05-13 02:00:00,1,1,0
2017-05-13 03:00:00,1,1,0
2017-05-13 04:00:00,1,1,0
2017-05-13 05:00:00,3,1,2
2017-05-13 06:00:00,13,1,12
2017-05-13 07:00:00,19,10,9
2017-05-13 08:00:00,34,27,7
2017-05-13 09:00:00,21,9,12
2017-05-13 10:00:00,31,15,16
2017-05-13 11:00:00,50,22,28
2017-05-13 12:00:00,37,18,19
2017-05-13 13:00:00,30,15,15
2017-05-13 14:00:00,26,12,14
2017-05-13 15:00:00,38,23,15
2017-05-13 16:00:00,35,14,21
2017-05-13 17:00:00,26,14,12
2017-05-13 18:00:00,14,8,6
2017-05-13 19:00:00,8,6,2
2017-05-13 20:00:00,8,6,2
2017-05-13 21:00:00,3,2,1
2017-05-13 22:00:00,1,1,0
2017-05-13 23:00:00,2,0,2
2017-05-14 00:00:00,0,0,0
2017-05-14 01:00:00,1,0,1
2017-05-14 02:00:00,0,0,0
2017-05-14 03:00:00,0,0,0
2017-05-14 04:00:00,0,0,0
2017-05-14 05:00:00,4,1,3
2017-05-14 06:00:00,2,1,1
2017-05-14 07:00:00,4,0,4
2017-05-14 08:00:00,9,4,5
2017-05-14 09:00:00,17,5,12
2017-05-14 10:00:00,36,22,14
2017-05-14 11:00:00,25,9,16
2017-05-14 12:00:00,20,5,15
2017-05-14 13:00:00,25,13,12
2017-05-14 14:00:00,21,8,13
2017-05-14 15:00:00,16,6,10
2017-05-14 16:00:00,29,21,8
2017-05-14 17:00:00,23,15,8
2017-05-14 18:00:00,22,4,18
2017-05-14 19:00:00,7,3,4
2017-05-14 20:00:00,10,5,5
2017-05-14 21:00:00,6,5,1
2017-05-14 22:00:00,5,3,2
2017-05-14 23:00:00,1,1,0
2017-05-15 00:00:00,5,4,1
2017-05-15 01:00:00,3,1,2
2017-05-15 02:00:00,3,2,1
2017-05-15 03:00:00,2,1,1
2017-05-15 04:00:00,2,0,2
2017-05-15 05:00:00,24,4,20
2017-05-15 06:00:00,75,11,64
2017-05-15 07:00:00,161,15,146
2017-05-15 08:00:00,142,10,132
2017-05-15 09:00:00,36,6,30
2017-05-15 10:00:00,19,3,16
2017-05-15 11:00:00,11,4,7
2017-05-15 12:00:00,24,12,12
2017-05-15 13:00:00,15,7,8
2017-05-15 14:00:00,10,7,3
2017-05-15 15:00:00,34,30,4
2017-05-15 16:00:00,78,66,12
2017-05-15 17:00:00,147,140,7
2017-05-15 18:00:00,77,68,9
2017-05-15 19:00:00,26,22,4
2017-05-15 20:00:00,14,10,4
2017-05-15 21:00:00,9,9,0
2017-05-15 22:00:00,0,0,0
2017-05-15 23:00:00,4,2,2
2017-05-16 00:00:00,3,3,0
2017-05-16 01:00:00,0,0,0
2017-05-16 02:00:00,5,2,3
2017-05-16 03:00:00,1,1,0
2017-05-16 04:00:00,2,1,1
2017-05-16 05:00:00,20,4,16
2017-05-16 06:00:00,35,5,30
2017-05-16 07:00:00,99,11,88
2017-05-16 08:00:00,96,7,89
2017-05-16 09:00:00,42,5,37
2017-05-16 10:00:00,14,1,13
2017-05-16 11:00:00,8,2,6
2017-05-16 12:00:00,9,3,6
2017-05-16 13:00:00,13,7,6
2017-05-16 14:00:00,14,5,9
2017-05-16 15:00:00,27,18,9
2017-05-16 16:00:00,70,61,9
2017-05-16 17:00:00,131,108,23
2017-05-16 18:00:00,77,70,7
2017-05-16 19:00:00,40,38,2
2017-05-16 20:00:00,12,10,2
2017-05-16 21:00:00,7,6,1
2017-05-16 22:00:00,5,3,2
2017-05-16 23:00:00,8,6,2
2017-05-17 00:00:00,1,0,1
2017-05-17 01:00:00,0,0,0
2017-05-17 02:00:00,1,1,0
2017-05-17 03:00:00,1,1,0
2017-05-17 04:00:00,4,1,3
2017-05-17 05:00:00,28,4,24
2017-05-17 06:00:00,94,7,87
2017-05-17 07:00:00,165,17,148
2017-05-17 08:00:00,157,11,146
2017-05-17 09:00:00,64,5,59
2017-05-17 10:00:00,21,8,13
2017-05-17 11:00:00,19,8,11
2017-05-17 12:00:00,23,15,8
2017-05-17 13:00:00,21,8,13
2017-05-17 14:00:00,33,18,15
2017-05-17 15:00:00,55,41,14
2017-05-17 16:00:00,126,101,25
2017-05-17 17:00:00,207,188,19
2017-05-17 18:00:00,120,104,16
2017-05-17 19:00:00,55,44,11
2017-05-17 20:00:00,34,21,13
2017-05-17 21:00:00,22,17,5
2017-05-17 22:00:00,6,6,0
2017-05-17 23:00:00,7,6,1
2017-05-18 00:00:00,3,2,1
2017-05-18 01:00:00,0,0,0
2017-05-18 02:00:00,2,1,1
2017-05-18 03:00:00,0,0,0
2017-05-18 04:00:00,3,1,2
2017-05-18 05:00:00,29,3,26
2017-05-18 06:00:00,92,16,76
2017-05-18 07:00:00,186,14,172
2017-05-18 08:00:00,168,18,150
2017-05-18 09:00:00,60,12,48
2017-05-18 10:00:00,34,4,30
2017-05-18 11:00:00,19,10,9
2017-05-18 12:00:00,21,11,10
2017-05-18 13:00:00,39,9,30
2017-05-18 14:00:00,34,21,13
2017-05-18 15:00:00,60,43,17
2017-05-18 16:00:00,135,112,23
2017-05-18 17:00:00,214,173,41
2017-05-18 18:00:00,123,98,25
2017-05-18 19:00:00,63,51,12
2017-05-18 20:00:00,29,19,10
2017-05-18 21:00:00,22,15,7
2017-05-18 22:00:00,7,7,0
2017-05-18 23:00:00,6,6,0
2017-05-19 00:00:00,3,2,1
2017-05-19 01:00:00,0,0,0
2017-05-19 02:00:00,1,1,0
2017-05-19 03:00:00,0,0,0
2017-05-19 04:00:00,5,1,4
2017-05-19 05:00:00,32,7,25
2017-05-19 06:00:00,106,17,89
2017-05-19 07:00:00,238,31,207
2017-05-19 08:00:00,209,33,176
2017-05-19 09:00:00,82,18,64
2017-05-19 10:00:00,47,15,32
2017-05-19 11:00:00,34,16,18
2017-05-19 12:00:00,39,23,16
2017-05-19 13:00:00,35,17,18
2017-05-19 14:00:00,68,46,22
2017-05-19 15:00:00,123,91,32
2017-05-19 16:00:00,177,140,37
2017-05-19 17:00:00,217,180,37
2017-05-19 18:00:00,120,97,23
2017-05-19 19:00:00,58,50,8
2017-05-19 20:00:00,25,11,14
2017-05-19 21:00:00,14,8,6
2017-05-19 22:00:00,12,7,5
2017-05-19 23:00:00,7,6,1
2017-05-20 00:00:00,2,0,2
2017-05-20 01:00:00,0,0,0
2017-05-20 02:00:00,2,1,1
2017-05-20 03:00:00,1,0,1
2017-05-20 04:00:00,1,1,0
2017-05-20 05:00:00,12,1,11
2017-05-20 06:00:00,19,8,11
2017-05-20 07:00:00,29,8,21
2017-05-20 08:00:00,50,22,28
2017-05-20 09:00:00,67,40,27
2017-05-20 10:00:00,81,36,45
2017-05-20 11:00:00,63,35,28
2017-05-20 12:00:00,102,53,49
2017-05-20 13:00:00,132,42,90
2017-05-20 14:00:00,66,34,32
2017-05-20 15:00:00,92,42,50
2017-05-20 16:00:00,91,67,24
2017-05-20 17:00:00,57,32,25
2017-05-20 18:00:00,50,27,23
2017-05-20 19:00:00,27,13,14
2017-05-20 20:00:00,28,18,10
2017-05-20 21:00:00,17,8,9
2017-05-20 22:00:00,11,6,5
2017-05-20 23:00:00,4,2,2
2017-05-21 00:00:00,1,1,0
2017-05-21 01:00:00,3,1,2
2017-05-21 02:00:00,1,0,1
2017-05-21 03:00:00,2,1,1
2017-05-21 04:00:00,2,1,1
2017-05-21 05:00:00,11,6,5
2017-05-21 06:00:00,7,1,6
2017-05-21 07:00:00,23,4,19
2017-05-21 08:00:00,45,21,24
2017-05-21 09:00:00,44,16,28
2017-05-21 10:00:00,75,43,32
2017-05-21 11:00:00,95,48,47
2017-05-21 12:00:00,96,57,39
2017-05-21 13:00:00,107,55,52
2017-06-04 15:00:00,112,63,49
2017-06-04 16:00:00,75,43,32
2017-06-04 17:00:00,56,31,25
2017-06-04 18:00:00,27,17,10
2017-06-04 19:00:00,29,17,12
2017-06-04 20:00:00,11,5,6
2017-06-04 21:00:00,21,12,9
2017-06-04 22:00:00,4,2,2
2017-06-04 23:00:00,4,1,3
2017-06-05 00:00:00,5,3,2
2017-06-05 01:00:00,1,1,0
2017-06-05 02:00:00,1,0,1
2017-06-05 03:00:00,2,1,1
2017-06-05 04:00:00,9,2,7
2017-06-05 05:00:00,31,7,24
2017-06-05 06:00:00,86,16,70
2017-06-05 07:00:00,196,20,176
2017-06-05 08:00:00,181,19,162
2017-06-05 09:00:00,75,7,68
2017-06-05 10:00:00,35,10,25
2017-06-05 11:00:00,28,11,17
2017-06-05 12:00:00,32,15,17
2017-06-05 13:00:00,19,10,9
2017-06-05 14:00:00,32,22,10
2017-06-05 15:00:00,65,50,15
2017-06-05 16:00:00,158,127,31
2017-06-05 17:00:00,246,221,25
2017-06-05 18:00:00,167,136,31
2017-06-05 19:00:00,59,41,18
2017-06-05 20:00:00,23,14,9
2017-06-05 21:00:00,22,11,11
2017-06-05 22:00:00,11,1,10
2017-06-05 23:00:00,2,1,1
2017-06-06 00:00:00,3,2,1
2017-06-06 01:00:00,0,0,0
2017-06-06 02:00:00,1,1,0
2017-06-06 03:00:00,5,3,2
2017-06-06 04:00:00,15,3,12
2017-06-06 05:00:00,41,10,31
2017-06-06 06:00:00,95,16,79
2017-06-06 07:00:00,196,21,175
2017-06-06 08:00:00,181,23,158
2017-06-06 09:00:00,62,4,58
2017-06-06 10:00:00,32,8,24
2017-06-06 11:00:00,27,8,19
2017-06-06 12:00:00,21,17,4
2017-06-06 13:00:00,39,23,16
2017-06-06 14:00:00,40,24,16
2017-06-06 15:00:00,79,46,33
2017-06-06 16:00:00,147,113,34
2017-06-06 17:00:00,237,203,34
2017-06-06 18:00:00,150,126,24
2017-06-06 19:00:00,76,61,15
2017-06-06 20:00:00,35,24,11
2017-06-06 21:00:00,18,12,6
2017-06-06 22:00:00,13,7,6
2017-06-06 23:00:00,3,2,1
2017-06-07 00:00:00,7,5,2
2017-06-07 01:00:00,3,2,1
2017-06-07 02:00:00,2,2,0
2017-06-07 03:00:00,1,1,0
2017-06-07 04:00:00,10,3,7
2017-06-07 05:00:00,28,7,21
2017-06-07 06:00:00,93,14,79
2017-06-07 07:00:00,199,24,175
2017-06-07 08:00:00,186,14,172
2017-06-07 09:00:00,65,6,59
2017-06-07 10:00:00,47,14,33
2017-06-07 11:00:00,38,18,20
2017-06-07 12:00:00,52,21,31
2017-06-07 13:00:00,51,22,29
2017-06-07 14:00:00,37,20,17
2017-06-07 15:00:00,59,48,11
2017-06-07 16:00:00,141,118,23
2017-06-07 17:00:00,223,194,29
2017-06-07 18:00:00,158,127,31
2017-06-07 19:00:00,65,53,12
2017-06-07 20:00:00,50,25,25
2017-06-07 21:00:00,22,16,6
2017-06-07 22:00:00,10,8,2
2017-06-07 23:00:00,8,6,2
2017-06-08 00:00:00,2,1,1
2017-06-08 01:00:00,1,0,1
2017-06-08 02:00:00,3,2,1
2017-06-08 03:00:00,4,1,3
2017-06-08 04:00:00,6,4,2
2017-06-08 05:00:00,19,2,17
2017-06-08 06:00:00,40,7,33
2017-06-08 07:00:00,85,8,77
2017-06-08 08:00:00,76,5,71
2017-06-08 09:00:00,37,2,35
2017-06-08 10:00:00,9,2,7
2017-06-08 11:00:00,2,0,2
2017-06-08 12:00:00,5,2,3
2017-06-08 13:00:00,17,3,14
2017-06-08 14:00:00,24,13,11
2017-06-08 15:00:00,34,24,10
2017-06-08 16:00:00,73,63,10
2017-06-08 17:00:00,120,94,26
2017-06-08 18:00:00,66,58,8
2017-06-08 19:00:00,21,16,5
2017-06-08 20:00:00,12,9,3
2017-06-08 21:00:00,12,8,4
2017-06-08 22:00:00,8,5,3
2017-06-08 23:00:00,4,3,1
2017-06-09 00:00:00,4,2,2
2017-06-09 01:00:00,1,0,1
2017-06-09 02:00:00,3,0,3
2017-06-09 03:00:00,1,0,1
2017-06-09 04:00:00,5,2,3
2017-06-09 05:00:00,15,3,12
2017-06-09 06:00:00,55,11,44
2017-06-09 07:00:00,134,17,117
2017-06-09 08:00:00,123,16,107
2017-06-09 09:00:00,58,18,40
2017-06-09 10:00:00,23,5,18
2017-06-09 11:00:00,22,6,16
2017-06-09 12:00:00,24,15,9
2017-06-09 13:00:00,28,14,14
2017-06-09 14:00:00,31,22,9
2017-06-09 15:00:00,46,33,13
2017-06-09 16:00:00,100,84,16
2017-06-09 17:00:00,129,111,18
2017-06-09 18:00:00,63,54,9
2017-06-09 19:00:00,34,22,12
2017-06-09 20:00:00,12,8,4
2017-06-09 21:00:00,12,11,1
2017-06-09 22:00:00,7,5,2
2017-06-09 23:00:00,7,6,1
2017-06-10 00:00:00,4,1,3
2017-06-10 01:00:00,4,1,3
2017-06-10 02:00:00,0,0,0
2017-06-10 03:00:00,2,1,1
2017-06-10 04:00:00,2,1,1
2017-06-10 05:00:00,4,0,4
2017-06-10 06:00:00,12,4,8
2017-06-10 07:00:00,21,9,12
2017-06-10 08:00:00,39,17,22
2017-06-10 09:00:00,52,31,21
2017-06-10 10:00:00,58,31,27
2017-06-10 11:00:00,92,37,55
2017-06-10 12:00:00,78,32,46
2017-06-10 13:00:00,64,33,31
2017-06-10 14:00:00,94,49,45
2017-06-10 15:00:00,74,35,39
2017-06-10 16:00:00,72,37,35
2017-06-10 17:00:00,62,30,32
2017-06-10 18:00:00,40,23,17
2017-06-10 19:00:00,43,24,19
2017-06-10 20:00:00,17,12,5
2017-06-10 21:00:00,7,6,1
2017-06-10 22:00:00,28,10,18
2017-06-10 23:00:00,4,2,2
2017-06-11 00:00:00,1,1,0
2017-06-11 01:00:00,2,1,1
2017-06-11 02:00:00,1,1,0
2017-06-11 03:00:00,3,2,1
2017-06-11 04:00:00,2,0,2
2017-06-11 05:00:00,10,2,8
2017-06-11 06:00:00,10,3,7
2017-06-11 07:00:00,25,5,20
2017-06-11 08:00:00,36,21,15
2017-06-11 09:00:00,51,29,22
2017-06-11 10:00:00,64,36,28
2017-06-11 11:00:00,66,35,31
2017-06-11 12:00:00,89,49,40
2017-06-11 13:00:00,84,48,36
2017-06-11 14:00:00,86,42,44
2017-06-11 15:00:00,87,36,51
2017-06-11 16:00:00,72,42,30
2017-06-11 17:00:00,45,17,28
2017-06-11 18:00:00,53,36,17
2017-06-11 19:00:00,27,12,15
2017-06-11 20:00:00,12,8,4
2017-06-11 21:00:00,5,2,3
2017-06-11 22:00:00,6,4,2
2017-06-11 23:00:00,2,2,0
2017-06-12 00:00:00,1,1,0
2017-06-12 01:00:00,1,1,0
2017-06-12 02:00:00,0,0,0
2017-06-12 03:00:00,2,2,0
2017-06-12 04:00:00,10,3,7
2017-06-12 05:00:00,27,8,19
2017-06-12 06:00:00,90,20,70
2017-06-12 07:00:00,164,11,153
2017-06-12 08:00:00,168,23,145
2017-06-12 09:00:00,50,7,43
2017-06-12 10:00:00,22,5,17
2017-06-12 11:00:00,22,8,14
2017-06-12 12:00:00,21,7,14
2017-06-12 13:00:00,21,12,9
2017-06-12 14:00:00,30,15,15
2017-06-12 15:00:00,51,41,10
2017-06-12 16:00:00,135,112,23
2017-06-12 17:00:00,210,183,27
2017-06-12 18:00:00,96,86,10
2017-06-12 19:00:00,30,27,3
2017-06-12 20:00:00,18,12,6
2017-06-12 21:00:00,15,8,7
2017-06-12 22:00:00,6,4,2
2017-06-12 23:00:00,2,2,0
2017-06-13 00:00:00,0,0,0
2017-06-13 01:00:00,5,2,3
2017-06-13 02:00:00,4,1,3
2017-06-13 03:00:00,0,0,0
2017-06-13 04:00:00,9,3,6
2017-06-13 05:00:00,24,3,21
2017-06-13 06:00:00,64,8,56
2017-06-13 07:00:00,135,12,123
2017-06-13 08:00:00,138,14,124
2017-06-13 09:00:00,49,8,41
2017-06-13 10:00:00,18,3,15
2017-06-13 11:00:00,15,6,9
2017-06-13 12:00:00,20,10,10
2017-06-13 13:00:00,28,10,18
2017-06-13 14:00:00,33,21,12
2017-06-13 15:00:00,44,32,12
2017-06-13 16:00:00,91,71,20
2017-06-13 17:00:00,168,153,15
2017-06-13 18:00:00,96,80,16
2017-06-13 19:00:00,56,46,10
2017-06-13 20:00:00,23,18,5
2017-06-13 21:00:00,12,11,1
2017-06-13 22:00:00,5,5,0
2017-06-13 23:00:00,4,2,2
2017-06-14 00:00:00,1,0,1
2017-06-14 01:00:00,1,1,0
2017-06-14 02:00:00,3,2,1
2017-06-14 03:00:00,1,1,0
2017-06-14 04:00:00,7,2,5
2017-06-14 05:00:00,32,10,22
2017-06-14 06:00:00,96,11,85
2017-06-14 07:00:00,174,17,157
2017-06-14 08:00:00,171,12,159
2017-06-14 09:00:00,55,10,45
2017-06-14 10:00:00,33,6,27
2017-06-14 11:00:00,22,11,11
2017-06-14 12:00:00,33,21,12
2017-06-14 13:00:00,30,16,14
2017-06-14 14:00:00,45,23,22
2017-06-14 15:00:00,52,39,13
2017-06-14 16:00:00,118,101,17
2017-06-14 17:00:00,224,189,35
2017-06-14 18:00:00,119,99,20
2017-06-14 19:00:00,63,49,14
2017-06-14 20:00:00,34,25,9
2017-06-14 21:00:00,19,15,4
2017-06-14 22:00:00,10,5,5
2017-06-14 23:00:00,1,1,0
2017-06-15 00:00:00,1,1,0
2017-06-15 01:00:00,4,3,1
2017-06-15 02:00:00,0,0,0
2017-06-15 03:00:00,0,0,0
2017-06-15 04:00:00,8,3,5
2017-06-15 05:00:00,14,1,13
2017-06-15 06:00:00,45,8,37
2017-06-15 07:00:00,86,7,79
2017-06-15 08:00:00,92,6,86
2017-06-15 09:00:00,20,2,18
2017-06-15 10:00:00,8,1,7
2017-06-15 11:00:00,5,2,3
2017-06-15 12:00:00,10,4,6
2017-06-15 13:00:00,6,1,5
2017-06-15 14:00:00,9,3,6
2017-06-15 15:00:00,17,15,2
2017-06-15 16:00:00,48,42,6
2017-06-15 17:00:00,82,78,4
2017-06-15 18:00:00,53,48,5
2017-06-15 19:00:00,19,14,5
2017-06-15 20:00:00,8,8,0
2017-06-15 21:00:00,8,6,2
2017-06-15 22:00:00,1,0,1
2017-06-15 23:00:00,4,3,1
2017-06-16 00:00:00,2,1,1
2017-06-16 01:00:00,1,1,0
2017-06-16 02:00:00,2,1,1
2017-06-16 03:00:00,0,0,0
2017-06-16 04:00:00,6,3,3
2017-06-16 05:00:00,19,4,15
2017-06-16 06:00:00,52,10,42
2017-06-16 07:00:00,110,17,93
2017-06-16 08:00:00,114,16,98
2017-06-16 09:00:00,53,11,42
2017-06-16 10:00:00,28,6,22
2017-06-16 11:00:00,21,10,11
2017-06-16 12:00:00,22,15,7
2017-06-16 13:00:00,28,13,15
2017-06-16 14:00:00,40,24,16
2017-06-16 15:00:00,63,48,15
2017-06-16 16:00:00,111,85,26
2017-06-16 17:00:00,119,101,18
2017-06-16 18:00:00,76,66,10
2017-06-16 19:00:00,27,20,7
2017-06-16 20:00:00,33,25,8
2017-06-16 21:00:00,15,9,6
2017-06-16 22:00:00,5,1,4
2017-06-16 23:00:00,0,0,0
2017-06-17 00:00:00,2,2,0
2017-06-17 01:00:00,3,3,0
2017-06-17 02:00:00,2,1,1
2017-06-17 03:00:00,3,1,2
2017-06-17 04:00:00,2,1,1
2017-06-17 05:00:00,6,1,5
2017-06-17 06:00:00,7,1,6
2017-06-17 07:00:00,34,13,21
2017-06-17 08:00:00,49,20,29
2017-06-17 09:00:00,31,16,15
2017-06-17 10:00:00,65,27,38
2017-06-17 11:00:00,86,39,47
2017-06-17 12:00:00,70,31,39
2017-06-17 13:00:00,68,37,31
2017-06-17 14:00:00,57,27,30
2017-06-17 15:00:00,54,34,20
2017-06-17 16:00:00,62,30,32
2017-06-17 17:00:00,48,38,10
2017-06-17 18:00:00,30,21,9
2017-06-17 19:00:00,11,5,6
2017-06-17 20:00:00,7,3,4
2017-06-17 21:00:00,7,5,2
2017-06-17 22:00:00,7,5,2
2017-06-17 23:00:00,3,2,1
2017-06-18 00:00:00,3,3,0
2017-06-18 01:00:00,2,1,1
2017-06-18 02:00:00,1,0,1
2017-06-18 03:00:00,2,2,0
2017-06-18 04:00:00,0,0,0
2017-06-18 05:00:00,8,0,8
2017-06-18 06:00:00,14,4,10
2017-06-18 07:00:00,20,4,16
2017-06-18 08:00:00,39,15,24
2017-06-18 09:00:00,22,16,6
2017-06-18 10:00:00,32,14,18
2017-06-18 11:00:00,60,22,38
2017-06-18 12:00:00,66,33,33
2017-06-18 13:00:00,38,18,20
2017-06-18 14:00:00,58,39,19
2017-06-18 15:00:00,55,33,22
2017-06-18 16:00:00,42,22,20
2017-06-18 17:00:00,42,20,22
2017-06-18 18:00:00,42,27,15
2017-06-18 19:00:00,22,12,10
2017-06-18 20:00:00,12,5,7
2017-06-18 21:00:00,8,2,6
2017-06-18 22:00:00,2,1,1
2017-06-18 23:00:00,5,4,1
2017-06-19 00:00:00,3,0,3
2017-06-19 01:00:00,2,2,0
2017-06-19 02:00:00,4,1,3
2017-06-19 03:00:00,0,0,0
2017-06-19 04:00:00,6,1,5
2017-06-19 05:00:00,33,8,25
2017-06-19 06:00:00,75,14,61
2017-06-19 07:00:00,183,23,160
2017-06-19 08:00:00,168,17,151
2017-06-19 09:00:00,49,9,40
2017-06-19 10:00:00,28,10,18
2017-06-19 11:00:00,31,11,20
2017-06-19 12:00:00,20,11,9
2017-06-19 13:00:00,26,11,15
2017-06-19 14:00:00,35,22,13
2017-06-19 15:00:00,76,56,20
2017-06-19 16:00:00,139,107,32
2017-06-19 17:00:00,228,197,31
2017-06-19 18:00:00,122,107,15
2017-06-19 19:00:00,40,37,3
2017-06-19 20:00:00,25,21,4
2017-06-19 21:00:00,12,10,2
2017-06-19 22:00:00,9,6,3
2017-06-19 23:00:00,2,1,1
2017-06-20 00:00:00,3,2,1
2017-06-20 01:00:00,4,3,1
2017-06-20 02:00:00,2,0,2
2017-06-20 03:00:00,0,0,0
2017-06-20 04:00:00,6,2,4
2017-06-20 05:00:00,41,7,34
2017-06-20 06:00:00,75,12,63
2017-06-20 07:00:00,147,13,134
2017-06-20 08:00:00,130,14,116
2017-06-20 09:00:00,57,7,50
2017-06-20 10:00:00,30,6,24
2017-06-20 11:00:00,12,5,7
2017-06-20 12:00:00,16,7,9
2017-06-20 13:00:00,13,7,6
2017-06-20 14:00:00,24,15,9
2017-06-20 15:00:00,43,23,20
2017-06-20 16:00:00,99,81,18
2017-06-20 17:00:00,180,161,19
2017-06-20 18:00:00,102,92,10
2017-06-20 19:00:00,48,40,8
2017-06-20 20:00:00,25,14,11
2017-06-20 21:00:00,15,10,5
2017-06-20 22:00:00,12,11,1
2017-06-20 23:00:00,6,6,0
2017-06-21 00:00:00,4,2,2
2017-06-21 01:00:00,0,0,0
2017-06-21 02:00:00,0,0,0
2017-06-21 03:00:00,0,0,0
2017-06-21 04:00:00,7,2,5
2017-06-21 05:00:00,36,4,32
2017-06-21 06:00:00,98,11,87
2017-06-21 07:00:00,178,14,164
2017-06-21 08:00:00,167,12,155
2017-06-21 09:00:00,68,16,52
2017-06-21 10:00:00,38,6,32
2017-06-21 11:00:00,26,8,18
2017-06-21 12:00:00,21,11,10
2017-06-21 13:00:00,38,21,17
2017-06-21 14:00:00,37,23,14
2017-06-21 15:00:00,68,51,17
2017-06-21 16:00:00,139,113,26
2017-06-21 17:00:00,229,195,34
2017-06-21 18:00:00,154,127,27
2017-06-21 19:00:00,71,53,18
2017-06-21 20:00:00,43,24,19
2017-06-21 21:00:00,29,19,10
2017-06-21 22:00:00,26,23,3
2017-06-21 23:00:00,9,8,1
2017-06-22 00:00:00,5,3,2
2017-06-22 01:00:00,2,1,1
2017-06-22 02:00:00,1,1,0
2017-06-22 03:00:00,2,0,2
2017-06-22 04:00:00,9,2,7
2017-06-22 05:00:00,32,7,25
2017-06-22 06:00:00,81,5,76
2017-06-22 07:00:00,180,19,161
2017-06-22 08:00:00,171,15,156
2017-06-22 09:00:00,73,14,59
2017-06-22 10:00:00,47,8,39
2017-06-22 11:00:00,28,10,18
2017-06-22 12:00:00,32,16,16
2017-06-22 13:00:00,42,21,21
2017-06-22 14:00:00,34,22,12
2017-06-22 15:00:00,69,54,15
2017-06-22 16:00:00,136,102,34
2017-06-22 17:00:00,223,191,32
2017-06-22 18:00:00,130,106,24
2017-06-22 19:00:00,115,95,20
2017-06-22 20:00:00,49,35,14
2017-06-22 21:00:00,19,12,7
2017-06-22 22:00:00,17,13,4
2017-06-22 23:00:00,4,2,2
2017-06-23 00:00:00,8,7,1
2017-06-23 01:00:00,4,3,1
2017-06-23 02:00:00,5,3,2
2017-06-23 03:00:00,3,1,2
2017-06-23 04:00:00,8,3,5
2017-06-23 05:00:00,16,5,11
2017-06-23 06:00:00,82,10,72
2017-06-23 07:00:00,165,22,143
2017-06-23 08:00:00,140,13,127
2017-06-23 09:00:00,68,8,60
2017-06-23 10:00:00,33,12,21
2017-06-23 11:00:00,41,16,25
2017-06-23 12:00:00,38,22,16
2017-06-23 13:00:00,48,34,14
2017-06-23 14:00:00,47,32,15
2017-06-23 15:00:00,103,79,24
2017-06-23 16:00:00,134,113,21
2017-06-23 17:00:00,158,140,18
2017-06-23 18:00:00,104,77,27
2017-06-23 19:00:00,53,36,17
2017-06-23 20:00:00,58,35,23
2017-06-23 21:00:00,15,10,5
2017-06-23 22:00:00,13,12,1
2017-06-23 23:00:00,21,16,5
2017-06-24 00:00:00,1,1,0
2017-06-24 01:00:00,3,2,1
2017-06-24 02:00:00,2,1,1
2017-06-24 03:00:00,3,2,1
2017-06-24 04:00:00,7,5,2
2017-06-24 05:00:00,7,1,6
2017-06-24 06:00:00,21,6,15
2017-06-24 07:00:00,32,22,10
2017-06-24 08:00:00,83,46,37
2017-06-24 09:00:00,63,26,37
2017-06-24 10:00:00,73,29,44
2017-06-24 11:00:00,103,46,57
2017-06-24 12:00:00,86,47,39
2017-06-24 13:00:00,58,35,23
2017-06-24 14:00:00,81,46,35
2017-06-24 15:00:00,85,37,48
2017-06-24 16:00:00,79,44,35
2017-06-24 17:00:00,53,26,27
2017-06-24 18:00:00,38,24,14
2017-06-24 19:00:00,35,14,21
2017-06-24 20:00:00,36,11,25
2017-06-24 21:00:00,21,10,11
2017-06-24 22:00:00,19,12,7
2017-06-24 23:00:00,8,5,3
2017-06-25 00:00:00,3,2,1
2017-06-25 01:00:00,3,2,1
2017-06-25 02:00:00,2,1,1
2017-06-25 03:00:00,0,0,0
2017-06-25 04:00:00,2,0,2
2017-06-25 05:00:00,7,2,5
2017-06-25 06:00:00,10,6,4
2017-06-25 07:00:00,30,9,21
2017-06-25 08:00:00,57,26,31
2017-06-25 09:00:00,84,51,33
2017-06-25 10:00:00,83,38,45
2017-06-25 11:00:00,74,28,46
2017-06-25 12:00:00,62,18,44
2017-06-25 13:00:00,56,30,26
2017-06-25 14:00:00,36,19,17
2017-06-25 15:00:00,65,36,29
2017-06-25 16:00:00,45,32,13
2017-06-25 17:00:00,41,22,19
2017-06-25 18:00:00,29,19,10
2017-06-25 19:00:00,23,10,13
2017-06-25 20:00:00,22,9,13
2017-06-25 21:00:00,17,8,9
2017-06-25 22:00:00,5,3,2
2017-06-25 23:00:00,2,0,2
2017-06-26 00:00:00,5,1,4
2017-06-26 01:00:00,1,1,0
2017-06-26 02:00:00,3,2,1
2017-06-26 03:00:00,0,0,0
2017-06-26 04:00:00,7,1,6
2017-06-26 05:00:00,28,3,25
2017-06-26 06:00:00,83,10,73
2017-06-26 07:00:00,175,15,160
2017-06-26 08:00:00,147,12,135
2017-06-26 09:00:00,57,6,51
2017-06-26 10:00:00,25,6,19
2017-06-26 11:00:00,20,9,11
2017-06-26 12:00:00,39,23,16
2017-06-26 13:00:00,25,11,14
2017-06-26 14:00:00,21,10,11
2017-06-26 15:00:00,67,51,16
2017-06-26 16:00:00,146,116,30
2017-06-26 17:00:00,214,192,22
2017-06-26 18:00:00,116,96,20
2017-06-26 19:00:00,49,41,8
2017-06-26 20:00:00,20,13,7
2017-06-26 21:00:00,11,4,7
2017-06-26 22:00:00,12,7,5
2017-06-26 23:00:00,8,3,5
2017-06-27 00:00:00,2,2,0
2017-06-27 01:00:00,0,0,0
2017-06-27 02:00:00,1,1,0
2017-06-27 03:00:00,0,0,0
2017-06-27 04:00:00,5,1,4
2017-06-27 05:00:00,24,4,20
2017-06-27 06:00:00,92,14,78
2017-06-27 07:00:00,183,18,165
2017-06-27 08:00:00,178,17,161
2017-06-27 09:00:00,56,5,51
2017-06-27 10:00:00,31,10,21
2017-06-27 11:00:00,34,17,17
2017-06-27 12:00:00,21,7,14
2017-06-27 13:00:00,26,15,11
2017-06-27 14:00:00,39,23,16
2017-06-27 15:00:00,69,37,32
2017-06-27 16:00:00,131,112,19
2017-06-27 17:00:00,218,187,31
2017-06-27 18:00:00,158,132,26
2017-06-27 19:00:00,62,50,12
2017-06-27 20:00:00,40,26,14
2017-06-27 21:00:00,27,17,10
2017-06-27 22:00:00,9,8,1
2017-06-27 23:00:00,8,6,2
2017-06-28 00:00:00,0,0,0
2017-06-28 01:00:00,2,2,0
2017-06-28 02:00:00,2,1,1
2017-06-28 03:00:00,0,0,0
2017-06-28 04:00:00,6,2,4
2017-06-28 05:00:00,28,3,25
2017-06-28 06:00:00,93,11,82
2017-06-28 07:00:00,169,21,148
2017-06-28 08:00:00,145,8,137
2017-06-28 09:00:00,68,11,57
2017-06-28 10:00:00,29,5,24
2017-06-28 11:00:00,29,11,18
2017-06-28 12:00:00,35,10,25
2017-06-28 13:00:00,21,12,9
2017-06-28 14:00:00,24,15,9
2017-06-28 15:00:00,66,48,18
2017-06-28 16:00:00,120,100,20
2017-06-28 17:00:00,215,181,34
2017-06-28 18:00:00,143,115,28
2017-06-28 19:00:00,76,58,18
2017-06-28 20:00:00,30,25,5
2017-06-28 21:00:00,24,10,14
2017-06-28 22:00:00,5,4,1
2017-06-28 23:00:00,1,1,0
2017-06-29 00:00:00,5,4,1
2017-06-29 01:00:00,1,0,1
2017-06-29 02:00:00,0,0,0
2017-06-29 03:00:00,2,2,0
2017-06-29 04:00:00,12,5,7
2017-06-29 05:00:00,26,8,18
2017-06-29 06:00:00,77,7,70
2017-06-29 07:00:00,183,15,168
2017-06-29 08:00:00,140,14,126
2017-06-29 09:00:00,96,18,78
2017-06-29 10:00:00,34,10,24
2017-06-29 11:00:00,22,10,12
2017-06-29 12:00:00,29,14,15
2017-06-29 13:00:00,49,18,31
2017-06-29 14:00:00,36,25,11
2017-06-29 15:00:00,79,55,24
2017-06-29 16:00:00,119,96,23
2017-06-29 17:00:00,216,190,26
2017-06-29 18:00:00,120,105,15
2017-06-29 19:00:00,82,52,30
2017-06-29 20:00:00,53,29,24
2017-06-29 21:00:00,39,21,18
2017-06-29 22:00:00,9,5,4
2017-06-29 23:00:00,12,5,7
2017-06-30 00:00:00,1,1,0
2017-06-30 01:00:00,2,1,1
2017-06-30 02:00:00,4,2,2
2017-06-30 03:00:00,3,2,1
2017-06-30 04:00:00,8,4,4
2017-06-30 05:00:00,25,4,21
2017-06-30 06:00:00,58,8,50
2017-06-30 07:00:00,140,16,124
2017-06-30 08:00:00,149,17,132
2017-06-30 09:00:00,58,18,40
2017-06-30 10:00:00,28,12,16
2017-06-30 11:00:00,39,14,25
2017-06-30 12:00:00,37,19,18
2017-06-30 13:00:00,42,21,21
2017-06-30 14:00:00,38,25,13
2017-06-30 15:00:00,85,60,25
2017-06-30 16:00:00,127,108,19
2017-06-30 17:00:00,144,121,23
2017-06-30 18:00:00,95,70,25
2017-06-30 19:00:00,47,32,15
2017-06-30 20:00:00,34,23,11
2017-06-30 21:00:00,17,8,9
2017-06-30 22:00:00,7,4,3
2017-06-30 23:00:00,5,4,1
2017-07-01 00:00:00,3,3,0
2017-07-01 01:00:00,1,0,1
2017-07-01 02:00:00,2,1,1
2017-07-01 03:00:00,5,3,2
2017-07-01 04:00:00,2,1,1
2017-07-01 05:00:00,6,1,5
2017-07-01 06:00:00,18,5,13
2017-07-01 07:00:00,22,9,13
2017-07-01 08:00:00,60,34,26
2017-07-01 09:00:00,35,17,18
2017-07-01 10:00:00,56,37,19
2017-07-01 11:00:00,62,33,29
2017-07-01 12:00:00,68,28,40
2017-07-01 13:00:00,61,29,32
2017-07-01 14:00:00,71,35,36
2017-07-01 15:00:00,61,29,32
2017-07-01 16:00:00,56,27,29
2017-07-01 17:00:00,43,22,21
2017-07-01 18:00:00,37,20,17
2017-07-01 19:00:00,17,14,3
2017-07-01 20:00:00,20,13,7
2017-07-01 21:00:00,23,17,6
2017-07-01 22:00:00,5,3,2
2017-07-01 23:00:00,3,2,1
2017-07-02 00:00:00,0,0,0
2017-07-02 01:00:00,5,5,0
2017-07-02 02:00:00,1,0,1
2017-07-02 03:00:00,1,1,0
2017-07-02 04:00:00,3,1,2
2017-07-02 05:00:00,6,3,3
2017-07-02 06:00:00,20,9,11
2017-07-02 07:00:00,24,7,17
2017-07-02 08:00:00,22,6,16
2017-07-02 09:00:00,120,100,20
2017-07-02 10:00:00,174,94,80
2017-07-02 11:00:00,145,27,118
2017-07-02 12:00:00,90,35,55
2017-07-02 13:00:00,70,36,34
2017-07-02 14:00:00,86,55,31
2017-07-02 15:00:00,83,46,37
2017-07-02 16:00:00,73,34,39
2017-07-02 17:00:00,61,27,34
2017-07-02 18:00:00,43,25,18
2017-07-02 19:00:00,31,9,22
2017-07-02 20:00:00,24,16,8
2017-07-02 21:00:00,18,8,10
2017-07-02 22:00:00,7,3,4
2017-07-02 23:00:00,4,4,0
2017-07-03 00:00:00,5,2,3
2017-07-03 01:00:00,1,1,0
2017-07-03 02:00:00,3,2,1
2017-07-03 03:00:00,1,0,1
2017-07-03 04:00:00,6,1,5
2017-07-03 05:00:00,13,3,10
2017-07-03 06:00:00,36,8,28
2017-07-03 07:00:00,83,10,73
2017-07-03 08:00:00,72,12,60
2017-07-03 09:00:00,46,10,36
2017-07-03 10:00:00,29,13,16
2017-07-03 11:00:00,30,11,19
2017-07-03 12:00:00,38,18,20
2017-07-03 13:00:00,48,24,24
2017-07-03 14:00:00,64,47,17
2017-07-03 15:00:00,70,51,19
2017-07-03 16:00:00,100,72,28
2017-07-03 17:00:00,99,68,31
2017-07-03 18:00:00,61,45,16
2017-07-03 19:00:00,38,21,17
2017-07-03 20:00:00,35,17,18
2017-07-03 21:00:00,16,14,2
2017-07-03 22:00:00,7,4,3
2017-07-03 23:00:00,1,1,0
2017-07-04 00:00:00,0,0,0
2017-07-04 01:00:00,3,1,2
2017-07-04 02:00:00,3,1,2
2017-07-04 03:00:00,2,1,1
2017-07-04 04:00:00,2,2,0
2017-07-04 05:00:00,10,1,9
2017-07-04 06:00:00,15,6,9
2017-07-04 07:00:00,21,9,12
2017-07-04 08:00:00,40,9,31
2017-07-04 09:00:00,65,40,25
2017-07-04 10:00:00,103,53,50
2017-07-04 11:00:00,74,37,37
2017-07-04 12:00:00,94,40,54
2017-07-04 13:00:00,108,46,62
2017-07-04 14:00:00,88,54,34
2017-07-04 15:00:00,93,56,37
2017-07-04 16:00:00,68,23,45
2017-07-04 17:00:00,45,22,23
2017-07-04 18:00:00,34,22,12
2017-07-04 19:00:00,35,15,20
2017-07-04 20:00:00,23,14,9
2017-07-04 21:00:00,16,11,5
2017-07-04 22:00:00,7,4,3
2017-07-04 23:00:00,10,7,3
2017-07-05 00:00:00,7,6,1
2017-07-05 01:00:00,2,2,0
2017-07-05 02:00:00,1,0,1
2017-07-05 03:00:00,2,1,1
2017-07-05 04:00:00,9,4,5
2017-07-05 05:00:00,21,5,16
2017-07-05 06:00:00,80,9,71
2017-07-05 07:00:00,145,10,135
2017-07-05 08:00:00,161,15,146
2017-07-05 09:00:00,67,8,59
2017-07-05 10:00:00,29,6,23
2017-07-05 11:00:00,42,22,20
2017-07-05 12:00:00,34,17,17
2017-07-05 13:00:00,41,23,18
2017-07-05 14:00:00,43,24,19
2017-07-05 15:00:00,60,32,28
2017-07-05 16:00:00,124,91,33
2017-07-05 17:00:00,197,172,25
2017-07-05 18:00:00,120,108,12
2017-07-05 19:00:00,56,47,9
2017-07-05 20:00:00,24,15,9
2017-07-05 21:00:00,18,9,9
2017-07-05 22:00:00,9,5,4
2017-07-05 23:00:00,6,4,2
2017-07-06 00:00:00,3,1,2
2017-07-06 01:00:00,2,2,0
2017-07-06 02:00:00,1,0,1
2017-07-06 03:00:00,0,0,0
2017-07-06 04:00:00,10,5,5
2017-07-06 05:00:00,26,3,23
2017-07-06 06:00:00,97,14,83
2017-07-06 07:00:00,211,12,199
2017-07-06 08:00:00,151,13,138
2017-07-06 09:00:00,81,11,70
2017-07-06 10:00:00,33,13,20
2017-07-06 11:00:00,22,10,12
2017-07-06 12:00:00,24,11,13
2017-07-06 13:00:00,41,18,23
2017-07-06 14:00:00,40,26,14
2017-07-06 15:00:00,77,43,34
2017-07-06 16:00:00,129,111,18
2017-07-06 17:00:00,241,208,33
2017-07-06 18:00:00,125,103,22
2017-07-06 19:00:00,83,53,30
2017-07-06 20:00:00,45,29,16
2017-07-06 21:00:00,33,26,7
2017-07-06 22:00:00,14,12,2
2017-07-06 23:00:00,12,8,4
2017-07-07 00:00:00,6,4,2
2017-07-07 01:00:00,2,1,1
2017-07-07 02:00:00,1,0,1
2017-07-07 03:00:00,2,0,2
2017-07-07 04:00:00,7,3,4
2017-07-07 05:00:00,22,6,16
2017-07-07 06:00:00,80,14,66
2017-07-07 07:00:00,161,13,148
2017-07-07 08:00:00,138,15,123
2017-07-07 09:00:00,59,8,51
2017-07-07 10:00:00,28,8,20
2017-07-07 11:00:00,32,11,21
2017-07-07 12:00:00,24,15,9
2017-07-07 13:00:00,49,32,17
2017-07-07 14:00:00,52,34,18
2017-07-07 15:00:00,70,44,26
2017-07-07 16:00:00,146,122,24
2017-07-07 17:00:00,157,128,29
2017-07-07 18:00:00,106,88,18
2017-07-07 19:00:00,60,43,17
2017-07-07 20:00:00,25,17,8
2017-07-07 21:00:00,20,14,6
2017-07-07 22:00:00,19,13,6
2017-07-07 23:00:00,10,4,6
2017-07-08 00:00:00,3,3,0
2017-07-08 01:00:00,1,1,0
2017-07-08 02:00:00,0,0,0
2017-07-08 03:00:00,0,0,0
2017-07-08 04:00:00,1,1,0
2017-07-08 05:00:00,4,1,3
2017-07-08 06:00:00,20,5,15
2017-07-08 07:00:00,34,5,29
2017-07-08 08:00:00,36,15,21
2017-07-08 09:00:00,59,31,28
2017-07-08 10:00:00,62,32,30
2017-07-08 11:00:00,100,51,49
2017-07-08 12:00:00,84,45,39
2017-07-08 13:00:00,95,52,43
2017-07-08 14:00:00,103,54,49
2017-07-08 15:00:00,76,37,39
2017-07-08 16:00:00,67,41,26
2017-07-08 17:00:00,86,49,37
2017-07-08 18:00:00,45,20,25
2017-07-08 19:00:00,43,30,13
2017-07-08 20:00:00,27,13,14
2017-07-08 21:00:00,26,16,10
2017-07-08 22:00:00,18,14,4
2017-07-08 23:00:00,10,2,8
2017-07-09 00:00:00,8,2,6
2017-07-09 01:00:00,4,2,2
2017-07-09 02:00:00,3,1,2
2017-07-09 03:00:00,3,0,3
2017-07-09 04:00:00,2,1,1
2017-07-09 05:00:00,6,1,5
2017-07-09 06:00:00,11,7,4
2017-07-09 07:00:00,27,6,21
2017-07-09 08:00:00,59,22,37
2017-07-09 09:00:00,57,24,33
2017-07-09 10:00:00,66,38,28
2017-07-09 11:00:00,90,64,26
2017-07-09 12:00:00,92,49,43
2017-07-09 13:00:00,100,45,55
2017-07-09 14:00:00,61,24,37
2017-07-09 15:00:00,83,49,34
2017-07-09 16:00:00,68,31,37
2017-07-09 17:00:00,72,35,37
2017-07-09 18:00:00,47,25,22
2017-07-09 19:00:00,27,12,15
2017-07-09 20:00:00,27,12,15
2017-07-09 21:00:00,20,8,12
2017-07-09 22:00:00,12,9,3
2017-07-09 23:00:00,1,1,0
2017-07-10 00:00:00,11,5,6
2017-07-10 01:00:00,4,1,3
2017-07-10 02:00:00,4,3,1
2017-07-10 03:00:00,2,2,0
2017-07-10 04:00:00,9,2,7
2017-07-10 05:00:00,19,4,15
2017-07-10 06:00:00,90,11,79
2017-07-10 07:00:00,175,21,154
2017-07-10 08:00:00,176,15,161
2017-07-10 09:00:00,64,15,49
2017-07-10 10:00:00,31,8,23
2017-07-10 11:00:00,34,18,16
2017-07-10 12:00:00,32,11,21
2017-07-10 13:00:00,28,16,12
2017-07-10 14:00:00,45,21,24
2017-07-10 15:00:00,57,42,15
2017-07-10 16:00:00,123,101,22
2017-07-10 17:00:00,257,222,35
2017-07-10 18:00:00,131,111,20
2017-07-10 19:00:00,53,37,16
2017-07-10 20:00:00,40,25,15
2017-07-10 21:00:00,21,16,5
2017-07-10 22:00:00,3,2,1
2017-07-10 23:00:00,2,2,0
2017-07-11 00:00:00,3,1,2
2017-07-11 01:00:00,2,0,2
2017-07-11 02:00:00,0,0,0
2017-07-11 03:00:00,1,1,0
2017-07-11 04:00:00,12,4,8
2017-07-11 05:00:00,36,7,29
2017-07-11 06:00:00,96,18,78
2017-07-11 07:00:00,193,16,177
2017-07-11 08:00:00,182,15,167
2017-07-11 09:00:00,67,13,54
2017-07-11 10:00:00,27,6,21
2017-07-11 11:00:00,32,16,16
2017-07-11 12:00:00,22,10,12
2017-07-11 13:00:00,37,18,19
2017-07-11 14:00:00,33,23,10
2017-07-11 15:00:00,68,51,17
2017-07-11 16:00:00,122,101,21
2017-07-11 17:00:00,224,196,28
2017-07-11 18:00:00,161,132,29
2017-07-11 19:00:00,62,49,13
2017-07-11 20:00:00,49,34,15
2017-07-11 21:00:00,22,12,10
2017-07-11 22:00:00,9,6,3
2017-07-11 23:00:00,11,9,2
2017-07-12 00:00:00,1,0,1
2017-07-12 01:00:00,1,0,1
2017-07-12 02:00:00,1,0,1
2017-07-12 03:00:00,0,0,0
2017-07-12 04:00:00,6,2,4
2017-07-12 05:00:00,16,4,12
2017-07-12 06:00:00,106,11,95
2017-07-12 07:00:00,205,21,184
2017-07-12 08:00:00,169,11,158
2017-07-12 09:00:00,76,8,68
2017-07-12 10:00:00,36,4,32
2017-07-12 11:00:00,29,13,16
2017-07-12 12:00:00,36,20,16
2017-07-12 13:00:00,36,16,20
2017-07-12 14:00:00,42,25,17
2017-07-12 15:00:00,69,49,20
2017-07-12 16:00:00,132,114,18
2017-07-12 17:00:00,229,195,34
2017-07-12 18:00:00,151,129,22
2017-07-12 19:00:00,66,47,19
2017-07-12 20:00:00,53,32,21
2017-07-12 21:00:00,31,20,11
2017-07-12 22:00:00,9,3,6
2017-07-12 23:00:00,6,3,3
2017-07-13 00:00:00,5,4,1
2017-07-13 01:00:00,5,5,0
2017-07-13 02:00:00,2,2,0
2017-07-13 03:00:00,3,0,3
2017-07-13 04:00:00,10,4,6
2017-07-13 05:00:00,33,4,29
2017-07-13 06:00:00,83,14,69
2017-07-13 07:00:00,177,13,164
2017-07-13 08:00:00,155,10,145
2017-07-13 09:00:00,58,13,45
2017-07-13 10:00:00,40,6,34
2017-07-13 11:00:00,21,4,17
2017-07-13 12:00:00,25,10,15
2017-07-13 13:00:00,32,11,21
2017-07-13 14:00:00,49,35,14
2017-07-13 15:00:00,57,43,14
2017-07-13 16:00:00,114,98,16
2017-07-13 17:00:00,180,162,18
2017-07-13 18:00:00,135,116,19
2017-07-13 19:00:00,76,59,17
2017-07-13 20:00:00,36,24,12
2017-07-13 21:00:00,23,14,9
2017-07-13 22:00:00,8,7,1
2017-07-13 23:00:00,4,3,1
2017-07-14 00:00:00,3,2,1
2017-07-14 01:00:00,4,3,1
2017-07-14 02:00:00,5,4,1
2017-07-14 03:00:00,2,1,1
2017-07-14 04:00:00,4,2,2
2017-07-14 05:00:00,27,5,22
2017-07-14 06:00:00,63,7,56
2017-07-14 07:00:00,139,13,126
2017-07-14 08:00:00,133,26,107
2017-07-14 09:00:00,59,6,53
2017-07-14 10:00:00,43,18,25
2017-07-14 11:00:00,33,11,22
2017-07-14 12:00:00,35,18,17
2017-07-14 13:00:00,45,30,15
2017-07-14 14:00:00,59,36,23
2017-07-14 15:00:00,71,50,21
2017-07-14 16:00:00,127,106,21
2017-07-14 17:00:00,155,133,22
2017-07-14 18:00:00,107,85,22
2017-07-14 19:00:00,41,33,8
2017-07-14 20:00:00,21,14,7
2017-07-14 21:00:00,18,9,9
2017-07-14 22:00:00,8,6,2
2017-07-14 23:00:00,9,4,5
2017-07-15 00:00:00,2,1,1
2017-07-15 01:00:00,1,1,0
2017-07-15 02:00:00,2,0,2
2017-07-15 03:00:00,3,1,2
2017-07-15 04:00:00,4,1,3
2017-07-15 05:00:00,8,1,7
2017-07-15 06:00:00,18,6,12
2017-07-15 07:00:00,23,12,11
2017-07-15 08:00:00,44,23,21
2017-07-15 09:00:00,49,24,25
2017-07-15 10:00:00,37,16,21
2017-07-15 11:00:00,71,42,29
2017-07-15 12:00:00,82,37,45
2017-07-15 13:00:00,78,39,39
2017-07-15 14:00:00,75,33,42
2017-07-15 15:00:00,75,41,34
2017-07-15 16:00:00,74,37,37
2017-07-15 17:00:00,49,31,18
2017-07-15 18:00:00,41,22,19
2017-07-15 19:00:00,45,24,21
2017-07-15 20:00:00,33,12,21
2017-07-15 21:00:00,7,4,3
2017-07-15 22:00:00,12,7,5
2017-07-15 23:00:00,8,3,5
2017-07-16 00:00:00,8,2,6
2017-07-16 01:00:00,3,2,1
2017-07-16 02:00:00,1,1,0
2017-07-16 03:00:00,5,3,2
2017-07-16 04:00:00,1,1,0
2017-07-16 05:00:00,5,0,5
2017-07-16 06:00:00,7,0,7
2017-07-16 07:00:00,20,8,12
2017-07-16 08:00:00,26,11,15
2017-07-16 09:00:00,36,16,20
2017-07-16 10:00:00,48,26,22
2017-07-16 11:00:00,59,25,34
2017-07-16 12:00:00,81,56,25
2017-07-16 13:00:00,83,25,58
2017-07-16 14:00:00,66,40,26
2017-07-16 15:00:00,53,26,27
2017-07-16 16:00:00,69,34,35
2017-07-16 17:00:00,43,25,18
2017-07-16 18:00:00,35,22,13
2017-07-16 19:00:00,28,15,13
2017-07-16 20:00:00,25,13,12
2017-07-16 21:00:00,13,5,8
2017-07-16 22:00:00,2,2,0
2017-07-16 23:00:00,3,2,1
2017-07-17 00:00:00,0,0,0
2017-07-17 01:00:00,0,0,0
2017-07-17 02:00:00,2,1,1
2017-07-17 03:00:00,5,2,3
2017-07-17 04:00:00,4,1,3
2017-07-17 05:00:00,32,10,22
2017-07-17 06:00:00,88,14,74
2017-07-17 07:00:00,184,13,171
2017-07-17 08:00:00,144,16,128
2017-07-17 09:00:00,61,10,51
2017-07-17 10:00:00,27,10,17
2017-07-17 11:00:00,32,10,22
2017-07-17 12:00:00,37,18,19
2017-07-17 13:00:00,21,11,10
2017-07-17 14:00:00,21,10,11
2017-07-17 15:00:00,63,36,27
2017-07-17 16:00:00,135,103,32
2017-07-17 17:00:00,186,171,15
2017-07-17 18:00:00,119,108,11
2017-07-17 19:00:00,56,39,17
2017-07-17 20:00:00,39,28,11
2017-07-17 21:00:00,19,8,11
2017-07-17 22:00:00,5,4,1
2017-07-17 23:00:00,8,1,7
2017-07-18 00:00:00,1,1,0
2017-07-18 01:00:00,2,2,0
2017-07-18 02:00:00,2,2,0
2017-07-18 03:00:00,9,5,4
2017-07-18 04:00:00,10,4,6
2017-07-18 05:00:00,28,2,26
2017-07-18 06:00:00,84,11,73
2017-07-18 07:00:00,192,25,167
2017-07-18 08:00:00,183,17,166
2017-07-18 09:00:00,82,13,69
2017-07-18 10:00:00,39,15,24
2017-07-18 11:00:00,26,11,15
2017-07-18 12:00:00,26,11,15
2017-07-18 13:00:00,47,28,19
2017-07-18 14:00:00,27,14,13
2017-07-18 15:00:00,88,69,19
2017-07-18 16:00:00,143,127,16
2017-07-18 17:00:00,242,207,35
2017-07-18 18:00:00,153,121,32
2017-07-18 19:00:00,65,53,12
2017-07-18 20:00:00,43,31,12
2017-07-18 21:00:00,26,16,10
2017-07-18 22:00:00,22,13,9
2017-07-18 23:00:00,6,4,2
2017-07-19 00:00:00,3,3,0
2017-07-19 01:00:00,0,0,0
2017-07-19 02:00:00,2,1,1
2017-07-19 03:00:00,1,1,0
2017-07-19 04:00:00,12,4,8
2017-07-19 05:00:00,30,6,24
2017-07-19 06:00:00,87,11,76
2017-07-19 07:00:00,169,13,156
2017-07-19 08:00:00,156,16,140
2017-07-19 09:00:00,65,4,61
2017-07-19 10:00:00,32,9,23
2017-07-19 11:00:00,24,11,13
2017-07-19 12:00:00,27,10,17
2017-07-19 13:00:00,33,17,16
2017-07-19 14:00:00,33,21,12
2017-07-19 15:00:00,83,62,21
2017-07-19 16:00:00,129,109,20
2017-07-19 17:00:00,208,177,31
2017-07-19 18:00:00,130,104,26
2017-07-19 19:00:00,69,57,12
2017-07-19 20:00:00,43,28,15
2017-07-19 21:00:00,20,9,11
2017-07-19 22:00:00,14,10,4
2017-07-19 23:00:00,9,5,4
2017-07-20 00:00:00,3,1,2
2017-07-20 01:00:00,3,2,1
2017-07-20 02:00:00,0,0,0
2017-07-20 03:00:00,1,0,1
2017-07-20 04:00:00,7,3,4
2017-07-20 05:00:00,33,6,27
2017-07-20 06:00:00,73,12,61
2017-07-20 07:00:00,164,14,150
2017-07-20 08:00:00,153,14,139
2017-07-20 09:00:00,60,9,51
2017-07-20 10:00:00,17,4,13
2017-07-20 11:00:00,22,8,14
2017-07-20 12:00:00,30,9,21
2017-07-20 13:00:00,32,13,19
2017-07-20 14:00:00,47,26,21
2017-07-20 15:00:00,48,36,12
2017-07-20 16:00:00,115,92,23
2017-07-20 17:00:00,192,164,28
2017-07-20 18:00:00,109,92,17
2017-07-20 19:00:00,65,54,11
2017-07-20 20:00:00,27,23,4
2017-07-20 21:00:00,21,16,5
2017-07-20 22:00:00,25,19,6
2017-07-20 23:00:00,12,10,2
2017-07-21 00:00:00,3,0,3
2017-07-21 01:00:00,3,3,0
2017-07-21 02:00:00,3,2,1
2017-07-21 03:00:00,0,0,0
2017-07-21 04:00:00,7,3,4
2017-07-21 05:00:00,28,7,21
2017-07-21 06:00:00,60,13,47
2017-07-21 07:00:00,138,18,120
2017-07-21 08:00:00,108,11,97
2017-07-21 09:00:00,72,18,54
2017-07-21 10:00:00,45,17,28
2017-07-21 11:00:00,36,24,12
2017-07-21 12:00:00,44,16,28
2017-07-21 13:00:00,35,15,20
2017-07-21 14:00:00,56,30,26
2017-07-21 15:00:00,86,57,29
2017-07-21 16:00:00,106,87,19
2017-07-21 17:00:00,151,130,21
2017-07-21 18:00:00,100,81,19
2017-07-21 19:00:00,44,37,7
2017-07-21 20:00:00,37,18,19
2017-07-21 21:00:00,18,15,3
2017-07-21 22:00:00,10,6,4
2017-07-21 23:00:00,16,7,9
2017-07-22 00:00:00,8,4,4
2017-07-22 01:00:00,5,4,1
2017-07-22 02:00:00,4,4,0
2017-07-22 03:00:00,5,4,1
2017-07-22 04:00:00,3,3,0
2017-07-22 05:00:00,8,3,5
2017-07-22 06:00:00,25,10,15
2017-07-22 07:00:00,40,12,28
2017-07-22 08:00:00,37,18,19
2017-07-22 09:00:00,47,22,25
2017-07-22 10:00:00,69,43,26
2017-07-22 11:00:00,37,23,14
2017-07-22 12:00:00,96,43,53
2017-07-22 13:00:00,63,29,34
2017-07-22 14:00:00,66,34,32
2017-07-22 15:00:00,55,26,29
2017-07-22 16:00:00,51,25,26
2017-07-22 17:00:00,37,26,11
2017-07-22 18:00:00,54,25,29
2017-07-22 19:00:00,29,15,14
2017-07-22 20:00:00,22,8,14
2017-07-22 21:00:00,16,10,6
2017-07-22 22:00:00,14,7,7
2017-07-22 23:00:00,8,6,2
2017-07-23 00:00:00,7,5,2
2017-07-23 01:00:00,5,3,2
2017-07-23 02:00:00,2,1,1
2017-07-23 03:00:00,1,1,0
2017-07-23 04:00:00,2,1,1
2017-07-23 05:00:00,3,0,3
2017-07-23 06:00:00,8,2,6
2017-07-23 07:00:00,17,6,11
2017-07-23 08:00:00,45,12,33
2017-07-23 09:00:00,43,16,27
2017-07-23 10:00:00,50,36,14
2017-07-23 11:00:00,93,54,39
2017-07-23 12:00:00,57,30,27
2017-07-23 13:00:00,95,52,43
2017-07-23 14:00:00,70,35,35
2017-07-23 15:00:00,64,37,27
2017-07-23 16:00:00,54,27,27
2017-07-23 17:00:00,58,22,36
2017-07-23 18:00:00,53,28,25
2017-07-23 19:00:00,15,8,7
2017-07-23 20:00:00,21,7,14
2017-07-23 21:00:00,18,11,7
2017-07-23 22:00:00,12,11,1
2017-07-23 23:00:00,5,4,1
2017-07-24 00:00:00,6,2,4
2017-07-24 01:00:00,2,1,1
2017-07-24 02:00:00,0,0,0
2017-07-24 03:00:00,1,1,0
2017-07-24 04:00:00,11,2,9
2017-07-24 05:00:00,31,7,24
2017-07-24 06:00:00,88,16,72
2017-07-24 07:00:00,170,23,147
2017-07-24 08:00:00,153,14,139
2017-07-24 09:00:00,67,10,57
2017-07-24 10:00:00,35,4,31
2017-07-24 11:00:00,29,15,14
2017-07-24 12:00:00,27,14,13
2017-07-24 13:00:00,31,20,11
2017-07-24 14:00:00,33,18,15
2017-07-24 15:00:00,63,43,20
2017-07-24 16:00:00,122,107,15
2017-07-24 17:00:00,228,198,30
2017-07-24 18:00:00,117,95,22
2017-07-24 19:00:00,64,42,22
2017-07-24 20:00:00,32,26,6
2017-07-24 21:00:00,16,12,4
2017-07-24 22:00:00,6,3,3
2017-07-24 23:00:00,8,4,4
2017-07-25 00:00:00,1,1,0
2017-07-25 01:00:00,0,0,0
2017-07-25 02:00:00,3,2,1
2017-07-25 03:00:00,1,0,1
2017-07-25 04:00:00,6,2,4
2017-07-25 05:00:00,35,7,28
2017-07-25 06:00:00,95,14,81
2017-07-25 07:00:00,213,22,191
2017-07-25 08:00:00,154,14,140
2017-07-25 09:00:00,72,10,62
2017-07-25 10:00:00,36,12,24
2017-07-25 11:00:00,37,16,21
2017-07-25 12:00:00,31,10,21
2017-07-25 13:00:00,20,5,15
2017-07-25 14:00:00,30,18,12
2017-07-25 15:00:00,64,40,24
2017-07-25 16:00:00,137,116,21
2017-07-25 17:00:00,226,190,36
2017-07-25 18:00:00,166,130,36
2017-07-25 19:00:00,58,42,16
2017-07-25 20:00:00,41,26,15
2017-07-25 21:00:00,17,9,8
2017-07-25 22:00:00,13,8,5
2017-07-25 23:00:00,11,11,0
2017-07-26 00:00:00,4,3,1
2017-07-26 01:00:00,0,0,0
2017-07-26 02:00:00,0,0,0
2017-07-26 03:00:00,1,1,0
2017-07-26 04:00:00,6,1,5
2017-07-26 05:00:00,26,8,18
2017-07-26 06:00:00,83,15,68
2017-07-26 07:00:00,188,22,166
2017-07-26 08:00:00,164,17,147
2017-07-26 09:00:00,71,11,60
2017-07-26 10:00:00,40,9,31
2017-07-26 11:00:00,23,9,14
2017-07-26 12:00:00,32,18,14
2017-07-26 13:00:00,40,20,20
2017-07-26 14:00:00,42,30,12
2017-07-26 15:00:00,50,33,17
2017-07-26 16:00:00,118,98,20
2017-07-26 17:00:00,221,198,23
2017-07-26 18:00:00,152,127,25
2017-07-26 19:00:00,51,42,9
2017-07-26 20:00:00,36,20,16
2017-07-26 21:00:00,13,9,4
2017-07-26 22:00:00,8,5,3
2017-07-26 23:00:00,8,5,3
2017-07-27 00:00:00,4,2,2
2017-07-27 01:00:00,1,1,0
2017-07-27 02:00:00,1,1,0
2017-07-27 03:00:00,1,1,0
2017-07-27 04:00:00,5,2,3
2017-07-27 05:00:00,37,9,28
2017-07-27 06:00:00,77,11,66
2017-07-27 07:00:00,152,10,142
2017-07-27 08:00:00,148,17,131
2017-07-27 09:00:00,51,5,46
2017-07-27 10:00:00,27,5,22
2017-07-27 11:00:00,15,6,9
2017-07-27 12:00:00,22,6,16
2017-07-27 13:00:00,20,9,11
2017-07-27 14:00:00,40,25,15
2017-07-27 15:00:00,49,34,15
2017-07-27 16:00:00,128,99,29
2017-07-27 17:00:00,186,158,28
2017-07-27 18:00:00,133,105,28
2017-07-27 19:00:00,62,47,15
2017-07-27 20:00:00,37,29,8
2017-07-27 21:00:00,23,17,6
2017-07-27 22:00:00,9,8,1
2017-07-27 23:00:00,8,4,4
2017-07-28 00:00:00,4,3,1
2017-07-28 01:00:00,1,1,0
2017-07-28 02:00:00,2,1,1
2017-07-28 03:00:00,3,3,0
2017-07-28 04:00:00,6,2,4
2017-07-28 05:00:00,23,4,19
2017-07-28 06:00:00,50,9,41
2017-07-28 07:00:00,133,15,118
2017-07-28 08:00:00,121,14,107
2017-07-28 09:00:00,59,8,51
2017-07-28 10:00:00,24,7,17
2017-07-28 11:00:00,30,10,20
2017-07-28 12:00:00,23,7,16
2017-07-28 13:00:00,30,20,10
2017-07-28 14:00:00,50,28,22
2017-07-28 15:00:00,68,48,20
2017-07-28 16:00:00,129,101,28
2017-07-28 17:00:00,137,121,16
2017-07-28 18:00:00,88,72,16
2017-07-28 19:00:00,74,49,25
2017-07-28 20:00:00,36,23,13
2017-07-28 21:00:00,29,9,20
2017-07-28 22:00:00,17,8,9
2017-07-28 23:00:00,22,18,4
2017-07-29 00:00:00,3,1,2
2017-07-29 01:00:00,2,2,0
2017-07-29 02:00:00,7,5,2
2017-07-29 03:00:00,6,4,2
2017-07-29 04:00:00,6,3,3
2017-07-29 05:00:00,11,2,9
2017-07-29 06:00:00,15,3,12
2017-07-29 07:00:00,15,6,9
2017-07-29 08:00:00,41,12,29
2017-07-29 09:00:00,51,29,22
2017-07-29 10:00:00,88,57,31
2017-07-29 11:00:00,53,29,24
2017-07-29 12:00:00,91,37,54
2017-07-29 13:00:00,82,44,38
2017-07-29 14:00:00,73,35,38
2017-07-29 15:00:00,92,59,33
2017-07-29 16:00:00,82,49,33
2017-07-29 17:00:00,54,25,29
2017-07-29 18:00:00,42,20,22
2017-07-29 19:00:00,26,6,20
2017-07-29 20:00:00,23,15,8
2017-07-29 21:00:00,17,14,3
2017-07-29 22:00:00,9,5,4
2017-07-29 23:00:00,9,6,3
2017-07-30 00:00:00,4,1,3
2017-07-30 01:00:00,2,1,1
2017-07-30 02:00:00,0,0,0
2017-07-30 03:00:00,1,0,1
2017-07-30 04:00:00,1,1,0
2017-07-30 05:00:00,7,2,5
2017-07-30 06:00:00,5,1,4
2017-07-30 07:00:00,14,4,10
2017-07-30 08:00:00,26,9,17
2017-07-30 09:00:00,35,23,12
2017-07-30 10:00:00,61,43,18
2017-07-30 11:00:00,75,41,34
2017-07-30 12:00:00,67,41,26
2017-07-30 13:00:00,79,41,38
2017-07-30 14:00:00,108,47,61
2017-07-30 15:00:00,71,39,32
2017-07-30 16:00:00,73,33,40
2017-07-30 17:00:00,41,26,15
2017-07-30 18:00:00,31,19,12
2017-07-30 19:00:00,29,17,12
2017-07-30 20:00:00,26,10,16
2017-07-30 21:00:00,12,5,7
2017-07-30 22:00:00,18,8,10
2017-07-30 23:00:00,1,0,1
2017-07-31 00:00:00,3,0,3
2017-07-31 01:00:00,1,1,0
2017-07-31 02:00:00,1,0,1
2017-07-31 03:00:00,1,1,0
2017-07-31 04:00:00,6,2,4
2017-07-31 05:00:00,19,6,13
2017-07-31 06:00:00,83,14,69
2017-07-31 07:00:00,181,14,167
2017-07-31 08:00:00,185,20,165
2017-07-31 09:00:00,55,5,50
2017-07-31 10:00:00,33,7,26
2017-07-31 11:00:00,40,11,29
2017-07-31 12:00:00,32,17,15
2017-07-31 13:00:00,27,9,18
2017-07-31 14:00:00,30,19,11
2017-07-31 15:00:00,77,52,25
2017-07-31 16:00:00,126,99,27
2017-07-31 17:00:00,223,198,25
2017-07-31 18:00:00,164,138,26
2017-07-31 19:00:00,65,54,11
2017-07-31 20:00:00,29,18,11
2017-07-31 21:00:00,14,10,4
2017-07-31 22:00:00,8,6,2
2017-07-31 23:00:00,3,0,3
2017-08-01 00:00:00,5,5,0
2017-08-01 01:00:00,3,2,1
2017-08-01 02:00:00,2,1,1
2017-08-01 03:00:00,2,2,0
2017-08-01 04:00:00,11,2,9
2017-08-01 05:00:00,28,5,23
2017-08-01 06:00:00,105,13,92
2017-08-01 07:00:00,219,19,200
2017-08-01 08:00:00,164,18,146
2017-08-01 09:00:00,74,13,61
2017-08-01 10:00:00,34,8,26
2017-08-01 11:00:00,24,15,9
2017-08-01 12:00:00,33,16,17
2017-08-01 13:00:00,25,11,14
2017-08-01 14:00:00,31,15,16
2017-08-01 15:00:00,62,46,16
2017-08-01 16:00:00,153,130,23
2017-08-01 17:00:00,222,196,26
2017-08-01 18:00:00,133,113,20
2017-08-01 19:00:00,57,48,9
2017-08-01 20:00:00,36,25,11
2017-08-01 21:00:00,17,11,6
2017-08-01 22:00:00,13,8,5
2017-08-01 23:00:00,4,1,3
2017-08-02 00:00:00,2,2,0
2017-08-02 01:00:00,6,4,2
2017-08-02 02:00:00,3,2,1
2017-08-02 03:00:00,0,0,0
2017-08-02 04:00:00,7,2,5
2017-08-02 05:00:00,31,5,26
2017-08-02 06:00:00,94,14,80
2017-08-02 07:00:00,176,17,159
2017-08-02 08:00:00,157,12,145
2017-08-02 09:00:00,66,8,58
2017-08-02 10:00:00,34,7,27
2017-08-02 11:00:00,25,12,13
2017-08-02 12:00:00,26,13,13
2017-08-02 13:00:00,32,15,17
2017-08-02 14:00:00,29,21,8
2017-08-02 15:00:00,62,46,16
2017-08-02 16:00:00,119,101,18
2017-08-02 17:00:00,195,174,21
2017-08-02 18:00:00,125,114,11
2017-08-02 19:00:00,56,42,14
2017-08-02 20:00:00,47,29,18
2017-08-02 21:00:00,21,13,8
2017-08-02 22:00:00,19,8,11
2017-08-02 23:00:00,4,2,2
2017-08-03 00:00:00,3,2,1
2017-08-03 01:00:00,0,0,0
2017-08-03 02:00:00,4,4,0
2017-08-03 03:00:00,0,0,0
2017-08-03 04:00:00,7,1,6
2017-08-03 05:00:00,31,3,28
2017-08-03 06:00:00,75,13,62
2017-08-03 07:00:00,164,11,153
2017-08-03 08:00:00,125,13,112
2017-08-03 09:00:00,53,5,48
2017-08-03 10:00:00,30,6,24
2017-08-03 11:00:00,20,10,10
2017-08-03 12:00:00,25,14,11
2017-08-03 13:00:00,19,8,11
2017-08-03 14:00:00,25,17,8
2017-08-03 15:00:00,58,41,17
2017-08-03 16:00:00,91,73,18
2017-08-03 17:00:00,175,158,17
2017-08-03 18:00:00,112,97,15
2017-08-03 19:00:00,51,38,13
2017-08-03 20:00:00,32,22,10
2017-08-03 21:00:00,14,7,7
2017-08-03 22:00:00,14,11,3
2017-08-03 23:00:00,9,3,6
2017-08-04 00:00:00,7,5,2
2017-08-04 01:00:00,4,3,1
2017-08-04 02:00:00,4,4,0
2017-08-04 03:00:00,5,3,2
2017-08-04 04:00:00,9,4,5
2017-08-04 05:00:00,17,4,13
2017-08-04 06:00:00,58,14,44
2017-08-04 07:00:00,135,21,114
2017-08-04 08:00:00,97,14,83
2017-08-04 09:00:00,46,9,37
2017-08-04 10:00:00,24,7,17
2017-08-04 11:00:00,21,5,16
2017-08-04 12:00:00,28,11,17
2017-08-04 13:00:00,36,27,9
2017-08-04 14:00:00,34,21,13
2017-08-04 15:00:00,55,35,20
2017-08-04 16:00:00,91,75,16
2017-08-04 17:00:00,107,92,15
2017-08-04 18:00:00,74,59,15
2017-08-04 19:00:00,32,25,7
2017-08-04 20:00:00,25,14,11
2017-08-04 21:00:00,10,7,3
2017-08-04 22:00:00,7,4,3
2017-08-04 23:00:00,5,2,3
2017-08-05 00:00:00,3,2,1
2017-08-05 01:00:00,2,1,1
2017-08-05 02:00:00,3,3,0
2017-08-05 03:00:00,2,2,0
2017-08-05 04:00:00,2,1,1
2017-08-05 05:00:00,6,1,5
2017-08-05 06:00:00,10,4,6
2017-08-05 07:00:00,17,6,11
2017-08-05 08:00:00,39,20,19
2017-08-05 09:00:00,43,20,23
2017-08-05 10:00:00,44,17,27
2017-08-05 11:00:00,49,25,24
2017-08-05 12:00:00,75,26,49
2017-08-05 13:00:00,59,24,35
2017-08-05 14:00:00,60,26,34
2017-08-05 15:00:00,66,30,36
2017-08-05 16:00:00,79,22,57
2017-08-05 17:00:00,35,14,21
2017-08-05 18:00:00,45,30,15
2017-08-05 19:00:00,27,13,14
2017-08-05 20:00:00,16,11,5
2017-08-05 21:00:00,15,9,6
2017-08-05 22:00:00,10,9,1
2017-08-05 23:00:00,19,15,4
2017-08-06 00:00:00,14,12,2
2017-08-06 01:00:00,22,19,3
2017-08-06 02:00:00,2,2,0
2017-08-06 03:00:00,3,2,1
2017-08-06 04:00:00,2,1,1
2017-08-06 05:00:00,8,1,7
2017-08-06 06:00:00,13,8,5
2017-08-06 07:00:00,14,4,10
2017-08-06 08:00:00,43,22,21
2017-08-06 09:00:00,39,22,17
2017-08-06 10:00:00,67,32,35
2017-08-06 11:00:00,64,34,30
2017-08-06 12:00:00,70,26,44
2017-08-06 13:00:00,75,37,38
2017-08-06 14:00:00,78,31,47
2017-08-06 15:00:00,55,29,26
2017-08-06 16:00:00,38,22,16
2017-08-06 17:00:00,33,19,14
2017-08-06 18:00:00,29,17,12
2017-08-06 19:00:00,18,12,6
2017-08-06 20:00:00,18,12,6
2017-08-06 21:00:00,9,5,4
2017-08-06 22:00:00,5,3,2
2017-08-06 23:00:00,3,2,1
2017-08-07 00:00:00,5,1,4
2017-08-07 01:00:00,5,5,0
2017-08-07 02:00:00,2,0,2
2017-08-07 03:00:00,2,1,1
2017-08-07 04:00:00,8,1,7
2017-08-07 05:00:00,32,3,29
2017-08-07 06:00:00,84,11,73
2017-08-07 07:00:00,182,16,166
2017-08-07 08:00:00,181,16,165
2017-08-07 09:00:00,66,10,56
2017-08-07 10:00:00,24,4,20
2017-08-07 11:00:00,23,8,15
2017-08-07 12:00:00,31,13,18
2017-08-07 13:00:00,25,13,12
2017-08-07 14:00:00,29,19,10
2017-08-07 15:00:00,64,47,17
2017-08-07 16:00:00,139,115,24
2017-08-07 17:00:00,219,198,21
2017-08-07 18:00:00,120,101,19
2017-08-07 19:00:00,63,46,17
2017-08-07 20:00:00,25,17,8
2017-08-07 21:00:00,10,9,1
2017-08-07 22:00:00,8,3,5
2017-08-07 23:00:00,3,3,0
2017-08-08 00:00:00,2,0,2
2017-08-08 01:00:00,2,1,1
2017-08-08 02:00:00,4,3,1
2017-08-08 03:00:00,2,1,1
2017-08-08 04:00:00,9,3,6
2017-08-08 05:00:00,34,8,26
2017-08-08 06:00:00,91,11,80
2017-08-08 07:00:00,190,30,160
2017-08-08 08:00:00,169,18,151
2017-08-08 09:00:00,64,8,56
2017-08-08 10:00:00,58,20,38
2017-08-08 11:00:00,21,8,13
2017-08-08 12:00:00,36,16,20
2017-08-08 13:00:00,39,16,23
2017-08-08 14:00:00,35,18,17
2017-08-08 15:00:00,64,48,16
2017-08-08 16:00:00,138,107,31
2017-08-08 17:00:00,219,196,23
2017-08-08 18:00:00,125,103,22
2017-08-08 19:00:00,70,51,19
2017-08-08 20:00:00,33,22,11
2017-08-08 21:00:00,20,10,10
2017-08-08 22:00:00,11,6,5
2017-08-08 23:00:00,9,6,3
2017-08-09 00:00:00,4,4,0
2017-08-09 01:00:00,2,1,1
2017-08-09 02:00:00,11,6,5
2017-08-09 03:00:00,6,2,4
2017-08-09 04:00:00,3,1,2
2017-08-09 05:00:00,27,4,23
2017-08-09 06:00:00,90,17,73
2017-08-09 07:00:00,201,16,185
2017-08-09 08:00:00,147,16,131
2017-08-09 09:00:00,66,5,61
2017-08-09 10:00:00,39,11,28
2017-08-09 11:00:00,23,13,10
2017-08-09 12:00:00,34,15,19
2017-08-09 13:00:00,28,12,16
2017-08-09 14:00:00,36,20,16
2017-08-09 15:00:00,52,39,13
2017-08-09 16:00:00,121,94,27
2017-08-09 17:00:00,195,171,24
2017-08-09 18:00:00,151,125,26
2017-08-09 19:00:00,67,56,11
2017-08-09 20:00:00,36,25,11
2017-08-09 21:00:00,25,12,13
2017-08-09 22:00:00,14,10,4
2017-08-09 23:00:00,10,10,0
2017-08-10 00:00:00,6,4,2
2017-08-10 01:00:00,2,1,1
2017-08-10 02:00:00,3,2,1
2017-08-10 03:00:00,4,3,1
2017-08-10 04:00:00,8,5,3
2017-08-10 05:00:00,36,8,28
2017-08-10 06:00:00,70,13,57
2017-08-10 07:00:00,189,16,173
2017-08-10 08:00:00,131,14,117
2017-08-10 09:00:00,62,12,50
2017-08-10 10:00:00,28,5,23
2017-08-10 11:00:00,20,5,15
2017-08-10 12:00:00,28,10,18
2017-08-10 13:00:00,30,16,14
2017-08-10 14:00:00,34,19,15
2017-08-10 15:00:00,74,52,22
2017-08-10 16:00:00,115,94,21
2017-08-10 17:00:00,202,179,23
2017-08-10 18:00:00,119,98,21
2017-08-10 19:00:00,56,47,9
2017-08-10 20:00:00,30,19,11
2017-08-10 21:00:00,21,12,9
2017-08-10 22:00:00,15,13,2
2017-08-10 23:00:00,6,4,2
2017-08-11 00:00:00,6,5,1
2017-08-11 01:00:00,4,2,2
2017-08-11 02:00:00,2,2,0
2017-08-11 03:00:00,4,0,4
2017-08-11 04:00:00,6,4,2
2017-08-11 05:00:00,22,3,19
2017-08-11 06:00:00,61,13,48
2017-08-11 07:00:00,145,16,129
2017-08-11 08:00:00,131,19,112
2017-08-11 09:00:00,51,11,40
2017-08-11 10:00:00,36,15,21
2017-08-11 11:00:00,38,14,24
2017-08-11 12:00:00,30,17,13
2017-08-11 13:00:00,46,26,20
2017-08-11 14:00:00,50,28,22
2017-08-11 15:00:00,68,45,23
2017-08-11 16:00:00,115,93,22
2017-08-11 17:00:00,171,144,27
2017-08-11 18:00:00,84,70,14
2017-08-11 19:00:00,51,40,11
2017-08-11 20:00:00,28,19,9
2017-08-11 21:00:00,23,13,10
2017-08-11 22:00:00,18,9,9
2017-08-11 23:00:00,10,6,4
2017-08-12 00:00:00,10,4,6
2017-08-12 01:00:00,5,4,1
2017-08-12 02:00:00,4,2,2
2017-08-12 03:00:00,5,3,2
2017-08-12 04:00:00,4,2,2
2017-08-12 05:00:00,4,1,3
2017-08-12 06:00:00,9,2,7
2017-08-12 07:00:00,21,6,15
2017-08-12 08:00:00,39,19,20
2017-08-12 09:00:00,28,12,16
2017-08-12 10:00:00,59,30,29
2017-08-12 11:00:00,55,17,38
2017-08-12 12:00:00,59,26,33
2017-08-12 13:00:00,59,32,27
2017-08-12 14:00:00,56,27,29
2017-08-12 15:00:00,63,41,22
2017-08-12 16:00:00,52,26,26
2017-08-12 17:00:00,70,46,24
2017-08-12 18:00:00,42,23,19
2017-08-12 19:00:00,18,12,6
2017-08-12 20:00:00,19,7,12
2017-08-12 21:00:00,11,5,6
2017-08-12 22:00:00,6,2,4
2017-08-12 23:00:00,4,4,0
2017-08-13 00:00:00,1,0,1
2017-08-13 01:00:00,6,2,4
2017-08-13 02:00:00,0,0,0
2017-08-13 03:00:00,2,1,1
2017-08-13 04:00:00,1,1,0
2017-08-13 05:00:00,6,0,6
2017-08-13 06:00:00,5,2,3
2017-08-13 07:00:00,10,3,7
2017-08-13 08:00:00,19,6,13
2017-08-13 09:00:00,31,13,18
2017-08-13 10:00:00,63,34,29
2017-08-13 11:00:00,82,16,66
2017-08-13 12:00:00,101,24,77
2017-08-13 13:00:00,53,26,27
2017-08-13 14:00:00,44,17,27
2017-08-13 15:00:00,46,23,23
2017-08-13 16:00:00,44,28,16
2017-08-13 17:00:00,30,16,14
2017-08-13 18:00:00,27,13,14
2017-08-13 19:00:00,11,8,3
2017-08-13 20:00:00,14,9,5
2017-08-13 21:00:00,10,4,6
2017-08-13 22:00:00,9,5,4
2017-08-13 23:00:00,6,3,3
2017-08-14 00:00:00,4,1,3
2017-08-14 01:00:00,2,0,2
2017-08-14 02:00:00,1,0,1
2017-08-14 03:00:00,3,1,2
2017-08-14 04:00:00,7,3,4
2017-08-14 05:00:00,27,4,23
2017-08-14 06:00:00,78,12,66
2017-08-14 07:00:00,158,21,137
2017-08-14 08:00:00,149,20,129
2017-08-14 09:00:00,71,5,66
2017-08-14 10:00:00,33,12,21
2017-08-14 11:00:00,27,12,15
2017-08-14 12:00:00,19,10,9
2017-08-14 13:00:00,33,17,16
2017-08-14 14:00:00,36,24,12
2017-08-14 15:00:00,60,45,15
2017-08-14 16:00:00,134,107,27
2017-08-14 17:00:00,194,172,22
2017-08-14 18:00:00,126,105,21
2017-08-14 19:00:00,47,38,9
2017-08-14 20:00:00,22,18,4
2017-08-14 21:00:00,21,13,8
2017-08-14 22:00:00,7,4,3
2017-08-14 23:00:00,6,5,1
2017-08-15 00:00:00,2,1,1
2017-08-15 01:00:00,1,1,0
2017-08-15 02:00:00,0,0,0
2017-08-15 03:00:00,5,4,1
2017-08-15 04:00:00,6,1,5
2017-08-15 05:00:00,35,3,32
2017-08-15 06:00:00,83,9,74
2017-08-15 07:00:00,193,23,170
2017-08-15 08:00:00,154,9,145
2017-08-15 09:00:00,68,12,56
2017-08-15 10:00:00,29,8,21
2017-08-15 11:00:00,35,15,20
2017-08-15 12:00:00,34,18,16
2017-08-15 13:00:00,24,8,16
2017-08-15 14:00:00,35,20,15
2017-08-15 15:00:00,70,47,23
2017-08-15 16:00:00,124,98,26
2017-08-15 17:00:00,201,178,23
2017-08-15 18:00:00,159,138,21
2017-08-15 19:00:00,69,52,17
2017-08-15 20:00:00,32,20,12
2017-08-15 21:00:00,18,14,4
2017-08-15 22:00:00,18,12,6
2017-08-15 23:00:00,5,3,2
2017-08-16 00:00:00,3,3,0
2017-08-16 01:00:00,1,1,0
2017-08-16 02:00:00,1,1,0
2017-08-16 03:00:00,4,3,1
2017-08-16 04:00:00,6,2,4
2017-08-16 05:00:00,29,2,27
2017-08-16 06:00:00,83,7,76
2017-08-16 07:00:00,92,17,75
2017-08-16 08:00:00,224,21,203
2017-08-16 09:00:00,67,11,56
2017-08-16 10:00:00,36,6,30
2017-08-16 11:00:00,35,7,28
2017-08-16 12:00:00,26,15,11
2017-08-16 13:00:00,40,20,20
2017-08-16 14:00:00,41,23,18
2017-08-16 15:00:00,64,49,15
2017-08-16 16:00:00,138,107,31
2017-08-16 17:00:00,212,182,30
2017-08-16 18:00:00,135,112,23
2017-08-16 19:00:00,77,57,20
2017-08-16 20:00:00,45,34,11
2017-08-16 21:00:00,35,22,13
2017-08-16 22:00:00,4,1,3
2017-08-16 23:00:00,9,5,4
2017-08-17 00:00:00,2,0,2
2017-08-17 01:00:00,4,3,1
2017-08-17 02:00:00,4,2,2
2017-08-17 03:00:00,3,2,1
2017-08-17 04:00:00,4,1,3
2017-08-17 05:00:00,33,5,28
2017-08-17 06:00:00,89,10,79
2017-08-17 07:00:00,161,17,144
2017-08-17 08:00:00,138,14,124
2017-08-17 09:00:00,56,6,50
2017-08-17 10:00:00,24,6,18
2017-08-17 11:00:00,20,5,15
2017-08-17 12:00:00,27,15,12
2017-08-17 13:00:00,40,17,23
2017-08-17 14:00:00,40,27,13
2017-08-17 15:00:00,59,41,18
2017-08-17 16:00:00,121,100,21
2017-08-17 17:00:00,193,171,22
2017-08-17 18:00:00,129,114,15
2017-08-17 19:00:00,58,40,18
2017-08-17 20:00:00,32,21,11
2017-08-17 21:00:00,15,9,6
2017-08-17 22:00:00,9,5,4
2017-08-17 23:00:00,11,3,8
2017-08-18 00:00:00,6,4,2
2017-08-18 01:00:00,5,2,3
2017-08-18 02:00:00,3,3,0
2017-08-18 03:00:00,0,0,0
2017-08-18 04:00:00,3,1,2
2017-08-18 05:00:00,23,4,19
2017-08-18 06:00:00,55,5,50
2017-08-18 07:00:00,116,14,102
2017-08-18 08:00:00,135,10,125
2017-08-18 09:00:00,42,4,38
2017-08-18 10:00:00,26,10,16
2017-08-18 11:00:00,20,5,15
2017-08-18 12:00:00,29,14,15
2017-08-18 13:00:00,40,18,22
2017-08-18 14:00:00,49,32,17
2017-08-18 15:00:00,68,45,23
2017-08-18 16:00:00,106,90,16
2017-08-18 17:00:00,136,119,17
2017-08-18 18:00:00,79,68,11
2017-08-18 19:00:00,44,28,16
2017-08-18 20:00:00,15,10,5
2017-08-18 21:00:00,15,12,3
2017-08-18 22:00:00,13,9,4
2017-08-18 23:00:00,9,7,2
2017-08-19 00:00:00,6,5,1
2017-08-19 01:00:00,3,1,2
2017-08-19 02:00:00,1,1,0
2017-08-19 03:00:00,3,2,1
2017-08-19 04:00:00,1,1,0
2017-08-19 05:00:00,3,0,3
2017-08-19 06:00:00,10,4,6
2017-08-19 07:00:00,22,6,16
2017-08-19 08:00:00,42,17,25
2017-08-19 09:00:00,37,21,16
2017-08-19 10:00:00,44,20,24
2017-08-19 11:00:00,63,35,28
2017-08-19 12:00:00,50,29,21
2017-08-19 13:00:00,62,24,38
2017-08-19 14:00:00,53,25,28
2017-08-19 15:00:00,38,24,14
2017-08-19 16:00:00,49,23,26
2017-08-19 17:00:00,60,37,23
2017-08-19 18:00:00,36,25,11
2017-08-19 19:00:00,27,19,8
2017-08-19 20:00:00,16,9,7
2017-08-19 21:00:00,17,6,11
2017-08-19 22:00:00,18,4,14
2017-08-19 23:00:00,4,4,0
2017-08-20 00:00:00,6,4,2
2017-08-20 01:00:00,8,4,4
2017-08-20 02:00:00,3,3,0
2017-08-20 03:00:00,2,1,1
2017-08-20 04:00:00,4,3,1
2017-08-20 05:00:00,6,1,5
2017-08-20 06:00:00,7,2,5
2017-08-20 07:00:00,10,3,7
2017-08-20 08:00:00,30,11,19
2017-08-20 09:00:00,35,17,18
2017-08-20 10:00:00,35,16,19
2017-08-20 11:00:00,37,23,14
2017-08-20 12:00:00,57,35,22
2017-08-20 13:00:00,75,37,38
2017-08-20 14:00:00,48,26,22
2017-08-20 15:00:00,41,23,18
2017-08-20 16:00:00,62,29,33
2017-08-20 17:00:00,38,18,20
2017-08-20 18:00:00,35,13,22
2017-08-20 19:00:00,19,12,7
2017-08-20 20:00:00,16,15,1
2017-08-20 21:00:00,21,17,4
2017-08-20 22:00:00,5,4,1
2017-08-20 23:00:00,5,2,3
2017-08-21 00:00:00,6,2,4
2017-08-21 01:00:00,1,0,1
2017-08-21 02:00:00,1,1,0
2017-08-21 03:00:00,4,3,1
2017-08-21 04:00:00,5,2,3
2017-08-21 05:00:00,34,3,31
2017-08-21 06:00:00,66,10,56
2017-08-21 07:00:00,137,12,125
2017-08-21 08:00:00,111,16,95
2017-08-21 09:00:00,45,5,40
2017-08-21 10:00:00,32,9,23
2017-08-21 11:00:00,27,8,19
2017-08-21 12:00:00,24,11,13
2017-08-21 13:00:00,30,12,18
2017-08-21 14:00:00,40,22,18
2017-08-21 15:00:00,57,42,15
2017-08-21 16:00:00,95,82,13
2017-08-21 17:00:00,160,145,15
2017-08-21 18:00:00,102,90,12
2017-08-21 19:00:00,34,28,6
2017-08-21 20:00:00,19,13,6
2017-08-21 21:00:00,10,10,0
2017-08-21 22:00:00,5,3,2
2017-08-21 23:00:00,4,1,3
2017-08-22 00:00:00,1,1,0
2017-08-22 01:00:00,4,4,0
2017-08-22 02:00:00,1,0,1
2017-08-22 03:00:00,2,1,1
2017-08-22 04:00:00,6,1,5
2017-08-22 05:00:00,33,6,27
2017-08-22 06:00:00,57,10,47
2017-08-22 07:00:00,177,17,160
2017-08-22 08:00:00,141,16,125
2017-08-22 09:00:00,71,7,64
2017-08-22 10:00:00,35,6,29
2017-08-22 11:00:00,24,12,12
2017-08-22 12:00:00,26,11,15
2017-08-22 13:00:00,42,21,21
2017-08-22 14:00:00,24,13,11
2017-08-22 15:00:00,64,46,18
2017-08-22 16:00:00,122,111,11
2017-08-22 17:00:00,208,186,22
2017-08-22 18:00:00,112,99,13
2017-08-22 19:00:00,50,38,12
2017-08-22 20:00:00,37,22,15
2017-08-22 21:00:00,8,7,1
2017-08-22 22:00:00,8,3,5
2017-08-22 23:00:00,6,6,0
2017-08-23 00:00:00,3,2,1
2017-08-23 01:00:00,1,0,1
2017-08-23 02:00:00,4,3,1
2017-08-23 03:00:00,2,1,1
2017-08-23 04:00:00,10,2,8
2017-08-23 05:00:00,30,2,28
2017-08-23 06:00:00,91,14,77
2017-08-23 07:00:00,167,20,147
2017-08-23 08:00:00,152,13,139
2017-08-23 09:00:00,68,11,57
2017-08-23 10:00:00,31,6,25
2017-08-23 11:00:00,20,6,14
2017-08-23 12:00:00,26,12,14
2017-08-23 13:00:00,41,20,21
2017-08-23 14:00:00,34,21,13
2017-08-23 15:00:00,72,54,18
2017-08-23 16:00:00,122,99,23
2017-08-23 17:00:00,184,165,19
2017-08-23 18:00:00,134,109,25
2017-08-23 19:00:00,59,42,17
2017-08-23 20:00:00,30,17,13
2017-08-23 21:00:00,14,12,2
2017-08-23 22:00:00,5,3,2
2017-08-23 23:00:00,5,5,0
2017-08-24 00:00:00,6,2,4
2017-08-24 01:00:00,4,2,2
2017-08-24 02:00:00,0,0,0
2017-08-24 03:00:00,3,1,2
2017-08-24 04:00:00,5,3,2
2017-08-24 05:00:00,27,3,24
2017-08-24 06:00:00,61,11,50
2017-08-24 07:00:00,158,13,145
2017-08-24 08:00:00,168,20,148
2017-08-24 09:00:00,53,6,47
2017-08-24 10:00:00,32,5,27
2017-08-24 11:00:00,27,12,15
2017-08-24 12:00:00,36,15,21
2017-08-24 13:00:00,32,17,15
2017-08-24 14:00:00,32,14,18
2017-08-24 15:00:00,62,49,13
2017-08-24 16:00:00,117,96,21
2017-08-24 17:00:00,172,147,25
2017-08-24 18:00:00,100,84,16
2017-08-24 19:00:00,59,48,11
2017-08-24 20:00:00,19,18,1
2017-08-24 21:00:00,23,21,2
2017-08-24 22:00:00,8,5,3
2017-08-24 23:00:00,7,6,1
2017-08-25 00:00:00,8,6,2
2017-08-25 01:00:00,4,3,1
2017-08-25 02:00:00,2,1,1
2017-08-25 03:00:00,4,1,3
2017-08-25 04:00:00,5,1,4
2017-08-25 05:00:00,15,2,13
2017-08-25 06:00:00,58,5,53
2017-08-25 07:00:00,132,7,125
2017-08-25 08:00:00,131,12,119
2017-08-25 09:00:00,52,5,47
2017-08-25 10:00:00,29,9,20
2017-08-25 11:00:00,29,13,16
2017-08-25 12:00:00,31,17,14
2017-08-25 13:00:00,31,17,14
2017-08-25 14:00:00,51,33,18
2017-08-25 15:00:00,81,56,25
2017-08-25 16:00:00,129,109,20
2017-08-25 17:00:00,146,118,28
2017-08-25 18:00:00,76,68,8
2017-08-25 19:00:00,47,33,14
2017-08-25 20:00:00,26,20,6
2017-08-25 21:00:00,15,9,6
2017-08-25 22:00:00,12,10,2
2017-08-25 23:00:00,12,7,5
2017-08-26 00:00:00,2,1,1
2017-08-26 01:00:00,2,1,1
2017-08-26 02:00:00,5,4,1
2017-08-26 03:00:00,4,2,2
2017-08-26 04:00:00,1,0,1
2017-08-26 05:00:00,5,0,5
2017-08-26 06:00:00,14,4,10
2017-08-26 07:00:00,18,7,11
2017-08-26 08:00:00,28,7,21
2017-08-26 09:00:00,44,22,22
2017-08-26 10:00:00,61,21,40
2017-08-26 11:00:00,82,39,43
2017-08-26 12:00:00,78,33,45
2017-08-26 13:00:00,72,39,33
2017-08-26 14:00:00,63,32,31
2017-08-26 15:00:00,62,31,31
2017-08-26 16:00:00,64,34,30
2017-08-26 17:00:00,35,19,16
2017-08-26 18:00:00,51,30,21
2017-08-26 19:00:00,28,19,9
2017-08-26 20:00:00,26,13,13
2017-08-26 21:00:00,3,2,1
2017-08-26 22:00:00,12,8,4
2017-08-26 23:00:00,5,5,0
2017-08-27 00:00:00,5,3,2
2017-08-27 01:00:00,4,3,1
2017-08-27 02:00:00,1,1,0
2017-08-27 03:00:00,2,1,1
2017-08-27 04:00:00,1,1,0
2017-08-27 05:00:00,4,1,3
2017-08-27 06:00:00,4,0,4
2017-08-27 07:00:00,8,3,5
2017-08-27 08:00:00,33,14,19
2017-08-27 09:00:00,45,22,23
2017-08-27 10:00:00,68,32,36
2017-08-27 11:00:00,73,47,26
2017-08-27 12:00:00,79,42,37
2017-08-27 13:00:00,68,30,38
2017-08-27 14:00:00,69,34,35
2017-08-27 15:00:00,68,34,34
2017-08-27 16:00:00,54,31,23
2017-08-27 17:00:00,55,24,31
2017-08-27 18:00:00,37,15,22
2017-08-27 19:00:00,23,13,10
2017-08-27 20:00:00,10,8,2
2017-08-27 21:00:00,20,17,3
2017-08-27 22:00:00,4,2,2
2017-08-27 23:00:00,6,4,2
2017-08-28 00:00:00,2,1,1
2017-08-28 01:00:00,4,2,2
2017-08-28 02:00:00,2,1,1
2017-08-28 03:00:00,1,0,1
2017-08-28 04:00:00,10,3,7
2017-08-28 05:00:00,25,2,23
2017-08-28 06:00:00,75,13,62
2017-08-28 07:00:00,181,14,167
2017-08-28 08:00:00,154,28,126
2017-08-28 09:00:00,52,4,48
2017-08-28 10:00:00,25,7,18
2017-08-28 11:00:00,16,8,8
2017-08-28 12:00:00,22,12,10
2017-08-28 13:00:00,21,12,9
2017-08-28 14:00:00,32,23,9
2017-08-28 15:00:00,57,36,21
2017-08-28 16:00:00,105,92,13
2017-08-28 17:00:00,190,170,20
2017-08-28 18:00:00,115,101,14
2017-08-28 19:00:00,65,53,12
2017-08-28 20:00:00,26,17,9
2017-08-28 21:00:00,11,4,7
2017-08-28 22:00:00,6,2,4
2017-08-28 23:00:00,3,2,1
2017-08-29 00:00:00,1,0,1
2017-08-29 01:00:00,5,3,2
2017-08-29 02:00:00,2,1,1
2017-08-29 03:00:00,0,0,0
2017-08-29 04:00:00,5,3,2
2017-08-29 05:00:00,34,5,29
2017-08-29 06:00:00,82,14,68
2017-08-29 07:00:00,178,15,163
2017-08-29 08:00:00,158,12,146
2017-08-29 09:00:00,50,10,40
2017-08-29 10:00:00,36,9,27
2017-08-29 11:00:00,23,10,13
2017-08-29 12:00:00,26,15,11
2017-08-29 13:00:00,35,14,21
2017-08-29 14:00:00,35,21,14
2017-08-29 15:00:00,64,39,25
2017-08-29 16:00:00,135,112,23
2017-08-29 17:00:00,202,166,36
2017-08-29 18:00:00,137,117,20
2017-08-29 19:00:00,57,53,4
2017-08-29 20:00:00,22,17,5
2017-08-29 21:00:00,17,13,4
2017-08-29 22:00:00,9,8,1
2017-08-29 23:00:00,3,2,1
2017-08-30 00:00:00,7,4,3
2017-08-30 01:00:00,3,1,2
2017-08-30 02:00:00,2,2,0
2017-08-30 03:00:00,1,1,0
2017-08-30 04:00:00,4,1,3
2017-08-30 05:00:00,28,3,25
2017-08-30 06:00:00,80,15,65
2017-08-30 07:00:00,188,25,163
2017-08-30 08:00:00,165,20,145
2017-08-30 09:00:00,59,12,47
2017-08-30 10:00:00,22,4,18
2017-08-30 11:00:00,24,7,17
2017-08-30 12:00:00,22,11,11
2017-08-30 13:00:00,23,9,14
2017-08-30 14:00:00,38,24,14
2017-08-30 15:00:00,72,48,24
2017-08-30 16:00:00,121,97,24
2017-08-30 17:00:00,209,187,22
2017-08-30 18:00:00,141,117,24
2017-08-30 19:00:00,69,48,21
2017-08-30 20:00:00,38,19,19
2017-08-30 21:00:00,17,14,3
2017-08-30 22:00:00,8,7,1
2017-08-30 23:00:00,5,4,1
2017-08-31 00:00:00,1,0,1
2017-08-31 01:00:00,3,1,2
2017-08-31 02:00:00,1,0,1
2017-08-31 03:00:00,4,2,2
2017-08-31 04:00:00,4,2,2
2017-08-31 05:00:00,23,4,19
2017-08-31 06:00:00,63,11,52
2017-08-31 07:00:00,140,20,120
2017-08-31 08:00:00,153,11,142
2017-08-31 09:00:00,43,2,41
2017-08-31 10:00:00,28,5,23
2017-08-31 11:00:00,13,3,10
2017-08-31 12:00:00,12,5,7
2017-08-31 13:00:00,17,9,8
2017-08-31 14:00:00,28,16,12
2017-08-31 15:00:00,45,26,19
2017-08-31 16:00:00,102,86,16
2017-08-31 17:00:00,177,151,26
2017-08-31 18:00:00,133,111,22
2017-08-31 19:00:00,66,49,17
2017-08-31 20:00:00,23,16,7
2017-08-31 21:00:00,21,10,11
2017-08-31 22:00:00,11,8,3
2017-08-31 23:00:00,7,5,2
2017-09-01 00:00:00,8,4,4
2017-09-01 01:00:00,2,2,0
2017-09-01 02:00:00,1,1,0
2017-09-01 03:00:00,4,1,3
2017-09-01 04:00:00,4,1,3
2017-09-01 05:00:00,18,0,18
2017-09-01 06:00:00,50,8,42
2017-09-01 07:00:00,119,14,105
2017-09-01 08:00:00,101,11,90
2017-09-01 09:00:00,62,14,48
2017-09-01 10:00:00,47,16,31
2017-09-01 11:00:00,38,16,22
2017-09-01 12:00:00,37,13,24
2017-09-01 13:00:00,44,26,18
2017-09-01 14:00:00,53,41,12
2017-09-01 15:00:00,84,61,23
2017-09-01 16:00:00,107,85,22
2017-09-01 17:00:00,108,96,12
2017-09-01 18:00:00,72,60,12
2017-09-01 19:00:00,35,25,10
2017-09-01 20:00:00,25,13,12
2017-09-01 21:00:00,12,3,9
2017-09-01 22:00:00,11,10,1
2017-09-01 23:00:00,8,6,2
2017-09-02 00:00:00,5,1,4
2017-09-02 01:00:00,9,4,5
2017-09-02 02:00:00,2,1,1
2017-09-02 03:00:00,5,3,2
2017-09-02 04:00:00,1,1,0
2017-09-02 05:00:00,4,1,3
2017-09-02 06:00:00,7,2,5
2017-09-02 07:00:00,20,7,13
2017-09-02 08:00:00,43,26,17
2017-09-02 09:00:00,35,16,19
2017-09-02 10:00:00,41,19,22
2017-09-02 11:00:00,62,39,23
2017-09-02 12:00:00,49,19,30
2017-09-02 13:00:00,69,35,34
2017-09-02 14:00:00,78,38,40
2017-09-02 15:00:00,47,28,19
2017-09-02 16:00:00,44,29,15
2017-09-02 17:00:00,54,31,23
2017-09-02 18:00:00,42,30,12
2017-09-02 19:00:00,17,11,6
2017-09-02 20:00:00,14,7,7
2017-09-02 21:00:00,7,3,4
2017-09-02 22:00:00,8,6,2
2017-09-02 23:00:00,7,7,0
2017-09-03 00:00:00,9,7,2
2017-09-03 01:00:00,4,1,3
2017-09-03 02:00:00,4,3,1
2017-09-03 03:00:00,6,5,1
2017-09-03 04:00:00,0,0,0
2017-09-03 05:00:00,5,1,4
2017-09-03 06:00:00,7,2,5
2017-09-03 07:00:00,15,5,10
2017-09-03 08:00:00,45,18,27
2017-09-03 09:00:00,61,36,25
2017-09-03 10:00:00,61,33,28
2017-09-03 11:00:00,51,24,27
2017-09-03 12:00:00,62,30,32
2017-09-03 13:00:00,37,13,24
2017-09-03 14:00:00,45,25,20
2017-09-03 15:00:00,36,19,17
2017-09-03 16:00:00,47,25,22
2017-09-03 17:00:00,29,22,7
2017-09-03 18:00:00,33,21,12
2017-09-03 19:00:00,23,14,9
2017-09-03 20:00:00,28,9,19
2017-09-03 21:00:00,5,1,4
2017-09-03 22:00:00,8,1,7
2017-09-03 23:00:00,4,3,1
2017-09-04 00:00:00,5,3,2
2017-09-04 01:00:00,0,0,0
2017-09-04 02:00:00,3,1,2
2017-09-04 03:00:00,3,2,1
2017-09-04 04:00:00,1,0,1
2017-09-04 05:00:00,6,0,6
2017-09-04 06:00:00,13,5,8
2017-09-04 07:00:00,23,7,16
2017-09-04 08:00:00,50,23,27
2017-09-04 09:00:00,74,54,20
2017-09-04 10:00:00,69,33,36
2017-09-04 11:00:00,83,48,35
2017-09-04 12:00:00,77,36,41
2017-09-04 13:00:00,45,22,23
2017-09-04 14:00:00,62,32,30
2017-09-04 15:00:00,49,14,35
2017-09-04 16:00:00,63,23,40
2017-09-04 17:00:00,43,27,16
2017-09-04 18:00:00,24,15,9
2017-09-04 19:00:00,26,15,11
2017-09-04 20:00:00,9,5,4
2017-09-04 21:00:00,7,5,2
2017-09-04 22:00:00,11,9,2
2017-09-04 23:00:00,2,1,1
2017-09-05 00:00:00,3,2,1
2017-09-05 01:00:00,3,2,1
2017-09-05 02:00:00,4,1,3
2017-09-05 03:00:00,4,2,2
2017-09-05 04:00:00,5,3,2
2017-09-05 05:00:00,30,4,26
2017-09-05 06:00:00,70,13,57
2017-09-05 07:00:00,175,15,160
2017-09-05 08:00:00,133,16,117
2017-09-05 09:00:00,32,3,29
2017-09-05 10:00:00,34,11,23
2017-09-05 11:00:00,13,4,9
2017-09-05 12:00:00,20,8,12
2017-09-05 13:00:00,10,4,6
2017-09-05 14:00:00,24,14,10
2017-09-05 15:00:00,45,35,10
2017-09-05 16:00:00,100,83,17
2017-09-05 17:00:00,153,136,17
2017-09-05 18:00:00,86,78,8
2017-09-05 19:00:00,40,35,5
2017-09-05 20:00:00,18,11,7
2017-09-05 21:00:00,8,6,2
2017-09-05 22:00:00,10,8,2
2017-09-05 23:00:00,4,3,1
2017-09-06 00:00:00,1,1,0
2017-09-06 01:00:00,4,2,2
2017-09-06 02:00:00,3,1,2
2017-09-06 03:00:00,4,3,1
2017-09-06 04:00:00,7,2,5
2017-09-06 05:00:00,27,2,25
2017-09-06 06:00:00,62,17,45
2017-09-06 07:00:00,124,18,106
2017-09-06 08:00:00,114,8,106
2017-09-06 09:00:00,49,5,44
2017-09-06 10:00:00,22,7,15
2017-09-06 11:00:00,17,1,16
2017-09-06 12:00:00,23,10,13
2017-09-06 13:00:00,24,12,12
2017-09-06 14:00:00,20,12,8
2017-09-06 15:00:00,39,29,10
2017-09-06 16:00:00,78,67,11
2017-09-06 17:00:00,140,121,19
2017-09-06 18:00:00,86,73,13
2017-09-06 19:00:00,41,36,5
2017-09-06 20:00:00,17,13,4
2017-09-06 21:00:00,8,6,2
2017-09-06 22:00:00,7,5,2
2017-09-06 23:00:00,4,2,2
2017-09-07 00:00:00,1,0,1
2017-09-07 01:00:00,1,1,0
2017-09-07 02:00:00,2,2,0
2017-09-07 03:00:00,1,0,1
2017-09-07 04:00:00,5,1,4
2017-09-07 05:00:00,17,2,15
2017-09-07 06:00:00,77,14,63
2017-09-07 07:00:00,120,15,105
2017-09-07 08:00:00,133,16,117
2017-09-07 09:00:00,57,8,49
2017-09-07 10:00:00,21,4,17
2017-09-07 11:00:00,16,5,11
2017-09-07 12:00:00,14,7,7
2017-09-07 13:00:00,34,18,16
2017-09-07 14:00:00,26,17,9
2017-09-07 15:00:00,53,33,20
2017-09-07 16:00:00,100,83,17
2017-09-07 17:00:00,153,123,30
2017-09-07 18:00:00,106,86,20
2017-09-07 19:00:00,80,70,10
2017-09-07 20:00:00,23,17,6
2017-09-07 21:00:00,25,12,13
2017-09-07 22:00:00,14,7,7
2017-09-07 23:00:00,20,5,15
2017-09-08 00:00:00,6,4,2
2017-09-08 01:00:00,4,4,0
2017-09-08 02:00:00,6,3,3
2017-09-08 03:00:00,5,3,2
2017-09-08 04:00:00,6,3,3
2017-09-08 05:00:00,23,4,19
2017-09-08 06:00:00,58,13,45
2017-09-08 07:00:00,141,18,123
2017-09-08 08:00:00,110,9,101
2017-09-08 09:00:00,57,14,43
2017-09-08 10:00:00,19,5,14
2017-09-08 11:00:00,27,16,11
2017-09-08 12:00:00,25,13,12
2017-09-08 13:00:00,16,6,10
2017-09-08 14:00:00,33,19,14
2017-09-08 15:00:00,58,37,21
2017-09-08 16:00:00,88,74,14
2017-09-08 17:00:00,148,130,18
2017-09-08 18:00:00,76,64,12
2017-09-08 19:00:00,17,14,3
2017-09-08 20:00:00,23,21,2
2017-09-08 21:00:00,10,6,4
2017-09-08 22:00:00,8,5,3
2017-09-08 23:00:00,5,3,2
2017-09-09 00:00:00,6,4,2
2017-09-09 01:00:00,3,1,2
2017-09-09 02:00:00,5,4,1
2017-09-09 03:00:00,4,2,2
2017-09-09 04:00:00,0,0,0
2017-09-09 05:00:00,7,3,4
2017-09-09 06:00:00,14,5,9
2017-09-09 07:00:00,9,3,6
2017-09-09 08:00:00,27,11,16
2017-09-09 09:00:00,27,16,11
2017-09-09 10:00:00,28,15,13
2017-09-09 11:00:00,36,16,20
2017-09-09 12:00:00,47,21,26
2017-09-09 13:00:00,33,12,21
2017-09-09 14:00:00,35,22,13
2017-09-09 15:00:00,40,26,14
2017-09-09 16:00:00,42,23,19
2017-09-09 17:00:00,24,13,11
2017-09-09 18:00:00,15,6,9
2017-09-09 19:00:00,14,9,5
2017-09-09 20:00:00,22,12,10
2017-09-09 21:00:00,8,4,4
2017-09-09 22:00:00,8,7,1
2017-09-09 23:00:00,4,1,3
2017-09-10 00:00:00,7,4,3
2017-09-10 01:00:00,3,3,0
2017-09-10 02:00:00,6,4,2
2017-09-10 03:00:00,2,1,1
2017-09-10 04:00:00,1,0,1
2017-09-10 05:00:00,5,1,4
2017-09-10 06:00:00,6,4,2
2017-09-10 07:00:00,10,2,8
2017-09-10 08:00:00,14,5,9
2017-09-10 09:00:00,28,13,15
2017-09-10 10:00:00,45,26,19
2017-09-10 11:00:00,49,28,21
2017-09-10 12:00:00,60,23,37
2017-09-10 13:00:00,55,25,30
2017-09-10 14:00:00,56,31,25
2017-09-10 15:00:00,39,19,20
2017-09-10 16:00:00,51,25,26
2017-09-10 17:00:00,36,9,27
2017-09-10 18:00:00,34,21,13
2017-09-10 19:00:00,22,10,12
2017-09-10 20:00:00,14,11,3
2017-09-10 21:00:00,14,12,2
2017-09-10 22:00:00,6,5,1
2017-09-10 23:00:00,2,1,1
2017-09-11 00:00:00,5,3,2
2017-09-11 01:00:00,2,2,0
2017-09-11 02:00:00,3,0,3
2017-09-11 03:00:00,3,1,2
2017-09-11 04:00:00,8,2,6
2017-09-11 05:00:00,37,6,31
2017-09-11 06:00:00,68,10,58
2017-09-11 07:00:00,170,14,156
2017-09-11 08:00:00,121,9,112
2017-09-11 09:00:00,79,9,70
2017-09-11 10:00:00,23,7,16
2017-09-11 11:00:00,34,16,18
2017-09-11 12:00:00,23,12,11
2017-09-11 13:00:00,23,14,9
2017-09-11 14:00:00,34,16,18
2017-09-11 15:00:00,56,42,14
2017-09-11 16:00:00,134,112,22
2017-09-11 17:00:00,197,172,25
2017-09-11 18:00:00,126,107,19
2017-09-11 19:00:00,47,36,11
2017-09-11 20:00:00,25,19,6
2017-09-11 21:00:00,7,6,1
2017-09-11 22:00:00,2,1,1
2017-09-11 23:00:00,6,3,3
2017-09-12 00:00:00,1,1,0
2017-09-12 01:00:00,1,0,1
2017-09-12 02:00:00,0,0,0
2017-09-12 03:00:00,3,2,1
2017-09-12 04:00:00,8,1,7
2017-09-12 05:00:00,34,3,31
2017-09-12 06:00:00,80,13,67
2017-09-12 07:00:00,179,19,160
2017-09-12 08:00:00,157,16,141
2017-09-12 09:00:00,61,4,57
2017-09-12 10:00:00,32,4,28
2017-09-12 11:00:00,20,8,12
2017-09-12 12:00:00,26,13,13
2017-09-12 13:00:00,40,22,18
2017-09-12 14:00:00,35,22,13
2017-09-12 15:00:00,66,45,21
2017-09-12 16:00:00,138,117,21
2017-09-12 17:00:00,203,176,27
2017-09-12 18:00:00,124,112,12
2017-09-12 19:00:00,54,41,13
2017-09-12 20:00:00,27,23,4
2017-09-12 21:00:00,14,10,4
2017-09-12 22:00:00,12,10,2
2017-09-12 23:00:00,4,2,2
2017-09-13 00:00:00,1,0,1
2017-09-13 01:00:00,3,2,1
2017-09-13 02:00:00,2,1,1
2017-09-13 03:00:00,3,2,1
2017-09-13 04:00:00,7,1,6
2017-09-13 05:00:00,31,3,28
2017-09-13 06:00:00,67,12,55
2017-09-13 07:00:00,175,22,153
2017-09-13 08:00:00,143,21,122
2017-09-13 09:00:00,68,4,64
2017-09-13 10:00:00,23,9,14
2017-09-13 11:00:00,28,9,19
2017-09-13 12:00:00,32,9,23
2017-09-13 13:00:00,42,23,19
2017-09-13 14:00:00,38,24,14
2017-09-13 15:00:00,58,41,17
2017-09-13 16:00:00,126,92,34
2017-09-13 17:00:00,188,156,32
2017-09-13 18:00:00,111,91,20
2017-09-13 19:00:00,51,41,10
2017-09-13 20:00:00,32,25,7
2017-09-13 21:00:00,12,9,3
2017-09-13 22:00:00,10,7,3
2017-09-13 23:00:00,3,2,1
2017-09-14 00:00:00,1,0,1
2017-09-14 01:00:00,0,0,0
2017-09-14 02:00:00,2,2,0
2017-09-14 03:00:00,2,1,1
2017-09-14 04:00:00,4,2,2
2017-09-14 05:00:00,27,2,25
2017-09-14 06:00:00,69,14,55
2017-09-14 07:00:00,154,15,139
2017-09-14 08:00:00,140,12,128
2017-09-14 09:00:00,52,6,46
2017-09-14 10:00:00,37,11,26
2017-09-14 11:00:00,18,4,14
2017-09-14 12:00:00,21,8,13
2017-09-14 13:00:00,28,11,17
2017-09-14 14:00:00,40,24,16
2017-09-14 15:00:00,54,32,22
2017-09-14 16:00:00,133,113,20
2017-09-14 17:00:00,168,141,27
2017-09-14 18:00:00,114,97,17
2017-09-14 19:00:00,52,45,7
2017-09-14 20:00:00,20,15,5
2017-09-14 21:00:00,17,12,5
2017-09-14 22:00:00,8,4,4
2017-09-14 23:00:00,8,7,1
2017-09-15 00:00:00,5,5,0
2017-09-15 01:00:00,2,1,1
2017-09-15 02:00:00,1,1,0
2017-09-15 03:00:00,3,2,1
2017-09-15 04:00:00,6,2,4
2017-09-15 05:00:00,20,1,19
2017-09-15 06:00:00,69,12,57
2017-09-15 07:00:00,115,14,101
2017-09-15 08:00:00,129,20,109
2017-09-15 09:00:00,65,7,58
2017-09-15 10:00:00,27,8,19
2017-09-15 11:00:00,28,14,14
2017-09-15 12:00:00,37,23,14
2017-09-15 13:00:00,39,23,16
2017-09-15 14:00:00,59,33,26
2017-09-15 15:00:00,64,40,24
2017-09-15 16:00:00,111,93,18
2017-09-15 17:00:00,160,137,23
2017-09-15 18:00:00,97,78,19
2017-09-15 19:00:00,39,27,12
2017-09-15 20:00:00,15,12,3
2017-09-15 21:00:00,9,5,4
2017-09-15 22:00:00,5,2,3
2017-09-15 23:00:00,7,4,3
2017-09-16 00:00:00,3,3,0
2017-09-16 01:00:00,3,3,0
2017-09-16 02:00:00,1,1,0
2017-09-16 03:00:00,1,1,0
2017-09-16 04:00:00,3,3,0
2017-09-16 05:00:00,7,1,6
2017-09-16 06:00:00,10,6,4
2017-09-16 07:00:00,16,4,12
2017-09-16 08:00:00,43,19,24
2017-09-16 09:00:00,50,31,19
2017-09-16 10:00:00,48,21,27
2017-09-16 11:00:00,47,24,23
2017-09-16 12:00:00,45,29,16
2017-09-16 13:00:00,40,15,25
2017-09-16 14:00:00,53,25,28
2017-09-16 15:00:00,48,19,29
2017-09-16 16:00:00,58,34,24
2017-09-16 17:00:00,42,24,18
2017-09-16 18:00:00,31,13,18
2017-09-16 19:00:00,14,7,7
2017-09-16 20:00:00,8,6,2
2017-09-16 21:00:00,3,2,1
2017-09-16 22:00:00,6,1,5
2017-09-16 23:00:00,5,1,4
2017-09-17 00:00:00,3,2,1
2017-09-17 01:00:00,4,3,1
2017-09-17 02:00:00,1,1,0
2017-09-17 03:00:00,1,1,0
2017-09-17 04:00:00,4,3,1
2017-09-17 05:00:00,3,0,3
2017-09-17 06:00:00,8,3,5
2017-09-17 07:00:00,11,4,7
2017-09-17 08:00:00,32,15,17
2017-09-17 09:00:00,26,16,10
2017-09-17 10:00:00,39,14,25
2017-09-17 11:00:00,38,19,19
2017-09-17 12:00:00,40,16,24
2017-09-17 13:00:00,19,12,7
2017-09-17 14:00:00,6,3,3
2017-09-17 15:00:00,10,4,6
2017-09-17 16:00:00,14,8,6
2017-09-17 17:00:00,10,10,0
2017-09-17 18:00:00,6,4,2
2017-09-17 19:00:00,4,4,0
2017-09-17 20:00:00,3,1,2
2017-09-17 21:00:00,4,2,2
2017-09-17 22:00:00,2,0,2
2017-09-17 23:00:00,1,1,0
2017-09-18 00:00:00,4,1,3
2017-09-18 01:00:00,2,1,1
2017-09-18 02:00:00,1,1,0
2017-09-18 03:00:00,1,1,0
2017-09-18 04:00:00,8,2,6
2017-09-18 05:00:00,22,6,16
2017-09-18 06:00:00,57,10,47
2017-09-18 07:00:00,106,13,93
2017-09-18 08:00:00,112,10,102
2017-09-18 09:00:00,45,8,37
2017-09-18 10:00:00,17,0,17
2017-09-18 11:00:00,9,1,8
2017-09-18 12:00:00,16,8,8
2017-09-18 13:00:00,16,7,9
2017-09-18 14:00:00,27,15,12
2017-09-18 15:00:00,39,30,9
2017-09-18 16:00:00,63,54,9
2017-09-18 17:00:00,133,120,13
2017-09-18 18:00:00,58,54,4
2017-09-18 19:00:00,18,16,2
2017-09-18 20:00:00,7,6,1
2017-09-18 21:00:00,5,3,2
2017-09-18 22:00:00,8,4,4
2017-09-18 23:00:00,2,0,2
2017-09-19 00:00:00,1,0,1
2017-09-19 01:00:00,1,1,0
2017-09-19 02:00:00,0,0,0
2017-09-19 03:00:00,1,1,0
2017-09-19 04:00:00,5,1,4
2017-09-19 05:00:00,13,2,11
2017-09-19 06:00:00,40,10,30
2017-09-19 07:00:00,99,12,87
2017-09-19 08:00:00,95,9,86
2017-09-19 09:00:00,47,6,41
2017-09-19 10:00:00,15,0,15
2017-09-19 11:00:00,11,2,9
2017-09-19 12:00:00,12,8,4
2017-09-19 13:00:00,9,4,5
2017-09-19 14:00:00,20,10,10
2017-09-19 15:00:00,27,19,8
2017-09-19 16:00:00,58,50,8
2017-09-19 17:00:00,114,100,14
2017-09-19 18:00:00,60,55,5
2017-09-19 19:00:00,25,22,3
2017-09-19 20:00:00,4,4,0
2017-09-19 21:00:00,6,4,2
2017-09-19 22:00:00,3,3,0
2017-09-19 23:00:00,2,0,2
2017-09-20 00:00:00,4,3,1
2017-09-20 01:00:00,5,2,3
2017-09-20 02:00:00,2,1,1
2017-09-20 03:00:00,2,1,1
2017-09-20 04:00:00,6,1,5
2017-09-20 05:00:00,17,1,16
2017-09-20 06:00:00,60,7,53
2017-09-20 07:00:00,115,19,96
2017-09-20 08:00:00,129,11,118
2017-09-20 09:00:00,34,2,32
2017-09-20 10:00:00,13,1,12
2017-09-20 11:00:00,18,6,12
2017-09-20 12:00:00,18,12,6
2017-09-20 13:00:00,28,16,12
2017-09-20 14:00:00,30,7,23
2017-09-20 15:00:00,35,21,14
2017-09-20 16:00:00,86,73,13
2017-09-20 17:00:00,130,116,14
2017-09-20 18:00:00,77,65,12
2017-09-20 19:00:00,36,31,5
2017-09-20 20:00:00,26,14,12
2017-09-20 21:00:00,12,10,2
2017-09-20 22:00:00,8,5,3
2017-09-20 23:00:00,1,1,0
2017-09-21 00:00:00,4,2,2
2017-09-21 01:00:00,3,3,0
2017-09-21 02:00:00,2,2,0
2017-09-21 03:00:00,1,1,0
2017-09-21 04:00:00,6,1,5
2017-09-21 05:00:00,25,5,20
2017-09-21 06:00:00,58,12,46
2017-09-21 07:00:00,112,11,101
2017-09-21 08:00:00,122,7,115
2017-09-21 09:00:00,32,1,31
2017-09-21 10:00:00,28,7,21
2017-09-21 11:00:00,21,8,13
2017-09-21 12:00:00,27,13,14
2017-09-21 13:00:00,11,8,3
2017-09-21 14:00:00,36,17,19
2017-09-21 15:00:00,33,26,7
2017-09-21 16:00:00,101,85,16
2017-09-21 17:00:00,141,120,21
2017-09-21 18:00:00,84,75,9
2017-09-21 19:00:00,35,28,7
2017-09-21 20:00:00,10,8,2
2017-09-21 21:00:00,13,9,4
2017-09-21 22:00:00,9,6,3
2017-09-21 23:00:00,2,1,1
2017-09-22 00:00:00,4,4,0
2017-09-22 01:00:00,2,1,1
2017-09-22 02:00:00,2,2,0
2017-09-22 03:00:00,3,1,2
2017-09-22 04:00:00,6,1,5
2017-09-22 05:00:00,24,4,20
2017-09-22 06:00:00,65,15,50
2017-09-22 07:00:00,122,12,110
2017-09-22 08:00:00,117,14,103
2017-09-22 09:00:00,38,8,30
2017-09-22 10:00:00,32,8,24
2017-09-22 11:00:00,29,15,14
2017-09-22 12:00:00,31,16,15
2017-09-22 13:00:00,37,16,21
2017-09-22 14:00:00,42,24,18
2017-09-22 15:00:00,61,45,16
2017-09-22 16:00:00,116,96,20
2017-09-22 17:00:00,123,102,21
2017-09-22 18:00:00,75,62,13
2017-09-22 19:00:00,37,28,9
2017-09-22 20:00:00,18,11,7
2017-09-22 21:00:00,9,4,5
2017-09-22 22:00:00,7,3,4
2017-09-22 23:00:00,5,3,2
2017-09-23 00:00:00,4,3,1
2017-09-23 01:00:00,3,3,0
2017-09-23 02:00:00,4,1,3
2017-09-23 03:00:00,1,1,0
2017-09-23 04:00:00,3,2,1
2017-09-23 05:00:00,7,1,6
2017-09-23 06:00:00,9,2,7
2017-09-23 07:00:00,8,4,4
2017-09-23 08:00:00,35,9,26
2017-09-23 09:00:00,46,17,29
2017-09-23 10:00:00,53,32,21
2017-09-23 11:00:00,64,30,34
2017-09-23 12:00:00,75,34,41
2017-09-23 13:00:00,70,36,34
2017-09-23 14:00:00,56,25,31
2017-09-23 15:00:00,55,29,26
2017-09-23 16:00:00,47,31,16
2017-09-23 17:00:00,39,24,15
2017-09-23 18:00:00,18,10,8
2017-09-23 19:00:00,5,5,0
2017-09-23 20:00:00,9,7,2
2017-09-23 21:00:00,7,6,1
2017-09-23 22:00:00,5,3,2
2017-09-23 23:00:00,5,3,2
2017-09-24 00:00:00,2,2,0
2017-09-24 01:00:00,4,2,2
2017-09-24 02:00:00,2,1,1
2017-09-24 03:00:00,5,3,2
2017-09-24 04:00:00,2,2,0
2017-09-24 05:00:00,4,0,4
2017-09-24 06:00:00,7,2,5
2017-09-24 07:00:00,9,2,7
2017-09-24 08:00:00,30,11,19
2017-09-24 09:00:00,36,21,15
2017-09-24 10:00:00,22,4,18
2017-09-24 11:00:00,44,23,21
2017-09-24 12:00:00,40,24,16
2017-09-24 13:00:00,60,28,32
2017-09-24 14:00:00,43,31,12
2017-09-24 15:00:00,42,22,20
2017-09-24 16:00:00,42,17,25
2017-09-24 17:00:00,27,11,16
2017-09-24 18:00:00,25,13,12
2017-09-24 19:00:00,15,7,8
2017-09-24 20:00:00,9,8,1
2017-09-24 21:00:00,5,5,0
2017-09-24 22:00:00,5,2,3
2017-09-24 23:00:00,5,3,2
2017-09-25 00:00:00,3,1,2
2017-09-25 01:00:00,4,3,1
2017-09-25 02:00:00,3,2,1
2017-09-25 03:00:00,2,1,1
2017-09-25 04:00:00,5,0,5
2017-09-25 05:00:00,26,4,22
2017-09-25 06:00:00,59,7,52
2017-09-25 07:00:00,106,10,96
2017-09-25 08:00:00,126,9,117
2017-09-25 09:00:00,47,5,42
2017-09-25 10:00:00,15,4,11
2017-09-25 11:00:00,13,2,11
2017-09-25 12:00:00,5,3,2
2017-09-25 13:00:00,16,7,9
2017-09-25 14:00:00,25,17,8
2017-09-25 15:00:00,33,22,11
2017-09-25 16:00:00,95,77,18
2017-09-25 17:00:00,151,137,14
2017-09-25 18:00:00,88,81,7
2017-09-25 19:00:00,32,24,8
2017-09-25 20:00:00,10,7,3
2017-09-25 21:00:00,6,4,2
2017-09-25 22:00:00,4,1,3
2017-09-25 23:00:00,1,1,0
2017-09-26 00:00:00,2,2,0
2017-09-26 01:00:00,7,4,3
2017-09-26 02:00:00,0,0,0
2017-09-26 03:00:00,4,4,0
2017-09-26 04:00:00,6,1,5
2017-09-26 05:00:00,30,4,26
2017-09-26 06:00:00,82,11,71
2017-09-26 07:00:00,156,14,142
2017-09-26 08:00:00,148,16,132
2017-09-26 09:00:00,51,7,44
2017-09-26 10:00:00,20,2,18
2017-09-26 11:00:00,26,11,15
2017-09-26 12:00:00,21,10,11
2017-09-26 13:00:00,27,13,14
2017-09-26 14:00:00,45,22,23
2017-09-26 15:00:00,49,34,15
2017-09-26 16:00:00,134,115,19
2017-09-26 17:00:00,195,177,18
2017-09-26 18:00:00,121,106,15
2017-09-26 19:00:00,39,30,9
2017-09-26 20:00:00,25,16,9
2017-09-26 21:00:00,10,10,0
2017-09-26 22:00:00,9,8,1
2017-09-26 23:00:00,14,11,3
2017-09-27 00:00:00,3,2,1
2017-09-27 01:00:00,2,2,0
2017-09-27 02:00:00,0,0,0
2017-09-27 03:00:00,3,2,1
2017-09-27 04:00:00,6,1,5
2017-09-27 05:00:00,26,3,23
2017-09-27 06:00:00,74,10,64
2017-09-27 07:00:00,147,18,129
2017-09-27 08:00:00,164,9,155
2017-09-27 09:00:00,67,11,56
2017-09-27 10:00:00,35,6,29
2017-09-27 11:00:00,26,8,18
2017-09-27 12:00:00,32,14,18
2017-09-27 13:00:00,42,13,29
2017-09-27 14:00:00,29,17,12
2017-09-27 15:00:00,60,39,21
2017-09-27 16:00:00,116,96,20
2017-09-27 17:00:00,177,159,18
2017-09-27 18:00:00,130,110,20
2017-09-27 19:00:00,38,29,9
2017-09-27 20:00:00,18,13,5
2017-09-27 21:00:00,14,13,1
2017-09-27 22:00:00,13,9,4
2017-09-27 23:00:00,9,9,0
2017-09-28 00:00:00,5,4,1
2017-09-28 01:00:00,3,3,0
2017-09-28 02:00:00,4,4,0
2017-09-28 03:00:00,2,0,2
2017-09-28 04:00:00,7,2,5
2017-09-28 05:00:00,28,2,26
2017-09-28 06:00:00,88,16,72
2017-09-28 07:00:00,146,16,130
2017-09-28 08:00:00,193,20,173
2017-09-28 09:00:00,56,6,50
2017-09-28 10:00:00,36,10,26
2017-09-28 11:00:00,31,9,22
2017-09-28 12:00:00,27,16,11
2017-09-28 13:00:00,43,22,21
2017-09-28 14:00:00,44,26,18
2017-09-28 15:00:00,70,47,23
2017-09-28 16:00:00,154,122,32
2017-09-28 17:00:00,192,169,23
2017-09-28 18:00:00,151,130,21
2017-09-28 19:00:00,44,34,10
2017-09-28 20:00:00,17,12,5
2017-09-28 21:00:00,17,10,7
2017-09-28 22:00:00,9,5,4
2017-09-28 23:00:00,7,4,3
2017-09-29 00:00:00,1,1,0
2017-09-29 01:00:00,3,3,0
2017-09-29 02:00:00,3,2,1
2017-09-29 03:00:00,0,0,0
2017-09-29 04:00:00,5,2,3
2017-09-29 05:00:00,12,3,9
2017-09-29 06:00:00,38,3,35
2017-09-29 07:00:00,87,18,69
2017-09-29 08:00:00,91,9,82
2017-09-29 09:00:00,37,7,30
2017-09-29 10:00:00,20,6,14
2017-09-29 11:00:00,8,3,5
2017-09-29 12:00:00,16,6,10
2017-09-29 13:00:00,11,5,6
2017-09-29 14:00:00,24,19,5
2017-09-29 15:00:00,34,22,12
2017-09-29 16:00:00,74,59,15
2017-09-29 17:00:00,97,88,9
2017-09-29 18:00:00,69,55,14
2017-09-29 19:00:00,30,26,4
2017-09-29 20:00:00,7,7,0
2017-09-29 21:00:00,6,4,2
2017-09-29 22:00:00,4,4,0
2017-09-29 23:00:00,14,11,3
2017-09-30 00:00:00,9,7,2
2017-09-30 01:00:00,2,1,1
2017-09-30 02:00:00,1,1,0
2017-09-30 03:00:00,5,4,1
2017-09-30 04:00:00,2,2,0
2017-09-30 05:00:00,3,0,3
2017-09-30 06:00:00,8,2,6
2017-09-30 07:00:00,8,2,6
2017-09-30 08:00:00,26,8,18
2017-09-30 09:00:00,22,11,11
2017-09-30 10:00:00,25,8,17
2017-09-30 11:00:00,45,22,23
2017-09-30 12:00:00,39,17,22
2017-09-30 13:00:00,35,13,22
2017-09-30 14:00:00,23,18,5
2017-09-30 15:00:00,20,9,11
2017-09-30 16:00:00,25,16,9
2017-09-30 17:00:00,10,6,4
2017-09-30 18:00:00,16,11,5
2017-09-30 19:00:00,13,5,8
2017-09-30 20:00:00,4,3,1
2017-09-30 21:00:00,4,4,0
2017-09-30 22:00:00,3,3,0
2017-09-30 23:00:00,5,5,0
2017-10-01 00:00:00,2,1,1
2017-10-01 01:00:00,4,1,3
2017-10-01 02:00:00,4,3,1
2017-10-01 03:00:00,3,1,2
2017-10-01 04:00:00,4,2,2
2017-10-01 05:00:00,4,0,4
2017-10-01 06:00:00,5,1,4
2017-10-01 07:00:00,4,1,3
2017-10-01 08:00:00,24,3,21
2017-10-01 09:00:00,21,11,10
2017-10-01 10:00:00,27,14,13
2017-10-01 11:00:00,33,14,19
2017-10-01 12:00:00,37,14,23
2017-10-01 13:00:00,32,16,16
2017-10-01 14:00:00,19,9,10
2017-10-01 15:00:00,35,20,15
2017-10-01 16:00:00,24,13,11
2017-10-01 17:00:00,32,17,15
2017-10-01 18:00:00,18,11,7
2017-10-01 19:00:00,12,6,6
2017-10-01 20:00:00,7,6,1
2017-10-01 21:00:00,14,10,4
2017-10-01 22:00:00,5,5,0
2017-10-01 23:00:00,6,4,2
2017-10-02 00:00:00,5,3,2
2017-10-02 01:00:00,3,2,1
2017-10-02 02:00:00,2,1,1
2017-10-02 03:00:00,1,1,0
2017-10-02 04:00:00,6,1,5
2017-10-02 05:00:00,25,4,21
2017-10-02 06:00:00,61,11,50
2017-10-02 07:00:00,168,12,156
2017-10-02 08:00:00,158,17,141
2017-10-02 09:00:00,60,4,56
2017-10-02 10:00:00,27,7,20
2017-10-02 11:00:00,12,4,8
2017-10-02 12:00:00,11,7,4
2017-10-02 13:00:00,23,15,8
2017-10-02 14:00:00,23,15,8
2017-10-02 15:00:00,43,35,8
2017-10-02 16:00:00,111,94,17
2017-10-02 17:00:00,185,169,16
2017-10-02 18:00:00,96,83,13
2017-10-02 19:00:00,44,32,12
2017-10-02 20:00:00,11,9,2
2017-10-02 21:00:00,8,7,1
2017-10-02 22:00:00,5,5,0
2017-10-02 23:00:00,2,1,1
2017-10-03 00:00:00,0,0,0
2017-10-03 01:00:00,0,0,0
2017-10-03 02:00:00,2,1,1
2017-10-03 03:00:00,2,1,1
2017-10-03 04:00:00,8,1,7
2017-10-03 05:00:00,29,2,27
2017-10-03 06:00:00,67,13,54
2017-10-03 07:00:00,164,13,151
2017-10-03 08:00:00,150,11,139
2017-10-03 09:00:00,73,9,64
2017-10-03 10:00:00,25,7,18
2017-10-03 11:00:00,22,10,12
2017-10-03 12:00:00,24,13,11
2017-10-03 13:00:00,38,16,22
2017-10-03 14:00:00,34,16,18
2017-10-03 15:00:00,55,38,17
2017-10-03 16:00:00,97,81,16
2017-10-03 17:00:00,202,182,20
2017-10-03 18:00:00,126,110,16
2017-10-03 19:00:00,42,37,5
2017-10-03 20:00:00,15,13,2
2017-10-03 21:00:00,9,7,2
2017-10-03 22:00:00,5,3,2
2017-10-03 23:00:00,7,4,3
2017-10-04 00:00:00,1,0,1
2017-10-04 01:00:00,1,1,0
2017-10-04 02:00:00,2,1,1
2017-10-04 03:00:00,1,0,1
2017-10-04 04:00:00,2,1,1
2017-10-04 05:00:00,25,4,21
2017-10-04 06:00:00,67,9,58
2017-10-04 07:00:00,157,16,141
2017-10-04 08:00:00,138,13,125
2017-10-04 09:00:00,56,8,48
2017-10-04 10:00:00,31,7,24
2017-10-04 11:00:00,10,5,5
2017-10-04 12:00:00,24,10,14
2017-10-04 13:00:00,20,5,15
2017-10-04 14:00:00,38,24,14
2017-10-04 15:00:00,51,35,16
2017-10-04 16:00:00,123,102,21
2017-10-04 17:00:00,185,155,30
2017-10-04 18:00:00,99,89,10
2017-10-04 19:00:00,33,25,8
2017-10-04 20:00:00,20,11,9
2017-10-04 21:00:00,20,17,3
2017-10-04 22:00:00,4,3,1
2017-10-04 23:00:00,4,4,0
2017-10-05 00:00:00,5,3,2
2017-10-05 01:00:00,8,4,4
2017-10-05 02:00:00,1,1,0
2017-10-05 03:00:00,3,1,2
2017-10-05 04:00:00,5,1,4
2017-10-05 05:00:00,25,3,22
2017-10-05 06:00:00,69,11,58
2017-10-05 07:00:00,142,14,128
2017-10-05 08:00:00,145,11,134
2017-10-05 09:00:00,51,5,46
2017-10-05 10:00:00,34,9,25
2017-10-05 11:00:00,37,16,21
2017-10-05 12:00:00,21,12,9
2017-10-05 13:00:00,31,13,18
2017-10-05 14:00:00,41,23,18
2017-10-05 15:00:00,64,46,18
2017-10-05 16:00:00,97,73,24
2017-10-05 17:00:00,178,153,25
2017-10-05 18:00:00,111,91,20
2017-10-05 19:00:00,75,60,15
2017-10-05 20:00:00,20,14,6
2017-10-05 21:00:00,15,5,10
2017-10-05 22:00:00,8,5,3
2017-10-05 23:00:00,12,9,3
2017-10-06 00:00:00,8,3,5
2017-10-06 01:00:00,8,0,8
2017-10-06 02:00:00,2,1,1
2017-10-06 03:00:00,1,1,0
2017-10-06 04:00:00,6,2,4
2017-10-06 05:00:00,17,2,15
2017-10-06 06:00:00,48,8,40
2017-10-06 07:00:00,122,10,112
2017-10-06 08:00:00,111,7,104
2017-10-06 09:00:00,51,8,43
2017-10-06 10:00:00,23,4,19
2017-10-06 11:00:00,24,12,12
2017-10-06 12:00:00,19,5,14
2017-10-06 13:00:00,29,13,16
2017-10-06 14:00:00,37,22,15
2017-10-06 15:00:00,49,35,14
2017-10-06 16:00:00,88,75,13
2017-10-06 17:00:00,129,113,16
2017-10-06 18:00:00,63,50,13
2017-10-06 19:00:00,22,14,8
2017-10-06 20:00:00,7,6,1
2017-10-06 21:00:00,6,5,1
2017-10-06 22:00:00,4,1,3
2017-10-06 23:00:00,1,0,1
2017-10-07 00:00:00,2,2,0
2017-10-07 01:00:00,2,1,1
2017-10-07 02:00:00,6,5,1
2017-10-07 03:00:00,1,1,0
2017-10-07 04:00:00,6,5,1
2017-10-07 05:00:00,3,1,2
2017-10-07 06:00:00,2,1,1
2017-10-07 07:00:00,6,1,5
2017-10-07 08:00:00,19,8,11
2017-10-07 09:00:00,26,11,15
2017-10-07 10:00:00,30,13,17
2017-10-07 11:00:00,28,12,16
2017-10-07 12:00:00,23,12,11
2017-10-07 13:00:00,25,16,9
2017-10-07 14:00:00,22,9,13
2017-10-07 15:00:00,21,13,8
2017-10-07 16:00:00,23,14,9
2017-10-07 17:00:00,25,12,13
2017-10-07 18:00:00,16,5,11
2017-10-07 19:00:00,2,2,0
2017-10-07 20:00:00,6,4,2
2017-10-07 21:00:00,7,5,2
2017-10-07 22:00:00,2,1,1
2017-10-07 23:00:00,0,0,0
2017-10-08 00:00:00,0,0,0
2017-10-08 01:00:00,5,3,2
2017-10-08 02:00:00,0,0,0
2017-10-08 03:00:00,1,1,0
2017-10-08 04:00:00,4,1,3
2017-10-08 05:00:00,4,1,3
2017-10-08 06:00:00,8,4,4
2017-10-08 07:00:00,7,2,5
2017-10-08 08:00:00,21,5,16
2017-10-08 09:00:00,14,7,7
2017-10-08 10:00:00,29,10,19
2017-10-08 11:00:00,38,25,13
2017-10-08 12:00:00,38,15,23
2017-10-08 13:00:00,44,18,26
2017-10-08 14:00:00,35,22,13
2017-10-08 15:00:00,55,28,27
2017-10-08 16:00:00,55,24,31
2017-10-08 17:00:00,35,21,14
2017-10-08 18:00:00,17,8,9
2017-10-08 19:00:00,19,9,10
2017-10-08 20:00:00,5,3,2
2017-10-08 21:00:00,3,3,0
2017-10-08 22:00:00,2,1,1
2017-10-08 23:00:00,3,2,1
2017-10-09 00:00:00,1,1,0
2017-10-09 01:00:00,4,4,0
2017-10-09 02:00:00,0,0,0
2017-10-09 03:00:00,1,1,0
2017-10-09 04:00:00,2,0,2
2017-10-09 05:00:00,20,1,19
2017-10-09 06:00:00,57,6,51
2017-10-09 07:00:00,138,11,127
2017-10-09 08:00:00,135,7,128
2017-10-09 09:00:00,48,2,46
2017-10-09 10:00:00,27,7,20
2017-10-09 11:00:00,19,8,11
2017-10-09 12:00:00,28,13,15
2017-10-09 13:00:00,24,10,14
2017-10-09 14:00:00,31,16,15
2017-10-09 15:00:00,47,32,15
2017-10-09 16:00:00,116,101,15
2017-10-09 17:00:00,181,164,17
2017-10-09 18:00:00,106,88,18
2017-10-09 19:00:00,33,24,9
2017-10-09 20:00:00,21,17,4
2017-10-09 21:00:00,9,5,4
2017-10-09 22:00:00,3,1,2
2017-10-09 23:00:00,1,1,0
2017-10-10 00:00:00,3,2,1
2017-10-10 01:00:00,2,2,0
2017-10-10 02:00:00,5,2,3
2017-10-10 03:00:00,1,1,0
2017-10-10 04:00:00,3,1,2
2017-10-10 05:00:00,24,1,23
2017-10-10 06:00:00,61,17,44
2017-10-10 07:00:00,129,13,116
2017-10-10 08:00:00,122,9,113
2017-10-10 09:00:00,43,2,41
2017-10-10 10:00:00,21,2,19
2017-10-10 11:00:00,14,5,9
2017-10-10 12:00:00,11,7,4
2017-10-10 13:00:00,12,5,7
2017-10-10 14:00:00,10,6,4
2017-10-10 15:00:00,34,27,7
2017-10-10 16:00:00,93,79,14
2017-10-10 17:00:00,137,122,15
2017-10-10 18:00:00,84,71,13
2017-10-10 19:00:00,19,15,4
2017-10-10 20:00:00,13,11,2
2017-10-10 21:00:00,8,7,1
2017-10-10 22:00:00,6,6,0
2017-10-10 23:00:00,5,4,1
2017-10-11 00:00:00,2,0,2
2017-10-11 01:00:00,1,0,1
2017-10-11 02:00:00,2,1,1
2017-10-11 03:00:00,1,1,0
2017-10-11 04:00:00,2,1,1
2017-10-11 05:00:00,23,2,21
2017-10-11 06:00:00,63,7,56
2017-10-11 07:00:00,91,8,83
2017-10-11 08:00:00,150,7,143
2017-10-11 09:00:00,51,8,43
2017-10-11 10:00:00,24,4,20
2017-10-11 11:00:00,16,5,11
2017-10-11 12:00:00,19,10,9
2017-10-11 13:00:00,22,9,13
2017-10-11 14:00:00,19,12,7
2017-10-11 15:00:00,46,32,14
2017-10-11 16:00:00,81,69,12
2017-10-11 17:00:00,139,119,20
2017-10-11 18:00:00,83,70,13
2017-10-11 19:00:00,25,19,6
2017-10-11 20:00:00,16,12,4
2017-10-11 21:00:00,8,7,1
2017-10-11 22:00:00,11,6,5
2017-10-11 23:00:00,2,1,1
2017-10-12 00:00:00,0,0,0
2017-10-12 01:00:00,2,0,2
2017-10-12 02:00:00,3,3,0
2017-10-12 03:00:00,2,2,0
2017-10-12 04:00:00,5,1,4
2017-10-12 05:00:00,16,0,16
2017-10-12 06:00:00,46,7,39
2017-10-12 07:00:00,92,10,82
2017-10-12 08:00:00,97,7,90
2017-10-12 09:00:00,40,6,34
2017-10-12 10:00:00,18,6,12
2017-10-12 11:00:00,12,3,9
2017-10-12 12:00:00,8,4,4
2017-10-12 13:00:00,6,2,4
2017-10-12 14:00:00,13,7,6
2017-10-12 15:00:00,19,15,4
2017-10-12 16:00:00,66,54,12
2017-10-12 17:00:00,109,97,12
2017-10-12 18:00:00,65,56,9
2017-10-12 19:00:00,21,19,2
2017-10-12 20:00:00,7,6,1
2017-10-12 21:00:00,9,7,2
2017-10-12 22:00:00,4,3,1
2017-10-12 23:00:00,6,4,2
2017-10-13 00:00:00,0,0,0
2017-10-13 01:00:00,3,1,2
2017-10-13 02:00:00,0,0,0
2017-10-13 03:00:00,1,1,0
2017-10-13 04:00:00,4,1,3
2017-10-13 05:00:00,17,1,16
2017-10-13 06:00:00,35,7,28
2017-10-13 07:00:00,106,12,94
2017-10-13 08:00:00,104,6,98
2017-10-13 09:00:00,39,4,35
2017-10-13 10:00:00,19,4,15
2017-10-13 11:00:00,13,4,9
2017-10-13 12:00:00,18,6,12
2017-10-13 13:00:00,12,8,4
2017-10-13 14:00:00,26,11,15
2017-10-13 15:00:00,34,24,10
2017-10-13 16:00:00,83,69,14
2017-10-13 17:00:00,130,111,19
2017-10-13 18:00:00,69,55,14
2017-10-13 19:00:00,24,19,5
2017-10-13 20:00:00,13,7,6
2017-10-13 21:00:00,7,4,3
2017-10-13 22:00:00,4,3,1
2017-10-13 23:00:00,6,4,2
2017-10-14 00:00:00,4,3,1
2017-10-14 01:00:00,2,2,0
2017-10-14 02:00:00,3,2,1
2017-10-14 03:00:00,0,0,0
2017-10-14 04:00:00,5,4,1
2017-10-14 05:00:00,2,0,2
2017-10-14 06:00:00,7,4,3
2017-10-14 07:00:00,6,3,3
2017-10-14 08:00:00,27,6,21
2017-10-14 09:00:00,22,10,12
2017-10-14 10:00:00,26,11,15
2017-10-14 11:00:00,29,19,10
2017-10-14 12:00:00,41,14,27
2017-10-14 13:00:00,25,11,14
2017-10-14 14:00:00,36,24,12
2017-10-14 15:00:00,37,13,24
2017-10-14 16:00:00,39,24,15
2017-10-14 17:00:00,19,12,7
2017-10-14 18:00:00,20,11,9
2017-10-14 19:00:00,6,4,2
2017-10-14 20:00:00,10,5,5
2017-10-14 21:00:00,3,2,1
2017-10-14 22:00:00,6,3,3
2017-10-14 23:00:00,3,2,1
2017-10-15 00:00:00,2,2,0
2017-10-15 01:00:00,4,4,0
2017-10-15 02:00:00,2,1,1
2017-10-15 03:00:00,1,0,1
2017-10-15 04:00:00,2,1,1
2017-10-15 05:00:00,4,0,4
2017-10-15 06:00:00,10,4,6
2017-10-15 07:00:00,6,3,3
2017-10-15 08:00:00,24,7,17
2017-10-15 09:00:00,21,11,10
2017-10-15 10:00:00,39,15,24
2017-10-15 11:00:00,42,21,21
2017-10-15 12:00:00,50,26,24
2017-10-15 13:00:00,68,37,31
2017-10-15 14:00:00,71,34,37
2017-10-15 15:00:00,69,27,42
2017-10-15 16:00:00,56,29,27
2017-10-15 17:00:00,38,17,21
2017-10-15 18:00:00,22,14,8
2017-10-15 19:00:00,13,10,3
2017-10-15 20:00:00,6,6,0
2017-10-15 21:00:00,10,6,4
2017-10-15 22:00:00,2,0,2
2017-10-15 23:00:00,4,1,3
2017-10-16 00:00:00,1,1,0
2017-10-16 01:00:00,4,4,0
2017-10-16 02:00:00,2,0,2
2017-10-16 03:00:00,6,2,4
2017-10-16 04:00:00,5,1,4
2017-10-16 05:00:00,20,2,18
2017-10-16 06:00:00,69,7,62
2017-10-16 07:00:00,146,11,135
2017-10-16 08:00:00,148,11,137
2017-10-16 09:00:00,51,6,45
2017-10-16 10:00:00,22,7,15
2017-10-16 11:00:00,14,3,11
2017-10-16 12:00:00,20,10,10
2017-10-16 13:00:00,16,6,10
2017-10-16 14:00:00,22,15,7
2017-10-16 15:00:00,43,29,14
2017-10-16 16:00:00,115,96,19
2017-10-16 17:00:00,177,157,20
2017-10-16 18:00:00,107,97,10
2017-10-16 19:00:00,18,14,4
2017-10-16 20:00:00,9,7,2
2017-10-16 21:00:00,7,6,1
2017-10-16 22:00:00,3,2,1
2017-10-16 23:00:00,3,3,0
2017-10-17 00:00:00,6,4,2
2017-10-17 01:00:00,0,0,0
2017-10-17 02:00:00,1,1,0
2017-10-17 03:00:00,2,1,1
2017-10-17 04:00:00,4,3,1
2017-10-17 05:00:00,24,3,21
2017-10-17 06:00:00,51,6,45
2017-10-17 07:00:00,115,8,107
2017-10-17 08:00:00,87,6,81
2017-10-17 09:00:00,38,1,37
2017-10-17 10:00:00,14,4,10
2017-10-17 11:00:00,16,1,15
2017-10-17 12:00:00,7,5,2
2017-10-17 13:00:00,10,5,5
2017-10-17 14:00:00,12,5,7
2017-10-17 15:00:00,24,12,12
2017-10-17 16:00:00,85,72,13
2017-10-17 17:00:00,122,108,14
2017-10-17 18:00:00,79,67,12
2017-10-17 19:00:00,17,16,1
2017-10-17 20:00:00,10,9,1
2017-10-17 21:00:00,9,5,4
2017-10-17 22:00:00,5,4,1
2017-10-17 23:00:00,4,4,0
2017-10-18 00:00:00,7,5,2
2017-10-18 01:00:00,3,2,1
2017-10-18 02:00:00,3,2,1
2017-10-18 03:00:00,2,1,1
2017-10-18 04:00:00,5,1,4
2017-10-18 05:00:00,18,5,13
2017-10-18 06:00:00,53,8,45
2017-10-18 07:00:00,113,10,103
2017-10-18 08:00:00,88,6,82
2017-10-18 09:00:00,34,7,27
2017-10-18 10:00:00,10,1,9
2017-10-18 11:00:00,7,3,4
2017-10-18 12:00:00,3,1,2
2017-10-18 13:00:00,6,4,2
2017-10-18 14:00:00,11,8,3
2017-10-18 15:00:00,33,23,10
2017-10-18 16:00:00,48,43,5
2017-10-18 17:00:00,102,87,15
2017-10-18 18:00:00,43,41,2
2017-10-18 19:00:00,18,14,4
2017-10-18 20:00:00,10,9,1
2017-10-18 21:00:00,5,5,0
2017-10-18 22:00:00,2,1,1
2017-10-18 23:00:00,2,2,0
2017-10-19 00:00:00,1,0,1
2017-10-19 01:00:00,1,1,0
2017-10-19 02:00:00,1,1,0
2017-10-19 03:00:00,0,0,0
2017-10-19 04:00:00,2,0,2
2017-10-19 05:00:00,13,1,12
2017-10-19 06:00:00,36,8,28
2017-10-19 07:00:00,62,4,58
2017-10-19 08:00:00,77,7,70
2017-10-19 09:00:00,27,3,24
2017-10-19 10:00:00,23,6,17
2017-10-19 11:00:00,4,2,2
2017-10-19 12:00:00,9,6,3
2017-10-19 13:00:00,10,3,7
2017-10-19 14:00:00,17,8,9
2017-10-19 15:00:00,21,19,2
2017-10-19 16:00:00,39,29,10
2017-10-19 17:00:00,72,61,11
2017-10-19 18:00:00,53,48,5
2017-10-19 19:00:00,17,16,1
2017-10-19 20:00:00,7,6,1
2017-10-19 21:00:00,5,3,2
2017-10-19 22:00:00,3,3,0
2017-10-19 23:00:00,2,1,1
2017-10-20 00:00:00,1,1,0
2017-10-20 01:00:00,2,0,2
2017-10-20 02:00:00,3,3,0
2017-10-20 03:00:00,1,0,1
2017-10-20 04:00:00,7,1,6
2017-10-20 05:00:00,13,1,12
2017-10-20 06:00:00,33,4,29
2017-10-20 07:00:00,69,8,61
2017-10-20 08:00:00,80,6,74
2017-10-20 09:00:00,28,2,26
2017-10-20 10:00:00,14,4,10
2017-10-20 11:00:00,11,5,6
2017-10-20 12:00:00,11,4,7
2017-10-20 13:00:00,7,3,4
2017-10-20 14:00:00,20,11,9
2017-10-20 15:00:00,24,17,7
2017-10-20 16:00:00,59,48,11
2017-10-20 17:00:00,88,80,8
2017-10-20 18:00:00,47,41,6
2017-10-20 19:00:00,14,12,2
2017-10-20 20:00:00,8,7,1
2017-10-20 21:00:00,3,2,1
2017-10-20 22:00:00,3,2,1
2017-10-20 23:00:00,2,2,0
2017-10-21 00:00:00,3,2,1
2017-10-21 01:00:00,4,2,2
2017-10-21 02:00:00,1,1,0
2017-10-21 03:00:00,1,1,0
2017-10-21 04:00:00,2,1,1
2017-10-21 05:00:00,2,1,1
2017-10-21 06:00:00,3,2,1
2017-10-21 07:00:00,4,2,2
2017-10-21 08:00:00,7,2,5
2017-10-21 09:00:00,12,7,5
2017-10-21 10:00:00,7,3,4
2017-10-21 11:00:00,6,2,4
2017-10-21 12:00:00,6,3,3
2017-10-21 13:00:00,11,6,5
2017-10-21 14:00:00,5,1,4
2017-10-21 15:00:00,10,7,3
2017-10-21 16:00:00,5,2,3
2017-10-21 17:00:00,11,7,4
2017-10-21 18:00:00,7,2,5
2017-10-21 19:00:00,5,5,0
2017-10-21 20:00:00,2,0,2
2017-10-21 21:00:00,2,2,0
2017-10-21 22:00:00,0,0,0
2017-10-21 23:00:00,1,1,0
2017-10-22 00:00:00,0,0,0
2017-10-22 01:00:00,1,0,1
2017-10-22 02:00:00,0,0,0
2017-10-22 03:00:00,1,1,0
2017-10-22 04:00:00,1,0,1
2017-10-22 05:00:00,2,1,1
2017-10-22 06:00:00,10,5,5
2017-10-22 07:00:00,2,0,2
2017-10-22 08:00:00,20,9,11
2017-10-22 09:00:00,11,3,8
2017-10-22 10:00:00,45,30,15
2017-10-22 11:00:00,44,17,27
2017-10-22 12:00:00,26,10,16
2017-10-22 13:00:00,40,20,20
2017-10-22 14:00:00,25,12,13
2017-10-22 15:00:00,35,16,19
2017-10-22 16:00:00,29,15,14
2017-10-22 17:00:00,20,9,11
2017-10-22 18:00:00,9,3,6
2017-10-22 19:00:00,3,2,1
2017-10-22 20:00:00,3,0,3
2017-10-22 21:00:00,4,2,2
2017-10-22 22:00:00,4,4,0
2017-10-22 23:00:00,3,2,1
2017-10-23 00:00:00,3,1,2
2017-10-23 01:00:00,3,2,1
2017-10-23 02:00:00,1,1,0
2017-10-23 03:00:00,0,0,0
2017-10-23 04:00:00,4,0,4
2017-10-23 05:00:00,22,2,20
2017-10-23 06:00:00,80,15,65
2017-10-23 07:00:00,117,9,108
2017-10-23 08:00:00,160,15,145
2017-10-23 09:00:00,62,5,57
2017-10-23 10:00:00,34,12,22
2017-10-23 11:00:00,17,5,12
2017-10-23 12:00:00,18,4,14
2017-10-23 13:00:00,23,12,11
2017-10-23 14:00:00,32,20,12
2017-10-23 15:00:00,53,33,20
2017-10-23 16:00:00,110,95,15
2017-10-23 17:00:00,210,181,29
2017-10-23 18:00:00,95,76,19
2017-10-23 19:00:00,21,20,1
2017-10-23 20:00:00,11,9,2
2017-10-23 21:00:00,11,10,1
2017-10-23 22:00:00,5,2,3
2017-10-23 23:00:00,2,1,1
2017-10-24 00:00:00,3,1,2
2017-10-24 01:00:00,2,1,1
2017-10-24 02:00:00,4,4,0
2017-10-24 03:00:00,2,2,0
2017-10-24 04:00:00,4,1,3
2017-10-24 05:00:00,35,5,30
2017-10-24 06:00:00,70,12,58
2017-10-24 07:00:00,155,19,136
2017-10-24 08:00:00,153,16,137
2017-10-24 09:00:00,64,7,57
2017-10-24 10:00:00,24,5,19
2017-10-24 11:00:00,23,10,13
2017-10-24 12:00:00,20,9,11
2017-10-24 13:00:00,32,16,16
2017-10-24 14:00:00,30,13,17
2017-10-24 15:00:00,55,41,14
2017-10-24 16:00:00,113,92,21
2017-10-24 17:00:00,214,181,33
2017-10-24 18:00:00,92,77,15
2017-10-24 19:00:00,29,25,4
2017-10-24 20:00:00,9,9,0
2017-10-24 21:00:00,16,14,2
2017-10-24 22:00:00,6,4,2
2017-10-24 23:00:00,2,2,0
2017-10-25 00:00:00,0,0,0
2017-10-25 01:00:00,6,5,1
2017-10-25 02:00:00,3,2,1
2017-10-25 03:00:00,4,3,1
2017-10-25 04:00:00,8,3,5
2017-10-25 05:00:00,23,2,21
2017-10-25 06:00:00,52,4,48
2017-10-25 07:00:00,126,19,107
2017-10-25 08:00:00,139,16,123
2017-10-25 09:00:00,49,7,42
2017-10-25 10:00:00,23,2,21
2017-10-25 11:00:00,17,3,14
2017-10-25 12:00:00,15,7,8
2017-10-25 13:00:00,19,10,9
2017-10-25 14:00:00,10,7,3
2017-10-25 15:00:00,60,42,18
2017-10-25 16:00:00,74,64,10
2017-10-25 17:00:00,154,136,18
2017-10-25 18:00:00,69,63,6
2017-10-25 19:00:00,32,27,5
2017-10-25 20:00:00,21,14,7
2017-10-25 21:00:00,4,3,1
2017-10-25 22:00:00,6,6,0
2017-10-25 23:00:00,0,0,0
2017-10-26 00:00:00,1,0,1
2017-10-26 01:00:00,1,1,0
2017-10-26 02:00:00,2,1,1
2017-10-26 03:00:00,2,1,1
2017-10-26 04:00:00,5,1,4
2017-10-26 05:00:00,26,1,25
2017-10-26 06:00:00,71,9,62
2017-10-26 07:00:00,138,15,123
2017-10-26 08:00:00,138,19,119
2017-10-26 09:00:00,58,7,51
2017-10-26 10:00:00,19,2,17
2017-10-26 11:00:00,21,12,9
2017-10-26 12:00:00,14,4,10
2017-10-26 13:00:00,22,12,10
2017-10-26 14:00:00,23,15,8
2017-10-26 15:00:00,46,29,17
2017-10-26 16:00:00,124,97,27
2017-10-26 17:00:00,163,136,27
2017-10-26 18:00:00,105,87,18
2017-10-26 19:00:00,45,33,12
2017-10-26 20:00:00,13,8,5
2017-10-26 21:00:00,16,11,5
2017-10-26 22:00:00,1,1,0
2017-10-26 23:00:00,6,3,3
2017-10-27 00:00:00,1,1,0
2017-10-27 01:00:00,4,1,3
2017-10-27 02:00:00,6,4,2
2017-10-27 03:00:00,2,2,0
2017-10-27 04:00:00,3,0,3
2017-10-27 05:00:00,18,1,17
2017-10-27 06:00:00,49,4,45
2017-10-27 07:00:00,111,10,101
2017-10-27 08:00:00,131,10,121
2017-10-27 09:00:00,59,10,49
2017-10-27 10:00:00,29,3,26
2017-10-27 11:00:00,24,10,14
2017-10-27 12:00:00,25,7,18
2017-10-27 13:00:00,37,18,19
2017-10-27 14:00:00,54,25,29
2017-10-27 15:00:00,55,39,16
2017-10-27 16:00:00,128,98,30
2017-10-27 17:00:00,131,107,24
2017-10-27 18:00:00,81,61,20
2017-10-27 19:00:00,33,26,7
2017-10-27 20:00:00,15,10,5
2017-10-27 21:00:00,11,5,6
2017-10-27 22:00:00,8,3,5
2017-10-27 23:00:00,8,6,2
2017-10-28 00:00:00,3,2,1
2017-10-28 01:00:00,7,6,1
2017-10-28 02:00:00,2,1,1
2017-10-28 03:00:00,3,2,1
2017-10-28 04:00:00,4,2,2
2017-10-28 05:00:00,5,0,5
2017-10-28 06:00:00,9,2,7
2017-10-28 07:00:00,12,4,8
2017-10-28 08:00:00,20,4,16
2017-10-28 09:00:00,31,17,14
2017-10-28 10:00:00,39,15,24
2017-10-28 11:00:00,41,16,25
2017-10-28 12:00:00,37,16,21
2017-10-28 13:00:00,62,30,32
2017-10-28 14:00:00,64,33,31
2017-10-28 15:00:00,57,36,21
2017-10-28 16:00:00,41,25,16
2017-10-28 17:00:00,36,21,15
2017-10-28 18:00:00,17,13,4
2017-10-28 19:00:00,4,4,0
2017-10-28 20:00:00,15,9,6
2017-10-28 21:00:00,6,5,1
2017-10-28 22:00:00,2,2,0
2017-10-28 23:00:00,2,2,0
2017-10-29 00:00:00,2,2,0
2017-10-29 01:00:00,1,1,0
2017-10-29 02:00:00,2,2,0
2017-10-29 03:00:00,3,1,2
2017-10-29 04:00:00,4,2,2
2017-10-29 05:00:00,5,0,5
2017-10-29 06:00:00,4,2,2
2017-10-29 07:00:00,5,1,4
2017-10-29 08:00:00,26,10,16
2017-10-29 09:00:00,25,15,10
2017-10-29 10:00:00,32,8,24
2017-10-29 11:00:00,25,9,16
2017-10-29 12:00:00,44,22,22
2017-10-29 13:00:00,30,14,16
2017-10-29 14:00:00,33,17,16
2017-10-29 15:00:00,35,20,15
2017-10-29 16:00:00,25,15,10
2017-10-29 17:00:00,35,20,15
2017-10-29 18:00:00,15,8,7
2017-10-29 19:00:00,7,5,2
2017-10-29 20:00:00,7,4,3
2017-10-29 21:00:00,1,1,0
2017-10-29 22:00:00,0,0,0
2017-10-29 23:00:00,1,1,0
2017-10-30 00:00:00,3,3,0
2017-10-30 01:00:00,1,1,0
2017-10-30 02:00:00,0,0,0
2017-10-30 03:00:00,2,1,1
2017-10-30 04:00:00,4,0,4
2017-10-30 05:00:00,32,3,29
2017-10-30 06:00:00,69,16,53
2017-10-30 07:00:00,129,8,121
2017-10-30 08:00:00,146,15,131
2017-10-30 09:00:00,52,6,46
2017-10-30 10:00:00,26,3,23
2017-10-30 11:00:00,24,14,10
2017-10-30 12:00:00,18,9,9
2017-10-30 13:00:00,29,11,18
2017-10-30 14:00:00,19,10,9
2017-10-30 15:00:00,51,41,10
2017-10-30 16:00:00,101,86,15
2017-10-30 17:00:00,185,159,26
2017-10-30 18:00:00,93,81,12
2017-10-30 19:00:00,28,25,3
2017-10-30 20:00:00,15,13,2
2017-10-30 21:00:00,11,8,3
2017-10-30 22:00:00,6,4,2
2017-10-30 23:00:00,4,3,1
2017-10-31 00:00:00,3,2,1
2017-10-31 01:00:00,2,1,1
2017-10-31 02:00:00,3,2,1
2017-10-31 03:00:00,1,0,1
2017-10-31 04:00:00,3,2,1
2017-10-31 05:00:00,25,3,22
2017-10-31 06:00:00,67,10,57
2017-10-31 07:00:00,134,7,127
2017-10-31 08:00:00,135,12,123
2017-10-31 09:00:00,45,5,40
2017-10-31 10:00:00,19,7,12
2017-10-31 11:00:00,42,27,15
2017-10-31 12:00:00,56,16,40
2017-10-31 13:00:00,28,13,15
2017-10-31 14:00:00,26,15,11
2017-10-31 15:00:00,42,33,9
2017-10-31 16:00:00,143,117,26
2017-10-31 17:00:00,190,165,25
2017-10-31 18:00:00,58,54,4
2017-10-31 19:00:00,14,10,4
2017-10-31 20:00:00,13,10,3
2017-10-31 21:00:00,8,2,6
2017-10-31 22:00:00,5,3,2
2017-10-31 23:00:00,1,0,1
2017-11-01 00:00:00,2,2,0
2017-11-01 01:00:00,3,2,1
2017-11-01 02:00:00,4,2,2
2017-11-01 03:00:00,2,2,0
2017-11-01 04:00:00,6,3,3
2017-11-01 05:00:00,17,2,15
2017-11-01 06:00:00,62,8,54
2017-11-01 07:00:00,117,15,102
2017-11-01 08:00:00,119,12,107
2017-11-01 09:00:00,69,11,58
2017-11-01 10:00:00,12,4,8
2017-11-01 11:00:00,18,9,9
2017-11-01 12:00:00,15,4,11
2017-11-01 13:00:00,20,10,10
2017-11-01 14:00:00,22,11,11
2017-11-01 15:00:00,51,40,11
2017-11-01 16:00:00,79,68,11
2017-11-01 17:00:00,141,123,18
2017-11-01 18:00:00,75,59,16
2017-11-01 19:00:00,33,28,5
2017-11-01 20:00:00,30,21,9
2017-11-01 21:00:00,8,5,3
2017-11-01 22:00:00,10,10,0
2017-11-01 23:00:00,2,2,0
2017-11-02 00:00:00,1,0,1
2017-11-02 01:00:00,4,1,3
2017-11-02 02:00:00,3,2,1
2017-11-02 03:00:00,5,1,4
2017-11-02 04:00:00,3,1,2
2017-11-02 05:00:00,18,2,16
2017-11-02 06:00:00,49,8,41
2017-11-02 07:00:00,86,9,77
2017-11-02 08:00:00,106,15,91
2017-11-02 09:00:00,41,3,38
2017-11-02 10:00:00,17,5,12
2017-11-02 11:00:00,2,1,1
2017-11-02 12:00:00,8,5,3
2017-11-02 13:00:00,9,3,6
2017-11-02 14:00:00,14,6,8
2017-11-02 15:00:00,27,17,10
2017-11-02 16:00:00,60,45,15
2017-11-02 17:00:00,118,100,18
2017-11-02 18:00:00,50,42,8
2017-11-02 19:00:00,22,15,7
2017-11-02 20:00:00,11,11,0
2017-11-02 21:00:00,5,4,1
2017-11-02 22:00:00,8,8,0
2017-11-02 23:00:00,0,0,0
2017-11-03 00:00:00,1,1,0
2017-11-03 01:00:00,1,0,1
2017-11-03 02:00:00,2,1,1
2017-11-03 03:00:00,3,3,0
2017-11-03 04:00:00,3,1,2
2017-11-03 05:00:00,11,1,10
2017-11-03 06:00:00,19,3,16
2017-11-03 07:00:00,57,4,53
2017-11-03 08:00:00,84,8,76
2017-11-03 09:00:00,21,1,20
2017-11-03 10:00:00,9,4,5
2017-11-03 11:00:00,7,2,5
2017-11-03 12:00:00,8,2,6
2017-11-03 13:00:00,9,4,5
2017-11-03 14:00:00,13,6,7
2017-11-03 15:00:00,19,14,5
2017-11-03 16:00:00,45,41,4
2017-11-03 17:00:00,69,63,6
2017-11-03 18:00:00,38,35,3
2017-11-03 19:00:00,7,6,1
2017-11-03 20:00:00,9,8,1
2017-11-03 21:00:00,2,1,1
2017-11-03 22:00:00,2,2,0
2017-11-03 23:00:00,3,2,1
2017-11-04 00:00:00,1,1,0
2017-11-04 01:00:00,3,1,2
2017-11-04 02:00:00,3,2,1
2017-11-04 03:00:00,2,1,1
2017-11-04 04:00:00,2,2,0
2017-11-04 05:00:00,4,0,4
2017-11-04 06:00:00,9,5,4
2017-11-04 07:00:00,0,0,0
2017-11-04 08:00:00,14,5,9
2017-11-04 09:00:00,17,8,9
2017-11-04 10:00:00,17,12,5
2017-11-04 11:00:00,16,7,9
2017-11-04 12:00:00,21,6,15
2017-11-04 13:00:00,10,1,9
2017-11-04 14:00:00,9,5,4
2017-11-04 15:00:00,8,4,4
2017-11-04 16:00:00,9,8,1
2017-11-04 17:00:00,4,2,2
2017-11-04 18:00:00,5,3,2
2017-11-04 19:00:00,2,2,0
2017-11-04 20:00:00,2,1,1
2017-11-04 21:00:00,0,0,0
2017-11-04 22:00:00,0,0,0
2017-11-04 23:00:00,0,0,0
2017-11-05 00:00:00,7,5,2
2017-11-05 01:00:00,5,5,0
2017-11-05 02:00:00,3,1,2
2017-11-05 03:00:00,2,1,1
2017-11-05 04:00:00,0,0,0
2017-11-05 05:00:00,3,1,2
2017-11-05 06:00:00,3,0,3
2017-11-05 07:00:00,2,1,1
2017-11-05 08:00:00,3,1,2
2017-11-05 09:00:00,5,2,3
2017-11-05 10:00:00,6,3,3
2017-11-05 11:00:00,4,2,2
2017-11-05 12:00:00,8,2,6
2017-11-05 13:00:00,4,3,1
2017-11-05 14:00:00,3,0,3
2017-11-05 15:00:00,2,0,2
2017-11-05 16:00:00,6,4,2
2017-11-05 17:00:00,9,7,2
2017-11-05 18:00:00,2,1,1
2017-11-05 19:00:00,5,4,1
2017-11-05 20:00:00,1,1,0
2017-11-05 21:00:00,1,0,1
2017-11-05 22:00:00,1,1,0
2017-11-05 23:00:00,2,0,2
2017-11-06 00:00:00,0,0,0
2017-11-06 01:00:00,2,1,1
2017-11-06 02:00:00,2,2,0
2017-11-06 03:00:00,1,1,0
2017-11-06 04:00:00,0,0,0
2017-11-06 05:00:00,16,2,14
2017-11-06 06:00:00,45,6,39
2017-11-06 07:00:00,124,7,117
2017-11-06 08:00:00,100,8,92
2017-11-06 09:00:00,43,7,36
2017-11-06 10:00:00,15,2,13
2017-11-06 11:00:00,24,11,13
2017-11-06 12:00:00,22,6,16
2017-11-06 13:00:00,23,12,11
2017-11-06 14:00:00,22,13,9
2017-11-06 15:00:00,34,23,11
2017-11-06 16:00:00,88,72,16
2017-11-06 17:00:00,146,129,17
2017-11-06 18:00:00,60,54,6
2017-11-06 19:00:00,18,15,3
2017-11-06 20:00:00,7,5,2
2017-11-06 21:00:00,6,3,3
2017-11-06 22:00:00,5,5,0
2017-11-06 23:00:00,0,0,0
2017-11-07 00:00:00,1,0,1
2017-11-07 01:00:00,1,0,1
2017-11-07 02:00:00,3,2,1
2017-11-07 03:00:00,2,2,0
2017-11-07 04:00:00,4,2,2
2017-11-07 05:00:00,28,4,24
2017-11-07 06:00:00,61,12,49
2017-11-07 07:00:00,132,12,120
2017-11-07 08:00:00,114,9,105
2017-11-07 09:00:00,37,2,35
2017-11-07 10:00:00,17,1,16
2017-11-07 11:00:00,12,6,6
2017-11-07 12:00:00,13,5,8
2017-11-07 13:00:00,19,11,8
2017-11-07 14:00:00,26,11,15
2017-11-07 15:00:00,33,25,8
2017-11-07 16:00:00,109,81,28
2017-11-07 17:00:00,132,122,10
2017-11-07 18:00:00,76,62,14
2017-11-07 19:00:00,26,24,2
2017-11-07 20:00:00,9,4,5
2017-11-07 21:00:00,11,9,2
2017-11-07 22:00:00,2,2,0
2017-11-07 23:00:00,2,1,1
2017-11-08 00:00:00,3,1,2
2017-11-08 01:00:00,0,0,0
2017-11-08 02:00:00,1,0,1
2017-11-08 03:00:00,1,1,0
2017-11-08 04:00:00,3,2,1
2017-11-08 05:00:00,18,2,16
2017-11-08 06:00:00,41,8,33
2017-11-08 07:00:00,91,6,85
2017-11-08 08:00:00,149,10,139
2017-11-08 09:00:00,45,4,41
2017-11-08 10:00:00,11,0,11
2017-11-08 11:00:00,15,8,7
2017-11-08 12:00:00,12,6,6
2017-11-08 13:00:00,17,6,11
2017-11-08 14:00:00,19,11,8
2017-11-08 15:00:00,32,29,3
2017-11-08 16:00:00,80,68,12
2017-11-08 17:00:00,126,109,17
2017-11-08 18:00:00,42,38,4
2017-11-08 19:00:00,23,21,2
2017-11-08 20:00:00,6,6,0
2017-11-08 21:00:00,8,6,2
2017-11-08 22:00:00,5,5,0
2017-11-08 23:00:00,1,1,0
2017-11-09 00:00:00,4,3,1
2017-11-09 01:00:00,1,0,1
2017-11-09 02:00:00,4,3,1
2017-11-09 03:00:00,1,0,1
2017-11-09 04:00:00,6,3,3
2017-11-09 05:00:00,12,2,10
2017-11-09 06:00:00,45,10,35
2017-11-09 07:00:00,75,7,68
2017-11-09 08:00:00,81,6,75
2017-11-09 09:00:00,43,6,37
2017-11-09 10:00:00,16,3,13
2017-11-09 11:00:00,8,3,5
2017-11-09 12:00:00,6,2,4
2017-11-09 13:00:00,9,5,4
2017-11-09 14:00:00,7,3,4
2017-11-09 15:00:00,26,22,4
2017-11-09 16:00:00,49,41,8
2017-11-09 17:00:00,92,83,9
2017-11-09 18:00:00,48,40,8
2017-11-09 19:00:00,17,16,1
2017-11-09 20:00:00,6,5,1
2017-11-09 21:00:00,7,5,2
2017-11-09 22:00:00,2,1,1
2017-11-09 23:00:00,2,2,0
2017-11-10 00:00:00,1,0,1
2017-11-10 01:00:00,2,1,1
2017-11-10 02:00:00,4,2,2
2017-11-10 03:00:00,1,1,0
2017-11-10 04:00:00,1,1,0
2017-11-10 05:00:00,13,1,12
2017-11-10 06:00:00,24,4,20
2017-11-10 07:00:00,77,10,67
2017-11-10 08:00:00,75,6,69
2017-11-10 09:00:00,45,8,37
2017-11-10 10:00:00,19,3,16
2017-11-10 11:00:00,22,12,10
2017-11-10 12:00:00,28,7,21
2017-11-10 13:00:00,34,14,20
2017-11-10 14:00:00,36,14,22
2017-11-10 15:00:00,43,31,12
2017-11-10 16:00:00,73,61,12
2017-11-10 17:00:00,82,73,9
2017-11-10 18:00:00,49,37,12
2017-11-10 19:00:00,10,10,0
2017-11-10 20:00:00,8,6,2
2017-11-10 21:00:00,7,6,1
2017-11-10 22:00:00,4,1,3
2017-11-10 23:00:00,4,3,1
2017-11-11 00:00:00,2,0,2
2017-11-11 01:00:00,1,1,0
2017-11-11 02:00:00,2,2,0
2017-11-11 03:00:00,0,0,0
2017-11-11 04:00:00,3,2,1
2017-11-11 05:00:00,4,0,4
2017-11-11 06:00:00,4,1,3
2017-11-11 07:00:00,7,3,4
2017-11-11 08:00:00,16,4,12
2017-11-11 09:00:00,11,3,8
2017-11-11 10:00:00,33,16,17
2017-11-11 11:00:00,19,6,13
2017-11-11 12:00:00,13,7,6
2017-11-11 13:00:00,10,4,6
2017-11-11 14:00:00,12,10,2
2017-11-11 15:00:00,12,8,4
2017-11-11 16:00:00,16,10,6
2017-11-11 17:00:00,16,10,6
2017-11-11 18:00:00,3,2,1
2017-11-11 19:00:00,3,1,2
2017-11-11 20:00:00,0,0,0
2017-11-11 21:00:00,3,3,0
2017-11-11 22:00:00,2,2,0
2017-11-11 23:00:00,3,3,0
2017-11-12 00:00:00,2,1,1
2017-11-12 01:00:00,6,4,2
2017-11-12 02:00:00,1,1,0
2017-11-12 03:00:00,0,0,0
2017-11-12 04:00:00,1,1,0
2017-11-12 05:00:00,3,0,3
2017-11-12 06:00:00,2,2,0
2017-11-12 07:00:00,0,0,0
2017-11-12 08:00:00,8,4,4
2017-11-12 09:00:00,11,4,7
2017-11-12 10:00:00,15,3,12
2017-11-12 11:00:00,25,11,14
2017-11-12 12:00:00,28,13,15
2017-11-12 13:00:00,20,10,10
2017-11-12 14:00:00,8,7,1
2017-11-12 15:00:00,15,9,6
2017-11-12 16:00:00,11,6,5
2017-11-12 17:00:00,8,4,4
2017-11-12 18:00:00,7,3,4
2017-11-12 19:00:00,7,4,3
2017-11-12 20:00:00,3,2,1
2017-11-12 21:00:00,1,0,1
2017-11-12 22:00:00,1,1,0
2017-11-12 23:00:00,1,1,0
2017-11-13 00:00:00,1,1,0
2017-11-13 01:00:00,3,1,2
2017-11-13 02:00:00,0,0,0
2017-11-13 03:00:00,1,1,0
2017-11-13 04:00:00,4,1,3
2017-11-13 05:00:00,16,1,15
2017-11-13 06:00:00,27,4,23
2017-11-13 07:00:00,83,3,80
2017-11-13 08:00:00,78,4,74
2017-11-13 09:00:00,28,2,26
2017-11-13 10:00:00,13,2,11
2017-11-13 11:00:00,10,3,7
2017-11-13 12:00:00,9,3,6
2017-11-13 13:00:00,8,4,4
2017-11-13 14:00:00,4,3,1
2017-11-13 15:00:00,21,16,5
2017-11-13 16:00:00,38,34,4
2017-11-13 17:00:00,65,58,7
2017-11-13 18:00:00,28,27,1
2017-11-13 19:00:00,7,7,0
2017-11-13 20:00:00,8,6,2
2017-11-13 21:00:00,4,2,2
2017-11-13 22:00:00,3,3,0
2017-11-13 23:00:00,1,1,0
2017-11-14 00:00:00,0,0,0
2017-11-14 01:00:00,1,0,1
2017-11-14 02:00:00,1,0,1
2017-11-14 03:00:00,1,1,0
2017-11-14 04:00:00,4,2,2
2017-11-14 05:00:00,22,5,17
2017-11-14 06:00:00,34,6,28
2017-11-14 07:00:00,81,9,72
2017-11-14 08:00:00,95,7,88
2017-11-14 09:00:00,34,6,28
2017-11-14 10:00:00,14,2,12
2017-11-14 11:00:00,4,2,2
2017-11-14 12:00:00,6,3,3
2017-11-14 13:00:00,11,7,4
2017-11-14 14:00:00,17,11,6
2017-11-14 15:00:00,25,18,7
2017-11-14 16:00:00,49,42,7
2017-11-14 17:00:00,103,92,11
2017-11-14 18:00:00,45,40,5
2017-11-14 19:00:00,29,24,5
2017-11-14 20:00:00,5,4,1
2017-11-14 21:00:00,8,5,3
2017-11-14 22:00:00,2,1,1
2017-11-14 23:00:00,2,2,0
2017-11-15 00:00:00,2,1,1
2017-11-15 01:00:00,0,0,0
2017-11-15 02:00:00,0,0,0
2017-11-15 03:00:00,1,1,0
2017-11-15 04:00:00,4,1,3
2017-11-15 05:00:00,11,1,10
2017-11-15 06:00:00,30,7,23
2017-11-15 07:00:00,51,6,45
2017-11-15 08:00:00,93,3,90
2017-11-15 09:00:00,24,1,23
2017-11-15 10:00:00,12,2,10
2017-11-15 11:00:00,6,1,5
2017-11-15 12:00:00,6,3,3
2017-11-15 13:00:00,8,4,4
2017-11-15 14:00:00,12,8,4
2017-11-15 15:00:00,23,19,4
2017-11-15 16:00:00,41,30,11
2017-11-15 17:00:00,87,77,10
2017-11-15 18:00:00,46,40,6
2017-11-15 19:00:00,21,19,2
2017-11-15 20:00:00,7,7,0
2017-11-15 21:00:00,8,6,2
2017-11-15 22:00:00,4,2,2
2017-11-15 23:00:00,0,0,0
2017-11-16 00:00:00,0,0,0
2017-11-16 01:00:00,4,3,1
2017-11-16 02:00:00,2,2,0
2017-11-16 03:00:00,1,1,0
2017-11-16 04:00:00,7,2,5
2017-11-16 05:00:00,23,3,20
2017-11-16 06:00:00,32,5,27
2017-11-16 07:00:00,86,9,77
2017-11-16 08:00:00,98,9,89
2017-11-16 09:00:00,31,5,26
2017-11-16 10:00:00,26,11,15
2017-11-16 11:00:00,5,1,4
2017-11-16 12:00:00,5,4,1
2017-11-16 13:00:00,13,4,9
2017-11-16 14:00:00,7,2,5
2017-11-16 15:00:00,49,36,13
2017-11-16 16:00:00,54,46,8
2017-11-16 17:00:00,91,79,12
2017-11-16 18:00:00,70,58,12
2017-11-16 19:00:00,25,19,6
2017-11-16 20:00:00,8,7,1
2017-11-16 21:00:00,8,6,2
2017-11-16 22:00:00,4,2,2
2017-11-16 23:00:00,3,2,1
2017-11-17 00:00:00,0,0,0
2017-11-17 01:00:00,1,0,1
2017-11-17 02:00:00,4,3,1
2017-11-17 03:00:00,1,0,1
2017-11-17 04:00:00,7,1,6
2017-11-17 05:00:00,15,4,11
2017-11-17 06:00:00,48,8,40
2017-11-17 07:00:00,94,14,80
2017-11-17 08:00:00,108,8,100
2017-11-17 09:00:00,47,8,39
2017-11-17 10:00:00,22,4,18
2017-11-17 11:00:00,18,7,11
2017-11-17 12:00:00,18,7,11
2017-11-17 13:00:00,24,13,11
2017-11-17 14:00:00,27,14,13
2017-11-17 15:00:00,40,24,16
2017-11-17 16:00:00,65,57,8
2017-11-17 17:00:00,103,88,15
2017-11-17 18:00:00,49,38,11
2017-11-17 19:00:00,24,22,2
2017-11-17 20:00:00,13,8,5
2017-11-17 21:00:00,8,6,2
2017-11-17 22:00:00,6,4,2
2017-11-17 23:00:00,5,4,1
2017-11-18 00:00:00,2,1,1
2017-11-18 01:00:00,0,0,0
2017-11-18 02:00:00,2,2,0
2017-11-18 03:00:00,1,1,0
2017-11-18 04:00:00,2,2,0
2017-11-18 05:00:00,4,0,4
2017-11-18 06:00:00,7,1,6
2017-11-18 07:00:00,7,0,7
2017-11-18 08:00:00,20,5,15
2017-11-18 09:00:00,24,9,15
2017-11-18 10:00:00,28,10,18
2017-11-18 11:00:00,36,24,12
2017-11-18 12:00:00,53,23,30
2017-11-18 13:00:00,44,17,27
2017-11-18 14:00:00,43,24,19
2017-11-18 15:00:00,42,21,21
2017-11-18 16:00:00,27,15,12
2017-11-18 17:00:00,19,13,6
2017-11-18 18:00:00,9,7,2
2017-11-18 19:00:00,8,2,6
2017-11-18 20:00:00,5,4,1
2017-11-18 21:00:00,6,6,0
2017-11-18 22:00:00,1,1,0
2017-11-18 23:00:00,2,2,0
2017-11-19 00:00:00,2,2,0
2017-11-19 01:00:00,3,2,1
2017-11-19 02:00:00,1,1,0
2017-11-19 03:00:00,2,2,0
2017-11-19 04:00:00,1,1,0
2017-11-19 05:00:00,2,0,2
2017-11-19 06:00:00,3,1,2
2017-11-19 07:00:00,1,0,1
2017-11-19 08:00:00,9,1,8
2017-11-19 09:00:00,11,4,7
2017-11-19 10:00:00,26,12,14
2017-11-19 11:00:00,28,17,11
2017-11-19 12:00:00,24,12,12
2017-11-19 13:00:00,15,6,9
2017-11-19 14:00:00,19,11,8
2017-11-19 15:00:00,7,5,2
2017-11-19 16:00:00,5,1,4
2017-11-19 17:00:00,4,1,3
2017-11-19 18:00:00,1,1,0
2017-11-19 19:00:00,2,2,0
2017-11-19 20:00:00,1,1,0
2017-11-19 21:00:00,1,1,0
2017-11-19 22:00:00,0,0,0
2017-11-19 23:00:00,1,1,0
2017-11-20 00:00:00,1,0,1
2017-11-20 01:00:00,3,3,0
2017-11-20 02:00:00,0,0,0
2017-11-20 03:00:00,1,1,0
2017-11-20 04:00:00,4,1,3
2017-11-20 05:00:00,15,3,12
2017-11-20 06:00:00,36,2,34
2017-11-20 07:00:00,68,7,61
2017-11-20 08:00:00,63,6,57
2017-11-20 09:00:00,29,3,26
2017-11-20 10:00:00,11,1,10
2017-11-20 11:00:00,14,5,9
2017-11-20 12:00:00,14,5,9
2017-11-20 13:00:00,11,7,4
2017-11-20 14:00:00,14,6,8
2017-11-20 15:00:00,22,20,2
2017-11-20 16:00:00,54,39,15
2017-11-20 17:00:00,84,78,6
2017-11-20 18:00:00,52,40,12
2017-11-20 19:00:00,17,13,4
2017-11-20 20:00:00,7,6,1
2017-11-20 21:00:00,7,6,1
2017-11-20 22:00:00,2,2,0
2017-11-20 23:00:00,6,2,4
2017-11-21 00:00:00,2,2,0
2017-11-21 01:00:00,2,2,0
2017-11-21 02:00:00,0,0,0
2017-11-21 03:00:00,0,0,0
2017-11-21 04:00:00,5,2,3
2017-11-21 05:00:00,17,2,15
2017-11-21 06:00:00,22,0,22
2017-11-21 07:00:00,70,6,64
2017-11-21 08:00:00,58,5,53
2017-11-21 09:00:00,23,1,22
2017-11-21 10:00:00,9,0,9
2017-11-21 11:00:00,4,2,2
2017-11-21 12:00:00,8,4,4
2017-11-21 13:00:00,5,5,0
2017-11-21 14:00:00,11,4,7
2017-11-21 15:00:00,13,12,1
2017-11-21 16:00:00,34,29,5
2017-11-21 17:00:00,70,63,7
2017-11-21 18:00:00,35,29,6
2017-11-21 19:00:00,13,12,1
2017-11-21 20:00:00,6,4,2
2017-11-21 21:00:00,3,3,0
2017-11-21 22:00:00,2,2,0
2017-11-21 23:00:00,1,0,1
2017-11-22 00:00:00,2,1,1
2017-11-22 01:00:00,1,1,0
2017-11-22 02:00:00,2,0,2
2017-11-22 03:00:00,0,0,0
2017-11-22 04:00:00,5,3,2
2017-11-22 05:00:00,10,1,9
2017-11-22 06:00:00,25,2,23
2017-11-22 07:00:00,70,7,63
2017-11-22 08:00:00,64,9,55
2017-11-22 09:00:00,39,14,25
2017-11-22 10:00:00,18,6,12
2017-11-22 11:00:00,13,4,9
2017-11-22 12:00:00,22,7,15
2017-11-22 13:00:00,21,11,10
2017-11-22 14:00:00,28,21,7
2017-11-22 15:00:00,47,38,9
2017-11-22 16:00:00,55,48,7
2017-11-22 17:00:00,47,42,5
2017-11-22 18:00:00,20,17,3
2017-11-22 19:00:00,10,9,1
2017-11-22 20:00:00,8,7,1
2017-11-22 21:00:00,4,2,2
2017-11-22 22:00:00,1,1,0
2017-11-22 23:00:00,4,2,2
2017-11-23 00:00:00,1,1,0
2017-11-23 01:00:00,2,0,2
2017-11-23 02:00:00,3,2,1
2017-11-23 03:00:00,1,1,0
2017-11-23 04:00:00,1,0,1
2017-11-23 05:00:00,4,1,3
2017-11-23 06:00:00,3,2,1
2017-11-23 07:00:00,3,2,1
2017-11-23 08:00:00,11,4,7
2017-11-23 09:00:00,14,9,5
2017-11-23 10:00:00,6,1,5
2017-11-23 11:00:00,6,5,1
2017-11-23 12:00:00,6,3,3
2017-11-23 13:00:00,4,3,1
2017-11-23 14:00:00,8,3,5
2017-11-23 15:00:00,12,8,4
2017-11-23 16:00:00,6,3,3
2017-11-23 17:00:00,3,1,2
2017-11-23 18:00:00,1,0,1
2017-11-23 19:00:00,6,1,5
2017-11-23 20:00:00,3,0,3
2017-11-23 21:00:00,5,1,4
2017-11-23 22:00:00,2,2,0
2017-11-23 23:00:00,2,1,1
2017-11-24 00:00:00,0,0,0
2017-11-24 01:00:00,0,0,0
2017-11-24 02:00:00,5,2,3
2017-11-24 03:00:00,1,0,1
2017-11-24 04:00:00,6,2,4
2017-11-24 05:00:00,2,1,1
2017-11-24 06:00:00,6,2,4
2017-11-24 07:00:00,10,3,7
2017-11-24 08:00:00,22,5,17
2017-11-24 09:00:00,11,4,7
2017-11-24 10:00:00,24,12,12
2017-11-24 11:00:00,29,13,16
2017-11-24 12:00:00,27,14,13
2017-11-24 13:00:00,26,13,13
2017-11-24 14:00:00,31,18,13
2017-11-24 15:00:00,18,10,8
2017-11-24 16:00:00,21,12,9
2017-11-24 17:00:00,14,10,4
2017-11-24 18:00:00,6,4,2
2017-11-24 19:00:00,8,4,4
2017-11-24 20:00:00,3,3,0
2017-11-24 21:00:00,4,2,2
2017-11-24 22:00:00,3,2,1
2017-11-24 23:00:00,1,1,0
2017-11-25 00:00:00,1,0,1
2017-11-25 01:00:00,1,1,0
2017-11-25 02:00:00,0,0,0
2017-11-25 03:00:00,0,0,0
2017-11-25 04:00:00,1,1,0
2017-11-25 05:00:00,0,0,0
2017-11-25 06:00:00,2,0,2
2017-11-25 07:00:00,4,0,4
2017-11-25 08:00:00,20,4,16
2017-11-25 09:00:00,23,12,11
2017-11-25 10:00:00,36,16,20
2017-11-25 11:00:00,35,17,18
2017-11-25 12:00:00,49,26,23
2017-11-25 13:00:00,27,9,18
2017-11-25 14:00:00,28,15,13
2017-11-25 15:00:00,17,14,3
2017-11-25 16:00:00,7,5,2
2017-11-25 17:00:00,5,4,1
2017-11-25 18:00:00,2,2,0
2017-11-25 19:00:00,4,1,3
2017-11-25 20:00:00,3,1,2
2017-11-25 21:00:00,2,1,1
2017-11-25 22:00:00,0,0,0
2017-11-25 23:00:00,1,1,0
2017-11-26 00:00:00,2,1,1
2017-11-26 01:00:00,4,1,3
2017-11-26 02:00:00,3,3,0
2017-11-26 03:00:00,2,1,1
2017-11-26 04:00:00,3,2,1
2017-11-26 05:00:00,3,1,2
2017-11-26 06:00:00,2,1,1
2017-11-26 07:00:00,4,1,3
2017-11-26 08:00:00,3,0,3
2017-11-26 09:00:00,8,3,5
2017-11-26 10:00:00,20,13,7
2017-11-26 11:00:00,20,8,12
2017-11-26 12:00:00,9,3,6
2017-11-26 13:00:00,10,6,4
2017-11-26 14:00:00,7,3,4
2017-11-26 15:00:00,6,5,1
2017-11-26 16:00:00,4,2,2
2017-11-26 17:00:00,9,5,4
2017-11-26 18:00:00,3,2,1
2017-11-26 19:00:00,4,4,0
2017-11-26 20:00:00,4,1,3
2017-11-26 21:00:00,3,2,1
2017-11-26 22:00:00,0,0,0
2017-11-26 23:00:00,3,2,1
2017-11-27 00:00:00,0,0,0
2017-11-27 01:00:00,2,1,1
2017-11-27 02:00:00,0,0,0
2017-11-27 03:00:00,1,1,0
2017-11-27 04:00:00,10,1,9
2017-11-27 05:00:00,22,4,18
2017-11-27 06:00:00,51,9,42
2017-11-27 07:00:00,126,12,114
2017-11-27 08:00:00,125,14,111
2017-11-27 09:00:00,45,5,40
2017-11-27 10:00:00,23,5,18
2017-11-27 11:00:00,10,2,8
2017-11-27 12:00:00,12,5,7
2017-11-27 13:00:00,20,7,13
2017-11-27 14:00:00,14,12,2
2017-11-27 15:00:00,46,28,18
2017-11-27 16:00:00,90,77,13
2017-11-27 17:00:00,151,135,16
2017-11-27 18:00:00,72,62,10
2017-11-27 19:00:00,25,22,3
2017-11-27 20:00:00,9,8,1
2017-11-27 21:00:00,9,8,1
2017-11-27 22:00:00,5,4,1
2017-11-27 23:00:00,1,1,0
2017-11-28 00:00:00,2,0,2
2017-11-28 01:00:00,3,1,2
2017-11-28 02:00:00,2,1,1
2017-11-28 03:00:00,1,1,0
2017-11-28 04:00:00,8,1,7
2017-11-28 05:00:00,28,3,25
2017-11-28 06:00:00,35,7,28
2017-11-28 07:00:00,82,9,73
2017-11-28 08:00:00,87,4,83
2017-11-28 09:00:00,31,2,29
2017-11-28 10:00:00,9,0,9
2017-11-28 11:00:00,4,2,2
2017-11-28 12:00:00,5,3,2
2017-11-28 13:00:00,9,2,7
2017-11-28 14:00:00,8,3,5
2017-11-28 15:00:00,12,10,2
2017-11-28 16:00:00,57,47,10
2017-11-28 17:00:00,98,87,11
2017-11-28 18:00:00,71,65,6
2017-11-28 19:00:00,18,17,1
2017-11-28 20:00:00,3,2,1
2017-11-28 21:00:00,7,5,2
2017-11-28 22:00:00,3,3,0
2017-11-28 23:00:00,1,1,0
2017-11-29 00:00:00,3,2,1
2017-11-29 01:00:00,2,0,2
2017-11-29 02:00:00,2,1,1
2017-11-29 03:00:00,0,0,0
2017-11-29 04:00:00,7,3,4
2017-11-29 05:00:00,16,2,14
2017-11-29 06:00:00,62,9,53
2017-11-29 07:00:00,118,12,106
2017-11-29 08:00:00,110,8,102
2017-11-29 09:00:00,58,2,56
2017-11-29 10:00:00,19,5,14
2017-11-29 11:00:00,16,7,9
2017-11-29 12:00:00,19,8,11
2017-11-29 13:00:00,18,8,10
2017-11-29 14:00:00,22,15,7
2017-11-29 15:00:00,41,33,8
2017-11-29 16:00:00,91,68,23
2017-11-29 17:00:00,138,118,20
2017-11-29 18:00:00,63,56,7
2017-11-29 19:00:00,31,24,7
2017-11-29 20:00:00,21,17,4
2017-11-29 21:00:00,7,7,0
2017-11-29 22:00:00,7,6,1
2017-11-29 23:00:00,2,2,0
2017-11-30 00:00:00,3,2,1
2017-11-30 01:00:00,3,3,0
2017-11-30 02:00:00,2,2,0
2017-11-30 03:00:00,3,2,1
2017-11-30 04:00:00,5,0,5
2017-11-30 05:00:00,21,3,18
2017-11-30 06:00:00,40,6,34
2017-11-30 07:00:00,83,8,75
2017-11-30 08:00:00,75,7,68
2017-11-30 09:00:00,29,1,28
2017-11-30 10:00:00,13,2,11
2017-11-30 11:00:00,11,3,8
2017-11-30 12:00:00,9,5,4
2017-11-30 13:00:00,12,4,8
2017-11-30 14:00:00,10,4,6
2017-11-30 15:00:00,24,17,7
2017-11-30 16:00:00,43,33,10
2017-11-30 17:00:00,101,88,13
2017-11-30 18:00:00,54,42,12
2017-11-30 19:00:00,24,17,7
2017-11-30 20:00:00,8,8,0
2017-11-30 21:00:00,6,2,4
2017-11-30 22:00:00,12,11,1
2017-11-30 23:00:00,3,3,0
2017-12-01 00:00:00,2,1,1
2017-12-01 01:00:00,0,0,0
2017-12-01 02:00:00,3,2,1
2017-12-01 03:00:00,2,0,2
2017-12-01 04:00:00,5,3,2
2017-12-01 05:00:00,13,0,13
2017-12-01 06:00:00,33,9,24
2017-12-01 07:00:00,87,14,73
2017-12-01 08:00:00,83,7,76
2017-12-01 09:00:00,34,3,31
2017-12-01 10:00:00,11,2,9
2017-12-01 11:00:00,13,3,10
2017-12-01 12:00:00,5,1,4
2017-12-01 13:00:00,9,4,5
2017-12-01 14:00:00,9,7,2
2017-12-01 15:00:00,21,14,7
2017-12-01 16:00:00,54,48,6
2017-12-01 17:00:00,81,71,10
2017-12-01 18:00:00,32,23,9
2017-12-01 19:00:00,18,15,3
2017-12-01 20:00:00,9,8,1
2017-12-01 21:00:00,6,5,1
2017-12-01 22:00:00,7,5,2
2017-12-01 23:00:00,2,1,1
2017-12-02 00:00:00,4,3,1
2017-12-02 01:00:00,7,2,5
2017-12-02 02:00:00,2,2,0
2017-12-02 03:00:00,2,0,2
2017-12-02 04:00:00,6,4,2
2017-12-02 05:00:00,3,0,3
2017-12-02 06:00:00,4,0,4
2017-12-02 07:00:00,2,0,2
2017-12-02 08:00:00,12,2,10
2017-12-02 09:00:00,9,4,5
2017-12-02 10:00:00,5,2,3
2017-12-02 11:00:00,0,0,0
2017-12-02 12:00:00,6,4,2
2017-12-02 13:00:00,6,2,4
2017-12-02 14:00:00,4,2,2
2017-12-02 15:00:00,6,4,2
2017-12-02 16:00:00,6,2,4
2017-12-02 17:00:00,6,4,2
2017-12-02 18:00:00,4,0,4
2017-12-02 19:00:00,2,1,1
2017-12-02 20:00:00,2,2,0
2017-12-02 21:00:00,2,1,1
2017-12-02 22:00:00,1,1,0
2017-12-02 23:00:00,1,1,0
2017-12-03 00:00:00,1,1,0
2017-12-03 01:00:00,1,1,0
2017-12-03 02:00:00,1,1,0
2017-12-03 03:00:00,0,0,0
2017-12-03 04:00:00,1,0,1
2017-12-03 05:00:00,4,2,2
2017-12-03 06:00:00,3,0,3
2017-12-03 07:00:00,5,2,3
2017-12-03 08:00:00,21,9,12
2017-12-03 09:00:00,36,12,24
2017-12-03 10:00:00,34,20,14
2017-12-03 11:00:00,34,19,15
2017-12-03 12:00:00,20,10,10
2017-12-03 13:00:00,30,8,22
2017-12-03 14:00:00,20,12,8
2017-12-03 15:00:00,29,14,15
2017-12-03 16:00:00,20,9,11
2017-12-03 17:00:00,10,6,4
2017-12-03 18:00:00,2,0,2
2017-12-03 19:00:00,10,7,3
2017-12-03 20:00:00,1,1,0
2017-12-03 21:00:00,8,6,2
2017-12-03 22:00:00,3,0,3
2017-12-03 23:00:00,5,5,0
2017-12-04 00:00:00,0,0,0
2017-12-04 01:00:00,5,2,3
2017-12-04 02:00:00,1,0,1
2017-12-04 03:00:00,0,0,0
2017-12-04 04:00:00,7,0,7
2017-12-04 05:00:00,15,4,11
2017-12-04 06:00:00,52,4,48
2017-12-04 07:00:00,100,8,92
2017-12-04 08:00:00,112,12,100
2017-12-04 09:00:00,28,1,27
2017-12-04 10:00:00,21,3,18
2017-12-04 11:00:00,8,3,5
2017-12-04 12:00:00,14,6,8
2017-12-04 13:00:00,15,7,8
2017-12-04 14:00:00,14,7,7
2017-12-04 15:00:00,30,19,11
2017-12-04 16:00:00,79,65,14
2017-12-04 17:00:00,133,117,16
2017-12-04 18:00:00,58,49,9
2017-12-04 19:00:00,28,26,2
2017-12-04 20:00:00,10,8,2
2017-12-04 21:00:00,5,5,0
2017-12-04 22:00:00,3,3,0
2017-12-04 23:00:00,1,0,1
2017-12-05 00:00:00,0,0,0
2017-12-05 01:00:00,1,1,0
2017-12-05 02:00:00,0,0,0
2017-12-05 03:00:00,2,1,1
2017-12-05 04:00:00,4,1,3
2017-12-05 05:00:00,33,3,30
2017-12-05 06:00:00,41,7,34
2017-12-05 07:00:00,95,8,87
2017-12-05 08:00:00,115,7,108
2017-12-05 09:00:00,33,3,30
2017-12-05 10:00:00,11,0,11
2017-12-05 11:00:00,13,6,7
2017-12-05 12:00:00,17,5,12
2017-12-05 13:00:00,21,7,14
2017-12-05 14:00:00,19,10,9
2017-12-05 15:00:00,33,22,11
2017-12-05 16:00:00,70,61,9
2017-12-05 17:00:00,124,108,16
2017-12-05 18:00:00,64,56,8
2017-12-05 19:00:00,20,19,1
2017-12-05 20:00:00,9,7,2
2017-12-05 21:00:00,10,7,3
2017-12-05 22:00:00,10,8,2
2017-12-05 23:00:00,1,1,0
2017-12-06 00:00:00,5,3,2
2017-12-06 01:00:00,2,2,0
2017-12-06 02:00:00,2,1,1
2017-12-06 03:00:00,1,1,0
2017-12-06 04:00:00,3,0,3
2017-12-06 05:00:00,24,3,21
2017-12-06 06:00:00,56,7,49
2017-12-06 07:00:00,92,15,77
2017-12-06 08:00:00,101,7,94
2017-12-06 09:00:00,51,6,45
2017-12-06 10:00:00,24,4,20
2017-12-06 11:00:00,24,7,17
2017-12-06 12:00:00,22,11,11
2017-12-06 13:00:00,18,8,10
2017-12-06 14:00:00,25,14,11
2017-12-06 15:00:00,46,28,18
2017-12-06 16:00:00,71,58,13
2017-12-06 17:00:00,119,103,16
2017-12-06 18:00:00,54,50,4
2017-12-06 19:00:00,27,23,4
2017-12-06 20:00:00,28,19,9
2017-12-06 21:00:00,5,5,0
2017-12-06 22:00:00,6,6,0
2017-12-06 23:00:00,2,1,1
2017-12-07 00:00:00,0,0,0
2017-12-07 01:00:00,2,1,1
2017-12-07 02:00:00,1,1,0
2017-12-07 03:00:00,2,1,1
2017-12-07 04:00:00,4,1,3
2017-12-07 05:00:00,22,2,20
2017-12-07 06:00:00,38,1,37
2017-12-07 07:00:00,58,10,48
2017-12-07 08:00:00,105,5,100
2017-12-07 09:00:00,42,3,39
2017-12-07 10:00:00,21,5,16
2017-12-07 11:00:00,17,6,11
2017-12-07 12:00:00,19,7,12
2017-12-07 13:00:00,14,5,9
2017-12-07 14:00:00,17,11,6
2017-12-07 15:00:00,35,22,13
2017-12-07 16:00:00,69,57,12
2017-12-07 17:00:00,87,79,8
2017-12-07 18:00:00,71,62,9
2017-12-07 19:00:00,30,24,6
2017-12-07 20:00:00,11,9,2
2017-12-07 21:00:00,8,5,3
2017-12-07 22:00:00,10,9,1
2017-12-07 23:00:00,3,2,1
2017-12-08 00:00:00,1,1,0
2017-12-08 01:00:00,0,0,0
2017-12-08 02:00:00,2,2,0
2017-12-08 03:00:00,2,2,0
2017-12-08 04:00:00,2,1,1
2017-12-08 05:00:00,14,1,13
2017-12-08 06:00:00,26,2,24
2017-12-08 07:00:00,59,10,49
2017-12-08 08:00:00,69,5,64
2017-12-08 09:00:00,30,2,28
2017-12-08 10:00:00,12,3,9
2017-12-08 11:00:00,11,3,8
2017-12-08 12:00:00,14,9,5
2017-12-08 13:00:00,19,8,11
2017-12-08 14:00:00,19,9,10
2017-12-08 15:00:00,34,25,9
2017-12-08 16:00:00,53,42,11
2017-12-08 17:00:00,73,58,15
2017-12-08 18:00:00,35,28,7
2017-12-08 19:00:00,22,19,3
2017-12-08 20:00:00,8,5,3
2017-12-08 21:00:00,3,2,1
2017-12-08 22:00:00,5,3,2
2017-12-08 23:00:00,5,3,2
2017-12-09 00:00:00,1,1,0
2017-12-09 01:00:00,2,1,1
2017-12-09 02:00:00,2,2,0
2017-12-09 03:00:00,1,1,0
2017-12-09 04:00:00,2,1,1
2017-12-09 05:00:00,4,0,4
2017-12-09 06:00:00,5,2,3
2017-12-09 07:00:00,2,0,2
2017-12-09 08:00:00,7,1,6
2017-12-09 09:00:00,10,4,6
2017-12-09 10:00:00,21,7,14
2017-12-09 11:00:00,23,12,11
2017-12-09 12:00:00,28,18,10
2017-12-09 13:00:00,33,15,18
2017-12-09 14:00:00,36,19,17
2017-12-09 15:00:00,19,10,9
2017-12-09 16:00:00,22,6,16
2017-12-09 17:00:00,14,8,6
2017-12-09 18:00:00,5,4,1
2017-12-09 19:00:00,10,6,4
2017-12-09 20:00:00,2,1,1
2017-12-09 21:00:00,7,6,1
2017-12-09 22:00:00,6,5,1
2017-12-09 23:00:00,2,1,1
2017-12-10 00:00:00,1,0,1
2017-12-10 01:00:00,4,2,2
2017-12-10 02:00:00,1,1,0
2017-12-10 03:00:00,2,1,1
2017-12-10 04:00:00,2,1,1
2017-12-10 05:00:00,2,0,2
2017-12-10 06:00:00,3,0,3
2017-12-10 07:00:00,1,1,0
2017-12-10 08:00:00,12,5,7
2017-12-10 09:00:00,18,9,9
2017-12-10 10:00:00,22,7,15
2017-12-10 11:00:00,29,13,16
2017-12-10 12:00:00,34,18,16
2017-12-10 13:00:00,43,19,24
2017-12-10 14:00:00,33,17,16
2017-12-10 15:00:00,29,13,16
2017-12-10 16:00:00,17,8,9
2017-12-10 17:00:00,9,6,3
2017-12-10 18:00:00,2,1,1
2017-12-10 19:00:00,3,2,1
2017-12-10 20:00:00,1,1,0
2017-12-10 21:00:00,0,0,0
2017-12-10 22:00:00,2,2,0
2017-12-10 23:00:00,5,1,4
2017-12-11 00:00:00,1,1,0
2017-12-11 01:00:00,2,1,1
2017-12-11 02:00:00,0,0,0
2017-12-11 03:00:00,0,0,0
2017-12-11 04:00:00,0,0,0
2017-12-11 05:00:00,22,3,19
2017-12-11 06:00:00,32,1,31
2017-12-11 07:00:00,59,5,54
2017-12-11 08:00:00,68,5,63
2017-12-11 09:00:00,37,3,34
2017-12-11 10:00:00,13,1,12
2017-12-11 11:00:00,16,9,7
2017-12-11 12:00:00,12,7,5
2017-12-11 13:00:00,13,3,10
2017-12-11 14:00:00,14,7,7
2017-12-11 15:00:00,32,25,7
2017-12-11 16:00:00,71,52,19
2017-12-11 17:00:00,89,79,10
2017-12-11 18:00:00,49,43,6
2017-12-11 19:00:00,19,14,5
2017-12-11 20:00:00,5,5,0
2017-12-11 21:00:00,7,6,1
2017-12-11 22:00:00,1,1,0
2017-12-11 23:00:00,0,0,0
2017-12-12 00:00:00,0,0,0
2017-12-12 01:00:00,0,0,0
2017-12-12 02:00:00,1,1,0
2017-12-12 03:00:00,1,1,0
2017-12-12 04:00:00,1,1,0
2017-12-12 05:00:00,23,2,21
2017-12-12 06:00:00,56,5,51
2017-12-12 07:00:00,75,7,68
2017-12-12 08:00:00,93,3,90
2017-12-12 09:00:00,41,4,37
2017-12-12 10:00:00,13,2,11
2017-12-12 11:00:00,11,5,6
2017-12-12 12:00:00,8,2,6
2017-12-12 13:00:00,19,6,13
2017-12-12 14:00:00,17,9,8
2017-12-12 15:00:00,31,25,6
2017-12-12 16:00:00,74,58,16
2017-12-12 17:00:00,115,102,13
2017-12-12 18:00:00,55,48,7
2017-12-12 19:00:00,23,20,3
2017-12-12 20:00:00,10,7,3
2017-12-12 21:00:00,5,5,0
2017-12-12 22:00:00,6,6,0
2017-12-12 23:00:00,1,1,0
2017-12-13 00:00:00,0,0,0
2017-12-13 01:00:00,0,0,0
2017-12-13 02:00:00,1,1,0
2017-12-13 03:00:00,1,1,0
2017-12-13 04:00:00,2,1,1
2017-12-13 05:00:00,26,3,23
2017-12-13 06:00:00,52,1,51
2017-12-13 07:00:00,69,6,63
2017-12-13 08:00:00,111,7,104
2017-12-13 09:00:00,38,4,34
2017-12-13 10:00:00,19,4,15
2017-12-13 11:00:00,14,4,10
2017-12-13 12:00:00,18,6,12
2017-12-13 13:00:00,13,7,6
2017-12-13 14:00:00,33,18,15
2017-12-13 15:00:00,36,29,7
2017-12-13 16:00:00,72,60,12
2017-12-13 17:00:00,101,91,10
2017-12-13 18:00:00,70,58,12
2017-12-13 19:00:00,28,21,7
2017-12-13 20:00:00,10,7,3
2017-12-13 21:00:00,7,4,3
2017-12-13 22:00:00,9,7,2
2017-12-13 23:00:00,5,4,1
2017-12-14 00:00:00,0,0,0
2017-12-14 01:00:00,1,0,1
2017-12-14 02:00:00,2,2,0
2017-12-14 03:00:00,4,3,1
2017-12-14 04:00:00,5,3,2
2017-12-14 05:00:00,23,1,22
2017-12-14 06:00:00,37,6,31
2017-12-14 07:00:00,77,8,69
2017-12-14 08:00:00,93,4,89
2017-12-14 09:00:00,36,1,35
2017-12-14 10:00:00,18,3,15
2017-12-14 11:00:00,13,4,9
2017-12-14 12:00:00,17,7,10
2017-12-14 13:00:00,12,9,3
2017-12-14 14:00:00,27,13,14
2017-12-14 15:00:00,34,27,7
2017-12-14 16:00:00,56,49,7
2017-12-14 17:00:00,96,83,13
2017-12-14 18:00:00,51,44,7
2017-12-14 19:00:00,24,20,4
2017-12-14 20:00:00,9,8,1
2017-12-14 21:00:00,5,2,3
2017-12-14 22:00:00,9,3,6
2017-12-14 23:00:00,3,3,0
2017-12-15 00:00:00,5,3,2
2017-12-15 01:00:00,2,1,1
2017-12-15 02:00:00,1,1,0
2017-12-15 03:00:00,2,1,1
2017-12-15 04:00:00,6,2,4
2017-12-15 05:00:00,20,3,17
2017-12-15 06:00:00,20,0,20
2017-12-15 07:00:00,52,3,49
2017-12-15 08:00:00,63,6,57
2017-12-15 09:00:00,25,3,22
2017-12-15 10:00:00,16,2,14
2017-12-15 11:00:00,11,3,8
2017-12-15 12:00:00,11,6,5
2017-12-15 13:00:00,13,8,5
2017-12-15 14:00:00,18,8,10
2017-12-15 15:00:00,26,19,7
2017-12-15 16:00:00,47,38,9
2017-12-15 17:00:00,59,51,8
2017-12-15 18:00:00,23,21,2
2017-12-15 19:00:00,20,18,2
2017-12-15 20:00:00,8,8,0
2017-12-15 21:00:00,6,5,1
2017-12-15 22:00:00,5,3,2
2017-12-15 23:00:00,1,0,1
2017-12-16 00:00:00,0,0,0
2017-12-16 01:00:00,4,3,1
2017-12-16 02:00:00,2,1,1
2017-12-16 03:00:00,5,4,1
2017-12-16 04:00:00,2,2,0
2017-12-16 05:00:00,2,0,2
2017-12-16 06:00:00,11,7,4
2017-12-16 07:00:00,5,1,4
2017-12-16 08:00:00,15,5,10
2017-12-16 09:00:00,16,4,12
2017-12-16 10:00:00,14,2,12
2017-12-16 11:00:00,20,16,4
2017-12-16 12:00:00,28,12,16
2017-12-16 13:00:00,23,13,10
2017-12-16 14:00:00,23,8,15
2017-12-16 15:00:00,32,22,10
2017-12-16 16:00:00,12,6,6
2017-12-16 17:00:00,10,5,5
2017-12-16 18:00:00,11,8,3
2017-12-16 19:00:00,8,3,5
2017-12-16 20:00:00,6,1,5
2017-12-16 21:00:00,4,3,1
2017-12-16 22:00:00,1,1,0
2017-12-16 23:00:00,2,1,1
2017-12-17 00:00:00,1,1,0
2017-12-17 01:00:00,4,1,3
2017-12-17 02:00:00,2,2,0
2017-12-17 03:00:00,2,2,0
2017-12-17 04:00:00,0,0,0
2017-12-17 05:00:00,1,0,1
2017-12-17 06:00:00,5,2,3
2017-12-17 07:00:00,1,0,1
2017-12-17 08:00:00,11,6,5
2017-12-17 09:00:00,4,1,3
2017-12-17 10:00:00,10,7,3
2017-12-17 11:00:00,8,3,5
2017-12-17 12:00:00,5,2,3
2017-12-17 13:00:00,9,6,3
2017-12-17 14:00:00,5,1,4
2017-12-17 15:00:00,15,7,8
2017-12-17 16:00:00,18,13,5
2017-12-17 17:00:00,11,5,6
2017-12-17 18:00:00,3,2,1
2017-12-17 19:00:00,1,1,0
2017-12-17 20:00:00,7,6,1
2017-12-17 21:00:00,4,4,0
2017-12-17 22:00:00,3,1,2
2017-12-17 23:00:00,2,1,1
2017-12-18 00:00:00,3,1,2
2017-12-18 01:00:00,1,0,1
2017-12-18 02:00:00,1,1,0
2017-12-18 03:00:00,1,0,1
2017-12-18 04:00:00,1,0,1
2017-12-18 05:00:00,19,3,16
2017-12-18 06:00:00,31,5,26
2017-12-18 07:00:00,62,8,54
2017-12-18 08:00:00,64,4,60
2017-12-18 09:00:00,27,3,24
2017-12-18 10:00:00,13,1,12
2017-12-18 11:00:00,7,2,5
2017-12-18 12:00:00,3,1,2
2017-12-18 13:00:00,11,7,4
2017-12-18 14:00:00,16,8,8
2017-12-18 15:00:00,18,14,4
2017-12-18 16:00:00,44,38,6
2017-12-18 17:00:00,79,68,11
2017-12-18 18:00:00,36,33,3
2017-12-18 19:00:00,13,12,1
2017-12-18 20:00:00,9,7,2
2017-12-18 21:00:00,1,0,1
2017-12-18 22:00:00,1,1,0
2017-12-18 23:00:00,1,1,0
2017-12-19 00:00:00,1,1,0
2017-12-19 01:00:00,0,0,0
2017-12-19 02:00:00,0,0,0
2017-12-19 03:00:00,1,0,1
2017-12-19 04:00:00,3,1,2
2017-12-19 05:00:00,14,0,14
2017-12-19 06:00:00,27,5,22
2017-12-19 07:00:00,43,6,37
2017-12-19 08:00:00,42,4,38
2017-12-19 09:00:00,12,1,11
2017-12-19 10:00:00,10,0,10
2017-12-19 11:00:00,8,2,6
2017-12-19 12:00:00,1,0,1
2017-12-19 13:00:00,4,0,4
2017-12-19 14:00:00,3,0,3
2017-12-19 15:00:00,12,9,3
2017-12-19 16:00:00,43,32,11
2017-12-19 17:00:00,46,40,6
2017-12-19 18:00:00,37,30,7
2017-12-19 19:00:00,12,10,2
2017-12-19 20:00:00,8,7,1
2017-12-19 21:00:00,5,4,1
2017-12-19 22:00:00,6,3,3
2017-12-19 23:00:00,1,1,0
2017-12-20 00:00:00,0,0,0
2017-12-20 01:00:00,0,0,0
2017-12-20 02:00:00,0,0,0
2017-12-20 03:00:00,5,3,2
2017-12-20 04:00:00,1,1,0
2017-12-20 05:00:00,15,3,12
2017-12-20 06:00:00,34,4,30
2017-12-20 07:00:00,70,7,63
2017-12-20 08:00:00,78,3,75
2017-12-20 09:00:00,26,6,20
2017-12-20 10:00:00,20,4,16
2017-12-20 11:00:00,27,9,18
2017-12-20 12:00:00,16,7,9
2017-12-20 13:00:00,18,4,14
2017-12-20 14:00:00,24,10,14
2017-12-20 15:00:00,38,31,7
2017-12-20 16:00:00,59,45,14
2017-12-20 17:00:00,82,70,12
2017-12-20 18:00:00,48,38,10
2017-12-20 19:00:00,21,17,4
2017-12-20 20:00:00,14,10,4
2017-12-20 21:00:00,4,4,0
2017-12-20 22:00:00,4,4,0
2017-12-20 23:00:00,1,1,0
2017-12-21 00:00:00,1,0,1
2017-12-21 01:00:00,0,0,0
2017-12-21 02:00:00,0,0,0
2017-12-21 03:00:00,4,4,0
2017-12-21 04:00:00,1,1,0
2017-12-21 05:00:00,16,1,15
2017-12-21 06:00:00,28,5,23
2017-12-21 07:00:00,38,4,34
2017-12-21 08:00:00,49,3,46
2017-12-21 09:00:00,26,4,22
2017-12-21 10:00:00,14,4,10
2017-12-21 11:00:00,13,1,12
2017-12-21 12:00:00,19,7,12
2017-12-21 13:00:00,6,3,3
2017-12-21 14:00:00,14,8,6
2017-12-21 15:00:00,32,27,5
2017-12-21 16:00:00,46,36,10
2017-12-21 17:00:00,56,49,7
2017-12-21 18:00:00,30,24,6
2017-12-21 19:00:00,9,6,3
2017-12-21 20:00:00,12,10,2
2017-12-21 21:00:00,14,7,7
2017-12-21 22:00:00,10,8,2
2017-12-21 23:00:00,0,0,0
2017-12-22 00:00:00,1,0,1
2017-12-22 01:00:00,2,1,1
2017-12-22 02:00:00,1,1,0
2017-12-22 03:00:00,1,1,0
2017-12-22 04:00:00,1,1,0
2017-12-22 05:00:00,10,2,8
2017-12-22 06:00:00,19,3,16
2017-12-22 07:00:00,19,6,13
2017-12-22 08:00:00,42,3,39
2017-12-22 09:00:00,10,1,9
2017-12-22 10:00:00,10,4,6
2017-12-22 11:00:00,15,8,7
2017-12-22 12:00:00,5,1,4
2017-12-22 13:00:00,20,12,8
2017-12-22 14:00:00,16,13,3
2017-12-22 15:00:00,27,19,8
2017-12-22 16:00:00,44,27,17
2017-12-22 17:00:00,19,15,4
2017-12-22 18:00:00,10,8,2
2017-12-22 19:00:00,6,5,1
2017-12-22 20:00:00,5,3,2
2017-12-22 21:00:00,6,5,1
2017-12-22 22:00:00,1,1,0
2017-12-22 23:00:00,1,0,1
2017-12-23 00:00:00,1,1,0
2017-12-23 01:00:00,2,1,1
2017-12-23 02:00:00,0,0,0
2017-12-23 03:00:00,1,1,0
2017-12-23 04:00:00,4,4,0
2017-12-23 05:00:00,2,0,2
2017-12-23 06:00:00,4,2,2
2017-12-23 07:00:00,3,2,1
2017-12-23 08:00:00,14,5,9
2017-12-23 09:00:00,9,3,6
2017-12-23 10:00:00,14,5,9
2017-12-23 11:00:00,22,12,10
2017-12-23 12:00:00,22,9,13
2017-12-23 13:00:00,23,16,7
2017-12-23 14:00:00,27,16,11
2017-12-23 15:00:00,21,10,11
2017-12-23 16:00:00,18,8,10
2017-12-23 17:00:00,9,2,7
2017-12-23 18:00:00,7,6,1
2017-12-23 19:00:00,2,2,0
2017-12-23 20:00:00,0,0,0
2017-12-23 21:00:00,1,0,1
2017-12-23 22:00:00,2,2,0
2017-12-23 23:00:00,0,0,0
2017-12-24 00:00:00,1,1,0
2017-12-24 01:00:00,1,1,0
2017-12-24 02:00:00,0,0,0
2017-12-24 03:00:00,1,1,0
2017-12-24 04:00:00,0,0,0
2017-12-24 05:00:00,0,0,0
2017-12-24 06:00:00,4,0,4
2017-12-24 07:00:00,0,0,0
2017-12-24 08:00:00,2,0,2
2017-12-24 09:00:00,3,2,1
2017-12-24 10:00:00,8,1,7
2017-12-24 11:00:00,10,7,3
2017-12-24 12:00:00,9,5,4
2017-12-24 13:00:00,6,4,2
2017-12-24 14:00:00,7,2,5
2017-12-24 15:00:00,7,4,3
2017-12-24 16:00:00,5,4,1
2017-12-24 17:00:00,1,0,1
2017-12-24 18:00:00,4,2,2
2017-12-24 19:00:00,1,1,0
2017-12-24 20:00:00,0,0,0
2017-12-24 21:00:00,2,1,1
2017-12-24 22:00:00,1,0,1
2017-12-24 23:00:00,1,0,1
2017-12-25 00:00:00,0,0,0
2017-12-25 01:00:00,1,0,1
2017-12-25 02:00:00,0,0,0
2017-12-25 03:00:00,1,1,0
2017-12-25 04:00:00,0,0,0
2017-12-25 05:00:00,0,0,0
2017-12-25 06:00:00,0,0,0
2017-12-25 07:00:00,0,0,0
2017-12-25 08:00:00,0,0,0
2017-12-25 09:00:00,2,1,1
2017-12-25 10:00:00,0,0,0
2017-12-25 11:00:00,0,0,0
2017-12-25 12:00:00,0,0,0
2017-12-25 13:00:00,1,0,1
2017-12-25 14:00:00,3,1,2
2017-12-25 15:00:00,2,2,0
2017-12-25 16:00:00,1,0,1
2017-12-25 17:00:00,3,2,1
2017-12-25 18:00:00,0,0,0
2017-12-25 19:00:00,1,1,0
2017-12-25 20:00:00,0,0,0
2017-12-25 21:00:00,1,0,1
2017-12-25 22:00:00,1,1,0
2017-12-25 23:00:00,0,0,0
2017-12-26 00:00:00,2,0,2
2017-12-26 01:00:00,1,1,0
2017-12-26 02:00:00,1,1,0
2017-12-26 03:00:00,0,0,0
2017-12-26 04:00:00,1,0,1
2017-12-26 05:00:00,5,0,5
2017-12-26 06:00:00,6,2,4
2017-12-26 07:00:00,8,0,8
2017-12-26 08:00:00,12,1,11
2017-12-26 09:00:00,7,3,4
2017-12-26 10:00:00,15,3,12
2017-12-26 11:00:00,7,2,5
2017-12-26 12:00:00,8,5,3
2017-12-26 13:00:00,8,5,3
2017-12-26 14:00:00,12,8,4
2017-12-26 15:00:00,9,3,6
2017-12-26 16:00:00,17,12,5
2017-12-26 17:00:00,21,13,8
2017-12-26 18:00:00,4,3,1
2017-12-26 19:00:00,3,3,0
2017-12-26 20:00:00,4,4,0
2017-12-26 21:00:00,2,2,0
2017-12-26 22:00:00,8,6,2
2017-12-26 23:00:00,2,1,1
2017-12-27 00:00:00,1,1,0
2017-12-27 01:00:00,1,0,1
2017-12-27 02:00:00,0,0,0
2017-12-27 03:00:00,1,1,0
2017-12-27 04:00:00,0,0,0
2017-12-27 05:00:00,8,2,6
2017-12-27 06:00:00,13,2,11
2017-12-27 07:00:00,18,4,14
2017-12-27 08:00:00,29,5,24
2017-12-27 09:00:00,16,0,16
2017-12-27 10:00:00,11,2,9
2017-12-27 11:00:00,20,13,7
2017-12-27 12:00:00,23,6,17
2017-12-27 13:00:00,6,5,1
2017-12-27 14:00:00,15,7,8
2017-12-27 15:00:00,17,16,1
2017-12-27 16:00:00,36,30,6
2017-12-27 17:00:00,25,19,6
2017-12-27 18:00:00,19,9,10
2017-12-27 19:00:00,8,6,2
2017-12-27 20:00:00,13,9,4
2017-12-27 21:00:00,2,2,0
2017-12-27 22:00:00,2,2,0
2017-12-27 23:00:00,0,0,0
2017-12-28 00:00:00,2,1,1
2017-12-28 01:00:00,1,0,1
2017-12-28 02:00:00,2,1,1
2017-12-28 03:00:00,2,2,0
2017-12-28 04:00:00,1,1,0
2017-12-28 05:00:00,11,3,8
2017-12-28 06:00:00,15,4,11
2017-12-28 07:00:00,23,3,20
2017-12-28 08:00:00,33,5,28
2017-12-28 09:00:00,23,9,14
2017-12-28 10:00:00,14,3,11
2017-12-28 11:00:00,8,3,5
2017-12-28 12:00:00,7,3,4
2017-12-28 13:00:00,9,2,7
2017-12-28 14:00:00,11,7,4
2017-12-28 15:00:00,12,11,1
2017-12-28 16:00:00,26,21,5
2017-12-28 17:00:00,31,26,5
2017-12-28 18:00:00,20,15,5
2017-12-28 19:00:00,8,5,3
2017-12-28 20:00:00,2,2,0
2017-12-28 21:00:00,3,3,0
2017-12-28 22:00:00,2,1,1
2017-12-28 23:00:00,0,0,0
2017-12-29 00:00:00,0,0,0
2017-12-29 01:00:00,0,0,0
2017-12-29 02:00:00,1,1,0
2017-12-29 03:00:00,1,1,0
2017-12-29 04:00:00,1,1,0
2017-12-29 05:00:00,7,1,6
2017-12-29 06:00:00,8,0,8
2017-12-29 07:00:00,14,3,11
2017-12-29 08:00:00,15,3,12
2017-12-29 09:00:00,5,2,3
2017-12-29 10:00:00,3,0,3
2017-12-29 11:00:00,1,0,1
2017-12-29 12:00:00,4,1,3
2017-12-29 13:00:00,8,4,4
2017-12-29 14:00:00,5,2,3
2017-12-29 15:00:00,13,12,1
2017-12-29 16:00:00,15,12,3
2017-12-29 17:00:00,15,9,6
2017-12-29 18:00:00,5,3,2
2017-12-29 19:00:00,6,5,1
2017-12-29 20:00:00,1,1,0
2017-12-29 21:00:00,0,0,0
2017-12-29 22:00:00,3,2,1
2017-12-29 23:00:00,0,0,0
2017-12-30 00:00:00,0,0,0
2017-12-30 01:00:00,1,1,0
2017-12-30 02:00:00,2,0,2
2017-12-30 03:00:00,2,2,0
2017-12-30 04:00:00,1,1,0
2017-12-30 05:00:00,0,0,0
2017-12-30 06:00:00,4,1,3
2017-12-30 07:00:00,2,1,1
2017-12-30 08:00:00,9,2,7
2017-12-30 09:00:00,24,12,12
2017-12-30 10:00:00,19,7,12
2017-12-30 11:00:00,25,8,17
2017-12-30 12:00:00,49,19,30
2017-12-30 13:00:00,31,22,9
2017-12-30 14:00:00,26,18,8
2017-12-30 15:00:00,18,5,13
2017-12-30 16:00:00,14,9,5
2017-12-30 17:00:00,11,5,6
2017-12-30 18:00:00,8,5,3
2017-12-30 19:00:00,2,1,1
2017-12-30 20:00:00,4,3,1
2017-12-30 21:00:00,4,3,1
2017-12-30 22:00:00,3,3,0
2017-12-30 23:00:00,2,1,1
2017-12-31 00:00:00,5,2,3
2017-12-31 01:00:00,0,0,0
2017-12-31 02:00:00,5,1,4
2017-12-31 03:00:00,1,0,1
2017-12-31 04:00:00,2,0,2
2017-12-31 05:00:00,2,0,2
2017-12-31 06:00:00,4,2,2
2017-12-31 07:00:00,4,2,2
2017-12-31 08:00:00,13,2,11
2017-12-31 09:00:00,12,2,10
2017-12-31 10:00:00,25,15,10
2017-12-31 11:00:00,23,6,17
2017-12-31 12:00:00,29,15,14
2017-12-31 13:00:00,49,36,13
2017-12-31 14:00:00,30,19,11
2017-12-31 15:00:00,18,11,7
2017-12-31 16:00:00,15,4,11
2017-12-31 17:00:00,11,8,3
2017-12-31 18:00:00,8,3,5
2017-12-31 19:00:00,5,1,4
2017-12-31 20:00:00,4,0,4
2017-12-31 21:00:00,2,2,0
2017-12-31 22:00:00,5,1,4
2017-12-31 23:00:00,1,1,0
2018-01-01 00:00:00,4,2,2
2018-01-01 01:00:00,5,2,3
2018-01-01 02:00:00,2,2,0
2018-01-01 03:00:00,4,3,1
2018-01-01 04:00:00,5,5,0
2018-01-01 05:00:00,1,0,1
2018-01-01 06:00:00,2,1,1
2018-01-01 07:00:00,4,0,4
2018-01-01 08:00:00,4,2,2
2018-01-01 09:00:00,6,3,3
2018-01-01 10:00:00,17,5,12
2018-01-01 11:00:00,16,9,7
2018-01-01 12:00:00,38,20,18
2018-01-01 13:00:00,33,13,20
2018-01-01 14:00:00,29,16,13
2018-01-01 15:00:00,25,13,12
2018-01-01 16:00:00,19,10,9
2018-01-01 17:00:00,5,4,1
2018-01-01 18:00:00,5,0,5
2018-01-01 19:00:00,5,5,0
2018-01-01 20:00:00,1,0,1
2018-01-01 21:00:00,2,1,1
2018-01-01 22:00:00,1,0,1
2018-01-01 23:00:00,0,0,0
2018-01-02 00:00:00,5,5,0
2018-01-02 01:00:00,2,0,2
2018-01-02 02:00:00,1,0,1
2018-01-02 03:00:00,2,2,0
2018-01-02 04:00:00,6,0,6
2018-01-02 05:00:00,13,1,12
2018-01-02 06:00:00,49,6,43
2018-01-02 07:00:00,76,10,66
2018-01-02 08:00:00,111,9,102
2018-01-02 09:00:00,28,1,27
2018-01-02 10:00:00,10,1,9
2018-01-02 11:00:00,15,7,8
2018-01-02 12:00:00,15,6,9
2018-01-02 13:00:00,17,5,12
2018-01-02 14:00:00,11,5,6
2018-01-02 15:00:00,22,19,3
2018-01-02 16:00:00,77,67,10
2018-01-02 17:00:00,122,107,15
2018-01-02 18:00:00,75,65,10
2018-01-02 19:00:00,12,12,0
2018-01-02 20:00:00,8,6,2
2018-01-02 21:00:00,0,0,0
2018-01-02 22:00:00,5,4,1
2018-01-02 23:00:00,1,1,0
2018-01-03 00:00:00,0,0,0
2018-01-03 01:00:00,1,0,1
2018-01-03 02:00:00,1,0,1
2018-01-03 03:00:00,0,0,0
2018-01-03 04:00:00,3,1,2
2018-01-03 05:00:00,16,1,15
2018-01-03 06:00:00,45,5,40
2018-01-03 07:00:00,93,8,85
2018-01-03 08:00:00,111,5,106
2018-01-03 09:00:00,48,4,44
2018-01-03 10:00:00,20,5,15
2018-01-03 11:00:00,23,11,12
2018-01-03 12:00:00,14,8,6
2018-01-03 13:00:00,21,12,9
2018-01-03 14:00:00,17,12,5
2018-01-03 15:00:00,31,22,9
2018-01-03 16:00:00,73,59,14
2018-01-03 17:00:00,132,115,17
2018-01-03 18:00:00,73,65,8
2018-01-03 19:00:00,19,14,5
2018-01-03 20:00:00,6,6,0
2018-01-03 21:00:00,6,4,2
2018-01-03 22:00:00,5,4,1
2018-01-03 23:00:00,1,0,1
2018-01-04 00:00:00,0,0,0
2018-01-04 01:00:00,2,0,2
2018-01-04 02:00:00,3,3,0
2018-01-04 03:00:00,3,1,2
2018-01-04 04:00:00,6,2,4
2018-01-04 05:00:00,22,3,19
2018-01-04 06:00:00,45,8,37
2018-01-04 07:00:00,80,9,71
2018-01-04 08:00:00,110,9,101
2018-01-04 09:00:00,45,4,41
2018-01-04 10:00:00,13,4,9
2018-01-04 11:00:00,7,2,5
2018-01-04 12:00:00,17,4,13
2018-01-04 13:00:00,9,5,4
2018-01-04 14:00:00,12,4,8
2018-01-04 15:00:00,32,26,6
2018-01-04 16:00:00,67,52,15
2018-01-04 17:00:00,112,98,14
2018-01-04 18:00:00,66,58,8
2018-01-04 19:00:00,21,21,0
2018-01-04 20:00:00,14,11,3
2018-01-04 21:00:00,13,11,2
2018-01-04 22:00:00,3,3,0
2018-01-04 23:00:00,2,1,1
2018-01-05 00:00:00,3,1,2
2018-01-05 01:00:00,1,0,1
2018-01-05 02:00:00,3,2,1
2018-01-05 03:00:00,1,1,0
2018-01-05 04:00:00,2,1,1
2018-01-05 05:00:00,13,3,10
2018-01-05 06:00:00,22,3,19
2018-01-05 07:00:00,57,7,50
2018-01-05 08:00:00,70,8,62
2018-01-05 09:00:00,47,11,36
2018-01-05 10:00:00,9,2,7
2018-01-05 11:00:00,7,2,5
2018-01-05 12:00:00,4,0,4
2018-01-05 13:00:00,16,11,5
2018-01-05 14:00:00,11,5,6
2018-01-05 15:00:00,21,15,6
2018-01-05 16:00:00,51,42,9
2018-01-05 17:00:00,62,54,8
2018-01-05 18:00:00,39,34,5
2018-01-05 19:00:00,23,17,6
2018-01-05 20:00:00,6,6,0
2018-01-05 21:00:00,1,1,0
2018-01-05 22:00:00,1,1,0
2018-01-05 23:00:00,0,0,0
2018-01-06 00:00:00,2,1,1
2018-01-06 01:00:00,0,0,0
2018-01-06 02:00:00,4,4,0
2018-01-06 03:00:00,2,2,0
2018-01-06 04:00:00,1,0,1
2018-01-06 05:00:00,0,0,0
2018-01-06 06:00:00,5,2,3
2018-01-06 07:00:00,0,0,0
2018-01-06 08:00:00,5,2,3
2018-01-06 09:00:00,12,5,7
2018-01-06 10:00:00,11,5,6
2018-01-06 11:00:00,11,5,6
2018-01-06 12:00:00,13,9,4
2018-01-06 13:00:00,20,11,9
2018-01-06 14:00:00,8,4,4
2018-01-06 15:00:00,13,9,4
2018-01-06 16:00:00,19,8,11
2018-01-06 17:00:00,7,3,4
2018-01-06 18:00:00,5,1,4
2018-01-06 19:00:00,5,5,0
2018-01-06 20:00:00,4,2,2
2018-01-06 21:00:00,1,0,1
2018-01-06 22:00:00,6,3,3
2018-01-06 23:00:00,4,1,3
2018-01-07 00:00:00,4,4,0
2018-01-07 01:00:00,2,2,0
2018-01-07 02:00:00,1,0,1
2018-01-07 03:00:00,2,1,1
2018-01-07 04:00:00,0,0,0
2018-01-07 05:00:00,0,0,0
2018-01-07 06:00:00,6,3,3
2018-01-07 07:00:00,2,1,1
2018-01-07 08:00:00,5,3,2
2018-01-07 09:00:00,2,0,2
2018-01-07 10:00:00,19,8,11
2018-01-07 11:00:00,19,7,12
2018-01-07 12:00:00,12,6,6
2018-01-07 13:00:00,24,11,13
2018-01-07 14:00:00,13,4,9
2018-01-07 15:00:00,10,6,4
2018-01-07 16:00:00,6,5,1
2018-01-07 17:00:00,4,1,3
2018-01-07 18:00:00,3,1,2
2018-01-07 19:00:00,5,5,0
2018-01-07 20:00:00,0,0,0
2018-01-07 21:00:00,0,0,0
2018-01-07 22:00:00,2,1,1
2018-01-07 23:00:00,0,0,0
2018-01-08 00:00:00,1,0,1
2018-01-08 01:00:00,3,1,2
2018-01-08 02:00:00,1,1,0
2018-01-08 03:00:00,1,1,0
2018-01-08 04:00:00,3,0,3
2018-01-08 05:00:00,18,0,18
2018-01-08 06:00:00,44,3,41
2018-01-08 07:00:00,109,9,100
2018-01-08 08:00:00,91,10,81
2018-01-08 09:00:00,52,5,47
2018-01-08 10:00:00,14,3,11
2018-01-08 11:00:00,17,9,8
2018-01-08 12:00:00,19,8,11
2018-01-08 13:00:00,23,12,11
2018-01-08 14:00:00,21,14,7
2018-01-08 15:00:00,25,21,4
2018-01-08 16:00:00,68,56,12
2018-01-08 17:00:00,131,118,13
2018-01-08 18:00:00,79,68,11
2018-01-08 19:00:00,14,12,2
2018-01-08 20:00:00,14,13,1
2018-01-08 21:00:00,2,1,1
2018-01-08 22:00:00,1,1,0
2018-01-08 23:00:00,0,0,0
2018-01-09 00:00:00,0,0,0
2018-01-09 01:00:00,0,0,0
2018-01-09 02:00:00,0,0,0
2018-01-09 03:00:00,0,0,0
2018-01-09 04:00:00,10,3,7
2018-01-09 05:00:00,19,4,15
2018-01-09 06:00:00,43,7,36
2018-01-09 07:00:00,92,10,82
2018-01-09 08:00:00,82,4,78
2018-01-09 09:00:00,37,2,35
2018-01-09 10:00:00,7,3,4
2018-01-09 11:00:00,8,2,6
2018-01-09 12:00:00,8,4,4
2018-01-09 13:00:00,4,2,2
2018-01-09 14:00:00,13,7,6
2018-01-09 15:00:00,25,19,6
2018-01-09 16:00:00,59,46,13
2018-01-09 17:00:00,102,86,16
2018-01-09 18:00:00,51,46,5
2018-01-09 19:00:00,32,28,4
2018-01-09 20:00:00,6,6,0
2018-01-09 21:00:00,4,3,1
2018-01-09 22:00:00,4,2,2
2018-01-09 23:00:00,0,0,0
2018-01-10 00:00:00,4,1,3
2018-01-10 01:00:00,2,0,2
2018-01-10 02:00:00,1,1,0
2018-01-10 03:00:00,2,1,1
2018-01-10 04:00:00,3,1,2
2018-01-10 05:00:00,16,3,13
2018-01-10 06:00:00,38,7,31
2018-01-10 07:00:00,114,12,102
2018-01-10 08:00:00,84,9,75
2018-01-10 09:00:00,35,5,30
2018-01-10 10:00:00,16,3,13
2018-01-10 11:00:00,5,3,2
2018-01-10 12:00:00,5,2,3
2018-01-10 13:00:00,12,5,7
2018-01-10 14:00:00,13,5,8
2018-01-10 15:00:00,23,19,4
2018-01-10 16:00:00,68,63,5
2018-01-10 17:00:00,83,76,7
2018-01-10 18:00:00,62,59,3
2018-01-10 19:00:00,21,21,0
2018-01-10 20:00:00,7,7,0
2018-01-10 21:00:00,7,5,2
2018-01-10 22:00:00,4,4,0
2018-01-10 23:00:00,1,0,1
2018-01-11 00:00:00,0,0,0
2018-01-11 01:00:00,0,0,0
2018-01-11 02:00:00,4,1,3
2018-01-11 03:00:00,0,0,0
2018-01-11 04:00:00,6,1,5
2018-01-11 05:00:00,15,1,14
2018-01-11 06:00:00,21,5,16
2018-01-11 07:00:00,59,11,48
2018-01-11 08:00:00,52,0,52
2018-01-11 09:00:00,17,1,16
2018-01-11 10:00:00,4,1,3
2018-01-11 11:00:00,5,1,4
2018-01-11 12:00:00,1,1,0
2018-01-11 13:00:00,5,3,2
2018-01-11 14:00:00,11,5,6
2018-01-11 15:00:00,17,15,2
2018-01-11 16:00:00,33,27,6
2018-01-11 17:00:00,58,48,10
2018-01-11 18:00:00,36,34,2
2018-01-11 19:00:00,18,14,4
2018-01-11 20:00:00,2,2,0
2018-01-11 21:00:00,6,5,1
2018-01-11 22:00:00,3,3,0
2018-01-11 23:00:00,0,0,0
2018-01-12 00:00:00,0,0,0
2018-01-12 01:00:00,1,0,1
2018-01-12 02:00:00,2,2,0
2018-01-12 03:00:00,2,1,1
2018-01-12 04:00:00,4,1,3
2018-01-12 05:00:00,18,2,16
2018-01-12 06:00:00,22,5,17
2018-01-12 07:00:00,59,2,57
2018-01-12 08:00:00,65,2,63
2018-01-12 09:00:00,31,1,30
2018-01-12 10:00:00,12,2,10
2018-01-12 11:00:00,10,5,5
2018-01-12 12:00:00,6,5,1
2018-01-12 13:00:00,19,10,9
2018-01-12 14:00:00,16,9,7
2018-01-12 15:00:00,24,20,4
2018-01-12 16:00:00,54,48,6
2018-01-12 17:00:00,74,65,9
2018-01-12 18:00:00,36,32,4
2018-01-12 19:00:00,7,5,2
2018-01-12 20:00:00,5,5,0
2018-01-12 21:00:00,6,6,0
2018-01-12 22:00:00,2,1,1
2018-01-12 23:00:00,1,1,0
2018-01-13 00:00:00,0,0,0
2018-01-13 01:00:00,3,1,2
2018-01-13 02:00:00,0,0,0
2018-01-13 03:00:00,2,2,0
2018-01-13 04:00:00,3,1,2
2018-01-13 05:00:00,0,0,0
2018-01-13 06:00:00,4,0,4
2018-01-13 07:00:00,4,3,1
2018-01-13 08:00:00,6,1,5
2018-01-13 09:00:00,19,6,13
2018-01-13 10:00:00,31,16,15
2018-01-13 11:00:00,31,13,18
2018-01-13 12:00:00,26,15,11
2018-01-13 13:00:00,33,19,14
2018-01-13 14:00:00,27,15,12
2018-01-13 15:00:00,26,19,7
2018-01-13 16:00:00,31,19,12
2018-01-13 17:00:00,10,5,5
2018-01-13 18:00:00,8,3,5
2018-01-13 19:00:00,6,5,1
2018-01-13 20:00:00,1,1,0
2018-01-13 21:00:00,2,0,2
2018-01-13 22:00:00,2,0,2
2018-01-13 23:00:00,1,1,0
2018-01-14 00:00:00,1,1,0
2018-01-14 01:00:00,3,2,1
2018-01-14 02:00:00,5,3,2
2018-01-14 03:00:00,2,0,2
2018-01-14 04:00:00,2,1,1
2018-01-14 05:00:00,1,0,1
2018-01-14 06:00:00,4,1,3
2018-01-14 07:00:00,7,2,5
2018-01-14 08:00:00,15,8,7
2018-01-14 09:00:00,33,12,21
2018-01-14 10:00:00,42,20,22
2018-01-14 11:00:00,53,28,25
2018-01-14 12:00:00,48,25,23
2018-01-14 13:00:00,79,43,36
2018-01-14 14:00:00,72,30,42
2018-01-14 15:00:00,68,35,33
2018-01-14 16:00:00,45,20,25
2018-01-14 17:00:00,22,7,15
2018-01-14 18:00:00,18,15,3
2018-01-14 19:00:00,10,7,3
2018-01-14 20:00:00,0,0,0
2018-01-14 21:00:00,2,1,1
2018-01-14 22:00:00,3,2,1
2018-01-14 23:00:00,3,2,1
2018-01-15 00:00:00,1,0,1
2018-01-15 01:00:00,3,1,2
2018-01-15 02:00:00,1,1,0
2018-01-15 03:00:00,2,2,0
2018-01-15 04:00:00,2,0,2
2018-01-15 05:00:00,17,3,14
2018-01-15 06:00:00,36,9,27
2018-01-15 07:00:00,51,4,47
2018-01-15 08:00:00,63,4,59
2018-01-15 09:00:00,31,7,24
2018-01-15 10:00:00,24,6,18
2018-01-15 11:00:00,27,10,17
2018-01-15 12:00:00,33,18,15
2018-01-15 13:00:00,51,25,26
2018-01-15 14:00:00,42,16,26
2018-01-15 15:00:00,48,34,14
2018-01-15 16:00:00,54,42,12
2018-01-15 17:00:00,78,71,7
2018-01-15 18:00:00,31,30,1
2018-01-15 19:00:00,12,10,2
2018-01-15 20:00:00,11,5,6
2018-01-15 21:00:00,8,8,0
2018-01-15 22:00:00,4,3,1
2018-01-15 23:00:00,0,0,0
2018-01-16 00:00:00,0,0,0
2018-01-16 01:00:00,0,0,0
2018-01-16 02:00:00,0,0,0
2018-01-16 03:00:00,1,1,0
2018-01-16 04:00:00,3,1,2
2018-01-16 05:00:00,25,4,21
2018-01-16 06:00:00,39,6,33
2018-01-16 07:00:00,89,10,79
2018-01-16 08:00:00,95,11,84
2018-01-16 09:00:00,38,10,28
2018-01-16 10:00:00,9,1,8
2018-01-16 11:00:00,12,1,11
2018-01-16 12:00:00,16,8,8
2018-01-16 13:00:00,17,6,11
2018-01-16 14:00:00,20,8,12
2018-01-16 15:00:00,24,16,8
2018-01-16 16:00:00,76,66,10
2018-01-16 17:00:00,105,91,14
2018-01-16 18:00:00,64,55,9
2018-01-16 19:00:00,32,24,8
2018-01-16 20:00:00,10,9,1
2018-01-16 21:00:00,6,4,2
2018-01-16 22:00:00,3,3,0
2018-01-16 23:00:00,3,3,0
2018-01-17 00:00:00,1,1,0
2018-01-17 01:00:00,1,1,0
2018-01-17 02:00:00,2,2,0
2018-01-17 03:00:00,0,0,0
2018-01-17 04:00:00,6,0,6
2018-01-17 05:00:00,19,2,17
2018-01-17 06:00:00,37,4,33
2018-01-17 07:00:00,68,14,54
2018-01-17 08:00:00,102,10,92
2018-01-17 09:00:00,46,9,37
2018-01-17 10:00:00,19,5,14
2018-01-17 11:00:00,13,5,8
2018-01-17 12:00:00,12,6,6
2018-01-17 13:00:00,11,3,8
2018-01-17 14:00:00,16,9,7
2018-01-17 15:00:00,26,25,1
2018-01-17 16:00:00,48,35,13
2018-01-17 17:00:00,81,71,10
2018-01-17 18:00:00,44,41,3
2018-01-17 19:00:00,13,13,0
2018-01-17 20:00:00,16,16,0
2018-01-17 21:00:00,7,5,2
2018-01-17 22:00:00,3,2,1
2018-01-17 23:00:00,0,0,0
2018-01-18 00:00:00,0,0,0
2018-01-18 01:00:00,3,2,1
2018-01-18 02:00:00,0,0,0
2018-01-18 03:00:00,2,1,1
2018-01-18 04:00:00,4,1,3
2018-01-18 05:00:00,17,1,16
2018-01-18 06:00:00,37,4,33
2018-01-18 07:00:00,70,6,64
2018-01-18 08:00:00,87,2,85
2018-01-18 09:00:00,33,3,30
2018-01-18 10:00:00,14,3,11
2018-01-18 11:00:00,14,4,10
2018-01-18 12:00:00,12,3,9
2018-01-18 13:00:00,7,5,2
2018-01-18 14:00:00,12,7,5
2018-01-18 15:00:00,13,11,2
2018-01-18 16:00:00,49,42,7
2018-01-18 17:00:00,94,83,11
2018-01-18 18:00:00,47,43,4
2018-01-18 19:00:00,19,17,2
2018-01-18 20:00:00,9,9,0
2018-01-18 21:00:00,7,6,1
2018-01-18 22:00:00,5,4,1
2018-01-18 23:00:00,2,1,1
2018-01-19 00:00:00,0,0,0
2018-01-19 01:00:00,1,1,0
2018-01-19 02:00:00,1,1,0
2018-01-19 03:00:00,0,0,0
2018-01-19 04:00:00,4,2,2
2018-01-19 05:00:00,16,2,14
2018-01-19 06:00:00,28,2,26
2018-01-19 07:00:00,71,13,58
2018-01-19 08:00:00,72,7,65
2018-01-19 09:00:00,30,3,27
2018-01-19 10:00:00,13,5,8
2018-01-19 11:00:00,15,3,12
2018-01-19 12:00:00,8,3,5
2018-01-19 13:00:00,9,3,6
2018-01-19 14:00:00,17,12,5
2018-01-19 15:00:00,29,19,10
2018-01-19 16:00:00,55,46,9
2018-01-19 17:00:00,72,58,14
2018-01-19 18:00:00,39,34,5
2018-01-19 19:00:00,20,17,3
2018-01-19 20:00:00,6,4,2
2018-01-19 21:00:00,3,3,0
2018-01-19 22:00:00,6,4,2
2018-01-19 23:00:00,2,1,1
2018-01-20 00:00:00,1,1,0
2018-01-20 01:00:00,3,3,0
2018-01-20 02:00:00,2,0,2
2018-01-20 03:00:00,2,1,1
2018-01-20 04:00:00,0,0,0
2018-01-20 05:00:00,1,1,0
2018-01-20 06:00:00,5,1,4
2018-01-20 07:00:00,6,0,6
2018-01-20 08:00:00,15,4,11
2018-01-20 09:00:00,10,4,6
2018-01-20 10:00:00,19,6,13
2018-01-20 11:00:00,13,4,9
2018-01-20 12:00:00,23,12,11
2018-01-20 13:00:00,20,9,11
2018-01-20 14:00:00,25,13,12
2018-01-20 15:00:00,15,11,4
2018-01-20 16:00:00,18,13,5
2018-01-20 17:00:00,10,7,3
2018-01-20 18:00:00,10,4,6
2018-01-20 19:00:00,1,1,0
2018-01-20 20:00:00,2,2,0
2018-01-20 21:00:00,1,1,0
2018-01-20 22:00:00,2,0,2
2018-01-20 23:00:00,0,0,0
2018-01-21 00:00:00,0,0,0
2018-01-21 01:00:00,3,2,1
2018-01-21 02:00:00,2,1,1
2018-01-21 03:00:00,1,0,1
2018-01-21 04:00:00,0,0,0
2018-01-21 05:00:00,2,0,2
2018-01-21 06:00:00,1,0,1
2018-01-21 07:00:00,1,0,1
2018-01-21 08:00:00,6,2,4
2018-01-21 09:00:00,2,0,2
2018-01-21 10:00:00,4,0,4
2018-01-21 11:00:00,4,2,2
2018-01-21 12:00:00,7,5,2
2018-01-21 13:00:00,8,2,6
2018-01-21 14:00:00,11,2,9
2018-01-21 15:00:00,7,4,3
2018-01-21 16:00:00,1,1,0
2018-01-21 17:00:00,6,3,3
2018-01-21 18:00:00,0,0,0
2018-01-21 19:00:00,1,1,0
2018-01-21 20:00:00,2,2,0
2018-01-21 21:00:00,0,0,0
2018-01-21 22:00:00,1,1,0
2018-01-21 23:00:00,2,0,2
2018-01-22 00:00:00,0,0,0
2018-01-22 01:00:00,1,1,0
2018-01-22 02:00:00,0,0,0
2018-01-22 03:00:00,2,2,0
2018-01-22 04:00:00,3,0,3
2018-01-22 05:00:00,24,2,22
2018-01-22 06:00:00,39,4,35
2018-01-22 07:00:00,94,9,85
2018-01-22 08:00:00,95,10,85
2018-01-22 09:00:00,32,4,28
2018-01-22 10:00:00,16,5,11
2018-01-22 11:00:00,13,2,11
2018-01-22 12:00:00,13,6,7
2018-01-22 13:00:00,24,10,14
2018-01-22 14:00:00,20,14,6
2018-01-22 15:00:00,23,20,3
2018-01-22 16:00:00,71,54,17
2018-01-22 17:00:00,111,98,13
2018-01-22 18:00:00,68,63,5
2018-01-22 19:00:00,19,13,6
2018-01-22 20:00:00,8,7,1
2018-01-22 21:00:00,4,3,1
2018-01-22 22:00:00,4,2,2
2018-01-22 23:00:00,0,0,0
2018-01-23 00:00:00,1,0,1
2018-01-23 01:00:00,2,1,1
2018-01-23 02:00:00,5,5,0
2018-01-23 03:00:00,2,1,1
2018-01-23 04:00:00,3,0,3
2018-01-23 05:00:00,23,4,19
2018-01-23 06:00:00,35,5,30
2018-01-23 07:00:00,65,9,56
2018-01-23 08:00:00,76,3,73
2018-01-23 09:00:00,23,1,22
2018-01-23 10:00:00,13,4,9
2018-01-23 11:00:00,4,2,2
2018-01-23 12:00:00,2,1,1
2018-01-23 13:00:00,4,1,3
2018-01-23 14:00:00,9,5,4
2018-01-23 15:00:00,15,11,4
2018-01-23 16:00:00,44,42,2
2018-01-23 17:00:00,74,66,8
2018-01-23 18:00:00,43,38,5
2018-01-23 19:00:00,14,12,2
2018-01-23 20:00:00,5,3,2
2018-01-23 21:00:00,9,7,2
2018-01-23 22:00:00,3,2,1
2018-01-23 23:00:00,0,0,0
2018-01-24 00:00:00,1,1,0
2018-01-24 01:00:00,3,1,2
2018-01-24 02:00:00,1,1,0
2018-01-24 03:00:00,0,0,0
2018-01-24 04:00:00,5,2,3
2018-01-24 05:00:00,16,2,14
2018-01-24 06:00:00,40,5,35
2018-01-24 07:00:00,79,10,69
2018-01-24 08:00:00,53,6,47
2018-01-24 09:00:00,32,4,28
2018-01-24 10:00:00,8,3,5
2018-01-24 11:00:00,10,3,7
2018-01-24 12:00:00,10,5,5
2018-01-24 13:00:00,10,2,8
2018-01-24 14:00:00,14,6,8
2018-01-24 15:00:00,16,13,3
2018-01-24 16:00:00,46,39,7
2018-01-24 17:00:00,78,69,9
2018-01-24 18:00:00,36,31,5
2018-01-24 19:00:00,13,11,2
2018-01-24 20:00:00,9,9,0
2018-01-24 21:00:00,6,5,1
2018-01-24 22:00:00,6,6,0
2018-01-24 23:00:00,0,0,0
2018-01-25 00:00:00,1,1,0
2018-01-25 01:00:00,2,1,1
2018-01-25 02:00:00,1,1,0
2018-01-25 03:00:00,3,1,2
2018-01-25 04:00:00,4,1,3
2018-01-25 05:00:00,21,4,17
2018-01-25 06:00:00,29,1,28
2018-01-25 07:00:00,72,6,66
2018-01-25 08:00:00,90,5,85
2018-01-25 09:00:00,23,1,22
2018-01-25 10:00:00,13,3,10
2018-01-25 11:00:00,8,3,5
2018-01-25 12:00:00,7,3,4
2018-01-25 13:00:00,6,1,5
2018-01-25 14:00:00,10,5,5
2018-01-25 15:00:00,21,14,7
2018-01-25 16:00:00,58,49,9
2018-01-25 17:00:00,87,79,8
2018-01-25 18:00:00,59,53,6
2018-01-25 19:00:00,24,22,2
2018-01-25 20:00:00,7,6,1
2018-01-25 21:00:00,5,4,1
2018-01-25 22:00:00,4,3,1
2018-01-25 23:00:00,1,0,1
2018-01-26 00:00:00,1,1,0
2018-01-26 01:00:00,3,2,1
2018-01-26 02:00:00,1,1,0
2018-01-26 03:00:00,0,0,0
2018-01-26 04:00:00,2,1,1
2018-01-26 05:00:00,21,4,17
2018-01-26 06:00:00,21,7,14
2018-01-26 07:00:00,57,6,51
2018-01-26 08:00:00,69,7,62
2018-01-26 09:00:00,24,2,22
2018-01-26 10:00:00,9,1,8
2018-01-26 11:00:00,12,2,10
2018-01-26 12:00:00,11,7,4
2018-01-26 13:00:00,10,5,5
2018-01-26 14:00:00,18,10,8
2018-01-26 15:00:00,25,18,7
2018-01-26 16:00:00,49,43,6
2018-01-26 17:00:00,72,62,10
2018-01-26 18:00:00,38,33,5
2018-01-26 19:00:00,8,6,2
2018-01-26 20:00:00,6,6,0
2018-01-26 21:00:00,3,2,1
2018-01-26 22:00:00,5,4,1
2018-01-26 23:00:00,2,0,2
2018-01-27 00:00:00,2,2,0
2018-01-27 01:00:00,1,1,0
2018-01-27 02:00:00,1,1,0
2018-01-27 03:00:00,1,1,0
2018-01-27 04:00:00,1,1,0
2018-01-27 05:00:00,2,0,2
2018-01-27 06:00:00,4,1,3
2018-01-27 07:00:00,3,1,2
2018-01-27 08:00:00,8,2,6
2018-01-27 09:00:00,7,3,4
2018-01-27 10:00:00,8,3,5
2018-01-27 11:00:00,9,2,7
2018-01-27 12:00:00,11,7,4
2018-01-27 13:00:00,8,5,3
2018-01-27 14:00:00,10,5,5
2018-01-27 15:00:00,19,9,10
2018-01-27 16:00:00,11,5,6
2018-01-27 17:00:00,13,8,5
2018-01-27 18:00:00,6,3,3
2018-01-27 19:00:00,3,2,1
2018-01-27 20:00:00,2,1,1
2018-01-27 21:00:00,1,1,0
2018-01-27 22:00:00,3,2,1
2018-01-27 23:00:00,0,0,0
2018-01-28 00:00:00,0,0,0
2018-01-28 01:00:00,3,2,1
2018-01-28 02:00:00,0,0,0
2018-01-28 03:00:00,0,0,0
2018-01-28 04:00:00,1,0,1
2018-01-28 05:00:00,0,0,0
2018-01-28 06:00:00,4,2,2
2018-01-28 07:00:00,3,2,1
2018-01-28 08:00:00,12,1,11
2018-01-28 09:00:00,9,6,3
2018-01-28 10:00:00,11,2,9
2018-01-28 11:00:00,24,9,15
2018-01-28 12:00:00,10,6,4
2018-01-28 13:00:00,14,9,5
2018-01-28 14:00:00,23,9,14
2018-01-28 15:00:00,26,14,12
2018-01-28 16:00:00,17,9,8
2018-01-28 17:00:00,12,5,7
2018-01-28 18:00:00,3,1,2
2018-01-28 19:00:00,5,4,1
2018-01-28 20:00:00,7,7,0
2018-01-28 21:00:00,3,0,3
2018-01-28 22:00:00,2,1,1
2018-01-28 23:00:00,5,3,2
2018-01-29 00:00:00,3,2,1
2018-01-29 01:00:00,3,2,1
2018-01-29 02:00:00,4,0,4
2018-01-29 03:00:00,2,0,2
2018-01-29 04:00:00,7,1,6
2018-01-29 05:00:00,18,2,16
2018-01-29 06:00:00,35,6,29
2018-01-29 07:00:00,69,4,65
2018-01-29 08:00:00,71,15,56
2018-01-29 09:00:00,25,2,23
2018-01-29 10:00:00,7,2,5
2018-01-29 11:00:00,3,1,2
2018-01-29 12:00:00,5,1,4
2018-01-29 13:00:00,3,1,2
2018-01-29 14:00:00,8,5,3
2018-01-29 15:00:00,14,12,2
2018-01-29 16:00:00,46,41,5
2018-01-29 17:00:00,73,68,5
2018-01-29 18:00:00,51,48,3
2018-01-29 19:00:00,13,13,0
2018-01-29 20:00:00,6,3,3
2018-01-29 21:00:00,2,2,0
2018-01-29 22:00:00,2,2,0
2018-01-29 23:00:00,3,2,1
2018-01-30 00:00:00,3,3,0
2018-01-30 01:00:00,2,1,1
2018-01-30 02:00:00,1,0,1
2018-01-30 03:00:00,2,2,0
2018-01-30 04:00:00,6,0,6
2018-01-30 05:00:00,31,4,27
2018-01-30 06:00:00,37,3,34
2018-01-30 07:00:00,95,9,86
2018-01-30 08:00:00,94,4,90
2018-01-30 09:00:00,32,2,30
2018-01-30 10:00:00,19,4,15
2018-01-30 11:00:00,18,8,10
2018-01-30 12:00:00,18,7,11
2018-01-30 13:00:00,20,11,9
2018-01-30 14:00:00,24,14,10
2018-01-30 15:00:00,32,22,10
2018-01-30 16:00:00,84,70,14
2018-01-30 17:00:00,113,97,16
2018-01-30 18:00:00,64,58,6
2018-01-30 19:00:00,24,22,2
2018-01-30 20:00:00,19,13,6
2018-01-30 21:00:00,7,5,2
2018-01-30 22:00:00,6,6,0
2018-01-30 23:00:00,1,1,0
2018-01-31 00:00:00,2,2,0
2018-01-31 01:00:00,1,1,0
2018-01-31 02:00:00,1,0,1
2018-01-31 03:00:00,0,0,0
2018-01-31 04:00:00,3,1,2
2018-01-31 05:00:00,19,4,15
2018-01-31 06:00:00,44,7,37
2018-01-31 07:00:00,88,4,84
2018-01-31 08:00:00,111,6,105
2018-01-31 09:00:00,34,2,32
2018-01-31 10:00:00,6,1,5
2018-01-31 11:00:00,14,7,7
2018-01-31 12:00:00,15,4,11
2018-01-31 13:00:00,14,6,8
2018-01-31 14:00:00,15,11,4
2018-01-31 15:00:00,28,25,3
2018-01-31 16:00:00,50,40,10
2018-01-31 17:00:00,109,99,10
2018-01-31 18:00:00,61,52,9
2018-01-31 19:00:00,29,26,3
2018-01-31 20:00:00,6,6,0
2018-01-31 21:00:00,14,11,3
2018-01-31 22:00:00,1,1,0
2018-01-31 23:00:00,3,2,1
2018-02-01 00:00:00,2,1,1
2018-02-01 01:00:00,4,1,3
2018-02-01 02:00:00,2,1,1
2018-02-01 03:00:00,1,1,0
2018-02-01 04:00:00,7,2,5
2018-02-01 05:00:00,18,3,15
2018-02-01 06:00:00,38,4,34
2018-02-01 07:00:00,72,3,69
2018-02-01 08:00:00,71,4,67
2018-02-01 09:00:00,42,7,35
2018-02-01 10:00:00,8,2,6
2018-02-01 11:00:00,14,3,11
2018-02-01 12:00:00,5,2,3
2018-02-01 13:00:00,10,3,7
2018-02-01 14:00:00,9,5,4
2018-02-01 15:00:00,15,14,1
2018-02-01 16:00:00,42,35,7
2018-02-01 17:00:00,71,67,4
2018-02-01 18:00:00,52,49,3
2018-02-01 19:00:00,18,15,3
2018-02-01 20:00:00,4,4,0
2018-02-01 21:00:00,4,4,0
2018-02-01 22:00:00,1,0,1
2018-02-01 23:00:00,1,1,0
2018-02-02 00:00:00,1,1,0
2018-02-02 01:00:00,4,2,2
2018-02-02 02:00:00,2,2,0
2018-02-02 03:00:00,1,1,0
2018-02-02 04:00:00,3,1,2
2018-02-02 05:00:00,14,3,11
2018-02-02 06:00:00,24,1,23
2018-02-02 07:00:00,59,3,56
2018-02-02 08:00:00,72,2,70
2018-02-02 09:00:00,31,5,26
2018-02-02 10:00:00,7,2,5
2018-02-02 11:00:00,8,2,6
2018-02-02 12:00:00,15,6,9
2018-02-02 13:00:00,19,12,7
2018-02-02 14:00:00,26,13,13
2018-02-02 15:00:00,29,19,10
2018-02-02 16:00:00,32,28,4
2018-02-02 17:00:00,79,73,6
2018-02-02 18:00:00,44,39,5
2018-02-02 19:00:00,18,12,6
2018-02-02 20:00:00,8,8,0
2018-02-02 21:00:00,5,4,1
2018-02-02 22:00:00,26,21,5
2018-02-02 23:00:00,1,1,0
2018-02-03 00:00:00,3,0,3
2018-02-03 01:00:00,6,1,5
2018-02-03 02:00:00,4,2,2
2018-02-03 03:00:00,3,2,1
2018-02-03 04:00:00,2,2,0
2018-02-03 05:00:00,0,0,0
2018-02-03 06:00:00,6,3,3
2018-02-03 07:00:00,4,0,4
2018-02-03 08:00:00,16,1,15
2018-02-03 09:00:00,11,6,5
2018-02-03 10:00:00,11,5,6
2018-02-03 11:00:00,12,4,8
2018-02-03 12:00:00,26,16,10
2018-02-03 13:00:00,21,12,9
2018-02-03 14:00:00,16,13,3
2018-02-03 15:00:00,7,3,4
2018-02-03 16:00:00,11,7,4
2018-02-03 17:00:00,11,4,7
2018-02-03 18:00:00,7,4,3
2018-02-03 19:00:00,3,1,2
2018-02-03 20:00:00,3,1,2
2018-02-03 21:00:00,1,1,0
2018-02-03 22:00:00,1,1,0
2018-02-03 23:00:00,3,0,3
2018-02-04 00:00:00,3,2,1
2018-02-04 01:00:00,2,2,0
2018-02-04 02:00:00,0,0,0
2018-02-04 03:00:00,1,1,0
2018-02-04 04:00:00,0,0,0
2018-02-04 05:00:00,1,1,0
2018-02-04 06:00:00,2,1,1
2018-02-04 07:00:00,7,6,1
2018-02-04 08:00:00,13,3,10
2018-02-04 09:00:00,10,3,7
2018-02-04 10:00:00,12,8,4
2018-02-04 11:00:00,24,10,14
2018-02-04 12:00:00,12,7,5
2018-02-04 13:00:00,22,12,10
2018-02-04 14:00:00,34,17,17
2018-02-04 15:00:00,30,19,11
2018-02-04 16:00:00,19,10,9
2018-02-04 17:00:00,16,7,9
2018-02-04 18:00:00,4,2,2
2018-02-04 19:00:00,10,7,3
2018-02-04 20:00:00,3,1,2
2018-02-04 21:00:00,4,1,3
2018-02-04 22:00:00,2,2,0
2018-02-04 23:00:00,3,2,1
2018-02-05 00:00:00,3,2,1
2018-02-05 01:00:00,2,1,1
2018-02-05 02:00:00,3,2,1
2018-02-05 03:00:00,0,0,0
2018-02-05 04:00:00,4,0,4
2018-02-05 05:00:00,24,3,21
2018-02-05 06:00:00,49,8,41
2018-02-05 07:00:00,106,18,88
2018-02-05 08:00:00,122,14,108
2018-02-05 09:00:00,41,2,39
2018-02-05 10:00:00,17,4,13
2018-02-05 11:00:00,11,5,6
2018-02-05 12:00:00,12,1,11
2018-02-05 13:00:00,20,9,11
2018-02-05 14:00:00,10,7,3
2018-02-05 15:00:00,27,20,7
2018-02-05 16:00:00,77,68,9
2018-02-05 17:00:00,125,111,14
2018-02-05 18:00:00,77,66,11
2018-02-05 19:00:00,26,26,0
2018-02-05 20:00:00,9,9,0
2018-02-05 21:00:00,7,6,1
2018-02-05 22:00:00,2,1,1
2018-02-05 23:00:00,1,0,1
2018-02-06 00:00:00,0,0,0
2018-02-06 01:00:00,2,0,2
2018-02-06 02:00:00,3,3,0
2018-02-06 03:00:00,0,0,0
2018-02-06 04:00:00,10,3,7
2018-02-06 05:00:00,29,5,24
2018-02-06 06:00:00,54,6,48
2018-02-06 07:00:00,113,13,100
2018-02-06 08:00:00,113,6,107
2018-02-06 09:00:00,43,3,40
2018-02-06 10:00:00,23,3,20
2018-02-06 11:00:00,22,7,15
2018-02-06 12:00:00,14,5,9
2018-02-06 13:00:00,13,7,6
2018-02-06 14:00:00,26,18,8
2018-02-06 15:00:00,26,20,6
2018-02-06 16:00:00,92,75,17
2018-02-06 17:00:00,125,114,11
2018-02-06 18:00:00,64,60,4
2018-02-06 19:00:00,33,30,3
2018-02-06 20:00:00,16,15,1
2018-02-06 21:00:00,16,11,5
2018-02-06 22:00:00,6,3,3
2018-02-06 23:00:00,2,1,1
2018-02-07 00:00:00,1,1,0
2018-02-07 01:00:00,0,0,0
2018-02-07 02:00:00,0,0,0
2018-02-07 03:00:00,0,0,0
2018-02-07 04:00:00,5,1,4
2018-02-07 05:00:00,24,4,20
2018-02-07 06:00:00,59,8,51
2018-02-07 07:00:00,108,8,100
2018-02-07 08:00:00,104,9,95
2018-02-07 09:00:00,33,2,31
2018-02-07 10:00:00,23,4,19
2018-02-07 11:00:00,16,5,11
2018-02-07 12:00:00,23,6,17
2018-02-07 13:00:00,28,8,20
2018-02-07 14:00:00,23,12,11
2018-02-07 15:00:00,37,30,7
2018-02-07 16:00:00,81,72,9
2018-02-07 17:00:00,122,108,14
2018-02-07 18:00:00,72,63,9
2018-02-07 19:00:00,24,21,3
2018-02-07 20:00:00,19,14,5
2018-02-07 21:00:00,10,8,2
2018-02-07 22:00:00,7,6,1
2018-02-07 23:00:00,0,0,0
2018-02-08 00:00:00,0,0,0
2018-02-08 01:00:00,3,1,2
2018-02-08 02:00:00,0,0,0
2018-02-08 03:00:00,2,2,0
2018-02-08 04:00:00,4,1,3
2018-02-08 05:00:00,26,3,23
2018-02-08 06:00:00,42,6,36
2018-02-08 07:00:00,97,3,94
2018-02-08 08:00:00,90,5,85
2018-02-08 09:00:00,53,7,46
2018-02-08 10:00:00,19,5,14
2018-02-08 11:00:00,20,11,9
2018-02-08 12:00:00,15,7,8
2018-02-08 13:00:00,12,7,5
2018-02-08 14:00:00,13,6,7
2018-02-08 15:00:00,32,22,10
2018-02-08 16:00:00,70,60,10
2018-02-08 17:00:00,93,84,9
2018-02-08 18:00:00,63,57,6
2018-02-08 19:00:00,28,21,7
2018-02-08 20:00:00,8,6,2
2018-02-08 21:00:00,12,10,2
2018-02-08 22:00:00,4,2,2
2018-02-08 23:00:00,4,2,2
2018-02-09 00:00:00,0,0,0
2018-02-09 01:00:00,3,1,2
2018-02-09 02:00:00,4,2,2
2018-02-09 03:00:00,3,2,1
2018-02-09 04:00:00,5,1,4
2018-02-09 05:00:00,22,5,17
2018-02-09 06:00:00,30,2,28
2018-02-09 07:00:00,73,9,64
2018-02-09 08:00:00,87,7,80
2018-02-09 09:00:00,33,5,28
2018-02-09 10:00:00,21,8,13
2018-02-09 11:00:00,26,8,18
2018-02-09 12:00:00,20,11,9
2018-02-09 13:00:00,15,10,5
2018-02-09 14:00:00,32,19,13
2018-02-09 15:00:00,54,41,13
2018-02-09 16:00:00,76,59,17
2018-02-09 17:00:00,106,94,12
2018-02-09 18:00:00,49,40,9
2018-02-09 19:00:00,19,13,6
2018-02-09 20:00:00,7,6,1
2018-02-09 21:00:00,2,1,1
2018-02-09 22:00:00,3,2,1
2018-02-09 23:00:00,5,2,3
2018-02-10 00:00:00,1,1,0
2018-02-10 01:00:00,8,5,3
2018-02-10 02:00:00,2,1,1
2018-02-10 03:00:00,2,1,1
2018-02-10 04:00:00,3,2,1
2018-02-10 05:00:00,5,0,5
2018-02-10 06:00:00,7,4,3
2018-02-10 07:00:00,8,3,5
2018-02-10 08:00:00,20,3,17
2018-02-10 09:00:00,32,20,12
2018-02-10 10:00:00,43,23,20
2018-02-10 11:00:00,39,20,19
2018-02-10 12:00:00,64,28,36
2018-02-10 13:00:00,77,34,43
2018-02-10 14:00:00,53,29,24
2018-02-10 15:00:00,65,29,36
2018-02-10 16:00:00,41,24,17
2018-02-10 17:00:00,18,4,14
2018-02-10 18:00:00,11,7,4
2018-02-10 19:00:00,10,6,4
2018-02-10 20:00:00,6,5,1
2018-02-10 21:00:00,4,3,1
2018-02-10 22:00:00,4,1,3
2018-02-10 23:00:00,3,1,2
2018-02-11 00:00:00,1,1,0
2018-02-11 01:00:00,4,2,2
2018-02-11 02:00:00,0,0,0
2018-02-11 03:00:00,4,3,1
2018-02-11 04:00:00,1,0,1
2018-02-11 05:00:00,1,0,1
2018-02-11 06:00:00,6,1,5
2018-02-11 07:00:00,2,1,1
2018-02-11 08:00:00,12,4,8
2018-02-11 09:00:00,4,0,4
2018-02-11 10:00:00,25,16,9
2018-02-11 11:00:00,24,14,10
2018-02-11 12:00:00,35,19,16
2018-02-11 13:00:00,37,18,19
2018-02-11 14:00:00,36,15,21
2018-02-11 15:00:00,27,14,13
2018-02-11 16:00:00,16,10,6
2018-02-11 17:00:00,16,9,7
2018-02-11 18:00:00,2,0,2
2018-02-11 19:00:00,6,5,1
2018-02-11 20:00:00,3,1,2
2018-02-11 21:00:00,3,1,2
2018-02-11 22:00:00,2,1,1
2018-02-11 23:00:00,1,0,1
2018-02-12 00:00:00,1,1,0
2018-02-12 01:00:00,1,1,0
2018-02-12 02:00:00,0,0,0
2018-02-12 03:00:00,0,0,0
2018-02-12 04:00:00,5,0,5
2018-02-12 05:00:00,20,3,17
2018-02-12 06:00:00,57,11,46
2018-02-12 07:00:00,97,8,89
2018-02-12 08:00:00,103,7,96
2018-02-12 09:00:00,35,1,34
2018-02-12 10:00:00,14,1,13
2018-02-12 11:00:00,13,9,4
2018-02-12 12:00:00,18,11,7
2018-02-12 13:00:00,23,10,13
2018-02-12 14:00:00,21,8,13
2018-02-12 15:00:00,25,20,5
2018-02-12 16:00:00,92,74,18
2018-02-12 17:00:00,110,97,13
2018-02-12 18:00:00,77,73,4
2018-02-12 19:00:00,22,17,5
2018-02-12 20:00:00,5,5,0
2018-02-12 21:00:00,9,6,3
2018-02-12 22:00:00,1,0,1
2018-02-12 23:00:00,3,0,3
2018-02-13 00:00:00,0,0,0
2018-02-13 01:00:00,0,0,0
2018-02-13 02:00:00,0,0,0
2018-02-13 03:00:00,1,1,0
2018-02-13 04:00:00,8,2,6
2018-02-13 05:00:00,27,2,25
2018-02-13 06:00:00,46,7,39
2018-02-13 07:00:00,84,13,71
2018-02-13 08:00:00,94,6,88
2018-02-13 09:00:00,41,4,37
2018-02-13 10:00:00,11,1,10
2018-02-13 11:00:00,25,11,14
2018-02-13 12:00:00,13,7,6
2018-02-13 13:00:00,17,9,8
2018-02-13 14:00:00,16,9,7
2018-02-13 15:00:00,38,23,15
2018-02-13 16:00:00,83,77,6
2018-02-13 17:00:00,99,88,11
2018-02-13 18:00:00,65,53,12
2018-02-13 19:00:00,27,24,3
2018-02-13 20:00:00,4,4,0
2018-02-13 21:00:00,6,3,3
2018-02-13 22:00:00,2,1,1
2018-02-13 23:00:00,1,1,0
2018-02-14 00:00:00,0,0,0
2018-02-14 01:00:00,0,0,0
2018-02-14 02:00:00,0,0,0
2018-02-14 03:00:00,0,0,0
2018-02-14 04:00:00,4,1,3
2018-02-14 05:00:00,18,3,15
2018-02-14 06:00:00,35,5,30
2018-02-14 07:00:00,74,6,68
2018-02-14 08:00:00,89,7,82
2018-02-14 09:00:00,32,5,27
2018-02-14 10:00:00,11,0,11
2018-02-14 11:00:00,8,4,4
2018-02-14 12:00:00,4,1,3
2018-02-14 13:00:00,16,6,10
2018-02-14 14:00:00,7,5,2
2018-02-14 15:00:00,21,15,6
2018-02-14 16:00:00,69,60,9
2018-02-14 17:00:00,103,95,8
2018-02-14 18:00:00,51,47,4
2018-02-14 19:00:00,15,12,3
2018-02-14 20:00:00,10,8,2
2018-02-14 21:00:00,4,2,2
2018-02-14 22:00:00,3,3,0
2018-02-14 23:00:00,2,2,0
2018-02-15 00:00:00,1,1,0
2018-02-15 01:00:00,2,1,1
2018-02-15 02:00:00,1,1,0
2018-02-15 03:00:00,1,1,0
2018-02-15 04:00:00,4,1,3
2018-02-15 05:00:00,18,2,16
2018-02-15 06:00:00,45,7,38
2018-02-15 07:00:00,86,9,77
2018-02-15 08:00:00,86,2,84
2018-02-15 09:00:00,37,6,31
2018-02-15 10:00:00,18,3,15
2018-02-15 11:00:00,19,11,8
2018-02-15 12:00:00,9,4,5
2018-02-15 13:00:00,20,10,10
2018-02-15 14:00:00,12,5,7
2018-02-15 15:00:00,29,21,8
2018-02-15 16:00:00,62,50,12
2018-02-15 17:00:00,103,88,15
2018-02-15 18:00:00,63,59,4
2018-02-15 19:00:00,12,10,2
2018-02-15 20:00:00,11,8,3
2018-02-15 21:00:00,6,6,0
2018-02-15 22:00:00,5,4,1
2018-02-15 23:00:00,1,0,1
2018-02-16 00:00:00,4,2,2
2018-02-16 01:00:00,5,2,3
2018-02-16 02:00:00,3,2,1
2018-02-16 03:00:00,1,1,0
2018-02-16 04:00:00,2,1,1
2018-02-16 05:00:00,15,1,14
2018-02-16 06:00:00,22,4,18
2018-02-16 07:00:00,64,7,57
2018-02-16 08:00:00,61,7,54
2018-02-16 09:00:00,25,2,23
2018-02-16 10:00:00,11,2,9
2018-02-16 11:00:00,11,2,9
2018-02-16 12:00:00,6,4,2
2018-02-16 13:00:00,16,7,9
2018-02-16 14:00:00,10,7,3
2018-02-16 15:00:00,21,16,5
2018-02-16 16:00:00,48,38,10
2018-02-16 17:00:00,71,61,10
2018-02-16 18:00:00,39,36,3
2018-02-16 19:00:00,23,16,7
2018-02-16 20:00:00,5,4,1
2018-02-16 21:00:00,9,4,5
2018-02-16 22:00:00,2,2,0
2018-02-16 23:00:00,6,5,1
2018-02-17 00:00:00,0,0,0
2018-02-17 01:00:00,4,3,1
2018-02-17 02:00:00,1,0,1
2018-02-17 03:00:00,1,1,0
2018-02-17 04:00:00,0,0,0
2018-02-17 05:00:00,0,0,0
2018-02-17 06:00:00,2,0,2
2018-02-17 07:00:00,2,0,2
2018-02-17 08:00:00,4,2,2
2018-02-17 09:00:00,1,0,1
2018-02-17 10:00:00,8,5,3
2018-02-17 11:00:00,5,4,1
2018-02-17 12:00:00,10,4,6
2018-02-17 13:00:00,22,8,14
2018-02-17 14:00:00,15,12,3
2018-02-17 15:00:00,24,14,10
2018-02-17 16:00:00,20,7,13
2018-02-17 17:00:00,11,4,7
2018-02-17 18:00:00,7,3,4
2018-02-17 19:00:00,5,3,2
2018-02-17 20:00:00,3,1,2
2018-02-17 21:00:00,1,1,0
2018-02-17 22:00:00,5,2,3
2018-02-17 23:00:00,3,2,1
2018-02-18 00:00:00,1,0,1
2018-02-18 01:00:00,1,0,1
2018-02-18 02:00:00,1,0,1
2018-02-18 03:00:00,1,1,0
2018-02-18 04:00:00,0,0,0
2018-02-18 05:00:00,2,0,2
2018-02-18 06:00:00,2,0,2
2018-02-18 07:00:00,0,0,0
2018-02-18 08:00:00,7,1,6
2018-02-18 09:00:00,4,1,3
2018-02-18 10:00:00,16,11,5
2018-02-18 11:00:00,15,3,12
2018-02-18 12:00:00,11,4,7
2018-02-18 13:00:00,3,2,1
2018-02-18 14:00:00,6,4,2
2018-02-18 15:00:00,8,4,4
2018-02-18 16:00:00,11,5,6
2018-02-18 17:00:00,7,1,6
2018-02-18 18:00:00,4,2,2
2018-02-18 19:00:00,5,5,0
2018-02-18 20:00:00,2,2,0
2018-02-18 21:00:00,0,0,0
2018-02-18 22:00:00,1,0,1
2018-02-18 23:00:00,0,0,0
2018-02-19 00:00:00,0,0,0
2018-02-19 01:00:00,3,2,1
2018-02-19 02:00:00,0,0,0
2018-02-19 03:00:00,0,0,0
2018-02-19 04:00:00,0,0,0
2018-02-19 05:00:00,8,2,6
2018-02-19 06:00:00,12,2,10
2018-02-19 07:00:00,22,2,20
2018-02-19 08:00:00,36,5,31
2018-02-19 09:00:00,21,4,17
2018-02-19 10:00:00,12,3,9
2018-02-19 11:00:00,7,4,3
2018-02-19 12:00:00,15,6,9
2018-02-19 13:00:00,18,8,10
2018-02-19 14:00:00,17,7,10
2018-02-19 15:00:00,13,8,5
2018-02-19 16:00:00,24,18,6
2018-02-19 17:00:00,40,33,7
2018-02-19 18:00:00,19,17,2
2018-02-19 19:00:00,11,10,1
2018-02-19 20:00:00,3,2,1
2018-02-19 21:00:00,5,4,1
2018-02-19 22:00:00,0,0,0
2018-02-19 23:00:00,0,0,0
2018-02-20 00:00:00,0,0,0
2018-02-20 01:00:00,0,0,0
2018-02-20 02:00:00,0,0,0
2018-02-20 03:00:00,1,1,0
2018-02-20 04:00:00,1,1,0
2018-02-20 05:00:00,21,4,17
2018-02-20 06:00:00,25,5,20
2018-02-20 07:00:00,48,3,45
2018-02-20 08:00:00,79,7,72
2018-02-20 09:00:00,19,2,17
2018-02-20 10:00:00,9,2,7
2018-02-20 11:00:00,11,5,6
2018-02-20 12:00:00,5,0,5
2018-02-20 13:00:00,7,4,3
2018-02-20 14:00:00,13,8,5
2018-02-20 15:00:00,15,10,5
2018-02-20 16:00:00,39,34,5
2018-02-20 17:00:00,66,56,10
2018-02-20 18:00:00,45,41,4
2018-02-20 19:00:00,21,15,6
2018-02-20 20:00:00,3,2,1
2018-02-20 21:00:00,5,3,2
2018-02-20 22:00:00,4,4,0
2018-02-20 23:00:00,1,0,1
2018-02-21 00:00:00,0,0,0
2018-02-21 01:00:00,0,0,0
2018-02-21 02:00:00,0,0,0
2018-02-21 03:00:00,0,0,0
2018-02-21 04:00:00,3,1,2
2018-02-21 05:00:00,19,3,16
2018-02-21 06:00:00,26,4,22
2018-02-21 07:00:00,53,8,45
2018-02-21 08:00:00,70,10,60
2018-02-21 09:00:00,21,1,20
2018-02-21 10:00:00,13,2,11
2018-02-21 11:00:00,11,3,8
2018-02-21 12:00:00,9,5,4
2018-02-21 13:00:00,12,5,7
2018-02-21 14:00:00,4,0,4
2018-02-21 15:00:00,21,15,6
2018-02-21 16:00:00,42,33,9
2018-02-21 17:00:00,72,65,7
2018-02-21 18:00:00,41,38,3
2018-02-21 19:00:00,14,12,2
2018-02-21 20:00:00,8,6,2
2018-02-21 21:00:00,5,1,4
2018-02-21 22:00:00,2,2,0
2018-02-21 23:00:00,1,0,1
2018-02-22 00:00:00,1,1,0
2018-02-22 01:00:00,2,1,1
2018-02-22 02:00:00,1,1,0
2018-02-22 03:00:00,1,1,0
2018-02-22 04:00:00,1,0,1
2018-02-22 05:00:00,10,1,9
2018-02-22 06:00:00,10,2,8
2018-02-22 07:00:00,12,1,11
2018-02-22 08:00:00,18,1,17
2018-02-22 09:00:00,7,0,7
2018-02-22 10:00:00,5,1,4
2018-02-22 11:00:00,9,2,7
2018-02-22 12:00:00,4,3,1
2018-02-22 13:00:00,5,3,2
2018-02-22 14:00:00,6,2,4
2018-02-22 15:00:00,7,4,3
2018-02-22 16:00:00,22,18,4
2018-02-22 17:00:00,33,25,8
2018-02-22 18:00:00,16,13,3
2018-02-22 19:00:00,6,4,2
2018-02-22 20:00:00,6,6,0
2018-02-22 21:00:00,3,3,0
2018-02-22 22:00:00,2,2,0
2018-02-22 23:00:00,0,0,0
2018-02-23 00:00:00,0,0,0
2018-02-23 01:00:00,4,1,3
2018-02-23 02:00:00,4,3,1
2018-02-23 03:00:00,1,1,0
2018-02-23 04:00:00,0,0,0
2018-02-23 05:00:00,13,3,10
2018-02-23 06:00:00,15,3,12
2018-02-23 07:00:00,27,4,23
2018-02-23 08:00:00,36,4,32
2018-02-23 09:00:00,8,1,7
2018-02-23 10:00:00,6,1,5
2018-02-23 11:00:00,10,4,6
2018-02-23 12:00:00,9,2,7
2018-02-23 13:00:00,13,7,6
2018-02-23 14:00:00,11,5,6
2018-02-23 15:00:00,19,12,7
2018-02-23 16:00:00,30,26,4
2018-02-23 17:00:00,40,35,5
2018-02-23 18:00:00,9,8,1
2018-02-23 19:00:00,5,4,1
2018-02-23 20:00:00,6,5,1
2018-02-23 21:00:00,0,0,0
2018-02-23 22:00:00,2,0,2
2018-02-23 23:00:00,5,4,1
2018-02-24 00:00:00,2,1,1
2018-02-24 01:00:00,1,1,0
2018-02-24 02:00:00,2,1,1
2018-02-24 03:00:00,3,2,1
2018-02-24 04:00:00,1,1,0
2018-02-24 05:00:00,2,1,1
2018-02-24 06:00:00,3,0,3
2018-02-24 07:00:00,5,0,5
2018-02-24 08:00:00,6,4,2
2018-02-24 09:00:00,9,2,7
2018-02-24 10:00:00,22,10,12
2018-02-24 11:00:00,16,6,10
2018-02-24 12:00:00,25,7,18
2018-02-24 13:00:00,19,14,5
2018-02-24 14:00:00,24,7,17
2018-02-24 15:00:00,30,14,16
2018-02-24 16:00:00,15,9,6
2018-02-24 17:00:00,24,14,10
2018-02-24 18:00:00,12,6,6
2018-02-24 19:00:00,4,2,2
2018-02-24 20:00:00,4,3,1
2018-02-24 21:00:00,7,6,1
2018-02-24 22:00:00,6,3,3
2018-02-24 23:00:00,2,0,2
2018-02-25 00:00:00,1,1,0
2018-02-25 01:00:00,3,0,3
2018-02-25 02:00:00,0,0,0
2018-02-25 03:00:00,1,1,0
2018-02-25 04:00:00,0,0,0
2018-02-25 05:00:00,0,0,0
2018-02-25 06:00:00,4,0,4
2018-02-25 07:00:00,22,2,20
2018-02-25 08:00:00,31,7,24
2018-02-25 09:00:00,7,4,3
2018-02-25 10:00:00,20,7,13
2018-02-25 11:00:00,15,3,12
2018-02-25 12:00:00,22,13,9
2018-02-25 13:00:00,23,14,9
2018-02-25 14:00:00,24,18,6
2018-02-25 15:00:00,28,20,8
2018-02-25 16:00:00,26,15,11
2018-02-25 17:00:00,6,1,5
2018-02-25 18:00:00,3,2,1
2018-02-25 19:00:00,1,1,0
2018-02-25 20:00:00,3,2,1
2018-02-25 21:00:00,5,4,1
2018-02-25 22:00:00,0,0,0
2018-02-25 23:00:00,0,0,0
2018-02-26 00:00:00,0,0,0
2018-02-26 01:00:00,1,0,1
2018-02-26 02:00:00,0,0,0
2018-02-26 03:00:00,4,3,1
2018-02-26 04:00:00,4,1,3
2018-02-26 05:00:00,24,5,19
2018-02-26 06:00:00,44,5,39
2018-02-26 07:00:00,96,4,92
2018-02-26 08:00:00,88,7,81
2018-02-26 09:00:00,33,0,33
2018-02-26 10:00:00,13,5,8
2018-02-26 11:00:00,10,2,8
2018-02-26 12:00:00,12,7,5
2018-02-26 13:00:00,11,5,6
2018-02-26 14:00:00,23,7,16
2018-02-26 15:00:00,36,25,11
2018-02-26 16:00:00,85,68,17
2018-02-26 17:00:00,119,108,11
2018-02-26 18:00:00,65,58,7
2018-02-26 19:00:00,21,18,3
2018-02-26 20:00:00,10,9,1
2018-02-26 21:00:00,10,9,1
2018-02-26 22:00:00,6,3,3
2018-02-26 23:00:00,0,0,0
2018-02-27 00:00:00,0,0,0
2018-02-27 01:00:00,1,0,1
2018-02-27 02:00:00,1,1,0
2018-02-27 03:00:00,4,3,1
2018-02-27 04:00:00,2,1,1
2018-02-27 05:00:00,17,2,15
2018-02-27 06:00:00,50,6,44
2018-02-27 07:00:00,101,11,90
2018-02-27 08:00:00,97,5,92
2018-02-27 09:00:00,31,4,27
2018-02-27 10:00:00,10,0,10
2018-02-27 11:00:00,6,2,4
2018-02-27 12:00:00,13,7,6
2018-02-27 13:00:00,12,5,7
2018-02-27 14:00:00,13,6,7
2018-02-27 15:00:00,23,17,6
2018-02-27 16:00:00,54,43,11
2018-02-27 17:00:00,86,77,9
2018-02-27 18:00:00,54,51,3
2018-02-27 19:00:00,20,18,2
2018-02-27 20:00:00,11,9,2
2018-02-27 21:00:00,2,2,0
2018-02-27 22:00:00,6,6,0
2018-02-27 23:00:00,0,0,0
2018-02-28 00:00:00,0,0,0
2018-02-28 01:00:00,0,0,0
2018-02-28 02:00:00,1,0,1
2018-02-28 03:00:00,1,0,1
2018-02-28 04:00:00,2,1,1
2018-02-28 05:00:00,16,4,12
2018-02-28 06:00:00,37,3,34
2018-02-28 07:00:00,79,11,68
2018-02-28 08:00:00,69,5,64
2018-02-28 09:00:00,34,2,32
2018-02-28 10:00:00,12,4,8
2018-02-28 11:00:00,10,4,6
2018-02-28 12:00:00,10,5,5
2018-02-28 13:00:00,7,2,5
2018-02-28 14:00:00,8,3,5
2018-02-28 15:00:00,15,9,6
2018-02-28 16:00:00,49,41,8
2018-02-28 17:00:00,77,65,12
2018-02-28 18:00:00,49,47,2
2018-02-28 19:00:00,25,23,2
2018-02-28 20:00:00,4,3,1
2018-02-28 21:00:00,11,7,4
2018-02-28 22:00:00,0,0,0
2018-02-28 23:00:00,2,1,1
2018-03-01 00:00:00,3,3,0
2018-03-01 01:00:00,5,1,4
2018-03-01 02:00:00,3,3,0
2018-03-01 03:00:00,1,1,0
2018-03-01 04:00:00,7,2,5
2018-03-01 05:00:00,19,3,16
2018-03-01 06:00:00,42,7,35
2018-03-01 07:00:00,95,9,86
2018-03-01 08:00:00,88,7,81
2018-03-01 09:00:00,0,0,0
2018-03-01 10:00:00,6,1,5
2018-03-01 11:00:00,14,6,8
2018-03-01 12:00:00,24,11,13
2018-03-01 13:00:00,19,3,16
2018-03-01 14:00:00,17,6,11
2018-03-01 15:00:00,29,27,2
2018-03-01 16:00:00,77,62,15
2018-03-01 17:00:00,120,99,21
2018-03-01 18:00:00,60,52,8
2018-03-01 19:00:00,38,35,3
2018-03-01 20:00:00,20,16,4
2018-03-01 21:00:00,12,10,2
2018-03-01 22:00:00,14,8,6
2018-03-01 23:00:00,17,4,13
2018-03-02 00:00:00,2,1,1
2018-03-02 01:00:00,3,3,0
2018-03-02 02:00:00,1,1,0
2018-03-02 03:00:00,0,0,0
2018-03-02 04:00:00,2,0,2
2018-03-02 05:00:00,11,1,10
2018-03-02 06:00:00,27,4,23
2018-03-02 07:00:00,66,5,61
2018-03-02 08:00:00,87,7,80
2018-03-02 09:00:00,27,4,23
2018-03-02 10:00:00,18,3,15
2018-03-02 11:00:00,14,4,10
2018-03-02 12:00:00,11,4,7
2018-03-02 13:00:00,12,8,4
2018-03-02 14:00:00,17,10,7
2018-03-02 15:00:00,29,23,6
2018-03-02 16:00:00,49,45,4
2018-03-02 17:00:00,83,74,9
2018-03-02 18:00:00,38,33,5
2018-03-02 19:00:00,21,16,5
2018-03-02 20:00:00,16,13,3
2018-03-02 21:00:00,3,3,0
2018-03-02 22:00:00,2,1,1
2018-03-02 23:00:00,2,2,0
2018-03-03 00:00:00,2,2,0
2018-03-03 01:00:00,3,2,1
2018-03-03 02:00:00,2,2,0
2018-03-03 03:00:00,4,3,1
2018-03-03 04:00:00,1,1,0
2018-03-03 05:00:00,2,0,2
2018-03-03 06:00:00,2,0,2
2018-03-03 07:00:00,9,6,3
2018-03-03 08:00:00,26,8,18
2018-03-03 09:00:00,18,7,11
2018-03-03 10:00:00,34,11,23
2018-03-03 11:00:00,50,25,25
2018-03-03 12:00:00,68,41,27
2018-03-03 13:00:00,72,34,38
2018-03-03 14:00:00,63,34,29
2018-03-03 15:00:00,56,13,43
2018-03-03 16:00:00,52,28,24
2018-03-03 17:00:00,28,15,13
2018-03-03 18:00:00,8,6,2
2018-03-03 19:00:00,5,3,2
2018-03-03 20:00:00,3,0,3
2018-03-03 21:00:00,4,3,1
2018-03-03 22:00:00,1,0,1
2018-03-03 23:00:00,1,0,1
2018-03-04 00:00:00,3,2,1
2018-03-04 01:00:00,2,2,0
2018-03-04 02:00:00,1,1,0
2018-03-04 03:00:00,0,0,0
2018-03-04 04:00:00,0,0,0
2018-03-04 05:00:00,1,0,1
2018-03-04 06:00:00,5,2,3
2018-03-04 07:00:00,8,1,7
2018-03-04 08:00:00,13,4,9
2018-03-04 09:00:00,36,19,17
2018-03-04 10:00:00,35,8,27
2018-03-04 11:00:00,37,20,17
2018-03-04 12:00:00,29,9,20
2018-03-04 13:00:00,41,25,16
2018-03-04 14:00:00,17,4,13
2018-03-04 15:00:00,13,8,5
2018-03-04 16:00:00,18,9,9
2018-03-04 17:00:00,8,6,2
2018-03-04 18:00:00,7,6,1
2018-03-04 19:00:00,1,1,0
2018-03-04 20:00:00,6,3,3
2018-03-04 21:00:00,2,2,0
2018-03-04 22:00:00,0,0,0
2018-03-04 23:00:00,0,0,0
2018-03-05 00:00:00,0,0,0
2018-03-05 01:00:00,2,2,0
2018-03-05 02:00:00,0,0,0
2018-03-05 03:00:00,2,1,1
2018-03-05 04:00:00,4,0,4
2018-03-05 05:00:00,18,3,15
2018-03-05 06:00:00,65,7,58
2018-03-05 07:00:00,122,15,107
2018-03-05 08:00:00,108,10,98
2018-03-05 09:00:00,46,3,43
2018-03-05 10:00:00,10,0,10
2018-03-05 11:00:00,15,8,7
2018-03-05 12:00:00,16,4,12
2018-03-05 13:00:00,16,6,10
2018-03-05 14:00:00,19,10,9
2018-03-05 15:00:00,39,32,7
2018-03-05 16:00:00,88,71,17
2018-03-05 17:00:00,141,129,12
2018-03-05 18:00:00,59,52,7
2018-03-05 19:00:00,31,25,6
2018-03-05 20:00:00,15,11,4
2018-03-05 21:00:00,5,4,1
2018-03-05 22:00:00,3,3,0
2018-03-05 23:00:00,0,0,0
2018-03-06 00:00:00,2,1,1
2018-03-06 01:00:00,1,0,1
2018-03-06 02:00:00,0,0,0
2018-03-06 03:00:00,1,1,0
2018-03-06 04:00:00,3,1,2
2018-03-06 05:00:00,26,2,24
2018-03-06 06:00:00,64,8,56
2018-03-06 07:00:00,124,15,109
2018-03-06 08:00:00,123,16,107
2018-03-06 09:00:00,45,1,44
2018-03-06 10:00:00,19,2,17
2018-03-06 11:00:00,18,8,10
2018-03-06 12:00:00,30,12,18
2018-03-06 13:00:00,21,12,9
2018-03-06 14:00:00,28,17,11
2018-03-06 15:00:00,54,37,17
2018-03-06 16:00:00,129,98,31
2018-03-06 17:00:00,169,151,18
2018-03-06 18:00:00,62,51,11
2018-03-06 19:00:00,29,23,6
2018-03-06 20:00:00,10,6,4
2018-03-06 21:00:00,17,12,5
2018-03-06 22:00:00,5,4,1
2018-03-06 23:00:00,3,3,0
2018-03-07 00:00:00,0,0,0
2018-03-07 01:00:00,1,1,0
2018-03-07 02:00:00,0,0,0
2018-03-07 03:00:00,0,0,0
2018-03-07 04:00:00,2,1,1
2018-03-07 05:00:00,23,3,20
2018-03-07 06:00:00,68,11,57
2018-03-07 07:00:00,120,13,107
2018-03-07 08:00:00,98,8,90
2018-03-07 09:00:00,39,2,37
2018-03-07 10:00:00,15,4,11
2018-03-07 11:00:00,24,12,12
2018-03-07 12:00:00,14,5,9
2018-03-07 13:00:00,21,9,12
2018-03-07 14:00:00,15,8,7
2018-03-07 15:00:00,32,23,9
2018-03-07 16:00:00,90,71,19
2018-03-07 17:00:00,140,122,18
2018-03-07 18:00:00,62,53,9
2018-03-07 19:00:00,16,16,0
2018-03-07 20:00:00,13,9,4
2018-03-07 21:00:00,20,18,2
2018-03-07 22:00:00,3,3,0
2018-03-07 23:00:00,4,2,2
2018-03-08 00:00:00,3,3,0
2018-03-08 01:00:00,2,1,1
2018-03-08 02:00:00,4,4,0
2018-03-08 03:00:00,2,2,0
2018-03-08 04:00:00,4,1,3
2018-03-08 05:00:00,18,3,15
2018-03-08 06:00:00,31,7,24
2018-03-08 07:00:00,59,5,54
2018-03-08 08:00:00,56,3,53
2018-03-08 09:00:00,15,0,15
2018-03-08 10:00:00,11,0,11
2018-03-08 11:00:00,4,0,4
2018-03-08 12:00:00,5,3,2
2018-03-08 13:00:00,6,3,3
2018-03-08 14:00:00,4,2,2
2018-03-08 15:00:00,14,12,2
2018-03-08 16:00:00,36,28,8
2018-03-08 17:00:00,72,67,5
2018-03-08 18:00:00,33,30,3
2018-03-08 19:00:00,20,19,1
2018-03-08 20:00:00,6,5,1
2018-03-08 21:00:00,5,5,0
2018-03-08 22:00:00,2,1,1
2018-03-08 23:00:00,2,2,0
2018-03-09 00:00:00,1,1,0
2018-03-09 01:00:00,0,0,0
2018-03-09 02:00:00,0,0,0
2018-03-09 03:00:00,0,0,0
2018-03-09 04:00:00,5,1,4
2018-03-09 05:00:00,15,2,13
2018-03-09 06:00:00,37,7,30
2018-03-09 07:00:00,80,6,74
2018-03-09 08:00:00,92,10,82
2018-03-09 09:00:00,25,7,18
2018-03-09 10:00:00,18,6,12
2018-03-09 11:00:00,16,3,13
2018-03-09 12:00:00,12,6,6
2018-03-09 13:00:00,19,12,7
2018-03-09 14:00:00,25,18,7
2018-03-09 15:00:00,47,33,14
2018-03-09 16:00:00,77,59,18
2018-03-09 17:00:00,90,85,5
2018-03-09 18:00:00,44,39,5
2018-03-09 19:00:00,23,15,8
2018-03-09 20:00:00,7,5,2
2018-03-09 21:00:00,8,6,2
2018-03-09 22:00:00,8,4,4
2018-03-09 23:00:00,0,0,0
2018-03-10 00:00:00,1,0,1
2018-03-10 01:00:00,4,3,1
2018-03-10 02:00:00,2,1,1
2018-03-10 03:00:00,2,1,1
2018-03-10 04:00:00,4,3,1
2018-03-10 05:00:00,2,0,2
2018-03-10 06:00:00,5,2,3
2018-03-10 07:00:00,3,0,3
2018-03-10 08:00:00,22,4,18
2018-03-10 09:00:00,30,11,19
2018-03-10 10:00:00,42,16,26
2018-03-10 11:00:00,41,17,24
2018-03-10 12:00:00,65,40,25
2018-03-10 13:00:00,67,37,30
2018-03-10 14:00:00,53,31,22
2018-03-10 15:00:00,59,22,37
2018-03-10 16:00:00,42,30,12
2018-03-10 17:00:00,46,25,21
2018-03-10 18:00:00,27,7,20
2018-03-10 19:00:00,7,3,4
2018-03-10 20:00:00,9,5,4
2018-03-10 21:00:00,3,3,0
2018-03-10 22:00:00,5,5,0
2018-03-10 23:00:00,2,2,0
2018-03-11 00:00:00,3,2,1
2018-03-11 01:00:00,1,0,1
2018-03-11 02:00:00,0,0,0
2018-03-11 03:00:00,2,2,0
2018-03-11 04:00:00,0,0,0
2018-03-11 05:00:00,3,0,3
2018-03-11 06:00:00,1,1,0
2018-03-11 07:00:00,2,0,2
2018-03-11 08:00:00,16,6,10
2018-03-11 09:00:00,11,5,6
2018-03-11 10:00:00,42,16,26
2018-03-11 11:00:00,48,22,26
2018-03-11 12:00:00,70,37,33
2018-03-11 13:00:00,82,44,38
2018-03-11 14:00:00,87,46,41
2018-03-11 15:00:00,76,33,43
2018-03-11 16:00:00,76,46,30
2018-03-11 17:00:00,64,26,38
2018-03-11 18:00:00,38,20,18
2018-03-11 19:00:00,20,9,11
2018-03-11 20:00:00,6,5,1
2018-03-11 21:00:00,4,3,1
2018-03-11 22:00:00,2,1,1
2018-03-11 23:00:00,2,1,1
2018-03-12 00:00:00,3,1,2
2018-03-12 01:00:00,4,2,2
2018-03-12 02:00:00,2,1,1
2018-03-12 03:00:00,0,0,0
2018-03-12 04:00:00,5,0,5
2018-03-12 05:00:00,31,4,27
2018-03-12 06:00:00,67,10,57
2018-03-12 07:00:00,131,11,120
2018-03-12 08:00:00,139,11,128
2018-03-12 09:00:00,70,5,65
2018-03-12 10:00:00,25,8,17
2018-03-12 11:00:00,27,12,15
2018-03-12 12:00:00,33,18,15
2018-03-12 13:00:00,37,14,23
2018-03-12 14:00:00,46,25,21
2018-03-12 15:00:00,98,70,28
2018-03-12 16:00:00,141,106,35
2018-03-12 17:00:00,213,181,32
2018-03-12 18:00:00,112,96,16
2018-03-12 19:00:00,51,40,11
2018-03-12 20:00:00,13,7,6
2018-03-12 21:00:00,14,6,8
2018-03-12 22:00:00,4,4,0
2018-03-12 23:00:00,3,1,2
2018-03-13 00:00:00,3,2,1
2018-03-13 01:00:00,0,0,0
2018-03-13 02:00:00,1,0,1
2018-03-13 03:00:00,1,1,0
2018-03-13 04:00:00,2,0,2
2018-03-13 05:00:00,25,4,21
2018-03-13 06:00:00,37,5,32
2018-03-13 07:00:00,89,11,78
2018-03-13 08:00:00,90,9,81
2018-03-13 09:00:00,39,4,35
2018-03-13 10:00:00,11,1,10
2018-03-13 11:00:00,16,5,11
2018-03-13 12:00:00,9,2,7
2018-03-13 13:00:00,5,3,2
2018-03-13 14:00:00,12,7,5
2018-03-13 15:00:00,16,11,5
2018-03-13 16:00:00,53,44,9
2018-03-13 17:00:00,89,84,5
2018-03-13 18:00:00,63,56,7
2018-03-13 19:00:00,17,16,1
2018-03-13 20:00:00,7,5,2
2018-03-13 21:00:00,6,4,2
2018-03-13 22:00:00,2,1,1
2018-03-13 23:00:00,1,1,0
2018-03-14 00:00:00,0,0,0
2018-03-14 01:00:00,2,2,0
2018-03-14 02:00:00,1,1,0
2018-03-14 03:00:00,0,0,0
2018-03-14 04:00:00,4,1,3
2018-03-14 05:00:00,18,3,15
2018-03-14 06:00:00,0,0,0
2018-03-14 07:00:00,0,0,0
2018-03-14 08:00:00,0,0,0
2018-03-14 09:00:00,0,0,0
2018-03-14 10:00:00,0,0,0
2018-03-14 11:00:00,0,0,0
2018-03-14 12:00:00,0,0,0
2018-03-14 13:00:00,17,8,9
2018-03-14 14:00:00,20,9,11
2018-03-14 15:00:00,46,32,14
2018-03-14 16:00:00,88,70,18
2018-03-14 17:00:00,122,98,24
2018-03-14 18:00:00,86,68,18
2018-03-14 19:00:00,28,21,7
2018-03-14 20:00:00,23,16,7
2018-03-14 21:00:00,13,12,1
2018-03-14 22:00:00,9,7,2
2018-03-14 23:00:00,1,1,0
2018-03-15 00:00:00,0,0,0
2018-03-15 01:00:00,2,2,0
2018-03-15 02:00:00,0,0,0
2018-03-15 03:00:00,1,1,0
2018-03-15 04:00:00,6,1,5
2018-03-15 05:00:00,16,1,15
2018-03-15 06:00:00,53,9,44
2018-03-15 07:00:00,112,11,101
2018-03-15 08:00:00,115,5,110
2018-03-15 09:00:00,52,3,49
2018-03-15 10:00:00,13,5,8
2018-03-15 11:00:00,14,8,6
2018-03-15 12:00:00,18,11,7
2018-03-15 13:00:00,32,15,17
2018-03-15 14:00:00,27,17,10
2018-03-15 15:00:00,50,37,13
2018-03-15 16:00:00,78,55,23
2018-03-15 17:00:00,153,126,27
2018-03-15 18:00:00,83,70,13
2018-03-15 19:00:00,31,28,3
2018-03-15 20:00:00,12,12,0
2018-03-15 21:00:00,10,7,3
2018-03-15 22:00:00,3,3,0
2018-03-15 23:00:00,4,2,2
2018-03-16 00:00:00,0,0,0
2018-03-16 01:00:00,1,1,0
2018-03-16 02:00:00,0,0,0
2018-03-16 03:00:00,2,2,0
2018-03-16 04:00:00,7,1,6
2018-03-16 05:00:00,26,1,25
2018-03-16 06:00:00,43,6,37
2018-03-16 07:00:00,85,7,78
2018-03-16 08:00:00,113,8,105
2018-03-16 09:00:00,33,3,30
2018-03-16 10:00:00,34,14,20
2018-03-16 11:00:00,15,3,12
2018-03-16 12:00:00,18,10,8
2018-03-16 13:00:00,23,16,7
2018-03-16 14:00:00,45,30,15
2018-03-16 15:00:00,57,45,12
2018-03-16 16:00:00,110,82,28
2018-03-16 17:00:00,123,105,18
2018-03-16 18:00:00,69,56,13
2018-03-16 19:00:00,31,20,11
2018-03-16 20:00:00,15,9,6
2018-03-16 21:00:00,4,3,1
2018-03-16 22:00:00,3,2,1
2018-03-16 23:00:00,4,3,1
2018-03-17 00:00:00,4,4,0
2018-03-17 01:00:00,3,2,1
2018-03-17 02:00:00,0,0,0
2018-03-17 03:00:00,4,3,1
2018-03-17 04:00:00,3,2,1
2018-03-17 05:00:00,3,0,3
2018-03-17 06:00:00,11,4,7
2018-03-17 07:00:00,12,2,10
2018-03-17 08:00:00,15,2,13
2018-03-17 09:00:00,32,14,18
2018-03-17 10:00:00,35,18,17
2018-03-17 11:00:00,27,9,18
2018-03-17 12:00:00,42,22,20
2018-03-17 13:00:00,50,17,33
2018-03-17 14:00:00,35,20,15
2018-03-17 15:00:00,49,23,26
2018-03-17 16:00:00,19,8,11
2018-03-17 17:00:00,23,9,14
2018-03-17 18:00:00,17,11,6
2018-03-17 19:00:00,19,16,3
2018-03-17 20:00:00,4,4,0
2018-03-17 21:00:00,6,1,5
2018-03-17 22:00:00,6,4,2
2018-03-17 23:00:00,7,3,4
2018-03-18 00:00:00,3,2,1
2018-03-18 01:00:00,1,0,1
2018-03-18 02:00:00,5,4,1
2018-03-18 03:00:00,0,0,0
2018-03-18 04:00:00,0,0,0
2018-03-18 05:00:00,1,0,1
2018-03-18 06:00:00,4,1,3
2018-03-18 07:00:00,2,1,1
2018-03-18 08:00:00,18,4,14
2018-03-18 09:00:00,18,12,6
2018-03-18 10:00:00,46,16,30
2018-03-18 11:00:00,33,15,18
2018-03-18 12:00:00,45,19,26
2018-03-18 13:00:00,49,20,29
2018-03-18 14:00:00,47,24,23
2018-03-18 15:00:00,65,40,25
2018-03-18 16:00:00,41,23,18
2018-03-18 17:00:00,40,15,25
2018-03-18 18:00:00,25,14,11
2018-03-18 19:00:00,11,8,3
2018-03-18 20:00:00,8,8,0
2018-03-18 21:00:00,7,3,4
2018-03-18 22:00:00,2,2,0
2018-03-18 23:00:00,3,2,1
2018-03-19 00:00:00,0,0,0
2018-03-19 01:00:00,2,1,1
2018-03-19 02:00:00,0,0,0
2018-03-19 03:00:00,1,0,1
2018-03-19 04:00:00,4,0,4
2018-03-19 05:00:00,24,3,21
2018-03-19 06:00:00,60,9,51
2018-03-19 07:00:00,129,13,116
2018-03-19 08:00:00,138,6,132
2018-03-19 09:00:00,46,7,39
2018-03-19 10:00:00,32,7,25
2018-03-19 11:00:00,34,21,13
2018-03-19 12:00:00,22,12,10
2018-03-19 13:00:00,39,12,27
2018-03-19 14:00:00,26,16,10
2018-03-19 15:00:00,47,41,6
2018-03-19 16:00:00,113,96,17
2018-03-19 17:00:00,149,133,16
2018-03-19 18:00:00,87,71,16
2018-03-19 19:00:00,38,29,9
2018-03-19 20:00:00,19,11,8
2018-03-19 21:00:00,7,6,1
2018-03-19 22:00:00,2,2,0
2018-03-19 23:00:00,0,0,0
2018-03-20 00:00:00,0,0,0
2018-03-20 01:00:00,1,0,1
2018-03-20 02:00:00,2,1,1
2018-03-20 03:00:00,2,1,1
2018-03-20 04:00:00,8,2,6
2018-03-20 05:00:00,28,4,24
2018-03-20 06:00:00,66,9,57
2018-03-20 07:00:00,112,9,103
2018-03-20 08:00:00,109,6,103
2018-03-20 09:00:00,50,2,48
2018-03-20 10:00:00,26,9,17
2018-03-20 11:00:00,30,13,17
2018-03-20 12:00:00,20,7,13
2018-03-20 13:00:00,17,11,6
2018-03-20 14:00:00,30,14,16
2018-03-20 15:00:00,54,43,11
2018-03-20 16:00:00,125,96,29
2018-03-20 17:00:00,162,140,22
2018-03-20 18:00:00,100,78,22
2018-03-20 19:00:00,52,37,15
2018-03-20 20:00:00,15,9,6
2018-03-20 21:00:00,10,8,2
2018-03-20 22:00:00,8,5,3
2018-03-20 23:00:00,3,2,1
2018-03-21 00:00:00,3,2,1
2018-03-21 01:00:00,1,0,1
2018-03-21 02:00:00,0,0,0
2018-03-21 03:00:00,0,0,0
2018-03-21 04:00:00,7,2,5
2018-03-21 05:00:00,24,1,23
2018-03-21 06:00:00,59,5,54
2018-03-21 07:00:00,108,12,96
2018-03-21 08:00:00,108,6,102
2018-03-21 09:00:00,51,3,48
2018-03-21 10:00:00,25,8,17
2018-03-21 11:00:00,22,5,17
2018-03-21 12:00:00,12,6,6
2018-03-21 13:00:00,27,10,17
2018-03-21 14:00:00,21,12,9
2018-03-21 15:00:00,40,29,11
2018-03-21 16:00:00,96,82,14
2018-03-21 17:00:00,149,126,23
2018-03-21 18:00:00,78,63,15
2018-03-21 19:00:00,30,24,6
2018-03-21 20:00:00,17,14,3
2018-03-21 21:00:00,8,6,2
2018-03-21 22:00:00,7,7,0
2018-03-21 23:00:00,1,1,0
2018-03-22 00:00:00,1,0,1
2018-03-22 01:00:00,1,1,0
2018-03-22 02:00:00,0,0,0
2018-03-22 03:00:00,1,1,0
2018-03-22 04:00:00,3,1,2
2018-03-22 05:00:00,19,2,17
2018-03-22 06:00:00,44,6,38
2018-03-22 07:00:00,61,5,56
2018-03-22 08:00:00,59,3,56
2018-03-22 09:00:00,18,3,15
2018-03-22 10:00:00,7,0,7
2018-03-22 11:00:00,3,0,3
2018-03-22 12:00:00,0,0,0
2018-03-22 13:00:00,0,0,0
2018-03-22 14:00:00,0,0,0
2018-03-22 15:00:00,18,14,4
2018-03-22 16:00:00,50,43,7
2018-03-22 17:00:00,84,78,6
2018-03-22 18:00:00,54,45,9
2018-03-22 19:00:00,15,13,2
2018-03-22 20:00:00,5,5,0
2018-03-22 21:00:00,5,5,0
2018-03-22 22:00:00,4,3,1
2018-03-22 23:00:00,0,0,0
2018-03-23 00:00:00,1,1,0
2018-03-23 01:00:00,1,1,0
2018-03-23 02:00:00,2,1,1
2018-03-23 03:00:00,3,2,1
2018-03-23 04:00:00,2,1,1
2018-03-23 05:00:00,10,1,9
2018-03-23 06:00:00,31,3,28
2018-03-23 07:00:00,66,8,58
2018-03-23 08:00:00,63,2,61
2018-03-23 09:00:00,24,0,24
2018-03-23 10:00:00,6,1,5
2018-03-23 11:00:00,3,0,3
2018-03-23 12:00:00,9,3,6
2018-03-23 13:00:00,10,4,6
2018-03-23 14:00:00,16,7,9
2018-03-23 15:00:00,23,22,1
2018-03-23 16:00:00,44,36,8
2018-03-23 17:00:00,71,67,4
2018-03-23 18:00:00,36,31,5
2018-03-23 19:00:00,10,7,3
2018-03-23 20:00:00,4,4,0
2018-03-23 21:00:00,2,2,0
2018-03-23 22:00:00,3,2,1
2018-03-23 23:00:00,1,0,1
2018-03-24 00:00:00,1,0,1
2018-03-24 01:00:00,2,1,1
2018-03-24 02:00:00,6,3,3
2018-03-24 03:00:00,4,3,1
2018-03-24 04:00:00,2,2,0
2018-03-24 05:00:00,0,0,0
2018-03-24 06:00:00,3,0,3
2018-03-24 07:00:00,5,0,5
2018-03-24 08:00:00,9,1,8
2018-03-24 09:00:00,19,9,10
2018-03-24 10:00:00,23,2,21
2018-03-24 11:00:00,21,7,14
2018-03-24 12:00:00,42,21,21
2018-03-24 13:00:00,30,18,12
2018-03-24 14:00:00,44,21,23
2018-03-24 15:00:00,30,11,19
2018-03-24 16:00:00,24,17,7
2018-03-24 17:00:00,18,13,5
2018-03-24 18:00:00,17,9,8
2018-03-24 19:00:00,7,6,1
2018-03-24 20:00:00,4,2,2
2018-03-24 21:00:00,4,1,3
2018-03-24 22:00:00,4,4,0
2018-03-24 23:00:00,0,0,0
2018-03-25 00:00:00,2,1,1
2018-03-25 01:00:00,0,0,0
2018-03-25 02:00:00,2,1,1
2018-03-25 03:00:00,1,1,0
2018-03-25 04:00:00,1,0,1
2018-03-25 05:00:00,2,0,2
2018-03-25 06:00:00,4,1,3
2018-03-25 07:00:00,12,4,8
2018-03-25 08:00:00,23,10,13
2018-03-25 09:00:00,35,14,21
2018-03-25 10:00:00,25,8,17
2018-03-25 11:00:00,44,27,17
2018-03-25 12:00:00,46,23,23
2018-03-25 13:00:00,43,17,26
2018-03-25 14:00:00,27,14,13
2018-03-25 15:00:00,55,30,25
2018-03-25 16:00:00,45,21,24
2018-03-25 17:00:00,33,17,16
2018-03-25 18:00:00,21,12,9
2018-03-25 19:00:00,20,11,9
2018-03-25 20:00:00,6,4,2
2018-03-25 21:00:00,6,5,1
2018-03-25 22:00:00,2,1,1
2018-03-25 23:00:00,2,2,0
2018-03-26 00:00:00,0,0,0
2018-03-26 01:00:00,1,0,1
2018-03-26 02:00:00,4,1,3
2018-03-26 03:00:00,1,1,0
2018-03-26 04:00:00,1,0,1
2018-03-26 05:00:00,14,2,12
2018-03-26 06:00:00,37,4,33
2018-03-26 07:00:00,86,11,75
2018-03-26 08:00:00,87,5,82
2018-03-26 09:00:00,34,1,33
2018-03-26 10:00:00,12,3,9
2018-03-26 11:00:00,1,0,1
2018-03-26 12:00:00,8,4,4
2018-03-26 13:00:00,4,3,1
2018-03-26 14:00:00,10,5,5
2018-03-26 15:00:00,21,14,7
2018-03-26 16:00:00,49,44,5
2018-03-26 17:00:00,111,96,15
2018-03-26 18:00:00,48,45,3
2018-03-26 19:00:00,20,16,4
2018-03-26 20:00:00,12,8,4
2018-03-26 21:00:00,5,3,2
2018-03-26 22:00:00,8,6,2
2018-03-26 23:00:00,4,1,3
2018-03-27 00:00:00,0,0,0
2018-03-27 01:00:00,0,0,0
2018-03-27 02:00:00,0,0,0
2018-03-27 03:00:00,3,1,2
2018-03-27 04:00:00,2,1,1
2018-03-27 05:00:00,15,2,13
2018-03-27 06:00:00,44,4,40
2018-03-27 07:00:00,77,6,71
2018-03-27 08:00:00,92,8,84
2018-03-27 09:00:00,23,2,21
2018-03-27 10:00:00,8,2,6
2018-03-27 11:00:00,14,5,9
2018-03-27 12:00:00,12,7,5
2018-03-27 13:00:00,14,4,10
2018-03-27 14:00:00,15,9,6
2018-03-27 15:00:00,15,13,2
2018-03-27 16:00:00,61,50,11
2018-03-27 17:00:00,106,96,10
2018-03-27 18:00:00,66,57,9
2018-03-27 19:00:00,27,24,3
2018-03-27 20:00:00,10,10,0
2018-03-27 21:00:00,6,6,0
2018-03-27 22:00:00,1,1,0
2018-03-27 23:00:00,5,2,3
2018-03-28 00:00:00,0,0,0
2018-03-28 01:00:00,1,1,0
2018-03-28 02:00:00,1,1,0
2018-03-28 03:00:00,0,0,0
2018-03-28 04:00:00,3,1,2
2018-03-28 05:00:00,19,1,18
2018-03-28 06:00:00,67,9,58
2018-03-28 07:00:00,107,12,95
2018-03-28 08:00:00,112,6,106
2018-03-28 09:00:00,37,3,34
2018-03-28 10:00:00,23,7,16
2018-03-28 11:00:00,17,2,15
2018-03-28 12:00:00,15,8,7
2018-03-28 13:00:00,24,13,11
2018-03-28 14:00:00,22,16,6
2018-03-28 15:00:00,41,31,10
2018-03-28 16:00:00,70,60,10
2018-03-28 17:00:00,134,116,18
2018-03-28 18:00:00,79,65,14
2018-03-28 19:00:00,25,24,1
2018-03-28 20:00:00,14,9,5
2018-03-28 21:00:00,12,12,0
2018-03-28 22:00:00,7,5,2
2018-03-28 23:00:00,4,4,0
2018-03-29 00:00:00,4,1,3
2018-03-29 01:00:00,2,1,1
2018-03-29 02:00:00,1,1,0
2018-03-29 03:00:00,0,0,0
2018-03-29 04:00:00,3,1,2
2018-03-29 05:00:00,22,4,18
2018-03-29 06:00:00,69,5,64
2018-03-29 07:00:00,96,8,88
2018-03-29 08:00:00,91,7,84
2018-03-29 09:00:00,53,3,50
2018-03-29 10:00:00,20,5,15
2018-03-29 11:00:00,14,7,7
2018-03-29 12:00:00,26,12,14
2018-03-29 13:00:00,18,5,13
2018-03-29 14:00:00,32,20,12
2018-03-29 15:00:00,34,22,12
2018-03-29 16:00:00,83,61,22
2018-03-29 17:00:00,130,115,15
2018-03-29 18:00:00,74,62,12
2018-03-29 19:00:00,40,33,7
2018-03-29 20:00:00,42,38,4
2018-03-29 21:00:00,13,8,5
2018-03-29 22:00:00,33,11,22
2018-03-29 23:00:00,5,4,1
2018-03-30 00:00:00,4,4,0
2018-03-30 01:00:00,3,1,2
2018-03-30 02:00:00,0,0,0
2018-03-30 03:00:00,2,0,2
2018-03-30 04:00:00,4,2,2
2018-03-30 05:00:00,22,4,18
2018-03-30 06:00:00,37,4,33
2018-03-30 07:00:00,82,10,72
2018-03-30 08:00:00,83,7,76
2018-03-30 09:00:00,44,6,38
2018-03-30 10:00:00,26,11,15
2018-03-30 11:00:00,20,9,11
2018-03-30 12:00:00,24,10,14
2018-03-30 13:00:00,22,12,10
2018-03-30 14:00:00,34,17,17
2018-03-30 15:00:00,46,29,17
2018-03-30 16:00:00,99,83,16
2018-03-30 17:00:00,86,71,15
2018-03-30 18:00:00,55,47,8
2018-03-30 19:00:00,24,23,1
2018-03-30 20:00:00,8,4,4
2018-03-30 21:00:00,5,5,0
2018-03-30 22:00:00,9,5,4
2018-03-30 23:00:00,3,2,1
2018-03-31 00:00:00,3,2,1
2018-03-31 01:00:00,5,3,2
2018-03-31 02:00:00,2,1,1
2018-03-31 03:00:00,3,1,2
2018-03-31 04:00:00,1,1,0
2018-03-31 05:00:00,2,0,2
2018-03-31 06:00:00,9,1,8
2018-03-31 07:00:00,13,8,5
2018-03-31 08:00:00,29,7,22
2018-03-31 09:00:00,28,10,18
2018-03-31 10:00:00,54,26,28
2018-03-31 11:00:00,57,30,27
2018-03-31 12:00:00,58,26,32
2018-03-31 13:00:00,63,33,30
2018-03-31 14:00:00,40,18,22
2018-03-31 15:00:00,73,42,31
2018-03-31 16:00:00,78,37,41
2018-03-31 17:00:00,57,38,19
2018-03-31 18:00:00,33,17,16
2018-03-31 19:00:00,10,5,5
2018-03-31 20:00:00,9,7,2
2018-03-31 21:00:00,17,13,4
2018-03-31 22:00:00,9,6,3
2018-03-31 23:00:00,3,2,1
2018-04-01 00:00:00,4,2,2
2018-04-01 01:00:00,3,1,2
2018-04-01 02:00:00,2,2,0
2018-04-01 03:00:00,2,2,0
2018-04-01 04:00:00,3,1,2
2018-04-01 05:00:00,3,1,2
2018-04-01 06:00:00,3,2,1
2018-04-01 07:00:00,3,1,2
2018-04-01 08:00:00,11,5,6
2018-04-01 09:00:00,8,1,7
2018-04-01 10:00:00,6,4,2
2018-04-01 11:00:00,9,6,3
2018-04-01 12:00:00,13,4,9
2018-04-01 13:00:00,9,3,6
2018-04-01 14:00:00,19,13,6
2018-04-01 15:00:00,20,10,10
2018-04-01 16:00:00,19,12,7
2018-04-01 17:00:00,11,3,8
2018-04-01 18:00:00,7,6,1
2018-04-01 19:00:00,7,4,3
2018-04-01 20:00:00,3,3,0
2018-04-01 21:00:00,0,0,0
2018-04-01 22:00:00,1,1,0
2018-04-01 23:00:00,2,1,1
2018-04-02 00:00:00,0,0,0
2018-04-02 01:00:00,1,1,0
2018-04-02 02:00:00,0,0,0
2018-04-02 03:00:00,0,0,0
2018-04-02 04:00:00,6,2,4
2018-04-02 05:00:00,26,2,24
2018-04-02 06:00:00,62,8,54
2018-04-02 07:00:00,129,12,117
2018-04-02 08:00:00,128,9,119
2018-04-02 09:00:00,38,3,35
2018-04-02 10:00:00,20,3,17
2018-04-02 11:00:00,20,7,13
2018-04-02 12:00:00,25,17,8
2018-04-02 13:00:00,21,8,13
2018-04-02 14:00:00,22,10,12
2018-04-02 15:00:00,42,32,10
2018-04-02 16:00:00,96,79,17
2018-04-02 17:00:00,147,136,11
2018-04-02 18:00:00,78,67,11
2018-04-02 19:00:00,31,26,5
2018-04-02 20:00:00,17,9,8
2018-04-02 21:00:00,10,8,2
2018-04-02 22:00:00,6,6,0
2018-04-02 23:00:00,5,1,4
2018-04-03 00:00:00,1,0,1
2018-04-03 01:00:00,0,0,0
2018-04-03 02:00:00,1,1,0
2018-04-03 03:00:00,2,1,1
2018-04-03 04:00:00,5,2,3
2018-04-03 05:00:00,31,3,28
2018-04-03 06:00:00,59,9,50
2018-04-03 07:00:00,122,9,113
2018-04-03 08:00:00,117,6,111
2018-04-03 09:00:00,38,4,34
2018-04-03 10:00:00,20,4,16
2018-04-03 11:00:00,14,2,12
2018-04-03 12:00:00,11,6,5
2018-04-03 13:00:00,26,14,12
2018-04-03 14:00:00,23,11,12
2018-04-03 15:00:00,37,27,10
2018-04-03 16:00:00,102,84,18
2018-04-03 17:00:00,141,120,21
2018-04-03 18:00:00,85,73,12
2018-04-03 19:00:00,23,20,3
2018-04-03 20:00:00,11,8,3
2018-04-03 21:00:00,6,4,2
2018-04-03 22:00:00,7,6,1
2018-04-03 23:00:00,3,2,1
2018-04-04 00:00:00,1,0,1
2018-04-04 01:00:00,1,1,0
2018-04-04 02:00:00,1,0,1
2018-04-04 03:00:00,1,1,0
2018-04-04 04:00:00,3,2,1
2018-04-04 05:00:00,24,2,22
2018-04-04 06:00:00,39,5,34
2018-04-04 07:00:00,64,4,60
2018-04-04 08:00:00,99,6,93
2018-04-04 09:00:00,29,1,28
2018-04-04 10:00:00,8,1,7
2018-04-04 11:00:00,12,6,6
2018-04-04 12:00:00,8,5,3
2018-04-04 13:00:00,7,3,4
2018-04-04 14:00:00,6,4,2
2018-04-04 15:00:00,14,11,3
2018-04-04 16:00:00,63,52,11
2018-04-04 17:00:00,83,76,7
2018-04-04 18:00:00,58,56,2
2018-04-04 19:00:00,20,20,0
2018-04-04 20:00:00,13,9,4
2018-04-04 21:00:00,6,3,3
2018-04-04 22:00:00,2,1,1
2018-04-04 23:00:00,3,2,1
2018-04-05 00:00:00,2,2,0
2018-04-05 01:00:00,3,1,2
2018-04-05 02:00:00,3,3,0
2018-04-05 03:00:00,1,1,0
2018-04-05 04:00:00,3,1,2
2018-04-05 05:00:00,19,1,18
2018-04-05 06:00:00,26,2,24
2018-04-05 07:00:00,82,8,74
2018-04-05 08:00:00,81,4,77
2018-04-05 09:00:00,25,5,20
2018-04-05 10:00:00,10,0,10
2018-04-05 11:00:00,6,2,4
2018-04-05 12:00:00,4,2,2
2018-04-05 13:00:00,6,2,4
2018-04-05 14:00:00,14,7,7
2018-04-05 15:00:00,20,16,4
2018-04-05 16:00:00,54,42,12
2018-04-05 17:00:00,82,77,5
2018-04-05 18:00:00,47,42,5
2018-04-05 19:00:00,26,21,5
2018-04-05 20:00:00,14,11,3
2018-04-05 21:00:00,13,11,2
2018-04-05 22:00:00,8,8,0
2018-04-05 23:00:00,3,1,2
2018-04-06 00:00:00,1,1,0
2018-04-06 01:00:00,1,0,1
2018-04-06 02:00:00,1,1,0
2018-04-06 03:00:00,0,0,0
2018-04-06 04:00:00,4,1,3
2018-04-06 05:00:00,17,2,15
2018-04-06 06:00:00,39,3,36
2018-04-06 07:00:00,88,12,76
2018-04-06 08:00:00,87,5,82
2018-04-06 09:00:00,32,3,29
2018-04-06 10:00:00,18,6,12
2018-04-06 11:00:00,8,0,8
2018-04-06 12:00:00,20,7,13
2018-04-06 13:00:00,26,13,13
2018-04-06 14:00:00,25,18,7
2018-04-06 15:00:00,52,40,12
2018-04-06 16:00:00,98,77,21
2018-04-06 17:00:00,122,101,21
2018-04-06 18:00:00,70,61,9
2018-04-06 19:00:00,31,15,16
2018-04-06 20:00:00,23,14,9
2018-04-06 21:00:00,9,3,6
2018-04-06 22:00:00,7,6,1
2018-04-06 23:00:00,4,2,2
2018-04-07 00:00:00,3,2,1
2018-04-07 01:00:00,3,2,1
2018-04-07 02:00:00,5,4,1
2018-04-07 03:00:00,1,1,0
2018-04-07 04:00:00,1,1,0
2018-04-07 05:00:00,0,0,0
2018-04-07 06:00:00,0,0,0
2018-04-07 07:00:00,0,0,0
2018-04-07 08:00:00,0,0,0
2018-04-07 09:00:00,0,0,0
2018-04-07 10:00:00,0,0,0
2018-04-07 11:00:00,0,0,0
2018-04-07 12:00:00,0,0,0
2018-04-07 13:00:00,0,0,0
2018-04-07 14:00:00,0,0,0
2018-04-07 15:00:00,0,0,0
2018-04-07 16:00:00,0,0,0
2018-04-07 17:00:00,0,0,0
2018-04-07 18:00:00,0,0,0
2018-04-07 19:00:00,7,4,3
2018-04-07 20:00:00,3,1,2
2018-04-07 21:00:00,2,0,2
2018-04-07 22:00:00,1,1,0
2018-04-07 23:00:00,3,2,1
2018-04-08 00:00:00,2,1,1
2018-04-08 01:00:00,1,1,0
2018-04-08 02:00:00,0,0,0
2018-04-08 03:00:00,0,0,0
2018-04-08 04:00:00,1,0,1
2018-04-08 05:00:00,5,0,5
2018-04-08 06:00:00,74,7,67
2018-04-08 07:00:00,63,5,58
2018-04-08 08:00:00,90,29,61
2018-04-08 09:00:00,86,78,8
2018-04-08 10:00:00,73,61,12
2018-04-08 11:00:00,14,14,0
2018-04-08 12:00:00,4,2,2
2018-04-08 13:00:00,3,3,0
2018-04-08 14:00:00,0,0,0
2018-04-08 15:00:00,0,0,0
2018-04-08 16:00:00,1,1,0
2018-04-08 17:00:00,4,2,2
2018-04-08 18:00:00,4,3,1
2018-04-08 19:00:00,5,1,4
2018-04-08 20:00:00,6,4,2
2018-04-08 21:00:00,2,1,1
2018-04-08 22:00:00,4,4,0
2018-04-08 23:00:00,2,2,0
2018-04-09 00:00:00,5,3,2
2018-04-09 01:00:00,0,0,0
2018-04-09 02:00:00,0,0,0
2018-04-09 03:00:00,0,0,0
2018-04-09 04:00:00,0,0,0
2018-04-09 05:00:00,0,0,0
2018-04-09 06:00:00,0,0,0
2018-04-09 07:00:00,0,0,0
2018-04-09 08:00:00,0,0,0
2018-04-09 09:00:00,0,0,0
2018-04-09 10:00:00,0,0,0
2018-04-09 11:00:00,0,0,0
2018-04-09 12:00:00,0,0,0
2018-04-09 13:00:00,0,0,0
2018-04-09 14:00:00,0,0,0
2018-04-09 15:00:00,0,0,0
2018-04-09 16:00:00,0,0,0
2018-04-09 17:00:00,0,0,0
2018-04-09 18:00:00,0,0,0
2018-04-09 19:00:00,0,0,0
2018-04-09 20:00:00,0,0,0
2018-04-09 21:00:00,1,1,0
2018-04-09 22:00:00,10,7,3
2018-04-09 23:00:00,6,4,2
2018-04-10 00:00:00,1,1,0
2018-04-10 01:00:00,2,1,1
2018-04-10 02:00:00,0,0,0
2018-04-10 03:00:00,0,0,0
2018-04-10 04:00:00,6,2,4
2018-04-10 05:00:00,23,4,19
2018-04-10 06:00:00,38,5,33
2018-04-10 07:00:00,65,8,57
2018-04-10 08:00:00,62,3,59
2018-04-10 09:00:00,25,3,22
2018-04-10 10:00:00,8,2,6
2018-04-10 11:00:00,9,4,5
2018-04-10 12:00:00,9,2,7
2018-04-10 13:00:00,15,5,10
2018-04-10 14:00:00,17,8,9
2018-04-10 15:00:00,17,14,3
2018-04-10 16:00:00,55,40,15
2018-04-10 17:00:00,93,78,15
2018-04-10 18:00:00,66,55,11
2018-04-10 19:00:00,37,24,13
2018-04-10 20:00:00,12,8,4
2018-04-10 21:00:00,9,6,3
2018-04-10 22:00:00,4,3,1
2018-04-10 23:00:00,6,4,2
2018-04-11 00:00:00,1,0,1
2018-04-11 01:00:00,2,0,2
2018-04-11 02:00:00,3,0,3
2018-04-11 03:00:00,0,0,0
2018-04-11 04:00:00,2,1,1
2018-04-11 05:00:00,22,4,18
2018-04-11 06:00:00,47,4,43
2018-04-11 07:00:00,96,14,82
2018-04-11 08:00:00,88,8,80
2018-04-11 09:00:00,33,6,27
2018-04-11 10:00:00,18,1,17
2018-04-11 11:00:00,10,5,5
2018-04-11 12:00:00,6,2,4
2018-04-11 13:00:00,8,7,1
2018-04-11 14:00:00,14,6,8
2018-04-11 15:00:00,19,15,4
2018-04-11 16:00:00,58,44,14
2018-04-11 17:00:00,84,80,4
2018-04-11 18:00:00,47,46,1
2018-04-11 19:00:00,24,23,1
2018-04-11 20:00:00,14,10,4
2018-04-11 21:00:00,9,7,2
2018-04-11 22:00:00,2,2,0
2018-04-11 23:00:00,0,0,0
2018-04-12 00:00:00,1,1,0
2018-04-12 01:00:00,2,1,1
2018-04-12 02:00:00,2,0,2
2018-04-12 03:00:00,4,2,2
2018-04-12 04:00:00,2,1,1
2018-04-12 05:00:00,20,4,16
2018-04-12 06:00:00,42,2,40
2018-04-12 07:00:00,91,9,82
2018-04-12 08:00:00,86,7,79
2018-04-12 09:00:00,37,2,35
2018-04-12 10:00:00,7,3,4
2018-04-12 11:00:00,10,4,6
2018-04-12 12:00:00,3,1,2
2018-04-12 13:00:00,9,2,7
2018-04-12 14:00:00,12,6,6
2018-04-12 15:00:00,24,21,3
2018-04-12 16:00:00,62,54,8
2018-04-12 17:00:00,109,97,12
2018-04-12 18:00:00,60,55,5
2018-04-12 19:00:00,28,19,9
2018-04-12 20:00:00,14,12,2
2018-04-12 21:00:00,7,4,3
2018-04-12 22:00:00,7,4,3
2018-04-12 23:00:00,1,1,0
2018-04-13 00:00:00,3,3,0
2018-04-13 01:00:00,1,0,1
2018-04-13 02:00:00,2,2,0
2018-04-13 03:00:00,0,0,0
2018-04-13 04:00:00,3,1,2
2018-04-13 05:00:00,19,5,14
2018-04-13 06:00:00,23,4,19
2018-04-13 07:00:00,53,5,48
2018-04-13 08:00:00,63,10,53
2018-04-13 09:00:00,28,3,25
2018-04-13 10:00:00,7,1,6
2018-04-13 11:00:00,5,1,4
2018-04-13 12:00:00,9,4,5
2018-04-13 13:00:00,11,7,4
2018-04-13 14:00:00,14,8,6
2018-04-13 15:00:00,19,13,6
2018-04-13 16:00:00,35,30,5
2018-04-13 17:00:00,44,35,9
2018-04-13 18:00:00,38,34,4
2018-04-13 19:00:00,14,10,4
2018-04-13 20:00:00,6,5,1
2018-04-13 21:00:00,3,3,0
2018-04-13 22:00:00,3,3,0
2018-04-13 23:00:00,0,0,0
2018-04-14 00:00:00,3,1,2
2018-04-14 01:00:00,3,3,0
2018-04-14 02:00:00,0,0,0
2018-04-14 03:00:00,1,1,0
2018-04-14 04:00:00,1,1,0
2018-04-14 05:00:00,1,0,1
2018-04-14 06:00:00,6,3,3
2018-04-14 07:00:00,5,3,2
2018-04-14 08:00:00,1,0,1
2018-04-14 09:00:00,12,2,10
2018-04-14 10:00:00,8,5,3
2018-04-14 11:00:00,29,10,19
2018-04-14 12:00:00,12,5,7
2018-04-14 13:00:00,11,4,7
2018-04-14 14:00:00,8,2,6
2018-04-14 15:00:00,9,7,2
2018-04-14 16:00:00,3,3,0
2018-04-14 17:00:00,3,2,1
2018-04-14 18:00:00,4,4,0
2018-04-14 19:00:00,1,1,0
2018-04-14 20:00:00,1,1,0
2018-04-14 21:00:00,5,2,3
2018-04-14 22:00:00,3,2,1
2018-04-14 23:00:00,3,3,0
2018-04-15 00:00:00,2,0,2
2018-04-15 01:00:00,3,1,2
2018-04-15 02:00:00,2,1,1
2018-04-15 03:00:00,0,0,0
2018-04-15 04:00:00,0,0,0
2018-04-15 05:00:00,1,0,1
2018-04-15 06:00:00,2,1,1
2018-04-15 07:00:00,6,0,6
2018-04-15 08:00:00,19,3,16
2018-04-15 09:00:00,17,7,10
2018-04-15 10:00:00,38,21,17
2018-04-15 11:00:00,45,20,25
2018-04-15 12:00:00,45,17,28
2018-04-15 13:00:00,42,24,18
2018-04-15 14:00:00,23,13,10
2018-04-15 15:00:00,11,6,5
2018-04-15 16:00:00,17,8,9
2018-04-15 17:00:00,10,7,3
2018-04-15 18:00:00,4,1,3
2018-04-15 19:00:00,3,2,1
2018-04-15 20:00:00,3,3,0
2018-04-15 21:00:00,2,1,1
2018-04-15 22:00:00,1,0,1
2018-04-15 23:00:00,0,0,0
2018-04-16 00:00:00,0,0,0
2018-04-16 01:00:00,1,0,1
2018-04-16 02:00:00,0,0,0
2018-04-16 03:00:00,0,0,0
2018-04-16 04:00:00,1,0,1
2018-04-16 05:00:00,18,1,17
2018-04-16 06:00:00,51,9,42
2018-04-16 07:00:00,85,9,76
2018-04-16 08:00:00,81,8,73
2018-04-16 09:00:00,34,4,30
2018-04-16 10:00:00,11,3,8
2018-04-16 11:00:00,5,2,3
2018-04-16 12:00:00,8,4,4
2018-04-16 13:00:00,8,3,5
2018-04-16 14:00:00,11,5,6
2018-04-16 15:00:00,25,21,4
2018-04-16 16:00:00,53,40,13
2018-04-16 17:00:00,88,76,12
2018-04-16 18:00:00,58,53,5
2018-04-16 19:00:00,16,13,3
2018-04-16 20:00:00,10,7,3
2018-04-16 21:00:00,4,4,0
2018-04-16 22:00:00,4,3,1
2018-04-16 23:00:00,0,0,0
2018-04-17 00:00:00,1,1,0
2018-04-17 01:00:00,2,1,1
2018-04-17 02:00:00,0,0,0
2018-04-17 03:00:00,3,2,1
2018-04-17 04:00:00,2,1,1
2018-04-17 05:00:00,24,4,20
2018-04-17 06:00:00,58,11,47
2018-04-17 07:00:00,123,13,110
2018-04-17 08:00:00,112,13,99
2018-04-17 09:00:00,53,9,44
2018-04-17 10:00:00,6,4,2
2018-04-17 11:00:00,17,5,12
2018-04-17 12:00:00,13,5,8
2018-04-17 13:00:00,22,9,13
2018-04-17 14:00:00,20,11,9
2018-04-17 15:00:00,55,36,19
2018-04-17 16:00:00,82,69,13
2018-04-17 17:00:00,137,113,24
2018-04-17 18:00:00,81,72,9
2018-04-17 19:00:00,39,32,7
2018-04-17 20:00:00,17,16,1
2018-04-17 21:00:00,14,11,3
2018-04-17 22:00:00,9,7,2
2018-04-17 23:00:00,5,4,1
2018-04-18 00:00:00,4,1,3
2018-04-18 01:00:00,0,0,0
2018-04-18 02:00:00,3,2,1
2018-04-18 03:00:00,3,2,1
2018-04-18 04:00:00,5,1,4
2018-04-18 05:00:00,23,1,22
2018-04-18 06:00:00,75,12,63
2018-04-18 07:00:00,127,13,114
2018-04-18 08:00:00,102,8,94
2018-04-18 09:00:00,63,5,58
2018-04-18 10:00:00,17,5,12
2018-04-18 11:00:00,25,8,17
2018-04-18 12:00:00,17,10,7
2018-04-18 13:00:00,25,11,14
2018-04-18 14:00:00,21,12,9
2018-04-18 15:00:00,48,41,7
2018-04-18 16:00:00,91,68,23
2018-04-18 17:00:00,136,123,13
2018-04-18 18:00:00,92,82,10
2018-04-18 19:00:00,43,32,11
2018-04-18 20:00:00,23,18,5
2018-04-18 21:00:00,11,8,3
2018-04-18 22:00:00,13,11,2
2018-04-18 23:00:00,4,3,1
2018-04-19 00:00:00,4,4,0
2018-04-19 01:00:00,4,2,2
2018-04-19 02:00:00,2,0,2
2018-04-19 03:00:00,3,3,0
2018-04-19 04:00:00,7,1,6
2018-04-19 05:00:00,29,7,22
2018-04-19 06:00:00,61,7,54
2018-04-19 07:00:00,156,20,136
2018-04-19 08:00:00,128,10,118
2018-04-19 09:00:00,50,7,43
2018-04-19 10:00:00,36,9,27
2018-04-19 11:00:00,27,9,18
2018-04-19 12:00:00,28,12,16
2018-04-19 13:00:00,33,15,18
2018-04-19 14:00:00,41,23,18
2018-04-19 15:00:00,55,42,13
2018-04-19 16:00:00,112,76,36
2018-04-19 17:00:00,166,147,19
2018-04-19 18:00:00,128,100,28
2018-04-19 19:00:00,57,41,16
2018-04-19 20:00:00,13,5,8
2018-04-19 21:00:00,17,6,11
2018-04-19 22:00:00,9,6,3
2018-04-19 23:00:00,7,6,1
2018-04-20 00:00:00,2,2,0
2018-04-20 01:00:00,1,1,0
2018-04-20 02:00:00,1,1,0
2018-04-20 03:00:00,0,0,0
2018-04-20 04:00:00,4,1,3
2018-04-20 05:00:00,26,1,25
2018-04-20 06:00:00,49,6,43
2018-04-20 07:00:00,99,5,94
2018-04-20 08:00:00,115,9,106
2018-04-20 09:00:00,50,10,40
2018-04-20 10:00:00,35,8,27
2018-04-20 11:00:00,24,8,16
2018-04-20 12:00:00,24,13,11
2018-04-20 13:00:00,21,16,5
2018-04-20 14:00:00,47,36,11
2018-04-20 15:00:00,61,45,16
2018-04-20 16:00:00,97,80,17
2018-04-20 17:00:00,127,103,24
2018-04-20 18:00:00,60,52,8
2018-04-20 19:00:00,20,15,5
2018-04-20 20:00:00,14,7,7
2018-04-20 21:00:00,4,2,2
2018-04-20 22:00:00,4,2,2
2018-04-20 23:00:00,4,4,0
2018-04-21 00:00:00,1,1,0
2018-04-21 01:00:00,0,0,0
2018-04-21 02:00:00,0,0,0
2018-04-21 03:00:00,1,1,0
2018-04-21 04:00:00,1,1,0
2018-04-21 05:00:00,3,2,1
2018-04-21 06:00:00,14,3,11
2018-04-21 07:00:00,10,5,5
2018-04-21 08:00:00,30,13,17
2018-04-21 09:00:00,33,17,16
2018-04-21 10:00:00,33,15,18
2018-04-21 11:00:00,57,24,33
2018-04-21 12:00:00,81,40,41
2018-04-21 13:00:00,56,32,24
2018-04-21 14:00:00,42,22,20
2018-04-21 15:00:00,30,12,18
2018-04-21 16:00:00,29,15,14
2018-04-21 17:00:00,15,10,5
2018-04-21 18:00:00,16,9,7
2018-04-21 19:00:00,10,3,7
2018-04-21 20:00:00,11,9,2
2018-04-21 21:00:00,4,4,0
2018-04-21 22:00:00,10,5,5
2018-04-21 23:00:00,5,4,1
2018-04-22 00:00:00,2,2,0
2018-04-22 01:00:00,6,2,4
2018-04-22 02:00:00,1,1,0
2018-04-22 03:00:00,0,0,0
2018-04-22 04:00:00,2,1,1
2018-04-22 05:00:00,8,2,6
2018-04-22 06:00:00,11,5,6
2018-04-22 07:00:00,28,20,8
2018-04-22 08:00:00,39,16,23
2018-04-22 09:00:00,32,14,18
2018-04-22 10:00:00,52,17,35
2018-04-22 11:00:00,35,24,11
2018-04-22 12:00:00,60,29,31
2018-04-22 13:00:00,68,29,39
2018-04-22 14:00:00,76,45,31
2018-04-22 15:00:00,89,51,38
2018-04-22 16:00:00,70,33,37
2018-04-22 17:00:00,46,19,27
2018-04-22 18:00:00,21,8,13
2018-04-22 19:00:00,15,8,7
2018-04-22 20:00:00,12,7,5
2018-04-22 21:00:00,8,6,2
2018-04-22 22:00:00,5,3,2
2018-04-22 23:00:00,4,2,2
2018-04-23 00:00:00,2,2,0
2018-04-23 01:00:00,2,0,2
2018-04-23 02:00:00,4,4,0
2018-04-23 03:00:00,0,0,0
2018-04-23 04:00:00,7,1,6
2018-04-23 05:00:00,29,2,27
2018-04-23 06:00:00,87,13,74
2018-04-23 07:00:00,180,20,160
2018-04-23 08:00:00,153,15,138
2018-04-23 09:00:00,72,8,64
2018-04-23 10:00:00,31,14,17
2018-04-23 11:00:00,16,5,11
2018-04-23 12:00:00,31,19,12
2018-04-23 13:00:00,33,20,13
2018-04-23 14:00:00,29,18,11
2018-04-23 15:00:00,55,41,14
2018-04-23 16:00:00,136,110,26
2018-04-23 17:00:00,197,170,27
2018-04-23 18:00:00,123,107,16
2018-04-23 19:00:00,37,29,8
2018-04-23 20:00:00,27,18,9
2018-04-23 21:00:00,11,6,5
2018-04-23 22:00:00,2,0,2
2018-04-23 23:00:00,3,2,1
2018-04-24 00:00:00,0,0,0
2018-04-24 01:00:00,3,2,1
2018-04-24 02:00:00,2,0,2
2018-04-24 03:00:00,2,1,1
2018-04-24 04:00:00,8,3,5
2018-04-24 05:00:00,37,4,33
2018-04-24 06:00:00,105,16,89
2018-04-24 07:00:00,188,19,169
2018-04-24 08:00:00,162,21,141
2018-04-24 09:00:00,56,13,43
2018-04-24 10:00:00,25,6,19
2018-04-24 11:00:00,34,18,16
2018-04-24 12:00:00,17,12,5
2018-04-24 13:00:00,40,28,12
2018-04-24 14:00:00,44,27,17
2018-04-24 15:00:00,83,54,29
2018-04-24 16:00:00,155,118,37
2018-04-24 17:00:00,214,185,29
2018-04-24 18:00:00,145,122,23
2018-04-24 19:00:00,69,56,13
2018-04-24 20:00:00,34,18,16
2018-04-24 21:00:00,21,14,7
2018-04-24 22:00:00,12,8,4
2018-04-24 23:00:00,3,3,0
2018-04-25 00:00:00,0,0,0
2018-04-25 01:00:00,3,2,1
2018-04-25 02:00:00,1,1,0
2018-04-25 03:00:00,0,0,0
2018-04-25 04:00:00,4,1,3
2018-04-25 05:00:00,45,9,36
2018-04-25 06:00:00,97,14,83
2018-04-25 07:00:00,201,24,177
2018-04-25 08:00:00,163,20,143
2018-04-25 09:00:00,60,10,50
2018-04-25 10:00:00,33,10,23
2018-04-25 11:00:00,33,10,23
2018-04-25 12:00:00,31,16,15
2018-04-25 13:00:00,31,11,20
2018-04-25 14:00:00,50,28,22
2018-04-25 15:00:00,71,53,18
2018-04-25 16:00:00,166,134,32
2018-04-25 17:00:00,214,185,29
2018-04-25 18:00:00,137,112,25
2018-04-25 19:00:00,76,63,13
2018-04-25 20:00:00,23,17,6
2018-04-25 21:00:00,22,15,7
2018-04-25 22:00:00,13,8,5
2018-04-25 23:00:00,6,3,3
2018-04-26 00:00:00,6,3,3
2018-04-26 01:00:00,8,4,4
2018-04-26 02:00:00,1,1,0
2018-04-26 03:00:00,2,2,0
2018-04-26 04:00:00,8,2,6
2018-04-26 05:00:00,38,3,35
2018-04-26 06:00:00,109,18,91
2018-04-26 07:00:00,175,22,153
2018-04-26 08:00:00,164,11,153
2018-04-26 09:00:00,81,17,64
2018-04-26 10:00:00,27,6,21
2018-04-26 11:00:00,30,10,20
2018-04-26 12:00:00,35,20,15
2018-04-26 13:00:00,33,17,16
2018-04-26 14:00:00,39,27,12
2018-04-26 15:00:00,89,70,19
2018-04-26 16:00:00,155,123,32
2018-04-26 17:00:00,228,192,36
2018-04-26 18:00:00,157,122,35
2018-04-26 19:00:00,67,40,27
2018-04-26 20:00:00,34,24,10
2018-04-26 21:00:00,16,8,8
2018-04-26 22:00:00,6,4,2
2018-04-26 23:00:00,9,5,4
2018-04-27 00:00:00,8,6,2
2018-04-27 01:00:00,4,2,2
2018-04-27 02:00:00,3,3,0
2018-04-27 03:00:00,1,1,0
2018-04-27 04:00:00,7,1,6
2018-04-27 05:00:00,26,6,20
2018-04-27 06:00:00,60,9,51
2018-04-27 07:00:00,125,13,112
2018-04-27 08:00:00,112,11,101
2018-04-27 09:00:00,44,4,40
2018-04-27 10:00:00,21,8,13
2018-04-27 11:00:00,20,8,12
2018-04-27 12:00:00,22,10,12
2018-04-27 13:00:00,16,12,4
2018-04-27 14:00:00,28,16,12
2018-04-27 15:00:00,61,47,14
2018-04-27 16:00:00,99,80,19
2018-04-27 17:00:00,123,104,19
2018-04-27 18:00:00,80,74,6
2018-04-27 19:00:00,39,30,9
2018-04-27 20:00:00,11,7,4
2018-04-27 21:00:00,5,4,1
2018-04-27 22:00:00,5,1,4
2018-04-27 23:00:00,3,1,2
2018-04-28 00:00:00,3,3,0
2018-04-28 01:00:00,6,5,1
2018-04-28 02:00:00,0,0,0
2018-04-28 03:00:00,2,2,0
2018-04-28 04:00:00,0,0,0
2018-04-28 05:00:00,0,0,0
2018-04-28 06:00:00,2,0,2
2018-04-28 07:00:00,1,0,1
2018-04-28 08:00:00,5,2,3
2018-04-28 09:00:00,12,10,2
2018-04-28 10:00:00,9,2,7
2018-04-28 11:00:00,4,2,2
2018-04-28 12:00:00,10,3,7
2018-04-28 13:00:00,16,5,11
2018-04-28 14:00:00,19,3,16
2018-04-28 15:00:00,22,15,7
2018-04-28 16:00:00,15,7,8
2018-04-28 17:00:00,10,5,5
2018-04-28 18:00:00,5,3,2
2018-04-28 19:00:00,8,5,3
2018-04-28 20:00:00,1,1,0
2018-04-28 21:00:00,2,1,1
2018-04-28 22:00:00,4,2,2
2018-04-28 23:00:00,1,0,1
2018-04-29 00:00:00,1,1,0
2018-04-29 01:00:00,2,2,0
2018-04-29 02:00:00,2,2,0
2018-04-29 03:00:00,1,1,0
2018-04-29 04:00:00,1,0,1
2018-04-29 05:00:00,2,1,1
2018-04-29 06:00:00,5,1,4
2018-04-29 07:00:00,9,2,7
2018-04-29 08:00:00,20,10,10
2018-04-29 09:00:00,33,14,19
2018-04-29 10:00:00,48,26,22
2018-04-29 11:00:00,17,7,10
2018-04-29 12:00:00,20,9,11
2018-04-29 13:00:00,44,19,25
2018-04-29 14:00:00,41,23,18
2018-04-29 15:00:00,26,10,16
2018-04-29 16:00:00,46,29,17
2018-04-29 17:00:00,23,12,11
2018-04-29 18:00:00,12,7,5
2018-04-29 19:00:00,12,8,4
2018-04-29 20:00:00,10,8,2
2018-04-29 21:00:00,6,2,4
2018-04-29 22:00:00,3,1,2
2018-04-29 23:00:00,2,2,0
2018-04-30 00:00:00,1,1,0
2018-04-30 01:00:00,1,1,0
2018-04-30 02:00:00,0,0,0
2018-04-30 03:00:00,0,0,0
2018-04-30 04:00:00,4,0,4
2018-04-30 05:00:00,18,1,17
2018-04-30 06:00:00,90,13,77
2018-04-30 07:00:00,122,15,107
2018-04-30 08:00:00,134,9,125
2018-04-30 09:00:00,49,5,44
2018-04-30 10:00:00,22,5,17
2018-04-30 11:00:00,14,8,6
2018-04-30 12:00:00,14,7,7
2018-04-30 13:00:00,17,8,9
2018-04-30 14:00:00,21,8,13
2018-04-30 15:00:00,47,42,5
2018-04-30 16:00:00,101,79,22
2018-04-30 17:00:00,146,131,15
2018-04-30 18:00:00,98,84,14
2018-04-30 19:00:00,35,30,5
2018-04-30 20:00:00,23,15,8
2018-04-30 21:00:00,10,2,8
2018-04-30 22:00:00,6,6,0
2018-04-30 23:00:00,2,1,1
2018-05-01 00:00:00,2,1,1
2018-05-01 01:00:00,1,0,1
2018-05-01 02:00:00,1,1,0
2018-05-01 03:00:00,2,2,0
2018-05-01 04:00:00,6,2,4
2018-05-01 05:00:00,37,3,34
2018-05-01 06:00:00,103,16,87
2018-05-01 07:00:00,181,18,163
2018-05-01 08:00:00,185,12,173
2018-05-01 09:00:00,54,4,50
2018-05-01 10:00:00,17,3,14
2018-05-01 11:00:00,25,10,15
2018-05-01 12:00:00,26,11,15
2018-05-01 13:00:00,32,17,15
2018-05-01 14:00:00,32,27,5
2018-05-01 15:00:00,81,59,22
2018-05-01 16:00:00,138,114,24
2018-05-01 17:00:00,247,214,33
2018-05-01 18:00:00,120,103,17
2018-05-01 19:00:00,55,50,5
2018-05-01 20:00:00,34,25,9
2018-05-01 21:00:00,17,13,4
2018-05-01 22:00:00,13,6,7
2018-05-01 23:00:00,5,4,1
2018-05-02 00:00:00,3,3,0
2018-05-02 01:00:00,0,0,0
2018-05-02 02:00:00,4,1,3
2018-05-02 03:00:00,1,1,0
2018-05-02 04:00:00,9,2,7
2018-05-02 05:00:00,36,3,33
2018-05-02 06:00:00,121,18,103
2018-05-02 07:00:00,201,25,176
2018-05-02 08:00:00,192,24,168
2018-05-02 09:00:00,67,12,55
2018-05-02 10:00:00,34,5,29
2018-05-02 11:00:00,24,6,18
2018-05-02 12:00:00,26,7,19
2018-05-02 13:00:00,32,16,16
2018-05-02 14:00:00,31,19,12
2018-05-02 15:00:00,88,64,24
2018-05-02 16:00:00,164,126,38
2018-05-02 17:00:00,230,198,32
2018-05-02 18:00:00,142,121,21
2018-05-02 19:00:00,59,49,10
2018-05-02 20:00:00,32,26,6
2018-05-02 21:00:00,25,20,5
2018-05-02 22:00:00,10,8,2
2018-05-02 23:00:00,6,6,0
2018-05-03 00:00:00,2,0,2
2018-05-03 01:00:00,1,1,0
2018-05-03 02:00:00,0,0,0
2018-05-03 03:00:00,2,2,0
2018-05-03 04:00:00,6,1,5
2018-05-03 05:00:00,40,3,37
2018-05-03 06:00:00,103,17,86
2018-05-03 07:00:00,188,14,174
2018-05-03 08:00:00,196,12,184
2018-05-03 09:00:00,67,11,56
2018-05-03 10:00:00,41,7,34
2018-05-03 11:00:00,32,13,19
2018-05-03 12:00:00,20,10,10
2018-05-03 13:00:00,43,25,18
2018-05-03 14:00:00,47,27,20
2018-05-03 15:00:00,82,66,16
2018-05-03 16:00:00,147,113,34
2018-05-03 17:00:00,246,206,40
2018-05-03 18:00:00,170,141,29
2018-05-03 19:00:00,57,38,19
2018-05-03 20:00:00,20,18,2
2018-05-03 21:00:00,16,10,6
2018-05-03 22:00:00,9,6,3
2018-05-03 23:00:00,9,8,1
2018-05-04 00:00:00,2,2,0
2018-05-04 01:00:00,0,0,0
2018-05-04 02:00:00,0,0,0
2018-05-04 03:00:00,0,0,0
2018-05-04 04:00:00,4,1,3
2018-05-04 05:00:00,18,2,16
2018-05-04 06:00:00,98,13,85
2018-05-04 07:00:00,127,11,116
2018-05-04 08:00:00,132,12,120
2018-05-04 09:00:00,40,8,32
2018-05-04 10:00:00,26,10,16
2018-05-04 11:00:00,21,5,16
2018-05-04 12:00:00,28,14,14
2018-05-04 13:00:00,33,21,12
2018-05-04 14:00:00,33,14,19
2018-05-04 15:00:00,75,60,15
2018-05-04 16:00:00,124,88,36
2018-05-04 17:00:00,198,166,32
2018-05-04 18:00:00,106,85,21
2018-05-04 19:00:00,56,40,16
2018-05-04 20:00:00,16,9,7
2018-05-04 21:00:00,13,9,4
2018-05-04 22:00:00,8,6,2
2018-05-04 23:00:00,5,1,4
2018-05-05 00:00:00,15,13,2
2018-05-05 01:00:00,5,4,1
2018-05-05 02:00:00,7,4,3
2018-05-05 03:00:00,2,2,0
2018-05-05 04:00:00,4,3,1
2018-05-05 05:00:00,2,1,1
2018-05-05 06:00:00,14,2,12
2018-05-05 07:00:00,24,7,17
2018-05-05 08:00:00,36,12,24
2018-05-05 09:00:00,51,27,24
2018-05-05 10:00:00,49,20,29
2018-05-05 11:00:00,73,33,40
2018-05-05 12:00:00,84,31,53
2018-05-05 13:00:00,62,36,26
2018-05-05 14:00:00,71,43,28
2018-05-05 15:00:00,68,39,29
2018-05-05 16:00:00,67,40,27
2018-05-05 17:00:00,40,23,17
2018-05-05 18:00:00,36,25,11
2018-05-05 19:00:00,11,9,2
2018-05-05 20:00:00,15,8,7
2018-05-05 21:00:00,4,3,1
2018-05-05 22:00:00,7,6,1
2018-05-05 23:00:00,4,1,3
2018-05-06 00:00:00,7,6,1
2018-05-06 01:00:00,0,0,0
2018-05-06 02:00:00,5,5,0
2018-05-06 03:00:00,3,1,2
2018-05-06 04:00:00,2,1,1
2018-05-06 05:00:00,4,0,4
2018-05-06 06:00:00,8,3,5
2018-05-06 07:00:00,9,3,6
2018-05-06 08:00:00,30,7,23
2018-05-06 09:00:00,52,26,26
2018-05-06 10:00:00,80,35,45
2018-05-06 11:00:00,84,41,43
2018-05-06 12:00:00,95,48,47
2018-05-06 13:00:00,85,48,37
2018-05-06 14:00:00,107,48,59
2018-05-06 15:00:00,76,46,30
2018-05-06 16:00:00,78,43,35
2018-05-06 17:00:00,51,27,24
2018-05-06 18:00:00,35,21,14
2018-05-06 19:00:00,25,12,13
2018-05-06 20:00:00,22,18,4
2018-05-06 21:00:00,8,4,4
2018-05-06 22:00:00,4,1,3
2018-05-06 23:00:00,3,1,2
2018-05-07 00:00:00,5,3,2
2018-05-07 01:00:00,1,0,1
2018-05-07 02:00:00,4,3,1
2018-05-07 03:00:00,0,0,0
2018-05-07 04:00:00,11,2,9
2018-05-07 05:00:00,25,4,21
2018-05-07 06:00:00,95,14,81
2018-05-07 07:00:00,189,24,165
2018-05-07 08:00:00,191,15,176
2018-05-07 09:00:00,58,4,54
2018-05-07 10:00:00,25,6,19
2018-05-07 11:00:00,18,3,15
2018-05-07 12:00:00,25,18,7
2018-05-07 13:00:00,25,10,15
2018-05-07 14:00:00,26,16,10
2018-05-07 15:00:00,61,47,14
2018-05-07 16:00:00,165,134,31
2018-05-07 17:00:00,254,221,33
2018-05-07 18:00:00,129,107,22
2018-05-07 19:00:00,68,57,11
2018-05-07 20:00:00,30,14,16
2018-05-07 21:00:00,22,14,8
2018-05-07 22:00:00,8,4,4
2018-05-07 23:00:00,1,1,0
2018-05-08 00:00:00,3,2,1
2018-05-08 01:00:00,1,0,1
2018-05-08 02:00:00,2,1,1
2018-05-08 03:00:00,1,1,0
2018-05-08 04:00:00,6,2,4
2018-05-08 05:00:00,33,4,29
2018-05-08 06:00:00,133,18,115
2018-05-08 07:00:00,205,23,182
2018-05-08 08:00:00,189,18,171
2018-05-08 09:00:00,63,8,55
2018-05-08 10:00:00,36,13,23
2018-05-08 11:00:00,29,13,16
2018-05-08 12:00:00,26,15,11
2018-05-08 13:00:00,44,28,16
2018-05-08 14:00:00,40,23,17
2018-05-08 15:00:00,75,56,19
2018-05-08 16:00:00,147,118,29
2018-05-08 17:00:00,237,202,35
2018-05-08 18:00:00,115,104,11
2018-05-08 19:00:00,38,35,3
2018-05-08 20:00:00,17,15,2
2018-05-08 21:00:00,17,15,2
2018-05-08 22:00:00,10,7,3
2018-05-08 23:00:00,2,1,1
2018-05-09 00:00:00,0,0,0
2018-05-09 01:00:00,3,2,1
2018-05-09 02:00:00,0,0,0
2018-05-09 03:00:00,0,0,0
2018-05-09 04:00:00,6,1,5
2018-05-09 05:00:00,22,3,19
2018-05-09 06:00:00,101,19,82
2018-05-09 07:00:00,143,18,125
2018-05-09 08:00:00,165,19,146
2018-05-09 09:00:00,58,11,47
2018-05-09 10:00:00,27,5,22
2018-05-09 11:00:00,20,5,15
2018-05-09 12:00:00,24,10,14
2018-05-09 13:00:00,17,9,8
2018-05-09 14:00:00,38,21,17
2018-05-09 15:00:00,62,47,15
2018-05-09 16:00:00,146,112,34
2018-05-09 17:00:00,176,154,22
2018-05-09 18:00:00,120,102,18
2018-05-09 19:00:00,64,54,10
2018-05-09 20:00:00,32,23,9
2018-05-09 21:00:00,14,11,3
2018-05-09 22:00:00,11,5,6
2018-05-09 23:00:00,7,5,2
2018-05-10 00:00:00,3,1,2
2018-05-10 01:00:00,1,0,1
2018-05-10 02:00:00,2,1,1
2018-05-10 03:00:00,5,2,3
2018-05-10 04:00:00,6,2,4
2018-05-10 05:00:00,32,6,26
2018-05-10 06:00:00,77,11,66
2018-05-10 07:00:00,132,10,122
2018-05-10 08:00:00,131,11,120
2018-05-10 09:00:00,41,5,36
2018-05-10 10:00:00,25,8,17
2018-05-10 11:00:00,18,8,10
2018-05-10 12:00:00,15,6,9
2018-05-10 13:00:00,19,14,5
2018-05-10 14:00:00,19,14,5
2018-05-10 15:00:00,44,30,14
2018-05-10 16:00:00,93,79,14
2018-05-10 17:00:00,152,137,15
2018-05-10 18:00:00,94,78,16
2018-05-10 19:00:00,45,38,7
2018-05-10 20:00:00,30,18,12
2018-05-10 21:00:00,14,11,3
2018-05-10 22:00:00,5,5,0
2018-05-10 23:00:00,9,6,3
2018-05-11 00:00:00,3,2,1
2018-05-11 01:00:00,3,3,0
2018-05-11 02:00:00,2,0,2
2018-05-11 03:00:00,2,1,1
2018-05-11 04:00:00,5,2,3
2018-05-11 05:00:00,27,5,22
2018-05-11 06:00:00,89,11,78
2018-05-11 07:00:00,135,10,125
2018-05-11 08:00:00,142,18,124
2018-05-11 09:00:00,70,11,59
2018-05-11 10:00:00,25,11,14
2018-05-11 11:00:00,29,9,20
2018-05-11 12:00:00,32,19,13
2018-05-11 13:00:00,29,24,5
2018-05-11 14:00:00,36,20,16
2018-05-11 15:00:00,91,62,29
2018-05-11 16:00:00,134,102,32
2018-05-11 17:00:00,172,146,26
2018-05-11 18:00:00,120,99,21
2018-05-11 19:00:00,50,34,16
2018-05-11 20:00:00,33,19,14
2018-05-11 21:00:00,11,6,5
2018-05-11 22:00:00,8,5,3
2018-05-11 23:00:00,6,4,2
2018-05-12 00:00:00,4,4,0
2018-05-12 01:00:00,2,1,1
2018-05-12 02:00:00,1,1,0
2018-05-12 03:00:00,3,2,1
2018-05-12 04:00:00,3,2,1
2018-05-12 05:00:00,4,1,3
2018-05-12 06:00:00,18,6,12
2018-05-12 07:00:00,24,14,10
2018-05-12 08:00:00,42,17,25
2018-05-12 09:00:00,60,32,28
2018-05-12 10:00:00,79,46,33
2018-05-12 11:00:00,74,43,31
2018-05-12 12:00:00,109,41,68
2018-05-12 13:00:00,100,38,62
2018-05-12 14:00:00,89,55,34
2018-05-12 15:00:00,90,43,47
2018-05-12 16:00:00,84,39,45
2018-05-12 17:00:00,59,28,31
2018-05-12 18:00:00,32,18,14
2018-05-12 19:00:00,30,11,19
2018-05-12 20:00:00,20,12,8
2018-05-12 21:00:00,7,4,3
2018-05-12 22:00:00,4,2,2
2018-05-12 23:00:00,11,3,8
2018-05-13 00:00:00,5,5,0
2018-05-13 01:00:00,3,1,2
2018-05-13 02:00:00,3,2,1
2018-05-13 03:00:00,3,3,0
2018-05-13 04:00:00,2,1,1
2018-05-13 05:00:00,7,4,3
2018-05-13 06:00:00,11,3,8
2018-05-13 07:00:00,19,4,15
2018-05-13 08:00:00,31,16,15
2018-05-13 09:00:00,56,22,34
2018-05-13 10:00:00,61,35,26
2018-05-13 11:00:00,87,43,44
2018-05-13 12:00:00,85,41,44
2018-05-13 13:00:00,80,44,36
2018-05-13 14:00:00,76,35,41
2018-05-13 15:00:00,64,27,37
2018-05-13 16:00:00,66,41,25
2018-05-13 17:00:00,46,30,16
2018-05-13 18:00:00,51,25,26
2018-05-13 19:00:00,36,24,12
2018-05-13 20:00:00,19,7,12
2018-05-13 21:00:00,22,14,8
2018-05-13 22:00:00,2,1,1
2018-05-13 23:00:00,5,3,2
2018-05-14 00:00:00,1,1,0
2018-05-14 01:00:00,2,1,1
2018-05-14 02:00:00,2,0,2
2018-05-14 03:00:00,2,1,1
2018-05-14 04:00:00,10,1,9
2018-05-14 05:00:00,41,13,28
2018-05-14 06:00:00,102,10,92
2018-05-14 07:00:00,211,13,198
2018-05-14 08:00:00,206,12,194
2018-05-14 09:00:00,85,14,71
2018-05-14 10:00:00,30,9,21
2018-05-14 11:00:00,23,10,13
2018-05-14 12:00:00,23,16,7
2018-05-14 13:00:00,33,21,12
2018-05-14 14:00:00,35,17,18
2018-05-14 15:00:00,79,61,18
2018-05-14 16:00:00,158,117,41
2018-05-14 17:00:00,241,208,33
2018-05-14 18:00:00,157,131,26
2018-05-14 19:00:00,76,61,15
2018-05-14 20:00:00,47,26,21
2018-05-14 21:00:00,17,12,5
2018-05-14 22:00:00,13,7,6
2018-05-14 23:00:00,2,2,0
2018-05-15 00:00:00,2,2,0
2018-05-15 01:00:00,0,0,0
2018-05-15 02:00:00,0,0,0
2018-05-15 03:00:00,2,2,0
2018-05-15 04:00:00,11,1,10
2018-05-15 05:00:00,36,4,32
2018-05-15 06:00:00,129,26,103
2018-05-15 07:00:00,219,22,197
2018-05-15 08:00:00,201,20,181
2018-05-15 09:00:00,64,7,57
2018-05-15 10:00:00,19,8,11
2018-05-15 11:00:00,27,6,21
2018-05-15 12:00:00,26,10,16
2018-05-15 13:00:00,40,24,16
2018-05-15 14:00:00,35,19,16
2018-05-15 15:00:00,66,54,12
2018-05-15 16:00:00,146,122,24
2018-05-15 17:00:00,263,232,31
2018-05-15 18:00:00,165,138,27
2018-05-15 19:00:00,67,50,17
2018-05-15 20:00:00,41,32,9
2018-05-15 21:00:00,19,14,5
2018-05-15 22:00:00,11,9,2
2018-05-15 23:00:00,4,2,2
2018-05-16 00:00:00,1,1,0
2018-05-16 01:00:00,0,0,0
2018-05-16 02:00:00,2,2,0
2018-05-16 03:00:00,0,0,0
2018-05-16 04:00:00,2,0,2
2018-05-16 05:00:00,35,6,29
2018-05-16 06:00:00,97,9,88
2018-05-16 07:00:00,199,16,183
2018-05-16 08:00:00,193,15,178
2018-05-16 09:00:00,58,7,51
2018-05-16 10:00:00,29,10,19
2018-05-16 11:00:00,25,11,14
2018-05-16 12:00:00,32,12,20
2018-05-16 13:00:00,31,9,22
2018-05-16 14:00:00,31,17,14
2018-05-16 15:00:00,69,53,16
2018-05-16 16:00:00,149,130,19
2018-05-16 17:00:00,235,200,35
2018-05-16 18:00:00,145,122,23
2018-05-16 19:00:00,73,51,22
2018-05-16 20:00:00,43,29,14
2018-05-16 21:00:00,17,12,5
2018-05-16 22:00:00,7,6,1
2018-05-16 23:00:00,6,3,3
2018-05-17 00:00:00,2,1,1
2018-05-17 01:00:00,1,0,1
2018-05-17 02:00:00,1,1,0
2018-05-17 03:00:00,1,1,0
2018-05-17 04:00:00,9,4,5
2018-05-17 05:00:00,39,5,34
2018-05-17 06:00:00,85,12,73
2018-05-17 07:00:00,186,13,173
2018-05-17 08:00:00,183,16,167
2018-05-17 09:00:00,57,8,49
2018-05-17 10:00:00,32,7,25
2018-05-17 11:00:00,16,10,6
2018-05-17 12:00:00,26,9,17
2018-05-17 13:00:00,26,15,11
2018-05-17 14:00:00,46,26,20
2018-05-17 15:00:00,69,55,14
2018-05-17 16:00:00,134,102,32
2018-05-17 17:00:00,209,190,19
2018-05-17 18:00:00,146,123,23
2018-05-17 19:00:00,70,49,21
2018-05-17 20:00:00,36,23,13
2018-05-17 21:00:00,21,17,4
2018-05-17 22:00:00,16,11,5
2018-05-17 23:00:00,5,4,1
2018-05-18 00:00:00,5,5,0
2018-05-18 01:00:00,1,0,1
2018-05-18 02:00:00,0,0,0
2018-05-18 03:00:00,0,0,0
2018-05-18 04:00:00,7,2,5
2018-05-18 05:00:00,35,5,30
2018-05-18 06:00:00,109,14,95
2018-05-18 07:00:00,209,24,185
2018-05-18 08:00:00,192,18,174
2018-05-18 09:00:00,69,17,52
2018-05-18 10:00:00,35,11,24
2018-05-18 11:00:00,25,14,11
2018-05-18 12:00:00,39,29,10
2018-05-18 13:00:00,56,24,32
2018-05-18 14:00:00,30,21,9
2018-05-18 15:00:00,67,52,15
2018-05-18 16:00:00,145,123,22
2018-05-18 17:00:00,176,160,16
2018-05-18 18:00:00,121,97,24
2018-05-18 19:00:00,48,35,13
2018-05-18 20:00:00,16,13,3
2018-05-18 21:00:00,14,9,5
2018-05-18 22:00:00,11,7,4
2018-05-18 23:00:00,3,2,1
2018-05-19 00:00:00,9,5,4
2018-05-19 01:00:00,5,4,1
2018-05-19 02:00:00,4,3,1
2018-05-19 03:00:00,2,1,1
2018-05-19 04:00:00,1,0,1
2018-05-19 05:00:00,7,2,5
2018-05-19 06:00:00,13,4,9
2018-05-19 07:00:00,15,5,10
2018-05-19 08:00:00,44,27,17
2018-05-19 09:00:00,35,14,21
2018-05-19 10:00:00,59,30,29
2018-05-19 11:00:00,70,14,56
2018-05-19 12:00:00,72,25,47
2018-05-19 13:00:00,70,41,29
2018-05-19 14:00:00,70,44,26
2018-05-19 15:00:00,67,34,33
2018-05-19 16:00:00,60,35,25
2018-05-19 17:00:00,32,19,13
2018-05-19 18:00:00,31,16,15
2018-05-19 19:00:00,15,13,2
2018-05-19 20:00:00,2,2,0
2018-05-19 21:00:00,16,9,7
2018-05-19 22:00:00,7,6,1
2018-05-19 23:00:00,7,2,5
2018-05-20 00:00:00,2,1,1
2018-05-20 01:00:00,2,1,1
2018-05-20 02:00:00,4,4,0
2018-05-20 03:00:00,3,0,3
2018-05-20 04:00:00,1,1,0
2018-05-20 05:00:00,0,0,0
2018-05-20 06:00:00,15,6,9
2018-05-20 07:00:00,14,6,8
2018-05-20 08:00:00,25,13,12
2018-05-20 09:00:00,40,16,24
2018-05-20 10:00:00,31,14,17
2018-05-20 11:00:00,68,33,35
2018-05-20 12:00:00,78,46,32
2018-05-20 13:00:00,61,32,29
2018-05-20 14:00:00,61,31,30
2018-05-20 15:00:00,61,31,30
2018-05-20 16:00:00,64,34,30
2018-05-20 17:00:00,49,25,24
2018-05-20 18:00:00,36,16,20
2018-05-20 19:00:00,26,14,12
2018-05-20 20:00:00,13,3,10
2018-05-20 21:00:00,3,2,1
2018-05-20 22:00:00,0,0,0
2018-05-20 23:00:00,3,1,2
2018-05-21 00:00:00,2,0,2
2018-05-21 01:00:00,4,1,3
2018-05-21 02:00:00,2,1,1
2018-05-21 03:00:00,1,1,0
2018-05-21 04:00:00,11,1,10
2018-05-21 05:00:00,35,7,28
2018-05-21 06:00:00,99,19,80
2018-05-21 07:00:00,167,18,149
2018-05-21 08:00:00,179,9,170
2018-05-21 09:00:00,57,6,51
2018-05-21 10:00:00,26,6,20
2018-05-21 11:00:00,25,7,18
2018-05-21 12:00:00,26,13,13
2018-05-21 13:00:00,39,21,18
2018-05-21 14:00:00,28,15,13
2018-05-21 15:00:00,61,44,17
2018-05-21 16:00:00,154,120,34
2018-05-21 17:00:00,215,197,18
2018-05-21 18:00:00,126,112,14
2018-05-21 19:00:00,53,42,11
2018-05-21 20:00:00,33,22,11
2018-05-21 21:00:00,16,10,6
2018-05-21 22:00:00,7,4,3
2018-05-21 23:00:00,7,5,2
2018-05-22 00:00:00,5,4,1
2018-05-22 01:00:00,2,1,1
2018-05-22 02:00:00,0,0,0
2018-05-22 03:00:00,3,2,1
2018-05-22 04:00:00,10,2,8
2018-05-22 05:00:00,41,5,36
2018-05-22 06:00:00,115,18,97
2018-05-22 07:00:00,161,15,146
2018-05-22 08:00:00,234,19,215
2018-05-22 09:00:00,61,9,52
2018-05-22 10:00:00,34,10,24
2018-05-22 11:00:00,32,18,14
2018-05-22 12:00:00,35,13,22
2018-05-22 13:00:00,28,12,16
2018-05-22 14:00:00,46,28,18
2018-05-22 15:00:00,63,49,14
2018-05-22 16:00:00,166,135,31
2018-05-22 17:00:00,232,203,29
2018-05-22 18:00:00,164,138,26
2018-05-22 19:00:00,64,54,10
2018-05-22 20:00:00,41,29,12
2018-05-22 21:00:00,14,9,5
2018-05-22 22:00:00,21,15,6
2018-05-22 23:00:00,10,8,2
2018-05-23 00:00:00,6,3,3
2018-05-23 01:00:00,2,1,1
2018-05-23 02:00:00,2,2,0
2018-05-23 03:00:00,2,1,1
2018-05-23 04:00:00,5,2,3
2018-05-23 05:00:00,40,8,32
2018-05-23 06:00:00,103,20,83
2018-05-23 07:00:00,182,22,160
2018-05-23 08:00:00,205,18,187
2018-05-23 09:00:00,62,15,47
2018-05-23 10:00:00,33,8,25
2018-05-23 11:00:00,27,12,15
2018-05-23 12:00:00,30,13,17
2018-05-23 13:00:00,37,15,22
2018-05-23 14:00:00,48,34,14
2018-05-23 15:00:00,71,51,20
2018-05-23 16:00:00,172,127,45
2018-05-23 17:00:00,250,221,29
2018-05-23 18:00:00,140,116,24
2018-05-23 19:00:00,58,43,15
2018-05-23 20:00:00,54,30,24
2018-05-23 21:00:00,19,11,8
2018-05-23 22:00:00,12,7,5
2018-05-23 23:00:00,8,6,2
2018-05-24 00:00:00,5,3,2
2018-05-24 01:00:00,4,2,2
2018-05-24 02:00:00,3,3,0
2018-05-24 03:00:00,1,1,0
2018-05-24 04:00:00,10,4,6
2018-05-24 05:00:00,34,4,30
2018-05-24 06:00:00,89,12,77
2018-05-24 07:00:00,165,14,151
2018-05-24 08:00:00,140,8,132
2018-05-24 09:00:00,54,11,43
2018-05-24 10:00:00,48,19,29
2018-05-24 11:00:00,30,13,17
2018-05-24 12:00:00,15,6,9
2018-05-24 13:00:00,26,13,13
2018-05-24 14:00:00,44,29,15
2018-05-24 15:00:00,54,41,13
2018-05-24 16:00:00,122,101,21
2018-05-24 17:00:00,201,181,20
2018-05-24 18:00:00,124,98,26
2018-05-24 19:00:00,72,58,14
2018-05-24 20:00:00,59,49,10
2018-05-24 21:00:00,33,20,13
2018-05-24 22:00:00,27,5,22
2018-05-24 23:00:00,9,4,5
2018-05-25 00:00:00,2,2,0
2018-05-25 01:00:00,2,2,0
2018-05-25 02:00:00,3,3,0
2018-05-25 03:00:00,5,3,2
2018-05-25 04:00:00,8,1,7
2018-05-25 05:00:00,30,2,28
2018-05-25 06:00:00,76,13,63
2018-05-25 07:00:00,151,12,139
2018-05-25 08:00:00,139,16,123
2018-05-25 09:00:00,59,8,51
2018-05-25 10:00:00,34,11,23
2018-05-25 11:00:00,24,7,17
2018-05-25 12:00:00,43,28,15
2018-05-25 13:00:00,47,28,19
2018-05-25 14:00:00,57,42,15
2018-05-25 15:00:00,84,66,18
2018-05-25 16:00:00,129,104,25
2018-05-25 17:00:00,125,104,21
2018-05-25 18:00:00,88,69,19
2018-05-25 19:00:00,41,35,6
2018-05-25 20:00:00,22,11,11
2018-05-25 21:00:00,17,13,4
2018-05-25 22:00:00,13,8,5
2018-05-25 23:00:00,7,5,2
2018-05-26 00:00:00,7,7,0
2018-05-26 01:00:00,4,4,0
2018-05-26 02:00:00,3,2,1
2018-05-26 03:00:00,1,0,1
2018-05-26 04:00:00,4,4,0
2018-05-26 05:00:00,5,1,4
2018-05-26 06:00:00,14,6,8
2018-05-26 07:00:00,22,4,18
2018-05-26 08:00:00,46,17,29
2018-05-26 09:00:00,41,20,21
2018-05-26 10:00:00,63,32,31
2018-05-26 11:00:00,62,33,29
2018-05-26 12:00:00,71,32,39
2018-05-26 13:00:00,82,31,51
2018-05-26 14:00:00,51,25,26
2018-05-26 15:00:00,53,26,27
2018-05-26 16:00:00,77,47,30
2018-05-26 17:00:00,38,21,17
2018-05-26 18:00:00,31,21,10
2018-05-26 19:00:00,17,8,9
2018-05-26 20:00:00,23,15,8
2018-05-26 21:00:00,16,12,4
2018-05-26 22:00:00,7,3,4
2018-05-26 23:00:00,4,2,2
2018-05-27 00:00:00,6,4,2
2018-05-27 01:00:00,9,8,1
2018-05-27 02:00:00,2,2,0
2018-05-27 03:00:00,0,0,0
2018-05-27 04:00:00,2,2,0
2018-05-27 05:00:00,7,4,3
2018-05-27 06:00:00,7,2,5
2018-05-27 07:00:00,17,9,8
2018-05-27 08:00:00,29,8,21
2018-05-27 09:00:00,47,17,30
2018-05-27 10:00:00,60,30,30
2018-05-27 11:00:00,68,38,30
2018-05-27 12:00:00,80,37,43
2018-05-27 13:00:00,63,24,39
2018-05-27 14:00:00,91,38,53
2018-05-27 15:00:00,63,43,20
2018-05-27 16:00:00,84,43,41
2018-05-27 17:00:00,39,15,24
2018-05-27 18:00:00,46,31,15
2018-05-27 19:00:00,37,24,13
2018-05-27 20:00:00,23,20,3
2018-05-27 21:00:00,15,11,4
2018-05-27 22:00:00,4,1,3
2018-05-27 23:00:00,1,0,1
2018-05-28 00:00:00,5,0,5
2018-05-28 01:00:00,3,2,1
2018-05-28 02:00:00,1,1,0
2018-05-28 03:00:00,2,1,1
2018-05-28 04:00:00,0,0,0
2018-05-28 05:00:00,9,2,7
2018-05-28 06:00:00,11,2,9
2018-05-28 07:00:00,13,5,8
2018-05-28 08:00:00,35,23,12
2018-05-28 09:00:00,56,27,29
2018-05-28 10:00:00,59,27,32
2018-05-28 11:00:00,62,36,26
2018-05-28 12:00:00,71,31,40
2018-05-28 13:00:00,77,40,37
2018-05-28 14:00:00,77,40,37
2018-05-28 15:00:00,74,29,45
2018-05-28 16:00:00,68,39,29
2018-05-28 17:00:00,47,29,18
2018-05-28 18:00:00,28,16,12
2018-05-28 19:00:00,33,23,10
2018-05-28 20:00:00,14,9,5
2018-05-28 21:00:00,7,5,2
2018-05-28 22:00:00,3,3,0
2018-05-28 23:00:00,4,3,1
2018-05-29 00:00:00,4,3,1
2018-05-29 01:00:00,4,1,3
2018-05-29 02:00:00,0,0,0
2018-05-29 03:00:00,1,1,0
2018-05-29 04:00:00,6,1,5
2018-05-29 05:00:00,38,2,36
2018-05-29 06:00:00,84,12,72
2018-05-29 07:00:00,181,14,167
2018-05-29 08:00:00,178,10,168
2018-05-29 09:00:00,56,10,46
2018-05-29 10:00:00,20,5,15
2018-05-29 11:00:00,26,11,15
2018-05-29 12:00:00,29,13,16
2018-05-29 13:00:00,32,20,12
2018-05-29 14:00:00,31,16,15
2018-05-29 15:00:00,54,42,12
2018-05-29 16:00:00,136,116,20
2018-05-29 17:00:00,216,182,34
2018-05-29 18:00:00,133,119,14
2018-05-29 19:00:00,39,36,3
2018-05-29 20:00:00,24,18,6
2018-05-29 21:00:00,16,11,5
2018-05-29 22:00:00,8,5,3
2018-05-29 23:00:00,6,5,1
2018-05-30 00:00:00,4,3,1
2018-05-30 01:00:00,4,4,0
2018-05-30 02:00:00,1,0,1
2018-05-30 03:00:00,1,1,0
2018-05-30 04:00:00,7,2,5
2018-05-30 05:00:00,33,4,29
2018-05-30 06:00:00,126,14,112
2018-05-30 07:00:00,193,15,178
2018-05-30 08:00:00,182,17,165
2018-05-30 09:00:00,59,9,50
2018-05-30 10:00:00,29,8,21
2018-05-30 11:00:00,25,9,16
2018-05-30 12:00:00,38,19,19
2018-05-30 13:00:00,24,9,15
2018-05-30 14:00:00,42,21,21
2018-05-30 15:00:00,62,51,11
2018-05-30 16:00:00,157,129,28
2018-05-30 17:00:00,247,226,21
2018-05-30 18:00:00,130,114,16
2018-05-30 19:00:00,74,64,10
2018-05-30 20:00:00,31,20,11
2018-05-30 21:00:00,20,9,11
2018-05-30 22:00:00,26,15,11
2018-05-30 23:00:00,11,5,6
2018-05-31 00:00:00,1,1,0
2018-05-31 01:00:00,4,2,2
2018-05-31 02:00:00,4,2,2
2018-05-31 03:00:00,5,3,2
2018-05-31 04:00:00,6,2,4
2018-05-31 05:00:00,38,4,34
2018-05-31 06:00:00,96,12,84
2018-05-31 07:00:00,171,18,153
2018-05-31 08:00:00,170,9,161
2018-05-31 09:00:00,52,6,46
2018-05-31 10:00:00,32,6,26
2018-05-31 11:00:00,35,23,12
2018-05-31 12:00:00,33,9,24
2018-05-31 13:00:00,29,10,19
2018-05-31 14:00:00,34,24,10
2018-05-31 15:00:00,58,38,20
2018-05-31 16:00:00,130,103,27
2018-05-31 17:00:00,211,191,20
2018-05-31 18:00:00,104,83,21
2018-05-31 19:00:00,40,32,8
2018-05-31 20:00:00,12,9,3
2018-05-31 21:00:00,17,13,4
2018-05-31 22:00:00,12,9,3
2018-05-31 23:00:00,5,1,4
2018-06-01 00:00:00,4,4,0
2018-06-01 01:00:00,7,5,2
2018-06-01 02:00:00,3,2,1
2018-06-01 03:00:00,0,0,0
2018-06-01 04:00:00,5,1,4
2018-06-01 05:00:00,26,4,22
2018-06-01 06:00:00,80,4,76
2018-06-01 07:00:00,112,10,102
2018-06-01 08:00:00,152,14,138
2018-06-01 09:00:00,45,9,36
2018-06-01 10:00:00,31,10,21
2018-06-01 11:00:00,25,4,21
2018-06-01 12:00:00,22,11,11
2018-06-01 13:00:00,35,20,15
2018-06-01 14:00:00,34,25,9
2018-06-01 15:00:00,58,42,16
2018-06-01 16:00:00,124,92,32
2018-06-01 17:00:00,179,149,30
2018-06-01 18:00:00,87,79,8
2018-06-01 19:00:00,48,34,14
2018-06-01 20:00:00,23,17,6
2018-06-01 21:00:00,21,15,6
2018-06-01 22:00:00,5,2,3
2018-06-01 23:00:00,40,12,28
2018-06-02 00:00:00,9,9,0
2018-06-02 01:00:00,4,2,2
2018-06-02 02:00:00,6,6,0
2018-06-02 03:00:00,1,1,0
2018-06-02 04:00:00,2,1,1
2018-06-02 05:00:00,16,10,6
2018-06-02 06:00:00,87,6,81
2018-06-02 07:00:00,23,4,19
2018-06-02 08:00:00,56,15,41
2018-06-02 09:00:00,68,42,26
2018-06-02 10:00:00,100,58,42
2018-06-02 11:00:00,109,48,61
2018-06-02 12:00:00,84,50,34
2018-06-02 13:00:00,115,67,48
2018-06-02 14:00:00,96,51,45
2018-06-02 15:00:00,111,47,64
2018-06-02 16:00:00,72,31,41
2018-06-02 17:00:00,58,32,26
2018-06-02 18:00:00,56,32,24
2018-06-02 19:00:00,32,13,19
2018-06-02 20:00:00,27,16,11
2018-06-02 21:00:00,19,9,10
2018-06-02 22:00:00,18,11,7
2018-06-02 23:00:00,5,2,3
2018-06-03 00:00:00,5,5,0
2018-06-03 01:00:00,9,3,6
2018-06-03 02:00:00,1,1,0
2018-06-03 03:00:00,0,0,0
2018-06-03 04:00:00,0,0,0
2018-06-03 05:00:00,5,1,4
2018-06-03 06:00:00,5,2,3
2018-06-03 07:00:00,16,4,12
2018-06-03 08:00:00,35,16,19
2018-06-03 09:00:00,31,13,18
2018-06-03 10:00:00,43,23,20
2018-06-03 11:00:00,58,35,23
2018-06-03 12:00:00,50,22,28
2018-06-03 13:00:00,32,15,17
2018-06-03 14:00:00,26,12,14
2018-06-03 15:00:00,22,9,13
2018-06-03 16:00:00,23,17,6
2018-06-03 17:00:00,13,10,3
2018-06-03 18:00:00,14,9,5
2018-06-03 19:00:00,11,5,6
2018-06-03 20:00:00,10,3,7
2018-06-03 21:00:00,5,3,2
2018-06-03 22:00:00,2,2,0
2018-06-03 23:00:00,1,1,0
2018-06-04 00:00:00,1,1,0
2018-06-04 01:00:00,5,1,4
2018-06-04 02:00:00,2,1,1
2018-06-04 03:00:00,1,0,1
2018-06-04 04:00:00,6,0,6
2018-06-04 05:00:00,30,3,27
2018-06-04 06:00:00,98,16,82
2018-06-04 07:00:00,131,7,124
2018-06-04 08:00:00,118,13,105
2018-06-04 09:00:00,46,5,41
2018-06-04 10:00:00,18,3,15
2018-06-04 11:00:00,9,3,6
2018-06-04 12:00:00,18,9,9
2018-06-04 13:00:00,17,7,10
2018-06-04 14:00:00,21,13,8
2018-06-04 15:00:00,61,50,11
2018-06-04 16:00:00,110,95,15
2018-06-04 17:00:00,180,152,28
2018-06-04 18:00:00,91,76,15
2018-06-04 19:00:00,41,30,11
2018-06-04 20:00:00,33,25,8
2018-06-04 21:00:00,17,13,4
2018-06-04 22:00:00,9,6,3
2018-06-04 23:00:00,3,2,1
2018-06-05 00:00:00,2,2,0
2018-06-05 01:00:00,1,1,0
2018-06-05 02:00:00,1,1,0
2018-06-05 03:00:00,1,1,0
2018-06-05 04:00:00,7,3,4
2018-06-05 05:00:00,38,8,30
2018-06-05 06:00:00,118,12,106
2018-06-05 07:00:00,194,11,183
2018-06-05 08:00:00,191,13,178
2018-06-05 09:00:00,77,8,69
2018-06-05 10:00:00,27,6,21
2018-06-05 11:00:00,24,9,15
2018-06-05 12:00:00,20,9,11
2018-06-05 13:00:00,28,12,16
2018-06-05 14:00:00,37,21,16
2018-06-05 15:00:00,55,45,10
2018-06-05 16:00:00,159,129,30
2018-06-05 17:00:00,215,192,23
2018-06-05 18:00:00,144,124,20
2018-06-05 19:00:00,80,58,22
2018-06-05 20:00:00,33,24,9
2018-06-05 21:00:00,22,13,9
2018-06-05 22:00:00,13,10,3
2018-06-05 23:00:00,4,3,1
2018-06-06 00:00:00,4,2,2
2018-06-06 01:00:00,1,1,0
2018-06-06 02:00:00,0,0,0
2018-06-06 03:00:00,1,0,1
2018-06-06 04:00:00,11,6,5
2018-06-06 05:00:00,37,5,32
2018-06-06 06:00:00,102,8,94
2018-06-06 07:00:00,198,23,175
2018-06-06 08:00:00,167,16,151
2018-06-06 09:00:00,62,5,57
2018-06-06 10:00:00,40,12,28
2018-06-06 11:00:00,31,6,25
2018-06-06 12:00:00,34,21,13
2018-06-06 13:00:00,37,17,20
2018-06-06 14:00:00,36,23,13
2018-06-06 15:00:00,73,53,20
2018-06-06 16:00:00,152,124,28
2018-06-06 17:00:00,252,212,40
2018-06-06 18:00:00,144,122,22
2018-06-06 19:00:00,47,39,8
2018-06-06 20:00:00,43,29,14
2018-06-06 21:00:00,22,15,7
2018-06-06 22:00:00,11,8,3
2018-06-06 23:00:00,12,8,4
2018-06-07 00:00:00,4,4,0
2018-06-07 01:00:00,2,1,1
2018-06-07 02:00:00,2,1,1
2018-06-07 03:00:00,2,2,0
2018-06-07 04:00:00,10,3,7
2018-06-07 05:00:00,43,6,37
2018-06-07 06:00:00,107,14,93
2018-06-07 07:00:00,152,15,137
2018-06-07 08:00:00,182,13,169
2018-06-07 09:00:00,61,14,47
2018-06-07 10:00:00,35,6,29
2018-06-07 11:00:00,26,8,18
2018-06-07 12:00:00,37,14,23
2018-06-07 13:00:00,25,13,12
2018-06-07 14:00:00,33,23,10
2018-06-07 15:00:00,56,44,12
2018-06-07 16:00:00,140,108,32
2018-06-07 17:00:00,196,172,24
2018-06-07 18:00:00,132,107,25
2018-06-07 19:00:00,56,44,12
2018-06-07 20:00:00,33,27,6
2018-06-07 21:00:00,29,23,6
2018-06-07 22:00:00,10,9,1
2018-06-07 23:00:00,7,3,4
2018-06-08 00:00:00,2,2,0
2018-06-08 01:00:00,6,2,4
2018-06-08 02:00:00,7,5,2
2018-06-08 03:00:00,1,1,0
2018-06-08 04:00:00,4,2,2
2018-06-08 05:00:00,29,4,25
2018-06-08 06:00:00,68,7,61
2018-06-08 07:00:00,105,14,91
2018-06-08 08:00:00,102,6,96
2018-06-08 09:00:00,38,6,32
2018-06-08 10:00:00,22,9,13
2018-06-08 11:00:00,16,4,12
2018-06-08 12:00:00,18,9,9
2018-06-08 13:00:00,22,14,8
2018-06-08 14:00:00,19,10,9
2018-06-08 15:00:00,42,35,7
2018-06-08 16:00:00,79,70,9
2018-06-08 17:00:00,103,86,17
2018-06-08 18:00:00,35,31,4
2018-06-08 19:00:00,23,19,4
2018-06-08 20:00:00,9,6,3
2018-06-08 21:00:00,6,6,0
2018-06-08 22:00:00,3,1,2
2018-06-08 23:00:00,3,2,1
2018-06-09 00:00:00,4,2,2
2018-06-09 01:00:00,2,0,2
2018-06-09 02:00:00,1,0,1
2018-06-09 03:00:00,1,1,0
2018-06-09 04:00:00,4,4,0
2018-06-09 05:00:00,3,1,2
2018-06-09 06:00:00,10,3,7
2018-06-09 07:00:00,11,6,5
2018-06-09 08:00:00,26,5,21
2018-06-09 09:00:00,40,26,14
2018-06-09 10:00:00,32,17,15
2018-06-09 11:00:00,42,12,30
2018-06-09 12:00:00,40,17,23
2018-06-09 13:00:00,76,31,45
2018-06-09 14:00:00,60,34,26
2018-06-09 15:00:00,40,17,23
2018-06-09 16:00:00,24,12,12
2018-06-09 17:00:00,26,9,17
2018-06-09 18:00:00,22,10,12
2018-06-09 19:00:00,11,8,3
2018-06-09 20:00:00,1,0,1
2018-06-09 21:00:00,12,8,4
2018-06-09 22:00:00,9,5,4
2018-06-09 23:00:00,6,3,3
2018-06-10 00:00:00,6,5,1
2018-06-10 01:00:00,5,4,1
2018-06-10 02:00:00,0,0,0
2018-06-10 03:00:00,2,1,1
2018-06-10 04:00:00,0,0,0
2018-06-10 05:00:00,2,0,2
2018-06-10 06:00:00,7,3,4
2018-06-10 07:00:00,17,3,14
2018-06-10 08:00:00,19,6,13
2018-06-10 09:00:00,25,10,15
2018-06-10 10:00:00,48,28,20
2018-06-10 11:00:00,22,14,8
2018-06-10 12:00:00,20,4,16
2018-06-10 13:00:00,36,16,20
2018-06-10 14:00:00,22,13,9
2018-06-10 15:00:00,29,18,11
2018-06-10 16:00:00,29,17,12
2018-06-10 17:00:00,14,7,7
2018-06-10 18:00:00,14,4,10
2018-06-10 19:00:00,7,6,1
2018-06-10 20:00:00,6,2,4
2018-06-10 21:00:00,1,1,0
2018-06-10 22:00:00,3,2,1
2018-06-10 23:00:00,1,1,0
2018-06-11 00:00:00,2,2,0
2018-06-11 01:00:00,0,0,0
2018-06-11 02:00:00,0,0,0
2018-06-11 03:00:00,2,0,2
2018-06-11 04:00:00,3,1,2
2018-06-11 05:00:00,31,5,26
2018-06-11 06:00:00,88,12,76
2018-06-11 07:00:00,182,14,168
2018-06-11 08:00:00,163,11,152
2018-06-11 09:00:00,66,11,55
2018-06-11 10:00:00,36,6,30
2018-06-11 11:00:00,21,6,15
2018-06-11 12:00:00,27,14,13
2018-06-11 13:00:00,37,13,24
2018-06-11 14:00:00,40,23,17
2018-06-11 15:00:00,68,57,11
2018-06-11 16:00:00,115,93,22
2018-06-11 17:00:00,232,210,22
2018-06-11 18:00:00,124,105,19
2018-06-11 19:00:00,63,38,25
2018-06-11 20:00:00,34,24,10
2018-06-11 21:00:00,20,13,7
2018-06-11 22:00:00,17,13,4
2018-06-11 23:00:00,12,9,3
2018-06-12 00:00:00,2,2,0
2018-06-12 01:00:00,0,0,0
2018-06-12 02:00:00,3,2,1
2018-06-12 03:00:00,2,2,0
2018-06-12 04:00:00,10,2,8
2018-06-12 05:00:00,48,7,41
2018-06-12 06:00:00,113,13,100
2018-06-12 07:00:00,193,20,173
2018-06-12 08:00:00,177,13,164
2018-06-12 09:00:00,81,9,72
2018-06-12 10:00:00,22,6,16
2018-06-12 11:00:00,33,16,17
2018-06-12 12:00:00,30,13,17
2018-06-12 13:00:00,25,9,16
2018-06-12 14:00:00,42,17,25
2018-06-12 15:00:00,54,37,17
2018-06-12 16:00:00,125,102,23
2018-06-12 17:00:00,241,207,34
2018-06-12 18:00:00,136,123,13
2018-06-12 19:00:00,67,55,12
2018-06-12 20:00:00,38,29,9
2018-06-12 21:00:00,24,19,5
2018-06-12 22:00:00,17,15,2
2018-06-12 23:00:00,4,4,0
2018-06-13 00:00:00,4,3,1
2018-06-13 01:00:00,1,1,0
2018-06-13 02:00:00,0,0,0
2018-06-13 03:00:00,2,2,0
2018-06-13 04:00:00,6,4,2
2018-06-13 05:00:00,30,4,26
2018-06-13 06:00:00,44,4,40
2018-06-13 07:00:00,94,7,87
2018-06-13 08:00:00,93,9,84
2018-06-13 09:00:00,52,9,43
2018-06-13 10:00:00,22,5,17
2018-06-13 11:00:00,25,9,16
2018-06-13 12:00:00,15,3,12
2018-06-13 13:00:00,29,13,16
2018-06-13 14:00:00,28,16,12
2018-06-13 15:00:00,43,34,9
2018-06-13 16:00:00,88,72,16
2018-06-13 17:00:00,116,106,10
2018-06-13 18:00:00,69,63,6
2018-06-13 19:00:00,48,37,11
2018-06-13 20:00:00,16,14,2
2018-06-13 21:00:00,13,6,7
2018-06-13 22:00:00,8,5,3
2018-06-13 23:00:00,4,3,1
2018-06-14 00:00:00,3,2,1
2018-06-14 01:00:00,3,1,2
2018-06-14 02:00:00,1,1,0
2018-06-14 03:00:00,5,3,2
2018-06-14 04:00:00,9,1,8
2018-06-14 05:00:00,31,2,29
2018-06-14 06:00:00,93,7,86
2018-06-14 07:00:00,161,14,147
2018-06-14 08:00:00,151,10,141
2018-06-14 09:00:00,62,7,55
2018-06-14 10:00:00,23,2,21
2018-06-14 11:00:00,19,10,9
2018-06-14 12:00:00,36,17,19
2018-06-14 13:00:00,27,10,17
2018-06-14 14:00:00,26,14,12
2018-06-14 15:00:00,58,42,16
2018-06-14 16:00:00,131,105,26
2018-06-14 17:00:00,202,172,30
2018-06-14 18:00:00,129,102,27
2018-06-14 19:00:00,54,42,12
2018-06-14 20:00:00,28,21,7
2018-06-14 21:00:00,22,11,11
2018-06-14 22:00:00,25,22,3
2018-06-14 23:00:00,10,8,2
2018-06-15 00:00:00,7,4,3
2018-06-15 01:00:00,6,3,3
2018-06-15 02:00:00,0,0,0
2018-06-15 03:00:00,1,1,0
2018-06-15 04:00:00,3,2,1
2018-06-15 05:00:00,34,4,30
2018-06-15 06:00:00,85,12,73
2018-06-15 07:00:00,121,16,105
2018-06-15 08:00:00,165,16,149
2018-06-15 09:00:00,51,12,39
2018-06-15 10:00:00,23,9,14
2018-06-15 11:00:00,29,13,16
2018-06-15 12:00:00,36,20,16
2018-06-15 13:00:00,42,17,25
2018-06-15 14:00:00,35,25,10
2018-06-15 15:00:00,75,58,17
2018-06-15 16:00:00,142,109,33
2018-06-15 17:00:00,166,141,25
2018-06-15 18:00:00,103,88,15
2018-06-15 19:00:00,40,33,7
2018-06-15 20:00:00,25,15,10
2018-06-15 21:00:00,19,9,10
2018-06-15 22:00:00,16,12,4
2018-06-15 23:00:00,10,6,4
2018-06-16 00:00:00,5,4,1
2018-06-16 01:00:00,5,4,1
2018-06-16 02:00:00,3,2,1
2018-06-16 03:00:00,2,1,1
2018-06-16 04:00:00,1,1,0
2018-06-16 05:00:00,9,3,6
2018-06-16 06:00:00,16,2,14
2018-06-16 07:00:00,34,9,25
2018-06-16 08:00:00,44,12,32
2018-06-16 09:00:00,43,19,24
2018-06-16 10:00:00,72,36,36
2018-06-16 11:00:00,88,44,44
2018-06-16 12:00:00,137,59,78
2018-06-16 13:00:00,69,35,34
2018-06-16 14:00:00,80,29,51
2018-06-16 15:00:00,77,50,27
2018-06-16 16:00:00,78,40,38
2018-06-16 17:00:00,50,23,27
2018-06-16 18:00:00,39,25,14
2018-06-16 19:00:00,49,31,18
2018-06-16 20:00:00,44,28,16
2018-06-16 21:00:00,21,11,10
2018-06-16 22:00:00,21,11,10
2018-06-16 23:00:00,20,12,8
2018-06-17 00:00:00,4,1,3
2018-06-17 01:00:00,1,1,0
2018-06-17 02:00:00,2,1,1
2018-06-17 03:00:00,1,0,1
2018-06-17 04:00:00,1,1,0
2018-06-17 05:00:00,8,1,7
2018-06-17 06:00:00,11,6,5
2018-06-17 07:00:00,23,9,14
2018-06-17 08:00:00,38,12,26
2018-06-17 09:00:00,80,36,44
2018-06-17 10:00:00,79,36,43
2018-06-17 11:00:00,83,44,39
2018-06-17 12:00:00,92,41,51
2018-06-17 13:00:00,65,35,30
2018-06-17 14:00:00,84,44,40
2018-06-17 15:00:00,79,36,43
2018-06-17 16:00:00,57,37,20
2018-06-17 17:00:00,48,34,14
2018-06-17 18:00:00,53,22,31
2018-06-17 19:00:00,32,17,15
2018-06-17 20:00:00,30,12,18
2018-06-17 21:00:00,16,7,9
2018-06-17 22:00:00,13,7,6
2018-06-17 23:00:00,6,4,2
2018-06-18 00:00:00,8,5,3
2018-06-18 01:00:00,1,1,0
2018-06-18 02:00:00,2,0,2
2018-06-18 03:00:00,1,1,0
2018-06-18 04:00:00,11,0,11
2018-06-18 05:00:00,40,5,35
2018-06-18 06:00:00,110,10,100
2018-06-18 07:00:00,210,11,199
2018-06-18 08:00:00,198,23,175
2018-06-18 09:00:00,64,7,57
2018-06-18 10:00:00,39,11,28
2018-06-18 11:00:00,30,12,18
2018-06-18 12:00:00,30,11,19
2018-06-18 13:00:00,34,20,14
2018-06-18 14:00:00,43,27,16
2018-06-18 15:00:00,71,56,15
2018-06-18 16:00:00,133,108,25
2018-06-18 17:00:00,247,220,27
2018-06-18 18:00:00,125,106,19
2018-06-18 19:00:00,94,76,18
2018-06-18 20:00:00,43,30,13
2018-06-18 21:00:00,35,15,20
2018-06-18 22:00:00,8,3,5
2018-06-18 23:00:00,8,6,2
2018-06-19 00:00:00,2,1,1
2018-06-19 01:00:00,0,0,0
2018-06-19 02:00:00,1,1,0
2018-06-19 03:00:00,2,2,0
2018-06-19 04:00:00,11,2,9
2018-06-19 05:00:00,43,8,35
2018-06-19 06:00:00,106,13,93
2018-06-19 07:00:00,199,19,180
2018-06-19 08:00:00,183,20,163
2018-06-19 09:00:00,63,8,55
2018-06-19 10:00:00,31,12,19
2018-06-19 11:00:00,40,15,25
2018-06-19 12:00:00,26,11,15
2018-06-19 13:00:00,39,24,15
2018-06-19 14:00:00,37,25,12
2018-06-19 15:00:00,88,67,21
2018-06-19 16:00:00,160,130,30
2018-06-19 17:00:00,218,191,27
2018-06-19 18:00:00,141,123,18
2018-06-19 19:00:00,73,57,16
2018-06-19 20:00:00,37,26,11
2018-06-19 21:00:00,21,10,11
2018-06-19 22:00:00,16,15,1
2018-06-19 23:00:00,10,5,5
2018-06-20 00:00:00,3,2,1
2018-06-20 01:00:00,2,1,1
2018-06-20 02:00:00,5,2,3
2018-06-20 03:00:00,2,1,1
2018-06-20 04:00:00,5,1,4
2018-06-20 05:00:00,38,4,34
2018-06-20 06:00:00,102,13,89
2018-06-20 07:00:00,202,20,182
2018-06-20 08:00:00,177,15,162
2018-06-20 09:00:00,71,17,54
2018-06-20 10:00:00,37,11,26
2018-06-20 11:00:00,33,11,22
2018-06-20 12:00:00,32,18,14
2018-06-20 13:00:00,28,15,13
2018-06-20 14:00:00,42,28,14
2018-06-20 15:00:00,49,38,11
2018-06-20 16:00:00,154,129,25
2018-06-20 17:00:00,220,196,24
2018-06-20 18:00:00,117,100,17
2018-06-20 19:00:00,120,78,42
2018-06-20 20:00:00,3,2,1
2018-06-20 21:00:00,1,1,0
2018-06-20 22:00:00,2,1,1
2018-06-20 23:00:00,3,1,2
2018-06-21 00:00:00,0,0,0
2018-06-21 01:00:00,2,1,1
2018-06-21 02:00:00,1,1,0
2018-06-21 03:00:00,0,0,0
2018-06-21 04:00:00,0,0,0
2018-06-21 05:00:00,0,0,0
2018-06-21 06:00:00,4,2,2
2018-06-21 07:00:00,0,0,0
2018-06-21 08:00:00,6,3,3
2018-06-21 09:00:00,2,1,1
2018-06-21 10:00:00,2,1,1
2018-06-21 11:00:00,4,3,1
2018-06-21 12:00:00,2,0,2
2018-06-21 13:00:00,13,6,7
2018-06-21 14:00:00,0,0,0
2018-06-21 15:00:00,0,0,0
2018-06-21 16:00:00,0,0,0
2018-06-21 17:00:00,4,1,3
2018-06-21 18:00:00,1,1,0
2018-06-21 19:00:00,2,1,1
2018-06-21 20:00:00,0,0,0
2018-06-21 21:00:00,2,1,1
2018-06-21 22:00:00,3,2,1
2018-06-21 23:00:00,0,0,0
2018-06-22 00:00:00,0,0,0
2018-06-22 01:00:00,2,1,1
2018-06-22 02:00:00,0,0,0
2018-06-22 03:00:00,0,0,0
2018-06-22 04:00:00,0,0,0
2018-06-22 05:00:00,0,0,0
2018-06-22 06:00:00,0,0,0
2018-06-22 07:00:00,0,0,0
2018-06-22 08:00:00,0,0,0
2018-06-22 09:00:00,0,0,0
2018-06-22 10:00:00,0,0,0
2018-06-22 11:00:00,2,1,1
2018-06-22 12:00:00,0,0,0
2018-06-22 13:00:00,0,0,0
2018-06-22 14:00:00,15,9,6
2018-06-22 15:00:00,0,0,0
2018-06-22 16:00:00,0,0,0
2018-06-22 17:00:00,4,2,2
2018-06-22 18:00:00,0,0,0
2018-06-22 19:00:00,4,2,2
2018-06-22 20:00:00,0,0,0
2018-06-22 21:00:00,0,0,0
2018-06-22 22:00:00,0,0,0
2018-06-22 23:00:00,0,0,0
2018-06-23 00:00:00,0,0,0
2018-06-23 01:00:00,0,0,0
2018-06-23 02:00:00,0,0,0
2018-06-23 03:00:00,0,0,0
2018-06-23 04:00:00,0,0,0
2018-06-23 05:00:00,0,0,0
2018-06-23 06:00:00,0,0,0
2018-06-23 07:00:00,0,0,0
2018-06-23 08:00:00,6,4,2
2018-06-23 09:00:00,6,2,4
2018-06-23 10:00:00,8,6,2
2018-06-23 11:00:00,6,2,4
2018-06-23 12:00:00,4,2,2
2018-06-23 13:00:00,12,8,4
2018-06-23 14:00:00,1,1,0
2018-06-23 15:00:00,0,0,0
2018-06-23 16:00:00,6,5,1
2018-06-23 17:00:00,2,1,1
2018-06-23 18:00:00,6,3,3
2018-06-23 19:00:00,1,1,0
2018-06-23 20:00:00,1,0,1
2018-06-23 21:00:00,3,2,1
2018-06-23 22:00:00,2,0,2
2018-06-23 23:00:00,6,3,3
2018-06-24 00:00:00,0,0,0
2018-06-24 01:00:00,0,0,0
2018-06-24 02:00:00,0,0,0
2018-06-24 03:00:00,0,0,0
2018-06-24 04:00:00,0,0,0
2018-06-24 05:00:00,0,0,0
2018-06-24 06:00:00,0,0,0
2018-06-24 07:00:00,1,1,0
2018-06-24 08:00:00,1,0,1
2018-06-24 09:00:00,0,0,0
2018-06-24 10:00:00,4,2,2
2018-06-24 11:00:00,5,2,3
2018-06-24 12:00:00,24,14,10
2018-06-24 13:00:00,7,2,5
2018-06-24 14:00:00,3,2,1
2018-06-24 15:00:00,19,9,10
2018-06-24 16:00:00,10,5,5
2018-06-24 17:00:00,3,2,1
2018-06-24 18:00:00,5,4,1
2018-06-24 19:00:00,1,0,1
2018-06-24 20:00:00,6,3,3
2018-06-24 21:00:00,0,0,0
2018-06-24 22:00:00,0,0,0
2018-06-24 23:00:00,0,0,0
2018-06-25 00:00:00,0,0,0
2018-06-25 01:00:00,0,0,0
2018-06-25 02:00:00,0,0,0
2018-06-25 03:00:00,0,0,0
2018-06-25 04:00:00,0,0,0
2018-06-25 05:00:00,0,0,0
2018-06-25 06:00:00,0,0,0
2018-06-25 07:00:00,0,0,0
2018-06-25 08:00:00,0,0,0
2018-06-25 09:00:00,0,0,0
2018-06-25 10:00:00,0,0,0
2018-06-25 11:00:00,0,0,0
2018-06-25 12:00:00,0,0,0
2018-06-25 13:00:00,0,0,0
2018-06-25 14:00:00,0,0,0
2018-06-25 15:00:00,0,0,0
2018-06-25 16:00:00,0,0,0
2018-06-25 17:00:00,0,0,0
2018-06-25 18:00:00,0,0,0
2018-06-25 19:00:00,0,0,0
2018-06-25 20:00:00,4,2,2
2018-06-25 21:00:00,0,0,0
2018-06-25 22:00:00,1,1,0
2018-06-25 23:00:00,1,0,1
2018-06-26 00:00:00,0,0,0
2018-06-26 01:00:00,0,0,0
2018-06-26 02:00:00,0,0,0
2018-06-26 03:00:00,0,0,0
2018-06-26 04:00:00,0,0,0
2018-06-26 05:00:00,0,0,0
2018-06-26 06:00:00,2,1,1
2018-06-26 07:00:00,0,0,0
2018-06-26 08:00:00,6,3,3
2018-06-26 09:00:00,1,1,0
2018-06-26 10:00:00,1,0,1
2018-06-26 11:00:00,2,1,1
2018-06-26 12:00:00,11,6,5
2018-06-26 13:00:00,6,4,2
2018-06-26 14:00:00,24,11,13
2018-06-26 15:00:00,25,19,6
2018-06-26 16:00:00,46,27,19
2018-06-26 17:00:00,74,60,14
2018-06-26 18:00:00,77,62,15
2018-06-26 19:00:00,22,17,5
2018-06-26 20:00:00,16,12,4
2018-06-26 21:00:00,13,8,5
2018-06-26 22:00:00,8,5,3
2018-06-26 23:00:00,2,2,0
2018-06-27 00:00:00,1,0,1
2018-06-27 01:00:00,3,3,0
2018-06-27 02:00:00,1,1,0
2018-06-27 03:00:00,1,0,1
2018-06-27 04:00:00,5,2,3
2018-06-27 05:00:00,18,3,15
2018-06-27 06:00:00,79,8,71
2018-06-27 07:00:00,127,11,116
2018-06-27 08:00:00,125,11,114
2018-06-27 09:00:00,60,13,47
2018-06-27 10:00:00,24,7,17
2018-06-27 11:00:00,31,10,21
2018-06-27 12:00:00,23,11,12
2018-06-27 13:00:00,23,14,9
2018-06-27 14:00:00,33,18,15
2018-06-27 15:00:00,51,39,12
2018-06-27 16:00:00,89,70,19
2018-06-27 17:00:00,188,168,20
2018-06-27 18:00:00,103,85,18
2018-06-27 19:00:00,51,40,11
2018-06-27 20:00:00,40,21,19
2018-06-27 21:00:00,12,9,3
2018-06-27 22:00:00,11,10,1
2018-06-27 23:00:00,5,4,1
2018-06-28 00:00:00,4,1,3
2018-06-28 01:00:00,8,6,2
2018-06-28 02:00:00,1,0,1
2018-06-28 03:00:00,2,2,0
2018-06-28 04:00:00,5,2,3
2018-06-28 05:00:00,25,4,21
2018-06-28 06:00:00,65,10,55
2018-06-28 07:00:00,171,11,160
2018-06-28 08:00:00,148,17,131
2018-06-28 09:00:00,55,4,51
2018-06-28 10:00:00,30,14,16
2018-06-28 11:00:00,27,12,15
2018-06-28 12:00:00,25,9,16
2018-06-28 13:00:00,34,22,12
2018-06-28 14:00:00,28,17,11
2018-06-28 15:00:00,40,25,15
2018-06-28 16:00:00,101,82,19
2018-06-28 17:00:00,183,158,25
2018-06-28 18:00:00,98,83,15
2018-06-28 19:00:00,62,46,16
2018-06-28 20:00:00,21,20,1
2018-06-28 21:00:00,14,12,2
2018-06-28 22:00:00,5,5,0
2018-06-28 23:00:00,6,4,2
2018-06-29 00:00:00,6,4,2
2018-06-29 01:00:00,4,1,3
2018-06-29 02:00:00,2,2,0
2018-06-29 03:00:00,2,2,0
2018-06-29 04:00:00,4,1,3
2018-06-29 05:00:00,27,3,24
2018-06-29 06:00:00,65,13,52
2018-06-29 07:00:00,130,13,117
2018-06-29 08:00:00,116,8,108
2018-06-29 09:00:00,52,11,41
2018-06-29 10:00:00,27,8,19
2018-06-29 11:00:00,24,8,16
2018-06-29 12:00:00,26,12,14
2018-06-29 13:00:00,28,17,11
2018-06-29 14:00:00,25,15,10
2018-06-29 15:00:00,57,46,11
2018-06-29 16:00:00,96,84,12
2018-06-29 17:00:00,128,108,20
2018-06-29 18:00:00,75,63,12
2018-06-29 19:00:00,40,26,14
2018-06-29 20:00:00,24,10,14
2018-06-29 21:00:00,11,11,0
2018-06-29 22:00:00,16,10,6
2018-06-29 23:00:00,5,5,0
2018-06-30 00:00:00,3,3,0
2018-06-30 01:00:00,2,2,0
2018-06-30 02:00:00,2,1,1
2018-06-30 03:00:00,2,2,0
2018-06-30 04:00:00,2,1,1
2018-06-30 05:00:00,3,0,3
2018-06-30 06:00:00,13,9,4
2018-06-30 07:00:00,22,7,15
2018-06-30 08:00:00,50,29,21
2018-06-30 09:00:00,36,15,21
2018-06-30 10:00:00,46,22,24
2018-06-30 11:00:00,42,19,23
2018-06-30 12:00:00,76,23,53
2018-06-30 13:00:00,35,20,15
2018-06-30 14:00:00,44,27,17
2018-06-30 15:00:00,37,17,20
2018-06-30 16:00:00,45,33,12
2018-06-30 17:00:00,23,16,7
2018-06-30 18:00:00,26,16,10
2018-06-30 19:00:00,29,15,14
2018-06-30 20:00:00,22,5,17
2018-06-30 21:00:00,7,7,0
2018-06-30 22:00:00,16,12,4
2018-06-30 23:00:00,4,3,1
2018-07-01 00:00:00,4,4,0
2018-07-01 01:00:00,3,1,2
2018-07-01 02:00:00,3,2,1
2018-07-01 03:00:00,2,1,1
2018-07-01 04:00:00,2,1,1
2018-07-01 05:00:00,3,1,2
2018-07-01 06:00:00,12,5,7
2018-07-01 07:00:00,19,7,12
2018-07-01 08:00:00,44,21,23
2018-07-01 09:00:00,42,22,20
2018-07-01 10:00:00,30,14,16
2018-07-01 11:00:00,60,31,29
2018-07-01 12:00:00,62,28,34
2018-07-01 13:00:00,38,20,18
2018-07-01 14:00:00,48,24,24
2018-07-01 15:00:00,43,23,20
2018-07-01 16:00:00,42,24,18
2018-07-01 17:00:00,44,26,18
2018-07-01 18:00:00,37,18,19
2018-07-01 19:00:00,18,12,6
2018-07-01 20:00:00,19,7,12
2018-07-01 21:00:00,10,5,5
2018-07-01 22:00:00,4,4,0
2018-07-01 23:00:00,3,3,0
2018-07-02 00:00:00,5,3,2
2018-07-02 01:00:00,2,1,1
2018-07-02 02:00:00,0,0,0
2018-07-02 03:00:00,1,0,1
2018-07-02 04:00:00,7,0,7
2018-07-02 05:00:00,28,6,22
2018-07-02 06:00:00,73,7,66
2018-07-02 07:00:00,137,11,126
2018-07-02 08:00:00,142,11,131
2018-07-02 09:00:00,67,5,62
2018-07-02 10:00:00,23,9,14
2018-07-02 11:00:00,25,13,12
2018-07-02 12:00:00,22,10,12
2018-07-02 13:00:00,18,7,11
2018-07-02 14:00:00,46,18,28
2018-07-02 15:00:00,48,32,16
2018-07-02 16:00:00,109,94,15
2018-07-02 17:00:00,160,140,20
2018-07-02 18:00:00,147,130,17
2018-07-02 19:00:00,81,44,37
2018-07-02 20:00:00,33,25,8
2018-07-02 21:00:00,15,13,2
2018-07-02 22:00:00,6,5,1
2018-07-02 23:00:00,6,5,1
2018-07-03 00:00:00,2,1,1
2018-07-03 01:00:00,2,1,1
2018-07-03 02:00:00,2,2,0
2018-07-03 03:00:00,4,2,2
2018-07-03 04:00:00,10,2,8
2018-07-03 05:00:00,28,5,23
2018-07-03 06:00:00,91,13,78
2018-07-03 07:00:00,158,13,145
2018-07-03 08:00:00,167,13,154
2018-07-03 09:00:00,65,10,55
2018-07-03 10:00:00,29,9,20
2018-07-03 11:00:00,24,10,14
2018-07-03 12:00:00,17,7,10
2018-07-03 13:00:00,44,27,17
2018-07-03 14:00:00,53,32,21
2018-07-03 15:00:00,104,84,20
2018-07-03 16:00:00,127,103,24
2018-07-03 17:00:00,184,153,31
2018-07-03 18:00:00,128,104,24
2018-07-03 19:00:00,57,37,20
2018-07-03 20:00:00,38,32,6
2018-07-03 21:00:00,31,23,8
2018-07-03 22:00:00,22,16,6
2018-07-03 23:00:00,7,5,2
2018-07-04 00:00:00,11,6,5
2018-07-04 01:00:00,2,0,2
2018-07-04 02:00:00,2,1,1
2018-07-04 03:00:00,1,1,0
2018-07-04 04:00:00,2,1,1
2018-07-04 05:00:00,10,5,5
2018-07-04 06:00:00,12,3,9
2018-07-04 07:00:00,30,9,21
2018-07-04 08:00:00,42,8,34
2018-07-04 09:00:00,70,32,38
2018-07-04 10:00:00,68,35,33
2018-07-04 11:00:00,104,56,48
2018-07-04 12:00:00,116,43,73
2018-07-04 13:00:00,101,59,42
2018-07-04 14:00:00,86,39,47
2018-07-04 15:00:00,61,33,28
2018-07-04 16:00:00,57,39,18
2018-07-04 17:00:00,71,51,20
2018-07-04 18:00:00,31,19,12
2018-07-04 19:00:00,37,16,21
2018-07-04 20:00:00,26,10,16
2018-07-04 21:00:00,20,6,14
2018-07-04 22:00:00,12,4,8
2018-07-04 23:00:00,4,1,3
2018-07-05 00:00:00,12,11,1
2018-07-05 01:00:00,5,1,4
2018-07-05 02:00:00,2,1,1
2018-07-05 03:00:00,4,1,3
2018-07-05 04:00:00,8,1,7
2018-07-05 05:00:00,20,8,12
2018-07-05 06:00:00,69,9,60
2018-07-05 07:00:00,108,7,101
2018-07-05 08:00:00,111,6,105
2018-07-05 09:00:00,86,12,74
2018-07-05 10:00:00,44,19,25
2018-07-05 11:00:00,38,22,16
2018-07-05 12:00:00,33,14,19
2018-07-05 13:00:00,47,21,26
2018-07-05 14:00:00,35,20,15
2018-07-05 15:00:00,74,47,27
2018-07-05 16:00:00,110,80,30
2018-07-05 17:00:00,152,130,22
2018-07-05 18:00:00,93,80,13
2018-07-05 19:00:00,66,48,18
2018-07-05 20:00:00,34,25,9
2018-07-05 21:00:00,20,15,5
2018-07-05 22:00:00,18,10,8
2018-07-05 23:00:00,11,8,3
2018-07-06 00:00:00,11,8,3
2018-07-06 01:00:00,2,0,2
2018-07-06 02:00:00,0,0,0
2018-07-06 03:00:00,2,1,1
2018-07-06 04:00:00,8,5,3
2018-07-06 05:00:00,27,2,25
2018-07-06 06:00:00,66,9,57
2018-07-06 07:00:00,100,7,93
2018-07-06 08:00:00,115,16,99
2018-07-06 09:00:00,61,8,53
2018-07-06 10:00:00,33,7,26
2018-07-06 11:00:00,18,9,9
2018-07-06 12:00:00,45,17,28
2018-07-06 13:00:00,26,20,6
2018-07-06 14:00:00,43,25,18
2018-07-06 15:00:00,66,45,21
2018-07-06 16:00:00,106,89,17
2018-07-06 17:00:00,132,113,19
2018-07-06 18:00:00,65,55,10
2018-07-06 19:00:00,50,31,19
2018-07-06 20:00:00,24,12,12
2018-07-06 21:00:00,14,12,2
2018-07-06 22:00:00,14,10,4
2018-07-06 23:00:00,12,8,4
2018-07-07 00:00:00,7,5,2
2018-07-07 01:00:00,4,3,1
2018-07-07 02:00:00,1,1,0
2018-07-07 03:00:00,3,1,2
2018-07-07 04:00:00,4,4,0
2018-07-07 05:00:00,6,0,6
2018-07-07 06:00:00,5,2,3
2018-07-07 07:00:00,13,4,9
2018-07-07 08:00:00,31,11,20
2018-07-07 09:00:00,44,23,21
2018-07-07 10:00:00,77,45,32
2018-07-07 11:00:00,64,37,27
2018-07-07 12:00:00,76,31,45
2018-07-07 13:00:00,44,23,21
2018-07-07 14:00:00,74,28,46
2018-07-07 15:00:00,85,39,46
2018-07-07 16:00:00,68,31,37
2018-07-07 17:00:00,44,26,18
2018-07-07 18:00:00,50,32,18
2018-07-07 19:00:00,37,15,22
2018-07-07 20:00:00,35,20,15
2018-07-07 21:00:00,15,10,5
2018-07-07 22:00:00,10,5,5
2018-07-07 23:00:00,6,6,0
2018-07-08 00:00:00,7,6,1
2018-07-08 01:00:00,1,1,0
2018-07-08 02:00:00,2,0,2
2018-07-08 03:00:00,1,1,0
2018-07-08 04:00:00,1,0,1
2018-07-08 05:00:00,4,1,3
2018-07-08 06:00:00,9,5,4
2018-07-08 07:00:00,16,9,7
2018-07-08 08:00:00,42,16,26
2018-07-08 09:00:00,63,30,33
2018-07-08 10:00:00,62,29,33
2018-07-08 11:00:00,86,40,46
2018-07-08 12:00:00,118,71,47
2018-07-08 13:00:00,119,44,75
2018-07-08 14:00:00,85,33,52
2018-07-08 15:00:00,85,47,38
2018-07-08 16:00:00,82,44,38
2018-07-08 17:00:00,53,19,34
2018-07-08 18:00:00,33,16,17
2018-07-08 19:00:00,17,14,3
2018-07-08 20:00:00,20,8,12
2018-07-08 21:00:00,11,6,5
2018-07-08 22:00:00,8,5,3
2018-07-08 23:00:00,5,3,2
2018-07-09 00:00:00,4,2,2
2018-07-09 01:00:00,3,3,0
2018-07-09 02:00:00,2,1,1
2018-07-09 03:00:00,0,0,0
2018-07-09 04:00:00,8,3,5
2018-07-09 05:00:00,40,7,33
2018-07-09 06:00:00,104,12,92
2018-07-09 07:00:00,182,10,172
2018-07-09 08:00:00,171,11,160
2018-07-09 09:00:00,61,9,52
2018-07-09 10:00:00,36,11,25
2018-07-09 11:00:00,21,11,10
2018-07-09 12:00:00,21,11,10
2018-07-09 13:00:00,36,18,18
2018-07-09 14:00:00,43,28,15
2018-07-09 15:00:00,69,52,17
2018-07-09 16:00:00,133,108,25
2018-07-09 17:00:00,222,197,25
2018-07-09 18:00:00,128,115,13
2018-07-09 19:00:00,40,32,8
2018-07-09 20:00:00,24,21,3
2018-07-09 21:00:00,17,14,3
2018-07-09 22:00:00,6,5,1
2018-07-09 23:00:00,14,8,6
2018-07-10 00:00:00,2,1,1
2018-07-10 01:00:00,2,1,1
2018-07-10 02:00:00,0,0,0
2018-07-10 03:00:00,3,1,2
2018-07-10 04:00:00,6,2,4
2018-07-10 05:00:00,40,6,34
2018-07-10 06:00:00,91,12,79
2018-07-10 07:00:00,186,26,160
2018-07-10 08:00:00,163,20,143
2018-07-10 09:00:00,64,15,49
2018-07-10 10:00:00,22,4,18
2018-07-10 11:00:00,20,5,15
2018-07-10 12:00:00,22,12,10
2018-07-10 13:00:00,32,13,19
2018-07-10 14:00:00,39,24,15
2018-07-10 15:00:00,41,33,8
2018-07-10 16:00:00,129,104,25
2018-07-10 17:00:00,206,176,30
2018-07-10 18:00:00,156,136,20
2018-07-10 19:00:00,56,46,10
2018-07-10 20:00:00,46,26,20
2018-07-10 21:00:00,29,17,12
2018-07-10 22:00:00,9,8,1
2018-07-10 23:00:00,5,5,0
2018-07-11 00:00:00,1,1,0
2018-07-11 01:00:00,2,0,2
2018-07-11 02:00:00,2,2,0
2018-07-11 03:00:00,3,3,0
2018-07-11 04:00:00,10,2,8
2018-07-11 05:00:00,36,7,29
2018-07-11 06:00:00,121,13,108
2018-07-11 07:00:00,176,13,163
2018-07-11 08:00:00,164,24,140
2018-07-11 09:00:00,85,19,66
2018-07-11 10:00:00,37,13,24
2018-07-11 11:00:00,34,14,20
2018-07-11 12:00:00,33,12,21
2018-07-11 13:00:00,32,16,16
2018-07-11 14:00:00,38,16,22
2018-07-11 15:00:00,77,61,16
2018-07-11 16:00:00,132,96,36
2018-07-11 17:00:00,231,199,32
2018-07-11 18:00:00,145,127,18
2018-07-11 19:00:00,76,62,14
2018-07-11 20:00:00,48,29,19
2018-07-11 21:00:00,31,19,12
2018-07-11 22:00:00,25,14,11
2018-07-11 23:00:00,4,1,3
2018-07-12 00:00:00,4,3,1
2018-07-12 01:00:00,1,1,0
2018-07-12 02:00:00,2,2,0
2018-07-12 03:00:00,1,1,0
2018-07-12 04:00:00,7,1,6
2018-07-12 05:00:00,34,4,30
2018-07-12 06:00:00,108,10,98
2018-07-12 07:00:00,164,9,155
2018-07-12 08:00:00,165,12,153
2018-07-12 09:00:00,77,8,69
2018-07-12 10:00:00,45,20,25
2018-07-12 11:00:00,43,13,30
2018-07-12 12:00:00,44,20,24
2018-07-12 13:00:00,36,14,22
2018-07-12 14:00:00,40,27,13
2018-07-12 15:00:00,72,54,18
2018-07-12 16:00:00,129,110,19
2018-07-12 17:00:00,192,166,26
2018-07-12 18:00:00,137,123,14
2018-07-12 19:00:00,65,57,8
2018-07-12 20:00:00,43,30,13
2018-07-12 21:00:00,27,18,9
2018-07-12 22:00:00,17,10,7
2018-07-12 23:00:00,5,1,4
2018-07-13 00:00:00,3,2,1
2018-07-13 01:00:00,2,2,0
2018-07-13 02:00:00,3,1,2
2018-07-13 03:00:00,5,4,1
2018-07-13 04:00:00,8,1,7
2018-07-13 05:00:00,29,5,24
2018-07-13 06:00:00,88,13,75
2018-07-13 07:00:00,152,10,142
2018-07-13 08:00:00,124,16,108
2018-07-13 09:00:00,38,11,27
2018-07-13 10:00:00,36,12,24
2018-07-13 11:00:00,47,23,24
2018-07-13 12:00:00,25,11,14
2018-07-13 13:00:00,47,26,21
2018-07-13 14:00:00,52,29,23
2018-07-13 15:00:00,74,59,15
2018-07-13 16:00:00,119,96,23
2018-07-13 17:00:00,159,141,18
2018-07-13 18:00:00,82,70,12
2018-07-13 19:00:00,45,30,15
2018-07-13 20:00:00,31,17,14
2018-07-13 21:00:00,28,14,14
2018-07-13 22:00:00,10,5,5
2018-07-13 23:00:00,14,6,8
2018-07-14 00:00:00,11,10,1
2018-07-14 01:00:00,2,1,1
2018-07-14 02:00:00,3,1,2
2018-07-14 03:00:00,3,2,1
2018-07-14 04:00:00,9,3,6
2018-07-14 05:00:00,9,3,6
2018-07-14 06:00:00,17,3,14
2018-07-14 07:00:00,17,6,11
2018-07-14 08:00:00,26,9,17
2018-07-14 09:00:00,58,27,31
2018-07-14 10:00:00,70,37,33
2018-07-14 11:00:00,69,45,24
2018-07-14 12:00:00,87,47,40
2018-07-14 13:00:00,88,40,48
2018-07-14 14:00:00,76,36,40
2018-07-14 15:00:00,65,27,38
2018-07-14 16:00:00,59,41,18
2018-07-14 17:00:00,45,23,22
2018-07-14 18:00:00,48,27,21
2018-07-14 19:00:00,36,15,21
2018-07-14 20:00:00,37,19,18
2018-07-14 21:00:00,17,8,9
2018-07-14 22:00:00,13,4,9
2018-07-14 23:00:00,10,5,5
2018-07-15 00:00:00,3,3,0
2018-07-15 01:00:00,2,0,2
2018-07-15 02:00:00,3,2,1
2018-07-15 03:00:00,3,0,3
2018-07-15 04:00:00,3,2,1
2018-07-15 05:00:00,3,2,1
2018-07-15 06:00:00,21,9,12
2018-07-15 07:00:00,26,11,15
2018-07-15 08:00:00,39,13,26
2018-07-15 09:00:00,34,14,20
2018-07-15 10:00:00,69,34,35
2018-07-15 11:00:00,72,34,38
2018-07-15 12:00:00,76,41,35
2018-07-15 13:00:00,78,39,39
2018-07-15 14:00:00,49,29,20
2018-07-15 15:00:00,59,36,23
2018-07-15 16:00:00,54,25,29
2018-07-15 17:00:00,41,20,21
2018-07-15 18:00:00,34,21,13
2018-07-15 19:00:00,26,17,9
2018-07-15 20:00:00,20,12,8
2018-07-15 21:00:00,20,11,9
2018-07-15 22:00:00,10,7,3
2018-07-15 23:00:00,8,5,3
2018-07-16 00:00:00,4,1,3
2018-07-16 01:00:00,8,3,5
2018-07-16 02:00:00,1,0,1
2018-07-16 03:00:00,0,0,0
2018-07-16 04:00:00,9,4,5
2018-07-16 05:00:00,32,8,24
2018-07-16 06:00:00,61,5,56
2018-07-16 07:00:00,203,18,185
2018-07-16 08:00:00,156,13,143
2018-07-16 09:00:00,72,13,59
2018-07-16 10:00:00,27,7,20
2018-07-16 11:00:00,29,12,17
2018-07-16 12:00:00,37,24,13
2018-07-16 13:00:00,25,10,15
2018-07-16 14:00:00,28,15,13
2018-07-16 15:00:00,58,40,18
2018-07-16 16:00:00,114,100,14
2018-07-16 17:00:00,198,177,21
2018-07-16 18:00:00,145,126,19
2018-07-16 19:00:00,42,37,5
2018-07-16 20:00:00,51,22,29
2018-07-16 21:00:00,31,16,15
2018-07-16 22:00:00,5,4,1
2018-07-16 23:00:00,9,5,4
2018-07-17 00:00:00,3,2,1
2018-07-17 01:00:00,0,0,0
2018-07-17 02:00:00,4,4,0
2018-07-17 03:00:00,1,1,0
2018-07-17 04:00:00,11,5,6
2018-07-17 05:00:00,43,11,32
2018-07-17 06:00:00,98,11,87
2018-07-17 07:00:00,180,17,163
2018-07-17 08:00:00,163,16,147
2018-07-17 09:00:00,57,11,46
2018-07-17 10:00:00,31,10,21
2018-07-17 11:00:00,39,19,20
2018-07-17 12:00:00,24,10,14
2018-07-17 13:00:00,16,6,10
2018-07-17 14:00:00,46,25,21
2018-07-17 15:00:00,62,44,18
2018-07-17 16:00:00,130,114,16
2018-07-17 17:00:00,204,175,29
2018-07-17 18:00:00,128,106,22
2018-07-17 19:00:00,63,50,13
2018-07-17 20:00:00,44,32,12
2018-07-17 21:00:00,31,17,14
2018-07-17 22:00:00,13,7,6
2018-07-17 23:00:00,17,14,3
2018-07-18 00:00:00,5,4,1
2018-07-18 01:00:00,2,2,0
2018-07-18 02:00:00,2,0,2
2018-07-18 03:00:00,3,2,1
2018-07-18 04:00:00,6,1,5
2018-07-18 05:00:00,41,9,32
2018-07-18 06:00:00,123,16,107
2018-07-18 07:00:00,174,24,150
2018-07-18 08:00:00,154,21,133
2018-07-18 09:00:00,82,9,73
2018-07-18 10:00:00,33,5,28
2018-07-18 11:00:00,31,10,21
2018-07-18 12:00:00,19,9,10
2018-07-18 13:00:00,38,24,14
2018-07-18 14:00:00,35,17,18
2018-07-18 15:00:00,48,40,8
2018-07-18 16:00:00,138,108,30
2018-07-18 17:00:00,218,196,22
2018-07-18 18:00:00,125,106,19
2018-07-18 19:00:00,76,57,19
2018-07-18 20:00:00,33,25,8
2018-07-18 21:00:00,40,24,16
2018-07-18 22:00:00,17,13,4
2018-07-18 23:00:00,4,3,1
2018-07-19 00:00:00,5,5,0
2018-07-19 01:00:00,1,0,1
2018-07-19 02:00:00,1,0,1
2018-07-19 03:00:00,3,2,1
2018-07-19 04:00:00,9,3,6
2018-07-19 05:00:00,37,6,31
2018-07-19 06:00:00,90,6,84
2018-07-19 07:00:00,165,15,150
2018-07-19 08:00:00,117,5,112
2018-07-19 09:00:00,64,9,55
2018-07-19 10:00:00,31,7,24
2018-07-19 11:00:00,29,12,17
2018-07-19 12:00:00,24,7,17
2018-07-19 13:00:00,32,15,17
2018-07-19 14:00:00,31,12,19
2018-07-19 15:00:00,60,47,13
2018-07-19 16:00:00,107,88,19
2018-07-19 17:00:00,184,162,22
2018-07-19 18:00:00,107,94,13
2018-07-19 19:00:00,65,53,12
2018-07-19 20:00:00,32,26,6
2018-07-19 21:00:00,22,17,5
2018-07-19 22:00:00,13,8,5
2018-07-19 23:00:00,2,2,0
2018-07-20 00:00:00,6,4,2
2018-07-20 01:00:00,3,1,2
2018-07-20 02:00:00,3,2,1
2018-07-20 03:00:00,0,0,0
2018-07-20 04:00:00,8,2,6
2018-07-20 05:00:00,28,5,23
2018-07-20 06:00:00,78,9,69
2018-07-20 07:00:00,129,15,114
2018-07-20 08:00:00,124,10,114
2018-07-20 09:00:00,46,11,35
2018-07-20 10:00:00,35,3,32
2018-07-20 11:00:00,28,15,13
2018-07-20 12:00:00,39,16,23
2018-07-20 13:00:00,37,19,18
2018-07-20 14:00:00,48,33,15
2018-07-20 15:00:00,92,65,27
2018-07-20 16:00:00,116,83,33
2018-07-20 17:00:00,146,125,21
2018-07-20 18:00:00,78,62,16
2018-07-20 19:00:00,56,40,16
2018-07-20 20:00:00,25,15,10
2018-07-20 21:00:00,14,10,4
2018-07-20 22:00:00,20,19,1
2018-07-20 23:00:00,11,10,1
2018-07-21 00:00:00,7,3,4
2018-07-21 01:00:00,4,2,2
2018-07-21 02:00:00,3,2,1
2018-07-21 03:00:00,2,1,1
2018-07-21 04:00:00,3,2,1
2018-07-21 05:00:00,4,1,3
2018-07-21 06:00:00,21,11,10
2018-07-21 07:00:00,34,19,15
2018-07-21 08:00:00,48,9,39
2018-07-21 09:00:00,44,20,24
2018-07-21 10:00:00,82,57,25
2018-07-21 11:00:00,109,59,50
2018-07-21 12:00:00,89,32,57
2018-07-21 13:00:00,74,35,39
2018-07-21 14:00:00,79,46,33
2018-07-21 15:00:00,102,62,40
2018-07-21 16:00:00,52,29,23
2018-07-21 17:00:00,97,46,51
2018-07-21 18:00:00,49,28,21
2018-07-21 19:00:00,28,15,13
2018-07-21 20:00:00,32,15,17
2018-07-21 21:00:00,24,13,11
2018-07-21 22:00:00,15,12,3
2018-07-21 23:00:00,5,5,0
2018-07-22 00:00:00,8,4,4
2018-07-22 01:00:00,8,5,3
2018-07-22 02:00:00,11,10,1
2018-07-22 03:00:00,1,1,0
2018-07-22 04:00:00,0,0,0
2018-07-22 05:00:00,1,0,1
2018-07-22 06:00:00,8,2,6
2018-07-22 07:00:00,15,6,9
2018-07-22 08:00:00,24,7,17
2018-07-22 09:00:00,43,26,17
2018-07-22 10:00:00,56,24,32
2018-07-22 11:00:00,84,43,41
2018-07-22 12:00:00,78,26,52
2018-07-22 13:00:00,69,38,31
2018-07-22 14:00:00,78,39,39
2018-07-22 15:00:00,66,33,33
2018-07-22 16:00:00,72,42,30
2018-07-22 17:00:00,38,16,22
2018-07-22 18:00:00,46,28,18
2018-07-22 19:00:00,37,23,14
2018-07-22 20:00:00,18,10,8
2018-07-22 21:00:00,21,11,10
2018-07-22 22:00:00,5,3,2
2018-07-22 23:00:00,6,3,3
2018-07-23 00:00:00,2,1,1
2018-07-23 01:00:00,2,2,0
2018-07-23 02:00:00,2,1,1
2018-07-23 03:00:00,0,0,0
2018-07-23 04:00:00,6,0,6
2018-07-23 05:00:00,41,6,35
2018-07-23 06:00:00,101,9,92
2018-07-23 07:00:00,177,19,158
2018-07-23 08:00:00,167,17,150
2018-07-23 09:00:00,79,13,66
2018-07-23 10:00:00,38,9,29
2018-07-23 11:00:00,17,6,11
2018-07-23 12:00:00,29,12,17
2018-07-23 13:00:00,34,20,14
2018-07-23 14:00:00,55,33,22
2018-07-23 15:00:00,44,35,9
2018-07-23 16:00:00,123,102,21
2018-07-23 17:00:00,199,184,15
2018-07-23 18:00:00,139,129,10
2018-07-23 19:00:00,59,47,12
2018-07-23 20:00:00,39,21,18
2018-07-23 21:00:00,24,16,8
2018-07-23 22:00:00,11,9,2
2018-07-23 23:00:00,6,3,3
2018-07-24 00:00:00,1,1,0
2018-07-24 01:00:00,6,3,3
2018-07-24 02:00:00,0,0,0
2018-07-24 03:00:00,1,0,1
2018-07-24 04:00:00,8,2,6
2018-07-24 05:00:00,44,8,36
2018-07-24 06:00:00,106,13,93
2018-07-24 07:00:00,210,21,189
2018-07-24 08:00:00,166,10,156
2018-07-24 09:00:00,74,16,58
2018-07-24 10:00:00,34,14,20
2018-07-24 11:00:00,35,12,23
2018-07-24 12:00:00,28,10,18
2018-07-24 13:00:00,26,17,9
2018-07-24 14:00:00,40,23,17
2018-07-24 15:00:00,85,61,24
2018-07-24 16:00:00,138,116,22
2018-07-24 17:00:00,225,197,28
2018-07-24 18:00:00,137,115,22
2018-07-24 19:00:00,63,53,10
2018-07-24 20:00:00,27,20,7
2018-07-24 21:00:00,21,12,9
2018-07-24 22:00:00,17,15,2
2018-07-24 23:00:00,7,6,1
2018-07-25 00:00:00,6,4,2
2018-07-25 01:00:00,1,1,0
2018-07-25 02:00:00,3,1,2
2018-07-25 03:00:00,4,3,1
2018-07-25 04:00:00,6,1,5
2018-07-25 05:00:00,37,7,30
2018-07-25 06:00:00,113,12,101
2018-07-25 07:00:00,159,18,141
2018-07-25 08:00:00,163,18,145
2018-07-25 09:00:00,70,16,54
2018-07-25 10:00:00,47,13,34
2018-07-25 11:00:00,38,19,19
2018-07-25 12:00:00,34,14,20
2018-07-25 13:00:00,40,24,16
2018-07-25 14:00:00,25,8,17
2018-07-25 15:00:00,67,50,17
2018-07-25 16:00:00,147,126,21
2018-07-25 17:00:00,201,176,25
2018-07-25 18:00:00,154,130,24
2018-07-25 19:00:00,77,59,18
2018-07-25 20:00:00,47,38,9
2018-07-25 21:00:00,37,23,14
2018-07-25 22:00:00,18,12,6
2018-07-25 23:00:00,14,9,5
2018-07-26 00:00:00,5,2,3
2018-07-26 01:00:00,5,3,2
2018-07-26 02:00:00,3,2,1
2018-07-26 03:00:00,4,4,0
2018-07-26 04:00:00,4,1,3
2018-07-26 05:00:00,31,2,29
2018-07-26 06:00:00,91,9,82
2018-07-26 07:00:00,137,12,125
2018-07-26 08:00:00,179,15,164
2018-07-26 09:00:00,79,12,67
2018-07-26 10:00:00,41,17,24
2018-07-26 11:00:00,30,14,16
2018-07-26 12:00:00,43,17,26
2018-07-26 13:00:00,33,18,15
2018-07-26 14:00:00,40,23,17
2018-07-26 15:00:00,51,35,16
2018-07-26 16:00:00,114,86,28
2018-07-26 17:00:00,207,181,26
2018-07-26 18:00:00,128,101,27
2018-07-26 19:00:00,71,63,8
2018-07-26 20:00:00,57,35,22
2018-07-26 21:00:00,15,11,4
2018-07-26 22:00:00,9,6,3
2018-07-26 23:00:00,14,10,4
2018-07-27 00:00:00,5,5,0
2018-07-27 01:00:00,1,0,1
2018-07-27 02:00:00,1,0,1
2018-07-27 03:00:00,3,2,1
2018-07-27 04:00:00,6,2,4
2018-07-27 05:00:00,24,4,20
2018-07-27 06:00:00,79,7,72
2018-07-27 07:00:00,130,12,118
2018-07-27 08:00:00,131,11,120
2018-07-27 09:00:00,55,11,44
2018-07-27 10:00:00,39,18,21
2018-07-27 11:00:00,32,14,18
2018-07-27 12:00:00,25,11,14
2018-07-27 13:00:00,34,15,19
2018-07-27 14:00:00,54,36,18
2018-07-27 15:00:00,64,49,15
2018-07-27 16:00:00,125,100,25
2018-07-27 17:00:00,157,138,19
2018-07-27 18:00:00,82,67,15
2018-07-27 19:00:00,62,47,15
2018-07-27 20:00:00,30,22,8
2018-07-27 21:00:00,24,13,11
2018-07-27 22:00:00,17,11,6
2018-07-27 23:00:00,9,7,2
2018-07-28 00:00:00,6,5,1
2018-07-28 01:00:00,3,3,0
2018-07-28 02:00:00,2,1,1
2018-07-28 03:00:00,2,1,1
2018-07-28 04:00:00,3,2,1
2018-07-28 05:00:00,7,1,6
2018-07-28 06:00:00,14,6,8
2018-07-28 07:00:00,28,10,18
2018-07-28 08:00:00,29,13,16
2018-07-28 09:00:00,60,30,30
2018-07-28 10:00:00,61,37,24
2018-07-28 11:00:00,73,40,33
2018-07-28 12:00:00,73,38,35
2018-07-28 13:00:00,50,29,21
2018-07-28 14:00:00,64,23,41
2018-07-28 15:00:00,44,20,24
2018-07-28 16:00:00,60,30,30
2018-07-28 17:00:00,52,31,21
2018-07-28 18:00:00,35,19,16
2018-07-28 19:00:00,38,25,13
2018-07-28 20:00:00,23,11,12
2018-07-28 21:00:00,21,10,11
2018-07-28 22:00:00,24,9,15
2018-07-28 23:00:00,14,8,6
2018-07-29 00:00:00,7,5,2
2018-07-29 01:00:00,1,0,1
2018-07-29 02:00:00,6,4,2
2018-07-29 03:00:00,1,0,1
2018-07-29 04:00:00,0,0,0
2018-07-29 05:00:00,6,5,1
2018-07-29 06:00:00,9,3,6
2018-07-29 07:00:00,21,9,12
2018-07-29 08:00:00,51,19,32
2018-07-29 09:00:00,50,28,22
2018-07-29 10:00:00,71,39,32
2018-07-29 11:00:00,71,44,27
2018-07-29 12:00:00,103,46,57
2018-07-29 13:00:00,77,35,42
2018-07-29 14:00:00,67,32,35
2018-07-29 15:00:00,56,18,38
2018-07-29 16:00:00,69,36,33
2018-07-29 17:00:00,53,24,29
2018-07-29 18:00:00,42,19,23
2018-07-29 19:00:00,26,17,9
2018-07-29 20:00:00,26,13,13
2018-07-29 21:00:00,13,7,6
2018-07-29 22:00:00,11,4,7
2018-07-29 23:00:00,5,3,2
2018-07-30 00:00:00,7,4,3
2018-07-30 01:00:00,7,4,3
2018-07-30 02:00:00,3,1,2
2018-07-30 03:00:00,2,1,1
2018-07-30 04:00:00,10,1,9
2018-07-30 05:00:00,30,7,23
2018-07-30 06:00:00,92,16,76
2018-07-30 07:00:00,173,15,158
2018-07-30 08:00:00,156,15,141
2018-07-30 09:00:00,69,8,61
2018-07-30 10:00:00,29,10,19
2018-07-30 11:00:00,27,13,14
2018-07-30 12:00:00,27,17,10
2018-07-30 13:00:00,23,11,12
2018-07-30 14:00:00,34,22,12
2018-07-30 15:00:00,56,44,12
2018-07-30 16:00:00,115,96,19
2018-07-30 17:00:00,213,183,30
2018-07-30 18:00:00,139,121,18
2018-07-30 19:00:00,61,45,16
2018-07-30 20:00:00,18,9,9
2018-07-30 21:00:00,22,17,5
2018-07-30 22:00:00,15,13,2
2018-07-30 23:00:00,7,4,3
2018-07-31 00:00:00,3,3,0
2018-07-31 01:00:00,5,4,1
2018-07-31 02:00:00,1,1,0
2018-07-31 03:00:00,3,1,2
2018-07-31 04:00:00,8,2,6
2018-07-31 05:00:00,38,6,32
2018-07-31 06:00:00,91,11,80
2018-07-31 07:00:00,194,17,177
2018-07-31 08:00:00,166,16,150
2018-07-31 09:00:00,66,15,51
2018-07-31 10:00:00,36,9,27
2018-07-31 11:00:00,26,15,11
2018-07-31 12:00:00,33,10,23
2018-07-31 13:00:00,27,14,13
2018-07-31 14:00:00,39,16,23
2018-07-31 15:00:00,66,52,14
2018-07-31 16:00:00,142,114,28
2018-07-31 17:00:00,219,181,38
2018-07-31 18:00:00,128,114,14
2018-07-31 19:00:00,73,59,14
2018-07-31 20:00:00,45,32,13
2018-07-31 21:00:00,29,16,13
2018-07-31 22:00:00,23,14,9
2018-07-31 23:00:00,11,10,1
2018-08-01 00:00:00,7,7,0
2018-08-01 01:00:00,5,4,1
2018-08-01 02:00:00,3,1,2
2018-08-01 03:00:00,2,1,1
2018-08-01 04:00:00,8,1,7
2018-08-01 05:00:00,38,8,30
2018-08-01 06:00:00,86,12,74
2018-08-01 07:00:00,189,17,172
2018-08-01 08:00:00,148,15,133
2018-08-01 09:00:00,61,9,52
2018-08-01 10:00:00,27,9,18
2018-08-01 11:00:00,20,5,15
2018-08-01 12:00:00,34,17,17
2018-08-01 13:00:00,27,12,15
2018-08-01 14:00:00,31,13,18
2018-08-01 15:00:00,52,38,14
2018-08-01 16:00:00,145,114,31
2018-08-01 17:00:00,215,189,26
2018-08-01 18:00:00,128,109,19
2018-08-01 19:00:00,79,64,15
2018-08-01 20:00:00,55,37,18
2018-08-01 21:00:00,31,18,13
2018-08-01 22:00:00,19,12,7
2018-08-01 23:00:00,7,3,4
2018-08-02 00:00:00,11,9,2
2018-08-02 01:00:00,6,4,2
2018-08-02 02:00:00,0,0,0
2018-08-02 03:00:00,1,1,0
2018-08-02 04:00:00,2,1,1
2018-08-02 05:00:00,14,5,9
2018-08-02 06:00:00,15,7,8
2018-08-02 07:00:00,47,7,40
2018-08-02 08:00:00,89,13,76
2018-08-02 09:00:00,43,7,36
2018-08-02 10:00:00,29,8,21
2018-08-02 11:00:00,17,5,12
2018-08-02 12:00:00,18,7,11
2018-08-02 13:00:00,16,9,7
2018-08-02 14:00:00,25,11,14
2018-08-02 15:00:00,51,35,16
2018-08-02 16:00:00,76,62,14
2018-08-02 17:00:00,161,140,21
2018-08-02 18:00:00,97,80,17
2018-08-02 19:00:00,61,44,17
2018-08-02 20:00:00,21,13,8
2018-08-02 21:00:00,13,8,5
2018-08-02 22:00:00,19,14,5
2018-08-02 23:00:00,5,5,0
2018-08-03 00:00:00,2,1,1
2018-08-03 01:00:00,7,3,4
2018-08-03 02:00:00,4,4,0
2018-08-03 03:00:00,2,0,2
2018-08-03 04:00:00,5,2,3
2018-08-03 05:00:00,20,5,15
2018-08-03 06:00:00,45,7,38
2018-08-03 07:00:00,113,10,103
2018-08-03 08:00:00,119,14,105
2018-08-03 09:00:00,39,11,28
2018-08-03 10:00:00,38,7,31
2018-08-03 11:00:00,27,10,17
2018-08-03 12:00:00,23,8,15
2018-08-03 13:00:00,36,20,16
2018-08-03 14:00:00,49,28,21
2018-08-03 15:00:00,65,41,24
2018-08-03 16:00:00,90,71,19
2018-08-03 17:00:00,142,111,31
2018-08-03 18:00:00,80,67,13
2018-08-03 19:00:00,37,29,8
2018-08-03 20:00:00,37,18,19
2018-08-03 21:00:00,18,15,3
2018-08-03 22:00:00,21,18,3
2018-08-03 23:00:00,7,3,4
2018-08-04 00:00:00,8,7,1
2018-08-04 01:00:00,8,3,5
2018-08-04 02:00:00,1,0,1
2018-08-04 03:00:00,4,3,1
2018-08-04 04:00:00,3,2,1
2018-08-04 05:00:00,7,1,6
2018-08-04 06:00:00,15,4,11
2018-08-04 07:00:00,21,8,13
2018-08-04 08:00:00,43,13,30
2018-08-04 09:00:00,33,8,25
2018-08-04 10:00:00,61,35,26
2018-08-04 11:00:00,57,21,36
2018-08-04 12:00:00,89,41,48
2018-08-04 13:00:00,62,40,22
2018-08-04 14:00:00,107,80,27
2018-08-04 15:00:00,124,91,33
2018-08-04 16:00:00,173,137,36
2018-08-04 17:00:00,156,122,34
2018-08-04 18:00:00,64,31,33
2018-08-04 19:00:00,41,23,18
2018-08-04 20:00:00,27,10,17
2018-08-04 21:00:00,28,20,8
2018-08-04 22:00:00,21,14,7
2018-08-04 23:00:00,19,15,4
2018-08-05 00:00:00,9,9,0
2018-08-05 01:00:00,8,5,3
2018-08-05 02:00:00,2,2,0
2018-08-05 03:00:00,3,2,1
2018-08-05 04:00:00,2,1,1
2018-08-05 05:00:00,7,2,5
2018-08-05 06:00:00,11,3,8
2018-08-05 07:00:00,20,10,10
2018-08-05 08:00:00,37,12,25
2018-08-05 09:00:00,42,21,21
2018-08-05 10:00:00,45,17,28
2018-08-05 11:00:00,72,32,40
2018-08-05 12:00:00,89,41,48
2018-08-05 13:00:00,76,37,39
2018-08-05 14:00:00,87,49,38
2018-08-05 15:00:00,94,55,39
2018-08-05 16:00:00,77,44,33
2018-08-05 17:00:00,49,28,21
2018-08-05 18:00:00,49,27,22
2018-08-05 19:00:00,29,11,18
2018-08-05 20:00:00,26,19,7
2018-08-05 21:00:00,11,9,2
2018-08-05 22:00:00,11,8,3
2018-08-05 23:00:00,15,10,5
2018-08-06 00:00:00,11,7,4
2018-08-06 01:00:00,4,2,2
2018-08-06 02:00:00,2,2,0
2018-08-06 03:00:00,2,1,1
2018-08-06 04:00:00,10,1,9
2018-08-06 05:00:00,32,4,28
2018-08-06 06:00:00,107,17,90
2018-08-06 07:00:00,193,9,184
2018-08-06 08:00:00,146,13,133
2018-08-06 09:00:00,76,17,59
2018-08-06 10:00:00,43,18,25
2018-08-06 11:00:00,22,12,10
2018-08-06 12:00:00,19,7,12
2018-08-06 13:00:00,33,11,22
2018-08-06 14:00:00,29,16,13
2018-08-06 15:00:00,72,50,22
2018-08-06 16:00:00,157,128,29
2018-08-06 17:00:00,246,217,29
2018-08-06 18:00:00,137,119,18
2018-08-06 19:00:00,78,63,15
2018-08-06 20:00:00,39,27,12
2018-08-06 21:00:00,8,6,2
2018-08-06 22:00:00,8,5,3
2018-08-06 23:00:00,6,6,0
2018-08-07 00:00:00,3,2,1
2018-08-07 01:00:00,6,5,1
2018-08-07 02:00:00,3,1,2
2018-08-07 03:00:00,2,1,1
2018-08-07 04:00:00,13,3,10
2018-08-07 05:00:00,37,5,32
2018-08-07 06:00:00,101,7,94
2018-08-07 07:00:00,206,19,187
2018-08-07 08:00:00,183,21,162
2018-08-07 09:00:00,79,11,68
2018-08-07 10:00:00,42,13,29
2018-08-07 11:00:00,31,12,19
2018-08-07 12:00:00,29,16,13
2018-08-07 13:00:00,26,17,9
2018-08-07 14:00:00,37,26,11
2018-08-07 15:00:00,57,38,19
2018-08-07 16:00:00,168,136,32
2018-08-07 17:00:00,225,200,25
2018-08-07 18:00:00,152,124,28
2018-08-07 19:00:00,60,41,19
2018-08-07 20:00:00,36,25,11
2018-08-07 21:00:00,25,15,10
2018-08-07 22:00:00,17,8,9
2018-08-07 23:00:00,8,6,2
2018-08-08 00:00:00,3,2,1
2018-08-08 01:00:00,6,2,4
2018-08-08 02:00:00,2,1,1
2018-08-08 03:00:00,3,2,1
2018-08-08 04:00:00,8,3,5
2018-08-08 05:00:00,34,9,25
2018-08-08 06:00:00,96,15,81
2018-08-08 07:00:00,184,18,166
2018-08-08 08:00:00,156,15,141
2018-08-08 09:00:00,88,9,79
2018-08-08 10:00:00,35,15,20
2018-08-08 11:00:00,35,11,24
2018-08-08 12:00:00,19,7,12
2018-08-08 13:00:00,38,13,25
2018-08-08 14:00:00,36,19,17
2018-08-08 15:00:00,66,48,18
2018-08-08 16:00:00,123,101,22
2018-08-08 17:00:00,210,183,27
2018-08-08 18:00:00,140,118,22
2018-08-08 19:00:00,79,59,20
2018-08-08 20:00:00,47,27,20
2018-08-08 21:00:00,31,19,12
2018-08-08 22:00:00,7,6,1
2018-08-08 23:00:00,9,7,2
2018-08-09 00:00:00,30,26,4
2018-08-09 01:00:00,6,5,1
2018-08-09 02:00:00,3,2,1
2018-08-09 03:00:00,3,2,1
2018-08-09 04:00:00,8,3,5
2018-08-09 05:00:00,38,4,34
2018-08-09 06:00:00,82,12,70
2018-08-09 07:00:00,170,16,154
2018-08-09 08:00:00,167,15,152
2018-08-09 09:00:00,71,10,61
2018-08-09 10:00:00,46,8,38
2018-08-09 11:00:00,21,9,12
2018-08-09 12:00:00,29,14,15
2018-08-09 13:00:00,21,7,14
2018-08-09 14:00:00,31,15,16
2018-08-09 15:00:00,54,41,13
2018-08-09 16:00:00,109,85,24
2018-08-09 17:00:00,197,173,24
2018-08-09 18:00:00,156,128,28
2018-08-09 19:00:00,71,58,13
2018-08-09 20:00:00,27,21,6
2018-08-09 21:00:00,25,21,4
2018-08-09 22:00:00,18,12,6
2018-08-09 23:00:00,12,10,2
2018-08-10 00:00:00,7,4,3
2018-08-10 01:00:00,2,1,1
2018-08-10 02:00:00,1,0,1
2018-08-10 03:00:00,0,0,0
2018-08-10 04:00:00,8,1,7
2018-08-10 05:00:00,24,4,20
2018-08-10 06:00:00,67,11,56
2018-08-10 07:00:00,157,8,149
2018-08-10 08:00:00,113,15,98
2018-08-10 09:00:00,53,12,41
2018-08-10 10:00:00,33,11,22
2018-08-10 11:00:00,38,15,23
2018-08-10 12:00:00,27,16,11
2018-08-10 13:00:00,35,21,14
2018-08-10 14:00:00,49,33,16
2018-08-10 15:00:00,53,38,15
2018-08-10 16:00:00,111,91,20
2018-08-10 17:00:00,176,151,25
2018-08-10 18:00:00,85,59,26
2018-08-10 19:00:00,46,33,13
2018-08-10 20:00:00,37,27,10
2018-08-10 21:00:00,11,7,4
2018-08-10 22:00:00,9,7,2
2018-08-10 23:00:00,17,11,6
2018-08-11 00:00:00,22,20,2
2018-08-11 01:00:00,8,8,0
2018-08-11 02:00:00,3,2,1
2018-08-11 03:00:00,3,2,1
2018-08-11 04:00:00,5,2,3
2018-08-11 05:00:00,7,2,5
2018-08-11 06:00:00,16,5,11
2018-08-11 07:00:00,22,10,12
2018-08-11 08:00:00,28,9,19
2018-08-11 09:00:00,38,19,19
2018-08-11 10:00:00,43,24,19
2018-08-11 11:00:00,71,43,28
2018-08-11 12:00:00,97,46,51
2018-08-11 13:00:00,167,59,108
2018-08-11 14:00:00,186,72,114
2018-08-11 15:00:00,191,103,88
2018-08-11 16:00:00,184,131,53
2018-08-11 17:00:00,150,128,22
2018-08-11 18:00:00,117,83,34
2018-08-11 19:00:00,176,108,68
2018-08-11 20:00:00,89,20,69
2018-08-11 21:00:00,107,7,100
2018-08-11 22:00:00,175,14,161
2018-08-11 23:00:00,87,6,81
2018-08-12 00:00:00,23,4,19
2018-08-12 01:00:00,4,0,4
2018-08-12 02:00:00,2,1,1
2018-08-12 03:00:00,2,0,2
2018-08-12 04:00:00,5,0,5
2018-08-12 05:00:00,4,1,3
2018-08-12 06:00:00,6,3,3
2018-08-12 07:00:00,22,6,16
2018-08-12 08:00:00,32,8,24
2018-08-12 09:00:00,47,27,20
2018-08-12 10:00:00,47,27,20
2018-08-12 11:00:00,55,32,23
2018-08-12 12:00:00,47,29,18
2018-08-12 13:00:00,51,22,29
2018-08-12 14:00:00,61,25,36
2018-08-12 15:00:00,64,27,37
2018-08-12 16:00:00,67,32,35
2018-08-12 17:00:00,63,36,27
2018-08-12 18:00:00,51,30,21
2018-08-12 19:00:00,11,3,8
2018-08-12 20:00:00,14,8,6
2018-08-12 21:00:00,13,8,5
2018-08-12 22:00:00,15,11,4
2018-08-12 23:00:00,3,3,0
2018-08-13 00:00:00,0,0,0
2018-08-13 01:00:00,0,0,0
2018-08-13 02:00:00,2,2,0
2018-08-13 03:00:00,2,0,2
2018-08-13 04:00:00,3,0,3
2018-08-13 05:00:00,30,6,24
2018-08-13 06:00:00,81,9,72
2018-08-13 07:00:00,179,17,162
2018-08-13 08:00:00,142,8,134
2018-08-13 09:00:00,76,7,69
2018-08-13 10:00:00,29,7,22
2018-08-13 11:00:00,30,15,15
2018-08-13 12:00:00,32,12,20
2018-08-13 13:00:00,34,17,17
2018-08-13 14:00:00,33,21,12
2018-08-13 15:00:00,47,36,11
2018-08-13 16:00:00,129,110,19
2018-08-13 17:00:00,224,204,20
2018-08-13 18:00:00,117,101,16
2018-08-13 19:00:00,71,49,22
2018-08-13 20:00:00,22,17,5
2018-08-13 21:00:00,17,14,3
2018-08-13 22:00:00,8,2,6
2018-08-13 23:00:00,4,2,2
2018-08-14 00:00:00,10,8,2
2018-08-14 01:00:00,4,0,4
2018-08-14 02:00:00,3,2,1
2018-08-14 03:00:00,4,3,1
2018-08-14 04:00:00,4,1,3
2018-08-14 05:00:00,30,3,27
2018-08-14 06:00:00,84,11,73
2018-08-14 07:00:00,186,19,167
2018-08-14 08:00:00,160,13,147
2018-08-14 09:00:00,65,11,54
2018-08-14 10:00:00,34,8,26
2018-08-14 11:00:00,16,8,8
2018-08-14 12:00:00,18,2,16
2018-08-14 13:00:00,20,12,8
2018-08-14 14:00:00,33,19,14
2018-08-14 15:00:00,48,40,8
2018-08-14 16:00:00,117,91,26
2018-08-14 17:00:00,192,166,26
2018-08-14 18:00:00,115,101,14
2018-08-14 19:00:00,50,40,10
2018-08-14 20:00:00,33,23,10
2018-08-14 21:00:00,12,11,1
2018-08-14 22:00:00,12,9,3
2018-08-14 23:00:00,2,2,0
2018-08-15 00:00:00,2,1,1
2018-08-15 01:00:00,3,2,1
2018-08-15 02:00:00,3,3,0
2018-08-15 03:00:00,2,1,1
2018-08-15 04:00:00,10,2,8
2018-08-15 05:00:00,28,4,24
2018-08-15 06:00:00,84,7,77
2018-08-15 07:00:00,158,17,141
2018-08-15 08:00:00,137,23,114
2018-08-15 09:00:00,58,11,47
2018-08-15 10:00:00,27,10,17
2018-08-15 11:00:00,31,12,19
2018-08-15 12:00:00,23,10,13
2018-08-15 13:00:00,24,9,15
2018-08-15 14:00:00,21,11,10
2018-08-15 15:00:00,48,31,17
2018-08-15 16:00:00,108,83,25
2018-08-15 17:00:00,172,149,23
2018-08-15 18:00:00,91,80,11
2018-08-15 19:00:00,62,49,13
2018-08-15 20:00:00,35,20,15
2018-08-15 21:00:00,20,15,5
2018-08-15 22:00:00,7,5,2
2018-08-15 23:00:00,6,4,2
2018-08-16 00:00:00,4,4,0
2018-08-16 01:00:00,3,0,3
2018-08-16 02:00:00,1,1,0
2018-08-16 03:00:00,4,3,1
2018-08-16 04:00:00,9,2,7
2018-08-16 05:00:00,23,6,17
2018-08-16 06:00:00,81,8,73
2018-08-16 07:00:00,134,10,124
2018-08-16 08:00:00,134,11,123
2018-08-16 09:00:00,48,7,41
2018-08-16 10:00:00,34,14,20
2018-08-16 11:00:00,21,5,16
2018-08-16 12:00:00,14,5,9
2018-08-16 13:00:00,21,11,10
2018-08-16 14:00:00,27,17,10
2018-08-16 15:00:00,53,36,17
2018-08-16 16:00:00,103,86,17
2018-08-16 17:00:00,175,149,26
2018-08-16 18:00:00,100,85,15
2018-08-16 19:00:00,51,39,12
2018-08-16 20:00:00,33,21,12
2018-08-16 21:00:00,16,7,9
2018-08-16 22:00:00,14,10,4
2018-08-16 23:00:00,5,5,0
2018-08-17 00:00:00,2,0,2
2018-08-17 01:00:00,2,1,1
2018-08-17 02:00:00,3,1,2
2018-08-17 03:00:00,2,1,1
2018-08-17 04:00:00,3,2,1
2018-08-17 05:00:00,26,6,20
2018-08-17 06:00:00,68,4,64
2018-08-17 07:00:00,105,9,96
2018-08-17 08:00:00,119,9,110
2018-08-17 09:00:00,45,10,35
2018-08-17 10:00:00,33,9,24
2018-08-17 11:00:00,29,15,14
2018-08-17 12:00:00,28,12,16
2018-08-17 13:00:00,33,21,12
2018-08-17 14:00:00,48,30,18
2018-08-17 15:00:00,71,52,19
2018-08-17 16:00:00,132,93,39
2018-08-17 17:00:00,150,126,24
2018-08-17 18:00:00,66,55,11
2018-08-17 19:00:00,39,27,12
2018-08-17 20:00:00,30,22,8
2018-08-17 21:00:00,20,14,6
2018-08-17 22:00:00,19,12,7
2018-08-17 23:00:00,10,8,2
2018-08-18 00:00:00,5,2,3
2018-08-18 01:00:00,4,3,1
2018-08-18 02:00:00,7,5,2
2018-08-18 03:00:00,2,2,0
2018-08-18 04:00:00,1,1,0
2018-08-18 05:00:00,8,1,7
2018-08-18 06:00:00,9,2,7
2018-08-18 07:00:00,23,11,12
2018-08-18 08:00:00,23,4,19
2018-08-18 09:00:00,38,18,20
2018-08-18 10:00:00,61,33,28
2018-08-18 11:00:00,61,27,34
2018-08-18 12:00:00,69,26,43
2018-08-18 13:00:00,91,40,51
2018-08-18 14:00:00,69,29,40
2018-08-18 15:00:00,89,48,41
2018-08-18 16:00:00,60,33,27
2018-08-18 17:00:00,69,37,32
2018-08-18 18:00:00,60,42,18
2018-08-18 19:00:00,36,19,17
2018-08-18 20:00:00,22,12,10
2018-08-18 21:00:00,12,10,2
2018-08-18 22:00:00,9,5,4
2018-08-18 23:00:00,6,5,1
2018-08-19 00:00:00,5,3,2
2018-08-19 01:00:00,8,4,4
2018-08-19 02:00:00,1,1,0
2018-08-19 03:00:00,0,0,0
2018-08-19 04:00:00,1,0,1
2018-08-19 05:00:00,8,3,5
2018-08-19 06:00:00,9,3,6
2018-08-19 07:00:00,18,4,14
2018-08-19 08:00:00,20,8,12
2018-08-19 09:00:00,40,19,21
2018-08-19 10:00:00,43,20,23
2018-08-19 11:00:00,66,34,32
2018-08-19 12:00:00,68,34,34
2018-08-19 13:00:00,52,20,32
2018-08-19 14:00:00,67,28,39
2018-08-19 15:00:00,44,29,15
2018-08-19 16:00:00,38,23,15
2018-08-19 17:00:00,25,15,10
2018-08-19 18:00:00,23,16,7
2018-08-19 19:00:00,15,6,9
2018-08-19 20:00:00,5,5,0
2018-08-19 21:00:00,5,3,2
2018-08-19 22:00:00,5,5,0
2018-08-19 23:00:00,5,5,0
2018-08-20 00:00:00,2,0,2
2018-08-20 01:00:00,1,0,1
2018-08-20 02:00:00,1,1,0
2018-08-20 03:00:00,2,2,0
2018-08-20 04:00:00,6,1,5
2018-08-20 05:00:00,20,4,16
2018-08-20 06:00:00,62,14,48
2018-08-20 07:00:00,122,10,112
2018-08-20 08:00:00,96,4,92
2018-08-20 09:00:00,42,8,34
2018-08-20 10:00:00,29,9,20
2018-08-20 11:00:00,22,8,14
2018-08-20 12:00:00,17,4,13
2018-08-20 13:00:00,21,15,6
2018-08-20 14:00:00,25,13,12
2018-08-20 15:00:00,39,23,16
2018-08-20 16:00:00,72,56,16
2018-08-20 17:00:00,114,91,23
2018-08-20 18:00:00,60,55,5
2018-08-20 19:00:00,33,27,6
2018-08-20 20:00:00,12,8,4
2018-08-20 21:00:00,13,8,5
2018-08-20 22:00:00,9,7,2
2018-08-20 23:00:00,9,8,1
2018-08-21 00:00:00,6,5,1
2018-08-21 01:00:00,1,0,1
2018-08-21 02:00:00,1,1,0
2018-08-21 03:00:00,4,3,1
2018-08-21 04:00:00,4,1,3
2018-08-21 05:00:00,19,5,14
2018-08-21 06:00:00,38,12,26
2018-08-21 07:00:00,71,9,62
2018-08-21 08:00:00,63,1,62
2018-08-21 09:00:00,37,6,31
2018-08-21 10:00:00,16,4,12
2018-08-21 11:00:00,7,5,2
2018-08-21 12:00:00,8,2,6
2018-08-21 13:00:00,7,4,3
2018-08-21 14:00:00,14,7,7
2018-08-21 15:00:00,28,18,10
2018-08-21 16:00:00,58,46,12
2018-08-21 17:00:00,73,69,4
2018-08-21 18:00:00,49,43,6
2018-08-21 19:00:00,24,17,7
2018-08-21 20:00:00,14,6,8
2018-08-21 21:00:00,11,8,3
2018-08-21 22:00:00,6,5,1
2018-08-21 23:00:00,5,4,1
2018-08-22 00:00:00,5,3,2
2018-08-22 01:00:00,1,0,1
2018-08-22 02:00:00,0,0,0
2018-08-22 03:00:00,1,1,0
2018-08-22 04:00:00,5,2,3
2018-08-22 05:00:00,14,1,13
2018-08-22 06:00:00,46,8,38
2018-08-22 07:00:00,68,6,62
2018-08-22 08:00:00,64,3,61
2018-08-22 09:00:00,30,5,25
2018-08-22 10:00:00,20,5,15
2018-08-22 11:00:00,16,3,13
2018-08-22 12:00:00,11,7,4
2018-08-22 13:00:00,11,6,5
2018-08-22 14:00:00,14,11,3
2018-08-22 15:00:00,26,21,5
2018-08-22 16:00:00,61,47,14
2018-08-22 17:00:00,82,71,11
2018-08-22 18:00:00,60,50,10
2018-08-22 19:00:00,27,23,4
2018-08-22 20:00:00,19,16,3
2018-08-22 21:00:00,15,10,5
2018-08-22 22:00:00,4,4,0
2018-08-22 23:00:00,4,2,2
2018-08-23 00:00:00,4,3,1
2018-08-23 01:00:00,2,1,1
2018-08-23 02:00:00,4,4,0
2018-08-23 03:00:00,3,3,0
2018-08-23 04:00:00,10,2,8
2018-08-23 05:00:00,14,1,13
2018-08-23 06:00:00,50,8,42
2018-08-23 07:00:00,92,6,86
2018-08-23 08:00:00,95,5,90
2018-08-23 09:00:00,43,5,38
2018-08-23 10:00:00,25,5,20
2018-08-23 11:00:00,17,8,9
2018-08-23 12:00:00,19,8,11
2018-08-23 13:00:00,30,19,11
2018-08-23 14:00:00,23,11,12
2018-08-23 15:00:00,41,26,15
2018-08-23 16:00:00,82,63,19
2018-08-23 17:00:00,123,98,25
2018-08-23 18:00:00,97,77,20
2018-08-23 19:00:00,74,64,10
2018-08-23 20:00:00,25,20,5
2018-08-23 21:00:00,40,13,27
2018-08-23 22:00:00,7,6,1
2018-08-23 23:00:00,7,5,2
2018-08-24 00:00:00,3,3,0
2018-08-24 01:00:00,4,1,3
2018-08-24 02:00:00,2,1,1
2018-08-24 03:00:00,1,1,0
2018-08-24 04:00:00,9,5,4
2018-08-24 05:00:00,25,4,21
2018-08-24 06:00:00,62,10,52
2018-08-24 07:00:00,94,6,88
2018-08-24 08:00:00,96,14,82
2018-08-24 09:00:00,47,4,43
2018-08-24 10:00:00,26,8,18
2018-08-24 11:00:00,24,13,11
2018-08-24 12:00:00,22,8,14
2018-08-24 13:00:00,30,14,16
2018-08-24 14:00:00,28,18,10
2018-08-24 15:00:00,39,29,10
2018-08-24 16:00:00,98,76,22
2018-08-24 17:00:00,111,91,20
2018-08-24 18:00:00,70,57,13
2018-08-24 19:00:00,34,23,11
2018-08-24 20:00:00,21,18,3
2018-08-24 21:00:00,11,6,5
2018-08-24 22:00:00,10,9,1
2018-08-24 23:00:00,8,6,2
2018-08-25 00:00:00,13,10,3
2018-08-25 01:00:00,1,1,0
2018-08-25 02:00:00,1,0,1
2018-08-25 03:00:00,1,1,0
2018-08-25 04:00:00,2,1,1
2018-08-25 05:00:00,4,2,2
2018-08-25 06:00:00,7,0,7
2018-08-25 07:00:00,9,4,5
2018-08-25 08:00:00,25,4,21
2018-08-25 09:00:00,24,10,14
2018-08-25 10:00:00,28,13,15
2018-08-25 11:00:00,42,30,12
2018-08-25 12:00:00,46,12,34
2018-08-25 13:00:00,21,12,9
2018-08-25 14:00:00,40,18,22
2018-08-25 15:00:00,38,23,15
2018-08-25 16:00:00,32,13,19
2018-08-25 17:00:00,26,18,8
2018-08-25 18:00:00,16,6,10
2018-08-25 19:00:00,17,9,8
2018-08-25 20:00:00,15,7,8
2018-08-25 21:00:00,4,1,3
2018-08-25 22:00:00,4,1,3
2018-08-25 23:00:00,11,8,3
2018-08-26 00:00:00,14,13,1
2018-08-26 01:00:00,4,2,2
2018-08-26 02:00:00,8,6,2
2018-08-26 03:00:00,0,0,0
2018-08-26 04:00:00,1,1,0
2018-08-26 05:00:00,5,1,4
2018-08-26 06:00:00,7,4,3
2018-08-26 07:00:00,5,3,2
2018-08-26 08:00:00,22,9,13
2018-08-26 09:00:00,32,12,20
2018-08-26 10:00:00,37,15,22
2018-08-26 11:00:00,43,26,17
2018-08-26 12:00:00,45,23,22
2018-08-26 13:00:00,39,25,14
2018-08-26 14:00:00,33,11,22
2018-08-26 15:00:00,35,21,14
2018-08-26 16:00:00,33,20,13
2018-08-26 17:00:00,14,7,7
2018-08-26 18:00:00,13,8,5
2018-08-26 19:00:00,8,5,3
2018-08-26 20:00:00,6,3,3
2018-08-26 21:00:00,2,2,0
2018-08-26 22:00:00,3,0,3
2018-08-26 23:00:00,3,3,0
2018-08-27 00:00:00,3,2,1
2018-08-27 01:00:00,2,1,1
2018-08-27 02:00:00,0,0,0
2018-08-27 03:00:00,1,0,1
2018-08-27 04:00:00,9,0,9
2018-08-27 05:00:00,17,3,14
2018-08-27 06:00:00,74,6,68
2018-08-27 07:00:00,153,18,135
2018-08-27 08:00:00,123,13,110
2018-08-27 09:00:00,49,2,47
2018-08-27 10:00:00,35,15,20
2018-08-27 11:00:00,22,10,12
2018-08-27 12:00:00,23,10,13
2018-08-27 13:00:00,32,16,16
2018-08-27 14:00:00,42,20,22
2018-08-27 15:00:00,52,34,18
2018-08-27 16:00:00,111,94,17
2018-08-27 17:00:00,163,148,15
2018-08-27 18:00:00,113,102,11
2018-08-27 19:00:00,48,35,13
2018-08-27 20:00:00,25,15,10
2018-08-27 21:00:00,17,12,5
2018-08-27 22:00:00,6,4,2
2018-08-27 23:00:00,9,8,1
2018-08-28 00:00:00,4,3,1
2018-08-28 01:00:00,1,0,1
2018-08-28 02:00:00,0,0,0
2018-08-28 03:00:00,1,1,0
2018-08-28 04:00:00,9,1,8
2018-08-28 05:00:00,31,6,25
2018-08-28 06:00:00,95,13,82
2018-08-28 07:00:00,168,16,152
2018-08-28 08:00:00,161,16,145
2018-08-28 09:00:00,62,11,51
2018-08-28 10:00:00,39,9,30
2018-08-28 11:00:00,34,17,17
2018-08-28 12:00:00,26,15,11
2018-08-28 13:00:00,27,11,16
2018-08-28 14:00:00,43,23,20
2018-08-28 15:00:00,65,48,17
2018-08-28 16:00:00,149,121,28
2018-08-28 17:00:00,203,170,33
2018-08-28 18:00:00,126,99,27
2018-08-28 19:00:00,58,50,8
2018-08-28 20:00:00,32,23,9
2018-08-28 21:00:00,19,12,7
2018-08-28 22:00:00,10,6,4
2018-08-28 23:00:00,15,10,5
2018-08-29 00:00:00,2,1,1
2018-08-29 01:00:00,1,1,0
2018-08-29 02:00:00,1,0,1
2018-08-29 03:00:00,2,1,1
2018-08-29 04:00:00,8,3,5
2018-08-29 05:00:00,22,5,17
2018-08-29 06:00:00,95,13,82
2018-08-29 07:00:00,167,17,150
2018-08-29 08:00:00,137,16,121
2018-08-29 09:00:00,61,8,53
2018-08-29 10:00:00,34,7,27
2018-08-29 11:00:00,26,6,20
2018-08-29 12:00:00,31,21,10
2018-08-29 13:00:00,30,15,15
2018-08-29 14:00:00,34,16,18
2018-08-29 15:00:00,53,38,15
2018-08-29 16:00:00,102,79,23
2018-08-29 17:00:00,185,166,19
2018-08-29 18:00:00,127,94,33
2018-08-29 19:00:00,38,28,10
2018-08-29 20:00:00,24,16,8
2018-08-29 21:00:00,21,19,2
2018-08-29 22:00:00,16,7,9
2018-08-29 23:00:00,8,5,3
2018-08-30 00:00:00,2,1,1
2018-08-30 01:00:00,2,0,2
2018-08-30 02:00:00,1,0,1
2018-08-30 03:00:00,5,5,0
2018-08-30 04:00:00,7,2,5
2018-08-30 05:00:00,30,6,24
2018-08-30 06:00:00,65,9,56
2018-08-30 07:00:00,129,13,116
2018-08-30 08:00:00,124,14,110
2018-08-30 09:00:00,58,10,48
2018-08-30 10:00:00,19,7,12
2018-08-30 11:00:00,25,8,17
2018-08-30 12:00:00,19,9,10
2018-08-30 13:00:00,32,14,18
2018-08-30 14:00:00,38,23,15
2018-08-30 15:00:00,53,34,19
2018-08-30 16:00:00,90,69,21
2018-08-30 17:00:00,153,139,14
2018-08-30 18:00:00,98,88,10
2018-08-30 19:00:00,44,30,14
2018-08-30 20:00:00,22,20,2
2018-08-30 21:00:00,12,7,5
2018-08-30 22:00:00,20,17,3
2018-08-30 23:00:00,7,6,1
2018-08-31 00:00:00,5,2,3
2018-08-31 01:00:00,2,2,0
2018-08-31 02:00:00,2,1,1
2018-08-31 03:00:00,3,2,1
2018-08-31 04:00:00,5,2,3
2018-08-31 05:00:00,23,5,18
2018-08-31 06:00:00,58,12,46
2018-08-31 07:00:00,116,12,104
2018-08-31 08:00:00,110,13,97
2018-08-31 09:00:00,46,7,39
2018-08-31 10:00:00,26,11,15
2018-08-31 11:00:00,30,10,20
2018-08-31 12:00:00,30,11,19
2018-08-31 13:00:00,35,24,11
2018-08-31 14:00:00,42,26,16
2018-08-31 15:00:00,88,59,29
2018-08-31 16:00:00,85,63,22
2018-08-31 17:00:00,115,102,13
2018-08-31 18:00:00,72,60,12
2018-08-31 19:00:00,46,29,17
2018-08-31 20:00:00,30,13,17
2018-08-31 21:00:00,21,13,8
2018-08-31 22:00:00,8,5,3
2018-08-31 23:00:00,14,10,4
2018-09-01 00:00:00,15,11,4
2018-09-01 01:00:00,3,2,1
2018-09-01 02:00:00,2,1,1
2018-09-01 03:00:00,5,3,2
2018-09-01 04:00:00,3,2,1
2018-09-01 05:00:00,6,3,3
2018-09-01 06:00:00,15,4,11
2018-09-01 07:00:00,34,18,16
2018-09-01 08:00:00,43,15,28
2018-09-01 09:00:00,49,29,20
2018-09-01 10:00:00,51,21,30
2018-09-01 11:00:00,49,22,27
2018-09-01 12:00:00,66,19,47
2018-09-01 13:00:00,56,26,30
2018-09-01 14:00:00,48,23,25
2018-09-01 15:00:00,57,30,27
2018-09-01 16:00:00,34,19,15
2018-09-01 17:00:00,41,23,18
2018-09-01 18:00:00,33,9,24
2018-09-01 19:00:00,15,7,8
2018-09-01 20:00:00,25,13,12
2018-09-01 21:00:00,9,5,4
2018-09-01 22:00:00,5,3,2
2018-09-01 23:00:00,18,16,2
2018-09-02 00:00:00,7,7,0
2018-09-02 01:00:00,5,3,2
2018-09-02 02:00:00,2,1,1
2018-09-02 03:00:00,1,1,0
2018-09-02 04:00:00,2,2,0
2018-09-02 05:00:00,5,0,5
2018-09-02 06:00:00,6,3,3
2018-09-02 07:00:00,6,3,3
2018-09-02 08:00:00,16,8,8
2018-09-02 09:00:00,20,6,14
2018-09-02 10:00:00,69,26,43
2018-09-02 11:00:00,61,34,27
2018-09-02 12:00:00,49,23,26
2018-09-02 13:00:00,62,31,31
2018-09-02 14:00:00,64,30,34
2018-09-02 15:00:00,55,29,26
2018-09-02 16:00:00,59,30,29
2018-09-02 17:00:00,38,20,18
2018-09-02 18:00:00,29,16,13
2018-09-02 19:00:00,17,11,6
2018-09-02 20:00:00,13,8,5
2018-09-02 21:00:00,9,3,6
2018-09-02 22:00:00,6,2,4
2018-09-02 23:00:00,7,6,1
2018-09-03 00:00:00,4,3,1
2018-09-03 01:00:00,5,2,3
2018-09-03 02:00:00,3,2,1
2018-09-03 03:00:00,1,0,1
2018-09-03 04:00:00,3,2,1
2018-09-03 05:00:00,5,1,4
2018-09-03 06:00:00,7,1,6
2018-09-03 07:00:00,9,3,6
2018-09-03 08:00:00,27,4,23
2018-09-03 09:00:00,52,22,30
2018-09-03 10:00:00,65,29,36
2018-09-03 11:00:00,69,44,25
2018-09-03 12:00:00,71,32,39
2018-09-03 13:00:00,69,40,29
2018-09-03 14:00:00,82,44,38
2018-09-03 15:00:00,55,21,34
2018-09-03 16:00:00,54,26,28
2018-09-03 17:00:00,55,26,29
2018-09-03 18:00:00,29,14,15
2018-09-03 19:00:00,28,16,12
2018-09-03 20:00:00,28,16,12
2018-09-03 21:00:00,17,8,9
2018-09-03 22:00:00,8,6,2
2018-09-03 23:00:00,5,1,4
2018-09-04 00:00:00,1,0,1
2018-09-04 01:00:00,2,2,0
2018-09-04 02:00:00,2,2,0
2018-09-04 03:00:00,2,2,0
2018-09-04 04:00:00,10,2,8
2018-09-04 05:00:00,28,3,25
2018-09-04 06:00:00,82,13,69
2018-09-04 07:00:00,174,15,159
2018-09-04 08:00:00,169,16,153
2018-09-04 09:00:00,71,6,65
2018-09-04 10:00:00,36,9,27
2018-09-04 11:00:00,24,7,17
2018-09-04 12:00:00,20,8,12
2018-09-04 13:00:00,25,11,14
2018-09-04 14:00:00,40,23,17
2018-09-04 15:00:00,50,41,9
2018-09-04 16:00:00,134,106,28
2018-09-04 17:00:00,215,180,35
2018-09-04 18:00:00,142,125,17
2018-09-04 19:00:00,59,47,12
2018-09-04 20:00:00,21,17,4
2018-09-04 21:00:00,11,9,2
2018-09-04 22:00:00,12,7,5
2018-09-04 23:00:00,7,7,0
2018-09-05 00:00:00,3,1,2
2018-09-05 01:00:00,5,3,2
2018-09-05 02:00:00,3,2,1
2018-09-05 03:00:00,1,0,1
2018-09-05 04:00:00,7,2,5
2018-09-05 05:00:00,37,6,31
2018-09-05 06:00:00,92,11,81
2018-09-05 07:00:00,166,14,152
2018-09-05 08:00:00,174,20,154
2018-09-05 09:00:00,82,12,70
2018-09-05 10:00:00,38,12,26
2018-09-05 11:00:00,27,9,18
2018-09-05 12:00:00,21,11,10
2018-09-05 13:00:00,40,18,22
2018-09-05 14:00:00,30,21,9
2018-09-05 15:00:00,53,35,18
2018-09-05 16:00:00,125,95,30
2018-09-05 17:00:00,237,196,41
2018-09-05 18:00:00,141,120,21
2018-09-05 19:00:00,51,41,10
2018-09-05 20:00:00,38,28,10
2018-09-05 21:00:00,16,12,4
2018-09-05 22:00:00,14,12,2
2018-09-05 23:00:00,5,4,1
2018-09-06 00:00:00,3,1,2
2018-09-06 01:00:00,3,1,2
2018-09-06 02:00:00,1,1,0
2018-09-06 03:00:00,2,2,0
2018-09-06 04:00:00,9,2,7
2018-09-06 05:00:00,30,3,27
2018-09-06 06:00:00,90,12,78
2018-09-06 07:00:00,177,17,160
2018-09-06 08:00:00,181,14,167
2018-09-06 09:00:00,59,8,51
2018-09-06 10:00:00,23,3,20
2018-09-06 11:00:00,26,10,16
2018-09-06 12:00:00,30,11,19
2018-09-06 13:00:00,31,14,17
2018-09-06 14:00:00,33,20,13
2018-09-06 15:00:00,56,38,18
2018-09-06 16:00:00,108,90,18
2018-09-06 17:00:00,190,168,22
2018-09-06 18:00:00,158,136,22
2018-09-06 19:00:00,84,74,10
2018-09-06 20:00:00,25,17,8
2018-09-06 21:00:00,12,8,4
2018-09-06 22:00:00,17,10,7
2018-09-06 23:00:00,15,2,13
2018-09-07 00:00:00,2,2,0
2018-09-07 01:00:00,4,2,2
2018-09-07 02:00:00,1,1,0
2018-09-07 03:00:00,1,1,0
2018-09-07 04:00:00,7,2,5
2018-09-07 05:00:00,26,5,21
2018-09-07 06:00:00,63,10,53
2018-09-07 07:00:00,132,10,122
2018-09-07 08:00:00,146,14,132
2018-09-07 09:00:00,51,7,44
2018-09-07 10:00:00,22,5,17
2018-09-07 11:00:00,24,9,15
2018-09-07 12:00:00,18,7,11
2018-09-07 13:00:00,29,21,8
2018-09-07 14:00:00,41,24,17
2018-09-07 15:00:00,59,43,16
2018-09-07 16:00:00,113,99,14
2018-09-07 17:00:00,153,136,17
2018-09-07 18:00:00,83,64,19
2018-09-07 19:00:00,27,18,9
2018-09-07 20:00:00,8,6,2
2018-09-07 21:00:00,10,8,2
2018-09-07 22:00:00,8,7,1
2018-09-07 23:00:00,13,12,1
2018-09-08 00:00:00,4,3,1
2018-09-08 01:00:00,3,3,0
2018-09-08 02:00:00,2,1,1
2018-09-08 03:00:00,1,0,1
2018-09-08 04:00:00,5,2,3
2018-09-08 05:00:00,10,3,7
2018-09-08 06:00:00,6,1,5
2018-09-08 07:00:00,17,9,8
2018-09-08 08:00:00,15,3,12
2018-09-08 09:00:00,17,7,10
2018-09-08 10:00:00,32,19,13
2018-09-08 11:00:00,50,15,35
2018-09-08 12:00:00,51,23,28
2018-09-08 13:00:00,51,29,22
2018-09-08 14:00:00,42,23,19
2018-09-08 15:00:00,48,17,31
2018-09-08 16:00:00,38,21,17
2018-09-08 17:00:00,23,17,6
2018-09-08 18:00:00,25,19,6
2018-09-08 19:00:00,11,9,2
2018-09-08 20:00:00,16,7,9
2018-09-08 21:00:00,9,7,2
2018-09-08 22:00:00,12,7,5
2018-09-08 23:00:00,6,3,3
2018-09-09 00:00:00,6,3,3
2018-09-09 01:00:00,2,1,1
2018-09-09 02:00:00,4,1,3
2018-09-09 03:00:00,1,1,0
2018-09-09 04:00:00,0,0,0
2018-09-09 05:00:00,5,1,4
2018-09-09 06:00:00,7,2,5
2018-09-09 07:00:00,27,8,19
2018-09-09 08:00:00,16,4,12
2018-09-09 09:00:00,32,10,22
2018-09-09 10:00:00,34,19,15
2018-09-09 11:00:00,39,16,23
2018-09-09 12:00:00,69,35,34
2018-09-09 13:00:00,43,21,22
2018-09-09 14:00:00,45,17,28
2018-09-09 15:00:00,52,39,13
2018-09-09 16:00:00,44,28,16
2018-09-09 17:00:00,48,30,18
2018-09-09 18:00:00,17,13,4
2018-09-09 19:00:00,12,11,1
2018-09-09 20:00:00,0,0,0
2018-09-09 21:00:00,0,0,0
2018-09-09 22:00:00,3,2,1
2018-09-09 23:00:00,0,0,0
2018-09-10 00:00:00,0,0,0
2018-09-10 01:00:00,0,0,0
2018-09-10 02:00:00,0,0,0
2018-09-10 03:00:00,0,0,0
2018-09-10 04:00:00,0,0,0
2018-09-10 05:00:00,0,0,0
2018-09-10 06:00:00,0,0,0
2018-09-10 07:00:00,65,10,55
2018-09-10 08:00:00,33,5,28
2018-09-10 09:00:00,65,8,57
2018-09-10 10:00:00,26,12,14
2018-09-10 11:00:00,18,8,10
2018-09-10 12:00:00,22,11,11
2018-09-10 13:00:00,30,16,14
2018-09-10 14:00:00,22,12,10
2018-09-10 15:00:00,39,27,12
2018-09-10 16:00:00,103,84,19
2018-09-10 17:00:00,176,157,19
2018-09-10 18:00:00,110,103,7
2018-09-10 19:00:00,37,29,8
2018-09-10 20:00:00,18,16,2
2018-09-10 21:00:00,10,8,2
2018-09-10 22:00:00,6,4,2
2018-09-10 23:00:00,4,3,1
2018-09-11 00:00:00,3,2,1
2018-09-11 01:00:00,0,0,0
2018-09-11 02:00:00,0,0,0
2018-09-11 03:00:00,3,3,0
2018-09-11 04:00:00,9,4,5
2018-09-11 05:00:00,27,1,26
2018-09-11 06:00:00,68,12,56
2018-09-11 07:00:00,134,15,119
2018-09-11 08:00:00,140,6,134
2018-09-11 09:00:00,62,12,50
2018-09-11 10:00:00,24,11,13
2018-09-11 11:00:00,20,7,13
2018-09-11 12:00:00,17,8,9
2018-09-11 13:00:00,25,9,16
2018-09-11 14:00:00,27,15,12
2018-09-11 15:00:00,44,30,14
2018-09-11 16:00:00,104,86,18
2018-09-11 17:00:00,167,152,15
2018-09-11 18:00:00,108,81,27
2018-09-11 19:00:00,45,41,4
2018-09-11 20:00:00,25,18,7
2018-09-11 21:00:00,18,12,6
2018-09-11 22:00:00,11,8,3
2018-09-11 23:00:00,4,4,0
2018-09-12 00:00:00,1,1,0
2018-09-12 01:00:00,4,2,2
2018-09-12 02:00:00,2,0,2
2018-09-12 03:00:00,1,1,0
2018-09-12 04:00:00,3,1,2
2018-09-12 05:00:00,26,2,24
2018-09-12 06:00:00,85,15,70
2018-09-12 07:00:00,121,14,107
2018-09-12 08:00:00,132,13,119
2018-09-12 09:00:00,61,10,51
2018-09-12 10:00:00,30,10,20
2018-09-12 11:00:00,23,6,17
2018-09-12 12:00:00,20,5,15
2018-09-12 13:00:00,17,12,5
2018-09-12 14:00:00,27,17,10
2018-09-12 15:00:00,42,28,14
2018-09-12 16:00:00,91,76,15
2018-09-12 17:00:00,175,154,21
2018-09-12 18:00:00,95,78,17
2018-09-12 19:00:00,46,38,8
2018-09-12 20:00:00,41,28,13
2018-09-12 21:00:00,16,11,5
2018-09-12 22:00:00,7,6,1
2018-09-12 23:00:00,9,7,2
2018-09-13 00:00:00,1,1,0
2018-09-13 01:00:00,4,1,3
2018-09-13 02:00:00,3,3,0
2018-09-13 03:00:00,2,1,1
2018-09-13 04:00:00,3,1,2
2018-09-13 05:00:00,30,2,28
2018-09-13 06:00:00,71,16,55
2018-09-13 07:00:00,122,11,111
2018-09-13 08:00:00,129,1,128
2018-09-13 09:00:00,60,13,47
2018-09-13 10:00:00,30,5,25
2018-09-13 11:00:00,21,7,14
2018-09-13 12:00:00,26,13,13
2018-09-13 13:00:00,14,5,9
2018-09-13 14:00:00,32,21,11
2018-09-13 15:00:00,45,27,18
2018-09-13 16:00:00,95,81,14
2018-09-13 17:00:00,151,133,18
2018-09-13 18:00:00,85,74,11
2018-09-13 19:00:00,35,28,7
2018-09-13 20:00:00,26,18,8
2018-09-13 21:00:00,6,4,2
2018-09-13 22:00:00,7,5,2
2018-09-13 23:00:00,5,5,0
2018-09-14 00:00:00,3,3,0
2018-09-14 01:00:00,0,0,0
2018-09-14 02:00:00,0,0,0
2018-09-14 03:00:00,3,3,0
2018-09-14 04:00:00,3,1,2
2018-09-14 05:00:00,16,3,13
2018-09-14 06:00:00,48,5,43
2018-09-14 07:00:00,66,5,61
2018-09-14 08:00:00,85,5,80
2018-09-14 09:00:00,34,9,25
2018-09-14 10:00:00,15,3,12
2018-09-14 11:00:00,11,5,6
2018-09-14 12:00:00,14,8,6
2018-09-14 13:00:00,38,16,22
2018-09-14 14:00:00,17,14,3
2018-09-14 15:00:00,39,29,10
2018-09-14 16:00:00,65,47,18
2018-09-14 17:00:00,107,94,13
2018-09-14 18:00:00,45,37,8
2018-09-14 19:00:00,28,19,9
2018-09-14 20:00:00,9,7,2
2018-09-14 21:00:00,8,7,1
2018-09-14 22:00:00,3,2,1
2018-09-14 23:00:00,12,11,1
2018-09-15 00:00:00,10,5,5
2018-09-15 01:00:00,5,4,1
2018-09-15 02:00:00,1,1,0
2018-09-15 03:00:00,0,0,0
2018-09-15 04:00:00,3,2,1
2018-09-15 05:00:00,5,0,5
2018-09-15 06:00:00,7,3,4
2018-09-15 07:00:00,12,5,7
2018-09-15 08:00:00,23,8,15
2018-09-15 09:00:00,23,8,15
2018-09-15 10:00:00,28,10,18
2018-09-15 11:00:00,39,19,20
2018-09-15 12:00:00,50,22,28
2018-09-15 13:00:00,33,15,18
2018-09-15 14:00:00,40,21,19
2018-09-15 15:00:00,34,16,18
2018-09-15 16:00:00,19,8,11
2018-09-15 17:00:00,17,9,8
2018-09-15 18:00:00,9,6,3
2018-09-15 19:00:00,5,3,2
2018-09-15 20:00:00,9,5,4
2018-09-15 21:00:00,3,0,3
2018-09-15 22:00:00,7,2,5
2018-09-15 23:00:00,6,4,2
2018-09-16 00:00:00,1,0,1
2018-09-16 01:00:00,4,1,3
2018-09-16 02:00:00,1,1,0
2018-09-16 03:00:00,0,0,0
2018-09-16 04:00:00,2,2,0
2018-09-16 05:00:00,3,0,3
2018-09-16 06:00:00,3,2,1
2018-09-16 07:00:00,2,0,2
2018-09-16 08:00:00,10,5,5
2018-09-16 09:00:00,12,6,6
2018-09-16 10:00:00,12,5,7
2018-09-16 11:00:00,22,11,11
2018-09-16 12:00:00,26,8,18
2018-09-16 13:00:00,25,13,12
2018-09-16 14:00:00,23,8,15
2018-09-16 15:00:00,32,17,15
2018-09-16 16:00:00,37,19,18
2018-09-16 17:00:00,40,20,20
2018-09-16 18:00:00,29,19,10
2018-09-16 19:00:00,12,5,7
2018-09-16 20:00:00,9,5,4
2018-09-16 21:00:00,5,2,3
2018-09-16 22:00:00,15,9,6
2018-09-16 23:00:00,6,2,4
2018-09-17 00:00:00,3,3,0
2018-09-17 01:00:00,0,0,0
2018-09-17 02:00:00,1,1,0
2018-09-17 03:00:00,1,1,0
2018-09-17 04:00:00,4,0,4
2018-09-17 05:00:00,23,4,19
2018-09-17 06:00:00,88,13,75
2018-09-17 07:00:00,160,14,146
2018-09-17 08:00:00,142,17,125
2018-09-17 09:00:00,81,10,71
2018-09-17 10:00:00,23,5,18
2018-09-17 11:00:00,23,12,11
2018-09-17 12:00:00,22,7,15
2018-09-17 13:00:00,22,10,12
2018-09-17 14:00:00,31,13,18
2018-09-17 15:00:00,51,35,16
2018-09-17 16:00:00,139,115,24
2018-09-17 17:00:00,206,179,27
2018-09-17 18:00:00,98,85,13
2018-09-17 19:00:00,43,35,8
2018-09-17 20:00:00,24,16,8
2018-09-17 21:00:00,16,11,5
2018-09-17 22:00:00,5,3,2
2018-09-17 23:00:00,7,6,1
2018-09-18 00:00:00,1,1,0
2018-09-18 01:00:00,2,1,1
2018-09-18 02:00:00,2,2,0
2018-09-18 03:00:00,0,0,0
2018-09-18 04:00:00,9,3,6
2018-09-18 05:00:00,27,2,25
2018-09-18 06:00:00,88,12,76
2018-09-18 07:00:00,164,15,149
2018-09-18 08:00:00,158,10,148
2018-09-18 09:00:00,60,7,53
2018-09-18 10:00:00,21,7,14
2018-09-18 11:00:00,32,18,14
2018-09-18 12:00:00,24,12,12
2018-09-18 13:00:00,30,16,14
2018-09-18 14:00:00,21,9,12
2018-09-18 15:00:00,67,45,22
2018-09-18 16:00:00,121,89,32
2018-09-18 17:00:00,206,174,32
2018-09-18 18:00:00,122,102,20
2018-09-18 19:00:00,44,32,12
2018-09-18 20:00:00,22,17,5
2018-09-18 21:00:00,24,19,5
2018-09-18 22:00:00,7,6,1
2018-09-18 23:00:00,10,7,3
2018-09-19 00:00:00,5,5,0
2018-09-19 01:00:00,3,1,2
2018-09-19 02:00:00,0,0,0
2018-09-19 03:00:00,2,2,0
2018-09-19 04:00:00,4,1,3
2018-09-19 05:00:00,26,3,23
2018-09-19 06:00:00,73,7,66
2018-09-19 07:00:00,163,12,151
2018-09-19 08:00:00,158,10,148
2018-09-19 09:00:00,53,4,49
2018-09-19 10:00:00,33,9,24
2018-09-19 11:00:00,18,6,12
2018-09-19 12:00:00,14,6,8
2018-09-19 13:00:00,25,7,18
2018-09-19 14:00:00,39,26,13
2018-09-19 15:00:00,60,47,13
2018-09-19 16:00:00,110,81,29
2018-09-19 17:00:00,197,162,35
2018-09-19 18:00:00,118,101,17
2018-09-19 19:00:00,47,36,11
2018-09-19 20:00:00,17,14,3
2018-09-19 21:00:00,15,12,3
2018-09-19 22:00:00,13,9,4
2018-09-19 23:00:00,4,4,0
2018-09-20 00:00:00,2,1,1
2018-09-20 01:00:00,3,3,0
2018-09-20 02:00:00,2,2,0
2018-09-20 03:00:00,0,0,0
2018-09-20 04:00:00,4,2,2
2018-09-20 05:00:00,24,4,20
2018-09-20 06:00:00,68,13,55
2018-09-20 07:00:00,126,13,113
2018-09-20 08:00:00,127,8,119
2018-09-20 09:00:00,49,6,43
2018-09-20 10:00:00,28,4,24
2018-09-20 11:00:00,10,6,4
2018-09-20 12:00:00,17,2,15
2018-09-20 13:00:00,33,20,13
2018-09-20 14:00:00,28,14,14
2018-09-20 15:00:00,42,36,6
2018-09-20 16:00:00,103,77,26
2018-09-20 17:00:00,144,125,19
2018-09-20 18:00:00,88,75,13
2018-09-20 19:00:00,35,27,8
2018-09-20 20:00:00,15,13,2
2018-09-20 21:00:00,8,4,4
2018-09-20 22:00:00,11,7,4
2018-09-20 23:00:00,7,6,1
2018-09-21 00:00:00,2,1,1
2018-09-21 01:00:00,0,0,0
2018-09-21 02:00:00,0,0,0
2018-09-21 03:00:00,3,2,1
2018-09-21 04:00:00,6,2,4
2018-09-21 05:00:00,19,5,14
2018-09-21 06:00:00,45,9,36
2018-09-21 07:00:00,102,11,91
2018-09-21 08:00:00,115,9,106
2018-09-21 09:00:00,54,9,45
2018-09-21 10:00:00,23,7,16
2018-09-21 11:00:00,41,23,18
2018-09-21 12:00:00,34,8,26
2018-09-21 13:00:00,36,16,20
2018-09-21 14:00:00,37,22,15
2018-09-21 15:00:00,50,40,10
2018-09-21 16:00:00,91,71,20
2018-09-21 17:00:00,131,113,18
2018-09-21 18:00:00,49,39,10
2018-09-21 19:00:00,22,19,3
2018-09-21 20:00:00,11,10,1
2018-09-21 21:00:00,8,5,3
2018-09-21 22:00:00,5,2,3
2018-09-21 23:00:00,1,1,0
2018-09-22 00:00:00,4,3,1
2018-09-22 01:00:00,0,0,0
2018-09-22 02:00:00,5,3,2
2018-09-22 03:00:00,3,2,1
2018-09-22 04:00:00,4,2,2
2018-09-22 05:00:00,5,0,5
2018-09-22 06:00:00,8,2,6
2018-09-22 07:00:00,7,1,6
2018-09-22 08:00:00,26,9,17
2018-09-22 09:00:00,17,9,8
2018-09-22 10:00:00,21,5,16
2018-09-22 11:00:00,23,10,13
2018-09-22 12:00:00,37,14,23
2018-09-22 13:00:00,31,16,15
2018-09-22 14:00:00,49,26,23
2018-09-22 15:00:00,35,17,18
2018-09-22 16:00:00,33,15,18
2018-09-22 17:00:00,19,12,7
2018-09-22 18:00:00,25,11,14
2018-09-22 19:00:00,15,9,6
2018-09-22 20:00:00,12,5,7
2018-09-22 21:00:00,4,2,2
2018-09-22 22:00:00,4,2,2
2018-09-22 23:00:00,12,11,1
2018-09-23 00:00:00,3,3,0
2018-09-23 01:00:00,3,1,2
2018-09-23 02:00:00,0,0,0
2018-09-23 03:00:00,2,2,0
2018-09-23 04:00:00,0,0,0
2018-09-23 05:00:00,3,0,3
2018-09-23 06:00:00,7,3,4
2018-09-23 07:00:00,11,0,11
2018-09-23 08:00:00,23,12,11
2018-09-23 09:00:00,19,8,11
2018-09-23 10:00:00,47,24,23
2018-09-23 11:00:00,44,25,19
2018-09-23 12:00:00,60,27,33
2018-09-23 13:00:00,63,25,38
2018-09-23 14:00:00,47,27,20
2018-09-23 15:00:00,59,30,29
2018-09-23 16:00:00,29,12,17
2018-09-23 17:00:00,61,39,22
2018-09-23 18:00:00,32,18,14
2018-09-23 19:00:00,16,13,3
2018-09-23 20:00:00,9,4,5
2018-09-23 21:00:00,9,6,3
2018-09-23 22:00:00,5,4,1
2018-09-23 23:00:00,10,5,5
2018-09-24 00:00:00,3,2,1
2018-09-24 01:00:00,2,1,1
2018-09-24 02:00:00,3,2,1
2018-09-24 03:00:00,1,0,1
2018-09-24 04:00:00,6,1,5
2018-09-24 05:00:00,20,2,18
2018-09-24 06:00:00,87,15,72
2018-09-24 07:00:00,158,13,145
2018-09-24 08:00:00,169,17,152
2018-09-24 09:00:00,60,8,52
2018-09-24 10:00:00,26,6,20
2018-09-24 11:00:00,22,8,14
2018-09-24 12:00:00,16,6,10
2018-09-24 13:00:00,23,12,11
2018-09-24 14:00:00,29,21,8
2018-09-24 15:00:00,59,42,17
2018-09-24 16:00:00,111,79,32
2018-09-24 17:00:00,200,182,18
2018-09-24 18:00:00,119,101,18
2018-09-24 19:00:00,42,37,5
2018-09-24 20:00:00,19,12,7
2018-09-24 21:00:00,10,7,3
2018-09-24 22:00:00,10,8,2
2018-09-24 23:00:00,7,6,1
2018-09-25 00:00:00,1,1,0
2018-09-25 01:00:00,1,1,0
2018-09-25 02:00:00,1,1,0
2018-09-25 03:00:00,1,1,0
2018-09-25 04:00:00,8,2,6
2018-09-25 05:00:00,26,3,23
2018-09-25 06:00:00,97,17,80
2018-09-25 07:00:00,172,13,159
2018-09-25 08:00:00,171,8,163
2018-09-25 09:00:00,59,6,53
2018-09-25 10:00:00,26,9,17
2018-09-25 11:00:00,38,12,26
2018-09-25 12:00:00,27,13,14
2018-09-25 13:00:00,22,10,12
2018-09-25 14:00:00,40,25,15
2018-09-25 15:00:00,64,41,23
2018-09-25 16:00:00,125,100,25
2018-09-25 17:00:00,191,176,15
2018-09-25 18:00:00,131,112,19
2018-09-25 19:00:00,51,44,7
2018-09-25 20:00:00,27,16,11
2018-09-25 21:00:00,13,7,6
2018-09-25 22:00:00,13,11,2
2018-09-25 23:00:00,4,3,1
2018-09-26 00:00:00,4,3,1
2018-09-26 01:00:00,0,0,0
2018-09-26 02:00:00,0,0,0
2018-09-26 03:00:00,2,2,0
2018-09-26 04:00:00,6,4,2
2018-09-26 05:00:00,30,3,27
2018-09-26 06:00:00,86,15,71
2018-09-26 07:00:00,163,8,155
2018-09-26 08:00:00,156,5,151
2018-09-26 09:00:00,70,10,60
2018-09-26 10:00:00,21,6,15
2018-09-26 11:00:00,20,11,9
2018-09-26 12:00:00,24,11,13
2018-09-26 13:00:00,23,11,12
2018-09-26 14:00:00,45,20,25
2018-09-26 15:00:00,43,31,12
2018-09-26 16:00:00,124,95,29
2018-09-26 17:00:00,209,184,25
2018-09-26 18:00:00,138,115,23
2018-09-26 19:00:00,38,31,7
2018-09-26 20:00:00,23,19,4
2018-09-26 21:00:00,19,11,8
2018-09-26 22:00:00,9,8,1
2018-09-26 23:00:00,10,8,2
2018-09-27 00:00:00,5,4,1
2018-09-27 01:00:00,3,1,2
2018-09-27 02:00:00,4,1,3
2018-09-27 03:00:00,7,6,1
2018-09-27 04:00:00,3,0,3
2018-09-27 05:00:00,32,2,30
2018-09-27 06:00:00,84,11,73
2018-09-27 07:00:00,130,6,124
2018-09-27 08:00:00,159,8,151
2018-09-27 09:00:00,60,7,53
2018-09-27 10:00:00,31,7,24
2018-09-27 11:00:00,23,9,14
2018-09-27 12:00:00,23,9,14
2018-09-27 13:00:00,22,7,15
2018-09-27 14:00:00,24,14,10
2018-09-27 15:00:00,55,39,16
2018-09-27 16:00:00,114,88,26
2018-09-27 17:00:00,197,173,24
2018-09-27 18:00:00,113,98,15
2018-09-27 19:00:00,53,33,20
2018-09-27 20:00:00,30,16,14
2018-09-27 21:00:00,11,9,2
2018-09-27 22:00:00,16,13,3
2018-09-27 23:00:00,7,6,1
2018-09-28 00:00:00,4,3,1
2018-09-28 01:00:00,3,2,1
2018-09-28 02:00:00,5,3,2
2018-09-28 03:00:00,4,2,2
2018-09-28 04:00:00,4,1,3
2018-09-28 05:00:00,21,4,17
2018-09-28 06:00:00,55,10,45
2018-09-28 07:00:00,129,9,120
2018-09-28 08:00:00,136,16,120
2018-09-28 09:00:00,68,15,53
2018-09-28 10:00:00,42,15,27
2018-09-28 11:00:00,27,8,19
2018-09-28 12:00:00,29,13,16
2018-09-28 13:00:00,43,24,19
2018-09-28 14:00:00,38,23,15
2018-09-28 15:00:00,70,52,18
2018-09-28 16:00:00,118,86,32
2018-09-28 17:00:00,160,131,29
2018-09-28 18:00:00,91,75,16
2018-09-28 19:00:00,50,32,18
2018-09-28 20:00:00,22,15,7
2018-09-28 21:00:00,16,9,7
2018-09-28 22:00:00,13,8,5
2018-09-28 23:00:00,11,11,0
2018-09-29 00:00:00,8,6,2
2018-09-29 01:00:00,4,3,1
2018-09-29 02:00:00,4,2,2
2018-09-29 03:00:00,3,3,0
2018-09-29 04:00:00,2,1,1
2018-09-29 05:00:00,8,1,7
2018-09-29 06:00:00,9,3,6
2018-09-29 07:00:00,15,3,12
2018-09-29 08:00:00,42,17,25
2018-09-29 09:00:00,48,19,29
2018-09-29 10:00:00,52,17,35
2018-09-29 11:00:00,59,27,32
2018-09-29 12:00:00,72,26,46
2018-09-29 13:00:00,60,25,35
2018-09-29 14:00:00,57,25,32
2018-09-29 15:00:00,96,56,40
2018-09-29 16:00:00,47,27,20
2018-09-29 17:00:00,37,21,16
2018-09-29 18:00:00,23,15,8
2018-09-29 19:00:00,10,6,4
2018-09-29 20:00:00,13,9,4
2018-09-29 21:00:00,4,4,0
2018-09-29 22:00:00,5,3,2
2018-09-29 23:00:00,4,4,0
2018-09-30 00:00:00,7,4,3
2018-09-30 01:00:00,4,3,1
2018-09-30 02:00:00,2,1,1
2018-09-30 03:00:00,3,2,1
2018-09-30 04:00:00,3,1,2
2018-09-30 05:00:00,22,2,20
2018-09-30 06:00:00,33,7,26
2018-09-30 07:00:00,72,10,62
2018-09-30 08:00:00,84,8,76
2018-09-30 09:00:00,49,14,35
2018-09-30 10:00:00,20,6,14
2018-09-30 11:00:00,20,9,11
2018-09-30 12:00:00,19,7,12
2018-09-30 13:00:00,18,7,11
2018-09-30 14:00:00,22,14,8
2018-09-30 15:00:00,29,19,10
2018-09-30 16:00:00,62,48,14
2018-09-30 17:00:00,90,77,13
2018-09-30 18:00:00,65,52,13
2018-09-30 19:00:00,26,20,6
2018-09-30 20:00:00,16,11,5
2018-09-30 21:00:00,6,5,1
2018-09-30 22:00:00,5,4,1
2018-09-30 23:00:00,3,2,1
2018-10-01 00:00:00,2,1,1
2018-10-01 01:00:00,2,1,1
2018-10-01 02:00:00,2,1,1
2018-10-01 03:00:00,3,1,2
2018-10-01 04:00:00,4,2,2
2018-10-01 05:00:00,13,1,12
2018-10-01 06:00:00,41,7,34
2018-10-01 07:00:00,64,9,55
2018-10-01 08:00:00,78,7,71
2018-10-01 09:00:00,35,8,27
2018-10-01 10:00:00,21,8,13
2018-10-01 11:00:00,19,7,12
2018-10-01 12:00:00,20,9,11
2018-10-01 13:00:00,21,8,13
2018-10-01 14:00:00,21,11,10
2018-10-01 15:00:00,36,27,9
2018-10-01 16:00:00,56,42,14
2018-10-01 17:00:00,101,84,17
2018-10-01 18:00:00,56,44,12
2018-10-01 19:00:00,27,16,11
2018-10-01 20:00:00,14,11,3
2018-10-01 21:00:00,8,6,2
2018-10-01 22:00:00,6,3,3
2018-10-01 23:00:00,5,3,2
2018-10-02 00:00:00,3,2,1
2018-10-02 01:00:00,2,1,1
2018-10-02 02:00:00,2,1,1
2018-10-02 03:00:00,2,1,1
2018-10-02 04:00:00,3,0,3
2018-10-02 05:00:00,0,0,0
2018-10-02 06:00:00,26,0,26
2018-10-02 07:00:00,37,0,37
2018-10-02 08:00:00,1,1,0
2018-10-02 09:00:00,0,0,0
2018-10-02 10:00:00,0,0,0
2018-10-02 11:00:00,0,0,0
2018-10-02 12:00:00,2,1,1
2018-10-02 13:00:00,24,11,13
2018-10-02 14:00:00,23,14,9
2018-10-02 15:00:00,45,30,15
2018-10-02 16:00:00,96,74,22
2018-10-02 17:00:00,158,148,10
2018-10-02 18:00:00,104,90,14
2018-10-02 19:00:00,25,23,2
2018-10-02 20:00:00,14,13,1
2018-10-02 21:00:00,15,12,3
2018-10-02 22:00:00,16,15,1
2018-10-02 23:00:00,6,5,1
2018-10-03 00:00:00,3,2,1
2018-10-03 01:00:00,1,1,0
2018-10-03 02:00:00,3,2,1
2018-10-03 03:00:00,2,2,0
2018-10-03 04:00:00,5,1,4
2018-10-03 05:00:00,20,2,18
2018-10-03 06:00:00,90,13,77
2018-10-03 07:00:00,112,8,104
2018-10-03 08:00:00,61,8,53
2018-10-03 09:00:00,36,4,32
2018-10-03 10:00:00,31,5,26
2018-10-03 11:00:00,26,11,15
2018-10-03 12:00:00,20,10,10
2018-10-03 13:00:00,18,10,8
2018-10-03 14:00:00,23,9,14
2018-10-03 15:00:00,48,34,14
2018-10-03 16:00:00,111,91,20
2018-10-03 17:00:00,192,169,23
2018-10-03 18:00:00,105,85,20
2018-10-03 19:00:00,39,34,5
2018-10-03 20:00:00,23,20,3
2018-10-03 21:00:00,9,9,0
2018-10-03 22:00:00,13,11,2
2018-10-03 23:00:00,4,3,1
2018-10-04 00:00:00,2,0,2
2018-10-04 01:00:00,3,2,1
2018-10-04 02:00:00,2,2,0
2018-10-04 03:00:00,2,2,0
2018-10-04 04:00:00,8,1,7
2018-10-04 05:00:00,32,6,26
2018-10-04 06:00:00,71,10,61
2018-10-04 07:00:00,137,9,128
2018-10-04 08:00:00,138,2,136
2018-10-04 09:00:00,53,5,48
2018-10-04 10:00:00,17,4,13
2018-10-04 11:00:00,25,6,19
2018-10-04 12:00:00,19,8,11
2018-10-04 13:00:00,22,12,10
2018-10-04 14:00:00,26,12,14
2018-10-04 15:00:00,49,33,16
2018-10-04 16:00:00,95,76,19
2018-10-04 17:00:00,184,170,14
2018-10-04 18:00:00,91,75,16
2018-10-04 19:00:00,38,29,9
2018-10-04 20:00:00,21,18,3
2018-10-04 21:00:00,16,11,5
2018-10-04 22:00:00,13,11,2
2018-10-04 23:00:00,4,3,1
2018-10-05 00:00:00,5,4,1
2018-10-05 01:00:00,4,3,1
2018-10-05 02:00:00,1,1,0
2018-10-05 03:00:00,2,1,1
2018-10-05 04:00:00,8,1,7
2018-10-05 05:00:00,17,5,12
2018-10-05 06:00:00,33,5,28
2018-10-05 07:00:00,99,3,96
2018-10-05 08:00:00,93,7,86
2018-10-05 09:00:00,42,6,36
2018-10-05 10:00:00,4,0,4
2018-10-05 11:00:00,14,3,11
2018-10-05 12:00:00,13,7,6
2018-10-05 13:00:00,12,8,4
2018-10-05 14:00:00,14,11,3
2018-10-05 15:00:00,28,24,4
2018-10-05 16:00:00,51,47,4
2018-10-05 17:00:00,80,70,10
2018-10-05 18:00:00,21,20,1
2018-10-05 19:00:00,18,14,4
2018-10-05 20:00:00,7,6,1
2018-10-05 21:00:00,4,4,0
2018-10-05 22:00:00,2,1,1
2018-10-05 23:00:00,5,4,1
2018-10-06 00:00:00,3,2,1
2018-10-06 01:00:00,3,2,1
2018-10-06 02:00:00,1,1,0
2018-10-06 03:00:00,2,2,0
2018-10-06 04:00:00,1,0,1
2018-10-06 05:00:00,5,2,3
2018-10-06 06:00:00,11,5,6
2018-10-06 07:00:00,11,4,7
2018-10-06 08:00:00,24,3,21
2018-10-06 09:00:00,24,11,13
2018-10-06 10:00:00,19,10,9
2018-10-06 11:00:00,51,21,30
2018-10-06 12:00:00,44,17,27
2018-10-06 13:00:00,29,15,14
2018-10-06 14:00:00,47,29,18
2018-10-06 15:00:00,60,39,21
2018-10-06 16:00:00,43,16,27
2018-10-06 17:00:00,52,25,27
2018-10-06 18:00:00,20,9,11
2018-10-06 19:00:00,14,10,4
2018-10-06 20:00:00,7,3,4
2018-10-06 21:00:00,10,3,7
2018-10-06 22:00:00,13,8,5
2018-10-06 23:00:00,7,6,1
2018-10-07 00:00:00,3,2,1
2018-10-07 01:00:00,3,2,1
2018-10-07 02:00:00,2,2,0
2018-10-07 03:00:00,4,1,3
2018-10-07 04:00:00,1,1,0
2018-10-07 05:00:00,4,1,3
2018-10-07 06:00:00,5,2,3
2018-10-07 07:00:00,7,4,3
2018-10-07 08:00:00,13,5,8
2018-10-07 09:00:00,24,5,19
2018-10-07 10:00:00,22,13,9
2018-10-07 11:00:00,14,6,8
2018-10-07 12:00:00,11,3,8
2018-10-07 13:00:00,11,7,4
2018-10-07 14:00:00,13,5,8
2018-10-07 15:00:00,20,6,14
2018-10-07 16:00:00,14,7,7
2018-10-07 17:00:00,31,20,11
2018-10-07 18:00:00,12,3,9
2018-10-07 19:00:00,9,6,3
2018-10-07 20:00:00,3,3,0
2018-10-07 21:00:00,3,2,1
2018-10-07 22:00:00,1,1,0
2018-10-07 23:00:00,2,2,0
2018-10-08 00:00:00,5,4,1
2018-10-08 01:00:00,2,1,1
2018-10-08 02:00:00,2,2,0
2018-10-08 03:00:00,1,1,0
2018-10-08 04:00:00,3,1,2
2018-10-08 05:00:00,21,5,16
2018-10-08 06:00:00,57,6,51
2018-10-08 07:00:00,108,9,99
2018-10-08 08:00:00,103,7,96
2018-10-08 09:00:00,35,3,32
2018-10-08 10:00:00,18,4,14
2018-10-08 11:00:00,12,3,9
2018-10-08 12:00:00,10,5,5
2018-10-08 13:00:00,9,5,4
2018-10-08 14:00:00,19,10,9
2018-10-08 15:00:00,34,28,6
2018-10-08 16:00:00,55,47,8
2018-10-08 17:00:00,114,106,8
2018-10-08 18:00:00,64,56,8
2018-10-08 19:00:00,23,18,5
2018-10-08 20:00:00,6,5,1
2018-10-08 21:00:00,7,6,1
2018-10-08 22:00:00,7,5,2
2018-10-08 23:00:00,4,2,2
2018-10-09 00:00:00,1,0,1
2018-10-09 01:00:00,9,6,3
2018-10-09 02:00:00,1,1,0
2018-10-09 03:00:00,1,1,0
2018-10-09 04:00:00,5,1,4
2018-10-09 05:00:00,26,5,21
2018-10-09 06:00:00,69,12,57
2018-10-09 07:00:00,123,15,108
2018-10-09 08:00:00,123,3,120
2018-10-09 09:00:00,48,5,43
2018-10-09 10:00:00,26,8,18
2018-10-09 11:00:00,22,8,14
2018-10-09 12:00:00,17,3,14
2018-10-09 13:00:00,17,8,9
2018-10-09 14:00:00,23,12,11
2018-10-09 15:00:00,45,36,9
2018-10-09 16:00:00,86,74,12
2018-10-09 17:00:00,179,144,35
2018-10-09 18:00:00,98,86,12
2018-10-09 19:00:00,41,30,11
2018-10-09 20:00:00,20,13,7
2018-10-09 21:00:00,13,12,1
2018-10-09 22:00:00,13,10,3
2018-10-09 23:00:00,6,5,1
2018-10-10 00:00:00,0,0,0
2018-10-10 01:00:00,2,2,0
2018-10-10 02:00:00,2,1,1
2018-10-10 03:00:00,1,1,0
2018-10-10 04:00:00,9,3,6
2018-10-10 05:00:00,35,5,30
2018-10-10 06:00:00,80,14,66
2018-10-10 07:00:00,154,8,146
2018-10-10 08:00:00,146,9,137
2018-10-10 09:00:00,56,6,50
2018-10-10 10:00:00,26,4,22
2018-10-10 11:00:00,29,10,19
2018-10-10 12:00:00,26,13,13
2018-10-10 13:00:00,28,15,13
2018-10-10 14:00:00,31,13,18
2018-10-10 15:00:00,48,39,9
2018-10-10 16:00:00,112,94,18
2018-10-10 17:00:00,194,169,25
2018-10-10 18:00:00,118,93,25
2018-10-10 19:00:00,41,36,5
2018-10-10 20:00:00,13,7,6
2018-10-10 21:00:00,17,14,3
2018-10-10 22:00:00,13,10,3
2018-10-10 23:00:00,10,6,4
2018-10-11 00:00:00,3,2,1
2018-10-11 01:00:00,5,4,1
2018-10-11 02:00:00,3,3,0
2018-10-11 03:00:00,0,0,0
2018-10-11 04:00:00,5,5,0
2018-10-11 05:00:00,26,3,23
2018-10-11 06:00:00,69,11,58
2018-10-11 07:00:00,140,6,134
2018-10-11 08:00:00,131,6,125
2018-10-11 09:00:00,57,5,52
2018-10-11 10:00:00,15,3,12
2018-10-11 11:00:00,24,8,16
2018-10-11 12:00:00,17,5,12
2018-10-11 13:00:00,24,16,8
2018-10-11 14:00:00,34,22,12
2018-10-11 15:00:00,52,41,11
2018-10-11 16:00:00,111,92,19
2018-10-11 17:00:00,182,161,21
2018-10-11 18:00:00,93,77,16
2018-10-11 19:00:00,32,22,10
2018-10-11 20:00:00,22,18,4
2018-10-11 21:00:00,12,9,3
2018-10-11 22:00:00,7,5,2
2018-10-11 23:00:00,2,2,0
2018-10-12 00:00:00,2,2,0
2018-10-12 01:00:00,1,1,0
2018-10-12 02:00:00,1,1,0
2018-10-12 03:00:00,1,0,1
2018-10-12 04:00:00,2,1,1
2018-10-12 05:00:00,20,2,18
2018-10-12 06:00:00,52,7,45
2018-10-12 07:00:00,107,7,100
2018-10-12 08:00:00,120,11,109
2018-10-12 09:00:00,48,5,43
2018-10-12 10:00:00,23,6,17
2018-10-12 11:00:00,15,3,12
2018-10-12 12:00:00,27,10,17
2018-10-12 13:00:00,17,8,9
2018-10-12 14:00:00,36,25,11
2018-10-12 15:00:00,54,41,13
2018-10-12 16:00:00,112,88,24
2018-10-12 17:00:00,135,118,17
2018-10-12 18:00:00,62,53,9
2018-10-12 19:00:00,24,18,6
2018-10-12 20:00:00,17,10,7
2018-10-12 21:00:00,12,7,5
2018-10-12 22:00:00,9,7,2
2018-10-12 23:00:00,4,3,1
2018-10-13 00:00:00,8,6,2
2018-10-13 01:00:00,3,2,1
2018-10-13 02:00:00,3,2,1
2018-10-13 03:00:00,3,2,1
2018-10-13 04:00:00,2,2,0
2018-10-13 05:00:00,9,2,7
2018-10-13 06:00:00,7,1,6
2018-10-13 07:00:00,14,5,9
2018-10-13 08:00:00,30,13,17
2018-10-13 09:00:00,29,17,12
2018-10-13 10:00:00,40,17,23
2018-10-13 11:00:00,43,17,26
2018-10-13 12:00:00,55,30,25
2018-10-13 13:00:00,58,29,29
2018-10-13 14:00:00,26,15,11
2018-10-13 15:00:00,41,21,20
2018-10-13 16:00:00,41,21,20
2018-10-13 17:00:00,29,18,11
2018-10-13 18:00:00,32,19,13
2018-10-13 19:00:00,14,6,8
2018-10-13 20:00:00,12,5,7
2018-10-13 21:00:00,6,3,3
2018-10-13 22:00:00,11,7,4
2018-10-13 23:00:00,5,3,2
2018-10-14 00:00:00,5,3,2
2018-10-14 01:00:00,6,2,4
2018-10-14 02:00:00,0,0,0
2018-10-14 03:00:00,0,0,0
2018-10-14 04:00:00,0,0,0
2018-10-14 05:00:00,4,1,3
2018-10-14 06:00:00,4,0,4
2018-10-14 07:00:00,7,1,6
2018-10-14 08:00:00,12,3,9
2018-10-14 09:00:00,22,8,14
2018-10-14 10:00:00,27,13,14
2018-10-14 11:00:00,42,20,22
2018-10-14 12:00:00,29,14,15
2018-10-14 13:00:00,53,22,31
2018-10-14 14:00:00,44,23,21
2018-10-14 15:00:00,50,33,17
2018-10-14 16:00:00,46,26,20
2018-10-14 17:00:00,46,23,23
2018-10-14 18:00:00,22,11,11
2018-10-14 19:00:00,5,3,2
2018-10-14 20:00:00,7,2,5
2018-10-14 21:00:00,6,3,3
2018-10-14 22:00:00,4,4,0
2018-10-14 23:00:00,1,1,0
2018-10-15 00:00:00,1,1,0
2018-10-15 01:00:00,2,0,2
2018-10-15 02:00:00,1,1,0
2018-10-15 03:00:00,1,1,0
2018-10-15 04:00:00,5,1,4
2018-10-15 05:00:00,24,2,22
2018-10-15 06:00:00,79,8,71
2018-10-15 07:00:00,143,9,134
2018-10-15 08:00:00,174,15,159
2018-10-15 09:00:00,44,5,39
2018-10-15 10:00:00,36,9,27
2018-10-15 11:00:00,19,6,13
2018-10-15 12:00:00,18,5,13
2018-10-15 13:00:00,27,18,9
2018-10-15 14:00:00,33,18,15
2018-10-15 15:00:00,62,40,22
2018-10-15 16:00:00,128,109,19
2018-10-15 17:00:00,199,179,20
2018-10-15 18:00:00,103,83,20
2018-10-15 19:00:00,32,22,10
2018-10-15 20:00:00,9,6,3
2018-10-15 21:00:00,9,7,2
2018-10-15 22:00:00,12,9,3
2018-10-15 23:00:00,8,6,2
2018-10-16 00:00:00,4,3,1
2018-10-16 01:00:00,1,1,0
2018-10-16 02:00:00,2,1,1
2018-10-16 03:00:00,2,1,1
2018-10-16 04:00:00,8,2,6
2018-10-16 05:00:00,32,6,26
2018-10-16 06:00:00,87,15,72
2018-10-16 07:00:00,148,11,137
2018-10-16 08:00:00,153,7,146
2018-10-16 09:00:00,49,8,41
2018-10-16 10:00:00,30,6,24
2018-10-16 11:00:00,32,15,17
2018-10-16 12:00:00,33,10,23
2018-10-16 13:00:00,35,15,20
2018-10-16 14:00:00,25,18,7
2018-10-16 15:00:00,49,35,14
2018-10-16 16:00:00,109,91,18
2018-10-16 17:00:00,223,198,25
2018-10-16 18:00:00,113,99,14
2018-10-16 19:00:00,40,30,10
2018-10-16 20:00:00,11,7,4
2018-10-16 21:00:00,16,14,2
2018-10-16 22:00:00,14,12,2
2018-10-16 23:00:00,13,8,5
2018-10-17 00:00:00,7,3,4
2018-10-17 01:00:00,3,1,2
2018-10-17 02:00:00,0,0,0
2018-10-17 03:00:00,3,3,0
2018-10-17 04:00:00,7,3,4
2018-10-17 05:00:00,27,4,23
2018-10-17 06:00:00,76,14,62
2018-10-17 07:00:00,146,14,132
2018-10-17 08:00:00,158,10,148
2018-10-17 09:00:00,55,2,53
2018-10-17 10:00:00,28,8,20
2018-10-17 11:00:00,26,9,17
2018-10-17 12:00:00,24,8,16
2018-10-17 13:00:00,29,18,11
2018-10-17 14:00:00,34,18,16
2018-10-17 15:00:00,52,41,11
2018-10-17 16:00:00,141,107,34
2018-10-17 17:00:00,171,153,18
2018-10-17 18:00:00,99,82,17
2018-10-17 19:00:00,30,28,2
2018-10-17 20:00:00,23,19,4
2018-10-17 21:00:00,18,11,7
2018-10-17 22:00:00,17,10,7
2018-10-17 23:00:00,6,6,0
2018-10-18 00:00:00,6,4,2
2018-10-18 01:00:00,5,3,2
2018-10-18 02:00:00,2,2,0
2018-10-18 03:00:00,1,0,1
2018-10-18 04:00:00,6,2,4
2018-10-18 05:00:00,28,4,24
2018-10-18 06:00:00,75,10,65
2018-10-18 07:00:00,125,7,118
2018-10-18 08:00:00,145,5,140
2018-10-18 09:00:00,59,8,51
2018-10-18 10:00:00,23,5,18
2018-10-18 11:00:00,15,3,12
2018-10-18 12:00:00,28,12,16
2018-10-18 13:00:00,22,14,8
2018-10-18 14:00:00,33,15,18
2018-10-18 15:00:00,60,46,14
2018-10-18 16:00:00,97,81,16
2018-10-18 17:00:00,191,162,29
2018-10-18 18:00:00,80,70,10
2018-10-18 19:00:00,28,25,3
2018-10-18 20:00:00,26,17,9
2018-10-18 21:00:00,13,10,3
2018-10-18 22:00:00,10,8,2
2018-10-18 23:00:00,3,3,0
2018-10-19 00:00:00,5,5,0
2018-10-19 01:00:00,1,1,0
2018-10-19 02:00:00,2,1,1
2018-10-19 03:00:00,0,0,0
2018-10-19 04:00:00,9,4,5
2018-10-19 05:00:00,15,1,14
2018-10-19 06:00:00,56,8,48
2018-10-19 07:00:00,131,8,123
2018-10-19 08:00:00,117,14,103
2018-10-19 09:00:00,41,3,38
2018-10-19 10:00:00,20,4,16
2018-10-19 11:00:00,22,8,14
2018-10-19 12:00:00,18,6,12
2018-10-19 13:00:00,18,12,6
2018-10-19 14:00:00,24,17,7
2018-10-19 15:00:00,39,27,12
2018-10-19 16:00:00,97,81,16
2018-10-19 17:00:00,141,113,28
2018-10-19 18:00:00,59,45,14
2018-10-19 19:00:00,33,26,7
2018-10-19 20:00:00,10,7,3
2018-10-19 21:00:00,10,10,0
2018-10-19 22:00:00,4,3,1
2018-10-19 23:00:00,4,4,0
2018-10-20 00:00:00,5,3,2
2018-10-20 01:00:00,2,2,0
2018-10-20 02:00:00,0,0,0
2018-10-20 03:00:00,1,1,0
2018-10-20 04:00:00,2,2,0
2018-10-20 05:00:00,6,2,4
2018-10-20 06:00:00,8,2,6
2018-10-20 07:00:00,11,3,8
2018-10-20 08:00:00,30,7,23
2018-10-20 09:00:00,12,6,6
2018-10-20 10:00:00,40,15,25
2018-10-20 11:00:00,28,13,15
2018-10-20 12:00:00,50,24,26
2018-10-20 13:00:00,43,21,22
2018-10-20 14:00:00,53,28,25
2018-10-20 15:00:00,40,22,18
2018-10-20 16:00:00,20,16,4
2018-10-20 17:00:00,40,27,13
2018-10-20 18:00:00,18,7,11
2018-10-20 19:00:00,12,3,9
2018-10-20 20:00:00,6,2,4
2018-10-20 21:00:00,6,5,1
2018-10-20 22:00:00,4,4,0
2018-10-20 23:00:00,6,4,2
2018-10-21 00:00:00,1,1,0
2018-10-21 01:00:00,3,3,0
2018-10-21 02:00:00,3,3,0
2018-10-21 03:00:00,0,0,0
2018-10-21 04:00:00,0,0,0
2018-10-21 05:00:00,4,0,4
2018-10-21 06:00:00,2,0,2
2018-10-21 07:00:00,5,3,2
2018-10-21 08:00:00,14,4,10
2018-10-21 09:00:00,19,10,9
2018-10-21 10:00:00,32,15,17
2018-10-21 11:00:00,27,10,17
2018-10-21 12:00:00,26,15,11
2018-10-21 13:00:00,40,21,19
2018-10-21 14:00:00,38,17,21
2018-10-21 15:00:00,47,19,28
2018-10-21 16:00:00,34,16,18
2018-10-21 17:00:00,22,12,10
2018-10-21 18:00:00,16,11,5
2018-10-21 19:00:00,11,7,4
2018-10-21 20:00:00,5,3,2
2018-10-21 21:00:00,6,5,1
2018-10-21 22:00:00,9,4,5
2018-10-21 23:00:00,5,3,2
2018-10-22 00:00:00,5,4,1
2018-10-22 01:00:00,1,0,1
2018-10-22 02:00:00,5,2,3
2018-10-22 03:00:00,1,0,1
2018-10-22 04:00:00,4,1,3
2018-10-22 05:00:00,23,3,20
2018-10-22 06:00:00,74,7,67
2018-10-22 07:00:00,130,7,123
2018-10-22 08:00:00,153,7,146
2018-10-22 09:00:00,56,5,51
2018-10-22 10:00:00,22,8,14
2018-10-22 11:00:00,20,6,14
2018-10-22 12:00:00,16,9,7
2018-10-22 13:00:00,19,7,12
2018-10-22 14:00:00,23,14,9
2018-10-22 15:00:00,47,31,16
2018-10-22 16:00:00,103,81,22
2018-10-22 17:00:00,184,171,13
2018-10-22 18:00:00,94,81,13
2018-10-22 19:00:00,36,30,6
2018-10-22 20:00:00,9,6,3
2018-10-22 21:00:00,9,5,4
2018-10-22 22:00:00,5,4,1
2018-10-22 23:00:00,3,3,0
2018-10-23 00:00:00,2,1,1
2018-10-23 01:00:00,4,1,3
2018-10-23 02:00:00,1,1,0
2018-10-23 03:00:00,2,2,0
2018-10-23 04:00:00,5,2,3
2018-10-23 05:00:00,23,3,20
2018-10-23 06:00:00,69,14,55
2018-10-23 07:00:00,127,7,120
2018-10-23 08:00:00,124,9,115
2018-10-23 09:00:00,41,5,36
2018-10-23 10:00:00,23,6,17
2018-10-23 11:00:00,19,4,15
2018-10-23 12:00:00,20,5,15
2018-10-23 13:00:00,14,5,9
2018-10-23 14:00:00,28,19,9
2018-10-23 15:00:00,39,28,11
2018-10-23 16:00:00,83,68,15
2018-10-23 17:00:00,142,129,13
2018-10-23 18:00:00,86,78,8
2018-10-23 19:00:00,23,22,1
2018-10-23 20:00:00,15,11,4
2018-10-23 21:00:00,13,11,2
2018-10-23 22:00:00,11,10,1
2018-10-23 23:00:00,5,2,3
2018-10-24 00:00:00,4,1,3
2018-10-24 01:00:00,4,2,2
2018-10-24 02:00:00,0,0,0
2018-10-24 03:00:00,2,2,0
2018-10-24 04:00:00,6,2,4
2018-10-24 05:00:00,28,3,25
2018-10-24 06:00:00,63,14,49
2018-10-24 07:00:00,136,15,121
2018-10-24 08:00:00,127,9,118
2018-10-24 09:00:00,55,4,51
2018-10-24 10:00:00,30,6,24
2018-10-24 11:00:00,22,12,10
2018-10-24 12:00:00,13,2,11
2018-10-24 13:00:00,27,16,11
2018-10-24 14:00:00,26,12,14
2018-10-24 15:00:00,42,31,11
2018-10-24 16:00:00,106,87,19
2018-10-24 17:00:00,164,143,21
2018-10-24 18:00:00,86,73,13
2018-10-24 19:00:00,41,37,4
2018-10-24 20:00:00,25,18,7
2018-10-24 21:00:00,12,10,2
2018-10-24 22:00:00,11,9,2
2018-10-24 23:00:00,6,4,2
2018-10-25 00:00:00,2,1,1
2018-10-25 01:00:00,0,0,0
2018-10-25 02:00:00,1,1,0
2018-10-25 03:00:00,1,1,0
2018-10-25 04:00:00,3,1,2
2018-10-25 05:00:00,25,4,21
2018-10-25 06:00:00,55,12,43
2018-10-25 07:00:00,95,3,92
2018-10-25 08:00:00,96,8,88
2018-10-25 09:00:00,50,6,44
2018-10-25 10:00:00,12,5,7
2018-10-25 11:00:00,10,4,6
2018-10-25 12:00:00,7,0,7
2018-10-25 13:00:00,18,10,8
2018-10-25 14:00:00,16,7,9
2018-10-25 15:00:00,22,17,5
2018-10-25 16:00:00,68,60,8
2018-10-25 17:00:00,105,99,6
2018-10-25 18:00:00,56,48,8
2018-10-25 19:00:00,30,23,7
2018-10-25 20:00:00,9,7,2
2018-10-25 21:00:00,9,8,1
2018-10-25 22:00:00,3,3,0
2018-10-25 23:00:00,5,4,1
2018-10-26 00:00:00,0,0,0
2018-10-26 01:00:00,0,0,0
2018-10-26 02:00:00,1,1,0
2018-10-26 03:00:00,1,1,0
2018-10-26 04:00:00,3,1,2
2018-10-26 05:00:00,15,2,13
2018-10-26 06:00:00,37,8,29
2018-10-26 07:00:00,77,6,71
2018-10-26 08:00:00,94,8,86
2018-10-26 09:00:00,35,4,31
2018-10-26 10:00:00,15,4,11
2018-10-26 11:00:00,14,4,10
2018-10-26 12:00:00,12,3,9
2018-10-26 13:00:00,11,6,5
2018-10-26 14:00:00,26,19,7
2018-10-26 15:00:00,29,17,12
2018-10-26 16:00:00,88,78,10
2018-10-26 17:00:00,103,92,11
2018-10-26 18:00:00,46,39,7
2018-10-26 19:00:00,18,16,2
2018-10-26 20:00:00,9,5,4
2018-10-26 21:00:00,4,3,1
2018-10-26 22:00:00,5,3,2
2018-10-26 23:00:00,5,5,0
2018-10-27 00:00:00,3,1,2
2018-10-27 01:00:00,2,1,1
2018-10-27 02:00:00,3,3,0
2018-10-27 03:00:00,2,1,1
2018-10-27 04:00:00,1,1,0
2018-10-27 05:00:00,1,0,1
2018-10-27 06:00:00,11,1,10
2018-10-27 07:00:00,9,2,7
2018-10-27 08:00:00,25,13,12
2018-10-27 09:00:00,31,11,20
2018-10-27 10:00:00,27,14,13
2018-10-27 11:00:00,20,7,13
2018-10-27 12:00:00,29,16,13
2018-10-27 13:00:00,46,25,21
2018-10-27 14:00:00,42,20,22
2018-10-27 15:00:00,37,19,18
2018-10-27 16:00:00,20,11,9
2018-10-27 17:00:00,18,13,5
2018-10-27 18:00:00,5,2,3
2018-10-27 19:00:00,3,3,0
2018-10-27 20:00:00,2,1,1
2018-10-27 21:00:00,3,1,2
2018-10-27 22:00:00,3,2,1
2018-10-27 23:00:00,4,3,1
2018-10-28 00:00:00,0,0,0
2018-10-28 01:00:00,0,0,0
2018-10-28 02:00:00,0,0,0
2018-10-28 03:00:00,0,0,0
2018-10-28 04:00:00,0,0,0
2018-10-28 05:00:00,0,0,0
2018-10-28 06:00:00,0,0,0
2018-10-28 07:00:00,3,0,3
2018-10-28 08:00:00,3,1,2
2018-10-28 09:00:00,7,3,4
2018-10-28 10:00:00,16,7,9
2018-10-28 11:00:00,8,3,5
2018-10-28 12:00:00,14,7,7
2018-10-28 13:00:00,3,1,2
2018-10-28 14:00:00,15,7,8
2018-10-28 15:00:00,9,4,5
2018-10-28 16:00:00,23,20,3
2018-10-28 17:00:00,6,4,2
2018-10-28 18:00:00,1,0,1
2018-10-28 19:00:00,3,1,2
2018-10-28 20:00:00,4,3,1
2018-10-28 21:00:00,3,1,2
2018-10-28 22:00:00,3,2,1
2018-10-28 23:00:00,3,3,0
2018-10-29 00:00:00,0,0,0
2018-10-29 01:00:00,1,0,1
2018-10-29 02:00:00,0,0,0
2018-10-29 03:00:00,0,0,0
2018-10-29 04:00:00,3,0,3
2018-10-29 05:00:00,11,3,8
2018-10-29 06:00:00,58,8,50
2018-10-29 07:00:00,126,5,121
2018-10-29 08:00:00,132,4,128
2018-10-29 09:00:00,44,3,41
2018-10-29 10:00:00,16,7,9
2018-10-29 11:00:00,14,6,8
2018-10-29 12:00:00,17,6,11
2018-10-29 13:00:00,8,5,3
2018-10-29 14:00:00,15,7,8
2018-10-29 15:00:00,36,28,8
2018-10-29 16:00:00,93,69,24
2018-10-29 17:00:00,149,136,13
2018-10-29 18:00:00,65,58,7
2018-10-29 19:00:00,26,23,3
2018-10-29 20:00:00,14,9,5
2018-10-29 21:00:00,16,14,2
2018-10-29 22:00:00,9,8,1
2018-10-29 23:00:00,7,5,2
2018-10-30 00:00:00,3,3,0
2018-10-30 01:00:00,1,1,0
2018-10-30 02:00:00,0,0,0
2018-10-30 03:00:00,5,3,2
2018-10-30 04:00:00,6,2,4
2018-10-30 05:00:00,23,3,20
2018-10-30 06:00:00,64,13,51
2018-10-30 07:00:00,121,6,115
2018-10-30 08:00:00,126,5,121
2018-10-30 09:00:00,47,3,44
2018-10-30 10:00:00,26,3,23
2018-10-30 11:00:00,29,8,21
2018-10-30 12:00:00,19,8,11
2018-10-30 13:00:00,17,10,7
2018-10-30 14:00:00,21,14,7
2018-10-30 15:00:00,36,23,13
2018-10-30 16:00:00,88,70,18
2018-10-30 17:00:00,166,151,15
2018-10-30 18:00:00,89,78,11
2018-10-30 19:00:00,34,27,7
2018-10-30 20:00:00,8,8,0
2018-10-30 21:00:00,10,8,2
2018-10-30 22:00:00,7,6,1
2018-10-30 23:00:00,4,3,1
2018-10-31 00:00:00,1,0,1
2018-10-31 01:00:00,2,1,1
2018-10-31 02:00:00,1,1,0
2018-10-31 03:00:00,3,2,1
2018-10-31 04:00:00,2,1,1
2018-10-31 05:00:00,21,1,20
2018-10-31 06:00:00,52,9,43
2018-10-31 07:00:00,105,12,93
2018-10-31 08:00:00,49,12,37
2018-10-31 09:00:00,32,6,26
2018-10-31 10:00:00,15,4,11
2018-10-31 11:00:00,12,5,7
2018-10-31 12:00:00,16,12,4
2018-10-31 13:00:00,13,9,4
2018-10-31 14:00:00,15,9,6
2018-10-31 15:00:00,55,45,10
2018-10-31 16:00:00,113,96,17
2018-10-31 17:00:00,113,102,11
2018-10-31 18:00:00,44,38,6
2018-10-31 19:00:00,7,7,0
2018-10-31 20:00:00,10,10,0
2018-10-31 21:00:00,2,2,0
2018-10-31 22:00:00,10,7,3
2018-10-31 23:00:00,5,3,2
2018-11-01 00:00:00,3,2,1
2018-11-01 01:00:00,1,0,1
2018-11-01 02:00:00,2,2,0
2018-11-01 03:00:00,4,3,1
2018-11-01 04:00:00,10,5,5
2018-11-01 05:00:00,19,2,17
2018-11-01 06:00:00,54,9,45
2018-11-01 07:00:00,115,12,103
2018-11-01 08:00:00,117,7,110
2018-11-01 09:00:00,54,6,48
2018-11-01 10:00:00,17,3,14
2018-11-01 11:00:00,19,4,15
2018-11-01 12:00:00,8,2,6
2018-11-01 13:00:00,16,7,9
2018-11-01 14:00:00,21,15,6
2018-11-01 15:00:00,49,32,17
2018-11-01 16:00:00,84,66,18
2018-11-01 17:00:00,135,118,17
2018-11-01 18:00:00,86,73,13
2018-11-01 19:00:00,32,30,2
2018-11-01 20:00:00,19,17,2
2018-11-01 21:00:00,9,7,2
2018-11-01 22:00:00,9,6,3
2018-11-01 23:00:00,4,2,2
2018-11-02 00:00:00,2,1,1
2018-11-02 01:00:00,4,2,2
2018-11-02 02:00:00,1,1,0
2018-11-02 03:00:00,2,2,0
2018-11-02 04:00:00,5,1,4
2018-11-02 05:00:00,16,4,12
2018-11-02 06:00:00,41,4,37
2018-11-02 07:00:00,95,11,84
2018-11-02 08:00:00,92,9,83
2018-11-02 09:00:00,52,7,45
2018-11-02 10:00:00,13,3,10
2018-11-02 11:00:00,24,5,19
2018-11-02 12:00:00,21,8,13
2018-11-02 13:00:00,17,9,8
2018-11-02 14:00:00,21,10,11
2018-11-02 15:00:00,36,28,8
2018-11-02 16:00:00,74,62,12
2018-11-02 17:00:00,127,112,15
2018-11-02 18:00:00,54,47,7
2018-11-02 19:00:00,21,17,4
2018-11-02 20:00:00,13,10,3
2018-11-02 21:00:00,9,4,5
2018-11-02 22:00:00,7,5,2
2018-11-02 23:00:00,4,1,3
2018-11-03 00:00:00,7,4,3
2018-11-03 01:00:00,2,1,1
2018-11-03 02:00:00,3,2,1
2018-11-03 03:00:00,1,1,0
2018-11-03 04:00:00,0,0,0
2018-11-03 05:00:00,4,1,3
2018-11-03 06:00:00,7,0,7
2018-11-03 07:00:00,6,1,5
2018-11-03 08:00:00,16,5,11
2018-11-03 09:00:00,8,2,6
2018-11-03 10:00:00,5,1,4
2018-11-03 11:00:00,16,7,9
2018-11-03 12:00:00,19,11,8
2018-11-03 13:00:00,14,11,3
2018-11-03 14:00:00,13,10,3
2018-11-03 15:00:00,9,6,3
2018-11-03 16:00:00,9,7,2
2018-11-03 17:00:00,8,6,2
2018-11-03 18:00:00,6,4,2
2018-11-03 19:00:00,7,4,3
2018-11-03 20:00:00,3,3,0
2018-11-03 21:00:00,1,0,1
2018-11-03 22:00:00,3,1,2
2018-11-03 23:00:00,5,4,1
2018-11-04 00:00:00,8,6,2
2018-11-04 01:00:00,2,0,2
2018-11-04 02:00:00,3,2,1
2018-11-04 03:00:00,1,1,0
2018-11-04 04:00:00,0,0,0
2018-11-04 05:00:00,4,1,3
2018-11-04 06:00:00,3,1,2
2018-11-04 07:00:00,6,3,3
2018-11-04 08:00:00,10,4,6
2018-11-04 09:00:00,32,21,11
2018-11-04 10:00:00,29,13,16
2018-11-04 11:00:00,16,3,13
2018-11-04 12:00:00,38,16,22
2018-11-04 13:00:00,28,8,20
2018-11-04 14:00:00,32,13,19
2018-11-04 15:00:00,35,14,21
2018-11-04 16:00:00,21,14,7
2018-11-04 17:00:00,24,16,8
2018-11-04 18:00:00,9,6,3
2018-11-04 19:00:00,7,4,3
2018-11-04 20:00:00,16,15,1
2018-11-04 21:00:00,1,0,1
2018-11-04 22:00:00,5,3,2
2018-11-04 23:00:00,3,3,0
2018-11-05 00:00:00,1,0,1
2018-11-05 01:00:00,2,1,1
2018-11-05 02:00:00,2,0,2
2018-11-05 03:00:00,1,1,0
2018-11-05 04:00:00,0,0,0
2018-11-05 05:00:00,28,4,24
2018-11-05 06:00:00,84,17,67
2018-11-05 07:00:00,145,6,139
2018-11-05 08:00:00,114,8,106
2018-11-05 09:00:00,42,3,39
2018-11-05 10:00:00,20,6,14
2018-11-05 11:00:00,39,16,23
2018-11-05 12:00:00,19,9,10
2018-11-05 13:00:00,18,7,11
2018-11-05 14:00:00,26,12,14
2018-11-05 15:00:00,37,31,6
2018-11-05 16:00:00,98,84,14
2018-11-05 17:00:00,154,135,19
2018-11-05 18:00:00,76,64,12
2018-11-05 19:00:00,29,21,8
2018-11-05 20:00:00,8,8,0
2018-11-05 21:00:00,16,15,1
2018-11-05 22:00:00,6,6,0
2018-11-05 23:00:00,1,0,1
2018-11-06 00:00:00,0,0,0
2018-11-06 01:00:00,0,0,0
2018-11-06 02:00:00,1,0,1
2018-11-06 03:00:00,1,1,0
2018-11-06 04:00:00,4,1,3
2018-11-06 05:00:00,30,4,26
2018-11-06 06:00:00,82,14,68
2018-11-06 07:00:00,121,9,112
2018-11-06 08:00:00,123,12,111
2018-11-06 09:00:00,44,6,38
2018-11-06 10:00:00,17,4,13
2018-11-06 11:00:00,23,7,16
2018-11-06 12:00:00,18,7,11
2018-11-06 13:00:00,25,8,17
2018-11-06 14:00:00,24,13,11
2018-11-06 15:00:00,38,33,5
2018-11-06 16:00:00,118,100,18
2018-11-06 17:00:00,139,128,11
2018-11-06 18:00:00,80,70,10
2018-11-06 19:00:00,17,16,1
2018-11-06 20:00:00,16,13,3
2018-11-06 21:00:00,9,6,3
2018-11-06 22:00:00,8,5,3
2018-11-06 23:00:00,4,4,0
2018-11-07 00:00:00,0,0,0
2018-11-07 01:00:00,0,0,0
2018-11-07 02:00:00,1,1,0
2018-11-07 03:00:00,2,2,0
2018-11-07 04:00:00,7,4,3
2018-11-07 05:00:00,28,5,23
2018-11-07 06:00:00,80,10,70
2018-11-07 07:00:00,140,14,126
2018-11-07 08:00:00,128,11,117
2018-11-07 09:00:00,44,2,42
2018-11-07 10:00:00,31,6,25
2018-11-07 11:00:00,16,9,7
2018-11-07 12:00:00,21,9,12
2018-11-07 13:00:00,20,12,8
2018-11-07 14:00:00,32,13,19
2018-11-07 15:00:00,50,37,13
2018-11-07 16:00:00,109,94,15
2018-11-07 17:00:00,168,147,21
2018-11-07 18:00:00,77,66,11
2018-11-07 19:00:00,21,18,3
2018-11-07 20:00:00,25,18,7
2018-11-07 21:00:00,6,5,1
2018-11-07 22:00:00,8,4,4
2018-11-07 23:00:00,3,3,0
2018-11-08 00:00:00,2,1,1
2018-11-08 01:00:00,0,0,0
2018-11-08 02:00:00,1,1,0
2018-11-08 03:00:00,2,2,0
2018-11-08 04:00:00,7,2,5
2018-11-08 05:00:00,22,4,18
2018-11-08 06:00:00,81,15,66
2018-11-08 07:00:00,99,8,91
2018-11-08 08:00:00,105,8,97
2018-11-08 09:00:00,55,4,51
2018-11-08 10:00:00,31,14,17
2018-11-08 11:00:00,22,9,13
2018-11-08 12:00:00,20,6,14
2018-11-08 13:00:00,14,9,5
2018-11-08 14:00:00,27,13,14
2018-11-08 15:00:00,52,36,16
2018-11-08 16:00:00,95,81,14
2018-11-08 17:00:00,120,107,13
2018-11-08 18:00:00,73,62,11
2018-11-08 19:00:00,23,20,3
2018-11-08 20:00:00,18,13,5
2018-11-08 21:00:00,12,9,3
2018-11-08 22:00:00,12,10,2
2018-11-08 23:00:00,15,12,3
2018-11-09 00:00:00,5,4,1
2018-11-09 01:00:00,0,0,0
2018-11-09 02:00:00,0,0,0
2018-11-09 03:00:00,3,2,1
2018-11-09 04:00:00,3,0,3
2018-11-09 05:00:00,21,4,17
2018-11-09 06:00:00,47,10,37
2018-11-09 07:00:00,97,4,93
2018-11-09 08:00:00,101,9,92
2018-11-09 09:00:00,42,8,34
2018-11-09 10:00:00,13,0,13
2018-11-09 11:00:00,10,4,6
2018-11-09 12:00:00,7,4,3
2018-11-09 13:00:00,12,2,10
2018-11-09 14:00:00,23,13,10
2018-11-09 15:00:00,39,35,4
2018-11-09 16:00:00,60,49,11
2018-11-09 17:00:00,94,83,11
2018-11-09 18:00:00,51,47,4
2018-11-09 19:00:00,20,18,2
2018-11-09 20:00:00,7,5,2
2018-11-09 21:00:00,8,6,2
2018-11-09 22:00:00,4,4,0
2018-11-09 23:00:00,5,4,1
2018-11-10 00:00:00,6,5,1
2018-11-10 01:00:00,1,0,1
2018-11-10 02:00:00,1,0,1
2018-11-10 03:00:00,1,1,0
2018-11-10 04:00:00,1,0,1
2018-11-10 05:00:00,4,1,3
2018-11-10 06:00:00,10,3,7
2018-11-10 07:00:00,13,3,10
2018-11-10 08:00:00,20,7,13
2018-11-10 09:00:00,13,1,12
2018-11-10 10:00:00,25,10,15
2018-11-10 11:00:00,33,18,15
2018-11-10 12:00:00,24,12,12
2018-11-10 13:00:00,42,29,13
2018-11-10 14:00:00,49,31,18
2018-11-10 15:00:00,38,19,19
2018-11-10 16:00:00,38,19,19
2018-11-10 17:00:00,19,14,5
2018-11-10 18:00:00,10,4,6
2018-11-10 19:00:00,6,3,3
2018-11-10 20:00:00,0,0,0
2018-11-10 21:00:00,5,4,1
2018-11-10 22:00:00,9,6,3
2018-11-10 23:00:00,4,3,1
2018-11-11 00:00:00,4,3,1
2018-11-11 01:00:00,0,0,0
2018-11-11 02:00:00,2,2,0
2018-11-11 03:00:00,0,0,0
2018-11-11 04:00:00,0,0,0
2018-11-11 05:00:00,3,1,2
2018-11-11 06:00:00,2,1,1
2018-11-11 07:00:00,4,0,4
2018-11-11 08:00:00,14,6,8
2018-11-11 09:00:00,25,7,18
2018-11-11 10:00:00,28,10,18
2018-11-11 11:00:00,35,16,19
2018-11-11 12:00:00,41,19,22
2018-11-11 13:00:00,37,24,13
2018-11-11 14:00:00,51,31,20
2018-11-11 15:00:00,27,9,18
2018-11-11 16:00:00,29,14,15
2018-11-11 17:00:00,23,10,13
2018-11-11 18:00:00,9,4,5
2018-11-11 19:00:00,3,1,2
2018-11-11 20:00:00,2,2,0
2018-11-11 21:00:00,4,2,2
2018-11-11 22:00:00,5,4,1
2018-11-11 23:00:00,2,2,0
2018-11-12 00:00:00,3,2,1
2018-11-12 01:00:00,0,0,0
2018-11-12 02:00:00,2,1,1
2018-11-12 03:00:00,2,2,0
2018-11-12 04:00:00,1,0,1
2018-11-12 05:00:00,15,1,14
2018-11-12 06:00:00,37,6,31
2018-11-12 07:00:00,93,8,85
2018-11-12 08:00:00,110,10,100
2018-11-12 09:00:00,46,6,40
2018-11-12 10:00:00,25,3,22
2018-11-12 11:00:00,22,8,14
2018-11-12 12:00:00,15,6,9
2018-11-12 13:00:00,24,11,13
2018-11-12 14:00:00,42,20,22
2018-11-12 15:00:00,36,24,12
2018-11-12 16:00:00,80,64,16
2018-11-12 17:00:00,116,106,10
2018-11-12 18:00:00,64,56,8
2018-11-12 19:00:00,24,20,4
2018-11-12 20:00:00,14,11,3
2018-11-12 21:00:00,11,10,1
2018-11-12 22:00:00,5,4,1
2018-11-12 23:00:00,3,0,3
2018-11-13 00:00:00,5,1,4
2018-11-13 01:00:00,1,0,1
2018-11-13 02:00:00,0,0,0
2018-11-13 03:00:00,1,1,0
2018-11-13 04:00:00,7,2,5
2018-11-13 05:00:00,22,2,20
2018-11-13 06:00:00,78,15,63
2018-11-13 07:00:00,131,13,118
2018-11-13 08:00:00,116,14,102
2018-11-13 09:00:00,48,5,43
2018-11-13 10:00:00,28,3,25
2018-11-13 11:00:00,27,13,14
2018-11-13 12:00:00,31,17,14
2018-11-13 13:00:00,14,8,6
2018-11-13 14:00:00,28,16,12
2018-11-13 15:00:00,42,29,13
2018-11-13 16:00:00,87,67,20
2018-11-13 17:00:00,131,118,13
2018-11-13 18:00:00,96,88,8
2018-11-13 19:00:00,25,18,7
2018-11-13 20:00:00,7,7,0
2018-11-13 21:00:00,11,11,0
2018-11-13 22:00:00,8,7,1
2018-11-13 23:00:00,6,6,0
2018-11-14 00:00:00,1,1,0
2018-11-14 01:00:00,1,0,1
2018-11-14 02:00:00,0,0,0
2018-11-14 03:00:00,1,1,0
2018-11-14 04:00:00,7,4,3
2018-11-14 05:00:00,15,1,14
2018-11-14 06:00:00,56,5,51
2018-11-14 07:00:00,99,6,93
2018-11-14 08:00:00,94,10,84
2018-11-14 09:00:00,39,3,36
2018-11-14 10:00:00,18,2,16
2018-11-14 11:00:00,11,4,7
2018-11-14 12:00:00,15,7,8
2018-11-14 13:00:00,10,6,4
2018-11-14 14:00:00,22,13,9
2018-11-14 15:00:00,25,21,4
2018-11-14 16:00:00,70,50,20
2018-11-14 17:00:00,127,113,14
2018-11-14 18:00:00,65,59,6
2018-11-14 19:00:00,28,21,7
2018-11-14 20:00:00,15,13,2
2018-11-14 21:00:00,15,13,2
2018-11-14 22:00:00,5,4,1
2018-11-14 23:00:00,9,7,2
2018-11-15 00:00:00,0,0,0
2018-11-15 01:00:00,2,1,1
2018-11-15 02:00:00,4,2,2
2018-11-15 03:00:00,2,1,1
2018-11-15 04:00:00,6,4,2
2018-11-15 05:00:00,26,3,23
2018-11-15 06:00:00,68,9,59
2018-11-15 07:00:00,111,9,102
2018-11-15 08:00:00,130,6,124
2018-11-15 09:00:00,34,3,31
2018-11-15 10:00:00,28,7,21
2018-11-15 11:00:00,19,7,12
2018-11-15 12:00:00,18,6,12
2018-11-15 13:00:00,9,3,6
2018-11-15 14:00:00,22,11,11
2018-11-15 15:00:00,41,30,11
2018-11-15 16:00:00,111,84,27
2018-11-15 17:00:00,127,109,18
2018-11-15 18:00:00,63,55,8
2018-11-15 19:00:00,34,28,6
2018-11-15 20:00:00,22,19,3
2018-11-15 21:00:00,26,25,1
2018-11-15 22:00:00,10,7,3
2018-11-15 23:00:00,7,7,0
2018-11-16 00:00:00,3,2,1
2018-11-16 01:00:00,1,1,0
2018-11-16 02:00:00,1,1,0
2018-11-16 03:00:00,2,1,1
2018-11-16 04:00:00,3,0,3
2018-11-16 05:00:00,23,1,22
2018-11-16 06:00:00,53,9,44
2018-11-16 07:00:00,88,7,81
2018-11-16 08:00:00,107,10,97
2018-11-16 09:00:00,45,4,41
2018-11-16 10:00:00,18,6,12
2018-11-16 11:00:00,16,5,11
2018-11-16 12:00:00,21,10,11
2018-11-16 13:00:00,13,5,8
2018-11-16 14:00:00,21,15,6
2018-11-16 15:00:00,40,30,10
2018-11-16 16:00:00,71,60,11
2018-11-16 17:00:00,124,114,10
2018-11-16 18:00:00,41,37,4
2018-11-16 19:00:00,22,17,5
2018-11-16 20:00:00,11,9,2
2018-11-16 21:00:00,9,7,2
2018-11-16 22:00:00,7,4,3
2018-11-16 23:00:00,5,3,2
2018-11-17 00:00:00,3,2,1
2018-11-17 01:00:00,2,1,1
2018-11-17 02:00:00,4,2,2
2018-11-17 03:00:00,3,3,0
2018-11-17 04:00:00,3,1,2
2018-11-17 05:00:00,2,1,1
2018-11-17 06:00:00,9,2,7
2018-11-17 07:00:00,12,1,11
2018-11-17 08:00:00,15,5,10
2018-11-17 09:00:00,46,14,32
2018-11-17 10:00:00,42,15,27
2018-11-17 11:00:00,62,23,39
2018-11-17 12:00:00,68,31,37
2018-11-17 13:00:00,62,32,30
2018-11-17 14:00:00,60,37,23
2018-11-17 15:00:00,60,31,29
2018-11-17 16:00:00,36,15,21
2018-11-17 17:00:00,17,10,7
2018-11-17 18:00:00,19,10,9
2018-11-17 19:00:00,11,8,3
2018-11-17 20:00:00,3,0,3
2018-11-17 21:00:00,5,4,1
2018-11-17 22:00:00,6,5,1
2018-11-17 23:00:00,4,1,3
2018-11-18 00:00:00,8,3,5
2018-11-18 01:00:00,0,0,0
2018-11-18 02:00:00,2,1,1
2018-11-18 03:00:00,0,0,0
2018-11-18 04:00:00,2,1,1
2018-11-18 05:00:00,4,0,4
2018-11-18 06:00:00,4,0,4
2018-11-18 07:00:00,8,3,5
2018-11-18 08:00:00,16,6,10
2018-11-18 09:00:00,30,10,20
2018-11-18 10:00:00,58,33,25
2018-11-18 11:00:00,37,16,21
2018-11-18 12:00:00,71,35,36
2018-11-18 13:00:00,52,25,27
2018-11-18 14:00:00,59,28,31
2018-11-18 15:00:00,43,21,22
2018-11-18 16:00:00,40,19,21
2018-11-18 17:00:00,20,13,7
2018-11-18 18:00:00,6,3,3
2018-11-18 19:00:00,10,5,5
2018-11-18 20:00:00,4,4,0
2018-11-18 21:00:00,2,1,1
2018-11-18 22:00:00,7,2,5
2018-11-18 23:00:00,4,4,0
2018-11-19 00:00:00,3,2,1
2018-11-19 01:00:00,3,3,0
2018-11-19 02:00:00,1,0,1
2018-11-19 03:00:00,2,2,0
2018-11-19 04:00:00,4,0,4
2018-11-19 05:00:00,21,3,18
2018-11-19 06:00:00,68,15,53
2018-11-19 07:00:00,104,12,92
2018-11-19 08:00:00,109,8,101
2018-11-19 09:00:00,50,5,45
2018-11-19 10:00:00,27,10,17
2018-11-19 11:00:00,23,10,13
2018-11-19 12:00:00,23,10,13
2018-11-19 13:00:00,27,14,13
2018-11-19 14:00:00,23,11,12
2018-11-19 15:00:00,51,37,14
2018-11-19 16:00:00,91,63,28
2018-11-19 17:00:00,130,119,11
2018-11-19 18:00:00,71,65,6
2018-11-19 19:00:00,16,11,5
2018-11-19 20:00:00,11,8,3
2018-11-19 21:00:00,8,5,3
2018-11-19 22:00:00,7,5,2
2018-11-19 23:00:00,5,3,2
2018-11-20 00:00:00,1,1,0
2018-11-20 01:00:00,2,2,0
2018-11-20 02:00:00,2,1,1
2018-11-20 03:00:00,1,1,0
2018-11-20 04:00:00,5,2,3
2018-11-20 05:00:00,25,3,22
2018-11-20 06:00:00,64,17,47
2018-11-20 07:00:00,94,9,85
2018-11-20 08:00:00,103,8,95
2018-11-20 09:00:00,31,4,27
2018-11-20 10:00:00,25,5,20
2018-11-20 11:00:00,18,5,13
2018-11-20 12:00:00,22,11,11
2018-11-20 13:00:00,16,6,10
2018-11-20 14:00:00,24,17,7
2018-11-20 15:00:00,44,30,14
2018-11-20 16:00:00,93,68,25
2018-11-20 17:00:00,99,88,11
2018-11-20 18:00:00,70,63,7
2018-11-20 19:00:00,30,26,4
2018-11-20 20:00:00,13,8,5
2018-11-20 21:00:00,5,5,0
2018-11-20 22:00:00,5,5,0
2018-11-20 23:00:00,4,2,2
2018-11-21 00:00:00,3,1,2
2018-11-21 01:00:00,5,3,2
2018-11-21 02:00:00,3,2,1
2018-11-21 03:00:00,0,0,0
2018-11-21 04:00:00,7,2,5
2018-11-21 05:00:00,15,4,11
2018-11-21 06:00:00,37,3,34
2018-11-21 07:00:00,52,7,45
2018-11-21 08:00:00,72,7,65
2018-11-21 09:00:00,26,5,21
2018-11-21 10:00:00,8,3,5
2018-11-21 11:00:00,14,3,11
2018-11-21 12:00:00,10,4,6
2018-11-21 13:00:00,13,9,4
2018-11-21 14:00:00,26,18,8
2018-11-21 15:00:00,40,37,3
2018-11-21 16:00:00,52,48,4
2018-11-21 17:00:00,55,45,10
2018-11-21 18:00:00,26,21,5
2018-11-21 19:00:00,5,4,1
2018-11-21 20:00:00,10,8,2
2018-11-21 21:00:00,9,7,2
2018-11-21 22:00:00,4,2,2
2018-11-21 23:00:00,0,0,0
2018-11-22 00:00:00,3,0,3
2018-11-22 01:00:00,1,1,0
2018-11-22 02:00:00,2,2,0
2018-11-22 03:00:00,0,0,0
2018-11-22 04:00:00,3,2,1
2018-11-22 05:00:00,5,2,3
2018-11-22 06:00:00,4,1,3
2018-11-22 07:00:00,9,3,6
2018-11-22 08:00:00,7,0,7
2018-11-22 09:00:00,11,5,6
2018-11-22 10:00:00,26,13,13
2018-11-22 11:00:00,16,11,5
2018-11-22 12:00:00,18,12,6
2018-11-22 13:00:00,12,7,5
2018-11-22 14:00:00,10,3,7
2018-11-22 15:00:00,7,2,5
2018-11-22 16:00:00,2,1,1
2018-11-22 17:00:00,2,2,0
2018-11-22 18:00:00,3,0,3
2018-11-22 19:00:00,3,3,0
2018-11-22 20:00:00,2,1,1
2018-11-22 21:00:00,4,2,2
2018-11-22 22:00:00,3,1,2
2018-11-22 23:00:00,2,0,2
2018-11-23 00:00:00,0,0,0
2018-11-23 01:00:00,0,0,0
2018-11-23 02:00:00,0,0,0
2018-11-23 03:00:00,0,0,0
2018-11-23 04:00:00,0,0,0
2018-11-23 05:00:00,2,1,1
2018-11-23 06:00:00,7,1,6
2018-11-23 07:00:00,8,0,8
2018-11-23 08:00:00,7,1,6
2018-11-23 09:00:00,9,4,5
2018-11-23 10:00:00,8,5,3
2018-11-23 11:00:00,11,4,7
2018-11-23 12:00:00,17,6,11
2018-11-23 13:00:00,20,7,13
2018-11-23 14:00:00,15,8,7
2018-11-23 15:00:00,20,13,7
2018-11-23 16:00:00,8,4,4
2018-11-23 17:00:00,12,8,4
2018-11-23 18:00:00,8,7,1
2018-11-23 19:00:00,2,2,0
2018-11-23 20:00:00,3,3,0
2018-11-23 21:00:00,5,2,3
2018-11-23 22:00:00,4,3,1
2018-11-23 23:00:00,3,2,1
2018-11-24 00:00:00,2,1,1
2018-11-24 01:00:00,1,1,0
2018-11-24 02:00:00,0,0,0
2018-11-24 03:00:00,2,2,0
2018-11-24 04:00:00,1,1,0
2018-11-24 05:00:00,3,0,3
2018-11-24 06:00:00,3,0,3
2018-11-24 07:00:00,7,1,6
2018-11-24 08:00:00,16,6,10
2018-11-24 09:00:00,13,4,9
2018-11-24 10:00:00,29,11,18
2018-11-24 11:00:00,25,11,14
2018-11-24 12:00:00,44,21,23
2018-11-24 13:00:00,27,15,12
2018-11-24 14:00:00,35,19,16
2018-11-24 15:00:00,33,11,22
2018-11-24 16:00:00,8,5,3
2018-11-24 17:00:00,7,6,1
2018-11-24 18:00:00,3,1,2
2018-11-24 19:00:00,4,2,2
2018-11-24 20:00:00,4,1,3
2018-11-24 21:00:00,7,2,5
2018-11-24 22:00:00,1,0,1
2018-11-24 23:00:00,5,5,0
2018-11-25 00:00:00,4,0,4
2018-11-25 01:00:00,4,4,0
2018-11-25 02:00:00,1,1,0
2018-11-25 03:00:00,0,0,0
2018-11-25 04:00:00,1,1,0
2018-11-25 05:00:00,1,0,1
2018-11-25 06:00:00,4,1,3
2018-11-25 07:00:00,10,1,9
2018-11-25 08:00:00,18,10,8
2018-11-25 09:00:00,18,9,9
2018-11-25 10:00:00,27,10,17
2018-11-25 11:00:00,34,17,17
2018-11-25 12:00:00,42,17,25
2018-11-25 13:00:00,31,19,12
2018-11-25 14:00:00,40,16,24
2018-11-25 15:00:00,24,16,8
2018-11-25 16:00:00,15,11,4
2018-11-25 17:00:00,9,6,3
2018-11-25 18:00:00,6,4,2
2018-11-25 19:00:00,7,1,6
2018-11-25 20:00:00,2,2,0
2018-11-25 21:00:00,3,2,1
2018-11-25 22:00:00,3,3,0
2018-11-25 23:00:00,0,0,0
2018-11-26 00:00:00,0,0,0
2018-11-26 01:00:00,1,1,0
2018-11-26 02:00:00,0,0,0
2018-11-26 03:00:00,0,0,0
2018-11-26 04:00:00,9,1,8
2018-11-26 05:00:00,21,3,18
2018-11-26 06:00:00,49,8,41
2018-11-26 07:00:00,124,11,113
2018-11-26 08:00:00,124,13,111
2018-11-26 09:00:00,44,4,40
2018-11-26 10:00:00,21,4,17
2018-11-26 11:00:00,9,1,8
2018-11-26 12:00:00,11,5,6
2018-11-26 13:00:00,19,7,12
2018-11-26 14:00:00,14,12,2
2018-11-26 15:00:00,43,26,17
2018-11-26 16:00:00,87,75,12
2018-11-26 17:00:00,145,130,15
2018-11-26 18:00:00,70,60,10
2018-11-26 19:00:00,23,21,2
2018-11-26 20:00:00,12,9,3
2018-11-26 21:00:00,12,9,3
2018-11-26 22:00:00,6,4,2
2018-11-26 23:00:00,5,3,2
2018-11-27 00:00:00,3,0,3
2018-11-27 01:00:00,4,2,2
2018-11-27 02:00:00,3,2,1
2018-11-27 03:00:00,1,1,0
2018-11-27 04:00:00,10,2,8
2018-11-27 05:00:00,37,4,33
2018-11-27 06:00:00,44,9,35
2018-11-27 07:00:00,106,12,94
2018-11-27 08:00:00,112,5,107
2018-11-27 09:00:00,40,2,38
2018-11-27 10:00:00,11,0,11
2018-11-27 11:00:00,5,2,3
2018-11-27 12:00:00,7,5,2
2018-11-27 13:00:00,11,3,8
2018-11-27 14:00:00,12,5,7
2018-11-27 15:00:00,15,13,2
2018-11-27 16:00:00,77,65,12
2018-11-27 17:00:00,133,119,14
2018-11-27 18:00:00,97,89,8
2018-11-27 19:00:00,24,23,1
2018-11-27 20:00:00,5,3,2
2018-11-27 21:00:00,9,6,3
2018-11-27 22:00:00,4,3,1
2018-11-27 23:00:00,2,2,0
2018-11-28 00:00:00,3,2,1
2018-11-28 01:00:00,1,0,1
2018-11-28 02:00:00,1,1,0
2018-11-28 03:00:00,0,0,0
2018-11-28 04:00:00,6,3,3
2018-11-28 05:00:00,13,1,12
2018-11-28 06:00:00,51,7,44
2018-11-28 07:00:00,99,10,89
2018-11-28 08:00:00,92,6,86
2018-11-28 09:00:00,48,1,47
2018-11-28 10:00:00,15,4,11
2018-11-28 11:00:00,14,6,8
2018-11-28 12:00:00,16,7,9
2018-11-28 13:00:00,15,7,8
2018-11-28 14:00:00,19,13,6
2018-11-28 15:00:00,34,28,6
2018-11-28 16:00:00,78,59,19
2018-11-28 17:00:00,118,102,16
2018-11-28 18:00:00,55,49,6
2018-11-28 19:00:00,25,20,5
2018-11-28 20:00:00,19,15,4
2018-11-28 21:00:00,8,6,2
2018-11-28 22:00:00,10,8,2
2018-11-28 23:00:00,3,2,1
2018-11-29 00:00:00,5,3,2
2018-11-29 01:00:00,4,4,0
2018-11-29 02:00:00,3,3,0
2018-11-29 03:00:00,4,2,2
2018-11-29 04:00:00,5,0,5
2018-11-29 05:00:00,22,3,19
2018-11-29 06:00:00,40,6,34
2018-11-29 07:00:00,84,8,76
2018-11-29 08:00:00,76,7,69
2018-11-29 09:00:00,30,1,29
2018-11-29 10:00:00,13,2,11
2018-11-29 11:00:00,32,10,22
2018-11-29 12:00:00,27,12,15
2018-11-29 13:00:00,45,15,30
2018-11-29 14:00:00,37,14,23
2018-11-29 15:00:00,66,47,19
2018-11-29 16:00:00,120,100,20
2018-11-29 17:00:00,212,193,19
2018-11-29 18:00:00,92,85,7
2018-11-29 19:00:00,45,33,12
2018-11-29 20:00:00,26,22,4
2018-11-29 21:00:00,18,11,7
2018-11-29 22:00:00,20,17,3
2018-11-29 23:00:00,7,3,4
2018-11-30 00:00:00,2,0,2
2018-11-30 01:00:00,3,3,0
2018-11-30 02:00:00,2,1,1
2018-11-30 03:00:00,2,1,1
2018-11-30 04:00:00,2,0,2
2018-11-30 05:00:00,15,2,13
2018-11-30 06:00:00,48,2,46
2018-11-30 07:00:00,85,11,74
2018-11-30 08:00:00,103,9,94
2018-11-30 09:00:00,35,4,31
2018-11-30 10:00:00,16,6,10
2018-11-30 11:00:00,18,7,11
2018-11-30 12:00:00,15,8,7
2018-11-30 13:00:00,16,12,4
2018-11-30 14:00:00,22,13,9
2018-11-30 15:00:00,30,19,11
2018-11-30 16:00:00,75,66,9
2018-11-30 17:00:00,90,80,10
2018-11-30 18:00:00,41,39,2
2018-11-30 19:00:00,28,24,4
2018-11-30 20:00:00,4,4,0
2018-11-30 21:00:00,6,5,1
2018-11-30 22:00:00,8,5,3
2018-11-30 23:00:00,5,3,2
2018-12-01 00:00:00,9,1,8
2018-12-01 01:00:00,2,2,0
2018-12-01 02:00:00,3,2,1
2018-12-01 03:00:00,2,2,0
2018-12-01 04:00:00,1,1,0
2018-12-01 05:00:00,1,0,1
2018-12-01 06:00:00,13,3,10
2018-12-01 07:00:00,25,17,8
2018-12-01 08:00:00,22,9,13
2018-12-01 09:00:00,16,7,9
2018-12-01 10:00:00,21,8,13
2018-12-01 11:00:00,32,15,17
2018-12-01 12:00:00,20,9,11
2018-12-01 13:00:00,25,12,13
2018-12-01 14:00:00,29,15,14
2018-12-01 15:00:00,14,8,6
2018-12-01 16:00:00,14,8,6
2018-12-01 17:00:00,10,6,4
2018-12-01 18:00:00,6,4,2
2018-12-01 19:00:00,7,4,3
2018-12-01 20:00:00,9,6,3
2018-12-01 21:00:00,3,3,0
2018-12-01 22:00:00,1,0,1
2018-12-01 23:00:00,1,0,1
2018-12-02 00:00:00,1,1,0
2018-12-02 01:00:00,2,2,0
2018-12-02 02:00:00,0,0,0
2018-12-02 03:00:00,0,0,0
2018-12-02 04:00:00,0,0,0
2018-12-02 05:00:00,3,1,2
2018-12-02 06:00:00,8,3,5
2018-12-02 07:00:00,7,2,5
2018-12-02 08:00:00,15,6,9
2018-12-02 09:00:00,15,10,5
2018-12-02 10:00:00,32,14,18
2018-12-02 11:00:00,32,13,19
2018-12-02 12:00:00,33,11,22
2018-12-02 13:00:00,27,15,12
2018-12-02 14:00:00,40,26,14
2018-12-02 15:00:00,24,15,9
2018-12-02 16:00:00,11,4,7
2018-12-02 17:00:00,53,32,21
2018-12-02 18:00:00,5,4,1
2018-12-02 19:00:00,6,3,3
2018-12-02 20:00:00,4,2,2
2018-12-02 21:00:00,3,2,1
2018-12-02 22:00:00,0,0,0
2018-12-02 23:00:00,2,2,0
2018-12-03 00:00:00,2,1,1
2018-12-03 01:00:00,3,3,0
2018-12-03 02:00:00,0,0,0
2018-12-03 03:00:00,0,0,0
2018-12-03 04:00:00,2,0,2
2018-12-03 05:00:00,22,1,21
2018-12-03 06:00:00,65,11,54
2018-12-03 07:00:00,108,13,95
2018-12-03 08:00:00,115,11,104
2018-12-03 09:00:00,54,6,48
2018-12-03 10:00:00,25,6,19
2018-12-03 11:00:00,12,7,5
2018-12-03 12:00:00,24,8,16
2018-12-03 13:00:00,21,9,12
2018-12-03 14:00:00,35,20,15
2018-12-03 15:00:00,40,28,12
2018-12-03 16:00:00,89,76,13
2018-12-03 17:00:00,135,125,10
2018-12-03 18:00:00,60,55,5
2018-12-03 19:00:00,42,34,8
2018-12-03 20:00:00,10,8,2
2018-12-03 21:00:00,8,8,0
2018-12-03 22:00:00,4,2,2
2018-12-03 23:00:00,4,3,1
2018-12-04 00:00:00,1,0,1
2018-12-04 01:00:00,4,3,1
2018-12-04 02:00:00,0,0,0
2018-12-04 03:00:00,6,5,1
2018-12-04 04:00:00,8,2,6
2018-12-04 05:00:00,23,3,20
2018-12-04 06:00:00,53,8,45
2018-12-04 07:00:00,91,9,82
2018-12-04 08:00:00,118,8,110
2018-12-04 09:00:00,37,3,34
2018-12-04 10:00:00,25,9,16
2018-12-04 11:00:00,19,8,11
2018-12-04 12:00:00,24,10,14
2018-12-04 13:00:00,16,10,6
2018-12-04 14:00:00,24,17,7
2018-12-04 15:00:00,41,28,13
2018-12-04 16:00:00,73,57,16
2018-12-04 17:00:00,122,103,19
2018-12-04 18:00:00,71,65,6
2018-12-04 19:00:00,21,20,1
2018-12-04 20:00:00,13,11,2
2018-12-04 21:00:00,9,6,3
2018-12-04 22:00:00,4,3,1
2018-12-04 23:00:00,2,2,0
2018-12-05 00:00:00,1,0,1
2018-12-05 01:00:00,2,1,1
2018-12-05 02:00:00,2,2,0
2018-12-05 03:00:00,5,5,0
2018-12-05 04:00:00,2,1,1
2018-12-05 05:00:00,18,2,16
2018-12-05 06:00:00,38,5,33
2018-12-05 07:00:00,74,4,70
2018-12-05 08:00:00,105,8,97
2018-12-05 09:00:00,41,5,36
2018-12-05 10:00:00,19,1,18
2018-12-05 11:00:00,20,10,10
2018-12-05 12:00:00,21,7,14
2018-12-05 13:00:00,22,2,20
2018-12-05 14:00:00,30,18,12
2018-12-05 15:00:00,29,22,7
2018-12-05 16:00:00,67,52,15
2018-12-05 17:00:00,102,94,8
2018-12-05 18:00:00,58,51,7
2018-12-05 19:00:00,23,21,2
2018-12-05 20:00:00,13,10,3
2018-12-05 21:00:00,8,7,1
2018-12-05 22:00:00,6,4,2
2018-12-05 23:00:00,3,3,0
2018-12-06 00:00:00,2,1,1
2018-12-06 01:00:00,3,1,2
2018-12-06 02:00:00,2,2,0
2018-12-06 03:00:00,4,4,0
2018-12-06 04:00:00,6,3,3
2018-12-06 05:00:00,19,4,15
2018-12-06 06:00:00,53,7,46
2018-12-06 07:00:00,81,8,73
2018-12-06 08:00:00,100,7,93
2018-12-06 09:00:00,39,3,36
2018-12-06 10:00:00,18,3,15
2018-12-06 11:00:00,14,6,8
2018-12-06 12:00:00,13,8,5
2018-12-06 13:00:00,20,14,6
2018-12-06 14:00:00,31,16,15
2018-12-06 15:00:00,42,24,18
2018-12-06 16:00:00,70,57,13
2018-12-06 17:00:00,100,86,14
2018-12-06 18:00:00,48,44,4
2018-12-06 19:00:00,18,16,2
2018-12-06 20:00:00,18,12,6
2018-12-06 21:00:00,28,19,9
2018-12-06 22:00:00,8,7,1
2018-12-06 23:00:00,2,1,1
2018-12-07 00:00:00,4,1,3
2018-12-07 01:00:00,0,0,0
2018-12-07 02:00:00,2,2,0
2018-12-07 03:00:00,2,2,0
2018-12-07 04:00:00,6,3,3
2018-12-07 05:00:00,17,2,15
2018-12-07 06:00:00,31,2,29
2018-12-07 07:00:00,67,9,58
2018-12-07 08:00:00,73,10,63
2018-12-07 09:00:00,41,13,28
2018-12-07 10:00:00,17,5,12
2018-12-07 11:00:00,17,7,10
2018-12-07 12:00:00,18,8,10
2018-12-07 13:00:00,14,2,12
2018-12-07 14:00:00,28,20,8
2018-12-07 15:00:00,38,25,13
2018-12-07 16:00:00,61,53,8
2018-12-07 17:00:00,67,55,12
2018-12-07 18:00:00,34,32,2
2018-12-07 19:00:00,15,13,2
2018-12-07 20:00:00,6,5,1
2018-12-07 21:00:00,7,5,2
2018-12-07 22:00:00,3,2,1
2018-12-07 23:00:00,4,1,3
2018-12-08 00:00:00,5,4,1
2018-12-08 01:00:00,4,4,0
2018-12-08 02:00:00,1,0,1
2018-12-08 03:00:00,5,4,1
2018-12-08 04:00:00,1,1,0
2018-12-08 05:00:00,4,2,2
2018-12-08 06:00:00,4,3,1
2018-12-08 07:00:00,6,1,5
2018-12-08 08:00:00,16,3,13
2018-12-08 09:00:00,17,11,6
2018-12-08 10:00:00,33,20,13
2018-12-08 11:00:00,32,10,22
2018-12-08 12:00:00,42,20,22
2018-12-08 13:00:00,33,12,21
2018-12-08 14:00:00,33,22,11
2018-12-08 15:00:00,19,10,9
2018-12-08 16:00:00,23,9,14
2018-12-08 17:00:00,12,7,5
2018-12-08 18:00:00,2,1,1
2018-12-08 19:00:00,1,1,0
2018-12-08 20:00:00,4,0,4
2018-12-08 21:00:00,11,2,9
2018-12-08 22:00:00,11,9,2
2018-12-08 23:00:00,4,1,3
2018-12-09 00:00:00,2,2,0
2018-12-09 01:00:00,3,1,2
2018-12-09 02:00:00,5,2,3
2018-12-09 03:00:00,0,0,0
2018-12-09 04:00:00,0,0,0
2018-12-09 05:00:00,4,1,3
2018-12-09 06:00:00,3,0,3
2018-12-09 07:00:00,2,0,2
2018-12-09 08:00:00,4,3,1
2018-12-09 09:00:00,9,4,5
2018-12-09 10:00:00,7,2,5
2018-12-09 11:00:00,3,0,3
2018-12-09 12:00:00,3,1,2
2018-12-09 13:00:00,12,1,11
2018-12-09 14:00:00,4,3,1
2018-12-09 15:00:00,1,1,0
2018-12-09 16:00:00,2,1,1
2018-12-09 17:00:00,37,19,18
2018-12-09 18:00:00,2,2,0
2018-12-09 19:00:00,2,2,0
2018-12-09 20:00:00,4,3,1
2018-12-09 21:00:00,0,0,0
2018-12-09 22:00:00,3,1,2
2018-12-09 23:00:00,0,0,0
2018-12-10 00:00:00,0,0,0
2018-12-10 01:00:00,1,1,0
2018-12-10 02:00:00,1,1,0
2018-12-10 03:00:00,1,0,1
2018-12-10 04:00:00,4,0,4
2018-12-10 05:00:00,19,3,16
2018-12-10 06:00:00,56,9,47
2018-12-10 07:00:00,119,9,110
2018-12-10 08:00:00,112,5,107
2018-12-10 09:00:00,45,3,42
2018-12-10 10:00:00,16,6,10
2018-12-10 11:00:00,10,2,8
2018-12-10 12:00:00,18,7,11
2018-12-10 13:00:00,19,9,10
2018-12-10 14:00:00,24,16,8
2018-12-10 15:00:00,46,30,16
2018-12-10 16:00:00,101,80,21
2018-12-10 17:00:00,135,129,6
2018-12-10 18:00:00,50,48,2
2018-12-10 19:00:00,22,17,5
2018-12-10 20:00:00,27,23,4
2018-12-10 21:00:00,22,18,4
2018-12-10 22:00:00,4,3,1
2018-12-10 23:00:00,4,3,1
2018-12-11 00:00:00,9,5,4
2018-12-11 01:00:00,0,0,0
2018-12-11 02:00:00,3,2,1
2018-12-11 03:00:00,3,3,0
2018-12-11 04:00:00,2,0,2
2018-12-11 05:00:00,13,3,10
2018-12-11 06:00:00,42,9,33
2018-12-11 07:00:00,79,5,74
2018-12-11 08:00:00,80,8,72
2018-12-11 09:00:00,43,13,30
2018-12-11 10:00:00,20,9,11
2018-12-11 11:00:00,10,5,5
2018-12-11 12:00:00,3,1,2
2018-12-11 13:00:00,6,3,3
2018-12-11 14:00:00,12,9,3
2018-12-11 15:00:00,13,10,3
2018-12-11 16:00:00,50,43,7
2018-12-11 17:00:00,104,94,10
2018-12-11 18:00:00,65,52,13
2018-12-11 19:00:00,22,18,4
2018-12-11 20:00:00,4,4,0
2018-12-11 21:00:00,5,4,1
2018-12-11 22:00:00,4,2,2
2018-12-11 23:00:00,1,1,0
2018-12-12 00:00:00,6,3,3
2018-12-12 01:00:00,1,0,1
2018-12-12 02:00:00,2,1,1
2018-12-12 03:00:00,1,1,0
2018-12-12 04:00:00,4,2,2
2018-12-12 05:00:00,16,2,14
2018-12-12 06:00:00,68,7,61
2018-12-12 07:00:00,64,6,58
2018-12-12 08:00:00,134,5,129
2018-12-12 09:00:00,43,7,36
2018-12-12 10:00:00,15,3,12
2018-12-12 11:00:00,19,9,10
2018-12-12 12:00:00,9,3,6
2018-12-12 13:00:00,16,10,6
2018-12-12 14:00:00,16,8,8
2018-12-12 15:00:00,27,20,7
2018-12-12 16:00:00,65,56,9
2018-12-12 17:00:00,108,96,12
2018-12-12 18:00:00,87,65,22
2018-12-12 19:00:00,26,21,5
2018-12-12 20:00:00,11,11,0
2018-12-12 21:00:00,10,10,0
2018-12-12 22:00:00,4,3,1
2018-12-12 23:00:00,3,2,1
2018-12-13 00:00:00,3,3,0
2018-12-13 01:00:00,0,0,0
2018-12-13 02:00:00,2,1,1
2018-12-13 03:00:00,2,2,0
2018-12-13 04:00:00,4,1,3
2018-12-13 05:00:00,15,3,12
2018-12-13 06:00:00,41,5,36
2018-12-13 07:00:00,70,6,64
2018-12-13 08:00:00,83,3,80
2018-12-13 09:00:00,37,6,31
2018-12-13 10:00:00,12,3,9
2018-12-13 11:00:00,7,3,4
2018-12-13 12:00:00,13,5,8
2018-12-13 13:00:00,12,5,7
2018-12-13 14:00:00,9,5,4
2018-12-13 15:00:00,28,24,4
2018-12-13 16:00:00,50,43,7
2018-12-13 17:00:00,91,80,11
2018-12-13 18:00:00,51,50,1
2018-12-13 19:00:00,17,12,5
2018-12-13 20:00:00,16,12,4
2018-12-13 21:00:00,14,8,6
2018-12-13 22:00:00,4,4,0
2018-12-13 23:00:00,3,2,1
2018-12-14 00:00:00,5,2,3
2018-12-14 01:00:00,1,1,0
2018-12-14 02:00:00,1,1,0
2018-12-14 03:00:00,1,1,0
2018-12-14 04:00:00,2,0,2
2018-12-14 05:00:00,15,1,14
2018-12-14 06:00:00,43,5,38
2018-12-14 07:00:00,72,6,66
2018-12-14 08:00:00,107,5,102
2018-12-14 09:00:00,34,5,29
2018-12-14 10:00:00,18,3,15
2018-12-14 11:00:00,16,3,13
2018-12-14 12:00:00,17,8,9
2018-12-14 13:00:00,16,8,8
2018-12-14 14:00:00,24,16,8
2018-12-14 15:00:00,42,29,13
2018-12-14 16:00:00,67,59,8
2018-12-14 17:00:00,77,63,14
2018-12-14 18:00:00,47,44,3
2018-12-14 19:00:00,6,5,1
2018-12-14 20:00:00,4,3,1
2018-12-14 21:00:00,7,4,3
2018-12-14 22:00:00,6,4,2
2018-12-14 23:00:00,2,1,1
2018-12-15 00:00:00,4,4,0
2018-12-15 01:00:00,2,2,0
2018-12-15 02:00:00,2,1,1
2018-12-15 03:00:00,2,2,0
2018-12-15 04:00:00,2,1,1
2018-12-15 05:00:00,2,0,2
2018-12-15 06:00:00,6,0,6
2018-12-15 07:00:00,11,2,9
2018-12-15 08:00:00,14,6,8
2018-12-15 09:00:00,8,3,5
2018-12-15 10:00:00,29,14,15
2018-12-15 11:00:00,29,16,13
2018-12-15 12:00:00,47,19,28
2018-12-15 13:00:00,40,21,19
2018-12-15 14:00:00,48,24,24
2018-12-15 15:00:00,28,9,19
2018-12-15 16:00:00,24,14,10
2018-12-15 17:00:00,13,11,2
2018-12-15 18:00:00,3,2,1
2018-12-15 19:00:00,6,4,2
2018-12-15 20:00:00,3,2,1
2018-12-15 21:00:00,3,3,0
2018-12-15 22:00:00,3,2,1
2018-12-15 23:00:00,5,1,4
2018-12-16 00:00:00,4,4,0
2018-12-16 01:00:00,2,2,0
2018-12-16 02:00:00,0,0,0
2018-12-16 03:00:00,2,0,2
2018-12-16 04:00:00,1,1,0
2018-12-16 05:00:00,3,1,2
2018-12-16 06:00:00,4,2,2
2018-12-16 07:00:00,5,3,2
2018-12-16 08:00:00,7,2,5
2018-12-16 09:00:00,34,15,19
2018-12-16 10:00:00,15,9,6
2018-12-16 11:00:00,7,2,5
2018-12-16 12:00:00,8,3,5
2018-12-16 13:00:00,11,7,4
2018-12-16 14:00:00,10,4,6
2018-12-16 15:00:00,2,2,0
2018-12-16 16:00:00,4,1,3
2018-12-16 17:00:00,25,14,11
2018-12-16 18:00:00,2,2,0
2018-12-16 19:00:00,4,4,0
2018-12-16 20:00:00,0,0,0
2018-12-16 21:00:00,2,2,0
2018-12-16 22:00:00,3,2,1
2018-12-16 23:00:00,1,1,0
2018-12-17 00:00:00,0,0,0
2018-12-17 01:00:00,2,1,1
2018-12-17 02:00:00,0,0,0
2018-12-17 03:00:00,0,0,0
2018-12-17 04:00:00,4,1,3
2018-12-17 05:00:00,21,3,18
2018-12-17 06:00:00,55,10,45
2018-12-17 07:00:00,84,8,76
2018-12-17 08:00:00,107,7,100
2018-12-17 09:00:00,52,10,42
2018-12-17 10:00:00,12,2,10
2018-12-17 11:00:00,18,9,9
2018-12-17 12:00:00,17,2,15
2018-12-17 13:00:00,24,10,14
2018-12-17 14:00:00,22,15,7
2018-12-17 15:00:00,33,24,9
2018-12-17 16:00:00,61,47,14
2018-12-17 17:00:00,99,89,10
2018-12-17 18:00:00,70,61,9
2018-12-17 19:00:00,23,20,3
2018-12-17 20:00:00,6,4,2
2018-12-17 21:00:00,4,3,1
2018-12-17 22:00:00,4,2,2
2018-12-17 23:00:00,0,0,0
2018-12-18 00:00:00,1,1,0
2018-12-18 01:00:00,0,0,0
2018-12-18 02:00:00,2,2,0
2018-12-18 03:00:00,2,2,0
2018-12-18 04:00:00,2,1,1
2018-12-18 05:00:00,15,2,13
2018-12-18 06:00:00,34,1,33
2018-12-18 07:00:00,68,10,58
2018-12-18 08:00:00,67,6,61
2018-12-18 09:00:00,37,5,32
2018-12-18 10:00:00,12,1,11
2018-12-18 11:00:00,9,3,6
2018-12-18 12:00:00,17,8,9
2018-12-18 13:00:00,12,8,4
2018-12-18 14:00:00,13,6,7
2018-12-18 15:00:00,23,18,5
2018-12-18 16:00:00,50,39,11
2018-12-18 17:00:00,83,72,11
2018-12-18 18:00:00,65,51,14
2018-12-18 19:00:00,14,11,3
2018-12-18 20:00:00,6,3,3
2018-12-18 21:00:00,6,5,1
2018-12-18 22:00:00,6,5,1
2018-12-18 23:00:00,2,2,0
2018-12-19 00:00:00,1,0,1
2018-12-19 01:00:00,1,1,0
2018-12-19 02:00:00,1,0,1
2018-12-19 03:00:00,1,1,0
2018-12-19 04:00:00,3,1,2
2018-12-19 05:00:00,18,1,17
2018-12-19 06:00:00,48,6,42
2018-12-19 07:00:00,104,11,93
2018-12-19 08:00:00,86,4,82
2018-12-19 09:00:00,33,0,33
2018-12-19 10:00:00,8,1,7
2018-12-19 11:00:00,11,5,6
2018-12-19 12:00:00,16,5,11
2018-12-19 13:00:00,9,3,6
2018-12-19 14:00:00,24,14,10
2018-12-19 15:00:00,46,37,9
2018-12-19 16:00:00,70,57,13
2018-12-19 17:00:00,119,107,12
2018-12-19 18:00:00,73,56,17
2018-12-19 19:00:00,31,26,5
2018-12-19 20:00:00,12,10,2
2018-12-19 21:00:00,6,5,1
2018-12-19 22:00:00,4,2,2
2018-12-19 23:00:00,8,5,3
2018-12-20 00:00:00,1,1,0
2018-12-20 01:00:00,0,0,0
2018-12-20 02:00:00,4,3,1
2018-12-20 03:00:00,1,1,0
2018-12-20 04:00:00,1,1,0
2018-12-20 05:00:00,15,2,13
2018-12-20 06:00:00,36,8,28
2018-12-20 07:00:00,60,7,53
2018-12-20 08:00:00,65,4,61
2018-12-20 09:00:00,20,4,16
2018-12-20 10:00:00,7,0,7
2018-12-20 11:00:00,7,3,4
2018-12-20 12:00:00,5,1,4
2018-12-20 13:00:00,6,2,4
2018-12-20 14:00:00,14,10,4
2018-12-20 15:00:00,16,11,5
2018-12-20 16:00:00,41,34,7
2018-12-20 17:00:00,67,58,9
2018-12-20 18:00:00,39,33,6
2018-12-20 19:00:00,13,12,1
2018-12-20 20:00:00,16,14,2
2018-12-20 21:00:00,9,8,1
2018-12-20 22:00:00,8,3,5
2018-12-20 23:00:00,7,3,4
2018-12-21 00:00:00,1,1,0
2018-12-21 01:00:00,6,1,5
2018-12-21 02:00:00,4,1,3
2018-12-21 03:00:00,1,1,0
2018-12-21 04:00:00,2,2,0
2018-12-21 05:00:00,14,1,13
2018-12-21 06:00:00,27,7,20
2018-12-21 07:00:00,60,4,56
2018-12-21 08:00:00,74,4,70
2018-12-21 09:00:00,31,8,23
2018-12-21 10:00:00,14,3,11
2018-12-21 11:00:00,25,10,15
2018-12-21 12:00:00,21,7,14
2018-12-21 13:00:00,20,12,8
2018-12-21 14:00:00,34,22,12
2018-12-21 15:00:00,47,34,13
2018-12-21 16:00:00,63,53,10
2018-12-21 17:00:00,53,45,8
2018-12-21 18:00:00,18,16,2
2018-12-21 19:00:00,12,9,3
2018-12-21 20:00:00,13,10,3
2018-12-21 21:00:00,7,7,0
2018-12-21 22:00:00,4,3,1
2018-12-21 23:00:00,1,0,1
2018-12-22 00:00:00,4,3,1
2018-12-22 01:00:00,3,2,1
2018-12-22 02:00:00,2,2,0
2018-12-22 03:00:00,3,3,0
2018-12-22 04:00:00,9,9,0
2018-12-22 05:00:00,4,0,4
2018-12-22 06:00:00,6,3,3
2018-12-22 07:00:00,5,3,2
2018-12-22 08:00:00,26,8,18
2018-12-22 09:00:00,17,5,12
2018-12-22 10:00:00,25,8,17
2018-12-22 11:00:00,41,21,20
2018-12-22 12:00:00,40,16,24
2018-12-22 13:00:00,42,29,13
2018-12-22 14:00:00,51,29,22
2018-12-22 15:00:00,38,17,21
2018-12-22 16:00:00,34,15,19
2018-12-22 17:00:00,17,4,13
2018-12-22 18:00:00,13,11,2
2018-12-22 19:00:00,3,3,0
2018-12-22 20:00:00,0,0,0
2018-12-22 21:00:00,2,0,2
2018-12-22 22:00:00,4,4,0
2018-12-22 23:00:00,1,1,0
2018-12-23 00:00:00,5,5,0
2018-12-23 01:00:00,5,5,0
2018-12-23 02:00:00,0,0,0
2018-12-23 03:00:00,4,4,0
2018-12-23 04:00:00,0,0,0
2018-12-23 05:00:00,0,0,0
2018-12-23 06:00:00,16,0,16
2018-12-23 07:00:00,0,0,0
2018-12-23 08:00:00,9,0,9
2018-12-23 09:00:00,13,8,5
2018-12-23 10:00:00,33,4,29
2018-12-23 11:00:00,42,29,13
2018-12-23 12:00:00,38,22,16
2018-12-23 13:00:00,25,17,8
2018-12-23 14:00:00,30,9,21
2018-12-23 15:00:00,28,16,12
2018-12-23 16:00:00,21,17,4
2018-12-23 17:00:00,4,0,4
2018-12-23 18:00:00,18,9,9
2018-12-23 19:00:00,4,4,0
2018-12-23 20:00:00,0,0,0
2018-12-23 21:00:00,8,3,5
2018-12-23 22:00:00,4,0,4
2018-12-23 23:00:00,3,0,3
2018-12-24 00:00:00,0,0,0
2018-12-24 01:00:00,65,0,65
2018-12-24 02:00:00,0,0,0
2018-12-24 03:00:00,51,51,0
2018-12-24 04:00:00,0,0,0
2018-12-24 05:00:00,0,0,0
2018-12-24 06:00:00,0,0,0
2018-12-24 07:00:00,0,0,0
2018-12-24 08:00:00,0,0,0
2018-12-24 09:00:00,113,51,62
2018-12-24 10:00:00,0,0,0
2018-12-24 11:00:00,0,0,0
2018-12-24 12:00:00,0,0,0
2018-12-24 13:00:00,62,0,62
2018-12-24 14:00:00,175,51,124
2018-12-24 15:00:00,102,102,0
2018-12-24 16:00:00,62,0,62
2018-12-24 17:00:00,164,102,62
2018-12-24 18:00:00,0,0,0
2018-12-24 19:00:00,51,51,0
2018-12-24 20:00:00,0,0,0
2018-12-24 21:00:00,62,0,62
2018-12-24 22:00:00,51,51,0
2018-12-24 23:00:00,0,0,0
2018-12-25 00:00:00,10,0,10
2018-12-25 01:00:00,0,0,0
2018-12-25 02:00:00,0,0,0
2018-12-25 03:00:00,0,0,0
2018-12-25 04:00:00,4,0,4
2018-12-25 05:00:00,25,0,25
2018-12-25 06:00:00,29,10,19
2018-12-25 07:00:00,40,0,40
2018-12-25 08:00:00,60,5,55
2018-12-25 09:00:00,35,15,20
2018-12-25 10:00:00,74,15,59
2018-12-25 11:00:00,35,10,25
2018-12-25 12:00:00,40,26,14
2018-12-25 13:00:00,40,26,14
2018-12-25 14:00:00,61,41,20
2018-12-25 15:00:00,44,15,29
2018-12-25 16:00:00,85,61,24
2018-12-25 17:00:00,105,66,39
2018-12-25 18:00:00,21,16,5
2018-12-25 19:00:00,18,15,3
2018-12-25 20:00:00,21,20,1
2018-12-25 21:00:00,8,8,0
2018-12-25 22:00:00,35,25,10
2018-12-25 23:00:00,9,5,4
2018-12-26 00:00:00,3,3,0
2018-12-26 01:00:00,3,0,3
2018-12-26 02:00:00,0,0,0
2018-12-26 03:00:00,2,2,0
2018-12-26 04:00:00,0,0,0
2018-12-26 05:00:00,24,5,19
2018-12-26 06:00:00,39,5,34
2018-12-26 07:00:00,55,11,44
2018-12-26 08:00:00,89,14,75
2018-12-26 09:00:00,50,0,50
2018-12-26 10:00:00,32,5,27
2018-12-26 11:00:00,59,37,22
2018-12-26 12:00:00,71,18,53
2018-12-26 13:00:00,18,15,3
2018-12-26 14:00:00,46,21,25
2018-12-26 15:00:00,49,46,3
2018-12-26 16:00:00,106,88,18
2018-12-26 17:00:00,74,56,18
2018-12-26 18:00:00,59,27,32
2018-12-26 19:00:00,23,17,6
2018-12-26 20:00:00,40,27,13
2018-12-26 21:00:00,5,5,0
2018-12-26 22:00:00,6,6,0
2018-12-26 23:00:00,1,1,0
2018-12-27 00:00:00,6,3,3
2018-12-27 01:00:00,2,0,2
2018-12-27 02:00:00,5,3,2
2018-12-27 03:00:00,5,5,0
2018-12-27 04:00:00,3,3,0
2018-12-27 05:00:00,31,8,23
2018-12-27 06:00:00,41,10,31
2018-12-27 07:00:00,66,8,58
2018-12-27 08:00:00,93,13,80
2018-12-27 09:00:00,64,24,40
2018-12-27 10:00:00,39,8,31
2018-12-27 11:00:00,23,8,15
2018-12-27 12:00:00,20,9,11
2018-12-27 13:00:00,25,6,19
2018-12-27 14:00:00,32,20,12
2018-12-27 15:00:00,32,30,2
2018-12-27 16:00:00,72,58,14
2018-12-27 17:00:00,86,72,14
2018-12-27 18:00:00,57,42,15
2018-12-27 19:00:00,21,13,8
2018-12-27 20:00:00,6,6,0
2018-12-27 21:00:00,9,8,1
2018-12-27 22:00:00,5,2,3
2018-12-27 23:00:00,1,0,1
2018-12-28 00:00:00,0,0,0
2018-12-28 01:00:00,0,0,0
2018-12-28 02:00:00,6,6,0
2018-12-28 03:00:00,5,5,0
2018-12-28 04:00:00,6,6,0
2018-12-28 05:00:00,38,5,33
2018-12-28 06:00:00,44,0,44
2018-12-28 07:00:00,77,16,61
2018-12-28 08:00:00,82,16,66
2018-12-28 09:00:00,28,11,17
2018-12-28 10:00:00,16,0,16
2018-12-28 11:00:00,6,0,6
2018-12-28 12:00:00,22,6,16
2018-12-28 13:00:00,45,23,22
2018-12-28 14:00:00,29,12,17
2018-12-28 15:00:00,71,66,5
2018-12-28 16:00:00,83,67,16
2018-12-28 17:00:00,83,50,33
2018-12-28 18:00:00,28,17,11
2018-12-28 19:00:00,32,27,5
2018-12-28 20:00:00,6,6,0
2018-12-28 21:00:00,0,0,0
2018-12-28 22:00:00,17,11,6
2018-12-28 23:00:00,0,0,0
2018-12-29 00:00:00,0,0,0
2018-12-29 01:00:00,2,2,0
2018-12-29 02:00:00,3,0,3
2018-12-29 03:00:00,3,3,0
2018-12-29 04:00:00,2,2,0
2018-12-29 05:00:00,0,0,0
2018-12-29 06:00:00,5,1,4
2018-12-29 07:00:00,3,1,2
2018-12-29 08:00:00,14,3,11
2018-12-29 09:00:00,37,18,19
2018-12-29 10:00:00,28,10,18
2018-12-29 11:00:00,39,12,27
2018-12-29 12:00:00,76,30,46
2018-12-29 13:00:00,48,35,13
2018-12-29 14:00:00,42,29,13
2018-12-29 15:00:00,27,7,20
2018-12-29 16:00:00,22,15,7
2018-12-29 17:00:00,17,8,9
2018-12-29 18:00:00,13,8,5
2018-12-29 19:00:00,3,2,1
2018-12-29 20:00:00,7,5,2
2018-12-29 21:00:00,6,4,2
2018-12-29 22:00:00,6,5,1
2018-12-29 23:00:00,3,2,1
2018-12-30 00:00:00,7,3,4
2018-12-30 01:00:00,0,0,0
2018-12-30 02:00:00,6,2,4
2018-12-30 03:00:00,2,0,2
2018-12-30 04:00:00,2,0,2
2018-12-30 05:00:00,3,0,3
2018-12-30 06:00:00,4,2,2
2018-12-30 07:00:00,5,2,3
2018-12-30 08:00:00,15,2,13
2018-12-30 09:00:00,14,2,12
2018-12-30 10:00:00,28,17,11
2018-12-30 11:00:00,26,6,20
2018-12-30 12:00:00,34,18,16
2018-12-30 13:00:00,57,42,15
2018-12-30 14:00:00,36,23,13
2018-12-30 15:00:00,20,12,8
2018-12-30 16:00:00,17,5,12
2018-12-30 17:00:00,13,10,3
2018-12-30 18:00:00,10,4,6
2018-12-30 19:00:00,5,1,4
2018-12-30 20:00:00,5,0,5
2018-12-30 21:00:00,2,2,0
2018-12-30 22:00:00,7,2,5
2018-12-30 23:00:00,0,0,0
2018-12-31 00:00:00,7,3,4
2018-12-31 01:00:00,8,3,5
2018-12-31 02:00:00,3,3,0
2018-12-31 03:00:00,5,3,2
2018-12-31 04:00:00,7,7,0
2018-12-31 05:00:00,2,0,2
2018-12-31 06:00:00,2,1,1
2018-12-31 07:00:00,8,0,8
2018-12-31 08:00:00,6,2,4
2018-12-31 09:00:00,9,3,6
2018-12-31 10:00:00,28,6,22
2018-12-31 11:00:00,24,11,13
2018-12-31 12:00:00,60,27,33
2018-12-31 13:00:00,54,18,36
2018-12-31 14:00:00,45,21,24
2018-12-31 15:00:00,39,17,22
2018-12-31 16:00:00,30,14,16
2018-12-31 17:00:00,7,6,1
2018-12-31 18:00:00,10,0,10
2018-12-31 19:00:00,6,6,0
2018-12-31 20:00:00,2,0,2
2018-12-31 21:00:00,3,1,2
2018-12-31 22:00:00,2,0,2
2018-12-31 23:00:00,1,0,1
2019-01-01 00:00:00,4,4,0
2019-01-01 01:00:00,1,0,1
2019-01-01 02:00:00,0,0,0
2019-01-01 03:00:00,1,1,0
2019-01-01 04:00:00,4,0,4
2019-01-01 05:00:00,10,0,10
2019-01-01 06:00:00,37,4,33
2019-01-01 07:00:00,59,7,52
2019-01-01 08:00:00,87,7,80
2019-01-01 09:00:00,22,0,22
2019-01-01 10:00:00,7,0,7
2019-01-01 11:00:00,12,5,7
2019-01-01 12:00:00,12,5,7
2019-01-01 13:00:00,13,4,9
2019-01-01 14:00:00,9,4,5
2019-01-01 15:00:00,17,15,2
2019-01-01 16:00:00,61,54,7
2019-01-01 17:00:00,96,85,11
2019-01-01 18:00:00,60,52,8
2019-01-01 19:00:00,9,9,0
2019-01-01 20:00:00,7,5,2
2019-01-01 21:00:00,1,1,0
2019-01-01 22:00:00,6,5,1
2019-01-01 23:00:00,3,2,1
2019-01-02 00:00:00,0,0,0
2019-01-02 01:00:00,0,0,0
2019-01-02 02:00:00,0,0,0
2019-01-02 03:00:00,0,0,0
2019-01-02 04:00:00,2,1,1
2019-01-02 05:00:00,13,0,13
2019-01-02 06:00:00,36,4,32
2019-01-02 07:00:00,76,7,69
2019-01-02 08:00:00,90,4,86
2019-01-02 09:00:00,39,3,36
2019-01-02 10:00:00,16,4,12
2019-01-02 11:00:00,19,9,10
2019-01-02 12:00:00,12,8,4
2019-01-02 13:00:00,18,11,7
2019-01-02 14:00:00,16,11,5
2019-01-02 15:00:00,26,19,7
2019-01-02 16:00:00,64,53,11
2019-01-02 17:00:00,116,103,13
2019-01-02 18:00:00,65,58,7
2019-01-02 19:00:00,16,12,4
2019-01-02 20:00:00,6,6,0
2019-01-02 21:00:00,5,3,2
2019-01-02 22:00:00,6,5,1
2019-01-02 23:00:00,2,1,1
2019-01-03 00:00:00,0,0,0
2019-01-03 01:00:00,1,0,1
2019-01-03 02:00:00,4,4,0
2019-01-03 03:00:00,3,1,2
2019-01-03 04:00:00,6,3,3
2019-01-03 05:00:00,22,3,19
2019-01-03 06:00:00,43,8,35
2019-01-03 07:00:00,78,9,69
2019-01-03 08:00:00,107,9,98
2019-01-03 09:00:00,44,4,40
2019-01-03 10:00:00,12,4,8
2019-01-03 11:00:00,7,2,5
2019-01-03 12:00:00,17,5,12
2019-01-03 13:00:00,9,6,3
2019-01-03 14:00:00,13,5,8
2019-01-03 15:00:00,64,52,12
2019-01-03 16:00:00,104,84,20
2019-01-03 17:00:00,180,162,18
2019-01-03 18:00:00,107,90,17
2019-01-03 19:00:00,31,28,3
2019-01-03 20:00:00,10,7,3
2019-01-03 21:00:00,4,2,2
2019-01-03 22:00:00,7,4,3
2019-01-03 23:00:00,3,3,0
2019-01-04 00:00:00,0,0,0
2019-01-04 01:00:00,1,1,0
2019-01-04 02:00:00,1,1,0
2019-01-04 03:00:00,2,2,0
2019-01-04 04:00:00,1,0,1
2019-01-04 05:00:00,14,3,11
2019-01-04 06:00:00,36,6,30
2019-01-04 07:00:00,77,6,71
2019-01-04 08:00:00,71,5,66
2019-01-04 09:00:00,30,4,26
2019-01-04 10:00:00,16,3,13
2019-01-04 11:00:00,18,5,13
2019-01-04 12:00:00,11,5,6
2019-01-04 13:00:00,18,7,11
2019-01-04 14:00:00,22,14,8
2019-01-04 15:00:00,29,21,8
2019-01-04 16:00:00,56,49,7
2019-01-04 17:00:00,78,72,6
2019-01-04 18:00:00,55,47,8
2019-01-04 19:00:00,10,9,1
2019-01-04 20:00:00,8,7,1
2019-01-04 21:00:00,3,3,0
2019-01-04 22:00:00,7,5,2
2019-01-04 23:00:00,4,2,2
2019-01-05 00:00:00,3,3,0
2019-01-05 01:00:00,1,0,1
2019-01-05 02:00:00,1,1,0
2019-01-05 03:00:00,2,2,0
2019-01-05 04:00:00,2,2,0
2019-01-05 05:00:00,2,1,1
2019-01-05 06:00:00,5,2,3
2019-01-05 07:00:00,7,0,7
2019-01-05 08:00:00,22,4,18
2019-01-05 09:00:00,51,10,41
2019-01-05 10:00:00,28,12,16
2019-01-05 11:00:00,52,35,17
2019-01-05 12:00:00,44,23,21
2019-01-05 13:00:00,44,23,21
2019-01-05 14:00:00,31,20,11
2019-01-05 15:00:00,17,13,4
2019-01-05 16:00:00,24,11,13
2019-01-05 17:00:00,7,3,4
2019-01-05 18:00:00,4,2,2
2019-01-05 19:00:00,6,6,0
2019-01-05 20:00:00,4,1,3
2019-01-05 21:00:00,4,2,2
2019-01-05 22:00:00,4,3,1
2019-01-05 23:00:00,4,2,2
2019-01-06 00:00:00,1,1,0
2019-01-06 01:00:00,0,0,0
2019-01-06 02:00:00,1,1,0
2019-01-06 03:00:00,0,0,0
2019-01-06 04:00:00,0,0,0
2019-01-06 05:00:00,1,0,1
2019-01-06 06:00:00,3,1,2
2019-01-06 07:00:00,2,0,2
2019-01-06 08:00:00,9,4,5
2019-01-06 09:00:00,34,15,19
2019-01-06 10:00:00,18,6,12
2019-01-06 11:00:00,24,14,10
2019-01-06 12:00:00,32,13,19
2019-01-06 13:00:00,36,11,25
2019-01-06 14:00:00,23,9,14
2019-01-06 15:00:00,15,12,3
2019-01-06 16:00:00,16,8,8
2019-01-06 17:00:00,36,20,16
2019-01-06 18:00:00,2,2,0
2019-01-06 19:00:00,3,3,0
2019-01-06 20:00:00,0,0,0
2019-01-06 21:00:00,4,1,3
2019-01-06 22:00:00,3,2,1
2019-01-06 23:00:00,2,2,0
2019-01-07 00:00:00,3,2,1
2019-01-07 01:00:00,0,0,0
2019-01-07 02:00:00,0,0,0
2019-01-07 03:00:00,2,1,1
2019-01-07 04:00:00,4,1,3
2019-01-07 05:00:00,23,3,20
2019-01-07 06:00:00,61,11,50
2019-01-07 07:00:00,142,8,134
2019-01-07 08:00:00,112,7,105
2019-01-07 09:00:00,57,7,50
2019-01-07 10:00:00,18,5,13
2019-01-07 11:00:00,15,8,7
2019-01-07 12:00:00,16,7,9
2019-01-07 13:00:00,11,5,6
2019-01-07 14:00:00,20,9,11
2019-01-07 15:00:00,45,36,9
2019-01-07 16:00:00,96,81,15
2019-01-07 17:00:00,121,113,8
2019-01-07 18:00:00,116,94,22
2019-01-07 19:00:00,38,30,8
2019-01-07 20:00:00,8,5,3
2019-01-07 21:00:00,8,7,1
2019-01-07 22:00:00,5,4,1
2019-01-07 23:00:00,3,3,0
2019-01-08 00:00:00,1,1,0
2019-01-08 01:00:00,1,1,0
2019-01-08 02:00:00,2,2,0
2019-01-08 03:00:00,1,1,0
2019-01-08 04:00:00,2,1,1
2019-01-08 05:00:00,21,2,19
2019-01-08 06:00:00,50,7,43
2019-01-08 07:00:00,108,7,101
2019-01-08 08:00:00,101,3,98
2019-01-08 09:00:00,43,3,40
2019-01-08 10:00:00,16,7,9
2019-01-08 11:00:00,5,0,5
2019-01-08 12:00:00,10,3,7
2019-01-08 13:00:00,5,3,2
2019-01-08 14:00:00,14,7,7
2019-01-08 15:00:00,34,24,10
2019-01-08 16:00:00,60,49,11
2019-01-08 17:00:00,122,108,14
2019-01-08 18:00:00,75,63,12
2019-01-08 19:00:00,24,21,3
2019-01-08 20:00:00,9,7,2
2019-01-08 21:00:00,6,6,0
2019-01-08 22:00:00,5,4,1
2019-01-08 23:00:00,6,3,3
2019-01-09 00:00:00,1,1,0
2019-01-09 01:00:00,2,2,0
2019-01-09 02:00:00,1,1,0
2019-01-09 03:00:00,1,0,1
2019-01-09 04:00:00,6,4,2
2019-01-09 05:00:00,18,3,15
2019-01-09 06:00:00,50,8,42
2019-01-09 07:00:00,93,8,85
2019-01-09 08:00:00,102,7,95
2019-01-09 09:00:00,44,2,42
2019-01-09 10:00:00,17,4,13
2019-01-09 11:00:00,22,12,10
2019-01-09 12:00:00,18,6,12
2019-01-09 13:00:00,15,11,4
2019-01-09 14:00:00,17,11,6
2019-01-09 15:00:00,33,22,11
2019-01-09 16:00:00,56,46,10
2019-01-09 17:00:00,126,117,9
2019-01-09 18:00:00,69,63,6
2019-01-09 19:00:00,25,20,5
2019-01-09 20:00:00,10,10,0
2019-01-09 21:00:00,10,8,2
2019-01-09 22:00:00,3,3,0
2019-01-09 23:00:00,5,4,1
2019-01-10 00:00:00,0,0,0
2019-01-10 01:00:00,0,0,0
2019-01-10 02:00:00,1,1,0
2019-01-10 03:00:00,1,1,0
2019-01-10 04:00:00,3,1,2
2019-01-10 05:00:00,18,2,16
2019-01-10 06:00:00,50,7,43
2019-01-10 07:00:00,130,11,119
2019-01-10 08:00:00,122,4,118
2019-01-10 09:00:00,55,8,47
2019-01-10 10:00:00,28,6,22
2019-01-10 11:00:00,25,9,16
2019-01-10 12:00:00,15,4,11
2019-01-10 13:00:00,16,9,7
2019-01-10 14:00:00,21,12,9
2019-01-10 15:00:00,32,26,6
2019-01-10 16:00:00,76,66,10
2019-01-10 17:00:00,152,135,17
2019-01-10 18:00:00,80,71,9
2019-01-10 19:00:00,27,22,5
2019-01-10 20:00:00,15,15,0
2019-01-10 21:00:00,31,18,13
2019-01-10 22:00:00,10,7,3
2019-01-10 23:00:00,2,2,0
2019-01-11 00:00:00,5,2,3
2019-01-11 01:00:00,3,3,0
2019-01-11 02:00:00,3,2,1
2019-01-11 03:00:00,1,1,0
2019-01-11 04:00:00,5,3,2
2019-01-11 05:00:00,22,3,19
2019-01-11 06:00:00,50,9,41
2019-01-11 07:00:00,115,13,102
2019-01-11 08:00:00,128,11,117
2019-01-11 09:00:00,48,8,40
2019-01-11 10:00:00,20,6,14
2019-01-11 11:00:00,21,6,15
2019-01-11 12:00:00,25,13,12
2019-01-11 13:00:00,30,14,16
2019-01-11 14:00:00,40,28,12
2019-01-11 15:00:00,41,30,11
2019-01-11 16:00:00,92,80,12
2019-01-11 17:00:00,131,123,8
2019-01-11 18:00:00,72,65,7
2019-01-11 19:00:00,20,19,1
2019-01-11 20:00:00,11,8,3
2019-01-11 21:00:00,7,4,3
2019-01-11 22:00:00,9,5,4
2019-01-11 23:00:00,13,9,4
2019-01-12 00:00:00,4,3,1
2019-01-12 01:00:00,1,1,0
2019-01-12 02:00:00,1,1,0
2019-01-12 03:00:00,2,2,0
2019-01-12 04:00:00,0,0,0
2019-01-12 05:00:00,7,2,5
2019-01-12 06:00:00,12,1,11
2019-01-12 07:00:00,18,5,13
2019-01-12 08:00:00,23,10,13
2019-01-12 09:00:00,39,16,23
2019-01-12 10:00:00,54,31,23
2019-01-12 11:00:00,52,16,36
2019-01-12 12:00:00,86,44,42
2019-01-12 13:00:00,82,37,45
2019-01-12 14:00:00,97,57,40
2019-01-12 15:00:00,89,47,42
2019-01-12 16:00:00,63,36,27
2019-01-12 17:00:00,23,17,6
2019-01-12 18:00:00,20,15,5
2019-01-12 19:00:00,9,7,2
2019-01-12 20:00:00,6,6,0
2019-01-12 21:00:00,10,9,1
2019-01-12 22:00:00,6,3,3
2019-01-12 23:00:00,10,5,5
2019-01-13 00:00:00,8,3,5
2019-01-13 01:00:00,1,1,0
2019-01-13 02:00:00,0,0,0
2019-01-13 03:00:00,1,1,0
2019-01-13 04:00:00,0,0,0
2019-01-13 05:00:00,4,1,3
2019-01-13 06:00:00,5,3,2
2019-01-13 07:00:00,10,2,8
2019-01-13 08:00:00,16,5,11
2019-01-13 09:00:00,66,22,44
2019-01-13 10:00:00,51,22,29
2019-01-13 11:00:00,81,42,39
2019-01-13 12:00:00,66,32,34
2019-01-13 13:00:00,91,48,43
2019-01-13 14:00:00,73,35,38
2019-01-13 15:00:00,79,38,41
2019-01-13 16:00:00,33,23,10
2019-01-13 17:00:00,51,21,30
2019-01-13 18:00:00,16,13,3
2019-01-13 19:00:00,4,4,0
2019-01-13 20:00:00,4,3,1
2019-01-13 21:00:00,5,3,2
2019-01-13 22:00:00,11,5,6
2019-01-13 23:00:00,1,1,0
2019-01-14 00:00:00,2,1,1
2019-01-14 01:00:00,1,0,1
2019-01-14 02:00:00,0,0,0
2019-01-14 03:00:00,2,2,0
2019-01-14 04:00:00,7,0,7
2019-01-14 05:00:00,46,5,41
2019-01-14 06:00:00,114,18,96
2019-01-14 07:00:00,232,16,216
2019-01-14 08:00:00,240,14,226
2019-01-14 09:00:00,90,5,85
2019-01-14 10:00:00,30,5,25
2019-01-14 11:00:00,32,8,24
2019-01-14 12:00:00,26,11,15
2019-01-14 13:00:00,32,18,14
2019-01-14 14:00:00,42,20,22
2019-01-14 15:00:00,100,79,21
2019-01-14 16:00:00,185,155,30
2019-01-14 17:00:00,240,219,21
2019-01-14 18:00:00,150,133,17
2019-01-14 19:00:00,47,41,6
2019-01-14 20:00:00,26,21,5
2019-01-14 21:00:00,9,7,2
2019-01-14 22:00:00,8,5,3
2019-01-14 23:00:00,5,4,1
2019-01-15 00:00:00,2,2,0
2019-01-15 01:00:00,2,2,0
2019-01-15 02:00:00,1,0,1
2019-01-15 03:00:00,2,2,0
2019-01-15 04:00:00,6,1,5
2019-01-15 05:00:00,42,6,36
2019-01-15 06:00:00,98,8,90
2019-01-15 07:00:00,180,12,168
2019-01-15 08:00:00,183,8,175
2019-01-15 09:00:00,101,17,84
2019-01-15 10:00:00,38,7,31
2019-01-15 11:00:00,23,7,16
2019-01-15 12:00:00,31,12,19
2019-01-15 13:00:00,15,8,7
2019-01-15 14:00:00,35,17,18
2019-01-15 15:00:00,59,48,11
2019-01-15 16:00:00,163,144,19
2019-01-15 17:00:00,210,193,17
2019-01-15 18:00:00,114,98,16
2019-01-15 19:00:00,46,41,5
2019-01-15 20:00:00,22,18,4
2019-01-15 21:00:00,5,5,0
2019-01-15 22:00:00,9,8,1
2019-01-15 23:00:00,4,3,1
2019-01-16 00:00:00,1,0,1
2019-01-16 01:00:00,1,0,1
2019-01-16 02:00:00,0,0,0
2019-01-16 03:00:00,1,1,0
2019-01-16 04:00:00,6,2,4
2019-01-16 05:00:00,27,5,22
2019-01-16 06:00:00,89,9,80
2019-01-16 07:00:00,175,12,163
2019-01-16 08:00:00,176,13,163
2019-01-16 09:00:00,82,9,73
2019-01-16 10:00:00,32,4,28
2019-01-16 11:00:00,26,10,16
2019-01-16 12:00:00,29,6,23
2019-01-16 13:00:00,28,11,17
2019-01-16 14:00:00,33,16,17
2019-01-16 15:00:00,69,50,19
2019-01-16 16:00:00,131,114,17
2019-01-16 17:00:00,198,179,19
2019-01-16 18:00:00,123,102,21
2019-01-16 19:00:00,48,40,8
2019-01-16 20:00:00,28,24,4
2019-01-16 21:00:00,9,8,1
2019-01-16 22:00:00,6,5,1
2019-01-16 23:00:00,7,7,0
2019-01-17 00:00:00,0,0,0
2019-01-17 01:00:00,3,1,2
2019-01-17 02:00:00,0,0,0
2019-01-17 03:00:00,1,1,0
2019-01-17 04:00:00,8,4,4
2019-01-17 05:00:00,34,6,28
2019-01-17 06:00:00,69,7,62
2019-01-17 07:00:00,141,9,132
2019-01-17 08:00:00,140,11,129
2019-01-17 09:00:00,63,10,53
2019-01-17 10:00:00,43,15,28
2019-01-17 11:00:00,13,3,10
2019-01-17 12:00:00,14,6,8
2019-01-17 13:00:00,17,12,5
2019-01-17 14:00:00,29,17,12
2019-01-17 15:00:00,48,40,8
2019-01-17 16:00:00,99,82,17
2019-01-17 17:00:00,145,135,10
2019-01-17 18:00:00,84,77,7
2019-01-17 19:00:00,39,30,9
2019-01-17 20:00:00,14,14,0
2019-01-17 21:00:00,20,11,9
2019-01-17 22:00:00,1,1,0
2019-01-17 23:00:00,2,2,0
2019-01-18 00:00:00,1,1,0
2019-01-18 01:00:00,1,1,0
2019-01-18 02:00:00,1,1,0
2019-01-18 03:00:00,4,3,1
2019-01-18 04:00:00,5,3,2
2019-01-18 05:00:00,20,3,17
2019-01-18 06:00:00,50,6,44
2019-01-18 07:00:00,124,13,111
2019-01-18 08:00:00,120,6,114
2019-01-18 09:00:00,43,8,35
2019-01-18 10:00:00,21,4,17
2019-01-18 11:00:00,11,3,8
2019-01-18 12:00:00,17,8,9
2019-01-18 13:00:00,12,7,5
2019-01-18 14:00:00,34,25,9
2019-01-18 15:00:00,36,29,7
2019-01-18 16:00:00,87,80,7
2019-01-18 17:00:00,103,92,11
2019-01-18 18:00:00,77,65,12
2019-01-18 19:00:00,20,18,2
2019-01-18 20:00:00,10,9,1
2019-01-18 21:00:00,7,6,1
2019-01-18 22:00:00,4,2,2
2019-01-18 23:00:00,2,1,1
2019-01-19 00:00:00,2,1,1
2019-01-19 01:00:00,1,1,0
2019-01-19 02:00:00,0,0,0
2019-01-19 03:00:00,1,1,0
2019-01-19 04:00:00,0,0,0
2019-01-19 05:00:00,3,1,2
2019-01-19 06:00:00,5,4,1
2019-01-19 07:00:00,7,2,5
2019-01-19 08:00:00,19,5,14
2019-01-19 09:00:00,15,5,10
2019-01-19 10:00:00,15,6,9
2019-01-19 11:00:00,30,14,16
2019-01-19 12:00:00,36,17,19
2019-01-19 13:00:00,37,18,19
2019-01-19 14:00:00,25,14,11
2019-01-19 15:00:00,19,6,13
2019-01-19 16:00:00,19,13,6
2019-01-19 17:00:00,9,2,7
2019-01-19 18:00:00,14,5,9
2019-01-19 19:00:00,2,1,1
2019-01-19 20:00:00,1,1,0
2019-01-19 21:00:00,6,3,3
2019-01-19 22:00:00,4,3,1
2019-01-19 23:00:00,5,4,1
2019-01-20 00:00:00,1,1,0
2019-01-20 01:00:00,0,0,0
2019-01-20 02:00:00,2,1,1
2019-01-20 03:00:00,1,0,1
2019-01-20 04:00:00,1,1,0
2019-01-20 05:00:00,2,1,1
2019-01-20 06:00:00,3,1,2
2019-01-20 07:00:00,10,1,9
2019-01-20 08:00:00,12,3,9
2019-01-20 09:00:00,37,18,19
2019-01-20 10:00:00,21,7,14
2019-01-20 11:00:00,44,22,22
2019-01-20 12:00:00,32,13,19
2019-01-20 13:00:00,24,13,11
2019-01-20 14:00:00,28,18,10
2019-01-20 15:00:00,35,13,22
2019-01-20 16:00:00,18,11,7
2019-01-20 17:00:00,25,13,12
2019-01-20 18:00:00,4,3,1
2019-01-20 19:00:00,5,3,2
2019-01-20 20:00:00,7,6,1
2019-01-20 21:00:00,10,9,1
2019-01-20 22:00:00,3,2,1
2019-01-20 23:00:00,6,1,5
2019-01-21 00:00:00,2,2,0
2019-01-21 01:00:00,3,0,3
2019-01-21 02:00:00,1,0,1
2019-01-21 03:00:00,1,1,0
2019-01-21 04:00:00,3,1,2
2019-01-21 05:00:00,11,2,9
2019-01-21 06:00:00,44,8,36
2019-01-21 07:00:00,66,6,60
2019-01-21 08:00:00,78,5,73
2019-01-21 09:00:00,37,6,31
2019-01-21 10:00:00,27,11,16
2019-01-21 11:00:00,24,9,15
2019-01-21 12:00:00,27,6,21
2019-01-21 13:00:00,28,11,17
2019-01-21 14:00:00,35,22,13
2019-01-21 15:00:00,48,38,10
2019-01-21 16:00:00,70,60,10
2019-01-21 17:00:00,91,79,12
2019-01-21 18:00:00,45,37,8
2019-01-21 19:00:00,17,12,5
2019-01-21 20:00:00,13,10,3
2019-01-21 21:00:00,7,5,2
2019-01-21 22:00:00,4,2,2
2019-01-21 23:00:00,2,1,1
2019-01-22 00:00:00,2,1,1
2019-01-22 01:00:00,5,2,3
2019-01-22 02:00:00,2,1,1
2019-01-22 03:00:00,3,3,0
2019-01-22 04:00:00,4,0,4
2019-01-22 05:00:00,31,3,28
2019-01-22 06:00:00,72,15,57
2019-01-22 07:00:00,161,17,144
2019-01-22 08:00:00,153,11,142
2019-01-22 09:00:00,55,4,51
2019-01-22 10:00:00,17,3,14
2019-01-22 11:00:00,18,4,14
2019-01-22 12:00:00,12,7,5
2019-01-22 13:00:00,9,6,3
2019-01-22 14:00:00,15,10,5
2019-01-22 15:00:00,34,27,7
2019-01-22 16:00:00,110,96,14
2019-01-22 17:00:00,161,149,12
2019-01-22 18:00:00,96,87,9
2019-01-22 19:00:00,33,31,2
2019-01-22 20:00:00,10,10,0
2019-01-22 21:00:00,2,2,0
2019-01-22 22:00:00,3,2,1
2019-01-22 23:00:00,0,0,0
2019-01-23 00:00:00,0,0,0
2019-01-23 01:00:00,2,1,1
2019-01-23 02:00:00,2,2,0
2019-01-23 03:00:00,1,1,0
2019-01-23 04:00:00,3,1,2
2019-01-23 05:00:00,22,1,21
2019-01-23 06:00:00,87,14,73
2019-01-23 07:00:00,133,12,121
2019-01-23 08:00:00,166,11,155
2019-01-23 09:00:00,43,4,39
2019-01-23 10:00:00,20,2,18
2019-01-23 11:00:00,17,6,11
2019-01-23 12:00:00,15,5,10
2019-01-23 13:00:00,10,4,6
2019-01-23 14:00:00,21,10,11
2019-01-23 15:00:00,50,38,12
2019-01-23 16:00:00,134,117,17
2019-01-23 17:00:00,164,152,12
2019-01-23 18:00:00,87,79,8
2019-01-23 19:00:00,35,33,2
2019-01-23 20:00:00,13,10,3
2019-01-23 21:00:00,10,10,0
2019-01-23 22:00:00,6,4,2
2019-01-23 23:00:00,7,4,3
2019-01-24 00:00:00,3,0,3
2019-01-24 01:00:00,1,0,1
2019-01-24 02:00:00,7,4,3
2019-01-24 03:00:00,2,2,0
2019-01-24 04:00:00,11,4,7
2019-01-24 05:00:00,37,5,32
2019-01-24 06:00:00,83,15,68
2019-01-24 07:00:00,172,15,157
2019-01-24 08:00:00,147,12,135
2019-01-24 09:00:00,54,6,48
2019-01-24 10:00:00,27,5,22
2019-01-24 11:00:00,18,6,12
2019-01-24 12:00:00,19,8,11
2019-01-24 13:00:00,24,10,14
2019-01-24 14:00:00,25,14,11
2019-01-24 15:00:00,46,36,10
2019-01-24 16:00:00,134,116,18
2019-01-24 17:00:00,159,149,10
2019-01-24 18:00:00,114,93,21
2019-01-24 19:00:00,32,29,3
2019-01-24 20:00:00,38,35,3
2019-01-24 21:00:00,55,35,20
2019-01-24 22:00:00,7,7,0
2019-01-24 23:00:00,6,4,2
2019-01-25 00:00:00,3,2,1
2019-01-25 01:00:00,1,0,1
2019-01-25 02:00:00,1,1,0
2019-01-25 03:00:00,1,1,0
2019-01-25 04:00:00,4,1,3
2019-01-25 05:00:00,29,4,25
2019-01-25 06:00:00,65,9,56
2019-01-25 07:00:00,129,13,116
2019-01-25 08:00:00,153,10,143
2019-01-25 09:00:00,64,10,54
2019-01-25 10:00:00,27,5,22
2019-01-25 11:00:00,27,10,17
2019-01-25 12:00:00,15,7,8
2019-01-25 13:00:00,21,11,10
2019-01-25 14:00:00,43,30,13
2019-01-25 15:00:00,59,39,20
2019-01-25 16:00:00,119,103,16
2019-01-25 17:00:00,150,138,12
2019-01-25 18:00:00,78,69,9
2019-01-25 19:00:00,21,17,4
2019-01-25 20:00:00,41,29,12
2019-01-25 21:00:00,12,10,2
2019-01-25 22:00:00,9,7,2
2019-01-25 23:00:00,4,3,1
2019-01-26 00:00:00,2,1,1
2019-01-26 01:00:00,4,4,0
2019-01-26 02:00:00,3,3,0
2019-01-26 03:00:00,3,1,2
2019-01-26 04:00:00,2,0,2
2019-01-26 05:00:00,1,0,1
2019-01-26 06:00:00,4,2,2
2019-01-26 07:00:00,11,4,7
2019-01-26 08:00:00,23,7,16
2019-01-26 09:00:00,40,21,19
2019-01-26 10:00:00,34,10,24
2019-01-26 11:00:00,62,31,31
2019-01-26 12:00:00,71,31,40
2019-01-26 13:00:00,72,36,36
2019-01-26 14:00:00,65,35,30
2019-01-26 15:00:00,76,37,39
2019-01-26 16:00:00,43,26,17
2019-01-26 17:00:00,18,14,4
2019-01-26 18:00:00,18,7,11
2019-01-26 19:00:00,8,7,1
2019-01-26 20:00:00,7,4,3
2019-01-26 21:00:00,8,5,3
2019-01-26 22:00:00,4,2,2
2019-01-26 23:00:00,4,2,2
2019-01-27 00:00:00,5,2,3
2019-01-27 01:00:00,3,3,0
2019-01-27 02:00:00,2,2,0
2019-01-27 03:00:00,0,0,0
2019-01-27 04:00:00,4,2,2
2019-01-27 05:00:00,5,3,2
2019-01-27 06:00:00,6,2,4
2019-01-27 07:00:00,16,8,8
2019-01-27 08:00:00,7,2,5
2019-01-27 09:00:00,27,7,20
2019-01-27 10:00:00,34,14,20
2019-01-27 11:00:00,41,20,21
2019-01-27 12:00:00,42,18,24
2019-01-27 13:00:00,56,28,28
2019-01-27 14:00:00,35,16,19
2019-01-27 15:00:00,38,19,19
2019-01-27 16:00:00,33,16,17
2019-01-27 17:00:00,13,4,9
2019-01-27 18:00:00,39,23,16
2019-01-27 19:00:00,3,2,1
2019-01-27 20:00:00,5,3,2
2019-01-27 21:00:00,4,3,1
2019-01-27 22:00:00,2,2,0
2019-01-27 23:00:00,1,1,0
2019-01-28 00:00:00,2,0,2
2019-01-28 01:00:00,2,1,1
2019-01-28 02:00:00,0,0,0
2019-01-28 03:00:00,1,1,0
2019-01-28 04:00:00,8,1,7
2019-01-28 05:00:00,28,5,23
2019-01-28 06:00:00,92,14,78
2019-01-28 07:00:00,189,12,177
2019-01-28 08:00:00,165,5,160
2019-01-28 09:00:00,67,3,64
2019-01-28 10:00:00,31,10,21
2019-01-28 11:00:00,24,7,17
2019-01-28 12:00:00,22,7,15
2019-01-28 13:00:00,24,12,12
2019-01-28 14:00:00,28,21,7
2019-01-28 15:00:00,56,41,15
2019-01-28 16:00:00,154,130,24
2019-01-28 17:00:00,186,171,15
2019-01-28 18:00:00,123,109,14
2019-01-28 19:00:00,29,26,3
2019-01-28 20:00:00,15,13,2
2019-01-28 21:00:00,13,10,3
2019-01-28 22:00:00,10,5,5
2019-01-28 23:00:00,2,2,0
2019-01-29 00:00:00,2,2,0
2019-01-29 01:00:00,0,0,0
2019-01-29 02:00:00,3,3,0
2019-01-29 03:00:00,1,1,0
2019-01-29 04:00:00,9,2,7
2019-01-29 05:00:00,27,1,26
2019-01-29 06:00:00,92,17,75
2019-01-29 07:00:00,167,12,155
2019-01-29 08:00:00,164,11,153
2019-01-29 09:00:00,73,12,61
2019-01-29 10:00:00,30,4,26
2019-01-29 11:00:00,27,7,20
2019-01-29 12:00:00,32,15,17
2019-01-29 13:00:00,20,11,9
2019-01-29 14:00:00,38,21,17
2019-01-29 15:00:00,72,53,19
2019-01-29 16:00:00,147,119,28
2019-01-29 17:00:00,188,167,21
2019-01-29 18:00:00,101,91,10
2019-01-29 19:00:00,62,50,12
2019-01-29 20:00:00,14,13,1
2019-01-29 21:00:00,18,14,4
2019-01-29 22:00:00,10,7,3
2019-01-29 23:00:00,3,3,0
2019-01-30 00:00:00,1,1,0
2019-01-30 01:00:00,2,1,1
2019-01-30 02:00:00,4,2,2
2019-01-30 03:00:00,1,1,0
2019-01-30 04:00:00,6,0,6
2019-01-30 05:00:00,32,3,29
2019-01-30 06:00:00,74,11,63
2019-01-30 07:00:00,139,8,131
2019-01-30 08:00:00,160,12,148
2019-01-30 09:00:00,64,9,55
2019-01-30 10:00:00,33,7,26
2019-01-30 11:00:00,32,10,22
2019-01-30 12:00:00,23,8,15
2019-01-30 13:00:00,20,10,10
2019-01-30 14:00:00,43,19,24
2019-01-30 15:00:00,53,42,11
2019-01-30 16:00:00,120,105,15
2019-01-30 17:00:00,155,131,24
2019-01-30 18:00:00,80,60,20
2019-01-30 19:00:00,38,34,4
2019-01-30 20:00:00,23,19,4
2019-01-30 21:00:00,8,6,2
2019-01-30 22:00:00,10,4,6
2019-01-30 23:00:00,6,4,2
2019-01-31 00:00:00,7,4,3
2019-01-31 01:00:00,2,2,0
2019-01-31 02:00:00,3,3,0
2019-01-31 03:00:00,8,5,3
2019-01-31 04:00:00,3,0,3
2019-01-31 05:00:00,33,5,28
2019-01-31 06:00:00,71,12,59
2019-01-31 07:00:00,137,9,128
2019-01-31 08:00:00,148,10,138
2019-01-31 09:00:00,75,7,68
2019-01-31 10:00:00,28,6,22
2019-01-31 11:00:00,24,8,16
2019-01-31 12:00:00,26,8,18
2019-01-31 13:00:00,20,13,7
2019-01-31 14:00:00,31,19,12
2019-01-31 15:00:00,52,34,18
2019-01-31 16:00:00,105,93,12
2019-01-31 17:00:00,178,169,9
2019-01-31 18:00:00,97,82,15
2019-01-31 19:00:00,38,30,8
2019-01-31 20:00:00,20,17,3
2019-01-31 21:00:00,27,16,11
2019-01-31 22:00:00,8,6,2
2019-01-31 23:00:00,5,3,2
2019-02-01 00:00:00,1,1,0
2019-02-01 01:00:00,2,2,0
2019-02-01 02:00:00,4,3,1
2019-02-01 03:00:00,2,1,1
2019-02-01 04:00:00,2,1,1
2019-02-01 05:00:00,15,2,13
2019-02-01 06:00:00,40,5,35
2019-02-01 07:00:00,84,7,77
2019-02-01 08:00:00,98,6,92
2019-02-01 09:00:00,36,6,30
2019-02-01 10:00:00,6,2,4
2019-02-01 11:00:00,7,1,6
2019-02-01 12:00:00,5,2,3
2019-02-01 13:00:00,10,6,4
2019-02-01 14:00:00,23,17,6
2019-02-01 15:00:00,31,23,8
2019-02-01 16:00:00,61,53,8
2019-02-01 17:00:00,83,77,6
2019-02-01 18:00:00,43,40,3
2019-02-01 19:00:00,26,24,2
2019-02-01 20:00:00,17,15,2
2019-02-01 21:00:00,5,3,2
2019-02-01 22:00:00,5,3,2
2019-02-01 23:00:00,7,2,5
2019-02-02 00:00:00,2,0,2
2019-02-02 01:00:00,3,3,0
2019-02-02 02:00:00,1,1,0
2019-02-02 03:00:00,1,1,0
2019-02-02 04:00:00,0,0,0
2019-02-02 05:00:00,4,1,3
2019-02-02 06:00:00,17,1,16
2019-02-02 07:00:00,15,6,9
2019-02-02 08:00:00,19,9,10
2019-02-02 09:00:00,21,12,9
2019-02-02 10:00:00,22,12,10
2019-02-02 11:00:00,32,13,19
2019-02-02 12:00:00,42,18,24
2019-02-02 13:00:00,42,20,22
2019-02-02 14:00:00,24,14,10
2019-02-02 15:00:00,26,16,10
2019-02-02 16:00:00,25,13,12
2019-02-02 17:00:00,29,22,7
2019-02-02 18:00:00,14,10,4
2019-02-02 19:00:00,5,3,2
2019-02-02 20:00:00,7,6,1
2019-02-02 21:00:00,8,4,4
2019-02-02 22:00:00,7,6,1
2019-02-02 23:00:00,3,2,1
2019-02-03 00:00:00,6,6,0
2019-02-03 01:00:00,1,1,0
2019-02-03 02:00:00,3,2,1
2019-02-03 03:00:00,1,0,1
2019-02-03 04:00:00,1,1,0
2019-02-03 05:00:00,3,0,3
2019-02-03 06:00:00,17,4,13
2019-02-03 07:00:00,159,10,149
2019-02-03 08:00:00,131,10,121
2019-02-03 09:00:00,69,47,22
2019-02-03 10:00:00,145,123,22
2019-02-03 11:00:00,72,63,9
2019-02-03 12:00:00,42,38,4
2019-02-03 13:00:00,32,17,15
2019-02-03 14:00:00,16,10,6
2019-02-03 15:00:00,19,15,4
2019-02-03 16:00:00,1,0,1
2019-02-03 17:00:00,13,8,5
2019-02-03 18:00:00,2,2,0
2019-02-03 19:00:00,5,3,2
2019-02-03 20:00:00,3,2,1
2019-02-03 21:00:00,1,1,0
2019-02-03 22:00:00,3,2,1
2019-02-03 23:00:00,0,0,0
2019-02-04 00:00:00,3,1,2
2019-02-04 01:00:00,2,1,1
2019-02-04 02:00:00,0,0,0
2019-02-04 03:00:00,0,0,0
2019-02-04 04:00:00,1,1,0
2019-02-04 05:00:00,8,2,6
2019-02-04 06:00:00,6,2,4
2019-02-04 07:00:00,11,0,11
2019-02-04 08:00:00,9,1,8
2019-02-04 09:00:00,8,0,8
2019-02-04 10:00:00,1,1,0
2019-02-04 11:00:00,2,0,2
2019-02-04 12:00:00,3,2,1
2019-02-04 13:00:00,2,2,0
2019-02-04 14:00:00,3,2,1
2019-02-04 15:00:00,7,5,2
2019-02-04 16:00:00,11,9,2
2019-02-04 17:00:00,10,9,1
2019-02-04 18:00:00,6,5,1
2019-02-04 19:00:00,2,2,0
2019-02-04 20:00:00,0,0,0
2019-02-04 21:00:00,0,0,0
2019-02-04 22:00:00,2,2,0
2019-02-04 23:00:00,1,1,0
2019-02-05 00:00:00,1,1,0
2019-02-05 01:00:00,1,1,0
2019-02-05 02:00:00,0,0,0
2019-02-05 03:00:00,3,3,0
2019-02-05 04:00:00,1,1,0
2019-02-05 05:00:00,3,1,2
2019-02-05 06:00:00,6,2,4
2019-02-05 07:00:00,10,1,9
2019-02-05 08:00:00,14,3,11
2019-02-05 09:00:00,7,0,7
2019-02-05 10:00:00,5,1,4
2019-02-05 11:00:00,1,0,1
2019-02-05 12:00:00,3,1,2
2019-02-05 13:00:00,8,4,4
2019-02-05 14:00:00,6,4,2
2019-02-05 15:00:00,14,9,5
2019-02-05 16:00:00,13,12,1
2019-02-05 17:00:00,16,14,2
2019-02-05 18:00:00,8,6,2
2019-02-05 19:00:00,5,4,1
2019-02-05 20:00:00,2,1,1
2019-02-05 21:00:00,2,0,2
2019-02-05 22:00:00,1,1,0
2019-02-05 23:00:00,0,0,0
2019-02-06 00:00:00,1,0,1
2019-02-06 01:00:00,1,1,0
2019-02-06 02:00:00,2,1,1
2019-02-06 03:00:00,1,1,0
2019-02-06 04:00:00,1,1,0
2019-02-06 05:00:00,5,2,3
2019-02-06 06:00:00,19,3,16
2019-02-06 07:00:00,25,1,24
2019-02-06 08:00:00,32,3,29
2019-02-06 09:00:00,22,3,19
2019-02-06 10:00:00,11,2,9
2019-02-06 11:00:00,2,0,2
2019-02-06 12:00:00,3,0,3
2019-02-06 13:00:00,10,5,5
2019-02-06 14:00:00,12,4,8
2019-02-06 15:00:00,12,8,4
2019-02-06 16:00:00,24,19,5
2019-02-06 17:00:00,50,47,3
2019-02-06 18:00:00,18,17,1
2019-02-06 19:00:00,55,30,25
2019-02-06 20:00:00,7,6,1
2019-02-06 21:00:00,5,5,0
2019-02-06 22:00:00,3,2,1
2019-02-06 23:00:00,0,0,0
2019-02-07 00:00:00,1,1,0
2019-02-07 01:00:00,1,0,1
2019-02-07 02:00:00,4,3,1
2019-02-07 03:00:00,3,2,1
2019-02-07 04:00:00,2,2,0
2019-02-07 05:00:00,10,4,6
2019-02-07 06:00:00,23,3,20
2019-02-07 07:00:00,36,4,32
2019-02-07 08:00:00,59,5,54
2019-02-07 09:00:00,25,4,21
2019-02-07 10:00:00,6,0,6
2019-02-07 11:00:00,4,2,2
2019-02-07 12:00:00,17,5,12
2019-02-07 13:00:00,9,4,5
2019-02-07 14:00:00,13,6,7
2019-02-07 15:00:00,20,16,4
2019-02-07 16:00:00,35,31,4
2019-02-07 17:00:00,66,60,6
2019-02-07 18:00:00,20,20,0
2019-02-07 19:00:00,11,10,1
2019-02-07 20:00:00,6,4,2
2019-02-07 21:00:00,30,17,13
2019-02-07 22:00:00,2,1,1
2019-02-07 23:00:00,0,0,0
2019-02-08 00:00:00,3,2,1
2019-02-08 01:00:00,1,1,0
2019-02-08 02:00:00,2,1,1
2019-02-08 03:00:00,2,2,0
2019-02-08 04:00:00,3,0,3
2019-02-08 05:00:00,12,4,8
2019-02-08 06:00:00,17,3,14
2019-02-08 07:00:00,25,2,23
2019-02-08 08:00:00,40,3,37
2019-02-08 09:00:00,11,2,9
2019-02-08 10:00:00,7,4,3
2019-02-08 11:00:00,5,2,3
2019-02-08 12:00:00,17,15,2
2019-02-08 13:00:00,33,30,3
2019-02-08 14:00:00,30,26,4
2019-02-08 15:00:00,16,15,1
2019-02-08 16:00:00,9,4,5
2019-02-08 17:00:00,7,6,1
2019-02-08 18:00:00,2,2,0
2019-02-08 19:00:00,1,1,0
2019-02-08 20:00:00,1,0,1
2019-02-08 21:00:00,0,0,0
2019-02-08 22:00:00,3,0,3
2019-02-08 23:00:00,0,0,0
2019-02-09 00:00:00,3,3,0
2019-02-09 01:00:00,0,0,0
2019-02-09 02:00:00,1,1,0
2019-02-09 03:00:00,0,0,0
2019-02-09 04:00:00,0,0,0
2019-02-09 05:00:00,0,0,0
2019-02-09 06:00:00,0,0,0
2019-02-09 07:00:00,1,0,1
2019-02-09 08:00:00,0,0,0
2019-02-09 09:00:00,0,0,0
2019-02-09 10:00:00,1,0,1
2019-02-09 11:00:00,23,9,14
2019-02-09 12:00:00,2,1,1
2019-02-09 13:00:00,1,0,1
2019-02-09 14:00:00,0,0,0
2019-02-09 15:00:00,2,1,1
2019-02-09 16:00:00,2,1,1
2019-02-09 17:00:00,2,2,0
2019-02-09 18:00:00,2,2,0
2019-02-09 19:00:00,0,0,0
2019-02-09 20:00:00,0,0,0
2019-02-09 21:00:00,1,0,1
2019-02-09 22:00:00,0,0,0
2019-02-09 23:00:00,2,2,0
2019-02-10 00:00:00,0,0,0
2019-02-10 01:00:00,0,0,0
2019-02-10 02:00:00,0,0,0
2019-02-10 03:00:00,0,0,0
2019-02-10 04:00:00,0,0,0
2019-02-10 05:00:00,1,0,1
2019-02-10 06:00:00,0,0,0
2019-02-10 07:00:00,2,0,2
2019-02-10 08:00:00,0,0,0
2019-02-10 09:00:00,0,0,0
2019-02-10 10:00:00,1,0,1
2019-02-10 11:00:00,0,0,0
2019-02-10 12:00:00,0,0,0
2019-02-10 13:00:00,0,0,0
2019-02-10 14:00:00,1,1,0
2019-02-10 15:00:00,1,0,1
2019-02-10 16:00:00,0,0,0
2019-02-10 17:00:00,1,0,1
2019-02-10 18:00:00,1,1,0
2019-02-10 19:00:00,1,1,0
2019-02-10 20:00:00,0,0,0
2019-02-10 21:00:00,0,0,0
2019-02-10 22:00:00,0,0,0
2019-02-10 23:00:00,0,0,0
2019-02-11 00:00:00,0,0,0
2019-02-11 01:00:00,0,0,0
2019-02-11 02:00:00,0,0,0
2019-02-11 03:00:00,0,0,0
2019-02-11 04:00:00,1,1,0
2019-02-11 05:00:00,5,2,3
2019-02-11 06:00:00,3,1,2
2019-02-11 07:00:00,6,1,5
2019-02-11 08:00:00,36,18,18
2019-02-11 09:00:00,2,0,2
2019-02-11 10:00:00,2,0,2
2019-02-11 11:00:00,1,0,1
2019-02-11 12:00:00,2,1,1
2019-02-11 13:00:00,3,1,2
2019-02-11 14:00:00,3,2,1
2019-02-11 15:00:00,6,4,2
2019-02-11 16:00:00,5,4,1
2019-02-11 17:00:00,43,22,21
2019-02-11 18:00:00,2,2,0
2019-02-11 19:00:00,1,0,1
2019-02-11 20:00:00,1,1,0
2019-02-11 21:00:00,0,0,0
2019-02-11 22:00:00,1,0,1
2019-02-11 23:00:00,1,1,0
2019-02-12 00:00:00,0,0,0
2019-02-12 01:00:00,1,0,1
2019-02-12 02:00:00,1,1,0
2019-02-12 03:00:00,0,0,0
2019-02-12 04:00:00,1,1,0
2019-02-12 05:00:00,2,0,2
2019-02-12 06:00:00,3,0,3
2019-02-12 07:00:00,7,0,7
2019-02-12 08:00:00,10,4,6
2019-02-12 09:00:00,3,1,2
2019-02-12 10:00:00,5,2,3
2019-02-12 11:00:00,1,0,1
2019-02-12 12:00:00,1,0,1
2019-02-12 13:00:00,1,1,0
2019-02-12 14:00:00,3,1,2
2019-02-12 15:00:00,4,2,2
2019-02-12 16:00:00,7,4,3
2019-02-12 17:00:00,14,11,3
2019-02-12 18:00:00,6,5,1
2019-02-12 19:00:00,1,0,1
2019-02-12 20:00:00,1,0,1
2019-02-12 21:00:00,1,1,0
2019-02-12 22:00:00,3,2,1
2019-02-12 23:00:00,0,0,0
2019-02-13 00:00:00,1,0,1
2019-02-13 01:00:00,0,0,0
2019-02-13 02:00:00,1,0,1
2019-02-13 03:00:00,1,1,0
2019-02-13 04:00:00,0,0,0
2019-02-13 05:00:00,2,0,2
2019-02-13 06:00:00,10,2,8
2019-02-13 07:00:00,13,0,13
2019-02-13 08:00:00,22,2,20
2019-02-13 09:00:00,9,2,7
2019-02-13 10:00:00,4,2,2
2019-02-13 11:00:00,5,1,4
2019-02-13 12:00:00,5,1,4
2019-02-13 13:00:00,5,2,3
2019-02-13 14:00:00,4,3,1
2019-02-13 15:00:00,8,7,1
2019-02-13 16:00:00,12,10,2
2019-02-13 17:00:00,28,25,3
2019-02-13 18:00:00,12,8,4
2019-02-13 19:00:00,4,3,1
2019-02-13 20:00:00,4,4,0
2019-02-13 21:00:00,2,1,1
2019-02-13 22:00:00,1,1,0
2019-02-13 23:00:00,0,0,0
2019-02-14 00:00:00,1,0,1
2019-02-14 01:00:00,0,0,0
2019-02-14 02:00:00,2,2,0
2019-02-14 03:00:00,1,1,0
2019-02-14 04:00:00,1,1,0
2019-02-14 05:00:00,5,2,3
2019-02-14 06:00:00,9,1,8
2019-02-14 07:00:00,16,1,15
2019-02-14 08:00:00,31,3,28
2019-02-14 09:00:00,13,1,12
2019-02-14 10:00:00,6,3,3
2019-02-14 11:00:00,0,0,0
2019-02-14 12:00:00,5,1,4
2019-02-14 13:00:00,6,3,3
2019-02-14 14:00:00,7,4,3
2019-02-14 15:00:00,5,3,2
2019-02-14 16:00:00,25,20,5
2019-02-14 17:00:00,34,28,6
2019-02-14 18:00:00,14,13,1
2019-02-14 19:00:00,6,2,4
2019-02-14 20:00:00,2,2,0
2019-02-14 21:00:00,27,14,13
2019-02-14 22:00:00,1,0,1
2019-02-14 23:00:00,3,0,3
2019-02-15 00:00:00,1,0,1
2019-02-15 01:00:00,0,0,0
2019-02-15 02:00:00,2,1,1
2019-02-15 03:00:00,2,1,1
2019-02-15 04:00:00,1,1,0
2019-02-15 05:00:00,8,2,6
2019-02-15 06:00:00,16,4,12
2019-02-15 07:00:00,34,2,32
2019-02-15 08:00:00,58,4,54
2019-02-15 09:00:00,23,7,16
2019-02-15 10:00:00,6,2,4
2019-02-15 11:00:00,3,1,2
2019-02-15 12:00:00,5,2,3
2019-02-15 13:00:00,11,8,3
2019-02-15 14:00:00,9,6,3
2019-02-15 15:00:00,23,21,2
2019-02-15 16:00:00,31,26,5
2019-02-15 17:00:00,38,36,2
2019-02-15 18:00:00,42,38,4
2019-02-15 19:00:00,6,3,3
2019-02-15 20:00:00,2,1,1
2019-02-15 21:00:00,6,4,2
2019-02-15 22:00:00,3,2,1
2019-02-15 23:00:00,3,3,0
2019-02-16 00:00:00,3,1,2
2019-02-16 01:00:00,0,0,0
2019-02-16 02:00:00,0,0,0
2019-02-16 03:00:00,1,1,0
2019-02-16 04:00:00,0,0,0
2019-02-16 05:00:00,0,0,0
2019-02-16 06:00:00,1,0,1
2019-02-16 07:00:00,3,0,3
2019-02-16 08:00:00,10,2,8
2019-02-16 09:00:00,13,3,10
2019-02-16 10:00:00,21,17,4
2019-02-16 11:00:00,33,13,20
2019-02-16 12:00:00,16,11,5
2019-02-16 13:00:00,21,5,16
2019-02-16 14:00:00,20,9,11
2019-02-16 15:00:00,8,5,3
2019-02-16 16:00:00,15,13,2
2019-02-16 17:00:00,3,1,2
2019-02-16 18:00:00,1,0,1
2019-02-16 19:00:00,4,3,1
2019-02-16 20:00:00,1,1,0
2019-02-16 21:00:00,0,0,0
2019-02-16 22:00:00,2,0,2
2019-02-16 23:00:00,4,1,3
2019-02-17 00:00:00,0,0,0
2019-02-17 01:00:00,1,1,0
2019-02-17 02:00:00,0,0,0
2019-02-17 03:00:00,0,0,0
2019-02-17 04:00:00,1,0,1
2019-02-17 05:00:00,1,0,1
2019-02-17 06:00:00,1,0,1
2019-02-17 07:00:00,4,1,3
2019-02-17 08:00:00,9,5,4
2019-02-17 09:00:00,20,5,15
2019-02-17 10:00:00,23,11,12
2019-02-17 11:00:00,28,19,9
2019-02-17 12:00:00,17,7,10
2019-02-17 13:00:00,23,9,14
2019-02-17 14:00:00,18,14,4
2019-02-17 15:00:00,16,10,6
2019-02-17 16:00:00,22,11,11
2019-02-17 17:00:00,25,17,8
2019-02-17 18:00:00,9,5,4
2019-02-17 19:00:00,11,6,5
2019-02-17 20:00:00,0,0,0
2019-02-17 21:00:00,2,1,1
2019-02-17 22:00:00,3,0,3
2019-02-17 23:00:00,0,0,0
2019-02-18 00:00:00,1,1,0
2019-02-18 01:00:00,0,0,0
2019-02-18 02:00:00,0,0,0
2019-02-18 03:00:00,1,1,0
2019-02-18 04:00:00,1,0,1
2019-02-18 05:00:00,10,4,6
2019-02-18 06:00:00,21,6,15
2019-02-18 07:00:00,24,3,21
2019-02-18 08:00:00,61,9,52
2019-02-18 09:00:00,25,5,20
2019-02-18 10:00:00,21,3,18
2019-02-18 11:00:00,19,7,12
2019-02-18 12:00:00,17,9,8
2019-02-18 13:00:00,17,7,10
2019-02-18 14:00:00,23,11,12
2019-02-18 15:00:00,34,22,12
2019-02-18 16:00:00,49,35,14
2019-02-18 17:00:00,52,48,4
2019-02-18 18:00:00,46,37,9
2019-02-18 19:00:00,10,8,2
2019-02-18 20:00:00,5,5,0
2019-02-18 21:00:00,4,3,1
2019-02-18 22:00:00,3,2,1
2019-02-18 23:00:00,2,2,0
2019-02-19 00:00:00,1,1,0
2019-02-19 01:00:00,0,0,0
2019-02-19 02:00:00,3,1,2
2019-02-19 03:00:00,1,1,0
2019-02-19 04:00:00,2,0,2
2019-02-19 05:00:00,15,1,14
2019-02-19 06:00:00,54,12,42
2019-02-19 07:00:00,80,6,74
2019-02-19 08:00:00,83,7,76
2019-02-19 09:00:00,40,4,36
2019-02-19 10:00:00,14,6,8
2019-02-19 11:00:00,10,2,8
2019-02-19 12:00:00,6,3,3
2019-02-19 13:00:00,9,3,6
2019-02-19 14:00:00,10,8,2
2019-02-19 15:00:00,30,21,9
2019-02-19 16:00:00,45,39,6
2019-02-19 17:00:00,101,96,5
2019-02-19 18:00:00,50,46,4
2019-02-19 19:00:00,20,15,5
2019-02-19 20:00:00,3,3,0
2019-02-19 21:00:00,10,7,3
2019-02-19 22:00:00,6,4,2
2019-02-19 23:00:00,3,2,1
2019-02-20 00:00:00,0,0,0
2019-02-20 01:00:00,1,1,0
2019-02-20 02:00:00,2,1,1
2019-02-20 03:00:00,0,0,0
2019-02-20 04:00:00,4,1,3
2019-02-20 05:00:00,13,2,11
2019-02-20 06:00:00,40,6,34
2019-02-20 07:00:00,67,3,64
2019-02-20 08:00:00,102,9,93
2019-02-20 09:00:00,37,6,31
2019-02-20 10:00:00,16,5,11
2019-02-20 11:00:00,8,1,7
2019-02-20 12:00:00,13,5,8
2019-02-20 13:00:00,8,5,3
2019-02-20 14:00:00,16,8,8
2019-02-20 15:00:00,28,18,10
2019-02-20 16:00:00,69,56,13
2019-02-20 17:00:00,107,97,10
2019-02-20 18:00:00,56,49,7
2019-02-20 19:00:00,20,16,4
2019-02-20 20:00:00,17,16,1
2019-02-20 21:00:00,12,10,2
2019-02-20 22:00:00,4,3,1
2019-02-20 23:00:00,4,4,0
2019-02-21 00:00:00,2,1,1
2019-02-21 01:00:00,1,1,0
2019-02-21 02:00:00,2,1,1
2019-02-21 03:00:00,3,1,2
2019-02-21 04:00:00,7,2,5
2019-02-21 05:00:00,14,1,13
2019-02-21 06:00:00,35,4,31
2019-02-21 07:00:00,87,9,78
2019-02-21 08:00:00,94,6,88
2019-02-21 09:00:00,46,8,38
2019-02-21 10:00:00,23,4,19
2019-02-21 11:00:00,22,7,15
2019-02-21 12:00:00,28,9,19
2019-02-21 13:00:00,32,18,14
2019-02-21 14:00:00,25,10,15
2019-02-21 15:00:00,29,24,5
2019-02-21 16:00:00,68,60,8
2019-02-21 17:00:00,124,102,22
2019-02-21 18:00:00,63,52,11
2019-02-21 19:00:00,24,21,3
2019-02-21 20:00:00,11,8,3
2019-02-21 21:00:00,9,9,0
2019-02-21 22:00:00,5,5,0
2019-02-21 23:00:00,2,2,0
2019-02-22 00:00:00,3,1,2
2019-02-22 01:00:00,0,0,0
2019-02-22 02:00:00,1,1,0
2019-02-22 03:00:00,2,1,1
2019-02-22 04:00:00,3,2,1
2019-02-22 05:00:00,10,1,9
2019-02-22 06:00:00,32,5,27
2019-02-22 07:00:00,63,5,58
2019-02-22 08:00:00,67,5,62
2019-02-22 09:00:00,26,3,23
2019-02-22 10:00:00,7,2,5
2019-02-22 11:00:00,6,1,5
2019-02-22 12:00:00,5,3,2
2019-02-22 13:00:00,5,4,1
2019-02-22 14:00:00,13,5,8
2019-02-22 15:00:00,24,16,8
2019-02-22 16:00:00,41,36,5
2019-02-22 17:00:00,58,50,8
2019-02-22 18:00:00,39,35,4
2019-02-22 19:00:00,17,15,2
2019-02-22 20:00:00,3,3,0
2019-02-22 21:00:00,11,6,5
2019-02-22 22:00:00,4,2,2
2019-02-22 23:00:00,2,2,0
2019-02-23 00:00:00,0,0,0
2019-02-23 01:00:00,3,3,0
2019-02-23 02:00:00,1,1,0
2019-02-23 03:00:00,4,2,2
2019-02-23 04:00:00,2,0,2
2019-02-23 05:00:00,3,2,1
2019-02-23 06:00:00,3,1,2
2019-02-23 07:00:00,6,1,5
2019-02-23 08:00:00,16,5,11
2019-02-23 09:00:00,8,3,5
2019-02-23 10:00:00,14,5,9
2019-02-23 11:00:00,27,20,7
2019-02-23 12:00:00,27,10,17
2019-02-23 13:00:00,17,9,8
2019-02-23 14:00:00,23,11,12
2019-02-23 15:00:00,11,7,4
2019-02-23 16:00:00,18,10,8
2019-02-23 17:00:00,9,7,2
2019-02-23 18:00:00,10,2,8
2019-02-23 19:00:00,4,2,2
2019-02-23 20:00:00,4,4,0
2019-02-23 21:00:00,3,2,1
2019-02-23 22:00:00,1,1,0
2019-02-23 23:00:00,0,0,0
2019-02-24 00:00:00,2,1,1
2019-02-24 01:00:00,0,0,0
2019-02-24 02:00:00,0,0,0
2019-02-24 03:00:00,1,0,1
2019-02-24 04:00:00,0,0,0
2019-02-24 05:00:00,4,1,3
2019-02-24 06:00:00,3,0,3
2019-02-24 07:00:00,23,0,23
2019-02-24 08:00:00,25,6,19
2019-02-24 09:00:00,13,4,9
2019-02-24 10:00:00,17,6,11
2019-02-24 11:00:00,23,8,15
2019-02-24 12:00:00,33,15,18
2019-02-24 13:00:00,27,14,13
2019-02-24 14:00:00,22,11,11
2019-02-24 15:00:00,30,20,10
2019-02-24 16:00:00,27,19,8
2019-02-24 17:00:00,32,18,14
2019-02-24 18:00:00,23,15,8
2019-02-24 19:00:00,10,7,3
2019-02-24 20:00:00,1,1,0
2019-02-24 21:00:00,2,2,0
2019-02-24 22:00:00,3,1,2
2019-02-24 23:00:00,3,2,1
2019-02-25 00:00:00,1,1,0
2019-02-25 01:00:00,0,0,0
2019-02-25 02:00:00,2,2,0
2019-02-25 03:00:00,1,0,1
2019-02-25 04:00:00,1,0,1
2019-02-25 05:00:00,11,3,8
2019-02-25 06:00:00,53,4,49
2019-02-25 07:00:00,98,7,91
2019-02-25 08:00:00,99,3,96
2019-02-25 09:00:00,45,4,41
2019-02-25 10:00:00,16,6,10
2019-02-25 11:00:00,10,5,5
2019-02-25 12:00:00,16,5,11
2019-02-25 13:00:00,6,5,1
2019-02-25 14:00:00,22,11,11
2019-02-25 15:00:00,36,28,8
2019-02-25 16:00:00,64,59,5
2019-02-25 17:00:00,124,119,5
2019-02-25 18:00:00,60,57,3
2019-02-25 19:00:00,20,17,3
2019-02-25 20:00:00,16,12,4
2019-02-25 21:00:00,7,4,3
2019-02-25 22:00:00,5,3,2
2019-02-25 23:00:00,2,2,0
2019-02-26 00:00:00,1,0,1
2019-02-26 01:00:00,0,0,0
2019-02-26 02:00:00,3,2,1
2019-02-26 03:00:00,0,0,0
2019-02-26 04:00:00,4,1,3
2019-02-26 05:00:00,22,4,18
2019-02-26 06:00:00,48,3,45
2019-02-26 07:00:00,105,9,96
2019-02-26 08:00:00,81,5,76
2019-02-26 09:00:00,69,6,63
2019-02-26 10:00:00,27,7,20
2019-02-26 11:00:00,21,9,12
2019-02-26 12:00:00,17,7,10
2019-02-26 13:00:00,13,7,6
2019-02-26 14:00:00,16,7,9
2019-02-26 15:00:00,41,29,12
2019-02-26 16:00:00,70,60,10
2019-02-26 17:00:00,135,122,13
2019-02-26 18:00:00,81,69,12
2019-02-26 19:00:00,33,26,7
2019-02-26 20:00:00,9,9,0
2019-02-26 21:00:00,10,8,2
2019-02-26 22:00:00,6,6,0
2019-02-26 23:00:00,2,2,0
2019-02-27 00:00:00,2,1,1
2019-02-27 01:00:00,1,0,1
2019-02-27 02:00:00,1,1,0
2019-02-27 03:00:00,1,0,1
2019-02-27 04:00:00,2,1,1
2019-02-27 05:00:00,17,2,15
2019-02-27 06:00:00,47,5,42
2019-02-27 07:00:00,89,6,83
2019-02-27 08:00:00,88,4,84
2019-02-27 09:00:00,40,5,35
2019-02-27 10:00:00,15,4,11
2019-02-27 11:00:00,11,4,7
2019-02-27 12:00:00,17,7,10
2019-02-27 13:00:00,11,6,5
2019-02-27 14:00:00,16,9,7
2019-02-27 15:00:00,23,20,3
2019-02-27 16:00:00,58,52,6
2019-02-27 17:00:00,118,109,9
2019-02-27 18:00:00,63,53,10
2019-02-27 19:00:00,31,26,5
2019-02-27 20:00:00,19,17,2
2019-02-27 21:00:00,5,5,0
2019-02-27 22:00:00,7,6,1
2019-02-27 23:00:00,2,2,0
2019-02-28 00:00:00,3,2,1
2019-02-28 01:00:00,0,0,0
2019-02-28 02:00:00,2,2,0
2019-02-28 03:00:00,5,2,3
2019-02-28 04:00:00,6,2,4
2019-02-28 05:00:00,18,1,17
2019-02-28 06:00:00,39,6,33
2019-02-28 07:00:00,101,11,90
2019-02-28 08:00:00,97,7,90
2019-02-28 09:00:00,41,5,36
2019-02-28 10:00:00,12,1,11
2019-02-28 11:00:00,15,7,8
2019-02-28 12:00:00,21,4,17
2019-02-28 13:00:00,13,8,5
2019-02-28 14:00:00,31,13,18
2019-02-28 15:00:00,28,22,6
2019-02-28 16:00:00,64,49,15
2019-02-28 17:00:00,120,104,16
2019-02-28 18:00:00,79,69,10
2019-02-28 19:00:00,32,28,4
2019-02-28 20:00:00,13,9,4
2019-02-28 21:00:00,28,16,12
2019-02-28 22:00:00,2,2,0
2019-02-28 23:00:00,4,3,1
2019-03-01 00:00:00,3,2,1
2019-03-01 01:00:00,0,0,0
2019-03-01 02:00:00,3,1,2
2019-03-01 03:00:00,1,1,0
2019-03-01 04:00:00,4,1,3
2019-03-01 05:00:00,16,2,14
2019-03-01 06:00:00,36,4,32
2019-03-01 07:00:00,82,9,73
2019-03-01 08:00:00,86,6,80
2019-03-01 09:00:00,50,12,38
2019-03-01 10:00:00,17,4,13
2019-03-01 11:00:00,24,6,18
2019-03-01 12:00:00,17,6,11
2019-03-01 13:00:00,13,7,6
2019-03-01 14:00:00,28,16,12
2019-03-01 15:00:00,40,31,9
2019-03-01 16:00:00,69,57,12
2019-03-01 17:00:00,119,99,20
2019-03-01 18:00:00,46,39,7
2019-03-01 19:00:00,20,16,4
2019-03-01 20:00:00,8,7,1
2019-03-01 21:00:00,5,4,1
2019-03-01 22:00:00,4,3,1
2019-03-01 23:00:00,1,1,0
2019-03-02 00:00:00,5,4,1
2019-03-02 01:00:00,2,2,0
2019-03-02 02:00:00,3,2,1
2019-03-02 03:00:00,3,2,1
2019-03-02 04:00:00,0,0,0
2019-03-02 05:00:00,2,1,1
2019-03-02 06:00:00,7,4,3
2019-03-02 07:00:00,24,15,9
2019-03-02 08:00:00,33,27,6
2019-03-02 09:00:00,22,10,12
2019-03-02 10:00:00,70,35,35
2019-03-02 11:00:00,45,14,31
2019-03-02 12:00:00,40,25,15
2019-03-02 13:00:00,58,20,38
2019-03-02 14:00:00,67,34,33
2019-03-02 15:00:00,48,16,32
2019-03-02 16:00:00,48,28,20
2019-03-02 17:00:00,30,17,13
2019-03-02 18:00:00,16,7,9
2019-03-02 19:00:00,2,1,1
2019-03-02 20:00:00,4,3,1
2019-03-02 21:00:00,8,4,4
2019-03-02 22:00:00,4,3,1
2019-03-02 23:00:00,1,1,0
2019-03-03 00:00:00,1,1,0
2019-03-03 01:00:00,4,3,1
2019-03-03 02:00:00,3,3,0
2019-03-03 03:00:00,1,0,1
2019-03-03 04:00:00,0,0,0
2019-03-03 05:00:00,4,1,3
2019-03-03 06:00:00,4,2,2
2019-03-03 07:00:00,10,3,7
2019-03-03 08:00:00,11,3,8
2019-03-03 09:00:00,24,11,13
2019-03-03 10:00:00,37,18,19
2019-03-03 11:00:00,36,19,17
2019-03-03 12:00:00,60,29,31
2019-03-03 13:00:00,62,30,32
2019-03-03 14:00:00,46,22,24
2019-03-03 15:00:00,55,22,33
2019-03-03 16:00:00,44,21,23
2019-03-03 17:00:00,18,9,9
2019-03-03 18:00:00,15,8,7
2019-03-03 19:00:00,12,9,3
2019-03-03 20:00:00,9,4,5
2019-03-03 21:00:00,2,1,1
2019-03-03 22:00:00,4,3,1
2019-03-03 23:00:00,1,1,0
2019-03-04 00:00:00,3,1,2
2019-03-04 01:00:00,0,0,0
2019-03-04 02:00:00,0,0,0
2019-03-04 03:00:00,0,0,0
2019-03-04 04:00:00,1,0,1
2019-03-04 05:00:00,11,2,9
2019-03-04 06:00:00,54,11,43
2019-03-04 07:00:00,121,11,110
2019-03-04 08:00:00,120,10,110
2019-03-04 09:00:00,31,2,29
2019-03-04 10:00:00,18,5,13
2019-03-04 11:00:00,18,5,13
2019-03-04 12:00:00,11,2,9
2019-03-04 13:00:00,13,6,7
2019-03-04 14:00:00,15,8,7
2019-03-04 15:00:00,36,26,10
2019-03-04 16:00:00,100,83,17
2019-03-04 17:00:00,135,126,9
2019-03-04 18:00:00,66,56,10
2019-03-04 19:00:00,29,22,7
2019-03-04 20:00:00,13,10,3
2019-03-04 21:00:00,9,7,2
2019-03-04 22:00:00,4,3,1
2019-03-04 23:00:00,2,1,1
2019-03-05 00:00:00,1,1,0
2019-03-05 01:00:00,0,0,0
2019-03-05 02:00:00,1,0,1
2019-03-05 03:00:00,2,1,1
2019-03-05 04:00:00,2,0,2
2019-03-05 05:00:00,16,2,14
2019-03-05 06:00:00,55,11,44
2019-03-05 07:00:00,129,9,120
2019-03-05 08:00:00,121,6,115
2019-03-05 09:00:00,36,5,31
2019-03-05 10:00:00,14,6,8
2019-03-05 11:00:00,15,7,8
2019-03-05 12:00:00,22,8,14
2019-03-05 13:00:00,31,12,19
2019-03-05 14:00:00,18,11,7
2019-03-05 15:00:00,39,22,17
2019-03-05 16:00:00,78,65,13
2019-03-05 17:00:00,143,129,14
2019-03-05 18:00:00,95,79,16
2019-03-05 19:00:00,27,23,4
2019-03-05 20:00:00,16,10,6
2019-03-05 21:00:00,9,7,2
2019-03-05 22:00:00,0,0,0
2019-03-05 23:00:00,4,2,2
2019-03-06 00:00:00,1,1,0
2019-03-06 01:00:00,1,1,0
2019-03-06 02:00:00,2,0,2
2019-03-06 03:00:00,0,0,0
2019-03-06 04:00:00,2,1,1
2019-03-06 05:00:00,18,3,15
2019-03-06 06:00:00,52,9,43
2019-03-06 07:00:00,86,5,81
2019-03-06 08:00:00,96,3,93
2019-03-06 09:00:00,30,6,24
2019-03-06 10:00:00,9,3,6
2019-03-06 11:00:00,10,2,8
2019-03-06 12:00:00,6,3,3
2019-03-06 13:00:00,5,3,2
2019-03-06 14:00:00,7,2,5
2019-03-06 15:00:00,14,9,5
2019-03-06 16:00:00,52,44,8
2019-03-06 17:00:00,90,86,4
2019-03-06 18:00:00,76,65,11
2019-03-06 19:00:00,19,17,2
2019-03-06 20:00:00,9,9,0
2019-03-06 21:00:00,6,5,1
2019-03-06 22:00:00,3,1,2
2019-03-06 23:00:00,1,1,0
2019-03-07 00:00:00,2,1,1
2019-03-07 01:00:00,0,0,0
2019-03-07 02:00:00,1,0,1
2019-03-07 03:00:00,2,2,0
2019-03-07 04:00:00,3,1,2
2019-03-07 05:00:00,22,8,14
2019-03-07 06:00:00,23,3,20
2019-03-07 07:00:00,32,5,27
2019-03-07 08:00:00,36,3,33
2019-03-07 09:00:00,20,0,20
2019-03-07 10:00:00,6,2,4
2019-03-07 11:00:00,11,2,9
2019-03-07 12:00:00,8,2,6
2019-03-07 13:00:00,3,1,2
2019-03-07 14:00:00,9,6,3
2019-03-07 15:00:00,17,13,4
2019-03-07 16:00:00,26,20,6
2019-03-07 17:00:00,66,54,12
2019-03-07 18:00:00,40,32,8
2019-03-07 19:00:00,17,14,3
2019-03-07 20:00:00,9,7,2
2019-03-07 21:00:00,8,5,3
2019-03-07 22:00:00,3,2,1
2019-03-07 23:00:00,1,1,0
2019-03-08 00:00:00,3,1,2
2019-03-08 01:00:00,0,0,0
2019-03-08 02:00:00,1,1,0
2019-03-08 03:00:00,1,0,1
2019-03-08 04:00:00,3,0,3
2019-03-08 05:00:00,15,4,11
2019-03-08 06:00:00,51,4,47
2019-03-08 07:00:00,69,9,60
2019-03-08 08:00:00,61,5,56
2019-03-08 09:00:00,17,2,15
2019-03-08 10:00:00,11,1,10
2019-03-08 11:00:00,11,3,8
2019-03-08 12:00:00,9,5,4
2019-03-08 13:00:00,9,6,3
2019-03-08 14:00:00,11,7,4
2019-03-08 15:00:00,27,22,5
2019-03-08 16:00:00,43,34,9
2019-03-08 17:00:00,84,75,9
2019-03-08 18:00:00,43,41,2
2019-03-08 19:00:00,9,7,2
2019-03-08 20:00:00,11,9,2
2019-03-08 21:00:00,3,2,1
2019-03-08 22:00:00,1,1,0
2019-03-08 23:00:00,1,1,0
2019-03-09 00:00:00,3,2,1
2019-03-09 01:00:00,2,2,0
2019-03-09 02:00:00,0,0,0
2019-03-09 03:00:00,3,2,1
2019-03-09 04:00:00,0,0,0
2019-03-09 05:00:00,3,1,2
2019-03-09 06:00:00,4,0,4
2019-03-09 07:00:00,5,1,4
2019-03-09 08:00:00,13,2,11
2019-03-09 09:00:00,16,7,9
2019-03-09 10:00:00,28,11,17
2019-03-09 11:00:00,43,23,20
2019-03-09 12:00:00,76,32,44
2019-03-09 13:00:00,53,28,25
2019-03-09 14:00:00,54,28,26
2019-03-09 15:00:00,41,26,15
2019-03-09 16:00:00,48,22,26
2019-03-09 17:00:00,27,10,17
2019-03-09 18:00:00,3,2,1
2019-03-09 19:00:00,6,5,1
2019-03-09 20:00:00,6,2,4
2019-03-09 21:00:00,6,4,2
2019-03-09 22:00:00,3,1,2
2019-03-09 23:00:00,4,3,1
2019-03-10 00:00:00,2,2,0
2019-03-10 01:00:00,1,1,0
2019-03-10 02:00:00,0,0,0
2019-03-10 03:00:00,2,1,1
2019-03-10 04:00:00,1,0,1
2019-03-10 05:00:00,3,2,1
2019-03-10 06:00:00,8,3,5
2019-03-10 07:00:00,4,1,3
2019-03-10 08:00:00,25,17,8
2019-03-10 09:00:00,17,7,10
2019-03-10 10:00:00,19,5,14
2019-03-10 11:00:00,38,23,15
2019-03-10 12:00:00,41,27,14
2019-03-10 13:00:00,62,22,40
2019-03-10 14:00:00,63,24,39
2019-03-10 15:00:00,69,37,32
2019-03-10 16:00:00,53,26,27
2019-03-10 17:00:00,62,29,33
2019-03-10 18:00:00,13,4,9
2019-03-10 19:00:00,12,7,5
2019-03-10 20:00:00,2,1,1
2019-03-10 21:00:00,10,5,5
2019-03-10 22:00:00,2,2,0
2019-03-10 23:00:00,2,2,0
2019-03-11 00:00:00,1,1,0
2019-03-11 01:00:00,3,2,1
2019-03-11 02:00:00,0,0,0
2019-03-11 03:00:00,0,0,0
2019-03-11 04:00:00,0,0,0
2019-03-11 05:00:00,10,2,8
2019-03-11 06:00:00,53,6,47
2019-03-11 07:00:00,99,9,90
2019-03-11 08:00:00,127,10,117
2019-03-11 09:00:00,45,3,42
2019-03-11 10:00:00,20,5,15
2019-03-11 11:00:00,11,3,8
2019-03-11 12:00:00,19,7,12
2019-03-11 13:00:00,18,8,10
2019-03-11 14:00:00,26,11,15
2019-03-11 15:00:00,47,39,8
2019-03-11 16:00:00,75,63,12
2019-03-11 17:00:00,138,121,17
2019-03-11 18:00:00,67,62,5
2019-03-11 19:00:00,27,24,3
2019-03-11 20:00:00,12,8,4
2019-03-11 21:00:00,7,4,3
2019-03-11 22:00:00,2,1,1
2019-03-11 23:00:00,2,1,1
2019-03-12 00:00:00,0,0,0
2019-03-12 01:00:00,0,0,0
2019-03-12 02:00:00,1,0,1
2019-03-12 03:00:00,0,0,0
2019-03-12 04:00:00,0,0,0
2019-03-12 05:00:00,15,3,12
2019-03-12 06:00:00,50,7,43
2019-03-12 07:00:00,75,2,73
2019-03-12 08:00:00,93,5,88
2019-03-12 09:00:00,28,2,26
2019-03-12 10:00:00,18,3,15
2019-03-12 11:00:00,18,9,9
2019-03-12 12:00:00,12,4,8
2019-03-12 13:00:00,7,3,4
2019-03-12 14:00:00,6,3,3
2019-03-12 15:00:00,17,15,2
2019-03-12 16:00:00,57,48,9
2019-03-12 17:00:00,103,96,7
2019-03-12 18:00:00,77,68,9
2019-03-12 19:00:00,30,24,6
2019-03-12 20:00:00,10,8,2
2019-03-12 21:00:00,5,5,0
2019-03-12 22:00:00,4,3,1
2019-03-12 23:00:00,4,3,1
2019-03-13 00:00:00,1,1,0
2019-03-13 01:00:00,1,1,0
2019-03-13 02:00:00,1,0,1
2019-03-13 03:00:00,2,1,1
2019-03-13 04:00:00,3,1,2
2019-03-13 05:00:00,18,3,15
2019-03-13 06:00:00,67,14,53
2019-03-13 07:00:00,104,12,92
2019-03-13 08:00:00,120,6,114
2019-03-13 09:00:00,39,1,38
2019-03-13 10:00:00,17,3,14
2019-03-13 11:00:00,16,5,11
2019-03-13 12:00:00,20,7,13
2019-03-13 13:00:00,15,7,8
2019-03-13 14:00:00,34,14,20
2019-03-13 15:00:00,35,26,9
2019-03-13 16:00:00,70,56,14
2019-03-13 17:00:00,147,133,14
2019-03-13 18:00:00,115,99,16
2019-03-13 19:00:00,36,27,9
2019-03-13 20:00:00,23,17,6
2019-03-13 21:00:00,10,8,2
2019-03-13 22:00:00,4,3,1
2019-03-13 23:00:00,4,3,1
2019-03-14 00:00:00,2,2,0
2019-03-14 01:00:00,0,0,0
2019-03-14 02:00:00,2,2,0
2019-03-14 03:00:00,6,4,2
2019-03-14 04:00:00,2,1,1
2019-03-14 05:00:00,19,3,16
2019-03-14 06:00:00,58,11,47
2019-03-14 07:00:00,102,10,92
2019-03-14 08:00:00,124,10,114
2019-03-14 09:00:00,45,7,38
2019-03-14 10:00:00,20,5,15
2019-03-14 11:00:00,10,4,6
2019-03-14 12:00:00,23,8,15
2019-03-14 13:00:00,16,3,13
2019-03-14 14:00:00,17,7,10
2019-03-14 15:00:00,43,34,9
2019-03-14 16:00:00,71,59,12
2019-03-14 17:00:00,151,135,16
2019-03-14 18:00:00,97,84,13
2019-03-14 19:00:00,27,23,4
2019-03-14 20:00:00,12,10,2
2019-03-14 21:00:00,8,6,2
2019-03-14 22:00:00,3,2,1
2019-03-14 23:00:00,9,6,3
2019-03-15 00:00:00,6,4,2
2019-03-15 01:00:00,0,0,0
2019-03-15 02:00:00,2,2,0
2019-03-15 03:00:00,4,2,2
2019-03-15 04:00:00,2,1,1
2019-03-15 05:00:00,19,3,16
2019-03-15 06:00:00,44,11,33
2019-03-15 07:00:00,77,15,62
2019-03-15 08:00:00,113,9,104
2019-03-15 09:00:00,44,2,42
2019-03-15 10:00:00,23,6,17
2019-03-15 11:00:00,18,7,11
2019-03-15 12:00:00,17,7,10
2019-03-15 13:00:00,25,12,13
2019-03-15 14:00:00,24,11,13
2019-03-15 15:00:00,61,41,20
2019-03-15 16:00:00,96,71,25
2019-03-15 17:00:00,134,114,20
2019-03-15 18:00:00,75,62,13
2019-03-15 19:00:00,26,22,4
2019-03-15 20:00:00,11,8,3
2019-03-15 21:00:00,4,3,1
2019-03-15 22:00:00,3,2,1
2019-03-15 23:00:00,5,4,1
2019-03-16 00:00:00,5,4,1
2019-03-16 01:00:00,2,2,0
2019-03-16 02:00:00,5,1,4
2019-03-16 03:00:00,0,0,0
2019-03-16 04:00:00,1,0,1
2019-03-16 05:00:00,2,1,1
2019-03-16 06:00:00,6,1,5
2019-03-16 07:00:00,9,2,7
2019-03-16 08:00:00,32,9,23
2019-03-16 09:00:00,35,19,16
2019-03-16 10:00:00,24,10,14
2019-03-16 11:00:00,52,26,26
2019-03-16 12:00:00,57,21,36
2019-03-16 13:00:00,70,33,37
2019-03-16 14:00:00,64,31,33
2019-03-16 15:00:00,49,24,25
2019-03-16 16:00:00,50,28,22
2019-03-16 17:00:00,40,18,22
2019-03-16 18:00:00,24,13,11
2019-03-16 19:00:00,16,8,8
2019-03-16 20:00:00,7,3,4
2019-03-16 21:00:00,7,6,1
2019-03-16 22:00:00,9,9,0
2019-03-16 23:00:00,2,1,1
2019-03-17 00:00:00,8,6,2
2019-03-17 01:00:00,4,2,2
2019-03-17 02:00:00,2,2,0
2019-03-17 03:00:00,3,3,0
2019-03-17 04:00:00,0,0,0
2019-03-17 05:00:00,6,3,3
2019-03-17 06:00:00,3,1,2
2019-03-17 07:00:00,6,2,4
2019-03-17 08:00:00,18,6,12
2019-03-17 09:00:00,31,15,16
2019-03-17 10:00:00,38,16,22
2019-03-17 11:00:00,70,40,30
2019-03-17 12:00:00,92,47,45
2019-03-17 13:00:00,98,53,45
2019-03-17 14:00:00,94,45,49
2019-03-17 15:00:00,82,37,45
2019-03-17 16:00:00,54,25,29
2019-03-17 17:00:00,45,22,23
2019-03-17 18:00:00,25,12,13
2019-03-17 19:00:00,15,11,4
2019-03-17 20:00:00,6,3,3
2019-03-17 21:00:00,6,2,4
2019-03-17 22:00:00,5,3,2
2019-03-17 23:00:00,2,2,0
2019-03-18 00:00:00,0,0,0
2019-03-18 01:00:00,3,2,1
2019-03-18 02:00:00,3,2,1
2019-03-18 03:00:00,0,0,0
2019-03-18 04:00:00,3,0,3
2019-03-18 05:00:00,24,2,22
2019-03-18 06:00:00,77,16,61
2019-03-18 07:00:00,143,12,131
2019-03-18 08:00:00,165,13,152
2019-03-18 09:00:00,76,9,67
2019-03-18 10:00:00,27,6,21
2019-03-18 11:00:00,21,9,12
2019-03-18 12:00:00,33,15,18
2019-03-18 13:00:00,32,14,18
2019-03-18 14:00:00,50,27,23
2019-03-18 15:00:00,67,49,18
2019-03-18 16:00:00,130,103,27
2019-03-18 17:00:00,199,174,25
2019-03-18 18:00:00,121,97,24
2019-03-18 19:00:00,58,46,12
2019-03-18 20:00:00,25,15,10
2019-03-18 21:00:00,13,6,7
2019-03-18 22:00:00,6,5,1
2019-03-18 23:00:00,5,4,1
2019-03-19 00:00:00,1,1,0
2019-03-19 01:00:00,0,0,0
2019-03-19 02:00:00,1,0,1
2019-03-19 03:00:00,3,3,0
2019-03-19 04:00:00,10,3,7
2019-03-19 05:00:00,30,6,24
2019-03-19 06:00:00,83,17,66
2019-03-19 07:00:00,176,18,158
2019-03-19 08:00:00,172,14,158
2019-03-19 09:00:00,63,5,58
2019-03-19 10:00:00,40,11,29
2019-03-19 11:00:00,34,16,18
2019-03-19 12:00:00,46,13,33
2019-03-19 13:00:00,45,27,18
2019-03-19 14:00:00,43,14,29
2019-03-19 15:00:00,77,56,21
2019-03-19 16:00:00,141,117,24
2019-03-19 17:00:00,233,207,26
2019-03-19 18:00:00,122,103,19
2019-03-19 19:00:00,65,57,8
2019-03-19 20:00:00,25,15,10
2019-03-19 21:00:00,12,8,4
2019-03-19 22:00:00,12,9,3
2019-03-19 23:00:00,4,4,0
2019-03-20 00:00:00,1,1,0
2019-03-20 01:00:00,2,0,2
2019-03-20 02:00:00,2,0,2
2019-03-20 03:00:00,1,0,1
2019-03-20 04:00:00,4,1,3
2019-03-20 05:00:00,30,5,25
2019-03-20 06:00:00,88,11,77
2019-03-20 07:00:00,179,19,160
2019-03-20 08:00:00,162,10,152
2019-03-20 09:00:00,67,11,56
2019-03-20 10:00:00,35,9,26
2019-03-20 11:00:00,30,10,20
2019-03-20 12:00:00,34,19,15
2019-03-20 13:00:00,28,13,15
2019-03-20 14:00:00,43,21,22
2019-03-20 15:00:00,63,47,16
2019-03-20 16:00:00,149,127,22
2019-03-20 17:00:00,208,179,29
2019-03-20 18:00:00,144,119,25
2019-03-20 19:00:00,47,36,11
2019-03-20 20:00:00,40,23,17
2019-03-20 21:00:00,13,11,2
2019-03-20 22:00:00,7,3,4
2019-03-20 23:00:00,10,9,1
2019-03-21 00:00:00,3,2,1
2019-03-21 01:00:00,2,2,0
2019-03-21 02:00:00,3,1,2
2019-03-21 03:00:00,2,1,1
2019-03-21 04:00:00,7,4,3
2019-03-21 05:00:00,27,4,23
2019-03-21 06:00:00,73,13,60
2019-03-21 07:00:00,127,11,116
2019-03-21 08:00:00,133,9,124
2019-03-21 09:00:00,71,8,63
2019-03-21 10:00:00,33,8,25
2019-03-21 11:00:00,22,6,16
2019-03-21 12:00:00,27,7,20
2019-03-21 13:00:00,27,14,13
2019-03-21 14:00:00,34,18,16
2019-03-21 15:00:00,45,34,11
2019-03-21 16:00:00,106,96,10
2019-03-21 17:00:00,154,137,17
2019-03-21 18:00:00,84,70,14
2019-03-21 19:00:00,66,57,9
2019-03-21 20:00:00,21,16,5
2019-03-21 21:00:00,12,10,2
2019-03-21 22:00:00,7,6,1
2019-03-21 23:00:00,4,3,1
2019-03-22 00:00:00,6,4,2
2019-03-22 01:00:00,3,3,0
2019-03-22 02:00:00,3,2,1
2019-03-22 03:00:00,0,0,0
2019-03-22 04:00:00,5,3,2
2019-03-22 05:00:00,20,4,16
2019-03-22 06:00:00,47,8,39
2019-03-22 07:00:00,85,15,70
2019-03-22 08:00:00,111,12,99
2019-03-22 09:00:00,54,11,43
2019-03-22 10:00:00,34,7,27
2019-03-22 11:00:00,28,5,23
2019-03-22 12:00:00,21,14,7
2019-03-22 13:00:00,26,14,12
2019-03-22 14:00:00,41,29,12
2019-03-22 15:00:00,44,34,10
2019-03-22 16:00:00,75,64,11
2019-03-22 17:00:00,88,78,10
2019-03-22 18:00:00,49,45,4
2019-03-22 19:00:00,21,18,3
2019-03-22 20:00:00,8,7,1
2019-03-22 21:00:00,8,5,3
2019-03-22 22:00:00,12,4,8
2019-03-22 23:00:00,6,4,2
2019-03-23 00:00:00,5,3,2
2019-03-23 01:00:00,4,2,2
2019-03-23 02:00:00,0,0,0
2019-03-23 03:00:00,0,0,0
2019-03-23 04:00:00,1,0,1
2019-03-23 05:00:00,3,2,1
2019-03-23 06:00:00,3,0,3
2019-03-23 07:00:00,8,1,7
2019-03-23 08:00:00,23,7,16
2019-03-23 09:00:00,31,13,18
2019-03-23 10:00:00,52,38,14
2019-03-23 11:00:00,44,26,18
2019-03-23 12:00:00,73,26,47
2019-03-23 13:00:00,52,16,36
2019-03-23 14:00:00,71,37,34
2019-03-23 15:00:00,73,48,25
2019-03-23 16:00:00,48,27,21
2019-03-23 17:00:00,31,16,15
2019-03-23 18:00:00,25,13,12
2019-03-23 19:00:00,19,10,9
2019-03-23 20:00:00,5,1,4
2019-03-23 21:00:00,16,9,7
2019-03-23 22:00:00,11,8,3
2019-03-23 23:00:00,4,4,0
2019-03-24 00:00:00,2,0,2
2019-03-24 01:00:00,6,5,1
2019-03-24 02:00:00,1,1,0
2019-03-24 03:00:00,1,0,1
2019-03-24 04:00:00,0,0,0
2019-03-24 05:00:00,4,1,3
2019-03-24 06:00:00,11,4,7
2019-03-24 07:00:00,24,11,13
2019-03-24 08:00:00,21,9,12
2019-03-24 09:00:00,18,6,12
2019-03-24 10:00:00,42,22,20
2019-03-24 11:00:00,53,28,25
2019-03-24 12:00:00,55,20,35
2019-03-24 13:00:00,64,26,38
2019-03-24 14:00:00,48,19,29
2019-03-24 15:00:00,31,18,13
2019-03-24 16:00:00,56,38,18
2019-03-24 17:00:00,30,16,14
2019-03-24 18:00:00,16,9,7
2019-03-24 19:00:00,17,8,9
2019-03-24 20:00:00,7,4,3
2019-03-24 21:00:00,6,4,2
2019-03-24 22:00:00,3,1,2
2019-03-24 23:00:00,3,3,0
2019-03-25 00:00:00,0,0,0
2019-03-25 01:00:00,2,2,0
2019-03-25 02:00:00,0,0,0
2019-03-25 03:00:00,1,0,1
2019-03-25 04:00:00,5,0,5
2019-03-25 05:00:00,23,3,20
2019-03-25 06:00:00,73,8,65
2019-03-25 07:00:00,121,9,112
2019-03-25 08:00:00,122,10,112
2019-03-25 09:00:00,57,8,49
2019-03-25 10:00:00,28,4,24
2019-03-25 11:00:00,10,4,6
2019-03-25 12:00:00,16,8,8
2019-03-25 13:00:00,13,6,7
2019-03-25 14:00:00,22,14,8
2019-03-25 15:00:00,30,25,5
2019-03-25 16:00:00,90,80,10
2019-03-25 17:00:00,144,134,10
2019-03-25 18:00:00,80,74,6
2019-03-25 19:00:00,9,8,1
2019-03-25 20:00:00,11,8,3
2019-03-25 21:00:00,3,2,1
2019-03-25 22:00:00,7,6,1
2019-03-25 23:00:00,1,1,0
2019-03-26 00:00:00,1,1,0
2019-03-26 01:00:00,1,0,1
2019-03-26 02:00:00,1,0,1
2019-03-26 03:00:00,1,0,1
2019-03-26 04:00:00,4,2,2
2019-03-26 05:00:00,30,6,24
2019-03-26 06:00:00,75,12,63
2019-03-26 07:00:00,147,12,135
2019-03-26 08:00:00,119,6,113
2019-03-26 09:00:00,45,4,41
2019-03-26 10:00:00,16,2,14
2019-03-26 11:00:00,23,6,17
2019-03-26 12:00:00,20,5,15
2019-03-26 13:00:00,21,8,13
2019-03-26 14:00:00,30,17,13
2019-03-26 15:00:00,45,32,13
2019-03-26 16:00:00,119,96,23
2019-03-26 17:00:00,180,162,18
2019-03-26 18:00:00,114,98,16
2019-03-26 19:00:00,48,41,7
2019-03-26 20:00:00,11,6,5
2019-03-26 21:00:00,13,10,3
2019-03-26 22:00:00,8,6,2
2019-03-26 23:00:00,2,2,0
2019-03-27 00:00:00,2,1,1
2019-03-27 01:00:00,0,0,0
2019-03-27 02:00:00,2,0,2
2019-03-27 03:00:00,1,0,1
2019-03-27 04:00:00,3,2,1
2019-03-27 05:00:00,26,6,20
2019-03-27 06:00:00,82,14,68
2019-03-27 07:00:00,147,14,133
2019-03-27 08:00:00,171,9,162
2019-03-27 09:00:00,51,7,44
2019-03-27 10:00:00,35,13,22
2019-03-27 11:00:00,21,9,12
2019-03-27 12:00:00,21,7,14
2019-03-27 13:00:00,20,7,13
2019-03-27 14:00:00,28,16,12
2019-03-27 15:00:00,41,28,13
2019-03-27 16:00:00,120,103,17
2019-03-27 17:00:00,163,150,13
2019-03-27 18:00:00,129,109,20
2019-03-27 19:00:00,37,31,6
2019-03-27 20:00:00,16,14,2
2019-03-27 21:00:00,12,12,0
2019-03-27 22:00:00,7,5,2
2019-03-27 23:00:00,3,2,1
2019-03-28 00:00:00,1,1,0
2019-03-28 01:00:00,0,0,0
2019-03-28 02:00:00,1,0,1
2019-03-28 03:00:00,3,2,1
2019-03-28 04:00:00,4,1,3
2019-03-28 05:00:00,25,4,21
2019-03-28 06:00:00,76,12,64
2019-03-28 07:00:00,130,10,120
2019-03-28 08:00:00,133,10,123
2019-03-28 09:00:00,54,5,49
2019-03-28 10:00:00,17,1,16
2019-03-28 11:00:00,23,12,11
2019-03-28 12:00:00,33,10,23
2019-03-28 13:00:00,13,6,7
2019-03-28 14:00:00,38,23,15
2019-03-28 15:00:00,49,36,13
2019-03-28 16:00:00,109,82,27
2019-03-28 17:00:00,179,162,17
2019-03-28 18:00:00,103,94,9
2019-03-28 19:00:00,51,39,12
2019-03-28 20:00:00,21,15,6
2019-03-28 21:00:00,17,16,1
2019-03-28 22:00:00,8,5,3
2019-03-28 23:00:00,2,2,0
2019-03-29 00:00:00,2,2,0
2019-03-29 01:00:00,0,0,0
2019-03-29 02:00:00,1,0,1
2019-03-29 03:00:00,1,1,0
2019-03-29 04:00:00,7,2,5
2019-03-29 05:00:00,20,5,15
2019-03-29 06:00:00,65,10,55
2019-03-29 07:00:00,128,14,114
2019-03-29 08:00:00,110,7,103
2019-03-29 09:00:00,53,8,45
2019-03-29 10:00:00,19,4,15
2019-03-29 11:00:00,29,12,17
2019-03-29 12:00:00,19,11,8
2019-03-29 13:00:00,19,9,10
2019-03-29 14:00:00,31,16,15
2019-03-29 15:00:00,52,38,14
2019-03-29 16:00:00,98,76,22
2019-03-29 17:00:00,158,136,22
2019-03-29 18:00:00,80,68,12
2019-03-29 19:00:00,35,31,4
2019-03-29 20:00:00,11,7,4
2019-03-29 21:00:00,6,4,2
2019-03-29 22:00:00,11,7,4
2019-03-29 23:00:00,6,6,0
2019-03-30 00:00:00,2,2,0
2019-03-30 01:00:00,4,2,2
2019-03-30 02:00:00,4,4,0
2019-03-30 03:00:00,2,2,0
2019-03-30 04:00:00,2,0,2
2019-03-30 05:00:00,6,1,5
2019-03-30 06:00:00,9,2,7
2019-03-30 07:00:00,12,6,6
2019-03-30 08:00:00,25,6,19
2019-03-30 09:00:00,43,19,24
2019-03-30 10:00:00,90,52,38
2019-03-30 11:00:00,116,46,70
2019-03-30 12:00:00,69,39,30
2019-03-30 13:00:00,78,34,44
2019-03-30 14:00:00,89,43,46
2019-03-30 15:00:00,71,40,31
2019-03-30 16:00:00,56,35,21
2019-03-30 17:00:00,62,29,33
2019-03-30 18:00:00,30,20,10
2019-03-30 19:00:00,15,11,4
2019-03-30 20:00:00,31,19,12
2019-03-30 21:00:00,13,11,2
2019-03-30 22:00:00,22,8,14
2019-03-30 23:00:00,5,4,1
2019-03-31 00:00:00,2,1,1
2019-03-31 01:00:00,3,2,1
2019-03-31 02:00:00,0,0,0
2019-03-31 03:00:00,0,0,0
2019-03-31 04:00:00,0,0,0
2019-03-31 05:00:00,5,2,3
2019-03-31 06:00:00,3,1,2
2019-03-31 07:00:00,5,0,5
2019-03-31 08:00:00,30,9,21
2019-03-31 09:00:00,52,20,32
2019-03-31 10:00:00,55,27,28
2019-03-31 11:00:00,69,33,36
2019-03-31 12:00:00,69,23,46
2019-03-31 13:00:00,68,39,29
2019-03-31 14:00:00,78,44,34
2019-03-31 15:00:00,77,29,48
2019-03-31 16:00:00,49,28,21
2019-03-31 17:00:00,55,35,20
2019-03-31 18:00:00,21,11,10
2019-03-31 19:00:00,24,13,11
2019-03-31 20:00:00,7,7,0
2019-03-31 21:00:00,8,3,5
2019-03-31 22:00:00,5,5,0
2019-03-31 23:00:00,6,1,5
2019-04-01 00:00:00,5,4,1
2019-04-01 01:00:00,1,1,0
2019-04-01 02:00:00,2,1,1
2019-04-01 03:00:00,0,0,0
2019-04-01 04:00:00,10,2,8
2019-04-01 05:00:00,21,5,16
2019-04-01 06:00:00,85,13,72
2019-04-01 07:00:00,175,22,153
2019-04-01 08:00:00,145,11,134
2019-04-01 09:00:00,60,6,54
2019-04-01 10:00:00,25,6,19
2019-04-01 11:00:00,24,7,17
2019-04-01 12:00:00,35,14,21
2019-04-01 13:00:00,25,14,11
2019-04-01 14:00:00,41,24,17
2019-04-01 15:00:00,50,35,15
2019-04-01 16:00:00,110,99,11
2019-04-01 17:00:00,215,193,22
2019-04-01 18:00:00,117,104,13
2019-04-01 19:00:00,41,32,9
2019-04-01 20:00:00,13,7,6
2019-04-01 21:00:00,13,9,4
2019-04-01 22:00:00,4,3,1
2019-04-01 23:00:00,4,4,0
2019-04-02 00:00:00,3,2,1
2019-04-02 01:00:00,0,0,0
2019-04-02 02:00:00,4,2,2
2019-04-02 03:00:00,1,0,1
2019-04-02 04:00:00,11,3,8
2019-04-02 05:00:00,39,8,31
2019-04-02 06:00:00,94,16,78
2019-04-02 07:00:00,159,15,144
2019-04-02 08:00:00,149,10,139
2019-04-02 09:00:00,73,12,61
2019-04-02 10:00:00,25,8,17
2019-04-02 11:00:00,17,6,11
2019-04-02 12:00:00,26,11,15
2019-04-02 13:00:00,28,11,17
2019-04-02 14:00:00,28,18,10
2019-04-02 15:00:00,62,42,20
2019-04-02 16:00:00,112,98,14
2019-04-02 17:00:00,206,186,20
2019-04-02 18:00:00,118,96,22
2019-04-02 19:00:00,37,34,3
2019-04-02 20:00:00,25,19,6
2019-04-02 21:00:00,18,15,3
2019-04-02 22:00:00,10,6,4
2019-04-02 23:00:00,6,5,1
2019-04-03 00:00:00,0,0,0
2019-04-03 01:00:00,2,1,1
2019-04-03 02:00:00,2,0,2
2019-04-03 03:00:00,0,0,0
2019-04-03 04:00:00,3,1,2
2019-04-03 05:00:00,18,4,14
2019-04-03 06:00:00,74,11,63
2019-04-03 07:00:00,109,12,97
2019-04-03 08:00:00,144,11,133
2019-04-03 09:00:00,31,4,27
2019-04-03 10:00:00,15,1,14
2019-04-03 11:00:00,13,5,8
2019-04-03 12:00:00,7,3,4
2019-04-03 13:00:00,11,4,7
2019-04-03 14:00:00,25,13,12
2019-04-03 15:00:00,30,28,2
2019-04-03 16:00:00,80,69,11
2019-04-03 17:00:00,134,124,10
2019-04-03 18:00:00,82,69,13
2019-04-03 19:00:00,34,29,5
2019-04-03 20:00:00,12,11,1
2019-04-03 21:00:00,14,12,2
2019-04-03 22:00:00,5,2,3
2019-04-03 23:00:00,4,3,1
2019-04-04 00:00:00,2,1,1
2019-04-04 01:00:00,1,0,1
2019-04-04 02:00:00,2,1,1
2019-04-04 03:00:00,1,0,1
2019-04-04 04:00:00,4,0,4
2019-04-04 05:00:00,21,3,18
2019-04-04 06:00:00,75,14,61
2019-04-04 07:00:00,146,11,135
2019-04-04 08:00:00,130,10,120
2019-04-04 09:00:00,67,10,57
2019-04-04 10:00:00,27,3,24
2019-04-04 11:00:00,33,14,19
2019-04-04 12:00:00,38,17,21
2019-04-04 13:00:00,26,16,10
2019-04-04 14:00:00,34,22,12
2019-04-04 15:00:00,64,44,20
2019-04-04 16:00:00,108,82,26
2019-04-04 17:00:00,177,163,14
2019-04-04 18:00:00,89,75,14
2019-04-04 19:00:00,46,39,7
2019-04-04 20:00:00,26,23,3
2019-04-04 21:00:00,33,18,15
2019-04-04 22:00:00,8,5,3
2019-04-04 23:00:00,13,1,12
2019-04-05 00:00:00,10,5,5
2019-04-05 01:00:00,0,0,0
2019-04-05 02:00:00,1,1,0
2019-04-05 03:00:00,0,0,0
2019-04-05 04:00:00,5,2,3
2019-04-05 05:00:00,12,5,7
2019-04-05 06:00:00,40,5,35
2019-04-05 07:00:00,75,8,67
2019-04-05 08:00:00,91,10,81
2019-04-05 09:00:00,29,5,24
2019-04-05 10:00:00,15,4,11
2019-04-05 11:00:00,6,2,4
2019-04-05 12:00:00,11,6,5
2019-04-05 13:00:00,7,5,2
2019-04-05 14:00:00,7,5,2
2019-04-05 15:00:00,21,16,5
2019-04-05 16:00:00,59,52,7
2019-04-05 17:00:00,68,62,6
2019-04-05 18:00:00,46,40,6
2019-04-05 19:00:00,30,27,3
2019-04-05 20:00:00,11,7,4
2019-04-05 21:00:00,9,4,5
2019-04-05 22:00:00,2,2,0
2019-04-05 23:00:00,2,2,0
2019-04-06 00:00:00,6,3,3
2019-04-06 01:00:00,5,4,1
2019-04-06 02:00:00,6,1,5
2019-04-06 03:00:00,4,0,4
2019-04-06 04:00:00,2,0,2
2019-04-06 05:00:00,3,1,2
2019-04-06 06:00:00,2,0,2
2019-04-06 07:00:00,5,2,3
2019-04-06 08:00:00,7,2,5
2019-04-06 09:00:00,21,17,4
2019-04-06 10:00:00,11,8,3
2019-04-06 11:00:00,24,5,19
2019-04-06 12:00:00,13,4,9
2019-04-06 13:00:00,17,9,8
2019-04-06 14:00:00,16,10,6
2019-04-06 15:00:00,14,9,5
2019-04-06 16:00:00,14,7,7
2019-04-06 17:00:00,6,3,3
2019-04-06 18:00:00,16,8,8
2019-04-06 19:00:00,7,3,4
2019-04-06 20:00:00,2,2,0
2019-04-06 21:00:00,11,6,5
2019-04-06 22:00:00,5,5,0
2019-04-06 23:00:00,1,1,0
2019-04-07 00:00:00,1,0,1
2019-04-07 01:00:00,0,0,0
2019-04-07 02:00:00,0,0,0
2019-04-07 03:00:00,2,1,1
2019-04-07 04:00:00,2,1,1
2019-04-07 05:00:00,2,1,1
2019-04-07 06:00:00,4,2,2
2019-04-07 07:00:00,3,1,2
2019-04-07 08:00:00,16,5,11
2019-04-07 09:00:00,14,7,7
2019-04-07 10:00:00,10,6,4
2019-04-07 11:00:00,21,12,9
2019-04-07 12:00:00,19,8,11
2019-04-07 13:00:00,34,11,23
2019-04-07 14:00:00,41,25,16
2019-04-07 15:00:00,27,13,14
2019-04-07 16:00:00,17,9,8
2019-04-07 17:00:00,27,15,12
2019-04-07 18:00:00,17,12,5
2019-04-07 19:00:00,13,9,4
2019-04-07 20:00:00,6,5,1
2019-04-07 21:00:00,4,1,3
2019-04-07 22:00:00,3,1,2
2019-04-07 23:00:00,2,2,0
2019-04-08 00:00:00,2,1,1
2019-04-08 01:00:00,0,0,0
2019-04-08 02:00:00,0,0,0
2019-04-08 03:00:00,1,1,0
2019-04-08 04:00:00,5,0,5
2019-04-08 05:00:00,16,5,11
2019-04-08 06:00:00,56,11,45
2019-04-08 07:00:00,121,9,112
2019-04-08 08:00:00,108,10,98
2019-04-08 09:00:00,33,5,28
2019-04-08 10:00:00,21,5,16
2019-04-08 11:00:00,10,4,6
2019-04-08 12:00:00,13,4,9
2019-04-08 13:00:00,15,9,6
2019-04-08 14:00:00,25,13,12
2019-04-08 15:00:00,38,30,8
2019-04-08 16:00:00,86,70,16
2019-04-08 17:00:00,123,114,9
2019-04-08 18:00:00,59,58,1
2019-04-08 19:00:00,29,21,8
2019-04-08 20:00:00,16,11,5
2019-04-08 21:00:00,7,4,3
2019-04-08 22:00:00,1,0,1
2019-04-08 23:00:00,3,2,1
2019-04-09 00:00:00,2,0,2
2019-04-09 01:00:00,3,3,0
2019-04-09 02:00:00,2,1,1
2019-04-09 03:00:00,1,0,1
2019-04-09 04:00:00,6,1,5
2019-04-09 05:00:00,22,4,18
2019-04-09 06:00:00,59,11,48
2019-04-09 07:00:00,107,6,101
2019-04-09 08:00:00,103,5,98
2019-04-09 09:00:00,47,5,42
2019-04-09 10:00:00,21,4,17
2019-04-09 11:00:00,23,11,12
2019-04-09 12:00:00,15,11,4
2019-04-09 13:00:00,16,8,8
2019-04-09 14:00:00,26,12,14
2019-04-09 15:00:00,44,28,16
2019-04-09 16:00:00,98,77,21
2019-04-09 17:00:00,149,134,15
2019-04-09 18:00:00,86,75,11
2019-04-09 19:00:00,30,25,5
2019-04-09 20:00:00,11,9,2
2019-04-09 21:00:00,12,9,3
2019-04-09 22:00:00,4,3,1
2019-04-09 23:00:00,4,3,1
2019-04-10 00:00:00,0,0,0
2019-04-10 01:00:00,3,1,2
2019-04-10 02:00:00,3,2,1
2019-04-10 03:00:00,3,1,2
2019-04-10 04:00:00,3,1,2
2019-04-10 05:00:00,16,5,11
2019-04-10 06:00:00,63,13,50
2019-04-10 07:00:00,100,7,93
2019-04-10 08:00:00,87,7,80
2019-04-10 09:00:00,33,5,28
2019-04-10 10:00:00,22,2,20
2019-04-10 11:00:00,22,12,10
2019-04-10 12:00:00,18,5,13
2019-04-10 13:00:00,7,3,4
2019-04-10 14:00:00,19,11,8
2019-04-10 15:00:00,35,20,15
2019-04-10 16:00:00,50,45,5
2019-04-10 17:00:00,125,114,11
2019-04-10 18:00:00,82,69,13
2019-04-10 19:00:00,15,14,1
2019-04-10 20:00:00,15,11,4
2019-04-10 21:00:00,13,9,4
2019-04-10 22:00:00,8,6,2
2019-04-10 23:00:00,2,2,0
2019-04-11 00:00:00,3,1,2
2019-04-11 01:00:00,2,1,1
2019-04-11 02:00:00,2,1,1
2019-04-11 03:00:00,0,0,0
2019-04-11 04:00:00,2,1,1
2019-04-11 05:00:00,18,3,15
2019-04-11 06:00:00,47,6,41
2019-04-11 07:00:00,74,8,66
2019-04-11 08:00:00,81,8,73
2019-04-11 09:00:00,25,4,21
2019-04-11 10:00:00,14,3,11
2019-04-11 11:00:00,12,5,7
2019-04-11 12:00:00,11,6,5
2019-04-11 13:00:00,5,2,3
2019-04-11 14:00:00,11,4,7
2019-04-11 15:00:00,21,15,6
2019-04-11 16:00:00,45,38,7
2019-04-11 17:00:00,99,89,10
2019-04-11 18:00:00,62,55,7
2019-04-11 19:00:00,29,24,5
2019-04-11 20:00:00,13,8,5
2019-04-11 21:00:00,10,7,3
2019-04-11 22:00:00,6,6,0
2019-04-11 23:00:00,3,2,1
2019-04-12 00:00:00,0,0,0
2019-04-12 01:00:00,0,0,0
2019-04-12 02:00:00,2,1,1
2019-04-12 03:00:00,2,1,1
2019-04-12 04:00:00,2,1,1
2019-04-12 05:00:00,15,1,14
2019-04-12 06:00:00,52,8,44
2019-04-12 07:00:00,84,9,75
2019-04-12 08:00:00,79,8,71
2019-04-12 09:00:00,47,12,35
2019-04-12 10:00:00,23,5,18
2019-04-12 11:00:00,24,13,11
2019-04-12 12:00:00,22,7,15
2019-04-12 13:00:00,33,17,16
2019-04-12 14:00:00,28,14,14
2019-04-12 15:00:00,55,38,17
2019-04-12 16:00:00,94,74,20
2019-04-12 17:00:00,91,79,12
2019-04-12 18:00:00,69,54,15
2019-04-12 19:00:00,19,13,6
2019-04-12 20:00:00,14,7,7
2019-04-12 21:00:00,9,7,2
2019-04-12 22:00:00,9,7,2
2019-04-12 23:00:00,5,4,1
2019-04-13 00:00:00,1,1,0
2019-04-13 01:00:00,4,4,0
2019-04-13 02:00:00,0,0,0
2019-04-13 03:00:00,2,0,2
2019-04-13 04:00:00,4,3,1
2019-04-13 05:00:00,3,1,2
2019-04-13 06:00:00,6,3,3
2019-04-13 07:00:00,9,5,4
2019-04-13 08:00:00,6,4,2
2019-04-13 09:00:00,13,7,6
2019-04-13 10:00:00,12,5,7
2019-04-13 11:00:00,28,6,22
2019-04-13 12:00:00,19,7,12
2019-04-13 13:00:00,17,10,7
2019-04-13 14:00:00,10,7,3
2019-04-13 15:00:00,21,14,7
2019-04-13 16:00:00,33,25,8
2019-04-13 17:00:00,20,8,12
2019-04-13 18:00:00,25,8,17
2019-04-13 19:00:00,11,7,4
2019-04-13 20:00:00,6,4,2
2019-04-13 21:00:00,7,4,3
2019-04-13 22:00:00,3,2,1
2019-04-13 23:00:00,5,3,2
2019-04-14 00:00:00,4,2,2
2019-04-14 01:00:00,0,0,0
2019-04-14 02:00:00,0,0,0
2019-04-14 03:00:00,1,0,1
2019-04-14 04:00:00,1,0,1
2019-04-14 05:00:00,2,0,2
2019-04-14 06:00:00,3,0,3
2019-04-14 07:00:00,8,1,7
2019-04-14 08:00:00,23,8,15
2019-04-14 09:00:00,32,16,16
2019-04-14 10:00:00,31,16,15
2019-04-14 11:00:00,45,15,30
2019-04-14 12:00:00,37,23,14
2019-04-14 13:00:00,35,13,22
2019-04-14 14:00:00,25,15,10
2019-04-14 15:00:00,29,20,9
2019-04-14 16:00:00,25,14,11
2019-04-14 17:00:00,22,14,8
2019-04-14 18:00:00,6,3,3
2019-04-14 19:00:00,5,3,2
2019-04-14 20:00:00,10,8,2
2019-04-14 21:00:00,3,1,2
2019-04-14 22:00:00,3,3,0
2019-04-14 23:00:00,2,2,0
2019-04-15 00:00:00,0,0,0
2019-04-15 01:00:00,1,1,0
2019-04-15 02:00:00,2,2,0
2019-04-15 03:00:00,1,0,1
2019-04-15 04:00:00,8,1,7
2019-04-15 05:00:00,22,5,17
2019-04-15 06:00:00,88,21,67
2019-04-15 07:00:00,140,16,124
2019-04-15 08:00:00,153,13,140
2019-04-15 09:00:00,59,8,51
2019-04-15 10:00:00,28,7,21
2019-04-15 11:00:00,20,8,12
2019-04-15 12:00:00,35,16,19
2019-04-15 13:00:00,25,17,8
2019-04-15 14:00:00,35,18,17
2019-04-15 15:00:00,63,49,14
2019-04-15 16:00:00,104,85,19
2019-04-15 17:00:00,177,162,15
2019-04-15 18:00:00,108,93,15
2019-04-15 19:00:00,42,37,5
2019-04-15 20:00:00,8,6,2
2019-04-15 21:00:00,10,7,3
2019-04-15 22:00:00,5,3,2
2019-04-15 23:00:00,1,1,0
2019-04-16 00:00:00,2,0,2
2019-04-16 01:00:00,3,1,2
2019-04-16 02:00:00,4,3,1
2019-04-16 03:00:00,1,1,0
2019-04-16 04:00:00,4,1,3
2019-04-16 05:00:00,29,4,25
2019-04-16 06:00:00,88,12,76
2019-04-16 07:00:00,156,17,139
2019-04-16 08:00:00,152,13,139
2019-04-16 09:00:00,48,5,43
2019-04-16 10:00:00,22,6,16
2019-04-16 11:00:00,17,6,11
2019-04-16 12:00:00,10,4,6
2019-04-16 13:00:00,16,7,9
2019-04-16 14:00:00,22,13,9
2019-04-16 15:00:00,51,32,19
2019-04-16 16:00:00,112,94,18
2019-04-16 17:00:00,162,145,17
2019-04-16 18:00:00,106,94,12
2019-04-16 19:00:00,24,22,2
2019-04-16 20:00:00,10,10,0
2019-04-16 21:00:00,9,9,0
2019-04-16 22:00:00,8,6,2
2019-04-16 23:00:00,5,4,1
2019-04-17 00:00:00,3,2,1
2019-04-17 01:00:00,1,1,0
2019-04-17 02:00:00,4,3,1
2019-04-17 03:00:00,0,0,0
2019-04-17 04:00:00,7,3,4
2019-04-17 05:00:00,19,2,17
2019-04-17 06:00:00,82,9,73
2019-04-17 07:00:00,135,8,127
2019-04-17 08:00:00,132,10,122
2019-04-17 09:00:00,49,4,45
2019-04-17 10:00:00,22,4,18
2019-04-17 11:00:00,18,4,14
2019-04-17 12:00:00,13,6,7
2019-04-17 13:00:00,17,10,7
2019-04-17 14:00:00,24,12,12
2019-04-17 15:00:00,40,28,12
2019-04-17 16:00:00,99,76,23
2019-04-17 17:00:00,189,172,17
2019-04-17 18:00:00,108,91,17
2019-04-17 19:00:00,53,39,14
2019-04-17 20:00:00,18,13,5
2019-04-17 21:00:00,15,13,2
2019-04-17 22:00:00,7,7,0
2019-04-17 23:00:00,4,4,0
2019-04-18 00:00:00,2,2,0
2019-04-18 01:00:00,2,2,0
2019-04-18 02:00:00,2,1,1
2019-04-18 03:00:00,4,4,0
2019-04-18 04:00:00,6,1,5
2019-04-18 05:00:00,19,2,17
2019-04-18 06:00:00,64,12,52
2019-04-18 07:00:00,90,8,82
2019-04-18 08:00:00,88,5,83
2019-04-18 09:00:00,45,8,37
2019-04-18 10:00:00,14,2,12
2019-04-18 11:00:00,18,4,14
2019-04-18 12:00:00,12,3,9
2019-04-18 13:00:00,14,6,8
2019-04-18 14:00:00,20,11,9
2019-04-18 15:00:00,30,23,7
2019-04-18 16:00:00,59,47,12
2019-04-18 17:00:00,131,119,12
2019-04-18 18:00:00,69,59,10
2019-04-18 19:00:00,34,27,7
2019-04-18 20:00:00,8,7,1
2019-04-18 21:00:00,12,7,5
2019-04-18 22:00:00,5,3,2
2019-04-18 23:00:00,9,7,2
2019-04-19 00:00:00,1,1,0
2019-04-19 01:00:00,1,0,1
2019-04-19 02:00:00,1,1,0
2019-04-19 03:00:00,3,2,1
2019-04-19 04:00:00,3,1,2
2019-04-19 05:00:00,14,3,11
2019-04-19 06:00:00,43,8,35
2019-04-19 07:00:00,70,8,62
2019-04-19 08:00:00,83,5,78
2019-04-19 09:00:00,22,1,21
2019-04-19 10:00:00,13,4,9
2019-04-19 11:00:00,9,2,7
2019-04-19 12:00:00,12,8,4
2019-04-19 13:00:00,12,7,5
2019-04-19 14:00:00,16,8,8
2019-04-19 15:00:00,28,21,7
2019-04-19 16:00:00,53,43,10
2019-04-19 17:00:00,85,77,8
2019-04-19 18:00:00,43,38,5
2019-04-19 19:00:00,11,8,3
2019-04-19 20:00:00,9,4,5
2019-04-19 21:00:00,6,6,0
2019-04-19 22:00:00,5,3,2
2019-04-19 23:00:00,4,1,3
2019-04-20 00:00:00,2,2,0
2019-04-20 01:00:00,0,0,0
2019-04-20 02:00:00,1,0,1
2019-04-20 03:00:00,4,1,3
2019-04-20 04:00:00,3,2,1
2019-04-20 05:00:00,2,0,2
2019-04-20 06:00:00,19,9,10
2019-04-20 07:00:00,37,21,16
2019-04-20 08:00:00,40,6,34
2019-04-20 09:00:00,44,21,23
2019-04-20 10:00:00,52,31,21
2019-04-20 11:00:00,56,32,24
2019-04-20 12:00:00,52,29,23
2019-04-20 13:00:00,39,21,18
2019-04-20 14:00:00,0,0,0
2019-04-20 15:00:00,56,26,30
2019-04-20 16:00:00,56,24,32
2019-04-20 17:00:00,34,19,15
2019-04-20 18:00:00,35,18,17
2019-04-20 19:00:00,16,9,7
2019-04-20 20:00:00,14,8,6
2019-04-20 21:00:00,8,3,5
2019-04-20 22:00:00,3,2,1
2019-04-20 23:00:00,3,1,2
2019-04-21 00:00:00,4,4,0
2019-04-21 01:00:00,1,1,0
2019-04-21 02:00:00,1,1,0
2019-04-21 03:00:00,0,0,0
2019-04-21 04:00:00,4,2,2
2019-04-21 05:00:00,6,3,3
2019-04-21 06:00:00,3,1,2
2019-04-21 07:00:00,11,5,6
2019-04-21 08:00:00,13,3,10
2019-04-21 09:00:00,22,11,11
2019-04-21 10:00:00,27,13,14
2019-04-21 11:00:00,55,24,31
2019-04-21 12:00:00,52,30,22
2019-04-21 13:00:00,56,24,32
2019-04-21 14:00:00,59,29,30
2019-04-21 15:00:00,48,26,22
2019-04-21 16:00:00,57,25,32
2019-04-21 17:00:00,30,15,15
2019-04-21 18:00:00,26,18,8
2019-04-21 19:00:00,17,12,5
2019-04-21 20:00:00,10,5,5
2019-04-21 21:00:00,5,0,5
2019-04-21 22:00:00,1,0,1
2019-04-21 23:00:00,1,0,1
2019-04-22 00:00:00,5,4,1
2019-04-22 01:00:00,1,1,0
2019-04-22 02:00:00,0,0,0
2019-04-22 03:00:00,3,2,1
2019-04-22 04:00:00,7,2,5
2019-04-22 05:00:00,20,2,18
2019-04-22 06:00:00,68,14,54
2019-04-22 07:00:00,124,10,114
2019-04-22 08:00:00,117,9,108
2019-04-22 09:00:00,45,3,42
2019-04-22 10:00:00,30,9,21
2019-04-22 11:00:00,17,9,8
2019-04-22 12:00:00,18,8,10
2019-04-22 13:00:00,12,8,4
2019-04-22 14:00:00,22,14,8
2019-04-22 15:00:00,27,20,7
2019-04-22 16:00:00,82,67,15
2019-04-22 17:00:00,120,114,6
2019-04-22 18:00:00,77,66,11
2019-04-22 19:00:00,27,22,5
2019-04-22 20:00:00,15,11,4
2019-04-22 21:00:00,8,7,1
2019-04-22 22:00:00,7,6,1
2019-04-22 23:00:00,1,1,0
2019-04-23 00:00:00,1,0,1
2019-04-23 01:00:00,1,0,1
2019-04-23 02:00:00,6,5,1
2019-04-23 03:00:00,2,0,2
2019-04-23 04:00:00,4,3,1
2019-04-23 05:00:00,25,4,21
2019-04-23 06:00:00,79,13,66
2019-04-23 07:00:00,147,11,136
2019-04-23 08:00:00,140,6,134
2019-04-23 09:00:00,49,8,41
2019-04-23 10:00:00,22,6,16
2019-04-23 11:00:00,23,11,12
2019-04-23 12:00:00,18,5,13
2019-04-23 13:00:00,33,21,12
2019-04-23 14:00:00,25,16,9
2019-04-23 15:00:00,42,24,18
2019-04-23 16:00:00,119,98,21
2019-04-23 17:00:00,195,173,22
2019-04-23 18:00:00,107,98,9
2019-04-23 19:00:00,53,40,13
2019-04-23 20:00:00,14,13,1
2019-04-23 21:00:00,18,7,11
2019-04-23 22:00:00,7,5,2
2019-04-23 23:00:00,6,6,0
2019-04-24 00:00:00,1,1,0
2019-04-24 01:00:00,2,1,1
2019-04-24 02:00:00,3,1,2
2019-04-24 03:00:00,0,0,0
2019-04-24 04:00:00,4,2,2
2019-04-24 05:00:00,23,4,19
2019-04-24 06:00:00,97,10,87
2019-04-24 07:00:00,160,14,146
2019-04-24 08:00:00,149,8,141
2019-04-24 09:00:00,66,15,51
2019-04-24 10:00:00,36,14,22
2019-04-24 11:00:00,27,4,23
2019-04-24 12:00:00,27,18,9
2019-04-24 13:00:00,33,20,13
2019-04-24 14:00:00,41,17,24
2019-04-24 15:00:00,53,39,14
2019-04-24 16:00:00,110,96,14
2019-04-24 17:00:00,215,188,27
2019-04-24 18:00:00,132,104,28
2019-04-24 19:00:00,65,44,21
2019-04-24 20:00:00,30,20,10
2019-04-24 21:00:00,20,14,6
2019-04-24 22:00:00,14,12,2
2019-04-24 23:00:00,6,5,1
2019-04-25 00:00:00,4,1,3
2019-04-25 01:00:00,2,1,1
2019-04-25 02:00:00,5,1,4
2019-04-25 03:00:00,4,2,2
2019-04-25 04:00:00,6,2,4
2019-04-25 05:00:00,28,4,24
2019-04-25 06:00:00,78,12,66
2019-04-25 07:00:00,147,15,132
2019-04-25 08:00:00,164,25,139
2019-04-25 09:00:00,70,11,59
2019-04-25 10:00:00,29,7,22
2019-04-25 11:00:00,16,8,8
2019-04-25 12:00:00,23,13,10
2019-04-25 13:00:00,33,12,21
2019-04-25 14:00:00,32,20,12
2019-04-25 15:00:00,53,33,20
2019-04-25 16:00:00,106,87,19
2019-04-25 17:00:00,168,154,14
2019-04-25 18:00:00,99,92,7
2019-04-25 19:00:00,48,38,10
2019-04-25 20:00:00,22,16,6
2019-04-25 21:00:00,15,14,1
2019-04-25 22:00:00,3,2,1
2019-04-25 23:00:00,9,6,3
2019-04-26 00:00:00,7,3,4
2019-04-26 01:00:00,3,2,1
2019-04-26 02:00:00,3,2,1
2019-04-26 03:00:00,4,3,1
2019-04-26 04:00:00,4,2,2
2019-04-26 05:00:00,24,3,21
2019-04-26 06:00:00,66,9,57
2019-04-26 07:00:00,133,10,123
2019-04-26 08:00:00,148,11,137
2019-04-26 09:00:00,56,12,44
2019-04-26 10:00:00,24,7,17
2019-04-26 11:00:00,17,10,7
2019-04-26 12:00:00,23,11,12
2019-04-26 13:00:00,34,17,17
2019-04-26 14:00:00,49,29,20
2019-04-26 15:00:00,58,37,21
2019-04-26 16:00:00,136,110,26
2019-04-26 17:00:00,159,139,20
2019-04-26 18:00:00,81,66,15
2019-04-26 19:00:00,28,20,8
2019-04-26 20:00:00,8,7,1
2019-04-26 21:00:00,16,10,6
2019-04-26 22:00:00,3,2,1
2019-04-26 23:00:00,6,5,1
2019-04-27 00:00:00,4,3,1
2019-04-27 01:00:00,3,1,2
2019-04-27 02:00:00,6,5,1
2019-04-27 03:00:00,1,1,0
2019-04-27 04:00:00,3,1,2
2019-04-27 05:00:00,5,1,4
2019-04-27 06:00:00,10,4,6
2019-04-27 07:00:00,23,8,15
2019-04-27 08:00:00,27,4,23
2019-04-27 09:00:00,31,14,17
2019-04-27 10:00:00,39,19,20
2019-04-27 11:00:00,52,25,27
2019-04-27 12:00:00,53,31,22
2019-04-27 13:00:00,64,36,28
2019-04-27 14:00:00,56,28,28
2019-04-27 15:00:00,58,35,23
2019-04-27 16:00:00,29,16,13
2019-04-27 17:00:00,28,17,11
2019-04-27 18:00:00,27,13,14
2019-04-27 19:00:00,25,15,10
2019-04-27 20:00:00,9,3,6
2019-04-27 21:00:00,5,3,2
2019-04-27 22:00:00,3,1,2
2019-04-27 23:00:00,10,4,6
2019-04-28 00:00:00,3,3,0
2019-04-28 01:00:00,0,0,0
2019-04-28 02:00:00,2,1,1
2019-04-28 03:00:00,0,0,0
2019-04-28 04:00:00,3,0,3
2019-04-28 05:00:00,1,0,1
2019-04-28 06:00:00,10,5,5
2019-04-28 07:00:00,13,2,11
2019-04-28 08:00:00,31,12,19
2019-04-28 09:00:00,28,9,19
2019-04-28 10:00:00,52,25,27
2019-04-28 11:00:00,78,29,49
2019-04-28 12:00:00,83,42,41
2019-04-28 13:00:00,65,32,33
2019-04-28 14:00:00,87,48,39
2019-04-28 15:00:00,94,51,43
2019-04-28 16:00:00,84,57,27
2019-04-28 17:00:00,50,31,19
2019-04-28 18:00:00,32,15,17
2019-04-28 19:00:00,21,6,15
2019-04-28 20:00:00,13,3,10
2019-04-28 21:00:00,10,8,2
2019-04-28 22:00:00,6,4,2
2019-04-28 23:00:00,5,2,3
2019-04-29 00:00:00,1,1,0
2019-04-29 01:00:00,3,2,1
2019-04-29 02:00:00,1,0,1
2019-04-29 03:00:00,4,2,2
2019-04-29 04:00:00,3,2,1
2019-04-29 05:00:00,24,4,20
2019-04-29 06:00:00,85,13,72
2019-04-29 07:00:00,178,19,159
2019-04-29 08:00:00,161,9,152
2019-04-29 09:00:00,68,8,60
2019-04-29 10:00:00,28,4,24
2019-04-29 11:00:00,21,9,12
2019-04-29 12:00:00,28,11,17
2019-04-29 13:00:00,24,13,11
2019-04-29 14:00:00,36,22,14
2019-04-29 15:00:00,64,45,19
2019-04-29 16:00:00,127,116,11
2019-04-29 17:00:00,207,197,10
2019-04-29 18:00:00,131,116,15
2019-04-29 19:00:00,43,30,13
2019-04-29 20:00:00,17,12,5
2019-04-29 21:00:00,7,6,1
2019-04-29 22:00:00,4,2,2
2019-04-29 23:00:00,2,1,1
2019-04-30 00:00:00,2,1,1
2019-04-30 01:00:00,1,1,0
2019-04-30 02:00:00,2,2,0
2019-04-30 03:00:00,4,1,3
2019-04-30 04:00:00,4,1,3
2019-04-30 05:00:00,26,5,21
2019-04-30 06:00:00,92,13,79
2019-04-30 07:00:00,172,16,156
2019-04-30 08:00:00,190,11,179
2019-04-30 09:00:00,69,13,56
2019-04-30 10:00:00,24,6,18
2019-04-30 11:00:00,42,19,23
2019-04-30 12:00:00,21,10,11
2019-04-30 13:00:00,34,19,15
2019-04-30 14:00:00,30,14,16
2019-04-30 15:00:00,59,49,10
2019-04-30 16:00:00,146,113,33
2019-04-30 17:00:00,227,197,30
2019-04-30 18:00:00,138,120,18
2019-04-30 19:00:00,50,40,10
2019-04-30 20:00:00,18,12,6
2019-04-30 21:00:00,18,11,7
2019-04-30 22:00:00,16,16,0
2019-04-30 23:00:00,3,2,1
2019-05-01 00:00:00,1,1,0
2019-05-01 01:00:00,2,2,0
2019-05-01 02:00:00,3,1,2
2019-05-01 03:00:00,2,1,1
2019-05-01 04:00:00,4,1,3
2019-05-01 05:00:00,27,6,21
2019-05-01 06:00:00,119,20,99
2019-05-01 07:00:00,200,13,187
2019-05-01 08:00:00,188,10,178
2019-05-01 09:00:00,74,12,62
2019-05-01 10:00:00,31,7,24
2019-05-01 11:00:00,30,19,11
2019-05-01 12:00:00,19,7,12
2019-05-01 13:00:00,25,14,11
2019-05-01 14:00:00,51,22,29
2019-05-01 15:00:00,78,53,25
2019-05-01 16:00:00,153,126,27
2019-05-01 17:00:00,247,219,28
2019-05-01 18:00:00,155,127,28
2019-05-01 19:00:00,64,55,9
2019-05-01 20:00:00,35,24,11
2019-05-01 21:00:00,15,12,3
2019-05-01 22:00:00,7,7,0
2019-05-01 23:00:00,7,6,1
2019-05-02 00:00:00,2,1,1
2019-05-02 01:00:00,0,0,0
2019-05-02 02:00:00,4,2,2
2019-05-02 03:00:00,2,1,1
2019-05-02 04:00:00,9,1,8
2019-05-02 05:00:00,25,5,20
2019-05-02 06:00:00,87,14,73
2019-05-02 07:00:00,174,14,160
2019-05-02 08:00:00,170,13,157
2019-05-02 09:00:00,55,6,49
2019-05-02 10:00:00,29,5,24
2019-05-02 11:00:00,29,8,21
2019-05-02 12:00:00,28,10,18
2019-05-02 13:00:00,23,9,14
2019-05-02 14:00:00,34,21,13
2019-05-02 15:00:00,52,37,15
2019-05-02 16:00:00,118,96,22
2019-05-02 17:00:00,176,164,12
2019-05-02 18:00:00,126,112,14
2019-05-02 19:00:00,54,47,7
2019-05-02 20:00:00,34,28,6
2019-05-02 21:00:00,19,15,4
2019-05-02 22:00:00,17,13,4
2019-05-02 23:00:00,4,4,0
2019-05-03 00:00:00,3,2,1
2019-05-03 01:00:00,5,1,4
2019-05-03 02:00:00,2,2,0
2019-05-03 03:00:00,4,0,4
2019-05-03 04:00:00,4,2,2
2019-05-03 05:00:00,15,3,12
2019-05-03 06:00:00,69,12,57
2019-05-03 07:00:00,140,16,124
2019-05-03 08:00:00,126,14,112
2019-05-03 09:00:00,61,8,53
2019-05-03 10:00:00,30,8,22
2019-05-03 11:00:00,17,4,13
2019-05-03 12:00:00,22,10,12
2019-05-03 13:00:00,26,15,11
2019-05-03 14:00:00,37,25,12
2019-05-03 15:00:00,48,39,9
2019-05-03 16:00:00,122,100,22
2019-05-03 17:00:00,151,138,13
2019-05-03 18:00:00,101,86,15
2019-05-03 19:00:00,31,19,12
2019-05-03 20:00:00,16,6,10
2019-05-03 21:00:00,17,12,5
2019-05-03 22:00:00,2,2,0
2019-05-03 23:00:00,10,8,2
2019-05-04 00:00:00,4,2,2
2019-05-04 01:00:00,4,2,2
2019-05-04 02:00:00,2,0,2
2019-05-04 03:00:00,2,1,1
2019-05-04 04:00:00,3,1,2
2019-05-04 05:00:00,2,0,2
2019-05-04 06:00:00,14,6,8
2019-05-04 07:00:00,21,5,16
2019-05-04 08:00:00,35,13,22
2019-05-04 09:00:00,34,14,20
2019-05-04 10:00:00,64,34,30
2019-05-04 11:00:00,80,37,43
2019-05-04 12:00:00,87,38,49
2019-05-04 13:00:00,53,33,20
2019-05-04 14:00:00,73,38,35
2019-05-04 15:00:00,102,49,53
2019-05-04 16:00:00,64,39,25
2019-05-04 17:00:00,44,20,24
2019-05-04 18:00:00,46,21,25
2019-05-04 19:00:00,34,20,14
2019-05-04 20:00:00,17,9,8
2019-05-04 21:00:00,6,2,4
2019-05-04 22:00:00,9,5,4
2019-05-04 23:00:00,2,2,0
2019-05-05 00:00:00,9,6,3
2019-05-05 01:00:00,0,0,0
2019-05-05 02:00:00,1,1,0
2019-05-05 03:00:00,0,0,0
2019-05-05 04:00:00,2,1,1
2019-05-05 05:00:00,6,1,5
2019-05-05 06:00:00,16,8,8
2019-05-05 07:00:00,11,2,9
2019-05-05 08:00:00,60,20,40
2019-05-05 09:00:00,44,14,30
2019-05-05 10:00:00,54,27,27
2019-05-05 11:00:00,77,41,36
2019-05-05 12:00:00,80,41,39
2019-05-05 13:00:00,104,61,43
2019-05-05 14:00:00,82,41,41
2019-05-05 15:00:00,73,43,30
2019-05-05 16:00:00,95,53,42
2019-05-05 17:00:00,34,17,17
2019-05-05 18:00:00,36,20,16
2019-05-05 19:00:00,17,6,11
2019-05-05 20:00:00,17,13,4
2019-05-05 21:00:00,19,10,9
2019-05-05 22:00:00,4,2,2
2019-05-05 23:00:00,1,0,1
2019-05-06 00:00:00,2,1,1
2019-05-06 01:00:00,3,2,1
2019-05-06 02:00:00,1,1,0
2019-05-06 03:00:00,3,2,1
2019-05-06 04:00:00,6,0,6
2019-05-06 05:00:00,25,6,19
2019-05-06 06:00:00,94,10,84
2019-05-06 07:00:00,181,11,170
2019-05-06 08:00:00,220,17,203
2019-05-06 09:00:00,81,14,67
2019-05-06 10:00:00,35,9,26
2019-05-06 11:00:00,23,9,14
2019-05-06 12:00:00,25,10,15
2019-05-06 13:00:00,38,27,11
2019-05-06 14:00:00,43,29,14
2019-05-06 15:00:00,82,60,22
2019-05-06 16:00:00,151,129,22
2019-05-06 17:00:00,242,222,20
2019-05-06 18:00:00,132,111,21
2019-05-06 19:00:00,59,40,19
2019-05-06 20:00:00,29,21,8
2019-05-06 21:00:00,7,5,2
2019-05-06 22:00:00,12,9,3
2019-05-06 23:00:00,3,2,1
2019-05-07 00:00:00,0,0,0
2019-05-07 01:00:00,0,0,0
2019-05-07 02:00:00,4,2,2
2019-05-07 03:00:00,1,1,0
2019-05-07 04:00:00,7,3,4
2019-05-07 05:00:00,29,2,27
2019-05-07 06:00:00,123,12,111
2019-05-07 07:00:00,210,19,191
2019-05-07 08:00:00,207,17,190
2019-05-07 09:00:00,64,14,50
2019-05-07 10:00:00,34,6,28
2019-05-07 11:00:00,30,8,22
2019-05-07 12:00:00,19,7,12
2019-05-07 13:00:00,26,15,11
2019-05-07 14:00:00,45,29,16
2019-05-07 15:00:00,62,45,17
2019-05-07 16:00:00,170,141,29
2019-05-07 17:00:00,252,222,30
2019-05-07 18:00:00,139,125,14
2019-05-07 19:00:00,98,72,26
2019-05-07 20:00:00,36,21,15
2019-05-07 21:00:00,13,10,3
2019-05-07 22:00:00,7,6,1
2019-05-07 23:00:00,8,7,1
2019-05-08 00:00:00,0,0,0
2019-05-08 01:00:00,2,1,1
2019-05-08 02:00:00,3,1,2
2019-05-08 03:00:00,0,0,0
2019-05-08 04:00:00,8,1,7
2019-05-08 05:00:00,31,3,28
2019-05-08 06:00:00,107,13,94
2019-05-08 07:00:00,186,13,173
2019-05-08 08:00:00,212,16,196
2019-05-08 09:00:00,57,8,49
2019-05-08 10:00:00,35,13,22
2019-05-08 11:00:00,20,6,14
2019-05-08 12:00:00,26,10,16
2019-05-08 13:00:00,27,19,8
2019-05-08 14:00:00,41,17,24
2019-05-08 15:00:00,80,61,19
2019-05-08 16:00:00,141,119,22
2019-05-08 17:00:00,270,248,22
2019-05-08 18:00:00,141,118,23
2019-05-08 19:00:00,78,62,16
2019-05-08 20:00:00,32,28,4
2019-05-08 21:00:00,32,16,16
2019-05-08 22:00:00,12,6,6
2019-05-08 23:00:00,10,7,3
2019-05-09 00:00:00,4,3,1
2019-05-09 01:00:00,0,0,0
2019-05-09 02:00:00,5,1,4
2019-05-09 03:00:00,5,5,0
2019-05-09 04:00:00,8,2,6
2019-05-09 05:00:00,42,8,34
2019-05-09 06:00:00,123,21,102
2019-05-09 07:00:00,190,18,172
2019-05-09 08:00:00,203,13,190
2019-05-09 09:00:00,82,14,68
2019-05-09 10:00:00,36,13,23
2019-05-09 11:00:00,46,21,25
2019-05-09 12:00:00,36,16,20
2019-05-09 13:00:00,42,24,18
2019-05-09 14:00:00,40,19,21
2019-05-09 15:00:00,67,54,13
2019-05-09 16:00:00,163,125,38
2019-05-09 17:00:00,249,219,30
2019-05-09 18:00:00,137,117,20
2019-05-09 19:00:00,69,55,14
2019-05-09 20:00:00,30,21,9
2019-05-09 21:00:00,16,9,7
2019-05-09 22:00:00,16,11,5
2019-05-09 23:00:00,8,6,2
2019-05-10 00:00:00,5,2,3
2019-05-10 01:00:00,2,1,1
2019-05-10 02:00:00,3,1,2
2019-05-10 03:00:00,1,1,0
2019-05-10 04:00:00,7,1,6
2019-05-10 05:00:00,19,4,15
2019-05-10 06:00:00,111,16,95
2019-05-10 07:00:00,176,18,158
2019-05-10 08:00:00,170,12,158
2019-05-10 09:00:00,74,21,53
2019-05-10 10:00:00,45,21,24
2019-05-10 11:00:00,23,9,14
2019-05-10 12:00:00,34,16,18
2019-05-10 13:00:00,49,27,22
2019-05-10 14:00:00,50,32,18
2019-05-10 15:00:00,78,61,17
2019-05-10 16:00:00,141,115,26
2019-05-10 17:00:00,211,185,26
2019-05-10 18:00:00,107,91,16
2019-05-10 19:00:00,51,36,15
2019-05-10 20:00:00,50,38,12
2019-05-10 21:00:00,16,5,11
2019-05-10 22:00:00,12,3,9
2019-05-10 23:00:00,10,9,1
2019-05-11 00:00:00,6,5,1
2019-05-11 01:00:00,2,1,1
2019-05-11 02:00:00,7,4,3
2019-05-11 03:00:00,0,0,0
2019-05-11 04:00:00,4,3,1
2019-05-11 05:00:00,6,2,4
2019-05-11 06:00:00,23,8,15
2019-05-11 07:00:00,22,9,13
2019-05-11 08:00:00,54,25,29
2019-05-11 09:00:00,52,22,30
2019-05-11 10:00:00,88,41,47
2019-05-11 11:00:00,84,54,30
2019-05-11 12:00:00,95,56,39
2019-05-11 13:00:00,98,55,43
2019-05-11 14:00:00,98,49,49
2019-05-11 15:00:00,67,33,34
2019-05-11 16:00:00,66,32,34
2019-05-11 17:00:00,60,19,41
2019-05-11 18:00:00,39,11,28
2019-05-11 19:00:00,25,12,13
2019-05-11 20:00:00,15,8,7
2019-05-11 21:00:00,28,22,6
2019-05-11 22:00:00,18,14,4
2019-05-11 23:00:00,3,3,0
2019-05-12 00:00:00,3,2,1
2019-05-12 01:00:00,1,1,0
2019-05-12 02:00:00,2,0,2
2019-05-12 03:00:00,1,1,0
2019-05-12 04:00:00,0,0,0
2019-05-12 05:00:00,8,3,5
2019-05-12 06:00:00,5,1,4
2019-05-12 07:00:00,10,2,8
2019-05-12 08:00:00,12,6,6
2019-05-12 09:00:00,29,16,13
2019-05-12 10:00:00,32,14,18
2019-05-12 11:00:00,27,14,13
2019-05-12 12:00:00,49,37,12
2019-05-12 13:00:00,37,17,20
2019-05-12 14:00:00,44,31,13
2019-05-12 15:00:00,53,23,30
2019-05-12 16:00:00,35,18,17
2019-05-12 17:00:00,30,13,17
2019-05-12 18:00:00,32,18,14
2019-05-12 19:00:00,20,10,10
2019-05-12 20:00:00,19,9,10
2019-05-12 21:00:00,4,2,2
2019-05-12 22:00:00,6,6,0
2019-05-12 23:00:00,1,0,1
2019-05-13 00:00:00,0,0,0
2019-05-13 01:00:00,1,0,1
2019-05-13 02:00:00,1,1,0
2019-05-13 03:00:00,1,0,1
2019-05-13 04:00:00,8,2,6
2019-05-13 05:00:00,27,5,22
2019-05-13 06:00:00,97,10,87
2019-05-13 07:00:00,181,11,170
2019-05-13 08:00:00,186,16,170
2019-05-13 09:00:00,81,17,64
2019-05-13 10:00:00,26,7,19
2019-05-13 11:00:00,20,9,11
2019-05-13 12:00:00,13,10,3
2019-05-13 13:00:00,20,13,7
2019-05-13 14:00:00,27,20,7
2019-05-13 15:00:00,50,39,11
2019-05-13 16:00:00,123,106,17
2019-05-13 17:00:00,245,225,20
2019-05-13 18:00:00,126,113,13
2019-05-13 19:00:00,77,50,27
2019-05-13 20:00:00,38,20,18
2019-05-13 21:00:00,18,11,7
2019-05-13 22:00:00,6,5,1
2019-05-13 23:00:00,3,3,0
2019-05-14 00:00:00,0,0,0
2019-05-14 01:00:00,0,0,0
2019-05-14 02:00:00,3,1,2
2019-05-14 03:00:00,0,0,0
2019-05-14 04:00:00,3,2,1
2019-05-14 05:00:00,30,4,26
2019-05-14 06:00:00,93,15,78
2019-05-14 07:00:00,136,17,119
2019-05-14 08:00:00,126,8,118
2019-05-14 09:00:00,42,7,35
2019-05-14 10:00:00,14,3,11
2019-05-14 11:00:00,15,3,12
2019-05-14 12:00:00,5,1,4
2019-05-14 13:00:00,11,8,3
2019-05-14 14:00:00,10,5,5
2019-05-14 15:00:00,30,20,10
2019-05-14 16:00:00,104,84,20
2019-05-14 17:00:00,180,169,11
2019-05-14 18:00:00,82,75,7
2019-05-14 19:00:00,49,33,16
2019-05-14 20:00:00,19,16,3
2019-05-14 21:00:00,7,5,2
2019-05-14 22:00:00,10,9,1
2019-05-14 23:00:00,4,3,1
2019-05-15 00:00:00,1,1,0
2019-05-15 01:00:00,1,0,1
2019-05-15 02:00:00,4,3,1
2019-05-15 03:00:00,3,1,2
2019-05-15 04:00:00,7,1,6
2019-05-15 05:00:00,19,4,15
2019-05-15 06:00:00,86,15,71
2019-05-15 07:00:00,120,14,106
2019-05-15 08:00:00,224,12,212
2019-05-15 09:00:00,57,9,48
2019-05-15 10:00:00,29,8,21
2019-05-15 11:00:00,54,27,27
2019-05-15 12:00:00,32,17,15
2019-05-15 13:00:00,51,21,30
2019-05-15 14:00:00,38,24,14
2019-05-15 15:00:00,56,39,17
2019-05-15 16:00:00,109,88,21
2019-05-15 17:00:00,164,151,13
2019-05-15 18:00:00,96,88,8
2019-05-15 19:00:00,58,42,16
2019-05-15 20:00:00,17,16,1
2019-05-15 21:00:00,13,10,3
2019-05-15 22:00:00,4,3,1
2019-05-15 23:00:00,4,2,2
2019-05-16 00:00:00,1,1,0
2019-05-16 01:00:00,3,1,2
2019-05-16 02:00:00,2,1,1
2019-05-16 03:00:00,0,0,0
2019-05-16 04:00:00,6,1,5
2019-05-16 05:00:00,32,5,27
2019-05-16 06:00:00,75,10,65
2019-05-16 07:00:00,144,15,129
2019-05-16 08:00:00,146,8,138
2019-05-16 09:00:00,55,8,47
2019-05-16 10:00:00,26,7,19
2019-05-16 11:00:00,23,8,15
2019-05-16 12:00:00,15,6,9
2019-05-16 13:00:00,14,10,4
2019-05-16 14:00:00,17,10,7
2019-05-16 15:00:00,33,30,3
2019-05-16 16:00:00,97,79,18
2019-05-16 17:00:00,155,143,12
2019-05-16 18:00:00,100,90,10
2019-05-16 19:00:00,36,28,8
2019-05-16 20:00:00,15,14,1
2019-05-16 21:00:00,16,13,3
2019-05-16 22:00:00,6,4,2
2019-05-16 23:00:00,3,3,0
2019-05-17 00:00:00,2,0,2
2019-05-17 01:00:00,3,2,1
2019-05-17 02:00:00,2,0,2
2019-05-17 03:00:00,1,0,1
2019-05-17 04:00:00,7,2,5
2019-05-17 05:00:00,26,4,22
2019-05-17 06:00:00,82,9,73
2019-05-17 07:00:00,137,17,120
2019-05-17 08:00:00,163,14,149
2019-05-17 09:00:00,54,9,45
2019-05-17 10:00:00,17,7,10
2019-05-17 11:00:00,34,14,20
2019-05-17 12:00:00,54,32,22
2019-05-17 13:00:00,41,12,29
2019-05-17 14:00:00,45,28,17
2019-05-17 15:00:00,55,38,17
2019-05-17 16:00:00,107,85,22
2019-05-17 17:00:00,199,169,30
2019-05-17 18:00:00,101,84,17
2019-05-17 19:00:00,45,35,10
2019-05-17 20:00:00,19,11,8
2019-05-17 21:00:00,15,13,2
2019-05-17 22:00:00,7,3,4
2019-05-17 23:00:00,4,2,2
2019-05-18 00:00:00,5,3,2
2019-05-18 01:00:00,2,2,0
2019-05-18 02:00:00,2,2,0
2019-05-18 03:00:00,0,0,0
2019-05-18 04:00:00,2,1,1
2019-05-18 05:00:00,14,4,10
2019-05-18 06:00:00,10,4,6
2019-05-18 07:00:00,17,9,8
2019-05-18 08:00:00,38,10,28
2019-05-18 09:00:00,56,29,27
2019-05-18 10:00:00,62,28,34
2019-05-18 11:00:00,73,37,36
2019-05-18 12:00:00,79,49,30
2019-05-18 13:00:00,82,44,38
2019-05-18 14:00:00,103,69,34
2019-05-18 15:00:00,84,41,43
2019-05-18 16:00:00,68,32,36
2019-05-18 17:00:00,67,43,24
2019-05-18 18:00:00,47,22,25
2019-05-18 19:00:00,24,9,15
2019-05-18 20:00:00,11,4,7
2019-05-18 21:00:00,13,12,1
2019-05-18 22:00:00,8,6,2
2019-05-18 23:00:00,6,6,0
2019-05-19 00:00:00,4,3,1
2019-05-19 01:00:00,1,1,0
2019-05-19 02:00:00,1,1,0
2019-05-19 03:00:00,1,1,0
2019-05-19 04:00:00,3,2,1
2019-05-19 05:00:00,4,2,2
2019-05-19 06:00:00,6,2,4
2019-05-19 07:00:00,11,2,9
2019-05-19 08:00:00,27,8,19
2019-05-19 09:00:00,37,16,21
2019-05-19 10:00:00,24,16,8
2019-05-19 11:00:00,37,17,20
2019-05-19 12:00:00,42,23,19
2019-05-19 13:00:00,66,29,37
2019-05-19 14:00:00,65,33,32
2019-05-19 15:00:00,62,35,27
2019-05-19 16:00:00,64,36,28
2019-05-19 17:00:00,46,21,25
2019-05-19 18:00:00,28,15,13
2019-05-19 19:00:00,21,11,10
2019-05-19 20:00:00,14,8,6
2019-05-19 21:00:00,11,4,7
2019-05-19 22:00:00,6,4,2
2019-05-19 23:00:00,2,1,1
2019-05-20 00:00:00,1,1,0
2019-05-20 01:00:00,3,2,1
2019-05-20 02:00:00,1,0,1
2019-05-20 03:00:00,0,0,0
2019-05-20 04:00:00,9,0,9
2019-05-20 05:00:00,26,6,20
2019-05-20 06:00:00,75,8,67
2019-05-20 07:00:00,128,10,118
2019-05-20 08:00:00,175,7,168
2019-05-20 09:00:00,51,2,49
2019-05-20 10:00:00,30,5,25
2019-05-20 11:00:00,14,6,8
2019-05-20 12:00:00,22,12,10
2019-05-20 13:00:00,12,8,4
2019-05-20 14:00:00,18,9,9
2019-05-20 15:00:00,29,25,4
2019-05-20 16:00:00,95,79,16
2019-05-20 17:00:00,178,167,11
2019-05-20 18:00:00,102,91,11
2019-05-20 19:00:00,33,24,9
2019-05-20 20:00:00,16,12,4
2019-05-20 21:00:00,11,6,5
2019-05-20 22:00:00,3,2,1
2019-05-20 23:00:00,2,2,0
2019-05-21 00:00:00,1,0,1
2019-05-21 01:00:00,0,0,0
2019-05-21 02:00:00,1,0,1
2019-05-21 03:00:00,1,1,0
2019-05-21 04:00:00,7,1,6
2019-05-21 05:00:00,26,2,24
2019-05-21 06:00:00,84,11,73
2019-05-21 07:00:00,148,14,134
2019-05-21 08:00:00,183,11,172
2019-05-21 09:00:00,61,7,54
2019-05-21 10:00:00,23,6,17
2019-05-21 11:00:00,28,9,19
2019-05-21 12:00:00,20,9,11
2019-05-21 13:00:00,19,9,10
2019-05-21 14:00:00,21,13,8
2019-05-21 15:00:00,56,47,9
2019-05-21 16:00:00,114,97,17
2019-05-21 17:00:00,223,199,24
2019-05-21 18:00:00,91,79,12
2019-05-21 19:00:00,61,49,12
2019-05-21 20:00:00,25,18,7
2019-05-21 21:00:00,17,14,3
2019-05-21 22:00:00,8,3,5
2019-05-21 23:00:00,2,2,0
2019-05-22 00:00:00,4,3,1
2019-05-22 01:00:00,1,0,1
2019-05-22 02:00:00,4,2,2
2019-05-22 03:00:00,1,0,1
2019-05-22 04:00:00,4,1,3
2019-05-22 05:00:00,23,3,20
2019-05-22 06:00:00,122,15,107
2019-05-22 07:00:00,179,14,165
2019-05-22 08:00:00,193,14,179
2019-05-22 09:00:00,73,12,61
2019-05-22 10:00:00,38,12,26
2019-05-22 11:00:00,30,10,20
2019-05-22 12:00:00,30,11,19
2019-05-22 13:00:00,46,28,18
2019-05-22 14:00:00,51,25,26
2019-05-22 15:00:00,86,60,26
2019-05-22 16:00:00,139,119,20
2019-05-22 17:00:00,263,234,29
2019-05-22 18:00:00,168,138,30
2019-05-22 19:00:00,64,53,11
2019-05-22 20:00:00,40,31,9
2019-05-22 21:00:00,33,26,7
2019-05-22 22:00:00,10,7,3
2019-05-22 23:00:00,20,12,8
2019-05-23 00:00:00,5,3,2
2019-05-23 01:00:00,1,0,1
2019-05-23 02:00:00,4,2,2
2019-05-23 03:00:00,2,0,2
2019-05-23 04:00:00,6,2,4
2019-05-23 05:00:00,16,4,12
2019-05-23 06:00:00,120,18,102
2019-05-23 07:00:00,170,17,153
2019-05-23 08:00:00,210,17,193
2019-05-23 09:00:00,92,13,79
2019-05-23 10:00:00,30,6,24
2019-05-23 11:00:00,42,22,20
2019-05-23 12:00:00,36,17,19
2019-05-23 13:00:00,52,28,24
2019-05-23 14:00:00,40,22,18
2019-05-23 15:00:00,72,50,22
2019-05-23 16:00:00,144,113,31
2019-05-23 17:00:00,246,214,32
2019-05-23 18:00:00,155,130,25
2019-05-23 19:00:00,56,42,14
2019-05-23 20:00:00,34,27,7
2019-05-23 21:00:00,16,13,3
2019-05-23 22:00:00,14,12,2
2019-05-23 23:00:00,9,8,1
2019-05-24 00:00:00,3,1,2
2019-05-24 01:00:00,0,0,0
2019-05-24 02:00:00,2,1,1
2019-05-24 03:00:00,1,1,0
2019-05-24 04:00:00,5,3,2
2019-05-24 05:00:00,16,3,13
2019-05-24 06:00:00,63,9,54
2019-05-24 07:00:00,111,17,94
2019-05-24 08:00:00,120,6,114
2019-05-24 09:00:00,47,6,41
2019-05-24 10:00:00,21,12,9
2019-05-24 11:00:00,24,9,15
2019-05-24 12:00:00,16,9,7
2019-05-24 13:00:00,47,26,21
2019-05-24 14:00:00,58,38,20
2019-05-24 15:00:00,51,43,8
2019-05-24 16:00:00,93,80,13
2019-05-24 17:00:00,121,103,18
2019-05-24 18:00:00,65,54,11
2019-05-24 19:00:00,24,18,6
2019-05-24 20:00:00,12,11,1
2019-05-24 21:00:00,10,8,2
2019-05-24 22:00:00,12,8,4
2019-05-24 23:00:00,1,1,0
2019-05-25 00:00:00,4,4,0
2019-05-25 01:00:00,4,3,1
2019-05-25 02:00:00,1,1,0
2019-05-25 03:00:00,4,1,3
2019-05-25 04:00:00,1,0,1
2019-05-25 05:00:00,1,1,0
2019-05-25 06:00:00,6,2,4
2019-05-25 07:00:00,21,9,12
2019-05-25 08:00:00,15,8,7
2019-05-25 09:00:00,27,10,17
2019-05-25 10:00:00,42,18,24
2019-05-25 11:00:00,22,11,11
2019-05-25 12:00:00,11,5,6
2019-05-25 13:00:00,14,8,6
2019-05-25 14:00:00,11,6,5
2019-05-25 15:00:00,7,4,3
2019-05-25 16:00:00,10,9,1
2019-05-25 17:00:00,9,5,4
2019-05-25 18:00:00,15,9,6
2019-05-25 19:00:00,8,5,3
2019-05-25 20:00:00,5,5,0
2019-05-25 21:00:00,3,1,2
2019-05-25 22:00:00,1,0,1
2019-05-25 23:00:00,2,1,1
2019-05-26 00:00:00,1,0,1
2019-05-26 01:00:00,1,0,1
2019-05-26 02:00:00,1,1,0
2019-05-26 03:00:00,1,0,1
2019-05-26 04:00:00,3,0,3
2019-05-26 05:00:00,6,3,3
2019-05-26 06:00:00,22,2,20
2019-05-26 07:00:00,33,6,27
2019-05-26 08:00:00,54,28,26
2019-05-26 09:00:00,77,55,22
2019-05-26 10:00:00,56,32,24
2019-05-26 11:00:00,45,25,20
2019-05-26 12:00:00,72,40,32
2019-05-26 13:00:00,95,38,57
2019-05-26 14:00:00,65,25,40
2019-05-26 15:00:00,60,30,30
2019-05-26 16:00:00,58,29,29
2019-05-26 17:00:00,39,21,18
2019-05-26 18:00:00,29,17,12
2019-05-26 19:00:00,20,9,11
2019-05-26 20:00:00,26,15,11
2019-05-26 21:00:00,12,5,7
2019-05-26 22:00:00,6,4,2
2019-05-26 23:00:00,6,2,4
2019-05-27 00:00:00,3,2,1
2019-05-27 01:00:00,1,1,0
2019-05-27 02:00:00,0,0,0
2019-05-27 03:00:00,2,2,0
2019-05-27 04:00:00,2,0,2
2019-05-27 05:00:00,8,5,3
2019-05-27 06:00:00,14,2,12
2019-05-27 07:00:00,23,6,17
2019-05-27 08:00:00,36,16,20
2019-05-27 09:00:00,51,31,20
2019-05-27 10:00:00,78,43,35
2019-05-27 11:00:00,104,53,51
2019-05-27 12:00:00,101,48,53
2019-05-27 13:00:00,121,66,55
2019-05-27 14:00:00,122,67,55
2019-05-27 15:00:00,113,45,68
2019-05-27 16:00:00,90,39,51
2019-05-27 17:00:00,67,40,27
2019-05-27 18:00:00,50,23,27
2019-05-27 19:00:00,42,20,22
2019-05-27 20:00:00,28,17,11
2019-05-27 21:00:00,10,5,5
2019-05-27 22:00:00,8,5,3
2019-05-27 23:00:00,5,4,1
2019-05-28 00:00:00,4,1,3
2019-05-28 01:00:00,1,1,0
2019-05-28 02:00:00,1,0,1
2019-05-28 03:00:00,1,0,1
2019-05-28 04:00:00,5,2,3
2019-05-28 05:00:00,32,5,27
2019-05-28 06:00:00,98,9,89
2019-05-28 07:00:00,196,18,178
2019-05-28 08:00:00,195,12,183
2019-05-28 09:00:00,58,8,50
2019-05-28 10:00:00,37,7,30
2019-05-28 11:00:00,23,5,18
2019-05-28 12:00:00,25,14,11
2019-05-28 13:00:00,27,14,13
2019-05-28 14:00:00,26,20,6
2019-05-28 15:00:00,49,40,9
2019-05-28 16:00:00,104,91,13
2019-05-28 17:00:00,231,207,24
2019-05-28 18:00:00,131,118,13
2019-05-28 19:00:00,67,54,13
2019-05-28 20:00:00,19,15,4
2019-05-28 21:00:00,13,10,3
2019-05-28 22:00:00,9,7,2
2019-05-28 23:00:00,4,4,0
2019-05-29 00:00:00,3,2,1
2019-05-29 01:00:00,0,0,0
2019-05-29 02:00:00,6,2,4
2019-05-29 03:00:00,1,0,1
2019-05-29 04:00:00,6,2,4
2019-05-29 05:00:00,29,5,24
2019-05-29 06:00:00,116,14,102
2019-05-29 07:00:00,200,15,185
2019-05-29 08:00:00,203,13,190
2019-05-29 09:00:00,75,7,68
2019-05-29 10:00:00,34,8,26
2019-05-29 11:00:00,31,10,21
2019-05-29 12:00:00,31,15,16
2019-05-29 13:00:00,35,13,22
2019-05-29 14:00:00,40,22,18
2019-05-29 15:00:00,62,48,14
2019-05-29 16:00:00,138,112,26
2019-05-29 17:00:00,254,231,23
2019-05-29 18:00:00,148,127,21
2019-05-29 19:00:00,62,47,15
2019-05-29 20:00:00,42,35,7
2019-05-29 21:00:00,28,20,8
2019-05-29 22:00:00,13,8,5
2019-05-29 23:00:00,5,3,2
2019-05-30 00:00:00,0,0,0
2019-05-30 01:00:00,1,0,1
2019-05-30 02:00:00,4,3,1
2019-05-30 03:00:00,1,0,1
2019-05-30 04:00:00,4,1,3
2019-05-30 05:00:00,30,5,25
2019-05-30 06:00:00,116,14,102
2019-05-30 07:00:00,201,20,181
2019-05-30 08:00:00,188,19,169
2019-05-30 09:00:00,74,7,67
2019-05-30 10:00:00,33,5,28
2019-05-30 11:00:00,21,9,12
2019-05-30 12:00:00,23,9,14
2019-05-30 13:00:00,26,16,10
2019-05-30 14:00:00,40,26,14
2019-05-30 15:00:00,73,52,21
2019-05-30 16:00:00,137,116,21
2019-05-30 17:00:00,205,185,20
2019-05-30 18:00:00,159,140,19
2019-05-30 19:00:00,88,69,19
2019-05-30 20:00:00,38,30,8
2019-05-30 21:00:00,30,20,10
2019-05-30 22:00:00,19,9,10
2019-05-30 23:00:00,15,8,7
2019-05-31 00:00:00,5,3,2
2019-05-31 01:00:00,2,2,0
2019-05-31 02:00:00,1,1,0
2019-05-31 03:00:00,2,0,2
2019-05-31 04:00:00,5,1,4
2019-05-31 05:00:00,26,2,24
2019-05-31 06:00:00,79,5,74
2019-05-31 07:00:00,152,14,138
2019-05-31 08:00:00,145,14,131
2019-05-31 09:00:00,57,4,53
2019-05-31 10:00:00,20,5,15
2019-05-31 11:00:00,31,14,17
2019-05-31 12:00:00,20,9,11
2019-05-31 13:00:00,35,15,20
2019-05-31 14:00:00,40,26,14
2019-05-31 15:00:00,71,51,20
2019-05-31 16:00:00,101,82,19
2019-05-31 17:00:00,179,156,23
2019-05-31 18:00:00,109,92,17
2019-05-31 19:00:00,50,37,13
2019-05-31 20:00:00,30,16,14
2019-05-31 21:00:00,12,8,4
2019-05-31 22:00:00,10,9,1
2019-05-31 23:00:00,14,6,8
2019-06-01 00:00:00,6,5,1
2019-06-01 01:00:00,1,1,0
2019-06-01 02:00:00,7,4,3
2019-06-01 03:00:00,0,0,0
2019-06-01 04:00:00,3,1,2
2019-06-01 05:00:00,4,1,3
2019-06-01 06:00:00,16,5,11
2019-06-01 07:00:00,25,10,15
2019-06-01 08:00:00,33,13,20
2019-06-01 09:00:00,36,15,21
2019-06-01 10:00:00,96,63,33
2019-06-01 11:00:00,56,24,32
2019-06-01 12:00:00,48,21,27
2019-06-01 13:00:00,57,32,25
2019-06-01 14:00:00,69,36,33
2019-06-01 15:00:00,49,34,15
2019-06-01 16:00:00,60,33,27
2019-06-01 17:00:00,63,32,31
2019-06-01 18:00:00,44,26,18
2019-06-01 19:00:00,36,16,20
2019-06-01 20:00:00,25,13,12
2019-06-01 21:00:00,21,9,12
2019-06-01 22:00:00,7,6,1
2019-06-01 23:00:00,3,0,3
2019-06-02 00:00:00,2,1,1
2019-06-02 01:00:00,4,3,1
2019-06-02 02:00:00,0,0,0
2019-06-02 03:00:00,1,1,0
2019-06-02 04:00:00,2,2,0
2019-06-02 05:00:00,2,2,0
2019-06-02 06:00:00,11,3,8
2019-06-02 07:00:00,14,3,11
2019-06-02 08:00:00,38,17,21
2019-06-02 09:00:00,62,36,26
2019-06-02 10:00:00,106,61,45
2019-06-02 11:00:00,112,53,59
2019-06-02 12:00:00,109,59,50
2019-06-02 13:00:00,87,45,42
2019-06-02 14:00:00,84,28,56
2019-06-02 15:00:00,82,45,37
2019-06-02 16:00:00,67,35,32
2019-06-02 17:00:00,45,23,22
2019-06-02 18:00:00,56,27,29
2019-06-02 19:00:00,15,10,5
2019-06-02 20:00:00,13,6,7
2019-06-02 21:00:00,9,5,4
2019-06-02 22:00:00,7,4,3
2019-06-02 23:00:00,1,1,0
2019-06-03 00:00:00,1,1,0
2019-06-03 01:00:00,3,2,1
2019-06-03 02:00:00,0,0,0
2019-06-03 03:00:00,0,0,0
2019-06-03 04:00:00,2,0,2
2019-06-03 05:00:00,22,7,15
2019-06-03 06:00:00,103,12,91
2019-06-03 07:00:00,193,24,169
2019-06-03 08:00:00,183,16,167
2019-06-03 09:00:00,71,12,59
2019-06-03 10:00:00,40,12,28
2019-06-03 11:00:00,18,6,12
2019-06-03 12:00:00,21,6,15
2019-06-03 13:00:00,21,9,12
2019-06-03 14:00:00,27,17,10
2019-06-03 15:00:00,60,47,13
2019-06-03 16:00:00,125,110,15
2019-06-03 17:00:00,227,205,22
2019-06-03 18:00:00,150,131,19
2019-06-03 19:00:00,66,44,22
2019-06-03 20:00:00,15,11,4
2019-06-03 21:00:00,22,16,6
2019-06-03 22:00:00,9,8,1
2019-06-03 23:00:00,2,2,0
2019-06-04 00:00:00,0,0,0
2019-06-04 01:00:00,1,1,0
2019-06-04 02:00:00,3,1,2
2019-06-04 03:00:00,0,0,0
2019-06-04 04:00:00,4,2,2
2019-06-04 05:00:00,26,7,19
2019-06-04 06:00:00,121,13,108
2019-06-04 07:00:00,196,14,182
2019-06-04 08:00:00,201,15,186
2019-06-04 09:00:00,62,8,54
2019-06-04 10:00:00,25,6,19
2019-06-04 11:00:00,28,9,19
2019-06-04 12:00:00,37,16,21
2019-06-04 13:00:00,31,15,16
2019-06-04 14:00:00,30,17,13
2019-06-04 15:00:00,64,47,17
2019-06-04 16:00:00,140,122,18
2019-06-04 17:00:00,258,226,32
2019-06-04 18:00:00,163,131,32
2019-06-04 19:00:00,69,57,12
2019-06-04 20:00:00,61,48,13
2019-06-04 21:00:00,28,20,8
2019-06-04 22:00:00,17,7,10
2019-06-04 23:00:00,7,2,5
2019-06-05 00:00:00,9,2,7
2019-06-05 01:00:00,3,1,2
2019-06-05 02:00:00,2,1,1
2019-06-05 03:00:00,0,0,0
2019-06-05 04:00:00,4,2,2
2019-06-05 05:00:00,25,3,22
2019-06-05 06:00:00,120,15,105
2019-06-05 07:00:00,194,17,177
2019-06-05 08:00:00,173,15,158
2019-06-05 09:00:00,77,18,59
2019-06-05 10:00:00,32,12,20
2019-06-05 11:00:00,22,3,19
2019-06-05 12:00:00,29,10,19
2019-06-05 13:00:00,25,19,6
2019-06-05 14:00:00,32,15,17
2019-06-05 15:00:00,43,33,10
2019-06-05 16:00:00,136,113,23
2019-06-05 17:00:00,224,201,23
2019-06-05 18:00:00,139,119,20
2019-06-05 19:00:00,51,38,13
2019-06-05 20:00:00,34,28,6
2019-06-05 21:00:00,29,22,7
2019-06-05 22:00:00,7,4,3
2019-06-05 23:00:00,8,6,2
2019-06-06 00:00:00,6,3,3
2019-06-06 01:00:00,1,1,0
2019-06-06 02:00:00,3,2,1
2019-06-06 03:00:00,2,2,0
2019-06-06 04:00:00,1,0,1
2019-06-06 05:00:00,22,2,20
2019-06-06 06:00:00,91,11,80
2019-06-06 07:00:00,133,16,117
2019-06-06 08:00:00,161,12,149
2019-06-06 09:00:00,60,11,49
2019-06-06 10:00:00,31,8,23
2019-06-06 11:00:00,17,8,9
2019-06-06 12:00:00,20,8,12
2019-06-06 13:00:00,24,9,15
2019-06-06 14:00:00,43,26,17
2019-06-06 15:00:00,59,44,15
2019-06-06 16:00:00,83,71,12
2019-06-06 17:00:00,164,153,11
2019-06-06 18:00:00,103,89,14
2019-06-06 19:00:00,54,39,15
2019-06-06 20:00:00,23,20,3
2019-06-06 21:00:00,17,12,5
2019-06-06 22:00:00,8,6,2
2019-06-06 23:00:00,3,1,2
2019-06-07 00:00:00,1,1,0
2019-06-07 01:00:00,3,1,2
2019-06-07 02:00:00,3,1,2
2019-06-07 03:00:00,0,0,0
2019-06-07 04:00:00,3,1,2
2019-06-07 05:00:00,20,2,18
2019-06-07 06:00:00,40,4,36
2019-06-07 07:00:00,99,10,89
2019-06-07 08:00:00,127,11,116
2019-06-07 09:00:00,50,9,41
2019-06-07 10:00:00,13,4,9
2019-06-07 11:00:00,17,3,14
2019-06-07 12:00:00,12,6,6
2019-06-07 13:00:00,19,12,7
2019-06-07 14:00:00,16,11,5
2019-06-07 15:00:00,47,36,11
2019-06-07 16:00:00,68,60,8
2019-06-07 17:00:00,107,94,13
2019-06-07 18:00:00,57,47,10
2019-06-07 19:00:00,28,21,7
2019-06-07 20:00:00,13,10,3
2019-06-07 21:00:00,15,11,4
2019-06-07 22:00:00,33,3,30
2019-06-07 23:00:00,12,5,7
2019-06-08 00:00:00,9,8,1
2019-06-08 01:00:00,1,0,1
2019-06-08 02:00:00,3,3,0
2019-06-08 03:00:00,1,1,0
2019-06-08 04:00:00,1,0,1
2019-06-08 05:00:00,2,2,0
2019-06-08 06:00:00,14,1,13
2019-06-08 07:00:00,34,20,14
2019-06-08 08:00:00,28,17,11
2019-06-08 09:00:00,34,17,17
2019-06-08 10:00:00,51,34,17
2019-06-08 11:00:00,74,26,48
2019-06-08 12:00:00,52,27,25
2019-06-08 13:00:00,80,36,44
2019-06-08 14:00:00,100,40,60
2019-06-08 15:00:00,89,46,43
2019-06-08 16:00:00,70,39,31
2019-06-08 17:00:00,61,30,31
2019-06-08 18:00:00,55,34,21
2019-06-08 19:00:00,35,22,13
2019-06-08 20:00:00,30,10,20
2019-06-08 21:00:00,10,8,2
2019-06-08 22:00:00,11,5,6
2019-06-08 23:00:00,3,3,0
2019-06-09 00:00:00,6,3,3
2019-06-09 01:00:00,2,1,1
2019-06-09 02:00:00,4,4,0
2019-06-09 03:00:00,1,1,0
2019-06-09 04:00:00,0,0,0
2019-06-09 05:00:00,4,1,3
2019-06-09 06:00:00,6,1,5
2019-06-09 07:00:00,21,7,14
2019-06-09 08:00:00,36,12,24
2019-06-09 09:00:00,29,10,19
2019-06-09 10:00:00,58,31,27
2019-06-09 11:00:00,72,43,29
2019-06-09 12:00:00,92,57,35
2019-06-09 13:00:00,87,40,47
2019-06-09 14:00:00,113,40,73
2019-06-09 15:00:00,61,27,34
2019-06-09 16:00:00,48,27,21
2019-06-09 17:00:00,48,28,20
2019-06-09 18:00:00,30,18,12
2019-06-09 19:00:00,21,13,8
2019-06-09 20:00:00,33,15,18
2019-06-09 21:00:00,12,6,6
2019-06-09 22:00:00,6,2,4
2019-06-09 23:00:00,1,1,0
2019-06-10 00:00:00,2,1,1
2019-06-10 01:00:00,1,1,0
2019-06-10 02:00:00,1,1,0
2019-06-10 03:00:00,0,0,0
2019-06-10 04:00:00,4,0,4
2019-06-10 05:00:00,25,3,22
2019-06-10 06:00:00,90,12,78
2019-06-10 07:00:00,158,15,143
2019-06-10 08:00:00,194,13,181
2019-06-10 09:00:00,70,7,63
2019-06-10 10:00:00,37,14,23
2019-06-10 11:00:00,37,19,18
2019-06-10 12:00:00,30,11,19
2019-06-10 13:00:00,46,26,20
2019-06-10 14:00:00,31,21,10
2019-06-10 15:00:00,64,49,15
2019-06-10 16:00:00,140,117,23
2019-06-10 17:00:00,209,185,24
2019-06-10 18:00:00,130,115,15
2019-06-10 19:00:00,56,42,14
2019-06-10 20:00:00,28,20,8
2019-06-10 21:00:00,14,13,1
2019-06-10 22:00:00,10,5,5
2019-06-10 23:00:00,5,4,1
2019-06-11 00:00:00,1,1,0
2019-06-11 01:00:00,1,1,0
2019-06-11 02:00:00,2,1,1
2019-06-11 03:00:00,1,0,1
2019-06-11 04:00:00,8,2,6
2019-06-11 05:00:00,41,4,37
2019-06-11 06:00:00,125,19,106
2019-06-11 07:00:00,223,18,205
2019-06-11 08:00:00,183,14,169
2019-06-11 09:00:00,84,16,68
2019-06-11 10:00:00,36,8,28
2019-06-11 11:00:00,33,17,16
2019-06-11 12:00:00,23,14,9
2019-06-11 13:00:00,35,19,16
2019-06-11 14:00:00,35,19,16
2019-06-11 15:00:00,69,55,14
2019-06-11 16:00:00,157,128,29
2019-06-11 17:00:00,242,224,18
2019-06-11 18:00:00,145,125,20
2019-06-11 19:00:00,99,76,23
2019-06-11 20:00:00,46,31,15
2019-06-11 21:00:00,20,13,7
2019-06-11 22:00:00,10,6,4
2019-06-11 23:00:00,15,11,4
2019-06-12 00:00:00,9,2,7
2019-06-12 01:00:00,0,0,0
2019-06-12 02:00:00,0,0,0
2019-06-12 03:00:00,0,0,0
2019-06-12 04:00:00,6,4,2
2019-06-12 05:00:00,30,4,26
2019-06-12 06:00:00,118,8,110
2019-06-12 07:00:00,170,14,156
2019-06-12 08:00:00,213,20,193
2019-06-12 09:00:00,88,10,78
2019-06-12 10:00:00,31,9,22
2019-06-12 11:00:00,32,16,16
2019-06-12 12:00:00,25,15,10
2019-06-12 13:00:00,39,17,22
2019-06-12 14:00:00,44,27,17
2019-06-12 15:00:00,70,55,15
2019-06-12 16:00:00,137,110,27
2019-06-12 17:00:00,228,203,25
2019-06-12 18:00:00,158,136,22
2019-06-12 19:00:00,63,47,16
2019-06-12 20:00:00,33,27,6
2019-06-12 21:00:00,52,36,16
2019-06-12 22:00:00,10,5,5
2019-06-12 23:00:00,5,2,3
2019-06-13 00:00:00,2,1,1
2019-06-13 01:00:00,6,5,1
2019-06-13 02:00:00,4,2,2
2019-06-13 03:00:00,3,2,1
2019-06-13 04:00:00,7,2,5
2019-06-13 05:00:00,29,5,24
2019-06-13 06:00:00,94,15,79
2019-06-13 07:00:00,172,17,155
2019-06-13 08:00:00,195,9,186
2019-06-13 09:00:00,81,16,65
2019-06-13 10:00:00,36,10,26
2019-06-13 11:00:00,26,12,14
2019-06-13 12:00:00,28,13,15
2019-06-13 13:00:00,32,14,18
2019-06-13 14:00:00,49,32,17
2019-06-13 15:00:00,61,51,10
2019-06-13 16:00:00,144,121,23
2019-06-13 17:00:00,203,183,20
2019-06-13 18:00:00,147,124,23
2019-06-13 19:00:00,62,49,13
2019-06-13 20:00:00,37,33,4
2019-06-13 21:00:00,34,25,9
2019-06-13 22:00:00,12,7,5
2019-06-13 23:00:00,10,4,6
2019-06-14 00:00:00,5,4,1
2019-06-14 01:00:00,1,0,1
2019-06-14 02:00:00,5,2,3
2019-06-14 03:00:00,2,0,2
2019-06-14 04:00:00,4,0,4
2019-06-14 05:00:00,27,4,23
2019-06-14 06:00:00,73,6,67
2019-06-14 07:00:00,138,9,129
2019-06-14 08:00:00,147,8,139
2019-06-14 09:00:00,53,10,43
2019-06-14 10:00:00,24,5,19
2019-06-14 11:00:00,24,7,17
2019-06-14 12:00:00,20,8,12
2019-06-14 13:00:00,35,21,14
2019-06-14 14:00:00,47,36,11
2019-06-14 15:00:00,66,54,12
2019-06-14 16:00:00,125,105,20
2019-06-14 17:00:00,151,131,20
2019-06-14 18:00:00,113,91,22
2019-06-14 19:00:00,50,32,18
2019-06-14 20:00:00,34,21,13
2019-06-14 21:00:00,19,10,9
2019-06-14 22:00:00,19,16,3
2019-06-14 23:00:00,11,9,2
2019-06-15 00:00:00,7,5,2
2019-06-15 01:00:00,4,1,3
2019-06-15 02:00:00,1,1,0
2019-06-15 03:00:00,1,0,1
2019-06-15 04:00:00,5,3,2
2019-06-15 05:00:00,3,0,3
2019-06-15 06:00:00,10,4,6
2019-06-15 07:00:00,19,6,13
2019-06-15 08:00:00,56,21,35
2019-06-15 09:00:00,34,16,18
2019-06-15 10:00:00,72,38,34
2019-06-15 11:00:00,56,20,36
2019-06-15 12:00:00,73,49,24
2019-06-15 13:00:00,57,33,24
2019-06-15 14:00:00,68,30,38
2019-06-15 15:00:00,68,32,36
2019-06-15 16:00:00,81,46,35
2019-06-15 17:00:00,34,18,16
2019-06-15 18:00:00,44,27,17
2019-06-15 19:00:00,31,12,19
2019-06-15 20:00:00,20,12,8
2019-06-15 21:00:00,23,9,14
2019-06-15 22:00:00,4,2,2
2019-06-15 23:00:00,5,4,1
2019-06-16 00:00:00,2,0,2
2019-06-16 01:00:00,1,1,0
2019-06-16 02:00:00,3,1,2
2019-06-16 03:00:00,0,0,0
2019-06-16 04:00:00,0,0,0
2019-06-16 05:00:00,4,2,2
2019-06-16 06:00:00,12,3,9
2019-06-16 07:00:00,15,9,6
2019-06-16 08:00:00,38,16,22
2019-06-16 09:00:00,42,21,21
2019-06-16 10:00:00,63,40,23
2019-06-16 11:00:00,76,38,38
2019-06-16 12:00:00,132,48,84
2019-06-16 13:00:00,91,43,48
2019-06-16 14:00:00,91,50,41
2019-06-16 15:00:00,98,55,43
2019-06-16 16:00:00,78,52,26
2019-06-16 17:00:00,33,22,11
2019-06-16 18:00:00,45,15,30
2019-06-16 19:00:00,24,18,6
2019-06-16 20:00:00,21,11,10
2019-06-16 21:00:00,13,3,10
2019-06-16 22:00:00,7,4,3
2019-06-16 23:00:00,2,1,1
2019-06-17 00:00:00,1,1,0
2019-06-17 01:00:00,0,0,0
2019-06-17 02:00:00,2,1,1
2019-06-17 03:00:00,0,0,0
2019-06-17 04:00:00,4,0,4
2019-06-17 05:00:00,20,1,19
2019-06-17 06:00:00,101,13,88
2019-06-17 07:00:00,125,8,117
2019-06-17 08:00:00,220,13,207
2019-06-17 09:00:00,73,10,63
2019-06-17 10:00:00,27,4,23
2019-06-17 11:00:00,24,11,13
2019-06-17 12:00:00,22,10,12
2019-06-17 13:00:00,23,11,12
2019-06-17 14:00:00,27,17,10
2019-06-17 15:00:00,63,44,19
2019-06-17 16:00:00,130,114,16
2019-06-17 17:00:00,227,207,20
2019-06-17 18:00:00,155,132,23
2019-06-17 19:00:00,65,51,14
2019-06-17 20:00:00,25,16,9
2019-06-17 21:00:00,22,14,8
2019-06-17 22:00:00,9,9,0
2019-06-17 23:00:00,9,6,3
2019-06-18 00:00:00,3,1,2
2019-06-18 01:00:00,2,1,1
2019-06-18 02:00:00,3,1,2
2019-06-18 03:00:00,3,2,1
2019-06-18 04:00:00,4,0,4
2019-06-18 05:00:00,31,2,29
2019-06-18 06:00:00,68,9,59
2019-06-18 07:00:00,133,10,123
2019-06-18 08:00:00,134,10,124
2019-06-18 09:00:00,54,7,47
2019-06-18 10:00:00,25,6,19
2019-06-18 11:00:00,22,7,15
2019-06-18 12:00:00,15,8,7
2019-06-18 13:00:00,21,10,11
2019-06-18 14:00:00,15,8,7
2019-06-18 15:00:00,44,39,5
2019-06-18 16:00:00,97,84,13
2019-06-18 17:00:00,170,151,19
2019-06-18 18:00:00,105,90,15
2019-06-18 19:00:00,44,32,12
2019-06-18 20:00:00,27,18,9
2019-06-18 21:00:00,18,14,4
2019-06-18 22:00:00,11,7,4
2019-06-18 23:00:00,2,2,0
2019-06-19 00:00:00,4,2,2
2019-06-19 01:00:00,1,1,0
2019-06-19 02:00:00,2,0,2
2019-06-19 03:00:00,0,0,0
2019-06-19 04:00:00,3,1,2
2019-06-19 05:00:00,30,4,26
2019-06-19 06:00:00,97,9,88
2019-06-19 07:00:00,154,9,145
2019-06-19 08:00:00,175,17,158
2019-06-19 09:00:00,59,4,55
2019-06-19 10:00:00,25,4,21
2019-06-19 11:00:00,26,9,17
2019-06-19 12:00:00,21,7,14
2019-06-19 13:00:00,33,15,18
2019-06-19 14:00:00,27,15,12
2019-06-19 15:00:00,60,40,20
2019-06-19 16:00:00,123,107,16
2019-06-19 17:00:00,195,175,20
2019-06-19 18:00:00,133,115,18
2019-06-19 19:00:00,67,54,13
2019-06-19 20:00:00,44,21,23
2019-06-19 21:00:00,14,12,2
2019-06-19 22:00:00,5,5,0
2019-06-19 23:00:00,4,3,1
2019-06-20 00:00:00,6,5,1
2019-06-20 01:00:00,3,2,1
2019-06-20 02:00:00,2,1,1
2019-06-20 03:00:00,1,1,0
2019-06-20 04:00:00,3,1,2
2019-06-20 05:00:00,19,3,16
2019-06-20 06:00:00,88,9,79
2019-06-20 07:00:00,131,11,120
2019-06-20 08:00:00,156,9,147
2019-06-20 09:00:00,67,10,57
2019-06-20 10:00:00,25,6,19
2019-06-20 11:00:00,14,6,8
2019-06-20 12:00:00,21,6,15
2019-06-20 13:00:00,20,12,8
2019-06-20 14:00:00,27,20,7
2019-06-20 15:00:00,68,54,14
2019-06-20 16:00:00,92,71,21
2019-06-20 17:00:00,172,149,23
2019-06-20 18:00:00,124,99,25
2019-06-20 19:00:00,63,49,14
2019-06-20 20:00:00,47,22,25
2019-06-20 21:00:00,25,14,11
2019-06-20 22:00:00,13,10,3
2019-06-20 23:00:00,8,2,6
2019-06-21 00:00:00,5,4,1
2019-06-21 01:00:00,1,1,0
2019-06-21 02:00:00,0,0,0
2019-06-21 03:00:00,1,1,0
2019-06-21 04:00:00,4,0,4
2019-06-21 05:00:00,29,3,26
2019-06-21 06:00:00,63,8,55
2019-06-21 07:00:00,132,15,117
2019-06-21 08:00:00,149,17,132
2019-06-21 09:00:00,53,8,45
2019-06-21 10:00:00,33,14,19
2019-06-21 11:00:00,24,12,12
2019-06-21 12:00:00,22,10,12
2019-06-21 13:00:00,49,29,20
2019-06-21 14:00:00,45,33,12
2019-06-21 15:00:00,72,43,29
2019-06-21 16:00:00,103,72,31
2019-06-21 17:00:00,143,124,19
2019-06-21 18:00:00,116,95,21
2019-06-21 19:00:00,42,30,12
2019-06-21 20:00:00,24,14,10
2019-06-21 21:00:00,20,11,9
2019-06-21 22:00:00,16,13,3
2019-06-21 23:00:00,19,10,9
2019-06-22 00:00:00,5,4,1
2019-06-22 01:00:00,2,1,1
2019-06-22 02:00:00,2,2,0
2019-06-22 03:00:00,2,1,1
2019-06-22 04:00:00,1,1,0
2019-06-22 05:00:00,3,1,2
2019-06-22 06:00:00,15,3,12
2019-06-22 07:00:00,15,3,12
2019-06-22 08:00:00,45,21,24
2019-06-22 09:00:00,38,9,29
2019-06-22 10:00:00,72,32,40
2019-06-22 11:00:00,83,39,44
2019-06-22 12:00:00,78,24,54
2019-06-22 13:00:00,56,29,27
2019-06-22 14:00:00,46,19,27
2019-06-22 15:00:00,34,17,17
2019-06-22 16:00:00,45,22,23
2019-06-22 17:00:00,63,45,18
2019-06-22 18:00:00,45,34,11
2019-06-22 19:00:00,14,9,5
2019-06-22 20:00:00,23,19,4
2019-06-22 21:00:00,12,7,5
2019-06-22 22:00:00,13,7,6
2019-06-22 23:00:00,4,4,0
2019-06-23 00:00:00,4,3,1
2019-06-23 01:00:00,5,5,0
2019-06-23 02:00:00,0,0,0
2019-06-23 03:00:00,2,1,1
2019-06-23 04:00:00,1,1,0
2019-06-23 05:00:00,5,1,4
2019-06-23 06:00:00,3,0,3
2019-06-23 07:00:00,6,2,4
2019-06-23 08:00:00,16,6,10
2019-06-23 09:00:00,27,12,15
2019-06-23 10:00:00,41,28,13
2019-06-23 11:00:00,34,12,22
2019-06-23 12:00:00,51,21,30
2019-06-23 13:00:00,43,27,16
2019-06-23 14:00:00,54,24,30
2019-06-23 15:00:00,45,20,25
2019-06-23 16:00:00,29,17,12
2019-06-23 17:00:00,25,16,9
2019-06-23 18:00:00,24,12,12
2019-06-23 19:00:00,15,13,2
2019-06-23 20:00:00,13,8,5
2019-06-23 21:00:00,11,8,3
2019-06-23 22:00:00,8,5,3
2019-06-23 23:00:00,8,4,4
2019-06-24 00:00:00,0,0,0
2019-06-24 01:00:00,2,1,1
2019-06-24 02:00:00,0,0,0
2019-06-24 03:00:00,1,0,1
2019-06-24 04:00:00,5,2,3
2019-06-24 05:00:00,27,9,18
2019-06-24 06:00:00,70,8,62
2019-06-24 07:00:00,160,15,145
2019-06-24 08:00:00,152,7,145
2019-06-24 09:00:00,65,10,55
2019-06-24 10:00:00,28,6,22
2019-06-24 11:00:00,20,9,11
2019-06-24 12:00:00,27,7,20
2019-06-24 13:00:00,25,13,12
2019-06-24 14:00:00,31,18,13
2019-06-24 15:00:00,52,33,19
2019-06-24 16:00:00,124,104,20
2019-06-24 17:00:00,211,189,22
2019-06-24 18:00:00,135,110,25
2019-06-24 19:00:00,60,44,16
2019-06-24 20:00:00,39,21,18
2019-06-24 21:00:00,30,16,14
2019-06-24 22:00:00,12,9,3
2019-06-24 23:00:00,4,4,0
2019-06-25 00:00:00,6,4,2
2019-06-25 01:00:00,0,0,0
2019-06-25 02:00:00,2,0,2
2019-06-25 03:00:00,0,0,0
2019-06-25 04:00:00,7,4,3
2019-06-25 05:00:00,35,8,27
2019-06-25 06:00:00,101,9,92
2019-06-25 07:00:00,197,18,179
2019-06-25 08:00:00,194,12,182
2019-06-25 09:00:00,76,11,65
2019-06-25 10:00:00,36,4,32
2019-06-25 11:00:00,26,12,14
2019-06-25 12:00:00,41,16,25
2019-06-25 13:00:00,33,16,17
2019-06-25 14:00:00,53,29,24
2019-06-25 15:00:00,73,54,19
2019-06-25 16:00:00,159,133,26
2019-06-25 17:00:00,234,204,30
2019-06-25 18:00:00,165,142,23
2019-06-25 19:00:00,65,53,12
2019-06-25 20:00:00,40,33,7
2019-06-25 21:00:00,15,12,3
2019-06-25 22:00:00,13,7,6
2019-06-25 23:00:00,7,6,1
2019-06-26 00:00:00,2,2,0
2019-06-26 01:00:00,2,1,1
2019-06-26 02:00:00,1,0,1
2019-06-26 03:00:00,1,0,1
2019-06-26 04:00:00,5,2,3
2019-06-26 05:00:00,32,5,27
2019-06-26 06:00:00,82,7,75
2019-06-26 07:00:00,158,11,147
2019-06-26 08:00:00,182,12,170
2019-06-26 09:00:00,61,11,50
2019-06-26 10:00:00,26,5,21
2019-06-26 11:00:00,28,6,22
2019-06-26 12:00:00,28,14,14
2019-06-26 13:00:00,37,20,17
2019-06-26 14:00:00,35,22,13
2019-06-26 15:00:00,51,37,14
2019-06-26 16:00:00,106,90,16
2019-06-26 17:00:00,169,152,17
2019-06-26 18:00:00,115,100,15
2019-06-26 19:00:00,34,29,5
2019-06-26 20:00:00,28,20,8
2019-06-26 21:00:00,21,15,6
2019-06-26 22:00:00,8,5,3
2019-06-26 23:00:00,8,6,2
2019-06-27 00:00:00,3,2,1
2019-06-27 01:00:00,0,0,0
2019-06-27 02:00:00,1,0,1
2019-06-27 03:00:00,3,1,2
2019-06-27 04:00:00,4,1,3
2019-06-27 05:00:00,23,6,17
2019-06-27 06:00:00,65,6,59
2019-06-27 07:00:00,124,11,113
2019-06-27 08:00:00,113,9,104
2019-06-27 09:00:00,61,15,46
2019-06-27 10:00:00,21,7,14
2019-06-27 11:00:00,28,12,16
2019-06-27 12:00:00,20,8,12
2019-06-27 13:00:00,14,2,12
2019-06-27 14:00:00,23,13,10
2019-06-27 15:00:00,40,34,6
2019-06-27 16:00:00,91,76,15
2019-06-27 17:00:00,157,138,19
2019-06-27 18:00:00,108,94,14
2019-06-27 19:00:00,47,38,9
2019-06-27 20:00:00,37,23,14
2019-06-27 21:00:00,11,7,4
2019-06-27 22:00:00,11,5,6
2019-06-27 23:00:00,3,2,1
2019-06-28 00:00:00,3,2,1
2019-06-28 01:00:00,4,4,0
2019-06-28 02:00:00,4,2,2
2019-06-28 03:00:00,2,0,2
2019-06-28 04:00:00,7,3,4
2019-06-28 05:00:00,22,5,17
2019-06-28 06:00:00,71,6,65
2019-06-28 07:00:00,125,10,115
2019-06-28 08:00:00,125,9,116
2019-06-28 09:00:00,58,6,52
2019-06-28 10:00:00,32,10,22
2019-06-28 11:00:00,31,12,19
2019-06-28 12:00:00,46,22,24
2019-06-28 13:00:00,39,22,17
2019-06-28 14:00:00,47,30,17
2019-06-28 15:00:00,59,41,18
2019-06-28 16:00:00,113,96,17
2019-06-28 17:00:00,153,134,19
2019-06-28 18:00:00,96,83,13
2019-06-28 19:00:00,55,40,15
2019-06-28 20:00:00,33,18,15
2019-06-28 21:00:00,13,9,4
2019-06-28 22:00:00,15,8,7
2019-06-28 23:00:00,8,5,3
2019-06-29 00:00:00,2,2,0
2019-06-29 01:00:00,3,1,2
2019-06-29 02:00:00,2,0,2
2019-06-29 03:00:00,1,1,0
2019-06-29 04:00:00,3,2,1
2019-06-29 05:00:00,4,3,1
2019-06-29 06:00:00,8,0,8
2019-06-29 07:00:00,21,10,11
2019-06-29 08:00:00,50,19,31
2019-06-29 09:00:00,53,28,25
2019-06-29 10:00:00,61,37,24
2019-06-29 11:00:00,59,31,28
2019-06-29 12:00:00,80,31,49
2019-06-29 13:00:00,81,39,42
2019-06-29 14:00:00,79,47,32
2019-06-29 15:00:00,70,37,33
2019-06-29 16:00:00,67,37,30
2019-06-29 17:00:00,52,28,24
2019-06-29 18:00:00,58,29,29
2019-06-29 19:00:00,51,25,26
2019-06-29 20:00:00,16,6,10
2019-06-29 21:00:00,18,9,9
2019-06-29 22:00:00,19,12,7
2019-06-29 23:00:00,5,5,0
2019-06-30 00:00:00,6,3,3
2019-06-30 01:00:00,3,2,1
2019-06-30 02:00:00,1,1,0
2019-06-30 03:00:00,1,1,0
2019-06-30 04:00:00,3,1,2
2019-06-30 05:00:00,3,1,2
2019-06-30 06:00:00,5,3,2
2019-06-30 07:00:00,22,5,17
2019-06-30 08:00:00,29,15,14
2019-06-30 09:00:00,65,39,26
2019-06-30 10:00:00,74,32,42
2019-06-30 11:00:00,113,41,72
2019-06-30 12:00:00,80,33,47
2019-06-30 13:00:00,133,72,61
2019-06-30 14:00:00,82,37,45
2019-06-30 15:00:00,77,53,24
2019-06-30 16:00:00,78,49,29
2019-06-30 17:00:00,71,39,32
2019-06-30 18:00:00,37,25,12
2019-06-30 19:00:00,31,18,13
2019-06-30 20:00:00,20,16,4
2019-06-30 21:00:00,13,6,7
2019-06-30 22:00:00,9,5,4
2019-06-30 23:00:00,3,3,0
2019-07-01 00:00:00,2,1,1
2019-07-01 01:00:00,2,1,1
2019-07-01 02:00:00,0,0,0
2019-07-01 03:00:00,0,0,0
2019-07-01 04:00:00,5,0,5
2019-07-01 05:00:00,34,8,26
2019-07-01 06:00:00,108,13,95
2019-07-01 07:00:00,175,13,162
2019-07-01 08:00:00,192,16,176
2019-07-01 09:00:00,78,18,60
2019-07-01 10:00:00,41,10,31
2019-07-01 11:00:00,23,11,12
2019-07-01 12:00:00,36,20,16
2019-07-01 13:00:00,32,11,21
2019-07-01 14:00:00,43,31,12
2019-07-01 15:00:00,64,49,15
2019-07-01 16:00:00,149,123,26
2019-07-01 17:00:00,228,207,21
2019-07-01 18:00:00,134,115,19
2019-07-01 19:00:00,64,54,10
2019-07-01 20:00:00,35,17,18
2019-07-01 21:00:00,19,14,5
2019-07-01 22:00:00,13,11,2
2019-07-01 23:00:00,5,3,2
2019-07-02 00:00:00,3,2,1
2019-07-02 01:00:00,2,0,2
2019-07-02 02:00:00,4,0,4
2019-07-02 03:00:00,1,0,1
2019-07-02 04:00:00,7,2,5
2019-07-02 05:00:00,23,6,17
2019-07-02 06:00:00,74,9,65
2019-07-02 07:00:00,128,7,121
2019-07-02 08:00:00,158,17,141
2019-07-02 09:00:00,65,6,59
2019-07-02 10:00:00,17,4,13
2019-07-02 11:00:00,18,6,12
2019-07-02 12:00:00,19,5,14
2019-07-02 13:00:00,22,10,12
2019-07-02 14:00:00,33,17,16
2019-07-02 15:00:00,29,14,15
2019-07-02 16:00:00,73,65,8
2019-07-02 17:00:00,162,151,11
2019-07-02 18:00:00,82,72,10
2019-07-02 19:00:00,37,32,5
2019-07-02 20:00:00,13,11,2
2019-07-02 21:00:00,5,3,2
2019-07-02 22:00:00,8,7,1
2019-07-02 23:00:00,6,5,1
2019-07-03 00:00:00,2,2,0
2019-07-03 01:00:00,1,1,0
2019-07-03 02:00:00,3,1,2
2019-07-03 03:00:00,2,0,2
2019-07-03 04:00:00,8,5,3
2019-07-03 05:00:00,25,5,20
2019-07-03 06:00:00,77,7,70
2019-07-03 07:00:00,126,7,119
2019-07-03 08:00:00,130,9,121
2019-07-03 09:00:00,64,8,56
2019-07-03 10:00:00,20,7,13
2019-07-03 11:00:00,20,8,12
2019-07-03 12:00:00,21,5,16
2019-07-03 13:00:00,25,16,9
2019-07-03 14:00:00,46,32,14
2019-07-03 15:00:00,73,59,14
2019-07-03 16:00:00,112,90,22
2019-07-03 17:00:00,161,138,23
2019-07-03 18:00:00,109,85,24
2019-07-03 19:00:00,52,44,8
2019-07-03 20:00:00,25,17,8
2019-07-03 21:00:00,22,14,8
2019-07-03 22:00:00,12,10,2
2019-07-03 23:00:00,18,13,5
2019-07-04 00:00:00,10,6,4
2019-07-04 01:00:00,2,1,1
2019-07-04 02:00:00,2,2,0
2019-07-04 03:00:00,3,1,2
2019-07-04 04:00:00,4,2,2
2019-07-04 05:00:00,7,2,5
2019-07-04 06:00:00,12,6,6
2019-07-04 07:00:00,14,3,11
2019-07-04 08:00:00,35,17,18
2019-07-04 09:00:00,59,30,29
2019-07-04 10:00:00,62,33,29
2019-07-04 11:00:00,91,54,37
2019-07-04 12:00:00,85,39,46
2019-07-04 13:00:00,98,45,53
2019-07-04 14:00:00,84,32,52
2019-07-04 15:00:00,104,57,47
2019-07-04 16:00:00,90,56,34
2019-07-04 17:00:00,62,29,33
2019-07-04 18:00:00,47,23,24
2019-07-04 19:00:00,36,17,19
2019-07-04 20:00:00,23,5,18
2019-07-04 21:00:00,17,6,11
2019-07-04 22:00:00,10,7,3
2019-07-04 23:00:00,13,6,7
2019-07-05 00:00:00,7,2,5
2019-07-05 01:00:00,6,5,1
2019-07-05 02:00:00,4,4,0
2019-07-05 03:00:00,3,2,1
2019-07-05 04:00:00,6,2,4
2019-07-05 05:00:00,8,1,7
2019-07-05 06:00:00,33,5,28
2019-07-05 07:00:00,54,8,46
2019-07-05 08:00:00,50,7,43
2019-07-05 09:00:00,64,6,58
2019-07-05 10:00:00,41,11,30
2019-07-05 11:00:00,43,22,21
2019-07-05 12:00:00,44,23,21
2019-07-05 13:00:00,38,22,16
2019-07-05 14:00:00,51,27,24
2019-07-05 15:00:00,62,45,17
2019-07-05 16:00:00,59,46,13
2019-07-05 17:00:00,64,46,18
2019-07-05 18:00:00,50,34,16
2019-07-05 19:00:00,20,13,7
2019-07-05 20:00:00,21,17,4
2019-07-05 21:00:00,11,10,1
2019-07-05 22:00:00,9,8,1
2019-07-05 23:00:00,3,1,2
2019-07-06 00:00:00,0,0,0
2019-07-06 01:00:00,1,1,0
2019-07-06 02:00:00,0,0,0
2019-07-06 03:00:00,0,0,0
2019-07-06 04:00:00,4,3,1
2019-07-06 05:00:00,9,2,7
2019-07-06 06:00:00,10,0,10
2019-07-06 07:00:00,25,11,14
2019-07-06 08:00:00,33,11,22
2019-07-06 09:00:00,35,13,22
2019-07-06 10:00:00,66,33,33
2019-07-06 11:00:00,105,47,58
2019-07-06 12:00:00,81,45,36
2019-07-06 13:00:00,75,39,36
2019-07-06 14:00:00,70,34,36
2019-07-06 15:00:00,69,33,36
2019-07-06 16:00:00,64,28,36
2019-07-06 17:00:00,50,23,27
2019-07-06 18:00:00,39,18,21
2019-07-06 19:00:00,20,8,12
2019-07-06 20:00:00,14,7,7
2019-07-06 21:00:00,3,1,2
2019-07-06 22:00:00,14,12,2
2019-07-06 23:00:00,5,2,3
2019-07-07 00:00:00,5,3,2
2019-07-07 01:00:00,2,2,0
2019-07-07 02:00:00,1,1,0
2019-07-07 03:00:00,0,0,0
2019-07-07 04:00:00,2,1,1
2019-07-07 05:00:00,4,2,2
2019-07-07 06:00:00,17,9,8
2019-07-07 07:00:00,11,2,9
2019-07-07 08:00:00,45,20,25
2019-07-07 09:00:00,41,14,27
2019-07-07 10:00:00,51,24,27
2019-07-07 11:00:00,73,40,33
2019-07-07 12:00:00,62,24,38
2019-07-07 13:00:00,69,32,37
2019-07-07 14:00:00,75,41,34
2019-07-07 15:00:00,50,23,27
2019-07-07 16:00:00,33,19,14
2019-07-07 17:00:00,32,23,9
2019-07-07 18:00:00,15,10,5
2019-07-07 19:00:00,9,5,4
2019-07-07 20:00:00,8,6,2
2019-07-07 21:00:00,4,2,2
2019-07-07 22:00:00,4,2,2
2019-07-07 23:00:00,3,2,1
2019-07-08 00:00:00,0,0,0
2019-07-08 01:00:00,2,2,0
2019-07-08 02:00:00,0,0,0
2019-07-08 03:00:00,3,1,2
2019-07-08 04:00:00,2,1,1
2019-07-08 05:00:00,22,4,18
2019-07-08 06:00:00,88,11,77
2019-07-08 07:00:00,155,13,142
2019-07-08 08:00:00,141,13,128
2019-07-08 09:00:00,62,8,54
2019-07-08 10:00:00,21,4,17
2019-07-08 11:00:00,12,5,7
2019-07-08 12:00:00,15,7,8
2019-07-08 13:00:00,19,11,8
2019-07-08 14:00:00,31,19,12
2019-07-08 15:00:00,45,35,10
2019-07-08 16:00:00,127,101,26
2019-07-08 17:00:00,188,172,16
2019-07-08 18:00:00,127,113,14
2019-07-08 19:00:00,66,48,18
2019-07-08 20:00:00,35,14,21
2019-07-08 21:00:00,16,9,7
2019-07-08 22:00:00,13,9,4
2019-07-08 23:00:00,12,7,5
2019-07-09 00:00:00,3,0,3
2019-07-09 01:00:00,3,1,2
2019-07-09 02:00:00,4,3,1
2019-07-09 03:00:00,3,2,1
2019-07-09 04:00:00,6,1,5
2019-07-09 05:00:00,33,8,25
2019-07-09 06:00:00,100,10,90
2019-07-09 07:00:00,181,11,170
2019-07-09 08:00:00,183,11,172
2019-07-09 09:00:00,68,10,58
2019-07-09 10:00:00,42,8,34
2019-07-09 11:00:00,27,7,20
2019-07-09 12:00:00,28,13,15
2019-07-09 13:00:00,29,14,15
2019-07-09 14:00:00,44,23,21
2019-07-09 15:00:00,63,38,25
2019-07-09 16:00:00,142,120,22
2019-07-09 17:00:00,237,217,20
2019-07-09 18:00:00,110,100,10
2019-07-09 19:00:00,56,42,14
2019-07-09 20:00:00,15,13,2
2019-07-09 21:00:00,7,4,3
2019-07-09 22:00:00,6,4,2
2019-07-09 23:00:00,4,3,1
2019-07-10 00:00:00,2,1,1
2019-07-10 01:00:00,1,1,0
2019-07-10 02:00:00,1,0,1
2019-07-10 03:00:00,4,3,1
2019-07-10 04:00:00,3,0,3
2019-07-10 05:00:00,18,4,14
2019-07-10 06:00:00,48,4,44
2019-07-10 07:00:00,91,6,85
2019-07-10 08:00:00,99,4,95
2019-07-10 09:00:00,30,1,29
2019-07-10 10:00:00,20,2,18
2019-07-10 11:00:00,11,1,10
2019-07-10 12:00:00,11,4,7
2019-07-10 13:00:00,12,10,2
2019-07-10 14:00:00,17,7,10
2019-07-10 15:00:00,25,22,3
2019-07-10 16:00:00,67,56,11
2019-07-10 17:00:00,121,104,17
2019-07-10 18:00:00,85,72,13
2019-07-10 19:00:00,50,39,11
2019-07-10 20:00:00,23,15,8
2019-07-10 21:00:00,9,6,3
2019-07-10 22:00:00,10,9,1
2019-07-10 23:00:00,10,6,4
2019-07-11 00:00:00,5,3,2
2019-07-11 01:00:00,2,1,1
2019-07-11 02:00:00,1,0,1
2019-07-11 03:00:00,4,3,1
2019-07-11 04:00:00,7,1,6
2019-07-11 05:00:00,34,4,30
2019-07-11 06:00:00,82,9,73
2019-07-11 07:00:00,152,15,137
2019-07-11 08:00:00,175,7,168
2019-07-11 09:00:00,80,16,64
2019-07-11 10:00:00,34,16,18
2019-07-11 11:00:00,47,22,25
2019-07-11 12:00:00,33,12,21
2019-07-11 13:00:00,34,13,21
2019-07-11 14:00:00,41,28,13
2019-07-11 15:00:00,62,46,16
2019-07-11 16:00:00,135,111,24
2019-07-11 17:00:00,196,173,23
2019-07-11 18:00:00,110,96,14
2019-07-11 19:00:00,63,53,10
2019-07-11 20:00:00,45,35,10
2019-07-11 21:00:00,19,11,8
2019-07-11 22:00:00,15,11,4
2019-07-11 23:00:00,3,2,1
2019-07-12 00:00:00,7,3,4
2019-07-12 01:00:00,3,1,2
2019-07-12 02:00:00,4,2,2
2019-07-12 03:00:00,1,1,0
2019-07-12 04:00:00,3,1,2
2019-07-12 05:00:00,26,7,19
2019-07-12 06:00:00,71,5,66
2019-07-12 07:00:00,129,10,119
2019-07-12 08:00:00,138,12,126
2019-07-12 09:00:00,50,7,43
2019-07-12 10:00:00,31,8,23
2019-07-12 11:00:00,40,11,29
2019-07-12 12:00:00,27,14,13
2019-07-12 13:00:00,37,18,19
2019-07-12 14:00:00,52,29,23
2019-07-12 15:00:00,66,53,13
2019-07-12 16:00:00,129,106,23
2019-07-12 17:00:00,155,136,19
2019-07-12 18:00:00,97,82,15
2019-07-12 19:00:00,56,40,16
2019-07-12 20:00:00,32,22,10
2019-07-12 21:00:00,19,12,7
2019-07-12 22:00:00,13,8,5
2019-07-12 23:00:00,5,5,0
2019-07-13 00:00:00,5,4,1
2019-07-13 01:00:00,2,1,1
2019-07-13 02:00:00,3,2,1
2019-07-13 03:00:00,2,0,2
2019-07-13 04:00:00,7,2,5
2019-07-13 05:00:00,6,2,4
2019-07-13 06:00:00,15,5,10
2019-07-13 07:00:00,27,14,13
2019-07-13 08:00:00,30,9,21
2019-07-13 09:00:00,52,22,30
2019-07-13 10:00:00,77,45,32
2019-07-13 11:00:00,77,30,47
2019-07-13 12:00:00,87,53,34
2019-07-13 13:00:00,84,34,50
2019-07-13 14:00:00,57,35,22
2019-07-13 15:00:00,79,37,42
2019-07-13 16:00:00,57,41,16
2019-07-13 17:00:00,55,33,22
2019-07-13 18:00:00,56,32,24
2019-07-13 19:00:00,50,23,27
2019-07-13 20:00:00,26,11,15
2019-07-13 21:00:00,19,7,12
2019-07-13 22:00:00,7,3,4
2019-07-13 23:00:00,8,4,4
2019-07-14 00:00:00,2,0,2
2019-07-14 01:00:00,0,0,0
2019-07-14 02:00:00,2,1,1
2019-07-14 03:00:00,0,0,0
2019-07-14 04:00:00,2,2,0
2019-07-14 05:00:00,3,1,2
2019-07-14 06:00:00,11,5,6
2019-07-14 07:00:00,16,5,11
2019-07-14 08:00:00,23,6,17
2019-07-14 09:00:00,47,19,28
2019-07-14 10:00:00,67,31,36
2019-07-14 11:00:00,92,34,58
2019-07-14 12:00:00,75,21,54
2019-07-14 13:00:00,89,53,36
2019-07-14 14:00:00,74,41,33
2019-07-14 15:00:00,104,65,39
2019-07-14 16:00:00,92,53,39
2019-07-14 17:00:00,51,32,19
2019-07-14 18:00:00,49,27,22
2019-07-14 19:00:00,32,14,18
2019-07-14 20:00:00,14,7,7
2019-07-14 21:00:00,10,6,4
2019-07-14 22:00:00,5,1,4
2019-07-14 23:00:00,7,0,7
2019-07-15 00:00:00,7,1,6
2019-07-15 01:00:00,4,3,1
2019-07-15 02:00:00,1,1,0
2019-07-15 03:00:00,0,0,0
2019-07-15 04:00:00,2,0,2
2019-07-15 05:00:00,31,6,25
2019-07-15 06:00:00,85,10,75
2019-07-15 07:00:00,171,17,154
2019-07-15 08:00:00,160,11,149
2019-07-15 09:00:00,54,4,50
2019-07-15 10:00:00,30,15,15
2019-07-15 11:00:00,20,8,12
2019-07-15 12:00:00,10,4,6
2019-07-15 13:00:00,17,8,9
2019-07-15 14:00:00,23,14,9
2019-07-15 15:00:00,56,45,11
2019-07-15 16:00:00,119,98,21
2019-07-15 17:00:00,200,178,22
2019-07-15 18:00:00,111,92,19
2019-07-15 19:00:00,62,49,13
2019-07-15 20:00:00,21,16,5
2019-07-15 21:00:00,22,12,10
2019-07-15 22:00:00,10,6,4
2019-07-15 23:00:00,5,1,4
2019-07-16 00:00:00,0,0,0
2019-07-16 01:00:00,3,2,1
2019-07-16 02:00:00,5,3,2
2019-07-16 03:00:00,2,0,2
2019-07-16 04:00:00,4,1,3
2019-07-16 05:00:00,30,6,24
2019-07-16 06:00:00,90,5,85
2019-07-16 07:00:00,174,8,166
2019-07-16 08:00:00,177,13,164
2019-07-16 09:00:00,74,11,63
2019-07-16 10:00:00,31,7,24
2019-07-16 11:00:00,28,11,17
2019-07-16 12:00:00,34,19,15
2019-07-16 13:00:00,31,14,17
2019-07-16 14:00:00,36,17,19
2019-07-16 15:00:00,58,42,16
2019-07-16 16:00:00,160,134,26
2019-07-16 17:00:00,243,213,30
2019-07-16 18:00:00,146,124,22
2019-07-16 19:00:00,75,59,16
2019-07-16 20:00:00,46,28,18
2019-07-16 21:00:00,21,15,6
2019-07-16 22:00:00,10,4,6
2019-07-16 23:00:00,3,1,2
2019-07-17 00:00:00,2,2,0
2019-07-17 01:00:00,3,2,1
2019-07-17 02:00:00,2,0,2
2019-07-17 03:00:00,2,1,1
2019-07-17 04:00:00,3,0,3
2019-07-17 05:00:00,24,5,19
2019-07-17 06:00:00,64,3,61
2019-07-17 07:00:00,122,10,112
2019-07-17 08:00:00,118,7,111
2019-07-17 09:00:00,69,14,55
2019-07-17 10:00:00,25,4,21
2019-07-17 11:00:00,12,4,8
2019-07-17 12:00:00,17,9,8
2019-07-17 13:00:00,15,5,10
2019-07-17 14:00:00,12,4,8
2019-07-17 15:00:00,40,35,5
2019-07-17 16:00:00,73,61,12
2019-07-17 17:00:00,139,119,20
2019-07-17 18:00:00,104,92,12
2019-07-17 19:00:00,45,34,11
2019-07-17 20:00:00,26,19,7
2019-07-17 21:00:00,16,13,3
2019-07-17 22:00:00,6,6,0
2019-07-17 23:00:00,11,8,3
2019-07-18 00:00:00,2,1,1
2019-07-18 01:00:00,0,0,0
2019-07-18 02:00:00,2,1,1
2019-07-18 03:00:00,0,0,0
2019-07-18 04:00:00,3,1,2
2019-07-18 05:00:00,22,5,17
2019-07-18 06:00:00,76,6,70
2019-07-18 07:00:00,148,13,135
2019-07-18 08:00:00,150,14,136
2019-07-18 09:00:00,66,7,59
2019-07-18 10:00:00,30,8,22
2019-07-18 11:00:00,25,7,18
2019-07-18 12:00:00,35,15,20
2019-07-18 13:00:00,27,13,14
2019-07-18 14:00:00,44,24,20
2019-07-18 15:00:00,78,53,25
2019-07-18 16:00:00,115,96,19
2019-07-18 17:00:00,200,169,31
2019-07-18 18:00:00,107,93,14
2019-07-18 19:00:00,47,38,9
2019-07-18 20:00:00,21,14,7
2019-07-18 21:00:00,12,9,3
2019-07-18 22:00:00,6,5,1
2019-07-18 23:00:00,1,0,1
2019-07-19 00:00:00,2,2,0
2019-07-19 01:00:00,2,2,0
2019-07-19 02:00:00,1,0,1
2019-07-19 03:00:00,0,0,0
2019-07-19 04:00:00,4,1,3
2019-07-19 05:00:00,18,3,15
2019-07-19 06:00:00,71,11,60
2019-07-19 07:00:00,125,10,115
2019-07-19 08:00:00,120,10,110
2019-07-19 09:00:00,46,9,37
2019-07-19 10:00:00,29,5,24
2019-07-19 11:00:00,19,5,14
2019-07-19 12:00:00,41,17,24
2019-07-19 13:00:00,37,21,16
2019-07-19 14:00:00,51,30,21
2019-07-19 15:00:00,73,54,19
2019-07-19 16:00:00,131,101,30
2019-07-19 17:00:00,176,146,30
2019-07-19 18:00:00,98,80,18
2019-07-19 19:00:00,53,38,15
2019-07-19 20:00:00,28,18,10
2019-07-19 21:00:00,17,13,4
2019-07-19 22:00:00,21,17,4
2019-07-19 23:00:00,3,3,0
2019-07-20 00:00:00,7,5,2
2019-07-20 01:00:00,5,3,2
2019-07-20 02:00:00,5,3,2
2019-07-20 03:00:00,5,2,3
2019-07-20 04:00:00,1,0,1
2019-07-20 05:00:00,6,4,2
2019-07-20 06:00:00,16,3,13
2019-07-20 07:00:00,20,12,8
2019-07-20 08:00:00,38,9,29
2019-07-20 09:00:00,46,19,27
2019-07-20 10:00:00,81,45,36
2019-07-20 11:00:00,91,46,45
2019-07-20 12:00:00,91,56,35
2019-07-20 13:00:00,82,45,37
2019-07-20 14:00:00,88,48,40
2019-07-20 15:00:00,86,42,44
2019-07-20 16:00:00,70,43,27
2019-07-20 17:00:00,61,27,34
2019-07-20 18:00:00,47,28,19
2019-07-20 19:00:00,33,13,20
2019-07-20 20:00:00,33,23,10
2019-07-20 21:00:00,25,12,13
2019-07-20 22:00:00,9,8,1
2019-07-20 23:00:00,11,9,2
2019-07-21 00:00:00,1,0,1
2019-07-21 01:00:00,3,2,1
2019-07-21 02:00:00,0,0,0
2019-07-21 03:00:00,0,0,0
2019-07-21 04:00:00,1,0,1
2019-07-21 05:00:00,7,3,4
2019-07-21 06:00:00,10,6,4
2019-07-21 07:00:00,13,5,8
2019-07-21 08:00:00,42,13,29
2019-07-21 09:00:00,46,16,30
2019-07-21 10:00:00,78,44,34
2019-07-21 11:00:00,63,40,23
2019-07-21 12:00:00,95,38,57
2019-07-21 13:00:00,79,38,41
2019-07-21 14:00:00,87,44,43
2019-07-21 15:00:00,65,38,27
2019-07-21 16:00:00,90,45,45
2019-07-21 17:00:00,58,27,31
2019-07-21 18:00:00,29,21,8
2019-07-21 19:00:00,20,6,14
2019-07-21 20:00:00,14,8,6
2019-07-21 21:00:00,40,31,9
2019-07-21 22:00:00,5,1,4
2019-07-21 23:00:00,9,5,4
2019-07-22 00:00:00,3,2,1
2019-07-22 01:00:00,0,0,0
2019-07-22 02:00:00,3,1,2
2019-07-22 03:00:00,1,1,0
2019-07-22 04:00:00,5,0,5
2019-07-22 05:00:00,31,5,26
2019-07-22 06:00:00,100,10,90
2019-07-22 07:00:00,175,17,158
2019-07-22 08:00:00,183,12,171
2019-07-22 09:00:00,81,8,73
2019-07-22 10:00:00,31,9,22
2019-07-22 11:00:00,30,15,15
2019-07-22 12:00:00,39,14,25
2019-07-22 13:00:00,33,20,13
2019-07-22 14:00:00,40,23,17
2019-07-22 15:00:00,61,46,15
2019-07-22 16:00:00,151,131,20
2019-07-22 17:00:00,237,211,26
2019-07-22 18:00:00,151,127,24
2019-07-22 19:00:00,64,44,20
2019-07-22 20:00:00,39,23,16
2019-07-22 21:00:00,34,17,17
2019-07-22 22:00:00,11,7,4
2019-07-22 23:00:00,7,7,0
2019-07-23 00:00:00,5,3,2
2019-07-23 01:00:00,1,1,0
2019-07-23 02:00:00,1,0,1
2019-07-23 03:00:00,1,1,0
2019-07-23 04:00:00,5,2,3
2019-07-23 05:00:00,43,8,35
2019-07-23 06:00:00,104,18,86
2019-07-23 07:00:00,200,21,179
2019-07-23 08:00:00,204,15,189
2019-07-23 09:00:00,70,11,59
2019-07-23 10:00:00,30,11,19
2019-07-23 11:00:00,32,13,19
2019-07-23 12:00:00,20,9,11
2019-07-23 13:00:00,19,7,12
2019-07-23 14:00:00,41,23,18
2019-07-23 15:00:00,54,41,13
2019-07-23 16:00:00,146,127,19
2019-07-23 17:00:00,234,204,30
2019-07-23 18:00:00,151,128,23
2019-07-23 19:00:00,78,61,17
2019-07-23 20:00:00,30,24,6
2019-07-23 21:00:00,24,20,4
2019-07-23 22:00:00,15,11,4
2019-07-23 23:00:00,3,3,0
2019-07-24 00:00:00,8,3,5
2019-07-24 01:00:00,0,0,0
2019-07-24 02:00:00,5,3,2
2019-07-24 03:00:00,2,0,2
2019-07-24 04:00:00,4,2,2
2019-07-24 05:00:00,29,5,24
2019-07-24 06:00:00,86,9,77
2019-07-24 07:00:00,176,14,162
2019-07-24 08:00:00,173,11,162
2019-07-24 09:00:00,82,9,73
2019-07-24 10:00:00,38,11,27
2019-07-24 11:00:00,39,14,25
2019-07-24 12:00:00,44,17,27
2019-07-24 13:00:00,39,21,18
2019-07-24 14:00:00,46,26,20
2019-07-24 15:00:00,79,60,19
2019-07-24 16:00:00,147,118,29
2019-07-24 17:00:00,247,219,28
2019-07-24 18:00:00,146,125,21
2019-07-24 19:00:00,63,46,17
2019-07-24 20:00:00,35,21,14
2019-07-24 21:00:00,26,18,8
2019-07-24 22:00:00,6,4,2
2019-07-24 23:00:00,13,11,2
2019-07-25 00:00:00,4,3,1
2019-07-25 01:00:00,4,1,3
2019-07-25 02:00:00,5,3,2
2019-07-25 03:00:00,0,0,0
2019-07-25 04:00:00,2,1,1
2019-07-25 05:00:00,23,4,19
2019-07-25 06:00:00,90,7,83
2019-07-25 07:00:00,162,20,142
2019-07-25 08:00:00,187,16,171
2019-07-25 09:00:00,80,9,71
2019-07-25 10:00:00,44,13,31
2019-07-25 11:00:00,38,17,21
2019-07-25 12:00:00,38,17,21
2019-07-25 13:00:00,30,21,9
2019-07-25 14:00:00,50,26,24
2019-07-25 15:00:00,74,55,19
2019-07-25 16:00:00,123,103,20
2019-07-25 17:00:00,198,169,29
2019-07-25 18:00:00,131,116,15
2019-07-25 19:00:00,62,43,19
2019-07-25 20:00:00,29,18,11
2019-07-25 21:00:00,25,17,8
2019-07-25 22:00:00,14,12,2
2019-07-25 23:00:00,7,7,0
2019-07-26 00:00:00,4,3,1
2019-07-26 01:00:00,5,3,2
2019-07-26 02:00:00,6,2,4
2019-07-26 03:00:00,0,0,0
2019-07-26 04:00:00,8,1,7
2019-07-26 05:00:00,27,6,21
2019-07-26 06:00:00,78,12,66
2019-07-26 07:00:00,121,8,113
2019-07-26 08:00:00,143,8,135
2019-07-26 09:00:00,59,9,50
2019-07-26 10:00:00,31,7,24
2019-07-26 11:00:00,37,19,18
2019-07-26 12:00:00,36,23,13
2019-07-26 13:00:00,50,29,21
2019-07-26 14:00:00,47,35,12
2019-07-26 15:00:00,75,54,21
2019-07-26 16:00:00,123,99,24
2019-07-26 17:00:00,157,133,24
2019-07-26 18:00:00,85,68,17
2019-07-26 19:00:00,39,27,12
2019-07-26 20:00:00,33,21,12
2019-07-26 21:00:00,27,20,7
2019-07-26 22:00:00,20,12,8
2019-07-26 23:00:00,14,13,1
2019-07-27 00:00:00,9,7,2
2019-07-27 01:00:00,7,6,1
2019-07-27 02:00:00,3,2,1
2019-07-27 03:00:00,6,6,0
2019-07-27 04:00:00,3,0,3
2019-07-27 05:00:00,3,1,2
2019-07-27 06:00:00,13,3,10
2019-07-27 07:00:00,12,4,8
2019-07-27 08:00:00,27,11,16
2019-07-27 09:00:00,22,8,14
2019-07-27 10:00:00,58,34,24
2019-07-27 11:00:00,42,20,22
2019-07-27 12:00:00,66,37,29
2019-07-27 13:00:00,74,38,36
2019-07-27 14:00:00,51,30,21
2019-07-27 15:00:00,61,29,32
2019-07-27 16:00:00,72,39,33
2019-07-27 17:00:00,53,21,32
2019-07-27 18:00:00,25,18,7
2019-07-27 19:00:00,30,17,13
2019-07-27 20:00:00,17,7,10
2019-07-27 21:00:00,7,5,2
2019-07-27 22:00:00,17,9,8
2019-07-27 23:00:00,12,9,3
2019-07-28 00:00:00,12,8,4
2019-07-28 01:00:00,4,3,1
2019-07-28 02:00:00,3,2,1
2019-07-28 03:00:00,2,1,1
2019-07-28 04:00:00,0,0,0
2019-07-28 05:00:00,5,2,3
2019-07-28 06:00:00,9,2,7
2019-07-28 07:00:00,17,7,10
2019-07-28 08:00:00,36,19,17
2019-07-28 09:00:00,46,19,27
2019-07-28 10:00:00,57,28,29
2019-07-28 11:00:00,76,32,44
2019-07-28 12:00:00,97,50,47
2019-07-28 13:00:00,90,47,43
2019-07-28 14:00:00,84,43,41
2019-07-28 15:00:00,87,40,47
2019-07-28 16:00:00,83,32,51
2019-07-28 17:00:00,64,31,33
2019-07-28 18:00:00,53,26,27
2019-07-28 19:00:00,35,13,22
2019-07-28 20:00:00,19,10,9
2019-07-28 21:00:00,14,3,11
2019-07-28 22:00:00,7,6,1
2019-07-28 23:00:00,9,7,2
2019-07-29 00:00:00,6,5,1
2019-07-29 01:00:00,0,0,0
2019-07-29 02:00:00,0,0,0
2019-07-29 03:00:00,1,0,1
2019-07-29 04:00:00,6,2,4
2019-07-29 05:00:00,31,5,26
2019-07-29 06:00:00,101,10,91
2019-07-29 07:00:00,179,14,165
2019-07-29 08:00:00,201,14,187
2019-07-29 09:00:00,65,2,63
2019-07-29 10:00:00,34,9,25
2019-07-29 11:00:00,31,13,18
2019-07-29 12:00:00,31,13,18
2019-07-29 13:00:00,41,18,23
2019-07-29 14:00:00,42,26,16
2019-07-29 15:00:00,67,48,19
2019-07-29 16:00:00,128,113,15
2019-07-29 17:00:00,269,246,23
2019-07-29 18:00:00,160,140,20
2019-07-29 19:00:00,66,49,17
2019-07-29 20:00:00,40,18,22
2019-07-29 21:00:00,18,13,5
2019-07-29 22:00:00,11,4,7
2019-07-29 23:00:00,1,1,0
2019-07-30 00:00:00,4,2,2
2019-07-30 01:00:00,3,2,1
2019-07-30 02:00:00,1,0,1
2019-07-30 03:00:00,3,3,0
2019-07-30 04:00:00,4,0,4
2019-07-30 05:00:00,37,4,33
2019-07-30 06:00:00,104,11,93
2019-07-30 07:00:00,193,19,174
2019-07-30 08:00:00,188,16,172
2019-07-30 09:00:00,91,9,82
2019-07-30 10:00:00,40,13,27
2019-07-30 11:00:00,28,9,19
2019-07-30 12:00:00,28,16,12
2019-07-30 13:00:00,36,20,16
2019-07-30 14:00:00,43,28,15
2019-07-30 15:00:00,79,53,26
2019-07-30 16:00:00,167,135,32
2019-07-30 17:00:00,261,233,28
2019-07-30 18:00:00,143,125,18
2019-07-30 19:00:00,67,52,15
2019-07-30 20:00:00,33,18,15
2019-07-30 21:00:00,45,23,22
2019-07-30 22:00:00,8,2,6
2019-07-30 23:00:00,8,6,2
2019-07-31 00:00:00,0,0,0
2019-07-31 01:00:00,7,5,2
2019-07-31 02:00:00,6,3,3
2019-07-31 03:00:00,6,2,4
2019-07-31 04:00:00,5,1,4
2019-07-31 05:00:00,39,9,30
2019-07-31 06:00:00,111,11,100
2019-07-31 07:00:00,178,13,165
2019-07-31 08:00:00,171,15,156
2019-07-31 09:00:00,85,10,75
2019-07-31 10:00:00,57,13,44
2019-07-31 11:00:00,27,12,15
2019-07-31 12:00:00,33,12,21
2019-07-31 13:00:00,40,25,15
2019-07-31 14:00:00,46,26,20
2019-07-31 15:00:00,76,54,22
2019-07-31 16:00:00,159,138,21
2019-07-31 17:00:00,254,219,35
2019-07-31 18:00:00,175,142,33
2019-07-31 19:00:00,63,48,15
2019-07-31 20:00:00,41,34,7
2019-07-31 21:00:00,38,20,18
2019-07-31 22:00:00,11,2,9
2019-07-31 23:00:00,9,7,2
2019-08-01 00:00:00,4,3,1
2019-08-01 01:00:00,4,4,0
2019-08-01 02:00:00,5,4,1
2019-08-01 03:00:00,0,0,0
2019-08-01 04:00:00,10,3,7
2019-08-01 05:00:00,34,3,31
2019-08-01 06:00:00,105,9,96
2019-08-01 07:00:00,165,15,150
2019-08-01 08:00:00,192,11,181
2019-08-01 09:00:00,71,10,61
2019-08-01 10:00:00,50,15,35
2019-08-01 11:00:00,29,15,14
2019-08-01 12:00:00,32,12,20
2019-08-01 13:00:00,25,15,10
2019-08-01 14:00:00,41,22,19
2019-08-01 15:00:00,72,49,23
2019-08-01 16:00:00,152,122,30
2019-08-01 17:00:00,216,188,28
2019-08-01 18:00:00,153,122,31
2019-08-01 19:00:00,63,56,7
2019-08-01 20:00:00,39,23,16
2019-08-01 21:00:00,19,13,6
2019-08-01 22:00:00,9,8,1
2019-08-01 23:00:00,8,7,1
2019-08-02 00:00:00,5,2,3
2019-08-02 01:00:00,3,2,1
2019-08-02 02:00:00,7,3,4
2019-08-02 03:00:00,3,2,1
2019-08-02 04:00:00,5,2,3
2019-08-02 05:00:00,17,4,13
2019-08-02 06:00:00,49,5,44
2019-08-02 07:00:00,109,8,101
2019-08-02 08:00:00,113,8,105
2019-08-02 09:00:00,58,11,47
2019-08-02 10:00:00,33,16,17
2019-08-02 11:00:00,36,17,19
2019-08-02 12:00:00,33,13,20
2019-08-02 13:00:00,31,14,17
2019-08-02 14:00:00,42,28,14
2019-08-02 15:00:00,61,42,19
2019-08-02 16:00:00,109,86,23
2019-08-02 17:00:00,145,127,18
2019-08-02 18:00:00,104,85,19
2019-08-02 19:00:00,43,32,11
2019-08-02 20:00:00,18,12,6
2019-08-02 21:00:00,15,11,4
2019-08-02 22:00:00,7,4,3
2019-08-02 23:00:00,4,4,0
2019-08-03 00:00:00,9,6,3
2019-08-03 01:00:00,3,2,1
2019-08-03 02:00:00,2,1,1
2019-08-03 03:00:00,5,3,2
2019-08-03 04:00:00,2,1,1
2019-08-03 05:00:00,4,1,3
2019-08-03 06:00:00,18,6,12
2019-08-03 07:00:00,25,7,18
2019-08-03 08:00:00,45,17,28
2019-08-03 09:00:00,35,11,24
2019-08-03 10:00:00,73,38,35
2019-08-03 11:00:00,80,34,46
2019-08-03 12:00:00,81,33,48
2019-08-03 13:00:00,54,22,32
2019-08-03 14:00:00,67,32,35
2019-08-03 15:00:00,71,43,28
2019-08-03 16:00:00,89,37,52
2019-08-03 17:00:00,90,47,43
2019-08-03 18:00:00,33,16,17
2019-08-03 19:00:00,36,16,20
2019-08-03 20:00:00,15,9,6
2019-08-03 21:00:00,12,8,4
2019-08-03 22:00:00,23,19,4
2019-08-03 23:00:00,11,7,4
2019-08-04 00:00:00,9,7,2
2019-08-04 01:00:00,9,5,4
2019-08-04 02:00:00,0,0,0
2019-08-04 03:00:00,0,0,0
2019-08-04 04:00:00,4,2,2
2019-08-04 05:00:00,3,2,1
2019-08-04 06:00:00,8,3,5
2019-08-04 07:00:00,27,9,18
2019-08-04 08:00:00,39,13,26
2019-08-04 09:00:00,62,28,34
2019-08-04 10:00:00,62,34,28
2019-08-04 11:00:00,71,40,31
2019-08-04 12:00:00,60,29,31
2019-08-04 13:00:00,83,34,49
2019-08-04 14:00:00,76,31,45
2019-08-04 15:00:00,54,29,25
2019-08-04 16:00:00,77,36,41
2019-08-04 17:00:00,53,31,22
2019-08-04 18:00:00,35,18,17
2019-08-04 19:00:00,22,6,16
2019-08-04 20:00:00,27,13,14
2019-08-04 21:00:00,21,13,8
2019-08-04 22:00:00,14,6,8
2019-08-04 23:00:00,8,3,5
2019-08-05 00:00:00,9,7,2
2019-08-05 01:00:00,5,2,3
2019-08-05 02:00:00,4,3,1
2019-08-05 03:00:00,1,0,1
2019-08-05 04:00:00,5,2,3
2019-08-05 05:00:00,30,5,25
2019-08-05 06:00:00,77,9,68
2019-08-05 07:00:00,209,9,200
2019-08-05 08:00:00,183,14,169
2019-08-05 09:00:00,86,15,71
2019-08-05 10:00:00,42,15,27
2019-08-05 11:00:00,30,16,14
2019-08-05 12:00:00,35,13,22
2019-08-05 13:00:00,30,16,14
2019-08-05 14:00:00,55,30,25
2019-08-05 15:00:00,57,43,14
2019-08-05 16:00:00,139,118,21
2019-08-05 17:00:00,252,218,34
2019-08-05 18:00:00,153,130,23
2019-08-05 19:00:00,74,51,23
2019-08-05 20:00:00,38,24,14
2019-08-05 21:00:00,26,12,14
2019-08-05 22:00:00,14,9,5
2019-08-05 23:00:00,2,0,2
2019-08-06 00:00:00,4,1,3
2019-08-06 01:00:00,1,0,1
2019-08-06 02:00:00,3,2,1
2019-08-06 03:00:00,3,2,1
2019-08-06 04:00:00,5,1,4
2019-08-06 05:00:00,37,4,33
2019-08-06 06:00:00,101,10,91
2019-08-06 07:00:00,238,18,220
2019-08-06 08:00:00,180,23,157
2019-08-06 09:00:00,75,9,66
2019-08-06 10:00:00,31,11,20
2019-08-06 11:00:00,24,9,15
2019-08-06 12:00:00,31,16,15
2019-08-06 13:00:00,29,10,19
2019-08-06 14:00:00,38,21,17
2019-08-06 15:00:00,59,47,12
2019-08-06 16:00:00,176,153,23
2019-08-06 17:00:00,240,219,21
2019-08-06 18:00:00,158,132,26
2019-08-06 19:00:00,74,52,22
2019-08-06 20:00:00,24,19,5
2019-08-06 21:00:00,22,14,8
2019-08-06 22:00:00,19,15,4
2019-08-06 23:00:00,5,4,1
2019-08-07 00:00:00,5,2,3
2019-08-07 01:00:00,3,2,1
2019-08-07 02:00:00,3,1,2
2019-08-07 03:00:00,1,1,0
2019-08-07 04:00:00,5,1,4
2019-08-07 05:00:00,29,5,24
2019-08-07 06:00:00,102,12,90
2019-08-07 07:00:00,187,13,174
2019-08-07 08:00:00,181,8,173
2019-08-07 09:00:00,76,14,62
2019-08-07 10:00:00,33,4,29
2019-08-07 11:00:00,29,11,18
2019-08-07 12:00:00,43,17,26
2019-08-07 13:00:00,20,8,12
2019-08-07 14:00:00,57,29,28
2019-08-07 15:00:00,64,40,24
2019-08-07 16:00:00,136,114,22
2019-08-07 17:00:00,244,227,17
2019-08-07 18:00:00,134,123,11
2019-08-07 19:00:00,99,75,24
2019-08-07 20:00:00,45,27,18
2019-08-07 21:00:00,22,9,13
2019-08-07 22:00:00,11,6,5
2019-08-07 23:00:00,5,4,1
2019-08-08 00:00:00,3,3,0
2019-08-08 01:00:00,6,6,0
2019-08-08 02:00:00,3,1,2
2019-08-08 03:00:00,1,1,0
2019-08-08 04:00:00,6,1,5
2019-08-08 05:00:00,36,5,31
2019-08-08 06:00:00,100,5,95
2019-08-08 07:00:00,170,16,154
2019-08-08 08:00:00,185,16,169
2019-08-08 09:00:00,76,10,66
2019-08-08 10:00:00,34,8,26
2019-08-08 11:00:00,57,13,44
2019-08-08 12:00:00,32,11,21
2019-08-08 13:00:00,22,13,9
2019-08-08 14:00:00,38,21,17
2019-08-08 15:00:00,62,47,15
2019-08-08 16:00:00,146,121,25
2019-08-08 17:00:00,242,211,31
2019-08-08 18:00:00,150,128,22
2019-08-08 19:00:00,74,66,8
2019-08-08 20:00:00,23,18,5
2019-08-08 21:00:00,20,16,4
2019-08-08 22:00:00,21,15,6
2019-08-08 23:00:00,6,5,1
2019-08-09 00:00:00,8,5,3
2019-08-09 01:00:00,3,0,3
2019-08-09 02:00:00,2,0,2
2019-08-09 03:00:00,3,2,1
2019-08-09 04:00:00,5,0,5
2019-08-09 05:00:00,27,3,24
2019-08-09 06:00:00,69,11,58
2019-08-09 07:00:00,133,12,121
2019-08-09 08:00:00,143,12,131
2019-08-09 09:00:00,58,7,51
2019-08-09 10:00:00,41,14,27
2019-08-09 11:00:00,37,18,19
2019-08-09 12:00:00,29,19,10
2019-08-09 13:00:00,36,21,15
2019-08-09 14:00:00,53,24,29
2019-08-09 15:00:00,61,44,17
2019-08-09 16:00:00,125,102,23
2019-08-09 17:00:00,176,156,20
2019-08-09 18:00:00,98,73,25
2019-08-09 19:00:00,53,46,7
2019-08-09 20:00:00,21,14,7
2019-08-09 21:00:00,18,10,8
2019-08-09 22:00:00,6,5,1
2019-08-09 23:00:00,12,10,2
2019-08-10 00:00:00,12,11,1
2019-08-10 01:00:00,1,0,1
2019-08-10 02:00:00,0,0,0
2019-08-10 03:00:00,1,0,1
2019-08-10 04:00:00,2,0,2
2019-08-10 05:00:00,4,0,4
2019-08-10 06:00:00,3,1,2
2019-08-10 07:00:00,5,2,3
2019-08-10 08:00:00,6,1,5
2019-08-10 09:00:00,4,0,4
2019-08-10 10:00:00,26,12,14
2019-08-10 11:00:00,21,5,16
2019-08-10 12:00:00,58,21,37
2019-08-10 13:00:00,41,15,26
2019-08-10 14:00:00,45,29,16
2019-08-10 15:00:00,77,46,31
2019-08-10 16:00:00,49,31,18
2019-08-10 17:00:00,46,25,21
2019-08-10 18:00:00,36,25,11
2019-08-10 19:00:00,22,9,13
2019-08-10 20:00:00,16,11,5
2019-08-10 21:00:00,8,4,4
2019-08-10 22:00:00,11,7,4
2019-08-10 23:00:00,9,4,5
2019-08-11 00:00:00,4,2,2
2019-08-11 01:00:00,2,1,1
2019-08-11 02:00:00,3,1,2
2019-08-11 03:00:00,0,0,0
2019-08-11 04:00:00,1,0,1
2019-08-11 05:00:00,5,2,3
2019-08-11 06:00:00,7,2,5
2019-08-11 07:00:00,16,8,8
2019-08-11 08:00:00,30,14,16
2019-08-11 09:00:00,43,18,25
2019-08-11 10:00:00,52,26,26
2019-08-11 11:00:00,61,30,31
2019-08-11 12:00:00,55,34,21
2019-08-11 13:00:00,49,16,33
2019-08-11 14:00:00,41,19,22
2019-08-11 15:00:00,45,24,21
2019-08-11 16:00:00,51,25,26
2019-08-11 17:00:00,36,25,11
2019-08-11 18:00:00,11,8,3
2019-08-11 19:00:00,18,10,8
2019-08-11 20:00:00,7,2,5
2019-08-11 21:00:00,4,3,1
2019-08-11 22:00:00,5,3,2
2019-08-11 23:00:00,6,5,1
2019-08-12 00:00:00,1,1,0
2019-08-12 01:00:00,0,0,0
2019-08-12 02:00:00,1,0,1
2019-08-12 03:00:00,2,1,1
2019-08-12 04:00:00,4,0,4
2019-08-12 05:00:00,29,8,21
2019-08-12 06:00:00,95,7,88
2019-08-12 07:00:00,174,15,159
2019-08-12 08:00:00,181,15,166
2019-08-12 09:00:00,63,11,52
2019-08-12 10:00:00,32,5,27
2019-08-12 11:00:00,32,13,19
2019-08-12 12:00:00,40,15,25
2019-08-12 13:00:00,19,8,11
2019-08-12 14:00:00,29,16,13
2019-08-12 15:00:00,73,53,20
2019-08-12 16:00:00,118,100,18
2019-08-12 17:00:00,237,222,15
2019-08-12 18:00:00,156,132,24
2019-08-12 19:00:00,71,47,24
2019-08-12 20:00:00,28,23,5
2019-08-12 21:00:00,13,6,7
2019-08-12 22:00:00,3,1,2
2019-08-12 23:00:00,7,5,2
2019-08-13 00:00:00,0,0,0
2019-08-13 01:00:00,1,1,0
2019-08-13 02:00:00,7,5,2
2019-08-13 03:00:00,2,1,1
2019-08-13 04:00:00,7,1,6
2019-08-13 05:00:00,32,6,26
2019-08-13 06:00:00,114,10,104
2019-08-13 07:00:00,170,11,159
2019-08-13 08:00:00,216,14,202
2019-08-13 09:00:00,84,17,67
2019-08-13 10:00:00,45,16,29
2019-08-13 11:00:00,26,8,18
2019-08-13 12:00:00,29,13,16
2019-08-13 13:00:00,39,18,21
2019-08-13 14:00:00,38,19,19
2019-08-13 15:00:00,69,47,22
2019-08-13 16:00:00,146,120,26
2019-08-13 17:00:00,240,219,21
2019-08-13 18:00:00,158,129,29
2019-08-13 19:00:00,68,48,20
2019-08-13 20:00:00,60,37,23
2019-08-13 21:00:00,13,10,3
2019-08-13 22:00:00,12,9,3
2019-08-13 23:00:00,10,5,5
2019-08-14 00:00:00,2,1,1
2019-08-14 01:00:00,1,0,1
2019-08-14 02:00:00,11,5,6
2019-08-14 03:00:00,2,0,2
2019-08-14 04:00:00,9,2,7
2019-08-14 05:00:00,28,4,24
2019-08-14 06:00:00,108,13,95
2019-08-14 07:00:00,190,9,181
2019-08-14 08:00:00,179,13,166
2019-08-14 09:00:00,69,13,56
2019-08-14 10:00:00,34,13,21
2019-08-14 11:00:00,48,26,22
2019-08-14 12:00:00,43,14,29
2019-08-14 13:00:00,39,19,20
2019-08-14 14:00:00,49,31,18
2019-08-14 15:00:00,58,43,15
2019-08-14 16:00:00,146,118,28
2019-08-14 17:00:00,235,206,29
2019-08-14 18:00:00,152,124,28
2019-08-14 19:00:00,69,54,15
2019-08-14 20:00:00,34,26,8
2019-08-14 21:00:00,25,18,7
2019-08-14 22:00:00,27,13,14
2019-08-14 23:00:00,21,17,4
2019-08-15 00:00:00,13,11,2
2019-08-15 01:00:00,5,4,1
2019-08-15 02:00:00,6,2,4
2019-08-15 03:00:00,5,5,0
2019-08-15 04:00:00,10,3,7
2019-08-15 05:00:00,39,8,31
2019-08-15 06:00:00,95,9,86
2019-08-15 07:00:00,163,16,147
2019-08-15 08:00:00,168,11,157
2019-08-15 09:00:00,81,18,63
2019-08-15 10:00:00,46,12,34
2019-08-15 11:00:00,16,7,9
2019-08-15 12:00:00,36,20,16
2019-08-15 13:00:00,38,15,23
2019-08-15 14:00:00,46,22,24
2019-08-15 15:00:00,67,45,22
2019-08-15 16:00:00,147,115,32
2019-08-15 17:00:00,223,203,20
2019-08-15 18:00:00,129,115,14
2019-08-15 19:00:00,76,61,15
2019-08-15 20:00:00,36,29,7
2019-08-15 21:00:00,27,17,10
2019-08-15 22:00:00,18,7,11
2019-08-15 23:00:00,5,5,0
2019-08-16 00:00:00,10,10,0
2019-08-16 01:00:00,6,1,5
2019-08-16 02:00:00,5,3,2
2019-08-16 03:00:00,0,0,0
2019-08-16 04:00:00,5,1,4
2019-08-16 05:00:00,26,6,20
2019-08-16 06:00:00,78,10,68
2019-08-16 07:00:00,130,13,117
2019-08-16 08:00:00,125,15,110
2019-08-16 09:00:00,63,10,53
2019-08-16 10:00:00,36,9,27
2019-08-16 11:00:00,41,15,26
2019-08-16 12:00:00,29,10,19
2019-08-16 13:00:00,33,24,9
2019-08-16 14:00:00,41,27,14
2019-08-16 15:00:00,57,39,18
2019-08-16 16:00:00,105,88,17
2019-08-16 17:00:00,150,120,30
2019-08-16 18:00:00,80,64,16
2019-08-16 19:00:00,47,33,14
2019-08-16 20:00:00,25,17,8
2019-08-16 21:00:00,12,12,0
2019-08-16 22:00:00,13,10,3
2019-08-16 23:00:00,5,4,1
2019-08-17 00:00:00,5,4,1
2019-08-17 01:00:00,6,4,2
2019-08-17 02:00:00,2,2,0
2019-08-17 03:00:00,1,0,1
2019-08-17 04:00:00,1,0,1
2019-08-17 05:00:00,4,2,2
2019-08-17 06:00:00,13,2,11
2019-08-17 07:00:00,29,10,19
2019-08-17 08:00:00,50,24,26
2019-08-17 09:00:00,47,23,24
2019-08-17 10:00:00,72,42,30
2019-08-17 11:00:00,74,32,42
2019-08-17 12:00:00,56,32,24
2019-08-17 13:00:00,69,33,36
2019-08-17 14:00:00,64,31,33
2019-08-17 15:00:00,61,33,28
2019-08-17 16:00:00,39,24,15
2019-08-17 17:00:00,47,21,26
2019-08-17 18:00:00,36,21,15
2019-08-17 19:00:00,28,21,7
2019-08-17 20:00:00,13,7,6
2019-08-17 21:00:00,15,8,7
2019-08-17 22:00:00,8,3,5
2019-08-17 23:00:00,17,8,9
2019-08-18 00:00:00,7,7,0
2019-08-18 01:00:00,6,2,4
2019-08-18 02:00:00,3,2,1
2019-08-18 03:00:00,2,2,0
2019-08-18 04:00:00,0,0,0
2019-08-18 05:00:00,5,2,3
2019-08-18 06:00:00,5,3,2
2019-08-18 07:00:00,14,4,10
2019-08-18 08:00:00,22,6,16
2019-08-18 09:00:00,33,14,19
2019-08-18 10:00:00,48,24,24
2019-08-18 11:00:00,77,34,43
2019-08-18 12:00:00,60,27,33
2019-08-18 13:00:00,54,20,34
2019-08-18 14:00:00,47,21,26
2019-08-18 15:00:00,58,30,28
2019-08-18 16:00:00,50,36,14
2019-08-18 17:00:00,50,32,18
2019-08-18 18:00:00,25,14,11
2019-08-18 19:00:00,27,6,21
2019-08-18 20:00:00,25,12,13
2019-08-18 21:00:00,5,3,2
2019-08-18 22:00:00,13,10,3
2019-08-18 23:00:00,1,1,0
2019-08-19 00:00:00,3,2,1
2019-08-19 01:00:00,6,2,4
2019-08-19 02:00:00,2,0,2
2019-08-19 03:00:00,2,0,2
2019-08-19 04:00:00,6,0,6
2019-08-19 05:00:00,26,6,20
2019-08-19 06:00:00,105,11,94
2019-08-19 07:00:00,149,14,135
2019-08-19 08:00:00,179,11,168
2019-08-19 09:00:00,71,6,65
2019-08-19 10:00:00,41,11,30
2019-08-19 11:00:00,17,10,7
2019-08-19 12:00:00,38,16,22
2019-08-19 13:00:00,27,12,15
2019-08-19 14:00:00,43,23,20
2019-08-19 15:00:00,63,49,14
2019-08-19 16:00:00,142,120,22
2019-08-19 17:00:00,205,181,24
2019-08-19 18:00:00,143,124,19
2019-08-19 19:00:00,54,39,15
2019-08-19 20:00:00,35,26,9
2019-08-19 21:00:00,14,10,4
2019-08-19 22:00:00,12,7,5
2019-08-19 23:00:00,3,2,1
2019-08-20 00:00:00,2,0,2
2019-08-20 01:00:00,6,5,1
2019-08-20 02:00:00,2,2,0
2019-08-20 03:00:00,4,0,4
2019-08-20 04:00:00,6,2,4
2019-08-20 05:00:00,34,4,30
2019-08-20 06:00:00,104,6,98
2019-08-20 07:00:00,192,16,176
2019-08-20 08:00:00,197,9,188
2019-08-20 09:00:00,81,9,72
2019-08-20 10:00:00,38,8,30
2019-08-20 11:00:00,31,19,12
2019-08-20 12:00:00,47,21,26
2019-08-20 13:00:00,29,18,11
2019-08-20 14:00:00,52,29,23
2019-08-20 15:00:00,53,35,18
2019-08-20 16:00:00,145,126,19
2019-08-20 17:00:00,268,232,36
2019-08-20 18:00:00,137,109,28
2019-08-20 19:00:00,64,51,13
2019-08-20 20:00:00,38,28,10
2019-08-20 21:00:00,11,9,2
2019-08-20 22:00:00,25,17,8
2019-08-20 23:00:00,7,6,1
2019-08-21 00:00:00,6,4,2
2019-08-21 01:00:00,2,2,0
2019-08-21 02:00:00,4,2,2
2019-08-21 03:00:00,1,0,1
2019-08-21 04:00:00,8,3,5
2019-08-21 05:00:00,21,4,17
2019-08-21 06:00:00,57,1,56
2019-08-21 07:00:00,89,5,84
2019-08-21 08:00:00,75,1,74
2019-08-21 09:00:00,36,3,33
2019-08-21 10:00:00,12,3,9
2019-08-21 11:00:00,14,7,7
2019-08-21 12:00:00,21,8,13
2019-08-21 13:00:00,4,1,3
2019-08-21 14:00:00,24,13,11
2019-08-21 15:00:00,38,29,9
2019-08-21 16:00:00,66,54,12
2019-08-21 17:00:00,112,97,15
2019-08-21 18:00:00,74,67,7
2019-08-21 19:00:00,26,22,4
2019-08-21 20:00:00,22,16,6
2019-08-21 21:00:00,10,8,2
2019-08-21 22:00:00,10,7,3
2019-08-21 23:00:00,2,1,1
2019-08-22 00:00:00,2,2,0
2019-08-22 01:00:00,1,1,0
2019-08-22 02:00:00,1,0,1
2019-08-22 03:00:00,2,2,0
2019-08-22 04:00:00,9,2,7
2019-08-22 05:00:00,32,4,28
2019-08-22 06:00:00,86,14,72
2019-08-22 07:00:00,120,13,107
2019-08-22 08:00:00,176,9,167
2019-08-22 09:00:00,66,11,55
2019-08-22 10:00:00,37,13,24
2019-08-22 11:00:00,26,7,19
2019-08-22 12:00:00,36,12,24
2019-08-22 13:00:00,37,18,19
2019-08-22 14:00:00,36,18,18
2019-08-22 15:00:00,71,52,19
2019-08-22 16:00:00,119,102,17
2019-08-22 17:00:00,202,172,30
2019-08-22 18:00:00,131,108,23
2019-08-22 19:00:00,55,36,19
2019-08-22 20:00:00,40,30,10
2019-08-22 21:00:00,22,16,6
2019-08-22 22:00:00,7,6,1
2019-08-22 23:00:00,3,3,0
2019-08-23 00:00:00,7,7,0
2019-08-23 01:00:00,0,0,0
2019-08-23 02:00:00,4,1,3
2019-08-23 03:00:00,2,1,1
2019-08-23 04:00:00,8,2,6
2019-08-23 05:00:00,36,6,30
2019-08-23 06:00:00,70,5,65
2019-08-23 07:00:00,118,8,110
2019-08-23 08:00:00,129,10,119
2019-08-23 09:00:00,63,10,53
2019-08-23 10:00:00,21,7,14
2019-08-23 11:00:00,30,14,16
2019-08-23 12:00:00,23,8,15
2019-08-23 13:00:00,42,23,19
2019-08-23 14:00:00,52,32,20
2019-08-23 15:00:00,71,51,20
2019-08-23 16:00:00,139,113,26
2019-08-23 17:00:00,151,120,31
2019-08-23 18:00:00,106,87,19
2019-08-23 19:00:00,46,33,13
2019-08-23 20:00:00,19,7,12
2019-08-23 21:00:00,19,16,3
2019-08-23 22:00:00,11,9,2
2019-08-23 23:00:00,10,6,4
2019-08-24 00:00:00,7,6,1
2019-08-24 01:00:00,3,1,2
2019-08-24 02:00:00,4,2,2
2019-08-24 03:00:00,4,4,0
2019-08-24 04:00:00,2,0,2
2019-08-24 05:00:00,3,1,2
2019-08-24 06:00:00,10,5,5
2019-08-24 07:00:00,17,5,12
2019-08-24 08:00:00,35,12,23
2019-08-24 09:00:00,45,23,22
2019-08-24 10:00:00,70,38,32
2019-08-24 11:00:00,112,43,69
2019-08-24 12:00:00,58,28,30
2019-08-24 13:00:00,65,37,28
2019-08-24 14:00:00,64,23,41
2019-08-24 15:00:00,48,20,28
2019-08-24 16:00:00,70,37,33
2019-08-24 17:00:00,60,31,29
2019-08-24 18:00:00,32,21,11
2019-08-24 19:00:00,30,18,12
2019-08-24 20:00:00,30,15,15
2019-08-24 21:00:00,5,3,2
2019-08-24 22:00:00,26,11,15
2019-08-24 23:00:00,6,4,2
2019-08-25 00:00:00,4,3,1
2019-08-25 01:00:00,3,2,1
2019-08-25 02:00:00,2,2,0
2019-08-25 03:00:00,1,1,0
2019-08-25 04:00:00,1,0,1
2019-08-25 05:00:00,6,2,4
2019-08-25 06:00:00,6,1,5
2019-08-25 07:00:00,15,11,4
2019-08-25 08:00:00,22,5,17
2019-08-25 09:00:00,33,16,17
2019-08-25 10:00:00,48,29,19
2019-08-25 11:00:00,48,19,29
2019-08-25 12:00:00,44,15,29
2019-08-25 13:00:00,59,22,37
2019-08-25 14:00:00,62,28,34
2019-08-25 15:00:00,69,38,31
2019-08-25 16:00:00,59,42,17
2019-08-25 17:00:00,47,33,14
2019-08-25 18:00:00,30,15,15
2019-08-25 19:00:00,28,12,16
2019-08-25 20:00:00,24,12,12
2019-08-25 21:00:00,9,4,5
2019-08-25 22:00:00,2,2,0
2019-08-25 23:00:00,5,3,2
2019-08-26 00:00:00,7,3,4
2019-08-26 01:00:00,3,3,0
2019-08-26 02:00:00,6,3,3
2019-08-26 03:00:00,2,1,1
2019-08-26 04:00:00,5,0,5
2019-08-26 05:00:00,27,4,23
2019-08-26 06:00:00,98,9,89
2019-08-26 07:00:00,169,18,151
2019-08-26 08:00:00,186,12,174
2019-08-26 09:00:00,59,10,49
2019-08-26 10:00:00,45,17,28
2019-08-26 11:00:00,20,5,15
2019-08-26 12:00:00,28,12,16
2019-08-26 13:00:00,26,10,16
2019-08-26 14:00:00,52,27,25
2019-08-26 15:00:00,60,49,11
2019-08-26 16:00:00,126,96,30
2019-08-26 17:00:00,244,214,30
2019-08-26 18:00:00,147,127,20
2019-08-26 19:00:00,56,47,9
2019-08-26 20:00:00,31,17,14
2019-08-26 21:00:00,17,12,5
2019-08-26 22:00:00,6,5,1
2019-08-26 23:00:00,6,6,0
2019-08-27 00:00:00,1,1,0
2019-08-27 01:00:00,3,3,0
2019-08-27 02:00:00,5,0,5
2019-08-27 03:00:00,6,5,1
2019-08-27 04:00:00,11,1,10
2019-08-27 05:00:00,37,5,32
2019-08-27 06:00:00,100,17,83
2019-08-27 07:00:00,191,15,176
2019-08-27 08:00:00,182,17,165
2019-08-27 09:00:00,84,7,77
2019-08-27 10:00:00,42,11,31
2019-08-27 11:00:00,43,15,28
2019-08-27 12:00:00,36,18,18
2019-08-27 13:00:00,34,16,18
2019-08-27 14:00:00,41,19,22
2019-08-27 15:00:00,55,41,14
2019-08-27 16:00:00,153,128,25
2019-08-27 17:00:00,247,210,37
2019-08-27 18:00:00,147,122,25
2019-08-27 19:00:00,90,73,17
2019-08-27 20:00:00,30,20,10
2019-08-27 21:00:00,23,15,8
2019-08-27 22:00:00,26,16,10
2019-08-27 23:00:00,5,4,1
2019-08-28 00:00:00,1,1,0
2019-08-28 01:00:00,3,2,1
2019-08-28 02:00:00,4,1,3
2019-08-28 03:00:00,3,3,0
2019-08-28 04:00:00,6,3,3
2019-08-28 05:00:00,29,4,25
2019-08-28 06:00:00,109,17,92
2019-08-28 07:00:00,162,14,148
2019-08-28 08:00:00,175,14,161
2019-08-28 09:00:00,76,7,69
2019-08-28 10:00:00,32,7,25
2019-08-28 11:00:00,28,12,16
2019-08-28 12:00:00,39,12,27
2019-08-28 13:00:00,21,7,14
2019-08-28 14:00:00,38,22,16
2019-08-28 15:00:00,57,43,14
2019-08-28 16:00:00,160,130,30
2019-08-28 17:00:00,227,198,29
2019-08-28 18:00:00,145,131,14
2019-08-28 19:00:00,72,56,16
2019-08-28 20:00:00,62,29,33
2019-08-28 21:00:00,17,9,8
2019-08-28 22:00:00,9,6,3
2019-08-28 23:00:00,8,5,3
2019-08-29 00:00:00,7,2,5
2019-08-29 01:00:00,2,1,1
2019-08-29 02:00:00,5,2,3
2019-08-29 03:00:00,3,1,2
2019-08-29 04:00:00,9,2,7
2019-08-29 05:00:00,27,5,22
2019-08-29 06:00:00,99,14,85
2019-08-29 07:00:00,157,13,144
2019-08-29 08:00:00,168,12,156
2019-08-29 09:00:00,73,10,63
2019-08-29 10:00:00,43,11,32
2019-08-29 11:00:00,32,13,19
2019-08-29 12:00:00,28,11,17
2019-08-29 13:00:00,31,17,14
2019-08-29 14:00:00,42,24,18
2019-08-29 15:00:00,88,56,32
2019-08-29 16:00:00,143,112,31
2019-08-29 17:00:00,222,195,27
2019-08-29 18:00:00,101,89,12
2019-08-29 19:00:00,43,37,6
2019-08-29 20:00:00,8,6,2
2019-08-29 21:00:00,15,11,4
2019-08-29 22:00:00,9,8,1
2019-08-29 23:00:00,3,3,0
2019-08-30 00:00:00,5,3,2
2019-08-30 01:00:00,1,1,0
2019-08-30 02:00:00,1,1,0
2019-08-30 03:00:00,0,0,0
2019-08-30 04:00:00,7,2,5
2019-08-30 05:00:00,25,4,21
2019-08-30 06:00:00,56,5,51
2019-08-30 07:00:00,112,15,97
2019-08-30 08:00:00,112,11,101
2019-08-30 09:00:00,48,10,38
2019-08-30 10:00:00,41,14,27
2019-08-30 11:00:00,25,10,15
2019-08-30 12:00:00,38,16,22
2019-08-30 13:00:00,31,14,17
2019-08-30 14:00:00,37,26,11
2019-08-30 15:00:00,88,67,21
2019-08-30 16:00:00,118,91,27
2019-08-30 17:00:00,133,118,15
2019-08-30 18:00:00,67,52,15
2019-08-30 19:00:00,46,34,12
2019-08-30 20:00:00,33,18,15
2019-08-30 21:00:00,15,10,5
2019-08-30 22:00:00,10,9,1
2019-08-30 23:00:00,5,4,1
2019-08-31 00:00:00,6,2,4
2019-08-31 01:00:00,8,6,2
2019-08-31 02:00:00,3,0,3
2019-08-31 03:00:00,0,0,0
2019-08-31 04:00:00,1,0,1
2019-08-31 05:00:00,3,1,2
2019-08-31 06:00:00,10,2,8
2019-08-31 07:00:00,13,7,6
2019-08-31 08:00:00,42,19,23
2019-08-31 09:00:00,35,13,22
2019-08-31 10:00:00,63,24,39
2019-08-31 11:00:00,53,25,28
2019-08-31 12:00:00,58,25,33
2019-08-31 13:00:00,53,31,22
2019-08-31 14:00:00,58,28,30
2019-08-31 15:00:00,65,39,26
2019-08-31 16:00:00,44,24,20
2019-08-31 17:00:00,36,19,17
2019-08-31 18:00:00,35,10,25
2019-08-31 19:00:00,22,13,9
2019-08-31 20:00:00,26,19,7
2019-08-31 21:00:00,11,8,3
2019-08-31 22:00:00,3,2,1
2019-08-31 23:00:00,6,4,2
2019-09-01 00:00:00,3,1,2
2019-09-01 01:00:00,3,3,0
2019-09-01 02:00:00,1,0,1
2019-09-01 03:00:00,0,0,0
2019-09-01 04:00:00,1,1,0
2019-09-01 05:00:00,3,3,0
2019-09-01 06:00:00,5,2,3
2019-09-01 07:00:00,14,3,11
2019-09-01 08:00:00,43,25,18
2019-09-01 09:00:00,56,19,37
2019-09-01 10:00:00,75,31,44
2019-09-01 11:00:00,50,26,24
2019-09-01 12:00:00,63,27,36
2019-09-01 13:00:00,76,36,40
2019-09-01 14:00:00,79,25,54
2019-09-01 15:00:00,81,34,47
2019-09-01 16:00:00,72,41,31
2019-09-01 17:00:00,48,31,17
2019-09-01 18:00:00,45,30,15
2019-09-01 19:00:00,33,20,13
2019-09-01 20:00:00,20,11,9
2019-09-01 21:00:00,14,6,8
2019-09-01 22:00:00,10,8,2
2019-09-01 23:00:00,2,1,1
2019-09-02 00:00:00,3,3,0
2019-09-02 01:00:00,3,2,1
2019-09-02 02:00:00,1,0,1
2019-09-02 03:00:00,0,0,0
2019-09-02 04:00:00,2,1,1
2019-09-02 05:00:00,1,0,1
2019-09-02 06:00:00,10,2,8
2019-09-02 07:00:00,22,4,18
2019-09-02 08:00:00,30,13,17
2019-09-02 09:00:00,53,28,25
2019-09-02 10:00:00,63,35,28
2019-09-02 11:00:00,54,31,23
2019-09-02 12:00:00,61,26,35
2019-09-02 13:00:00,80,40,40
2019-09-02 14:00:00,82,44,38
2019-09-02 15:00:00,72,36,36
2019-09-02 16:00:00,72,34,38
2019-09-02 17:00:00,65,41,24
2019-09-02 18:00:00,48,31,17
2019-09-02 19:00:00,24,7,17
2019-09-02 20:00:00,26,7,19
2019-09-02 21:00:00,9,1,8
2019-09-02 22:00:00,7,6,1
2019-09-02 23:00:00,3,2,1
2019-09-03 00:00:00,0,0,0
2019-09-03 01:00:00,1,1,0
2019-09-03 02:00:00,4,1,3
2019-09-03 03:00:00,3,1,2
2019-09-03 04:00:00,5,0,5
2019-09-03 05:00:00,31,1,30
2019-09-03 06:00:00,93,8,85
2019-09-03 07:00:00,185,16,169
2019-09-03 08:00:00,194,19,175
2019-09-03 09:00:00,74,2,72
2019-09-03 10:00:00,49,16,33
2019-09-03 11:00:00,23,11,12
2019-09-03 12:00:00,28,8,20
2019-09-03 13:00:00,37,19,18
2019-09-03 14:00:00,45,23,22
2019-09-03 15:00:00,68,50,18
2019-09-03 16:00:00,165,137,28
2019-09-03 17:00:00,245,214,31
2019-09-03 18:00:00,139,118,21
2019-09-03 19:00:00,61,46,15
2019-09-03 20:00:00,24,14,10
2019-09-03 21:00:00,8,6,2
2019-09-03 22:00:00,11,10,1
2019-09-03 23:00:00,4,3,1
2019-09-04 00:00:00,4,4,0
2019-09-04 01:00:00,2,1,1
2019-09-04 02:00:00,4,0,4
2019-09-04 03:00:00,0,0,0
2019-09-04 04:00:00,3,0,3
2019-09-04 05:00:00,45,8,37
2019-09-04 06:00:00,106,7,99
2019-09-04 07:00:00,175,16,159
2019-09-04 08:00:00,205,11,194
2019-09-04 09:00:00,91,9,82
2019-09-04 10:00:00,34,9,25
2019-09-04 11:00:00,28,11,17
2019-09-04 12:00:00,27,16,11
2019-09-04 13:00:00,41,20,21
2019-09-04 14:00:00,44,24,20
2019-09-04 15:00:00,65,49,16
2019-09-04 16:00:00,131,114,17
2019-09-04 17:00:00,275,242,33
2019-09-04 18:00:00,161,134,27
2019-09-04 19:00:00,72,50,22
2019-09-04 20:00:00,26,19,7
2019-09-04 21:00:00,16,11,5
2019-09-04 22:00:00,9,6,3
2019-09-04 23:00:00,7,6,1
2019-09-05 00:00:00,4,2,2
2019-09-05 01:00:00,2,0,2
2019-09-05 02:00:00,4,2,2
2019-09-05 03:00:00,1,0,1
2019-09-05 04:00:00,9,2,7
2019-09-05 05:00:00,27,3,24
2019-09-05 06:00:00,101,12,89
2019-09-05 07:00:00,161,22,139
2019-09-05 08:00:00,178,12,166
2019-09-05 09:00:00,84,10,74
2019-09-05 10:00:00,37,14,23
2019-09-05 11:00:00,17,4,13
2019-09-05 12:00:00,33,22,11
2019-09-05 13:00:00,28,13,15
2019-09-05 14:00:00,41,20,21
2019-09-05 15:00:00,64,37,27
2019-09-05 16:00:00,139,121,18
2019-09-05 17:00:00,212,187,25
2019-09-05 18:00:00,122,106,16
2019-09-05 19:00:00,59,49,10
2019-09-05 20:00:00,20,13,7
2019-09-05 21:00:00,15,12,3
2019-09-05 22:00:00,3,3,0
2019-09-05 23:00:00,6,3,3
2019-09-06 00:00:00,3,3,0
2019-09-06 01:00:00,3,1,2
2019-09-06 02:00:00,2,1,1
2019-09-06 03:00:00,0,0,0
2019-09-06 04:00:00,8,2,6
2019-09-06 05:00:00,33,5,28
2019-09-06 06:00:00,77,14,63
2019-09-06 07:00:00,141,9,132
2019-09-06 08:00:00,157,8,149
2019-09-06 09:00:00,58,10,48
2019-09-06 10:00:00,39,9,30
2019-09-06 11:00:00,29,10,19
2019-09-06 12:00:00,33,19,14
2019-09-06 13:00:00,54,26,28
2019-09-06 14:00:00,54,34,20
2019-09-06 15:00:00,85,59,26
2019-09-06 16:00:00,147,131,16
2019-09-06 17:00:00,189,161,28
2019-09-06 18:00:00,108,80,28
2019-09-06 19:00:00,58,43,15
2019-09-06 20:00:00,31,20,11
2019-09-06 21:00:00,10,7,3
2019-09-06 22:00:00,13,9,4
2019-09-06 23:00:00,6,4,2
2019-09-07 00:00:00,2,2,0
2019-09-07 01:00:00,6,4,2
2019-09-07 02:00:00,5,4,1
2019-09-07 03:00:00,7,4,3
2019-09-07 04:00:00,3,2,1
2019-09-07 05:00:00,3,2,1
2019-09-07 06:00:00,11,3,8
2019-09-07 07:00:00,15,7,8
2019-09-07 08:00:00,57,20,37
2019-09-07 09:00:00,44,18,26
2019-09-07 10:00:00,73,40,33
2019-09-07 11:00:00,53,21,32
2019-09-07 12:00:00,54,23,31
2019-09-07 13:00:00,58,27,31
2019-09-07 14:00:00,50,24,26
2019-09-07 15:00:00,50,24,26
2019-09-07 16:00:00,38,22,16
2019-09-07 17:00:00,51,28,23
2019-09-07 18:00:00,31,15,16
2019-09-07 19:00:00,19,12,7
2019-09-07 20:00:00,3,2,1
2019-09-07 21:00:00,8,7,1
2019-09-07 22:00:00,4,4,0
2019-09-07 23:00:00,5,4,1
2019-09-08 00:00:00,1,1,0
2019-09-08 01:00:00,1,1,0
2019-09-08 02:00:00,1,1,0
2019-09-08 03:00:00,0,0,0
2019-09-08 04:00:00,4,2,2
2019-09-08 05:00:00,2,0,2
2019-09-08 06:00:00,4,0,4
2019-09-08 07:00:00,3,2,1
2019-09-08 08:00:00,11,4,7
2019-09-08 09:00:00,33,12,21
2019-09-08 10:00:00,18,9,9
2019-09-08 11:00:00,21,11,10
2019-09-08 12:00:00,23,9,14
2019-09-08 13:00:00,20,5,15
2019-09-08 14:00:00,31,20,11
2019-09-08 15:00:00,24,8,16
2019-09-08 16:00:00,33,25,8
2019-09-08 17:00:00,34,24,10
2019-09-08 18:00:00,14,10,4
2019-09-08 19:00:00,17,6,11
2019-09-08 20:00:00,5,3,2
2019-09-08 21:00:00,6,4,2
2019-09-08 22:00:00,4,3,1
2019-09-08 23:00:00,2,1,1
2019-09-09 00:00:00,1,0,1
2019-09-09 01:00:00,1,1,0
2019-09-09 02:00:00,1,0,1
2019-09-09 03:00:00,2,1,1
2019-09-09 04:00:00,9,2,7
2019-09-09 05:00:00,15,2,13
2019-09-09 06:00:00,65,9,56
2019-09-09 07:00:00,137,13,124
2019-09-09 08:00:00,109,10,99
2019-09-09 09:00:00,50,5,45
2019-09-09 10:00:00,17,4,13
2019-09-09 11:00:00,12,3,9
2019-09-09 12:00:00,15,5,10
2019-09-09 13:00:00,14,7,7
2019-09-09 14:00:00,10,3,7
2019-09-09 15:00:00,37,31,6
2019-09-09 16:00:00,82,71,11
2019-09-09 17:00:00,156,143,13
2019-09-09 18:00:00,73,65,8
2019-09-09 19:00:00,32,29,3
2019-09-09 20:00:00,9,8,1
2019-09-09 21:00:00,12,8,4
2019-09-09 22:00:00,4,2,2
2019-09-09 23:00:00,5,3,2
2019-09-10 00:00:00,0,0,0
2019-09-10 01:00:00,2,2,0
2019-09-10 02:00:00,4,1,3
2019-09-10 03:00:00,2,1,1
2019-09-10 04:00:00,8,1,7
2019-09-10 05:00:00,21,3,18
2019-09-10 06:00:00,71,9,62
2019-09-10 07:00:00,119,14,105
2019-09-10 08:00:00,150,12,138
2019-09-10 09:00:00,53,9,44
2019-09-10 10:00:00,20,2,18
2019-09-10 11:00:00,24,8,16
2019-09-10 12:00:00,21,12,9
2019-09-10 13:00:00,34,17,17
2019-09-10 14:00:00,40,19,21
2019-09-10 15:00:00,51,34,17
2019-09-10 16:00:00,106,89,17
2019-09-10 17:00:00,195,170,25
2019-09-10 18:00:00,108,86,22
2019-09-10 19:00:00,38,35,3
2019-09-10 20:00:00,21,12,9
2019-09-10 21:00:00,19,14,5
2019-09-10 22:00:00,7,7,0
2019-09-10 23:00:00,9,5,4
2019-09-11 00:00:00,7,5,2
2019-09-11 01:00:00,2,1,1
2019-09-11 02:00:00,4,2,2
2019-09-11 03:00:00,4,2,2
2019-09-11 04:00:00,8,4,4
2019-09-11 05:00:00,29,3,26
2019-09-11 06:00:00,83,9,74
2019-09-11 07:00:00,161,14,147
2019-09-11 08:00:00,199,13,186
2019-09-11 09:00:00,79,18,61
2019-09-11 10:00:00,34,6,28
2019-09-11 11:00:00,24,9,15
2019-09-11 12:00:00,23,13,10
2019-09-11 13:00:00,32,14,18
2019-09-11 14:00:00,40,19,21
2019-09-11 15:00:00,75,52,23
2019-09-11 16:00:00,150,121,29
2019-09-11 17:00:00,227,194,33
2019-09-11 18:00:00,137,109,28
2019-09-11 19:00:00,58,44,14
2019-09-11 20:00:00,20,16,4
2019-09-11 21:00:00,15,10,5
2019-09-11 22:00:00,15,10,5
2019-09-11 23:00:00,3,3,0
2019-09-12 00:00:00,5,5,0
2019-09-12 01:00:00,0,0,0
2019-09-12 02:00:00,5,3,2
2019-09-12 03:00:00,2,0,2
2019-09-12 04:00:00,5,1,4
2019-09-12 05:00:00,26,5,21
2019-09-12 06:00:00,90,11,79
2019-09-12 07:00:00,160,18,142
2019-09-12 08:00:00,195,15,180
2019-09-12 09:00:00,75,9,66
2019-09-12 10:00:00,48,12,36
2019-09-12 11:00:00,40,24,16
2019-09-12 12:00:00,46,17,29
2019-09-12 13:00:00,41,18,23
2019-09-12 14:00:00,33,20,13
2019-09-12 15:00:00,80,50,30
2019-09-12 16:00:00,144,113,31
2019-09-12 17:00:00,232,211,21
2019-09-12 18:00:00,138,118,20
2019-09-12 19:00:00,49,37,12
2019-09-12 20:00:00,27,20,7
2019-09-12 21:00:00,11,10,1
2019-09-12 22:00:00,7,7,0
2019-09-12 23:00:00,6,2,4
2019-09-13 00:00:00,1,1,0
2019-09-13 01:00:00,0,0,0
2019-09-13 02:00:00,5,5,0
2019-09-13 03:00:00,4,0,4
2019-09-13 04:00:00,7,2,5
2019-09-13 05:00:00,19,4,15
2019-09-13 06:00:00,45,5,40
2019-09-13 07:00:00,117,18,99
2019-09-13 08:00:00,135,14,121
2019-09-13 09:00:00,61,6,55
2019-09-13 10:00:00,27,8,19
2019-09-13 11:00:00,29,6,23
2019-09-13 12:00:00,35,26,9
2019-09-13 13:00:00,23,12,11
2019-09-13 14:00:00,47,22,25
2019-09-13 15:00:00,58,40,18
2019-09-13 16:00:00,111,91,20
2019-09-13 17:00:00,165,147,18
2019-09-13 18:00:00,86,66,20
2019-09-13 19:00:00,42,31,11
2019-09-13 20:00:00,17,11,6
2019-09-13 21:00:00,14,12,2
2019-09-13 22:00:00,5,4,1
2019-09-13 23:00:00,5,5,0
2019-09-14 00:00:00,5,5,0
2019-09-14 01:00:00,2,2,0
2019-09-14 02:00:00,1,0,1
2019-09-14 03:00:00,1,1,0
2019-09-14 04:00:00,2,0,2
2019-09-14 05:00:00,5,1,4
2019-09-14 06:00:00,14,8,6
2019-09-14 07:00:00,16,3,13
2019-09-14 08:00:00,38,16,22
2019-09-14 09:00:00,29,12,17
2019-09-14 10:00:00,49,23,26
2019-09-14 11:00:00,56,28,28
2019-09-14 12:00:00,43,20,23
2019-09-14 13:00:00,52,30,22
2019-09-14 14:00:00,45,16,29
2019-09-14 15:00:00,34,12,22
2019-09-14 16:00:00,38,17,21
2019-09-14 17:00:00,21,13,8
2019-09-14 18:00:00,21,15,6
2019-09-14 19:00:00,14,9,5
2019-09-14 20:00:00,5,3,2
2019-09-14 21:00:00,5,2,3
2019-09-14 22:00:00,5,1,4
2019-09-14 23:00:00,8,6,2
2019-09-15 00:00:00,4,4,0
2019-09-15 01:00:00,1,0,1
2019-09-15 02:00:00,3,1,2
2019-09-15 03:00:00,1,0,1
2019-09-15 04:00:00,0,0,0
2019-09-15 05:00:00,0,0,0
2019-09-15 06:00:00,2,1,1
2019-09-15 07:00:00,7,2,5
2019-09-15 08:00:00,7,1,6
2019-09-15 09:00:00,7,2,5
2019-09-15 10:00:00,7,2,5
2019-09-15 11:00:00,12,9,3
2019-09-15 12:00:00,9,4,5
2019-09-15 13:00:00,9,5,4
2019-09-15 14:00:00,15,4,11
2019-09-15 15:00:00,18,12,6
2019-09-15 16:00:00,9,1,8
2019-09-15 17:00:00,16,11,5
2019-09-15 18:00:00,16,7,9
2019-09-15 19:00:00,7,5,2
2019-09-15 20:00:00,4,2,2
2019-09-15 21:00:00,2,0,2
2019-09-15 22:00:00,6,6,0
2019-09-15 23:00:00,14,4,10
2019-09-16 00:00:00,2,2,0
2019-09-16 01:00:00,3,1,2
2019-09-16 02:00:00,1,0,1
2019-09-16 03:00:00,0,0,0
2019-09-16 04:00:00,8,2,6
2019-09-16 05:00:00,12,2,10
2019-09-16 06:00:00,70,4,66
2019-09-16 07:00:00,153,16,137
2019-09-16 08:00:00,177,12,165
2019-09-16 09:00:00,56,4,52
2019-09-16 10:00:00,30,8,22
2019-09-16 11:00:00,23,9,14
2019-09-16 12:00:00,22,8,14
2019-09-16 13:00:00,30,12,18
2019-09-16 14:00:00,33,20,13
2019-09-16 15:00:00,53,41,12
2019-09-16 16:00:00,132,106,26
2019-09-16 17:00:00,214,198,16
2019-09-16 18:00:00,117,102,15
2019-09-16 19:00:00,41,30,11
2019-09-16 20:00:00,13,7,6
2019-09-16 21:00:00,22,16,6
2019-09-16 22:00:00,7,4,3
2019-09-16 23:00:00,5,5,0
2019-09-17 00:00:00,4,3,1
2019-09-17 01:00:00,2,1,1
2019-09-17 02:00:00,2,1,1
2019-09-17 03:00:00,5,3,2
2019-09-17 04:00:00,9,2,7
2019-09-17 05:00:00,21,3,18
2019-09-17 06:00:00,66,14,52
2019-09-17 07:00:00,116,8,108
2019-09-17 08:00:00,107,10,97
2019-09-17 09:00:00,34,5,29
2019-09-17 10:00:00,12,3,9
2019-09-17 11:00:00,11,4,7
2019-09-17 12:00:00,9,5,4
2019-09-17 13:00:00,12,4,8
2019-09-17 14:00:00,11,6,5
2019-09-17 15:00:00,29,19,10
2019-09-17 16:00:00,79,68,11
2019-09-17 17:00:00,148,139,9
2019-09-17 18:00:00,61,52,9
2019-09-17 19:00:00,25,19,6
2019-09-17 20:00:00,9,8,1
2019-09-17 21:00:00,5,3,2
2019-09-17 22:00:00,5,3,2
2019-09-17 23:00:00,6,4,2
2019-09-18 00:00:00,2,2,0
2019-09-18 01:00:00,0,0,0
2019-09-18 02:00:00,4,1,3
2019-09-18 03:00:00,4,1,3
2019-09-18 04:00:00,6,3,3
2019-09-18 05:00:00,12,3,9
2019-09-18 06:00:00,71,6,65
2019-09-18 07:00:00,136,11,125
2019-09-18 08:00:00,149,11,138
2019-09-18 09:00:00,54,4,50
2019-09-18 10:00:00,31,10,21
2019-09-18 11:00:00,19,5,14
2019-09-18 12:00:00,0,0,0
2019-09-18 13:00:00,11,5,6
2019-09-18 14:00:00,42,21,21
2019-09-18 15:00:00,65,46,19
2019-09-18 16:00:00,108,95,13
2019-09-18 17:00:00,170,143,27
2019-09-18 18:00:00,111,93,18
2019-09-18 19:00:00,46,35,11
2019-09-18 20:00:00,26,22,4
2019-09-18 21:00:00,16,12,4
2019-09-18 22:00:00,23,19,4
2019-09-18 23:00:00,9,9,0
2019-09-19 00:00:00,4,2,2
2019-09-19 01:00:00,4,2,2
2019-09-19 02:00:00,4,3,1
2019-09-19 03:00:00,3,1,2
2019-09-19 04:00:00,4,0,4
2019-09-19 05:00:00,23,4,19
2019-09-19 06:00:00,102,8,94
2019-09-19 07:00:00,135,12,123
2019-09-19 08:00:00,171,10,161
2019-09-19 09:00:00,69,12,57
2019-09-19 10:00:00,30,12,18
2019-09-19 11:00:00,35,15,20
2019-09-19 12:00:00,32,16,16
2019-09-19 13:00:00,39,20,19
2019-09-19 14:00:00,37,17,20
2019-09-19 15:00:00,70,53,17
2019-09-19 16:00:00,137,122,15
2019-09-19 17:00:00,176,160,16
2019-09-19 18:00:00,123,101,22
2019-09-19 19:00:00,46,38,8
2019-09-19 20:00:00,10,6,4
2019-09-19 21:00:00,21,15,6
2019-09-19 22:00:00,13,12,1
2019-09-19 23:00:00,5,4,1
2019-09-20 00:00:00,4,3,1
2019-09-20 01:00:00,2,1,1
2019-09-20 02:00:00,4,3,1
2019-09-20 03:00:00,1,1,0
2019-09-20 04:00:00,3,1,2
2019-09-20 05:00:00,14,4,10
2019-09-20 06:00:00,60,6,54
2019-09-20 07:00:00,111,13,98
2019-09-20 08:00:00,141,16,125
2019-09-20 09:00:00,60,5,55
2019-09-20 10:00:00,36,3,33
2019-09-20 11:00:00,21,5,16
2019-09-20 12:00:00,19,3,16
2019-09-20 13:00:00,34,20,14
2019-09-20 14:00:00,33,22,11
2019-09-20 15:00:00,88,61,27
2019-09-20 16:00:00,139,109,30
2019-09-20 17:00:00,148,134,14
2019-09-20 18:00:00,76,66,10
2019-09-20 19:00:00,41,32,9
2019-09-20 20:00:00,11,8,3
2019-09-20 21:00:00,12,5,7
2019-09-20 22:00:00,9,8,1
2019-09-20 23:00:00,8,7,1
2019-09-21 00:00:00,5,1,4
2019-09-21 01:00:00,1,0,1
2019-09-21 02:00:00,1,1,0
2019-09-21 03:00:00,3,1,2
2019-09-21 04:00:00,1,1,0
2019-09-21 05:00:00,2,1,1
2019-09-21 06:00:00,14,5,9
2019-09-21 07:00:00,19,4,15
2019-09-21 08:00:00,30,17,13
2019-09-21 09:00:00,46,15,31
2019-09-21 10:00:00,52,29,23
2019-09-21 11:00:00,110,41,69
2019-09-21 12:00:00,92,58,34
2019-09-21 13:00:00,92,53,39
2019-09-21 14:00:00,69,30,39
2019-09-21 15:00:00,69,34,35
2019-09-21 16:00:00,75,37,38
2019-09-21 17:00:00,44,24,20
2019-09-21 18:00:00,33,18,15
2019-09-21 19:00:00,16,9,7
2019-09-21 20:00:00,10,6,4
2019-09-21 21:00:00,5,3,2
2019-09-21 22:00:00,6,2,4
2019-09-21 23:00:00,6,5,1
2019-09-22 00:00:00,4,4,0
2019-09-22 01:00:00,1,1,0
2019-09-22 02:00:00,3,2,1
2019-09-22 03:00:00,1,0,1
2019-09-22 04:00:00,0,0,0
2019-09-22 05:00:00,6,4,2
2019-09-22 06:00:00,5,1,4
2019-09-22 07:00:00,1,1,0
2019-09-22 08:00:00,8,3,5
2019-09-22 09:00:00,15,6,9
2019-09-22 10:00:00,12,4,8
2019-09-22 11:00:00,14,5,9
2019-09-22 12:00:00,8,5,3
2019-09-22 13:00:00,7,4,3
2019-09-22 14:00:00,6,3,3
2019-09-22 15:00:00,3,1,2
2019-09-22 16:00:00,12,9,3
2019-09-22 17:00:00,21,15,6
2019-09-22 18:00:00,12,8,4
2019-09-22 19:00:00,9,6,3
2019-09-22 20:00:00,7,6,1
2019-09-22 21:00:00,2,2,0
2019-09-22 22:00:00,2,2,0
2019-09-22 23:00:00,2,1,1
2019-09-23 00:00:00,1,1,0
2019-09-23 01:00:00,6,4,2
2019-09-23 02:00:00,0,0,0
2019-09-23 03:00:00,1,0,1
2019-09-23 04:00:00,5,1,4
2019-09-23 05:00:00,23,4,19
2019-09-23 06:00:00,82,11,71
2019-09-23 07:00:00,160,8,152
2019-09-23 08:00:00,174,9,165
2019-09-23 09:00:00,51,2,49
2019-09-23 10:00:00,23,4,19
2019-09-23 11:00:00,14,2,12
2019-09-23 12:00:00,16,9,7
2019-09-23 13:00:00,8,5,3
2019-09-23 14:00:00,24,14,10
2019-09-23 15:00:00,37,30,7
2019-09-23 16:00:00,103,90,13
2019-09-23 17:00:00,179,162,17
2019-09-23 18:00:00,106,97,9
2019-09-23 19:00:00,31,27,4
2019-09-23 20:00:00,13,12,1
2019-09-23 21:00:00,8,7,1
2019-09-23 22:00:00,2,1,1
2019-09-23 23:00:00,5,3,2
2019-09-24 00:00:00,1,1,0
2019-09-24 01:00:00,3,0,3
2019-09-24 02:00:00,3,2,1
2019-09-24 03:00:00,2,1,1
2019-09-24 04:00:00,4,1,3
2019-09-24 05:00:00,33,7,26
2019-09-24 06:00:00,72,7,65
2019-09-24 07:00:00,141,14,127
2019-09-24 08:00:00,160,10,150
2019-09-24 09:00:00,44,9,35
2019-09-24 10:00:00,26,3,23
2019-09-24 11:00:00,24,7,17
2019-09-24 12:00:00,13,4,9
2019-09-24 13:00:00,17,11,6
2019-09-24 14:00:00,32,13,19
2019-09-24 15:00:00,71,46,25
2019-09-24 16:00:00,122,106,16
2019-09-24 17:00:00,186,168,18
2019-09-24 18:00:00,129,117,12
2019-09-24 19:00:00,37,31,6
2019-09-24 20:00:00,16,13,3
2019-09-24 21:00:00,10,9,1
2019-09-24 22:00:00,8,8,0
2019-09-24 23:00:00,3,3,0
2019-09-25 00:00:00,3,2,1
2019-09-25 01:00:00,0,0,0
2019-09-25 02:00:00,5,1,4
2019-09-25 03:00:00,3,2,1
2019-09-25 04:00:00,6,2,4
2019-09-25 05:00:00,28,6,22
2019-09-25 06:00:00,73,5,68
2019-09-25 07:00:00,155,14,141
2019-09-25 08:00:00,177,11,166
2019-09-25 09:00:00,54,5,49
2019-09-25 10:00:00,42,9,33
2019-09-25 11:00:00,26,14,12
2019-09-25 12:00:00,43,16,27
2019-09-25 13:00:00,39,19,20
2019-09-25 14:00:00,33,19,14
2019-09-25 15:00:00,73,46,27
2019-09-25 16:00:00,127,105,22
2019-09-25 17:00:00,216,195,21
2019-09-25 18:00:00,138,119,19
2019-09-25 19:00:00,52,37,15
2019-09-25 20:00:00,21,12,9
2019-09-25 21:00:00,16,9,7
2019-09-25 22:00:00,17,14,3
2019-09-25 23:00:00,4,3,1
2019-09-26 00:00:00,4,4,0
2019-09-26 01:00:00,3,0,3
2019-09-26 02:00:00,2,1,1
2019-09-26 03:00:00,0,0,0
2019-09-26 04:00:00,6,3,3
2019-09-26 05:00:00,19,5,14
2019-09-26 06:00:00,65,5,60
2019-09-26 07:00:00,103,12,91
2019-09-26 08:00:00,127,7,120
2019-09-26 09:00:00,46,6,40
2019-09-26 10:00:00,34,14,20
2019-09-26 11:00:00,24,11,13
2019-09-26 12:00:00,24,7,17
2019-09-26 13:00:00,24,11,13
2019-09-26 14:00:00,26,14,12
2019-09-26 15:00:00,61,44,17
2019-09-26 16:00:00,92,79,13
2019-09-26 17:00:00,155,130,25
2019-09-26 18:00:00,108,87,21
2019-09-26 19:00:00,34,26,8
2019-09-26 20:00:00,27,15,12
2019-09-26 21:00:00,21,17,4
2019-09-26 22:00:00,11,10,1
2019-09-26 23:00:00,3,3,0
2019-09-27 00:00:00,2,0,2
2019-09-27 01:00:00,2,1,1
2019-09-27 02:00:00,2,1,1
2019-09-27 03:00:00,2,0,2
2019-09-27 04:00:00,9,4,5
2019-09-27 05:00:00,20,3,17
2019-09-27 06:00:00,34,5,29
2019-09-27 07:00:00,97,6,91
2019-09-27 08:00:00,118,8,110
2019-09-27 09:00:00,36,4,32
2019-09-27 10:00:00,24,5,19
2019-09-27 11:00:00,17,6,11
2019-09-27 12:00:00,23,7,16
2019-09-27 13:00:00,25,15,10
2019-09-27 14:00:00,30,19,11
2019-09-27 15:00:00,71,48,23
2019-09-27 16:00:00,104,83,21
2019-09-27 17:00:00,106,90,16
2019-09-27 18:00:00,67,59,8
2019-09-27 19:00:00,20,15,5
2019-09-27 20:00:00,8,7,1
2019-09-27 21:00:00,8,6,2
2019-09-27 22:00:00,6,2,4
2019-09-27 23:00:00,9,5,4
2019-09-28 00:00:00,3,2,1
2019-09-28 01:00:00,2,2,0
2019-09-28 02:00:00,0,0,0
2019-09-28 03:00:00,0,0,0
2019-09-28 04:00:00,1,0,1
2019-09-28 05:00:00,6,0,6
2019-09-28 06:00:00,5,1,4
2019-09-28 07:00:00,7,2,5
2019-09-28 08:00:00,12,7,5
2019-09-28 09:00:00,25,17,8
2019-09-28 10:00:00,13,4,9
2019-09-28 11:00:00,21,6,15
2019-09-28 12:00:00,39,21,18
2019-09-28 13:00:00,41,20,21
2019-09-28 14:00:00,47,22,25
2019-09-28 15:00:00,51,23,28
2019-09-28 16:00:00,45,26,19
2019-09-28 17:00:00,40,28,12
2019-09-28 18:00:00,29,18,11
2019-09-28 19:00:00,8,2,6
2019-09-28 20:00:00,14,12,2
2019-09-28 21:00:00,13,7,6
2019-09-28 22:00:00,4,2,2
2019-09-28 23:00:00,1,1,0
2019-09-29 00:00:00,5,4,1
2019-09-29 01:00:00,4,2,2
2019-09-29 02:00:00,1,0,1
2019-09-29 03:00:00,3,1,2
2019-09-29 04:00:00,3,2,1
2019-09-29 05:00:00,3,1,2
2019-09-29 06:00:00,8,1,7
2019-09-29 07:00:00,7,4,3
2019-09-29 08:00:00,21,9,12
2019-09-29 09:00:00,23,4,19
2019-09-29 10:00:00,32,16,16
2019-09-29 11:00:00,39,20,19
2019-09-29 12:00:00,45,24,21
2019-09-29 13:00:00,42,22,20
2019-09-29 14:00:00,33,13,20
2019-09-29 15:00:00,36,16,20
2019-09-29 16:00:00,32,16,16
2019-09-29 17:00:00,20,12,8
2019-09-29 18:00:00,18,4,14
2019-09-29 19:00:00,6,4,2
2019-09-29 20:00:00,8,6,2
2019-09-29 21:00:00,8,8,0
2019-09-29 22:00:00,4,2,2
2019-09-29 23:00:00,2,1,1
2019-09-30 00:00:00,2,1,1
2019-09-30 01:00:00,1,1,0
2019-09-30 02:00:00,2,2,0
2019-09-30 03:00:00,4,1,3
2019-09-30 04:00:00,8,2,6
2019-09-30 05:00:00,24,3,21
2019-09-30 06:00:00,62,4,58
2019-09-30 07:00:00,138,11,127
2019-09-30 08:00:00,183,11,172
2019-09-30 09:00:00,64,10,54
2019-09-30 10:00:00,40,11,29
2019-09-30 11:00:00,19,7,12
2019-09-30 12:00:00,17,8,9
2019-09-30 13:00:00,30,14,16
2019-09-30 14:00:00,38,21,17
2019-09-30 15:00:00,63,42,21
2019-09-30 16:00:00,136,116,20
2019-09-30 17:00:00,205,192,13
2019-09-30 18:00:00,113,104,9
2019-09-30 19:00:00,45,37,8
2019-09-30 20:00:00,13,12,1
2019-09-30 21:00:00,7,4,3
2019-09-30 22:00:00,1,1,0
2019-09-30 23:00:00,6,4,2
2019-10-01 00:00:00,1,1,0
2019-10-01 01:00:00,3,2,1
2019-10-01 02:00:00,2,1,1
2019-10-01 03:00:00,0,0,0
2019-10-01 04:00:00,5,1,4
2019-10-01 05:00:00,25,4,21
2019-10-01 06:00:00,97,12,85
2019-10-01 07:00:00,152,12,140
2019-10-01 08:00:00,170,11,159
2019-10-01 09:00:00,63,7,56
2019-10-01 10:00:00,34,9,25
2019-10-01 11:00:00,29,10,19
2019-10-01 12:00:00,34,12,22
2019-10-01 13:00:00,31,15,16
2019-10-01 14:00:00,49,29,20
2019-10-01 15:00:00,74,57,17
2019-10-01 16:00:00,145,125,20
2019-10-01 17:00:00,227,210,17
2019-10-01 18:00:00,123,106,17
2019-10-01 19:00:00,63,44,19
2019-10-01 20:00:00,23,14,9
2019-10-01 21:00:00,25,6,19
2019-10-01 22:00:00,8,6,2
2019-10-01 23:00:00,1,1,0
2019-10-02 00:00:00,0,0,0
2019-10-02 01:00:00,0,0,0
2019-10-02 02:00:00,4,2,2
2019-10-02 03:00:00,4,1,3
2019-10-02 04:00:00,2,1,1
2019-10-02 05:00:00,31,7,24
2019-10-02 06:00:00,76,10,66
2019-10-02 07:00:00,144,14,130
2019-10-02 08:00:00,166,7,159
2019-10-02 09:00:00,61,10,51
2019-10-02 10:00:00,32,9,23
2019-10-02 11:00:00,27,10,17
2019-10-02 12:00:00,24,8,16
2019-10-02 13:00:00,30,16,14
2019-10-02 14:00:00,30,19,11
2019-10-02 15:00:00,50,35,15
2019-10-02 16:00:00,118,99,19
2019-10-02 17:00:00,219,195,24
2019-10-02 18:00:00,98,81,17
2019-10-02 19:00:00,32,29,3
2019-10-02 20:00:00,17,14,3
2019-10-02 21:00:00,10,7,3
2019-10-02 22:00:00,9,6,3
2019-10-02 23:00:00,4,3,1
2019-10-03 00:00:00,1,1,0
2019-10-03 01:00:00,0,0,0
2019-10-03 02:00:00,4,2,2
2019-10-03 03:00:00,2,1,1
2019-10-03 04:00:00,5,2,3
2019-10-03 05:00:00,25,3,22
2019-10-03 06:00:00,68,3,65
2019-10-03 07:00:00,129,11,118
2019-10-03 08:00:00,128,6,122
2019-10-03 09:00:00,71,13,58
2019-10-03 10:00:00,18,3,15
2019-10-03 11:00:00,12,2,10
2019-10-03 12:00:00,27,11,16
2019-10-03 13:00:00,21,9,12
2019-10-03 14:00:00,43,26,17
2019-10-03 15:00:00,54,39,15
2019-10-03 16:00:00,123,106,17
2019-10-03 17:00:00,159,141,18
2019-10-03 18:00:00,86,69,17
2019-10-03 19:00:00,30,22,8
2019-10-03 20:00:00,30,20,10
2019-10-03 21:00:00,33,29,4
2019-10-03 22:00:00,3,3,0
2019-10-03 23:00:00,2,2,0
2019-10-04 00:00:00,2,1,1
2019-10-04 01:00:00,1,1,0
2019-10-04 02:00:00,1,0,1
2019-10-04 03:00:00,2,1,1
2019-10-04 04:00:00,6,3,3
2019-10-04 05:00:00,16,4,12
2019-10-04 06:00:00,49,7,42
2019-10-04 07:00:00,117,13,104
2019-10-04 08:00:00,128,9,119
2019-10-04 09:00:00,53,5,48
2019-10-04 10:00:00,22,6,16
2019-10-04 11:00:00,26,8,18
2019-10-04 12:00:00,14,4,10
2019-10-04 13:00:00,19,8,11
2019-10-04 14:00:00,31,24,7
2019-10-04 15:00:00,58,41,17
2019-10-04 16:00:00,103,85,18
2019-10-04 17:00:00,126,109,17
2019-10-04 18:00:00,68,57,11
2019-10-04 19:00:00,29,22,7
2019-10-04 20:00:00,13,8,5
2019-10-04 21:00:00,7,5,2
2019-10-04 22:00:00,8,6,2
2019-10-04 23:00:00,6,3,3
2019-10-05 00:00:00,3,1,2
2019-10-05 01:00:00,3,3,0
2019-10-05 02:00:00,2,2,0
2019-10-05 03:00:00,3,3,0
2019-10-05 04:00:00,0,0,0
2019-10-05 05:00:00,1,0,1
2019-10-05 06:00:00,9,2,7
2019-10-05 07:00:00,14,6,8
2019-10-05 08:00:00,30,5,25
2019-10-05 09:00:00,23,7,16
2019-10-05 10:00:00,48,33,15
2019-10-05 11:00:00,56,20,36
2019-10-05 12:00:00,43,18,25
2019-10-05 13:00:00,52,21,31
2019-10-05 14:00:00,40,22,18
2019-10-05 15:00:00,75,35,40
2019-10-05 16:00:00,47,32,15
2019-10-05 17:00:00,36,13,23
2019-10-05 18:00:00,15,7,8
2019-10-05 19:00:00,18,13,5
2019-10-05 20:00:00,10,9,1
2019-10-05 21:00:00,6,4,2
2019-10-05 22:00:00,4,2,2
2019-10-05 23:00:00,5,5,0
2019-10-06 00:00:00,4,3,1
2019-10-06 01:00:00,1,1,0
2019-10-06 02:00:00,1,1,0
2019-10-06 03:00:00,2,1,1
2019-10-06 04:00:00,2,1,1
2019-10-06 05:00:00,5,1,4
2019-10-06 06:00:00,5,1,4
2019-10-06 07:00:00,9,4,5
2019-10-06 08:00:00,18,3,15
2019-10-06 09:00:00,28,12,16
2019-10-06 10:00:00,23,11,12
2019-10-06 11:00:00,73,31,42
2019-10-06 12:00:00,90,26,64
2019-10-06 13:00:00,64,28,36
2019-10-06 14:00:00,59,32,27
2019-10-06 15:00:00,85,52,33
2019-10-06 16:00:00,68,42,26
2019-10-06 17:00:00,28,13,15
2019-10-06 18:00:00,27,17,10
2019-10-06 19:00:00,11,5,6
2019-10-06 20:00:00,10,8,2
2019-10-06 21:00:00,6,3,3
2019-10-06 22:00:00,2,1,1
2019-10-06 23:00:00,4,3,1
2019-10-07 00:00:00,1,0,1
2019-10-07 01:00:00,0,0,0
2019-10-07 02:00:00,1,1,0
2019-10-07 03:00:00,3,3,0
2019-10-07 04:00:00,4,0,4
2019-10-07 05:00:00,20,3,17
2019-10-07 06:00:00,68,13,55
2019-10-07 07:00:00,126,10,116
2019-10-07 08:00:00,156,10,146
2019-10-07 09:00:00,61,6,55
2019-10-07 10:00:00,18,1,17
2019-10-07 11:00:00,11,5,6
2019-10-07 12:00:00,8,5,3
2019-10-07 13:00:00,11,4,7
2019-10-07 14:00:00,24,11,13
2019-10-07 15:00:00,43,30,13
2019-10-07 16:00:00,105,91,14
2019-10-07 17:00:00,175,158,17
2019-10-07 18:00:00,101,87,14
2019-10-07 19:00:00,30,23,7
2019-10-07 20:00:00,8,8,0
2019-10-07 21:00:00,14,8,6
2019-10-07 22:00:00,3,3,0
2019-10-07 23:00:00,3,2,1
2019-10-08 00:00:00,1,1,0
2019-10-08 01:00:00,0,0,0
2019-10-08 02:00:00,1,1,0
2019-10-08 03:00:00,1,0,1
2019-10-08 04:00:00,2,0,2
2019-10-08 05:00:00,31,5,26
2019-10-08 06:00:00,60,12,48
2019-10-08 07:00:00,122,13,109
2019-10-08 08:00:00,175,12,163
2019-10-08 09:00:00,82,10,72
2019-10-08 10:00:00,36,10,26
2019-10-08 11:00:00,15,7,8
2019-10-08 12:00:00,12,7,5
2019-10-08 13:00:00,13,7,6
2019-10-08 14:00:00,19,10,9
2019-10-08 15:00:00,41,31,10
2019-10-08 16:00:00,122,101,21
2019-10-08 17:00:00,175,163,12
2019-10-08 18:00:00,109,99,10
2019-10-08 19:00:00,42,33,9
2019-10-08 20:00:00,16,12,4
2019-10-08 21:00:00,8,5,3
2019-10-08 22:00:00,2,1,1
2019-10-08 23:00:00,2,1,1
2019-10-09 00:00:00,0,0,0
2019-10-09 01:00:00,3,0,3
2019-10-09 02:00:00,4,2,2
2019-10-09 03:00:00,1,0,1
2019-10-09 04:00:00,3,1,2
2019-10-09 05:00:00,21,4,17
2019-10-09 06:00:00,61,6,55
2019-10-09 07:00:00,142,11,131
2019-10-09 08:00:00,170,13,157
2019-10-09 09:00:00,63,9,54
2019-10-09 10:00:00,18,5,13
2019-10-09 11:00:00,20,7,13
2019-10-09 12:00:00,28,17,11
2019-10-09 13:00:00,34,18,16
2019-10-09 14:00:00,38,20,18
2019-10-09 15:00:00,62,46,16
2019-10-09 16:00:00,111,92,19
2019-10-09 17:00:00,221,187,34
2019-10-09 18:00:00,113,98,15
2019-10-09 19:00:00,40,34,6
2019-10-09 20:00:00,29,20,9
2019-10-09 21:00:00,13,11,2
2019-10-09 22:00:00,6,3,3
2019-10-09 23:00:00,2,2,0
2019-10-10 00:00:00,3,3,0
2019-10-10 01:00:00,1,1,0
2019-10-10 02:00:00,1,1,0
2019-10-10 03:00:00,2,1,1
2019-10-10 04:00:00,2,1,1
2019-10-10 05:00:00,28,6,22
2019-10-10 06:00:00,66,14,52
2019-10-10 07:00:00,122,11,111
2019-10-10 08:00:00,137,7,130
2019-10-10 09:00:00,61,8,53
2019-10-10 10:00:00,38,9,29
2019-10-10 11:00:00,16,3,13
2019-10-10 12:00:00,21,7,14
2019-10-10 13:00:00,38,18,20
2019-10-10 14:00:00,26,14,12
2019-10-10 15:00:00,65,48,17
2019-10-10 16:00:00,126,105,21
2019-10-10 17:00:00,167,150,17
2019-10-10 18:00:00,95,86,9
2019-10-10 19:00:00,40,30,10
2019-10-10 20:00:00,18,13,5
2019-10-10 21:00:00,9,7,2
2019-10-10 22:00:00,3,3,0
2019-10-10 23:00:00,4,3,1
2019-10-11 00:00:00,6,4,2
2019-10-11 01:00:00,0,0,0
2019-10-11 02:00:00,3,2,1
2019-10-11 03:00:00,2,1,1
2019-10-11 04:00:00,5,0,5
2019-10-11 05:00:00,13,3,10
2019-10-11 06:00:00,47,8,39
2019-10-11 07:00:00,103,5,98
2019-10-11 08:00:00,121,11,110
2019-10-11 09:00:00,46,9,37
2019-10-11 10:00:00,26,11,15
2019-10-11 11:00:00,14,5,9
2019-10-11 12:00:00,31,19,12
2019-10-11 13:00:00,36,9,27
2019-10-11 14:00:00,37,26,11
2019-10-11 15:00:00,56,41,15
2019-10-11 16:00:00,104,89,15
2019-10-11 17:00:00,146,129,17
2019-10-11 18:00:00,76,56,20
2019-10-11 19:00:00,33,26,7
2019-10-11 20:00:00,15,15,0
2019-10-11 21:00:00,4,3,1
2019-10-11 22:00:00,4,2,2
2019-10-11 23:00:00,4,1,3
2019-10-12 00:00:00,0,0,0
2019-10-12 01:00:00,4,2,2
2019-10-12 02:00:00,4,3,1
2019-10-12 03:00:00,6,3,3
2019-10-12 04:00:00,2,2,0
2019-10-12 05:00:00,2,0,2
2019-10-12 06:00:00,7,3,4
2019-10-12 07:00:00,5,1,4
2019-10-12 08:00:00,25,5,20
2019-10-12 09:00:00,29,14,15
2019-10-12 10:00:00,50,35,15
2019-10-12 11:00:00,52,31,21
2019-10-12 12:00:00,70,17,53
2019-10-12 13:00:00,39,16,23
2019-10-12 14:00:00,30,16,14
2019-10-12 15:00:00,55,37,18
2019-10-12 16:00:00,39,19,20
2019-10-12 17:00:00,34,21,13
2019-10-12 18:00:00,18,6,12
2019-10-12 19:00:00,5,4,1
2019-10-12 20:00:00,3,0,3
2019-10-12 21:00:00,8,3,5
2019-10-12 22:00:00,6,3,3
2019-10-12 23:00:00,3,3,0
2019-10-13 00:00:00,2,1,1
2019-10-13 01:00:00,2,1,1
2019-10-13 02:00:00,2,1,1
2019-10-13 03:00:00,1,0,1
2019-10-13 04:00:00,1,1,0
2019-10-13 05:00:00,3,1,2
2019-10-13 06:00:00,0,0,0
2019-10-13 07:00:00,6,2,4
2019-10-13 08:00:00,15,6,9
2019-10-13 09:00:00,18,7,11
2019-10-13 10:00:00,16,8,8
2019-10-13 11:00:00,33,17,16
2019-10-13 12:00:00,43,17,26
2019-10-13 13:00:00,28,8,20
2019-10-13 14:00:00,42,17,25
2019-10-13 15:00:00,40,21,19
2019-10-13 16:00:00,38,16,22
2019-10-13 17:00:00,15,8,7
2019-10-13 18:00:00,18,9,9
2019-10-13 19:00:00,9,7,2
2019-10-13 20:00:00,5,5,0
2019-10-13 21:00:00,3,1,2
2019-10-13 22:00:00,4,4,0
2019-10-13 23:00:00,1,0,1
2019-10-14 00:00:00,1,1,0
2019-10-14 01:00:00,2,2,0
2019-10-14 02:00:00,3,0,3
2019-10-14 03:00:00,4,2,2
2019-10-14 04:00:00,2,0,2
2019-10-14 05:00:00,20,3,17
2019-10-14 06:00:00,69,7,62
2019-10-14 07:00:00,156,5,151
2019-10-14 08:00:00,170,7,163
2019-10-14 09:00:00,60,7,53
2019-10-14 10:00:00,32,7,25
2019-10-14 11:00:00,20,12,8
2019-10-14 12:00:00,23,10,13
2019-10-14 13:00:00,34,13,21
2019-10-14 14:00:00,44,26,18
2019-10-14 15:00:00,62,43,19
2019-10-14 16:00:00,165,132,33
2019-10-14 17:00:00,204,190,14
2019-10-14 18:00:00,98,92,6
2019-10-14 19:00:00,40,33,7
2019-10-14 20:00:00,18,11,7
2019-10-14 21:00:00,12,9,3
2019-10-14 22:00:00,8,2,6
2019-10-14 23:00:00,5,2,3
2019-10-15 00:00:00,1,1,0
2019-10-15 01:00:00,0,0,0
2019-10-15 02:00:00,3,2,1
2019-10-15 03:00:00,3,1,2
2019-10-15 04:00:00,6,3,3
2019-10-15 05:00:00,32,5,27
2019-10-15 06:00:00,78,13,65
2019-10-15 07:00:00,151,27,124
2019-10-15 08:00:00,156,14,142
2019-10-15 09:00:00,70,8,62
2019-10-15 10:00:00,36,5,31
2019-10-15 11:00:00,26,15,11
2019-10-15 12:00:00,25,10,15
2019-10-15 13:00:00,34,17,17
2019-10-15 14:00:00,27,14,13
2019-10-15 15:00:00,52,33,19
2019-10-15 16:00:00,133,115,18
2019-10-15 17:00:00,217,204,13
2019-10-15 18:00:00,108,90,18
2019-10-15 19:00:00,29,24,5
2019-10-15 20:00:00,13,11,2
2019-10-15 21:00:00,11,7,4
2019-10-15 22:00:00,7,5,2
2019-10-15 23:00:00,9,7,2
2019-10-16 00:00:00,5,2,3
2019-10-16 01:00:00,1,1,0
2019-10-16 02:00:00,2,0,2
2019-10-16 03:00:00,1,1,0
2019-10-16 04:00:00,1,0,1
2019-10-16 05:00:00,21,4,17
2019-10-16 06:00:00,54,7,47
2019-10-16 07:00:00,77,11,66
2019-10-16 08:00:00,116,7,109
2019-10-16 09:00:00,32,4,28
2019-10-16 10:00:00,16,9,7
2019-10-16 11:00:00,14,0,14
2019-10-16 12:00:00,10,5,5
2019-10-16 13:00:00,10,6,4
2019-10-16 14:00:00,11,5,6
2019-10-16 15:00:00,34,28,6
2019-10-16 16:00:00,76,61,15
2019-10-16 17:00:00,138,118,20
2019-10-16 18:00:00,63,55,8
2019-10-16 19:00:00,11,10,1
2019-10-16 20:00:00,9,7,2
2019-10-16 21:00:00,6,3,3
2019-10-16 22:00:00,5,4,1
2019-10-16 23:00:00,2,2,0
2019-10-17 00:00:00,1,1,0
2019-10-17 01:00:00,0,0,0
2019-10-17 02:00:00,4,1,3
2019-10-17 03:00:00,2,0,2
2019-10-17 04:00:00,7,1,6
2019-10-17 05:00:00,22,5,17
2019-10-17 06:00:00,49,7,42
2019-10-17 07:00:00,92,6,86
2019-10-17 08:00:00,98,5,93
2019-10-17 09:00:00,38,5,33
2019-10-17 10:00:00,15,3,12
2019-10-17 11:00:00,10,2,8
2019-10-17 12:00:00,14,5,9
2019-10-17 13:00:00,12,6,6
2019-10-17 14:00:00,13,8,5
2019-10-17 15:00:00,36,26,10
2019-10-17 16:00:00,70,57,13
2019-10-17 17:00:00,122,109,13
2019-10-17 18:00:00,52,45,7
2019-10-17 19:00:00,31,28,3
2019-10-17 20:00:00,10,9,1
2019-10-17 21:00:00,10,8,2
2019-10-17 22:00:00,4,3,1
2019-10-17 23:00:00,3,1,2
2019-10-18 00:00:00,2,2,0
2019-10-18 01:00:00,3,2,1
2019-10-18 02:00:00,1,1,0
2019-10-18 03:00:00,5,2,3
2019-10-18 04:00:00,3,1,2
2019-10-18 05:00:00,17,7,10
2019-10-18 06:00:00,42,6,36
2019-10-18 07:00:00,86,11,75
2019-10-18 08:00:00,95,11,84
2019-10-18 09:00:00,45,7,38
2019-10-18 10:00:00,19,4,15
2019-10-18 11:00:00,14,3,11
2019-10-18 12:00:00,8,5,3
2019-10-18 13:00:00,15,8,7
2019-10-18 14:00:00,17,14,3
2019-10-18 15:00:00,42,34,8
2019-10-18 16:00:00,78,62,16
2019-10-18 17:00:00,80,74,6
2019-10-18 18:00:00,44,40,4
2019-10-18 19:00:00,21,15,6
2019-10-18 20:00:00,1,1,0
2019-10-18 21:00:00,5,4,1
2019-10-18 22:00:00,3,3,0
2019-10-18 23:00:00,4,2,2
2019-10-19 00:00:00,3,2,1
2019-10-19 01:00:00,1,1,0
2019-10-19 02:00:00,1,0,1
2019-10-19 03:00:00,0,0,0
2019-10-19 04:00:00,0,0,0
2019-10-19 05:00:00,0,0,0
2019-10-19 06:00:00,6,1,5
2019-10-19 07:00:00,3,1,2
2019-10-19 08:00:00,6,3,3
2019-10-19 09:00:00,4,2,2
2019-10-19 10:00:00,14,7,7
2019-10-19 11:00:00,12,2,10
2019-10-19 12:00:00,10,3,7
2019-10-19 13:00:00,10,3,7
2019-10-19 14:00:00,6,3,3
2019-10-19 15:00:00,23,10,13
2019-10-19 16:00:00,28,13,15
2019-10-19 17:00:00,27,20,7
2019-10-19 18:00:00,17,6,11
2019-10-19 19:00:00,7,5,2
2019-10-19 20:00:00,4,3,1
2019-10-19 21:00:00,5,2,3
2019-10-19 22:00:00,3,1,2
2019-10-19 23:00:00,6,5,1
2019-10-20 00:00:00,4,2,2
2019-10-20 01:00:00,0,0,0
2019-10-20 02:00:00,1,1,0
2019-10-20 03:00:00,0,0,0
2019-10-20 04:00:00,0,0,0
2019-10-20 05:00:00,3,1,2
2019-10-20 06:00:00,3,1,2
2019-10-20 07:00:00,4,1,3
2019-10-20 08:00:00,11,6,5
2019-10-20 09:00:00,5,2,3
2019-10-20 10:00:00,14,9,5
2019-10-20 11:00:00,16,7,9
2019-10-20 12:00:00,24,12,12
2019-10-20 13:00:00,18,11,7
2019-10-20 14:00:00,11,4,7
2019-10-20 15:00:00,7,4,3
2019-10-20 16:00:00,20,10,10
2019-10-20 17:00:00,22,17,5
2019-10-20 18:00:00,8,4,4
2019-10-20 19:00:00,3,1,2
2019-10-20 20:00:00,4,4,0
2019-10-20 21:00:00,8,7,1
2019-10-20 22:00:00,3,2,1
2019-10-20 23:00:00,0,0,0
2019-10-21 00:00:00,0,0,0
2019-10-21 01:00:00,3,1,2
2019-10-21 02:00:00,0,0,0
2019-10-21 03:00:00,0,0,0
2019-10-21 04:00:00,3,1,2
2019-10-21 05:00:00,23,3,20
2019-10-21 06:00:00,52,7,45
2019-10-21 07:00:00,103,9,94
2019-10-21 08:00:00,126,11,115
2019-10-21 09:00:00,39,2,37
2019-10-21 10:00:00,17,2,15
2019-10-21 11:00:00,14,7,7
2019-10-21 12:00:00,12,5,7
2019-10-21 13:00:00,11,5,6
2019-10-21 14:00:00,27,15,12
2019-10-21 15:00:00,28,21,7
2019-10-21 16:00:00,68,57,11
2019-10-21 17:00:00,129,117,12
2019-10-21 18:00:00,70,67,3
2019-10-21 19:00:00,21,16,5
2019-10-21 20:00:00,5,5,0
2019-10-21 21:00:00,6,3,3
2019-10-21 22:00:00,3,2,1
2019-10-21 23:00:00,2,1,1
2019-10-22 00:00:00,2,1,1
2019-10-22 01:00:00,1,1,0
2019-10-22 02:00:00,3,2,1
2019-10-22 03:00:00,1,0,1
2019-10-22 04:00:00,3,0,3
2019-10-22 05:00:00,18,5,13
2019-10-22 06:00:00,62,4,58
2019-10-22 07:00:00,96,9,87
2019-10-22 08:00:00,137,8,129
2019-10-22 09:00:00,45,5,40
2019-10-22 10:00:00,27,7,20
2019-10-22 11:00:00,17,7,10
2019-10-22 12:00:00,11,5,6
2019-10-22 13:00:00,19,5,14
2019-10-22 14:00:00,16,10,6
2019-10-22 15:00:00,37,31,6
2019-10-22 16:00:00,87,71,16
2019-10-22 17:00:00,150,135,15
2019-10-22 18:00:00,93,81,12
2019-10-22 19:00:00,30,24,6
2019-10-22 20:00:00,15,10,5
2019-10-22 21:00:00,9,4,5
2019-10-22 22:00:00,8,7,1
2019-10-22 23:00:00,2,2,0
2019-10-23 00:00:00,0,0,0
2019-10-23 01:00:00,1,1,0
2019-10-23 02:00:00,5,3,2
2019-10-23 03:00:00,0,0,0
2019-10-23 04:00:00,3,0,3
2019-10-23 05:00:00,21,3,18
2019-10-23 06:00:00,66,12,54
2019-10-23 07:00:00,113,8,105
2019-10-23 08:00:00,163,13,150
2019-10-23 09:00:00,72,8,64
2019-10-23 10:00:00,28,6,22
2019-10-23 11:00:00,31,10,21
2019-10-23 12:00:00,34,10,24
2019-10-23 13:00:00,42,21,21
2019-10-23 14:00:00,36,17,19
2019-10-23 15:00:00,63,46,17
2019-10-23 16:00:00,106,81,25
2019-10-23 17:00:00,172,150,22
2019-10-23 18:00:00,110,87,23
2019-10-23 19:00:00,45,42,3
2019-10-23 20:00:00,20,18,2
2019-10-23 21:00:00,18,14,4
2019-10-23 22:00:00,12,4,8
2019-10-23 23:00:00,5,4,1
2019-10-24 00:00:00,0,0,0
2019-10-24 01:00:00,0,0,0
2019-10-24 02:00:00,7,3,4
2019-10-24 03:00:00,1,0,1
2019-10-24 04:00:00,3,1,2
2019-10-24 05:00:00,29,4,25
2019-10-24 06:00:00,69,7,62
2019-10-24 07:00:00,128,13,115
2019-10-24 08:00:00,168,8,160
2019-10-24 09:00:00,63,3,60
2019-10-24 10:00:00,38,11,27
2019-10-24 11:00:00,28,10,18
2019-10-24 12:00:00,27,8,19
2019-10-24 13:00:00,35,19,16
2019-10-24 14:00:00,41,19,22
2019-10-24 15:00:00,52,36,16
2019-10-24 16:00:00,136,111,25
2019-10-24 17:00:00,193,177,16
2019-10-24 18:00:00,96,81,15
2019-10-24 19:00:00,41,32,9
2019-10-24 20:00:00,26,20,6
2019-10-24 21:00:00,10,7,3
2019-10-24 22:00:00,6,6,0
2019-10-24 23:00:00,2,1,1
2019-10-25 00:00:00,3,1,2
2019-10-25 01:00:00,1,0,1
2019-10-25 02:00:00,1,1,0
2019-10-25 03:00:00,1,1,0
2019-10-25 04:00:00,4,1,3
2019-10-25 05:00:00,21,6,15
2019-10-25 06:00:00,50,9,41
2019-10-25 07:00:00,97,10,87
2019-10-25 08:00:00,115,8,107
2019-10-25 09:00:00,69,11,58
2019-10-25 10:00:00,11,3,8
2019-10-25 11:00:00,16,2,14
2019-10-25 12:00:00,7,5,2
2019-10-25 13:00:00,16,11,5
2019-10-25 14:00:00,17,10,7
2019-10-25 15:00:00,25,21,4
2019-10-25 16:00:00,84,72,12
2019-10-25 17:00:00,112,103,9
2019-10-25 18:00:00,59,52,7
2019-10-25 19:00:00,23,15,8
2019-10-25 20:00:00,13,9,4
2019-10-25 21:00:00,5,4,1
2019-10-25 22:00:00,8,6,2
2019-10-25 23:00:00,7,3,4
2019-10-26 00:00:00,2,1,1
2019-10-26 01:00:00,1,1,0
2019-10-26 02:00:00,3,1,2
2019-10-26 03:00:00,1,0,1
2019-10-26 04:00:00,1,0,1
2019-10-26 05:00:00,1,0,1
2019-10-26 06:00:00,6,2,4
2019-10-26 07:00:00,9,4,5
2019-10-26 08:00:00,19,4,15
2019-10-26 09:00:00,20,6,14
2019-10-26 10:00:00,25,10,15
2019-10-26 11:00:00,50,19,31
2019-10-26 12:00:00,36,22,14
2019-10-26 13:00:00,35,19,16
2019-10-26 14:00:00,37,18,19
2019-10-26 15:00:00,35,18,17
2019-10-26 16:00:00,33,16,17
2019-10-26 17:00:00,33,14,19
2019-10-26 18:00:00,18,10,8
2019-10-26 19:00:00,8,6,2
2019-10-26 20:00:00,3,3,0
2019-10-26 21:00:00,5,3,2
2019-10-26 22:00:00,7,1,6
2019-10-26 23:00:00,2,1,1
2019-10-27 00:00:00,3,3,0
2019-10-27 01:00:00,4,2,2
2019-10-27 02:00:00,0,0,0
2019-10-27 03:00:00,1,1,0
2019-10-27 04:00:00,2,2,0
2019-10-27 05:00:00,3,1,2
2019-10-27 06:00:00,3,2,1
2019-10-27 07:00:00,8,4,4
2019-10-27 08:00:00,23,11,12
2019-10-27 09:00:00,18,7,11
2019-10-27 10:00:00,16,11,5
2019-10-27 11:00:00,37,18,19
2019-10-27 12:00:00,43,17,26
2019-10-27 13:00:00,52,24,28
2019-10-27 14:00:00,53,29,24
2019-10-27 15:00:00,56,22,34
2019-10-27 16:00:00,35,20,15
2019-10-27 17:00:00,25,15,10
2019-10-27 18:00:00,10,6,4
2019-10-27 19:00:00,7,4,3
2019-10-27 20:00:00,13,8,5
2019-10-27 21:00:00,3,2,1
2019-10-27 22:00:00,2,2,0
2019-10-27 23:00:00,3,1,2
2019-10-28 00:00:00,1,1,0
2019-10-28 01:00:00,1,0,1
2019-10-28 02:00:00,3,2,1
2019-10-28 03:00:00,2,0,2
2019-10-28 04:00:00,2,1,1
2019-10-28 05:00:00,18,3,15
2019-10-28 06:00:00,61,11,50
2019-10-28 07:00:00,114,8,106
2019-10-28 08:00:00,165,8,157
2019-10-28 09:00:00,67,7,60
2019-10-28 10:00:00,31,5,26
2019-10-28 11:00:00,21,10,11
2019-10-28 12:00:00,19,8,11
2019-10-28 13:00:00,29,15,14
2019-10-28 14:00:00,41,22,19
2019-10-28 15:00:00,45,31,14
2019-10-28 16:00:00,117,96,21
2019-10-28 17:00:00,198,180,18
2019-10-28 18:00:00,89,76,13
2019-10-28 19:00:00,21,15,6
2019-10-28 20:00:00,13,12,1
2019-10-28 21:00:00,6,4,2
2019-10-28 22:00:00,7,5,2
2019-10-28 23:00:00,5,3,2
2019-10-29 00:00:00,1,1,0
2019-10-29 01:00:00,0,0,0
2019-10-29 02:00:00,2,0,2
2019-10-29 03:00:00,1,0,1
2019-10-29 04:00:00,3,1,2
2019-10-29 05:00:00,27,7,20
2019-10-29 06:00:00,68,9,59
2019-10-29 07:00:00,131,10,121
2019-10-29 08:00:00,166,6,160
2019-10-29 09:00:00,58,4,54
2019-10-29 10:00:00,33,11,22
2019-10-29 11:00:00,21,13,8
2019-10-29 12:00:00,28,9,19
2019-10-29 13:00:00,25,11,14
2019-10-29 14:00:00,25,18,7
2019-10-29 15:00:00,39,26,13
2019-10-29 16:00:00,127,107,20
2019-10-29 17:00:00,191,176,15
2019-10-29 18:00:00,102,90,12
2019-10-29 19:00:00,29,25,4
2019-10-29 20:00:00,13,10,3
2019-10-29 21:00:00,17,11,6
2019-10-29 22:00:00,6,4,2
2019-10-29 23:00:00,6,6,0
2019-10-30 00:00:00,0,0,0
2019-10-30 01:00:00,2,0,2
2019-10-30 02:00:00,3,1,2
2019-10-30 03:00:00,3,1,2
2019-10-30 04:00:00,3,2,1
2019-10-30 05:00:00,25,4,21
2019-10-30 06:00:00,57,5,52
2019-10-30 07:00:00,113,10,103
2019-10-30 08:00:00,138,8,130
2019-10-30 09:00:00,63,5,58
2019-10-30 10:00:00,29,6,23
2019-10-30 11:00:00,32,11,21
2019-10-30 12:00:00,28,11,17
2019-10-30 13:00:00,26,13,13
2019-10-30 14:00:00,39,18,21
2019-10-30 15:00:00,44,35,9
2019-10-30 16:00:00,111,90,21
2019-10-30 17:00:00,166,149,17
2019-10-30 18:00:00,97,83,14
2019-10-30 19:00:00,28,25,3
2019-10-30 20:00:00,10,10,0
2019-10-30 21:00:00,5,5,0
2019-10-30 22:00:00,4,2,2
2019-10-30 23:00:00,4,3,1
2019-10-31 00:00:00,2,0,2
2019-10-31 01:00:00,4,3,1
2019-10-31 02:00:00,1,0,1
2019-10-31 03:00:00,3,2,1
2019-10-31 04:00:00,6,2,4
2019-10-31 05:00:00,23,7,16
2019-10-31 06:00:00,45,9,36
2019-10-31 07:00:00,119,14,105
2019-10-31 08:00:00,152,5,147
2019-10-31 09:00:00,64,3,61
2019-10-31 10:00:00,21,3,18
2019-10-31 11:00:00,20,9,11
2019-10-31 12:00:00,22,9,13
2019-10-31 13:00:00,26,12,14
2019-10-31 14:00:00,28,20,8
2019-10-31 15:00:00,79,59,20
2019-10-31 16:00:00,148,124,24
2019-10-31 17:00:00,164,144,20
2019-10-31 18:00:00,61,55,6
2019-10-31 19:00:00,26,20,6
2019-10-31 20:00:00,9,7,2
2019-10-31 21:00:00,5,3,2
2019-10-31 22:00:00,4,3,1
2019-10-31 23:00:00,5,3,2
2019-11-01 00:00:00,2,0,2
2019-11-01 01:00:00,1,0,1
2019-11-01 02:00:00,1,0,1
2019-11-01 03:00:00,3,1,2
2019-11-01 04:00:00,3,2,1
2019-11-01 05:00:00,14,4,10
2019-11-01 06:00:00,44,2,42
2019-11-01 07:00:00,118,10,108
2019-11-01 08:00:00,127,7,120
2019-11-01 09:00:00,42,5,37
2019-11-01 10:00:00,21,6,15
2019-11-01 11:00:00,17,4,13
2019-11-01 12:00:00,21,10,11
2019-11-01 13:00:00,26,11,15
2019-11-01 14:00:00,31,20,11
2019-11-01 15:00:00,63,44,19
2019-11-01 16:00:00,80,72,8
2019-11-01 17:00:00,156,135,21
2019-11-01 18:00:00,70,60,10
2019-11-01 19:00:00,31,24,7
2019-11-01 20:00:00,8,6,2
2019-11-01 21:00:00,7,5,2
2019-11-01 22:00:00,5,3,2
2019-11-01 23:00:00,2,2,0
2019-11-02 00:00:00,3,1,2
2019-11-02 01:00:00,2,2,0
2019-11-02 02:00:00,2,1,1
2019-11-02 03:00:00,1,0,1
2019-11-02 04:00:00,0,0,0
2019-11-02 05:00:00,2,2,0
2019-11-02 06:00:00,7,3,4
2019-11-02 07:00:00,3,0,3
2019-11-02 08:00:00,31,5,26
2019-11-02 09:00:00,34,18,16
2019-11-02 10:00:00,64,42,22
2019-11-02 11:00:00,52,17,35
2019-11-02 12:00:00,58,32,26
2019-11-02 13:00:00,53,28,25
2019-11-02 14:00:00,49,32,17
2019-11-02 15:00:00,63,32,31
2019-11-02 16:00:00,34,18,16
2019-11-02 17:00:00,35,13,22
2019-11-02 18:00:00,31,20,11
2019-11-02 19:00:00,7,6,1
2019-11-02 20:00:00,10,6,4
2019-11-02 21:00:00,5,1,4
2019-11-02 22:00:00,2,1,1
2019-11-02 23:00:00,1,0,1
2019-11-03 00:00:00,4,2,2
2019-11-03 01:00:00,3,3,0
2019-11-03 02:00:00,0,0,0
2019-11-03 03:00:00,3,0,3
2019-11-03 04:00:00,0,0,0
2019-11-03 05:00:00,2,1,1
2019-11-03 06:00:00,6,1,5
2019-11-03 07:00:00,6,3,3
2019-11-03 08:00:00,30,9,21
2019-11-03 09:00:00,35,14,21
2019-11-03 10:00:00,45,23,22
2019-11-03 11:00:00,66,32,34
2019-11-03 12:00:00,67,28,39
2019-11-03 13:00:00,57,33,24
2019-11-03 14:00:00,40,23,17
2019-11-03 15:00:00,33,13,20
2019-11-03 16:00:00,27,17,10
2019-11-03 17:00:00,40,34,6
2019-11-03 18:00:00,10,8,2
2019-11-03 19:00:00,5,3,2
2019-11-03 20:00:00,2,1,1
2019-11-03 21:00:00,4,3,1
2019-11-03 22:00:00,3,2,1
2019-11-03 23:00:00,2,2,0
2019-11-04 00:00:00,1,1,0
2019-11-04 01:00:00,2,1,1
2019-11-04 02:00:00,2,1,1
2019-11-04 03:00:00,1,0,1
2019-11-04 04:00:00,0,0,0
2019-11-04 05:00:00,26,6,20
2019-11-04 06:00:00,83,16,67
2019-11-04 07:00:00,153,13,140
2019-11-04 08:00:00,174,14,160
2019-11-04 09:00:00,49,7,42
2019-11-04 10:00:00,19,5,14
2019-11-04 11:00:00,22,7,15
2019-11-04 12:00:00,19,7,12
2019-11-04 13:00:00,23,10,13
2019-11-04 14:00:00,33,19,14
2019-11-04 15:00:00,56,44,12
2019-11-04 16:00:00,117,96,21
2019-11-04 17:00:00,201,175,26
2019-11-04 18:00:00,82,70,12
2019-11-04 19:00:00,43,33,10
2019-11-04 20:00:00,15,11,4
2019-11-04 21:00:00,13,7,6
2019-11-04 22:00:00,2,1,1
2019-11-04 23:00:00,1,1,0
2019-11-05 00:00:00,2,0,2
2019-11-05 01:00:00,0,0,0
2019-11-05 02:00:00,1,1,0
2019-11-05 03:00:00,3,0,3
2019-11-05 04:00:00,5,2,3
2019-11-05 05:00:00,30,7,23
2019-11-05 06:00:00,80,15,65
2019-11-05 07:00:00,153,12,141
2019-11-05 08:00:00,165,4,161
2019-11-05 09:00:00,46,5,41
2019-11-05 10:00:00,22,6,16
2019-11-05 11:00:00,18,7,11
2019-11-05 12:00:00,19,11,8
2019-11-05 13:00:00,36,15,21
2019-11-05 14:00:00,32,23,9
2019-11-05 15:00:00,55,44,11
2019-11-05 16:00:00,120,98,22
2019-11-05 17:00:00,214,197,17
2019-11-05 18:00:00,83,72,11
2019-11-05 19:00:00,31,26,5
2019-11-05 20:00:00,13,7,6
2019-11-05 21:00:00,10,8,2
2019-11-05 22:00:00,9,7,2
2019-11-05 23:00:00,0,0,0
2019-11-06 00:00:00,1,1,0
2019-11-06 01:00:00,0,0,0
2019-11-06 02:00:00,3,2,1
2019-11-06 03:00:00,0,0,0
2019-11-06 04:00:00,2,0,2
2019-11-06 05:00:00,28,7,21
2019-11-06 06:00:00,76,7,69
2019-11-06 07:00:00,157,13,144
2019-11-06 08:00:00,156,13,143
2019-11-06 09:00:00,61,6,55
2019-11-06 10:00:00,29,6,23
2019-11-06 11:00:00,25,9,16
2019-11-06 12:00:00,24,16,8
2019-11-06 13:00:00,33,16,17
2019-11-06 14:00:00,38,17,21
2019-11-06 15:00:00,59,48,11
2019-11-06 16:00:00,147,123,24
2019-11-06 17:00:00,164,145,19
2019-11-06 18:00:00,96,87,9
2019-11-06 19:00:00,35,28,7
2019-11-06 20:00:00,21,19,2
2019-11-06 21:00:00,8,6,2
2019-11-06 22:00:00,8,3,5
2019-11-06 23:00:00,5,3,2
2019-11-07 00:00:00,3,3,0
2019-11-07 01:00:00,2,2,0
2019-11-07 02:00:00,2,2,0
2019-11-07 03:00:00,4,1,3
2019-11-07 04:00:00,3,0,3
2019-11-07 05:00:00,33,7,26
2019-11-07 06:00:00,72,9,63
2019-11-07 07:00:00,134,15,119
2019-11-07 08:00:00,144,14,130
2019-11-07 09:00:00,52,7,45
2019-11-07 10:00:00,21,6,15
2019-11-07 11:00:00,22,11,11
2019-11-07 12:00:00,19,7,12
2019-11-07 13:00:00,20,11,9
2019-11-07 14:00:00,21,10,11
2019-11-07 15:00:00,52,40,12
2019-11-07 16:00:00,116,103,13
2019-11-07 17:00:00,178,152,26
2019-11-07 18:00:00,76,66,10
2019-11-07 19:00:00,21,20,1
2019-11-07 20:00:00,15,13,2
2019-11-07 21:00:00,13,10,3
2019-11-07 22:00:00,4,3,1
2019-11-07 23:00:00,4,3,1
2019-11-08 00:00:00,3,3,0
2019-11-08 01:00:00,2,1,1
2019-11-08 02:00:00,5,3,2
2019-11-08 03:00:00,1,0,1
2019-11-08 04:00:00,3,2,1
2019-11-08 05:00:00,17,3,14
2019-11-08 06:00:00,49,6,43
2019-11-08 07:00:00,99,9,90
2019-11-08 08:00:00,115,13,102
2019-11-08 09:00:00,42,10,32
2019-11-08 10:00:00,24,9,15
2019-11-08 11:00:00,27,9,18
2019-11-08 12:00:00,23,8,15
2019-11-08 13:00:00,31,19,12
2019-11-08 14:00:00,34,25,9
2019-11-08 15:00:00,52,41,11
2019-11-08 16:00:00,93,74,19
2019-11-08 17:00:00,112,100,12
2019-11-08 18:00:00,59,54,5
2019-11-08 19:00:00,23,18,5
2019-11-08 20:00:00,15,14,1
2019-11-08 21:00:00,7,5,2
2019-11-08 22:00:00,3,3,0
2019-11-08 23:00:00,5,4,1
2019-11-09 00:00:00,3,3,0
2019-11-09 01:00:00,1,1,0
2019-11-09 02:00:00,3,1,2
2019-11-09 03:00:00,0,0,0
2019-11-09 04:00:00,1,0,1
2019-11-09 05:00:00,3,1,2
2019-11-09 06:00:00,5,2,3
2019-11-09 07:00:00,7,3,4
2019-11-09 08:00:00,12,1,11
2019-11-09 09:00:00,12,8,4
2019-11-09 10:00:00,26,11,15
2019-11-09 11:00:00,19,11,8
2019-11-09 12:00:00,8,5,3
2019-11-09 13:00:00,13,9,4
2019-11-09 14:00:00,13,7,6
2019-11-09 15:00:00,14,3,11
2019-11-09 16:00:00,17,7,10
2019-11-09 17:00:00,14,10,4
2019-11-09 18:00:00,4,3,1
2019-11-09 19:00:00,4,3,1
2019-11-09 20:00:00,1,0,1
2019-11-09 21:00:00,4,0,4
2019-11-09 22:00:00,0,0,0
2019-11-09 23:00:00,1,1,0
2019-11-10 00:00:00,2,2,0
2019-11-10 01:00:00,0,0,0
2019-11-10 02:00:00,0,0,0
2019-11-10 03:00:00,1,0,1
2019-11-10 04:00:00,1,1,0
2019-11-10 05:00:00,2,0,2
2019-11-10 06:00:00,4,4,0
2019-11-10 07:00:00,6,1,5
2019-11-10 08:00:00,21,7,14
2019-11-10 09:00:00,31,9,22
2019-11-10 10:00:00,23,7,16
2019-11-10 11:00:00,28,11,17
2019-11-10 12:00:00,22,9,13
2019-11-10 13:00:00,24,11,13
2019-11-10 14:00:00,36,23,13
2019-11-10 15:00:00,43,25,18
2019-11-10 16:00:00,13,9,4
2019-11-10 17:00:00,13,10,3
2019-11-10 18:00:00,16,11,5
2019-11-10 19:00:00,5,0,5
2019-11-10 20:00:00,5,2,3
2019-11-10 21:00:00,1,1,0
2019-11-10 22:00:00,5,3,2
2019-11-10 23:00:00,1,1,0
2019-11-11 00:00:00,1,1,0
2019-11-11 01:00:00,1,1,0
2019-11-11 02:00:00,0,0,0
2019-11-11 03:00:00,1,0,1
2019-11-11 04:00:00,4,0,4
2019-11-11 05:00:00,12,2,10
2019-11-11 06:00:00,48,8,40
2019-11-11 07:00:00,102,9,93
2019-11-11 08:00:00,129,7,122
2019-11-11 09:00:00,46,7,39
2019-11-11 10:00:00,20,5,15
2019-11-11 11:00:00,25,10,15
2019-11-11 12:00:00,30,13,17
2019-11-11 13:00:00,28,18,10
2019-11-11 14:00:00,49,31,18
2019-11-11 15:00:00,66,41,25
2019-11-11 16:00:00,90,72,18
2019-11-11 17:00:00,128,114,14
2019-11-11 18:00:00,56,53,3
2019-11-11 19:00:00,17,14,3
2019-11-11 20:00:00,14,13,1
2019-11-11 21:00:00,13,8,5
2019-11-11 22:00:00,6,4,2
2019-11-11 23:00:00,3,3,0
2019-11-12 00:00:00,2,0,2
2019-11-12 01:00:00,1,1,0
2019-11-12 02:00:00,0,0,0
2019-11-12 03:00:00,1,1,0
2019-11-12 04:00:00,3,2,1
2019-11-12 05:00:00,27,6,21
2019-11-12 06:00:00,58,8,50
2019-11-12 07:00:00,101,12,89
2019-11-12 08:00:00,111,8,103
2019-11-12 09:00:00,40,7,33
2019-11-12 10:00:00,15,1,14
2019-11-12 11:00:00,14,5,9
2019-11-12 12:00:00,12,4,8
2019-11-12 13:00:00,14,9,5
2019-11-12 14:00:00,13,8,5
2019-11-12 15:00:00,40,31,9
2019-11-12 16:00:00,75,61,14
2019-11-12 17:00:00,148,132,16
2019-11-12 18:00:00,60,50,10
2019-11-12 19:00:00,31,26,5
2019-11-12 20:00:00,22,19,3
2019-11-12 21:00:00,7,4,3
2019-11-12 22:00:00,8,7,1
2019-11-12 23:00:00,2,1,1
2019-11-13 00:00:00,3,1,2
2019-11-13 01:00:00,0,0,0
2019-11-13 02:00:00,2,1,1
2019-11-13 03:00:00,2,0,2
2019-11-13 04:00:00,1,0,1
2019-11-13 05:00:00,35,6,29
2019-11-13 06:00:00,85,18,67
2019-11-13 07:00:00,151,13,138
2019-11-13 08:00:00,149,12,137
2019-11-13 09:00:00,65,6,59
2019-11-13 10:00:00,20,5,15
2019-11-13 11:00:00,27,10,17
2019-11-13 12:00:00,26,5,21
2019-11-13 13:00:00,32,19,13
2019-11-13 14:00:00,29,17,12
2019-11-13 15:00:00,56,46,10
2019-11-13 16:00:00,116,97,19
2019-11-13 17:00:00,173,152,21
2019-11-13 18:00:00,89,75,14
2019-11-13 19:00:00,46,36,10
2019-11-13 20:00:00,29,18,11
2019-11-13 21:00:00,11,6,5
2019-11-13 22:00:00,4,4,0
2019-11-13 23:00:00,3,2,1
2019-11-14 00:00:00,0,0,0
2019-11-14 01:00:00,0,0,0
2019-11-14 02:00:00,3,1,2
2019-11-14 03:00:00,2,1,1
2019-11-14 04:00:00,3,1,2
2019-11-14 05:00:00,25,5,20
2019-11-14 06:00:00,75,13,62
2019-11-14 07:00:00,126,11,115
2019-11-14 08:00:00,144,3,141
2019-11-14 09:00:00,47,5,42
2019-11-14 10:00:00,24,7,17
2019-11-14 11:00:00,25,7,18
2019-11-14 12:00:00,25,14,11
2019-11-14 13:00:00,13,5,8
2019-11-14 14:00:00,21,10,11
2019-11-14 15:00:00,57,50,7
2019-11-14 16:00:00,105,90,15
2019-11-14 17:00:00,149,137,12
2019-11-14 18:00:00,86,76,10
2019-11-14 19:00:00,52,48,4
2019-11-14 20:00:00,16,10,6
2019-11-14 21:00:00,12,6,6
2019-11-14 22:00:00,16,7,9
2019-11-14 23:00:00,8,5,3
2019-11-15 00:00:00,4,2,2
2019-11-15 01:00:00,8,1,7
2019-11-15 02:00:00,0,0,0
2019-11-15 03:00:00,2,0,2
2019-11-15 04:00:00,5,2,3
2019-11-15 05:00:00,17,6,11
2019-11-15 06:00:00,40,2,38
2019-11-15 07:00:00,84,8,76
2019-11-15 08:00:00,105,9,96
2019-11-15 09:00:00,54,8,46
2019-11-15 10:00:00,22,5,17
2019-11-15 11:00:00,14,5,9
2019-11-15 12:00:00,12,6,6
2019-11-15 13:00:00,18,12,6
2019-11-15 14:00:00,18,12,6
2019-11-15 15:00:00,50,44,6
2019-11-15 16:00:00,77,66,11
2019-11-15 17:00:00,110,95,15
2019-11-15 18:00:00,56,48,8
2019-11-15 19:00:00,20,16,4
2019-11-15 20:00:00,12,9,3
2019-11-15 21:00:00,7,6,1
2019-11-15 22:00:00,8,6,2
2019-11-15 23:00:00,2,1,1
2019-11-16 00:00:00,3,2,1
2019-11-16 01:00:00,0,0,0
2019-11-16 02:00:00,2,2,0
2019-11-16 03:00:00,1,0,1
2019-11-16 04:00:00,1,0,1
2019-11-16 05:00:00,0,0,0
2019-11-16 06:00:00,9,0,9
2019-11-16 07:00:00,7,2,5
2019-11-16 08:00:00,17,3,14
2019-11-16 09:00:00,21,9,12
2019-11-16 10:00:00,24,7,17
2019-11-16 11:00:00,26,11,15
2019-11-16 12:00:00,42,20,22
2019-11-16 13:00:00,30,14,16
2019-11-16 14:00:00,24,14,10
2019-11-16 15:00:00,28,18,10
2019-11-16 16:00:00,10,9,1
2019-11-16 17:00:00,15,9,6
2019-11-16 18:00:00,10,5,5
2019-11-16 19:00:00,6,4,2
2019-11-16 20:00:00,5,1,4
2019-11-16 21:00:00,3,2,1
2019-11-16 22:00:00,1,0,1
2019-11-16 23:00:00,2,1,1
2019-11-17 00:00:00,3,2,1
2019-11-17 01:00:00,1,1,0
2019-11-17 02:00:00,0,0,0
2019-11-17 03:00:00,1,0,1
2019-11-17 04:00:00,4,3,1
2019-11-17 05:00:00,5,0,5
2019-11-17 06:00:00,9,2,7
2019-11-17 07:00:00,7,1,6
2019-11-17 08:00:00,3,1,2
2019-11-17 09:00:00,5,2,3
2019-11-17 10:00:00,11,4,7
2019-11-17 11:00:00,23,11,12
2019-11-17 12:00:00,31,11,20
2019-11-17 13:00:00,21,9,12
2019-11-17 14:00:00,23,7,16
2019-11-17 15:00:00,13,9,4
2019-11-17 16:00:00,17,11,6
2019-11-17 17:00:00,8,4,4
2019-11-17 18:00:00,3,2,1
2019-11-17 19:00:00,3,2,1
2019-11-17 20:00:00,8,4,4
2019-11-17 21:00:00,3,2,1
2019-11-17 22:00:00,2,1,1
2019-11-17 23:00:00,1,1,0
2019-11-18 00:00:00,1,1,0
2019-11-18 01:00:00,3,2,1
2019-11-18 02:00:00,1,0,1
2019-11-18 03:00:00,2,0,2
2019-11-18 04:00:00,0,0,0
2019-11-18 05:00:00,24,5,19
2019-11-18 06:00:00,56,6,50
2019-11-18 07:00:00,114,14,100
2019-11-18 08:00:00,143,15,128
2019-11-18 09:00:00,48,6,42
2019-11-18 10:00:00,12,3,9
2019-11-18 11:00:00,12,5,7
2019-11-18 12:00:00,10,3,7
2019-11-18 13:00:00,7,7,0
2019-11-18 14:00:00,16,11,5
2019-11-18 15:00:00,26,24,2
2019-11-18 16:00:00,93,80,13
2019-11-18 17:00:00,139,126,13
2019-11-18 18:00:00,68,63,5
2019-11-18 19:00:00,22,18,4
2019-11-18 20:00:00,11,9,2
2019-11-18 21:00:00,3,1,2
2019-11-18 22:00:00,1,0,1
2019-11-18 23:00:00,2,2,0
2019-11-19 00:00:00,0,0,0
2019-11-19 01:00:00,0,0,0
2019-11-19 02:00:00,1,1,0
2019-11-19 03:00:00,3,3,0
2019-11-19 04:00:00,1,0,1
2019-11-19 05:00:00,24,5,19
2019-11-19 06:00:00,58,4,54
2019-11-19 07:00:00,109,9,100
2019-11-19 08:00:00,140,7,133
2019-11-19 09:00:00,56,7,49
2019-11-19 10:00:00,9,3,6
2019-11-19 11:00:00,9,4,5
2019-11-19 12:00:00,11,4,7
2019-11-19 13:00:00,17,8,9
2019-11-19 14:00:00,20,8,12
2019-11-19 15:00:00,42,30,12
2019-11-19 16:00:00,82,64,18
2019-11-19 17:00:00,178,166,12
2019-11-19 18:00:00,84,67,17
2019-11-19 19:00:00,29,29,0
2019-11-19 20:00:00,12,9,3
2019-11-19 21:00:00,11,10,1
2019-11-19 22:00:00,5,5,0
2019-11-19 23:00:00,4,3,1
2019-11-20 00:00:00,2,0,2
2019-11-20 01:00:00,2,1,1
2019-11-20 02:00:00,2,1,1
2019-11-20 03:00:00,0,0,0
2019-11-20 04:00:00,3,1,2
2019-11-20 05:00:00,32,6,26
2019-11-20 06:00:00,79,9,70
2019-11-20 07:00:00,110,8,102
2019-11-20 08:00:00,186,13,173
2019-11-20 09:00:00,54,11,43
2019-11-20 10:00:00,27,7,20
2019-11-20 11:00:00,22,8,14
2019-11-20 12:00:00,22,11,11
2019-11-20 13:00:00,30,13,17
2019-11-20 14:00:00,29,15,14
2019-11-20 15:00:00,48,37,11
2019-11-20 16:00:00,111,86,25
2019-11-20 17:00:00,183,163,20
2019-11-20 18:00:00,95,85,10
2019-11-20 19:00:00,28,26,2
2019-11-20 20:00:00,24,22,2
2019-11-20 21:00:00,9,8,1
2019-11-20 22:00:00,4,3,1
2019-11-20 23:00:00,3,2,1
2019-11-21 00:00:00,1,0,1
2019-11-21 01:00:00,0,0,0
2019-11-21 02:00:00,3,1,2
2019-11-21 03:00:00,0,0,0
2019-11-21 04:00:00,1,1,0
2019-11-21 05:00:00,22,5,17
2019-11-21 06:00:00,60,8,52
2019-11-21 07:00:00,104,18,86
2019-11-21 08:00:00,157,8,149
2019-11-21 09:00:00,72,6,66
2019-11-21 10:00:00,28,5,23
2019-11-21 11:00:00,26,8,18
2019-11-21 12:00:00,17,11,6
2019-11-21 13:00:00,30,10,20
2019-11-21 14:00:00,37,24,13
2019-11-21 15:00:00,56,44,12
2019-11-21 16:00:00,99,78,21
2019-11-21 17:00:00,150,139,11
2019-11-21 18:00:00,93,82,11
2019-11-21 19:00:00,33,29,4
2019-11-21 20:00:00,12,10,2
2019-11-21 21:00:00,3,3,0
2019-11-21 22:00:00,5,5,0
2019-11-21 23:00:00,4,4,0
2019-11-22 00:00:00,3,3,0
2019-11-22 01:00:00,1,0,1
2019-11-22 02:00:00,1,1,0
2019-11-22 03:00:00,2,1,1
2019-11-22 04:00:00,4,1,3
2019-11-22 05:00:00,17,3,14
2019-11-22 06:00:00,37,6,31
2019-11-22 07:00:00,98,14,84
2019-11-22 08:00:00,123,7,116
2019-11-22 09:00:00,48,5,43
2019-11-22 10:00:00,26,10,16
2019-11-22 11:00:00,28,11,17
2019-11-22 12:00:00,19,7,12
2019-11-22 13:00:00,20,9,11
2019-11-22 14:00:00,19,15,4
2019-11-22 15:00:00,63,37,26
2019-11-22 16:00:00,96,79,17
2019-11-22 17:00:00,112,103,9
2019-11-22 18:00:00,63,57,6
2019-11-22 19:00:00,17,17,0
2019-11-22 20:00:00,9,7,2
2019-11-22 21:00:00,12,7,5
2019-11-22 22:00:00,3,1,2
2019-11-22 23:00:00,1,1,0
2019-11-23 00:00:00,1,1,0
2019-11-23 01:00:00,1,0,1
2019-11-23 02:00:00,2,1,1
2019-11-23 03:00:00,1,0,1
2019-11-23 04:00:00,0,0,0
2019-11-23 05:00:00,3,1,2
2019-11-23 06:00:00,4,0,4
2019-11-23 07:00:00,9,4,5
2019-11-23 08:00:00,18,3,15
2019-11-23 09:00:00,40,14,26
2019-11-23 10:00:00,28,7,21
2019-11-23 11:00:00,46,21,25
2019-11-23 12:00:00,25,11,14
2019-11-23 13:00:00,31,14,17
2019-11-23 14:00:00,42,24,18
2019-11-23 15:00:00,25,17,8
2019-11-23 16:00:00,25,18,7
2019-11-23 17:00:00,12,10,2
2019-11-23 18:00:00,15,7,8
2019-11-23 19:00:00,5,2,3
2019-11-23 20:00:00,3,2,1
2019-11-23 21:00:00,2,1,1
2019-11-23 22:00:00,5,0,5
2019-11-23 23:00:00,3,2,1
2019-11-24 00:00:00,3,3,0
2019-11-24 01:00:00,1,1,0
2019-11-24 02:00:00,2,1,1
2019-11-24 03:00:00,1,0,1
2019-11-24 04:00:00,0,0,0
2019-11-24 05:00:00,3,1,2
2019-11-24 06:00:00,2,1,1
2019-11-24 07:00:00,5,0,5
2019-11-24 08:00:00,7,2,5
2019-11-24 09:00:00,17,6,11
2019-11-24 10:00:00,27,11,16
2019-11-24 11:00:00,36,22,14
2019-11-24 12:00:00,23,7,16
2019-11-24 13:00:00,30,18,12
2019-11-24 14:00:00,42,25,17
2019-11-24 15:00:00,34,21,13
2019-11-24 16:00:00,20,9,11
2019-11-24 17:00:00,7,5,2
2019-11-24 18:00:00,9,8,1
2019-11-24 19:00:00,2,1,1
2019-11-24 20:00:00,2,2,0
2019-11-24 21:00:00,3,1,2
2019-11-24 22:00:00,5,4,1
2019-11-24 23:00:00,1,1,0
2019-11-25 00:00:00,1,1,0
2019-11-25 01:00:00,3,2,1
2019-11-25 02:00:00,0,0,0
2019-11-25 03:00:00,0,0,0
2019-11-25 04:00:00,1,0,1
2019-11-25 05:00:00,18,5,13
2019-11-25 06:00:00,55,6,49
2019-11-25 07:00:00,98,11,87
2019-11-25 08:00:00,105,4,101
2019-11-25 09:00:00,44,6,38
2019-11-25 10:00:00,17,5,12
2019-11-25 11:00:00,14,2,12
2019-11-25 12:00:00,12,6,6
2019-11-25 13:00:00,7,2,5
2019-11-25 14:00:00,15,7,8
2019-11-25 15:00:00,47,34,13
2019-11-25 16:00:00,68,57,11
2019-11-25 17:00:00,117,106,11
2019-11-25 18:00:00,60,52,8
2019-11-25 19:00:00,20,18,2
2019-11-25 20:00:00,3,2,1
2019-11-25 21:00:00,6,5,1
2019-11-25 22:00:00,0,0,0
2019-11-25 23:00:00,1,1,0
2019-11-26 00:00:00,1,0,1
2019-11-26 01:00:00,0,0,0
2019-11-26 02:00:00,2,2,0
2019-11-26 03:00:00,1,0,1
2019-11-26 04:00:00,2,2,0
2019-11-26 05:00:00,20,4,16
2019-11-26 06:00:00,56,6,50
2019-11-26 07:00:00,93,11,82
2019-11-26 08:00:00,130,8,122
2019-11-26 09:00:00,59,3,56
2019-11-26 10:00:00,17,4,13
2019-11-26 11:00:00,16,9,7
2019-11-26 12:00:00,12,4,8
2019-11-26 13:00:00,23,9,14
2019-11-26 14:00:00,21,12,9
2019-11-26 15:00:00,47,35,12
2019-11-26 16:00:00,90,72,18
2019-11-26 17:00:00,135,127,8
2019-11-26 18:00:00,70,58,12
2019-11-26 19:00:00,18,17,1
2019-11-26 20:00:00,11,8,3
2019-11-26 21:00:00,6,3,3
2019-11-26 22:00:00,2,1,1
2019-11-26 23:00:00,0,0,0
2019-11-27 00:00:00,0,0,0
2019-11-27 01:00:00,0,0,0
2019-11-27 02:00:00,4,2,2
2019-11-27 03:00:00,0,0,0
2019-11-27 04:00:00,2,1,1
2019-11-27 05:00:00,17,5,12
2019-11-27 06:00:00,33,3,30
2019-11-27 07:00:00,59,7,52
2019-11-27 08:00:00,80,3,77
2019-11-27 09:00:00,44,4,40
2019-11-27 10:00:00,34,10,24
2019-11-27 11:00:00,20,12,8
2019-11-27 12:00:00,26,16,10
2019-11-27 13:00:00,49,30,19
2019-11-27 14:00:00,47,35,12
2019-11-27 15:00:00,64,49,15
2019-11-27 16:00:00,61,54,7
2019-11-27 17:00:00,67,57,10
2019-11-27 18:00:00,37,28,9
2019-11-27 19:00:00,11,10,1
2019-11-27 20:00:00,3,1,2
2019-11-27 21:00:00,6,3,3
2019-11-27 22:00:00,5,3,2
2019-11-27 23:00:00,1,0,1
2019-11-28 00:00:00,1,1,0
2019-11-28 01:00:00,1,0,1
2019-11-28 02:00:00,2,1,1
2019-11-28 03:00:00,1,1,0
2019-11-28 04:00:00,0,0,0
2019-11-28 05:00:00,5,3,2
2019-11-28 06:00:00,5,1,4
2019-11-28 07:00:00,4,2,2
2019-11-28 08:00:00,10,4,6
2019-11-28 09:00:00,13,5,8
2019-11-28 10:00:00,14,7,7
2019-11-28 11:00:00,26,17,9
2019-11-28 12:00:00,18,5,13
2019-11-28 13:00:00,22,6,16
2019-11-28 14:00:00,21,14,7
2019-11-28 15:00:00,14,7,7
2019-11-28 16:00:00,12,6,6
2019-11-28 17:00:00,5,3,2
2019-11-28 18:00:00,1,1,0
2019-11-28 19:00:00,4,1,3
2019-11-28 20:00:00,2,0,2
2019-11-28 21:00:00,2,0,2
2019-11-28 22:00:00,1,1,0
2019-11-28 23:00:00,0,0,0
2019-11-29 00:00:00,0,0,0
2019-11-29 01:00:00,1,1,0
2019-11-29 02:00:00,0,0,0
2019-11-29 03:00:00,1,0,1
2019-11-29 04:00:00,0,0,0
2019-11-29 05:00:00,2,0,2
2019-11-29 06:00:00,11,1,10
2019-11-29 07:00:00,5,1,4
2019-11-29 08:00:00,9,0,9
2019-11-29 09:00:00,14,3,11
2019-11-29 10:00:00,9,4,5
2019-11-29 11:00:00,20,7,13
2019-11-29 12:00:00,28,14,14
2019-11-29 13:00:00,23,10,13
2019-11-29 14:00:00,20,12,8
2019-11-29 15:00:00,21,18,3
2019-11-29 16:00:00,23,17,6
2019-11-29 17:00:00,15,12,3
2019-11-29 18:00:00,7,2,5
2019-11-29 19:00:00,2,0,2
2019-11-29 20:00:00,2,2,0
2019-11-29 21:00:00,1,0,1
2019-11-29 22:00:00,4,3,1
2019-11-29 23:00:00,0,0,0
2019-11-30 00:00:00,0,0,0
2019-11-30 01:00:00,1,0,1
2019-11-30 02:00:00,1,1,0
2019-11-30 03:00:00,1,1,0
2019-11-30 04:00:00,2,1,1
2019-11-30 05:00:00,2,1,1
2019-11-30 06:00:00,5,0,5
2019-11-30 07:00:00,2,1,1
2019-11-30 08:00:00,6,2,4
2019-11-30 09:00:00,13,3,10
2019-11-30 10:00:00,9,4,5
2019-11-30 11:00:00,19,5,14
2019-11-30 12:00:00,33,17,16
2019-11-30 13:00:00,43,23,20
2019-11-30 14:00:00,36,19,17
2019-11-30 15:00:00,31,16,15
2019-11-30 16:00:00,23,15,8
2019-11-30 17:00:00,10,6,4
2019-11-30 18:00:00,4,2,2
2019-11-30 19:00:00,5,5,0
2019-11-30 20:00:00,2,2,0
2019-11-30 21:00:00,2,0,2
2019-11-30 22:00:00,1,0,1
2019-11-30 23:00:00,0,0,0
2019-12-01 00:00:00,0,0,0
2019-12-01 01:00:00,0,0,0
2019-12-01 02:00:00,1,1,0
2019-12-01 03:00:00,2,0,2
2019-12-01 04:00:00,3,1,2
2019-12-01 05:00:00,1,1,0
2019-12-01 06:00:00,1,0,1
2019-12-01 07:00:00,5,2,3
2019-12-01 08:00:00,6,2,4
2019-12-01 09:00:00,9,6,3
2019-12-01 10:00:00,14,4,10
2019-12-01 11:00:00,14,8,6
2019-12-01 12:00:00,14,6,8
2019-12-01 13:00:00,13,11,2
2019-12-01 14:00:00,10,6,4
2019-12-01 15:00:00,14,7,7
2019-12-01 16:00:00,6,3,3
2019-12-01 17:00:00,3,1,2
2019-12-01 18:00:00,3,1,2
2019-12-01 19:00:00,3,2,1
2019-12-01 20:00:00,1,1,0
2019-12-01 21:00:00,1,1,0
2019-12-01 22:00:00,4,2,2
2019-12-01 23:00:00,2,2,0
2019-12-02 00:00:00,3,2,1
2019-12-02 01:00:00,3,2,1
2019-12-02 02:00:00,1,1,0
2019-12-02 03:00:00,1,0,1
2019-12-02 04:00:00,2,0,2
2019-12-02 05:00:00,24,3,21
2019-12-02 06:00:00,55,10,45
2019-12-02 07:00:00,123,12,111
2019-12-02 08:00:00,134,2,132
2019-12-02 09:00:00,58,8,50
2019-12-02 10:00:00,15,3,12
2019-12-02 11:00:00,8,4,4
2019-12-02 12:00:00,19,6,13
2019-12-02 13:00:00,18,9,9
2019-12-02 14:00:00,37,21,16
2019-12-02 15:00:00,48,32,16
2019-12-02 16:00:00,122,104,18
2019-12-02 17:00:00,140,125,15
2019-12-02 18:00:00,60,55,5
2019-12-02 19:00:00,35,31,4
2019-12-02 20:00:00,11,9,2
2019-12-02 21:00:00,33,30,3
2019-12-02 22:00:00,4,4,0
2019-12-02 23:00:00,5,2,3
2019-12-03 00:00:00,0,0,0
2019-12-03 01:00:00,1,1,0
2019-12-03 02:00:00,1,1,0
2019-12-03 03:00:00,1,0,1
2019-12-03 04:00:00,4,2,2
2019-12-03 05:00:00,30,10,20
2019-12-03 06:00:00,79,14,65
2019-12-03 07:00:00,107,16,91
2019-12-03 08:00:00,137,13,124
2019-12-03 09:00:00,56,5,51
2019-12-03 10:00:00,15,3,12
2019-12-03 11:00:00,17,3,14
2019-12-03 12:00:00,14,5,9
2019-12-03 13:00:00,20,7,13
2019-12-03 14:00:00,10,7,3
2019-12-03 15:00:00,40,28,12
2019-12-03 16:00:00,103,84,19
2019-12-03 17:00:00,151,139,12
2019-12-03 18:00:00,95,80,15
2019-12-03 19:00:00,27,23,4
2019-12-03 20:00:00,17,15,2
2019-12-03 21:00:00,13,12,1
2019-12-03 22:00:00,4,3,1
2019-12-03 23:00:00,3,3,0
2019-12-04 00:00:00,4,2,2
2019-12-04 01:00:00,1,1,0
2019-12-04 02:00:00,3,2,1
2019-12-04 03:00:00,0,0,0
2019-12-04 04:00:00,1,0,1
2019-12-04 05:00:00,24,5,19
2019-12-04 06:00:00,64,13,51
2019-12-04 07:00:00,90,6,84
2019-12-04 08:00:00,108,6,102
2019-12-04 09:00:00,41,5,36
2019-12-04 10:00:00,23,4,19
2019-12-04 11:00:00,12,5,7
2019-12-04 12:00:00,10,6,4
2019-12-04 13:00:00,20,5,15
2019-12-04 14:00:00,11,5,6
2019-12-04 15:00:00,43,32,11
2019-12-04 16:00:00,86,71,15
2019-12-04 17:00:00,133,119,14
2019-12-04 18:00:00,70,66,4
2019-12-04 19:00:00,30,26,4
2019-12-04 20:00:00,14,9,5
2019-12-04 21:00:00,5,5,0
2019-12-04 22:00:00,6,2,4
2019-12-04 23:00:00,4,3,1
2019-12-05 00:00:00,2,1,1
2019-12-05 01:00:00,2,1,1
2019-12-05 02:00:00,3,3,0
2019-12-05 03:00:00,1,0,1
2019-12-05 04:00:00,1,1,0
2019-12-05 05:00:00,26,7,19
2019-12-05 06:00:00,61,6,55
2019-12-05 07:00:00,99,10,89
2019-12-05 08:00:00,140,4,136
2019-12-05 09:00:00,63,7,56
2019-12-05 10:00:00,23,10,13
2019-12-05 11:00:00,19,7,12
2019-12-05 12:00:00,25,11,14
2019-12-05 13:00:00,24,10,14
2019-12-05 14:00:00,29,17,12
2019-12-05 15:00:00,51,39,12
2019-12-05 16:00:00,98,81,17
2019-12-05 17:00:00,145,126,19
2019-12-05 18:00:00,76,64,12
2019-12-05 19:00:00,26,22,4
2019-12-05 20:00:00,18,17,1
2019-12-05 21:00:00,8,6,2
2019-12-05 22:00:00,6,5,1
2019-12-05 23:00:00,4,3,1
2019-12-06 00:00:00,4,2,2
2019-12-06 01:00:00,0,0,0
2019-12-06 02:00:00,1,1,0
2019-12-06 03:00:00,1,0,1
2019-12-06 04:00:00,2,1,1
2019-12-06 05:00:00,23,5,18
2019-12-06 06:00:00,40,8,32
2019-12-06 07:00:00,87,7,80
2019-12-06 08:00:00,117,10,107
2019-12-06 09:00:00,42,6,36
2019-12-06 10:00:00,16,4,12
2019-12-06 11:00:00,15,6,9
2019-12-06 12:00:00,20,10,10
2019-12-06 13:00:00,33,11,22
2019-12-06 14:00:00,19,11,8
2019-12-06 15:00:00,50,42,8
2019-12-06 16:00:00,88,72,16
2019-12-06 17:00:00,108,90,18
2019-12-06 18:00:00,48,46,2
2019-12-06 19:00:00,16,13,3
2019-12-06 20:00:00,8,6,2
2019-12-06 21:00:00,7,5,2
2019-12-06 22:00:00,1,1,0
2019-12-06 23:00:00,4,4,0
2019-12-07 00:00:00,2,0,2
2019-12-07 01:00:00,0,0,0
2019-12-07 02:00:00,4,2,2
2019-12-07 03:00:00,1,0,1
2019-12-07 04:00:00,0,0,0
2019-12-07 05:00:00,0,0,0
2019-12-07 06:00:00,1,0,1
2019-12-07 07:00:00,2,0,2
2019-12-07 08:00:00,5,0,5
2019-12-07 09:00:00,10,3,7
2019-12-07 10:00:00,9,4,5
2019-12-07 11:00:00,13,7,6
2019-12-07 12:00:00,8,2,6
2019-12-07 13:00:00,8,4,4
2019-12-07 14:00:00,9,6,3
2019-12-07 15:00:00,14,8,6
2019-12-07 16:00:00,14,7,7
2019-12-07 17:00:00,11,5,6
2019-12-07 18:00:00,7,6,1
2019-12-07 19:00:00,4,2,2
2019-12-07 20:00:00,3,1,2
2019-12-07 21:00:00,3,2,1
2019-12-07 22:00:00,2,2,0
2019-12-07 23:00:00,7,5,2
2019-12-08 00:00:00,13,4,9
2019-12-08 01:00:00,0,0,0
2019-12-08 02:00:00,1,1,0
2019-12-08 03:00:00,5,2,3
2019-12-08 04:00:00,0,0,0
2019-12-08 05:00:00,1,0,1
2019-12-08 06:00:00,4,1,3
2019-12-08 07:00:00,11,2,9
2019-12-08 08:00:00,6,1,5
2019-12-08 09:00:00,30,17,13
2019-12-08 10:00:00,24,10,14
2019-12-08 11:00:00,19,11,8
2019-12-08 12:00:00,40,20,20
2019-12-08 13:00:00,27,9,18
2019-12-08 14:00:00,31,16,15
2019-12-08 15:00:00,14,6,8
2019-12-08 16:00:00,28,18,10
2019-12-08 17:00:00,20,15,5
2019-12-08 18:00:00,9,8,1
2019-12-08 19:00:00,5,3,2
2019-12-08 20:00:00,5,2,3
2019-12-08 21:00:00,0,0,0
2019-12-08 22:00:00,2,2,0
2019-12-08 23:00:00,1,1,0
2019-12-09 00:00:00,2,2,0
2019-12-09 01:00:00,1,0,1
2019-12-09 02:00:00,3,2,1
2019-12-09 03:00:00,1,1,0
2019-12-09 04:00:00,2,0,2
2019-12-09 05:00:00,19,4,15
2019-12-09 06:00:00,66,7,59
2019-12-09 07:00:00,129,5,124
2019-12-09 08:00:00,151,8,143
2019-12-09 09:00:00,59,5,54
2019-12-09 10:00:00,21,3,18
2019-12-09 11:00:00,14,7,7
2019-12-09 12:00:00,16,6,10
2019-12-09 13:00:00,18,9,9
2019-12-09 14:00:00,37,20,17
2019-12-09 15:00:00,40,34,6
2019-12-09 16:00:00,111,93,18
2019-12-09 17:00:00,164,151,13
2019-12-09 18:00:00,81,70,11
2019-12-09 19:00:00,34,29,5
2019-12-09 20:00:00,13,10,3
2019-12-09 21:00:00,10,8,2
2019-12-09 22:00:00,3,3,0
2019-12-09 23:00:00,3,2,1
2019-12-10 00:00:00,2,1,1
2019-12-10 01:00:00,2,1,1
2019-12-10 02:00:00,4,4,0
2019-12-10 03:00:00,2,2,0
2019-12-10 04:00:00,5,1,4
2019-12-10 05:00:00,25,7,18
2019-12-10 06:00:00,60,5,55
2019-12-10 07:00:00,106,7,99
2019-12-10 08:00:00,132,4,128
2019-12-10 09:00:00,34,2,32
2019-12-10 10:00:00,20,7,13
2019-12-10 11:00:00,15,7,8
2019-12-10 12:00:00,9,5,4
2019-12-10 13:00:00,11,3,8
2019-12-10 14:00:00,13,5,8
2019-12-10 15:00:00,27,23,4
2019-12-10 16:00:00,89,73,16
2019-12-10 17:00:00,124,113,11
2019-12-10 18:00:00,80,67,13
2019-12-10 19:00:00,30,26,4
2019-12-10 20:00:00,8,8,0
2019-12-10 21:00:00,5,5,0
2019-12-10 22:00:00,2,2,0
2019-12-10 23:00:00,1,1,0
2019-12-11 00:00:00,1,1,0
2019-12-11 01:00:00,0,0,0
2019-12-11 02:00:00,2,1,1
2019-12-11 03:00:00,0,0,0
2019-12-11 04:00:00,4,1,3
2019-12-11 05:00:00,18,4,14
2019-12-11 06:00:00,53,5,48
2019-12-11 07:00:00,91,6,85
2019-12-11 08:00:00,126,6,120
2019-12-11 09:00:00,36,5,31
2019-12-11 10:00:00,13,4,9
2019-12-11 11:00:00,11,3,8
2019-12-11 12:00:00,6,4,2
2019-12-11 13:00:00,10,8,2
2019-12-11 14:00:00,16,6,10
2019-12-11 15:00:00,30,25,5
2019-12-11 16:00:00,61,51,10
2019-12-11 17:00:00,126,115,11
2019-12-11 18:00:00,58,52,6
2019-12-11 19:00:00,24,19,5
2019-12-11 20:00:00,11,9,2
2019-12-11 21:00:00,5,5,0
2019-12-11 22:00:00,3,2,1
2019-12-11 23:00:00,1,1,0
2019-12-12 00:00:00,1,1,0
2019-12-12 01:00:00,0,0,0
2019-12-12 02:00:00,2,2,0
2019-12-12 03:00:00,2,1,1
2019-12-12 04:00:00,3,1,2
2019-12-12 05:00:00,22,6,16
2019-12-12 06:00:00,41,3,38
2019-12-12 07:00:00,76,3,73
2019-12-12 08:00:00,95,4,91
2019-12-12 09:00:00,29,3,26
2019-12-12 10:00:00,10,4,6
2019-12-12 11:00:00,7,1,6
2019-12-12 12:00:00,6,2,4
2019-12-12 13:00:00,11,3,8
2019-12-12 14:00:00,9,5,4
2019-12-12 15:00:00,24,20,4
2019-12-12 16:00:00,68,57,11
2019-12-12 17:00:00,116,103,13
2019-12-12 18:00:00,44,40,4
2019-12-12 19:00:00,13,11,2
2019-12-12 20:00:00,9,8,1
2019-12-12 21:00:00,5,5,0
2019-12-12 22:00:00,4,4,0
2019-12-12 23:00:00,2,2,0
2019-12-13 00:00:00,2,1,1
2019-12-13 01:00:00,1,0,1
2019-12-13 02:00:00,1,1,0
2019-12-13 03:00:00,1,1,0
2019-12-13 04:00:00,2,0,2
2019-12-13 05:00:00,18,4,14
2019-12-13 06:00:00,36,5,31
2019-12-13 07:00:00,84,10,74
2019-12-13 08:00:00,80,10,70
2019-12-13 09:00:00,45,3,42
2019-12-13 10:00:00,33,17,16
2019-12-13 11:00:00,16,7,9
2019-12-13 12:00:00,19,7,12
2019-12-13 13:00:00,24,13,11
2019-12-13 14:00:00,24,15,9
2019-12-13 15:00:00,46,25,21
2019-12-13 16:00:00,94,76,18
2019-12-13 17:00:00,83,73,10
2019-12-13 18:00:00,50,45,5
2019-12-13 19:00:00,14,9,5
2019-12-13 20:00:00,4,3,1
2019-12-13 21:00:00,2,2,0
2019-12-13 22:00:00,5,1,4
2019-12-13 23:00:00,5,5,0
2019-12-14 00:00:00,0,0,0
2019-12-14 01:00:00,4,1,3
2019-12-14 02:00:00,1,1,0
2019-12-14 03:00:00,0,0,0
2019-12-14 04:00:00,0,0,0
2019-12-14 05:00:00,1,0,1
2019-12-14 06:00:00,3,1,2
2019-12-14 07:00:00,3,1,2
2019-12-14 08:00:00,17,7,10
2019-12-14 09:00:00,38,21,17
2019-12-14 10:00:00,17,7,10
2019-12-14 11:00:00,17,8,9
2019-12-14 12:00:00,17,12,5
2019-12-14 13:00:00,33,11,22
2019-12-14 14:00:00,14,11,3
2019-12-14 15:00:00,16,8,8
2019-12-14 16:00:00,14,9,5
2019-12-14 17:00:00,9,3,6
2019-12-14 18:00:00,5,2,3
2019-12-14 19:00:00,5,3,2
2019-12-14 20:00:00,3,1,2
2019-12-14 21:00:00,3,3,0
2019-12-14 22:00:00,1,0,1
2019-12-14 23:00:00,2,2,0
2019-12-15 00:00:00,1,1,0
2019-12-15 01:00:00,2,1,1
2019-12-15 02:00:00,1,1,0
2019-12-15 03:00:00,1,0,1
2019-12-15 04:00:00,1,1,0
2019-12-15 05:00:00,2,0,2
2019-12-15 06:00:00,4,1,3
2019-12-15 07:00:00,2,0,2
2019-12-15 08:00:00,10,3,7
2019-12-15 09:00:00,8,1,7
2019-12-15 10:00:00,11,4,7
2019-12-15 11:00:00,13,9,4
2019-12-15 12:00:00,8,5,3
2019-12-15 13:00:00,20,7,13
2019-12-15 14:00:00,16,7,9
2019-12-15 15:00:00,23,11,12
2019-12-15 16:00:00,12,5,7
2019-12-15 17:00:00,8,4,4
2019-12-15 18:00:00,7,5,2
2019-12-15 19:00:00,2,1,1
2019-12-15 20:00:00,3,3,0
2019-12-15 21:00:00,2,1,1
2019-12-15 22:00:00,2,2,0
2019-12-15 23:00:00,1,0,1
2019-12-16 00:00:00,2,1,1
2019-12-16 01:00:00,2,2,0
2019-12-16 02:00:00,1,0,1
2019-12-16 03:00:00,1,0,1
2019-12-16 04:00:00,1,0,1
2019-12-16 05:00:00,16,5,11
2019-12-16 06:00:00,57,7,50
2019-12-16 07:00:00,108,11,97
2019-12-16 08:00:00,134,11,123
2019-12-16 09:00:00,46,6,40
2019-12-16 10:00:00,16,4,12
2019-12-16 11:00:00,17,7,10
2019-12-16 12:00:00,10,4,6
2019-12-16 13:00:00,16,6,10
2019-12-16 14:00:00,20,11,9
2019-12-16 15:00:00,40,28,12
2019-12-16 16:00:00,89,68,21
2019-12-16 17:00:00,138,127,11
2019-12-16 18:00:00,80,74,6
2019-12-16 19:00:00,28,23,5
2019-12-16 20:00:00,17,14,3
2019-12-16 21:00:00,5,3,2
2019-12-16 22:00:00,4,3,1
2019-12-16 23:00:00,1,1,0
2019-12-17 00:00:00,1,1,0
2019-12-17 01:00:00,1,1,0
2019-12-17 02:00:00,3,2,1
2019-12-17 03:00:00,1,0,1
2019-12-17 04:00:00,1,0,1
2019-12-17 05:00:00,22,4,18
2019-12-17 06:00:00,66,6,60
2019-12-17 07:00:00,112,9,103
2019-12-17 08:00:00,139,10,129
2019-12-17 09:00:00,41,2,39
2019-12-17 10:00:00,23,5,18
2019-12-17 11:00:00,17,7,10
2019-12-17 12:00:00,17,10,7
2019-12-17 13:00:00,27,12,15
2019-12-17 14:00:00,22,11,11
2019-12-17 15:00:00,42,29,13
2019-12-17 16:00:00,96,78,18
2019-12-17 17:00:00,136,122,14
2019-12-17 18:00:00,95,85,10
2019-12-17 19:00:00,18,13,5
2019-12-17 20:00:00,16,14,2
2019-12-17 21:00:00,12,11,1
2019-12-17 22:00:00,6,5,1
2019-12-17 23:00:00,4,3,1
2019-12-18 00:00:00,0,0,0
2019-12-18 01:00:00,1,0,1
2019-12-18 02:00:00,3,2,1
2019-12-18 03:00:00,0,0,0
2019-12-18 04:00:00,1,1,0
2019-12-18 05:00:00,20,4,16
2019-12-18 06:00:00,46,4,42
2019-12-18 07:00:00,92,13,79
2019-12-18 08:00:00,114,11,103
2019-12-18 09:00:00,44,5,39
2019-12-18 10:00:00,17,6,11
2019-12-18 11:00:00,15,8,7
2019-12-18 12:00:00,18,4,14
2019-12-18 13:00:00,22,8,14
2019-12-18 14:00:00,24,11,13
2019-12-18 15:00:00,48,40,8
2019-12-18 16:00:00,76,61,15
2019-12-18 17:00:00,104,98,6
2019-12-18 18:00:00,55,48,7
2019-12-18 19:00:00,13,12,1
2019-12-18 20:00:00,17,16,1
2019-12-18 21:00:00,3,3,0
2019-12-18 22:00:00,3,2,1
2019-12-18 23:00:00,1,1,0
2019-12-19 00:00:00,0,0,0
2019-12-19 01:00:00,1,1,0
2019-12-19 02:00:00,2,2,0
2019-12-19 03:00:00,0,0,0
2019-12-19 04:00:00,3,1,2
2019-12-19 05:00:00,20,3,17
2019-12-19 06:00:00,34,3,31
2019-12-19 07:00:00,65,5,60
2019-12-19 08:00:00,76,4,72
2019-12-19 09:00:00,23,5,18
2019-12-19 10:00:00,20,2,18
2019-12-19 11:00:00,11,6,5
2019-12-19 12:00:00,8,3,5
2019-12-19 13:00:00,4,4,0
2019-12-19 14:00:00,3,1,2
2019-12-19 15:00:00,24,19,5
2019-12-19 16:00:00,45,40,5
2019-12-19 17:00:00,70,65,5
2019-12-19 18:00:00,36,33,3
2019-12-19 19:00:00,10,7,3
2019-12-19 20:00:00,11,9,2
2019-12-19 21:00:00,0,0,0
2019-12-19 22:00:00,0,0,0
2019-12-19 23:00:00,1,1,0
2019-12-20 00:00:00,1,1,0
2019-12-20 01:00:00,0,0,0
2019-12-20 02:00:00,1,1,0
2019-12-20 03:00:00,0,0,0
2019-12-20 04:00:00,1,1,0
2019-12-20 05:00:00,13,2,11
2019-12-20 06:00:00,16,4,12
2019-12-20 07:00:00,31,2,29
2019-12-20 08:00:00,37,4,33
2019-12-20 09:00:00,15,1,14
2019-12-20 10:00:00,15,2,13
2019-12-20 11:00:00,3,2,1
2019-12-20 12:00:00,3,0,3
2019-12-20 13:00:00,1,0,1
2019-12-20 14:00:00,4,0,4
2019-12-20 15:00:00,24,20,4
2019-12-20 16:00:00,18,16,2
2019-12-20 17:00:00,40,37,3
2019-12-20 18:00:00,19,17,2
2019-12-20 19:00:00,8,6,2
2019-12-20 20:00:00,6,3,3
2019-12-20 21:00:00,2,2,0
2019-12-20 22:00:00,1,0,1
2019-12-20 23:00:00,3,1,2
2019-12-21 00:00:00,0,0,0
2019-12-21 01:00:00,1,1,0
2019-12-21 02:00:00,0,0,0
2019-12-21 03:00:00,0,0,0
2019-12-21 04:00:00,0,0,0
2019-12-21 05:00:00,1,1,0
2019-12-21 06:00:00,4,1,3
2019-12-21 07:00:00,2,0,2
2019-12-21 08:00:00,3,1,2
2019-12-21 09:00:00,5,2,3
2019-12-21 10:00:00,1,0,1
2019-12-21 11:00:00,3,3,0
2019-12-21 12:00:00,0,0,0
2019-12-21 13:00:00,5,3,2
2019-12-21 14:00:00,2,1,1
2019-12-21 15:00:00,5,3,2
2019-12-21 16:00:00,10,7,3
2019-12-21 17:00:00,8,4,4
2019-12-21 18:00:00,11,3,8
2019-12-21 19:00:00,3,1,2
2019-12-21 20:00:00,3,2,1
2019-12-21 21:00:00,15,13,2
2019-12-21 22:00:00,2,1,1
2019-12-21 23:00:00,13,3,10
2019-12-22 00:00:00,2,1,1
2019-12-22 01:00:00,1,1,0
2019-12-22 02:00:00,2,1,1
2019-12-22 03:00:00,1,0,1
2019-12-22 04:00:00,2,2,0
2019-12-22 05:00:00,2,0,2
2019-12-22 06:00:00,2,0,2
2019-12-22 07:00:00,2,0,2
2019-12-22 08:00:00,9,3,6
2019-12-22 09:00:00,17,1,16
2019-12-22 10:00:00,21,7,14
2019-12-22 11:00:00,34,17,17
2019-12-22 12:00:00,20,11,9
2019-12-22 13:00:00,22,14,8
2019-12-22 14:00:00,15,10,5
2019-12-22 15:00:00,26,13,13
2019-12-22 16:00:00,11,8,3
2019-12-22 17:00:00,11,8,3
2019-12-22 18:00:00,2,2,0
2019-12-22 19:00:00,2,2,0
2019-12-22 20:00:00,1,1,0
2019-12-22 21:00:00,0,0,0
2019-12-22 22:00:00,0,0,0
2019-12-22 23:00:00,0,0,0
2019-12-23 00:00:00,0,0,0
2019-12-23 01:00:00,3,3,0
2019-12-23 02:00:00,0,0,0
2019-12-23 03:00:00,0,0,0
2019-12-23 04:00:00,1,0,1
2019-12-23 05:00:00,12,1,11
2019-12-23 06:00:00,31,4,27
2019-12-23 07:00:00,44,3,41
2019-12-23 08:00:00,40,2,38
2019-12-23 09:00:00,28,5,23
2019-12-23 10:00:00,11,2,9
2019-12-23 11:00:00,27,10,17
2019-12-23 12:00:00,19,8,11
2019-12-23 13:00:00,12,7,5
2019-12-23 14:00:00,25,14,11
2019-12-23 15:00:00,41,31,10
2019-12-23 16:00:00,54,46,8
2019-12-23 17:00:00,55,50,5
2019-12-23 18:00:00,23,19,4
2019-12-23 19:00:00,8,5,3
2019-12-23 20:00:00,4,3,1
2019-12-23 21:00:00,4,3,1
2019-12-23 22:00:00,4,2,2
2019-12-23 23:00:00,1,1,0
2019-12-24 00:00:00,2,1,1
2019-12-24 01:00:00,1,1,0
2019-12-24 02:00:00,1,1,0
2019-12-24 03:00:00,0,0,0
2019-12-24 04:00:00,4,3,1
2019-12-24 05:00:00,13,6,7
2019-12-24 06:00:00,20,4,16
2019-12-24 07:00:00,24,2,22
2019-12-24 08:00:00,21,2,19
2019-12-24 09:00:00,18,5,13
2019-12-24 10:00:00,16,8,8
2019-12-24 11:00:00,14,6,8
2019-12-24 12:00:00,22,14,8
2019-12-24 13:00:00,23,14,9
2019-12-24 14:00:00,31,21,10
2019-12-24 15:00:00,23,20,3
2019-12-24 16:00:00,15,9,6
2019-12-24 17:00:00,11,8,3
2019-12-24 18:00:00,6,5,1
2019-12-24 19:00:00,2,2,0
2019-12-24 20:00:00,4,4,0
2019-12-24 21:00:00,3,0,3
2019-12-24 22:00:00,3,2,1
2019-12-24 23:00:00,0,0,0
2019-12-25 00:00:00,0,0,0
2019-12-25 01:00:00,0,0,0
2019-12-25 02:00:00,1,1,0
2019-12-25 03:00:00,1,1,0
2019-12-25 04:00:00,0,0,0
2019-12-25 05:00:00,1,0,1
2019-12-25 06:00:00,3,1,2
2019-12-25 07:00:00,3,3,0
2019-12-25 08:00:00,4,1,3
2019-12-25 09:00:00,7,4,3
2019-12-25 10:00:00,10,7,3
2019-12-25 11:00:00,24,15,9
2019-12-25 12:00:00,12,5,7
2019-12-25 13:00:00,26,6,20
2019-12-25 14:00:00,23,11,12
2019-12-25 15:00:00,14,8,6
2019-12-25 16:00:00,8,3,5
2019-12-25 17:00:00,2,1,1
2019-12-25 18:00:00,2,2,0
2019-12-25 19:00:00,1,0,1
2019-12-25 20:00:00,1,1,0
2019-12-25 21:00:00,3,3,0
2019-12-25 22:00:00,3,1,2
2019-12-25 23:00:00,1,0,1
2019-12-26 00:00:00,2,0,2
2019-12-26 01:00:00,0,0,0
2019-12-26 02:00:00,0,0,0
2019-12-26 03:00:00,0,0,0
2019-12-26 04:00:00,1,0,1
2019-12-26 05:00:00,10,0,10
2019-12-26 06:00:00,19,3,16
2019-12-26 07:00:00,23,3,20
2019-12-26 08:00:00,21,1,20
2019-12-26 09:00:00,27,2,25
2019-12-26 10:00:00,16,6,10
2019-12-26 11:00:00,13,3,10
2019-12-26 12:00:00,19,13,6
2019-12-26 13:00:00,27,16,11
2019-12-26 14:00:00,33,16,17
2019-12-26 15:00:00,25,19,6
2019-12-26 16:00:00,33,27,6
2019-12-26 17:00:00,31,24,7
2019-12-26 18:00:00,21,19,2
2019-12-26 19:00:00,8,1,7
2019-12-26 20:00:00,4,3,1
2019-12-26 21:00:00,3,2,1
2019-12-26 22:00:00,0,0,0
2019-12-26 23:00:00,2,1,1
2019-12-27 00:00:00,1,1,0
2019-12-27 01:00:00,0,0,0
2019-12-27 02:00:00,1,1,0
2019-12-27 03:00:00,3,2,1
2019-12-27 04:00:00,3,0,3
2019-12-27 05:00:00,8,0,8
2019-12-27 06:00:00,27,6,21
2019-12-27 07:00:00,29,4,25
2019-12-27 08:00:00,34,2,32
2019-12-27 09:00:00,19,3,16
2019-12-27 10:00:00,16,7,9
2019-12-27 11:00:00,13,5,8
2019-12-27 12:00:00,7,4,3
2019-12-27 13:00:00,16,9,7
2019-12-27 14:00:00,19,9,10
2019-12-27 15:00:00,35,27,8
2019-12-27 16:00:00,33,29,4
2019-12-27 17:00:00,36,30,6
2019-12-27 18:00:00,21,17,4
2019-12-27 19:00:00,9,5,4
2019-12-27 20:00:00,10,9,1
2019-12-27 21:00:00,7,2,5
2019-12-27 22:00:00,2,2,0
2019-12-27 23:00:00,2,0,2
2019-12-28 00:00:00,3,3,0
2019-12-28 01:00:00,3,1,2
2019-12-28 02:00:00,0,0,0
2019-12-28 03:00:00,1,1,0
2019-12-28 04:00:00,1,0,1
2019-12-28 05:00:00,1,0,1
2019-12-28 06:00:00,13,5,8
2019-12-28 07:00:00,3,1,2
2019-12-28 08:00:00,7,1,6
2019-12-28 09:00:00,19,4,15
2019-12-28 10:00:00,21,11,10
2019-12-28 11:00:00,32,17,15
2019-12-28 12:00:00,35,20,15
2019-12-28 13:00:00,47,16,31
2019-12-28 14:00:00,31,13,18
2019-12-28 15:00:00,12,4,8
2019-12-28 16:00:00,16,13,3
2019-12-28 17:00:00,12,4,8
2019-12-28 18:00:00,5,2,3
2019-12-28 19:00:00,2,2,0
2019-12-28 20:00:00,6,4,2
2019-12-28 21:00:00,6,4,2
2019-12-28 22:00:00,1,0,1
2019-12-28 23:00:00,5,4,1
2019-12-29 00:00:00,3,2,1
2019-12-29 01:00:00,1,0,1
2019-12-29 02:00:00,1,1,0
2019-12-29 03:00:00,0,0,0
2019-12-29 04:00:00,1,1,0
2019-12-29 05:00:00,4,1,3
2019-12-29 06:00:00,8,3,5
2019-12-29 07:00:00,2,0,2
2019-12-29 08:00:00,6,0,6
2019-12-29 09:00:00,15,5,10
2019-12-29 10:00:00,28,16,12
2019-12-29 11:00:00,28,11,17
2019-12-29 12:00:00,25,13,12
2019-12-29 13:00:00,27,15,12
2019-12-29 14:00:00,40,11,29
2019-12-29 15:00:00,33,13,20
2019-12-29 16:00:00,26,12,14
2019-12-29 17:00:00,5,2,3
2019-12-29 18:00:00,6,4,2
2019-12-29 19:00:00,6,4,2
2019-12-29 20:00:00,11,7,4
2019-12-29 21:00:00,23,22,1
2019-12-29 22:00:00,2,1,1
2019-12-29 23:00:00,0,0,0
2019-12-30 00:00:00,0,0,0
2019-12-30 01:00:00,2,2,0
2019-12-30 02:00:00,0,0,0
2019-12-30 03:00:00,2,1,1
2019-12-30 04:00:00,4,0,4
2019-12-30 05:00:00,11,1,10
2019-12-30 06:00:00,28,2,26
2019-12-30 07:00:00,49,4,45
2019-12-30 08:00:00,61,11,50
2019-12-30 09:00:00,25,3,22
2019-12-30 10:00:00,17,4,13
2019-12-30 11:00:00,20,12,8
2019-12-30 12:00:00,12,7,5
2019-12-30 13:00:00,12,4,8
2019-12-30 14:00:00,16,9,7
2019-12-30 15:00:00,35,28,7
2019-12-30 16:00:00,64,50,14
2019-12-30 17:00:00,57,51,6
2019-12-30 18:00:00,31,23,8
2019-12-30 19:00:00,9,6,3
2019-12-30 20:00:00,6,4,2
2019-12-30 21:00:00,4,4,0
2019-12-30 22:00:00,3,1,2
2019-12-30 23:00:00,7,4,3
2019-12-31 00:00:00,3,1,2
2019-12-31 01:00:00,1,0,1
2019-12-31 02:00:00,3,3,0
2019-12-31 03:00:00,1,0,1
2019-12-31 04:00:00,2,1,1
2019-12-31 05:00:00,8,1,7
2019-12-31 06:00:00,20,6,14
2019-12-31 07:00:00,34,3,31
2019-12-31 08:00:00,31,3,28
2019-12-31 09:00:00,18,4,14
2019-12-31 10:00:00,15,6,9
2019-12-31 11:00:00,8,3,5
2019-12-31 12:00:00,8,4,4
2019-12-31 13:00:00,18,12,6
2019-12-31 14:00:00,17,15,2
2019-12-31 15:00:00,33,29,4
2019-12-31 16:00:00,38,26,12
2019-12-31 17:00:00,19,15,4
2019-12-31 18:00:00,10,8,2
2019-12-31 19:00:00,5,3,2
2019-12-31 20:00:00,1,1,0
2019-12-31 21:00:00,2,0,2
2019-12-31 22:00:00,0,0,0
2019-12-31 23:00:00,0,0,0
2020-01-01 00:00:00,3,1,2
2020-01-01 01:00:00,4,1,3
2020-01-01 02:00:00,2,2,0
2020-01-01 03:00:00,0,0,0
2020-01-01 04:00:00,0,0,0
2020-01-01 05:00:00,1,1,0
2020-01-01 06:00:00,3,1,2
2020-01-01 07:00:00,2,1,1
2020-01-01 08:00:00,7,3,4
2020-01-01 09:00:00,9,4,5
2020-01-01 10:00:00,23,14,9
2020-01-01 11:00:00,18,5,13
2020-01-01 12:00:00,27,11,16
2020-01-01 13:00:00,47,21,26
2020-01-01 14:00:00,17,11,6
2020-01-01 15:00:00,30,17,13
2020-01-01 16:00:00,23,12,11
2020-01-01 17:00:00,7,3,4
2020-01-01 18:00:00,6,3,3
2020-01-01 19:00:00,7,2,5
2020-01-01 20:00:00,4,3,1
2020-01-01 21:00:00,4,2,2
2020-01-01 22:00:00,2,1,1
2020-01-01 23:00:00,0,0,0
2020-01-02 00:00:00,2,1,1
2020-01-02 01:00:00,4,3,1
2020-01-02 02:00:00,2,1,1
2020-01-02 03:00:00,3,0,3
2020-01-02 04:00:00,5,1,4
2020-01-02 05:00:00,20,2,18
2020-01-02 06:00:00,43,4,39
2020-01-02 07:00:00,83,5,78
2020-01-02 08:00:00,95,3,92
2020-01-02 09:00:00,38,4,34
2020-01-02 10:00:00,16,2,14
2020-01-02 11:00:00,10,3,7
2020-01-02 12:00:00,17,9,8
2020-01-02 13:00:00,13,5,8
2020-01-02 14:00:00,16,11,5
2020-01-02 15:00:00,33,27,6
2020-01-02 16:00:00,58,49,9
2020-01-02 17:00:00,105,96,9
2020-01-02 18:00:00,44,40,4
2020-01-02 19:00:00,16,15,1
2020-01-02 20:00:00,4,3,1
2020-01-02 21:00:00,1,1,0
2020-01-02 22:00:00,3,3,0
2020-01-02 23:00:00,3,1,2
2020-01-03 00:00:00,0,0,0
2020-01-03 01:00:00,2,0,2
2020-01-03 02:00:00,1,1,0
2020-01-03 03:00:00,0,0,0
2020-01-03 04:00:00,3,1,2
2020-01-03 05:00:00,8,2,6
2020-01-03 06:00:00,29,7,22
2020-01-03 07:00:00,67,2,65
2020-01-03 08:00:00,79,4,75
2020-01-03 09:00:00,34,7,27
2020-01-03 10:00:00,19,8,11
2020-01-03 11:00:00,24,9,15
2020-01-03 12:00:00,26,10,16
2020-01-03 13:00:00,36,19,17
2020-01-03 14:00:00,31,21,10
2020-01-03 15:00:00,46,33,13
2020-01-03 16:00:00,75,69,6
2020-01-03 17:00:00,82,70,12
2020-01-03 18:00:00,52,45,7
2020-01-03 19:00:00,10,7,3
2020-01-03 20:00:00,10,5,5
2020-01-03 21:00:00,4,3,1
2020-01-03 22:00:00,5,4,1
2020-01-03 23:00:00,2,1,1
2020-01-04 00:00:00,0,0,0
2020-01-04 01:00:00,0,0,0
2020-01-04 02:00:00,0,0,0
2020-01-04 03:00:00,0,0,0
2020-01-04 04:00:00,1,1,0
2020-01-04 05:00:00,3,1,2
2020-01-04 06:00:00,5,2,3
2020-01-04 07:00:00,5,1,4
2020-01-04 08:00:00,12,3,9
2020-01-04 09:00:00,27,5,22
2020-01-04 10:00:00,25,8,17
2020-01-04 11:00:00,50,22,28
2020-01-04 12:00:00,30,18,12
2020-01-04 13:00:00,21,12,9
2020-01-04 14:00:00,12,6,6
2020-01-04 15:00:00,16,10,6
2020-01-04 16:00:00,13,11,2
2020-01-04 17:00:00,14,9,5
2020-01-04 18:00:00,5,2,3
2020-01-04 19:00:00,3,0,3
2020-01-04 20:00:00,2,2,0
2020-01-04 21:00:00,2,1,1
2020-01-04 22:00:00,4,3,1
2020-01-04 23:00:00,0,0,0
2020-01-05 00:00:00,2,0,2
2020-01-05 01:00:00,0,0,0
2020-01-05 02:00:00,0,0,0
2020-01-05 03:00:00,0,0,0
2020-01-05 04:00:00,0,0,0
2020-01-05 05:00:00,0,0,0
2020-01-05 06:00:00,0,0,0
2020-01-05 07:00:00,4,1,3
2020-01-05 08:00:00,7,0,7
2020-01-05 09:00:00,6,2,4
2020-01-05 10:00:00,6,3,3
2020-01-05 11:00:00,8,5,3
2020-01-05 12:00:00,14,10,4
2020-01-05 13:00:00,11,5,6
2020-01-05 14:00:00,20,11,9
2020-01-05 15:00:00,14,9,5
2020-01-05 16:00:00,13,3,10
2020-01-05 17:00:00,14,5,9
2020-01-05 18:00:00,1,1,0
2020-01-05 19:00:00,2,2,0
2020-01-05 20:00:00,4,4,0
2020-01-05 21:00:00,1,1,0
2020-01-05 22:00:00,1,1,0
2020-01-05 23:00:00,3,1,2
2020-01-06 00:00:00,2,1,1
2020-01-06 01:00:00,1,1,0
2020-01-06 02:00:00,0,0,0
2020-01-06 03:00:00,1,0,1
2020-01-06 04:00:00,6,2,4
2020-01-06 05:00:00,16,2,14
2020-01-06 06:00:00,53,5,48
2020-01-06 07:00:00,90,10,80
2020-01-06 08:00:00,94,6,88
2020-01-06 09:00:00,29,2,27
2020-01-06 10:00:00,7,1,6
2020-01-06 11:00:00,2,0,2
2020-01-06 12:00:00,5,2,3
2020-01-06 13:00:00,2,1,1
2020-01-06 14:00:00,12,6,6
2020-01-06 15:00:00,27,23,4
2020-01-06 16:00:00,71,60,11
2020-01-06 17:00:00,97,92,5
2020-01-06 18:00:00,64,53,11
2020-01-06 19:00:00,6,4,2
2020-01-06 20:00:00,9,8,1
2020-01-06 21:00:00,4,3,1
2020-01-06 22:00:00,3,3,0
2020-01-06 23:00:00,3,2,1
2020-01-07 00:00:00,3,2,1
2020-01-07 01:00:00,0,0,0
2020-01-07 02:00:00,2,1,1
2020-01-07 03:00:00,1,1,0
2020-01-07 04:00:00,3,1,2
2020-01-07 05:00:00,15,3,12
2020-01-07 06:00:00,40,5,35
2020-01-07 07:00:00,84,10,74
2020-01-07 08:00:00,106,7,99
2020-01-07 09:00:00,44,7,37
2020-01-07 10:00:00,8,1,7
2020-01-07 11:00:00,5,4,1
2020-01-07 12:00:00,10,6,4
2020-01-07 13:00:00,18,9,9
2020-01-07 14:00:00,14,8,6
2020-01-07 15:00:00,22,15,7
2020-01-07 16:00:00,56,45,11
2020-01-07 17:00:00,122,112,10
2020-01-07 18:00:00,62,54,8
2020-01-07 19:00:00,17,16,1
2020-01-07 20:00:00,4,2,2
2020-01-07 21:00:00,3,2,1
2020-01-07 22:00:00,1,1,0
2020-01-07 23:00:00,6,5,1
2020-01-08 00:00:00,2,2,0
2020-01-08 01:00:00,5,2,3
2020-01-08 02:00:00,3,2,1
2020-01-08 03:00:00,1,1,0
2020-01-08 04:00:00,6,2,4
2020-01-08 05:00:00,21,6,15
2020-01-08 06:00:00,63,5,58
2020-01-08 07:00:00,85,9,76
2020-01-08 08:00:00,133,8,125
2020-01-08 09:00:00,46,6,40
2020-01-08 10:00:00,11,3,8
2020-01-08 11:00:00,14,4,10
2020-01-08 12:00:00,17,11,6
2020-01-08 13:00:00,15,8,7
2020-01-08 14:00:00,21,12,9
2020-01-08 15:00:00,35,26,9
2020-01-08 16:00:00,76,62,14
2020-01-08 17:00:00,117,111,6
2020-01-08 18:00:00,78,69,9
2020-01-08 19:00:00,21,16,5
2020-01-08 20:00:00,10,9,1
2020-01-08 21:00:00,7,6,1
2020-01-08 22:00:00,3,3,0
2020-01-08 23:00:00,3,3,0
2020-01-09 00:00:00,0,0,0
2020-01-09 01:00:00,3,2,1
2020-01-09 02:00:00,1,1,0
2020-01-09 03:00:00,0,0,0
2020-01-09 04:00:00,5,2,3
2020-01-09 05:00:00,22,5,17
2020-01-09 06:00:00,48,4,44
2020-01-09 07:00:00,83,6,77
2020-01-09 08:00:00,104,6,98
2020-01-09 09:00:00,37,6,31
2020-01-09 10:00:00,5,1,4
2020-01-09 11:00:00,5,2,3
2020-01-09 12:00:00,4,1,3
2020-01-09 13:00:00,4,2,2
2020-01-09 14:00:00,22,12,10
2020-01-09 15:00:00,25,17,8
2020-01-09 16:00:00,87,72,15
2020-01-09 17:00:00,109,103,6
2020-01-09 18:00:00,62,54,8
2020-01-09 19:00:00,17,15,2
2020-01-09 20:00:00,8,5,3
2020-01-09 21:00:00,7,5,2
2020-01-09 22:00:00,6,6,0
2020-01-09 23:00:00,1,1,0
2020-01-10 00:00:00,2,2,0
2020-01-10 01:00:00,0,0,0
2020-01-10 02:00:00,1,1,0
2020-01-10 03:00:00,0,0,0
2020-01-10 04:00:00,2,0,2
2020-01-10 05:00:00,13,6,7
2020-01-10 06:00:00,35,3,32
2020-01-10 07:00:00,52,5,47
2020-01-10 08:00:00,83,4,79
2020-01-10 09:00:00,25,2,23
2020-01-10 10:00:00,6,1,5
2020-01-10 11:00:00,9,3,6
2020-01-10 12:00:00,4,3,1
2020-01-10 13:00:00,6,1,5
2020-01-10 14:00:00,9,5,4
2020-01-10 15:00:00,26,20,6
2020-01-10 16:00:00,44,37,7
2020-01-10 17:00:00,86,74,12
2020-01-10 18:00:00,32,29,3
2020-01-10 19:00:00,15,12,3
2020-01-10 20:00:00,3,3,0
2020-01-10 21:00:00,3,2,1
2020-01-10 22:00:00,3,2,1
2020-01-10 23:00:00,1,1,0
2020-01-11 00:00:00,0,0,0
2020-01-11 01:00:00,0,0,0
2020-01-11 02:00:00,0,0,0
2020-01-11 03:00:00,1,0,1
2020-01-11 04:00:00,0,0,0
2020-01-11 05:00:00,2,2,0
2020-01-11 06:00:00,4,0,4
2020-01-11 07:00:00,4,0,4
2020-01-11 08:00:00,3,1,2
2020-01-11 09:00:00,14,5,9
2020-01-11 10:00:00,16,9,7
2020-01-11 11:00:00,19,11,8
2020-01-11 12:00:00,14,8,6
2020-01-11 13:00:00,25,9,16
2020-01-11 14:00:00,20,4,16
2020-01-11 15:00:00,20,13,7
2020-01-11 16:00:00,12,11,1
2020-01-11 17:00:00,14,8,6
2020-01-11 18:00:00,6,4,2
2020-01-11 19:00:00,7,5,2
2020-01-11 20:00:00,6,3,3
2020-01-11 21:00:00,6,4,2
2020-01-11 22:00:00,3,3,0
2020-01-11 23:00:00,1,1,0
2020-01-12 00:00:00,3,1,2
2020-01-12 01:00:00,0,0,0
2020-01-12 02:00:00,1,0,1
2020-01-12 03:00:00,1,1,0
2020-01-12 04:00:00,0,0,0
2020-01-12 05:00:00,0,0,0
2020-01-12 06:00:00,3,0,3
2020-01-12 07:00:00,4,1,3
2020-01-12 08:00:00,2,0,2
2020-01-12 09:00:00,10,1,9
2020-01-12 10:00:00,10,7,3
2020-01-12 11:00:00,10,8,2
2020-01-12 12:00:00,5,1,4
2020-01-12 13:00:00,9,3,6
2020-01-12 14:00:00,8,6,2
2020-01-12 15:00:00,22,9,13
2020-01-12 16:00:00,6,4,2
2020-01-12 17:00:00,3,2,1
2020-01-12 18:00:00,3,1,2
2020-01-12 19:00:00,0,0,0
2020-01-12 20:00:00,4,4,0
2020-01-12 21:00:00,1,1,0
2020-01-12 22:00:00,1,0,1
2020-01-12 23:00:00,0,0,0
2020-01-13 00:00:00,0,0,0
2020-01-13 01:00:00,1,1,0
2020-01-13 02:00:00,0,0,0
2020-01-13 03:00:00,1,0,1
2020-01-13 04:00:00,2,1,1
2020-01-13 05:00:00,9,1,8
2020-01-13 06:00:00,26,0,26
2020-01-13 07:00:00,44,6,38
2020-01-13 08:00:00,48,2,46
2020-01-13 09:00:00,29,4,25
2020-01-13 10:00:00,9,2,7
2020-01-13 11:00:00,7,2,5
2020-01-13 12:00:00,4,2,2
2020-01-13 13:00:00,2,0,2
2020-01-13 14:00:00,8,6,2
2020-01-13 15:00:00,22,16,6
2020-01-13 16:00:00,42,37,5
2020-01-13 17:00:00,54,53,1
2020-01-13 18:00:00,17,14,3
2020-01-13 19:00:00,11,10,1
2020-01-13 20:00:00,3,3,0
2020-01-13 21:00:00,3,3,0
2020-01-13 22:00:00,2,2,0
2020-01-13 23:00:00,1,1,0
2020-01-14 00:00:00,0,0,0
2020-01-14 01:00:00,1,0,1
2020-01-14 02:00:00,1,1,0
2020-01-14 03:00:00,3,0,3
2020-01-14 04:00:00,1,1,0
2020-01-14 05:00:00,6,2,4
2020-01-14 06:00:00,11,0,11
2020-01-14 07:00:00,20,2,18
2020-01-14 08:00:00,21,1,20
2020-01-14 09:00:00,17,5,12
2020-01-14 10:00:00,12,5,7
2020-01-14 11:00:00,6,3,3
2020-01-14 12:00:00,4,2,2
2020-01-14 13:00:00,7,3,4
2020-01-14 14:00:00,9,5,4
2020-01-14 15:00:00,19,12,7
2020-01-14 16:00:00,13,11,2
2020-01-14 17:00:00,36,33,3
2020-01-14 18:00:00,8,7,1
2020-01-14 19:00:00,11,9,2
2020-01-14 20:00:00,1,0,1
2020-01-14 21:00:00,2,2,0
2020-01-14 22:00:00,2,2,0
2020-01-14 23:00:00,1,0,1
2020-01-15 00:00:00,0,0,0
2020-01-15 01:00:00,0,0,0
2020-01-15 02:00:00,2,2,0
2020-01-15 03:00:00,1,0,1
2020-01-15 04:00:00,1,1,0
2020-01-15 05:00:00,6,1,5
2020-01-15 06:00:00,15,0,15
2020-01-15 07:00:00,23,0,23
2020-01-15 08:00:00,38,2,36
2020-01-15 09:00:00,22,4,18
2020-01-15 10:00:00,10,3,7
2020-01-15 11:00:00,4,1,3
2020-01-15 12:00:00,3,2,1
2020-01-15 13:00:00,5,0,5
2020-01-15 14:00:00,8,4,4
2020-01-15 15:00:00,14,12,2
2020-01-15 16:00:00,24,19,5
2020-01-15 17:00:00,31,29,2
2020-01-15 18:00:00,22,19,3
2020-01-15 19:00:00,9,8,1
2020-01-15 20:00:00,6,6,0
2020-01-15 21:00:00,2,2,0
2020-01-15 22:00:00,3,3,0
2020-01-15 23:00:00,2,1,1
2020-01-16 00:00:00,0,0,0
2020-01-16 01:00:00,0,0,0
2020-01-16 02:00:00,1,1,0
2020-01-16 03:00:00,0,0,0
2020-01-16 04:00:00,1,0,1
2020-01-16 05:00:00,12,2,10
2020-01-16 06:00:00,38,3,35
2020-01-16 07:00:00,63,6,57
2020-01-16 08:00:00,88,8,80
2020-01-16 09:00:00,44,7,37
2020-01-16 10:00:00,11,3,8
2020-01-16 11:00:00,15,7,8
2020-01-16 12:00:00,11,4,7
2020-01-16 13:00:00,15,4,11
2020-01-16 14:00:00,14,8,6
2020-01-16 15:00:00,37,29,8
2020-01-16 16:00:00,71,56,15
2020-01-16 17:00:00,88,78,10
2020-01-16 18:00:00,43,38,5
2020-01-16 19:00:00,15,12,3
2020-01-16 20:00:00,13,9,4
2020-01-16 21:00:00,3,1,2
2020-01-16 22:00:00,2,2,0
2020-01-16 23:00:00,0,0,0
2020-01-17 00:00:00,1,1,0
2020-01-17 01:00:00,1,0,1
2020-01-17 02:00:00,2,2,0
2020-01-17 03:00:00,1,1,0
2020-01-17 04:00:00,1,0,1
2020-01-17 05:00:00,11,3,8
2020-01-17 06:00:00,31,3,28
2020-01-17 07:00:00,53,5,48
2020-01-17 08:00:00,72,5,67
2020-01-17 09:00:00,35,9,26
2020-01-17 10:00:00,19,7,12
2020-01-17 11:00:00,9,5,4
2020-01-17 12:00:00,13,4,9
2020-01-17 13:00:00,9,5,4
2020-01-17 14:00:00,16,11,5
2020-01-17 15:00:00,30,26,4
2020-01-17 16:00:00,59,49,10
2020-01-17 17:00:00,92,76,16
2020-01-17 18:00:00,37,32,5
2020-01-17 19:00:00,16,12,4
2020-01-17 20:00:00,2,2,0
2020-01-17 21:00:00,2,1,1
2020-01-17 22:00:00,2,2,0
2020-01-17 23:00:00,1,0,1
2020-01-18 00:00:00,2,1,1
2020-01-18 01:00:00,1,1,0
2020-01-18 02:00:00,1,0,1
2020-01-18 03:00:00,0,0,0
2020-01-18 04:00:00,1,1,0
2020-01-18 05:00:00,0,0,0
2020-01-18 06:00:00,5,0,5
2020-01-18 07:00:00,4,1,3
2020-01-18 08:00:00,13,2,11
2020-01-18 09:00:00,6,4,2
2020-01-18 10:00:00,25,15,10
2020-01-18 11:00:00,19,8,11
2020-01-18 12:00:00,39,11,28
2020-01-18 13:00:00,20,11,9
2020-01-18 14:00:00,10,3,7
2020-01-18 15:00:00,22,14,8
2020-01-18 16:00:00,26,16,10
2020-01-18 17:00:00,12,6,6
2020-01-18 18:00:00,7,6,1
2020-01-18 19:00:00,9,6,3
2020-01-18 20:00:00,3,3,0
2020-01-18 21:00:00,1,1,0
2020-01-18 22:00:00,1,1,0
2020-01-18 23:00:00,1,0,1
2020-01-19 00:00:00,2,0,2
2020-01-19 01:00:00,1,1,0
2020-01-19 02:00:00,0,0,0
2020-01-19 03:00:00,2,2,0
2020-01-19 04:00:00,0,0,0
2020-01-19 05:00:00,4,1,3
2020-01-19 06:00:00,3,0,3
2020-01-19 07:00:00,2,1,1
2020-01-19 08:00:00,10,3,7
2020-01-19 09:00:00,12,7,5
2020-01-19 10:00:00,31,13,18
2020-01-19 11:00:00,17,11,6
2020-01-19 12:00:00,19,10,9
2020-01-19 13:00:00,9,3,6
2020-01-19 14:00:00,14,4,10
2020-01-19 15:00:00,19,11,8
2020-01-19 16:00:00,20,10,10
2020-01-19 17:00:00,10,4,6
2020-01-19 18:00:00,9,4,5
2020-01-19 19:00:00,3,1,2
2020-01-19 20:00:00,7,6,1
2020-01-19 21:00:00,3,2,1
2020-01-19 22:00:00,2,0,2
2020-01-19 23:00:00,1,0,1
2020-01-20 00:00:00,2,1,1
2020-01-20 01:00:00,2,2,0
2020-01-20 02:00:00,2,0,2
2020-01-20 03:00:00,1,0,1
2020-01-20 04:00:00,0,0,0
2020-01-20 05:00:00,7,3,4
2020-01-20 06:00:00,23,3,20
2020-01-20 07:00:00,48,8,40
2020-01-20 08:00:00,53,10,43
2020-01-20 09:00:00,28,5,23
2020-01-20 10:00:00,14,3,11
2020-01-20 11:00:00,21,11,10
2020-01-20 12:00:00,18,9,9
2020-01-20 13:00:00,22,12,10
2020-01-20 14:00:00,33,18,15
2020-01-20 15:00:00,36,21,15
2020-01-20 16:00:00,52,32,20
2020-01-20 17:00:00,51,39,12
2020-01-20 18:00:00,46,38,8
2020-01-20 19:00:00,13,9,4
2020-01-20 20:00:00,3,2,1
2020-01-20 21:00:00,1,1,0
2020-01-20 22:00:00,5,4,1
2020-01-20 23:00:00,2,2,0
2020-01-21 00:00:00,0,0,0
2020-01-21 01:00:00,0,0,0
2020-01-21 02:00:00,2,2,0
2020-01-21 03:00:00,1,0,1
2020-01-21 04:00:00,4,2,2
2020-01-21 05:00:00,18,6,12
2020-01-21 06:00:00,50,7,43
2020-01-21 07:00:00,87,15,72
2020-01-21 08:00:00,103,7,96
2020-01-21 09:00:00,36,3,33
2020-01-21 10:00:00,13,1,12
2020-01-21 11:00:00,8,2,6
2020-01-21 12:00:00,5,1,4
2020-01-21 13:00:00,9,4,5
2020-01-21 14:00:00,12,6,6
2020-01-21 15:00:00,32,21,11
2020-01-21 16:00:00,62,51,11
2020-01-21 17:00:00,111,104,7
2020-01-21 18:00:00,63,54,9
2020-01-21 19:00:00,10,9,1
2020-01-21 20:00:00,7,6,1
2020-01-21 21:00:00,1,1,0
2020-01-21 22:00:00,1,1,0
2020-01-21 23:00:00,1,1,0
2020-01-22 00:00:00,4,3,1
2020-01-22 01:00:00,2,0,2
2020-01-22 02:00:00,3,2,1
2020-01-22 03:00:00,2,1,1
2020-01-22 04:00:00,1,0,1
2020-01-22 05:00:00,21,6,15
2020-01-22 06:00:00,40,4,36
2020-01-22 07:00:00,57,9,48
2020-01-22 08:00:00,111,8,103
2020-01-22 09:00:00,31,5,26
2020-01-22 10:00:00,10,3,7
2020-01-22 11:00:00,8,4,4
2020-01-22 12:00:00,10,5,5
2020-01-22 13:00:00,10,3,7
2020-01-22 14:00:00,10,5,5
2020-01-22 15:00:00,26,19,7
2020-01-22 16:00:00,63,52,11
2020-01-22 17:00:00,100,88,12
2020-01-22 18:00:00,67,56,11
2020-01-22 19:00:00,15,11,4
2020-01-22 20:00:00,10,10,0
2020-01-22 21:00:00,8,5,3
2020-01-22 22:00:00,6,6,0
2020-01-22 23:00:00,4,4,0
2020-01-23 00:00:00,0,0,0
2020-01-23 01:00:00,0,0,0
2020-01-23 02:00:00,2,1,1
2020-01-23 03:00:00,0,0,0
2020-01-23 04:00:00,6,2,4
2020-01-23 05:00:00,17,4,13
2020-01-23 06:00:00,44,6,38
2020-01-23 07:00:00,61,6,55
2020-01-23 08:00:00,73,5,68
2020-01-23 09:00:00,23,5,18
2020-01-23 10:00:00,7,1,6
2020-01-23 11:00:00,4,0,4
2020-01-23 12:00:00,4,3,1
2020-01-23 13:00:00,4,2,2
2020-01-23 14:00:00,8,2,6
2020-01-23 15:00:00,26,20,6
2020-01-23 16:00:00,54,41,13
2020-01-23 17:00:00,84,74,10
2020-01-23 18:00:00,48,46,2
2020-01-23 19:00:00,28,26,2
2020-01-23 20:00:00,5,2,3
2020-01-23 21:00:00,8,4,4
2020-01-23 22:00:00,5,3,2
2020-01-23 23:00:00,2,2,0
2020-01-24 00:00:00,0,0,0
2020-01-24 01:00:00,1,0,1
2020-01-24 02:00:00,2,2,0
2020-01-24 03:00:00,2,0,2
2020-01-24 04:00:00,5,1,4
2020-01-24 05:00:00,12,4,8
2020-01-24 06:00:00,35,6,29
2020-01-24 07:00:00,69,11,58
2020-01-24 08:00:00,92,9,83
2020-01-24 09:00:00,25,6,19
2020-01-24 10:00:00,11,1,10
2020-01-24 11:00:00,8,2,6
2020-01-24 12:00:00,6,5,1
2020-01-24 13:00:00,4,3,1
2020-01-24 14:00:00,16,7,9
2020-01-24 15:00:00,33,25,8
2020-01-24 16:00:00,50,43,7
2020-01-24 17:00:00,86,79,7
2020-01-24 18:00:00,35,31,4
2020-01-24 19:00:00,18,13,5
2020-01-24 20:00:00,3,2,1
2020-01-24 21:00:00,4,4,0
2020-01-24 22:00:00,2,1,1
2020-01-24 23:00:00,4,4,0
2020-01-25 00:00:00,2,2,0
2020-01-25 01:00:00,4,3,1
2020-01-25 02:00:00,1,1,0
2020-01-25 03:00:00,4,0,4
2020-01-25 04:00:00,1,0,1
2020-01-25 05:00:00,3,1,2
2020-01-25 06:00:00,5,1,4
2020-01-25 07:00:00,1,0,1
2020-01-25 08:00:00,18,6,12
2020-01-25 09:00:00,9,2,7
2020-01-25 10:00:00,25,9,16
2020-01-25 11:00:00,16,8,8
2020-01-25 12:00:00,18,13,5
2020-01-25 13:00:00,29,14,15
2020-01-25 14:00:00,42,21,21
2020-01-25 15:00:00,23,8,15
2020-01-25 16:00:00,26,16,10
2020-01-25 17:00:00,9,7,2
2020-01-25 18:00:00,7,6,1
2020-01-25 19:00:00,5,2,3
2020-01-25 20:00:00,8,4,4
2020-01-25 21:00:00,5,3,2
2020-01-25 22:00:00,0,0,0
2020-01-25 23:00:00,4,2,2
2020-01-26 00:00:00,2,2,0
2020-01-26 01:00:00,2,2,0
2020-01-26 02:00:00,2,1,1
2020-01-26 03:00:00,0,0,0
2020-01-26 04:00:00,0,0,0
2020-01-26 05:00:00,1,0,1
2020-01-26 06:00:00,4,1,3
2020-01-26 07:00:00,7,0,7
2020-01-26 08:00:00,5,3,2
2020-01-26 09:00:00,16,7,9
2020-01-26 10:00:00,19,9,10
2020-01-26 11:00:00,42,23,19
2020-01-26 12:00:00,44,19,25
2020-01-26 13:00:00,35,22,13
2020-01-26 14:00:00,39,22,17
2020-01-26 15:00:00,30,14,16
2020-01-26 16:00:00,19,5,14
2020-01-26 17:00:00,12,5,7
2020-01-26 18:00:00,9,7,2
2020-01-26 19:00:00,3,1,2
2020-01-26 20:00:00,0,0,0
2020-01-26 21:00:00,6,5,1
2020-01-26 22:00:00,7,4,3
2020-01-26 23:00:00,1,0,1
2020-01-27 00:00:00,0,0,0
2020-01-27 01:00:00,2,1,1
2020-01-27 02:00:00,1,1,0
2020-01-27 03:00:00,2,2,0
2020-01-27 04:00:00,4,1,3
2020-01-27 05:00:00,12,3,9
2020-01-27 06:00:00,45,3,42
2020-01-27 07:00:00,92,8,84
2020-01-27 08:00:00,112,4,108
2020-01-27 09:00:00,42,3,39
2020-01-27 10:00:00,28,9,19
2020-01-27 11:00:00,18,5,13
2020-01-27 12:00:00,14,6,8
2020-01-27 13:00:00,22,14,8
2020-01-27 14:00:00,20,10,10
2020-01-27 15:00:00,35,29,6
2020-01-27 16:00:00,71,62,9
2020-01-27 17:00:00,119,106,13
2020-01-27 18:00:00,60,51,9
2020-01-27 19:00:00,21,18,3
2020-01-27 20:00:00,4,4,0
2020-01-27 21:00:00,3,2,1
2020-01-27 22:00:00,2,1,1
2020-01-27 23:00:00,2,1,1
2020-01-28 00:00:00,2,1,1
2020-01-28 01:00:00,0,0,0
2020-01-28 02:00:00,2,1,1
2020-01-28 03:00:00,1,0,1
2020-01-28 04:00:00,4,1,3
2020-01-28 05:00:00,18,6,12
2020-01-28 06:00:00,41,5,36
2020-01-28 07:00:00,59,5,54
2020-01-28 08:00:00,101,8,93
2020-01-28 09:00:00,27,4,23
2020-01-28 10:00:00,15,3,12
2020-01-28 11:00:00,8,2,6
2020-01-28 12:00:00,12,3,9
2020-01-28 13:00:00,11,7,4
2020-01-28 14:00:00,20,12,8
2020-01-28 15:00:00,37,26,11
2020-01-28 16:00:00,61,49,12
2020-01-28 17:00:00,120,105,15
2020-01-28 18:00:00,58,52,6
2020-01-28 19:00:00,14,14,0
2020-01-28 20:00:00,13,8,5
2020-01-28 21:00:00,5,5,0
2020-01-28 22:00:00,6,4,2
2020-01-28 23:00:00,1,1,0
2020-01-29 00:00:00,0,0,0
2020-01-29 01:00:00,3,3,0
2020-01-29 02:00:00,1,1,0
2020-01-29 03:00:00,1,0,1
2020-01-29 04:00:00,4,1,3
2020-01-29 05:00:00,16,3,13
2020-01-29 06:00:00,57,3,54
2020-01-29 07:00:00,66,6,60
2020-01-29 08:00:00,107,10,97
2020-01-29 09:00:00,33,3,30
2020-01-29 10:00:00,9,3,6
2020-01-29 11:00:00,7,3,4
2020-01-29 12:00:00,6,2,4
2020-01-29 13:00:00,8,4,4
2020-01-29 14:00:00,12,8,4
2020-01-29 15:00:00,25,20,5
2020-01-29 16:00:00,65,56,9
2020-01-29 17:00:00,103,91,12
2020-01-29 18:00:00,52,47,5
2020-01-29 19:00:00,24,21,3
2020-01-29 20:00:00,10,10,0
2020-01-29 21:00:00,9,7,2
2020-01-29 22:00:00,2,2,0
2020-01-29 23:00:00,3,3,0
2020-01-30 00:00:00,0,0,0
2020-01-30 01:00:00,2,0,2
2020-01-30 02:00:00,1,1,0
2020-01-30 03:00:00,1,0,1
2020-01-30 04:00:00,3,1,2
2020-01-30 05:00:00,22,5,17
2020-01-30 06:00:00,48,11,37
2020-01-30 07:00:00,91,6,85
2020-01-30 08:00:00,125,9,116
2020-01-30 09:00:00,42,5,37
2020-01-30 10:00:00,21,7,14
2020-01-30 11:00:00,17,7,10
2020-01-30 12:00:00,11,5,6
2020-01-30 13:00:00,9,5,4
2020-01-30 14:00:00,25,13,12
2020-01-30 15:00:00,33,24,9
2020-01-30 16:00:00,76,67,9
2020-01-30 17:00:00,119,111,8
2020-01-30 18:00:00,62,56,6
2020-01-30 19:00:00,20,15,5
2020-01-30 20:00:00,11,9,2
2020-01-30 21:00:00,7,6,1
2020-01-30 22:00:00,3,3,0
2020-01-30 23:00:00,2,2,0
2020-01-31 00:00:00,0,0,0
2020-01-31 01:00:00,3,2,1
2020-01-31 02:00:00,2,2,0
2020-01-31 03:00:00,1,0,1
2020-01-31 04:00:00,3,1,2
2020-01-31 05:00:00,9,4,5
2020-01-31 06:00:00,25,3,22
2020-01-31 07:00:00,63,3,60
2020-01-31 08:00:00,68,7,61
2020-01-31 09:00:00,26,8,18
2020-01-31 10:00:00,10,2,8
2020-01-31 11:00:00,8,5,3
2020-01-31 12:00:00,8,4,4
2020-01-31 13:00:00,8,5,3
2020-01-31 14:00:00,8,5,3
2020-01-31 15:00:00,12,9,3
2020-01-31 16:00:00,42,34,8
2020-01-31 17:00:00,74,67,7
2020-01-31 18:00:00,24,24,0
2020-01-31 19:00:00,10,7,3
2020-01-31 20:00:00,7,6,1
2020-01-31 21:00:00,3,2,1
2020-01-31 22:00:00,0,0,0
2020-01-31 23:00:00,0,0,0
2020-02-01 00:00:00,5,3,2
2020-02-01 01:00:00,0,0,0
2020-02-01 02:00:00,2,1,1
2020-02-01 03:00:00,2,1,1
2020-02-01 04:00:00,0,0,0
2020-02-01 05:00:00,0,0,0
2020-02-01 06:00:00,4,3,1
2020-02-01 07:00:00,3,0,3
2020-02-01 08:00:00,6,3,3
2020-02-01 09:00:00,10,5,5
2020-02-01 10:00:00,6,4,2
2020-02-01 11:00:00,16,9,7
2020-02-01 12:00:00,23,7,16
2020-02-01 13:00:00,20,9,11
2020-02-01 14:00:00,30,18,12
2020-02-01 15:00:00,33,17,16
2020-02-01 16:00:00,24,13,11
2020-02-01 17:00:00,18,10,8
2020-02-01 18:00:00,8,5,3
2020-02-01 19:00:00,7,5,2
2020-02-01 20:00:00,4,2,2
2020-02-01 21:00:00,2,1,1
2020-02-01 22:00:00,1,0,1
2020-02-01 23:00:00,2,1,1
2020-02-02 00:00:00,1,1,0
2020-02-02 01:00:00,3,3,0
2020-02-02 02:00:00,0,0,0
2020-02-02 03:00:00,0,0,0
2020-02-02 04:00:00,3,1,2
2020-02-02 05:00:00,2,2,0
2020-02-02 06:00:00,1,1,0
2020-02-02 07:00:00,7,3,4
2020-02-02 08:00:00,5,1,4
2020-02-02 09:00:00,18,8,10
2020-02-02 10:00:00,38,10,28
2020-02-02 11:00:00,44,28,16
2020-02-02 12:00:00,53,32,21
2020-02-02 13:00:00,49,28,21
2020-02-02 14:00:00,44,17,27
2020-02-02 15:00:00,40,16,24
2020-02-02 16:00:00,19,10,9
2020-02-02 17:00:00,13,6,7
2020-02-02 18:00:00,4,1,3
2020-02-02 19:00:00,3,1,2
2020-02-02 20:00:00,3,2,1
2020-02-02 21:00:00,5,3,2
2020-02-02 22:00:00,5,4,1
2020-02-02 23:00:00,2,1,1
2020-02-03 00:00:00,1,1,0
2020-02-03 01:00:00,3,2,1
2020-02-03 02:00:00,1,0,1
2020-02-03 03:00:00,0,0,0
2020-02-03 04:00:00,3,1,2
2020-02-03 05:00:00,18,7,11
2020-02-03 06:00:00,45,3,42
2020-02-03 07:00:00,96,7,89
2020-02-03 08:00:00,115,9,106
2020-02-03 09:00:00,45,8,37
2020-02-03 10:00:00,20,5,15
2020-02-03 11:00:00,15,4,11
2020-02-03 12:00:00,11,1,10
2020-02-03 13:00:00,6,3,3
2020-02-03 14:00:00,22,14,8
2020-02-03 15:00:00,38,32,6
2020-02-03 16:00:00,77,64,13
2020-02-03 17:00:00,138,132,6
2020-02-03 18:00:00,70,63,7
2020-02-03 19:00:00,19,16,3
2020-02-03 20:00:00,9,6,3
2020-02-03 21:00:00,8,5,3
2020-02-03 22:00:00,1,1,0
2020-02-03 23:00:00,0,0,0
2020-02-04 00:00:00,1,0,1
2020-02-04 01:00:00,3,1,2
2020-02-04 02:00:00,1,0,1
2020-02-04 03:00:00,2,2,0
2020-02-04 04:00:00,2,0,2
2020-02-04 05:00:00,19,8,11
2020-02-04 06:00:00,50,7,43
2020-02-04 07:00:00,83,6,77
2020-02-04 08:00:00,108,5,103
2020-02-04 09:00:00,35,3,32
2020-02-04 10:00:00,13,2,11
2020-02-04 11:00:00,6,2,4
2020-02-04 12:00:00,6,3,3
2020-02-04 13:00:00,8,3,5
2020-02-04 14:00:00,9,6,3
2020-02-04 15:00:00,29,21,8
2020-02-04 16:00:00,55,45,10
2020-02-04 17:00:00,108,103,5
2020-02-04 18:00:00,53,47,6
2020-02-04 19:00:00,13,10,3
2020-02-04 20:00:00,14,9,5
2020-02-04 21:00:00,10,10,0
2020-02-04 22:00:00,3,2,1
2020-02-04 23:00:00,0,0,0
2020-02-05 00:00:00,1,1,0
2020-02-05 01:00:00,1,1,0
2020-02-05 02:00:00,1,1,0
2020-02-05 03:00:00,0,0,0
2020-02-05 04:00:00,5,3,2
2020-02-05 05:00:00,18,5,13
2020-02-05 06:00:00,43,6,37
2020-02-05 07:00:00,64,8,56
2020-02-05 08:00:00,90,10,80
2020-02-05 09:00:00,25,5,20
2020-02-05 10:00:00,5,2,3
2020-02-05 11:00:00,7,5,2
2020-02-05 12:00:00,5,0,5
2020-02-05 13:00:00,8,4,4
2020-02-05 14:00:00,11,6,5
2020-02-05 15:00:00,20,15,5
2020-02-05 16:00:00,52,46,6
2020-02-05 17:00:00,85,77,8
2020-02-05 18:00:00,55,49,6
2020-02-05 19:00:00,13,13,0
2020-02-05 20:00:00,8,6,2
2020-02-05 21:00:00,4,3,1
2020-02-05 22:00:00,4,4,0
2020-02-05 23:00:00,0,0,0
2020-02-06 00:00:00,0,0,0
2020-02-06 01:00:00,2,1,1
2020-02-06 02:00:00,1,0,1
2020-02-06 03:00:00,0,0,0
2020-02-06 04:00:00,5,2,3
2020-02-06 05:00:00,16,5,11
2020-02-06 06:00:00,38,5,33
2020-02-06 07:00:00,57,5,52
2020-02-06 08:00:00,77,11,66
2020-02-06 09:00:00,19,2,17
2020-02-06 10:00:00,8,0,8
2020-02-06 11:00:00,1,0,1
2020-02-06 12:00:00,5,3,2
2020-02-06 13:00:00,4,3,1
2020-02-06 14:00:00,12,10,2
2020-02-06 15:00:00,24,18,6
2020-02-06 16:00:00,56,48,8
2020-02-06 17:00:00,66,62,4
2020-02-06 18:00:00,49,45,4
2020-02-06 19:00:00,14,9,5
2020-02-06 20:00:00,8,7,1
2020-02-06 21:00:00,0,0,0
2020-02-06 22:00:00,4,4,0
2020-02-06 23:00:00,3,2,1
2020-02-07 00:00:00,1,0,1
2020-02-07 01:00:00,2,1,1
2020-02-07 02:00:00,0,0,0
2020-02-07 03:00:00,3,2,1
2020-02-07 04:00:00,4,2,2
2020-02-07 05:00:00,16,4,12
2020-02-07 06:00:00,28,5,23
2020-02-07 07:00:00,56,5,51
2020-02-07 08:00:00,72,7,65
2020-02-07 09:00:00,18,3,15
2020-02-07 10:00:00,17,6,11
2020-02-07 11:00:00,18,6,12
2020-02-07 12:00:00,14,9,5
2020-02-07 13:00:00,9,6,3
2020-02-07 14:00:00,12,5,7
2020-02-07 15:00:00,23,18,5
2020-02-07 16:00:00,56,47,9
2020-02-07 17:00:00,61,55,6
2020-02-07 18:00:00,31,27,4
2020-02-07 19:00:00,16,13,3
2020-02-07 20:00:00,5,4,1
2020-02-07 21:00:00,8,6,2
2020-02-07 22:00:00,6,4,2
2020-02-07 23:00:00,1,0,1
2020-02-08 00:00:00,0,0,0
2020-02-08 01:00:00,0,0,0
2020-02-08 02:00:00,1,1,0
2020-02-08 03:00:00,0,0,0
2020-02-08 04:00:00,0,0,0
2020-02-08 05:00:00,1,0,1
2020-02-08 06:00:00,8,3,5
2020-02-08 07:00:00,8,1,7
2020-02-08 08:00:00,9,4,5
2020-02-08 09:00:00,17,8,9
2020-02-08 10:00:00,16,6,10
2020-02-08 11:00:00,37,21,16
2020-02-08 12:00:00,47,22,25
2020-02-08 13:00:00,53,27,26
2020-02-08 14:00:00,28,13,15
2020-02-08 15:00:00,36,19,17
2020-02-08 16:00:00,27,15,12
2020-02-08 17:00:00,36,12,24
2020-02-08 18:00:00,8,7,1
2020-02-08 19:00:00,2,1,1
2020-02-08 20:00:00,7,6,1
2020-02-08 21:00:00,1,1,0
2020-02-08 22:00:00,2,0,2
2020-02-08 23:00:00,3,2,1
2020-02-09 00:00:00,1,1,0
2020-02-09 01:00:00,0,0,0
2020-02-09 02:00:00,0,0,0
2020-02-09 03:00:00,1,1,0
2020-02-09 04:00:00,9,3,6
2020-02-09 05:00:00,3,1,2
2020-02-09 06:00:00,4,1,3
2020-02-09 07:00:00,4,0,4
2020-02-09 08:00:00,4,1,3
2020-02-09 09:00:00,21,4,17
2020-02-09 10:00:00,37,16,21
2020-02-09 11:00:00,46,26,20
2020-02-09 12:00:00,43,21,22
2020-02-09 13:00:00,53,30,23
2020-02-09 14:00:00,61,41,20
2020-02-09 15:00:00,68,45,23
2020-02-09 16:00:00,45,24,21
2020-02-09 17:00:00,23,12,11
2020-02-09 18:00:00,9,8,1
2020-02-09 19:00:00,6,3,3
2020-02-09 20:00:00,0,0,0
2020-02-09 21:00:00,5,4,1
2020-02-09 22:00:00,4,2,2
2020-02-09 23:00:00,2,0,2
2020-02-10 00:00:00,1,1,0
2020-02-10 01:00:00,2,1,1
2020-02-10 02:00:00,0,0,0
2020-02-10 03:00:00,0,0,0
2020-02-10 04:00:00,4,0,4
2020-02-10 05:00:00,20,4,16
2020-02-10 06:00:00,57,7,50
2020-02-10 07:00:00,113,7,106
2020-02-10 08:00:00,143,10,133
2020-02-10 09:00:00,42,4,38
2020-02-10 10:00:00,25,9,16
2020-02-10 11:00:00,16,5,11
2020-02-10 12:00:00,9,4,5
2020-02-10 13:00:00,13,3,10
2020-02-10 14:00:00,24,10,14
2020-02-10 15:00:00,49,41,8
2020-02-10 16:00:00,110,78,32
2020-02-10 17:00:00,180,168,12
2020-02-10 18:00:00,72,65,7
2020-02-10 19:00:00,19,17,2
2020-02-10 20:00:00,13,10,3
2020-02-10 21:00:00,8,5,3
2020-02-10 22:00:00,0,0,0
2020-02-10 23:00:00,0,0,0
2020-02-11 00:00:00,2,1,1
2020-02-11 01:00:00,0,0,0
2020-02-11 02:00:00,1,1,0
2020-02-11 03:00:00,0,0,0
2020-02-11 04:00:00,3,2,1
2020-02-11 05:00:00,20,6,14
2020-02-11 06:00:00,58,8,50
2020-02-11 07:00:00,109,6,103
2020-02-11 08:00:00,128,9,119
2020-02-11 09:00:00,52,6,46
2020-02-11 10:00:00,17,3,14
2020-02-11 11:00:00,15,5,10
2020-02-11 12:00:00,15,6,9
2020-02-11 13:00:00,14,7,7
2020-02-11 14:00:00,21,14,7
2020-02-11 15:00:00,40,22,18
2020-02-11 16:00:00,82,69,13
2020-02-11 17:00:00,162,144,18
2020-02-11 18:00:00,82,73,9
2020-02-11 19:00:00,26,23,3
2020-02-11 20:00:00,13,9,4
2020-02-11 21:00:00,9,7,2
2020-02-11 22:00:00,8,4,4
2020-02-11 23:00:00,2,1,1
2020-02-12 00:00:00,1,1,0
2020-02-12 01:00:00,1,1,0
2020-02-12 02:00:00,1,1,0
2020-02-12 03:00:00,0,0,0
2020-02-12 04:00:00,3,1,2
2020-02-12 05:00:00,23,9,14
2020-02-12 06:00:00,61,9,52
2020-02-12 07:00:00,100,10,90
2020-02-12 08:00:00,118,11,107
2020-02-12 09:00:00,41,6,35
2020-02-12 10:00:00,16,2,14
2020-02-12 11:00:00,13,5,8
2020-02-12 12:00:00,15,7,8
2020-02-12 13:00:00,24,13,11
2020-02-12 14:00:00,22,12,10
2020-02-12 15:00:00,41,28,13
2020-02-12 16:00:00,108,84,24
2020-02-12 17:00:00,148,134,14
2020-02-12 18:00:00,67,59,8
2020-02-12 19:00:00,25,20,5
2020-02-12 20:00:00,7,5,2
2020-02-12 21:00:00,7,5,2
2020-02-12 22:00:00,4,2,2
2020-02-12 23:00:00,2,2,0
2020-02-13 00:00:00,0,0,0
2020-02-13 01:00:00,2,1,1
2020-02-13 02:00:00,1,1,0
2020-02-13 03:00:00,0,0,0
2020-02-13 04:00:00,5,1,4
2020-02-13 05:00:00,18,5,13
2020-02-13 06:00:00,45,3,42
2020-02-13 07:00:00,89,6,83
2020-02-13 08:00:00,105,10,95
2020-02-13 09:00:00,30,6,24
2020-02-13 10:00:00,11,4,7
2020-02-13 11:00:00,8,3,5
2020-02-13 12:00:00,8,4,4
2020-02-13 13:00:00,7,0,7
2020-02-13 14:00:00,16,9,7
2020-02-13 15:00:00,41,34,7
2020-02-13 16:00:00,58,44,14
2020-02-13 17:00:00,116,108,8
2020-02-13 18:00:00,51,47,4
2020-02-13 19:00:00,30,23,7
2020-02-13 20:00:00,6,6,0
2020-02-13 21:00:00,1,0,1
2020-02-13 22:00:00,2,1,1
2020-02-13 23:00:00,2,2,0
2020-02-14 00:00:00,2,2,0
2020-02-14 01:00:00,1,1,0
2020-02-14 02:00:00,1,1,0
2020-02-14 03:00:00,1,0,1
2020-02-14 04:00:00,4,2,2
2020-02-14 05:00:00,18,6,12
2020-02-14 06:00:00,37,8,29
2020-02-14 07:00:00,67,9,58
2020-02-14 08:00:00,92,12,80
2020-02-14 09:00:00,34,8,26
2020-02-14 10:00:00,23,7,16
2020-02-14 11:00:00,25,16,9
2020-02-14 12:00:00,16,8,8
2020-02-14 13:00:00,25,12,13
2020-02-14 14:00:00,25,17,8
2020-02-14 15:00:00,47,28,19
2020-02-14 16:00:00,72,55,17
2020-02-14 17:00:00,99,88,11
2020-02-14 18:00:00,36,34,2
2020-02-14 19:00:00,18,14,4
2020-02-14 20:00:00,5,4,1
2020-02-14 21:00:00,9,4,5
2020-02-14 22:00:00,2,1,1
2020-02-14 23:00:00,3,2,1
2020-02-15 00:00:00,1,0,1
2020-02-15 01:00:00,2,2,0
2020-02-15 02:00:00,2,2,0
2020-02-15 03:00:00,0,0,0
2020-02-15 04:00:00,1,1,0
2020-02-15 05:00:00,2,1,1
2020-02-15 06:00:00,7,2,5
2020-02-15 07:00:00,5,2,3
2020-02-15 08:00:00,11,1,10
2020-02-15 09:00:00,6,2,4
2020-02-15 10:00:00,17,8,9
2020-02-15 11:00:00,13,7,6
2020-02-15 12:00:00,12,5,7
2020-02-15 13:00:00,20,14,6
2020-02-15 14:00:00,11,4,7
2020-02-15 15:00:00,7,1,6
2020-02-15 16:00:00,6,5,1
2020-02-15 17:00:00,8,7,1
2020-02-15 18:00:00,11,9,2
2020-02-15 19:00:00,6,2,4
2020-02-15 20:00:00,2,0,2
2020-02-15 21:00:00,3,2,1
2020-02-15 22:00:00,4,1,3
2020-02-15 23:00:00,1,1,0
2020-02-16 00:00:00,4,2,2
2020-02-16 01:00:00,0,0,0
2020-02-16 02:00:00,0,0,0
2020-02-16 03:00:00,0,0,0
2020-02-16 04:00:00,1,1,0
2020-02-16 05:00:00,2,0,2
2020-02-16 06:00:00,0,0,0
2020-02-16 07:00:00,6,2,4
2020-02-16 08:00:00,9,2,7
2020-02-16 09:00:00,26,4,22
2020-02-16 10:00:00,20,13,7
2020-02-16 11:00:00,17,6,11
2020-02-16 12:00:00,29,23,6
2020-02-16 13:00:00,28,15,13
2020-02-16 14:00:00,12,8,4
2020-02-16 15:00:00,21,9,12
2020-02-16 16:00:00,21,10,11
2020-02-16 17:00:00,11,5,6
2020-02-16 18:00:00,8,5,3
2020-02-16 19:00:00,9,6,3
2020-02-16 20:00:00,3,3,0
2020-02-16 21:00:00,2,0,2
2020-02-16 22:00:00,5,3,2
2020-02-16 23:00:00,0,0,0
2020-02-17 00:00:00,1,0,1
2020-02-17 01:00:00,1,1,0
2020-02-17 02:00:00,0,0,0
2020-02-17 03:00:00,1,1,0
2020-02-17 04:00:00,1,0,1
2020-02-17 05:00:00,8,4,4
2020-02-17 06:00:00,19,5,14
2020-02-17 07:00:00,42,6,36
2020-02-17 08:00:00,48,2,46
2020-02-17 09:00:00,39,13,26
2020-02-17 10:00:00,30,13,17
2020-02-17 11:00:00,49,21,28
2020-02-17 12:00:00,45,23,22
2020-02-17 13:00:00,49,25,24
2020-02-17 14:00:00,39,22,17
2020-02-17 15:00:00,44,20,24
2020-02-17 16:00:00,63,40,23
2020-02-17 17:00:00,67,56,11
2020-02-17 18:00:00,36,31,5
2020-02-17 19:00:00,15,10,5
2020-02-17 20:00:00,9,4,5
2020-02-17 21:00:00,6,6,0
2020-02-17 22:00:00,4,3,1
2020-02-17 23:00:00,2,2,0
2020-02-18 00:00:00,5,4,1
2020-02-18 01:00:00,1,1,0
2020-02-18 02:00:00,1,1,0
2020-02-18 03:00:00,0,0,0
2020-02-18 04:00:00,6,2,4
2020-02-18 05:00:00,21,6,15
2020-02-18 06:00:00,53,4,49
2020-02-18 07:00:00,101,8,93
2020-02-18 08:00:00,114,4,110
2020-02-18 09:00:00,41,9,32
2020-02-18 10:00:00,29,9,20
2020-02-18 11:00:00,27,6,21
2020-02-18 12:00:00,14,8,6
2020-02-18 13:00:00,17,5,12
2020-02-18 14:00:00,28,18,10
2020-02-18 15:00:00,44,31,13
2020-02-18 16:00:00,79,64,15
2020-02-18 17:00:00,151,131,20
2020-02-18 18:00:00,64,59,5
2020-02-18 19:00:00,26,23,3
2020-02-18 20:00:00,10,10,0
2020-02-18 21:00:00,4,1,3
2020-02-18 22:00:00,2,1,1
2020-02-18 23:00:00,0,0,0
2020-02-19 00:00:00,1,1,0
2020-02-19 01:00:00,0,0,0
2020-02-19 02:00:00,4,4,0
2020-02-19 03:00:00,0,0,0
2020-02-19 04:00:00,2,1,1
2020-02-19 05:00:00,16,3,13
2020-02-19 06:00:00,48,2,46
2020-02-19 07:00:00,88,8,80
2020-02-19 08:00:00,118,6,112
2020-02-19 09:00:00,55,8,47
2020-02-19 10:00:00,18,8,10
2020-02-19 11:00:00,22,11,11
2020-02-19 12:00:00,26,12,14
2020-02-19 13:00:00,23,11,12
2020-02-19 14:00:00,24,14,10
2020-02-19 15:00:00,53,30,23
2020-02-19 16:00:00,82,67,15
2020-02-19 17:00:00,149,130,19
2020-02-19 18:00:00,66,55,11
2020-02-19 19:00:00,18,15,3
2020-02-19 20:00:00,20,16,4
2020-02-19 21:00:00,6,6,0
2020-02-19 22:00:00,2,2,0
2020-02-19 23:00:00,2,1,1
2020-02-20 00:00:00,3,2,1
2020-02-20 01:00:00,0,0,0
2020-02-20 02:00:00,2,2,0
2020-02-20 03:00:00,0,0,0
2020-02-20 04:00:00,4,1,3
2020-02-20 05:00:00,15,5,10
2020-02-20 06:00:00,55,7,48
2020-02-20 07:00:00,94,5,89
2020-02-20 08:00:00,115,3,112
2020-02-20 09:00:00,43,6,37
2020-02-20 10:00:00,26,6,20
2020-02-20 11:00:00,11,3,8
2020-02-20 12:00:00,23,11,12
2020-02-20 13:00:00,12,3,9
2020-02-20 14:00:00,28,17,11
2020-02-20 15:00:00,58,38,20
2020-02-20 16:00:00,96,78,18
2020-02-20 17:00:00,148,134,14
2020-02-20 18:00:00,67,52,15
2020-02-20 19:00:00,28,22,6
2020-02-20 20:00:00,37,34,3
2020-02-20 21:00:00,7,6,1
2020-02-20 22:00:00,6,4,2
2020-02-20 23:00:00,2,1,1
2020-02-21 00:00:00,3,0,3
2020-02-21 01:00:00,0,0,0
2020-02-21 02:00:00,3,3,0
2020-02-21 03:00:00,3,1,2
2020-02-21 04:00:00,6,3,3
2020-02-21 05:00:00,14,2,12
2020-02-21 06:00:00,38,3,35
2020-02-21 07:00:00,75,4,71
2020-02-21 08:00:00,82,5,77
2020-02-21 09:00:00,41,6,35
2020-02-21 10:00:00,19,6,13
2020-02-21 11:00:00,9,4,5
2020-02-21 12:00:00,16,10,6
2020-02-21 13:00:00,32,15,17
2020-02-21 14:00:00,30,21,9
2020-02-21 15:00:00,50,36,14
2020-02-21 16:00:00,71,57,14
2020-02-21 17:00:00,111,93,18
2020-02-21 18:00:00,55,41,14
2020-02-21 19:00:00,11,8,3
2020-02-21 20:00:00,12,10,2
2020-02-21 21:00:00,8,5,3
2020-02-21 22:00:00,5,3,2
2020-02-21 23:00:00,3,1,2
2020-02-22 00:00:00,1,0,1
2020-02-22 01:00:00,2,1,1
2020-02-22 02:00:00,1,1,0
2020-02-22 03:00:00,0,0,0
2020-02-22 04:00:00,1,0,1
2020-02-22 05:00:00,4,1,3
2020-02-22 06:00:00,8,4,4
2020-02-22 07:00:00,12,10,2
2020-02-22 08:00:00,20,6,14
2020-02-22 09:00:00,19,6,13
2020-02-22 10:00:00,25,10,15
2020-02-22 11:00:00,61,31,30
2020-02-22 12:00:00,22,7,15
2020-02-22 13:00:00,34,8,26
2020-02-22 14:00:00,34,17,17
2020-02-22 15:00:00,21,15,6
2020-02-22 16:00:00,22,10,12
2020-02-22 17:00:00,16,10,6
2020-02-22 18:00:00,20,12,8
2020-02-22 19:00:00,5,3,2
2020-02-22 20:00:00,6,1,5
2020-02-22 21:00:00,2,2,0
2020-02-22 22:00:00,4,2,2
2020-02-22 23:00:00,1,1,0
2020-02-23 00:00:00,0,0,0
2020-02-23 01:00:00,0,0,0
2020-02-23 02:00:00,0,0,0
2020-02-23 03:00:00,0,0,0
2020-02-23 04:00:00,1,1,0
2020-02-23 05:00:00,1,0,1
2020-02-23 06:00:00,1,0,1
2020-02-23 07:00:00,22,1,21
2020-02-23 08:00:00,16,3,13
2020-02-23 09:00:00,6,2,4
2020-02-23 10:00:00,5,4,1
2020-02-23 11:00:00,14,7,7
2020-02-23 12:00:00,15,5,10
2020-02-23 13:00:00,31,20,11
2020-02-23 14:00:00,36,23,13
2020-02-23 15:00:00,6,4,2
2020-02-23 16:00:00,19,13,6
2020-02-23 17:00:00,11,5,6
2020-02-23 18:00:00,6,3,3
2020-02-23 19:00:00,1,1,0
2020-02-23 20:00:00,0,0,0
2020-02-23 21:00:00,3,3,0
2020-02-23 22:00:00,1,0,1
2020-02-23 23:00:00,0,0,0
2020-02-24 00:00:00,0,0,0
2020-02-24 01:00:00,0,0,0
2020-02-24 02:00:00,0,0,0
2020-02-24 03:00:00,1,1,0
2020-02-24 04:00:00,5,0,5
2020-02-24 05:00:00,20,2,18
2020-02-24 06:00:00,54,2,52
2020-02-24 07:00:00,99,4,95
2020-02-24 08:00:00,130,8,122
2020-02-24 09:00:00,35,3,32
2020-02-24 10:00:00,12,0,12
2020-02-24 11:00:00,12,4,8
2020-02-24 12:00:00,12,5,7
2020-02-24 13:00:00,11,4,7
2020-02-24 14:00:00,14,6,8
2020-02-24 15:00:00,48,36,12
2020-02-24 16:00:00,93,77,16
2020-02-24 17:00:00,163,144,19
2020-02-24 18:00:00,73,63,10
2020-02-24 19:00:00,30,22,8
2020-02-24 20:00:00,12,10,2
2020-02-24 21:00:00,4,2,2
2020-02-24 22:00:00,3,1,2
2020-02-24 23:00:00,7,4,3
2020-02-25 00:00:00,0,0,0
2020-02-25 01:00:00,2,2,0
2020-02-25 02:00:00,5,3,2
2020-02-25 03:00:00,0,0,0
2020-02-25 04:00:00,3,1,2
2020-02-25 05:00:00,21,3,18
2020-02-25 06:00:00,52,4,48
2020-02-25 07:00:00,120,7,113
2020-02-25 08:00:00,121,9,112
2020-02-25 09:00:00,51,6,45
2020-02-25 10:00:00,18,1,17
2020-02-25 11:00:00,11,5,6
2020-02-25 12:00:00,12,4,8
2020-02-25 13:00:00,10,4,6
2020-02-25 14:00:00,21,12,9
2020-02-25 15:00:00,44,34,10
2020-02-25 16:00:00,87,74,13
2020-02-25 17:00:00,168,148,20
2020-02-25 18:00:00,84,72,12
2020-02-25 19:00:00,29,23,6
2020-02-25 20:00:00,12,9,3
2020-02-25 21:00:00,15,11,4
2020-02-25 22:00:00,4,4,0
2020-02-25 23:00:00,6,1,5
2020-02-26 00:00:00,4,4,0
2020-02-26 01:00:00,0,0,0
2020-02-26 02:00:00,3,2,1
2020-02-26 03:00:00,0,0,0
2020-02-26 04:00:00,4,1,3
2020-02-26 05:00:00,26,6,20
2020-02-26 06:00:00,76,6,70
2020-02-26 07:00:00,98,12,86
2020-02-26 08:00:00,134,15,119
2020-02-26 09:00:00,43,7,36
2020-02-26 10:00:00,30,11,19
2020-02-26 11:00:00,11,5,6
2020-02-26 12:00:00,17,7,10
2020-02-26 13:00:00,24,7,17
2020-02-26 14:00:00,19,6,13
2020-02-26 15:00:00,54,42,12
2020-02-26 16:00:00,84,67,17
2020-02-26 17:00:00,158,145,13
2020-02-26 18:00:00,83,71,12
2020-02-26 19:00:00,26,20,6
2020-02-26 20:00:00,16,9,7
2020-02-26 21:00:00,6,5,1
2020-02-26 22:00:00,9,8,1
2020-02-26 23:00:00,2,2,0
2020-02-27 00:00:00,5,1,4
2020-02-27 01:00:00,1,1,0
2020-02-27 02:00:00,1,1,0
2020-02-27 03:00:00,1,1,0
2020-02-27 04:00:00,3,1,2
2020-02-27 05:00:00,24,5,19
2020-02-27 06:00:00,61,5,56
2020-02-27 07:00:00,109,9,100
2020-02-27 08:00:00,156,11,145
2020-02-27 09:00:00,56,11,45
2020-02-27 10:00:00,29,9,20
2020-02-27 11:00:00,34,19,15
2020-02-27 12:00:00,27,17,10
2020-02-27 13:00:00,31,12,19
2020-02-27 14:00:00,35,16,19
2020-02-27 15:00:00,52,33,19
2020-02-27 16:00:00,106,86,20
2020-02-27 17:00:00,201,171,30
2020-02-27 18:00:00,87,71,16
2020-02-27 19:00:00,37,27,10
2020-02-27 20:00:00,11,9,2
2020-02-27 21:00:00,17,14,3
2020-02-27 22:00:00,5,3,2
2020-02-27 23:00:00,1,1,0
2020-02-28 00:00:00,3,1,2
2020-02-28 01:00:00,4,3,1
2020-02-28 02:00:00,3,2,1
2020-02-28 03:00:00,4,2,2
2020-02-28 04:00:00,3,3,0
2020-02-28 05:00:00,19,4,15
2020-02-28 06:00:00,47,7,40
2020-02-28 07:00:00,84,11,73
2020-02-28 08:00:00,112,6,106
2020-02-28 09:00:00,32,8,24
2020-02-28 10:00:00,19,7,12
2020-02-28 11:00:00,9,4,5
2020-02-28 12:00:00,19,11,8
2020-02-28 13:00:00,12,7,5
2020-02-28 14:00:00,15,10,5
2020-02-28 15:00:00,46,35,11
2020-02-28 16:00:00,74,55,19
2020-02-28 17:00:00,88,75,13
2020-02-28 18:00:00,47,41,6
2020-02-28 19:00:00,21,17,4
2020-02-28 20:00:00,10,8,2
2020-02-28 21:00:00,1,0,1
2020-02-28 22:00:00,2,2,0
2020-02-28 23:00:00,1,0,1
2020-02-29 00:00:00,0,0,0
2020-02-29 01:00:00,0,0,0
2020-02-29 02:00:00,1,0,1
2020-02-29 03:00:00,0,0,0
2020-02-29 04:00:00,0,0,0
2020-02-29 05:00:00,1,1,0
2020-02-29 06:00:00,4,0,4
2020-02-29 07:00:00,9,2,7
2020-02-29 08:00:00,13,5,8
2020-02-29 09:00:00,14,4,10
2020-02-29 10:00:00,17,9,8
2020-02-29 11:00:00,29,18,11
2020-02-29 12:00:00,25,6,19
2020-02-29 13:00:00,22,13,9
2020-02-29 14:00:00,19,10,9
2020-02-29 15:00:00,13,8,5
2020-02-29 16:00:00,24,14,10
2020-02-29 17:00:00,15,10,5
2020-02-29 18:00:00,8,5,3
2020-02-29 19:00:00,3,2,1
2020-02-29 20:00:00,4,1,3
2020-02-29 21:00:00,2,0,2
2020-02-29 22:00:00,5,3,2
2020-02-29 23:00:00,0,0,0
2020-03-01 00:00:00,0,0,0
2020-03-01 01:00:00,0,0,0
2020-03-01 02:00:00,0,0,0
2020-03-01 03:00:00,0,0,0
2020-03-01 04:00:00,2,1,1
2020-03-01 05:00:00,1,0,1
2020-03-01 06:00:00,5,2,3
2020-03-01 07:00:00,6,1,5
2020-03-01 08:00:00,18,8,10
2020-03-01 09:00:00,40,24,16
2020-03-01 10:00:00,55,26,29
2020-03-01 11:00:00,57,27,30
2020-03-01 12:00:00,47,28,19
2020-03-01 13:00:00,72,37,35
2020-03-01 14:00:00,48,21,27
2020-03-01 15:00:00,36,25,11
2020-03-01 16:00:00,28,12,16
2020-03-01 17:00:00,16,10,6
2020-03-01 18:00:00,7,2,5
2020-03-01 19:00:00,3,1,2
2020-03-01 20:00:00,6,1,5
2020-03-01 21:00:00,3,3,0
2020-03-01 22:00:00,1,0,1
2020-03-01 23:00:00,2,2,0
2020-03-02 00:00:00,1,1,0
2020-03-02 01:00:00,1,1,0
2020-03-02 02:00:00,0,0,0
2020-03-02 03:00:00,0,0,0
2020-03-02 04:00:00,2,0,2
2020-03-02 05:00:00,17,3,14
2020-03-02 06:00:00,55,4,51
2020-03-02 07:00:00,114,10,104
2020-03-02 08:00:00,103,9,94
2020-03-02 09:00:00,43,3,40
2020-03-02 10:00:00,11,1,10
2020-03-02 11:00:00,7,4,3
2020-03-02 12:00:00,9,4,5
2020-03-02 13:00:00,13,6,7
2020-03-02 14:00:00,20,15,5
2020-03-02 15:00:00,38,34,4
2020-03-02 16:00:00,73,63,10
2020-03-02 17:00:00,125,120,5
2020-03-02 18:00:00,73,67,6
2020-03-02 19:00:00,16,12,4
2020-03-02 20:00:00,11,9,2
2020-03-02 21:00:00,2,1,1
2020-03-02 22:00:00,2,0,2
2020-03-02 23:00:00,4,3,1
2020-03-03 00:00:00,1,0,1
2020-03-03 01:00:00,1,1,0
2020-03-03 02:00:00,1,1,0
2020-03-03 03:00:00,1,1,0
2020-03-03 04:00:00,2,2,0
2020-03-03 05:00:00,16,2,14
2020-03-03 06:00:00,62,7,55
2020-03-03 07:00:00,105,4,101
2020-03-03 08:00:00,135,7,128
2020-03-03 09:00:00,42,4,38
2020-03-03 10:00:00,23,2,21
2020-03-03 11:00:00,16,5,11
2020-03-03 12:00:00,18,7,11
2020-03-03 13:00:00,17,11,6
2020-03-03 14:00:00,14,8,6
2020-03-03 15:00:00,48,34,14
2020-03-03 16:00:00,76,70,6
2020-03-03 17:00:00,133,125,8
2020-03-03 18:00:00,76,66,10
2020-03-03 19:00:00,27,23,4
2020-03-03 20:00:00,15,13,2
2020-03-03 21:00:00,5,4,1
2020-03-03 22:00:00,4,1,3
2020-03-03 23:00:00,4,4,0
2020-03-04 00:00:00,0,0,0
2020-03-04 01:00:00,1,1,0
2020-03-04 02:00:00,1,1,0
2020-03-04 03:00:00,0,0,0
2020-03-04 04:00:00,2,0,2
2020-03-04 05:00:00,14,4,10
2020-03-04 06:00:00,61,7,54
2020-03-04 07:00:00,89,3,86
2020-03-04 08:00:00,116,11,105
2020-03-04 09:00:00,53,8,45
2020-03-04 10:00:00,20,1,19
2020-03-04 11:00:00,12,6,6
2020-03-04 12:00:00,27,12,15
2020-03-04 13:00:00,27,11,16
2020-03-04 14:00:00,41,21,20
2020-03-04 15:00:00,65,46,19
2020-03-04 16:00:00,91,78,13
2020-03-04 17:00:00,147,123,24
2020-03-04 18:00:00,83,64,19
2020-03-04 19:00:00,44,34,10
2020-03-04 20:00:00,24,16,8
2020-03-04 21:00:00,12,8,4
2020-03-04 22:00:00,1,1,0
2020-03-04 23:00:00,5,4,1
2020-03-05 00:00:00,0,0,0
2020-03-05 01:00:00,1,1,0
2020-03-05 02:00:00,1,1,0
2020-03-05 03:00:00,0,0,0
2020-03-05 04:00:00,4,1,3
2020-03-05 05:00:00,12,3,9
2020-03-05 06:00:00,57,10,47
2020-03-05 07:00:00,96,17,79
2020-03-05 08:00:00,94,7,87
2020-03-05 09:00:00,39,5,34
2020-03-05 10:00:00,19,9,10
2020-03-05 11:00:00,16,6,10
2020-03-05 12:00:00,14,5,9
2020-03-05 13:00:00,22,13,9
2020-03-05 14:00:00,29,18,11
2020-03-05 15:00:00,40,32,8
2020-03-05 16:00:00,67,51,16
2020-03-05 17:00:00,99,86,13
2020-03-05 18:00:00,44,38,6
2020-03-05 19:00:00,21,17,4
2020-03-05 20:00:00,16,11,5
2020-03-05 21:00:00,8,6,2
2020-03-05 22:00:00,1,1,0
2020-03-05 23:00:00,1,1,0
2020-03-06 00:00:00,0,0,0
2020-03-06 01:00:00,0,0,0
2020-03-06 02:00:00,1,1,0
2020-03-06 03:00:00,1,0,1
2020-03-06 04:00:00,1,1,0
2020-03-06 05:00:00,9,3,6
2020-03-06 06:00:00,27,2,25
2020-03-06 07:00:00,44,6,38
2020-03-06 08:00:00,52,8,44
2020-03-06 09:00:00,20,4,16
2020-03-06 10:00:00,5,3,2
2020-03-06 11:00:00,5,3,2
2020-03-06 12:00:00,5,2,3
2020-03-06 13:00:00,10,5,5
2020-03-06 14:00:00,11,6,5
2020-03-06 15:00:00,23,16,7
2020-03-06 16:00:00,41,32,9
2020-03-06 17:00:00,44,39,5
2020-03-06 18:00:00,35,32,3
2020-03-06 19:00:00,14,10,4
2020-03-06 20:00:00,7,5,2
2020-03-06 21:00:00,4,3,1
2020-03-06 22:00:00,1,0,1
2020-03-06 23:00:00,5,4,1
2020-03-07 00:00:00,2,0,2
2020-03-07 01:00:00,1,0,1
2020-03-07 02:00:00,0,0,0
2020-03-07 03:00:00,4,2,2
2020-03-07 04:00:00,0,0,0
2020-03-07 05:00:00,1,0,1
2020-03-07 06:00:00,7,2,5
2020-03-07 07:00:00,10,1,9
2020-03-07 08:00:00,17,6,11
2020-03-07 09:00:00,22,6,16
2020-03-07 10:00:00,19,6,13
2020-03-07 11:00:00,26,17,9
2020-03-07 12:00:00,26,20,6
2020-03-07 13:00:00,18,5,13
2020-03-07 14:00:00,19,6,13
2020-03-07 15:00:00,17,10,7
2020-03-07 16:00:00,20,12,8
2020-03-07 17:00:00,24,14,10
2020-03-07 18:00:00,13,5,8
2020-03-07 19:00:00,6,5,1
2020-03-07 20:00:00,4,2,2
2020-03-07 21:00:00,4,3,1
2020-03-07 22:00:00,3,2,1
2020-03-07 23:00:00,4,3,1
2020-03-08 00:00:00,0,0,0
2020-03-08 01:00:00,1,1,0
2020-03-08 02:00:00,0,0,0
2020-03-08 03:00:00,1,0,1
2020-03-08 04:00:00,1,1,0
2020-03-08 05:00:00,2,0,2
2020-03-08 06:00:00,4,0,4
2020-03-08 07:00:00,3,2,1
2020-03-08 08:00:00,11,5,6
2020-03-08 09:00:00,15,5,10
2020-03-08 10:00:00,23,13,10
2020-03-08 11:00:00,39,27,12
2020-03-08 12:00:00,53,32,21
2020-03-08 13:00:00,50,18,32
2020-03-08 14:00:00,67,27,40
2020-03-08 15:00:00,51,20,31
2020-03-08 16:00:00,45,22,23
2020-03-08 17:00:00,32,20,12
2020-03-08 18:00:00,24,11,13
2020-03-08 19:00:00,6,3,3
2020-03-08 20:00:00,3,0,3
2020-03-08 21:00:00,8,5,3
2020-03-08 22:00:00,1,0,1
2020-03-08 23:00:00,1,1,0
2020-03-09 00:00:00,0,0,0
2020-03-09 01:00:00,1,1,0
2020-03-09 02:00:00,1,1,0
2020-03-09 03:00:00,1,0,1
2020-03-09 04:00:00,1,0,1
2020-03-09 05:00:00,15,2,13
2020-03-09 06:00:00,39,7,32
2020-03-09 07:00:00,57,5,52
2020-03-09 08:00:00,63,3,60
2020-03-09 09:00:00,28,6,22
2020-03-09 10:00:00,17,3,14
2020-03-09 11:00:00,13,4,9
2020-03-09 12:00:00,18,9,9
2020-03-09 13:00:00,18,7,11
2020-03-09 14:00:00,26,17,9
2020-03-09 15:00:00,46,32,14
2020-03-09 16:00:00,75,57,18
2020-03-09 17:00:00,110,86,24
2020-03-09 18:00:00,68,53,15
2020-03-09 19:00:00,20,9,11
2020-03-09 20:00:00,7,4,3
2020-03-09 21:00:00,2,1,1
2020-03-09 22:00:00,9,5,4
2020-03-09 23:00:00,1,1,0
2020-03-10 00:00:00,0,0,0
2020-03-10 01:00:00,2,0,2
2020-03-10 02:00:00,3,3,0
2020-03-10 03:00:00,0,0,0
2020-03-10 04:00:00,3,0,3
2020-03-10 05:00:00,19,3,16
2020-03-10 06:00:00,33,3,30
2020-03-10 07:00:00,63,6,57
2020-03-10 08:00:00,63,4,59
2020-03-10 09:00:00,34,4,30
2020-03-10 10:00:00,20,5,15
2020-03-10 11:00:00,9,1,8
2020-03-10 12:00:00,14,7,7
2020-03-10 13:00:00,16,8,8
2020-03-10 14:00:00,34,17,17
2020-03-10 15:00:00,35,25,10
2020-03-10 16:00:00,61,49,12
2020-03-10 17:00:00,92,81,11
2020-03-10 18:00:00,58,48,10
2020-03-10 19:00:00,24,16,8
2020-03-10 20:00:00,14,9,5
2020-03-10 21:00:00,3,2,1
2020-03-10 22:00:00,3,2,1
2020-03-10 23:00:00,3,3,0
2020-03-11 00:00:00,1,0,1
2020-03-11 01:00:00,1,1,0
2020-03-11 02:00:00,1,1,0
2020-03-11 03:00:00,1,1,0
2020-03-11 04:00:00,4,1,3
2020-03-11 05:00:00,15,2,13
2020-03-11 06:00:00,43,2,41
2020-03-11 07:00:00,56,7,49
2020-03-11 08:00:00,53,9,44
2020-03-11 09:00:00,36,7,29
2020-03-11 10:00:00,24,8,16
2020-03-11 11:00:00,18,8,10
2020-03-11 12:00:00,8,1,7
2020-03-11 13:00:00,14,4,10
2020-03-11 14:00:00,10,5,5
2020-03-11 15:00:00,47,29,18
2020-03-11 16:00:00,60,49,11
2020-03-11 17:00:00,75,62,13
2020-03-11 18:00:00,56,42,14
2020-03-11 19:00:00,24,18,6
2020-03-11 20:00:00,17,13,4
2020-03-11 21:00:00,5,5,0
2020-03-11 22:00:00,10,7,3
2020-03-11 23:00:00,2,2,0
2020-03-12 00:00:00,1,1,0
2020-03-12 01:00:00,0,0,0
2020-03-12 02:00:00,2,2,0
2020-03-12 03:00:00,0,0,0
2020-03-12 04:00:00,0,0,0
2020-03-12 05:00:00,19,3,16
2020-03-12 06:00:00,45,8,37
2020-03-12 07:00:00,57,6,51
2020-03-12 08:00:00,57,5,52
2020-03-12 09:00:00,26,1,25
2020-03-12 10:00:00,14,7,7
2020-03-12 11:00:00,16,4,12
2020-03-12 12:00:00,15,8,7
2020-03-12 13:00:00,17,6,11
2020-03-12 14:00:00,21,9,12
2020-03-12 15:00:00,46,29,17
2020-03-12 16:00:00,66,45,21
2020-03-12 17:00:00,93,77,16
2020-03-12 18:00:00,73,51,22
2020-03-12 19:00:00,21,15,6
2020-03-12 20:00:00,9,8,1
2020-03-12 21:00:00,2,1,1
2020-03-12 22:00:00,5,5,0
2020-03-12 23:00:00,4,3,1
2020-03-13 00:00:00,3,1,2
2020-03-13 01:00:00,2,1,1
2020-03-13 02:00:00,1,1,0
2020-03-13 03:00:00,4,1,3
2020-03-13 04:00:00,2,2,0
2020-03-13 05:00:00,15,1,14
2020-03-13 06:00:00,21,3,18
2020-03-13 07:00:00,23,6,17
2020-03-13 08:00:00,28,3,25
2020-03-13 09:00:00,10,3,7
2020-03-13 10:00:00,5,2,3
2020-03-13 11:00:00,4,1,3
2020-03-13 12:00:00,9,6,3
2020-03-13 13:00:00,8,5,3
2020-03-13 14:00:00,15,7,8
2020-03-13 15:00:00,18,14,4
2020-03-13 16:00:00,21,14,7
2020-03-13 17:00:00,34,30,4
2020-03-13 18:00:00,14,9,5
2020-03-13 19:00:00,9,6,3
2020-03-13 20:00:00,5,5,0
2020-03-13 21:00:00,2,1,1
2020-03-13 22:00:00,2,1,1
2020-03-13 23:00:00,1,0,1
2020-03-14 00:00:00,1,1,0
2020-03-14 01:00:00,1,1,0
2020-03-14 02:00:00,0,0,0
2020-03-14 03:00:00,0,0,0
2020-03-14 04:00:00,0,0,0
2020-03-14 05:00:00,0,0,0
2020-03-14 06:00:00,5,1,4
2020-03-14 07:00:00,5,1,4
2020-03-14 08:00:00,13,9,4
2020-03-14 09:00:00,19,9,10
2020-03-14 10:00:00,21,10,11
2020-03-14 11:00:00,15,5,10
2020-03-14 12:00:00,16,5,11
2020-03-14 13:00:00,34,16,18
2020-03-14 14:00:00,37,16,21
2020-03-14 15:00:00,38,20,18
2020-03-14 16:00:00,18,13,5
2020-03-14 17:00:00,17,10,7
2020-03-14 18:00:00,17,6,11
2020-03-14 19:00:00,3,3,0
2020-03-14 20:00:00,2,0,2
2020-03-14 21:00:00,4,2,2
2020-03-14 22:00:00,2,0,2
2020-03-14 23:00:00,0,0,0
2020-03-15 00:00:00,2,1,1
2020-03-15 01:00:00,0,0,0
2020-03-15 02:00:00,4,2,2
2020-03-15 03:00:00,2,1,1
2020-03-15 04:00:00,0,0,0
2020-03-15 05:00:00,0,0,0
2020-03-15 06:00:00,4,3,1
2020-03-15 07:00:00,7,1,6
2020-03-15 08:00:00,8,5,3
2020-03-15 09:00:00,18,2,16
2020-03-15 10:00:00,20,6,14
2020-03-15 11:00:00,46,31,15
2020-03-15 12:00:00,48,31,17
2020-03-15 13:00:00,56,30,26
2020-03-15 14:00:00,53,25,28
2020-03-15 15:00:00,60,23,37
2020-03-15 16:00:00,47,22,25
2020-03-15 17:00:00,20,10,10
2020-03-15 18:00:00,22,9,13
2020-03-15 19:00:00,5,1,4
2020-03-15 20:00:00,7,5,2
2020-03-15 21:00:00,1,0,1
2020-03-15 22:00:00,0,0,0
2020-03-15 23:00:00,3,1,2
2020-03-16 00:00:00,0,0,0
2020-03-16 01:00:00,1,1,0
2020-03-16 02:00:00,0,0,0
2020-03-16 03:00:00,2,0,2
2020-03-16 04:00:00,3,0,3
2020-03-16 05:00:00,8,1,7
2020-03-16 06:00:00,34,7,27
2020-03-16 07:00:00,45,6,39
2020-03-16 08:00:00,27,2,25
2020-03-16 09:00:00,13,1,12
2020-03-16 10:00:00,16,3,13
2020-03-16 11:00:00,17,8,9
2020-03-16 12:00:00,17,8,9
2020-03-16 13:00:00,23,17,6
2020-03-16 14:00:00,32,21,11
2020-03-16 15:00:00,50,28,22
2020-03-16 16:00:00,60,41,19
2020-03-16 17:00:00,80,60,20
2020-03-16 18:00:00,45,33,12
2020-03-16 19:00:00,19,9,10
2020-03-16 20:00:00,8,6,2
2020-03-16 21:00:00,1,1,0
2020-03-16 22:00:00,4,2,2
2020-03-16 23:00:00,2,2,0
2020-03-17 00:00:00,1,1,0
2020-03-17 01:00:00,0,0,0
2020-03-17 02:00:00,2,2,0
2020-03-17 03:00:00,0,0,0
2020-03-17 04:00:00,0,0,0
2020-03-17 05:00:00,12,1,11
2020-03-17 06:00:00,31,6,25
2020-03-17 07:00:00,31,9,22
2020-03-17 08:00:00,29,2,27
2020-03-17 09:00:00,17,2,15
2020-03-17 10:00:00,14,1,13
2020-03-17 11:00:00,11,6,5
2020-03-17 12:00:00,27,16,11
2020-03-17 13:00:00,30,13,17
2020-03-17 14:00:00,38,19,19
2020-03-17 15:00:00,44,24,20
2020-03-17 16:00:00,59,43,16
2020-03-17 17:00:00,87,54,33
2020-03-17 18:00:00,48,33,15
2020-03-17 19:00:00,10,7,3
2020-03-17 20:00:00,11,11,0
2020-03-17 21:00:00,0,0,0
2020-03-17 22:00:00,2,1,1
2020-03-17 23:00:00,1,0,1
2020-03-18 00:00:00,0,0,0
2020-03-18 01:00:00,0,0,0
2020-03-18 02:00:00,1,1,0
2020-03-18 03:00:00,0,0,0
2020-03-18 04:00:00,1,1,0
2020-03-18 05:00:00,8,1,7
2020-03-18 06:00:00,35,5,30
2020-03-18 07:00:00,26,4,22
2020-03-18 08:00:00,26,3,23
2020-03-18 09:00:00,21,4,17
2020-03-18 10:00:00,22,6,16
2020-03-18 11:00:00,26,15,11
2020-03-18 12:00:00,46,20,26
2020-03-18 13:00:00,43,19,24
2020-03-18 14:00:00,43,22,21
2020-03-18 15:00:00,76,44,32
2020-03-18 16:00:00,73,49,24
2020-03-18 17:00:00,118,77,41
2020-03-18 18:00:00,77,35,42
2020-03-18 19:00:00,34,21,13
2020-03-18 20:00:00,22,15,7
2020-03-18 21:00:00,4,2,2
2020-03-18 22:00:00,1,1,0
2020-03-18 23:00:00,3,2,1
2020-03-19 00:00:00,0,0,0
2020-03-19 01:00:00,1,1,0
2020-03-19 02:00:00,1,1,0
2020-03-19 03:00:00,0,0,0
2020-03-19 04:00:00,1,0,1
2020-03-19 05:00:00,5,1,4
2020-03-19 06:00:00,21,2,19
2020-03-19 07:00:00,20,2,18
2020-03-19 08:00:00,29,3,26
2020-03-19 09:00:00,13,3,10
2020-03-19 10:00:00,17,3,14
2020-03-19 11:00:00,15,9,6
2020-03-19 12:00:00,41,22,19
2020-03-19 13:00:00,43,19,24
2020-03-19 14:00:00,58,34,24
2020-03-19 15:00:00,62,40,22
2020-03-19 16:00:00,89,53,36
2020-03-19 17:00:00,96,58,38
2020-03-19 18:00:00,64,47,17
2020-03-19 19:00:00,39,14,25
2020-03-19 20:00:00,25,12,13
2020-03-19 21:00:00,6,5,1
2020-03-19 22:00:00,1,1,0
2020-03-19 23:00:00,3,1,2
2020-03-20 00:00:00,3,3,0
2020-03-20 01:00:00,0,0,0
2020-03-20 02:00:00,1,1,0
2020-03-20 03:00:00,1,1,0
2020-03-20 04:00:00,1,1,0
2020-03-20 05:00:00,9,2,7
2020-03-20 06:00:00,19,5,14
2020-03-20 07:00:00,21,4,17
2020-03-20 08:00:00,25,2,23
2020-03-20 09:00:00,23,5,18
2020-03-20 10:00:00,17,7,10
2020-03-20 11:00:00,31,19,12
2020-03-20 12:00:00,30,15,15
2020-03-20 13:00:00,51,24,27
2020-03-20 14:00:00,57,26,31
2020-03-20 15:00:00,64,40,24
2020-03-20 16:00:00,87,50,37
2020-03-20 17:00:00,113,71,42
2020-03-20 18:00:00,68,36,32
2020-03-20 19:00:00,30,15,15
2020-03-20 20:00:00,14,5,9
2020-03-20 21:00:00,7,4,3
2020-03-20 22:00:00,4,3,1
2020-03-20 23:00:00,6,4,2
2020-03-21 00:00:00,0,0,0
2020-03-21 01:00:00,0,0,0
2020-03-21 02:00:00,1,0,1
2020-03-21 03:00:00,1,1,0
2020-03-21 04:00:00,1,1,0
2020-03-21 05:00:00,4,2,2
2020-03-21 06:00:00,3,0,3
2020-03-21 07:00:00,10,2,8
2020-03-21 08:00:00,16,9,7
2020-03-21 09:00:00,29,13,16
2020-03-21 10:00:00,45,25,20
2020-03-21 11:00:00,70,35,35
2020-03-21 12:00:00,59,34,25
2020-03-21 13:00:00,111,66,45
2020-03-21 14:00:00,111,52,59
2020-03-21 15:00:00,141,78,63
2020-03-21 16:00:00,119,56,63
2020-03-21 17:00:00,97,48,49
2020-03-21 18:00:00,50,21,29
2020-03-21 19:00:00,19,8,11
2020-03-21 20:00:00,9,4,5
2020-03-21 21:00:00,2,2,0
2020-03-21 22:00:00,0,0,0
2020-03-21 23:00:00,5,2,3
2020-03-22 00:00:00,0,0,0
2020-03-22 01:00:00,3,2,1
2020-03-22 02:00:00,0,0,0
2020-03-22 03:00:00,0,0,0
2020-03-22 04:00:00,1,1,0
2020-03-22 05:00:00,0,0,0
2020-03-22 06:00:00,3,1,2
2020-03-22 07:00:00,10,2,8
2020-03-22 08:00:00,10,4,6
2020-03-22 09:00:00,17,9,8
2020-03-22 10:00:00,23,12,11
2020-03-22 11:00:00,67,30,37
2020-03-22 12:00:00,96,54,42
2020-03-22 13:00:00,99,52,47
2020-03-22 14:00:00,110,50,60
2020-03-22 15:00:00,107,51,56
2020-03-22 16:00:00,55,29,26
2020-03-22 17:00:00,33,21,12
2020-03-22 18:00:00,16,8,8
2020-03-22 19:00:00,16,9,7
2020-03-22 20:00:00,2,1,1
2020-03-22 21:00:00,1,1,0
2020-03-22 22:00:00,0,0,0
2020-03-22 23:00:00,1,0,1
2020-03-23 00:00:00,1,0,1
2020-03-23 01:00:00,5,2,3
2020-03-23 02:00:00,4,2,2
2020-03-23 03:00:00,0,0,0
2020-03-23 04:00:00,0,0,0
2020-03-23 05:00:00,9,1,8
2020-03-23 06:00:00,22,3,19
2020-03-23 07:00:00,21,2,19
2020-03-23 08:00:00,25,5,20
2020-03-23 09:00:00,17,2,15
2020-03-23 10:00:00,17,3,14
2020-03-23 11:00:00,10,4,6
2020-03-23 12:00:00,19,10,9
2020-03-23 13:00:00,22,13,9
2020-03-23 14:00:00,20,11,9
2020-03-23 15:00:00,25,15,10
2020-03-23 16:00:00,28,22,6
2020-03-23 17:00:00,33,21,12
2020-03-23 18:00:00,32,26,6
2020-03-23 19:00:00,10,8,2
2020-03-23 20:00:00,7,3,4
2020-03-23 21:00:00,1,1,0
2020-03-23 22:00:00,4,4,0
2020-03-23 23:00:00,3,2,1
2020-03-24 00:00:00,0,0,0
2020-03-24 01:00:00,1,1,0
2020-03-24 02:00:00,1,1,0
2020-03-24 03:00:00,2,1,1
2020-03-24 04:00:00,1,0,1
2020-03-24 05:00:00,6,1,5
2020-03-24 06:00:00,28,5,23
2020-03-24 07:00:00,26,6,20
2020-03-24 08:00:00,14,2,12
2020-03-24 09:00:00,20,5,15
2020-03-24 10:00:00,9,3,6
2020-03-24 11:00:00,14,6,8
2020-03-24 12:00:00,16,6,10
2020-03-24 13:00:00,22,14,8
2020-03-24 14:00:00,20,11,9
2020-03-24 15:00:00,26,17,9
2020-03-24 16:00:00,43,35,8
2020-03-24 17:00:00,49,39,10
2020-03-24 18:00:00,41,23,18
2020-03-24 19:00:00,13,9,4
2020-03-24 20:00:00,7,4,3
2020-03-24 21:00:00,3,3,0
2020-03-24 22:00:00,0,0,0
2020-03-24 23:00:00,1,0,1
2020-03-25 00:00:00,1,1,0
2020-03-25 01:00:00,2,1,1
2020-03-25 02:00:00,2,2,0
2020-03-25 03:00:00,0,0,0
2020-03-25 04:00:00,1,0,1
2020-03-25 05:00:00,4,1,3
2020-03-25 06:00:00,23,4,19
2020-03-25 07:00:00,11,0,11
2020-03-25 08:00:00,14,2,12
2020-03-25 09:00:00,14,8,6
2020-03-25 10:00:00,9,4,5
2020-03-25 11:00:00,6,0,6
2020-03-25 12:00:00,19,13,6
2020-03-25 13:00:00,10,5,5
2020-03-25 14:00:00,26,13,13
2020-03-25 15:00:00,37,18,19
2020-03-25 16:00:00,76,34,42
2020-03-25 17:00:00,88,58,30
2020-03-25 18:00:00,46,21,25
2020-03-25 19:00:00,30,18,12
2020-03-25 20:00:00,6,5,1
2020-03-25 21:00:00,8,5,3
2020-03-25 22:00:00,2,1,1
2020-03-25 23:00:00,3,2,1
2020-03-26 00:00:00,0,0,0
2020-03-26 01:00:00,0,0,0
2020-03-26 02:00:00,4,3,1
2020-03-26 03:00:00,1,1,0
2020-03-26 04:00:00,2,0,2
2020-03-26 05:00:00,9,3,6
2020-03-26 06:00:00,28,6,22
2020-03-26 07:00:00,23,3,20
2020-03-26 08:00:00,17,5,12
2020-03-26 09:00:00,18,6,12
2020-03-26 10:00:00,27,12,15
2020-03-26 11:00:00,32,8,24
2020-03-26 12:00:00,23,10,13
2020-03-26 13:00:00,43,27,16
2020-03-26 14:00:00,33,13,20
2020-03-26 15:00:00,32,21,11
2020-03-26 16:00:00,34,18,16
2020-03-26 17:00:00,59,42,17
2020-03-26 18:00:00,39,23,16
2020-03-26 19:00:00,20,13,7
2020-03-26 20:00:00,6,4,2
2020-03-26 21:00:00,4,1,3
2020-03-26 22:00:00,1,1,0
2020-03-26 23:00:00,1,0,1
2020-03-27 00:00:00,0,0,0
2020-03-27 01:00:00,2,1,1
2020-03-27 02:00:00,4,2,2
2020-03-27 03:00:00,1,0,1
2020-03-27 04:00:00,2,1,1
2020-03-27 05:00:00,6,1,5
2020-03-27 06:00:00,14,2,12
2020-03-27 07:00:00,13,3,10
2020-03-27 08:00:00,14,1,13
2020-03-27 09:00:00,18,7,11
2020-03-27 10:00:00,8,2,6
2020-03-27 11:00:00,17,8,9
2020-03-27 12:00:00,17,9,8
2020-03-27 13:00:00,32,13,19
2020-03-27 14:00:00,27,13,14
2020-03-27 15:00:00,41,24,17
2020-03-27 16:00:00,44,25,19
2020-03-27 17:00:00,48,24,24
2020-03-27 18:00:00,35,16,19
2020-03-27 19:00:00,7,7,0
2020-03-27 20:00:00,5,5,0
2020-03-27 21:00:00,10,6,4
2020-03-27 22:00:00,1,1,0
2020-03-27 23:00:00,1,1,0
2020-03-28 00:00:00,5,3,2
2020-03-28 01:00:00,0,0,0
2020-03-28 02:00:00,4,1,3
2020-03-28 03:00:00,0,0,0
2020-03-28 04:00:00,0,0,0
2020-03-28 05:00:00,1,1,0
2020-03-28 06:00:00,6,4,2
2020-03-28 07:00:00,4,0,4
2020-03-28 08:00:00,14,5,9
2020-03-28 09:00:00,23,11,12
2020-03-28 10:00:00,27,14,13
2020-03-28 11:00:00,38,20,18
2020-03-28 12:00:00,49,28,21
2020-03-28 13:00:00,58,25,33
2020-03-28 14:00:00,44,23,21
2020-03-28 15:00:00,49,21,28
2020-03-28 16:00:00,35,17,18
2020-03-28 17:00:00,26,13,13
2020-03-28 18:00:00,13,7,6
2020-03-28 19:00:00,10,7,3
2020-03-28 20:00:00,0,0,0
2020-03-28 21:00:00,3,2,1
2020-03-28 22:00:00,3,1,2
2020-03-28 23:00:00,3,1,2
2020-03-29 00:00:00,0,0,0
2020-03-29 01:00:00,0,0,0
2020-03-29 02:00:00,0,0,0
2020-03-29 03:00:00,0,0,0
2020-03-29 04:00:00,0,0,0
2020-03-29 05:00:00,2,1,1
2020-03-29 06:00:00,2,0,2
2020-03-29 07:00:00,5,2,3
2020-03-29 08:00:00,9,4,5
2020-03-29 09:00:00,14,6,8
2020-03-29 10:00:00,35,17,18
2020-03-29 11:00:00,90,43,47
2020-03-29 12:00:00,90,48,42
2020-03-29 13:00:00,140,66,74
2020-03-29 14:00:00,210,123,87
2020-03-29 15:00:00,157,80,77
2020-03-29 16:00:00,122,58,64
2020-03-29 17:00:00,95,46,49
2020-03-29 18:00:00,33,14,19
2020-03-29 19:00:00,13,7,6
2020-03-29 20:00:00,2,2,0
2020-03-29 21:00:00,0,0,0
2020-03-29 22:00:00,0,0,0
2020-03-29 23:00:00,0,0,0
2020-03-30 00:00:00,0,0,0
2020-03-30 01:00:00,0,0,0
2020-03-30 02:00:00,0,0,0
2020-03-30 03:00:00,0,0,0
2020-03-30 04:00:00,0,0,0
2020-03-30 05:00:00,7,2,5
2020-03-30 06:00:00,17,2,15
2020-03-30 07:00:00,13,3,10
2020-03-30 08:00:00,18,3,15
2020-03-30 09:00:00,14,7,7
2020-03-30 10:00:00,17,4,13
2020-03-30 11:00:00,7,1,6
2020-03-30 12:00:00,3,3,0
2020-03-30 13:00:00,7,4,3
2020-03-30 14:00:00,7,5,2
2020-03-30 15:00:00,13,5,8
2020-03-30 16:00:00,23,16,7
2020-03-30 17:00:00,20,17,3
2020-03-30 18:00:00,13,10,3
2020-03-30 19:00:00,3,1,2
2020-03-30 20:00:00,2,0,2
2020-03-30 21:00:00,2,2,0
2020-03-30 22:00:00,0,0,0
2020-03-30 23:00:00,1,1,0
2020-03-31 00:00:00,2,2,0
2020-03-31 01:00:00,0,0,0
2020-03-31 02:00:00,3,3,0
2020-03-31 03:00:00,1,0,1
2020-03-31 04:00:00,1,0,1
2020-03-31 05:00:00,5,2,3
2020-03-31 06:00:00,23,5,18
2020-03-31 07:00:00,13,2,11
2020-03-31 08:00:00,18,2,16
2020-03-31 09:00:00,11,5,6
2020-03-31 10:00:00,13,5,8
2020-03-31 11:00:00,16,9,7
2020-03-31 12:00:00,24,7,17
2020-03-31 13:00:00,16,5,11
2020-03-31 14:00:00,20,12,8
2020-03-31 15:00:00,23,14,9
2020-03-31 16:00:00,31,24,7
2020-03-31 17:00:00,38,29,9
2020-03-31 18:00:00,27,17,10
2020-03-31 19:00:00,9,5,4
2020-03-31 20:00:00,4,3,1
2020-03-31 21:00:00,2,1,1
2020-03-31 22:00:00,6,2,4
2020-03-31 23:00:00,3,3,0
2020-04-01 00:00:00,1,1,0
2020-04-01 01:00:00,2,2,0
2020-04-01 02:00:00,1,1,0
2020-04-01 03:00:00,1,0,1
2020-04-01 04:00:00,0,0,0
2020-04-01 05:00:00,7,2,5
2020-04-01 06:00:00,15,0,15
2020-04-01 07:00:00,23,2,21
2020-04-01 08:00:00,28,4,24
2020-04-01 09:00:00,11,3,8
2020-04-01 10:00:00,11,2,9
2020-04-01 11:00:00,18,9,9
2020-04-01 12:00:00,20,9,11
2020-04-01 13:00:00,29,13,16
2020-04-01 14:00:00,48,24,24
2020-04-01 15:00:00,71,40,31
2020-04-01 16:00:00,75,46,29
2020-04-01 17:00:00,71,45,26
2020-04-01 18:00:00,81,45,36
2020-04-01 19:00:00,36,21,15
2020-04-01 20:00:00,11,7,4
2020-04-01 21:00:00,8,6,2
2020-04-01 22:00:00,5,2,3
2020-04-01 23:00:00,1,1,0
2020-04-02 00:00:00,2,0,2
2020-04-02 01:00:00,1,1,0
2020-04-02 02:00:00,1,1,0
2020-04-02 03:00:00,4,4,0
2020-04-02 04:00:00,0,0,0
2020-04-02 05:00:00,7,2,5
2020-04-02 06:00:00,24,5,19
2020-04-02 07:00:00,29,4,25
2020-04-02 08:00:00,14,1,13
2020-04-02 09:00:00,21,4,17
2020-04-02 10:00:00,10,4,6
2020-04-02 11:00:00,14,4,10
2020-04-02 12:00:00,19,11,8
2020-04-02 13:00:00,28,10,18
2020-04-02 14:00:00,41,15,26
2020-04-02 15:00:00,51,29,22
2020-04-02 16:00:00,64,41,23
2020-04-02 17:00:00,85,50,35
2020-04-02 18:00:00,55,40,15
2020-04-02 19:00:00,31,18,13
2020-04-02 20:00:00,12,5,7
2020-04-02 21:00:00,7,4,3
2020-04-02 22:00:00,1,0,1
2020-04-02 23:00:00,0,0,0
2020-04-03 00:00:00,1,0,1
2020-04-03 01:00:00,1,1,0
2020-04-03 02:00:00,4,2,2
2020-04-03 03:00:00,0,0,0
2020-04-03 04:00:00,1,0,1
2020-04-03 05:00:00,10,4,6
2020-04-03 06:00:00,20,5,15
2020-04-03 07:00:00,22,1,21
2020-04-03 08:00:00,15,1,14
2020-04-03 09:00:00,19,7,12
2020-04-03 10:00:00,19,12,7
2020-04-03 11:00:00,30,13,17
2020-04-03 12:00:00,33,13,20
2020-04-03 13:00:00,27,14,13
2020-04-03 14:00:00,35,20,15
2020-04-03 15:00:00,40,29,11
2020-04-03 16:00:00,45,30,15
2020-04-03 17:00:00,36,20,16
2020-04-03 18:00:00,27,21,6
2020-04-03 19:00:00,13,9,4
2020-04-03 20:00:00,5,3,2
2020-04-03 21:00:00,0,0,0
2020-04-03 22:00:00,2,2,0
2020-04-03 23:00:00,2,2,0
2020-04-04 00:00:00,3,1,2
2020-04-04 01:00:00,0,0,0
2020-04-04 02:00:00,0,0,0
2020-04-04 03:00:00,1,1,0
2020-04-04 04:00:00,0,0,0
2020-04-04 05:00:00,2,0,2
2020-04-04 06:00:00,10,4,6
2020-04-04 07:00:00,5,3,2
2020-04-04 08:00:00,21,10,11
2020-04-04 09:00:00,38,19,19
2020-04-04 10:00:00,63,35,28
2020-04-04 11:00:00,82,36,46
2020-04-04 12:00:00,141,62,79
2020-04-04 13:00:00,147,65,82
2020-04-04 14:00:00,177,97,80
2020-04-04 15:00:00,140,73,67
2020-04-04 16:00:00,93,52,41
2020-04-04 17:00:00,76,34,42
2020-04-04 18:00:00,37,22,15
2020-04-04 19:00:00,10,6,4
2020-04-04 20:00:00,10,6,4
2020-04-04 21:00:00,1,0,1
2020-04-04 22:00:00,1,0,1
2020-04-04 23:00:00,1,1,0
2020-04-05 00:00:00,0,0,0
2020-04-05 01:00:00,2,0,2
2020-04-05 02:00:00,0,0,0
2020-04-05 03:00:00,0,0,0
2020-04-05 04:00:00,0,0,0
2020-04-05 05:00:00,1,0,1
2020-04-05 06:00:00,5,2,3
2020-04-05 07:00:00,7,1,6
2020-04-05 08:00:00,15,7,8
2020-04-05 09:00:00,26,10,16
2020-04-05 10:00:00,40,23,17
2020-04-05 11:00:00,70,41,29
2020-04-05 12:00:00,96,41,55
2020-04-05 13:00:00,122,60,62
2020-04-05 14:00:00,108,67,41
2020-04-05 15:00:00,129,64,65
2020-04-05 16:00:00,100,56,44
2020-04-05 17:00:00,44,25,19
2020-04-05 18:00:00,19,11,8
2020-04-05 19:00:00,17,7,10
2020-04-05 20:00:00,5,2,3
2020-04-05 21:00:00,2,1,1
2020-04-05 22:00:00,3,3,0
2020-04-05 23:00:00,0,0,0
2020-04-06 00:00:00,0,0,0
2020-04-06 01:00:00,4,2,2
2020-04-06 02:00:00,1,1,0
2020-04-06 03:00:00,0,0,0
2020-04-06 04:00:00,0,0,0
2020-04-06 05:00:00,9,1,8
2020-04-06 06:00:00,30,5,25
2020-04-06 07:00:00,19,0,19
2020-04-06 08:00:00,27,3,24
2020-04-06 09:00:00,35,15,20
2020-04-06 10:00:00,22,8,14
2020-04-06 11:00:00,25,10,15
2020-04-06 12:00:00,53,22,31
2020-04-06 13:00:00,52,26,26
2020-04-06 14:00:00,58,37,21
2020-04-06 15:00:00,77,39,38
2020-04-06 16:00:00,91,47,44
2020-04-06 17:00:00,106,65,41
2020-04-06 18:00:00,70,47,23
2020-04-06 19:00:00,31,13,18
2020-04-06 20:00:00,14,8,6
2020-04-06 21:00:00,5,1,4
2020-04-06 22:00:00,0,0,0
2020-04-06 23:00:00,3,2,1
2020-04-07 00:00:00,0,0,0
2020-04-07 01:00:00,0,0,0
2020-04-07 02:00:00,1,1,0
2020-04-07 03:00:00,1,0,1
2020-04-07 04:00:00,0,0,0
2020-04-07 05:00:00,7,2,5
2020-04-07 06:00:00,34,4,30
2020-04-07 07:00:00,29,3,26
2020-04-07 08:00:00,25,5,20
2020-04-07 09:00:00,20,5,15
2020-04-07 10:00:00,19,9,10
2020-04-07 11:00:00,22,13,9
2020-04-07 12:00:00,26,15,11
2020-04-07 13:00:00,40,18,22
2020-04-07 14:00:00,44,22,22
2020-04-07 15:00:00,56,32,24
2020-04-07 16:00:00,94,64,30
2020-04-07 17:00:00,79,55,24
2020-04-07 18:00:00,79,35,44
2020-04-07 19:00:00,42,25,17
2020-04-07 20:00:00,24,8,16
2020-04-07 21:00:00,5,2,3
2020-04-07 22:00:00,6,4,2
2020-04-07 23:00:00,2,1,1
2020-04-08 00:00:00,1,0,1
2020-04-08 01:00:00,1,0,1
2020-04-08 02:00:00,5,3,2
2020-04-08 03:00:00,2,0,2
2020-04-08 04:00:00,1,1,0
2020-04-08 05:00:00,12,1,11
2020-04-08 06:00:00,30,5,25
2020-04-08 07:00:00,27,5,22
2020-04-08 08:00:00,31,4,27
2020-04-08 09:00:00,16,4,12
2020-04-08 10:00:00,25,9,16
2020-04-08 11:00:00,36,17,19
2020-04-08 12:00:00,50,28,22
2020-04-08 13:00:00,50,20,30
2020-04-08 14:00:00,55,22,33
2020-04-08 15:00:00,102,67,35
2020-04-08 16:00:00,84,56,28
2020-04-08 17:00:00,110,64,46
2020-04-08 18:00:00,104,57,47
2020-04-08 19:00:00,44,21,23
2020-04-08 20:00:00,18,12,6
2020-04-08 21:00:00,9,5,4
2020-04-08 22:00:00,1,0,1
2020-04-08 23:00:00,2,1,1
2020-04-09 00:00:00,2,0,2
2020-04-09 01:00:00,2,2,0
2020-04-09 02:00:00,1,1,0
2020-04-09 03:00:00,0,0,0
2020-04-09 04:00:00,1,1,0
2020-04-09 05:00:00,6,1,5
2020-04-09 06:00:00,30,1,29
2020-04-09 07:00:00,30,3,27
2020-04-09 08:00:00,34,14,20
2020-04-09 09:00:00,28,10,18
2020-04-09 10:00:00,31,10,21
2020-04-09 11:00:00,44,15,29
2020-04-09 12:00:00,55,22,33
2020-04-09 13:00:00,74,37,37
2020-04-09 14:00:00,75,47,28
2020-04-09 15:00:00,117,64,53
2020-04-09 16:00:00,128,83,45
2020-04-09 17:00:00,146,81,65
2020-04-09 18:00:00,92,57,35
2020-04-09 19:00:00,58,32,26
2020-04-09 20:00:00,18,10,8
2020-04-09 21:00:00,4,1,3
2020-04-09 22:00:00,2,1,1
2020-04-09 23:00:00,2,1,1
2020-04-10 00:00:00,2,2,0
2020-04-10 01:00:00,1,0,1
2020-04-10 02:00:00,2,1,1
2020-04-10 03:00:00,2,0,2
2020-04-10 04:00:00,0,0,0
2020-04-10 05:00:00,5,2,3
2020-04-10 06:00:00,25,3,22
2020-04-10 07:00:00,34,9,25
2020-04-10 08:00:00,26,4,22
2020-04-10 09:00:00,40,14,26
2020-04-10 10:00:00,32,12,20
2020-04-10 11:00:00,45,19,26
2020-04-10 12:00:00,65,44,21
2020-04-10 13:00:00,52,30,22
2020-04-10 14:00:00,71,38,33
2020-04-10 15:00:00,88,44,44
2020-04-10 16:00:00,94,53,41
2020-04-10 17:00:00,115,73,42
2020-04-10 18:00:00,79,45,34
2020-04-10 19:00:00,40,18,22
2020-04-10 20:00:00,14,8,6
2020-04-10 21:00:00,6,4,2
2020-04-10 22:00:00,3,3,0
2020-04-10 23:00:00,2,2,0
2020-04-11 00:00:00,2,1,1
2020-04-11 01:00:00,1,0,1
2020-04-11 02:00:00,2,1,1
2020-04-11 03:00:00,1,1,0
2020-04-11 04:00:00,3,1,2
2020-04-11 05:00:00,1,1,0
2020-04-11 06:00:00,12,2,10
2020-04-11 07:00:00,13,6,7
2020-04-11 08:00:00,13,4,9
2020-04-11 09:00:00,39,20,19
2020-04-11 10:00:00,38,14,24
2020-04-11 11:00:00,66,34,32
2020-04-11 12:00:00,93,56,37
2020-04-11 13:00:00,80,34,46
2020-04-11 14:00:00,136,64,72
2020-04-11 15:00:00,122,62,60
2020-04-11 16:00:00,128,71,57
2020-04-11 17:00:00,108,51,57
2020-04-11 18:00:00,67,42,25
2020-04-11 19:00:00,38,15,23
2020-04-11 20:00:00,8,6,2
2020-04-11 21:00:00,6,1,5
2020-04-11 22:00:00,0,0,0
2020-04-11 23:00:00,0,0,0
2020-04-12 00:00:00,1,1,0
2020-04-12 01:00:00,0,0,0
2020-04-12 02:00:00,1,1,0
2020-04-12 03:00:00,0,0,0
2020-04-12 04:00:00,2,2,0
2020-04-12 05:00:00,2,0,2
2020-04-12 06:00:00,3,2,1
2020-04-12 07:00:00,13,4,9
2020-04-12 08:00:00,21,7,14
2020-04-12 09:00:00,61,24,37
2020-04-12 10:00:00,82,40,42
2020-04-12 11:00:00,116,82,34
2020-04-12 12:00:00,139,62,77
2020-04-12 13:00:00,179,100,79
2020-04-12 14:00:00,186,98,88
2020-04-12 15:00:00,176,87,89
2020-04-12 16:00:00,150,66,84
2020-04-12 17:00:00,88,35,53
2020-04-12 18:00:00,51,27,24
2020-04-12 19:00:00,25,7,18
2020-04-12 20:00:00,11,7,4
2020-04-12 21:00:00,5,1,4
2020-04-12 22:00:00,4,0,4
2020-04-12 23:00:00,0,0,0
2020-04-13 00:00:00,1,1,0
2020-04-13 01:00:00,2,0,2
2020-04-13 02:00:00,0,0,0
2020-04-13 03:00:00,1,1,0
2020-04-13 04:00:00,0,0,0
2020-04-13 05:00:00,13,3,10
2020-04-13 06:00:00,29,3,26
2020-04-13 07:00:00,33,4,29
2020-04-13 08:00:00,25,6,19
2020-04-13 09:00:00,26,8,18
2020-04-13 10:00:00,24,9,15
2020-04-13 11:00:00,34,19,15
2020-04-13 12:00:00,49,23,26
2020-04-13 13:00:00,46,18,28
2020-04-13 14:00:00,64,42,22
2020-04-13 15:00:00,69,42,27
2020-04-13 16:00:00,101,57,44
2020-04-13 17:00:00,107,66,41
2020-04-13 18:00:00,61,34,27
2020-04-13 19:00:00,37,19,18
2020-04-13 20:00:00,12,7,5
2020-04-13 21:00:00,5,2,3
2020-04-13 22:00:00,4,3,1
2020-04-13 23:00:00,4,1,3
2020-04-14 00:00:00,1,1,0
2020-04-14 01:00:00,2,2,0
2020-04-14 02:00:00,2,0,2
2020-04-14 03:00:00,1,0,1
2020-04-14 04:00:00,0,0,0
2020-04-14 05:00:00,11,2,9
2020-04-14 06:00:00,30,4,26
2020-04-14 07:00:00,30,4,26
2020-04-14 08:00:00,28,7,21
2020-04-14 09:00:00,34,10,24
2020-04-14 10:00:00,25,9,16
2020-04-14 11:00:00,28,14,14
2020-04-14 12:00:00,38,21,17
2020-04-14 13:00:00,59,36,23
2020-04-14 14:00:00,82,30,52
2020-04-14 15:00:00,90,53,37
2020-04-14 16:00:00,106,66,40
2020-04-14 17:00:00,108,63,45
2020-04-14 18:00:00,70,42,28
2020-04-14 19:00:00,46,23,23
2020-04-14 20:00:00,6,2,4
2020-04-14 21:00:00,6,3,3
2020-04-14 22:00:00,5,2,3
2020-04-14 23:00:00,1,1,0
2020-04-15 00:00:00,1,0,1
2020-04-15 01:00:00,1,0,1
2020-04-15 02:00:00,2,2,0
2020-04-15 03:00:00,0,0,0
2020-04-15 04:00:00,1,0,1
2020-04-15 05:00:00,6,3,3
2020-04-15 06:00:00,28,1,27
2020-04-15 07:00:00,32,5,27
2020-04-15 08:00:00,36,6,30
2020-04-15 09:00:00,34,12,22
2020-04-15 10:00:00,19,6,13
2020-04-15 11:00:00,40,22,18
2020-04-15 12:00:00,53,24,29
2020-04-15 13:00:00,67,37,30
2020-04-15 14:00:00,68,33,35
2020-04-15 15:00:00,76,47,29
2020-04-15 16:00:00,102,60,42
2020-04-15 17:00:00,86,57,29
2020-04-15 18:00:00,69,38,31
2020-04-15 19:00:00,39,24,15
2020-04-15 20:00:00,19,16,3
2020-04-15 21:00:00,6,3,3
2020-04-15 22:00:00,4,3,1
2020-04-15 23:00:00,2,1,1
2020-04-16 00:00:00,3,2,1
2020-04-16 01:00:00,2,2,0
2020-04-16 02:00:00,2,2,0
2020-04-16 03:00:00,0,0,0
2020-04-16 04:00:00,0,0,0
2020-04-16 05:00:00,11,2,9
2020-04-16 06:00:00,36,2,34
2020-04-16 07:00:00,42,5,37
2020-04-16 08:00:00,28,8,20
2020-04-16 09:00:00,38,13,25
2020-04-16 10:00:00,28,14,14
2020-04-16 11:00:00,68,31,37
2020-04-16 12:00:00,81,28,53
2020-04-16 13:00:00,76,39,37
2020-04-16 14:00:00,95,53,42
2020-04-16 15:00:00,139,87,52
2020-04-16 16:00:00,139,84,55
2020-04-16 17:00:00,142,83,59
2020-04-16 18:00:00,114,65,49
2020-04-16 19:00:00,61,35,26
2020-04-16 20:00:00,38,19,19
2020-04-16 21:00:00,7,5,2
2020-04-16 22:00:00,2,2,0
2020-04-16 23:00:00,2,2,0
2020-04-17 00:00:00,5,3,2
2020-04-17 01:00:00,1,0,1
2020-04-17 02:00:00,4,4,0
2020-04-17 03:00:00,0,0,0
2020-04-17 04:00:00,2,0,2
2020-04-17 05:00:00,7,2,5
2020-04-17 06:00:00,30,1,29
2020-04-17 07:00:00,36,5,31
2020-04-17 08:00:00,30,8,22
2020-04-17 09:00:00,34,13,21
2020-04-17 10:00:00,62,19,43
2020-04-17 11:00:00,73,32,41
2020-04-17 12:00:00,99,38,61
2020-04-17 13:00:00,89,51,38
2020-04-17 14:00:00,83,56,27
2020-04-17 15:00:00,97,55,42
2020-04-17 16:00:00,118,65,53
2020-04-17 17:00:00,92,58,34
2020-04-17 18:00:00,67,40,27
2020-04-17 19:00:00,24,12,12
2020-04-17 20:00:00,16,9,7
2020-04-17 21:00:00,13,5,8
2020-04-17 22:00:00,1,1,0
2020-04-17 23:00:00,3,0,3
2020-04-18 00:00:00,3,3,0
2020-04-18 01:00:00,3,3,0
2020-04-18 02:00:00,0,0,0
2020-04-18 03:00:00,1,0,1
2020-04-18 04:00:00,0,0,0
2020-04-18 05:00:00,7,2,5
2020-04-18 06:00:00,7,1,6
2020-04-18 07:00:00,12,4,8
2020-04-18 08:00:00,14,5,9
2020-04-18 09:00:00,15,6,9
2020-04-18 10:00:00,9,4,5
2020-04-18 11:00:00,28,16,12
2020-04-18 12:00:00,39,16,23
2020-04-18 13:00:00,52,29,23
2020-04-18 14:00:00,102,57,45
2020-04-18 15:00:00,79,49,30
2020-04-18 16:00:00,63,29,34
2020-04-18 17:00:00,89,48,41
2020-04-18 18:00:00,30,11,19
2020-04-18 19:00:00,15,11,4
2020-04-18 20:00:00,14,4,10
2020-04-18 21:00:00,5,1,4
2020-04-18 22:00:00,5,5,0
2020-04-18 23:00:00,2,2,0
2020-04-19 00:00:00,0,0,0
2020-04-19 01:00:00,3,2,1
2020-04-19 02:00:00,2,2,0
2020-04-19 03:00:00,0,0,0
2020-04-19 04:00:00,0,0,0
2020-04-19 05:00:00,0,0,0
2020-04-19 06:00:00,10,1,9
2020-04-19 07:00:00,15,5,10
2020-04-19 08:00:00,33,16,17
2020-04-19 09:00:00,70,32,38
2020-04-19 10:00:00,92,40,52
2020-04-19 11:00:00,146,91,55
2020-04-19 12:00:00,178,80,98
2020-04-19 13:00:00,187,107,80
2020-04-19 14:00:00,266,142,124
2020-04-19 15:00:00,179,88,91
2020-04-19 16:00:00,193,86,107
2020-04-19 17:00:00,118,55,63
2020-04-19 18:00:00,76,36,40
2020-04-19 19:00:00,30,18,12
2020-04-19 20:00:00,13,5,8
2020-04-19 21:00:00,5,3,2
2020-04-19 22:00:00,2,0,2
2020-04-19 23:00:00,4,3,1
2020-04-20 00:00:00,2,2,0
2020-04-20 01:00:00,3,1,2
2020-04-20 02:00:00,1,0,1
2020-04-20 03:00:00,2,1,1
2020-04-20 04:00:00,0,0,0
2020-04-20 05:00:00,18,2,16
2020-04-20 06:00:00,34,8,26
2020-04-20 07:00:00,45,11,34
2020-04-20 08:00:00,33,7,26
2020-04-20 09:00:00,38,16,22
2020-04-20 10:00:00,32,11,21
2020-04-20 11:00:00,47,18,29
2020-04-20 12:00:00,67,38,29
2020-04-20 13:00:00,63,29,34
2020-04-20 14:00:00,76,35,41
2020-04-20 15:00:00,101,63,38
2020-04-20 16:00:00,122,71,51
2020-04-20 17:00:00,137,92,45
2020-04-20 18:00:00,101,52,49
2020-04-20 19:00:00,52,29,23
2020-04-20 20:00:00,17,5,12
2020-04-20 21:00:00,5,2,3
2020-04-20 22:00:00,4,1,3
2020-04-20 23:00:00,4,4,0
2020-04-21 00:00:00,4,2,2
2020-04-21 01:00:00,0,0,0
2020-04-21 02:00:00,1,1,0
2020-04-21 03:00:00,1,1,0
2020-04-21 04:00:00,3,1,2
2020-04-21 05:00:00,17,5,12
2020-04-21 06:00:00,37,10,27
2020-04-21 07:00:00,39,2,37
2020-04-21 08:00:00,28,8,20
2020-04-21 09:00:00,17,4,13
2020-04-21 10:00:00,25,10,15
2020-04-21 11:00:00,29,10,19
2020-04-21 12:00:00,24,9,15
2020-04-21 13:00:00,24,14,10
2020-04-21 14:00:00,26,11,15
2020-04-21 15:00:00,59,44,15
2020-04-21 16:00:00,57,40,17
2020-04-21 17:00:00,72,47,25
2020-04-21 18:00:00,51,37,14
2020-04-21 19:00:00,20,14,6
2020-04-21 20:00:00,10,5,5
2020-04-21 21:00:00,5,3,2
2020-04-21 22:00:00,2,0,2
2020-04-21 23:00:00,0,0,0
2020-04-22 00:00:00,2,2,0
2020-04-22 01:00:00,1,1,0
2020-04-22 02:00:00,2,1,1
2020-04-22 03:00:00,1,0,1
2020-04-22 04:00:00,0,0,0
2020-04-22 05:00:00,6,3,3
2020-04-22 06:00:00,25,3,22
2020-04-22 07:00:00,24,6,18
2020-04-22 08:00:00,19,5,14
2020-04-22 09:00:00,14,3,11
2020-04-22 10:00:00,5,1,4
2020-04-22 11:00:00,6,4,2
2020-04-22 12:00:00,9,3,6
2020-04-22 13:00:00,9,6,3
2020-04-22 14:00:00,10,5,5
2020-04-22 15:00:00,12,10,2
2020-04-22 16:00:00,20,13,7
2020-04-22 17:00:00,36,24,12
2020-04-22 18:00:00,19,14,5
2020-04-22 19:00:00,9,4,5
2020-04-22 20:00:00,7,4,3
2020-04-22 21:00:00,2,1,1
2020-04-22 22:00:00,1,1,0
2020-04-22 23:00:00,3,2,1
2020-04-23 00:00:00,1,1,0
2020-04-23 01:00:00,2,1,1
2020-04-23 02:00:00,1,1,0
2020-04-23 03:00:00,1,1,0
2020-04-23 04:00:00,0,0,0
2020-04-23 05:00:00,7,1,6
2020-04-23 06:00:00,25,3,22
2020-04-23 07:00:00,30,5,25
2020-04-23 08:00:00,21,5,16
2020-04-23 09:00:00,18,6,12
2020-04-23 10:00:00,18,9,9
2020-04-23 11:00:00,20,9,11
2020-04-23 12:00:00,28,6,22
2020-04-23 13:00:00,30,17,13
2020-04-23 14:00:00,59,27,32
2020-04-23 15:00:00,62,41,21
2020-04-23 16:00:00,54,32,22
2020-04-23 17:00:00,33,24,9
2020-04-23 18:00:00,30,23,7
2020-04-23 19:00:00,24,14,10
2020-04-23 20:00:00,7,4,3
2020-04-23 21:00:00,6,3,3
2020-04-23 22:00:00,1,1,0
2020-04-23 23:00:00,2,2,0
2020-04-24 00:00:00,1,1,0
2020-04-24 01:00:00,0,0,0
2020-04-24 02:00:00,5,4,1
2020-04-24 03:00:00,0,0,0
2020-04-24 04:00:00,0,0,0
2020-04-24 05:00:00,16,2,14
2020-04-24 06:00:00,32,5,27
2020-04-24 07:00:00,34,12,22
2020-04-24 08:00:00,36,10,26
2020-04-24 09:00:00,30,11,19
2020-04-24 10:00:00,42,17,25
2020-04-24 11:00:00,73,46,27
2020-04-24 12:00:00,67,25,42
2020-04-24 13:00:00,76,34,42
2020-04-24 14:00:00,69,36,33
2020-04-24 15:00:00,67,38,29
2020-04-24 16:00:00,51,43,8
2020-04-24 17:00:00,110,67,43
2020-04-24 18:00:00,70,34,36
2020-04-24 19:00:00,31,15,16
2020-04-24 20:00:00,11,8,3
2020-04-24 21:00:00,4,2,2
2020-04-24 22:00:00,8,6,2
2020-04-24 23:00:00,1,1,0
2020-04-25 00:00:00,5,2,3
2020-04-25 01:00:00,0,0,0
2020-04-25 02:00:00,2,1,1
2020-04-25 03:00:00,1,1,0
2020-04-25 04:00:00,1,1,0
2020-04-25 05:00:00,3,0,3
2020-04-25 06:00:00,18,4,14
2020-04-25 07:00:00,5,2,3
2020-04-25 08:00:00,22,11,11
2020-04-25 09:00:00,6,5,1
2020-04-25 10:00:00,26,13,13
2020-04-25 11:00:00,30,15,15
2020-04-25 12:00:00,25,9,16
2020-04-25 13:00:00,63,36,27
2020-04-25 14:00:00,102,53,49
2020-04-25 15:00:00,123,62,61
2020-04-25 16:00:00,121,58,63
2020-04-25 17:00:00,79,40,39
2020-04-25 18:00:00,70,36,34
2020-04-25 19:00:00,26,12,14
2020-04-25 20:00:00,14,3,11
2020-04-25 21:00:00,9,5,4
2020-04-25 22:00:00,4,3,1
2020-04-25 23:00:00,2,2,0
2020-04-26 00:00:00,1,1,0
2020-04-26 01:00:00,4,1,3
2020-04-26 02:00:00,2,2,0
2020-04-26 03:00:00,0,0,0
2020-04-26 04:00:00,1,0,1
2020-04-26 05:00:00,1,0,1
2020-04-26 06:00:00,12,4,8
2020-04-26 07:00:00,21,11,10
2020-04-26 08:00:00,40,20,20
2020-04-26 09:00:00,103,44,59
2020-04-26 10:00:00,123,53,70
2020-04-26 11:00:00,151,81,70
2020-04-26 12:00:00,189,110,79
2020-04-26 13:00:00,199,102,97
2020-04-26 14:00:00,199,112,87
2020-04-26 15:00:00,145,77,68
2020-04-26 16:00:00,137,61,76
2020-04-26 17:00:00,83,38,45
2020-04-26 18:00:00,46,17,29
2020-04-26 19:00:00,26,9,17
2020-04-26 20:00:00,18,8,10
2020-04-26 21:00:00,1,1,0
2020-04-26 22:00:00,0,0,0
2020-04-26 23:00:00,3,2,1
2020-04-27 00:00:00,0,0,0
2020-04-27 01:00:00,1,0,1
2020-04-27 02:00:00,0,0,0
2020-04-27 03:00:00,0,0,0
2020-04-27 04:00:00,2,1,1
2020-04-27 05:00:00,18,2,16
2020-04-27 06:00:00,30,4,26
2020-04-27 07:00:00,35,3,32
2020-04-27 08:00:00,27,6,21
2020-04-27 09:00:00,24,8,16
2020-04-27 10:00:00,15,4,11
2020-04-27 11:00:00,22,8,14
2020-04-27 12:00:00,32,13,19
2020-04-27 13:00:00,38,22,16
2020-04-27 14:00:00,55,35,20
2020-04-27 15:00:00,58,34,24
2020-04-27 16:00:00,84,49,35
2020-04-27 17:00:00,75,56,19
2020-04-27 18:00:00,71,44,27
2020-04-27 19:00:00,43,24,19
2020-04-27 20:00:00,16,8,8
2020-04-27 21:00:00,8,2,6
2020-04-27 22:00:00,2,1,1
2020-04-27 23:00:00,3,1,2
2020-04-28 00:00:00,1,1,0
2020-04-28 01:00:00,4,2,2
2020-04-28 02:00:00,0,0,0
2020-04-28 03:00:00,1,0,1
2020-04-28 04:00:00,2,1,1
2020-04-28 05:00:00,11,2,9
2020-04-28 06:00:00,35,4,31
2020-04-28 07:00:00,41,5,36
2020-04-28 08:00:00,36,10,26
2020-04-28 09:00:00,25,8,17
2020-04-28 10:00:00,31,6,25
2020-04-28 11:00:00,32,13,19
2020-04-28 12:00:00,43,18,25
2020-04-28 13:00:00,50,22,28
2020-04-28 14:00:00,54,33,21
2020-04-28 15:00:00,61,43,18
2020-04-28 16:00:00,77,51,26
2020-04-28 17:00:00,100,67,33
2020-04-28 18:00:00,73,51,22
2020-04-28 19:00:00,33,14,19
2020-04-28 20:00:00,8,4,4
2020-04-28 21:00:00,5,3,2
2020-04-28 22:00:00,3,1,2
2020-04-28 23:00:00,1,0,1
2020-04-29 00:00:00,1,1,0
2020-04-29 01:00:00,0,0,0
2020-04-29 02:00:00,0,0,0
2020-04-29 03:00:00,2,0,2
2020-04-29 04:00:00,1,1,0
2020-04-29 05:00:00,13,2,11
2020-04-29 06:00:00,42,8,34
2020-04-29 07:00:00,40,8,32
2020-04-29 08:00:00,34,12,22
2020-04-29 09:00:00,29,6,23
2020-04-29 10:00:00,32,10,22
2020-04-29 11:00:00,39,19,20
2020-04-29 12:00:00,48,23,25
2020-04-29 13:00:00,62,29,33
2020-04-29 14:00:00,57,32,25
2020-04-29 15:00:00,73,45,28
2020-04-29 16:00:00,89,56,33
2020-04-29 17:00:00,84,55,29
2020-04-29 18:00:00,71,40,31
2020-04-29 19:00:00,29,11,18
2020-04-29 20:00:00,12,8,4
2020-04-29 21:00:00,8,4,4
2020-04-29 22:00:00,5,1,4
2020-04-29 23:00:00,3,1,2
2020-04-30 00:00:00,5,2,3
2020-04-30 01:00:00,0,0,0
2020-04-30 02:00:00,0,0,0
2020-04-30 03:00:00,1,0,1
2020-04-30 04:00:00,8,3,5
2020-04-30 05:00:00,12,2,10
2020-04-30 06:00:00,46,9,37
2020-04-30 07:00:00,34,4,30
2020-04-30 08:00:00,36,9,27
2020-04-30 09:00:00,35,8,27
2020-04-30 10:00:00,29,9,20
2020-04-30 11:00:00,28,12,16
2020-04-30 12:00:00,33,11,22
2020-04-30 13:00:00,31,16,15
2020-04-30 14:00:00,41,20,21
2020-04-30 15:00:00,46,27,19
2020-04-30 16:00:00,67,48,19
2020-04-30 17:00:00,103,74,29
2020-04-30 18:00:00,83,44,39
2020-04-30 19:00:00,37,19,18
2020-04-30 20:00:00,16,14,2
2020-04-30 21:00:00,18,9,9
2020-04-30 22:00:00,5,4,1
2020-04-30 23:00:00,4,2,2
2020-05-01 00:00:00,4,2,2
2020-05-01 01:00:00,1,0,1
2020-05-01 02:00:00,1,0,1
2020-05-01 03:00:00,3,1,2
2020-05-01 04:00:00,4,2,2
2020-05-01 05:00:00,13,3,10
2020-05-01 06:00:00,32,7,25
2020-05-01 07:00:00,55,15,40
2020-05-01 08:00:00,48,10,38
2020-05-01 09:00:00,35,9,26
2020-05-01 10:00:00,51,21,30
2020-05-01 11:00:00,61,35,26
2020-05-01 12:00:00,93,51,42
2020-05-01 13:00:00,96,40,56
2020-05-01 14:00:00,102,48,54
2020-05-01 15:00:00,139,79,60
2020-05-01 16:00:00,139,86,53
2020-05-01 17:00:00,135,71,64
2020-05-01 18:00:00,79,45,34
2020-05-01 19:00:00,64,41,23
2020-05-01 20:00:00,23,15,8
2020-05-01 21:00:00,13,10,3
2020-05-01 22:00:00,10,4,6
2020-05-01 23:00:00,1,0,1
2020-05-02 00:00:00,7,4,3
2020-05-02 01:00:00,4,2,2
2020-05-02 02:00:00,1,0,1
2020-05-02 03:00:00,5,1,4
2020-05-02 04:00:00,0,0,0
2020-05-02 05:00:00,3,1,2
2020-05-02 06:00:00,15,9,6
2020-05-02 07:00:00,13,5,8
2020-05-02 08:00:00,11,8,3
2020-05-02 09:00:00,25,14,11
2020-05-02 10:00:00,31,10,21
2020-05-02 11:00:00,20,12,8
2020-05-02 12:00:00,22,10,12
2020-05-02 13:00:00,19,8,11
2020-05-02 14:00:00,23,13,10
2020-05-02 15:00:00,23,18,5
2020-05-02 16:00:00,18,11,7
2020-05-02 17:00:00,21,9,12
2020-05-02 18:00:00,15,8,7
2020-05-02 19:00:00,16,12,4
2020-05-02 20:00:00,10,4,6
2020-05-02 21:00:00,4,2,2
2020-05-02 22:00:00,1,1,0
2020-05-02 23:00:00,3,1,2
2020-05-03 00:00:00,0,0,0
2020-05-03 01:00:00,1,0,1
2020-05-03 02:00:00,2,1,1
2020-05-03 03:00:00,0,0,0
2020-05-03 04:00:00,0,0,0
2020-05-03 05:00:00,0,0,0
2020-05-03 06:00:00,7,1,6
2020-05-03 07:00:00,20,6,14
2020-05-03 08:00:00,19,7,12
2020-05-03 09:00:00,41,19,22
2020-05-03 10:00:00,88,39,49
2020-05-03 11:00:00,125,71,54
2020-05-03 12:00:00,172,92,80
2020-05-03 13:00:00,169,80,89
2020-05-03 14:00:00,166,93,73
2020-05-03 15:00:00,149,62,87
2020-05-03 16:00:00,81,48,33
2020-05-03 17:00:00,66,34,32
2020-05-03 18:00:00,56,22,34
2020-05-03 19:00:00,31,15,16
2020-05-03 20:00:00,11,4,7
2020-05-03 21:00:00,8,3,5
2020-05-03 22:00:00,2,1,1
2020-05-03 23:00:00,1,0,1
2020-05-04 00:00:00,1,1,0
2020-05-04 01:00:00,3,1,2
2020-05-04 02:00:00,2,1,1
2020-05-04 03:00:00,1,0,1
2020-05-04 04:00:00,3,1,2
2020-05-04 05:00:00,24,2,22
2020-05-04 06:00:00,43,8,35
2020-05-04 07:00:00,50,5,45
2020-05-04 08:00:00,29,5,24
2020-05-04 09:00:00,29,10,19
2020-05-04 10:00:00,28,13,15
2020-05-04 11:00:00,49,21,28
2020-05-04 12:00:00,40,18,22
2020-05-04 13:00:00,51,25,26
2020-05-04 14:00:00,52,24,28
2020-05-04 15:00:00,75,49,26
2020-05-04 16:00:00,89,54,35
2020-05-04 17:00:00,93,67,26
2020-05-04 18:00:00,58,39,19
2020-05-04 19:00:00,37,19,18
2020-05-04 20:00:00,24,8,16
2020-05-04 21:00:00,4,4,0
2020-05-04 22:00:00,5,5,0
2020-05-04 23:00:00,3,1,2
2020-05-05 00:00:00,5,1,4
2020-05-05 01:00:00,1,1,0
2020-05-05 02:00:00,1,0,1
2020-05-05 03:00:00,4,1,3
2020-05-05 04:00:00,7,4,3
2020-05-05 05:00:00,16,3,13
2020-05-05 06:00:00,54,11,43
2020-05-05 07:00:00,60,11,49
2020-05-05 08:00:00,42,11,31
2020-05-05 09:00:00,43,16,27
2020-05-05 10:00:00,27,11,16
2020-05-05 11:00:00,29,12,17
2020-05-05 12:00:00,44,17,27
2020-05-05 13:00:00,57,29,28
2020-05-05 14:00:00,65,35,30
2020-05-05 15:00:00,96,58,38
2020-05-05 16:00:00,125,83,42
2020-05-05 17:00:00,124,78,46
2020-05-05 18:00:00,87,49,38
2020-05-05 19:00:00,46,24,22
2020-05-05 20:00:00,25,14,11
2020-05-05 21:00:00,15,9,6
2020-05-05 22:00:00,4,0,4
2020-05-05 23:00:00,2,1,1
2020-05-06 00:00:00,3,2,1
2020-05-06 01:00:00,1,0,1
2020-05-06 02:00:00,1,1,0
2020-05-06 03:00:00,2,1,1
2020-05-06 04:00:00,2,0,2
2020-05-06 05:00:00,13,1,12
2020-05-06 06:00:00,42,5,37
2020-05-06 07:00:00,26,2,24
2020-05-06 08:00:00,28,3,25
2020-05-06 09:00:00,29,7,22
2020-05-06 10:00:00,15,4,11
2020-05-06 11:00:00,29,16,13
2020-05-06 12:00:00,22,11,11
2020-05-06 13:00:00,14,9,5
2020-05-06 14:00:00,23,13,10
2020-05-06 15:00:00,39,24,15
2020-05-06 16:00:00,65,42,23
2020-05-06 17:00:00,80,57,23
2020-05-06 18:00:00,47,31,16
2020-05-06 19:00:00,27,12,15
2020-05-06 20:00:00,14,11,3
2020-05-06 21:00:00,10,5,5
2020-05-06 22:00:00,1,1,0
2020-05-06 23:00:00,4,1,3
2020-05-07 00:00:00,4,3,1
2020-05-07 01:00:00,1,0,1
2020-05-07 02:00:00,0,0,0
2020-05-07 03:00:00,0,0,0
2020-05-07 04:00:00,8,2,6
2020-05-07 05:00:00,26,4,22
2020-05-07 06:00:00,57,13,44
2020-05-07 07:00:00,55,4,51
2020-05-07 08:00:00,65,22,43
2020-05-07 09:00:00,22,8,14
2020-05-07 10:00:00,54,35,19
2020-05-07 11:00:00,45,22,23
2020-05-07 12:00:00,76,27,49
2020-05-07 13:00:00,79,43,36
2020-05-07 14:00:00,92,53,39
2020-05-07 15:00:00,104,52,52
2020-05-07 16:00:00,169,113,56
2020-05-07 17:00:00,157,101,56
2020-05-07 18:00:00,115,63,52
2020-05-07 19:00:00,79,36,43
2020-05-07 20:00:00,43,31,12
2020-05-07 21:00:00,12,7,5
2020-05-07 22:00:00,5,1,4
2020-05-07 23:00:00,0,0,0
2020-05-08 00:00:00,3,3,0
2020-05-08 01:00:00,3,0,3
2020-05-08 02:00:00,0,0,0
2020-05-08 03:00:00,1,0,1
2020-05-08 04:00:00,4,2,2
2020-05-08 05:00:00,21,4,17
2020-05-08 06:00:00,53,9,44
2020-05-08 07:00:00,56,15,41
2020-05-08 08:00:00,50,12,38
2020-05-08 09:00:00,60,26,34
2020-05-08 10:00:00,65,23,42
2020-05-08 11:00:00,62,24,38
2020-05-08 12:00:00,76,44,32
2020-05-08 13:00:00,126,84,42
2020-05-08 14:00:00,108,57,51
2020-05-08 15:00:00,149,67,82
2020-05-08 16:00:00,149,88,61
2020-05-08 17:00:00,137,91,46
2020-05-08 18:00:00,103,62,41
2020-05-08 19:00:00,77,33,44
2020-05-08 20:00:00,33,16,17
2020-05-08 21:00:00,29,13,16
2020-05-08 22:00:00,14,11,3
2020-05-08 23:00:00,2,1,1
2020-05-09 00:00:00,8,7,1
2020-05-09 01:00:00,5,2,3
2020-05-09 02:00:00,4,1,3
2020-05-09 03:00:00,2,0,2
2020-05-09 04:00:00,3,1,2
2020-05-09 05:00:00,7,3,4
2020-05-09 06:00:00,26,9,17
2020-05-09 07:00:00,43,26,17
2020-05-09 08:00:00,59,25,34
2020-05-09 09:00:00,95,40,55
2020-05-09 10:00:00,154,75,79
2020-05-09 11:00:00,179,87,92
2020-05-09 12:00:00,196,99,97
2020-05-09 13:00:00,180,91,89
2020-05-09 14:00:00,189,91,98
2020-05-09 15:00:00,169,89,80
2020-05-09 16:00:00,106,53,53
2020-05-09 17:00:00,119,63,56
2020-05-09 18:00:00,95,45,50
2020-05-09 19:00:00,57,24,33
2020-05-09 20:00:00,21,9,12
2020-05-09 21:00:00,18,6,12
2020-05-09 22:00:00,12,4,8
2020-05-09 23:00:00,4,4,0
2020-05-10 00:00:00,2,1,1
2020-05-10 01:00:00,1,0,1
2020-05-10 02:00:00,1,0,1
2020-05-10 03:00:00,2,1,1
2020-05-10 04:00:00,1,1,0
2020-05-10 05:00:00,5,3,2
2020-05-10 06:00:00,5,1,4
2020-05-10 07:00:00,13,6,7
2020-05-10 08:00:00,36,14,22
2020-05-10 09:00:00,70,31,39
2020-05-10 10:00:00,129,72,57
2020-05-10 11:00:00,133,64,69
2020-05-10 12:00:00,170,73,97
2020-05-10 13:00:00,125,68,57
2020-05-10 14:00:00,138,79,59
2020-05-10 15:00:00,116,66,50
2020-05-10 16:00:00,112,58,54
2020-05-10 17:00:00,77,29,48
2020-05-10 18:00:00,55,26,29
2020-05-10 19:00:00,51,31,20
2020-05-10 20:00:00,34,9,25
2020-05-10 21:00:00,15,9,6
2020-05-10 22:00:00,3,2,1
2020-05-10 23:00:00,1,0,1
2020-05-11 00:00:00,2,1,1
2020-05-11 01:00:00,0,0,0
2020-05-11 02:00:00,0,0,0
2020-05-11 03:00:00,2,2,0
2020-05-11 04:00:00,2,0,2
2020-05-11 05:00:00,29,2,27
2020-05-11 06:00:00,56,12,44
2020-05-11 07:00:00,46,7,39
2020-05-11 08:00:00,60,11,49
2020-05-11 09:00:00,44,12,32
2020-05-11 10:00:00,43,23,20
2020-05-11 11:00:00,34,16,18
2020-05-11 12:00:00,55,28,27
2020-05-11 13:00:00,61,26,35
2020-05-11 14:00:00,69,32,37
2020-05-11 15:00:00,99,55,44
2020-05-11 16:00:00,94,63,31
2020-05-11 17:00:00,72,56,16
2020-05-11 18:00:00,40,26,14
2020-05-11 19:00:00,10,7,3
2020-05-11 20:00:00,10,7,3
2020-05-11 21:00:00,8,3,5
2020-05-11 22:00:00,1,1,0
2020-05-11 23:00:00,1,1,0
2020-05-12 00:00:00,2,1,1
2020-05-12 01:00:00,1,1,0
2020-05-12 02:00:00,0,0,0
2020-05-12 03:00:00,1,1,0
2020-05-12 04:00:00,1,0,1
2020-05-12 05:00:00,21,3,18
2020-05-12 06:00:00,39,5,34
2020-05-12 07:00:00,38,10,28
2020-05-12 08:00:00,32,5,27
2020-05-12 09:00:00,14,4,10
2020-05-12 10:00:00,18,7,11
2020-05-12 11:00:00,24,11,13
2020-05-12 12:00:00,21,8,13
2020-05-12 13:00:00,16,11,5
2020-05-12 14:00:00,32,19,13
2020-05-12 15:00:00,60,39,21
2020-05-12 16:00:00,60,40,20
2020-05-12 17:00:00,60,47,13
2020-05-12 18:00:00,36,25,11
2020-05-12 19:00:00,22,11,11
2020-05-12 20:00:00,12,9,3
2020-05-12 21:00:00,9,4,5
2020-05-12 22:00:00,0,0,0
2020-05-12 23:00:00,1,0,1
2020-05-13 00:00:00,2,1,1
2020-05-13 01:00:00,1,1,0
2020-05-13 02:00:00,1,0,1
2020-05-13 03:00:00,1,0,1
2020-05-13 04:00:00,3,1,2
2020-05-13 05:00:00,23,4,19
2020-05-13 06:00:00,49,7,42
2020-05-13 07:00:00,36,5,31
2020-05-13 08:00:00,32,4,28
2020-05-13 09:00:00,26,9,17
2020-05-13 10:00:00,26,12,14
2020-05-13 11:00:00,32,12,20
2020-05-13 12:00:00,39,16,23
2020-05-13 13:00:00,58,24,34
2020-05-13 14:00:00,42,23,19
2020-05-13 15:00:00,83,53,30
2020-05-13 16:00:00,97,73,24
2020-05-13 17:00:00,135,99,36
2020-05-13 18:00:00,87,56,31
2020-05-13 19:00:00,57,26,31
2020-05-13 20:00:00,35,16,19
2020-05-13 21:00:00,3,1,2
2020-05-13 22:00:00,5,4,1
2020-05-13 23:00:00,3,2,1
2020-05-14 00:00:00,6,3,3
2020-05-14 01:00:00,3,1,2
2020-05-14 02:00:00,2,2,0
2020-05-14 03:00:00,3,2,1
2020-05-14 04:00:00,3,1,2
2020-05-14 05:00:00,21,5,16
2020-05-14 06:00:00,50,10,40
2020-05-14 07:00:00,50,16,34
2020-05-14 08:00:00,26,5,21
2020-05-14 09:00:00,21,5,16
2020-05-14 10:00:00,14,4,10
2020-05-14 11:00:00,25,12,13
2020-05-14 12:00:00,23,8,15
2020-05-14 13:00:00,35,15,20
2020-05-14 14:00:00,51,35,16
2020-05-14 15:00:00,64,37,27
2020-05-14 16:00:00,96,54,42
2020-05-14 17:00:00,124,76,48
2020-05-14 18:00:00,79,50,29
2020-05-14 19:00:00,61,37,24
2020-05-14 20:00:00,29,11,18
2020-05-14 21:00:00,14,7,7
2020-05-14 22:00:00,3,3,0
2020-05-14 23:00:00,4,3,1
2020-05-15 00:00:00,2,1,1
2020-05-15 01:00:00,0,0,0
2020-05-15 02:00:00,2,1,1
2020-05-15 03:00:00,5,3,2
2020-05-15 04:00:00,5,2,3
2020-05-15 05:00:00,25,4,21
2020-05-15 06:00:00,42,4,38
2020-05-15 07:00:00,60,15,45
2020-05-15 08:00:00,45,16,29
2020-05-15 09:00:00,51,19,32
2020-05-15 10:00:00,49,20,29
2020-05-15 11:00:00,80,40,40
2020-05-15 12:00:00,66,34,32
2020-05-15 13:00:00,97,58,39
2020-05-15 14:00:00,142,75,67
2020-05-15 15:00:00,141,82,59
2020-05-15 16:00:00,118,76,42
2020-05-15 17:00:00,180,118,62
2020-05-15 18:00:00,132,69,63
2020-05-15 19:00:00,50,26,24
2020-05-15 20:00:00,44,21,23
2020-05-15 21:00:00,19,5,14
2020-05-15 22:00:00,21,9,12
2020-05-15 23:00:00,3,3,0
2020-05-16 00:00:00,4,3,1
2020-05-16 01:00:00,3,2,1
2020-05-16 02:00:00,4,1,3
2020-05-16 03:00:00,4,3,1
2020-05-16 04:00:00,1,0,1
2020-05-16 05:00:00,6,2,4
2020-05-16 06:00:00,13,5,8
2020-05-16 07:00:00,20,9,11
2020-05-16 08:00:00,23,13,10
2020-05-16 09:00:00,28,11,17
2020-05-16 10:00:00,30,14,16
2020-05-16 11:00:00,31,10,21
2020-05-16 12:00:00,34,16,18
2020-05-16 13:00:00,41,25,16
2020-05-16 14:00:00,24,14,10
2020-05-16 15:00:00,22,14,8
2020-05-16 16:00:00,18,8,10
2020-05-16 17:00:00,8,4,4
2020-05-16 18:00:00,22,12,10
2020-05-16 19:00:00,17,12,5
2020-05-16 20:00:00,9,5,4
2020-05-16 21:00:00,6,2,4
2020-05-16 22:00:00,1,0,1
2020-05-16 23:00:00,2,1,1
2020-05-17 00:00:00,1,0,1
2020-05-17 01:00:00,2,2,0
2020-05-17 02:00:00,1,1,0
2020-05-17 03:00:00,0,0,0
2020-05-17 04:00:00,0,0,0
2020-05-17 05:00:00,4,0,4
2020-05-17 06:00:00,13,3,10
2020-05-17 07:00:00,21,8,13
2020-05-17 08:00:00,37,18,19
2020-05-17 09:00:00,61,29,32
2020-05-17 10:00:00,74,37,37
2020-05-17 11:00:00,100,59,41
2020-05-17 12:00:00,146,69,77
2020-05-17 13:00:00,171,89,82
2020-05-17 14:00:00,201,110,91
2020-05-17 15:00:00,174,83,91
2020-05-17 16:00:00,133,65,68
2020-05-17 17:00:00,118,58,60
2020-05-17 18:00:00,99,44,55
2020-05-17 19:00:00,40,18,22
2020-05-17 20:00:00,22,11,11
2020-05-17 21:00:00,11,4,7
2020-05-17 22:00:00,3,1,2
2020-05-17 23:00:00,3,2,1
2020-05-18 00:00:00,2,1,1
2020-05-18 01:00:00,1,0,1
2020-05-18 02:00:00,4,2,2
2020-05-18 03:00:00,0,0,0
2020-05-18 04:00:00,1,0,1
2020-05-18 05:00:00,19,2,17
2020-05-18 06:00:00,60,12,48
2020-05-18 07:00:00,52,5,47
2020-05-18 08:00:00,48,8,40
2020-05-18 09:00:00,29,13,16
2020-05-18 10:00:00,23,8,15
2020-05-18 11:00:00,41,13,28
2020-05-18 12:00:00,39,23,16
2020-05-18 13:00:00,51,28,23
2020-05-18 14:00:00,70,39,31
2020-05-18 15:00:00,71,43,28
2020-05-18 16:00:00,90,56,34
2020-05-18 17:00:00,114,74,40
2020-05-18 18:00:00,62,37,25
2020-05-18 19:00:00,40,24,16
2020-05-18 20:00:00,16,10,6
2020-05-18 21:00:00,6,4,2
2020-05-18 22:00:00,0,0,0
2020-05-18 23:00:00,6,5,1
2020-05-19 00:00:00,4,3,1
2020-05-19 01:00:00,0,0,0
2020-05-19 02:00:00,3,1,2
2020-05-19 03:00:00,3,2,1
2020-05-19 04:00:00,2,0,2
2020-05-19 05:00:00,29,5,24
2020-05-19 06:00:00,61,15,46
2020-05-19 07:00:00,62,15,47
2020-05-19 08:00:00,57,13,44
2020-05-19 09:00:00,39,14,25
2020-05-19 10:00:00,39,9,30
2020-05-19 11:00:00,41,22,19
2020-05-19 12:00:00,34,15,19
2020-05-19 13:00:00,54,27,27
2020-05-19 14:00:00,46,20,26
2020-05-19 15:00:00,79,48,31
2020-05-19 16:00:00,106,67,39
2020-05-19 17:00:00,125,78,47
2020-05-19 18:00:00,87,53,34
2020-05-19 19:00:00,49,25,24
2020-05-19 20:00:00,31,18,13
2020-05-19 21:00:00,9,3,6
2020-05-19 22:00:00,4,3,1
2020-05-19 23:00:00,2,2,0
2020-05-20 00:00:00,8,5,3
2020-05-20 01:00:00,1,1,0
2020-05-20 02:00:00,1,1,0
2020-05-20 03:00:00,2,1,1
2020-05-20 04:00:00,2,0,2
2020-05-20 05:00:00,24,6,18
2020-05-20 06:00:00,59,15,44
2020-05-20 07:00:00,50,10,40
2020-05-20 08:00:00,39,10,29
2020-05-20 09:00:00,37,16,21
2020-05-20 10:00:00,29,11,18
2020-05-20 11:00:00,35,12,23
2020-05-20 12:00:00,45,22,23
2020-05-20 13:00:00,36,19,17
2020-05-20 14:00:00,45,28,17
2020-05-20 15:00:00,45,27,18
2020-05-20 16:00:00,64,45,19
2020-05-20 17:00:00,64,49,15
2020-05-20 18:00:00,38,25,13
2020-05-20 19:00:00,15,7,8
2020-05-20 20:00:00,14,8,6
2020-05-20 21:00:00,8,6,2
2020-05-20 22:00:00,7,3,4
2020-05-20 23:00:00,2,2,0
2020-05-21 00:00:00,4,3,1
2020-05-21 01:00:00,0,0,0
2020-05-21 02:00:00,3,3,0
2020-05-21 03:00:00,1,0,1
2020-05-21 04:00:00,1,0,1
2020-05-21 05:00:00,15,2,13
2020-05-21 06:00:00,30,5,25
2020-05-21 07:00:00,26,5,21
2020-05-21 08:00:00,24,6,18
2020-05-21 09:00:00,14,4,10
2020-05-21 10:00:00,14,5,9
2020-05-21 11:00:00,15,6,9
2020-05-21 12:00:00,16,8,8
2020-05-21 13:00:00,20,7,13
2020-05-21 14:00:00,21,19,2
2020-05-21 15:00:00,23,13,10
2020-05-21 16:00:00,54,34,20
2020-05-21 17:00:00,37,27,10
2020-05-21 18:00:00,24,17,7
2020-05-21 19:00:00,9,7,2
2020-05-21 20:00:00,11,4,7
2020-05-21 21:00:00,4,3,1
2020-05-21 22:00:00,5,3,2
2020-05-21 23:00:00,2,0,2
2020-05-22 00:00:00,2,2,0
2020-05-22 01:00:00,2,2,0
2020-05-22 02:00:00,1,1,0
2020-05-22 03:00:00,1,1,0
2020-05-22 04:00:00,4,2,2
2020-05-22 05:00:00,21,4,17
2020-05-22 06:00:00,44,9,35
2020-05-22 07:00:00,57,9,48
2020-05-22 08:00:00,30,13,17
2020-05-22 09:00:00,48,19,29
2020-05-22 10:00:00,35,14,21
2020-05-22 11:00:00,62,24,38
2020-05-22 12:00:00,53,17,36
2020-05-22 13:00:00,91,52,39
2020-05-22 14:00:00,88,53,35
2020-05-22 15:00:00,84,54,30
2020-05-22 16:00:00,102,63,39
2020-05-22 17:00:00,75,39,36
2020-05-22 18:00:00,63,46,17
2020-05-22 19:00:00,32,23,9
2020-05-22 20:00:00,13,7,6
2020-05-22 21:00:00,8,5,3
2020-05-22 22:00:00,6,3,3
2020-05-22 23:00:00,4,2,2
2020-05-23 00:00:00,3,3,0
2020-05-23 01:00:00,1,1,0
2020-05-23 02:00:00,1,0,1
2020-05-23 03:00:00,3,3,0
2020-05-23 04:00:00,2,1,1
2020-05-23 05:00:00,10,2,8
2020-05-23 06:00:00,12,4,8
2020-05-23 07:00:00,14,7,7
2020-05-23 08:00:00,47,26,21
2020-05-23 09:00:00,77,39,38
2020-05-23 10:00:00,54,19,35
2020-05-23 11:00:00,101,52,49
2020-05-23 12:00:00,125,73,52
2020-05-23 13:00:00,127,76,51
2020-05-23 14:00:00,147,68,79
2020-05-23 15:00:00,120,68,52
2020-05-23 16:00:00,142,67,75
2020-05-23 17:00:00,80,39,41
2020-05-23 18:00:00,72,29,43
2020-05-23 19:00:00,44,23,21
2020-05-23 20:00:00,16,3,13
2020-05-23 21:00:00,12,8,4
2020-05-23 22:00:00,4,1,3
2020-05-23 23:00:00,5,1,4
2020-05-24 00:00:00,6,3,3
2020-05-24 01:00:00,1,1,0
2020-05-24 02:00:00,1,1,0
2020-05-24 03:00:00,0,0,0
2020-05-24 04:00:00,1,1,0
2020-05-24 05:00:00,5,0,5
2020-05-24 06:00:00,15,4,11
2020-05-24 07:00:00,17,7,10
2020-05-24 08:00:00,39,21,18
2020-05-24 09:00:00,61,28,33
2020-05-24 10:00:00,59,35,24
2020-05-24 11:00:00,100,58,42
2020-05-24 12:00:00,126,66,60
2020-05-24 13:00:00,157,65,92
2020-05-24 14:00:00,142,66,76
2020-05-24 15:00:00,143,78,65
2020-05-24 16:00:00,137,70,67
2020-05-24 17:00:00,105,55,50
2020-05-24 18:00:00,95,43,52
2020-05-24 19:00:00,52,13,39
2020-05-24 20:00:00,27,13,14
2020-05-24 21:00:00,11,2,9
2020-05-24 22:00:00,8,5,3
2020-05-24 23:00:00,5,2,3
2020-05-25 00:00:00,2,1,1
2020-05-25 01:00:00,5,3,2
2020-05-25 02:00:00,0,0,0
2020-05-25 03:00:00,0,0,0
2020-05-25 04:00:00,1,1,0
2020-05-25 05:00:00,3,2,1
2020-05-25 06:00:00,7,1,6
2020-05-25 07:00:00,6,0,6
2020-05-25 08:00:00,9,5,4
2020-05-25 09:00:00,10,5,5
2020-05-25 10:00:00,20,11,9
2020-05-25 11:00:00,15,8,7
2020-05-25 12:00:00,37,11,26
2020-05-25 13:00:00,25,5,20
2020-05-25 14:00:00,21,13,8
2020-05-25 15:00:00,21,8,13
2020-05-25 16:00:00,30,16,14
2020-05-25 17:00:00,25,14,11
2020-05-25 18:00:00,22,11,11
2020-05-25 19:00:00,15,7,8
2020-05-25 20:00:00,14,6,8
2020-05-25 21:00:00,11,7,4
2020-05-25 22:00:00,2,2,0
2020-05-25 23:00:00,1,0,1
2020-05-26 00:00:00,3,3,0
2020-05-26 01:00:00,1,0,1
2020-05-26 02:00:00,4,3,1
2020-05-26 03:00:00,0,0,0
2020-05-26 04:00:00,6,1,5
2020-05-26 05:00:00,32,5,27
2020-05-26 06:00:00,49,9,40
2020-05-26 07:00:00,43,6,37
2020-05-26 08:00:00,30,5,25
2020-05-26 09:00:00,22,5,17
2020-05-26 10:00:00,15,5,10
2020-05-26 11:00:00,29,12,17
2020-05-26 12:00:00,29,10,19
2020-05-26 13:00:00,55,24,31
2020-05-26 14:00:00,48,22,26
2020-05-26 15:00:00,88,58,30
2020-05-26 16:00:00,89,57,32
2020-05-26 17:00:00,114,74,40
2020-05-26 18:00:00,109,65,44
2020-05-26 19:00:00,61,38,23
2020-05-26 20:00:00,35,16,19
2020-05-26 21:00:00,26,15,11
2020-05-26 22:00:00,6,3,3
2020-05-26 23:00:00,3,3,0
2020-05-27 00:00:00,6,4,2
2020-05-27 01:00:00,2,1,1
2020-05-27 02:00:00,1,1,0
2020-05-27 03:00:00,2,1,1
2020-05-27 04:00:00,2,1,1
2020-05-27 05:00:00,29,7,22
2020-05-27 06:00:00,67,12,55
2020-05-27 07:00:00,74,14,60
2020-05-27 08:00:00,64,15,49
2020-05-27 09:00:00,52,22,30
2020-05-27 10:00:00,46,20,26
2020-05-27 11:00:00,52,16,36
2020-05-27 12:00:00,69,37,32
2020-05-27 13:00:00,77,38,39
2020-05-27 14:00:00,100,48,52
2020-05-27 15:00:00,94,61,33
2020-05-27 16:00:00,135,89,46
2020-05-27 17:00:00,136,90,46
2020-05-27 18:00:00,125,77,48
2020-05-27 19:00:00,71,41,30
2020-05-27 20:00:00,43,18,25
2020-05-27 21:00:00,23,10,13
2020-05-27 22:00:00,15,7,8
2020-05-27 23:00:00,5,4,1
2020-05-28 00:00:00,6,4,2
2020-05-28 01:00:00,0,0,0
2020-05-28 02:00:00,1,1,0
2020-05-28 03:00:00,1,0,1
2020-05-28 04:00:00,4,2,2
2020-05-28 05:00:00,28,5,23
2020-05-28 06:00:00,73,16,57
2020-05-28 07:00:00,75,12,63
2020-05-28 08:00:00,77,18,59
2020-05-28 09:00:00,50,17,33
2020-05-28 10:00:00,45,17,28
2020-05-28 11:00:00,52,19,33
2020-05-28 12:00:00,72,40,32
2020-05-28 13:00:00,56,24,32
2020-05-28 14:00:00,84,48,36
2020-05-28 15:00:00,112,64,48
2020-05-28 16:00:00,139,83,56
2020-05-28 17:00:00,169,123,46
2020-05-28 18:00:00,122,61,61
2020-05-28 19:00:00,78,34,44
2020-05-28 20:00:00,35,17,18
2020-05-28 21:00:00,23,13,10
2020-05-28 22:00:00,5,4,1
2020-05-28 23:00:00,5,4,1
2020-05-29 00:00:00,3,2,1
2020-05-29 01:00:00,3,2,1
2020-05-29 02:00:00,2,0,2
2020-05-29 03:00:00,1,0,1
2020-05-29 04:00:00,5,0,5
2020-05-29 05:00:00,30,3,27
2020-05-29 06:00:00,59,13,46
2020-05-29 07:00:00,76,13,63
2020-05-29 08:00:00,59,12,47
2020-05-29 09:00:00,55,20,35
2020-05-29 10:00:00,79,28,51
2020-05-29 11:00:00,50,21,29
2020-05-29 12:00:00,77,31,46
2020-05-29 13:00:00,83,43,40
2020-05-29 14:00:00,86,54,32
2020-05-29 15:00:00,133,76,57
2020-05-29 16:00:00,146,87,59
2020-05-29 17:00:00,155,99,56
2020-05-29 18:00:00,149,103,46
2020-05-29 19:00:00,75,34,41
2020-05-29 20:00:00,33,12,21
2020-05-29 21:00:00,0,0,0
2020-05-29 22:00:00,0,0,0
2020-05-29 23:00:00,0,0,0
2020-05-30 00:00:00,2,1,1
2020-05-30 01:00:00,0,0,0
2020-05-30 02:00:00,4,3,1
2020-05-30 03:00:00,3,2,1
2020-05-30 04:00:00,2,1,1
2020-05-30 05:00:00,9,1,8
2020-05-30 06:00:00,14,9,5
2020-05-30 07:00:00,26,9,17
2020-05-30 08:00:00,21,10,11
2020-05-30 09:00:00,15,13,2
2020-05-30 10:00:00,4,2,2
2020-05-30 11:00:00,22,7,15
2020-05-30 12:00:00,22,9,13
2020-05-30 13:00:00,15,11,4
2020-05-30 14:00:00,25,8,17
2020-05-30 15:00:00,19,10,9
2020-05-30 16:00:00,19,15,4
2020-05-30 17:00:00,19,14,5
2020-05-30 18:00:00,13,9,4
2020-05-30 19:00:00,2,2,0
2020-05-30 20:00:00,2,1,1
2020-05-30 21:00:00,5,3,2
2020-05-30 22:00:00,0,0,0
2020-05-30 23:00:00,1,1,0
2020-05-31 00:00:00,0,0,0
2020-05-31 01:00:00,0,0,0
2020-05-31 02:00:00,0,0,0
2020-05-31 03:00:00,0,0,0
2020-05-31 04:00:00,0,0,0
2020-05-31 05:00:00,1,0,1
2020-05-31 06:00:00,5,1,4
2020-05-31 07:00:00,3,3,0
2020-05-31 08:00:00,12,4,8
2020-05-31 09:00:00,16,8,8
2020-05-31 10:00:00,23,9,14
2020-05-31 11:00:00,34,14,20
2020-05-31 12:00:00,31,17,14
2020-05-31 13:00:00,58,24,34
2020-05-31 14:00:00,68,34,34
2020-05-31 15:00:00,84,40,44
2020-05-31 16:00:00,63,32,31
2020-05-31 17:00:00,66,31,35
2020-05-31 18:00:00,30,12,18
2020-05-31 19:00:00,10,7,3
2020-05-31 20:00:00,5,4,1
2020-05-31 21:00:00,5,2,3
2020-05-31 22:00:00,4,3,1
2020-05-31 23:00:00,2,1,1
2020-12-01 00:00:00,3,1,2
2020-12-01 01:00:00,1,0,1
2020-12-01 02:00:00,4,2,2
2020-12-01 03:00:00,4,2,2
2020-12-01 04:00:00,4,4,0
2020-12-01 05:00:00,26,18,8
2020-12-01 06:00:00,53,44,9
2020-12-01 07:00:00,55,46,9
2020-12-01 08:00:00,51,45,6
2020-12-01 09:00:00,34,29,5
2020-12-01 10:00:00,23,13,10
2020-12-01 11:00:00,28,17,11
2020-12-01 12:00:00,20,8,12
2020-12-01 13:00:00,36,19,17
2020-12-01 14:00:00,75,31,44
2020-12-01 15:00:00,67,22,45
2020-12-01 16:00:00,76,21,55
2020-12-01 17:00:00,75,13,62
2020-12-01 18:00:00,40,9,31
2020-12-01 19:00:00,20,7,13
2020-12-01 20:00:00,6,1,5
2020-12-01 21:00:00,6,4,2
2020-12-01 22:00:00,3,1,2
2020-12-01 23:00:00,9,2,7
2020-12-02 00:00:00,2,0,2
2020-12-02 01:00:00,2,0,2
2020-12-02 02:00:00,5,2,3
2020-12-02 03:00:00,2,2,0
2020-12-02 04:00:00,6,5,1
2020-12-02 05:00:00,28,20,8
2020-12-02 06:00:00,50,45,5
2020-12-02 07:00:00,54,49,5
2020-12-02 08:00:00,53,46,7
2020-12-02 09:00:00,28,23,5
2020-12-02 10:00:00,42,27,15
2020-12-02 11:00:00,43,19,24
2020-12-02 12:00:00,36,24,12
2020-12-02 13:00:00,61,30,31
2020-12-02 14:00:00,67,26,41
2020-12-02 15:00:00,84,27,57
2020-12-02 16:00:00,94,31,63
2020-12-02 17:00:00,79,14,65
2020-12-02 18:00:00,31,7,24
2020-12-02 19:00:00,19,3,16
2020-12-02 20:00:00,12,2,10
2020-12-02 21:00:00,6,2,4
2020-12-02 22:00:00,1,0,1
2020-12-02 23:00:00,5,2,3
2020-12-03 00:00:00,3,2,1
2020-12-03 01:00:00,1,1,0
2020-12-03 02:00:00,2,1,1
2020-12-03 03:00:00,1,0,1
2020-12-03 04:00:00,6,5,1
2020-12-03 05:00:00,27,19,8
2020-12-03 06:00:00,46,40,6
2020-12-03 07:00:00,47,44,3
2020-12-03 08:00:00,58,48,10
2020-12-03 09:00:00,42,29,13
2020-12-03 10:00:00,32,22,10
2020-12-03 11:00:00,32,18,14
2020-12-03 12:00:00,28,13,15
2020-12-03 13:00:00,37,18,19
2020-12-03 14:00:00,32,11,21
2020-12-03 15:00:00,51,14,37
2020-12-03 16:00:00,66,12,54
2020-12-03 17:00:00,66,18,48
2020-12-03 18:00:00,39,6,33
2020-12-03 19:00:00,17,5,12
2020-12-03 20:00:00,15,3,12
2020-12-03 21:00:00,4,2,2
2020-12-03 22:00:00,4,2,2
2020-12-03 23:00:00,2,1,1
2020-12-04 00:00:00,7,0,7
2020-12-04 01:00:00,3,3,0
2020-12-04 02:00:00,4,1,3
2020-12-04 03:00:00,0,0,0
2020-12-04 04:00:00,6,5,1
2020-12-04 05:00:00,28,21,7
2020-12-04 06:00:00,38,33,5
2020-12-04 07:00:00,43,36,7
2020-12-04 08:00:00,54,41,13
2020-12-04 09:00:00,41,28,13
2020-12-04 10:00:00,38,23,15
2020-12-04 11:00:00,41,26,15
2020-12-04 12:00:00,41,24,17
2020-12-04 13:00:00,49,21,28
2020-12-04 14:00:00,73,32,41
2020-12-04 15:00:00,100,36,64
2020-12-04 16:00:00,68,15,53
2020-12-04 17:00:00,60,12,48
2020-12-04 18:00:00,37,8,29
2020-12-04 19:00:00,19,6,13
2020-12-04 20:00:00,16,3,13
2020-12-04 21:00:00,10,4,6
2020-12-04 22:00:00,3,1,2
2020-12-04 23:00:00,3,1,2
2020-12-05 00:00:00,5,1,4
2020-12-05 01:00:00,1,1,0
2020-12-05 02:00:00,4,2,2
2020-12-05 03:00:00,1,1,0
2020-12-05 04:00:00,4,2,2
2020-12-05 05:00:00,6,5,1
2020-12-05 06:00:00,11,5,6
2020-12-05 07:00:00,8,5,3
2020-12-05 08:00:00,27,13,14
2020-12-05 09:00:00,55,25,30
2020-12-05 10:00:00,64,31,33
2020-12-05 11:00:00,91,49,42
2020-12-05 12:00:00,106,57,49
2020-12-05 13:00:00,130,52,78
2020-12-05 14:00:00,120,64,56
2020-12-05 15:00:00,114,57,57
2020-12-05 16:00:00,52,26,26
2020-12-05 17:00:00,24,10,14
2020-12-05 18:00:00,19,6,13
2020-12-05 19:00:00,7,3,4
2020-12-05 20:00:00,4,2,2
2020-12-05 21:00:00,5,1,4
2020-12-05 22:00:00,6,1,5
2020-12-05 23:00:00,2,0,2
2020-12-06 00:00:00,3,3,0
2020-12-06 01:00:00,2,0,2
2020-12-06 02:00:00,4,2,2
2020-12-06 03:00:00,0,0,0
2020-12-06 04:00:00,2,2,0
2020-12-06 05:00:00,3,2,1
2020-12-06 06:00:00,5,2,3
2020-12-06 07:00:00,6,3,3
2020-12-06 08:00:00,13,8,5
2020-12-06 09:00:00,16,9,7
2020-12-06 10:00:00,41,16,25
2020-12-06 11:00:00,68,29,39
2020-12-06 12:00:00,74,45,29
2020-12-06 13:00:00,85,42,43
2020-12-06 14:00:00,78,45,33
2020-12-06 15:00:00,66,24,42
2020-12-06 16:00:00,38,19,19
2020-12-06 17:00:00,20,10,10
2020-12-06 18:00:00,8,2,6
2020-12-06 19:00:00,5,1,4
2020-12-06 20:00:00,5,1,4
2020-12-06 21:00:00,4,2,2
2020-12-06 22:00:00,0,0,0
2020-12-06 23:00:00,4,2,2
2020-12-07 00:00:00,5,3,2
2020-12-07 01:00:00,1,1,0
2020-12-07 02:00:00,1,0,1
2020-12-07 03:00:00,3,1,2
2020-12-07 04:00:00,5,5,0
2020-12-07 05:00:00,24,20,4
2020-12-07 06:00:00,38,33,5
2020-12-07 07:00:00,58,51,7
2020-12-07 08:00:00,53,45,8
2020-12-07 09:00:00,30,17,13
2020-12-07 10:00:00,22,16,6
2020-12-07 11:00:00,24,14,10
2020-12-07 12:00:00,25,11,14
2020-12-07 13:00:00,34,14,20
2020-12-07 14:00:00,29,12,17
2020-12-07 15:00:00,53,20,33
2020-12-07 16:00:00,64,10,54
2020-12-07 17:00:00,55,10,45
2020-12-07 18:00:00,46,7,39
2020-12-07 19:00:00,12,2,10
2020-12-07 20:00:00,5,1,4
2020-12-07 21:00:00,3,1,2
2020-12-07 22:00:00,3,1,2
2020-12-07 23:00:00,3,2,1
2020-12-08 00:00:00,3,0,3
2020-12-08 01:00:00,3,2,1
2020-12-08 02:00:00,1,0,1
2020-12-08 03:00:00,2,1,1
2020-12-08 04:00:00,2,2,0
2020-12-08 05:00:00,22,17,5
2020-12-08 06:00:00,48,42,6
2020-12-08 07:00:00,42,39,3
2020-12-08 08:00:00,51,43,8
2020-12-08 09:00:00,21,16,5
2020-12-08 10:00:00,13,11,2
2020-12-08 11:00:00,16,7,9
2020-12-08 12:00:00,17,9,8
2020-12-08 13:00:00,13,3,10
2020-12-08 14:00:00,28,8,20
2020-12-08 15:00:00,27,10,17
2020-12-08 16:00:00,36,9,27
2020-12-08 17:00:00,54,11,43
2020-12-08 18:00:00,18,0,18
2020-12-08 19:00:00,12,2,10
2020-12-08 20:00:00,7,1,6
2020-12-08 21:00:00,5,1,4
2020-12-08 22:00:00,3,1,2
2020-12-08 23:00:00,4,2,2
2020-12-09 00:00:00,3,1,2
2020-12-09 01:00:00,1,1,0
2020-12-09 02:00:00,0,0,0
2020-12-09 03:00:00,1,0,1
2020-12-09 04:00:00,3,2,1
2020-12-09 05:00:00,21,13,8
2020-12-09 06:00:00,46,41,5
2020-12-09 07:00:00,41,37,4
2020-12-09 08:00:00,44,37,7
2020-12-09 09:00:00,27,21,6
2020-12-09 10:00:00,23,16,7
2020-12-09 11:00:00,19,13,6
2020-12-09 12:00:00,24,14,10
2020-12-09 13:00:00,24,8,16
2020-12-09 14:00:00,40,19,21
2020-12-09 15:00:00,48,18,30
2020-12-09 16:00:00,63,16,47
2020-12-09 17:00:00,60,9,51
2020-12-09 18:00:00,35,4,31
2020-12-09 19:00:00,19,6,13
2020-12-09 20:00:00,6,3,3
2020-12-09 21:00:00,4,1,3
2020-12-09 22:00:00,5,0,5
2020-12-09 23:00:00,6,3,3
2020-12-10 00:00:00,3,0,3
2020-12-10 01:00:00,3,2,1
2020-12-10 02:00:00,2,2,0
2020-12-10 03:00:00,3,3,0
2020-12-10 04:00:00,5,3,2
2020-12-10 05:00:00,26,18,8
2020-12-10 06:00:00,44,41,3
2020-12-10 07:00:00,49,43,6
2020-12-10 08:00:00,60,50,10
2020-12-10 09:00:00,28,20,8
2020-12-10 10:00:00,26,21,5
2020-12-10 11:00:00,32,17,15
2020-12-10 12:00:00,21,12,9
2020-12-10 13:00:00,24,6,18
2020-12-10 14:00:00,34,13,21
2020-12-10 15:00:00,51,21,30
2020-12-10 16:00:00,60,12,48
2020-12-10 17:00:00,68,19,49
2020-12-10 18:00:00,34,3,31
2020-12-10 19:00:00,17,1,16
2020-12-10 20:00:00,3,0,3
2020-12-10 21:00:00,4,2,2
2020-12-10 22:00:00,5,4,1
2020-12-10 23:00:00,1,1,0
2020-12-11 00:00:00,2,0,2
2020-12-11 01:00:00,1,1,0
2020-12-11 02:00:00,4,0,4
2020-12-11 03:00:00,1,0,1
2020-12-11 04:00:00,6,4,2
2020-12-11 05:00:00,23,17,6
2020-12-11 06:00:00,36,31,5
2020-12-11 07:00:00,34,24,10
2020-12-11 08:00:00,43,33,10
2020-12-11 09:00:00,28,20,8
2020-12-11 10:00:00,33,26,7
2020-12-11 11:00:00,27,17,10
2020-12-11 12:00:00,24,13,11
2020-12-11 13:00:00,29,14,15
2020-12-11 14:00:00,49,20,29
2020-12-11 15:00:00,49,16,33
2020-12-11 16:00:00,59,15,44
2020-12-11 17:00:00,54,10,44
2020-12-11 18:00:00,39,11,28
2020-12-11 19:00:00,18,3,15
2020-12-11 20:00:00,10,2,8
2020-12-11 21:00:00,10,4,6
2020-12-11 22:00:00,5,2,3
2020-12-11 23:00:00,2,1,1
2020-12-12 00:00:00,2,0,2
2020-12-12 01:00:00,3,2,1
2020-12-12 02:00:00,3,2,1
2020-12-12 03:00:00,1,1,0
2020-12-12 04:00:00,1,1,0
2020-12-12 05:00:00,5,3,2
2020-12-12 06:00:00,14,11,3
2020-12-12 07:00:00,16,10,6
2020-12-12 08:00:00,23,14,9
2020-12-12 09:00:00,36,16,20
2020-12-12 10:00:00,42,21,21
2020-12-12 11:00:00,87,51,36
2020-12-12 12:00:00,77,43,34
2020-12-12 13:00:00,117,61,56
2020-12-12 14:00:00,121,58,63
2020-12-12 15:00:00,84,42,42
2020-12-12 16:00:00,38,19,19
2020-12-12 17:00:00,15,8,7
2020-12-12 18:00:00,14,7,7
2020-12-12 19:00:00,13,4,9
2020-12-12 20:00:00,14,6,8
2020-12-12 21:00:00,3,1,2
2020-12-12 22:00:00,1,0,1
2020-12-12 23:00:00,3,2,1
2020-12-13 00:00:00,3,1,2
2020-12-13 01:00:00,1,0,1
2020-12-13 02:00:00,0,0,0
2020-12-13 03:00:00,0,0,0
2020-12-13 04:00:00,0,0,0
2020-12-13 05:00:00,2,2,0
2020-12-13 06:00:00,5,4,1
2020-12-13 07:00:00,1,0,1
2020-12-13 08:00:00,5,3,2
2020-12-13 09:00:00,4,3,1
2020-12-13 10:00:00,12,9,3
2020-12-13 11:00:00,7,5,2
2020-12-13 12:00:00,7,4,3
2020-12-13 13:00:00,16,7,9
2020-12-13 14:00:00,25,12,13
2020-12-13 15:00:00,25,13,12
2020-12-13 16:00:00,15,9,6
2020-12-13 17:00:00,9,5,4
2020-12-13 18:00:00,7,1,6
2020-12-13 19:00:00,6,3,3
2020-12-13 20:00:00,5,2,3
2020-12-13 21:00:00,3,2,1
2020-12-13 22:00:00,4,0,4
2020-12-13 23:00:00,2,1,1
2020-12-14 00:00:00,1,1,0
2020-12-14 01:00:00,2,0,2
2020-12-14 02:00:00,0,0,0
2020-12-14 03:00:00,4,1,3
2020-12-14 04:00:00,6,6,0
2020-12-14 05:00:00,22,16,6
2020-12-14 06:00:00,34,32,2
2020-12-14 07:00:00,40,35,5
2020-12-14 08:00:00,34,31,3
2020-12-14 09:00:00,31,27,4
2020-12-14 10:00:00,18,13,5
2020-12-14 11:00:00,26,15,11
2020-12-14 12:00:00,14,10,4
2020-12-14 13:00:00,21,10,11
2020-12-14 14:00:00,34,16,18
2020-12-14 15:00:00,46,10,36
2020-12-14 16:00:00,54,10,44
2020-12-14 17:00:00,57,8,49
2020-12-14 18:00:00,22,5,17
2020-12-14 19:00:00,17,4,13
2020-12-14 20:00:00,14,2,12
2020-12-14 21:00:00,2,2,0
2020-12-14 22:00:00,2,0,2
2020-12-14 23:00:00,5,2,3
2020-12-15 00:00:00,7,5,2
2020-12-15 01:00:00,0,0,0
2020-12-15 02:00:00,3,1,2
2020-12-15 03:00:00,0,0,0
2020-12-15 04:00:00,4,3,1
2020-12-15 05:00:00,17,13,4
2020-12-15 06:00:00,33,30,3
2020-12-15 07:00:00,24,19,5
2020-12-15 08:00:00,42,34,8
2020-12-15 09:00:00,18,13,5
2020-12-15 10:00:00,10,9,1
2020-12-15 11:00:00,13,9,4
2020-12-15 12:00:00,14,6,8
2020-12-15 13:00:00,16,8,8
2020-12-15 14:00:00,23,9,14
2020-12-15 15:00:00,21,4,17
2020-12-15 16:00:00,39,8,31
2020-12-15 17:00:00,39,6,33
2020-12-15 18:00:00,33,8,25
2020-12-15 19:00:00,14,4,10
2020-12-15 20:00:00,3,0,3
2020-12-15 21:00:00,3,1,2
2020-12-15 22:00:00,3,2,1
2020-12-15 23:00:00,2,0,2
2020-12-16 00:00:00,3,2,1
2020-12-16 01:00:00,1,0,1
2020-12-16 02:00:00,4,2,2
2020-12-16 03:00:00,1,0,1
2020-12-16 04:00:00,5,5,0
2020-12-16 05:00:00,21,15,6
2020-12-16 06:00:00,38,32,6
2020-12-16 07:00:00,38,35,3
2020-12-16 08:00:00,36,31,5
2020-12-16 09:00:00,29,21,8
2020-12-16 10:00:00,12,10,2
2020-12-16 11:00:00,12,4,8
2020-12-16 12:00:00,12,7,5
2020-12-16 13:00:00,15,6,9
2020-12-16 14:00:00,21,9,12
2020-12-16 15:00:00,30,9,21
2020-12-16 16:00:00,24,2,22
2020-12-16 17:00:00,46,9,37
2020-12-16 18:00:00,20,2,18
2020-12-16 19:00:00,15,4,11
2020-12-16 20:00:00,9,2,7
2020-12-16 21:00:00,5,1,4
2020-12-16 22:00:00,2,1,1
2020-12-16 23:00:00,1,0,1
2020-12-17 00:00:00,8,5,3
2020-12-17 01:00:00,1,0,1
2020-12-17 02:00:00,1,1,0
2020-12-17 03:00:00,1,0,1
2020-12-17 04:00:00,3,2,1
2020-12-17 05:00:00,20,14,6
2020-12-17 06:00:00,39,36,3
2020-12-17 07:00:00,32,27,5
2020-12-17 08:00:00,34,29,5
2020-12-17 09:00:00,30,24,6
2020-12-17 10:00:00,21,12,9
2020-12-17 11:00:00,27,15,12
2020-12-17 12:00:00,29,19,10
2020-12-17 13:00:00,33,17,16
2020-12-17 14:00:00,58,29,29
2020-12-17 15:00:00,67,16,51
2020-12-17 16:00:00,66,19,47
2020-12-17 17:00:00,59,14,45
2020-12-17 18:00:00,31,5,26
2020-12-17 19:00:00,14,7,7
2020-12-17 20:00:00,6,3,3
2020-12-17 21:00:00,5,1,4
2020-12-17 22:00:00,3,2,1
2020-12-17 23:00:00,3,2,1
2020-12-18 00:00:00,6,2,4
2020-12-18 01:00:00,1,1,0
2020-12-18 02:00:00,2,2,0
2020-12-18 03:00:00,0,0,0
2020-12-18 04:00:00,8,6,2
2020-12-18 05:00:00,14,11,3
2020-12-18 06:00:00,29,23,6
2020-12-18 07:00:00,22,18,4
2020-12-18 08:00:00,35,29,6
2020-12-18 09:00:00,23,16,7
2020-12-18 10:00:00,13,8,5
2020-12-18 11:00:00,10,5,5
2020-12-18 12:00:00,10,3,7
2020-12-18 13:00:00,19,9,10
2020-12-18 14:00:00,26,12,14
2020-12-18 15:00:00,28,8,20
2020-12-18 16:00:00,28,7,21
2020-12-18 17:00:00,29,2,27
2020-12-18 18:00:00,22,4,18
2020-12-18 19:00:00,10,3,7
2020-12-18 20:00:00,4,1,3
2020-12-18 21:00:00,5,1,4
2020-12-18 22:00:00,2,0,2
2020-12-18 23:00:00,3,3,0
2020-12-19 00:00:00,2,1,1
2020-12-19 01:00:00,0,0,0
2020-12-19 02:00:00,4,0,4
2020-12-19 03:00:00,0,0,0
2020-12-19 04:00:00,3,3,0
2020-12-19 05:00:00,6,5,1
2020-12-19 06:00:00,3,1,2
2020-12-19 07:00:00,7,5,2
2020-12-19 08:00:00,13,11,2
2020-12-19 09:00:00,28,14,14
2020-12-19 10:00:00,35,21,14
2020-12-19 11:00:00,44,22,22
2020-12-19 12:00:00,40,20,20
2020-12-19 13:00:00,24,8,16
2020-12-19 14:00:00,18,7,11
2020-12-19 15:00:00,7,2,5
2020-12-19 16:00:00,7,1,6
2020-12-19 17:00:00,7,2,5
2020-12-19 18:00:00,2,0,2
2020-12-19 19:00:00,5,2,3
2020-12-19 20:00:00,5,1,4
2020-12-19 21:00:00,2,0,2
2020-12-19 22:00:00,3,1,2
2020-12-19 23:00:00,1,0,1
2020-12-20 00:00:00,3,2,1
2020-12-20 01:00:00,0,0,0
2020-12-20 02:00:00,1,0,1
2020-12-20 03:00:00,0,0,0
2020-12-20 04:00:00,1,1,0
2020-12-20 05:00:00,1,1,0
2020-12-20 06:00:00,3,1,2
2020-12-20 07:00:00,10,5,5
2020-12-20 08:00:00,15,11,4
2020-12-20 09:00:00,23,14,9
2020-12-20 10:00:00,17,5,12
2020-12-20 11:00:00,26,5,21
2020-12-20 12:00:00,53,25,28
2020-12-20 13:00:00,44,19,25
2020-12-20 14:00:00,37,16,21
2020-12-20 15:00:00,43,25,18
2020-12-20 16:00:00,21,6,15
2020-12-20 17:00:00,14,7,7
2020-12-20 18:00:00,7,2,5
2020-12-20 19:00:00,5,3,2
2020-12-20 20:00:00,7,2,5
2020-12-20 21:00:00,3,2,1
2020-12-20 22:00:00,2,2,0
2020-12-20 23:00:00,0,0,0
2020-12-21 00:00:00,0,0,0
2020-12-21 01:00:00,2,0,2
2020-12-21 02:00:00,1,1,0
2020-12-21 03:00:00,2,1,1
2020-12-21 04:00:00,3,3,0
2020-12-21 05:00:00,9,8,1
2020-12-21 06:00:00,18,14,4
2020-12-21 07:00:00,17,17,0
2020-12-21 08:00:00,12,9,3
2020-12-21 09:00:00,6,6,0
2020-12-21 10:00:00,8,8,0
2020-12-21 11:00:00,6,4,2
2020-12-21 12:00:00,9,3,6
2020-12-21 13:00:00,6,4,2
2020-12-21 14:00:00,7,4,3
2020-12-21 15:00:00,10,1,9
2020-12-21 16:00:00,9,3,6
2020-12-21 17:00:00,33,5,28
2020-12-21 18:00:00,11,1,10
2020-12-21 19:00:00,4,0,4
2020-12-21 20:00:00,3,0,3
2020-12-21 21:00:00,4,2,2
2020-12-21 22:00:00,3,0,3
2020-12-21 23:00:00,1,0,1
2020-12-22 00:00:00,1,0,1
2020-12-22 01:00:00,0,0,0
2020-12-22 02:00:00,1,1,0
2020-12-22 03:00:00,2,2,0
2020-12-22 04:00:00,2,1,1
2020-12-22 05:00:00,12,8,4
2020-12-22 06:00:00,19,16,3
2020-12-22 07:00:00,17,14,3
2020-12-22 08:00:00,21,19,2
2020-12-22 09:00:00,29,23,6
2020-12-22 10:00:00,24,16,8
2020-12-22 11:00:00,32,24,8
2020-12-22 12:00:00,35,16,19
2020-12-22 13:00:00,44,24,20
2020-12-22 14:00:00,61,30,31
2020-12-22 15:00:00,52,20,32
2020-12-22 16:00:00,39,9,30
2020-12-22 17:00:00,29,8,21
2020-12-22 18:00:00,22,3,19
2020-12-22 19:00:00,15,3,12
2020-12-22 20:00:00,3,0,3
2020-12-22 21:00:00,5,1,4
2020-12-22 22:00:00,2,0,2
2020-12-22 23:00:00,2,0,2
2020-12-23 00:00:00,4,3,1
2020-12-23 01:00:00,6,2,4
2020-12-23 02:00:00,1,1,0
2020-12-23 03:00:00,1,1,0
2020-12-23 04:00:00,4,3,1
2020-12-23 05:00:00,11,9,2
2020-12-23 06:00:00,18,15,3
2020-12-23 07:00:00,13,13,0
2020-12-23 08:00:00,25,17,8
2020-12-23 09:00:00,17,15,2
2020-12-23 10:00:00,20,13,7
2020-12-23 11:00:00,25,20,5
2020-12-23 12:00:00,35,16,19
2020-12-23 13:00:00,43,18,25
2020-12-23 14:00:00,47,26,21
2020-12-23 15:00:00,55,18,37
2020-12-23 16:00:00,39,9,30
2020-12-23 17:00:00,27,8,19
2020-12-23 18:00:00,21,6,15
2020-12-23 19:00:00,11,2,9
2020-12-23 20:00:00,8,2,6
2020-12-23 21:00:00,6,1,5
2020-12-23 22:00:00,4,1,3
2020-12-23 23:00:00,4,2,2
2020-12-24 00:00:00,2,1,1
2020-12-24 01:00:00,0,0,0
2020-12-24 02:00:00,3,1,2
2020-12-24 03:00:00,2,1,1
2020-12-24 04:00:00,0,0,0
2020-12-24 05:00:00,11,8,3
2020-12-24 06:00:00,10,9,1
2020-12-24 07:00:00,12,12,0
2020-12-24 08:00:00,15,11,4
2020-12-24 09:00:00,16,12,4
2020-12-24 10:00:00,14,10,4
2020-12-24 11:00:00,40,20,20
2020-12-24 12:00:00,56,31,25
2020-12-24 13:00:00,67,26,41
2020-12-24 14:00:00,49,22,27
2020-12-24 15:00:00,48,18,30
2020-12-24 16:00:00,22,10,12
2020-12-24 17:00:00,18,7,11
2020-12-24 18:00:00,6,3,3
2020-12-24 19:00:00,8,0,8
2020-12-24 20:00:00,3,2,1
2020-12-24 21:00:00,3,1,2
2020-12-24 22:00:00,1,0,1
2020-12-24 23:00:00,2,0,2
2020-12-25 00:00:00,0,0,0
2020-12-25 01:00:00,1,1,0
2020-12-25 02:00:00,2,1,1
2020-12-25 03:00:00,2,2,0
2020-12-25 04:00:00,0,0,0
2020-12-25 05:00:00,2,1,1
2020-12-25 06:00:00,2,1,1
2020-12-25 07:00:00,4,2,2
2020-12-25 08:00:00,1,0,1
2020-12-25 09:00:00,8,2,6
2020-12-25 10:00:00,8,5,3
2020-12-25 11:00:00,12,7,5
2020-12-25 12:00:00,14,8,6
2020-12-25 13:00:00,16,9,7
2020-12-25 14:00:00,11,8,3
2020-12-25 15:00:00,10,2,8
2020-12-25 16:00:00,2,2,0
2020-12-25 17:00:00,5,2,3
2020-12-25 18:00:00,1,1,0
2020-12-25 19:00:00,1,0,1
2020-12-25 20:00:00,0,0,0
2020-12-25 21:00:00,3,0,3
2020-12-25 22:00:00,2,0,2
2020-12-25 23:00:00,1,0,1
2020-12-26 00:00:00,0,0,0
2020-12-26 01:00:00,1,0,1
2020-12-26 02:00:00,1,0,1
2020-12-26 03:00:00,0,0,0
2020-12-26 04:00:00,2,2,0
2020-12-26 05:00:00,3,2,1
2020-12-26 06:00:00,2,1,1
2020-12-26 07:00:00,2,1,1
2020-12-26 08:00:00,8,3,5
2020-12-26 09:00:00,12,8,4
2020-12-26 10:00:00,14,9,5
2020-12-26 11:00:00,14,9,5
2020-12-26 12:00:00,19,10,9
2020-12-26 13:00:00,26,14,12
2020-12-26 14:00:00,39,17,22
2020-12-26 15:00:00,35,10,25
2020-12-26 16:00:00,22,10,12
2020-12-26 17:00:00,14,6,8
2020-12-26 18:00:00,8,4,4
2020-12-26 19:00:00,1,0,1
2020-12-26 20:00:00,5,0,5
2020-12-26 21:00:00,4,2,2
2020-12-26 22:00:00,2,1,1
2020-12-26 23:00:00,0,0,0
2020-12-27 00:00:00,1,1,0
2020-12-27 01:00:00,1,1,0
2020-12-27 02:00:00,1,0,1
2020-12-27 03:00:00,2,2,0
2020-12-27 04:00:00,2,1,1
2020-12-27 05:00:00,3,2,1
2020-12-27 06:00:00,4,4,0
2020-12-27 07:00:00,6,4,2
2020-12-27 08:00:00,4,2,2
2020-12-27 09:00:00,15,10,5
2020-12-27 10:00:00,8,5,3
2020-12-27 11:00:00,19,14,5
2020-12-27 12:00:00,24,14,10
2020-12-27 13:00:00,32,18,14
2020-12-27 14:00:00,64,31,33
2020-12-27 15:00:00,38,15,23
2020-12-27 16:00:00,22,10,12
2020-12-27 17:00:00,10,5,5
2020-12-27 18:00:00,11,6,5
2020-12-27 19:00:00,3,0,3
2020-12-27 20:00:00,8,2,6
2020-12-27 21:00:00,5,4,1
2020-12-27 22:00:00,3,1,2
2020-12-27 23:00:00,4,2,2
2020-12-28 00:00:00,0,0,0
2020-12-28 01:00:00,3,2,1
2020-12-28 02:00:00,1,1,0
2020-12-28 03:00:00,1,0,1
2020-12-28 04:00:00,4,3,1
2020-12-28 05:00:00,15,14,1
2020-12-28 06:00:00,15,14,1
2020-12-28 07:00:00,22,17,5
2020-12-28 08:00:00,24,18,6
2020-12-28 09:00:00,20,15,5
2020-12-28 10:00:00,31,22,9
2020-12-28 11:00:00,38,21,17
2020-12-28 12:00:00,55,32,23
2020-12-28 13:00:00,78,34,44
2020-12-28 14:00:00,100,55,45
2020-12-28 15:00:00,98,30,68
2020-12-28 16:00:00,49,24,25
2020-12-28 17:00:00,39,8,31
2020-12-28 18:00:00,16,7,9
2020-12-28 19:00:00,12,1,11
2020-12-28 20:00:00,6,3,3
2020-12-28 21:00:00,7,2,5
2020-12-28 22:00:00,0,0,0
2020-12-28 23:00:00,4,3,1
2020-12-29 00:00:00,3,0,3
2020-12-29 01:00:00,1,1,0
2020-12-29 02:00:00,2,1,1
2020-12-29 03:00:00,1,0,1
2020-12-29 04:00:00,3,2,1
2020-12-29 05:00:00,18,15,3
2020-12-29 06:00:00,23,17,6
2020-12-29 07:00:00,24,20,4
2020-12-29 08:00:00,31,27,4
2020-12-29 09:00:00,21,14,7
2020-12-29 10:00:00,21,13,8
2020-12-29 11:00:00,36,20,16
2020-12-29 12:00:00,19,11,8
2020-12-29 13:00:00,33,21,12
2020-12-29 14:00:00,37,10,27
2020-12-29 15:00:00,51,14,37
2020-12-29 16:00:00,49,10,39
2020-12-29 17:00:00,28,8,20
2020-12-29 18:00:00,16,6,10
2020-12-29 19:00:00,7,2,5
2020-12-29 20:00:00,3,0,3
2020-12-29 21:00:00,4,1,3
2020-12-29 22:00:00,1,1,0
2020-12-29 23:00:00,2,0,2
2020-12-30 00:00:00,2,1,1
2020-12-30 01:00:00,2,2,0
2020-12-30 02:00:00,0,0,0
2020-12-30 03:00:00,0,0,0
2020-12-30 04:00:00,2,2,0
2020-12-30 05:00:00,13,10,3
2020-12-30 06:00:00,21,16,5
2020-12-30 07:00:00,8,7,1
2020-12-30 08:00:00,19,15,4
2020-12-30 09:00:00,9,7,2
2020-12-30 10:00:00,10,6,4
2020-12-30 11:00:00,7,7,0
2020-12-30 12:00:00,16,10,6
2020-12-30 13:00:00,9,5,4
2020-12-30 14:00:00,15,7,8
2020-12-30 15:00:00,23,6,17
2020-12-30 16:00:00,19,5,14
2020-12-30 17:00:00,22,5,17
2020-12-30 18:00:00,19,4,15
2020-12-30 19:00:00,7,3,4
2020-12-30 20:00:00,2,0,2
2020-12-30 21:00:00,2,0,2
2020-12-30 22:00:00,1,1,0
2020-12-30 23:00:00,6,3,3
2020-12-31 00:00:00,3,2,1
2020-12-31 01:00:00,1,0,1
2020-12-31 02:00:00,1,1,0
2020-12-31 03:00:00,1,1,0
2020-12-31 04:00:00,1,1,0
2020-12-31 05:00:00,10,8,2
2020-12-31 06:00:00,16,14,2
2020-12-31 07:00:00,21,16,5
2020-12-31 08:00:00,16,13,3
2020-12-31 09:00:00,21,17,4
2020-12-31 10:00:00,20,17,3
2020-12-31 11:00:00,33,20,13
2020-12-31 12:00:00,36,20,16
2020-12-31 13:00:00,55,15,40
2020-12-31 14:00:00,45,14,31
2020-12-31 15:00:00,58,25,33
2020-12-31 16:00:00,34,9,25
2020-12-31 17:00:00,21,6,15
2020-12-31 18:00:00,14,2,12
2020-12-31 19:00:00,8,3,5
2020-12-31 20:00:00,1,0,1
2020-12-31 21:00:00,9,5,4
2020-12-31 22:00:00,2,0,2
2020-12-31 23:00:00,1,1,0
2021-01-01 00:00:00,5,1,4
2021-01-01 01:00:00,4,1,3
2021-01-01 02:00:00,3,3,0
2021-01-01 03:00:00,3,3,0
2021-01-01 04:00:00,1,0,1
2021-01-01 05:00:00,1,1,0
2021-01-01 06:00:00,3,1,2
2021-01-01 07:00:00,0,0,0
2021-01-01 08:00:00,3,3,0
2021-01-01 09:00:00,12,9,3
2021-01-01 10:00:00,11,6,5
2021-01-01 11:00:00,27,15,12
2021-01-01 12:00:00,21,5,16
2021-01-01 13:00:00,26,11,15
2021-01-01 14:00:00,20,14,6
2021-01-01 15:00:00,5,2,3
2021-01-01 16:00:00,5,2,3
2021-01-01 17:00:00,10,2,8
2021-01-01 18:00:00,3,1,2
2021-01-01 19:00:00,1,0,1
2021-01-01 20:00:00,2,1,1
2021-01-01 21:00:00,4,2,2
2021-01-01 22:00:00,1,1,0
2021-01-01 23:00:00,2,1,1
2021-01-02 00:00:00,1,0,1
2021-01-02 01:00:00,0,0,0
2021-01-02 02:00:00,0,0,0
2021-01-02 03:00:00,1,0,1
2021-01-02 04:00:00,1,1,0
2021-01-02 05:00:00,4,4,0
2021-01-02 06:00:00,6,4,2
2021-01-02 07:00:00,3,2,1
2021-01-02 08:00:00,2,1,1
2021-01-02 09:00:00,7,6,1
2021-01-02 10:00:00,5,4,1
2021-01-02 11:00:00,4,2,2
2021-01-02 12:00:00,5,2,3
2021-01-02 13:00:00,4,2,2
2021-01-02 14:00:00,4,1,3
2021-01-02 15:00:00,3,1,2
2021-01-02 16:00:00,5,0,5
2021-01-02 17:00:00,5,2,3
2021-01-02 18:00:00,3,1,2
2021-01-02 19:00:00,3,1,2
2021-01-02 20:00:00,3,2,1
2021-01-02 21:00:00,1,0,1
2021-01-02 22:00:00,1,0,1
2021-01-02 23:00:00,0,0,0
2021-01-03 00:00:00,1,0,1
2021-01-03 01:00:00,0,0,0
2021-01-03 02:00:00,0,0,0
2021-01-03 03:00:00,1,0,1
2021-01-03 04:00:00,4,2,2
2021-01-03 05:00:00,3,2,1
2021-01-03 06:00:00,6,5,1
2021-01-03 07:00:00,8,7,1
2021-01-03 08:00:00,5,3,2
2021-01-03 09:00:00,6,5,1
2021-01-03 10:00:00,8,3,5
2021-01-03 11:00:00,15,10,5
2021-01-03 12:00:00,18,9,9
2021-01-03 13:00:00,23,10,13
2021-01-03 14:00:00,36,19,17
2021-01-03 15:00:00,33,15,18
2021-01-03 16:00:00,22,7,15
2021-01-03 17:00:00,11,3,8
2021-01-03 18:00:00,4,0,4
2021-01-03 19:00:00,6,2,4
2021-01-03 20:00:00,3,1,2
2021-01-03 21:00:00,3,1,2
2021-01-03 22:00:00,3,1,2
2021-01-03 23:00:00,2,0,2
2021-01-04 00:00:00,0,0,0
2021-01-04 01:00:00,1,0,1
2021-01-04 02:00:00,1,0,1
2021-01-04 03:00:00,2,2,0
2021-01-04 04:00:00,4,3,1
2021-01-04 05:00:00,20,18,2
2021-01-04 06:00:00,27,25,2
2021-01-04 07:00:00,28,22,6
2021-01-04 08:00:00,32,29,3
2021-01-04 09:00:00,13,11,2
2021-01-04 10:00:00,11,7,4
2021-01-04 11:00:00,8,7,1
2021-01-04 12:00:00,5,2,3
2021-01-04 13:00:00,4,1,3
2021-01-04 14:00:00,18,8,10
2021-01-04 15:00:00,21,5,16
2021-01-04 16:00:00,35,5,30
2021-01-04 17:00:00,39,6,33
2021-01-04 18:00:00,20,3,17
2021-01-04 19:00:00,9,2,7
2021-01-04 20:00:00,8,1,7
2021-01-04 21:00:00,3,0,3
2021-01-04 22:00:00,6,2,4
2021-01-04 23:00:00,10,2,8
2021-01-05 00:00:00,8,5,3
2021-01-05 01:00:00,1,1,0
2021-01-05 02:00:00,1,1,0
2021-01-05 03:00:00,0,0,0
2021-01-05 04:00:00,3,2,1
2021-01-05 05:00:00,24,21,3
2021-01-05 06:00:00,38,32,6
2021-01-05 07:00:00,40,37,3
2021-01-05 08:00:00,41,34,7
2021-01-05 09:00:00,33,25,8
2021-01-05 10:00:00,14,8,6
2021-01-05 11:00:00,13,10,3
2021-01-05 12:00:00,17,7,10
2021-01-05 13:00:00,13,6,7
2021-01-05 14:00:00,14,3,11
2021-01-05 15:00:00,26,9,17
2021-01-05 16:00:00,36,5,31
2021-01-05 17:00:00,37,6,31
2021-01-05 18:00:00,19,0,19
2021-01-05 19:00:00,7,1,6
2021-01-05 20:00:00,5,1,4
2021-01-05 21:00:00,7,1,6
2021-01-05 22:00:00,3,0,3
2021-01-05 23:00:00,5,2,3
2021-01-06 00:00:00,2,0,2
2021-01-06 01:00:00,0,0,0
2021-01-06 02:00:00,0,0,0
2021-01-06 03:00:00,0,0,0
2021-01-06 04:00:00,2,2,0
2021-01-06 05:00:00,14,11,3
2021-01-06 06:00:00,45,40,5
2021-01-06 07:00:00,40,31,9
2021-01-06 08:00:00,35,33,2
2021-01-06 09:00:00,22,18,4
2021-01-06 10:00:00,15,8,7
2021-01-06 11:00:00,26,14,12
2021-01-06 12:00:00,26,19,7
2021-01-06 13:00:00,27,14,13
2021-01-06 14:00:00,32,14,18
2021-01-06 15:00:00,52,18,34
2021-01-06 16:00:00,56,14,42
2021-01-06 17:00:00,68,14,54
2021-01-06 18:00:00,34,9,25
2021-01-06 19:00:00,17,6,11
2021-01-06 20:00:00,14,5,9
2021-01-06 21:00:00,6,2,4
2021-01-06 22:00:00,4,1,3
2021-01-06 23:00:00,3,0,3
2021-01-07 00:00:00,4,1,3
2021-01-07 01:00:00,0,0,0
2021-01-07 02:00:00,3,3,0
2021-01-07 03:00:00,1,1,0
2021-01-07 04:00:00,2,2,0
2021-01-07 05:00:00,16,11,5
2021-01-07 06:00:00,43,38,5
2021-01-07 07:00:00,54,42,12
2021-01-07 08:00:00,53,46,7
2021-01-07 09:00:00,32,23,9
2021-01-07 10:00:00,21,17,4
2021-01-07 11:00:00,32,22,10
2021-01-07 12:00:00,36,23,13
2021-01-07 13:00:00,34,14,20
2021-01-07 14:00:00,42,17,25
2021-01-07 15:00:00,65,16,49
2021-01-07 16:00:00,63,17,46
2021-01-07 17:00:00,64,18,46
2021-01-07 18:00:00,29,3,26
2021-01-07 19:00:00,17,6,11
2021-01-07 20:00:00,7,4,3
2021-01-07 21:00:00,7,1,6
2021-01-07 22:00:00,7,4,3
2021-01-07 23:00:00,3,0,3
2021-01-08 00:00:00,4,1,3
2021-01-08 01:00:00,0,0,0
2021-01-08 02:00:00,1,1,0
2021-01-08 03:00:00,3,1,2
2021-01-08 04:00:00,2,2,0
2021-01-08 05:00:00,20,15,5
2021-01-08 06:00:00,26,22,4
2021-01-08 07:00:00,27,20,7
2021-01-08 08:00:00,26,23,3
2021-01-08 09:00:00,20,14,6
2021-01-08 10:00:00,15,12,3
2021-01-08 11:00:00,13,6,7
2021-01-08 12:00:00,18,13,5
2021-01-08 13:00:00,10,6,4
2021-01-08 14:00:00,16,8,8
2021-01-08 15:00:00,26,5,21
2021-01-08 16:00:00,30,5,25
2021-01-08 17:00:00,30,4,26
2021-01-08 18:00:00,23,4,19
2021-01-08 19:00:00,9,2,7
2021-01-08 20:00:00,5,1,4
2021-01-08 21:00:00,2,1,1
2021-01-08 22:00:00,2,0,2
2021-01-08 23:00:00,0,0,0
2021-01-09 00:00:00,4,1,3
2021-01-09 01:00:00,1,0,1
2021-01-09 02:00:00,3,2,1
2021-01-09 03:00:00,2,2,0
2021-01-09 04:00:00,1,1,0
2021-01-09 05:00:00,5,2,3
2021-01-09 06:00:00,3,2,1
2021-01-09 07:00:00,8,5,3
2021-01-09 08:00:00,16,9,7
2021-01-09 09:00:00,33,17,16
2021-01-09 10:00:00,32,20,12
2021-01-09 11:00:00,45,19,26
2021-01-09 12:00:00,46,22,24
2021-01-09 13:00:00,82,38,44
2021-01-09 14:00:00,67,31,36
2021-01-09 15:00:00,56,28,28
2021-01-09 16:00:00,31,19,12
2021-01-09 17:00:00,23,12,11
2021-01-09 18:00:00,13,5,8
2021-01-09 19:00:00,10,4,6
2021-01-09 20:00:00,3,1,2
2021-01-09 21:00:00,4,1,3
2021-01-09 22:00:00,7,4,3
2021-01-09 23:00:00,3,2,1
2021-01-10 00:00:00,2,2,0
2021-01-10 01:00:00,0,0,0
2021-01-10 02:00:00,0,0,0
2021-01-10 03:00:00,2,1,1
2021-01-10 04:00:00,1,1,0
2021-01-10 05:00:00,1,0,1
2021-01-10 06:00:00,4,2,2
2021-01-10 07:00:00,6,3,3
2021-01-10 08:00:00,11,5,6
2021-01-10 09:00:00,22,10,12
2021-01-10 10:00:00,28,17,11
2021-01-10 11:00:00,47,19,28
2021-01-10 12:00:00,52,23,29
2021-01-10 13:00:00,71,41,30
2021-01-10 14:00:00,65,31,34
2021-01-10 15:00:00,46,23,23
2021-01-10 16:00:00,33,12,21
2021-01-10 17:00:00,12,8,4
2021-01-10 18:00:00,10,0,10
2021-01-10 19:00:00,5,3,2
2021-01-10 20:00:00,6,2,4
2021-01-10 21:00:00,4,2,2
2021-01-10 22:00:00,2,1,1
2021-01-10 23:00:00,2,1,1
2021-01-11 00:00:00,0,0,0
2021-01-11 01:00:00,2,1,1
2021-01-11 02:00:00,2,1,1
2021-01-11 03:00:00,3,1,2
2021-01-11 04:00:00,4,3,1
2021-01-11 05:00:00,22,17,5
2021-01-11 06:00:00,37,35,2
2021-01-11 07:00:00,24,22,2
2021-01-11 08:00:00,34,30,4
2021-01-11 09:00:00,15,11,4
2021-01-11 10:00:00,9,7,2
2021-01-11 11:00:00,10,5,5
2021-01-11 12:00:00,5,3,2
2021-01-11 13:00:00,9,5,4
2021-01-11 14:00:00,10,2,8
2021-01-11 15:00:00,20,5,15
2021-01-11 16:00:00,42,2,40
2021-01-11 17:00:00,37,11,26
2021-01-11 18:00:00,18,2,16
2021-01-11 19:00:00,7,0,7
2021-01-11 20:00:00,8,2,6
2021-01-11 21:00:00,3,1,2
2021-01-11 22:00:00,3,1,2
2021-01-11 23:00:00,2,0,2
2021-01-12 00:00:00,5,1,4
2021-01-12 01:00:00,0,0,0
2021-01-12 02:00:00,2,2,0
2021-01-12 03:00:00,0,0,0
2021-01-12 04:00:00,3,2,1
2021-01-12 05:00:00,17,14,3
2021-01-12 06:00:00,31,30,1
2021-01-12 07:00:00,21,21,0
2021-01-12 08:00:00,23,22,1
2021-01-12 09:00:00,9,7,2
2021-01-12 10:00:00,16,9,7
2021-01-12 11:00:00,9,4,5
2021-01-12 12:00:00,13,10,3
2021-01-12 13:00:00,11,4,7
2021-01-12 14:00:00,17,8,9
2021-01-12 15:00:00,26,6,20
2021-01-12 16:00:00,33,7,26
2021-01-12 17:00:00,29,6,23
2021-01-12 18:00:00,21,2,19
2021-01-12 19:00:00,5,0,5
2021-01-12 20:00:00,6,1,5
2021-01-12 21:00:00,4,2,2
2021-01-12 22:00:00,4,2,2
2021-01-12 23:00:00,2,0,2
2021-01-13 00:00:00,2,0,2
2021-01-13 01:00:00,0,0,0
2021-01-13 02:00:00,2,1,1
2021-01-13 03:00:00,0,0,0
2021-01-13 04:00:00,3,3,0
2021-01-13 05:00:00,15,11,4
2021-01-13 06:00:00,40,37,3
2021-01-13 07:00:00,18,13,5
2021-01-13 08:00:00,42,39,3
2021-01-13 09:00:00,35,25,10
2021-01-13 10:00:00,27,19,8
2021-01-13 11:00:00,42,24,18
2021-01-13 12:00:00,46,23,23
2021-01-13 13:00:00,57,34,23
2021-01-13 14:00:00,64,29,35
2021-01-13 15:00:00,70,30,40
2021-01-13 16:00:00,72,18,54
2021-01-13 17:00:00,55,10,45
2021-01-13 18:00:00,41,7,34
2021-01-13 19:00:00,20,8,12
2021-01-13 20:00:00,6,2,4
2021-01-13 21:00:00,8,1,7
2021-01-13 22:00:00,6,2,4
2021-01-13 23:00:00,8,4,4
2021-01-14 00:00:00,4,2,2
2021-01-14 01:00:00,4,3,1
2021-01-14 02:00:00,4,4,0
2021-01-14 03:00:00,0,0,0
2021-01-14 04:00:00,8,4,4
2021-01-14 05:00:00,27,20,7
2021-01-14 06:00:00,39,35,4
2021-01-14 07:00:00,49,38,11
2021-01-14 08:00:00,42,34,8
2021-01-14 09:00:00,34,31,3
2021-01-14 10:00:00,27,19,8
2021-01-14 11:00:00,31,21,10
2021-01-14 12:00:00,35,14,21
2021-01-14 13:00:00,44,21,23
2021-01-14 14:00:00,75,31,44
2021-01-14 15:00:00,63,21,42
2021-01-14 16:00:00,77,18,59
2021-01-14 17:00:00,70,13,57
2021-01-14 18:00:00,37,5,32
2021-01-14 19:00:00,13,4,9
2021-01-14 20:00:00,9,2,7
2021-01-14 21:00:00,8,3,5
2021-01-14 22:00:00,1,0,1
2021-01-14 23:00:00,2,0,2
2021-01-15 00:00:00,1,0,1
2021-01-15 01:00:00,0,0,0
2021-01-15 02:00:00,6,4,2
2021-01-15 03:00:00,1,0,1
2021-01-15 04:00:00,4,4,0
2021-01-15 05:00:00,19,15,4
2021-01-15 06:00:00,29,26,3
2021-01-15 07:00:00,38,32,6
2021-01-15 08:00:00,39,33,6
2021-01-15 09:00:00,25,22,3
2021-01-15 10:00:00,22,10,12
2021-01-15 11:00:00,23,14,9
2021-01-15 12:00:00,27,16,11
2021-01-15 13:00:00,45,20,25
2021-01-15 14:00:00,53,25,28
2021-01-15 15:00:00,46,16,30
2021-01-15 16:00:00,67,20,47
2021-01-15 17:00:00,54,14,40
2021-01-15 18:00:00,30,7,23
2021-01-15 19:00:00,15,2,13
2021-01-15 20:00:00,6,1,5
2021-01-15 21:00:00,7,0,7
2021-01-15 22:00:00,4,0,4
2021-01-15 23:00:00,3,1,2
2021-01-16 00:00:00,3,1,2
2021-01-16 01:00:00,1,1,0
2021-01-16 02:00:00,3,3,0
2021-01-16 03:00:00,1,1,0
2021-01-16 04:00:00,4,2,2
2021-01-16 05:00:00,6,6,0
2021-01-16 06:00:00,7,4,3
2021-01-16 07:00:00,11,8,3
2021-01-16 08:00:00,19,11,8
2021-01-16 09:00:00,35,18,17
2021-01-16 10:00:00,56,28,28
2021-01-16 11:00:00,58,40,18
2021-01-16 12:00:00,75,38,37
2021-01-16 13:00:00,60,30,30
2021-01-16 14:00:00,78,33,45
2021-01-16 15:00:00,57,27,30
2021-01-16 16:00:00,44,22,22
2021-01-16 17:00:00,24,7,17
2021-01-16 18:00:00,19,8,11
2021-01-16 19:00:00,7,2,5
2021-01-16 20:00:00,5,1,4
2021-01-16 21:00:00,4,2,2
2021-01-16 22:00:00,3,1,2
2021-01-16 23:00:00,4,0,4
2021-01-17 00:00:00,3,1,2
2021-01-17 01:00:00,1,0,1
2021-01-17 02:00:00,1,1,0
2021-01-17 03:00:00,1,1,0
2021-01-17 04:00:00,2,0,2
2021-01-17 05:00:00,5,4,1
2021-01-17 06:00:00,7,4,3
2021-01-17 07:00:00,7,5,2
2021-01-17 08:00:00,10,7,3
2021-01-17 09:00:00,28,15,13
2021-01-17 10:00:00,49,30,19
2021-01-17 11:00:00,51,25,26
2021-01-17 12:00:00,51,16,35
2021-01-17 13:00:00,83,38,45
2021-01-17 14:00:00,59,34,25
2021-01-17 15:00:00,42,21,21
2021-01-17 16:00:00,32,12,20
2021-01-17 17:00:00,19,7,12
2021-01-17 18:00:00,6,4,2
2021-01-17 19:00:00,5,2,3
2021-01-17 20:00:00,6,1,5
2021-01-17 21:00:00,4,3,1
2021-01-17 22:00:00,3,0,3
2021-01-17 23:00:00,1,0,1
2021-01-18 00:00:00,1,1,0
2021-01-18 01:00:00,3,2,1
2021-01-18 02:00:00,2,2,0
2021-01-18 03:00:00,1,0,1
2021-01-18 04:00:00,2,2,0
2021-01-18 05:00:00,7,4,3
2021-01-18 06:00:00,24,21,3
2021-01-18 07:00:00,16,15,1
2021-01-18 08:00:00,30,27,3
2021-01-18 09:00:00,26,17,9
2021-01-18 10:00:00,37,18,19
2021-01-18 11:00:00,53,41,12
2021-01-18 12:00:00,70,33,37
2021-01-18 13:00:00,85,36,49
2021-01-18 14:00:00,85,34,51
2021-01-18 15:00:00,77,40,37
2021-01-18 16:00:00,71,30,41
2021-01-18 17:00:00,34,6,28
2021-01-18 18:00:00,19,3,16
2021-01-18 19:00:00,15,4,11
2021-01-18 20:00:00,4,1,3
2021-01-18 21:00:00,5,1,4
2021-01-18 22:00:00,2,0,2
2021-01-18 23:00:00,4,1,3
2021-01-19 00:00:00,3,1,2
2021-01-19 01:00:00,1,0,1
2021-01-19 02:00:00,2,2,0
2021-01-19 03:00:00,1,1,0
2021-01-19 04:00:00,1,1,0
2021-01-19 05:00:00,27,22,5
2021-01-19 06:00:00,40,36,4
2021-01-19 07:00:00,48,42,6
2021-01-19 08:00:00,37,31,6
2021-01-19 09:00:00,23,14,9
2021-01-19 10:00:00,29,18,11
2021-01-19 11:00:00,18,16,2
2021-01-19 12:00:00,12,5,7
2021-01-19 13:00:00,30,15,15
2021-01-19 14:00:00,37,15,22
2021-01-19 15:00:00,54,14,40
2021-01-19 16:00:00,52,6,46
2021-01-19 17:00:00,56,14,42
2021-01-19 18:00:00,33,4,29
2021-01-19 19:00:00,10,5,5
2021-01-19 20:00:00,9,3,6
2021-01-19 21:00:00,6,2,4
2021-01-19 22:00:00,4,1,3
2021-01-19 23:00:00,5,2,3
2021-01-20 00:00:00,5,2,3
2021-01-20 01:00:00,6,5,1
2021-01-20 02:00:00,3,2,1
2021-01-20 03:00:00,0,0,0
2021-01-20 04:00:00,2,1,1
2021-01-20 05:00:00,22,16,6
2021-01-20 06:00:00,43,40,3
2021-01-20 07:00:00,35,31,4
2021-01-20 08:00:00,35,30,5
2021-01-20 09:00:00,40,29,11
2021-01-20 10:00:00,23,17,6
2021-01-20 11:00:00,17,8,9
2021-01-20 12:00:00,23,11,12
2021-01-20 13:00:00,21,13,8
2021-01-20 14:00:00,36,18,18
2021-01-20 15:00:00,46,14,32
2021-01-20 16:00:00,60,14,46
2021-01-20 17:00:00,68,14,54
2021-01-20 18:00:00,32,7,25
2021-01-20 19:00:00,20,1,19
2021-01-20 20:00:00,6,3,3
2021-01-20 21:00:00,2,0,2
2021-01-20 22:00:00,4,1,3
2021-01-20 23:00:00,5,1,4
2021-01-21 00:00:00,1,0,1
2021-01-21 01:00:00,1,0,1
2021-01-21 02:00:00,2,2,0
2021-01-21 03:00:00,3,1,2
2021-01-21 04:00:00,4,4,0
2021-01-21 05:00:00,18,11,7
2021-01-21 06:00:00,32,26,6
2021-01-21 07:00:00,36,31,5
2021-01-21 08:00:00,38,35,3
2021-01-21 09:00:00,24,19,5
2021-01-21 10:00:00,18,11,7
2021-01-21 11:00:00,17,10,7
2021-01-21 12:00:00,19,13,6
2021-01-21 13:00:00,15,5,10
2021-01-21 14:00:00,32,11,21
2021-01-21 15:00:00,38,13,25
2021-01-21 16:00:00,45,9,36
2021-01-21 17:00:00,45,10,35
2021-01-21 18:00:00,29,7,22
2021-01-21 19:00:00,16,4,12
2021-01-21 20:00:00,8,1,7
2021-01-21 21:00:00,6,1,5
2021-01-21 22:00:00,2,0,2
2021-01-21 23:00:00,3,1,2
2021-01-22 00:00:00,2,0,2
2021-01-22 01:00:00,4,0,4
2021-01-22 02:00:00,2,2,0
2021-01-22 03:00:00,1,1,0
2021-01-22 04:00:00,5,4,1
2021-01-22 05:00:00,18,13,5
2021-01-22 06:00:00,36,30,6
2021-01-22 07:00:00,39,34,5
2021-01-22 08:00:00,47,37,10
2021-01-22 09:00:00,30,23,7
2021-01-22 10:00:00,41,26,15
2021-01-22 11:00:00,36,25,11
2021-01-22 12:00:00,37,21,16
2021-01-22 13:00:00,40,19,21
2021-01-22 14:00:00,58,24,34
2021-01-22 15:00:00,66,17,49
2021-01-22 16:00:00,86,20,66
2021-01-22 17:00:00,44,12,32
2021-01-22 18:00:00,32,11,21
2021-01-22 19:00:00,15,6,9
2021-01-22 20:00:00,7,0,7
2021-01-22 21:00:00,3,0,3
2021-01-22 22:00:00,6,3,3
2021-01-22 23:00:00,6,2,4
2021-01-23 00:00:00,4,2,2
2021-01-23 01:00:00,1,1,0
2021-01-23 02:00:00,2,1,1
2021-01-23 03:00:00,1,0,1
2021-01-23 04:00:00,1,1,0
2021-01-23 05:00:00,6,6,0
2021-01-23 06:00:00,6,4,2
2021-01-23 07:00:00,4,2,2
2021-01-23 08:00:00,12,6,6
2021-01-23 09:00:00,30,10,20
2021-01-23 10:00:00,57,28,29
2021-01-23 11:00:00,44,19,25
2021-01-23 12:00:00,77,43,34
2021-01-23 13:00:00,107,38,69
2021-01-23 14:00:00,109,61,48
2021-01-23 15:00:00,104,58,46
2021-01-23 16:00:00,71,32,39
2021-01-23 17:00:00,49,26,23
2021-01-23 18:00:00,18,8,10
2021-01-23 19:00:00,7,3,4
2021-01-23 20:00:00,7,3,4
2021-01-23 21:00:00,3,0,3
2021-01-23 22:00:00,3,0,3
2021-01-23 23:00:00,1,0,1
2021-01-24 00:00:00,0,0,0
2021-01-24 01:00:00,1,0,1
2021-01-24 02:00:00,1,1,0
2021-01-24 03:00:00,0,0,0
2021-01-24 04:00:00,2,2,0
2021-01-24 05:00:00,3,2,1
2021-01-24 06:00:00,4,2,2
2021-01-24 07:00:00,5,5,0
2021-01-24 08:00:00,6,1,5
2021-01-24 09:00:00,4,2,2
2021-01-24 10:00:00,3,2,1
2021-01-24 11:00:00,8,2,6
2021-01-24 12:00:00,4,2,2
2021-01-24 13:00:00,9,4,5
2021-01-24 14:00:00,9,5,4
2021-01-24 15:00:00,13,6,7
2021-01-24 16:00:00,12,8,4
2021-01-24 17:00:00,5,0,5
2021-01-24 18:00:00,7,4,3
2021-01-24 19:00:00,1,0,1
2021-01-24 20:00:00,1,0,1
2021-01-24 21:00:00,4,0,4
2021-01-24 22:00:00,2,1,1
2021-01-24 23:00:00,1,0,1
2021-01-25 00:00:00,1,0,1
2021-01-25 01:00:00,1,1,0
2021-01-25 02:00:00,3,3,0
2021-01-25 03:00:00,0,0,0
2021-01-25 04:00:00,5,3,2
2021-01-25 05:00:00,15,11,4
2021-01-25 06:00:00,37,35,2
2021-01-25 07:00:00,44,38,6
2021-01-25 08:00:00,36,33,3
2021-01-25 09:00:00,30,24,6
2021-01-25 10:00:00,22,16,6
2021-01-25 11:00:00,20,11,9
2021-01-25 12:00:00,24,15,9
2021-01-25 13:00:00,25,8,17
2021-01-25 14:00:00,39,16,23
2021-01-25 15:00:00,43,13,30
2021-01-25 16:00:00,43,7,36
2021-01-25 17:00:00,68,8,60
2021-01-25 18:00:00,28,5,23
2021-01-25 19:00:00,7,1,6
2021-01-25 20:00:00,9,2,7
2021-01-25 21:00:00,6,1,5
2021-01-25 22:00:00,3,1,2
2021-01-25 23:00:00,5,1,4
2021-01-26 00:00:00,2,1,1
2021-01-26 01:00:00,0,0,0
2021-01-26 02:00:00,0,0,0
2021-01-26 03:00:00,2,2,0
2021-01-26 04:00:00,2,1,1
2021-01-26 05:00:00,25,18,7
2021-01-26 06:00:00,34,31,3
2021-01-26 07:00:00,40,36,4
2021-01-26 08:00:00,55,45,10
2021-01-26 09:00:00,22,14,8
2021-01-26 10:00:00,28,19,9
2021-01-26 11:00:00,22,11,11
2021-01-26 12:00:00,22,12,10
2021-01-26 13:00:00,19,7,12
2021-01-26 14:00:00,46,14,32
2021-01-26 15:00:00,40,13,27
2021-01-26 16:00:00,59,14,45
2021-01-26 17:00:00,50,9,41
2021-01-26 18:00:00,29,7,22
2021-01-26 19:00:00,21,6,15
2021-01-26 20:00:00,6,2,4
2021-01-26 21:00:00,7,1,6
2021-01-26 22:00:00,2,1,1
2021-01-26 23:00:00,1,0,1
2021-01-27 00:00:00,2,1,1
2021-01-27 01:00:00,1,1,0
2021-01-27 02:00:00,3,3,0
2021-01-27 03:00:00,3,2,1
2021-01-27 04:00:00,2,1,1
2021-01-27 05:00:00,21,18,3
2021-01-27 06:00:00,29,25,4
2021-01-27 07:00:00,35,31,4
2021-01-27 08:00:00,26,19,7
2021-01-27 09:00:00,22,16,6
2021-01-27 10:00:00,15,12,3
2021-01-27 11:00:00,27,16,11
2021-01-27 12:00:00,14,8,6
2021-01-27 13:00:00,28,19,9
2021-01-27 14:00:00,41,16,25
2021-01-27 15:00:00,44,17,27
2021-01-27 16:00:00,55,20,35
2021-01-27 17:00:00,59,9,50
2021-01-27 18:00:00,44,8,36
2021-01-27 19:00:00,12,5,7
2021-01-27 20:00:00,3,0,3
2021-01-27 21:00:00,4,2,2
2021-01-27 22:00:00,4,3,1
2021-01-27 23:00:00,2,0,2
2021-01-28 00:00:00,1,0,1
2021-01-28 01:00:00,4,2,2
2021-01-28 02:00:00,5,3,2
2021-01-28 03:00:00,1,1,0
2021-01-28 04:00:00,9,6,3
2021-01-28 05:00:00,19,15,4
2021-01-28 06:00:00,37,30,7
2021-01-28 07:00:00,32,32,0
2021-01-28 08:00:00,33,29,4
2021-01-28 09:00:00,18,11,7
2021-01-28 10:00:00,8,6,2
2021-01-28 11:00:00,11,5,6
2021-01-28 12:00:00,12,7,5
2021-01-28 13:00:00,18,9,9
2021-01-28 14:00:00,29,13,16
2021-01-28 15:00:00,40,14,26
2021-01-28 16:00:00,50,14,36
2021-01-28 17:00:00,47,7,40
2021-01-28 18:00:00,31,7,24
2021-01-28 19:00:00,13,5,8
2021-01-28 20:00:00,6,2,4
2021-01-28 21:00:00,5,3,2
2021-01-28 22:00:00,9,0,9
2021-01-28 23:00:00,6,4,2
2021-01-29 00:00:00,4,1,3
2021-01-29 01:00:00,1,0,1
2021-01-29 02:00:00,4,4,0
2021-01-29 03:00:00,1,1,0
2021-01-29 04:00:00,5,4,1
2021-01-29 05:00:00,23,18,5
2021-01-29 06:00:00,28,25,3
2021-01-29 07:00:00,41,35,6
2021-01-29 08:00:00,36,31,5
2021-01-29 09:00:00,31,22,9
2021-01-29 10:00:00,19,12,7
2021-01-29 11:00:00,22,15,7
2021-01-29 12:00:00,25,15,10
2021-01-29 13:00:00,23,13,10
2021-01-29 14:00:00,43,10,33
2021-01-29 15:00:00,60,16,44
2021-01-29 16:00:00,58,21,37
2021-01-29 17:00:00,80,21,59
2021-01-29 18:00:00,29,11,18
2021-01-29 19:00:00,15,5,10
2021-01-29 20:00:00,7,1,6
2021-01-29 21:00:00,1,0,1
2021-01-29 22:00:00,4,0,4
2021-01-29 23:00:00,6,3,3
2021-01-30 00:00:00,5,2,3
2021-01-30 01:00:00,0,0,0
2021-01-30 02:00:00,2,0,2
2021-01-30 03:00:00,1,1,0
2021-01-30 04:00:00,2,1,1
2021-01-30 05:00:00,6,4,2
2021-01-30 06:00:00,3,2,1
2021-01-30 07:00:00,8,4,4
2021-01-30 08:00:00,12,7,5
2021-01-30 09:00:00,18,12,6
2021-01-30 10:00:00,18,12,6
2021-01-30 11:00:00,23,7,16
2021-01-30 12:00:00,39,19,20
2021-01-30 13:00:00,36,23,13
2021-01-30 14:00:00,33,12,21
2021-01-30 15:00:00,28,9,19
2021-01-30 16:00:00,13,6,7
2021-01-30 17:00:00,14,4,10
2021-01-30 18:00:00,8,3,5
2021-01-30 19:00:00,4,2,2
2021-01-30 20:00:00,3,1,2
2021-01-30 21:00:00,1,0,1
2021-01-30 22:00:00,1,1,0
2021-01-30 23:00:00,1,0,1
2021-01-31 00:00:00,0,0,0
2021-01-31 01:00:00,2,0,2
2021-01-31 02:00:00,1,0,1
2021-01-31 03:00:00,0,0,0
2021-01-31 04:00:00,2,1,1
2021-01-31 05:00:00,4,3,1
2021-01-31 06:00:00,6,3,3
2021-01-31 07:00:00,4,1,3
2021-01-31 08:00:00,9,4,5
2021-01-31 09:00:00,10,7,3
2021-01-31 10:00:00,18,12,6
2021-01-31 11:00:00,15,3,12
2021-01-31 12:00:00,18,8,10
2021-01-31 13:00:00,18,10,8
2021-01-31 14:00:00,13,5,8
2021-01-31 15:00:00,7,6,1
2021-01-31 16:00:00,10,2,8
2021-01-31 17:00:00,9,2,7
2021-01-31 18:00:00,1,1,0
2021-01-31 19:00:00,4,0,4
2021-01-31 20:00:00,3,3,0
2021-01-31 21:00:00,3,3,0
2021-01-31 22:00:00,2,1,1
2021-01-31 23:00:00,1,0,1
2021-02-01 00:00:00,1,1,0
2021-02-01 01:00:00,4,2,2
2021-02-01 02:00:00,0,0,0
2021-02-01 03:00:00,0,0,0
2021-02-01 04:00:00,2,1,1
2021-02-01 05:00:00,13,11,2
2021-02-01 06:00:00,30,24,6
2021-02-01 07:00:00,29,25,4
2021-02-01 08:00:00,33,31,2
2021-02-01 09:00:00,20,16,4
2021-02-01 10:00:00,11,9,2
2021-02-01 11:00:00,11,5,6
2021-02-01 12:00:00,8,5,3
2021-02-01 13:00:00,7,4,3
2021-02-01 14:00:00,17,4,13
2021-02-01 15:00:00,25,6,19
2021-02-01 16:00:00,37,9,28
2021-02-01 17:00:00,32,4,28
2021-02-01 18:00:00,28,3,25
2021-02-01 19:00:00,7,1,6
2021-02-01 20:00:00,7,1,6
2021-02-01 21:00:00,3,0,3
2021-02-01 22:00:00,2,0,2
2021-02-01 23:00:00,4,0,4
2021-02-02 00:00:00,3,0,3
2021-02-02 01:00:00,1,1,0
2021-02-02 02:00:00,3,1,2
2021-02-02 03:00:00,3,3,0
2021-02-02 04:00:00,2,2,0
2021-02-02 05:00:00,21,16,5
2021-02-02 06:00:00,34,26,8
2021-02-02 07:00:00,35,30,5
2021-02-02 08:00:00,31,25,6
2021-02-02 09:00:00,20,13,7
2021-02-02 10:00:00,11,7,4
2021-02-02 11:00:00,11,5,6
2021-02-02 12:00:00,15,11,4
2021-02-02 13:00:00,15,8,7
2021-02-02 14:00:00,22,7,15
2021-02-02 15:00:00,23,11,12
2021-02-02 16:00:00,29,9,20
2021-02-02 17:00:00,48,9,39
2021-02-02 18:00:00,28,5,23
2021-02-02 19:00:00,9,2,7
2021-02-02 20:00:00,10,2,8
2021-02-02 21:00:00,6,0,6
2021-02-02 22:00:00,3,0,3
2021-02-02 23:00:00,3,0,3
2021-02-03 00:00:00,4,1,3
2021-02-03 01:00:00,3,2,1
2021-02-03 02:00:00,2,0,2
2021-02-03 03:00:00,1,1,0
2021-02-03 04:00:00,3,3,0
2021-02-03 05:00:00,25,20,5
2021-02-03 06:00:00,37,34,3
2021-02-03 07:00:00,37,32,5
2021-02-03 08:00:00,49,41,8
2021-02-03 09:00:00,25,20,5
2021-02-03 10:00:00,24,16,8
2021-02-03 11:00:00,32,15,17
2021-02-03 12:00:00,34,20,14
2021-02-03 13:00:00,35,17,18
2021-02-03 14:00:00,57,29,28
2021-02-03 15:00:00,69,24,45
2021-02-03 16:00:00,84,31,53
2021-02-03 17:00:00,66,9,57
2021-02-03 18:00:00,24,1,23
2021-02-03 19:00:00,16,4,12
2021-02-03 20:00:00,11,3,8
2021-02-03 21:00:00,3,1,2
2021-02-03 22:00:00,5,2,3
2021-02-03 23:00:00,4,1,3
2021-02-04 00:00:00,3,1,2
2021-02-04 01:00:00,0,0,0
2021-02-04 02:00:00,2,1,1
2021-02-04 03:00:00,3,3,0
2021-02-04 04:00:00,3,2,1
2021-02-04 05:00:00,27,19,8
2021-02-04 06:00:00,45,36,9
2021-02-04 07:00:00,46,38,8
2021-02-04 08:00:00,42,35,7
2021-02-04 09:00:00,26,20,6
2021-02-04 10:00:00,12,7,5
2021-02-04 11:00:00,11,7,4
2021-02-04 12:00:00,12,11,1
2021-02-04 13:00:00,19,5,14
2021-02-04 14:00:00,29,6,23
2021-02-04 15:00:00,31,10,21
2021-02-04 16:00:00,43,6,37
2021-02-04 17:00:00,51,12,39
2021-02-04 18:00:00,27,5,22
2021-02-04 19:00:00,15,3,12
2021-02-04 20:00:00,10,4,6
2021-02-04 21:00:00,7,0,7
2021-02-04 22:00:00,2,0,2
2021-02-04 23:00:00,3,1,2
2021-02-05 00:00:00,4,0,4
2021-02-05 01:00:00,5,3,2
2021-02-05 02:00:00,1,0,1
2021-02-05 03:00:00,5,4,1
2021-02-05 04:00:00,4,3,1
2021-02-05 05:00:00,18,12,6
2021-02-05 06:00:00,28,25,3
2021-02-05 07:00:00,43,37,6
2021-02-05 08:00:00,44,33,11
2021-02-05 09:00:00,29,21,8
2021-02-05 10:00:00,32,19,13
2021-02-05 11:00:00,19,11,8
2021-02-05 12:00:00,22,15,7
2021-02-05 13:00:00,15,8,7
2021-02-05 14:00:00,45,20,25
2021-02-05 15:00:00,49,22,27
2021-02-05 16:00:00,52,8,44
2021-02-05 17:00:00,62,14,48
2021-02-05 18:00:00,43,11,32
2021-02-05 19:00:00,16,4,12
2021-02-05 20:00:00,16,1,15
2021-02-05 21:00:00,4,1,3
2021-02-05 22:00:00,10,7,3
2021-02-05 23:00:00,7,2,5
2021-02-06 00:00:00,3,2,1
2021-02-06 01:00:00,2,1,1
2021-02-06 02:00:00,3,3,0
2021-02-06 03:00:00,2,1,1
2021-02-06 04:00:00,1,0,1
2021-02-06 05:00:00,8,8,0
2021-02-06 06:00:00,4,3,1
2021-02-06 07:00:00,6,1,5
2021-02-06 08:00:00,24,11,13
2021-02-06 09:00:00,30,18,12
2021-02-06 10:00:00,24,10,14
2021-02-06 11:00:00,32,15,17
2021-02-06 12:00:00,34,17,17
2021-02-06 13:00:00,42,23,19
2021-02-06 14:00:00,51,22,29
2021-02-06 15:00:00,29,17,12
2021-02-06 16:00:00,43,17,26
2021-02-06 17:00:00,16,6,10
2021-02-06 18:00:00,9,3,6
2021-02-06 19:00:00,11,5,6
2021-02-06 20:00:00,15,5,10
2021-02-06 21:00:00,5,0,5
2021-02-06 22:00:00,2,2,0
2021-02-06 23:00:00,4,1,3
2021-02-07 00:00:00,7,7,0
2021-02-07 01:00:00,1,1,0
2021-02-07 02:00:00,2,1,1
2021-02-07 03:00:00,1,0,1
2021-02-07 04:00:00,1,1,0
2021-02-07 05:00:00,4,3,1
2021-02-07 06:00:00,9,5,4
2021-02-07 07:00:00,13,8,5
2021-02-07 08:00:00,13,7,6
2021-02-07 09:00:00,47,28,19
2021-02-07 10:00:00,59,33,26
2021-02-07 11:00:00,73,38,35
2021-02-07 12:00:00,90,35,55
2021-02-07 13:00:00,115,56,59
2021-02-07 14:00:00,68,37,31
2021-02-07 15:00:00,36,21,15
2021-02-07 16:00:00,19,10,9
2021-02-07 17:00:00,18,5,13
2021-02-07 18:00:00,13,7,6
2021-02-07 19:00:00,4,1,3
2021-02-07 20:00:00,3,2,1
2021-02-07 21:00:00,5,2,3
2021-02-07 22:00:00,4,3,1
2021-02-07 23:00:00,0,0,0
2021-02-08 00:00:00,2,1,1
2021-02-08 01:00:00,0,0,0
2021-02-08 02:00:00,1,0,1
2021-02-08 03:00:00,1,1,0
2021-02-08 04:00:00,3,2,1
2021-02-08 05:00:00,28,23,5
2021-02-08 06:00:00,26,23,3
2021-02-08 07:00:00,29,24,5
2021-02-08 08:00:00,42,37,5
2021-02-08 09:00:00,29,21,8
2021-02-08 10:00:00,8,7,1
2021-02-08 11:00:00,14,7,7
2021-02-08 12:00:00,16,8,8
2021-02-08 13:00:00,17,10,7
2021-02-08 14:00:00,32,9,23
2021-02-08 15:00:00,43,9,34
2021-02-08 16:00:00,41,15,26
2021-02-08 17:00:00,56,10,46
2021-02-08 18:00:00,27,5,22
2021-02-08 19:00:00,6,2,4
2021-02-08 20:00:00,7,2,5
2021-02-08 21:00:00,6,1,5
2021-02-08 22:00:00,4,1,3
2021-02-08 23:00:00,4,0,4
2021-02-09 00:00:00,1,0,1
2021-02-09 01:00:00,2,1,1
2021-02-09 02:00:00,1,0,1
2021-02-09 03:00:00,1,1,0
2021-02-09 04:00:00,0,0,0
2021-02-09 05:00:00,22,18,4
2021-02-09 06:00:00,36,32,4
2021-02-09 07:00:00,28,25,3
2021-02-09 08:00:00,42,33,9
2021-02-09 09:00:00,27,19,8
2021-02-09 10:00:00,31,19,12
2021-02-09 11:00:00,23,16,7
2021-02-09 12:00:00,29,19,10
2021-02-09 13:00:00,32,17,15
2021-02-09 14:00:00,38,15,23
2021-02-09 15:00:00,53,19,34
2021-02-09 16:00:00,66,19,47
2021-02-09 17:00:00,70,16,54
2021-02-09 18:00:00,33,6,27
2021-02-09 19:00:00,10,3,7
2021-02-09 20:00:00,11,4,7
2021-02-09 21:00:00,6,2,4
2021-02-09 22:00:00,4,0,4
2021-02-09 23:00:00,4,2,2
2021-02-10 00:00:00,2,1,1
2021-02-10 01:00:00,1,0,1
2021-02-10 02:00:00,2,2,0
2021-02-10 03:00:00,1,1,0
2021-02-10 04:00:00,3,3,0
2021-02-10 05:00:00,16,9,7
2021-02-10 06:00:00,35,33,2
2021-02-10 07:00:00,21,18,3
2021-02-10 08:00:00,34,30,4
2021-02-10 09:00:00,20,14,6
2021-02-10 10:00:00,10,6,4
2021-02-10 11:00:00,16,11,5
2021-02-10 12:00:00,19,11,8
2021-02-10 13:00:00,26,17,9
2021-02-10 14:00:00,36,17,19
2021-02-10 15:00:00,41,13,28
2021-02-10 16:00:00,46,13,33
2021-02-10 17:00:00,47,10,37
2021-02-10 18:00:00,28,5,23
2021-02-10 19:00:00,10,2,8
2021-02-10 20:00:00,8,5,3
2021-02-10 21:00:00,8,1,7
2021-02-10 22:00:00,2,0,2
2021-02-10 23:00:00,6,2,4
2021-02-11 00:00:00,3,1,2
2021-02-11 01:00:00,1,1,0
2021-02-11 02:00:00,3,2,1
2021-02-11 03:00:00,5,1,4
2021-02-11 04:00:00,2,2,0
2021-02-11 05:00:00,15,10,5
2021-02-11 06:00:00,30,27,3
2021-02-11 07:00:00,29,22,7
2021-02-11 08:00:00,23,20,3
2021-02-11 09:00:00,18,11,7
2021-02-11 10:00:00,10,6,4
2021-02-11 11:00:00,13,8,5
2021-02-11 12:00:00,12,5,7
2021-02-11 13:00:00,10,4,6
2021-02-11 14:00:00,27,11,16
2021-02-11 15:00:00,30,13,17
2021-02-11 16:00:00,23,8,15
2021-02-11 17:00:00,31,8,23
2021-02-11 18:00:00,11,7,4
2021-02-11 19:00:00,9,2,7
2021-02-11 20:00:00,10,3,7
2021-02-11 21:00:00,1,0,1
2021-02-11 22:00:00,3,0,3
2021-02-11 23:00:00,3,1,2
2021-02-12 00:00:00,2,0,2
2021-02-12 01:00:00,1,0,1
2021-02-12 02:00:00,0,0,0
2021-02-12 03:00:00,1,0,1
2021-02-12 04:00:00,3,2,1
2021-02-12 05:00:00,5,4,1
2021-02-12 06:00:00,10,8,2
2021-02-12 07:00:00,3,2,1
2021-02-12 08:00:00,13,12,1
2021-02-12 09:00:00,14,10,4
2021-02-12 10:00:00,8,7,1
2021-02-12 11:00:00,12,6,6
2021-02-12 12:00:00,5,3,2
2021-02-12 13:00:00,20,9,11
2021-02-12 14:00:00,18,6,12
2021-02-12 15:00:00,16,4,12
2021-02-12 16:00:00,17,6,11
2021-02-12 17:00:00,20,4,16
2021-02-12 18:00:00,10,4,6
2021-02-12 19:00:00,3,0,3
2021-02-12 20:00:00,3,1,2
2021-02-12 21:00:00,2,0,2
2021-02-12 22:00:00,1,0,1
2021-02-12 23:00:00,1,0,1
2021-02-13 00:00:00,2,0,2
2021-02-13 01:00:00,3,2,1
2021-02-13 02:00:00,0,0,0
2021-02-13 03:00:00,1,0,1
2021-02-13 04:00:00,2,1,1
2021-02-13 05:00:00,5,3,2
2021-02-13 06:00:00,3,2,1
2021-02-13 07:00:00,0,0,0
2021-02-13 08:00:00,0,0,0
2021-02-13 09:00:00,2,2,0
2021-02-13 10:00:00,11,6,5
2021-02-13 11:00:00,12,8,4
2021-02-13 12:00:00,2,1,1
2021-02-13 13:00:00,1,1,0
2021-02-13 14:00:00,2,0,2
2021-02-13 15:00:00,4,3,1
2021-02-13 16:00:00,0,0,0
2021-02-13 17:00:00,1,0,1
2021-02-13 18:00:00,0,0,0
2021-02-13 19:00:00,0,0,0
2021-02-13 20:00:00,1,0,1
2021-02-13 21:00:00,0,0,0
2021-02-13 22:00:00,0,0,0
2021-02-13 23:00:00,0,0,0
2021-02-14 00:00:00,0,0,0
2021-02-14 01:00:00,0,0,0
2021-02-14 02:00:00,0,0,0
2021-02-14 03:00:00,1,0,1
2021-02-14 04:00:00,2,1,1
2021-02-14 05:00:00,4,1,3
2021-02-14 06:00:00,0,0,0
2021-02-14 07:00:00,0,0,0
2021-02-14 08:00:00,20,8,12
2021-02-14 09:00:00,0,0,0
2021-02-14 10:00:00,0,0,0
2021-02-14 11:00:00,1,0,1
2021-02-14 12:00:00,4,3,1
2021-02-14 13:00:00,4,2,2
2021-02-14 14:00:00,2,2,0
2021-02-14 15:00:00,1,1,0
2021-02-14 16:00:00,1,1,0
2021-02-14 17:00:00,0,0,0
2021-02-14 18:00:00,1,0,1
2021-02-14 19:00:00,0,0,0
2021-02-14 20:00:00,1,0,1
2021-02-14 21:00:00,0,0,0
2021-02-14 22:00:00,0,0,0
2021-02-14 23:00:00,1,1,0
2021-02-15 00:00:00,3,1,2
2021-02-15 01:00:00,1,0,1
2021-02-15 02:00:00,0,0,0
2021-02-15 03:00:00,3,1,2
2021-02-15 04:00:00,0,0,0
2021-02-15 05:00:00,0,0,0
2021-02-15 06:00:00,7,6,1
2021-02-15 07:00:00,3,2,1
2021-02-15 08:00:00,6,6,0
2021-02-15 09:00:00,1,1,0
2021-02-15 10:00:00,4,4,0
2021-02-15 11:00:00,2,1,1
2021-02-15 12:00:00,5,2,3
2021-02-15 13:00:00,7,3,4
2021-02-15 14:00:00,4,2,2
2021-02-15 15:00:00,9,1,8
2021-02-15 16:00:00,7,4,3
2021-02-15 17:00:00,8,0,8
2021-02-15 18:00:00,1,0,1
2021-02-15 19:00:00,3,1,2
2021-02-15 20:00:00,0,0,0
2021-02-15 21:00:00,4,4,0
2021-02-15 22:00:00,2,1,1
2021-02-15 23:00:00,0,0,0
2021-02-16 00:00:00,2,0,2
2021-02-16 01:00:00,1,0,1
2021-02-16 02:00:00,3,1,2
2021-02-16 03:00:00,1,1,0
2021-02-16 04:00:00,1,0,1
2021-02-16 05:00:00,8,5,3
2021-02-16 06:00:00,14,13,1
2021-02-16 07:00:00,10,10,0
2021-02-16 08:00:00,20,17,3
2021-02-16 09:00:00,11,9,2
2021-02-16 10:00:00,8,6,2
2021-02-16 11:00:00,16,9,7
2021-02-16 12:00:00,5,4,1
2021-02-16 13:00:00,12,9,3
2021-02-16 14:00:00,18,8,10
2021-02-16 15:00:00,27,7,20
2021-02-16 16:00:00,25,12,13
2021-02-16 17:00:00,35,11,24
2021-02-16 18:00:00,14,2,12
2021-02-16 19:00:00,10,5,5
2021-02-16 20:00:00,3,0,3
2021-02-16 21:00:00,6,0,6
2021-02-16 22:00:00,1,0,1
2021-02-16 23:00:00,2,1,1
2021-02-17 00:00:00,3,2,1
2021-02-17 01:00:00,1,0,1
2021-02-17 02:00:00,3,0,3
2021-02-17 03:00:00,0,0,0
2021-02-17 04:00:00,3,3,0
2021-02-17 05:00:00,17,11,6
2021-02-17 06:00:00,21,20,1
2021-02-17 07:00:00,29,24,5
2021-02-17 08:00:00,39,31,8
2021-02-17 09:00:00,23,19,4
2021-02-17 10:00:00,13,9,4
2021-02-17 11:00:00,16,11,5
2021-02-17 12:00:00,24,13,11
2021-02-17 13:00:00,27,11,16
2021-02-17 14:00:00,38,19,19
2021-02-17 15:00:00,57,22,35
2021-02-17 16:00:00,70,28,42
2021-02-17 17:00:00,60,14,46
2021-02-17 18:00:00,22,4,18
2021-02-17 19:00:00,21,5,16
2021-02-17 20:00:00,7,1,6
2021-02-17 21:00:00,5,2,3
2021-02-17 22:00:00,2,0,2
2021-02-17 23:00:00,4,2,2
2021-02-18 00:00:00,2,0,2
2021-02-18 01:00:00,1,0,1
2021-02-18 02:00:00,7,3,4
2021-02-18 03:00:00,0,0,0
2021-02-18 04:00:00,1,1,0
2021-02-18 05:00:00,15,9,6
2021-02-18 06:00:00,27,26,1
2021-02-18 07:00:00,35,28,7
2021-02-18 08:00:00,30,25,5
2021-02-18 09:00:00,29,24,5
2021-02-18 10:00:00,13,9,4
2021-02-18 11:00:00,9,5,4
2021-02-18 12:00:00,16,5,11
2021-02-18 13:00:00,10,5,5
2021-02-18 14:00:00,16,4,12
2021-02-18 15:00:00,20,8,12
2021-02-18 16:00:00,30,9,21
2021-02-18 17:00:00,49,7,42
2021-02-18 18:00:00,18,1,17
2021-02-18 19:00:00,14,6,8
2021-02-18 20:00:00,7,0,7
2021-02-18 21:00:00,4,1,3
2021-02-18 22:00:00,2,1,1
2021-02-18 23:00:00,2,0,2
2021-02-19 00:00:00,2,0,2
2021-02-19 01:00:00,0,0,0
2021-02-19 02:00:00,4,1,3
2021-02-19 03:00:00,1,0,1
2021-02-19 04:00:00,1,1,0
2021-02-19 05:00:00,19,15,4
2021-02-19 06:00:00,21,18,3
2021-02-19 07:00:00,26,18,8
2021-02-19 08:00:00,33,28,5
2021-02-19 09:00:00,24,18,6
2021-02-19 10:00:00,23,12,11
2021-02-19 11:00:00,22,14,8
2021-02-19 12:00:00,13,9,4
2021-02-19 13:00:00,15,8,7
2021-02-19 14:00:00,36,13,23
2021-02-19 15:00:00,26,11,15
2021-02-19 16:00:00,36,10,26
2021-02-19 17:00:00,26,3,23
2021-02-19 18:00:00,19,3,16
2021-02-19 19:00:00,8,2,6
2021-02-19 20:00:00,4,0,4
2021-02-19 21:00:00,3,0,3
2021-02-19 22:00:00,1,1,0
2021-02-19 23:00:00,2,0,2
2021-02-20 00:00:00,7,5,2
2021-02-20 01:00:00,3,3,0
2021-02-20 02:00:00,1,0,1
2021-02-20 03:00:00,3,1,2
2021-02-20 04:00:00,1,1,0
2021-02-20 05:00:00,6,4,2
2021-02-20 06:00:00,3,2,1
2021-02-20 07:00:00,10,6,4
2021-02-20 08:00:00,20,11,9
2021-02-20 09:00:00,26,17,9
2021-02-20 10:00:00,40,21,19
2021-02-20 11:00:00,79,39,40
2021-02-20 12:00:00,59,28,31
2021-02-20 13:00:00,96,45,51
2021-02-20 14:00:00,90,48,42
2021-02-20 15:00:00,81,36,45
2021-02-20 16:00:00,41,23,18
2021-02-20 17:00:00,34,19,15
2021-02-20 18:00:00,16,10,6
2021-02-20 19:00:00,16,6,10
2021-02-20 20:00:00,4,0,4
2021-02-20 21:00:00,6,1,5
2021-02-20 22:00:00,9,7,2
2021-02-20 23:00:00,2,0,2
2021-02-21 00:00:00,1,1,0
2021-02-21 01:00:00,1,0,1
2021-02-21 02:00:00,3,3,0
2021-02-21 03:00:00,4,1,3
2021-02-21 04:00:00,2,2,0
2021-02-21 05:00:00,5,4,1
2021-02-21 06:00:00,3,1,2
2021-02-21 07:00:00,4,2,2
2021-02-21 08:00:00,3,2,1
2021-02-21 09:00:00,13,12,1
2021-02-21 10:00:00,28,14,14
2021-02-21 11:00:00,17,9,8
2021-02-21 12:00:00,28,12,16
2021-02-21 13:00:00,35,16,19
2021-02-21 14:00:00,29,20,9
2021-02-21 15:00:00,35,17,18
2021-02-21 16:00:00,23,11,12
2021-02-21 17:00:00,13,2,11
2021-02-21 18:00:00,8,4,4
2021-02-21 19:00:00,7,2,5
2021-02-21 20:00:00,2,0,2
2021-02-21 21:00:00,2,0,2
2021-02-21 22:00:00,0,0,0
2021-02-21 23:00:00,1,1,0
2021-02-22 00:00:00,1,0,1
2021-02-22 01:00:00,1,0,1
2021-02-22 02:00:00,0,0,0
2021-02-22 03:00:00,2,2,0
2021-02-22 04:00:00,3,3,0
2021-02-22 05:00:00,21,16,5
2021-02-22 06:00:00,26,24,2
2021-02-22 07:00:00,36,31,5
2021-02-22 08:00:00,32,30,2
2021-02-22 09:00:00,24,19,5
2021-02-22 10:00:00,5,3,2
2021-02-22 11:00:00,2,1,1
2021-02-22 12:00:00,5,3,2
2021-02-22 13:00:00,9,4,5
2021-02-22 14:00:00,14,6,8
2021-02-22 15:00:00,29,9,20
2021-02-22 16:00:00,42,7,35
2021-02-22 17:00:00,52,12,40
2021-02-22 18:00:00,31,6,25
2021-02-22 19:00:00,10,3,7
2021-02-22 20:00:00,12,4,8
2021-02-22 21:00:00,10,5,5
2021-02-22 22:00:00,6,0,6
2021-02-22 23:00:00,1,0,1
2021-02-23 00:00:00,2,0,2
2021-02-23 01:00:00,4,4,0
2021-02-23 02:00:00,0,0,0
2021-02-23 03:00:00,2,2,0
2021-02-23 04:00:00,1,1,0
2021-02-23 05:00:00,26,16,10
2021-02-23 06:00:00,41,35,6
2021-02-23 07:00:00,42,37,5
2021-02-23 08:00:00,44,39,5
2021-02-23 09:00:00,36,25,11
2021-02-23 10:00:00,22,15,7
2021-02-23 11:00:00,24,9,15
2021-02-23 12:00:00,33,17,16
2021-02-23 13:00:00,32,15,17
2021-02-23 14:00:00,29,12,17
2021-02-23 15:00:00,40,17,23
2021-02-23 16:00:00,48,12,36
2021-02-23 17:00:00,59,13,46
2021-02-23 18:00:00,31,9,22
2021-02-23 19:00:00,19,6,13
2021-02-23 20:00:00,11,1,10
2021-02-23 21:00:00,4,1,3
2021-02-23 22:00:00,1,0,1
2021-02-23 23:00:00,2,0,2
2021-02-24 00:00:00,2,0,2
2021-02-24 01:00:00,1,1,0
2021-02-24 02:00:00,1,1,0
2021-02-24 03:00:00,1,1,0
2021-02-24 04:00:00,5,3,2
2021-02-24 05:00:00,21,13,8
2021-02-24 06:00:00,39,38,1
2021-02-24 07:00:00,30,28,2
2021-02-24 08:00:00,57,46,11
2021-02-24 09:00:00,29,19,10
2021-02-24 10:00:00,23,15,8
2021-02-24 11:00:00,22,11,11
2021-02-24 12:00:00,24,18,6
2021-02-24 13:00:00,25,8,17
2021-02-24 14:00:00,42,19,23
2021-02-24 15:00:00,66,26,40
2021-02-24 16:00:00,58,18,40
2021-02-24 17:00:00,71,17,54
2021-02-24 18:00:00,40,9,31
2021-02-24 19:00:00,19,5,14
2021-02-24 20:00:00,12,3,9
2021-02-24 21:00:00,7,2,5
2021-02-24 22:00:00,4,1,3
2021-02-24 23:00:00,3,0,3
2021-02-25 00:00:00,1,1,0
2021-02-25 01:00:00,3,0,3
2021-02-25 02:00:00,2,1,1
2021-02-25 03:00:00,0,0,0
2021-02-25 04:00:00,1,1,0
2021-02-25 05:00:00,13,10,3
2021-02-25 06:00:00,31,28,3
2021-02-25 07:00:00,45,38,7
2021-02-25 08:00:00,48,42,6
2021-02-25 09:00:00,26,16,10
2021-02-25 10:00:00,15,8,7
2021-02-25 11:00:00,19,12,7
2021-02-25 12:00:00,14,9,5
2021-02-25 13:00:00,18,6,12
2021-02-25 14:00:00,23,8,15
2021-02-25 15:00:00,46,17,29
2021-02-25 16:00:00,43,10,33
2021-02-25 17:00:00,57,14,43
2021-02-25 18:00:00,32,7,25
2021-02-25 19:00:00,12,3,9
2021-02-25 20:00:00,8,3,5
2021-02-25 21:00:00,6,0,6
2021-02-25 22:00:00,4,2,2
2021-02-25 23:00:00,1,0,1
2021-02-26 00:00:00,2,0,2
2021-02-26 01:00:00,2,1,1
2021-02-26 02:00:00,2,2,0
2021-02-26 03:00:00,1,0,1
2021-02-26 04:00:00,5,5,0
2021-02-26 05:00:00,21,16,5
2021-02-26 06:00:00,37,34,3
2021-02-26 07:00:00,45,38,7
2021-02-26 08:00:00,39,37,2
2021-02-26 09:00:00,27,19,8
2021-02-26 10:00:00,33,18,15
2021-02-26 11:00:00,33,22,11
2021-02-26 12:00:00,35,20,15
2021-02-26 13:00:00,40,27,13
2021-02-26 14:00:00,45,18,27
2021-02-26 15:00:00,51,12,39
2021-02-26 16:00:00,55,16,39
2021-02-26 17:00:00,71,21,50
2021-02-26 18:00:00,37,10,27
2021-02-26 19:00:00,20,4,16
2021-02-26 20:00:00,9,0,9
2021-02-26 21:00:00,7,3,4
2021-02-26 22:00:00,4,1,3
2021-02-26 23:00:00,6,1,5
2021-02-27 00:00:00,3,1,2
2021-02-27 01:00:00,1,1,0
2021-02-27 02:00:00,4,3,1
2021-02-27 03:00:00,1,1,0
2021-02-27 04:00:00,2,1,1
2021-02-27 05:00:00,6,3,3
2021-02-27 06:00:00,6,4,2
2021-02-27 07:00:00,12,8,4
2021-02-27 08:00:00,30,17,13
2021-02-27 09:00:00,38,21,17
2021-02-27 10:00:00,52,33,19
2021-02-27 11:00:00,68,29,39
2021-02-27 12:00:00,84,43,41
2021-02-27 13:00:00,77,42,35
2021-02-27 14:00:00,151,50,101
2021-02-27 15:00:00,92,52,40
2021-02-27 16:00:00,91,56,35
2021-02-27 17:00:00,66,37,29
2021-02-27 18:00:00,23,12,11
2021-02-27 19:00:00,9,0,9
2021-02-27 20:00:00,10,3,7
2021-02-27 21:00:00,4,2,2
2021-02-27 22:00:00,3,3,0
2021-02-27 23:00:00,6,4,2
2021-02-28 00:00:00,2,1,1
2021-02-28 01:00:00,2,0,2
2021-02-28 02:00:00,1,1,0
2021-02-28 03:00:00,4,1,3
2021-02-28 04:00:00,0,0,0
2021-02-28 05:00:00,2,1,1
2021-02-28 06:00:00,6,3,3
2021-02-28 07:00:00,7,5,2
2021-02-28 08:00:00,13,6,7
2021-02-28 09:00:00,23,16,7
2021-02-28 10:00:00,44,29,15
2021-02-28 11:00:00,56,19,37
2021-02-28 12:00:00,66,26,40
2021-02-28 13:00:00,62,42,20
2021-02-28 14:00:00,68,40,28
2021-02-28 15:00:00,44,16,28
2021-02-28 16:00:00,47,19,28
2021-02-28 17:00:00,30,11,19
2021-02-28 18:00:00,13,3,10
2021-02-28 19:00:00,6,2,4
2021-02-28 20:00:00,3,0,3
2021-02-28 21:00:00,1,0,1
2021-02-28 22:00:00,3,1,2
2021-02-28 23:00:00,3,2,1
2021-03-01 00:00:00,0,0,0
2021-03-01 01:00:00,4,2,2
2021-03-01 02:00:00,3,2,1
2021-03-01 03:00:00,3,1,2
2021-03-01 04:00:00,4,4,0
2021-03-01 05:00:00,23,17,6
2021-03-01 06:00:00,42,39,3
2021-03-01 07:00:00,59,55,4
2021-03-01 08:00:00,52,46,6
2021-03-01 09:00:00,31,23,8
2021-03-01 10:00:00,20,12,8
2021-03-01 11:00:00,22,13,9
2021-03-01 12:00:00,27,14,13
2021-03-01 13:00:00,30,18,12
2021-03-01 14:00:00,62,23,39
2021-03-01 15:00:00,69,21,48
2021-03-01 16:00:00,85,22,63
2021-03-01 17:00:00,82,17,65
2021-03-01 18:00:00,44,8,36
2021-03-01 19:00:00,11,3,8
2021-03-01 20:00:00,12,4,8
2021-03-01 21:00:00,4,2,2
2021-03-01 22:00:00,0,0,0
2021-03-01 23:00:00,4,1,3
2021-03-02 00:00:00,2,1,1
2021-03-02 01:00:00,2,2,0
2021-03-02 02:00:00,4,0,4
2021-03-02 03:00:00,3,2,1
2021-03-02 04:00:00,4,4,0
2021-03-02 05:00:00,25,19,6
2021-03-02 06:00:00,48,43,5
2021-03-02 07:00:00,50,44,6
2021-03-02 08:00:00,44,38,6
2021-03-02 09:00:00,31,22,9
2021-03-02 10:00:00,15,14,1
2021-03-02 11:00:00,27,16,11
2021-03-02 12:00:00,13,10,3
2021-03-02 13:00:00,17,6,11
2021-03-02 14:00:00,36,13,23
2021-03-02 15:00:00,35,10,25
2021-03-02 16:00:00,75,16,59
2021-03-02 17:00:00,80,17,63
2021-03-02 18:00:00,43,13,30
2021-03-02 19:00:00,12,3,9
2021-03-02 20:00:00,9,3,6
2021-03-02 21:00:00,4,0,4
2021-03-02 22:00:00,9,5,4
2021-03-02 23:00:00,4,0,4
2021-03-03 00:00:00,2,0,2
2021-03-03 01:00:00,1,1,0
2021-03-03 02:00:00,3,2,1
2021-03-03 03:00:00,6,3,3
2021-03-03 04:00:00,3,3,0
2021-03-03 05:00:00,21,14,7
2021-03-03 06:00:00,53,47,6
2021-03-03 07:00:00,51,45,6
2021-03-03 08:00:00,48,43,5
2021-03-03 09:00:00,40,29,11
2021-03-03 10:00:00,26,20,6
2021-03-03 11:00:00,48,23,25
2021-03-03 12:00:00,49,26,23
2021-03-03 13:00:00,61,33,28
2021-03-03 14:00:00,82,37,45
2021-03-03 15:00:00,101,35,66
2021-03-03 16:00:00,108,38,70
2021-03-03 17:00:00,108,30,78
2021-03-03 18:00:00,48,8,40
2021-03-03 19:00:00,24,9,15
2021-03-03 20:00:00,9,2,7
2021-03-03 21:00:00,8,2,6
2021-03-03 22:00:00,5,1,4
2021-03-03 23:00:00,4,1,3
2021-03-04 00:00:00,2,0,2
2021-03-04 01:00:00,2,0,2
2021-03-04 02:00:00,3,3,0
2021-03-04 03:00:00,4,3,1
2021-03-04 04:00:00,3,2,1
2021-03-04 05:00:00,26,21,5
2021-03-04 06:00:00,39,30,9
2021-03-04 07:00:00,48,42,6
2021-03-04 08:00:00,47,42,5
2021-03-04 09:00:00,32,21,11
2021-03-04 10:00:00,19,12,7
2021-03-04 11:00:00,24,16,8
2021-03-04 12:00:00,27,14,13
2021-03-04 13:00:00,26,12,14
2021-03-04 14:00:00,26,9,17
2021-03-04 15:00:00,31,8,23
2021-03-04 16:00:00,38,8,30
2021-03-04 17:00:00,55,7,48
2021-03-04 18:00:00,28,7,21
2021-03-04 19:00:00,19,3,16
2021-03-04 20:00:00,4,1,3
2021-03-04 21:00:00,7,0,7
2021-03-04 22:00:00,3,1,2
2021-03-04 23:00:00,5,1,4
2021-03-05 00:00:00,3,2,1
2021-03-05 01:00:00,3,0,3
2021-03-05 02:00:00,2,1,1
2021-03-05 03:00:00,2,0,2
2021-03-05 04:00:00,5,4,1
2021-03-05 05:00:00,20,16,4
2021-03-05 06:00:00,34,30,4
2021-03-05 07:00:00,34,28,6
2021-03-05 08:00:00,37,33,4
2021-03-05 09:00:00,22,18,4
2021-03-05 10:00:00,12,7,5
2021-03-05 11:00:00,11,8,3
2021-03-05 12:00:00,15,10,5
2021-03-05 13:00:00,16,5,11
2021-03-05 14:00:00,24,11,13
2021-03-05 15:00:00,47,17,30
2021-03-05 16:00:00,34,8,26
2021-03-05 17:00:00,55,9,46
2021-03-05 18:00:00,23,5,18
2021-03-05 19:00:00,12,2,10
2021-03-05 20:00:00,10,1,9
2021-03-05 21:00:00,24,3,21
2021-03-05 22:00:00,23,17,6
2021-03-05 23:00:00,1,0,1
2021-03-06 00:00:00,4,0,4
2021-03-06 01:00:00,4,2,2
2021-03-06 02:00:00,0,0,0
2021-03-06 03:00:00,2,1,1
2021-03-06 04:00:00,1,1,0
2021-03-06 05:00:00,5,4,1
2021-03-06 06:00:00,6,4,2
2021-03-06 07:00:00,12,4,8
2021-03-06 08:00:00,28,16,12
2021-03-06 09:00:00,33,18,15
2021-03-06 10:00:00,61,24,37
2021-03-06 11:00:00,60,26,34
2021-03-06 12:00:00,81,37,44
2021-03-06 13:00:00,64,38,26
2021-03-06 14:00:00,65,34,31
2021-03-06 15:00:00,38,15,23
2021-03-06 16:00:00,53,26,27
2021-03-06 17:00:00,28,13,15
2021-03-06 18:00:00,15,6,9
2021-03-06 19:00:00,10,4,6
2021-03-06 20:00:00,9,1,8
2021-03-06 21:00:00,9,2,7
2021-03-06 22:00:00,3,3,0
2021-03-06 23:00:00,1,1,0
2021-03-07 00:00:00,1,0,1
2021-03-07 01:00:00,0,0,0
2021-03-07 02:00:00,1,1,0
2021-03-07 03:00:00,1,0,1
2021-03-07 04:00:00,0,0,0
2021-03-07 05:00:00,4,4,0
2021-03-07 06:00:00,6,3,3
2021-03-07 07:00:00,8,6,2
2021-03-07 08:00:00,14,7,7
2021-03-07 09:00:00,6,4,2
2021-03-07 10:00:00,19,12,7
2021-03-07 11:00:00,22,11,11
2021-03-07 12:00:00,15,6,9
2021-03-07 13:00:00,14,10,4
2021-03-07 14:00:00,20,11,9
2021-03-07 15:00:00,25,14,11
2021-03-07 16:00:00,18,5,13
2021-03-07 17:00:00,12,4,8
2021-03-07 18:00:00,9,3,6
2021-03-07 19:00:00,2,2,0
2021-03-07 20:00:00,4,0,4
2021-03-07 21:00:00,6,2,4
2021-03-07 22:00:00,2,0,2
2021-03-07 23:00:00,2,0,2
2021-03-08 00:00:00,0,0,0
2021-03-08 01:00:00,4,1,3
2021-03-08 02:00:00,0,0,0
2021-03-08 03:00:00,2,1,1
2021-03-08 04:00:00,3,3,0
2021-03-08 05:00:00,36,26,10
2021-03-08 06:00:00,44,40,4
2021-03-08 07:00:00,41,35,6
2021-03-08 08:00:00,46,39,7
2021-03-08 09:00:00,40,35,5
2021-03-08 10:00:00,20,16,4
2021-03-08 11:00:00,39,16,23
2021-03-08 12:00:00,37,24,13
2021-03-08 13:00:00,32,13,19
2021-03-08 14:00:00,52,18,34
2021-03-08 15:00:00,46,15,31
2021-03-08 16:00:00,65,15,50
2021-03-08 17:00:00,79,17,62
2021-03-08 18:00:00,29,8,21
2021-03-08 19:00:00,21,3,18
2021-03-08 20:00:00,4,0,4
2021-03-08 21:00:00,4,2,2
2021-03-08 22:00:00,8,2,6
2021-03-08 23:00:00,2,0,2
2021-03-09 00:00:00,2,1,1
2021-03-09 01:00:00,1,1,0
2021-03-09 02:00:00,0,0,0
2021-03-09 03:00:00,2,0,2
2021-03-09 04:00:00,6,5,1
2021-03-09 05:00:00,25,19,6
2021-03-09 06:00:00,45,41,4
2021-03-09 07:00:00,55,49,6
2021-03-09 08:00:00,50,40,10
2021-03-09 09:00:00,31,21,10
2021-03-09 10:00:00,21,12,9
2021-03-09 11:00:00,24,16,8
2021-03-09 12:00:00,26,14,12
2021-03-09 13:00:00,34,20,14
2021-03-09 14:00:00,38,11,27
2021-03-09 15:00:00,68,20,48
2021-03-09 16:00:00,72,16,56
2021-03-09 17:00:00,84,24,60
2021-03-09 18:00:00,49,8,41
2021-03-09 19:00:00,13,6,7
2021-03-09 20:00:00,7,1,6
2021-03-09 21:00:00,9,1,8
2021-03-09 22:00:00,4,0,4
2021-03-09 23:00:00,5,2,3
2021-03-10 00:00:00,2,1,1
2021-03-10 01:00:00,2,0,2
2021-03-10 02:00:00,4,3,1
2021-03-10 03:00:00,1,0,1
2021-03-10 04:00:00,5,4,1
2021-03-10 05:00:00,24,17,7
2021-03-10 06:00:00,56,49,7
2021-03-10 07:00:00,61,58,3
2021-03-10 08:00:00,56,49,7
2021-03-10 09:00:00,32,23,9
2021-03-10 10:00:00,34,22,12
2021-03-10 11:00:00,36,16,20
2021-03-10 12:00:00,31,23,8
2021-03-10 13:00:00,45,21,24
2021-03-10 14:00:00,57,24,33
2021-03-10 15:00:00,81,32,49
2021-03-10 16:00:00,82,17,65
2021-03-10 17:00:00,104,27,77
2021-03-10 18:00:00,79,29,50
2021-03-10 19:00:00,27,5,22
2021-03-10 20:00:00,12,1,11
2021-03-10 21:00:00,13,6,7
2021-03-10 22:00:00,2,1,1
2021-03-10 23:00:00,4,0,4
2021-03-11 00:00:00,5,2,3
2021-03-11 01:00:00,1,0,1
2021-03-11 02:00:00,4,4,0
2021-03-11 03:00:00,2,1,1
2021-03-11 04:00:00,4,4,0
2021-03-11 05:00:00,26,21,5
2021-03-11 06:00:00,61,57,4
2021-03-11 07:00:00,64,53,11
2021-03-11 08:00:00,61,54,7
2021-03-11 09:00:00,41,29,12
2021-03-11 10:00:00,33,20,13
2021-03-11 11:00:00,28,19,9
2021-03-11 12:00:00,52,25,27
2021-03-11 13:00:00,50,32,18
2021-03-11 14:00:00,46,18,28
2021-03-11 15:00:00,85,32,53
2021-03-11 16:00:00,101,21,80
2021-03-11 17:00:00,112,35,77
2021-03-11 18:00:00,55,13,42
2021-03-11 19:00:00,28,8,20
2021-03-11 20:00:00,15,5,10
2021-03-11 21:00:00,8,3,5
2021-03-11 22:00:00,3,0,3
2021-03-11 23:00:00,1,1,0
2021-03-12 00:00:00,5,1,4
2021-03-12 01:00:00,2,1,1
2021-03-12 02:00:00,2,2,0
2021-03-12 03:00:00,3,1,2
2021-03-12 04:00:00,5,5,0
2021-03-12 05:00:00,28,22,6
2021-03-12 06:00:00,51,46,5
2021-03-12 07:00:00,69,58,11
2021-03-12 08:00:00,56,36,20
2021-03-12 09:00:00,43,28,15
2021-03-12 10:00:00,46,31,15
2021-03-12 11:00:00,29,17,12
2021-03-12 12:00:00,47,28,19
2021-03-12 13:00:00,49,25,24
2021-03-12 14:00:00,77,36,41
2021-03-12 15:00:00,93,31,62
2021-03-12 16:00:00,102,32,70
2021-03-12 17:00:00,101,23,78
2021-03-12 18:00:00,70,14,56
2021-03-12 19:00:00,27,6,21
2021-03-12 20:00:00,22,11,11
2021-03-12 21:00:00,10,5,5
2021-03-12 22:00:00,3,0,3
2021-03-12 23:00:00,3,0,3
2021-03-13 00:00:00,4,2,2
2021-03-13 01:00:00,3,1,2
2021-03-13 02:00:00,2,1,1
2021-03-13 03:00:00,3,0,3
2021-03-13 04:00:00,2,1,1
2021-03-13 05:00:00,6,6,0
2021-03-13 06:00:00,8,5,3
2021-03-13 07:00:00,15,9,6
2021-03-13 08:00:00,43,19,24
2021-03-13 09:00:00,63,28,35
2021-03-13 10:00:00,86,51,35
2021-03-13 11:00:00,117,81,36
2021-03-13 12:00:00,132,70,62
2021-03-13 13:00:00,138,58,80
2021-03-13 14:00:00,168,97,71
2021-03-13 15:00:00,139,67,72
2021-03-13 16:00:00,128,69,59
2021-03-13 17:00:00,84,44,40
2021-03-13 18:00:00,53,25,28
2021-03-13 19:00:00,33,14,19
2021-03-13 20:00:00,16,8,8
2021-03-13 21:00:00,9,3,6
2021-03-13 22:00:00,8,0,8
2021-03-13 23:00:00,6,4,2
2021-03-14 00:00:00,3,1,2
2021-03-14 01:00:00,3,0,3
2021-03-14 02:00:00,0,0,0
2021-03-14 03:00:00,5,4,1
2021-03-14 04:00:00,2,2,0
2021-03-14 05:00:00,2,2,0
2021-03-14 06:00:00,9,6,3
2021-03-14 07:00:00,10,8,2
2021-03-14 08:00:00,12,8,4
2021-03-14 09:00:00,23,9,14
2021-03-14 10:00:00,19,13,6
2021-03-14 11:00:00,15,7,8
2021-03-14 12:00:00,17,9,8
2021-03-14 13:00:00,8,6,2
2021-03-14 14:00:00,10,6,4
2021-03-14 15:00:00,14,8,6
2021-03-14 16:00:00,10,2,8
2021-03-14 17:00:00,10,3,7
2021-03-14 18:00:00,7,2,5
2021-03-14 19:00:00,1,0,1
2021-03-14 20:00:00,4,1,3
2021-03-14 21:00:00,2,0,2
2021-03-14 22:00:00,5,3,2
2021-03-14 23:00:00,1,0,1
2021-03-15 00:00:00,2,0,2
2021-03-15 01:00:00,4,2,2
2021-03-15 02:00:00,1,1,0
2021-03-15 03:00:00,2,0,2
2021-03-15 04:00:00,4,4,0
2021-03-15 05:00:00,18,16,2
2021-03-15 06:00:00,35,31,4
2021-03-15 07:00:00,48,40,8
2021-03-15 08:00:00,45,40,5
2021-03-15 09:00:00,29,27,2
2021-03-15 10:00:00,16,14,2
2021-03-15 11:00:00,16,9,7
2021-03-15 12:00:00,17,8,9
2021-03-15 13:00:00,17,7,10
2021-03-15 14:00:00,39,14,25
2021-03-15 15:00:00,47,15,32
2021-03-15 16:00:00,72,23,49
2021-03-15 17:00:00,79,15,64
2021-03-15 18:00:00,37,8,29
2021-03-15 19:00:00,26,7,19
2021-03-15 20:00:00,9,2,7
2021-03-15 21:00:00,5,2,3
2021-03-15 22:00:00,3,0,3
2021-03-15 23:00:00,7,3,4
2021-03-16 00:00:00,3,0,3
2021-03-16 01:00:00,3,2,1
2021-03-16 02:00:00,3,2,1
2021-03-16 03:00:00,3,2,1
2021-03-16 04:00:00,5,4,1
2021-03-16 05:00:00,21,18,3
2021-03-16 06:00:00,34,30,4
2021-03-16 07:00:00,50,46,4
2021-03-16 08:00:00,45,38,7
2021-03-16 09:00:00,34,27,7
2021-03-16 10:00:00,30,23,7
2021-03-16 11:00:00,30,19,11
2021-03-16 12:00:00,22,14,8
2021-03-16 13:00:00,35,18,17
2021-03-16 14:00:00,48,25,23
2021-03-16 15:00:00,59,17,42
2021-03-16 16:00:00,81,16,65
2021-03-16 17:00:00,111,31,80
2021-03-16 18:00:00,70,17,53
2021-03-16 19:00:00,20,10,10
2021-03-16 20:00:00,9,3,6
2021-03-16 21:00:00,7,1,6
2021-03-16 22:00:00,2,1,1
2021-03-16 23:00:00,5,2,3
2021-03-17 00:00:00,4,2,2
2021-03-17 01:00:00,3,2,1
2021-03-17 02:00:00,4,2,2
2021-03-17 03:00:00,0,0,0
2021-03-17 04:00:00,4,3,1
2021-03-17 05:00:00,23,18,5
2021-03-17 06:00:00,42,39,3
2021-03-17 07:00:00,49,45,4
2021-03-17 08:00:00,63,53,10
2021-03-17 09:00:00,37,30,7
2021-03-17 10:00:00,26,19,7
2021-03-17 11:00:00,35,16,19
2021-03-17 12:00:00,37,30,7
2021-03-17 13:00:00,39,21,18
2021-03-17 14:00:00,62,26,36
2021-03-17 15:00:00,85,26,59
2021-03-17 16:00:00,103,31,72
2021-03-17 17:00:00,97,28,69
2021-03-17 18:00:00,74,18,56
2021-03-17 19:00:00,42,14,28
2021-03-17 20:00:00,10,5,5
2021-03-17 21:00:00,12,4,8
2021-03-17 22:00:00,9,4,5
2021-03-17 23:00:00,2,0,2
2021-03-18 00:00:00,5,3,2
2021-03-18 01:00:00,2,1,1
2021-03-18 02:00:00,2,2,0
2021-03-18 03:00:00,0,0,0
2021-03-18 04:00:00,3,2,1
2021-03-18 05:00:00,19,15,4
2021-03-18 06:00:00,34,30,4
2021-03-18 07:00:00,49,42,7
2021-03-18 08:00:00,41,36,5
2021-03-18 09:00:00,28,21,7
2021-03-18 10:00:00,15,11,4
2021-03-18 11:00:00,16,9,7
2021-03-18 12:00:00,17,10,7
2021-03-18 13:00:00,11,4,7
2021-03-18 14:00:00,25,12,13
2021-03-18 15:00:00,45,17,28
2021-03-18 16:00:00,40,5,35
2021-03-18 17:00:00,52,5,47
2021-03-18 18:00:00,32,3,29
2021-03-18 19:00:00,13,4,9
2021-03-18 20:00:00,12,3,9
2021-03-18 21:00:00,6,2,4
2021-03-18 22:00:00,5,0,5
2021-03-18 23:00:00,3,2,1
2021-03-19 00:00:00,2,1,1
2021-03-19 01:00:00,2,0,2
2021-03-19 02:00:00,2,1,1
2021-03-19 03:00:00,2,1,1
2021-03-19 04:00:00,4,3,1
2021-03-19 05:00:00,23,20,3
2021-03-19 06:00:00,27,26,1
2021-03-19 07:00:00,37,30,7
2021-03-19 08:00:00,36,30,6
2021-03-19 09:00:00,31,19,12
2021-03-19 10:00:00,28,20,8
2021-03-19 11:00:00,23,10,13
2021-03-19 12:00:00,29,13,16
2021-03-19 13:00:00,22,11,11
2021-03-19 14:00:00,43,19,24
2021-03-19 15:00:00,39,13,26
2021-03-19 16:00:00,47,9,38
2021-03-19 17:00:00,46,10,36
2021-03-19 18:00:00,33,7,26
2021-03-19 19:00:00,29,7,22
2021-03-19 20:00:00,11,3,8
2021-03-19 21:00:00,4,2,2
2021-03-19 22:00:00,6,3,3
2021-03-19 23:00:00,6,4,2
2021-03-20 00:00:00,2,0,2
2021-03-20 01:00:00,1,1,0
2021-03-20 02:00:00,1,1,0
2021-03-20 03:00:00,0,0,0
2021-03-20 04:00:00,4,3,1
2021-03-20 05:00:00,4,4,0
2021-03-20 06:00:00,5,4,1
2021-03-20 07:00:00,7,4,3
2021-03-20 08:00:00,15,8,7
2021-03-20 09:00:00,19,14,5
2021-03-20 10:00:00,31,11,20
2021-03-20 11:00:00,24,13,11
2021-03-20 12:00:00,45,28,17
2021-03-20 13:00:00,37,22,15
2021-03-20 14:00:00,43,17,26
2021-03-20 15:00:00,46,26,20
2021-03-20 16:00:00,48,22,26
2021-03-20 17:00:00,24,9,15
2021-03-20 18:00:00,15,6,9
2021-03-20 19:00:00,8,4,4
2021-03-20 20:00:00,8,1,7
2021-03-20 21:00:00,8,4,4
2021-03-20 22:00:00,7,3,4
2021-03-20 23:00:00,4,3,1
2021-03-21 00:00:00,4,0,4
2021-03-21 01:00:00,1,0,1
2021-03-21 02:00:00,0,0,0
2021-03-21 03:00:00,1,0,1
2021-03-21 04:00:00,3,2,1
2021-03-21 05:00:00,2,1,1
2021-03-21 06:00:00,6,4,2
2021-03-21 07:00:00,10,8,2
2021-03-21 08:00:00,10,8,2
2021-03-21 09:00:00,17,13,4
2021-03-21 10:00:00,28,13,15
2021-03-21 11:00:00,19,9,10
2021-03-21 12:00:00,11,9,2
2021-03-21 13:00:00,14,3,11
2021-03-21 14:00:00,20,11,9
2021-03-21 15:00:00,14,5,9
2021-03-21 16:00:00,28,17,11
2021-03-21 17:00:00,13,4,9
2021-03-21 18:00:00,14,4,10
2021-03-21 19:00:00,4,0,4
2021-03-21 20:00:00,4,2,2
2021-03-21 21:00:00,1,0,1
2021-03-21 22:00:00,1,1,0
2021-03-21 23:00:00,0,0,0
2021-03-22 00:00:00,1,0,1
2021-03-22 01:00:00,1,0,1
2021-03-22 02:00:00,0,0,0
2021-03-22 03:00:00,1,0,1
2021-03-22 04:00:00,3,3,0
2021-03-22 05:00:00,19,16,3
2021-03-22 06:00:00,28,26,2
2021-03-22 07:00:00,31,26,5
2021-03-22 08:00:00,31,24,7
2021-03-22 09:00:00,15,11,4
2021-03-22 10:00:00,13,10,3
2021-03-22 11:00:00,11,5,6
2021-03-22 12:00:00,14,7,7
2021-03-22 13:00:00,20,9,11
2021-03-22 14:00:00,27,9,18
2021-03-22 15:00:00,38,14,24
2021-03-22 16:00:00,52,15,37
2021-03-22 17:00:00,64,14,50
2021-03-22 18:00:00,53,18,35
2021-03-22 19:00:00,18,7,11
2021-03-22 20:00:00,13,2,11
2021-03-22 21:00:00,5,3,2
2021-03-22 22:00:00,3,0,3
2021-03-22 23:00:00,5,3,2
2021-03-23 00:00:00,1,0,1
2021-03-23 01:00:00,2,1,1
2021-03-23 02:00:00,2,2,0
2021-03-23 03:00:00,2,1,1
2021-03-23 04:00:00,4,4,0
2021-03-23 05:00:00,26,22,4
2021-03-23 06:00:00,55,45,10
2021-03-23 07:00:00,48,45,3
2021-03-23 08:00:00,54,44,10
2021-03-23 09:00:00,47,31,16
2021-03-23 10:00:00,21,16,5
2021-03-23 11:00:00,44,24,20
2021-03-23 12:00:00,39,19,20
2021-03-23 13:00:00,56,31,25
2021-03-23 14:00:00,68,30,38
2021-03-23 15:00:00,65,26,39
2021-03-23 16:00:00,79,20,59
2021-03-23 17:00:00,98,22,76
2021-03-23 18:00:00,72,19,53
2021-03-23 19:00:00,38,14,24
2021-03-23 20:00:00,12,1,11
2021-03-23 21:00:00,6,1,5
2021-03-23 22:00:00,4,2,2
2021-03-23 23:00:00,3,2,1
2021-03-24 00:00:00,4,1,3
2021-03-24 01:00:00,3,2,1
2021-03-24 02:00:00,3,2,1
2021-03-24 03:00:00,2,0,2
2021-03-24 04:00:00,3,2,1
2021-03-24 05:00:00,24,18,6
2021-03-24 06:00:00,32,29,3
2021-03-24 07:00:00,34,32,2
2021-03-24 08:00:00,52,44,8
2021-03-24 09:00:00,20,14,6
2021-03-24 10:00:00,13,7,6
2021-03-24 11:00:00,11,6,5
2021-03-24 12:00:00,16,5,11
2021-03-24 13:00:00,22,14,8
2021-03-24 14:00:00,18,9,9
2021-03-24 15:00:00,35,8,27
2021-03-24 16:00:00,34,7,27
2021-03-24 17:00:00,55,7,48
2021-03-24 18:00:00,28,5,23
2021-03-24 19:00:00,11,2,9
2021-03-24 20:00:00,11,5,6
2021-03-24 21:00:00,5,0,5
2021-03-24 22:00:00,1,0,1
2021-03-24 23:00:00,3,0,3
2021-03-25 00:00:00,3,1,2
2021-03-25 01:00:00,0,0,0
2021-03-25 02:00:00,0,0,0
2021-03-25 03:00:00,1,0,1
2021-03-25 04:00:00,0,0,0
2021-03-25 05:00:00,18,15,3
2021-03-25 06:00:00,34,28,6
2021-03-25 07:00:00,44,39,5
2021-03-25 08:00:00,46,41,5
2021-03-25 09:00:00,24,19,5
2021-03-25 10:00:00,16,13,3
2021-03-25 11:00:00,10,6,4
2021-03-25 12:00:00,17,11,6
2021-03-25 13:00:00,36,16,20
2021-03-25 14:00:00,40,19,21
2021-03-25 15:00:00,58,21,37
2021-03-25 16:00:00,65,19,46
2021-03-25 17:00:00,97,38,59
2021-03-25 18:00:00,62,15,47
2021-03-25 19:00:00,35,18,17
2021-03-25 20:00:00,22,9,13
2021-03-25 21:00:00,10,1,9
2021-03-25 22:00:00,5,2,3
2021-03-25 23:00:00,3,0,3
2021-03-26 00:00:00,1,0,1
2021-03-26 01:00:00,4,1,3
2021-03-26 02:00:00,5,3,2
2021-03-26 03:00:00,3,2,1
2021-03-26 04:00:00,4,4,0
2021-03-26 05:00:00,21,17,4
2021-03-26 06:00:00,37,31,6
2021-03-26 07:00:00,66,54,12
2021-03-26 08:00:00,53,44,9
2021-03-26 09:00:00,34,20,14
2021-03-26 10:00:00,28,16,12
2021-03-26 11:00:00,29,14,15
2021-03-26 12:00:00,29,16,13
2021-03-26 13:00:00,33,19,14
2021-03-26 14:00:00,47,27,20
2021-03-26 15:00:00,38,16,22
2021-03-26 16:00:00,71,18,53
2021-03-26 17:00:00,91,26,65
2021-03-26 18:00:00,67,20,47
2021-03-26 19:00:00,42,12,30
2021-03-26 20:00:00,22,9,13
2021-03-26 21:00:00,11,2,9
2021-03-26 22:00:00,7,1,6
2021-03-26 23:00:00,4,2,2
2021-03-27 00:00:00,5,2,3
2021-03-27 01:00:00,3,1,2
2021-03-27 02:00:00,1,0,1
2021-03-27 03:00:00,1,0,1
2021-03-27 04:00:00,3,1,2
2021-03-27 05:00:00,6,4,2
2021-03-27 06:00:00,17,9,8
2021-03-27 07:00:00,12,6,6
2021-03-27 08:00:00,37,24,13
2021-03-27 09:00:00,34,19,15
2021-03-27 10:00:00,58,32,26
2021-03-27 11:00:00,79,37,42
2021-03-27 12:00:00,70,29,41
2021-03-27 13:00:00,85,54,31
2021-03-27 14:00:00,81,39,42
2021-03-27 15:00:00,100,42,58
2021-03-27 16:00:00,71,29,42
2021-03-27 17:00:00,55,28,27
2021-03-27 18:00:00,42,18,24
2021-03-27 19:00:00,18,5,13
2021-03-27 20:00:00,14,8,6
2021-03-27 21:00:00,9,6,3
2021-03-27 22:00:00,3,1,2
2021-03-27 23:00:00,3,2,1
2021-03-28 00:00:00,2,0,2
2021-03-28 01:00:00,4,0,4
2021-03-28 02:00:00,3,1,2
2021-03-28 03:00:00,3,0,3
2021-03-28 04:00:00,5,3,2
2021-03-28 05:00:00,6,5,1
2021-03-28 06:00:00,4,2,2
2021-03-28 07:00:00,9,5,4
2021-03-28 08:00:00,6,3,3
2021-03-28 09:00:00,15,8,7
2021-03-28 10:00:00,13,5,8
2021-03-28 11:00:00,13,9,4
2021-03-28 12:00:00,6,4,2
2021-03-28 13:00:00,10,6,4
2021-03-28 14:00:00,2,2,0
2021-03-28 15:00:00,6,1,5
2021-03-28 16:00:00,9,2,7
2021-03-28 17:00:00,13,9,4
2021-03-28 18:00:00,13,6,7
2021-03-28 19:00:00,5,3,2
2021-03-28 20:00:00,6,1,5
2021-03-28 21:00:00,6,2,4
2021-03-28 22:00:00,3,2,1
2021-03-28 23:00:00,0,0,0
2021-03-29 00:00:00,1,1,0
2021-03-29 01:00:00,1,0,1
2021-03-29 02:00:00,2,1,1
2021-03-29 03:00:00,0,0,0
2021-03-29 04:00:00,2,2,0
2021-03-29 05:00:00,21,17,4
2021-03-29 06:00:00,42,35,7
2021-03-29 07:00:00,55,48,7
2021-03-29 08:00:00,55,47,8
2021-03-29 09:00:00,54,36,18
2021-03-29 10:00:00,26,18,8
2021-03-29 11:00:00,14,8,6
2021-03-29 12:00:00,16,11,5
2021-03-29 13:00:00,28,11,17
2021-03-29 14:00:00,38,17,21
2021-03-29 15:00:00,54,19,35
2021-03-29 16:00:00,79,19,60
2021-03-29 17:00:00,87,17,70
2021-03-29 18:00:00,67,16,51
2021-03-29 19:00:00,24,5,19
2021-03-29 20:00:00,5,2,3
2021-03-29 21:00:00,7,6,1
2021-03-29 22:00:00,11,7,4
2021-03-29 23:00:00,1,0,1
2021-03-30 00:00:00,2,1,1
2021-03-30 01:00:00,0,0,0
2021-03-30 02:00:00,8,1,7
2021-03-30 03:00:00,2,0,2
2021-03-30 04:00:00,3,3,0
2021-03-30 05:00:00,22,19,3
2021-03-30 06:00:00,43,38,5
2021-03-30 07:00:00,56,54,2
2021-03-30 08:00:00,51,44,7
2021-03-30 09:00:00,36,28,8
2021-03-30 10:00:00,36,25,11
2021-03-30 11:00:00,29,19,10
2021-03-30 12:00:00,32,15,17
2021-03-30 13:00:00,45,26,19
2021-03-30 14:00:00,63,29,34
2021-03-30 15:00:00,82,31,51
2021-03-30 16:00:00,71,16,55
2021-03-30 17:00:00,124,31,93
2021-03-30 18:00:00,87,24,63
2021-03-30 19:00:00,51,23,28
2021-03-30 20:00:00,16,5,11
2021-03-30 21:00:00,11,2,9
2021-03-30 22:00:00,4,0,4
2021-03-30 23:00:00,2,1,1
2021-03-31 00:00:00,3,1,2
2021-03-31 01:00:00,0,0,0
2021-03-31 02:00:00,6,3,3
2021-03-31 03:00:00,1,0,1
2021-03-31 04:00:00,3,3,0
2021-03-31 05:00:00,17,14,3
2021-03-31 06:00:00,43,37,6
2021-03-31 07:00:00,68,57,11
2021-03-31 08:00:00,63,52,11
2021-03-31 09:00:00,32,23,9
2021-03-31 10:00:00,40,30,10
2021-03-31 11:00:00,37,21,16
2021-03-31 12:00:00,37,21,16
2021-03-31 13:00:00,48,27,21
2021-03-31 14:00:00,52,24,28
2021-03-31 15:00:00,85,35,50
2021-03-31 16:00:00,124,44,80
2021-03-31 17:00:00,137,28,109
2021-03-31 18:00:00,79,26,53
2021-03-31 19:00:00,39,22,17
2021-03-31 20:00:00,16,4,12
2021-03-31 21:00:00,14,3,11
2021-03-31 22:00:00,10,4,6
2021-03-31 23:00:00,6,2,4
2021-04-01 00:00:00,6,5,1
2021-04-01 01:00:00,0,0,0
2021-04-01 02:00:00,4,3,1
2021-04-01 03:00:00,2,1,1
2021-04-01 04:00:00,4,4,0
2021-04-01 05:00:00,20,16,4
2021-04-01 06:00:00,46,37,9
2021-04-01 07:00:00,58,49,9
2021-04-01 08:00:00,58,49,9
2021-04-01 09:00:00,39,31,8
2021-04-01 10:00:00,30,21,9
2021-04-01 11:00:00,25,13,12
2021-04-01 12:00:00,30,19,11
2021-04-01 13:00:00,31,19,12
2021-04-01 14:00:00,39,16,23
2021-04-01 15:00:00,78,22,56
2021-04-01 16:00:00,86,28,58
2021-04-01 17:00:00,117,32,85
2021-04-01 18:00:00,77,23,54
2021-04-01 19:00:00,42,14,28
2021-04-01 20:00:00,22,12,10
2021-04-01 21:00:00,14,5,9
2021-04-01 22:00:00,7,1,6
2021-04-01 23:00:00,3,1,2
2021-04-02 00:00:00,0,0,0
2021-04-02 01:00:00,2,1,1
2021-04-02 02:00:00,4,2,2
2021-04-02 03:00:00,2,1,1
2021-04-02 04:00:00,5,3,2
2021-04-02 05:00:00,21,19,2
2021-04-02 06:00:00,38,34,4
2021-04-02 07:00:00,59,41,18
2021-04-02 08:00:00,62,50,12
2021-04-02 09:00:00,37,29,8
2021-04-02 10:00:00,30,18,12
2021-04-02 11:00:00,35,25,10
2021-04-02 12:00:00,45,21,24
2021-04-02 13:00:00,35,17,18
2021-04-02 14:00:00,52,25,27
2021-04-02 15:00:00,82,32,50
2021-04-02 16:00:00,84,27,57
2021-04-02 17:00:00,100,22,78
2021-04-02 18:00:00,55,14,41
2021-04-02 19:00:00,27,5,22
2021-04-02 20:00:00,24,11,13
2021-04-02 21:00:00,5,1,4
2021-04-02 22:00:00,5,0,5
2021-04-02 23:00:00,7,5,2
2021-04-03 00:00:00,4,1,3
2021-04-03 01:00:00,0,0,0
2021-04-03 02:00:00,3,0,3
2021-04-03 03:00:00,4,3,1
2021-04-03 04:00:00,1,1,0
2021-04-03 05:00:00,7,4,3
2021-04-03 06:00:00,9,7,2
2021-04-03 07:00:00,17,12,5
2021-04-03 08:00:00,36,22,14
2021-04-03 09:00:00,47,29,18
2021-04-03 10:00:00,57,35,22
2021-04-03 11:00:00,86,37,49
2021-04-03 12:00:00,85,42,43
2021-04-03 13:00:00,113,53,60
2021-04-03 14:00:00,75,41,34
2021-04-03 15:00:00,79,40,39
2021-04-03 16:00:00,84,42,42
2021-04-03 17:00:00,51,23,28
2021-04-03 18:00:00,56,28,28
2021-04-03 19:00:00,31,5,26
2021-04-03 20:00:00,22,13,9
2021-04-03 21:00:00,14,8,6
2021-04-03 22:00:00,2,0,2
2021-04-03 23:00:00,5,4,1
2021-04-04 00:00:00,1,0,1
2021-04-04 01:00:00,0,0,0
2021-04-04 02:00:00,0,0,0
2021-04-04 03:00:00,2,0,2
2021-04-04 04:00:00,1,1,0
2021-04-04 05:00:00,1,1,0
2021-04-04 06:00:00,6,2,4
2021-04-04 07:00:00,6,6,0
2021-04-04 08:00:00,10,6,4
2021-04-04 09:00:00,9,6,3
2021-04-04 10:00:00,26,11,15
2021-04-04 11:00:00,24,13,11
2021-04-04 12:00:00,27,17,10
2021-04-04 13:00:00,49,26,23
2021-04-04 14:00:00,37,17,20
2021-04-04 15:00:00,30,17,13
2021-04-04 16:00:00,22,8,14
2021-04-04 17:00:00,7,4,3
2021-04-04 18:00:00,16,4,12
2021-04-04 19:00:00,9,3,6
2021-04-04 20:00:00,4,2,2
2021-04-04 21:00:00,4,4,0
2021-04-04 22:00:00,3,1,2
2021-04-04 23:00:00,4,1,3
2021-04-05 00:00:00,2,2,0
2021-04-05 01:00:00,1,0,1
2021-04-05 02:00:00,0,0,0
2021-04-05 03:00:00,1,1,0
2021-04-05 04:00:00,4,4,0
2021-04-05 05:00:00,28,21,7
2021-04-05 06:00:00,44,36,8
2021-04-05 07:00:00,67,61,6
2021-04-05 08:00:00,59,51,8
2021-04-05 09:00:00,32,28,4
2021-04-05 10:00:00,30,16,14
2021-04-05 11:00:00,22,16,6
2021-04-05 12:00:00,28,16,12
2021-04-05 13:00:00,36,23,13
2021-04-05 14:00:00,51,21,30
2021-04-05 15:00:00,64,31,33
2021-04-05 16:00:00,115,31,84
2021-04-05 17:00:00,134,47,87
2021-04-05 18:00:00,82,19,63
2021-04-05 19:00:00,45,19,26
2021-04-05 20:00:00,20,8,12
2021-04-05 21:00:00,9,4,5
2021-04-05 22:00:00,6,1,5
2021-04-05 23:00:00,3,0,3
2021-04-06 00:00:00,2,2,0
2021-04-06 01:00:00,0,0,0
2021-04-06 02:00:00,2,1,1
2021-04-06 03:00:00,1,0,1
2021-04-06 04:00:00,2,2,0
2021-04-06 05:00:00,25,21,4
2021-04-06 06:00:00,65,53,12
2021-04-06 07:00:00,63,56,7
2021-04-06 08:00:00,57,47,10
2021-04-06 09:00:00,44,31,13
2021-04-06 10:00:00,41,29,12
2021-04-06 11:00:00,37,25,12
2021-04-06 12:00:00,28,16,12
2021-04-06 13:00:00,39,17,22
2021-04-06 14:00:00,50,22,28
2021-04-06 15:00:00,56,19,37
2021-04-06 16:00:00,117,29,88
2021-04-06 17:00:00,138,30,108
2021-04-06 18:00:00,85,31,54
2021-04-06 19:00:00,45,23,22
2021-04-06 20:00:00,18,6,12
2021-04-06 21:00:00,12,0,12
2021-04-06 22:00:00,6,0,6
2021-04-06 23:00:00,6,1,5
2021-04-07 00:00:00,7,4,3
2021-04-07 01:00:00,1,1,0
2021-04-07 02:00:00,4,1,3
2021-04-07 03:00:00,2,0,2
2021-04-07 04:00:00,1,1,0
2021-04-07 05:00:00,16,13,3
2021-04-07 06:00:00,49,42,7
2021-04-07 07:00:00,46,40,6
2021-04-07 08:00:00,48,42,6
2021-04-07 09:00:00,22,17,5
2021-04-07 10:00:00,22,14,8
2021-04-07 11:00:00,13,8,5
2021-04-07 12:00:00,23,9,14
2021-04-07 13:00:00,20,8,12
2021-04-07 14:00:00,27,12,15
2021-04-07 15:00:00,37,12,25
2021-04-07 16:00:00,58,12,46
2021-04-07 17:00:00,61,14,47
2021-04-07 18:00:00,42,9,33
2021-04-07 19:00:00,24,7,17
2021-04-07 20:00:00,11,3,8
2021-04-07 21:00:00,8,3,5
2021-04-07 22:00:00,2,0,2
2021-04-07 23:00:00,0,0,0
2021-04-08 00:00:00,1,1,0
2021-04-08 01:00:00,2,0,2
2021-04-08 02:00:00,1,1,0
2021-04-08 03:00:00,0,0,0
2021-04-08 04:00:00,2,1,1
2021-04-08 05:00:00,14,9,5
2021-04-08 06:00:00,43,39,4
2021-04-08 07:00:00,59,51,8
2021-04-08 08:00:00,58,46,12
2021-04-08 09:00:00,39,30,9
2021-04-08 10:00:00,22,16,6
2021-04-08 11:00:00,26,17,9
2021-04-08 12:00:00,32,19,13
2021-04-08 13:00:00,33,17,16
2021-04-08 14:00:00,45,27,18
2021-04-08 15:00:00,65,23,42
2021-04-08 16:00:00,88,29,59
2021-04-08 17:00:00,119,34,85
2021-04-08 18:00:00,70,20,50
2021-04-08 19:00:00,48,16,32
2021-04-08 20:00:00,19,6,13
2021-04-08 21:00:00,9,3,6
2021-04-08 22:00:00,10,1,9
2021-04-08 23:00:00,5,3,2
2021-04-09 00:00:00,1,0,1
2021-04-09 01:00:00,0,0,0
2021-04-09 02:00:00,3,2,1
2021-04-09 03:00:00,2,0,2
2021-04-09 04:00:00,2,2,0
2021-04-09 05:00:00,18,15,3
2021-04-09 06:00:00,33,32,1
2021-04-09 07:00:00,57,49,8
2021-04-09 08:00:00,56,46,10
2021-04-09 09:00:00,35,30,5
2021-04-09 10:00:00,25,14,11
2021-04-09 11:00:00,15,8,7
2021-04-09 12:00:00,32,23,9
2021-04-09 13:00:00,34,16,18
2021-04-09 14:00:00,46,21,25
2021-04-09 15:00:00,42,13,29
2021-04-09 16:00:00,66,15,51
2021-04-09 17:00:00,67,15,52
2021-04-09 18:00:00,41,9,32
2021-04-09 19:00:00,18,4,14
2021-04-09 20:00:00,6,1,5
2021-04-09 21:00:00,10,2,8
2021-04-09 22:00:00,5,0,5
2021-04-09 23:00:00,2,1,1
2021-04-10 00:00:00,1,0,1
2021-04-10 01:00:00,1,0,1
2021-04-10 02:00:00,2,2,0
2021-04-10 03:00:00,1,1,0
2021-04-10 04:00:00,2,0,2
2021-04-10 05:00:00,6,4,2
2021-04-10 06:00:00,6,6,0
2021-04-10 07:00:00,5,3,2
2021-04-10 08:00:00,15,5,10
2021-04-10 09:00:00,34,19,15
2021-04-10 10:00:00,47,26,21
2021-04-10 11:00:00,59,34,25
2021-04-10 12:00:00,58,27,31
2021-04-10 13:00:00,66,32,34
2021-04-10 14:00:00,82,39,43
2021-04-10 15:00:00,73,35,38
2021-04-10 16:00:00,74,37,37
2021-04-10 17:00:00,57,29,28
2021-04-10 18:00:00,25,11,14
2021-04-10 19:00:00,12,5,7
2021-04-10 20:00:00,9,3,6
2021-04-10 21:00:00,5,1,4
2021-04-10 22:00:00,3,2,1
2021-04-10 23:00:00,1,0,1
2021-04-11 00:00:00,4,0,4
2021-04-11 01:00:00,7,5,2
2021-04-11 02:00:00,5,0,5
2021-04-11 03:00:00,1,0,1
2021-04-11 04:00:00,3,3,0
2021-04-11 05:00:00,1,1,0
2021-04-11 06:00:00,6,1,5
2021-04-11 07:00:00,17,14,3
2021-04-11 08:00:00,23,14,9
2021-04-11 09:00:00,26,14,12
2021-04-11 10:00:00,63,46,17
2021-04-11 11:00:00,95,31,64
2021-04-11 12:00:00,81,25,56
2021-04-11 13:00:00,120,74,46
2021-04-11 14:00:00,89,47,42
2021-04-11 15:00:00,69,37,32
2021-04-11 16:00:00,83,50,33
2021-04-11 17:00:00,60,20,40
2021-04-11 18:00:00,37,19,18
2021-04-11 19:00:00,22,12,10
2021-04-11 20:00:00,15,11,4
2021-04-11 21:00:00,14,6,8
2021-04-11 22:00:00,4,2,2
2021-04-11 23:00:00,3,0,3
2021-04-12 00:00:00,0,0,0
2021-04-12 01:00:00,3,1,2
2021-04-12 02:00:00,0,0,0
2021-04-12 03:00:00,1,1,0
2021-04-12 04:00:00,7,6,1
2021-04-12 05:00:00,17,14,3
2021-04-12 06:00:00,40,39,1
2021-04-12 07:00:00,55,49,6
2021-04-12 08:00:00,54,45,9
2021-04-12 09:00:00,45,26,19
2021-04-12 10:00:00,30,20,10
2021-04-12 11:00:00,21,12,9
2021-04-12 12:00:00,39,14,25
2021-04-12 13:00:00,39,20,19
2021-04-12 14:00:00,40,22,18
2021-04-12 15:00:00,49,16,33
2021-04-12 16:00:00,85,19,66
2021-04-12 17:00:00,95,29,66
2021-04-12 18:00:00,50,12,38
2021-04-12 19:00:00,28,14,14
2021-04-12 20:00:00,12,3,9
2021-04-12 21:00:00,5,2,3
2021-04-12 22:00:00,5,0,5
2021-04-12 23:00:00,0,0,0
2021-04-13 00:00:00,2,1,1
2021-04-13 01:00:00,1,0,1
2021-04-13 02:00:00,0,0,0
2021-04-13 03:00:00,0,0,0
2021-04-13 04:00:00,3,3,0
2021-04-13 05:00:00,30,25,5
2021-04-13 06:00:00,50,45,5
2021-04-13 07:00:00,54,43,11
2021-04-13 08:00:00,66,51,15
2021-04-13 09:00:00,44,31,13
2021-04-13 10:00:00,35,22,13
2021-04-13 11:00:00,43,23,20
2021-04-13 12:00:00,39,15,24
2021-04-13 13:00:00,42,19,23
2021-04-13 14:00:00,51,28,23
2021-04-13 15:00:00,62,27,35
2021-04-13 16:00:00,94,28,66
2021-04-13 17:00:00,113,34,79
2021-04-13 18:00:00,96,30,66
2021-04-13 19:00:00,40,15,25
2021-04-13 20:00:00,17,6,11
2021-04-13 21:00:00,10,4,6
2021-04-13 22:00:00,5,1,4
2021-04-13 23:00:00,4,2,2
2021-04-14 00:00:00,1,0,1
2021-04-14 01:00:00,2,1,1
2021-04-14 02:00:00,4,3,1
2021-04-14 03:00:00,5,1,4
2021-04-14 04:00:00,3,3,0
2021-04-14 05:00:00,29,22,7
2021-04-14 06:00:00,56,49,7
2021-04-14 07:00:00,57,52,5
2021-04-14 08:00:00,64,54,10
2021-04-14 09:00:00,28,23,5
2021-04-14 10:00:00,24,18,6
2021-04-14 11:00:00,35,14,21
2021-04-14 12:00:00,26,20,6
2021-04-14 13:00:00,56,27,29
2021-04-14 14:00:00,59,26,33
2021-04-14 15:00:00,59,17,42
2021-04-14 16:00:00,90,28,62
2021-04-14 17:00:00,134,33,101
2021-04-14 18:00:00,73,17,56
2021-04-14 19:00:00,49,18,31
2021-04-14 20:00:00,18,6,12
2021-04-14 21:00:00,8,3,5
2021-04-14 22:00:00,2,0,2
2021-04-14 23:00:00,4,2,2
2021-04-15 00:00:00,4,1,3
2021-04-15 01:00:00,0,0,0
2021-04-15 02:00:00,3,2,1
2021-04-15 03:00:00,1,0,1
2021-04-15 04:00:00,4,4,0
2021-04-15 05:00:00,29,24,5
2021-04-15 06:00:00,57,49,8
2021-04-15 07:00:00,62,54,8
2021-04-15 08:00:00,78,64,14
2021-04-15 09:00:00,38,29,9
2021-04-15 10:00:00,44,26,18
2021-04-15 11:00:00,56,37,19
2021-04-15 12:00:00,38,23,15
2021-04-15 13:00:00,55,28,27
2021-04-15 14:00:00,78,38,40
2021-04-15 15:00:00,63,20,43
2021-04-15 16:00:00,96,36,60
2021-04-15 17:00:00,169,43,126
2021-04-15 18:00:00,100,40,60
2021-04-15 19:00:00,78,16,62
2021-04-15 20:00:00,32,13,19
2021-04-15 21:00:00,21,5,16
2021-04-15 22:00:00,14,10,4
2021-04-15 23:00:00,9,7,2
2021-04-16 00:00:00,6,3,3
2021-04-16 01:00:00,1,1,0
2021-04-16 02:00:00,4,1,3
2021-04-16 03:00:00,1,1,0
2021-04-16 04:00:00,4,3,1
2021-04-16 05:00:00,28,22,6
2021-04-16 06:00:00,47,41,6
2021-04-16 07:00:00,61,53,8
2021-04-16 08:00:00,59,47,12
2021-04-16 09:00:00,48,28,20
2021-04-16 10:00:00,45,25,20
2021-04-16 11:00:00,54,26,28
2021-04-16 12:00:00,55,27,28
2021-04-16 13:00:00,56,26,30
2021-04-16 14:00:00,88,40,48
2021-04-16 15:00:00,82,23,59
2021-04-16 16:00:00,114,39,75
2021-04-16 17:00:00,93,34,59
2021-04-16 18:00:00,66,27,39
2021-04-16 19:00:00,37,10,27
2021-04-16 20:00:00,26,11,15
2021-04-16 21:00:00,19,7,12
2021-04-16 22:00:00,9,2,7
2021-04-16 23:00:00,4,1,3
2021-04-17 00:00:00,3,0,3
2021-04-17 01:00:00,1,0,1
2021-04-17 02:00:00,1,0,1
2021-04-17 03:00:00,2,2,0
2021-04-17 04:00:00,1,1,0
2021-04-17 05:00:00,5,3,2
2021-04-17 06:00:00,13,11,2
2021-04-17 07:00:00,20,12,8
2021-04-17 08:00:00,54,29,25
2021-04-17 09:00:00,52,24,28
2021-04-17 10:00:00,81,49,32
2021-04-17 11:00:00,84,41,43
2021-04-17 12:00:00,95,44,51
2021-04-17 13:00:00,136,62,74
2021-04-17 14:00:00,104,48,56
2021-04-17 15:00:00,129,64,65
2021-04-17 16:00:00,106,53,53
2021-04-17 17:00:00,62,29,33
2021-04-17 18:00:00,65,40,25
2021-04-17 19:00:00,48,24,24
2021-04-17 20:00:00,28,6,22
2021-04-17 21:00:00,20,9,11
2021-04-17 22:00:00,16,8,8
2021-04-17 23:00:00,5,2,3
2021-04-18 00:00:00,3,2,1
2021-04-18 01:00:00,4,0,4
2021-04-18 02:00:00,0,0,0
2021-04-18 03:00:00,1,0,1
2021-04-18 04:00:00,2,2,0
2021-04-18 05:00:00,5,3,2
2021-04-18 06:00:00,10,7,3
2021-04-18 07:00:00,16,13,3
2021-04-18 08:00:00,25,12,13
2021-04-18 09:00:00,65,32,33
2021-04-18 10:00:00,100,38,62
2021-04-18 11:00:00,93,45,48
2021-04-18 12:00:00,145,89,56
2021-04-18 13:00:00,109,54,55
2021-04-18 14:00:00,134,58,76
2021-04-18 15:00:00,105,47,58
2021-04-18 16:00:00,119,58,61
2021-04-18 17:00:00,72,42,30
2021-04-18 18:00:00,67,40,27
2021-04-18 19:00:00,34,20,14
2021-04-18 20:00:00,22,15,7
2021-04-18 21:00:00,10,4,6
2021-04-18 22:00:00,2,1,1
2021-04-18 23:00:00,2,2,0
2021-04-19 00:00:00,4,4,0
2021-04-19 01:00:00,2,1,1
2021-04-19 02:00:00,3,2,1
2021-04-19 03:00:00,0,0,0
2021-04-19 04:00:00,4,4,0
2021-04-19 05:00:00,33,26,7
2021-04-19 06:00:00,59,52,7
2021-04-19 07:00:00,75,68,7
2021-04-19 08:00:00,69,54,15
2021-04-19 09:00:00,46,37,9
2021-04-19 10:00:00,32,17,15
2021-04-19 11:00:00,30,19,11
2021-04-19 12:00:00,39,20,19
2021-04-19 13:00:00,30,11,19
2021-04-19 14:00:00,39,16,23
2021-04-19 15:00:00,68,27,41
2021-04-19 16:00:00,102,31,71
2021-04-19 17:00:00,134,31,103
2021-04-19 18:00:00,84,25,59
2021-04-19 19:00:00,37,13,24
2021-04-19 20:00:00,16,6,10
2021-04-19 21:00:00,10,4,6
2021-04-19 22:00:00,9,1,8
2021-04-19 23:00:00,2,0,2
2021-04-20 00:00:00,1,0,1
2021-04-20 01:00:00,0,0,0
2021-04-20 02:00:00,1,0,1
2021-04-20 03:00:00,1,1,0
2021-04-20 04:00:00,6,5,1
2021-04-20 05:00:00,36,29,7
2021-04-20 06:00:00,75,67,8
2021-04-20 07:00:00,84,67,17
2021-04-20 08:00:00,82,62,20
2021-04-20 09:00:00,41,29,12
2021-04-20 10:00:00,45,28,17
2021-04-20 11:00:00,31,15,16
2021-04-20 12:00:00,40,24,16
2021-04-20 13:00:00,50,21,29
2021-04-20 14:00:00,53,21,32
2021-04-20 15:00:00,81,33,48
2021-04-20 16:00:00,118,39,79
2021-04-20 17:00:00,147,35,112
2021-04-20 18:00:00,111,32,79
2021-04-20 19:00:00,60,24,36
2021-04-20 20:00:00,26,13,13
2021-04-20 21:00:00,11,6,5
2021-04-20 22:00:00,4,1,3
2021-04-20 23:00:00,6,3,3
2021-04-21 00:00:00,1,1,0
2021-04-21 01:00:00,1,1,0
2021-04-21 02:00:00,1,1,0
2021-04-21 03:00:00,2,1,1
2021-04-21 04:00:00,5,3,2
2021-04-21 05:00:00,33,24,9
2021-04-21 06:00:00,69,62,7
2021-04-21 07:00:00,79,71,8
2021-04-21 08:00:00,57,47,10
2021-04-21 09:00:00,42,34,8
2021-04-21 10:00:00,38,21,17
2021-04-21 11:00:00,35,22,13
2021-04-21 12:00:00,37,19,18
2021-04-21 13:00:00,57,33,24
2021-04-21 14:00:00,77,38,39
2021-04-21 15:00:00,73,33,40
2021-04-21 16:00:00,132,48,84
2021-04-21 17:00:00,157,43,114
2021-04-21 18:00:00,81,18,63
2021-04-21 19:00:00,57,13,44
2021-04-21 20:00:00,32,12,20
2021-04-21 21:00:00,14,4,10
2021-04-21 22:00:00,12,2,10
2021-04-21 23:00:00,8,4,4
2021-04-22 00:00:00,5,3,2
2021-04-22 01:00:00,0,0,0
2021-04-22 02:00:00,3,1,2
2021-04-22 03:00:00,3,1,2
2021-04-22 04:00:00,4,4,0
2021-04-22 05:00:00,32,25,7
2021-04-22 06:00:00,57,46,11
2021-04-22 07:00:00,81,66,15
2021-04-22 08:00:00,68,57,11
2021-04-22 09:00:00,43,31,12
2021-04-22 10:00:00,25,19,6
2021-04-22 11:00:00,26,15,11
2021-04-22 12:00:00,28,16,12
2021-04-22 13:00:00,40,24,16
2021-04-22 14:00:00,44,15,29
2021-04-22 15:00:00,62,28,34
2021-04-22 16:00:00,117,41,76
2021-04-22 17:00:00,132,29,103
2021-04-22 18:00:00,75,23,52
2021-04-22 19:00:00,58,18,40
2021-04-22 20:00:00,25,13,12
2021-04-22 21:00:00,9,3,6
2021-04-22 22:00:00,10,2,8
2021-04-22 23:00:00,12,3,9
2021-04-23 00:00:00,3,2,1
2021-04-23 01:00:00,4,4,0
2021-04-23 02:00:00,2,1,1
2021-04-23 03:00:00,1,0,1
2021-04-23 04:00:00,3,3,0
2021-04-23 05:00:00,35,24,11
2021-04-23 06:00:00,51,44,7
2021-04-23 07:00:00,70,56,14
2021-04-23 08:00:00,57,45,12
2021-04-23 09:00:00,35,26,9
2021-04-23 10:00:00,36,18,18
2021-04-23 11:00:00,31,22,9
2021-04-23 12:00:00,39,14,25
2021-04-23 13:00:00,40,22,18
2021-04-23 14:00:00,52,23,29
2021-04-23 15:00:00,94,42,52
2021-04-23 16:00:00,92,29,63
2021-04-23 17:00:00,117,34,83
2021-04-23 18:00:00,68,18,50
2021-04-23 19:00:00,34,12,22
2021-04-23 20:00:00,25,9,16
2021-04-23 21:00:00,11,7,4
2021-04-23 22:00:00,13,6,7
2021-04-23 23:00:00,3,2,1
2021-04-24 00:00:00,3,0,3
2021-04-24 01:00:00,0,0,0
2021-04-24 02:00:00,0,0,0
2021-04-24 03:00:00,3,1,2
2021-04-24 04:00:00,2,1,1
2021-04-24 05:00:00,3,3,0
2021-04-24 06:00:00,5,3,2
2021-04-24 07:00:00,5,3,2
2021-04-24 08:00:00,10,5,5
2021-04-24 09:00:00,17,10,7
2021-04-24 10:00:00,10,3,7
2021-04-24 11:00:00,23,13,10
2021-04-24 12:00:00,12,8,4
2021-04-24 13:00:00,26,14,12
2021-04-24 14:00:00,15,8,7
2021-04-24 15:00:00,15,9,6
2021-04-24 16:00:00,16,4,12
2021-04-24 17:00:00,12,3,9
2021-04-24 18:00:00,9,6,3
2021-04-24 19:00:00,15,7,8
2021-04-24 20:00:00,6,4,2
2021-04-24 21:00:00,2,0,2
2021-04-24 22:00:00,4,0,4
2021-04-24 23:00:00,1,0,1
2021-04-25 00:00:00,0,0,0
2021-04-25 01:00:00,0,0,0
2021-04-25 02:00:00,0,0,0
2021-04-25 03:00:00,0,0,0
2021-04-25 04:00:00,0,0,0
2021-04-25 05:00:00,0,0,0
2021-04-25 06:00:00,0,0,0
2021-04-25 07:00:00,0,0,0
2021-04-25 08:00:00,0,0,0
2021-04-25 09:00:00,0,0,0
2021-04-25 10:00:00,0,0,0
2021-04-25 11:00:00,0,0,0
2021-04-25 12:00:00,0,0,0
2021-04-25 13:00:00,0,0,0
2021-04-25 14:00:00,0,0,0
2021-04-25 15:00:00,0,0,0
2021-04-25 16:00:00,0,0,0
2021-04-25 17:00:00,0,0,0
2021-04-25 18:00:00,0,0,0
2021-04-25 19:00:00,0,0,0
2021-04-25 20:00:00,0,0,0
2021-04-25 21:00:00,0,0,0
2021-04-25 22:00:00,0,0,0
2021-04-25 23:00:00,0,0,0
2021-04-26 00:00:00,0,0,0
2021-04-26 01:00:00,0,0,0
2021-04-26 02:00:00,0,0,0
2021-04-26 03:00:00,0,0,0
2021-04-26 04:00:00,0,0,0
2021-04-26 05:00:00,0,0,0
2021-04-26 06:00:00,0,0,0
2021-04-26 07:00:00,0,0,0
2021-04-26 08:00:00,0,0,0
2021-04-26 09:00:00,0,0,0
2021-04-26 10:00:00,0,0,0
2021-04-26 11:00:00,0,0,0
2021-04-26 12:00:00,0,0,0
2021-04-26 13:00:00,0,0,0
2021-04-26 14:00:00,0,0,0
2021-04-26 15:00:00,0,0,0
2021-04-26 16:00:00,0,0,0
2021-04-26 17:00:00,0,0,0
2021-04-26 18:00:00,0,0,0
2021-04-26 19:00:00,0,0,0
2021-04-26 20:00:00,0,0,0
2021-04-26 21:00:00,0,0,0
2021-04-26 22:00:00,0,0,0
2021-04-26 23:00:00,0,0,0
2021-04-27 00:00:00,0,0,0
2021-04-27 01:00:00,0,0,0
2021-04-27 02:00:00,0,0,0
2021-04-27 03:00:00,0,0,0
2021-04-27 04:00:00,0,0,0
2021-04-27 05:00:00,0,0,0
2021-04-27 06:00:00,0,0,0
2021-04-27 07:00:00,0,0,0
2021-04-27 08:00:00,0,0,0
2021-04-27 09:00:00,0,0,0
2021-04-27 10:00:00,0,0,0
2021-04-27 11:00:00,0,0,0
2021-04-27 12:00:00,0,0,0
2021-04-27 13:00:00,0,0,0
2021-04-27 14:00:00,0,0,0
2021-04-27 15:00:00,0,0,0
2021-04-27 16:00:00,101,28,73
2021-04-27 17:00:00,122,30,92
2021-04-27 18:00:00,65,18,47
2021-04-27 19:00:00,49,19,30
2021-04-27 20:00:00,11,4,7
2021-04-27 21:00:00,10,0,10
2021-04-27 22:00:00,11,5,6
2021-04-27 23:00:00,1,0,1
2021-04-28 00:00:00,2,1,1
2021-04-28 01:00:00,3,1,2
2021-04-28 02:00:00,3,1,2
2021-04-28 03:00:00,2,2,0
2021-04-28 04:00:00,5,5,0
2021-04-28 05:00:00,30,20,10
2021-04-28 06:00:00,73,63,10
2021-04-28 07:00:00,70,63,7
2021-04-28 08:00:00,67,57,10
2021-04-28 09:00:00,50,37,13
2021-04-28 10:00:00,30,22,8
2021-04-28 11:00:00,29,20,9
2021-04-28 12:00:00,48,24,24
2021-04-28 13:00:00,31,16,15
2021-04-28 14:00:00,46,19,27
2021-04-28 15:00:00,69,26,43
2021-04-28 16:00:00,97,23,74
2021-04-28 17:00:00,127,27,100
2021-04-28 18:00:00,79,22,57
2021-04-28 19:00:00,49,15,34
2021-04-28 20:00:00,19,4,15
2021-04-28 21:00:00,16,4,12
2021-04-28 22:00:00,10,3,7
2021-04-28 23:00:00,6,3,3
2021-04-29 00:00:00,4,3,1
2021-04-29 01:00:00,1,0,1
2021-04-29 02:00:00,1,1,0
2021-04-29 03:00:00,0,0,0
2021-04-29 04:00:00,6,4,2
2021-04-29 05:00:00,30,24,6
2021-04-29 06:00:00,72,57,15
2021-04-29 07:00:00,85,73,12
2021-04-29 08:00:00,72,58,14
2021-04-29 09:00:00,59,44,15
2021-04-29 10:00:00,41,27,14
2021-04-29 11:00:00,43,22,21
2021-04-29 12:00:00,38,23,15
2021-04-29 13:00:00,54,24,30
2021-04-29 14:00:00,62,29,33
2021-04-29 15:00:00,83,36,47
2021-04-29 16:00:00,145,44,101
2021-04-29 17:00:00,134,42,92
2021-04-29 18:00:00,114,39,75
2021-04-29 19:00:00,70,26,44
2021-04-29 20:00:00,34,14,20
2021-04-29 21:00:00,26,8,18
2021-04-29 22:00:00,8,1,7
2021-04-29 23:00:00,2,1,1
2021-04-30 00:00:00,3,0,3
2021-04-30 01:00:00,0,0,0
2021-04-30 02:00:00,3,2,1
2021-04-30 03:00:00,3,3,0
2021-04-30 04:00:00,4,3,1
2021-04-30 05:00:00,23,17,6
2021-04-30 06:00:00,51,41,10
2021-04-30 07:00:00,52,43,9
2021-04-30 08:00:00,35,29,6
2021-04-30 09:00:00,20,15,5
2021-04-30 10:00:00,13,10,3
2021-04-30 11:00:00,15,7,8
2021-04-30 12:00:00,18,10,8
2021-04-30 13:00:00,20,10,10
2021-04-30 14:00:00,38,19,19
2021-04-30 15:00:00,58,23,35
2021-04-30 16:00:00,71,24,47
2021-04-30 17:00:00,73,14,59
2021-04-30 18:00:00,61,25,36
2021-04-30 19:00:00,49,13,36
2021-04-30 20:00:00,26,10,16
2021-04-30 21:00:00,13,5,8
2021-04-30 22:00:00,17,9,8
2021-04-30 23:00:00,8,3,5
2021-05-01 00:00:00,4,1,3
2021-05-01 01:00:00,1,1,0
2021-05-01 02:00:00,1,0,1
2021-05-01 03:00:00,1,1,0
2021-05-01 04:00:00,1,1,0
2021-05-01 05:00:00,3,3,0
2021-05-01 06:00:00,10,6,4
2021-05-01 07:00:00,10,7,3
2021-05-01 08:00:00,23,16,7
2021-05-01 09:00:00,40,21,19
2021-05-01 10:00:00,46,26,20
2021-05-01 11:00:00,47,17,30
2021-05-01 12:00:00,61,23,38
2021-05-01 13:00:00,59,33,26
2021-05-01 14:00:00,77,37,40
2021-05-01 15:00:00,53,23,30
2021-05-01 16:00:00,41,22,19
2021-05-01 17:00:00,37,17,20
2021-05-01 18:00:00,17,9,8
2021-05-01 19:00:00,13,4,9
2021-05-01 20:00:00,12,2,10
2021-05-01 21:00:00,13,8,5
2021-05-01 22:00:00,8,2,6
2021-05-01 23:00:00,2,0,2
2021-05-02 00:00:00,4,3,1
2021-05-02 01:00:00,4,0,4
2021-05-02 02:00:00,4,3,1
2021-05-02 03:00:00,2,1,1
2021-05-02 04:00:00,2,2,0
2021-05-02 05:00:00,6,3,3
2021-05-02 06:00:00,14,6,8
2021-05-02 07:00:00,15,13,2
2021-05-02 08:00:00,32,21,11
2021-05-02 09:00:00,38,19,19
2021-05-02 10:00:00,81,43,38
2021-05-02 11:00:00,86,31,55
2021-05-02 12:00:00,87,43,44
2021-05-02 13:00:00,116,62,54
2021-05-02 14:00:00,115,59,56
2021-05-02 15:00:00,101,50,51
2021-05-02 16:00:00,103,48,55
2021-05-02 17:00:00,76,37,39
2021-05-02 18:00:00,57,22,35
2021-05-02 19:00:00,23,14,9
2021-05-02 20:00:00,16,5,11
2021-05-02 21:00:00,7,6,1
2021-05-02 22:00:00,4,1,3
2021-05-02 23:00:00,5,1,4
2021-05-03 00:00:00,3,2,1
2021-05-03 01:00:00,4,2,2
2021-05-03 02:00:00,3,0,3
2021-05-03 03:00:00,1,0,1
2021-05-03 04:00:00,3,3,0
2021-05-03 05:00:00,30,21,9
2021-05-03 06:00:00,60,52,8
2021-05-03 07:00:00,64,58,6
2021-05-03 08:00:00,50,42,8
2021-05-03 09:00:00,38,27,11
2021-05-03 10:00:00,22,13,9
2021-05-03 11:00:00,30,20,10
2021-05-03 12:00:00,19,10,9
2021-05-03 13:00:00,24,10,14
2021-05-03 14:00:00,31,9,22
2021-05-03 15:00:00,43,15,28
2021-05-03 16:00:00,56,9,47
2021-05-03 17:00:00,72,10,62
2021-05-03 18:00:00,34,4,30
2021-05-03 19:00:00,11,5,6
2021-05-03 20:00:00,8,2,6
2021-05-03 21:00:00,9,4,5
2021-05-03 22:00:00,6,2,4
2021-05-03 23:00:00,2,2,0
2021-05-04 00:00:00,6,3,3
2021-05-04 01:00:00,1,0,1
2021-05-04 02:00:00,0,0,0
2021-05-04 03:00:00,1,0,1
2021-05-04 04:00:00,3,2,1
2021-05-04 05:00:00,29,22,7
2021-05-04 06:00:00,51,41,10
2021-05-04 07:00:00,62,56,6
2021-05-04 08:00:00,85,72,13
2021-05-04 09:00:00,50,38,12
2021-05-04 10:00:00,27,19,8
2021-05-04 11:00:00,20,10,10
2021-05-04 12:00:00,30,16,14
2021-05-04 13:00:00,42,21,21
2021-05-04 14:00:00,46,23,23
2021-05-04 15:00:00,81,33,48
2021-05-04 16:00:00,110,44,66
2021-05-04 17:00:00,129,29,100
2021-05-04 18:00:00,113,33,80
2021-05-04 19:00:00,56,23,33
2021-05-04 20:00:00,35,21,14
2021-05-04 21:00:00,19,4,15
2021-05-04 22:00:00,10,4,6
2021-05-04 23:00:00,14,9,5
2021-05-05 00:00:00,4,1,3
2021-05-05 01:00:00,3,1,2
2021-05-05 02:00:00,3,1,2
2021-05-05 03:00:00,3,3,0
2021-05-05 04:00:00,5,4,1
2021-05-05 05:00:00,41,31,10
2021-05-05 06:00:00,64,60,4
2021-05-05 07:00:00,78,69,9
2021-05-05 08:00:00,67,60,7
2021-05-05 09:00:00,50,36,14
2021-05-05 10:00:00,44,24,20
2021-05-05 11:00:00,36,31,5
2021-05-05 12:00:00,32,17,15
2021-05-05 13:00:00,43,19,24
2021-05-05 14:00:00,49,18,31
2021-05-05 15:00:00,92,31,61
2021-05-05 16:00:00,88,21,67
2021-05-05 17:00:00,138,29,109
2021-05-05 18:00:00,92,30,62
2021-05-05 19:00:00,48,14,34
2021-05-05 20:00:00,32,15,17
2021-05-05 21:00:00,13,5,8
2021-05-05 22:00:00,6,3,3
2021-05-05 23:00:00,8,3,5
2021-05-06 00:00:00,5,2,3
2021-05-06 01:00:00,5,3,2
2021-05-06 02:00:00,2,2,0
2021-05-06 03:00:00,4,1,3
2021-05-06 04:00:00,5,5,0
2021-05-06 05:00:00,30,21,9
2021-05-06 06:00:00,52,40,12
2021-05-06 07:00:00,66,52,14
2021-05-06 08:00:00,76,68,8
2021-05-06 09:00:00,39,32,7
2021-05-06 10:00:00,34,22,12
2021-05-06 11:00:00,32,17,15
2021-05-06 12:00:00,32,15,17
2021-05-06 13:00:00,36,19,17
2021-05-06 14:00:00,35,14,21
2021-05-06 15:00:00,57,17,40
2021-05-06 16:00:00,74,15,59
2021-05-06 17:00:00,84,24,60
2021-05-06 18:00:00,59,11,48
2021-05-06 19:00:00,31,13,18
2021-05-06 20:00:00,22,10,12
2021-05-06 21:00:00,10,3,7
2021-05-06 22:00:00,5,2,3
2021-05-06 23:00:00,9,0,9
2021-05-07 00:00:00,3,3,0
2021-05-07 01:00:00,0,0,0
2021-05-07 02:00:00,1,1,0
2021-05-07 03:00:00,1,0,1
2021-05-07 04:00:00,2,2,0
2021-05-07 05:00:00,32,23,9
2021-05-07 06:00:00,36,29,7
2021-05-07 07:00:00,49,41,8
2021-05-07 08:00:00,41,36,5
2021-05-07 09:00:00,36,28,8
2021-05-07 10:00:00,24,15,9
2021-05-07 11:00:00,20,11,9
2021-05-07 12:00:00,31,15,16
2021-05-07 13:00:00,19,6,13
2021-05-07 14:00:00,25,9,16
2021-05-07 15:00:00,42,16,26
2021-05-07 16:00:00,55,18,37
2021-05-07 17:00:00,68,20,48
2021-05-07 18:00:00,42,8,34
2021-05-07 19:00:00,28,7,21
2021-05-07 20:00:00,18,7,11
2021-05-07 21:00:00,10,7,3
2021-05-07 22:00:00,3,1,2
2021-05-07 23:00:00,3,0,3
2021-05-08 00:00:00,0,0,0
2021-05-08 01:00:00,0,0,0
2021-05-08 02:00:00,0,0,0
2021-05-08 03:00:00,0,0,0
2021-05-08 04:00:00,0,0,0
2021-05-08 05:00:00,0,0,0
2021-05-08 06:00:00,0,0,0
2021-05-08 07:00:00,0,0,0
2021-05-08 08:00:00,0,0,0
2021-05-08 09:00:00,0,0,0
2021-05-08 10:00:00,0,0,0
2021-05-08 11:00:00,0,0,0
2021-05-08 12:00:00,0,0,0
2021-05-08 13:00:00,0,0,0
2021-05-08 14:00:00,0,0,0
2021-05-08 15:00:00,0,0,0
2021-05-08 16:00:00,0,0,0
2021-05-08 17:00:00,0,0,0
2021-05-08 18:00:00,0,0,0
2021-05-08 19:00:00,0,0,0
2021-05-08 20:00:00,0,0,0
2021-05-08 21:00:00,0,0,0
2021-05-08 22:00:00,0,0,0
2021-05-08 23:00:00,0,0,0
2021-05-09 00:00:00,0,0,0
2021-05-09 01:00:00,0,0,0
2021-05-09 02:00:00,0,0,0
2021-05-09 03:00:00,0,0,0
2021-05-09 04:00:00,0,0,0
2021-05-09 05:00:00,0,0,0
2021-05-09 06:00:00,0,0,0
2021-05-09 07:00:00,0,0,0
2021-05-09 08:00:00,0,0,0
2021-05-09 09:00:00,0,0,0
2021-05-09 10:00:00,0,0,0
2021-05-09 11:00:00,0,0,0
2021-05-09 12:00:00,0,0,0
2021-05-09 13:00:00,0,0,0
2021-05-09 14:00:00,0,0,0
2021-05-09 15:00:00,0,0,0
2021-05-09 16:00:00,0,0,0
2021-05-09 17:00:00,0,0,0
2021-05-09 18:00:00,0,0,0
2021-05-09 19:00:00,0,0,0
2021-05-09 20:00:00,0,0,0
2021-05-09 21:00:00,0,0,0
2021-05-09 22:00:00,0,0,0
2021-05-09 23:00:00,0,0,0
2021-05-10 00:00:00,0,0,0
2021-05-10 01:00:00,0,0,0
2021-05-10 02:00:00,0,0,0
2021-05-10 03:00:00,0,0,0
2021-05-10 04:00:00,0,0,0
2021-05-10 05:00:00,0,0,0
2021-05-10 06:00:00,0,0,0
2021-05-10 07:00:00,0,0,0
2021-05-10 08:00:00,0,0,0
2021-05-10 09:00:00,0,0,0
2021-05-10 10:00:00,0,0,0
2021-05-10 11:00:00,0,0,0
2021-05-10 12:00:00,0,0,0
2021-05-10 13:00:00,0,0,0
2021-05-10 14:00:00,0,0,0
2021-05-10 15:00:00,0,0,0
2021-05-10 16:00:00,0,0,0
2021-05-10 17:00:00,0,0,0
2021-05-10 18:00:00,0,0,0
2021-05-10 19:00:00,0,0,0
2021-05-10 20:00:00,0,0,0
2021-05-10 21:00:00,0,0,0
2021-05-10 22:00:00,0,0,0
2021-05-10 23:00:00,0,0,0
2021-05-11 00:00:00,0,0,0
2021-05-11 01:00:00,0,0,0
2021-05-11 02:00:00,0,0,0
2021-05-11 03:00:00,0,0,0
2021-05-11 04:00:00,0,0,0
2021-05-11 05:00:00,0,0,0
2021-05-11 06:00:00,0,0,0
2021-05-11 07:00:00,0,0,0
2021-05-11 08:00:00,0,0,0
2021-05-11 09:00:00,0,0,0
2021-05-11 10:00:00,0,0,0
2021-05-11 11:00:00,0,0,0
2021-05-11 12:00:00,0,0,0
2021-05-11 13:00:00,0,0,0
2021-05-11 14:00:00,0,0,0
2021-05-11 15:00:00,0,0,0
2021-05-11 16:00:00,0,0,0
2021-05-11 17:00:00,0,0,0
2021-05-11 18:00:00,0,0,0
2021-05-11 19:00:00,0,0,0
2021-05-11 20:00:00,0,0,0
2021-05-11 21:00:00,0,0,0
2021-05-11 22:00:00,0,0,0
2021-05-11 23:00:00,0,0,0
2021-05-12 00:00:00,0,0,0
2021-05-12 01:00:00,0,0,0
2021-05-12 02:00:00,0,0,0
2021-05-12 03:00:00,0,0,0
2021-05-12 04:00:00,0,0,0
2021-05-12 05:00:00,0,0,0
2021-05-12 06:00:00,0,0,0
2021-05-12 07:00:00,0,0,0
2021-05-12 08:00:00,0,0,0
2021-05-12 09:00:00,0,0,0
2021-05-12 10:00:00,0,0,0
2021-05-12 11:00:00,0,0,0
2021-05-12 12:00:00,0,0,0
2021-05-12 13:00:00,0,0,0
2021-05-12 14:00:00,0,0,0
2021-05-12 15:00:00,0,0,0
2021-05-12 16:00:00,0,0,0
2021-05-12 17:00:00,0,0,0
2021-05-12 18:00:00,0,0,0
2021-05-12 19:00:00,0,0,0
2021-05-12 20:00:00,0,0,0
2021-05-12 21:00:00,0,0,0
2021-05-12 22:00:00,0,0,0
2021-05-12 23:00:00,0,0,0
2021-05-13 00:00:00,0,0,0
2021-05-13 01:00:00,0,0,0
2021-05-13 02:00:00,0,0,0
2021-05-13 03:00:00,0,0,0
2021-05-13 04:00:00,0,0,0
2021-05-13 05:00:00,0,0,0
2021-05-13 06:00:00,0,0,0
2021-05-13 07:00:00,0,0,0
2021-05-13 08:00:00,0,0,0
2021-05-13 09:00:00,0,0,0
2021-05-13 10:00:00,0,0,0
2021-05-13 11:00:00,0,0,0
2021-05-13 12:00:00,0,0,0
2021-05-13 13:00:00,0,0,0
2021-05-13 14:00:00,0,0,0
2021-05-13 15:00:00,0,0,0
2021-05-13 16:00:00,0,0,0
2021-05-13 17:00:00,0,0,0
2021-05-13 18:00:00,0,0,0
2021-05-13 19:00:00,0,0,0
2021-05-13 20:00:00,0,0,0
2021-05-13 21:00:00,0,0,0
2021-05-13 22:00:00,0,0,0
2021-05-13 23:00:00,0,0,0
2021-05-14 00:00:00,0,0,0
2021-05-14 01:00:00,0,0,0
2021-05-14 02:00:00,0,0,0
2021-05-14 03:00:00,0,0,0
2021-05-14 04:00:00,0,0,0
2021-05-14 05:00:00,0,0,0
2021-05-14 06:00:00,0,0,0
2021-05-14 07:00:00,0,0,0
2021-05-14 08:00:00,0,0,0
2021-05-14 09:00:00,0,0,0
2021-05-14 10:00:00,0,0,0
2021-05-14 11:00:00,0,0,0
2021-05-14 12:00:00,0,0,0
2021-05-14 13:00:00,0,0,0
2021-05-14 14:00:00,0,0,0
2021-05-14 15:00:00,0,0,0
2021-05-14 16:00:00,0,0,0
2021-05-14 17:00:00,0,0,0
2021-05-14 18:00:00,0,0,0
2021-05-14 19:00:00,0,0,0
2021-05-14 20:00:00,0,0,0
2021-05-14 21:00:00,0,0,0
2021-05-14 22:00:00,0,0,0
2021-05-14 23:00:00,0,0,0
2021-05-15 00:00:00,0,0,0
2021-05-15 01:00:00,0,0,0
2021-05-15 02:00:00,0,0,0
2021-05-15 03:00:00,0,0,0
2021-05-15 04:00:00,0,0,0
2021-05-15 05:00:00,0,0,0
2021-05-15 06:00:00,0,0,0
2021-05-15 07:00:00,0,0,0
2021-05-15 08:00:00,0,0,0
2021-05-15 09:00:00,0,0,0
2021-05-15 10:00:00,0,0,0
2021-05-15 11:00:00,0,0,0
2021-05-15 12:00:00,0,0,0
2021-05-15 13:00:00,0,0,0
2021-05-15 14:00:00,0,0,0
2021-05-15 15:00:00,0,0,0
2021-05-15 16:00:00,0,0,0
2021-05-15 17:00:00,0,0,0
2021-05-15 18:00:00,0,0,0
2021-05-15 19:00:00,0,0,0
2021-05-15 20:00:00,0,0,0
2021-05-15 21:00:00,0,0,0
2021-05-15 22:00:00,0,0,0
2021-05-15 23:00:00,0,0,0
2021-05-16 00:00:00,0,0,0
2021-05-16 01:00:00,0,0,0
2021-05-16 02:00:00,0,0,0
2021-05-16 03:00:00,0,0,0
2021-05-16 04:00:00,0,0,0
2021-05-16 05:00:00,0,0,0
2021-05-16 06:00:00,0,0,0
2021-05-16 07:00:00,0,0,0
2021-05-16 08:00:00,0,0,0
2021-05-16 09:00:00,0,0,0
2021-05-16 10:00:00,0,0,0
2021-05-16 11:00:00,0,0,0
2021-05-16 12:00:00,0,0,0
2021-05-16 13:00:00,0,0,0
2021-05-16 14:00:00,0,0,0
2021-05-16 15:00:00,0,0,0
2021-05-16 16:00:00,0,0,0
2021-05-16 17:00:00,0,0,0
2021-05-16 18:00:00,0,0,0
2021-05-16 19:00:00,0,0,0
2021-05-16 20:00:00,0,0,0
2021-05-16 21:00:00,0,0,0
2021-05-16 22:00:00,0,0,0
2021-05-16 23:00:00,0,0,0
2021-05-17 00:00:00,0,0,0
2021-05-17 01:00:00,0,0,0
2021-05-17 02:00:00,0,0,0
2021-05-17 03:00:00,0,0,0
2021-05-17 04:00:00,0,0,0
2021-05-17 05:00:00,0,0,0
2021-05-17 06:00:00,0,0,0
2021-05-17 07:00:00,0,0,0
2021-05-17 08:00:00,0,0,0
2021-05-17 09:00:00,0,0,0
2021-05-17 10:00:00,0,0,0
2021-05-17 11:00:00,0,0,0
2021-05-17 12:00:00,0,0,0
2021-05-17 13:00:00,0,0,0
2021-05-17 14:00:00,0,0,0
2021-05-17 15:00:00,0,0,0
2021-05-17 16:00:00,0,0,0
2021-05-17 17:00:00,0,0,0
2021-05-17 18:00:00,0,0,0
2021-05-17 19:00:00,0,0,0
2021-05-17 20:00:00,0,0,0
2021-05-17 21:00:00,0,0,0
2021-05-17 22:00:00,0,0,0
2021-05-17 23:00:00,0,0,0
2021-05-18 00:00:00,0,0,0
2021-05-18 01:00:00,0,0,0
2021-05-18 02:00:00,0,0,0
2021-05-18 03:00:00,0,0,0
2021-05-18 04:00:00,0,0,0
2021-05-18 05:00:00,0,0,0
2021-05-18 06:00:00,0,0,0
2021-05-18 07:00:00,0,0,0
2021-05-18 08:00:00,0,0,0
2021-05-18 09:00:00,0,0,0
2021-05-18 10:00:00,0,0,0
2021-05-18 11:00:00,0,0,0
2021-05-18 12:00:00,0,0,0
2021-05-18 13:00:00,0,0,0
2021-05-18 14:00:00,0,0,0
2021-05-18 15:00:00,0,0,0
2021-05-18 16:00:00,0,0,0
2021-05-18 17:00:00,0,0,0
2021-05-18 18:00:00,0,0,0
2021-05-18 19:00:00,0,0,0
2021-05-18 20:00:00,0,0,0
2021-05-18 21:00:00,0,0,0
2021-05-18 22:00:00,0,0,0
2021-05-18 23:00:00,0,0,0
2021-05-19 00:00:00,0,0,0
2021-05-19 01:00:00,0,0,0
2021-05-19 02:00:00,0,0,0
2021-05-19 03:00:00,0,0,0
2021-05-19 04:00:00,0,0,0
2021-05-19 05:00:00,0,0,0
2021-05-19 06:00:00,0,0,0
2021-05-19 07:00:00,0,0,0
2021-05-19 08:00:00,0,0,0
2021-05-19 09:00:00,0,0,0
2021-05-19 10:00:00,0,0,0
2021-05-19 11:00:00,0,0,0
2021-05-19 12:00:00,0,0,0
2021-05-19 13:00:00,0,0,0
2021-05-19 14:00:00,0,0,0
2021-05-19 15:00:00,0,0,0
2021-05-19 16:00:00,0,0,0
2021-05-19 17:00:00,0,0,0
2021-05-19 18:00:00,0,0,0
2021-05-19 19:00:00,0,0,0
2021-05-19 20:00:00,0,0,0
2021-05-19 21:00:00,0,0,0
2021-05-19 22:00:00,0,0,0
2021-05-19 23:00:00,0,0,0
2021-05-20 00:00:00,0,0,0
2021-05-20 01:00:00,0,0,0
2021-05-20 02:00:00,0,0,0
2021-05-20 03:00:00,0,0,0
2021-05-20 04:00:00,0,0,0
2021-05-20 05:00:00,0,0,0
2021-05-20 06:00:00,0,0,0
2021-05-20 07:00:00,0,0,0
2021-05-20 08:00:00,0,0,0
2021-05-20 09:00:00,0,0,0
2021-05-20 10:00:00,0,0,0
2021-05-20 11:00:00,0,0,0
2021-05-20 12:00:00,0,0,0
2021-05-20 13:00:00,0,0,0
2021-05-20 14:00:00,0,0,0
2021-05-20 15:00:00,0,0,0
2021-05-20 16:00:00,0,0,0
2021-05-20 17:00:00,0,0,0
2021-05-20 18:00:00,0,0,0
2021-05-20 19:00:00,0,0,0
2021-05-20 20:00:00,0,0,0
2021-05-20 21:00:00,0,0,0
2021-05-20 22:00:00,0,0,0
2021-05-20 23:00:00,0,0,0
2021-05-21 00:00:00,0,0,0
2021-05-21 01:00:00,0,0,0
2021-05-21 02:00:00,0,0,0
2021-05-21 03:00:00,0,0,0
2021-05-21 04:00:00,0,0,0
2021-05-21 05:00:00,0,0,0
2021-05-21 06:00:00,0,0,0
2021-05-21 07:00:00,0,0,0
2021-05-21 08:00:00,0,0,0
2021-05-21 09:00:00,0,0,0
2021-05-21 10:00:00,0,0,0
2021-05-21 11:00:00,0,0,0
2021-05-21 12:00:00,0,0,0
2021-05-21 13:00:00,0,0,0
2021-05-21 14:00:00,0,0,0
2021-05-21 15:00:00,0,0,0
2021-05-21 16:00:00,0,0,0
2021-05-21 17:00:00,0,0,0
2021-05-21 18:00:00,0,0,0
2021-05-21 19:00:00,0,0,0
2021-05-21 20:00:00,0,0,0
2021-05-21 21:00:00,0,0,0
2021-05-21 22:00:00,0,0,0
2021-05-21 23:00:00,0,0,0
2021-05-22 00:00:00,0,0,0
2021-05-22 01:00:00,0,0,0
2021-05-22 02:00:00,0,0,0
2021-05-22 03:00:00,0,0,0
2021-05-22 04:00:00,0,0,0
2021-05-22 05:00:00,0,0,0
2021-05-22 06:00:00,0,0,0
2021-05-22 07:00:00,0,0,0
2021-05-22 08:00:00,0,0,0
2021-05-22 09:00:00,0,0,0
2021-05-22 10:00:00,0,0,0
2021-05-22 11:00:00,0,0,0
2021-05-22 12:00:00,0,0,0
2021-05-22 13:00:00,0,0,0
2021-05-22 14:00:00,0,0,0
2021-05-22 15:00:00,0,0,0
2021-05-22 16:00:00,0,0,0
2021-05-22 17:00:00,0,0,0
2021-05-22 18:00:00,0,0,0
2021-05-22 19:00:00,0,0,0
2021-05-22 20:00:00,0,0,0
2021-05-22 21:00:00,0,0,0
2021-05-22 22:00:00,0,0,0
2021-05-22 23:00:00,0,0,0
2021-05-23 00:00:00,0,0,0
2021-05-23 01:00:00,0,0,0
2021-05-23 02:00:00,0,0,0
2021-05-23 03:00:00,0,0,0
2021-05-23 04:00:00,0,0,0
2021-05-23 05:00:00,0,0,0
2021-05-23 06:00:00,0,0,0
2021-05-23 07:00:00,0,0,0
2021-05-23 08:00:00,0,0,0
2021-05-23 09:00:00,0,0,0
2021-05-23 10:00:00,0,0,0
2021-05-23 11:00:00,0,0,0
2021-05-23 12:00:00,0,0,0
2021-05-23 13:00:00,0,0,0
2021-05-23 14:00:00,0,0,0
2021-05-23 15:00:00,0,0,0
2021-05-23 16:00:00,0,0,0
2021-05-23 17:00:00,0,0,0
2021-05-23 18:00:00,0,0,0
2021-05-23 19:00:00,0,0,0
2021-05-23 20:00:00,0,0,0
2021-05-23 21:00:00,0,0,0
2021-05-23 22:00:00,0,0,0
2021-05-23 23:00:00,0,0,0
2021-05-24 00:00:00,0,0,0
2021-05-24 01:00:00,0,0,0
2021-05-24 02:00:00,0,0,0
2021-05-24 03:00:00,0,0,0
2021-05-24 04:00:00,0,0,0
2021-05-24 05:00:00,0,0,0
2021-05-24 06:00:00,0,0,0
2021-05-24 07:00:00,0,0,0
2021-05-24 08:00:00,0,0,0
2021-05-24 09:00:00,0,0,0
2021-05-24 10:00:00,0,0,0
2021-05-24 11:00:00,0,0,0
2021-05-24 12:00:00,0,0,0
2021-05-24 13:00:00,0,0,0
2021-05-24 14:00:00,0,0,0
2021-05-24 15:00:00,0,0,0
2021-05-24 16:00:00,0,0,0
2021-05-24 17:00:00,0,0,0
2021-05-24 18:00:00,0,0,0
2021-05-24 19:00:00,0,0,0
2021-05-24 20:00:00,0,0,0
2021-05-24 21:00:00,0,0,0
2021-05-24 22:00:00,0,0,0
2021-05-24 23:00:00,0,0,0
2021-05-25 00:00:00,0,0,0
2021-05-25 01:00:00,0,0,0
2021-05-25 02:00:00,0,0,0
2021-05-25 03:00:00,0,0,0
2021-05-25 04:00:00,0,0,0
2021-05-25 05:00:00,0,0,0
2021-05-25 06:00:00,0,0,0
2021-05-25 07:00:00,0,0,0
2021-05-25 08:00:00,0,0,0
2021-05-25 09:00:00,0,0,0
2021-05-25 10:00:00,0,0,0
2021-05-25 11:00:00,0,0,0
2021-05-25 12:00:00,0,0,0
2021-05-25 13:00:00,0,0,0
2021-05-25 14:00:00,0,0,0
2021-05-25 15:00:00,0,0,0
2021-05-25 16:00:00,0,0,0
2021-05-25 17:00:00,0,0,0
2021-05-25 18:00:00,0,0,0
2021-05-25 19:00:00,0,0,0
2021-05-25 20:00:00,0,0,0
2021-05-25 21:00:00,0,0,0
2021-05-25 22:00:00,0,0,0
2021-05-25 23:00:00,0,0,0
2021-05-26 00:00:00,0,0,0
2021-05-26 01:00:00,0,0,0
2021-05-26 02:00:00,0,0,0
2021-05-26 03:00:00,0,0,0
2021-05-26 04:00:00,0,0,0
2021-05-26 05:00:00,0,0,0
2021-05-26 06:00:00,0,0,0
2021-05-26 07:00:00,0,0,0
2021-05-26 08:00:00,0,0,0
2021-05-26 09:00:00,0,0,0
2021-05-26 10:00:00,0,0,0
2021-05-26 11:00:00,0,0,0
2021-05-26 12:00:00,0,0,0
2021-05-26 13:00:00,0,0,0
2021-05-26 14:00:00,0,0,0
2021-05-26 15:00:00,0,0,0
2021-05-26 16:00:00,0,0,0
2021-05-26 17:00:00,0,0,0
2021-05-26 18:00:00,0,0,0
2021-05-26 19:00:00,0,0,0
2021-05-26 20:00:00,0,0,0
2021-05-26 21:00:00,0,0,0
2021-05-26 22:00:00,0,0,0
2021-05-26 23:00:00,0,0,0
2021-05-27 00:00:00,0,0,0
2021-05-27 01:00:00,0,0,0
2021-05-27 02:00:00,0,0,0
2021-05-27 03:00:00,0,0,0
2021-05-27 04:00:00,0,0,0
2021-05-27 05:00:00,0,0,0
2021-05-27 06:00:00,0,0,0
2021-05-27 07:00:00,0,0,0
2021-05-27 08:00:00,0,0,0
2021-05-27 09:00:00,0,0,0
2021-05-27 10:00:00,0,0,0
2021-05-27 11:00:00,0,0,0
2021-05-27 12:00:00,0,0,0
2021-05-27 13:00:00,0,0,0
2021-05-27 14:00:00,0,0,0
2021-05-27 15:00:00,0,0,0
2021-05-27 16:00:00,0,0,0
2021-05-27 17:00:00,0,0,0
2021-05-27 18:00:00,0,0,0
2021-05-27 19:00:00,0,0,0
2021-05-27 20:00:00,0,0,0
2021-05-27 21:00:00,0,0,0
2021-05-27 22:00:00,0,0,0
2021-05-27 23:00:00,0,0,0
2021-05-28 00:00:00,0,0,0
2021-05-28 01:00:00,0,0,0
2021-05-28 02:00:00,0,0,0
2021-05-28 03:00:00,0,0,0
2021-05-28 04:00:00,0,0,0
2021-05-28 05:00:00,0,0,0
2021-05-28 06:00:00,0,0,0
2021-05-28 07:00:00,0,0,0
2021-05-28 08:00:00,0,0,0
2021-05-28 09:00:00,0,0,0
2021-05-28 10:00:00,0,0,0
2021-05-28 11:00:00,0,0,0
2021-05-28 12:00:00,0,0,0
2021-05-28 13:00:00,0,0,0
2021-05-28 14:00:00,0,0,0
2021-05-28 15:00:00,1,0,1
2021-05-28 16:00:00,15,8,7
2021-05-28 17:00:00,84,60,24
2021-05-28 18:00:00,58,32,26
2021-05-28 19:00:00,34,26,8
2021-05-28 20:00:00,34,22,12
2021-05-28 21:00:00,20,14,6
2021-05-28 22:00:00,13,7,6
2021-05-28 23:00:00,2,1,1
2021-05-29 00:00:00,6,6,0
2021-05-29 01:00:00,0,0,0
2021-05-29 02:00:00,1,0,1
2021-05-29 03:00:00,0,0,0
2021-05-29 04:00:00,2,0,2
2021-05-29 05:00:00,3,1,2
2021-05-29 06:00:00,12,2,10
2021-05-29 07:00:00,11,3,8
2021-05-29 08:00:00,56,29,27
2021-05-29 09:00:00,52,20,32
2021-05-29 10:00:00,54,16,38
2021-05-29 11:00:00,84,47,37
2021-05-29 12:00:00,103,69,34
2021-05-29 13:00:00,126,68,58
2021-05-29 14:00:00,102,53,49
2021-05-29 15:00:00,66,35,31
2021-05-29 16:00:00,98,44,54
2021-05-29 17:00:00,63,28,35
2021-05-29 18:00:00,49,24,25
2021-05-29 19:00:00,27,19,8
2021-05-29 20:00:00,19,10,9
2021-05-29 21:00:00,21,10,11
2021-05-29 22:00:00,19,13,6
2021-05-29 23:00:00,7,7,0
2021-05-30 00:00:00,15,4,11
2021-05-30 01:00:00,3,3,0
2021-05-30 02:00:00,1,1,0
2021-05-30 03:00:00,0,0,0
2021-05-30 04:00:00,5,2,3
2021-05-30 05:00:00,2,0,2
2021-05-30 06:00:00,11,5,6
2021-05-30 07:00:00,27,10,17
2021-05-30 08:00:00,30,17,13
2021-05-30 09:00:00,45,19,26
2021-05-30 10:00:00,86,42,44
2021-05-30 11:00:00,66,33,33
2021-05-30 12:00:00,83,39,44
2021-05-30 13:00:00,81,29,52
2021-05-30 14:00:00,57,27,30
2021-05-30 15:00:00,71,51,20
2021-05-30 16:00:00,68,32,36
2021-05-30 17:00:00,39,17,22
2021-05-30 18:00:00,40,19,21
2021-05-30 19:00:00,62,38,24
2021-05-30 20:00:00,18,12,6
2021-05-30 21:00:00,8,3,5
2021-05-30 22:00:00,8,5,3
2021-05-30 23:00:00,7,5,2
2021-05-31 00:00:00,5,3,2
2021-05-31 01:00:00,3,2,1
2021-05-31 02:00:00,1,1,0
2021-05-31 03:00:00,6,2,4
2021-05-31 04:00:00,2,1,1
2021-05-31 05:00:00,4,2,2
2021-05-31 06:00:00,14,5,9
2021-05-31 07:00:00,16,6,10
2021-05-31 08:00:00,27,13,14
2021-05-31 09:00:00,52,15,37
2021-05-31 10:00:00,65,33,32
2021-05-31 11:00:00,99,45,54
2021-05-31 12:00:00,127,57,70
2021-05-31 13:00:00,98,54,44
2021-05-31 14:00:00,116,61,55
2021-05-31 15:00:00,81,43,38
2021-05-31 16:00:00,85,45,40
2021-05-31 17:00:00,72,42,30
2021-05-31 18:00:00,51,32,19
2021-05-31 19:00:00,22,11,11
2021-05-31 20:00:00,24,14,10
2021-05-31 21:00:00,13,7,6
2021-05-31 22:00:00,5,3,2
2021-05-31 23:00:00,10,6,4
2021-06-01 00:00:00,6,3,3
2021-06-01 01:00:00,2,1,1
2021-06-01 02:00:00,3,1,2
2021-06-01 03:00:00,2,1,1
2021-06-01 04:00:00,7,1,6
2021-06-01 05:00:00,29,4,25
2021-06-01 06:00:00,82,8,74
2021-06-01 07:00:00,106,12,94
2021-06-01 08:00:00,84,14,70
2021-06-01 09:00:00,49,9,40
2021-06-01 10:00:00,30,12,18
2021-06-01 11:00:00,37,9,28
2021-06-01 12:00:00,37,23,14
2021-06-01 13:00:00,38,20,18
2021-06-01 14:00:00,54,32,22
2021-06-01 15:00:00,94,61,33
2021-06-01 16:00:00,116,85,31
2021-06-01 17:00:00,150,113,37
2021-06-01 18:00:00,83,59,24
2021-06-01 19:00:00,51,39,12
2021-06-01 20:00:00,26,15,11
2021-06-01 21:00:00,19,11,8
2021-06-01 22:00:00,13,11,2
2021-06-01 23:00:00,11,8,3
2021-06-02 00:00:00,3,1,2
2021-06-02 01:00:00,2,1,1
2021-06-02 02:00:00,4,1,3
2021-06-02 03:00:00,1,0,1
2021-06-02 04:00:00,10,1,9
2021-06-02 05:00:00,30,4,26
2021-06-02 06:00:00,73,7,66
2021-06-02 07:00:00,108,11,97
2021-06-02 08:00:00,85,14,71
2021-06-02 09:00:00,42,10,32
2021-06-02 10:00:00,38,20,18
2021-06-02 11:00:00,49,22,27
2021-06-02 12:00:00,34,15,19
2021-06-02 13:00:00,52,33,19
2021-06-02 14:00:00,50,26,24
2021-06-02 15:00:00,82,58,24
2021-06-02 16:00:00,111,81,30
2021-06-02 17:00:00,139,111,28
2021-06-02 18:00:00,78,55,23
2021-06-02 19:00:00,66,50,16
2021-06-02 20:00:00,51,18,33
2021-06-02 21:00:00,34,12,22
2021-06-02 22:00:00,10,8,2
2021-06-02 23:00:00,8,8,0
2021-06-03 00:00:00,3,3,0
2021-06-03 01:00:00,3,0,3
2021-06-03 02:00:00,4,1,3
2021-06-03 03:00:00,5,3,2
2021-06-03 04:00:00,5,0,5
2021-06-03 05:00:00,40,9,31
2021-06-03 06:00:00,69,8,61
2021-06-03 07:00:00,89,10,79
2021-06-03 08:00:00,90,15,75
2021-06-03 09:00:00,45,10,35
2021-06-03 10:00:00,36,6,30
2021-06-03 11:00:00,40,17,23
2021-06-03 12:00:00,54,28,26
2021-06-03 13:00:00,29,20,9
2021-06-03 14:00:00,74,44,30
2021-06-03 15:00:00,79,44,35
2021-06-03 16:00:00,128,96,32
2021-06-03 17:00:00,142,105,37
2021-06-03 18:00:00,108,78,30
2021-06-03 19:00:00,59,36,23
2021-06-03 20:00:00,33,16,17
2021-06-03 21:00:00,21,13,8
2021-06-03 22:00:00,10,4,6
2021-06-03 23:00:00,5,5,0
2021-06-04 00:00:00,1,0,1
2021-06-04 01:00:00,0,0,0
2021-06-04 02:00:00,2,0,2
2021-06-04 03:00:00,2,2,0
2021-06-04 04:00:00,4,0,4
2021-06-04 05:00:00,30,4,26
2021-06-04 06:00:00,56,6,50
2021-06-04 07:00:00,83,12,71
2021-06-04 08:00:00,74,12,62
2021-06-04 09:00:00,44,9,35
2021-06-04 10:00:00,47,21,26
2021-06-04 11:00:00,36,19,17
2021-06-04 12:00:00,35,12,23
2021-06-04 13:00:00,60,32,28
2021-06-04 14:00:00,49,28,21
2021-06-04 15:00:00,72,42,30
2021-06-04 16:00:00,101,69,32
2021-06-04 17:00:00,111,93,18
2021-06-04 18:00:00,61,40,21
2021-06-04 19:00:00,48,30,18
2021-06-04 20:00:00,24,14,10
2021-06-04 21:00:00,20,19,1
2021-06-04 22:00:00,5,4,1
2021-06-04 23:00:00,3,2,1
2021-06-05 00:00:00,8,4,4
2021-06-05 01:00:00,2,0,2
2021-06-05 02:00:00,2,0,2
2021-06-05 03:00:00,0,0,0
2021-06-05 04:00:00,3,1,2
2021-06-05 05:00:00,5,2,3
2021-06-05 06:00:00,7,0,7
2021-06-05 07:00:00,15,7,8
2021-06-05 08:00:00,28,9,19
2021-06-05 09:00:00,39,23,16
2021-06-05 10:00:00,32,14,18
2021-06-05 11:00:00,69,34,35
2021-06-05 12:00:00,81,45,36
2021-06-05 13:00:00,55,25,30
2021-06-05 14:00:00,71,34,37
2021-06-05 15:00:00,53,33,20
2021-06-05 16:00:00,35,18,17
2021-06-05 17:00:00,33,18,15
2021-06-05 18:00:00,31,17,14
2021-06-05 19:00:00,19,10,9
2021-06-05 20:00:00,17,12,5
2021-06-05 21:00:00,7,5,2
2021-06-05 22:00:00,4,4,0
2021-06-05 23:00:00,3,2,1
2021-06-06 00:00:00,6,3,3
2021-06-06 01:00:00,2,1,1
2021-06-06 02:00:00,1,1,0
2021-06-06 03:00:00,1,0,1
2021-06-06 04:00:00,3,1,2
2021-06-06 05:00:00,3,1,2
2021-06-06 06:00:00,14,4,10
2021-06-06 07:00:00,6,3,3
2021-06-06 08:00:00,21,6,15
2021-06-06 09:00:00,34,18,16
2021-06-06 10:00:00,29,9,20
2021-06-06 11:00:00,34,8,26
2021-06-06 12:00:00,20,9,11
2021-06-06 13:00:00,20,13,7
2021-06-06 14:00:00,18,7,11
2021-06-06 15:00:00,7,4,3
2021-06-06 16:00:00,13,4,9
2021-06-06 17:00:00,16,9,7
2021-06-06 18:00:00,4,1,3
2021-06-06 19:00:00,9,7,2
2021-06-06 20:00:00,13,9,4
2021-06-06 21:00:00,1,1,0
2021-06-06 22:00:00,4,1,3
2021-06-06 23:00:00,2,1,1
2021-06-07 00:00:00,1,1,0
2021-06-07 01:00:00,1,1,0
2021-06-07 02:00:00,0,0,0
2021-06-07 03:00:00,0,0,0
2021-06-07 04:00:00,3,0,3
2021-06-07 05:00:00,18,4,14
2021-06-07 06:00:00,45,4,41
2021-06-07 07:00:00,66,6,60
2021-06-07 08:00:00,67,11,56
2021-06-07 09:00:00,40,9,31
2021-06-07 10:00:00,34,9,25
2021-06-07 11:00:00,21,6,15
2021-06-07 12:00:00,22,12,10
2021-06-07 13:00:00,23,14,9
2021-06-07 14:00:00,42,27,15
2021-06-07 15:00:00,72,46,26
2021-06-07 16:00:00,79,60,19
2021-06-07 17:00:00,107,86,21
2021-06-07 18:00:00,63,42,21
2021-06-07 19:00:00,33,24,9
2021-06-07 20:00:00,20,11,9
2021-06-07 21:00:00,16,10,6
2021-06-07 22:00:00,9,5,4
2021-06-07 23:00:00,5,1,4
2021-06-08 00:00:00,2,2,0
2021-06-08 01:00:00,1,0,1
2021-06-08 02:00:00,2,1,1
2021-06-08 03:00:00,3,0,3
2021-06-08 04:00:00,9,1,8
2021-06-08 05:00:00,29,3,26
2021-06-08 06:00:00,83,12,71
2021-06-08 07:00:00,97,9,88
2021-06-08 08:00:00,88,17,71
2021-06-08 09:00:00,44,11,33
2021-06-08 10:00:00,44,11,33
2021-06-08 11:00:00,43,20,23
2021-06-08 12:00:00,26,11,15
2021-06-08 13:00:00,45,22,23
2021-06-08 14:00:00,40,25,15
2021-06-08 15:00:00,76,46,30
2021-06-08 16:00:00,114,83,31
2021-06-08 17:00:00,122,98,24
2021-06-08 18:00:00,83,60,23
2021-06-08 19:00:00,37,30,7
2021-06-08 20:00:00,28,18,10
2021-06-08 21:00:00,23,18,5
2021-06-08 22:00:00,6,4,2
2021-06-08 23:00:00,2,0,2
2021-06-09 00:00:00,1,1,0
2021-06-09 01:00:00,0,0,0
2021-06-09 02:00:00,8,6,2
2021-06-09 03:00:00,2,1,1
2021-06-09 04:00:00,7,1,6
2021-06-09 05:00:00,30,6,24
2021-06-09 06:00:00,69,6,63
2021-06-09 07:00:00,98,13,85
2021-06-09 08:00:00,80,13,67
2021-06-09 09:00:00,62,6,56
2021-06-09 10:00:00,32,11,21
2021-06-09 11:00:00,47,17,30
2021-06-09 12:00:00,40,15,25
2021-06-09 13:00:00,28,12,16
2021-06-09 14:00:00,59,38,21
2021-06-09 15:00:00,79,51,28
2021-06-09 16:00:00,118,73,45
2021-06-09 17:00:00,157,131,26
2021-06-09 18:00:00,93,62,31
2021-06-09 19:00:00,44,36,8
2021-06-09 20:00:00,48,28,20
2021-06-09 21:00:00,35,23,12
2021-06-09 22:00:00,11,4,7
2021-06-09 23:00:00,8,5,3
2021-06-10 00:00:00,6,5,1
2021-06-10 01:00:00,1,1,0
2021-06-10 02:00:00,2,0,2
2021-06-10 03:00:00,2,0,2
2021-06-10 04:00:00,11,4,7
2021-06-10 05:00:00,27,4,23
2021-06-10 06:00:00,63,5,58
2021-06-10 07:00:00,106,12,94
2021-06-10 08:00:00,87,10,77
2021-06-10 09:00:00,42,9,33
2021-06-10 10:00:00,39,9,30
2021-06-10 11:00:00,42,20,22
2021-06-10 12:00:00,27,11,16
2021-06-10 13:00:00,42,23,19
2021-06-10 14:00:00,45,34,11
2021-06-10 15:00:00,85,50,35
2021-06-10 16:00:00,107,80,27
2021-06-10 17:00:00,127,101,26
2021-06-10 18:00:00,60,49,11
2021-06-10 19:00:00,52,33,19
2021-06-10 20:00:00,50,36,14
2021-06-10 21:00:00,29,18,11
2021-06-10 22:00:00,16,13,3
2021-06-10 23:00:00,22,8,14
2021-06-11 00:00:00,6,1,5
2021-06-11 01:00:00,1,0,1
2021-06-11 02:00:00,2,0,2
2021-06-11 03:00:00,1,1,0
2021-06-11 04:00:00,2,0,2
2021-06-11 05:00:00,22,6,16
2021-06-11 06:00:00,49,3,46
2021-06-11 07:00:00,67,10,57
2021-06-11 08:00:00,53,7,46
2021-06-11 09:00:00,30,7,23
2021-06-11 10:00:00,15,4,11
2021-06-11 11:00:00,14,7,7
2021-06-11 12:00:00,21,12,9
2021-06-11 13:00:00,12,7,5
2021-06-11 14:00:00,24,18,6
2021-06-11 15:00:00,36,27,9
2021-06-11 16:00:00,52,35,17
2021-06-11 17:00:00,59,51,8
2021-06-11 18:00:00,34,21,13
2021-06-11 19:00:00,26,19,7
2021-06-11 20:00:00,13,9,4
2021-06-11 21:00:00,8,6,2
2021-06-11 22:00:00,7,7,0
2021-06-11 23:00:00,3,3,0
2021-06-12 00:00:00,3,3,0
2021-06-12 01:00:00,0,0,0
2021-06-12 02:00:00,1,1,0
2021-06-12 03:00:00,1,0,1
2021-06-12 04:00:00,5,2,3
2021-06-12 05:00:00,7,0,7
2021-06-12 06:00:00,9,1,8
2021-06-12 07:00:00,16,3,13
2021-06-12 08:00:00,42,13,29
2021-06-12 09:00:00,45,18,27
2021-06-12 10:00:00,80,32,48
2021-06-12 11:00:00,115,70,45
2021-06-12 12:00:00,113,62,51
2021-06-12 13:00:00,115,50,65
2021-06-12 14:00:00,126,58,68
2021-06-12 15:00:00,110,69,41
2021-06-12 16:00:00,87,47,40
2021-06-12 17:00:00,56,26,30
2021-06-12 18:00:00,45,29,16
2021-06-12 19:00:00,33,23,10
2021-06-12 20:00:00,22,14,8
2021-06-12 21:00:00,7,5,2
2021-06-12 22:00:00,2,0,2
2021-06-12 23:00:00,5,4,1
2021-06-13 00:00:00,1,0,1
2021-06-13 01:00:00,1,0,1
2021-06-13 02:00:00,2,1,1
2021-06-13 03:00:00,1,0,1
2021-06-13 04:00:00,3,1,2
2021-06-13 05:00:00,1,1,0
2021-06-13 06:00:00,8,4,4
2021-06-13 07:00:00,3,0,3
2021-06-13 08:00:00,11,1,10
2021-06-13 09:00:00,11,8,3
2021-06-13 10:00:00,11,3,8
2021-06-13 11:00:00,18,5,13
2021-06-13 12:00:00,48,34,14
2021-06-13 13:00:00,19,13,6
2021-06-13 14:00:00,35,11,24
2021-06-13 15:00:00,12,4,8
2021-06-13 16:00:00,16,6,10
2021-06-13 17:00:00,9,3,6
2021-06-13 18:00:00,4,1,3
2021-06-13 19:00:00,4,3,1
2021-06-13 20:00:00,5,3,2
2021-06-13 21:00:00,3,2,1
2021-06-13 22:00:00,1,0,1
2021-06-13 23:00:00,2,2,0
2021-06-14 00:00:00,3,1,2
2021-06-14 01:00:00,1,0,1
2021-06-14 02:00:00,0,0,0
2021-06-14 03:00:00,1,0,1
2021-06-14 04:00:00,4,0,4
2021-06-14 05:00:00,24,6,18
2021-06-14 06:00:00,48,3,45
2021-06-14 07:00:00,66,7,59
2021-06-14 08:00:00,54,7,47
2021-06-14 09:00:00,26,4,22
2021-06-14 10:00:00,21,6,15
2021-06-14 11:00:00,18,6,12
2021-06-14 12:00:00,16,6,10
2021-06-14 13:00:00,22,6,16
2021-06-14 14:00:00,0,0,0
2021-06-14 15:00:00,1,0,1
2021-06-14 16:00:00,0,0,0
2021-06-14 17:00:00,48,37,11
2021-06-14 18:00:00,62,47,15
2021-06-14 19:00:00,27,18,9
2021-06-14 20:00:00,20,13,7
2021-06-14 21:00:00,7,3,4
2021-06-14 22:00:00,6,6,0
2021-06-14 23:00:00,4,4,0
2021-06-15 00:00:00,6,4,2
2021-06-15 01:00:00,1,1,0
2021-06-15 02:00:00,1,1,0
2021-06-15 03:00:00,3,0,3
2021-06-15 04:00:00,6,1,5
2021-06-15 05:00:00,35,7,28
2021-06-15 06:00:00,55,8,47
2021-06-15 07:00:00,81,6,75
2021-06-15 08:00:00,90,18,72
2021-06-15 09:00:00,44,11,33
2021-06-15 10:00:00,38,9,29
2021-06-15 11:00:00,33,15,18
2021-06-15 12:00:00,39,21,18
2021-06-15 13:00:00,51,28,23
2021-06-15 14:00:00,52,30,22
2021-06-15 15:00:00,51,35,16
2021-06-15 16:00:00,100,80,20
2021-06-15 17:00:00,103,83,20
2021-06-15 18:00:00,89,71,18
2021-06-15 19:00:00,54,40,14
2021-06-15 20:00:00,22,9,13
2021-06-15 21:00:00,14,11,3
2021-06-15 22:00:00,6,3,3
2021-06-15 23:00:00,7,6,1
2021-06-16 00:00:00,3,2,1
2021-06-16 01:00:00,3,1,2
2021-06-16 02:00:00,3,2,1
2021-06-16 03:00:00,3,1,2
2021-06-16 04:00:00,6,0,6
2021-06-16 05:00:00,31,7,24
2021-06-16 06:00:00,57,5,52
2021-06-16 07:00:00,109,9,100
2021-06-16 08:00:00,75,12,63
2021-06-16 09:00:00,78,14,64
2021-06-16 10:00:00,39,16,23
2021-06-16 11:00:00,40,17,23
2021-06-16 12:00:00,38,21,17
2021-06-16 13:00:00,44,21,23
2021-06-16 14:00:00,61,36,25
2021-06-16 15:00:00,76,57,19
2021-06-16 16:00:00,134,90,44
2021-06-16 17:00:00,126,91,35
2021-06-16 18:00:00,108,76,32
2021-06-16 19:00:00,64,55,9
2021-06-16 20:00:00,45,21,24
2021-06-16 21:00:00,32,23,9
2021-06-16 22:00:00,15,11,4
2021-06-16 23:00:00,3,2,1
2021-06-17 00:00:00,4,4,0
2021-06-17 01:00:00,0,0,0
2021-06-17 02:00:00,5,3,2
2021-06-17 03:00:00,1,1,0
2021-06-17 04:00:00,10,4,6
2021-06-17 05:00:00,28,6,22
2021-06-17 06:00:00,52,9,43
2021-06-17 07:00:00,104,9,95
2021-06-17 08:00:00,101,15,86
2021-06-17 09:00:00,56,13,43
2021-06-17 10:00:00,45,20,25
2021-06-17 11:00:00,30,12,18
2021-06-17 12:00:00,42,18,24
2021-06-17 13:00:00,58,33,25
2021-06-17 14:00:00,53,28,25
2021-06-17 15:00:00,19,11,8
2021-06-17 16:00:00,122,84,38
2021-06-17 17:00:00,147,117,30
2021-06-17 18:00:00,95,78,17
2021-06-17 19:00:00,63,45,18
2021-06-17 20:00:00,39,18,21
2021-06-17 21:00:00,31,20,11
2021-06-17 22:00:00,16,14,2
2021-06-17 23:00:00,10,8,2
2021-06-18 00:00:00,3,1,2
2021-06-18 01:00:00,1,1,0
2021-06-18 02:00:00,2,0,2
2021-06-18 03:00:00,4,1,3
2021-06-18 04:00:00,5,1,4
2021-06-18 05:00:00,33,7,26
2021-06-18 06:00:00,49,9,40
2021-06-18 07:00:00,90,11,79
2021-06-18 08:00:00,57,6,51
2021-06-18 09:00:00,52,11,41
2021-06-18 10:00:00,46,18,28
2021-06-18 11:00:00,50,30,20
2021-06-18 12:00:00,54,25,29
2021-06-18 13:00:00,61,30,31
2021-06-18 14:00:00,76,41,35
2021-06-18 15:00:00,78,54,24
2021-06-18 16:00:00,110,82,28
2021-06-18 17:00:00,100,69,31
2021-06-18 18:00:00,68,51,17
2021-06-18 19:00:00,55,31,24
2021-06-18 20:00:00,31,17,14
2021-06-18 21:00:00,16,9,7
2021-06-18 22:00:00,27,23,4
2021-06-18 23:00:00,13,9,4
2021-06-19 00:00:00,6,2,4
2021-06-19 01:00:00,1,0,1
2021-06-19 02:00:00,6,2,4
2021-06-19 03:00:00,5,5,0
2021-06-19 04:00:00,3,1,2
2021-06-19 05:00:00,6,3,3
2021-06-19 06:00:00,18,9,9
2021-06-19 07:00:00,37,23,14
2021-06-19 08:00:00,47,14,33
2021-06-19 09:00:00,61,26,35
2021-06-19 10:00:00,70,37,33
2021-06-19 11:00:00,84,33,51
2021-06-19 12:00:00,84,42,42
2021-06-19 13:00:00,98,35,63
2021-06-19 14:00:00,80,28,52
2021-06-19 15:00:00,93,48,45
2021-06-19 16:00:00,70,39,31
2021-06-19 17:00:00,66,46,20
2021-06-19 18:00:00,46,28,18
2021-06-19 19:00:00,23,12,11
2021-06-19 20:00:00,40,23,17
2021-06-19 21:00:00,22,14,8
2021-06-19 22:00:00,10,9,1
2021-06-19 23:00:00,14,7,7
2021-06-20 00:00:00,7,4,3
2021-06-20 01:00:00,6,2,4
2021-06-20 02:00:00,4,2,2
2021-06-20 03:00:00,3,1,2
2021-06-20 04:00:00,4,2,2
2021-06-20 05:00:00,6,2,4
2021-06-20 06:00:00,11,6,5
2021-06-20 07:00:00,23,13,10
2021-06-20 08:00:00,52,23,29
2021-06-20 09:00:00,46,28,18
2021-06-20 10:00:00,76,32,44
2021-06-20 11:00:00,94,55,39
2021-06-20 12:00:00,118,56,62
2021-06-20 13:00:00,111,46,65
2021-06-20 14:00:00,90,45,45
2021-06-20 15:00:00,68,41,27
2021-06-20 16:00:00,70,37,33
2021-06-20 17:00:00,57,27,30
2021-06-20 18:00:00,46,26,20
2021-06-20 19:00:00,31,25,6
2021-06-20 20:00:00,32,14,18
2021-06-20 21:00:00,18,6,12
2021-06-20 22:00:00,3,3,0
2021-06-20 23:00:00,9,7,2
2021-06-21 00:00:00,1,0,1
2021-06-21 01:00:00,1,1,0
2021-06-21 02:00:00,5,3,2
2021-06-21 03:00:00,2,0,2
2021-06-21 04:00:00,5,1,4
2021-06-21 05:00:00,37,5,32
2021-06-21 06:00:00,62,9,53
2021-06-21 07:00:00,92,7,85
2021-06-21 08:00:00,70,9,61
2021-06-21 09:00:00,34,10,24
2021-06-21 10:00:00,35,12,23
2021-06-21 11:00:00,23,12,11
2021-06-21 12:00:00,43,24,19
2021-06-21 13:00:00,31,20,11
2021-06-21 14:00:00,38,23,15
2021-06-21 15:00:00,62,43,19
2021-06-21 16:00:00,105,89,16
2021-06-21 17:00:00,114,99,15
2021-06-21 18:00:00,75,65,10
2021-06-21 19:00:00,40,26,14
2021-06-21 20:00:00,26,18,8
2021-06-21 21:00:00,25,13,12
2021-06-21 22:00:00,11,7,4
2021-06-21 23:00:00,14,11,3
2021-06-22 00:00:00,4,3,1
2021-06-22 01:00:00,0,0,0
2021-06-22 02:00:00,2,1,1
2021-06-22 03:00:00,2,0,2
2021-06-22 04:00:00,6,0,6
2021-06-22 05:00:00,40,11,29
2021-06-22 06:00:00,67,6,61
2021-06-22 07:00:00,103,9,94
2021-06-22 08:00:00,93,15,78
2021-06-22 09:00:00,50,11,39
2021-06-22 10:00:00,36,14,22
2021-06-22 11:00:00,25,13,12
2021-06-22 12:00:00,31,8,23
2021-06-22 13:00:00,30,12,18
2021-06-22 14:00:00,54,40,14
2021-06-22 15:00:00,83,53,30
2021-06-22 16:00:00,113,83,30
2021-06-22 17:00:00,124,101,23
2021-06-22 18:00:00,111,81,30
2021-06-22 19:00:00,66,40,26
2021-06-22 20:00:00,41,21,20
2021-06-22 21:00:00,34,22,12
2021-06-22 22:00:00,21,9,12
2021-06-22 23:00:00,5,4,1
2021-06-23 00:00:00,2,1,1
2021-06-23 01:00:00,2,0,2
2021-06-23 02:00:00,3,0,3
2021-06-23 03:00:00,1,0,1
2021-06-23 04:00:00,9,1,8
2021-06-23 05:00:00,31,8,23
2021-06-23 06:00:00,67,2,65
2021-06-23 07:00:00,85,7,78
2021-06-23 08:00:00,96,8,88
2021-06-23 09:00:00,52,15,37
2021-06-23 10:00:00,45,18,27
2021-06-23 11:00:00,21,4,17
2021-06-23 12:00:00,41,16,25
2021-06-23 13:00:00,35,20,15
2021-06-23 14:00:00,64,35,29
2021-06-23 15:00:00,70,42,28
2021-06-23 16:00:00,115,87,28
2021-06-23 17:00:00,123,100,23
2021-06-23 18:00:00,122,91,31
2021-06-23 19:00:00,43,32,11
2021-06-23 20:00:00,46,20,26
2021-06-23 21:00:00,40,32,8
2021-06-23 22:00:00,20,12,8
2021-06-23 23:00:00,16,11,5
2021-06-24 00:00:00,6,3,3
2021-06-24 01:00:00,3,0,3
2021-06-24 02:00:00,2,1,1
2021-06-24 03:00:00,3,0,3
2021-06-24 04:00:00,6,1,5
2021-06-24 05:00:00,42,7,35
2021-06-24 06:00:00,67,8,59
2021-06-24 07:00:00,118,14,104
2021-06-24 08:00:00,95,14,81
2021-06-24 09:00:00,47,12,35
2021-06-24 10:00:00,38,14,24
2021-06-24 11:00:00,33,14,19
2021-06-24 12:00:00,35,19,16
2021-06-24 13:00:00,41,22,19
2021-06-24 14:00:00,60,36,24
2021-06-24 15:00:00,56,42,14
2021-06-24 16:00:00,90,67,23
2021-06-24 17:00:00,144,116,28
2021-06-24 18:00:00,101,75,26
2021-06-24 19:00:00,62,48,14
2021-06-24 20:00:00,45,21,24
2021-06-24 21:00:00,27,15,12
2021-06-24 22:00:00,12,9,3
2021-06-24 23:00:00,10,6,4
2021-06-25 00:00:00,4,1,3
2021-06-25 01:00:00,2,2,0
2021-06-25 02:00:00,2,1,1
2021-06-25 03:00:00,4,2,2
2021-06-25 04:00:00,6,1,5
2021-06-25 05:00:00,32,6,26
2021-06-25 06:00:00,56,3,53
2021-06-25 07:00:00,83,13,70
2021-06-25 08:00:00,70,7,63
2021-06-25 09:00:00,41,14,27
2021-06-25 10:00:00,51,24,27
2021-06-25 11:00:00,39,14,25
2021-06-25 12:00:00,43,21,22
2021-06-25 13:00:00,43,29,14
2021-06-25 14:00:00,52,35,17
2021-06-25 15:00:00,62,36,26
2021-06-25 16:00:00,82,64,18
2021-06-25 17:00:00,94,76,18
2021-06-25 18:00:00,65,55,10
2021-06-25 19:00:00,47,40,7
2021-06-25 20:00:00,29,18,11
2021-06-25 21:00:00,16,8,8
2021-06-25 22:00:00,11,7,4
2021-06-25 23:00:00,5,3,2
2021-06-26 00:00:00,3,2,1
2021-06-26 01:00:00,5,2,3
2021-06-26 02:00:00,3,2,1
2021-06-26 03:00:00,7,3,4
2021-06-26 04:00:00,6,2,4
2021-06-26 05:00:00,7,3,4
2021-06-26 06:00:00,19,4,15
2021-06-26 07:00:00,38,18,20
2021-06-26 08:00:00,67,36,31
2021-06-26 09:00:00,60,26,34
2021-06-26 10:00:00,58,27,31
2021-06-26 11:00:00,52,36,16
2021-06-26 12:00:00,30,17,13
2021-06-26 13:00:00,32,17,15
2021-06-26 14:00:00,37,21,16
2021-06-26 15:00:00,25,15,10
2021-06-26 16:00:00,29,17,12
2021-06-26 17:00:00,23,14,9
2021-06-26 18:00:00,22,11,11
2021-06-26 19:00:00,17,16,1
2021-06-26 20:00:00,24,15,9
2021-06-26 21:00:00,16,6,10
2021-06-26 22:00:00,21,15,6
2021-06-26 23:00:00,21,15,6
2021-06-27 00:00:00,5,2,3
2021-06-27 01:00:00,5,3,2
2021-06-27 02:00:00,1,1,0
2021-06-27 03:00:00,2,1,1
2021-06-27 04:00:00,5,1,4
2021-06-27 05:00:00,7,1,6
2021-06-27 06:00:00,20,15,5
2021-06-27 07:00:00,23,7,16
2021-06-27 08:00:00,50,18,32
2021-06-27 09:00:00,50,20,30
2021-06-27 10:00:00,41,22,19
2021-06-27 11:00:00,34,20,14
2021-06-27 12:00:00,25,16,9
2021-06-27 13:00:00,24,16,8
2021-06-27 14:00:00,24,14,10
2021-06-27 15:00:00,26,14,12
2021-06-27 16:00:00,20,11,9
2021-06-27 17:00:00,15,10,5
2021-06-27 18:00:00,11,9,2
2021-06-27 19:00:00,18,12,6
2021-06-27 20:00:00,17,13,4
2021-06-27 21:00:00,12,4,8
2021-06-27 22:00:00,9,7,2
2021-06-27 23:00:00,5,3,2
2021-06-28 00:00:00,4,4,0
2021-06-28 01:00:00,1,1,0
2021-06-28 02:00:00,1,0,1
2021-06-28 03:00:00,4,3,1
2021-06-28 04:00:00,2,0,2
2021-06-28 05:00:00,20,4,16
2021-06-28 06:00:00,36,5,31
2021-06-28 07:00:00,46,14,32
2021-06-28 08:00:00,39,10,29
2021-06-28 09:00:00,13,2,11
2021-06-28 10:00:00,8,5,3
2021-06-28 11:00:00,10,4,6
2021-06-28 12:00:00,7,6,1
2021-06-28 13:00:00,7,6,1
2021-06-28 14:00:00,8,5,3
2021-06-28 15:00:00,25,19,6
2021-06-28 16:00:00,42,37,5
2021-06-28 17:00:00,41,39,2
2021-06-28 18:00:00,21,18,3
2021-06-28 19:00:00,9,8,1
2021-06-28 20:00:00,17,13,4
2021-06-28 21:00:00,11,7,4
2021-06-28 22:00:00,7,5,2
2021-06-28 23:00:00,12,7,5
2021-06-29 00:00:00,6,3,3
2021-06-29 01:00:00,1,0,1
2021-06-29 02:00:00,5,1,4
2021-06-29 03:00:00,1,0,1
2021-06-29 04:00:00,9,1,8
2021-06-29 05:00:00,29,6,23
2021-06-29 06:00:00,56,6,50
2021-06-29 07:00:00,68,8,60
2021-06-29 08:00:00,73,12,61
2021-06-29 09:00:00,32,11,21
2021-06-29 10:00:00,30,13,17
2021-06-29 11:00:00,34,19,15
2021-06-29 12:00:00,18,6,12
2021-06-29 13:00:00,33,16,17
2021-06-29 14:00:00,40,27,13
2021-06-29 15:00:00,47,42,5
2021-06-29 16:00:00,70,56,14
2021-06-29 17:00:00,90,76,14
2021-06-29 18:00:00,50,42,8
2021-06-29 19:00:00,38,27,11
2021-06-29 20:00:00,22,14,8
2021-06-29 21:00:00,15,14,1
2021-06-29 22:00:00,7,5,2
2021-06-29 23:00:00,11,4,7
2021-06-30 00:00:00,3,3,0
2021-06-30 01:00:00,3,1,2
2021-06-30 02:00:00,1,0,1
2021-06-30 03:00:00,1,1,0
2021-06-30 04:00:00,10,1,9
2021-06-30 05:00:00,35,5,30
2021-06-30 06:00:00,62,8,54
2021-06-30 07:00:00,105,8,97
2021-06-30 08:00:00,88,11,77
2021-06-30 09:00:00,52,12,40
2021-06-30 10:00:00,38,11,27
2021-06-30 11:00:00,38,14,24
2021-06-30 12:00:00,37,18,19
2021-06-30 13:00:00,42,24,18
2021-06-30 14:00:00,55,29,26
2021-06-30 15:00:00,66,48,18
2021-06-30 16:00:00,87,75,12
2021-06-30 17:00:00,133,110,23
2021-06-30 18:00:00,110,79,31
2021-06-30 19:00:00,49,36,13
2021-06-30 20:00:00,34,18,16
2021-06-30 21:00:00,16,11,5
2021-06-30 22:00:00,12,7,5
2021-06-30 23:00:00,6,5,1
2021-07-01 00:00:00,2,1,1
2021-07-01 01:00:00,2,2,0
2021-07-01 02:00:00,10,5,5
2021-07-01 03:00:00,4,1,3
2021-07-01 04:00:00,5,1,4
2021-07-01 05:00:00,33,5,28
2021-07-01 06:00:00,50,3,47
2021-07-01 07:00:00,93,12,81
2021-07-01 08:00:00,89,9,80
2021-07-01 09:00:00,59,16,43
2021-07-01 10:00:00,30,13,17
2021-07-01 11:00:00,38,22,16
2021-07-01 12:00:00,25,10,15
2021-07-01 13:00:00,31,17,14
2021-07-01 14:00:00,40,26,14
2021-07-01 15:00:00,79,54,25
2021-07-01 16:00:00,100,73,27
2021-07-01 17:00:00,108,86,22
2021-07-01 18:00:00,66,55,11
2021-07-01 19:00:00,50,43,7
2021-07-01 20:00:00,25,19,6
2021-07-01 21:00:00,25,19,6
2021-07-01 22:00:00,20,12,8
2021-07-01 23:00:00,9,7,2
2021-07-02 00:00:00,10,6,4
2021-07-02 01:00:00,0,0,0
2021-07-02 02:00:00,2,0,2
2021-07-02 03:00:00,5,2,3
2021-07-02 04:00:00,8,1,7
2021-07-02 05:00:00,30,5,25
2021-07-02 06:00:00,50,5,45
2021-07-02 07:00:00,68,7,61
2021-07-02 08:00:00,87,27,60
2021-07-02 09:00:00,59,16,43
2021-07-02 10:00:00,45,15,30
2021-07-02 11:00:00,47,24,23
2021-07-02 12:00:00,42,24,18
2021-07-02 13:00:00,60,26,34
2021-07-02 14:00:00,79,47,32
2021-07-02 15:00:00,63,40,23
2021-07-02 16:00:00,85,55,30
2021-07-02 17:00:00,103,73,30
2021-07-02 18:00:00,68,52,16
2021-07-02 19:00:00,36,28,8
2021-07-02 20:00:00,23,16,7
2021-07-02 21:00:00,24,17,7
2021-07-02 22:00:00,14,11,3
2021-07-02 23:00:00,15,15,0
2021-07-03 00:00:00,19,11,8
2021-07-03 01:00:00,5,2,3
2021-07-03 02:00:00,3,3,0
2021-07-03 03:00:00,7,6,1
2021-07-03 04:00:00,7,3,4
2021-07-03 05:00:00,11,4,7
2021-07-03 06:00:00,10,4,6
2021-07-03 07:00:00,24,13,11
2021-07-03 08:00:00,40,20,20
2021-07-03 09:00:00,43,21,22
2021-07-03 10:00:00,75,32,43
2021-07-03 11:00:00,87,43,44
2021-07-03 12:00:00,59,34,25
2021-07-03 13:00:00,59,27,32
2021-07-03 14:00:00,78,31,47
2021-07-03 15:00:00,76,33,43
2021-07-03 16:00:00,40,19,21
2021-07-03 17:00:00,50,33,17
2021-07-03 18:00:00,36,19,17
2021-07-03 19:00:00,27,14,13
2021-07-03 20:00:00,26,16,10
2021-07-03 21:00:00,22,10,12
2021-07-03 22:00:00,18,10,8
2021-07-03 23:00:00,8,7,1
2021-07-04 00:00:00,9,6,3
2021-07-04 01:00:00,2,2,0
2021-07-04 02:00:00,0,0,0
2021-07-04 03:00:00,8,0,8
2021-07-04 04:00:00,3,1,2
2021-07-04 05:00:00,6,2,4
2021-07-04 06:00:00,12,2,10
2021-07-04 07:00:00,20,13,7
2021-07-04 08:00:00,35,5,30
2021-07-04 09:00:00,58,29,29
2021-07-04 10:00:00,54,31,23
2021-07-04 11:00:00,56,23,33
2021-07-04 12:00:00,73,30,43
2021-07-04 13:00:00,80,54,26
2021-07-04 14:00:00,53,32,21
2021-07-04 15:00:00,44,25,19
2021-07-04 16:00:00,62,32,30
2021-07-04 17:00:00,43,23,20
2021-07-04 18:00:00,30,22,8
2021-07-04 19:00:00,24,11,13
2021-07-04 20:00:00,21,11,10
2021-07-04 21:00:00,16,7,9
2021-07-04 22:00:00,16,4,12
2021-07-04 23:00:00,6,3,3
2021-07-05 00:00:00,4,3,1
2021-07-05 01:00:00,6,3,3
2021-07-05 02:00:00,4,2,2
2021-07-05 03:00:00,2,1,1
2021-07-05 04:00:00,5,1,4
2021-07-05 05:00:00,6,3,3
2021-07-05 06:00:00,17,2,15
2021-07-05 07:00:00,16,4,12
2021-07-05 08:00:00,21,8,13
2021-07-05 09:00:00,30,11,19
2021-07-05 10:00:00,61,33,28
2021-07-05 11:00:00,53,19,34
2021-07-05 12:00:00,70,20,50
2021-07-05 13:00:00,68,40,28
2021-07-05 14:00:00,68,43,25
2021-07-05 15:00:00,82,40,42
2021-07-05 16:00:00,62,38,24
2021-07-05 17:00:00,52,29,23
2021-07-05 18:00:00,38,23,15
2021-07-05 19:00:00,24,12,12
2021-07-05 20:00:00,18,12,6
2021-07-05 21:00:00,19,14,5
2021-07-05 22:00:00,12,4,8
2021-07-05 23:00:00,6,3,3
2021-07-06 00:00:00,2,1,1
2021-07-06 01:00:00,1,1,0
2021-07-06 02:00:00,1,0,1
2021-07-06 03:00:00,1,0,1
2021-07-06 04:00:00,5,0,5
2021-07-06 05:00:00,28,5,23
2021-07-06 06:00:00,72,5,67
2021-07-06 07:00:00,98,6,92
2021-07-06 08:00:00,83,8,75
2021-07-06 09:00:00,45,13,32
2021-07-06 10:00:00,32,10,22
2021-07-06 11:00:00,36,10,26
2021-07-06 12:00:00,36,19,17
2021-07-06 13:00:00,42,24,18
2021-07-06 14:00:00,51,28,23
2021-07-06 15:00:00,71,53,18
2021-07-06 16:00:00,110,90,20
2021-07-06 17:00:00,124,100,24
2021-07-06 18:00:00,73,62,11
2021-07-06 19:00:00,41,34,7
2021-07-06 20:00:00,31,17,14
2021-07-06 21:00:00,16,9,7
2021-07-06 22:00:00,7,7,0
2021-07-06 23:00:00,9,7,2
2021-07-07 00:00:00,3,3,0
2021-07-07 01:00:00,1,0,1
2021-07-07 02:00:00,2,1,1
2021-07-07 03:00:00,5,1,4
2021-07-07 04:00:00,9,1,8
2021-07-07 05:00:00,35,6,29
2021-07-07 06:00:00,59,2,57
2021-07-07 07:00:00,100,11,89
2021-07-07 08:00:00,91,6,85
2021-07-07 09:00:00,41,5,36
2021-07-07 10:00:00,43,12,31
2021-07-07 11:00:00,35,13,22
2021-07-07 12:00:00,31,16,15
2021-07-07 13:00:00,34,18,16
2021-07-07 14:00:00,50,26,24
2021-07-07 15:00:00,75,59,16
2021-07-07 16:00:00,99,78,21
2021-07-07 17:00:00,160,119,41
2021-07-07 18:00:00,73,52,21
2021-07-07 19:00:00,46,38,8
2021-07-07 20:00:00,44,34,10
2021-07-07 21:00:00,23,19,4
2021-07-07 22:00:00,22,16,6
2021-07-07 23:00:00,7,7,0
2021-07-08 00:00:00,6,3,3
2021-07-08 01:00:00,1,1,0
2021-07-08 02:00:00,4,0,4
2021-07-08 03:00:00,3,1,2
2021-07-08 04:00:00,8,3,5
2021-07-08 05:00:00,27,4,23
2021-07-08 06:00:00,60,3,57
2021-07-08 07:00:00,107,10,97
2021-07-08 08:00:00,92,12,80
2021-07-08 09:00:00,49,9,40
2021-07-08 10:00:00,46,21,25
2021-07-08 11:00:00,36,9,27
2021-07-08 12:00:00,38,11,27
2021-07-08 13:00:00,28,16,12
2021-07-08 14:00:00,38,24,14
2021-07-08 15:00:00,67,51,16
2021-07-08 16:00:00,115,94,21
2021-07-08 17:00:00,119,86,33
2021-07-08 18:00:00,103,84,19
2021-07-08 19:00:00,56,40,16
2021-07-08 20:00:00,36,24,12
2021-07-08 21:00:00,23,13,10
2021-07-08 22:00:00,15,10,5
2021-07-08 23:00:00,9,7,2
2021-07-09 00:00:00,3,2,1
2021-07-09 01:00:00,4,2,2
2021-07-09 02:00:00,6,2,4
2021-07-09 03:00:00,2,1,1
2021-07-09 04:00:00,6,0,6
2021-07-09 05:00:00,23,5,18
2021-07-09 06:00:00,48,3,45
2021-07-09 07:00:00,82,17,65
2021-07-09 08:00:00,85,11,74
2021-07-09 09:00:00,48,16,32
2021-07-09 10:00:00,46,15,31
2021-07-09 11:00:00,40,17,23
2021-07-09 12:00:00,49,25,24
2021-07-09 13:00:00,48,26,22
2021-07-09 14:00:00,49,33,16
2021-07-09 15:00:00,79,57,22
2021-07-09 16:00:00,85,65,20
2021-07-09 17:00:00,103,79,24
2021-07-09 18:00:00,85,59,26
2021-07-09 19:00:00,46,25,21
2021-07-09 20:00:00,34,24,10
2021-07-09 21:00:00,29,20,9
2021-07-09 22:00:00,19,10,9
2021-07-09 23:00:00,27,21,6
2021-07-10 00:00:00,10,9,1
2021-07-10 01:00:00,4,3,1
2021-07-10 02:00:00,2,2,0
2021-07-10 03:00:00,2,0,2
2021-07-10 04:00:00,4,2,2
2021-07-10 05:00:00,6,0,6
2021-07-10 06:00:00,13,7,6
2021-07-10 07:00:00,16,9,7
2021-07-10 08:00:00,41,10,31
2021-07-10 09:00:00,50,22,28
2021-07-10 10:00:00,62,31,31
2021-07-10 11:00:00,79,44,35
2021-07-10 12:00:00,65,39,26
2021-07-10 13:00:00,80,47,33
2021-07-10 14:00:00,87,44,43
2021-07-10 15:00:00,65,34,31
2021-07-10 16:00:00,58,38,20
2021-07-10 17:00:00,71,34,37
2021-07-10 18:00:00,34,21,13
2021-07-10 19:00:00,34,13,21
2021-07-10 20:00:00,44,31,13
2021-07-10 21:00:00,11,3,8
2021-07-10 22:00:00,14,10,4
2021-07-10 23:00:00,9,6,3
2021-07-11 00:00:00,3,3,0
2021-07-11 01:00:00,8,7,1
2021-07-11 02:00:00,9,7,2
2021-07-11 03:00:00,4,1,3
2021-07-11 04:00:00,4,1,3
2021-07-11 05:00:00,3,2,1
2021-07-11 06:00:00,10,5,5
2021-07-11 07:00:00,22,8,14
2021-07-11 08:00:00,39,12,27
2021-07-11 09:00:00,41,15,26
2021-07-11 10:00:00,54,26,28
2021-07-11 11:00:00,83,42,41
2021-07-11 12:00:00,70,33,37
2021-07-11 13:00:00,66,31,35
2021-07-11 14:00:00,86,45,41
2021-07-11 15:00:00,64,40,24
2021-07-11 16:00:00,75,51,24
2021-07-11 17:00:00,67,42,25
2021-07-11 18:00:00,40,27,13
2021-07-11 19:00:00,21,11,10
2021-07-11 20:00:00,29,14,15
2021-07-11 21:00:00,12,3,9
2021-07-11 22:00:00,8,7,1
2021-07-11 23:00:00,4,3,1
2021-07-12 00:00:00,7,5,2
2021-07-12 01:00:00,3,1,2
2021-07-12 02:00:00,1,0,1
2021-07-12 03:00:00,1,0,1
2021-07-12 04:00:00,6,0,6
2021-07-12 05:00:00,30,7,23
2021-07-12 06:00:00,64,6,58
2021-07-12 07:00:00,96,4,92
2021-07-12 08:00:00,81,6,75
2021-07-12 09:00:00,40,8,32
2021-07-12 10:00:00,29,6,23
2021-07-12 11:00:00,30,12,18
2021-07-12 12:00:00,36,17,19
2021-07-12 13:00:00,39,24,15
2021-07-12 14:00:00,53,37,16
2021-07-12 15:00:00,74,57,17
2021-07-12 16:00:00,85,63,22
2021-07-12 17:00:00,120,107,13
2021-07-12 18:00:00,83,66,17
2021-07-12 19:00:00,51,39,12
2021-07-12 20:00:00,40,23,17
2021-07-12 21:00:00,20,10,10
2021-07-12 22:00:00,7,4,3
2021-07-12 23:00:00,5,5,0
2021-07-13 00:00:00,2,2,0
2021-07-13 01:00:00,1,1,0
2021-07-13 02:00:00,2,1,1
2021-07-13 03:00:00,5,2,3
2021-07-13 04:00:00,13,2,11
2021-07-13 05:00:00,38,6,32
2021-07-13 06:00:00,72,8,64
2021-07-13 07:00:00,110,8,102
2021-07-13 08:00:00,113,11,102
2021-07-13 09:00:00,59,17,42
2021-07-13 10:00:00,33,7,26
2021-07-13 11:00:00,31,10,21
2021-07-13 12:00:00,33,17,16
2021-07-13 13:00:00,36,21,15
2021-07-13 14:00:00,45,34,11
2021-07-13 15:00:00,71,54,17
2021-07-13 16:00:00,90,73,17
2021-07-13 17:00:00,133,107,26
2021-07-13 18:00:00,100,73,27
2021-07-13 19:00:00,62,46,16
2021-07-13 20:00:00,40,23,17
2021-07-13 21:00:00,25,11,14
2021-07-13 22:00:00,14,10,4
2021-07-13 23:00:00,10,8,2
2021-07-14 00:00:00,5,4,1
2021-07-14 01:00:00,4,1,3
2021-07-14 02:00:00,5,1,4
2021-07-14 03:00:00,3,2,1
2021-07-14 04:00:00,10,1,9
2021-07-14 05:00:00,32,7,25
2021-07-14 06:00:00,71,6,65
2021-07-14 07:00:00,102,11,91
2021-07-14 08:00:00,105,11,94
2021-07-14 09:00:00,55,8,47
2021-07-14 10:00:00,35,11,24
2021-07-14 11:00:00,35,12,23
2021-07-14 12:00:00,27,10,17
2021-07-14 13:00:00,56,34,22
2021-07-14 14:00:00,65,39,26
2021-07-14 15:00:00,87,62,25
2021-07-14 16:00:00,121,93,28
2021-07-14 17:00:00,149,127,22
2021-07-14 18:00:00,111,84,27
2021-07-14 19:00:00,67,44,23
2021-07-14 20:00:00,52,36,16
2021-07-14 21:00:00,21,11,10
2021-07-14 22:00:00,13,6,7
2021-07-14 23:00:00,7,5,2
2021-07-15 00:00:00,2,2,0
2021-07-15 01:00:00,2,1,1
2021-07-15 02:00:00,4,2,2
2021-07-15 03:00:00,2,2,0
2021-07-15 04:00:00,6,0,6
2021-07-15 05:00:00,26,3,23
2021-07-15 06:00:00,77,2,75
2021-07-15 07:00:00,104,8,96
2021-07-15 08:00:00,96,10,86
2021-07-15 09:00:00,64,7,57
2021-07-15 10:00:00,39,12,27
2021-07-15 11:00:00,46,23,23
2021-07-15 12:00:00,29,11,18
2021-07-15 13:00:00,25,8,17
2021-07-15 14:00:00,50,33,17
2021-07-15 15:00:00,69,47,22
2021-07-15 16:00:00,109,77,32
2021-07-15 17:00:00,145,126,19
2021-07-15 18:00:00,90,74,16
2021-07-15 19:00:00,56,34,22
2021-07-15 20:00:00,46,36,10
2021-07-15 21:00:00,33,20,13
2021-07-15 22:00:00,19,7,12
2021-07-15 23:00:00,7,5,2
2021-07-16 00:00:00,5,4,1
2021-07-16 01:00:00,4,2,2
2021-07-16 02:00:00,3,0,3
2021-07-16 03:00:00,4,0,4
2021-07-16 04:00:00,6,1,5
2021-07-16 05:00:00,35,10,25
2021-07-16 06:00:00,51,7,44
2021-07-16 07:00:00,75,8,67
2021-07-16 08:00:00,74,11,63
2021-07-16 09:00:00,66,20,46
2021-07-16 10:00:00,35,11,24
2021-07-16 11:00:00,31,15,16
2021-07-16 12:00:00,47,22,25
2021-07-16 13:00:00,45,27,18
2021-07-16 14:00:00,52,31,21
2021-07-16 15:00:00,78,49,29
2021-07-16 16:00:00,101,69,32
2021-07-16 17:00:00,96,73,23
2021-07-16 18:00:00,71,60,11
2021-07-16 19:00:00,39,24,15
2021-07-16 20:00:00,25,16,9
2021-07-16 21:00:00,16,10,6
2021-07-16 22:00:00,12,5,7
2021-07-16 23:00:00,9,7,2
2021-07-17 00:00:00,5,5,0
2021-07-17 01:00:00,11,2,9
2021-07-17 02:00:00,2,1,1
2021-07-17 03:00:00,0,0,0
2021-07-17 04:00:00,4,1,3
2021-07-17 05:00:00,3,0,3
2021-07-17 06:00:00,8,1,7
2021-07-17 07:00:00,20,7,13
2021-07-17 08:00:00,49,16,33
2021-07-17 09:00:00,42,15,27
2021-07-17 10:00:00,82,45,37
2021-07-17 11:00:00,75,33,42
2021-07-17 12:00:00,57,28,29
2021-07-17 13:00:00,77,42,35
2021-07-17 14:00:00,72,35,37
2021-07-17 15:00:00,80,45,35
2021-07-17 16:00:00,59,29,30
2021-07-17 17:00:00,58,39,19
2021-07-17 18:00:00,47,24,23
2021-07-17 19:00:00,31,17,14
2021-07-17 20:00:00,35,12,23
2021-07-17 21:00:00,20,8,12
2021-07-17 22:00:00,12,6,6
2021-07-17 23:00:00,6,3,3
2021-07-18 00:00:00,6,6,0
2021-07-18 01:00:00,1,0,1
2021-07-18 02:00:00,0,0,0
2021-07-18 03:00:00,4,4,0
2021-07-18 04:00:00,4,0,4
2021-07-18 05:00:00,8,4,4
2021-07-18 06:00:00,13,4,9
2021-07-18 07:00:00,22,4,18
2021-07-18 08:00:00,30,13,17
2021-07-18 09:00:00,54,31,23
2021-07-18 10:00:00,65,29,36
2021-07-18 11:00:00,75,36,39
2021-07-18 12:00:00,84,44,40
2021-07-18 13:00:00,83,39,44
2021-07-18 14:00:00,73,42,31
2021-07-18 15:00:00,68,34,34
2021-07-18 16:00:00,60,40,20
2021-07-18 17:00:00,48,26,22
2021-07-18 18:00:00,47,25,22
2021-07-18 19:00:00,29,14,15
2021-07-18 20:00:00,42,23,19
2021-07-18 21:00:00,11,7,4
2021-07-18 22:00:00,17,11,6
2021-07-18 23:00:00,4,4,0
2021-07-19 00:00:00,5,4,1
2021-07-19 01:00:00,3,0,3
2021-07-19 02:00:00,1,0,1
2021-07-19 03:00:00,1,0,1
2021-07-19 04:00:00,7,0,7
2021-07-19 05:00:00,43,12,31
2021-07-19 06:00:00,64,4,60
2021-07-19 07:00:00,97,11,86
2021-07-19 08:00:00,96,11,85
2021-07-19 09:00:00,40,5,35
2021-07-19 10:00:00,38,9,29
2021-07-19 11:00:00,44,21,23
2021-07-19 12:00:00,49,23,26
2021-07-19 13:00:00,45,21,24
2021-07-19 14:00:00,63,39,24
2021-07-19 15:00:00,92,57,35
2021-07-19 16:00:00,103,75,28
2021-07-19 17:00:00,171,132,39
2021-07-19 18:00:00,113,91,22
2021-07-19 19:00:00,67,53,14
2021-07-19 20:00:00,34,21,13
2021-07-19 21:00:00,34,11,23
2021-07-19 22:00:00,13,6,7
2021-07-19 23:00:00,6,5,1
2021-07-20 00:00:00,4,4,0
2021-07-20 01:00:00,3,2,1
2021-07-20 02:00:00,3,1,2
2021-07-20 03:00:00,2,2,0
2021-07-20 04:00:00,15,2,13
2021-07-20 05:00:00,32,6,26
2021-07-20 06:00:00,77,5,72
2021-07-20 07:00:00,105,7,98
2021-07-20 08:00:00,114,13,101
2021-07-20 09:00:00,57,13,44
2021-07-20 10:00:00,27,7,20
2021-07-20 11:00:00,44,15,29
2021-07-20 12:00:00,34,18,16
2021-07-20 13:00:00,32,17,15
2021-07-20 14:00:00,42,26,16
2021-07-20 15:00:00,89,66,23
2021-07-20 16:00:00,117,87,30
2021-07-20 17:00:00,141,111,30
2021-07-20 18:00:00,109,90,19
2021-07-20 19:00:00,52,37,15
2021-07-20 20:00:00,53,31,22
2021-07-20 21:00:00,29,24,5
2021-07-20 22:00:00,15,9,6
2021-07-20 23:00:00,10,8,2
2021-07-21 00:00:00,2,1,1
2021-07-21 01:00:00,1,0,1
2021-07-21 02:00:00,3,1,2
2021-07-21 03:00:00,3,0,3
2021-07-21 04:00:00,9,0,9
2021-07-21 05:00:00,39,7,32
2021-07-21 06:00:00,78,10,68
2021-07-21 07:00:00,111,10,101
2021-07-21 08:00:00,114,19,95
2021-07-21 09:00:00,65,16,49
2021-07-21 10:00:00,47,14,33
2021-07-21 11:00:00,24,4,20
2021-07-21 12:00:00,28,17,11
2021-07-21 13:00:00,42,19,23
2021-07-21 14:00:00,56,31,25
2021-07-21 15:00:00,82,50,32
2021-07-21 16:00:00,120,81,39
2021-07-21 17:00:00,161,138,23
2021-07-21 18:00:00,115,86,29
2021-07-21 19:00:00,63,48,15
2021-07-21 20:00:00,44,29,15
2021-07-21 21:00:00,32,23,9
2021-07-21 22:00:00,17,15,2
2021-07-21 23:00:00,10,7,3
2021-07-22 00:00:00,2,2,0
2021-07-22 01:00:00,1,0,1
2021-07-22 02:00:00,6,1,5
2021-07-22 03:00:00,1,0,1
2021-07-22 04:00:00,8,2,6
2021-07-22 05:00:00,36,6,30
2021-07-22 06:00:00,73,9,64
2021-07-22 07:00:00,120,11,109
2021-07-22 08:00:00,122,14,108
2021-07-22 09:00:00,83,20,63
2021-07-22 10:00:00,46,12,34
2021-07-22 11:00:00,45,23,22
2021-07-22 12:00:00,38,17,21
2021-07-22 13:00:00,59,32,27
2021-07-22 14:00:00,75,38,37
2021-07-22 15:00:00,92,69,23
2021-07-22 16:00:00,143,91,52
2021-07-22 17:00:00,176,141,35
2021-07-22 18:00:00,114,77,37
2021-07-22 19:00:00,71,46,25
2021-07-22 20:00:00,59,49,10
2021-07-22 21:00:00,32,21,11
2021-07-22 22:00:00,30,21,9
2021-07-22 23:00:00,14,13,1
2021-07-23 00:00:00,4,4,0
2021-07-23 01:00:00,5,4,1
2021-07-23 02:00:00,5,4,1
2021-07-23 03:00:00,2,1,1
2021-07-23 04:00:00,6,0,6
2021-07-23 05:00:00,33,4,29
2021-07-23 06:00:00,62,7,55
2021-07-23 07:00:00,100,12,88
2021-07-23 08:00:00,85,18,67
2021-07-23 09:00:00,72,22,50
2021-07-23 10:00:00,58,17,41
2021-07-23 11:00:00,55,27,28
2021-07-23 12:00:00,58,29,29
2021-07-23 13:00:00,66,35,31
2021-07-23 14:00:00,69,45,24
2021-07-23 15:00:00,96,60,36
2021-07-23 16:00:00,130,93,37
2021-07-23 17:00:00,137,98,39
2021-07-23 18:00:00,82,51,31
2021-07-23 19:00:00,55,36,19
2021-07-23 20:00:00,18,13,5
2021-07-23 21:00:00,27,21,6
2021-07-23 22:00:00,31,24,7
2021-07-23 23:00:00,24,20,4
2021-07-24 00:00:00,19,12,7
2021-07-24 01:00:00,7,3,4
2021-07-24 02:00:00,7,5,2
2021-07-24 03:00:00,5,3,2
2021-07-24 04:00:00,6,1,5
2021-07-24 05:00:00,8,2,6
2021-07-24 06:00:00,18,6,12
2021-07-24 07:00:00,27,13,14
2021-07-24 08:00:00,48,10,38
2021-07-24 09:00:00,70,29,41
2021-07-24 10:00:00,90,40,50
2021-07-24 11:00:00,87,36,51
2021-07-24 12:00:00,106,57,49
2021-07-24 13:00:00,98,59,39
2021-07-24 14:00:00,77,45,32
2021-07-24 15:00:00,88,55,33
2021-07-24 16:00:00,77,33,44
2021-07-24 17:00:00,68,43,25
2021-07-24 18:00:00,62,33,29
2021-07-24 19:00:00,41,13,28
2021-07-24 20:00:00,32,17,15
2021-07-24 21:00:00,28,21,7
2021-07-24 22:00:00,15,7,8
2021-07-24 23:00:00,22,17,5
2021-07-25 00:00:00,11,10,1
2021-07-25 01:00:00,2,1,1
2021-07-25 02:00:00,2,2,0
2021-07-25 03:00:00,4,0,4
2021-07-25 04:00:00,5,1,4
2021-07-25 05:00:00,6,1,5
2021-07-25 06:00:00,8,4,4
2021-07-25 07:00:00,27,10,17
2021-07-25 08:00:00,55,24,31
2021-07-25 09:00:00,51,25,26
2021-07-25 10:00:00,117,72,45
2021-07-25 11:00:00,139,76,63
2021-07-25 12:00:00,133,49,84
2021-07-25 13:00:00,122,55,67
2021-07-25 14:00:00,94,43,51
2021-07-25 15:00:00,70,36,34
2021-07-25 16:00:00,73,45,28
2021-07-25 17:00:00,82,36,46
2021-07-25 18:00:00,37,18,19
2021-07-25 19:00:00,36,18,18
2021-07-25 20:00:00,42,36,6
2021-07-25 21:00:00,20,13,7
2021-07-25 22:00:00,9,5,4
2021-07-25 23:00:00,9,4,5
2021-07-26 00:00:00,7,2,5
2021-07-26 01:00:00,5,3,2
2021-07-26 02:00:00,2,0,2
2021-07-26 03:00:00,1,1,0
2021-07-26 04:00:00,12,2,10
2021-07-26 05:00:00,31,7,24
2021-07-26 06:00:00,78,9,69
2021-07-26 07:00:00,93,5,88
2021-07-26 08:00:00,92,9,83
2021-07-26 09:00:00,61,8,53
2021-07-26 10:00:00,43,15,28
2021-07-26 11:00:00,39,16,23
2021-07-26 12:00:00,37,12,25
2021-07-26 13:00:00,51,36,15
2021-07-26 14:00:00,46,25,21
2021-07-26 15:00:00,73,57,16
2021-07-26 16:00:00,107,74,33
2021-07-26 17:00:00,156,135,21
2021-07-26 18:00:00,94,70,24
2021-07-26 19:00:00,60,39,21
2021-07-26 20:00:00,29,19,10
2021-07-26 21:00:00,15,8,7
2021-07-26 22:00:00,21,13,8
2021-07-26 23:00:00,16,15,1
2021-07-27 00:00:00,7,6,1
2021-07-27 01:00:00,4,2,2
2021-07-27 02:00:00,7,4,3
2021-07-27 03:00:00,3,0,3
2021-07-27 04:00:00,10,0,10
2021-07-27 05:00:00,39,7,32
2021-07-27 06:00:00,79,11,68
2021-07-27 07:00:00,124,9,115
2021-07-27 08:00:00,107,12,95
2021-07-27 09:00:00,72,20,52
2021-07-27 10:00:00,52,19,33
2021-07-27 11:00:00,39,18,21
2021-07-27 12:00:00,53,26,27
2021-07-27 13:00:00,41,25,16
2021-07-27 14:00:00,64,38,26
2021-07-27 15:00:00,98,77,21
2021-07-27 16:00:00,141,101,40
2021-07-27 17:00:00,138,108,30
2021-07-27 18:00:00,107,85,22
2021-07-27 19:00:00,54,40,14
2021-07-27 20:00:00,36,15,21
2021-07-27 21:00:00,33,23,10
2021-07-27 22:00:00,20,15,5
2021-07-27 23:00:00,27,24,3
2021-07-28 00:00:00,2,1,1
2021-07-28 01:00:00,1,1,0
2021-07-28 02:00:00,5,0,5
2021-07-28 03:00:00,1,0,1
2021-07-28 04:00:00,10,0,10
2021-07-28 05:00:00,33,10,23
2021-07-28 06:00:00,84,8,76
2021-07-28 07:00:00,112,5,107
2021-07-28 08:00:00,108,18,90
2021-07-28 09:00:00,62,13,49
2021-07-28 10:00:00,55,16,39
2021-07-28 11:00:00,54,19,35
2021-07-28 12:00:00,40,17,23
2021-07-28 13:00:00,43,23,20
2021-07-28 14:00:00,51,36,15
2021-07-28 15:00:00,79,53,26
2021-07-28 16:00:00,103,78,25
2021-07-28 17:00:00,175,145,30
2021-07-28 18:00:00,81,67,14
2021-07-28 19:00:00,60,47,13
2021-07-28 20:00:00,47,38,9
2021-07-28 21:00:00,22,13,9
2021-07-28 22:00:00,16,10,6
2021-07-28 23:00:00,7,6,1
2021-07-29 00:00:00,6,4,2
2021-07-29 01:00:00,4,1,3
2021-07-29 02:00:00,2,0,2
2021-07-29 03:00:00,3,2,1
2021-07-29 04:00:00,13,2,11
2021-07-29 05:00:00,36,7,29
2021-07-29 06:00:00,78,8,70
2021-07-29 07:00:00,94,10,84
2021-07-29 08:00:00,123,14,109
2021-07-29 09:00:00,70,17,53
2021-07-29 10:00:00,39,14,25
2021-07-29 11:00:00,31,6,25
2021-07-29 12:00:00,42,22,20
2021-07-29 13:00:00,30,16,14
2021-07-29 14:00:00,49,30,19
2021-07-29 15:00:00,74,49,25
2021-07-29 16:00:00,131,100,31
2021-07-29 17:00:00,170,139,31
2021-07-29 18:00:00,110,75,35
2021-07-29 19:00:00,55,40,15
2021-07-29 20:00:00,31,26,5
2021-07-29 21:00:00,29,15,14
2021-07-29 22:00:00,16,10,6
2021-07-29 23:00:00,8,6,2
2021-07-30 00:00:00,4,3,1
2021-07-30 01:00:00,4,2,2
2021-07-30 02:00:00,5,3,2
2021-07-30 03:00:00,1,0,1
2021-07-30 04:00:00,8,1,7
2021-07-30 05:00:00,37,5,32
2021-07-30 06:00:00,67,4,63
2021-07-30 07:00:00,90,7,83
2021-07-30 08:00:00,82,14,68
2021-07-30 09:00:00,61,17,44
2021-07-30 10:00:00,49,18,31
2021-07-30 11:00:00,35,12,23
2021-07-30 12:00:00,45,26,19
2021-07-30 13:00:00,51,29,22
2021-07-30 14:00:00,76,51,25
2021-07-30 15:00:00,81,61,20
2021-07-30 16:00:00,94,68,26
2021-07-30 17:00:00,140,107,33
2021-07-30 18:00:00,82,60,22
2021-07-30 19:00:00,51,35,16
2021-07-30 20:00:00,34,16,18
2021-07-30 21:00:00,18,14,4
2021-07-30 22:00:00,13,8,5
2021-07-30 23:00:00,7,7,0
2021-07-31 00:00:00,6,4,2
2021-07-31 01:00:00,9,3,6
2021-07-31 02:00:00,6,2,4
2021-07-31 03:00:00,2,2,0
2021-07-31 04:00:00,12,4,8
2021-07-31 05:00:00,8,1,7
2021-07-31 06:00:00,7,2,5
2021-07-31 07:00:00,22,8,14
2021-07-31 08:00:00,46,17,29
2021-07-31 09:00:00,38,16,22
2021-07-31 10:00:00,68,24,44
2021-07-31 11:00:00,63,38,25
2021-07-31 12:00:00,78,40,38
2021-07-31 13:00:00,74,31,43
2021-07-31 14:00:00,79,29,50
2021-07-31 15:00:00,65,42,23
2021-07-31 16:00:00,51,25,26
2021-07-31 17:00:00,51,28,23
2021-07-31 18:00:00,73,59,14
2021-07-31 19:00:00,24,14,10
2021-07-31 20:00:00,34,18,16
2021-07-31 21:00:00,19,6,13
2021-07-31 22:00:00,19,10,9
2021-07-31 23:00:00,7,5,2
2021-08-01 00:00:00,3,2,1
2021-08-01 01:00:00,7,5,2
2021-08-01 02:00:00,2,0,2
2021-08-01 03:00:00,3,2,1
2021-08-01 04:00:00,8,2,6
2021-08-01 05:00:00,3,0,3
2021-08-01 06:00:00,14,5,9
2021-08-01 07:00:00,41,2,39
2021-08-01 08:00:00,47,9,38
2021-08-01 09:00:00,62,36,26
2021-08-01 10:00:00,81,32,49
2021-08-01 11:00:00,64,32,32
2021-08-01 12:00:00,99,48,51
2021-08-01 13:00:00,65,41,24
2021-08-01 14:00:00,95,48,47
2021-08-01 15:00:00,81,53,28
2021-08-01 16:00:00,49,36,13
2021-08-01 17:00:00,50,26,24
2021-08-01 18:00:00,44,27,17
2021-08-01 19:00:00,29,18,11
2021-08-01 20:00:00,11,7,4
2021-08-01 21:00:00,13,3,10
2021-08-01 22:00:00,9,7,2
2021-08-01 23:00:00,5,2,3
2021-08-02 00:00:00,3,1,2
2021-08-02 01:00:00,2,1,1
2021-08-02 02:00:00,2,2,0
2021-08-02 03:00:00,1,1,0
2021-08-02 04:00:00,12,1,11
2021-08-02 05:00:00,40,9,31
2021-08-02 06:00:00,72,11,61
2021-08-02 07:00:00,103,12,91
2021-08-02 08:00:00,103,8,95
2021-08-02 09:00:00,61,15,46
2021-08-02 10:00:00,36,6,30
2021-08-02 11:00:00,38,15,23
2021-08-02 12:00:00,52,25,27
2021-08-02 13:00:00,42,19,23
2021-08-02 14:00:00,50,27,23
2021-08-02 15:00:00,98,66,32
2021-08-02 16:00:00,125,89,36
2021-08-02 17:00:00,151,118,33
2021-08-02 18:00:00,93,75,18
2021-08-02 19:00:00,38,30,8
2021-08-02 20:00:00,42,28,14
2021-08-02 21:00:00,29,17,12
2021-08-02 22:00:00,10,6,4
2021-08-02 23:00:00,7,6,1
2021-08-03 00:00:00,8,4,4
2021-08-03 01:00:00,3,3,0
2021-08-03 02:00:00,4,1,3
2021-08-03 03:00:00,1,0,1
2021-08-03 04:00:00,9,1,8
2021-08-03 05:00:00,37,4,33
2021-08-03 06:00:00,80,8,72
2021-08-03 07:00:00,124,15,109
2021-08-03 08:00:00,105,11,94
2021-08-03 09:00:00,64,20,44
2021-08-03 10:00:00,48,9,39
2021-08-03 11:00:00,45,17,28
2021-08-03 12:00:00,51,19,32
2021-08-03 13:00:00,40,26,14
2021-08-03 14:00:00,54,33,21
2021-08-03 15:00:00,78,59,19
2021-08-03 16:00:00,138,106,32
2021-08-03 17:00:00,159,123,36
2021-08-03 18:00:00,115,88,27
2021-08-03 19:00:00,79,63,16
2021-08-03 20:00:00,38,17,21
2021-08-03 21:00:00,20,14,6
2021-08-03 22:00:00,12,10,2
2021-08-03 23:00:00,11,8,3
2021-08-04 00:00:00,5,5,0
2021-08-04 01:00:00,0,0,0
2021-08-04 02:00:00,5,3,2
2021-08-04 03:00:00,1,0,1
2021-08-04 04:00:00,15,0,15
2021-08-04 05:00:00,38,8,30
2021-08-04 06:00:00,77,9,68
2021-08-04 07:00:00,110,16,94
2021-08-04 08:00:00,106,12,94
2021-08-04 09:00:00,77,17,60
2021-08-04 10:00:00,53,17,36
2021-08-04 11:00:00,55,28,27
2021-08-04 12:00:00,53,32,21
2021-08-04 13:00:00,44,21,23
2021-08-04 14:00:00,63,35,28
2021-08-04 15:00:00,75,42,33
2021-08-04 16:00:00,146,109,37
2021-08-04 17:00:00,170,127,43
2021-08-04 18:00:00,120,78,42
2021-08-04 19:00:00,69,44,25
2021-08-04 20:00:00,39,29,10
2021-08-04 21:00:00,56,43,13
2021-08-04 22:00:00,9,8,1
2021-08-04 23:00:00,14,13,1
2021-08-05 00:00:00,6,3,3
2021-08-05 01:00:00,0,0,0
2021-08-05 02:00:00,3,1,2
2021-08-05 03:00:00,4,1,3
2021-08-05 04:00:00,6,0,6
2021-08-05 05:00:00,37,9,28
2021-08-05 06:00:00,82,8,74
2021-08-05 07:00:00,119,8,111
2021-08-05 08:00:00,101,17,84
2021-08-05 09:00:00,65,17,48
2021-08-05 10:00:00,38,15,23
2021-08-05 11:00:00,29,9,20
2021-08-05 12:00:00,36,17,19
2021-08-05 13:00:00,44,18,26
2021-08-05 14:00:00,62,39,23
2021-08-05 15:00:00,89,60,29
2021-08-05 16:00:00,126,91,35
2021-08-05 17:00:00,146,110,36
2021-08-05 18:00:00,118,80,38
2021-08-05 19:00:00,65,50,15
2021-08-05 20:00:00,44,35,9
2021-08-05 21:00:00,31,26,5
2021-08-05 22:00:00,13,10,3
2021-08-05 23:00:00,12,8,4
2021-08-06 00:00:00,6,6,0
2021-08-06 01:00:00,2,2,0
2021-08-06 02:00:00,5,1,4
2021-08-06 03:00:00,3,3,0
2021-08-06 04:00:00,9,0,9
2021-08-06 05:00:00,33,6,27
2021-08-06 06:00:00,42,6,36
2021-08-06 07:00:00,71,4,67
2021-08-06 08:00:00,66,17,49
2021-08-06 09:00:00,47,20,27
2021-08-06 10:00:00,46,17,29
2021-08-06 11:00:00,40,11,29
2021-08-06 12:00:00,43,19,24
2021-08-06 13:00:00,56,25,31
2021-08-06 14:00:00,58,38,20
2021-08-06 15:00:00,67,39,28
2021-08-06 16:00:00,108,79,29
2021-08-06 17:00:00,99,74,25
2021-08-06 18:00:00,72,50,22
2021-08-06 19:00:00,117,74,43
2021-08-06 20:00:00,16,10,6
2021-08-06 21:00:00,22,16,6
2021-08-06 22:00:00,16,12,4
2021-08-06 23:00:00,10,8,2
2021-08-07 00:00:00,7,2,5
2021-08-07 01:00:00,10,5,5
2021-08-07 02:00:00,4,2,2
2021-08-07 03:00:00,3,2,1
2021-08-07 04:00:00,4,0,4
2021-08-07 05:00:00,5,0,5
2021-08-07 06:00:00,10,3,7
2021-08-07 07:00:00,15,7,8
2021-08-07 08:00:00,45,18,27
2021-08-07 09:00:00,45,24,21
2021-08-07 10:00:00,51,29,22
2021-08-07 11:00:00,81,39,42
2021-08-07 12:00:00,43,15,28
2021-08-07 13:00:00,75,33,42
2021-08-07 14:00:00,73,38,35
2021-08-07 15:00:00,72,44,28
2021-08-07 16:00:00,81,44,37
2021-08-07 17:00:00,60,42,18
2021-08-07 18:00:00,40,20,20
2021-08-07 19:00:00,25,14,11
2021-08-07 20:00:00,22,8,14
2021-08-07 21:00:00,30,10,20
2021-08-07 22:00:00,6,3,3
2021-08-07 23:00:00,11,7,4
2021-08-08 00:00:00,9,5,4
2021-08-08 01:00:00,7,2,5
2021-08-08 02:00:00,1,1,0
2021-08-08 03:00:00,2,0,2
2021-08-08 04:00:00,3,1,2
2021-08-08 05:00:00,2,0,2
2021-08-08 06:00:00,6,2,4
2021-08-08 07:00:00,24,10,14
2021-08-08 08:00:00,22,6,16
2021-08-08 09:00:00,56,21,35
2021-08-08 10:00:00,68,40,28
2021-08-08 11:00:00,96,50,46
2021-08-08 12:00:00,70,33,37
2021-08-08 13:00:00,84,46,38
2021-08-08 14:00:00,81,46,35
2021-08-08 15:00:00,84,43,41
2021-08-08 16:00:00,97,51,46
2021-08-08 17:00:00,58,40,18
2021-08-08 18:00:00,58,40,18
2021-08-08 19:00:00,34,18,16
2021-08-08 20:00:00,25,9,16
2021-08-08 21:00:00,11,1,10
2021-08-08 22:00:00,15,12,3
2021-08-08 23:00:00,5,4,1
2021-08-09 00:00:00,4,4,0
2021-08-09 01:00:00,0,0,0
2021-08-09 02:00:00,3,1,2
2021-08-09 03:00:00,3,2,1
2021-08-09 04:00:00,7,0,7
2021-08-09 05:00:00,37,6,31
2021-08-09 06:00:00,87,4,83
2021-08-09 07:00:00,109,11,98
2021-08-09 08:00:00,97,12,85
2021-08-09 09:00:00,58,14,44
2021-08-09 10:00:00,40,11,29
2021-08-09 11:00:00,35,12,23
2021-08-09 12:00:00,63,31,32
2021-08-09 13:00:00,58,33,25
2021-08-09 14:00:00,75,43,32
2021-08-09 15:00:00,74,59,15
2021-08-09 16:00:00,135,103,32
2021-08-09 17:00:00,158,129,29
2021-08-09 18:00:00,100,82,18
2021-08-09 19:00:00,67,43,24
2021-08-09 20:00:00,27,14,13
2021-08-09 21:00:00,20,13,7
2021-08-09 22:00:00,9,6,3
2021-08-09 23:00:00,5,4,1
2021-08-10 00:00:00,8,7,1
2021-08-10 01:00:00,2,0,2
2021-08-10 02:00:00,4,1,3
2021-08-10 03:00:00,2,1,1
2021-08-10 04:00:00,9,2,7
2021-08-10 05:00:00,33,5,28
2021-08-10 06:00:00,86,7,79
2021-08-10 07:00:00,108,9,99
2021-08-10 08:00:00,113,12,101
2021-08-10 09:00:00,51,19,32
2021-08-10 10:00:00,37,11,26
2021-08-10 11:00:00,27,10,17
2021-08-10 12:00:00,43,12,31
2021-08-10 13:00:00,43,25,18
2021-08-10 14:00:00,69,38,31
2021-08-10 15:00:00,88,72,16
2021-08-10 16:00:00,119,88,31
2021-08-10 17:00:00,156,126,30
2021-08-10 18:00:00,96,70,26
2021-08-10 19:00:00,54,37,17
2021-08-10 20:00:00,29,15,14
2021-08-10 21:00:00,28,23,5
2021-08-10 22:00:00,8,8,0
2021-08-10 23:00:00,9,6,3
2021-08-11 00:00:00,4,3,1
2021-08-11 01:00:00,1,0,1
2021-08-11 02:00:00,5,1,4
2021-08-11 03:00:00,2,1,1
2021-08-11 04:00:00,14,3,11
2021-08-11 05:00:00,41,7,34
2021-08-11 06:00:00,80,7,73
2021-08-11 07:00:00,97,9,88
2021-08-11 08:00:00,111,18,93
2021-08-11 09:00:00,68,18,50
2021-08-11 10:00:00,61,24,37
2021-08-11 11:00:00,40,21,19
2021-08-11 12:00:00,56,21,35
2021-08-11 13:00:00,42,23,19
2021-08-11 14:00:00,71,47,24
2021-08-11 15:00:00,68,51,17
2021-08-11 16:00:00,116,89,27
2021-08-11 17:00:00,142,120,22
2021-08-11 18:00:00,82,62,20
2021-08-11 19:00:00,59,46,13
2021-08-11 20:00:00,51,31,20
2021-08-11 21:00:00,26,17,9
2021-08-11 22:00:00,13,6,7
2021-08-11 23:00:00,11,8,3
2021-08-12 00:00:00,5,4,1
2021-08-12 01:00:00,8,3,5
2021-08-12 02:00:00,7,2,5
2021-08-12 03:00:00,3,2,1
2021-08-12 04:00:00,12,2,10
2021-08-12 05:00:00,29,7,22
2021-08-12 06:00:00,70,6,64
2021-08-12 07:00:00,110,7,103
2021-08-12 08:00:00,118,15,103
2021-08-12 09:00:00,63,16,47
2021-08-12 10:00:00,41,18,23
2021-08-12 11:00:00,42,19,23
2021-08-12 12:00:00,48,18,30
2021-08-12 13:00:00,31,17,14
2021-08-12 14:00:00,40,24,16
2021-08-12 15:00:00,75,62,13
2021-08-12 16:00:00,106,79,27
2021-08-12 17:00:00,113,93,20
2021-08-12 18:00:00,89,70,19
2021-08-12 19:00:00,46,37,9
2021-08-12 20:00:00,29,21,8
2021-08-12 21:00:00,20,17,3
2021-08-12 22:00:00,13,9,4
2021-08-12 23:00:00,8,5,3
2021-08-13 00:00:00,7,4,3
2021-08-13 01:00:00,2,2,0
2021-08-13 02:00:00,3,1,2
2021-08-13 03:00:00,1,0,1
2021-08-13 04:00:00,7,1,6
2021-08-13 05:00:00,38,9,29
2021-08-13 06:00:00,58,7,51
2021-08-13 07:00:00,58,9,49
2021-08-13 08:00:00,80,15,65
2021-08-13 09:00:00,31,11,20
2021-08-13 10:00:00,30,14,16
2021-08-13 11:00:00,24,10,14
2021-08-13 12:00:00,22,11,11
2021-08-13 13:00:00,37,16,21
2021-08-13 14:00:00,47,37,10
2021-08-13 15:00:00,44,33,11
2021-08-13 16:00:00,81,59,22
2021-08-13 17:00:00,81,48,33
2021-08-13 18:00:00,43,31,12
2021-08-13 19:00:00,42,32,10
2021-08-13 20:00:00,23,14,9
2021-08-13 21:00:00,20,10,10
2021-08-13 22:00:00,25,13,12
2021-08-13 23:00:00,21,15,6
2021-08-14 00:00:00,13,6,7
2021-08-14 01:00:00,4,2,2
2021-08-14 02:00:00,3,1,2
2021-08-14 03:00:00,2,2,0
2021-08-14 04:00:00,3,1,2
2021-08-14 05:00:00,8,2,6
2021-08-14 06:00:00,11,3,8
2021-08-14 07:00:00,26,8,18
2021-08-14 08:00:00,51,23,28
2021-08-14 09:00:00,34,16,18
2021-08-14 10:00:00,70,39,31
2021-08-14 11:00:00,49,26,23
2021-08-14 12:00:00,77,42,35
2021-08-14 13:00:00,67,33,34
2021-08-14 14:00:00,69,22,47
2021-08-14 15:00:00,76,47,29
2021-08-14 16:00:00,65,33,32
2021-08-14 17:00:00,55,32,23
2021-08-14 18:00:00,48,17,31
2021-08-14 19:00:00,39,19,20
2021-08-14 20:00:00,20,12,8
2021-08-14 21:00:00,11,8,3
2021-08-14 22:00:00,18,11,7
2021-08-14 23:00:00,23,16,7
2021-08-15 00:00:00,11,9,2
2021-08-15 01:00:00,2,2,0
2021-08-15 02:00:00,4,3,1
2021-08-15 03:00:00,5,0,5
2021-08-15 04:00:00,5,0,5
2021-08-15 05:00:00,4,1,3
2021-08-15 06:00:00,14,5,9
2021-08-15 07:00:00,22,8,14
2021-08-15 08:00:00,34,9,25
2021-08-15 09:00:00,54,30,24
2021-08-15 10:00:00,98,49,49
2021-08-15 11:00:00,91,34,57
2021-08-15 12:00:00,70,34,36
2021-08-15 13:00:00,87,43,44
2021-08-15 14:00:00,74,33,41
2021-08-15 15:00:00,77,50,27
2021-08-15 16:00:00,60,31,29
2021-08-15 17:00:00,60,41,19
2021-08-15 18:00:00,52,25,27
2021-08-15 19:00:00,27,18,9
2021-08-15 20:00:00,29,11,18
2021-08-15 21:00:00,10,8,2
2021-08-15 22:00:00,14,8,6
2021-08-15 23:00:00,5,3,2
2021-08-16 00:00:00,4,4,0
2021-08-16 01:00:00,0,0,0
2021-08-16 02:00:00,4,2,2
2021-08-16 03:00:00,2,1,1
2021-08-16 04:00:00,11,3,8
2021-08-16 05:00:00,37,7,30
2021-08-16 06:00:00,78,7,71
2021-08-16 07:00:00,88,6,82
2021-08-16 08:00:00,86,4,82
2021-08-16 09:00:00,44,4,40
2021-08-16 10:00:00,37,9,28
2021-08-16 11:00:00,35,18,17
2021-08-16 12:00:00,40,11,29
2021-08-16 13:00:00,38,25,13
2021-08-16 14:00:00,53,29,24
2021-08-16 15:00:00,65,44,21
2021-08-16 16:00:00,110,89,21
2021-08-16 17:00:00,114,97,17
2021-08-16 18:00:00,71,61,10
2021-08-16 19:00:00,34,27,7
2021-08-16 20:00:00,27,17,10
2021-08-16 21:00:00,10,6,4
2021-08-16 22:00:00,4,2,2
2021-08-16 23:00:00,5,4,1
2021-08-17 00:00:00,5,4,1
2021-08-17 01:00:00,2,2,0
2021-08-17 02:00:00,5,1,4
2021-08-17 03:00:00,4,3,1
2021-08-17 04:00:00,9,0,9
2021-08-17 05:00:00,42,7,35
2021-08-17 06:00:00,80,8,72
2021-08-17 07:00:00,96,8,88
2021-08-17 08:00:00,117,8,109
2021-08-17 09:00:00,56,21,35
2021-08-17 10:00:00,31,9,22
2021-08-17 11:00:00,48,27,21
2021-08-17 12:00:00,44,18,26
2021-08-17 13:00:00,46,22,24
2021-08-17 14:00:00,50,33,17
2021-08-17 15:00:00,74,57,17
2021-08-17 16:00:00,127,99,28
2021-08-17 17:00:00,161,122,39
2021-08-17 18:00:00,120,90,30
2021-08-17 19:00:00,59,38,21
2021-08-17 20:00:00,27,19,8
2021-08-17 21:00:00,14,12,2
2021-08-17 22:00:00,11,6,5
2021-08-17 23:00:00,10,8,2
2021-08-18 00:00:00,6,5,1
2021-08-18 01:00:00,4,1,3
2021-08-18 02:00:00,5,0,5
2021-08-18 03:00:00,4,2,2
2021-08-18 04:00:00,5,0,5
2021-08-18 05:00:00,45,5,40
2021-08-18 06:00:00,81,10,71
2021-08-18 07:00:00,99,10,89
2021-08-18 08:00:00,88,14,74
2021-08-18 09:00:00,51,10,41
2021-08-18 10:00:00,45,10,35
2021-08-18 11:00:00,33,17,16
2021-08-18 12:00:00,35,14,21
2021-08-18 13:00:00,41,19,22
2021-08-18 14:00:00,54,38,16
2021-08-18 15:00:00,100,56,44
2021-08-18 16:00:00,132,100,32
2021-08-18 17:00:00,157,120,37
2021-08-18 18:00:00,101,84,17
2021-08-18 19:00:00,66,45,21
2021-08-18 20:00:00,36,24,12
2021-08-18 21:00:00,15,9,6
2021-08-18 22:00:00,8,3,5
2021-08-18 23:00:00,9,8,1
2021-08-19 00:00:00,3,3,0
2021-08-19 01:00:00,1,0,1
2021-08-19 02:00:00,7,2,5
2021-08-19 03:00:00,2,1,1
2021-08-19 04:00:00,7,3,4
2021-08-19 05:00:00,38,5,33
2021-08-19 06:00:00,75,9,66
2021-08-19 07:00:00,114,14,100
2021-08-19 08:00:00,102,10,92
2021-08-19 09:00:00,54,12,42
2021-08-19 10:00:00,35,12,23
2021-08-19 11:00:00,37,15,22
2021-08-19 12:00:00,51,23,28
2021-08-19 13:00:00,51,24,27
2021-08-19 14:00:00,55,31,24
2021-08-19 15:00:00,83,52,31
2021-08-19 16:00:00,109,89,20
2021-08-19 17:00:00,159,131,28
2021-08-19 18:00:00,110,83,27
2021-08-19 19:00:00,44,30,14
2021-08-19 20:00:00,39,24,15
2021-08-19 21:00:00,27,14,13
2021-08-19 22:00:00,10,6,4
2021-08-19 23:00:00,11,11,0
2021-08-20 00:00:00,4,4,0
2021-08-20 01:00:00,2,2,0
2021-08-20 02:00:00,10,4,6
2021-08-20 03:00:00,2,0,2
2021-08-20 04:00:00,9,2,7
2021-08-20 05:00:00,28,4,24
2021-08-20 06:00:00,54,8,46
2021-08-20 07:00:00,77,8,69
2021-08-20 08:00:00,92,12,80
2021-08-20 09:00:00,56,19,37
2021-08-20 10:00:00,45,33,12
2021-08-20 11:00:00,44,12,32
2021-08-20 12:00:00,60,36,24
2021-08-20 13:00:00,43,27,16
2021-08-20 14:00:00,89,42,47
2021-08-20 15:00:00,75,41,34
2021-08-20 16:00:00,87,69,18
2021-08-20 17:00:00,121,98,23
2021-08-20 18:00:00,64,47,17
2021-08-20 19:00:00,55,35,20
2021-08-20 20:00:00,33,15,18
2021-08-20 21:00:00,12,10,2
2021-08-20 22:00:00,9,5,4
2021-08-20 23:00:00,13,11,2
2021-08-21 00:00:00,4,3,1
2021-08-21 01:00:00,6,3,3
2021-08-21 02:00:00,5,3,2
2021-08-21 03:00:00,3,3,0
2021-08-21 04:00:00,5,1,4
2021-08-21 05:00:00,6,1,5
2021-08-21 06:00:00,15,5,10
2021-08-21 07:00:00,21,3,18
2021-08-21 08:00:00,51,28,23
2021-08-21 09:00:00,51,26,25
2021-08-21 10:00:00,57,22,35
2021-08-21 11:00:00,58,25,33
2021-08-21 12:00:00,63,39,24
2021-08-21 13:00:00,72,39,33
2021-08-21 14:00:00,63,38,25
2021-08-21 15:00:00,75,32,43
2021-08-21 16:00:00,91,42,49
2021-08-21 17:00:00,58,29,29
2021-08-21 18:00:00,55,30,25
2021-08-21 19:00:00,36,18,18
2021-08-21 20:00:00,29,16,13
2021-08-21 21:00:00,25,21,4
2021-08-21 22:00:00,15,13,2
2021-08-21 23:00:00,12,10,2
2021-08-22 00:00:00,5,3,2
2021-08-22 01:00:00,5,5,0
2021-08-22 02:00:00,5,3,2
2021-08-22 03:00:00,0,0,0
2021-08-22 04:00:00,7,2,5
2021-08-22 05:00:00,6,0,6
2021-08-22 06:00:00,9,3,6
2021-08-22 07:00:00,9,4,5
2021-08-22 08:00:00,35,10,25
2021-08-22 09:00:00,36,11,25
2021-08-22 10:00:00,65,34,31
2021-08-22 11:00:00,53,23,30
2021-08-22 12:00:00,62,33,29
2021-08-22 13:00:00,70,35,35
2021-08-22 14:00:00,72,44,28
2021-08-22 15:00:00,54,32,22
2021-08-22 16:00:00,58,26,32
2021-08-22 17:00:00,42,25,17
2021-08-22 18:00:00,36,21,15
2021-08-22 19:00:00,24,15,9
2021-08-22 20:00:00,18,13,5
2021-08-22 21:00:00,9,6,3
2021-08-22 22:00:00,3,2,1
2021-08-22 23:00:00,3,3,0
2021-08-23 00:00:00,2,1,1
2021-08-23 01:00:00,4,3,1
2021-08-23 02:00:00,0,0,0
2021-08-23 03:00:00,1,1,0
2021-08-23 04:00:00,14,2,12
2021-08-23 05:00:00,33,7,26
2021-08-23 06:00:00,74,9,65
2021-08-23 07:00:00,90,6,84
2021-08-23 08:00:00,99,6,93
2021-08-23 09:00:00,45,17,28
2021-08-23 10:00:00,29,10,19
2021-08-23 11:00:00,36,13,23
2021-08-23 12:00:00,49,20,29
2021-08-23 13:00:00,45,22,23
2021-08-23 14:00:00,62,45,17
2021-08-23 15:00:00,74,49,25
2021-08-23 16:00:00,141,100,41
2021-08-23 17:00:00,127,108,19
2021-08-23 18:00:00,117,92,25
2021-08-23 19:00:00,69,42,27
2021-08-23 20:00:00,42,24,18
2021-08-23 21:00:00,29,20,9
2021-08-23 22:00:00,9,6,3
2021-08-23 23:00:00,8,6,2
2021-08-24 00:00:00,3,2,1
2021-08-24 01:00:00,5,3,2
2021-08-24 02:00:00,2,0,2
2021-08-24 03:00:00,5,1,4
2021-08-24 04:00:00,8,0,8
2021-08-24 05:00:00,34,4,30
2021-08-24 06:00:00,81,5,76
2021-08-24 07:00:00,107,12,95
2021-08-24 08:00:00,119,13,106
2021-08-24 09:00:00,39,12,27
2021-08-24 10:00:00,41,15,26
2021-08-24 11:00:00,42,18,24
2021-08-24 12:00:00,41,18,23
2021-08-24 13:00:00,41,24,17
2021-08-24 14:00:00,74,38,36
2021-08-24 15:00:00,76,47,29
2021-08-24 16:00:00,134,109,25
2021-08-24 17:00:00,176,139,37
2021-08-24 18:00:00,104,78,26
2021-08-24 19:00:00,59,42,17
2021-08-24 20:00:00,29,14,15
2021-08-24 21:00:00,21,13,8
2021-08-24 22:00:00,11,9,2
2021-08-24 23:00:00,6,3,3
2021-08-25 00:00:00,6,4,2
2021-08-25 01:00:00,4,4,0
2021-08-25 02:00:00,3,0,3
2021-08-25 03:00:00,1,0,1
2021-08-25 04:00:00,12,1,11
2021-08-25 05:00:00,29,9,20
2021-08-25 06:00:00,70,4,66
2021-08-25 07:00:00,104,9,95
2021-08-25 08:00:00,98,11,87
2021-08-25 09:00:00,63,19,44
2021-08-25 10:00:00,48,15,33
2021-08-25 11:00:00,41,12,29
2021-08-25 12:00:00,50,20,30
2021-08-25 13:00:00,52,33,19
2021-08-25 14:00:00,74,47,27
2021-08-25 15:00:00,85,50,35
2021-08-25 16:00:00,131,95,36
2021-08-25 17:00:00,156,131,25
2021-08-25 18:00:00,83,65,18
2021-08-25 19:00:00,73,49,24
2021-08-25 20:00:00,35,23,12
2021-08-25 21:00:00,19,14,5
2021-08-25 22:00:00,11,11,0
2021-08-25 23:00:00,8,8,0
2021-08-26 00:00:00,1,1,0
2021-08-26 01:00:00,5,2,3
2021-08-26 02:00:00,10,3,7
2021-08-26 03:00:00,0,0,0
2021-08-26 04:00:00,8,4,4
2021-08-26 05:00:00,29,5,24
2021-08-26 06:00:00,60,5,55
2021-08-26 07:00:00,94,8,86
2021-08-26 08:00:00,103,12,91
2021-08-26 09:00:00,61,9,52
2021-08-26 10:00:00,30,14,16
2021-08-26 11:00:00,52,22,30
2021-08-26 12:00:00,42,17,25
2021-08-26 13:00:00,43,22,21
2021-08-26 14:00:00,49,29,20
2021-08-26 15:00:00,75,52,23
2021-08-26 16:00:00,85,66,19
2021-08-26 17:00:00,131,110,21
2021-08-26 18:00:00,92,71,21
2021-08-26 19:00:00,56,41,15
2021-08-26 20:00:00,32,23,9
2021-08-26 21:00:00,18,11,7
2021-08-26 22:00:00,14,13,1
2021-08-26 23:00:00,6,5,1
2021-08-27 00:00:00,16,12,4
2021-08-27 01:00:00,1,0,1
2021-08-27 02:00:00,3,0,3
2021-08-27 03:00:00,2,1,1
2021-08-27 04:00:00,3,1,2
2021-08-27 05:00:00,33,4,29
2021-08-27 06:00:00,55,5,50
2021-08-27 07:00:00,89,14,75
2021-08-27 08:00:00,73,5,68
2021-08-27 09:00:00,41,11,30
2021-08-27 10:00:00,27,10,17
2021-08-27 11:00:00,44,24,20
2021-08-27 12:00:00,47,29,18
2021-08-27 13:00:00,45,20,25
2021-08-27 14:00:00,61,36,25
2021-08-27 15:00:00,69,36,33
2021-08-27 16:00:00,101,76,25
2021-08-27 17:00:00,93,72,21
2021-08-27 18:00:00,70,46,24
2021-08-27 19:00:00,44,34,10
2021-08-27 20:00:00,18,12,6
2021-08-27 21:00:00,13,12,1
2021-08-27 22:00:00,10,9,1
2021-08-27 23:00:00,5,5,0
2021-08-28 00:00:00,12,7,5
2021-08-28 01:00:00,3,1,2
2021-08-28 02:00:00,2,0,2
2021-08-28 03:00:00,2,1,1
2021-08-28 04:00:00,4,1,3
2021-08-28 05:00:00,3,0,3
2021-08-28 06:00:00,12,3,9
2021-08-28 07:00:00,21,5,16
2021-08-28 08:00:00,62,28,34
2021-08-28 09:00:00,86,43,43
2021-08-28 10:00:00,87,41,46
2021-08-28 11:00:00,121,70,51
2021-08-28 12:00:00,105,52,53
2021-08-28 13:00:00,77,49,28
2021-08-28 14:00:00,93,43,50
2021-08-28 15:00:00,71,42,29
2021-08-28 16:00:00,71,30,41
2021-08-28 17:00:00,66,28,38
2021-08-28 18:00:00,68,39,29
2021-08-28 19:00:00,37,21,16
2021-08-28 20:00:00,27,15,12
2021-08-28 21:00:00,16,9,7
2021-08-28 22:00:00,19,14,5
2021-08-28 23:00:00,11,6,5
2021-08-29 00:00:00,7,7,0
2021-08-29 01:00:00,7,5,2
2021-08-29 02:00:00,0,0,0
2021-08-29 03:00:00,5,1,4
2021-08-29 04:00:00,4,1,3
2021-08-29 05:00:00,6,2,4
2021-08-29 06:00:00,11,5,6
2021-08-29 07:00:00,18,9,9
2021-08-29 08:00:00,29,16,13
2021-08-29 09:00:00,55,23,32
2021-08-29 10:00:00,67,22,45
2021-08-29 11:00:00,114,73,41
2021-08-29 12:00:00,136,87,49
2021-08-29 13:00:00,130,46,84
2021-08-29 14:00:00,107,37,70
2021-08-29 15:00:00,97,46,51
2021-08-29 16:00:00,85,56,29
2021-08-29 17:00:00,60,17,43
2021-08-29 18:00:00,53,24,29
2021-08-29 19:00:00,22,12,10
2021-08-29 20:00:00,24,20,4
2021-08-29 21:00:00,19,14,5
2021-08-29 22:00:00,29,26,3
2021-08-29 23:00:00,7,6,1
2021-08-30 00:00:00,5,5,0
2021-08-30 01:00:00,4,3,1
2021-08-30 02:00:00,5,5,0
2021-08-30 03:00:00,4,2,2
2021-08-30 04:00:00,8,1,7
2021-08-30 05:00:00,37,6,31
2021-08-30 06:00:00,78,8,70
2021-08-30 07:00:00,99,14,85
2021-08-30 08:00:00,85,10,75
2021-08-30 09:00:00,44,11,33
2021-08-30 10:00:00,27,9,18
2021-08-30 11:00:00,30,7,23
2021-08-30 12:00:00,25,11,14
2021-08-30 13:00:00,33,19,14
2021-08-30 14:00:00,46,28,18
2021-08-30 15:00:00,75,60,15
2021-08-30 16:00:00,99,74,25
2021-08-30 17:00:00,125,107,18
2021-08-30 18:00:00,77,60,17
2021-08-30 19:00:00,32,26,6
2021-08-30 20:00:00,21,16,5
2021-08-30 21:00:00,7,6,1
2021-08-30 22:00:00,4,4,0
2021-08-30 23:00:00,16,12,4
2021-08-31 00:00:00,3,2,1
2021-08-31 01:00:00,2,2,0
2021-08-31 02:00:00,3,0,3
2021-08-31 03:00:00,2,1,1
2021-08-31 04:00:00,5,0,5
2021-08-31 05:00:00,26,3,23
2021-08-31 06:00:00,71,8,63
2021-08-31 07:00:00,124,12,112
2021-08-31 08:00:00,89,6,83
2021-08-31 09:00:00,48,16,32
2021-08-31 10:00:00,32,10,22
2021-08-31 11:00:00,28,14,14
2021-08-31 12:00:00,40,17,23
2021-08-31 13:00:00,36,20,16
2021-08-31 14:00:00,48,33,15
2021-08-31 15:00:00,27,19,8
2021-08-31 16:00:00,0,0,0
2021-08-31 17:00:00,0,0,0
2021-08-31 18:00:00,0,0,0
2021-08-31 19:00:00,0,0,0
2021-08-31 20:00:00,0,0,0
2021-08-31 21:00:00,0,0,0
2021-08-31 22:00:00,0,0,0
2021-08-31 23:00:00,0,0,0
2021-09-01 00:00:00,0,0,0
2021-09-01 01:00:00,0,0,0
2021-09-01 02:00:00,0,0,0
2021-09-01 03:00:00,0,0,0
2021-09-01 04:00:00,0,0,0
2021-09-01 05:00:00,0,0,0
2021-09-01 06:00:00,0,0,0
2021-09-01 07:00:00,0,0,0
2021-09-01 08:00:00,0,0,0
2021-09-01 09:00:00,0,0,0
2021-09-01 10:00:00,0,0,0
2021-09-01 11:00:00,0,0,0
2021-09-01 12:00:00,0,0,0
2021-09-01 13:00:00,0,0,0
2021-09-01 14:00:00,0,0,0
2021-09-01 15:00:00,0,0,0
2021-09-01 16:00:00,0,0,0
2021-09-01 17:00:00,0,0,0
2021-09-01 18:00:00,0,0,0
2021-09-01 19:00:00,0,0,0
2021-09-01 20:00:00,0,0,0
2021-09-01 21:00:00,0,0,0
2021-09-01 22:00:00,0,0,0
2021-09-01 23:00:00,0,0,0
2021-09-02 00:00:00,0,0,0
2021-09-02 01:00:00,0,0,0
2021-09-02 02:00:00,0,0,0
2021-09-02 03:00:00,0,0,0
2021-09-02 04:00:00,0,0,0
2021-09-02 05:00:00,0,0,0
2021-09-02 06:00:00,0,0,0
2021-09-02 07:00:00,0,0,0
2021-09-02 08:00:00,0,0,0
2021-09-02 09:00:00,0,0,0
2021-09-02 10:00:00,0,0,0
2021-09-02 11:00:00,0,0,0
2021-09-02 12:00:00,0,0,0
2021-09-02 13:00:00,0,0,0
2021-09-02 14:00:00,0,0,0
2021-09-02 15:00:00,0,0,0
2021-09-02 16:00:00,0,0,0
2021-09-02 17:00:00,0,0,0
2021-09-02 18:00:00,0,0,0
2021-09-02 19:00:00,0,0,0
2021-09-02 20:00:00,1,0,1
2021-09-02 21:00:00,0,0,0
2021-09-02 22:00:00,0,0,0
2021-09-02 23:00:00,0,0,0
2021-09-03 00:00:00,0,0,0
2021-09-03 01:00:00,0,0,0
2021-09-03 02:00:00,0,0,0
2021-09-03 03:00:00,0,0,0
2021-09-03 04:00:00,0,0,0
2021-09-03 05:00:00,0,0,0
2021-09-03 06:00:00,0,0,0
2021-09-03 07:00:00,0,0,0
2021-09-03 08:00:00,0,0,0
2021-09-03 09:00:00,0,0,0
2021-09-03 10:00:00,0,0,0
2021-09-03 11:00:00,0,0,0
2021-09-03 12:00:00,0,0,0
2021-09-03 13:00:00,0,0,0
2021-09-03 14:00:00,0,0,0
2021-09-03 15:00:00,0,0,0
2021-09-03 16:00:00,0,0,0
2021-09-03 17:00:00,0,0,0
2021-09-03 18:00:00,0,0,0
2021-09-03 19:00:00,0,0,0
2021-09-03 20:00:00,0,0,0
2021-09-03 21:00:00,0,0,0
2021-09-03 22:00:00,0,0,0
2021-09-03 23:00:00,0,0,0
2021-09-04 00:00:00,0,0,0
2021-09-04 01:00:00,0,0,0
2021-09-04 02:00:00,0,0,0
2021-09-04 03:00:00,0,0,0
2021-09-04 04:00:00,0,0,0
2021-09-04 05:00:00,0,0,0
2021-09-04 06:00:00,0,0,0
2021-09-04 07:00:00,0,0,0
2021-09-04 08:00:00,0,0,0
2021-09-04 09:00:00,0,0,0
2021-09-04 10:00:00,0,0,0
2021-09-04 11:00:00,0,0,0
2021-09-04 12:00:00,0,0,0
2021-09-04 13:00:00,0,0,0
2021-09-04 14:00:00,0,0,0
2021-09-04 15:00:00,0,0,0
2021-09-04 16:00:00,0,0,0
2021-09-04 17:00:00,0,0,0
2021-09-04 18:00:00,0,0,0
2021-09-04 19:00:00,0,0,0
2021-09-04 20:00:00,0,0,0
2021-09-04 21:00:00,0,0,0
2021-09-04 22:00:00,0,0,0
2021-09-04 23:00:00,0,0,0
2021-09-05 00:00:00,0,0,0
2021-09-05 01:00:00,0,0,0
2021-09-05 02:00:00,0,0,0
2021-09-05 03:00:00,0,0,0
2021-09-05 04:00:00,0,0,0
2021-09-05 05:00:00,0,0,0
2021-09-05 06:00:00,0,0,0
2021-09-05 07:00:00,0,0,0
2021-09-05 08:00:00,0,0,0
2021-09-05 09:00:00,0,0,0
2021-09-05 10:00:00,0,0,0
2021-09-05 11:00:00,0,0,0
2021-09-05 12:00:00,0,0,0
2021-09-05 13:00:00,0,0,0
2021-09-05 14:00:00,0,0,0
2021-09-05 15:00:00,0,0,0
2021-09-05 16:00:00,0,0,0
2021-09-05 17:00:00,0,0,0
2021-09-05 18:00:00,0,0,0
2021-09-05 19:00:00,0,0,0
2021-09-05 20:00:00,0,0,0
2021-09-05 21:00:00,0,0,0
2021-09-05 22:00:00,0,0,0
2021-09-05 23:00:00,0,0,0
2021-09-06 00:00:00,0,0,0
2021-09-06 01:00:00,0,0,0
2021-09-06 02:00:00,0,0,0
2021-09-06 03:00:00,0,0,0
2021-09-06 04:00:00,0,0,0
2021-09-06 05:00:00,0,0,0
2021-09-06 06:00:00,0,0,0
2021-09-06 07:00:00,0,0,0
2021-09-06 08:00:00,0,0,0
2021-09-06 09:00:00,0,0,0
2021-09-06 10:00:00,0,0,0
2021-09-06 11:00:00,0,0,0
2021-09-06 12:00:00,0,0,0
2021-09-06 13:00:00,0,0,0
2021-09-06 14:00:00,0,0,0
2021-09-06 15:00:00,0,0,0
2021-09-06 16:00:00,0,0,0
2021-09-06 17:00:00,0,0,0
2021-09-06 18:00:00,0,0,0
2021-09-06 19:00:00,0,0,0
2021-09-06 20:00:00,0,0,0
2021-09-06 21:00:00,0,0,0
2021-09-06 22:00:00,0,0,0
2021-09-06 23:00:00,0,0,0
2021-09-07 00:00:00,0,0,0
2021-09-07 01:00:00,0,0,0
2021-09-07 02:00:00,0,0,0
2021-09-07 03:00:00,0,0,0
2021-09-07 04:00:00,0,0,0
2021-09-07 05:00:00,0,0,0
2021-09-07 06:00:00,0,0,0
2021-09-07 07:00:00,0,0,0
2021-09-07 08:00:00,0,0,0
2021-09-07 09:00:00,0,0,0
2021-09-07 10:00:00,0,0,0
2021-09-07 11:00:00,9,2,7
2021-09-07 12:00:00,43,23,20
2021-09-07 13:00:00,44,24,20
2021-09-07 14:00:00,56,34,22
2021-09-07 15:00:00,90,67,23
2021-09-07 16:00:00,123,86,37
2021-09-07 17:00:00,171,153,18
2021-09-07 18:00:00,93,78,15
2021-09-07 19:00:00,47,29,18
2021-09-07 20:00:00,21,17,4
2021-09-07 21:00:00,11,7,4
2021-09-07 22:00:00,10,7,3
2021-09-07 23:00:00,9,7,2
2021-09-08 00:00:00,4,2,2
2021-09-08 01:00:00,3,1,2
2021-09-08 02:00:00,2,1,1
2021-09-08 03:00:00,2,1,1
2021-09-08 04:00:00,14,2,12
2021-09-08 05:00:00,24,7,17
2021-09-08 06:00:00,96,10,86
2021-09-08 07:00:00,115,17,98
2021-09-08 08:00:00,139,21,118
2021-09-08 09:00:00,66,16,50
2021-09-08 10:00:00,38,15,23
2021-09-08 11:00:00,52,23,29
2021-09-08 12:00:00,40,24,16
2021-09-08 13:00:00,46,24,22
2021-09-08 14:00:00,68,39,29
2021-09-08 15:00:00,95,54,41
2021-09-08 16:00:00,119,96,23
2021-09-08 17:00:00,177,145,32
2021-09-08 18:00:00,101,78,23
2021-09-08 19:00:00,52,34,18
2021-09-08 20:00:00,23,13,10
2021-09-08 21:00:00,16,14,2
2021-09-08 22:00:00,20,12,8
2021-09-08 23:00:00,3,3,0
2021-09-09 00:00:00,6,4,2
2021-09-09 01:00:00,2,1,1
2021-09-09 02:00:00,4,1,3
2021-09-09 03:00:00,2,1,1
2021-09-09 04:00:00,8,2,6
2021-09-09 05:00:00,40,8,32
2021-09-09 06:00:00,67,6,61
2021-09-09 07:00:00,119,13,106
2021-09-09 08:00:00,119,13,106
2021-09-09 09:00:00,81,21,60
2021-09-09 10:00:00,45,12,33
2021-09-09 11:00:00,32,14,18
2021-09-09 12:00:00,44,25,19
2021-09-09 13:00:00,36,15,21
2021-09-09 14:00:00,53,29,24
2021-09-09 15:00:00,80,53,27
2021-09-09 16:00:00,133,101,32
2021-09-09 17:00:00,152,131,21
2021-09-09 18:00:00,85,65,20
2021-09-09 19:00:00,51,33,18
2021-09-09 20:00:00,28,17,11
2021-09-09 21:00:00,20,15,5
2021-09-09 22:00:00,6,5,1
2021-09-09 23:00:00,5,4,1
2021-09-10 00:00:00,3,3,0
2021-09-10 01:00:00,2,2,0
2021-09-10 02:00:00,4,0,4
2021-09-10 03:00:00,4,2,2
2021-09-10 04:00:00,5,0,5
2021-09-10 05:00:00,26,6,20
2021-09-10 06:00:00,50,7,43
2021-09-10 07:00:00,86,6,80
2021-09-10 08:00:00,104,14,90
2021-09-10 09:00:00,48,11,37
2021-09-10 10:00:00,31,13,18
2021-09-10 11:00:00,32,10,22
2021-09-10 12:00:00,39,22,17
2021-09-10 13:00:00,39,22,17
2021-09-10 14:00:00,58,35,23
2021-09-10 15:00:00,68,48,20
2021-09-10 16:00:00,103,78,25
2021-09-10 17:00:00,105,81,24
2021-09-10 18:00:00,50,31,19
2021-09-10 19:00:00,26,19,7
2021-09-10 20:00:00,20,14,6
2021-09-10 21:00:00,14,8,6
2021-09-10 22:00:00,13,8,5
2021-09-10 23:00:00,2,2,0
2021-09-11 00:00:00,4,4,0
2021-09-11 01:00:00,2,2,0
2021-09-11 02:00:00,1,0,1
2021-09-11 03:00:00,0,0,0
2021-09-11 04:00:00,2,0,2
2021-09-11 05:00:00,7,4,3
2021-09-11 06:00:00,9,2,7
2021-09-11 07:00:00,19,8,11
2021-09-11 08:00:00,38,12,26
2021-09-11 09:00:00,52,35,17
2021-09-11 10:00:00,58,26,32
2021-09-11 11:00:00,78,41,37
2021-09-11 12:00:00,108,41,67
2021-09-11 13:00:00,86,34,52
2021-09-11 14:00:00,106,61,45
2021-09-11 15:00:00,75,38,37
2021-09-11 16:00:00,90,54,36
2021-09-11 17:00:00,49,38,11
2021-09-11 18:00:00,46,21,25
2021-09-11 19:00:00,34,21,13
2021-09-11 20:00:00,14,7,7
2021-09-11 21:00:00,16,11,5
2021-09-11 22:00:00,10,6,4
2021-09-11 23:00:00,11,9,2
2021-09-12 00:00:00,6,5,1
2021-09-12 01:00:00,3,1,2
2021-09-12 02:00:00,2,1,1
2021-09-12 03:00:00,0,0,0
2021-09-12 04:00:00,3,0,3
2021-09-12 05:00:00,6,2,4
2021-09-12 06:00:00,7,1,6
2021-09-12 07:00:00,7,1,6
2021-09-12 08:00:00,21,7,14
2021-09-12 09:00:00,16,9,7
2021-09-12 10:00:00,18,8,10
2021-09-12 11:00:00,26,19,7
2021-09-12 12:00:00,73,20,53
2021-09-12 13:00:00,45,18,27
2021-09-12 14:00:00,29,12,17
2021-09-12 15:00:00,55,27,28
2021-09-12 16:00:00,39,24,15
2021-09-12 17:00:00,41,18,23
2021-09-12 18:00:00,30,11,19
2021-09-12 19:00:00,18,13,5
2021-09-12 20:00:00,8,5,3
2021-09-12 21:00:00,5,4,1
2021-09-12 22:00:00,4,1,3
2021-09-12 23:00:00,2,1,1
2021-09-13 00:00:00,2,2,0
2021-09-13 01:00:00,3,1,2
2021-09-13 02:00:00,3,1,2
2021-09-13 03:00:00,6,3,3
2021-09-13 04:00:00,5,2,3
2021-09-13 05:00:00,31,8,23
2021-09-13 06:00:00,68,8,60
2021-09-13 07:00:00,118,15,103
2021-09-13 08:00:00,117,6,111
2021-09-13 09:00:00,59,11,48
2021-09-13 10:00:00,33,15,18
2021-09-13 11:00:00,44,21,23
2021-09-13 12:00:00,43,23,20
2021-09-13 13:00:00,39,23,16
2021-09-13 14:00:00,59,32,27
2021-09-13 15:00:00,70,50,20
2021-09-13 16:00:00,137,101,36
2021-09-13 17:00:00,150,127,23
2021-09-13 18:00:00,91,71,20
2021-09-13 19:00:00,32,26,6
2021-09-13 20:00:00,31,22,9
2021-09-13 21:00:00,19,13,6
2021-09-13 22:00:00,16,15,1
2021-09-13 23:00:00,11,11,0
2021-09-14 00:00:00,4,2,2
2021-09-14 01:00:00,2,0,2
2021-09-14 02:00:00,2,1,1
2021-09-14 03:00:00,7,3,4
2021-09-14 04:00:00,5,2,3
2021-09-14 05:00:00,41,10,31
2021-09-14 06:00:00,80,8,72
2021-09-14 07:00:00,137,10,127
2021-09-14 08:00:00,111,10,101
2021-09-14 09:00:00,55,16,39
2021-09-14 10:00:00,34,9,25
2021-09-14 11:00:00,33,11,22
2021-09-14 12:00:00,33,17,16
2021-09-14 13:00:00,47,23,24
2021-09-14 14:00:00,48,35,13
2021-09-14 15:00:00,68,53,15
2021-09-14 16:00:00,130,101,29
2021-09-14 17:00:00,151,121,30
2021-09-14 18:00:00,101,72,29
2021-09-14 19:00:00,42,25,17
2021-09-14 20:00:00,18,11,7
2021-09-14 21:00:00,23,18,5
2021-09-14 22:00:00,22,19,3
2021-09-14 23:00:00,11,10,1
2021-09-15 00:00:00,8,5,3
2021-09-15 01:00:00,5,3,2
2021-09-15 02:00:00,3,1,2
2021-09-15 03:00:00,1,0,1
2021-09-15 04:00:00,3,0,3
2021-09-15 05:00:00,24,8,16
2021-09-15 06:00:00,60,4,56
2021-09-15 07:00:00,113,11,102
2021-09-15 08:00:00,84,11,73
2021-09-15 09:00:00,50,10,40
2021-09-15 10:00:00,28,11,17
2021-09-15 11:00:00,21,4,17
2021-09-15 12:00:00,30,14,16
2021-09-15 13:00:00,34,18,16
2021-09-15 14:00:00,46,27,19
2021-09-15 15:00:00,78,51,27
2021-09-15 16:00:00,97,70,27
2021-09-15 17:00:00,164,130,34
2021-09-15 18:00:00,98,73,25
2021-09-15 19:00:00,55,42,13
2021-09-15 20:00:00,24,15,9
2021-09-15 21:00:00,20,12,8
2021-09-15 22:00:00,4,4,0
2021-09-15 23:00:00,12,6,6
2021-09-16 00:00:00,4,2,2
2021-09-16 01:00:00,2,2,0
2021-09-16 02:00:00,1,0,1
2021-09-16 03:00:00,4,1,3
2021-09-16 04:00:00,9,3,6
2021-09-16 05:00:00,35,7,28
2021-09-16 06:00:00,72,11,61
2021-09-16 07:00:00,104,10,94
2021-09-16 08:00:00,119,10,109
2021-09-16 09:00:00,58,18,40
2021-09-16 10:00:00,45,10,35
2021-09-16 11:00:00,32,13,19
2021-09-16 12:00:00,39,20,19
2021-09-16 13:00:00,47,25,22
2021-09-16 14:00:00,60,37,23
2021-09-16 15:00:00,69,50,19
2021-09-16 16:00:00,134,103,31
2021-09-16 17:00:00,160,125,35
2021-09-16 18:00:00,93,56,37
2021-09-16 19:00:00,48,33,15
2021-09-16 20:00:00,34,29,5
2021-09-16 21:00:00,17,10,7
2021-09-16 22:00:00,11,9,2
2021-09-16 23:00:00,10,7,3
2021-09-17 00:00:00,4,3,1
2021-09-17 01:00:00,4,1,3
2021-09-17 02:00:00,4,2,2
2021-09-17 03:00:00,6,2,4
2021-09-17 04:00:00,7,2,5
2021-09-17 05:00:00,19,2,17
2021-09-17 06:00:00,37,6,31
2021-09-17 07:00:00,48,7,41
2021-09-17 08:00:00,49,7,42
2021-09-17 09:00:00,27,8,19
2021-09-17 10:00:00,16,6,10
2021-09-17 11:00:00,12,4,8
2021-09-17 12:00:00,11,8,3
2021-09-17 13:00:00,21,11,10
2021-09-17 14:00:00,28,18,10
2021-09-17 15:00:00,30,23,7
2021-09-17 16:00:00,47,37,10
2021-09-17 17:00:00,41,31,10
2021-09-17 18:00:00,27,22,5
2021-09-17 19:00:00,23,18,5
2021-09-17 20:00:00,8,6,2
2021-09-17 21:00:00,6,6,0
2021-09-17 22:00:00,8,4,4
2021-09-17 23:00:00,3,1,2
2021-09-18 00:00:00,2,0,2
2021-09-18 01:00:00,2,1,1
2021-09-18 02:00:00,5,4,1
2021-09-18 03:00:00,1,0,1
2021-09-18 04:00:00,3,1,2
2021-09-18 05:00:00,2,0,2
2021-09-18 06:00:00,3,1,2
2021-09-18 07:00:00,7,3,4
2021-09-18 08:00:00,10,2,8
2021-09-18 09:00:00,19,7,12
2021-09-18 10:00:00,27,12,15
2021-09-18 11:00:00,39,17,22
2021-09-18 12:00:00,45,17,28
2021-09-18 13:00:00,41,21,20
2021-09-18 14:00:00,21,13,8
2021-09-18 15:00:00,12,8,4
2021-09-18 16:00:00,16,8,8
2021-09-18 17:00:00,5,2,3
2021-09-18 18:00:00,16,9,7
2021-09-18 19:00:00,6,2,4
2021-09-18 20:00:00,5,2,3
2021-09-18 21:00:00,2,2,0
2021-09-18 22:00:00,1,1,0
2021-09-18 23:00:00,1,0,1
2021-09-19 00:00:00,0,0,0
2021-09-19 01:00:00,0,0,0
2021-09-19 02:00:00,3,2,1
2021-09-19 03:00:00,3,2,1
2021-09-19 04:00:00,2,0,2
2021-09-19 05:00:00,1,0,1
2021-09-19 06:00:00,3,1,2
2021-09-19 07:00:00,6,3,3
2021-09-19 08:00:00,20,4,16
2021-09-19 09:00:00,17,11,6
2021-09-19 10:00:00,35,15,20
2021-09-19 11:00:00,80,50,30
2021-09-19 12:00:00,47,16,31
2021-09-19 13:00:00,54,30,24
2021-09-19 14:00:00,39,21,18
2021-09-19 15:00:00,24,10,14
2021-09-19 16:00:00,40,22,18
2021-09-19 17:00:00,67,50,17
2021-09-19 18:00:00,22,17,5
2021-09-19 19:00:00,9,1,8
2021-09-19 20:00:00,6,6,0
2021-09-19 21:00:00,4,2,2
2021-09-19 22:00:00,5,4,1
2021-09-19 23:00:00,6,5,1
2021-09-20 00:00:00,5,4,1
2021-09-20 01:00:00,4,1,3
2021-09-20 02:00:00,0,0,0
2021-09-20 03:00:00,2,0,2
2021-09-20 04:00:00,8,1,7
2021-09-20 05:00:00,18,5,13
2021-09-20 06:00:00,76,8,68
2021-09-20 07:00:00,126,8,118
2021-09-20 08:00:00,96,10,86
2021-09-20 09:00:00,53,11,42
2021-09-20 10:00:00,27,7,20
2021-09-20 11:00:00,34,15,19
2021-09-20 12:00:00,28,11,17
2021-09-20 13:00:00,39,22,17
2021-09-20 14:00:00,59,36,23
2021-09-20 15:00:00,73,49,24
2021-09-20 16:00:00,119,95,24
2021-09-20 17:00:00,150,127,23
2021-09-20 18:00:00,78,63,15
2021-09-20 19:00:00,38,24,14
2021-09-20 20:00:00,24,19,5
2021-09-20 21:00:00,16,11,5
2021-09-20 22:00:00,10,3,7
2021-09-20 23:00:00,7,7,0
2021-09-21 00:00:00,4,4,0
2021-09-21 01:00:00,2,1,1
2021-09-21 02:00:00,6,3,3
2021-09-21 03:00:00,7,5,2
2021-09-21 04:00:00,7,1,6
2021-09-21 05:00:00,37,6,31
2021-09-21 06:00:00,71,13,58
2021-09-21 07:00:00,137,11,126
2021-09-21 08:00:00,123,13,110
2021-09-21 09:00:00,61,13,48
2021-09-21 10:00:00,47,16,31
2021-09-21 11:00:00,34,18,16
2021-09-21 12:00:00,47,22,25
2021-09-21 13:00:00,49,24,25
2021-09-21 14:00:00,81,54,27
2021-09-21 15:00:00,107,69,38
2021-09-21 16:00:00,170,133,37
2021-09-21 17:00:00,165,133,32
2021-09-21 18:00:00,122,91,31
2021-09-21 19:00:00,59,41,18
2021-09-21 20:00:00,34,17,17
2021-09-21 21:00:00,17,13,4
2021-09-21 22:00:00,8,5,3
2021-09-21 23:00:00,6,5,1
2021-09-22 00:00:00,3,3,0
2021-09-22 01:00:00,7,3,4
2021-09-22 02:00:00,4,2,2
2021-09-22 03:00:00,5,3,2
2021-09-22 04:00:00,8,0,8
2021-09-22 05:00:00,34,8,26
2021-09-22 06:00:00,59,9,50
2021-09-22 07:00:00,116,10,106
2021-09-22 08:00:00,102,11,91
2021-09-22 09:00:00,62,10,52
2021-09-22 10:00:00,26,11,15
2021-09-22 11:00:00,27,14,13
2021-09-22 12:00:00,23,12,11
2021-09-22 13:00:00,36,18,18
2021-09-22 14:00:00,55,34,21
2021-09-22 15:00:00,57,40,17
2021-09-22 16:00:00,116,91,25
2021-09-22 17:00:00,116,103,13
2021-09-22 18:00:00,84,65,19
2021-09-22 19:00:00,35,22,13
2021-09-22 20:00:00,27,21,6
2021-09-22 21:00:00,14,11,3
2021-09-22 22:00:00,6,4,2
2021-09-22 23:00:00,10,8,2
2021-09-23 00:00:00,3,3,0
2021-09-23 01:00:00,2,0,2
2021-09-23 02:00:00,2,0,2
2021-09-23 03:00:00,4,2,2
2021-09-23 04:00:00,7,1,6
2021-09-23 05:00:00,28,7,21
2021-09-23 06:00:00,65,11,54
2021-09-23 07:00:00,112,12,100
2021-09-23 08:00:00,113,8,105
2021-09-23 09:00:00,57,10,47
2021-09-23 10:00:00,44,9,35
2021-09-23 11:00:00,37,13,24
2021-09-23 12:00:00,48,20,28
2021-09-23 13:00:00,43,28,15
2021-09-23 14:00:00,54,31,23
2021-09-23 15:00:00,80,53,27
2021-09-23 16:00:00,125,95,30
2021-09-23 17:00:00,172,139,33
2021-09-23 18:00:00,91,68,23
2021-09-23 19:00:00,38,23,15
2021-09-23 20:00:00,24,20,4
2021-09-23 21:00:00,8,7,1
2021-09-23 22:00:00,5,4,1
2021-09-23 23:00:00,10,8,2
2021-09-24 00:00:00,5,3,2
2021-09-24 01:00:00,0,0,0
2021-09-24 02:00:00,3,3,0
2021-09-24 03:00:00,2,1,1
2021-09-24 04:00:00,10,3,7
2021-09-24 05:00:00,35,9,26
2021-09-24 06:00:00,52,4,48
2021-09-24 07:00:00,86,10,76
2021-09-24 08:00:00,96,8,88
2021-09-24 09:00:00,57,22,35
2021-09-24 10:00:00,29,5,24
2021-09-24 11:00:00,57,17,40
2021-09-24 12:00:00,44,24,20
2021-09-24 13:00:00,64,38,26
2021-09-24 14:00:00,53,28,25
2021-09-24 15:00:00,81,54,27
2021-09-24 16:00:00,111,84,27
2021-09-24 17:00:00,144,115,29
2021-09-24 18:00:00,94,60,34
2021-09-24 19:00:00,32,23,9
2021-09-24 20:00:00,26,18,8
2021-09-24 21:00:00,11,6,5
2021-09-24 22:00:00,15,9,6
2021-09-24 23:00:00,15,13,2
2021-09-25 00:00:00,6,2,4
2021-09-25 01:00:00,8,5,3
2021-09-25 02:00:00,8,6,2
2021-09-25 03:00:00,3,0,3
2021-09-25 04:00:00,8,3,5
2021-09-25 05:00:00,7,3,4
2021-09-25 06:00:00,11,4,7
2021-09-25 07:00:00,27,18,9
2021-09-25 08:00:00,49,18,31
2021-09-25 09:00:00,51,16,35
2021-09-25 10:00:00,73,40,33
2021-09-25 11:00:00,93,50,43
2021-09-25 12:00:00,116,71,45
2021-09-25 13:00:00,119,62,57
2021-09-25 14:00:00,101,37,64
2021-09-25 15:00:00,110,61,49
2021-09-25 16:00:00,91,39,52
2021-09-25 17:00:00,80,46,34
2021-09-25 18:00:00,53,26,27
2021-09-25 19:00:00,37,23,14
2021-09-25 20:00:00,11,8,3
2021-09-25 21:00:00,7,1,6
2021-09-25 22:00:00,6,2,4
2021-09-25 23:00:00,7,5,2
2021-09-26 00:00:00,5,3,2
2021-09-26 01:00:00,2,2,0
2021-09-26 02:00:00,8,7,1
2021-09-26 03:00:00,3,2,1
2021-09-26 04:00:00,4,2,2
2021-09-26 05:00:00,4,2,2
2021-09-26 06:00:00,6,2,4
2021-09-26 07:00:00,10,5,5
2021-09-26 08:00:00,23,12,11
2021-09-26 09:00:00,31,8,23
2021-09-26 10:00:00,29,13,16
2021-09-26 11:00:00,44,22,22
2021-09-26 12:00:00,34,16,18
2021-09-26 13:00:00,38,20,18
2021-09-26 14:00:00,19,12,7
2021-09-26 15:00:00,11,9,2
2021-09-26 16:00:00,5,3,2
2021-09-26 17:00:00,12,7,5
2021-09-26 18:00:00,14,11,3
2021-09-26 19:00:00,5,2,3
2021-09-26 20:00:00,7,6,1
2021-09-26 21:00:00,0,0,0
2021-09-26 22:00:00,1,0,1
2021-09-26 23:00:00,1,0,1
2021-09-27 00:00:00,0,0,0
2021-09-27 01:00:00,0,0,0
2021-09-27 02:00:00,0,0,0
2021-09-27 03:00:00,0,0,0
2021-09-27 04:00:00,0,0,0
2021-09-27 05:00:00,0,0,0
2021-09-27 06:00:00,0,0,0
2021-09-27 07:00:00,0,0,0
2021-09-27 08:00:00,0,0,0
2021-09-27 09:00:00,0,0,0
2021-09-27 10:00:00,0,0,0
2021-09-27 11:00:00,0,0,0
2021-09-27 12:00:00,0,0,0
2021-09-27 13:00:00,0,0,0
2021-09-27 14:00:00,0,0,0
2021-09-27 15:00:00,0,0,0
2021-09-27 16:00:00,0,0,0
2021-09-27 17:00:00,0,0,0
2021-09-27 18:00:00,0,0,0
2021-09-27 19:00:00,0,0,0
2021-09-27 20:00:00,0,0,0
2021-09-27 21:00:00,0,0,0
2021-09-27 22:00:00,0,0,0
2021-09-27 23:00:00,0,0,0
2021-09-28 00:00:00,4,2,2
2021-09-28 01:00:00,6,3,3
2021-09-28 02:00:00,18,9,9
2021-09-28 03:00:00,56,28,28
2021-09-28 04:00:00,102,51,51
2021-09-28 05:00:00,178,89,89
2021-09-28 06:00:00,150,75,75
2021-09-28 07:00:00,76,38,38
2021-09-28 08:00:00,58,29,29
2021-09-28 09:00:00,32,16,16
2021-09-28 10:00:00,22,11,11
2021-09-28 11:00:00,40,20,20
2021-09-28 12:00:00,34,17,17
2021-09-28 13:00:00,62,31,31
2021-09-28 14:00:00,62,31,31
2021-09-28 15:00:00,46,23,23
2021-09-28 16:00:00,52,26,26
2021-09-28 17:00:00,22,11,11
2021-09-28 18:00:00,24,12,12
2021-09-28 19:00:00,18,9,9
2021-09-28 20:00:00,4,2,2
2021-09-28 21:00:00,6,3,3
2021-09-28 22:00:00,0,0,0
2021-09-28 23:00:00,0,0,0
2021-09-29 00:00:00,4,3,1
2021-09-29 01:00:00,1,1,0
2021-09-29 02:00:00,6,6,0
2021-09-29 03:00:00,22,22,0
2021-09-29 04:00:00,49,49,0
2021-09-29 05:00:00,90,90,0
2021-09-29 06:00:00,90,90,0
2021-09-29 07:00:00,55,55,0
2021-09-29 08:00:00,30,30,0
2021-09-29 09:00:00,16,16,0
2021-09-29 10:00:00,15,15,0
2021-09-29 11:00:00,27,27,0
2021-09-29 12:00:00,29,29,0
2021-09-29 13:00:00,23,23,0
2021-09-29 14:00:00,43,43,0
2021-09-29 15:00:00,28,28,0
2021-09-29 16:00:00,32,32,0
2021-09-29 17:00:00,25,25,0
2021-09-29 18:00:00,10,10,0
2021-09-29 19:00:00,7,7,0
2021-09-29 20:00:00,8,8,0
2021-09-29 21:00:00,2,2,0
2021-09-29 22:00:00,0,0,0
2021-09-29 23:00:00,1,1,0
2021-09-30 00:00:00,1,1,0
2021-09-30 01:00:00,0,0,0
2021-09-30 02:00:00,4,4,0
2021-09-30 03:00:00,22,22,0
2021-09-30 04:00:00,40,40,0
2021-09-30 05:00:00,77,77,0
2021-09-30 06:00:00,59,59,0
2021-09-30 07:00:00,39,39,0
2021-09-30 08:00:00,33,33,0
2021-09-30 09:00:00,26,26,0
2021-09-30 10:00:00,21,21,0
2021-09-30 11:00:00,29,29,0
2021-09-30 12:00:00,20,20,0
2021-09-30 13:00:00,29,29,0
2021-09-30 14:00:00,31,31,0
2021-09-30 15:00:00,29,29,0
2021-09-30 16:00:00,27,27,0
2021-09-30 17:00:00,14,14,0
2021-09-30 18:00:00,5,5,0
2021-09-30 19:00:00,5,5,0
2021-09-30 20:00:00,10,5,5
2021-09-30 21:00:00,10,5,5
2021-09-30 22:00:00,24,12,12
2021-09-30 23:00:00,8,4,4
2021-10-01 00:00:00,4,4,0
2021-10-01 01:00:00,3,1,2
2021-10-01 02:00:00,4,1,3
2021-10-01 03:00:00,3,2,1
2021-10-01 04:00:00,8,0,8
2021-10-01 05:00:00,24,5,19
2021-10-01 06:00:00,49,11,38
2021-10-01 07:00:00,89,14,75
2021-10-01 08:00:00,66,5,61
2021-10-01 09:00:00,59,13,46
2021-10-01 10:00:00,21,5,16
2021-10-01 11:00:00,34,15,19
2021-10-01 12:00:00,33,22,11
2021-10-01 13:00:00,47,24,23
2021-10-01 14:00:00,66,42,24
2021-10-01 15:00:00,84,56,28
2021-10-01 16:00:00,102,74,28
2021-10-01 17:00:00,136,78,58
2021-10-01 18:00:00,56,39,17
2021-10-01 19:00:00,45,29,16
2021-10-01 20:00:00,20,15,5
2021-10-01 21:00:00,14,8,6
2021-10-01 22:00:00,20,20,0
2021-10-01 23:00:00,18,18,0
2021-10-02 00:00:00,10,8,2
2021-10-02 01:00:00,0,0,0
2021-10-02 02:00:00,11,9,2
2021-10-02 03:00:00,2,2,0
2021-10-02 04:00:00,2,0,2
2021-10-02 05:00:00,7,1,6
2021-10-02 06:00:00,12,4,8
2021-10-02 07:00:00,22,7,15
2021-10-02 08:00:00,31,6,25
2021-10-02 09:00:00,50,29,21
2021-10-02 10:00:00,49,26,23
2021-10-02 11:00:00,63,31,32
2021-10-02 12:00:00,84,41,43
2021-10-02 13:00:00,68,38,30
2021-10-02 14:00:00,76,27,49
2021-10-02 15:00:00,71,35,36
2021-10-02 16:00:00,80,39,41
2021-10-02 17:00:00,64,44,20
2021-10-02 18:00:00,43,23,20
2021-10-02 19:00:00,17,11,6
2021-10-02 20:00:00,15,7,8
2021-10-02 21:00:00,8,7,1
2021-10-02 22:00:00,31,30,1
2021-10-02 23:00:00,10,7,3
2021-10-03 00:00:00,7,4,3
2021-10-03 01:00:00,2,1,1
2021-10-03 02:00:00,7,7,0
2021-10-03 03:00:00,4,1,3
2021-10-03 04:00:00,2,0,2
2021-10-03 05:00:00,6,2,4
2021-10-03 06:00:00,10,2,8
2021-10-03 07:00:00,10,2,8
2021-10-03 08:00:00,25,11,14
2021-10-03 09:00:00,28,9,19
2021-10-03 10:00:00,43,17,26
2021-10-03 11:00:00,52,22,30
2021-10-03 12:00:00,35,15,20
2021-10-03 13:00:00,44,24,20
2021-10-03 14:00:00,28,18,10
2021-10-03 15:00:00,29,15,14
2021-10-03 16:00:00,60,42,18
2021-10-03 17:00:00,44,22,22
2021-10-03 18:00:00,37,19,18
2021-10-03 19:00:00,10,7,3
2021-10-03 20:00:00,5,4,1
2021-10-03 21:00:00,17,15,2
2021-10-03 22:00:00,6,6,0
2021-10-03 23:00:00,3,1,2
2021-10-04 00:00:00,1,0,1
2021-10-04 01:00:00,1,0,1
2021-10-04 02:00:00,1,0,1
2021-10-04 03:00:00,3,2,1
2021-10-04 04:00:00,9,1,8
2021-10-04 05:00:00,33,6,27
2021-10-04 06:00:00,65,11,54
2021-10-04 07:00:00,96,9,87
2021-10-04 08:00:00,91,9,82
2021-10-04 09:00:00,44,12,32
2021-10-04 10:00:00,32,7,25
2021-10-04 11:00:00,34,11,23
2021-10-04 12:00:00,37,23,14
2021-10-04 13:00:00,45,26,19
2021-10-04 14:00:00,49,34,15
2021-10-04 15:00:00,86,56,30
2021-10-04 16:00:00,107,77,30
2021-10-04 17:00:00,149,126,23
2021-10-04 18:00:00,76,56,20
2021-10-04 19:00:00,30,21,9
2021-10-04 20:00:00,10,8,2
2021-10-04 21:00:00,14,7,7
2021-10-04 22:00:00,7,6,1
2021-10-04 23:00:00,7,4,3
2021-10-05 00:00:00,1,1,0
2021-10-05 01:00:00,2,1,1
2021-10-05 02:00:00,0,0,0
2021-10-05 03:00:00,5,2,3
2021-10-05 04:00:00,9,5,4
2021-10-05 05:00:00,28,6,22
2021-10-05 06:00:00,45,9,36
2021-10-05 07:00:00,58,5,53
2021-10-05 08:00:00,52,6,46
2021-10-05 09:00:00,21,2,19
2021-10-05 10:00:00,13,4,9
2021-10-05 11:00:00,14,3,11
2021-10-05 12:00:00,15,6,9
2021-10-05 13:00:00,17,9,8
2021-10-05 14:00:00,32,17,15
2021-10-05 15:00:00,30,21,9
2021-10-05 16:00:00,61,49,12
2021-10-05 17:00:00,86,69,17
2021-10-05 18:00:00,55,38,17
2021-10-05 19:00:00,21,16,5
2021-10-05 20:00:00,12,10,2
2021-10-05 21:00:00,7,4,3
2021-10-05 22:00:00,8,7,1
2021-10-05 23:00:00,4,3,1
2021-10-06 00:00:00,6,4,2
2021-10-06 01:00:00,4,4,0
2021-10-06 02:00:00,1,0,1
2021-10-06 03:00:00,0,0,0
2021-10-06 04:00:00,4,0,4
2021-10-06 05:00:00,26,6,20
2021-10-06 06:00:00,60,11,49
2021-10-06 07:00:00,90,10,80
2021-10-06 08:00:00,79,11,68
2021-10-06 09:00:00,38,6,32
2021-10-06 10:00:00,19,7,12
2021-10-06 11:00:00,28,11,17
2021-10-06 12:00:00,16,8,8
2021-10-06 13:00:00,30,16,14
2021-10-06 14:00:00,46,26,20
2021-10-06 15:00:00,54,37,17
2021-10-06 16:00:00,105,71,34
2021-10-06 17:00:00,126,100,26
2021-10-06 18:00:00,63,49,14
2021-10-06 19:00:00,25,21,4
2021-10-06 20:00:00,14,13,1
2021-10-06 21:00:00,5,5,0
2021-10-06 22:00:00,7,5,2
2021-10-06 23:00:00,5,4,1
2021-10-07 00:00:00,5,5,0
2021-10-07 01:00:00,1,1,0
2021-10-07 02:00:00,4,1,3
2021-10-07 03:00:00,2,0,2
2021-10-07 04:00:00,6,0,6
2021-10-07 05:00:00,37,9,28
2021-10-07 06:00:00,59,7,52
2021-10-07 07:00:00,106,6,100
2021-10-07 08:00:00,91,5,86
2021-10-07 09:00:00,67,9,58
2021-10-07 10:00:00,40,14,26
2021-10-07 11:00:00,21,10,11
2021-10-07 12:00:00,40,14,26
2021-10-07 13:00:00,37,17,20
2021-10-07 14:00:00,59,33,26
2021-10-07 15:00:00,82,44,38
2021-10-07 16:00:00,131,92,39
2021-10-07 17:00:00,135,113,22
2021-10-07 18:00:00,98,80,18
2021-10-07 19:00:00,29,21,8
2021-10-07 20:00:00,42,38,4
2021-10-07 21:00:00,58,51,7
2021-10-07 22:00:00,11,9,2
2021-10-07 23:00:00,6,3,3
2021-10-08 00:00:00,7,3,4
2021-10-08 01:00:00,0,0,0
2021-10-08 02:00:00,4,3,1
2021-10-08 03:00:00,0,0,0
2021-10-08 04:00:00,9,3,6
2021-10-08 05:00:00,29,6,23
2021-10-08 06:00:00,42,2,40
2021-10-08 07:00:00,70,7,63
2021-10-08 08:00:00,69,6,63
2021-10-08 09:00:00,44,11,33
2021-10-08 10:00:00,16,5,11
2021-10-08 11:00:00,28,11,17
2021-10-08 12:00:00,29,20,9
2021-10-08 13:00:00,35,17,18
2021-10-08 14:00:00,52,33,19
2021-10-08 15:00:00,62,41,21
2021-10-08 16:00:00,104,71,33
2021-10-08 17:00:00,97,78,19
2021-10-08 18:00:00,74,46,28
2021-10-08 19:00:00,29,16,13
2021-10-08 20:00:00,9,8,1
2021-10-08 21:00:00,17,12,5
2021-10-08 22:00:00,13,9,4
2021-10-08 23:00:00,4,3,1
2021-10-09 00:00:00,2,1,1
2021-10-09 01:00:00,3,1,2
2021-10-09 02:00:00,4,4,0
2021-10-09 03:00:00,2,0,2
2021-10-09 04:00:00,3,0,3
2021-10-09 05:00:00,5,1,4
2021-10-09 06:00:00,10,3,7
2021-10-09 07:00:00,18,8,10
2021-10-09 08:00:00,41,10,31
2021-10-09 09:00:00,46,8,38
2021-10-09 10:00:00,37,20,17
2021-10-09 11:00:00,54,33,21
2021-10-09 12:00:00,51,32,19
2021-10-09 13:00:00,53,21,32
2021-10-09 14:00:00,49,28,21
2021-10-09 15:00:00,36,13,23
2021-10-09 16:00:00,41,23,18
2021-10-09 17:00:00,31,18,13
2021-10-09 18:00:00,20,14,6
2021-10-09 19:00:00,11,10,1
2021-10-09 20:00:00,14,12,2
2021-10-09 21:00:00,5,2,3
2021-10-09 22:00:00,3,2,1
2021-10-09 23:00:00,2,2,0
2021-10-10 00:00:00,3,2,1
2021-10-10 01:00:00,2,0,2
2021-10-10 02:00:00,0,0,0
2021-10-10 03:00:00,2,1,1
2021-10-10 04:00:00,1,0,1
2021-10-10 05:00:00,5,0,5
2021-10-10 06:00:00,5,1,4
2021-10-10 07:00:00,6,2,4
2021-10-10 08:00:00,11,0,11
2021-10-10 09:00:00,7,2,5
2021-10-10 10:00:00,18,9,9
2021-10-10 11:00:00,34,13,21
2021-10-10 12:00:00,26,12,14
2021-10-10 13:00:00,77,26,51
2021-10-10 14:00:00,43,21,22
2021-10-10 15:00:00,32,20,12
2021-10-10 16:00:00,23,17,6
2021-10-10 17:00:00,24,11,13
2021-10-10 18:00:00,13,5,8
2021-10-10 19:00:00,6,3,3
2021-10-10 20:00:00,2,2,0
2021-10-10 21:00:00,2,2,0
2021-10-10 22:00:00,5,3,2
2021-10-10 23:00:00,2,0,2
2021-10-11 00:00:00,3,2,1
2021-10-11 01:00:00,1,0,1
2021-10-11 02:00:00,1,1,0
2021-10-11 03:00:00,1,1,0
2021-10-11 04:00:00,7,0,7
2021-10-11 05:00:00,28,6,22
2021-10-11 06:00:00,56,8,48
2021-10-11 07:00:00,100,9,91
2021-10-11 08:00:00,77,8,69
2021-10-11 09:00:00,42,7,35
2021-10-11 10:00:00,19,1,18
2021-10-11 11:00:00,26,13,13
2021-10-11 12:00:00,26,16,10
2021-10-11 13:00:00,35,16,19
2021-10-11 14:00:00,44,25,19
2021-10-11 15:00:00,66,45,21
2021-10-11 16:00:00,94,76,18
2021-10-11 17:00:00,129,105,24
2021-10-11 18:00:00,71,60,11
2021-10-11 19:00:00,29,20,9
2021-10-11 20:00:00,16,9,7
2021-10-11 21:00:00,11,5,6
2021-10-11 22:00:00,7,4,3
2021-10-11 23:00:00,3,3,0
2021-10-12 00:00:00,1,1,0
2021-10-12 01:00:00,2,2,0
2021-10-12 02:00:00,2,0,2
2021-10-12 03:00:00,2,1,1
2021-10-12 04:00:00,8,2,6
2021-10-12 05:00:00,32,8,24
2021-10-12 06:00:00,52,4,48
2021-10-12 07:00:00,109,8,101
2021-10-12 08:00:00,97,11,86
2021-10-12 09:00:00,51,13,38
2021-10-12 10:00:00,26,4,22
2021-10-12 11:00:00,25,11,14
2021-10-12 12:00:00,22,9,13
2021-10-12 13:00:00,23,14,9
2021-10-12 14:00:00,38,24,14
2021-10-12 15:00:00,52,39,13
2021-10-12 16:00:00,98,75,23
2021-10-12 17:00:00,134,120,14
2021-10-12 18:00:00,58,49,9
2021-10-12 19:00:00,19,11,8
2021-10-12 20:00:00,9,7,2
2021-10-12 21:00:00,5,5,0
2021-10-12 22:00:00,3,3,0
2021-10-12 23:00:00,0,0,0
2021-10-13 00:00:00,4,3,1
2021-10-13 01:00:00,1,1,0
2021-10-13 02:00:00,2,0,2
2021-10-13 03:00:00,2,1,1
2021-10-13 04:00:00,6,0,6
2021-10-13 05:00:00,34,6,28
2021-10-13 06:00:00,58,6,52
2021-10-13 07:00:00,90,8,82
2021-10-13 08:00:00,85,11,74
2021-10-13 09:00:00,48,8,40
2021-10-13 10:00:00,21,6,15
2021-10-13 11:00:00,26,16,10
2021-10-13 12:00:00,24,12,12
2021-10-13 13:00:00,26,15,11
2021-10-13 14:00:00,45,28,17
2021-10-13 15:00:00,55,44,11
2021-10-13 16:00:00,93,66,27
2021-10-13 17:00:00,116,91,25
2021-10-13 18:00:00,70,55,15
2021-10-13 19:00:00,26,22,4
2021-10-13 20:00:00,12,12,0
2021-10-13 21:00:00,12,9,3
2021-10-13 22:00:00,6,3,3
2021-10-13 23:00:00,2,1,1
2021-10-14 00:00:00,6,5,1
2021-10-14 01:00:00,4,3,1
2021-10-14 02:00:00,1,0,1
2021-10-14 03:00:00,2,2,0
2021-10-14 04:00:00,5,0,5
2021-10-14 05:00:00,20,2,18
2021-10-14 06:00:00,67,10,57
2021-10-14 07:00:00,98,8,90
2021-10-14 08:00:00,76,7,69
2021-10-14 09:00:00,42,9,33
2021-10-14 10:00:00,31,5,26
2021-10-14 11:00:00,18,7,11
2021-10-14 12:00:00,20,8,12
2021-10-14 13:00:00,22,14,8
2021-10-14 14:00:00,36,22,14
2021-10-14 15:00:00,53,39,14
2021-10-14 16:00:00,89,71,18
2021-10-14 17:00:00,105,88,17
2021-10-14 18:00:00,53,43,10
2021-10-14 19:00:00,38,33,5
2021-10-14 20:00:00,16,13,3
2021-10-14 21:00:00,3,3,0
2021-10-14 22:00:00,4,4,0
2021-10-14 23:00:00,7,6,1
2021-10-15 00:00:00,3,3,0
2021-10-15 01:00:00,4,3,1
2021-10-15 02:00:00,2,1,1
2021-10-15 03:00:00,0,0,0
2021-10-15 04:00:00,8,1,7
2021-10-15 05:00:00,18,2,16
2021-10-15 06:00:00,43,3,40
2021-10-15 07:00:00,83,9,74
2021-10-15 08:00:00,69,7,62
2021-10-15 09:00:00,30,7,23
2021-10-15 10:00:00,22,6,16
2021-10-15 11:00:00,29,13,16
2021-10-15 12:00:00,13,5,8
2021-10-15 13:00:00,33,17,16
2021-10-15 14:00:00,39,27,12
2021-10-15 15:00:00,52,32,20
2021-10-15 16:00:00,86,67,19
2021-10-15 17:00:00,103,76,27
2021-10-15 18:00:00,53,40,13
2021-10-15 19:00:00,22,20,2
2021-10-15 20:00:00,6,4,2
2021-10-15 21:00:00,12,9,3
2021-10-15 22:00:00,11,9,2
2021-10-15 23:00:00,7,6,1
2021-10-16 00:00:00,10,3,7
2021-10-16 01:00:00,4,1,3
2021-10-16 02:00:00,5,4,1
2021-10-16 03:00:00,4,3,1
2021-10-16 04:00:00,3,1,2
2021-10-16 05:00:00,6,2,4
2021-10-16 06:00:00,11,1,10
2021-10-16 07:00:00,12,5,7
2021-10-16 08:00:00,32,7,25
2021-10-16 09:00:00,33,11,22
2021-10-16 10:00:00,46,24,22
2021-10-16 11:00:00,54,23,31
2021-10-16 12:00:00,64,34,30
2021-10-16 13:00:00,82,36,46
2021-10-16 14:00:00,69,25,44
2021-10-16 15:00:00,61,31,30
2021-10-16 16:00:00,57,37,20
2021-10-16 17:00:00,44,32,12
2021-10-16 18:00:00,26,19,7
2021-10-16 19:00:00,15,12,3
2021-10-16 20:00:00,11,10,1
2021-10-16 21:00:00,7,5,2
2021-10-16 22:00:00,7,5,2
2021-10-16 23:00:00,13,8,5
2021-10-17 00:00:00,4,1,3
2021-10-17 01:00:00,3,2,1
2021-10-17 02:00:00,3,2,1
2021-10-17 03:00:00,6,4,2
2021-10-17 04:00:00,1,0,1
2021-10-17 05:00:00,8,3,5
2021-10-17 06:00:00,2,0,2
2021-10-17 07:00:00,7,3,4
2021-10-17 08:00:00,17,2,15
2021-10-17 09:00:00,22,7,15
2021-10-17 10:00:00,33,20,13
2021-10-17 11:00:00,22,8,14
2021-10-17 12:00:00,33,20,13
2021-10-17 13:00:00,43,21,22
2021-10-17 14:00:00,37,17,20
2021-10-17 15:00:00,23,13,10
2021-10-17 16:00:00,28,18,10
2021-10-17 17:00:00,18,12,6
2021-10-17 18:00:00,17,8,9
2021-10-17 19:00:00,13,11,2
2021-10-17 20:00:00,7,2,5
2021-10-17 21:00:00,1,1,0
2021-10-17 22:00:00,2,0,2
2021-10-17 23:00:00,1,1,0
2021-10-18 00:00:00,5,3,2
2021-10-18 01:00:00,5,2,3
2021-10-18 02:00:00,1,1,0
2021-10-18 03:00:00,3,0,3
2021-10-18 04:00:00,8,0,8
2021-10-18 05:00:00,29,5,24
2021-10-18 06:00:00,59,10,49
2021-10-18 07:00:00,100,4,96
2021-10-18 08:00:00,74,6,68
2021-10-18 09:00:00,52,9,43
2021-10-18 10:00:00,34,9,25
2021-10-18 11:00:00,27,11,16
2021-10-18 12:00:00,39,19,20
2021-10-18 13:00:00,32,19,13
2021-10-18 14:00:00,50,34,16
2021-10-18 15:00:00,64,40,24
2021-10-18 16:00:00,84,67,17
2021-10-18 17:00:00,123,106,17
2021-10-18 18:00:00,73,61,12
2021-10-18 19:00:00,25,21,4
2021-10-18 20:00:00,12,8,4
2021-10-18 21:00:00,10,8,2
2021-10-18 22:00:00,4,4,0
2021-10-18 23:00:00,3,1,2
2021-10-19 00:00:00,7,7,0
2021-10-19 01:00:00,2,1,1
2021-10-19 02:00:00,2,0,2
2021-10-19 03:00:00,5,3,2
2021-10-19 04:00:00,8,1,7
2021-10-19 05:00:00,38,7,31
2021-10-19 06:00:00,79,13,66
2021-10-19 07:00:00,113,7,106
2021-10-19 08:00:00,113,17,96
2021-10-19 09:00:00,54,15,39
2021-10-19 10:00:00,32,12,20
2021-10-19 11:00:00,29,10,19
2021-10-19 12:00:00,36,11,25
2021-10-19 13:00:00,38,21,17
2021-10-19 14:00:00,61,41,20
2021-10-19 15:00:00,85,66,19
2021-10-19 16:00:00,129,92,37
2021-10-19 17:00:00,149,128,21
2021-10-19 18:00:00,64,50,14
2021-10-19 19:00:00,44,30,14
2021-10-19 20:00:00,28,23,5
2021-10-19 21:00:00,12,8,4
2021-10-19 22:00:00,7,5,2
2021-10-19 23:00:00,6,4,2
2021-10-20 00:00:00,4,4,0
2021-10-20 01:00:00,1,0,1
2021-10-20 02:00:00,3,1,2
2021-10-20 03:00:00,3,0,3
2021-10-20 04:00:00,5,0,5
2021-10-20 05:00:00,18,5,13
2021-10-20 06:00:00,36,8,28
2021-10-20 07:00:00,52,3,49
2021-10-20 08:00:00,64,6,58
2021-10-20 09:00:00,28,1,27
2021-10-20 10:00:00,19,5,14
2021-10-20 11:00:00,19,5,14
2021-10-20 12:00:00,20,6,14
2021-10-20 13:00:00,17,10,7
2021-10-20 14:00:00,26,16,10
2021-10-20 15:00:00,55,40,15
2021-10-20 16:00:00,53,41,12
2021-10-20 17:00:00,83,61,22
2021-10-20 18:00:00,61,53,8
2021-10-20 19:00:00,20,14,6
2021-10-20 20:00:00,12,12,0
2021-10-20 21:00:00,9,5,4
2021-10-20 22:00:00,10,7,3
2021-10-20 23:00:00,5,4,1
2021-10-21 00:00:00,7,5,2
2021-10-21 01:00:00,2,1,1
2021-10-21 02:00:00,3,1,2
2021-10-21 03:00:00,4,1,3
2021-10-21 04:00:00,7,0,7
2021-10-21 05:00:00,28,3,25
2021-10-21 06:00:00,53,10,43
2021-10-21 07:00:00,94,9,85
2021-10-21 08:00:00,76,6,70
2021-10-21 09:00:00,44,4,40
2021-10-21 10:00:00,35,14,21
2021-10-21 11:00:00,24,8,16
2021-10-21 12:00:00,36,20,16
2021-10-21 13:00:00,42,22,20
2021-10-21 14:00:00,42,26,16
2021-10-21 15:00:00,63,51,12
2021-10-21 16:00:00,93,78,15
2021-10-21 17:00:00,83,73,10
2021-10-21 18:00:00,47,38,9
2021-10-21 19:00:00,20,19,1
2021-10-21 20:00:00,10,7,3
2021-10-21 21:00:00,7,5,2
2021-10-21 22:00:00,4,2,2
2021-10-21 23:00:00,3,3,0
2021-10-22 00:00:00,1,1,0
2021-10-22 01:00:00,1,0,1
2021-10-22 02:00:00,3,0,3
2021-10-22 03:00:00,2,0,2
2021-10-22 04:00:00,7,1,6
2021-10-22 05:00:00,20,2,18
2021-10-22 06:00:00,43,6,37
2021-10-22 07:00:00,57,5,52
2021-10-22 08:00:00,66,9,57
2021-10-22 09:00:00,25,8,17
2021-10-22 10:00:00,18,10,8
2021-10-22 11:00:00,13,5,8
2021-10-22 12:00:00,21,9,12
2021-10-22 13:00:00,22,13,9
2021-10-22 14:00:00,30,18,12
2021-10-22 15:00:00,46,37,9
2021-10-22 16:00:00,60,47,13
2021-10-22 17:00:00,73,58,15
2021-10-22 18:00:00,53,34,19
2021-10-22 19:00:00,14,11,3
2021-10-22 20:00:00,12,8,4
2021-10-22 21:00:00,10,9,1
2021-10-22 22:00:00,5,5,0
2021-10-22 23:00:00,9,4,5
2021-10-23 00:00:00,5,4,1
2021-10-23 01:00:00,7,3,4
2021-10-23 02:00:00,4,0,4
2021-10-23 03:00:00,5,5,0
2021-10-23 04:00:00,3,2,1
2021-10-23 05:00:00,6,1,5
2021-10-23 06:00:00,5,2,3
2021-10-23 07:00:00,9,4,5
2021-10-23 08:00:00,16,1,15
2021-10-23 09:00:00,18,8,10
2021-10-23 10:00:00,24,11,13
2021-10-23 11:00:00,23,7,16
2021-10-23 12:00:00,17,8,9
2021-10-23 13:00:00,22,10,12
2021-10-23 14:00:00,10,8,2
2021-10-23 15:00:00,27,17,10
2021-10-23 16:00:00,28,19,9
2021-10-23 17:00:00,30,19,11
2021-10-23 18:00:00,27,15,12
2021-10-23 19:00:00,6,5,1
2021-10-23 20:00:00,10,6,4
2021-10-23 21:00:00,5,2,3
2021-10-23 22:00:00,3,3,0
2021-10-23 23:00:00,4,3,1
2021-10-24 00:00:00,2,1,1
2021-10-24 01:00:00,3,2,1
2021-10-24 02:00:00,2,2,0
2021-10-24 03:00:00,4,2,2
2021-10-24 04:00:00,2,1,1
2021-10-24 05:00:00,1,0,1
2021-10-24 06:00:00,5,2,3
2021-10-24 07:00:00,1,1,0
2021-10-24 08:00:00,10,3,7
2021-10-24 09:00:00,11,4,7
2021-10-24 10:00:00,3,2,1
2021-10-24 11:00:00,10,4,6
2021-10-24 12:00:00,10,4,6
2021-10-24 13:00:00,6,4,2
2021-10-24 14:00:00,14,7,7
2021-10-24 15:00:00,4,2,2
2021-10-24 16:00:00,6,3,3
2021-10-24 17:00:00,16,9,7
2021-10-24 18:00:00,8,3,5
2021-10-24 19:00:00,12,9,3
2021-10-24 20:00:00,2,1,1
2021-10-24 21:00:00,3,2,1
2021-10-24 22:00:00,2,1,1
2021-10-24 23:00:00,2,1,1
2021-10-25 00:00:00,0,0,0
2021-10-25 01:00:00,4,2,2
2021-10-25 02:00:00,2,0,2
2021-10-25 03:00:00,2,0,2
2021-10-25 04:00:00,7,2,5
2021-10-25 05:00:00,25,7,18
2021-10-25 06:00:00,38,8,30
2021-10-25 07:00:00,64,7,57
2021-10-25 08:00:00,49,2,47
2021-10-25 09:00:00,26,6,20
2021-10-25 10:00:00,11,3,8
2021-10-25 11:00:00,22,9,13
2021-10-25 12:00:00,18,10,8
2021-10-25 13:00:00,16,9,7
2021-10-25 14:00:00,28,20,8
2021-10-25 15:00:00,31,28,3
2021-10-25 16:00:00,46,30,16
2021-10-25 17:00:00,79,68,11
2021-10-25 18:00:00,31,28,3
2021-10-25 19:00:00,9,9,0
2021-10-25 20:00:00,29,27,2
2021-10-25 21:00:00,23,21,2
2021-10-25 22:00:00,3,2,1
2021-10-25 23:00:00,0,0,0
2021-10-26 00:00:00,0,0,0
2021-10-26 01:00:00,1,0,1
2021-10-26 02:00:00,1,1,0
2021-10-26 03:00:00,1,0,1
2021-10-26 04:00:00,6,1,5
2021-10-26 05:00:00,21,5,16
2021-10-26 06:00:00,46,4,42
2021-10-26 07:00:00,81,6,75
2021-10-26 08:00:00,59,7,52
2021-10-26 09:00:00,26,4,22
2021-10-26 10:00:00,39,11,28
2021-10-26 11:00:00,9,4,5
2021-10-26 12:00:00,15,6,9
2021-10-26 13:00:00,12,9,3
2021-10-26 14:00:00,34,22,12
2021-10-26 15:00:00,43,33,10
2021-10-26 16:00:00,73,61,12
2021-10-26 17:00:00,82,74,8
2021-10-26 18:00:00,43,35,8
2021-10-26 19:00:00,11,7,4
2021-10-26 20:00:00,9,8,1
2021-10-26 21:00:00,8,7,1
2021-10-26 22:00:00,4,4,0
2021-10-26 23:00:00,0,0,0
2021-10-27 00:00:00,5,5,0
2021-10-27 01:00:00,3,1,2
2021-10-27 02:00:00,0,0,0
2021-10-27 03:00:00,9,4,5
2021-10-27 04:00:00,9,1,8
2021-10-27 05:00:00,23,4,19
2021-10-27 06:00:00,50,5,45
2021-10-27 07:00:00,87,8,79
2021-10-27 08:00:00,82,8,74
2021-10-27 09:00:00,46,4,42
2021-10-27 10:00:00,34,12,22
2021-10-27 11:00:00,24,7,17
2021-10-27 12:00:00,21,9,12
2021-10-27 13:00:00,28,17,11
2021-10-27 14:00:00,39,23,16
2021-10-27 15:00:00,57,46,11
2021-10-27 16:00:00,89,72,17
2021-10-27 17:00:00,117,94,23
2021-10-27 18:00:00,43,39,4
2021-10-27 19:00:00,27,21,6
2021-10-27 20:00:00,13,10,3
2021-10-27 21:00:00,11,9,2
2021-10-27 22:00:00,4,4,0
2021-10-27 23:00:00,7,5,2
2021-10-28 00:00:00,1,1,0
2021-10-28 01:00:00,1,0,1
2021-10-28 02:00:00,2,2,0
2021-10-28 03:00:00,2,2,0
2021-10-28 04:00:00,7,0,7
2021-10-28 05:00:00,17,3,14
2021-10-28 06:00:00,37,5,32
2021-10-28 07:00:00,60,4,56
2021-10-28 08:00:00,56,4,52
2021-10-28 09:00:00,27,3,24
2021-10-28 10:00:00,14,5,9
2021-10-28 11:00:00,13,5,8
2021-10-28 12:00:00,11,6,5
2021-10-28 13:00:00,16,12,4
2021-10-28 14:00:00,16,10,6
2021-10-28 15:00:00,31,23,8
2021-10-28 16:00:00,54,44,10
2021-10-28 17:00:00,63,55,8
2021-10-28 18:00:00,37,32,5
2021-10-28 19:00:00,13,11,2
2021-10-28 20:00:00,4,4,0
2021-10-28 21:00:00,7,6,1
2021-10-28 22:00:00,4,4,0
2021-10-28 23:00:00,2,0,2
2021-10-29 00:00:00,5,5,0
2021-10-29 01:00:00,0,0,0
2021-10-29 02:00:00,1,0,1
2021-10-29 03:00:00,0,0,0
2021-10-29 04:00:00,5,0,5
2021-10-29 05:00:00,17,3,14
2021-10-29 06:00:00,31,5,26
2021-10-29 07:00:00,52,5,47
2021-10-29 08:00:00,34,4,30
2021-10-29 09:00:00,22,2,20
2021-10-29 10:00:00,9,4,5
2021-10-29 11:00:00,16,2,14
2021-10-29 12:00:00,14,8,6
2021-10-29 13:00:00,28,13,15
2021-10-29 14:00:00,32,17,15
2021-10-29 15:00:00,41,30,11
2021-10-29 16:00:00,68,52,16
2021-10-29 17:00:00,75,53,22
2021-10-29 18:00:00,42,34,8
2021-10-29 19:00:00,13,11,2
2021-10-29 20:00:00,7,7,0
2021-10-29 21:00:00,16,11,5
2021-10-29 22:00:00,6,3,3
2021-10-29 23:00:00,2,2,0
2021-10-30 00:00:00,5,3,2
2021-10-30 01:00:00,3,1,2
2021-10-30 02:00:00,3,3,0
2021-10-30 03:00:00,3,2,1
2021-10-30 04:00:00,3,0,3
2021-10-30 05:00:00,5,0,5
2021-10-30 06:00:00,7,1,6
2021-10-30 07:00:00,14,7,7
2021-10-30 08:00:00,22,4,18
2021-10-30 09:00:00,40,20,20
2021-10-30 10:00:00,59,23,36
2021-10-30 11:00:00,77,48,29
2021-10-30 12:00:00,73,43,30
2021-10-30 13:00:00,92,47,45
2021-10-30 14:00:00,77,35,42
2021-10-30 15:00:00,98,55,43
2021-10-30 16:00:00,57,26,31
2021-10-30 17:00:00,39,20,19
2021-10-30 18:00:00,29,19,10
2021-10-30 19:00:00,17,15,2
2021-10-30 20:00:00,9,1,8
2021-10-30 21:00:00,9,3,6
2021-10-30 22:00:00,7,3,4
2021-10-30 23:00:00,3,1,2
2021-11-01 00:00:00,1,1,0
2021-11-01 01:00:00,7,6,1
2021-11-01 02:00:00,1,0,1
2021-11-01 03:00:00,4,2,2
2021-11-01 04:00:00,6,1,5
2021-11-01 05:00:00,25,7,18
2021-11-01 06:00:00,52,4,48
2021-11-01 07:00:00,93,7,86
2021-11-01 08:00:00,66,8,58
2021-11-01 09:00:00,45,7,38
2021-11-01 10:00:00,16,5,11
2021-11-01 11:00:00,24,10,14
2021-11-01 12:00:00,25,12,13
2021-11-01 13:00:00,16,11,5
2021-11-01 14:00:00,20,17,3
2021-11-01 15:00:00,39,30,9
2021-11-01 16:00:00,62,53,9
2021-11-01 17:00:00,90,78,12
2021-11-01 18:00:00,63,54,9
2021-11-01 19:00:00,16,14,2
2021-11-01 20:00:00,3,3,0
2021-11-01 21:00:00,18,15,3
2021-11-01 22:00:00,3,3,0
2021-11-01 23:00:00,1,0,1
2021-11-02 00:00:00,1,1,0
2021-11-02 01:00:00,3,2,1
2021-11-02 02:00:00,0,0,0
2021-11-02 03:00:00,4,1,3
2021-11-02 04:00:00,6,0,6
2021-11-02 05:00:00,28,4,24
2021-11-02 06:00:00,50,8,42
2021-11-02 07:00:00,104,8,96
2021-11-02 08:00:00,82,7,75
2021-11-02 09:00:00,44,12,32
2021-11-02 10:00:00,23,5,18
2021-11-02 11:00:00,12,2,10
2021-11-02 12:00:00,21,10,11
2021-11-02 13:00:00,16,13,3
2021-11-02 14:00:00,26,23,3
2021-11-02 15:00:00,40,31,9
2021-11-02 16:00:00,75,66,9
2021-11-02 17:00:00,104,93,11
2021-11-02 18:00:00,43,37,6
2021-11-02 19:00:00,16,13,3
2021-11-02 20:00:00,11,9,2
2021-11-02 21:00:00,7,5,2
2021-11-02 22:00:00,6,6,0
2021-11-02 23:00:00,2,2,0
2021-11-03 00:00:00,4,2,2
2021-11-03 01:00:00,5,4,1
2021-11-03 02:00:00,2,0,2
2021-11-03 03:00:00,2,1,1
2021-11-03 04:00:00,5,1,4
2021-11-03 05:00:00,26,4,22
2021-11-03 06:00:00,47,8,39
2021-11-03 07:00:00,54,8,46
2021-11-03 08:00:00,13,7,6
2021-11-03 09:00:00,13,8,5
2021-11-03 10:00:00,23,5,18
2021-11-03 11:00:00,21,7,14
2021-11-03 12:00:00,21,10,11
2021-11-03 13:00:00,33,20,13
2021-11-03 14:00:00,39,20,19
2021-11-03 15:00:00,45,27,18
2021-11-03 16:00:00,75,59,16
2021-11-03 17:00:00,92,84,8
2021-11-03 18:00:00,49,41,8
2021-11-03 19:00:00,19,15,4
2021-11-03 20:00:00,10,8,2
2021-11-03 21:00:00,8,8,0
2021-11-03 22:00:00,4,4,0
2021-11-03 23:00:00,1,1,0
2021-11-04 00:00:00,0,0,0
2021-11-04 01:00:00,1,0,1
2021-11-04 02:00:00,1,0,1
2021-11-04 03:00:00,0,0,0
2021-11-04 04:00:00,6,1,5
2021-11-04 05:00:00,23,4,19
2021-11-04 06:00:00,39,6,33
2021-11-04 07:00:00,73,6,67
2021-11-04 08:00:00,49,7,42
2021-11-04 09:00:00,23,4,19
2021-11-04 10:00:00,4,0,4
2021-11-04 11:00:00,14,4,10
2021-11-04 12:00:00,12,4,8
2021-11-04 13:00:00,16,9,7
2021-11-04 14:00:00,21,15,6
2021-11-04 15:00:00,35,24,11
2021-11-04 16:00:00,50,41,9
2021-11-04 17:00:00,74,62,12
2021-11-04 18:00:00,51,44,7
2021-11-04 19:00:00,15,13,2
2021-11-04 20:00:00,12,9,3
2021-11-04 21:00:00,16,12,4
2021-11-04 22:00:00,5,4,1
2021-11-04 23:00:00,3,3,0
2021-11-05 00:00:00,2,1,1
2021-11-05 01:00:00,2,2,0
2021-11-05 02:00:00,2,0,2
2021-11-05 03:00:00,0,0,0
2021-11-05 04:00:00,4,0,4
2021-11-05 05:00:00,20,1,19
2021-11-05 06:00:00,31,4,27
2021-11-05 07:00:00,48,6,42
2021-11-05 08:00:00,42,3,39
2021-11-05 09:00:00,25,4,21
2021-11-05 10:00:00,18,2,16
2021-11-05 11:00:00,27,10,17
2021-11-05 12:00:00,19,10,9
2021-11-05 13:00:00,37,21,16
2021-11-05 14:00:00,28,18,10
2021-11-05 15:00:00,45,34,11
2021-11-05 16:00:00,65,47,18
2021-11-05 17:00:00,86,71,15
2021-11-05 18:00:00,41,26,15
2021-11-05 19:00:00,17,12,5
2021-11-05 20:00:00,10,7,3
2021-11-05 21:00:00,9,7,2
2021-11-05 22:00:00,3,2,1
2021-11-05 23:00:00,8,2,6
2021-11-06 00:00:00,3,2,1
2021-11-06 01:00:00,0,0,0
2021-11-06 02:00:00,4,2,2
2021-11-06 03:00:00,4,3,1
2021-11-06 04:00:00,2,0,2
2021-11-06 05:00:00,4,0,4
2021-11-06 06:00:00,6,2,4
2021-11-06 07:00:00,5,1,4
2021-11-06 08:00:00,11,3,8
2021-11-06 09:00:00,12,1,11
2021-11-06 10:00:00,10,3,7
2021-11-06 11:00:00,11,5,6
2021-11-06 12:00:00,8,5,3
2021-11-06 13:00:00,16,6,10
2021-11-06 14:00:00,21,12,9
2021-11-06 15:00:00,10,8,2
2021-11-06 16:00:00,11,8,3
2021-11-06 17:00:00,13,10,3
2021-11-06 18:00:00,7,5,2
2021-11-06 19:00:00,6,3,3
2021-11-06 20:00:00,2,2,0
2021-11-06 21:00:00,2,1,1
2021-11-06 22:00:00,5,4,1
2021-11-06 23:00:00,3,2,1
2021-11-07 00:00:00,1,1,0
2021-11-07 01:00:00,2,2,0
2021-11-07 02:00:00,0,0,0
2021-11-07 03:00:00,3,0,3
2021-11-07 04:00:00,2,1,1
2021-11-07 05:00:00,2,0,2
2021-11-07 06:00:00,4,3,1
2021-11-07 07:00:00,8,2,6
2021-11-07 08:00:00,13,6,7
2021-11-07 09:00:00,13,4,9
2021-11-07 10:00:00,20,12,8
2021-11-07 11:00:00,23,12,11
2021-11-07 12:00:00,11,5,6
2021-11-07 13:00:00,17,9,8
2021-11-07 14:00:00,2,2,0
2021-11-07 15:00:00,6,5,1
2021-11-07 16:00:00,12,8,4
2021-11-07 17:00:00,10,6,4
2021-11-07 18:00:00,6,2,4
2021-11-07 19:00:00,17,7,10
2021-11-07 20:00:00,3,3,0
2021-11-07 21:00:00,3,1,2
2021-11-07 22:00:00,1,1,0
2021-11-07 23:00:00,2,0,2
2021-11-08 00:00:00,2,1,1
2021-11-08 01:00:00,1,0,1
2021-11-08 02:00:00,0,0,0
2021-11-08 03:00:00,2,0,2
2021-11-08 04:00:00,8,1,7
2021-11-08 05:00:00,30,6,24
2021-11-08 06:00:00,46,4,42
2021-11-08 07:00:00,93,5,88
2021-11-08 08:00:00,76,6,70
2021-11-08 09:00:00,45,9,36
2021-11-08 10:00:00,15,5,10
2021-11-08 11:00:00,35,13,22
2021-11-08 12:00:00,31,11,20
2021-11-08 13:00:00,53,27,26
2021-11-08 14:00:00,49,35,14
2021-11-08 15:00:00,65,41,24
2021-11-08 16:00:00,95,82,13
2021-11-08 17:00:00,101,92,9
2021-11-08 18:00:00,47,44,3
2021-11-08 19:00:00,9,8,1
2021-11-08 20:00:00,13,8,5
2021-11-08 21:00:00,6,3,3
2021-11-08 22:00:00,6,5,1
2021-11-08 23:00:00,5,4,1
2021-11-09 00:00:00,4,2,2
2021-11-09 01:00:00,3,2,1
2021-11-09 02:00:00,0,0,0
2021-11-09 03:00:00,3,0,3
2021-11-09 04:00:00,4,0,4
2021-11-09 05:00:00,29,2,27
2021-11-09 06:00:00,43,9,34
2021-11-09 07:00:00,57,9,48
2021-11-09 08:00:00,68,6,62
2021-11-09 09:00:00,37,6,31
2021-11-09 10:00:00,20,3,17
2021-11-09 11:00:00,11,7,4
2021-11-09 12:00:00,12,4,8
2021-11-09 13:00:00,17,10,7
2021-11-09 14:00:00,25,19,6
2021-11-09 15:00:00,34,28,6
2021-11-09 16:00:00,44,39,5
2021-11-09 17:00:00,56,53,3
2021-11-09 18:00:00,35,31,4
2021-11-09 19:00:00,12,9,3
2021-11-09 20:00:00,8,7,1
2021-11-09 21:00:00,7,4,3
2021-11-09 22:00:00,1,1,0
2021-11-09 23:00:00,1,1,0
2021-11-10 00:00:00,3,2,1
2021-11-10 01:00:00,0,0,0
2021-11-10 02:00:00,3,1,2
2021-11-10 03:00:00,2,1,1
2021-11-10 04:00:00,5,1,4
2021-11-10 05:00:00,29,4,25
2021-11-10 06:00:00,52,9,43
2021-11-10 07:00:00,80,4,76
2021-11-10 08:00:00,81,10,71
2021-11-10 09:00:00,46,7,39
2021-11-10 10:00:00,31,7,24
2021-11-10 11:00:00,37,17,20
2021-11-10 12:00:00,33,13,20
2021-11-10 13:00:00,47,24,23
2021-11-10 14:00:00,56,40,16
2021-11-10 15:00:00,63,44,19
2021-11-10 16:00:00,84,68,16
2021-11-10 17:00:00,98,83,15
2021-11-10 18:00:00,53,45,8
2021-11-10 19:00:00,23,19,4
2021-11-10 20:00:00,15,12,3
2021-11-10 21:00:00,12,10,2
2021-11-10 22:00:00,7,5,2
2021-11-10 23:00:00,7,5,2
2021-11-11 00:00:00,2,0,2
2021-11-11 01:00:00,2,0,2
2021-11-11 02:00:00,2,0,2
2021-11-11 03:00:00,3,1,2
2021-11-11 04:00:00,5,2,3
2021-11-11 05:00:00,15,2,13
2021-11-11 06:00:00,24,3,21
2021-11-11 07:00:00,42,2,40
2021-11-11 08:00:00,52,9,43
2021-11-11 09:00:00,33,9,24
2021-11-11 10:00:00,13,5,8
2021-11-11 11:00:00,11,7,4
2021-11-11 12:00:00,10,3,7
2021-11-11 13:00:00,10,4,6
2021-11-11 14:00:00,20,19,1
2021-11-11 15:00:00,16,12,4
2021-11-11 16:00:00,40,30,10
2021-11-11 17:00:00,43,39,4
2021-11-11 18:00:00,23,19,4
2021-11-11 19:00:00,5,5,0
2021-11-11 20:00:00,8,8,0
2021-11-11 21:00:00,6,5,1
2021-11-11 22:00:00,3,2,1
2021-11-11 23:00:00,1,1,0
2021-11-12 00:00:00,0,0,0
2021-11-12 01:00:00,0,0,0
2021-11-12 02:00:00,2,1,1
2021-11-12 03:00:00,1,0,1
2021-11-12 04:00:00,4,0,4
2021-11-12 05:00:00,16,2,14
2021-11-12 06:00:00,22,3,19
2021-11-12 07:00:00,46,4,42
2021-11-12 08:00:00,48,5,43
2021-11-12 09:00:00,21,7,14
2021-11-12 10:00:00,17,5,12
2021-11-12 11:00:00,4,1,3
2021-11-12 12:00:00,8,4,4
2021-11-12 13:00:00,7,4,3
2021-11-12 14:00:00,26,17,9
2021-11-12 15:00:00,31,24,7
2021-11-12 16:00:00,48,40,8
2021-11-12 17:00:00,50,47,3
2021-11-12 18:00:00,25,22,3
2021-11-12 19:00:00,20,18,2
2021-11-12 20:00:00,10,8,2
2021-11-12 21:00:00,5,2,3
2021-11-12 22:00:00,8,4,4
2021-11-12 23:00:00,8,6,2
2021-11-13 00:00:00,9,2,7
2021-11-13 01:00:00,3,2,1
2021-11-13 02:00:00,2,0,2
2021-11-13 03:00:00,2,1,1
2021-11-13 04:00:00,3,0,3
2021-11-13 05:00:00,8,3,5
2021-11-13 06:00:00,5,1,4
2021-11-13 07:00:00,9,0,9
2021-11-13 08:00:00,43,22,21
2021-11-13 09:00:00,37,11,26
2021-11-13 10:00:00,59,34,25
2021-11-13 11:00:00,64,35,29
2021-11-13 12:00:00,67,30,37
2021-11-13 13:00:00,55,36,19
2021-11-13 14:00:00,33,21,12
2021-11-13 15:00:00,33,21,12
2021-11-13 16:00:00,11,8,3
2021-11-13 17:00:00,11,8,3
2021-11-13 18:00:00,3,2,1
2021-11-13 19:00:00,4,2,2
2021-11-13 20:00:00,0,0,0
2021-11-13 21:00:00,1,1,0
2021-11-13 22:00:00,3,1,2
2021-11-13 23:00:00,2,1,1
2021-11-14 00:00:00,1,1,0
2021-11-14 01:00:00,0,0,0
2021-11-14 02:00:00,0,0,0
2021-11-14 03:00:00,3,0,3
2021-11-14 04:00:00,1,0,1
2021-11-14 05:00:00,4,2,2
2021-11-14 06:00:00,2,1,1
2021-11-14 07:00:00,1,1,0
2021-11-14 08:00:00,4,0,4
2021-11-14 09:00:00,3,1,2
2021-11-14 10:00:00,7,1,6
2021-11-14 11:00:00,15,7,8
2021-11-14 12:00:00,7,4,3
2021-11-14 13:00:00,8,6,2
2021-11-14 14:00:00,10,8,2
2021-11-14 15:00:00,8,2,6
2021-11-14 16:00:00,6,3,3
2021-11-14 17:00:00,7,5,2
2021-11-14 18:00:00,1,0,1
2021-11-14 19:00:00,3,1,2
2021-11-14 20:00:00,1,1,0
2021-11-14 21:00:00,2,2,0
2021-11-14 22:00:00,1,1,0
2021-11-14 23:00:00,2,1,1
2021-11-15 00:00:00,4,3,1
2021-11-15 01:00:00,1,0,1
2021-11-15 02:00:00,0,0,0
2021-11-15 03:00:00,6,0,6
2021-11-15 04:00:00,6,0,6
2021-11-15 05:00:00,22,4,18
2021-11-15 06:00:00,40,5,35
2021-11-15 07:00:00,65,6,59
2021-11-15 08:00:00,41,4,37
2021-11-15 09:00:00,26,5,21
2021-11-15 10:00:00,13,2,11
2021-11-15 11:00:00,7,4,3
2021-11-15 12:00:00,6,3,3
2021-11-15 13:00:00,10,6,4
2021-11-15 14:00:00,14,10,4
2021-11-15 15:00:00,35,26,9
2021-11-15 16:00:00,68,54,14
2021-11-15 17:00:00,61,55,6
2021-11-15 18:00:00,32,27,5
2021-11-15 19:00:00,9,8,1
2021-11-15 20:00:00,8,6,2
2021-11-15 21:00:00,7,6,1
2021-11-15 22:00:00,3,3,0
2021-11-15 23:00:00,4,4,0
2021-11-16 00:00:00,2,1,1
2021-11-16 01:00:00,0,0,0
2021-11-16 02:00:00,1,0,1
2021-11-16 03:00:00,4,2,2
2021-11-16 04:00:00,8,0,8
2021-11-16 05:00:00,29,6,23
2021-11-16 06:00:00,63,7,56
2021-11-16 07:00:00,87,5,82
2021-11-16 08:00:00,93,10,83
2021-11-16 09:00:00,46,8,38
2021-11-16 10:00:00,35,10,25
2021-11-16 11:00:00,34,17,17
2021-11-16 12:00:00,19,9,10
2021-11-16 13:00:00,29,15,14
2021-11-16 14:00:00,53,38,15
2021-11-16 15:00:00,56,40,16
2021-11-16 16:00:00,100,82,18
2021-11-16 17:00:00,103,88,15
2021-11-16 18:00:00,52,48,4
2021-11-16 19:00:00,29,26,3
2021-11-16 20:00:00,14,11,3
2021-11-16 21:00:00,13,8,5
2021-11-16 22:00:00,2,2,0
2021-11-16 23:00:00,4,4,0
2021-11-17 00:00:00,2,2,0
2021-11-17 01:00:00,2,2,0
2021-11-17 02:00:00,3,2,1
2021-11-17 03:00:00,4,1,3
2021-11-17 04:00:00,9,1,8
2021-11-17 05:00:00,18,3,15
2021-11-17 06:00:00,57,3,54
2021-11-17 07:00:00,84,6,78
2021-11-17 08:00:00,89,12,77
2021-11-17 09:00:00,39,7,32
2021-11-17 10:00:00,23,0,23
2021-11-17 11:00:00,24,6,18
2021-11-17 12:00:00,31,19,12
2021-11-17 13:00:00,40,19,21
2021-11-17 14:00:00,46,25,21
2021-11-17 15:00:00,56,45,11
2021-11-17 16:00:00,97,80,17
2021-11-17 17:00:00,91,77,14
2021-11-17 18:00:00,59,49,10
2021-11-17 19:00:00,27,22,5
2021-11-17 20:00:00,11,10,1
2021-11-17 21:00:00,15,11,4
2021-11-17 22:00:00,5,5,0
2021-11-17 23:00:00,4,4,0
2021-11-18 00:00:00,2,1,1
2021-11-18 01:00:00,7,3,4
2021-11-18 02:00:00,1,0,1
2021-11-18 03:00:00,2,0,2
2021-11-18 04:00:00,6,1,5
2021-11-18 05:00:00,19,4,15
2021-11-18 06:00:00,43,5,38
2021-11-18 07:00:00,77,11,66
2021-11-18 08:00:00,68,5,63
2021-11-18 09:00:00,41,11,30
2021-11-18 10:00:00,33,16,17
2021-11-18 11:00:00,31,8,23
2021-11-18 12:00:00,20,8,12
2021-11-18 13:00:00,20,13,7
2021-11-18 14:00:00,25,19,6
2021-11-18 15:00:00,37,28,9
2021-11-18 16:00:00,54,48,6
2021-11-18 17:00:00,61,53,8
2021-11-18 18:00:00,33,29,4
2021-11-18 19:00:00,17,15,2
2021-11-18 20:00:00,16,12,4
2021-11-18 21:00:00,6,6,0
2021-11-18 22:00:00,2,2,0
2021-11-18 23:00:00,4,3,1
2021-11-19 00:00:00,2,1,1
2021-11-19 01:00:00,3,2,1
2021-11-19 02:00:00,0,0,0
2021-11-19 03:00:00,2,0,2
2021-11-19 04:00:00,6,0,6
2021-11-19 05:00:00,19,2,17
2021-11-19 06:00:00,34,3,31
2021-11-19 07:00:00,69,6,63
2021-11-19 08:00:00,74,11,63
2021-11-19 09:00:00,39,9,30
2021-11-19 10:00:00,17,3,14
2021-11-19 11:00:00,27,6,21
2021-11-19 12:00:00,26,16,10
2021-11-19 13:00:00,21,13,8
2021-11-19 14:00:00,34,26,8
2021-11-19 15:00:00,44,34,10
2021-11-19 16:00:00,76,60,16
2021-11-19 17:00:00,89,72,17
2021-11-19 18:00:00,38,32,6
2021-11-19 19:00:00,17,13,4
2021-11-19 20:00:00,11,8,3
2021-11-19 21:00:00,8,5,3
2021-11-19 22:00:00,2,1,1
2021-11-19 23:00:00,5,4,1
2021-11-20 00:00:00,3,2,1
2021-11-20 01:00:00,3,0,3
2021-11-20 02:00:00,2,0,2
2021-11-20 03:00:00,6,3,3
2021-11-20 04:00:00,3,0,3
2021-11-20 05:00:00,5,2,3
2021-11-20 06:00:00,11,1,10
2021-11-20 07:00:00,9,2,7
2021-11-20 08:00:00,21,8,13
2021-11-20 09:00:00,35,10,25
2021-11-20 10:00:00,44,18,26
2021-11-20 11:00:00,62,34,28
2021-11-20 12:00:00,41,21,20
2021-11-20 13:00:00,47,35,12
2021-11-20 14:00:00,73,32,41
2021-11-20 15:00:00,53,29,24
2021-11-20 16:00:00,32,17,15
2021-11-20 17:00:00,23,17,6
2021-11-20 18:00:00,11,7,4
2021-11-20 19:00:00,5,4,1
2021-11-20 20:00:00,3,3,0
2021-11-20 21:00:00,6,6,0
2021-11-20 22:00:00,1,1,0
2021-11-20 23:00:00,1,0,1
2021-11-21 00:00:00,1,1,0
2021-11-21 01:00:00,3,1,2
2021-11-21 02:00:00,2,0,2
2021-11-21 03:00:00,3,1,2
2021-11-21 04:00:00,4,2,2
2021-11-21 05:00:00,5,0,5
2021-11-21 06:00:00,8,2,6
2021-11-21 07:00:00,7,1,6
2021-11-21 08:00:00,10,2,8
2021-11-21 09:00:00,26,17,9
2021-11-21 10:00:00,39,15,24
2021-11-21 11:00:00,74,56,18
2021-11-21 12:00:00,39,21,18
2021-11-21 13:00:00,81,22,59
2021-11-21 14:00:00,34,23,11
2021-11-21 15:00:00,46,18,28
2021-11-21 16:00:00,42,29,13
2021-11-21 17:00:00,29,23,6
2021-11-21 18:00:00,6,6,0
2021-11-21 19:00:00,7,6,1
2021-11-21 20:00:00,0,0,0
2021-11-21 21:00:00,4,3,1
2021-11-21 22:00:00,2,1,1
2021-11-21 23:00:00,0,0,0
2021-11-22 00:00:00,0,0,0
2021-11-22 01:00:00,4,1,3
2021-11-22 02:00:00,1,0,1
2021-11-22 03:00:00,0,0,0
2021-11-22 04:00:00,6,1,5
2021-11-22 05:00:00,22,3,19
2021-11-22 06:00:00,42,3,39
2021-11-22 07:00:00,70,3,67
2021-11-22 08:00:00,56,11,45
2021-11-22 09:00:00,39,7,32
2021-11-22 10:00:00,19,8,11
2021-11-22 11:00:00,15,11,4
2021-11-22 12:00:00,19,12,7
2021-11-22 13:00:00,12,5,7
2021-11-22 14:00:00,27,15,12
2021-11-22 15:00:00,39,27,12
2021-11-22 16:00:00,44,37,7
2021-11-22 17:00:00,79,75,4
2021-11-22 18:00:00,32,30,2
2021-11-22 19:00:00,15,11,4
2021-11-22 20:00:00,5,5,0
2021-11-22 21:00:00,6,3,3
2021-11-22 22:00:00,7,5,2
2021-11-22 23:00:00,4,3,1
2021-11-23 00:00:00,2,1,1
2021-11-23 01:00:00,6,6,0
2021-11-23 02:00:00,1,0,1
2021-11-23 03:00:00,3,0,3
2021-11-23 04:00:00,5,0,5
2021-11-23 05:00:00,21,4,17
2021-11-23 06:00:00,36,5,31
2021-11-23 07:00:00,51,3,48
2021-11-23 08:00:00,51,3,48
2021-11-23 09:00:00,26,5,21
2021-11-23 10:00:00,26,6,20
2021-11-23 11:00:00,16,2,14
2021-11-23 12:00:00,9,4,5
2021-11-23 13:00:00,23,11,12
2021-11-23 14:00:00,36,22,14
2021-11-23 15:00:00,40,30,10
2021-11-23 16:00:00,69,50,19
2021-11-23 17:00:00,72,65,7
2021-11-23 18:00:00,46,33,13
2021-11-23 19:00:00,12,8,4
2021-11-23 20:00:00,10,9,1
2021-11-23 21:00:00,7,6,1
2021-11-23 22:00:00,7,5,2
2021-11-23 23:00:00,8,7,1
2021-11-24 00:00:00,2,1,1
2021-11-24 01:00:00,3,2,1
2021-11-24 02:00:00,3,2,1
2021-11-24 03:00:00,2,0,2
2021-11-24 04:00:00,4,1,3
2021-11-24 05:00:00,18,1,17
2021-11-24 06:00:00,32,3,29
2021-11-24 07:00:00,49,5,44
2021-11-24 08:00:00,47,2,45
2021-11-24 09:00:00,22,1,21
2021-11-24 10:00:00,29,17,12
2021-11-24 11:00:00,34,12,22
2021-11-24 12:00:00,30,17,13
2021-11-24 13:00:00,47,28,19
2021-11-24 14:00:00,59,39,20
2021-11-24 15:00:00,60,39,21
2021-11-24 16:00:00,59,48,11
2021-11-24 17:00:00,51,45,6
2021-11-24 18:00:00,17,10,7
2021-11-24 19:00:00,10,10,0
2021-11-24 20:00:00,10,6,4
2021-11-24 21:00:00,6,6,0
2021-11-24 22:00:00,3,3,0
2021-11-24 23:00:00,1,0,1
2021-11-25 00:00:00,6,3,3
2021-11-25 01:00:00,0,0,0
2021-11-25 02:00:00,2,0,2
2021-11-25 03:00:00,0,0,0
2021-11-25 04:00:00,0,0,0
2021-11-25 05:00:00,3,1,2
2021-11-25 06:00:00,4,0,4
2021-11-25 07:00:00,4,1,3
2021-11-25 08:00:00,4,2,2
2021-11-25 09:00:00,8,1,7
2021-11-25 10:00:00,16,10,6
2021-11-25 11:00:00,10,5,5
2021-11-25 12:00:00,13,10,3
2021-11-25 13:00:00,14,6,8
2021-11-25 14:00:00,8,6,2
2021-11-25 15:00:00,5,3,2
2021-11-25 16:00:00,3,2,1
2021-11-25 17:00:00,1,1,0
2021-11-25 18:00:00,2,2,0
2021-11-25 19:00:00,2,1,1
2021-11-25 20:00:00,6,3,3
2021-11-25 21:00:00,7,4,3
2021-11-25 22:00:00,1,1,0
2021-11-25 23:00:00,2,2,0
2021-11-26 00:00:00,0,0,0
2021-11-26 01:00:00,5,1,4
2021-11-26 02:00:00,3,1,2
2021-11-26 03:00:00,2,1,1
2021-11-26 04:00:00,5,0,5
2021-11-26 05:00:00,4,0,4
2021-11-26 06:00:00,9,2,7
2021-11-26 07:00:00,9,3,6
2021-11-26 08:00:00,11,3,8
2021-11-26 09:00:00,13,5,8
2021-11-26 10:00:00,25,4,21
2021-11-26 11:00:00,21,8,13
2021-11-26 12:00:00,25,14,11
2021-11-26 13:00:00,37,14,23
2021-11-26 14:00:00,49,27,22
2021-11-26 15:00:00,34,28,6
2021-11-26 16:00:00,30,17,13
2021-11-26 17:00:00,19,12,7
2021-11-26 18:00:00,9,7,2
2021-11-26 19:00:00,13,12,1
2021-11-26 20:00:00,13,11,2
2021-11-26 21:00:00,2,2,0
2021-11-26 22:00:00,4,3,1
2021-11-26 23:00:00,8,6,2
2021-11-27 00:00:00,1,0,1
2021-11-27 01:00:00,1,1,0
2021-11-27 02:00:00,7,4,3
2021-11-27 03:00:00,1,0,1
2021-11-27 04:00:00,2,1,1
2021-11-27 05:00:00,7,0,7
2021-11-27 06:00:00,5,2,3
2021-11-27 07:00:00,5,1,4
2021-11-27 08:00:00,15,3,12
2021-11-27 09:00:00,12,2,10
2021-11-27 10:00:00,12,5,7
2021-11-27 11:00:00,16,4,12
2021-11-27 12:00:00,23,17,6
2021-11-27 13:00:00,11,9,2
2021-11-27 14:00:00,16,8,8
2021-11-27 15:00:00,14,10,4
2021-11-27 16:00:00,7,3,4
2021-11-27 17:00:00,4,3,1
2021-11-27 18:00:00,2,2,0
2021-11-27 19:00:00,1,1,0
2021-11-27 20:00:00,0,0,0
2021-11-27 21:00:00,1,1,0
2021-11-27 22:00:00,1,1,0
2021-11-27 23:00:00,1,0,1
2021-11-28 00:00:00,2,1,1
2021-11-28 01:00:00,4,4,0
2021-11-28 02:00:00,2,1,1
2021-11-28 03:00:00,4,2,2
2021-11-28 04:00:00,1,0,1
2021-11-28 05:00:00,5,0,5
2021-11-28 06:00:00,3,1,2
2021-11-28 07:00:00,2,1,1
2021-11-28 08:00:00,8,0,8
2021-11-28 09:00:00,20,10,10
2021-11-28 10:00:00,20,7,13
2021-11-28 11:00:00,15,10,5
2021-11-28 12:00:00,14,6,8
2021-11-28 13:00:00,7,5,2
2021-11-28 14:00:00,16,7,9
2021-11-28 15:00:00,7,4,3
2021-11-28 16:00:00,6,1,5
2021-11-28 17:00:00,9,7,2
2021-11-28 18:00:00,9,8,1
2021-11-28 19:00:00,1,1,0
2021-11-28 20:00:00,5,4,1
2021-11-28 21:00:00,3,3,0
2021-11-28 22:00:00,4,2,2
2021-11-28 23:00:00,4,1,3
2021-11-29 00:00:00,2,2,0
2021-11-29 01:00:00,1,1,0
2021-11-29 02:00:00,2,0,2
2021-11-29 03:00:00,3,0,3
2021-11-29 04:00:00,11,2,9
2021-11-29 05:00:00,42,6,36
2021-11-29 06:00:00,35,2,33
2021-11-29 07:00:00,74,5,69
2021-11-29 08:00:00,61,9,52
2021-11-29 09:00:00,41,6,35
2021-11-29 10:00:00,16,7,9
2021-11-29 11:00:00,15,8,7
2021-11-29 12:00:00,28,9,19
2021-11-29 13:00:00,27,14,13
2021-11-29 14:00:00,45,28,17
2021-11-29 15:00:00,66,54,12
2021-11-29 16:00:00,72,53,19
2021-11-29 17:00:00,93,84,9
2021-11-29 18:00:00,31,26,5
2021-11-29 19:00:00,12,9,3
2021-11-29 20:00:00,11,9,2
2021-11-29 21:00:00,7,5,2
2021-11-29 22:00:00,3,2,1
2021-11-29 23:00:00,1,0,1
2021-11-30 00:00:00,2,2,0
2021-11-30 01:00:00,2,0,2
2021-11-30 02:00:00,5,4,1
2021-11-30 03:00:00,0,0,0
2021-11-30 04:00:00,5,0,5
2021-11-30 05:00:00,23,5,18
2021-11-30 06:00:00,42,5,37
2021-11-30 07:00:00,74,8,66
2021-11-30 08:00:00,74,7,67
2021-11-30 09:00:00,33,8,25
2021-11-30 10:00:00,21,7,14
2021-11-30 11:00:00,19,9,10
2021-11-30 12:00:00,12,5,7
2021-11-30 13:00:00,12,8,4
2021-11-30 14:00:00,29,19,10
2021-11-30 15:00:00,60,41,19
2021-11-30 16:00:00,57,48,9
2021-11-30 17:00:00,82,75,7
2021-11-30 18:00:00,42,38,4
2021-11-30 19:00:00,16,13,3
2021-11-30 20:00:00,9,7,2
2021-11-30 21:00:00,13,11,2
2021-11-30 22:00:00,2,1,1
2021-11-30 23:00:00,3,2,1
2021-12-01 00:00:00,5,3,2
2021-12-01 01:00:00,0,0,0
2021-12-01 02:00:00,0,0,0
2021-12-01 03:00:00,0,0,0
2021-12-01 04:00:00,6,1,5
2021-12-01 05:00:00,30,6,24
2021-12-01 06:00:00,47,5,42
2021-12-01 07:00:00,66,3,63
2021-12-01 08:00:00,70,4,66
2021-12-01 09:00:00,41,5,36
2021-12-01 10:00:00,22,6,16
2021-12-01 11:00:00,26,10,16
2021-12-01 12:00:00,29,8,21
2021-12-01 13:00:00,30,18,12
2021-12-01 14:00:00,36,24,12
2021-12-01 15:00:00,75,60,15
2021-12-01 16:00:00,77,58,19
2021-12-01 17:00:00,76,69,7
2021-12-01 18:00:00,37,33,4
2021-12-01 19:00:00,20,19,1
2021-12-01 20:00:00,13,12,1
2021-12-01 21:00:00,6,6,0
2021-12-01 22:00:00,6,4,2
2021-12-01 23:00:00,4,3,1
2021-12-02 00:00:00,4,0,4
2021-12-02 01:00:00,3,3,0
2021-12-02 02:00:00,1,0,1
2021-12-02 03:00:00,1,0,1
2021-12-02 04:00:00,4,0,4
2021-12-02 05:00:00,23,4,19
2021-12-02 06:00:00,41,3,38
2021-12-02 07:00:00,74,5,69
2021-12-02 08:00:00,67,7,60
2021-12-02 09:00:00,33,4,29
2021-12-02 10:00:00,16,6,10
2021-12-02 11:00:00,8,2,6
2021-12-02 12:00:00,14,6,8
2021-12-02 13:00:00,19,11,8
2021-12-02 14:00:00,24,11,13
2021-12-02 15:00:00,37,27,10
2021-12-02 16:00:00,78,62,16
2021-12-02 17:00:00,77,64,13
2021-12-02 18:00:00,44,34,10
2021-12-02 19:00:00,17,16,1
2021-12-02 20:00:00,25,19,6
2021-12-02 21:00:00,10,8,2
2021-12-02 22:00:00,5,5,0
2021-12-02 23:00:00,0,0,0
2021-12-03 00:00:00,2,1,1
2021-12-03 01:00:00,1,0,1
2021-12-03 02:00:00,0,0,0
2021-12-03 03:00:00,0,0,0
2021-12-03 04:00:00,9,1,8
2021-12-03 05:00:00,27,6,21
2021-12-03 06:00:00,28,2,26
2021-12-03 07:00:00,58,7,51
2021-12-03 08:00:00,72,10,62
2021-12-03 09:00:00,31,3,28
2021-12-03 10:00:00,23,4,19
2021-12-03 11:00:00,19,9,10
2021-12-03 12:00:00,17,9,8
2021-12-03 13:00:00,32,15,17
2021-12-03 14:00:00,20,11,9
2021-12-03 15:00:00,49,39,10
2021-12-03 16:00:00,73,57,16
2021-12-03 17:00:00,76,62,14
2021-12-03 18:00:00,36,31,5
2021-12-03 19:00:00,14,12,2
2021-12-03 20:00:00,14,12,2
2021-12-03 21:00:00,5,5,0
2021-12-03 22:00:00,2,2,0
2021-12-03 23:00:00,5,5,0
2021-12-04 00:00:00,6,3,3
2021-12-04 01:00:00,2,1,1
2021-12-04 02:00:00,1,0,1
2021-12-04 03:00:00,3,2,1
2021-12-04 04:00:00,3,0,3
2021-12-04 05:00:00,4,2,2
2021-12-04 06:00:00,8,4,4
2021-12-04 07:00:00,7,3,4
2021-12-04 08:00:00,6,1,5
2021-12-04 09:00:00,6,0,6
2021-12-04 10:00:00,6,2,4
2021-12-04 11:00:00,6,3,3
2021-12-04 12:00:00,11,6,5
2021-12-04 13:00:00,8,6,2
2021-12-04 14:00:00,13,7,6
2021-12-04 15:00:00,5,2,3
2021-12-04 16:00:00,8,4,4
2021-12-04 17:00:00,11,8,3
2021-12-04 18:00:00,7,7,0
2021-12-04 19:00:00,2,2,0
2021-12-04 20:00:00,5,4,1
2021-12-04 21:00:00,1,0,1
2021-12-04 22:00:00,1,1,0
2021-12-04 23:00:00,3,2,1
2021-12-05 00:00:00,4,1,3
2021-12-05 01:00:00,2,2,0
2021-12-05 02:00:00,1,1,0
2021-12-05 03:00:00,2,0,2
2021-12-05 04:00:00,1,0,1
2021-12-05 05:00:00,4,1,3
2021-12-05 06:00:00,7,1,6
2021-12-05 07:00:00,9,1,8
2021-12-05 08:00:00,16,3,13
2021-12-05 09:00:00,31,16,15
2021-12-05 10:00:00,28,13,15
2021-12-05 11:00:00,28,11,17
2021-12-05 12:00:00,79,52,27
2021-12-05 13:00:00,84,31,53
2021-12-05 14:00:00,44,23,21
2021-12-05 15:00:00,43,25,18
2021-12-05 16:00:00,27,16,11
2021-12-05 17:00:00,30,24,6
2021-12-05 18:00:00,12,10,2
2021-12-05 19:00:00,3,3,0
2021-12-05 20:00:00,4,2,2
2021-12-05 21:00:00,1,0,1
2021-12-05 22:00:00,6,2,4
2021-12-05 23:00:00,0,0,0
2021-12-06 00:00:00,2,1,1
2021-12-06 01:00:00,0,0,0
2021-12-06 02:00:00,1,0,1
2021-12-06 03:00:00,0,0,0
2021-12-06 04:00:00,7,2,5
2021-12-06 05:00:00,24,3,21
2021-12-06 06:00:00,43,7,36
2021-12-06 07:00:00,46,7,39
2021-12-06 08:00:00,54,7,47
2021-12-06 09:00:00,32,7,25
2021-12-06 10:00:00,22,6,16
2021-12-06 11:00:00,9,3,6
2021-12-06 12:00:00,12,7,5
2021-12-06 13:00:00,14,4,10
2021-12-06 14:00:00,26,17,9
2021-12-06 15:00:00,47,33,14
2021-12-06 16:00:00,61,48,13
2021-12-06 17:00:00,60,56,4
2021-12-06 18:00:00,33,32,1
2021-12-06 19:00:00,3,3,0
2021-12-06 20:00:00,4,2,2
2021-12-06 21:00:00,6,3,3
2021-12-06 22:00:00,4,2,2
2021-12-06 23:00:00,2,2,0
2021-12-07 00:00:00,2,1,1
2021-12-07 01:00:00,0,0,0
2021-12-07 02:00:00,0,0,0
2021-12-07 03:00:00,2,2,0
2021-12-07 04:00:00,4,1,3
2021-12-07 05:00:00,25,3,22
2021-12-07 06:00:00,44,7,37
2021-12-07 07:00:00,76,5,71
2021-12-07 08:00:00,73,11,62
2021-12-07 09:00:00,39,7,32
2021-12-07 10:00:00,15,8,7
2021-12-07 11:00:00,14,3,11
2021-12-07 12:00:00,13,2,11
2021-12-07 13:00:00,12,7,5
2021-12-07 14:00:00,31,21,10
2021-12-07 15:00:00,48,37,11
2021-12-07 16:00:00,70,58,12
2021-12-07 17:00:00,73,67,6
2021-12-07 18:00:00,45,41,4
2021-12-07 19:00:00,15,14,1
2021-12-07 20:00:00,11,7,4
2021-12-07 21:00:00,8,6,2
2021-12-07 22:00:00,4,3,1
2021-12-07 23:00:00,2,1,1
2021-12-08 00:00:00,3,1,2
2021-12-08 01:00:00,1,1,0
2021-12-08 02:00:00,1,1,0
2021-12-08 03:00:00,0,0,0
2021-12-08 04:00:00,4,0,4
2021-12-08 05:00:00,23,6,17
2021-12-08 06:00:00,52,5,47
2021-12-08 07:00:00,67,5,62
2021-12-08 08:00:00,57,2,55
2021-12-08 09:00:00,34,7,27
2021-12-08 10:00:00,12,3,9
2021-12-08 11:00:00,14,3,11
2021-12-08 12:00:00,17,5,12
2021-12-08 13:00:00,24,9,15
2021-12-08 14:00:00,27,19,8
2021-12-08 15:00:00,56,34,22
2021-12-08 16:00:00,60,51,9
2021-12-08 17:00:00,84,75,9
2021-12-08 18:00:00,40,35,5
2021-12-08 19:00:00,25,23,2
2021-12-08 20:00:00,4,3,1
2021-12-08 21:00:00,5,4,1
2021-12-08 22:00:00,9,7,2
2021-12-08 23:00:00,11,6,5
2021-12-09 00:00:00,7,5,2
2021-12-09 01:00:00,0,0,0
2021-12-09 02:00:00,1,1,0
2021-12-09 03:00:00,0,0,0
2021-12-09 04:00:00,4,1,3
2021-12-09 05:00:00,28,5,23
2021-12-09 06:00:00,41,7,34
2021-12-09 07:00:00,68,3,65
2021-12-09 08:00:00,57,4,53
2021-12-09 09:00:00,25,5,20
2021-12-09 10:00:00,15,4,11
2021-12-09 11:00:00,22,6,16
2021-12-09 12:00:00,15,9,6
2021-12-09 13:00:00,18,4,14
2021-12-09 14:00:00,31,20,11
2021-12-09 15:00:00,48,39,9
2021-12-09 16:00:00,54,46,8
2021-12-09 17:00:00,81,72,9
2021-12-09 18:00:00,47,41,6
2021-12-09 19:00:00,18,17,1
2021-12-09 20:00:00,11,8,3
2021-12-09 21:00:00,7,6,1
2021-12-09 22:00:00,6,6,0
2021-12-09 23:00:00,6,3,3
2021-12-10 00:00:00,5,3,2
2021-12-10 01:00:00,1,1,0
2021-12-10 02:00:00,5,2,3
2021-12-10 03:00:00,0,0,0
2021-12-10 04:00:00,3,0,3
2021-12-10 05:00:00,20,2,18
2021-12-10 06:00:00,28,4,24
2021-12-10 07:00:00,41,8,33
2021-12-10 08:00:00,69,14,55
2021-12-10 09:00:00,27,5,22
2021-12-10 10:00:00,17,5,12
2021-12-10 11:00:00,19,9,10
2021-12-10 12:00:00,16,8,8
2021-12-10 13:00:00,20,13,7
2021-12-10 14:00:00,22,15,7
2021-12-10 15:00:00,28,23,5
2021-12-10 16:00:00,44,36,8
2021-12-10 17:00:00,51,44,7
2021-12-10 18:00:00,28,22,6
2021-12-10 19:00:00,10,9,1
2021-12-10 20:00:00,6,4,2
2021-12-10 21:00:00,6,5,1
2021-12-10 22:00:00,1,1,0
2021-12-10 23:00:00,1,1,0
2021-12-11 00:00:00,2,1,1
2021-12-11 01:00:00,0,0,0
2021-12-11 02:00:00,1,0,1
2021-12-11 03:00:00,1,1,0
2021-12-11 04:00:00,2,1,1
2021-12-11 05:00:00,3,0,3
2021-12-11 06:00:00,2,1,1
2021-12-11 07:00:00,4,0,4
2021-12-11 08:00:00,8,2,6
2021-12-11 09:00:00,8,0,8
2021-12-11 10:00:00,6,2,4
2021-12-11 11:00:00,19,6,13
2021-12-11 12:00:00,14,9,5
2021-12-11 13:00:00,19,7,12
2021-12-11 14:00:00,20,13,7
2021-12-11 15:00:00,14,6,8
2021-12-11 16:00:00,16,6,10
2021-12-11 17:00:00,13,11,2
2021-12-11 18:00:00,3,2,1
2021-12-11 19:00:00,8,5,3
2021-12-11 20:00:00,1,1,0
2021-12-11 21:00:00,1,1,0
2021-12-11 22:00:00,5,5,0
2021-12-11 23:00:00,3,1,2
2021-12-12 00:00:00,3,1,2
2021-12-12 01:00:00,1,1,0
2021-12-12 02:00:00,2,2,0
2021-12-12 03:00:00,1,0,1
2021-12-12 04:00:00,2,0,2
2021-12-12 05:00:00,2,1,1
2021-12-12 06:00:00,3,0,3
2021-12-12 07:00:00,4,1,3
2021-12-12 08:00:00,6,2,4
2021-12-12 09:00:00,12,4,8
2021-12-12 10:00:00,11,7,4
2021-12-12 11:00:00,48,33,15
2021-12-12 12:00:00,34,7,27
2021-12-12 13:00:00,27,9,18
2021-12-12 14:00:00,10,9,1
2021-12-12 15:00:00,9,5,4
2021-12-12 16:00:00,4,3,1
2021-12-12 17:00:00,7,3,4
2021-12-12 18:00:00,4,4,0
2021-12-12 19:00:00,5,3,2
2021-12-12 20:00:00,3,2,1
2021-12-12 21:00:00,1,1,0
2021-12-12 22:00:00,2,1,1
2021-12-12 23:00:00,3,2,1
2021-12-13 00:00:00,1,1,0
2021-12-13 01:00:00,2,0,2
2021-12-13 02:00:00,0,0,0
2021-12-13 03:00:00,0,0,0
2021-12-13 04:00:00,4,0,4
2021-12-13 05:00:00,15,4,11
2021-12-13 06:00:00,30,4,26
2021-12-13 07:00:00,60,5,55
2021-12-13 08:00:00,53,6,47
2021-12-13 09:00:00,24,5,19
2021-12-13 10:00:00,15,5,10
2021-12-13 11:00:00,13,6,7
2021-12-13 12:00:00,16,5,11
2021-12-13 13:00:00,12,7,5
2021-12-13 14:00:00,19,16,3
2021-12-13 15:00:00,39,26,13
2021-12-13 16:00:00,54,45,9
2021-12-13 17:00:00,59,55,4
2021-12-13 18:00:00,34,31,3
2021-12-13 19:00:00,15,14,1
2021-12-13 20:00:00,5,5,0
2021-12-13 21:00:00,5,5,0
2021-12-13 22:00:00,4,3,1
2021-12-13 23:00:00,3,2,1
2021-12-14 00:00:00,3,0,3
2021-12-14 01:00:00,1,1,0
2021-12-14 02:00:00,1,0,1
2021-12-14 03:00:00,2,1,1
2021-12-14 04:00:00,3,0,3
2021-12-14 05:00:00,25,5,20
2021-12-14 06:00:00,30,2,28
2021-12-14 07:00:00,69,5,64
2021-12-14 08:00:00,59,8,51
2021-12-14 09:00:00,26,8,18
2021-12-14 10:00:00,19,3,16
2021-12-14 11:00:00,16,7,9
2021-12-14 12:00:00,21,10,11
2021-12-14 13:00:00,18,12,6
2021-12-14 14:00:00,27,17,10
2021-12-14 15:00:00,36,29,7
2021-12-14 16:00:00,48,36,12
2021-12-14 17:00:00,80,71,9
2021-12-14 18:00:00,46,41,5
2021-12-14 19:00:00,15,10,5
2021-12-14 20:00:00,4,3,1
2021-12-14 21:00:00,7,7,0
2021-12-14 22:00:00,3,1,2
2021-12-14 23:00:00,5,2,3
2021-12-15 00:00:00,3,1,2
2021-12-15 01:00:00,0,0,0
2021-12-15 02:00:00,1,0,1
2021-12-15 03:00:00,0,0,0
2021-12-15 04:00:00,6,2,4
2021-12-15 05:00:00,22,4,18
2021-12-15 06:00:00,29,4,25
2021-12-15 07:00:00,56,6,50
2021-12-15 08:00:00,46,5,41
2021-12-15 09:00:00,35,6,29
2021-12-15 10:00:00,9,4,5
2021-12-15 11:00:00,14,4,10
2021-12-15 12:00:00,13,3,10
2021-12-15 13:00:00,16,9,7
2021-12-15 14:00:00,21,17,4
2021-12-15 15:00:00,42,34,8
2021-12-15 16:00:00,46,40,6
2021-12-15 17:00:00,49,44,5
2021-12-15 18:00:00,28,24,4
2021-12-15 19:00:00,18,16,2
2021-12-15 20:00:00,6,5,1
2021-12-15 21:00:00,7,7,0
2021-12-15 22:00:00,7,5,2
2021-12-15 23:00:00,3,2,1
2021-12-16 00:00:00,3,1,2
2021-12-16 01:00:00,3,2,1
2021-12-16 02:00:00,3,1,2
2021-12-16 03:00:00,0,0,0
2021-12-16 04:00:00,4,0,4
2021-12-16 05:00:00,20,4,16
2021-12-16 06:00:00,31,3,28
2021-12-16 07:00:00,66,6,60
2021-12-16 08:00:00,54,5,49
2021-12-16 09:00:00,26,4,22
2021-12-16 10:00:00,14,3,11
2021-12-16 11:00:00,21,7,14
2021-12-16 12:00:00,22,10,12
2021-12-16 13:00:00,19,9,10
2021-12-16 14:00:00,31,19,12
2021-12-16 15:00:00,52,38,14
2021-12-16 16:00:00,44,35,9
2021-12-16 17:00:00,70,61,9
2021-12-16 18:00:00,42,35,7
2021-12-16 19:00:00,20,17,3
2021-12-16 20:00:00,9,8,1
2021-12-16 21:00:00,10,10,0
2021-12-16 22:00:00,8,7,1
2021-12-16 23:00:00,5,5,0
2021-12-17 00:00:00,2,2,0
2021-12-17 01:00:00,2,2,0
2021-12-17 02:00:00,0,0,0
2021-12-17 03:00:00,0,0,0
2021-12-17 04:00:00,6,0,6
2021-12-17 05:00:00,14,1,13
2021-12-17 06:00:00,25,3,22
2021-12-17 07:00:00,45,4,41
2021-12-17 08:00:00,48,5,43
2021-12-17 09:00:00,34,7,27
2021-12-17 10:00:00,22,10,12
2021-12-17 11:00:00,24,8,16
2021-12-17 12:00:00,30,14,16
2021-12-17 13:00:00,28,10,18
2021-12-17 14:00:00,39,25,14
2021-12-17 15:00:00,44,32,12
2021-12-17 16:00:00,62,45,17
2021-12-17 17:00:00,54,44,10
2021-12-17 18:00:00,38,28,10
2021-12-17 19:00:00,11,9,2
2021-12-17 20:00:00,3,2,1
2021-12-17 21:00:00,6,4,2
2021-12-17 22:00:00,1,1,0
2021-12-17 23:00:00,2,2,0
2021-12-18 00:00:00,6,4,2
2021-12-18 01:00:00,2,1,1
2021-12-18 02:00:00,0,0,0
2021-12-18 03:00:00,1,1,0
2021-12-18 04:00:00,1,0,1
2021-12-18 05:00:00,3,0,3
2021-12-18 06:00:00,4,3,1
2021-12-18 07:00:00,6,6,0
2021-12-18 08:00:00,7,1,6
2021-12-18 09:00:00,9,6,3
2021-12-18 10:00:00,5,1,4
2021-12-18 11:00:00,3,1,2
2021-12-18 12:00:00,6,1,5
2021-12-18 13:00:00,15,5,10
2021-12-18 14:00:00,5,2,3
2021-12-18 15:00:00,9,7,2
2021-12-18 16:00:00,7,4,3
2021-12-18 17:00:00,10,4,6
2021-12-18 18:00:00,7,4,3
2021-12-18 19:00:00,4,3,1
2021-12-18 20:00:00,4,4,0
2021-12-18 21:00:00,6,4,2
2021-12-18 22:00:00,1,0,1
2021-12-18 23:00:00,5,5,0
2021-12-19 00:00:00,1,0,1
2021-12-19 01:00:00,3,1,2
2021-12-19 02:00:00,1,1,0
2021-12-19 03:00:00,0,0,0
2021-12-19 04:00:00,1,0,1
2021-12-19 05:00:00,2,1,1
2021-12-19 06:00:00,4,2,2
2021-12-19 07:00:00,5,4,1
2021-12-19 08:00:00,13,2,11
2021-12-19 09:00:00,20,11,9
2021-12-19 10:00:00,39,5,34
2021-12-19 11:00:00,71,56,15
2021-12-19 12:00:00,41,27,14
2021-12-19 13:00:00,73,23,50
2021-12-19 14:00:00,55,34,21
2021-12-19 15:00:00,36,15,21
2021-12-19 16:00:00,21,10,11
2021-12-19 17:00:00,13,9,4
2021-12-19 18:00:00,10,7,3
2021-12-19 19:00:00,6,5,1
2021-12-19 20:00:00,0,0,0
2021-12-19 21:00:00,5,4,1
2021-12-19 22:00:00,5,5,0
2021-12-19 23:00:00,3,0,3
2021-12-20 00:00:00,1,0,1
2021-12-20 01:00:00,0,0,0
2021-12-20 02:00:00,0,0,0
2021-12-20 03:00:00,0,0,0
2021-12-20 04:00:00,4,1,3
2021-12-20 05:00:00,16,5,11
2021-12-20 06:00:00,29,5,24
2021-12-20 07:00:00,36,2,34
2021-12-20 08:00:00,22,0,22
2021-12-20 09:00:00,11,4,7
2021-12-20 10:00:00,10,3,7
2021-12-20 11:00:00,10,5,5
2021-12-20 12:00:00,4,2,2
2021-12-20 13:00:00,12,6,6
2021-12-20 14:00:00,14,6,8
2021-12-20 15:00:00,31,21,10
2021-12-20 16:00:00,34,29,5
2021-12-20 17:00:00,39,37,2
2021-12-20 18:00:00,19,19,0
2021-12-20 19:00:00,11,10,1
2021-12-20 20:00:00,10,8,2
2021-12-20 21:00:00,6,4,2
2021-12-20 22:00:00,3,2,1
2021-12-20 23:00:00,1,0,1
2021-12-21 00:00:00,3,3,0
2021-12-21 01:00:00,2,0,2
2021-12-21 02:00:00,2,1,1
2021-12-21 03:00:00,2,1,1
2021-12-21 04:00:00,6,2,4
2021-12-21 05:00:00,20,3,17
2021-12-21 06:00:00,26,4,22
2021-12-21 07:00:00,35,5,30
2021-12-21 08:00:00,33,2,31
2021-12-21 09:00:00,18,6,12
2021-12-21 10:00:00,13,4,9
2021-12-21 11:00:00,14,6,8
2021-12-21 12:00:00,20,9,11
2021-12-21 13:00:00,19,11,8
2021-12-21 14:00:00,19,14,5
2021-12-21 15:00:00,40,24,16
2021-12-21 16:00:00,34,29,5
2021-12-21 17:00:00,44,42,2
2021-12-21 18:00:00,25,20,5
2021-12-21 19:00:00,6,5,1
2021-12-21 20:00:00,6,5,1
2021-12-21 21:00:00,4,3,1
2021-12-21 22:00:00,5,5,0
2021-12-21 23:00:00,1,1,0
2021-12-22 00:00:00,2,1,1
2021-12-22 01:00:00,0,0,0
2021-12-22 02:00:00,1,0,1
2021-12-22 03:00:00,0,0,0
2021-12-22 04:00:00,2,1,1
2021-12-22 05:00:00,13,6,7
2021-12-22 06:00:00,25,1,24
2021-12-22 07:00:00,30,1,29
2021-12-22 08:00:00,24,3,21
2021-12-22 09:00:00,12,4,8
2021-12-22 10:00:00,13,3,10
2021-12-22 11:00:00,8,2,6
2021-12-22 12:00:00,11,9,2
2021-12-22 13:00:00,14,6,8
2021-12-22 14:00:00,13,11,2
2021-12-22 15:00:00,22,17,5
2021-12-22 16:00:00,23,18,5
2021-12-22 17:00:00,31,29,2
2021-12-22 18:00:00,12,8,4
2021-12-22 19:00:00,11,7,4
2021-12-22 20:00:00,7,6,1
2021-12-22 21:00:00,3,3,0
2021-12-22 22:00:00,2,2,0
2021-12-22 23:00:00,4,3,1
2021-12-23 00:00:00,2,2,0
2021-12-23 01:00:00,5,0,5
2021-12-23 02:00:00,0,0,0
2021-12-23 03:00:00,0,0,0
2021-12-23 04:00:00,3,0,3
2021-12-23 05:00:00,10,3,7
2021-12-23 06:00:00,15,2,13
2021-12-23 07:00:00,23,1,22
2021-12-23 08:00:00,14,1,13
2021-12-23 09:00:00,10,5,5
2021-12-23 10:00:00,15,6,9
2021-12-23 11:00:00,17,7,10
2021-12-23 12:00:00,19,11,8
2021-12-23 13:00:00,23,13,10
2021-12-23 14:00:00,22,12,10
2021-12-23 15:00:00,32,26,6
2021-12-23 16:00:00,27,20,7
2021-12-23 17:00:00,16,11,5
2021-12-23 18:00:00,15,12,3
2021-12-23 19:00:00,10,8,2
2021-12-23 20:00:00,8,7,1
2021-12-23 21:00:00,5,5,0
2021-12-23 22:00:00,2,2,0
2021-12-23 23:00:00,2,0,2
2021-12-24 00:00:00,1,1,0
2021-12-24 01:00:00,3,1,2
2021-12-24 02:00:00,0,0,0
2021-12-24 03:00:00,1,0,1
2021-12-24 04:00:00,3,0,3
2021-12-24 05:00:00,3,0,3
2021-12-24 06:00:00,8,1,7
2021-12-24 07:00:00,2,0,2
2021-12-24 08:00:00,4,1,3
2021-12-24 09:00:00,9,3,6
2021-12-24 10:00:00,14,4,10
2021-12-24 11:00:00,6,2,4
2021-12-24 12:00:00,18,10,8
2021-12-24 13:00:00,16,11,5
2021-12-24 14:00:00,16,10,6
2021-12-24 15:00:00,10,8,2
2021-12-24 16:00:00,10,7,3
2021-12-24 17:00:00,5,3,2
2021-12-24 18:00:00,6,6,0
2021-12-24 19:00:00,2,0,2
2021-12-24 20:00:00,2,2,0
2021-12-24 21:00:00,0,0,0
2021-12-24 22:00:00,2,1,1
2021-12-24 23:00:00,1,1,0
2021-12-25 00:00:00,2,0,2
2021-12-25 01:00:00,0,0,0
2021-12-25 02:00:00,1,1,0
2021-12-25 03:00:00,0,0,0
2021-12-25 04:00:00,0,0,0
2021-12-25 05:00:00,1,0,1
2021-12-25 06:00:00,1,0,1
2021-12-25 07:00:00,0,0,0
2021-12-25 08:00:00,1,0,1
2021-12-25 09:00:00,1,1,0
2021-12-25 10:00:00,9,4,5
2021-12-25 11:00:00,8,3,5
2021-12-25 12:00:00,5,3,2
2021-12-25 13:00:00,3,0,3
2021-12-25 14:00:00,4,2,2
2021-12-25 15:00:00,9,6,3
2021-12-25 16:00:00,5,4,1
2021-12-25 17:00:00,2,0,2
2021-12-25 18:00:00,1,1,0
2021-12-25 19:00:00,2,2,0
2021-12-25 20:00:00,1,1,0
2021-12-25 21:00:00,3,2,1
2021-12-25 22:00:00,0,0,0
2021-12-25 23:00:00,0,0,0
2021-12-26 00:00:00,0,0,0
2021-12-26 01:00:00,0,0,0
2021-12-26 02:00:00,0,0,0
2021-12-26 03:00:00,0,0,0
2021-12-26 04:00:00,4,1,3
2021-12-26 05:00:00,1,1,0
2021-12-26 06:00:00,0,0,0
2021-12-26 07:00:00,0,0,0
2021-12-26 08:00:00,0,0,0
2021-12-26 09:00:00,0,0,0
2021-12-26 10:00:00,1,0,1
2021-12-26 11:00:00,4,4,0
2021-12-26 12:00:00,0,0,0
2021-12-26 13:00:00,0,0,0
2021-12-26 14:00:00,0,0,0
2021-12-26 15:00:00,0,0,0
2021-12-26 16:00:00,0,0,0
2021-12-26 17:00:00,0,0,0
2021-12-26 18:00:00,0,0,0
2021-12-26 19:00:00,0,0,0
2021-12-26 20:00:00,0,0,0
2021-12-26 21:00:00,0,0,0
2021-12-26 22:00:00,0,0,0
2021-12-26 23:00:00,0,0,0
2021-12-27 00:00:00,0,0,0
2021-12-27 01:00:00,0,0,0
2021-12-27 02:00:00,0,0,0
2021-12-27 03:00:00,0,0,0
2021-12-27 04:00:00,0,0,0
2021-12-27 05:00:00,0,0,0
2021-12-27 06:00:00,0,0,0
2021-12-27 07:00:00,0,0,0
2021-12-27 08:00:00,0,0,0
2021-12-27 09:00:00,0,0,0
2021-12-27 10:00:00,0,0,0
2021-12-27 11:00:00,0,0,0
2021-12-27 12:00:00,0,0,0
2021-12-27 13:00:00,0,0,0
2021-12-27 14:00:00,0,0,0
2021-12-27 15:00:00,0,0,0
2021-12-27 16:00:00,0,0,0
2021-12-27 17:00:00,0,0,0
2021-12-27 18:00:00,0,0,0
2021-12-27 19:00:00,0,0,0
2021-12-27 20:00:00,0,0,0
2021-12-27 21:00:00,0,0,0
2021-12-27 22:00:00,0,0,0
2021-12-27 23:00:00,0,0,0
2021-12-28 00:00:00,0,0,0
2021-12-28 01:00:00,0,0,0
2021-12-28 02:00:00,0,0,0
2021-12-28 03:00:00,0,0,0
2021-12-28 04:00:00,0,0,0
2021-12-28 05:00:00,0,0,0
2021-12-28 06:00:00,0,0,0
2021-12-28 07:00:00,0,0,0
2021-12-28 08:00:00,0,0,0
2021-12-28 09:00:00,0,0,0
2021-12-28 10:00:00,0,0,0
2021-12-28 11:00:00,0,0,0
2021-12-28 12:00:00,0,0,0
2021-12-28 13:00:00,0,0,0
2021-12-28 14:00:00,0,0,0
2021-12-28 15:00:00,0,0,0
2021-12-28 16:00:00,0,0,0
2021-12-28 17:00:00,0,0,0
2021-12-28 18:00:00,0,0,0
2021-12-28 19:00:00,0,0,0
2021-12-28 20:00:00,0,0,0
2021-12-28 21:00:00,0,0,0
2021-12-28 22:00:00,0,0,0
2021-12-28 23:00:00,0,0,0
2021-12-29 00:00:00,0,0,0
2021-12-29 01:00:00,0,0,0
2021-12-29 02:00:00,0,0,0
2021-12-29 03:00:00,0,0,0
2021-12-29 04:00:00,0,0,0
2021-12-29 05:00:00,0,0,0
2021-12-29 06:00:00,0,0,0
2021-12-29 07:00:00,0,0,0
2021-12-29 08:00:00,0,0,0
2021-12-29 09:00:00,0,0,0
2021-12-29 10:00:00,0,0,0
2021-12-29 11:00:00,0,0,0
2021-12-29 12:00:00,0,0,0
2021-12-29 13:00:00,0,0,0
2021-12-29 14:00:00,0,0,0
2021-12-29 15:00:00,0,0,0
2021-12-29 16:00:00,0,0,0
2021-12-29 17:00:00,0,0,0
2021-12-29 18:00:00,0,0,0
2021-12-29 19:00:00,0,0,0
2021-12-29 20:00:00,0,0,0
2021-12-29 21:00:00,0,0,0
2021-12-29 22:00:00,0,0,0
2021-12-29 23:00:00,0,0,0
2021-12-30 00:00:00,0,0,0
2021-12-30 01:00:00,0,0,0
2021-12-30 02:00:00,0,0,0
2021-12-30 03:00:00,0,0,0
2021-12-30 04:00:00,0,0,0
2021-12-30 05:00:00,0,0,0
2021-12-30 06:00:00,0,0,0
2021-12-30 07:00:00,0,0,0
2021-12-30 08:00:00,0,0,0
2021-12-30 09:00:00,0,0,0
2021-12-30 10:00:00,0,0,0
2021-12-30 11:00:00,0,0,0
2021-12-30 12:00:00,0,0,0
2021-12-30 13:00:00,0,0,0
2021-12-30 14:00:00,0,0,0
2021-12-30 15:00:00,0,0,0
2021-12-30 16:00:00,0,0,0
2021-12-30 17:00:00,0,0,0
2021-12-30 18:00:00,0,0,0
2021-12-30 19:00:00,0,0,0
2021-12-30 20:00:00,0,0,0
2021-12-30 21:00:00,0,0,0
2021-12-30 22:00:00,0,0,0
2021-12-30 23:00:00,0,0,0
2021-12-31 00:00:00,0,0,0
2021-12-31 01:00:00,0,0,0
2021-12-31 02:00:00,0,0,0
2021-12-31 03:00:00,0,0,0
2021-12-31 04:00:00,0,0,0
2021-12-31 05:00:00,0,0,0
2021-12-31 06:00:00,0,0,0
2021-12-31 07:00:00,0,0,0
2021-12-31 08:00:00,0,0,0
2021-12-31 09:00:00,0,0,0
2021-12-31 10:00:00,0,0,0
2021-12-31 11:00:00,0,0,0
2021-12-31 12:00:00,0,0,0
2021-12-31 13:00:00,0,0,0
2021-12-31 14:00:00,0,0,0
2021-12-31 15:00:00,0,0,0
2021-12-31 16:00:00,0,0,0
2021-12-31 17:00:00,0,0,0
2021-12-31 18:00:00,0,0,0
2021-12-31 19:00:00,0,0,0
2021-12-31 20:00:00,0,0,0
2021-12-31 21:00:00,0,0,0
2021-12-31 22:00:00,0,0,0
2021-12-31 23:00:00,0,0,0
2022-02-01 00:00:00,0,0,0
2022-02-01 01:00:00,0,0,0
2022-02-01 02:00:00,0,0,0
2022-02-01 03:00:00,0,0,0
2022-02-01 04:00:00,0,0,0
2022-02-01 05:00:00,0,0,0
2022-02-01 06:00:00,0,0,0
2022-02-01 07:00:00,0,0,0
2022-02-01 08:00:00,0,0,0
2022-02-01 09:00:00,0,0,0
2022-02-01 10:00:00,0,0,0
2022-02-01 11:00:00,0,0,0
2022-02-01 12:00:00,0,0,0
2022-02-01 13:00:00,0,0,0
2022-02-01 14:00:00,0,0,0
2022-02-01 15:00:00,0,0,0
2022-02-01 16:00:00,63,50,13
2022-02-01 17:00:00,75,64,11
2022-02-01 18:00:00,31,26,5
2022-02-01 19:00:00,13,13,0
2022-02-01 20:00:00,5,4,1
2022-02-01 21:00:00,5,4,1
2022-02-01 22:00:00,1,1,0
2022-02-01 23:00:00,0,0,0
2022-02-02 00:00:00,3,3,0
2022-02-02 01:00:00,1,1,0
2022-02-02 02:00:00,2,0,2
2022-02-02 03:00:00,1,0,1
2022-02-02 04:00:00,1,0,1
2022-02-02 05:00:00,25,7,18
2022-02-02 06:00:00,25,4,21
2022-02-02 07:00:00,50,5,45
2022-02-02 08:00:00,55,8,47
2022-02-02 09:00:00,17,2,15
2022-02-02 10:00:00,16,5,11
2022-02-02 11:00:00,12,1,11
2022-02-02 12:00:00,9,2,7
2022-02-02 13:00:00,13,7,6
2022-02-02 14:00:00,26,13,13
2022-02-02 15:00:00,41,30,11
2022-02-02 16:00:00,54,43,11
2022-02-02 17:00:00,53,43,10
2022-02-02 18:00:00,19,18,1
2022-02-02 19:00:00,14,11,3
2022-02-02 20:00:00,15,11,4
2022-02-02 21:00:00,4,3,1
2022-02-02 22:00:00,3,3,0
2022-02-02 23:00:00,1,0,1
2022-02-03 00:00:00,3,3,0
2022-02-03 01:00:00,1,0,1
2022-02-03 02:00:00,2,1,1
2022-02-03 03:00:00,0,0,0
2022-02-03 04:00:00,3,0,3
2022-02-03 05:00:00,22,6,16
2022-02-03 06:00:00,34,7,27
2022-02-03 07:00:00,47,4,43
2022-02-03 08:00:00,41,2,39
2022-02-03 09:00:00,13,2,11
2022-02-03 10:00:00,13,4,9
2022-02-03 11:00:00,14,3,11
2022-02-03 12:00:00,15,7,8
2022-02-03 13:00:00,12,7,5
2022-02-03 14:00:00,15,7,8
2022-02-03 15:00:00,38,21,17
2022-02-03 16:00:00,54,41,13
2022-02-03 17:00:00,63,51,12
2022-02-03 18:00:00,30,26,4
2022-02-03 19:00:00,19,14,5
2022-02-03 20:00:00,10,8,2
2022-02-03 21:00:00,5,2,3
2022-02-03 22:00:00,3,2,1
2022-02-03 23:00:00,4,4,0
2022-02-04 00:00:00,2,2,0
2022-02-04 01:00:00,2,1,1
2022-02-04 02:00:00,2,0,2
2022-02-04 03:00:00,0,0,0
2022-02-04 04:00:00,5,0,5
2022-02-04 05:00:00,25,6,19
2022-02-04 06:00:00,30,3,27
2022-02-04 07:00:00,46,8,38
2022-02-04 08:00:00,46,7,39
2022-02-04 09:00:00,21,2,19
2022-02-04 10:00:00,16,4,12
2022-02-04 11:00:00,19,3,16
2022-02-04 12:00:00,21,6,15
2022-02-04 13:00:00,23,19,4
2022-02-04 14:00:00,20,12,8
2022-02-04 15:00:00,35,24,11
2022-02-04 16:00:00,43,33,10
2022-02-04 17:00:00,63,57,6
2022-02-04 18:00:00,24,18,6
2022-02-04 19:00:00,12,10,2
2022-02-04 20:00:00,12,9,3
2022-02-04 21:00:00,7,3,4
2022-02-04 22:00:00,8,5,3
2022-02-04 23:00:00,3,2,1
2022-02-05 00:00:00,6,4,2
2022-02-05 01:00:00,0,0,0
2022-02-05 02:00:00,2,1,1
2022-02-05 03:00:00,3,2,1
2022-02-05 04:00:00,5,3,2
2022-02-05 05:00:00,3,1,2
2022-02-05 06:00:00,10,3,7
2022-02-05 07:00:00,10,2,8
2022-02-05 08:00:00,27,6,21
2022-02-05 09:00:00,40,17,23
2022-02-05 10:00:00,28,10,18
2022-02-05 11:00:00,42,24,18
2022-02-05 12:00:00,45,26,19
2022-02-05 13:00:00,48,29,19
2022-02-05 14:00:00,47,24,23
2022-02-05 15:00:00,39,17,22
2022-02-05 16:00:00,43,17,26
2022-02-05 17:00:00,17,15,2
2022-02-05 18:00:00,10,7,3
2022-02-05 19:00:00,6,4,2
2022-02-05 20:00:00,8,6,2
2022-02-05 21:00:00,2,1,1
2022-02-05 22:00:00,2,0,2
2022-02-05 23:00:00,6,3,3
2022-02-06 00:00:00,1,1,0
2022-02-06 01:00:00,2,2,0
2022-02-06 02:00:00,0,0,0
2022-02-06 03:00:00,4,1,3
2022-02-06 04:00:00,2,1,1
2022-02-06 05:00:00,3,0,3
2022-02-06 06:00:00,8,0,8
2022-02-06 07:00:00,7,0,7
2022-02-06 08:00:00,12,2,10
2022-02-06 09:00:00,36,8,28
2022-02-06 10:00:00,45,32,13
2022-02-06 11:00:00,43,31,12
2022-02-06 12:00:00,101,43,58
2022-02-06 13:00:00,84,43,41
2022-02-06 14:00:00,78,37,41
2022-02-06 15:00:00,67,33,34
2022-02-06 16:00:00,62,37,25
2022-02-06 17:00:00,34,15,19
2022-02-06 18:00:00,12,10,2
2022-02-06 19:00:00,2,1,1
2022-02-06 20:00:00,4,3,1
2022-02-06 21:00:00,1,1,0
2022-02-06 22:00:00,3,0,3
2022-02-06 23:00:00,1,1,0
2022-02-07 00:00:00,3,3,0
2022-02-07 01:00:00,1,0,1
2022-02-07 02:00:00,1,0,1
2022-02-07 03:00:00,1,0,1
2022-02-07 04:00:00,5,0,5
2022-02-07 05:00:00,26,8,18
2022-02-07 06:00:00,30,1,29
2022-02-07 07:00:00,69,6,63
2022-02-07 08:00:00,53,3,50
2022-02-07 09:00:00,31,7,24
2022-02-07 10:00:00,13,5,8
2022-02-07 11:00:00,8,3,5
2022-02-07 12:00:00,16,9,7
2022-02-07 13:00:00,9,5,4
2022-02-07 14:00:00,26,12,14
2022-02-07 15:00:00,54,42,12
2022-02-07 16:00:00,54,37,17
2022-02-07 17:00:00,71,61,10
2022-02-07 18:00:00,41,34,7
2022-02-07 19:00:00,12,9,3
2022-02-07 20:00:00,4,3,1
2022-02-07 21:00:00,3,3,0
2022-02-07 22:00:00,7,1,6
2022-02-07 23:00:00,1,1,0
2022-02-08 00:00:00,6,4,2
2022-02-08 01:00:00,1,0,1
2022-02-08 02:00:00,4,1,3
2022-02-08 03:00:00,3,1,2
2022-02-08 04:00:00,6,1,5
2022-02-08 05:00:00,39,7,32
2022-02-08 06:00:00,50,12,38
2022-02-08 07:00:00,67,6,61
2022-02-08 08:00:00,69,6,63
2022-02-08 09:00:00,34,6,28
2022-02-08 10:00:00,21,2,19
2022-02-08 11:00:00,16,3,13
2022-02-08 12:00:00,19,9,10
2022-02-08 13:00:00,33,18,15
2022-02-08 14:00:00,35,23,12
2022-02-08 15:00:00,44,33,11
2022-02-08 16:00:00,78,65,13
2022-02-08 17:00:00,92,71,21
2022-02-08 18:00:00,43,36,7
2022-02-08 19:00:00,18,16,2
2022-02-08 20:00:00,9,7,2
2022-02-08 21:00:00,9,4,5
2022-02-08 22:00:00,5,5,0
2022-02-08 23:00:00,4,3,1
2022-02-09 00:00:00,4,3,1
2022-02-09 01:00:00,2,0,2
2022-02-09 02:00:00,1,1,0
2022-02-09 03:00:00,2,1,1
2022-02-09 04:00:00,4,0,4
2022-02-09 05:00:00,29,4,25
2022-02-09 06:00:00,40,7,33
2022-02-09 07:00:00,72,9,63
2022-02-09 08:00:00,60,5,55
2022-02-09 09:00:00,40,5,35
2022-02-09 10:00:00,24,9,15
2022-02-09 11:00:00,27,7,20
2022-02-09 12:00:00,28,14,14
2022-02-09 13:00:00,24,13,11
2022-02-09 14:00:00,38,28,10
2022-02-09 15:00:00,71,49,22
2022-02-09 16:00:00,82,65,17
2022-02-09 17:00:00,95,78,17
2022-02-09 18:00:00,33,23,10
2022-02-09 19:00:00,15,14,1
2022-02-09 20:00:00,15,12,3
2022-02-09 21:00:00,12,7,5
2022-02-09 22:00:00,10,7,3
2022-02-09 23:00:00,3,1,2
2022-02-10 00:00:00,4,2,2
2022-02-10 01:00:00,1,1,0
2022-02-10 02:00:00,1,0,1
2022-02-10 03:00:00,1,0,1
2022-02-10 04:00:00,5,0,5
2022-02-10 05:00:00,20,5,15
2022-02-10 06:00:00,43,7,36
2022-02-10 07:00:00,66,7,59
2022-02-10 08:00:00,61,6,55
2022-02-10 09:00:00,27,6,21
2022-02-10 10:00:00,19,4,15
2022-02-10 11:00:00,22,5,17
2022-02-10 12:00:00,18,7,11
2022-02-10 13:00:00,16,10,6
2022-02-10 14:00:00,30,15,15
2022-02-10 15:00:00,47,34,13
2022-02-10 16:00:00,63,48,15
2022-02-10 17:00:00,86,71,15
2022-02-10 18:00:00,35,28,7
2022-02-10 19:00:00,15,12,3
2022-02-10 20:00:00,8,6,2
2022-02-10 21:00:00,12,8,4
2022-02-10 22:00:00,6,5,1
2022-02-10 23:00:00,3,2,1
2022-02-11 00:00:00,1,1,0
2022-02-11 01:00:00,2,2,0
2022-02-11 02:00:00,2,1,1
2022-02-11 03:00:00,4,1,3
2022-02-11 04:00:00,7,1,6
2022-02-11 05:00:00,21,2,19
2022-02-11 06:00:00,36,4,32
2022-02-11 07:00:00,58,8,50
2022-02-11 08:00:00,58,10,48
2022-02-11 09:00:00,30,8,22
2022-02-11 10:00:00,24,9,15
2022-02-11 11:00:00,23,8,15
2022-02-11 12:00:00,35,18,17
2022-02-11 13:00:00,32,17,15
2022-02-11 14:00:00,52,28,24
2022-02-11 15:00:00,52,35,17
2022-02-11 16:00:00,75,58,17
2022-02-11 17:00:00,83,67,16
2022-02-11 18:00:00,44,31,13
2022-02-11 19:00:00,7,5,2
2022-02-11 20:00:00,10,10,0
2022-02-11 21:00:00,10,7,3
2022-02-11 22:00:00,4,1,3
2022-02-11 23:00:00,6,4,2
2022-02-12 00:00:00,9,4,5
2022-02-12 01:00:00,2,1,1
2022-02-12 02:00:00,4,1,3
2022-02-12 03:00:00,0,0,0
2022-02-12 04:00:00,3,0,3
2022-02-12 05:00:00,10,3,7
2022-02-12 06:00:00,3,1,2
2022-02-12 07:00:00,10,1,9
2022-02-12 08:00:00,36,11,25
2022-02-12 09:00:00,39,15,24
2022-02-12 10:00:00,48,20,28
2022-02-12 11:00:00,87,39,48
2022-02-12 12:00:00,94,52,42
2022-02-12 13:00:00,91,51,40
2022-02-12 14:00:00,117,70,47
2022-02-12 15:00:00,95,49,46
2022-02-12 16:00:00,78,35,43
2022-02-12 17:00:00,37,24,13
2022-02-12 18:00:00,37,23,14
2022-02-12 19:00:00,8,7,1
2022-02-12 20:00:00,14,9,5
2022-02-12 21:00:00,3,2,1
2022-02-12 22:00:00,9,7,2
2022-02-12 23:00:00,5,2,3
2022-02-13 00:00:00,11,7,4
2022-02-13 01:00:00,2,1,1
2022-02-13 02:00:00,0,0,0
2022-02-13 03:00:00,1,0,1
2022-02-13 04:00:00,3,2,1
2022-02-13 05:00:00,1,0,1
2022-02-13 06:00:00,4,2,2
2022-02-13 07:00:00,4,0,4
2022-02-13 08:00:00,15,4,11
2022-02-13 09:00:00,31,7,24
2022-02-13 10:00:00,48,20,28
2022-02-13 11:00:00,72,40,32
2022-02-13 12:00:00,69,36,33
2022-02-13 13:00:00,113,56,57
2022-02-13 14:00:00,78,41,37
2022-02-13 15:00:00,51,31,20
2022-02-13 16:00:00,39,20,19
2022-02-13 17:00:00,25,13,12
2022-02-13 18:00:00,8,4,4
2022-02-13 19:00:00,9,3,6
2022-02-13 20:00:00,9,4,5
2022-02-13 21:00:00,1,1,0
2022-02-13 22:00:00,4,4,0
2022-02-13 23:00:00,2,1,1
2022-02-14 00:00:00,4,2,2
2022-02-14 01:00:00,1,0,1
2022-02-14 02:00:00,1,1,0
2022-02-14 03:00:00,3,0,3
2022-02-14 04:00:00,6,2,4
2022-02-14 05:00:00,23,6,17
2022-02-14 06:00:00,40,8,32
2022-02-14 07:00:00,54,7,47
2022-02-14 08:00:00,47,5,42
2022-02-14 09:00:00,26,4,22
2022-02-14 10:00:00,14,6,8
2022-02-14 11:00:00,10,4,6
2022-02-14 12:00:00,8,5,3
2022-02-14 13:00:00,10,9,1
2022-02-14 14:00:00,14,9,5
2022-02-14 15:00:00,35,19,16
2022-02-14 16:00:00,69,55,14
2022-02-14 17:00:00,51,42,9
2022-02-14 18:00:00,34,32,2
2022-02-14 19:00:00,8,8,0
2022-02-14 20:00:00,6,3,3
2022-02-14 21:00:00,4,1,3
2022-02-14 22:00:00,6,3,3
2022-02-14 23:00:00,7,2,5
2022-02-15 00:00:00,3,3,0
2022-02-15 01:00:00,2,1,1
2022-02-15 02:00:00,3,2,1
2022-02-15 03:00:00,2,0,2
2022-02-15 04:00:00,4,0,4
2022-02-15 05:00:00,22,5,17
2022-02-15 06:00:00,51,6,45
2022-02-15 07:00:00,73,4,69
2022-02-15 08:00:00,80,9,71
2022-02-15 09:00:00,31,9,22
2022-02-15 10:00:00,16,5,11
2022-02-15 11:00:00,19,9,10
2022-02-15 12:00:00,20,7,13
2022-02-15 13:00:00,20,8,12
2022-02-15 14:00:00,30,20,10
2022-02-15 15:00:00,41,29,12
2022-02-15 16:00:00,73,60,13
2022-02-15 17:00:00,98,86,12
2022-02-15 18:00:00,45,32,13
2022-02-15 19:00:00,14,11,3
2022-02-15 20:00:00,10,9,1
2022-02-15 21:00:00,6,4,2
2022-02-15 22:00:00,5,3,2
2022-02-15 23:00:00,3,3,0
2022-02-16 00:00:00,8,6,2
2022-02-16 01:00:00,3,3,0
2022-02-16 02:00:00,3,2,1
2022-02-16 03:00:00,0,0,0
2022-02-16 04:00:00,4,1,3
2022-02-16 05:00:00,26,5,21
2022-02-16 06:00:00,53,4,49
2022-02-16 07:00:00,82,16,66
2022-02-16 08:00:00,69,3,66
2022-02-16 09:00:00,48,12,36
2022-02-16 10:00:00,27,3,24
2022-02-16 11:00:00,21,11,10
2022-02-16 12:00:00,22,9,13
2022-02-16 13:00:00,36,22,14
2022-02-16 14:00:00,44,25,19
2022-02-16 15:00:00,57,40,17
2022-02-16 16:00:00,84,64,20
2022-02-16 17:00:00,86,73,13
2022-02-16 18:00:00,64,56,8
2022-02-16 19:00:00,12,10,2
2022-02-16 20:00:00,12,11,1
2022-02-16 21:00:00,8,4,4
2022-02-16 22:00:00,7,5,2
2022-02-16 23:00:00,1,1,0
2022-02-17 00:00:00,8,4,4
2022-02-17 01:00:00,2,2,0
2022-02-17 02:00:00,1,1,0
2022-02-17 03:00:00,0,0,0
2022-02-17 04:00:00,2,1,1
2022-02-17 05:00:00,29,5,24
2022-02-17 06:00:00,49,5,44
2022-02-17 07:00:00,82,7,75
2022-02-17 08:00:00,73,8,65
2022-02-17 09:00:00,34,4,30
2022-02-17 10:00:00,25,9,16
2022-02-17 11:00:00,35,14,21
2022-02-17 12:00:00,27,8,19
2022-02-17 13:00:00,32,20,12
2022-02-17 14:00:00,38,24,14
2022-02-17 15:00:00,41,30,11
2022-02-17 16:00:00,79,64,15
2022-02-17 17:00:00,90,80,10
2022-02-17 18:00:00,53,42,11
2022-02-17 19:00:00,18,14,4
2022-02-17 20:00:00,18,11,7
2022-02-17 21:00:00,12,7,5
2022-02-17 22:00:00,11,6,5
2022-02-17 23:00:00,3,1,2
2022-02-18 00:00:00,5,5,0
2022-02-18 01:00:00,2,0,2
2022-02-18 02:00:00,4,3,1
2022-02-18 03:00:00,2,1,1
2022-02-18 04:00:00,6,1,5
2022-02-18 05:00:00,30,4,26
2022-02-18 06:00:00,43,3,40
2022-02-18 07:00:00,60,8,52
2022-02-18 08:00:00,70,8,62
2022-02-18 09:00:00,30,8,22
2022-02-18 10:00:00,38,16,22
2022-02-18 11:00:00,35,14,21
2022-02-18 12:00:00,25,12,13
2022-02-18 13:00:00,32,21,11
2022-02-18 14:00:00,45,23,22
2022-02-18 15:00:00,48,29,19
2022-02-18 16:00:00,90,69,21
2022-02-18 17:00:00,81,64,17
2022-02-18 18:00:00,49,37,12
2022-02-18 19:00:00,15,12,3
2022-02-18 20:00:00,8,7,1
2022-02-18 21:00:00,9,5,4
2022-02-18 22:00:00,7,5,2
2022-02-18 23:00:00,10,7,3
2022-02-19 00:00:00,4,1,3
2022-02-19 01:00:00,3,0,3
2022-02-19 02:00:00,4,2,2
2022-02-19 03:00:00,2,1,1
2022-02-19 04:00:00,2,1,1
2022-02-19 05:00:00,6,0,6
2022-02-19 06:00:00,5,2,3
2022-02-19 07:00:00,5,2,3
2022-02-19 08:00:00,29,14,15
2022-02-19 09:00:00,30,8,22
2022-02-19 10:00:00,17,8,9
2022-02-19 11:00:00,26,11,15
2022-02-19 12:00:00,27,15,12
2022-02-19 13:00:00,24,17,7
2022-02-19 14:00:00,23,11,12
2022-02-19 15:00:00,24,16,8
2022-02-19 16:00:00,13,5,8
2022-02-19 17:00:00,5,3,2
2022-02-19 18:00:00,5,5,0
2022-02-19 19:00:00,4,3,1
2022-02-19 20:00:00,6,4,2
2022-02-19 21:00:00,3,2,1
2022-02-19 22:00:00,2,1,1
2022-02-19 23:00:00,1,0,1
2022-02-20 00:00:00,1,0,1
2022-02-20 01:00:00,3,1,2
2022-02-20 02:00:00,0,0,0
2022-02-20 03:00:00,2,0,2
2022-02-20 04:00:00,3,2,1
2022-02-20 05:00:00,1,0,1
2022-02-20 06:00:00,2,1,1
2022-02-20 07:00:00,5,1,4
2022-02-20 08:00:00,10,6,4
2022-02-20 09:00:00,17,6,11
2022-02-20 10:00:00,17,8,9
2022-02-20 11:00:00,23,6,17
2022-02-20 12:00:00,35,20,15
2022-02-20 13:00:00,43,29,14
2022-02-20 14:00:00,39,19,20
2022-02-20 15:00:00,38,15,23
2022-02-20 16:00:00,18,10,8
2022-02-20 17:00:00,14,10,4
2022-02-20 18:00:00,2,1,1
2022-02-20 19:00:00,6,6,0
2022-02-20 20:00:00,1,1,0
2022-02-20 21:00:00,0,0,0
2022-02-20 22:00:00,3,1,2
2022-02-20 23:00:00,1,1,0
2022-02-21 00:00:00,1,1,0
2022-02-21 01:00:00,3,2,1
2022-02-21 02:00:00,1,0,1
2022-02-21 03:00:00,1,0,1
2022-02-21 04:00:00,3,1,2
2022-02-21 05:00:00,8,2,6
2022-02-21 06:00:00,11,0,11
2022-02-21 07:00:00,22,1,21
2022-02-21 08:00:00,21,4,17
2022-02-21 09:00:00,12,5,7
2022-02-21 10:00:00,14,3,11
2022-02-21 11:00:00,15,10,5
2022-02-21 12:00:00,19,7,12
2022-02-21 13:00:00,27,13,14
2022-02-21 14:00:00,27,18,9
2022-02-21 15:00:00,32,16,16
2022-02-21 16:00:00,52,33,19
2022-02-21 17:00:00,37,25,12
2022-02-21 18:00:00,13,13,0
2022-02-21 19:00:00,9,6,3
2022-02-21 20:00:00,4,4,0
2022-02-21 21:00:00,4,3,1
2022-02-21 22:00:00,3,3,0
2022-02-21 23:00:00,1,1,0
2022-02-22 00:00:00,0,0,0
2022-02-22 01:00:00,0,0,0
2022-02-22 02:00:00,1,1,0
2022-02-22 03:00:00,1,0,1
2022-02-22 04:00:00,3,1,2
2022-02-22 05:00:00,18,6,12
2022-02-22 06:00:00,16,2,14
2022-02-22 07:00:00,25,1,24
2022-02-22 08:00:00,25,5,20
2022-02-22 09:00:00,11,4,7
2022-02-22 10:00:00,5,0,5
2022-02-22 11:00:00,4,2,2
2022-02-22 12:00:00,9,4,5
2022-02-22 13:00:00,8,5,3
2022-02-22 14:00:00,10,5,5
2022-02-22 15:00:00,14,9,5
2022-02-22 16:00:00,27,24,3
2022-02-22 17:00:00,31,23,8
2022-02-22 18:00:00,13,9,4
2022-02-22 19:00:00,6,3,3
2022-02-22 20:00:00,11,4,7
2022-02-22 21:00:00,3,2,1
2022-02-22 22:00:00,3,1,2
2022-02-22 23:00:00,1,1,0
2022-02-23 00:00:00,4,4,0
2022-02-23 01:00:00,0,0,0
2022-02-23 02:00:00,2,2,0
2022-02-23 03:00:00,0,0,0
2022-02-23 04:00:00,3,0,3
2022-02-23 05:00:00,15,5,10
2022-02-23 06:00:00,20,4,16
2022-02-23 07:00:00,26,1,25
2022-02-23 08:00:00,29,0,29
2022-02-23 09:00:00,20,3,17
2022-02-23 10:00:00,9,1,8
2022-02-23 11:00:00,16,7,9
2022-02-23 12:00:00,16,3,13
2022-02-23 13:00:00,17,9,8
2022-02-23 14:00:00,20,14,6
2022-02-23 15:00:00,31,18,13
2022-02-23 16:00:00,41,31,10
2022-02-23 17:00:00,44,37,7
2022-02-23 18:00:00,25,20,5
2022-02-23 19:00:00,4,3,1
2022-02-23 20:00:00,8,6,2
2022-02-23 21:00:00,3,2,1
2022-02-23 22:00:00,3,2,1
2022-02-23 23:00:00,4,3,1
2022-02-24 00:00:00,1,1,0
2022-02-24 01:00:00,1,0,1
2022-02-24 02:00:00,3,1,2
2022-02-24 03:00:00,1,0,1
2022-02-24 04:00:00,2,0,2
2022-02-24 05:00:00,12,3,9
2022-02-24 06:00:00,15,2,13
2022-02-24 07:00:00,23,0,23
2022-02-24 08:00:00,24,2,22
2022-02-24 09:00:00,20,4,16
2022-02-24 10:00:00,8,2,6
2022-02-24 11:00:00,10,4,6
2022-02-24 12:00:00,16,4,12
2022-02-24 13:00:00,10,5,5
2022-02-24 14:00:00,26,17,9
2022-02-24 15:00:00,30,18,12
2022-02-24 16:00:00,37,25,12
2022-02-24 17:00:00,46,39,7
2022-02-24 18:00:00,12,9,3
2022-02-24 19:00:00,11,8,3
2022-02-24 20:00:00,8,7,1
2022-02-24 21:00:00,9,8,1
2022-02-24 22:00:00,1,1,0
2022-02-24 23:00:00,5,4,1
2022-02-25 00:00:00,1,0,1
2022-02-25 01:00:00,2,2,0
2022-02-25 02:00:00,0,0,0
2022-02-25 03:00:00,1,0,1
2022-02-25 04:00:00,6,0,6
2022-02-25 05:00:00,14,1,13
2022-02-25 06:00:00,13,1,12
2022-02-25 07:00:00,34,5,29
2022-02-25 08:00:00,27,2,25
2022-02-25 09:00:00,20,2,18
2022-02-25 10:00:00,13,3,10
2022-02-25 11:00:00,15,9,6
2022-02-25 12:00:00,15,6,9
2022-02-25 13:00:00,36,18,18
2022-02-25 14:00:00,42,23,19
2022-02-25 15:00:00,56,41,15
2022-02-25 16:00:00,55,41,14
2022-02-25 17:00:00,51,41,10
2022-02-25 18:00:00,23,16,7
2022-02-25 19:00:00,8,3,5
2022-02-25 20:00:00,3,3,0
2022-02-25 21:00:00,4,1,3
2022-02-25 22:00:00,7,7,0
2022-02-25 23:00:00,2,2,0
2022-02-26 00:00:00,3,3,0
2022-02-26 01:00:00,0,0,0
2022-02-26 02:00:00,3,1,2
2022-02-26 03:00:00,1,0,1
2022-02-26 04:00:00,2,0,2
2022-02-26 05:00:00,5,0,5
2022-02-26 06:00:00,12,2,10
2022-02-26 07:00:00,11,2,9
2022-02-26 08:00:00,37,23,14
2022-02-26 09:00:00,25,5,20
2022-02-26 10:00:00,35,19,16
2022-02-26 11:00:00,61,21,40
2022-02-26 12:00:00,34,27,7
2022-02-26 13:00:00,31,16,15
2022-02-26 14:00:00,36,17,19
2022-02-26 15:00:00,22,12,10
2022-02-26 16:00:00,4,4,0
2022-02-26 17:00:00,11,8,3
2022-02-26 18:00:00,8,6,2
2022-02-26 19:00:00,4,2,2
2022-02-26 20:00:00,3,3,0
2022-02-26 21:00:00,1,0,1
2022-02-26 22:00:00,1,1,0
2022-02-26 23:00:00,7,5,2
2022-02-27 00:00:00,2,0,2
2022-02-27 01:00:00,0,0,0
2022-02-27 02:00:00,0,0,0
2022-02-27 03:00:00,1,1,0
2022-02-27 04:00:00,2,0,2
2022-02-27 05:00:00,2,0,2
2022-02-27 06:00:00,5,2,3
2022-02-27 07:00:00,15,0,15
2022-02-27 08:00:00,19,3,16
2022-02-27 09:00:00,8,4,4
2022-02-27 10:00:00,15,8,7
2022-02-27 11:00:00,13,6,7
2022-02-27 12:00:00,15,9,6
2022-02-27 13:00:00,15,9,6
2022-02-27 14:00:00,21,17,4
2022-02-27 15:00:00,8,7,1
2022-02-27 16:00:00,4,3,1
2022-02-27 17:00:00,5,3,2
2022-02-27 18:00:00,5,2,3
2022-02-27 19:00:00,2,1,1
2022-02-27 20:00:00,2,1,1
2022-02-27 21:00:00,2,2,0
2022-02-27 22:00:00,4,1,3
2022-02-27 23:00:00,1,0,1
2022-02-28 00:00:00,1,1,0
2022-02-28 01:00:00,0,0,0
2022-02-28 02:00:00,0,0,0
2022-02-28 03:00:00,0,0,0
2022-02-28 04:00:00,7,1,6
2022-02-28 05:00:00,16,3,13
2022-02-28 06:00:00,24,4,20
2022-02-28 07:00:00,30,5,25
2022-02-28 08:00:00,36,3,33
2022-02-28 09:00:00,14,3,11
2022-02-28 10:00:00,9,3,6
2022-02-28 11:00:00,6,2,4
2022-02-28 12:00:00,0,0,0
2022-02-28 13:00:00,9,6,3
2022-02-28 14:00:00,11,8,3
2022-02-28 15:00:00,21,16,5
2022-02-28 16:00:00,24,20,4
2022-02-28 17:00:00,42,37,5
2022-02-28 18:00:00,23,20,3
2022-02-28 19:00:00,4,2,2
2022-02-28 20:00:00,0,0,0
2022-02-28 21:00:00,0,0,0
2022-02-28 22:00:00,0,0,0
2022-02-28 23:00:00,0,0,0
2022-03-01 00:00:00,0,0,0
2022-03-01 01:00:00,0,0,0
2022-03-01 02:00:00,0,0,0
2022-03-01 03:00:00,0,0,0
2022-03-01 04:00:00,0,0,0
2022-03-01 05:00:00,0,0,0
2022-03-01 06:00:00,0,0,0
2022-03-01 07:00:00,0,0,0
2022-03-01 08:00:00,0,0,0
2022-03-01 09:00:00,0,0,0
2022-03-01 10:00:00,0,0,0
2022-03-01 11:00:00,0,0,0
2022-03-01 12:00:00,0,0,0
2022-03-01 13:00:00,0,0,0
2022-03-01 14:00:00,0,0,0
2022-03-01 15:00:00,0,0,0
2022-03-01 16:00:00,0,0,0
2022-03-01 17:00:00,0,0,0
2022-03-01 18:00:00,0,0,0
2022-03-01 19:00:00,0,0,0
2022-03-01 20:00:00,0,0,0
2022-03-01 21:00:00,0,0,0
2022-03-01 22:00:00,0,0,0
2022-03-01 23:00:00,0,0,0
2022-03-02 00:00:00,0,0,0
2022-03-02 01:00:00,0,0,0
2022-03-02 02:00:00,0,0,0
2022-03-02 03:00:00,0,0,0
2022-03-02 04:00:00,0,0,0
2022-03-02 05:00:00,0,0,0
2022-03-02 06:00:00,0,0,0
2022-03-02 07:00:00,0,0,0
2022-03-02 08:00:00,0,0,0
2022-03-02 09:00:00,0,0,0
2022-03-02 10:00:00,0,0,0
2022-03-02 11:00:00,0,0,0
2022-03-02 12:00:00,0,0,0
2022-03-02 13:00:00,0,0,0
2022-03-02 14:00:00,0,0,0
2022-03-02 15:00:00,0,0,0
2022-03-02 16:00:00,0,0,0
2022-03-02 17:00:00,0,0,0
2022-03-02 18:00:00,0,0,0
2022-03-02 19:00:00,0,0,0
2022-03-02 20:00:00,0,0,0
2022-03-02 21:00:00,0,0,0
2022-03-02 22:00:00,0,0,0
2022-03-02 23:00:00,0,0,0
2022-03-03 00:00:00,0,0,0
2022-03-03 01:00:00,0,0,0
2022-03-03 02:00:00,0,0,0
2022-03-03 03:00:00,0,0,0
2022-03-03 04:00:00,0,0,0
2022-03-03 05:00:00,0,0,0
2022-03-03 06:00:00,0,0,0
2022-03-03 07:00:00,0,0,0
2022-03-03 08:00:00,0,0,0
2022-03-03 09:00:00,0,0,0
2022-03-03 10:00:00,0,0,0
2022-03-03 11:00:00,12,2,10
2022-03-03 12:00:00,17,5,12
2022-03-03 13:00:00,26,11,15
2022-03-03 14:00:00,32,18,14
2022-03-03 15:00:00,44,26,18
2022-03-03 16:00:00,81,60,21
2022-03-03 17:00:00,82,70,12
2022-03-03 18:00:00,46,36,10
2022-03-03 19:00:00,17,11,6
2022-03-03 20:00:00,13,10,3
2022-03-03 21:00:00,9,7,2
2022-03-03 22:00:00,4,3,1
2022-03-03 23:00:00,5,4,1
2022-03-04 00:00:00,4,1,3
2022-03-04 01:00:00,2,1,1
2022-03-04 02:00:00,0,0,0
2022-03-04 03:00:00,2,1,1
2022-03-04 04:00:00,10,1,9
2022-03-04 05:00:00,15,2,13
2022-03-04 06:00:00,26,2,24
2022-03-04 07:00:00,64,11,53
2022-03-04 08:00:00,55,4,51
2022-03-04 09:00:00,43,7,36
2022-03-04 10:00:00,18,3,15
2022-03-04 11:00:00,17,8,9
2022-03-04 12:00:00,21,11,10
2022-03-04 13:00:00,29,15,14
2022-03-04 14:00:00,28,19,9
2022-03-04 15:00:00,42,30,12
2022-03-04 16:00:00,65,57,8
2022-03-04 17:00:00,77,69,8
2022-03-04 18:00:00,43,33,10
2022-03-04 19:00:00,18,16,2
2022-03-04 20:00:00,11,9,2
2022-03-04 21:00:00,12,7,5
2022-03-04 22:00:00,5,2,3
2022-03-04 23:00:00,28,3,25
2022-03-05 00:00:00,4,3,1
2022-03-05 01:00:00,4,3,1
2022-03-05 02:00:00,1,0,1
2022-03-05 03:00:00,2,1,1
2022-03-05 04:00:00,3,3,0
2022-03-05 05:00:00,7,0,7
2022-03-05 06:00:00,6,2,4
2022-03-05 07:00:00,16,3,13
2022-03-05 08:00:00,33,10,23
2022-03-05 09:00:00,30,8,22
2022-03-05 10:00:00,36,23,13
2022-03-05 11:00:00,42,21,21
2022-03-05 12:00:00,55,28,27
2022-03-05 13:00:00,74,46,28
2022-03-05 14:00:00,77,30,47
2022-03-05 15:00:00,76,38,38
2022-03-05 16:00:00,62,25,37
2022-03-05 17:00:00,43,23,20
2022-03-05 18:00:00,19,11,8
2022-03-05 19:00:00,9,8,1
2022-03-05 20:00:00,11,4,7
2022-03-05 21:00:00,5,3,2
2022-03-05 22:00:00,7,3,4
2022-03-05 23:00:00,3,2,1
2022-03-06 00:00:00,5,3,2
2022-03-06 01:00:00,2,1,1
2022-03-06 02:00:00,0,0,0
2022-03-06 03:00:00,1,0,1
2022-03-06 04:00:00,1,0,1
2022-03-06 05:00:00,5,1,4
2022-03-06 06:00:00,7,3,4
2022-03-06 07:00:00,13,6,7
2022-03-06 08:00:00,38,3,35
2022-03-06 09:00:00,35,13,22
2022-03-06 10:00:00,46,31,15
2022-03-06 11:00:00,49,31,18
2022-03-06 12:00:00,67,35,32
2022-03-06 13:00:00,53,26,27
2022-03-06 14:00:00,69,38,31
2022-03-06 15:00:00,57,30,27
2022-03-06 16:00:00,64,38,26
2022-03-06 17:00:00,27,14,13
2022-03-06 18:00:00,19,11,8
2022-03-06 19:00:00,9,5,4
2022-03-06 20:00:00,4,3,1
2022-03-06 21:00:00,5,2,3
2022-03-06 22:00:00,2,1,1
2022-03-06 23:00:00,1,1,0
2022-03-07 00:00:00,3,2,1
2022-03-07 01:00:00,0,0,0
2022-03-07 02:00:00,2,0,2
2022-03-07 03:00:00,1,1,0
2022-03-07 04:00:00,7,0,7
2022-03-07 05:00:00,23,6,17
2022-03-07 06:00:00,52,3,49
2022-03-07 07:00:00,81,12,69
2022-03-07 08:00:00,58,7,51
2022-03-07 09:00:00,38,12,26
2022-03-07 10:00:00,18,6,12
2022-03-07 11:00:00,17,5,12
2022-03-07 12:00:00,15,9,6
2022-03-07 13:00:00,25,12,13
2022-03-07 14:00:00,34,18,16
2022-03-07 15:00:00,55,36,19
2022-03-07 16:00:00,85,72,13
2022-03-07 17:00:00,81,65,16
2022-03-07 18:00:00,46,39,7
2022-03-07 19:00:00,20,17,3
2022-03-07 20:00:00,10,8,2
2022-03-07 21:00:00,5,4,1
2022-03-07 22:00:00,4,4,0
2022-03-07 23:00:00,2,0,2
2022-03-08 00:00:00,3,3,0
2022-03-08 01:00:00,0,0,0
2022-03-08 02:00:00,1,1,0
2022-03-08 03:00:00,2,1,1
2022-03-08 04:00:00,11,6,5
2022-03-08 05:00:00,21,7,14
2022-03-08 06:00:00,43,2,41
2022-03-08 07:00:00,70,9,61
2022-03-08 08:00:00,49,3,46
2022-03-08 09:00:00,30,4,26
2022-03-08 10:00:00,14,3,11
2022-03-08 11:00:00,15,3,12
2022-03-08 12:00:00,7,2,5
2022-03-08 13:00:00,17,10,7
2022-03-08 14:00:00,25,16,9
2022-03-08 15:00:00,41,26,15
2022-03-08 16:00:00,58,46,12
2022-03-08 17:00:00,92,74,18
2022-03-08 18:00:00,36,31,5
2022-03-08 19:00:00,18,17,1
2022-03-08 20:00:00,12,10,2
2022-03-08 21:00:00,12,9,3
2022-03-08 22:00:00,5,4,1
2022-03-08 23:00:00,1,1,0
2022-03-09 00:00:00,4,4,0
2022-03-09 01:00:00,5,3,2
2022-03-09 02:00:00,3,0,3
2022-03-09 03:00:00,0,0,0
2022-03-09 04:00:00,9,1,8
2022-03-09 05:00:00,27,5,22
2022-03-09 06:00:00,47,6,41
2022-03-09 07:00:00,82,8,74
2022-03-09 08:00:00,80,4,76
2022-03-09 09:00:00,43,4,39
2022-03-09 10:00:00,32,7,25
2022-03-09 11:00:00,23,12,11
2022-03-09 12:00:00,31,12,19
2022-03-09 13:00:00,40,27,13
2022-03-09 14:00:00,54,31,23
2022-03-09 15:00:00,62,42,20
2022-03-09 16:00:00,93,73,20
2022-03-09 17:00:00,106,90,16
2022-03-09 18:00:00,64,54,10
2022-03-09 19:00:00,21,15,6
2022-03-09 20:00:00,10,8,2
2022-03-09 21:00:00,7,5,2
2022-03-09 22:00:00,7,5,2
2022-03-09 23:00:00,3,3,0
2022-03-10 00:00:00,5,5,0
2022-03-10 01:00:00,0,0,0
2022-03-10 02:00:00,0,0,0
2022-03-10 03:00:00,1,0,1
2022-03-10 04:00:00,6,0,6
2022-03-10 05:00:00,16,3,13
2022-03-10 06:00:00,40,3,37
2022-03-10 07:00:00,84,10,74
2022-03-10 08:00:00,73,5,68
2022-03-10 09:00:00,43,8,35
2022-03-10 10:00:00,18,7,11
2022-03-10 11:00:00,25,9,16
2022-03-10 12:00:00,25,11,14
2022-03-10 13:00:00,41,13,28
2022-03-10 14:00:00,33,26,7
2022-03-10 15:00:00,63,42,21
2022-03-10 16:00:00,77,59,18
2022-03-10 17:00:00,88,75,13
2022-03-10 18:00:00,53,46,7
2022-03-10 19:00:00,26,22,4
2022-03-10 20:00:00,17,13,4
2022-03-10 21:00:00,7,6,1
2022-03-10 22:00:00,7,6,1
2022-03-10 23:00:00,2,0,2
2022-03-11 00:00:00,3,3,0
2022-03-11 01:00:00,1,1,0
2022-03-11 02:00:00,1,0,1
2022-03-11 03:00:00,1,0,1
2022-03-11 04:00:00,7,1,6
2022-03-11 05:00:00,19,3,16
2022-03-11 06:00:00,34,4,30
2022-03-11 07:00:00,72,13,59
2022-03-11 08:00:00,68,5,63
2022-03-11 09:00:00,23,10,13
2022-03-11 10:00:00,20,7,13
2022-03-11 11:00:00,23,6,17
2022-03-11 12:00:00,15,8,7
2022-03-11 13:00:00,31,14,17
2022-03-11 14:00:00,35,21,14
2022-03-11 15:00:00,59,38,21
2022-03-11 16:00:00,74,56,18
2022-03-11 17:00:00,87,72,15
2022-03-11 18:00:00,39,30,9
2022-03-11 19:00:00,16,12,4
2022-03-11 20:00:00,8,7,1
2022-03-11 21:00:00,10,8,2
2022-03-11 22:00:00,7,4,3
2022-03-11 23:00:00,2,2,0
2022-03-12 00:00:00,3,2,1
2022-03-12 01:00:00,3,3,0
2022-03-12 02:00:00,0,0,0
2022-03-12 03:00:00,2,0,2
2022-03-12 04:00:00,2,0,2
2022-03-12 05:00:00,9,1,8
2022-03-12 06:00:00,4,1,3
2022-03-12 07:00:00,15,3,12
2022-03-12 08:00:00,34,13,21
2022-03-12 09:00:00,40,23,17
2022-03-12 10:00:00,65,22,43
2022-03-12 11:00:00,84,37,47
2022-03-12 12:00:00,64,24,40
2022-03-12 13:00:00,92,45,47
2022-03-12 14:00:00,80,45,35
2022-03-12 15:00:00,56,36,20
2022-03-12 16:00:00,24,15,9
2022-03-12 17:00:00,10,7,3
2022-03-12 18:00:00,12,11,1
2022-03-12 19:00:00,8,7,1
2022-03-12 20:00:00,1,1,0
2022-03-12 21:00:00,3,1,2
2022-03-12 22:00:00,3,2,1
2022-03-12 23:00:00,6,0,6
2022-03-13 00:00:00,3,2,1
2022-03-13 01:00:00,2,1,1
2022-03-13 02:00:00,0,0,0
2022-03-13 03:00:00,1,0,1
2022-03-13 04:00:00,2,0,2
2022-03-13 05:00:00,2,0,2
2022-03-13 06:00:00,5,1,4
2022-03-13 07:00:00,5,2,3
2022-03-13 08:00:00,8,2,6
2022-03-13 09:00:00,15,5,10
2022-03-13 10:00:00,34,8,26
2022-03-13 11:00:00,56,40,16
2022-03-13 12:00:00,54,29,25
2022-03-13 13:00:00,62,31,31
2022-03-13 14:00:00,44,25,19
2022-03-13 15:00:00,41,16,25
2022-03-13 16:00:00,31,14,17
2022-03-13 17:00:00,28,17,11
2022-03-13 18:00:00,16,8,8
2022-03-13 19:00:00,7,4,3
2022-03-13 20:00:00,8,5,3
2022-03-13 21:00:00,4,1,3
2022-03-13 22:00:00,2,1,1
2022-03-13 23:00:00,1,1,0
2022-03-14 00:00:00,0,0,0
2022-03-14 01:00:00,2,1,1
2022-03-14 02:00:00,0,0,0
2022-03-14 03:00:00,2,1,1
2022-03-14 04:00:00,7,1,6
2022-03-14 05:00:00,23,3,20
2022-03-14 06:00:00,31,4,27
2022-03-14 07:00:00,57,8,49
2022-03-14 08:00:00,53,7,46
2022-03-14 09:00:00,16,3,13
2022-03-14 10:00:00,25,11,14
2022-03-14 11:00:00,9,5,4
2022-03-14 12:00:00,7,0,7
2022-03-14 13:00:00,10,9,1
2022-03-14 14:00:00,10,3,7
2022-03-14 15:00:00,26,23,3
2022-03-14 16:00:00,43,36,7
2022-03-14 17:00:00,57,52,5
2022-03-14 18:00:00,34,31,3
2022-03-14 19:00:00,7,6,1
2022-03-14 20:00:00,1,1,0
2022-03-14 21:00:00,4,2,2
2022-03-14 22:00:00,2,2,0
2022-03-14 23:00:00,1,1,0
2022-03-15 00:00:00,3,2,1
2022-03-15 01:00:00,1,0,1
2022-03-15 02:00:00,1,1,0
2022-03-15 03:00:00,3,1,2
2022-03-15 04:00:00,8,1,7
2022-03-15 05:00:00,18,4,14
2022-03-15 06:00:00,36,3,33
2022-03-15 07:00:00,64,7,57
2022-03-15 08:00:00,63,6,57
2022-03-15 09:00:00,31,4,27
2022-03-15 10:00:00,13,2,11
2022-03-15 11:00:00,10,2,8
2022-03-15 12:00:00,19,8,11
2022-03-15 13:00:00,16,10,6
2022-03-15 14:00:00,28,20,8
2022-03-15 15:00:00,37,25,12
2022-03-15 16:00:00,49,40,9
2022-03-15 17:00:00,92,79,13
2022-03-15 18:00:00,46,36,10
2022-03-15 19:00:00,11,11,0
2022-03-15 20:00:00,7,7,0
2022-03-15 21:00:00,3,2,1
2022-03-15 22:00:00,4,3,1
2022-03-15 23:00:00,3,3,0
2022-03-16 00:00:00,1,1,0
2022-03-16 01:00:00,0,0,0
2022-03-16 02:00:00,3,3,0
2022-03-16 03:00:00,1,0,1
2022-03-16 04:00:00,5,1,4
2022-03-16 05:00:00,20,3,17
2022-03-16 06:00:00,42,4,38
2022-03-16 07:00:00,87,8,79
2022-03-16 08:00:00,68,2,66
2022-03-16 09:00:00,43,5,38
2022-03-16 10:00:00,23,7,16
2022-03-16 11:00:00,18,5,13
2022-03-16 12:00:00,16,8,8
2022-03-16 13:00:00,23,10,13
2022-03-16 14:00:00,39,20,19
2022-03-16 15:00:00,54,37,17
2022-03-16 16:00:00,95,71,24
2022-03-16 17:00:00,130,105,25
2022-03-16 18:00:00,80,61,19
2022-03-16 19:00:00,35,23,12
2022-03-16 20:00:00,18,13,5
2022-03-16 21:00:00,7,6,1
2022-03-16 22:00:00,4,3,1
2022-03-16 23:00:00,7,6,1
2022-03-17 00:00:00,2,2,0
2022-03-17 01:00:00,1,1,0
2022-03-17 02:00:00,1,1,0
2022-03-17 03:00:00,4,3,1
2022-03-17 04:00:00,6,2,4
2022-03-17 05:00:00,14,1,13
2022-03-17 06:00:00,37,3,34
2022-03-17 07:00:00,73,8,65
2022-03-17 08:00:00,72,5,67
2022-03-17 09:00:00,38,5,33
2022-03-17 10:00:00,14,1,13
2022-03-17 11:00:00,17,5,12
2022-03-17 12:00:00,14,4,10
2022-03-17 13:00:00,31,17,14
2022-03-17 14:00:00,32,18,14
2022-03-17 15:00:00,36,27,9
2022-03-17 16:00:00,64,59,5
2022-03-17 17:00:00,69,63,6
2022-03-17 18:00:00,56,52,4
2022-03-17 19:00:00,25,20,5
2022-03-17 20:00:00,14,10,4
2022-03-17 21:00:00,5,5,0
2022-03-17 22:00:00,2,0,2
2022-03-17 23:00:00,1,1,0
2022-03-18 00:00:00,1,1,0
2022-03-18 01:00:00,1,1,0
2022-03-18 02:00:00,3,2,1
2022-03-18 03:00:00,2,2,0
2022-03-18 04:00:00,8,1,7
2022-03-18 05:00:00,16,3,13
2022-03-18 06:00:00,33,3,30
2022-03-18 07:00:00,56,4,52
2022-03-18 08:00:00,73,5,68
2022-03-18 09:00:00,35,7,28
2022-03-18 10:00:00,21,4,17
2022-03-18 11:00:00,21,6,15
2022-03-18 12:00:00,10,7,3
2022-03-18 13:00:00,30,18,12
2022-03-18 14:00:00,32,20,12
2022-03-18 15:00:00,48,28,20
2022-03-18 16:00:00,77,62,15
2022-03-18 17:00:00,81,67,14
2022-03-18 18:00:00,48,39,9
2022-03-18 19:00:00,25,16,9
2022-03-18 20:00:00,6,6,0
2022-03-18 21:00:00,5,4,1
2022-03-18 22:00:00,2,2,0
2022-03-18 23:00:00,1,1,0
2022-03-19 00:00:00,2,2,0
2022-03-19 01:00:00,1,1,0
2022-03-19 02:00:00,0,0,0
2022-03-19 03:00:00,0,0,0
2022-03-19 04:00:00,3,1,2
2022-03-19 05:00:00,1,0,1
2022-03-19 06:00:00,3,1,2
2022-03-19 07:00:00,5,4,1
2022-03-19 08:00:00,7,2,5
2022-03-19 09:00:00,16,4,12
2022-03-19 10:00:00,17,6,11
2022-03-19 11:00:00,17,7,10
2022-03-19 12:00:00,40,19,21
2022-03-19 13:00:00,27,14,13
2022-03-19 14:00:00,22,13,9
2022-03-19 15:00:00,31,16,15
2022-03-19 16:00:00,13,9,4
2022-03-19 17:00:00,14,7,7
2022-03-19 18:00:00,8,6,2
2022-03-19 19:00:00,6,3,3
2022-03-19 20:00:00,6,4,2
2022-03-19 21:00:00,5,3,2
2022-03-19 22:00:00,7,3,4
2022-03-19 23:00:00,2,1,1
2022-03-20 00:00:00,1,0,1
2022-03-20 01:00:00,1,0,1
2022-03-20 02:00:00,1,1,0
2022-03-20 03:00:00,2,1,1
2022-03-20 04:00:00,1,0,1
2022-03-20 05:00:00,2,0,2
2022-03-20 06:00:00,3,0,3
2022-03-20 07:00:00,12,3,9
2022-03-20 08:00:00,13,5,8
2022-03-20 09:00:00,25,12,13
2022-03-20 10:00:00,35,15,20
2022-03-20 11:00:00,52,30,22
2022-03-20 12:00:00,43,29,14
2022-03-20 13:00:00,34,16,18
2022-03-20 14:00:00,18,10,8
2022-03-20 15:00:00,6,0,6
2022-03-20 16:00:00,10,10,0
2022-03-20 17:00:00,8,8,0
2022-03-20 18:00:00,7,5,2
2022-03-20 19:00:00,5,3,2
2022-03-20 20:00:00,1,0,1
2022-03-20 21:00:00,1,0,1
2022-03-20 22:00:00,0,0,0
2022-03-20 23:00:00,2,0,2
2022-03-21 00:00:00,1,1,0
2022-03-21 01:00:00,4,2,2
2022-03-21 02:00:00,2,2,0
2022-03-21 03:00:00,0,0,0
2022-03-21 04:00:00,5,0,5
2022-03-21 05:00:00,11,2,9
2022-03-21 06:00:00,23,5,18
2022-03-21 07:00:00,53,7,46
2022-03-21 08:00:00,39,3,36
2022-03-21 09:00:00,16,1,15
2022-03-21 10:00:00,10,2,8
2022-03-21 11:00:00,2,2,0
2022-03-21 12:00:00,7,1,6
2022-03-21 13:00:00,8,6,2
2022-03-21 14:00:00,18,13,5
2022-03-21 15:00:00,33,18,15
2022-03-21 16:00:00,43,36,7
2022-03-21 17:00:00,50,44,6
2022-03-21 18:00:00,35,30,5
2022-03-21 19:00:00,16,12,4
2022-03-21 20:00:00,4,2,2
2022-03-21 21:00:00,2,1,1
2022-03-21 22:00:00,1,1,0
2022-03-21 23:00:00,5,4,1
2022-03-22 00:00:00,0,0,0
2022-03-22 01:00:00,0,0,0
2022-03-22 02:00:00,0,0,0
2022-03-22 03:00:00,3,2,1
2022-03-22 04:00:00,10,1,9
2022-03-22 05:00:00,15,2,13
2022-03-22 06:00:00,46,8,38
2022-03-22 07:00:00,92,10,82
2022-03-22 08:00:00,88,7,81
2022-03-22 09:00:00,50,4,46
2022-03-22 10:00:00,23,7,16
2022-03-22 11:00:00,23,4,19
2022-03-22 12:00:00,19,9,10
2022-03-22 13:00:00,38,18,20
2022-03-22 14:00:00,41,26,15
2022-03-22 15:00:00,69,38,31
2022-03-22 16:00:00,113,95,18
2022-03-22 17:00:00,147,119,28
2022-03-22 18:00:00,88,69,19
2022-03-22 19:00:00,31,15,16
2022-03-22 20:00:00,20,9,11
2022-03-22 21:00:00,11,10,1
2022-03-22 22:00:00,8,3,5
2022-03-22 23:00:00,6,5,1
2022-03-23 00:00:00,3,2,1
2022-03-23 01:00:00,1,1,0
2022-03-23 02:00:00,1,1,0
2022-03-23 03:00:00,1,0,1
2022-03-23 04:00:00,8,0,8
2022-03-23 05:00:00,18,3,15
2022-03-23 06:00:00,44,9,35
2022-03-23 07:00:00,78,9,69
2022-03-23 08:00:00,67,4,63
2022-03-23 09:00:00,45,4,41
2022-03-23 10:00:00,18,3,15
2022-03-23 11:00:00,19,8,11
2022-03-23 12:00:00,21,8,13
2022-03-23 13:00:00,14,8,6
2022-03-23 14:00:00,30,18,12
2022-03-23 15:00:00,35,27,8
2022-03-23 16:00:00,89,74,15
2022-03-23 17:00:00,74,62,12
2022-03-23 18:00:00,38,33,5
2022-03-23 19:00:00,23,21,2
2022-03-23 20:00:00,11,10,1
2022-03-23 21:00:00,12,10,2
2022-03-23 22:00:00,3,3,0
2022-03-23 23:00:00,0,0,0
2022-03-24 00:00:00,1,1,0
2022-03-24 01:00:00,0,0,0
2022-03-24 02:00:00,1,1,0
2022-03-24 03:00:00,5,2,3
2022-03-24 04:00:00,8,1,7
2022-03-24 05:00:00,22,4,18
2022-03-24 06:00:00,44,6,38
2022-03-24 07:00:00,78,5,73
2022-03-24 08:00:00,76,9,67
2022-03-24 09:00:00,59,7,52
2022-03-24 10:00:00,35,6,29
2022-03-24 11:00:00,24,13,11
2022-03-24 12:00:00,29,16,13
2022-03-24 13:00:00,30,13,17
2022-03-24 14:00:00,41,23,18
2022-03-24 15:00:00,61,47,14
2022-03-24 16:00:00,112,85,27
2022-03-24 17:00:00,104,88,16
2022-03-24 18:00:00,79,60,19
2022-03-24 19:00:00,25,18,7
2022-03-24 20:00:00,17,13,4
2022-03-24 21:00:00,11,7,4
2022-03-24 22:00:00,4,3,1
2022-03-24 23:00:00,5,3,2
2022-03-25 00:00:00,3,3,0
2022-03-25 01:00:00,3,0,3
2022-03-25 02:00:00,4,3,1
2022-03-25 03:00:00,1,1,0
2022-03-25 04:00:00,7,0,7
2022-03-25 05:00:00,18,4,14
2022-03-25 06:00:00,42,5,37
2022-03-25 07:00:00,67,11,56
2022-03-25 08:00:00,59,4,55
2022-03-25 09:00:00,51,11,40
2022-03-25 10:00:00,44,14,30
2022-03-25 11:00:00,28,9,19
2022-03-25 12:00:00,31,19,12
2022-03-25 13:00:00,42,24,18
2022-03-25 14:00:00,57,29,28
2022-03-25 15:00:00,71,55,16
2022-03-25 16:00:00,79,52,27
2022-03-25 17:00:00,111,80,31
2022-03-25 18:00:00,62,48,14
2022-03-25 19:00:00,32,19,13
2022-03-25 20:00:00,13,12,1
2022-03-25 21:00:00,14,9,5
2022-03-25 22:00:00,9,8,1
2022-03-25 23:00:00,7,4,3
2022-03-26 00:00:00,3,3,0
2022-03-26 01:00:00,3,1,2
2022-03-26 02:00:00,1,0,1
2022-03-26 03:00:00,3,2,1
2022-03-26 04:00:00,2,0,2
2022-03-26 05:00:00,3,0,3
2022-03-26 06:00:00,5,1,4
2022-03-26 07:00:00,8,2,6
2022-03-26 08:00:00,25,8,17
2022-03-26 09:00:00,26,10,16
2022-03-26 10:00:00,33,17,16
2022-03-26 11:00:00,32,15,17
2022-03-26 12:00:00,35,17,18
2022-03-26 13:00:00,31,13,18
2022-03-26 14:00:00,44,23,21
2022-03-26 15:00:00,37,24,13
2022-03-26 16:00:00,22,14,8
2022-03-26 17:00:00,29,9,20
2022-03-26 18:00:00,22,20,2
2022-03-26 19:00:00,9,5,4
2022-03-26 20:00:00,7,3,4
2022-03-26 21:00:00,5,3,2
2022-03-26 22:00:00,13,11,2
2022-03-26 23:00:00,5,4,1
2022-03-27 00:00:00,7,6,1
2022-03-27 01:00:00,2,1,1
2022-03-27 02:00:00,3,1,2
2022-03-27 03:00:00,4,1,3
2022-03-27 04:00:00,2,0,2
2022-03-27 05:00:00,4,1,3
2022-03-27 06:00:00,9,5,4
2022-03-27 07:00:00,11,5,6
2022-03-27 08:00:00,22,7,15
2022-03-27 09:00:00,46,17,29
2022-03-27 10:00:00,34,15,19
2022-03-27 11:00:00,90,35,55
2022-03-27 12:00:00,77,31,46
2022-03-27 13:00:00,85,51,34
2022-03-27 14:00:00,81,47,34
2022-03-27 15:00:00,73,36,37
2022-03-27 16:00:00,62,39,23
2022-03-27 17:00:00,57,21,36
2022-03-27 18:00:00,28,15,13
2022-03-27 19:00:00,12,7,5
2022-03-27 20:00:00,7,6,1
2022-03-27 21:00:00,9,4,5
2022-03-27 22:00:00,2,1,1
2022-03-27 23:00:00,4,2,2
2022-03-28 00:00:00,6,5,1
2022-03-28 01:00:00,0,0,0
2022-03-28 02:00:00,3,2,1
2022-03-28 03:00:00,2,1,1
2022-03-28 04:00:00,11,2,9
2022-03-28 05:00:00,31,5,26
2022-03-28 06:00:00,41,6,35
2022-03-28 07:00:00,91,7,84
2022-03-28 08:00:00,83,5,78
2022-03-28 09:00:00,39,7,32
2022-03-28 10:00:00,35,9,26
2022-03-28 11:00:00,26,9,17
2022-03-28 12:00:00,18,9,9
2022-03-28 13:00:00,22,14,8
2022-03-28 14:00:00,28,20,8
2022-03-28 15:00:00,48,33,15
2022-03-28 16:00:00,95,84,11
2022-03-28 17:00:00,82,73,9
2022-03-28 18:00:00,59,50,9
2022-03-28 19:00:00,21,16,5
2022-03-28 20:00:00,7,4,3
2022-03-28 21:00:00,5,5,0
2022-03-28 22:00:00,7,5,2
2022-03-28 23:00:00,4,3,1
2022-03-29 00:00:00,3,3,0
2022-03-29 01:00:00,2,2,0
2022-03-29 02:00:00,2,1,1
2022-03-29 03:00:00,1,0,1
2022-03-29 04:00:00,5,0,5
2022-03-29 05:00:00,34,4,30
2022-03-29 06:00:00,53,7,46
2022-03-29 07:00:00,109,10,99
2022-03-29 08:00:00,120,10,110
2022-03-29 09:00:00,55,7,48
2022-03-29 10:00:00,31,11,20
2022-03-29 11:00:00,32,11,21
2022-03-29 12:00:00,33,12,21
2022-03-29 13:00:00,38,23,15
2022-03-29 14:00:00,39,25,14
2022-03-29 15:00:00,83,54,29
2022-03-29 16:00:00,123,103,20
2022-03-29 17:00:00,166,133,33
2022-03-29 18:00:00,89,71,18
2022-03-29 19:00:00,35,29,6
2022-03-29 20:00:00,14,11,3
2022-03-29 21:00:00,15,12,3
2022-03-29 22:00:00,11,5,6
2022-03-29 23:00:00,6,6,0
2022-03-30 00:00:00,2,2,0
2022-03-30 01:00:00,1,1,0
2022-03-30 02:00:00,1,0,1
2022-03-30 03:00:00,2,0,2
2022-03-30 04:00:00,9,1,8
2022-03-30 05:00:00,23,5,18
2022-03-30 06:00:00,50,4,46
2022-03-30 07:00:00,77,4,73
2022-03-30 08:00:00,67,5,62
2022-03-30 09:00:00,39,5,34
2022-03-30 10:00:00,25,6,19
2022-03-30 11:00:00,15,6,9
2022-03-30 12:00:00,19,11,8
2022-03-30 13:00:00,31,16,15
2022-03-30 14:00:00,23,12,11
2022-03-30 15:00:00,41,33,8
2022-03-30 16:00:00,78,61,17
2022-03-30 17:00:00,86,68,18
2022-03-30 18:00:00,42,35,7
2022-03-30 19:00:00,24,22,2
2022-03-30 20:00:00,16,15,1
2022-03-30 21:00:00,9,8,1
2022-03-30 22:00:00,3,2,1
2022-03-30 23:00:00,5,5,0
2022-03-31 00:00:00,1,1,0
2022-03-31 01:00:00,2,2,0
2022-03-31 02:00:00,2,0,2
2022-03-31 03:00:00,1,0,1
2022-03-31 04:00:00,6,0,6
2022-03-31 05:00:00,22,1,21
2022-03-31 06:00:00,54,7,47
2022-03-31 07:00:00,92,11,81
2022-03-31 08:00:00,81,6,75
2022-03-31 09:00:00,48,8,40
2022-03-31 10:00:00,24,7,17
2022-03-31 11:00:00,13,3,10
2022-03-31 12:00:00,0,0,0
2022-03-31 13:00:00,0,0,0
2022-03-31 14:00:00,0,0,0
2022-03-31 15:00:00,0,0,0
2022-03-31 16:00:00,0,0,0
2022-03-31 17:00:00,0,0,0
2022-03-31 18:00:00,0,0,0
2022-03-31 19:00:00,0,0,0
2022-03-31 20:00:00,0,0,0
2022-03-31 21:00:00,0,0,0
2022-03-31 22:00:00,0,0,0
2022-03-31 23:00:00,0,0,0
2022-04-01 00:00:00,2,2,0
2022-04-01 01:00:00,0,0,0
2022-04-01 02:00:00,4,2,2
2022-04-01 03:00:00,2,0,2
2022-04-01 04:00:00,8,1,7
2022-04-01 05:00:00,22,3,19
2022-04-01 06:00:00,38,4,34
2022-04-01 07:00:00,70,9,61
2022-04-01 08:00:00,76,4,72
2022-04-01 09:00:00,37,5,32
2022-04-01 10:00:00,36,14,22
2022-04-01 11:00:00,23,7,16
2022-04-01 12:00:00,37,19,18
2022-04-01 13:00:00,37,20,17
2022-04-01 14:00:00,44,26,18
2022-04-01 15:00:00,63,40,23
2022-04-01 16:00:00,67,51,16
2022-04-01 17:00:00,96,81,15
2022-04-01 18:00:00,54,46,8
2022-04-01 19:00:00,27,23,4
2022-04-01 20:00:00,14,12,2
2022-04-01 21:00:00,5,4,1
2022-04-01 22:00:00,4,3,1
2022-04-01 23:00:00,8,8,0
2022-04-02 00:00:00,2,1,1
2022-04-02 01:00:00,2,1,1
2022-04-02 02:00:00,0,0,0
2022-04-02 03:00:00,3,1,2
2022-04-02 04:00:00,1,0,1
2022-04-02 05:00:00,2,1,1
2022-04-02 06:00:00,5,1,4
2022-04-02 07:00:00,16,8,8
2022-04-02 08:00:00,29,9,20
2022-04-02 09:00:00,27,13,14
2022-04-02 10:00:00,57,19,38
2022-04-02 11:00:00,85,38,47
2022-04-02 12:00:00,80,38,42
2022-04-02 13:00:00,78,28,50
2022-04-02 14:00:00,66,34,32
2022-04-02 15:00:00,64,37,27
2022-04-02 16:00:00,70,46,24
2022-04-02 17:00:00,44,26,18
2022-04-02 18:00:00,47,20,27
2022-04-02 19:00:00,29,20,9
2022-04-02 20:00:00,10,5,5
2022-04-02 21:00:00,7,6,1
2022-04-02 22:00:00,6,5,1
2022-04-02 23:00:00,2,1,1
2022-04-03 00:00:00,1,0,1
2022-04-03 01:00:00,9,5,4
2022-04-03 02:00:00,2,2,0
2022-04-03 03:00:00,0,0,0
2022-04-03 04:00:00,3,0,3
2022-04-03 05:00:00,4,0,4
2022-04-03 06:00:00,5,2,3
2022-04-03 07:00:00,10,4,6
2022-04-03 08:00:00,17,2,15
2022-04-03 09:00:00,26,12,14
2022-04-03 10:00:00,23,11,12
2022-04-03 11:00:00,32,14,18
2022-04-03 12:00:00,16,7,9
2022-04-03 13:00:00,19,14,5
2022-04-03 14:00:00,16,8,8
2022-04-03 15:00:00,9,6,3
2022-04-03 16:00:00,5,4,1
2022-04-03 17:00:00,4,4,0
2022-04-03 18:00:00,9,7,2
2022-04-03 19:00:00,5,2,3
2022-04-03 20:00:00,2,0,2
2022-04-03 21:00:00,0,0,0
2022-04-03 22:00:00,1,1,0
2022-04-03 23:00:00,2,2,0
2022-04-04 00:00:00,1,1,0
2022-04-04 01:00:00,1,1,0
2022-04-04 02:00:00,1,0,1
2022-04-04 03:00:00,0,0,0
2022-04-04 04:00:00,4,0,4
2022-04-04 05:00:00,8,1,7
2022-04-04 06:00:00,25,1,24
2022-04-04 07:00:00,54,4,50
2022-04-04 08:00:00,51,3,48
2022-04-04 09:00:00,27,7,20
2022-04-04 10:00:00,9,2,7
2022-04-04 11:00:00,4,2,2
2022-04-04 12:00:00,10,3,7
2022-04-04 13:00:00,7,6,1
2022-04-04 14:00:00,13,8,5
2022-04-04 15:00:00,25,20,5
2022-04-04 16:00:00,36,31,5
2022-04-04 17:00:00,49,43,6
2022-04-04 18:00:00,31,28,3
2022-04-04 19:00:00,19,11,8
2022-04-04 20:00:00,7,6,1
2022-04-04 21:00:00,3,2,1
2022-04-04 22:00:00,4,3,1
2022-04-04 23:00:00,1,0,1
2022-04-05 00:00:00,0,0,0
2022-04-05 01:00:00,2,0,2
2022-04-05 02:00:00,1,0,1
2022-04-05 03:00:00,0,0,0
2022-04-05 04:00:00,4,0,4
2022-04-05 05:00:00,26,4,22
2022-04-05 06:00:00,49,5,44
2022-04-05 07:00:00,86,3,83
2022-04-05 08:00:00,89,7,82
2022-04-05 09:00:00,39,5,34
2022-04-05 10:00:00,34,16,18
2022-04-05 11:00:00,20,4,16
2022-04-05 12:00:00,25,14,11
2022-04-05 13:00:00,23,12,11
2022-04-05 14:00:00,52,25,27
2022-04-05 15:00:00,42,33,9
2022-04-05 16:00:00,100,83,17
2022-04-05 17:00:00,102,88,14
2022-04-05 18:00:00,87,76,11
2022-04-05 19:00:00,31,24,7
2022-04-05 20:00:00,22,14,8
2022-04-05 21:00:00,12,3,9
2022-04-05 22:00:00,7,5,2
2022-04-05 23:00:00,7,5,2
2022-04-06 00:00:00,2,1,1
2022-04-06 01:00:00,2,1,1
2022-04-06 02:00:00,1,1,0
2022-04-06 03:00:00,1,0,1
2022-04-06 04:00:00,7,2,5
2022-04-06 05:00:00,21,3,18
2022-04-06 06:00:00,49,5,44
2022-04-06 07:00:00,98,6,92
2022-04-06 08:00:00,108,6,102
2022-04-06 09:00:00,58,9,49
2022-04-06 10:00:00,29,7,22
2022-04-06 11:00:00,25,12,13
2022-04-06 12:00:00,30,14,16
2022-04-06 13:00:00,39,21,18
2022-04-06 14:00:00,44,26,18
2022-04-06 15:00:00,71,57,14
2022-04-06 16:00:00,109,86,23
2022-04-06 17:00:00,133,104,29
2022-04-06 18:00:00,86,68,18
2022-04-06 19:00:00,46,29,17
2022-04-06 20:00:00,21,15,6
2022-04-06 21:00:00,18,16,2
2022-04-06 22:00:00,6,4,2
2022-04-06 23:00:00,8,6,2
2022-04-07 00:00:00,2,2,0
2022-04-07 01:00:00,0,0,0
2022-04-07 02:00:00,2,1,1
2022-04-07 03:00:00,1,0,1
2022-04-07 04:00:00,5,0,5
2022-04-07 05:00:00,29,2,27
2022-04-07 06:00:00,49,2,47
2022-04-07 07:00:00,113,12,101
2022-04-07 08:00:00,117,8,109
2022-04-07 09:00:00,62,7,55
2022-04-07 10:00:00,51,10,41
2022-04-07 11:00:00,42,19,23
2022-04-07 12:00:00,44,17,27
2022-04-07 13:00:00,50,30,20
2022-04-07 14:00:00,50,33,17
2022-04-07 15:00:00,95,66,29
2022-04-07 16:00:00,161,122,39
2022-04-07 17:00:00,168,138,30
2022-04-07 18:00:00,129,87,42
2022-04-07 19:00:00,89,64,25
2022-04-07 20:00:00,43,28,15
2022-04-07 21:00:00,20,15,5
2022-04-07 22:00:00,28,7,21
2022-04-07 23:00:00,8,5,3
2022-04-08 00:00:00,3,2,1
2022-04-08 01:00:00,0,0,0
2022-04-08 02:00:00,2,1,1
2022-04-08 03:00:00,2,0,2
2022-04-08 04:00:00,5,0,5
2022-04-08 05:00:00,17,2,15
2022-04-08 06:00:00,40,3,37
2022-04-08 07:00:00,48,5,43
2022-04-08 08:00:00,61,4,57
2022-04-08 09:00:00,33,5,28
2022-04-08 10:00:00,17,4,13
2022-04-08 11:00:00,30,12,18
2022-04-08 12:00:00,26,16,10
2022-04-08 13:00:00,21,9,12
2022-04-08 14:00:00,25,11,14
2022-04-08 15:00:00,46,34,12
2022-04-08 16:00:00,63,59,4
2022-04-08 17:00:00,69,59,10
2022-04-08 18:00:00,33,25,8
2022-04-08 19:00:00,19,14,5
2022-04-08 20:00:00,11,5,6
2022-04-08 21:00:00,8,5,3
2022-04-08 22:00:00,3,3,0
2022-04-08 23:00:00,5,3,2
2022-04-09 00:00:00,4,4,0
2022-04-09 01:00:00,1,1,0
2022-04-09 02:00:00,1,0,1
2022-04-09 03:00:00,0,0,0
2022-04-09 04:00:00,4,0,4
2022-04-09 05:00:00,1,0,1
2022-04-09 06:00:00,6,0,6
2022-04-09 07:00:00,13,2,11
2022-04-09 08:00:00,32,13,19
2022-04-09 09:00:00,28,9,19
2022-04-09 10:00:00,48,24,24
2022-04-09 11:00:00,46,24,22
2022-04-09 12:00:00,41,22,19
2022-04-09 13:00:00,25,13,12
2022-04-09 14:00:00,21,15,6
2022-04-09 15:00:00,18,7,11
2022-04-09 16:00:00,10,4,6
2022-04-09 17:00:00,18,14,4
2022-04-09 18:00:00,10,6,4
2022-04-09 19:00:00,9,5,4
2022-04-09 20:00:00,7,4,3
2022-04-09 21:00:00,5,3,2
2022-04-09 22:00:00,3,2,1
2022-04-09 23:00:00,2,1,1
2022-04-10 00:00:00,1,0,1
2022-04-10 01:00:00,0,0,0
2022-04-10 02:00:00,1,0,1
2022-04-10 03:00:00,0,0,0
2022-04-10 04:00:00,1,0,1
2022-04-10 05:00:00,0,0,0
2022-04-10 06:00:00,4,0,4
2022-04-10 07:00:00,6,1,5
2022-04-10 08:00:00,7,0,7
2022-04-10 09:00:00,10,5,5
2022-04-10 10:00:00,12,1,11
2022-04-10 11:00:00,22,11,11
2022-04-10 12:00:00,12,6,6
2022-04-10 13:00:00,23,18,5
2022-04-10 14:00:00,37,23,14
2022-04-10 15:00:00,17,8,9
2022-04-10 16:00:00,18,13,5
2022-04-10 17:00:00,11,7,4
2022-04-10 18:00:00,11,6,5
2022-04-10 19:00:00,5,3,2
2022-04-10 20:00:00,4,1,3
2022-04-10 21:00:00,0,0,0
2022-04-10 22:00:00,1,0,1
2022-04-10 23:00:00,1,1,0
2022-04-11 00:00:00,2,0,2
2022-04-11 01:00:00,0,0,0
2022-04-11 02:00:00,1,1,0
2022-04-11 03:00:00,1,0,1
2022-04-11 04:00:00,6,0,6
2022-04-11 05:00:00,15,4,11
2022-04-11 06:00:00,33,2,31
2022-04-11 07:00:00,60,2,58
2022-04-11 08:00:00,46,2,44
2022-04-11 09:00:00,35,7,28
2022-04-11 10:00:00,22,13,9
2022-04-11 11:00:00,7,2,5
2022-04-11 12:00:00,10,5,5
2022-04-11 13:00:00,20,8,12
2022-04-11 14:00:00,21,16,5
2022-04-11 15:00:00,36,22,14
2022-04-11 16:00:00,51,38,13
2022-04-11 17:00:00,79,70,9
2022-04-11 18:00:00,52,40,12
2022-04-11 19:00:00,23,19,4
2022-04-11 20:00:00,5,3,2
2022-04-11 21:00:00,6,5,1
2022-04-11 22:00:00,6,5,1
2022-04-11 23:00:00,4,2,2
2022-04-12 00:00:00,3,3,0
2022-04-12 01:00:00,5,3,2
2022-04-12 02:00:00,1,0,1
2022-04-12 03:00:00,2,1,1
2022-04-12 04:00:00,6,1,5
2022-04-12 05:00:00,20,5,15
2022-04-12 06:00:00,41,4,37
2022-04-12 07:00:00,62,4,58
2022-04-12 08:00:00,60,3,57
2022-04-12 09:00:00,34,4,30
2022-04-12 10:00:00,18,9,9
2022-04-12 11:00:00,14,2,12
2022-04-12 12:00:00,20,6,14
2022-04-12 13:00:00,20,13,7
2022-04-12 14:00:00,25,15,10
2022-04-12 15:00:00,28,23,5
2022-04-12 16:00:00,55,46,9
2022-04-12 17:00:00,76,69,7
2022-04-12 18:00:00,51,46,5
2022-04-12 19:00:00,20,18,2
2022-04-12 20:00:00,9,5,4
2022-04-12 21:00:00,7,5,2
2022-04-12 22:00:00,4,2,2
2022-04-12 23:00:00,1,1,0
2022-04-13 00:00:00,2,2,0
2022-04-13 01:00:00,0,0,0
2022-04-13 02:00:00,2,1,1
2022-04-13 03:00:00,0,0,0
2022-04-13 04:00:00,4,0,4
2022-04-13 05:00:00,19,5,14
2022-04-13 06:00:00,31,2,29
2022-04-13 07:00:00,67,2,65
2022-04-13 08:00:00,70,6,64
2022-04-13 09:00:00,33,6,27
2022-04-13 10:00:00,26,6,20
2022-04-13 11:00:00,10,5,5
2022-04-13 12:00:00,10,7,3
2022-04-13 13:00:00,22,11,11
2022-04-13 14:00:00,34,17,17
2022-04-13 15:00:00,35,27,8
2022-04-13 16:00:00,67,53,14
2022-04-13 17:00:00,75,69,6
2022-04-13 18:00:00,42,35,7
2022-04-13 19:00:00,30,25,5
2022-04-13 20:00:00,13,10,3
2022-04-13 21:00:00,5,3,2
2022-04-13 22:00:00,2,0,2
2022-04-13 23:00:00,7,2,5
2022-04-14 00:00:00,3,3,0
2022-04-14 01:00:00,0,0,0
2022-04-14 02:00:00,1,0,1
2022-04-14 03:00:00,0,0,0
2022-04-14 04:00:00,3,1,2
2022-04-14 05:00:00,17,5,12
2022-04-14 06:00:00,30,3,27
2022-04-14 07:00:00,62,1,61
2022-04-14 08:00:00,62,1,61
2022-04-14 09:00:00,32,5,27
2022-04-14 10:00:00,11,3,8
2022-04-14 11:00:00,15,4,11
2022-04-14 12:00:00,13,8,5
2022-04-14 13:00:00,20,10,10
2022-04-14 14:00:00,21,7,14
2022-04-14 15:00:00,43,33,10
2022-04-14 16:00:00,64,52,12
2022-04-14 17:00:00,81,65,16
2022-04-14 18:00:00,46,35,11
2022-04-14 19:00:00,26,20,6
2022-04-14 20:00:00,13,8,5
2022-04-14 21:00:00,13,8,5
2022-04-14 22:00:00,4,4,0
2022-04-14 23:00:00,2,2,0
2022-04-15 00:00:00,2,2,0
2022-04-15 01:00:00,0,0,0
2022-04-15 02:00:00,2,0,2
2022-04-15 03:00:00,1,0,1
2022-04-15 04:00:00,8,2,6
2022-04-15 05:00:00,18,6,12
2022-04-15 06:00:00,34,7,27
2022-04-15 07:00:00,36,4,32
2022-04-15 08:00:00,52,6,46
2022-04-15 09:00:00,28,7,21
2022-04-15 10:00:00,27,6,21
2022-04-15 11:00:00,33,13,20
2022-04-15 12:00:00,29,13,16
2022-04-15 13:00:00,24,14,10
2022-04-15 14:00:00,37,17,20
2022-04-15 15:00:00,43,25,18
2022-04-15 16:00:00,67,48,19
2022-04-15 17:00:00,75,47,28
2022-04-15 18:00:00,57,42,15
2022-04-15 19:00:00,22,11,11
2022-04-15 20:00:00,18,9,9
2022-04-15 21:00:00,17,14,3
2022-04-15 22:00:00,27,24,3
2022-04-15 23:00:00,9,5,4
2022-04-16 00:00:00,5,4,1
2022-04-16 01:00:00,1,1,0
2022-04-16 02:00:00,1,0,1
2022-04-16 03:00:00,1,1,0
2022-04-16 04:00:00,2,0,2
2022-04-16 05:00:00,3,1,2
2022-04-16 06:00:00,7,2,5
2022-04-16 07:00:00,11,1,10
2022-04-16 08:00:00,37,13,24
2022-04-16 09:00:00,37,18,19
2022-04-16 10:00:00,49,18,31
2022-04-16 11:00:00,42,20,22
2022-04-16 12:00:00,32,20,12
2022-04-16 13:00:00,42,20,22
2022-04-16 14:00:00,32,19,13
2022-04-16 15:00:00,16,11,5
2022-04-16 16:00:00,16,12,4
2022-04-16 17:00:00,16,10,6
2022-04-16 18:00:00,6,4,2
2022-04-16 19:00:00,3,2,1
2022-04-16 20:00:00,6,3,3
2022-04-16 21:00:00,16,13,3
2022-04-16 22:00:00,10,9,1
2022-04-16 23:00:00,3,2,1
2022-04-17 00:00:00,0,0,0
2022-04-17 01:00:00,0,0,0
2022-04-17 02:00:00,1,0,1
2022-04-17 03:00:00,1,1,0
2022-04-17 04:00:00,4,1,3
2022-04-17 05:00:00,2,0,2
2022-04-17 06:00:00,1,0,1
2022-04-17 07:00:00,8,2,6
2022-04-17 08:00:00,15,6,9
2022-04-17 09:00:00,36,5,31
2022-04-17 10:00:00,34,16,18
2022-04-17 11:00:00,56,27,29
2022-04-17 12:00:00,94,46,48
2022-04-17 13:00:00,55,23,32
2022-04-17 14:00:00,79,35,44
2022-04-17 15:00:00,111,56,55
2022-04-17 16:00:00,50,35,15
2022-04-17 17:00:00,45,24,21
2022-04-17 18:00:00,44,32,12
2022-04-17 19:00:00,15,11,4
2022-04-17 20:00:00,8,5,3
2022-04-17 21:00:00,4,2,2
2022-04-17 22:00:00,0,0,0
2022-04-17 23:00:00,4,0,4
2022-04-18 00:00:00,3,0,3
2022-04-18 01:00:00,3,3,0
2022-04-18 02:00:00,1,0,1
2022-04-18 03:00:00,1,0,1
2022-04-18 04:00:00,6,1,5
2022-04-18 05:00:00,23,5,18
2022-04-18 06:00:00,37,2,35
2022-04-18 07:00:00,55,5,50
2022-04-18 08:00:00,45,0,45
2022-04-18 09:00:00,35,11,24
2022-04-18 10:00:00,18,5,13
2022-04-18 11:00:00,10,0,10
2022-04-18 12:00:00,11,6,5
2022-04-18 13:00:00,7,5,2
2022-04-18 14:00:00,19,15,4
2022-04-18 15:00:00,23,18,5
2022-04-18 16:00:00,45,41,4
2022-04-18 17:00:00,65,58,7
2022-04-18 18:00:00,29,27,2
2022-04-18 19:00:00,16,14,2
2022-04-18 20:00:00,9,8,1
2022-04-18 21:00:00,2,1,1
2022-04-18 22:00:00,4,3,1
2022-04-18 23:00:00,0,0,0
2022-04-19 00:00:00,1,1,0
2022-04-19 01:00:00,1,0,1
2022-04-19 02:00:00,1,1,0
2022-04-19 03:00:00,1,0,1
2022-04-19 04:00:00,5,1,4
2022-04-19 05:00:00,28,5,23
2022-04-19 06:00:00,41,4,37
2022-04-19 07:00:00,77,10,67
2022-04-19 08:00:00,72,3,69
2022-04-19 09:00:00,44,9,35
2022-04-19 10:00:00,25,6,19
2022-04-19 11:00:00,23,7,16
2022-04-19 12:00:00,23,16,7
2022-04-19 13:00:00,29,10,19
2022-04-19 14:00:00,38,25,13
2022-04-19 15:00:00,41,31,10
2022-04-19 16:00:00,86,72,14
2022-04-19 17:00:00,106,82,24
2022-04-19 18:00:00,59,45,14
2022-04-19 19:00:00,52,35,17
2022-04-19 20:00:00,19,13,6
2022-04-19 21:00:00,14,9,5
2022-04-19 22:00:00,9,5,4
2022-04-19 23:00:00,3,2,1
2022-04-20 00:00:00,8,4,4
2022-04-20 01:00:00,0,0,0
2022-04-20 02:00:00,1,1,0
2022-04-20 03:00:00,4,3,1
2022-04-20 04:00:00,4,1,3
2022-04-20 05:00:00,31,7,24
2022-04-20 06:00:00,40,5,35
2022-04-20 07:00:00,80,4,76
2022-04-20 08:00:00,82,8,74
2022-04-20 09:00:00,46,6,40
2022-04-20 10:00:00,20,9,11
2022-04-20 11:00:00,15,5,10
2022-04-20 12:00:00,15,8,7
2022-04-20 13:00:00,19,10,9
2022-04-20 14:00:00,33,24,9
2022-04-20 15:00:00,41,27,14
2022-04-20 16:00:00,47,40,7
2022-04-20 17:00:00,91,80,11
2022-04-20 18:00:00,52,41,11
2022-04-20 19:00:00,29,24,5
2022-04-20 20:00:00,13,12,1
2022-04-20 21:00:00,7,7,0
2022-04-20 22:00:00,16,14,2
2022-04-20 23:00:00,9,5,4
2022-04-21 00:00:00,3,2,1
2022-04-21 01:00:00,3,2,1
2022-04-21 02:00:00,3,1,2
2022-04-21 03:00:00,0,0,0
2022-04-21 04:00:00,2,0,2
2022-04-21 05:00:00,16,5,11
2022-04-21 06:00:00,36,2,34
2022-04-21 07:00:00,72,6,66
2022-04-21 08:00:00,65,1,64
2022-04-21 09:00:00,28,3,25
2022-04-21 10:00:00,20,2,18
2022-04-21 11:00:00,25,8,17
2022-04-21 12:00:00,12,6,6
2022-04-21 13:00:00,12,6,6
2022-04-21 14:00:00,27,15,12
2022-04-21 15:00:00,51,28,23
2022-04-21 16:00:00,69,51,18
2022-04-21 17:00:00,94,83,11
2022-04-21 18:00:00,44,37,7
2022-04-21 19:00:00,30,29,1
2022-04-21 20:00:00,15,10,5
2022-04-21 21:00:00,3,3,0
2022-04-21 22:00:00,14,14,0
2022-04-21 23:00:00,1,1,0
2022-04-22 00:00:00,4,3,1
2022-04-22 01:00:00,1,1,0
2022-04-22 02:00:00,0,0,0
2022-04-22 03:00:00,3,1,2
2022-04-22 04:00:00,2,0,2
2022-04-22 05:00:00,27,7,20
2022-04-22 06:00:00,38,1,37
2022-04-22 07:00:00,62,9,53
2022-04-22 08:00:00,56,7,49
2022-04-22 09:00:00,40,7,33
2022-04-22 10:00:00,33,5,28
2022-04-22 11:00:00,33,13,20
2022-04-22 12:00:00,31,14,17
2022-04-22 13:00:00,36,22,14
2022-04-22 14:00:00,59,34,25
2022-04-22 15:00:00,74,48,26
2022-04-22 16:00:00,110,78,32
2022-04-22 17:00:00,81,53,28
2022-04-22 18:00:00,72,53,19
2022-04-22 19:00:00,32,23,9
2022-04-22 20:00:00,23,12,11
2022-04-22 21:00:00,17,16,1
2022-04-22 22:00:00,13,12,1
2022-04-22 23:00:00,7,4,3
2022-04-23 00:00:00,2,1,1
2022-04-23 01:00:00,3,2,1
2022-04-23 02:00:00,3,2,1
2022-04-23 03:00:00,0,0,0
2022-04-23 04:00:00,2,0,2
2022-04-23 05:00:00,1,1,0
2022-04-23 06:00:00,12,4,8
2022-04-23 07:00:00,20,5,15
2022-04-23 08:00:00,37,15,22
2022-04-23 09:00:00,24,7,17
2022-04-23 10:00:00,36,17,19
2022-04-23 11:00:00,47,22,25
2022-04-23 12:00:00,66,28,38
2022-04-23 13:00:00,86,34,52
2022-04-23 14:00:00,76,48,28
2022-04-23 15:00:00,73,42,31
2022-04-23 16:00:00,72,36,36
2022-04-23 17:00:00,68,31,37
2022-04-23 18:00:00,33,15,18
2022-04-23 19:00:00,28,18,10
2022-04-23 20:00:00,18,9,9
2022-04-23 21:00:00,7,7,0
2022-04-23 22:00:00,12,10,2
2022-04-23 23:00:00,7,7,0
2022-04-24 00:00:00,2,0,2
2022-04-24 01:00:00,3,2,1
2022-04-24 02:00:00,4,2,2
2022-04-24 03:00:00,1,0,1
2022-04-24 04:00:00,1,0,1
2022-04-24 05:00:00,0,0,0
2022-04-24 06:00:00,9,3,6
2022-04-24 07:00:00,25,11,14
2022-04-24 08:00:00,31,17,14
2022-04-24 09:00:00,60,28,32
2022-04-24 10:00:00,61,26,35
2022-04-24 11:00:00,104,59,45
2022-04-24 12:00:00,113,55,58
2022-04-24 13:00:00,125,36,89
2022-04-24 14:00:00,96,52,44
2022-04-24 15:00:00,99,57,42
2022-04-24 16:00:00,80,34,46
2022-04-24 17:00:00,67,39,28
2022-04-24 18:00:00,47,24,23
2022-04-24 19:00:00,28,14,14
2022-04-24 20:00:00,13,6,7
2022-04-24 21:00:00,6,4,2
2022-04-24 22:00:00,3,3,0
2022-04-24 23:00:00,3,0,3
2022-04-25 00:00:00,2,2,0
2022-04-25 01:00:00,1,0,1
2022-04-25 02:00:00,2,0,2
2022-04-25 03:00:00,4,2,2
2022-04-25 04:00:00,2,1,1
2022-04-25 05:00:00,25,6,19
2022-04-25 06:00:00,39,2,37
2022-04-25 07:00:00,57,2,55
2022-04-25 08:00:00,51,5,46
2022-04-25 09:00:00,35,8,27
2022-04-25 10:00:00,30,7,23
2022-04-25 11:00:00,13,3,10
2022-04-25 12:00:00,23,9,14
2022-04-25 13:00:00,10,5,5
2022-04-25 14:00:00,20,8,12
2022-04-25 15:00:00,47,34,13
2022-04-25 16:00:00,57,46,11
2022-04-25 17:00:00,83,74,9
2022-04-25 18:00:00,38,33,5
2022-04-25 19:00:00,30,23,7
2022-04-25 20:00:00,15,13,2
2022-04-25 21:00:00,9,5,4
2022-04-25 22:00:00,5,5,0
2022-04-25 23:00:00,1,1,0
2022-04-26 00:00:00,3,3,0
2022-04-26 01:00:00,2,1,1
2022-04-26 02:00:00,2,0,2
2022-04-26 03:00:00,3,2,1
2022-04-26 04:00:00,8,1,7
2022-04-26 05:00:00,27,5,22
2022-04-26 06:00:00,53,3,50
2022-04-26 07:00:00,99,9,90
2022-04-26 08:00:00,99,10,89
2022-04-26 09:00:00,46,4,42
2022-04-26 10:00:00,28,8,20
2022-04-26 11:00:00,26,8,18
2022-04-26 12:00:00,10,5,5
2022-04-26 13:00:00,23,10,13
2022-04-26 14:00:00,23,15,8
2022-04-26 15:00:00,47,36,11
2022-04-26 16:00:00,89,72,17
2022-04-26 17:00:00,118,104,14
2022-04-26 18:00:00,74,65,9
2022-04-26 19:00:00,34,24,10
2022-04-26 20:00:00,17,16,1
2022-04-26 21:00:00,11,9,2
2022-04-26 22:00:00,10,6,4
2022-04-26 23:00:00,10,3,7
2022-04-27 00:00:00,2,2,0
2022-04-27 01:00:00,0,0,0
2022-04-27 02:00:00,0,0,0
2022-04-27 03:00:00,2,0,2
2022-04-27 04:00:00,7,1,6
2022-04-27 05:00:00,24,5,19
2022-04-27 06:00:00,65,5,60
2022-04-27 07:00:00,103,5,98
2022-04-27 08:00:00,106,11,95
2022-04-27 09:00:00,48,2,46
2022-04-27 10:00:00,34,10,24
2022-04-27 11:00:00,24,11,13
2022-04-27 12:00:00,34,18,16
2022-04-27 13:00:00,30,19,11
2022-04-27 14:00:00,52,35,17
2022-04-27 15:00:00,60,45,15
2022-04-27 16:00:00,118,92,26
2022-04-27 17:00:00,125,106,19
2022-04-27 18:00:00,77,69,8
2022-04-27 19:00:00,44,25,19
2022-04-27 20:00:00,23,16,7
2022-04-27 21:00:00,3,3,0
2022-04-27 22:00:00,11,9,2
2022-04-27 23:00:00,4,3,1
2022-04-28 00:00:00,5,5,0
2022-04-28 01:00:00,0,0,0
2022-04-28 02:00:00,2,1,1
2022-04-28 03:00:00,2,0,2
2022-04-28 04:00:00,4,1,3
2022-04-28 05:00:00,23,6,17
2022-04-28 06:00:00,48,2,46
2022-04-28 07:00:00,66,3,63
2022-04-28 08:00:00,95,5,90
2022-04-28 09:00:00,51,6,45
2022-04-28 10:00:00,33,9,24
2022-04-28 11:00:00,31,10,21
2022-04-28 12:00:00,22,9,13
2022-04-28 13:00:00,17,10,7
2022-04-28 14:00:00,34,17,17
2022-04-28 15:00:00,60,43,17
2022-04-28 16:00:00,89,66,23
2022-04-28 17:00:00,112,95,17
2022-04-28 18:00:00,80,67,13
2022-04-28 19:00:00,35,25,10
2022-04-28 20:00:00,21,16,5
2022-04-28 21:00:00,9,4,5
2022-04-28 22:00:00,11,8,3
2022-04-28 23:00:00,0,0,0
2022-04-29 00:00:00,2,1,1
2022-04-29 01:00:00,2,0,2
2022-04-29 02:00:00,1,1,0
2022-04-29 03:00:00,0,0,0
2022-04-29 04:00:00,5,0,5
2022-04-29 05:00:00,29,5,24
2022-04-29 06:00:00,39,2,37
2022-04-29 07:00:00,59,7,52
2022-04-29 08:00:00,62,9,53
2022-04-29 09:00:00,38,6,32
2022-04-29 10:00:00,31,9,22
2022-04-29 11:00:00,25,8,17
2022-04-29 12:00:00,43,23,20
2022-04-29 13:00:00,27,16,11
2022-04-29 14:00:00,51,33,18
2022-04-29 15:00:00,75,42,33
2022-04-29 16:00:00,89,64,25
2022-04-29 17:00:00,87,72,15
2022-04-29 18:00:00,70,51,19
2022-04-29 19:00:00,39,27,12
2022-04-29 20:00:00,18,11,7
2022-04-29 21:00:00,13,11,2
2022-04-29 22:00:00,15,9,6
2022-04-29 23:00:00,9,7,2
2022-04-30 00:00:00,1,1,0
2022-04-30 01:00:00,2,1,1
2022-04-30 02:00:00,1,0,1
2022-04-30 03:00:00,2,1,1
2022-04-30 04:00:00,3,1,2
2022-04-30 05:00:00,4,0,4
2022-04-30 06:00:00,5,1,4
2022-04-30 07:00:00,4,1,3
2022-04-30 08:00:00,13,4,9
2022-04-30 09:00:00,16,3,13
2022-04-30 10:00:00,19,0,19
2022-04-30 11:00:00,18,6,12
2022-04-30 12:00:00,30,17,13
2022-04-30 13:00:00,56,34,22
2022-04-30 14:00:00,61,27,34
2022-04-30 15:00:00,72,43,29
2022-04-30 16:00:00,67,42,25
2022-04-30 17:00:00,56,27,29
2022-04-30 18:00:00,46,28,18
2022-04-30 19:00:00,28,16,12
2022-04-30 20:00:00,21,16,5
2022-04-30 21:00:00,22,12,10
2022-04-30 22:00:00,7,4,3
2022-04-30 23:00:00,8,3,5
2022-05-01 00:00:00,0,0,0
2022-05-01 00:15:00,0,0,0
2022-05-01 00:30:00,0,0,0
2022-05-01 00:45:00,0,0,0
2022-05-01 01:00:00,1,1,0
2022-05-01 01:15:00,2,0,2
2022-05-01 01:30:00,0,0,0
2022-05-01 01:45:00,0,0,0
2022-05-01 02:00:00,0,0,0
2022-05-01 02:15:00,2,2,0
2022-05-01 02:30:00,3,1,2
2022-05-01 02:45:00,0,0,0
2022-05-01 03:00:00,0,0,0
2022-05-01 03:15:00,0,0,0
2022-05-01 03:30:00,1,1,0
2022-05-01 03:45:00,0,0,0
2022-05-01 04:00:00,0,0,0
2022-05-01 04:15:00,2,2,0
2022-05-01 04:30:00,0,0,0
2022-05-01 04:45:00,1,1,0
2022-05-01 05:00:00,1,1,0
2022-05-01 05:15:00,0,0,0
2022-05-01 05:30:00,0,0,0
2022-05-01 05:45:00,0,0,0
2022-05-01 06:00:00,4,2,2
2022-05-01 06:15:00,1,1,0
2022-05-01 06:30:00,1,1,0
2022-05-01 06:45:00,3,3,0
2022-05-01 07:00:00,4,3,1
2022-05-01 07:15:00,3,3,0
2022-05-01 07:30:00,6,5,1
2022-05-01 07:45:00,8,8,0
2022-05-01 08:00:00,3,3,0
2022-05-01 08:15:00,13,13,0
2022-05-01 08:30:00,10,4,6
2022-05-01 08:45:00,6,3,3
2022-05-01 09:00:00,20,11,9
2022-05-01 09:15:00,10,3,7
2022-05-01 09:30:00,11,9,2
2022-05-01 09:45:00,7,5,2
2022-05-01 10:00:00,5,4,1
2022-05-01 10:15:00,17,9,8
2022-05-01 10:30:00,21,4,17
2022-05-01 10:45:00,15,3,12
2022-05-01 11:00:00,17,3,14
2022-05-01 11:15:00,32,4,28
2022-05-01 11:30:00,13,7,6
2022-05-01 11:45:00,32,15,17
2022-05-01 12:00:00,25,13,12
2022-05-01 12:15:00,28,8,20
2022-05-01 12:30:00,31,26,5
2022-05-01 12:45:00,18,11,7
2022-05-01 13:00:00,21,10,11
2022-05-01 13:15:00,28,19,9
2022-05-01 13:30:00,23,7,16
2022-05-01 13:45:00,26,14,12
2022-05-01 14:00:00,9,3,6
2022-05-01 14:15:00,25,12,13
2022-05-01 14:30:00,23,11,12
2022-05-01 14:45:00,26,18,8
2022-05-01 15:00:00,8,0,8
2022-05-01 15:15:00,35,29,6
2022-05-01 15:30:00,37,18,19
2022-05-01 15:45:00,20,9,11
2022-05-01 16:00:00,23,7,16
2022-05-01 16:15:00,20,19,1
2022-05-01 16:30:00,16,7,9
2022-05-01 16:45:00,22,13,9
2022-05-01 17:00:00,16,5,11
2022-05-01 17:15:00,11,2,9
2022-05-01 17:30:00,8,7,1
2022-05-01 17:45:00,8,3,5
2022-05-01 18:00:00,9,3,6
2022-05-01 18:15:00,17,10,7
2022-05-01 18:30:00,6,4,2
2022-05-01 18:45:00,5,4,1
2022-05-01 19:00:00,3,0,3
2022-05-01 19:15:00,6,0,6
2022-05-01 19:30:00,8,5,3
2022-05-01 19:45:00,8,2,6
2022-05-01 20:00:00,4,0,4
2022-05-01 20:15:00,2,1,1
2022-05-01 20:30:00,2,1,1
2022-05-01 20:45:00,3,1,2
2022-05-01 21:00:00,3,1,2
2022-05-01 21:15:00,0,0,0
2022-05-01 21:30:00,0,0,0
2022-05-01 21:45:00,3,2,1
2022-05-01 22:00:00,1,0,1
2022-05-01 22:15:00,1,1,0
2022-05-01 22:30:00,3,1,2
2022-05-01 22:45:00,0,0,0
2022-05-01 23:00:00,2,1,1
2022-05-01 23:15:00,3,1,2
2022-05-01 23:30:00,1,0,1
2022-05-01 23:45:00,1,0,1
2022-05-02 00:00:00,1,0,1
2022-05-02 00:15:00,2,2,0
2022-05-02 00:30:00,3,1,2
2022-05-02 00:45:00,0,0,0
2022-05-02 01:00:00,0,0,0
2022-05-02 01:15:00,0,0,0
2022-05-02 01:30:00,0,0,0
2022-05-02 01:45:00,0,0,0
2022-05-02 02:00:00,0,0,0
2022-05-02 02:15:00,0,0,0
2022-05-02 02:30:00,0,0,0
2022-05-02 02:45:00,0,0,0
2022-05-02 03:00:00,0,0,0
2022-05-02 03:15:00,1,1,0
2022-05-02 03:30:00,0,0,0
2022-05-02 03:45:00,1,1,0
2022-05-02 04:00:00,1,1,0
2022-05-02 04:15:00,2,1,1
2022-05-02 04:30:00,3,3,0
2022-05-02 04:45:00,0,0,0
2022-05-02 05:00:00,1,1,0
2022-05-02 05:15:00,5,5,0
2022-05-02 05:30:00,5,1,4
2022-05-02 05:45:00,12,8,4
2022-05-02 06:00:00,8,7,1
2022-05-02 06:15:00,5,5,0
2022-05-02 06:30:00,7,6,1
2022-05-02 06:45:00,10,9,1
2022-05-02 07:00:00,7,7,0
2022-05-02 07:15:00,11,11,0
2022-05-02 07:30:00,11,10,1
2022-05-02 07:45:00,22,20,2
2022-05-02 08:00:00,15,13,2
2022-05-02 08:15:00,12,12,0
2022-05-02 08:30:00,8,8,0
2022-05-02 08:45:00,10,8,2
2022-05-02 09:00:00,10,8,2
2022-05-02 09:15:00,16,16,0
2022-05-02 09:30:00,4,4,0
2022-05-02 09:45:00,1,0,1
2022-05-02 10:00:00,4,4,0
2022-05-02 10:15:00,2,2,0
2022-05-02 10:30:00,2,1,1
2022-05-02 10:45:00,2,1,1
2022-05-02 11:00:00,2,2,0
2022-05-02 11:15:00,5,1,4
2022-05-02 11:30:00,2,2,0
2022-05-02 11:45:00,2,1,1
2022-05-02 12:00:00,1,0,1
2022-05-02 12:15:00,2,2,0
2022-05-02 12:30:00,2,1,1
2022-05-02 12:45:00,1,0,1
2022-05-02 13:00:00,1,1,0
2022-05-02 13:15:00,0,0,0
2022-05-02 13:30:00,4,1,3
2022-05-02 13:45:00,1,0,1
2022-05-02 14:00:00,6,3,3
2022-05-02 14:15:00,6,4,2
2022-05-02 14:30:00,1,0,1
2022-05-02 14:45:00,1,1,0
2022-05-02 15:00:00,12,5,7
2022-05-02 15:15:00,7,2,5
2022-05-02 15:30:00,14,4,10
2022-05-02 15:45:00,9,4,5
2022-05-02 16:00:00,17,3,14
2022-05-02 16:15:00,22,3,19
2022-05-02 16:30:00,17,2,15
2022-05-02 16:45:00,20,3,17
2022-05-02 17:00:00,15,2,13
2022-05-02 17:15:00,33,8,25
2022-05-02 17:30:00,15,3,12
2022-05-02 17:45:00,15,2,13
2022-05-02 18:00:00,7,3,4
2022-05-02 18:15:00,5,1,4
2022-05-02 18:30:00,5,1,4
2022-05-02 18:45:00,7,1,6
2022-05-02 19:00:00,2,0,2
2022-05-02 19:15:00,1,0,1
2022-05-02 19:30:00,4,0,4
2022-05-02 19:45:00,3,1,2
2022-05-02 20:00:00,6,3,3
2022-05-02 20:15:00,3,0,3
2022-05-02 20:30:00,1,0,1
2022-05-02 20:45:00,0,0,0
2022-05-02 21:00:00,3,1,2
2022-05-02 21:15:00,1,1,0
2022-05-02 21:30:00,3,2,1
2022-05-02 21:45:00,0,0,0
2022-05-02 22:00:00,0,0,0
2022-05-02 22:15:00,1,0,1
2022-05-02 22:30:00,2,0,2
2022-05-02 22:45:00,0,0,0
2022-05-02 23:00:00,0,0,0
2022-05-02 23:15:00,0,0,0
2022-05-02 23:30:00,0,0,0
2022-05-02 23:45:00,0,0,0
2022-05-03 00:00:00,0,0,0
2022-05-03 00:15:00,0,0,0
2022-05-03 00:30:00,1,0,1
2022-05-03 00:45:00,0,0,0
2022-05-03 01:00:00,1,0,1
2022-05-03 01:15:00,0,0,0
2022-05-03 01:30:00,0,0,0
2022-05-03 01:45:00,0,0,0
2022-05-03 02:00:00,0,0,0
2022-05-03 02:15:00,1,1,0
2022-05-03 02:30:00,0,0,0
2022-05-03 02:45:00,0,0,0
2022-05-03 03:00:00,0,0,0
2022-05-03 03:15:00,1,0,1
2022-05-03 03:30:00,0,0,0
2022-05-03 03:45:00,1,1,0
2022-05-03 04:00:00,0,0,0
2022-05-03 04:15:00,3,3,0
2022-05-03 04:30:00,4,4,0
2022-05-03 04:45:00,3,3,0
2022-05-03 05:00:00,6,6,0
2022-05-03 05:15:00,5,2,3
2022-05-03 05:30:00,11,10,1
2022-05-03 05:45:00,10,9,1
2022-05-03 06:00:00,15,13,2
2022-05-03 06:15:00,17,15,2
2022-05-03 06:30:00,20,20,0
2022-05-03 06:45:00,16,14,2
2022-05-03 07:00:00,18,17,1
2022-05-03 07:15:00,33,29,4
2022-05-03 07:30:00,31,29,2
2022-05-03 07:45:00,36,35,1
2022-05-03 08:00:00,25,23,2
2022-05-03 08:15:00,28,26,2
2022-05-03 08:30:00,16,15,1
2022-05-03 08:45:00,17,16,1
2022-05-03 09:00:00,9,9,0
2022-05-03 09:15:00,11,10,1
2022-05-03 09:30:00,10,7,3
2022-05-03 09:45:00,6,6,0
2022-05-03 10:00:00,9,9,0
2022-05-03 10:15:00,8,4,4
2022-05-03 10:30:00,10,7,3
2022-05-03 10:45:00,9,7,2
2022-05-03 11:00:00,3,3,0
2022-05-03 11:15:00,3,2,1
2022-05-03 11:30:00,8,3,5
2022-05-03 11:45:00,2,1,1
2022-05-03 12:00:00,5,0,5
2022-05-03 12:15:00,9,5,4
2022-05-03 12:30:00,4,3,1
2022-05-03 12:45:00,2,0,2
2022-05-03 13:00:00,5,4,1
2022-05-03 13:15:00,7,3,4
2022-05-03 13:30:00,2,0,2
2022-05-03 13:45:00,13,8,5
2022-05-03 14:00:00,16,7,9
2022-05-03 14:15:00,12,8,4
2022-05-03 14:30:00,9,3,6
2022-05-03 14:45:00,11,5,6
2022-05-03 15:00:00,10,5,5
2022-05-03 15:15:00,23,5,18
2022-05-03 15:30:00,12,2,10
2022-05-03 15:45:00,16,4,12
2022-05-03 16:00:00,18,4,14
2022-05-03 16:15:00,28,1,27
2022-05-03 16:30:00,24,7,17
2022-05-03 16:45:00,51,1,50
2022-05-03 17:00:00,39,7,32
2022-05-03 17:15:00,25,3,22
2022-05-03 17:30:00,32,6,26
2022-05-03 17:45:00,21,3,18
2022-05-03 18:00:00,20,5,15
2022-05-03 18:15:00,24,3,21
2022-05-03 18:30:00,12,5,7
2022-05-03 18:45:00,11,1,10
2022-05-03 19:00:00,7,1,6
2022-05-03 19:15:00,3,0,3
2022-05-03 19:30:00,14,3,11
2022-05-03 19:45:00,4,0,4
2022-05-03 20:00:00,4,3,1
2022-05-03 20:15:00,2,1,1
2022-05-03 20:30:00,5,1,4
2022-05-03 20:45:00,6,2,4
2022-05-03 21:00:00,3,2,1
2022-05-03 21:15:00,2,0,2
2022-05-03 21:30:00,5,0,5
2022-05-03 21:45:00,2,0,2
2022-05-03 22:00:00,5,1,4
2022-05-03 22:15:00,4,1,3
2022-05-03 22:30:00,0,0,0
2022-05-03 22:45:00,0,0,0
2022-05-03 23:00:00,1,0,1
2022-05-03 23:15:00,1,0,1
2022-05-03 23:30:00,0,0,0
2022-05-03 23:45:00,0,0,0
2022-05-04 00:00:00,2,1,1
2022-05-04 00:15:00,0,0,0
2022-05-04 00:30:00,0,0,0
2022-05-04 00:45:00,0,0,0
2022-05-04 01:00:00,0,0,0
2022-05-04 01:15:00,0,0,0
2022-05-04 01:30:00,0,0,0
2022-05-04 01:45:00,0,0,0
2022-05-04 02:00:00,0,0,0
2022-05-04 02:15:00,0,0,0
2022-05-04 02:30:00,0,0,0
2022-05-04 02:45:00,0,0,0
2022-05-04 03:00:00,0,0,0
2022-05-04 03:15:00,0,0,0
2022-05-04 03:30:00,2,2,0
2022-05-04 03:45:00,1,1,0
2022-05-04 04:00:00,0,0,0
2022-05-04 04:15:00,4,4,0
2022-05-04 04:30:00,1,1,0
2022-05-04 04:45:00,4,4,0
2022-05-04 05:00:00,7,7,0
2022-05-04 05:15:00,9,4,5
2022-05-04 05:30:00,10,8,2
2022-05-04 05:45:00,10,10,0
2022-05-04 06:00:00,16,16,0
2022-05-04 06:15:00,17,14,3
2022-05-04 06:30:00,20,19,1
2022-05-04 06:45:00,25,23,2
2022-05-04 07:00:00,23,21,2
2022-05-04 07:15:00,6,3,3
2022-05-04 07:30:00,54,51,3
2022-05-04 07:45:00,22,22,0
2022-05-04 08:00:00,31,28,3
2022-05-04 08:15:00,28,27,1
2022-05-04 08:30:00,29,26,3
2022-05-04 08:45:00,9,4,5
2022-05-04 09:00:00,24,24,0
2022-05-04 09:15:00,10,9,1
2022-05-04 09:30:00,10,5,5
2022-05-04 09:45:00,10,6,4
2022-05-04 10:00:00,4,2,2
2022-05-04 10:15:00,16,9,7
2022-05-04 10:30:00,5,4,1
2022-05-04 10:45:00,5,4,1
2022-05-04 11:00:00,10,9,1
2022-05-04 11:15:00,9,6,3
2022-05-04 11:30:00,6,0,6
2022-05-04 11:45:00,6,4,2
2022-05-04 12:00:00,10,9,1
2022-05-04 12:15:00,9,1,8
2022-05-04 12:30:00,7,2,5
2022-05-04 12:45:00,1,1,0
2022-05-04 13:00:00,16,7,9
2022-05-04 13:15:00,2,0,2
2022-05-04 13:30:00,14,9,5
2022-05-04 13:45:00,19,9,10
2022-05-04 14:00:00,16,5,11
2022-05-04 14:15:00,14,5,9
2022-05-04 14:30:00,22,10,12
2022-05-04 14:45:00,17,5,12
2022-05-04 15:00:00,20,13,7
2022-05-04 15:15:00,26,6,20
2022-05-04 15:30:00,27,12,15
2022-05-04 15:45:00,29,8,21
2022-05-04 16:00:00,30,9,21
2022-05-04 16:15:00,37,7,30
2022-05-04 16:30:00,47,16,31
2022-05-04 16:45:00,29,4,25
2022-05-04 17:00:00,56,12,44
2022-05-04 17:15:00,55,16,39
2022-05-04 17:30:00,34,9,25
2022-05-04 17:45:00,29,8,21
2022-05-04 18:00:00,32,11,21
2022-05-04 18:15:00,20,6,14
2022-05-04 18:30:00,19,4,15
2022-05-04 18:45:00,11,5,6
2022-05-04 19:00:00,14,4,10
2022-05-04 19:15:00,13,4,9
2022-05-04 19:30:00,15,5,10
2022-05-04 19:45:00,9,4,5
2022-05-04 20:00:00,10,6,4
2022-05-04 20:15:00,5,0,5
2022-05-04 20:30:00,4,1,3
2022-05-04 20:45:00,7,4,3
2022-05-04 21:00:00,3,0,3
2022-05-04 21:15:00,23,0,23
2022-05-04 21:30:00,8,1,7
2022-05-04 21:45:00,18,0,18
2022-05-04 22:00:00,17,1,16
2022-05-04 22:15:00,2,0,2
2022-05-04 22:30:00,5,0,5
2022-05-04 22:45:00,3,0,3
2022-05-04 23:00:00,4,1,3
2022-05-04 23:15:00,1,0,1
2022-05-04 23:30:00,2,0,2
2022-05-04 23:45:00,2,0,2
2022-05-05 00:00:00,0,0,0
2022-05-05 00:15:00,0,0,0
2022-05-05 00:30:00,1,0,1
2022-05-05 00:45:00,0,0,0
2022-05-05 01:00:00,0,0,0
2022-05-05 01:15:00,0,0,0
2022-05-05 01:30:00,0,0,0
2022-05-05 01:45:00,0,0,0
2022-05-05 02:00:00,1,1,0
2022-05-05 02:15:00,0,0,0
2022-05-05 02:30:00,0,0,0
2022-05-05 02:45:00,0,0,0
2022-05-05 03:00:00,0,0,0
2022-05-05 03:15:00,0,0,0
2022-05-05 03:30:00,2,1,1
2022-05-05 03:45:00,0,0,0
2022-05-05 04:00:00,0,0,0
2022-05-05 04:15:00,4,4,0
2022-05-05 04:30:00,0,0,0
2022-05-05 04:45:00,3,3,0
2022-05-05 05:00:00,5,5,0
2022-05-05 05:15:00,5,1,4
2022-05-05 05:30:00,5,5,0
2022-05-05 05:45:00,9,9,0
2022-05-05 06:00:00,11,10,1
2022-05-05 06:15:00,13,12,1
2022-05-05 06:30:00,7,6,1
2022-05-05 06:45:00,12,12,0
2022-05-05 07:00:00,10,10,0
2022-05-05 07:15:00,21,20,1
2022-05-05 07:30:00,26,22,4
2022-05-05 07:45:00,12,12,0
2022-05-05 08:00:00,21,20,1
2022-05-05 08:15:00,22,18,4
2022-05-05 08:30:00,9,6,3
2022-05-05 08:45:00,10,8,2
2022-05-05 09:00:00,6,6,0
2022-05-05 09:15:00,4,4,0
2022-05-05 09:30:00,7,7,0
2022-05-05 09:45:00,5,3,2
2022-05-05 10:00:00,4,3,1
2022-05-05 10:15:00,3,3,0
2022-05-05 10:30:00,6,6,0
2022-05-05 10:45:00,1,1,0
2022-05-05 11:00:00,1,0,1
2022-05-05 11:15:00,2,2,0
2022-05-05 11:30:00,3,3,0
2022-05-05 11:45:00,2,1,1
2022-05-05 12:00:00,1,1,0
2022-05-05 12:15:00,3,0,3
2022-05-05 12:30:00,3,2,1
2022-05-05 12:45:00,1,0,1
2022-05-05 13:00:00,1,1,0
2022-05-05 13:15:00,3,0,3
2022-05-05 13:30:00,2,1,1
2022-05-05 13:45:00,4,0,4
2022-05-05 14:00:00,6,2,4
2022-05-05 14:15:00,5,1,4
2022-05-05 14:30:00,8,3,5
2022-05-05 14:45:00,7,3,4
2022-05-05 15:00:00,8,2,6
2022-05-05 15:15:00,5,1,4
2022-05-05 15:30:00,12,1,11
2022-05-05 15:45:00,10,2,8
2022-05-05 16:00:00,10,1,9
2022-05-05 16:15:00,15,4,11
2022-05-05 16:30:00,14,0,14
2022-05-05 16:45:00,23,4,19
2022-05-05 17:00:00,16,1,15
2022-05-05 17:15:00,20,2,18
2022-05-05 17:30:00,17,1,16
2022-05-05 17:45:00,6,0,6
2022-05-05 18:00:00,10,3,7
2022-05-05 18:15:00,12,4,8
2022-05-05 18:30:00,9,3,6
2022-05-05 18:45:00,8,3,5
2022-05-05 19:00:00,4,0,4
2022-05-05 19:15:00,3,0,3
2022-05-05 19:30:00,0,0,0
2022-05-05 19:45:00,3,0,3
2022-05-05 20:00:00,4,0,4
2022-05-05 20:15:00,4,2,2
2022-05-05 20:30:00,0,0,0
2022-05-05 20:45:00,1,0,1
2022-05-05 21:00:00,4,1,3
2022-05-05 21:15:00,3,1,2
2022-05-05 21:30:00,3,0,3
2022-05-05 21:45:00,1,0,1
2022-05-05 22:00:00,1,0,1
2022-05-05 22:15:00,2,0,2
2022-05-05 22:30:00,0,0,0
2022-05-05 22:45:00,2,1,1
2022-05-05 23:00:00,1,0,1
2022-05-05 23:15:00,2,0,2
2022-05-05 23:30:00,0,0,0
2022-05-05 23:45:00,0,0,0
2022-05-06 00:00:00,0,0,0
2022-05-06 00:15:00,0,0,0
2022-05-06 00:30:00,0,0,0
2022-05-06 00:45:00,0,0,0
2022-05-06 01:00:00,0,0,0
2022-05-06 01:15:00,0,0,0
2022-05-06 01:30:00,0,0,0
2022-05-06 01:45:00,0,0,0
2022-05-06 02:00:00,1,1,0
2022-05-06 02:15:00,0,0,0
2022-05-06 02:30:00,0,0,0
2022-05-06 02:45:00,0,0,0
2022-05-06 03:00:00,0,0,0
2022-05-06 03:15:00,0,0,0
2022-05-06 03:30:00,0,0,0
2022-05-06 03:45:00,0,0,0
2022-05-06 04:00:00,0,0,0
2022-05-06 04:15:00,1,1,0
2022-05-06 04:30:00,2,2,0
2022-05-06 04:45:00,6,6,0
2022-05-06 05:00:00,4,4,0
2022-05-06 05:15:00,4,1,3
2022-05-06 05:30:00,12,12,0
2022-05-06 05:45:00,5,5,0
2022-05-06 06:00:00,2,2,0
2022-05-06 06:15:00,9,9,0
2022-05-06 06:30:00,11,8,3
2022-05-06 06:45:00,9,8,1
2022-05-06 07:00:00,8,7,1
2022-05-06 07:15:00,18,16,2
2022-05-06 07:30:00,18,15,3
2022-05-06 07:45:00,15,12,3
2022-05-06 08:00:00,15,12,3
2022-05-06 08:15:00,11,9,2
2022-05-06 08:30:00,9,8,1
2022-05-06 08:45:00,7,7,0
2022-05-06 09:00:00,4,3,1
2022-05-06 09:15:00,10,7,3
2022-05-06 09:30:00,4,4,0
2022-05-06 09:45:00,7,5,2
2022-05-06 10:00:00,3,1,2
2022-05-06 10:15:00,5,5,0
2022-05-06 10:30:00,3,1,2
2022-05-06 10:45:00,1,1,0
2022-05-06 11:00:00,2,1,1
2022-05-06 11:15:00,3,2,1
2022-05-06 11:30:00,1,1,0
2022-05-06 11:45:00,2,1,1
2022-05-06 12:00:00,2,1,1
2022-05-06 12:15:00,3,2,1
2022-05-06 12:30:00,5,2,3
2022-05-06 12:45:00,3,0,3
2022-05-06 13:00:00,3,1,2
2022-05-06 13:15:00,4,2,2
2022-05-06 13:30:00,0,0,0
2022-05-06 13:45:00,4,0,4
2022-05-06 14:00:00,6,3,3
2022-05-06 14:15:00,6,2,4
2022-05-06 14:30:00,4,1,3
2022-05-06 14:45:00,6,1,5
2022-05-06 15:00:00,11,3,8
2022-05-06 15:15:00,17,5,12
2022-05-06 15:30:00,17,8,9
2022-05-06 15:45:00,9,2,7
2022-05-06 16:00:00,10,1,9
2022-05-06 16:15:00,13,5,8
2022-05-06 16:30:00,17,3,14
2022-05-06 16:45:00,16,3,13
2022-05-06 17:00:00,19,2,17
2022-05-06 17:15:00,10,0,10
2022-05-06 17:30:00,11,3,8
2022-05-06 17:45:00,9,0,9
2022-05-06 18:00:00,4,2,2
2022-05-06 18:15:00,8,2,6
2022-05-06 18:30:00,9,0,9
2022-05-06 18:45:00,3,0,3
2022-05-06 19:00:00,3,0,3
2022-05-06 19:15:00,3,0,3
2022-05-06 19:30:00,1,0,1
2022-05-06 19:45:00,2,1,1
2022-05-06 20:00:00,1,0,1
2022-05-06 20:15:00,1,1,0
2022-05-06 20:30:00,2,0,2
2022-05-06 20:45:00,0,0,0
2022-05-06 21:00:00,1,1,0
2022-05-06 21:15:00,0,0,0
2022-05-06 21:30:00,1,1,0
2022-05-06 21:45:00,0,0,0
2022-05-06 22:00:00,1,1,0
2022-05-06 22:15:00,1,0,1
2022-05-06 22:30:00,3,0,3
2022-05-06 22:45:00,5,0,5
2022-05-06 23:00:00,3,2,1
2022-05-06 23:15:00,0,0,0
2022-05-06 23:30:00,0,0,0
2022-05-06 23:45:00,2,1,1
2022-05-07 00:00:00,0,0,0
2022-05-07 00:15:00,0,0,0
2022-05-07 00:30:00,0,0,0
2022-05-07 00:45:00,0,0,0
2022-05-07 01:00:00,0,0,0
2022-05-07 01:15:00,0,0,0
2022-05-07 01:30:00,0,0,0
2022-05-07 01:45:00,1,0,1
2022-05-07 02:00:00,1,1,0
2022-05-07 02:15:00,0,0,0
2022-05-07 02:30:00,0,0,0
2022-05-07 02:45:00,0,0,0
2022-05-07 03:00:00,0,0,0
2022-05-07 03:15:00,1,0,1
2022-05-07 03:30:00,0,0,0
2022-05-07 03:45:00,0,0,0
2022-05-07 04:00:00,1,0,1
2022-05-07 04:15:00,1,1,0
2022-05-07 04:30:00,2,2,0
2022-05-07 04:45:00,1,0,1
2022-05-07 05:00:00,1,1,0
2022-05-07 05:15:00,0,0,0
2022-05-07 05:30:00,0,0,0
2022-05-07 05:45:00,0,0,0
2022-05-07 06:00:00,0,0,0
2022-05-07 06:15:00,2,1,1
2022-05-07 06:30:00,2,2,0
2022-05-07 06:45:00,3,2,1
2022-05-07 07:00:00,1,1,0
2022-05-07 07:15:00,1,1,0
2022-05-07 07:30:00,3,2,1
2022-05-07 07:45:00,1,0,1
2022-05-07 08:00:00,2,0,2
2022-05-07 08:15:00,2,1,1
2022-05-07 08:30:00,4,4,0
2022-05-07 08:45:00,4,3,1
2022-05-07 09:00:00,5,4,1
2022-05-07 09:15:00,9,8,1
2022-05-07 09:30:00,2,2,0
2022-05-07 09:45:00,6,5,1
2022-05-07 10:00:00,7,6,1
2022-05-07 10:15:00,5,2,3
2022-05-07 10:30:00,4,3,1
2022-05-07 10:45:00,2,1,1
2022-05-07 11:00:00,14,9,5
2022-05-07 11:15:00,9,7,2
2022-05-07 11:30:00,14,4,10
2022-05-07 11:45:00,11,8,3
2022-05-07 12:00:00,13,7,6
2022-05-07 12:15:00,8,3,5
2022-05-07 12:30:00,16,6,10
2022-05-07 12:45:00,9,4,5
2022-05-07 13:00:00,8,4,4
2022-05-07 13:15:00,8,1,7
2022-05-07 13:30:00,15,4,11
2022-05-07 13:45:00,11,6,5
2022-05-07 14:00:00,9,4,5
2022-05-07 14:15:00,11,5,6
2022-05-07 14:30:00,13,7,6
2022-05-07 14:45:00,7,5,2
2022-05-07 15:00:00,5,1,4
2022-05-07 15:15:00,6,2,4
2022-05-07 15:30:00,5,2,3
2022-05-07 15:45:00,5,1,4
2022-05-07 16:00:00,7,2,5
2022-05-07 16:15:00,2,1,1
2022-05-07 16:30:00,3,1,2
2022-05-07 16:45:00,11,6,5
2022-05-07 17:00:00,8,2,6
2022-05-07 17:15:00,6,2,4
2022-05-07 17:30:00,5,2,3
2022-05-07 17:45:00,7,4,3
2022-05-07 18:00:00,1,0,1
2022-05-07 18:15:00,2,0,2
2022-05-07 18:30:00,3,1,2
2022-05-07 18:45:00,4,0,4
2022-05-07 19:00:00,2,1,1
2022-05-07 19:15:00,2,0,2
2022-05-07 19:30:00,1,0,1
2022-05-07 19:45:00,1,0,1
2022-05-07 20:00:00,2,1,1
2022-05-07 20:15:00,6,1,5
2022-05-07 20:30:00,2,0,2
2022-05-07 20:45:00,1,0,1
2022-05-07 21:00:00,4,3,1
2022-05-07 21:15:00,1,1,0
2022-05-07 21:30:00,1,0,1
2022-05-07 21:45:00,2,1,1
2022-05-07 22:00:00,0,0,0
2022-05-07 22:15:00,0,0,0
2022-05-07 22:30:00,0,0,0
2022-05-07 22:45:00,0,0,0
2022-05-07 23:00:00,2,1,1
2022-05-07 23:15:00,0,0,0
2022-05-07 23:30:00,0,0,0
2022-05-07 23:45:00,1,0,1
2022-05-08 00:00:00,0,0,0
2022-05-08 00:15:00,2,1,1
2022-05-08 00:30:00,0,0,0
2022-05-08 00:45:00,0,0,0
2022-05-08 01:00:00,1,0,1
2022-05-08 01:15:00,0,0,0
2022-05-08 01:30:00,0,0,0
2022-05-08 01:45:00,0,0,0
2022-05-08 02:00:00,1,1,0
2022-05-08 02:15:00,1,1,0
2022-05-08 02:30:00,0,0,0
2022-05-08 02:45:00,1,0,1
2022-05-08 03:00:00,0,0,0
2022-05-08 03:15:00,0,0,0
2022-05-08 03:30:00,2,1,1
2022-05-08 03:45:00,0,0,0
2022-05-08 04:00:00,0,0,0
2022-05-08 04:15:00,0,0,0
2022-05-08 04:30:00,1,1,0
2022-05-08 04:45:00,0,0,0
2022-05-08 05:00:00,0,0,0
2022-05-08 05:15:00,1,1,0
2022-05-08 05:30:00,0,0,0
2022-05-08 05:45:00,1,1,0
2022-05-08 06:00:00,2,1,1
2022-05-08 06:15:00,2,2,0
2022-05-08 06:30:00,0,0,0
2022-05-08 06:45:00,1,1,0
2022-05-08 07:00:00,1,1,0
2022-05-08 07:15:00,2,1,1
2022-05-08 07:30:00,4,2,2
2022-05-08 07:45:00,3,2,1
2022-05-08 08:00:00,3,1,2
2022-05-08 08:15:00,2,2,0
2022-05-08 08:30:00,6,4,2
2022-05-08 08:45:00,13,2,11
2022-05-08 09:00:00,4,4,0
2022-05-08 09:15:00,6,6,0
2022-05-08 09:30:00,5,4,1
2022-05-08 09:45:00,10,7,3
2022-05-08 10:00:00,12,8,4
2022-05-08 10:15:00,11,9,2
2022-05-08 10:30:00,11,1,10
2022-05-08 10:45:00,18,8,10
2022-05-08 11:00:00,8,3,5
2022-05-08 11:15:00,16,4,12
2022-05-08 11:30:00,6,4,2
2022-05-08 11:45:00,13,11,2
2022-05-08 12:00:00,17,3,14
2022-05-08 12:15:00,16,11,5
2022-05-08 12:30:00,17,6,11
2022-05-08 12:45:00,15,10,5
2022-05-08 13:00:00,10,4,6
2022-05-08 13:15:00,14,5,9
2022-05-08 13:30:00,17,7,10
2022-05-08 13:45:00,16,4,12
2022-05-08 14:00:00,18,9,9
2022-05-08 14:15:00,12,7,5
2022-05-08 14:30:00,8,5,3
2022-05-08 14:45:00,15,4,11
2022-05-08 15:00:00,8,4,4
2022-05-08 15:15:00,19,9,10
2022-05-08 15:30:00,12,6,6
2022-05-08 15:45:00,8,5,3
2022-05-08 16:00:00,16,9,7
2022-05-08 16:15:00,9,4,5
2022-05-08 16:30:00,17,12,5
2022-05-08 16:45:00,16,7,9
2022-05-08 17:00:00,12,1,11
2022-05-08 17:15:00,9,5,4
2022-05-08 17:30:00,5,1,4
2022-05-08 17:45:00,8,0,8
2022-05-08 18:00:00,9,2,7
2022-05-08 18:15:00,4,3,1
2022-05-08 18:30:00,2,1,1
2022-05-08 18:45:00,4,1,3
2022-05-08 19:00:00,6,0,6
2022-05-08 19:15:00,8,3,5
2022-05-08 19:30:00,7,3,4
2022-05-08 19:45:00,7,6,1
2022-05-08 20:00:00,1,1,0
2022-05-08 20:15:00,5,1,4
2022-05-08 20:30:00,1,1,0
2022-05-08 20:45:00,3,0,3
2022-05-08 21:00:00,0,0,0
2022-05-08 21:15:00,0,0,0
2022-05-08 21:30:00,1,0,1
2022-05-08 21:45:00,0,0,0
2022-05-08 22:00:00,2,1,1
2022-05-08 22:15:00,2,0,2
2022-05-08 22:30:00,0,0,0
2022-05-08 22:45:00,0,0,0
2022-05-08 23:00:00,0,0,0
2022-05-08 23:15:00,0,0,0
2022-05-08 23:30:00,0,0,0
2022-05-08 23:45:00,0,0,0
2022-05-09 00:00:00,0,0,0
2022-05-09 00:15:00,1,0,1
2022-05-09 00:30:00,0,0,0
2022-05-09 00:45:00,0,0,0
2022-05-09 01:00:00,0,0,0
2022-05-09 01:15:00,0,0,0
2022-05-09 01:30:00,0,0,0
2022-05-09 01:45:00,0,0,0
2022-05-09 02:00:00,0,0,0
2022-05-09 02:15:00,0,0,0
2022-05-09 02:30:00,0,0,0
2022-05-09 02:45:00,0,0,0
2022-05-09 03:00:00,0,0,0
2022-05-09 03:15:00,0,0,0
2022-05-09 03:30:00,2,2,0
2022-05-09 03:45:00,0,0,0
2022-05-09 04:00:00,2,2,0
2022-05-09 04:15:00,4,4,0
2022-05-09 04:30:00,2,2,0
2022-05-09 04:45:00,6,6,0
2022-05-09 05:00:00,3,3,0
2022-05-09 05:15:00,5,2,3
2022-05-09 05:30:00,9,8,1
2022-05-09 05:45:00,15,15,0
2022-05-09 06:00:00,9,9,0
2022-05-09 06:15:00,25,24,1
2022-05-09 06:30:00,18,17,1
2022-05-09 06:45:00,13,11,2
2022-05-09 07:00:00,18,15,3
2022-05-09 07:15:00,22,21,1
2022-05-09 07:30:00,25,24,1
2022-05-09 07:45:00,20,18,2
2022-05-09 08:00:00,28,27,1
2022-05-09 08:15:00,17,16,1
2022-05-09 08:30:00,19,14,5
2022-05-09 08:45:00,5,5,0
2022-05-09 09:00:00,12,11,1
2022-05-09 09:15:00,5,3,2
2022-05-09 09:30:00,9,7,2
2022-05-09 09:45:00,6,4,2
2022-05-09 10:00:00,6,4,2
2022-05-09 10:15:00,12,9,3
2022-05-09 10:30:00,8,2,6
2022-05-09 10:45:00,6,5,1
2022-05-09 11:00:00,6,5,1
2022-05-09 11:15:00,3,3,0
2022-05-09 11:30:00,8,7,1
2022-05-09 11:45:00,7,2,5
2022-05-09 12:00:00,7,6,1
2022-05-09 12:15:00,6,4,2
2022-05-09 12:30:00,14,6,8
2022-05-09 12:45:00,8,6,2
2022-05-09 13:00:00,4,0,4
2022-05-09 13:15:00,4,0,4
2022-05-09 13:30:00,14,5,9
2022-05-09 13:45:00,10,6,4
2022-05-09 14:00:00,13,4,9
2022-05-09 14:15:00,11,5,6
2022-05-09 14:30:00,6,1,5
2022-05-09 14:45:00,9,2,7
2022-05-09 15:00:00,17,8,9
2022-05-09 15:15:00,11,4,7
2022-05-09 15:30:00,20,1,19
2022-05-09 15:45:00,14,0,14
2022-05-09 16:00:00,22,9,13
2022-05-09 16:15:00,23,2,21
2022-05-09 16:30:00,30,3,27
2022-05-09 16:45:00,31,5,26
2022-05-09 17:00:00,34,7,27
2022-05-09 17:15:00,31,6,25
2022-05-09 17:30:00,21,2,19
2022-05-09 17:45:00,11,2,9
2022-05-09 18:00:00,19,6,13
2022-05-09 18:15:00,5,0,5
2022-05-09 18:30:00,7,2,5
2022-05-09 18:45:00,12,2,10
2022-05-09 19:00:00,3,2,1
2022-05-09 19:15:00,6,1,5
2022-05-09 19:30:00,6,0,6
2022-05-09 19:45:00,5,2,3
2022-05-09 20:00:00,4,0,4
2022-05-09 20:15:00,3,0,3
2022-05-09 20:30:00,3,1,2
2022-05-09 20:45:00,4,0,4
2022-05-09 21:00:00,1,0,1
2022-05-09 21:15:00,1,0,1
2022-05-09 21:30:00,2,1,1
2022-05-09 21:45:00,4,0,4
2022-05-09 22:00:00,3,0,3
2022-05-09 22:15:00,2,1,1
2022-05-09 22:30:00,0,0,0
2022-05-09 22:45:00,2,0,2
2022-05-09 23:00:00,1,0,1
2022-05-09 23:15:00,2,0,2
2022-05-09 23:30:00,0,0,0
2022-05-09 23:45:00,3,1,2
2022-05-10 00:00:00,1,0,1
2022-05-10 00:15:00,0,0,0
2022-05-10 00:30:00,1,1,0
2022-05-10 00:45:00,1,1,0
2022-05-10 01:00:00,0,0,0
2022-05-10 01:15:00,2,2,0
2022-05-10 01:30:00,1,1,0
2022-05-10 01:45:00,1,1,0
2022-05-10 02:00:00,0,0,0
2022-05-10 02:15:00,0,0,0
2022-05-10 02:30:00,1,0,1
2022-05-10 02:45:00,0,0,0
2022-05-10 03:00:00,1,1,0
2022-05-10 03:15:00,0,0,0
2022-05-10 03:30:00,1,1,0
2022-05-10 03:45:00,0,0,0
2022-05-10 04:00:00,1,0,1
2022-05-10 04:15:00,2,2,0
2022-05-10 04:30:00,3,3,0
2022-05-10 04:45:00,5,4,1
2022-05-10 05:00:00,5,5,0
2022-05-10 05:15:00,6,1,5
2022-05-10 05:30:00,13,11,2
2022-05-10 05:45:00,14,13,1
2022-05-10 06:00:00,16,15,1
2022-05-10 06:15:00,12,12,0
2022-05-10 06:30:00,19,17,2
2022-05-10 06:45:00,21,17,4
2022-05-10 07:00:00,27,25,2
2022-05-10 07:15:00,33,30,3
2022-05-10 07:30:00,32,28,4
2022-05-10 07:45:00,25,20,5
2022-05-10 08:00:00,39,37,2
2022-05-10 08:15:00,28,27,1
2022-05-10 08:30:00,21,19,2
2022-05-10 08:45:00,19,16,3
2022-05-10 09:00:00,7,7,0
2022-05-10 09:15:00,7,5,2
2022-05-10 09:30:00,8,7,1
2022-05-10 09:45:00,6,6,0
2022-05-10 10:00:00,4,3,1
2022-05-10 10:15:00,5,4,1
2022-05-10 10:30:00,7,4,3
2022-05-10 10:45:00,7,7,0
2022-05-10 11:00:00,9,8,1
2022-05-10 11:15:00,7,3,4
2022-05-10 11:30:00,6,5,1
2022-05-10 11:45:00,11,7,4
2022-05-10 12:00:00,13,5,8
2022-05-10 12:15:00,10,7,3
2022-05-10 12:30:00,6,3,3
2022-05-10 12:45:00,8,3,5
2022-05-10 13:00:00,7,2,5
2022-05-10 13:15:00,11,4,7
2022-05-10 13:30:00,11,8,3
2022-05-10 13:45:00,18,4,14
2022-05-10 14:00:00,10,5,5
2022-05-10 14:15:00,3,1,2
2022-05-10 14:30:00,13,8,5
2022-05-10 14:45:00,19,6,13
2022-05-10 15:00:00,20,12,8
2022-05-10 15:15:00,24,9,15
2022-05-10 15:30:00,34,13,21
2022-05-10 15:45:00,17,6,11
2022-05-10 16:00:00,27,6,21
2022-05-10 16:15:00,34,4,30
2022-05-10 16:30:00,30,9,21
2022-05-10 16:45:00,42,7,35
2022-05-10 17:00:00,42,15,27
2022-05-10 17:15:00,37,5,32
2022-05-10 17:30:00,28,6,22
2022-05-10 17:45:00,19,3,16
2022-05-10 18:00:00,31,6,25
2022-05-10 18:15:00,27,7,20
2022-05-10 18:30:00,29,3,26
2022-05-10 18:45:00,18,6,12
2022-05-10 19:00:00,17,4,13
2022-05-10 19:15:00,12,2,10
2022-05-10 19:30:00,17,11,6
2022-05-10 19:45:00,11,3,8
2022-05-10 20:00:00,7,4,3
2022-05-10 20:15:00,5,1,4
2022-05-10 20:30:00,3,2,1
2022-05-10 20:45:00,4,2,2
2022-05-10 21:00:00,2,0,2
2022-05-10 21:15:00,6,2,4
2022-05-10 21:30:00,7,2,5
2022-05-10 21:45:00,2,0,2
2022-05-10 22:00:00,5,1,4
2022-05-10 22:15:00,6,1,5
2022-05-10 22:30:00,5,1,4
2022-05-10 22:45:00,1,0,1
2022-05-10 23:00:00,2,0,2
2022-05-10 23:15:00,0,0,0
2022-05-10 23:30:00,2,0,2
2022-05-10 23:45:00,1,0,1
2022-05-11 00:00:00,2,0,2
2022-05-11 00:15:00,0,0,0
2022-05-11 00:30:00,0,0,0
2022-05-11 00:45:00,0,0,0
2022-05-11 01:00:00,1,0,1
2022-05-11 01:15:00,1,1,0
2022-05-11 01:30:00,0,0,0
2022-05-11 01:45:00,0,0,0
2022-05-11 02:00:00,0,0,0
2022-05-11 02:15:00,0,0,0
2022-05-11 02:30:00,0,0,0
2022-05-11 02:45:00,1,0,1
2022-05-11 03:00:00,0,0,0
2022-05-11 03:15:00,1,1,0
2022-05-11 03:30:00,0,0,0
2022-05-11 03:45:00,1,1,0
2022-05-11 04:00:00,1,0,1
2022-05-11 04:15:00,3,3,0
2022-05-11 04:30:00,4,4,0
2022-05-11 04:45:00,2,2,0
2022-05-11 05:00:00,6,6,0
2022-05-11 05:15:00,7,4,3
2022-05-11 05:30:00,11,9,2
2022-05-11 05:45:00,10,7,3
2022-05-11 06:00:00,10,10,0
2022-05-11 06:15:00,15,15,0
2022-05-11 06:30:00,15,15,0
2022-05-11 06:45:00,23,21,2
2022-05-11 07:00:00,22,19,3
2022-05-11 07:15:00,36,36,0
2022-05-11 07:30:00,12,8,4
2022-05-11 07:45:00,2,0,2
2022-05-11 08:00:00,5,3,2
2022-05-11 08:15:00,2,0,2
2022-05-11 08:30:00,5,4,1
2022-05-11 08:45:00,3,2,1
2022-05-11 09:00:00,3,2,1
2022-05-11 09:15:00,21,16,5
2022-05-11 09:30:00,11,10,1
2022-05-11 09:45:00,14,11,3
2022-05-11 10:00:00,8,6,2
2022-05-11 10:15:00,5,4,1
2022-05-11 10:30:00,7,6,1
2022-05-11 10:45:00,2,0,2
2022-05-11 11:00:00,9,7,2
2022-05-11 11:15:00,9,5,4
2022-05-11 11:30:00,7,5,2
2022-05-11 11:45:00,8,6,2
2022-05-11 12:00:00,9,9,0
2022-05-11 12:15:00,13,7,6
2022-05-11 12:30:00,10,7,3
2022-05-11 12:45:00,9,5,4
2022-05-11 13:00:00,5,4,1
2022-05-11 13:15:00,16,9,7
2022-05-11 13:30:00,13,6,7
2022-05-11 13:45:00,15,8,7
2022-05-11 14:00:00,8,4,4
2022-05-11 14:15:00,13,5,8
2022-05-11 14:30:00,9,4,5
2022-05-11 14:45:00,14,7,7
2022-05-11 15:00:00,13,6,7
2022-05-11 15:15:00,18,1,17
2022-05-11 15:30:00,15,2,13
2022-05-11 15:45:00,32,8,24
2022-05-11 16:00:00,24,5,19
2022-05-11 16:15:00,24,3,21
2022-05-11 16:30:00,33,8,25
2022-05-11 16:45:00,37,7,30
2022-05-11 17:00:00,39,10,29
2022-05-11 17:15:00,34,4,30
2022-05-11 17:30:00,38,3,35
2022-05-11 17:45:00,22,5,17
2022-05-11 18:00:00,18,5,13
2022-05-11 18:15:00,24,9,15
2022-05-11 18:30:00,14,5,9
2022-05-11 18:45:00,10,0,10
2022-05-11 19:00:00,12,3,9
2022-05-11 19:15:00,16,3,13
2022-05-11 19:30:00,10,3,7
2022-05-11 19:45:00,12,3,9
2022-05-11 20:00:00,13,9,4
2022-05-11 20:15:00,4,1,3
2022-05-11 20:30:00,3,1,2
2022-05-11 20:45:00,0,0,0
2022-05-11 21:00:00,6,4,2
2022-05-11 21:15:00,1,1,0
2022-05-11 21:30:00,3,0,3
2022-05-11 21:45:00,2,0,2
2022-05-11 22:00:00,2,1,1
2022-05-11 22:15:00,2,1,1
2022-05-11 22:30:00,1,0,1
2022-05-11 22:45:00,0,0,0
2022-05-11 23:00:00,2,0,2
2022-05-11 23:15:00,2,0,2
2022-05-11 23:30:00,0,0,0
2022-05-11 23:45:00,0,0,0
2022-05-12 00:00:00,1,0,1
2022-05-12 00:15:00,0,0,0
2022-05-12 00:30:00,0,0,0
2022-05-12 00:45:00,2,2,0
2022-05-12 01:00:00,0,0,0
2022-05-12 01:15:00,1,1,0
2022-05-12 01:30:00,0,0,0
2022-05-12 01:45:00,0,0,0
2022-05-12 02:00:00,0,0,0
2022-05-12 02:15:00,1,0,1
2022-05-12 02:30:00,0,0,0
2022-05-12 02:45:00,0,0,0
2022-05-12 03:00:00,0,0,0
2022-05-12 03:15:00,0,0,0
2022-05-12 03:30:00,0,0,0
2022-05-12 03:45:00,0,0,0
2022-05-12 04:00:00,1,1,0
2022-05-12 04:15:00,3,3,0
2022-05-12 04:30:00,3,2,1
2022-05-12 04:45:00,3,3,0
2022-05-12 05:00:00,4,3,1
2022-05-12 05:15:00,6,4,2
2022-05-12 05:30:00,6,4,2
2022-05-12 05:45:00,5,4,1
2022-05-12 06:00:00,10,8,2
2022-05-12 06:15:00,13,13,0
2022-05-12 06:30:00,12,12,0
2022-05-12 06:45:00,8,7,1
2022-05-12 07:00:00,6,6,0
2022-05-12 07:15:00,21,21,0
2022-05-12 07:30:00,31,29,2
2022-05-12 07:45:00,14,13,1
2022-05-12 08:00:00,16,16,0
2022-05-12 08:15:00,9,9,0
2022-05-12 08:30:00,14,13,1
2022-05-12 08:45:00,16,13,3
2022-05-12 09:00:00,10,9,1
2022-05-12 09:15:00,6,5,1
2022-05-12 09:30:00,8,8,0
2022-05-12 09:45:00,1,1,0
2022-05-12 10:00:00,2,0,2
2022-05-12 10:15:00,3,2,1
2022-05-12 10:30:00,7,6,1
2022-05-12 10:45:00,3,2,1
2022-05-12 11:00:00,6,4,2
2022-05-12 11:15:00,2,0,2
2022-05-12 11:30:00,2,2,0
2022-05-12 11:45:00,3,2,1
2022-05-12 12:00:00,3,3,0
2022-05-12 12:15:00,0,0,0
2022-05-12 12:30:00,4,2,2
2022-05-12 12:45:00,1,0,1
2022-05-12 13:00:00,1,0,1
2022-05-12 13:15:00,5,2,3
2022-05-12 13:30:00,3,2,1
2022-05-12 13:45:00,4,0,4
2022-05-12 14:00:00,4,1,3
2022-05-12 14:15:00,9,3,6
2022-05-12 14:30:00,5,0,5
2022-05-12 14:45:00,6,0,6
2022-05-12 15:00:00,6,3,3
2022-05-12 15:15:00,6,0,6
2022-05-12 15:30:00,5,1,4
2022-05-12 15:45:00,7,1,6
2022-05-12 16:00:00,12,0,12
2022-05-12 16:15:00,17,3,14
2022-05-12 16:30:00,12,3,9
2022-05-12 16:45:00,21,2,19
2022-05-12 17:00:00,19,2,17
2022-05-12 17:15:00,20,3,17
2022-05-12 17:30:00,20,2,18
2022-05-12 17:45:00,14,1,13
2022-05-12 18:00:00,8,0,8
2022-05-12 18:15:00,7,1,6
2022-05-12 18:30:00,7,2,5
2022-05-12 18:45:00,3,2,1
2022-05-12 19:00:00,3,1,2
2022-05-12 19:15:00,12,1,11
2022-05-12 19:30:00,6,0,6
2022-05-12 19:45:00,2,0,2
2022-05-12 20:00:00,6,1,5
2022-05-12 20:15:00,3,2,1
2022-05-12 20:30:00,4,0,4
2022-05-12 20:45:00,4,0,4
2022-05-12 21:00:00,1,1,0
2022-05-12 21:15:00,3,1,2
2022-05-12 21:30:00,0,0,0
2022-05-12 21:45:00,2,0,2
2022-05-12 22:00:00,1,0,1
2022-05-12 22:15:00,2,0,2
2022-05-12 22:30:00,0,0,0
2022-05-12 22:45:00,1,0,1
2022-05-12 23:00:00,0,0,0
2022-05-12 23:15:00,0,0,0
2022-05-12 23:30:00,0,0,0
2022-05-12 23:45:00,1,0,1
2022-05-13 00:00:00,0,0,0
2022-05-13 00:15:00,0,0,0
2022-05-13 00:30:00,0,0,0
2022-05-13 00:45:00,0,0,0
2022-05-13 01:00:00,0,0,0
2022-05-13 01:15:00,0,0,0
2022-05-13 01:30:00,0,0,0
2022-05-13 01:45:00,0,0,0
2022-05-13 02:00:00,0,0,0
2022-05-13 02:15:00,0,0,0
2022-05-13 02:30:00,0,0,0
2022-05-13 02:45:00,0,0,0
2022-05-13 03:00:00,0,0,0
2022-05-13 03:15:00,1,1,0
2022-05-13 03:30:00,0,0,0
2022-05-13 03:45:00,1,1,0
2022-05-13 04:00:00,1,1,0
2022-05-13 04:15:00,3,3,0
2022-05-13 04:30:00,1,1,0
2022-05-13 04:45:00,5,4,1
2022-05-13 05:00:00,4,3,1
2022-05-13 05:15:00,4,2,2
2022-05-13 05:30:00,13,10,3
2022-05-13 05:45:00,12,10,2
2022-05-13 06:00:00,8,8,0
2022-05-13 06:15:00,9,8,1
2022-05-13 06:30:00,12,11,1
2022-05-13 06:45:00,14,13,1
2022-05-13 07:00:00,29,28,1
2022-05-13 07:15:00,21,19,2
2022-05-13 07:30:00,13,8,5
2022-05-13 07:45:00,32,30,2
2022-05-13 08:00:00,28,25,3
2022-05-13 08:15:00,9,7,2
2022-05-13 08:30:00,10,9,1
2022-05-13 08:45:00,10,7,3
2022-05-13 09:00:00,14,13,1
2022-05-13 09:15:00,7,5,2
2022-05-13 09:30:00,7,6,1
2022-05-13 09:45:00,10,6,4
2022-05-13 10:00:00,10,10,0
2022-05-13 10:15:00,7,6,1
2022-05-13 10:30:00,4,2,2
2022-05-13 10:45:00,7,5,2
2022-05-13 11:00:00,2,2,0
2022-05-13 11:15:00,11,6,5
2022-05-13 11:30:00,9,4,5
2022-05-13 11:45:00,10,6,4
2022-05-13 12:00:00,10,6,4
2022-05-13 12:15:00,8,5,3
2022-05-13 12:30:00,10,4,6
2022-05-13 12:45:00,18,5,13
2022-05-13 13:00:00,12,6,6
2022-05-13 13:15:00,11,7,4
2022-05-13 13:30:00,13,7,6
2022-05-13 13:45:00,10,2,8
2022-05-13 14:00:00,14,6,8
2022-05-13 14:15:00,8,5,3
2022-05-13 14:30:00,26,10,16
2022-05-13 14:45:00,12,3,9
2022-05-13 15:00:00,19,6,13
2022-05-13 15:15:00,21,7,14
2022-05-13 15:30:00,27,9,18
2022-05-13 15:45:00,11,1,10
2022-05-13 16:00:00,23,7,16
2022-05-13 16:15:00,25,3,22
2022-05-13 16:30:00,17,4,13
2022-05-13 16:45:00,38,9,29
2022-05-13 17:00:00,24,3,21
2022-05-13 17:15:00,32,3,29
2022-05-13 17:30:00,23,7,16
2022-05-13 17:45:00,10,1,9
2022-05-13 18:00:00,17,10,7
2022-05-13 18:15:00,17,8,9
2022-05-13 18:30:00,11,3,8
2022-05-13 18:45:00,7,2,5
2022-05-13 19:00:00,11,2,9
2022-05-13 19:15:00,11,4,7
2022-05-13 19:30:00,4,1,3
2022-05-13 19:45:00,6,0,6
2022-05-13 20:00:00,5,3,2
2022-05-13 20:15:00,2,0,2
2022-05-13 20:30:00,6,2,4
2022-05-13 20:45:00,4,3,1
2022-05-13 21:00:00,3,1,2
2022-05-13 21:15:00,2,2,0
2022-05-13 21:30:00,2,0,2
2022-05-13 21:45:00,2,1,1
2022-05-13 22:00:00,31,0,31
2022-05-13 22:15:00,1,0,1
2022-05-13 22:30:00,3,0,3
2022-05-13 22:45:00,5,3,2
2022-05-13 23:00:00,4,3,1
2022-05-13 23:15:00,0,0,0
2022-05-13 23:30:00,2,0,2
2022-05-13 23:45:00,1,1,0
2022-05-14 00:00:00,2,2,0
2022-05-14 00:15:00,4,4,0
2022-05-14 00:30:00,0,0,0
2022-05-14 00:45:00,3,2,1
2022-05-14 01:00:00,0,0,0
2022-05-14 01:15:00,6,6,0
2022-05-14 01:30:00,0,0,0
2022-05-14 01:45:00,0,0,0
2022-05-14 02:00:00,0,0,0
2022-05-14 02:15:00,0,0,0
2022-05-14 02:30:00,1,0,1
2022-05-14 02:45:00,0,0,0
2022-05-14 03:00:00,1,1,0
2022-05-14 03:15:00,0,0,0
2022-05-14 03:30:00,0,0,0
2022-05-14 03:45:00,0,0,0
2022-05-14 04:00:00,0,0,0
2022-05-14 04:15:00,2,2,0
2022-05-14 04:30:00,2,1,1
2022-05-14 04:45:00,0,0,0
2022-05-14 05:00:00,0,0,0
2022-05-14 05:15:00,1,1,0
2022-05-14 05:30:00,2,0,2
2022-05-14 05:45:00,1,1,0
2022-05-14 06:00:00,2,2,0
2022-05-14 06:15:00,1,1,0
2022-05-14 06:30:00,0,0,0
2022-05-14 06:45:00,2,2,0
2022-05-14 07:00:00,1,0,1
2022-05-14 07:15:00,1,1,0
2022-05-14 07:30:00,5,3,2
2022-05-14 07:45:00,1,1,0
2022-05-14 08:00:00,1,1,0
2022-05-14 08:15:00,2,1,1
2022-05-14 08:30:00,9,1,8
2022-05-14 08:45:00,6,3,3
2022-05-14 09:00:00,5,3,2
2022-05-14 09:15:00,14,11,3
2022-05-14 09:30:00,2,1,1
2022-05-14 09:45:00,8,4,4
2022-05-14 10:00:00,5,2,3
2022-05-14 10:15:00,6,1,5
2022-05-14 10:30:00,8,6,2
2022-05-14 10:45:00,8,2,6
2022-05-14 11:00:00,6,5,1
2022-05-14 11:15:00,9,7,2
2022-05-14 11:30:00,7,3,4
2022-05-14 11:45:00,11,9,2
2022-05-14 12:00:00,16,3,13
2022-05-14 12:15:00,7,3,4
2022-05-14 12:30:00,8,3,5
2022-05-14 12:45:00,8,5,3
2022-05-14 13:00:00,8,3,5
2022-05-14 13:15:00,17,8,9
2022-05-14 13:30:00,16,5,11
2022-05-14 13:45:00,25,11,14
2022-05-14 14:00:00,22,16,6
2022-05-14 14:15:00,20,13,7
2022-05-14 14:30:00,19,15,4
2022-05-14 14:45:00,12,5,7
2022-05-14 15:00:00,16,8,8
2022-05-14 15:15:00,15,9,6
2022-05-14 15:30:00,6,2,4
2022-05-14 15:45:00,20,1,19
2022-05-14 16:00:00,21,16,5
2022-05-14 16:15:00,16,5,11
2022-05-14 16:30:00,14,7,7
2022-05-14 16:45:00,14,6,8
2022-05-14 17:00:00,19,10,9
2022-05-14 17:15:00,17,6,11
2022-05-14 17:30:00,21,13,8
2022-05-14 17:45:00,8,4,4
2022-05-14 18:00:00,12,7,5
2022-05-14 18:15:00,14,5,9
2022-05-14 18:30:00,5,2,3
2022-05-14 18:45:00,7,3,4
2022-05-14 19:00:00,8,1,7
2022-05-14 19:15:00,1,0,1
2022-05-14 19:30:00,12,2,10
2022-05-14 19:45:00,3,2,1
2022-05-14 20:00:00,1,0,1
2022-05-14 20:15:00,5,3,2
2022-05-14 20:30:00,3,2,1
2022-05-14 20:45:00,1,1,0
2022-05-14 21:00:00,0,0,0
2022-05-14 21:15:00,1,0,1
2022-05-14 21:30:00,3,1,2
2022-05-14 21:45:00,3,1,2
2022-05-14 22:00:00,7,6,1
2022-05-14 22:15:00,1,0,1
2022-05-14 22:30:00,3,2,1
2022-05-14 22:45:00,2,0,2
2022-05-14 23:00:00,0,0,0
2022-05-14 23:15:00,1,1,0
2022-05-14 23:30:00,1,0,1
2022-05-14 23:45:00,0,0,0
2022-05-15 00:00:00,0,0,0
2022-05-15 00:15:00,1,0,1
2022-05-15 00:30:00,1,1,0
2022-05-15 00:45:00,1,1,0
2022-05-15 01:00:00,1,0,1
2022-05-15 01:15:00,1,0,1
2022-05-15 01:30:00,0,0,0
2022-05-15 01:45:00,1,1,0
2022-05-15 02:00:00,0,0,0
2022-05-15 02:15:00,0,0,0
2022-05-15 02:30:00,0,0,0
2022-05-15 02:45:00,2,1,1
2022-05-15 03:00:00,0,0,0
2022-05-15 03:15:00,1,0,1
2022-05-15 03:30:00,0,0,0
2022-05-15 03:45:00,0,0,0
2022-05-15 04:00:00,0,0,0
2022-05-15 04:15:00,1,1,0
2022-05-15 04:30:00,0,0,0
2022-05-15 04:45:00,0,0,0
2022-05-15 05:00:00,1,1,0
2022-05-15 05:15:00,0,0,0
2022-05-15 05:30:00,0,0,0
2022-05-15 05:45:00,0,0,0
2022-05-15 06:00:00,1,1,0
2022-05-15 06:15:00,4,3,1
2022-05-15 06:30:00,0,0,0
2022-05-15 06:45:00,1,1,0
2022-05-15 07:00:00,1,1,0
2022-05-15 07:15:00,1,0,1
2022-05-15 07:30:00,1,0,1
2022-05-15 07:45:00,3,2,1
2022-05-15 08:00:00,6,1,5
2022-05-15 08:15:00,0,0,0
2022-05-15 08:30:00,2,1,1
2022-05-15 08:45:00,4,0,4
2022-05-15 09:00:00,3,0,3
2022-05-15 09:15:00,4,3,1
2022-05-15 09:30:00,2,1,1
2022-05-15 09:45:00,4,4,0
2022-05-15 10:00:00,1,1,0
2022-05-15 10:15:00,1,1,0
2022-05-15 10:30:00,0,0,0
2022-05-15 10:45:00,4,4,0
2022-05-15 11:00:00,0,0,0
2022-05-15 11:15:00,0,0,0
2022-05-15 11:30:00,3,3,0
2022-05-15 11:45:00,8,7,1
2022-05-15 12:00:00,1,1,0
2022-05-15 12:15:00,4,0,4
2022-05-15 12:30:00,5,2,3
2022-05-15 12:45:00,5,2,3
2022-05-15 13:00:00,3,2,1
2022-05-15 13:15:00,2,0,2
2022-05-15 13:30:00,0,0,0
2022-05-15 13:45:00,3,2,1
2022-05-15 14:00:00,1,1,0
2022-05-15 14:15:00,0,0,0
2022-05-15 14:30:00,1,0,1
2022-05-15 14:45:00,4,2,2
2022-05-15 15:00:00,6,5,1
2022-05-15 15:15:00,2,1,1
2022-05-15 15:30:00,3,0,3
2022-05-15 15:45:00,2,2,0
2022-05-15 16:00:00,1,0,1
2022-05-15 16:15:00,5,2,3
2022-05-15 16:30:00,2,0,2
2022-05-15 16:45:00,0,0,0
2022-05-15 17:00:00,1,1,0
2022-05-15 17:15:00,1,0,1
2022-05-15 17:30:00,3,2,1
2022-05-15 17:45:00,2,0,2
2022-05-15 18:00:00,5,1,4
2022-05-15 18:15:00,2,1,1
2022-05-15 18:30:00,2,2,0
2022-05-15 18:45:00,2,1,1
2022-05-15 19:00:00,2,0,2
2022-05-15 19:15:00,3,2,1
2022-05-15 19:30:00,2,0,2
2022-05-15 19:45:00,2,2,0
2022-05-15 20:00:00,1,1,0
2022-05-15 20:15:00,2,0,2
2022-05-15 20:30:00,0,0,0
2022-05-15 20:45:00,2,0,2
2022-05-15 21:00:00,2,0,2
2022-05-15 21:15:00,1,1,0
2022-05-15 21:30:00,0,0,0
2022-05-15 21:45:00,2,1,1
2022-05-15 22:00:00,1,1,0
2022-05-15 22:15:00,2,1,1
2022-05-15 22:30:00,2,0,2
2022-05-15 22:45:00,0,0,0
2022-05-15 23:00:00,0,0,0
2022-05-15 23:15:00,0,0,0
2022-05-15 23:30:00,0,0,0
2022-05-15 23:45:00,0,0,0
2022-05-16 00:00:00,2,0,2
2022-05-16 00:15:00,0,0,0
2022-05-16 00:30:00,0,0,0
2022-05-16 00:45:00,0,0,0
2022-05-16 01:00:00,0,0,0
2022-05-16 01:15:00,0,0,0
2022-05-16 01:30:00,0,0,0
2022-05-16 01:45:00,1,0,1
2022-05-16 02:00:00,0,0,0
2022-05-16 02:15:00,2,2,0
2022-05-16 02:30:00,0,0,0
2022-05-16 02:45:00,0,0,0
2022-05-16 03:00:00,1,0,1
2022-05-16 03:15:00,0,0,0
2022-05-16 03:30:00,1,0,1
2022-05-16 03:45:00,1,0,1
2022-05-16 04:00:00,2,2,0
2022-05-16 04:15:00,4,4,0
2022-05-16 04:30:00,2,2,0
2022-05-16 04:45:00,5,5,0
2022-05-16 05:00:00,6,6,0
2022-05-16 05:15:00,6,2,4
2022-05-16 05:30:00,11,10,1
2022-05-16 05:45:00,11,10,1
2022-05-16 06:00:00,9,7,2
2022-05-16 06:15:00,14,14,0
2022-05-16 06:30:00,13,11,2
2022-05-16 06:45:00,16,16,0
2022-05-16 07:00:00,22,21,1
2022-05-16 07:15:00,6,6,0
2022-05-16 07:30:00,40,36,4
2022-05-16 07:45:00,19,18,1
2022-05-16 08:00:00,27,26,1
2022-05-16 08:15:00,20,14,6
2022-05-16 08:30:00,20,18,2
2022-05-16 08:45:00,13,11,2
2022-05-16 09:00:00,10,10,0
2022-05-16 09:15:00,7,4,3
2022-05-16 09:30:00,9,8,1
2022-05-16 09:45:00,13,10,3
2022-05-16 10:00:00,5,2,3
2022-05-16 10:15:00,8,6,2
2022-05-16 10:30:00,9,6,3
2022-05-16 10:45:00,7,6,1
2022-05-16 11:00:00,9,5,4
2022-05-16 11:15:00,9,5,4
2022-05-16 11:30:00,10,3,7
2022-05-16 11:45:00,7,3,4
2022-05-16 12:00:00,7,4,3
2022-05-16 12:15:00,6,5,1
2022-05-16 12:30:00,7,6,1
2022-05-16 12:45:00,7,2,5
2022-05-16 13:00:00,6,5,1
2022-05-16 13:15:00,6,4,2
2022-05-16 13:30:00,13,4,9
2022-05-16 13:45:00,10,3,7
2022-05-16 14:00:00,10,4,6
2022-05-16 14:15:00,14,7,7
2022-05-16 14:30:00,7,3,4
2022-05-16 14:45:00,13,7,6
2022-05-16 15:00:00,11,6,5
2022-05-16 15:15:00,21,4,17
2022-05-16 15:30:00,12,5,7
2022-05-16 15:45:00,18,4,14
2022-05-16 16:00:00,20,7,13
2022-05-16 16:15:00,43,9,34
2022-05-16 16:30:00,23,1,22
2022-05-16 16:45:00,33,5,28
2022-05-16 17:00:00,37,7,30
2022-05-16 17:15:00,35,9,26
2022-05-16 17:30:00,26,4,22
2022-05-16 17:45:00,20,3,17
2022-05-16 18:00:00,23,5,18
2022-05-16 18:15:00,13,1,12
2022-05-16 18:30:00,18,6,12
2022-05-16 18:45:00,14,0,14
2022-05-16 19:00:00,9,4,5
2022-05-16 19:15:00,20,8,12
2022-05-16 19:30:00,9,5,4
2022-05-16 19:45:00,10,4,6
2022-05-16 20:00:00,5,1,4
2022-05-16 20:15:00,2,1,1
2022-05-16 20:30:00,5,2,3
2022-05-16 20:45:00,6,3,3
2022-05-16 21:00:00,0,0,0
2022-05-16 21:15:00,3,1,2
2022-05-16 21:30:00,3,1,2
2022-05-16 21:45:00,7,2,5
2022-05-16 22:00:00,6,3,3
2022-05-16 22:15:00,3,3,0
2022-05-16 22:30:00,2,1,1
2022-05-16 22:45:00,4,2,2
2022-05-16 23:00:00,1,0,1
2022-05-16 23:15:00,1,0,1
2022-05-16 23:30:00,0,0,0
2022-05-16 23:45:00,1,0,1
2022-05-17 00:00:00,0,0,0
2022-05-17 00:15:00,1,1,0
2022-05-17 00:30:00,0,0,0
2022-05-17 00:45:00,0,0,0
2022-05-17 01:00:00,1,0,1
2022-05-17 01:15:00,0,0,0
2022-05-17 01:30:00,0,0,0
2022-05-17 01:45:00,0,0,0
2022-05-17 02:00:00,1,0,1
2022-05-17 02:15:00,2,2,0
2022-05-17 02:30:00,0,0,0
2022-05-17 02:45:00,0,0,0
2022-05-17 03:00:00,0,0,0
2022-05-17 03:15:00,0,0,0
2022-05-17 03:30:00,0,0,0
2022-05-17 03:45:00,0,0,0
2022-05-17 04:00:00,2,1,1
2022-05-17 04:15:00,1,1,0
2022-05-17 04:30:00,4,4,0
2022-05-17 04:45:00,5,5,0
2022-05-17 05:00:00,8,6,2
2022-05-17 05:15:00,3,1,2
2022-05-17 05:30:00,11,11,0
2022-05-17 05:45:00,13,10,3
2022-05-17 06:00:00,10,9,1
2022-05-17 06:15:00,22,21,1
2022-05-17 06:30:00,16,14,2
2022-05-17 06:45:00,21,18,3
2022-05-17 07:00:00,24,23,1
2022-05-17 07:15:00,44,41,3
2022-05-17 07:30:00,34,30,4
2022-05-17 07:45:00,27,27,0
2022-05-17 08:00:00,34,26,8
2022-05-17 08:15:00,25,25,0
2022-05-17 08:30:00,22,21,1
2022-05-17 08:45:00,19,19,0
2022-05-17 09:00:00,18,18,0
2022-05-17 09:15:00,10,9,1
2022-05-17 09:30:00,16,13,3
2022-05-17 09:45:00,4,3,1
2022-05-17 10:00:00,9,4,5
2022-05-17 10:15:00,8,7,1
2022-05-17 10:30:00,8,7,1
2022-05-17 10:45:00,11,7,4
2022-05-17 11:00:00,4,2,2
2022-05-17 11:15:00,10,5,5
2022-05-17 11:30:00,9,7,2
2022-05-17 11:45:00,8,5,3
2022-05-17 12:00:00,7,5,2
2022-05-17 12:15:00,10,7,3
2022-05-17 12:30:00,10,6,4
2022-05-17 12:45:00,5,2,3
2022-05-17 13:00:00,14,7,7
2022-05-17 13:15:00,13,6,7
2022-05-17 13:30:00,13,2,11
2022-05-17 13:45:00,7,4,3
2022-05-17 14:00:00,16,5,11
2022-05-17 14:15:00,11,4,7
2022-05-17 14:30:00,9,4,5
2022-05-17 14:45:00,10,3,7
2022-05-17 15:00:00,25,5,20
2022-05-17 15:15:00,24,6,18
2022-05-17 15:30:00,14,0,14
2022-05-17 15:45:00,26,10,16
2022-05-17 16:00:00,30,6,24
2022-05-17 16:15:00,29,4,25
2022-05-17 16:30:00,34,1,33
2022-05-17 16:45:00,39,8,31
2022-05-17 17:00:00,41,4,37
2022-05-17 17:15:00,38,5,33
2022-05-17 17:30:00,33,6,27
2022-05-17 17:45:00,24,4,20
2022-05-17 18:00:00,20,8,12
2022-05-17 18:15:00,21,6,15
2022-05-17 18:30:00,17,3,14
2022-05-17 18:45:00,18,2,16
2022-05-17 19:00:00,11,2,9
2022-05-17 19:15:00,9,3,6
2022-05-17 19:30:00,20,8,12
2022-05-17 19:45:00,6,0,6
2022-05-17 20:00:00,7,1,6
2022-05-17 20:15:00,5,3,2
2022-05-17 20:30:00,6,3,3
2022-05-17 20:45:00,4,1,3
2022-05-17 21:00:00,4,0,4
2022-05-17 21:15:00,4,2,2
2022-05-17 21:30:00,1,0,1
2022-05-17 21:45:00,5,2,3
2022-05-17 22:00:00,2,0,2
2022-05-17 22:15:00,5,1,4
2022-05-17 22:30:00,1,0,1
2022-05-17 22:45:00,2,1,1
2022-05-17 23:00:00,0,0,0
2022-05-17 23:15:00,1,0,1
2022-05-17 23:30:00,1,0,1
2022-05-17 23:45:00,0,0,0
2022-05-18 00:00:00,1,0,1
2022-05-18 00:15:00,1,0,1
2022-05-18 00:30:00,0,0,0
2022-05-18 00:45:00,1,1,0
2022-05-18 01:00:00,0,0,0
2022-05-18 01:15:00,0,0,0
2022-05-18 01:30:00,0,0,0
2022-05-18 01:45:00,1,0,1
2022-05-18 02:00:00,0,0,0
2022-05-18 02:15:00,0,0,0
2022-05-18 02:30:00,0,0,0
2022-05-18 02:45:00,0,0,0
2022-05-18 03:00:00,0,0,0
2022-05-18 03:15:00,1,1,0
2022-05-18 03:30:00,0,0,0
2022-05-18 03:45:00,0,0,0
2022-05-18 04:00:00,0,0,0
2022-05-18 04:15:00,4,4,0
2022-05-18 04:30:00,1,1,0
2022-05-18 04:45:00,1,1,0
2022-05-18 05:00:00,4,4,0
2022-05-18 05:15:00,7,3,4
2022-05-18 05:30:00,1,0,1
2022-05-18 05:45:00,8,7,1
2022-05-18 06:00:00,7,6,1
2022-05-18 06:15:00,11,9,2
2022-05-18 06:30:00,12,12,0
2022-05-18 06:45:00,11,10,1
2022-05-18 07:00:00,12,12,0
2022-05-18 07:15:00,25,23,2
2022-05-18 07:30:00,20,19,1
2022-05-18 07:45:00,17,17,0
2022-05-18 08:00:00,18,16,2
2022-05-18 08:15:00,12,12,0
2022-05-18 08:30:00,13,12,1
2022-05-18 08:45:00,10,9,1
2022-05-18 09:00:00,11,10,1
2022-05-18 09:15:00,4,4,0
2022-05-18 09:30:00,4,4,0
2022-05-18 09:45:00,3,2,1
2022-05-18 10:00:00,2,2,0
2022-05-18 10:15:00,3,3,0
2022-05-18 10:30:00,2,2,0
2022-05-18 10:45:00,6,5,1
2022-05-18 11:00:00,3,3,0
2022-05-18 11:15:00,6,6,0
2022-05-18 11:30:00,3,2,1
2022-05-18 11:45:00,4,2,2
2022-05-18 12:00:00,5,3,2
2022-05-18 12:15:00,2,2,0
2022-05-18 12:30:00,8,5,3
2022-05-18 12:45:00,0,0,0
2022-05-18 13:00:00,4,3,1
2022-05-18 13:15:00,2,0,2
2022-05-18 13:30:00,6,4,2
2022-05-18 13:45:00,11,4,7
2022-05-18 14:00:00,5,4,1
2022-05-18 14:15:00,14,8,6
2022-05-18 14:30:00,11,6,5
2022-05-18 14:45:00,4,0,4
2022-05-18 15:00:00,11,4,7
2022-05-18 15:15:00,8,2,6
2022-05-18 15:30:00,9,1,8
2022-05-18 15:45:00,10,3,7
2022-05-18 16:00:00,19,8,11
2022-05-18 16:15:00,19,6,13
2022-05-18 16:30:00,26,2,24
2022-05-18 16:45:00,25,7,18
2022-05-18 17:00:00,26,4,22
2022-05-18 17:15:00,22,4,18
2022-05-18 17:30:00,18,0,18
2022-05-18 17:45:00,14,0,14
2022-05-18 18:00:00,16,4,12
2022-05-18 18:15:00,12,1,11
2022-05-18 18:30:00,8,1,7
2022-05-18 18:45:00,11,6,5
2022-05-18 19:00:00,7,0,7
2022-05-18 19:15:00,8,4,4
2022-05-18 19:30:00,1,0,1
2022-05-18 19:45:00,8,2,6
2022-05-18 20:00:00,6,1,5
2022-05-18 20:15:00,3,0,3
2022-05-18 20:30:00,2,0,2
2022-05-18 20:45:00,8,6,2
2022-05-18 21:00:00,4,0,4
2022-05-18 21:15:00,7,2,5
2022-05-18 21:30:00,2,0,2
2022-05-18 21:45:00,5,1,4
2022-05-18 22:00:00,4,0,4
2022-05-18 22:15:00,0,0,0
2022-05-18 22:30:00,1,0,1
2022-05-18 22:45:00,1,0,1
2022-05-18 23:00:00,0,0,0
2022-05-18 23:15:00,1,0,1
2022-05-18 23:30:00,3,2,1
2022-05-18 23:45:00,2,0,2
2022-05-19 00:00:00,0,0,0
2022-05-19 00:15:00,3,1,2
2022-05-19 00:30:00,0,0,0
2022-05-19 00:45:00,0,0,0
2022-05-19 01:00:00,1,0,1
2022-05-19 01:15:00,0,0,0
2022-05-19 01:30:00,0,0,0
2022-05-19 01:45:00,0,0,0
2022-05-19 02:00:00,0,0,0
2022-05-19 02:15:00,0,0,0
2022-05-19 02:30:00,0,0,0
2022-05-19 02:45:00,0,0,0
2022-05-19 03:00:00,1,0,1
2022-05-19 03:15:00,1,0,1
2022-05-19 03:30:00,0,0,0
2022-05-19 03:45:00,0,0,0
2022-05-19 04:00:00,1,1,0
2022-05-19 04:15:00,4,4,0
2022-05-19 04:30:00,4,3,1
2022-05-19 04:45:00,4,4,0
2022-05-19 05:00:00,6,6,0
2022-05-19 05:15:00,8,4,4
2022-05-19 05:30:00,6,4,2
2022-05-19 05:45:00,9,8,1
2022-05-19 06:00:00,10,9,1
2022-05-19 06:15:00,12,12,0
2022-05-19 06:30:00,18,18,0
2022-05-19 06:45:00,23,21,2
2022-05-19 07:00:00,21,19,2
2022-05-19 07:15:00,36,35,1
2022-05-19 07:30:00,29,26,3
2022-05-19 07:45:00,33,33,0
2022-05-19 08:00:00,29,28,1
2022-05-19 08:15:00,27,23,4
2022-05-19 08:30:00,31,26,5
2022-05-19 08:45:00,10,8,2
2022-05-19 09:00:00,14,13,1
2022-05-19 09:15:00,16,14,2
2022-05-19 09:30:00,18,9,9
2022-05-19 09:45:00,7,7,0
2022-05-19 10:00:00,3,3,0
2022-05-19 10:15:00,14,11,3
2022-05-19 10:30:00,7,4,3
2022-05-19 10:45:00,6,6,0
2022-05-19 11:00:00,11,7,4
2022-05-19 11:15:00,13,9,4
2022-05-19 11:30:00,11,10,1
2022-05-19 11:45:00,10,6,4
2022-05-19 12:00:00,10,4,6
2022-05-19 12:15:00,8,7,1
2022-05-19 12:30:00,3,2,1
2022-05-19 12:45:00,9,3,6
2022-05-19 13:00:00,5,5,0
2022-05-19 13:15:00,8,4,4
2022-05-19 13:30:00,10,5,5
2022-05-19 13:45:00,19,6,13
2022-05-19 14:00:00,14,6,8
2022-05-19 14:15:00,19,7,12
2022-05-19 14:30:00,12,4,8
2022-05-19 14:45:00,8,2,6
2022-05-19 15:00:00,14,6,8
2022-05-19 15:15:00,20,6,14
2022-05-19 15:30:00,16,6,10
2022-05-19 15:45:00,10,3,7
2022-05-19 16:00:00,21,5,16
2022-05-19 16:15:00,34,10,24
2022-05-19 16:30:00,46,11,35
2022-05-19 16:45:00,43,7,36
2022-05-19 17:00:00,51,17,34
2022-05-19 17:15:00,45,6,39
2022-05-19 17:30:00,34,6,28
2022-05-19 17:45:00,26,5,21
2022-05-19 18:00:00,23,3,20
2022-05-19 18:15:00,18,9,9
2022-05-19 18:30:00,28,5,23
2022-05-19 18:45:00,18,4,14
2022-05-19 19:00:00,21,3,18
2022-05-19 19:15:00,14,3,11
2022-05-19 19:30:00,11,1,10
2022-05-19 19:45:00,8,4,4
2022-05-19 20:00:00,7,0,7
2022-05-19 20:15:00,8,2,6
2022-05-19 20:30:00,5,0,5
2022-05-19 20:45:00,6,2,4
2022-05-19 21:00:00,4,2,2
2022-05-19 21:15:00,1,0,1
2022-05-19 21:30:00,1,0,1
2022-05-19 21:45:00,1,0,1
2022-05-19 22:00:00,0,0,0
2022-05-19 22:15:00,1,0,1
2022-05-19 22:30:00,0,0,0
2022-05-19 22:45:00,0,0,0
2022-05-19 23:00:00,2,0,2
2022-05-19 23:15:00,1,0,1
2022-05-19 23:30:00,0,0,0
2022-05-19 23:45:00,0,0,0
2022-05-20 00:00:00,1,0,1
2022-05-20 00:15:00,2,1,1
2022-05-20 00:30:00,2,2,0
2022-05-20 00:45:00,0,0,0
2022-05-20 01:00:00,0,0,0
2022-05-20 01:15:00,1,0,1
2022-05-20 01:30:00,0,0,0
2022-05-20 01:45:00,0,0,0
2022-05-20 02:00:00,0,0,0
2022-05-20 02:15:00,1,1,0
2022-05-20 02:30:00,1,1,0
2022-05-20 02:45:00,0,0,0
2022-05-20 03:00:00,0,0,0
2022-05-20 03:15:00,0,0,0
2022-05-20 03:30:00,0,0,0
2022-05-20 03:45:00,0,0,0
2022-05-20 04:00:00,0,0,0
2022-05-20 04:15:00,5,5,0
2022-05-20 04:30:00,1,1,0
2022-05-20 04:45:00,1,1,0
2022-05-20 05:00:00,5,3,2
2022-05-20 05:15:00,6,4,2
2022-05-20 05:30:00,12,10,2
2022-05-20 05:45:00,10,8,2
2022-05-20 06:00:00,6,6,0
2022-05-20 06:15:00,7,6,1
2022-05-20 06:30:00,24,21,3
2022-05-20 06:45:00,15,11,4
2022-05-20 07:00:00,26,23,3
2022-05-20 07:15:00,31,28,3
2022-05-20 07:30:00,37,32,5
2022-05-20 07:45:00,19,19,0
2022-05-20 08:00:00,33,30,3
2022-05-20 08:15:00,17,15,2
2022-05-20 08:30:00,21,16,5
2022-05-20 08:45:00,11,9,2
2022-05-20 09:00:00,15,13,2
2022-05-20 09:15:00,15,12,3
2022-05-20 09:30:00,10,8,2
2022-05-20 09:45:00,9,4,5
2022-05-20 10:00:00,11,7,4
2022-05-20 10:15:00,9,5,4
2022-05-20 10:30:00,8,7,1
2022-05-20 10:45:00,10,5,5
2022-05-20 11:00:00,8,4,4
2022-05-20 11:15:00,9,7,2
2022-05-20 11:30:00,11,6,5
2022-05-20 11:45:00,5,2,3
2022-05-20 12:00:00,5,1,4
2022-05-20 12:15:00,9,3,6
2022-05-20 12:30:00,25,6,19
2022-05-20 12:45:00,10,1,9
2022-05-20 13:00:00,12,6,6
2022-05-20 13:15:00,11,5,6
2022-05-20 13:30:00,8,3,5
2022-05-20 13:45:00,8,1,7
2022-05-20 14:00:00,16,6,10
2022-05-20 14:15:00,12,4,8
2022-05-20 14:30:00,35,24,11
2022-05-20 14:45:00,14,5,9
2022-05-20 15:00:00,13,12,1
2022-05-20 15:15:00,20,7,13
2022-05-20 15:30:00,19,6,13
2022-05-20 15:45:00,26,6,20
2022-05-20 16:00:00,24,8,16
2022-05-20 16:15:00,22,3,19
2022-05-20 16:30:00,45,9,36
2022-05-20 16:45:00,35,9,26
2022-05-20 17:00:00,33,7,26
2022-05-20 17:15:00,38,12,26
2022-05-20 17:30:00,15,2,13
2022-05-20 17:45:00,19,6,13
2022-05-20 18:00:00,12,1,11
2022-05-20 18:15:00,27,6,21
2022-05-20 18:30:00,16,6,10
2022-05-20 18:45:00,20,3,17
2022-05-20 19:00:00,17,7,10
2022-05-20 19:15:00,7,0,7
2022-05-20 19:30:00,8,2,6
2022-05-20 19:45:00,8,0,8
2022-05-20 20:00:00,5,1,4
2022-05-20 20:15:00,1,0,1
2022-05-20 20:30:00,2,0,2
2022-05-20 20:45:00,7,3,4
2022-05-20 21:00:00,5,2,3
2022-05-20 21:15:00,7,4,3
2022-05-20 21:30:00,1,0,1
2022-05-20 21:45:00,3,0,3
2022-05-20 22:00:00,2,1,1
2022-05-20 22:15:00,2,0,2
2022-05-20 22:30:00,2,1,1
2022-05-20 22:45:00,5,4,1
2022-05-20 23:00:00,3,0,3
2022-05-20 23:15:00,0,0,0
2022-05-20 23:30:00,3,0,3
2022-05-20 23:45:00,1,0,1
2022-05-21 00:00:00,8,5,3
2022-05-21 00:15:00,1,1,0
2022-05-21 00:30:00,2,2,0
2022-05-21 00:45:00,0,0,0
2022-05-21 01:00:00,3,0,3
2022-05-21 01:15:00,0,0,0
2022-05-21 01:30:00,2,2,0
2022-05-21 01:45:00,0,0,0
2022-05-21 02:00:00,2,1,1
2022-05-21 02:15:00,2,0,2
2022-05-21 02:30:00,0,0,0
2022-05-21 02:45:00,0,0,0
2022-05-21 03:00:00,0,0,0
2022-05-21 03:15:00,0,0,0
2022-05-21 03:30:00,1,1,0
2022-05-21 03:45:00,0,0,0
2022-05-21 04:00:00,1,0,1
2022-05-21 04:15:00,1,1,0
2022-05-21 04:30:00,0,0,0
2022-05-21 04:45:00,2,1,1
2022-05-21 05:00:00,1,0,1
2022-05-21 05:15:00,2,2,0
2022-05-21 05:30:00,2,1,1
2022-05-21 05:45:00,2,2,0
2022-05-21 06:00:00,0,0,0
2022-05-21 06:15:00,5,4,1
2022-05-21 06:30:00,2,2,0
2022-05-21 06:45:00,5,3,2
2022-05-21 07:00:00,6,6,0
2022-05-21 07:15:00,5,4,1
2022-05-21 07:30:00,6,2,4
2022-05-21 07:45:00,9,8,1
2022-05-21 08:00:00,12,7,5
2022-05-21 08:15:00,14,7,7
2022-05-21 08:30:00,12,5,7
2022-05-21 08:45:00,15,14,1
2022-05-21 09:00:00,16,10,6
2022-05-21 09:15:00,19,12,7
2022-05-21 09:30:00,17,11,6
2022-05-21 09:45:00,21,11,10
2022-05-21 10:00:00,14,3,11
2022-05-21 10:15:00,32,10,22
2022-05-21 10:30:00,24,17,7
2022-05-21 10:45:00,13,8,5
2022-05-21 11:00:00,13,5,8
2022-05-21 11:15:00,17,12,5
2022-05-21 11:30:00,44,23,21
2022-05-21 11:45:00,22,11,11
2022-05-21 12:00:00,23,8,15
2022-05-21 12:15:00,23,15,8
2022-05-21 12:30:00,31,12,19
2022-05-21 12:45:00,39,22,17
2022-05-21 13:00:00,18,8,10
2022-05-21 13:15:00,17,10,7
2022-05-21 13:30:00,27,6,21
2022-05-21 13:45:00,23,8,15
2022-05-21 14:00:00,20,11,9
2022-05-21 14:15:00,26,17,9
2022-05-21 14:30:00,32,21,11
2022-05-21 14:45:00,37,25,12
2022-05-21 15:00:00,29,8,21
2022-05-21 15:15:00,22,7,15
2022-05-21 15:30:00,18,8,10
2022-05-21 15:45:00,32,19,13
2022-05-21 16:00:00,26,15,11
2022-05-21 16:15:00,26,15,11
2022-05-21 16:30:00,21,10,11
2022-05-21 16:45:00,22,13,9
2022-05-21 17:00:00,19,7,12
2022-05-21 17:15:00,21,8,13
2022-05-21 17:30:00,23,12,11
2022-05-21 17:45:00,7,2,5
2022-05-21 18:00:00,17,12,5
2022-05-21 18:15:00,18,4,14
2022-05-21 18:30:00,6,3,3
2022-05-21 18:45:00,9,1,8
2022-05-21 19:00:00,5,1,4
2022-05-21 19:15:00,9,4,5
2022-05-21 19:30:00,5,0,5
2022-05-21 19:45:00,3,2,1
2022-05-21 20:00:00,12,9,3
2022-05-21 20:15:00,4,1,3
2022-05-21 20:30:00,3,1,2
2022-05-21 20:45:00,4,1,3
2022-05-21 21:00:00,6,3,3
2022-05-21 21:15:00,3,3,0
2022-05-21 21:30:00,5,1,4
2022-05-21 21:45:00,1,0,1
2022-05-21 22:00:00,3,2,1
2022-05-21 22:15:00,0,0,0
2022-05-21 22:30:00,3,1,2
2022-05-21 22:45:00,0,0,0
2022-05-21 23:00:00,7,1,6
2022-05-21 23:15:00,0,0,0
2022-05-21 23:30:00,1,1,0
2022-05-21 23:45:00,6,1,5
2022-05-22 00:00:00,2,1,1
2022-05-22 00:15:00,5,3,2
2022-05-22 00:30:00,3,0,3
2022-05-22 00:45:00,0,0,0
2022-05-22 01:00:00,0,0,0
2022-05-22 01:15:00,1,1,0
2022-05-22 01:30:00,0,0,0
2022-05-22 01:45:00,1,0,1
2022-05-22 02:00:00,3,0,3
2022-05-22 02:15:00,0,0,0
2022-05-22 02:30:00,1,0,1
2022-05-22 02:45:00,0,0,0
2022-05-22 03:00:00,0,0,0
2022-05-22 03:15:00,0,0,0
2022-05-22 03:30:00,2,2,0
2022-05-22 03:45:00,1,0,1
2022-05-22 04:00:00,1,0,1
2022-05-22 04:15:00,0,0,0
2022-05-22 04:30:00,1,1,0
2022-05-22 04:45:00,0,0,0
2022-05-22 05:00:00,2,2,0
2022-05-22 05:15:00,1,1,0
2022-05-22 05:30:00,4,2,2
2022-05-22 05:45:00,1,0,1
2022-05-22 06:00:00,2,1,1
2022-05-22 06:15:00,4,3,1
2022-05-22 06:30:00,3,2,1
2022-05-22 06:45:00,0,0,0
2022-05-22 07:00:00,5,3,2
2022-05-22 07:15:00,6,5,1
2022-05-22 07:30:00,7,4,3
2022-05-22 07:45:00,6,4,2
2022-05-22 08:00:00,6,6,0
2022-05-22 08:15:00,11,6,5
2022-05-22 08:30:00,14,8,6
2022-05-22 08:45:00,8,3,5
2022-05-22 09:00:00,28,21,7
2022-05-22 09:15:00,11,8,3
2022-05-22 09:30:00,17,10,7
2022-05-22 09:45:00,27,13,14
2022-05-22 10:00:00,18,16,2
2022-05-22 10:15:00,16,10,6
2022-05-22 10:30:00,22,12,10
2022-05-22 10:45:00,16,11,5
2022-05-22 11:00:00,23,10,13
2022-05-22 11:15:00,28,14,14
2022-05-22 11:30:00,28,13,15
2022-05-22 11:45:00,23,8,15
2022-05-22 12:00:00,19,8,11
2022-05-22 12:15:00,15,7,8
2022-05-22 12:30:00,28,11,17
2022-05-22 12:45:00,22,9,13
2022-05-22 13:00:00,26,17,9
2022-05-22 13:15:00,24,12,12
2022-05-22 13:30:00,38,8,30
2022-05-22 13:45:00,19,11,8
2022-05-22 14:00:00,31,11,20
2022-05-22 14:15:00,38,20,18
2022-05-22 14:30:00,14,7,7
2022-05-22 14:45:00,24,10,14
2022-05-22 15:00:00,31,15,16
2022-05-22 15:15:00,25,12,13
2022-05-22 15:30:00,26,16,10
2022-05-22 15:45:00,19,12,7
2022-05-22 16:00:00,14,4,10
2022-05-22 16:15:00,17,11,6
2022-05-22 16:30:00,17,5,12
2022-05-22 16:45:00,12,4,8
2022-05-22 17:00:00,24,14,10
2022-05-22 17:15:00,14,6,8
2022-05-22 17:30:00,15,7,8
2022-05-22 17:45:00,14,6,8
2022-05-22 18:00:00,12,3,9
2022-05-22 18:15:00,6,1,5
2022-05-22 18:30:00,11,6,5
2022-05-22 18:45:00,8,1,7
2022-05-22 19:00:00,3,1,2
2022-05-22 19:15:00,4,0,4
2022-05-22 19:30:00,1,0,1
2022-05-22 19:45:00,7,4,3
2022-05-22 20:00:00,2,0,2
2022-05-22 20:15:00,4,3,1
2022-05-22 20:30:00,0,0,0
2022-05-22 20:45:00,6,3,3
2022-05-22 21:00:00,3,0,3
2022-05-22 21:15:00,3,3,0
2022-05-22 21:30:00,1,0,1
2022-05-22 21:45:00,5,1,4
2022-05-22 22:00:00,4,0,4
2022-05-22 22:15:00,0,0,0
2022-05-22 22:30:00,1,1,0
2022-05-22 22:45:00,1,1,0
2022-05-22 23:00:00,1,0,1
2022-05-22 23:15:00,0,0,0
2022-05-22 23:30:00,0,0,0
2022-05-22 23:45:00,2,2,0
2022-05-23 00:00:00,0,0,0
2022-05-23 00:15:00,0,0,0
2022-05-23 00:30:00,2,1,1
2022-05-23 00:45:00,0,0,0
2022-05-23 01:00:00,1,0,1
2022-05-23 01:15:00,0,0,0
2022-05-23 01:30:00,0,0,0
2022-05-23 01:45:00,0,0,0
2022-05-23 02:00:00,1,1,0
2022-05-23 02:15:00,0,0,0
2022-05-23 02:30:00,0,0,0
2022-05-23 02:45:00,0,0,0
2022-05-23 03:00:00,2,1,1
2022-05-23 03:15:00,1,1,0
2022-05-23 03:30:00,0,0,0
2022-05-23 03:45:00,0,0,0
2022-05-23 04:00:00,0,0,0
2022-05-23 04:15:00,2,2,0
2022-05-23 04:30:00,3,3,0
2022-05-23 04:45:00,1,1,0
2022-05-23 05:00:00,8,7,1
2022-05-23 05:15:00,10,6,4
2022-05-23 05:30:00,6,6,0
2022-05-23 05:45:00,8,7,1
2022-05-23 06:00:00,11,10,1
2022-05-23 06:15:00,13,11,2
2022-05-23 06:30:00,20,20,0
2022-05-23 06:45:00,16,12,4
2022-05-23 07:00:00,22,21,1
2022-05-23 07:15:00,30,28,2
2022-05-23 07:30:00,24,20,4
2022-05-23 07:45:00,27,23,4
2022-05-23 08:00:00,33,30,3
2022-05-23 08:15:00,18,15,3
2022-05-23 08:30:00,21,21,0
2022-05-23 08:45:00,10,6,4
2022-05-23 09:00:00,7,7,0
2022-05-23 09:15:00,11,9,2
2022-05-23 09:30:00,5,3,2
2022-05-23 09:45:00,12,11,1
2022-05-23 10:00:00,7,3,4
2022-05-23 10:15:00,12,5,7
2022-05-23 10:30:00,8,5,3
2022-05-23 10:45:00,5,3,2
2022-05-23 11:00:00,8,6,2
2022-05-23 11:15:00,9,5,4
2022-05-23 11:30:00,10,6,4
2022-05-23 11:45:00,4,4,0
2022-05-23 12:00:00,1,1,0
2022-05-23 12:15:00,5,4,1
2022-05-23 12:30:00,2,0,2
2022-05-23 12:45:00,2,2,0
2022-05-23 13:00:00,1,1,0
2022-05-23 13:15:00,8,6,2
2022-05-23 13:30:00,6,3,3
2022-05-23 13:45:00,7,5,2
2022-05-23 14:00:00,11,3,8
2022-05-23 14:15:00,17,8,9
2022-05-23 14:30:00,13,4,9
2022-05-23 14:45:00,9,5,4
2022-05-23 15:00:00,14,7,7
2022-05-23 15:15:00,16,3,13
2022-05-23 15:30:00,16,5,11
2022-05-23 15:45:00,12,1,11
2022-05-23 16:00:00,16,3,13
2022-05-23 16:15:00,39,11,28
2022-05-23 16:30:00,32,4,28
2022-05-23 16:45:00,40,8,32
2022-05-23 17:00:00,50,10,40
2022-05-23 17:15:00,28,5,23
2022-05-23 17:30:00,36,8,28
2022-05-23 17:45:00,24,4,20
2022-05-23 18:00:00,19,10,9
2022-05-23 18:15:00,15,3,12
2022-05-23 18:30:00,5,2,3
2022-05-23 18:45:00,19,10,9
2022-05-23 19:00:00,7,0,7
2022-05-23 19:15:00,13,1,12
2022-05-23 19:30:00,11,5,6
2022-05-23 19:45:00,5,1,4
2022-05-23 20:00:00,10,1,9
2022-05-23 20:15:00,7,1,6
2022-05-23 20:30:00,11,7,4
2022-05-23 20:45:00,6,4,2
2022-05-23 21:00:00,2,1,1
2022-05-23 21:15:00,1,0,1
2022-05-23 21:30:00,4,0,4
2022-05-23 21:45:00,5,0,5
2022-05-23 22:00:00,2,0,2
2022-05-23 22:15:00,5,0,5
2022-05-23 22:30:00,2,1,1
2022-05-23 22:45:00,0,0,0
2022-05-23 23:00:00,0,0,0
2022-05-23 23:15:00,2,0,2
2022-05-23 23:30:00,0,0,0
2022-05-23 23:45:00,1,0,1
2022-05-24 00:00:00,0,0,0
2022-05-24 00:15:00,0,0,0
2022-05-24 00:30:00,0,0,0
2022-05-24 00:45:00,0,0,0
2022-05-24 01:00:00,3,2,1
2022-05-24 01:15:00,1,0,1
2022-05-24 01:30:00,0,0,0
2022-05-24 01:45:00,0,0,0
2022-05-24 02:00:00,1,0,1
2022-05-24 02:15:00,0,0,0
2022-05-24 02:30:00,0,0,0
2022-05-24 02:45:00,0,0,0
2022-05-24 03:00:00,1,1,0
2022-05-24 03:15:00,1,0,1
2022-05-24 03:30:00,0,0,0
2022-05-24 03:45:00,0,0,0
2022-05-24 04:00:00,3,3,0
2022-05-24 04:15:00,3,3,0
2022-05-24 04:30:00,4,4,0
2022-05-24 04:45:00,6,6,0
2022-05-24 05:00:00,6,6,0
2022-05-24 05:15:00,7,3,4
2022-05-24 05:30:00,11,9,2
2022-05-24 05:45:00,11,10,1
2022-05-24 06:00:00,13,11,2
2022-05-24 06:15:00,20,18,2
2022-05-24 06:30:00,26,21,5
2022-05-24 06:45:00,16,14,2
2022-05-24 07:00:00,30,29,1
2022-05-24 07:15:00,32,29,3
2022-05-24 07:30:00,44,39,5
2022-05-24 07:45:00,36,32,4
2022-05-24 08:00:00,26,26,0
2022-05-24 08:15:00,35,33,2
2022-05-24 08:30:00,29,26,3
2022-05-24 08:45:00,16,15,1
2022-05-24 09:00:00,8,8,0
2022-05-24 09:15:00,5,3,2
2022-05-24 09:30:00,17,14,3
2022-05-24 09:45:00,8,6,2
2022-05-24 10:00:00,4,4,0
2022-05-24 10:15:00,6,5,1
2022-05-24 10:30:00,7,5,2
2022-05-24 10:45:00,9,6,3
2022-05-24 11:00:00,6,6,0
2022-05-24 11:15:00,10,5,5
2022-05-24 11:30:00,3,1,2
2022-05-24 11:45:00,5,3,2
2022-05-24 12:00:00,10,6,4
2022-05-24 12:15:00,9,4,5
2022-05-24 12:30:00,11,5,6
2022-05-24 12:45:00,11,6,5
2022-05-24 13:00:00,3,2,1
2022-05-24 13:15:00,12,7,5
2022-05-24 13:30:00,10,1,9
2022-05-24 13:45:00,12,1,11
2022-05-24 14:00:00,11,7,4
2022-05-24 14:15:00,13,5,8
2022-05-24 14:30:00,13,5,8
2022-05-24 14:45:00,22,7,15
2022-05-24 15:00:00,16,8,8
2022-05-24 15:15:00,15,5,10
2022-05-24 15:30:00,22,3,19
2022-05-24 15:45:00,21,6,15
2022-05-24 16:00:00,30,10,20
2022-05-24 16:15:00,30,4,26
2022-05-24 16:30:00,42,0,42
2022-05-24 16:45:00,27,3,24
2022-05-24 17:00:00,45,7,38
2022-05-24 17:15:00,35,6,29
2022-05-24 17:30:00,32,4,28
2022-05-24 17:45:00,16,5,11
2022-05-24 18:00:00,26,4,22
2022-05-24 18:15:00,12,5,7
2022-05-24 18:30:00,14,2,12
2022-05-24 18:45:00,10,3,7
2022-05-24 19:00:00,9,2,7
2022-05-24 19:15:00,11,3,8
2022-05-24 19:30:00,9,2,7
2022-05-24 19:45:00,7,3,4
2022-05-24 20:00:00,4,0,4
2022-05-24 20:15:00,9,0,9
2022-05-24 20:30:00,8,4,4
2022-05-24 20:45:00,4,1,3
2022-05-24 21:00:00,3,0,3
2022-05-24 21:15:00,3,0,3
2022-05-24 21:30:00,4,0,4
2022-05-24 21:45:00,2,0,2
2022-05-24 22:00:00,4,0,4
2022-05-24 22:15:00,1,0,1
2022-05-24 22:30:00,2,1,1
2022-05-24 22:45:00,1,0,1
2022-05-24 23:00:00,0,0,0
2022-05-24 23:15:00,2,0,2
2022-05-24 23:30:00,1,1,0
2022-05-24 23:45:00,2,0,2
2022-05-25 00:00:00,0,0,0
2022-05-25 00:15:00,1,0,1
2022-05-25 00:30:00,0,0,0
2022-05-25 00:45:00,0,0,0
2022-05-25 01:00:00,0,0,0
2022-05-25 01:15:00,0,0,0
2022-05-25 01:30:00,0,0,0
2022-05-25 01:45:00,0,0,0
2022-05-25 02:00:00,0,0,0
2022-05-25 02:15:00,0,0,0
2022-05-25 02:30:00,0,0,0
2022-05-25 02:45:00,0,0,0
2022-05-25 03:00:00,0,0,0
2022-05-25 03:15:00,0,0,0
2022-05-25 03:30:00,0,0,0
2022-05-25 03:45:00,0,0,0
2022-05-25 04:00:00,2,2,0
2022-05-25 04:15:00,2,2,0
2022-05-25 04:30:00,1,1,0
2022-05-25 04:45:00,6,4,2
2022-05-25 05:00:00,5,4,1
2022-05-25 05:15:00,9,8,1
2022-05-25 05:30:00,9,6,3
2022-05-25 05:45:00,14,13,1
2022-05-25 06:00:00,13,13,0
2022-05-25 06:15:00,19,18,1
2022-05-25 06:30:00,21,20,1
2022-05-25 06:45:00,25,23,2
2022-05-25 07:00:00,21,19,2
2022-05-25 07:15:00,26,24,2
2022-05-25 07:30:00,40,37,3
2022-05-25 07:45:00,28,25,3
2022-05-25 08:00:00,33,29,4
2022-05-25 08:15:00,34,31,3
2022-05-25 08:30:00,21,18,3
2022-05-25 08:45:00,15,14,1
2022-05-25 09:00:00,18,16,2
2022-05-25 09:15:00,12,7,5
2022-05-25 09:30:00,7,7,0
2022-05-25 09:45:00,8,7,1
2022-05-25 10:00:00,7,6,1
2022-05-25 10:15:00,8,6,2
2022-05-25 10:30:00,7,5,2
2022-05-25 10:45:00,8,6,2
2022-05-25 11:00:00,7,6,1
2022-05-25 11:15:00,4,3,1
2022-05-25 11:30:00,6,3,3
2022-05-25 11:45:00,10,3,7
2022-05-25 12:00:00,7,5,2
2022-05-25 12:15:00,12,10,2
2022-05-25 12:30:00,8,3,5
2022-05-25 12:45:00,8,3,5
2022-05-25 13:00:00,11,2,9
2022-05-25 13:15:00,12,6,6
2022-05-25 13:30:00,10,1,9
2022-05-25 13:45:00,7,3,4
2022-05-25 14:00:00,10,4,6
2022-05-25 14:15:00,16,11,5
2022-05-25 14:30:00,9,3,6
2022-05-25 14:45:00,15,5,10
2022-05-25 15:00:00,20,7,13
2022-05-25 15:15:00,17,7,10
2022-05-25 15:30:00,23,2,21
2022-05-25 15:45:00,18,4,14
2022-05-25 16:00:00,34,7,27
2022-05-25 16:15:00,46,9,37
2022-05-25 16:30:00,38,10,28
2022-05-25 16:45:00,38,6,32
2022-05-25 17:00:00,35,5,30
2022-05-25 17:15:00,55,9,46
2022-05-25 17:30:00,29,4,25
2022-05-25 17:45:00,44,11,33
2022-05-25 18:00:00,25,10,15
2022-05-25 18:15:00,24,9,15
2022-05-25 18:30:00,12,3,9
2022-05-25 18:45:00,16,3,13
2022-05-25 19:00:00,14,3,11
2022-05-25 19:15:00,9,5,4
2022-05-25 19:30:00,10,1,9
2022-05-25 19:45:00,13,5,8
2022-05-25 20:00:00,5,0,5
2022-05-25 20:15:00,8,2,6
2022-05-25 20:30:00,8,4,4
2022-05-25 20:45:00,4,2,2
2022-05-25 21:00:00,6,0,6
2022-05-25 21:15:00,4,1,3
2022-05-25 21:30:00,4,1,3
2022-05-25 21:45:00,4,0,4
2022-05-25 22:00:00,0,0,0
2022-05-25 22:15:00,0,0,0
2022-05-25 22:30:00,1,0,1
2022-05-25 22:45:00,0,0,0
2022-05-25 23:00:00,1,0,1
2022-05-25 23:15:00,1,1,0
2022-05-25 23:30:00,1,1,0
2022-05-25 23:45:00,5,1,4
2022-05-26 00:00:00,3,2,1
2022-05-26 00:15:00,0,0,0
2022-05-26 00:30:00,1,0,1
2022-05-26 00:45:00,0,0,0
2022-05-26 01:00:00,0,0,0
2022-05-26 01:15:00,1,0,1
2022-05-26 01:30:00,0,0,0
2022-05-26 01:45:00,1,0,1
2022-05-26 02:00:00,0,0,0
2022-05-26 02:15:00,0,0,0
2022-05-26 02:30:00,0,0,0
2022-05-26 02:45:00,0,0,0
2022-05-26 03:00:00,1,0,1
2022-05-26 03:15:00,1,1,0
2022-05-26 03:30:00,0,0,0
2022-05-26 03:45:00,0,0,0
2022-05-26 04:00:00,2,0,2
2022-05-26 04:15:00,3,3,0
2022-05-26 04:30:00,3,2,1
2022-05-26 04:45:00,4,4,0
2022-05-26 05:00:00,5,5,0
2022-05-26 05:15:00,10,8,2
2022-05-26 05:30:00,5,4,1
2022-05-26 05:45:00,11,8,3
2022-05-26 06:00:00,13,12,1
2022-05-26 06:15:00,17,14,3
2022-05-26 06:30:00,15,15,0
2022-05-26 06:45:00,13,13,0
2022-05-26 07:00:00,26,26,0
2022-05-26 07:15:00,30,28,2
2022-05-26 07:30:00,30,24,6
2022-05-26 07:45:00,27,24,3
2022-05-26 08:00:00,32,30,2
2022-05-26 08:15:00,26,24,2
2022-05-26 08:30:00,19,17,2
2022-05-26 08:45:00,14,13,1
2022-05-26 09:00:00,8,8,0
2022-05-26 09:15:00,12,10,2
2022-05-26 09:30:00,7,7,0
2022-05-26 09:45:00,7,3,4
2022-05-26 10:00:00,6,3,3
2022-05-26 10:15:00,5,3,2
2022-05-26 10:30:00,5,4,1
2022-05-26 10:45:00,1,0,1
2022-05-26 11:00:00,8,5,3
2022-05-26 11:15:00,7,6,1
2022-05-26 11:30:00,1,1,0
2022-05-26 11:45:00,7,2,5
2022-05-26 12:00:00,6,2,4
2022-05-26 12:15:00,9,8,1
2022-05-26 12:30:00,6,6,0
2022-05-26 12:45:00,10,5,5
2022-05-26 13:00:00,4,1,3
2022-05-26 13:15:00,6,1,5
2022-05-26 13:30:00,11,4,7
2022-05-26 13:45:00,5,1,4
2022-05-26 14:00:00,7,2,5
2022-05-26 14:15:00,13,7,6
2022-05-26 14:30:00,9,2,7
2022-05-26 14:45:00,17,5,12
2022-05-26 15:00:00,11,4,7
2022-05-26 15:15:00,14,5,9
2022-05-26 15:30:00,10,1,9
2022-05-26 15:45:00,12,3,9
2022-05-26 16:00:00,25,5,20
2022-05-26 16:15:00,31,5,26
2022-05-26 16:30:00,20,1,19
2022-05-26 16:45:00,27,3,24
2022-05-26 17:00:00,30,1,29
2022-05-26 17:15:00,21,6,15
2022-05-26 17:30:00,26,3,23
2022-05-26 17:45:00,20,1,19
2022-05-26 18:00:00,10,1,9
2022-05-26 18:15:00,15,1,14
2022-05-26 18:30:00,10,2,8
2022-05-26 18:45:00,8,0,8
2022-05-26 19:00:00,12,0,12
2022-05-26 19:15:00,6,2,4
2022-05-26 19:30:00,8,0,8
2022-05-26 19:45:00,3,0,3
2022-05-26 20:00:00,6,1,5
2022-05-26 20:15:00,5,2,3
2022-05-26 20:30:00,2,0,2
2022-05-26 20:45:00,1,0,1
2022-05-26 21:00:00,0,0,0
2022-05-26 21:15:00,2,0,2
2022-05-26 21:30:00,3,0,3
2022-05-26 21:45:00,2,0,2
2022-05-26 22:00:00,0,0,0
2022-05-26 22:15:00,3,2,1
2022-05-26 22:30:00,3,1,2
2022-05-26 22:45:00,3,1,2
2022-05-26 23:00:00,1,0,1
2022-05-26 23:15:00,1,0,1
2022-05-26 23:30:00,0,0,0
2022-05-26 23:45:00,0,0,0
2022-05-27 00:00:00,0,0,0
2022-05-27 00:15:00,0,0,0
2022-05-27 00:30:00,0,0,0
2022-05-27 00:45:00,0,0,0
2022-05-27 01:00:00,1,1,0
2022-05-27 01:15:00,0,0,0
2022-05-27 01:30:00,0,0,0
2022-05-27 01:45:00,0,0,0
2022-05-27 02:00:00,0,0,0
2022-05-27 02:15:00,0,0,0
2022-05-27 02:30:00,0,0,0
2022-05-27 02:45:00,0,0,0
2022-05-27 03:00:00,1,0,1
2022-05-27 03:15:00,0,0,0
2022-05-27 03:30:00,1,1,0
2022-05-27 03:45:00,1,0,1
2022-05-27 04:00:00,0,0,0
2022-05-27 04:15:00,1,1,0
2022-05-27 04:30:00,3,2,1
2022-05-27 04:45:00,3,3,0
2022-05-27 05:00:00,4,4,0
2022-05-27 05:15:00,8,5,3
2022-05-27 05:30:00,7,7,0
2022-05-27 05:45:00,7,6,1
2022-05-27 06:00:00,7,7,0
2022-05-27 06:15:00,9,9,0
2022-05-27 06:30:00,6,6,0
2022-05-27 06:45:00,8,7,1
2022-05-27 07:00:00,14,12,2
2022-05-27 07:15:00,8,6,2
2022-05-27 07:30:00,30,28,2
2022-05-27 07:45:00,15,14,1
2022-05-27 08:00:00,17,17,0
2022-05-27 08:15:00,13,12,1
2022-05-27 08:30:00,19,16,3
2022-05-27 08:45:00,15,10,5
2022-05-27 09:00:00,5,5,0
2022-05-27 09:15:00,8,6,2
2022-05-27 09:30:00,14,12,2
2022-05-27 09:45:00,7,7,0
2022-05-27 10:00:00,7,6,1
2022-05-27 10:15:00,13,9,4
2022-05-27 10:30:00,10,9,1
2022-05-27 10:45:00,5,3,2
2022-05-27 11:00:00,9,4,5
2022-05-27 11:15:00,5,3,2
2022-05-27 11:30:00,9,3,6
2022-05-27 11:45:00,6,6,0
2022-05-27 12:00:00,12,8,4
2022-05-27 12:15:00,7,3,4
2022-05-27 12:30:00,13,1,12
2022-05-27 12:45:00,10,4,6
2022-05-27 13:00:00,6,3,3
2022-05-27 13:15:00,10,3,7
2022-05-27 13:30:00,15,7,8
2022-05-27 13:45:00,11,4,7
2022-05-27 14:00:00,9,5,4
2022-05-27 14:15:00,20,5,15
2022-05-27 14:30:00,21,10,11
2022-05-27 14:45:00,23,7,16
2022-05-27 15:00:00,11,3,8
2022-05-27 15:15:00,23,6,17
2022-05-27 15:30:00,22,9,13
2022-05-27 15:45:00,18,6,12
2022-05-27 16:00:00,23,5,18
2022-05-27 16:15:00,24,7,17
2022-05-27 16:30:00,23,7,16
2022-05-27 16:45:00,28,10,18
2022-05-27 17:00:00,24,8,16
2022-05-27 17:15:00,17,5,12
2022-05-27 17:30:00,21,2,19
2022-05-27 17:45:00,16,3,13
2022-05-27 18:00:00,48,7,41
2022-05-27 18:15:00,9,4,5
2022-05-27 18:30:00,16,4,12
2022-05-27 18:45:00,12,3,9
2022-05-27 19:00:00,11,4,7
2022-05-27 19:15:00,9,0,9
2022-05-27 19:30:00,6,1,5
2022-05-27 19:45:00,11,1,10
2022-05-27 20:00:00,9,4,5
2022-05-27 20:15:00,8,6,2
2022-05-27 20:30:00,10,9,1
2022-05-27 20:45:00,3,1,2
2022-05-27 21:00:00,5,4,1
2022-05-27 21:15:00,8,0,8
2022-05-27 21:30:00,5,0,5
2022-05-27 21:45:00,9,3,6
2022-05-27 22:00:00,4,2,2
2022-05-27 22:15:00,2,1,1
2022-05-27 22:30:00,1,0,1
2022-05-27 22:45:00,1,0,1
2022-05-27 23:00:00,2,1,1
2022-05-27 23:15:00,0,0,0
2022-05-27 23:30:00,1,1,0
2022-05-27 23:45:00,3,0,3
2022-05-28 00:00:00,0,0,0
2022-05-28 00:15:00,3,2,1
2022-05-28 00:30:00,0,0,0
2022-05-28 00:45:00,0,0,0
2022-05-28 01:00:00,0,0,0
2022-05-28 01:15:00,0,0,0
2022-05-28 01:30:00,0,0,0
2022-05-28 01:45:00,1,0,1
2022-05-28 02:00:00,1,0,1
2022-05-28 02:15:00,1,0,1
2022-05-28 02:30:00,1,1,0
2022-05-28 02:45:00,1,0,1
2022-05-28 03:00:00,0,0,0
2022-05-28 03:15:00,0,0,0
2022-05-28 03:30:00,0,0,0
2022-05-28 03:45:00,0,0,0
2022-05-28 04:00:00,0,0,0
2022-05-28 04:15:00,1,1,0
2022-05-28 04:30:00,1,1,0
2022-05-28 04:45:00,1,1,0
2022-05-28 05:00:00,0,0,0
2022-05-28 05:15:00,0,0,0
2022-05-28 05:30:00,1,1,0
2022-05-28 05:45:00,0,0,0
2022-05-28 06:00:00,1,1,0
2022-05-28 06:15:00,2,1,1
2022-05-28 06:30:00,4,4,0
2022-05-28 06:45:00,5,2,3
2022-05-28 07:00:00,4,4,0
2022-05-28 07:15:00,5,1,4
2022-05-28 07:30:00,4,4,0
2022-05-28 07:45:00,2,1,1
2022-05-28 08:00:00,5,4,1
2022-05-28 08:15:00,6,6,0
2022-05-28 08:30:00,2,2,0
2022-05-28 08:45:00,5,2,3
2022-05-28 09:00:00,6,2,4
2022-05-28 09:15:00,5,3,2
2022-05-28 09:30:00,8,5,3
2022-05-28 09:45:00,3,1,2
2022-05-28 10:00:00,3,3,0
2022-05-28 10:15:00,12,7,5
2022-05-28 10:30:00,4,1,3
2022-05-28 10:45:00,0,0,0
2022-05-28 11:00:00,9,6,3
2022-05-28 11:15:00,6,3,3
2022-05-28 11:30:00,0,0,0
2022-05-28 11:45:00,5,5,0
2022-05-28 12:00:00,8,5,3
2022-05-28 12:15:00,17,6,11
2022-05-28 12:30:00,4,0,4
2022-05-28 12:45:00,13,7,6
2022-05-28 13:00:00,6,1,5
2022-05-28 13:15:00,8,6,2
2022-05-28 13:30:00,1,0,1
2022-05-28 13:45:00,6,2,4
2022-05-28 14:00:00,5,4,1
2022-05-28 14:15:00,7,4,3
2022-05-28 14:30:00,13,6,7
2022-05-28 14:45:00,9,4,5
2022-05-28 15:00:00,3,1,2
2022-05-28 15:15:00,10,5,5
2022-05-28 15:30:00,7,2,5
2022-05-28 15:45:00,1,0,1
2022-05-28 16:00:00,4,1,3
2022-05-28 16:15:00,13,10,3
2022-05-28 16:30:00,11,4,7
2022-05-28 16:45:00,7,3,4
2022-05-28 17:00:00,1,0,1
2022-05-28 17:15:00,7,5,2
2022-05-28 17:30:00,4,1,3
2022-05-28 17:45:00,2,0,2
2022-05-28 18:00:00,1,0,1
2022-05-28 18:15:00,2,0,2
2022-05-28 18:30:00,0,0,0
2022-05-28 18:45:00,1,0,1
2022-05-28 19:00:00,1,0,1
2022-05-28 19:15:00,5,0,5
2022-05-28 19:30:00,3,0,3
2022-05-28 19:45:00,2,0,2
2022-05-28 20:00:00,0,0,0
2022-05-28 20:15:00,0,0,0
2022-05-28 20:30:00,0,0,0
2022-05-28 20:45:00,2,0,2
2022-05-28 21:00:00,1,0,1
2022-05-28 21:15:00,1,0,1
2022-05-28 21:30:00,4,1,3
2022-05-28 21:45:00,0,0,0
2022-05-28 22:00:00,2,1,1
2022-05-28 22:15:00,0,0,0
2022-05-28 22:30:00,1,1,0
2022-05-28 22:45:00,1,0,1
2022-05-28 23:00:00,2,0,2
2022-05-28 23:15:00,1,0,1
2022-05-28 23:30:00,1,0,1
2022-05-28 23:45:00,2,0,2
2022-05-29 00:00:00,0,0,0
2022-05-29 00:15:00,0,0,0
2022-05-29 00:30:00,2,0,2
2022-05-29 00:45:00,1,1,0
2022-05-29 01:00:00,0,0,0
2022-05-29 01:15:00,0,0,0
2022-05-29 01:30:00,0,0,0
2022-05-29 01:45:00,0,0,0
2022-05-29 02:00:00,0,0,0
2022-05-29 02:15:00,0,0,0
2022-05-29 02:30:00,0,0,0
2022-05-29 02:45:00,0,0,0
2022-05-29 03:00:00,0,0,0
2022-05-29 03:15:00,1,1,0
2022-05-29 03:30:00,0,0,0
2022-05-29 03:45:00,0,0,0
2022-05-29 04:00:00,0,0,0
2022-05-29 04:15:00,2,1,1
2022-05-29 04:30:00,1,1,0
2022-05-29 04:45:00,0,0,0
2022-05-29 05:00:00,0,0,0
2022-05-29 05:15:00,1,1,0
2022-05-29 05:30:00,0,0,0
2022-05-29 05:45:00,0,0,0
2022-05-29 06:00:00,1,1,0
2022-05-29 06:15:00,2,1,1
2022-05-29 06:30:00,1,1,0
2022-05-29 06:45:00,0,0,0
2022-05-29 07:00:00,0,0,0
2022-05-29 07:15:00,0,0,0
2022-05-29 07:30:00,2,1,1
2022-05-29 07:45:00,3,3,0
2022-05-29 08:00:00,4,1,3
2022-05-29 08:15:00,2,2,0
2022-05-29 08:30:00,2,2,0
2022-05-29 08:45:00,0,0,0
2022-05-29 09:00:00,1,1,0
2022-05-29 09:15:00,6,5,1
2022-05-29 09:30:00,5,4,1
2022-05-29 09:45:00,8,3,5
2022-05-29 10:00:00,5,4,1
2022-05-29 10:15:00,9,5,4
2022-05-29 10:30:00,6,3,3
2022-05-29 10:45:00,6,2,4
2022-05-29 11:00:00,12,6,6
2022-05-29 11:15:00,8,2,6
2022-05-29 11:30:00,6,2,4
2022-05-29 11:45:00,31,1,30
2022-05-29 12:00:00,10,3,7
2022-05-29 12:15:00,5,1,4
2022-05-29 12:30:00,27,23,4
2022-05-29 12:45:00,11,5,6
2022-05-29 13:00:00,13,5,8
2022-05-29 13:15:00,11,8,3
2022-05-29 13:30:00,9,8,1
2022-05-29 13:45:00,7,4,3
2022-05-29 14:00:00,18,9,9
2022-05-29 14:15:00,6,2,4
2022-05-29 14:30:00,8,7,1
2022-05-29 14:45:00,6,2,4
2022-05-29 15:00:00,3,0,3
2022-05-29 15:15:00,3,0,3
2022-05-29 15:30:00,2,0,2
2022-05-29 15:45:00,4,2,2
2022-05-29 16:00:00,3,1,2
2022-05-29 16:15:00,9,1,8
2022-05-29 16:30:00,5,2,3
2022-05-29 16:45:00,8,7,1
2022-05-29 17:00:00,0,0,0
2022-05-29 17:15:00,2,1,1
2022-05-29 17:30:00,3,1,2
2022-05-29 17:45:00,2,0,2
2022-05-29 18:00:00,1,0,1
2022-05-29 18:15:00,4,2,2
2022-05-29 18:30:00,2,1,1
2022-05-29 18:45:00,1,0,1
2022-05-29 19:00:00,1,0,1
2022-05-29 19:15:00,0,0,0
2022-05-29 19:30:00,1,0,1
2022-05-29 19:45:00,1,1,0
2022-05-29 20:00:00,2,0,2
2022-05-29 20:15:00,5,0,5
2022-05-29 20:30:00,1,1,0
2022-05-29 20:45:00,1,0,1
2022-05-29 21:00:00,6,0,6
2022-05-29 21:15:00,5,1,4
2022-05-29 21:30:00,0,0,0
2022-05-29 21:45:00,1,0,1
2022-05-29 22:00:00,0,0,0
2022-05-29 22:15:00,2,1,1
2022-05-29 22:30:00,0,0,0
2022-05-29 22:45:00,1,0,1
2022-05-29 23:00:00,2,2,0
2022-05-29 23:15:00,0,0,0
2022-05-29 23:30:00,1,0,1
2022-05-29 23:45:00,1,0,1
2022-05-30 00:00:00,0,0,0
2022-05-30 00:15:00,0,0,0
2022-05-30 00:30:00,0,0,0
2022-05-30 00:45:00,0,0,0
2022-05-30 01:00:00,0,0,0
2022-05-30 01:15:00,0,0,0
2022-05-30 01:30:00,0,0,0
2022-05-30 01:45:00,0,0,0
2022-05-30 02:00:00,0,0,0
2022-05-30 02:15:00,0,0,0
2022-05-30 02:30:00,0,0,0
2022-05-30 02:45:00,0,0,0
2022-05-30 03:00:00,0,0,0
2022-05-30 03:15:00,0,0,0
2022-05-30 03:30:00,1,1,0
2022-05-30 03:45:00,0,0,0
2022-05-30 04:00:00,0,0,0
2022-05-30 04:15:00,1,1,0
2022-05-30 04:30:00,1,1,0
2022-05-30 04:45:00,0,0,0
2022-05-30 05:00:00,0,0,0
2022-05-30 05:15:00,2,2,0
2022-05-30 05:30:00,2,1,1
2022-05-30 05:45:00,1,1,0
2022-05-30 06:00:00,2,2,0
2022-05-30 06:15:00,3,3,0
2022-05-30 06:30:00,1,0,1
2022-05-30 06:45:00,2,1,1
2022-05-30 07:00:00,2,2,0
2022-05-30 07:15:00,3,2,1
2022-05-30 07:30:00,7,5,2
2022-05-30 07:45:00,9,7,2
2022-05-30 08:00:00,11,8,3
2022-05-30 08:15:00,3,3,0
2022-05-30 08:30:00,8,4,4
2022-05-30 08:45:00,6,5,1
2022-05-30 09:00:00,5,3,2
2022-05-30 09:15:00,5,5,0
2022-05-30 09:30:00,7,6,1
2022-05-30 09:45:00,7,7,0
2022-05-30 10:00:00,11,4,7
2022-05-30 10:15:00,10,9,1
2022-05-30 10:30:00,11,1,10
2022-05-30 10:45:00,20,5,15
2022-05-30 11:00:00,15,9,6
2022-05-30 11:15:00,19,11,8
2022-05-30 11:30:00,22,8,14
2022-05-30 11:45:00,17,6,11
2022-05-30 12:00:00,22,13,9
2022-05-30 12:15:00,16,7,9
2022-05-30 12:30:00,15,10,5
2022-05-30 12:45:00,19,10,9
2022-05-30 13:00:00,19,13,6
2022-05-30 13:15:00,27,15,12
2022-05-30 13:30:00,13,7,6
2022-05-30 13:45:00,9,0,9
2022-05-30 14:00:00,24,11,13
2022-05-30 14:15:00,25,13,12
2022-05-30 14:30:00,15,6,9
2022-05-30 14:45:00,14,2,12
2022-05-30 15:00:00,9,4,5
2022-05-30 15:15:00,17,11,6
2022-05-30 15:30:00,12,5,7
2022-05-30 15:45:00,14,6,8
2022-05-30 16:00:00,6,4,2
2022-05-30 16:15:00,13,5,8
2022-05-30 16:30:00,16,6,10
2022-05-30 16:45:00,6,1,5
2022-05-30 17:00:00,16,7,9
2022-05-30 17:15:00,25,19,6
2022-05-30 17:30:00,10,7,3
2022-05-30 17:45:00,5,1,4
2022-05-30 18:00:00,11,7,4
2022-05-30 18:15:00,5,2,3
2022-05-30 18:30:00,4,0,4
2022-05-30 18:45:00,3,1,2
2022-05-30 19:00:00,5,1,4
2022-05-30 19:15:00,5,1,4
2022-05-30 19:30:00,7,1,6
2022-05-30 19:45:00,9,4,5
2022-05-30 20:00:00,6,4,2
2022-05-30 20:15:00,10,6,4
2022-05-30 20:30:00,3,3,0
2022-05-30 20:45:00,1,0,1
2022-05-30 21:00:00,0,0,0
2022-05-30 21:15:00,3,2,1
2022-05-30 21:30:00,2,0,2
2022-05-30 21:45:00,0,0,0
2022-05-30 22:00:00,1,0,1
2022-05-30 22:15:00,0,0,0
2022-05-30 22:30:00,0,0,0
2022-05-30 22:45:00,0,0,0
2022-05-30 23:00:00,1,0,1
2022-05-30 23:15:00,3,0,3
2022-05-30 23:30:00,0,0,0
2022-05-30 23:45:00,1,0,1
2022-05-31 00:00:00,0,0,0
2022-05-31 00:15:00,0,0,0
2022-05-31 00:30:00,0,0,0
2022-05-31 00:45:00,0,0,0
2022-05-31 01:00:00,1,1,0
2022-05-31 01:15:00,0,0,0
2022-05-31 01:30:00,2,1,1
2022-05-31 01:45:00,0,0,0
2022-05-31 02:00:00,0,0,0
2022-05-31 02:15:00,0,0,0
2022-05-31 02:30:00,0,0,0
2022-05-31 02:45:00,0,0,0
2022-05-31 03:00:00,1,1,0
2022-05-31 03:15:00,0,0,0
2022-05-31 03:30:00,0,0,0
2022-05-31 03:45:00,0,0,0
2022-05-31 04:00:00,1,1,0
2022-05-31 04:15:00,3,3,0
2022-05-31 04:30:00,4,4,0
2022-05-31 04:45:00,7,5,2
2022-05-31 05:00:00,5,5,0
2022-05-31 05:15:00,10,5,5
2022-05-31 05:30:00,15,15,0
2022-05-31 05:45:00,9,8,1
2022-05-31 06:00:00,11,10,1
2022-05-31 06:15:00,14,14,0
2022-05-31 06:30:00,27,26,1
2022-05-31 06:45:00,19,16,3
2022-05-31 07:00:00,20,20,0
2022-05-31 07:15:00,21,20,1
2022-05-31 07:30:00,56,45,11
2022-05-31 07:45:00,39,34,5
2022-05-31 08:00:00,25,21,4
2022-05-31 08:15:00,28,24,4
2022-05-31 08:30:00,30,25,5
2022-05-31 08:45:00,19,17,2
2022-05-31 09:00:00,21,20,1
2022-05-31 09:15:00,14,13,1
2022-05-31 09:30:00,14,12,2
2022-05-31 09:45:00,11,10,1
2022-05-31 10:00:00,6,6,0
2022-05-31 10:15:00,16,9,7
2022-05-31 10:30:00,4,3,1
2022-05-31 10:45:00,7,4,3
2022-05-31 11:00:00,4,3,1
2022-05-31 11:15:00,16,8,8
2022-05-31 11:30:00,10,5,5
2022-05-31 11:45:00,8,7,1
2022-05-31 12:00:00,12,6,6
2022-05-31 12:15:00,11,5,6
2022-05-31 12:30:00,8,2,6
2022-05-31 12:45:00,6,3,3
2022-05-31 13:00:00,13,5,8
2022-05-31 13:15:00,0,0,0
2022-05-31 13:30:00,10,1,9
2022-05-31 13:45:00,10,6,4
2022-05-31 14:00:00,6,3,3
2022-05-31 14:15:00,11,2,9
2022-05-31 14:30:00,12,8,4
2022-05-31 14:45:00,21,4,17
2022-05-31 15:00:00,12,7,5
2022-05-31 15:15:00,23,4,19
2022-05-31 15:30:00,21,6,15
2022-05-31 15:45:00,30,2,28
2022-05-31 16:00:00,27,8,19
2022-05-31 16:15:00,27,9,18
2022-05-31 16:30:00,42,10,32
2022-05-31 16:45:00,32,8,24
2022-05-31 17:00:00,44,9,35
2022-05-31 17:15:00,49,15,34
2022-05-31 17:30:00,53,10,43
2022-05-31 17:45:00,41,2,39
2022-05-31 18:00:00,26,3,23
2022-05-31 18:15:00,25,1,24
2022-05-31 18:30:00,26,4,22
2022-05-31 18:45:00,18,0,18
2022-05-31 19:00:00,30,9,21
2022-05-31 19:15:00,11,1,10
2022-05-31 19:30:00,15,6,9
2022-05-31 19:45:00,13,7,6
2022-05-31 20:00:00,14,8,6
2022-05-31 20:15:00,5,0,5
2022-05-31 20:30:00,10,3,7
2022-05-31 20:45:00,9,4,5
2022-05-31 21:00:00,11,6,5
2022-05-31 21:15:00,5,2,3
2022-05-31 21:30:00,5,3,2
2022-05-31 21:45:00,4,2,2
2022-05-31 22:00:00,3,2,1
2022-05-31 22:15:00,3,3,0
2022-05-31 22:30:00,8,3,5
2022-05-31 22:45:00,2,1,1
2022-05-31 23:00:00,1,0,1
2022-05-31 23:15:00,3,0,3
2022-05-31 23:30:00,0,0,0
2022-05-31 23:45:00,1,0,1