Date,Westlake PBL and Newton St,North,South
2018-04-13 00:00:00,2,0,2
2018-04-13 01:00:00,3,1,2
2018-04-13 02:00:00,0,0,0
2018-04-13 03:00:00,1,1,0
2018-04-13 04:00:00,5,3,2
2018-04-13 05:00:00,8,2,6
2018-04-13 06:00:00,37,7,30
2018-04-13 07:00:00,98,8,90
2018-04-13 08:00:00,154,21,133
2018-04-13 09:00:00,109,12,97
2018-04-13 10:00:00,45,12,33
2018-04-13 11:00:00,22,8,14
2018-04-13 12:00:00,23,12,11
2018-04-13 13:00:00,18,13,5
2018-04-13 14:00:00,22,14,8
2018-04-13 15:00:00,44,35,9
2018-04-13 16:00:00,99,82,17
2018-04-13 17:00:00,149,129,20
2018-04-13 18:00:00,80,73,7
2018-04-13 19:00:00,32,29,3
2018-04-13 20:00:00,17,15,2
2018-04-13 21:00:00,12,10,2
2018-04-13 22:00:00,15,13,2
2018-04-13 23:00:00,4,4,0
2018-04-14 00:00:00,2,2,0
2018-04-14 01:00:00,0,0,0
2018-04-14 02:00:00,2,1,1
2018-04-14 03:00:00,0,0,0
2018-04-14 04:00:00,1,0,1
2018-04-14 05:00:00,1,0,1
2018-04-14 06:00:00,4,1,3
2018-04-14 07:00:00,10,5,5
2018-04-14 08:00:00,9,6,3
2018-04-14 09:00:00,24,9,15
2018-04-14 10:00:00,20,9,11
2018-04-14 11:00:00,28,9,19
2018-04-14 12:00:00,16,9,7
2018-04-14 13:00:00,22,14,8
2018-04-14 14:00:00,15,6,9
2018-04-14 15:00:00,10,4,6
2018-04-14 16:00:00,15,7,8
2018-04-14 17:00:00,10,4,6
2018-04-14 18:00:00,8,6,2
2018-04-14 19:00:00,8,5,3
2018-04-14 20:00:00,3,2,1
2018-04-14 21:00:00,2,1,1
2018-04-14 22:00:00,2,1,1
2018-04-14 23:00:00,5,4,1
2018-04-15 00:00:00,2,1,1
2018-04-15 01:00:00,1,0,1
2018-04-15 02:00:00,1,1,0
2018-04-15 03:00:00,1,1,0
2018-04-15 04:00:00,3,0,3
2018-04-15 05:00:00,2,0,2
2018-04-15 06:00:00,6,1,5
2018-04-15 07:00:00,3,0,3
2018-04-15 08:00:00,16,8,8
2018-04-15 09:00:00,32,12,20
2018-04-15 10:00:00,37,16,21
2018-04-15 11:00:00,53,27,26
2018-04-15 12:00:00,58,33,25
2018-04-15 13:00:00,57,35,22
2018-04-15 14:00:00,45,24,21
2018-04-15 15:00:00,56,36,20
2018-04-15 16:00:00,52,27,25
2018-04-15 17:00:00,21,10,11
2018-04-15 18:00:00,15,5,10
2018-04-15 19:00:00,22,8,14
2018-04-15 20:00:00,10,6,4
2018-04-15 21:00:00,4,3,1
2018-04-15 22:00:00,5,3,2
2018-04-15 23:00:00,3,2,1
2018-04-16 00:00:00,1,0,1
2018-04-16 01:00:00,0,0,0
2018-04-16 02:00:00,0,0,0
2018-04-16 03:00:00,1,1,0
2018-04-16 04:00:00,6,3,3
2018-04-16 05:00:00,14,2,12
2018-04-16 06:00:00,57,6,51
2018-04-16 07:00:00,138,10,128
2018-04-16 08:00:00,222,17,205
2018-04-16 09:00:00,126,19,107
2018-04-16 10:00:00,43,7,36
2018-04-16 11:00:00,23,9,14
2018-04-16 12:00:00,19,10,9
2018-04-16 13:00:00,23,13,10
2018-04-16 14:00:00,23,10,13
2018-04-16 15:00:00,54,44,10
2018-04-16 16:00:00,123,109,14
2018-04-16 17:00:00,252,228,24
2018-04-16 18:00:00,157,139,18
2018-04-16 19:00:00,57,46,11
2018-04-16 20:00:00,26,22,4
2018-04-16 21:00:00,22,15,7
2018-04-16 22:00:00,10,6,4
2018-04-16 23:00:00,5,4,1
2018-04-17 00:00:00,1,1,0
2018-04-17 01:00:00,1,1,0
2018-04-17 02:00:00,2,2,0
2018-04-17 03:00:00,0,0,0
2018-04-17 04:00:00,7,2,5
2018-04-17 05:00:00,20,4,16
2018-04-17 06:00:00,73,13,60
2018-04-17 07:00:00,223,22,201
2018-04-17 08:00:00,311,24,287
2018-04-17 09:00:00,182,26,156
2018-04-17 10:00:00,64,13,51
2018-04-17 11:00:00,52,25,27
2018-04-17 12:00:00,35,14,21
2018-04-17 13:00:00,56,26,30
2018-04-17 14:00:00,54,29,25
2018-04-17 15:00:00,87,61,26
2018-04-17 16:00:00,184,156,28
2018-04-17 17:00:00,342,300,42
2018-04-17 18:00:00,257,210,47
2018-04-17 19:00:00,114,89,25
2018-04-17 20:00:00,65,40,25
2018-04-17 21:00:00,40,33,7
2018-04-17 22:00:00,27,19,8
2018-04-17 23:00:00,14,11,3
2018-04-18 00:00:00,0,0,0
2018-04-18 01:00:00,0,0,0
2018-04-18 02:00:00,2,2,0
2018-04-18 03:00:00,2,1,1
2018-04-18 04:00:00,10,5,5
2018-04-18 05:00:00,17,4,13
2018-04-18 06:00:00,70,15,55
2018-04-18 07:00:00,203,22,181
2018-04-18 08:00:00,356,37,319
2018-04-18 09:00:00,185,33,152
2018-04-18 10:00:00,74,26,48
2018-04-18 11:00:00,45,13,32
2018-04-18 12:00:00,41,25,16
2018-04-18 13:00:00,41,22,19
2018-04-18 14:00:00,50,29,21
2018-04-18 15:00:00,104,78,26
2018-04-18 16:00:00,188,167,21
2018-04-18 17:00:00,386,331,55
2018-04-18 18:00:00,255,204,51
2018-04-18 19:00:00,126,88,38
2018-04-18 20:00:00,75,52,23
2018-04-18 21:00:00,40,27,13
2018-04-18 22:00:00,20,15,5
2018-04-18 23:00:00,14,11,3
2018-04-19 00:00:00,2,1,1
2018-04-19 01:00:00,2,1,1
2018-04-19 02:00:00,4,3,1
2018-04-19 03:00:00,3,1,2
2018-04-19 04:00:00,5,3,2
2018-04-19 05:00:00,26,7,19
2018-04-19 06:00:00,76,20,56
2018-04-19 07:00:00,215,18,197
2018-04-19 08:00:00,343,34,309
2018-04-19 09:00:00,223,25,198
2018-04-19 10:00:00,96,28,68
2018-04-19 11:00:00,84,36,48
2018-04-19 12:00:00,70,32,38
2018-04-19 13:00:00,63,35,28
2018-04-19 14:00:00,73,37,36
2018-04-19 15:00:00,113,78,35
2018-04-19 16:00:00,235,194,41
2018-04-19 17:00:00,432,371,61
2018-04-19 18:00:00,289,238,51
2018-04-19 19:00:00,170,128,42
2018-04-19 20:00:00,76,59,17
2018-04-19 21:00:00,34,30,4
2018-04-19 22:00:00,20,13,7
2018-04-19 23:00:00,11,3,8
2018-04-20 00:00:00,5,4,1
2018-04-20 01:00:00,3,0,3
2018-04-20 02:00:00,0,0,0
2018-04-20 03:00:00,2,1,1
2018-04-20 04:00:00,4,2,2
2018-04-20 05:00:00,15,4,11
2018-04-20 06:00:00,71,16,55
2018-04-20 07:00:00,173,27,146
2018-04-20 08:00:00,315,28,287
2018-04-20 09:00:00,172,27,145
2018-04-20 10:00:00,75,22,53
2018-04-20 11:00:00,57,22,35
2018-04-20 12:00:00,68,31,37
2018-04-20 13:00:00,65,37,28
2018-04-20 14:00:00,71,40,31
2018-04-20 15:00:00,120,84,36
2018-04-20 16:00:00,235,191,44
2018-04-20 17:00:00,315,275,40
2018-04-20 18:00:00,197,171,26
2018-04-20 19:00:00,78,57,21
2018-04-20 20:00:00,46,35,11
2018-04-20 21:00:00,44,29,15
2018-04-20 22:00:00,26,17,9
2018-04-20 23:00:00,19,9,10
2018-04-21 00:00:00,13,8,5
2018-04-21 01:00:00,7,4,3
2018-04-21 02:00:00,1,0,1
2018-04-21 03:00:00,2,1,1
2018-04-21 04:00:00,3,0,3
2018-04-21 05:00:00,1,0,1
2018-04-21 06:00:00,5,3,2
2018-04-21 07:00:00,25,14,11
2018-04-21 08:00:00,39,21,18
2018-04-21 09:00:00,39,24,15
2018-04-21 10:00:00,59,35,24
2018-04-21 11:00:00,104,52,52
2018-04-21 12:00:00,121,70,51
2018-04-21 13:00:00,100,47,53
2018-04-21 14:00:00,101,51,50
2018-04-21 15:00:00,59,28,31
2018-04-21 16:00:00,74,27,47
2018-04-21 17:00:00,62,44,18
2018-04-21 18:00:00,45,23,22
2018-04-21 19:00:00,45,25,20
2018-04-21 20:00:00,30,13,17
2018-04-21 21:00:00,14,9,5
2018-04-21 22:00:00,20,12,8
2018-04-21 23:00:00,8,7,1
2018-04-22 00:00:00,11,9,2
2018-04-22 01:00:00,4,1,3
2018-04-22 02:00:00,3,3,0
2018-04-22 03:00:00,0,0,0
2018-04-22 04:00:00,1,0,1
2018-04-22 05:00:00,3,1,2
2018-04-22 06:00:00,7,3,4
2018-04-22 07:00:00,15,12,3
2018-04-22 08:00:00,28,16,12
2018-04-22 09:00:00,45,23,22
2018-04-22 10:00:00,63,34,29
2018-04-22 11:00:00,67,36,31
2018-04-22 12:00:00,111,58,53
2018-04-22 13:00:00,141,77,64
2018-04-22 14:00:00,135,75,60
2018-04-22 15:00:00,121,64,57
2018-04-22 16:00:00,151,82,69
2018-04-22 17:00:00,123,73,50
2018-04-22 18:00:00,85,45,40
2018-04-22 19:00:00,49,26,23
2018-04-22 20:00:00,40,19,21
2018-04-22 21:00:00,15,6,9
2018-04-22 22:00:00,11,8,3
2018-04-22 23:00:00,7,6,1
2018-04-23 00:00:00,7,3,4
2018-04-23 01:00:00,2,1,1
2018-04-23 02:00:00,1,0,1
2018-04-23 03:00:00,1,0,1
2018-04-23 04:00:00,7,1,6
2018-04-23 05:00:00,15,5,10
2018-04-23 06:00:00,95,16,79
2018-04-23 07:00:00,249,21,228
2018-04-23 08:00:00,399,42,357
2018-04-23 09:00:00,220,28,192
2018-04-23 10:00:00,90,25,65
2018-04-23 11:00:00,68,22,46
2018-04-23 12:00:00,76,38,38
2018-04-23 13:00:00,76,42,34
2018-04-23 14:00:00,71,37,34
2018-04-23 15:00:00,114,74,40
2018-04-23 16:00:00,298,244,54
2018-04-23 17:00:00,508,451,57
2018-04-23 18:00:00,346,279,67
2018-04-23 19:00:00,161,115,46
2018-04-23 20:00:00,81,50,31
2018-04-23 21:00:00,53,38,15
2018-04-23 22:00:00,16,11,5
2018-04-23 23:00:00,10,8,2
2018-04-24 00:00:00,2,1,1
2018-04-24 01:00:00,1,0,1
2018-04-24 02:00:00,1,0,1
2018-04-24 03:00:00,0,0,0
2018-04-24 04:00:00,10,2,8
2018-04-24 05:00:00,20,3,17
2018-04-24 06:00:00,120,24,96
2018-04-24 07:00:00,312,30,282
2018-04-24 08:00:00,456,48,408
2018-04-24 09:00:00,251,31,220
2018-04-24 10:00:00,101,28,73
2018-04-24 11:00:00,71,32,39
2018-04-24 12:00:00,66,34,32
2018-04-24 13:00:00,68,44,24
2018-04-24 14:00:00,80,43,37
2018-04-24 15:00:00,135,100,35
2018-04-24 16:00:00,294,248,46
2018-04-24 17:00:00,561,474,87
2018-04-24 18:00:00,376,317,59
2018-04-24 19:00:00,187,137,50
2018-04-24 20:00:00,103,53,50
2018-04-24 21:00:00,48,29,19
2018-04-24 22:00:00,35,21,14
2018-04-24 23:00:00,15,8,7
2018-04-25 00:00:00,2,2,0
2018-04-25 01:00:00,1,1,0
2018-04-25 02:00:00,2,0,2
2018-04-25 03:00:00,2,2,0
2018-04-25 04:00:00,6,3,3
2018-04-25 05:00:00,26,7,19
2018-04-25 06:00:00,101,21,80
2018-04-25 07:00:00,311,34,277
2018-04-25 08:00:00,454,43,411
2018-04-25 09:00:00,259,37,222
2018-04-25 10:00:00,99,35,64
2018-04-25 11:00:00,71,26,45
2018-04-25 12:00:00,71,36,35
2018-04-25 13:00:00,79,40,39
2018-04-25 14:00:00,89,60,29
2018-04-25 15:00:00,115,86,29
2018-04-25 16:00:00,304,266,38
2018-04-25 17:00:00,552,477,75
2018-04-25 18:00:00,361,298,63
2018-04-25 19:00:00,182,127,55
2018-04-25 20:00:00,115,68,47
2018-04-25 21:00:00,69,43,26
2018-04-25 22:00:00,32,16,16
2018-04-25 23:00:00,10,8,2
2018-04-26 00:00:00,5,1,4
2018-04-26 01:00:00,2,1,1
2018-04-26 02:00:00,0,0,0
2018-04-26 03:00:00,1,1,0
2018-04-26 04:00:00,5,3,2
2018-04-26 05:00:00,22,5,17
2018-04-26 06:00:00,107,23,84
2018-04-26 07:00:00,281,34,247
2018-04-26 08:00:00,448,38,410
2018-04-26 09:00:00,257,38,219
2018-04-26 10:00:00,117,39,78
2018-04-26 11:00:00,86,40,46
2018-04-26 12:00:00,94,48,46
2018-04-26 13:00:00,75,35,40
2018-04-26 14:00:00,92,55,37
2018-04-26 15:00:00,154,107,47
2018-04-26 16:00:00,312,245,67
2018-04-26 17:00:00,528,449,79
2018-04-26 18:00:00,411,318,93
2018-04-26 19:00:00,195,131,64
2018-04-26 20:00:00,132,68,64
2018-04-26 21:00:00,80,53,27
2018-04-26 22:00:00,29,18,11
2018-04-26 23:00:00,13,8,5
2018-04-27 00:00:00,8,5,3
2018-04-27 01:00:00,3,1,2
2018-04-27 02:00:00,1,0,1
2018-04-27 03:00:00,0,0,0
2018-04-27 04:00:00,6,4,2
2018-04-27 05:00:00,15,3,12
2018-04-27 06:00:00,75,17,58
2018-04-27 07:00:00,163,21,142
2018-04-27 08:00:00,341,36,305
2018-04-27 09:00:00,172,24,148
2018-04-27 10:00:00,71,19,52
2018-04-27 11:00:00,75,35,40
2018-04-27 12:00:00,55,31,24
2018-04-27 13:00:00,51,29,22
2018-04-27 14:00:00,56,36,20
2018-04-27 15:00:00,116,89,27
2018-04-27 16:00:00,200,168,32
2018-04-27 17:00:00,345,302,43
2018-04-27 18:00:00,233,195,38
2018-04-27 19:00:00,75,61,14
2018-04-27 20:00:00,48,22,26
2018-04-27 21:00:00,28,19,9
2018-04-27 22:00:00,19,12,7
2018-04-27 23:00:00,11,10,1
2018-04-28 00:00:00,8,6,2
2018-04-28 01:00:00,5,2,3
2018-04-28 02:00:00,4,2,2
2018-04-28 03:00:00,0,0,0
2018-04-28 04:00:00,0,0,0
2018-04-28 05:00:00,2,1,1
2018-04-28 06:00:00,7,4,3
2018-04-28 07:00:00,11,7,4
2018-04-28 08:00:00,10,3,7
2018-04-28 09:00:00,4,1,3
2018-04-28 10:00:00,7,3,4
2018-04-28 11:00:00,22,8,14
2018-04-28 12:00:00,24,11,13
2018-04-28 13:00:00,37,14,23
2018-04-28 14:00:00,41,23,18
2018-04-28 15:00:00,46,25,21
2018-04-28 16:00:00,33,21,12
2018-04-28 17:00:00,45,20,25
2018-04-28 18:00:00,31,19,12
2018-04-28 19:00:00,15,9,6
2018-04-28 20:00:00,15,10,5
2018-04-28 21:00:00,8,7,1
2018-04-28 22:00:00,14,9,5
2018-04-28 23:00:00,7,5,2
2018-04-29 00:00:00,5,3,2
2018-04-29 01:00:00,2,2,0
2018-04-29 02:00:00,3,1,2
2018-04-29 03:00:00,2,1,1
2018-04-29 04:00:00,1,0,1
2018-04-29 05:00:00,1,0,1
2018-04-29 06:00:00,10,4,6
2018-04-29 07:00:00,15,7,8
2018-04-29 08:00:00,23,13,10
2018-04-29 09:00:00,35,13,22
2018-04-29 10:00:00,46,27,19
2018-04-29 11:00:00,65,34,31
2018-04-29 12:00:00,97,59,38
2018-04-29 13:00:00,101,61,40
2018-04-29 14:00:00,71,35,36
2018-04-29 15:00:00,99,45,54
2018-04-29 16:00:00,73,40,33
2018-04-29 17:00:00,62,31,31
2018-04-29 18:00:00,51,26,25
2018-04-29 19:00:00,37,20,17
2018-04-29 20:00:00,34,13,21
2018-04-29 21:00:00,17,10,7
2018-04-29 22:00:00,10,7,3
2018-04-29 23:00:00,9,5,4
2018-04-30 00:00:00,2,2,0
2018-04-30 01:00:00,1,1,0
2018-04-30 02:00:00,3,1,2
2018-04-30 03:00:00,2,1,1
2018-04-30 04:00:00,7,5,2
2018-04-30 05:00:00,17,5,12
2018-04-30 06:00:00,74,14,60
2018-04-30 07:00:00,196,15,181
2018-04-30 08:00:00,361,37,324
2018-04-30 09:00:00,180,26,154
2018-04-30 10:00:00,82,18,64
2018-04-30 11:00:00,53,21,32
2018-04-30 12:00:00,41,19,22
2018-04-30 13:00:00,40,20,20
2018-04-30 14:00:00,53,34,19
2018-04-30 15:00:00,83,53,30
2018-04-30 16:00:00,186,153,33
2018-04-30 17:00:00,417,380,37
2018-04-30 18:00:00,261,212,49
2018-04-30 19:00:00,116,93,23
2018-04-30 20:00:00,58,39,19
2018-04-30 21:00:00,33,20,13
2018-04-30 22:00:00,17,14,3
2018-04-30 23:00:00,8,6,2
2018-05-01 00:00:00,5,5,0
2018-05-01 01:00:00,3,1,2
2018-05-01 02:00:00,0,0,0
2018-05-01 03:00:00,3,1,2
2018-05-01 04:00:00,5,2,3
2018-05-01 05:00:00,27,8,19
2018-05-01 06:00:00,108,23,85
2018-05-01 07:00:00,263,22,241
2018-05-01 08:00:00,422,37,385
2018-05-01 09:00:00,245,21,224
2018-05-01 10:00:00,120,32,88
2018-05-01 11:00:00,60,27,33
2018-05-01 12:00:00,59,30,29
2018-05-01 13:00:00,67,40,27
2018-05-01 14:00:00,91,52,39
2018-05-01 15:00:00,132,97,35
2018-05-01 16:00:00,251,213,38
2018-05-01 17:00:00,540,479,61
2018-05-01 18:00:00,328,267,61
2018-05-01 19:00:00,173,130,43
2018-05-01 20:00:00,99,50,49
2018-05-01 21:00:00,40,32,8
2018-05-01 22:00:00,36,26,10
2018-05-01 23:00:00,19,11,8
2018-05-02 00:00:00,1,1,0
2018-05-02 01:00:00,0,0,0
2018-05-02 02:00:00,0,0,0
2018-05-02 03:00:00,0,0,0
2018-05-02 04:00:00,5,3,2
2018-05-02 05:00:00,28,7,21
2018-05-02 06:00:00,106,18,88
2018-05-02 07:00:00,318,23,295
2018-05-02 08:00:00,487,40,447
2018-05-02 09:00:00,236,37,199
2018-05-02 10:00:00,109,31,78
2018-05-02 11:00:00,64,31,33
2018-05-02 12:00:00,61,38,23
2018-05-02 13:00:00,97,50,47
2018-05-02 14:00:00,81,47,34
2018-05-02 15:00:00,123,95,28
2018-05-02 16:00:00,321,269,52
2018-05-02 17:00:00,579,499,80
2018-05-02 18:00:00,368,306,62
2018-05-02 19:00:00,209,150,59
2018-05-02 20:00:00,94,62,32
2018-05-02 21:00:00,47,27,20
2018-05-02 22:00:00,34,23,11
2018-05-02 23:00:00,16,13,3
2018-05-03 00:00:00,7,1,6
2018-05-03 01:00:00,5,4,1
2018-05-03 02:00:00,0,0,0
2018-05-03 03:00:00,1,0,1
2018-05-03 04:00:00,7,4,3
2018-05-03 05:00:00,29,9,20
2018-05-03 06:00:00,90,15,75
2018-05-03 07:00:00,283,30,253
2018-05-03 08:00:00,455,42,413
2018-05-03 09:00:00,245,31,214
2018-05-03 10:00:00,102,27,75
2018-05-03 11:00:00,54,27,27
2018-05-03 12:00:00,64,30,34
2018-05-03 13:00:00,69,37,32
2018-05-03 14:00:00,86,59,27
2018-05-03 15:00:00,155,107,48
2018-05-03 16:00:00,323,266,57
2018-05-03 17:00:00,553,464,89
2018-05-03 18:00:00,338,267,71
2018-05-03 19:00:00,172,127,45
2018-05-03 20:00:00,91,55,36
2018-05-03 21:00:00,52,36,16
2018-05-03 22:00:00,32,23,9
2018-05-03 23:00:00,21,12,9
2018-05-04 00:00:00,11,9,2
2018-05-04 01:00:00,5,5,0
2018-05-04 02:00:00,2,1,1
2018-05-04 03:00:00,2,1,1
2018-05-04 04:00:00,7,5,2
2018-05-04 05:00:00,25,8,17
2018-05-04 06:00:00,77,19,58
2018-05-04 07:00:00,241,27,214
2018-05-04 08:00:00,360,44,316
2018-05-04 09:00:00,207,34,173
2018-05-04 10:00:00,93,23,70
2018-05-04 11:00:00,72,24,48
2018-05-04 12:00:00,63,36,27
2018-05-04 13:00:00,91,47,44
2018-05-04 14:00:00,81,56,25
2018-05-04 15:00:00,130,84,46
2018-05-04 16:00:00,258,227,31
2018-05-04 17:00:00,406,344,62
2018-05-04 18:00:00,236,189,47
2018-05-04 19:00:00,141,97,44
2018-05-04 20:00:00,61,31,30
2018-05-04 21:00:00,48,29,19
2018-05-04 22:00:00,29,19,10
2018-05-04 23:00:00,23,14,9
2018-05-05 00:00:00,12,4,8
2018-05-05 01:00:00,5,5,0
2018-05-05 02:00:00,2,1,1
2018-05-05 03:00:00,1,0,1
2018-05-05 04:00:00,3,1,2
2018-05-05 05:00:00,6,3,3
2018-05-05 06:00:00,12,6,6
2018-05-05 07:00:00,30,16,14
2018-05-05 08:00:00,54,22,32
2018-05-05 09:00:00,82,42,40
2018-05-05 10:00:00,98,51,47
2018-05-05 11:00:00,133,73,60
2018-05-05 12:00:00,160,72,88
2018-05-05 13:00:00,164,69,95
2018-05-05 14:00:00,151,83,68
2018-05-05 15:00:00,181,104,77
2018-05-05 16:00:00,111,65,46
2018-05-05 17:00:00,103,46,57
2018-05-05 18:00:00,83,41,42
2018-05-05 19:00:00,70,32,38
2018-05-05 20:00:00,24,12,12
2018-05-05 21:00:00,23,17,6
2018-05-05 22:00:00,18,11,7
2018-05-05 23:00:00,14,11,3
2018-05-06 00:00:00,5,2,3
2018-05-06 01:00:00,6,4,2
2018-05-06 02:00:00,4,1,3
2018-05-06 03:00:00,0,0,0
2018-05-06 04:00:00,3,0,3
2018-05-06 05:00:00,5,2,3
2018-05-06 06:00:00,8,3,5
2018-05-06 07:00:00,21,6,15
2018-05-06 08:00:00,32,17,15
2018-05-06 09:00:00,55,30,25
2018-05-06 10:00:00,86,59,27
2018-05-06 11:00:00,119,64,55
2018-05-06 12:00:00,132,67,65
2018-05-06 13:00:00,160,90,70
2018-05-06 14:00:00,205,116,89
2018-05-06 15:00:00,147,67,80
2018-05-06 16:00:00,168,90,78
2018-05-06 17:00:00,139,68,71
2018-05-06 18:00:00,82,30,52
2018-05-06 19:00:00,57,24,33
2018-05-06 20:00:00,34,14,20
2018-05-06 21:00:00,20,15,5
2018-05-06 22:00:00,14,11,3
2018-05-06 23:00:00,7,5,2
2018-05-07 00:00:00,4,2,2
2018-05-07 01:00:00,1,1,0
2018-05-07 02:00:00,2,0,2
2018-05-07 03:00:00,1,1,0
2018-05-07 04:00:00,7,4,3
2018-05-07 05:00:00,27,6,21
2018-05-07 06:00:00,109,28,81
2018-05-07 07:00:00,302,26,276
2018-05-07 08:00:00,487,45,442
2018-05-07 09:00:00,227,31,196
2018-05-07 10:00:00,84,19,65
2018-05-07 11:00:00,62,19,43
2018-05-07 12:00:00,57,29,28
2018-05-07 13:00:00,53,31,22
2018-05-07 14:00:00,70,46,24
2018-05-07 15:00:00,125,77,48
2018-05-07 16:00:00,307,257,50
2018-05-07 17:00:00,540,477,63
2018-05-07 18:00:00,373,325,48
2018-05-07 19:00:00,171,111,60
2018-05-07 20:00:00,95,58,37
2018-05-07 21:00:00,54,32,22
2018-05-07 22:00:00,20,18,2
2018-05-07 23:00:00,16,10,6
2018-05-08 00:00:00,5,4,1
2018-05-08 01:00:00,1,1,0
2018-05-08 02:00:00,1,1,0
2018-05-08 03:00:00,1,0,1
2018-05-08 04:00:00,7,4,3
2018-05-08 05:00:00,24,3,21
2018-05-08 06:00:00,117,30,87
2018-05-08 07:00:00,367,39,328
2018-05-08 08:00:00,492,38,454
2018-05-08 09:00:00,260,42,218
2018-05-08 10:00:00,104,28,76
2018-05-08 11:00:00,83,31,52
2018-05-08 12:00:00,80,37,43
2018-05-08 13:00:00,67,26,41
2018-05-08 14:00:00,85,58,27
2018-05-08 15:00:00,142,105,37
2018-05-08 16:00:00,316,252,64
2018-05-08 17:00:00,540,476,64
2018-05-08 18:00:00,308,261,47
2018-05-08 19:00:00,157,117,40
2018-05-08 20:00:00,84,61,23
2018-05-08 21:00:00,41,28,13
2018-05-08 22:00:00,36,25,11
2018-05-08 23:00:00,10,6,4
2018-05-09 00:00:00,8,5,3
2018-05-09 01:00:00,2,2,0
2018-05-09 02:00:00,2,2,0
2018-05-09 03:00:00,2,0,2
2018-05-09 04:00:00,7,4,3
2018-05-09 05:00:00,23,6,17
2018-05-09 06:00:00,116,18,98
2018-05-09 07:00:00,286,37,249
2018-05-09 08:00:00,439,49,390
2018-05-09 09:00:00,234,40,194
2018-05-09 10:00:00,108,25,83
2018-05-09 11:00:00,57,29,28
2018-05-09 12:00:00,45,23,22
2018-05-09 13:00:00,45,25,20
2018-05-09 14:00:00,75,46,29
2018-05-09 15:00:00,111,84,27
2018-05-09 16:00:00,286,248,38
2018-05-09 17:00:00,469,401,68
2018-05-09 18:00:00,319,271,48
2018-05-09 19:00:00,191,131,60
2018-05-09 20:00:00,118,70,48
2018-05-09 21:00:00,63,36,27
2018-05-09 22:00:00,29,16,13
2018-05-09 23:00:00,20,13,7
2018-05-10 00:00:00,9,6,3
2018-05-10 01:00:00,3,2,1
2018-05-10 02:00:00,4,3,1
2018-05-10 03:00:00,2,0,2
2018-05-10 04:00:00,4,1,3
2018-05-10 05:00:00,28,10,18
2018-05-10 06:00:00,73,16,57
2018-05-10 07:00:00,217,18,199
2018-05-10 08:00:00,363,32,331
2018-05-10 09:00:00,169,26,143
2018-05-10 10:00:00,78,19,59
2018-05-10 11:00:00,48,18,30
2018-05-10 12:00:00,47,18,29
2018-05-10 13:00:00,49,19,30
2018-05-10 14:00:00,55,36,19
2018-05-10 15:00:00,88,59,29
2018-05-10 16:00:00,198,156,42
2018-05-10 17:00:00,372,330,42
2018-05-10 18:00:00,274,229,45
2018-05-10 19:00:00,105,71,34
2018-05-10 20:00:00,77,47,30
2018-05-10 21:00:00,40,23,17
2018-05-10 22:00:00,20,20,0
2018-05-10 23:00:00,11,5,6
2018-05-11 00:00:00,9,7,2
2018-05-11 01:00:00,1,0,1
2018-05-11 02:00:00,5,4,1
2018-05-11 03:00:00,3,2,1
2018-05-11 04:00:00,9,6,3
2018-05-11 05:00:00,30,10,20
2018-05-11 06:00:00,93,23,70
2018-05-11 07:00:00,241,27,214
2018-05-11 08:00:00,361,37,324
2018-05-11 09:00:00,205,32,173
2018-05-11 10:00:00,80,24,56
2018-05-11 11:00:00,67,24,43
2018-05-11 12:00:00,70,38,32
2018-05-11 13:00:00,72,36,36
2018-05-11 14:00:00,101,67,34
2018-05-11 15:00:00,135,92,43
2018-05-11 16:00:00,330,285,45
2018-05-11 17:00:00,428,360,68
2018-05-11 18:00:00,236,181,55
2018-05-11 19:00:00,128,85,43
2018-05-11 20:00:00,95,56,39
2018-05-11 21:00:00,51,32,19
2018-05-11 22:00:00,35,16,19
2018-05-11 23:00:00,21,11,10
2018-05-12 00:00:00,18,13,5
2018-05-12 01:00:00,8,5,3
2018-05-12 02:00:00,1,1,0
2018-05-12 03:00:00,2,1,1
2018-05-12 04:00:00,3,2,1
2018-05-12 05:00:00,8,6,2
2018-05-12 06:00:00,19,9,10
2018-05-12 07:00:00,32,18,14
2018-05-12 08:00:00,41,22,19
2018-05-12 09:00:00,97,54,43
2018-05-12 10:00:00,110,52,58
2018-05-12 11:00:00,133,64,69
2018-05-12 12:00:00,146,81,65
2018-05-12 13:00:00,210,120,90
2018-05-12 14:00:00,196,114,82
2018-05-12 15:00:00,161,75,86
2018-05-12 16:00:00,201,96,105
2018-05-12 17:00:00,137,75,62
2018-05-12 18:00:00,118,49,69
2018-05-12 19:00:00,80,36,44
2018-05-12 20:00:00,75,31,44
2018-05-12 21:00:00,53,32,21
2018-05-12 22:00:00,34,14,20
2018-05-12 23:00:00,21,11,10
2018-05-13 00:00:00,13,6,7
2018-05-13 01:00:00,8,4,4
2018-05-13 02:00:00,1,1,0
2018-05-13 03:00:00,3,2,1
2018-05-13 04:00:00,4,2,2
2018-05-13 05:00:00,6,3,3
2018-05-13 06:00:00,16,5,11
2018-05-13 07:00:00,31,14,17
2018-05-13 08:00:00,40,21,19
2018-05-13 09:00:00,76,43,33
2018-05-13 10:00:00,83,54,29
2018-05-13 11:00:00,102,48,54
2018-05-13 12:00:00,162,91,71
2018-05-13 13:00:00,163,87,76
2018-05-13 14:00:00,164,91,73
2018-05-13 15:00:00,163,91,72
2018-05-13 16:00:00,180,95,85
2018-05-13 17:00:00,136,55,81
2018-05-13 18:00:00,107,56,51
2018-05-13 19:00:00,77,49,28
2018-05-13 20:00:00,69,25,44
2018-05-13 21:00:00,31,13,18
2018-05-13 22:00:00,22,13,9
2018-05-13 23:00:00,17,10,7
2018-05-14 00:00:00,1,1,0
2018-05-14 01:00:00,0,0,0
2018-05-14 02:00:00,2,0,2
2018-05-14 03:00:00,1,0,1
2018-05-14 04:00:00,9,4,5
2018-05-14 05:00:00,34,9,25
2018-05-14 06:00:00,114,19,95
2018-05-14 07:00:00,329,21,308
2018-05-14 08:00:00,516,50,466
2018-05-14 09:00:00,289,45,244
2018-05-14 10:00:00,113,31,82
2018-05-14 11:00:00,76,40,36
2018-05-14 12:00:00,62,24,38
2018-05-14 13:00:00,78,47,31
2018-05-14 14:00:00,86,55,31
2018-05-14 15:00:00,146,99,47
2018-05-14 16:00:00,325,278,47
2018-05-14 17:00:00,594,525,69
2018-05-14 18:00:00,381,313,68
2018-05-14 19:00:00,185,130,55
2018-05-14 20:00:00,115,70,45
2018-05-14 21:00:00,81,52,29
2018-05-14 22:00:00,27,19,8
2018-05-14 23:00:00,15,9,6
2018-05-15 00:00:00,8,6,2
2018-05-15 01:00:00,1,0,1
2018-05-15 02:00:00,0,0,0
2018-05-15 03:00:00,2,1,1
2018-05-15 04:00:00,9,5,4
2018-05-15 05:00:00,27,7,20
2018-05-15 06:00:00,139,25,114
2018-05-15 07:00:00,332,28,304
2018-05-15 08:00:00,471,40,431
2018-05-15 09:00:00,284,46,238
2018-05-15 10:00:00,122,36,86
2018-05-15 11:00:00,68,28,40
2018-05-15 12:00:00,54,26,28
2018-05-15 13:00:00,72,44,28
2018-05-15 14:00:00,86,57,29
2018-05-15 15:00:00,129,84,45
2018-05-15 16:00:00,321,267,54
2018-05-15 17:00:00,614,535,79
2018-05-15 18:00:00,396,325,71
2018-05-15 19:00:00,196,140,56
2018-05-15 20:00:00,121,72,49
2018-05-15 21:00:00,79,52,27
2018-05-15 22:00:00,39,27,12
2018-05-15 23:00:00,11,5,6
2018-05-16 00:00:00,8,6,2
2018-05-16 01:00:00,1,1,0
2018-05-16 02:00:00,0,0,0
2018-05-16 03:00:00,0,0,0
2018-05-16 04:00:00,6,4,2
2018-05-16 05:00:00,29,10,19
2018-05-16 06:00:00,122,17,105
2018-05-16 07:00:00,328,28,300
2018-05-16 08:00:00,461,36,425
2018-05-16 09:00:00,266,34,232
2018-05-16 10:00:00,109,26,83
2018-05-16 11:00:00,55,17,38
2018-05-16 12:00:00,74,34,40
2018-05-16 13:00:00,88,52,36
2018-05-16 14:00:00,82,48,34
2018-05-16 15:00:00,113,89,24
2018-05-16 16:00:00,331,293,38
2018-05-16 17:00:00,526,457,69
2018-05-16 18:00:00,354,304,50
2018-05-16 19:00:00,180,141,39
2018-05-16 20:00:00,100,62,38
2018-05-16 21:00:00,61,44,17
2018-05-16 22:00:00,27,17,10
2018-05-16 23:00:00,25,21,4
2018-05-17 00:00:00,8,5,3
2018-05-17 01:00:00,2,1,1
2018-05-17 02:00:00,2,1,1
2018-05-17 03:00:00,2,0,2
2018-05-17 04:00:00,4,3,1
2018-05-17 05:00:00,22,9,13
2018-05-17 06:00:00,102,16,86
2018-05-17 07:00:00,299,32,267
2018-05-17 08:00:00,409,42,367
2018-05-17 09:00:00,239,30,209
2018-05-17 10:00:00,101,30,71
2018-05-17 11:00:00,68,28,40
2018-05-17 12:00:00,68,32,36
2018-05-17 13:00:00,82,47,35
2018-05-17 14:00:00,73,42,31
2018-05-17 15:00:00,142,89,53
2018-05-17 16:00:00,278,234,44
2018-05-17 17:00:00,479,425,54
2018-05-17 18:00:00,325,275,50
2018-05-17 19:00:00,161,127,34
2018-05-17 20:00:00,110,73,37
2018-05-17 21:00:00,44,30,14
2018-05-17 22:00:00,52,31,21
2018-05-17 23:00:00,16,9,7
2018-05-18 00:00:00,10,6,4
2018-05-18 01:00:00,7,5,2
2018-05-18 02:00:00,0,0,0
2018-05-18 03:00:00,0,0,0
2018-05-18 04:00:00,9,5,4
2018-05-18 05:00:00,24,5,19
2018-05-18 06:00:00,147,28,119
2018-05-18 07:00:00,425,59,366
2018-05-18 08:00:00,601,105,496
2018-05-18 09:00:00,266,59,207
2018-05-18 10:00:00,108,33,75
2018-05-18 11:00:00,77,32,45
2018-05-18 12:00:00,77,46,31
2018-05-18 13:00:00,89,58,31
2018-05-18 14:00:00,93,64,29
2018-05-18 15:00:00,151,115,36
2018-05-18 16:00:00,335,266,69
2018-05-18 17:00:00,499,424,75
2018-05-18 18:00:00,276,219,57
2018-05-18 19:00:00,132,96,36
2018-05-18 20:00:00,76,47,29
2018-05-18 21:00:00,42,28,14
2018-05-18 22:00:00,35,24,11
2018-05-18 23:00:00,32,23,9
2018-05-19 00:00:00,7,4,3
2018-05-19 01:00:00,7,6,1
2018-05-19 02:00:00,4,2,2
2018-05-19 03:00:00,0,0,0
2018-05-19 04:00:00,4,1,3
2018-05-19 05:00:00,13,8,5
2018-05-19 06:00:00,15,9,6
2018-05-19 07:00:00,33,12,21
2018-05-19 08:00:00,42,22,20
2018-05-19 09:00:00,100,22,78
2018-05-19 10:00:00,91,41,50
2018-05-19 11:00:00,120,72,48
2018-05-19 12:00:00,150,84,66
2018-05-19 13:00:00,149,81,68
2018-05-19 14:00:00,117,58,59
2018-05-19 15:00:00,141,75,66
2018-05-19 16:00:00,142,79,63
2018-05-19 17:00:00,144,60,84
2018-05-19 18:00:00,107,59,48
2018-05-19 19:00:00,41,19,22
2018-05-19 20:00:00,28,20,8
2018-05-19 21:00:00,23,16,7
2018-05-19 22:00:00,22,14,8
2018-05-19 23:00:00,22,10,12
2018-05-20 00:00:00,11,8,3
2018-05-20 01:00:00,4,3,1
2018-05-20 02:00:00,7,5,2
2018-05-20 03:00:00,2,1,1
2018-05-20 04:00:00,3,1,2
2018-05-20 05:00:00,5,0,5
2018-05-20 06:00:00,5,4,1
2018-05-20 07:00:00,16,9,7
2018-05-20 08:00:00,41,20,21
2018-05-20 09:00:00,26,13,13
2018-05-20 10:00:00,58,38,20
2018-05-20 11:00:00,83,45,38
2018-05-20 12:00:00,91,38,53
2018-05-20 13:00:00,94,45,49
2018-05-20 14:00:00,92,50,42
2018-05-20 15:00:00,95,54,41
2018-05-20 16:00:00,99,52,47
2018-05-20 17:00:00,122,71,51
2018-05-20 18:00:00,83,46,37
2018-05-20 19:00:00,70,39,31
2018-05-20 20:00:00,39,23,16
2018-05-20 21:00:00,20,8,12
2018-05-20 22:00:00,14,10,4
2018-05-20 23:00:00,8,4,4
2018-05-21 00:00:00,5,1,4
2018-05-21 01:00:00,2,2,0
2018-05-21 02:00:00,2,0,2
2018-05-21 03:00:00,3,2,1
2018-05-21 04:00:00,9,4,5
2018-05-21 05:00:00,31,15,16
2018-05-21 06:00:00,111,17,94
2018-05-21 07:00:00,295,31,264
2018-05-21 08:00:00,474,46,428
2018-05-21 09:00:00,279,41,238
2018-05-21 10:00:00,96,25,71
2018-05-21 11:00:00,87,34,53
2018-05-21 12:00:00,73,46,27
2018-05-21 13:00:00,69,38,31
2018-05-21 14:00:00,72,46,26
2018-05-21 15:00:00,118,79,39
2018-05-21 16:00:00,302,248,54
2018-05-21 17:00:00,553,480,73
2018-05-21 18:00:00,381,316,65
2018-05-21 19:00:00,171,130,41
2018-05-21 20:00:00,121,81,40
2018-05-21 21:00:00,55,39,16
2018-05-21 22:00:00,32,19,13
2018-05-21 23:00:00,13,7,6
2018-05-22 00:00:00,8,5,3
2018-05-22 01:00:00,4,3,1
2018-05-22 02:00:00,0,0,0
2018-05-22 03:00:00,2,1,1
2018-05-22 04:00:00,7,2,5
2018-05-22 05:00:00,36,14,22
2018-05-22 06:00:00,121,24,97
2018-05-22 07:00:00,369,34,335
2018-05-22 08:00:00,493,42,451
2018-05-22 09:00:00,303,35,268
2018-05-22 10:00:00,130,40,90
2018-05-22 11:00:00,97,38,59
2018-05-22 12:00:00,86,40,46
2018-05-22 13:00:00,77,44,33
2018-05-22 14:00:00,86,54,32
2018-05-22 15:00:00,174,113,61
2018-05-22 16:00:00,378,314,64
2018-05-22 17:00:00,581,491,90
2018-05-22 18:00:00,421,350,71
2018-05-22 19:00:00,216,156,60
2018-05-22 20:00:00,145,99,46
2018-05-22 21:00:00,76,46,30
2018-05-22 22:00:00,27,19,8
2018-05-22 23:00:00,39,32,7
2018-05-23 00:00:00,6,3,3
2018-05-23 01:00:00,3,3,0
2018-05-23 02:00:00,4,3,1
2018-05-23 03:00:00,1,0,1
2018-05-23 04:00:00,7,4,3
2018-05-23 05:00:00,49,19,30
2018-05-23 06:00:00,114,22,92
2018-05-23 07:00:00,374,37,337
2018-05-23 08:00:00,487,46,441
2018-05-23 09:00:00,267,44,223
2018-05-23 10:00:00,105,22,83
2018-05-23 11:00:00,91,40,51
2018-05-23 12:00:00,94,51,43
2018-05-23 13:00:00,92,55,37
2018-05-23 14:00:00,94,45,49
2018-05-23 15:00:00,145,101,44
2018-05-23 16:00:00,349,292,57
2018-05-23 17:00:00,613,538,75
2018-05-23 18:00:00,393,327,66
2018-05-23 19:00:00,194,143,51
2018-05-23 20:00:00,125,80,45
2018-05-23 21:00:00,73,39,34
2018-05-23 22:00:00,37,28,9
2018-05-23 23:00:00,20,11,9
2018-05-24 00:00:00,12,6,6
2018-05-24 01:00:00,1,1,0
2018-05-24 02:00:00,2,1,1
2018-05-24 03:00:00,2,0,2
2018-05-24 04:00:00,7,3,4
2018-05-24 05:00:00,35,11,24
2018-05-24 06:00:00,107,20,87
2018-05-24 07:00:00,262,24,238
2018-05-24 08:00:00,420,43,377
2018-05-24 09:00:00,248,40,208
2018-05-24 10:00:00,98,23,75
2018-05-24 11:00:00,62,38,24
2018-05-24 12:00:00,61,23,38
2018-05-24 13:00:00,69,34,35
2018-05-24 14:00:00,114,76,38
2018-05-24 15:00:00,133,104,29
2018-05-24 16:00:00,262,209,53
2018-05-24 17:00:00,516,445,71
2018-05-24 18:00:00,367,295,72
2018-05-24 19:00:00,165,107,58
2018-05-24 20:00:00,103,72,31
2018-05-24 21:00:00,66,50,16
2018-05-24 22:00:00,28,16,12
2018-05-24 23:00:00,13,9,4
2018-05-25 00:00:00,11,9,2
2018-05-25 01:00:00,6,2,4
2018-05-25 02:00:00,4,2,2
2018-05-25 03:00:00,0,0,0
2018-05-25 04:00:00,6,5,1
2018-05-25 05:00:00,27,10,17
2018-05-25 06:00:00,101,25,76
2018-05-25 07:00:00,212,30,182
2018-05-25 08:00:00,362,35,327
2018-05-25 09:00:00,201,28,173
2018-05-25 10:00:00,99,19,80
2018-05-25 11:00:00,62,21,41
2018-05-25 12:00:00,94,56,38
2018-05-25 13:00:00,97,64,33
2018-05-25 14:00:00,121,87,34
2018-05-25 15:00:00,156,116,40
2018-05-25 16:00:00,287,247,40
2018-05-25 17:00:00,348,283,65
2018-05-25 18:00:00,211,167,44
2018-05-25 19:00:00,99,67,32
2018-05-25 20:00:00,60,42,18
2018-05-25 21:00:00,59,42,17
2018-05-25 22:00:00,32,18,14
2018-05-25 23:00:00,29,19,10
2018-05-26 00:00:00,10,4,6
2018-05-26 01:00:00,7,3,4
2018-05-26 02:00:00,4,3,1
2018-05-26 03:00:00,3,1,2
2018-05-26 04:00:00,2,0,2
2018-05-26 05:00:00,5,2,3
2018-05-26 06:00:00,18,12,6
2018-05-26 07:00:00,29,16,13
2018-05-26 08:00:00,43,20,23
2018-05-26 09:00:00,57,36,21
2018-05-26 10:00:00,74,29,45
2018-05-26 11:00:00,132,50,82
2018-05-26 12:00:00,103,48,55
2018-05-26 13:00:00,123,47,76
2018-05-26 14:00:00,131,54,77
2018-05-26 15:00:00,117,64,53
2018-05-26 16:00:00,136,79,57
2018-05-26 17:00:00,115,82,33
2018-05-26 18:00:00,88,47,41
2018-05-26 19:00:00,83,49,34
2018-05-26 20:00:00,44,24,20
2018-05-26 21:00:00,43,28,15
2018-05-26 22:00:00,27,20,7
2018-05-26 23:00:00,11,7,4
2018-05-27 00:00:00,4,3,1
2018-05-27 01:00:00,3,2,1
2018-05-27 02:00:00,2,1,1
2018-05-27 03:00:00,4,2,2
2018-05-27 04:00:00,4,2,2
2018-05-27 05:00:00,5,1,4
2018-05-27 06:00:00,9,5,4
2018-05-27 07:00:00,13,5,8
2018-05-27 08:00:00,41,24,17
2018-05-27 09:00:00,64,41,23
2018-05-27 10:00:00,108,59,49
2018-05-27 11:00:00,137,74,63
2018-05-27 12:00:00,154,87,67
2018-05-27 13:00:00,186,82,104
2018-05-27 14:00:00,219,92,127
2018-05-27 15:00:00,210,89,121
2018-05-27 16:00:00,153,80,73
2018-05-27 17:00:00,156,94,62
2018-05-27 18:00:00,134,70,64
2018-05-27 19:00:00,114,60,54
2018-05-27 20:00:00,73,50,23
2018-05-27 21:00:00,43,28,15
2018-05-27 22:00:00,29,16,13
2018-05-27 23:00:00,7,7,0
2018-05-28 00:00:00,9,5,4
2018-05-28 01:00:00,1,1,0
2018-05-28 02:00:00,3,1,2
2018-05-28 03:00:00,0,0,0
2018-05-28 04:00:00,3,1,2
2018-05-28 05:00:00,7,4,3
2018-05-28 06:00:00,13,8,5
2018-05-28 07:00:00,23,13,10
2018-05-28 08:00:00,52,22,30
2018-05-28 09:00:00,61,28,33
2018-05-28 10:00:00,81,43,38
2018-05-28 11:00:00,120,57,63
2018-05-28 12:00:00,158,69,89
2018-05-28 13:00:00,171,96,75
2018-05-28 14:00:00,160,87,73
2018-05-28 15:00:00,163,81,82
2018-05-28 16:00:00,149,83,66
2018-05-28 17:00:00,144,76,68
2018-05-28 18:00:00,73,43,30
2018-05-28 19:00:00,91,44,47
2018-05-28 20:00:00,46,21,25
2018-05-28 21:00:00,18,13,5
2018-05-28 22:00:00,21,18,3
2018-05-28 23:00:00,10,8,2
2018-05-29 00:00:00,6,3,3
2018-05-29 01:00:00,1,0,1
2018-05-29 02:00:00,0,0,0
2018-05-29 03:00:00,1,1,0
2018-05-29 04:00:00,5,1,4
2018-05-29 05:00:00,27,8,19
2018-05-29 06:00:00,113,18,95
2018-05-29 07:00:00,292,19,273
2018-05-29 08:00:00,459,41,418
2018-05-29 09:00:00,223,25,198
2018-05-29 10:00:00,118,29,89
2018-05-29 11:00:00,50,25,25
2018-05-29 12:00:00,46,31,15
2018-05-29 13:00:00,64,40,24
2018-05-29 14:00:00,62,42,20
2018-05-29 15:00:00,99,70,29
2018-05-29 16:00:00,261,223,38
2018-05-29 17:00:00,504,450,54
2018-05-29 18:00:00,307,270,37
2018-05-29 19:00:00,113,96,17
2018-05-29 20:00:00,82,57,25
2018-05-29 21:00:00,36,30,6
2018-05-29 22:00:00,21,16,5
2018-05-29 23:00:00,10,8,2
2018-05-30 00:00:00,6,5,1
2018-05-30 01:00:00,1,1,0
2018-05-30 02:00:00,2,1,1
2018-05-30 03:00:00,2,0,2
2018-05-30 04:00:00,6,3,3
2018-05-30 05:00:00,32,8,24
2018-05-30 06:00:00,98,14,84
2018-05-30 07:00:00,289,23,266
2018-05-30 08:00:00,459,53,406
2018-05-30 09:00:00,239,36,203
2018-05-30 10:00:00,105,26,79
2018-05-30 11:00:00,46,13,33
2018-05-30 12:00:00,61,31,30
2018-05-30 13:00:00,59,33,26
2018-05-30 14:00:00,73,56,17
2018-05-30 15:00:00,131,101,30
2018-05-30 16:00:00,293,248,45
2018-05-30 17:00:00,539,474,65
2018-05-30 18:00:00,426,349,77
2018-05-30 19:00:00,151,114,37
2018-05-30 20:00:00,117,73,44
2018-05-30 21:00:00,55,41,14
2018-05-30 22:00:00,20,14,6
2018-05-30 23:00:00,15,11,4
2018-05-31 00:00:00,8,3,5
2018-05-31 01:00:00,1,1,0
2018-05-31 02:00:00,5,2,3
2018-05-31 03:00:00,1,0,1
2018-05-31 04:00:00,5,3,2
2018-05-31 05:00:00,26,11,15
2018-05-31 06:00:00,102,21,81
2018-05-31 07:00:00,293,32,261
2018-05-31 08:00:00,420,39,381
2018-05-31 09:00:00,241,26,215
2018-05-31 10:00:00,73,25,48
2018-05-31 11:00:00,69,25,44
2018-05-31 12:00:00,52,26,26
2018-05-31 13:00:00,57,35,22
2018-05-31 14:00:00,74,43,31
2018-05-31 15:00:00,111,80,31
2018-05-31 16:00:00,287,223,64
2018-05-31 17:00:00,449,400,49
2018-05-31 18:00:00,315,257,58
2018-05-31 19:00:00,129,105,24
2018-05-31 20:00:00,90,60,30
2018-05-31 21:00:00,62,44,18
2018-05-31 22:00:00,31,23,8
2018-05-31 23:00:00,16,12,4
2018-06-01 00:00:00,7,4,3
2018-06-01 01:00:00,3,3,0
2018-06-01 02:00:00,0,0,0
2018-06-01 03:00:00,1,1,0
2018-06-01 04:00:00,8,5,3
2018-06-01 05:00:00,23,11,12
2018-06-01 06:00:00,77,14,63
2018-06-01 07:00:00,223,25,198
2018-06-01 08:00:00,373,35,338
2018-06-01 09:00:00,211,31,180
2018-06-01 10:00:00,91,21,70
2018-06-01 11:00:00,71,31,40
2018-06-01 12:00:00,70,35,35
2018-06-01 13:00:00,67,35,32
2018-06-01 14:00:00,96,67,29
2018-06-01 15:00:00,135,98,37
2018-06-01 16:00:00,267,207,60
2018-06-01 17:00:00,429,369,60
2018-06-01 18:00:00,330,262,68
2018-06-01 19:00:00,118,80,38
2018-06-01 20:00:00,76,50,26
2018-06-01 21:00:00,43,30,13
2018-06-01 22:00:00,31,16,15
2018-06-01 23:00:00,27,23,4
2018-06-02 00:00:00,25,19,6
2018-06-02 01:00:00,9,4,5
2018-06-02 02:00:00,6,5,1
2018-06-02 03:00:00,2,2,0
2018-06-02 04:00:00,8,2,6
2018-06-02 05:00:00,5,2,3
2018-06-02 06:00:00,17,10,7
2018-06-02 07:00:00,38,16,22
2018-06-02 08:00:00,45,18,27
2018-06-02 09:00:00,86,28,58
2018-06-02 10:00:00,89,40,49
2018-06-02 11:00:00,92,55,37
2018-06-02 12:00:00,137,82,55
2018-06-02 13:00:00,145,72,73
2018-06-02 14:00:00,168,81,87
2018-06-02 15:00:00,165,97,68
2018-06-02 16:00:00,166,85,81
2018-06-02 17:00:00,157,71,86
2018-06-02 18:00:00,145,70,75
2018-06-02 19:00:00,92,49,43
2018-06-02 20:00:00,81,43,38
2018-06-02 21:00:00,41,21,20
2018-06-02 22:00:00,24,12,12
2018-06-02 23:00:00,23,16,7
2018-06-03 00:00:00,8,3,5
2018-06-03 01:00:00,20,12,8
2018-06-03 02:00:00,7,2,5
2018-06-03 03:00:00,5,1,4
2018-06-03 04:00:00,7,1,6
2018-06-03 05:00:00,7,3,4
2018-06-03 06:00:00,9,7,2
2018-06-03 07:00:00,25,15,10
2018-06-03 08:00:00,42,17,25
2018-06-03 09:00:00,60,29,31
2018-06-03 10:00:00,61,33,28
2018-06-03 11:00:00,96,50,46
2018-06-03 12:00:00,86,52,34
2018-06-03 13:00:00,62,36,26
2018-06-03 14:00:00,57,28,29
2018-06-03 15:00:00,54,36,18
2018-06-03 16:00:00,48,27,21
2018-06-03 17:00:00,35,17,18
2018-06-03 18:00:00,21,15,6
2018-06-03 19:00:00,37,22,15
2018-06-03 20:00:00,11,4,7
2018-06-03 21:00:00,15,6,9
2018-06-03 22:00:00,8,7,1
2018-06-03 23:00:00,6,5,1
2018-06-04 00:00:00,2,2,0
2018-06-04 01:00:00,0,0,0
2018-06-04 02:00:00,1,0,1
2018-06-04 03:00:00,1,1,0
2018-06-04 04:00:00,10,4,6
2018-06-04 05:00:00,28,7,21
2018-06-04 06:00:00,76,15,61
2018-06-04 07:00:00,256,21,235
2018-06-04 08:00:00,416,27,389
2018-06-04 09:00:00,179,16,163
2018-06-04 10:00:00,68,12,56
2018-06-04 11:00:00,25,8,17
2018-06-04 12:00:00,36,17,19
2018-06-04 13:00:00,57,33,24
2018-06-04 14:00:00,51,30,21
2018-06-04 15:00:00,87,69,18
2018-06-04 16:00:00,233,191,42
2018-06-04 17:00:00,485,437,48
2018-06-04 18:00:00,296,254,42
2018-06-04 19:00:00,131,91,40
2018-06-04 20:00:00,79,44,35
2018-06-04 21:00:00,50,34,16
2018-06-04 22:00:00,24,16,8
2018-06-04 23:00:00,6,2,4
2018-06-05 00:00:00,4,2,2
2018-06-05 01:00:00,1,0,1
2018-06-05 02:00:00,2,0,2
2018-06-05 03:00:00,1,1,0
2018-06-05 04:00:00,2,2,0
2018-06-05 05:00:00,33,9,24
2018-06-05 06:00:00,106,25,81
2018-06-05 07:00:00,318,32,286
2018-06-05 08:00:00,467,51,416
2018-06-05 09:00:00,279,37,242
2018-06-05 10:00:00,103,39,64
2018-06-05 11:00:00,78,23,55
2018-06-05 12:00:00,62,32,30
2018-06-05 13:00:00,55,29,26
2018-06-05 14:00:00,69,44,25
2018-06-05 15:00:00,126,90,36
2018-06-05 16:00:00,280,217,63
2018-06-05 17:00:00,549,474,75
2018-06-05 18:00:00,387,310,77
2018-06-05 19:00:00,191,139,52
2018-06-05 20:00:00,126,76,50
2018-06-05 21:00:00,62,34,28
2018-06-05 22:00:00,32,20,12
2018-06-05 23:00:00,15,9,6
2018-06-06 00:00:00,5,4,1
2018-06-06 01:00:00,3,2,1
2018-06-06 02:00:00,2,1,1
2018-06-06 03:00:00,1,0,1
2018-06-06 04:00:00,4,4,0
2018-06-06 05:00:00,32,12,20
2018-06-06 06:00:00,113,19,94
2018-06-06 07:00:00,338,30,308
2018-06-06 08:00:00,471,48,423
2018-06-06 09:00:00,242,45,197
2018-06-06 10:00:00,115,30,85
2018-06-06 11:00:00,61,22,39
2018-06-06 12:00:00,59,29,30
2018-06-06 13:00:00,74,42,32
2018-06-06 14:00:00,85,57,28
2018-06-06 15:00:00,139,98,41
2018-06-06 16:00:00,327,269,58
2018-06-06 17:00:00,583,515,68
2018-06-06 18:00:00,346,296,50
2018-06-06 19:00:00,188,132,56
2018-06-06 20:00:00,98,61,37
2018-06-06 21:00:00,66,39,27
2018-06-06 22:00:00,31,17,14
2018-06-06 23:00:00,25,20,5
2018-06-07 00:00:00,11,7,4
2018-06-07 01:00:00,5,2,3
2018-06-07 02:00:00,2,0,2
2018-06-07 03:00:00,4,1,3
2018-06-07 04:00:00,6,3,3
2018-06-07 05:00:00,29,13,16
2018-06-07 06:00:00,100,20,80
2018-06-07 07:00:00,271,29,242
2018-06-07 08:00:00,416,50,366
2018-06-07 09:00:00,246,29,217
2018-06-07 10:00:00,99,24,75
2018-06-07 11:00:00,57,23,34
2018-06-07 12:00:00,57,27,30
2018-06-07 13:00:00,55,34,21
2018-06-07 14:00:00,79,45,34
2018-06-07 15:00:00,142,100,42
2018-06-07 16:00:00,272,207,65
2018-06-07 17:00:00,484,419,65
2018-06-07 18:00:00,333,256,77
2018-06-07 19:00:00,188,139,49
2018-06-07 20:00:00,125,80,45
2018-06-07 21:00:00,56,34,22
2018-06-07 22:00:00,34,27,7
2018-06-07 23:00:00,23,14,9
2018-06-08 00:00:00,6,4,2
2018-06-08 01:00:00,5,2,3
2018-06-08 02:00:00,5,0,5
2018-06-08 03:00:00,1,0,1
2018-06-08 04:00:00,5,3,2
2018-06-08 05:00:00,19,6,13
2018-06-08 06:00:00,61,17,44
2018-06-08 07:00:00,173,21,152
2018-06-08 08:00:00,297,28,269
2018-06-08 09:00:00,159,36,123
2018-06-08 10:00:00,101,29,72
2018-06-08 11:00:00,49,19,30
2018-06-08 12:00:00,36,18,18
2018-06-08 13:00:00,35,25,10
2018-06-08 14:00:00,40,29,11
2018-06-08 15:00:00,71,52,19
2018-06-08 16:00:00,172,138,34
2018-06-08 17:00:00,240,220,20
2018-06-08 18:00:00,113,101,12
2018-06-08 19:00:00,39,30,9
2018-06-08 20:00:00,27,20,7
2018-06-08 21:00:00,18,15,3
2018-06-08 22:00:00,11,6,5
2018-06-08 23:00:00,5,5,0
2018-06-09 00:00:00,15,7,8
2018-06-09 01:00:00,5,3,2
2018-06-09 02:00:00,7,5,2
2018-06-09 03:00:00,1,1,0
2018-06-09 04:00:00,1,0,1
2018-06-09 05:00:00,3,2,1
2018-06-09 06:00:00,10,5,5
2018-06-09 07:00:00,18,7,11
2018-06-09 08:00:00,27,15,12
2018-06-09 09:00:00,30,12,18
2018-06-09 10:00:00,56,29,27
2018-06-09 11:00:00,70,38,32
2018-06-09 12:00:00,83,46,37
2018-06-09 13:00:00,96,50,46
2018-06-09 14:00:00,96,46,50
2018-06-09 15:00:00,105,47,58
2018-06-09 16:00:00,82,45,37
2018-06-09 17:00:00,72,50,22
2018-06-09 18:00:00,56,26,30
2018-06-09 19:00:00,34,23,11
2018-06-09 20:00:00,20,10,10
2018-06-09 21:00:00,16,10,6
2018-06-09 22:00:00,11,6,5
2018-06-09 23:00:00,11,9,2
2018-06-10 00:00:00,4,3,1
2018-06-10 01:00:00,8,3,5
2018-06-10 02:00:00,5,1,4
2018-06-10 03:00:00,1,1,0
2018-06-10 04:00:00,3,0,3
2018-06-10 05:00:00,3,0,3
2018-06-10 06:00:00,25,5,20
2018-06-10 07:00:00,22,2,20
2018-06-10 08:00:00,45,19,26
2018-06-10 09:00:00,73,42,31
2018-06-10 10:00:00,79,44,35
2018-06-10 11:00:00,53,21,32
2018-06-10 12:00:00,69,33,36
2018-06-10 13:00:00,113,65,48
2018-06-10 14:00:00,92,49,43
2018-06-10 15:00:00,98,55,43
2018-06-10 16:00:00,104,50,54
2018-06-10 17:00:00,45,19,26
2018-06-10 18:00:00,38,21,17
2018-06-10 19:00:00,21,12,9
2018-06-10 20:00:00,16,10,6
2018-06-10 21:00:00,15,5,10
2018-06-10 22:00:00,10,8,2
2018-06-10 23:00:00,5,4,1
2018-06-11 00:00:00,2,1,1
2018-06-11 01:00:00,0,0,0
2018-06-11 02:00:00,0,0,0
2018-06-11 03:00:00,3,1,2
2018-06-11 04:00:00,9,4,5
2018-06-11 05:00:00,33,10,23
2018-06-11 06:00:00,99,18,81
2018-06-11 07:00:00,278,31,247
2018-06-11 08:00:00,436,46,390
2018-06-11 09:00:00,230,27,203
2018-06-11 10:00:00,102,25,77
2018-06-11 11:00:00,60,21,39
2018-06-11 12:00:00,77,39,38
2018-06-11 13:00:00,81,41,40
2018-06-11 14:00:00,87,55,32
2018-06-11 15:00:00,121,90,31
2018-06-11 16:00:00,280,216,64
2018-06-11 17:00:00,555,472,83
2018-06-11 18:00:00,382,332,50
2018-06-11 19:00:00,186,136,50
2018-06-11 20:00:00,113,63,50
2018-06-11 21:00:00,65,49,16
2018-06-11 22:00:00,25,15,10
2018-06-11 23:00:00,15,10,5
2018-06-12 00:00:00,6,3,3
2018-06-12 01:00:00,4,1,3
2018-06-12 02:00:00,2,0,2
2018-06-12 03:00:00,2,1,1
2018-06-12 04:00:00,5,2,3
2018-06-12 05:00:00,28,9,19
2018-06-12 06:00:00,114,17,97
2018-06-12 07:00:00,340,33,307
2018-06-12 08:00:00,458,48,410
2018-06-12 09:00:00,274,41,233
2018-06-12 10:00:00,97,28,69
2018-06-12 11:00:00,64,22,42
2018-06-12 12:00:00,57,26,31
2018-06-12 13:00:00,63,34,29
2018-06-12 14:00:00,70,47,23
2018-06-12 15:00:00,128,88,40
2018-06-12 16:00:00,283,232,51
2018-06-12 17:00:00,545,465,80
2018-06-12 18:00:00,377,294,83
2018-06-12 19:00:00,161,124,37
2018-06-12 20:00:00,97,62,35
2018-06-12 21:00:00,59,41,18
2018-06-12 22:00:00,38,22,16
2018-06-12 23:00:00,18,15,3
2018-06-13 00:00:00,3,3,0
2018-06-13 01:00:00,3,2,1
2018-06-13 02:00:00,2,1,1
2018-06-13 03:00:00,1,0,1
2018-06-13 04:00:00,6,3,3
2018-06-13 05:00:00,24,8,16
2018-06-13 06:00:00,48,11,37
2018-06-13 07:00:00,158,17,141
2018-06-13 08:00:00,250,21,229
2018-06-13 09:00:00,180,36,144
2018-06-13 10:00:00,82,25,57
2018-06-13 11:00:00,50,16,34
2018-06-13 12:00:00,73,25,48
2018-06-13 13:00:00,72,41,31
2018-06-13 14:00:00,44,25,19
2018-06-13 15:00:00,75,47,28
2018-06-13 16:00:00,173,148,25
2018-06-13 17:00:00,281,252,29
2018-06-13 18:00:00,202,174,28
2018-06-13 19:00:00,64,54,10
2018-06-13 20:00:00,49,40,9
2018-06-13 21:00:00,30,22,8
2018-06-13 22:00:00,9,4,5
2018-06-13 23:00:00,13,9,4
2018-06-14 00:00:00,3,3,0
2018-06-14 01:00:00,1,0,1
2018-06-14 02:00:00,0,0,0
2018-06-14 03:00:00,3,2,1
2018-06-14 04:00:00,4,2,2
2018-06-14 05:00:00,24,9,15
2018-06-14 06:00:00,76,17,59
2018-06-14 07:00:00,229,25,204
2018-06-14 08:00:00,374,39,335
2018-06-14 09:00:00,232,25,207
2018-06-14 10:00:00,103,25,78
2018-06-14 11:00:00,53,22,31
2018-06-14 12:00:00,60,40,20
2018-06-14 13:00:00,60,35,25
2018-06-14 14:00:00,64,30,34
2018-06-14 15:00:00,99,71,28
2018-06-14 16:00:00,261,197,64
2018-06-14 17:00:00,434,363,71
2018-06-14 18:00:00,304,256,48
2018-06-14 19:00:00,147,108,39
2018-06-14 20:00:00,95,70,25
2018-06-14 21:00:00,72,35,37
2018-06-14 22:00:00,33,19,14
2018-06-14 23:00:00,26,23,3
2018-06-15 00:00:00,4,3,1
2018-06-15 01:00:00,3,3,0
2018-06-15 02:00:00,3,1,2
2018-06-15 03:00:00,1,1,0
2018-06-15 04:00:00,2,2,0
2018-06-15 05:00:00,26,7,19
2018-06-15 06:00:00,88,17,71
2018-06-15 07:00:00,237,25,212
2018-06-15 08:00:00,346,34,312
2018-06-15 09:00:00,205,24,181
2018-06-15 10:00:00,105,22,83
2018-06-15 11:00:00,68,25,43
2018-06-15 12:00:00,75,38,37
2018-06-15 13:00:00,97,51,46
2018-06-15 14:00:00,109,64,45
2018-06-15 15:00:00,180,128,52
2018-06-15 16:00:00,323,256,67
2018-06-15 17:00:00,458,383,75
2018-06-15 18:00:00,287,221,66
2018-06-15 19:00:00,150,108,42
2018-06-15 20:00:00,87,55,32
2018-06-15 21:00:00,50,26,24
2018-06-15 22:00:00,39,23,16
2018-06-15 23:00:00,20,17,3
2018-06-16 00:00:00,17,9,8
2018-06-16 01:00:00,13,6,7
2018-06-16 02:00:00,4,4,0
2018-06-16 03:00:00,2,1,1
2018-06-16 04:00:00,3,0,3
2018-06-16 05:00:00,6,5,1
2018-06-16 06:00:00,26,15,11
2018-06-16 07:00:00,36,21,15
2018-06-16 08:00:00,64,36,28
2018-06-16 09:00:00,89,57,32
2018-06-16 10:00:00,149,97,52
2018-06-16 11:00:00,193,148,45
2018-06-16 12:00:00,301,242,59
2018-06-16 13:00:00,268,200,68
2018-06-16 14:00:00,284,139,145
2018-06-16 15:00:00,348,138,210
2018-06-16 16:00:00,313,101,212
2018-06-16 17:00:00,282,102,180
2018-06-16 18:00:00,198,62,136
2018-06-16 19:00:00,165,47,118
2018-06-16 20:00:00,127,50,77
2018-06-16 21:00:00,82,38,44
2018-06-16 22:00:00,62,25,37
2018-06-16 23:00:00,34,21,13
2018-06-17 00:00:00,12,2,10
2018-06-17 01:00:00,11,4,7
2018-06-17 02:00:00,5,3,2
2018-06-17 03:00:00,3,2,1
2018-06-17 04:00:00,3,1,2
2018-06-17 05:00:00,6,4,2
2018-06-17 06:00:00,13,10,3
2018-06-17 07:00:00,36,20,16
2018-06-17 08:00:00,72,39,33
2018-06-17 09:00:00,77,41,36
2018-06-17 10:00:00,128,75,53
2018-06-17 11:00:00,142,71,71
2018-06-17 12:00:00,180,97,83
2018-06-17 13:00:00,183,106,77
2018-06-17 14:00:00,184,99,85
2018-06-17 15:00:00,161,84,77
2018-06-17 16:00:00,174,96,78
2018-06-17 17:00:00,182,77,105
2018-06-17 18:00:00,112,51,61
2018-06-17 19:00:00,80,33,47
2018-06-17 20:00:00,75,26,49
2018-06-17 21:00:00,43,22,21
2018-06-17 22:00:00,22,12,10
2018-06-17 23:00:00,13,7,6
2018-06-18 00:00:00,3,2,1
2018-06-18 01:00:00,0,0,0
2018-06-18 02:00:00,2,2,0
2018-06-18 03:00:00,4,2,2
2018-06-18 04:00:00,6,3,3
2018-06-18 05:00:00,30,10,20
2018-06-18 06:00:00,116,12,104
2018-06-18 07:00:00,326,29,297
2018-06-18 08:00:00,524,44,480
2018-06-18 09:00:00,268,40,228
2018-06-18 10:00:00,118,30,88
2018-06-18 11:00:00,67,27,40
2018-06-18 12:00:00,75,37,38
2018-06-18 13:00:00,64,37,27
2018-06-18 14:00:00,79,48,31
2018-06-18 15:00:00,128,80,48
2018-06-18 16:00:00,351,295,56
2018-06-18 17:00:00,599,525,74
2018-06-18 18:00:00,411,341,70
2018-06-18 19:00:00,203,137,66
2018-06-18 20:00:00,116,71,45
2018-06-18 21:00:00,86,58,28
2018-06-18 22:00:00,44,22,22
2018-06-18 23:00:00,13,8,5
2018-06-19 00:00:00,6,4,2
2018-06-19 01:00:00,2,2,0
2018-06-19 02:00:00,3,3,0
2018-06-19 03:00:00,0,0,0
2018-06-19 04:00:00,8,5,3
2018-06-19 05:00:00,36,13,23
2018-06-19 06:00:00,106,28,78
2018-06-19 07:00:00,335,24,311
2018-06-19 08:00:00,533,55,478
2018-06-19 09:00:00,312,40,272
2018-06-19 10:00:00,114,28,86
2018-06-19 11:00:00,77,30,47
2018-06-19 12:00:00,91,40,51
2018-06-19 13:00:00,92,54,38
2018-06-19 14:00:00,94,54,40
2018-06-19 15:00:00,165,115,50
2018-06-19 16:00:00,356,289,67
2018-06-19 17:00:00,602,536,66
2018-06-19 18:00:00,413,337,76
2018-06-19 19:00:00,196,159,37
2018-06-19 20:00:00,162,107,55
2018-06-19 21:00:00,103,63,40
2018-06-19 22:00:00,44,20,24
2018-06-19 23:00:00,16,8,8
2018-06-20 00:00:00,8,5,3
2018-06-20 01:00:00,3,1,2
2018-06-20 02:00:00,2,1,1
2018-06-20 03:00:00,3,1,2
2018-06-20 04:00:00,10,4,6
2018-06-20 05:00:00,26,10,16
2018-06-20 06:00:00,123,25,98
2018-06-20 07:00:00,356,37,319
2018-06-20 08:00:00,459,46,413
2018-06-20 09:00:00,322,39,283
2018-06-20 10:00:00,117,29,88
2018-06-20 11:00:00,76,31,45
2018-06-20 12:00:00,66,30,36
2018-06-20 13:00:00,68,35,33
2018-06-20 14:00:00,102,60,42
2018-06-20 15:00:00,132,107,25
2018-06-20 16:00:00,303,256,47
2018-06-20 17:00:00,570,494,76
2018-06-20 18:00:00,389,328,61
2018-06-20 19:00:00,224,164,60
2018-06-20 20:00:00,129,96,33
2018-06-20 21:00:00,86,48,38
2018-06-20 22:00:00,30,16,14
2018-06-20 23:00:00,22,15,7
2018-06-21 00:00:00,12,7,5
2018-06-21 01:00:00,7,4,3
2018-06-21 02:00:00,3,0,3
2018-06-21 03:00:00,5,3,2
2018-06-21 04:00:00,4,2,2
2018-06-21 05:00:00,35,9,26
2018-06-21 06:00:00,97,19,78
2018-06-21 07:00:00,288,35,253
2018-06-21 08:00:00,443,33,410
2018-06-21 09:00:00,281,43,238
2018-06-21 10:00:00,112,23,89
2018-06-21 11:00:00,82,32,50
2018-06-21 12:00:00,63,27,36
2018-06-21 13:00:00,67,35,32
2018-06-21 14:00:00,84,56,28
2018-06-21 15:00:00,110,75,35
2018-06-21 16:00:00,294,236,58
2018-06-21 17:00:00,550,470,80
2018-06-21 18:00:00,367,305,62
2018-06-21 19:00:00,171,131,40
2018-06-21 20:00:00,115,75,40
2018-06-21 21:00:00,86,50,36
2018-06-21 22:00:00,62,34,28
2018-06-21 23:00:00,30,13,17
2018-06-22 00:00:00,16,7,9
2018-06-22 01:00:00,11,3,8
2018-06-22 02:00:00,8,3,5
2018-06-22 03:00:00,2,1,1
2018-06-22 04:00:00,6,2,4
2018-06-22 05:00:00,16,4,12
2018-06-22 06:00:00,80,25,55
2018-06-22 07:00:00,197,29,168
2018-06-22 08:00:00,372,29,343
2018-06-22 09:00:00,231,40,191
2018-06-22 10:00:00,92,24,68
2018-06-22 11:00:00,70,28,42
2018-06-22 12:00:00,76,44,32
2018-06-22 13:00:00,80,48,32
2018-06-22 14:00:00,92,60,32
2018-06-22 15:00:00,138,98,40
2018-06-22 16:00:00,267,218,49
2018-06-22 17:00:00,379,330,49
2018-06-22 18:00:00,243,196,47
2018-06-22 19:00:00,121,84,37
2018-06-22 20:00:00,71,46,25
2018-06-22 21:00:00,55,23,32
2018-06-22 22:00:00,27,20,7
2018-06-22 23:00:00,9,6,3
2018-06-23 00:00:00,5,2,3
2018-06-23 01:00:00,3,2,1
2018-06-23 02:00:00,4,3,1
2018-06-23 03:00:00,2,1,1
2018-06-23 04:00:00,1,0,1
2018-06-23 05:00:00,5,4,1
2018-06-23 06:00:00,5,1,4
2018-06-23 07:00:00,35,20,15
2018-06-23 08:00:00,53,23,30
2018-06-23 09:00:00,56,27,29
2018-06-23 10:00:00,65,41,24
2018-06-23 11:00:00,81,35,46
2018-06-23 12:00:00,105,48,57
2018-06-23 13:00:00,119,47,72
2018-06-23 14:00:00,138,65,73
2018-06-23 15:00:00,139,77,62
2018-06-23 16:00:00,153,81,72
2018-06-23 17:00:00,138,61,77
2018-06-23 18:00:00,124,50,74
2018-06-23 19:00:00,122,69,53
2018-06-23 20:00:00,99,59,40
2018-06-23 21:00:00,60,44,16
2018-06-23 22:00:00,18,11,7
2018-06-23 23:00:00,35,25,10
2018-06-24 00:00:00,9,5,4
2018-06-24 01:00:00,3,1,2
2018-06-24 02:00:00,6,4,2
2018-06-24 03:00:00,3,2,1
2018-06-24 04:00:00,3,0,3
2018-06-24 05:00:00,5,3,2
2018-06-24 06:00:00,7,3,4
2018-06-24 07:00:00,19,9,10
2018-06-24 08:00:00,50,24,26
2018-06-24 09:00:00,51,28,23
2018-06-24 10:00:00,127,53,74
2018-06-24 11:00:00,172,77,95
2018-06-24 12:00:00,168,69,99
2018-06-24 13:00:00,189,89,100
2018-06-24 14:00:00,183,107,76
2018-06-24 15:00:00,230,132,98
2018-06-24 16:00:00,164,95,69
2018-06-24 17:00:00,146,94,52
2018-06-24 18:00:00,140,72,68
2018-06-24 19:00:00,105,53,52
2018-06-24 20:00:00,57,30,27
2018-06-24 21:00:00,30,14,16
2018-06-24 22:00:00,19,8,11
2018-06-24 23:00:00,15,13,2
2018-06-25 00:00:00,3,3,0
2018-06-25 01:00:00,0,0,0
2018-06-25 02:00:00,4,2,2
2018-06-25 03:00:00,2,2,0
2018-06-25 04:00:00,3,1,2
2018-06-25 05:00:00,17,9,8
2018-06-25 06:00:00,68,10,58
2018-06-25 07:00:00,189,24,165
2018-06-25 08:00:00,361,35,326
2018-06-25 09:00:00,216,24,192
2018-06-25 10:00:00,108,24,84
2018-06-25 11:00:00,43,20,23
2018-06-25 12:00:00,40,16,24
2018-06-25 13:00:00,46,25,21
2018-06-25 14:00:00,56,29,27
2018-06-25 15:00:00,95,70,25
2018-06-25 16:00:00,208,167,41
2018-06-25 17:00:00,385,331,54
2018-06-25 18:00:00,286,240,46
2018-06-25 19:00:00,153,116,37
2018-06-25 20:00:00,76,38,38
2018-06-25 21:00:00,48,32,16
2018-06-25 22:00:00,23,13,10
2018-06-25 23:00:00,8,6,2
2018-06-26 00:00:00,14,5,9
2018-06-26 01:00:00,1,0,1
2018-06-26 02:00:00,3,3,0
2018-06-26 03:00:00,0,0,0
2018-06-26 04:00:00,4,2,2
2018-06-26 05:00:00,33,13,20
2018-06-26 06:00:00,84,18,66
2018-06-26 07:00:00,249,20,229
2018-06-26 08:00:00,419,51,368
2018-06-26 09:00:00,302,36,266
2018-06-26 10:00:00,116,24,92
2018-06-26 11:00:00,64,29,35
2018-06-26 12:00:00,64,26,38
2018-06-26 13:00:00,69,45,24
2018-06-26 14:00:00,59,31,28
2018-06-26 15:00:00,138,90,48
2018-06-26 16:00:00,257,209,48
2018-06-26 17:00:00,545,488,57
2018-06-26 18:00:00,387,312,75
2018-06-26 19:00:00,219,167,52
2018-06-26 20:00:00,141,87,54
2018-06-26 21:00:00,65,41,24
2018-06-26 22:00:00,42,23,19
2018-06-26 23:00:00,25,17,8
2018-06-27 00:00:00,4,2,2
2018-06-27 01:00:00,2,0,2
2018-06-27 02:00:00,2,2,0
2018-06-27 03:00:00,3,2,1
2018-06-27 04:00:00,10,4,6
2018-06-27 05:00:00,41,12,29
2018-06-27 06:00:00,108,18,90
2018-06-27 07:00:00,329,34,295
2018-06-27 08:00:00,444,43,401
2018-06-27 09:00:00,301,46,255
2018-06-27 10:00:00,107,30,77
2018-06-27 11:00:00,74,30,44
2018-06-27 12:00:00,91,34,57
2018-06-27 13:00:00,88,53,35
2018-06-27 14:00:00,90,60,30
2018-06-27 15:00:00,113,79,34
2018-06-27 16:00:00,270,232,38
2018-06-27 17:00:00,556,484,72
2018-06-27 18:00:00,358,301,57
2018-06-27 19:00:00,187,133,54
2018-06-27 20:00:00,117,75,42
2018-06-27 21:00:00,61,34,27
2018-06-27 22:00:00,30,17,13
2018-06-27 23:00:00,15,11,4
2018-06-28 00:00:00,5,3,2
2018-06-28 01:00:00,3,1,2
2018-06-28 02:00:00,1,1,0
2018-06-28 03:00:00,0,0,0
2018-06-28 04:00:00,8,4,4
2018-06-28 05:00:00,31,8,23
2018-06-28 06:00:00,74,16,58
2018-06-28 07:00:00,273,35,238
2018-06-28 08:00:00,413,29,384
2018-06-28 09:00:00,246,34,212
2018-06-28 10:00:00,115,23,92
2018-06-28 11:00:00,71,28,43
2018-06-28 12:00:00,47,17,30
2018-06-28 13:00:00,75,35,40
2018-06-28 14:00:00,66,45,21
2018-06-28 15:00:00,103,70,33
2018-06-28 16:00:00,289,235,54
2018-06-28 17:00:00,483,401,82
2018-06-28 18:00:00,326,261,65
2018-06-28 19:00:00,151,115,36
2018-06-28 20:00:00,78,53,25
2018-06-28 21:00:00,45,30,15
2018-06-28 22:00:00,20,9,11
2018-06-28 23:00:00,21,15,6
2018-06-29 00:00:00,5,3,2
2018-06-29 01:00:00,4,4,0
2018-06-29 02:00:00,6,1,5
2018-06-29 03:00:00,5,1,4
2018-06-29 04:00:00,8,2,6
2018-06-29 05:00:00,25,6,19
2018-06-29 06:00:00,68,12,56
2018-06-29 07:00:00,206,28,178
2018-06-29 08:00:00,381,37,344
2018-06-29 09:00:00,225,41,184
2018-06-29 10:00:00,109,32,77
2018-06-29 11:00:00,50,21,29
2018-06-29 12:00:00,74,35,39
2018-06-29 13:00:00,101,59,42
2018-06-29 14:00:00,135,89,46
2018-06-29 15:00:00,148,108,40
2018-06-29 16:00:00,228,198,30
2018-06-29 17:00:00,334,276,58
2018-06-29 18:00:00,232,184,48
2018-06-29 19:00:00,125,98,27
2018-06-29 20:00:00,100,67,33
2018-06-29 21:00:00,55,40,15
2018-06-29 22:00:00,477,460,17
2018-06-29 23:00:00,170,143,27
2018-06-30 00:00:00,32,15,17
2018-06-30 01:00:00,8,4,4
2018-06-30 02:00:00,6,6,0
2018-06-30 03:00:00,4,2,2
2018-06-30 04:00:00,3,0,3
2018-06-30 05:00:00,7,5,2
2018-06-30 06:00:00,14,7,7
2018-06-30 07:00:00,30,15,15
2018-06-30 08:00:00,47,22,25
2018-06-30 09:00:00,73,37,36
2018-06-30 10:00:00,89,44,45
2018-06-30 11:00:00,81,50,31
2018-06-30 12:00:00,116,55,61
2018-06-30 13:00:00,125,48,77
2018-06-30 14:00:00,92,46,46
2018-06-30 15:00:00,77,34,43
2018-06-30 16:00:00,96,46,50
2018-06-30 17:00:00,71,42,29
2018-06-30 18:00:00,59,29,30
2018-06-30 19:00:00,47,28,19
2018-06-30 20:00:00,55,24,31
2018-06-30 21:00:00,17,12,5
2018-06-30 22:00:00,13,10,3
2018-06-30 23:00:00,15,9,6
2018-07-01 00:00:00,7,5,2
2018-07-01 01:00:00,3,1,2
2018-07-01 02:00:00,5,2,3
2018-07-01 03:00:00,3,2,1
2018-07-01 04:00:00,3,2,1
2018-07-01 05:00:00,6,2,4
2018-07-01 06:00:00,6,3,3
2018-07-01 07:00:00,28,14,14
2018-07-01 08:00:00,30,16,14
2018-07-01 09:00:00,54,27,27
2018-07-01 10:00:00,75,45,30
2018-07-01 11:00:00,73,36,37
2018-07-01 12:00:00,82,56,26
2018-07-01 13:00:00,96,51,45
2018-07-01 14:00:00,122,70,52
2018-07-01 15:00:00,120,60,60
2018-07-01 16:00:00,131,64,67
2018-07-01 17:00:00,94,43,51
2018-07-01 18:00:00,89,48,41
2018-07-01 19:00:00,69,34,35
2018-07-01 20:00:00,35,16,19
2018-07-01 21:00:00,34,17,17
2018-07-01 22:00:00,15,8,7
2018-07-01 23:00:00,10,6,4
2018-07-02 00:00:00,4,2,2
2018-07-02 01:00:00,1,0,1
2018-07-02 02:00:00,5,1,4
2018-07-02 03:00:00,1,1,0
2018-07-02 04:00:00,14,8,6
2018-07-02 05:00:00,25,10,15
2018-07-02 06:00:00,82,11,71
2018-07-02 07:00:00,254,28,226
2018-07-02 08:00:00,412,32,380
2018-07-02 09:00:00,233,32,201
2018-07-02 10:00:00,117,24,93
2018-07-02 11:00:00,65,25,40
2018-07-02 12:00:00,54,27,27
2018-07-02 13:00:00,68,44,24
2018-07-02 14:00:00,66,42,24
2018-07-02 15:00:00,117,80,37
2018-07-02 16:00:00,260,223,37
2018-07-02 17:00:00,485,416,69
2018-07-02 18:00:00,350,286,64
2018-07-02 19:00:00,166,130,36
2018-07-02 20:00:00,120,61,59
2018-07-02 21:00:00,52,31,21
2018-07-02 22:00:00,15,8,7
2018-07-02 23:00:00,13,11,2
2018-07-03 00:00:00,11,8,3
2018-07-03 01:00:00,1,1,0
2018-07-03 02:00:00,2,1,1
2018-07-03 03:00:00,2,1,1
2018-07-03 04:00:00,5,2,3
2018-07-03 05:00:00,28,9,19
2018-07-03 06:00:00,95,19,76
2018-07-03 07:00:00,271,25,246
2018-07-03 08:00:00,396,37,359
2018-07-03 09:00:00,245,31,214
2018-07-03 10:00:00,115,25,90
2018-07-03 11:00:00,83,32,51
2018-07-03 12:00:00,80,38,42
2018-07-03 13:00:00,84,64,20
2018-07-03 14:00:00,143,93,50
2018-07-03 15:00:00,184,129,55
2018-07-03 16:00:00,308,262,46
2018-07-03 17:00:00,446,368,78
2018-07-03 18:00:00,330,264,66
2018-07-03 19:00:00,182,127,55
2018-07-03 20:00:00,102,62,40
2018-07-03 21:00:00,88,45,43
2018-07-03 22:00:00,46,29,17
2018-07-03 23:00:00,29,15,14
2018-07-04 00:00:00,18,16,2
2018-07-04 01:00:00,12,6,6
2018-07-04 02:00:00,3,0,3
2018-07-04 03:00:00,2,1,1
2018-07-04 04:00:00,3,1,2
2018-07-04 05:00:00,12,6,6
2018-07-04 06:00:00,21,10,11
2018-07-04 07:00:00,30,14,16
2018-07-04 08:00:00,73,20,53
2018-07-04 09:00:00,99,42,57
2018-07-04 10:00:00,118,63,55
2018-07-04 11:00:00,146,73,73
2018-07-04 12:00:00,160,76,84
2018-07-04 13:00:00,194,113,81
2018-07-04 14:00:00,210,130,80
2018-07-04 15:00:00,240,137,103
2018-07-04 16:00:00,178,102,76
2018-07-04 17:00:00,220,104,116
2018-07-04 18:00:00,230,117,113
2018-07-04 19:00:00,192,108,84
2018-07-04 20:00:00,177,96,81
2018-07-04 21:00:00,156,78,78
2018-07-04 22:00:00,106,57,49
2018-07-04 23:00:00,323,114,209
2018-07-05 00:00:00,61,27,34
2018-07-05 01:00:00,9,6,3
2018-07-05 02:00:00,5,4,1
2018-07-05 03:00:00,4,1,3
2018-07-05 04:00:00,7,3,4
2018-07-05 05:00:00,28,11,17
2018-07-05 06:00:00,66,10,56
2018-07-05 07:00:00,198,26,172
2018-07-05 08:00:00,337,32,305
2018-07-05 09:00:00,234,24,210
2018-07-05 10:00:00,129,29,100
2018-07-05 11:00:00,67,26,41
2018-07-05 12:00:00,102,47,55
2018-07-05 13:00:00,97,43,54
2018-07-05 14:00:00,118,73,45
2018-07-05 15:00:00,134,89,45
2018-07-05 16:00:00,270,205,65
2018-07-05 17:00:00,458,394,64
2018-07-05 18:00:00,319,232,87
2018-07-05 19:00:00,180,129,51
2018-07-05 20:00:00,119,77,42
2018-07-05 21:00:00,59,38,21
2018-07-05 22:00:00,28,17,11
2018-07-05 23:00:00,31,18,13
2018-07-06 00:00:00,5,2,3
2018-07-06 01:00:00,6,4,2
2018-07-06 02:00:00,1,0,1
2018-07-06 03:00:00,1,0,1
2018-07-06 04:00:00,12,7,5
2018-07-06 05:00:00,17,6,11
2018-07-06 06:00:00,78,19,59
2018-07-06 07:00:00,206,20,186
2018-07-06 08:00:00,296,42,254
2018-07-06 09:00:00,233,25,208
2018-07-06 10:00:00,97,29,68
2018-07-06 11:00:00,90,35,55
2018-07-06 12:00:00,77,34,43
2018-07-06 13:00:00,106,60,46
2018-07-06 14:00:00,140,87,53
2018-07-06 15:00:00,183,134,49
2018-07-06 16:00:00,272,211,61
2018-07-06 17:00:00,356,295,61
2018-07-06 18:00:00,261,198,63
2018-07-06 19:00:00,149,87,62
2018-07-06 20:00:00,124,83,41
2018-07-06 21:00:00,54,38,16
2018-07-06 22:00:00,33,22,11
2018-07-06 23:00:00,27,19,8
2018-07-07 00:00:00,18,11,7
2018-07-07 01:00:00,2,2,0
2018-07-07 02:00:00,3,2,1
2018-07-07 03:00:00,2,0,2
2018-07-07 04:00:00,3,0,3
2018-07-07 05:00:00,8,4,4
2018-07-07 06:00:00,21,10,11
2018-07-07 07:00:00,27,14,13
2018-07-07 08:00:00,49,21,28
2018-07-07 09:00:00,66,28,38
2018-07-07 10:00:00,109,58,51
2018-07-07 11:00:00,123,62,61
2018-07-07 12:00:00,119,51,68
2018-07-07 13:00:00,129,63,66
2018-07-07 14:00:00,166,95,71
2018-07-07 15:00:00,194,96,98
2018-07-07 16:00:00,198,97,101
2018-07-07 17:00:00,180,104,76
2018-07-07 18:00:00,169,75,94
2018-07-07 19:00:00,94,50,44
2018-07-07 20:00:00,108,58,50
2018-07-07 21:00:00,83,47,36
2018-07-07 22:00:00,32,19,13
2018-07-07 23:00:00,25,15,10
2018-07-08 00:00:00,16,7,9
2018-07-08 01:00:00,9,5,4
2018-07-08 02:00:00,6,2,4
2018-07-08 03:00:00,1,1,0
2018-07-08 04:00:00,5,0,5
2018-07-08 05:00:00,4,2,2
2018-07-08 06:00:00,10,4,6
2018-07-08 07:00:00,22,9,13
2018-07-08 08:00:00,37,19,18
2018-07-08 09:00:00,66,36,30
2018-07-08 10:00:00,116,71,45
2018-07-08 11:00:00,122,44,78
2018-07-08 12:00:00,173,85,88
2018-07-08 13:00:00,184,86,98
2018-07-08 14:00:00,179,103,76
2018-07-08 15:00:00,193,96,97
2018-07-08 16:00:00,204,118,86
2018-07-08 17:00:00,141,79,62
2018-07-08 18:00:00,109,46,63
2018-07-08 19:00:00,98,48,50
2018-07-08 20:00:00,70,35,35
2018-07-08 21:00:00,31,12,19
2018-07-08 22:00:00,20,6,14
2018-07-08 23:00:00,11,9,2
2018-07-09 00:00:00,7,7,0
2018-07-09 01:00:00,1,0,1
2018-07-09 02:00:00,0,0,0
2018-07-09 03:00:00,2,2,0
2018-07-09 04:00:00,7,5,2
2018-07-09 05:00:00,32,9,23
2018-07-09 06:00:00,94,18,76
2018-07-09 07:00:00,320,38,282
2018-07-09 08:00:00,448,42,406
2018-07-09 09:00:00,283,38,245
2018-07-09 10:00:00,119,27,92
2018-07-09 11:00:00,74,22,52
2018-07-09 12:00:00,81,48,33
2018-07-09 13:00:00,85,52,33
2018-07-09 14:00:00,83,48,35
2018-07-09 15:00:00,128,90,38
2018-07-09 16:00:00,285,231,54
2018-07-09 17:00:00,526,462,64
2018-07-09 18:00:00,382,333,49
2018-07-09 19:00:00,163,123,40
2018-07-09 20:00:00,85,56,29
2018-07-09 21:00:00,59,42,17
2018-07-09 22:00:00,21,15,6
2018-07-09 23:00:00,18,12,6
2018-07-10 00:00:00,6,6,0
2018-07-10 01:00:00,5,4,1
2018-07-10 02:00:00,1,1,0
2018-07-10 03:00:00,2,2,0
2018-07-10 04:00:00,6,2,4
2018-07-10 05:00:00,38,9,29
2018-07-10 06:00:00,110,24,86
2018-07-10 07:00:00,307,32,275
2018-07-10 08:00:00,449,35,414
2018-07-10 09:00:00,269,39,230
2018-07-10 10:00:00,135,30,105
2018-07-10 11:00:00,74,31,43
2018-07-10 12:00:00,57,23,34
2018-07-10 13:00:00,84,37,47
2018-07-10 14:00:00,78,48,30
2018-07-10 15:00:00,146,101,45
2018-07-10 16:00:00,310,242,68
2018-07-10 17:00:00,557,473,84
2018-07-10 18:00:00,410,330,80
2018-07-10 19:00:00,226,167,59
2018-07-10 20:00:00,163,114,49
2018-07-10 21:00:00,86,49,37
2018-07-10 22:00:00,34,22,12
2018-07-10 23:00:00,13,7,6
2018-07-11 00:00:00,5,5,0
2018-07-11 01:00:00,2,2,0
2018-07-11 02:00:00,1,0,1
2018-07-11 03:00:00,3,1,2
2018-07-11 04:00:00,9,4,5
2018-07-11 05:00:00,31,10,21
2018-07-11 06:00:00,98,20,78
2018-07-11 07:00:00,338,35,303
2018-07-11 08:00:00,477,42,435
2018-07-11 09:00:00,299,37,262
2018-07-11 10:00:00,126,30,96
2018-07-11 11:00:00,75,27,48
2018-07-11 12:00:00,72,33,39
2018-07-11 13:00:00,86,50,36
2018-07-11 14:00:00,98,69,29
2018-07-11 15:00:00,129,96,33
2018-07-11 16:00:00,313,251,62
2018-07-11 17:00:00,564,485,79
2018-07-11 18:00:00,406,322,84
2018-07-11 19:00:00,214,153,61
2018-07-11 20:00:00,143,83,60
2018-07-11 21:00:00,90,54,36
2018-07-11 22:00:00,42,28,14
2018-07-11 23:00:00,27,14,13
2018-07-12 00:00:00,7,4,3
2018-07-12 01:00:00,5,4,1
2018-07-12 02:00:00,3,1,2
2018-07-12 03:00:00,2,1,1
2018-07-12 04:00:00,10,3,7
2018-07-12 05:00:00,29,10,19
2018-07-12 06:00:00,101,25,76
2018-07-12 07:00:00,290,26,264
2018-07-12 08:00:00,484,47,437
2018-07-12 09:00:00,286,33,253
2018-07-12 10:00:00,127,32,95
2018-07-12 11:00:00,79,26,53
2018-07-12 12:00:00,73,38,35
2018-07-12 13:00:00,72,38,34
2018-07-12 14:00:00,108,66,42
2018-07-12 15:00:00,156,112,44
2018-07-12 16:00:00,306,247,59
2018-07-12 17:00:00,587,486,101
2018-07-12 18:00:00,412,332,80
2018-07-12 19:00:00,190,152,38
2018-07-12 20:00:00,178,113,65
2018-07-12 21:00:00,90,48,42
2018-07-12 22:00:00,70,38,32
2018-07-12 23:00:00,32,17,15
2018-07-13 00:00:00,17,9,8
2018-07-13 01:00:00,5,5,0
2018-07-13 02:00:00,6,3,3
2018-07-13 03:00:00,2,0,2
2018-07-13 04:00:00,9,7,2
2018-07-13 05:00:00,21,6,15
2018-07-13 06:00:00,83,26,57
2018-07-13 07:00:00,261,35,226
2018-07-13 08:00:00,376,39,337
2018-07-13 09:00:00,263,62,201
2018-07-13 10:00:00,117,26,91
2018-07-13 11:00:00,64,29,35
2018-07-13 12:00:00,85,39,46
2018-07-13 13:00:00,75,45,30
2018-07-13 14:00:00,124,87,37
2018-07-13 15:00:00,156,115,41
2018-07-13 16:00:00,276,221,55
2018-07-13 17:00:00,451,387,64
2018-07-13 18:00:00,275,219,56
2018-07-13 19:00:00,189,136,53
2018-07-13 20:00:00,125,89,36
2018-07-13 21:00:00,61,23,38
2018-07-13 22:00:00,54,30,24
2018-07-13 23:00:00,35,19,16
2018-07-14 00:00:00,11,5,6
2018-07-14 01:00:00,9,7,2
2018-07-14 02:00:00,3,3,0
2018-07-14 03:00:00,6,3,3
2018-07-14 04:00:00,15,11,4
2018-07-14 05:00:00,7,4,3
2018-07-14 06:00:00,28,17,11
2018-07-14 07:00:00,30,13,17
2018-07-14 08:00:00,32,18,14
2018-07-14 09:00:00,70,36,34
2018-07-14 10:00:00,104,55,49
2018-07-14 11:00:00,111,66,45
2018-07-14 12:00:00,146,86,60
2018-07-14 13:00:00,146,78,68
2018-07-14 14:00:00,170,91,79
2018-07-14 15:00:00,151,79,72
2018-07-14 16:00:00,164,90,74
2018-07-14 17:00:00,102,51,51
2018-07-14 18:00:00,92,47,45
2018-07-14 19:00:00,69,43,26
2018-07-14 20:00:00,96,46,50
2018-07-14 21:00:00,57,23,34
2018-07-14 22:00:00,38,15,23
2018-07-14 23:00:00,33,15,18
2018-07-15 00:00:00,10,5,5
2018-07-15 01:00:00,9,4,5
2018-07-15 02:00:00,5,2,3
2018-07-15 03:00:00,6,2,4
2018-07-15 04:00:00,3,0,3
2018-07-15 05:00:00,9,4,5
2018-07-15 06:00:00,24,15,9
2018-07-15 07:00:00,39,14,25
2018-07-15 08:00:00,56,26,30
2018-07-15 09:00:00,56,31,25
2018-07-15 10:00:00,114,68,46
2018-07-15 11:00:00,142,73,69
2018-07-15 12:00:00,126,72,54
2018-07-15 13:00:00,136,78,58
2018-07-15 14:00:00,132,65,67
2018-07-15 15:00:00,135,73,62
2018-07-15 16:00:00,97,47,50
2018-07-15 17:00:00,89,43,46
2018-07-15 18:00:00,85,37,48
2018-07-15 19:00:00,77,38,39
2018-07-15 20:00:00,60,31,29
2018-07-15 21:00:00,48,20,28
2018-07-15 22:00:00,27,10,17
2018-07-15 23:00:00,16,10,6
2018-07-16 00:00:00,1,1,0
2018-07-16 01:00:00,0,0,0
2018-07-16 02:00:00,1,1,0
2018-07-16 03:00:00,2,1,1
2018-07-16 04:00:00,9,4,5
2018-07-16 05:00:00,29,11,18
2018-07-16 06:00:00,89,19,70
2018-07-16 07:00:00,316,25,291
2018-07-16 08:00:00,476,48,428
2018-07-16 09:00:00,295,37,258
2018-07-16 10:00:00,115,35,80
2018-07-16 11:00:00,70,25,45
2018-07-16 12:00:00,68,27,41
2018-07-16 13:00:00,71,32,39
2018-07-16 14:00:00,66,42,24
2018-07-16 15:00:00,129,97,32
2018-07-16 16:00:00,298,244,54
2018-07-16 17:00:00,546,482,64
2018-07-16 18:00:00,371,317,54
2018-07-16 19:00:00,74,56,18
2018-07-16 20:00:00,0,0,0
2018-07-16 21:00:00,0,0,0
2018-07-16 22:00:00,0,0,0
2018-07-16 23:00:00,0,0,0
2018-07-17 00:00:00,0,0,0
2018-07-17 01:00:00,0,0,0
2018-07-17 02:00:00,0,0,0
2018-07-17 03:00:00,0,0,0
2018-07-17 04:00:00,0,0,0
2018-07-17 05:00:00,0,0,0
2018-07-17 06:00:00,0,0,0
2018-07-17 07:00:00,0,0,0
2018-07-17 08:00:00,0,0,0
2018-07-17 09:00:00,0,0,0
2018-07-17 10:00:00,0,0,0
2018-07-17 11:00:00,0,0,0
2018-07-17 12:00:00,0,0,0
2018-07-17 13:00:00,0,0,0
2018-07-17 14:00:00,0,0,0
2018-07-17 15:00:00,0,0,0
2018-07-17 16:00:00,0,0,0
2018-07-17 17:00:00,0,0,0
2018-07-17 18:00:00,0,0,0
2018-07-17 19:00:00,0,0,0
2018-07-17 20:00:00,0,0,0
2018-07-17 21:00:00,0,0,0
2018-07-17 22:00:00,0,0,0
2018-07-17 23:00:00,0,0,0
2018-07-18 00:00:00,0,0,0
2018-07-18 01:00:00,0,0,0
2018-07-18 02:00:00,0,0,0
2018-07-18 03:00:00,0,0,0
2018-07-18 04:00:00,0,0,0
2018-07-18 05:00:00,0,0,0
2018-07-18 06:00:00,0,0,0
2018-07-18 07:00:00,0,0,0
2018-07-18 08:00:00,0,0,0
2018-07-18 09:00:00,0,0,0
2018-07-18 10:00:00,0,0,0
2018-07-18 11:00:00,0,0,0
2018-07-18 12:00:00,0,0,0
2018-07-18 13:00:00,0,0,0
2018-07-18 14:00:00,0,0,0
2018-07-18 15:00:00,0,0,0
2018-07-18 16:00:00,0,0,0
2018-07-18 17:00:00,1,0,1
2018-07-18 18:00:00,0,0,0
2018-07-18 19:00:00,0,0,0
2018-07-18 20:00:00,0,0,0
2018-07-18 21:00:00,0,0,0
2018-07-18 22:00:00,0,0,0
2018-07-18 23:00:00,0,0,0
2018-07-19 00:00:00,0,0,0
2018-07-19 01:00:00,0,0,0
2018-07-19 02:00:00,0,0,0
2018-07-19 03:00:00,0,0,0
2018-07-19 04:00:00,0,0,0
2018-07-19 05:00:00,0,0,0
2018-07-19 06:00:00,0,0,0
2018-07-19 07:00:00,0,0,0
2018-07-19 08:00:00,0,0,0
2018-07-19 09:00:00,0,0,0
2018-07-19 10:00:00,0,0,0
2018-07-19 11:00:00,0,0,0
2018-07-19 12:00:00,0,0,0
2018-07-19 13:00:00,46,21,25
2018-07-19 14:00:00,97,56,41
2018-07-19 15:00:00,125,93,32
2018-07-19 16:00:00,298,240,58
2018-07-19 17:00:00,491,433,58
2018-07-19 18:00:00,295,245,50
2018-07-19 19:00:00,180,141,39
2018-07-19 20:00:00,109,69,40
2018-07-19 21:00:00,50,31,19
2018-07-19 22:00:00,43,18,25
2018-07-19 23:00:00,18,13,5
2018-07-20 00:00:00,12,7,5
2018-07-20 01:00:00,3,2,1
2018-07-20 02:00:00,1,0,1
2018-07-20 03:00:00,3,1,2
2018-07-20 04:00:00,8,3,5
2018-07-20 05:00:00,22,5,17
2018-07-20 06:00:00,94,19,75
2018-07-20 07:00:00,214,31,183
2018-07-20 08:00:00,327,21,306
2018-07-20 09:00:00,183,23,160
2018-07-20 10:00:00,103,30,73
2018-07-20 11:00:00,92,37,55
2018-07-20 12:00:00,65,32,33
2018-07-20 13:00:00,89,48,41
2018-07-20 14:00:00,126,76,50
2018-07-20 15:00:00,196,132,64
2018-07-20 16:00:00,299,237,62
2018-07-20 17:00:00,388,321,67
2018-07-20 18:00:00,243,180,63
2018-07-20 19:00:00,137,92,45
2018-07-20 20:00:00,102,70,32
2018-07-20 21:00:00,48,30,18
2018-07-20 22:00:00,32,23,9
2018-07-20 23:00:00,22,9,13
2018-07-21 00:00:00,13,7,6
2018-07-21 01:00:00,10,7,3
2018-07-21 02:00:00,7,6,1
2018-07-21 03:00:00,5,4,1
2018-07-21 04:00:00,5,1,4
2018-07-21 05:00:00,9,4,5
2018-07-21 06:00:00,19,10,9
2018-07-21 07:00:00,29,16,13
2018-07-21 08:00:00,76,36,40
2018-07-21 09:00:00,58,21,37
2018-07-21 10:00:00,85,43,42
2018-07-21 11:00:00,136,61,75
2018-07-21 12:00:00,146,81,65
2018-07-21 13:00:00,139,83,56
2018-07-21 14:00:00,189,99,90
2018-07-21 15:00:00,168,96,72
2018-07-21 16:00:00,134,62,72
2018-07-21 17:00:00,143,81,62
2018-07-21 18:00:00,118,54,64
2018-07-21 19:00:00,74,32,42
2018-07-21 20:00:00,60,36,24
2018-07-21 21:00:00,55,25,30
2018-07-21 22:00:00,26,12,14
2018-07-21 23:00:00,28,17,11
2018-07-22 00:00:00,16,8,8
2018-07-22 01:00:00,9,5,4
2018-07-22 02:00:00,5,2,3
2018-07-22 03:00:00,3,3,0
2018-07-22 04:00:00,20,7,13
2018-07-22 05:00:00,3,1,2
2018-07-22 06:00:00,9,2,7
2018-07-22 07:00:00,24,10,14
2018-07-22 08:00:00,40,19,21
2018-07-22 09:00:00,77,33,44
2018-07-22 10:00:00,102,49,53
2018-07-22 11:00:00,126,56,70
2018-07-22 12:00:00,148,73,75
2018-07-22 13:00:00,139,76,63
2018-07-22 14:00:00,155,80,75
2018-07-22 15:00:00,125,67,58
2018-07-22 16:00:00,128,70,58
2018-07-22 17:00:00,108,56,52
2018-07-22 18:00:00,77,40,37
2018-07-22 19:00:00,84,50,34
2018-07-22 20:00:00,47,26,21
2018-07-22 21:00:00,47,11,36
2018-07-22 22:00:00,14,10,4
2018-07-22 23:00:00,11,9,2
2018-07-23 00:00:00,4,3,1
2018-07-23 01:00:00,7,5,2
2018-07-23 02:00:00,3,1,2
2018-07-23 03:00:00,3,2,1
2018-07-23 04:00:00,12,7,5
2018-07-23 05:00:00,26,8,18
2018-07-23 06:00:00,99,18,81
2018-07-23 07:00:00,300,27,273
2018-07-23 08:00:00,479,35,444
2018-07-23 09:00:00,262,32,230
2018-07-23 10:00:00,112,32,80
2018-07-23 11:00:00,69,23,46
2018-07-23 12:00:00,83,31,52
2018-07-23 13:00:00,66,31,35
2018-07-23 14:00:00,87,52,35
2018-07-23 15:00:00,140,98,42
2018-07-23 16:00:00,312,258,54
2018-07-23 17:00:00,580,499,81
2018-07-23 18:00:00,377,331,46
2018-07-23 19:00:00,179,118,61
2018-07-23 20:00:00,114,75,39
2018-07-23 21:00:00,58,37,21
2018-07-23 22:00:00,37,20,17
2018-07-23 23:00:00,17,12,5
2018-07-24 00:00:00,3,1,2
2018-07-24 01:00:00,0,0,0
2018-07-24 02:00:00,3,1,2
2018-07-24 03:00:00,2,2,0
2018-07-24 04:00:00,7,2,5
2018-07-24 05:00:00,30,4,26
2018-07-24 06:00:00,134,27,107
2018-07-24 07:00:00,349,35,314
2018-07-24 08:00:00,511,40,471
2018-07-24 09:00:00,258,34,224
2018-07-24 10:00:00,113,24,89
2018-07-24 11:00:00,73,31,42
2018-07-24 12:00:00,75,33,42
2018-07-24 13:00:00,85,45,40
2018-07-24 14:00:00,100,53,47
2018-07-24 15:00:00,166,118,48
2018-07-24 16:00:00,324,264,60
2018-07-24 17:00:00,607,512,95
2018-07-24 18:00:00,431,340,91
2018-07-24 19:00:00,183,129,54
2018-07-24 20:00:00,134,85,49
2018-07-24 21:00:00,66,45,21
2018-07-24 22:00:00,58,31,27
2018-07-24 23:00:00,22,16,6
2018-07-25 00:00:00,6,3,3
2018-07-25 01:00:00,4,3,1
2018-07-25 02:00:00,2,2,0
2018-07-25 03:00:00,2,2,0
2018-07-25 04:00:00,15,8,7
2018-07-25 05:00:00,35,12,23
2018-07-25 06:00:00,121,24,97
2018-07-25 07:00:00,330,30,300
2018-07-25 08:00:00,479,47,432
2018-07-25 09:00:00,259,34,225
2018-07-25 10:00:00,113,21,92
2018-07-25 11:00:00,76,24,52
2018-07-25 12:00:00,64,32,32
2018-07-25 13:00:00,84,43,41
2018-07-25 14:00:00,85,60,25
2018-07-25 15:00:00,168,127,41
2018-07-25 16:00:00,334,272,62
2018-07-25 17:00:00,545,460,85
2018-07-25 18:00:00,395,321,74
2018-07-25 19:00:00,194,158,36
2018-07-25 20:00:00,156,112,44
2018-07-25 21:00:00,70,41,29
2018-07-25 22:00:00,43,27,16
2018-07-25 23:00:00,21,12,9
2018-07-26 00:00:00,8,5,3
2018-07-26 01:00:00,1,1,0
2018-07-26 02:00:00,2,2,0
2018-07-26 03:00:00,2,1,1
2018-07-26 04:00:00,6,3,3
2018-07-26 05:00:00,41,15,26
2018-07-26 06:00:00,121,26,95
2018-07-26 07:00:00,289,36,253
2018-07-26 08:00:00,492,51,441
2018-07-26 09:00:00,290,42,248
2018-07-26 10:00:00,117,30,87
2018-07-26 11:00:00,82,36,46
2018-07-26 12:00:00,76,31,45
2018-07-26 13:00:00,87,45,42
2018-07-26 14:00:00,103,68,35
2018-07-26 15:00:00,170,110,60
2018-07-26 16:00:00,323,275,48
2018-07-26 17:00:00,587,503,84
2018-07-26 18:00:00,339,274,65
2018-07-26 19:00:00,221,151,70
2018-07-26 20:00:00,122,81,41
2018-07-26 21:00:00,93,59,34
2018-07-26 22:00:00,50,27,23
2018-07-26 23:00:00,29,13,16
2018-07-27 00:00:00,8,6,2
2018-07-27 01:00:00,9,3,6
2018-07-27 02:00:00,6,2,4
2018-07-27 03:00:00,2,2,0
2018-07-27 04:00:00,10,6,4
2018-07-27 05:00:00,17,3,14
2018-07-27 06:00:00,102,24,78
2018-07-27 07:00:00,264,35,229
2018-07-27 08:00:00,414,59,355
2018-07-27 09:00:00,245,28,217
2018-07-27 10:00:00,114,33,81
2018-07-27 11:00:00,76,37,39
2018-07-27 12:00:00,76,35,41
2018-07-27 13:00:00,91,47,44
2018-07-27 14:00:00,140,89,51
2018-07-27 15:00:00,190,143,47
2018-07-27 16:00:00,334,261,73
2018-07-27 17:00:00,442,365,77
2018-07-27 18:00:00,288,222,66
2018-07-27 19:00:00,133,88,45
2018-07-27 20:00:00,118,62,56
2018-07-27 21:00:00,70,43,27
2018-07-27 22:00:00,46,28,18
2018-07-27 23:00:00,32,16,16
2018-07-28 00:00:00,13,12,1
2018-07-28 01:00:00,19,15,4
2018-07-28 02:00:00,5,3,2
2018-07-28 03:00:00,3,3,0
2018-07-28 04:00:00,5,2,3
2018-07-28 05:00:00,6,2,4
2018-07-28 06:00:00,19,9,10
2018-07-28 07:00:00,30,12,18
2018-07-28 08:00:00,77,46,31
2018-07-28 09:00:00,66,24,42
2018-07-28 10:00:00,101,50,51
2018-07-28 11:00:00,148,57,91
2018-07-28 12:00:00,106,53,53
2018-07-28 13:00:00,161,82,79
2018-07-28 14:00:00,150,83,67
2018-07-28 15:00:00,139,74,65
2018-07-28 16:00:00,139,69,70
2018-07-28 17:00:00,127,67,60
2018-07-28 18:00:00,108,49,59
2018-07-28 19:00:00,90,49,41
2018-07-28 20:00:00,64,21,43
2018-07-28 21:00:00,56,32,24
2018-07-28 22:00:00,28,18,10
2018-07-28 23:00:00,27,16,11
2018-07-29 00:00:00,14,8,6
2018-07-29 01:00:00,7,3,4
2018-07-29 02:00:00,7,5,2
2018-07-29 03:00:00,4,3,1
2018-07-29 04:00:00,4,0,4
2018-07-29 05:00:00,10,3,7
2018-07-29 06:00:00,4,2,2
2018-07-29 07:00:00,22,11,11
2018-07-29 08:00:00,47,23,24
2018-07-29 09:00:00,78,48,30
2018-07-29 10:00:00,86,42,44
2018-07-29 11:00:00,156,81,75
2018-07-29 12:00:00,117,59,58
2018-07-29 13:00:00,161,69,92
2018-07-29 14:00:00,108,58,50
2018-07-29 15:00:00,145,84,61
2018-07-29 16:00:00,173,85,88
2018-07-29 17:00:00,100,43,57
2018-07-29 18:00:00,103,54,49
2018-07-29 19:00:00,93,45,48
2018-07-29 20:00:00,75,42,33
2018-07-29 21:00:00,54,24,30
2018-07-29 22:00:00,11,5,6
2018-07-29 23:00:00,15,12,3
2018-07-30 00:00:00,5,3,2
2018-07-30 01:00:00,5,3,2
2018-07-30 02:00:00,2,2,0
2018-07-30 03:00:00,4,1,3
2018-07-30 04:00:00,9,5,4
2018-07-30 05:00:00,30,9,21
2018-07-30 06:00:00,96,13,83
2018-07-30 07:00:00,321,43,278
2018-07-30 08:00:00,455,43,412
2018-07-30 09:00:00,274,43,231
2018-07-30 10:00:00,109,24,85
2018-07-30 11:00:00,73,29,44
2018-07-30 12:00:00,76,35,41
2018-07-30 13:00:00,87,49,38
2018-07-30 14:00:00,95,49,46
2018-07-30 15:00:00,138,103,35
2018-07-30 16:00:00,300,256,44
2018-07-30 17:00:00,538,460,78
2018-07-30 18:00:00,368,295,73
2018-07-30 19:00:00,170,127,43
2018-07-30 20:00:00,131,84,47
2018-07-30 21:00:00,54,33,21
2018-07-30 22:00:00,33,22,11
2018-07-30 23:00:00,16,13,3
2018-07-31 00:00:00,10,3,7
2018-07-31 01:00:00,3,2,1
2018-07-31 02:00:00,1,1,0
2018-07-31 03:00:00,4,2,2
2018-07-31 04:00:00,10,4,6
2018-07-31 05:00:00,35,7,28
2018-07-31 06:00:00,115,29,86
2018-07-31 07:00:00,334,38,296
2018-07-31 08:00:00,491,39,452
2018-07-31 09:00:00,282,33,249
2018-07-31 10:00:00,135,26,109
2018-07-31 11:00:00,64,22,42
2018-07-31 12:00:00,67,25,42
2018-07-31 13:00:00,76,47,29
2018-07-31 14:00:00,81,48,33
2018-07-31 15:00:00,142,101,41
2018-07-31 16:00:00,359,297,62
2018-07-31 17:00:00,556,475,81
2018-07-31 18:00:00,405,345,60
2018-07-31 19:00:00,206,159,47
2018-07-31 20:00:00,125,79,46
2018-07-31 21:00:00,82,46,36
2018-07-31 22:00:00,52,35,17
2018-07-31 23:00:00,19,15,4
2018-08-01 00:00:00,13,6,7
2018-08-01 01:00:00,4,4,0
2018-08-01 02:00:00,1,0,1
2018-08-01 03:00:00,2,1,1
2018-08-01 04:00:00,10,5,5
2018-08-01 05:00:00,30,7,23
2018-08-01 06:00:00,120,26,94
2018-08-01 07:00:00,277,35,242
2018-08-01 08:00:00,497,41,456
2018-08-01 09:00:00,254,34,220
2018-08-01 10:00:00,133,29,104
2018-08-01 11:00:00,80,26,54
2018-08-01 12:00:00,62,21,41
2018-08-01 13:00:00,74,37,37
2018-08-01 14:00:00,92,58,34
2018-08-01 15:00:00,140,114,26
2018-08-01 16:00:00,348,284,64
2018-08-01 17:00:00,586,514,72
2018-08-01 18:00:00,391,335,56
2018-08-01 19:00:00,203,145,58
2018-08-01 20:00:00,133,81,52
2018-08-01 21:00:00,74,41,33
2018-08-01 22:00:00,27,17,10
2018-08-01 23:00:00,19,11,8
2018-08-02 00:00:00,10,6,4
2018-08-02 01:00:00,5,2,3
2018-08-02 02:00:00,3,3,0
2018-08-02 03:00:00,2,1,1
2018-08-02 04:00:00,4,2,2
2018-08-02 05:00:00,32,8,24
2018-08-02 06:00:00,102,22,80
2018-08-02 07:00:00,253,40,213
2018-08-02 08:00:00,433,46,387
2018-08-02 09:00:00,245,31,214
2018-08-02 10:00:00,127,29,98
2018-08-02 11:00:00,71,27,44
2018-08-02 12:00:00,52,24,28
2018-08-02 13:00:00,55,31,24
2018-08-02 14:00:00,83,53,30
2018-08-02 15:00:00,121,83,38
2018-08-02 16:00:00,287,245,42
2018-08-02 17:00:00,448,376,72
2018-08-02 18:00:00,356,283,73
2018-08-02 19:00:00,150,111,39
2018-08-02 20:00:00,86,53,33
2018-08-02 21:00:00,66,40,26
2018-08-02 22:00:00,32,22,10
2018-08-02 23:00:00,16,12,4
2018-08-03 00:00:00,4,3,1
2018-08-03 01:00:00,3,2,1
2018-08-03 02:00:00,1,1,0
2018-08-03 03:00:00,6,4,2
2018-08-03 04:00:00,10,7,3
2018-08-03 05:00:00,20,5,15
2018-08-03 06:00:00,69,16,53
2018-08-03 07:00:00,185,25,160
2018-08-03 08:00:00,313,36,277
2018-08-03 09:00:00,175,26,149
2018-08-03 10:00:00,104,36,68
2018-08-03 11:00:00,80,35,45
2018-08-03 12:00:00,77,33,44
2018-08-03 13:00:00,77,49,28
2018-08-03 14:00:00,97,66,31
2018-08-03 15:00:00,154,112,42
2018-08-03 16:00:00,292,223,69
2018-08-03 17:00:00,369,287,82
2018-08-03 18:00:00,241,154,87
2018-08-03 19:00:00,131,83,48
2018-08-03 20:00:00,91,53,38
2018-08-03 21:00:00,65,39,26
2018-08-03 22:00:00,40,27,13
2018-08-03 23:00:00,30,23,7
2018-08-04 00:00:00,12,11,1
2018-08-04 01:00:00,10,7,3
2018-08-04 02:00:00,6,3,3
2018-08-04 03:00:00,2,2,0
2018-08-04 04:00:00,7,2,5
2018-08-04 05:00:00,0,0,0
2018-08-04 06:00:00,0,0,0
2018-08-04 07:00:00,0,0,0
2018-08-04 08:00:00,0,0,0
2018-08-04 09:00:00,0,0,0
2018-08-04 10:00:00,0,0,0
2018-08-04 11:00:00,0,0,0
2018-08-04 12:00:00,0,0,0
2018-08-04 13:00:00,0,0,0
2018-08-04 14:00:00,0,0,0
2018-08-04 15:00:00,0,0,0
2018-08-04 16:00:00,0,0,0
2018-08-04 17:00:00,0,0,0
2018-08-04 18:00:00,0,0,0
2018-08-04 19:00:00,0,0,0
2018-08-04 20:00:00,0,0,0
2018-08-04 21:00:00,0,0,0
2018-08-04 22:00:00,0,0,0
2018-08-04 23:00:00,0,0,0
2018-08-05 00:00:00,0,0,0
2018-08-05 01:00:00,0,0,0
2018-08-05 02:00:00,0,0,0
2018-08-05 03:00:00,0,0,0
2018-08-05 04:00:00,0,0,0
2018-08-05 05:00:00,0,0,0
2018-08-05 06:00:00,0,0,0
2018-08-05 07:00:00,0,0,0
2018-08-05 08:00:00,0,0,0
2018-08-05 09:00:00,0,0,0
2018-08-05 10:00:00,0,0,0
2018-08-05 11:00:00,0,0,0
2018-08-05 12:00:00,0,0,0
2018-08-05 13:00:00,0,0,0
2018-08-05 14:00:00,0,0,0
2018-08-05 15:00:00,0,0,0
2018-08-05 16:00:00,0,0,0
2018-08-05 17:00:00,0,0,0
2018-08-05 18:00:00,0,0,0
2018-08-05 19:00:00,0,0,0
2018-08-05 20:00:00,0,0,0
2018-08-05 21:00:00,0,0,0
2018-08-05 22:00:00,0,0,0
2018-08-05 23:00:00,0,0,0
2018-08-06 00:00:00,0,0,0
2018-08-06 01:00:00,0,0,0
2018-08-06 02:00:00,0,0,0
2018-08-06 03:00:00,0,0,0
2018-08-06 04:00:00,0,0,0
2018-08-06 05:00:00,0,0,0
2018-08-06 06:00:00,0,0,0
2018-08-06 07:00:00,0,0,0
2018-08-06 08:00:00,0,0,0
2018-08-06 09:00:00,0,0,0
2018-08-06 10:00:00,0,0,0
2018-08-06 11:00:00,0,0,0
2018-08-06 12:00:00,0,0,0
2018-08-06 13:00:00,0,0,0
2018-08-06 14:00:00,0,0,0
2018-08-06 15:00:00,0,0,0
2018-08-06 16:00:00,0,0,0
2018-08-06 17:00:00,0,0,0
2018-08-06 18:00:00,0,0,0
2018-08-06 19:00:00,0,0,0
2018-08-06 20:00:00,0,0,0
2018-08-06 21:00:00,0,0,0
2018-08-06 22:00:00,0,0,0
2018-08-06 23:00:00,0,0,0
2018-08-07 00:00:00,0,0,0
2018-08-07 01:00:00,0,0,0
2018-08-07 02:00:00,0,0,0
2018-08-07 03:00:00,0,0,0
2018-08-07 04:00:00,0,0,0
2018-08-07 05:00:00,0,0,0
2018-08-07 06:00:00,0,0,0
2018-08-07 07:00:00,0,0,0
2018-08-07 08:00:00,0,0,0
2018-08-07 09:00:00,0,0,0
2018-08-07 10:00:00,0,0,0
2018-08-07 11:00:00,0,0,0
2018-08-07 12:00:00,0,0,0
2018-08-07 13:00:00,0,0,0
2018-08-07 14:00:00,0,0,0
2018-08-07 15:00:00,0,0,0
2018-08-07 16:00:00,0,0,0
2018-08-07 17:00:00,0,0,0
2018-08-07 18:00:00,0,0,0
2018-08-07 19:00:00,0,0,0
2018-08-07 20:00:00,0,0,0
2018-08-07 21:00:00,0,0,0
2018-08-07 22:00:00,0,0,0
2018-08-07 23:00:00,0,0,0
2018-08-08 00:00:00,0,0,0
2018-08-08 01:00:00,0,0,0
2018-08-08 02:00:00,0,0,0
2018-08-08 03:00:00,0,0,0
2018-08-08 04:00:00,0,0,0
2018-08-08 05:00:00,0,0,0
2018-08-08 06:00:00,0,0,0
2018-08-08 07:00:00,0,0,0
2018-08-08 08:00:00,0,0,0
2018-08-08 09:00:00,0,0,0
2018-08-08 10:00:00,0,0,0
2018-08-08 11:00:00,0,0,0
2018-08-08 12:00:00,0,0,0
2018-08-08 13:00:00,0,0,0
2018-08-08 14:00:00,0,0,0
2018-08-08 15:00:00,0,0,0
2018-08-08 16:00:00,0,0,0
2018-08-08 17:00:00,0,0,0
2018-08-08 18:00:00,0,0,0
2018-08-08 19:00:00,0,0,0
2018-08-08 20:00:00,0,0,0
2018-08-08 21:00:00,0,0,0
2018-08-08 22:00:00,0,0,0
2018-08-08 23:00:00,0,0,0
2018-08-09 00:00:00,0,0,0
2018-08-09 01:00:00,0,0,0
2018-08-09 02:00:00,0,0,0
2018-08-09 03:00:00,0,0,0
2018-08-09 04:00:00,0,0,0
2018-08-09 05:00:00,0,0,0
2018-08-09 06:00:00,0,0,0
2018-08-09 07:00:00,0,0,0
2018-08-09 08:00:00,0,0,0
2018-08-09 09:00:00,0,0,0
2018-08-09 10:00:00,0,0,0
2018-08-09 11:00:00,0,0,0
2018-08-09 12:00:00,0,0,0
2018-08-09 13:00:00,0,0,0
2018-08-09 14:00:00,0,0,0
2018-08-09 15:00:00,0,0,0
2018-08-09 16:00:00,0,0,0
2018-08-09 17:00:00,0,0,0
2018-08-09 18:00:00,0,0,0
2018-08-09 19:00:00,0,0,0
2018-08-09 20:00:00,0,0,0
2018-08-09 21:00:00,0,0,0
2018-08-09 22:00:00,0,0,0
2018-08-09 23:00:00,0,0,0
2018-08-10 00:00:00,0,0,0
2018-08-10 01:00:00,0,0,0
2018-08-10 02:00:00,0,0,0
2018-08-10 03:00:00,0,0,0
2018-08-10 04:00:00,0,0,0
2018-08-10 05:00:00,0,0,0
2018-08-10 06:00:00,0,0,0
2018-08-10 07:00:00,0,0,0
2018-08-10 08:00:00,0,0,0
2018-08-10 09:00:00,0,0,0
2018-08-10 10:00:00,0,0,0
2018-08-10 11:00:00,0,0,0
2018-08-10 12:00:00,0,0,0
2018-08-10 13:00:00,0,0,0
2018-08-10 14:00:00,0,0,0
2018-08-10 15:00:00,0,0,0
2018-08-10 16:00:00,0,0,0
2018-08-10 17:00:00,0,0,0
2018-08-10 18:00:00,0,0,0
2018-08-10 19:00:00,0,0,0
2018-08-10 20:00:00,0,0,0
2018-08-10 21:00:00,0,0,0
2018-08-10 22:00:00,0,0,0
2018-08-10 23:00:00,0,0,0
2018-08-11 00:00:00,0,0,0
2018-08-11 01:00:00,0,0,0
2018-08-11 02:00:00,0,0,0
2018-08-11 03:00:00,0,0,0
2018-08-11 04:00:00,0,0,0
2018-08-11 05:00:00,0,0,0
2018-08-11 06:00:00,0,0,0
2018-08-11 07:00:00,0,0,0
2018-08-11 08:00:00,0,0,0
2018-08-11 09:00:00,0,0,0
2018-08-11 10:00:00,0,0,0
2018-08-11 11:00:00,0,0,0
2018-08-11 12:00:00,0,0,0
2018-08-11 13:00:00,0,0,0
2018-08-11 14:00:00,0,0,0
2018-08-11 15:00:00,0,0,0
2018-08-11 16:00:00,0,0,0
2018-08-11 17:00:00,0,0,0
2018-08-11 18:00:00,0,0,0
2018-08-11 19:00:00,0,0,0
2018-08-11 20:00:00,0,0,0
2018-08-11 21:00:00,0,0,0
2018-08-11 22:00:00,0,0,0
2018-08-11 23:00:00,0,0,0
2018-08-12 00:00:00,0,0,0
2018-08-12 01:00:00,0,0,0
2018-08-12 02:00:00,0,0,0
2018-08-12 03:00:00,0,0,0
2018-08-12 04:00:00,0,0,0
2018-08-12 05:00:00,0,0,0
2018-08-12 06:00:00,0,0,0
2018-08-12 07:00:00,0,0,0
2018-08-12 08:00:00,0,0,0
2018-08-12 09:00:00,0,0,0
2018-08-12 10:00:00,0,0,0
2018-08-12 11:00:00,0,0,0
2018-08-12 12:00:00,0,0,0
2018-08-12 13:00:00,0,0,0
2018-08-12 14:00:00,0,0,0
2018-08-12 15:00:00,0,0,0
2018-08-12 16:00:00,0,0,0
2018-08-12 17:00:00,0,0,0
2018-08-12 18:00:00,0,0,0
2018-08-12 19:00:00,0,0,0
2018-08-12 20:00:00,0,0,0
2018-08-12 21:00:00,0,0,0
2018-08-12 22:00:00,0,0,0
2018-08-12 23:00:00,0,0,0
2018-08-13 00:00:00,0,0,0
2018-08-13 01:00:00,0,0,0
2018-08-13 02:00:00,0,0,0
2018-08-13 03:00:00,0,0,0
2018-08-13 04:00:00,0,0,0
2018-08-13 05:00:00,0,0,0
2018-08-13 06:00:00,0,0,0
2018-08-13 07:00:00,0,0,0
2018-08-13 08:00:00,0,0,0
2018-08-13 09:00:00,0,0,0
2018-08-13 10:00:00,0,0,0
2018-08-13 11:00:00,0,0,0
2018-08-13 12:00:00,0,0,0
2018-08-13 13:00:00,0,0,0
2018-08-13 14:00:00,0,0,0
2018-08-13 15:00:00,0,0,0
2018-08-13 16:00:00,0,0,0
2018-08-13 17:00:00,0,0,0
2018-08-13 18:00:00,0,0,0
2018-08-13 19:00:00,0,0,0
2018-08-13 20:00:00,0,0,0
2018-08-13 21:00:00,0,0,0
2018-08-13 22:00:00,0,0,0
2018-08-13 23:00:00,0,0,0
2018-08-14 00:00:00,0,0,0
2018-08-14 01:00:00,0,0,0
2018-08-14 02:00:00,0,0,0
2018-08-14 03:00:00,0,0,0
2018-08-14 04:00:00,0,0,0
2018-08-14 05:00:00,0,0,0
2018-08-14 06:00:00,0,0,0
2018-08-14 07:00:00,0,0,0
2018-08-14 08:00:00,0,0,0
2018-08-14 09:00:00,0,0,0
2018-08-14 10:00:00,0,0,0
2018-08-14 11:00:00,0,0,0
2018-08-14 12:00:00,0,0,0
2018-08-14 13:00:00,0,0,0
2018-08-14 14:00:00,0,0,0
2018-08-14 15:00:00,0,0,0
2018-08-14 16:00:00,0,0,0
2018-08-14 17:00:00,0,0,0
2018-08-14 18:00:00,0,0,0
2018-08-14 19:00:00,0,0,0
2018-08-14 20:00:00,0,0,0
2018-08-14 21:00:00,0,0,0
2018-08-14 22:00:00,0,0,0
2018-08-14 23:00:00,0,0,0
2018-08-15 00:00:00,0,0,0
2018-08-15 01:00:00,0,0,0
2018-08-15 02:00:00,0,0,0
2018-08-15 03:00:00,0,0,0
2018-08-15 04:00:00,0,0,0
2018-08-15 05:00:00,0,0,0
2018-08-15 06:00:00,0,0,0
2018-08-15 07:00:00,0,0,0
2018-08-15 08:00:00,0,0,0
2018-08-15 09:00:00,0,0,0
2018-08-15 10:00:00,0,0,0
2018-08-15 11:00:00,0,0,0
2018-08-15 12:00:00,6,1,5
2018-08-15 13:00:00,2,0,2
2018-08-15 14:00:00,0,0,0
2018-08-15 15:00:00,0,0,0
2018-08-15 16:00:00,0,0,0
2018-08-15 17:00:00,0,0,0
2018-08-15 18:00:00,0,0,0
2018-08-15 19:00:00,0,0,0
2018-08-15 20:00:00,0,0,0
2018-08-15 21:00:00,0,0,0
2018-08-15 22:00:00,0,0,0
2018-08-15 23:00:00,0,0,0
2018-08-16 00:00:00,0,0,0
2018-08-16 01:00:00,0,0,0
2018-08-16 02:00:00,0,0,0
2018-08-16 03:00:00,0,0,0
2018-08-16 04:00:00,0,0,0
2018-08-16 05:00:00,0,0,0
2018-08-16 06:00:00,0,0,0
2018-08-16 07:00:00,0,0,0
2018-08-16 08:00:00,0,0,0
2018-08-16 09:00:00,0,0,0
2018-08-16 10:00:00,0,0,0
2018-08-16 11:00:00,0,0,0
2018-08-16 12:00:00,0,0,0
2018-08-16 13:00:00,0,0,0
2018-08-16 14:00:00,0,0,0
2018-08-16 15:00:00,0,0,0
2018-08-16 16:00:00,0,0,0
2018-08-16 17:00:00,0,0,0
2018-08-16 18:00:00,0,0,0
2018-08-16 19:00:00,0,0,0
2018-08-16 20:00:00,0,0,0
2018-08-16 21:00:00,0,0,0
2018-08-16 22:00:00,0,0,0
2018-08-16 23:00:00,0,0,0
2018-08-17 00:00:00,0,0,0
2018-08-17 01:00:00,0,0,0
2018-08-17 02:00:00,0,0,0
2018-08-17 03:00:00,0,0,0
2018-08-17 04:00:00,0,0,0
2018-08-17 05:00:00,0,0,0
2018-08-17 06:00:00,0,0,0
2018-08-17 07:00:00,0,0,0
2018-08-17 08:00:00,0,0,0
2018-08-17 09:00:00,0,0,0
2018-08-17 10:00:00,0,0,0
2018-08-17 11:00:00,59,23,36
2018-08-17 12:00:00,76,39,37
2018-08-17 13:00:00,98,52,46
2018-08-17 14:00:00,91,59,32
2018-08-17 15:00:00,142,101,41
2018-08-17 16:00:00,308,241,67
2018-08-17 17:00:00,386,299,87
2018-08-17 18:00:00,227,165,62
2018-08-17 19:00:00,131,97,34
2018-08-17 20:00:00,94,57,37
2018-08-17 21:00:00,76,49,27
2018-08-17 22:00:00,48,26,22
2018-08-17 23:00:00,35,28,7
2018-08-18 00:00:00,15,9,6
2018-08-18 01:00:00,13,6,7
2018-08-18 02:00:00,8,6,2
2018-08-18 03:00:00,4,1,3
2018-08-18 04:00:00,5,2,3
2018-08-18 05:00:00,4,2,2
2018-08-18 06:00:00,13,8,5
2018-08-18 07:00:00,26,12,14
2018-08-18 08:00:00,34,13,21
2018-08-18 09:00:00,76,33,43
2018-08-18 10:00:00,96,50,46
2018-08-18 11:00:00,113,36,77
2018-08-18 12:00:00,145,58,87
2018-08-18 13:00:00,124,62,62
2018-08-18 14:00:00,125,72,53
2018-08-18 15:00:00,151,85,66
2018-08-18 16:00:00,121,59,62
2018-08-18 17:00:00,109,58,51
2018-08-18 18:00:00,133,71,62
2018-08-18 19:00:00,86,42,44
2018-08-18 20:00:00,37,18,19
2018-08-18 21:00:00,34,20,14
2018-08-18 22:00:00,32,20,12
2018-08-18 23:00:00,26,22,4
2018-08-19 00:00:00,22,9,13
2018-08-19 01:00:00,3,2,1
2018-08-19 02:00:00,5,3,2
2018-08-19 03:00:00,2,2,0
2018-08-19 04:00:00,2,1,1
2018-08-19 05:00:00,3,1,2
2018-08-19 06:00:00,4,1,3
2018-08-19 07:00:00,24,13,11
2018-08-19 08:00:00,45,22,23
2018-08-19 09:00:00,58,27,31
2018-08-19 10:00:00,95,45,50
2018-08-19 11:00:00,109,60,49
2018-08-19 12:00:00,148,64,84
2018-08-19 13:00:00,140,79,61
2018-08-19 14:00:00,123,64,59
2018-08-19 15:00:00,107,40,67
2018-08-19 16:00:00,115,57,58
2018-08-19 17:00:00,103,60,43
2018-08-19 18:00:00,58,32,26
2018-08-19 19:00:00,65,38,27
2018-08-19 20:00:00,25,18,7
2018-08-19 21:00:00,11,5,6
2018-08-19 22:00:00,13,1,12
2018-08-19 23:00:00,8,6,2
2018-08-20 00:00:00,3,2,1
2018-08-20 01:00:00,0,0,0
2018-08-20 02:00:00,1,1,0
2018-08-20 03:00:00,3,3,0
2018-08-20 04:00:00,11,7,4
2018-08-20 05:00:00,21,4,17
2018-08-20 06:00:00,75,14,61
2018-08-20 07:00:00,223,28,195
2018-08-20 08:00:00,337,30,307
2018-08-20 09:00:00,163,27,136
2018-08-20 10:00:00,100,27,73
2018-08-20 11:00:00,51,22,29
2018-08-20 12:00:00,49,28,21
2018-08-20 13:00:00,47,25,22
2018-08-20 14:00:00,54,31,23
2018-08-20 15:00:00,89,58,31
2018-08-20 16:00:00,193,159,34
2018-08-20 17:00:00,357,310,47
2018-08-20 18:00:00,211,178,33
2018-08-20 19:00:00,88,69,19
2018-08-20 20:00:00,62,42,20
2018-08-20 21:00:00,40,30,10
2018-08-20 22:00:00,20,17,3
2018-08-20 23:00:00,12,10,2
2018-08-21 00:00:00,5,4,1
2018-08-21 01:00:00,0,0,0
2018-08-21 02:00:00,4,2,2
2018-08-21 03:00:00,3,2,1
2018-08-21 04:00:00,8,3,5
2018-08-21 05:00:00,16,6,10
2018-08-21 06:00:00,61,14,47
2018-08-21 07:00:00,162,22,140
2018-08-21 08:00:00,246,30,216
2018-08-21 09:00:00,119,23,96
2018-08-21 10:00:00,62,10,52
2018-08-21 11:00:00,45,24,21
2018-08-21 12:00:00,35,15,20
2018-08-21 13:00:00,38,16,22
2018-08-21 14:00:00,58,40,18
2018-08-21 15:00:00,67,44,23
2018-08-21 16:00:00,152,120,32
2018-08-21 17:00:00,272,233,39
2018-08-21 18:00:00,194,151,43
2018-08-21 19:00:00,102,74,28
2018-08-21 20:00:00,57,38,19
2018-08-21 21:00:00,26,21,5
2018-08-21 22:00:00,13,10,3
2018-08-21 23:00:00,13,8,5
2018-08-22 00:00:00,2,2,0
2018-08-22 01:00:00,5,2,3
2018-08-22 02:00:00,1,1,0
2018-08-22 03:00:00,2,1,1
2018-08-22 04:00:00,6,4,2
2018-08-22 05:00:00,23,6,17
2018-08-22 06:00:00,47,11,36
2018-08-22 07:00:00,158,17,141
2018-08-22 08:00:00,236,29,207
2018-08-22 09:00:00,131,19,112
2018-08-22 10:00:00,65,16,49
2018-08-22 11:00:00,41,12,29
2018-08-22 12:00:00,32,15,17
2018-08-22 13:00:00,46,26,20
2018-08-22 14:00:00,55,44,11
2018-08-22 15:00:00,68,46,22
2018-08-22 16:00:00,144,110,34
2018-08-22 17:00:00,272,236,36
2018-08-22 18:00:00,165,142,23
2018-08-22 19:00:00,105,77,28
2018-08-22 20:00:00,64,47,17
2018-08-22 21:00:00,26,19,7
2018-08-22 22:00:00,21,14,7
2018-08-22 23:00:00,11,5,6
2018-08-23 00:00:00,1,1,0
2018-08-23 01:00:00,2,2,0
2018-08-23 02:00:00,3,2,1
2018-08-23 03:00:00,2,1,1
2018-08-23 04:00:00,4,4,0
2018-08-23 05:00:00,22,5,17
2018-08-23 06:00:00,63,12,51
2018-08-23 07:00:00,156,21,135
2018-08-23 08:00:00,270,33,237
2018-08-23 09:00:00,167,25,142
2018-08-23 10:00:00,71,21,50
2018-08-23 11:00:00,56,12,44
2018-08-23 12:00:00,38,15,23
2018-08-23 13:00:00,75,48,27
2018-08-23 14:00:00,64,40,24
2018-08-23 15:00:00,87,68,19
2018-08-23 16:00:00,187,146,41
2018-08-23 17:00:00,345,279,66
2018-08-23 18:00:00,263,216,47
2018-08-23 19:00:00,145,107,38
2018-08-23 20:00:00,108,65,43
2018-08-23 21:00:00,30,21,9
2018-08-23 22:00:00,39,24,15
2018-08-23 23:00:00,12,5,7
2018-08-24 00:00:00,10,7,3
2018-08-24 01:00:00,3,2,1
2018-08-24 02:00:00,6,2,4
2018-08-24 03:00:00,3,3,0
2018-08-24 04:00:00,12,7,5
2018-08-24 05:00:00,16,7,9
2018-08-24 06:00:00,64,15,49
2018-08-24 07:00:00,197,15,182
2018-08-24 08:00:00,324,38,286
2018-08-24 09:00:00,191,30,161
2018-08-24 10:00:00,89,27,62
2018-08-24 11:00:00,58,21,37
2018-08-24 12:00:00,65,28,37
2018-08-24 13:00:00,75,47,28
2018-08-24 14:00:00,85,56,29
2018-08-24 15:00:00,153,110,43
2018-08-24 16:00:00,284,230,54
2018-08-24 17:00:00,347,276,71
2018-08-24 18:00:00,220,170,50
2018-08-24 19:00:00,110,74,36
2018-08-24 20:00:00,68,45,23
2018-08-24 21:00:00,37,25,12
2018-08-24 22:00:00,30,19,11
2018-08-24 23:00:00,15,12,3
2018-08-25 00:00:00,19,13,6
2018-08-25 01:00:00,10,6,4
2018-08-25 02:00:00,7,1,6
2018-08-25 03:00:00,1,1,0
2018-08-25 04:00:00,6,4,2
2018-08-25 05:00:00,3,2,1
2018-08-25 06:00:00,14,6,8
2018-08-25 07:00:00,12,5,7
2018-08-25 08:00:00,30,14,16
2018-08-25 09:00:00,35,14,21
2018-08-25 10:00:00,47,22,25
2018-08-25 11:00:00,39,24,15
2018-08-25 12:00:00,59,30,29
2018-08-25 13:00:00,87,57,30
2018-08-25 14:00:00,80,35,45
2018-08-25 15:00:00,74,25,49
2018-08-25 16:00:00,66,35,31
2018-08-25 17:00:00,61,40,21
2018-08-25 18:00:00,70,39,31
2018-08-25 19:00:00,42,18,24
2018-08-25 20:00:00,27,10,17
2018-08-25 21:00:00,24,14,10
2018-08-25 22:00:00,19,14,5
2018-08-25 23:00:00,14,10,4
2018-08-26 00:00:00,8,6,2
2018-08-26 01:00:00,9,6,3
2018-08-26 02:00:00,4,3,1
2018-08-26 03:00:00,4,2,2
2018-08-26 04:00:00,3,1,2
2018-08-26 05:00:00,5,3,2
2018-08-26 06:00:00,6,3,3
2018-08-26 07:00:00,16,7,9
2018-08-26 08:00:00,30,11,19
2018-08-26 09:00:00,34,12,22
2018-08-26 10:00:00,42,27,15
2018-08-26 11:00:00,68,32,36
2018-08-26 12:00:00,86,46,40
2018-08-26 13:00:00,81,51,30
2018-08-26 14:00:00,72,41,31
2018-08-26 15:00:00,88,43,45
2018-08-26 16:00:00,88,50,38
2018-08-26 17:00:00,66,39,27
2018-08-26 18:00:00,68,27,41
2018-08-26 19:00:00,31,19,12
2018-08-26 20:00:00,20,16,4
2018-08-26 21:00:00,5,2,3
2018-08-26 22:00:00,6,3,3
2018-08-26 23:00:00,6,4,2
2018-08-27 00:00:00,5,3,2
2018-08-27 01:00:00,2,2,0
2018-08-27 02:00:00,1,1,0
2018-08-27 03:00:00,1,1,0
2018-08-27 04:00:00,9,4,5
2018-08-27 05:00:00,30,11,19
2018-08-27 06:00:00,74,9,65
2018-08-27 07:00:00,260,27,233
2018-08-27 08:00:00,396,30,366
2018-08-27 09:00:00,214,31,183
2018-08-27 10:00:00,86,19,67
2018-08-27 11:00:00,58,14,44
2018-08-27 12:00:00,58,21,37
2018-08-27 13:00:00,67,43,24
2018-08-27 14:00:00,90,53,37
2018-08-27 15:00:00,133,92,41
2018-08-27 16:00:00,281,229,52
2018-08-27 17:00:00,442,397,45
2018-08-27 18:00:00,351,284,67
2018-08-27 19:00:00,174,122,52
2018-08-27 20:00:00,92,54,38
2018-08-27 21:00:00,38,23,15
2018-08-27 22:00:00,31,18,13
2018-08-27 23:00:00,16,10,6
2018-08-28 00:00:00,5,4,1
2018-08-28 01:00:00,2,2,0
2018-08-28 02:00:00,2,2,0
2018-08-28 03:00:00,0,0,0
2018-08-28 04:00:00,7,1,6
2018-08-28 05:00:00,31,10,21
2018-08-28 06:00:00,103,24,79
2018-08-28 07:00:00,329,37,292
2018-08-28 08:00:00,479,56,423
2018-08-28 09:00:00,256,44,212
2018-08-28 10:00:00,114,24,90
2018-08-28 11:00:00,55,24,31
2018-08-28 12:00:00,90,37,53
2018-08-28 13:00:00,65,43,22
2018-08-28 14:00:00,83,48,35
2018-08-28 15:00:00,132,86,46
2018-08-28 16:00:00,309,245,64
2018-08-28 17:00:00,576,485,91
2018-08-28 18:00:00,404,329,75
2018-08-28 19:00:00,179,130,49
2018-08-28 20:00:00,119,72,47
2018-08-28 21:00:00,56,32,24
2018-08-28 22:00:00,34,18,16
2018-08-28 23:00:00,14,5,9
2018-08-29 00:00:00,16,8,8
2018-08-29 01:00:00,2,2,0
2018-08-29 02:00:00,1,1,0
2018-08-29 03:00:00,0,0,0
2018-08-29 04:00:00,11,7,4
2018-08-29 05:00:00,29,7,22
2018-08-29 06:00:00,109,20,89
2018-08-29 07:00:00,288,26,262
2018-08-29 08:00:00,445,58,387
2018-08-29 09:00:00,212,30,182
2018-08-29 10:00:00,118,26,92
2018-08-29 11:00:00,57,19,38
2018-08-29 12:00:00,61,34,27
2018-08-29 13:00:00,80,43,37
2018-08-29 14:00:00,73,36,37
2018-08-29 15:00:00,164,121,43
2018-08-29 16:00:00,270,220,50
2018-08-29 17:00:00,477,400,77
2018-08-29 18:00:00,318,266,52
2018-08-29 19:00:00,186,133,53
2018-08-29 20:00:00,70,46,24
2018-08-29 21:00:00,35,20,15
2018-08-29 22:00:00,26,17,9
2018-08-29 23:00:00,20,12,8
2018-08-30 00:00:00,6,5,1
2018-08-30 01:00:00,3,2,1
2018-08-30 02:00:00,4,3,1
2018-08-30 03:00:00,5,3,2
2018-08-30 04:00:00,3,2,1
2018-08-30 05:00:00,26,9,17
2018-08-30 06:00:00,84,20,64
2018-08-30 07:00:00,213,29,184
2018-08-30 08:00:00,365,31,334
2018-08-30 09:00:00,189,32,157
2018-08-30 10:00:00,106,23,83
2018-08-30 11:00:00,73,23,50
2018-08-30 12:00:00,48,22,26
2018-08-30 13:00:00,63,38,25
2018-08-30 14:00:00,58,37,21
2018-08-30 15:00:00,112,64,48
2018-08-30 16:00:00,230,185,45
2018-08-30 17:00:00,404,354,50
2018-08-30 18:00:00,261,213,48
2018-08-30 19:00:00,143,112,31
2018-08-30 20:00:00,70,51,19
2018-08-30 21:00:00,38,24,14
2018-08-30 22:00:00,27,21,6
2018-08-30 23:00:00,10,7,3
2018-08-31 00:00:00,9,6,3
2018-08-31 01:00:00,7,5,2
2018-08-31 02:00:00,0,0,0
2018-08-31 03:00:00,3,1,2
2018-08-31 04:00:00,3,2,1
2018-08-31 05:00:00,16,8,8
2018-08-31 06:00:00,48,8,40
2018-08-31 07:00:00,143,11,132
2018-08-31 08:00:00,276,30,246
2018-08-31 09:00:00,164,30,134
2018-08-31 10:00:00,94,29,65
2018-08-31 11:00:00,62,27,35
2018-08-31 12:00:00,76,42,34
2018-08-31 13:00:00,99,53,46
2018-08-31 14:00:00,107,69,38
2018-08-31 15:00:00,200,145,55
2018-08-31 16:00:00,242,168,74
2018-08-31 17:00:00,342,255,87
2018-08-31 18:00:00,194,152,42
2018-08-31 19:00:00,87,55,32
2018-08-31 20:00:00,56,29,27
2018-08-31 21:00:00,26,15,11
2018-08-31 22:00:00,23,18,5
2018-08-31 23:00:00,26,23,3
2018-09-01 00:00:00,4,4,0
2018-09-01 01:00:00,10,8,2
2018-09-01 02:00:00,5,3,2
2018-09-01 03:00:00,5,3,2
2018-09-01 04:00:00,2,1,1
2018-09-01 05:00:00,4,2,2
2018-09-01 06:00:00,13,4,9
2018-09-01 07:00:00,19,10,9
2018-09-01 08:00:00,32,16,16
2018-09-01 09:00:00,58,23,35
2018-09-01 10:00:00,57,18,39
2018-09-01 11:00:00,93,33,60
2018-09-01 12:00:00,70,25,45
2018-09-01 13:00:00,76,30,46
2018-09-01 14:00:00,85,49,36
2018-09-01 15:00:00,96,61,35
2018-09-01 16:00:00,143,87,56
2018-09-01 17:00:00,87,47,40
2018-09-01 18:00:00,75,36,39
2018-09-01 19:00:00,65,31,34
2018-09-01 20:00:00,24,9,15
2018-09-01 21:00:00,23,19,4
2018-09-01 22:00:00,16,14,2
2018-09-01 23:00:00,23,14,9
2018-09-02 00:00:00,12,9,3
2018-09-02 01:00:00,6,3,3
2018-09-02 02:00:00,6,2,4
2018-09-02 03:00:00,3,2,1
2018-09-02 04:00:00,5,2,3
2018-09-02 05:00:00,4,2,2
2018-09-02 06:00:00,7,3,4
2018-09-02 07:00:00,20,8,12
2018-09-02 08:00:00,44,21,23
2018-09-02 09:00:00,42,21,21
2018-09-02 10:00:00,85,43,42
2018-09-02 11:00:00,124,63,61
2018-09-02 12:00:00,114,46,68
2018-09-02 13:00:00,111,72,39
2018-09-02 14:00:00,145,74,71
2018-09-02 15:00:00,143,75,68
2018-09-02 16:00:00,134,65,69
2018-09-02 17:00:00,125,62,63
2018-09-02 18:00:00,79,47,32
2018-09-02 19:00:00,76,42,34
2018-09-02 20:00:00,47,15,32
2018-09-02 21:00:00,24,17,7
2018-09-02 22:00:00,13,9,4
2018-09-02 23:00:00,18,12,6
2018-09-03 00:00:00,7,6,1
2018-09-03 01:00:00,4,1,3
2018-09-03 02:00:00,5,4,1
2018-09-03 03:00:00,2,2,0
2018-09-03 04:00:00,3,1,2
2018-09-03 05:00:00,7,6,1
2018-09-03 06:00:00,15,5,10
2018-09-03 07:00:00,18,4,14
2018-09-03 08:00:00,43,21,22
2018-09-03 09:00:00,56,30,26
2018-09-03 10:00:00,70,18,52
2018-09-03 11:00:00,98,44,54
2018-09-03 12:00:00,129,72,57
2018-09-03 13:00:00,145,85,60
2018-09-03 14:00:00,159,92,67
2018-09-03 15:00:00,162,83,79
2018-09-03 16:00:00,146,70,76
2018-09-03 17:00:00,118,59,59
2018-09-03 18:00:00,110,69,41
2018-09-03 19:00:00,89,35,54
2018-09-03 20:00:00,35,8,27
2018-09-03 21:00:00,21,11,10
2018-09-03 22:00:00,9,7,2
2018-09-03 23:00:00,10,6,4
2018-09-04 00:00:00,4,3,1
2018-09-04 01:00:00,1,1,0
2018-09-04 02:00:00,1,0,1
2018-09-04 03:00:00,1,1,0
2018-09-04 04:00:00,8,1,7
2018-09-04 05:00:00,23,6,17
2018-09-04 06:00:00,107,17,90
2018-09-04 07:00:00,293,29,264
2018-09-04 08:00:00,468,40,428
2018-09-04 09:00:00,231,27,204
2018-09-04 10:00:00,111,27,84
2018-09-04 11:00:00,68,22,46
2018-09-04 12:00:00,67,38,29
2018-09-04 13:00:00,63,41,22
2018-09-04 14:00:00,87,55,32
2018-09-04 15:00:00,110,79,31
2018-09-04 16:00:00,273,234,39
2018-09-04 17:00:00,510,432,78
2018-09-04 18:00:00,348,299,49
2018-09-04 19:00:00,185,146,39
2018-09-04 20:00:00,65,44,21
2018-09-04 21:00:00,44,25,19
2018-09-04 22:00:00,21,13,8
2018-09-04 23:00:00,12,10,2
2018-09-05 00:00:00,4,4,0
2018-09-05 01:00:00,4,1,3
2018-09-05 02:00:00,2,1,1
2018-09-05 03:00:00,0,0,0
2018-09-05 04:00:00,10,3,7
2018-09-05 05:00:00,31,8,23
2018-09-05 06:00:00,99,20,79
2018-09-05 07:00:00,289,30,259
2018-09-05 08:00:00,494,49,445
2018-09-05 09:00:00,254,39,215
2018-09-05 10:00:00,115,21,94
2018-09-05 11:00:00,67,24,43
2018-09-05 12:00:00,63,38,25
2018-09-05 13:00:00,64,43,21
2018-09-05 14:00:00,73,41,32
2018-09-05 15:00:00,129,87,42
2018-09-05 16:00:00,305,248,57
2018-09-05 17:00:00,538,464,74
2018-09-05 18:00:00,357,314,43
2018-09-05 19:00:00,165,113,52
2018-09-05 20:00:00,77,59,18
2018-09-05 21:00:00,29,20,9
2018-09-05 22:00:00,19,11,8
2018-09-05 23:00:00,12,6,6
2018-09-06 00:00:00,4,3,1
2018-09-06 01:00:00,1,0,1
2018-09-06 02:00:00,1,0,1
2018-09-06 03:00:00,0,0,0
2018-09-06 04:00:00,6,2,4
2018-09-06 05:00:00,32,7,25
2018-09-06 06:00:00,101,14,87
2018-09-06 07:00:00,298,32,266
2018-09-06 08:00:00,468,36,432
2018-09-06 09:00:00,243,49,194
2018-09-06 10:00:00,100,32,68
2018-09-06 11:00:00,68,25,43
2018-09-06 12:00:00,77,36,41
2018-09-06 13:00:00,61,36,25
2018-09-06 14:00:00,95,64,31
2018-09-06 15:00:00,141,92,49
2018-09-06 16:00:00,329,274,55
2018-09-06 17:00:00,467,402,65
2018-09-06 18:00:00,363,299,64
2018-09-06 19:00:00,184,136,48
2018-09-06 20:00:00,89,57,32
2018-09-06 21:00:00,60,42,18
2018-09-06 22:00:00,33,19,14
2018-09-06 23:00:00,28,23,5
2018-09-07 00:00:00,9,5,4
2018-09-07 01:00:00,3,1,2
2018-09-07 02:00:00,2,1,1
2018-09-07 03:00:00,1,1,0
2018-09-07 04:00:00,11,8,3
2018-09-07 05:00:00,22,8,14
2018-09-07 06:00:00,77,11,66
2018-09-07 07:00:00,233,26,207
2018-09-07 08:00:00,394,43,351
2018-09-07 09:00:00,203,29,174
2018-09-07 10:00:00,79,21,58
2018-09-07 11:00:00,79,25,54
2018-09-07 12:00:00,52,24,28
2018-09-07 13:00:00,77,50,27
2018-09-07 14:00:00,87,52,35
2018-09-07 15:00:00,158,113,45
2018-09-07 16:00:00,291,227,64
2018-09-07 17:00:00,382,325,57
2018-09-07 18:00:00,233,178,55
2018-09-07 19:00:00,85,59,26
2018-09-07 20:00:00,47,40,7
2018-09-07 21:00:00,28,23,5
2018-09-07 22:00:00,21,18,3
2018-09-07 23:00:00,9,6,3
2018-09-08 00:00:00,10,7,3
2018-09-08 01:00:00,3,2,1
2018-09-08 02:00:00,4,3,1
2018-09-08 03:00:00,0,0,0
2018-09-08 04:00:00,4,2,2
2018-09-08 05:00:00,5,2,3
2018-09-08 06:00:00,8,4,4
2018-09-08 07:00:00,18,10,8
2018-09-08 08:00:00,29,14,15
2018-09-08 09:00:00,34,14,20
2018-09-08 10:00:00,55,22,33
2018-09-08 11:00:00,85,35,50
2018-09-08 12:00:00,85,37,48
2018-09-08 13:00:00,92,51,41
2018-09-08 14:00:00,110,60,50
2018-09-08 15:00:00,110,55,55
2018-09-08 16:00:00,113,65,48
2018-09-08 17:00:00,112,54,58
2018-09-08 18:00:00,67,37,30
2018-09-08 19:00:00,44,24,20
2018-09-08 20:00:00,26,9,17
2018-09-08 21:00:00,23,15,8
2018-09-08 22:00:00,24,19,5
2018-09-08 23:00:00,16,8,8
2018-09-09 00:00:00,10,8,2
2018-09-09 01:00:00,7,4,3
2018-09-09 02:00:00,10,2,8
2018-09-09 03:00:00,1,0,1
2018-09-09 04:00:00,4,2,2
2018-09-09 05:00:00,3,1,2
2018-09-09 06:00:00,11,6,5
2018-09-09 07:00:00,19,6,13
2018-09-09 08:00:00,37,17,20
2018-09-09 09:00:00,52,22,30
2018-09-09 10:00:00,75,41,34
2018-09-09 11:00:00,84,30,54
2018-09-09 12:00:00,105,60,45
2018-09-09 13:00:00,124,60,64
2018-09-09 14:00:00,112,51,61
2018-09-09 15:00:00,119,62,57
2018-09-09 16:00:00,112,60,52
2018-09-09 17:00:00,94,51,43
2018-09-09 18:00:00,62,30,32
2018-09-09 19:00:00,36,19,17
2018-09-09 20:00:00,18,11,7
2018-09-09 21:00:00,5,2,3
2018-09-09 22:00:00,9,7,2
2018-09-09 23:00:00,4,4,0
2018-09-10 00:00:00,3,2,1
2018-09-10 01:00:00,0,0,0
2018-09-10 02:00:00,1,0,1
2018-09-10 03:00:00,1,1,0
2018-09-10 04:00:00,10,5,5
2018-09-10 05:00:00,28,7,21
2018-09-10 06:00:00,78,19,59
2018-09-10 07:00:00,217,25,192
2018-09-10 08:00:00,420,43,377
2018-09-10 09:00:00,207,33,174
2018-09-10 10:00:00,68,14,54
2018-09-10 11:00:00,61,28,33
2018-09-10 12:00:00,56,23,33
2018-09-10 13:00:00,53,23,30
2018-09-10 14:00:00,63,36,27
2018-09-10 15:00:00,101,70,31
2018-09-10 16:00:00,217,187,30
2018-09-10 17:00:00,422,377,45
2018-09-10 18:00:00,278,231,47
2018-09-10 19:00:00,114,78,36
2018-09-10 20:00:00,58,37,21
2018-09-10 21:00:00,29,25,4
2018-09-10 22:00:00,10,5,5
2018-09-10 23:00:00,18,13,5
2018-09-11 00:00:00,9,7,2
2018-09-11 01:00:00,1,0,1
2018-09-11 02:00:00,0,0,0
2018-09-11 03:00:00,2,1,1
2018-09-11 04:00:00,5,3,2
2018-09-11 05:00:00,24,6,18
2018-09-11 06:00:00,81,17,64
2018-09-11 07:00:00,236,23,213
2018-09-11 08:00:00,394,37,357
2018-09-11 09:00:00,208,35,173
2018-09-11 10:00:00,77,22,55
2018-09-11 11:00:00,48,16,32
2018-09-11 12:00:00,50,20,30
2018-09-11 13:00:00,68,34,34
2018-09-11 14:00:00,50,27,23
2018-09-11 15:00:00,104,73,31
2018-09-11 16:00:00,248,203,45
2018-09-11 17:00:00,428,377,51
2018-09-11 18:00:00,270,210,60
2018-09-11 19:00:00,136,108,28
2018-09-11 20:00:00,56,35,21
2018-09-11 21:00:00,32,27,5
2018-09-11 22:00:00,21,14,7
2018-09-11 23:00:00,8,5,3
2018-09-12 00:00:00,4,3,1
2018-09-12 01:00:00,4,3,1
2018-09-12 02:00:00,3,3,0
2018-09-12 03:00:00,0,0,0
2018-09-12 04:00:00,9,5,4
2018-09-12 05:00:00,31,9,22
2018-09-12 06:00:00,77,11,66
2018-09-12 07:00:00,244,22,222
2018-09-12 08:00:00,415,49,366
2018-09-12 09:00:00,194,33,161
2018-09-12 10:00:00,101,22,79
2018-09-12 11:00:00,49,18,31
2018-09-12 12:00:00,59,31,28
2018-09-12 13:00:00,72,41,31
2018-09-12 14:00:00,67,36,31
2018-09-12 15:00:00,111,77,34
2018-09-12 16:00:00,240,199,41
2018-09-12 17:00:00,399,343,56
2018-09-12 18:00:00,282,234,48
2018-09-12 19:00:00,145,108,37
2018-09-12 20:00:00,57,40,17
2018-09-12 21:00:00,42,25,17
2018-09-12 22:00:00,25,19,6
2018-09-12 23:00:00,14,10,4
2018-09-13 00:00:00,5,4,1
2018-09-13 01:00:00,4,3,1
2018-09-13 02:00:00,2,2,0
2018-09-13 03:00:00,0,0,0
2018-09-13 04:00:00,3,1,2
2018-09-13 05:00:00,22,5,17
2018-09-13 06:00:00,78,23,55
2018-09-13 07:00:00,212,20,192
2018-09-13 08:00:00,400,42,358
2018-09-13 09:00:00,230,44,186
2018-09-13 10:00:00,93,19,74
2018-09-13 11:00:00,73,26,47
2018-09-13 12:00:00,48,21,27
2018-09-13 13:00:00,63,35,28
2018-09-13 14:00:00,87,50,37
2018-09-13 15:00:00,108,73,35
2018-09-13 16:00:00,244,203,41
2018-09-13 17:00:00,393,345,48
2018-09-13 18:00:00,283,236,47
2018-09-13 19:00:00,120,90,30
2018-09-13 20:00:00,54,37,17
2018-09-13 21:00:00,43,32,11
2018-09-13 22:00:00,24,14,10
2018-09-13 23:00:00,16,11,5
2018-09-14 00:00:00,10,7,3
2018-09-14 01:00:00,1,1,0
2018-09-14 02:00:00,2,1,1
2018-09-14 03:00:00,3,0,3
2018-09-14 04:00:00,10,7,3
2018-09-14 05:00:00,17,6,11
2018-09-14 06:00:00,43,7,36
2018-09-14 07:00:00,109,15,94
2018-09-14 08:00:00,256,21,235
2018-09-14 09:00:00,125,19,106
2018-09-14 10:00:00,61,15,46
2018-09-14 11:00:00,37,12,25
2018-09-14 12:00:00,52,27,25
2018-09-14 13:00:00,57,27,30
2018-09-14 14:00:00,70,48,22
2018-09-14 15:00:00,101,73,28
2018-09-14 16:00:00,160,127,33
2018-09-14 17:00:00,288,245,43
2018-09-14 18:00:00,184,146,38
2018-09-14 19:00:00,82,61,21
2018-09-14 20:00:00,46,22,24
2018-09-14 21:00:00,21,13,8
2018-09-14 22:00:00,33,22,11
2018-09-14 23:00:00,24,17,7
2018-09-15 00:00:00,8,6,2
2018-09-15 01:00:00,7,2,5
2018-09-15 02:00:00,6,3,3
2018-09-15 03:00:00,1,1,0
2018-09-15 04:00:00,4,2,2
2018-09-15 05:00:00,4,0,4
2018-09-15 06:00:00,7,2,5
2018-09-15 07:00:00,22,13,9
2018-09-15 08:00:00,41,18,23
2018-09-15 09:00:00,42,12,30
2018-09-15 10:00:00,63,31,32
2018-09-15 11:00:00,79,39,40
2018-09-15 12:00:00,77,39,38
2018-09-15 13:00:00,79,35,44
2018-09-15 14:00:00,59,24,35
2018-09-15 15:00:00,85,34,51
2018-09-15 16:00:00,73,33,40
2018-09-15 17:00:00,45,25,20
2018-09-15 18:00:00,24,13,11
2018-09-15 19:00:00,21,13,8
2018-09-15 20:00:00,6,3,3
2018-09-15 21:00:00,18,11,7
2018-09-15 22:00:00,9,7,2
2018-09-15 23:00:00,20,15,5
2018-09-16 00:00:00,3,3,0
2018-09-16 01:00:00,3,2,1
2018-09-16 02:00:00,1,0,1
2018-09-16 03:00:00,2,2,0
2018-09-16 04:00:00,1,1,0
2018-09-16 05:00:00,4,1,3
2018-09-16 06:00:00,6,2,4
2018-09-16 07:00:00,9,3,6
2018-09-16 08:00:00,13,7,6
2018-09-16 09:00:00,12,6,6
2018-09-16 10:00:00,29,6,23
2018-09-16 11:00:00,49,17,32
2018-09-16 12:00:00,71,40,31
2018-09-16 13:00:00,65,35,30
2018-09-16 14:00:00,81,43,38
2018-09-16 15:00:00,86,50,36
2018-09-16 16:00:00,87,44,43
2018-09-16 17:00:00,74,35,39
2018-09-16 18:00:00,69,36,33
2018-09-16 19:00:00,45,21,24
2018-09-16 20:00:00,15,6,9
2018-09-16 21:00:00,10,3,7
2018-09-16 22:00:00,8,4,4
2018-09-16 23:00:00,6,3,3
2018-09-17 00:00:00,2,2,0
2018-09-17 01:00:00,0,0,0
2018-09-17 02:00:00,0,0,0
2018-09-17 03:00:00,3,3,0
2018-09-17 04:00:00,8,3,5
2018-09-17 05:00:00,24,7,17
2018-09-17 06:00:00,76,13,63
2018-09-17 07:00:00,269,29,240
2018-09-17 08:00:00,485,45,440
2018-09-17 09:00:00,221,36,185
2018-09-17 10:00:00,94,25,69
2018-09-17 11:00:00,46,14,32
2018-09-17 12:00:00,78,36,42
2018-09-17 13:00:00,76,42,34
2018-09-17 14:00:00,83,55,28
2018-09-17 15:00:00,121,82,39
2018-09-17 16:00:00,282,228,54
2018-09-17 17:00:00,512,446,66
2018-09-17 18:00:00,346,282,64
2018-09-17 19:00:00,125,95,30
2018-09-17 20:00:00,56,34,22
2018-09-17 21:00:00,37,23,14
2018-09-17 22:00:00,15,11,4
2018-09-17 23:00:00,11,7,4
2018-09-18 00:00:00,14,6,8
2018-09-18 01:00:00,1,0,1
2018-09-18 02:00:00,1,1,0
2018-09-18 03:00:00,2,2,0
2018-09-18 04:00:00,7,2,5
2018-09-18 05:00:00,24,4,20
2018-09-18 06:00:00,93,17,76
2018-09-18 07:00:00,319,42,277
2018-09-18 08:00:00,431,33,398
2018-09-18 09:00:00,213,22,191
2018-09-18 10:00:00,92,26,66
2018-09-18 11:00:00,60,25,35
2018-09-18 12:00:00,67,34,33
2018-09-18 13:00:00,82,46,36
2018-09-18 14:00:00,74,38,36
2018-09-18 15:00:00,123,83,40
2018-09-18 16:00:00,268,214,54
2018-09-18 17:00:00,490,432,58
2018-09-18 18:00:00,343,288,55
2018-09-18 19:00:00,121,93,28
2018-09-18 20:00:00,64,43,21
2018-09-18 21:00:00,43,36,7
2018-09-18 22:00:00,23,15,8
2018-09-18 23:00:00,12,8,4
2018-09-19 00:00:00,5,3,2
2018-09-19 01:00:00,2,2,0
2018-09-19 02:00:00,4,2,2
2018-09-19 03:00:00,4,2,2
2018-09-19 04:00:00,7,4,3
2018-09-19 05:00:00,23,5,18
2018-09-19 06:00:00,73,11,62
2018-09-19 07:00:00,251,27,224
2018-09-19 08:00:00,402,34,368
2018-09-19 09:00:00,232,31,201
2018-09-19 10:00:00,85,22,63
2018-09-19 11:00:00,68,27,41
2018-09-19 12:00:00,66,32,34
2018-09-19 13:00:00,57,29,28
2018-09-19 14:00:00,105,58,47
2018-09-19 15:00:00,103,78,25
2018-09-19 16:00:00,244,197,47
2018-09-19 17:00:00,479,409,70
2018-09-19 18:00:00,307,256,51
2018-09-19 19:00:00,123,85,38
2018-09-19 20:00:00,49,35,14
2018-09-19 21:00:00,37,28,9
2018-09-19 22:00:00,36,28,8
2018-09-19 23:00:00,11,6,5
2018-09-20 00:00:00,14,8,6
2018-09-20 01:00:00,4,4,0
2018-09-20 02:00:00,1,1,0
2018-09-20 03:00:00,1,0,1
2018-09-20 04:00:00,5,3,2
2018-09-20 05:00:00,25,9,16
2018-09-20 06:00:00,76,11,65
2018-09-20 07:00:00,193,22,171
2018-09-20 08:00:00,349,32,317
2018-09-20 09:00:00,204,31,173
2018-09-20 10:00:00,85,23,62
2018-09-20 11:00:00,43,17,26
2018-09-20 12:00:00,56,28,28
2018-09-20 13:00:00,45,16,29
2018-09-20 14:00:00,71,50,21
2018-09-20 15:00:00,95,68,27
2018-09-20 16:00:00,217,173,44
2018-09-20 17:00:00,367,322,45
2018-09-20 18:00:00,253,221,32
2018-09-20 19:00:00,104,74,30
2018-09-20 20:00:00,58,42,16
2018-09-20 21:00:00,39,27,12
2018-09-20 22:00:00,21,11,10
2018-09-20 23:00:00,20,16,4
2018-09-21 00:00:00,11,7,4
2018-09-21 01:00:00,5,3,2
2018-09-21 02:00:00,7,5,2
2018-09-21 03:00:00,1,1,0
2018-09-21 04:00:00,8,5,3
2018-09-21 05:00:00,16,5,11
2018-09-21 06:00:00,56,11,45
2018-09-21 07:00:00,175,27,148
2018-09-21 08:00:00,359,37,322
2018-09-21 09:00:00,174,33,141
2018-09-21 10:00:00,76,4,72
2018-09-21 11:00:00,52,15,37
2018-09-21 12:00:00,53,28,25
2018-09-21 13:00:00,63,33,30
2018-09-21 14:00:00,81,51,30
2018-09-21 15:00:00,95,67,28
2018-09-21 16:00:00,241,204,37
2018-09-21 17:00:00,339,294,45
2018-09-21 18:00:00,187,160,27
2018-09-21 19:00:00,83,61,22
2018-09-21 20:00:00,37,26,11
2018-09-21 21:00:00,26,21,5
2018-09-21 22:00:00,20,9,11
2018-09-21 23:00:00,8,5,3
2018-09-22 00:00:00,12,8,4
2018-09-22 01:00:00,2,2,0
2018-09-22 02:00:00,0,0,0
2018-09-22 03:00:00,7,6,1
2018-09-22 04:00:00,1,1,0
2018-09-22 05:00:00,6,1,5
2018-09-22 06:00:00,9,3,6
2018-09-22 07:00:00,14,9,5
2018-09-22 08:00:00,36,12,24
2018-09-22 09:00:00,46,23,23
2018-09-22 10:00:00,55,27,28
2018-09-22 11:00:00,50,22,28
2018-09-22 12:00:00,73,39,34
2018-09-22 13:00:00,91,44,47
2018-09-22 14:00:00,85,48,37
2018-09-22 15:00:00,107,51,56
2018-09-22 16:00:00,87,55,32
2018-09-22 17:00:00,115,59,56
2018-09-22 18:00:00,62,34,28
2018-09-22 19:00:00,41,28,13
2018-09-22 20:00:00,27,11,16
2018-09-22 21:00:00,16,8,8
2018-09-22 22:00:00,21,8,13
2018-09-22 23:00:00,15,6,9
2018-09-23 00:00:00,12,7,5
2018-09-23 01:00:00,9,3,6
2018-09-23 02:00:00,3,2,1
2018-09-23 03:00:00,2,0,2
2018-09-23 04:00:00,4,3,1
2018-09-23 05:00:00,3,0,3
2018-09-23 06:00:00,11,5,6
2018-09-23 07:00:00,18,10,8
2018-09-23 08:00:00,40,19,21
2018-09-23 09:00:00,37,13,24
2018-09-23 10:00:00,63,35,28
2018-09-23 11:00:00,77,41,36
2018-09-23 12:00:00,91,54,37
2018-09-23 13:00:00,104,50,54
2018-09-23 14:00:00,127,81,46
2018-09-23 15:00:00,131,71,60
2018-09-23 16:00:00,117,53,64
2018-09-23 17:00:00,86,37,49
2018-09-23 18:00:00,75,43,32
2018-09-23 19:00:00,52,24,28
2018-09-23 20:00:00,25,13,12
2018-09-23 21:00:00,12,6,6
2018-09-23 22:00:00,6,4,2
2018-09-23 23:00:00,13,9,4
2018-09-24 00:00:00,7,2,5
2018-09-24 01:00:00,3,2,1
2018-09-24 02:00:00,1,0,1
2018-09-24 03:00:00,1,1,0
2018-09-24 04:00:00,13,8,5
2018-09-24 05:00:00,20,7,13
2018-09-24 06:00:00,77,16,61
2018-09-24 07:00:00,248,25,223
2018-09-24 08:00:00,480,54,426
2018-09-24 09:00:00,227,30,197
2018-09-24 10:00:00,117,22,95
2018-09-24 11:00:00,77,44,33
2018-09-24 12:00:00,71,30,41
2018-09-24 13:00:00,62,29,33
2018-09-24 14:00:00,74,50,24
2018-09-24 15:00:00,103,73,30
2018-09-24 16:00:00,286,231,55
2018-09-24 17:00:00,509,442,67
2018-09-24 18:00:00,326,283,43
2018-09-24 19:00:00,116,83,33
2018-09-24 20:00:00,47,33,14
2018-09-24 21:00:00,35,23,12
2018-09-24 22:00:00,15,11,4
2018-09-24 23:00:00,7,4,3
2018-09-25 00:00:00,3,2,1
2018-09-25 01:00:00,1,1,0
2018-09-25 02:00:00,1,1,0
2018-09-25 03:00:00,0,0,0
2018-09-25 04:00:00,9,3,6
2018-09-25 05:00:00,29,7,22
2018-09-25 06:00:00,93,14,79
2018-09-25 07:00:00,286,40,246
2018-09-25 08:00:00,483,46,437
2018-09-25 09:00:00,250,28,222
2018-09-25 10:00:00,97,21,76
2018-09-25 11:00:00,59,24,35
2018-09-25 12:00:00,52,30,22
2018-09-25 13:00:00,61,34,27
2018-09-25 14:00:00,107,60,47
2018-09-25 15:00:00,118,82,36
2018-09-25 16:00:00,274,219,55
2018-09-25 17:00:00,466,419,47
2018-09-25 18:00:00,323,277,46
2018-09-25 19:00:00,116,82,34
2018-09-25 20:00:00,78,54,24
2018-09-25 21:00:00,52,31,21
2018-09-25 22:00:00,21,17,4
2018-09-25 23:00:00,19,13,6
2018-09-26 00:00:00,8,7,1
2018-09-26 01:00:00,4,4,0
2018-09-26 02:00:00,1,0,1
2018-09-26 03:00:00,0,0,0
2018-09-26 04:00:00,12,5,7
2018-09-26 05:00:00,35,11,24
2018-09-26 06:00:00,82,17,65
2018-09-26 07:00:00,268,34,234
2018-09-26 08:00:00,411,34,377
2018-09-26 09:00:00,244,42,202
2018-09-26 10:00:00,93,18,75
2018-09-26 11:00:00,62,21,41
2018-09-26 12:00:00,51,25,26
2018-09-26 13:00:00,68,37,31
2018-09-26 14:00:00,71,53,18
2018-09-26 15:00:00,117,74,43
2018-09-26 16:00:00,304,255,49
2018-09-26 17:00:00,475,403,72
2018-09-26 18:00:00,337,271,66
2018-09-26 19:00:00,128,98,30
2018-09-26 20:00:00,64,41,23
2018-09-26 21:00:00,39,23,16
2018-09-26 22:00:00,32,24,8
2018-09-26 23:00:00,12,7,5
2018-09-27 00:00:00,7,4,3
2018-09-27 01:00:00,1,1,0
2018-09-27 02:00:00,3,3,0
2018-09-27 03:00:00,3,2,1
2018-09-27 04:00:00,7,1,6
2018-09-27 05:00:00,22,8,14
2018-09-27 06:00:00,85,14,71
2018-09-27 07:00:00,236,36,200
2018-09-27 08:00:00,411,33,378
2018-09-27 09:00:00,232,33,199
2018-09-27 10:00:00,102,23,79
2018-09-27 11:00:00,75,23,52
2018-09-27 12:00:00,86,38,48
2018-09-27 13:00:00,71,41,30
2018-09-27 14:00:00,78,52,26
2018-09-27 15:00:00,100,74,26
2018-09-27 16:00:00,277,236,41
2018-09-27 17:00:00,453,393,60
2018-09-27 18:00:00,273,228,45
2018-09-27 19:00:00,96,70,26
2018-09-27 20:00:00,63,40,23
2018-09-27 21:00:00,41,29,12
2018-09-27 22:00:00,28,16,12
2018-09-27 23:00:00,10,4,6
2018-09-28 00:00:00,10,7,3
2018-09-28 01:00:00,4,3,1
2018-09-28 02:00:00,1,1,0
2018-09-28 03:00:00,4,2,2
2018-09-28 04:00:00,10,7,3
2018-09-28 05:00:00,20,6,14
2018-09-28 06:00:00,71,14,57
2018-09-28 07:00:00,216,39,177
2018-09-28 08:00:00,380,35,345
2018-09-28 09:00:00,205,32,173
2018-09-28 10:00:00,87,21,66
2018-09-28 11:00:00,71,28,43
2018-09-28 12:00:00,76,46,30
2018-09-28 13:00:00,95,52,43
2018-09-28 14:00:00,108,61,47
2018-09-28 15:00:00,171,116,55
2018-09-28 16:00:00,303,242,61
2018-09-28 17:00:00,442,370,72
2018-09-28 18:00:00,244,172,72
2018-09-28 19:00:00,83,53,30
2018-09-28 20:00:00,65,32,33
2018-09-28 21:00:00,31,18,13
2018-09-28 22:00:00,21,19,2
2018-09-28 23:00:00,34,25,9
2018-09-29 00:00:00,16,13,3
2018-09-29 01:00:00,9,4,5
2018-09-29 02:00:00,1,0,1
2018-09-29 03:00:00,1,1,0
2018-09-29 04:00:00,2,1,1
2018-09-29 05:00:00,10,4,6
2018-09-29 06:00:00,13,8,5
2018-09-29 07:00:00,19,10,9
2018-09-29 08:00:00,38,20,18
2018-09-29 09:00:00,57,27,30
2018-09-29 10:00:00,68,25,43
2018-09-29 11:00:00,88,46,42
2018-09-29 12:00:00,122,58,64
2018-09-29 13:00:00,107,56,51
2018-09-29 14:00:00,132,54,78
2018-09-29 15:00:00,138,94,44
2018-09-29 16:00:00,115,72,43
2018-09-29 17:00:00,83,55,28
2018-09-29 18:00:00,87,41,46
2018-09-29 19:00:00,34,21,13
2018-09-29 20:00:00,33,17,16
2018-09-29 21:00:00,27,18,9
2018-09-29 22:00:00,14,11,3
2018-09-29 23:00:00,9,6,3
2018-09-30 00:00:00,6,4,2
2018-09-30 01:00:00,2,2,0
2018-09-30 02:00:00,5,2,3
2018-09-30 03:00:00,0,0,0
2018-09-30 04:00:00,3,1,2
2018-09-30 05:00:00,6,3,3
2018-09-30 06:00:00,5,1,4
2018-09-30 07:00:00,14,10,4
2018-09-30 08:00:00,29,7,22
2018-09-30 09:00:00,42,23,19
2018-09-30 10:00:00,39,16,23
2018-09-30 11:00:00,0,0,0
2018-09-30 12:00:00,0,0,0
2018-09-30 13:00:00,0,0,0
2018-09-30 14:00:00,0,0,0
2018-09-30 15:00:00,75,46,29
2018-09-30 16:00:00,90,46,44
2018-09-30 17:00:00,69,36,33
2018-09-30 18:00:00,61,16,45
2018-09-30 19:00:00,12,8,4
2018-09-30 20:00:00,17,12,5
2018-09-30 21:00:00,7,4,3
2018-09-30 22:00:00,10,6,4
2018-09-30 23:00:00,4,3,1
2018-10-01 00:00:00,4,3,1
2018-10-01 01:00:00,2,2,0
2018-10-01 02:00:00,1,1,0
2018-10-01 03:00:00,1,1,0
2018-10-01 04:00:00,12,5,7
2018-10-01 05:00:00,22,7,15
2018-10-01 06:00:00,69,13,56
2018-10-01 07:00:00,205,22,183
2018-10-01 08:00:00,394,33,361
2018-10-01 09:00:00,187,27,160
2018-10-01 10:00:00,55,10,45
2018-10-01 11:00:00,36,17,19
2018-10-01 12:00:00,24,8,16
2018-10-01 13:00:00,28,17,11
2018-10-01 14:00:00,45,26,19
2018-10-01 15:00:00,73,53,20
2018-10-01 16:00:00,190,155,35
2018-10-01 17:00:00,345,309,36
2018-10-01 18:00:00,199,185,14
2018-10-01 19:00:00,80,62,18
2018-10-01 20:00:00,47,37,10
2018-10-01 21:00:00,27,19,8
2018-10-01 22:00:00,17,12,5
2018-10-01 23:00:00,9,6,3
2018-10-02 00:00:00,2,2,0
2018-10-02 01:00:00,4,3,1
2018-10-02 02:00:00,4,1,3
2018-10-02 03:00:00,1,1,0
2018-10-02 04:00:00,11,5,6
2018-10-02 05:00:00,25,8,17
2018-10-02 06:00:00,85,22,63
2018-10-02 07:00:00,222,22,200
2018-10-02 08:00:00,387,30,357
2018-10-02 09:00:00,200,30,170
2018-10-02 10:00:00,83,16,67
2018-10-02 11:00:00,62,34,28
2018-10-02 12:00:00,49,28,21
2018-10-02 13:00:00,63,27,36
2018-10-02 14:00:00,82,54,28
2018-10-02 15:00:00,109,63,46
2018-10-02 16:00:00,208,177,31
2018-10-02 17:00:00,423,373,50
2018-10-02 18:00:00,245,218,27
2018-10-02 19:00:00,100,83,17
2018-10-02 20:00:00,56,40,16
2018-10-02 21:00:00,28,23,5
2018-10-02 22:00:00,14,9,5
2018-10-02 23:00:00,8,6,2
2018-10-03 00:00:00,3,2,1
2018-10-03 01:00:00,1,1,0
2018-10-03 02:00:00,0,0,0
2018-10-03 03:00:00,0,0,0
2018-10-03 04:00:00,7,3,4
2018-10-03 05:00:00,28,6,22
2018-10-03 06:00:00,67,11,56
2018-10-03 07:00:00,236,32,204
2018-10-03 08:00:00,392,35,357
2018-10-03 09:00:00,220,29,191
2018-10-03 10:00:00,75,13,62
2018-10-03 11:00:00,66,21,45
2018-10-03 12:00:00,53,25,28
2018-10-03 13:00:00,43,19,24
2018-10-03 14:00:00,61,37,24
2018-10-03 15:00:00,93,63,30
2018-10-03 16:00:00,230,188,42
2018-10-03 17:00:00,400,361,39
2018-10-03 18:00:00,298,256,42
2018-10-03 19:00:00,99,75,24
2018-10-03 20:00:00,56,41,15
2018-10-03 21:00:00,37,28,9
2018-10-03 22:00:00,26,13,13
2018-10-03 23:00:00,9,9,0
2018-10-04 00:00:00,3,1,2
2018-10-04 01:00:00,7,5,2
2018-10-04 02:00:00,3,3,0
2018-10-04 03:00:00,1,0,1
2018-10-04 04:00:00,8,4,4
2018-10-04 05:00:00,36,11,25
2018-10-04 06:00:00,84,10,74
2018-10-04 07:00:00,210,28,182
2018-10-04 08:00:00,380,31,349
2018-10-04 09:00:00,196,28,168
2018-10-04 10:00:00,85,17,68
2018-10-04 11:00:00,51,27,24
2018-10-04 12:00:00,51,23,28
2018-10-04 13:00:00,68,43,25
2018-10-04 14:00:00,86,52,34
2018-10-04 15:00:00,103,65,38
2018-10-04 16:00:00,219,185,34
2018-10-04 17:00:00,416,358,58
2018-10-04 18:00:00,267,219,48
2018-10-04 19:00:00,84,68,16
2018-10-04 20:00:00,52,38,14
2018-10-04 21:00:00,47,32,15
2018-10-04 22:00:00,22,15,7
2018-10-04 23:00:00,18,11,7
2018-10-05 00:00:00,7,3,4
2018-10-05 01:00:00,8,4,4
2018-10-05 02:00:00,4,3,1
2018-10-05 03:00:00,0,0,0
2018-10-05 04:00:00,16,10,6
2018-10-05 05:00:00,17,5,12
2018-10-05 06:00:00,53,7,46
2018-10-05 07:00:00,128,12,116
2018-10-05 08:00:00,249,27,222
2018-10-05 09:00:00,138,19,119
2018-10-05 10:00:00,57,11,46
2018-10-05 11:00:00,24,5,19
2018-10-05 12:00:00,18,7,11
2018-10-05 13:00:00,14,11,3
2018-10-05 14:00:00,46,36,10
2018-10-05 15:00:00,55,42,13
2018-10-05 16:00:00,143,134,9
2018-10-05 17:00:00,213,193,20
2018-10-05 18:00:00,117,104,13
2018-10-05 19:00:00,44,37,7
2018-10-05 20:00:00,22,18,4
2018-10-05 21:00:00,15,13,2
2018-10-05 22:00:00,11,10,1
2018-10-05 23:00:00,13,5,8
2018-10-06 00:00:00,3,0,3
2018-10-06 01:00:00,5,2,3
2018-10-06 02:00:00,3,0,3
2018-10-06 03:00:00,2,1,1
2018-10-06 04:00:00,1,0,1
2018-10-06 05:00:00,4,2,2
2018-10-06 06:00:00,7,3,4
2018-10-06 07:00:00,28,11,17
2018-10-06 08:00:00,39,14,25
2018-10-06 09:00:00,35,18,17
2018-10-06 10:00:00,36,21,15
2018-10-06 11:00:00,43,18,25
2018-10-06 12:00:00,61,29,32
2018-10-06 13:00:00,103,55,48
2018-10-06 14:00:00,91,50,41
2018-10-06 15:00:00,125,69,56
2018-10-06 16:00:00,108,66,42
2018-10-06 17:00:00,93,45,48
2018-10-06 18:00:00,64,30,34
2018-10-06 19:00:00,28,11,17
2018-10-06 20:00:00,20,11,9
2018-10-06 21:00:00,14,6,8
2018-10-06 22:00:00,12,10,2
2018-10-06 23:00:00,15,5,10
2018-10-07 00:00:00,10,10,0
2018-10-07 01:00:00,4,3,1
2018-10-07 02:00:00,4,2,2
2018-10-07 03:00:00,2,1,1
2018-10-07 04:00:00,2,1,1
2018-10-07 05:00:00,6,2,4
2018-10-07 06:00:00,9,5,4
2018-10-07 07:00:00,25,9,16
2018-10-07 08:00:00,19,9,10
2018-10-07 09:00:00,20,7,13
2018-10-07 10:00:00,31,11,20
2018-10-07 11:00:00,39,23,16
2018-10-07 12:00:00,43,24,19
2018-10-07 13:00:00,38,15,23
2018-10-07 14:00:00,35,20,15
2018-10-07 15:00:00,33,20,13
2018-10-07 16:00:00,33,21,12
2018-10-07 17:00:00,35,25,10
2018-10-07 18:00:00,36,18,18
2018-10-07 19:00:00,13,10,3
2018-10-07 20:00:00,16,8,8
2018-10-07 21:00:00,3,3,0
2018-10-07 22:00:00,5,2,3
2018-10-07 23:00:00,5,3,2
2018-10-08 00:00:00,5,4,1
2018-10-08 01:00:00,0,0,0
2018-10-08 02:00:00,2,1,1
2018-10-08 03:00:00,2,1,1
2018-10-08 04:00:00,6,3,3
2018-10-08 05:00:00,18,3,15
2018-10-08 06:00:00,50,11,39
2018-10-08 07:00:00,145,13,132
2018-10-08 08:00:00,281,27,254
2018-10-08 09:00:00,173,22,151
2018-10-08 10:00:00,63,15,48
2018-10-08 11:00:00,19,9,10
2018-10-08 12:00:00,25,9,16
2018-10-08 13:00:00,17,11,6
2018-10-08 14:00:00,41,24,17
2018-10-08 15:00:00,44,27,17
2018-10-08 16:00:00,146,129,17
2018-10-08 17:00:00,281,251,30
2018-10-08 18:00:00,183,161,22
2018-10-08 19:00:00,70,60,10
2018-10-08 20:00:00,23,20,3
2018-10-08 21:00:00,21,19,2
2018-10-08 22:00:00,12,11,1
2018-10-08 23:00:00,6,4,2
2018-10-09 00:00:00,7,3,4
2018-10-09 01:00:00,2,2,0
2018-10-09 02:00:00,0,0,0
2018-10-09 03:00:00,1,1,0
2018-10-09 04:00:00,5,1,4
2018-10-09 05:00:00,25,7,18
2018-10-09 06:00:00,72,10,62
2018-10-09 07:00:00,173,15,158
2018-10-09 08:00:00,315,24,291
2018-10-09 09:00:00,201,30,171
2018-10-09 10:00:00,79,14,65
2018-10-09 11:00:00,43,15,28
2018-10-09 12:00:00,39,20,19
2018-10-09 13:00:00,39,19,20
2018-10-09 14:00:00,68,49,19
2018-10-09 15:00:00,73,59,14
2018-10-09 16:00:00,214,188,26
2018-10-09 17:00:00,359,320,39
2018-10-09 18:00:00,262,220,42
2018-10-09 19:00:00,101,77,24
2018-10-09 20:00:00,52,32,20
2018-10-09 21:00:00,26,18,8
2018-10-09 22:00:00,16,12,4
2018-10-09 23:00:00,14,10,4
2018-10-10 00:00:00,5,3,2
2018-10-10 01:00:00,1,1,0
2018-10-10 02:00:00,3,2,1
2018-10-10 03:00:00,1,1,0
2018-10-10 04:00:00,9,6,3
2018-10-10 05:00:00,27,8,19
2018-10-10 06:00:00,79,13,66
2018-10-10 07:00:00,243,30,213
2018-10-10 08:00:00,373,38,335
2018-10-10 09:00:00,199,28,171
2018-10-10 10:00:00,86,24,62
2018-10-10 11:00:00,54,22,32
2018-10-10 12:00:00,57,21,36
2018-10-10 13:00:00,52,30,22
2018-10-10 14:00:00,66,36,30
2018-10-10 15:00:00,107,74,33
2018-10-10 16:00:00,244,191,53
2018-10-10 17:00:00,470,406,64
2018-10-10 18:00:00,279,231,48
2018-10-10 19:00:00,108,80,28
2018-10-10 20:00:00,55,43,12
2018-10-10 21:00:00,41,32,9
2018-10-10 22:00:00,18,10,8
2018-10-10 23:00:00,18,10,8
2018-10-11 00:00:00,6,6,0
2018-10-11 01:00:00,2,2,0
2018-10-11 02:00:00,1,1,0
2018-10-11 03:00:00,2,2,0
2018-10-11 04:00:00,7,3,4
2018-10-11 05:00:00,24,9,15
2018-10-11 06:00:00,61,12,49
2018-10-11 07:00:00,226,29,197
2018-10-11 08:00:00,366,31,335
2018-10-11 09:00:00,204,36,168
2018-10-11 10:00:00,71,9,62
2018-10-11 11:00:00,41,12,29
2018-10-11 12:00:00,44,20,24
2018-10-11 13:00:00,50,27,23
2018-10-11 14:00:00,66,38,28
2018-10-11 15:00:00,106,67,39
2018-10-11 16:00:00,281,229,52
2018-10-11 17:00:00,379,321,58
2018-10-11 18:00:00,274,229,45
2018-10-11 19:00:00,113,86,27
2018-10-11 20:00:00,60,43,17
2018-10-11 21:00:00,51,40,11
2018-10-11 22:00:00,36,27,9
2018-10-11 23:00:00,11,10,1
2018-10-12 00:00:00,7,5,2
2018-10-12 01:00:00,1,1,0
2018-10-12 02:00:00,1,0,1
2018-10-12 03:00:00,2,2,0
2018-10-12 04:00:00,6,6,0
2018-10-12 05:00:00,20,2,18
2018-10-12 06:00:00,51,12,39
2018-10-12 07:00:00,167,20,147
2018-10-12 08:00:00,310,26,284
2018-10-12 09:00:00,206,33,173
2018-10-12 10:00:00,93,16,77
2018-10-12 11:00:00,72,32,40
2018-10-12 12:00:00,97,50,47
2018-10-12 13:00:00,79,38,41
2018-10-12 14:00:00,81,53,28
2018-10-12 15:00:00,158,105,53
2018-10-12 16:00:00,260,206,54
2018-10-12 17:00:00,373,307,66
2018-10-12 18:00:00,211,146,65
2018-10-12 19:00:00,86,49,37
2018-10-12 20:00:00,50,42,8
2018-10-12 21:00:00,38,30,8
2018-10-12 22:00:00,35,32,3
2018-10-12 23:00:00,22,17,5
2018-10-13 00:00:00,17,14,3
2018-10-13 01:00:00,10,7,3
2018-10-13 02:00:00,4,2,2
2018-10-13 03:00:00,1,1,0
2018-10-13 04:00:00,7,3,4
2018-10-13 05:00:00,3,2,1
2018-10-13 06:00:00,17,7,10
2018-10-13 07:00:00,17,4,13
2018-10-13 08:00:00,35,13,22
2018-10-13 09:00:00,33,9,24
2018-10-13 10:00:00,48,29,19
2018-10-13 11:00:00,63,33,30
2018-10-13 12:00:00,84,47,37
2018-10-13 13:00:00,80,40,40
2018-10-13 14:00:00,107,45,62
2018-10-13 15:00:00,107,59,48
2018-10-13 16:00:00,110,48,62
2018-10-13 17:00:00,78,37,41
2018-10-13 18:00:00,86,33,53
2018-10-13 19:00:00,68,39,29
2018-10-13 20:00:00,38,19,19
2018-10-13 21:00:00,30,23,7
2018-10-13 22:00:00,16,13,3
2018-10-13 23:00:00,15,11,4
2018-10-14 00:00:00,5,2,3
2018-10-14 01:00:00,5,3,2
2018-10-14 02:00:00,4,3,1
2018-10-14 03:00:00,0,0,0
2018-10-14 04:00:00,6,3,3
2018-10-14 05:00:00,3,1,2
2018-10-14 06:00:00,3,2,1
2018-10-14 07:00:00,13,7,6
2018-10-14 08:00:00,21,7,14
2018-10-14 09:00:00,38,12,26
2018-10-14 10:00:00,59,28,31
2018-10-14 11:00:00,87,46,41
2018-10-14 12:00:00,89,46,43
2018-10-14 13:00:00,120,64,56
2018-10-14 14:00:00,116,70,46
2018-10-14 15:00:00,170,87,83
2018-10-14 16:00:00,120,49,71
2018-10-14 17:00:00,100,40,60
2018-10-14 18:00:00,89,33,56
2018-10-14 19:00:00,56,18,38
2018-10-14 20:00:00,46,34,12
2018-10-14 21:00:00,20,11,9
2018-10-14 22:00:00,21,16,5
2018-10-14 23:00:00,11,9,2
2018-10-15 00:00:00,5,4,1
2018-10-15 01:00:00,3,3,0
2018-10-15 02:00:00,0,0,0
2018-10-15 03:00:00,1,1,0
2018-10-15 04:00:00,12,7,5
2018-10-15 05:00:00,22,8,14
2018-10-15 06:00:00,80,18,62
2018-10-15 07:00:00,223,31,192
2018-10-15 08:00:00,426,39,387
2018-10-15 09:00:00,244,31,213
2018-10-15 10:00:00,80,14,66
2018-10-15 11:00:00,62,26,36
2018-10-15 12:00:00,53,22,31
2018-10-15 13:00:00,53,27,26
2018-10-15 14:00:00,74,42,32
2018-10-15 15:00:00,113,85,28
2018-10-15 16:00:00,272,230,42
2018-10-15 17:00:00,472,404,68
2018-10-15 18:00:00,292,245,47
2018-10-15 19:00:00,95,77,18
2018-10-15 20:00:00,45,33,12
2018-10-15 21:00:00,29,21,8
2018-10-15 22:00:00,16,10,6
2018-10-15 23:00:00,9,6,3
2018-10-16 00:00:00,6,5,1
2018-10-16 01:00:00,2,1,1
2018-10-16 02:00:00,1,1,0
2018-10-16 03:00:00,0,0,0
2018-10-16 04:00:00,9,1,8
2018-10-16 05:00:00,30,8,22
2018-10-16 06:00:00,81,16,65
2018-10-16 07:00:00,259,34,225
2018-10-16 08:00:00,425,34,391
2018-10-16 09:00:00,243,28,215
2018-10-16 10:00:00,82,13,69
2018-10-16 11:00:00,56,22,34
2018-10-16 12:00:00,50,27,23
2018-10-16 13:00:00,55,25,30
2018-10-16 14:00:00,101,62,39
2018-10-16 15:00:00,148,103,45
2018-10-16 16:00:00,259,215,44
2018-10-16 17:00:00,505,442,63
2018-10-16 18:00:00,312,251,61
2018-10-16 19:00:00,93,76,17
2018-10-16 20:00:00,55,37,18
2018-10-16 21:00:00,54,30,24
2018-10-16 22:00:00,24,17,7
2018-10-16 23:00:00,12,8,4
2018-10-17 00:00:00,7,7,0
2018-10-17 01:00:00,6,5,1
2018-10-17 02:00:00,1,1,0
2018-10-17 03:00:00,2,0,2
2018-10-17 04:00:00,10,1,9
2018-10-17 05:00:00,30,9,21
2018-10-17 06:00:00,84,13,71
2018-10-17 07:00:00,253,39,214
2018-10-17 08:00:00,392,36,356
2018-10-17 09:00:00,235,36,199
2018-10-17 10:00:00,95,25,70
2018-10-17 11:00:00,54,14,40
2018-10-17 12:00:00,69,31,38
2018-10-17 13:00:00,74,37,37
2018-10-17 14:00:00,79,44,35
2018-10-17 15:00:00,127,87,40
2018-10-17 16:00:00,274,208,66
2018-10-17 17:00:00,492,419,73
2018-10-17 18:00:00,301,260,41
2018-10-17 19:00:00,131,82,49
2018-10-17 20:00:00,50,33,17
2018-10-17 21:00:00,40,31,9
2018-10-17 22:00:00,21,14,7
2018-10-17 23:00:00,17,11,6
2018-10-18 00:00:00,4,3,1
2018-10-18 01:00:00,4,3,1
2018-10-18 02:00:00,1,0,1
2018-10-18 03:00:00,2,2,0
2018-10-18 04:00:00,6,2,4
2018-10-18 05:00:00,24,6,18
2018-10-18 06:00:00,60,6,54
2018-10-18 07:00:00,244,34,210
2018-10-18 08:00:00,408,35,373
2018-10-18 09:00:00,216,37,179
2018-10-18 10:00:00,86,18,68
2018-10-18 11:00:00,73,32,41
2018-10-18 12:00:00,60,37,23
2018-10-18 13:00:00,73,36,37
2018-10-18 14:00:00,73,45,28
2018-10-18 15:00:00,125,82,43
2018-10-18 16:00:00,261,218,43
2018-10-18 17:00:00,444,392,52
2018-10-18 18:00:00,276,225,51
2018-10-18 19:00:00,93,73,20
2018-10-18 20:00:00,56,42,14
2018-10-18 21:00:00,43,31,12
2018-10-18 22:00:00,25,17,8
2018-10-18 23:00:00,20,16,4
2018-10-19 00:00:00,7,4,3
2018-10-19 01:00:00,2,1,1
2018-10-19 02:00:00,1,0,1
2018-10-19 03:00:00,3,2,1
2018-10-19 04:00:00,5,1,4
2018-10-19 05:00:00,23,7,16
2018-10-19 06:00:00,55,6,49
2018-10-19 07:00:00,165,20,145
2018-10-19 08:00:00,351,35,316
2018-10-19 09:00:00,202,23,179
2018-10-19 10:00:00,88,28,60
2018-10-19 11:00:00,62,17,45
2018-10-19 12:00:00,48,21,27
2018-10-19 13:00:00,51,24,27
2018-10-19 14:00:00,61,38,23
2018-10-19 15:00:00,124,87,37
2018-10-19 16:00:00,263,212,51
2018-10-19 17:00:00,365,308,57
2018-10-19 18:00:00,202,171,31
2018-10-19 19:00:00,85,68,17
2018-10-19 20:00:00,34,20,14
2018-10-19 21:00:00,26,18,8
2018-10-19 22:00:00,20,15,5
2018-10-19 23:00:00,8,3,5
2018-10-20 00:00:00,7,4,3
2018-10-20 01:00:00,8,5,3
2018-10-20 02:00:00,6,2,4
2018-10-20 03:00:00,1,0,1
2018-10-20 04:00:00,3,2,1
2018-10-20 05:00:00,4,1,3
2018-10-20 06:00:00,6,3,3
2018-10-20 07:00:00,20,8,12
2018-10-20 08:00:00,32,14,18
2018-10-20 09:00:00,34,17,17
2018-10-20 10:00:00,50,24,26
2018-10-20 11:00:00,66,24,42
2018-10-20 12:00:00,53,25,28
2018-10-20 13:00:00,54,33,21
2018-10-20 14:00:00,88,50,38
2018-10-20 15:00:00,96,58,38
2018-10-20 16:00:00,92,42,50
2018-10-20 17:00:00,83,39,44
2018-10-20 18:00:00,48,17,31
2018-10-20 19:00:00,42,20,22
2018-10-20 20:00:00,24,16,8
2018-10-20 21:00:00,25,12,13
2018-10-20 22:00:00,15,12,3
2018-10-20 23:00:00,15,9,6
2018-10-21 00:00:00,11,8,3
2018-10-21 01:00:00,3,2,1
2018-10-21 02:00:00,5,5,0
2018-10-21 03:00:00,0,0,0
2018-10-21 04:00:00,4,3,1
2018-10-21 05:00:00,3,2,1
2018-10-21 06:00:00,6,1,5
2018-10-21 07:00:00,9,4,5
2018-10-21 08:00:00,26,11,15
2018-10-21 09:00:00,38,15,23
2018-10-21 10:00:00,36,15,21
2018-10-21 11:00:00,44,23,21
2018-10-21 12:00:00,40,25,15
2018-10-21 13:00:00,60,33,27
2018-10-21 14:00:00,76,48,28
2018-10-21 15:00:00,74,35,39
2018-10-21 16:00:00,89,45,44
2018-10-21 17:00:00,87,42,45
2018-10-21 18:00:00,45,18,27
2018-10-21 19:00:00,18,7,11
2018-10-21 20:00:00,12,8,4
2018-10-21 21:00:00,9,6,3
2018-10-21 22:00:00,12,7,5
2018-10-21 23:00:00,10,9,1
2018-10-22 00:00:00,4,3,1
2018-10-22 01:00:00,3,3,0
2018-10-22 02:00:00,0,0,0
2018-10-22 03:00:00,2,1,1
2018-10-22 04:00:00,5,2,3
2018-10-22 05:00:00,19,5,14
2018-10-22 06:00:00,81,15,66
2018-10-22 07:00:00,174,23,151
2018-10-22 08:00:00,385,33,352
2018-10-22 09:00:00,211,28,183
2018-10-22 10:00:00,73,16,57
2018-10-22 11:00:00,43,13,30
2018-10-22 12:00:00,42,21,21
2018-10-22 13:00:00,46,29,17
2018-10-22 14:00:00,67,40,27
2018-10-22 15:00:00,94,70,24
2018-10-22 16:00:00,215,173,42
2018-10-22 17:00:00,406,356,50
2018-10-22 18:00:00,226,194,32
2018-10-22 19:00:00,98,81,17
2018-10-22 20:00:00,36,24,12
2018-10-22 21:00:00,21,18,3
2018-10-22 22:00:00,14,12,2
2018-10-22 23:00:00,10,6,4
2018-10-23 00:00:00,2,2,0
2018-10-23 01:00:00,6,3,3
2018-10-23 02:00:00,1,1,0
2018-10-23 03:00:00,1,1,0
2018-10-23 04:00:00,4,2,2
2018-10-23 05:00:00,22,6,16
2018-10-23 06:00:00,79,16,63
2018-10-23 07:00:00,225,31,194
2018-10-23 08:00:00,373,34,339
2018-10-23 09:00:00,206,29,177
2018-10-23 10:00:00,62,10,52
2018-10-23 11:00:00,41,11,30
2018-10-23 12:00:00,45,21,24
2018-10-23 13:00:00,63,31,32
2018-10-23 14:00:00,56,35,21
2018-10-23 15:00:00,88,63,25
2018-10-23 16:00:00,227,175,52
2018-10-23 17:00:00,389,353,36
2018-10-23 18:00:00,206,175,31
2018-10-23 19:00:00,82,66,16
2018-10-23 20:00:00,43,34,9
2018-10-23 21:00:00,29,20,9
2018-10-23 22:00:00,19,14,5
2018-10-23 23:00:00,7,5,2
2018-10-24 00:00:00,2,2,0
2018-10-24 01:00:00,4,3,1
2018-10-24 02:00:00,0,0,0
2018-10-24 03:00:00,1,0,1
2018-10-24 04:00:00,8,4,4
2018-10-24 05:00:00,20,6,14
2018-10-24 06:00:00,80,15,65
2018-10-24 07:00:00,210,22,188
2018-10-24 08:00:00,350,32,318
2018-10-24 09:00:00,201,33,168
2018-10-24 10:00:00,81,12,69
2018-10-24 11:00:00,47,17,30
2018-10-24 12:00:00,48,20,28
2018-10-24 13:00:00,49,29,20
2018-10-24 14:00:00,62,38,24
2018-10-24 15:00:00,92,64,28
2018-10-24 16:00:00,242,192,50
2018-10-24 17:00:00,407,349,58
2018-10-24 18:00:00,216,178,38
2018-10-24 19:00:00,95,76,19
2018-10-24 20:00:00,55,42,13
2018-10-24 21:00:00,56,39,17
2018-10-24 22:00:00,10,5,5
2018-10-24 23:00:00,22,10,12
2018-10-25 00:00:00,1,0,1
2018-10-25 01:00:00,2,2,0
2018-10-25 02:00:00,1,1,0
2018-10-25 03:00:00,2,1,1
2018-10-25 04:00:00,4,1,3
2018-10-25 05:00:00,21,5,16
2018-10-25 06:00:00,49,9,40
2018-10-25 07:00:00,175,17,158
2018-10-25 08:00:00,257,27,230
2018-10-25 09:00:00,140,16,124
2018-10-25 10:00:00,57,11,46
2018-10-25 11:00:00,23,8,15
2018-10-25 12:00:00,25,12,13
2018-10-25 13:00:00,24,10,14
2018-10-25 14:00:00,33,25,8
2018-10-25 15:00:00,61,44,17
2018-10-25 16:00:00,153,127,26
2018-10-25 17:00:00,265,233,32
2018-10-25 18:00:00,154,138,16
2018-10-25 19:00:00,66,53,13
2018-10-25 20:00:00,38,22,16
2018-10-25 21:00:00,36,30,6
2018-10-25 22:00:00,14,12,2
2018-10-25 23:00:00,10,5,5
2018-10-26 00:00:00,1,1,0
2018-10-26 01:00:00,0,0,0
2018-10-26 02:00:00,1,1,0
2018-10-26 03:00:00,0,0,0
2018-10-26 04:00:00,4,3,1
2018-10-26 05:00:00,13,5,8
2018-10-26 06:00:00,49,9,40
2018-10-26 07:00:00,139,15,124
2018-10-26 08:00:00,279,30,249
2018-10-26 09:00:00,140,15,125
2018-10-26 10:00:00,64,14,50
2018-10-26 11:00:00,34,11,23
2018-10-26 12:00:00,37,21,16
2018-10-26 13:00:00,72,37,35
2018-10-26 14:00:00,55,41,14
2018-10-26 15:00:00,79,47,32
2018-10-26 16:00:00,187,160,27
2018-10-26 17:00:00,275,243,32
2018-10-26 18:00:00,132,108,24
2018-10-26 19:00:00,61,44,17
2018-10-26 20:00:00,33,23,10
2018-10-26 21:00:00,29,15,14
2018-10-26 22:00:00,29,14,15
2018-10-26 23:00:00,14,8,6
2018-10-27 00:00:00,17,10,7
2018-10-27 01:00:00,4,4,0
2018-10-27 02:00:00,4,1,3
2018-10-27 03:00:00,2,1,1
2018-10-27 04:00:00,3,1,2
2018-10-27 05:00:00,10,5,5
2018-10-27 06:00:00,5,2,3
2018-10-27 07:00:00,20,6,14
2018-10-27 08:00:00,22,10,12
2018-10-27 09:00:00,42,23,19
2018-10-27 10:00:00,46,22,24
2018-10-27 11:00:00,57,33,24
2018-10-27 12:00:00,53,31,22
2018-10-27 13:00:00,65,32,33
2018-10-27 14:00:00,81,47,34
2018-10-27 15:00:00,54,29,25
2018-10-27 16:00:00,59,27,32
2018-10-27 17:00:00,25,13,12
2018-10-27 18:00:00,13,6,7
2018-10-27 19:00:00,5,2,3
2018-10-27 20:00:00,2,0,2
2018-10-27 21:00:00,5,3,2
2018-10-27 22:00:00,3,3,0
2018-10-27 23:00:00,6,3,3
2018-10-28 00:00:00,7,1,6
2018-10-28 01:00:00,2,0,2
2018-10-28 02:00:00,0,0,0
2018-10-28 03:00:00,3,2,1
2018-10-28 04:00:00,2,2,0
2018-10-28 05:00:00,2,1,1
2018-10-28 06:00:00,3,2,1
2018-10-28 07:00:00,2,1,1
2018-10-28 08:00:00,20,10,10
2018-10-28 09:00:00,27,16,11
2018-10-28 10:00:00,25,13,12
2018-10-28 11:00:00,38,19,19
2018-10-28 12:00:00,41,23,18
2018-10-28 13:00:00,45,23,22
2018-10-28 14:00:00,53,28,25
2018-10-28 15:00:00,31,19,12
2018-10-28 16:00:00,37,21,16
2018-10-28 17:00:00,16,10,6
2018-10-28 18:00:00,7,4,3
2018-10-28 19:00:00,7,3,4
2018-10-28 20:00:00,8,3,5
2018-10-28 21:00:00,11,7,4
2018-10-28 22:00:00,7,3,4
2018-10-28 23:00:00,6,5,1
2018-10-29 00:00:00,4,4,0
2018-10-29 01:00:00,0,0,0
2018-10-29 02:00:00,1,1,0
2018-10-29 03:00:00,1,1,0
2018-10-29 04:00:00,8,5,3
2018-10-29 05:00:00,22,4,18
2018-10-29 06:00:00,61,14,47
2018-10-29 07:00:00,172,27,145
2018-10-29 08:00:00,344,27,317
2018-10-29 09:00:00,184,28,156
2018-10-29 10:00:00,80,20,60
2018-10-29 11:00:00,32,12,20
2018-10-29 12:00:00,41,29,12
2018-10-29 13:00:00,33,21,12
2018-10-29 14:00:00,34,26,8
2018-10-29 15:00:00,72,56,16
2018-10-29 16:00:00,184,162,22
2018-10-29 17:00:00,330,288,42
2018-10-29 18:00:00,193,168,25
2018-10-29 19:00:00,88,74,14
2018-10-29 20:00:00,33,23,10
2018-10-29 21:00:00,18,18,0
2018-10-29 22:00:00,11,7,4
2018-10-29 23:00:00,13,9,4
2018-10-30 00:00:00,9,3,6
2018-10-30 01:00:00,5,3,2
2018-10-30 02:00:00,0,0,0
2018-10-30 03:00:00,0,0,0
2018-10-30 04:00:00,6,2,4
2018-10-30 05:00:00,25,9,16
2018-10-30 06:00:00,68,9,59
2018-10-30 07:00:00,210,38,172
2018-10-30 08:00:00,374,26,348
2018-10-30 09:00:00,208,33,175
2018-10-30 10:00:00,64,11,53
2018-10-30 11:00:00,31,11,20
2018-10-30 12:00:00,40,16,24
2018-10-30 13:00:00,49,29,20
2018-10-30 14:00:00,47,30,17
2018-10-30 15:00:00,103,75,28
2018-10-30 16:00:00,191,156,35
2018-10-30 17:00:00,362,322,40
2018-10-30 18:00:00,238,201,37
2018-10-30 19:00:00,76,67,9
2018-10-30 20:00:00,54,41,13
2018-10-30 21:00:00,28,21,7
2018-10-30 22:00:00,18,12,6
2018-10-30 23:00:00,7,5,2
2018-10-31 00:00:00,2,2,0
2018-10-31 01:00:00,1,1,0
2018-10-31 02:00:00,0,0,0
2018-10-31 03:00:00,0,0,0
2018-10-31 04:00:00,6,3,3
2018-10-31 05:00:00,25,6,19
2018-10-31 06:00:00,58,10,48
2018-10-31 07:00:00,187,22,165
2018-10-31 08:00:00,313,26,287
2018-10-31 09:00:00,167,26,141
2018-10-31 10:00:00,69,11,58
2018-10-31 11:00:00,39,12,27
2018-10-31 12:00:00,51,27,24
2018-10-31 13:00:00,43,24,19
2018-10-31 14:00:00,58,44,14
2018-10-31 15:00:00,96,75,21
2018-10-31 16:00:00,229,202,27
2018-10-31 17:00:00,287,242,45
2018-10-31 18:00:00,150,125,25
2018-10-31 19:00:00,61,52,9
2018-10-31 20:00:00,32,19,13
2018-10-31 21:00:00,26,19,7
2018-10-31 22:00:00,12,5,7
2018-10-31 23:00:00,13,10,3
2018-11-01 00:00:00,6,3,3
2018-11-01 01:00:00,1,1,0
2018-11-01 02:00:00,4,2,2
2018-11-01 03:00:00,0,0,0
2018-11-01 04:00:00,6,3,3
2018-11-01 05:00:00,19,8,11
2018-11-01 06:00:00,48,7,41
2018-11-01 07:00:00,174,18,156
2018-11-01 08:00:00,324,29,295
2018-11-01 09:00:00,180,23,157
2018-11-01 10:00:00,64,14,50
2018-11-01 11:00:00,36,14,22
2018-11-01 12:00:00,40,10,30
2018-11-01 13:00:00,31,17,14
2018-11-01 14:00:00,54,36,18
2018-11-01 15:00:00,75,53,22
2018-11-01 16:00:00,181,151,30
2018-11-01 17:00:00,349,310,39
2018-11-01 18:00:00,222,185,37
2018-11-01 19:00:00,89,70,19
2018-11-01 20:00:00,51,38,13
2018-11-01 21:00:00,29,21,8
2018-11-01 22:00:00,20,16,4
2018-11-01 23:00:00,7,5,2
2018-11-02 00:00:00,2,2,0
2018-11-02 01:00:00,2,1,1
2018-11-02 02:00:00,1,1,0
2018-11-02 03:00:00,0,0,0
2018-11-02 04:00:00,6,2,4
2018-11-02 05:00:00,17,5,12
2018-11-02 06:00:00,45,9,36
2018-11-02 07:00:00,159,22,137
2018-11-02 08:00:00,303,26,277
2018-11-02 09:00:00,156,18,138
2018-11-02 10:00:00,50,15,35
2018-11-02 11:00:00,32,13,19
2018-11-02 12:00:00,45,26,19
2018-11-02 13:00:00,49,28,21
2018-11-02 14:00:00,69,49,20
2018-11-02 15:00:00,94,64,30
2018-11-02 16:00:00,189,151,38
2018-11-02 17:00:00,322,280,42
2018-11-02 18:00:00,162,128,34
2018-11-02 19:00:00,55,42,13
2018-11-02 20:00:00,30,17,13
2018-11-02 21:00:00,21,16,5
2018-11-02 22:00:00,15,8,7
2018-11-02 23:00:00,13,11,2
2018-11-03 00:00:00,14,12,2
2018-11-03 01:00:00,8,7,1
2018-11-03 02:00:00,5,0,5
2018-11-03 03:00:00,2,0,2
2018-11-03 04:00:00,6,4,2
2018-11-03 05:00:00,4,2,2
2018-11-03 06:00:00,12,8,4
2018-11-03 07:00:00,14,6,8
2018-11-03 08:00:00,23,8,15
2018-11-03 09:00:00,25,14,11
2018-11-03 10:00:00,20,11,9
2018-11-03 11:00:00,40,19,21
2018-11-03 12:00:00,40,14,26
2018-11-03 13:00:00,26,12,14
2018-11-03 14:00:00,18,11,7
2018-11-03 15:00:00,30,25,5
2018-11-03 16:00:00,21,13,8
2018-11-03 17:00:00,31,19,12
2018-11-03 18:00:00,14,11,3
2018-11-03 19:00:00,15,7,8
2018-11-03 20:00:00,13,6,7
2018-11-03 21:00:00,10,5,5
2018-11-03 22:00:00,8,6,2
2018-11-03 23:00:00,3,2,1
2018-11-04 00:00:00,1,1,0
2018-11-04 01:00:00,9,5,4
2018-11-04 02:00:00,0,0,0
2018-11-04 03:00:00,1,0,1
2018-11-04 04:00:00,4,1,3
2018-11-04 05:00:00,4,1,3
2018-11-04 06:00:00,4,1,3
2018-11-04 07:00:00,13,7,6
2018-11-04 08:00:00,35,18,17
2018-11-04 09:00:00,41,15,26
2018-11-04 10:00:00,60,28,32
2018-11-04 11:00:00,63,32,31
2018-11-04 12:00:00,70,40,30
2018-11-04 13:00:00,68,34,34
2018-11-04 14:00:00,93,47,46
2018-11-04 15:00:00,72,37,35
2018-11-04 16:00:00,81,32,49
2018-11-04 17:00:00,57,26,31
2018-11-04 18:00:00,26,13,13
2018-11-04 19:00:00,19,16,3
2018-11-04 20:00:00,13,6,7
2018-11-04 21:00:00,8,5,3
2018-11-04 22:00:00,11,8,3
2018-11-04 23:00:00,5,5,0
2018-11-05 00:00:00,3,2,1
2018-11-05 01:00:00,1,1,0
2018-11-05 02:00:00,0,0,0
2018-11-05 03:00:00,1,1,0
2018-11-05 04:00:00,9,1,8
2018-11-05 05:00:00,22,4,18
2018-11-05 06:00:00,61,12,49
2018-11-05 07:00:00,213,22,191
2018-11-05 08:00:00,341,28,313
2018-11-05 09:00:00,182,30,152
2018-11-05 10:00:00,68,26,42
2018-11-05 11:00:00,32,12,20
2018-11-05 12:00:00,52,24,28
2018-11-05 13:00:00,44,25,19
2018-11-05 14:00:00,55,37,18
2018-11-05 15:00:00,83,62,21
2018-11-05 16:00:00,206,175,31
2018-11-05 17:00:00,342,305,37
2018-11-05 18:00:00,213,190,23
2018-11-05 19:00:00,66,52,14
2018-11-05 20:00:00,35,27,8
2018-11-05 21:00:00,15,11,4
2018-11-05 22:00:00,11,6,5
2018-11-05 23:00:00,6,5,1
2018-11-06 00:00:00,3,2,1
2018-11-06 01:00:00,1,1,0
2018-11-06 02:00:00,1,1,0
2018-11-06 03:00:00,1,1,0
2018-11-06 04:00:00,6,2,4
2018-11-06 05:00:00,21,4,17
2018-11-06 06:00:00,79,9,70
2018-11-06 07:00:00,267,30,237
2018-11-06 08:00:00,360,28,332
2018-11-06 09:00:00,159,23,136
2018-11-06 10:00:00,70,20,50
2018-11-06 11:00:00,39,16,23
2018-11-06 12:00:00,43,21,22
2018-11-06 13:00:00,56,29,27
2018-11-06 14:00:00,67,43,24
2018-11-06 15:00:00,83,57,26
2018-11-06 16:00:00,211,181,30
2018-11-06 17:00:00,394,352,42
2018-11-06 18:00:00,221,192,29
2018-11-06 19:00:00,66,52,14
2018-11-06 20:00:00,41,30,11
2018-11-06 21:00:00,37,22,15
2018-11-06 22:00:00,21,13,8
2018-11-06 23:00:00,10,6,4
2018-11-07 00:00:00,1,1,0
2018-11-07 01:00:00,1,1,0
2018-11-07 02:00:00,0,0,0
2018-11-07 03:00:00,0,0,0
2018-11-07 04:00:00,4,3,1
2018-11-07 05:00:00,28,7,21
2018-11-07 06:00:00,62,10,52
2018-11-07 07:00:00,226,35,191
2018-11-07 08:00:00,370,37,333
2018-11-07 09:00:00,206,31,175
2018-11-07 10:00:00,65,24,41
2018-11-07 11:00:00,47,19,28
2018-11-07 12:00:00,49,24,25
2018-11-07 13:00:00,62,39,23
2018-11-07 14:00:00,73,46,27
2018-11-07 15:00:00,82,58,24
2018-11-07 16:00:00,236,194,42
2018-11-07 17:00:00,345,298,47
2018-11-07 18:00:00,214,185,29
2018-11-07 19:00:00,72,56,16
2018-11-07 20:00:00,51,41,10
2018-11-07 21:00:00,28,23,5
2018-11-07 22:00:00,20,13,7
2018-11-07 23:00:00,13,11,2
2018-11-08 00:00:00,0,0,0
2018-11-08 01:00:00,5,5,0
2018-11-08 02:00:00,0,0,0
2018-11-08 03:00:00,1,0,1
2018-11-08 04:00:00,4,2,2
2018-11-08 05:00:00,27,7,20
2018-11-08 06:00:00,56,15,41
2018-11-08 07:00:00,190,27,163
2018-11-08 08:00:00,315,31,284
2018-11-08 09:00:00,187,29,158
2018-11-08 10:00:00,79,24,55
2018-11-08 11:00:00,61,22,39
2018-11-08 12:00:00,38,13,25
2018-11-08 13:00:00,60,35,25
2018-11-08 14:00:00,75,41,34
2018-11-08 15:00:00,98,64,34
2018-11-08 16:00:00,220,167,53
2018-11-08 17:00:00,322,281,41
2018-11-08 18:00:00,205,163,42
2018-11-08 19:00:00,67,58,9
2018-11-08 20:00:00,50,39,11
2018-11-08 21:00:00,38,28,10
2018-11-08 22:00:00,18,14,4
2018-11-08 23:00:00,22,20,2
2018-11-09 00:00:00,9,6,3
2018-11-09 01:00:00,3,3,0
2018-11-09 02:00:00,0,0,0
2018-11-09 03:00:00,1,0,1
2018-11-09 04:00:00,10,7,3
2018-11-09 05:00:00,13,4,9
2018-11-09 06:00:00,44,13,31
2018-11-09 07:00:00,169,19,150
2018-11-09 08:00:00,267,21,246
2018-11-09 09:00:00,141,28,113
2018-11-09 10:00:00,52,11,41
2018-11-09 11:00:00,21,6,15
2018-11-09 12:00:00,30,17,13
2018-11-09 13:00:00,50,34,16
2018-11-09 14:00:00,45,33,12
2018-11-09 15:00:00,80,53,27
2018-11-09 16:00:00,174,144,30
2018-11-09 17:00:00,232,203,29
2018-11-09 18:00:00,160,142,18
2018-11-09 19:00:00,58,42,16
2018-11-09 20:00:00,27,18,9
2018-11-09 21:00:00,18,14,4
2018-11-09 22:00:00,15,13,2
2018-11-09 23:00:00,15,9,6
2018-11-10 00:00:00,3,3,0
2018-11-10 01:00:00,6,3,3
2018-11-10 02:00:00,3,3,0
2018-11-10 03:00:00,1,1,0
2018-11-10 04:00:00,1,0,1
2018-11-10 05:00:00,6,2,4
2018-11-10 06:00:00,4,2,2
2018-11-10 07:00:00,14,8,6
2018-11-10 08:00:00,26,10,16
2018-11-10 09:00:00,30,13,17
2018-11-10 10:00:00,36,18,18
2018-11-10 11:00:00,50,22,28
2018-11-10 12:00:00,67,38,29
2018-11-10 13:00:00,71,35,36
2018-11-10 14:00:00,77,52,25
2018-11-10 15:00:00,84,37,47
2018-11-10 16:00:00,63,33,30
2018-11-10 17:00:00,41,29,12
2018-11-10 18:00:00,33,18,15
2018-11-10 19:00:00,13,7,6
2018-11-10 20:00:00,8,6,2
2018-11-10 21:00:00,20,17,3
2018-11-10 22:00:00,6,5,1
2018-11-10 23:00:00,10,6,4
2018-11-11 00:00:00,7,4,3
2018-11-11 01:00:00,3,2,1
2018-11-11 02:00:00,3,3,0
2018-11-11 03:00:00,0,0,0
2018-11-11 04:00:00,2,1,1
2018-11-11 05:00:00,3,0,3
2018-11-11 06:00:00,8,4,4
2018-11-11 07:00:00,10,7,3
2018-11-11 08:00:00,25,16,9
2018-11-11 09:00:00,33,12,21
2018-11-11 10:00:00,47,19,28
2018-11-11 11:00:00,80,48,32
2018-11-11 12:00:00,91,47,44
2018-11-11 13:00:00,88,58,30
2018-11-11 14:00:00,79,43,36
2018-11-11 15:00:00,71,35,36
2018-11-11 16:00:00,52,22,30
2018-11-11 17:00:00,22,12,10
2018-11-11 18:00:00,27,16,11
2018-11-11 19:00:00,13,7,6
2018-11-11 20:00:00,13,10,3
2018-11-11 21:00:00,6,1,5
2018-11-11 22:00:00,7,4,3
2018-11-11 23:00:00,9,7,2
2018-11-12 00:00:00,1,1,0
2018-11-12 01:00:00,1,0,1
2018-11-12 02:00:00,0,0,0
2018-11-12 03:00:00,0,0,0
2018-11-12 04:00:00,6,4,2
2018-11-12 05:00:00,26,4,22
2018-11-12 06:00:00,43,11,32
2018-11-12 07:00:00,157,23,134
2018-11-12 08:00:00,272,23,249
2018-11-12 09:00:00,170,32,138
2018-11-12 10:00:00,72,18,54
2018-11-12 11:00:00,57,21,36
2018-11-12 12:00:00,44,22,22
2018-11-12 13:00:00,57,35,22
2018-11-12 14:00:00,78,36,42
2018-11-12 15:00:00,105,70,35
2018-11-12 16:00:00,189,157,32
2018-11-12 17:00:00,282,244,38
2018-11-12 18:00:00,191,164,27
2018-11-12 19:00:00,59,49,10
2018-11-12 20:00:00,29,23,6
2018-11-12 21:00:00,20,16,4
2018-11-12 22:00:00,13,8,5
2018-11-12 23:00:00,8,4,4
2018-11-13 00:00:00,2,2,0
2018-11-13 01:00:00,1,1,0
2018-11-13 02:00:00,0,0,0
2018-11-13 03:00:00,2,0,2
2018-11-13 04:00:00,5,3,2
2018-11-13 05:00:00,23,6,17
2018-11-13 06:00:00,81,14,67
2018-11-13 07:00:00,215,27,188
2018-11-13 08:00:00,377,39,338
2018-11-13 09:00:00,196,32,164
2018-11-13 10:00:00,86,21,65
2018-11-13 11:00:00,44,18,26
2018-11-13 12:00:00,43,25,18
2018-11-13 13:00:00,54,29,25
2018-11-13 14:00:00,61,39,22
2018-11-13 15:00:00,100,67,33
2018-11-13 16:00:00,226,193,33
2018-11-13 17:00:00,372,325,47
2018-11-13 18:00:00,232,196,36
2018-11-13 19:00:00,98,80,18
2018-11-13 20:00:00,54,44,10
2018-11-13 21:00:00,24,20,4
2018-11-13 22:00:00,13,10,3
2018-11-13 23:00:00,10,9,1
2018-11-14 00:00:00,4,4,0
2018-11-14 01:00:00,0,0,0
2018-11-14 02:00:00,0,0,0
2018-11-14 03:00:00,3,2,1
2018-11-14 04:00:00,9,6,3
2018-11-14 05:00:00,19,5,14
2018-11-14 06:00:00,60,12,48
2018-11-14 07:00:00,182,27,155
2018-11-14 08:00:00,261,29,232
2018-11-14 09:00:00,170,25,145
2018-11-14 10:00:00,53,16,37
2018-11-14 11:00:00,22,8,14
2018-11-14 12:00:00,27,15,12
2018-11-14 13:00:00,36,21,15
2018-11-14 14:00:00,41,29,12
2018-11-14 15:00:00,88,58,30
2018-11-14 16:00:00,161,143,18
2018-11-14 17:00:00,273,238,35
2018-11-14 18:00:00,204,178,26
2018-11-14 19:00:00,66,56,10
2018-11-14 20:00:00,36,21,15
2018-11-14 21:00:00,36,21,15
2018-11-14 22:00:00,10,6,4
2018-11-14 23:00:00,6,3,3
2018-11-15 00:00:00,1,1,0
2018-11-15 01:00:00,3,3,0
2018-11-15 02:00:00,3,3,0
2018-11-15 03:00:00,0,0,0
2018-11-15 04:00:00,5,4,1
2018-11-15 05:00:00,25,9,16
2018-11-15 06:00:00,57,10,47
2018-11-15 07:00:00,202,22,180
2018-11-15 08:00:00,319,28,291
2018-11-15 09:00:00,156,25,131
2018-11-15 10:00:00,73,10,63
2018-11-15 11:00:00,50,20,30
2018-11-15 12:00:00,48,23,25
2018-11-15 13:00:00,42,28,14
2018-11-15 14:00:00,69,40,29
2018-11-15 15:00:00,94,66,28
2018-11-15 16:00:00,214,172,42
2018-11-15 17:00:00,312,263,49
2018-11-15 18:00:00,203,174,29
2018-11-15 19:00:00,83,66,17
2018-11-15 20:00:00,71,51,20
2018-11-15 21:00:00,41,33,8
2018-11-15 22:00:00,26,24,2
2018-11-15 23:00:00,11,7,4
2018-11-16 00:00:00,5,5,0
2018-11-16 01:00:00,6,3,3
2018-11-16 02:00:00,2,2,0
2018-11-16 03:00:00,0,0,0
2018-11-16 04:00:00,7,6,1
2018-11-16 05:00:00,18,3,15
2018-11-16 06:00:00,51,8,43
2018-11-16 07:00:00,167,22,145
2018-11-16 08:00:00,305,40,265
2018-11-16 09:00:00,164,21,143
2018-11-16 10:00:00,65,16,49
2018-11-16 11:00:00,44,9,35
2018-11-16 12:00:00,47,22,25
2018-11-16 13:00:00,62,32,30
2018-11-16 14:00:00,68,46,22
2018-11-16 15:00:00,111,86,25
2018-11-16 16:00:00,214,183,31
2018-11-16 17:00:00,280,241,39
2018-11-16 18:00:00,147,125,22
2018-11-16 19:00:00,65,49,16
2018-11-16 20:00:00,37,32,5
2018-11-16 21:00:00,29,20,9
2018-11-16 22:00:00,21,18,3
2018-11-16 23:00:00,14,13,1
2018-11-17 00:00:00,16,14,2
2018-11-17 01:00:00,12,8,4
2018-11-17 02:00:00,2,0,2
2018-11-17 03:00:00,3,3,0
2018-11-17 04:00:00,2,1,1
2018-11-17 05:00:00,3,0,3
2018-11-17 06:00:00,9,6,3
2018-11-17 07:00:00,17,6,11
2018-11-17 08:00:00,36,18,18
2018-11-17 09:00:00,47,15,32
2018-11-17 10:00:00,63,25,38
2018-11-17 11:00:00,91,61,30
2018-11-17 12:00:00,78,40,38
2018-11-17 13:00:00,105,59,46
2018-11-17 14:00:00,104,64,40
2018-11-17 15:00:00,76,38,38
2018-11-17 16:00:00,93,51,42
2018-11-17 17:00:00,55,29,26
2018-11-17 18:00:00,37,17,20
2018-11-17 19:00:00,17,7,10
2018-11-17 20:00:00,23,18,5
2018-11-17 21:00:00,13,11,2
2018-11-17 22:00:00,10,6,4
2018-11-17 23:00:00,6,6,0
2018-11-18 00:00:00,11,6,5
2018-11-18 01:00:00,5,3,2
2018-11-18 02:00:00,2,2,0
2018-11-18 03:00:00,1,1,0
2018-11-18 04:00:00,4,3,1
2018-11-18 05:00:00,4,0,4
2018-11-18 06:00:00,6,4,2
2018-11-18 07:00:00,10,4,6
2018-11-18 08:00:00,31,24,7
2018-11-18 09:00:00,43,29,14
2018-11-18 10:00:00,68,35,33
2018-11-18 11:00:00,92,51,41
2018-11-18 12:00:00,80,43,37
2018-11-18 13:00:00,109,60,49
2018-11-18 14:00:00,107,69,38
2018-11-18 15:00:00,93,51,42
2018-11-18 16:00:00,77,33,44
2018-11-18 17:00:00,32,16,16
2018-11-18 18:00:00,24,10,14
2018-11-18 19:00:00,10,6,4
2018-11-18 20:00:00,19,11,8
2018-11-18 21:00:00,5,4,1
2018-11-18 22:00:00,6,4,2
2018-11-18 23:00:00,3,3,0
2018-11-19 00:00:00,3,2,1
2018-11-19 01:00:00,0,0,0
2018-11-19 02:00:00,1,1,0
2018-11-19 03:00:00,0,0,0
2018-11-19 04:00:00,3,2,1
2018-11-19 05:00:00,23,7,16
2018-11-19 06:00:00,61,9,52
2018-11-19 07:00:00,202,26,176
2018-11-19 08:00:00,326,35,291
2018-11-19 09:00:00,197,28,169
2018-11-19 10:00:00,89,15,74
2018-11-19 11:00:00,56,21,35
2018-11-19 12:00:00,43,23,20
2018-11-19 13:00:00,64,28,36
2018-11-19 14:00:00,65,41,24
2018-11-19 15:00:00,86,62,24
2018-11-19 16:00:00,249,188,61
2018-11-19 17:00:00,328,288,40
2018-11-19 18:00:00,184,156,28
2018-11-19 19:00:00,85,70,15
2018-11-19 20:00:00,55,42,13
2018-11-19 21:00:00,27,22,5
2018-11-19 22:00:00,11,10,1
2018-11-19 23:00:00,7,5,2
2018-11-20 00:00:00,3,1,2
2018-11-20 01:00:00,1,0,1
2018-11-20 02:00:00,2,1,1
2018-11-20 03:00:00,1,1,0
2018-11-20 04:00:00,3,1,2
2018-11-20 05:00:00,16,4,12
2018-11-20 06:00:00,67,8,59
2018-11-20 07:00:00,179,21,158
2018-11-20 08:00:00,283,26,257
2018-11-20 09:00:00,176,22,154
2018-11-20 10:00:00,73,18,55
2018-11-20 11:00:00,51,26,25
2018-11-20 12:00:00,42,20,22
2018-11-20 13:00:00,41,26,15
2018-11-20 14:00:00,61,40,21
2018-11-20 15:00:00,96,71,25
2018-11-20 16:00:00,208,182,26
2018-11-20 17:00:00,312,277,35
2018-11-20 18:00:00,173,152,21
2018-11-20 19:00:00,72,54,18
2018-11-20 20:00:00,42,26,16
2018-11-20 21:00:00,19,16,3
2018-11-20 22:00:00,8,4,4
2018-11-20 23:00:00,19,16,3
2018-11-21 00:00:00,3,3,0
2018-11-21 01:00:00,0,0,0
2018-11-21 02:00:00,3,2,1
2018-11-21 03:00:00,0,0,0
2018-11-21 04:00:00,4,2,2
2018-11-21 05:00:00,16,3,13
2018-11-21 06:00:00,45,8,37
2018-11-21 07:00:00,109,16,93
2018-11-21 08:00:00,197,16,181
2018-11-21 09:00:00,82,13,69
2018-11-21 10:00:00,45,9,36
2018-11-21 11:00:00,29,10,19
2018-11-21 12:00:00,25,17,8
2018-11-21 13:00:00,51,36,15
2018-11-21 14:00:00,74,60,14
2018-11-21 15:00:00,85,69,16
2018-11-21 16:00:00,130,112,18
2018-11-21 17:00:00,159,135,24
2018-11-21 18:00:00,73,58,15
2018-11-21 19:00:00,30,24,6
2018-11-21 20:00:00,13,6,7
2018-11-21 21:00:00,11,7,4
2018-11-21 22:00:00,5,5,0
2018-11-21 23:00:00,2,2,0
2018-11-22 00:00:00,2,1,1
2018-11-22 01:00:00,0,0,0
2018-11-22 02:00:00,0,0,0
2018-11-22 03:00:00,0,0,0
2018-11-22 04:00:00,2,2,0
2018-11-22 05:00:00,2,2,0
2018-11-22 06:00:00,4,2,2
2018-11-22 07:00:00,6,3,3
2018-11-22 08:00:00,13,6,7
2018-11-22 09:00:00,23,15,8
2018-11-22 10:00:00,34,24,10
2018-11-22 11:00:00,27,14,13
2018-11-22 12:00:00,39,18,21
2018-11-22 13:00:00,16,9,7
2018-11-22 14:00:00,8,4,4
2018-11-22 15:00:00,4,2,2
2018-11-22 16:00:00,0,0,0
2018-11-22 17:00:00,2,2,0
2018-11-22 18:00:00,5,0,5
2018-11-22 19:00:00,3,2,1
2018-11-22 20:00:00,0,0,0
2018-11-22 21:00:00,3,2,1
2018-11-22 22:00:00,7,7,0
2018-11-22 23:00:00,0,0,0
2018-11-23 00:00:00,2,2,0
2018-11-23 01:00:00,0,0,0
2018-11-23 02:00:00,0,0,0
2018-11-23 03:00:00,0,0,0
2018-11-23 04:00:00,2,1,1
2018-11-23 05:00:00,6,2,4
2018-11-23 06:00:00,7,2,5
2018-11-23 07:00:00,17,3,14
2018-11-23 08:00:00,25,4,21
2018-11-23 09:00:00,24,2,22
2018-11-23 10:00:00,17,6,11
2018-11-23 11:00:00,38,18,20
2018-11-23 12:00:00,30,13,17
2018-11-23 13:00:00,32,16,16
2018-11-23 14:00:00,20,16,4
2018-11-23 15:00:00,26,17,9
2018-11-23 16:00:00,32,24,8
2018-11-23 17:00:00,30,23,7
2018-11-23 18:00:00,20,15,5
2018-11-23 19:00:00,19,14,5
2018-11-23 20:00:00,12,9,3
2018-11-23 21:00:00,8,7,1
2018-11-23 22:00:00,7,4,3
2018-11-23 23:00:00,3,2,1
2018-11-24 00:00:00,2,2,0
2018-11-24 01:00:00,3,2,1
2018-11-24 02:00:00,2,0,2
2018-11-24 03:00:00,1,1,0
2018-11-24 04:00:00,2,1,1
2018-11-24 05:00:00,1,0,1
2018-11-24 06:00:00,4,2,2
2018-11-24 07:00:00,11,4,7
2018-11-24 08:00:00,21,12,9
2018-11-24 09:00:00,31,15,16
2018-11-24 10:00:00,30,14,16
2018-11-24 11:00:00,55,34,21
2018-11-24 12:00:00,70,38,32
2018-11-24 13:00:00,78,40,38
2018-11-24 14:00:00,72,36,36
2018-11-24 15:00:00,68,41,27
2018-11-24 16:00:00,52,27,25
2018-11-24 17:00:00,22,19,3
2018-11-24 18:00:00,23,11,12
2018-11-24 19:00:00,21,14,7
2018-11-24 20:00:00,8,3,5
2018-11-24 21:00:00,7,6,1
2018-11-24 22:00:00,9,7,2
2018-11-24 23:00:00,8,8,0
2018-11-25 00:00:00,6,3,3
2018-11-25 01:00:00,3,2,1
2018-11-25 02:00:00,0,0,0
2018-11-25 03:00:00,1,0,1
2018-11-25 04:00:00,3,1,2
2018-11-25 05:00:00,1,0,1
2018-11-25 06:00:00,7,0,7
2018-11-25 07:00:00,8,4,4
2018-11-25 08:00:00,35,24,11
2018-11-25 09:00:00,50,13,37
2018-11-25 10:00:00,68,28,40
2018-11-25 11:00:00,63,35,28
2018-11-25 12:00:00,54,34,20
2018-11-25 13:00:00,64,35,29
2018-11-25 14:00:00,44,17,27
2018-11-25 15:00:00,53,30,23
2018-11-25 16:00:00,49,20,29
2018-11-25 17:00:00,23,15,8
2018-11-25 18:00:00,15,6,9
2018-11-25 19:00:00,16,12,4
2018-11-25 20:00:00,8,7,1
2018-11-25 21:00:00,3,2,1
2018-11-25 22:00:00,4,1,3
2018-11-25 23:00:00,6,3,3
2018-11-26 00:00:00,2,2,0
2018-11-26 01:00:00,0,0,0
2018-11-26 02:00:00,2,0,2
2018-11-26 03:00:00,1,0,1
2018-11-26 04:00:00,7,3,4
2018-11-26 05:00:00,25,7,18
2018-11-26 06:00:00,44,6,38
2018-11-26 07:00:00,122,12,110
2018-11-26 08:00:00,236,15,221
2018-11-26 09:00:00,118,14,104
2018-11-26 10:00:00,47,10,37
2018-11-26 11:00:00,16,4,12
2018-11-26 12:00:00,12,4,8
2018-11-26 13:00:00,15,10,5
2018-11-26 14:00:00,22,17,5
2018-11-26 15:00:00,40,31,9
2018-11-26 16:00:00,112,102,10
2018-11-26 17:00:00,221,204,17
2018-11-26 18:00:00,125,115,10
2018-11-26 19:00:00,51,44,7
2018-11-26 20:00:00,25,17,8
2018-11-26 21:00:00,19,16,3
2018-11-26 22:00:00,3,2,1
2018-11-26 23:00:00,1,1,0
2018-11-27 00:00:00,4,4,0
2018-11-27 01:00:00,1,0,1
2018-11-27 02:00:00,1,1,0
2018-11-27 03:00:00,1,0,1
2018-11-27 04:00:00,4,2,2
2018-11-27 05:00:00,18,5,13
2018-11-27 06:00:00,32,4,28
2018-11-27 07:00:00,165,24,141
2018-11-27 08:00:00,301,21,280
2018-11-27 09:00:00,157,16,141
2018-11-27 10:00:00,59,10,49
2018-11-27 11:00:00,36,9,27
2018-11-27 12:00:00,36,22,14
2018-11-27 13:00:00,34,19,15
2018-11-27 14:00:00,37,26,11
2018-11-27 15:00:00,52,35,17
2018-11-27 16:00:00,151,129,22
2018-11-27 17:00:00,269,246,23
2018-11-27 18:00:00,157,141,16
2018-11-27 19:00:00,64,53,11
2018-11-27 20:00:00,35,19,16
2018-11-27 21:00:00,14,12,2
2018-11-27 22:00:00,15,12,3
2018-11-27 23:00:00,4,4,0
2018-11-28 00:00:00,1,1,0
2018-11-28 01:00:00,6,5,1
2018-11-28 02:00:00,0,0,0
2018-11-28 03:00:00,6,0,6
2018-11-28 04:00:00,5,3,2
2018-11-28 05:00:00,22,6,16
2018-11-28 06:00:00,54,10,44
2018-11-28 07:00:00,134,16,118
2018-11-28 08:00:00,251,25,226
2018-11-28 09:00:00,132,22,110
2018-11-28 10:00:00,49,8,41
2018-11-28 11:00:00,20,2,18
2018-11-28 12:00:00,27,14,13
2018-11-28 13:00:00,30,15,15
2018-11-28 14:00:00,35,24,11
2018-11-28 15:00:00,41,30,11
2018-11-28 16:00:00,139,121,18
2018-11-28 17:00:00,255,235,20
2018-11-28 18:00:00,155,140,15
2018-11-28 19:00:00,73,61,12
2018-11-28 20:00:00,24,17,7
2018-11-28 21:00:00,18,14,4
2018-11-28 22:00:00,9,6,3
2018-11-28 23:00:00,8,5,3
2018-11-29 00:00:00,4,3,1
2018-11-29 01:00:00,0,0,0
2018-11-29 02:00:00,3,2,1
2018-11-29 03:00:00,1,0,1
2018-11-29 04:00:00,4,3,1
2018-11-29 05:00:00,26,6,20
2018-11-29 06:00:00,66,7,59
2018-11-29 07:00:00,181,18,163
2018-11-29 08:00:00,319,33,286
2018-11-29 09:00:00,165,28,137
2018-11-29 10:00:00,71,15,56
2018-11-29 11:00:00,60,19,41
2018-11-29 12:00:00,59,30,29
2018-11-29 13:00:00,40,23,17
2018-11-29 14:00:00,51,36,15
2018-11-29 15:00:00,92,63,29
2018-11-29 16:00:00,184,154,30
2018-11-29 17:00:00,329,289,40
2018-11-29 18:00:00,199,181,18
2018-11-29 19:00:00,94,73,21
2018-11-29 20:00:00,48,32,16
2018-11-29 21:00:00,29,23,6
2018-11-29 22:00:00,9,5,4
2018-11-29 23:00:00,14,13,1
2018-11-30 00:00:00,3,2,1
2018-11-30 01:00:00,3,2,1
2018-11-30 02:00:00,0,0,0
2018-11-30 03:00:00,0,0,0
2018-11-30 04:00:00,8,6,2
2018-11-30 05:00:00,17,4,13
2018-11-30 06:00:00,48,13,35
2018-11-30 07:00:00,150,21,129
2018-11-30 08:00:00,282,25,257
2018-11-30 09:00:00,154,22,132
2018-11-30 10:00:00,68,15,53
2018-11-30 11:00:00,35,9,26
2018-11-30 12:00:00,39,23,16
2018-11-30 13:00:00,41,25,16
2018-11-30 14:00:00,50,35,15
2018-11-30 15:00:00,96,69,27
2018-11-30 16:00:00,193,162,31
2018-11-30 17:00:00,273,250,23
2018-11-30 18:00:00,125,107,18
2018-11-30 19:00:00,41,32,9
2018-11-30 20:00:00,18,14,4
2018-11-30 21:00:00,20,14,6
2018-11-30 22:00:00,15,12,3
2018-11-30 23:00:00,10,7,3
2018-12-01 00:00:00,6,5,1
2018-12-01 01:00:00,3,0,3
2018-12-01 02:00:00,4,0,4
2018-12-01 03:00:00,2,2,0
2018-12-01 04:00:00,1,0,1
2018-12-01 05:00:00,5,2,3
2018-12-01 06:00:00,8,4,4
2018-12-01 07:00:00,13,8,5
2018-12-01 08:00:00,18,3,15
2018-12-01 09:00:00,17,8,9
2018-12-01 10:00:00,37,17,20
2018-12-01 11:00:00,36,24,12
2018-12-01 12:00:00,30,15,15
2018-12-01 13:00:00,40,22,18
2018-12-01 14:00:00,38,24,14
2018-12-01 15:00:00,34,16,18
2018-12-01 16:00:00,26,15,11
2018-12-01 17:00:00,21,15,6
2018-12-01 18:00:00,20,10,10
2018-12-01 19:00:00,10,6,4
2018-12-01 20:00:00,14,9,5
2018-12-01 21:00:00,9,7,2
2018-12-01 22:00:00,5,3,2
2018-12-01 23:00:00,13,8,5
2018-12-02 00:00:00,1,1,0
2018-12-02 01:00:00,5,2,3
2018-12-02 02:00:00,6,2,4
2018-12-02 03:00:00,3,1,2
2018-12-02 04:00:00,0,0,0
2018-12-02 05:00:00,7,2,5
2018-12-02 06:00:00,5,2,3
2018-12-02 07:00:00,9,6,3
2018-12-02 08:00:00,18,9,9
2018-12-02 09:00:00,16,6,10
2018-12-02 10:00:00,33,18,15
2018-12-02 11:00:00,27,9,18
2018-12-02 12:00:00,23,17,6
2018-12-02 13:00:00,26,12,14
2018-12-02 14:00:00,50,26,24
2018-12-02 15:00:00,53,37,16
2018-12-02 16:00:00,41,14,27
2018-12-02 17:00:00,28,15,13
2018-12-02 18:00:00,12,7,5
2018-12-02 19:00:00,9,7,2
2018-12-02 20:00:00,11,6,5
2018-12-02 21:00:00,7,5,2
2018-12-02 22:00:00,8,6,2
2018-12-02 23:00:00,3,2,1
2018-12-03 00:00:00,0,0,0
2018-12-03 01:00:00,0,0,0
2018-12-03 02:00:00,1,1,0
2018-12-03 03:00:00,0,0,0
2018-12-03 04:00:00,6,4,2
2018-12-03 05:00:00,21,4,17
2018-12-03 06:00:00,66,13,53
2018-12-03 07:00:00,155,19,136
2018-12-03 08:00:00,337,34,303
2018-12-03 09:00:00,180,22,158
2018-12-03 10:00:00,74,10,64
2018-12-03 11:00:00,40,15,25
2018-12-03 12:00:00,39,18,21
2018-12-03 13:00:00,37,24,13
2018-12-03 14:00:00,54,32,22
2018-12-03 15:00:00,85,63,22
2018-12-03 16:00:00,170,146,24
2018-12-03 17:00:00,329,301,28
2018-12-03 18:00:00,185,168,17
2018-12-03 19:00:00,84,65,19
2018-12-03 20:00:00,36,28,8
2018-12-03 21:00:00,22,16,6
2018-12-03 22:00:00,12,8,4
2018-12-03 23:00:00,3,3,0
2018-12-04 00:00:00,1,1,0
2018-12-04 01:00:00,0,0,0
2018-12-04 02:00:00,1,1,0
2018-12-04 03:00:00,1,1,0
2018-12-04 04:00:00,5,2,3
2018-12-04 05:00:00,22,6,16
2018-12-04 06:00:00,70,10,60
2018-12-04 07:00:00,161,22,139
2018-12-04 08:00:00,287,28,259
2018-12-04 09:00:00,197,35,162
2018-12-04 10:00:00,72,13,59
2018-12-04 11:00:00,41,18,23
2018-12-04 12:00:00,35,16,19
2018-12-04 13:00:00,39,20,19
2018-12-04 14:00:00,37,22,15
2018-12-04 15:00:00,78,50,28
2018-12-04 16:00:00,193,173,20
2018-12-04 17:00:00,278,250,28
2018-12-04 18:00:00,177,152,25
2018-12-04 19:00:00,82,67,15
2018-12-04 20:00:00,36,27,9
2018-12-04 21:00:00,18,11,7
2018-12-04 22:00:00,8,7,1
2018-12-04 23:00:00,8,8,0
2018-12-05 00:00:00,0,0,0
2018-12-05 01:00:00,0,0,0
2018-12-05 02:00:00,1,1,0
2018-12-05 03:00:00,0,0,0
2018-12-05 04:00:00,3,1,2
2018-12-05 05:00:00,16,7,9
2018-12-05 06:00:00,56,8,48
2018-12-05 07:00:00,165,26,139
2018-12-05 08:00:00,264,25,239
2018-12-05 09:00:00,168,14,154
2018-12-05 10:00:00,68,18,50
2018-12-05 11:00:00,30,7,23
2018-12-05 12:00:00,36,17,19
2018-12-05 13:00:00,45,28,17
2018-12-05 14:00:00,56,30,26
2018-12-05 15:00:00,72,46,26
2018-12-05 16:00:00,156,141,15
2018-12-05 17:00:00,261,228,33
2018-12-05 18:00:00,178,151,27
2018-12-05 19:00:00,69,53,16
2018-12-05 20:00:00,40,29,11
2018-12-05 21:00:00,24,17,7
2018-12-05 22:00:00,24,19,5
2018-12-05 23:00:00,7,4,3
2018-12-06 00:00:00,2,2,0
2018-12-06 01:00:00,0,0,0
2018-12-06 02:00:00,0,0,0
2018-12-06 03:00:00,0,0,0
2018-12-06 04:00:00,3,2,1
2018-12-06 05:00:00,24,6,18
2018-12-06 06:00:00,50,6,44
2018-12-06 07:00:00,132,18,114
2018-12-06 08:00:00,266,18,248
2018-12-06 09:00:00,148,26,122
2018-12-06 10:00:00,62,19,43
2018-12-06 11:00:00,41,17,24
2018-12-06 12:00:00,27,21,6
2018-12-06 13:00:00,34,20,14
2018-12-06 14:00:00,55,36,19
2018-12-06 15:00:00,99,70,29
2018-12-06 16:00:00,168,138,30
2018-12-06 17:00:00,240,206,34
2018-12-06 18:00:00,159,134,25
2018-12-06 19:00:00,73,56,17
2018-12-06 20:00:00,45,34,11
2018-12-06 21:00:00,28,21,7
2018-12-06 22:00:00,11,10,1
2018-12-06 23:00:00,5,2,3
2018-12-07 00:00:00,4,3,1
2018-12-07 01:00:00,1,0,1
2018-12-07 02:00:00,1,1,0
2018-12-07 03:00:00,0,0,0
2018-12-07 04:00:00,5,3,2
2018-12-07 05:00:00,14,4,10
2018-12-07 06:00:00,43,7,36
2018-12-07 07:00:00,116,14,102
2018-12-07 08:00:00,244,27,217
2018-12-07 09:00:00,146,15,131
2018-12-07 10:00:00,61,15,46
2018-12-07 11:00:00,37,15,22
2018-12-07 12:00:00,39,16,23
2018-12-07 13:00:00,32,20,12
2018-12-07 14:00:00,57,40,17
2018-12-07 15:00:00,70,51,19
2018-12-07 16:00:00,190,162,28
2018-12-07 17:00:00,218,192,26
2018-12-07 18:00:00,104,87,17
2018-12-07 19:00:00,50,38,12
2018-12-07 20:00:00,21,16,5
2018-12-07 21:00:00,10,9,1
2018-12-07 22:00:00,13,11,2
2018-12-07 23:00:00,13,9,4
2018-12-08 00:00:00,6,3,3
2018-12-08 01:00:00,7,3,4
2018-12-08 02:00:00,2,0,2
2018-12-08 03:00:00,2,2,0
2018-12-08 04:00:00,3,2,1
2018-12-08 05:00:00,3,1,2
2018-12-08 06:00:00,7,4,3
2018-12-08 07:00:00,16,7,9
2018-12-08 08:00:00,23,13,10
2018-12-08 09:00:00,19,7,12
2018-12-08 10:00:00,23,11,12
2018-12-08 11:00:00,35,13,22
2018-12-08 12:00:00,36,18,18
2018-12-08 13:00:00,44,24,20
2018-12-08 14:00:00,61,32,29
2018-12-08 15:00:00,49,31,18
2018-12-08 16:00:00,43,21,22
2018-12-08 17:00:00,21,8,13
2018-12-08 18:00:00,16,9,7
2018-12-08 19:00:00,17,10,7
2018-12-08 20:00:00,4,2,2
2018-12-08 21:00:00,9,8,1
2018-12-08 22:00:00,7,6,1
2018-12-08 23:00:00,6,5,1
2018-12-09 00:00:00,7,4,3
2018-12-09 01:00:00,4,3,1
2018-12-09 02:00:00,1,0,1
2018-12-09 03:00:00,0,0,0
2018-12-09 04:00:00,2,1,1
2018-12-09 05:00:00,3,1,2
2018-12-09 06:00:00,6,2,4
2018-12-09 07:00:00,8,5,3
2018-12-09 08:00:00,19,11,8
2018-12-09 09:00:00,12,6,6
2018-12-09 10:00:00,13,6,7
2018-12-09 11:00:00,13,6,7
2018-12-09 12:00:00,9,6,3
2018-12-09 13:00:00,9,8,1
2018-12-09 14:00:00,11,5,6
2018-12-09 15:00:00,5,4,1
2018-12-09 16:00:00,9,5,4
2018-12-09 17:00:00,10,8,2
2018-12-09 18:00:00,6,3,3
2018-12-09 19:00:00,4,3,1
2018-12-09 20:00:00,7,1,6
2018-12-09 21:00:00,1,1,0
2018-12-09 22:00:00,3,2,1
2018-12-09 23:00:00,1,0,1
2018-12-10 00:00:00,2,2,0
2018-12-10 01:00:00,0,0,0
2018-12-10 02:00:00,0,0,0
2018-12-10 03:00:00,0,0,0
2018-12-10 04:00:00,6,4,2
2018-12-10 05:00:00,18,2,16
2018-12-10 06:00:00,59,7,52
2018-12-10 07:00:00,152,15,137
2018-12-10 08:00:00,272,20,252
2018-12-10 09:00:00,166,25,141
2018-12-10 10:00:00,50,9,41
2018-12-10 11:00:00,30,8,22
2018-12-10 12:00:00,28,11,17
2018-12-10 13:00:00,38,23,15
2018-12-10 14:00:00,51,34,17
2018-12-10 15:00:00,71,55,16
2018-12-10 16:00:00,183,149,34
2018-12-10 17:00:00,313,287,26
2018-12-10 18:00:00,164,150,14
2018-12-10 19:00:00,61,45,16
2018-12-10 20:00:00,31,22,9
2018-12-10 21:00:00,19,15,4
2018-12-10 22:00:00,11,10,1
2018-12-10 23:00:00,4,3,1
2018-12-11 00:00:00,4,4,0
2018-12-11 01:00:00,1,1,0
2018-12-11 02:00:00,0,0,0
2018-12-11 03:00:00,0,0,0
2018-12-11 04:00:00,6,3,3
2018-12-11 05:00:00,14,3,11
2018-12-11 06:00:00,50,9,41
2018-12-11 07:00:00,137,17,120
2018-12-11 08:00:00,219,24,195
2018-12-11 09:00:00,127,15,112
2018-12-11 10:00:00,51,11,40
2018-12-11 11:00:00,18,4,14
2018-12-11 12:00:00,12,5,7
2018-12-11 13:00:00,13,8,5
2018-12-11 14:00:00,17,14,3
2018-12-11 15:00:00,40,32,8
2018-12-11 16:00:00,143,130,13
2018-12-11 17:00:00,223,204,19
2018-12-11 18:00:00,128,108,20
2018-12-11 19:00:00,40,32,8
2018-12-11 20:00:00,30,24,6
2018-12-11 21:00:00,13,8,5
2018-12-11 22:00:00,13,10,3
2018-12-11 23:00:00,2,1,1
2018-12-12 00:00:00,5,4,1
2018-12-12 01:00:00,2,0,2
2018-12-12 02:00:00,1,1,0
2018-12-12 03:00:00,0,0,0
2018-12-12 04:00:00,8,4,4
2018-12-12 05:00:00,19,7,12
2018-12-12 06:00:00,54,6,48
2018-12-12 07:00:00,177,24,153
2018-12-12 08:00:00,259,27,232
2018-12-12 09:00:00,129,23,106
2018-12-12 10:00:00,58,11,47
2018-12-12 11:00:00,37,13,24
2018-12-12 12:00:00,33,17,16
2018-12-12 13:00:00,40,28,12
2018-12-12 14:00:00,62,28,34
2018-12-12 15:00:00,74,53,21
2018-12-12 16:00:00,147,120,27
2018-12-12 17:00:00,280,252,28
2018-12-12 18:00:00,155,133,22
2018-12-12 19:00:00,64,47,17
2018-12-12 20:00:00,31,27,4
2018-12-12 21:00:00,22,17,5
2018-12-12 22:00:00,7,6,1
2018-12-12 23:00:00,5,3,2
2018-12-13 00:00:00,5,5,0
2018-12-13 01:00:00,1,1,0
2018-12-13 02:00:00,0,0,0
2018-12-13 03:00:00,1,1,0
2018-12-13 04:00:00,5,2,3
2018-12-13 05:00:00,18,4,14
2018-12-13 06:00:00,39,3,36
2018-12-13 07:00:00,126,14,112
2018-12-13 08:00:00,241,20,221
2018-12-13 09:00:00,126,20,106
2018-12-13 10:00:00,46,8,38
2018-12-13 11:00:00,33,10,23
2018-12-13 12:00:00,16,11,5
2018-12-13 13:00:00,23,10,13
2018-12-13 14:00:00,31,17,14
2018-12-13 15:00:00,60,47,13
2018-12-13 16:00:00,105,92,13
2018-12-13 17:00:00,243,217,26
2018-12-13 18:00:00,141,127,14
2018-12-13 19:00:00,72,60,12
2018-12-13 20:00:00,34,24,10
2018-12-13 21:00:00,22,18,4
2018-12-13 22:00:00,11,8,3
2018-12-13 23:00:00,7,2,5
2018-12-14 00:00:00,4,3,1
2018-12-14 01:00:00,2,2,0
2018-12-14 02:00:00,1,1,0
2018-12-14 03:00:00,3,3,0
2018-12-14 04:00:00,6,3,3
2018-12-14 05:00:00,18,6,12
2018-12-14 06:00:00,42,7,35
2018-12-14 07:00:00,130,18,112
2018-12-14 08:00:00,226,20,206
2018-12-14 09:00:00,145,19,126
2018-12-14 10:00:00,49,11,38
2018-12-14 11:00:00,42,16,26
2018-12-14 12:00:00,32,15,17
2018-12-14 13:00:00,40,21,19
2018-12-14 14:00:00,40,27,13
2018-12-14 15:00:00,70,49,21
2018-12-14 16:00:00,177,149,28
2018-12-14 17:00:00,227,209,18
2018-12-14 18:00:00,114,92,22
2018-12-14 19:00:00,39,31,8
2018-12-14 20:00:00,22,15,7
2018-12-14 21:00:00,25,21,4
2018-12-14 22:00:00,11,7,4
2018-12-14 23:00:00,10,7,3
2018-12-15 00:00:00,9,5,4
2018-12-15 01:00:00,4,3,1
2018-12-15 02:00:00,3,3,0
2018-12-15 03:00:00,4,2,2
2018-12-15 04:00:00,3,2,1
2018-12-15 05:00:00,2,0,2
2018-12-15 06:00:00,4,3,1
2018-12-15 07:00:00,14,8,6
2018-12-15 08:00:00,26,16,10
2018-12-15 09:00:00,33,19,14
2018-12-15 10:00:00,36,12,24
2018-12-15 11:00:00,59,29,30
2018-12-15 12:00:00,67,32,35
2018-12-15 13:00:00,69,51,18
2018-12-15 14:00:00,85,45,40
2018-12-15 15:00:00,57,30,27
2018-12-15 16:00:00,56,33,23
2018-12-15 17:00:00,36,18,18
2018-12-15 18:00:00,31,13,18
2018-12-15 19:00:00,21,12,9
2018-12-15 20:00:00,10,7,3
2018-12-15 21:00:00,8,4,4
2018-12-15 22:00:00,9,5,4
2018-12-15 23:00:00,8,5,3
2018-12-16 00:00:00,2,2,0
2018-12-16 01:00:00,2,1,1
2018-12-16 02:00:00,1,0,1
2018-12-16 03:00:00,2,0,2
2018-12-16 04:00:00,1,0,1
2018-12-16 05:00:00,4,1,3
2018-12-16 06:00:00,1,1,0
2018-12-16 07:00:00,2,1,1
2018-12-16 08:00:00,10,4,6
2018-12-16 09:00:00,7,3,4
2018-12-16 10:00:00,12,7,5
2018-12-16 11:00:00,18,11,7
2018-12-16 12:00:00,21,11,10
2018-12-16 13:00:00,22,6,16
2018-12-16 14:00:00,16,11,5
2018-12-16 15:00:00,5,4,1
2018-12-16 16:00:00,14,6,8
2018-12-16 17:00:00,14,8,6
2018-12-16 18:00:00,9,4,5
2018-12-16 19:00:00,5,2,3
2018-12-16 20:00:00,4,3,1
2018-12-16 21:00:00,2,1,1
2018-12-16 22:00:00,5,3,2
2018-12-16 23:00:00,1,1,0
2018-12-17 00:00:00,2,1,1
2018-12-17 01:00:00,2,2,0
2018-12-17 02:00:00,0,0,0
2018-12-17 03:00:00,0,0,0
2018-12-17 04:00:00,8,2,6
2018-12-17 05:00:00,13,3,10
2018-12-17 06:00:00,55,11,44
2018-12-17 07:00:00,149,20,129
2018-12-17 08:00:00,243,20,223
2018-12-17 09:00:00,160,28,132
2018-12-17 10:00:00,74,16,58
2018-12-17 11:00:00,34,14,20
2018-12-17 12:00:00,27,10,17
2018-12-17 13:00:00,33,24,9
2018-12-17 14:00:00,40,27,13
2018-12-17 15:00:00,72,58,14
2018-12-17 16:00:00,123,108,15
2018-12-17 17:00:00,242,220,22
2018-12-17 18:00:00,138,125,13
2018-12-17 19:00:00,47,39,8
2018-12-17 20:00:00,23,19,4
2018-12-17 21:00:00,7,5,2
2018-12-17 22:00:00,4,3,1
2018-12-17 23:00:00,3,2,1
2018-12-18 00:00:00,3,3,0
2018-12-18 01:00:00,2,0,2
2018-12-18 02:00:00,0,0,0
2018-12-18 03:00:00,1,0,1
2018-12-18 04:00:00,5,1,4
2018-12-18 05:00:00,17,5,12
2018-12-18 06:00:00,35,4,31
2018-12-18 07:00:00,109,15,94
2018-12-18 08:00:00,222,18,204
2018-12-18 09:00:00,142,18,124
2018-12-18 10:00:00,50,6,44
2018-12-18 11:00:00,29,13,16
2018-12-18 12:00:00,24,11,13
2018-12-18 13:00:00,15,8,7
2018-12-18 14:00:00,20,15,5
2018-12-18 15:00:00,60,48,12
2018-12-18 16:00:00,130,117,13
2018-12-18 17:00:00,178,164,14
2018-12-18 18:00:00,150,135,15
2018-12-18 19:00:00,50,43,7
2018-12-18 20:00:00,20,14,6
2018-12-18 21:00:00,17,14,3
2018-12-18 22:00:00,11,8,3
2018-12-18 23:00:00,4,3,1
2018-12-19 00:00:00,2,1,1
2018-12-19 01:00:00,1,1,0
2018-12-19 02:00:00,1,0,1
2018-12-19 03:00:00,1,1,0
2018-12-19 04:00:00,6,4,2
2018-12-19 05:00:00,20,3,17
2018-12-19 06:00:00,50,7,43
2018-12-19 07:00:00,139,16,123
2018-12-19 08:00:00,250,19,231
2018-12-19 09:00:00,119,19,100
2018-12-19 10:00:00,54,7,47
2018-12-19 11:00:00,30,6,24
2018-12-19 12:00:00,22,11,11
2018-12-19 13:00:00,26,18,8
2018-12-19 14:00:00,31,19,12
2018-12-19 15:00:00,69,51,18
2018-12-19 16:00:00,141,123,18
2018-12-19 17:00:00,252,230,22
2018-12-19 18:00:00,142,130,12
2018-12-19 19:00:00,56,45,11
2018-12-19 20:00:00,40,29,11
2018-12-19 21:00:00,19,16,3
2018-12-19 22:00:00,13,8,5
2018-12-19 23:00:00,5,4,1
2018-12-20 00:00:00,2,1,1
2018-12-20 01:00:00,4,3,1
2018-12-20 02:00:00,0,0,0
2018-12-20 03:00:00,0,0,0
2018-12-20 04:00:00,3,1,2
2018-12-20 05:00:00,16,6,10
2018-12-20 06:00:00,31,5,26
2018-12-20 07:00:00,82,7,75
2018-12-20 08:00:00,142,16,126
2018-12-20 09:00:00,86,16,70
2018-12-20 10:00:00,37,7,30
2018-12-20 11:00:00,22,11,11
2018-12-20 12:00:00,22,14,8
2018-12-20 13:00:00,15,7,8
2018-12-20 14:00:00,23,19,4
2018-12-20 15:00:00,40,29,11
2018-12-20 16:00:00,93,75,18
2018-12-20 17:00:00,157,139,18
2018-12-20 18:00:00,96,89,7
2018-12-20 19:00:00,46,38,8
2018-12-20 20:00:00,19,12,7
2018-12-20 21:00:00,18,10,8
2018-12-20 22:00:00,14,13,1
2018-12-20 23:00:00,5,4,1
2018-12-21 00:00:00,1,1,0
2018-12-21 01:00:00,1,1,0
2018-12-21 02:00:00,0,0,0
2018-12-21 03:00:00,1,1,0
2018-12-21 04:00:00,6,3,3
2018-12-21 05:00:00,16,4,12
2018-12-21 06:00:00,25,3,22
2018-12-21 07:00:00,81,8,73
2018-12-21 08:00:00,170,18,152
2018-12-21 09:00:00,123,23,100
2018-12-21 10:00:00,54,9,45
2018-12-21 11:00:00,41,14,27
2018-12-21 12:00:00,40,31,9
2018-12-21 13:00:00,50,31,19
2018-12-21 14:00:00,63,44,19
2018-12-21 15:00:00,106,89,17
2018-12-21 16:00:00,152,126,26
2018-12-21 17:00:00,141,125,16
2018-12-21 18:00:00,63,53,10
2018-12-21 19:00:00,29,23,6
2018-12-21 20:00:00,23,17,6
2018-12-21 21:00:00,8,5,3
2018-12-21 22:00:00,7,7,0
2018-12-21 23:00:00,8,4,4
2018-12-22 00:00:00,8,2,6
2018-12-22 01:00:00,3,2,1
2018-12-22 02:00:00,1,1,0
2018-12-22 03:00:00,2,2,0
2018-12-22 04:00:00,2,1,1
2018-12-22 05:00:00,5,0,5
2018-12-22 06:00:00,8,4,4
2018-12-22 07:00:00,10,5,5
2018-12-22 08:00:00,12,5,7
2018-12-22 09:00:00,21,11,10
2018-12-22 10:00:00,22,11,11
2018-12-22 11:00:00,25,6,19
2018-12-22 12:00:00,37,19,18
2018-12-22 13:00:00,27,14,13
2018-12-22 14:00:00,35,19,16
2018-12-22 15:00:00,30,16,14
2018-12-22 16:00:00,20,9,11
2018-12-22 17:00:00,18,5,13
2018-12-22 18:00:00,4,3,1
2018-12-22 19:00:00,7,5,2
2018-12-22 20:00:00,6,5,1
2018-12-22 21:00:00,3,1,2
2018-12-22 22:00:00,2,2,0
2018-12-22 23:00:00,4,3,1
2018-12-23 00:00:00,2,2,0
2018-12-23 01:00:00,2,1,1
2018-12-23 02:00:00,2,2,0
2018-12-23 03:00:00,0,0,0
2018-12-23 04:00:00,2,0,2
2018-12-23 05:00:00,3,0,3
2018-12-23 06:00:00,0,0,0
2018-12-23 07:00:00,2,0,2
2018-12-23 08:00:00,3,3,0
2018-12-23 09:00:00,6,2,4
2018-12-23 10:00:00,7,5,2
2018-12-23 11:00:00,27,10,17
2018-12-23 12:00:00,24,11,13
2018-12-23 13:00:00,16,13,3
2018-12-23 14:00:00,28,11,17
2018-12-23 15:00:00,25,12,13
2018-12-23 16:00:00,20,5,15
2018-12-23 17:00:00,12,8,4
2018-12-23 18:00:00,8,3,5
2018-12-23 19:00:00,9,6,3
2018-12-23 20:00:00,6,2,4
2018-12-23 21:00:00,2,2,0
2018-12-23 22:00:00,4,2,2
2018-12-23 23:00:00,4,3,1
2018-12-24 00:00:00,2,1,1
2018-12-24 01:00:00,3,1,2
2018-12-24 02:00:00,0,0,0
2018-12-24 03:00:00,0,0,0
2018-12-24 04:00:00,2,1,1
2018-12-24 05:00:00,8,2,6
2018-12-24 06:00:00,10,0,10
2018-12-24 07:00:00,20,5,15
2018-12-24 08:00:00,46,6,40
2018-12-24 09:00:00,19,4,15
2018-12-24 10:00:00,17,10,7
2018-12-24 11:00:00,40,19,21
2018-12-24 12:00:00,23,14,9
2018-12-24 13:00:00,50,33,17
2018-12-24 14:00:00,56,38,18
2018-12-24 15:00:00,50,33,17
2018-12-24 16:00:00,34,27,7
2018-12-24 17:00:00,13,10,3
2018-12-24 18:00:00,7,4,3
2018-12-24 19:00:00,4,2,2
2018-12-24 20:00:00,1,1,0
2018-12-24 21:00:00,4,2,2
2018-12-24 22:00:00,2,2,0
2018-12-24 23:00:00,0,0,0
2018-12-25 00:00:00,2,1,1
2018-12-25 01:00:00,3,1,2
2018-12-25 02:00:00,0,0,0
2018-12-25 03:00:00,0,0,0
2018-12-25 04:00:00,0,0,0
2018-12-25 05:00:00,0,0,0
2018-12-25 06:00:00,0,0,0
2018-12-25 07:00:00,5,2,3
2018-12-25 08:00:00,0,0,0
2018-12-25 09:00:00,11,6,5
2018-12-25 10:00:00,5,2,3
2018-12-25 11:00:00,8,4,4
2018-12-25 12:00:00,12,1,11
2018-12-25 13:00:00,22,15,7
2018-12-25 14:00:00,17,11,6
2018-12-25 15:00:00,12,7,5
2018-12-25 16:00:00,5,3,2
2018-12-25 17:00:00,13,5,8
2018-12-25 18:00:00,4,1,3
2018-12-25 19:00:00,5,3,2
2018-12-25 20:00:00,5,5,0
2018-12-25 21:00:00,5,4,1
2018-12-25 22:00:00,1,1,0
2018-12-25 23:00:00,1,0,1
2018-12-26 00:00:00,0,0,0
2018-12-26 01:00:00,0,0,0
2018-12-26 02:00:00,0,0,0
2018-12-26 03:00:00,0,0,0
2018-12-26 04:00:00,5,1,4
2018-12-26 05:00:00,11,3,8
2018-12-26 06:00:00,24,6,18
2018-12-26 07:00:00,39,5,34
2018-12-26 08:00:00,60,3,57
2018-12-26 09:00:00,29,4,25
2018-12-26 10:00:00,16,5,11
2018-12-26 11:00:00,13,5,8
2018-12-26 12:00:00,22,7,15
2018-12-26 13:00:00,22,13,9
2018-12-26 14:00:00,23,14,9
2018-12-26 15:00:00,21,16,5
2018-12-26 16:00:00,64,50,14
2018-12-26 17:00:00,51,44,7
2018-12-26 18:00:00,31,26,5
2018-12-26 19:00:00,13,11,2
2018-12-26 20:00:00,8,6,2
2018-12-26 21:00:00,6,3,3
2018-12-26 22:00:00,3,3,0
2018-12-26 23:00:00,3,3,0
2018-12-27 00:00:00,2,0,2
2018-12-27 01:00:00,3,3,0
2018-12-27 02:00:00,0,0,0
2018-12-27 03:00:00,0,0,0
2018-12-27 04:00:00,2,1,1
2018-12-27 05:00:00,13,2,11
2018-12-27 06:00:00,29,5,24
2018-12-27 07:00:00,50,5,45
2018-12-27 08:00:00,99,8,91
2018-12-27 09:00:00,77,16,61
2018-12-27 10:00:00,26,7,19
2018-12-27 11:00:00,39,12,27
2018-12-27 12:00:00,42,14,28
2018-12-27 13:00:00,35,19,16
2018-12-27 14:00:00,50,34,16
2018-12-27 15:00:00,82,61,21
2018-12-27 16:00:00,91,77,14
2018-12-27 17:00:00,98,92,6
2018-12-27 18:00:00,47,38,9
2018-12-27 19:00:00,23,18,5
2018-12-27 20:00:00,19,15,4
2018-12-27 21:00:00,7,4,3
2018-12-27 22:00:00,10,8,2
2018-12-27 23:00:00,1,1,0
2018-12-28 00:00:00,0,0,0
2018-12-28 01:00:00,1,1,0
2018-12-28 02:00:00,1,0,1
2018-12-28 03:00:00,0,0,0
2018-12-28 04:00:00,5,3,2
2018-12-28 05:00:00,11,4,7
2018-12-28 06:00:00,21,3,18
2018-12-28 07:00:00,37,6,31
2018-12-28 08:00:00,70,11,59
2018-12-28 09:00:00,35,5,30
2018-12-28 10:00:00,26,8,18
2018-12-28 11:00:00,16,6,10
2018-12-28 12:00:00,15,6,9
2018-12-28 13:00:00,15,13,2
2018-12-28 14:00:00,22,14,8
2018-12-28 15:00:00,38,27,11
2018-12-28 16:00:00,52,45,7
2018-12-28 17:00:00,64,58,6
2018-12-28 18:00:00,22,18,4
2018-12-28 19:00:00,18,14,4
2018-12-28 20:00:00,8,7,1
2018-12-28 21:00:00,9,7,2
2018-12-28 22:00:00,6,6,0
2018-12-28 23:00:00,3,2,1
2018-12-29 00:00:00,6,6,0
2018-12-29 01:00:00,1,0,1
2018-12-29 02:00:00,3,2,1
2018-12-29 03:00:00,1,1,0
2018-12-29 04:00:00,2,0,2
2018-12-29 05:00:00,5,2,3
2018-12-29 06:00:00,3,2,1
2018-12-29 07:00:00,13,5,8
2018-12-29 08:00:00,8,3,5
2018-12-29 09:00:00,12,5,7
2018-12-29 10:00:00,16,14,2
2018-12-29 11:00:00,22,12,10
2018-12-29 12:00:00,12,4,8
2018-12-29 13:00:00,18,13,5
2018-12-29 14:00:00,14,5,9
2018-12-29 15:00:00,9,5,4
2018-12-29 16:00:00,8,4,4
2018-12-29 17:00:00,9,7,2
2018-12-29 18:00:00,7,6,1
2018-12-29 19:00:00,4,3,1
2018-12-29 20:00:00,5,4,1
2018-12-29 21:00:00,3,2,1
2018-12-29 22:00:00,2,1,1
2018-12-29 23:00:00,5,4,1
2018-12-30 00:00:00,4,2,2
2018-12-30 01:00:00,1,0,1
2018-12-30 02:00:00,2,1,1
2018-12-30 03:00:00,0,0,0
2018-12-30 04:00:00,2,1,1
2018-12-30 05:00:00,5,3,2
2018-12-30 06:00:00,6,2,4
2018-12-30 07:00:00,10,5,5
2018-12-30 08:00:00,16,3,13
2018-12-30 09:00:00,10,4,6
2018-12-30 10:00:00,18,9,9
2018-12-30 11:00:00,34,15,19
2018-12-30 12:00:00,50,30,20
2018-12-30 13:00:00,55,35,20
2018-12-30 14:00:00,43,20,23
2018-12-30 15:00:00,74,43,31
2018-12-30 16:00:00,41,21,20
2018-12-30 17:00:00,25,17,8
2018-12-30 18:00:00,9,6,3
2018-12-30 19:00:00,10,7,3
2018-12-30 20:00:00,14,9,5
2018-12-30 21:00:00,6,3,3
2018-12-30 22:00:00,2,2,0
2018-12-30 23:00:00,4,2,2
2018-12-31 00:00:00,3,3,0
2018-12-31 01:00:00,2,1,1
2018-12-31 02:00:00,1,0,1
2018-12-31 03:00:00,0,0,0
2018-12-31 04:00:00,4,2,2
2018-12-31 05:00:00,18,5,13
2018-12-31 06:00:00,18,2,16
2018-12-31 07:00:00,40,7,33
2018-12-31 08:00:00,64,5,59
2018-12-31 09:00:00,35,5,30
2018-12-31 10:00:00,22,5,17
2018-12-31 11:00:00,27,11,16
2018-12-31 12:00:00,34,13,21
2018-12-31 13:00:00,53,36,17
2018-12-31 14:00:00,56,39,17
2018-12-31 15:00:00,59,43,16
2018-12-31 16:00:00,86,71,15
2018-12-31 17:00:00,43,29,14
2018-12-31 18:00:00,25,13,12
2018-12-31 19:00:00,11,8,3
2018-12-31 20:00:00,12,8,4
2018-12-31 21:00:00,19,6,13
2018-12-31 22:00:00,11,4,7
2018-12-31 23:00:00,13,1,12
2019-01-01 00:00:00,15,12,3
2019-01-01 01:00:00,20,19,1
2019-01-01 02:00:00,14,12,2
2019-01-01 03:00:00,1,0,1
2019-01-01 04:00:00,2,2,0
2019-01-01 05:00:00,3,1,2
2019-01-01 06:00:00,6,2,4
2019-01-01 07:00:00,6,4,2
2019-01-01 08:00:00,10,4,6
2019-01-01 09:00:00,10,4,6
2019-01-01 10:00:00,12,4,8
2019-01-01 11:00:00,19,9,10
2019-01-01 12:00:00,38,24,14
2019-01-01 13:00:00,53,33,20
2019-01-01 14:00:00,55,23,32
2019-01-01 15:00:00,50,27,23
2019-01-01 16:00:00,33,12,21
2019-01-01 17:00:00,38,20,18
2019-01-01 18:00:00,11,6,5
2019-01-01 19:00:00,7,5,2
2019-01-01 20:00:00,4,1,3
2019-01-01 21:00:00,9,2,7
2019-01-01 22:00:00,3,3,0
2019-01-01 23:00:00,3,2,1
2019-01-02 00:00:00,2,0,2
2019-01-02 01:00:00,0,0,0
2019-01-02 02:00:00,0,0,0
2019-01-02 03:00:00,1,0,1
2019-01-02 04:00:00,7,4,3
2019-01-02 05:00:00,18,5,13
2019-01-02 06:00:00,46,11,35
2019-01-02 07:00:00,126,12,114
2019-01-02 08:00:00,243,24,219
2019-01-02 09:00:00,153,31,122
2019-01-02 10:00:00,47,11,36
2019-01-02 11:00:00,31,9,22
2019-01-02 12:00:00,32,16,16
2019-01-02 13:00:00,39,23,16
2019-01-02 14:00:00,45,25,20
2019-01-02 15:00:00,66,46,20
2019-01-02 16:00:00,145,128,17
2019-01-02 17:00:00,278,243,35
2019-01-02 18:00:00,143,121,22
2019-01-02 19:00:00,48,41,7
2019-01-02 20:00:00,15,13,2
2019-01-02 21:00:00,15,13,2
2019-01-02 22:00:00,9,8,1
2019-01-02 23:00:00,1,0,1
2019-01-03 00:00:00,0,0,0
2019-01-03 01:00:00,0,0,0
2019-01-03 02:00:00,0,0,0
2019-01-03 03:00:00,0,0,0
2019-01-03 04:00:00,0,0,0
2019-01-03 05:00:00,23,6,17
2019-01-03 06:00:00,30,2,28
2019-01-03 07:00:00,96,7,89
2019-01-03 08:00:00,181,25,156
2019-01-03 09:00:00,117,12,105
2019-01-03 10:00:00,42,8,34
2019-01-03 11:00:00,26,8,18
2019-01-03 12:00:00,24,9,15
2019-01-03 13:00:00,23,12,11
2019-01-03 14:00:00,23,19,4
2019-01-03 15:00:00,45,30,15
2019-01-03 16:00:00,103,91,12
2019-01-03 17:00:00,199,177,22
2019-01-03 18:00:00,107,99,8
2019-01-03 19:00:00,33,31,2
2019-01-03 20:00:00,30,23,7
2019-01-03 21:00:00,8,7,1
2019-01-03 22:00:00,5,4,1
2019-01-03 23:00:00,1,1,0
2019-01-04 00:00:00,1,1,0
2019-01-04 01:00:00,0,0,0
2019-01-04 02:00:00,0,0,0
2019-01-04 03:00:00,1,0,1
2019-01-04 04:00:00,3,3,0
2019-01-04 05:00:00,16,4,12
2019-01-04 06:00:00,37,5,32
2019-01-04 07:00:00,108,15,93
2019-01-04 08:00:00,222,21,201
2019-01-04 09:00:00,160,21,139
2019-01-04 10:00:00,44,9,35
2019-01-04 11:00:00,40,17,23
2019-01-04 12:00:00,29,15,14
2019-01-04 13:00:00,29,15,14
2019-01-04 14:00:00,50,31,19
2019-01-04 15:00:00,79,58,21
2019-01-04 16:00:00,155,126,29
2019-01-04 17:00:00,215,185,30
2019-01-04 18:00:00,116,99,17
2019-01-04 19:00:00,44,32,12
2019-01-04 20:00:00,22,16,6
2019-01-04 21:00:00,16,12,4
2019-01-04 22:00:00,8,7,1
2019-01-04 23:00:00,17,14,3
2019-01-05 00:00:00,5,2,3
2019-01-05 01:00:00,0,0,0
2019-01-05 02:00:00,1,1,0
2019-01-05 03:00:00,0,0,0
2019-01-05 04:00:00,1,1,0
2019-01-05 05:00:00,11,2,9
2019-01-05 06:00:00,5,3,2
2019-01-05 07:00:00,11,5,6
2019-01-05 08:00:00,36,17,19
2019-01-05 09:00:00,15,8,7
2019-01-05 10:00:00,32,12,20
2019-01-05 11:00:00,43,20,23
2019-01-05 12:00:00,60,14,46
2019-01-05 13:00:00,53,32,21
2019-01-05 14:00:00,79,41,38
2019-01-05 15:00:00,52,27,25
2019-01-05 16:00:00,51,29,22
2019-01-05 17:00:00,19,16,3
2019-01-05 18:00:00,20,8,12
2019-01-05 19:00:00,12,6,6
2019-01-05 20:00:00,6,4,2
2019-01-05 21:00:00,13,12,1
2019-01-05 22:00:00,2,1,1
2019-01-05 23:00:00,7,4,3
2019-01-06 00:00:00,5,5,0
2019-01-06 01:00:00,0,0,0
2019-01-06 02:00:00,0,0,0
2019-01-06 03:00:00,0,0,0
2019-01-06 04:00:00,2,1,1
2019-01-06 05:00:00,2,0,2
2019-01-06 06:00:00,1,0,1
2019-01-06 07:00:00,5,2,3
2019-01-06 08:00:00,14,10,4
2019-01-06 09:00:00,19,11,8
2019-01-06 10:00:00,23,9,14
2019-01-06 11:00:00,33,17,16
2019-01-06 12:00:00,56,28,28
2019-01-06 13:00:00,50,33,17
2019-01-06 14:00:00,50,30,20
2019-01-06 15:00:00,42,14,28
2019-01-06 16:00:00,27,11,16
2019-01-06 17:00:00,19,10,9
2019-01-06 18:00:00,19,8,11
2019-01-06 19:00:00,2,2,0
2019-01-06 20:00:00,4,3,1
2019-01-06 21:00:00,5,4,1
2019-01-06 22:00:00,1,1,0
2019-01-06 23:00:00,1,1,0
2019-01-07 00:00:00,0,0,0
2019-01-07 01:00:00,0,0,0
2019-01-07 02:00:00,1,1,0
2019-01-07 03:00:00,1,0,1
2019-01-07 04:00:00,7,5,2
2019-01-07 05:00:00,20,5,15
2019-01-07 06:00:00,56,11,45
2019-01-07 07:00:00,193,22,171
2019-01-07 08:00:00,306,22,284
2019-01-07 09:00:00,179,35,144
2019-01-07 10:00:00,67,20,47
2019-01-07 11:00:00,35,11,24
2019-01-07 12:00:00,31,16,15
2019-01-07 13:00:00,45,24,21
2019-01-07 14:00:00,41,27,14
2019-01-07 15:00:00,89,65,24
2019-01-07 16:00:00,189,159,30
2019-01-07 17:00:00,360,317,43
2019-01-07 18:00:00,180,156,24
2019-01-07 19:00:00,67,52,15
2019-01-07 20:00:00,30,20,10
2019-01-07 21:00:00,20,13,7
2019-01-07 22:00:00,12,9,3
2019-01-07 23:00:00,3,2,1
2019-01-08 00:00:00,2,2,0
2019-01-08 01:00:00,0,0,0
2019-01-08 02:00:00,0,0,0
2019-01-08 03:00:00,0,0,0
2019-01-08 04:00:00,4,1,3
2019-01-08 05:00:00,18,5,13
2019-01-08 06:00:00,47,7,40
2019-01-08 07:00:00,162,19,143
2019-01-08 08:00:00,252,26,226
2019-01-08 09:00:00,134,22,112
2019-01-08 10:00:00,62,11,51
2019-01-08 11:00:00,27,9,18
2019-01-08 12:00:00,24,12,12
2019-01-08 13:00:00,15,12,3
2019-01-08 14:00:00,17,13,4
2019-01-08 15:00:00,48,37,11
2019-01-08 16:00:00,140,125,15
2019-01-08 17:00:00,287,260,27
2019-01-08 18:00:00,144,128,16
2019-01-08 19:00:00,54,48,6
2019-01-08 20:00:00,20,10,10
2019-01-08 21:00:00,17,14,3
2019-01-08 22:00:00,11,7,4
2019-01-08 23:00:00,3,0,3
2019-01-09 00:00:00,0,0,0
2019-01-09 01:00:00,1,1,0
2019-01-09 02:00:00,0,0,0
2019-01-09 03:00:00,0,0,0
2019-01-09 04:00:00,7,5,2
2019-01-09 05:00:00,20,4,16
2019-01-09 06:00:00,51,12,39
2019-01-09 07:00:00,136,16,120
2019-01-09 08:00:00,242,21,221
2019-01-09 09:00:00,152,16,136
2019-01-09 10:00:00,57,12,45
2019-01-09 11:00:00,31,13,18
2019-01-09 12:00:00,21,8,13
2019-01-09 13:00:00,25,16,9
2019-01-09 14:00:00,34,21,13
2019-01-09 15:00:00,65,49,16
2019-01-09 16:00:00,138,119,19
2019-01-09 17:00:00,254,227,27
2019-01-09 18:00:00,155,131,24
2019-01-09 19:00:00,63,47,16
2019-01-09 20:00:00,28,23,5
2019-01-09 21:00:00,17,14,3
2019-01-09 22:00:00,7,4,3
2019-01-09 23:00:00,5,4,1
2019-01-10 00:00:00,1,0,1
2019-01-10 01:00:00,1,1,0
2019-01-10 02:00:00,0,0,0
2019-01-10 03:00:00,0,0,0
2019-01-10 04:00:00,6,2,4
2019-01-10 05:00:00,18,5,13
2019-01-10 06:00:00,49,9,40
2019-01-10 07:00:00,172,22,150
2019-01-10 08:00:00,295,27,268
2019-01-10 09:00:00,160,26,134
2019-01-10 10:00:00,58,14,44
2019-01-10 11:00:00,32,10,22
2019-01-10 12:00:00,26,13,13
2019-01-10 13:00:00,33,16,17
2019-01-10 14:00:00,36,27,9
2019-01-10 15:00:00,62,45,17
2019-01-10 16:00:00,164,132,32
2019-01-10 17:00:00,322,283,39
2019-01-10 18:00:00,185,143,42
2019-01-10 19:00:00,79,63,16
2019-01-10 20:00:00,53,39,14
2019-01-10 21:00:00,33,22,11
2019-01-10 22:00:00,16,8,8
2019-01-10 23:00:00,10,4,6
2019-01-11 00:00:00,13,1,12
2019-01-11 01:00:00,3,3,0
2019-01-11 02:00:00,1,0,1
2019-01-11 03:00:00,1,0,1
2019-01-11 04:00:00,9,6,3
2019-01-11 05:00:00,13,3,10
2019-01-11 06:00:00,47,6,41
2019-01-11 07:00:00,136,18,118
2019-01-11 08:00:00,297,26,271
2019-01-11 09:00:00,188,33,155
2019-01-11 10:00:00,71,19,52
2019-01-11 11:00:00,35,10,25
2019-01-11 12:00:00,54,22,32
2019-01-11 13:00:00,47,31,16
2019-01-11 14:00:00,60,42,18
2019-01-11 15:00:00,97,75,22
2019-01-11 16:00:00,227,183,44
2019-01-11 17:00:00,320,278,42
2019-01-11 18:00:00,123,110,13
2019-01-11 19:00:00,69,51,18
2019-01-11 20:00:00,35,26,9
2019-01-11 21:00:00,30,16,14
2019-01-11 22:00:00,18,13,5
2019-01-11 23:00:00,11,6,5
2019-01-12 00:00:00,11,7,4
2019-01-12 01:00:00,6,3,3
2019-01-12 02:00:00,9,5,4
2019-01-12 03:00:00,1,1,0
2019-01-12 04:00:00,2,0,2
2019-01-12 05:00:00,3,1,2
2019-01-12 06:00:00,11,6,5
2019-01-12 07:00:00,20,11,9
2019-01-12 08:00:00,30,15,15
2019-01-12 09:00:00,41,16,25
2019-01-12 10:00:00,35,21,14
2019-01-12 11:00:00,59,40,19
2019-01-12 12:00:00,125,69,56
2019-01-12 13:00:00,149,77,72
2019-01-12 14:00:00,131,71,60
2019-01-12 15:00:00,103,61,42
2019-01-12 16:00:00,110,50,60
2019-01-12 17:00:00,47,31,16
2019-01-12 18:00:00,25,17,8
2019-01-12 19:00:00,17,11,6
2019-01-12 20:00:00,7,2,5
2019-01-12 21:00:00,15,8,7
2019-01-12 22:00:00,9,7,2
2019-01-12 23:00:00,8,3,5
2019-01-13 00:00:00,3,3,0
2019-01-13 01:00:00,7,5,2
2019-01-13 02:00:00,2,2,0
2019-01-13 03:00:00,1,1,0
2019-01-13 04:00:00,3,1,2
2019-01-13 05:00:00,4,3,1
2019-01-13 06:00:00,5,2,3
2019-01-13 07:00:00,7,2,5
2019-01-13 08:00:00,20,9,11
2019-01-13 09:00:00,29,11,18
2019-01-13 10:00:00,29,22,7
2019-01-13 11:00:00,93,49,44
2019-01-13 12:00:00,129,81,48
2019-01-13 13:00:00,132,78,54
2019-01-13 14:00:00,127,59,68
2019-01-13 15:00:00,120,58,62
2019-01-13 16:00:00,101,50,51
2019-01-13 17:00:00,49,14,35
2019-01-13 18:00:00,23,15,8
2019-01-13 19:00:00,11,6,5
2019-01-13 20:00:00,7,2,5
2019-01-13 21:00:00,9,5,4
2019-01-13 22:00:00,2,1,1
2019-01-13 23:00:00,4,3,1
2019-01-14 00:00:00,4,2,2
2019-01-14 01:00:00,3,2,1
2019-01-14 02:00:00,0,0,0
2019-01-14 03:00:00,0,0,0
2019-01-14 04:00:00,5,3,2
2019-01-14 05:00:00,24,5,19
2019-01-14 06:00:00,63,8,55
2019-01-14 07:00:00,240,28,212
2019-01-14 08:00:00,426,43,383
2019-01-14 09:00:00,229,38,191
2019-01-14 10:00:00,82,20,62
2019-01-14 11:00:00,40,18,22
2019-01-14 12:00:00,58,22,36
2019-01-14 13:00:00,71,39,32
2019-01-14 14:00:00,71,39,32
2019-01-14 15:00:00,119,83,36
2019-01-14 16:00:00,279,249,30
2019-01-14 17:00:00,424,376,48
2019-01-14 18:00:00,240,207,33
2019-01-14 19:00:00,93,73,20
2019-01-14 20:00:00,32,19,13
2019-01-14 21:00:00,22,19,3
2019-01-14 22:00:00,4,3,1
2019-01-14 23:00:00,8,5,3
2019-01-15 00:00:00,2,1,1
2019-01-15 01:00:00,0,0,0
2019-01-15 02:00:00,1,0,1
2019-01-15 03:00:00,1,0,1
2019-01-15 04:00:00,4,1,3
2019-01-15 05:00:00,16,2,14
2019-01-15 06:00:00,63,7,56
2019-01-15 07:00:00,187,23,164
2019-01-15 08:00:00,341,34,307
2019-01-15 09:00:00,168,24,144
2019-01-15 10:00:00,94,17,77
2019-01-15 11:00:00,42,16,26
2019-01-15 12:00:00,34,17,17
2019-01-15 13:00:00,54,30,24
2019-01-15 14:00:00,65,37,28
2019-01-15 15:00:00,106,74,32
2019-01-15 16:00:00,208,174,34
2019-01-15 17:00:00,360,314,46
2019-01-15 18:00:00,243,205,38
2019-01-15 19:00:00,88,75,13
2019-01-15 20:00:00,51,37,14
2019-01-15 21:00:00,31,21,10
2019-01-15 22:00:00,19,13,6
2019-01-15 23:00:00,8,6,2
2019-01-16 00:00:00,3,3,0
2019-01-16 01:00:00,0,0,0
2019-01-16 02:00:00,1,1,0
2019-01-16 03:00:00,1,0,1
2019-01-16 04:00:00,9,5,4
2019-01-16 05:00:00,19,3,16
2019-01-16 06:00:00,54,9,45
2019-01-16 07:00:00,189,26,163
2019-01-16 08:00:00,339,40,299
2019-01-16 09:00:00,168,21,147
2019-01-16 10:00:00,74,9,65
2019-01-16 11:00:00,33,10,23
2019-01-16 12:00:00,47,17,30
2019-01-16 13:00:00,58,36,22
2019-01-16 14:00:00,52,37,15
2019-01-16 15:00:00,93,59,34
2019-01-16 16:00:00,206,172,34
2019-01-16 17:00:00,391,354,37
2019-01-16 18:00:00,176,145,31
2019-01-16 19:00:00,93,69,24
2019-01-16 20:00:00,45,35,10
2019-01-16 21:00:00,41,25,16
2019-01-16 22:00:00,20,14,6
2019-01-16 23:00:00,8,6,2
2019-01-17 00:00:00,2,2,0
2019-01-17 01:00:00,0,0,0
2019-01-17 02:00:00,0,0,0
2019-01-17 03:00:00,3,1,2
2019-01-17 04:00:00,2,1,1
2019-01-17 05:00:00,18,5,13
2019-01-17 06:00:00,53,4,49
2019-01-17 07:00:00,139,22,117
2019-01-17 08:00:00,286,31,255
2019-01-17 09:00:00,151,22,129
2019-01-17 10:00:00,46,7,39
2019-01-17 11:00:00,34,17,17
2019-01-17 12:00:00,35,21,14
2019-01-17 13:00:00,29,16,13
2019-01-17 14:00:00,30,19,11
2019-01-17 15:00:00,65,50,15
2019-01-17 16:00:00,165,130,35
2019-01-17 17:00:00,289,264,25
2019-01-17 18:00:00,164,137,27
2019-01-17 19:00:00,76,65,11
2019-01-17 20:00:00,40,30,10
2019-01-17 21:00:00,25,19,6
2019-01-17 22:00:00,13,9,4
2019-01-17 23:00:00,8,7,1
2019-01-18 00:00:00,3,1,2
2019-01-18 01:00:00,3,2,1
2019-01-18 02:00:00,0,0,0
2019-01-18 03:00:00,1,0,1
2019-01-18 04:00:00,7,3,4
2019-01-18 05:00:00,17,4,13
2019-01-18 06:00:00,36,4,32
2019-01-18 07:00:00,144,14,130
2019-01-18 08:00:00,263,22,241
2019-01-18 09:00:00,147,22,125
2019-01-18 10:00:00,62,10,52
2019-01-18 11:00:00,46,23,23
2019-01-18 12:00:00,36,21,15
2019-01-18 13:00:00,49,24,25
2019-01-18 14:00:00,46,24,22
2019-01-18 15:00:00,70,54,16
2019-01-18 16:00:00,132,125,7
2019-01-18 17:00:00,247,227,20
2019-01-18 18:00:00,130,101,29
2019-01-18 19:00:00,53,44,9
2019-01-18 20:00:00,20,19,1
2019-01-18 21:00:00,14,9,5
2019-01-18 22:00:00,14,12,2
2019-01-18 23:00:00,5,4,1
2019-01-19 00:00:00,6,5,1
2019-01-19 01:00:00,3,2,1
2019-01-19 02:00:00,2,2,0
2019-01-19 03:00:00,0,0,0
2019-01-19 04:00:00,1,0,1
2019-01-19 05:00:00,4,2,2
2019-01-19 06:00:00,3,1,2
2019-01-19 07:00:00,15,8,7
2019-01-19 08:00:00,29,15,14
2019-01-19 09:00:00,34,18,16
2019-01-19 10:00:00,42,21,21
2019-01-19 11:00:00,66,37,29
2019-01-19 12:00:00,62,29,33
2019-01-19 13:00:00,76,49,27
2019-01-19 14:00:00,69,30,39
2019-01-19 15:00:00,59,33,26
2019-01-19 16:00:00,45,20,25
2019-01-19 17:00:00,35,16,19
2019-01-19 18:00:00,24,16,8
2019-01-19 19:00:00,14,8,6
2019-01-19 20:00:00,12,6,6
2019-01-19 21:00:00,10,9,1
2019-01-19 22:00:00,7,2,5
2019-01-19 23:00:00,5,3,2
2019-01-20 00:00:00,6,6,0
2019-01-20 01:00:00,2,1,1
2019-01-20 02:00:00,2,0,2
2019-01-20 03:00:00,0,0,0
2019-01-20 04:00:00,3,1,2
2019-01-20 05:00:00,1,0,1
2019-01-20 06:00:00,2,1,1
2019-01-20 07:00:00,9,2,7
2019-01-20 08:00:00,20,10,10
2019-01-20 09:00:00,31,15,16
2019-01-20 10:00:00,12,7,5
2019-01-20 11:00:00,27,11,16
2019-01-20 12:00:00,60,35,25
2019-01-20 13:00:00,61,27,34
2019-01-20 14:00:00,63,33,30
2019-01-20 15:00:00,50,25,25
2019-01-20 16:00:00,45,20,25
2019-01-20 17:00:00,26,18,8
2019-01-20 18:00:00,16,5,11
2019-01-20 19:00:00,15,10,5
2019-01-20 20:00:00,16,13,3
2019-01-20 21:00:00,10,5,5
2019-01-20 22:00:00,6,2,4
2019-01-20 23:00:00,5,2,3
2019-01-21 00:00:00,1,1,0
2019-01-21 01:00:00,1,1,0
2019-01-21 02:00:00,0,0,0
2019-01-21 03:00:00,0,0,0
2019-01-21 04:00:00,5,3,2
2019-01-21 05:00:00,15,4,11
2019-01-21 06:00:00,33,8,25
2019-01-21 07:00:00,93,6,87
2019-01-21 08:00:00,169,13,156
2019-01-21 09:00:00,102,13,89
2019-01-21 10:00:00,61,15,46
2019-01-21 11:00:00,44,19,25
2019-01-21 12:00:00,66,28,38
2019-01-21 13:00:00,64,34,30
2019-01-21 14:00:00,51,30,21
2019-01-21 15:00:00,73,57,16
2019-01-21 16:00:00,156,109,47
2019-01-21 17:00:00,189,176,13
2019-01-21 18:00:00,120,108,12
2019-01-21 19:00:00,54,40,14
2019-01-21 20:00:00,22,14,8
2019-01-21 21:00:00,16,11,5
2019-01-21 22:00:00,14,10,4
2019-01-21 23:00:00,2,1,1
2019-01-22 00:00:00,2,1,1
2019-01-22 01:00:00,1,1,0
2019-01-22 02:00:00,0,0,0
2019-01-22 03:00:00,0,0,0
2019-01-22 04:00:00,5,1,4
2019-01-22 05:00:00,21,4,17
2019-01-22 06:00:00,49,3,46
2019-01-22 07:00:00,175,32,143
2019-01-22 08:00:00,280,27,253
2019-01-22 09:00:00,167,24,143
2019-01-22 10:00:00,75,15,60
2019-01-22 11:00:00,37,11,26
2019-01-22 12:00:00,27,12,15
2019-01-22 13:00:00,23,16,7
2019-01-22 14:00:00,35,28,7
2019-01-22 15:00:00,59,43,16
2019-01-22 16:00:00,146,130,16
2019-01-22 17:00:00,264,241,23
2019-01-22 18:00:00,183,161,22
2019-01-22 19:00:00,53,42,11
2019-01-22 20:00:00,25,20,5
2019-01-22 21:00:00,22,19,3
2019-01-22 22:00:00,13,13,0
2019-01-22 23:00:00,6,5,1
2019-01-23 00:00:00,0,0,0
2019-01-23 01:00:00,2,1,1
2019-01-23 02:00:00,0,0,0
2019-01-23 03:00:00,0,0,0
2019-01-23 04:00:00,8,4,4
2019-01-23 05:00:00,25,7,18
2019-01-23 06:00:00,53,6,47
2019-01-23 07:00:00,134,18,116
2019-01-23 08:00:00,277,32,245
2019-01-23 09:00:00,140,21,119
2019-01-23 10:00:00,72,14,58
2019-01-23 11:00:00,27,7,20
2019-01-23 12:00:00,37,18,19
2019-01-23 13:00:00,25,18,7
2019-01-23 14:00:00,47,31,16
2019-01-23 15:00:00,70,49,21
2019-01-23 16:00:00,200,163,37
2019-01-23 17:00:00,290,255,35
2019-01-23 18:00:00,187,155,32
2019-01-23 19:00:00,79,63,16
2019-01-23 20:00:00,44,38,6
2019-01-23 21:00:00,18,14,4
2019-01-23 22:00:00,14,11,3
2019-01-23 23:00:00,8,6,2
2019-01-24 00:00:00,5,3,2
2019-01-24 01:00:00,2,1,1
2019-01-24 02:00:00,0,0,0
2019-01-24 03:00:00,1,0,1
2019-01-24 04:00:00,3,1,2
2019-01-24 05:00:00,14,4,10
2019-01-24 06:00:00,60,9,51
2019-01-24 07:00:00,161,21,140
2019-01-24 08:00:00,320,31,289
2019-01-24 09:00:00,164,25,139
2019-01-24 10:00:00,70,15,55
2019-01-24 11:00:00,41,11,30
2019-01-24 12:00:00,38,15,23
2019-01-24 13:00:00,44,18,26
2019-01-24 14:00:00,49,28,21
2019-01-24 15:00:00,84,66,18
2019-01-24 16:00:00,192,153,39
2019-01-24 17:00:00,309,274,35
2019-01-24 18:00:00,200,173,27
2019-01-24 19:00:00,77,67,10
2019-01-24 20:00:00,54,43,11
2019-01-24 21:00:00,34,28,6
2019-01-24 22:00:00,17,11,6
2019-01-24 23:00:00,4,1,3
2019-01-25 00:00:00,3,1,2
2019-01-25 01:00:00,3,2,1
2019-01-25 02:00:00,2,2,0
2019-01-25 03:00:00,1,0,1
2019-01-25 04:00:00,8,3,5
2019-01-25 05:00:00,19,6,13
2019-01-25 06:00:00,45,5,40
2019-01-25 07:00:00,152,17,135
2019-01-25 08:00:00,307,35,272
2019-01-25 09:00:00,151,32,119
2019-01-25 10:00:00,97,20,77
2019-01-25 11:00:00,45,16,29
2019-01-25 12:00:00,50,23,27
2019-01-25 13:00:00,42,21,21
2019-01-25 14:00:00,64,37,27
2019-01-25 15:00:00,101,80,21
2019-01-25 16:00:00,209,173,36
2019-01-25 17:00:00,292,256,36
2019-01-25 18:00:00,168,123,45
2019-01-25 19:00:00,68,50,18
2019-01-25 20:00:00,47,32,15
2019-01-25 21:00:00,21,16,5
2019-01-25 22:00:00,21,7,14
2019-01-25 23:00:00,12,8,4
2019-01-26 00:00:00,7,6,1
2019-01-26 01:00:00,3,2,1
2019-01-26 02:00:00,5,4,1
2019-01-26 03:00:00,4,3,1
2019-01-26 04:00:00,2,1,1
2019-01-26 05:00:00,0,0,0
2019-01-26 06:00:00,3,1,2
2019-01-26 07:00:00,13,5,8
2019-01-26 08:00:00,36,18,18
2019-01-26 09:00:00,34,15,19
2019-01-26 10:00:00,67,24,43
2019-01-26 11:00:00,65,45,20
2019-01-26 12:00:00,100,46,54
2019-01-26 13:00:00,120,60,60
2019-01-26 14:00:00,101,50,51
2019-01-26 15:00:00,111,65,46
2019-01-26 16:00:00,76,38,38
2019-01-26 17:00:00,50,18,32
2019-01-26 18:00:00,22,8,14
2019-01-26 19:00:00,18,9,9
2019-01-26 20:00:00,11,7,4
2019-01-26 21:00:00,13,7,6
2019-01-26 22:00:00,19,12,7
2019-01-26 23:00:00,7,6,1
2019-01-27 00:00:00,7,3,4
2019-01-27 01:00:00,5,2,3
2019-01-27 02:00:00,3,2,1
2019-01-27 03:00:00,1,0,1
2019-01-27 04:00:00,1,0,1
2019-01-27 05:00:00,2,0,2
2019-01-27 06:00:00,3,3,0
2019-01-27 07:00:00,15,9,6
2019-01-27 08:00:00,18,10,8
2019-01-27 09:00:00,17,4,13
2019-01-27 10:00:00,39,24,15
2019-01-27 11:00:00,40,17,23
2019-01-27 12:00:00,58,30,28
2019-01-27 13:00:00,63,38,25
2019-01-27 14:00:00,59,29,30
2019-01-27 15:00:00,57,34,23
2019-01-27 16:00:00,47,28,19
2019-01-27 17:00:00,51,24,27
2019-01-27 18:00:00,21,8,13
2019-01-27 19:00:00,4,2,2
2019-01-27 20:00:00,8,5,3
2019-01-27 21:00:00,13,10,3
2019-01-27 22:00:00,3,2,1
2019-01-27 23:00:00,5,4,1
2019-01-28 00:00:00,2,2,0
2019-01-28 01:00:00,0,0,0
2019-01-28 02:00:00,0,0,0
2019-01-28 03:00:00,0,0,0
2019-01-28 04:00:00,6,2,4
2019-01-28 05:00:00,32,6,26
2019-01-28 06:00:00,52,10,42
2019-01-28 07:00:00,208,22,186
2019-01-28 08:00:00,333,24,309
2019-01-28 09:00:00,190,27,163
2019-01-28 10:00:00,57,8,49
2019-01-28 11:00:00,52,12,40
2019-01-28 12:00:00,46,19,27
2019-01-28 13:00:00,48,27,21
2019-01-28 14:00:00,67,42,25
2019-01-28 15:00:00,85,65,20
2019-01-28 16:00:00,214,177,37
2019-01-28 17:00:00,359,313,46
2019-01-28 18:00:00,216,189,27
2019-01-28 19:00:00,91,69,22
2019-01-28 20:00:00,33,23,10
2019-01-28 21:00:00,26,20,6
2019-01-28 22:00:00,12,9,3
2019-01-28 23:00:00,5,5,0
2019-01-29 00:00:00,3,1,2
2019-01-29 01:00:00,1,0,1
2019-01-29 02:00:00,0,0,0
2019-01-29 03:00:00,2,0,2
2019-01-29 04:00:00,6,2,4
2019-01-29 05:00:00,23,4,19
2019-01-29 06:00:00,54,10,44
2019-01-29 07:00:00,200,25,175
2019-01-29 08:00:00,351,24,327
2019-01-29 09:00:00,179,27,152
2019-01-29 10:00:00,74,11,63
2019-01-29 11:00:00,55,26,29
2019-01-29 12:00:00,55,25,30
2019-01-29 13:00:00,70,49,21
2019-01-29 14:00:00,64,41,23
2019-01-29 15:00:00,102,63,39
2019-01-29 16:00:00,234,198,36
2019-01-29 17:00:00,363,314,49
2019-01-29 18:00:00,223,190,33
2019-01-29 19:00:00,85,69,16
2019-01-29 20:00:00,42,31,11
2019-01-29 21:00:00,31,22,9
2019-01-29 22:00:00,22,15,7
2019-01-29 23:00:00,7,4,3
2019-01-30 00:00:00,5,4,1
2019-01-30 01:00:00,0,0,0
2019-01-30 02:00:00,1,1,0
2019-01-30 03:00:00,0,0,0
2019-01-30 04:00:00,6,4,2
2019-01-30 05:00:00,28,6,22
2019-01-30 06:00:00,56,12,44
2019-01-30 07:00:00,208,18,190
2019-01-30 08:00:00,300,29,271
2019-01-30 09:00:00,186,43,143
2019-01-30 10:00:00,76,10,66
2019-01-30 11:00:00,52,18,34
2019-01-30 12:00:00,62,24,38
2019-01-30 13:00:00,41,22,19
2019-01-30 14:00:00,54,27,27
2019-01-30 15:00:00,91,69,22
2019-01-30 16:00:00,198,161,37
2019-01-30 17:00:00,365,320,45
2019-01-30 18:00:00,202,170,32
2019-01-30 19:00:00,90,64,26
2019-01-30 20:00:00,40,30,10
2019-01-30 21:00:00,46,39,7
2019-01-30 22:00:00,15,10,5
2019-01-30 23:00:00,4,3,1
2019-01-31 00:00:00,1,1,0
2019-01-31 01:00:00,2,2,0
2019-01-31 02:00:00,1,1,0
2019-01-31 03:00:00,0,0,0
2019-01-31 04:00:00,6,3,3
2019-01-31 05:00:00,28,5,23
2019-01-31 06:00:00,54,9,45
2019-01-31 07:00:00,173,19,154
2019-01-31 08:00:00,325,39,286
2019-01-31 09:00:00,171,32,139
2019-01-31 10:00:00,66,12,54
2019-01-31 11:00:00,53,21,32
2019-01-31 12:00:00,47,19,28
2019-01-31 13:00:00,44,22,22
2019-01-31 14:00:00,53,33,20
2019-01-31 15:00:00,94,66,28
2019-01-31 16:00:00,211,173,38
2019-01-31 17:00:00,308,271,37
2019-01-31 18:00:00,202,168,34
2019-01-31 19:00:00,78,59,19
2019-01-31 20:00:00,36,23,13
2019-01-31 21:00:00,36,30,6
2019-01-31 22:00:00,19,14,5
2019-01-31 23:00:00,6,1,5
2019-02-01 00:00:00,4,4,0
2019-02-01 01:00:00,3,2,1
2019-02-01 02:00:00,1,1,0
2019-02-01 03:00:00,1,1,0
2019-02-01 04:00:00,6,3,3
2019-02-01 05:00:00,17,6,11
2019-02-01 06:00:00,26,2,24
2019-02-01 07:00:00,106,17,89
2019-02-01 08:00:00,182,26,156
2019-02-01 09:00:00,90,11,79
2019-02-01 10:00:00,42,7,35
2019-02-01 11:00:00,13,6,7
2019-02-01 12:00:00,14,5,9
2019-02-01 13:00:00,21,8,13
2019-02-01 14:00:00,15,12,3
2019-02-01 15:00:00,46,34,12
2019-02-01 16:00:00,105,90,15
2019-02-01 17:00:00,198,180,18
2019-02-01 18:00:00,108,98,10
2019-02-01 19:00:00,62,44,18
2019-02-01 20:00:00,24,19,5
2019-02-01 21:00:00,8,4,4
2019-02-01 22:00:00,7,5,2
2019-02-01 23:00:00,9,7,2
2019-02-02 00:00:00,10,7,3
2019-02-02 01:00:00,5,3,2
2019-02-02 02:00:00,0,0,0
2019-02-02 03:00:00,2,1,1
2019-02-02 04:00:00,3,1,2
2019-02-02 05:00:00,1,0,1
2019-02-02 06:00:00,17,3,14
2019-02-02 07:00:00,68,4,64
2019-02-02 08:00:00,30,19,11
2019-02-02 09:00:00,68,50,18
2019-02-02 10:00:00,71,48,23
2019-02-02 11:00:00,57,35,22
2019-02-02 12:00:00,74,18,56
2019-02-02 13:00:00,90,29,61
2019-02-02 14:00:00,89,47,42
2019-02-02 15:00:00,79,48,31
2019-02-02 16:00:00,91,57,34
2019-02-02 17:00:00,64,40,24
2019-02-02 18:00:00,45,22,23
2019-02-02 19:00:00,21,15,6
2019-02-02 20:00:00,6,5,1
2019-02-02 21:00:00,13,7,6
2019-02-02 22:00:00,9,8,1
2019-02-02 23:00:00,5,5,0
2019-02-03 00:00:00,8,4,4
2019-02-03 01:00:00,9,5,4
2019-02-03 02:00:00,3,3,0
2019-02-03 03:00:00,1,1,0
2019-02-03 04:00:00,6,1,5
2019-02-03 05:00:00,6,2,4
2019-02-03 06:00:00,7,0,7
2019-02-03 07:00:00,235,5,230
2019-02-03 08:00:00,591,13,578
2019-02-03 09:00:00,427,143,284
2019-02-03 10:00:00,468,453,15
2019-02-03 11:00:00,426,401,25
2019-02-03 12:00:00,172,148,24
2019-02-03 13:00:00,54,38,16
2019-02-03 14:00:00,50,29,21
2019-02-03 15:00:00,20,14,6
2019-02-03 16:00:00,11,7,4
2019-02-03 17:00:00,7,2,5
2019-02-03 18:00:00,7,3,4
2019-02-03 19:00:00,5,3,2
2019-02-03 20:00:00,3,3,0
2019-02-03 21:00:00,3,3,0
2019-02-03 22:00:00,1,1,0
2019-02-03 23:00:00,2,2,0
2019-02-04 00:00:00,0,0,0
2019-02-04 01:00:00,0,0,0
2019-02-04 02:00:00,0,0,0
2019-02-04 03:00:00,1,0,1
2019-02-04 04:00:00,1,0,1
2019-02-04 05:00:00,6,1,5
2019-02-04 06:00:00,9,0,9
2019-02-04 07:00:00,19,4,15
2019-02-04 08:00:00,31,3,28
2019-02-04 09:00:00,18,3,15
2019-02-04 10:00:00,15,1,14
2019-02-04 11:00:00,9,1,8
2019-02-04 12:00:00,9,3,6
2019-02-04 13:00:00,2,2,0
2019-02-04 14:00:00,12,8,4
2019-02-04 15:00:00,17,10,7
2019-02-04 16:00:00,21,18,3
2019-02-04 17:00:00,21,18,3
2019-02-04 18:00:00,17,13,4
2019-02-04 19:00:00,6,6,0
2019-02-04 20:00:00,0,0,0
2019-02-04 21:00:00,0,0,0
2019-02-04 22:00:00,0,0,0
2019-02-04 23:00:00,0,0,0
2019-02-05 00:00:00,0,0,0
2019-02-05 01:00:00,0,0,0
2019-02-05 02:00:00,0,0,0
2019-02-05 03:00:00,0,0,0
2019-02-05 04:00:00,0,0,0
2019-02-05 05:00:00,4,1,3
2019-02-05 06:00:00,3,0,3
2019-02-05 07:00:00,14,0,14
2019-02-05 08:00:00,27,4,23
2019-02-05 09:00:00,19,2,17
2019-02-05 10:00:00,11,0,11
2019-02-05 11:00:00,9,5,4
2019-02-05 12:00:00,9,5,4
2019-02-05 13:00:00,5,3,2
2019-02-05 14:00:00,16,7,9
2019-02-05 15:00:00,16,13,3
2019-02-05 16:00:00,25,21,4
2019-02-05 17:00:00,31,24,7
2019-02-05 18:00:00,17,15,2
2019-02-05 19:00:00,12,11,1
2019-02-05 20:00:00,4,3,1
2019-02-05 21:00:00,6,3,3
2019-02-05 22:00:00,1,0,1
2019-02-05 23:00:00,0,0,0
2019-02-06 00:00:00,0,0,0
2019-02-06 01:00:00,0,0,0
2019-02-06 02:00:00,0,0,0
2019-02-06 03:00:00,0,0,0
2019-02-06 04:00:00,6,4,2
2019-02-06 05:00:00,5,0,5
2019-02-06 06:00:00,13,2,11
2019-02-06 07:00:00,43,10,33
2019-02-06 08:00:00,72,6,66
2019-02-06 09:00:00,58,8,50
2019-02-06 10:00:00,34,5,29
2019-02-06 11:00:00,20,7,13
2019-02-06 12:00:00,9,6,3
2019-02-06 13:00:00,15,7,8
2019-02-06 14:00:00,16,10,6
2019-02-06 15:00:00,22,16,6
2019-02-06 16:00:00,69,57,12
2019-02-06 17:00:00,80,70,10
2019-02-06 18:00:00,65,48,17
2019-02-06 19:00:00,29,23,6
2019-02-06 20:00:00,13,10,3
2019-02-06 21:00:00,9,8,1
2019-02-06 22:00:00,7,3,4
2019-02-06 23:00:00,2,2,0
2019-02-07 00:00:00,1,1,0
2019-02-07 01:00:00,0,0,0
2019-02-07 02:00:00,0,0,0
2019-02-07 03:00:00,0,0,0
2019-02-07 04:00:00,3,0,3
2019-02-07 05:00:00,10,4,6
2019-02-07 06:00:00,17,2,15
2019-02-07 07:00:00,57,3,54
2019-02-07 08:00:00,117,12,105
2019-02-07 09:00:00,67,7,60
2019-02-07 10:00:00,33,7,26
2019-02-07 11:00:00,18,6,12
2019-02-07 12:00:00,22,11,11
2019-02-07 13:00:00,21,12,9
2019-02-07 14:00:00,25,16,9
2019-02-07 15:00:00,26,17,9
2019-02-07 16:00:00,79,60,19
2019-02-07 17:00:00,121,108,13
2019-02-07 18:00:00,86,74,12
2019-02-07 19:00:00,32,28,4
2019-02-07 20:00:00,17,10,7
2019-02-07 21:00:00,5,4,1
2019-02-07 22:00:00,8,5,3
2019-02-07 23:00:00,3,3,0
2019-02-08 00:00:00,6,5,1
2019-02-08 01:00:00,2,0,2
2019-02-08 02:00:00,0,0,0
2019-02-08 03:00:00,0,0,0
2019-02-08 04:00:00,6,5,1
2019-02-08 05:00:00,8,2,6
2019-02-08 06:00:00,12,1,11
2019-02-08 07:00:00,46,7,39
2019-02-08 08:00:00,80,5,75
2019-02-08 09:00:00,43,5,38
2019-02-08 10:00:00,20,7,13
2019-02-08 11:00:00,16,8,8
2019-02-08 12:00:00,64,55,9
2019-02-08 13:00:00,71,62,9
2019-02-08 14:00:00,42,34,8
2019-02-08 15:00:00,32,28,4
2019-02-08 16:00:00,25,22,3
2019-02-08 17:00:00,23,21,2
2019-02-08 18:00:00,6,6,0
2019-02-08 19:00:00,6,4,2
2019-02-08 20:00:00,1,1,0
2019-02-08 21:00:00,2,2,0
2019-02-08 22:00:00,0,0,0
2019-02-08 23:00:00,1,1,0
2019-02-09 00:00:00,0,0,0
2019-02-09 01:00:00,0,0,0
2019-02-09 02:00:00,0,0,0
2019-02-09 03:00:00,0,0,0
2019-02-09 04:00:00,1,0,1
2019-02-09 05:00:00,0,0,0
2019-02-09 06:00:00,1,0,1
2019-02-09 07:00:00,1,0,1
2019-02-09 08:00:00,0,0,0
2019-02-09 09:00:00,2,1,1
2019-02-09 10:00:00,4,1,3
2019-02-09 11:00:00,3,1,2
2019-02-09 12:00:00,1,0,1
2019-02-09 13:00:00,1,0,1
2019-02-09 14:00:00,2,1,1
2019-02-09 15:00:00,4,2,2
2019-02-09 16:00:00,0,0,0
2019-02-09 17:00:00,1,0,1
2019-02-09 18:00:00,1,1,0
2019-02-09 19:00:00,0,0,0
2019-02-09 20:00:00,0,0,0
2019-02-09 21:00:00,0,0,0
2019-02-09 22:00:00,0,0,0
2019-02-09 23:00:00,0,0,0
2019-02-10 00:00:00,0,0,0
2019-02-10 01:00:00,0,0,0
2019-02-10 02:00:00,0,0,0
2019-02-10 03:00:00,0,0,0
2019-02-10 04:00:00,0,0,0
2019-02-10 05:00:00,1,0,1
2019-02-10 06:00:00,0,0,0
2019-02-10 07:00:00,0,0,0
2019-02-10 08:00:00,0,0,0
2019-02-10 09:00:00,0,0,0
2019-02-10 10:00:00,0,0,0
2019-02-10 11:00:00,0,0,0
2019-02-10 12:00:00,0,0,0
2019-02-10 13:00:00,1,1,0
2019-02-10 14:00:00,0,0,0
2019-02-10 15:00:00,1,0,1
2019-02-10 16:00:00,0,0,0
2019-02-10 17:00:00,0,0,0
2019-02-10 18:00:00,0,0,0
2019-02-10 19:00:00,0,0,0
2019-02-10 20:00:00,0,0,0
2019-02-10 21:00:00,0,0,0
2019-02-10 22:00:00,0,0,0
2019-02-10 23:00:00,0,0,0
2019-02-11 00:00:00,1,0,1
2019-02-11 01:00:00,0,0,0
2019-02-11 02:00:00,0,0,0
2019-02-11 03:00:00,0,0,0
2019-02-11 04:00:00,0,0,0
2019-02-11 05:00:00,0,0,0
2019-02-11 06:00:00,0,0,0
2019-02-11 07:00:00,0,0,0
2019-02-11 08:00:00,0,0,0
2019-02-11 09:00:00,0,0,0
2019-02-11 10:00:00,0,0,0
2019-02-11 11:00:00,1,1,0
2019-02-11 12:00:00,1,0,1
2019-02-11 13:00:00,1,1,0
2019-02-11 14:00:00,0,0,0
2019-02-11 15:00:00,0,0,0
2019-02-11 16:00:00,0,0,0
2019-02-11 17:00:00,1,0,1
2019-02-11 18:00:00,0,0,0
2019-02-11 19:00:00,0,0,0
2019-02-11 20:00:00,0,0,0
2019-02-11 21:00:00,0,0,0
2019-02-11 22:00:00,0,0,0
2019-02-11 23:00:00,0,0,0
2019-02-12 00:00:00,0,0,0
2019-02-12 01:00:00,0,0,0
2019-02-12 02:00:00,0,0,0
2019-02-12 03:00:00,0,0,0
2019-02-12 04:00:00,0,0,0
2019-02-12 05:00:00,0,0,0
2019-02-12 06:00:00,0,0,0
2019-02-12 07:00:00,0,0,0
2019-02-12 08:00:00,0,0,0
2019-02-12 09:00:00,1,0,1
2019-02-12 10:00:00,0,0,0
2019-02-12 11:00:00,1,0,1
2019-02-12 12:00:00,0,0,0
2019-02-12 13:00:00,0,0,0
2019-02-12 14:00:00,0,0,0
2019-02-12 15:00:00,0,0,0
2019-02-12 16:00:00,6,3,3
2019-02-12 17:00:00,5,3,2
2019-02-12 18:00:00,5,4,1
2019-02-12 19:00:00,5,3,2
2019-02-12 20:00:00,1,1,0
2019-02-12 21:00:00,2,1,1
2019-02-12 22:00:00,0,0,0
2019-02-12 23:00:00,0,0,0
2019-02-13 00:00:00,0,0,0
2019-02-13 01:00:00,0,0,0
2019-02-13 02:00:00,0,0,0
2019-02-13 03:00:00,0,0,0
2019-02-13 04:00:00,3,1,2
2019-02-13 05:00:00,3,1,2
2019-02-13 06:00:00,9,2,7
2019-02-13 07:00:00,24,2,22
2019-02-13 08:00:00,62,8,54
2019-02-13 09:00:00,54,7,47
2019-02-13 10:00:00,21,5,16
2019-02-13 11:00:00,12,4,8
2019-02-13 12:00:00,13,5,8
2019-02-13 13:00:00,10,4,6
2019-02-13 14:00:00,9,5,4
2019-02-13 15:00:00,21,13,8
2019-02-13 16:00:00,41,37,4
2019-02-13 17:00:00,81,71,10
2019-02-13 18:00:00,54,44,10
2019-02-13 19:00:00,18,15,3
2019-02-13 20:00:00,11,8,3
2019-02-13 21:00:00,7,6,1
2019-02-13 22:00:00,3,2,1
2019-02-13 23:00:00,2,1,1
2019-02-14 00:00:00,2,2,0
2019-02-14 01:00:00,1,1,0
2019-02-14 02:00:00,0,0,0
2019-02-14 03:00:00,0,0,0
2019-02-14 04:00:00,1,0,1
2019-02-14 05:00:00,7,2,5
2019-02-14 06:00:00,14,3,11
2019-02-14 07:00:00,50,11,39
2019-02-14 08:00:00,95,6,89
2019-02-14 09:00:00,76,12,64
2019-02-14 10:00:00,29,6,23
2019-02-14 11:00:00,16,8,8
2019-02-14 12:00:00,13,4,9
2019-02-14 13:00:00,11,4,7
2019-02-14 14:00:00,12,9,3
2019-02-14 15:00:00,19,16,3
2019-02-14 16:00:00,50,38,12
2019-02-14 17:00:00,109,98,11
2019-02-14 18:00:00,71,63,8
2019-02-14 19:00:00,16,14,2
2019-02-14 20:00:00,10,8,2
2019-02-14 21:00:00,4,2,2
2019-02-14 22:00:00,4,4,0
2019-02-14 23:00:00,3,2,1
2019-02-15 00:00:00,2,2,0
2019-02-15 01:00:00,2,1,1
2019-02-15 02:00:00,0,0,0
2019-02-15 03:00:00,0,0,0
2019-02-15 04:00:00,3,3,0
2019-02-15 05:00:00,11,4,7
2019-02-15 06:00:00,21,1,20
2019-02-15 07:00:00,78,15,63
2019-02-15 08:00:00,128,6,122
2019-02-15 09:00:00,94,17,77
2019-02-15 10:00:00,34,9,25
2019-02-15 11:00:00,29,10,19
2019-02-15 12:00:00,22,8,14
2019-02-15 13:00:00,23,11,12
2019-02-15 14:00:00,25,15,10
2019-02-15 15:00:00,49,35,14
2019-02-15 16:00:00,116,90,26
2019-02-15 17:00:00,155,129,26
2019-02-15 18:00:00,75,57,18
2019-02-15 19:00:00,31,24,7
2019-02-15 20:00:00,14,11,3
2019-02-15 21:00:00,12,7,5
2019-02-15 22:00:00,8,4,4
2019-02-15 23:00:00,3,2,1
2019-02-16 00:00:00,3,1,2
2019-02-16 01:00:00,5,5,0
2019-02-16 02:00:00,4,2,2
2019-02-16 03:00:00,0,0,0
2019-02-16 04:00:00,2,1,1
2019-02-16 05:00:00,0,0,0
2019-02-16 06:00:00,3,2,1
2019-02-16 07:00:00,10,6,4
2019-02-16 08:00:00,14,3,11
2019-02-16 09:00:00,21,11,10
2019-02-16 10:00:00,16,8,8
2019-02-16 11:00:00,14,9,5
2019-02-16 12:00:00,14,4,10
2019-02-16 13:00:00,31,15,16
2019-02-16 14:00:00,20,9,11
2019-02-16 15:00:00,20,11,9
2019-02-16 16:00:00,20,10,10
2019-02-16 17:00:00,9,9,0
2019-02-16 18:00:00,15,10,5
2019-02-16 19:00:00,4,4,0
2019-02-16 20:00:00,4,2,2
2019-02-16 21:00:00,2,1,1
2019-02-16 22:00:00,5,3,2
2019-02-16 23:00:00,3,3,0
2019-02-17 00:00:00,2,1,1
2019-02-17 01:00:00,1,1,0
2019-02-17 02:00:00,2,0,2
2019-02-17 03:00:00,1,1,0
2019-02-17 04:00:00,1,0,1
2019-02-17 05:00:00,3,1,2
2019-02-17 06:00:00,0,0,0
2019-02-17 07:00:00,7,4,3
2019-02-17 08:00:00,15,8,7
2019-02-17 09:00:00,27,16,11
2019-02-17 10:00:00,20,10,10
2019-02-17 11:00:00,30,19,11
2019-02-17 12:00:00,30,17,13
2019-02-17 13:00:00,45,29,16
2019-02-17 14:00:00,28,14,14
2019-02-17 15:00:00,45,28,17
2019-02-17 16:00:00,62,27,35
2019-02-17 17:00:00,46,19,27
2019-02-17 18:00:00,23,9,14
2019-02-17 19:00:00,17,10,7
2019-02-17 20:00:00,11,3,8
2019-02-17 21:00:00,4,3,1
2019-02-17 22:00:00,7,3,4
2019-02-17 23:00:00,5,3,2
2019-02-18 00:00:00,0,0,0
2019-02-18 01:00:00,1,1,0
2019-02-18 02:00:00,1,0,1
2019-02-18 03:00:00,0,0,0
2019-02-18 04:00:00,6,5,1
2019-02-18 05:00:00,10,4,6
2019-02-18 06:00:00,21,5,16
2019-02-18 07:00:00,77,8,69
2019-02-18 08:00:00,106,14,92
2019-02-18 09:00:00,84,14,70
2019-02-18 10:00:00,46,6,40
2019-02-18 11:00:00,32,7,25
2019-02-18 12:00:00,17,7,10
2019-02-18 13:00:00,41,18,23
2019-02-18 14:00:00,58,37,21
2019-02-18 15:00:00,48,34,14
2019-02-18 16:00:00,78,62,16
2019-02-18 17:00:00,150,133,17
2019-02-18 18:00:00,84,73,11
2019-02-18 19:00:00,31,25,6
2019-02-18 20:00:00,19,9,10
2019-02-18 21:00:00,6,5,1
2019-02-18 22:00:00,7,7,0
2019-02-18 23:00:00,1,0,1
2019-02-19 00:00:00,2,1,1
2019-02-19 01:00:00,0,0,0
2019-02-19 02:00:00,1,1,0
2019-02-19 03:00:00,0,0,0
2019-02-19 04:00:00,3,0,3
2019-02-19 05:00:00,16,2,14
2019-02-19 06:00:00,46,3,43
2019-02-19 07:00:00,133,15,118
2019-02-19 08:00:00,210,23,187
2019-02-19 09:00:00,115,23,92
2019-02-19 10:00:00,44,5,39
2019-02-19 11:00:00,34,10,24
2019-02-19 12:00:00,24,11,13
2019-02-19 13:00:00,27,20,7
2019-02-19 14:00:00,28,19,9
2019-02-19 15:00:00,49,42,7
2019-02-19 16:00:00,120,98,22
2019-02-19 17:00:00,231,208,23
2019-02-19 18:00:00,131,113,18
2019-02-19 19:00:00,49,43,6
2019-02-19 20:00:00,23,14,9
2019-02-19 21:00:00,11,11,0
2019-02-19 22:00:00,9,6,3
2019-02-19 23:00:00,2,1,1
2019-02-20 00:00:00,1,0,1
2019-02-20 01:00:00,0,0,0
2019-02-20 02:00:00,2,0,2
2019-02-20 03:00:00,0,0,0
2019-02-20 04:00:00,7,4,3
2019-02-20 05:00:00,20,4,16
2019-02-20 06:00:00,46,7,39
2019-02-20 07:00:00,138,21,117
2019-02-20 08:00:00,222,31,191
2019-02-20 09:00:00,112,15,97
2019-02-20 10:00:00,42,8,34
2019-02-20 11:00:00,31,12,19
2019-02-20 12:00:00,30,14,16
2019-02-20 13:00:00,19,12,7
2019-02-20 14:00:00,37,25,12
2019-02-20 15:00:00,47,36,11
2019-02-20 16:00:00,118,98,20
2019-02-20 17:00:00,209,182,27
2019-02-20 18:00:00,148,130,18
2019-02-20 19:00:00,52,39,13
2019-02-20 20:00:00,27,21,6
2019-02-20 21:00:00,11,9,2
2019-02-20 22:00:00,17,13,4
2019-02-20 23:00:00,4,4,0
2019-02-21 00:00:00,5,4,1
2019-02-21 01:00:00,2,2,0
2019-02-21 02:00:00,0,0,0
2019-02-21 03:00:00,0,0,0
2019-02-21 04:00:00,3,1,2
2019-02-21 05:00:00,15,2,13
2019-02-21 06:00:00,43,7,36
2019-02-21 07:00:00,139,18,121
2019-02-21 08:00:00,239,23,216
2019-02-21 09:00:00,137,20,117
2019-02-21 10:00:00,63,20,43
2019-02-21 11:00:00,54,23,31
2019-02-21 12:00:00,60,32,28
2019-02-21 13:00:00,34,19,15
2019-02-21 14:00:00,53,25,28
2019-02-21 15:00:00,92,58,34
2019-02-21 16:00:00,145,116,29
2019-02-21 17:00:00,246,205,41
2019-02-21 18:00:00,172,143,29
2019-02-21 19:00:00,60,50,10
2019-02-21 20:00:00,41,27,14
2019-02-21 21:00:00,12,10,2
2019-02-21 22:00:00,20,18,2
2019-02-21 23:00:00,8,6,2
2019-02-22 00:00:00,4,1,3
2019-02-22 01:00:00,1,1,0
2019-02-22 02:00:00,0,0,0
2019-02-22 03:00:00,0,0,0
2019-02-22 04:00:00,4,3,1
2019-02-22 05:00:00,13,3,10
2019-02-22 06:00:00,27,5,22
2019-02-22 07:00:00,96,17,79
2019-02-22 08:00:00,189,24,165
2019-02-22 09:00:00,111,17,94
2019-02-22 10:00:00,44,12,32
2019-02-22 11:00:00,16,9,7
2019-02-22 12:00:00,17,9,8
2019-02-22 13:00:00,13,8,5
2019-02-22 14:00:00,29,21,8
2019-02-22 15:00:00,44,34,10
2019-02-22 16:00:00,87,77,10
2019-02-22 17:00:00,165,151,14
2019-02-22 18:00:00,90,72,18
2019-02-22 19:00:00,42,37,5
2019-02-22 20:00:00,20,17,3
2019-02-22 21:00:00,32,20,12
2019-02-22 22:00:00,11,6,5
2019-02-22 23:00:00,4,3,1
2019-02-23 00:00:00,6,1,5
2019-02-23 01:00:00,5,1,4
2019-02-23 02:00:00,2,1,1
2019-02-23 03:00:00,1,1,0
2019-02-23 04:00:00,5,4,1
2019-02-23 05:00:00,0,0,0
2019-02-23 06:00:00,2,1,1
2019-02-23 07:00:00,18,13,5
2019-02-23 08:00:00,13,4,9
2019-02-23 09:00:00,15,10,5
2019-02-23 10:00:00,36,17,19
2019-02-23 11:00:00,28,18,10
2019-02-23 12:00:00,51,13,38
2019-02-23 13:00:00,32,17,15
2019-02-23 14:00:00,37,21,16
2019-02-23 15:00:00,39,25,14
2019-02-23 16:00:00,24,12,12
2019-02-23 17:00:00,20,13,7
2019-02-23 18:00:00,12,6,6
2019-02-23 19:00:00,6,3,3
2019-02-23 20:00:00,5,3,2
2019-02-23 21:00:00,1,1,0
2019-02-23 22:00:00,4,3,1
2019-02-23 23:00:00,3,2,1
2019-02-24 00:00:00,3,3,0
2019-02-24 01:00:00,4,1,3
2019-02-24 02:00:00,1,0,1
2019-02-24 03:00:00,0,0,0
2019-02-24 04:00:00,2,1,1
2019-02-24 05:00:00,1,1,0
2019-02-24 06:00:00,6,0,6
2019-02-24 07:00:00,23,5,18
2019-02-24 08:00:00,33,7,26
2019-02-24 09:00:00,22,9,13
2019-02-24 10:00:00,27,12,15
2019-02-24 11:00:00,32,19,13
2019-02-24 12:00:00,47,36,11
2019-02-24 13:00:00,65,40,25
2019-02-24 14:00:00,51,29,22
2019-02-24 15:00:00,58,31,27
2019-02-24 16:00:00,32,21,11
2019-02-24 17:00:00,26,19,7
2019-02-24 18:00:00,19,9,10
2019-02-24 19:00:00,10,4,6
2019-02-24 20:00:00,7,4,3
2019-02-24 21:00:00,8,4,4
2019-02-24 22:00:00,4,3,1
2019-02-24 23:00:00,6,5,1
2019-02-25 00:00:00,2,2,0
2019-02-25 01:00:00,2,1,1
2019-02-25 02:00:00,1,1,0
2019-02-25 03:00:00,0,0,0
2019-02-25 04:00:00,7,4,3
2019-02-25 05:00:00,14,3,11
2019-02-25 06:00:00,45,6,39
2019-02-25 07:00:00,147,16,131
2019-02-25 08:00:00,267,20,247
2019-02-25 09:00:00,131,29,102
2019-02-25 10:00:00,72,13,59
2019-02-25 11:00:00,37,10,27
2019-02-25 12:00:00,31,13,18
2019-02-25 13:00:00,36,18,18
2019-02-25 14:00:00,44,28,16
2019-02-25 15:00:00,46,33,13
2019-02-25 16:00:00,159,130,29
2019-02-25 17:00:00,284,253,31
2019-02-25 18:00:00,166,143,23
2019-02-25 19:00:00,67,50,17
2019-02-25 20:00:00,28,22,6
2019-02-25 21:00:00,17,14,3
2019-02-25 22:00:00,10,9,1
2019-02-25 23:00:00,5,4,1
2019-02-26 00:00:00,2,2,0
2019-02-26 01:00:00,0,0,0
2019-02-26 02:00:00,0,0,0
2019-02-26 03:00:00,0,0,0
2019-02-26 04:00:00,4,2,2
2019-02-26 05:00:00,15,3,12
2019-02-26 06:00:00,51,6,45
2019-02-26 07:00:00,165,19,146
2019-02-26 08:00:00,292,19,273
2019-02-26 09:00:00,154,21,133
2019-02-26 10:00:00,64,16,48
2019-02-26 11:00:00,45,12,33
2019-02-26 12:00:00,47,21,26
2019-02-26 13:00:00,38,24,14
2019-02-26 14:00:00,40,27,13
2019-02-26 15:00:00,65,46,19
2019-02-26 16:00:00,181,160,21
2019-02-26 17:00:00,283,250,33
2019-02-26 18:00:00,193,161,32
2019-02-26 19:00:00,72,62,10
2019-02-26 20:00:00,36,24,12
2019-02-26 21:00:00,20,16,4
2019-02-26 22:00:00,14,13,1
2019-02-26 23:00:00,8,5,3
2019-02-27 00:00:00,5,5,0
2019-02-27 01:00:00,2,2,0
2019-02-27 02:00:00,0,0,0
2019-02-27 03:00:00,0,0,0
2019-02-27 04:00:00,5,4,1
2019-02-27 05:00:00,19,4,15
2019-02-27 06:00:00,46,9,37
2019-02-27 07:00:00,145,9,136
2019-02-27 08:00:00,230,21,209
2019-02-27 09:00:00,141,15,126
2019-02-27 10:00:00,45,7,38
2019-02-27 11:00:00,25,6,19
2019-02-27 12:00:00,29,8,21
2019-02-27 13:00:00,25,21,4
2019-02-27 14:00:00,34,16,18
2019-02-27 15:00:00,59,47,12
2019-02-27 16:00:00,155,134,21
2019-02-27 17:00:00,271,248,23
2019-02-27 18:00:00,139,122,17
2019-02-27 19:00:00,65,48,17
2019-02-27 20:00:00,29,21,8
2019-02-27 21:00:00,19,17,2
2019-02-27 22:00:00,13,11,2
2019-02-27 23:00:00,3,3,0
2019-02-28 00:00:00,2,2,0
2019-02-28 01:00:00,3,2,1
2019-02-28 02:00:00,2,1,1
2019-02-28 03:00:00,0,0,0
2019-02-28 04:00:00,4,2,2
2019-02-28 05:00:00,16,3,13
2019-02-28 06:00:00,35,1,34
2019-02-28 07:00:00,145,14,131
2019-02-28 08:00:00,285,26,259
2019-02-28 09:00:00,157,24,133
2019-02-28 10:00:00,51,15,36
2019-02-28 11:00:00,42,9,33
2019-02-28 12:00:00,42,21,21
2019-02-28 13:00:00,42,14,28
2019-02-28 14:00:00,43,27,16
2019-02-28 15:00:00,81,65,16
2019-02-28 16:00:00,182,150,32
2019-02-28 17:00:00,300,267,33
2019-02-28 18:00:00,166,138,28
2019-02-28 19:00:00,58,43,15
2019-02-28 20:00:00,37,29,8
2019-02-28 21:00:00,29,21,8
2019-02-28 22:00:00,14,11,3
2019-02-28 23:00:00,9,6,3
2019-03-01 00:00:00,3,1,2
2019-03-01 01:00:00,1,1,0
2019-03-01 02:00:00,1,0,1
2019-03-01 03:00:00,0,0,0
2019-03-01 04:00:00,7,5,2
2019-03-01 05:00:00,10,2,8
2019-03-01 06:00:00,45,9,36
2019-03-01 07:00:00,140,25,115
2019-03-01 08:00:00,261,26,235
2019-03-01 09:00:00,164,25,139
2019-03-01 10:00:00,58,14,44
2019-03-01 11:00:00,39,16,23
2019-03-01 12:00:00,50,18,32
2019-03-01 13:00:00,64,27,37
2019-03-01 14:00:00,53,40,13
2019-03-01 15:00:00,88,65,23
2019-03-01 16:00:00,194,156,38
2019-03-01 17:00:00,274,236,38
2019-03-01 18:00:00,117,101,16
2019-03-01 19:00:00,55,41,14
2019-03-01 20:00:00,23,19,4
2019-03-01 21:00:00,18,14,4
2019-03-01 22:00:00,18,15,3
2019-03-01 23:00:00,12,5,7
2019-03-02 00:00:00,10,4,6
2019-03-02 01:00:00,8,2,6
2019-03-02 02:00:00,2,2,0
2019-03-02 03:00:00,1,1,0
2019-03-02 04:00:00,3,2,1
2019-03-02 05:00:00,2,1,1
2019-03-02 06:00:00,11,7,4
2019-03-02 07:00:00,14,4,10
2019-03-02 08:00:00,21,9,12
2019-03-02 09:00:00,23,6,17
2019-03-02 10:00:00,41,22,19
2019-03-02 11:00:00,62,31,31
2019-03-02 12:00:00,84,37,47
2019-03-02 13:00:00,89,49,40
2019-03-02 14:00:00,111,64,47
2019-03-02 15:00:00,99,55,44
2019-03-02 16:00:00,72,21,51
2019-03-02 17:00:00,72,34,38
2019-03-02 18:00:00,22,9,13
2019-03-02 19:00:00,19,13,6
2019-03-02 20:00:00,8,2,6
2019-03-02 21:00:00,14,12,2
2019-03-02 22:00:00,11,7,4
2019-03-02 23:00:00,6,4,2
2019-03-03 00:00:00,5,4,1
2019-03-03 01:00:00,5,2,3
2019-03-03 02:00:00,2,1,1
2019-03-03 03:00:00,1,0,1
2019-03-03 04:00:00,1,0,1
2019-03-03 05:00:00,1,0,1
2019-03-03 06:00:00,3,2,1
2019-03-03 07:00:00,7,3,4
2019-03-03 08:00:00,15,6,9
2019-03-03 09:00:00,45,15,30
2019-03-03 10:00:00,41,23,18
2019-03-03 11:00:00,76,43,33
2019-03-03 12:00:00,92,63,29
2019-03-03 13:00:00,94,52,42
2019-03-03 14:00:00,87,37,50
2019-03-03 15:00:00,97,54,43
2019-03-03 16:00:00,81,33,48
2019-03-03 17:00:00,48,23,25
2019-03-03 18:00:00,29,16,13
2019-03-03 19:00:00,14,8,6
2019-03-03 20:00:00,8,6,2
2019-03-03 21:00:00,7,2,5
2019-03-03 22:00:00,4,2,2
2019-03-03 23:00:00,1,1,0
2019-03-04 00:00:00,0,0,0
2019-03-04 01:00:00,1,0,1
2019-03-04 02:00:00,0,0,0
2019-03-04 03:00:00,0,0,0
2019-03-04 04:00:00,7,4,3
2019-03-04 05:00:00,19,2,17
2019-03-04 06:00:00,47,6,41
2019-03-04 07:00:00,176,16,160
2019-03-04 08:00:00,298,26,272
2019-03-04 09:00:00,177,22,155
2019-03-04 10:00:00,53,12,41
2019-03-04 11:00:00,47,14,33
2019-03-04 12:00:00,37,16,21
2019-03-04 13:00:00,43,19,24
2019-03-04 14:00:00,45,25,20
2019-03-04 15:00:00,76,61,15
2019-03-04 16:00:00,197,164,33
2019-03-04 17:00:00,306,267,39
2019-03-04 18:00:00,189,160,29
2019-03-04 19:00:00,82,72,10
2019-03-04 20:00:00,25,18,7
2019-03-04 21:00:00,21,13,8
2019-03-04 22:00:00,15,12,3
2019-03-04 23:00:00,3,3,0
2019-03-05 00:00:00,1,1,0
2019-03-05 01:00:00,0,0,0
2019-03-05 02:00:00,1,1,0
2019-03-05 03:00:00,0,0,0
2019-03-05 04:00:00,3,1,2
2019-03-05 05:00:00,16,3,13
2019-03-05 06:00:00,52,16,36
2019-03-05 07:00:00,178,28,150
2019-03-05 08:00:00,283,18,265
2019-03-05 09:00:00,162,23,139
2019-03-05 10:00:00,64,11,53
2019-03-05 11:00:00,47,11,36
2019-03-05 12:00:00,44,17,27
2019-03-05 13:00:00,49,27,22
2019-03-05 14:00:00,49,22,27
2019-03-05 15:00:00,83,57,26
2019-03-05 16:00:00,182,158,24
2019-03-05 17:00:00,345,300,45
2019-03-05 18:00:00,182,144,38
2019-03-05 19:00:00,76,59,17
2019-03-05 20:00:00,46,33,13
2019-03-05 21:00:00,22,16,6
2019-03-05 22:00:00,15,13,2
2019-03-05 23:00:00,6,4,2
2019-03-06 00:00:00,4,3,1
2019-03-06 01:00:00,1,1,0
2019-03-06 02:00:00,2,1,1
2019-03-06 03:00:00,1,1,0
2019-03-06 04:00:00,8,5,3
2019-03-06 05:00:00,15,5,10
2019-03-06 06:00:00,48,13,35
2019-03-06 07:00:00,159,23,136
2019-03-06 08:00:00,246,19,227
2019-03-06 09:00:00,129,17,112
2019-03-06 10:00:00,53,8,45
2019-03-06 11:00:00,34,10,24
2019-03-06 12:00:00,23,13,10
2019-03-06 13:00:00,27,16,11
2019-03-06 14:00:00,28,19,9
2019-03-06 15:00:00,44,33,11
2019-03-06 16:00:00,112,99,13
2019-03-06 17:00:00,239,216,23
2019-03-06 18:00:00,142,127,15
2019-03-06 19:00:00,67,50,17
2019-03-06 20:00:00,26,21,5
2019-03-06 21:00:00,15,13,2
2019-03-06 22:00:00,5,5,0
2019-03-06 23:00:00,3,1,2
2019-03-07 00:00:00,4,2,2
2019-03-07 01:00:00,2,2,0
2019-03-07 02:00:00,0,0,0
2019-03-07 03:00:00,0,0,0
2019-03-07 04:00:00,2,2,0
2019-03-07 05:00:00,10,2,8
2019-03-07 06:00:00,26,2,24
2019-03-07 07:00:00,65,9,56
2019-03-07 08:00:00,137,12,125
2019-03-07 09:00:00,86,18,68
2019-03-07 10:00:00,33,6,27
2019-03-07 11:00:00,25,8,17
2019-03-07 12:00:00,18,6,12
2019-03-07 13:00:00,18,6,12
2019-03-07 14:00:00,24,15,9
2019-03-07 15:00:00,39,27,12
2019-03-07 16:00:00,95,77,18
2019-03-07 17:00:00,142,114,28
2019-03-07 18:00:00,111,95,16
2019-03-07 19:00:00,50,43,7
2019-03-07 20:00:00,34,25,9
2019-03-07 21:00:00,16,13,3
2019-03-07 22:00:00,9,9,0
2019-03-07 23:00:00,4,2,2
2019-03-08 00:00:00,3,2,1
2019-03-08 01:00:00,2,2,0
2019-03-08 02:00:00,2,2,0
2019-03-08 03:00:00,1,0,1
2019-03-08 04:00:00,5,3,2
2019-03-08 05:00:00,13,3,10
2019-03-08 06:00:00,41,10,31
2019-03-08 07:00:00,120,9,111
2019-03-08 08:00:00,173,13,160
2019-03-08 09:00:00,90,10,80
2019-03-08 10:00:00,34,8,26
2019-03-08 11:00:00,29,12,17
2019-03-08 12:00:00,21,11,10
2019-03-08 13:00:00,23,11,12
2019-03-08 14:00:00,54,39,15
2019-03-08 15:00:00,51,37,14
2019-03-08 16:00:00,140,120,20
2019-03-08 17:00:00,250,183,67
2019-03-08 18:00:00,104,80,24
2019-03-08 19:00:00,47,38,9
2019-03-08 20:00:00,30,24,6
2019-03-08 21:00:00,12,9,3
2019-03-08 22:00:00,11,9,2
2019-03-08 23:00:00,4,3,1
2019-03-09 00:00:00,6,4,2
2019-03-09 01:00:00,4,2,2
2019-03-09 02:00:00,1,0,1
2019-03-09 03:00:00,1,1,0
2019-03-09 04:00:00,5,3,2
2019-03-09 05:00:00,3,0,3
2019-03-09 06:00:00,6,2,4
2019-03-09 07:00:00,10,5,5
2019-03-09 08:00:00,10,1,9
2019-03-09 09:00:00,26,8,18
2019-03-09 10:00:00,27,14,13
2019-03-09 11:00:00,47,21,26
2019-03-09 12:00:00,77,48,29
2019-03-09 13:00:00,111,56,55
2019-03-09 14:00:00,90,55,35
2019-03-09 15:00:00,100,52,48
2019-03-09 16:00:00,87,36,51
2019-03-09 17:00:00,73,37,36
2019-03-09 18:00:00,33,19,14
2019-03-09 19:00:00,14,6,8
2019-03-09 20:00:00,22,12,10
2019-03-09 21:00:00,23,16,7
2019-03-09 22:00:00,11,6,5
2019-03-09 23:00:00,8,5,3
2019-03-10 00:00:00,9,7,2
2019-03-10 01:00:00,2,1,1
2019-03-10 02:00:00,0,0,0
2019-03-10 03:00:00,1,0,1
2019-03-10 04:00:00,3,0,3
2019-03-10 05:00:00,3,2,1
2019-03-10 06:00:00,3,2,1
2019-03-10 07:00:00,5,3,2
2019-03-10 08:00:00,16,5,11
2019-03-10 09:00:00,24,9,15
2019-03-10 10:00:00,24,14,10
2019-03-10 11:00:00,51,21,30
2019-03-10 12:00:00,86,65,21
2019-03-10 13:00:00,101,49,52
2019-03-10 14:00:00,115,77,38
2019-03-10 15:00:00,153,90,63
2019-03-10 16:00:00,113,51,62
2019-03-10 17:00:00,85,36,49
2019-03-10 18:00:00,47,15,32
2019-03-10 19:00:00,34,18,16
2019-03-10 20:00:00,19,7,12
2019-03-10 21:00:00,9,4,5
2019-03-10 22:00:00,3,2,1
2019-03-10 23:00:00,4,3,1
2019-03-11 00:00:00,2,1,1
2019-03-11 01:00:00,2,0,2
2019-03-11 02:00:00,0,0,0
2019-03-11 03:00:00,2,1,1
2019-03-11 04:00:00,7,5,2
2019-03-11 05:00:00,21,5,16
2019-03-11 06:00:00,45,9,36
2019-03-11 07:00:00,149,19,130
2019-03-11 08:00:00,285,25,260
2019-03-11 09:00:00,190,22,168
2019-03-11 10:00:00,78,24,54
2019-03-11 11:00:00,36,13,23
2019-03-11 12:00:00,25,9,16
2019-03-11 13:00:00,39,26,13
2019-03-11 14:00:00,32,23,9
2019-03-11 15:00:00,64,50,14
2019-03-11 16:00:00,181,158,23
2019-03-11 17:00:00,268,242,26
2019-03-11 18:00:00,181,160,21
2019-03-11 19:00:00,76,60,16
2019-03-11 20:00:00,25,15,10
2019-03-11 21:00:00,12,9,3
2019-03-11 22:00:00,3,3,0
2019-03-11 23:00:00,4,1,3
2019-03-12 00:00:00,0,0,0
2019-03-12 01:00:00,0,0,0
2019-03-12 02:00:00,0,0,0
2019-03-12 03:00:00,0,0,0
2019-03-12 04:00:00,4,1,3
2019-03-12 05:00:00,13,3,10
2019-03-12 06:00:00,28,3,25
2019-03-12 07:00:00,135,20,115
2019-03-12 08:00:00,216,18,198
2019-03-12 09:00:00,141,22,119
2019-03-12 10:00:00,53,10,43
2019-03-12 11:00:00,22,6,16
2019-03-12 12:00:00,20,4,16
2019-03-12 13:00:00,27,17,10
2019-03-12 14:00:00,28,18,10
2019-03-12 15:00:00,48,35,13
2019-03-12 16:00:00,128,109,19
2019-03-12 17:00:00,247,211,36
2019-03-12 18:00:00,174,148,26
2019-03-12 19:00:00,75,58,17
2019-03-12 20:00:00,40,27,13
2019-03-12 21:00:00,21,15,6
2019-03-12 22:00:00,15,11,4
2019-03-12 23:00:00,4,3,1
2019-03-13 00:00:00,3,2,1
2019-03-13 01:00:00,0,0,0
2019-03-13 02:00:00,0,0,0
2019-03-13 03:00:00,1,1,0
2019-03-13 04:00:00,6,5,1
2019-03-13 05:00:00,29,6,23
2019-03-13 06:00:00,59,10,49
2019-03-13 07:00:00,159,21,138
2019-03-13 08:00:00,273,21,252
2019-03-13 09:00:00,141,24,117
2019-03-13 10:00:00,75,19,56
2019-03-13 11:00:00,45,14,31
2019-03-13 12:00:00,42,18,24
2019-03-13 13:00:00,25,18,7
2019-03-13 14:00:00,49,32,17
2019-03-13 15:00:00,72,56,16
2019-03-13 16:00:00,198,157,41
2019-03-13 17:00:00,347,281,66
2019-03-13 18:00:00,216,183,33
2019-03-13 19:00:00,84,64,20
2019-03-13 20:00:00,45,33,12
2019-03-13 21:00:00,32,22,10
2019-03-13 22:00:00,19,12,7
2019-03-13 23:00:00,7,3,4
2019-03-14 00:00:00,3,3,0
2019-03-14 01:00:00,1,1,0
2019-03-14 02:00:00,1,0,1
2019-03-14 03:00:00,1,1,0
2019-03-14 04:00:00,6,3,3
2019-03-14 05:00:00,18,4,14
2019-03-14 06:00:00,48,7,41
2019-03-14 07:00:00,170,26,144
2019-03-14 08:00:00,302,30,272
2019-03-14 09:00:00,190,27,163
2019-03-14 10:00:00,73,17,56
2019-03-14 11:00:00,49,18,31
2019-03-14 12:00:00,39,25,14
2019-03-14 13:00:00,42,23,19
2019-03-14 14:00:00,47,24,23
2019-03-14 15:00:00,84,62,22
2019-03-14 16:00:00,169,140,29
2019-03-14 17:00:00,336,280,56
2019-03-14 18:00:00,196,163,33
2019-03-14 19:00:00,91,71,20
2019-03-14 20:00:00,52,33,19
2019-03-14 21:00:00,26,17,9
2019-03-14 22:00:00,12,10,2
2019-03-14 23:00:00,12,8,4
2019-03-15 00:00:00,2,2,0
2019-03-15 01:00:00,3,3,0
2019-03-15 02:00:00,2,1,1
2019-03-15 03:00:00,0,0,0
2019-03-15 04:00:00,5,5,0
2019-03-15 05:00:00,16,4,12
2019-03-15 06:00:00,42,6,36
2019-03-15 07:00:00,151,25,126
2019-03-15 08:00:00,266,24,242
2019-03-15 09:00:00,174,21,153
2019-03-15 10:00:00,80,23,57
2019-03-15 11:00:00,51,21,30
2019-03-15 12:00:00,55,29,26
2019-03-15 13:00:00,71,36,35
2019-03-15 14:00:00,77,53,24
2019-03-15 15:00:00,103,80,23
2019-03-15 16:00:00,236,192,44
2019-03-15 17:00:00,345,291,54
2019-03-15 18:00:00,154,124,30
2019-03-15 19:00:00,65,43,22
2019-03-15 20:00:00,40,31,9
2019-03-15 21:00:00,21,15,6
2019-03-15 22:00:00,15,13,2
2019-03-15 23:00:00,12,9,3
2019-03-16 00:00:00,5,5,0
2019-03-16 01:00:00,8,5,3
2019-03-16 02:00:00,3,1,2
2019-03-16 03:00:00,1,1,0
2019-03-16 04:00:00,2,1,1
2019-03-16 05:00:00,7,0,7
2019-03-16 06:00:00,4,3,1
2019-03-16 07:00:00,17,4,13
2019-03-16 08:00:00,17,8,9
2019-03-16 09:00:00,47,16,31
2019-03-16 10:00:00,51,25,26
2019-03-16 11:00:00,64,25,39
2019-03-16 12:00:00,112,59,53
2019-03-16 13:00:00,109,64,45
2019-03-16 14:00:00,148,90,58
2019-03-16 15:00:00,175,102,73
2019-03-16 16:00:00,139,66,73
2019-03-16 17:00:00,101,60,41
2019-03-16 18:00:00,64,30,34
2019-03-16 19:00:00,42,14,28
2019-03-16 20:00:00,28,11,17
2019-03-16 21:00:00,10,7,3
2019-03-16 22:00:00,21,15,6
2019-03-16 23:00:00,8,4,4
2019-03-17 00:00:00,11,5,6
2019-03-17 01:00:00,9,4,5
2019-03-17 02:00:00,2,2,0
2019-03-17 03:00:00,0,0,0
2019-03-17 04:00:00,4,2,2
2019-03-17 05:00:00,4,1,3
2019-03-17 06:00:00,6,4,2
2019-03-17 07:00:00,15,5,10
2019-03-17 08:00:00,19,7,12
2019-03-17 09:00:00,47,25,22
2019-03-17 10:00:00,69,40,29
2019-03-17 11:00:00,122,72,50
2019-03-17 12:00:00,135,88,47
2019-03-17 13:00:00,201,105,96
2019-03-17 14:00:00,186,109,77
2019-03-17 15:00:00,175,108,67
2019-03-17 16:00:00,164,87,77
2019-03-17 17:00:00,119,62,57
2019-03-17 18:00:00,93,39,54
2019-03-17 19:00:00,53,14,39
2019-03-17 20:00:00,13,8,5
2019-03-17 21:00:00,20,9,11
2019-03-17 22:00:00,4,3,1
2019-03-17 23:00:00,8,7,1
2019-03-18 00:00:00,2,0,2
2019-03-18 01:00:00,0,0,0
2019-03-18 02:00:00,1,1,0
2019-03-18 03:00:00,1,1,0
2019-03-18 04:00:00,6,3,3
2019-03-18 05:00:00,28,6,22
2019-03-18 06:00:00,62,7,55
2019-03-18 07:00:00,208,22,186
2019-03-18 08:00:00,423,29,394
2019-03-18 09:00:00,241,28,213
2019-03-18 10:00:00,102,28,74
2019-03-18 11:00:00,60,24,36
2019-03-18 12:00:00,59,29,30
2019-03-18 13:00:00,70,46,24
2019-03-18 14:00:00,91,53,38
2019-03-18 15:00:00,117,82,35
2019-03-18 16:00:00,307,250,57
2019-03-18 17:00:00,540,452,88
2019-03-18 18:00:00,310,268,42
2019-03-18 19:00:00,149,105,44
2019-03-18 20:00:00,53,33,20
2019-03-18 21:00:00,25,13,12
2019-03-18 22:00:00,13,7,6
2019-03-18 23:00:00,6,3,3
2019-03-19 00:00:00,3,2,1
2019-03-19 01:00:00,1,1,0
2019-03-19 02:00:00,1,1,0
2019-03-19 03:00:00,1,0,1
2019-03-19 04:00:00,3,2,1
2019-03-19 05:00:00,28,6,22
2019-03-19 06:00:00,67,12,55
2019-03-19 07:00:00,272,30,242
2019-03-19 08:00:00,462,38,424
2019-03-19 09:00:00,261,37,224
2019-03-19 10:00:00,103,28,75
2019-03-19 11:00:00,82,37,45
2019-03-19 12:00:00,58,31,27
2019-03-19 13:00:00,73,40,33
2019-03-19 14:00:00,103,73,30
2019-03-19 15:00:00,136,98,38
2019-03-19 16:00:00,329,279,50
2019-03-19 17:00:00,569,480,89
2019-03-19 18:00:00,350,282,68
2019-03-19 19:00:00,189,115,74
2019-03-19 20:00:00,86,54,32
2019-03-19 21:00:00,56,43,13
2019-03-19 22:00:00,37,23,14
2019-03-19 23:00:00,8,5,3
2019-03-20 00:00:00,3,1,2
2019-03-20 01:00:00,2,1,1
2019-03-20 02:00:00,7,3,4
2019-03-20 03:00:00,3,2,1
2019-03-20 04:00:00,6,3,3
2019-03-20 05:00:00,23,8,15
2019-03-20 06:00:00,80,14,66
2019-03-20 07:00:00,276,29,247
2019-03-20 08:00:00,422,37,385
2019-03-20 09:00:00,262,38,224
2019-03-20 10:00:00,89,16,73
2019-03-20 11:00:00,56,15,41
2019-03-20 12:00:00,82,35,47
2019-03-20 13:00:00,79,43,36
2019-03-20 14:00:00,89,54,35
2019-03-20 15:00:00,144,110,34
2019-03-20 16:00:00,320,272,48
2019-03-20 17:00:00,574,498,76
2019-03-20 18:00:00,352,284,68
2019-03-20 19:00:00,161,111,50
2019-03-20 20:00:00,94,57,37
2019-03-20 21:00:00,48,28,20
2019-03-20 22:00:00,36,25,11
2019-03-20 23:00:00,15,13,2
2019-03-21 00:00:00,8,6,2
2019-03-21 01:00:00,1,1,0
2019-03-21 02:00:00,0,0,0
2019-03-21 03:00:00,1,0,1
2019-03-21 04:00:00,2,2,0
2019-03-21 05:00:00,20,4,16
2019-03-21 06:00:00,59,10,49
2019-03-21 07:00:00,223,29,194
2019-03-21 08:00:00,393,35,358
2019-03-21 09:00:00,237,35,202
2019-03-21 10:00:00,98,24,74
2019-03-21 11:00:00,63,23,40
2019-03-21 12:00:00,63,23,40
2019-03-21 13:00:00,64,39,25
2019-03-21 14:00:00,71,39,32
2019-03-21 15:00:00,126,85,41
2019-03-21 16:00:00,253,216,37
2019-03-21 17:00:00,446,379,67
2019-03-21 18:00:00,273,217,56
2019-03-21 19:00:00,124,95,29
2019-03-21 20:00:00,62,41,21
2019-03-21 21:00:00,40,26,14
2019-03-21 22:00:00,25,16,9
2019-03-21 23:00:00,12,10,2
2019-03-22 00:00:00,1,0,1
2019-03-22 01:00:00,2,2,0
2019-03-22 02:00:00,3,3,0
2019-03-22 03:00:00,0,0,0
2019-03-22 04:00:00,5,4,1
2019-03-22 05:00:00,10,3,7
2019-03-22 06:00:00,57,10,47
2019-03-22 07:00:00,196,15,181
2019-03-22 08:00:00,282,43,239
2019-03-22 09:00:00,190,23,167
2019-03-22 10:00:00,76,24,52
2019-03-22 11:00:00,73,32,41
2019-03-22 12:00:00,64,34,30
2019-03-22 13:00:00,69,38,31
2019-03-22 14:00:00,86,55,31
2019-03-22 15:00:00,143,107,36
2019-03-22 16:00:00,191,173,18
2019-03-22 17:00:00,254,219,35
2019-03-22 18:00:00,166,143,23
2019-03-22 19:00:00,62,48,14
2019-03-22 20:00:00,36,25,11
2019-03-22 21:00:00,32,23,9
2019-03-22 22:00:00,18,14,4
2019-03-22 23:00:00,14,8,6
2019-03-23 00:00:00,7,6,1
2019-03-23 01:00:00,5,2,3
2019-03-23 02:00:00,2,2,0
2019-03-23 03:00:00,1,1,0
2019-03-23 04:00:00,2,1,1
2019-03-23 05:00:00,3,2,1
2019-03-23 06:00:00,9,1,8
2019-03-23 07:00:00,18,8,10
2019-03-23 08:00:00,29,12,17
2019-03-23 09:00:00,45,20,25
2019-03-23 10:00:00,52,16,36
2019-03-23 11:00:00,83,41,42
2019-03-23 12:00:00,78,46,32
2019-03-23 13:00:00,87,51,36
2019-03-23 14:00:00,101,53,48
2019-03-23 15:00:00,141,100,41
2019-03-23 16:00:00,113,52,61
2019-03-23 17:00:00,114,69,45
2019-03-23 18:00:00,94,52,42
2019-03-23 19:00:00,49,18,31
2019-03-23 20:00:00,26,16,10
2019-03-23 21:00:00,16,3,13
2019-03-23 22:00:00,19,9,10
2019-03-23 23:00:00,20,17,3
2019-03-24 00:00:00,9,8,1
2019-03-24 01:00:00,9,4,5
2019-03-24 02:00:00,3,1,2
2019-03-24 03:00:00,0,0,0
2019-03-24 04:00:00,2,0,2
2019-03-24 05:00:00,4,2,2
2019-03-24 06:00:00,6,4,2
2019-03-24 07:00:00,12,5,7
2019-03-24 08:00:00,37,17,20
2019-03-24 09:00:00,50,25,25
2019-03-24 10:00:00,65,33,32
2019-03-24 11:00:00,93,47,46
2019-03-24 12:00:00,109,60,49
2019-03-24 13:00:00,121,69,52
2019-03-24 14:00:00,157,97,60
2019-03-24 15:00:00,139,69,70
2019-03-24 16:00:00,84,32,52
2019-03-24 17:00:00,71,38,33
2019-03-24 18:00:00,64,34,30
2019-03-24 19:00:00,37,23,14
2019-03-24 20:00:00,27,10,17
2019-03-24 21:00:00,19,14,5
2019-03-24 22:00:00,7,1,6
2019-03-24 23:00:00,3,0,3
2019-03-25 00:00:00,6,4,2
2019-03-25 01:00:00,1,0,1
2019-03-25 02:00:00,5,5,0
2019-03-25 03:00:00,0,0,0
2019-03-25 04:00:00,5,4,1
2019-03-25 05:00:00,21,5,16
2019-03-25 06:00:00,59,9,50
2019-03-25 07:00:00,184,19,165
2019-03-25 08:00:00,340,32,308
2019-03-25 09:00:00,179,26,153
2019-03-25 10:00:00,68,27,41
2019-03-25 11:00:00,47,20,27
2019-03-25 12:00:00,46,19,27
2019-03-25 13:00:00,45,25,20
2019-03-25 14:00:00,41,33,8
2019-03-25 15:00:00,89,68,21
2019-03-25 16:00:00,199,171,28
2019-03-25 17:00:00,305,275,30
2019-03-25 18:00:00,167,150,17
2019-03-25 19:00:00,58,44,14
2019-03-25 20:00:00,17,16,1
2019-03-25 21:00:00,16,14,2
2019-03-25 22:00:00,14,10,4
2019-03-25 23:00:00,5,3,2
2019-03-26 00:00:00,1,1,0
2019-03-26 01:00:00,2,0,2
2019-03-26 02:00:00,2,1,1
2019-03-26 03:00:00,0,0,0
2019-03-26 04:00:00,4,2,2
2019-03-26 05:00:00,16,2,14
2019-03-26 06:00:00,58,7,51
2019-03-26 07:00:00,223,24,199
2019-03-26 08:00:00,334,25,309
2019-03-26 09:00:00,207,25,182
2019-03-26 10:00:00,85,13,72
2019-03-26 11:00:00,47,20,27
2019-03-26 12:00:00,53,24,29
2019-03-26 13:00:00,56,30,26
2019-03-26 14:00:00,67,43,24
2019-03-26 15:00:00,105,75,30
2019-03-26 16:00:00,241,198,43
2019-03-26 17:00:00,442,374,68
2019-03-26 18:00:00,299,253,46
2019-03-26 19:00:00,118,78,40
2019-03-26 20:00:00,63,36,27
2019-03-26 21:00:00,38,26,12
2019-03-26 22:00:00,21,13,8
2019-03-26 23:00:00,9,7,2
2019-03-27 00:00:00,10,5,5
2019-03-27 01:00:00,5,5,0
2019-03-27 02:00:00,2,1,1
2019-03-27 03:00:00,2,1,1
2019-03-27 04:00:00,8,5,3
2019-03-27 05:00:00,23,3,20
2019-03-27 06:00:00,83,17,66
2019-03-27 07:00:00,241,22,219
2019-03-27 08:00:00,386,46,340
2019-03-27 09:00:00,197,27,170
2019-03-27 10:00:00,78,13,65
2019-03-27 11:00:00,69,26,43
2019-03-27 12:00:00,76,35,41
2019-03-27 13:00:00,44,23,21
2019-03-27 14:00:00,80,52,28
2019-03-27 15:00:00,74,52,22
2019-03-27 16:00:00,227,190,37
2019-03-27 17:00:00,422,369,53
2019-03-27 18:00:00,299,242,57
2019-03-27 19:00:00,128,104,24
2019-03-27 20:00:00,36,24,12
2019-03-27 21:00:00,40,28,12
2019-03-27 22:00:00,19,18,1
2019-03-27 23:00:00,7,5,2
2019-03-28 00:00:00,1,1,0
2019-03-28 01:00:00,3,3,0
2019-03-28 02:00:00,3,1,2
2019-03-28 03:00:00,1,0,1
2019-03-28 04:00:00,5,3,2
2019-03-28 05:00:00,24,4,20
2019-03-28 06:00:00,64,12,52
2019-03-28 07:00:00,200,20,180
2019-03-28 08:00:00,363,48,315
2019-03-28 09:00:00,193,35,158
2019-03-28 10:00:00,92,21,71
2019-03-28 11:00:00,73,29,44
2019-03-28 12:00:00,72,32,40
2019-03-28 13:00:00,65,36,29
2019-03-28 14:00:00,83,42,41
2019-03-28 15:00:00,116,83,33
2019-03-28 16:00:00,253,208,45
2019-03-28 17:00:00,393,326,67
2019-03-28 18:00:00,276,224,52
2019-03-28 19:00:00,109,83,26
2019-03-28 20:00:00,70,45,25
2019-03-28 21:00:00,50,29,21
2019-03-28 22:00:00,24,15,9
2019-03-28 23:00:00,8,6,2
2019-03-29 00:00:00,6,5,1
2019-03-29 01:00:00,3,2,1
2019-03-29 02:00:00,2,1,1
2019-03-29 03:00:00,2,1,1
2019-03-29 04:00:00,9,7,2
2019-03-29 05:00:00,12,4,8
2019-03-29 06:00:00,54,12,42
2019-03-29 07:00:00,204,24,180
2019-03-29 08:00:00,314,40,274
2019-03-29 09:00:00,185,36,149
2019-03-29 10:00:00,79,18,61
2019-03-29 11:00:00,80,44,36
2019-03-29 12:00:00,82,42,40
2019-03-29 13:00:00,69,39,30
2019-03-29 14:00:00,70,43,27
2019-03-29 15:00:00,114,96,18
2019-03-29 16:00:00,226,183,43
2019-03-29 17:00:00,399,344,55
2019-03-29 18:00:00,219,159,60
2019-03-29 19:00:00,98,73,25
2019-03-29 20:00:00,58,32,26
2019-03-29 21:00:00,45,24,21
2019-03-29 22:00:00,23,11,12
2019-03-29 23:00:00,24,17,7
2019-03-30 00:00:00,17,12,5
2019-03-30 01:00:00,4,3,1
2019-03-30 02:00:00,4,3,1
2019-03-30 03:00:00,1,1,0
2019-03-30 04:00:00,3,2,1
2019-03-30 05:00:00,3,0,3
2019-03-30 06:00:00,9,3,6
2019-03-30 07:00:00,20,11,9
2019-03-30 08:00:00,33,13,20
2019-03-30 09:00:00,58,30,28
2019-03-30 10:00:00,68,40,28
2019-03-30 11:00:00,99,62,37
2019-03-30 12:00:00,135,77,58
2019-03-30 13:00:00,193,110,83
2019-03-30 14:00:00,190,101,89
2019-03-30 15:00:00,190,100,90
2019-03-30 16:00:00,172,82,90
2019-03-30 17:00:00,158,78,80
2019-03-30 18:00:00,115,52,63
2019-03-30 19:00:00,69,31,38
2019-03-30 20:00:00,38,15,23
2019-03-30 21:00:00,29,13,16
2019-03-30 22:00:00,17,15,2
2019-03-30 23:00:00,15,11,4
2019-03-31 00:00:00,9,4,5
2019-03-31 01:00:00,8,6,2
2019-03-31 02:00:00,3,1,2
2019-03-31 03:00:00,2,1,1
2019-03-31 04:00:00,4,2,2
2019-03-31 05:00:00,2,1,1
2019-03-31 06:00:00,11,5,6
2019-03-31 07:00:00,18,9,9
2019-03-31 08:00:00,28,14,14
2019-03-31 09:00:00,64,32,32
2019-03-31 10:00:00,74,44,30
2019-03-31 11:00:00,117,69,48
2019-03-31 12:00:00,157,101,56
2019-03-31 13:00:00,164,87,77
2019-03-31 14:00:00,145,77,68
2019-03-31 15:00:00,172,81,91
2019-03-31 16:00:00,152,78,74
2019-03-31 17:00:00,139,78,61
2019-03-31 18:00:00,112,57,55
2019-03-31 19:00:00,70,32,38
2019-03-31 20:00:00,28,14,14
2019-03-31 21:00:00,14,7,7
2019-03-31 22:00:00,17,4,13
2019-03-31 23:00:00,5,3,2
2019-04-01 00:00:00,3,1,2
2019-04-01 01:00:00,6,2,4
2019-04-01 02:00:00,4,3,1
2019-04-01 03:00:00,1,0,1
2019-04-01 04:00:00,8,4,4
2019-04-01 05:00:00,25,10,15
2019-04-01 06:00:00,79,12,67
2019-04-01 07:00:00,248,30,218
2019-04-01 08:00:00,433,26,407
2019-04-01 09:00:00,238,37,201
2019-04-01 10:00:00,91,28,63
2019-04-01 11:00:00,61,25,36
2019-04-01 12:00:00,63,23,40
2019-04-01 13:00:00,66,39,27
2019-04-01 14:00:00,63,46,17
2019-04-01 15:00:00,116,94,22
2019-04-01 16:00:00,289,252,37
2019-04-01 17:00:00,529,460,69
2019-04-01 18:00:00,343,294,49
2019-04-01 19:00:00,131,84,47
2019-04-01 20:00:00,65,40,25
2019-04-01 21:00:00,29,11,18
2019-04-01 22:00:00,20,12,8
2019-04-01 23:00:00,11,7,4
2019-04-02 00:00:00,3,2,1
2019-04-02 01:00:00,1,0,1
2019-04-02 02:00:00,1,1,0
2019-04-02 03:00:00,1,0,1
2019-04-02 04:00:00,8,5,3
2019-04-02 05:00:00,26,5,21
2019-04-02 06:00:00,84,14,70
2019-04-02 07:00:00,296,33,263
2019-04-02 08:00:00,463,45,418
2019-04-02 09:00:00,248,36,212
2019-04-02 10:00:00,103,22,81
2019-04-02 11:00:00,68,22,46
2019-04-02 12:00:00,58,30,28
2019-04-02 13:00:00,71,39,32
2019-04-02 14:00:00,58,38,20
2019-04-02 15:00:00,121,97,24
2019-04-02 16:00:00,277,239,38
2019-04-02 17:00:00,491,432,59
2019-04-02 18:00:00,330,279,51
2019-04-02 19:00:00,130,98,32
2019-04-02 20:00:00,69,48,21
2019-04-02 21:00:00,43,29,14
2019-04-02 22:00:00,28,16,12
2019-04-02 23:00:00,8,7,1
2019-04-03 00:00:00,5,3,2
2019-04-03 01:00:00,5,2,3
2019-04-03 02:00:00,1,0,1
2019-04-03 03:00:00,1,0,1
2019-04-03 04:00:00,8,3,5
2019-04-03 05:00:00,23,4,19
2019-04-03 06:00:00,64,10,54
2019-04-03 07:00:00,245,23,222
2019-04-03 08:00:00,316,28,288
2019-04-03 09:00:00,172,21,151
2019-04-03 10:00:00,66,15,51
2019-04-03 11:00:00,32,12,20
2019-04-03 12:00:00,35,16,19
2019-04-03 13:00:00,41,25,16
2019-04-03 14:00:00,60,33,27
2019-04-03 15:00:00,95,70,25
2019-04-03 16:00:00,207,184,23
2019-04-03 17:00:00,372,337,35
2019-04-03 18:00:00,235,187,48
2019-04-03 19:00:00,88,73,15
2019-04-03 20:00:00,43,30,13
2019-04-03 21:00:00,30,20,10
2019-04-03 22:00:00,12,10,2
2019-04-03 23:00:00,10,9,1
2019-04-04 00:00:00,6,4,2
2019-04-04 01:00:00,0,0,0
2019-04-04 02:00:00,2,2,0
2019-04-04 03:00:00,0,0,0
2019-04-04 04:00:00,2,0,2
2019-04-04 05:00:00,22,3,19
2019-04-04 06:00:00,67,13,54
2019-04-04 07:00:00,237,23,214
2019-04-04 08:00:00,433,40,393
2019-04-04 09:00:00,205,32,173
2019-04-04 10:00:00,82,20,62
2019-04-04 11:00:00,59,24,35
2019-04-04 12:00:00,76,26,50
2019-04-04 13:00:00,68,38,30
2019-04-04 14:00:00,71,44,27
2019-04-04 15:00:00,124,83,41
2019-04-04 16:00:00,261,216,45
2019-04-04 17:00:00,470,408,62
2019-04-04 18:00:00,294,240,54
2019-04-04 19:00:00,127,98,29
2019-04-04 20:00:00,54,39,15
2019-04-04 21:00:00,32,23,9
2019-04-04 22:00:00,13,9,4
2019-04-04 23:00:00,8,7,1
2019-04-05 00:00:00,3,2,1
2019-04-05 01:00:00,1,1,0
2019-04-05 02:00:00,1,1,0
2019-04-05 03:00:00,1,0,1
2019-04-05 04:00:00,5,3,2
2019-04-05 05:00:00,16,3,13
2019-04-05 06:00:00,47,9,38
2019-04-05 07:00:00,168,19,149
2019-04-05 08:00:00,276,28,248
2019-04-05 09:00:00,177,23,154
2019-04-05 10:00:00,53,12,41
2019-04-05 11:00:00,40,18,22
2019-04-05 12:00:00,25,12,13
2019-04-05 13:00:00,17,12,5
2019-04-05 14:00:00,31,23,8
2019-04-05 15:00:00,48,38,10
2019-04-05 16:00:00,174,151,23
2019-04-05 17:00:00,296,261,35
2019-04-05 18:00:00,148,124,24
2019-04-05 19:00:00,79,70,9
2019-04-05 20:00:00,27,19,8
2019-04-05 21:00:00,17,8,9
2019-04-05 22:00:00,8,5,3
2019-04-05 23:00:00,11,7,4
2019-04-06 00:00:00,4,3,1
2019-04-06 01:00:00,8,6,2
2019-04-06 02:00:00,3,0,3
2019-04-06 03:00:00,5,2,3
2019-04-06 04:00:00,3,2,1
2019-04-06 05:00:00,1,0,1
2019-04-06 06:00:00,4,4,0
2019-04-06 07:00:00,15,8,7
2019-04-06 08:00:00,22,9,13
2019-04-06 09:00:00,12,4,8
2019-04-06 10:00:00,26,13,13
2019-04-06 11:00:00,23,10,13
2019-04-06 12:00:00,43,22,21
2019-04-06 13:00:00,46,23,23
2019-04-06 14:00:00,24,10,14
2019-04-06 15:00:00,34,20,14
2019-04-06 16:00:00,58,39,19
2019-04-06 17:00:00,37,27,10
2019-04-06 18:00:00,33,20,13
2019-04-06 19:00:00,22,5,17
2019-04-06 20:00:00,13,5,8
2019-04-06 21:00:00,15,10,5
2019-04-06 22:00:00,11,9,2
2019-04-06 23:00:00,5,5,0
2019-04-07 00:00:00,3,2,1
2019-04-07 01:00:00,4,1,3
2019-04-07 02:00:00,2,0,2
2019-04-07 03:00:00,1,0,1
2019-04-07 04:00:00,2,1,1
2019-04-07 05:00:00,3,1,2
2019-04-07 06:00:00,7,3,4
2019-04-07 07:00:00,13,4,9
2019-04-07 08:00:00,37,19,18
2019-04-07 09:00:00,33,18,15
2019-04-07 10:00:00,31,16,15
2019-04-07 11:00:00,72,38,34
2019-04-07 12:00:00,73,29,44
2019-04-07 13:00:00,58,34,24
2019-04-07 14:00:00,77,42,35
2019-04-07 15:00:00,56,29,27
2019-04-07 16:00:00,89,46,43
2019-04-07 17:00:00,68,35,33
2019-04-07 18:00:00,49,26,23
2019-04-07 19:00:00,36,18,18
2019-04-07 20:00:00,15,8,7
2019-04-07 21:00:00,3,1,2
2019-04-07 22:00:00,4,3,1
2019-04-07 23:00:00,9,6,3
2019-04-08 00:00:00,3,0,3
2019-04-08 01:00:00,0,0,0
2019-04-08 02:00:00,0,0,0
2019-04-08 03:00:00,0,0,0
2019-04-08 04:00:00,6,1,5
2019-04-08 05:00:00,22,6,16
2019-04-08 06:00:00,45,8,37
2019-04-08 07:00:00,179,23,156
2019-04-08 08:00:00,280,23,257
2019-04-08 09:00:00,182,19,163
2019-04-08 10:00:00,55,15,40
2019-04-08 11:00:00,36,12,24
2019-04-08 12:00:00,29,17,12
2019-04-08 13:00:00,35,21,14
2019-04-08 14:00:00,41,29,12
2019-04-08 15:00:00,72,49,23
2019-04-08 16:00:00,178,158,20
2019-04-08 17:00:00,293,257,36
2019-04-08 18:00:00,171,153,18
2019-04-08 19:00:00,91,67,24
2019-04-08 20:00:00,43,32,11
2019-04-08 21:00:00,18,15,3
2019-04-08 22:00:00,9,9,0
2019-04-08 23:00:00,4,2,2
2019-04-09 00:00:00,2,1,1
2019-04-09 01:00:00,0,0,0
2019-04-09 02:00:00,1,1,0
2019-04-09 03:00:00,1,0,1
2019-04-09 04:00:00,4,1,3
2019-04-09 05:00:00,15,5,10
2019-04-09 06:00:00,49,7,42
2019-04-09 07:00:00,224,25,199
2019-04-09 08:00:00,291,37,254
2019-04-09 09:00:00,209,30,179
2019-04-09 10:00:00,74,17,57
2019-04-09 11:00:00,65,25,40
2019-04-09 12:00:00,55,26,29
2019-04-09 13:00:00,59,31,28
2019-04-09 14:00:00,50,31,19
2019-04-09 15:00:00,111,74,37
2019-04-09 16:00:00,203,175,28
2019-04-09 17:00:00,357,302,55
2019-04-09 18:00:00,245,214,31
2019-04-09 19:00:00,111,77,34
2019-04-09 20:00:00,58,33,25
2019-04-09 21:00:00,42,28,14
2019-04-09 22:00:00,13,12,1
2019-04-09 23:00:00,7,7,0
2019-04-10 00:00:00,2,2,0
2019-04-10 01:00:00,2,0,2
2019-04-10 02:00:00,0,0,0
2019-04-10 03:00:00,2,1,1
2019-04-10 04:00:00,6,3,3
2019-04-10 05:00:00,23,5,18
2019-04-10 06:00:00,48,6,42
2019-04-10 07:00:00,171,24,147
2019-04-10 08:00:00,274,29,245
2019-04-10 09:00:00,177,32,145
2019-04-10 10:00:00,62,18,44
2019-04-10 11:00:00,41,18,23
2019-04-10 12:00:00,40,16,24
2019-04-10 13:00:00,37,24,13
2019-04-10 14:00:00,40,26,14
2019-04-10 15:00:00,70,51,19
2019-04-10 16:00:00,154,136,18
2019-04-10 17:00:00,292,266,26
2019-04-10 18:00:00,197,168,29
2019-04-10 19:00:00,64,53,11
2019-04-10 20:00:00,34,24,10
2019-04-10 21:00:00,21,14,7
2019-04-10 22:00:00,17,13,4
2019-04-10 23:00:00,1,1,0
2019-04-11 00:00:00,4,2,2
2019-04-11 01:00:00,1,1,0
2019-04-11 02:00:00,0,0,0
2019-04-11 03:00:00,0,0,0
2019-04-11 04:00:00,3,1,2
2019-04-11 05:00:00,15,4,11
2019-04-11 06:00:00,44,11,33
2019-04-11 07:00:00,136,10,126
2019-04-11 08:00:00,219,22,197
2019-04-11 09:00:00,147,24,123
2019-04-11 10:00:00,53,10,43
2019-04-11 11:00:00,31,6,25
2019-04-11 12:00:00,27,14,13
2019-04-11 13:00:00,31,19,12
2019-04-11 14:00:00,33,20,13
2019-04-11 15:00:00,59,45,14
2019-04-11 16:00:00,142,120,22
2019-04-11 17:00:00,251,208,43
2019-04-11 18:00:00,188,157,31
2019-04-11 19:00:00,60,42,18
2019-04-11 20:00:00,47,36,11
2019-04-11 21:00:00,17,14,3
2019-04-11 22:00:00,12,7,5
2019-04-11 23:00:00,7,7,0
2019-04-12 00:00:00,6,5,1
2019-04-12 01:00:00,1,1,0
2019-04-12 02:00:00,1,0,1
2019-04-12 03:00:00,0,0,0
2019-04-12 04:00:00,3,3,0
2019-04-12 05:00:00,15,7,8
2019-04-12 06:00:00,34,9,25
2019-04-12 07:00:00,137,15,122
2019-04-12 08:00:00,236,28,208
2019-04-12 09:00:00,142,28,114
2019-04-12 10:00:00,70,21,49
2019-04-12 11:00:00,36,18,18
2019-04-12 12:00:00,55,28,27
2019-04-12 13:00:00,51,29,22
2019-04-12 14:00:00,76,50,26
2019-04-12 15:00:00,121,83,38
2019-04-12 16:00:00,182,143,39
2019-04-12 17:00:00,294,252,42
2019-04-12 18:00:00,189,137,52
2019-04-12 19:00:00,67,40,27
2019-04-12 20:00:00,46,29,17
2019-04-12 21:00:00,29,22,7
2019-04-12 22:00:00,15,10,5
2019-04-12 23:00:00,16,10,6
2019-04-13 00:00:00,9,8,1
2019-04-13 01:00:00,10,6,4
2019-04-13 02:00:00,5,3,2
2019-04-13 03:00:00,3,0,3
2019-04-13 04:00:00,3,1,2
2019-04-13 05:00:00,3,1,2
2019-04-13 06:00:00,10,5,5
2019-04-13 07:00:00,16,5,11
2019-04-13 08:00:00,16,4,12
2019-04-13 09:00:00,19,7,12
2019-04-13 10:00:00,24,10,14
2019-04-13 11:00:00,25,9,16
2019-04-13 12:00:00,34,19,15
2019-04-13 13:00:00,32,20,12
2019-04-13 14:00:00,39,20,19
2019-04-13 15:00:00,50,33,17
2019-04-13 16:00:00,33,20,13
2019-04-13 17:00:00,50,29,21
2019-04-13 18:00:00,67,30,37
2019-04-13 19:00:00,45,22,23
2019-04-13 20:00:00,14,7,7
2019-04-13 21:00:00,17,14,3
2019-04-13 22:00:00,9,6,3
2019-04-13 23:00:00,5,4,1
2019-04-14 00:00:00,4,1,3
2019-04-14 01:00:00,3,2,1
2019-04-14 02:00:00,4,2,2
2019-04-14 03:00:00,0,0,0
2019-04-14 04:00:00,3,1,2
2019-04-14 05:00:00,4,1,3
2019-04-14 06:00:00,8,5,3
2019-04-14 07:00:00,8,3,5
2019-04-14 08:00:00,28,13,15
2019-04-14 09:00:00,22,12,10
2019-04-14 10:00:00,43,25,18
2019-04-14 11:00:00,57,27,30
2019-04-14 12:00:00,73,42,31
2019-04-14 13:00:00,59,35,24
2019-04-14 14:00:00,62,35,27
2019-04-14 15:00:00,65,30,35
2019-04-14 16:00:00,56,26,30
2019-04-14 17:00:00,43,26,17
2019-04-14 18:00:00,17,13,4
2019-04-14 19:00:00,20,11,9
2019-04-14 20:00:00,11,6,5
2019-04-14 21:00:00,8,6,2
2019-04-14 22:00:00,5,2,3
2019-04-14 23:00:00,3,3,0
2019-04-15 00:00:00,0,0,0
2019-04-15 01:00:00,1,0,1
2019-04-15 02:00:00,0,0,0
2019-04-15 03:00:00,2,1,1
2019-04-15 04:00:00,5,3,2
2019-04-15 05:00:00,20,5,15
2019-04-15 06:00:00,73,15,58
2019-04-15 07:00:00,223,27,196
2019-04-15 08:00:00,360,48,312
2019-04-15 09:00:00,228,29,199
2019-04-15 10:00:00,75,17,58
2019-04-15 11:00:00,59,15,44
2019-04-15 12:00:00,49,27,22
2019-04-15 13:00:00,59,29,30
2019-04-15 14:00:00,49,31,18
2019-04-15 15:00:00,96,79,17
2019-04-15 16:00:00,232,189,43
2019-04-15 17:00:00,447,382,65
2019-04-15 18:00:00,267,223,44
2019-04-15 19:00:00,96,69,27
2019-04-15 20:00:00,53,32,21
2019-04-15 21:00:00,25,16,9
2019-04-15 22:00:00,12,6,6
2019-04-15 23:00:00,8,3,5
2019-04-16 00:00:00,4,4,0
2019-04-16 01:00:00,0,0,0
2019-04-16 02:00:00,0,0,0
2019-04-16 03:00:00,2,1,1
2019-04-16 04:00:00,4,1,3
2019-04-16 05:00:00,24,6,18
2019-04-16 06:00:00,72,12,60
2019-04-16 07:00:00,258,43,215
2019-04-16 08:00:00,342,33,309
2019-04-16 09:00:00,215,33,182
2019-04-16 10:00:00,78,22,56
2019-04-16 11:00:00,43,9,34
2019-04-16 12:00:00,33,13,20
2019-04-16 13:00:00,53,35,18
2019-04-16 14:00:00,72,47,25
2019-04-16 15:00:00,88,66,22
2019-04-16 16:00:00,233,194,39
2019-04-16 17:00:00,377,323,54
2019-04-16 18:00:00,215,185,30
2019-04-16 19:00:00,69,60,9
2019-04-16 20:00:00,49,36,13
2019-04-16 21:00:00,24,23,1
2019-04-16 22:00:00,5,1,4
2019-04-16 23:00:00,6,6,0
2019-04-17 00:00:00,3,2,1
2019-04-17 01:00:00,2,2,0
2019-04-17 02:00:00,2,1,1
2019-04-17 03:00:00,2,0,2
2019-04-17 04:00:00,9,5,4
2019-04-17 05:00:00,20,5,15
2019-04-17 06:00:00,64,11,53
2019-04-17 07:00:00,251,30,221
2019-04-17 08:00:00,348,37,311
2019-04-17 09:00:00,182,36,146
2019-04-17 10:00:00,69,18,51
2019-04-17 11:00:00,25,9,16
2019-04-17 12:00:00,47,27,20
2019-04-17 13:00:00,52,30,22
2019-04-17 14:00:00,62,35,27
2019-04-17 15:00:00,80,48,32
2019-04-17 16:00:00,250,219,31
2019-04-17 17:00:00,410,347,63
2019-04-17 18:00:00,263,204,59
2019-04-17 19:00:00,136,98,38
2019-04-17 20:00:00,72,51,21
2019-04-17 21:00:00,26,19,7
2019-04-17 22:00:00,20,14,6
2019-04-17 23:00:00,9,8,1
2019-04-18 00:00:00,7,3,4
2019-04-18 01:00:00,2,1,1
2019-04-18 02:00:00,1,0,1
2019-04-18 03:00:00,2,0,2
2019-04-18 04:00:00,5,1,4
2019-04-18 05:00:00,21,5,16
2019-04-18 06:00:00,52,11,41
2019-04-18 07:00:00,149,22,127
2019-04-18 08:00:00,262,31,231
2019-04-18 09:00:00,139,16,123
2019-04-18 10:00:00,77,19,58
2019-04-18 11:00:00,36,13,23
2019-04-18 12:00:00,42,14,28
2019-04-18 13:00:00,45,27,18
2019-04-18 14:00:00,71,40,31
2019-04-18 15:00:00,88,69,19
2019-04-18 16:00:00,169,132,37
2019-04-18 17:00:00,297,256,41
2019-04-18 18:00:00,182,144,38
2019-04-18 19:00:00,81,62,19
2019-04-18 20:00:00,51,31,20
2019-04-18 21:00:00,21,13,8
2019-04-18 22:00:00,8,7,1
2019-04-18 23:00:00,9,6,3
2019-04-19 00:00:00,3,2,1
2019-04-19 01:00:00,3,3,0
2019-04-19 02:00:00,0,0,0
2019-04-19 03:00:00,3,1,2
2019-04-19 04:00:00,3,3,0
2019-04-19 05:00:00,13,4,9
2019-04-19 06:00:00,53,10,43
2019-04-19 07:00:00,129,17,112
2019-04-19 08:00:00,220,23,197
2019-04-19 09:00:00,141,18,123
2019-04-19 10:00:00,72,20,52
2019-04-19 11:00:00,56,16,40
2019-04-19 12:00:00,33,23,10
2019-04-19 13:00:00,41,27,14
2019-04-19 14:00:00,53,40,13
2019-04-19 15:00:00,65,51,14
2019-04-19 16:00:00,146,133,13
2019-04-19 17:00:00,209,186,23
2019-04-19 18:00:00,103,91,12
2019-04-19 19:00:00,45,40,5
2019-04-19 20:00:00,25,18,7
2019-04-19 21:00:00,17,15,2
2019-04-19 22:00:00,13,10,3
2019-04-19 23:00:00,12,8,4
2019-04-20 00:00:00,6,5,1
2019-04-20 01:00:00,5,2,3
2019-04-20 02:00:00,2,2,0
2019-04-20 03:00:00,6,4,2
2019-04-20 04:00:00,3,1,2
2019-04-20 05:00:00,3,0,3
2019-04-20 06:00:00,13,4,9
2019-04-20 07:00:00,34,19,15
2019-04-20 08:00:00,31,13,18
2019-04-20 09:00:00,46,31,15
2019-04-20 10:00:00,71,31,40
2019-04-20 11:00:00,89,36,53
2019-04-20 12:00:00,110,63,47
2019-04-20 13:00:00,132,76,56
2019-04-20 14:00:00,148,79,69
2019-04-20 15:00:00,124,71,53
2019-04-20 16:00:00,121,66,55
2019-04-20 17:00:00,100,55,45
2019-04-20 18:00:00,100,43,57
2019-04-20 19:00:00,77,39,38
2019-04-20 20:00:00,38,17,21
2019-04-20 21:00:00,30,17,13
2019-04-20 22:00:00,12,5,7
2019-04-20 23:00:00,13,11,2
2019-04-21 00:00:00,11,6,5
2019-04-21 01:00:00,15,5,10
2019-04-21 02:00:00,4,3,1
2019-04-21 03:00:00,6,1,5
2019-04-21 04:00:00,2,0,2
2019-04-21 05:00:00,2,1,1
2019-04-21 06:00:00,8,6,2
2019-04-21 07:00:00,16,4,12
2019-04-21 08:00:00,30,16,14
2019-04-21 09:00:00,49,29,20
2019-04-21 10:00:00,52,22,30
2019-04-21 11:00:00,77,56,21
2019-04-21 12:00:00,103,64,39
2019-04-21 13:00:00,106,60,46
2019-04-21 14:00:00,101,63,38
2019-04-21 15:00:00,157,77,80
2019-04-21 16:00:00,103,50,53
2019-04-21 17:00:00,101,44,57
2019-04-21 18:00:00,86,41,45
2019-04-21 19:00:00,40,26,14
2019-04-21 20:00:00,29,9,20
2019-04-21 21:00:00,19,11,8
2019-04-21 22:00:00,6,5,1
2019-04-21 23:00:00,6,5,1
2019-04-22 00:00:00,4,0,4
2019-04-22 01:00:00,4,4,0
2019-04-22 02:00:00,3,2,1
2019-04-22 03:00:00,1,0,1
2019-04-22 04:00:00,5,3,2
2019-04-22 05:00:00,23,6,17
2019-04-22 06:00:00,63,16,47
2019-04-22 07:00:00,184,24,160
2019-04-22 08:00:00,322,29,293
2019-04-22 09:00:00,212,32,180
2019-04-22 10:00:00,65,16,49
2019-04-22 11:00:00,35,10,25
2019-04-22 12:00:00,44,20,24
2019-04-22 13:00:00,41,22,19
2019-04-22 14:00:00,42,31,11
2019-04-22 15:00:00,63,45,18
2019-04-22 16:00:00,182,155,27
2019-04-22 17:00:00,306,282,24
2019-04-22 18:00:00,195,177,18
2019-04-22 19:00:00,71,62,9
2019-04-22 20:00:00,26,20,6
2019-04-22 21:00:00,22,17,5
2019-04-22 22:00:00,13,9,4
2019-04-22 23:00:00,7,4,3
2019-04-23 00:00:00,4,2,2
2019-04-23 01:00:00,6,2,4
2019-04-23 02:00:00,2,0,2
2019-04-23 03:00:00,4,2,2
2019-04-23 04:00:00,5,3,2
2019-04-23 05:00:00,22,3,19
2019-04-23 06:00:00,74,15,59
2019-04-23 07:00:00,256,38,218
2019-04-23 08:00:00,361,40,321
2019-04-23 09:00:00,198,28,170
2019-04-23 10:00:00,72,18,54
2019-04-23 11:00:00,57,21,36
2019-04-23 12:00:00,56,24,32
2019-04-23 13:00:00,58,32,26
2019-04-23 14:00:00,65,47,18
2019-04-23 15:00:00,106,75,31
2019-04-23 16:00:00,226,173,53
2019-04-23 17:00:00,440,381,59
2019-04-23 18:00:00,302,258,44
2019-04-23 19:00:00,121,89,32
2019-04-23 20:00:00,61,39,22
2019-04-23 21:00:00,30,19,11
2019-04-23 22:00:00,25,17,8
2019-04-23 23:00:00,6,4,2
2019-04-24 00:00:00,8,4,4
2019-04-24 01:00:00,0,0,0
2019-04-24 02:00:00,2,1,1
2019-04-24 03:00:00,1,0,1
2019-04-24 04:00:00,5,3,2
2019-04-24 05:00:00,19,5,14
2019-04-24 06:00:00,83,15,68
2019-04-24 07:00:00,278,29,249
2019-04-24 08:00:00,403,43,360
2019-04-24 09:00:00,241,24,217
2019-04-24 10:00:00,95,21,74
2019-04-24 11:00:00,47,18,29
2019-04-24 12:00:00,58,31,27
2019-04-24 13:00:00,84,47,37
2019-04-24 14:00:00,86,53,33
2019-04-24 15:00:00,120,75,45
2019-04-24 16:00:00,272,225,47
2019-04-24 17:00:00,467,386,81
2019-04-24 18:00:00,326,277,49
2019-04-24 19:00:00,169,114,55
2019-04-24 20:00:00,86,55,31
2019-04-24 21:00:00,39,25,14
2019-04-24 22:00:00,28,24,4
2019-04-24 23:00:00,14,9,5
2019-04-25 00:00:00,4,3,1
2019-04-25 01:00:00,4,4,0
2019-04-25 02:00:00,3,3,0
2019-04-25 03:00:00,1,1,0
2019-04-25 04:00:00,5,4,1
2019-04-25 05:00:00,18,3,15
2019-04-25 06:00:00,68,12,56
2019-04-25 07:00:00,268,32,236
2019-04-25 08:00:00,411,52,359
2019-04-25 09:00:00,223,43,180
2019-04-25 10:00:00,83,26,57
2019-04-25 11:00:00,70,27,43
2019-04-25 12:00:00,54,26,28
2019-04-25 13:00:00,62,35,27
2019-04-25 14:00:00,72,40,32
2019-04-25 15:00:00,124,89,35
2019-04-25 16:00:00,233,180,53
2019-04-25 17:00:00,448,392,56
2019-04-25 18:00:00,261,210,51
2019-04-25 19:00:00,117,91,26
2019-04-25 20:00:00,64,44,20
2019-04-25 21:00:00,42,28,14
2019-04-25 22:00:00,39,26,13
2019-04-25 23:00:00,14,11,3
2019-04-26 00:00:00,5,2,3
2019-04-26 01:00:00,7,7,0
2019-04-26 02:00:00,0,0,0
2019-04-26 03:00:00,3,1,2
2019-04-26 04:00:00,2,1,1
2019-04-26 05:00:00,19,4,15
2019-04-26 06:00:00,66,19,47
2019-04-26 07:00:00,200,30,170
2019-04-26 08:00:00,376,51,325
2019-04-26 09:00:00,202,32,170
2019-04-26 10:00:00,90,19,71
2019-04-26 11:00:00,67,35,32
2019-04-26 12:00:00,67,29,38
2019-04-26 13:00:00,71,44,27
2019-04-26 14:00:00,80,54,26
2019-04-26 15:00:00,143,90,53
2019-04-26 16:00:00,273,216,57
2019-04-26 17:00:00,423,345,78
2019-04-26 18:00:00,231,191,40
2019-04-26 19:00:00,106,75,31
2019-04-26 20:00:00,47,24,23
2019-04-26 21:00:00,33,24,9
2019-04-26 22:00:00,31,26,5
2019-04-26 23:00:00,22,17,5
2019-04-27 00:00:00,22,20,2
2019-04-27 01:00:00,6,5,1
2019-04-27 02:00:00,1,1,0
2019-04-27 03:00:00,1,0,1
2019-04-27 04:00:00,1,1,0
2019-04-27 05:00:00,3,0,3
2019-04-27 06:00:00,9,1,8
2019-04-27 07:00:00,18,10,8
2019-04-27 08:00:00,37,19,18
2019-04-27 09:00:00,58,22,36
2019-04-27 10:00:00,87,41,46
2019-04-27 11:00:00,93,50,43
2019-04-27 12:00:00,110,53,57
2019-04-27 13:00:00,65,40,25
2019-04-27 14:00:00,90,50,40
2019-04-27 15:00:00,78,33,45
2019-04-27 16:00:00,53,25,28
2019-04-27 17:00:00,56,37,19
2019-04-27 18:00:00,72,32,40
2019-04-27 19:00:00,65,36,29
2019-04-27 20:00:00,28,16,12
2019-04-27 21:00:00,16,9,7
2019-04-27 22:00:00,19,14,5
2019-04-27 23:00:00,16,6,10
2019-04-28 00:00:00,10,5,5
2019-04-28 01:00:00,5,3,2
2019-04-28 02:00:00,3,2,1
2019-04-28 03:00:00,2,0,2
2019-04-28 04:00:00,5,2,3
2019-04-28 05:00:00,2,1,1
2019-04-28 06:00:00,11,4,7
2019-04-28 07:00:00,10,5,5
2019-04-28 08:00:00,43,24,19
2019-04-28 09:00:00,42,20,22
2019-04-28 10:00:00,64,40,24
2019-04-28 11:00:00,129,61,68
2019-04-28 12:00:00,164,86,78
2019-04-28 13:00:00,143,84,59
2019-04-28 14:00:00,184,106,78
2019-04-28 15:00:00,162,80,82
2019-04-28 16:00:00,167,80,87
2019-04-28 17:00:00,148,77,71
2019-04-28 18:00:00,96,44,52
2019-04-28 19:00:00,57,20,37
2019-04-28 20:00:00,42,22,20
2019-04-28 21:00:00,19,7,12
2019-04-28 22:00:00,9,7,2
2019-04-28 23:00:00,7,6,1
2019-04-29 00:00:00,6,3,3
2019-04-29 01:00:00,1,1,0
2019-04-29 02:00:00,0,0,0
2019-04-29 03:00:00,3,2,1
2019-04-29 04:00:00,4,3,1
2019-04-29 05:00:00,23,9,14
2019-04-29 06:00:00,77,14,63
2019-04-29 07:00:00,284,35,249
2019-04-29 08:00:00,463,58,405
2019-04-29 09:00:00,257,38,219
2019-04-29 10:00:00,96,29,67
2019-04-29 11:00:00,59,26,33
2019-04-29 12:00:00,76,32,44
2019-04-29 13:00:00,55,22,33
2019-04-29 14:00:00,100,60,40
2019-04-29 15:00:00,131,94,37
2019-04-29 16:00:00,284,236,48
2019-04-29 17:00:00,557,492,65
2019-04-29 18:00:00,307,263,44
2019-04-29 19:00:00,162,116,46
2019-04-29 20:00:00,65,36,29
2019-04-29 21:00:00,29,17,12
2019-04-29 22:00:00,19,10,9
2019-04-29 23:00:00,11,9,2
2019-04-30 00:00:00,4,4,0
2019-04-30 01:00:00,2,0,2
2019-04-30 02:00:00,1,1,0
2019-04-30 03:00:00,2,1,1
2019-04-30 04:00:00,5,1,4
2019-04-30 05:00:00,25,5,20
2019-04-30 06:00:00,90,16,74
2019-04-30 07:00:00,304,35,269
2019-04-30 08:00:00,477,58,419
2019-04-30 09:00:00,271,51,220
2019-04-30 10:00:00,103,24,79
2019-04-30 11:00:00,78,31,47
2019-04-30 12:00:00,65,32,33
2019-04-30 13:00:00,87,44,43
2019-04-30 14:00:00,91,52,39
2019-04-30 15:00:00,142,95,47
2019-04-30 16:00:00,336,268,68
2019-04-30 17:00:00,529,441,88
2019-04-30 18:00:00,370,292,78
2019-04-30 19:00:00,191,123,68
2019-04-30 20:00:00,97,64,33
2019-04-30 21:00:00,55,27,28
2019-04-30 22:00:00,28,20,8
2019-04-30 23:00:00,19,14,5
2019-05-01 00:00:00,4,3,1
2019-05-01 01:00:00,3,2,1
2019-05-01 02:00:00,3,1,2
2019-05-01 03:00:00,3,2,1
2019-05-01 04:00:00,5,2,3
2019-05-01 05:00:00,30,8,22
2019-05-01 06:00:00,106,20,86
2019-05-01 07:00:00,339,43,296
2019-05-01 08:00:00,463,46,417
2019-05-01 09:00:00,264,47,217
2019-05-01 10:00:00,105,31,74
2019-05-01 11:00:00,70,24,46
2019-05-01 12:00:00,75,33,42
2019-05-01 13:00:00,97,56,41
2019-05-01 14:00:00,96,62,34
2019-05-01 15:00:00,135,103,32
2019-05-01 16:00:00,331,274,57
2019-05-01 17:00:00,546,471,75
2019-05-01 18:00:00,323,258,65
2019-05-01 19:00:00,158,125,33
2019-05-01 20:00:00,89,56,33
2019-05-01 21:00:00,50,31,19
2019-05-01 22:00:00,45,28,17
2019-05-01 23:00:00,13,12,1
2019-05-02 00:00:00,3,1,2
2019-05-02 01:00:00,1,1,0
2019-05-02 02:00:00,1,1,0
2019-05-02 03:00:00,2,0,2
2019-05-02 04:00:00,3,2,1
2019-05-02 05:00:00,23,6,17
2019-05-02 06:00:00,85,10,75
2019-05-02 07:00:00,278,29,249
2019-05-02 08:00:00,437,57,380
2019-05-02 09:00:00,232,30,202
2019-05-02 10:00:00,106,32,74
2019-05-02 11:00:00,61,20,41
2019-05-02 12:00:00,61,28,33
2019-05-02 13:00:00,75,42,33
2019-05-02 14:00:00,91,63,28
2019-05-02 15:00:00,107,81,26
2019-05-02 16:00:00,239,201,38
2019-05-02 17:00:00,505,448,57
2019-05-02 18:00:00,287,236,51
2019-05-02 19:00:00,126,98,28
2019-05-02 20:00:00,88,62,26
2019-05-02 21:00:00,41,25,16
2019-05-02 22:00:00,26,15,11
2019-05-02 23:00:00,12,8,4
2019-05-03 00:00:00,13,11,2
2019-05-03 01:00:00,4,2,2
2019-05-03 02:00:00,5,5,0
2019-05-03 03:00:00,1,0,1
2019-05-03 04:00:00,4,3,1
2019-05-03 05:00:00,19,8,11
2019-05-03 06:00:00,78,18,60
2019-05-03 07:00:00,227,32,195
2019-05-03 08:00:00,339,36,303
2019-05-03 09:00:00,210,32,178
2019-05-03 10:00:00,93,31,62
2019-05-03 11:00:00,72,30,42
2019-05-03 12:00:00,78,33,45
2019-05-03 13:00:00,76,36,40
2019-05-03 14:00:00,95,65,30
2019-05-03 15:00:00,145,106,39
2019-05-03 16:00:00,286,247,39
2019-05-03 17:00:00,396,337,59
2019-05-03 18:00:00,241,195,46
2019-05-03 19:00:00,107,75,32
2019-05-03 20:00:00,70,44,26
2019-05-03 21:00:00,26,14,12
2019-05-03 22:00:00,24,17,7
2019-05-03 23:00:00,29,20,9
2019-05-04 00:00:00,17,7,10
2019-05-04 01:00:00,8,1,7
2019-05-04 02:00:00,2,2,0
2019-05-04 03:00:00,5,1,4
2019-05-04 04:00:00,5,4,1
2019-05-04 05:00:00,1,0,1
2019-05-04 06:00:00,16,9,7
2019-05-04 07:00:00,35,18,17
2019-05-04 08:00:00,50,23,27
2019-05-04 09:00:00,66,30,36
2019-05-04 10:00:00,103,61,42
2019-05-04 11:00:00,116,60,56
2019-05-04 12:00:00,193,99,94
2019-05-04 13:00:00,154,95,59
2019-05-04 14:00:00,184,100,84
2019-05-04 15:00:00,178,108,70
2019-05-04 16:00:00,171,88,83
2019-05-04 17:00:00,174,98,76
2019-05-04 18:00:00,107,62,45
2019-05-04 19:00:00,96,41,55
2019-05-04 20:00:00,48,10,38
2019-05-04 21:00:00,25,12,13
2019-05-04 22:00:00,22,13,9
2019-05-04 23:00:00,12,7,5
2019-05-05 00:00:00,23,15,8
2019-05-05 01:00:00,10,4,6
2019-05-05 02:00:00,8,7,1
2019-05-05 03:00:00,6,3,3
2019-05-05 04:00:00,6,3,3
2019-05-05 05:00:00,4,3,1
2019-05-05 06:00:00,5,3,2
2019-05-05 07:00:00,27,9,18
2019-05-05 08:00:00,49,20,29
2019-05-05 09:00:00,82,46,36
2019-05-05 10:00:00,87,43,44
2019-05-05 11:00:00,120,78,42
2019-05-05 12:00:00,170,108,62
2019-05-05 13:00:00,156,92,64
2019-05-05 14:00:00,198,109,89
2019-05-05 15:00:00,205,86,119
2019-05-05 16:00:00,209,109,100
2019-05-05 17:00:00,151,82,69
2019-05-05 18:00:00,79,38,41
2019-05-05 19:00:00,58,27,31
2019-05-05 20:00:00,51,26,25
2019-05-05 21:00:00,19,7,12
2019-05-05 22:00:00,5,4,1
2019-05-05 23:00:00,19,13,6
2019-05-06 00:00:00,4,2,2
2019-05-06 01:00:00,1,1,0
2019-05-06 02:00:00,0,0,0
2019-05-06 03:00:00,2,0,2
2019-05-06 04:00:00,5,4,1
2019-05-06 05:00:00,32,8,24
2019-05-06 06:00:00,98,24,74
2019-05-06 07:00:00,319,31,288
2019-05-06 08:00:00,513,49,464
2019-05-06 09:00:00,300,47,253
2019-05-06 10:00:00,111,26,85
2019-05-06 11:00:00,46,20,26
2019-05-06 12:00:00,79,42,37
2019-05-06 13:00:00,88,48,40
2019-05-06 14:00:00,93,51,42
2019-05-06 15:00:00,144,105,39
2019-05-06 16:00:00,347,284,63
2019-05-06 17:00:00,575,496,79
2019-05-06 18:00:00,372,322,50
2019-05-06 19:00:00,208,149,59
2019-05-06 20:00:00,91,55,36
2019-05-06 21:00:00,59,28,31
2019-05-06 22:00:00,35,21,14
2019-05-06 23:00:00,13,10,3
2019-05-07 00:00:00,2,0,2
2019-05-07 01:00:00,1,1,0
2019-05-07 02:00:00,1,0,1
2019-05-07 03:00:00,0,0,0
2019-05-07 04:00:00,4,2,2
2019-05-07 05:00:00,29,9,20
2019-05-07 06:00:00,119,21,98
2019-05-07 07:00:00,378,45,333
2019-05-07 08:00:00,534,61,473
2019-05-07 09:00:00,289,57,232
2019-05-07 10:00:00,107,20,87
2019-05-07 11:00:00,76,37,39
2019-05-07 12:00:00,70,30,40
2019-05-07 13:00:00,98,50,48
2019-05-07 14:00:00,89,64,25
2019-05-07 15:00:00,147,85,62
2019-05-07 16:00:00,357,290,67
2019-05-07 17:00:00,667,585,82
2019-05-07 18:00:00,398,322,76
2019-05-07 19:00:00,192,136,56
2019-05-07 20:00:00,118,70,48
2019-05-07 21:00:00,69,45,24
2019-05-07 22:00:00,35,21,14
2019-05-07 23:00:00,27,18,9
2019-05-08 00:00:00,4,2,2
2019-05-08 01:00:00,1,1,0
2019-05-08 02:00:00,4,4,0
2019-05-08 03:00:00,1,1,0
2019-05-08 04:00:00,5,2,3
2019-05-08 05:00:00,33,6,27
2019-05-08 06:00:00,108,26,82
2019-05-08 07:00:00,368,42,326
2019-05-08 08:00:00,508,68,440
2019-05-08 09:00:00,271,44,227
2019-05-08 10:00:00,107,25,82
2019-05-08 11:00:00,78,23,55
2019-05-08 12:00:00,135,60,75
2019-05-08 13:00:00,83,56,27
2019-05-08 14:00:00,97,62,35
2019-05-08 15:00:00,105,71,34
2019-05-08 16:00:00,387,318,69
2019-05-08 17:00:00,606,522,84
2019-05-08 18:00:00,381,313,68
2019-05-08 19:00:00,198,133,65
2019-05-08 20:00:00,98,61,37
2019-05-08 21:00:00,65,35,30
2019-05-08 22:00:00,34,28,6
2019-05-08 23:00:00,23,15,8
2019-05-09 00:00:00,16,7,9
2019-05-09 01:00:00,6,6,0
2019-05-09 02:00:00,3,2,1
2019-05-09 03:00:00,1,0,1
2019-05-09 04:00:00,6,4,2
2019-05-09 05:00:00,31,10,21
2019-05-09 06:00:00,100,19,81
2019-05-09 07:00:00,376,49,327
2019-05-09 08:00:00,493,63,430
2019-05-09 09:00:00,275,53,222
2019-05-09 10:00:00,103,34,69
2019-05-09 11:00:00,80,25,55
2019-05-09 12:00:00,104,42,62
2019-05-09 13:00:00,94,52,42
2019-05-09 14:00:00,116,67,49
2019-05-09 15:00:00,161,113,48
2019-05-09 16:00:00,363,294,69
2019-05-09 17:00:00,593,505,88
2019-05-09 18:00:00,381,313,68
2019-05-09 19:00:00,179,132,47
2019-05-09 20:00:00,115,75,40
2019-05-09 21:00:00,64,36,28
2019-05-09 22:00:00,26,20,6
2019-05-09 23:00:00,19,10,9
2019-05-10 00:00:00,13,8,5
2019-05-10 01:00:00,8,6,2
2019-05-10 02:00:00,2,2,0
2019-05-10 03:00:00,4,1,3
2019-05-10 04:00:00,6,5,1
2019-05-10 05:00:00,17,4,13
2019-05-10 06:00:00,104,22,82
2019-05-10 07:00:00,268,30,238
2019-05-10 08:00:00,477,70,407
2019-05-10 09:00:00,254,46,208
2019-05-10 10:00:00,119,35,84
2019-05-10 11:00:00,81,37,44
2019-05-10 12:00:00,91,48,43
2019-05-10 13:00:00,130,69,61
2019-05-10 14:00:00,124,87,37
2019-05-10 15:00:00,204,147,57
2019-05-10 16:00:00,371,300,71
2019-05-10 17:00:00,520,428,92
2019-05-10 18:00:00,314,229,85
2019-05-10 19:00:00,158,104,54
2019-05-10 20:00:00,81,46,35
2019-05-10 21:00:00,59,21,38
2019-05-10 22:00:00,49,35,14
2019-05-10 23:00:00,26,18,8
2019-05-11 00:00:00,20,12,8
2019-05-11 01:00:00,11,7,4
2019-05-11 02:00:00,1,0,1
2019-05-11 03:00:00,0,0,0
2019-05-11 04:00:00,5,3,2
2019-05-11 05:00:00,6,0,6
2019-05-11 06:00:00,18,5,13
2019-05-11 07:00:00,34,15,19
2019-05-11 08:00:00,66,30,36
2019-05-11 09:00:00,86,37,49
2019-05-11 10:00:00,99,48,51
2019-05-11 11:00:00,126,72,54
2019-05-11 12:00:00,158,106,52
2019-05-11 13:00:00,170,88,82
2019-05-11 14:00:00,153,82,71
2019-05-11 15:00:00,194,121,73
2019-05-11 16:00:00,138,68,70
2019-05-11 17:00:00,154,88,66
2019-05-11 18:00:00,134,49,85
2019-05-11 19:00:00,79,36,43
2019-05-11 20:00:00,70,24,46
2019-05-11 21:00:00,65,34,31
2019-05-11 22:00:00,23,10,13
2019-05-11 23:00:00,21,17,4
2019-05-12 00:00:00,13,6,7
2019-05-12 01:00:00,12,7,5
2019-05-12 02:00:00,3,2,1
2019-05-12 03:00:00,6,5,1
2019-05-12 04:00:00,1,1,0
2019-05-12 05:00:00,3,2,1
2019-05-12 06:00:00,12,5,7
2019-05-12 07:00:00,24,8,16
2019-05-12 08:00:00,27,15,12
2019-05-12 09:00:00,34,17,17
2019-05-12 10:00:00,54,34,20
2019-05-12 11:00:00,83,38,45
2019-05-12 12:00:00,75,45,30
2019-05-12 13:00:00,81,42,39
2019-05-12 14:00:00,120,76,44
2019-05-12 15:00:00,100,69,31
2019-05-12 16:00:00,121,49,72
2019-05-12 17:00:00,96,52,44
2019-05-12 18:00:00,59,27,32
2019-05-12 19:00:00,61,34,27
2019-05-12 20:00:00,47,27,20
2019-05-12 21:00:00,15,5,10
2019-05-12 22:00:00,14,6,8
2019-05-12 23:00:00,8,5,3
2019-05-13 00:00:00,2,1,1
2019-05-13 01:00:00,3,3,0
2019-05-13 02:00:00,1,1,0
2019-05-13 03:00:00,3,2,1
2019-05-13 04:00:00,4,3,1
2019-05-13 05:00:00,25,6,19
2019-05-13 06:00:00,106,18,88
2019-05-13 07:00:00,286,21,265
2019-05-13 08:00:00,468,49,419
2019-05-13 09:00:00,248,43,205
2019-05-13 10:00:00,104,19,85
2019-05-13 11:00:00,59,18,41
2019-05-13 12:00:00,67,38,29
2019-05-13 13:00:00,51,27,24
2019-05-13 14:00:00,80,55,25
2019-05-13 15:00:00,129,92,37
2019-05-13 16:00:00,319,278,41
2019-05-13 17:00:00,545,477,68
2019-05-13 18:00:00,357,302,55
2019-05-13 19:00:00,151,98,53
2019-05-13 20:00:00,75,49,26
2019-05-13 21:00:00,50,26,24
2019-05-13 22:00:00,19,13,6
2019-05-13 23:00:00,12,8,4
2019-05-14 00:00:00,3,3,0
2019-05-14 01:00:00,4,2,2
2019-05-14 02:00:00,0,0,0
2019-05-14 03:00:00,0,0,0
2019-05-14 04:00:00,4,2,2
2019-05-14 05:00:00,23,5,18
2019-05-14 06:00:00,87,12,75
2019-05-14 07:00:00,247,29,218
2019-05-14 08:00:00,315,31,284
2019-05-14 09:00:00,164,20,144
2019-05-14 10:00:00,44,11,33
2019-05-14 11:00:00,23,11,12
2019-05-14 12:00:00,19,7,12
2019-05-14 13:00:00,23,10,13
2019-05-14 14:00:00,54,41,13
2019-05-14 15:00:00,64,49,15
2019-05-14 16:00:00,208,176,32
2019-05-14 17:00:00,390,345,45
2019-05-14 18:00:00,260,223,37
2019-05-14 19:00:00,104,73,31
2019-05-14 20:00:00,57,40,17
2019-05-14 21:00:00,21,15,6
2019-05-14 22:00:00,0,0,0
2019-05-14 23:00:00,0,0,0
2019-05-15 00:00:00,0,0,0
2019-05-15 01:00:00,0,0,0
2019-05-15 02:00:00,0,0,0
2019-05-15 03:00:00,0,0,0
2019-05-15 04:00:00,0,0,0
2019-05-15 05:00:00,0,0,0
2019-05-15 06:00:00,0,0,0
2019-05-15 07:00:00,0,0,0
2019-05-15 08:00:00,0,0,0
2019-05-15 09:00:00,0,0,0
2019-05-15 10:00:00,0,0,0
2019-05-15 11:00:00,0,0,0
2019-05-15 12:00:00,0,0,0
2019-05-15 13:00:00,0,0,0
2019-05-15 14:00:00,0,0,0
2019-05-15 15:00:00,0,0,0
2019-05-15 16:00:00,0,0,0
2019-05-15 17:00:00,0,0,0
2019-05-15 18:00:00,0,0,0
2019-05-15 19:00:00,0,0,0
2019-05-15 20:00:00,0,0,0
2019-05-15 21:00:00,0,0,0
2019-05-15 22:00:00,0,0,0
2019-05-15 23:00:00,0,0,0
2019-05-16 00:00:00,0,0,0
2019-05-16 01:00:00,0,0,0
2019-05-16 02:00:00,0,0,0
2019-05-16 03:00:00,0,0,0
2019-05-16 04:00:00,0,0,0
2019-05-16 05:00:00,0,0,0
2019-05-16 06:00:00,0,0,0
2019-05-16 07:00:00,0,0,0
2019-05-16 08:00:00,0,0,0
2019-05-16 09:00:00,0,0,0
2019-05-16 10:00:00,0,0,0
2019-05-16 11:00:00,0,0,0
2019-05-16 12:00:00,0,0,0
2019-05-16 13:00:00,0,0,0
2019-05-16 14:00:00,0,0,0
2019-05-16 15:00:00,0,0,0
2019-05-16 16:00:00,0,0,0
2019-05-16 17:00:00,0,0,0
2019-05-16 18:00:00,0,0,0
2019-05-16 19:00:00,0,0,0
2019-05-16 20:00:00,0,0,0
2019-05-16 21:00:00,0,0,0
2019-05-16 22:00:00,0,0,0
2019-05-16 23:00:00,0,0,0
2019-05-17 00:00:00,0,0,0
2019-05-17 01:00:00,0,0,0
2019-05-17 02:00:00,0,0,0
2019-05-17 03:00:00,0,0,0
2019-05-17 04:00:00,0,0,0
2019-05-17 05:00:00,0,0,0
2019-05-17 06:00:00,0,0,0
2019-05-17 07:00:00,0,0,0
2019-05-17 08:00:00,0,0,0
2019-05-17 09:00:00,0,0,0
2019-05-17 10:00:00,0,0,0
2019-05-17 11:00:00,0,0,0
2019-05-17 12:00:00,0,0,0
2019-05-17 13:00:00,0,0,0
2019-05-17 14:00:00,0,0,0
2019-05-17 15:00:00,0,0,0
2019-05-17 16:00:00,0,0,0
2019-05-17 17:00:00,0,0,0
2019-05-17 18:00:00,0,0,0
2019-05-17 19:00:00,0,0,0
2019-05-17 20:00:00,0,0,0
2019-05-17 21:00:00,0,0,0
2019-05-17 22:00:00,0,0,0
2019-05-17 23:00:00,0,0,0
2019-05-18 00:00:00,0,0,0
2019-05-18 01:00:00,0,0,0
2019-05-18 02:00:00,0,0,0
2019-05-18 03:00:00,0,0,0
2019-05-18 04:00:00,0,0,0
2019-05-18 05:00:00,0,0,0
2019-05-18 06:00:00,0,0,0
2019-05-18 07:00:00,0,0,0
2019-05-18 08:00:00,0,0,0
2019-05-18 09:00:00,0,0,0
2019-05-18 10:00:00,0,0,0
2019-05-18 11:00:00,0,0,0
2019-05-18 12:00:00,0,0,0
2019-05-18 13:00:00,0,0,0
2019-05-18 14:00:00,0,0,0
2019-05-18 15:00:00,0,0,0
2019-05-18 16:00:00,0,0,0
2019-05-18 17:00:00,0,0,0
2019-05-18 18:00:00,0,0,0
2019-05-18 19:00:00,0,0,0
2019-05-18 20:00:00,0,0,0
2019-05-18 21:00:00,0,0,0
2019-05-18 22:00:00,0,0,0
2019-05-18 23:00:00,0,0,0
2019-05-19 00:00:00,0,0,0
2019-05-19 01:00:00,0,0,0
2019-05-19 02:00:00,0,0,0
2019-05-19 03:00:00,0,0,0
2019-05-19 04:00:00,0,0,0
2019-05-19 05:00:00,0,0,0
2019-05-19 06:00:00,0,0,0
2019-05-19 07:00:00,0,0,0
2019-05-19 08:00:00,2,2,0
2019-05-19 09:00:00,0,0,0
2019-05-19 10:00:00,0,0,0
2019-05-19 11:00:00,0,0,0
2019-05-19 12:00:00,0,0,0
2019-05-19 13:00:00,0,0,0
2019-05-19 14:00:00,0,0,0
2019-05-19 15:00:00,0,0,0
2019-05-19 16:00:00,0,0,0
2019-05-19 17:00:00,0,0,0
2019-05-19 18:00:00,0,0,0
2019-05-19 19:00:00,0,0,0
2019-05-19 20:00:00,0,0,0
2019-05-19 21:00:00,0,0,0
2019-05-19 22:00:00,0,0,0
2019-05-19 23:00:00,0,0,0
2019-05-20 00:00:00,0,0,0
2019-05-20 01:00:00,0,0,0
2019-05-20 02:00:00,0,0,0
2019-05-20 03:00:00,0,0,0
2019-05-20 04:00:00,0,0,0
2019-05-20 05:00:00,0,0,0
2019-05-20 06:00:00,0,0,0
2019-05-20 07:00:00,0,0,0
2019-05-20 08:00:00,0,0,0
2019-05-20 09:00:00,0,0,0
2019-05-20 10:00:00,0,0,0
2019-05-20 11:00:00,0,0,0
2019-05-20 12:00:00,0,0,0
2019-05-20 13:00:00,0,0,0
2019-05-20 14:00:00,0,0,0
2019-05-20 15:00:00,0,0,0
2019-05-20 16:00:00,0,0,0
2019-05-20 17:00:00,0,0,0
2019-05-20 18:00:00,0,0,0
2019-05-20 19:00:00,0,0,0
2019-05-20 20:00:00,0,0,0
2019-05-20 21:00:00,0,0,0
2019-05-20 22:00:00,0,0,0
2019-05-20 23:00:00,0,0,0
2019-05-21 00:00:00,0,0,0
2019-05-21 01:00:00,0,0,0
2019-05-21 02:00:00,0,0,0
2019-05-21 03:00:00,0,0,0
2019-05-21 04:00:00,0,0,0
2019-05-21 05:00:00,0,0,0
2019-05-21 06:00:00,0,0,0
2019-05-21 07:00:00,0,0,0
2019-05-21 08:00:00,0,0,0
2019-05-21 09:00:00,0,0,0
2019-05-21 10:00:00,0,0,0
2019-05-21 11:00:00,0,0,0
2019-05-21 12:00:00,0,0,0
2019-05-21 13:00:00,0,0,0
2019-05-21 14:00:00,0,0,0
2019-05-21 15:00:00,0,0,0
2019-05-21 16:00:00,0,0,0
2019-05-21 17:00:00,0,0,0
2019-05-21 18:00:00,0,0,0
2019-05-21 19:00:00,0,0,0
2019-05-21 20:00:00,0,0,0
2019-05-21 21:00:00,0,0,0
2019-05-21 22:00:00,0,0,0
2019-05-21 23:00:00,0,0,0
2019-05-22 00:00:00,0,0,0
2019-05-22 01:00:00,0,0,0
2019-05-22 02:00:00,0,0,0
2019-05-22 03:00:00,0,0,0
2019-05-22 04:00:00,0,0,0
2019-05-22 05:00:00,0,0,0
2019-05-22 06:00:00,0,0,0
2019-05-22 07:00:00,0,0,0
2019-05-22 08:00:00,0,0,0
2019-05-22 09:00:00,0,0,0
2019-05-22 10:00:00,0,0,0
2019-05-22 11:00:00,0,0,0
2019-05-22 12:00:00,0,0,0
2019-05-22 13:00:00,0,0,0
2019-05-22 14:00:00,0,0,0
2019-05-22 15:00:00,0,0,0
2019-05-22 16:00:00,0,0,0
2019-05-22 17:00:00,0,0,0
2019-05-22 18:00:00,0,0,0
2019-05-22 19:00:00,0,0,0
2019-05-22 20:00:00,0,0,0
2019-05-22 21:00:00,0,0,0
2019-05-22 22:00:00,0,0,0
2019-05-22 23:00:00,0,0,0
2019-05-23 00:00:00,0,0,0
2019-05-23 01:00:00,0,0,0
2019-05-23 02:00:00,0,0,0
2019-05-23 03:00:00,0,0,0
2019-05-23 04:00:00,0,0,0
2019-05-23 05:00:00,0,0,0
2019-05-23 06:00:00,0,0,0
2019-05-23 07:00:00,0,0,0
2019-05-23 08:00:00,0,0,0
2019-05-23 09:00:00,0,0,0
2019-05-23 10:00:00,0,0,0
2019-05-23 11:00:00,0,0,0
2019-05-23 12:00:00,0,0,0
2019-05-23 13:00:00,0,0,0
2019-05-23 14:00:00,70,42,28
2019-05-23 15:00:00,154,116,38
2019-05-23 16:00:00,380,307,73
2019-05-23 17:00:00,532,460,72
2019-05-23 18:00:00,425,333,92
2019-05-23 19:00:00,224,154,70
2019-05-23 20:00:00,122,76,46
2019-05-23 21:00:00,85,38,47
2019-05-23 22:00:00,47,30,17
2019-05-23 23:00:00,17,12,5
2019-05-24 00:00:00,15,11,4
2019-05-24 01:00:00,3,2,1
2019-05-24 02:00:00,0,0,0
2019-05-24 03:00:00,1,0,1
2019-05-24 04:00:00,6,5,1
2019-05-24 05:00:00,20,5,15
2019-05-24 06:00:00,73,18,55
2019-05-24 07:00:00,176,16,160
2019-05-24 08:00:00,271,38,233
2019-05-24 09:00:00,156,26,130
2019-05-24 10:00:00,59,10,49
2019-05-24 11:00:00,77,32,45
2019-05-24 12:00:00,55,31,24
2019-05-24 13:00:00,90,60,30
2019-05-24 14:00:00,94,68,26
2019-05-24 15:00:00,140,104,36
2019-05-24 16:00:00,235,196,39
2019-05-24 17:00:00,302,250,52
2019-05-24 18:00:00,170,123,47
2019-05-24 19:00:00,94,71,23
2019-05-24 20:00:00,49,27,22
2019-05-24 21:00:00,29,21,8
2019-05-24 22:00:00,23,14,9
2019-05-24 23:00:00,13,9,4
2019-05-25 00:00:00,13,9,4
2019-05-25 01:00:00,7,3,4
2019-05-25 02:00:00,7,5,2
2019-05-25 03:00:00,4,2,2
2019-05-25 04:00:00,2,2,0
2019-05-25 05:00:00,5,1,4
2019-05-25 06:00:00,10,2,8
2019-05-25 07:00:00,24,13,11
2019-05-25 08:00:00,24,9,15
2019-05-25 09:00:00,45,24,21
2019-05-25 10:00:00,67,34,33
2019-05-25 11:00:00,85,44,41
2019-05-25 12:00:00,49,18,31
2019-05-25 13:00:00,36,21,15
2019-05-25 14:00:00,23,13,10
2019-05-25 15:00:00,26,18,8
2019-05-25 16:00:00,23,11,12
2019-05-25 17:00:00,13,5,8
2019-05-25 18:00:00,23,14,9
2019-05-25 19:00:00,37,24,13
2019-05-25 20:00:00,31,17,14
2019-05-25 21:00:00,17,13,4
2019-05-25 22:00:00,9,7,2
2019-05-25 23:00:00,6,3,3
2019-05-26 00:00:00,10,5,5
2019-05-26 01:00:00,2,1,1
2019-05-26 02:00:00,3,3,0
2019-05-26 03:00:00,1,0,1
2019-05-26 04:00:00,1,1,0
2019-05-26 05:00:00,6,1,5
2019-05-26 06:00:00,18,3,15
2019-05-26 07:00:00,46,9,37
2019-05-26 08:00:00,37,18,19
2019-05-26 09:00:00,61,33,28
2019-05-26 10:00:00,81,43,38
2019-05-26 11:00:00,90,54,36
2019-05-26 12:00:00,115,62,53
2019-05-26 13:00:00,153,82,71
2019-05-26 14:00:00,180,92,88
2019-05-26 15:00:00,186,96,90
2019-05-26 16:00:00,163,93,70
2019-05-26 17:00:00,149,72,77
2019-05-26 18:00:00,130,58,72
2019-05-26 19:00:00,100,54,46
2019-05-26 20:00:00,65,39,26
2019-05-26 21:00:00,40,24,16
2019-05-26 22:00:00,18,10,8
2019-05-26 23:00:00,20,11,9
2019-05-27 00:00:00,6,4,2
2019-05-27 01:00:00,1,1,0
2019-05-27 02:00:00,4,2,2
2019-05-27 03:00:00,5,3,2
2019-05-27 04:00:00,0,0,0
2019-05-27 05:00:00,5,1,4
2019-05-27 06:00:00,9,3,6
2019-05-27 07:00:00,21,6,15
2019-05-27 08:00:00,35,17,18
2019-05-27 09:00:00,70,35,35
2019-05-27 10:00:00,129,71,58
2019-05-27 11:00:00,218,80,138
2019-05-27 12:00:00,207,110,97
2019-05-27 13:00:00,242,142,100
2019-05-27 14:00:00,271,152,119
2019-05-27 15:00:00,265,156,109
2019-05-27 16:00:00,226,111,115
2019-05-27 17:00:00,197,110,87
2019-05-27 18:00:00,142,81,61
2019-05-27 19:00:00,118,56,62
2019-05-27 20:00:00,86,51,35
2019-05-27 21:00:00,38,21,17
2019-05-27 22:00:00,15,9,6
2019-05-27 23:00:00,10,7,3
2019-05-28 00:00:00,4,3,1
2019-05-28 01:00:00,0,0,0
2019-05-28 02:00:00,5,3,2
2019-05-28 03:00:00,3,1,2
2019-05-28 04:00:00,3,2,1
2019-05-28 05:00:00,30,9,21
2019-05-28 06:00:00,106,15,91
2019-05-28 07:00:00,293,34,259
2019-05-28 08:00:00,442,37,405
2019-05-28 09:00:00,253,43,210
2019-05-28 10:00:00,91,20,71
2019-05-28 11:00:00,53,13,40
2019-05-28 12:00:00,79,43,36
2019-05-28 13:00:00,60,26,34
2019-05-28 14:00:00,60,38,22
2019-05-28 15:00:00,114,80,34
2019-05-28 16:00:00,279,240,39
2019-05-28 17:00:00,522,452,70
2019-05-28 18:00:00,365,290,75
2019-05-28 19:00:00,179,137,42
2019-05-28 20:00:00,100,60,40
2019-05-28 21:00:00,56,31,25
2019-05-28 22:00:00,36,28,8
2019-05-28 23:00:00,11,8,3
2019-05-29 00:00:00,10,4,6
2019-05-29 01:00:00,3,2,1
2019-05-29 02:00:00,3,1,2
2019-05-29 03:00:00,1,1,0
2019-05-29 04:00:00,9,7,2
2019-05-29 05:00:00,35,9,26
2019-05-29 06:00:00,108,15,93
2019-05-29 07:00:00,354,36,318
2019-05-29 08:00:00,468,49,419
2019-05-29 09:00:00,251,38,213
2019-05-29 10:00:00,116,28,88
2019-05-29 11:00:00,71,26,45
2019-05-29 12:00:00,61,31,30
2019-05-29 13:00:00,83,45,38
2019-05-29 14:00:00,70,38,32
2019-05-29 15:00:00,126,92,34
2019-05-29 16:00:00,343,296,47
2019-05-29 17:00:00,603,521,82
2019-05-29 18:00:00,356,298,58
2019-05-29 19:00:00,197,146,51
2019-05-29 20:00:00,102,61,41
2019-05-29 21:00:00,68,44,24
2019-05-29 22:00:00,36,22,14
2019-05-29 23:00:00,15,12,3
2019-05-30 00:00:00,6,1,5
2019-05-30 01:00:00,6,6,0
2019-05-30 02:00:00,1,1,0
2019-05-30 03:00:00,1,0,1
2019-05-30 04:00:00,4,2,2
2019-05-30 05:00:00,37,10,27
2019-05-30 06:00:00,108,19,89
2019-05-30 07:00:00,305,27,278
2019-05-30 08:00:00,474,45,429
2019-05-30 09:00:00,244,31,213
2019-05-30 10:00:00,114,38,76
2019-05-30 11:00:00,69,31,38
2019-05-30 12:00:00,69,35,34
2019-05-30 13:00:00,83,44,39
2019-05-30 14:00:00,94,62,32
2019-05-30 15:00:00,142,104,38
2019-05-30 16:00:00,316,256,60
2019-05-30 17:00:00,602,516,86
2019-05-30 18:00:00,369,304,65
2019-05-30 19:00:00,196,139,57
2019-05-30 20:00:00,120,85,35
2019-05-30 21:00:00,74,41,33
2019-05-30 22:00:00,33,23,10
2019-05-30 23:00:00,19,15,4
2019-05-31 00:00:00,15,8,7
2019-05-31 01:00:00,6,4,2
2019-05-31 02:00:00,0,0,0
2019-05-31 03:00:00,0,0,0
2019-05-31 04:00:00,6,2,4
2019-05-31 05:00:00,19,5,14
2019-05-31 06:00:00,89,17,72
2019-05-31 07:00:00,282,33,249
2019-05-31 08:00:00,415,44,371
2019-05-31 09:00:00,245,41,204
2019-05-31 10:00:00,91,22,69
2019-05-31 11:00:00,68,29,39
2019-05-31 12:00:00,71,35,36
2019-05-31 13:00:00,76,52,24
2019-05-31 14:00:00,118,66,52
2019-05-31 15:00:00,180,132,48
2019-05-31 16:00:00,361,301,60
2019-05-31 17:00:00,489,411,78
2019-05-31 18:00:00,296,246,50
2019-05-31 19:00:00,160,107,53
2019-05-31 20:00:00,104,62,42
2019-05-31 21:00:00,63,35,28
2019-05-31 22:00:00,53,36,17
2019-05-31 23:00:00,42,24,18
2019-06-01 00:00:00,12,10,2
2019-06-01 01:00:00,12,9,3
2019-06-01 02:00:00,5,3,2
2019-06-01 03:00:00,4,1,3
2019-06-01 04:00:00,5,3,2
2019-06-01 05:00:00,8,2,6
2019-06-01 06:00:00,8,3,5
2019-06-01 07:00:00,35,15,20
2019-06-01 08:00:00,48,22,26
2019-06-01 09:00:00,50,27,23
2019-06-01 10:00:00,91,49,42
2019-06-01 11:00:00,96,43,53
2019-06-01 12:00:00,89,46,43
2019-06-01 13:00:00,123,71,52
2019-06-01 14:00:00,137,83,54
2019-06-01 15:00:00,169,89,80
2019-06-01 16:00:00,200,115,85
2019-06-01 17:00:00,152,80,72
2019-06-01 18:00:00,140,68,72
2019-06-01 19:00:00,89,43,46
2019-06-01 20:00:00,75,41,34
2019-06-01 21:00:00,55,24,31
2019-06-01 22:00:00,39,20,19
2019-06-01 23:00:00,26,14,12
2019-06-02 00:00:00,6,2,4
2019-06-02 01:00:00,15,10,5
2019-06-02 02:00:00,8,7,1
2019-06-02 03:00:00,2,1,1
2019-06-02 04:00:00,3,3,0
2019-06-02 05:00:00,3,1,2
2019-06-02 06:00:00,12,6,6
2019-06-02 07:00:00,28,12,16
2019-06-02 08:00:00,42,24,18
2019-06-02 09:00:00,63,38,25
2019-06-02 10:00:00,101,58,43
2019-06-02 11:00:00,121,78,43
2019-06-02 12:00:00,181,108,73
2019-06-02 13:00:00,145,76,69
2019-06-02 14:00:00,192,97,95
2019-06-02 15:00:00,200,113,87
2019-06-02 16:00:00,168,75,93
2019-06-02 17:00:00,147,74,73
2019-06-02 18:00:00,92,43,49
2019-06-02 19:00:00,60,38,22
2019-06-02 20:00:00,49,15,34
2019-06-02 21:00:00,25,13,12
2019-06-02 22:00:00,12,4,8
2019-06-02 23:00:00,6,5,1
2019-06-03 00:00:00,6,2,4
2019-06-03 01:00:00,2,2,0
2019-06-03 02:00:00,1,1,0
2019-06-03 03:00:00,1,0,1
2019-06-03 04:00:00,5,1,4
2019-06-03 05:00:00,28,11,17
2019-06-03 06:00:00,99,23,76
2019-06-03 07:00:00,296,36,260
2019-06-03 08:00:00,458,42,416
2019-06-03 09:00:00,289,49,240
2019-06-03 10:00:00,105,22,83
2019-06-03 11:00:00,77,18,59
2019-06-03 12:00:00,49,25,24
2019-06-03 13:00:00,62,29,33
2019-06-03 14:00:00,68,44,24
2019-06-03 15:00:00,117,81,36
2019-06-03 16:00:00,311,269,42
2019-06-03 17:00:00,523,455,68
2019-06-03 18:00:00,366,300,66
2019-06-03 19:00:00,172,126,46
2019-06-03 20:00:00,85,57,28
2019-06-03 21:00:00,59,36,23
2019-06-03 22:00:00,25,17,8
2019-06-03 23:00:00,16,13,3
2019-06-04 00:00:00,1,0,1
2019-06-04 01:00:00,5,4,1
2019-06-04 02:00:00,2,1,1
2019-06-04 03:00:00,3,3,0
2019-06-04 04:00:00,10,5,5
2019-06-04 05:00:00,30,10,20
2019-06-04 06:00:00,120,20,100
2019-06-04 07:00:00,303,31,272
2019-06-04 08:00:00,476,49,427
2019-06-04 09:00:00,287,46,241
2019-06-04 10:00:00,127,38,89
2019-06-04 11:00:00,74,29,45
2019-06-04 12:00:00,76,35,41
2019-06-04 13:00:00,81,36,45
2019-06-04 14:00:00,80,43,37
2019-06-04 15:00:00,144,102,42
2019-06-04 16:00:00,342,278,64
2019-06-04 17:00:00,596,504,92
2019-06-04 18:00:00,397,319,78
2019-06-04 19:00:00,201,153,48
2019-06-04 20:00:00,110,66,44
2019-06-04 21:00:00,63,41,22
2019-06-04 22:00:00,30,20,10
2019-06-04 23:00:00,15,10,5
2019-06-05 00:00:00,16,10,6
2019-06-05 01:00:00,9,6,3
2019-06-05 02:00:00,1,1,0
2019-06-05 03:00:00,1,0,1
2019-06-05 04:00:00,8,3,5
2019-06-05 05:00:00,29,7,22
2019-06-05 06:00:00,121,24,97
2019-06-05 07:00:00,302,31,271
2019-06-05 08:00:00,470,56,414
2019-06-05 09:00:00,289,41,248
2019-06-05 10:00:00,111,29,82
2019-06-05 11:00:00,76,30,46
2019-06-05 12:00:00,60,24,36
2019-06-05 13:00:00,69,34,35
2019-06-05 14:00:00,81,44,37
2019-06-05 15:00:00,150,117,33
2019-06-05 16:00:00,384,335,49
2019-06-05 17:00:00,512,440,72
2019-06-05 18:00:00,286,242,44
2019-06-05 19:00:00,123,84,39
2019-06-05 20:00:00,97,56,41
2019-06-05 21:00:00,57,31,26
2019-06-05 22:00:00,22,19,3
2019-06-05 23:00:00,11,11,0
2019-06-06 00:00:00,6,3,3
2019-06-06 01:00:00,3,2,1
2019-06-06 02:00:00,0,0,0
2019-06-06 03:00:00,2,1,1
2019-06-06 04:00:00,10,3,7
2019-06-06 05:00:00,35,10,25
2019-06-06 06:00:00,100,17,83
2019-06-06 07:00:00,297,32,265
2019-06-06 08:00:00,368,50,318
2019-06-06 09:00:00,188,29,159
2019-06-06 10:00:00,87,22,65
2019-06-06 11:00:00,77,25,52
2019-06-06 12:00:00,71,32,39
2019-06-06 13:00:00,79,45,34
2019-06-06 14:00:00,90,52,38
2019-06-06 15:00:00,98,78,20
2019-06-06 16:00:00,279,234,45
2019-06-06 17:00:00,478,404,74
2019-06-06 18:00:00,242,209,33
2019-06-06 19:00:00,110,73,37
2019-06-06 20:00:00,79,55,24
2019-06-06 21:00:00,51,29,22
2019-06-06 22:00:00,25,13,12
2019-06-06 23:00:00,7,2,5
2019-06-07 00:00:00,7,6,1
2019-06-07 01:00:00,3,2,1
2019-06-07 02:00:00,1,1,0
2019-06-07 03:00:00,0,0,0
2019-06-07 04:00:00,9,7,2
2019-06-07 05:00:00,11,1,10
2019-06-07 06:00:00,76,10,66
2019-06-07 07:00:00,234,29,205
2019-06-07 08:00:00,288,48,240
2019-06-07 09:00:00,136,24,112
2019-06-07 10:00:00,78,21,57
2019-06-07 11:00:00,54,32,22
2019-06-07 12:00:00,56,24,32
2019-06-07 13:00:00,45,28,17
2019-06-07 14:00:00,57,47,10
2019-06-07 15:00:00,127,91,36
2019-06-07 16:00:00,246,216,30
2019-06-07 17:00:00,261,228,33
2019-06-07 18:00:00,107,91,16
2019-06-07 19:00:00,60,50,10
2019-06-07 20:00:00,50,32,18
2019-06-07 21:00:00,23,18,5
2019-06-07 22:00:00,12,9,3
2019-06-07 23:00:00,11,6,5
2019-06-08 00:00:00,7,3,4
2019-06-08 01:00:00,6,6,0
2019-06-08 02:00:00,4,3,1
2019-06-08 03:00:00,1,1,0
2019-06-08 04:00:00,3,2,1
2019-06-08 05:00:00,5,2,3
2019-06-08 06:00:00,26,8,18
2019-06-08 07:00:00,38,22,16
2019-06-08 08:00:00,64,33,31
2019-06-08 09:00:00,47,22,25
2019-06-08 10:00:00,83,41,42
2019-06-08 11:00:00,134,71,63
2019-06-08 12:00:00,146,83,63
2019-06-08 13:00:00,170,113,57
2019-06-08 14:00:00,172,110,62
2019-06-08 15:00:00,202,112,90
2019-06-08 16:00:00,194,106,88
2019-06-08 17:00:00,148,77,71
2019-06-08 18:00:00,109,48,61
2019-06-08 19:00:00,94,38,56
2019-06-08 20:00:00,62,32,30
2019-06-08 21:00:00,31,7,24
2019-06-08 22:00:00,15,10,5
2019-06-08 23:00:00,19,14,5
2019-06-09 00:00:00,9,4,5
2019-06-09 01:00:00,7,4,3
2019-06-09 02:00:00,7,6,1
2019-06-09 03:00:00,0,0,0
2019-06-09 04:00:00,4,2,2
2019-06-09 05:00:00,12,3,9
2019-06-09 06:00:00,29,16,13
2019-06-09 07:00:00,65,28,37
2019-06-09 08:00:00,83,39,44
2019-06-09 09:00:00,89,40,49
2019-06-09 10:00:00,113,64,49
2019-06-09 11:00:00,115,70,45
2019-06-09 12:00:00,179,112,67
2019-06-09 13:00:00,148,74,74
2019-06-09 14:00:00,156,87,69
2019-06-09 15:00:00,175,80,95
2019-06-09 16:00:00,146,83,63
2019-06-09 17:00:00,135,67,68
2019-06-09 18:00:00,116,47,69
2019-06-09 19:00:00,58,32,26
2019-06-09 20:00:00,65,29,36
2019-06-09 21:00:00,22,15,7
2019-06-09 22:00:00,22,7,15
2019-06-09 23:00:00,11,4,7
2019-06-10 00:00:00,5,4,1
2019-06-10 01:00:00,4,2,2
2019-06-10 02:00:00,2,0,2
2019-06-10 03:00:00,2,1,1
2019-06-10 04:00:00,9,3,6
2019-06-10 05:00:00,37,8,29
2019-06-10 06:00:00,112,22,90
2019-06-10 07:00:00,384,38,346
2019-06-10 08:00:00,462,60,402
2019-06-10 09:00:00,269,40,229
2019-06-10 10:00:00,108,43,65
2019-06-10 11:00:00,105,32,73
2019-06-10 12:00:00,83,33,50
2019-06-10 13:00:00,79,42,37
2019-06-10 14:00:00,101,63,38
2019-06-10 15:00:00,177,121,56
2019-06-10 16:00:00,399,353,46
2019-06-10 17:00:00,619,535,84
2019-06-10 18:00:00,323,271,52
2019-06-10 19:00:00,146,106,40
2019-06-10 20:00:00,84,54,30
2019-06-10 21:00:00,45,30,15
2019-06-10 22:00:00,28,13,15
2019-06-10 23:00:00,8,5,3
2019-06-11 00:00:00,8,8,0
2019-06-11 01:00:00,1,0,1
2019-06-11 02:00:00,4,1,3
2019-06-11 03:00:00,2,0,2
2019-06-11 04:00:00,8,2,6
2019-06-11 05:00:00,47,9,38
2019-06-11 06:00:00,180,29,151
2019-06-11 07:00:00,437,41,396
2019-06-11 08:00:00,555,70,485
2019-06-11 09:00:00,238,49,189
2019-06-11 10:00:00,114,41,73
2019-06-11 11:00:00,81,35,46
2019-06-11 12:00:00,65,35,30
2019-06-11 13:00:00,90,54,36
2019-06-11 14:00:00,118,76,42
2019-06-11 15:00:00,161,112,49
2019-06-11 16:00:00,471,398,73
2019-06-11 17:00:00,696,606,90
2019-06-11 18:00:00,369,298,71
2019-06-11 19:00:00,223,167,56
2019-06-11 20:00:00,123,73,50
2019-06-11 21:00:00,71,40,31
2019-06-11 22:00:00,42,24,18
2019-06-11 23:00:00,18,11,7
2019-06-12 00:00:00,5,3,2
2019-06-12 01:00:00,3,3,0
2019-06-12 02:00:00,4,2,2
2019-06-12 03:00:00,0,0,0
2019-06-12 04:00:00,14,7,7
2019-06-12 05:00:00,41,11,30
2019-06-12 06:00:00,150,30,120
2019-06-12 07:00:00,411,41,370
2019-06-12 08:00:00,461,56,405
2019-06-12 09:00:00,233,59,174
2019-06-12 10:00:00,126,41,85
2019-06-12 11:00:00,69,28,41
2019-06-12 12:00:00,93,41,52
2019-06-12 13:00:00,76,39,37
2019-06-12 14:00:00,94,62,32
2019-06-12 15:00:00,176,131,45
2019-06-12 16:00:00,410,333,77
2019-06-12 17:00:00,602,518,84
2019-06-12 18:00:00,323,271,52
2019-06-12 19:00:00,164,117,47
2019-06-12 20:00:00,130,85,45
2019-06-12 21:00:00,86,36,50
2019-06-12 22:00:00,42,26,16
2019-06-12 23:00:00,23,10,13
2019-06-13 00:00:00,14,11,3
2019-06-13 01:00:00,2,2,0
2019-06-13 02:00:00,0,0,0
2019-06-13 03:00:00,3,2,1
2019-06-13 04:00:00,11,5,6
2019-06-13 05:00:00,44,11,33
2019-06-13 06:00:00,142,25,117
2019-06-13 07:00:00,394,49,345
2019-06-13 08:00:00,466,47,419
2019-06-13 09:00:00,254,40,214
2019-06-13 10:00:00,117,38,79
2019-06-13 11:00:00,63,23,40
2019-06-13 12:00:00,108,63,45
2019-06-13 13:00:00,73,32,41
2019-06-13 14:00:00,103,67,36
2019-06-13 15:00:00,205,149,56
2019-06-13 16:00:00,392,337,55
2019-06-13 17:00:00,589,494,95
2019-06-13 18:00:00,343,267,76
2019-06-13 19:00:00,169,119,50
2019-06-13 20:00:00,110,63,47
2019-06-13 21:00:00,73,45,28
2019-06-13 22:00:00,38,23,15
2019-06-13 23:00:00,17,9,8
2019-06-14 00:00:00,10,8,2
2019-06-14 01:00:00,4,4,0
2019-06-14 02:00:00,2,1,1
2019-06-14 03:00:00,0,0,0
2019-06-14 04:00:00,16,9,7
2019-06-14 05:00:00,20,2,18
2019-06-14 06:00:00,95,15,80
2019-06-14 07:00:00,296,29,267
2019-06-14 08:00:00,382,48,334
2019-06-14 09:00:00,176,31,145
2019-06-14 10:00:00,98,29,69
2019-06-14 11:00:00,103,43,60
2019-06-14 12:00:00,93,40,53
2019-06-14 13:00:00,94,61,33
2019-06-14 14:00:00,152,107,45
2019-06-14 15:00:00,216,153,63
2019-06-14 16:00:00,403,345,58
2019-06-14 17:00:00,398,337,61
2019-06-14 18:00:00,245,188,57
2019-06-14 19:00:00,148,87,61
2019-06-14 20:00:00,81,47,34
2019-06-14 21:00:00,52,23,29
2019-06-14 22:00:00,23,10,13
2019-06-14 23:00:00,23,17,6
2019-06-15 00:00:00,23,13,10
2019-06-15 01:00:00,9,7,2
2019-06-15 02:00:00,0,0,0
2019-06-15 03:00:00,2,1,1
2019-06-15 04:00:00,2,1,1
2019-06-15 05:00:00,1,0,1
2019-06-15 06:00:00,21,6,15
2019-06-15 07:00:00,43,28,15
2019-06-15 08:00:00,46,29,17
2019-06-15 09:00:00,79,42,37
2019-06-15 10:00:00,81,39,42
2019-06-15 11:00:00,98,49,49
2019-06-15 12:00:00,108,66,42
2019-06-15 13:00:00,143,78,65
2019-06-15 14:00:00,147,85,62
2019-06-15 15:00:00,156,83,73
2019-06-15 16:00:00,166,99,67
2019-06-15 17:00:00,175,95,80
2019-06-15 18:00:00,119,51,68
2019-06-15 19:00:00,92,46,46
2019-06-15 20:00:00,82,41,41
2019-06-15 21:00:00,58,22,36
2019-06-15 22:00:00,38,22,16
2019-06-15 23:00:00,18,8,10
2019-06-16 00:00:00,9,6,3
2019-06-16 01:00:00,8,3,5
2019-06-16 02:00:00,1,1,0
2019-06-16 03:00:00,0,0,0
2019-06-16 04:00:00,4,4,0
2019-06-16 05:00:00,6,4,2
2019-06-16 06:00:00,18,6,12
2019-06-16 07:00:00,25,20,5
2019-06-16 08:00:00,68,37,31
2019-06-16 09:00:00,87,46,41
2019-06-16 10:00:00,74,42,32
2019-06-16 11:00:00,173,77,96
2019-06-16 12:00:00,230,81,149
2019-06-16 13:00:00,170,92,78
2019-06-16 14:00:00,274,197,77
2019-06-16 15:00:00,232,147,85
2019-06-16 16:00:00,160,82,78
2019-06-16 17:00:00,117,60,57
2019-06-16 18:00:00,91,47,44
2019-06-16 19:00:00,84,42,42
2019-06-16 20:00:00,56,28,28
2019-06-16 21:00:00,45,15,30
2019-06-16 22:00:00,14,10,4
2019-06-16 23:00:00,11,6,5
2019-06-17 00:00:00,4,2,2
2019-06-17 01:00:00,5,3,2
2019-06-17 02:00:00,1,1,0
2019-06-17 03:00:00,0,0,0
2019-06-17 04:00:00,13,9,4
2019-06-17 05:00:00,30,5,25
2019-06-17 06:00:00,124,18,106
2019-06-17 07:00:00,375,41,334
2019-06-17 08:00:00,444,48,396
2019-06-17 09:00:00,242,45,197
2019-06-17 10:00:00,82,21,61
2019-06-17 11:00:00,70,29,41
2019-06-17 12:00:00,66,27,39
2019-06-17 13:00:00,83,46,37
2019-06-17 14:00:00,64,45,19
2019-06-17 15:00:00,163,112,51
2019-06-17 16:00:00,407,339,68
2019-06-17 17:00:00,560,502,58
2019-06-17 18:00:00,321,249,72
2019-06-17 19:00:00,174,114,60
2019-06-17 20:00:00,84,59,25
2019-06-17 21:00:00,58,29,29
2019-06-17 22:00:00,25,16,9
2019-06-17 23:00:00,8,6,2
2019-06-18 00:00:00,11,7,4
2019-06-18 01:00:00,4,3,1
2019-06-18 02:00:00,1,1,0
2019-06-18 03:00:00,2,1,1
2019-06-18 04:00:00,11,3,8
2019-06-18 05:00:00,26,4,22
2019-06-18 06:00:00,88,11,77
2019-06-18 07:00:00,264,29,235
2019-06-18 08:00:00,314,33,281
2019-06-18 09:00:00,165,32,133
2019-06-18 10:00:00,68,18,50
2019-06-18 11:00:00,38,17,21
2019-06-18 12:00:00,52,16,36
2019-06-18 13:00:00,57,42,15
2019-06-18 14:00:00,59,31,28
2019-06-18 15:00:00,108,84,24
2019-06-18 16:00:00,309,254,55
2019-06-18 17:00:00,437,368,69
2019-06-18 18:00:00,235,189,46
2019-06-18 19:00:00,101,68,33
2019-06-18 20:00:00,71,48,23
2019-06-18 21:00:00,38,27,11
2019-06-18 22:00:00,24,15,9
2019-06-18 23:00:00,11,9,2
2019-06-19 00:00:00,6,3,3
2019-06-19 01:00:00,2,2,0
2019-06-19 02:00:00,1,0,1
2019-06-19 03:00:00,1,0,1
2019-06-19 04:00:00,10,4,6
2019-06-19 05:00:00,36,7,29
2019-06-19 06:00:00,127,22,105
2019-06-19 07:00:00,356,32,324
2019-06-19 08:00:00,430,50,380
2019-06-19 09:00:00,233,42,191
2019-06-19 10:00:00,106,33,73
2019-06-19 11:00:00,73,28,45
2019-06-19 12:00:00,87,45,42
2019-06-19 13:00:00,78,37,41
2019-06-19 14:00:00,96,60,36
2019-06-19 15:00:00,131,96,35
2019-06-19 16:00:00,397,324,73
2019-06-19 17:00:00,574,489,85
2019-06-19 18:00:00,303,239,64
2019-06-19 19:00:00,176,140,36
2019-06-19 20:00:00,63,35,28
2019-06-19 21:00:00,33,20,13
2019-06-19 22:00:00,13,7,6
2019-06-19 23:00:00,8,5,3
2019-06-20 00:00:00,3,2,1
2019-06-20 01:00:00,2,2,0
2019-06-20 02:00:00,1,0,1
2019-06-20 03:00:00,0,0,0
2019-06-20 04:00:00,5,2,3
2019-06-20 05:00:00,27,8,19
2019-06-20 06:00:00,108,18,90
2019-06-20 07:00:00,313,34,279
2019-06-20 08:00:00,383,43,340
2019-06-20 09:00:00,213,30,183
2019-06-20 10:00:00,116,37,79
2019-06-20 11:00:00,84,34,50
2019-06-20 12:00:00,86,45,41
2019-06-20 13:00:00,77,44,33
2019-06-20 14:00:00,98,63,35
2019-06-20 15:00:00,139,95,44
2019-06-20 16:00:00,356,295,61
2019-06-20 17:00:00,480,404,76
2019-06-20 18:00:00,327,257,70
2019-06-20 19:00:00,166,119,47
2019-06-20 20:00:00,99,56,43
2019-06-20 21:00:00,54,32,22
2019-06-20 22:00:00,28,16,12
2019-06-20 23:00:00,20,15,5
2019-06-21 00:00:00,7,5,2
2019-06-21 01:00:00,2,2,0
2019-06-21 02:00:00,2,2,0
2019-06-21 03:00:00,1,1,0
2019-06-21 04:00:00,8,5,3
2019-06-21 05:00:00,23,7,16
2019-06-21 06:00:00,95,11,84
2019-06-21 07:00:00,266,35,231
2019-06-21 08:00:00,341,45,296
2019-06-21 09:00:00,195,49,146
2019-06-21 10:00:00,89,29,60
2019-06-21 11:00:00,89,44,45
2019-06-21 12:00:00,108,56,52
2019-06-21 13:00:00,104,67,37
2019-06-21 14:00:00,119,72,47
2019-06-21 15:00:00,178,131,47
2019-06-21 16:00:00,373,297,76
2019-06-21 17:00:00,403,332,71
2019-06-21 18:00:00,261,204,57
2019-06-21 19:00:00,141,86,55
2019-06-21 20:00:00,81,47,34
2019-06-21 21:00:00,53,32,21
2019-06-21 22:00:00,33,27,6
2019-06-21 23:00:00,29,15,14
2019-06-22 00:00:00,21,13,8
2019-06-22 01:00:00,9,4,5
2019-06-22 02:00:00,2,0,2
2019-06-22 03:00:00,5,4,1
2019-06-22 04:00:00,6,5,1
2019-06-22 05:00:00,5,1,4
2019-06-22 06:00:00,17,10,7
2019-06-22 07:00:00,53,34,19
2019-06-22 08:00:00,68,36,32
2019-06-22 09:00:00,122,88,34
2019-06-22 10:00:00,175,132,43
2019-06-22 11:00:00,208,172,36
2019-06-22 12:00:00,386,346,40
2019-06-22 13:00:00,267,188,79
2019-06-22 14:00:00,239,95,144
2019-06-22 15:00:00,312,115,197
2019-06-22 16:00:00,256,87,169
2019-06-22 17:00:00,225,81,144
2019-06-22 18:00:00,143,57,86
2019-06-22 19:00:00,135,46,89
2019-06-22 20:00:00,68,20,48
2019-06-22 21:00:00,54,21,33
2019-06-22 22:00:00,27,10,17
2019-06-22 23:00:00,20,13,7
2019-06-23 00:00:00,16,4,12
2019-06-23 01:00:00,11,4,7
2019-06-23 02:00:00,4,2,2
2019-06-23 03:00:00,2,0,2
2019-06-23 04:00:00,3,3,0
2019-06-23 05:00:00,3,1,2
2019-06-23 06:00:00,10,5,5
2019-06-23 07:00:00,14,4,10
2019-06-23 08:00:00,15,5,10
2019-06-23 09:00:00,35,17,18
2019-06-23 10:00:00,64,42,22
2019-06-23 11:00:00,77,40,37
2019-06-23 12:00:00,86,53,33
2019-06-23 13:00:00,82,44,38
2019-06-23 14:00:00,97,59,38
2019-06-23 15:00:00,130,72,58
2019-06-23 16:00:00,92,50,42
2019-06-23 17:00:00,67,32,35
2019-06-23 18:00:00,57,32,25
2019-06-23 19:00:00,37,17,20
2019-06-23 20:00:00,17,7,10
2019-06-23 21:00:00,13,7,6
2019-06-23 22:00:00,8,7,1
2019-06-23 23:00:00,13,9,4
2019-06-24 00:00:00,3,1,2
2019-06-24 01:00:00,0,0,0
2019-06-24 02:00:00,5,0,5
2019-06-24 03:00:00,0,0,0
2019-06-24 04:00:00,8,4,4
2019-06-24 05:00:00,27,10,17
2019-06-24 06:00:00,100,22,78
2019-06-24 07:00:00,334,30,304
2019-06-24 08:00:00,396,47,349
2019-06-24 09:00:00,203,33,170
2019-06-24 10:00:00,61,9,52
2019-06-24 11:00:00,64,23,41
2019-06-24 12:00:00,57,22,35
2019-06-24 13:00:00,73,39,34
2019-06-24 14:00:00,83,51,32
2019-06-24 15:00:00,138,97,41
2019-06-24 16:00:00,340,285,55
2019-06-24 17:00:00,556,477,79
2019-06-24 18:00:00,348,284,64
2019-06-24 19:00:00,139,103,36
2019-06-24 20:00:00,94,58,36
2019-06-24 21:00:00,56,28,28
2019-06-24 22:00:00,38,17,21
2019-06-24 23:00:00,11,7,4
2019-06-25 00:00:00,4,2,2
2019-06-25 01:00:00,1,1,0
2019-06-25 02:00:00,1,0,1
2019-06-25 03:00:00,2,2,0
2019-06-25 04:00:00,6,1,5
2019-06-25 05:00:00,42,10,32
2019-06-25 06:00:00,147,23,124
2019-06-25 07:00:00,401,46,355
2019-06-25 08:00:00,472,55,417
2019-06-25 09:00:00,260,49,211
2019-06-25 10:00:00,100,19,81
2019-06-25 11:00:00,85,38,47
2019-06-25 12:00:00,78,43,35
2019-06-25 13:00:00,84,45,39
2019-06-25 14:00:00,97,68,29
2019-06-25 15:00:00,191,128,63
2019-06-25 16:00:00,410,349,61
2019-06-25 17:00:00,648,557,91
2019-06-25 18:00:00,384,300,84
2019-06-25 19:00:00,176,130,46
2019-06-25 20:00:00,85,49,36
2019-06-25 21:00:00,46,26,20
2019-06-25 22:00:00,35,21,14
2019-06-25 23:00:00,14,7,7
2019-06-26 00:00:00,8,7,1
2019-06-26 01:00:00,2,2,0
2019-06-26 02:00:00,2,1,1
2019-06-26 03:00:00,4,1,3
2019-06-26 04:00:00,11,3,8
2019-06-26 05:00:00,40,11,29
2019-06-26 06:00:00,119,20,99
2019-06-26 07:00:00,376,42,334
2019-06-26 08:00:00,426,45,381
2019-06-26 09:00:00,208,42,166
2019-06-26 10:00:00,107,39,68
2019-06-26 11:00:00,64,24,40
2019-06-26 12:00:00,88,35,53
2019-06-26 13:00:00,91,52,39
2019-06-26 14:00:00,96,56,40
2019-06-26 15:00:00,149,108,41
2019-06-26 16:00:00,328,282,46
2019-06-26 17:00:00,459,404,55
2019-06-26 18:00:00,265,214,51
2019-06-26 19:00:00,123,98,25
2019-06-26 20:00:00,76,50,26
2019-06-26 21:00:00,57,34,23
2019-06-26 22:00:00,19,17,2
2019-06-26 23:00:00,12,10,2
2019-06-27 00:00:00,5,4,1
2019-06-27 01:00:00,4,2,2
2019-06-27 02:00:00,0,0,0
2019-06-27 03:00:00,1,0,1
2019-06-27 04:00:00,8,1,7
2019-06-27 05:00:00,30,7,23
2019-06-27 06:00:00,88,23,65
2019-06-27 07:00:00,229,37,192
2019-06-27 08:00:00,289,35,254
2019-06-27 09:00:00,170,27,143
2019-06-27 10:00:00,85,28,57
2019-06-27 11:00:00,62,24,38
2019-06-27 12:00:00,53,24,29
2019-06-27 13:00:00,72,37,35
2019-06-27 14:00:00,91,55,36
2019-06-27 15:00:00,129,82,47
2019-06-27 16:00:00,266,218,48
2019-06-27 17:00:00,421,348,73
2019-06-27 18:00:00,245,189,56
2019-06-27 19:00:00,140,96,44
2019-06-27 20:00:00,78,45,33
2019-06-27 21:00:00,32,15,17
2019-06-27 22:00:00,28,19,9
2019-06-27 23:00:00,13,8,5
2019-06-28 00:00:00,8,3,5
2019-06-28 01:00:00,2,2,0
2019-06-28 02:00:00,0,0,0
2019-06-28 03:00:00,3,2,1
2019-06-28 04:00:00,8,2,6
2019-06-28 05:00:00,30,11,19
2019-06-28 06:00:00,100,21,79
2019-06-28 07:00:00,261,40,221
2019-06-28 08:00:00,338,48,290
2019-06-28 09:00:00,230,35,195
2019-06-28 10:00:00,78,28,50
2019-06-28 11:00:00,92,38,54
2019-06-28 12:00:00,82,40,42
2019-06-28 13:00:00,91,59,32
2019-06-28 14:00:00,123,81,42
2019-06-28 15:00:00,198,132,66
2019-06-28 16:00:00,378,300,78
2019-06-28 17:00:00,403,334,69
2019-06-28 18:00:00,237,174,63
2019-06-28 19:00:00,130,82,48
2019-06-28 20:00:00,100,53,47
2019-06-28 21:00:00,61,38,23
2019-06-28 22:00:00,28,14,14
2019-06-28 23:00:00,26,12,14
2019-06-29 00:00:00,13,9,4
2019-06-29 01:00:00,7,5,2
2019-06-29 02:00:00,3,3,0
2019-06-29 03:00:00,3,1,2
2019-06-29 04:00:00,1,1,0
2019-06-29 05:00:00,7,2,5
2019-06-29 06:00:00,18,10,8
2019-06-29 07:00:00,29,11,18
2019-06-29 08:00:00,63,30,33
2019-06-29 09:00:00,77,42,35
2019-06-29 10:00:00,98,64,34
2019-06-29 11:00:00,145,72,73
2019-06-29 12:00:00,147,77,70
2019-06-29 13:00:00,198,113,85
2019-06-29 14:00:00,198,123,75
2019-06-29 15:00:00,163,82,81
2019-06-29 16:00:00,183,104,79
2019-06-29 17:00:00,138,63,75
2019-06-29 18:00:00,125,68,57
2019-06-29 19:00:00,76,42,34
2019-06-29 20:00:00,54,31,23
2019-06-29 21:00:00,54,32,22
2019-06-29 22:00:00,26,18,8
2019-06-29 23:00:00,32,24,8
2019-06-30 00:00:00,18,13,5
2019-06-30 01:00:00,10,6,4
2019-06-30 02:00:00,5,4,1
2019-06-30 03:00:00,2,2,0
2019-06-30 04:00:00,0,0,0
2019-06-30 05:00:00,2,2,0
2019-06-30 06:00:00,14,4,10
2019-06-30 07:00:00,33,20,13
2019-06-30 08:00:00,56,25,31
2019-06-30 09:00:00,96,35,61
2019-06-30 10:00:00,158,63,95
2019-06-30 11:00:00,173,69,104
2019-06-30 12:00:00,213,100,113
2019-06-30 13:00:00,230,115,115
2019-06-30 14:00:00,215,123,92
2019-06-30 15:00:00,236,134,102
2019-06-30 16:00:00,202,136,66
2019-06-30 17:00:00,165,82,83
2019-06-30 18:00:00,115,68,47
2019-06-30 19:00:00,89,58,31
2019-06-30 20:00:00,81,44,37
2019-06-30 21:00:00,40,23,17
2019-06-30 22:00:00,25,15,10
2019-06-30 23:00:00,12,7,5
2019-07-01 00:00:00,4,4,0
2019-07-01 01:00:00,3,2,1
2019-07-01 02:00:00,2,2,0
2019-07-01 03:00:00,2,1,1
2019-07-01 04:00:00,12,5,7
2019-07-01 05:00:00,36,8,28
2019-07-01 06:00:00,122,22,100
2019-07-01 07:00:00,372,43,329
2019-07-01 08:00:00,464,42,422
2019-07-01 09:00:00,251,36,215
2019-07-01 10:00:00,118,33,85
2019-07-01 11:00:00,88,33,55
2019-07-01 12:00:00,97,47,50
2019-07-01 13:00:00,108,58,50
2019-07-01 14:00:00,119,71,48
2019-07-01 15:00:00,151,108,43
2019-07-01 16:00:00,405,342,63
2019-07-01 17:00:00,605,528,77
2019-07-01 18:00:00,346,258,88
2019-07-01 19:00:00,172,129,43
2019-07-01 20:00:00,115,63,52
2019-07-01 21:00:00,68,39,29
2019-07-01 22:00:00,36,22,14
2019-07-01 23:00:00,20,9,11
2019-07-02 00:00:00,3,3,0
2019-07-02 01:00:00,1,1,0
2019-07-02 02:00:00,3,2,1
2019-07-02 03:00:00,1,1,0
2019-07-02 04:00:00,12,3,9
2019-07-02 05:00:00,22,1,21
2019-07-02 06:00:00,110,23,87
2019-07-02 07:00:00,278,33,245
2019-07-02 08:00:00,367,36,331
2019-07-02 09:00:00,177,33,144
2019-07-02 10:00:00,69,22,47
2019-07-02 11:00:00,66,28,38
2019-07-02 12:00:00,56,23,33
2019-07-02 13:00:00,45,20,25
2019-07-02 14:00:00,53,35,18
2019-07-02 15:00:00,87,69,18
2019-07-02 16:00:00,222,203,19
2019-07-02 17:00:00,371,334,37
2019-07-02 18:00:00,172,153,19
2019-07-02 19:00:00,70,53,17
2019-07-02 20:00:00,41,28,13
2019-07-02 21:00:00,22,18,4
2019-07-02 22:00:00,6,4,2
2019-07-02 23:00:00,6,4,2
2019-07-03 00:00:00,2,1,1
2019-07-03 01:00:00,2,1,1
2019-07-03 02:00:00,1,1,0
2019-07-03 03:00:00,0,0,0
2019-07-03 04:00:00,10,5,5
2019-07-03 05:00:00,25,2,23
2019-07-03 06:00:00,85,12,73
2019-07-03 07:00:00,253,33,220
2019-07-03 08:00:00,297,36,261
2019-07-03 09:00:00,169,31,138
2019-07-03 10:00:00,63,22,41
2019-07-03 11:00:00,65,24,41
2019-07-03 12:00:00,60,37,23
2019-07-03 13:00:00,80,44,36
2019-07-03 14:00:00,117,73,44
2019-07-03 15:00:00,165,121,44
2019-07-03 16:00:00,283,211,72
2019-07-03 17:00:00,385,326,59
2019-07-03 18:00:00,222,167,55
2019-07-03 19:00:00,128,91,37
2019-07-03 20:00:00,83,54,29
2019-07-03 21:00:00,49,25,24
2019-07-03 22:00:00,33,18,15
2019-07-03 23:00:00,16,6,10
2019-07-04 00:00:00,6,5,1
2019-07-04 01:00:00,10,6,4
2019-07-04 02:00:00,2,1,1
2019-07-04 03:00:00,5,3,2
2019-07-04 04:00:00,4,2,2
2019-07-04 05:00:00,3,1,2
2019-07-04 06:00:00,16,7,9
2019-07-04 07:00:00,26,12,14
2019-07-04 08:00:00,56,27,29
2019-07-04 09:00:00,69,22,47
2019-07-04 10:00:00,96,41,55
2019-07-04 11:00:00,158,97,61
2019-07-04 12:00:00,122,56,66
2019-07-04 13:00:00,181,114,67
2019-07-04 14:00:00,214,118,96
2019-07-04 15:00:00,197,122,75
2019-07-04 16:00:00,216,127,89
2019-07-04 17:00:00,199,98,101
2019-07-04 18:00:00,242,102,140
2019-07-04 19:00:00,213,105,108
2019-07-04 20:00:00,182,95,87
2019-07-04 21:00:00,129,66,63
2019-07-04 22:00:00,121,67,54
2019-07-04 23:00:00,218,99,119
2019-07-05 00:00:00,40,16,24
2019-07-05 01:00:00,5,5,0
2019-07-05 02:00:00,9,5,4
2019-07-05 03:00:00,3,2,1
2019-07-05 04:00:00,5,3,2
2019-07-05 05:00:00,12,5,7
2019-07-05 06:00:00,36,11,25
2019-07-05 07:00:00,81,12,69
2019-07-05 08:00:00,138,23,115
2019-07-05 09:00:00,92,15,77
2019-07-05 10:00:00,64,21,43
2019-07-05 11:00:00,80,43,37
2019-07-05 12:00:00,86,52,34
2019-07-05 13:00:00,105,67,38
2019-07-05 14:00:00,133,91,42
2019-07-05 15:00:00,166,111,55
2019-07-05 16:00:00,162,122,40
2019-07-05 17:00:00,171,124,47
2019-07-05 18:00:00,122,81,41
2019-07-05 19:00:00,64,36,28
2019-07-05 20:00:00,47,26,21
2019-07-05 21:00:00,35,21,14
2019-07-05 22:00:00,15,12,3
2019-07-05 23:00:00,11,7,4
2019-07-06 00:00:00,10,6,4
2019-07-06 01:00:00,3,3,0
2019-07-06 02:00:00,4,3,1
2019-07-06 03:00:00,2,0,2
2019-07-06 04:00:00,1,1,0
2019-07-06 05:00:00,6,2,4
2019-07-06 06:00:00,14,6,8
2019-07-06 07:00:00,27,12,15
2019-07-06 08:00:00,41,14,27
2019-07-06 09:00:00,50,23,27
2019-07-06 10:00:00,93,55,38
2019-07-06 11:00:00,138,77,61
2019-07-06 12:00:00,158,72,86
2019-07-06 13:00:00,158,97,61
2019-07-06 14:00:00,174,91,83
2019-07-06 15:00:00,220,97,123
2019-07-06 16:00:00,172,81,91
2019-07-06 17:00:00,153,86,67
2019-07-06 18:00:00,117,66,51
2019-07-06 19:00:00,96,45,51
2019-07-06 20:00:00,74,33,41
2019-07-06 21:00:00,46,26,20
2019-07-06 22:00:00,34,22,12
2019-07-06 23:00:00,14,9,5
2019-07-07 00:00:00,16,9,7
2019-07-07 01:00:00,6,4,2
2019-07-07 02:00:00,4,4,0
2019-07-07 03:00:00,1,0,1
2019-07-07 04:00:00,1,1,0
2019-07-07 05:00:00,0,0,0
2019-07-07 06:00:00,12,7,5
2019-07-07 07:00:00,28,13,15
2019-07-07 08:00:00,30,19,11
2019-07-07 09:00:00,40,22,18
2019-07-07 10:00:00,76,41,35
2019-07-07 11:00:00,108,68,40
2019-07-07 12:00:00,134,89,45
2019-07-07 13:00:00,138,84,54
2019-07-07 14:00:00,118,73,45
2019-07-07 15:00:00,133,61,72
2019-07-07 16:00:00,109,48,61
2019-07-07 17:00:00,88,53,35
2019-07-07 18:00:00,66,33,33
2019-07-07 19:00:00,27,17,10
2019-07-07 20:00:00,19,11,8
2019-07-07 21:00:00,10,4,6
2019-07-07 22:00:00,8,5,3
2019-07-07 23:00:00,5,0,5
2019-07-08 00:00:00,2,1,1
2019-07-08 01:00:00,2,2,0
2019-07-08 02:00:00,0,0,0
2019-07-08 03:00:00,0,0,0
2019-07-08 04:00:00,5,3,2
2019-07-08 05:00:00,23,6,17
2019-07-08 06:00:00,69,19,50
2019-07-08 07:00:00,254,33,221
2019-07-08 08:00:00,394,49,345
2019-07-08 09:00:00,213,34,179
2019-07-08 10:00:00,94,19,75
2019-07-08 11:00:00,48,15,33
2019-07-08 12:00:00,64,36,28
2019-07-08 13:00:00,65,36,29
2019-07-08 14:00:00,81,46,35
2019-07-08 15:00:00,131,92,39
2019-07-08 16:00:00,279,217,62
2019-07-08 17:00:00,508,413,95
2019-07-08 18:00:00,369,292,77
2019-07-08 19:00:00,172,121,51
2019-07-08 20:00:00,106,69,37
2019-07-08 21:00:00,55,24,31
2019-07-08 22:00:00,36,25,11
2019-07-08 23:00:00,10,5,5
2019-07-09 00:00:00,10,8,2
2019-07-09 01:00:00,2,2,0
2019-07-09 02:00:00,5,3,2
2019-07-09 03:00:00,2,1,1
2019-07-09 04:00:00,4,1,3
2019-07-09 05:00:00,34,11,23
2019-07-09 06:00:00,113,17,96
2019-07-09 07:00:00,327,39,288
2019-07-09 08:00:00,459,51,408
2019-07-09 09:00:00,259,41,218
2019-07-09 10:00:00,101,27,74
2019-07-09 11:00:00,57,18,39
2019-07-09 12:00:00,86,57,29
2019-07-09 13:00:00,81,39,42
2019-07-09 14:00:00,82,40,42
2019-07-09 15:00:00,140,87,53
2019-07-09 16:00:00,309,261,48
2019-07-09 17:00:00,565,495,70
2019-07-09 18:00:00,333,276,57
2019-07-09 19:00:00,118,88,30
2019-07-09 20:00:00,74,55,19
2019-07-09 21:00:00,31,20,11
2019-07-09 22:00:00,18,14,4
2019-07-09 23:00:00,14,8,6
2019-07-10 00:00:00,7,7,0
2019-07-10 01:00:00,2,1,1
2019-07-10 02:00:00,0,0,0
2019-07-10 03:00:00,0,0,0
2019-07-10 04:00:00,3,0,3
2019-07-10 05:00:00,17,8,9
2019-07-10 06:00:00,51,11,40
2019-07-10 07:00:00,207,25,182
2019-07-10 08:00:00,232,16,216
2019-07-10 09:00:00,153,26,127
2019-07-10 10:00:00,77,23,54
2019-07-10 11:00:00,29,7,22
2019-07-10 12:00:00,37,22,15
2019-07-10 13:00:00,47,18,29
2019-07-10 14:00:00,35,20,15
2019-07-10 15:00:00,52,39,13
2019-07-10 16:00:00,188,150,38
2019-07-10 17:00:00,362,308,54
2019-07-10 18:00:00,267,218,49
2019-07-10 19:00:00,132,95,37
2019-07-10 20:00:00,75,54,21
2019-07-10 21:00:00,62,37,25
2019-07-10 22:00:00,16,10,6
2019-07-10 23:00:00,19,15,4
2019-07-11 00:00:00,4,2,2
2019-07-11 01:00:00,6,4,2
2019-07-11 02:00:00,4,2,2
2019-07-11 03:00:00,0,0,0
2019-07-11 04:00:00,3,2,1
2019-07-11 05:00:00,40,15,25
2019-07-11 06:00:00,85,16,69
2019-07-11 07:00:00,315,35,280
2019-07-11 08:00:00,480,53,427
2019-07-11 09:00:00,278,41,237
2019-07-11 10:00:00,106,33,73
2019-07-11 11:00:00,86,27,59
2019-07-11 12:00:00,96,42,54
2019-07-11 13:00:00,83,49,34
2019-07-11 14:00:00,78,46,32
2019-07-11 15:00:00,146,111,35
2019-07-11 16:00:00,383,321,62
2019-07-11 17:00:00,555,481,74
2019-07-11 18:00:00,358,292,66
2019-07-11 19:00:00,227,159,68
2019-07-11 20:00:00,122,68,54
2019-07-11 21:00:00,86,47,39
2019-07-11 22:00:00,31,16,15
2019-07-11 23:00:00,21,16,5
2019-07-12 00:00:00,13,9,4
2019-07-12 01:00:00,6,4,2
2019-07-12 02:00:00,0,0,0
2019-07-12 03:00:00,1,1,0
2019-07-12 04:00:00,8,4,4
2019-07-12 05:00:00,17,7,10
2019-07-12 06:00:00,97,14,83
2019-07-12 07:00:00,257,30,227
2019-07-12 08:00:00,363,45,318
2019-07-12 09:00:00,248,44,204
2019-07-12 10:00:00,96,25,71
2019-07-12 11:00:00,98,46,52
2019-07-12 12:00:00,82,43,39
2019-07-12 13:00:00,106,62,44
2019-07-12 14:00:00,153,100,53
2019-07-12 15:00:00,207,141,66
2019-07-12 16:00:00,389,318,71
2019-07-12 17:00:00,453,378,75
2019-07-12 18:00:00,289,223,66
2019-07-12 19:00:00,179,124,55
2019-07-12 20:00:00,103,65,38
2019-07-12 21:00:00,75,38,37
2019-07-12 22:00:00,53,34,19
2019-07-12 23:00:00,27,20,7
2019-07-13 00:00:00,28,9,19
2019-07-13 01:00:00,10,7,3
2019-07-13 02:00:00,8,4,4
2019-07-13 03:00:00,5,2,3
2019-07-13 04:00:00,12,11,1
2019-07-13 05:00:00,30,27,3
2019-07-13 06:00:00,16,11,5
2019-07-13 07:00:00,37,12,25
2019-07-13 08:00:00,61,31,30
2019-07-13 09:00:00,78,31,47
2019-07-13 10:00:00,99,56,43
2019-07-13 11:00:00,124,75,49
2019-07-13 12:00:00,157,87,70
2019-07-13 13:00:00,197,113,84
2019-07-13 14:00:00,162,91,71
2019-07-13 15:00:00,137,76,61
2019-07-13 16:00:00,141,86,55
2019-07-13 17:00:00,139,75,64
2019-07-13 18:00:00,124,60,64
2019-07-13 19:00:00,90,42,48
2019-07-13 20:00:00,65,36,29
2019-07-13 21:00:00,48,19,29
2019-07-13 22:00:00,37,13,24
2019-07-13 23:00:00,18,12,6
2019-07-14 00:00:00,11,4,7
2019-07-14 01:00:00,16,4,12
2019-07-14 02:00:00,5,3,2
2019-07-14 03:00:00,2,1,1
2019-07-14 04:00:00,1,0,1
2019-07-14 05:00:00,2,1,1
2019-07-14 06:00:00,8,3,5
2019-07-14 07:00:00,21,12,9
2019-07-14 08:00:00,46,23,23
2019-07-14 09:00:00,62,26,36
2019-07-14 10:00:00,83,42,41
2019-07-14 11:00:00,131,70,61
2019-07-14 12:00:00,182,94,88
2019-07-14 13:00:00,179,92,87
2019-07-14 14:00:00,172,103,69
2019-07-14 15:00:00,191,123,68
2019-07-14 16:00:00,188,93,95
2019-07-14 17:00:00,126,66,60
2019-07-14 18:00:00,119,44,75
2019-07-14 19:00:00,102,57,45
2019-07-14 20:00:00,78,27,51
2019-07-14 21:00:00,45,15,30
2019-07-14 22:00:00,21,10,11
2019-07-14 23:00:00,15,9,6
2019-07-15 00:00:00,3,1,2
2019-07-15 01:00:00,6,4,2
2019-07-15 02:00:00,2,2,0
2019-07-15 03:00:00,2,0,2
2019-07-15 04:00:00,8,4,4
2019-07-15 05:00:00,35,7,28
2019-07-15 06:00:00,101,21,80
2019-07-15 07:00:00,307,23,284
2019-07-15 08:00:00,447,48,399
2019-07-15 09:00:00,266,38,228
2019-07-15 10:00:00,83,21,62
2019-07-15 11:00:00,53,21,32
2019-07-15 12:00:00,47,14,33
2019-07-15 13:00:00,43,18,25
2019-07-15 14:00:00,72,45,27
2019-07-15 15:00:00,128,91,37
2019-07-15 16:00:00,283,235,48
2019-07-15 17:00:00,559,486,73
2019-07-15 18:00:00,323,276,47
2019-07-15 19:00:00,136,105,31
2019-07-15 20:00:00,97,60,37
2019-07-15 21:00:00,36,22,14
2019-07-15 22:00:00,21,14,7
2019-07-15 23:00:00,17,11,6
2019-07-16 00:00:00,5,2,3
2019-07-16 01:00:00,3,2,1
2019-07-16 02:00:00,3,1,2
2019-07-16 03:00:00,0,0,0
2019-07-16 04:00:00,6,2,4
2019-07-16 05:00:00,31,9,22
2019-07-16 06:00:00,95,15,80
2019-07-16 07:00:00,349,46,303
2019-07-16 08:00:00,478,65,413
2019-07-16 09:00:00,275,39,236
2019-07-16 10:00:00,106,30,76
2019-07-16 11:00:00,89,24,65
2019-07-16 12:00:00,69,40,29
2019-07-16 13:00:00,97,46,51
2019-07-16 14:00:00,80,47,33
2019-07-16 15:00:00,152,110,42
2019-07-16 16:00:00,372,306,66
2019-07-16 17:00:00,610,520,90
2019-07-16 18:00:00,388,317,71
2019-07-16 19:00:00,232,162,70
2019-07-16 20:00:00,140,85,55
2019-07-16 21:00:00,78,36,42
2019-07-16 22:00:00,33,21,12
2019-07-16 23:00:00,22,16,6
2019-07-17 00:00:00,6,4,2
2019-07-17 01:00:00,4,4,0
2019-07-17 02:00:00,1,0,1
2019-07-17 03:00:00,2,1,1
2019-07-17 04:00:00,9,6,3
2019-07-17 05:00:00,24,9,15
2019-07-17 06:00:00,64,17,47
2019-07-17 07:00:00,204,37,167
2019-07-17 08:00:00,334,42,292
2019-07-17 09:00:00,230,36,194
2019-07-17 10:00:00,82,19,63
2019-07-17 11:00:00,63,19,44
2019-07-17 12:00:00,53,21,32
2019-07-17 13:00:00,55,32,23
2019-07-17 14:00:00,57,36,21
2019-07-17 15:00:00,83,61,22
2019-07-17 16:00:00,231,197,34
2019-07-17 17:00:00,457,377,80
2019-07-17 18:00:00,263,211,52
2019-07-17 19:00:00,134,93,41
2019-07-17 20:00:00,74,41,33
2019-07-17 21:00:00,54,36,18
2019-07-17 22:00:00,24,16,8
2019-07-17 23:00:00,12,10,2
2019-07-18 00:00:00,4,2,2
2019-07-18 01:00:00,1,1,0
2019-07-18 02:00:00,1,1,0
2019-07-18 03:00:00,0,0,0
2019-07-18 04:00:00,2,0,2
2019-07-18 05:00:00,28,7,21
2019-07-18 06:00:00,84,11,73
2019-07-18 07:00:00,234,28,206
2019-07-18 08:00:00,410,50,360
2019-07-18 09:00:00,274,33,241
2019-07-18 10:00:00,113,39,74
2019-07-18 11:00:00,94,33,61
2019-07-18 12:00:00,92,40,52
2019-07-18 13:00:00,88,46,42
2019-07-18 14:00:00,80,52,28
2019-07-18 15:00:00,124,91,33
2019-07-18 16:00:00,297,248,49
2019-07-18 17:00:00,525,447,78
2019-07-18 18:00:00,259,222,37
2019-07-18 19:00:00,103,84,19
2019-07-18 20:00:00,75,53,22
2019-07-18 21:00:00,35,25,10
2019-07-18 22:00:00,9,6,3
2019-07-18 23:00:00,5,4,1
2019-07-19 00:00:00,5,4,1
2019-07-19 01:00:00,4,4,0
2019-07-19 02:00:00,2,2,0
2019-07-19 03:00:00,4,1,3
2019-07-19 04:00:00,7,5,2
2019-07-19 05:00:00,17,5,12
2019-07-19 06:00:00,84,16,68
2019-07-19 07:00:00,220,27,193
2019-07-19 08:00:00,367,38,329
2019-07-19 09:00:00,234,34,200
2019-07-19 10:00:00,83,25,58
2019-07-19 11:00:00,82,37,45
2019-07-19 12:00:00,119,64,55
2019-07-19 13:00:00,82,55,27
2019-07-19 14:00:00,147,88,59
2019-07-19 15:00:00,202,137,65
2019-07-19 16:00:00,354,284,70
2019-07-19 17:00:00,415,353,62
2019-07-19 18:00:00,280,202,78
2019-07-19 19:00:00,132,80,52
2019-07-19 20:00:00,88,64,24
2019-07-19 21:00:00,67,35,32
2019-07-19 22:00:00,42,29,13
2019-07-19 23:00:00,22,14,8
2019-07-20 00:00:00,19,12,7
2019-07-20 01:00:00,14,10,4
2019-07-20 02:00:00,2,1,1
2019-07-20 03:00:00,1,0,1
2019-07-20 04:00:00,1,1,0
2019-07-20 05:00:00,3,0,3
2019-07-20 06:00:00,12,5,7
2019-07-20 07:00:00,29,17,12
2019-07-20 08:00:00,58,22,36
2019-07-20 09:00:00,75,38,37
2019-07-20 10:00:00,94,59,35
2019-07-20 11:00:00,144,85,59
2019-07-20 12:00:00,205,108,97
2019-07-20 13:00:00,199,106,93
2019-07-20 14:00:00,191,102,89
2019-07-20 15:00:00,157,65,92
2019-07-20 16:00:00,209,107,102
2019-07-20 17:00:00,168,101,67
2019-07-20 18:00:00,118,64,54
2019-07-20 19:00:00,115,50,65
2019-07-20 20:00:00,94,54,40
2019-07-20 21:00:00,37,15,22
2019-07-20 22:00:00,35,16,19
2019-07-20 23:00:00,36,33,3
2019-07-21 00:00:00,15,11,4
2019-07-21 01:00:00,10,5,5
2019-07-21 02:00:00,4,4,0
2019-07-21 03:00:00,1,1,0
2019-07-21 04:00:00,3,1,2
2019-07-21 05:00:00,2,1,1
2019-07-21 06:00:00,12,2,10
2019-07-21 07:00:00,26,14,12
2019-07-21 08:00:00,51,29,22
2019-07-21 09:00:00,64,41,23
2019-07-21 10:00:00,100,62,38
2019-07-21 11:00:00,131,71,60
2019-07-21 12:00:00,135,65,70
2019-07-21 13:00:00,162,97,65
2019-07-21 14:00:00,193,109,84
2019-07-21 15:00:00,188,78,110
2019-07-21 16:00:00,157,77,80
2019-07-21 17:00:00,131,53,78
2019-07-21 18:00:00,99,61,38
2019-07-21 19:00:00,74,40,34
2019-07-21 20:00:00,69,41,28
2019-07-21 21:00:00,50,34,16
2019-07-21 22:00:00,23,13,10
2019-07-21 23:00:00,13,10,3
2019-07-22 00:00:00,7,3,4
2019-07-22 01:00:00,1,1,0
2019-07-22 02:00:00,7,6,1
2019-07-22 03:00:00,2,1,1
2019-07-22 04:00:00,7,3,4
2019-07-22 05:00:00,38,12,26
2019-07-22 06:00:00,99,24,75
2019-07-22 07:00:00,355,33,322
2019-07-22 08:00:00,514,50,464
2019-07-22 09:00:00,298,57,241
2019-07-22 10:00:00,134,38,96
2019-07-22 11:00:00,61,26,35
2019-07-22 12:00:00,81,40,41
2019-07-22 13:00:00,72,38,34
2019-07-22 14:00:00,102,65,37
2019-07-22 15:00:00,169,125,44
2019-07-22 16:00:00,358,282,76
2019-07-22 17:00:00,625,540,85
2019-07-22 18:00:00,406,338,68
2019-07-22 19:00:00,201,157,44
2019-07-22 20:00:00,116,62,54
2019-07-22 21:00:00,63,36,27
2019-07-22 22:00:00,31,20,11
2019-07-22 23:00:00,15,9,6
2019-07-23 00:00:00,4,2,2
2019-07-23 01:00:00,8,3,5
2019-07-23 02:00:00,2,0,2
2019-07-23 03:00:00,3,2,1
2019-07-23 04:00:00,7,1,6
2019-07-23 05:00:00,44,14,30
2019-07-23 06:00:00,111,23,88
2019-07-23 07:00:00,360,44,316
2019-07-23 08:00:00,521,65,456
2019-07-23 09:00:00,295,44,251
2019-07-23 10:00:00,126,34,92
2019-07-23 11:00:00,87,28,59
2019-07-23 12:00:00,84,38,46
2019-07-23 13:00:00,73,35,38
2019-07-23 14:00:00,86,47,39
2019-07-23 15:00:00,134,93,41
2019-07-23 16:00:00,349,285,64
2019-07-23 17:00:00,647,548,99
2019-07-23 18:00:00,423,362,61
2019-07-23 19:00:00,203,148,55
2019-07-23 20:00:00,133,89,44
2019-07-23 21:00:00,65,46,19
2019-07-23 22:00:00,28,21,7
2019-07-23 23:00:00,18,11,7
2019-07-24 00:00:00,7,4,3
2019-07-24 01:00:00,8,8,0
2019-07-24 02:00:00,4,2,2
2019-07-24 03:00:00,2,1,1
2019-07-24 04:00:00,8,3,5
2019-07-24 05:00:00,30,8,22
2019-07-24 06:00:00,110,17,93
2019-07-24 07:00:00,347,41,306
2019-07-24 08:00:00,498,53,445
2019-07-24 09:00:00,295,63,232
2019-07-24 10:00:00,137,35,102
2019-07-24 11:00:00,90,35,55
2019-07-24 12:00:00,80,34,46
2019-07-24 13:00:00,101,63,38
2019-07-24 14:00:00,104,58,46
2019-07-24 15:00:00,150,108,42
2019-07-24 16:00:00,383,312,71
2019-07-24 17:00:00,617,526,91
2019-07-24 18:00:00,418,328,90
2019-07-24 19:00:00,215,160,55
2019-07-24 20:00:00,120,69,51
2019-07-24 21:00:00,74,36,38
2019-07-24 22:00:00,34,28,6
2019-07-24 23:00:00,25,19,6
2019-07-25 00:00:00,13,5,8
2019-07-25 01:00:00,11,7,4
2019-07-25 02:00:00,4,2,2
2019-07-25 03:00:00,3,0,3
2019-07-25 04:00:00,2,0,2
2019-07-25 05:00:00,33,11,22
2019-07-25 06:00:00,96,19,77
2019-07-25 07:00:00,311,36,275
2019-07-25 08:00:00,452,51,401
2019-07-25 09:00:00,328,58,270
2019-07-25 10:00:00,137,37,100
2019-07-25 11:00:00,94,40,54
2019-07-25 12:00:00,86,41,45
2019-07-25 13:00:00,101,50,51
2019-07-25 14:00:00,96,68,28
2019-07-25 15:00:00,175,122,53
2019-07-25 16:00:00,390,298,92
2019-07-25 17:00:00,635,519,116
2019-07-25 18:00:00,390,325,65
2019-07-25 19:00:00,212,147,65
2019-07-25 20:00:00,141,85,56
2019-07-25 21:00:00,82,56,26
2019-07-25 22:00:00,35,21,14
2019-07-25 23:00:00,33,21,12
2019-07-26 00:00:00,6,3,3
2019-07-26 01:00:00,5,5,0
2019-07-26 02:00:00,1,1,0
2019-07-26 03:00:00,2,1,1
2019-07-26 04:00:00,9,4,5
2019-07-26 05:00:00,20,6,14
2019-07-26 06:00:00,93,22,71
2019-07-26 07:00:00,261,37,224
2019-07-26 08:00:00,464,50,414
2019-07-26 09:00:00,257,38,219
2019-07-26 10:00:00,136,48,88
2019-07-26 11:00:00,96,39,57
2019-07-26 12:00:00,118,59,59
2019-07-26 13:00:00,100,60,40
2019-07-26 14:00:00,148,105,43
2019-07-26 15:00:00,234,143,91
2019-07-26 16:00:00,404,313,91
2019-07-26 17:00:00,512,420,92
2019-07-26 18:00:00,298,226,72
2019-07-26 19:00:00,167,120,47
2019-07-26 20:00:00,114,73,41
2019-07-26 21:00:00,100,49,51
2019-07-26 22:00:00,472,453,19
2019-07-26 23:00:00,87,78,9
2019-07-27 00:00:00,30,18,12
2019-07-27 01:00:00,19,8,11
2019-07-27 02:00:00,8,2,6
2019-07-27 03:00:00,4,2,2
2019-07-27 04:00:00,2,1,1
2019-07-27 05:00:00,5,0,5
2019-07-27 06:00:00,12,3,9
2019-07-27 07:00:00,23,7,16
2019-07-27 08:00:00,43,25,18
2019-07-27 09:00:00,66,32,34
2019-07-27 10:00:00,58,25,33
2019-07-27 11:00:00,94,49,45
2019-07-27 12:00:00,105,46,59
2019-07-27 13:00:00,117,55,62
2019-07-27 14:00:00,133,71,62
2019-07-27 15:00:00,113,60,53
2019-07-27 16:00:00,119,59,60
2019-07-27 17:00:00,123,59,64
2019-07-27 18:00:00,91,49,42
2019-07-27 19:00:00,71,41,30
2019-07-27 20:00:00,62,32,30
2019-07-27 21:00:00,43,32,11
2019-07-27 22:00:00,23,14,9
2019-07-27 23:00:00,30,19,11
2019-07-28 00:00:00,8,6,2
2019-07-28 01:00:00,6,3,3
2019-07-28 02:00:00,4,4,0
2019-07-28 03:00:00,0,0,0
2019-07-28 04:00:00,1,1,0
2019-07-28 05:00:00,4,2,2
2019-07-28 06:00:00,13,5,8
2019-07-28 07:00:00,22,8,14
2019-07-28 08:00:00,46,25,21
2019-07-28 09:00:00,71,44,27
2019-07-28 10:00:00,98,40,58
2019-07-28 11:00:00,155,103,52
2019-07-28 12:00:00,169,83,86
2019-07-28 13:00:00,150,93,57
2019-07-28 14:00:00,181,94,87
2019-07-28 15:00:00,170,87,83
2019-07-28 16:00:00,136,61,75
2019-07-28 17:00:00,158,70,88
2019-07-28 18:00:00,125,58,67
2019-07-28 19:00:00,93,50,43
2019-07-28 20:00:00,94,52,42
2019-07-28 21:00:00,47,18,29
2019-07-28 22:00:00,24,10,14
2019-07-28 23:00:00,8,7,1
2019-07-29 00:00:00,5,2,3
2019-07-29 01:00:00,3,1,2
2019-07-29 02:00:00,0,0,0
2019-07-29 03:00:00,2,2,0
2019-07-29 04:00:00,8,2,6
2019-07-29 05:00:00,32,8,24
2019-07-29 06:00:00,108,20,88
2019-07-29 07:00:00,340,42,298
2019-07-29 08:00:00,528,59,469
2019-07-29 09:00:00,300,48,252
2019-07-29 10:00:00,155,40,115
2019-07-29 11:00:00,85,39,46
2019-07-29 12:00:00,95,40,55
2019-07-29 13:00:00,88,42,46
2019-07-29 14:00:00,86,53,33
2019-07-29 15:00:00,155,105,50
2019-07-29 16:00:00,374,317,57
2019-07-29 17:00:00,627,542,85
2019-07-29 18:00:00,430,359,71
2019-07-29 19:00:00,194,138,56
2019-07-29 20:00:00,98,52,46
2019-07-29 21:00:00,87,50,37
2019-07-29 22:00:00,28,17,11
2019-07-29 23:00:00,20,11,9
2019-07-30 00:00:00,11,9,2
2019-07-30 01:00:00,1,1,0
2019-07-30 02:00:00,4,2,2
2019-07-30 03:00:00,1,0,1
2019-07-30 04:00:00,12,4,8
2019-07-30 05:00:00,37,11,26
2019-07-30 06:00:00,114,17,97
2019-07-30 07:00:00,328,35,293
2019-07-30 08:00:00,503,51,452
2019-07-30 09:00:00,301,50,251
2019-07-30 10:00:00,117,28,89
2019-07-30 11:00:00,64,15,49
2019-07-30 12:00:00,76,37,39
2019-07-30 13:00:00,83,33,50
2019-07-30 14:00:00,105,57,48
2019-07-30 15:00:00,140,98,42
2019-07-30 16:00:00,374,306,68
2019-07-30 17:00:00,638,555,83
2019-07-30 18:00:00,416,334,82
2019-07-30 19:00:00,212,150,62
2019-07-30 20:00:00,122,76,46
2019-07-30 21:00:00,70,37,33
2019-07-30 22:00:00,52,36,16
2019-07-30 23:00:00,19,11,8
2019-07-31 00:00:00,4,4,0
2019-07-31 01:00:00,8,5,3
2019-07-31 02:00:00,4,3,1
2019-07-31 03:00:00,0,0,0
2019-07-31 04:00:00,11,5,6
2019-07-31 05:00:00,30,6,24
2019-07-31 06:00:00,116,26,90
2019-07-31 07:00:00,345,44,301
2019-07-31 08:00:00,524,69,455
2019-07-31 09:00:00,321,68,253
2019-07-31 10:00:00,133,39,94
2019-07-31 11:00:00,86,35,51
2019-07-31 12:00:00,94,39,55
2019-07-31 13:00:00,91,50,41
2019-07-31 14:00:00,113,64,49
2019-07-31 15:00:00,158,107,51
2019-07-31 16:00:00,342,274,68
2019-07-31 17:00:00,636,549,87
2019-07-31 18:00:00,414,350,64
2019-07-31 19:00:00,202,138,64
2019-07-31 20:00:00,140,84,56
2019-07-31 21:00:00,75,39,36
2019-07-31 22:00:00,41,22,19
2019-07-31 23:00:00,27,15,12
2019-08-01 00:00:00,4,3,1
2019-08-01 01:00:00,5,4,1
2019-08-01 02:00:00,5,4,1
2019-08-01 03:00:00,2,1,1
2019-08-01 04:00:00,6,2,4
2019-08-01 05:00:00,30,10,20
2019-08-01 06:00:00,98,19,79
2019-08-01 07:00:00,304,40,264
2019-08-01 08:00:00,518,59,459
2019-08-01 09:00:00,312,46,266
2019-08-01 10:00:00,132,45,87
2019-08-01 11:00:00,99,39,60
2019-08-01 12:00:00,117,57,60
2019-08-01 13:00:00,110,57,53
2019-08-01 14:00:00,121,69,52
2019-08-01 15:00:00,211,141,70
2019-08-01 16:00:00,468,394,74
2019-08-01 17:00:00,595,494,101
2019-08-01 18:00:00,381,267,114
2019-08-01 19:00:00,200,134,66
2019-08-01 20:00:00,134,73,61
2019-08-01 21:00:00,68,36,32
2019-08-01 22:00:00,30,19,11
2019-08-01 23:00:00,21,15,6
2019-08-02 00:00:00,5,3,2
2019-08-02 01:00:00,6,6,0
2019-08-02 02:00:00,1,1,0
2019-08-02 03:00:00,0,0,0
2019-08-02 04:00:00,7,3,4
2019-08-02 05:00:00,18,6,12
2019-08-02 06:00:00,86,13,73
2019-08-02 07:00:00,255,23,232
2019-08-02 08:00:00,387,40,347
2019-08-02 09:00:00,207,40,167
2019-08-02 10:00:00,111,42,69
2019-08-02 11:00:00,90,35,55
2019-08-02 12:00:00,113,62,51
2019-08-02 13:00:00,88,53,35
2019-08-02 14:00:00,119,67,52
2019-08-02 15:00:00,196,134,62
2019-08-02 16:00:00,371,289,82
2019-08-02 17:00:00,390,321,69
2019-08-02 18:00:00,228,166,62
2019-08-02 19:00:00,132,92,40
2019-08-02 20:00:00,113,72,41
2019-08-02 21:00:00,55,36,19
2019-08-02 22:00:00,35,21,14
2019-08-02 23:00:00,25,17,8
2019-08-03 00:00:00,20,13,7
2019-08-03 01:00:00,2,1,1
2019-08-03 02:00:00,5,3,2
2019-08-03 03:00:00,2,1,1
2019-08-03 04:00:00,3,2,1
2019-08-03 05:00:00,13,5,8
2019-08-03 06:00:00,21,9,12
2019-08-03 07:00:00,42,27,15
2019-08-03 08:00:00,75,33,42
2019-08-03 09:00:00,94,47,47
2019-08-03 10:00:00,100,54,46
2019-08-03 11:00:00,144,83,61
2019-08-03 12:00:00,152,84,68
2019-08-03 13:00:00,144,67,77
2019-08-03 14:00:00,153,87,66
2019-08-03 15:00:00,177,91,86
2019-08-03 16:00:00,163,56,107
2019-08-03 17:00:00,117,72,45
2019-08-03 18:00:00,99,50,49
2019-08-03 19:00:00,63,31,32
2019-08-03 20:00:00,65,33,32
2019-08-03 21:00:00,67,37,30
2019-08-03 22:00:00,22,17,5
2019-08-03 23:00:00,28,19,9
2019-08-04 00:00:00,17,16,1
2019-08-04 01:00:00,18,15,3
2019-08-04 02:00:00,7,5,2
2019-08-04 03:00:00,0,0,0
2019-08-04 04:00:00,3,3,0
2019-08-04 05:00:00,6,2,4
2019-08-04 06:00:00,17,8,9
2019-08-04 07:00:00,29,17,12
2019-08-04 08:00:00,55,35,20
2019-08-04 09:00:00,85,54,31
2019-08-04 10:00:00,96,52,44
2019-08-04 11:00:00,129,68,61
2019-08-04 12:00:00,120,65,55
2019-08-04 13:00:00,108,59,49
2019-08-04 14:00:00,157,70,87
2019-08-04 15:00:00,159,81,78
2019-08-04 16:00:00,123,53,70
2019-08-04 17:00:00,161,76,85
2019-08-04 18:00:00,79,32,47
2019-08-04 19:00:00,75,44,31
2019-08-04 20:00:00,67,43,24
2019-08-04 21:00:00,48,29,19
2019-08-04 22:00:00,24,14,10
2019-08-04 23:00:00,9,7,2
2019-08-05 00:00:00,9,1,8
2019-08-05 01:00:00,2,2,0
2019-08-05 02:00:00,0,0,0
2019-08-05 03:00:00,1,1,0
2019-08-05 04:00:00,17,6,11
2019-08-05 05:00:00,35,7,28
2019-08-05 06:00:00,152,24,128
2019-08-05 07:00:00,358,43,315
2019-08-05 08:00:00,541,59,482
2019-08-05 09:00:00,241,37,204
2019-08-05 10:00:00,118,32,86
2019-08-05 11:00:00,77,32,45
2019-08-05 12:00:00,79,41,38
2019-08-05 13:00:00,73,35,38
2019-08-05 14:00:00,102,56,46
2019-08-05 15:00:00,170,123,47
2019-08-05 16:00:00,427,359,68
2019-08-05 17:00:00,657,570,87
2019-08-05 18:00:00,311,266,45
2019-08-05 19:00:00,177,113,64
2019-08-05 20:00:00,118,67,51
2019-08-05 21:00:00,63,34,29
2019-08-05 22:00:00,28,20,8
2019-08-05 23:00:00,15,7,8
2019-08-06 00:00:00,11,8,3
2019-08-06 01:00:00,4,3,1
2019-08-06 02:00:00,5,1,4
2019-08-06 03:00:00,0,0,0
2019-08-06 04:00:00,15,8,7
2019-08-06 05:00:00,36,11,25
2019-08-06 06:00:00,154,21,133
2019-08-06 07:00:00,438,55,383
2019-08-06 08:00:00,471,53,418
2019-08-06 09:00:00,235,36,199
2019-08-06 10:00:00,114,36,78
2019-08-06 11:00:00,95,34,61
2019-08-06 12:00:00,79,34,45
2019-08-06 13:00:00,79,43,36
2019-08-06 14:00:00,88,53,35
2019-08-06 15:00:00,165,124,41
2019-08-06 16:00:00,480,397,83
2019-08-06 17:00:00,582,500,82
2019-08-06 18:00:00,330,264,66
2019-08-06 19:00:00,189,127,62
2019-08-06 20:00:00,129,71,58
2019-08-06 21:00:00,69,45,24
2019-08-06 22:00:00,48,24,24
2019-08-06 23:00:00,26,20,6
2019-08-07 00:00:00,11,9,2
2019-08-07 01:00:00,5,4,1
2019-08-07 02:00:00,1,1,0
2019-08-07 03:00:00,5,3,2
2019-08-07 04:00:00,14,4,10
2019-08-07 05:00:00,31,7,24
2019-08-07 06:00:00,141,24,117
2019-08-07 07:00:00,397,51,346
2019-08-07 08:00:00,452,55,397
2019-08-07 09:00:00,209,31,178
2019-08-07 10:00:00,99,34,65
2019-08-07 11:00:00,82,31,51
2019-08-07 12:00:00,75,31,44
2019-08-07 13:00:00,76,40,36
2019-08-07 14:00:00,95,49,46
2019-08-07 15:00:00,186,130,56
2019-08-07 16:00:00,402,338,64
2019-08-07 17:00:00,610,518,92
2019-08-07 18:00:00,359,278,81
2019-08-07 19:00:00,218,146,72
2019-08-07 20:00:00,133,55,78
2019-08-07 21:00:00,66,41,25
2019-08-07 22:00:00,31,19,12
2019-08-07 23:00:00,16,13,3
2019-08-08 00:00:00,11,9,2
2019-08-08 01:00:00,7,5,2
2019-08-08 02:00:00,1,1,0
2019-08-08 03:00:00,1,0,1
2019-08-08 04:00:00,13,6,7
2019-08-08 05:00:00,37,12,25
2019-08-08 06:00:00,146,26,120
2019-08-08 07:00:00,339,36,303
2019-08-08 08:00:00,419,54,365
2019-08-08 09:00:00,258,42,216
2019-08-08 10:00:00,99,33,66
2019-08-08 11:00:00,79,36,43
2019-08-08 12:00:00,96,47,49
2019-08-08 13:00:00,88,42,46
2019-08-08 14:00:00,99,66,33
2019-08-08 15:00:00,166,113,53
2019-08-08 16:00:00,438,338,100
2019-08-08 17:00:00,543,448,95
2019-08-08 18:00:00,377,286,91
2019-08-08 19:00:00,133,95,38
2019-08-08 20:00:00,94,62,32
2019-08-08 21:00:00,55,30,25
2019-08-08 22:00:00,36,28,8
2019-08-08 23:00:00,28,20,8
2019-08-09 00:00:00,9,9,0
2019-08-09 01:00:00,5,4,1
2019-08-09 02:00:00,3,2,1
2019-08-09 03:00:00,1,0,1
2019-08-09 04:00:00,11,2,9
2019-08-09 05:00:00,21,5,16
2019-08-09 06:00:00,84,23,61
2019-08-09 07:00:00,280,35,245
2019-08-09 08:00:00,373,44,329
2019-08-09 09:00:00,199,38,161
2019-08-09 10:00:00,94,30,64
2019-08-09 11:00:00,95,43,52
2019-08-09 12:00:00,78,23,55
2019-08-09 13:00:00,111,68,43
2019-08-09 14:00:00,127,72,55
2019-08-09 15:00:00,238,154,84
2019-08-09 16:00:00,385,309,76
2019-08-09 17:00:00,414,332,82
2019-08-09 18:00:00,253,174,79
2019-08-09 19:00:00,144,78,66
2019-08-09 20:00:00,124,71,53
2019-08-09 21:00:00,51,35,16
2019-08-09 22:00:00,53,35,18
2019-08-09 23:00:00,24,21,3
2019-08-10 00:00:00,21,15,6
2019-08-10 01:00:00,6,4,2
2019-08-10 02:00:00,9,8,1
2019-08-10 03:00:00,3,1,2
2019-08-10 04:00:00,2,2,0
2019-08-10 05:00:00,9,7,2
2019-08-10 06:00:00,8,3,5
2019-08-10 07:00:00,9,6,3
2019-08-10 08:00:00,14,4,10
2019-08-10 09:00:00,20,13,7
2019-08-10 10:00:00,121,107,14
2019-08-10 11:00:00,356,326,30
2019-08-10 12:00:00,347,293,54
2019-08-10 13:00:00,211,159,52
2019-08-10 14:00:00,197,136,61
2019-08-10 15:00:00,172,107,65
2019-08-10 16:00:00,141,86,55
2019-08-10 17:00:00,121,53,68
2019-08-10 18:00:00,102,57,45
2019-08-10 19:00:00,76,37,39
2019-08-10 20:00:00,51,23,28
2019-08-10 21:00:00,40,13,27
2019-08-10 22:00:00,16,9,7
2019-08-10 23:00:00,36,25,11
2019-08-11 00:00:00,11,8,3
2019-08-11 01:00:00,9,6,3
2019-08-11 02:00:00,8,6,2
2019-08-11 03:00:00,8,3,5
2019-08-11 04:00:00,1,1,0
2019-08-11 05:00:00,5,3,2
2019-08-11 06:00:00,29,5,24
2019-08-11 07:00:00,37,16,21
2019-08-11 08:00:00,93,54,39
2019-08-11 09:00:00,68,32,36
2019-08-11 10:00:00,75,46,29
2019-08-11 11:00:00,117,56,61
2019-08-11 12:00:00,114,59,55
2019-08-11 13:00:00,109,46,63
2019-08-11 14:00:00,94,63,31
2019-08-11 15:00:00,119,57,62
2019-08-11 16:00:00,118,66,52
2019-08-11 17:00:00,72,35,37
2019-08-11 18:00:00,59,36,23
2019-08-11 19:00:00,40,19,21
2019-08-11 20:00:00,33,17,16
2019-08-11 21:00:00,21,11,10
2019-08-11 22:00:00,15,11,4
2019-08-11 23:00:00,10,6,4
2019-08-12 00:00:00,9,6,3
2019-08-12 01:00:00,1,1,0
2019-08-12 02:00:00,0,0,0
2019-08-12 03:00:00,2,2,0
2019-08-12 04:00:00,13,6,7
2019-08-12 05:00:00,29,10,19
2019-08-12 06:00:00,127,24,103
2019-08-12 07:00:00,379,32,347
2019-08-12 08:00:00,450,58,392
2019-08-12 09:00:00,266,46,220
2019-08-12 10:00:00,96,29,67
2019-08-12 11:00:00,66,22,44
2019-08-12 12:00:00,63,26,37
2019-08-12 13:00:00,98,58,40
2019-08-12 14:00:00,100,57,43
2019-08-12 15:00:00,153,109,44
2019-08-12 16:00:00,418,342,76
2019-08-12 17:00:00,616,541,75
2019-08-12 18:00:00,322,257,65
2019-08-12 19:00:00,181,129,52
2019-08-12 20:00:00,120,52,68
2019-08-12 21:00:00,51,30,21
2019-08-12 22:00:00,31,20,11
2019-08-12 23:00:00,10,7,3
2019-08-13 00:00:00,5,3,2
2019-08-13 01:00:00,2,2,0
2019-08-13 02:00:00,3,1,2
2019-08-13 03:00:00,3,3,0
2019-08-13 04:00:00,14,5,9
2019-08-13 05:00:00,51,10,41
2019-08-13 06:00:00,162,34,128
2019-08-13 07:00:00,460,46,414
2019-08-13 08:00:00,535,64,471
2019-08-13 09:00:00,255,52,203
2019-08-13 10:00:00,106,33,73
2019-08-13 11:00:00,73,22,51
2019-08-13 12:00:00,74,45,29
2019-08-13 13:00:00,91,35,56
2019-08-13 14:00:00,103,60,43
2019-08-13 15:00:00,196,147,49
2019-08-13 16:00:00,468,391,77
2019-08-13 17:00:00,690,578,112
2019-08-13 18:00:00,395,305,90
2019-08-13 19:00:00,162,115,47
2019-08-13 20:00:00,122,77,45
2019-08-13 21:00:00,60,33,27
2019-08-13 22:00:00,42,22,20
2019-08-13 23:00:00,26,18,8
2019-08-14 00:00:00,5,3,2
2019-08-14 01:00:00,6,4,2
2019-08-14 02:00:00,3,2,1
2019-08-14 03:00:00,2,2,0
2019-08-14 04:00:00,13,3,10
2019-08-14 05:00:00,45,12,33
2019-08-14 06:00:00,149,25,124
2019-08-14 07:00:00,420,66,354
2019-08-14 08:00:00,511,61,450
2019-08-14 09:00:00,231,43,188
2019-08-14 10:00:00,112,38,74
2019-08-14 11:00:00,96,34,62
2019-08-14 12:00:00,104,47,57
2019-08-14 13:00:00,87,48,39
2019-08-14 14:00:00,118,70,48
2019-08-14 15:00:00,218,155,63
2019-08-14 16:00:00,431,376,55
2019-08-14 17:00:00,652,528,124
2019-08-14 18:00:00,360,281,79
2019-08-14 19:00:00,184,141,43
2019-08-14 20:00:00,122,73,49
2019-08-14 21:00:00,79,39,40
2019-08-14 22:00:00,20,15,5
2019-08-14 23:00:00,20,15,5
2019-08-15 00:00:00,11,9,2
2019-08-15 01:00:00,8,6,2
2019-08-15 02:00:00,2,2,0
2019-08-15 03:00:00,2,2,0
2019-08-15 04:00:00,13,4,9
2019-08-15 05:00:00,34,11,23
2019-08-15 06:00:00,140,17,123
2019-08-15 07:00:00,401,49,352
2019-08-15 08:00:00,492,62,430
2019-08-15 09:00:00,249,51,198
2019-08-15 10:00:00,136,50,86
2019-08-15 11:00:00,67,24,43
2019-08-15 12:00:00,89,39,50
2019-08-15 13:00:00,105,50,55
2019-08-15 14:00:00,113,69,44
2019-08-15 15:00:00,194,153,41
2019-08-15 16:00:00,473,383,90
2019-08-15 17:00:00,578,483,95
2019-08-15 18:00:00,332,269,63
2019-08-15 19:00:00,178,122,56
2019-08-15 20:00:00,110,65,45
2019-08-15 21:00:00,71,36,35
2019-08-15 22:00:00,35,20,15
2019-08-15 23:00:00,19,11,8
2019-08-16 00:00:00,15,12,3
2019-08-16 01:00:00,6,6,0
2019-08-16 02:00:00,2,1,1
2019-08-16 03:00:00,3,3,0
2019-08-16 04:00:00,8,3,5
2019-08-16 05:00:00,18,4,14
2019-08-16 06:00:00,113,21,92
2019-08-16 07:00:00,283,29,254
2019-08-16 08:00:00,349,39,310
2019-08-16 09:00:00,237,45,192
2019-08-16 10:00:00,113,33,80
2019-08-16 11:00:00,89,39,50
2019-08-16 12:00:00,102,44,58
2019-08-16 13:00:00,118,71,47
2019-08-16 14:00:00,130,82,48
2019-08-16 15:00:00,216,154,62
2019-08-16 16:00:00,364,302,62
2019-08-16 17:00:00,417,328,89
2019-08-16 18:00:00,203,166,37
2019-08-16 19:00:00,90,61,29
2019-08-16 20:00:00,75,49,26
2019-08-16 21:00:00,49,28,21
2019-08-16 22:00:00,37,24,13
2019-08-16 23:00:00,25,15,10
2019-08-17 00:00:00,16,11,5
2019-08-17 01:00:00,6,4,2
2019-08-17 02:00:00,7,5,2
2019-08-17 03:00:00,1,1,0
2019-08-17 04:00:00,2,1,1
2019-08-17 05:00:00,6,4,2
2019-08-17 06:00:00,21,7,14
2019-08-17 07:00:00,30,12,18
2019-08-17 08:00:00,68,33,35
2019-08-17 09:00:00,88,37,51
2019-08-17 10:00:00,119,76,43
2019-08-17 11:00:00,102,56,46
2019-08-17 12:00:00,119,61,58
2019-08-17 13:00:00,132,63,69
2019-08-17 14:00:00,132,74,58
2019-08-17 15:00:00,146,84,62
2019-08-17 16:00:00,148,72,76
2019-08-17 17:00:00,117,60,57
2019-08-17 18:00:00,99,37,62
2019-08-17 19:00:00,69,32,37
2019-08-17 20:00:00,68,32,36
2019-08-17 21:00:00,40,27,13
2019-08-17 22:00:00,29,19,10
2019-08-17 23:00:00,16,13,3
2019-08-18 00:00:00,5,4,1
2019-08-18 01:00:00,8,6,2
2019-08-18 02:00:00,4,4,0
2019-08-18 03:00:00,5,1,4
2019-08-18 04:00:00,1,0,1
2019-08-18 05:00:00,1,0,1
2019-08-18 06:00:00,16,2,14
2019-08-18 07:00:00,26,17,9
2019-08-18 08:00:00,51,31,20
2019-08-18 09:00:00,91,53,38
2019-08-18 10:00:00,81,41,40
2019-08-18 11:00:00,118,56,62
2019-08-18 12:00:00,157,73,84
2019-08-18 13:00:00,139,83,56
2019-08-18 14:00:00,171,106,65
2019-08-18 15:00:00,173,100,73
2019-08-18 16:00:00,124,58,66
2019-08-18 17:00:00,161,70,91
2019-08-18 18:00:00,121,68,53
2019-08-18 19:00:00,72,41,31
2019-08-18 20:00:00,61,25,36
2019-08-18 21:00:00,16,11,5
2019-08-18 22:00:00,13,9,4
2019-08-18 23:00:00,15,12,3
2019-08-19 00:00:00,3,2,1
2019-08-19 01:00:00,3,2,1
2019-08-19 02:00:00,1,1,0
2019-08-19 03:00:00,4,2,2
2019-08-19 04:00:00,12,3,9
2019-08-19 05:00:00,35,10,25
2019-08-19 06:00:00,121,29,92
2019-08-19 07:00:00,401,52,349
2019-08-19 08:00:00,454,40,414
2019-08-19 09:00:00,243,39,204
2019-08-19 10:00:00,88,19,69
2019-08-19 11:00:00,76,33,43
2019-08-19 12:00:00,63,29,34
2019-08-19 13:00:00,71,43,28
2019-08-19 14:00:00,85,45,40
2019-08-19 15:00:00,146,107,39
2019-08-19 16:00:00,440,366,74
2019-08-19 17:00:00,569,493,76
2019-08-19 18:00:00,349,288,61
2019-08-19 19:00:00,194,135,59
2019-08-19 20:00:00,84,44,40
2019-08-19 21:00:00,41,24,17
2019-08-19 22:00:00,18,9,9
2019-08-19 23:00:00,17,11,6
2019-08-20 00:00:00,11,7,4
2019-08-20 01:00:00,4,1,3
2019-08-20 02:00:00,1,0,1
2019-08-20 03:00:00,4,1,3
2019-08-20 04:00:00,14,3,11
2019-08-20 05:00:00,39,13,26
2019-08-20 06:00:00,168,29,139
2019-08-20 07:00:00,397,50,347
2019-08-20 08:00:00,501,54,447
2019-08-20 09:00:00,234,51,183
2019-08-20 10:00:00,104,21,83
2019-08-20 11:00:00,80,38,42
2019-08-20 12:00:00,109,58,51
2019-08-20 13:00:00,106,68,38
2019-08-20 14:00:00,119,68,51
2019-08-20 15:00:00,189,128,61
2019-08-20 16:00:00,448,375,73
2019-08-20 17:00:00,567,479,88
2019-08-20 18:00:00,333,247,86
2019-08-20 19:00:00,127,84,43
2019-08-20 20:00:00,80,48,32
2019-08-20 21:00:00,50,30,20
2019-08-20 22:00:00,43,38,5
2019-08-20 23:00:00,36,30,6
2019-08-21 00:00:00,7,5,2
2019-08-21 01:00:00,2,2,0
2019-08-21 02:00:00,3,3,0
2019-08-21 03:00:00,3,1,2
2019-08-21 04:00:00,14,5,9
2019-08-21 05:00:00,33,7,26
2019-08-21 06:00:00,91,15,76
2019-08-21 07:00:00,201,23,178
2019-08-21 08:00:00,209,24,185
2019-08-21 09:00:00,111,11,100
2019-08-21 10:00:00,46,11,35
2019-08-21 11:00:00,44,13,31
2019-08-21 12:00:00,45,20,25
2019-08-21 13:00:00,37,26,11
2019-08-21 14:00:00,55,40,15
2019-08-21 15:00:00,98,76,22
2019-08-21 16:00:00,226,188,38
2019-08-21 17:00:00,289,243,46
2019-08-21 18:00:00,145,128,17
2019-08-21 19:00:00,83,62,21
2019-08-21 20:00:00,42,29,13
2019-08-21 21:00:00,27,20,7
2019-08-21 22:00:00,14,11,3
2019-08-21 23:00:00,11,7,4
2019-08-22 00:00:00,7,4,3
2019-08-22 01:00:00,3,3,0
2019-08-22 02:00:00,4,2,2
2019-08-22 03:00:00,4,2,2
2019-08-22 04:00:00,12,5,7
2019-08-22 05:00:00,38,16,22
2019-08-22 06:00:00,130,25,105
2019-08-22 07:00:00,351,37,314
2019-08-22 08:00:00,463,57,406
2019-08-22 09:00:00,231,34,197
2019-08-22 10:00:00,99,28,71
2019-08-22 11:00:00,68,28,40
2019-08-22 12:00:00,88,41,47
2019-08-22 13:00:00,98,44,54
2019-08-22 14:00:00,98,53,45
2019-08-22 15:00:00,194,135,59
2019-08-22 16:00:00,405,325,80
2019-08-22 17:00:00,547,461,86
2019-08-22 18:00:00,312,258,54
2019-08-22 19:00:00,193,142,51
2019-08-22 20:00:00,95,58,37
2019-08-22 21:00:00,49,30,19
2019-08-22 22:00:00,41,22,19
2019-08-22 23:00:00,23,12,11
2019-08-23 00:00:00,12,11,1
2019-08-23 01:00:00,4,4,0
2019-08-23 02:00:00,2,1,1
2019-08-23 03:00:00,2,1,1
2019-08-23 04:00:00,9,6,3
2019-08-23 05:00:00,43,26,17
2019-08-23 06:00:00,108,28,80
2019-08-23 07:00:00,270,32,238
2019-08-23 08:00:00,364,45,319
2019-08-23 09:00:00,215,45,170
2019-08-23 10:00:00,101,34,67
2019-08-23 11:00:00,89,40,49
2019-08-23 12:00:00,110,52,58
2019-08-23 13:00:00,97,55,42
2019-08-23 14:00:00,137,81,56
2019-08-23 15:00:00,189,149,40
2019-08-23 16:00:00,346,270,76
2019-08-23 17:00:00,387,328,59
2019-08-23 18:00:00,219,167,52
2019-08-23 19:00:00,101,69,32
2019-08-23 20:00:00,65,43,22
2019-08-23 21:00:00,28,15,13
2019-08-23 22:00:00,30,23,7
2019-08-23 23:00:00,30,20,10
2019-08-24 00:00:00,11,9,2
2019-08-24 01:00:00,12,7,5
2019-08-24 02:00:00,2,1,1
2019-08-24 03:00:00,9,6,3
2019-08-24 04:00:00,1,1,0
2019-08-24 05:00:00,3,0,3
2019-08-24 06:00:00,9,2,7
2019-08-24 07:00:00,32,17,15
2019-08-24 08:00:00,47,20,27
2019-08-24 09:00:00,72,22,50
2019-08-24 10:00:00,78,41,37
2019-08-24 11:00:00,117,60,57
2019-08-24 12:00:00,156,68,88
2019-08-24 13:00:00,158,83,75
2019-08-24 14:00:00,179,88,91
2019-08-24 15:00:00,169,85,84
2019-08-24 16:00:00,128,59,69
2019-08-24 17:00:00,99,58,41
2019-08-24 18:00:00,88,50,38
2019-08-24 19:00:00,59,32,27
2019-08-24 20:00:00,29,18,11
2019-08-24 21:00:00,30,11,19
2019-08-24 22:00:00,29,18,11
2019-08-24 23:00:00,17,6,11
2019-08-25 00:00:00,11,8,3
2019-08-25 01:00:00,9,5,4
2019-08-25 02:00:00,8,8,0
2019-08-25 03:00:00,4,3,1
2019-08-25 04:00:00,1,1,0
2019-08-25 05:00:00,4,2,2
2019-08-25 06:00:00,6,0,6
2019-08-25 07:00:00,27,15,12
2019-08-25 08:00:00,35,18,17
2019-08-25 09:00:00,52,24,28
2019-08-25 10:00:00,88,46,42
2019-08-25 11:00:00,126,59,67
2019-08-25 12:00:00,157,72,85
2019-08-25 13:00:00,191,81,110
2019-08-25 14:00:00,147,65,82
2019-08-25 15:00:00,211,119,92
2019-08-25 16:00:00,211,124,87
2019-08-25 17:00:00,157,91,66
2019-08-25 18:00:00,122,56,66
2019-08-25 19:00:00,84,47,37
2019-08-25 20:00:00,45,30,15
2019-08-25 21:00:00,36,22,14
2019-08-25 22:00:00,17,11,6
2019-08-25 23:00:00,6,3,3
2019-08-26 00:00:00,3,2,1
2019-08-26 01:00:00,2,2,0
2019-08-26 02:00:00,2,2,0
2019-08-26 03:00:00,2,1,1
2019-08-26 04:00:00,9,4,5
2019-08-26 05:00:00,35,7,28
2019-08-26 06:00:00,126,27,99
2019-08-26 07:00:00,404,42,362
2019-08-26 08:00:00,531,65,466
2019-08-26 09:00:00,232,26,206
2019-08-26 10:00:00,94,30,64
2019-08-26 11:00:00,87,45,42
2019-08-26 12:00:00,92,46,46
2019-08-26 13:00:00,80,41,39
2019-08-26 14:00:00,107,55,52
2019-08-26 15:00:00,170,124,46
2019-08-26 16:00:00,383,312,71
2019-08-26 17:00:00,589,535,54
2019-08-26 18:00:00,339,270,69
2019-08-26 19:00:00,192,142,50
2019-08-26 20:00:00,71,42,29
2019-08-26 21:00:00,33,24,9
2019-08-26 22:00:00,25,15,10
2019-08-26 23:00:00,15,10,5
2019-08-27 00:00:00,3,1,2
2019-08-27 01:00:00,4,3,1
2019-08-27 02:00:00,6,4,2
2019-08-27 03:00:00,3,1,2
2019-08-27 04:00:00,13,3,10
2019-08-27 05:00:00,42,10,32
2019-08-27 06:00:00,160,31,129
2019-08-27 07:00:00,446,53,393
2019-08-27 08:00:00,585,55,530
2019-08-27 09:00:00,237,37,200
2019-08-27 10:00:00,104,33,71
2019-08-27 11:00:00,74,35,39
2019-08-27 12:00:00,81,44,37
2019-08-27 13:00:00,92,54,38
2019-08-27 14:00:00,101,71,30
2019-08-27 15:00:00,207,152,55
2019-08-27 16:00:00,455,392,63
2019-08-27 17:00:00,705,610,95
2019-08-27 18:00:00,352,275,77
2019-08-27 19:00:00,183,113,70
2019-08-27 20:00:00,78,48,30
2019-08-27 21:00:00,34,19,15
2019-08-27 22:00:00,48,30,18
2019-08-27 23:00:00,12,8,4
2019-08-28 00:00:00,6,6,0
2019-08-28 01:00:00,5,2,3
2019-08-28 02:00:00,2,1,1
2019-08-28 03:00:00,4,2,2
2019-08-28 04:00:00,11,4,7
2019-08-28 05:00:00,32,7,25
2019-08-28 06:00:00,136,27,109
2019-08-28 07:00:00,416,62,354
2019-08-28 08:00:00,504,59,445
2019-08-28 09:00:00,227,35,192
2019-08-28 10:00:00,100,17,83
2019-08-28 11:00:00,102,39,63
2019-08-28 12:00:00,106,44,62
2019-08-28 13:00:00,86,49,37
2019-08-28 14:00:00,79,43,36
2019-08-28 15:00:00,192,155,37
2019-08-28 16:00:00,423,356,67
2019-08-28 17:00:00,597,507,90
2019-08-28 18:00:00,367,300,67
2019-08-28 19:00:00,181,136,45
2019-08-28 20:00:00,91,58,33
2019-08-28 21:00:00,61,33,28
2019-08-28 22:00:00,37,17,20
2019-08-28 23:00:00,24,16,8
2019-08-29 00:00:00,5,4,1
2019-08-29 01:00:00,7,7,0
2019-08-29 02:00:00,3,3,0
2019-08-29 03:00:00,1,1,0
2019-08-29 04:00:00,7,3,4
2019-08-29 05:00:00,31,8,23
2019-08-29 06:00:00,128,24,104
2019-08-29 07:00:00,418,51,367
2019-08-29 08:00:00,489,53,436
2019-08-29 09:00:00,223,31,192
2019-08-29 10:00:00,129,35,94
2019-08-29 11:00:00,87,39,48
2019-08-29 12:00:00,96,61,35
2019-08-29 13:00:00,84,54,30
2019-08-29 14:00:00,90,64,26
2019-08-29 15:00:00,178,116,62
2019-08-29 16:00:00,413,340,73
2019-08-29 17:00:00,516,450,66
2019-08-29 18:00:00,203,180,23
2019-08-29 19:00:00,87,62,25
2019-08-29 20:00:00,32,26,6
2019-08-29 21:00:00,26,18,8
2019-08-29 22:00:00,12,10,2
2019-08-29 23:00:00,11,9,2
2019-08-30 00:00:00,3,3,0
2019-08-30 01:00:00,8,6,2
2019-08-30 02:00:00,1,1,0
2019-08-30 03:00:00,3,1,2
2019-08-30 04:00:00,11,8,3
2019-08-30 05:00:00,26,10,16
2019-08-30 06:00:00,94,15,79
2019-08-30 07:00:00,242,32,210
2019-08-30 08:00:00,330,31,299
2019-08-30 09:00:00,168,31,137
2019-08-30 10:00:00,90,27,63
2019-08-30 11:00:00,87,39,48
2019-08-30 12:00:00,115,60,55
2019-08-30 13:00:00,121,79,42
2019-08-30 14:00:00,130,93,37
2019-08-30 15:00:00,236,181,55
2019-08-30 16:00:00,335,270,65
2019-08-30 17:00:00,329,272,57
2019-08-30 18:00:00,206,154,52
2019-08-30 19:00:00,93,57,36
2019-08-30 20:00:00,78,50,28
2019-08-30 21:00:00,37,24,13
2019-08-30 22:00:00,27,19,8
2019-08-30 23:00:00,34,24,10
2019-08-31 00:00:00,18,11,7
2019-08-31 01:00:00,8,6,2
2019-08-31 02:00:00,4,4,0
2019-08-31 03:00:00,3,0,3
2019-08-31 04:00:00,2,1,1
2019-08-31 05:00:00,8,3,5
2019-08-31 06:00:00,16,5,11
2019-08-31 07:00:00,31,14,17
2019-08-31 08:00:00,41,18,23
2019-08-31 09:00:00,58,28,30
2019-08-31 10:00:00,72,37,35
2019-08-31 11:00:00,142,80,62
2019-08-31 12:00:00,140,58,82
2019-08-31 13:00:00,119,63,56
2019-08-31 14:00:00,149,76,73
2019-08-31 15:00:00,132,76,56
2019-08-31 16:00:00,130,58,72
2019-08-31 17:00:00,101,56,45
2019-08-31 18:00:00,73,46,27
2019-08-31 19:00:00,60,21,39
2019-08-31 20:00:00,45,25,20
2019-08-31 21:00:00,30,17,13
2019-08-31 22:00:00,29,16,13
2019-08-31 23:00:00,27,19,8
2019-09-01 00:00:00,8,2,6
2019-09-01 01:00:00,8,4,4
2019-09-01 02:00:00,3,2,1
2019-09-01 03:00:00,7,3,4
2019-09-01 04:00:00,2,2,0
2019-09-01 05:00:00,2,0,2
2019-09-01 06:00:00,15,6,9
2019-09-01 07:00:00,23,11,12
2019-09-01 08:00:00,37,15,22
2019-09-01 09:00:00,82,42,40
2019-09-01 10:00:00,87,48,39
2019-09-01 11:00:00,107,54,53
2019-09-01 12:00:00,114,69,45
2019-09-01 13:00:00,120,62,58
2019-09-01 14:00:00,151,79,72
2019-09-01 15:00:00,141,65,76
2019-09-01 16:00:00,120,65,55
2019-09-01 17:00:00,113,62,51
2019-09-01 18:00:00,94,62,32
2019-09-01 19:00:00,53,28,25
2019-09-01 20:00:00,38,20,18
2019-09-01 21:00:00,43,26,17
2019-09-01 22:00:00,22,11,11
2019-09-01 23:00:00,18,14,4
2019-09-02 00:00:00,11,10,1
2019-09-02 01:00:00,5,3,2
2019-09-02 02:00:00,0,0,0
2019-09-02 03:00:00,4,4,0
2019-09-02 04:00:00,4,3,1
2019-09-02 05:00:00,4,1,3
2019-09-02 06:00:00,20,10,10
2019-09-02 07:00:00,31,10,21
2019-09-02 08:00:00,54,23,31
2019-09-02 09:00:00,82,36,46
2019-09-02 10:00:00,110,50,60
2019-09-02 11:00:00,102,55,47
2019-09-02 12:00:00,161,104,57
2019-09-02 13:00:00,157,78,79
2019-09-02 14:00:00,147,82,65
2019-09-02 15:00:00,177,108,69
2019-09-02 16:00:00,158,92,66
2019-09-02 17:00:00,114,67,47
2019-09-02 18:00:00,112,59,53
2019-09-02 19:00:00,83,42,41
2019-09-02 20:00:00,33,10,23
2019-09-02 21:00:00,22,15,7
2019-09-02 22:00:00,7,4,3
2019-09-02 23:00:00,11,7,4
2019-09-03 00:00:00,3,2,1
2019-09-03 01:00:00,1,0,1
2019-09-03 02:00:00,4,2,2
2019-09-03 03:00:00,6,4,2
2019-09-03 04:00:00,9,2,7
2019-09-03 05:00:00,45,14,31
2019-09-03 06:00:00,151,18,133
2019-09-03 07:00:00,423,47,376
2019-09-03 08:00:00,511,45,466
2019-09-03 09:00:00,250,40,210
2019-09-03 10:00:00,100,31,69
2019-09-03 11:00:00,78,30,48
2019-09-03 12:00:00,76,33,43
2019-09-03 13:00:00,88,47,41
2019-09-03 14:00:00,76,53,23
2019-09-03 15:00:00,178,128,50
2019-09-03 16:00:00,437,372,65
2019-09-03 17:00:00,670,590,80
2019-09-03 18:00:00,318,252,66
2019-09-03 19:00:00,141,97,44
2019-09-03 20:00:00,72,43,29
2019-09-03 21:00:00,47,31,16
2019-09-03 22:00:00,25,20,5
2019-09-03 23:00:00,19,11,8
2019-09-04 00:00:00,5,3,2
2019-09-04 01:00:00,0,0,0
2019-09-04 02:00:00,2,1,1
2019-09-04 03:00:00,2,1,1
2019-09-04 04:00:00,10,6,4
2019-09-04 05:00:00,39,13,26
2019-09-04 06:00:00,142,26,116
2019-09-04 07:00:00,402,41,361
2019-09-04 08:00:00,502,45,457
2019-09-04 09:00:00,270,55,215
2019-09-04 10:00:00,127,33,94
2019-09-04 11:00:00,69,21,48
2019-09-04 12:00:00,59,27,32
2019-09-04 13:00:00,79,36,43
2019-09-04 14:00:00,85,57,28
2019-09-04 15:00:00,165,118,47
2019-09-04 16:00:00,343,299,44
2019-09-04 17:00:00,670,591,79
2019-09-04 18:00:00,378,313,65
2019-09-04 19:00:00,183,142,41
2019-09-04 20:00:00,80,48,32
2019-09-04 21:00:00,40,21,19
2019-09-04 22:00:00,17,11,6
2019-09-04 23:00:00,16,7,9
2019-09-05 00:00:00,7,5,2
2019-09-05 01:00:00,3,2,1
2019-09-05 02:00:00,1,0,1
2019-09-05 03:00:00,5,2,3
2019-09-05 04:00:00,8,2,6
2019-09-05 05:00:00,28,12,16
2019-09-05 06:00:00,97,16,81
2019-09-05 07:00:00,373,45,328
2019-09-05 08:00:00,520,49,471
2019-09-05 09:00:00,311,45,266
2019-09-05 10:00:00,124,38,86
2019-09-05 11:00:00,82,27,55
2019-09-05 12:00:00,93,37,56
2019-09-05 13:00:00,93,62,31
2019-09-05 14:00:00,108,65,43
2019-09-05 15:00:00,154,100,54
2019-09-05 16:00:00,364,283,81
2019-09-05 17:00:00,596,516,80
2019-09-05 18:00:00,389,327,62
2019-09-05 19:00:00,180,135,45
2019-09-05 20:00:00,83,51,32
2019-09-05 21:00:00,47,34,13
2019-09-05 22:00:00,30,20,10
2019-09-05 23:00:00,17,11,6
2019-09-06 00:00:00,12,6,6
2019-09-06 01:00:00,8,7,1
2019-09-06 02:00:00,3,2,1
2019-09-06 03:00:00,1,0,1
2019-09-06 04:00:00,3,1,2
2019-09-06 05:00:00,24,12,12
2019-09-06 06:00:00,89,18,71
2019-09-06 07:00:00,286,35,251
2019-09-06 08:00:00,472,40,432
2019-09-06 09:00:00,253,47,206
2019-09-06 10:00:00,133,38,95
2019-09-06 11:00:00,98,38,60
2019-09-06 12:00:00,77,39,38
2019-09-06 13:00:00,136,85,51
2019-09-06 14:00:00,117,80,37
2019-09-06 15:00:00,222,157,65
2019-09-06 16:00:00,400,322,78
2019-09-06 17:00:00,493,410,83
2019-09-06 18:00:00,283,237,46
2019-09-06 19:00:00,134,91,43
2019-09-06 20:00:00,69,38,31
2019-09-06 21:00:00,53,34,19
2019-09-06 22:00:00,32,18,14
2019-09-06 23:00:00,29,18,11
2019-09-07 00:00:00,10,7,3
2019-09-07 01:00:00,8,3,5
2019-09-07 02:00:00,6,2,4
2019-09-07 03:00:00,2,1,1
2019-09-07 04:00:00,1,1,0
2019-09-07 05:00:00,6,3,3
2019-09-07 06:00:00,11,5,6
2019-09-07 07:00:00,30,15,15
2019-09-07 08:00:00,43,9,34
2019-09-07 09:00:00,65,30,35
2019-09-07 10:00:00,75,41,34
2019-09-07 11:00:00,88,45,43
2019-09-07 12:00:00,111,49,62
2019-09-07 13:00:00,122,62,60
2019-09-07 14:00:00,146,88,58
2019-09-07 15:00:00,114,57,57
2019-09-07 16:00:00,90,48,42
2019-09-07 17:00:00,99,72,27
2019-09-07 18:00:00,63,27,36
2019-09-07 19:00:00,47,26,21
2019-09-07 20:00:00,16,7,9
2019-09-07 21:00:00,14,7,7
2019-09-07 22:00:00,11,9,2
2019-09-07 23:00:00,11,7,4
2019-09-08 00:00:00,4,1,3
2019-09-08 01:00:00,4,3,1
2019-09-08 02:00:00,6,2,4
2019-09-08 03:00:00,1,1,0
2019-09-08 04:00:00,2,1,1
2019-09-08 05:00:00,1,0,1
2019-09-08 06:00:00,8,3,5
2019-09-08 07:00:00,4,3,1
2019-09-08 08:00:00,22,9,13
2019-09-08 09:00:00,35,15,20
2019-09-08 10:00:00,48,15,33
2019-09-08 11:00:00,58,32,26
2019-09-08 12:00:00,50,30,20
2019-09-08 13:00:00,78,45,33
2019-09-08 14:00:00,87,49,38
2019-09-08 15:00:00,40,17,23
2019-09-08 16:00:00,68,40,28
2019-09-08 17:00:00,66,35,31
2019-09-08 18:00:00,57,28,29
2019-09-08 19:00:00,37,20,17
2019-09-08 20:00:00,16,10,6
2019-09-08 21:00:00,7,2,5
2019-09-08 22:00:00,3,2,1
2019-09-08 23:00:00,5,5,0
2019-09-09 00:00:00,2,1,1
2019-09-09 01:00:00,0,0,0
2019-09-09 02:00:00,1,0,1
2019-09-09 03:00:00,2,0,2
2019-09-09 04:00:00,7,5,2
2019-09-09 05:00:00,20,6,14
2019-09-09 06:00:00,60,10,50
2019-09-09 07:00:00,233,27,206
2019-09-09 08:00:00,398,39,359
2019-09-09 09:00:00,237,30,207
2019-09-09 10:00:00,92,17,75
2019-09-09 11:00:00,42,17,25
2019-09-09 12:00:00,37,12,25
2019-09-09 13:00:00,48,26,22
2019-09-09 14:00:00,58,25,33
2019-09-09 15:00:00,91,71,20
2019-09-09 16:00:00,205,180,25
2019-09-09 17:00:00,430,385,45
2019-09-09 18:00:00,225,199,26
2019-09-09 19:00:00,109,85,24
2019-09-09 20:00:00,46,32,14
2019-09-09 21:00:00,27,18,9
2019-09-09 22:00:00,16,12,4
2019-09-09 23:00:00,11,8,3
2019-09-10 00:00:00,5,3,2
2019-09-10 01:00:00,0,0,0
2019-09-10 02:00:00,2,1,1
2019-09-10 03:00:00,1,0,1
2019-09-10 04:00:00,6,3,3
2019-09-10 05:00:00,22,6,16
2019-09-10 06:00:00,72,10,62
2019-09-10 07:00:00,185,30,155
2019-09-10 08:00:00,334,37,297
2019-09-10 09:00:00,224,35,189
2019-09-10 10:00:00,91,23,68
2019-09-10 11:00:00,50,15,35
2019-09-10 12:00:00,60,26,34
2019-09-10 13:00:00,51,26,25
2019-09-10 14:00:00,88,51,37
2019-09-10 15:00:00,116,81,35
2019-09-10 16:00:00,269,203,66
2019-09-10 17:00:00,504,442,62
2019-09-10 18:00:00,313,229,84
2019-09-10 19:00:00,146,104,42
2019-09-10 20:00:00,61,40,21
2019-09-10 21:00:00,46,33,13
2019-09-10 22:00:00,34,25,9
2019-09-10 23:00:00,16,9,7
2019-09-11 00:00:00,4,3,1
2019-09-11 01:00:00,2,1,1
2019-09-11 02:00:00,1,1,0
2019-09-11 03:00:00,2,0,2
2019-09-11 04:00:00,6,2,4
2019-09-11 05:00:00,29,7,22
2019-09-11 06:00:00,100,24,76
2019-09-11 07:00:00,316,35,281
2019-09-11 08:00:00,541,64,477
2019-09-11 09:00:00,278,35,243
2019-09-11 10:00:00,89,19,70
2019-09-11 11:00:00,90,27,63
2019-09-11 12:00:00,82,30,52
2019-09-11 13:00:00,84,56,28
2019-09-11 14:00:00,82,42,40
2019-09-11 15:00:00,136,102,34
2019-09-11 16:00:00,345,282,63
2019-09-11 17:00:00,630,532,98
2019-09-11 18:00:00,393,320,73
2019-09-11 19:00:00,193,132,61
2019-09-11 20:00:00,99,50,49
2019-09-11 21:00:00,49,34,15
2019-09-11 22:00:00,38,33,5
2019-09-11 23:00:00,19,15,4
2019-09-12 00:00:00,9,7,2
2019-09-12 01:00:00,6,3,3
2019-09-12 02:00:00,8,5,3
2019-09-12 03:00:00,3,1,2
2019-09-12 04:00:00,4,2,2
2019-09-12 05:00:00,22,9,13
2019-09-12 06:00:00,99,13,86
2019-09-12 07:00:00,327,36,291
2019-09-12 08:00:00,506,57,449
2019-09-12 09:00:00,280,46,234
2019-09-12 10:00:00,136,38,98
2019-09-12 11:00:00,99,37,62
2019-09-12 12:00:00,95,35,60
2019-09-12 13:00:00,112,58,54
2019-09-12 14:00:00,120,64,56
2019-09-12 15:00:00,151,98,53
2019-09-12 16:00:00,372,306,66
2019-09-12 17:00:00,580,486,94
2019-09-12 18:00:00,358,297,61
2019-09-12 19:00:00,135,94,41
2019-09-12 20:00:00,54,33,21
2019-09-12 21:00:00,36,24,12
2019-09-12 22:00:00,21,17,4
2019-09-12 23:00:00,18,13,5
2019-09-13 00:00:00,5,5,0
2019-09-13 01:00:00,1,1,0
2019-09-13 02:00:00,2,1,1
2019-09-13 03:00:00,2,1,1
2019-09-13 04:00:00,3,2,1
2019-09-13 05:00:00,15,5,10
2019-09-13 06:00:00,68,14,54
2019-09-13 07:00:00,226,22,204
2019-09-13 08:00:00,383,38,345
2019-09-13 09:00:00,223,41,182
2019-09-13 10:00:00,85,19,66
2019-09-13 11:00:00,75,27,48
2019-09-13 12:00:00,72,36,36
2019-09-13 13:00:00,63,36,27
2019-09-13 14:00:00,78,47,31
2019-09-13 15:00:00,136,91,45
2019-09-13 16:00:00,293,251,42
2019-09-13 17:00:00,473,407,66
2019-09-13 18:00:00,209,168,41
2019-09-13 19:00:00,96,63,33
2019-09-13 20:00:00,55,24,31
2019-09-13 21:00:00,27,14,13
2019-09-13 22:00:00,27,16,11
2019-09-13 23:00:00,18,13,5
2019-09-14 00:00:00,11,7,4
2019-09-14 01:00:00,8,7,1
2019-09-14 02:00:00,9,6,3
2019-09-14 03:00:00,2,0,2
2019-09-14 04:00:00,3,2,1
2019-09-14 05:00:00,5,3,2
2019-09-14 06:00:00,14,4,10
2019-09-14 07:00:00,25,10,15
2019-09-14 08:00:00,46,14,32
2019-09-14 09:00:00,79,33,46
2019-09-14 10:00:00,81,50,31
2019-09-14 11:00:00,111,54,57
2019-09-14 12:00:00,116,71,45
2019-09-14 13:00:00,118,70,48
2019-09-14 14:00:00,102,67,35
2019-09-14 15:00:00,116,61,55
2019-09-14 16:00:00,97,54,43
2019-09-14 17:00:00,91,43,48
2019-09-14 18:00:00,73,47,26
2019-09-14 19:00:00,64,30,34
2019-09-14 20:00:00,36,17,19
2019-09-14 21:00:00,13,9,4
2019-09-14 22:00:00,13,10,3
2019-09-14 23:00:00,11,6,5
2019-09-15 00:00:00,4,2,2
2019-09-15 01:00:00,7,4,3
2019-09-15 02:00:00,2,2,0
2019-09-15 03:00:00,2,2,0
2019-09-15 04:00:00,1,1,0
2019-09-15 05:00:00,3,1,2
2019-09-15 06:00:00,7,2,5
2019-09-15 07:00:00,9,3,6
2019-09-15 08:00:00,16,7,9
2019-09-15 09:00:00,8,2,6
2019-09-15 10:00:00,8,2,6
2019-09-15 11:00:00,24,9,15
2019-09-15 12:00:00,17,10,7
2019-09-15 13:00:00,22,13,9
2019-09-15 14:00:00,24,8,16
2019-09-15 15:00:00,26,16,10
2019-09-15 16:00:00,42,27,15
2019-09-15 17:00:00,34,24,10
2019-09-15 18:00:00,45,35,10
2019-09-15 19:00:00,22,10,12
2019-09-15 20:00:00,25,12,13
2019-09-15 21:00:00,9,5,4
2019-09-15 22:00:00,6,4,2
2019-09-15 23:00:00,7,6,1
2019-09-16 00:00:00,0,0,0
2019-09-16 01:00:00,3,3,0
2019-09-16 02:00:00,1,0,1
2019-09-16 03:00:00,1,0,1
2019-09-16 04:00:00,3,0,3
2019-09-16 05:00:00,20,6,14
2019-09-16 06:00:00,85,23,62
2019-09-16 07:00:00,268,32,236
2019-09-16 08:00:00,470,41,429
2019-09-16 09:00:00,251,46,205
2019-09-16 10:00:00,118,25,93
2019-09-16 11:00:00,51,14,37
2019-09-16 12:00:00,90,39,51
2019-09-16 13:00:00,69,42,27
2019-09-16 14:00:00,88,47,41
2019-09-16 15:00:00,122,83,39
2019-09-16 16:00:00,332,269,63
2019-09-16 17:00:00,535,469,66
2019-09-16 18:00:00,339,270,69
2019-09-16 19:00:00,165,118,47
2019-09-16 20:00:00,65,38,27
2019-09-16 21:00:00,39,25,14
2019-09-16 22:00:00,23,17,6
2019-09-16 23:00:00,10,6,4
2019-09-17 00:00:00,4,4,0
2019-09-17 01:00:00,3,3,0
2019-09-17 02:00:00,2,1,1
2019-09-17 03:00:00,5,3,2
2019-09-17 04:00:00,2,1,1
2019-09-17 05:00:00,23,3,20
2019-09-17 06:00:00,57,15,42
2019-09-17 07:00:00,217,23,194
2019-09-17 08:00:00,341,34,307
2019-09-17 09:00:00,148,27,121
2019-09-17 10:00:00,46,11,35
2019-09-17 11:00:00,20,4,16
2019-09-17 12:00:00,33,17,16
2019-09-17 13:00:00,41,25,16
2019-09-17 14:00:00,36,26,10
2019-09-17 15:00:00,81,64,17
2019-09-17 16:00:00,208,177,31
2019-09-17 17:00:00,365,331,34
2019-09-17 18:00:00,183,150,33
2019-09-17 19:00:00,71,55,16
2019-09-17 20:00:00,38,25,13
2019-09-17 21:00:00,29,20,9
2019-09-17 22:00:00,13,9,4
2019-09-17 23:00:00,13,11,2
2019-09-18 00:00:00,4,3,1
2019-09-18 01:00:00,1,1,0
2019-09-18 02:00:00,1,1,0
2019-09-18 03:00:00,1,0,1
2019-09-18 04:00:00,8,5,3
2019-09-18 05:00:00,12,4,8
2019-09-18 06:00:00,73,16,57
2019-09-18 07:00:00,281,33,248
2019-09-18 08:00:00,428,54,374
2019-09-18 09:00:00,229,27,202
2019-09-18 10:00:00,102,30,72
2019-09-18 11:00:00,68,22,46
2019-09-18 12:00:00,80,40,40
2019-09-18 13:00:00,62,37,25
2019-09-18 14:00:00,90,48,42
2019-09-18 15:00:00,105,82,23
2019-09-18 16:00:00,296,247,49
2019-09-18 17:00:00,509,418,91
2019-09-18 18:00:00,338,268,70
2019-09-18 19:00:00,141,101,40
2019-09-18 20:00:00,64,35,29
2019-09-18 21:00:00,37,22,15
2019-09-18 22:00:00,45,35,10
2019-09-18 23:00:00,14,10,4
2019-09-19 00:00:00,6,5,1
2019-09-19 01:00:00,7,5,2
2019-09-19 02:00:00,3,2,1
2019-09-19 03:00:00,3,1,2
2019-09-19 04:00:00,6,3,3
2019-09-19 05:00:00,30,11,19
2019-09-19 06:00:00,70,9,61
2019-09-19 07:00:00,300,42,258
2019-09-19 08:00:00,460,47,413
2019-09-19 09:00:00,270,49,221
2019-09-19 10:00:00,115,31,84
2019-09-19 11:00:00,75,27,48
2019-09-19 12:00:00,70,30,40
2019-09-19 13:00:00,87,40,47
2019-09-19 14:00:00,101,57,44
2019-09-19 15:00:00,128,89,39
2019-09-19 16:00:00,350,272,78
2019-09-19 17:00:00,594,508,86
2019-09-19 18:00:00,316,255,61
2019-09-19 19:00:00,135,107,28
2019-09-19 20:00:00,56,38,18
2019-09-19 21:00:00,40,26,14
2019-09-19 22:00:00,29,19,10
2019-09-19 23:00:00,20,13,7
2019-09-20 00:00:00,5,4,1
2019-09-20 01:00:00,3,2,1
2019-09-20 02:00:00,3,2,1
2019-09-20 03:00:00,4,1,3
2019-09-20 04:00:00,3,3,0
2019-09-20 05:00:00,23,11,12
2019-09-20 06:00:00,69,11,58
2019-09-20 07:00:00,223,25,198
2019-09-20 08:00:00,411,42,369
2019-09-20 09:00:00,232,35,197
2019-09-20 10:00:00,109,26,83
2019-09-20 11:00:00,133,32,101
2019-09-20 12:00:00,111,50,61
2019-09-20 13:00:00,114,76,38
2019-09-20 14:00:00,142,94,48
2019-09-20 15:00:00,196,150,46
2019-09-20 16:00:00,327,270,57
2019-09-20 17:00:00,446,369,77
2019-09-20 18:00:00,253,188,65
2019-09-20 19:00:00,125,89,36
2019-09-20 20:00:00,62,43,19
2019-09-20 21:00:00,42,28,14
2019-09-20 22:00:00,31,16,15
2019-09-20 23:00:00,26,14,12
2019-09-21 00:00:00,15,10,5
2019-09-21 01:00:00,13,8,5
2019-09-21 02:00:00,6,4,2
2019-09-21 03:00:00,3,2,1
2019-09-21 04:00:00,3,2,1
2019-09-21 05:00:00,2,1,1
2019-09-21 06:00:00,13,4,9
2019-09-21 07:00:00,18,6,12
2019-09-21 08:00:00,53,26,27
2019-09-21 09:00:00,61,26,35
2019-09-21 10:00:00,53,27,26
2019-09-21 11:00:00,107,48,59
2019-09-21 12:00:00,122,88,34
2019-09-21 13:00:00,140,86,54
2019-09-21 14:00:00,155,81,74
2019-09-21 15:00:00,151,86,65
2019-09-21 16:00:00,157,77,80
2019-09-21 17:00:00,101,60,41
2019-09-21 18:00:00,105,50,55
2019-09-21 19:00:00,79,31,48
2019-09-21 20:00:00,44,13,31
2019-09-21 21:00:00,21,8,13
2019-09-21 22:00:00,31,9,22
2019-09-21 23:00:00,21,8,13
2019-09-22 00:00:00,23,13,10
2019-09-22 01:00:00,8,6,2
2019-09-22 02:00:00,7,6,1
2019-09-22 03:00:00,2,1,1
2019-09-22 04:00:00,1,0,1
2019-09-22 05:00:00,1,1,0
2019-09-22 06:00:00,5,3,2
2019-09-22 07:00:00,10,5,5
2019-09-22 08:00:00,18,7,11
2019-09-22 09:00:00,9,4,5
2019-09-22 10:00:00,16,6,10
2019-09-22 11:00:00,16,8,8
2019-09-22 12:00:00,21,11,10
2019-09-22 13:00:00,18,10,8
2019-09-22 14:00:00,16,9,7
2019-09-22 15:00:00,17,10,7
2019-09-22 16:00:00,23,10,13
2019-09-22 17:00:00,26,13,13
2019-09-22 18:00:00,27,14,13
2019-09-22 19:00:00,23,13,10
2019-09-22 20:00:00,25,14,11
2019-09-22 21:00:00,10,7,3
2019-09-22 22:00:00,4,2,2
2019-09-22 23:00:00,2,0,2
2019-09-23 00:00:00,1,1,0
2019-09-23 01:00:00,3,2,1
2019-09-23 02:00:00,1,0,1
2019-09-23 03:00:00,2,1,1
2019-09-23 04:00:00,4,2,2
2019-09-23 05:00:00,25,10,15
2019-09-23 06:00:00,71,17,54
2019-09-23 07:00:00,283,31,252
2019-09-23 08:00:00,489,46,443
2019-09-23 09:00:00,290,46,244
2019-09-23 10:00:00,73,17,56
2019-09-23 11:00:00,57,15,42
2019-09-23 12:00:00,34,13,21
2019-09-23 13:00:00,42,21,21
2019-09-23 14:00:00,41,26,15
2019-09-23 15:00:00,76,60,16
2019-09-23 16:00:00,248,216,32
2019-09-23 17:00:00,513,463,50
2019-09-23 18:00:00,305,264,41
2019-09-23 19:00:00,108,89,19
2019-09-23 20:00:00,49,29,20
2019-09-23 21:00:00,27,22,5
2019-09-23 22:00:00,17,14,3
2019-09-23 23:00:00,10,5,5
2019-09-24 00:00:00,4,4,0
2019-09-24 01:00:00,0,0,0
2019-09-24 02:00:00,1,0,1
2019-09-24 03:00:00,3,1,2
2019-09-24 04:00:00,11,7,4
2019-09-24 05:00:00,28,9,19
2019-09-24 06:00:00,83,18,65
2019-09-24 07:00:00,243,30,213
2019-09-24 08:00:00,447,37,410
2019-09-24 09:00:00,245,35,210
2019-09-24 10:00:00,92,19,73
2019-09-24 11:00:00,56,26,30
2019-09-24 12:00:00,62,25,37
2019-09-24 13:00:00,68,33,35
2019-09-24 14:00:00,81,50,31
2019-09-24 15:00:00,116,75,41
2019-09-24 16:00:00,288,244,44
2019-09-24 17:00:00,550,469,81
2019-09-24 18:00:00,343,269,74
2019-09-24 19:00:00,145,112,33
2019-09-24 20:00:00,75,45,30
2019-09-24 21:00:00,54,35,19
2019-09-24 22:00:00,22,20,2
2019-09-24 23:00:00,10,4,6
2019-09-25 00:00:00,13,7,6
2019-09-25 01:00:00,5,4,1
2019-09-25 02:00:00,3,1,2
2019-09-25 03:00:00,3,2,1
2019-09-25 04:00:00,5,2,3
2019-09-25 05:00:00,25,9,16
2019-09-25 06:00:00,102,14,88
2019-09-25 07:00:00,295,36,259
2019-09-25 08:00:00,510,49,461
2019-09-25 09:00:00,306,48,258
2019-09-25 10:00:00,130,37,93
2019-09-25 11:00:00,83,29,54
2019-09-25 12:00:00,88,46,42
2019-09-25 13:00:00,68,32,36
2019-09-25 14:00:00,101,59,42
2019-09-25 15:00:00,158,117,41
2019-09-25 16:00:00,333,278,55
2019-09-25 17:00:00,596,518,78
2019-09-25 18:00:00,362,297,65
2019-09-25 19:00:00,155,113,42
2019-09-25 20:00:00,84,51,33
2019-09-25 21:00:00,44,29,15
2019-09-25 22:00:00,26,19,7
2019-09-25 23:00:00,17,16,1
2019-09-26 00:00:00,2,1,1
2019-09-26 01:00:00,3,3,0
2019-09-26 02:00:00,2,2,0
2019-09-26 03:00:00,2,1,1
2019-09-26 04:00:00,4,1,3
2019-09-26 05:00:00,27,8,19
2019-09-26 06:00:00,62,11,51
2019-09-26 07:00:00,205,23,182
2019-09-26 08:00:00,374,35,339
2019-09-26 09:00:00,211,24,187
2019-09-26 10:00:00,106,26,80
2019-09-26 11:00:00,63,28,35
2019-09-26 12:00:00,77,40,37
2019-09-26 13:00:00,78,35,43
2019-09-26 14:00:00,88,48,40
2019-09-26 15:00:00,114,80,34
2019-09-26 16:00:00,264,210,54
2019-09-26 17:00:00,420,376,44
2019-09-26 18:00:00,274,222,52
2019-09-26 19:00:00,129,87,42
2019-09-26 20:00:00,60,44,16
2019-09-26 21:00:00,40,30,10
2019-09-26 22:00:00,22,13,9
2019-09-26 23:00:00,16,11,5
2019-09-27 00:00:00,7,6,1
2019-09-27 01:00:00,1,1,0
2019-09-27 02:00:00,2,1,1
2019-09-27 03:00:00,3,2,1
2019-09-27 04:00:00,3,2,1
2019-09-27 05:00:00,15,6,9
2019-09-27 06:00:00,63,13,50
2019-09-27 07:00:00,199,22,177
2019-09-27 08:00:00,354,48,306
2019-09-27 09:00:00,192,33,159
2019-09-27 10:00:00,99,25,74
2019-09-27 11:00:00,63,27,36
2019-09-27 12:00:00,58,24,34
2019-09-27 13:00:00,73,42,31
2019-09-27 14:00:00,76,50,26
2019-09-27 15:00:00,115,91,24
2019-09-27 16:00:00,288,246,42
2019-09-27 17:00:00,318,281,37
2019-09-27 18:00:00,174,141,33
2019-09-27 19:00:00,52,44,8
2019-09-27 20:00:00,19,12,7
2019-09-27 21:00:00,19,16,3
2019-09-27 22:00:00,16,11,5
2019-09-27 23:00:00,19,14,5
2019-09-28 00:00:00,6,5,1
2019-09-28 01:00:00,7,7,0
2019-09-28 02:00:00,3,1,2
2019-09-28 03:00:00,3,3,0
2019-09-28 04:00:00,1,1,0
2019-09-28 05:00:00,2,1,1
2019-09-28 06:00:00,4,2,2
2019-09-28 07:00:00,10,5,5
2019-09-28 08:00:00,31,9,22
2019-09-28 09:00:00,34,17,17
2019-09-28 10:00:00,35,16,19
2019-09-28 11:00:00,65,28,37
2019-09-28 12:00:00,66,32,34
2019-09-28 13:00:00,74,44,30
2019-09-28 14:00:00,105,59,46
2019-09-28 15:00:00,130,81,49
2019-09-28 16:00:00,131,71,60
2019-09-28 17:00:00,122,41,81
2019-09-28 18:00:00,97,49,48
2019-09-28 19:00:00,39,16,23
2019-09-28 20:00:00,37,22,15
2019-09-28 21:00:00,27,16,11
2019-09-28 22:00:00,22,13,9
2019-09-28 23:00:00,8,4,4
2019-09-29 00:00:00,13,7,6
2019-09-29 01:00:00,6,6,0
2019-09-29 02:00:00,8,5,3
2019-09-29 03:00:00,2,1,1
2019-09-29 04:00:00,0,0,0
2019-09-29 05:00:00,2,1,1
2019-09-29 06:00:00,4,1,3
2019-09-29 07:00:00,11,4,7
2019-09-29 08:00:00,34,21,13
2019-09-29 09:00:00,42,21,21
2019-09-29 10:00:00,49,26,23
2019-09-29 11:00:00,55,30,25
2019-09-29 12:00:00,78,49,29
2019-09-29 13:00:00,88,29,59
2019-09-29 14:00:00,69,28,41
2019-09-29 15:00:00,63,31,32
2019-09-29 16:00:00,57,30,27
2019-09-29 17:00:00,68,41,27
2019-09-29 18:00:00,45,27,18
2019-09-29 19:00:00,21,11,10
2019-09-29 20:00:00,23,10,13
2019-09-29 21:00:00,3,3,0
2019-09-29 22:00:00,8,3,5
2019-09-29 23:00:00,13,7,6
2019-09-30 00:00:00,1,0,1
2019-09-30 01:00:00,0,0,0
2019-09-30 02:00:00,3,2,1
2019-09-30 03:00:00,3,2,1
2019-09-30 04:00:00,1,1,0
2019-09-30 05:00:00,22,7,15
2019-09-30 06:00:00,86,18,68
2019-09-30 07:00:00,270,28,242
2019-09-30 08:00:00,487,44,443
2019-09-30 09:00:00,295,38,257
2019-09-30 10:00:00,97,20,77
2019-09-30 11:00:00,74,25,49
2019-09-30 12:00:00,53,21,32
2019-09-30 13:00:00,49,24,25
2019-09-30 14:00:00,80,42,38
2019-09-30 15:00:00,120,91,29
2019-09-30 16:00:00,345,298,47
2019-09-30 17:00:00,567,494,73
2019-09-30 18:00:00,372,314,58
2019-09-30 19:00:00,130,88,42
2019-09-30 20:00:00,50,32,18
2019-09-30 21:00:00,41,31,10
2019-09-30 22:00:00,18,12,6
2019-09-30 23:00:00,11,8,3
2019-10-01 00:00:00,4,3,1
2019-10-01 01:00:00,0,0,0
2019-10-01 02:00:00,0,0,0
2019-10-01 03:00:00,1,0,1
2019-10-01 04:00:00,3,2,1
2019-10-01 05:00:00,22,9,13
2019-10-01 06:00:00,72,12,60
2019-10-01 07:00:00,312,28,284
2019-10-01 08:00:00,497,46,451
2019-10-01 09:00:00,296,41,255
2019-10-01 10:00:00,128,35,93
2019-10-01 11:00:00,64,36,28
2019-10-01 12:00:00,79,35,44
2019-10-01 13:00:00,80,44,36
2019-10-01 14:00:00,99,72,27
2019-10-01 15:00:00,151,102,49
2019-10-01 16:00:00,338,284,54
2019-10-01 17:00:00,576,511,65
2019-10-01 18:00:00,378,315,63
2019-10-01 19:00:00,133,95,38
2019-10-01 20:00:00,58,38,20
2019-10-01 21:00:00,43,26,17
2019-10-01 22:00:00,25,14,11
2019-10-01 23:00:00,15,10,5
2019-10-02 00:00:00,5,3,2
2019-10-02 01:00:00,0,0,0
2019-10-02 02:00:00,4,3,1
2019-10-02 03:00:00,1,0,1
2019-10-02 04:00:00,4,2,2
2019-10-02 05:00:00,23,7,16
2019-10-02 06:00:00,72,14,58
2019-10-02 07:00:00,251,24,227
2019-10-02 08:00:00,491,53,438
2019-10-02 09:00:00,297,48,249
2019-10-02 10:00:00,117,24,93
2019-10-02 11:00:00,74,22,52
2019-10-02 12:00:00,61,31,30
2019-10-02 13:00:00,80,46,34
2019-10-02 14:00:00,87,63,24
2019-10-02 15:00:00,103,76,27
2019-10-02 16:00:00,349,295,54
2019-10-02 17:00:00,495,436,59
2019-10-02 18:00:00,318,266,52
2019-10-02 19:00:00,119,93,26
2019-10-02 20:00:00,56,43,13
2019-10-02 21:00:00,35,24,11
2019-10-02 22:00:00,24,17,7
2019-10-02 23:00:00,12,9,3
2019-10-03 00:00:00,7,5,2
2019-10-03 01:00:00,3,3,0
2019-10-03 02:00:00,1,1,0
2019-10-03 03:00:00,2,1,1
2019-10-03 04:00:00,5,2,3
2019-10-03 05:00:00,15,6,9
2019-10-03 06:00:00,70,11,59
2019-10-03 07:00:00,215,24,191
2019-10-03 08:00:00,430,45,385
2019-10-03 09:00:00,272,46,226
2019-10-03 10:00:00,93,24,69
2019-10-03 11:00:00,62,16,46
2019-10-03 12:00:00,70,24,46
2019-10-03 13:00:00,77,44,33
2019-10-03 14:00:00,82,54,28
2019-10-03 15:00:00,107,73,34
2019-10-03 16:00:00,293,237,56
2019-10-03 17:00:00,467,399,68
2019-10-03 18:00:00,235,198,37
2019-10-03 19:00:00,121,92,29
2019-10-03 20:00:00,49,38,11
2019-10-03 21:00:00,61,50,11
2019-10-03 22:00:00,18,12,6
2019-10-03 23:00:00,20,9,11
2019-10-04 00:00:00,7,5,2
2019-10-04 01:00:00,2,0,2
2019-10-04 02:00:00,3,1,2
2019-10-04 03:00:00,3,1,2
2019-10-04 04:00:00,3,3,0
2019-10-04 05:00:00,19,8,11
2019-10-04 06:00:00,52,7,45
2019-10-04 07:00:00,160,22,138
2019-10-04 08:00:00,354,29,325
2019-10-04 09:00:00,259,40,219
2019-10-04 10:00:00,92,22,70
2019-10-04 11:00:00,72,30,42
2019-10-04 12:00:00,59,31,28
2019-10-04 13:00:00,60,32,28
2019-10-04 14:00:00,90,57,33
2019-10-04 15:00:00,122,94,28
2019-10-04 16:00:00,287,241,46
2019-10-04 17:00:00,385,337,48
2019-10-04 18:00:00,214,160,54
2019-10-04 19:00:00,76,57,19
2019-10-04 20:00:00,46,35,11
2019-10-04 21:00:00,28,14,14
2019-10-04 22:00:00,29,16,13
2019-10-04 23:00:00,22,16,6
2019-10-05 00:00:00,18,7,11
2019-10-05 01:00:00,13,9,4
2019-10-05 02:00:00,8,4,4
2019-10-05 03:00:00,5,1,4
2019-10-05 04:00:00,2,2,0
2019-10-05 05:00:00,4,4,0
2019-10-05 06:00:00,6,4,2
2019-10-05 07:00:00,20,7,13
2019-10-05 08:00:00,38,8,30
2019-10-05 09:00:00,46,27,19
2019-10-05 10:00:00,82,47,35
2019-10-05 11:00:00,93,45,48
2019-10-05 12:00:00,84,37,47
2019-10-05 13:00:00,111,58,53
2019-10-05 14:00:00,93,54,39
2019-10-05 15:00:00,104,62,42
2019-10-05 16:00:00,125,83,42
2019-10-05 17:00:00,107,55,52
2019-10-05 18:00:00,72,34,38
2019-10-05 19:00:00,34,15,19
2019-10-05 20:00:00,29,13,16
2019-10-05 21:00:00,12,5,7
2019-10-05 22:00:00,17,10,7
2019-10-05 23:00:00,11,6,5
2019-10-06 00:00:00,9,6,3
2019-10-06 01:00:00,12,8,4
2019-10-06 02:00:00,5,3,2
2019-10-06 03:00:00,3,3,0
2019-10-06 04:00:00,1,1,0
2019-10-06 05:00:00,3,2,1
2019-10-06 06:00:00,10,5,5
2019-10-06 07:00:00,17,8,9
2019-10-06 08:00:00,29,20,9
2019-10-06 09:00:00,43,26,17
2019-10-06 10:00:00,84,44,40
2019-10-06 11:00:00,104,46,58
2019-10-06 12:00:00,131,79,52
2019-10-06 13:00:00,133,80,53
2019-10-06 14:00:00,140,68,72
2019-10-06 15:00:00,152,72,80
2019-10-06 16:00:00,116,60,56
2019-10-06 17:00:00,98,58,40
2019-10-06 18:00:00,86,41,45
2019-10-06 19:00:00,31,8,23
2019-10-06 20:00:00,17,10,7
2019-10-06 21:00:00,16,11,5
2019-10-06 22:00:00,7,2,5
2019-10-06 23:00:00,9,7,2
2019-10-07 00:00:00,3,2,1
2019-10-07 01:00:00,0,0,0
2019-10-07 02:00:00,1,1,0
2019-10-07 03:00:00,2,0,2
2019-10-07 04:00:00,4,3,1
2019-10-07 05:00:00,22,8,14
2019-10-07 06:00:00,67,12,55
2019-10-07 07:00:00,227,22,205
2019-10-07 08:00:00,439,33,406
2019-10-07 09:00:00,226,31,195
2019-10-07 10:00:00,90,18,72
2019-10-07 11:00:00,43,12,31
2019-10-07 12:00:00,41,19,22
2019-10-07 13:00:00,34,19,15
2019-10-07 14:00:00,64,40,24
2019-10-07 15:00:00,83,60,23
2019-10-07 16:00:00,269,236,33
2019-10-07 17:00:00,425,384,41
2019-10-07 18:00:00,234,202,32
2019-10-07 19:00:00,100,78,22
2019-10-07 20:00:00,41,28,13
2019-10-07 21:00:00,33,23,10
2019-10-07 22:00:00,15,13,2
2019-10-07 23:00:00,7,5,2
2019-10-08 00:00:00,7,4,3
2019-10-08 01:00:00,0,0,0
2019-10-08 02:00:00,5,3,2
2019-10-08 03:00:00,3,1,2
2019-10-08 04:00:00,5,3,2
2019-10-08 05:00:00,14,4,10
2019-10-08 06:00:00,73,14,59
2019-10-08 07:00:00,233,32,201
2019-10-08 08:00:00,417,44,373
2019-10-08 09:00:00,221,34,187
2019-10-08 10:00:00,83,19,64
2019-10-08 11:00:00,37,15,22
2019-10-08 12:00:00,29,17,12
2019-10-08 13:00:00,30,21,9
2019-10-08 14:00:00,47,31,16
2019-10-08 15:00:00,71,55,16
2019-10-08 16:00:00,235,196,39
2019-10-08 17:00:00,432,371,61
2019-10-08 18:00:00,257,225,32
2019-10-08 19:00:00,79,60,19
2019-10-08 20:00:00,44,33,11
2019-10-08 21:00:00,26,20,6
2019-10-08 22:00:00,10,7,3
2019-10-08 23:00:00,7,4,3
2019-10-09 00:00:00,4,3,1
2019-10-09 01:00:00,2,2,0
2019-10-09 02:00:00,3,1,2
2019-10-09 03:00:00,2,0,2
2019-10-09 04:00:00,4,1,3
2019-10-09 05:00:00,20,9,11
2019-10-09 06:00:00,84,14,70
2019-10-09 07:00:00,253,35,218
2019-10-09 08:00:00,403,33,370
2019-10-09 09:00:00,245,35,210
2019-10-09 10:00:00,96,18,78
2019-10-09 11:00:00,64,24,40
2019-10-09 12:00:00,67,30,37
2019-10-09 13:00:00,65,33,32
2019-10-09 14:00:00,85,53,32
2019-10-09 15:00:00,95,72,23
2019-10-09 16:00:00,284,240,44
2019-10-09 17:00:00,466,411,55
2019-10-09 18:00:00,310,266,44
2019-10-09 19:00:00,108,79,29
2019-10-09 20:00:00,50,38,12
2019-10-09 21:00:00,35,25,10
2019-10-09 22:00:00,20,13,7
2019-10-09 23:00:00,14,9,5
2019-10-10 00:00:00,6,4,2
2019-10-10 01:00:00,1,1,0
2019-10-10 02:00:00,1,1,0
2019-10-10 03:00:00,1,0,1
2019-10-10 04:00:00,5,3,2
2019-10-10 05:00:00,20,7,13
2019-10-10 06:00:00,61,8,53
2019-10-10 07:00:00,221,23,198
2019-10-10 08:00:00,381,42,339
2019-10-10 09:00:00,264,34,230
2019-10-10 10:00:00,104,23,81
2019-10-10 11:00:00,50,17,33
2019-10-10 12:00:00,58,28,30
2019-10-10 13:00:00,80,48,32
2019-10-10 14:00:00,75,42,33
2019-10-10 15:00:00,119,82,37
2019-10-10 16:00:00,276,215,61
2019-10-10 17:00:00,467,396,71
2019-10-10 18:00:00,280,233,47
2019-10-10 19:00:00,93,67,26
2019-10-10 20:00:00,46,34,12
2019-10-10 21:00:00,27,18,9
2019-10-10 22:00:00,25,15,10
2019-10-10 23:00:00,17,12,5
2019-10-11 00:00:00,10,4,6
2019-10-11 01:00:00,0,0,0
2019-10-11 02:00:00,0,0,0
2019-10-11 03:00:00,3,1,2
2019-10-11 04:00:00,5,4,1
2019-10-11 05:00:00,11,3,8
2019-10-11 06:00:00,62,12,50
2019-10-11 07:00:00,202,23,179
2019-10-11 08:00:00,346,37,309
2019-10-11 09:00:00,238,35,203
2019-10-11 10:00:00,80,21,59
2019-10-11 11:00:00,69,23,46
2019-10-11 12:00:00,82,33,49
2019-10-11 13:00:00,125,77,48
2019-10-11 14:00:00,95,60,35
2019-10-11 15:00:00,178,124,54
2019-10-11 16:00:00,290,233,57
2019-10-11 17:00:00,389,328,61
2019-10-11 18:00:00,219,170,49
2019-10-11 19:00:00,79,57,22
2019-10-11 20:00:00,43,29,14
2019-10-11 21:00:00,34,24,10
2019-10-11 22:00:00,24,19,5
2019-10-11 23:00:00,20,11,9
2019-10-12 00:00:00,11,7,4
2019-10-12 01:00:00,9,6,3
2019-10-12 02:00:00,4,3,1
2019-10-12 03:00:00,0,0,0
2019-10-12 04:00:00,5,3,2
2019-10-12 05:00:00,1,0,1
2019-10-12 06:00:00,8,1,7
2019-10-12 07:00:00,15,5,10
2019-10-12 08:00:00,30,16,14
2019-10-12 09:00:00,42,17,25
2019-10-12 10:00:00,44,24,20
2019-10-12 11:00:00,80,32,48
2019-10-12 12:00:00,88,44,44
2019-10-12 13:00:00,94,46,48
2019-10-12 14:00:00,107,71,36
2019-10-12 15:00:00,103,56,47
2019-10-12 16:00:00,110,60,50
2019-10-12 17:00:00,74,46,28
2019-10-12 18:00:00,49,22,27
2019-10-12 19:00:00,24,10,14
2019-10-12 20:00:00,17,12,5
2019-10-12 21:00:00,8,4,4
2019-10-12 22:00:00,11,5,6
2019-10-12 23:00:00,19,11,8
2019-10-13 00:00:00,13,10,3
2019-10-13 01:00:00,13,10,3
2019-10-13 02:00:00,6,5,1
2019-10-13 03:00:00,3,2,1
2019-10-13 04:00:00,8,5,3
2019-10-13 05:00:00,1,0,1
2019-10-13 06:00:00,11,3,8
2019-10-13 07:00:00,14,8,6
2019-10-13 08:00:00,19,9,10
2019-10-13 09:00:00,39,20,19
2019-10-13 10:00:00,44,25,19
2019-10-13 11:00:00,84,51,33
2019-10-13 12:00:00,70,31,39
2019-10-13 13:00:00,89,41,48
2019-10-13 14:00:00,94,66,28
2019-10-13 15:00:00,121,67,54
2019-10-13 16:00:00,118,53,65
2019-10-13 17:00:00,87,50,37
2019-10-13 18:00:00,50,25,25
2019-10-13 19:00:00,23,14,9
2019-10-13 20:00:00,19,10,9
2019-10-13 21:00:00,9,4,5
2019-10-13 22:00:00,11,8,3
2019-10-13 23:00:00,9,6,3
2019-10-14 00:00:00,2,1,1
2019-10-14 01:00:00,3,1,2
2019-10-14 02:00:00,3,2,1
2019-10-14 03:00:00,1,0,1
2019-10-14 04:00:00,3,3,0
2019-10-14 05:00:00,14,4,10
2019-10-14 06:00:00,67,14,53
2019-10-14 07:00:00,251,27,224
2019-10-14 08:00:00,472,54,418
2019-10-14 09:00:00,280,31,249
2019-10-14 10:00:00,102,20,82
2019-10-14 11:00:00,56,14,42
2019-10-14 12:00:00,61,32,29
2019-10-14 13:00:00,70,34,36
2019-10-14 14:00:00,87,49,38
2019-10-14 15:00:00,107,80,27
2019-10-14 16:00:00,293,245,48
2019-10-14 17:00:00,528,457,71
2019-10-14 18:00:00,322,267,55
2019-10-14 19:00:00,116,86,30
2019-10-14 20:00:00,42,24,18
2019-10-14 21:00:00,33,26,7
2019-10-14 22:00:00,14,11,3
2019-10-14 23:00:00,12,10,2
2019-10-15 00:00:00,4,4,0
2019-10-15 01:00:00,3,2,1
2019-10-15 02:00:00,2,2,0
2019-10-15 03:00:00,1,0,1
2019-10-15 04:00:00,5,3,2
2019-10-15 05:00:00,25,10,15
2019-10-15 06:00:00,72,14,58
2019-10-15 07:00:00,271,24,247
2019-10-15 08:00:00,472,46,426
2019-10-15 09:00:00,242,38,204
2019-10-15 10:00:00,109,22,87
2019-10-15 11:00:00,59,23,36
2019-10-15 12:00:00,56,29,27
2019-10-15 13:00:00,66,34,32
2019-10-15 14:00:00,68,45,23
2019-10-15 15:00:00,111,75,36
2019-10-15 16:00:00,289,242,47
2019-10-15 17:00:00,509,446,63
2019-10-15 18:00:00,307,263,44
2019-10-15 19:00:00,106,82,24
2019-10-15 20:00:00,56,44,12
2019-10-15 21:00:00,46,36,10
2019-10-15 22:00:00,17,11,6
2019-10-15 23:00:00,10,7,3
2019-10-16 00:00:00,6,2,4
2019-10-16 01:00:00,5,3,2
2019-10-16 02:00:00,1,0,1
2019-10-16 03:00:00,5,1,4
2019-10-16 04:00:00,7,4,3
2019-10-16 05:00:00,13,3,10
2019-10-16 06:00:00,48,8,40
2019-10-16 07:00:00,171,15,156
2019-10-16 08:00:00,271,23,248
2019-10-16 09:00:00,180,30,150
2019-10-16 10:00:00,83,14,69
2019-10-16 11:00:00,30,13,17
2019-10-16 12:00:00,34,13,21
2019-10-16 13:00:00,36,20,16
2019-10-16 14:00:00,51,31,20
2019-10-16 15:00:00,76,64,12
2019-10-16 16:00:00,179,156,23
2019-10-16 17:00:00,310,276,34
2019-10-16 18:00:00,167,150,17
2019-10-16 19:00:00,76,61,15
2019-10-16 20:00:00,37,32,5
2019-10-16 21:00:00,22,19,3
2019-10-16 22:00:00,15,15,0
2019-10-16 23:00:00,12,6,6
2019-10-17 00:00:00,6,5,1
2019-10-17 01:00:00,6,4,2
2019-10-17 02:00:00,1,1,0
2019-10-17 03:00:00,1,0,1
2019-10-17 04:00:00,3,1,2
2019-10-17 05:00:00,16,5,11
2019-10-17 06:00:00,38,6,32
2019-10-17 07:00:00,189,19,170
2019-10-17 08:00:00,292,33,259
2019-10-17 09:00:00,183,29,154
2019-10-17 10:00:00,70,13,57
2019-10-17 11:00:00,34,11,23
2019-10-17 12:00:00,44,13,31
2019-10-17 13:00:00,41,28,13
2019-10-17 14:00:00,51,28,23
2019-10-17 15:00:00,59,44,15
2019-10-17 16:00:00,182,156,26
2019-10-17 17:00:00,303,269,34
2019-10-17 18:00:00,185,167,18
2019-10-17 19:00:00,78,68,10
2019-10-17 20:00:00,35,25,10
2019-10-17 21:00:00,27,20,7
2019-10-17 22:00:00,11,9,2
2019-10-17 23:00:00,14,12,2
2019-10-18 00:00:00,6,4,2
2019-10-18 01:00:00,4,3,1
2019-10-18 02:00:00,1,1,0
2019-10-18 03:00:00,6,1,5
2019-10-18 04:00:00,3,2,1
2019-10-18 05:00:00,15,6,9
2019-10-18 06:00:00,62,13,49
2019-10-18 07:00:00,168,21,147
2019-10-18 08:00:00,285,30,255
2019-10-18 09:00:00,178,26,152
2019-10-18 10:00:00,58,16,42
2019-10-18 11:00:00,47,21,26
2019-10-18 12:00:00,47,22,25
2019-10-18 13:00:00,44,25,19
2019-10-18 14:00:00,47,33,14
2019-10-18 15:00:00,104,70,34
2019-10-18 16:00:00,186,157,29
2019-10-18 17:00:00,265,239,26
2019-10-18 18:00:00,131,106,25
2019-10-18 19:00:00,57,49,8
2019-10-18 20:00:00,30,25,5
2019-10-18 21:00:00,19,16,3
2019-10-18 22:00:00,11,7,4
2019-10-18 23:00:00,16,12,4
2019-10-19 00:00:00,7,4,3
2019-10-19 01:00:00,4,4,0
2019-10-19 02:00:00,1,0,1
2019-10-19 03:00:00,0,0,0
2019-10-19 04:00:00,0,0,0
2019-10-19 05:00:00,0,0,0
2019-10-19 06:00:00,4,1,3
2019-10-19 07:00:00,6,2,4
2019-10-19 08:00:00,14,5,9
2019-10-19 09:00:00,23,11,12
2019-10-19 10:00:00,29,13,16
2019-10-19 11:00:00,22,4,18
2019-10-19 12:00:00,14,7,7
2019-10-19 13:00:00,18,11,7
2019-10-19 14:00:00,41,20,21
2019-10-19 15:00:00,46,34,12
2019-10-19 16:00:00,67,41,26
2019-10-19 17:00:00,62,25,37
2019-10-19 18:00:00,39,18,21
2019-10-19 19:00:00,22,11,11
2019-10-19 20:00:00,21,9,12
2019-10-19 21:00:00,9,4,5
2019-10-19 22:00:00,7,3,4
2019-10-19 23:00:00,10,5,5
2019-10-20 00:00:00,8,7,1
2019-10-20 01:00:00,11,7,4
2019-10-20 02:00:00,8,4,4
2019-10-20 03:00:00,0,0,0
2019-10-20 04:00:00,1,1,0
2019-10-20 05:00:00,2,1,1
2019-10-20 06:00:00,4,2,2
2019-10-20 07:00:00,13,6,7
2019-10-20 08:00:00,14,7,7
2019-10-20 09:00:00,22,7,15
2019-10-20 10:00:00,25,9,16
2019-10-20 11:00:00,33,17,16
2019-10-20 12:00:00,31,20,11
2019-10-20 13:00:00,29,12,17
2019-10-20 14:00:00,13,5,8
2019-10-20 15:00:00,19,12,7
2019-10-20 16:00:00,18,14,4
2019-10-20 17:00:00,29,19,10
2019-10-20 18:00:00,19,9,10
2019-10-20 19:00:00,10,7,3
2019-10-20 20:00:00,7,6,1
2019-10-20 21:00:00,3,3,0
2019-10-20 22:00:00,4,3,1
2019-10-20 23:00:00,4,4,0
2019-10-21 00:00:00,2,1,1
2019-10-21 01:00:00,2,2,0
2019-10-21 02:00:00,0,0,0
2019-10-21 03:00:00,0,0,0
2019-10-21 04:00:00,6,4,2
2019-10-21 05:00:00,16,4,12
2019-10-21 06:00:00,63,13,50
2019-10-21 07:00:00,192,20,172
2019-10-21 08:00:00,347,29,318
2019-10-21 09:00:00,208,26,182
2019-10-21 10:00:00,67,16,51
2019-10-21 11:00:00,41,14,27
2019-10-21 12:00:00,35,17,18
2019-10-21 13:00:00,24,10,14
2019-10-21 14:00:00,38,27,11
2019-10-21 15:00:00,60,45,15
2019-10-21 16:00:00,215,193,22
2019-10-21 17:00:00,343,320,23
2019-10-21 18:00:00,189,171,18
2019-10-21 19:00:00,76,64,12
2019-10-21 20:00:00,39,29,10
2019-10-21 21:00:00,13,11,2
2019-10-21 22:00:00,11,10,1
2019-10-21 23:00:00,7,4,3
2019-10-22 00:00:00,2,2,0
2019-10-22 01:00:00,0,0,0
2019-10-22 02:00:00,1,1,0
2019-10-22 03:00:00,0,0,0
2019-10-22 04:00:00,8,4,4
2019-10-22 05:00:00,16,5,11
2019-10-22 06:00:00,50,10,40
2019-10-22 07:00:00,194,28,166
2019-10-22 08:00:00,386,30,356
2019-10-22 09:00:00,233,26,207
2019-10-22 10:00:00,95,16,79
2019-10-22 11:00:00,37,16,21
2019-10-22 12:00:00,36,14,22
2019-10-22 13:00:00,48,28,20
2019-10-22 14:00:00,51,34,17
2019-10-22 15:00:00,82,64,18
2019-10-22 16:00:00,223,187,36
2019-10-22 17:00:00,427,384,43
2019-10-22 18:00:00,237,199,38
2019-10-22 19:00:00,92,77,15
2019-10-22 20:00:00,42,33,9
2019-10-22 21:00:00,41,35,6
2019-10-22 22:00:00,14,13,1
2019-10-22 23:00:00,9,7,2
2019-10-23 00:00:00,7,6,1
2019-10-23 01:00:00,1,0,1
2019-10-23 02:00:00,0,0,0
2019-10-23 03:00:00,2,1,1
2019-10-23 04:00:00,3,2,1
2019-10-23 05:00:00,24,9,15
2019-10-23 06:00:00,79,16,63
2019-10-23 07:00:00,242,27,215
2019-10-23 08:00:00,451,42,409
2019-10-23 09:00:00,269,34,235
2019-10-23 10:00:00,110,23,87
2019-10-23 11:00:00,68,19,49
2019-10-23 12:00:00,62,28,34
2019-10-23 13:00:00,69,32,37
2019-10-23 14:00:00,104,66,38
2019-10-23 15:00:00,120,91,29
2019-10-23 16:00:00,310,249,61
2019-10-23 17:00:00,503,424,79
2019-10-23 18:00:00,304,250,54
2019-10-23 19:00:00,120,99,21
2019-10-23 20:00:00,60,47,13
2019-10-23 21:00:00,52,43,9
2019-10-23 22:00:00,27,21,6
2019-10-23 23:00:00,16,13,3
2019-10-24 00:00:00,6,5,1
2019-10-24 01:00:00,2,2,0
2019-10-24 02:00:00,1,1,0
2019-10-24 03:00:00,1,0,1
2019-10-24 04:00:00,4,2,2
2019-10-24 05:00:00,31,12,19
2019-10-24 06:00:00,64,10,54
2019-10-24 07:00:00,250,40,210
2019-10-24 08:00:00,416,38,378
2019-10-24 09:00:00,274,40,234
2019-10-24 10:00:00,117,28,89
2019-10-24 11:00:00,65,22,43
2019-10-24 12:00:00,61,25,36
2019-10-24 13:00:00,84,46,38
2019-10-24 14:00:00,83,44,39
2019-10-24 15:00:00,126,91,35
2019-10-24 16:00:00,315,266,49
2019-10-24 17:00:00,474,414,60
2019-10-24 18:00:00,314,258,56
2019-10-24 19:00:00,112,79,33
2019-10-24 20:00:00,56,42,14
2019-10-24 21:00:00,36,23,13
2019-10-24 22:00:00,31,23,8
2019-10-24 23:00:00,16,11,5
2019-10-25 00:00:00,14,8,6
2019-10-25 01:00:00,1,1,0
2019-10-25 02:00:00,0,0,0
2019-10-25 03:00:00,1,0,1
2019-10-25 04:00:00,5,3,2
2019-10-25 05:00:00,22,8,14
2019-10-25 06:00:00,60,13,47
2019-10-25 07:00:00,185,19,166
2019-10-25 08:00:00,366,31,335
2019-10-25 09:00:00,227,32,195
2019-10-25 10:00:00,88,15,73
2019-10-25 11:00:00,48,17,31
2019-10-25 12:00:00,31,16,15
2019-10-25 13:00:00,41,22,19
2019-10-25 14:00:00,50,37,13
2019-10-25 15:00:00,109,85,24
2019-10-25 16:00:00,261,233,28
2019-10-25 17:00:00,358,330,28
2019-10-25 18:00:00,197,167,30
2019-10-25 19:00:00,81,65,16
2019-10-25 20:00:00,26,16,10
2019-10-25 21:00:00,26,17,9
2019-10-25 22:00:00,14,11,3
2019-10-25 23:00:00,12,7,5
2019-10-26 00:00:00,13,6,7
2019-10-26 01:00:00,7,6,1
2019-10-26 02:00:00,2,2,0
2019-10-26 03:00:00,1,1,0
2019-10-26 04:00:00,6,2,4
2019-10-26 05:00:00,6,1,5
2019-10-26 06:00:00,8,4,4
2019-10-26 07:00:00,15,8,7
2019-10-26 08:00:00,32,13,19
2019-10-26 09:00:00,37,17,20
2019-10-26 10:00:00,33,16,17
2019-10-26 11:00:00,52,35,17
2019-10-26 12:00:00,57,31,26
2019-10-26 13:00:00,63,27,36
2019-10-26 14:00:00,85,41,44
2019-10-26 15:00:00,93,59,34
2019-10-26 16:00:00,99,47,52
2019-10-26 17:00:00,82,43,39
2019-10-26 18:00:00,47,15,32
2019-10-26 19:00:00,14,6,8
2019-10-26 20:00:00,19,12,7
2019-10-26 21:00:00,19,12,7
2019-10-26 22:00:00,8,5,3
2019-10-26 23:00:00,7,6,1
2019-10-27 00:00:00,11,4,7
2019-10-27 01:00:00,3,2,1
2019-10-27 02:00:00,9,8,1
2019-10-27 03:00:00,1,1,0
2019-10-27 04:00:00,0,0,0
2019-10-27 05:00:00,2,1,1
2019-10-27 06:00:00,8,1,7
2019-10-27 07:00:00,10,4,6
2019-10-27 08:00:00,17,9,8
2019-10-27 09:00:00,27,11,16
2019-10-27 10:00:00,53,28,25
2019-10-27 11:00:00,50,21,29
2019-10-27 12:00:00,72,45,27
2019-10-27 13:00:00,100,43,57
2019-10-27 14:00:00,121,65,56
2019-10-27 15:00:00,116,69,47
2019-10-27 16:00:00,98,48,50
2019-10-27 17:00:00,76,33,43
2019-10-27 18:00:00,54,18,36
2019-10-27 19:00:00,22,11,11
2019-10-27 20:00:00,17,12,5
2019-10-27 21:00:00,7,4,3
2019-10-27 22:00:00,3,3,0
2019-10-27 23:00:00,5,3,2
2019-10-28 00:00:00,6,1,5
2019-10-28 01:00:00,0,0,0
2019-10-28 02:00:00,0,0,0
2019-10-28 03:00:00,5,3,2
2019-10-28 04:00:00,4,2,2
2019-10-28 05:00:00,28,8,20
2019-10-28 06:00:00,69,16,53
2019-10-28 07:00:00,235,26,209
2019-10-28 08:00:00,468,35,433
2019-10-28 09:00:00,274,27,247
2019-10-28 10:00:00,100,12,88
2019-10-28 11:00:00,64,23,41
2019-10-28 12:00:00,58,29,29
2019-10-28 13:00:00,45,22,23
2019-10-28 14:00:00,64,39,25
2019-10-28 15:00:00,91,64,27
2019-10-28 16:00:00,303,266,37
2019-10-28 17:00:00,512,468,44
2019-10-28 18:00:00,279,232,47
2019-10-28 19:00:00,118,99,19
2019-10-28 20:00:00,49,38,11
2019-10-28 21:00:00,24,20,4
2019-10-28 22:00:00,15,13,2
2019-10-28 23:00:00,4,4,0
2019-10-29 00:00:00,3,2,1
2019-10-29 01:00:00,4,2,2
2019-10-29 02:00:00,0,0,0
2019-10-29 03:00:00,2,1,1
2019-10-29 04:00:00,6,4,2
2019-10-29 05:00:00,20,6,14
2019-10-29 06:00:00,73,9,64
2019-10-29 07:00:00,248,28,220
2019-10-29 08:00:00,465,35,430
2019-10-29 09:00:00,245,25,220
2019-10-29 10:00:00,108,17,91
2019-10-29 11:00:00,52,15,37
2019-10-29 12:00:00,60,28,32
2019-10-29 13:00:00,48,28,20
2019-10-29 14:00:00,77,52,25
2019-10-29 15:00:00,133,93,40
2019-10-29 16:00:00,315,268,47
2019-10-29 17:00:00,501,445,56
2019-10-29 18:00:00,279,239,40
2019-10-29 19:00:00,115,94,21
2019-10-29 20:00:00,55,42,13
2019-10-29 21:00:00,36,24,12
2019-10-29 22:00:00,15,11,4
2019-10-29 23:00:00,7,4,3
2019-10-30 00:00:00,3,3,0
2019-10-30 01:00:00,2,2,0
2019-10-30 02:00:00,1,0,1
2019-10-30 03:00:00,2,1,1
2019-10-30 04:00:00,5,1,4
2019-10-30 05:00:00,21,7,14
2019-10-30 06:00:00,61,12,49
2019-10-30 07:00:00,249,34,215
2019-10-30 08:00:00,422,36,386
2019-10-30 09:00:00,256,26,230
2019-10-30 10:00:00,96,21,75
2019-10-30 11:00:00,57,23,34
2019-10-30 12:00:00,72,36,36
2019-10-30 13:00:00,55,29,26
2019-10-30 14:00:00,66,47,19
2019-10-30 15:00:00,118,82,36
2019-10-30 16:00:00,255,212,43
2019-10-30 17:00:00,471,410,61
2019-10-30 18:00:00,272,242,30
2019-10-30 19:00:00,103,84,19
2019-10-30 20:00:00,41,29,12
2019-10-30 21:00:00,39,28,11
2019-10-30 22:00:00,14,8,6
2019-10-30 23:00:00,13,10,3
2019-10-31 00:00:00,5,3,2
2019-10-31 01:00:00,2,2,0
2019-10-31 02:00:00,2,2,0
2019-10-31 03:00:00,2,1,1
2019-10-31 04:00:00,3,1,2
2019-10-31 05:00:00,23,8,15
2019-10-31 06:00:00,56,9,47
2019-10-31 07:00:00,227,23,204
2019-10-31 08:00:00,386,33,353
2019-10-31 09:00:00,251,29,222
2019-10-31 10:00:00,104,23,81
2019-10-31 11:00:00,53,19,34
2019-10-31 12:00:00,60,27,33
2019-10-31 13:00:00,61,36,25
2019-10-31 14:00:00,74,45,29
2019-10-31 15:00:00,143,116,27
2019-10-31 16:00:00,363,339,24
2019-10-31 17:00:00,392,348,44
2019-10-31 18:00:00,171,134,37
2019-10-31 19:00:00,55,44,11
2019-10-31 20:00:00,36,22,14
2019-10-31 21:00:00,26,17,9
2019-10-31 22:00:00,17,11,6
2019-10-31 23:00:00,12,9,3
2019-11-01 00:00:00,8,4,4
2019-11-01 01:00:00,4,4,0
2019-11-01 02:00:00,3,1,2
2019-11-01 03:00:00,6,2,4
2019-11-01 04:00:00,2,1,1
2019-11-01 05:00:00,16,7,9
2019-11-01 06:00:00,54,6,48
2019-11-01 07:00:00,190,21,169
2019-11-01 08:00:00,398,34,364
2019-11-01 09:00:00,252,32,220
2019-11-01 10:00:00,82,10,72
2019-11-01 11:00:00,59,20,39
2019-11-01 12:00:00,61,28,33
2019-11-01 13:00:00,65,36,29
2019-11-01 14:00:00,81,56,25
2019-11-01 15:00:00,143,103,40
2019-11-01 16:00:00,287,250,37
2019-11-01 17:00:00,406,361,45
2019-11-01 18:00:00,185,155,30
2019-11-01 19:00:00,86,64,22
2019-11-01 20:00:00,22,16,6
2019-11-01 21:00:00,26,18,8
2019-11-01 22:00:00,12,9,3
2019-11-01 23:00:00,13,8,5
2019-11-02 00:00:00,9,7,2
2019-11-02 01:00:00,7,6,1
2019-11-02 02:00:00,3,3,0
2019-11-02 03:00:00,6,2,4
2019-11-02 04:00:00,1,1,0
2019-11-02 05:00:00,2,2,0
2019-11-02 06:00:00,6,3,3
2019-11-02 07:00:00,15,4,11
2019-11-02 08:00:00,28,9,19
2019-11-02 09:00:00,33,16,17
2019-11-02 10:00:00,44,23,21
2019-11-02 11:00:00,74,42,32
2019-11-02 12:00:00,112,52,60
2019-11-02 13:00:00,112,54,58
2019-11-02 14:00:00,115,65,50
2019-11-02 15:00:00,138,74,64
2019-11-02 16:00:00,105,40,65
2019-11-02 17:00:00,105,44,61
2019-11-02 18:00:00,69,32,37
2019-11-02 19:00:00,31,13,18
2019-11-02 20:00:00,21,13,8
2019-11-02 21:00:00,12,7,5
2019-11-02 22:00:00,9,6,3
2019-11-02 23:00:00,11,3,8
2019-11-03 00:00:00,7,4,3
2019-11-03 01:00:00,8,4,4
2019-11-03 02:00:00,1,1,0
2019-11-03 03:00:00,1,1,0
2019-11-03 04:00:00,2,1,1
2019-11-03 05:00:00,3,2,1
2019-11-03 06:00:00,5,2,3
2019-11-03 07:00:00,17,9,8
2019-11-03 08:00:00,26,13,13
2019-11-03 09:00:00,50,23,27
2019-11-03 10:00:00,58,28,30
2019-11-03 11:00:00,94,44,50
2019-11-03 12:00:00,98,53,45
2019-11-03 13:00:00,96,55,41
2019-11-03 14:00:00,111,58,53
2019-11-03 15:00:00,103,58,45
2019-11-03 16:00:00,70,31,39
2019-11-03 17:00:00,53,26,27
2019-11-03 18:00:00,33,21,12
2019-11-03 19:00:00,23,10,13
2019-11-03 20:00:00,17,8,9
2019-11-03 21:00:00,10,8,2
2019-11-03 22:00:00,10,6,4
2019-11-03 23:00:00,9,8,1
2019-11-04 00:00:00,1,1,0
2019-11-04 01:00:00,0,0,0
2019-11-04 02:00:00,0,0,0
2019-11-04 03:00:00,0,0,0
2019-11-04 04:00:00,7,3,4
2019-11-04 05:00:00,20,5,15
2019-11-04 06:00:00,93,19,74
2019-11-04 07:00:00,320,36,284
2019-11-04 08:00:00,499,48,451
2019-11-04 09:00:00,245,27,218
2019-11-04 10:00:00,101,22,79
2019-11-04 11:00:00,60,18,42
2019-11-04 12:00:00,47,18,29
2019-11-04 13:00:00,50,18,32
2019-11-04 14:00:00,61,36,25
2019-11-04 15:00:00,131,101,30
2019-11-04 16:00:00,333,286,47
2019-11-04 17:00:00,541,487,54
2019-11-04 18:00:00,265,232,33
2019-11-04 19:00:00,97,81,16
2019-11-04 20:00:00,49,38,11
2019-11-04 21:00:00,30,23,7
2019-11-04 22:00:00,23,21,2
2019-11-04 23:00:00,9,3,6
2019-11-05 00:00:00,6,4,2
2019-11-05 01:00:00,1,1,0
2019-11-05 02:00:00,2,1,1
2019-11-05 03:00:00,2,1,1
2019-11-05 04:00:00,8,4,4
2019-11-05 05:00:00,24,8,16
2019-11-05 06:00:00,93,13,80
2019-11-05 07:00:00,303,28,275
2019-11-05 08:00:00,450,36,414
2019-11-05 09:00:00,243,31,212
2019-11-05 10:00:00,89,23,66
2019-11-05 11:00:00,46,17,29
2019-11-05 12:00:00,70,31,39
2019-11-05 13:00:00,66,37,29
2019-11-05 14:00:00,75,46,29
2019-11-05 15:00:00,109,87,22
2019-11-05 16:00:00,327,278,49
2019-11-05 17:00:00,510,453,57
2019-11-05 18:00:00,239,210,29
2019-11-05 19:00:00,98,81,17
2019-11-05 20:00:00,55,42,13
2019-11-05 21:00:00,36,27,9
2019-11-05 22:00:00,24,16,8
2019-11-05 23:00:00,9,5,4
2019-11-06 00:00:00,1,1,0
2019-11-06 01:00:00,4,4,0
2019-11-06 02:00:00,0,0,0
2019-11-06 03:00:00,1,1,0
2019-11-06 04:00:00,6,3,3
2019-11-06 05:00:00,22,8,14
2019-11-06 06:00:00,96,19,77
2019-11-06 07:00:00,298,31,267
2019-11-06 08:00:00,439,26,413
2019-11-06 09:00:00,222,26,196
2019-11-06 10:00:00,104,16,88
2019-11-06 11:00:00,61,26,35
2019-11-06 12:00:00,66,31,35
2019-11-06 13:00:00,64,38,26
2019-11-06 14:00:00,78,53,25
2019-11-06 15:00:00,124,92,32
2019-11-06 16:00:00,312,264,48
2019-11-06 17:00:00,466,420,46
2019-11-06 18:00:00,240,209,31
2019-11-06 19:00:00,98,83,15
2019-11-06 20:00:00,63,50,13
2019-11-06 21:00:00,45,30,15
2019-11-06 22:00:00,29,24,5
2019-11-06 23:00:00,11,9,2
2019-11-07 00:00:00,4,3,1
2019-11-07 01:00:00,6,4,2
2019-11-07 02:00:00,2,2,0
2019-11-07 03:00:00,2,1,1
2019-11-07 04:00:00,3,1,2
2019-11-07 05:00:00,21,8,13
2019-11-07 06:00:00,88,14,74
2019-11-07 07:00:00,278,33,245
2019-11-07 08:00:00,450,41,409
2019-11-07 09:00:00,256,24,232
2019-11-07 10:00:00,85,12,73
2019-11-07 11:00:00,67,20,47
2019-11-07 12:00:00,65,25,40
2019-11-07 13:00:00,56,35,21
2019-11-07 14:00:00,91,58,33
2019-11-07 15:00:00,129,96,33
2019-11-07 16:00:00,307,270,37
2019-11-07 17:00:00,460,414,46
2019-11-07 18:00:00,256,222,34
2019-11-07 19:00:00,103,87,16
2019-11-07 20:00:00,58,43,15
2019-11-07 21:00:00,34,24,10
2019-11-07 22:00:00,29,20,9
2019-11-07 23:00:00,15,7,8
2019-11-08 00:00:00,10,6,4
2019-11-08 01:00:00,3,2,1
2019-11-08 02:00:00,1,1,0
2019-11-08 03:00:00,2,1,1
2019-11-08 04:00:00,6,5,1
2019-11-08 05:00:00,23,8,15
2019-11-08 06:00:00,55,14,41
2019-11-08 07:00:00,217,23,194
2019-11-08 08:00:00,354,38,316
2019-11-08 09:00:00,230,25,205
2019-11-08 10:00:00,100,21,79
2019-11-08 11:00:00,62,36,26
2019-11-08 12:00:00,59,21,38
2019-11-08 13:00:00,78,40,38
2019-11-08 14:00:00,92,63,29
2019-11-08 15:00:00,163,121,42
2019-11-08 16:00:00,297,256,41
2019-11-08 17:00:00,326,298,28
2019-11-08 18:00:00,174,133,41
2019-11-08 19:00:00,89,69,20
2019-11-08 20:00:00,32,24,8
2019-11-08 21:00:00,27,16,11
2019-11-08 22:00:00,27,19,8
2019-11-08 23:00:00,18,11,7
2019-11-09 00:00:00,16,6,10
2019-11-09 01:00:00,8,5,3
2019-11-09 02:00:00,3,3,0
2019-11-09 03:00:00,2,1,1
2019-11-09 04:00:00,3,3,0
2019-11-09 05:00:00,6,3,3
2019-11-09 06:00:00,8,1,7
2019-11-09 07:00:00,9,2,7
2019-11-09 08:00:00,28,10,18
2019-11-09 09:00:00,20,9,11
2019-11-09 10:00:00,12,4,8
2019-11-09 11:00:00,13,6,7
2019-11-09 12:00:00,31,10,21
2019-11-09 13:00:00,33,18,15
2019-11-09 14:00:00,35,17,18
2019-11-09 15:00:00,39,23,16
2019-11-09 16:00:00,29,16,13
2019-11-09 17:00:00,22,13,9
2019-11-09 18:00:00,14,10,4
2019-11-09 19:00:00,10,6,4
2019-11-09 20:00:00,6,5,1
2019-11-09 21:00:00,4,3,1
2019-11-09 22:00:00,4,3,1
2019-11-09 23:00:00,4,2,2
2019-11-10 00:00:00,3,2,1
2019-11-10 01:00:00,3,3,0
2019-11-10 02:00:00,2,2,0
2019-11-10 03:00:00,1,1,0
2019-11-10 04:00:00,0,0,0
2019-11-10 05:00:00,1,0,1
2019-11-10 06:00:00,6,1,5
2019-11-10 07:00:00,12,4,8
2019-11-10 08:00:00,29,10,19
2019-11-10 09:00:00,32,9,23
2019-11-10 10:00:00,61,22,39
2019-11-10 11:00:00,53,31,22
2019-11-10 12:00:00,65,36,29
2019-11-10 13:00:00,60,36,24
2019-11-10 14:00:00,67,37,30
2019-11-10 15:00:00,71,50,21
2019-11-10 16:00:00,86,39,47
2019-11-10 17:00:00,48,28,20
2019-11-10 18:00:00,19,11,8
2019-11-10 19:00:00,13,10,3
2019-11-10 20:00:00,16,10,6
2019-11-10 21:00:00,15,9,6
2019-11-10 22:00:00,6,2,4
2019-11-10 23:00:00,7,4,3
2019-11-11 00:00:00,3,2,1
2019-11-11 01:00:00,2,0,2
2019-11-11 02:00:00,1,1,0
2019-11-11 03:00:00,0,0,0
2019-11-11 04:00:00,6,5,1
2019-11-11 05:00:00,20,5,15
2019-11-11 06:00:00,56,12,44
2019-11-11 07:00:00,200,14,186
2019-11-11 08:00:00,371,35,336
2019-11-11 09:00:00,212,20,192
2019-11-11 10:00:00,87,22,65
2019-11-11 11:00:00,72,29,43
2019-11-11 12:00:00,71,25,46
2019-11-11 13:00:00,103,51,52
2019-11-11 14:00:00,72,39,33
2019-11-11 15:00:00,113,89,24
2019-11-11 16:00:00,304,274,30
2019-11-11 17:00:00,361,325,36
2019-11-11 18:00:00,196,171,25
2019-11-11 19:00:00,72,63,9
2019-11-11 20:00:00,35,24,11
2019-11-11 21:00:00,40,25,15
2019-11-11 22:00:00,13,9,4
2019-11-11 23:00:00,8,6,2
2019-11-12 00:00:00,2,2,0
2019-11-12 01:00:00,3,1,2
2019-11-12 02:00:00,2,2,0
2019-11-12 03:00:00,2,0,2
2019-11-12 04:00:00,4,3,1
2019-11-12 05:00:00,16,4,12
2019-11-12 06:00:00,65,8,57
2019-11-12 07:00:00,194,21,173
2019-11-12 08:00:00,333,18,315
2019-11-12 09:00:00,196,22,174
2019-11-12 10:00:00,73,14,59
2019-11-12 11:00:00,46,11,35
2019-11-12 12:00:00,47,18,29
2019-11-12 13:00:00,41,25,16
2019-11-12 14:00:00,50,29,21
2019-11-12 15:00:00,75,58,17
2019-11-12 16:00:00,230,202,28
2019-11-12 17:00:00,344,300,44
2019-11-12 18:00:00,220,189,31
2019-11-12 19:00:00,96,84,12
2019-11-12 20:00:00,60,47,13
2019-11-12 21:00:00,41,29,12
2019-11-12 22:00:00,14,8,6
2019-11-12 23:00:00,3,2,1
2019-11-13 00:00:00,6,5,1
2019-11-13 01:00:00,2,2,0
2019-11-13 02:00:00,1,0,1
2019-11-13 03:00:00,2,1,1
2019-11-13 04:00:00,5,3,2
2019-11-13 05:00:00,23,5,18
2019-11-13 06:00:00,88,14,74
2019-11-13 07:00:00,295,40,255
2019-11-13 08:00:00,440,40,400
2019-11-13 09:00:00,242,27,215
2019-11-13 10:00:00,96,17,79
2019-11-13 11:00:00,60,23,37
2019-11-13 12:00:00,69,30,39
2019-11-13 13:00:00,65,36,29
2019-11-13 14:00:00,71,47,24
2019-11-13 15:00:00,120,89,31
2019-11-13 16:00:00,297,252,45
2019-11-13 17:00:00,466,421,45
2019-11-13 18:00:00,273,242,31
2019-11-13 19:00:00,122,106,16
2019-11-13 20:00:00,53,35,18
2019-11-13 21:00:00,32,22,10
2019-11-13 22:00:00,27,22,5
2019-11-13 23:00:00,14,10,4
2019-11-14 00:00:00,7,7,0
2019-11-14 01:00:00,2,2,0
2019-11-14 02:00:00,1,1,0
2019-11-14 03:00:00,1,0,1
2019-11-14 04:00:00,3,0,3
2019-11-14 05:00:00,23,6,17
2019-11-14 06:00:00,85,11,74
2019-11-14 07:00:00,239,25,214
2019-11-14 08:00:00,427,39,388
2019-11-14 09:00:00,250,24,226
2019-11-14 10:00:00,83,19,64
2019-11-14 11:00:00,62,19,43
2019-11-14 12:00:00,50,18,32
2019-11-14 13:00:00,58,36,22
2019-11-14 14:00:00,58,36,22
2019-11-14 15:00:00,106,85,21
2019-11-14 16:00:00,280,253,27
2019-11-14 17:00:00,441,388,53
2019-11-14 18:00:00,232,203,29
2019-11-14 19:00:00,98,91,7
2019-11-14 20:00:00,58,48,10
2019-11-14 21:00:00,46,37,9
2019-11-14 22:00:00,26,16,10
2019-11-14 23:00:00,13,7,6
2019-11-15 00:00:00,10,8,2
2019-11-15 01:00:00,2,1,1
2019-11-15 02:00:00,1,1,0
2019-11-15 03:00:00,4,2,2
2019-11-15 04:00:00,4,2,2
2019-11-15 05:00:00,11,3,8
2019-11-15 06:00:00,52,10,42
2019-11-15 07:00:00,177,18,159
2019-11-15 08:00:00,334,32,302
2019-11-15 09:00:00,200,27,173
2019-11-15 10:00:00,73,11,62
2019-11-15 11:00:00,70,20,50
2019-11-15 12:00:00,50,28,22
2019-11-15 13:00:00,67,41,26
2019-11-15 14:00:00,58,41,17
2019-11-15 15:00:00,120,96,24
2019-11-15 16:00:00,237,201,36
2019-11-15 17:00:00,329,282,47
2019-11-15 18:00:00,149,129,20
2019-11-15 19:00:00,69,54,15
2019-11-15 20:00:00,38,25,13
2019-11-15 21:00:00,37,29,8
2019-11-15 22:00:00,18,13,5
2019-11-15 23:00:00,16,11,5
2019-11-16 00:00:00,19,10,9
2019-11-16 01:00:00,6,5,1
2019-11-16 02:00:00,4,2,2
2019-11-16 03:00:00,0,0,0
2019-11-16 04:00:00,1,1,0
2019-11-16 05:00:00,6,5,1
2019-11-16 06:00:00,6,4,2
2019-11-16 07:00:00,14,6,8
2019-11-16 08:00:00,28,8,20
2019-11-16 09:00:00,36,14,22
2019-11-16 10:00:00,34,17,17
2019-11-16 11:00:00,67,39,28
2019-11-16 12:00:00,73,40,33
2019-11-16 13:00:00,86,42,44
2019-11-16 14:00:00,56,30,26
2019-11-16 15:00:00,46,25,21
2019-11-16 16:00:00,44,27,17
2019-11-16 17:00:00,35,22,13
2019-11-16 18:00:00,21,12,9
2019-11-16 19:00:00,19,11,8
2019-11-16 20:00:00,12,10,2
2019-11-16 21:00:00,5,3,2
2019-11-16 22:00:00,8,4,4
2019-11-16 23:00:00,4,1,3
2019-11-17 00:00:00,5,3,2
2019-11-17 01:00:00,3,1,2
2019-11-17 02:00:00,0,0,0
2019-11-17 03:00:00,1,0,1
2019-11-17 04:00:00,2,1,1
2019-11-17 05:00:00,2,1,1
2019-11-17 06:00:00,3,2,1
2019-11-17 07:00:00,6,3,3
2019-11-17 08:00:00,19,13,6
2019-11-17 09:00:00,25,10,15
2019-11-17 10:00:00,28,13,15
2019-11-17 11:00:00,29,20,9
2019-11-17 12:00:00,55,32,23
2019-11-17 13:00:00,54,30,24
2019-11-17 14:00:00,41,19,22
2019-11-17 15:00:00,27,10,17
2019-11-17 16:00:00,35,20,15
2019-11-17 17:00:00,25,17,8
2019-11-17 18:00:00,11,8,3
2019-11-17 19:00:00,6,5,1
2019-11-17 20:00:00,2,0,2
2019-11-17 21:00:00,3,2,1
2019-11-17 22:00:00,3,3,0
2019-11-17 23:00:00,1,1,0
2019-11-18 00:00:00,0,0,0
2019-11-18 01:00:00,1,0,1
2019-11-18 02:00:00,0,0,0
2019-11-18 03:00:00,2,1,1
2019-11-18 04:00:00,6,3,3
2019-11-18 05:00:00,23,5,18
2019-11-18 06:00:00,63,16,47
2019-11-18 07:00:00,219,21,198
2019-11-18 08:00:00,419,35,384
2019-11-18 09:00:00,213,23,190
2019-11-18 10:00:00,77,13,64
2019-11-18 11:00:00,45,15,30
2019-11-18 12:00:00,43,15,28
2019-11-18 13:00:00,29,21,8
2019-11-18 14:00:00,18,12,6
2019-11-18 15:00:00,58,48,10
2019-11-18 16:00:00,206,186,20
2019-11-18 17:00:00,377,345,32
2019-11-18 18:00:00,181,164,17
2019-11-18 19:00:00,86,77,9
2019-11-18 20:00:00,41,34,7
2019-11-18 21:00:00,16,14,2
2019-11-18 22:00:00,18,15,3
2019-11-18 23:00:00,6,6,0
2019-11-19 00:00:00,3,1,2
2019-11-19 01:00:00,2,2,0
2019-11-19 02:00:00,1,0,1
2019-11-19 03:00:00,2,1,1
2019-11-19 04:00:00,7,4,3
2019-11-19 05:00:00,19,4,15
2019-11-19 06:00:00,81,12,69
2019-11-19 07:00:00,219,28,191
2019-11-19 08:00:00,349,22,327
2019-11-19 09:00:00,219,20,199
2019-11-19 10:00:00,76,10,66
2019-11-19 11:00:00,45,19,26
2019-11-19 12:00:00,35,17,18
2019-11-19 13:00:00,36,19,17
2019-11-19 14:00:00,49,31,18
2019-11-19 15:00:00,97,76,21
2019-11-19 16:00:00,251,231,20
2019-11-19 17:00:00,389,326,63
2019-11-19 18:00:00,259,225,34
2019-11-19 19:00:00,88,76,12
2019-11-19 20:00:00,67,52,15
2019-11-19 21:00:00,36,26,10
2019-11-19 22:00:00,8,6,2
2019-11-19 23:00:00,8,5,3
2019-11-20 00:00:00,4,2,2
2019-11-20 01:00:00,4,3,1
2019-11-20 02:00:00,0,0,0
2019-11-20 03:00:00,2,1,1
2019-11-20 04:00:00,8,4,4
2019-11-20 05:00:00,21,7,14
2019-11-20 06:00:00,86,16,70
2019-11-20 07:00:00,282,29,253
2019-11-20 08:00:00,465,44,421
2019-11-20 09:00:00,262,39,223
2019-11-20 10:00:00,122,27,95
2019-11-20 11:00:00,67,25,42
2019-11-20 12:00:00,72,27,45
2019-11-20 13:00:00,57,26,31
2019-11-20 14:00:00,75,56,19
2019-11-20 15:00:00,130,96,34
2019-11-20 16:00:00,298,252,46
2019-11-20 17:00:00,467,418,49
2019-11-20 18:00:00,266,228,38
2019-11-20 19:00:00,111,94,17
2019-11-20 20:00:00,72,56,16
2019-11-20 21:00:00,48,34,14
2019-11-20 22:00:00,15,13,2
2019-11-20 23:00:00,12,7,5
2019-11-21 00:00:00,6,5,1
2019-11-21 01:00:00,1,1,0
2019-11-21 02:00:00,2,2,0
2019-11-21 03:00:00,3,1,2
2019-11-21 04:00:00,4,1,3
2019-11-21 05:00:00,19,6,13
2019-11-21 06:00:00,78,12,66
2019-11-21 07:00:00,222,24,198
2019-11-21 08:00:00,418,29,389
2019-11-21 09:00:00,256,37,219
2019-11-21 10:00:00,98,12,86
2019-11-21 11:00:00,81,25,56
2019-11-21 12:00:00,65,28,37
2019-11-21 13:00:00,60,33,27
2019-11-21 14:00:00,75,43,32
2019-11-21 15:00:00,106,77,29
2019-11-21 16:00:00,282,242,40
2019-11-21 17:00:00,419,373,46
2019-11-21 18:00:00,230,203,27
2019-11-21 19:00:00,111,95,16
2019-11-21 20:00:00,44,35,9
2019-11-21 21:00:00,32,26,6
2019-11-21 22:00:00,28,19,9
2019-11-21 23:00:00,16,13,3
2019-11-22 00:00:00,7,4,3
2019-11-22 01:00:00,4,2,2
2019-11-22 02:00:00,1,1,0
2019-11-22 03:00:00,1,1,0
2019-11-22 04:00:00,6,2,4
2019-11-22 05:00:00,17,10,7
2019-11-22 06:00:00,54,8,46
2019-11-22 07:00:00,179,21,158
2019-11-22 08:00:00,350,29,321
2019-11-22 09:00:00,222,25,197
2019-11-22 10:00:00,91,17,74
2019-11-22 11:00:00,45,14,31
2019-11-22 12:00:00,53,32,21
2019-11-22 13:00:00,56,28,28
2019-11-22 14:00:00,77,57,20
2019-11-22 15:00:00,113,90,23
2019-11-22 16:00:00,256,223,33
2019-11-22 17:00:00,320,286,34
2019-11-22 18:00:00,155,140,15
2019-11-22 19:00:00,64,54,10
2019-11-22 20:00:00,46,38,8
2019-11-22 21:00:00,19,16,3
2019-11-22 22:00:00,13,9,4
2019-11-22 23:00:00,14,10,4
2019-11-23 00:00:00,5,3,2
2019-11-23 01:00:00,5,4,1
2019-11-23 02:00:00,7,4,3
2019-11-23 03:00:00,0,0,0
2019-11-23 04:00:00,5,3,2
2019-11-23 05:00:00,3,1,2
2019-11-23 06:00:00,7,2,5
2019-11-23 07:00:00,14,9,5
2019-11-23 08:00:00,33,8,25
2019-11-23 09:00:00,43,10,33
2019-11-23 10:00:00,47,22,25
2019-11-23 11:00:00,45,19,26
2019-11-23 12:00:00,67,29,38
2019-11-23 13:00:00,48,31,17
2019-11-23 14:00:00,60,27,33
2019-11-23 15:00:00,84,45,39
2019-11-23 16:00:00,57,37,20
2019-11-23 17:00:00,35,21,14
2019-11-23 18:00:00,19,12,7
2019-11-23 19:00:00,20,10,10
2019-11-23 20:00:00,4,2,2
2019-11-23 21:00:00,17,9,8
2019-11-23 22:00:00,5,2,3
2019-11-23 23:00:00,1,1,0
2019-11-24 00:00:00,5,3,2
2019-11-24 01:00:00,5,4,1
2019-11-24 02:00:00,2,1,1
2019-11-24 03:00:00,0,0,0
2019-11-24 04:00:00,1,1,0
2019-11-24 05:00:00,4,3,1
2019-11-24 06:00:00,5,3,2
2019-11-24 07:00:00,6,4,2
2019-11-24 08:00:00,24,12,12
2019-11-24 09:00:00,35,18,17
2019-11-24 10:00:00,31,17,14
2019-11-24 11:00:00,55,24,31
2019-11-24 12:00:00,73,51,22
2019-11-24 13:00:00,79,49,30
2019-11-24 14:00:00,79,43,36
2019-11-24 15:00:00,84,49,35
2019-11-24 16:00:00,58,29,29
2019-11-24 17:00:00,28,10,18
2019-11-24 18:00:00,20,8,12
2019-11-24 19:00:00,29,13,16
2019-11-24 20:00:00,13,10,3
2019-11-24 21:00:00,6,4,2
2019-11-24 22:00:00,8,6,2
2019-11-24 23:00:00,4,4,0
2019-11-25 00:00:00,3,1,2
2019-11-25 01:00:00,0,0,0
2019-11-25 02:00:00,2,1,1
2019-11-25 03:00:00,3,1,2
2019-11-25 04:00:00,4,2,2
2019-11-25 05:00:00,13,4,9
2019-11-25 06:00:00,66,13,53
2019-11-25 07:00:00,191,19,172
2019-11-25 08:00:00,359,24,335
2019-11-25 09:00:00,221,22,199
2019-11-25 10:00:00,96,16,80
2019-11-25 11:00:00,31,12,19
2019-11-25 12:00:00,28,10,18
2019-11-25 13:00:00,23,10,13
2019-11-25 14:00:00,39,30,9
2019-11-25 15:00:00,74,55,19
2019-11-25 16:00:00,221,197,24
2019-11-25 17:00:00,369,343,26
2019-11-25 18:00:00,182,166,16
2019-11-25 19:00:00,80,69,11
2019-11-25 20:00:00,38,31,7
2019-11-25 21:00:00,15,14,1
2019-11-25 22:00:00,12,11,1
2019-11-25 23:00:00,4,2,2
2019-11-26 00:00:00,2,2,0
2019-11-26 01:00:00,0,0,0
2019-11-26 02:00:00,0,0,0
2019-11-26 03:00:00,2,1,1
2019-11-26 04:00:00,0,0,0
2019-11-26 05:00:00,16,4,12
2019-11-26 06:00:00,62,14,48
2019-11-26 07:00:00,194,21,173
2019-11-26 08:00:00,350,25,325
2019-11-26 09:00:00,202,23,179
2019-11-26 10:00:00,76,13,63
2019-11-26 11:00:00,49,20,29
2019-11-26 12:00:00,52,22,30
2019-11-26 13:00:00,52,29,23
2019-11-26 14:00:00,58,39,19
2019-11-26 15:00:00,94,70,24
2019-11-26 16:00:00,234,196,38
2019-11-26 17:00:00,349,317,32
2019-11-26 18:00:00,196,172,24
2019-11-26 19:00:00,81,72,9
2019-11-26 20:00:00,35,27,8
2019-11-26 21:00:00,28,22,6
2019-11-26 22:00:00,17,14,3
2019-11-26 23:00:00,7,5,2
2019-11-27 00:00:00,4,2,2
2019-11-27 01:00:00,1,1,0
2019-11-27 02:00:00,0,0,0
2019-11-27 03:00:00,1,0,1
2019-11-27 04:00:00,5,2,3
2019-11-27 05:00:00,18,7,11
2019-11-27 06:00:00,46,11,35
2019-11-27 07:00:00,155,16,139
2019-11-27 08:00:00,231,23,208
2019-11-27 09:00:00,153,17,136
2019-11-27 10:00:00,67,16,51
2019-11-27 11:00:00,51,23,28
2019-11-27 12:00:00,54,27,27
2019-11-27 13:00:00,70,52,18
2019-11-27 14:00:00,89,71,18
2019-11-27 15:00:00,134,108,26
2019-11-27 16:00:00,191,164,27
2019-11-27 17:00:00,176,153,23
2019-11-27 18:00:00,81,70,11
2019-11-27 19:00:00,41,32,9
2019-11-27 20:00:00,19,12,7
2019-11-27 21:00:00,13,8,5
2019-11-27 22:00:00,11,10,1
2019-11-27 23:00:00,9,8,1
2019-11-28 00:00:00,7,4,3
2019-11-28 01:00:00,1,0,1
2019-11-28 02:00:00,1,1,0
2019-11-28 03:00:00,0,0,0
2019-11-28 04:00:00,2,2,0
2019-11-28 05:00:00,2,2,0
2019-11-28 06:00:00,2,0,2
2019-11-28 07:00:00,10,2,8
2019-11-28 08:00:00,17,11,6
2019-11-28 09:00:00,16,8,8
2019-11-28 10:00:00,19,7,12
2019-11-28 11:00:00,27,11,16
2019-11-28 12:00:00,32,15,17
2019-11-28 13:00:00,58,35,23
2019-11-28 14:00:00,26,17,9
2019-11-28 15:00:00,20,10,10
2019-11-28 16:00:00,10,2,8
2019-11-28 17:00:00,9,6,3
2019-11-28 18:00:00,13,7,6
2019-11-28 19:00:00,1,1,0
2019-11-28 20:00:00,18,16,2
2019-11-28 21:00:00,3,1,2
2019-11-28 22:00:00,7,6,1
2019-11-28 23:00:00,4,2,2
2019-11-29 00:00:00,4,4,0
2019-11-29 01:00:00,3,0,3
2019-11-29 02:00:00,1,1,0
2019-11-29 03:00:00,0,0,0
2019-11-29 04:00:00,0,0,0
2019-11-29 05:00:00,7,3,4
2019-11-29 06:00:00,5,1,4
2019-11-29 07:00:00,27,5,22
2019-11-29 08:00:00,26,5,21
2019-11-29 09:00:00,34,10,24
2019-11-29 10:00:00,39,16,23
2019-11-29 11:00:00,37,15,22
2019-11-29 12:00:00,48,28,20
2019-11-29 13:00:00,47,23,24
2019-11-29 14:00:00,34,25,9
2019-11-29 15:00:00,58,35,23
2019-11-29 16:00:00,37,23,14
2019-11-29 17:00:00,42,29,13
2019-11-29 18:00:00,28,13,15
2019-11-29 19:00:00,22,14,8
2019-11-29 20:00:00,5,5,0
2019-11-29 21:00:00,4,2,2
2019-11-29 22:00:00,7,5,2
2019-11-29 23:00:00,9,4,5
2019-11-30 00:00:00,6,5,1
2019-11-30 01:00:00,1,1,0
2019-11-30 02:00:00,1,1,0
2019-11-30 03:00:00,1,1,0
2019-11-30 04:00:00,0,0,0
2019-11-30 05:00:00,3,2,1
2019-11-30 06:00:00,5,3,2
2019-11-30 07:00:00,3,0,3
2019-11-30 08:00:00,10,3,7
2019-11-30 09:00:00,20,8,12
2019-11-30 10:00:00,17,8,9
2019-11-30 11:00:00,29,15,14
2019-11-30 12:00:00,50,29,21
2019-11-30 13:00:00,52,25,27
2019-11-30 14:00:00,71,33,38
2019-11-30 15:00:00,61,38,23
2019-11-30 16:00:00,38,20,18
2019-11-30 17:00:00,31,16,15
2019-11-30 18:00:00,19,9,10
2019-11-30 19:00:00,6,5,1
2019-11-30 20:00:00,8,3,5
2019-11-30 21:00:00,6,5,1
2019-11-30 22:00:00,7,4,3
2019-11-30 23:00:00,6,4,2
2019-12-01 00:00:00,0,0,0
2019-12-01 01:00:00,3,3,0
2019-12-01 02:00:00,2,1,1
2019-12-01 03:00:00,2,2,0
2019-12-01 04:00:00,0,0,0
2019-12-01 05:00:00,3,1,2
2019-12-01 06:00:00,10,2,8
2019-12-01 07:00:00,14,12,2
2019-12-01 08:00:00,23,7,16
2019-12-01 09:00:00,37,16,21
2019-12-01 10:00:00,35,11,24
2019-12-01 11:00:00,38,17,21
2019-12-01 12:00:00,38,22,16
2019-12-01 13:00:00,28,19,9
2019-12-01 14:00:00,38,12,26
2019-12-01 15:00:00,22,16,6
2019-12-01 16:00:00,23,11,12
2019-12-01 17:00:00,28,15,13
2019-12-01 18:00:00,7,3,4
2019-12-01 19:00:00,9,5,4
2019-12-01 20:00:00,19,11,8
2019-12-01 21:00:00,9,5,4
2019-12-01 22:00:00,2,2,0
2019-12-01 23:00:00,2,2,0
2019-12-02 00:00:00,2,1,1
2019-12-02 01:00:00,0,0,0
2019-12-02 02:00:00,0,0,0
2019-12-02 03:00:00,2,1,1
2019-12-02 04:00:00,4,3,1
2019-12-02 05:00:00,22,5,17
2019-12-02 06:00:00,63,15,48
2019-12-02 07:00:00,207,14,193
2019-12-02 08:00:00,419,40,379
2019-12-02 09:00:00,234,29,205
2019-12-02 10:00:00,92,20,72
2019-12-02 11:00:00,51,19,32
2019-12-02 12:00:00,45,15,30
2019-12-02 13:00:00,51,25,26
2019-12-02 14:00:00,51,26,25
2019-12-02 15:00:00,87,61,26
2019-12-02 16:00:00,279,248,31
2019-12-02 17:00:00,410,387,23
2019-12-02 18:00:00,205,185,20
2019-12-02 19:00:00,79,62,17
2019-12-02 20:00:00,34,20,14
2019-12-02 21:00:00,31,26,5
2019-12-02 22:00:00,16,10,6
2019-12-02 23:00:00,5,2,3
2019-12-03 00:00:00,5,5,0
2019-12-03 01:00:00,0,0,0
2019-12-03 02:00:00,1,1,0
2019-12-03 03:00:00,3,2,1
2019-12-03 04:00:00,2,0,2
2019-12-03 05:00:00,21,6,15
2019-12-03 06:00:00,72,11,61
2019-12-03 07:00:00,248,24,224
2019-12-03 08:00:00,428,25,403
2019-12-03 09:00:00,246,32,214
2019-12-03 10:00:00,97,18,79
2019-12-03 11:00:00,56,22,34
2019-12-03 12:00:00,51,29,22
2019-12-03 13:00:00,49,27,22
2019-12-03 14:00:00,52,41,11
2019-12-03 15:00:00,99,81,18
2019-12-03 16:00:00,282,246,36
2019-12-03 17:00:00,433,384,49
2019-12-03 18:00:00,231,205,26
2019-12-03 19:00:00,83,76,7
2019-12-03 20:00:00,60,47,13
2019-12-03 21:00:00,31,21,10
2019-12-03 22:00:00,17,13,4
2019-12-03 23:00:00,5,1,4
2019-12-04 00:00:00,6,5,1
2019-12-04 01:00:00,3,1,2
2019-12-04 02:00:00,1,1,0
2019-12-04 03:00:00,0,0,0
2019-12-04 04:00:00,7,4,3
2019-12-04 05:00:00,19,3,16
2019-12-04 06:00:00,66,15,51
2019-12-04 07:00:00,214,18,196
2019-12-04 08:00:00,359,32,327
2019-12-04 09:00:00,213,23,190
2019-12-04 10:00:00,82,14,68
2019-12-04 11:00:00,58,21,37
2019-12-04 12:00:00,37,14,23
2019-12-04 13:00:00,34,17,17
2019-12-04 14:00:00,36,24,12
2019-12-04 15:00:00,81,65,16
2019-12-04 16:00:00,232,202,30
2019-12-04 17:00:00,371,333,38
2019-12-04 18:00:00,207,188,19
2019-12-04 19:00:00,75,65,10
2019-12-04 20:00:00,38,30,8
2019-12-04 21:00:00,27,18,9
2019-12-04 22:00:00,17,16,1
2019-12-04 23:00:00,8,6,2
2019-12-05 00:00:00,11,10,1
2019-12-05 01:00:00,3,3,0
2019-12-05 02:00:00,0,0,0
2019-12-05 03:00:00,2,1,1
2019-12-05 04:00:00,3,2,1
2019-12-05 05:00:00,21,7,14
2019-12-05 06:00:00,62,14,48
2019-12-05 07:00:00,218,26,192
2019-12-05 08:00:00,393,31,362
2019-12-05 09:00:00,236,28,208
2019-12-05 10:00:00,83,16,67
2019-12-05 11:00:00,54,17,37
2019-12-05 12:00:00,52,19,33
2019-12-05 13:00:00,63,27,36
2019-12-05 14:00:00,62,41,21
2019-12-05 15:00:00,100,67,33
2019-12-05 16:00:00,243,209,34
2019-12-05 17:00:00,391,339,52
2019-12-05 18:00:00,235,198,37
2019-12-05 19:00:00,84,71,13
2019-12-05 20:00:00,51,44,7
2019-12-05 21:00:00,25,21,4
2019-12-05 22:00:00,33,29,4
2019-12-05 23:00:00,17,12,5
2019-12-06 00:00:00,11,9,2
2019-12-06 01:00:00,3,2,1
2019-12-06 02:00:00,2,2,0
2019-12-06 03:00:00,2,1,1
2019-12-06 04:00:00,7,6,1
2019-12-06 05:00:00,15,4,11
2019-12-06 06:00:00,56,10,46
2019-12-06 07:00:00,192,27,165
2019-12-06 08:00:00,344,34,310
2019-12-06 09:00:00,200,14,186
2019-12-06 10:00:00,93,24,69
2019-12-06 11:00:00,69,25,44
2019-12-06 12:00:00,54,31,23
2019-12-06 13:00:00,59,36,23
2019-12-06 14:00:00,79,53,26
2019-12-06 15:00:00,131,100,31
2019-12-06 16:00:00,260,229,31
2019-12-06 17:00:00,312,278,34
2019-12-06 18:00:00,155,126,29
2019-12-06 19:00:00,56,44,12
2019-12-06 20:00:00,25,18,7
2019-12-06 21:00:00,25,17,8
2019-12-06 22:00:00,13,8,5
2019-12-06 23:00:00,7,4,3
2019-12-07 00:00:00,6,3,3
2019-12-07 01:00:00,7,5,2
2019-12-07 02:00:00,8,8,0
2019-12-07 03:00:00,1,1,0
2019-12-07 04:00:00,1,1,0
2019-12-07 05:00:00,4,2,2
2019-12-07 06:00:00,4,1,3
2019-12-07 07:00:00,7,2,5
2019-12-07 08:00:00,16,4,12
2019-12-07 09:00:00,31,5,26
2019-12-07 10:00:00,23,10,13
2019-12-07 11:00:00,22,2,20
2019-12-07 12:00:00,31,17,14
2019-12-07 13:00:00,23,16,7
2019-12-07 14:00:00,22,15,7
2019-12-07 15:00:00,28,17,11
2019-12-07 16:00:00,27,11,16
2019-12-07 17:00:00,24,11,13
2019-12-07 18:00:00,17,9,8
2019-12-07 19:00:00,19,9,10
2019-12-07 20:00:00,17,13,4
2019-12-07 21:00:00,8,5,3
2019-12-07 22:00:00,6,3,3
2019-12-07 23:00:00,12,8,4
2019-12-08 00:00:00,7,5,2
2019-12-08 01:00:00,3,3,0
2019-12-08 02:00:00,3,3,0
2019-12-08 03:00:00,1,0,1
2019-12-08 04:00:00,2,2,0
2019-12-08 05:00:00,2,1,1
2019-12-08 06:00:00,2,0,2
2019-12-08 07:00:00,16,6,10
2019-12-08 08:00:00,9,8,1
2019-12-08 09:00:00,42,14,28
2019-12-08 10:00:00,46,24,22
2019-12-08 11:00:00,55,35,20
2019-12-08 12:00:00,53,32,21
2019-12-08 13:00:00,57,27,30
2019-12-08 14:00:00,57,30,27
2019-12-08 15:00:00,73,36,37
2019-12-08 16:00:00,56,28,28
2019-12-08 17:00:00,25,9,16
2019-12-08 18:00:00,13,3,10
2019-12-08 19:00:00,12,7,5
2019-12-08 20:00:00,11,7,4
2019-12-08 21:00:00,9,4,5
2019-12-08 22:00:00,4,3,1
2019-12-08 23:00:00,4,4,0
2019-12-09 00:00:00,3,3,0
2019-12-09 01:00:00,1,1,0
2019-12-09 02:00:00,1,1,0
2019-12-09 03:00:00,1,1,0
2019-12-09 04:00:00,6,3,3
2019-12-09 05:00:00,22,4,18
2019-12-09 06:00:00,71,11,60
2019-12-09 07:00:00,204,22,182
2019-12-09 08:00:00,443,37,406
2019-12-09 09:00:00,256,27,229
2019-12-09 10:00:00,102,11,91
2019-12-09 11:00:00,47,14,33
2019-12-09 12:00:00,46,21,25
2019-12-09 13:00:00,48,29,19
2019-12-09 14:00:00,51,30,21
2019-12-09 15:00:00,84,70,14
2019-12-09 16:00:00,260,229,31
2019-12-09 17:00:00,438,396,42
2019-12-09 18:00:00,246,216,30
2019-12-09 19:00:00,115,95,20
2019-12-09 20:00:00,50,43,7
2019-12-09 21:00:00,36,22,14
2019-12-09 22:00:00,16,11,5
2019-12-09 23:00:00,4,3,1
2019-12-10 00:00:00,1,0,1
2019-12-10 01:00:00,3,1,2
2019-12-10 02:00:00,0,0,0
2019-12-10 03:00:00,1,1,0
2019-12-10 04:00:00,7,3,4
2019-12-10 05:00:00,23,4,19
2019-12-10 06:00:00,62,11,51
2019-12-10 07:00:00,206,22,184
2019-12-10 08:00:00,371,36,335
2019-12-10 09:00:00,221,22,199
2019-12-10 10:00:00,94,14,80
2019-12-10 11:00:00,39,10,29
2019-12-10 12:00:00,37,18,19
2019-12-10 13:00:00,27,15,12
2019-12-10 14:00:00,44,34,10
2019-12-10 15:00:00,76,62,14
2019-12-10 16:00:00,205,187,18
2019-12-10 17:00:00,355,329,26
2019-12-10 18:00:00,198,172,26
2019-12-10 19:00:00,82,67,15
2019-12-10 20:00:00,36,32,4
2019-12-10 21:00:00,30,24,6
2019-12-10 22:00:00,20,13,7
2019-12-10 23:00:00,4,3,1
2019-12-11 00:00:00,9,8,1
2019-12-11 01:00:00,2,1,1
2019-12-11 02:00:00,0,0,0
2019-12-11 03:00:00,2,2,0
2019-12-11 04:00:00,3,2,1
2019-12-11 05:00:00,19,4,15
2019-12-11 06:00:00,73,12,61
2019-12-11 07:00:00,204,20,184
2019-12-11 08:00:00,314,21,293
2019-12-11 09:00:00,196,24,172
2019-12-11 10:00:00,83,13,70
2019-12-11 11:00:00,34,9,25
2019-12-11 12:00:00,27,15,12
2019-12-11 13:00:00,19,8,11
2019-12-11 14:00:00,36,25,11
2019-12-11 15:00:00,84,70,14
2019-12-11 16:00:00,207,187,20
2019-12-11 17:00:00,302,275,27
2019-12-11 18:00:00,184,164,20
2019-12-11 19:00:00,82,73,9
2019-12-11 20:00:00,35,26,9
2019-12-11 21:00:00,17,15,2
2019-12-11 22:00:00,12,11,1
2019-12-11 23:00:00,7,6,1
2019-12-12 00:00:00,3,2,1
2019-12-12 01:00:00,0,0,0
2019-12-12 02:00:00,1,1,0
2019-12-12 03:00:00,2,1,1
2019-12-12 04:00:00,4,1,3
2019-12-12 05:00:00,18,3,15
2019-12-12 06:00:00,54,7,47
2019-12-12 07:00:00,155,21,134
2019-12-12 08:00:00,291,21,270
2019-12-12 09:00:00,178,17,161
2019-12-12 10:00:00,68,15,53
2019-12-12 11:00:00,33,12,21
2019-12-12 12:00:00,41,16,25
2019-12-12 13:00:00,40,23,17
2019-12-12 14:00:00,41,27,14
2019-12-12 15:00:00,77,64,13
2019-12-12 16:00:00,173,152,21
2019-12-12 17:00:00,276,249,27
2019-12-12 18:00:00,178,156,22
2019-12-12 19:00:00,79,65,14
2019-12-12 20:00:00,26,24,2
2019-12-12 21:00:00,25,17,8
2019-12-12 22:00:00,18,17,1
2019-12-12 23:00:00,6,4,2
2019-12-13 00:00:00,7,5,2
2019-12-13 01:00:00,2,2,0
2019-12-13 02:00:00,1,0,1
2019-12-13 03:00:00,5,4,1
2019-12-13 04:00:00,3,2,1
2019-12-13 05:00:00,18,8,10
2019-12-13 06:00:00,46,8,38
2019-12-13 07:00:00,154,16,138
2019-12-13 08:00:00,311,30,281
2019-12-13 09:00:00,179,22,157
2019-12-13 10:00:00,79,18,61
2019-12-13 11:00:00,50,17,33
2019-12-13 12:00:00,46,19,27
2019-12-13 13:00:00,52,32,20
2019-12-13 14:00:00,61,41,20
2019-12-13 15:00:00,123,90,33
2019-12-13 16:00:00,210,184,26
2019-12-13 17:00:00,282,249,33
2019-12-13 18:00:00,156,138,18
2019-12-13 19:00:00,61,48,13
2019-12-13 20:00:00,36,31,5
2019-12-13 21:00:00,28,18,10
2019-12-13 22:00:00,16,10,6
2019-12-13 23:00:00,14,9,5
2019-12-14 00:00:00,10,8,2
2019-12-14 01:00:00,9,4,5
2019-12-14 02:00:00,4,4,0
2019-12-14 03:00:00,2,2,0
2019-12-14 04:00:00,1,0,1
2019-12-14 05:00:00,3,3,0
2019-12-14 06:00:00,6,2,4
2019-12-14 07:00:00,7,4,3
2019-12-14 08:00:00,16,6,10
2019-12-14 09:00:00,26,13,13
2019-12-14 10:00:00,23,8,15
2019-12-14 11:00:00,36,16,20
2019-12-14 12:00:00,68,30,38
2019-12-14 13:00:00,34,18,16
2019-12-14 14:00:00,33,20,13
2019-12-14 15:00:00,34,19,15
2019-12-14 16:00:00,36,13,23
2019-12-14 17:00:00,25,12,13
2019-12-14 18:00:00,11,4,7
2019-12-14 19:00:00,9,5,4
2019-12-14 20:00:00,10,2,8
2019-12-14 21:00:00,8,7,1
2019-12-14 22:00:00,5,2,3
2019-12-14 23:00:00,5,4,1
2019-12-15 00:00:00,4,1,3
2019-12-15 01:00:00,1,1,0
2019-12-15 02:00:00,5,2,3
2019-12-15 03:00:00,0,0,0
2019-12-15 04:00:00,1,0,1
2019-12-15 05:00:00,1,1,0
2019-12-15 06:00:00,7,3,4
2019-12-15 07:00:00,11,7,4
2019-12-15 08:00:00,8,4,4
2019-12-15 09:00:00,27,10,17
2019-12-15 10:00:00,22,4,18
2019-12-15 11:00:00,33,20,13
2019-12-15 12:00:00,26,13,13
2019-12-15 13:00:00,20,12,8
2019-12-15 14:00:00,35,19,16
2019-12-15 15:00:00,31,18,13
2019-12-15 16:00:00,31,18,13
2019-12-15 17:00:00,28,17,11
2019-12-15 18:00:00,11,4,7
2019-12-15 19:00:00,10,7,3
2019-12-15 20:00:00,17,13,4
2019-12-15 21:00:00,8,2,6
2019-12-15 22:00:00,2,2,0
2019-12-15 23:00:00,6,5,1
2019-12-16 00:00:00,7,5,2
2019-12-16 01:00:00,1,0,1
2019-12-16 02:00:00,0,0,0
2019-12-16 03:00:00,2,1,1
2019-12-16 04:00:00,5,4,1
2019-12-16 05:00:00,15,1,14
2019-12-16 06:00:00,67,9,58
2019-12-16 07:00:00,193,15,178
2019-12-16 08:00:00,378,40,338
2019-12-16 09:00:00,224,19,205
2019-12-16 10:00:00,84,10,74
2019-12-16 11:00:00,56,16,40
2019-12-16 12:00:00,50,27,23
2019-12-16 13:00:00,43,20,23
2019-12-16 14:00:00,54,32,22
2019-12-16 15:00:00,91,74,17
2019-12-16 16:00:00,236,203,33
2019-12-16 17:00:00,389,355,34
2019-12-16 18:00:00,213,187,26
2019-12-16 19:00:00,100,86,14
2019-12-16 20:00:00,41,33,8
2019-12-16 21:00:00,19,16,3
2019-12-16 22:00:00,15,10,5
2019-12-16 23:00:00,5,5,0
2019-12-17 00:00:00,6,2,4
2019-12-17 01:00:00,1,0,1
2019-12-17 02:00:00,0,0,0
2019-12-17 03:00:00,3,1,2
2019-12-17 04:00:00,1,0,1
2019-12-17 05:00:00,20,6,14
2019-12-17 06:00:00,55,15,40
2019-12-17 07:00:00,248,30,218
2019-12-17 08:00:00,370,34,336
2019-12-17 09:00:00,214,15,199
2019-12-17 10:00:00,95,16,79
2019-12-17 11:00:00,54,19,35
2019-12-17 12:00:00,59,20,39
2019-12-17 13:00:00,38,26,12
2019-12-17 14:00:00,67,45,22
2019-12-17 15:00:00,99,77,22
2019-12-17 16:00:00,263,218,45
2019-12-17 17:00:00,368,330,38
2019-12-17 18:00:00,218,192,26
2019-12-17 19:00:00,88,75,13
2019-12-17 20:00:00,60,45,15
2019-12-17 21:00:00,35,29,6
2019-12-17 22:00:00,15,10,5
2019-12-17 23:00:00,11,7,4
2019-12-18 00:00:00,6,4,2
2019-12-18 01:00:00,6,4,2
2019-12-18 02:00:00,2,2,0
2019-12-18 03:00:00,3,2,1
2019-12-18 04:00:00,5,2,3
2019-12-18 05:00:00,22,5,17
2019-12-18 06:00:00,56,14,42
2019-12-18 07:00:00,182,17,165
2019-12-18 08:00:00,347,26,321
2019-12-18 09:00:00,191,21,170
2019-12-18 10:00:00,76,12,64
2019-12-18 11:00:00,46,14,32
2019-12-18 12:00:00,46,18,28
2019-12-18 13:00:00,38,17,21
2019-12-18 14:00:00,58,39,19
2019-12-18 15:00:00,95,74,21
2019-12-18 16:00:00,242,210,32
2019-12-18 17:00:00,328,301,27
2019-12-18 18:00:00,164,142,22
2019-12-18 19:00:00,59,51,8
2019-12-18 20:00:00,30,26,4
2019-12-18 21:00:00,23,20,3
2019-12-18 22:00:00,10,8,2
2019-12-18 23:00:00,6,5,1
2019-12-19 00:00:00,5,4,1
2019-12-19 01:00:00,1,0,1
2019-12-19 02:00:00,0,0,0
2019-12-19 03:00:00,2,1,1
2019-12-19 04:00:00,1,0,1
2019-12-19 05:00:00,14,4,10
2019-12-19 06:00:00,32,7,25
2019-12-19 07:00:00,144,15,129
2019-12-19 08:00:00,270,20,250
2019-12-19 09:00:00,166,20,146
2019-12-19 10:00:00,68,12,56
2019-12-19 11:00:00,34,12,22
2019-12-19 12:00:00,31,16,15
2019-12-19 13:00:00,23,13,10
2019-12-19 14:00:00,39,32,7
2019-12-19 15:00:00,39,35,4
2019-12-19 16:00:00,169,153,16
2019-12-19 17:00:00,230,216,14
2019-12-19 18:00:00,108,97,11
2019-12-19 19:00:00,44,37,7
2019-12-19 20:00:00,18,16,2
2019-12-19 21:00:00,7,6,1
2019-12-19 22:00:00,13,11,2
2019-12-19 23:00:00,3,3,0
2019-12-20 00:00:00,7,5,2
2019-12-20 01:00:00,0,0,0
2019-12-20 02:00:00,0,0,0
2019-12-20 03:00:00,1,0,1
2019-12-20 04:00:00,2,0,2
2019-12-20 05:00:00,7,3,4
2019-12-20 06:00:00,24,3,21
2019-12-20 07:00:00,80,6,74
2019-12-20 08:00:00,145,14,131
2019-12-20 09:00:00,74,7,67
2019-12-20 10:00:00,22,2,20
2019-12-20 11:00:00,11,4,7
2019-12-20 12:00:00,9,6,3
2019-12-20 13:00:00,12,10,2
2019-12-20 14:00:00,25,15,10
2019-12-20 15:00:00,52,44,8
2019-12-20 16:00:00,107,97,10
2019-12-20 17:00:00,113,105,8
2019-12-20 18:00:00,48,45,3
2019-12-20 19:00:00,11,10,1
2019-12-20 20:00:00,8,7,1
2019-12-20 21:00:00,3,2,1
2019-12-20 22:00:00,4,4,0
2019-12-20 23:00:00,3,3,0
2019-12-21 00:00:00,2,2,0
2019-12-21 01:00:00,1,1,0
2019-12-21 02:00:00,0,0,0
2019-12-21 03:00:00,0,0,0
2019-12-21 04:00:00,0,0,0
2019-12-21 05:00:00,3,2,1
2019-12-21 06:00:00,2,0,2
2019-12-21 07:00:00,5,2,3
2019-12-21 08:00:00,5,1,4
2019-12-21 09:00:00,7,2,5
2019-12-21 10:00:00,5,0,5
2019-12-21 11:00:00,4,2,2
2019-12-21 12:00:00,10,5,5
2019-12-21 13:00:00,6,2,4
2019-12-21 14:00:00,10,3,7
2019-12-21 15:00:00,12,8,4
2019-12-21 16:00:00,23,12,11
2019-12-21 17:00:00,15,10,5
2019-12-21 18:00:00,6,5,1
2019-12-21 19:00:00,13,11,2
2019-12-21 20:00:00,4,2,2
2019-12-21 21:00:00,4,2,2
2019-12-21 22:00:00,6,5,1
2019-12-21 23:00:00,8,6,2
2019-12-22 00:00:00,1,1,0
2019-12-22 01:00:00,3,1,2
2019-12-22 02:00:00,0,0,0
2019-12-22 03:00:00,2,1,1
2019-12-22 04:00:00,0,0,0
2019-12-22 05:00:00,2,1,1
2019-12-22 06:00:00,1,0,1
2019-12-22 07:00:00,9,5,4
2019-12-22 08:00:00,12,6,6
2019-12-22 09:00:00,16,7,9
2019-12-22 10:00:00,21,12,9
2019-12-22 11:00:00,33,14,19
2019-12-22 12:00:00,47,18,29
2019-12-22 13:00:00,39,19,20
2019-12-22 14:00:00,44,16,28
2019-12-22 15:00:00,33,23,10
2019-12-22 16:00:00,23,12,11
2019-12-22 17:00:00,10,5,5
2019-12-22 18:00:00,10,7,3
2019-12-22 19:00:00,7,6,1
2019-12-22 20:00:00,8,7,1
2019-12-22 21:00:00,3,1,2
2019-12-22 22:00:00,6,3,3
2019-12-22 23:00:00,3,2,1
2019-12-23 00:00:00,2,1,1
2019-12-23 01:00:00,1,1,0
2019-12-23 02:00:00,0,0,0
2019-12-23 03:00:00,2,1,1
2019-12-23 04:00:00,0,0,0
2019-12-23 05:00:00,11,3,8
2019-12-23 06:00:00,17,3,14
2019-12-23 07:00:00,65,5,60
2019-12-23 08:00:00,113,14,99
2019-12-23 09:00:00,87,6,81
2019-12-23 10:00:00,55,9,46
2019-12-23 11:00:00,33,13,20
2019-12-23 12:00:00,35,24,11
2019-12-23 13:00:00,39,28,11
2019-12-23 14:00:00,39,26,13
2019-12-23 15:00:00,72,59,13
2019-12-23 16:00:00,103,91,12
2019-12-23 17:00:00,116,105,11
2019-12-23 18:00:00,67,52,15
2019-12-23 19:00:00,40,32,8
2019-12-23 20:00:00,21,16,5
2019-12-23 21:00:00,9,4,5
2019-12-23 22:00:00,12,9,3
2019-12-23 23:00:00,4,2,2
2019-12-24 00:00:00,3,2,1
2019-12-24 01:00:00,1,1,0
2019-12-24 02:00:00,0,0,0
2019-12-24 03:00:00,0,0,0
2019-12-24 04:00:00,1,1,0
2019-12-24 05:00:00,12,3,9
2019-12-24 06:00:00,17,3,14
2019-12-24 07:00:00,32,3,29
2019-12-24 08:00:00,60,7,53
2019-12-24 09:00:00,41,8,33
2019-12-24 10:00:00,29,13,16
2019-12-24 11:00:00,35,25,10
2019-12-24 12:00:00,47,32,15
2019-12-24 13:00:00,42,28,14
2019-12-24 14:00:00,47,32,15
2019-12-24 15:00:00,51,38,13
2019-12-24 16:00:00,30,20,10
2019-12-24 17:00:00,19,15,4
2019-12-24 18:00:00,14,9,5
2019-12-24 19:00:00,12,9,3
2019-12-24 20:00:00,1,1,0
2019-12-24 21:00:00,0,0,0
2019-12-24 22:00:00,5,3,2
2019-12-24 23:00:00,2,2,0
2019-12-25 00:00:00,0,0,0
2019-12-25 01:00:00,2,0,2
2019-12-25 02:00:00,1,1,0
2019-12-25 03:00:00,0,0,0
2019-12-25 04:00:00,2,2,0
2019-12-25 05:00:00,3,1,2
2019-12-25 06:00:00,2,0,2
2019-12-25 07:00:00,5,3,2
2019-12-25 08:00:00,8,7,1
2019-12-25 09:00:00,13,5,8
2019-12-25 10:00:00,11,6,5
2019-12-25 11:00:00,14,10,4
2019-12-25 12:00:00,22,8,14
2019-12-25 13:00:00,35,26,9
2019-12-25 14:00:00,38,21,17
2019-12-25 15:00:00,25,16,9
2019-12-25 16:00:00,22,10,12
2019-12-25 17:00:00,7,3,4
2019-12-25 18:00:00,2,1,1
2019-12-25 19:00:00,4,2,2
2019-12-25 20:00:00,4,2,2
2019-12-25 21:00:00,2,1,1
2019-12-25 22:00:00,2,2,0
2019-12-25 23:00:00,2,1,1
2019-12-26 00:00:00,0,0,0
2019-12-26 01:00:00,0,0,0
2019-12-26 02:00:00,0,0,0
2019-12-26 03:00:00,2,1,1
2019-12-26 04:00:00,1,0,1
2019-12-26 05:00:00,11,2,9
2019-12-26 06:00:00,14,1,13
2019-12-26 07:00:00,40,8,32
2019-12-26 08:00:00,65,9,56
2019-12-26 09:00:00,62,8,54
2019-12-26 10:00:00,27,6,21
2019-12-26 11:00:00,32,10,22
2019-12-26 12:00:00,28,15,13
2019-12-26 13:00:00,32,14,18
2019-12-26 14:00:00,55,28,27
2019-12-26 15:00:00,63,46,17
2019-12-26 16:00:00,83,72,11
2019-12-26 17:00:00,78,68,10
2019-12-26 18:00:00,34,27,7
2019-12-26 19:00:00,26,20,6
2019-12-26 20:00:00,14,8,6
2019-12-26 21:00:00,8,3,5
2019-12-26 22:00:00,3,3,0
2019-12-26 23:00:00,4,2,2
2019-12-27 00:00:00,0,0,0
2019-12-27 01:00:00,2,1,1
2019-12-27 02:00:00,2,1,1
2019-12-27 03:00:00,2,1,1
2019-12-27 04:00:00,1,0,1
2019-12-27 05:00:00,7,2,5
2019-12-27 06:00:00,23,1,22
2019-12-27 07:00:00,53,8,45
2019-12-27 08:00:00,92,15,77
2019-12-27 09:00:00,60,10,50
2019-12-27 10:00:00,34,8,26
2019-12-27 11:00:00,34,14,20
2019-12-27 12:00:00,31,10,21
2019-12-27 13:00:00,36,24,12
2019-12-27 14:00:00,30,23,7
2019-12-27 15:00:00,69,56,13
2019-12-27 16:00:00,82,64,18
2019-12-27 17:00:00,91,76,15
2019-12-27 18:00:00,44,39,5
2019-12-27 19:00:00,16,12,4
2019-12-27 20:00:00,13,9,4
2019-12-27 21:00:00,18,15,3
2019-12-27 22:00:00,5,4,1
2019-12-27 23:00:00,6,4,2
2019-12-28 00:00:00,2,1,1
2019-12-28 01:00:00,4,2,2
2019-12-28 02:00:00,0,0,0
2019-12-28 03:00:00,0,0,0
2019-12-28 04:00:00,0,0,0
2019-12-28 05:00:00,3,1,2
2019-12-28 06:00:00,2,1,1
2019-12-28 07:00:00,10,4,6
2019-12-28 08:00:00,23,6,17
2019-12-28 09:00:00,24,13,11
2019-12-28 10:00:00,31,13,18
2019-12-28 11:00:00,45,24,21
2019-12-28 12:00:00,40,22,18
2019-12-28 13:00:00,51,27,24
2019-12-28 14:00:00,63,37,26
2019-12-28 15:00:00,47,28,19
2019-12-28 16:00:00,24,8,16
2019-12-28 17:00:00,27,22,5
2019-12-28 18:00:00,13,8,5
2019-12-28 19:00:00,4,3,1
2019-12-28 20:00:00,6,4,2
2019-12-28 21:00:00,3,1,2
2019-12-28 22:00:00,4,2,2
2019-12-28 23:00:00,3,2,1
2019-12-29 00:00:00,2,0,2
2019-12-29 01:00:00,2,1,1
2019-12-29 02:00:00,3,3,0
2019-12-29 03:00:00,1,1,0
2019-12-29 04:00:00,0,0,0
2019-12-29 05:00:00,2,1,1
2019-12-29 06:00:00,1,0,1
2019-12-29 07:00:00,2,2,0
2019-12-29 08:00:00,12,7,5
2019-12-29 09:00:00,17,8,9
2019-12-29 10:00:00,42,19,23
2019-12-29 11:00:00,37,20,17
2019-12-29 12:00:00,58,29,29
2019-12-29 13:00:00,51,32,19
2019-12-29 14:00:00,60,29,31
2019-12-29 15:00:00,76,42,34
2019-12-29 16:00:00,36,12,24
2019-12-29 17:00:00,17,10,7
2019-12-29 18:00:00,20,9,11
2019-12-29 19:00:00,10,8,2
2019-12-29 20:00:00,12,4,8
2019-12-29 21:00:00,15,11,4
2019-12-29 22:00:00,8,4,4
2019-12-29 23:00:00,1,0,1
2019-12-30 00:00:00,2,0,2
2019-12-30 01:00:00,1,0,1
2019-12-30 02:00:00,1,0,1
2019-12-30 03:00:00,2,1,1
2019-12-30 04:00:00,5,3,2
2019-12-30 05:00:00,16,5,11
2019-12-30 06:00:00,35,4,31
2019-12-30 07:00:00,90,10,80
2019-12-30 08:00:00,170,19,151
2019-12-30 09:00:00,115,11,104
2019-12-30 10:00:00,40,6,34
2019-12-30 11:00:00,22,7,15
2019-12-30 12:00:00,29,19,10
2019-12-30 13:00:00,37,22,15
2019-12-30 14:00:00,34,24,10
2019-12-30 15:00:00,99,76,23
2019-12-30 16:00:00,129,114,15
2019-12-30 17:00:00,163,141,22
2019-12-30 18:00:00,106,92,14
2019-12-30 19:00:00,31,22,9
2019-12-30 20:00:00,15,10,5
2019-12-30 21:00:00,11,8,3
2019-12-30 22:00:00,6,2,4
2019-12-30 23:00:00,3,2,1
2019-12-31 00:00:00,3,3,0
2019-12-31 01:00:00,1,0,1
2019-12-31 02:00:00,0,0,0
2019-12-31 03:00:00,0,0,0
2019-12-31 04:00:00,2,1,1
2019-12-31 05:00:00,11,2,9
2019-12-31 06:00:00,22,4,18
2019-12-31 07:00:00,70,12,58
2019-12-31 08:00:00,116,10,106
2019-12-31 09:00:00,64,11,53
2019-12-31 10:00:00,33,6,27
2019-12-31 11:00:00,21,10,11
2019-12-31 12:00:00,18,13,5
2019-12-31 13:00:00,32,23,9
2019-12-31 14:00:00,35,32,3
2019-12-31 15:00:00,59,51,8
2019-12-31 16:00:00,91,80,11
2019-12-31 17:00:00,57,43,14
2019-12-31 18:00:00,22,17,5
2019-12-31 19:00:00,11,8,3
2019-12-31 20:00:00,7,6,1
2019-12-31 21:00:00,7,4,3
2019-12-31 22:00:00,11,4,7
2019-12-31 23:00:00,10,2,8
2020-01-01 00:00:00,7,6,1
2020-01-01 01:00:00,18,13,5
2020-01-01 02:00:00,13,12,1
2020-01-01 03:00:00,4,3,1
2020-01-01 04:00:00,2,1,1
2020-01-01 05:00:00,4,2,2
2020-01-01 06:00:00,7,0,7
2020-01-01 07:00:00,2,0,2
2020-01-01 08:00:00,11,6,5
2020-01-01 09:00:00,10,6,4
2020-01-01 10:00:00,30,16,14
2020-01-01 11:00:00,43,23,20
2020-01-01 12:00:00,40,22,18
2020-01-01 13:00:00,63,28,35
2020-01-01 14:00:00,52,18,34
2020-01-01 15:00:00,53,29,24
2020-01-01 16:00:00,25,13,12
2020-01-01 17:00:00,23,7,16
2020-01-01 18:00:00,9,6,3
2020-01-01 19:00:00,9,4,5
2020-01-01 20:00:00,4,2,2
2020-01-01 21:00:00,9,4,5
2020-01-01 22:00:00,1,0,1
2020-01-01 23:00:00,1,1,0
2020-01-02 00:00:00,0,0,0
2020-01-02 01:00:00,1,0,1
2020-01-02 02:00:00,1,1,0
2020-01-02 03:00:00,3,2,1
2020-01-02 04:00:00,2,1,1
2020-01-02 05:00:00,11,1,10
2020-01-02 06:00:00,23,1,22
2020-01-02 07:00:00,119,11,108
2020-01-02 08:00:00,268,21,247
2020-01-02 09:00:00,159,25,134
2020-01-02 10:00:00,64,14,50
2020-01-02 11:00:00,32,14,18
2020-01-02 12:00:00,19,8,11
2020-01-02 13:00:00,16,10,6
2020-01-02 14:00:00,29,19,10
2020-01-02 15:00:00,66,59,7
2020-01-02 16:00:00,161,147,14
2020-01-02 17:00:00,231,217,14
2020-01-02 18:00:00,94,86,8
2020-01-02 19:00:00,48,42,6
2020-01-02 20:00:00,20,17,3
2020-01-02 21:00:00,15,11,4
2020-01-02 22:00:00,5,1,4
2020-01-02 23:00:00,4,4,0
2020-01-03 00:00:00,2,1,1
2020-01-03 01:00:00,0,0,0
2020-01-03 02:00:00,0,0,0
2020-01-03 03:00:00,2,1,1
2020-01-03 04:00:00,3,2,1
2020-01-03 05:00:00,10,1,9
2020-01-03 06:00:00,43,6,37
2020-01-03 07:00:00,115,12,103
2020-01-03 08:00:00,228,20,208
2020-01-03 09:00:00,152,15,137
2020-01-03 10:00:00,64,10,54
2020-01-03 11:00:00,47,19,28
2020-01-03 12:00:00,64,31,33
2020-01-03 13:00:00,51,31,20
2020-01-03 14:00:00,60,43,17
2020-01-03 15:00:00,95,67,28
2020-01-03 16:00:00,218,199,19
2020-01-03 17:00:00,221,201,20
2020-01-03 18:00:00,88,73,15
2020-01-03 19:00:00,37,29,8
2020-01-03 20:00:00,25,21,4
2020-01-03 21:00:00,13,12,1
2020-01-03 22:00:00,1,1,0
2020-01-03 23:00:00,4,3,1
2020-01-04 00:00:00,4,3,1
2020-01-04 01:00:00,3,1,2
2020-01-04 02:00:00,3,3,0
2020-01-04 03:00:00,2,2,0
2020-01-04 04:00:00,0,0,0
2020-01-04 05:00:00,2,1,1
2020-01-04 06:00:00,6,2,4
2020-01-04 07:00:00,6,3,3
2020-01-04 08:00:00,15,6,9
2020-01-04 09:00:00,26,12,14
2020-01-04 10:00:00,36,19,17
2020-01-04 11:00:00,37,25,12
2020-01-04 12:00:00,58,33,25
2020-01-04 13:00:00,71,29,42
2020-01-04 14:00:00,70,36,34
2020-01-04 15:00:00,47,24,23
2020-01-04 16:00:00,25,9,16
2020-01-04 17:00:00,23,10,13
2020-01-04 18:00:00,12,6,6
2020-01-04 19:00:00,13,9,4
2020-01-04 20:00:00,9,5,4
2020-01-04 21:00:00,13,7,6
2020-01-04 22:00:00,7,5,2
2020-01-04 23:00:00,2,2,0
2020-01-05 00:00:00,4,3,1
2020-01-05 01:00:00,1,1,0
2020-01-05 02:00:00,1,1,0
2020-01-05 03:00:00,1,1,0
2020-01-05 04:00:00,0,0,0
2020-01-05 05:00:00,1,0,1
2020-01-05 06:00:00,7,1,6
2020-01-05 07:00:00,5,4,1
2020-01-05 08:00:00,9,5,4
2020-01-05 09:00:00,8,4,4
2020-01-05 10:00:00,19,8,11
2020-01-05 11:00:00,13,8,5
2020-01-05 12:00:00,16,5,11
2020-01-05 13:00:00,24,12,12
2020-01-05 14:00:00,44,25,19
2020-01-05 15:00:00,28,23,5
2020-01-05 16:00:00,32,14,18
2020-01-05 17:00:00,23,14,9
2020-01-05 18:00:00,14,6,8
2020-01-05 19:00:00,7,4,3
2020-01-05 20:00:00,12,5,7
2020-01-05 21:00:00,10,5,5
2020-01-05 22:00:00,4,1,3
2020-01-05 23:00:00,3,3,0
2020-01-06 00:00:00,3,3,0
2020-01-06 01:00:00,0,0,0
2020-01-06 02:00:00,0,0,0
2020-01-06 03:00:00,1,0,1
2020-01-06 04:00:00,4,3,1
2020-01-06 05:00:00,18,4,14
2020-01-06 06:00:00,55,7,48
2020-01-06 07:00:00,180,14,166
2020-01-06 08:00:00,343,19,324
2020-01-06 09:00:00,179,11,168
2020-01-06 10:00:00,48,10,38
2020-01-06 11:00:00,18,7,11
2020-01-06 12:00:00,25,11,14
2020-01-06 13:00:00,18,10,8
2020-01-06 14:00:00,33,23,10
2020-01-06 15:00:00,69,53,16
2020-01-06 16:00:00,201,179,22
2020-01-06 17:00:00,351,328,23
2020-01-06 18:00:00,163,147,16
2020-01-06 19:00:00,65,59,6
2020-01-06 20:00:00,24,17,7
2020-01-06 21:00:00,15,12,3
2020-01-06 22:00:00,10,7,3
2020-01-06 23:00:00,0,0,0
2020-01-07 00:00:00,1,1,0
2020-01-07 01:00:00,1,1,0
2020-01-07 02:00:00,1,1,0
2020-01-07 03:00:00,1,0,1
2020-01-07 04:00:00,1,1,0
2020-01-07 05:00:00,18,4,14
2020-01-07 06:00:00,54,5,49
2020-01-07 07:00:00,180,20,160
2020-01-07 08:00:00,345,24,321
2020-01-07 09:00:00,190,19,171
2020-01-07 10:00:00,68,10,58
2020-01-07 11:00:00,42,14,28
2020-01-07 12:00:00,22,10,12
2020-01-07 13:00:00,29,16,13
2020-01-07 14:00:00,41,32,9
2020-01-07 15:00:00,69,54,15
2020-01-07 16:00:00,169,151,18
2020-01-07 17:00:00,374,348,26
2020-01-07 18:00:00,178,157,21
2020-01-07 19:00:00,58,50,8
2020-01-07 20:00:00,43,35,8
2020-01-07 21:00:00,20,17,3
2020-01-07 22:00:00,14,10,4
2020-01-07 23:00:00,6,3,3
2020-01-08 00:00:00,5,4,1
2020-01-08 01:00:00,3,1,2
2020-01-08 02:00:00,1,1,0
2020-01-08 03:00:00,2,1,1
2020-01-08 04:00:00,2,2,0
2020-01-08 05:00:00,17,3,14
2020-01-08 06:00:00,59,8,51
2020-01-08 07:00:00,200,24,176
2020-01-08 08:00:00,366,20,346
2020-01-08 09:00:00,203,33,170
2020-01-08 10:00:00,83,15,68
2020-01-08 11:00:00,32,13,19
2020-01-08 12:00:00,35,13,22
2020-01-08 13:00:00,31,15,16
2020-01-08 14:00:00,40,27,13
2020-01-08 15:00:00,76,59,17
2020-01-08 16:00:00,187,168,19
2020-01-08 17:00:00,395,371,24
2020-01-08 18:00:00,183,160,23
2020-01-08 19:00:00,79,69,10
2020-01-08 20:00:00,39,33,6
2020-01-08 21:00:00,17,11,6
2020-01-08 22:00:00,16,12,4
2020-01-08 23:00:00,4,4,0
2020-01-09 00:00:00,4,2,2
2020-01-09 01:00:00,1,1,0
2020-01-09 02:00:00,2,1,1
2020-01-09 03:00:00,1,0,1
2020-01-09 04:00:00,2,1,1
2020-01-09 05:00:00,16,3,13
2020-01-09 06:00:00,44,5,39
2020-01-09 07:00:00,158,14,144
2020-01-09 08:00:00,294,23,271
2020-01-09 09:00:00,172,17,155
2020-01-09 10:00:00,59,13,46
2020-01-09 11:00:00,43,12,31
2020-01-09 12:00:00,35,13,22
2020-01-09 13:00:00,23,11,12
2020-01-09 14:00:00,38,29,9
2020-01-09 15:00:00,66,47,19
2020-01-09 16:00:00,182,160,22
2020-01-09 17:00:00,329,300,29
2020-01-09 18:00:00,164,143,21
2020-01-09 19:00:00,77,60,17
2020-01-09 20:00:00,31,25,6
2020-01-09 21:00:00,21,14,7
2020-01-09 22:00:00,16,7,9
2020-01-09 23:00:00,11,7,4
2020-01-10 00:00:00,5,2,3
2020-01-10 01:00:00,4,0,4
2020-01-10 02:00:00,2,0,2
2020-01-10 03:00:00,2,1,1
2020-01-10 04:00:00,2,2,0
2020-01-10 05:00:00,8,3,5
2020-01-10 06:00:00,36,4,32
2020-01-10 07:00:00,121,9,112
2020-01-10 08:00:00,229,13,216
2020-01-10 09:00:00,159,19,140
2020-01-10 10:00:00,46,10,36
2020-01-10 11:00:00,25,2,23
2020-01-10 12:00:00,11,1,10
2020-01-10 13:00:00,18,11,7
2020-01-10 14:00:00,32,24,8
2020-01-10 15:00:00,68,54,14
2020-01-10 16:00:00,150,139,11
2020-01-10 17:00:00,232,215,17
2020-01-10 18:00:00,86,80,6
2020-01-10 19:00:00,36,31,5
2020-01-10 20:00:00,12,11,1
2020-01-10 21:00:00,12,10,2
2020-01-10 22:00:00,4,4,0
2020-01-10 23:00:00,3,2,1
2020-01-11 00:00:00,7,7,0
2020-01-11 01:00:00,0,0,0
2020-01-11 02:00:00,3,1,2
2020-01-11 03:00:00,1,1,0
2020-01-11 04:00:00,0,0,0
2020-01-11 05:00:00,4,3,1
2020-01-11 06:00:00,4,1,3
2020-01-11 07:00:00,8,3,5
2020-01-11 08:00:00,13,6,7
2020-01-11 09:00:00,18,9,9
2020-01-11 10:00:00,14,6,8
2020-01-11 11:00:00,24,16,8
2020-01-11 12:00:00,19,11,8
2020-01-11 13:00:00,19,8,11
2020-01-11 14:00:00,39,21,18
2020-01-11 15:00:00,23,12,11
2020-01-11 16:00:00,34,22,12
2020-01-11 17:00:00,27,13,14
2020-01-11 18:00:00,11,6,5
2020-01-11 19:00:00,7,4,3
2020-01-11 20:00:00,8,7,1
2020-01-11 21:00:00,7,3,4
2020-01-11 22:00:00,8,5,3
2020-01-11 23:00:00,6,6,0
2020-01-12 00:00:00,4,1,3
2020-01-12 01:00:00,2,2,0
2020-01-12 02:00:00,3,1,2
2020-01-12 03:00:00,2,1,1
2020-01-12 04:00:00,2,1,1
2020-01-12 05:00:00,1,0,1
2020-01-12 06:00:00,5,3,2
2020-01-12 07:00:00,6,3,3
2020-01-12 08:00:00,12,5,7
2020-01-12 09:00:00,16,7,9
2020-01-12 10:00:00,22,8,14
2020-01-12 11:00:00,22,10,12
2020-01-12 12:00:00,22,11,11
2020-01-12 13:00:00,35,21,14
2020-01-12 14:00:00,36,22,14
2020-01-12 15:00:00,35,21,14
2020-01-12 16:00:00,11,9,2
2020-01-12 17:00:00,20,10,10
2020-01-12 18:00:00,8,2,6
2020-01-12 19:00:00,10,8,2
2020-01-12 20:00:00,7,5,2
2020-01-12 21:00:00,5,2,3
2020-01-12 22:00:00,4,3,1
2020-01-12 23:00:00,0,0,0
2020-01-13 00:00:00,0,0,0
2020-01-13 01:00:00,0,0,0
2020-01-13 02:00:00,0,0,0
2020-01-13 03:00:00,1,0,1
2020-01-13 04:00:00,4,3,1
2020-01-13 05:00:00,7,2,5
2020-01-13 06:00:00,18,6,12
2020-01-13 07:00:00,58,7,51
2020-01-13 08:00:00,120,11,109
2020-01-13 09:00:00,101,11,90
2020-01-13 10:00:00,55,5,50
2020-01-13 11:00:00,23,4,19
2020-01-13 12:00:00,15,5,10
2020-01-13 13:00:00,14,7,7
2020-01-13 14:00:00,23,17,6
2020-01-13 15:00:00,45,36,9
2020-01-13 16:00:00,101,89,12
2020-01-13 17:00:00,138,127,11
2020-01-13 18:00:00,63,59,4
2020-01-13 19:00:00,39,32,7
2020-01-13 20:00:00,13,12,1
2020-01-13 21:00:00,9,8,1
2020-01-13 22:00:00,5,4,1
2020-01-13 23:00:00,6,4,2
2020-01-14 00:00:00,2,2,0
2020-01-14 01:00:00,0,0,0
2020-01-14 02:00:00,0,0,0
2020-01-14 03:00:00,1,0,1
2020-01-14 04:00:00,2,1,1
2020-01-14 05:00:00,6,1,5
2020-01-14 06:00:00,20,4,16
2020-01-14 07:00:00,39,8,31
2020-01-14 08:00:00,82,9,73
2020-01-14 09:00:00,67,8,59
2020-01-14 10:00:00,34,5,29
2020-01-14 11:00:00,12,3,9
2020-01-14 12:00:00,12,3,9
2020-01-14 13:00:00,21,13,8
2020-01-14 14:00:00,14,13,1
2020-01-14 15:00:00,30,23,7
2020-01-14 16:00:00,66,56,10
2020-01-14 17:00:00,92,81,11
2020-01-14 18:00:00,37,31,6
2020-01-14 19:00:00,28,24,4
2020-01-14 20:00:00,10,9,1
2020-01-14 21:00:00,6,6,0
2020-01-14 22:00:00,4,2,2
2020-01-14 23:00:00,3,2,1
2020-01-15 00:00:00,3,2,1
2020-01-15 01:00:00,1,1,0
2020-01-15 02:00:00,0,0,0
2020-01-15 03:00:00,1,0,1
2020-01-15 04:00:00,1,1,0
2020-01-15 05:00:00,7,1,6
2020-01-15 06:00:00,10,2,8
2020-01-15 07:00:00,53,6,47
2020-01-15 08:00:00,113,13,100
2020-01-15 09:00:00,85,9,76
2020-01-15 10:00:00,38,6,32
2020-01-15 11:00:00,24,2,22
2020-01-15 12:00:00,15,7,8
2020-01-15 13:00:00,21,9,12
2020-01-15 14:00:00,22,16,6
2020-01-15 15:00:00,34,30,4
2020-01-15 16:00:00,71,66,5
2020-01-15 17:00:00,119,107,12
2020-01-15 18:00:00,66,52,14
2020-01-15 19:00:00,27,25,2
2020-01-15 20:00:00,25,17,8
2020-01-15 21:00:00,6,6,0
2020-01-15 22:00:00,12,10,2
2020-01-15 23:00:00,5,4,1
2020-01-16 00:00:00,0,0,0
2020-01-16 01:00:00,0,0,0
2020-01-16 02:00:00,1,1,0
2020-01-16 03:00:00,1,0,1
2020-01-16 04:00:00,0,0,0
2020-01-16 05:00:00,9,2,7
2020-01-16 06:00:00,36,7,29
2020-01-16 07:00:00,118,11,107
2020-01-16 08:00:00,263,23,240
2020-01-16 09:00:00,144,20,124
2020-01-16 10:00:00,62,5,57
2020-01-16 11:00:00,33,9,24
2020-01-16 12:00:00,32,15,17
2020-01-16 13:00:00,41,20,21
2020-01-16 14:00:00,33,17,16
2020-01-16 15:00:00,53,36,17
2020-01-16 16:00:00,169,150,19
2020-01-16 17:00:00,257,225,32
2020-01-16 18:00:00,138,125,13
2020-01-16 19:00:00,54,48,6
2020-01-16 20:00:00,27,24,3
2020-01-16 21:00:00,17,15,2
2020-01-16 22:00:00,12,8,4
2020-01-16 23:00:00,4,4,0
2020-01-17 00:00:00,5,3,2
2020-01-17 01:00:00,3,2,1
2020-01-17 02:00:00,0,0,0
2020-01-17 03:00:00,1,0,1
2020-01-17 04:00:00,3,3,0
2020-01-17 05:00:00,10,1,9
2020-01-17 06:00:00,24,3,21
2020-01-17 07:00:00,101,13,88
2020-01-17 08:00:00,272,20,252
2020-01-17 09:00:00,146,18,128
2020-01-17 10:00:00,52,9,43
2020-01-17 11:00:00,27,11,16
2020-01-17 12:00:00,35,16,19
2020-01-17 13:00:00,31,18,13
2020-01-17 14:00:00,36,25,11
2020-01-17 15:00:00,75,60,15
2020-01-17 16:00:00,155,133,22
2020-01-17 17:00:00,236,210,26
2020-01-17 18:00:00,118,105,13
2020-01-17 19:00:00,50,45,5
2020-01-17 20:00:00,24,17,7
2020-01-17 21:00:00,20,16,4
2020-01-17 22:00:00,5,3,2
2020-01-17 23:00:00,8,7,1
2020-01-18 00:00:00,5,3,2
2020-01-18 01:00:00,3,3,0
2020-01-18 02:00:00,4,4,0
2020-01-18 03:00:00,0,0,0
2020-01-18 04:00:00,1,1,0
2020-01-18 05:00:00,1,0,1
2020-01-18 06:00:00,6,2,4
2020-01-18 07:00:00,3,1,2
2020-01-18 08:00:00,20,8,12
2020-01-18 09:00:00,12,5,7
2020-01-18 10:00:00,15,8,7
2020-01-18 11:00:00,15,5,10
2020-01-18 12:00:00,25,9,16
2020-01-18 13:00:00,40,24,16
2020-01-18 14:00:00,30,19,11
2020-01-18 15:00:00,44,22,22
2020-01-18 16:00:00,30,16,14
2020-01-18 17:00:00,31,15,16
2020-01-18 18:00:00,19,7,12
2020-01-18 19:00:00,14,9,5
2020-01-18 20:00:00,13,5,8
2020-01-18 21:00:00,8,2,6
2020-01-18 22:00:00,11,2,9
2020-01-18 23:00:00,7,6,1
2020-01-19 00:00:00,4,2,2
2020-01-19 01:00:00,7,3,4
2020-01-19 02:00:00,4,3,1
2020-01-19 03:00:00,0,0,0
2020-01-19 04:00:00,0,0,0
2020-01-19 05:00:00,2,0,2
2020-01-19 06:00:00,5,1,4
2020-01-19 07:00:00,6,2,4
2020-01-19 08:00:00,10,7,3
2020-01-19 09:00:00,22,13,9
2020-01-19 10:00:00,17,8,9
2020-01-19 11:00:00,19,11,8
2020-01-19 12:00:00,25,8,17
2020-01-19 13:00:00,44,27,17
2020-01-19 14:00:00,51,32,19
2020-01-19 15:00:00,47,23,24
2020-01-19 16:00:00,36,13,23
2020-01-19 17:00:00,39,15,24
2020-01-19 18:00:00,18,10,8
2020-01-19 19:00:00,16,15,1
2020-01-19 20:00:00,12,8,4
2020-01-19 21:00:00,3,2,1
2020-01-19 22:00:00,6,6,0
2020-01-19 23:00:00,2,0,2
2020-01-20 00:00:00,0,0,0
2020-01-20 01:00:00,0,0,0
2020-01-20 02:00:00,1,1,0
2020-01-20 03:00:00,0,0,0
2020-01-20 04:00:00,3,2,1
2020-01-20 05:00:00,12,3,9
2020-01-20 06:00:00,30,5,25
2020-01-20 07:00:00,77,6,71
2020-01-20 08:00:00,174,17,157
2020-01-20 09:00:00,83,9,74
2020-01-20 10:00:00,40,7,33
2020-01-20 11:00:00,29,10,19
2020-01-20 12:00:00,33,21,12
2020-01-20 13:00:00,35,11,24
2020-01-20 14:00:00,42,27,15
2020-01-20 15:00:00,68,43,25
2020-01-20 16:00:00,127,105,22
2020-01-20 17:00:00,183,157,26
2020-01-20 18:00:00,93,79,14
2020-01-20 19:00:00,55,43,12
2020-01-20 20:00:00,17,14,3
2020-01-20 21:00:00,21,12,9
2020-01-20 22:00:00,5,2,3
2020-01-20 23:00:00,7,5,2
2020-01-21 00:00:00,2,0,2
2020-01-21 01:00:00,0,0,0
2020-01-21 02:00:00,2,1,1
2020-01-21 03:00:00,3,1,2
2020-01-21 04:00:00,2,1,1
2020-01-21 05:00:00,17,3,14
2020-01-21 06:00:00,56,9,47
2020-01-21 07:00:00,193,21,172
2020-01-21 08:00:00,340,36,304
2020-01-21 09:00:00,190,18,172
2020-01-21 10:00:00,73,13,60
2020-01-21 11:00:00,27,10,17
2020-01-21 12:00:00,33,15,18
2020-01-21 13:00:00,29,17,12
2020-01-21 14:00:00,27,21,6
2020-01-21 15:00:00,47,40,7
2020-01-21 16:00:00,170,151,19
2020-01-21 17:00:00,339,311,28
2020-01-21 18:00:00,153,140,13
2020-01-21 19:00:00,67,54,13
2020-01-21 20:00:00,30,25,5
2020-01-21 21:00:00,13,13,0
2020-01-21 22:00:00,8,7,1
2020-01-21 23:00:00,3,3,0
2020-01-22 00:00:00,3,3,0
2020-01-22 01:00:00,0,0,0
2020-01-22 02:00:00,0,0,0
2020-01-22 03:00:00,1,1,0
2020-01-22 04:00:00,5,4,1
2020-01-22 05:00:00,14,2,12
2020-01-22 06:00:00,58,12,46
2020-01-22 07:00:00,173,13,160
2020-01-22 08:00:00,285,20,265
2020-01-22 09:00:00,166,17,149
2020-01-22 10:00:00,46,11,35
2020-01-22 11:00:00,20,5,15
2020-01-22 12:00:00,23,10,13
2020-01-22 13:00:00,15,10,5
2020-01-22 14:00:00,27,19,8
2020-01-22 15:00:00,49,39,10
2020-01-22 16:00:00,158,138,20
2020-01-22 17:00:00,336,315,21
2020-01-22 18:00:00,186,167,19
2020-01-22 19:00:00,84,75,9
2020-01-22 20:00:00,28,25,3
2020-01-22 21:00:00,19,16,3
2020-01-22 22:00:00,7,6,1
2020-01-22 23:00:00,5,2,3
2020-01-23 00:00:00,4,4,0
2020-01-23 01:00:00,1,1,0
2020-01-23 02:00:00,2,1,1
2020-01-23 03:00:00,3,2,1
2020-01-23 04:00:00,4,2,2
2020-01-23 05:00:00,16,3,13
2020-01-23 06:00:00,54,10,44
2020-01-23 07:00:00,151,18,133
2020-01-23 08:00:00,243,18,225
2020-01-23 09:00:00,146,11,135
2020-01-23 10:00:00,48,13,35
2020-01-23 11:00:00,18,3,15
2020-01-23 12:00:00,16,2,14
2020-01-23 13:00:00,18,11,7
2020-01-23 14:00:00,20,12,8
2020-01-23 15:00:00,58,46,12
2020-01-23 16:00:00,146,135,11
2020-01-23 17:00:00,248,224,24
2020-01-23 18:00:00,156,141,15
2020-01-23 19:00:00,66,55,11
2020-01-23 20:00:00,36,30,6
2020-01-23 21:00:00,15,14,1
2020-01-23 22:00:00,7,6,1
2020-01-23 23:00:00,7,7,0
2020-01-24 00:00:00,4,3,1
2020-01-24 01:00:00,2,2,0
2020-01-24 02:00:00,0,0,0
2020-01-24 03:00:00,2,1,1
2020-01-24 04:00:00,2,2,0
2020-01-24 05:00:00,16,5,11
2020-01-24 06:00:00,49,9,40
2020-01-24 07:00:00,141,7,134
2020-01-24 08:00:00,296,26,270
2020-01-24 09:00:00,182,15,167
2020-01-24 10:00:00,39,7,32
2020-01-24 11:00:00,29,6,23
2020-01-24 12:00:00,23,12,11
2020-01-24 13:00:00,27,16,11
2020-01-24 14:00:00,45,36,9
2020-01-24 15:00:00,95,78,17
2020-01-24 16:00:00,209,187,22
2020-01-24 17:00:00,269,240,29
2020-01-24 18:00:00,113,94,19
2020-01-24 19:00:00,43,38,5
2020-01-24 20:00:00,29,24,5
2020-01-24 21:00:00,14,10,4
2020-01-24 22:00:00,7,6,1
2020-01-24 23:00:00,13,9,4
2020-01-25 00:00:00,3,2,1
2020-01-25 01:00:00,3,3,0
2020-01-25 02:00:00,4,2,2
2020-01-25 03:00:00,4,4,0
2020-01-25 04:00:00,1,1,0
2020-01-25 05:00:00,1,0,1
2020-01-25 06:00:00,4,0,4
2020-01-25 07:00:00,9,2,7
2020-01-25 08:00:00,17,6,11
2020-01-25 09:00:00,20,10,10
2020-01-25 10:00:00,21,14,7
2020-01-25 11:00:00,34,19,15
2020-01-25 12:00:00,55,29,26
2020-01-25 13:00:00,46,21,25
2020-01-25 14:00:00,49,30,19
2020-01-25 15:00:00,92,61,31
2020-01-25 16:00:00,65,37,28
2020-01-25 17:00:00,45,20,25
2020-01-25 18:00:00,26,14,12
2020-01-25 19:00:00,9,2,7
2020-01-25 20:00:00,13,6,7
2020-01-25 21:00:00,9,6,3
2020-01-25 22:00:00,10,8,2
2020-01-25 23:00:00,10,5,5
2020-01-26 00:00:00,2,1,1
2020-01-26 01:00:00,2,1,1
2020-01-26 02:00:00,3,3,0
2020-01-26 03:00:00,0,0,0
2020-01-26 04:00:00,2,0,2
2020-01-26 05:00:00,0,0,0
2020-01-26 06:00:00,8,1,7
2020-01-26 07:00:00,5,3,2
2020-01-26 08:00:00,13,6,7
2020-01-26 09:00:00,21,6,15
2020-01-26 10:00:00,29,10,19
2020-01-26 11:00:00,52,32,20
2020-01-26 12:00:00,65,36,29
2020-01-26 13:00:00,92,39,53
2020-01-26 14:00:00,71,37,34
2020-01-26 15:00:00,70,34,36
2020-01-26 16:00:00,36,15,21
2020-01-26 17:00:00,22,11,11
2020-01-26 18:00:00,23,10,13
2020-01-26 19:00:00,13,10,3
2020-01-26 20:00:00,12,9,3
2020-01-26 21:00:00,7,4,3
2020-01-26 22:00:00,6,5,1
2020-01-26 23:00:00,4,3,1
2020-01-27 00:00:00,0,0,0
2020-01-27 01:00:00,0,0,0
2020-01-27 02:00:00,0,0,0
2020-01-27 03:00:00,1,0,1
2020-01-27 04:00:00,5,2,3
2020-01-27 05:00:00,14,5,9
2020-01-27 06:00:00,66,10,56
2020-01-27 07:00:00,182,13,169
2020-01-27 08:00:00,371,36,335
2020-01-27 09:00:00,241,28,213
2020-01-27 10:00:00,69,10,59
2020-01-27 11:00:00,55,20,35
2020-01-27 12:00:00,34,18,16
2020-01-27 13:00:00,34,15,19
2020-01-27 14:00:00,39,31,8
2020-01-27 15:00:00,62,41,21
2020-01-27 16:00:00,197,180,17
2020-01-27 17:00:00,321,300,21
2020-01-27 18:00:00,171,160,11
2020-01-27 19:00:00,74,66,8
2020-01-27 20:00:00,30,28,2
2020-01-27 21:00:00,16,14,2
2020-01-27 22:00:00,10,6,4
2020-01-27 23:00:00,7,6,1
2020-01-28 00:00:00,2,2,0
2020-01-28 01:00:00,0,0,0
2020-01-28 02:00:00,1,1,0
2020-01-28 03:00:00,3,2,1
2020-01-28 04:00:00,3,1,2
2020-01-28 05:00:00,10,3,7
2020-01-28 06:00:00,49,8,41
2020-01-28 07:00:00,128,8,120
2020-01-28 08:00:00,301,23,278
2020-01-28 09:00:00,181,18,163
2020-01-28 10:00:00,54,8,46
2020-01-28 11:00:00,32,11,21
2020-01-28 12:00:00,37,17,20
2020-01-28 13:00:00,40,18,22
2020-01-28 14:00:00,48,26,22
2020-01-28 15:00:00,87,66,21
2020-01-28 16:00:00,182,158,24
2020-01-28 17:00:00,298,272,26
2020-01-28 18:00:00,173,157,16
2020-01-28 19:00:00,78,61,17
2020-01-28 20:00:00,38,30,8
2020-01-28 21:00:00,29,20,9
2020-01-28 22:00:00,7,5,2
2020-01-28 23:00:00,5,3,2
2020-01-29 00:00:00,5,4,1
2020-01-29 01:00:00,1,1,0
2020-01-29 02:00:00,1,0,1
2020-01-29 03:00:00,2,2,0
2020-01-29 04:00:00,1,1,0
2020-01-29 05:00:00,17,5,12
2020-01-29 06:00:00,58,11,47
2020-01-29 07:00:00,187,14,173
2020-01-29 08:00:00,314,21,293
2020-01-29 09:00:00,185,13,172
2020-01-29 10:00:00,61,12,49
2020-01-29 11:00:00,20,5,15
2020-01-29 12:00:00,25,10,15
2020-01-29 13:00:00,34,16,18
2020-01-29 14:00:00,36,29,7
2020-01-29 15:00:00,64,51,13
2020-01-29 16:00:00,192,169,23
2020-01-29 17:00:00,328,302,26
2020-01-29 18:00:00,197,173,24
2020-01-29 19:00:00,80,71,9
2020-01-29 20:00:00,37,31,6
2020-01-29 21:00:00,29,19,10
2020-01-29 22:00:00,17,14,3
2020-01-29 23:00:00,9,6,3
2020-01-30 00:00:00,3,3,0
2020-01-30 01:00:00,0,0,0
2020-01-30 02:00:00,0,0,0
2020-01-30 03:00:00,2,1,1
2020-01-30 04:00:00,2,1,1
2020-01-30 05:00:00,17,5,12
2020-01-30 06:00:00,56,8,48
2020-01-30 07:00:00,188,20,168
2020-01-30 08:00:00,306,24,282
2020-01-30 09:00:00,222,26,196
2020-01-30 10:00:00,73,13,60
2020-01-30 11:00:00,30,10,20
2020-01-30 12:00:00,52,23,29
2020-01-30 13:00:00,37,22,15
2020-01-30 14:00:00,58,41,17
2020-01-30 15:00:00,87,61,26
2020-01-30 16:00:00,189,167,22
2020-01-30 17:00:00,327,296,31
2020-01-30 18:00:00,173,157,16
2020-01-30 19:00:00,54,47,7
2020-01-30 20:00:00,28,21,7
2020-01-30 21:00:00,29,18,11
2020-01-30 22:00:00,17,13,4
2020-01-30 23:00:00,5,4,1
2020-01-31 00:00:00,9,7,2
2020-01-31 01:00:00,1,1,0
2020-01-31 02:00:00,0,0,0
2020-01-31 03:00:00,1,1,0
2020-01-31 04:00:00,3,2,1
2020-01-31 05:00:00,13,4,9
2020-01-31 06:00:00,40,6,34
2020-01-31 07:00:00,127,6,121
2020-01-31 08:00:00,233,19,214
2020-01-31 09:00:00,162,21,141
2020-01-31 10:00:00,49,9,40
2020-01-31 11:00:00,28,8,20
2020-01-31 12:00:00,16,9,7
2020-01-31 13:00:00,18,7,11
2020-01-31 14:00:00,24,18,6
2020-01-31 15:00:00,55,40,15
2020-01-31 16:00:00,128,120,8
2020-01-31 17:00:00,226,207,19
2020-01-31 18:00:00,122,103,19
2020-01-31 19:00:00,39,36,3
2020-01-31 20:00:00,25,21,4
2020-01-31 21:00:00,20,17,3
2020-01-31 22:00:00,6,5,1
2020-01-31 23:00:00,4,4,0
2020-02-01 00:00:00,2,2,0
2020-02-01 01:00:00,1,1,0
2020-02-01 02:00:00,2,1,1
2020-02-01 03:00:00,0,0,0
2020-02-01 04:00:00,1,1,0
2020-02-01 05:00:00,1,0,1
2020-02-01 06:00:00,3,1,2
2020-02-01 07:00:00,9,3,6
2020-02-01 08:00:00,18,7,11
2020-02-01 09:00:00,17,7,10
2020-02-01 10:00:00,26,10,16
2020-02-01 11:00:00,30,9,21
2020-02-01 12:00:00,27,14,13
2020-02-01 13:00:00,43,28,15
2020-02-01 14:00:00,31,17,14
2020-02-01 15:00:00,26,15,11
2020-02-01 16:00:00,33,17,16
2020-02-01 17:00:00,27,14,13
2020-02-01 18:00:00,21,14,7
2020-02-01 19:00:00,16,12,4
2020-02-01 20:00:00,8,6,2
2020-02-01 21:00:00,8,5,3
2020-02-01 22:00:00,7,4,3
2020-02-01 23:00:00,2,1,1
2020-02-02 00:00:00,3,2,1
2020-02-02 01:00:00,1,1,0
2020-02-02 02:00:00,1,1,0
2020-02-02 03:00:00,2,1,1
2020-02-02 04:00:00,0,0,0
2020-02-02 05:00:00,2,0,2
2020-02-02 06:00:00,3,1,2
2020-02-02 07:00:00,5,3,2
2020-02-02 08:00:00,11,4,7
2020-02-02 09:00:00,23,12,11
2020-02-02 10:00:00,39,21,18
2020-02-02 11:00:00,67,38,29
2020-02-02 12:00:00,65,33,32
2020-02-02 13:00:00,59,19,40
2020-02-02 14:00:00,95,54,41
2020-02-02 15:00:00,85,45,40
2020-02-02 16:00:00,44,23,21
2020-02-02 17:00:00,28,17,11
2020-02-02 18:00:00,12,3,9
2020-02-02 19:00:00,24,11,13
2020-02-02 20:00:00,14,7,7
2020-02-02 21:00:00,7,7,0
2020-02-02 22:00:00,4,2,2
2020-02-02 23:00:00,5,3,2
2020-02-03 00:00:00,4,2,2
2020-02-03 01:00:00,1,1,0
2020-02-03 02:00:00,0,0,0
2020-02-03 03:00:00,3,2,1
2020-02-03 04:00:00,2,2,0
2020-02-03 05:00:00,16,3,13
2020-02-03 06:00:00,68,12,56
2020-02-03 07:00:00,167,16,151
2020-02-03 08:00:00,378,32,346
2020-02-03 09:00:00,233,18,215
2020-02-03 10:00:00,84,20,64
2020-02-03 11:00:00,41,15,26
2020-02-03 12:00:00,41,22,19
2020-02-03 13:00:00,32,17,15
2020-02-03 14:00:00,38,24,14
2020-02-03 15:00:00,80,54,26
2020-02-03 16:00:00,212,186,26
2020-02-03 17:00:00,414,380,34
2020-02-03 18:00:00,216,193,23
2020-02-03 19:00:00,88,68,20
2020-02-03 20:00:00,42,31,11
2020-02-03 21:00:00,26,19,7
2020-02-03 22:00:00,12,7,5
2020-02-03 23:00:00,4,2,2
2020-02-04 00:00:00,3,3,0
2020-02-04 01:00:00,1,1,0
2020-02-04 02:00:00,1,1,0
2020-02-04 03:00:00,2,1,1
2020-02-04 04:00:00,2,2,0
2020-02-04 05:00:00,15,2,13
2020-02-04 06:00:00,50,8,42
2020-02-04 07:00:00,171,13,158
2020-02-04 08:00:00,300,21,279
2020-02-04 09:00:00,194,22,172
2020-02-04 10:00:00,61,13,48
2020-02-04 11:00:00,31,10,21
2020-02-04 12:00:00,17,9,8
2020-02-04 13:00:00,31,16,15
2020-02-04 14:00:00,29,24,5
2020-02-04 15:00:00,46,35,11
2020-02-04 16:00:00,175,158,17
2020-02-04 17:00:00,292,271,21
2020-02-04 18:00:00,144,130,14
2020-02-04 19:00:00,65,58,7
2020-02-04 20:00:00,34,27,7
2020-02-04 21:00:00,23,19,4
2020-02-04 22:00:00,9,6,3
2020-02-04 23:00:00,4,4,0
2020-02-05 00:00:00,1,1,0
2020-02-05 01:00:00,0,0,0
2020-02-05 02:00:00,1,1,0
2020-02-05 03:00:00,2,1,1
2020-02-05 04:00:00,2,1,1
2020-02-05 05:00:00,11,4,7
2020-02-05 06:00:00,49,3,46
2020-02-05 07:00:00,138,13,125
2020-02-05 08:00:00,267,14,253
2020-02-05 09:00:00,139,13,126
2020-02-05 10:00:00,58,10,48
2020-02-05 11:00:00,19,5,14
2020-02-05 12:00:00,18,6,12
2020-02-05 13:00:00,16,9,7
2020-02-05 14:00:00,20,16,4
2020-02-05 15:00:00,41,37,4
2020-02-05 16:00:00,148,138,10
2020-02-05 17:00:00,270,249,21
2020-02-05 18:00:00,138,125,13
2020-02-05 19:00:00,50,46,4
2020-02-05 20:00:00,24,20,4
2020-02-05 21:00:00,9,9,0
2020-02-05 22:00:00,6,5,1
2020-02-05 23:00:00,6,2,4
2020-02-06 00:00:00,3,3,0
2020-02-06 01:00:00,1,1,0
2020-02-06 02:00:00,0,0,0
2020-02-06 03:00:00,2,1,1
2020-02-06 04:00:00,3,1,2
2020-02-06 05:00:00,9,2,7
2020-02-06 06:00:00,39,7,32
2020-02-06 07:00:00,105,12,93
2020-02-06 08:00:00,259,13,246
2020-02-06 09:00:00,140,9,131
2020-02-06 10:00:00,54,8,46
2020-02-06 11:00:00,26,10,16
2020-02-06 12:00:00,10,5,5
2020-02-06 13:00:00,14,6,8
2020-02-06 14:00:00,25,13,12
2020-02-06 15:00:00,53,45,8
2020-02-06 16:00:00,135,119,16
2020-02-06 17:00:00,259,242,17
2020-02-06 18:00:00,128,113,15
2020-02-06 19:00:00,55,46,9
2020-02-06 20:00:00,35,31,4
2020-02-06 21:00:00,14,12,2
2020-02-06 22:00:00,5,2,3
2020-02-06 23:00:00,7,4,3
2020-02-07 00:00:00,5,4,1
2020-02-07 01:00:00,3,3,0
2020-02-07 02:00:00,0,0,0
2020-02-07 03:00:00,1,1,0
2020-02-07 04:00:00,3,3,0
2020-02-07 05:00:00,14,4,10
2020-02-07 06:00:00,51,7,44
2020-02-07 07:00:00,113,5,108
2020-02-07 08:00:00,235,17,218
2020-02-07 09:00:00,147,7,140
2020-02-07 10:00:00,59,9,50
2020-02-07 11:00:00,33,11,22
2020-02-07 12:00:00,25,12,13
2020-02-07 13:00:00,34,19,15
2020-02-07 14:00:00,38,28,10
2020-02-07 15:00:00,69,55,14
2020-02-07 16:00:00,181,159,22
2020-02-07 17:00:00,218,198,20
2020-02-07 18:00:00,107,94,13
2020-02-07 19:00:00,41,34,7
2020-02-07 20:00:00,13,12,1
2020-02-07 21:00:00,15,13,2
2020-02-07 22:00:00,6,5,1
2020-02-07 23:00:00,7,5,2
2020-02-08 00:00:00,5,3,2
2020-02-08 01:00:00,4,4,0
2020-02-08 02:00:00,2,2,0
2020-02-08 03:00:00,1,0,1
2020-02-08 04:00:00,1,0,1
2020-02-08 05:00:00,1,0,1
2020-02-08 06:00:00,2,1,1
2020-02-08 07:00:00,8,2,6
2020-02-08 08:00:00,23,9,14
2020-02-08 09:00:00,30,15,15
2020-02-08 10:00:00,51,27,24
2020-02-08 11:00:00,49,32,17
2020-02-08 12:00:00,64,33,31
2020-02-08 13:00:00,45,27,18
2020-02-08 14:00:00,48,27,21
2020-02-08 15:00:00,59,30,29
2020-02-08 16:00:00,57,30,27
2020-02-08 17:00:00,65,30,35
2020-02-08 18:00:00,19,13,6
2020-02-08 19:00:00,12,5,7
2020-02-08 20:00:00,8,7,1
2020-02-08 21:00:00,11,9,2
2020-02-08 22:00:00,7,5,2
2020-02-08 23:00:00,1,1,0
2020-02-09 00:00:00,3,1,2
2020-02-09 01:00:00,1,0,1
2020-02-09 02:00:00,3,1,2
2020-02-09 03:00:00,0,0,0
2020-02-09 04:00:00,0,0,0
2020-02-09 05:00:00,2,0,2
2020-02-09 06:00:00,4,1,3
2020-02-09 07:00:00,8,5,3
2020-02-09 08:00:00,18,8,10
2020-02-09 09:00:00,36,21,15
2020-02-09 10:00:00,38,19,19
2020-02-09 11:00:00,59,24,35
2020-02-09 12:00:00,88,50,38
2020-02-09 13:00:00,111,60,51
2020-02-09 14:00:00,128,65,63
2020-02-09 15:00:00,121,57,64
2020-02-09 16:00:00,90,43,47
2020-02-09 17:00:00,43,12,31
2020-02-09 18:00:00,26,14,12
2020-02-09 19:00:00,22,13,9
2020-02-09 20:00:00,7,4,3
2020-02-09 21:00:00,9,6,3
2020-02-09 22:00:00,7,5,2
2020-02-09 23:00:00,4,4,0
2020-02-10 00:00:00,2,2,0
2020-02-10 01:00:00,1,0,1
2020-02-10 02:00:00,1,1,0
2020-02-10 03:00:00,2,1,1
2020-02-10 04:00:00,4,3,1
2020-02-10 05:00:00,19,2,17
2020-02-10 06:00:00,66,11,55
2020-02-10 07:00:00,250,18,232
2020-02-10 08:00:00,443,32,411
2020-02-10 09:00:00,236,24,212
2020-02-10 10:00:00,64,13,51
2020-02-10 11:00:00,0,0,0
2020-02-10 12:00:00,0,0,0
2020-02-10 13:00:00,0,0,0
2020-02-10 14:00:00,51,30,21
2020-02-10 15:00:00,90,74,16
2020-02-10 16:00:00,266,236,30
2020-02-10 17:00:00,472,428,44
2020-02-10 18:00:00,203,181,22
2020-02-10 19:00:00,75,66,9
2020-02-10 20:00:00,51,44,7
2020-02-10 21:00:00,24,23,1
2020-02-10 22:00:00,12,8,4
2020-02-10 23:00:00,4,3,1
2020-02-11 00:00:00,2,2,0
2020-02-11 01:00:00,1,1,0
2020-02-11 02:00:00,0,0,0
2020-02-11 03:00:00,3,1,2
2020-02-11 04:00:00,5,2,3
2020-02-11 05:00:00,20,5,15
2020-02-11 06:00:00,80,12,68
2020-02-11 07:00:00,218,22,196
2020-02-11 08:00:00,395,26,369
2020-02-11 09:00:00,199,16,183
2020-02-11 10:00:00,72,14,58
2020-02-11 11:00:00,43,19,24
2020-02-11 12:00:00,38,17,21
2020-02-11 13:00:00,36,15,21
2020-02-11 14:00:00,46,29,17
2020-02-11 15:00:00,87,64,23
2020-02-11 16:00:00,238,219,19
2020-02-11 17:00:00,415,379,36
2020-02-11 18:00:00,210,192,18
2020-02-11 19:00:00,79,68,11
2020-02-11 20:00:00,43,35,8
2020-02-11 21:00:00,33,23,10
2020-02-11 22:00:00,11,9,2
2020-02-11 23:00:00,9,7,2
2020-02-12 00:00:00,2,2,0
2020-02-12 01:00:00,7,7,0
2020-02-12 02:00:00,1,0,1
2020-02-12 03:00:00,2,1,1
2020-02-12 04:00:00,5,3,2
2020-02-12 05:00:00,18,3,15
2020-02-12 06:00:00,80,11,69
2020-02-12 07:00:00,254,19,235
2020-02-12 08:00:00,376,33,343
2020-02-12 09:00:00,203,14,189
2020-02-12 10:00:00,85,14,71
2020-02-12 11:00:00,45,19,26
2020-02-12 12:00:00,37,16,21
2020-02-12 13:00:00,36,19,17
2020-02-12 14:00:00,57,39,18
2020-02-12 15:00:00,92,69,23
2020-02-12 16:00:00,220,190,30
2020-02-12 17:00:00,430,398,32
2020-02-12 18:00:00,222,200,22
2020-02-12 19:00:00,90,78,12
2020-02-12 20:00:00,61,48,13
2020-02-12 21:00:00,36,28,8
2020-02-12 22:00:00,22,19,3
2020-02-12 23:00:00,9,6,3
2020-02-13 00:00:00,3,1,2
2020-02-13 01:00:00,1,1,0
2020-02-13 02:00:00,0,0,0
2020-02-13 03:00:00,2,1,1
2020-02-13 04:00:00,5,3,2
2020-02-13 05:00:00,19,4,15
2020-02-13 06:00:00,58,13,45
2020-02-13 07:00:00,199,22,177
2020-02-13 08:00:00,328,27,301
2020-02-13 09:00:00,160,17,143
2020-02-13 10:00:00,59,11,48
2020-02-13 11:00:00,24,6,18
2020-02-13 12:00:00,30,11,19
2020-02-13 13:00:00,34,22,12
2020-02-13 14:00:00,35,25,10
2020-02-13 15:00:00,91,64,27
2020-02-13 16:00:00,168,150,18
2020-02-13 17:00:00,313,281,32
2020-02-13 18:00:00,156,145,11
2020-02-13 19:00:00,57,46,11
2020-02-13 20:00:00,31,25,6
2020-02-13 21:00:00,19,15,4
2020-02-13 22:00:00,10,9,1
2020-02-13 23:00:00,11,8,3
2020-02-14 00:00:00,5,5,0
2020-02-14 01:00:00,0,0,0
2020-02-14 02:00:00,0,0,0
2020-02-14 03:00:00,2,1,1
2020-02-14 04:00:00,5,3,2
2020-02-14 05:00:00,16,3,13
2020-02-14 06:00:00,41,7,34
2020-02-14 07:00:00,173,14,159
2020-02-14 08:00:00,290,23,267
2020-02-14 09:00:00,175,23,152
2020-02-14 10:00:00,63,9,54
2020-02-14 11:00:00,50,15,35
2020-02-14 12:00:00,35,17,18
2020-02-14 13:00:00,61,30,31
2020-02-14 14:00:00,62,46,16
2020-02-14 15:00:00,120,96,24
2020-02-14 16:00:00,223,200,23
2020-02-14 17:00:00,284,261,23
2020-02-14 18:00:00,142,123,19
2020-02-14 19:00:00,58,43,15
2020-02-14 20:00:00,18,13,5
2020-02-14 21:00:00,12,9,3
2020-02-14 22:00:00,10,7,3
2020-02-14 23:00:00,8,7,1
2020-02-15 00:00:00,3,2,1
2020-02-15 01:00:00,4,3,1
2020-02-15 02:00:00,3,2,1
2020-02-15 03:00:00,1,1,0
2020-02-15 04:00:00,0,0,0
2020-02-15 05:00:00,3,2,1
2020-02-15 06:00:00,4,1,3
2020-02-15 07:00:00,9,6,3
2020-02-15 08:00:00,20,6,14
2020-02-15 09:00:00,21,5,16
2020-02-15 10:00:00,44,35,9
2020-02-15 11:00:00,26,12,14
2020-02-15 12:00:00,34,19,15
2020-02-15 13:00:00,17,8,9
2020-02-15 14:00:00,26,13,13
2020-02-15 15:00:00,21,5,16
2020-02-15 16:00:00,33,22,11
2020-02-15 17:00:00,30,17,13
2020-02-15 18:00:00,19,13,6
2020-02-15 19:00:00,12,1,11
2020-02-15 20:00:00,15,14,1
2020-02-15 21:00:00,4,1,3
2020-02-15 22:00:00,2,1,1
2020-02-15 23:00:00,3,3,0
2020-02-16 00:00:00,7,4,3
2020-02-16 01:00:00,2,2,0
2020-02-16 02:00:00,4,2,2
2020-02-16 03:00:00,0,0,0
2020-02-16 04:00:00,0,0,0
2020-02-16 05:00:00,1,0,1
2020-02-16 06:00:00,4,3,1
2020-02-16 07:00:00,5,4,1
2020-02-16 08:00:00,21,7,14
2020-02-16 09:00:00,20,2,18
2020-02-16 10:00:00,17,12,5
2020-02-16 11:00:00,46,34,12
2020-02-16 12:00:00,53,27,26
2020-02-16 13:00:00,63,27,36
2020-02-16 14:00:00,75,39,36
2020-02-16 15:00:00,42,24,18
2020-02-16 16:00:00,29,13,16
2020-02-16 17:00:00,34,17,17
2020-02-16 18:00:00,18,13,5
2020-02-16 19:00:00,11,7,4
2020-02-16 20:00:00,8,3,5
2020-02-16 21:00:00,5,2,3
2020-02-16 22:00:00,5,5,0
2020-02-16 23:00:00,3,3,0
2020-02-17 00:00:00,3,2,1
2020-02-17 01:00:00,2,2,0
2020-02-17 02:00:00,1,1,0
2020-02-17 03:00:00,4,2,2
2020-02-17 04:00:00,3,2,1
2020-02-17 05:00:00,9,2,7
2020-02-17 06:00:00,37,12,25
2020-02-17 07:00:00,93,6,87
2020-02-17 08:00:00,178,15,163
2020-02-17 09:00:00,101,11,90
2020-02-17 10:00:00,74,28,46
2020-02-17 11:00:00,64,27,37
2020-02-17 12:00:00,64,32,32
2020-02-17 13:00:00,64,39,25
2020-02-17 14:00:00,86,46,40
2020-02-17 15:00:00,86,54,32
2020-02-17 16:00:00,142,101,41
2020-02-17 17:00:00,227,181,46
2020-02-17 18:00:00,103,86,17
2020-02-17 19:00:00,44,34,10
2020-02-17 20:00:00,31,20,11
2020-02-17 21:00:00,19,15,4
2020-02-17 22:00:00,12,8,4
2020-02-17 23:00:00,11,9,2
2020-02-18 00:00:00,1,0,1
2020-02-18 01:00:00,1,0,1
2020-02-18 02:00:00,2,1,1
2020-02-18 03:00:00,3,1,2
2020-02-18 04:00:00,3,1,2
2020-02-18 05:00:00,17,5,12
2020-02-18 06:00:00,64,16,48
2020-02-18 07:00:00,208,16,192
2020-02-18 08:00:00,378,36,342
2020-02-18 09:00:00,205,14,191
2020-02-18 10:00:00,70,20,50
2020-02-18 11:00:00,48,18,30
2020-02-18 12:00:00,45,18,27
2020-02-18 13:00:00,64,48,16
2020-02-18 14:00:00,60,41,19
2020-02-18 15:00:00,91,69,22
2020-02-18 16:00:00,226,190,36
2020-02-18 17:00:00,431,368,63
2020-02-18 18:00:00,187,155,32
2020-02-18 19:00:00,91,73,18
2020-02-18 20:00:00,37,30,7
2020-02-18 21:00:00,30,21,9
2020-02-18 22:00:00,9,8,1
2020-02-18 23:00:00,9,7,2
2020-02-19 00:00:00,1,0,1
2020-02-19 01:00:00,0,0,0
2020-02-19 02:00:00,0,0,0
2020-02-19 03:00:00,2,1,1
2020-02-19 04:00:00,3,2,1
2020-02-19 05:00:00,13,4,9
2020-02-19 06:00:00,78,16,62
2020-02-19 07:00:00,189,22,167
2020-02-19 08:00:00,351,29,322
2020-02-19 09:00:00,207,33,174
2020-02-19 10:00:00,89,13,76
2020-02-19 11:00:00,69,30,39
2020-02-19 12:00:00,39,18,21
2020-02-19 13:00:00,57,30,27
2020-02-19 14:00:00,52,34,18
2020-02-19 15:00:00,92,61,31
2020-02-19 16:00:00,262,219,43
2020-02-19 17:00:00,381,335,46
2020-02-19 18:00:00,205,170,35
2020-02-19 19:00:00,84,72,12
2020-02-19 20:00:00,53,39,14
2020-02-19 21:00:00,34,25,9
2020-02-19 22:00:00,15,10,5
2020-02-19 23:00:00,6,4,2
2020-02-20 00:00:00,5,5,0
2020-02-20 01:00:00,3,1,2
2020-02-20 02:00:00,0,0,0
2020-02-20 03:00:00,2,1,1
2020-02-20 04:00:00,1,1,0
2020-02-20 05:00:00,13,4,9
2020-02-20 06:00:00,66,14,52
2020-02-20 07:00:00,197,19,178
2020-02-20 08:00:00,358,33,325
2020-02-20 09:00:00,220,22,198
2020-02-20 10:00:00,104,22,82
2020-02-20 11:00:00,38,12,26
2020-02-20 12:00:00,56,20,36
2020-02-20 13:00:00,51,22,29
2020-02-20 14:00:00,55,32,23
2020-02-20 15:00:00,100,72,28
2020-02-20 16:00:00,265,229,36
2020-02-20 17:00:00,363,314,49
2020-02-20 18:00:00,218,192,26
2020-02-20 19:00:00,96,82,14
2020-02-20 20:00:00,54,39,15
2020-02-20 21:00:00,27,24,3
2020-02-20 22:00:00,16,11,5
2020-02-20 23:00:00,8,8,0
2020-02-21 00:00:00,5,4,1
2020-02-21 01:00:00,7,5,2
2020-02-21 02:00:00,0,0,0
2020-02-21 03:00:00,2,1,1
2020-02-21 04:00:00,2,1,1
2020-02-21 05:00:00,9,4,5
2020-02-21 06:00:00,61,14,47
2020-02-21 07:00:00,172,21,151
2020-02-21 08:00:00,301,20,281
2020-02-21 09:00:00,185,22,163
2020-02-21 10:00:00,73,18,55
2020-02-21 11:00:00,40,19,21
2020-02-21 12:00:00,60,29,31
2020-02-21 13:00:00,72,44,28
2020-02-21 14:00:00,86,48,38
2020-02-21 15:00:00,131,90,41
2020-02-21 16:00:00,245,205,40
2020-02-21 17:00:00,326,282,44
2020-02-21 18:00:00,156,130,26
2020-02-21 19:00:00,70,53,17
2020-02-21 20:00:00,30,18,12
2020-02-21 21:00:00,22,17,5
2020-02-21 22:00:00,18,13,5
2020-02-21 23:00:00,12,8,4
2020-02-22 00:00:00,8,6,2
2020-02-22 01:00:00,3,0,3
2020-02-22 02:00:00,1,1,0
2020-02-22 03:00:00,1,1,0
2020-02-22 04:00:00,1,1,0
2020-02-22 05:00:00,1,0,1
2020-02-22 06:00:00,8,5,3
2020-02-22 07:00:00,12,6,6
2020-02-22 08:00:00,30,11,19
2020-02-22 09:00:00,34,12,22
2020-02-22 10:00:00,44,26,18
2020-02-22 11:00:00,53,21,32
2020-02-22 12:00:00,54,27,27
2020-02-22 13:00:00,49,22,27
2020-02-22 14:00:00,61,32,29
2020-02-22 15:00:00,59,31,28
2020-02-22 16:00:00,49,26,23
2020-02-22 17:00:00,45,26,19
2020-02-22 18:00:00,22,16,6
2020-02-22 19:00:00,14,6,8
2020-02-22 20:00:00,16,13,3
2020-02-22 21:00:00,20,11,9
2020-02-22 22:00:00,11,10,1
2020-02-22 23:00:00,7,5,2
2020-02-23 00:00:00,0,0,0
2020-02-23 01:00:00,7,4,3
2020-02-23 02:00:00,4,0,4
2020-02-23 03:00:00,2,2,0
2020-02-23 04:00:00,0,0,0
2020-02-23 05:00:00,1,0,1
2020-02-23 06:00:00,5,0,5
2020-02-23 07:00:00,13,1,12
2020-02-23 08:00:00,21,6,15
2020-02-23 09:00:00,19,2,17
2020-02-23 10:00:00,24,12,12
2020-02-23 11:00:00,24,8,16
2020-02-23 12:00:00,32,22,10
2020-02-23 13:00:00,60,41,19
2020-02-23 14:00:00,51,33,18
2020-02-23 15:00:00,48,31,17
2020-02-23 16:00:00,40,21,19
2020-02-23 17:00:00,38,15,23
2020-02-23 18:00:00,14,6,8
2020-02-23 19:00:00,19,15,4
2020-02-23 20:00:00,13,4,9
2020-02-23 21:00:00,6,0,6
2020-02-23 22:00:00,5,5,0
2020-02-23 23:00:00,4,4,0
2020-02-24 00:00:00,0,0,0
2020-02-24 01:00:00,0,0,0
2020-02-24 02:00:00,0,0,0
2020-02-24 03:00:00,1,1,0
2020-02-24 04:00:00,3,2,1
2020-02-24 05:00:00,11,4,7
2020-02-24 06:00:00,73,17,56
2020-02-24 07:00:00,227,18,209
2020-02-24 08:00:00,425,31,394
2020-02-24 09:00:00,237,22,215
2020-02-24 10:00:00,76,13,63
2020-02-24 11:00:00,44,15,29
2020-02-24 12:00:00,45,21,24
2020-02-24 13:00:00,52,32,20
2020-02-24 14:00:00,42,25,17
2020-02-24 15:00:00,72,53,19
2020-02-24 16:00:00,234,208,26
2020-02-24 17:00:00,446,410,36
2020-02-24 18:00:00,228,209,19
2020-02-24 19:00:00,88,75,13
2020-02-24 20:00:00,32,26,6
2020-02-24 21:00:00,30,24,6
2020-02-24 22:00:00,20,12,8
2020-02-24 23:00:00,5,5,0
2020-02-25 00:00:00,2,2,0
2020-02-25 01:00:00,0,0,0
2020-02-25 02:00:00,2,2,0
2020-02-25 03:00:00,3,1,2
2020-02-25 04:00:00,2,0,2
2020-02-25 05:00:00,18,4,14
2020-02-25 06:00:00,85,18,67
2020-02-25 07:00:00,226,22,204
2020-02-25 08:00:00,429,32,397
2020-02-25 09:00:00,205,25,180
2020-02-25 10:00:00,69,11,58
2020-02-25 11:00:00,42,17,25
2020-02-25 12:00:00,40,21,19
2020-02-25 13:00:00,36,19,17
2020-02-25 14:00:00,43,28,15
2020-02-25 15:00:00,102,76,26
2020-02-25 16:00:00,260,232,28
2020-02-25 17:00:00,457,410,47
2020-02-25 18:00:00,242,208,34
2020-02-25 19:00:00,76,65,11
2020-02-25 20:00:00,51,42,9
2020-02-25 21:00:00,33,24,9
2020-02-25 22:00:00,11,8,3
2020-02-25 23:00:00,11,8,3
2020-02-26 00:00:00,3,2,1
2020-02-26 01:00:00,2,1,1
2020-02-26 02:00:00,1,1,0
2020-02-26 03:00:00,2,1,1
2020-02-26 04:00:00,2,1,1
2020-02-26 05:00:00,17,5,12
2020-02-26 06:00:00,71,14,57
2020-02-26 07:00:00,229,16,213
2020-02-26 08:00:00,400,25,375
2020-02-26 09:00:00,233,27,206
2020-02-26 10:00:00,74,10,64
2020-02-26 11:00:00,43,18,25
2020-02-26 12:00:00,44,14,30
2020-02-26 13:00:00,50,26,24
2020-02-26 14:00:00,56,35,21
2020-02-26 15:00:00,83,61,22
2020-02-26 16:00:00,271,248,23
2020-02-26 17:00:00,450,392,58
2020-02-26 18:00:00,233,198,35
2020-02-26 19:00:00,89,70,19
2020-02-26 20:00:00,47,39,8
2020-02-26 21:00:00,45,31,14
2020-02-26 22:00:00,13,8,5
2020-02-26 23:00:00,10,8,2
2020-02-27 00:00:00,7,6,1
2020-02-27 01:00:00,1,1,0
2020-02-27 02:00:00,2,1,1
2020-02-27 03:00:00,3,1,2
2020-02-27 04:00:00,1,0,1
2020-02-27 05:00:00,12,3,9
2020-02-27 06:00:00,68,16,52
2020-02-27 07:00:00,253,28,225
2020-02-27 08:00:00,444,38,406
2020-02-27 09:00:00,224,27,197
2020-02-27 10:00:00,82,18,64
2020-02-27 11:00:00,49,17,32
2020-02-27 12:00:00,69,34,35
2020-02-27 13:00:00,54,24,30
2020-02-27 14:00:00,80,46,34
2020-02-27 15:00:00,126,100,26
2020-02-27 16:00:00,284,233,51
2020-02-27 17:00:00,473,416,57
2020-02-27 18:00:00,243,201,42
2020-02-27 19:00:00,99,77,22
2020-02-27 20:00:00,48,40,8
2020-02-27 21:00:00,45,38,7
2020-02-27 22:00:00,21,16,5
2020-02-27 23:00:00,12,8,4
2020-02-28 00:00:00,5,5,0
2020-02-28 01:00:00,2,2,0
2020-02-28 02:00:00,1,1,0
2020-02-28 03:00:00,1,0,1
2020-02-28 04:00:00,3,1,2
2020-02-28 05:00:00,14,6,8
2020-02-28 06:00:00,60,16,44
2020-02-28 07:00:00,167,14,153
2020-02-28 08:00:00,311,18,293
2020-02-28 09:00:00,166,18,148
2020-02-28 10:00:00,60,16,44
2020-02-28 11:00:00,44,17,27
2020-02-28 12:00:00,30,19,11
2020-02-28 13:00:00,62,39,23
2020-02-28 14:00:00,70,46,24
2020-02-28 15:00:00,105,81,24
2020-02-28 16:00:00,206,184,22
2020-02-28 17:00:00,260,241,19
2020-02-28 18:00:00,136,118,18
2020-02-28 19:00:00,51,45,6
2020-02-28 20:00:00,24,21,3
2020-02-28 21:00:00,17,13,4
2020-02-28 22:00:00,8,7,1
2020-02-28 23:00:00,10,8,2
2020-02-29 00:00:00,5,4,1
2020-02-29 01:00:00,1,1,0
2020-02-29 02:00:00,4,3,1
2020-02-29 03:00:00,1,1,0
2020-02-29 04:00:00,0,0,0
2020-02-29 05:00:00,4,1,3
2020-02-29 06:00:00,9,3,6
2020-02-29 07:00:00,13,7,6
2020-02-29 08:00:00,29,6,23
2020-02-29 09:00:00,42,21,21
2020-02-29 10:00:00,43,22,21
2020-02-29 11:00:00,51,21,30
2020-02-29 12:00:00,54,29,25
2020-02-29 13:00:00,65,37,28
2020-02-29 14:00:00,67,40,27
2020-02-29 15:00:00,72,34,38
2020-02-29 16:00:00,56,30,26
2020-02-29 17:00:00,50,26,24
2020-02-29 18:00:00,31,17,14
2020-02-29 19:00:00,16,10,6
2020-02-29 20:00:00,21,12,9
2020-02-29 21:00:00,14,9,5
2020-02-29 22:00:00,9,6,3
2020-02-29 23:00:00,20,17,3
2020-03-01 00:00:00,5,1,4
2020-03-01 01:00:00,4,2,2
2020-03-01 02:00:00,2,2,0
2020-03-01 03:00:00,0,0,0
2020-03-01 04:00:00,3,1,2
2020-03-01 05:00:00,0,0,0
2020-03-01 06:00:00,7,4,3
2020-03-01 07:00:00,13,5,8
2020-03-01 08:00:00,16,6,10
2020-03-01 09:00:00,34,17,17
2020-03-01 10:00:00,49,25,24
2020-03-01 11:00:00,49,25,24
2020-03-01 12:00:00,86,52,34
2020-03-01 13:00:00,81,41,40
2020-03-01 14:00:00,91,37,54
2020-03-01 15:00:00,79,42,37
2020-03-01 16:00:00,55,30,25
2020-03-01 17:00:00,44,28,16
2020-03-01 18:00:00,26,10,16
2020-03-01 19:00:00,8,6,2
2020-03-01 20:00:00,16,7,9
2020-03-01 21:00:00,7,3,4
2020-03-01 22:00:00,7,6,1
2020-03-01 23:00:00,4,2,2
2020-03-02 00:00:00,0,0,0
2020-03-02 01:00:00,0,0,0
2020-03-02 02:00:00,0,0,0
2020-03-02 03:00:00,2,1,1
2020-03-02 04:00:00,5,2,3
2020-03-02 05:00:00,15,5,10
2020-03-02 06:00:00,50,10,40
2020-03-02 07:00:00,227,12,215
2020-03-02 08:00:00,328,20,308
2020-03-02 09:00:00,216,18,198
2020-03-02 10:00:00,53,9,44
2020-03-02 11:00:00,35,12,23
2020-03-02 12:00:00,20,9,11
2020-03-02 13:00:00,26,18,8
2020-03-02 14:00:00,25,17,8
2020-03-02 15:00:00,64,52,12
2020-03-02 16:00:00,190,169,21
2020-03-02 17:00:00,372,349,23
2020-03-02 18:00:00,212,191,21
2020-03-02 19:00:00,79,68,11
2020-03-02 20:00:00,29,23,6
2020-03-02 21:00:00,26,18,8
2020-03-02 22:00:00,16,11,5
2020-03-02 23:00:00,3,0,3
2020-03-03 00:00:00,1,1,0
2020-03-03 01:00:00,0,0,0
2020-03-03 02:00:00,0,0,0
2020-03-03 03:00:00,1,0,1
2020-03-03 04:00:00,4,3,1
2020-03-03 05:00:00,18,4,14
2020-03-03 06:00:00,66,11,55
2020-03-03 07:00:00,213,18,195
2020-03-03 08:00:00,403,20,383
2020-03-03 09:00:00,215,25,190
2020-03-03 10:00:00,85,12,73
2020-03-03 11:00:00,54,23,31
2020-03-03 12:00:00,47,22,25
2020-03-03 13:00:00,42,27,15
2020-03-03 14:00:00,46,32,14
2020-03-03 15:00:00,107,87,20
2020-03-03 16:00:00,236,210,26
2020-03-03 17:00:00,459,418,41
2020-03-03 18:00:00,239,210,29
2020-03-03 19:00:00,82,72,10
2020-03-03 20:00:00,35,29,6
2020-03-03 21:00:00,23,18,5
2020-03-03 22:00:00,18,15,3
2020-03-03 23:00:00,7,3,4
2020-03-04 00:00:00,3,3,0
2020-03-04 01:00:00,1,1,0
2020-03-04 02:00:00,2,2,0
2020-03-04 03:00:00,2,1,1
2020-03-04 04:00:00,1,1,0
2020-03-04 05:00:00,19,6,13
2020-03-04 06:00:00,77,16,61
2020-03-04 07:00:00,225,21,204
2020-03-04 08:00:00,376,30,346
2020-03-04 09:00:00,187,19,168
2020-03-04 10:00:00,78,19,59
2020-03-04 11:00:00,59,23,36
2020-03-04 12:00:00,55,32,23
2020-03-04 13:00:00,54,33,21
2020-03-04 14:00:00,79,50,29
2020-03-04 15:00:00,89,66,23
2020-03-04 16:00:00,240,204,36
2020-03-04 17:00:00,403,356,47
2020-03-04 18:00:00,250,213,37
2020-03-04 19:00:00,77,64,13
2020-03-04 20:00:00,47,39,8
2020-03-04 21:00:00,30,23,7
2020-03-04 22:00:00,14,11,3
2020-03-04 23:00:00,7,3,4
2020-03-05 00:00:00,4,3,1
2020-03-05 01:00:00,1,1,0
2020-03-05 02:00:00,1,1,0
2020-03-05 03:00:00,1,0,1
2020-03-05 04:00:00,3,1,2
2020-03-05 05:00:00,13,4,9
2020-03-05 06:00:00,62,14,48
2020-03-05 07:00:00,143,16,127
2020-03-05 08:00:00,260,27,233
2020-03-05 09:00:00,139,31,108
2020-03-05 10:00:00,49,14,35
2020-03-05 11:00:00,43,19,24
2020-03-05 12:00:00,58,27,31
2020-03-05 13:00:00,51,27,24
2020-03-05 14:00:00,77,55,22
2020-03-05 15:00:00,83,61,22
2020-03-05 16:00:00,163,142,21
2020-03-05 17:00:00,237,203,34
2020-03-05 18:00:00,119,103,16
2020-03-05 19:00:00,44,35,9
2020-03-05 20:00:00,30,23,7
2020-03-05 21:00:00,15,10,5
2020-03-05 22:00:00,6,4,2
2020-03-05 23:00:00,5,3,2
2020-03-06 00:00:00,2,1,1
2020-03-06 01:00:00,0,0,0
2020-03-06 02:00:00,1,1,0
2020-03-06 03:00:00,2,0,2
2020-03-06 04:00:00,2,2,0
2020-03-06 05:00:00,12,4,8
2020-03-06 06:00:00,21,9,12
2020-03-06 07:00:00,79,10,69
2020-03-06 08:00:00,123,20,103
2020-03-06 09:00:00,49,6,43
2020-03-06 10:00:00,25,7,18
2020-03-06 11:00:00,24,8,16
2020-03-06 12:00:00,31,16,15
2020-03-06 13:00:00,40,16,24
2020-03-06 14:00:00,30,23,7
2020-03-06 15:00:00,50,33,17
2020-03-06 16:00:00,82,62,20
2020-03-06 17:00:00,124,101,23
2020-03-06 18:00:00,76,60,16
2020-03-06 19:00:00,51,37,14
2020-03-06 20:00:00,19,11,8
2020-03-06 21:00:00,13,10,3
2020-03-06 22:00:00,11,7,4
2020-03-06 23:00:00,8,3,5
2020-03-07 00:00:00,11,6,5
2020-03-07 01:00:00,4,4,0
2020-03-07 02:00:00,1,0,1
2020-03-07 03:00:00,1,0,1
2020-03-07 04:00:00,0,0,0
2020-03-07 05:00:00,3,2,1
2020-03-07 06:00:00,11,9,2
2020-03-07 07:00:00,17,6,11
2020-03-07 08:00:00,19,4,15
2020-03-07 09:00:00,29,13,16
2020-03-07 10:00:00,29,12,17
2020-03-07 11:00:00,34,19,15
2020-03-07 12:00:00,33,19,14
2020-03-07 13:00:00,23,14,9
2020-03-07 14:00:00,34,16,18
2020-03-07 15:00:00,47,32,15
2020-03-07 16:00:00,56,29,27
2020-03-07 17:00:00,61,26,35
2020-03-07 18:00:00,24,13,11
2020-03-07 19:00:00,19,11,8
2020-03-07 20:00:00,11,5,6
2020-03-07 21:00:00,14,10,4
2020-03-07 22:00:00,7,4,3
2020-03-07 23:00:00,5,2,3
2020-03-08 00:00:00,3,3,0
2020-03-08 01:00:00,3,2,1
2020-03-08 02:00:00,0,0,0
2020-03-08 03:00:00,0,0,0
2020-03-08 04:00:00,2,1,1
2020-03-08 05:00:00,1,0,1
2020-03-08 06:00:00,1,0,1
2020-03-08 07:00:00,11,5,6
2020-03-08 08:00:00,12,4,8
2020-03-08 09:00:00,16,10,6
2020-03-08 10:00:00,17,6,11
2020-03-08 11:00:00,39,13,26
2020-03-08 12:00:00,60,36,24
2020-03-08 13:00:00,76,49,27
2020-03-08 14:00:00,90,44,46
2020-03-08 15:00:00,76,40,36
2020-03-08 16:00:00,105,51,54
2020-03-08 17:00:00,67,35,32
2020-03-08 18:00:00,37,16,21
2020-03-08 19:00:00,20,7,13
2020-03-08 20:00:00,11,9,2
2020-03-08 21:00:00,9,4,5
2020-03-08 22:00:00,4,4,0
2020-03-08 23:00:00,2,0,2
2020-03-09 00:00:00,4,4,0
2020-03-09 01:00:00,1,1,0
2020-03-09 02:00:00,0,0,0
2020-03-09 03:00:00,2,1,1
2020-03-09 04:00:00,6,5,1
2020-03-09 05:00:00,15,4,11
2020-03-09 06:00:00,36,13,23
2020-03-09 07:00:00,87,13,74
2020-03-09 08:00:00,164,19,145
2020-03-09 09:00:00,101,15,86
2020-03-09 10:00:00,45,10,35
2020-03-09 11:00:00,35,12,23
2020-03-09 12:00:00,53,20,33
2020-03-09 13:00:00,62,35,27
2020-03-09 14:00:00,58,24,34
2020-03-09 15:00:00,96,61,35
2020-03-09 16:00:00,174,124,50
2020-03-09 17:00:00,232,183,49
2020-03-09 18:00:00,171,129,42
2020-03-09 19:00:00,66,32,34
2020-03-09 20:00:00,28,19,9
2020-03-09 21:00:00,23,12,11
2020-03-09 22:00:00,16,12,4
2020-03-09 23:00:00,6,3,3
2020-03-10 00:00:00,3,2,1
2020-03-10 01:00:00,2,2,0
2020-03-10 02:00:00,1,0,1
2020-03-10 03:00:00,2,1,1
2020-03-10 04:00:00,3,2,1
2020-03-10 05:00:00,16,5,11
2020-03-10 06:00:00,44,11,33
2020-03-10 07:00:00,102,17,85
2020-03-10 08:00:00,151,16,135
2020-03-10 09:00:00,99,13,86
2020-03-10 10:00:00,55,15,40
2020-03-10 11:00:00,38,14,24
2020-03-10 12:00:00,37,17,20
2020-03-10 13:00:00,39,23,16
2020-03-10 14:00:00,42,23,19
2020-03-10 15:00:00,58,42,16
2020-03-10 16:00:00,130,105,25
2020-03-10 17:00:00,175,151,24
2020-03-10 18:00:00,123,102,21
2020-03-10 19:00:00,55,37,18
2020-03-10 20:00:00,30,19,11
2020-03-10 21:00:00,18,14,4
2020-03-10 22:00:00,17,13,4
2020-03-10 23:00:00,3,3,0
2020-03-11 00:00:00,2,2,0
2020-03-11 01:00:00,2,1,1
2020-03-11 02:00:00,0,0,0
2020-03-11 03:00:00,1,0,1
2020-03-11 04:00:00,3,3,0
2020-03-11 05:00:00,13,6,7
2020-03-11 06:00:00,34,10,24
2020-03-11 07:00:00,108,17,91
2020-03-11 08:00:00,151,17,134
2020-03-11 09:00:00,104,18,86
2020-03-11 10:00:00,58,15,43
2020-03-11 11:00:00,46,16,30
2020-03-11 12:00:00,47,23,24
2020-03-11 13:00:00,47,27,20
2020-03-11 14:00:00,54,29,25
2020-03-11 15:00:00,74,45,29
2020-03-11 16:00:00,130,102,28
2020-03-11 17:00:00,207,172,35
2020-03-11 18:00:00,135,107,28
2020-03-11 19:00:00,62,46,16
2020-03-11 20:00:00,27,18,9
2020-03-11 21:00:00,24,14,10
2020-03-11 22:00:00,12,4,8
2020-03-11 23:00:00,6,4,2
2020-03-12 00:00:00,1,0,1
2020-03-12 01:00:00,0,0,0
2020-03-12 02:00:00,0,0,0
2020-03-12 03:00:00,3,1,2
2020-03-12 04:00:00,4,1,3
2020-03-12 05:00:00,14,3,11
2020-03-12 06:00:00,45,17,28
2020-03-12 07:00:00,86,16,70
2020-03-12 08:00:00,127,21,106
2020-03-12 09:00:00,76,6,70
2020-03-12 10:00:00,38,13,25
2020-03-12 11:00:00,32,11,21
2020-03-12 12:00:00,39,23,16
2020-03-12 13:00:00,37,17,20
2020-03-12 14:00:00,58,29,29
2020-03-12 15:00:00,71,46,25
2020-03-12 16:00:00,119,93,26
2020-03-12 17:00:00,177,136,41
2020-03-12 18:00:00,121,80,41
2020-03-12 19:00:00,62,42,20
2020-03-12 20:00:00,37,22,15
2020-03-12 21:00:00,18,11,7
2020-03-12 22:00:00,4,4,0
2020-03-12 23:00:00,7,4,3
2020-03-13 00:00:00,4,3,1
2020-03-13 01:00:00,1,1,0
2020-03-13 02:00:00,2,0,2
2020-03-13 03:00:00,3,1,2
2020-03-13 04:00:00,5,2,3
2020-03-13 05:00:00,10,5,5
2020-03-13 06:00:00,28,8,20
2020-03-13 07:00:00,43,5,38
2020-03-13 08:00:00,55,9,46
2020-03-13 09:00:00,45,10,35
2020-03-13 10:00:00,26,7,19
2020-03-13 11:00:00,25,8,17
2020-03-13 12:00:00,14,5,9
2020-03-13 13:00:00,26,16,10
2020-03-13 14:00:00,26,12,14
2020-03-13 15:00:00,26,19,7
2020-03-13 16:00:00,37,32,5
2020-03-13 17:00:00,73,62,11
2020-03-13 18:00:00,37,31,6
2020-03-13 19:00:00,16,8,8
2020-03-13 20:00:00,7,7,0
2020-03-13 21:00:00,2,2,0
2020-03-13 22:00:00,6,5,1
2020-03-13 23:00:00,5,1,4
2020-03-14 00:00:00,2,2,0
2020-03-14 01:00:00,1,0,1
2020-03-14 02:00:00,0,0,0
2020-03-14 03:00:00,0,0,0
2020-03-14 04:00:00,0,0,0
2020-03-14 05:00:00,4,2,2
2020-03-14 06:00:00,9,3,6
2020-03-14 07:00:00,7,6,1
2020-03-14 08:00:00,17,3,14
2020-03-14 09:00:00,27,11,16
2020-03-14 10:00:00,21,11,10
2020-03-14 11:00:00,36,19,17
2020-03-14 12:00:00,44,25,19
2020-03-14 13:00:00,65,29,36
2020-03-14 14:00:00,60,34,26
2020-03-14 15:00:00,89,48,41
2020-03-14 16:00:00,61,32,29
2020-03-14 17:00:00,41,24,17
2020-03-14 18:00:00,25,13,12
2020-03-14 19:00:00,31,22,9
2020-03-14 20:00:00,14,5,9
2020-03-14 21:00:00,10,7,3
2020-03-14 22:00:00,9,8,1
2020-03-14 23:00:00,7,5,2
2020-03-15 00:00:00,2,1,1
2020-03-15 01:00:00,0,0,0
2020-03-15 02:00:00,0,0,0
2020-03-15 03:00:00,3,3,0
2020-03-15 04:00:00,0,0,0
2020-03-15 05:00:00,1,0,1
2020-03-15 06:00:00,2,0,2
2020-03-15 07:00:00,6,4,2
2020-03-15 08:00:00,12,3,9
2020-03-15 09:00:00,15,7,8
2020-03-15 10:00:00,33,22,11
2020-03-15 11:00:00,50,31,19
2020-03-15 12:00:00,77,43,34
2020-03-15 13:00:00,73,46,27
2020-03-15 14:00:00,78,48,30
2020-03-15 15:00:00,120,63,57
2020-03-15 16:00:00,99,48,51
2020-03-15 17:00:00,66,30,36
2020-03-15 18:00:00,38,20,18
2020-03-15 19:00:00,17,9,8
2020-03-15 20:00:00,11,6,5
2020-03-15 21:00:00,9,7,2
2020-03-15 22:00:00,4,3,1
2020-03-15 23:00:00,3,0,3
2020-03-16 00:00:00,2,2,0
2020-03-16 01:00:00,0,0,0
2020-03-16 02:00:00,1,1,0
2020-03-16 03:00:00,4,1,3
2020-03-16 04:00:00,0,0,0
2020-03-16 05:00:00,14,6,8
2020-03-16 06:00:00,31,6,25
2020-03-16 07:00:00,49,9,40
2020-03-16 08:00:00,96,8,88
2020-03-16 09:00:00,71,10,61
2020-03-16 10:00:00,43,17,26
2020-03-16 11:00:00,30,16,14
2020-03-16 12:00:00,54,26,28
2020-03-16 13:00:00,53,25,28
2020-03-16 14:00:00,74,43,31
2020-03-16 15:00:00,90,48,42
2020-03-16 16:00:00,126,89,37
2020-03-16 17:00:00,184,129,55
2020-03-16 18:00:00,143,92,51
2020-03-16 19:00:00,55,34,21
2020-03-16 20:00:00,25,16,9
2020-03-16 21:00:00,15,6,9
2020-03-16 22:00:00,5,4,1
2020-03-16 23:00:00,6,3,3
2020-03-17 00:00:00,2,1,1
2020-03-17 01:00:00,1,0,1
2020-03-17 02:00:00,0,0,0
2020-03-17 03:00:00,1,0,1
2020-03-17 04:00:00,1,0,1
2020-03-17 05:00:00,12,5,7
2020-03-17 06:00:00,25,8,17
2020-03-17 07:00:00,64,12,52
2020-03-17 08:00:00,92,12,80
2020-03-17 09:00:00,57,15,42
2020-03-17 10:00:00,45,12,33
2020-03-17 11:00:00,27,10,17
2020-03-17 12:00:00,60,31,29
2020-03-17 13:00:00,52,28,24
2020-03-17 14:00:00,60,24,36
2020-03-17 15:00:00,85,59,26
2020-03-17 16:00:00,124,77,47
2020-03-17 17:00:00,174,126,48
2020-03-17 18:00:00,164,101,63
2020-03-17 19:00:00,54,31,23
2020-03-17 20:00:00,23,12,11
2020-03-17 21:00:00,9,4,5
2020-03-17 22:00:00,9,8,1
2020-03-17 23:00:00,1,1,0
2020-03-18 00:00:00,1,0,1
2020-03-18 01:00:00,1,1,0
2020-03-18 02:00:00,0,0,0
2020-03-18 03:00:00,1,0,1
2020-03-18 04:00:00,2,2,0
2020-03-18 05:00:00,12,5,7
2020-03-18 06:00:00,25,6,19
2020-03-18 07:00:00,55,14,41
2020-03-18 08:00:00,84,15,69
2020-03-18 09:00:00,57,13,44
2020-03-18 10:00:00,30,12,18
2020-03-18 11:00:00,42,15,27
2020-03-18 12:00:00,67,32,35
2020-03-18 13:00:00,65,37,28
2020-03-18 14:00:00,92,49,43
2020-03-18 15:00:00,112,63,49
2020-03-18 16:00:00,156,105,51
2020-03-18 17:00:00,230,148,82
2020-03-18 18:00:00,184,95,89
2020-03-18 19:00:00,83,24,59
2020-03-18 20:00:00,0,0,0
2020-03-18 21:00:00,0,0,0
2020-03-18 22:00:00,0,0,0
2020-03-18 23:00:00,0,0,0
2020-03-19 00:00:00,0,0,0
2020-03-19 01:00:00,0,0,0
2020-03-19 02:00:00,0,0,0
2020-03-19 03:00:00,0,0,0
2020-03-19 04:00:00,0,0,0
2020-03-19 05:00:00,0,0,0
2020-03-19 06:00:00,0,0,0
2020-03-19 07:00:00,0,0,0
2020-03-19 08:00:00,0,0,0
2020-03-19 09:00:00,0,0,0
2020-03-19 10:00:00,0,0,0
2020-03-19 11:00:00,0,0,0
2020-03-19 12:00:00,0,0,0
2020-03-19 13:00:00,0,0,0
2020-03-19 14:00:00,0,0,0
2020-03-19 15:00:00,0,0,0
2020-03-19 16:00:00,1,1,0
2020-03-19 17:00:00,0,0,0
2020-03-19 18:00:00,0,0,0
2020-03-19 19:00:00,0,0,0
2020-03-19 20:00:00,0,0,0
2020-03-19 21:00:00,3,1,2
2020-03-19 22:00:00,0,0,0
2020-03-19 23:00:00,0,0,0
2020-03-20 00:00:00,0,0,0
2020-03-20 01:00:00,0,0,0
2020-03-20 02:00:00,0,0,0
2020-03-20 03:00:00,0,0,0
2020-03-20 04:00:00,0,0,0
2020-03-20 05:00:00,0,0,0
2020-03-20 06:00:00,0,0,0
2020-03-20 07:00:00,0,0,0
2020-03-20 08:00:00,0,0,0
2020-03-20 09:00:00,0,0,0
2020-03-20 10:00:00,0,0,0
2020-03-20 11:00:00,0,0,0
2020-03-20 12:00:00,0,0,0
2020-03-20 13:00:00,0,0,0
2020-03-20 14:00:00,0,0,0
2020-03-20 15:00:00,0,0,0
2020-03-20 16:00:00,0,0,0
2020-03-20 17:00:00,0,0,0
2020-03-20 18:00:00,0,0,0
2020-03-20 19:00:00,0,0,0
2020-03-20 20:00:00,0,0,0
2020-03-20 21:00:00,1,1,0
2020-03-20 22:00:00,0,0,0
2020-03-20 23:00:00,2,0,2
2020-03-21 00:00:00,0,0,0
2020-03-21 01:00:00,0,0,0
2020-03-21 02:00:00,0,0,0
2020-03-21 03:00:00,0,0,0
2020-03-21 04:00:00,0,0,0
2020-03-21 05:00:00,0,0,0
2020-03-21 06:00:00,0,0,0
2020-03-21 07:00:00,0,0,0
2020-03-21 08:00:00,0,0,0
2020-03-21 09:00:00,0,0,0
2020-03-21 10:00:00,0,0,0
2020-03-21 11:00:00,0,0,0
2020-03-21 12:00:00,0,0,0
2020-03-21 13:00:00,0,0,0
2020-03-21 14:00:00,0,0,0
2020-03-21 15:00:00,0,0,0
2020-03-21 16:00:00,0,0,0
2020-03-21 17:00:00,0,0,0
2020-03-21 18:00:00,0,0,0
2020-03-21 19:00:00,0,0,0
2020-03-21 20:00:00,0,0,0
2020-03-21 21:00:00,0,0,0
2020-03-21 22:00:00,0,0,0
2020-03-21 23:00:00,0,0,0
2020-03-22 00:00:00,0,0,0
2020-03-22 01:00:00,0,0,0
2020-03-22 02:00:00,0,0,0
2020-03-22 03:00:00,0,0,0
2020-03-22 04:00:00,0,0,0
2020-03-22 05:00:00,0,0,0
2020-03-22 06:00:00,0,0,0
2020-03-22 07:00:00,0,0,0
2020-03-22 08:00:00,0,0,0
2020-03-22 09:00:00,0,0,0
2020-03-22 10:00:00,0,0,0
2020-03-22 11:00:00,0,0,0
2020-03-22 12:00:00,0,0,0
2020-03-22 13:00:00,0,0,0
2020-03-22 14:00:00,0,0,0
2020-03-22 15:00:00,0,0,0
2020-03-22 16:00:00,0,0,0
2020-03-22 17:00:00,0,0,0
2020-03-22 18:00:00,0,0,0
2020-03-22 19:00:00,0,0,0
2020-03-22 20:00:00,0,0,0
2020-03-22 21:00:00,0,0,0
2020-03-22 22:00:00,0,0,0
2020-03-22 23:00:00,0,0,0
2020-03-23 00:00:00,0,0,0
2020-03-23 01:00:00,0,0,0
2020-03-23 02:00:00,0,0,0
2020-03-23 03:00:00,0,0,0
2020-03-23 04:00:00,0,0,0
2020-03-23 05:00:00,0,0,0
2020-03-23 06:00:00,0,0,0
2020-03-23 07:00:00,0,0,0
2020-03-23 08:00:00,0,0,0
2020-03-23 09:00:00,0,0,0
2020-03-23 10:00:00,0,0,0
2020-03-23 11:00:00,0,0,0
2020-03-23 12:00:00,0,0,0
2020-03-23 13:00:00,0,0,0
2020-03-23 14:00:00,0,0,0
2020-03-23 15:00:00,0,0,0
2020-03-23 16:00:00,0,0,0
2020-03-23 17:00:00,0,0,0
2020-03-23 18:00:00,0,0,0
2020-03-23 19:00:00,0,0,0
2020-03-23 20:00:00,0,0,0
2020-03-23 21:00:00,0,0,0
2020-03-23 22:00:00,0,0,0
2020-03-23 23:00:00,0,0,0
2020-03-24 00:00:00,0,0,0
2020-03-24 01:00:00,0,0,0
2020-03-24 02:00:00,0,0,0
2020-03-24 03:00:00,0,0,0
2020-03-24 04:00:00,0,0,0
2020-03-24 05:00:00,0,0,0
2020-03-24 06:00:00,0,0,0
2020-03-24 07:00:00,0,0,0
2020-03-24 08:00:00,0,0,0
2020-03-24 09:00:00,0,0,0
2020-03-24 10:00:00,0,0,0
2020-03-24 11:00:00,0,0,0
2020-03-24 12:00:00,0,0,0
2020-03-24 13:00:00,0,0,0
2020-03-24 14:00:00,0,0,0
2020-03-24 15:00:00,0,0,0
2020-03-24 16:00:00,0,0,0
2020-03-24 17:00:00,0,0,0
2020-03-24 18:00:00,0,0,0
2020-03-24 19:00:00,0,0,0
2020-03-24 20:00:00,0,0,0
2020-03-24 21:00:00,0,0,0
2020-03-24 22:00:00,0,0,0
2020-03-24 23:00:00,0,0,0
2020-03-25 00:00:00,0,0,0
2020-03-25 01:00:00,0,0,0
2020-03-25 02:00:00,0,0,0
2020-03-25 03:00:00,0,0,0
2020-03-25 04:00:00,0,0,0
2020-03-25 05:00:00,0,0,0
2020-03-25 06:00:00,0,0,0
2020-03-25 07:00:00,0,0,0
2020-03-25 08:00:00,0,0,0
2020-03-25 09:00:00,0,0,0
2020-03-25 10:00:00,0,0,0
2020-03-25 11:00:00,0,0,0
2020-03-25 12:00:00,0,0,0
2020-03-25 13:00:00,0,0,0
2020-03-25 14:00:00,0,0,0
2020-03-25 15:00:00,0,0,0
2020-03-25 16:00:00,0,0,0
2020-03-25 17:00:00,0,0,0
2020-03-25 18:00:00,0,0,0
2020-03-25 19:00:00,0,0,0
2020-03-25 20:00:00,0,0,0
2020-03-25 21:00:00,0,0,0
2020-03-25 22:00:00,0,0,0
2020-03-25 23:00:00,0,0,0
2020-03-26 00:00:00,0,0,0
2020-03-26 01:00:00,0,0,0
2020-03-26 02:00:00,0,0,0
2020-03-26 03:00:00,0,0,0
2020-03-26 04:00:00,0,0,0
2020-03-26 05:00:00,0,0,0
2020-03-26 06:00:00,0,0,0
2020-03-26 07:00:00,0,0,0
2020-03-26 08:00:00,0,0,0
2020-03-26 09:00:00,0,0,0
2020-03-26 10:00:00,0,0,0
2020-03-26 11:00:00,0,0,0
2020-03-26 12:00:00,0,0,0
2020-03-26 13:00:00,0,0,0
2020-03-26 14:00:00,0,0,0
2020-03-26 15:00:00,0,0,0
2020-03-26 16:00:00,0,0,0
2020-03-26 17:00:00,0,0,0
2020-03-26 18:00:00,0,0,0
2020-03-26 19:00:00,0,0,0
2020-03-26 20:00:00,0,0,0
2020-03-26 21:00:00,0,0,0
2020-03-26 22:00:00,0,0,0
2020-03-26 23:00:00,0,0,0
2020-03-27 00:00:00,0,0,0
2020-03-27 01:00:00,0,0,0
2020-03-27 02:00:00,0,0,0
2020-03-27 03:00:00,0,0,0
2020-03-27 04:00:00,0,0,0
2020-03-27 05:00:00,0,0,0
2020-03-27 06:00:00,0,0,0
2020-03-27 07:00:00,0,0,0
2020-03-27 08:00:00,0,0,0
2020-03-27 09:00:00,0,0,0
2020-03-27 10:00:00,0,0,0
2020-03-27 11:00:00,0,0,0
2020-03-27 12:00:00,0,0,0
2020-03-27 13:00:00,0,0,0
2020-03-27 14:00:00,0,0,0
2020-03-27 15:00:00,0,0,0
2020-03-27 16:00:00,0,0,0
2020-03-27 17:00:00,0,0,0
2020-03-27 18:00:00,0,0,0
2020-03-27 19:00:00,0,0,0
2020-03-27 20:00:00,0,0,0
2020-03-27 21:00:00,0,0,0
2020-03-27 22:00:00,0,0,0
2020-03-27 23:00:00,0,0,0
2020-03-28 00:00:00,0,0,0
2020-03-28 01:00:00,0,0,0
2020-03-28 02:00:00,0,0,0
2020-03-28 03:00:00,0,0,0
2020-03-28 04:00:00,0,0,0
2020-03-28 05:00:00,0,0,0
2020-03-28 06:00:00,0,0,0
2020-03-28 07:00:00,0,0,0
2020-03-28 08:00:00,0,0,0
2020-03-28 09:00:00,0,0,0
2020-03-28 10:00:00,0,0,0
2020-03-28 11:00:00,0,0,0
2020-03-28 12:00:00,0,0,0
2020-03-28 13:00:00,0,0,0
2020-03-28 14:00:00,0,0,0
2020-03-28 15:00:00,0,0,0
2020-03-28 16:00:00,0,0,0
2020-03-28 17:00:00,0,0,0
2020-03-28 18:00:00,0,0,0
2020-03-28 19:00:00,0,0,0
2020-03-28 20:00:00,0,0,0
2020-03-28 21:00:00,0,0,0
2020-03-28 22:00:00,0,0,0
2020-03-28 23:00:00,0,0,0
2020-03-29 00:00:00,0,0,0
2020-03-29 01:00:00,0,0,0
2020-03-29 02:00:00,0,0,0
2020-03-29 03:00:00,0,0,0
2020-03-29 04:00:00,0,0,0
2020-03-29 05:00:00,0,0,0
2020-03-29 06:00:00,0,0,0
2020-03-29 07:00:00,0,0,0
2020-03-29 08:00:00,0,0,0
2020-03-29 09:00:00,0,0,0
2020-03-29 10:00:00,0,0,0
2020-03-29 11:00:00,0,0,0
2020-03-29 12:00:00,1,0,1
2020-03-29 13:00:00,1,0,1
2020-03-29 14:00:00,1,1,0
2020-03-29 15:00:00,0,0,0
2020-03-29 16:00:00,14,8,6
2020-03-29 17:00:00,90,37,53
2020-03-29 18:00:00,63,24,39
2020-03-29 19:00:00,28,16,12
2020-03-29 20:00:00,15,6,9
2020-03-29 21:00:00,9,3,6
2020-03-29 22:00:00,11,3,8
2020-03-29 23:00:00,0,0,0
2020-03-30 00:00:00,1,1,0
2020-03-30 01:00:00,0,0,0
2020-03-30 02:00:00,0,0,0
2020-03-30 03:00:00,0,0,0
2020-03-30 04:00:00,1,1,0
2020-03-30 05:00:00,7,5,2
2020-03-30 06:00:00,6,2,4
2020-03-30 07:00:00,23,7,16
2020-03-30 08:00:00,30,6,24
2020-03-30 09:00:00,28,11,17
2020-03-30 10:00:00,32,11,21
2020-03-30 11:00:00,25,8,17
2020-03-30 12:00:00,23,12,11
2020-03-30 13:00:00,15,4,11
2020-03-30 14:00:00,10,5,5
2020-03-30 15:00:00,22,16,6
2020-03-30 16:00:00,31,19,12
2020-03-30 17:00:00,54,41,13
2020-03-30 18:00:00,38,22,16
2020-03-30 19:00:00,35,19,16
2020-03-30 20:00:00,13,9,4
2020-03-30 21:00:00,3,1,2
2020-03-30 22:00:00,3,2,1
2020-03-30 23:00:00,1,1,0
2020-03-31 00:00:00,0,0,0
2020-03-31 01:00:00,0,0,0
2020-03-31 02:00:00,0,0,0
2020-03-31 03:00:00,0,0,0
2020-03-31 04:00:00,1,0,1
2020-03-31 05:00:00,5,2,3
2020-03-31 06:00:00,14,6,8
2020-03-31 07:00:00,41,8,33
2020-03-31 08:00:00,32,10,22
2020-03-31 09:00:00,33,13,20
2020-03-31 10:00:00,23,10,13
2020-03-31 11:00:00,44,23,21
2020-03-31 12:00:00,48,22,26
2020-03-31 13:00:00,67,31,36
2020-03-31 14:00:00,56,29,27
2020-03-31 15:00:00,41,22,19
2020-03-31 16:00:00,44,36,8
2020-03-31 17:00:00,70,45,25
2020-03-31 18:00:00,26,22,4
2020-03-31 19:00:00,18,10,8
2020-03-31 20:00:00,9,4,5
2020-03-31 21:00:00,7,5,2
2020-03-31 22:00:00,2,1,1
2020-03-31 23:00:00,3,3,0
2020-04-01 00:00:00,1,1,0
2020-04-01 01:00:00,1,0,1
2020-04-01 02:00:00,0,0,0
2020-04-01 03:00:00,0,0,0
2020-04-01 04:00:00,0,0,0
2020-04-01 05:00:00,6,4,2
2020-04-01 06:00:00,18,6,12
2020-04-01 07:00:00,29,12,17
2020-04-01 08:00:00,23,6,17
2020-04-01 09:00:00,18,7,11
2020-04-01 10:00:00,30,13,17
2020-04-01 11:00:00,21,11,10
2020-04-01 12:00:00,32,18,14
2020-04-01 13:00:00,59,24,35
2020-04-01 14:00:00,66,36,30
2020-04-01 15:00:00,80,48,32
2020-04-01 16:00:00,129,73,56
2020-04-01 17:00:00,181,115,66
2020-04-01 18:00:00,127,66,61
2020-04-01 19:00:00,64,22,42
2020-04-01 20:00:00,19,8,11
2020-04-01 21:00:00,7,0,7
2020-04-01 22:00:00,8,3,5
2020-04-01 23:00:00,2,2,0
2020-04-02 00:00:00,0,0,0
2020-04-02 01:00:00,0,0,0
2020-04-02 02:00:00,3,2,1
2020-04-02 03:00:00,2,0,2
2020-04-02 04:00:00,1,1,0
2020-04-02 05:00:00,8,6,2
2020-04-02 06:00:00,20,7,13
2020-04-02 07:00:00,36,12,24
2020-04-02 08:00:00,25,3,22
2020-04-02 09:00:00,26,10,16
2020-04-02 10:00:00,17,7,10
2020-04-02 11:00:00,19,6,13
2020-04-02 12:00:00,34,14,20
2020-04-02 13:00:00,62,30,32
2020-04-02 14:00:00,55,30,25
2020-04-02 15:00:00,55,26,29
2020-04-02 16:00:00,106,58,48
2020-04-02 17:00:00,121,77,44
2020-04-02 18:00:00,107,57,50
2020-04-02 19:00:00,45,21,24
2020-04-02 20:00:00,22,9,13
2020-04-02 21:00:00,8,3,5
2020-04-02 22:00:00,5,2,3
2020-04-02 23:00:00,3,2,1
2020-04-03 00:00:00,3,2,1
2020-04-03 01:00:00,0,0,0
2020-04-03 02:00:00,0,0,0
2020-04-03 03:00:00,0,0,0
2020-04-03 04:00:00,0,0,0
2020-04-03 05:00:00,0,0,0
2020-04-03 06:00:00,0,0,0
2020-04-03 07:00:00,0,0,0
2020-04-03 08:00:00,0,0,0
2020-04-03 09:00:00,0,0,0
2020-04-03 10:00:00,0,0,0
2020-04-03 11:00:00,0,0,0
2020-04-03 12:00:00,0,0,0
2020-04-03 13:00:00,0,0,0
2020-04-03 14:00:00,0,0,0
2020-04-03 15:00:00,0,0,0
2020-04-03 16:00:00,0,0,0
2020-04-03 17:00:00,0,0,0
2020-04-03 18:00:00,0,0,0
2020-04-03 19:00:00,0,0,0
2020-04-03 20:00:00,0,0,0
2020-04-03 21:00:00,0,0,0
2020-04-03 22:00:00,0,0,0
2020-04-03 23:00:00,0,0,0
2020-04-04 00:00:00,0,0,0
2020-04-04 01:00:00,0,0,0
2020-04-04 02:00:00,0,0,0
2020-04-04 03:00:00,0,0,0
2020-04-04 04:00:00,0,0,0
2020-04-04 05:00:00,0,0,0
2020-04-04 06:00:00,0,0,0
2020-04-04 07:00:00,0,0,0
2020-04-04 08:00:00,0,0,0
2020-04-04 09:00:00,0,0,0
2020-04-04 10:00:00,0,0,0
2020-04-04 11:00:00,0,0,0
2020-04-04 12:00:00,0,0,0
2020-04-04 13:00:00,0,0,0
2020-04-04 14:00:00,0,0,0
2020-04-04 15:00:00,0,0,0
2020-04-04 16:00:00,0,0,0
2020-04-04 17:00:00,0,0,0
2020-04-04 18:00:00,0,0,0
2020-04-04 19:00:00,0,0,0
2020-04-04 20:00:00,0,0,0
2020-04-04 21:00:00,0,0,0
2020-04-04 22:00:00,0,0,0
2020-04-04 23:00:00,0,0,0
2020-04-05 00:00:00,0,0,0
2020-04-05 01:00:00,0,0,0
2020-04-05 02:00:00,0,0,0
2020-04-05 03:00:00,0,0,0
2020-04-05 04:00:00,0,0,0
2020-04-05 05:00:00,0,0,0
2020-04-05 06:00:00,0,0,0
2020-04-05 07:00:00,0,0,0
2020-04-05 08:00:00,0,0,0
2020-04-05 09:00:00,0,0,0
2020-04-05 10:00:00,0,0,0
2020-04-05 11:00:00,0,0,0
2020-04-05 12:00:00,0,0,0
2020-04-05 13:00:00,0,0,0
2020-04-05 14:00:00,0,0,0
2020-04-05 15:00:00,0,0,0
2020-04-05 16:00:00,0,0,0
2020-04-05 17:00:00,0,0,0
2020-04-05 18:00:00,0,0,0
2020-04-05 19:00:00,0,0,0
2020-04-05 20:00:00,0,0,0
2020-04-05 21:00:00,0,0,0
2020-04-05 22:00:00,0,0,0
2020-04-05 23:00:00,0,0,0
2020-04-06 00:00:00,0,0,0
2020-04-06 01:00:00,0,0,0
2020-04-06 02:00:00,0,0,0
2020-04-06 03:00:00,0,0,0
2020-04-06 04:00:00,0,0,0
2020-04-06 05:00:00,0,0,0
2020-04-06 06:00:00,0,0,0
2020-04-06 07:00:00,0,0,0
2020-04-06 08:00:00,0,0,0
2020-04-06 09:00:00,0,0,0
2020-04-06 10:00:00,0,0,0
2020-04-06 11:00:00,0,0,0
2020-04-06 12:00:00,0,0,0
2020-04-06 13:00:00,0,0,0
2020-04-06 14:00:00,0,0,0
2020-04-06 15:00:00,0,0,0
2020-04-06 16:00:00,0,0,0
2020-04-06 17:00:00,0,0,0
2020-04-06 18:00:00,0,0,0
2020-04-06 19:00:00,0,0,0
2020-04-06 20:00:00,0,0,0
2020-04-06 21:00:00,0,0,0
2020-04-06 22:00:00,0,0,0
2020-04-06 23:00:00,0,0,0
2020-04-07 00:00:00,0,0,0
2020-04-07 01:00:00,0,0,0
2020-04-07 02:00:00,0,0,0
2020-04-07 03:00:00,0,0,0
2020-04-07 04:00:00,0,0,0
2020-04-07 05:00:00,0,0,0
2020-04-07 06:00:00,0,0,0
2020-04-07 07:00:00,0,0,0
2020-04-07 08:00:00,0,0,0
2020-04-07 09:00:00,0,0,0
2020-04-07 10:00:00,0,0,0
2020-04-07 11:00:00,0,0,0
2020-04-07 12:00:00,0,0,0
2020-04-07 13:00:00,0,0,0
2020-04-07 14:00:00,0,0,0
2020-04-07 15:00:00,0,0,0
2020-04-07 16:00:00,0,0,0
2020-04-07 17:00:00,0,0,0
2020-04-07 18:00:00,0,0,0
2020-04-07 19:00:00,0,0,0
2020-04-07 20:00:00,0,0,0
2020-04-07 21:00:00,0,0,0
2020-04-07 22:00:00,0,0,0
2020-04-07 23:00:00,0,0,0
2020-04-08 00:00:00,0,0,0
2020-04-08 01:00:00,0,0,0
2020-04-08 02:00:00,0,0,0
2020-04-08 03:00:00,0,0,0
2020-04-08 04:00:00,0,0,0
2020-04-08 05:00:00,0,0,0
2020-04-08 06:00:00,0,0,0
2020-04-08 07:00:00,0,0,0
2020-04-08 08:00:00,0,0,0
2020-04-08 09:00:00,0,0,0
2020-04-08 10:00:00,0,0,0
2020-04-08 11:00:00,0,0,0
2020-04-08 12:00:00,0,0,0
2020-04-08 13:00:00,0,0,0
2020-04-08 14:00:00,0,0,0
2020-04-08 15:00:00,0,0,0
2020-04-08 16:00:00,0,0,0
2020-04-08 17:00:00,0,0,0
2020-04-08 18:00:00,0,0,0
2020-04-08 19:00:00,0,0,0
2020-04-08 20:00:00,0,0,0
2020-04-08 21:00:00,0,0,0
2020-04-08 22:00:00,0,0,0
2020-04-08 23:00:00,0,0,0
2020-04-09 00:00:00,0,0,0
2020-04-09 01:00:00,0,0,0
2020-04-09 02:00:00,0,0,0
2020-04-09 03:00:00,0,0,0
2020-04-09 04:00:00,0,0,0
2020-04-09 05:00:00,0,0,0
2020-04-09 06:00:00,0,0,0
2020-04-09 07:00:00,0,0,0
2020-04-09 08:00:00,0,0,0
2020-04-09 09:00:00,0,0,0
2020-04-09 10:00:00,0,0,0
2020-04-09 11:00:00,0,0,0
2020-04-09 12:00:00,0,0,0
2020-04-09 13:00:00,0,0,0
2020-04-09 14:00:00,0,0,0
2020-04-09 15:00:00,0,0,0
2020-04-09 16:00:00,0,0,0
2020-04-09 17:00:00,0,0,0
2020-04-09 18:00:00,0,0,0
2020-04-09 19:00:00,0,0,0
2020-04-09 20:00:00,0,0,0
2020-04-09 21:00:00,0,0,0
2020-04-09 22:00:00,0,0,0
2020-04-09 23:00:00,0,0,0
2020-04-10 00:00:00,0,0,0
2020-04-10 01:00:00,0,0,0
2020-04-10 02:00:00,0,0,0
2020-04-10 03:00:00,0,0,0
2020-04-10 04:00:00,0,0,0
2020-04-10 05:00:00,0,0,0
2020-04-10 06:00:00,0,0,0
2020-04-10 07:00:00,0,0,0
2020-04-10 08:00:00,0,0,0
2020-04-10 09:00:00,0,0,0
2020-04-10 10:00:00,0,0,0
2020-04-10 11:00:00,0,0,0
2020-04-10 12:00:00,0,0,0
2020-04-10 13:00:00,0,0,0
2020-04-10 14:00:00,0,0,0
2020-04-10 15:00:00,0,0,0
2020-04-10 16:00:00,0,0,0
2020-04-10 17:00:00,0,0,0
2020-04-10 18:00:00,0,0,0
2020-04-10 19:00:00,0,0,0
2020-04-10 20:00:00,0,0,0
2020-04-10 21:00:00,0,0,0
2020-04-10 22:00:00,0,0,0
2020-04-10 23:00:00,0,0,0
2020-04-11 00:00:00,0,0,0
2020-04-11 01:00:00,0,0,0
2020-04-11 02:00:00,0,0,0
2020-04-11 03:00:00,0,0,0
2020-04-11 04:00:00,0,0,0
2020-04-11 05:00:00,0,0,0
2020-04-11 06:00:00,0,0,0
2020-04-11 07:00:00,0,0,0
2020-04-11 08:00:00,0,0,0
2020-04-11 09:00:00,0,0,0
2020-04-11 10:00:00,0,0,0
2020-04-11 11:00:00,0,0,0
2020-04-11 12:00:00,0,0,0
2020-04-11 13:00:00,0,0,0
2020-04-11 14:00:00,0,0,0
2020-04-11 15:00:00,0,0,0
2020-04-11 16:00:00,0,0,0
2020-04-11 17:00:00,0,0,0
2020-04-11 18:00:00,0,0,0
2020-04-11 19:00:00,0,0,0
2020-04-11 20:00:00,0,0,0
2020-04-11 21:00:00,0,0,0
2020-04-11 22:00:00,0,0,0
2020-04-11 23:00:00,0,0,0
2020-04-12 00:00:00,0,0,0
2020-04-12 01:00:00,0,0,0
2020-04-12 02:00:00,0,0,0
2020-04-12 03:00:00,0,0,0
2020-04-12 04:00:00,0,0,0
2020-04-12 05:00:00,0,0,0
2020-04-12 06:00:00,0,0,0
2020-04-12 07:00:00,0,0,0
2020-04-12 08:00:00,0,0,0
2020-04-12 09:00:00,0,0,0
2020-04-12 10:00:00,0,0,0
2020-04-12 11:00:00,0,0,0
2020-04-12 12:00:00,0,0,0
2020-04-12 13:00:00,0,0,0
2020-04-12 14:00:00,0,0,0
2020-04-12 15:00:00,0,0,0
2020-04-12 16:00:00,0,0,0
2020-04-12 17:00:00,0,0,0
2020-04-12 18:00:00,0,0,0
2020-04-12 19:00:00,0,0,0
2020-04-12 20:00:00,0,0,0
2020-04-12 21:00:00,0,0,0
2020-04-12 22:00:00,0,0,0
2020-04-12 23:00:00,0,0,0
2020-04-13 00:00:00,0,0,0
2020-04-13 01:00:00,0,0,0
2020-04-13 02:00:00,0,0,0
2020-04-13 03:00:00,0,0,0
2020-04-13 04:00:00,0,0,0
2020-04-13 05:00:00,0,0,0
2020-04-13 06:00:00,0,0,0
2020-04-13 07:00:00,0,0,0
2020-04-13 08:00:00,0,0,0
2020-04-13 09:00:00,0,0,0
2020-04-13 10:00:00,0,0,0
2020-04-13 11:00:00,0,0,0
2020-04-13 12:00:00,0,0,0
2020-04-13 13:00:00,0,0,0
2020-04-13 14:00:00,0,0,0
2020-04-13 15:00:00,0,0,0
2020-04-13 16:00:00,0,0,0
2020-04-13 17:00:00,0,0,0
2020-04-13 18:00:00,0,0,0
2020-04-13 19:00:00,0,0,0
2020-04-13 20:00:00,0,0,0
2020-04-13 21:00:00,0,0,0
2020-04-13 22:00:00,0,0,0
2020-04-13 23:00:00,0,0,0
2020-04-14 00:00:00,0,0,0
2020-04-14 01:00:00,0,0,0
2020-04-14 02:00:00,0,0,0
2020-04-14 03:00:00,0,0,0
2020-04-14 04:00:00,0,0,0
2020-04-14 05:00:00,0,0,0
2020-04-14 06:00:00,0,0,0
2020-04-14 07:00:00,0,0,0
2020-04-14 08:00:00,0,0,0
2020-04-14 09:00:00,0,0,0
2020-04-14 10:00:00,0,0,0
2020-04-14 11:00:00,0,0,0
2020-04-14 12:00:00,0,0,0
2020-04-14 13:00:00,0,0,0
2020-04-14 14:00:00,0,0,0
2020-04-14 15:00:00,0,0,0
2020-04-14 16:00:00,0,0,0
2020-04-14 17:00:00,0,0,0
2020-04-14 18:00:00,0,0,0
2020-04-14 19:00:00,0,0,0
2020-04-14 20:00:00,0,0,0
2020-04-14 21:00:00,0,0,0
2020-04-14 22:00:00,0,0,0
2020-04-14 23:00:00,0,0,0
2020-04-15 00:00:00,0,0,0
2020-04-15 01:00:00,0,0,0
2020-04-15 02:00:00,0,0,0
2020-04-15 03:00:00,0,0,0
2020-04-15 04:00:00,0,0,0
2020-04-15 05:00:00,0,0,0
2020-04-15 06:00:00,0,0,0
2020-04-15 07:00:00,0,0,0
2020-04-15 08:00:00,0,0,0
2020-04-15 09:00:00,0,0,0
2020-04-15 10:00:00,0,0,0
2020-04-15 11:00:00,0,0,0
2020-04-15 12:00:00,0,0,0
2020-04-15 13:00:00,0,0,0
2020-04-15 14:00:00,0,0,0
2020-04-15 15:00:00,0,0,0
2020-04-15 16:00:00,0,0,0
2020-04-15 17:00:00,0,0,0
2020-04-15 18:00:00,0,0,0
2020-04-15 19:00:00,0,0,0
2020-04-15 20:00:00,0,0,0
2020-04-15 21:00:00,0,0,0
2020-04-15 22:00:00,0,0,0
2020-04-15 23:00:00,0,0,0
2020-04-16 00:00:00,0,0,0
2020-04-16 01:00:00,0,0,0
2020-04-16 02:00:00,0,0,0
2020-04-16 03:00:00,0,0,0
2020-04-16 04:00:00,0,0,0
2020-04-16 05:00:00,0,0,0
2020-04-16 06:00:00,0,0,0
2020-04-16 07:00:00,0,0,0
2020-04-16 08:00:00,0,0,0
2020-04-16 09:00:00,0,0,0
2020-04-16 10:00:00,0,0,0
2020-04-16 11:00:00,0,0,0
2020-04-16 12:00:00,0,0,0
2020-04-16 13:00:00,0,0,0
2020-04-16 14:00:00,0,0,0
2020-04-16 15:00:00,0,0,0
2020-04-16 16:00:00,0,0,0
2020-04-16 17:00:00,0,0,0
2020-04-16 18:00:00,0,0,0
2020-04-16 19:00:00,0,0,0
2020-04-16 20:00:00,0,0,0
2020-04-16 21:00:00,0,0,0
2020-04-16 22:00:00,0,0,0
2020-04-16 23:00:00,0,0,0
2020-04-17 00:00:00,0,0,0
2020-04-17 01:00:00,0,0,0
2020-04-17 02:00:00,0,0,0
2020-04-17 03:00:00,0,0,0
2020-04-17 04:00:00,0,0,0
2020-04-17 05:00:00,0,0,0
2020-04-17 06:00:00,0,0,0
2020-04-17 07:00:00,0,0,0
2020-04-17 08:00:00,0,0,0
2020-04-17 09:00:00,0,0,0
2020-04-17 10:00:00,0,0,0
2020-04-17 11:00:00,0,0,0
2020-04-17 12:00:00,0,0,0
2020-04-17 13:00:00,0,0,0
2020-04-17 14:00:00,0,0,0
2020-04-17 15:00:00,0,0,0
2020-04-17 16:00:00,0,0,0
2020-04-17 17:00:00,0,0,0
2020-04-17 18:00:00,0,0,0
2020-04-17 19:00:00,0,0,0
2020-04-17 20:00:00,0,0,0
2020-04-17 21:00:00,0,0,0
2020-04-17 22:00:00,0,0,0
2020-04-17 23:00:00,0,0,0
2020-04-18 00:00:00,0,0,0
2020-04-18 01:00:00,0,0,0
2020-04-18 02:00:00,0,0,0
2020-04-18 03:00:00,0,0,0
2020-04-18 04:00:00,0,0,0
2020-04-18 05:00:00,0,0,0
2020-04-18 06:00:00,0,0,0
2020-04-18 07:00:00,0,0,0
2020-04-18 08:00:00,0,0,0
2020-04-18 09:00:00,0,0,0
2020-04-18 10:00:00,0,0,0
2020-04-18 11:00:00,0,0,0
2020-04-18 12:00:00,0,0,0
2020-04-18 13:00:00,0,0,0
2020-04-18 14:00:00,0,0,0
2020-04-18 15:00:00,0,0,0
2020-04-18 16:00:00,0,0,0
2020-04-18 17:00:00,0,0,0
2020-04-18 18:00:00,0,0,0
2020-04-18 19:00:00,0,0,0
2020-04-18 20:00:00,0,0,0
2020-04-18 21:00:00,0,0,0
2020-04-18 22:00:00,0,0,0
2020-04-18 23:00:00,0,0,0
2020-04-19 00:00:00,0,0,0
2020-04-19 01:00:00,0,0,0
2020-04-19 02:00:00,0,0,0
2020-04-19 03:00:00,0,0,0
2020-04-19 04:00:00,0,0,0
2020-04-19 05:00:00,0,0,0
2020-04-19 06:00:00,0,0,0
2020-04-19 07:00:00,0,0,0
2020-04-19 08:00:00,0,0,0
2020-04-19 09:00:00,0,0,0
2020-04-19 10:00:00,0,0,0
2020-04-19 11:00:00,0,0,0
2020-04-19 12:00:00,0,0,0
2020-04-19 13:00:00,0,0,0
2020-04-19 14:00:00,0,0,0
2020-04-19 15:00:00,0,0,0
2020-04-19 16:00:00,0,0,0
2020-04-19 17:00:00,0,0,0
2020-04-19 18:00:00,0,0,0
2020-04-19 19:00:00,0,0,0
2020-04-19 20:00:00,0,0,0
2020-04-19 21:00:00,0,0,0
2020-04-19 22:00:00,0,0,0
2020-04-19 23:00:00,0,0,0
2020-04-20 00:00:00,0,0,0
2020-04-20 01:00:00,0,0,0
2020-04-20 02:00:00,0,0,0
2020-04-20 03:00:00,0,0,0
2020-04-20 04:00:00,0,0,0
2020-04-20 05:00:00,0,0,0
2020-04-20 06:00:00,0,0,0
2020-04-20 07:00:00,0,0,0
2020-04-20 08:00:00,0,0,0
2020-04-20 09:00:00,0,0,0
2020-04-20 10:00:00,0,0,0
2020-04-20 11:00:00,0,0,0
2020-04-20 12:00:00,0,0,0
2020-04-20 13:00:00,0,0,0
2020-04-20 14:00:00,0,0,0
2020-04-20 15:00:00,0,0,0
2020-04-20 16:00:00,0,0,0
2020-04-20 17:00:00,0,0,0
2020-04-20 18:00:00,0,0,0
2020-04-20 19:00:00,0,0,0
2020-04-20 20:00:00,0,0,0
2020-04-20 21:00:00,0,0,0
2020-04-20 22:00:00,0,0,0
2020-04-20 23:00:00,0,0,0
2020-04-21 00:00:00,0,0,0
2020-04-21 01:00:00,0,0,0
2020-04-21 02:00:00,0,0,0
2020-04-21 03:00:00,0,0,0
2020-04-21 04:00:00,0,0,0
2020-04-21 05:00:00,0,0,0
2020-04-21 06:00:00,0,0,0
2020-04-21 07:00:00,0,0,0
2020-04-21 08:00:00,0,0,0
2020-04-21 09:00:00,0,0,0
2020-04-21 10:00:00,0,0,0
2020-04-21 11:00:00,0,0,0
2020-04-21 12:00:00,0,0,0
2020-04-21 13:00:00,0,0,0
2020-04-21 14:00:00,0,0,0
2020-04-21 15:00:00,0,0,0
2020-04-21 16:00:00,0,0,0
2020-04-21 17:00:00,0,0,0
2020-04-21 18:00:00,0,0,0
2020-04-21 19:00:00,0,0,0
2020-04-21 20:00:00,0,0,0
2020-04-21 21:00:00,0,0,0
2020-04-21 22:00:00,0,0,0
2020-04-21 23:00:00,0,0,0
2020-04-22 00:00:00,0,0,0
2020-04-22 01:00:00,0,0,0
2020-04-22 02:00:00,0,0,0
2020-04-22 03:00:00,0,0,0
2020-04-22 04:00:00,0,0,0
2020-04-22 05:00:00,0,0,0
2020-04-22 06:00:00,0,0,0
2020-04-22 07:00:00,0,0,0
2020-04-22 08:00:00,0,0,0
2020-04-22 09:00:00,0,0,0
2020-04-22 10:00:00,0,0,0
2020-04-22 11:00:00,0,0,0
2020-04-22 12:00:00,0,0,0
2020-04-22 13:00:00,0,0,0
2020-04-22 14:00:00,0,0,0
2020-04-22 15:00:00,0,0,0
2020-04-22 16:00:00,0,0,0
2020-04-22 17:00:00,0,0,0
2020-04-22 18:00:00,0,0,0
2020-04-22 19:00:00,0,0,0
2020-04-22 20:00:00,0,0,0
2020-04-22 21:00:00,0,0,0
2020-04-22 22:00:00,0,0,0
2020-04-22 23:00:00,0,0,0
2020-04-23 00:00:00,0,0,0
2020-04-23 01:00:00,0,0,0
2020-04-23 02:00:00,0,0,0
2020-04-23 03:00:00,0,0,0
2020-04-23 04:00:00,0,0,0
2020-04-23 05:00:00,0,0,0
2020-04-23 06:00:00,0,0,0
2020-04-23 07:00:00,0,0,0
2020-04-23 08:00:00,0,0,0
2020-04-23 09:00:00,0,0,0
2020-04-23 10:00:00,0,0,0
2020-04-23 11:00:00,0,0,0
2020-04-23 12:00:00,0,0,0
2020-04-23 13:00:00,0,0,0
2020-04-23 14:00:00,0,0,0
2020-04-23 15:00:00,0,0,0
2020-04-23 16:00:00,0,0,0
2020-04-23 17:00:00,0,0,0
2020-04-23 18:00:00,0,0,0
2020-04-23 19:00:00,0,0,0
2020-04-23 20:00:00,0,0,0
2020-04-23 21:00:00,0,0,0
2020-04-23 22:00:00,0,0,0
2020-04-23 23:00:00,0,0,0
2020-04-24 00:00:00,0,0,0
2020-04-24 01:00:00,0,0,0
2020-04-24 02:00:00,0,0,0
2020-04-24 03:00:00,0,0,0
2020-04-24 04:00:00,0,0,0
2020-04-24 05:00:00,0,0,0
2020-04-24 06:00:00,0,0,0
2020-04-24 07:00:00,0,0,0
2020-04-24 08:00:00,0,0,0
2020-04-24 09:00:00,0,0,0
2020-04-24 10:00:00,0,0,0
2020-04-24 11:00:00,0,0,0
2020-04-24 12:00:00,0,0,0
2020-04-24 13:00:00,0,0,0
2020-04-24 14:00:00,0,0,0
2020-04-24 15:00:00,0,0,0
2020-04-24 16:00:00,0,0,0
2020-04-24 17:00:00,0,0,0
2020-04-24 18:00:00,0,0,0
2020-04-24 19:00:00,0,0,0
2020-04-24 20:00:00,0,0,0
2020-04-24 21:00:00,0,0,0
2020-04-24 22:00:00,0,0,0
2020-04-24 23:00:00,0,0,0
2020-04-25 00:00:00,0,0,0
2020-04-25 01:00:00,0,0,0
2020-04-25 02:00:00,0,0,0
2020-04-25 03:00:00,0,0,0
2020-04-25 04:00:00,0,0,0
2020-04-25 05:00:00,0,0,0
2020-04-25 06:00:00,0,0,0
2020-04-25 07:00:00,0,0,0
2020-04-25 08:00:00,0,0,0
2020-04-25 09:00:00,0,0,0
2020-04-25 10:00:00,0,0,0
2020-04-25 11:00:00,0,0,0
2020-04-25 12:00:00,0,0,0
2020-04-25 13:00:00,0,0,0
2020-04-25 14:00:00,0,0,0
2020-04-25 15:00:00,0,0,0
2020-04-25 16:00:00,0,0,0
2020-04-25 17:00:00,0,0,0
2020-04-25 18:00:00,0,0,0
2020-04-25 19:00:00,0,0,0
2020-04-25 20:00:00,0,0,0
2020-04-25 21:00:00,0,0,0
2020-04-25 22:00:00,1,0,1
2020-04-25 23:00:00,0,0,0
2020-04-26 00:00:00,0,0,0
2020-04-26 01:00:00,0,0,0
2020-04-26 02:00:00,0,0,0
2020-04-26 03:00:00,0,0,0
2020-04-26 04:00:00,0,0,0
2020-04-26 05:00:00,0,0,0
2020-04-26 06:00:00,0,0,0
2020-04-26 07:00:00,0,0,0
2020-04-26 08:00:00,0,0,0
2020-04-26 09:00:00,0,0,0
2020-04-26 10:00:00,0,0,0
2020-04-26 11:00:00,0,0,0
2020-04-26 12:00:00,0,0,0
2020-04-26 13:00:00,0,0,0
2020-04-26 14:00:00,0,0,0
2020-04-26 15:00:00,0,0,0
2020-04-26 16:00:00,0,0,0
2020-04-26 17:00:00,0,0,0
2020-04-26 18:00:00,0,0,0
2020-04-26 19:00:00,0,0,0
2020-04-26 20:00:00,0,0,0
2020-04-26 21:00:00,0,0,0
2020-04-26 22:00:00,0,0,0
2020-04-26 23:00:00,0,0,0
2020-04-27 00:00:00,0,0,0
2020-04-27 01:00:00,0,0,0
2020-04-27 02:00:00,0,0,0
2020-04-27 03:00:00,0,0,0
2020-04-27 04:00:00,0,0,0
2020-04-27 05:00:00,0,0,0
2020-04-27 06:00:00,0,0,0
2020-04-27 07:00:00,0,0,0
2020-04-27 08:00:00,0,0,0
2020-04-27 09:00:00,0,0,0
2020-04-27 10:00:00,0,0,0
2020-04-27 11:00:00,0,0,0
2020-04-27 12:00:00,0,0,0
2020-04-27 13:00:00,0,0,0
2020-04-27 14:00:00,0,0,0
2020-04-27 15:00:00,0,0,0
2020-04-27 16:00:00,0,0,0
2020-04-27 17:00:00,0,0,0
2020-04-27 18:00:00,0,0,0
2020-04-27 19:00:00,0,0,0
2020-04-27 20:00:00,0,0,0
2020-04-27 21:00:00,0,0,0
2020-04-27 22:00:00,0,0,0
2020-04-27 23:00:00,0,0,0
2020-04-28 00:00:00,0,0,0
2020-04-28 01:00:00,0,0,0
2020-04-28 02:00:00,0,0,0
2020-04-28 03:00:00,0,0,0
2020-04-28 04:00:00,0,0,0
2020-04-28 05:00:00,0,0,0
2020-04-28 06:00:00,0,0,0
2020-04-28 07:00:00,0,0,0
2020-04-28 08:00:00,0,0,0
2020-04-28 09:00:00,0,0,0
2020-04-28 10:00:00,0,0,0
2020-04-28 11:00:00,0,0,0
2020-04-28 12:00:00,0,0,0
2020-04-28 13:00:00,0,0,0
2020-04-28 14:00:00,0,0,0
2020-04-28 15:00:00,0,0,0
2020-04-28 16:00:00,0,0,0
2020-04-28 17:00:00,0,0,0
2020-04-28 18:00:00,0,0,0
2020-04-28 19:00:00,0,0,0
2020-04-28 20:00:00,0,0,0
2020-04-28 21:00:00,0,0,0
2020-04-28 22:00:00,0,0,0
2020-04-28 23:00:00,0,0,0
2020-04-29 00:00:00,0,0,0
2020-04-29 01:00:00,0,0,0
2020-04-29 02:00:00,0,0,0
2020-04-29 03:00:00,0,0,0
2020-04-29 04:00:00,0,0,0
2020-04-29 05:00:00,0,0,0
2020-04-29 06:00:00,0,0,0
2020-04-29 07:00:00,0,0,0
2020-04-29 08:00:00,0,0,0
2020-04-29 09:00:00,0,0,0
2020-04-29 10:00:00,0,0,0
2020-04-29 11:00:00,0,0,0
2020-04-29 12:00:00,0,0,0
2020-04-29 13:00:00,0,0,0
2020-04-29 14:00:00,0,0,0
2020-04-29 15:00:00,0,0,0
2020-04-29 16:00:00,0,0,0
2020-04-29 17:00:00,0,0,0
2020-04-29 18:00:00,0,0,0
2020-04-29 19:00:00,0,0,0
2020-04-29 20:00:00,0,0,0
2020-04-29 21:00:00,0,0,0
2020-04-29 22:00:00,0,0,0
2020-04-29 23:00:00,0,0,0
2020-04-30 00:00:00,0,0,0
2020-04-30 01:00:00,0,0,0
2020-04-30 02:00:00,0,0,0
2020-04-30 03:00:00,0,0,0
2020-04-30 04:00:00,0,0,0
2020-04-30 05:00:00,0,0,0
2020-04-30 06:00:00,0,0,0
2020-04-30 07:00:00,0,0,0
2020-04-30 08:00:00,0,0,0
2020-04-30 09:00:00,0,0,0
2020-04-30 10:00:00,0,0,0
2020-04-30 11:00:00,0,0,0
2020-04-30 12:00:00,0,0,0
2020-04-30 13:00:00,0,0,0
2020-04-30 14:00:00,0,0,0
2020-04-30 15:00:00,0,0,0
2020-04-30 16:00:00,0,0,0
2020-04-30 17:00:00,0,0,0
2020-04-30 18:00:00,0,0,0
2020-04-30 19:00:00,0,0,0
2020-04-30 20:00:00,0,0,0
2020-04-30 21:00:00,0,0,0
2020-04-30 22:00:00,0,0,0
2020-04-30 23:00:00,0,0,0
2020-05-01 00:00:00,0,0,0
2020-05-01 01:00:00,0,0,0
2020-05-01 02:00:00,0,0,0
2020-05-01 03:00:00,0,0,0
2020-05-01 04:00:00,0,0,0
2020-05-01 05:00:00,0,0,0
2020-05-01 06:00:00,0,0,0
2020-05-01 07:00:00,0,0,0
2020-05-01 08:00:00,0,0,0
2020-05-01 09:00:00,0,0,0
2020-05-01 10:00:00,0,0,0
2020-05-01 11:00:00,0,0,0
2020-05-01 12:00:00,0,0,0
2020-05-01 13:00:00,0,0,0
2020-05-01 14:00:00,0,0,0
2020-05-01 15:00:00,0,0,0
2020-05-01 16:00:00,0,0,0
2020-05-01 17:00:00,0,0,0
2020-05-01 18:00:00,0,0,0
2020-05-01 19:00:00,0,0,0
2020-05-01 20:00:00,0,0,0
2020-05-01 21:00:00,0,0,0
2020-05-01 22:00:00,0,0,0
2020-05-01 23:00:00,0,0,0
2020-05-02 00:00:00,0,0,0
2020-05-02 01:00:00,0,0,0
2020-05-02 02:00:00,0,0,0
2020-05-02 03:00:00,0,0,0
2020-05-02 04:00:00,0,0,0
2020-05-02 05:00:00,0,0,0
2020-05-02 06:00:00,0,0,0
2020-05-02 07:00:00,0,0,0
2020-05-02 08:00:00,0,0,0
2020-05-02 09:00:00,0,0,0
2020-05-02 10:00:00,0,0,0
2020-05-02 11:00:00,0,0,0
2020-05-02 12:00:00,0,0,0
2020-05-02 13:00:00,0,0,0
2020-05-02 14:00:00,0,0,0
2020-05-02 15:00:00,0,0,0
2020-05-02 16:00:00,0,0,0
2020-05-02 17:00:00,0,0,0
2020-05-02 18:00:00,0,0,0
2020-05-02 19:00:00,0,0,0
2020-05-02 20:00:00,0,0,0
2020-05-02 21:00:00,0,0,0
2020-05-02 22:00:00,0,0,0
2020-05-02 23:00:00,0,0,0
2020-05-03 00:00:00,0,0,0
2020-05-03 01:00:00,0,0,0
2020-05-03 02:00:00,0,0,0
2020-05-03 03:00:00,0,0,0
2020-05-03 04:00:00,0,0,0
2020-05-03 05:00:00,0,0,0
2020-05-03 06:00:00,0,0,0
2020-05-03 07:00:00,0,0,0
2020-05-03 08:00:00,0,0,0
2020-05-03 09:00:00,0,0,0
2020-05-03 10:00:00,0,0,0
2020-05-03 11:00:00,0,0,0
2020-05-03 12:00:00,0,0,0
2020-05-03 13:00:00,0,0,0
2020-05-03 14:00:00,0,0,0
2020-05-03 15:00:00,0,0,0
2020-05-03 16:00:00,0,0,0
2020-05-03 17:00:00,0,0,0
2020-05-03 18:00:00,0,0,0
2020-05-03 19:00:00,0,0,0
2020-05-03 20:00:00,0,0,0
2020-05-03 21:00:00,0,0,0
2020-05-03 22:00:00,0,0,0
2020-05-03 23:00:00,0,0,0
2020-05-04 00:00:00,0,0,0
2020-05-04 01:00:00,0,0,0
2020-05-04 02:00:00,0,0,0
2020-05-04 03:00:00,0,0,0
2020-05-04 04:00:00,0,0,0
2020-05-04 05:00:00,0,0,0
2020-05-04 06:00:00,0,0,0
2020-05-04 07:00:00,0,0,0
2020-05-04 08:00:00,0,0,0
2020-05-04 09:00:00,0,0,0
2020-05-04 10:00:00,0,0,0
2020-05-04 11:00:00,0,0,0
2020-05-04 12:00:00,0,0,0
2020-05-04 13:00:00,15,9,6
2020-05-04 14:00:00,83,47,36
2020-05-04 15:00:00,114,69,45
2020-05-04 16:00:00,119,75,44
2020-05-04 17:00:00,170,104,66
2020-05-04 18:00:00,152,88,64
2020-05-04 19:00:00,88,41,47
2020-05-04 20:00:00,35,19,16
2020-05-04 21:00:00,12,5,7
2020-05-04 22:00:00,5,1,4
2020-05-04 23:00:00,4,3,1
2020-05-05 00:00:00,5,5,0
2020-05-05 01:00:00,1,0,1
2020-05-05 02:00:00,0,0,0
2020-05-05 03:00:00,0,0,0
2020-05-05 04:00:00,1,1,0
2020-05-05 05:00:00,17,6,11
2020-05-05 06:00:00,22,10,12
2020-05-05 07:00:00,52,15,37
2020-05-05 08:00:00,68,20,48
2020-05-05 09:00:00,44,21,23
2020-05-05 10:00:00,34,9,25
2020-05-05 11:00:00,61,27,34
2020-05-05 12:00:00,69,34,35
2020-05-05 13:00:00,82,50,32
2020-05-05 14:00:00,106,63,43
2020-05-05 15:00:00,132,84,48
2020-05-05 16:00:00,180,112,68
2020-05-05 17:00:00,201,119,82
2020-05-05 18:00:00,210,120,90
2020-05-05 19:00:00,115,56,59
2020-05-05 20:00:00,60,31,29
2020-05-05 21:00:00,24,8,16
2020-05-05 22:00:00,9,7,2
2020-05-05 23:00:00,4,3,1
2020-05-06 00:00:00,4,1,3
2020-05-06 01:00:00,0,0,0
2020-05-06 02:00:00,0,0,0
2020-05-06 03:00:00,2,2,0
2020-05-06 04:00:00,2,1,1
2020-05-06 05:00:00,13,5,8
2020-05-06 06:00:00,14,5,9
2020-05-06 07:00:00,35,8,27
2020-05-06 08:00:00,36,10,26
2020-05-06 09:00:00,33,11,22
2020-05-06 10:00:00,25,6,19
2020-05-06 11:00:00,33,17,16
2020-05-06 12:00:00,37,22,15
2020-05-06 13:00:00,31,19,12
2020-05-06 14:00:00,38,26,12
2020-05-06 15:00:00,72,39,33
2020-05-06 16:00:00,92,62,30
2020-05-06 17:00:00,144,98,46
2020-05-06 18:00:00,111,59,52
2020-05-06 19:00:00,81,36,45
2020-05-06 20:00:00,33,17,16
2020-05-06 21:00:00,27,12,15
2020-05-06 22:00:00,9,7,2
2020-05-06 23:00:00,2,2,0
2020-05-07 00:00:00,2,2,0
2020-05-07 01:00:00,1,0,1
2020-05-07 02:00:00,0,0,0
2020-05-07 03:00:00,0,0,0
2020-05-07 04:00:00,1,1,0
2020-05-07 05:00:00,16,9,7
2020-05-07 06:00:00,34,9,25
2020-05-07 07:00:00,58,21,37
2020-05-07 08:00:00,68,17,51
2020-05-07 09:00:00,62,33,29
2020-05-07 10:00:00,48,13,35
2020-05-07 11:00:00,69,34,35
2020-05-07 12:00:00,72,37,35
2020-05-07 13:00:00,72,38,34
2020-05-07 14:00:00,104,48,56
2020-05-07 15:00:00,120,85,35
2020-05-07 16:00:00,181,127,54
2020-05-07 17:00:00,226,145,81
2020-05-07 18:00:00,219,115,104
2020-05-07 19:00:00,131,64,67
2020-05-07 20:00:00,88,40,48
2020-05-07 21:00:00,15,7,8
2020-05-07 22:00:00,11,5,6
2020-05-07 23:00:00,4,3,1
2020-05-08 00:00:00,2,1,1
2020-05-08 01:00:00,1,1,0
2020-05-08 02:00:00,2,2,0
2020-05-08 03:00:00,0,0,0
2020-05-08 04:00:00,1,1,0
2020-05-08 05:00:00,10,4,6
2020-05-08 06:00:00,35,11,24
2020-05-08 07:00:00,66,26,40
2020-05-08 08:00:00,54,15,39
2020-05-08 09:00:00,65,20,45
2020-05-08 10:00:00,51,21,30
2020-05-08 11:00:00,71,28,43
2020-05-08 12:00:00,116,70,46
2020-05-08 13:00:00,100,62,38
2020-05-08 14:00:00,144,76,68
2020-05-08 15:00:00,178,104,74
2020-05-08 16:00:00,179,122,57
2020-05-08 17:00:00,219,141,78
2020-05-08 18:00:00,191,108,83
2020-05-08 19:00:00,127,63,64
2020-05-08 20:00:00,109,47,62
2020-05-08 21:00:00,29,9,20
2020-05-08 22:00:00,19,13,6
2020-05-08 23:00:00,8,4,4
2020-05-09 00:00:00,2,0,2
2020-05-09 01:00:00,2,1,1
2020-05-09 02:00:00,1,1,0
2020-05-09 03:00:00,0,0,0
2020-05-09 04:00:00,0,0,0
2020-05-09 05:00:00,4,1,3
2020-05-09 06:00:00,12,6,6
2020-05-09 07:00:00,36,18,18
2020-05-09 08:00:00,48,31,17
2020-05-09 09:00:00,85,51,34
2020-05-09 10:00:00,97,45,52
2020-05-09 11:00:00,146,81,65
2020-05-09 12:00:00,191,109,82
2020-05-09 13:00:00,178,105,73
2020-05-09 14:00:00,153,72,81
2020-05-09 15:00:00,211,95,116
2020-05-09 16:00:00,197,93,104
2020-05-09 17:00:00,156,67,89
2020-05-09 18:00:00,124,49,75
2020-05-09 19:00:00,102,57,45
2020-05-09 20:00:00,50,16,34
2020-05-09 21:00:00,41,14,27
2020-05-09 22:00:00,12,9,3
2020-05-09 23:00:00,12,3,9
2020-05-10 00:00:00,2,1,1
2020-05-10 01:00:00,2,1,1
2020-05-10 02:00:00,3,1,2
2020-05-10 03:00:00,0,0,0
2020-05-10 04:00:00,1,0,1
2020-05-10 05:00:00,4,1,3
2020-05-10 06:00:00,6,3,3
2020-05-10 07:00:00,25,16,9
2020-05-10 08:00:00,44,18,26
2020-05-10 09:00:00,107,63,44
2020-05-10 10:00:00,127,66,61
2020-05-10 11:00:00,148,76,72
2020-05-10 12:00:00,151,81,70
2020-05-10 13:00:00,180,106,74
2020-05-10 14:00:00,156,71,85
2020-05-10 15:00:00,183,98,85
2020-05-10 16:00:00,176,92,84
2020-05-10 17:00:00,158,70,88
2020-05-10 18:00:00,104,39,65
2020-05-10 19:00:00,74,35,39
2020-05-10 20:00:00,54,17,37
2020-05-10 21:00:00,28,14,14
2020-05-10 22:00:00,9,4,5
2020-05-10 23:00:00,5,4,1
2020-05-11 00:00:00,1,0,1
2020-05-11 01:00:00,0,0,0
2020-05-11 02:00:00,2,2,0
2020-05-11 03:00:00,0,0,0
2020-05-11 04:00:00,1,0,1
2020-05-11 05:00:00,16,9,7
2020-05-11 06:00:00,33,10,23
2020-05-11 07:00:00,56,21,35
2020-05-11 08:00:00,64,13,51
2020-05-11 09:00:00,57,24,33
2020-05-11 10:00:00,31,17,14
2020-05-11 11:00:00,74,32,42
2020-05-11 12:00:00,54,31,23
2020-05-11 13:00:00,79,45,34
2020-05-11 14:00:00,104,56,48
2020-05-11 15:00:00,110,65,45
2020-05-11 16:00:00,99,64,35
2020-05-11 17:00:00,103,73,30
2020-05-11 18:00:00,51,28,23
2020-05-11 19:00:00,29,22,7
2020-05-11 20:00:00,9,4,5
2020-05-11 21:00:00,2,2,0
2020-05-11 22:00:00,3,2,1
2020-05-11 23:00:00,1,1,0
2020-05-12 00:00:00,1,0,1
2020-05-12 01:00:00,0,0,0
2020-05-12 02:00:00,2,2,0
2020-05-12 03:00:00,0,0,0
2020-05-12 04:00:00,0,0,0
2020-05-12 05:00:00,9,3,6
2020-05-12 06:00:00,33,12,21
2020-05-12 07:00:00,46,19,27
2020-05-12 08:00:00,66,18,48
2020-05-12 09:00:00,40,16,24
2020-05-12 10:00:00,35,12,23
2020-05-12 11:00:00,32,14,18
2020-05-12 12:00:00,33,16,17
2020-05-12 13:00:00,29,18,11
2020-05-12 14:00:00,42,22,20
2020-05-12 15:00:00,83,50,33
2020-05-12 16:00:00,115,76,39
2020-05-12 17:00:00,107,67,40
2020-05-12 18:00:00,88,54,34
2020-05-12 19:00:00,72,38,34
2020-05-12 20:00:00,27,11,16
2020-05-12 21:00:00,6,5,1
2020-05-12 22:00:00,10,4,6
2020-05-12 23:00:00,3,2,1
2020-05-13 00:00:00,4,4,0
2020-05-13 01:00:00,1,1,0
2020-05-13 02:00:00,0,0,0
2020-05-13 03:00:00,1,1,0
2020-05-13 04:00:00,3,2,1
2020-05-13 05:00:00,18,5,13
2020-05-13 06:00:00,22,7,15
2020-05-13 07:00:00,47,12,35
2020-05-13 08:00:00,63,17,46
2020-05-13 09:00:00,51,19,32
2020-05-13 10:00:00,42,18,24
2020-05-13 11:00:00,36,20,16
2020-05-13 12:00:00,55,26,29
2020-05-13 13:00:00,45,19,26
2020-05-13 14:00:00,77,46,31
2020-05-13 15:00:00,122,71,51
2020-05-13 16:00:00,146,99,47
2020-05-13 17:00:00,177,105,72
2020-05-13 18:00:00,122,29,93
2020-05-13 19:00:00,146,55,91
2020-05-13 20:00:00,56,28,28
2020-05-13 21:00:00,22,5,17
2020-05-13 22:00:00,7,4,3
2020-05-13 23:00:00,4,2,2
2020-05-14 00:00:00,3,1,2
2020-05-14 01:00:00,1,0,1
2020-05-14 02:00:00,0,0,0
2020-05-14 03:00:00,1,1,0
2020-05-14 04:00:00,0,0,0
2020-05-14 05:00:00,10,3,7
2020-05-14 06:00:00,14,3,11
2020-05-14 07:00:00,30,7,23
2020-05-14 08:00:00,31,5,26
2020-05-14 09:00:00,12,0,12
2020-05-14 10:00:00,18,2,16
2020-05-14 11:00:00,16,3,13
2020-05-14 12:00:00,33,9,24
2020-05-14 13:00:00,32,12,20
2020-05-14 14:00:00,24,6,18
2020-05-14 15:00:00,39,3,36
2020-05-14 16:00:00,58,0,58
2020-05-14 17:00:00,131,5,126
2020-05-14 18:00:00,144,4,140
2020-05-14 19:00:00,105,7,98
2020-05-14 20:00:00,27,4,23
2020-05-14 21:00:00,21,2,19
2020-05-14 22:00:00,8,0,8
2020-05-14 23:00:00,7,4,3
2020-05-15 00:00:00,3,2,1
2020-05-15 01:00:00,0,0,0
2020-05-15 02:00:00,2,1,1
2020-05-15 03:00:00,2,0,2
2020-05-15 04:00:00,1,0,1
2020-05-15 05:00:00,10,6,4
2020-05-15 06:00:00,20,13,7
2020-05-15 07:00:00,37,23,14
2020-05-15 08:00:00,34,20,14
2020-05-15 09:00:00,32,15,17
2020-05-15 10:00:00,27,11,16
2020-05-15 11:00:00,48,19,29
2020-05-15 12:00:00,73,35,38
2020-05-15 13:00:00,100,60,40
2020-05-15 14:00:00,126,67,59
2020-05-15 15:00:00,186,116,70
2020-05-15 16:00:00,236,133,103
2020-05-15 17:00:00,226,133,93
2020-05-15 18:00:00,220,110,110
2020-05-15 19:00:00,70,37,33
2020-05-15 20:00:00,21,1,20
2020-05-15 21:00:00,25,5,20
2020-05-15 22:00:00,10,0,10
2020-05-15 23:00:00,5,2,3
2020-05-16 00:00:00,0,0,0
2020-05-16 01:00:00,0,0,0
2020-05-16 02:00:00,0,0,0
2020-05-16 03:00:00,0,0,0
2020-05-16 04:00:00,0,0,0
2020-05-16 05:00:00,0,0,0
2020-05-16 06:00:00,1,0,1
2020-05-16 07:00:00,2,0,2
2020-05-16 08:00:00,3,2,1
2020-05-16 09:00:00,2,0,2
2020-05-16 10:00:00,11,0,11
2020-05-16 11:00:00,19,1,18
2020-05-16 12:00:00,33,1,32
2020-05-16 13:00:00,17,0,17
2020-05-16 14:00:00,13,2,11
2020-05-16 15:00:00,12,0,12
2020-05-16 16:00:00,15,0,15
2020-05-16 17:00:00,12,0,12
2020-05-16 18:00:00,10,0,10
2020-05-16 19:00:00,11,0,11
2020-05-16 20:00:00,9,1,8
2020-05-16 21:00:00,1,0,1
2020-05-16 22:00:00,0,0,0
2020-05-16 23:00:00,0,0,0
2020-05-17 00:00:00,0,0,0
2020-05-17 01:00:00,0,0,0
2020-05-17 02:00:00,0,0,0
2020-05-17 03:00:00,0,0,0
2020-05-17 04:00:00,0,0,0
2020-05-17 05:00:00,1,0,1
2020-05-17 06:00:00,1,0,1
2020-05-17 07:00:00,9,1,8
2020-05-17 08:00:00,7,0,7
2020-05-17 09:00:00,29,1,28
2020-05-17 10:00:00,26,2,24
2020-05-17 11:00:00,67,5,62
2020-05-17 12:00:00,110,5,105
2020-05-17 13:00:00,128,2,126
2020-05-17 14:00:00,144,3,141
2020-05-17 15:00:00,145,1,144
2020-05-17 16:00:00,170,7,163
2020-05-17 17:00:00,192,10,182
2020-05-17 18:00:00,103,4,99
2020-05-17 19:00:00,0,0,0
2020-05-17 20:00:00,0,0,0
2020-05-17 21:00:00,0,0,0
2020-05-17 22:00:00,0,0,0
2020-05-17 23:00:00,0,0,0
2020-05-18 00:00:00,0,0,0
2020-05-18 01:00:00,0,0,0
2020-05-18 02:00:00,0,0,0
2020-05-18 03:00:00,0,0,0
2020-05-18 04:00:00,0,0,0
2020-05-18 05:00:00,0,0,0
2020-05-18 06:00:00,0,0,0
2020-05-18 07:00:00,0,0,0
2020-05-18 08:00:00,0,0,0
2020-05-18 09:00:00,0,0,0
2020-05-18 10:00:00,0,0,0
2020-05-18 11:00:00,0,0,0
2020-05-18 12:00:00,0,0,0
2020-05-18 13:00:00,0,0,0
2020-05-18 14:00:00,0,0,0
2020-05-18 15:00:00,0,0,0
2020-05-18 16:00:00,0,0,0
2020-05-18 17:00:00,0,0,0
2020-05-18 18:00:00,0,0,0
2020-05-18 19:00:00,0,0,0
2020-05-18 20:00:00,0,0,0
2020-05-18 21:00:00,0,0,0
2020-05-18 22:00:00,0,0,0
2020-05-18 23:00:00,0,0,0
2020-05-19 00:00:00,0,0,0
2020-05-19 01:00:00,0,0,0
2020-05-19 02:00:00,0,0,0
2020-05-19 03:00:00,0,0,0
2020-05-19 04:00:00,0,0,0
2020-05-19 05:00:00,0,0,0
2020-05-19 06:00:00,0,0,0
2020-05-19 07:00:00,0,0,0
2020-05-19 08:00:00,0,0,0
2020-05-19 09:00:00,0,0,0
2020-05-19 10:00:00,0,0,0
2020-05-19 11:00:00,0,0,0
2020-05-19 12:00:00,0,0,0
2020-05-19 13:00:00,1,1,0
2020-05-19 14:00:00,0,0,0
2020-05-19 15:00:00,1,0,1
2020-05-19 16:00:00,0,0,0
2020-05-19 17:00:00,1,0,1
2020-05-19 18:00:00,0,0,0
2020-05-19 19:00:00,1,0,1
2020-05-19 20:00:00,54,18,36
2020-05-19 21:00:00,3,1,2
2020-05-19 22:00:00,2,1,1
2020-05-19 23:00:00,1,1,0
2020-05-20 00:00:00,0,0,0
2020-05-20 01:00:00,0,0,0
2020-05-20 02:00:00,0,0,0
2020-05-20 03:00:00,0,0,0
2020-05-20 04:00:00,1,0,1
2020-05-20 05:00:00,3,0,3
2020-05-20 06:00:00,8,1,7
2020-05-20 07:00:00,33,3,30
2020-05-20 08:00:00,62,3,59
2020-05-20 09:00:00,34,3,31
2020-05-20 10:00:00,23,2,21
2020-05-20 11:00:00,23,0,23
2020-05-20 12:00:00,20,3,17
2020-05-20 13:00:00,27,2,25
2020-05-20 14:00:00,19,2,17
2020-05-20 15:00:00,27,0,27
2020-05-20 16:00:00,30,7,23
2020-05-20 17:00:00,20,3,17
2020-05-20 18:00:00,18,4,14
2020-05-20 19:00:00,13,1,12
2020-05-20 20:00:00,6,0,6
2020-05-20 21:00:00,6,0,6
2020-05-20 22:00:00,0,0,0
2020-05-20 23:00:00,2,0,2
2020-05-21 00:00:00,1,0,1
2020-05-21 01:00:00,0,0,0
2020-05-21 02:00:00,0,0,0
2020-05-21 03:00:00,1,1,0
2020-05-21 04:00:00,0,0,0
2020-05-21 05:00:00,8,0,8
2020-05-21 06:00:00,8,0,8
2020-05-21 07:00:00,24,1,23
2020-05-21 08:00:00,28,0,28
2020-05-21 09:00:00,21,2,19
2020-05-21 10:00:00,6,0,6
2020-05-21 11:00:00,16,1,15
2020-05-21 12:00:00,34,6,28
2020-05-21 13:00:00,32,13,19
2020-05-21 14:00:00,44,16,28
2020-05-21 15:00:00,42,28,14
2020-05-21 16:00:00,58,33,25
2020-05-21 17:00:00,55,41,14
2020-05-21 18:00:00,55,27,28
2020-05-21 19:00:00,41,19,22
2020-05-21 20:00:00,29,14,15
2020-05-21 21:00:00,13,5,8
2020-05-21 22:00:00,4,3,1
2020-05-21 23:00:00,4,2,2
2020-05-22 00:00:00,0,0,0
2020-05-22 01:00:00,3,2,1
2020-05-22 02:00:00,0,0,0
2020-05-22 03:00:00,1,1,0
2020-05-22 04:00:00,2,1,1
2020-05-22 05:00:00,12,3,9
2020-05-22 06:00:00,34,9,25
2020-05-22 07:00:00,55,16,39
2020-05-22 08:00:00,58,11,47
2020-05-22 09:00:00,45,10,35
2020-05-22 10:00:00,60,23,37
2020-05-22 11:00:00,63,30,33
2020-05-22 12:00:00,79,48,31
2020-05-22 13:00:00,86,41,45
2020-05-22 14:00:00,106,58,48
2020-05-22 15:00:00,141,74,67
2020-05-22 16:00:00,161,81,80
2020-05-22 17:00:00,121,82,39
2020-05-22 18:00:00,91,46,45
2020-05-22 19:00:00,40,16,24
2020-05-22 20:00:00,26,15,11
2020-05-22 21:00:00,8,7,1
2020-05-22 22:00:00,2,2,0
2020-05-22 23:00:00,4,2,2
2020-05-23 00:00:00,3,3,0
2020-05-23 01:00:00,1,0,1
2020-05-23 02:00:00,0,0,0
2020-05-23 03:00:00,0,0,0
2020-05-23 04:00:00,1,1,0
2020-05-23 05:00:00,2,1,1
2020-05-23 06:00:00,15,3,12
2020-05-23 07:00:00,14,5,9
2020-05-23 08:00:00,24,16,8
2020-05-23 09:00:00,34,22,12
2020-05-23 10:00:00,90,58,32
2020-05-23 11:00:00,128,77,51
2020-05-23 12:00:00,101,60,41
2020-05-23 13:00:00,163,84,79
2020-05-23 14:00:00,188,104,84
2020-05-23 15:00:00,198,105,93
2020-05-23 16:00:00,166,76,90
2020-05-23 17:00:00,180,86,94
2020-05-23 18:00:00,164,70,94
2020-05-23 19:00:00,106,39,67
2020-05-23 20:00:00,48,18,30
2020-05-23 21:00:00,20,9,11
2020-05-23 22:00:00,13,5,8
2020-05-23 23:00:00,3,1,2
2020-05-24 00:00:00,6,2,4
2020-05-24 01:00:00,2,0,2
2020-05-24 02:00:00,0,0,0
2020-05-24 03:00:00,0,0,0
2020-05-24 04:00:00,1,0,1
2020-05-24 05:00:00,2,1,1
2020-05-24 06:00:00,7,1,6
2020-05-24 07:00:00,17,7,10
2020-05-24 08:00:00,28,11,17
2020-05-24 09:00:00,33,14,19
2020-05-24 10:00:00,67,34,33
2020-05-24 11:00:00,92,53,39
2020-05-24 12:00:00,108,30,78
2020-05-24 13:00:00,89,19,70
2020-05-24 14:00:00,99,11,88
2020-05-24 15:00:00,112,16,96
2020-05-24 16:00:00,132,4,128
2020-05-24 17:00:00,84,5,79
2020-05-24 18:00:00,90,0,90
2020-05-24 19:00:00,55,2,53
2020-05-24 20:00:00,34,2,32
2020-05-24 21:00:00,16,2,14
2020-05-24 22:00:00,0,0,0
2020-05-24 23:00:00,1,1,0
2020-05-25 00:00:00,3,1,2
2020-05-25 01:00:00,0,0,0
2020-05-25 02:00:00,0,0,0
2020-05-25 03:00:00,0,0,0
2020-05-25 04:00:00,0,0,0
2020-05-25 05:00:00,2,2,0
2020-05-25 06:00:00,3,3,0
2020-05-25 07:00:00,3,3,0
2020-05-25 08:00:00,7,6,1
2020-05-25 09:00:00,4,4,0
2020-05-25 10:00:00,5,5,0
2020-05-25 11:00:00,8,5,3
2020-05-25 12:00:00,8,8,0
2020-05-25 13:00:00,11,7,4
2020-05-25 14:00:00,1,0,1
2020-05-25 15:00:00,0,0,0
2020-05-25 16:00:00,14,1,13
2020-05-25 17:00:00,13,0,13
2020-05-25 18:00:00,14,3,11
2020-05-25 19:00:00,7,0,7
2020-05-25 20:00:00,9,0,9
2020-05-25 21:00:00,4,0,4
2020-05-25 22:00:00,0,0,0
2020-05-25 23:00:00,0,0,0
2020-05-26 00:00:00,0,0,0
2020-05-26 01:00:00,0,0,0
2020-05-26 02:00:00,0,0,0
2020-05-26 03:00:00,0,0,0
2020-05-26 04:00:00,0,0,0
2020-05-26 05:00:00,3,0,3
2020-05-26 06:00:00,11,3,8
2020-05-26 07:00:00,23,18,5
2020-05-26 08:00:00,40,29,11
2020-05-26 09:00:00,32,29,3
2020-05-26 10:00:00,15,12,3
2020-05-26 11:00:00,20,18,2
2020-05-26 12:00:00,0,0,0
2020-05-26 13:00:00,4,3,1
2020-05-26 14:00:00,2,0,2
2020-05-26 15:00:00,35,0,35
2020-05-26 16:00:00,86,1,85
2020-05-26 17:00:00,135,14,121
2020-05-26 18:00:00,128,6,122
2020-05-26 19:00:00,146,7,139
2020-05-26 20:00:00,98,2,96
2020-05-26 21:00:00,33,0,33
2020-05-26 22:00:00,2,0,2
2020-05-26 23:00:00,8,1,7
2020-05-27 00:00:00,4,2,2
2020-05-27 01:00:00,1,0,1
2020-05-27 02:00:00,1,0,1
2020-05-27 03:00:00,2,0,2
2020-05-27 04:00:00,3,0,3
2020-05-27 05:00:00,18,0,18
2020-05-27 06:00:00,36,2,34
2020-05-27 07:00:00,64,1,63
2020-05-27 08:00:00,73,2,71
2020-05-27 09:00:00,68,1,67
2020-05-27 10:00:00,63,1,62
2020-05-27 11:00:00,64,3,61
2020-05-27 12:00:00,84,3,81
2020-05-27 13:00:00,70,5,65
2020-05-27 14:00:00,63,1,62
2020-05-27 15:00:00,87,2,85
2020-05-27 16:00:00,88,10,78
2020-05-27 17:00:00,114,7,107
2020-05-27 18:00:00,129,8,121
2020-05-27 19:00:00,121,5,116
2020-05-27 20:00:00,76,3,73
2020-05-27 21:00:00,29,2,27
2020-05-27 22:00:00,8,0,8
2020-05-27 23:00:00,4,2,2
2020-05-28 00:00:00,2,1,1
2020-05-28 01:00:00,2,1,1
2020-05-28 02:00:00,0,0,0
2020-05-28 03:00:00,0,0,0
2020-05-28 04:00:00,0,0,0
2020-05-28 05:00:00,10,0,10
2020-05-28 06:00:00,29,1,28
2020-05-28 07:00:00,64,1,63
2020-05-28 08:00:00,58,0,58
2020-05-28 09:00:00,44,1,43
2020-05-28 10:00:00,34,2,32
2020-05-28 11:00:00,36,0,36
2020-05-28 12:00:00,33,0,33
2020-05-28 13:00:00,44,1,43
2020-05-28 14:00:00,59,2,57
2020-05-28 15:00:00,93,13,80
2020-05-28 16:00:00,80,10,70
2020-05-28 17:00:00,138,2,136
2020-05-28 18:00:00,190,6,184
2020-05-28 19:00:00,151,2,149
2020-05-28 20:00:00,83,7,76
2020-05-28 21:00:00,43,0,43
2020-05-28 22:00:00,19,0,19
2020-05-28 23:00:00,5,1,4
2020-05-29 00:00:00,3,0,3
2020-05-29 01:00:00,3,0,3
2020-05-29 02:00:00,0,0,0
2020-05-29 03:00:00,1,0,1
2020-05-29 04:00:00,1,0,1
2020-05-29 05:00:00,17,0,17
2020-05-29 06:00:00,35,0,35
2020-05-29 07:00:00,70,0,70
2020-05-29 08:00:00,66,1,65
2020-05-29 09:00:00,52,0,52
2020-05-29 10:00:00,43,2,41
2020-05-29 11:00:00,40,0,40
2020-05-29 12:00:00,45,2,43
2020-05-29 13:00:00,58,0,58
2020-05-29 14:00:00,49,0,49
2020-05-29 15:00:00,71,3,68
2020-05-29 16:00:00,93,7,86
2020-05-29 17:00:00,95,3,92
2020-05-29 18:00:00,163,9,154
2020-05-29 19:00:00,114,9,105
2020-05-29 20:00:00,87,6,81
2020-05-29 21:00:00,29,8,21
2020-05-29 22:00:00,26,6,20
2020-05-29 23:00:00,2,0,2
2020-05-30 00:00:00,0,0,0
2020-05-30 01:00:00,0,0,0
2020-05-30 02:00:00,0,0,0
2020-05-30 03:00:00,0,0,0
2020-05-30 04:00:00,0,0,0
2020-05-30 05:00:00,0,0,0
2020-05-30 06:00:00,0,0,0
2020-05-30 07:00:00,0,0,0
2020-05-30 08:00:00,0,0,0
2020-05-30 09:00:00,0,0,0
2020-05-30 10:00:00,0,0,0
2020-05-30 11:00:00,0,0,0
2020-05-30 12:00:00,0,0,0
2020-05-30 13:00:00,0,0,0
2020-05-30 14:00:00,0,0,0
2020-05-30 15:00:00,0,0,0
2020-05-30 16:00:00,0,0,0
2020-05-30 17:00:00,0,0,0
2020-05-30 18:00:00,0,0,0
2020-05-30 19:00:00,0,0,0
2020-05-30 20:00:00,0,0,0
2020-05-30 21:00:00,0,0,0
2020-05-30 22:00:00,0,0,0
2020-05-30 23:00:00,0,0,0
2020-05-31 00:00:00,0,0,0
2020-05-31 01:00:00,0,0,0
2020-05-31 02:00:00,0,0,0
2020-05-31 03:00:00,0,0,0
2020-05-31 04:00:00,0,0,0
2020-05-31 05:00:00,0,0,0
2020-05-31 06:00:00,0,0,0
2020-05-31 07:00:00,0,0,0
2020-05-31 08:00:00,0,0,0
2020-05-31 09:00:00,0,0,0
2020-05-31 10:00:00,0,0,0
2020-05-31 11:00:00,0,0,0
2020-05-31 12:00:00,0,0,0
2020-05-31 13:00:00,0,0,0
2020-05-31 14:00:00,0,0,0
2020-05-31 15:00:00,0,0,0
2020-05-31 16:00:00,0,0,0
2020-05-31 17:00:00,12,11,1
2020-05-31 18:00:00,28,13,15
2020-05-31 19:00:00,24,9,15
2020-05-31 20:00:00,12,5,7
2020-05-31 21:00:00,8,6,2
2020-05-31 22:00:00,9,9,0
2020-05-31 23:00:00,9,9,0
2020-06-01 00:00:00,1,1,0
2020-06-01 01:00:00,1,1,0
2020-06-01 02:00:00,1,1,0
2020-06-01 03:00:00,0,0,0
2020-06-01 04:00:00,1,1,0
2020-06-01 05:00:00,8,8,0
2020-06-01 06:00:00,12,9,3
2020-06-01 07:00:00,29,17,12
2020-06-01 08:00:00,54,8,46
2020-06-01 09:00:00,49,5,44
2020-06-01 10:00:00,34,8,26
2020-06-01 11:00:00,40,4,36
2020-06-01 12:00:00,41,1,40
2020-06-01 13:00:00,31,1,30
2020-06-01 14:00:00,64,7,57
2020-06-01 15:00:00,83,9,74
2020-06-01 16:00:00,93,5,88
2020-06-01 17:00:00,148,36,112
2020-06-01 18:00:00,113,36,77
2020-06-01 19:00:00,78,35,43
2020-06-01 20:00:00,45,22,23
2020-06-01 21:00:00,24,16,8
2020-06-01 22:00:00,8,4,4
2020-06-01 23:00:00,9,6,3
2020-06-02 00:00:00,1,1,0
2020-06-02 01:00:00,0,0,0
2020-06-02 02:00:00,0,0,0
2020-06-02 03:00:00,0,0,0
2020-06-02 04:00:00,1,1,0
2020-06-02 05:00:00,15,7,8
2020-06-02 06:00:00,36,5,31
2020-06-02 07:00:00,68,13,55
2020-06-02 08:00:00,72,18,54
2020-06-02 09:00:00,69,19,50
2020-06-02 10:00:00,59,21,38
2020-06-02 11:00:00,38,20,18
2020-06-02 12:00:00,73,33,40
2020-06-02 13:00:00,71,34,37
2020-06-02 14:00:00,79,41,38
2020-06-02 15:00:00,91,41,50
2020-06-02 16:00:00,100,58,42
2020-06-02 17:00:00,99,58,41
2020-06-02 18:00:00,124,72,52
2020-06-02 19:00:00,75,36,39
2020-06-02 20:00:00,40,23,17
2020-06-02 21:00:00,22,14,8
2020-06-02 22:00:00,25,14,11
2020-06-02 23:00:00,7,4,3
2020-06-03 00:00:00,2,2,0
2020-06-03 01:00:00,1,1,0
2020-06-03 02:00:00,2,1,1
2020-06-03 03:00:00,0,0,0
2020-06-03 04:00:00,1,0,1
2020-06-03 05:00:00,18,6,12
2020-06-03 06:00:00,39,8,31
2020-06-03 07:00:00,56,12,44
2020-06-03 08:00:00,85,10,75
2020-06-03 09:00:00,67,26,41
2020-06-03 10:00:00,37,11,26
2020-06-03 11:00:00,60,25,35
2020-06-03 12:00:00,70,33,37
2020-06-03 13:00:00,108,38,70
2020-06-03 14:00:00,89,42,47
2020-06-03 15:00:00,101,54,47
2020-06-03 16:00:00,57,23,34
2020-06-03 17:00:00,21,6,15
2020-06-03 18:00:00,61,7,54
2020-06-03 19:00:00,34,6,28
2020-06-03 20:00:00,19,1,18
2020-06-03 21:00:00,12,5,7
2020-06-03 22:00:00,4,2,2
2020-06-03 23:00:00,0,0,0
2020-06-04 00:00:00,2,0,2
2020-06-04 01:00:00,0,0,0
2020-06-04 02:00:00,0,0,0
2020-06-04 03:00:00,0,0,0
2020-06-04 04:00:00,0,0,0
2020-06-04 05:00:00,10,0,10
2020-06-04 06:00:00,12,0,12
2020-06-04 07:00:00,21,0,21
2020-06-04 08:00:00,18,0,18
2020-06-04 09:00:00,12,0,12
2020-06-04 10:00:00,6,0,6
2020-06-04 11:00:00,3,0,3
2020-06-04 12:00:00,9,0,9
2020-06-04 13:00:00,24,0,24
2020-06-04 14:00:00,16,0,16
2020-06-04 15:00:00,42,20,22
2020-06-04 16:00:00,38,4,34
2020-06-04 17:00:00,14,0,14
2020-06-04 18:00:00,36,10,26
2020-06-04 19:00:00,27,3,24
2020-06-04 20:00:00,20,8,12
2020-06-04 21:00:00,25,16,9
2020-06-04 22:00:00,0,0,0
2020-06-04 23:00:00,0,0,0
2020-06-05 00:00:00,0,0,0
2020-06-05 01:00:00,0,0,0
2020-06-05 02:00:00,0,0,0
2020-06-05 03:00:00,0,0,0
2020-06-05 04:00:00,0,0,0
2020-06-05 05:00:00,0,0,0
2020-06-05 06:00:00,0,0,0
2020-06-05 07:00:00,0,0,0
2020-06-05 08:00:00,0,0,0
2020-06-05 09:00:00,0,0,0
2020-06-05 10:00:00,0,0,0
2020-06-05 11:00:00,0,0,0
2020-06-05 12:00:00,0,0,0
2020-06-05 13:00:00,0,0,0
2020-06-05 14:00:00,0,0,0
2020-06-05 15:00:00,0,0,0
2020-06-05 16:00:00,0,0,0
2020-06-05 17:00:00,0,0,0
2020-06-05 18:00:00,0,0,0
2020-06-05 19:00:00,0,0,0
2020-06-05 20:00:00,0,0,0
2020-06-05 21:00:00,0,0,0
2020-06-05 22:00:00,0,0,0
2020-06-05 23:00:00,0,0,0
2020-06-06 00:00:00,0,0,0
2020-06-06 01:00:00,0,0,0
2020-06-06 02:00:00,0,0,0
2020-06-06 03:00:00,0,0,0
2020-06-06 04:00:00,0,0,0
2020-06-06 05:00:00,0,0,0
2020-06-06 06:00:00,0,0,0
2020-06-06 07:00:00,0,0,0
2020-06-06 08:00:00,0,0,0
2020-06-06 09:00:00,0,0,0
2020-06-06 10:00:00,0,0,0
2020-06-06 11:00:00,0,0,0
2020-06-06 12:00:00,0,0,0
2020-06-06 13:00:00,0,0,0
2020-06-06 14:00:00,85,48,37
2020-06-06 15:00:00,104,63,41
2020-06-06 16:00:00,100,55,45
2020-06-06 17:00:00,78,23,55
2020-06-06 18:00:00,50,1,49
2020-06-06 19:00:00,40,0,40
2020-06-06 20:00:00,28,1,27
2020-06-06 21:00:00,20,0,20
2020-06-06 22:00:00,1,0,1
2020-06-06 23:00:00,4,0,4
2020-06-07 00:00:00,6,2,4
2020-06-07 01:00:00,4,0,4
2020-06-07 02:00:00,3,0,3
2020-06-07 03:00:00,3,0,3
2020-06-07 04:00:00,0,0,0
2020-06-07 05:00:00,1,0,1
2020-06-07 06:00:00,0,0,0
2020-06-07 07:00:00,6,0,6
2020-06-07 08:00:00,5,0,5
2020-06-07 09:00:00,5,1,4
2020-06-07 10:00:00,22,0,22
2020-06-07 11:00:00,16,1,15
2020-06-07 12:00:00,36,4,32
2020-06-07 13:00:00,44,12,32
2020-06-07 14:00:00,64,10,54
2020-06-07 15:00:00,97,1,96
2020-06-07 16:00:00,0,0,0
2020-06-07 17:00:00,1,0,1
2020-06-07 18:00:00,0,0,0
2020-06-07 19:00:00,0,0,0
2020-06-07 20:00:00,0,0,0
2020-06-07 21:00:00,0,0,0
2020-06-07 22:00:00,0,0,0
2020-06-07 23:00:00,0,0,0
2020-06-08 00:00:00,0,0,0
2020-06-08 01:00:00,0,0,0
2020-06-08 02:00:00,0,0,0
2020-06-08 03:00:00,0,0,0
2020-06-08 04:00:00,0,0,0
2020-06-08 05:00:00,0,0,0
2020-06-08 06:00:00,0,0,0
2020-06-08 07:00:00,0,0,0
2020-06-08 08:00:00,0,0,0
2020-06-08 09:00:00,0,0,0
2020-06-08 10:00:00,0,0,0
2020-06-08 11:00:00,0,0,0
2020-06-08 12:00:00,0,0,0
2020-06-08 13:00:00,0,0,0
2020-06-08 14:00:00,1,1,0
2020-06-08 15:00:00,0,0,0
2020-06-08 16:00:00,0,0,0
2020-06-08 17:00:00,0,0,0
2020-06-08 18:00:00,0,0,0
2020-06-08 19:00:00,0,0,0
2020-06-08 20:00:00,0,0,0
2020-06-08 21:00:00,0,0,0
2020-06-08 22:00:00,0,0,0
2020-06-08 23:00:00,0,0,0
2020-06-09 00:00:00,0,0,0
2020-06-09 01:00:00,0,0,0
2020-06-09 02:00:00,0,0,0
2020-06-09 03:00:00,0,0,0
2020-06-09 04:00:00,0,0,0
2020-06-09 05:00:00,0,0,0
2020-06-09 06:00:00,0,0,0
2020-06-09 07:00:00,0,0,0
2020-06-09 08:00:00,0,0,0
2020-06-09 09:00:00,0,0,0
2020-06-09 10:00:00,0,0,0
2020-06-09 11:00:00,0,0,0
2020-06-09 12:00:00,0,0,0
2020-06-09 13:00:00,0,0,0
2020-06-09 14:00:00,0,0,0
2020-06-09 15:00:00,0,0,0
2020-06-09 16:00:00,0,0,0
2020-06-09 17:00:00,0,0,0
2020-06-09 18:00:00,0,0,0
2020-06-09 19:00:00,0,0,0
2020-06-09 20:00:00,0,0,0
2020-06-09 21:00:00,0,0,0
2020-06-09 22:00:00,0,0,0
2020-06-09 23:00:00,0,0,0
2020-06-10 00:00:00,0,0,0
2020-06-10 01:00:00,0,0,0
2020-06-10 02:00:00,0,0,0
2020-06-10 03:00:00,0,0,0
2020-06-10 04:00:00,0,0,0
2020-06-10 05:00:00,0,0,0
2020-06-10 06:00:00,0,0,0
2020-06-10 07:00:00,0,0,0
2020-06-10 08:00:00,0,0,0
2020-06-10 09:00:00,0,0,0
2020-06-10 10:00:00,0,0,0
2020-06-10 11:00:00,0,0,0
2020-06-10 12:00:00,0,0,0
2020-06-10 13:00:00,0,0,0
2020-06-10 14:00:00,0,0,0
2020-06-10 15:00:00,0,0,0
2020-06-10 16:00:00,0,0,0
2020-06-10 17:00:00,0,0,0
2020-06-10 18:00:00,0,0,0
2020-06-10 19:00:00,0,0,0
2020-06-10 20:00:00,0,0,0
2020-06-10 21:00:00,0,0,0
2020-06-10 22:00:00,0,0,0
2020-06-10 23:00:00,0,0,0
2020-06-11 00:00:00,0,0,0
2020-06-11 01:00:00,0,0,0
2020-06-11 02:00:00,0,0,0
2020-06-11 03:00:00,0,0,0
2020-06-11 04:00:00,0,0,0
2020-06-11 05:00:00,0,0,0
2020-06-11 06:00:00,0,0,0
2020-06-11 07:00:00,0,0,0
2020-06-11 08:00:00,0,0,0
2020-06-11 09:00:00,0,0,0
2020-06-11 10:00:00,0,0,0
2020-06-11 11:00:00,0,0,0
2020-06-11 12:00:00,0,0,0
2020-06-11 13:00:00,0,0,0
2020-06-11 14:00:00,0,0,0
2020-06-11 15:00:00,1,1,0
2020-06-11 16:00:00,0,0,0
2020-06-11 17:00:00,0,0,0
2020-06-11 18:00:00,0,0,0
2020-06-11 19:00:00,0,0,0
2020-06-11 20:00:00,1,1,0
2020-06-11 21:00:00,0,0,0
2020-06-11 22:00:00,0,0,0
2020-06-11 23:00:00,0,0,0
2020-06-12 00:00:00,0,0,0
2020-06-12 01:00:00,0,0,0
2020-06-12 02:00:00,0,0,0
2020-06-12 03:00:00,0,0,0
2020-06-12 04:00:00,0,0,0
2020-06-12 05:00:00,0,0,0
2020-06-12 06:00:00,0,0,0
2020-06-12 07:00:00,0,0,0
2020-06-12 08:00:00,0,0,0
2020-06-12 09:00:00,0,0,0
2020-06-12 10:00:00,0,0,0
2020-06-12 11:00:00,0,0,0
2020-06-12 12:00:00,0,0,0
2020-06-12 13:00:00,0,0,0
2020-06-12 14:00:00,0,0,0
2020-06-12 15:00:00,0,0,0
2020-06-12 16:00:00,0,0,0
2020-06-12 17:00:00,0,0,0
2020-06-12 18:00:00,0,0,0
2020-06-12 19:00:00,0,0,0
2020-06-12 20:00:00,0,0,0
2020-06-12 21:00:00,0,0,0
2020-06-12 22:00:00,0,0,0
2020-06-12 23:00:00,0,0,0
2020-06-13 00:00:00,0,0,0
2020-06-13 01:00:00,0,0,0
2020-06-13 02:00:00,0,0,0
2020-06-13 03:00:00,0,0,0
2020-06-13 04:00:00,0,0,0
2020-06-13 05:00:00,0,0,0
2020-06-13 06:00:00,0,0,0
2020-06-13 07:00:00,0,0,0
2020-06-13 08:00:00,0,0,0
2020-06-13 09:00:00,0,0,0
2020-06-13 10:00:00,0,0,0
2020-06-13 11:00:00,1,1,0
2020-06-13 12:00:00,0,0,0
2020-06-13 13:00:00,0,0,0
2020-06-13 14:00:00,0,0,0
2020-06-13 15:00:00,0,0,0
2020-06-13 16:00:00,0,0,0
2020-06-13 17:00:00,0,0,0
2020-06-13 18:00:00,0,0,0
2020-06-13 19:00:00,0,0,0
2020-06-13 20:00:00,0,0,0
2020-06-13 21:00:00,0,0,0
2020-06-13 22:00:00,0,0,0
2020-06-13 23:00:00,0,0,0
2020-06-14 00:00:00,0,0,0
2020-06-14 01:00:00,0,0,0
2020-06-14 02:00:00,0,0,0
2020-06-14 03:00:00,0,0,0
2020-06-14 04:00:00,0,0,0
2020-06-14 05:00:00,0,0,0
2020-06-14 06:00:00,0,0,0
2020-06-14 07:00:00,0,0,0
2020-06-14 08:00:00,0,0,0
2020-06-14 09:00:00,0,0,0
2020-06-14 10:00:00,0,0,0
2020-06-14 11:00:00,0,0,0
2020-06-14 12:00:00,0,0,0
2020-06-14 13:00:00,0,0,0
2020-06-14 14:00:00,0,0,0
2020-06-14 15:00:00,0,0,0
2020-06-14 16:00:00,0,0,0
2020-06-14 17:00:00,0,0,0
2020-06-14 18:00:00,0,0,0
2020-06-14 19:00:00,0,0,0
2020-06-14 20:00:00,0,0,0
2020-06-14 21:00:00,0,0,0
2020-06-14 22:00:00,0,0,0
2020-06-14 23:00:00,0,0,0
2020-06-15 00:00:00,0,0,0
2020-06-15 01:00:00,0,0,0
2020-06-15 02:00:00,0,0,0
2020-06-15 03:00:00,0,0,0
2020-06-15 04:00:00,0,0,0
2020-06-15 05:00:00,0,0,0
2020-06-15 06:00:00,0,0,0
2020-06-15 07:00:00,0,0,0
2020-06-15 08:00:00,0,0,0
2020-06-15 09:00:00,0,0,0
2020-06-15 10:00:00,0,0,0
2020-06-15 11:00:00,0,0,0
2020-06-15 12:00:00,0,0,0
2020-06-15 13:00:00,0,0,0
2020-06-15 14:00:00,0,0,0
2020-06-15 15:00:00,45,15,30
2020-06-15 16:00:00,82,32,50
2020-06-15 17:00:00,128,45,83
2020-06-15 18:00:00,113,47,66
2020-06-15 19:00:00,92,44,48
2020-06-15 20:00:00,60,34,26
2020-06-15 21:00:00,24,12,12
2020-06-15 22:00:00,11,6,5
2020-06-15 23:00:00,2,0,2
2020-06-16 00:00:00,1,0,1
2020-06-16 01:00:00,0,0,0
2020-06-16 02:00:00,0,0,0
2020-06-16 03:00:00,0,0,0
2020-06-16 04:00:00,0,0,0
2020-06-16 05:00:00,11,6,5
2020-06-16 06:00:00,43,34,9
2020-06-16 07:00:00,65,52,13
2020-06-16 08:00:00,87,69,18
2020-06-16 09:00:00,54,39,15
2020-06-16 10:00:00,43,21,22
2020-06-16 11:00:00,59,31,28
2020-06-16 12:00:00,60,34,26
2020-06-16 13:00:00,47,17,30
2020-06-16 14:00:00,102,52,50
2020-06-16 15:00:00,115,38,77
2020-06-16 16:00:00,166,58,108
2020-06-16 17:00:00,232,80,152
2020-06-16 18:00:00,211,87,124
2020-06-16 19:00:00,138,66,72
2020-06-16 20:00:00,65,37,28
2020-06-16 21:00:00,50,27,23
2020-06-16 22:00:00,15,8,7
2020-06-16 23:00:00,7,4,3
2020-06-17 00:00:00,2,0,2
2020-06-17 01:00:00,3,2,1
2020-06-17 02:00:00,0,0,0
2020-06-17 03:00:00,1,0,1
2020-06-17 04:00:00,2,2,0
2020-06-17 05:00:00,16,6,10
2020-06-17 06:00:00,56,41,15
2020-06-17 07:00:00,71,49,22
2020-06-17 08:00:00,90,76,14
2020-06-17 09:00:00,86,61,25
2020-06-17 10:00:00,58,37,21
2020-06-17 11:00:00,40,22,18
2020-06-17 12:00:00,85,41,44
2020-06-17 13:00:00,82,46,36
2020-06-17 14:00:00,99,45,54
2020-06-17 15:00:00,129,49,80
2020-06-17 16:00:00,201,70,131
2020-06-17 17:00:00,67,17,50
2020-06-17 18:00:00,0,0,0
2020-06-17 19:00:00,0,0,0
2020-06-17 20:00:00,0,0,0
2020-06-17 21:00:00,0,0,0
2020-06-17 22:00:00,0,0,0
2020-06-17 23:00:00,0,0,0
2020-06-18 00:00:00,0,0,0
2020-06-18 01:00:00,0,0,0
2020-06-18 02:00:00,0,0,0
2020-06-18 03:00:00,0,0,0
2020-06-18 04:00:00,0,0,0
2020-06-18 05:00:00,0,0,0
2020-06-18 06:00:00,0,0,0
2020-06-18 07:00:00,0,0,0
2020-06-18 08:00:00,0,0,0
2020-06-18 09:00:00,0,0,0
2020-06-18 10:00:00,0,0,0
2020-06-18 11:00:00,0,0,0
2020-06-18 12:00:00,0,0,0
2020-06-18 13:00:00,0,0,0
2020-06-18 14:00:00,0,0,0
2020-06-18 15:00:00,0,0,0
2020-06-18 16:00:00,0,0,0
2020-06-18 17:00:00,0,0,0
2020-06-18 18:00:00,0,0,0
2020-06-18 19:00:00,0,0,0
2020-06-18 20:00:00,0,0,0
2020-06-18 21:00:00,0,0,0
2020-06-18 22:00:00,0,0,0
2020-06-18 23:00:00,0,0,0
2020-06-19 00:00:00,0,0,0
2020-06-19 01:00:00,0,0,0
2020-06-19 02:00:00,0,0,0
2020-06-19 03:00:00,0,0,0
2020-06-19 04:00:00,0,0,0
2020-06-19 05:00:00,0,0,0
2020-06-19 06:00:00,0,0,0
2020-06-19 07:00:00,0,0,0
2020-06-19 08:00:00,0,0,0
2020-06-19 09:00:00,0,0,0
2020-06-19 10:00:00,0,0,0
2020-06-19 11:00:00,0,0,0
2020-06-19 12:00:00,0,0,0
2020-06-19 13:00:00,0,0,0
2020-06-19 14:00:00,0,0,0
2020-06-19 15:00:00,0,0,0
2020-06-19 16:00:00,0,0,0
2020-06-19 17:00:00,0,0,0
2020-06-19 18:00:00,0,0,0
2020-06-19 19:00:00,0,0,0
2020-06-19 20:00:00,0,0,0
2020-06-19 21:00:00,0,0,0
2020-06-19 22:00:00,0,0,0
2020-06-19 23:00:00,0,0,0
2020-06-20 00:00:00,0,0,0
2020-06-20 01:00:00,0,0,0
2020-06-20 02:00:00,0,0,0
2020-06-20 03:00:00,0,0,0
2020-06-20 04:00:00,0,0,0
2020-06-20 05:00:00,0,0,0
2020-06-20 06:00:00,0,0,0
2020-06-20 07:00:00,0,0,0
2020-06-20 08:00:00,0,0,0
2020-06-20 09:00:00,0,0,0
2020-06-20 10:00:00,0,0,0
2020-06-20 11:00:00,0,0,0
2020-06-20 12:00:00,0,0,0
2020-06-20 13:00:00,0,0,0
2020-06-20 14:00:00,0,0,0
2020-06-20 15:00:00,0,0,0
2020-06-20 16:00:00,0,0,0
2020-06-20 17:00:00,0,0,0
2020-06-20 18:00:00,0,0,0
2020-06-20 19:00:00,0,0,0
2020-06-20 20:00:00,0,0,0
2020-06-20 21:00:00,0,0,0
2020-06-20 22:00:00,0,0,0
2020-06-20 23:00:00,0,0,0
2020-06-21 00:00:00,0,0,0
2020-06-21 01:00:00,0,0,0
2020-06-21 02:00:00,0,0,0
2020-06-21 03:00:00,0,0,0
2020-06-21 04:00:00,0,0,0
2020-06-21 05:00:00,0,0,0
2020-06-21 06:00:00,0,0,0
2020-06-21 07:00:00,0,0,0
2020-06-21 08:00:00,0,0,0
2020-06-21 09:00:00,0,0,0
2020-06-21 10:00:00,0,0,0
2020-06-21 11:00:00,0,0,0
2020-06-21 12:00:00,0,0,0
2020-06-21 13:00:00,0,0,0
2020-06-21 14:00:00,0,0,0
2020-06-21 15:00:00,0,0,0
2020-06-21 16:00:00,0,0,0
2020-06-21 17:00:00,0,0,0
2020-06-21 18:00:00,0,0,0
2020-06-21 19:00:00,0,0,0
2020-06-21 20:00:00,0,0,0
2020-06-21 21:00:00,0,0,0
2020-06-21 22:00:00,0,0,0
2020-06-21 23:00:00,0,0,0
2020-06-22 00:00:00,0,0,0
2020-06-22 01:00:00,0,0,0
2020-06-22 02:00:00,0,0,0
2020-06-22 03:00:00,0,0,0
2020-06-22 04:00:00,0,0,0
2020-06-22 05:00:00,0,0,0
2020-06-22 06:00:00,0,0,0
2020-06-22 07:00:00,0,0,0
2020-06-22 08:00:00,0,0,0
2020-06-22 09:00:00,0,0,0
2020-06-22 10:00:00,0,0,0
2020-06-22 11:00:00,0,0,0
2020-06-22 12:00:00,0,0,0
2020-06-22 13:00:00,0,0,0
2020-06-22 14:00:00,0,0,0
2020-06-22 15:00:00,0,0,0
2020-06-22 16:00:00,0,0,0
2020-06-22 17:00:00,0,0,0
2020-06-22 18:00:00,0,0,0
2020-06-22 19:00:00,0,0,0
2020-06-22 20:00:00,0,0,0
2020-06-22 21:00:00,0,0,0
2020-06-22 22:00:00,0,0,0
2020-06-22 23:00:00,0,0,0
2020-06-23 00:00:00,0,0,0
2020-06-23 01:00:00,0,0,0
2020-06-23 02:00:00,0,0,0
2020-06-23 03:00:00,0,0,0
2020-06-23 04:00:00,0,0,0
2020-06-23 05:00:00,0,0,0
2020-06-23 06:00:00,0,0,0
2020-06-23 07:00:00,0,0,0
2020-06-23 08:00:00,0,0,0
2020-06-23 09:00:00,0,0,0
2020-06-23 10:00:00,0,0,0
2020-06-23 11:00:00,0,0,0
2020-06-23 12:00:00,0,0,0
2020-06-23 13:00:00,0,0,0
2020-06-23 14:00:00,0,0,0
2020-06-23 15:00:00,0,0,0
2020-06-23 16:00:00,0,0,0
2020-06-23 17:00:00,0,0,0
2020-06-23 18:00:00,0,0,0
2020-06-23 19:00:00,0,0,0
2020-06-23 20:00:00,0,0,0
2020-06-23 21:00:00,0,0,0
2020-06-23 22:00:00,0,0,0
2020-06-23 23:00:00,0,0,0
2020-06-24 00:00:00,0,0,0
2020-06-24 01:00:00,0,0,0
2020-06-24 02:00:00,0,0,0
2020-06-24 03:00:00,0,0,0
2020-06-24 04:00:00,0,0,0
2020-06-24 05:00:00,0,0,0
2020-06-24 06:00:00,0,0,0
2020-06-24 07:00:00,0,0,0
2020-06-24 08:00:00,0,0,0
2020-06-24 09:00:00,0,0,0
2020-06-24 10:00:00,0,0,0
2020-06-24 11:00:00,0,0,0
2020-06-24 12:00:00,0,0,0
2020-06-24 13:00:00,0,0,0
2020-06-24 14:00:00,0,0,0
2020-06-24 15:00:00,0,0,0
2020-06-24 16:00:00,0,0,0
2020-06-24 17:00:00,0,0,0
2020-06-24 18:00:00,0,0,0
2020-06-24 19:00:00,0,0,0
2020-06-24 20:00:00,0,0,0
2020-06-24 21:00:00,0,0,0
2020-06-24 22:00:00,0,0,0
2020-06-24 23:00:00,0,0,0
2020-06-25 00:00:00,0,0,0
2020-06-25 01:00:00,0,0,0
2020-06-25 02:00:00,0,0,0
2020-06-25 03:00:00,0,0,0
2020-06-25 04:00:00,0,0,0
2020-06-25 05:00:00,0,0,0
2020-06-25 06:00:00,0,0,0
2020-06-25 07:00:00,0,0,0
2020-06-25 08:00:00,0,0,0
2020-06-25 09:00:00,0,0,0
2020-06-25 10:00:00,0,0,0
2020-06-25 11:00:00,0,0,0
2020-06-25 12:00:00,0,0,0
2020-06-25 13:00:00,0,0,0
2020-06-25 14:00:00,0,0,0
2020-06-25 15:00:00,0,0,0
2020-06-25 16:00:00,0,0,0
2020-06-25 17:00:00,0,0,0
2020-06-25 18:00:00,0,0,0
2020-06-25 19:00:00,0,0,0
2020-06-25 20:00:00,0,0,0
2020-06-25 21:00:00,0,0,0
2020-06-25 22:00:00,0,0,0
2020-06-25 23:00:00,0,0,0
2020-06-26 00:00:00,0,0,0
2020-06-26 01:00:00,0,0,0
2020-06-26 02:00:00,0,0,0
2020-06-26 03:00:00,0,0,0
2020-06-26 04:00:00,0,0,0
2020-06-26 05:00:00,0,0,0
2020-06-26 06:00:00,0,0,0
2020-06-26 07:00:00,0,0,0
2020-06-26 08:00:00,0,0,0
2020-06-26 09:00:00,0,0,0
2020-06-26 10:00:00,0,0,0
2020-06-26 11:00:00,0,0,0
2020-06-26 12:00:00,0,0,0
2020-06-26 13:00:00,0,0,0
2020-06-26 14:00:00,0,0,0
2020-06-26 15:00:00,0,0,0
2020-06-26 16:00:00,0,0,0
2020-06-26 17:00:00,0,0,0
2020-06-26 18:00:00,0,0,0
2020-06-26 19:00:00,0,0,0
2020-06-26 20:00:00,0,0,0
2020-06-26 21:00:00,0,0,0
2020-06-26 22:00:00,0,0,0
2020-06-26 23:00:00,0,0,0
2020-06-27 00:00:00,0,0,0
2020-06-27 01:00:00,0,0,0
2020-06-27 02:00:00,0,0,0
2020-06-27 03:00:00,0,0,0
2020-06-27 04:00:00,0,0,0
2020-06-27 05:00:00,0,0,0
2020-06-27 06:00:00,0,0,0
2020-06-27 07:00:00,0,0,0
2020-06-27 08:00:00,0,0,0
2020-06-27 09:00:00,0,0,0
2020-06-27 10:00:00,0,0,0
2020-06-27 11:00:00,0,0,0
2020-06-27 12:00:00,0,0,0
2020-06-27 13:00:00,0,0,0
2020-06-27 14:00:00,0,0,0
2020-06-27 15:00:00,0,0,0
2020-06-27 16:00:00,0,0,0
2020-06-27 17:00:00,0,0,0
2020-06-27 18:00:00,0,0,0
2020-06-27 19:00:00,0,0,0
2020-06-27 20:00:00,0,0,0
2020-06-27 21:00:00,0,0,0
2020-06-27 22:00:00,0,0,0
2020-06-27 23:00:00,0,0,0
2020-06-28 00:00:00,0,0,0
2020-06-28 01:00:00,0,0,0
2020-06-28 02:00:00,0,0,0
2020-06-28 03:00:00,0,0,0
2020-06-28 04:00:00,0,0,0
2020-06-28 05:00:00,0,0,0
2020-06-28 06:00:00,0,0,0
2020-06-28 07:00:00,0,0,0
2020-06-28 08:00:00,0,0,0
2020-06-28 09:00:00,0,0,0
2020-06-28 10:00:00,0,0,0
2020-06-28 11:00:00,0,0,0
2020-06-28 12:00:00,0,0,0
2020-06-28 13:00:00,0,0,0
2020-06-28 14:00:00,0,0,0
2020-06-28 15:00:00,0,0,0
2020-06-28 16:00:00,0,0,0
2020-06-28 17:00:00,0,0,0
2020-06-28 18:00:00,0,0,0
2020-06-28 19:00:00,0,0,0
2020-06-28 20:00:00,0,0,0
2020-06-28 21:00:00,0,0,0
2020-06-28 22:00:00,0,0,0
2020-06-28 23:00:00,0,0,0
2020-06-29 00:00:00,0,0,0
2020-06-29 01:00:00,0,0,0
2020-06-29 02:00:00,0,0,0
2020-06-29 03:00:00,0,0,0
2020-06-29 04:00:00,0,0,0
2020-06-29 05:00:00,0,0,0
2020-06-29 06:00:00,0,0,0
2020-06-29 07:00:00,0,0,0
2020-06-29 08:00:00,0,0,0
2020-06-29 09:00:00,0,0,0
2020-06-29 10:00:00,0,0,0
2020-06-29 11:00:00,0,0,0
2020-06-29 12:00:00,0,0,0
2020-06-29 13:00:00,0,0,0
2020-06-29 14:00:00,0,0,0
2020-06-29 15:00:00,0,0,0
2020-06-29 16:00:00,0,0,0
2020-06-29 17:00:00,0,0,0
2020-06-29 18:00:00,0,0,0
2020-06-29 19:00:00,0,0,0
2020-06-29 20:00:00,0,0,0
2020-06-29 21:00:00,0,0,0
2020-06-29 22:00:00,0,0,0
2020-06-29 23:00:00,0,0,0
2020-06-30 00:00:00,0,0,0
2020-06-30 01:00:00,0,0,0
2020-06-30 02:00:00,0,0,0
2020-06-30 03:00:00,0,0,0
2020-06-30 04:00:00,0,0,0
2020-06-30 05:00:00,0,0,0
2020-06-30 06:00:00,0,0,0
2020-06-30 07:00:00,0,0,0
2020-06-30 08:00:00,0,0,0
2020-06-30 09:00:00,0,0,0
2020-06-30 10:00:00,0,0,0
2020-06-30 11:00:00,0,0,0
2020-06-30 12:00:00,0,0,0
2020-06-30 13:00:00,0,0,0
2020-06-30 14:00:00,0,0,0
2020-06-30 15:00:00,0,0,0
2020-06-30 16:00:00,0,0,0
2020-06-30 17:00:00,0,0,0
2020-06-30 18:00:00,0,0,0
2020-06-30 19:00:00,0,0,0
2020-06-30 20:00:00,0,0,0
2020-06-30 21:00:00,0,0,0
2020-06-30 22:00:00,0,0,0
2020-06-30 23:00:00,0,0,0
2020-07-01 00:00:00,0,0,0
2020-07-01 01:00:00,0,0,0
2020-07-01 02:00:00,0,0,0
2020-07-01 03:00:00,0,0,0
2020-07-01 04:00:00,0,0,0
2020-07-01 05:00:00,0,0,0
2020-07-01 06:00:00,0,0,0
2020-07-01 07:00:00,0,0,0
2020-07-01 08:00:00,0,0,0
2020-07-01 09:00:00,0,0,0
2020-07-01 10:00:00,0,0,0
2020-07-01 11:00:00,0,0,0
2020-07-01 12:00:00,0,0,0
2020-07-01 13:00:00,4,1,3
2020-07-01 14:00:00,0,0,0
2020-07-01 15:00:00,0,0,0
2020-07-01 16:00:00,0,0,0
2020-07-01 17:00:00,0,0,0
2020-07-01 18:00:00,0,0,0
2020-07-01 19:00:00,0,0,0
2020-07-01 20:00:00,0,0,0
2020-07-01 21:00:00,0,0,0
2020-07-01 22:00:00,0,0,0
2020-07-01 23:00:00,0,0,0
2020-07-02 00:00:00,0,0,0
2020-07-02 01:00:00,0,0,0
2020-07-02 02:00:00,0,0,0
2020-07-02 03:00:00,0,0,0
2020-07-02 04:00:00,0,0,0
2020-07-02 05:00:00,0,0,0
2020-07-02 06:00:00,0,0,0
2020-07-02 07:00:00,0,0,0
2020-07-02 08:00:00,0,0,0
2020-07-02 09:00:00,0,0,0
2020-07-02 10:00:00,0,0,0
2020-07-02 11:00:00,0,0,0
2020-07-02 12:00:00,0,0,0
2020-07-02 13:00:00,0,0,0
2020-07-02 14:00:00,47,35,12
2020-07-02 15:00:00,97,71,26
2020-07-02 16:00:00,143,91,52
2020-07-02 17:00:00,175,123,52
2020-07-02 18:00:00,118,77,41
2020-07-02 19:00:00,83,49,34
2020-07-02 20:00:00,83,35,48
2020-07-02 21:00:00,31,15,16
2020-07-02 22:00:00,11,3,8
2020-07-02 23:00:00,4,3,1
2020-07-03 00:00:00,4,3,1
2020-07-03 01:00:00,8,3,5
2020-07-03 02:00:00,0,0,0
2020-07-03 03:00:00,1,0,1
2020-07-03 04:00:00,2,2,0
2020-07-03 05:00:00,3,0,3
2020-07-03 06:00:00,15,4,11
2020-07-03 07:00:00,38,18,20
2020-07-03 08:00:00,52,22,30
2020-07-03 09:00:00,54,19,35
2020-07-03 10:00:00,66,23,43
2020-07-03 11:00:00,81,40,41
2020-07-03 12:00:00,115,62,53
2020-07-03 13:00:00,143,85,58
2020-07-03 14:00:00,138,77,61
2020-07-03 15:00:00,147,78,69
2020-07-03 16:00:00,174,93,81
2020-07-03 17:00:00,142,70,72
2020-07-03 18:00:00,108,66,42
2020-07-03 19:00:00,75,25,50
2020-07-03 20:00:00,61,22,39
2020-07-03 21:00:00,26,9,17
2020-07-03 22:00:00,17,7,10
2020-07-03 23:00:00,3,1,2
2020-07-04 00:00:00,2,1,1
2020-07-04 01:00:00,4,1,3
2020-07-04 02:00:00,1,0,1
2020-07-04 03:00:00,0,0,0
2020-07-04 04:00:00,1,1,0
2020-07-04 05:00:00,6,2,4
2020-07-04 06:00:00,8,1,7
2020-07-04 07:00:00,20,3,17
2020-07-04 08:00:00,28,19,9
2020-07-04 09:00:00,52,24,28
2020-07-04 10:00:00,66,30,36
2020-07-04 11:00:00,88,41,47
2020-07-04 12:00:00,118,76,42
2020-07-04 13:00:00,153,92,61
2020-07-04 14:00:00,163,100,63
2020-07-04 15:00:00,167,89,78
2020-07-04 16:00:00,151,71,80
2020-07-04 17:00:00,110,56,54
2020-07-04 18:00:00,84,28,56
2020-07-04 19:00:00,87,38,49
2020-07-04 20:00:00,60,20,40
2020-07-04 21:00:00,42,16,26
2020-07-04 22:00:00,24,9,15
2020-07-04 23:00:00,9,5,4
2020-07-05 00:00:00,8,6,2
2020-07-05 01:00:00,5,5,0
2020-07-05 02:00:00,2,2,0
2020-07-05 03:00:00,0,0,0
2020-07-05 04:00:00,0,0,0
2020-07-05 05:00:00,5,2,3
2020-07-05 06:00:00,10,2,8
2020-07-05 07:00:00,25,13,12
2020-07-05 08:00:00,31,20,11
2020-07-05 09:00:00,56,31,25
2020-07-05 10:00:00,73,45,28
2020-07-05 11:00:00,120,59,61
2020-07-05 12:00:00,139,75,64
2020-07-05 13:00:00,162,109,53
2020-07-05 14:00:00,196,94,102
2020-07-05 15:00:00,228,110,118
2020-07-05 16:00:00,174,96,78
2020-07-05 17:00:00,151,61,90
2020-07-05 18:00:00,143,73,70
2020-07-05 19:00:00,112,56,56
2020-07-05 20:00:00,68,22,46
2020-07-05 21:00:00,35,9,26
2020-07-05 22:00:00,9,6,3
2020-07-05 23:00:00,8,8,0
2020-07-06 00:00:00,2,2,0
2020-07-06 01:00:00,3,2,1
2020-07-06 02:00:00,0,0,0
2020-07-06 03:00:00,0,0,0
2020-07-06 04:00:00,3,2,1
2020-07-06 05:00:00,15,8,7
2020-07-06 06:00:00,44,13,31
2020-07-06 07:00:00,76,17,59
2020-07-06 08:00:00,112,29,83
2020-07-06 09:00:00,63,23,40
2020-07-06 10:00:00,64,17,47
2020-07-06 11:00:00,64,29,35
2020-07-06 12:00:00,99,44,55
2020-07-06 13:00:00,73,41,32
2020-07-06 14:00:00,128,70,58
2020-07-06 15:00:00,113,62,51
2020-07-06 16:00:00,190,135,55
2020-07-06 17:00:00,216,152,64
2020-07-06 18:00:00,213,123,90
2020-07-06 19:00:00,126,70,56
2020-07-06 20:00:00,85,40,45
2020-07-06 21:00:00,37,17,20
2020-07-06 22:00:00,14,5,9
2020-07-06 23:00:00,11,6,5
2020-07-07 00:00:00,4,3,1
2020-07-07 01:00:00,1,1,0
2020-07-07 02:00:00,1,0,1
2020-07-07 03:00:00,0,0,0
2020-07-07 04:00:00,1,0,1
2020-07-07 05:00:00,10,6,4
2020-07-07 06:00:00,48,13,35
2020-07-07 07:00:00,73,19,54
2020-07-07 08:00:00,87,14,73
2020-07-07 09:00:00,65,16,49
2020-07-07 10:00:00,32,14,18
2020-07-07 11:00:00,62,27,35
2020-07-07 12:00:00,43,24,19
2020-07-07 13:00:00,54,26,28
2020-07-07 14:00:00,71,39,32
2020-07-07 15:00:00,84,60,24
2020-07-07 16:00:00,154,105,49
2020-07-07 17:00:00,169,130,39
2020-07-07 18:00:00,135,84,51
2020-07-07 19:00:00,102,67,35
2020-07-07 20:00:00,61,23,38
2020-07-07 21:00:00,30,8,22
2020-07-07 22:00:00,13,8,5
2020-07-07 23:00:00,4,2,2
2020-07-08 00:00:00,3,2,1
2020-07-08 01:00:00,1,1,0
2020-07-08 02:00:00,1,0,1
2020-07-08 03:00:00,1,0,1
2020-07-08 04:00:00,2,1,1
2020-07-08 05:00:00,12,7,5
2020-07-08 06:00:00,37,8,29
2020-07-08 07:00:00,98,27,71
2020-07-08 08:00:00,106,18,88
2020-07-08 09:00:00,77,24,53
2020-07-08 10:00:00,71,31,40
2020-07-08 11:00:00,52,24,28
2020-07-08 12:00:00,69,44,25
2020-07-08 13:00:00,79,44,35
2020-07-08 14:00:00,80,45,35
2020-07-08 15:00:00,124,79,45
2020-07-08 16:00:00,202,141,61
2020-07-08 17:00:00,258,176,82
2020-07-08 18:00:00,246,149,97
2020-07-08 19:00:00,179,94,85
2020-07-08 20:00:00,93,31,62
2020-07-08 21:00:00,56,21,35
2020-07-08 22:00:00,17,6,11
2020-07-08 23:00:00,8,5,3
2020-07-09 00:00:00,5,4,1
2020-07-09 01:00:00,1,0,1
2020-07-09 02:00:00,0,0,0
2020-07-09 03:00:00,1,1,0
2020-07-09 04:00:00,4,2,2
2020-07-09 05:00:00,17,8,9
2020-07-09 06:00:00,35,13,22
2020-07-09 07:00:00,74,25,49
2020-07-09 08:00:00,91,13,78
2020-07-09 09:00:00,59,16,43
2020-07-09 10:00:00,30,16,14
2020-07-09 11:00:00,50,19,31
2020-07-09 12:00:00,56,30,26
2020-07-09 13:00:00,49,31,18
2020-07-09 14:00:00,63,29,34
2020-07-09 15:00:00,90,53,37
2020-07-09 16:00:00,125,93,32
2020-07-09 17:00:00,198,141,57
2020-07-09 18:00:00,182,111,71
2020-07-09 19:00:00,133,78,55
2020-07-09 20:00:00,116,50,66
2020-07-09 21:00:00,57,19,38
2020-07-09 22:00:00,15,4,11
2020-07-09 23:00:00,8,3,5
2020-07-10 00:00:00,0,0,0
2020-07-10 01:00:00,2,1,1
2020-07-10 02:00:00,3,2,1
2020-07-10 03:00:00,0,0,0
2020-07-10 04:00:00,7,4,3
2020-07-10 05:00:00,15,7,8
2020-07-10 06:00:00,42,12,30
2020-07-10 07:00:00,79,26,53
2020-07-10 08:00:00,95,18,77
2020-07-10 09:00:00,75,19,56
2020-07-10 10:00:00,54,24,30
2020-07-10 11:00:00,76,40,36
2020-07-10 12:00:00,82,50,32
2020-07-10 13:00:00,79,47,32
2020-07-10 14:00:00,107,48,59
2020-07-10 15:00:00,152,87,65
2020-07-10 16:00:00,210,124,86
2020-07-10 17:00:00,249,160,89
2020-07-10 18:00:00,193,123,70
2020-07-10 19:00:00,158,92,66
2020-07-10 20:00:00,108,42,66
2020-07-10 21:00:00,55,15,40
2020-07-10 22:00:00,15,6,9
2020-07-10 23:00:00,10,4,6
2020-07-11 00:00:00,2,1,1
2020-07-11 01:00:00,5,1,4
2020-07-11 02:00:00,2,1,1
2020-07-11 03:00:00,0,0,0
2020-07-11 04:00:00,1,0,1
2020-07-11 05:00:00,1,1,0
2020-07-11 06:00:00,10,6,4
2020-07-11 07:00:00,32,19,13
2020-07-11 08:00:00,51,29,22
2020-07-11 09:00:00,63,41,22
2020-07-11 10:00:00,110,48,62
2020-07-11 11:00:00,114,59,55
2020-07-11 12:00:00,142,86,56
2020-07-11 13:00:00,168,92,76
2020-07-11 14:00:00,153,80,73
2020-07-11 15:00:00,173,94,79
2020-07-11 16:00:00,151,76,75
2020-07-11 17:00:00,131,64,67
2020-07-11 18:00:00,95,40,55
2020-07-11 19:00:00,53,17,36
2020-07-11 20:00:00,42,20,22
2020-07-11 21:00:00,35,11,24
2020-07-11 22:00:00,19,7,12
2020-07-11 23:00:00,6,1,5
2020-07-12 00:00:00,1,1,0
2020-07-12 01:00:00,3,2,1
2020-07-12 02:00:00,2,1,1
2020-07-12 03:00:00,0,0,0
2020-07-12 04:00:00,4,3,1
2020-07-12 05:00:00,2,0,2
2020-07-12 06:00:00,5,4,1
2020-07-12 07:00:00,13,4,9
2020-07-12 08:00:00,19,10,9
2020-07-12 09:00:00,13,3,10
2020-07-12 10:00:00,27,11,16
2020-07-12 11:00:00,44,19,25
2020-07-12 12:00:00,78,39,39
2020-07-12 13:00:00,93,53,40
2020-07-12 14:00:00,163,109,54
2020-07-12 15:00:00,166,93,73
2020-07-12 16:00:00,223,143,80
2020-07-12 17:00:00,195,83,112
2020-07-12 18:00:00,147,72,75
2020-07-12 19:00:00,84,34,50
2020-07-12 20:00:00,38,14,24
2020-07-12 21:00:00,26,13,13
2020-07-12 22:00:00,14,5,9
2020-07-12 23:00:00,7,4,3
2020-07-13 00:00:00,5,2,3
2020-07-13 01:00:00,2,1,1
2020-07-13 02:00:00,0,0,0
2020-07-13 03:00:00,0,0,0
2020-07-13 04:00:00,0,0,0
2020-07-13 05:00:00,19,8,11
2020-07-13 06:00:00,47,12,35
2020-07-13 07:00:00,99,25,74
2020-07-13 08:00:00,116,22,94
2020-07-13 09:00:00,91,25,66
2020-07-13 10:00:00,62,28,34
2020-07-13 11:00:00,55,25,30
2020-07-13 12:00:00,69,39,30
2020-07-13 13:00:00,52,17,35
2020-07-13 14:00:00,110,73,37
2020-07-13 15:00:00,120,76,44
2020-07-13 16:00:00,195,121,74
2020-07-13 17:00:00,280,185,95
2020-07-13 18:00:00,218,126,92
2020-07-13 19:00:00,160,90,70
2020-07-13 20:00:00,113,43,70
2020-07-13 21:00:00,59,19,40
2020-07-13 22:00:00,13,4,9
2020-07-13 23:00:00,6,3,3
2020-07-14 00:00:00,3,1,2
2020-07-14 01:00:00,3,0,3
2020-07-14 02:00:00,0,0,0
2020-07-14 03:00:00,1,1,0
2020-07-14 04:00:00,2,0,2
2020-07-14 05:00:00,16,8,8
2020-07-14 06:00:00,61,25,36
2020-07-14 07:00:00,113,30,83
2020-07-14 08:00:00,129,29,100
2020-07-14 09:00:00,81,19,62
2020-07-14 10:00:00,85,37,48
2020-07-14 11:00:00,78,40,38
2020-07-14 12:00:00,76,42,34
2020-07-14 13:00:00,88,42,46
2020-07-14 14:00:00,107,56,51
2020-07-14 15:00:00,146,87,59
2020-07-14 16:00:00,199,130,69
2020-07-14 17:00:00,283,212,71
2020-07-14 18:00:00,266,164,102
2020-07-14 19:00:00,175,92,83
2020-07-14 20:00:00,107,42,65
2020-07-14 21:00:00,62,22,40
2020-07-14 22:00:00,31,12,19
2020-07-14 23:00:00,12,7,5
2020-07-15 00:00:00,6,2,4
2020-07-15 01:00:00,1,0,1
2020-07-15 02:00:00,0,0,0
2020-07-15 03:00:00,0,0,0
2020-07-15 04:00:00,3,2,1
2020-07-15 05:00:00,17,6,11
2020-07-15 06:00:00,58,14,44
2020-07-15 07:00:00,101,26,75
2020-07-15 08:00:00,105,23,82
2020-07-15 09:00:00,86,19,67
2020-07-15 10:00:00,76,38,38
2020-07-15 11:00:00,84,36,48
2020-07-15 12:00:00,73,32,41
2020-07-15 13:00:00,103,48,55
2020-07-15 14:00:00,84,49,35
2020-07-15 15:00:00,165,100,65
2020-07-15 16:00:00,207,157,50
2020-07-15 17:00:00,260,178,82
2020-07-15 18:00:00,210,131,79
2020-07-15 19:00:00,181,96,85
2020-07-15 20:00:00,126,46,80
2020-07-15 21:00:00,61,25,36
2020-07-15 22:00:00,26,10,16
2020-07-15 23:00:00,7,3,4
2020-07-16 00:00:00,4,1,3
2020-07-16 01:00:00,2,1,1
2020-07-16 02:00:00,0,0,0
2020-07-16 03:00:00,2,1,1
2020-07-16 04:00:00,4,1,3
2020-07-16 05:00:00,16,7,9
2020-07-16 06:00:00,47,11,36
2020-07-16 07:00:00,86,25,61
2020-07-16 08:00:00,153,32,121
2020-07-16 09:00:00,83,22,61
2020-07-16 10:00:00,65,27,38
2020-07-16 11:00:00,69,30,39
2020-07-16 12:00:00,57,20,37
2020-07-16 13:00:00,74,36,38
2020-07-16 14:00:00,82,45,37
2020-07-16 15:00:00,134,82,52
2020-07-16 16:00:00,157,107,50
2020-07-16 17:00:00,232,157,75
2020-07-16 18:00:00,177,116,61
2020-07-16 19:00:00,134,72,62
2020-07-16 20:00:00,98,50,48
2020-07-16 21:00:00,45,15,30
2020-07-16 22:00:00,18,8,10
2020-07-16 23:00:00,17,6,11
2020-07-17 00:00:00,8,5,3
2020-07-17 01:00:00,1,0,1
2020-07-17 02:00:00,1,1,0
2020-07-17 03:00:00,0,0,0
2020-07-17 04:00:00,4,2,2
2020-07-17 05:00:00,14,6,8
2020-07-17 06:00:00,22,7,15
2020-07-17 07:00:00,58,11,47
2020-07-17 08:00:00,96,27,69
2020-07-17 09:00:00,76,16,60
2020-07-17 10:00:00,43,13,30
2020-07-17 11:00:00,59,26,33
2020-07-17 12:00:00,54,26,28
2020-07-17 13:00:00,45,25,20
2020-07-17 14:00:00,74,43,31
2020-07-17 15:00:00,94,56,38
2020-07-17 16:00:00,120,73,47
2020-07-17 17:00:00,153,108,45
2020-07-17 18:00:00,152,95,57
2020-07-17 19:00:00,109,69,40
2020-07-17 20:00:00,62,30,32
2020-07-17 21:00:00,39,9,30
2020-07-17 22:00:00,28,16,12
2020-07-17 23:00:00,7,3,4
2020-07-18 00:00:00,7,4,3
2020-07-18 01:00:00,9,4,5
2020-07-18 02:00:00,8,4,4
2020-07-18 03:00:00,7,4,3
2020-07-18 04:00:00,5,3,2
2020-07-18 05:00:00,8,3,5
2020-07-18 06:00:00,17,7,10
2020-07-18 07:00:00,35,17,18
2020-07-18 08:00:00,51,24,27
2020-07-18 09:00:00,72,33,39
2020-07-18 10:00:00,94,43,51
2020-07-18 11:00:00,120,74,46
2020-07-18 12:00:00,186,121,65
2020-07-18 13:00:00,152,80,72
2020-07-18 14:00:00,224,125,99
2020-07-18 15:00:00,196,102,94
2020-07-18 16:00:00,176,78,98
2020-07-18 17:00:00,184,107,77
2020-07-18 18:00:00,140,66,74
2020-07-18 19:00:00,133,55,78
2020-07-18 20:00:00,97,48,49
2020-07-18 21:00:00,50,14,36
2020-07-18 22:00:00,41,15,26
2020-07-18 23:00:00,12,5,7
2020-07-19 00:00:00,3,1,2
2020-07-19 01:00:00,0,0,0
2020-07-19 02:00:00,0,0,0
2020-07-19 03:00:00,0,0,0
2020-07-19 04:00:00,2,1,1
2020-07-19 05:00:00,2,0,2
2020-07-19 06:00:00,11,3,8
2020-07-19 07:00:00,19,10,9
2020-07-19 08:00:00,52,22,30
2020-07-19 09:00:00,76,44,32
2020-07-19 10:00:00,107,57,50
2020-07-19 11:00:00,142,72,70
2020-07-19 12:00:00,170,80,90
2020-07-19 13:00:00,164,91,73
2020-07-19 14:00:00,194,96,98
2020-07-19 15:00:00,163,68,95
2020-07-19 16:00:00,140,65,75
2020-07-19 17:00:00,126,63,63
2020-07-19 18:00:00,105,51,54
2020-07-19 19:00:00,97,49,48
2020-07-19 20:00:00,84,27,57
2020-07-19 21:00:00,44,20,24
2020-07-19 22:00:00,18,5,13
2020-07-19 23:00:00,10,6,4
2020-07-20 00:00:00,3,2,1
2020-07-20 01:00:00,2,1,1
2020-07-20 02:00:00,2,1,1
2020-07-20 03:00:00,1,0,1
2020-07-20 04:00:00,2,1,1
2020-07-20 05:00:00,19,6,13
2020-07-20 06:00:00,37,11,26
2020-07-20 07:00:00,94,23,71
2020-07-20 08:00:00,122,26,96
2020-07-20 09:00:00,88,21,67
2020-07-20 10:00:00,60,19,41
2020-07-20 11:00:00,70,30,40
2020-07-20 12:00:00,67,36,31
2020-07-20 13:00:00,80,30,50
2020-07-20 14:00:00,87,47,40
2020-07-20 15:00:00,109,68,41
2020-07-20 16:00:00,194,148,46
2020-07-20 17:00:00,245,174,71
2020-07-20 18:00:00,189,115,74
2020-07-20 19:00:00,177,82,95
2020-07-20 20:00:00,134,54,80
2020-07-20 21:00:00,72,24,48
2020-07-20 22:00:00,30,10,20
2020-07-20 23:00:00,11,7,4
2020-07-21 00:00:00,5,3,2
2020-07-21 01:00:00,12,5,7
2020-07-21 02:00:00,11,6,5
2020-07-21 03:00:00,9,4,5
2020-07-21 04:00:00,9,5,4
2020-07-21 05:00:00,18,9,9
2020-07-21 06:00:00,54,16,38
2020-07-21 07:00:00,109,31,78
2020-07-21 08:00:00,141,23,118
2020-07-21 09:00:00,74,28,46
2020-07-21 10:00:00,70,24,46
2020-07-21 11:00:00,98,48,50
2020-07-21 12:00:00,68,40,28
2020-07-21 13:00:00,76,47,29
2020-07-21 14:00:00,83,43,40
2020-07-21 15:00:00,111,68,43
2020-07-21 16:00:00,164,104,60
2020-07-21 17:00:00,270,203,67
2020-07-21 18:00:00,218,135,83
2020-07-21 19:00:00,143,72,71
2020-07-21 20:00:00,128,56,72
2020-07-21 21:00:00,72,26,46
2020-07-21 22:00:00,21,12,9
2020-07-21 23:00:00,10,6,4
2020-07-22 00:00:00,4,1,3
2020-07-22 01:00:00,2,2,0
2020-07-22 02:00:00,1,0,1
2020-07-22 03:00:00,0,0,0
2020-07-22 04:00:00,3,2,1
2020-07-22 05:00:00,15,7,8
2020-07-22 06:00:00,48,15,33
2020-07-22 07:00:00,99,26,73
2020-07-22 08:00:00,119,24,95
2020-07-22 09:00:00,72,16,56
2020-07-22 10:00:00,56,24,32
2020-07-22 11:00:00,52,22,30
2020-07-22 12:00:00,51,38,13
2020-07-22 13:00:00,75,40,35
2020-07-22 14:00:00,70,37,33
2020-07-22 15:00:00,96,58,38
2020-07-22 16:00:00,141,100,41
2020-07-22 17:00:00,191,138,53
2020-07-22 18:00:00,205,139,66
2020-07-22 19:00:00,143,72,71
2020-07-22 20:00:00,122,45,77
2020-07-22 21:00:00,64,26,38
2020-07-22 22:00:00,28,9,19
2020-07-22 23:00:00,20,10,10
2020-07-23 00:00:00,3,1,2
2020-07-23 01:00:00,4,4,0
2020-07-23 02:00:00,0,0,0
2020-07-23 03:00:00,2,0,2
2020-07-23 04:00:00,1,1,0
2020-07-23 05:00:00,14,7,7
2020-07-23 06:00:00,39,10,29
2020-07-23 07:00:00,80,19,61
2020-07-23 08:00:00,110,21,89
2020-07-23 09:00:00,63,13,50
2020-07-23 10:00:00,62,16,46
2020-07-23 11:00:00,67,24,43
2020-07-23 12:00:00,76,44,32
2020-07-23 13:00:00,67,33,34
2020-07-23 14:00:00,96,44,52
2020-07-23 15:00:00,104,76,28
2020-07-23 16:00:00,152,100,52
2020-07-23 17:00:00,197,142,55
2020-07-23 18:00:00,173,114,59
2020-07-23 19:00:00,165,108,57
2020-07-23 20:00:00,109,47,62
2020-07-23 21:00:00,37,18,19
2020-07-23 22:00:00,18,7,11
2020-07-23 23:00:00,5,1,4
2020-07-24 00:00:00,5,2,3
2020-07-24 01:00:00,1,1,0
2020-07-24 02:00:00,1,1,0
2020-07-24 03:00:00,0,0,0
2020-07-24 04:00:00,2,2,0
2020-07-24 05:00:00,23,12,11
2020-07-24 06:00:00,38,8,30
2020-07-24 07:00:00,90,28,62
2020-07-24 08:00:00,100,17,83
2020-07-24 09:00:00,81,25,56
2020-07-24 10:00:00,72,33,39
2020-07-24 11:00:00,47,24,23
2020-07-24 12:00:00,74,40,34
2020-07-24 13:00:00,87,50,37
2020-07-24 14:00:00,88,53,35
2020-07-24 15:00:00,129,85,44
2020-07-24 16:00:00,140,88,52
2020-07-24 17:00:00,164,126,38
2020-07-24 18:00:00,176,104,72
2020-07-24 19:00:00,95,49,46
2020-07-24 20:00:00,73,25,48
2020-07-24 21:00:00,47,15,32
2020-07-24 22:00:00,19,5,14
2020-07-24 23:00:00,10,3,7
2020-07-25 00:00:00,6,5,1
2020-07-25 01:00:00,2,2,0
2020-07-25 02:00:00,0,0,0
2020-07-25 03:00:00,1,0,1
2020-07-25 04:00:00,0,0,0
2020-07-25 05:00:00,8,5,3
2020-07-25 06:00:00,10,5,5
2020-07-25 07:00:00,31,16,15
2020-07-25 08:00:00,55,27,28
2020-07-25 09:00:00,81,49,32
2020-07-25 10:00:00,132,55,77
2020-07-25 11:00:00,141,76,65
2020-07-25 12:00:00,164,86,78
2020-07-25 13:00:00,189,95,94
2020-07-25 14:00:00,197,99,98
2020-07-25 15:00:00,169,99,70
2020-07-25 16:00:00,157,93,64
2020-07-25 17:00:00,172,79,93
2020-07-25 18:00:00,152,67,85
2020-07-25 19:00:00,93,43,50
2020-07-25 20:00:00,80,31,49
2020-07-25 21:00:00,72,16,56
2020-07-25 22:00:00,20,8,12
2020-07-25 23:00:00,17,7,10
2020-07-26 00:00:00,13,10,3
2020-07-26 01:00:00,2,1,1
2020-07-26 02:00:00,2,2,0
2020-07-26 03:00:00,3,2,1
2020-07-26 04:00:00,0,0,0
2020-07-26 05:00:00,2,0,2
2020-07-26 06:00:00,7,3,4
2020-07-26 07:00:00,19,12,7
2020-07-26 08:00:00,40,17,23
2020-07-26 09:00:00,77,43,34
2020-07-26 10:00:00,88,53,35
2020-07-26 11:00:00,153,79,74
2020-07-26 12:00:00,141,89,52
2020-07-26 13:00:00,160,69,91
2020-07-26 14:00:00,190,104,86
2020-07-26 15:00:00,158,76,82
2020-07-26 16:00:00,171,73,98
2020-07-26 17:00:00,145,74,71
2020-07-26 18:00:00,121,70,51
2020-07-26 19:00:00,94,42,52
2020-07-26 20:00:00,98,34,64
2020-07-26 21:00:00,35,12,23
2020-07-26 22:00:00,14,1,13
2020-07-26 23:00:00,3,2,1
2020-07-27 00:00:00,5,1,4
2020-07-27 01:00:00,0,0,0
2020-07-27 02:00:00,1,0,1
2020-07-27 03:00:00,2,1,1
2020-07-27 04:00:00,2,1,1
2020-07-27 05:00:00,14,4,10
2020-07-27 06:00:00,36,13,23
2020-07-27 07:00:00,89,34,55
2020-07-27 08:00:00,123,24,99
2020-07-27 09:00:00,91,25,66
2020-07-27 10:00:00,72,27,45
2020-07-27 11:00:00,46,22,24
2020-07-27 12:00:00,82,43,39
2020-07-27 13:00:00,60,32,28
2020-07-27 14:00:00,90,52,38
2020-07-27 15:00:00,102,60,42
2020-07-27 16:00:00,122,81,41
2020-07-27 17:00:00,201,149,52
2020-07-27 18:00:00,169,107,62
2020-07-27 19:00:00,132,70,62
2020-07-27 20:00:00,84,35,49
2020-07-27 21:00:00,44,17,27
2020-07-27 22:00:00,19,4,15
2020-07-27 23:00:00,6,3,3
2020-07-28 00:00:00,3,0,3
2020-07-28 01:00:00,1,0,1
2020-07-28 02:00:00,1,0,1
2020-07-28 03:00:00,1,1,0
2020-07-28 04:00:00,1,1,0
2020-07-28 05:00:00,15,5,10
2020-07-28 06:00:00,46,15,31
2020-07-28 07:00:00,103,30,73
2020-07-28 08:00:00,160,31,129
2020-07-28 09:00:00,80,31,49
2020-07-28 10:00:00,61,19,42
2020-07-28 11:00:00,72,24,48
2020-07-28 12:00:00,72,43,29
2020-07-28 13:00:00,62,27,35
2020-07-28 14:00:00,106,60,46
2020-07-28 15:00:00,100,68,32
2020-07-28 16:00:00,182,118,64
2020-07-28 17:00:00,249,169,80
2020-07-28 18:00:00,217,135,82
2020-07-28 19:00:00,158,95,63
2020-07-28 20:00:00,126,70,56
2020-07-28 21:00:00,56,19,37
2020-07-28 22:00:00,21,10,11
2020-07-28 23:00:00,10,6,4
2020-07-29 00:00:00,6,3,3
2020-07-29 01:00:00,1,1,0
2020-07-29 02:00:00,1,0,1
2020-07-29 03:00:00,1,0,1
2020-07-29 04:00:00,3,3,0
2020-07-29 05:00:00,13,6,7
2020-07-29 06:00:00,57,15,42
2020-07-29 07:00:00,118,33,85
2020-07-29 08:00:00,133,29,104
2020-07-29 09:00:00,84,23,61
2020-07-29 10:00:00,47,22,25
2020-07-29 11:00:00,55,23,32
2020-07-29 12:00:00,66,34,32
2020-07-29 13:00:00,74,44,30
2020-07-29 14:00:00,95,55,40
2020-07-29 15:00:00,123,77,46
2020-07-29 16:00:00,166,117,49
2020-07-29 17:00:00,214,150,64
2020-07-29 18:00:00,228,156,72
2020-07-29 19:00:00,179,89,90
2020-07-29 20:00:00,127,57,70
2020-07-29 21:00:00,71,18,53
2020-07-29 22:00:00,22,10,12
2020-07-29 23:00:00,14,5,9
2020-07-30 00:00:00,4,3,1
2020-07-30 01:00:00,5,2,3
2020-07-30 02:00:00,2,2,0
2020-07-30 03:00:00,2,0,2
2020-07-30 04:00:00,1,0,1
2020-07-30 05:00:00,17,8,9
2020-07-30 06:00:00,55,18,37
2020-07-30 07:00:00,112,32,80
2020-07-30 08:00:00,122,22,100
2020-07-30 09:00:00,94,26,68
2020-07-30 10:00:00,78,40,38
2020-07-30 11:00:00,70,29,41
2020-07-30 12:00:00,57,24,33
2020-07-30 13:00:00,47,22,25
2020-07-30 14:00:00,92,48,44
2020-07-30 15:00:00,100,65,35
2020-07-30 16:00:00,160,107,53
2020-07-30 17:00:00,214,158,56
2020-07-30 18:00:00,218,141,77
2020-07-30 19:00:00,146,71,75
2020-07-30 20:00:00,95,46,49
2020-07-30 21:00:00,50,19,31
2020-07-30 22:00:00,32,12,20
2020-07-30 23:00:00,12,5,7
2020-07-31 00:00:00,3,0,3
2020-07-31 01:00:00,0,0,0
2020-07-31 02:00:00,1,0,1
2020-07-31 03:00:00,1,0,1
2020-07-31 04:00:00,4,4,0
2020-07-31 05:00:00,17,8,9
2020-07-31 06:00:00,37,11,26
2020-07-31 07:00:00,90,32,58
2020-07-31 08:00:00,118,28,90
2020-07-31 09:00:00,105,37,68
2020-07-31 10:00:00,70,24,46
2020-07-31 11:00:00,92,42,50
2020-07-31 12:00:00,80,38,42
2020-07-31 13:00:00,122,71,51
2020-07-31 14:00:00,83,45,38
2020-07-31 15:00:00,125,88,37
2020-07-31 16:00:00,155,92,63
2020-07-31 17:00:00,223,139,84
2020-07-31 18:00:00,172,99,73
2020-07-31 19:00:00,113,58,55
2020-07-31 20:00:00,88,40,48
2020-07-31 21:00:00,50,17,33
2020-07-31 22:00:00,1,0,1
2020-07-31 23:00:00,0,0,0
2020-08-01 00:00:00,0,0,0
2020-08-01 01:00:00,0,0,0
2020-08-01 02:00:00,0,0,0
2020-08-01 03:00:00,0,0,0
2020-08-01 04:00:00,0,0,0
2020-08-01 05:00:00,0,0,0
2020-08-01 06:00:00,0,0,0
2020-08-01 07:00:00,0,0,0
2020-08-01 08:00:00,0,0,0
2020-08-01 09:00:00,0,0,0
2020-08-01 10:00:00,0,0,0
2020-08-01 11:00:00,0,0,0
2020-08-01 12:00:00,0,0,0
2020-08-01 13:00:00,0,0,0
2020-08-01 14:00:00,0,0,0
2020-08-01 15:00:00,0,0,0
2020-08-01 16:00:00,0,0,0
2020-08-01 17:00:00,0,0,0
2020-08-01 18:00:00,0,0,0
2020-08-01 19:00:00,0,0,0
2020-08-01 20:00:00,0,0,0
2020-08-01 21:00:00,0,0,0
2020-08-01 22:00:00,0,0,0
2020-08-01 23:00:00,0,0,0
2020-08-02 00:00:00,0,0,0
2020-08-02 01:00:00,0,0,0
2020-08-02 02:00:00,0,0,0
2020-08-02 03:00:00,0,0,0
2020-08-02 04:00:00,0,0,0
2020-08-02 05:00:00,0,0,0
2020-08-02 06:00:00,0,0,0
2020-08-02 07:00:00,0,0,0
2020-08-02 08:00:00,0,0,0
2020-08-02 09:00:00,0,0,0
2020-08-02 10:00:00,0,0,0
2020-08-02 11:00:00,0,0,0
2020-08-02 12:00:00,0,0,0
2020-08-02 13:00:00,0,0,0
2020-08-02 14:00:00,0,0,0
2020-08-02 15:00:00,0,0,0
2020-08-02 16:00:00,0,0,0
2020-08-02 17:00:00,0,0,0
2020-08-02 18:00:00,0,0,0
2020-08-02 19:00:00,0,0,0
2020-08-02 20:00:00,0,0,0
2020-08-02 21:00:00,0,0,0
2020-08-02 22:00:00,0,0,0
2020-08-02 23:00:00,0,0,0
2020-08-03 00:00:00,0,0,0
2020-08-03 01:00:00,0,0,0
2020-08-03 02:00:00,0,0,0
2020-08-03 03:00:00,0,0,0
2020-08-03 04:00:00,0,0,0
2020-08-03 05:00:00,0,0,0
2020-08-03 06:00:00,0,0,0
2020-08-03 07:00:00,0,0,0
2020-08-03 08:00:00,0,0,0
2020-08-03 09:00:00,0,0,0
2020-08-03 10:00:00,0,0,0
2020-08-03 11:00:00,0,0,0
2020-08-03 12:00:00,0,0,0
2020-08-03 13:00:00,0,0,0
2020-08-03 14:00:00,0,0,0
2020-08-03 15:00:00,0,0,0
2020-08-03 16:00:00,0,0,0
2020-08-03 17:00:00,0,0,0
2020-08-03 18:00:00,0,0,0
2020-08-03 19:00:00,0,0,0
2020-08-03 20:00:00,0,0,0
2020-08-03 21:00:00,0,0,0
2020-08-03 22:00:00,0,0,0
2020-08-03 23:00:00,0,0,0
2020-08-04 00:00:00,0,0,0
2020-08-04 01:00:00,0,0,0
2020-08-04 02:00:00,0,0,0
2020-08-04 03:00:00,0,0,0
2020-08-04 04:00:00,0,0,0
2020-08-04 05:00:00,0,0,0
2020-08-04 06:00:00,0,0,0
2020-08-04 07:00:00,0,0,0
2020-08-04 08:00:00,0,0,0
2020-08-04 09:00:00,0,0,0
2020-08-04 10:00:00,0,0,0
2020-08-04 11:00:00,0,0,0
2020-08-04 12:00:00,0,0,0
2020-08-04 13:00:00,0,0,0
2020-08-04 14:00:00,0,0,0
2020-08-04 15:00:00,0,0,0
2020-08-04 16:00:00,0,0,0
2020-08-04 17:00:00,0,0,0
2020-08-04 18:00:00,0,0,0
2020-08-04 19:00:00,0,0,0
2020-08-04 20:00:00,0,0,0
2020-08-04 21:00:00,0,0,0
2020-08-04 22:00:00,0,0,0
2020-08-04 23:00:00,0,0,0
2020-08-05 00:00:00,0,0,0
2020-08-05 01:00:00,0,0,0
2020-08-05 02:00:00,0,0,0
2020-08-05 03:00:00,0,0,0
2020-08-05 04:00:00,0,0,0
2020-08-05 05:00:00,0,0,0
2020-08-05 06:00:00,0,0,0
2020-08-05 07:00:00,0,0,0
2020-08-05 08:00:00,0,0,0
2020-08-05 09:00:00,0,0,0
2020-08-05 10:00:00,0,0,0
2020-08-05 11:00:00,0,0,0
2020-08-05 12:00:00,0,0,0
2020-08-05 13:00:00,0,0,0
2020-08-05 14:00:00,0,0,0
2020-08-05 15:00:00,0,0,0
2020-08-05 16:00:00,0,0,0
2020-08-05 17:00:00,0,0,0
2020-08-05 18:00:00,2,2,0
2020-08-05 19:00:00,0,0,0
2020-08-05 20:00:00,0,0,0
2020-08-05 21:00:00,0,0,0
2020-08-05 22:00:00,0,0,0
2020-08-05 23:00:00,0,0,0
2020-08-06 00:00:00,0,0,0
2020-08-06 01:00:00,0,0,0
2020-08-06 02:00:00,0,0,0
2020-08-06 03:00:00,0,0,0
2020-08-06 04:00:00,0,0,0
2020-08-06 05:00:00,0,0,0
2020-08-06 06:00:00,1,1,0
2020-08-06 07:00:00,0,0,0
2020-08-06 08:00:00,0,0,0
2020-08-06 09:00:00,0,0,0
2020-08-06 10:00:00,0,0,0
2020-08-06 11:00:00,0,0,0
2020-08-06 12:00:00,0,0,0
2020-08-06 13:00:00,0,0,0
2020-08-06 14:00:00,0,0,0
2020-08-06 15:00:00,0,0,0
2020-08-06 16:00:00,0,0,0
2020-08-06 17:00:00,0,0,0
2020-08-06 18:00:00,0,0,0
2020-08-06 19:00:00,0,0,0
2020-08-06 20:00:00,0,0,0
2020-08-06 21:00:00,0,0,0
2020-08-06 22:00:00,0,0,0
2020-08-06 23:00:00,0,0,0
2020-08-07 00:00:00,0,0,0
2020-08-07 01:00:00,0,0,0
2020-08-07 02:00:00,0,0,0
2020-08-07 03:00:00,0,0,0
2020-08-07 04:00:00,0,0,0
2020-08-07 05:00:00,0,0,0
2020-08-07 06:00:00,0,0,0
2020-08-07 07:00:00,0,0,0
2020-08-07 08:00:00,0,0,0
2020-08-07 09:00:00,0,0,0
2020-08-07 10:00:00,0,0,0
2020-08-07 11:00:00,0,0,0
2020-08-07 12:00:00,0,0,0
2020-08-07 13:00:00,0,0,0
2020-08-07 14:00:00,0,0,0
2020-08-07 15:00:00,0,0,0
2020-08-07 16:00:00,0,0,0
2020-08-07 17:00:00,0,0,0
2020-08-07 18:00:00,0,0,0
2020-08-07 19:00:00,0,0,0
2020-08-07 20:00:00,0,0,0
2020-08-07 21:00:00,0,0,0
2020-08-07 22:00:00,0,0,0
2020-08-07 23:00:00,0,0,0
2020-08-08 00:00:00,0,0,0
2020-08-08 01:00:00,0,0,0
2020-08-08 02:00:00,0,0,0
2020-08-08 03:00:00,0,0,0
2020-08-08 04:00:00,0,0,0
2020-08-08 05:00:00,0,0,0
2020-08-08 06:00:00,0,0,0
2020-08-08 07:00:00,0,0,0
2020-08-08 08:00:00,0,0,0
2020-08-08 09:00:00,0,0,0
2020-08-08 10:00:00,0,0,0
2020-08-08 11:00:00,0,0,0
2020-08-08 12:00:00,0,0,0
2020-08-08 13:00:00,0,0,0
2020-08-08 14:00:00,0,0,0
2020-08-08 15:00:00,0,0,0
2020-08-08 16:00:00,0,0,0
2020-08-08 17:00:00,0,0,0
2020-08-08 18:00:00,0,0,0
2020-08-08 19:00:00,0,0,0
2020-08-08 20:00:00,0,0,0
2020-08-08 21:00:00,0,0,0
2020-08-08 22:00:00,0,0,0
2020-08-08 23:00:00,0,0,0
2020-08-09 00:00:00,0,0,0
2020-08-09 01:00:00,0,0,0
2020-08-09 02:00:00,0,0,0
2020-08-09 03:00:00,0,0,0
2020-08-09 04:00:00,0,0,0
2020-08-09 05:00:00,0,0,0
2020-08-09 06:00:00,0,0,0
2020-08-09 07:00:00,0,0,0
2020-08-09 08:00:00,0,0,0
2020-08-09 09:00:00,0,0,0
2020-08-09 10:00:00,0,0,0
2020-08-09 11:00:00,0,0,0
2020-08-09 12:00:00,0,0,0
2020-08-09 13:00:00,0,0,0
2020-08-09 14:00:00,0,0,0
2020-08-09 15:00:00,0,0,0
2020-08-09 16:00:00,0,0,0
2020-08-09 17:00:00,0,0,0
2020-08-09 18:00:00,0,0,0
2020-08-09 19:00:00,0,0,0
2020-08-09 20:00:00,0,0,0
2020-08-09 21:00:00,0,0,0
2020-08-09 22:00:00,0,0,0
2020-08-09 23:00:00,0,0,0
2020-08-10 00:00:00,0,0,0
2020-08-10 01:00:00,0,0,0
2020-08-10 02:00:00,0,0,0
2020-08-10 03:00:00,0,0,0
2020-08-10 04:00:00,0,0,0
2020-08-10 05:00:00,0,0,0
2020-08-10 06:00:00,0,0,0
2020-08-10 07:00:00,0,0,0
2020-08-10 08:00:00,0,0,0
2020-08-10 09:00:00,0,0,0
2020-08-10 10:00:00,0,0,0
2020-08-10 11:00:00,0,0,0
2020-08-10 12:00:00,0,0,0
2020-08-10 13:00:00,0,0,0
2020-08-10 14:00:00,0,0,0
2020-08-10 15:00:00,0,0,0
2020-08-10 16:00:00,0,0,0
2020-08-10 17:00:00,0,0,0
2020-08-10 18:00:00,0,0,0
2020-08-10 19:00:00,0,0,0
2020-08-10 20:00:00,0,0,0
2020-08-10 21:00:00,0,0,0
2020-08-10 22:00:00,0,0,0
2020-08-10 23:00:00,0,0,0
2020-08-11 00:00:00,0,0,0
2020-08-11 01:00:00,0,0,0
2020-08-11 02:00:00,0,0,0
2020-08-11 03:00:00,0,0,0
2020-08-11 04:00:00,0,0,0
2020-08-11 05:00:00,0,0,0
2020-08-11 06:00:00,0,0,0
2020-08-11 07:00:00,1,0,1
2020-08-11 08:00:00,0,0,0
2020-08-11 09:00:00,0,0,0
2020-08-11 10:00:00,0,0,0
2020-08-11 11:00:00,0,0,0
2020-08-11 12:00:00,0,0,0
2020-08-11 13:00:00,0,0,0
2020-08-11 14:00:00,0,0,0
2020-08-11 15:00:00,0,0,0
2020-08-11 16:00:00,0,0,0
2020-08-11 17:00:00,0,0,0
2020-08-11 18:00:00,0,0,0
2020-08-11 19:00:00,0,0,0
2020-08-11 20:00:00,0,0,0
2020-08-11 21:00:00,0,0,0
2020-08-11 22:00:00,0,0,0
2020-08-11 23:00:00,0,0,0
2020-08-12 00:00:00,0,0,0
2020-08-12 01:00:00,0,0,0
2020-08-12 02:00:00,0,0,0
2020-08-12 03:00:00,0,0,0
2020-08-12 04:00:00,0,0,0
2020-08-12 05:00:00,0,0,0
2020-08-12 06:00:00,0,0,0
2020-08-12 07:00:00,0,0,0
2020-08-12 08:00:00,0,0,0
2020-08-12 09:00:00,0,0,0
2020-08-12 10:00:00,0,0,0
2020-08-12 11:00:00,0,0,0
2020-08-12 12:00:00,0,0,0
2020-08-12 13:00:00,0,0,0
2020-08-12 14:00:00,0,0,0
2020-08-12 15:00:00,0,0,0
2020-08-12 16:00:00,0,0,0
2020-08-12 17:00:00,0,0,0
2020-08-12 18:00:00,0,0,0
2020-08-12 19:00:00,0,0,0
2020-08-12 20:00:00,0,0,0
2020-08-12 21:00:00,0,0,0
2020-08-12 22:00:00,0,0,0
2020-08-12 23:00:00,0,0,0
2020-08-13 00:00:00,0,0,0
2020-08-13 01:00:00,0,0,0
2020-08-13 02:00:00,0,0,0
2020-08-13 03:00:00,0,0,0
2020-08-13 04:00:00,0,0,0
2020-08-13 05:00:00,0,0,0
2020-08-13 06:00:00,0,0,0
2020-08-13 07:00:00,0,0,0
2020-08-13 08:00:00,0,0,0
2020-08-13 09:00:00,0,0,0
2020-08-13 10:00:00,0,0,0
2020-08-13 11:00:00,0,0,0
2020-08-13 12:00:00,0,0,0
2020-08-13 13:00:00,0,0,0
2020-08-13 14:00:00,0,0,0
2020-08-13 15:00:00,0,0,0
2020-08-13 16:00:00,0,0,0
2020-08-13 17:00:00,0,0,0
2020-08-13 18:00:00,0,0,0
2020-08-13 19:00:00,0,0,0
2020-08-13 20:00:00,0,0,0
2020-08-13 21:00:00,0,0,0
2020-08-13 22:00:00,0,0,0
2020-08-13 23:00:00,0,0,0
2020-08-14 00:00:00,0,0,0
2020-08-14 01:00:00,0,0,0
2020-08-14 02:00:00,0,0,0
2020-08-14 03:00:00,0,0,0
2020-08-14 04:00:00,0,0,0
2020-08-14 05:00:00,0,0,0
2020-08-14 06:00:00,0,0,0
2020-08-14 07:00:00,0,0,0
2020-08-14 08:00:00,0,0,0
2020-08-14 09:00:00,0,0,0
2020-08-14 10:00:00,0,0,0
2020-08-14 11:00:00,0,0,0
2020-08-14 12:00:00,0,0,0
2020-08-14 13:00:00,0,0,0
2020-08-14 14:00:00,0,0,0
2020-08-14 15:00:00,0,0,0
2020-08-14 16:00:00,0,0,0
2020-08-14 17:00:00,0,0,0
2020-08-14 18:00:00,0,0,0
2020-08-14 19:00:00,0,0,0
2020-08-14 20:00:00,0,0,0
2020-08-14 21:00:00,0,0,0
2020-08-14 22:00:00,0,0,0
2020-08-14 23:00:00,0,0,0
2020-08-15 00:00:00,0,0,0
2020-08-15 01:00:00,0,0,0
2020-08-15 02:00:00,0,0,0
2020-08-15 03:00:00,0,0,0
2020-08-15 04:00:00,0,0,0
2020-08-15 05:00:00,0,0,0
2020-08-15 06:00:00,0,0,0
2020-08-15 07:00:00,0,0,0
2020-08-15 08:00:00,0,0,0
2020-08-15 09:00:00,0,0,0
2020-08-15 10:00:00,0,0,0
2020-08-15 11:00:00,0,0,0
2020-08-15 12:00:00,0,0,0
2020-08-15 13:00:00,0,0,0
2020-08-15 14:00:00,0,0,0
2020-08-15 15:00:00,0,0,0
2020-08-15 16:00:00,0,0,0
2020-08-15 17:00:00,0,0,0
2020-08-15 18:00:00,0,0,0
2020-08-15 19:00:00,0,0,0
2020-08-15 20:00:00,0,0,0
2020-08-15 21:00:00,0,0,0
2020-08-15 22:00:00,0,0,0
2020-08-15 23:00:00,0,0,0
2020-08-16 00:00:00,0,0,0
2020-08-16 01:00:00,0,0,0
2020-08-16 02:00:00,0,0,0
2020-08-16 03:00:00,0,0,0
2020-08-16 04:00:00,0,0,0
2020-08-16 05:00:00,0,0,0
2020-08-16 06:00:00,0,0,0
2020-08-16 07:00:00,0,0,0
2020-08-16 08:00:00,0,0,0
2020-08-16 09:00:00,0,0,0
2020-08-16 10:00:00,0,0,0
2020-08-16 11:00:00,0,0,0
2020-08-16 12:00:00,0,0,0
2020-08-16 13:00:00,0,0,0
2020-08-16 14:00:00,0,0,0
2020-08-16 15:00:00,0,0,0
2020-08-16 16:00:00,0,0,0
2020-08-16 17:00:00,0,0,0
2020-08-16 18:00:00,0,0,0
2020-08-16 19:00:00,0,0,0
2020-08-16 20:00:00,0,0,0
2020-08-16 21:00:00,0,0,0
2020-08-16 22:00:00,0,0,0
2020-08-16 23:00:00,0,0,0
2020-08-17 00:00:00,0,0,0
2020-08-17 01:00:00,0,0,0
2020-08-17 02:00:00,0,0,0
2020-08-17 03:00:00,0,0,0
2020-08-17 04:00:00,0,0,0
2020-08-17 05:00:00,0,0,0
2020-08-17 06:00:00,0,0,0
2020-08-17 07:00:00,0,0,0
2020-08-17 08:00:00,0,0,0
2020-08-17 09:00:00,0,0,0
2020-08-17 10:00:00,0,0,0
2020-08-17 11:00:00,0,0,0
2020-08-17 12:00:00,0,0,0
2020-08-17 13:00:00,0,0,0
2020-08-17 14:00:00,0,0,0
2020-08-17 15:00:00,0,0,0
2020-08-17 16:00:00,0,0,0
2020-08-17 17:00:00,0,0,0
2020-08-17 18:00:00,0,0,0
2020-08-17 19:00:00,0,0,0
2020-08-17 20:00:00,0,0,0
2020-08-17 21:00:00,0,0,0
2020-08-17 22:00:00,0,0,0
2020-08-17 23:00:00,0,0,0
2020-08-18 00:00:00,0,0,0
2020-08-18 01:00:00,0,0,0
2020-08-18 02:00:00,0,0,0
2020-08-18 03:00:00,0,0,0
2020-08-18 04:00:00,0,0,0
2020-08-18 05:00:00,0,0,0
2020-08-18 06:00:00,0,0,0
2020-08-18 07:00:00,0,0,0
2020-08-18 08:00:00,0,0,0
2020-08-18 09:00:00,0,0,0
2020-08-18 10:00:00,0,0,0
2020-08-18 11:00:00,0,0,0
2020-08-18 12:00:00,0,0,0
2020-08-18 13:00:00,2,1,1
2020-08-18 14:00:00,68,35,33
2020-08-18 15:00:00,91,56,35
2020-08-18 16:00:00,169,113,56
2020-08-18 17:00:00,237,179,58
2020-08-18 18:00:00,203,124,79
2020-08-18 19:00:00,153,84,69
2020-08-18 20:00:00,99,38,61
2020-08-18 21:00:00,32,19,13
2020-08-18 22:00:00,23,9,14
2020-08-18 23:00:00,3,2,1
2020-08-19 00:00:00,4,4,0
2020-08-19 01:00:00,0,0,0
2020-08-19 02:00:00,0,0,0
2020-08-19 03:00:00,1,0,1
2020-08-19 04:00:00,1,1,0
2020-08-19 05:00:00,18,10,8
2020-08-19 06:00:00,60,16,44
2020-08-19 07:00:00,113,35,78
2020-08-19 08:00:00,109,25,84
2020-08-19 09:00:00,86,24,62
2020-08-19 10:00:00,71,26,45
2020-08-19 11:00:00,51,23,28
2020-08-19 12:00:00,72,41,31
2020-08-19 13:00:00,66,31,35
2020-08-19 14:00:00,92,47,45
2020-08-19 15:00:00,104,62,42
2020-08-19 16:00:00,197,144,53
2020-08-19 17:00:00,240,160,80
2020-08-19 18:00:00,223,145,78
2020-08-19 19:00:00,162,89,73
2020-08-19 20:00:00,110,51,59
2020-08-19 21:00:00,42,16,26
2020-08-19 22:00:00,21,9,12
2020-08-19 23:00:00,8,7,1
2020-08-20 00:00:00,12,9,3
2020-08-20 01:00:00,3,1,2
2020-08-20 02:00:00,1,1,0
2020-08-20 03:00:00,1,0,1
2020-08-20 04:00:00,0,0,0
2020-08-20 05:00:00,18,9,9
2020-08-20 06:00:00,21,4,17
2020-08-20 07:00:00,82,29,53
2020-08-20 08:00:00,103,20,83
2020-08-20 09:00:00,75,22,53
2020-08-20 10:00:00,38,13,25
2020-08-20 11:00:00,61,21,40
2020-08-20 12:00:00,83,46,37
2020-08-20 13:00:00,72,41,31
2020-08-20 14:00:00,80,43,37
2020-08-20 15:00:00,90,46,44
2020-08-20 16:00:00,139,81,58
2020-08-20 17:00:00,201,149,52
2020-08-20 18:00:00,176,103,73
2020-08-20 19:00:00,106,58,48
2020-08-20 20:00:00,61,25,36
2020-08-20 21:00:00,29,7,22
2020-08-20 22:00:00,21,12,9
2020-08-20 23:00:00,7,6,1
2020-08-21 00:00:00,2,1,1
2020-08-21 01:00:00,5,3,2
2020-08-21 02:00:00,1,0,1
2020-08-21 03:00:00,2,1,1
2020-08-21 04:00:00,4,2,2
2020-08-21 05:00:00,16,6,10
2020-08-21 06:00:00,29,8,21
2020-08-21 07:00:00,71,17,54
2020-08-21 08:00:00,79,16,63
2020-08-21 09:00:00,64,14,50
2020-08-21 10:00:00,50,21,29
2020-08-21 11:00:00,56,29,27
2020-08-21 12:00:00,49,28,21
2020-08-21 13:00:00,51,34,17
2020-08-21 14:00:00,50,27,23
2020-08-21 15:00:00,76,54,22
2020-08-21 16:00:00,111,75,36
2020-08-21 17:00:00,93,65,28
2020-08-21 18:00:00,121,64,57
2020-08-21 19:00:00,80,42,38
2020-08-21 20:00:00,68,32,36
2020-08-21 21:00:00,27,9,18
2020-08-21 22:00:00,18,7,11
2020-08-21 23:00:00,5,3,2
2020-08-22 00:00:00,8,4,4
2020-08-22 01:00:00,3,1,2
2020-08-22 02:00:00,2,0,2
2020-08-22 03:00:00,1,0,1
2020-08-22 04:00:00,0,0,0
2020-08-22 05:00:00,4,1,3
2020-08-22 06:00:00,11,7,4
2020-08-22 07:00:00,28,12,16
2020-08-22 08:00:00,51,24,27
2020-08-22 09:00:00,63,34,29
2020-08-22 10:00:00,108,50,58
2020-08-22 11:00:00,138,79,59
2020-08-22 12:00:00,131,77,54
2020-08-22 13:00:00,158,81,77
2020-08-22 14:00:00,181,107,74
2020-08-22 15:00:00,182,83,99
2020-08-22 16:00:00,169,95,74
2020-08-22 17:00:00,154,70,84
2020-08-22 18:00:00,155,54,101
2020-08-22 19:00:00,124,52,72
2020-08-22 20:00:00,71,20,51
2020-08-22 21:00:00,30,9,21
2020-08-22 22:00:00,17,9,8
2020-08-22 23:00:00,10,10,0
2020-08-23 00:00:00,5,5,0
2020-08-23 01:00:00,0,0,0
2020-08-23 02:00:00,1,0,1
2020-08-23 03:00:00,1,1,0
2020-08-23 04:00:00,0,0,0
2020-08-23 05:00:00,5,2,3
2020-08-23 06:00:00,8,2,6
2020-08-23 07:00:00,24,9,15
2020-08-23 08:00:00,42,20,22
2020-08-23 09:00:00,69,35,34
2020-08-23 10:00:00,103,65,38
2020-08-23 11:00:00,126,65,61
2020-08-23 12:00:00,157,96,61
2020-08-23 13:00:00,162,79,83
2020-08-23 14:00:00,171,89,82
2020-08-23 15:00:00,202,110,92
2020-08-23 16:00:00,188,90,98
2020-08-23 17:00:00,148,73,75
2020-08-23 18:00:00,140,78,62
2020-08-23 19:00:00,90,41,49
2020-08-23 20:00:00,51,14,37
2020-08-23 21:00:00,27,15,12
2020-08-23 22:00:00,13,3,10
2020-08-23 23:00:00,3,2,1
2020-08-24 00:00:00,1,0,1
2020-08-24 01:00:00,3,2,1
2020-08-24 02:00:00,1,0,1
2020-08-24 03:00:00,2,1,1
2020-08-24 04:00:00,0,0,0
2020-08-24 05:00:00,17,8,9
2020-08-24 06:00:00,35,8,27
2020-08-24 07:00:00,90,26,64
2020-08-24 08:00:00,111,26,85
2020-08-24 09:00:00,72,18,54
2020-08-24 10:00:00,71,22,49
2020-08-24 11:00:00,73,38,35
2020-08-24 12:00:00,77,43,34
2020-08-24 13:00:00,80,38,42
2020-08-24 14:00:00,86,50,36
2020-08-24 15:00:00,120,76,44
2020-08-24 16:00:00,151,96,55
2020-08-24 17:00:00,218,159,59
2020-08-24 18:00:00,220,131,89
2020-08-24 19:00:00,131,62,69
2020-08-24 20:00:00,82,38,44
2020-08-24 21:00:00,21,10,11
2020-08-24 22:00:00,7,3,4
2020-08-24 23:00:00,9,4,5
2020-08-25 00:00:00,1,0,1
2020-08-25 01:00:00,0,0,0
2020-08-25 02:00:00,2,1,1
2020-08-25 03:00:00,2,1,1
2020-08-25 04:00:00,2,1,1
2020-08-25 05:00:00,20,9,11
2020-08-25 06:00:00,51,12,39
2020-08-25 07:00:00,111,34,77
2020-08-25 08:00:00,121,31,90
2020-08-25 09:00:00,96,23,73
2020-08-25 10:00:00,78,25,53
2020-08-25 11:00:00,73,29,44
2020-08-25 12:00:00,83,52,31
2020-08-25 13:00:00,84,35,49
2020-08-25 14:00:00,104,59,45
2020-08-25 15:00:00,111,63,48
2020-08-25 16:00:00,168,127,41
2020-08-25 17:00:00,251,190,61
2020-08-25 18:00:00,241,160,81
2020-08-25 19:00:00,163,66,97
2020-08-25 20:00:00,92,36,56
2020-08-25 21:00:00,44,24,20
2020-08-25 22:00:00,18,4,14
2020-08-25 23:00:00,5,4,1
2020-08-26 00:00:00,2,2,0
2020-08-26 01:00:00,1,0,1
2020-08-26 02:00:00,0,0,0
2020-08-26 03:00:00,1,0,1
2020-08-26 04:00:00,2,1,1
2020-08-26 05:00:00,18,7,11
2020-08-26 06:00:00,50,18,32
2020-08-26 07:00:00,105,29,76
2020-08-26 08:00:00,113,24,89
2020-08-26 09:00:00,98,25,73
2020-08-26 10:00:00,65,28,37
2020-08-26 11:00:00,64,34,30
2020-08-26 12:00:00,86,37,49
2020-08-26 13:00:00,88,37,51
2020-08-26 14:00:00,101,60,41
2020-08-26 15:00:00,114,73,41
2020-08-26 16:00:00,162,116,46
2020-08-26 17:00:00,227,150,77
2020-08-26 18:00:00,219,150,69
2020-08-26 19:00:00,172,79,93
2020-08-26 20:00:00,102,44,58
2020-08-26 21:00:00,42,17,25
2020-08-26 22:00:00,21,12,9
2020-08-26 23:00:00,12,8,4
2020-08-27 00:00:00,0,0,0
2020-08-27 01:00:00,0,0,0
2020-08-27 02:00:00,1,1,0
2020-08-27 03:00:00,1,0,1
2020-08-27 04:00:00,0,0,0
2020-08-27 05:00:00,17,7,10
2020-08-27 06:00:00,53,15,38
2020-08-27 07:00:00,112,35,77
2020-08-27 08:00:00,109,29,80
2020-08-27 09:00:00,98,21,77
2020-08-27 10:00:00,65,26,39
2020-08-27 11:00:00,59,22,37
2020-08-27 12:00:00,57,32,25
2020-08-27 13:00:00,74,46,28
2020-08-27 14:00:00,88,50,38
2020-08-27 15:00:00,129,82,47
2020-08-27 16:00:00,160,102,58
2020-08-27 17:00:00,228,164,64
2020-08-27 18:00:00,200,127,73
2020-08-27 19:00:00,167,86,81
2020-08-27 20:00:00,92,36,56
2020-08-27 21:00:00,45,13,32
2020-08-27 22:00:00,15,7,8
2020-08-27 23:00:00,3,2,1
2020-08-28 00:00:00,4,3,1
2020-08-28 01:00:00,1,0,1
2020-08-28 02:00:00,1,0,1
2020-08-28 03:00:00,0,0,0
2020-08-28 04:00:00,1,1,0
2020-08-28 05:00:00,13,7,6
2020-08-28 06:00:00,50,12,38
2020-08-28 07:00:00,71,20,51
2020-08-28 08:00:00,111,28,83
2020-08-28 09:00:00,76,22,54
2020-08-28 10:00:00,54,19,35
2020-08-28 11:00:00,81,40,41
2020-08-28 12:00:00,84,44,40
2020-08-28 13:00:00,74,32,42
2020-08-28 14:00:00,88,49,39
2020-08-28 15:00:00,140,87,53
2020-08-28 16:00:00,185,122,63
2020-08-28 17:00:00,204,130,74
2020-08-28 18:00:00,174,118,56
2020-08-28 19:00:00,131,65,66
2020-08-28 20:00:00,84,38,46
2020-08-28 21:00:00,52,13,39
2020-08-28 22:00:00,41,15,26
2020-08-28 23:00:00,14,7,7
2020-08-29 00:00:00,8,4,4
2020-08-29 01:00:00,1,0,1
2020-08-29 02:00:00,2,2,0
2020-08-29 03:00:00,0,0,0
2020-08-29 04:00:00,3,0,3
2020-08-29 05:00:00,6,1,5
2020-08-29 06:00:00,12,2,10
2020-08-29 07:00:00,16,10,6
2020-08-29 08:00:00,40,20,20
2020-08-29 09:00:00,71,41,30
2020-08-29 10:00:00,108,50,58
2020-08-29 11:00:00,130,51,79
2020-08-29 12:00:00,119,77,42
2020-08-29 13:00:00,120,73,47
2020-08-29 14:00:00,131,63,68
2020-08-29 15:00:00,172,76,96
2020-08-29 16:00:00,142,75,67
2020-08-29 17:00:00,134,76,58
2020-08-29 18:00:00,93,45,48
2020-08-29 19:00:00,82,46,36
2020-08-29 20:00:00,64,26,38
2020-08-29 21:00:00,34,15,19
2020-08-29 22:00:00,18,5,13
2020-08-29 23:00:00,8,7,1
2020-08-30 00:00:00,7,4,3
2020-08-30 01:00:00,3,2,1
2020-08-30 02:00:00,2,1,1
2020-08-30 03:00:00,1,1,0
2020-08-30 04:00:00,0,0,0
2020-08-30 05:00:00,6,2,4
2020-08-30 06:00:00,12,4,8
2020-08-30 07:00:00,19,10,9
2020-08-30 08:00:00,56,29,27
2020-08-30 09:00:00,91,38,53
2020-08-30 10:00:00,125,77,48
2020-08-30 11:00:00,169,101,68
2020-08-30 12:00:00,149,70,79
2020-08-30 13:00:00,170,87,83
2020-08-30 14:00:00,180,105,75
2020-08-30 15:00:00,202,105,97
2020-08-30 16:00:00,168,79,89
2020-08-30 17:00:00,151,77,74
2020-08-30 18:00:00,112,52,60
2020-08-30 19:00:00,77,29,48
2020-08-30 20:00:00,20,8,12
2020-08-30 21:00:00,8,6,2
2020-08-30 22:00:00,8,8,0
2020-08-30 23:00:00,5,4,1
2020-08-31 00:00:00,1,0,1
2020-08-31 01:00:00,1,0,1
2020-08-31 02:00:00,0,0,0
2020-08-31 03:00:00,1,0,1
2020-08-31 04:00:00,1,1,0
2020-08-31 05:00:00,20,8,12
2020-08-31 06:00:00,35,12,23
2020-08-31 07:00:00,93,24,69
2020-08-31 08:00:00,111,29,82
2020-08-31 09:00:00,67,14,53
2020-08-31 10:00:00,45,17,28
2020-08-31 11:00:00,36,19,17
2020-08-31 12:00:00,53,24,29
2020-08-31 13:00:00,63,34,29
2020-08-31 14:00:00,76,42,34
2020-08-31 15:00:00,77,48,29
2020-08-31 16:00:00,132,89,43
2020-08-31 17:00:00,186,140,46
2020-08-31 18:00:00,206,122,84
2020-08-31 19:00:00,144,64,80
2020-08-31 20:00:00,66,32,34
2020-08-31 21:00:00,21,10,11
2020-08-31 22:00:00,20,8,12
2020-08-31 23:00:00,8,5,3
2020-09-01 00:00:00,7,4,3
2020-09-01 01:00:00,6,3,3
2020-09-01 02:00:00,6,3,3
2020-09-01 03:00:00,1,0,1
2020-09-01 04:00:00,1,0,1
2020-09-01 05:00:00,20,6,14
2020-09-01 06:00:00,61,22,39
2020-09-01 07:00:00,119,34,85
2020-09-01 08:00:00,108,19,89
2020-09-01 09:00:00,73,13,60
2020-09-01 10:00:00,60,26,34
2020-09-01 11:00:00,57,25,32
2020-09-01 12:00:00,78,46,32
2020-09-01 13:00:00,83,40,43
2020-09-01 14:00:00,86,58,28
2020-09-01 15:00:00,106,51,55
2020-09-01 16:00:00,204,137,67
2020-09-01 17:00:00,264,182,82
2020-09-01 18:00:00,244,142,102
2020-09-01 19:00:00,143,71,72
2020-09-01 20:00:00,70,28,42
2020-09-01 21:00:00,46,21,25
2020-09-01 22:00:00,17,6,11
2020-09-01 23:00:00,9,9,0
2020-09-02 00:00:00,3,1,2
2020-09-02 01:00:00,0,0,0
2020-09-02 02:00:00,2,1,1
2020-09-02 03:00:00,1,0,1
2020-09-02 04:00:00,5,2,3
2020-09-02 05:00:00,23,8,15
2020-09-02 06:00:00,56,21,35
2020-09-02 07:00:00,126,43,83
2020-09-02 08:00:00,117,32,85
2020-09-02 09:00:00,88,20,68
2020-09-02 10:00:00,57,23,34
2020-09-02 11:00:00,84,29,55
2020-09-02 12:00:00,85,47,38
2020-09-02 13:00:00,82,46,36
2020-09-02 14:00:00,94,43,51
2020-09-02 15:00:00,119,67,52
2020-09-02 16:00:00,209,138,71
2020-09-02 17:00:00,271,208,63
2020-09-02 18:00:00,221,130,91
2020-09-02 19:00:00,157,70,87
2020-09-02 20:00:00,79,28,51
2020-09-02 21:00:00,39,14,25
2020-09-02 22:00:00,33,14,19
2020-09-02 23:00:00,8,4,4
2020-09-03 00:00:00,3,0,3
2020-09-03 01:00:00,0,0,0
2020-09-03 02:00:00,1,0,1
2020-09-03 03:00:00,2,0,2
2020-09-03 04:00:00,2,1,1
2020-09-03 05:00:00,21,7,14
2020-09-03 06:00:00,54,24,30
2020-09-03 07:00:00,118,38,80
2020-09-03 08:00:00,114,25,89
2020-09-03 09:00:00,63,11,52
2020-09-03 10:00:00,77,30,47
2020-09-03 11:00:00,74,33,41
2020-09-03 12:00:00,81,35,46
2020-09-03 13:00:00,89,47,42
2020-09-03 14:00:00,68,41,27
2020-09-03 15:00:00,121,77,44
2020-09-03 16:00:00,179,112,67
2020-09-03 17:00:00,250,184,66
2020-09-03 18:00:00,198,133,65
2020-09-03 19:00:00,149,74,75
2020-09-03 20:00:00,85,31,54
2020-09-03 21:00:00,24,10,14
2020-09-03 22:00:00,26,10,16
2020-09-03 23:00:00,9,6,3
2020-09-04 00:00:00,4,1,3
2020-09-04 01:00:00,2,0,2
2020-09-04 02:00:00,0,0,0
2020-09-04 03:00:00,3,1,2
2020-09-04 04:00:00,4,1,3
2020-09-04 05:00:00,23,7,16
2020-09-04 06:00:00,43,12,31
2020-09-04 07:00:00,89,32,57
2020-09-04 08:00:00,110,24,86
2020-09-04 09:00:00,68,13,55
2020-09-04 10:00:00,68,31,37
2020-09-04 11:00:00,74,33,41
2020-09-04 12:00:00,91,52,39
2020-09-04 13:00:00,89,50,39
2020-09-04 14:00:00,119,68,51
2020-09-04 15:00:00,149,85,64
2020-09-04 16:00:00,179,121,58
2020-09-04 17:00:00,214,148,66
2020-09-04 18:00:00,132,83,49
2020-09-04 19:00:00,103,57,46
2020-09-04 20:00:00,57,19,38
2020-09-04 21:00:00,26,14,12
2020-09-04 22:00:00,23,8,15
2020-09-04 23:00:00,19,10,9
2020-09-05 00:00:00,5,4,1
2020-09-05 01:00:00,1,0,1
2020-09-05 02:00:00,3,2,1
2020-09-05 03:00:00,1,1,0
2020-09-05 04:00:00,3,2,1
2020-09-05 05:00:00,7,4,3
2020-09-05 06:00:00,7,3,4
2020-09-05 07:00:00,16,12,4
2020-09-05 08:00:00,39,21,18
2020-09-05 09:00:00,72,39,33
2020-09-05 10:00:00,94,41,53
2020-09-05 11:00:00,112,47,65
2020-09-05 12:00:00,115,56,59
2020-09-05 13:00:00,133,62,71
2020-09-05 14:00:00,155,101,54
2020-09-05 15:00:00,131,73,58
2020-09-05 16:00:00,116,69,47
2020-09-05 17:00:00,114,54,60
2020-09-05 18:00:00,141,67,74
2020-09-05 19:00:00,113,39,74
2020-09-05 20:00:00,58,31,27
2020-09-05 21:00:00,33,10,23
2020-09-05 22:00:00,28,11,17
2020-09-05 23:00:00,25,21,4
2020-09-06 00:00:00,3,1,2
2020-09-06 01:00:00,2,0,2
2020-09-06 02:00:00,0,0,0
2020-09-06 03:00:00,0,0,0
2020-09-06 04:00:00,1,1,0
2020-09-06 05:00:00,5,1,4
2020-09-06 06:00:00,7,1,6
2020-09-06 07:00:00,25,13,12
2020-09-06 08:00:00,23,12,11
2020-09-06 09:00:00,71,39,32
2020-09-06 10:00:00,105,61,44
2020-09-06 11:00:00,146,62,84
2020-09-06 12:00:00,121,75,46
2020-09-06 13:00:00,141,72,69
2020-09-06 14:00:00,174,98,76
2020-09-06 15:00:00,162,80,82
2020-09-06 16:00:00,164,71,93
2020-09-06 17:00:00,148,73,75
2020-09-06 18:00:00,110,49,61
2020-09-06 19:00:00,72,29,43
2020-09-06 20:00:00,50,15,35
2020-09-06 21:00:00,29,15,14
2020-09-06 22:00:00,15,8,7
2020-09-06 23:00:00,7,4,3
2020-09-07 00:00:00,4,1,3
2020-09-07 01:00:00,2,1,1
2020-09-07 02:00:00,0,0,0
2020-09-07 03:00:00,0,0,0
2020-09-07 04:00:00,2,1,1
2020-09-07 05:00:00,4,1,3
2020-09-07 06:00:00,9,6,3
2020-09-07 07:00:00,17,10,7
2020-09-07 08:00:00,45,25,20
2020-09-07 09:00:00,77,44,33
2020-09-07 10:00:00,85,46,39
2020-09-07 11:00:00,83,45,38
2020-09-07 12:00:00,119,65,54
2020-09-07 13:00:00,138,75,63
2020-09-07 14:00:00,165,87,78
2020-09-07 15:00:00,156,79,77
2020-09-07 16:00:00,146,80,66
2020-09-07 17:00:00,106,57,49
2020-09-07 18:00:00,114,52,62
2020-09-07 19:00:00,83,38,45
2020-09-07 20:00:00,28,10,18
2020-09-07 21:00:00,26,16,10
2020-09-07 22:00:00,14,8,6
2020-09-07 23:00:00,3,1,2
2020-09-08 00:00:00,0,0,0
2020-09-08 01:00:00,1,1,0
2020-09-08 02:00:00,1,1,0
2020-09-08 03:00:00,1,0,1
2020-09-08 04:00:00,4,2,2
2020-09-08 05:00:00,14,6,8
2020-09-08 06:00:00,38,12,26
2020-09-08 07:00:00,77,16,61
2020-09-08 08:00:00,77,14,63
2020-09-08 09:00:00,66,16,50
2020-09-08 10:00:00,34,7,27
2020-09-08 11:00:00,27,12,15
2020-09-08 12:00:00,31,17,14
2020-09-08 13:00:00,37,13,24
2020-09-08 14:00:00,62,33,29
2020-09-08 15:00:00,66,48,18
2020-09-08 16:00:00,89,70,19
2020-09-08 17:00:00,155,121,34
2020-09-08 18:00:00,118,74,44
2020-09-08 19:00:00,85,49,36
2020-09-08 20:00:00,38,21,17
2020-09-08 21:00:00,16,8,8
2020-09-08 22:00:00,8,4,4
2020-09-08 23:00:00,5,5,0
2020-09-09 00:00:00,2,1,1
2020-09-09 01:00:00,0,0,0
2020-09-09 02:00:00,0,0,0
2020-09-09 03:00:00,1,0,1
2020-09-09 04:00:00,1,1,0
2020-09-09 05:00:00,15,5,10
2020-09-09 06:00:00,51,21,30
2020-09-09 07:00:00,78,24,54
2020-09-09 08:00:00,98,17,81
2020-09-09 09:00:00,62,12,50
2020-09-09 10:00:00,38,13,25
2020-09-09 11:00:00,43,20,23
2020-09-09 12:00:00,46,24,22
2020-09-09 13:00:00,63,34,29
2020-09-09 14:00:00,57,27,30
2020-09-09 15:00:00,86,55,31
2020-09-09 16:00:00,119,67,52
2020-09-09 17:00:00,156,111,45
2020-09-09 18:00:00,136,95,41
2020-09-09 19:00:00,93,45,48
2020-09-09 20:00:00,51,25,26
2020-09-09 21:00:00,28,11,17
2020-09-09 22:00:00,14,7,7
2020-09-09 23:00:00,10,8,2
2020-09-10 00:00:00,0,0,0
2020-09-10 01:00:00,1,1,0
2020-09-10 02:00:00,1,1,0
2020-09-10 03:00:00,1,0,1
2020-09-10 04:00:00,0,0,0
2020-09-10 05:00:00,17,7,10
2020-09-10 06:00:00,29,9,20
2020-09-10 07:00:00,87,26,61
2020-09-10 08:00:00,100,24,76
2020-09-10 09:00:00,104,41,63
2020-09-10 10:00:00,47,17,30
2020-09-10 11:00:00,74,21,53
2020-09-10 12:00:00,48,22,26
2020-09-10 13:00:00,52,28,24
2020-09-10 14:00:00,63,36,27
2020-09-10 15:00:00,89,54,35
2020-09-10 16:00:00,120,80,40
2020-09-10 17:00:00,149,112,37
2020-09-10 18:00:00,141,83,58
2020-09-10 19:00:00,76,39,37
2020-09-10 20:00:00,58,28,30
2020-09-10 21:00:00,30,17,13
2020-09-10 22:00:00,18,3,15
2020-09-10 23:00:00,9,6,3
2020-09-11 00:00:00,3,3,0
2020-09-11 01:00:00,0,0,0
2020-09-11 02:00:00,0,0,0
2020-09-11 03:00:00,2,0,2
2020-09-11 04:00:00,1,1,0
2020-09-11 05:00:00,11,5,6
2020-09-11 06:00:00,26,11,15
2020-09-11 07:00:00,51,14,37
2020-09-11 08:00:00,51,8,43
2020-09-11 09:00:00,46,12,34
2020-09-11 10:00:00,25,11,14
2020-09-11 11:00:00,19,8,11
2020-09-11 12:00:00,27,17,10
2020-09-11 13:00:00,25,17,8
2020-09-11 14:00:00,36,17,19
2020-09-11 15:00:00,37,25,12
2020-09-11 16:00:00,61,43,18
2020-09-11 17:00:00,63,45,18
2020-09-11 18:00:00,44,26,18
2020-09-11 19:00:00,27,12,15
2020-09-11 20:00:00,19,10,9
2020-09-11 21:00:00,8,7,1
2020-09-11 22:00:00,6,2,4
2020-09-11 23:00:00,2,2,0
2020-09-12 00:00:00,5,2,3
2020-09-12 01:00:00,3,2,1
2020-09-12 02:00:00,0,0,0
2020-09-12 03:00:00,0,0,0
2020-09-12 04:00:00,0,0,0
2020-09-12 05:00:00,3,0,3
2020-09-12 06:00:00,3,1,2
2020-09-12 07:00:00,7,4,3
2020-09-12 08:00:00,6,1,5
2020-09-12 09:00:00,9,6,3
2020-09-12 10:00:00,4,1,3
2020-09-12 11:00:00,16,7,9
2020-09-12 12:00:00,8,6,2
2020-09-12 13:00:00,13,6,7
2020-09-12 14:00:00,13,6,7
2020-09-12 15:00:00,16,13,3
2020-09-12 16:00:00,7,2,5
2020-09-12 17:00:00,11,8,3
2020-09-12 18:00:00,18,10,8
2020-09-12 19:00:00,13,6,7
2020-09-12 20:00:00,10,4,6
2020-09-12 21:00:00,5,4,1
2020-09-12 22:00:00,3,2,1
2020-09-12 23:00:00,2,0,2
2020-09-13 00:00:00,1,1,0
2020-09-13 01:00:00,1,1,0
2020-09-13 02:00:00,0,0,0
2020-09-13 03:00:00,0,0,0
2020-09-13 04:00:00,0,0,0
2020-09-13 05:00:00,4,1,3
2020-09-13 06:00:00,2,0,2
2020-09-13 07:00:00,6,3,3
2020-09-13 08:00:00,5,3,2
2020-09-13 09:00:00,13,8,5
2020-09-13 10:00:00,9,3,6
2020-09-13 11:00:00,12,6,6
2020-09-13 12:00:00,8,2,6
2020-09-13 13:00:00,25,13,12
2020-09-13 14:00:00,19,9,10
2020-09-13 15:00:00,21,11,10
2020-09-13 16:00:00,15,10,5
2020-09-13 17:00:00,20,14,6
2020-09-13 18:00:00,19,8,11
2020-09-13 19:00:00,8,3,5
2020-09-13 20:00:00,10,6,4
2020-09-13 21:00:00,1,0,1
2020-09-13 22:00:00,4,4,0
2020-09-13 23:00:00,3,1,2
2020-09-14 00:00:00,0,0,0
2020-09-14 01:00:00,0,0,0
2020-09-14 02:00:00,0,0,0
2020-09-14 03:00:00,1,0,1
2020-09-14 04:00:00,0,0,0
2020-09-14 05:00:00,13,6,7
2020-09-14 06:00:00,19,8,11
2020-09-14 07:00:00,35,7,28
2020-09-14 08:00:00,34,4,30
2020-09-14 09:00:00,23,9,14
2020-09-14 10:00:00,24,4,20
2020-09-14 11:00:00,19,4,15
2020-09-14 12:00:00,11,7,4
2020-09-14 13:00:00,15,11,4
2020-09-14 14:00:00,13,7,6
2020-09-14 15:00:00,35,16,19
2020-09-14 16:00:00,40,26,14
2020-09-14 17:00:00,57,42,15
2020-09-14 18:00:00,33,25,8
2020-09-14 19:00:00,13,10,3
2020-09-14 20:00:00,10,7,3
2020-09-14 21:00:00,7,4,3
2020-09-14 22:00:00,3,2,1
2020-09-14 23:00:00,0,0,0
2020-09-15 00:00:00,0,0,0
2020-09-15 01:00:00,0,0,0
2020-09-15 02:00:00,0,0,0
2020-09-15 03:00:00,1,0,1
2020-09-15 04:00:00,1,1,0
2020-09-15 05:00:00,10,5,5
2020-09-15 06:00:00,18,8,10
2020-09-15 07:00:00,33,8,25
2020-09-15 08:00:00,29,5,24
2020-09-15 09:00:00,25,7,18
2020-09-15 10:00:00,16,4,12
2020-09-15 11:00:00,15,7,8
2020-09-15 12:00:00,18,12,6
2020-09-15 13:00:00,15,7,8
2020-09-15 14:00:00,22,13,9
2020-09-15 15:00:00,31,18,13
2020-09-15 16:00:00,37,23,14
2020-09-15 17:00:00,54,42,12
2020-09-15 18:00:00,49,32,17
2020-09-15 19:00:00,32,18,14
2020-09-15 20:00:00,9,4,5
2020-09-15 21:00:00,3,2,1
2020-09-15 22:00:00,12,5,7
2020-09-15 23:00:00,2,1,1
2020-09-16 00:00:00,3,1,2
2020-09-16 01:00:00,0,0,0
2020-09-16 02:00:00,0,0,0
2020-09-16 03:00:00,2,1,1
2020-09-16 04:00:00,1,0,1
2020-09-16 05:00:00,13,7,6
2020-09-16 06:00:00,22,14,8
2020-09-16 07:00:00,40,7,33
2020-09-16 08:00:00,29,7,22
2020-09-16 09:00:00,29,3,26
2020-09-16 10:00:00,14,5,9
2020-09-16 11:00:00,14,7,7
2020-09-16 12:00:00,23,13,10
2020-09-16 13:00:00,20,11,9
2020-09-16 14:00:00,18,10,8
2020-09-16 15:00:00,31,19,12
2020-09-16 16:00:00,56,36,20
2020-09-16 17:00:00,76,55,21
2020-09-16 18:00:00,40,28,12
2020-09-16 19:00:00,27,14,13
2020-09-16 20:00:00,28,15,13
2020-09-16 21:00:00,10,6,4
2020-09-16 22:00:00,8,3,5
2020-09-16 23:00:00,7,2,5
2020-09-17 00:00:00,0,0,0
2020-09-17 01:00:00,0,0,0
2020-09-17 02:00:00,0,0,0
2020-09-17 03:00:00,1,0,1
2020-09-17 04:00:00,3,2,1
2020-09-17 05:00:00,17,7,10
2020-09-17 06:00:00,20,13,7
2020-09-17 07:00:00,39,8,31
2020-09-17 08:00:00,38,5,33
2020-09-17 09:00:00,25,5,20
2020-09-17 10:00:00,22,12,10
2020-09-17 11:00:00,23,8,15
2020-09-17 12:00:00,25,13,12
2020-09-17 13:00:00,35,20,15
2020-09-17 14:00:00,33,17,16
2020-09-17 15:00:00,42,23,19
2020-09-17 16:00:00,61,48,13
2020-09-17 17:00:00,76,52,24
2020-09-17 18:00:00,58,32,26
2020-09-17 19:00:00,42,18,24
2020-09-17 20:00:00,25,9,16
2020-09-17 21:00:00,15,6,9
2020-09-17 22:00:00,9,4,5
2020-09-17 23:00:00,1,1,0
2020-09-18 00:00:00,1,1,0
2020-09-18 01:00:00,1,0,1
2020-09-18 02:00:00,0,0,0
2020-09-18 03:00:00,1,0,1
2020-09-18 04:00:00,0,0,0
2020-09-18 05:00:00,11,4,7
2020-09-18 06:00:00,20,9,11
2020-09-18 07:00:00,37,10,27
2020-09-18 08:00:00,38,6,32
2020-09-18 09:00:00,39,11,28
2020-09-18 10:00:00,22,7,15
2020-09-18 11:00:00,27,9,18
2020-09-18 12:00:00,27,7,20
2020-09-18 13:00:00,24,13,11
2020-09-18 14:00:00,18,10,8
2020-09-18 15:00:00,26,21,5
2020-09-18 16:00:00,34,25,9
2020-09-18 17:00:00,43,29,14
2020-09-18 18:00:00,49,33,16
2020-09-18 19:00:00,15,10,5
2020-09-18 20:00:00,17,13,4
2020-09-18 21:00:00,14,7,7
2020-09-18 22:00:00,11,2,9
2020-09-18 23:00:00,20,10,10
2020-09-19 00:00:00,4,3,1
2020-09-19 01:00:00,0,0,0
2020-09-19 02:00:00,2,0,2
2020-09-19 03:00:00,1,1,0
2020-09-19 04:00:00,2,0,2
2020-09-19 05:00:00,4,2,2
2020-09-19 06:00:00,1,1,0
2020-09-19 07:00:00,16,12,4
2020-09-19 08:00:00,20,15,5
2020-09-19 09:00:00,39,20,19
2020-09-19 10:00:00,48,20,28
2020-09-19 11:00:00,85,39,46
2020-09-19 12:00:00,81,39,42
2020-09-19 13:00:00,95,53,42
2020-09-19 14:00:00,113,62,51
2020-09-19 15:00:00,123,64,59
2020-09-19 16:00:00,127,69,58
2020-09-19 17:00:00,75,38,37
2020-09-19 18:00:00,45,17,28
2020-09-19 19:00:00,30,10,20
2020-09-19 20:00:00,13,5,8
2020-09-19 21:00:00,7,2,5
2020-09-19 22:00:00,10,4,6
2020-09-19 23:00:00,7,4,3
2020-09-20 00:00:00,4,1,3
2020-09-20 01:00:00,1,0,1
2020-09-20 02:00:00,0,0,0
2020-09-20 03:00:00,0,0,0
2020-09-20 04:00:00,0,0,0
2020-09-20 05:00:00,4,0,4
2020-09-20 06:00:00,7,3,4
2020-09-20 07:00:00,17,11,6
2020-09-20 08:00:00,41,21,20
2020-09-20 09:00:00,68,33,35
2020-09-20 10:00:00,65,33,32
2020-09-20 11:00:00,106,65,41
2020-09-20 12:00:00,113,61,52
2020-09-20 13:00:00,162,84,78
2020-09-20 14:00:00,231,140,91
2020-09-20 15:00:00,209,108,101
2020-09-20 16:00:00,215,102,113
2020-09-20 17:00:00,161,65,96
2020-09-20 18:00:00,134,57,77
2020-09-20 19:00:00,75,25,50
2020-09-20 20:00:00,24,8,16
2020-09-20 21:00:00,20,9,11
2020-09-20 22:00:00,14,7,7
2020-09-20 23:00:00,5,2,3
2020-09-21 00:00:00,2,0,2
2020-09-21 01:00:00,0,0,0
2020-09-21 02:00:00,0,0,0
2020-09-21 03:00:00,1,0,1
2020-09-21 04:00:00,4,1,3
2020-09-21 05:00:00,16,6,10
2020-09-21 06:00:00,39,15,24
2020-09-21 07:00:00,91,27,64
2020-09-21 08:00:00,101,14,87
2020-09-21 09:00:00,73,14,59
2020-09-21 10:00:00,46,13,33
2020-09-21 11:00:00,40,19,21
2020-09-21 12:00:00,50,24,26
2020-09-21 13:00:00,67,28,39
2020-09-21 14:00:00,75,42,33
2020-09-21 15:00:00,93,68,25
2020-09-21 16:00:00,130,88,42
2020-09-21 17:00:00,250,178,72
2020-09-21 18:00:00,197,126,71
2020-09-21 19:00:00,116,60,56
2020-09-21 20:00:00,36,12,24
2020-09-21 21:00:00,23,11,12
2020-09-21 22:00:00,18,6,12
2020-09-21 23:00:00,9,2,7
2020-09-22 00:00:00,2,1,1
2020-09-22 01:00:00,3,3,0
2020-09-22 02:00:00,1,1,0
2020-09-22 03:00:00,2,1,1
2020-09-22 04:00:00,0,0,0
2020-09-22 05:00:00,25,9,16
2020-09-22 06:00:00,36,13,23
2020-09-22 07:00:00,108,32,76
2020-09-22 08:00:00,111,26,85
2020-09-22 09:00:00,71,16,55
2020-09-22 10:00:00,49,20,29
2020-09-22 11:00:00,56,22,34
2020-09-22 12:00:00,52,27,25
2020-09-22 13:00:00,97,51,46
2020-09-22 14:00:00,117,58,59
2020-09-22 15:00:00,127,92,35
2020-09-22 16:00:00,212,141,71
2020-09-22 17:00:00,281,205,76
2020-09-22 18:00:00,250,145,105
2020-09-22 19:00:00,118,54,64
2020-09-22 20:00:00,47,26,21
2020-09-22 21:00:00,42,17,25
2020-09-22 22:00:00,13,6,7
2020-09-22 23:00:00,8,4,4
2020-09-23 00:00:00,1,1,0
2020-09-23 01:00:00,2,1,1
2020-09-23 02:00:00,2,2,0
2020-09-23 03:00:00,1,0,1
2020-09-23 04:00:00,1,1,0
2020-09-23 05:00:00,12,5,7
2020-09-23 06:00:00,31,9,22
2020-09-23 07:00:00,60,22,38
2020-09-23 08:00:00,66,14,52
2020-09-23 09:00:00,43,7,36
2020-09-23 10:00:00,22,9,13
2020-09-23 11:00:00,19,6,13
2020-09-23 12:00:00,17,8,9
2020-09-23 13:00:00,19,12,7
2020-09-23 14:00:00,22,15,7
2020-09-23 15:00:00,28,18,10
2020-09-23 16:00:00,52,42,10
2020-09-23 17:00:00,64,52,12
2020-09-23 18:00:00,35,28,7
2020-09-23 19:00:00,26,19,7
2020-09-23 20:00:00,13,10,3
2020-09-23 21:00:00,10,4,6
2020-09-23 22:00:00,8,2,6
2020-09-23 23:00:00,4,2,2
2020-09-24 00:00:00,2,2,0
2020-09-24 01:00:00,0,0,0
2020-09-24 02:00:00,0,0,0
2020-09-24 03:00:00,1,0,1
2020-09-24 04:00:00,0,0,0
2020-09-24 05:00:00,15,8,7
2020-09-24 06:00:00,21,8,13
2020-09-24 07:00:00,39,12,27
2020-09-24 08:00:00,54,10,44
2020-09-24 09:00:00,28,4,24
2020-09-24 10:00:00,12,7,5
2020-09-24 11:00:00,17,4,13
2020-09-24 12:00:00,16,7,9
2020-09-24 13:00:00,25,12,13
2020-09-24 14:00:00,48,21,27
2020-09-24 15:00:00,55,35,20
2020-09-24 16:00:00,76,44,32
2020-09-24 17:00:00,146,111,35
2020-09-24 18:00:00,115,69,46
2020-09-24 19:00:00,73,29,44
2020-09-24 20:00:00,29,9,20
2020-09-24 21:00:00,22,11,11
2020-09-24 22:00:00,10,4,6
2020-09-24 23:00:00,4,2,2
2020-09-25 00:00:00,1,1,0
2020-09-25 01:00:00,0,0,0
2020-09-25 02:00:00,0,0,0
2020-09-25 03:00:00,1,0,1
2020-09-25 04:00:00,7,3,4
2020-09-25 05:00:00,10,6,4
2020-09-25 06:00:00,13,6,7
2020-09-25 07:00:00,30,8,22
2020-09-25 08:00:00,40,3,37
2020-09-25 09:00:00,19,5,14
2020-09-25 10:00:00,15,4,11
2020-09-25 11:00:00,14,6,8
2020-09-25 12:00:00,19,7,12
2020-09-25 13:00:00,20,8,12
2020-09-25 14:00:00,26,14,12
2020-09-25 15:00:00,51,28,23
2020-09-25 16:00:00,97,66,31
2020-09-25 17:00:00,126,92,34
2020-09-25 18:00:00,111,60,51
2020-09-25 19:00:00,68,23,45
2020-09-25 20:00:00,18,7,11
2020-09-25 21:00:00,17,8,9
2020-09-25 22:00:00,17,7,10
2020-09-25 23:00:00,7,4,3
2020-09-26 00:00:00,4,2,2
2020-09-26 01:00:00,5,1,4
2020-09-26 02:00:00,1,0,1
2020-09-26 03:00:00,0,0,0
2020-09-26 04:00:00,0,0,0
2020-09-26 05:00:00,4,0,4
2020-09-26 06:00:00,5,0,5
2020-09-26 07:00:00,19,12,7
2020-09-26 08:00:00,41,26,15
2020-09-26 09:00:00,48,27,21
2020-09-26 10:00:00,68,33,35
2020-09-26 11:00:00,105,55,50
2020-09-26 12:00:00,112,53,59
2020-09-26 13:00:00,91,48,43
2020-09-26 14:00:00,115,60,55
2020-09-26 15:00:00,88,47,41
2020-09-26 16:00:00,107,56,51
2020-09-26 17:00:00,117,60,57
2020-09-26 18:00:00,61,33,28
2020-09-26 19:00:00,35,15,20
2020-09-26 20:00:00,27,13,14
2020-09-26 21:00:00,18,12,6
2020-09-26 22:00:00,19,7,12
2020-09-26 23:00:00,18,12,6
2020-09-27 00:00:00,6,5,1
2020-09-27 01:00:00,4,1,3
2020-09-27 02:00:00,5,2,3
2020-09-27 03:00:00,2,2,0
2020-09-27 04:00:00,1,0,1
2020-09-27 05:00:00,6,3,3
2020-09-27 06:00:00,8,1,7
2020-09-27 07:00:00,18,8,10
2020-09-27 08:00:00,43,19,24
2020-09-27 09:00:00,58,33,25
2020-09-27 10:00:00,93,44,49
2020-09-27 11:00:00,115,67,48
2020-09-27 12:00:00,177,108,69
2020-09-27 13:00:00,152,79,73
2020-09-27 14:00:00,198,108,90
2020-09-27 15:00:00,197,119,78
2020-09-27 16:00:00,191,93,98
2020-09-27 17:00:00,138,59,79
2020-09-27 18:00:00,135,47,88
2020-09-27 19:00:00,59,25,34
2020-09-27 20:00:00,33,11,22
2020-09-27 21:00:00,26,14,12
2020-09-27 22:00:00,4,2,2
2020-09-27 23:00:00,4,4,0
2020-09-28 00:00:00,2,1,1
2020-09-28 01:00:00,0,0,0
2020-09-28 02:00:00,1,0,1
2020-09-28 03:00:00,1,0,1
2020-09-28 04:00:00,1,1,0
2020-09-28 05:00:00,22,6,16
2020-09-28 06:00:00,37,18,19
2020-09-28 07:00:00,97,23,74
2020-09-28 08:00:00,104,16,88
2020-09-28 09:00:00,85,20,65
2020-09-28 10:00:00,62,15,47
2020-09-28 11:00:00,48,21,27
2020-09-28 12:00:00,67,45,22
2020-09-28 13:00:00,74,43,31
2020-09-28 14:00:00,86,50,36
2020-09-28 15:00:00,111,78,33
2020-09-28 16:00:00,203,130,73
2020-09-28 17:00:00,249,173,76
2020-09-28 18:00:00,250,139,111
2020-09-28 19:00:00,107,44,63
2020-09-28 20:00:00,33,15,18
2020-09-28 21:00:00,24,11,13
2020-09-28 22:00:00,19,10,9
2020-09-28 23:00:00,0,0,0
2020-09-29 00:00:00,5,1,4
2020-09-29 01:00:00,0,0,0
2020-09-29 02:00:00,0,0,0
2020-09-29 03:00:00,2,0,2
2020-09-29 04:00:00,2,2,0
2020-09-29 05:00:00,18,6,12
2020-09-29 06:00:00,40,12,28
2020-09-29 07:00:00,96,27,69
2020-09-29 08:00:00,117,19,98
2020-09-29 09:00:00,74,13,61
2020-09-29 10:00:00,47,19,28
2020-09-29 11:00:00,57,27,30
2020-09-29 12:00:00,64,32,32
2020-09-29 13:00:00,71,30,41
2020-09-29 14:00:00,86,49,37
2020-09-29 15:00:00,124,68,56
2020-09-29 16:00:00,214,152,62
2020-09-29 17:00:00,278,188,90
2020-09-29 18:00:00,159,92,67
2020-09-29 19:00:00,96,43,53
2020-09-29 20:00:00,44,28,16
2020-09-29 21:00:00,22,10,12
2020-09-29 22:00:00,19,8,11
2020-09-29 23:00:00,10,6,4
2020-09-30 00:00:00,1,1,0
2020-09-30 01:00:00,2,1,1
2020-09-30 02:00:00,0,0,0
2020-09-30 03:00:00,1,0,1
2020-09-30 04:00:00,2,1,1
2020-09-30 05:00:00,12,7,5
2020-09-30 06:00:00,38,14,24
2020-09-30 07:00:00,114,29,85
2020-09-30 08:00:00,112,22,90
2020-09-30 09:00:00,65,17,48
2020-09-30 10:00:00,41,11,30
2020-09-30 11:00:00,45,20,25
2020-09-30 12:00:00,54,24,30
2020-09-30 13:00:00,50,19,31
2020-09-30 14:00:00,76,40,36
2020-09-30 15:00:00,100,73,27
2020-09-30 16:00:00,162,114,48
2020-09-30 17:00:00,252,171,81
2020-09-30 18:00:00,185,127,58
2020-09-30 19:00:00,91,32,59
2020-09-30 20:00:00,8,3,5
2020-09-30 21:00:00,0,0,0
2020-09-30 22:00:00,0,0,0
2020-09-30 23:00:00,0,0,0
2020-10-01 00:00:00,0,0,0
2020-10-01 01:00:00,0,0,0
2020-10-01 02:00:00,0,0,0
2020-10-01 03:00:00,0,0,0
2020-10-01 04:00:00,0,0,0
2020-10-01 05:00:00,0,0,0
2020-10-01 06:00:00,0,0,0
2020-10-01 07:00:00,0,0,0
2020-10-01 08:00:00,0,0,0
2020-10-01 09:00:00,0,0,0
2020-10-01 10:00:00,0,0,0
2020-10-01 11:00:00,0,0,0
2020-10-01 12:00:00,0,0,0
2020-10-01 13:00:00,0,0,0
2020-10-01 14:00:00,0,0,0
2020-10-01 15:00:00,0,0,0
2020-10-01 16:00:00,0,0,0
2020-10-01 17:00:00,0,0,0
2020-10-01 18:00:00,0,0,0
2020-10-01 19:00:00,0,0,0
2020-10-01 20:00:00,0,0,0
2020-10-01 21:00:00,0,0,0
2020-10-01 22:00:00,0,0,0
2020-10-01 23:00:00,0,0,0
2020-10-02 00:00:00,0,0,0
2020-10-02 01:00:00,0,0,0
2020-10-02 02:00:00,0,0,0
2020-10-02 03:00:00,0,0,0
2020-10-02 04:00:00,0,0,0
2020-10-02 05:00:00,0,0,0
2020-10-02 06:00:00,0,0,0
2020-10-02 07:00:00,0,0,0
2020-10-02 08:00:00,0,0,0
2020-10-02 09:00:00,0,0,0
2020-10-02 10:00:00,0,0,0
2020-10-02 11:00:00,0,0,0
2020-10-02 12:00:00,0,0,0
2020-10-02 13:00:00,0,0,0
2020-10-02 14:00:00,0,0,0
2020-10-02 15:00:00,0,0,0
2020-10-02 16:00:00,0,0,0
2020-10-02 17:00:00,0,0,0
2020-10-02 18:00:00,0,0,0
2020-10-02 19:00:00,0,0,0
2020-10-02 20:00:00,0,0,0
2020-10-02 21:00:00,0,0,0
2020-10-02 22:00:00,0,0,0
2020-10-02 23:00:00,0,0,0
2020-10-03 00:00:00,0,0,0
2020-10-03 01:00:00,0,0,0
2020-10-03 02:00:00,0,0,0
2020-10-03 03:00:00,0,0,0
2020-10-03 04:00:00,0,0,0
2020-10-03 05:00:00,0,0,0
2020-10-03 06:00:00,0,0,0
2020-10-03 07:00:00,0,0,0
2020-10-03 08:00:00,0,0,0
2020-10-03 09:00:00,0,0,0
2020-10-03 10:00:00,0,0,0
2020-10-03 11:00:00,0,0,0
2020-10-03 12:00:00,0,0,0
2020-10-03 13:00:00,0,0,0
2020-10-03 14:00:00,0,0,0
2020-10-03 15:00:00,0,0,0
2020-10-03 16:00:00,0,0,0
2020-10-03 17:00:00,0,0,0
2020-10-03 18:00:00,0,0,0
2020-10-03 19:00:00,0,0,0
2020-10-03 20:00:00,0,0,0
2020-10-03 21:00:00,0,0,0
2020-10-03 22:00:00,0,0,0
2020-10-03 23:00:00,0,0,0
2020-10-04 00:00:00,0,0,0
2020-10-04 01:00:00,0,0,0
2020-10-04 02:00:00,0,0,0
2020-10-04 03:00:00,0,0,0
2020-10-04 04:00:00,0,0,0
2020-10-04 05:00:00,0,0,0
2020-10-04 06:00:00,0,0,0
2020-10-04 07:00:00,0,0,0
2020-10-04 08:00:00,0,0,0
2020-10-04 09:00:00,0,0,0
2020-10-04 10:00:00,0,0,0
2020-10-04 11:00:00,0,0,0
2020-10-04 12:00:00,0,0,0
2020-10-04 13:00:00,0,0,0
2020-10-04 14:00:00,0,0,0
2020-10-04 15:00:00,0,0,0
2020-10-04 16:00:00,0,0,0
2020-10-04 17:00:00,0,0,0
2020-10-04 18:00:00,0,0,0
2020-10-04 19:00:00,0,0,0
2020-10-04 20:00:00,0,0,0
2020-10-04 21:00:00,0,0,0
2020-10-04 22:00:00,0,0,0
2020-10-04 23:00:00,0,0,0
2020-10-05 00:00:00,0,0,0
2020-10-05 01:00:00,0,0,0
2020-10-05 02:00:00,0,0,0
2020-10-05 03:00:00,0,0,0
2020-10-05 04:00:00,0,0,0
2020-10-05 05:00:00,0,0,0
2020-10-05 06:00:00,0,0,0
2020-10-05 07:00:00,0,0,0
2020-10-05 08:00:00,0,0,0
2020-10-05 09:00:00,0,0,0
2020-10-05 10:00:00,0,0,0
2020-10-05 11:00:00,0,0,0
2020-10-05 12:00:00,0,0,0
2020-10-05 13:00:00,0,0,0
2020-10-05 14:00:00,0,0,0
2020-10-05 15:00:00,0,0,0
2020-10-05 16:00:00,0,0,0
2020-10-05 17:00:00,0,0,0
2020-10-05 18:00:00,0,0,0
2020-10-05 19:00:00,0,0,0
2020-10-05 20:00:00,0,0,0
2020-10-05 21:00:00,0,0,0
2020-10-05 22:00:00,0,0,0
2020-10-05 23:00:00,0,0,0
2020-10-06 00:00:00,0,0,0
2020-10-06 01:00:00,0,0,0
2020-10-06 02:00:00,0,0,0
2020-10-06 03:00:00,0,0,0
2020-10-06 04:00:00,0,0,0
2020-10-06 05:00:00,0,0,0
2020-10-06 06:00:00,0,0,0
2020-10-06 07:00:00,0,0,0
2020-10-06 08:00:00,0,0,0
2020-10-06 09:00:00,0,0,0
2020-10-06 10:00:00,0,0,0
2020-10-06 11:00:00,0,0,0
2020-10-06 12:00:00,0,0,0
2020-10-06 13:00:00,0,0,0
2020-10-06 14:00:00,0,0,0
2020-10-06 15:00:00,0,0,0
2020-10-06 16:00:00,0,0,0
2020-10-06 17:00:00,0,0,0
2020-10-06 18:00:00,0,0,0
2020-10-06 19:00:00,0,0,0
2020-10-06 20:00:00,0,0,0
2020-10-06 21:00:00,0,0,0
2020-10-06 22:00:00,0,0,0
2020-10-06 23:00:00,0,0,0
2020-10-07 00:00:00,0,0,0
2020-10-07 01:00:00,0,0,0
2020-10-07 02:00:00,0,0,0
2020-10-07 03:00:00,0,0,0
2020-10-07 04:00:00,0,0,0
2020-10-07 05:00:00,0,0,0
2020-10-07 06:00:00,0,0,0
2020-10-07 07:00:00,0,0,0
2020-10-07 08:00:00,0,0,0
2020-10-07 09:00:00,0,0,0
2020-10-07 10:00:00,0,0,0
2020-10-07 11:00:00,0,0,0
2020-10-07 12:00:00,0,0,0
2020-10-07 13:00:00,0,0,0
2020-10-07 14:00:00,0,0,0
2020-10-07 15:00:00,0,0,0
2020-10-07 16:00:00,0,0,0
2020-10-07 17:00:00,0,0,0
2020-10-07 18:00:00,0,0,0
2020-10-07 19:00:00,0,0,0
2020-10-07 20:00:00,0,0,0
2020-10-07 21:00:00,0,0,0
2020-10-07 22:00:00,0,0,0
2020-10-07 23:00:00,0,0,0
2020-10-08 00:00:00,0,0,0
2020-10-08 01:00:00,0,0,0
2020-10-08 02:00:00,0,0,0
2020-10-08 03:00:00,0,0,0
2020-10-08 04:00:00,0,0,0
2020-10-08 05:00:00,0,0,0
2020-10-08 06:00:00,0,0,0
2020-10-08 07:00:00,0,0,0
2020-10-08 08:00:00,0,0,0
2020-10-08 09:00:00,0,0,0
2020-10-08 10:00:00,0,0,0
2020-10-08 11:00:00,0,0,0
2020-10-08 12:00:00,0,0,0
2020-10-08 13:00:00,0,0,0
2020-10-08 14:00:00,0,0,0
2020-10-08 15:00:00,0,0,0
2020-10-08 16:00:00,0,0,0
2020-10-08 17:00:00,0,0,0
2020-10-08 18:00:00,0,0,0
2020-10-08 19:00:00,0,0,0
2020-10-08 20:00:00,0,0,0
2020-10-08 21:00:00,0,0,0
2020-10-08 22:00:00,0,0,0
2020-10-08 23:00:00,0,0,0
2020-10-09 00:00:00,0,0,0
2020-10-09 01:00:00,0,0,0
2020-10-09 02:00:00,0,0,0
2020-10-09 03:00:00,0,0,0
2020-10-09 04:00:00,0,0,0
2020-10-09 05:00:00,0,0,0
2020-10-09 06:00:00,0,0,0
2020-10-09 07:00:00,0,0,0
2020-10-09 08:00:00,0,0,0
2020-10-09 09:00:00,0,0,0
2020-10-09 10:00:00,0,0,0
2020-10-09 11:00:00,0,0,0
2020-10-09 12:00:00,0,0,0
2020-10-09 13:00:00,0,0,0
2020-10-09 14:00:00,0,0,0
2020-10-09 15:00:00,0,0,0
2020-10-09 16:00:00,0,0,0
2020-10-09 17:00:00,0,0,0
2020-10-09 18:00:00,0,0,0
2020-10-09 19:00:00,0,0,0
2020-10-09 20:00:00,0,0,0
2020-10-09 21:00:00,0,0,0
2020-10-09 22:00:00,0,0,0
2020-10-09 23:00:00,0,0,0
2020-10-10 00:00:00,0,0,0
2020-10-10 01:00:00,0,0,0
2020-10-10 02:00:00,0,0,0
2020-10-10 03:00:00,0,0,0
2020-10-10 04:00:00,0,0,0
2020-10-10 05:00:00,0,0,0
2020-10-10 06:00:00,0,0,0
2020-10-10 07:00:00,0,0,0
2020-10-10 08:00:00,0,0,0
2020-10-10 09:00:00,0,0,0
2020-10-10 10:00:00,0,0,0
2020-10-10 11:00:00,0,0,0
2020-10-10 12:00:00,0,0,0
2020-10-10 13:00:00,0,0,0
2020-10-10 14:00:00,0,0,0
2020-10-10 15:00:00,0,0,0
2020-10-10 16:00:00,0,0,0
2020-10-10 17:00:00,0,0,0
2020-10-10 18:00:00,0,0,0
2020-10-10 19:00:00,0,0,0
2020-10-10 20:00:00,0,0,0
2020-10-10 21:00:00,0,0,0
2020-10-10 22:00:00,0,0,0
2020-10-10 23:00:00,0,0,0
2020-10-11 00:00:00,0,0,0
2020-10-11 01:00:00,0,0,0
2020-10-11 02:00:00,0,0,0
2020-10-11 03:00:00,0,0,0
2020-10-11 04:00:00,0,0,0
2020-10-11 05:00:00,0,0,0
2020-10-11 06:00:00,0,0,0
2020-10-11 07:00:00,0,0,0
2020-10-11 08:00:00,0,0,0
2020-10-11 09:00:00,0,0,0
2020-10-11 10:00:00,0,0,0
2020-10-11 11:00:00,0,0,0
2020-10-11 12:00:00,0,0,0
2020-10-11 13:00:00,0,0,0
2020-10-11 14:00:00,0,0,0
2020-10-11 15:00:00,0,0,0
2020-10-11 16:00:00,0,0,0
2020-10-11 17:00:00,0,0,0
2020-10-11 18:00:00,0,0,0
2020-10-11 19:00:00,0,0,0
2020-10-11 20:00:00,0,0,0
2020-10-11 21:00:00,0,0,0
2020-10-11 22:00:00,0,0,0
2020-10-11 23:00:00,0,0,0
2020-10-12 00:00:00,0,0,0
2020-10-12 01:00:00,0,0,0
2020-10-12 02:00:00,0,0,0
2020-10-12 03:00:00,0,0,0
2020-10-12 04:00:00,0,0,0
2020-10-12 05:00:00,0,0,0
2020-10-12 06:00:00,0,0,0
2020-10-12 07:00:00,0,0,0
2020-10-12 08:00:00,0,0,0
2020-10-12 09:00:00,0,0,0
2020-10-12 10:00:00,0,0,0
2020-10-12 11:00:00,0,0,0
2020-10-12 12:00:00,0,0,0
2020-10-12 13:00:00,0,0,0
2020-10-12 14:00:00,0,0,0
2020-10-12 15:00:00,0,0,0
2020-10-12 16:00:00,0,0,0
2020-10-12 17:00:00,0,0,0
2020-10-12 18:00:00,0,0,0
2020-10-12 19:00:00,0,0,0
2020-10-12 20:00:00,0,0,0
2020-10-12 21:00:00,0,0,0
2020-10-12 22:00:00,0,0,0
2020-10-12 23:00:00,0,0,0
2020-10-13 00:00:00,0,0,0
2020-10-13 01:00:00,0,0,0
2020-10-13 02:00:00,0,0,0
2020-10-13 03:00:00,0,0,0
2020-10-13 04:00:00,0,0,0
2020-10-13 05:00:00,0,0,0
2020-10-13 06:00:00,0,0,0
2020-10-13 07:00:00,0,0,0
2020-10-13 08:00:00,0,0,0
2020-10-13 09:00:00,0,0,0
2020-10-13 10:00:00,0,0,0
2020-10-13 11:00:00,0,0,0
2020-10-13 12:00:00,0,0,0
2020-10-13 13:00:00,0,0,0
2020-10-13 14:00:00,0,0,0
2020-10-13 15:00:00,0,0,0
2020-10-13 16:00:00,0,0,0
2020-10-13 17:00:00,0,0,0
2020-10-13 18:00:00,0,0,0
2020-10-13 19:00:00,0,0,0
2020-10-13 20:00:00,0,0,0
2020-10-13 21:00:00,0,0,0
2020-10-13 22:00:00,0,0,0
2020-10-13 23:00:00,0,0,0
2020-10-14 00:00:00,0,0,0
2020-10-14 01:00:00,0,0,0
2020-10-14 02:00:00,0,0,0
2020-10-14 03:00:00,0,0,0
2020-10-14 04:00:00,0,0,0
2020-10-14 05:00:00,0,0,0
2020-10-14 06:00:00,0,0,0
2020-10-14 07:00:00,0,0,0
2020-10-14 08:00:00,0,0,0
2020-10-14 09:00:00,0,0,0
2020-10-14 10:00:00,0,0,0
2020-10-14 11:00:00,0,0,0
2020-10-14 12:00:00,0,0,0
2020-10-14 13:00:00,0,0,0
2020-10-14 14:00:00,0,0,0
2020-10-14 15:00:00,0,0,0
2020-10-14 16:00:00,0,0,0
2020-10-14 17:00:00,0,0,0
2020-10-14 18:00:00,0,0,0
2020-10-14 19:00:00,0,0,0
2020-10-14 20:00:00,0,0,0
2020-10-14 21:00:00,0,0,0
2020-10-14 22:00:00,0,0,0
2020-10-14 23:00:00,0,0,0
2020-10-15 00:00:00,0,0,0
2020-10-15 01:00:00,0,0,0
2020-10-15 02:00:00,0,0,0
2020-10-15 03:00:00,0,0,0
2020-10-15 04:00:00,0,0,0
2020-10-15 05:00:00,0,0,0
2020-10-15 06:00:00,0,0,0
2020-10-15 07:00:00,0,0,0
2020-10-15 08:00:00,0,0,0
2020-10-15 09:00:00,0,0,0
2020-10-15 10:00:00,0,0,0
2020-10-15 11:00:00,0,0,0
2020-10-15 12:00:00,0,0,0
2020-10-15 13:00:00,0,0,0
2020-10-15 14:00:00,0,0,0
2020-10-15 15:00:00,0,0,0
2020-10-15 16:00:00,0,0,0
2020-10-15 17:00:00,1,1,0
2020-10-15 18:00:00,0,0,0
2020-10-15 19:00:00,0,0,0
2020-10-15 20:00:00,0,0,0
2020-10-15 21:00:00,0,0,0
2020-10-15 22:00:00,0,0,0
2020-10-15 23:00:00,0,0,0
2020-10-16 00:00:00,0,0,0
2020-10-16 01:00:00,0,0,0
2020-10-16 02:00:00,0,0,0
2020-10-16 03:00:00,0,0,0
2020-10-16 04:00:00,0,0,0
2020-10-16 05:00:00,0,0,0
2020-10-16 06:00:00,0,0,0
2020-10-16 07:00:00,0,0,0
2020-10-16 08:00:00,0,0,0
2020-10-16 09:00:00,0,0,0
2020-10-16 10:00:00,0,0,0
2020-10-16 11:00:00,0,0,0
2020-10-16 12:00:00,0,0,0
2020-10-16 13:00:00,0,0,0
2020-10-16 14:00:00,0,0,0
2020-10-16 15:00:00,0,0,0
2020-10-16 16:00:00,0,0,0
2020-10-16 17:00:00,0,0,0
2020-10-16 18:00:00,0,0,0
2020-10-16 19:00:00,0,0,0
2020-10-16 20:00:00,0,0,0
2020-10-16 21:00:00,0,0,0
2020-10-16 22:00:00,0,0,0
2020-10-16 23:00:00,0,0,0
2020-10-17 00:00:00,0,0,0
2020-10-17 01:00:00,0,0,0
2020-10-17 02:00:00,0,0,0
2020-10-17 03:00:00,0,0,0
2020-10-17 04:00:00,0,0,0
2020-10-17 05:00:00,0,0,0
2020-10-17 06:00:00,0,0,0
2020-10-17 07:00:00,0,0,0
2020-10-17 08:00:00,0,0,0
2020-10-17 09:00:00,0,0,0
2020-10-17 10:00:00,0,0,0
2020-10-17 11:00:00,0,0,0
2020-10-17 12:00:00,0,0,0
2020-10-17 13:00:00,0,0,0
2020-10-17 14:00:00,0,0,0
2020-10-17 15:00:00,0,0,0
2020-10-17 16:00:00,0,0,0
2020-10-17 17:00:00,0,0,0
2020-10-17 18:00:00,0,0,0
2020-10-17 19:00:00,0,0,0
2020-10-17 20:00:00,0,0,0
2020-10-17 21:00:00,0,0,0
2020-10-17 22:00:00,0,0,0
2020-10-17 23:00:00,0,0,0
2020-10-18 00:00:00,0,0,0
2020-10-18 01:00:00,0,0,0
2020-10-18 02:00:00,0,0,0
2020-10-18 03:00:00,0,0,0
2020-10-18 04:00:00,0,0,0
2020-10-18 05:00:00,0,0,0
2020-10-18 06:00:00,0,0,0
2020-10-18 07:00:00,0,0,0
2020-10-18 08:00:00,0,0,0
2020-10-18 09:00:00,0,0,0
2020-10-18 10:00:00,0,0,0
2020-10-18 11:00:00,0,0,0
2020-10-18 12:00:00,0,0,0
2020-10-18 13:00:00,0,0,0
2020-10-18 14:00:00,0,0,0
2020-10-18 15:00:00,0,0,0
2020-10-18 16:00:00,0,0,0
2020-10-18 17:00:00,0,0,0
2020-10-18 18:00:00,0,0,0
2020-10-18 19:00:00,0,0,0
2020-10-18 20:00:00,0,0,0
2020-10-18 21:00:00,0,0,0
2020-10-18 22:00:00,0,0,0
2020-10-18 23:00:00,0,0,0
2020-10-19 00:00:00,0,0,0
2020-10-19 01:00:00,0,0,0
2020-10-19 02:00:00,0,0,0
2020-10-19 03:00:00,0,0,0
2020-10-19 04:00:00,0,0,0
2020-10-19 05:00:00,0,0,0
2020-10-19 06:00:00,0,0,0
2020-10-19 07:00:00,0,0,0
2020-10-19 08:00:00,0,0,0
2020-10-19 09:00:00,0,0,0
2020-10-19 10:00:00,0,0,0
2020-10-19 11:00:00,0,0,0
2020-10-19 12:00:00,0,0,0
2020-10-19 13:00:00,0,0,0
2020-10-19 14:00:00,0,0,0
2020-10-19 15:00:00,0,0,0
2020-10-19 16:00:00,0,0,0
2020-10-19 17:00:00,0,0,0
2020-10-19 18:00:00,0,0,0
2020-10-19 19:00:00,0,0,0
2020-10-19 20:00:00,0,0,0
2020-10-19 21:00:00,0,0,0
2020-10-19 22:00:00,0,0,0
2020-10-19 23:00:00,0,0,0
2020-10-20 00:00:00,0,0,0
2020-10-20 01:00:00,0,0,0
2020-10-20 02:00:00,0,0,0
2020-10-20 03:00:00,0,0,0
2020-10-20 04:00:00,0,0,0
2020-10-20 05:00:00,0,0,0
2020-10-20 06:00:00,0,0,0
2020-10-20 07:00:00,0,0,0
2020-10-20 08:00:00,0,0,0
2020-10-20 09:00:00,0,0,0
2020-10-20 10:00:00,0,0,0
2020-10-20 11:00:00,0,0,0
2020-10-20 12:00:00,0,0,0
2020-10-20 13:00:00,0,0,0
2020-10-20 14:00:00,0,0,0
2020-10-20 15:00:00,0,0,0
2020-10-20 16:00:00,0,0,0
2020-10-20 17:00:00,0,0,0
2020-10-20 18:00:00,0,0,0
2020-10-20 19:00:00,0,0,0
2020-10-20 20:00:00,0,0,0
2020-10-20 21:00:00,0,0,0
2020-10-20 22:00:00,0,0,0
2020-10-20 23:00:00,0,0,0
2020-10-21 00:00:00,0,0,0
2020-10-21 01:00:00,0,0,0
2020-10-21 02:00:00,0,0,0
2020-10-21 03:00:00,0,0,0
2020-10-21 04:00:00,0,0,0
2020-10-21 05:00:00,0,0,0
2020-10-21 06:00:00,0,0,0
2020-10-21 07:00:00,0,0,0
2020-10-21 08:00:00,0,0,0
2020-10-21 09:00:00,0,0,0
2020-10-21 10:00:00,0,0,0
2020-10-21 11:00:00,0,0,0
2020-10-21 12:00:00,0,0,0
2020-10-21 13:00:00,0,0,0
2020-10-21 14:00:00,0,0,0
2020-10-21 15:00:00,0,0,0
2020-10-21 16:00:00,0,0,0
2020-10-21 17:00:00,0,0,0
2020-10-21 18:00:00,0,0,0
2020-10-21 19:00:00,0,0,0
2020-10-21 20:00:00,0,0,0
2020-10-21 21:00:00,0,0,0
2020-10-21 22:00:00,0,0,0
2020-10-21 23:00:00,0,0,0
2020-10-22 00:00:00,0,0,0
2020-10-22 01:00:00,0,0,0
2020-10-22 02:00:00,0,0,0
2020-10-22 03:00:00,0,0,0
2020-10-22 04:00:00,0,0,0
2020-10-22 05:00:00,0,0,0
2020-10-22 06:00:00,0,0,0
2020-10-22 07:00:00,0,0,0
2020-10-22 08:00:00,0,0,0
2020-10-22 09:00:00,0,0,0
2020-10-22 10:00:00,0,0,0
2020-10-22 11:00:00,0,0,0
2020-10-22 12:00:00,0,0,0
2020-10-22 13:00:00,0,0,0
2020-10-22 14:00:00,0,0,0
2020-10-22 15:00:00,0,0,0
2020-10-22 16:00:00,0,0,0
2020-10-22 17:00:00,0,0,0
2020-10-22 18:00:00,0,0,0
2020-10-22 19:00:00,0,0,0
2020-10-22 20:00:00,0,0,0
2020-10-22 21:00:00,0,0,0
2020-10-22 22:00:00,0,0,0
2020-10-22 23:00:00,0,0,0
2020-10-23 00:00:00,0,0,0
2020-10-23 01:00:00,0,0,0
2020-10-23 02:00:00,0,0,0
2020-10-23 03:00:00,0,0,0
2020-10-23 04:00:00,0,0,0
2020-10-23 05:00:00,0,0,0
2020-10-23 06:00:00,0,0,0
2020-10-23 07:00:00,0,0,0
2020-10-23 08:00:00,0,0,0
2020-10-23 09:00:00,0,0,0
2020-10-23 10:00:00,0,0,0
2020-10-23 11:00:00,0,0,0
2020-10-23 12:00:00,0,0,0
2020-10-23 13:00:00,0,0,0
2020-10-23 14:00:00,0,0,0
2020-10-23 15:00:00,0,0,0
2020-10-23 16:00:00,0,0,0
2020-10-23 17:00:00,0,0,0
2020-10-23 18:00:00,0,0,0
2020-10-23 19:00:00,0,0,0
2020-10-23 20:00:00,0,0,0
2020-10-23 21:00:00,0,0,0
2020-10-23 22:00:00,0,0,0
2020-10-23 23:00:00,0,0,0
2020-10-24 00:00:00,0,0,0
2020-10-24 01:00:00,0,0,0
2020-10-24 02:00:00,0,0,0
2020-10-24 03:00:00,0,0,0
2020-10-24 04:00:00,0,0,0
2020-10-24 05:00:00,0,0,0
2020-10-24 06:00:00,0,0,0
2020-10-24 07:00:00,0,0,0
2020-10-24 08:00:00,0,0,0
2020-10-24 09:00:00,0,0,0
2020-10-24 10:00:00,0,0,0
2020-10-24 11:00:00,0,0,0
2020-10-24 12:00:00,0,0,0
2020-10-24 13:00:00,0,0,0
2020-10-24 14:00:00,0,0,0
2020-10-24 15:00:00,0,0,0
2020-10-24 16:00:00,0,0,0
2020-10-24 17:00:00,0,0,0
2020-10-24 18:00:00,0,0,0
2020-10-24 19:00:00,0,0,0
2020-10-24 20:00:00,0,0,0
2020-10-24 21:00:00,0,0,0
2020-10-24 22:00:00,0,0,0
2020-10-24 23:00:00,0,0,0
2020-10-25 00:00:00,0,0,0
2020-10-25 01:00:00,0,0,0
2020-10-25 02:00:00,0,0,0
2020-10-25 03:00:00,0,0,0
2020-10-25 04:00:00,0,0,0
2020-10-25 05:00:00,0,0,0
2020-10-25 06:00:00,0,0,0
2020-10-25 07:00:00,0,0,0
2020-10-25 08:00:00,0,0,0
2020-10-25 09:00:00,0,0,0
2020-10-25 10:00:00,0,0,0
2020-10-25 11:00:00,0,0,0
2020-10-25 12:00:00,0,0,0
2020-10-25 13:00:00,0,0,0
2020-10-25 14:00:00,0,0,0
2020-10-25 15:00:00,0,0,0
2020-10-25 16:00:00,0,0,0
2020-10-25 17:00:00,0,0,0
2020-10-25 18:00:00,0,0,0
2020-10-25 19:00:00,0,0,0
2020-10-25 20:00:00,0,0,0
2020-10-25 21:00:00,0,0,0
2020-10-25 22:00:00,0,0,0
2020-10-25 23:00:00,0,0,0
2020-10-26 00:00:00,0,0,0
2020-10-26 01:00:00,0,0,0
2020-10-26 02:00:00,0,0,0
2020-10-26 03:00:00,0,0,0
2020-10-26 04:00:00,0,0,0
2020-10-26 05:00:00,0,0,0
2020-10-26 06:00:00,0,0,0
2020-10-26 07:00:00,0,0,0
2020-10-26 08:00:00,0,0,0
2020-10-26 09:00:00,0,0,0
2020-10-26 10:00:00,0,0,0
2020-10-26 11:00:00,0,0,0
2020-10-26 12:00:00,0,0,0
2020-10-26 13:00:00,0,0,0
2020-10-26 14:00:00,0,0,0
2020-10-26 15:00:00,0,0,0
2020-10-26 16:00:00,0,0,0
2020-10-26 17:00:00,0,0,0
2020-10-26 18:00:00,0,0,0
2020-10-26 19:00:00,0,0,0
2020-10-26 20:00:00,0,0,0
2020-10-26 21:00:00,0,0,0
2020-10-26 22:00:00,0,0,0
2020-10-26 23:00:00,0,0,0
2020-10-27 00:00:00,0,0,0
2020-10-27 01:00:00,0,0,0
2020-10-27 02:00:00,0,0,0
2020-10-27 03:00:00,0,0,0
2020-10-27 04:00:00,0,0,0
2020-10-27 05:00:00,0,0,0
2020-10-27 06:00:00,0,0,0
2020-10-27 07:00:00,0,0,0
2020-10-27 08:00:00,0,0,0
2020-10-27 09:00:00,0,0,0
2020-10-27 10:00:00,0,0,0
2020-10-27 11:00:00,0,0,0
2020-10-27 12:00:00,0,0,0
2020-10-27 13:00:00,0,0,0
2020-10-27 14:00:00,0,0,0
2020-10-27 15:00:00,0,0,0
2020-10-27 16:00:00,0,0,0
2020-10-27 17:00:00,1,0,1
2020-10-27 18:00:00,0,0,0
2020-10-27 19:00:00,0,0,0
2020-10-27 20:00:00,0,0,0
2020-10-27 21:00:00,0,0,0
2020-10-27 22:00:00,0,0,0
2020-10-27 23:00:00,0,0,0
2020-10-28 00:00:00,0,0,0
2020-10-28 01:00:00,0,0,0
2020-10-28 02:00:00,0,0,0
2020-10-28 03:00:00,0,0,0
2020-10-28 04:00:00,0,0,0
2020-10-28 05:00:00,0,0,0
2020-10-28 06:00:00,0,0,0
2020-10-28 07:00:00,0,0,0
2020-10-28 08:00:00,0,0,0
2020-10-28 09:00:00,0,0,0
2020-10-28 10:00:00,0,0,0
2020-10-28 11:00:00,0,0,0
2020-10-28 12:00:00,0,0,0
2020-10-28 13:00:00,0,0,0
2020-10-28 14:00:00,0,0,0
2020-10-28 15:00:00,0,0,0
2020-10-28 16:00:00,0,0,0
2020-10-28 17:00:00,0,0,0
2020-10-28 18:00:00,0,0,0
2020-10-28 19:00:00,0,0,0
2020-10-28 20:00:00,0,0,0
2020-10-28 21:00:00,0,0,0
2020-10-28 22:00:00,0,0,0
2020-10-28 23:00:00,0,0,0
2020-10-29 00:00:00,0,0,0
2020-10-29 01:00:00,0,0,0
2020-10-29 02:00:00,0,0,0
2020-10-29 03:00:00,0,0,0
2020-10-29 04:00:00,0,0,0
2020-10-29 05:00:00,0,0,0
2020-10-29 06:00:00,0,0,0
2020-10-29 07:00:00,0,0,0
2020-10-29 08:00:00,0,0,0
2020-10-29 09:00:00,0,0,0
2020-10-29 10:00:00,0,0,0
2020-10-29 11:00:00,0,0,0
2020-10-29 12:00:00,0,0,0
2020-10-29 13:00:00,0,0,0
2020-10-29 14:00:00,0,0,0
2020-10-29 15:00:00,0,0,0
2020-10-29 16:00:00,0,0,0
2020-10-29 17:00:00,0,0,0
2020-10-29 18:00:00,0,0,0
2020-10-29 19:00:00,0,0,0
2020-10-29 20:00:00,0,0,0
2020-10-29 21:00:00,0,0,0
2020-10-29 22:00:00,0,0,0
2020-10-29 23:00:00,0,0,0
2020-10-30 00:00:00,0,0,0
2020-10-30 01:00:00,0,0,0
2020-10-30 02:00:00,0,0,0
2020-10-30 03:00:00,0,0,0
2020-10-30 04:00:00,0,0,0
2020-10-30 05:00:00,0,0,0
2020-10-30 06:00:00,0,0,0
2020-10-30 07:00:00,0,0,0
2020-10-30 08:00:00,0,0,0
2020-10-30 09:00:00,0,0,0
2020-10-30 10:00:00,0,0,0
2020-10-30 11:00:00,0,0,0
2020-10-30 12:00:00,0,0,0
2020-10-30 13:00:00,0,0,0
2020-10-30 14:00:00,0,0,0
2020-10-30 15:00:00,0,0,0
2020-10-30 16:00:00,0,0,0
2020-10-30 17:00:00,0,0,0
2020-10-30 18:00:00,0,0,0
2020-10-30 19:00:00,0,0,0
2020-10-30 20:00:00,0,0,0
2020-10-30 21:00:00,0,0,0
2020-10-30 22:00:00,0,0,0
2020-10-30 23:00:00,0,0,0
2020-10-31 00:00:00,0,0,0
2020-10-31 01:00:00,0,0,0
2020-10-31 02:00:00,0,0,0
2020-10-31 03:00:00,0,0,0
2020-10-31 04:00:00,0,0,0
2020-10-31 05:00:00,0,0,0
2020-10-31 06:00:00,0,0,0
2020-10-31 07:00:00,0,0,0
2020-10-31 08:00:00,0,0,0
2020-10-31 09:00:00,0,0,0
2020-10-31 10:00:00,0,0,0
2020-10-31 11:00:00,0,0,0
2020-10-31 12:00:00,0,0,0
2020-10-31 13:00:00,0,0,0
2020-10-31 14:00:00,0,0,0
2020-10-31 15:00:00,0,0,0
2020-10-31 16:00:00,0,0,0
2020-10-31 17:00:00,0,0,0
2020-10-31 18:00:00,0,0,0
2020-10-31 19:00:00,0,0,0
2020-10-31 20:00:00,0,0,0
2020-10-31 21:00:00,0,0,0
2020-10-31 22:00:00,0,0,0
2020-10-31 23:00:00,0,0,0
2020-11-01 00:00:00,0,0,0
2020-11-01 01:00:00,0,0,0
2020-11-01 02:00:00,0,0,0
2020-11-01 03:00:00,0,0,0
2020-11-01 04:00:00,0,0,0
2020-11-01 05:00:00,0,0,0
2020-11-01 06:00:00,0,0,0
2020-11-01 07:00:00,0,0,0
2020-11-01 08:00:00,0,0,0
2020-11-01 09:00:00,0,0,0
2020-11-01 10:00:00,0,0,0
2020-11-01 11:00:00,0,0,0
2020-11-01 12:00:00,0,0,0
2020-11-01 13:00:00,0,0,0
2020-11-01 14:00:00,0,0,0
2020-11-01 15:00:00,0,0,0
2020-11-01 16:00:00,0,0,0
2020-11-01 17:00:00,0,0,0
2020-11-01 18:00:00,0,0,0
2020-11-01 19:00:00,0,0,0
2020-11-01 20:00:00,0,0,0
2020-11-01 21:00:00,0,0,0
2020-11-01 22:00:00,0,0,0
2020-11-01 23:00:00,0,0,0
2020-11-02 00:00:00,0,0,0
2020-11-02 01:00:00,0,0,0
2020-11-02 02:00:00,0,0,0
2020-11-02 03:00:00,0,0,0
2020-11-02 04:00:00,0,0,0
2020-11-02 05:00:00,0,0,0
2020-11-02 06:00:00,0,0,0
2020-11-02 07:00:00,0,0,0
2020-11-02 08:00:00,0,0,0
2020-11-02 09:00:00,0,0,0
2020-11-02 10:00:00,0,0,0
2020-11-02 11:00:00,0,0,0
2020-11-02 12:00:00,0,0,0
2020-11-02 13:00:00,0,0,0
2020-11-02 14:00:00,0,0,0
2020-11-02 15:00:00,0,0,0
2020-11-02 16:00:00,0,0,0
2020-11-02 17:00:00,0,0,0
2020-11-02 18:00:00,0,0,0
2020-11-02 19:00:00,0,0,0
2020-11-02 20:00:00,0,0,0
2020-11-02 21:00:00,0,0,0
2020-11-02 22:00:00,0,0,0
2020-11-02 23:00:00,0,0,0
2020-11-03 00:00:00,0,0,0
2020-11-03 01:00:00,0,0,0
2020-11-03 02:00:00,0,0,0
2020-11-03 03:00:00,0,0,0
2020-11-03 04:00:00,0,0,0
2020-11-03 05:00:00,0,0,0
2020-11-03 06:00:00,0,0,0
2020-11-03 07:00:00,0,0,0
2020-11-03 08:00:00,0,0,0
2020-11-03 09:00:00,0,0,0
2020-11-03 10:00:00,0,0,0
2020-11-03 11:00:00,0,0,0
2020-11-03 12:00:00,0,0,0
2020-11-03 13:00:00,0,0,0
2020-11-03 14:00:00,0,0,0
2020-11-03 15:00:00,0,0,0
2020-11-03 16:00:00,0,0,0
2020-11-03 17:00:00,0,0,0
2020-11-03 18:00:00,0,0,0
2020-11-03 19:00:00,0,0,0
2020-11-03 20:00:00,0,0,0
2020-11-03 21:00:00,0,0,0
2020-11-03 22:00:00,0,0,0
2020-11-03 23:00:00,0,0,0
2020-11-04 00:00:00,0,0,0
2020-11-04 01:00:00,0,0,0
2020-11-04 02:00:00,0,0,0
2020-11-04 03:00:00,0,0,0
2020-11-04 04:00:00,0,0,0
2020-11-04 05:00:00,0,0,0
2020-11-04 06:00:00,0,0,0
2020-11-04 07:00:00,0,0,0
2020-11-04 08:00:00,0,0,0
2020-11-04 09:00:00,0,0,0
2020-11-04 10:00:00,0,0,0
2020-11-04 11:00:00,0,0,0
2020-11-04 12:00:00,0,0,0
2020-11-04 13:00:00,0,0,0
2020-11-04 14:00:00,0,0,0
2020-11-04 15:00:00,0,0,0
2020-11-04 16:00:00,0,0,0
2020-11-04 17:00:00,0,0,0
2020-11-04 18:00:00,0,0,0
2020-11-04 19:00:00,0,0,0
2020-11-04 20:00:00,0,0,0
2020-11-04 21:00:00,0,0,0
2020-11-04 22:00:00,0,0,0
2020-11-04 23:00:00,0,0,0
2020-11-05 00:00:00,0,0,0
2020-11-05 01:00:00,0,0,0
2020-11-05 02:00:00,0,0,0
2020-11-05 03:00:00,0,0,0
2020-11-05 04:00:00,0,0,0
2020-11-05 05:00:00,0,0,0
2020-11-05 06:00:00,0,0,0
2020-11-05 07:00:00,0,0,0
2020-11-05 08:00:00,0,0,0
2020-11-05 09:00:00,0,0,0
2020-11-05 10:00:00,0,0,0
2020-11-05 11:00:00,0,0,0
2020-11-05 12:00:00,0,0,0
2020-11-05 13:00:00,0,0,0
2020-11-05 14:00:00,0,0,0
2020-11-05 15:00:00,0,0,0
2020-11-05 16:00:00,0,0,0
2020-11-05 17:00:00,0,0,0
2020-11-05 18:00:00,0,0,0
2020-11-05 19:00:00,0,0,0
2020-11-05 20:00:00,0,0,0
2020-11-05 21:00:00,0,0,0
2020-11-05 22:00:00,0,0,0
2020-11-05 23:00:00,0,0,0
2020-11-06 00:00:00,0,0,0
2020-11-06 01:00:00,0,0,0
2020-11-06 02:00:00,0,0,0
2020-11-06 03:00:00,0,0,0
2020-11-06 04:00:00,0,0,0
2020-11-06 05:00:00,0,0,0
2020-11-06 06:00:00,0,0,0
2020-11-06 07:00:00,0,0,0
2020-11-06 08:00:00,0,0,0
2020-11-06 09:00:00,0,0,0
2020-11-06 10:00:00,0,0,0
2020-11-06 11:00:00,0,0,0
2020-11-06 12:00:00,0,0,0
2020-11-06 13:00:00,0,0,0
2020-11-06 14:00:00,0,0,0
2020-11-06 15:00:00,0,0,0
2020-11-06 16:00:00,0,0,0
2020-11-06 17:00:00,0,0,0
2020-11-06 18:00:00,0,0,0
2020-11-06 19:00:00,0,0,0
2020-11-06 20:00:00,0,0,0
2020-11-06 21:00:00,0,0,0
2020-11-06 22:00:00,0,0,0
2020-11-06 23:00:00,0,0,0
2020-11-07 00:00:00,0,0,0
2020-11-07 01:00:00,0,0,0
2020-11-07 02:00:00,0,0,0
2020-11-07 03:00:00,0,0,0
2020-11-07 04:00:00,0,0,0
2020-11-07 05:00:00,0,0,0
2020-11-07 06:00:00,0,0,0
2020-11-07 07:00:00,0,0,0
2020-11-07 08:00:00,0,0,0
2020-11-07 09:00:00,0,0,0
2020-11-07 10:00:00,0,0,0
2020-11-07 11:00:00,0,0,0
2020-11-07 12:00:00,0,0,0
2020-11-07 13:00:00,0,0,0
2020-11-07 14:00:00,0,0,0
2020-11-07 15:00:00,0,0,0
2020-11-07 16:00:00,0,0,0
2020-11-07 17:00:00,0,0,0
2020-11-07 18:00:00,0,0,0
2020-11-07 19:00:00,0,0,0
2020-11-07 20:00:00,0,0,0
2020-11-07 21:00:00,0,0,0
2020-11-07 22:00:00,0,0,0
2020-11-07 23:00:00,0,0,0
2020-11-08 00:00:00,0,0,0
2020-11-08 01:00:00,0,0,0
2020-11-08 02:00:00,0,0,0
2020-11-08 03:00:00,0,0,0
2020-11-08 04:00:00,0,0,0
2020-11-08 05:00:00,0,0,0
2020-11-08 06:00:00,0,0,0
2020-11-08 07:00:00,0,0,0
2020-11-08 08:00:00,0,0,0
2020-11-08 09:00:00,0,0,0
2020-11-08 10:00:00,0,0,0
2020-11-08 11:00:00,0,0,0
2020-11-08 12:00:00,0,0,0
2020-11-08 13:00:00,0,0,0
2020-11-08 14:00:00,0,0,0
2020-11-08 15:00:00,0,0,0
2020-11-08 16:00:00,0,0,0
2020-11-08 17:00:00,0,0,0
2020-11-08 18:00:00,0,0,0
2020-11-08 19:00:00,0,0,0
2020-11-08 20:00:00,0,0,0
2020-11-08 21:00:00,0,0,0
2020-11-08 22:00:00,0,0,0
2020-11-08 23:00:00,0,0,0
2020-11-09 00:00:00,0,0,0
2020-11-09 01:00:00,0,0,0
2020-11-09 02:00:00,0,0,0
2020-11-09 03:00:00,0,0,0
2020-11-09 04:00:00,0,0,0
2020-11-09 05:00:00,0,0,0
2020-11-09 06:00:00,0,0,0
2020-11-09 07:00:00,0,0,0
2020-11-09 08:00:00,0,0,0
2020-11-09 09:00:00,0,0,0
2020-11-09 10:00:00,0,0,0
2020-11-09 11:00:00,0,0,0
2020-11-09 12:00:00,0,0,0
2020-11-09 13:00:00,0,0,0
2020-11-09 14:00:00,0,0,0
2020-11-09 15:00:00,0,0,0
2020-11-09 16:00:00,0,0,0
2020-11-09 17:00:00,0,0,0
2020-11-09 18:00:00,0,0,0
2020-11-09 19:00:00,0,0,0
2020-11-09 20:00:00,0,0,0
2020-11-09 21:00:00,0,0,0
2020-11-09 22:00:00,0,0,0
2020-11-09 23:00:00,0,0,0
2020-11-10 00:00:00,0,0,0
2020-11-10 01:00:00,0,0,0
2020-11-10 02:00:00,0,0,0
2020-11-10 03:00:00,0,0,0
2020-11-10 04:00:00,0,0,0
2020-11-10 05:00:00,0,0,0
2020-11-10 06:00:00,0,0,0
2020-11-10 07:00:00,0,0,0
2020-11-10 08:00:00,0,0,0
2020-11-10 09:00:00,0,0,0
2020-11-10 10:00:00,0,0,0
2020-11-10 11:00:00,0,0,0
2020-11-10 12:00:00,0,0,0
2020-11-10 13:00:00,2,0,2
2020-11-10 14:00:00,0,0,0
2020-11-10 15:00:00,0,0,0
2020-11-10 16:00:00,0,0,0
2020-11-10 17:00:00,0,0,0
2020-11-10 18:00:00,0,0,0
2020-11-10 19:00:00,0,0,0
2020-11-10 20:00:00,0,0,0
2020-11-10 21:00:00,0,0,0
2020-11-10 22:00:00,0,0,0
2020-11-10 23:00:00,0,0,0
2020-11-11 00:00:00,0,0,0
2020-11-11 01:00:00,0,0,0
2020-11-11 02:00:00,0,0,0
2020-11-11 03:00:00,0,0,0
2020-11-11 04:00:00,0,0,0
2020-11-11 05:00:00,0,0,0
2020-11-11 06:00:00,0,0,0
2020-11-11 07:00:00,0,0,0
2020-11-11 08:00:00,0,0,0
2020-11-11 09:00:00,0,0,0
2020-11-11 10:00:00,0,0,0
2020-11-11 11:00:00,0,0,0
2020-11-11 12:00:00,0,0,0
2020-11-11 13:00:00,0,0,0
2020-11-11 14:00:00,0,0,0
2020-11-11 15:00:00,0,0,0
2020-11-11 16:00:00,0,0,0
2020-11-11 17:00:00,0,0,0
2020-11-11 18:00:00,0,0,0
2020-11-11 19:00:00,0,0,0
2020-11-11 20:00:00,0,0,0
2020-11-11 21:00:00,0,0,0
2020-11-11 22:00:00,0,0,0
2020-11-11 23:00:00,0,0,0
2020-11-12 00:00:00,0,0,0
2020-11-12 01:00:00,0,0,0
2020-11-12 02:00:00,0,0,0
2020-11-12 03:00:00,0,0,0
2020-11-12 04:00:00,0,0,0
2020-11-12 05:00:00,0,0,0
2020-11-12 06:00:00,0,0,0
2020-11-12 07:00:00,0,0,0
2020-11-12 08:00:00,0,0,0
2020-11-12 09:00:00,0,0,0
2020-11-12 10:00:00,0,0,0
2020-11-12 11:00:00,0,0,0
2020-11-12 12:00:00,0,0,0
2020-11-12 13:00:00,0,0,0
2020-11-12 14:00:00,0,0,0
2020-11-12 15:00:00,0,0,0
2020-11-12 16:00:00,0,0,0
2020-11-12 17:00:00,0,0,0
2020-11-12 18:00:00,0,0,0
2020-11-12 19:00:00,0,0,0
2020-11-12 20:00:00,0,0,0
2020-11-12 21:00:00,0,0,0
2020-11-12 22:00:00,0,0,0
2020-11-12 23:00:00,0,0,0
2020-11-13 00:00:00,0,0,0
2020-11-13 01:00:00,0,0,0
2020-11-13 02:00:00,0,0,0
2020-11-13 03:00:00,0,0,0
2020-11-13 04:00:00,0,0,0
2020-11-13 05:00:00,0,0,0
2020-11-13 06:00:00,0,0,0
2020-11-13 07:00:00,0,0,0
2020-11-13 08:00:00,0,0,0
2020-11-13 09:00:00,0,0,0
2020-11-13 10:00:00,0,0,0
2020-11-13 11:00:00,0,0,0
2020-11-13 12:00:00,0,0,0
2020-11-13 13:00:00,0,0,0
2020-11-13 14:00:00,0,0,0
2020-11-13 15:00:00,0,0,0
2020-11-13 16:00:00,0,0,0
2020-11-13 17:00:00,0,0,0
2020-11-13 18:00:00,0,0,0
2020-11-13 19:00:00,0,0,0
2020-11-13 20:00:00,0,0,0
2020-11-13 21:00:00,0,0,0
2020-11-13 22:00:00,0,0,0
2020-11-13 23:00:00,0,0,0
2020-11-14 00:00:00,0,0,0
2020-11-14 01:00:00,0,0,0
2020-11-14 02:00:00,0,0,0
2020-11-14 03:00:00,0,0,0
2020-11-14 04:00:00,0,0,0
2020-11-14 05:00:00,0,0,0
2020-11-14 06:00:00,0,0,0
2020-11-14 07:00:00,0,0,0
2020-11-14 08:00:00,0,0,0
2020-11-14 09:00:00,0,0,0
2020-11-14 10:00:00,0,0,0
2020-11-14 11:00:00,0,0,0
2020-11-14 12:00:00,0,0,0
2020-11-14 13:00:00,0,0,0
2020-11-14 14:00:00,0,0,0
2020-11-14 15:00:00,0,0,0
2020-11-14 16:00:00,0,0,0
2020-11-14 17:00:00,0,0,0
2020-11-14 18:00:00,0,0,0
2020-11-14 19:00:00,0,0,0
2020-11-14 20:00:00,0,0,0
2020-11-14 21:00:00,0,0,0
2020-11-14 22:00:00,0,0,0
2020-11-14 23:00:00,0,0,0
2020-11-15 00:00:00,0,0,0
2020-11-15 01:00:00,0,0,0
2020-11-15 02:00:00,0,0,0
2020-11-15 03:00:00,0,0,0
2020-11-15 04:00:00,0,0,0
2020-11-15 05:00:00,0,0,0
2020-11-15 06:00:00,0,0,0
2020-11-15 07:00:00,0,0,0
2020-11-15 08:00:00,0,0,0
2020-11-15 09:00:00,0,0,0
2020-11-15 10:00:00,0,0,0
2020-11-15 11:00:00,0,0,0
2020-11-15 12:00:00,0,0,0
2020-11-15 13:00:00,0,0,0
2020-11-15 14:00:00,0,0,0
2020-11-15 15:00:00,0,0,0
2020-11-15 16:00:00,0,0,0
2020-11-15 17:00:00,0,0,0
2020-11-15 18:00:00,0,0,0
2020-11-15 19:00:00,0,0,0
2020-11-15 20:00:00,0,0,0
2020-11-15 21:00:00,0,0,0
2020-11-15 22:00:00,0,0,0
2020-11-15 23:00:00,0,0,0
2020-11-16 00:00:00,0,0,0
2020-11-16 01:00:00,0,0,0
2020-11-16 02:00:00,0,0,0
2020-11-16 03:00:00,0,0,0
2020-11-16 04:00:00,0,0,0
2020-11-16 05:00:00,0,0,0
2020-11-16 06:00:00,0,0,0
2020-11-16 07:00:00,0,0,0
2020-11-16 08:00:00,0,0,0
2020-11-16 09:00:00,0,0,0
2020-11-16 10:00:00,0,0,0
2020-11-16 11:00:00,0,0,0
2020-11-16 12:00:00,0,0,0
2020-11-16 13:00:00,0,0,0
2020-11-16 14:00:00,0,0,0
2020-11-16 15:00:00,0,0,0
2020-11-16 16:00:00,0,0,0
2020-11-16 17:00:00,0,0,0
2020-11-16 18:00:00,0,0,0
2020-11-16 19:00:00,0,0,0
2020-11-16 20:00:00,0,0,0
2020-11-16 21:00:00,0,0,0
2020-11-16 22:00:00,0,0,0
2020-11-16 23:00:00,0,0,0
2020-11-17 00:00:00,0,0,0
2020-11-17 01:00:00,0,0,0
2020-11-17 02:00:00,0,0,0
2020-11-17 03:00:00,0,0,0
2020-11-17 04:00:00,0,0,0
2020-11-17 05:00:00,0,0,0
2020-11-17 06:00:00,0,0,0
2020-11-17 07:00:00,0,0,0
2020-11-17 08:00:00,0,0,0
2020-11-17 09:00:00,0,0,0
2020-11-17 10:00:00,0,0,0
2020-11-17 11:00:00,0,0,0
2020-11-17 12:00:00,0,0,0
2020-11-17 13:00:00,0,0,0
2020-11-17 14:00:00,0,0,0
2020-11-17 15:00:00,0,0,0
2020-11-17 16:00:00,0,0,0
2020-11-17 17:00:00,0,0,0
2020-11-17 18:00:00,0,0,0
2020-11-17 19:00:00,0,0,0
2020-11-17 20:00:00,0,0,0
2020-11-17 21:00:00,0,0,0
2020-11-17 22:00:00,0,0,0
2020-11-17 23:00:00,0,0,0
2020-11-18 00:00:00,0,0,0
2020-11-18 01:00:00,0,0,0
2020-11-18 02:00:00,0,0,0
2020-11-18 03:00:00,0,0,0
2020-11-18 04:00:00,0,0,0
2020-11-18 05:00:00,0,0,0
2020-11-18 06:00:00,0,0,0
2020-11-18 07:00:00,0,0,0
2020-11-18 08:00:00,0,0,0
2020-11-18 09:00:00,0,0,0
2020-11-18 10:00:00,0,0,0
2020-11-18 11:00:00,0,0,0
2020-11-18 12:00:00,0,0,0
2020-11-18 13:00:00,0,0,0
2020-11-18 14:00:00,0,0,0
2020-11-18 15:00:00,8,7,1
2020-11-18 16:00:00,50,37,13
2020-11-18 17:00:00,61,44,17
2020-11-18 18:00:00,35,25,10
2020-11-18 19:00:00,21,18,3
2020-11-18 20:00:00,11,7,4
2020-11-18 21:00:00,10,5,5
2020-11-18 22:00:00,5,1,4
2020-11-18 23:00:00,3,2,1
2020-11-19 00:00:00,0,0,0
2020-11-19 01:00:00,0,0,0
2020-11-19 02:00:00,0,0,0
2020-11-19 03:00:00,1,0,1
2020-11-19 04:00:00,9,4,5
2020-11-19 05:00:00,10,6,4
2020-11-19 06:00:00,25,12,13
2020-11-19 07:00:00,67,18,49
2020-11-19 08:00:00,64,16,48
2020-11-19 09:00:00,47,8,39
2020-11-19 10:00:00,39,18,21
2020-11-19 11:00:00,30,11,19
2020-11-19 12:00:00,50,26,24
2020-11-19 13:00:00,36,17,19
2020-11-19 14:00:00,43,24,19
2020-11-19 15:00:00,75,44,31
2020-11-19 16:00:00,96,64,32
2020-11-19 17:00:00,70,53,17
2020-11-19 18:00:00,38,23,15
2020-11-19 19:00:00,24,19,5
2020-11-19 20:00:00,30,19,11
2020-11-19 21:00:00,13,9,4
2020-11-19 22:00:00,9,4,5
2020-11-19 23:00:00,7,3,4
2020-11-20 00:00:00,2,2,0
2020-11-20 01:00:00,1,0,1
2020-11-20 02:00:00,0,0,0
2020-11-20 03:00:00,1,0,1
2020-11-20 04:00:00,6,3,3
2020-11-20 05:00:00,12,5,7
2020-11-20 06:00:00,27,10,17
2020-11-20 07:00:00,42,18,24
2020-11-20 08:00:00,50,10,40
2020-11-20 09:00:00,37,7,30
2020-11-20 10:00:00,22,6,16
2020-11-20 11:00:00,20,11,9
2020-11-20 12:00:00,26,11,15
2020-11-20 13:00:00,23,14,9
2020-11-20 14:00:00,39,25,14
2020-11-20 15:00:00,66,38,28
2020-11-20 16:00:00,59,31,28
2020-11-20 17:00:00,83,54,29
2020-11-20 18:00:00,37,24,13
2020-11-20 19:00:00,20,14,6
2020-11-20 20:00:00,19,13,6
2020-11-20 21:00:00,17,9,8
2020-11-20 22:00:00,7,4,3
2020-11-20 23:00:00,6,3,3
2020-11-21 00:00:00,6,4,2
2020-11-21 01:00:00,3,1,2
2020-11-21 02:00:00,4,2,2
2020-11-21 03:00:00,1,0,1
2020-11-21 04:00:00,5,3,2
2020-11-21 05:00:00,5,1,4
2020-11-21 06:00:00,6,2,4
2020-11-21 07:00:00,9,5,4
2020-11-21 08:00:00,23,10,13
2020-11-21 09:00:00,35,12,23
2020-11-21 10:00:00,74,45,29
2020-11-21 11:00:00,123,78,45
2020-11-21 12:00:00,125,67,58
2020-11-21 13:00:00,192,97,95
2020-11-21 14:00:00,185,99,86
2020-11-21 15:00:00,170,105,65
2020-11-21 16:00:00,142,58,84
2020-11-21 17:00:00,50,23,27
2020-11-21 18:00:00,26,14,12
2020-11-21 19:00:00,11,5,6
2020-11-21 20:00:00,9,5,4
2020-11-21 21:00:00,8,7,1
2020-11-21 22:00:00,5,3,2
2020-11-21 23:00:00,9,3,6
2020-11-22 00:00:00,3,0,3
2020-11-22 01:00:00,2,1,1
2020-11-22 02:00:00,2,0,2
2020-11-22 03:00:00,1,1,0
2020-11-22 04:00:00,0,0,0
2020-11-22 05:00:00,5,1,4
2020-11-22 06:00:00,3,0,3
2020-11-22 07:00:00,8,4,4
2020-11-22 08:00:00,18,11,7
2020-11-22 09:00:00,44,23,21
2020-11-22 10:00:00,53,23,30
2020-11-22 11:00:00,66,36,30
2020-11-22 12:00:00,55,21,34
2020-11-22 13:00:00,54,29,25
2020-11-22 14:00:00,49,30,19
2020-11-22 15:00:00,27,10,17
2020-11-22 16:00:00,25,10,15
2020-11-22 17:00:00,12,8,4
2020-11-22 18:00:00,9,5,4
2020-11-22 19:00:00,5,3,2
2020-11-22 20:00:00,5,4,1
2020-11-22 21:00:00,4,2,2
2020-11-22 22:00:00,2,2,0
2020-11-22 23:00:00,4,4,0
2020-11-23 00:00:00,0,0,0
2020-11-23 01:00:00,0,0,0
2020-11-23 02:00:00,0,0,0
2020-11-23 03:00:00,1,0,1
2020-11-23 04:00:00,1,1,0
2020-11-23 05:00:00,7,0,7
2020-11-23 06:00:00,21,14,7
2020-11-23 07:00:00,44,7,37
2020-11-23 08:00:00,56,10,46
2020-11-23 09:00:00,30,3,27
2020-11-23 10:00:00,18,4,14
2020-11-23 11:00:00,14,5,9
2020-11-23 12:00:00,23,12,11
2020-11-23 13:00:00,27,15,12
2020-11-23 14:00:00,50,29,21
2020-11-23 15:00:00,64,30,34
2020-11-23 16:00:00,64,43,21
2020-11-23 17:00:00,74,58,16
2020-11-23 18:00:00,43,28,15
2020-11-23 19:00:00,28,22,6
2020-11-23 20:00:00,8,7,1
2020-11-23 21:00:00,9,5,4
2020-11-23 22:00:00,8,6,2
2020-11-23 23:00:00,2,1,1
2020-11-24 00:00:00,0,0,0
2020-11-24 01:00:00,1,1,0
2020-11-24 02:00:00,0,0,0
2020-11-24 03:00:00,1,0,1
2020-11-24 04:00:00,1,0,1
2020-11-24 05:00:00,8,3,5
2020-11-24 06:00:00,21,11,10
2020-11-24 07:00:00,43,11,32
2020-11-24 08:00:00,54,12,42
2020-11-24 09:00:00,29,5,24
2020-11-24 10:00:00,29,12,17
2020-11-24 11:00:00,20,11,9
2020-11-24 12:00:00,19,10,9
2020-11-24 13:00:00,22,11,11
2020-11-24 14:00:00,23,11,12
2020-11-24 15:00:00,37,24,13
2020-11-24 16:00:00,40,30,10
2020-11-24 17:00:00,53,44,9
2020-11-24 18:00:00,25,19,6
2020-11-24 19:00:00,16,13,3
2020-11-24 20:00:00,9,8,1
2020-11-24 21:00:00,8,4,4
2020-11-24 22:00:00,1,0,1
2020-11-24 23:00:00,5,3,2
2020-11-25 00:00:00,3,1,2
2020-11-25 01:00:00,1,1,0
2020-11-25 02:00:00,0,0,0
2020-11-25 03:00:00,0,0,0
2020-11-25 04:00:00,4,2,2
2020-11-25 05:00:00,4,1,3
2020-11-25 06:00:00,18,9,9
2020-11-25 07:00:00,42,10,32
2020-11-25 08:00:00,58,10,48
2020-11-25 09:00:00,48,15,33
2020-11-25 10:00:00,42,19,23
2020-11-25 11:00:00,42,21,21
2020-11-25 12:00:00,60,35,25
2020-11-25 13:00:00,56,36,20
2020-11-25 14:00:00,92,54,38
2020-11-25 15:00:00,103,57,46
2020-11-25 16:00:00,99,56,43
2020-11-25 17:00:00,56,37,19
2020-11-25 18:00:00,28,13,15
2020-11-25 19:00:00,22,16,6
2020-11-25 20:00:00,16,14,2
2020-11-25 21:00:00,9,6,3
2020-11-25 22:00:00,6,2,4
2020-11-25 23:00:00,5,3,2
2020-11-26 00:00:00,1,0,1
2020-11-26 01:00:00,0,0,0
2020-11-26 02:00:00,3,3,0
2020-11-26 03:00:00,0,0,0
2020-11-26 04:00:00,1,1,0
2020-11-26 05:00:00,3,1,2
2020-11-26 06:00:00,3,2,1
2020-11-26 07:00:00,7,3,4
2020-11-26 08:00:00,23,12,11
2020-11-26 09:00:00,28,14,14
2020-11-26 10:00:00,29,21,8
2020-11-26 11:00:00,28,12,16
2020-11-26 12:00:00,43,27,16
2020-11-26 13:00:00,35,14,21
2020-11-26 14:00:00,56,35,21
2020-11-26 15:00:00,35,15,20
2020-11-26 16:00:00,22,10,12
2020-11-26 17:00:00,3,2,1
2020-11-26 18:00:00,13,4,9
2020-11-26 19:00:00,7,4,3
2020-11-26 20:00:00,2,1,1
2020-11-26 21:00:00,5,5,0
2020-11-26 22:00:00,2,0,2
2020-11-26 23:00:00,2,1,1
2020-11-27 00:00:00,1,1,0
2020-11-27 01:00:00,2,2,0
2020-11-27 02:00:00,0,0,0
2020-11-27 03:00:00,0,0,0
2020-11-27 04:00:00,1,1,0
2020-11-27 05:00:00,5,1,4
2020-11-27 06:00:00,9,2,7
2020-11-27 07:00:00,20,10,10
2020-11-27 08:00:00,27,14,13
2020-11-27 09:00:00,46,21,25
2020-11-27 10:00:00,68,30,38
2020-11-27 11:00:00,64,36,28
2020-11-27 12:00:00,103,49,54
2020-11-27 13:00:00,180,83,97
2020-11-27 14:00:00,130,78,52
2020-11-27 15:00:00,141,78,63
2020-11-27 16:00:00,91,45,46
2020-11-27 17:00:00,33,16,17
2020-11-27 18:00:00,21,13,8
2020-11-27 19:00:00,23,13,10
2020-11-27 20:00:00,7,3,4
2020-11-27 21:00:00,4,4,0
2020-11-27 22:00:00,3,1,2
2020-11-27 23:00:00,1,1,0
2020-11-28 00:00:00,3,2,1
2020-11-28 01:00:00,1,1,0
2020-11-28 02:00:00,0,0,0
2020-11-28 03:00:00,0,0,0
2020-11-28 04:00:00,0,0,0
2020-11-28 05:00:00,4,1,3
2020-11-28 06:00:00,2,2,0
2020-11-28 07:00:00,10,6,4
2020-11-28 08:00:00,20,12,8
2020-11-28 09:00:00,20,8,12
2020-11-28 10:00:00,23,10,13
2020-11-28 11:00:00,28,17,11
2020-11-28 12:00:00,49,24,25
2020-11-28 13:00:00,34,18,16
2020-11-28 14:00:00,65,38,27
2020-11-28 15:00:00,71,38,33
2020-11-28 16:00:00,48,26,22
2020-11-28 17:00:00,32,16,16
2020-11-28 18:00:00,11,1,10
2020-11-28 19:00:00,9,4,5
2020-11-28 20:00:00,9,4,5
2020-11-28 21:00:00,12,6,6
2020-11-28 22:00:00,7,3,4
2020-11-28 23:00:00,1,0,1
2020-11-29 00:00:00,1,1,0
2020-11-29 01:00:00,0,0,0
2020-11-29 02:00:00,1,1,0
2020-11-29 03:00:00,0,0,0
2020-11-29 04:00:00,0,0,0
2020-11-29 05:00:00,5,1,4
2020-11-29 06:00:00,1,0,1
2020-11-29 07:00:00,8,7,1
2020-11-29 08:00:00,16,5,11
2020-11-29 09:00:00,29,12,17
2020-11-29 10:00:00,38,20,18
2020-11-29 11:00:00,46,22,24
2020-11-29 12:00:00,117,60,57
2020-11-29 13:00:00,106,59,47
2020-11-29 14:00:00,168,106,62
2020-11-29 15:00:00,179,79,100
2020-11-29 16:00:00,96,44,52
2020-11-29 17:00:00,38,16,22
2020-11-29 18:00:00,17,9,8
2020-11-29 19:00:00,10,8,2
2020-11-29 20:00:00,5,2,3
2020-11-29 21:00:00,5,3,2
2020-11-29 22:00:00,4,2,2
2020-11-29 23:00:00,3,2,1
2020-11-30 00:00:00,3,1,2
2020-11-30 01:00:00,0,0,0
2020-11-30 02:00:00,0,0,0
2020-11-30 03:00:00,0,0,0
2020-11-30 04:00:00,0,0,0
2020-11-30 05:00:00,7,3,4
2020-11-30 06:00:00,10,5,5
2020-11-30 07:00:00,38,7,31
2020-11-30 08:00:00,51,9,42
2020-11-30 09:00:00,39,10,29
2020-11-30 10:00:00,31,9,22
2020-11-30 11:00:00,32,13,19
2020-11-30 12:00:00,40,23,17
2020-11-30 13:00:00,55,22,33
2020-11-30 14:00:00,67,34,33
2020-11-30 15:00:00,88,52,36
2020-11-30 16:00:00,78,55,23
2020-11-30 17:00:00,61,40,21
2020-11-30 18:00:00,42,32,10
2020-11-30 19:00:00,27,19,8
2020-11-30 20:00:00,14,8,6
2020-11-30 21:00:00,3,3,0
2020-11-30 22:00:00,7,5,2
2020-11-30 23:00:00,4,3,1
2020-12-01 00:00:00,0,0,0
2020-12-01 01:00:00,0,0,0
2020-12-01 02:00:00,1,1,0
2020-12-01 03:00:00,1,0,1
2020-12-01 04:00:00,0,0,0
2020-12-01 05:00:00,15,6,9
2020-12-01 06:00:00,22,9,13
2020-12-01 07:00:00,74,19,55
2020-12-01 08:00:00,70,13,57
2020-12-01 09:00:00,55,12,43
2020-12-01 10:00:00,33,7,26
2020-12-01 11:00:00,43,18,25
2020-12-01 12:00:00,50,32,18
2020-12-01 13:00:00,54,24,30
2020-12-01 14:00:00,73,35,38
2020-12-01 15:00:00,83,53,30
2020-12-01 16:00:00,116,79,37
2020-12-01 17:00:00,88,63,25
2020-12-01 18:00:00,56,32,24
2020-12-01 19:00:00,31,23,8
2020-12-01 20:00:00,17,14,3
2020-12-01 21:00:00,12,4,8
2020-12-01 22:00:00,11,5,6
2020-12-01 23:00:00,6,3,3
2020-12-02 00:00:00,2,2,0
2020-12-02 01:00:00,0,0,0
2020-12-02 02:00:00,0,0,0
2020-12-02 03:00:00,1,0,1
2020-12-02 04:00:00,1,1,0
2020-12-02 05:00:00,10,6,4
2020-12-02 06:00:00,29,12,17
2020-12-02 07:00:00,61,15,46
2020-12-02 08:00:00,62,16,46
2020-12-02 09:00:00,41,9,32
2020-12-02 10:00:00,54,15,39
2020-12-02 11:00:00,32,13,19
2020-12-02 12:00:00,61,35,26
2020-12-02 13:00:00,64,30,34
2020-12-02 14:00:00,90,54,36
2020-12-02 15:00:00,119,80,39
2020-12-02 16:00:00,95,62,33
2020-12-02 17:00:00,86,53,33
2020-12-02 18:00:00,55,38,17
2020-12-02 19:00:00,14,11,3
2020-12-02 20:00:00,14,11,3
2020-12-02 21:00:00,8,7,1
2020-12-02 22:00:00,8,3,5
2020-12-02 23:00:00,2,0,2
2020-12-03 00:00:00,3,2,1
2020-12-03 01:00:00,0,0,0
2020-12-03 02:00:00,0,0,0
2020-12-03 03:00:00,1,0,1
2020-12-03 04:00:00,4,2,2
2020-12-03 05:00:00,18,8,10
2020-12-03 06:00:00,25,6,19
2020-12-03 07:00:00,50,18,32
2020-12-03 08:00:00,72,15,57
2020-12-03 09:00:00,45,10,35
2020-12-03 10:00:00,40,10,30
2020-12-03 11:00:00,36,19,17
2020-12-03 12:00:00,52,28,24
2020-12-03 13:00:00,33,15,18
2020-12-03 14:00:00,51,32,19
2020-12-03 15:00:00,64,40,24
2020-12-03 16:00:00,88,66,22
2020-12-03 17:00:00,84,52,32
2020-12-03 18:00:00,41,34,7
2020-12-03 19:00:00,27,21,6
2020-12-03 20:00:00,16,9,7
2020-12-03 21:00:00,17,9,8
2020-12-03 22:00:00,6,2,4
2020-12-03 23:00:00,4,2,2
2020-12-04 00:00:00,2,1,1
2020-12-04 01:00:00,3,2,1
2020-12-04 02:00:00,0,0,0
2020-12-04 03:00:00,1,0,1
2020-12-04 04:00:00,4,2,2
2020-12-04 05:00:00,12,6,6
2020-12-04 06:00:00,20,5,15
2020-12-04 07:00:00,49,15,34
2020-12-04 08:00:00,63,15,48
2020-12-04 09:00:00,52,10,42
2020-12-04 10:00:00,46,15,31
2020-12-04 11:00:00,51,26,25
2020-12-04 12:00:00,66,27,39
2020-12-04 13:00:00,75,48,27
2020-12-04 14:00:00,81,48,33
2020-12-04 15:00:00,131,79,52
2020-12-04 16:00:00,104,72,32
2020-12-04 17:00:00,93,57,36
2020-12-04 18:00:00,43,26,17
2020-12-04 19:00:00,40,22,18
2020-12-04 20:00:00,21,13,8
2020-12-04 21:00:00,9,3,6
2020-12-04 22:00:00,8,3,5
2020-12-04 23:00:00,7,5,2
2020-12-05 00:00:00,1,1,0
2020-12-05 01:00:00,1,1,0
2020-12-05 02:00:00,0,0,0
2020-12-05 03:00:00,0,0,0
2020-12-05 04:00:00,6,2,4
2020-12-05 05:00:00,6,2,4
2020-12-05 06:00:00,4,2,2
2020-12-05 07:00:00,11,3,8
2020-12-05 08:00:00,17,4,13
2020-12-05 09:00:00,38,22,16
2020-12-05 10:00:00,70,35,35
2020-12-05 11:00:00,116,66,50
2020-12-05 12:00:00,148,81,67
2020-12-05 13:00:00,179,104,75
2020-12-05 14:00:00,203,102,101
2020-12-05 15:00:00,204,102,102
2020-12-05 16:00:00,126,34,92
2020-12-05 17:00:00,43,24,19
2020-12-05 18:00:00,17,9,8
2020-12-05 19:00:00,16,5,11
2020-12-05 20:00:00,6,5,1
2020-12-05 21:00:00,6,3,3
2020-12-05 22:00:00,2,1,1
2020-12-05 23:00:00,2,2,0
2020-12-06 00:00:00,4,3,1
2020-12-06 01:00:00,0,0,0
2020-12-06 02:00:00,1,1,0
2020-12-06 03:00:00,2,1,1
2020-12-06 04:00:00,1,0,1
2020-12-06 05:00:00,6,1,5
2020-12-06 06:00:00,4,2,2
2020-12-06 07:00:00,7,4,3
2020-12-06 08:00:00,11,4,7
2020-12-06 09:00:00,37,16,21
2020-12-06 10:00:00,46,21,25
2020-12-06 11:00:00,63,36,27
2020-12-06 12:00:00,103,60,43
2020-12-06 13:00:00,87,47,40
2020-12-06 14:00:00,111,62,49
2020-12-06 15:00:00,97,46,51
2020-12-06 16:00:00,68,24,44
2020-12-06 17:00:00,34,16,18
2020-12-06 18:00:00,17,11,6
2020-12-06 19:00:00,12,8,4
2020-12-06 20:00:00,15,6,9
2020-12-06 21:00:00,5,3,2
2020-12-06 22:00:00,9,1,8
2020-12-06 23:00:00,5,3,2
2020-12-07 00:00:00,1,0,1
2020-12-07 01:00:00,1,0,1
2020-12-07 02:00:00,0,0,0
2020-12-07 03:00:00,2,1,1
2020-12-07 04:00:00,6,4,2
2020-12-07 05:00:00,11,5,6
2020-12-07 06:00:00,29,10,19
2020-12-07 07:00:00,51,14,37
2020-12-07 08:00:00,66,15,51
2020-12-07 09:00:00,47,7,40
2020-12-07 10:00:00,32,12,20
2020-12-07 11:00:00,29,13,16
2020-12-07 12:00:00,35,19,16
2020-12-07 13:00:00,51,25,26
2020-12-07 14:00:00,69,40,29
2020-12-07 15:00:00,78,49,29
2020-12-07 16:00:00,87,55,32
2020-12-07 17:00:00,84,57,27
2020-12-07 18:00:00,53,34,19
2020-12-07 19:00:00,22,13,9
2020-12-07 20:00:00,17,10,7
2020-12-07 21:00:00,14,9,5
2020-12-07 22:00:00,10,3,7
2020-12-07 23:00:00,5,4,1
2020-12-08 00:00:00,1,0,1
2020-12-08 01:00:00,0,0,0
2020-12-08 02:00:00,0,0,0
2020-12-08 03:00:00,1,0,1
2020-12-08 04:00:00,4,2,2
2020-12-08 05:00:00,10,4,6
2020-12-08 06:00:00,23,7,16
2020-12-08 07:00:00,53,11,42
2020-12-08 08:00:00,51,13,38
2020-12-08 09:00:00,39,7,32
2020-12-08 10:00:00,23,8,15
2020-12-08 11:00:00,22,10,12
2020-12-08 12:00:00,17,10,7
2020-12-08 13:00:00,11,5,6
2020-12-08 14:00:00,25,16,9
2020-12-08 15:00:00,22,19,3
2020-12-08 16:00:00,46,33,13
2020-12-08 17:00:00,67,52,15
2020-12-08 18:00:00,29,26,3
2020-12-08 19:00:00,11,10,1
2020-12-08 20:00:00,7,6,1
2020-12-08 21:00:00,6,4,2
2020-12-08 22:00:00,4,3,1
2020-12-08 23:00:00,8,3,5
2020-12-09 00:00:00,0,0,0
2020-12-09 01:00:00,2,2,0
2020-12-09 02:00:00,0,0,0
2020-12-09 03:00:00,1,0,1
2020-12-09 04:00:00,2,1,1
2020-12-09 05:00:00,13,6,7
2020-12-09 06:00:00,29,8,21
2020-12-09 07:00:00,53,14,39
2020-12-09 08:00:00,45,10,35
2020-12-09 09:00:00,33,8,25
2020-12-09 10:00:00,27,9,18
2020-12-09 11:00:00,28,8,20
2020-12-09 12:00:00,31,17,14
2020-12-09 13:00:00,37,23,14
2020-12-09 14:00:00,68,43,25
2020-12-09 15:00:00,73,47,26
2020-12-09 16:00:00,94,60,34
2020-12-09 17:00:00,69,55,14
2020-12-09 18:00:00,43,27,16
2020-12-09 19:00:00,23,17,6
2020-12-09 20:00:00,17,10,7
2020-12-09 21:00:00,6,4,2
2020-12-09 22:00:00,11,5,6
2020-12-09 23:00:00,6,4,2
2020-12-10 00:00:00,0,0,0
2020-12-10 01:00:00,2,1,1
2020-12-10 02:00:00,1,0,1
2020-12-10 03:00:00,1,0,1
2020-12-10 04:00:00,4,2,2
2020-12-10 05:00:00,13,7,6
2020-12-10 06:00:00,28,6,22
2020-12-10 07:00:00,55,13,42
2020-12-10 08:00:00,54,14,40
2020-12-10 09:00:00,37,9,28
2020-12-10 10:00:00,30,10,20
2020-12-10 11:00:00,25,10,15
2020-12-10 12:00:00,37,17,20
2020-12-10 13:00:00,48,26,22
2020-12-10 14:00:00,54,30,24
2020-12-10 15:00:00,73,42,31
2020-12-10 16:00:00,81,58,23
2020-12-10 17:00:00,66,46,20
2020-12-10 18:00:00,47,26,21
2020-12-10 19:00:00,29,24,5
2020-12-10 20:00:00,13,11,2
2020-12-10 21:00:00,13,5,8
2020-12-10 22:00:00,2,0,2
2020-12-10 23:00:00,3,3,0
2020-12-11 00:00:00,5,5,0
2020-12-11 01:00:00,0,0,0
2020-12-11 02:00:00,0,0,0
2020-12-11 03:00:00,1,0,1
2020-12-11 04:00:00,3,1,2
2020-12-11 05:00:00,13,7,6
2020-12-11 06:00:00,22,4,18
2020-12-11 07:00:00,43,11,32
2020-12-11 08:00:00,60,12,48
2020-12-11 09:00:00,40,8,32
2020-12-11 10:00:00,24,8,16
2020-12-11 11:00:00,25,8,17
2020-12-11 12:00:00,37,21,16
2020-12-11 13:00:00,57,24,33
2020-12-11 14:00:00,62,40,22
2020-12-11 15:00:00,87,53,34
2020-12-11 16:00:00,87,65,22
2020-12-11 17:00:00,74,51,23
2020-12-11 18:00:00,42,22,20
2020-12-11 19:00:00,29,24,5
2020-12-11 20:00:00,11,8,3
2020-12-11 21:00:00,7,6,1
2020-12-11 22:00:00,5,0,5
2020-12-11 23:00:00,7,4,3
2020-12-12 00:00:00,4,2,2
2020-12-12 01:00:00,3,3,0
2020-12-12 02:00:00,1,0,1
2020-12-12 03:00:00,1,1,0
2020-12-12 04:00:00,0,0,0
2020-12-12 05:00:00,5,1,4
2020-12-12 06:00:00,5,3,2
2020-12-12 07:00:00,13,6,7
2020-12-12 08:00:00,7,2,5
2020-12-12 09:00:00,23,16,7
2020-12-12 10:00:00,45,23,22
2020-12-12 11:00:00,45,17,28
2020-12-12 12:00:00,79,48,31
2020-12-12 13:00:00,117,67,50
2020-12-12 14:00:00,143,74,69
2020-12-12 15:00:00,149,87,62
2020-12-12 16:00:00,104,38,66
2020-12-12 17:00:00,46,25,21
2020-12-12 18:00:00,18,8,10
2020-12-12 19:00:00,10,8,2
2020-12-12 20:00:00,10,4,6
2020-12-12 21:00:00,4,1,3
2020-12-12 22:00:00,5,2,3
2020-12-12 23:00:00,8,5,3
2020-12-13 00:00:00,2,2,0
2020-12-13 01:00:00,3,2,1
2020-12-13 02:00:00,0,0,0
2020-12-13 03:00:00,0,0,0
2020-12-13 04:00:00,0,0,0
2020-12-13 05:00:00,7,2,5
2020-12-13 06:00:00,2,1,1
2020-12-13 07:00:00,5,4,1
2020-12-13 08:00:00,7,3,4
2020-12-13 09:00:00,22,12,10
2020-12-13 10:00:00,14,7,7
2020-12-13 11:00:00,10,5,5
2020-12-13 12:00:00,22,5,17
2020-12-13 13:00:00,15,11,4
2020-12-13 14:00:00,47,26,21
2020-12-13 15:00:00,45,23,22
2020-12-13 16:00:00,42,21,21
2020-12-13 17:00:00,14,10,4
2020-12-13 18:00:00,11,7,4
2020-12-13 19:00:00,11,7,4
2020-12-13 20:00:00,7,4,3
2020-12-13 21:00:00,6,2,4
2020-12-13 22:00:00,2,1,1
2020-12-13 23:00:00,2,2,0
2020-12-14 00:00:00,1,0,1
2020-12-14 01:00:00,1,1,0
2020-12-14 02:00:00,1,0,1
2020-12-14 03:00:00,1,0,1
2020-12-14 04:00:00,6,3,3
2020-12-14 05:00:00,9,2,7
2020-12-14 06:00:00,23,9,14
2020-12-14 07:00:00,43,9,34
2020-12-14 08:00:00,53,6,47
2020-12-14 09:00:00,35,7,28
2020-12-14 10:00:00,28,13,15
2020-12-14 11:00:00,23,8,15
2020-12-14 12:00:00,30,16,14
2020-12-14 13:00:00,36,23,13
2020-12-14 14:00:00,57,26,31
2020-12-14 15:00:00,51,34,17
2020-12-14 16:00:00,60,42,18
2020-12-14 17:00:00,66,52,14
2020-12-14 18:00:00,42,32,10
2020-12-14 19:00:00,30,15,15
2020-12-14 20:00:00,19,12,7
2020-12-14 21:00:00,12,6,6
2020-12-14 22:00:00,2,1,1
2020-12-14 23:00:00,3,2,1
2020-12-15 00:00:00,2,2,0
2020-12-15 01:00:00,0,0,0
2020-12-15 02:00:00,0,0,0
2020-12-15 03:00:00,1,0,1
2020-12-15 04:00:00,2,1,1
2020-12-15 05:00:00,11,4,7
2020-12-15 06:00:00,17,3,14
2020-12-15 07:00:00,36,9,27
2020-12-15 08:00:00,39,7,32
2020-12-15 09:00:00,28,4,24
2020-12-15 10:00:00,19,3,16
2020-12-15 11:00:00,12,3,9
2020-12-15 12:00:00,20,9,11
2020-12-15 13:00:00,23,15,8
2020-12-15 14:00:00,26,14,12
2020-12-15 15:00:00,51,33,18
2020-12-15 16:00:00,46,31,15
2020-12-15 17:00:00,55,39,16
2020-12-15 18:00:00,41,32,9
2020-12-15 19:00:00,31,23,8
2020-12-15 20:00:00,9,3,6
2020-12-15 21:00:00,10,7,3
2020-12-15 22:00:00,7,5,2
2020-12-15 23:00:00,7,3,4
2020-12-16 00:00:00,1,1,0
2020-12-16 01:00:00,1,1,0
2020-12-16 02:00:00,1,0,1
2020-12-16 03:00:00,2,0,2
2020-12-16 04:00:00,2,1,1
2020-12-16 05:00:00,8,4,4
2020-12-16 06:00:00,18,6,12
2020-12-16 07:00:00,60,18,42
2020-12-16 08:00:00,38,3,35
2020-12-16 09:00:00,53,14,39
2020-12-16 10:00:00,36,16,20
2020-12-16 11:00:00,33,15,18
2020-12-16 12:00:00,24,13,11
2020-12-16 13:00:00,19,12,7
2020-12-16 14:00:00,15,12,3
2020-12-16 15:00:00,30,20,10
2020-12-16 16:00:00,37,31,6
2020-12-16 17:00:00,57,43,14
2020-12-16 18:00:00,23,17,6
2020-12-16 19:00:00,12,10,2
2020-12-16 20:00:00,7,5,2
2020-12-16 21:00:00,5,4,1
2020-12-16 22:00:00,2,1,1
2020-12-16 23:00:00,7,2,5
2020-12-17 00:00:00,0,0,0
2020-12-17 01:00:00,0,0,0
2020-12-17 02:00:00,0,0,0
2020-12-17 03:00:00,1,1,0
2020-12-17 04:00:00,4,2,2
2020-12-17 05:00:00,8,3,5
2020-12-17 06:00:00,16,5,11
2020-12-17 07:00:00,49,11,38
2020-12-17 08:00:00,34,6,28
2020-12-17 09:00:00,41,12,29
2020-12-17 10:00:00,33,11,22
2020-12-17 11:00:00,35,12,23
2020-12-17 12:00:00,47,27,20
2020-12-17 13:00:00,68,38,30
2020-12-17 14:00:00,75,48,27
2020-12-17 15:00:00,100,49,51
2020-12-17 16:00:00,82,48,34
2020-12-17 17:00:00,79,63,16
2020-12-17 18:00:00,34,18,16
2020-12-17 19:00:00,32,22,10
2020-12-17 20:00:00,18,14,4
2020-12-17 21:00:00,9,3,6
2020-12-17 22:00:00,8,3,5
2020-12-17 23:00:00,7,4,3
2020-12-18 00:00:00,1,0,1
2020-12-18 01:00:00,4,2,2
2020-12-18 02:00:00,0,0,0
2020-12-18 03:00:00,1,0,1
2020-12-18 04:00:00,2,1,1
2020-12-18 05:00:00,10,4,6
2020-12-18 06:00:00,14,3,11
2020-12-18 07:00:00,33,10,23
2020-12-18 08:00:00,33,8,25
2020-12-18 09:00:00,27,8,19
2020-12-18 10:00:00,23,8,15
2020-12-18 11:00:00,9,2,7
2020-12-18 12:00:00,24,9,15
2020-12-18 13:00:00,21,11,10
2020-12-18 14:00:00,38,28,10
2020-12-18 15:00:00,48,36,12
2020-12-18 16:00:00,51,36,15
2020-12-18 17:00:00,47,30,17
2020-12-18 18:00:00,24,16,8
2020-12-18 19:00:00,10,5,5
2020-12-18 20:00:00,8,2,6
2020-12-18 21:00:00,8,7,1
2020-12-18 22:00:00,4,1,3
2020-12-18 23:00:00,2,2,0
2020-12-19 00:00:00,1,1,0
2020-12-19 01:00:00,1,1,0
2020-12-19 02:00:00,0,0,0
2020-12-19 03:00:00,0,0,0
2020-12-19 04:00:00,1,1,0
2020-12-19 05:00:00,5,1,4
2020-12-19 06:00:00,5,2,3
2020-12-19 07:00:00,8,4,4
2020-12-19 08:00:00,10,4,6
2020-12-19 09:00:00,27,18,9
2020-12-19 10:00:00,49,19,30
2020-12-19 11:00:00,76,42,34
2020-12-19 12:00:00,55,26,29
2020-12-19 13:00:00,28,15,13
2020-12-19 14:00:00,13,7,6
2020-12-19 15:00:00,25,13,12
2020-12-19 16:00:00,13,7,6
2020-12-19 17:00:00,18,8,10
2020-12-19 18:00:00,10,6,4
2020-12-19 19:00:00,9,4,5
2020-12-19 20:00:00,13,12,1
2020-12-19 21:00:00,2,0,2
2020-12-19 22:00:00,4,3,1
2020-12-19 23:00:00,3,2,1
2020-12-20 00:00:00,1,1,0
2020-12-20 01:00:00,2,2,0
2020-12-20 02:00:00,0,0,0
2020-12-20 03:00:00,0,0,0
2020-12-20 04:00:00,0,0,0
2020-12-20 05:00:00,5,2,3
2020-12-20 06:00:00,2,1,1
2020-12-20 07:00:00,5,3,2
2020-12-20 08:00:00,8,2,6
2020-12-20 09:00:00,18,7,11
2020-12-20 10:00:00,30,12,18
2020-12-20 11:00:00,45,20,25
2020-12-20 12:00:00,53,29,24
2020-12-20 13:00:00,84,53,31
2020-12-20 14:00:00,99,51,48
2020-12-20 15:00:00,91,44,47
2020-12-20 16:00:00,41,16,25
2020-12-20 17:00:00,30,13,17
2020-12-20 18:00:00,25,13,12
2020-12-20 19:00:00,14,8,6
2020-12-20 20:00:00,7,3,4
2020-12-20 21:00:00,6,2,4
2020-12-20 22:00:00,5,2,3
2020-12-20 23:00:00,5,1,4
2020-12-21 00:00:00,1,0,1
2020-12-21 01:00:00,0,0,0
2020-12-21 02:00:00,0,0,0
2020-12-21 03:00:00,1,0,1
2020-12-21 04:00:00,2,1,1
2020-12-21 05:00:00,8,2,6
2020-12-21 06:00:00,18,5,13
2020-12-21 07:00:00,28,6,22
2020-12-21 08:00:00,25,4,21
2020-12-21 09:00:00,19,2,17
2020-12-21 10:00:00,18,6,12
2020-12-21 11:00:00,13,4,9
2020-12-21 12:00:00,9,3,6
2020-12-21 13:00:00,12,8,4
2020-12-21 14:00:00,16,12,4
2020-12-21 15:00:00,17,11,6
2020-12-21 16:00:00,22,19,3
2020-12-21 17:00:00,23,19,4
2020-12-21 18:00:00,12,10,2
2020-12-21 19:00:00,4,4,0
2020-12-21 20:00:00,3,3,0
2020-12-21 21:00:00,3,2,1
2020-12-21 22:00:00,0,0,0
2020-12-21 23:00:00,1,1,0
2020-12-22 00:00:00,0,0,0
2020-12-22 01:00:00,0,0,0
2020-12-22 02:00:00,0,0,0
2020-12-22 03:00:00,1,0,1
2020-12-22 04:00:00,3,2,1
2020-12-22 05:00:00,9,2,7
2020-12-22 06:00:00,19,7,12
2020-12-22 07:00:00,34,10,24
2020-12-22 08:00:00,28,3,25
2020-12-22 09:00:00,36,10,26
2020-12-22 10:00:00,35,10,25
2020-12-22 11:00:00,51,26,25
2020-12-22 12:00:00,63,34,29
2020-12-22 13:00:00,71,34,37
2020-12-22 14:00:00,81,43,38
2020-12-22 15:00:00,92,45,47
2020-12-22 16:00:00,85,62,23
2020-12-22 17:00:00,58,39,19
2020-12-22 18:00:00,32,16,16
2020-12-22 19:00:00,23,17,6
2020-12-22 20:00:00,11,6,5
2020-12-22 21:00:00,10,8,2
2020-12-22 22:00:00,4,3,1
2020-12-22 23:00:00,4,3,1
2020-12-23 00:00:00,1,1,0
2020-12-23 01:00:00,0,0,0
2020-12-23 02:00:00,0,0,0
2020-12-23 03:00:00,1,0,1
2020-12-23 04:00:00,3,2,1
2020-12-23 05:00:00,6,2,4
2020-12-23 06:00:00,18,7,11
2020-12-23 07:00:00,26,6,20
2020-12-23 08:00:00,34,11,23
2020-12-23 09:00:00,27,7,20
2020-12-23 10:00:00,44,13,31
2020-12-23 11:00:00,31,16,15
2020-12-23 12:00:00,45,29,16
2020-12-23 13:00:00,58,32,26
2020-12-23 14:00:00,69,41,28
2020-12-23 15:00:00,87,50,37
2020-12-23 16:00:00,63,40,23
2020-12-23 17:00:00,40,26,14
2020-12-23 18:00:00,30,13,17
2020-12-23 19:00:00,21,14,7
2020-12-23 20:00:00,9,4,5
2020-12-23 21:00:00,4,2,2
2020-12-23 22:00:00,7,5,2
2020-12-23 23:00:00,2,1,1
2020-12-24 00:00:00,1,0,1
2020-12-24 01:00:00,0,0,0
2020-12-24 02:00:00,0,0,0
2020-12-24 03:00:00,0,0,0
2020-12-24 04:00:00,1,0,1
2020-12-24 05:00:00,3,1,2
2020-12-24 06:00:00,11,3,8
2020-12-24 07:00:00,14,3,11
2020-12-24 08:00:00,20,3,17
2020-12-24 09:00:00,22,8,14
2020-12-24 10:00:00,38,16,22
2020-12-24 11:00:00,41,26,15
2020-12-24 12:00:00,48,30,18
2020-12-24 13:00:00,89,51,38
2020-12-24 14:00:00,81,47,34
2020-12-24 15:00:00,79,39,40
2020-12-24 16:00:00,57,24,33
2020-12-24 17:00:00,22,13,9
2020-12-24 18:00:00,11,5,6
2020-12-24 19:00:00,7,4,3
2020-12-24 20:00:00,2,0,2
2020-12-24 21:00:00,2,1,1
2020-12-24 22:00:00,1,1,0
2020-12-24 23:00:00,3,2,1
2020-12-25 00:00:00,0,0,0
2020-12-25 01:00:00,3,1,2
2020-12-25 02:00:00,0,0,0
2020-12-25 03:00:00,0,0,0
2020-12-25 04:00:00,0,0,0
2020-12-25 05:00:00,2,0,2
2020-12-25 06:00:00,2,0,2
2020-12-25 07:00:00,3,2,1
2020-12-25 08:00:00,3,2,1
2020-12-25 09:00:00,10,1,9
2020-12-25 10:00:00,17,10,7
2020-12-25 11:00:00,13,5,8
2020-12-25 12:00:00,11,4,7
2020-12-25 13:00:00,29,15,14
2020-12-25 14:00:00,22,15,7
2020-12-25 15:00:00,12,3,9
2020-12-25 16:00:00,14,7,7
2020-12-25 17:00:00,4,4,0
2020-12-25 18:00:00,3,2,1
2020-12-25 19:00:00,1,0,1
2020-12-25 20:00:00,0,0,0
2020-12-25 21:00:00,1,1,0
2020-12-25 22:00:00,0,0,0
2020-12-25 23:00:00,0,0,0
2020-12-26 00:00:00,0,0,0
2020-12-26 01:00:00,1,1,0
2020-12-26 02:00:00,0,0,0
2020-12-26 03:00:00,0,0,0
2020-12-26 04:00:00,0,0,0
2020-12-26 05:00:00,4,2,2
2020-12-26 06:00:00,1,0,1
2020-12-26 07:00:00,9,3,6
2020-12-26 08:00:00,10,5,5
2020-12-26 09:00:00,16,6,10
2020-12-26 10:00:00,18,9,9
2020-12-26 11:00:00,24,13,11
2020-12-26 12:00:00,30,19,11
2020-12-26 13:00:00,49,29,20
2020-12-26 14:00:00,61,30,31
2020-12-26 15:00:00,67,41,26
2020-12-26 16:00:00,38,12,26
2020-12-26 17:00:00,15,11,4
2020-12-26 18:00:00,16,9,7
2020-12-26 19:00:00,6,4,2
2020-12-26 20:00:00,3,2,1
2020-12-26 21:00:00,3,1,2
2020-12-26 22:00:00,8,4,4
2020-12-26 23:00:00,1,1,0
2020-12-27 00:00:00,4,3,1
2020-12-27 01:00:00,0,0,0
2020-12-27 02:00:00,0,0,0
2020-12-27 03:00:00,0,0,0
2020-12-27 04:00:00,2,1,1
2020-12-27 05:00:00,2,0,2
2020-12-27 06:00:00,3,1,2
2020-12-27 07:00:00,7,3,4
2020-12-27 08:00:00,8,3,5
2020-12-27 09:00:00,8,3,5
2020-12-27 10:00:00,11,7,4
2020-12-27 11:00:00,22,11,11
2020-12-27 12:00:00,41,22,19
2020-12-27 13:00:00,56,24,32
2020-12-27 14:00:00,97,55,42
2020-12-27 15:00:00,96,46,50
2020-12-27 16:00:00,61,28,33
2020-12-27 17:00:00,22,9,13
2020-12-27 18:00:00,18,8,10
2020-12-27 19:00:00,7,5,2
2020-12-27 20:00:00,6,4,2
2020-12-27 21:00:00,3,1,2
2020-12-27 22:00:00,2,1,1
2020-12-27 23:00:00,0,0,0
2020-12-28 00:00:00,0,0,0
2020-12-28 01:00:00,0,0,0
2020-12-28 02:00:00,0,0,0
2020-12-28 03:00:00,1,0,1
2020-12-28 04:00:00,2,0,2
2020-12-28 05:00:00,8,4,4
2020-12-28 06:00:00,13,4,9
2020-12-28 07:00:00,37,10,27
2020-12-28 08:00:00,38,13,25
2020-12-28 09:00:00,24,7,17
2020-12-28 10:00:00,47,20,27
2020-12-28 11:00:00,61,34,27
2020-12-28 12:00:00,97,45,52
2020-12-28 13:00:00,123,61,62
2020-12-28 14:00:00,130,74,56
2020-12-28 15:00:00,128,71,57
2020-12-28 16:00:00,94,53,41
2020-12-28 17:00:00,53,36,17
2020-12-28 18:00:00,32,19,13
2020-12-28 19:00:00,22,13,9
2020-12-28 20:00:00,6,4,2
2020-12-28 21:00:00,12,8,4
2020-12-28 22:00:00,6,0,6
2020-12-28 23:00:00,6,5,1
2020-12-29 00:00:00,2,0,2
2020-12-29 01:00:00,3,2,1
2020-12-29 02:00:00,0,0,0
2020-12-29 03:00:00,1,0,1
2020-12-29 04:00:00,1,1,0
2020-12-29 05:00:00,11,3,8
2020-12-29 06:00:00,9,4,5
2020-12-29 07:00:00,35,6,29
2020-12-29 08:00:00,38,8,30
2020-12-29 09:00:00,18,5,13
2020-12-29 10:00:00,31,13,18
2020-12-29 11:00:00,31,17,14
2020-12-29 12:00:00,38,20,18
2020-12-29 13:00:00,61,25,36
2020-12-29 14:00:00,72,42,30
2020-12-29 15:00:00,65,46,19
2020-12-29 16:00:00,63,41,22
2020-12-29 17:00:00,36,22,14
2020-12-29 18:00:00,30,23,7
2020-12-29 19:00:00,6,5,1
2020-12-29 20:00:00,1,1,0
2020-12-29 21:00:00,5,3,2
2020-12-29 22:00:00,7,4,3
2020-12-29 23:00:00,3,2,1
2020-12-30 00:00:00,1,1,0
2020-12-30 01:00:00,0,0,0
2020-12-30 02:00:00,0,0,0
2020-12-30 03:00:00,0,0,0
2020-12-30 04:00:00,1,1,0
2020-12-30 05:00:00,4,2,2
2020-12-30 06:00:00,9,2,7
2020-12-30 07:00:00,23,3,20
2020-12-30 08:00:00,23,6,17
2020-12-30 09:00:00,10,3,7
2020-12-30 10:00:00,11,1,10
2020-12-30 11:00:00,8,4,4
2020-12-30 12:00:00,25,7,18
2020-12-30 13:00:00,22,14,8
2020-12-30 14:00:00,23,17,6
2020-12-30 15:00:00,24,14,10
2020-12-30 16:00:00,33,23,10
2020-12-30 17:00:00,30,21,9
2020-12-30 18:00:00,20,11,9
2020-12-30 19:00:00,8,8,0
2020-12-30 20:00:00,7,5,2
2020-12-30 21:00:00,2,1,1
2020-12-30 22:00:00,4,1,3
2020-12-30 23:00:00,3,2,1
2020-12-31 00:00:00,2,0,2
2020-12-31 01:00:00,0,0,0
2020-12-31 02:00:00,0,0,0
2020-12-31 03:00:00,0,0,0
2020-12-31 04:00:00,2,1,1
2020-12-31 05:00:00,8,4,4
2020-12-31 06:00:00,15,3,12
2020-12-31 07:00:00,17,3,14
2020-12-31 08:00:00,23,10,13
2020-12-31 09:00:00,22,6,16
2020-12-31 10:00:00,30,15,15
2020-12-31 11:00:00,46,27,19
2020-12-31 12:00:00,50,27,23
2020-12-31 13:00:00,82,42,40
2020-12-31 14:00:00,71,48,23
2020-12-31 15:00:00,89,57,32
2020-12-31 16:00:00,48,30,18
2020-12-31 17:00:00,31,19,12
2020-12-31 18:00:00,22,16,6
2020-12-31 19:00:00,12,8,4
2020-12-31 20:00:00,8,7,1
2020-12-31 21:00:00,6,2,4
2020-12-31 22:00:00,5,4,1
2020-12-31 23:00:00,3,0,3
2021-01-01 00:00:00,2,1,1
2021-01-01 01:00:00,4,4,0
2021-01-01 02:00:00,0,0,0
2021-01-01 03:00:00,0,0,0
2021-01-01 04:00:00,0,0,0
2021-01-01 05:00:00,3,0,3
2021-01-01 06:00:00,5,3,2
2021-01-01 07:00:00,4,0,4
2021-01-01 08:00:00,6,4,2
2021-01-01 09:00:00,10,4,6
2021-01-01 10:00:00,36,21,15
2021-01-01 11:00:00,37,20,17
2021-01-01 12:00:00,22,11,11
2021-01-01 13:00:00,39,22,17
2021-01-01 14:00:00,26,11,15
2021-01-01 15:00:00,21,12,9
2021-01-01 16:00:00,15,10,5
2021-01-01 17:00:00,11,4,7
2021-01-01 18:00:00,8,6,2
2021-01-01 19:00:00,3,2,1
2021-01-01 20:00:00,3,2,1
2021-01-01 21:00:00,6,5,1
2021-01-01 22:00:00,1,1,0
2021-01-01 23:00:00,2,1,1
2021-01-02 00:00:00,1,1,0
2021-01-02 01:00:00,1,1,0
2021-01-02 02:00:00,1,0,1
2021-01-02 03:00:00,0,0,0
2021-01-02 04:00:00,0,0,0
2021-01-02 05:00:00,5,2,3
2021-01-02 06:00:00,2,0,2
2021-01-02 07:00:00,3,1,2
2021-01-02 08:00:00,8,2,6
2021-01-02 09:00:00,9,3,6
2021-01-02 10:00:00,11,4,7
2021-01-02 11:00:00,11,4,7
2021-01-02 12:00:00,14,8,6
2021-01-02 13:00:00,12,5,7
2021-01-02 14:00:00,12,5,7
2021-01-02 15:00:00,13,5,8
2021-01-02 16:00:00,7,4,3
2021-01-02 17:00:00,8,5,3
2021-01-02 18:00:00,7,3,4
2021-01-02 19:00:00,3,2,1
2021-01-02 20:00:00,1,1,0
2021-01-02 21:00:00,2,2,0
2021-01-02 22:00:00,3,2,1
2021-01-02 23:00:00,1,1,0
2021-01-03 00:00:00,4,3,1
2021-01-03 01:00:00,1,1,0
2021-01-03 02:00:00,0,0,0
2021-01-03 03:00:00,0,0,0
2021-01-03 04:00:00,0,0,0
2021-01-03 05:00:00,3,1,2
2021-01-03 06:00:00,4,2,2
2021-01-03 07:00:00,6,5,1
2021-01-03 08:00:00,9,3,6
2021-01-03 09:00:00,5,2,3
2021-01-03 10:00:00,9,4,5
2021-01-03 11:00:00,19,12,7
2021-01-03 12:00:00,41,22,19
2021-01-03 13:00:00,64,33,31
2021-01-03 14:00:00,95,53,42
2021-01-03 15:00:00,79,37,42
2021-01-03 16:00:00,69,32,37
2021-01-03 17:00:00,29,16,13
2021-01-03 18:00:00,8,5,3
2021-01-03 19:00:00,8,5,3
2021-01-03 20:00:00,6,5,1
2021-01-03 21:00:00,0,0,0
2021-01-03 22:00:00,5,0,5
2021-01-03 23:00:00,1,0,1
2021-01-04 00:00:00,1,0,1
2021-01-04 01:00:00,1,0,1
2021-01-04 02:00:00,0,0,0
2021-01-04 03:00:00,0,0,0
2021-01-04 04:00:00,2,1,1
2021-01-04 05:00:00,10,4,6
2021-01-04 06:00:00,15,4,11
2021-01-04 07:00:00,28,3,25
2021-01-04 08:00:00,30,8,22
2021-01-04 09:00:00,28,5,23
2021-01-04 10:00:00,19,7,12
2021-01-04 11:00:00,7,1,6
2021-01-04 12:00:00,28,12,16
2021-01-04 13:00:00,12,3,9
2021-01-04 14:00:00,19,16,3
2021-01-04 15:00:00,44,33,11
2021-01-04 16:00:00,51,33,18
2021-01-04 17:00:00,47,35,12
2021-01-04 18:00:00,31,23,8
2021-01-04 19:00:00,17,12,5
2021-01-04 20:00:00,14,10,4
2021-01-04 21:00:00,9,2,7
2021-01-04 22:00:00,4,4,0
2021-01-04 23:00:00,5,4,1
2021-01-05 00:00:00,4,2,2
2021-01-05 01:00:00,0,0,0
2021-01-05 02:00:00,0,0,0
2021-01-05 03:00:00,1,0,1
2021-01-05 04:00:00,2,0,2
2021-01-05 05:00:00,14,5,9
2021-01-05 06:00:00,24,9,15
2021-01-05 07:00:00,39,8,31
2021-01-05 08:00:00,54,10,44
2021-01-05 09:00:00,50,10,40
2021-01-05 10:00:00,42,10,32
2021-01-05 11:00:00,25,16,9
2021-01-05 12:00:00,21,7,14
2021-01-05 13:00:00,13,9,4
2021-01-05 14:00:00,11,7,4
2021-01-05 15:00:00,34,27,7
2021-01-05 16:00:00,36,27,9
2021-01-05 17:00:00,53,38,15
2021-01-05 18:00:00,37,30,7
2021-01-05 19:00:00,10,6,4
2021-01-05 20:00:00,8,7,1
2021-01-05 21:00:00,7,4,3
2021-01-05 22:00:00,5,4,1
2021-01-05 23:00:00,4,3,1
2021-01-06 00:00:00,1,1,0
2021-01-06 01:00:00,1,1,0
2021-01-06 02:00:00,1,1,0
2021-01-06 03:00:00,0,0,0
2021-01-06 04:00:00,5,1,4
2021-01-06 05:00:00,10,4,6
2021-01-06 06:00:00,22,7,15
2021-01-06 07:00:00,44,11,33
2021-01-06 08:00:00,41,7,34
2021-01-06 09:00:00,29,5,24
2021-01-06 10:00:00,25,9,16
2021-01-06 11:00:00,40,14,26
2021-01-06 12:00:00,52,31,21
2021-01-06 13:00:00,49,30,19
2021-01-06 14:00:00,67,35,32
2021-01-06 15:00:00,100,59,41
2021-01-06 16:00:00,81,50,31
2021-01-06 17:00:00,76,50,26
2021-01-06 18:00:00,51,38,13
2021-01-06 19:00:00,34,22,12
2021-01-06 20:00:00,12,7,5
2021-01-06 21:00:00,10,6,4
2021-01-06 22:00:00,9,4,5
2021-01-06 23:00:00,3,2,1
2021-01-07 00:00:00,1,1,0
2021-01-07 01:00:00,3,0,3
2021-01-07 02:00:00,0,0,0
2021-01-07 03:00:00,2,1,1
2021-01-07 04:00:00,4,2,2
2021-01-07 05:00:00,8,2,6
2021-01-07 06:00:00,21,7,14
2021-01-07 07:00:00,59,19,40
2021-01-07 08:00:00,58,10,48
2021-01-07 09:00:00,42,8,34
2021-01-07 10:00:00,30,15,15
2021-01-07 11:00:00,43,13,30
2021-01-07 12:00:00,62,35,27
2021-01-07 13:00:00,60,29,31
2021-01-07 14:00:00,66,40,26
2021-01-07 15:00:00,85,60,25
2021-01-07 16:00:00,98,64,34
2021-01-07 17:00:00,101,71,30
2021-01-07 18:00:00,70,37,33
2021-01-07 19:00:00,30,19,11
2021-01-07 20:00:00,18,12,6
2021-01-07 21:00:00,7,5,2
2021-01-07 22:00:00,6,4,2
2021-01-07 23:00:00,8,1,7
2021-01-08 00:00:00,0,0,0
2021-01-08 01:00:00,3,2,1
2021-01-08 02:00:00,0,0,0
2021-01-08 03:00:00,1,0,1
2021-01-08 04:00:00,1,0,1
2021-01-08 05:00:00,13,6,7
2021-01-08 06:00:00,24,9,15
2021-01-08 07:00:00,32,12,20
2021-01-08 08:00:00,45,7,38
2021-01-08 09:00:00,22,6,16
2021-01-08 10:00:00,16,3,13
2021-01-08 11:00:00,16,6,10
2021-01-08 12:00:00,8,5,3
2021-01-08 13:00:00,18,9,9
2021-01-08 14:00:00,13,12,1
2021-01-08 15:00:00,30,21,9
2021-01-08 16:00:00,62,41,21
2021-01-08 17:00:00,53,34,19
2021-01-08 18:00:00,38,27,11
2021-01-08 19:00:00,26,15,11
2021-01-08 20:00:00,13,7,6
2021-01-08 21:00:00,6,1,5
2021-01-08 22:00:00,6,5,1
2021-01-08 23:00:00,5,2,3
2021-01-09 00:00:00,2,2,0
2021-01-09 01:00:00,2,1,1
2021-01-09 02:00:00,0,0,0
2021-01-09 03:00:00,0,0,0
2021-01-09 04:00:00,0,0,0
2021-01-09 05:00:00,5,1,4
2021-01-09 06:00:00,3,1,2
2021-01-09 07:00:00,11,3,8
2021-01-09 08:00:00,18,4,14
2021-01-09 09:00:00,26,11,15
2021-01-09 10:00:00,30,13,17
2021-01-09 11:00:00,78,37,41
2021-01-09 12:00:00,90,50,40
2021-01-09 13:00:00,134,77,57
2021-01-09 14:00:00,118,61,57
2021-01-09 15:00:00,117,58,59
2021-01-09 16:00:00,91,44,47
2021-01-09 17:00:00,26,16,10
2021-01-09 18:00:00,26,14,12
2021-01-09 19:00:00,15,5,10
2021-01-09 20:00:00,13,9,4
2021-01-09 21:00:00,7,2,5
2021-01-09 22:00:00,10,7,3
2021-01-09 23:00:00,6,6,0
2021-01-10 00:00:00,3,0,3
2021-01-10 01:00:00,0,0,0
2021-01-10 02:00:00,0,0,0
2021-01-10 03:00:00,0,0,0
2021-01-10 04:00:00,0,0,0
2021-01-10 05:00:00,5,1,4
2021-01-10 06:00:00,3,0,3
2021-01-10 07:00:00,6,2,4
2021-01-10 08:00:00,6,3,3
2021-01-10 09:00:00,19,10,9
2021-01-10 10:00:00,39,23,16
2021-01-10 11:00:00,41,23,18
2021-01-10 12:00:00,79,47,32
2021-01-10 13:00:00,86,38,48
2021-01-10 14:00:00,104,59,45
2021-01-10 15:00:00,95,49,46
2021-01-10 16:00:00,80,36,44
2021-01-10 17:00:00,31,18,13
2021-01-10 18:00:00,18,8,10
2021-01-10 19:00:00,11,4,7
2021-01-10 20:00:00,4,4,0
2021-01-10 21:00:00,9,5,4
2021-01-10 22:00:00,9,4,5
2021-01-10 23:00:00,3,2,1
2021-01-11 00:00:00,0,0,0
2021-01-11 01:00:00,1,0,1
2021-01-11 02:00:00,1,0,1
2021-01-11 03:00:00,3,2,1
2021-01-11 04:00:00,3,1,2
2021-01-11 05:00:00,13,3,10
2021-01-11 06:00:00,21,9,12
2021-01-11 07:00:00,41,7,34
2021-01-11 08:00:00,41,8,33
2021-01-11 09:00:00,38,8,30
2021-01-11 10:00:00,18,7,11
2021-01-11 11:00:00,5,1,4
2021-01-11 12:00:00,10,6,4
2021-01-11 13:00:00,17,10,7
2021-01-11 14:00:00,18,13,5
2021-01-11 15:00:00,24,15,9
2021-01-11 16:00:00,38,34,4
2021-01-11 17:00:00,43,38,5
2021-01-11 18:00:00,25,17,8
2021-01-11 19:00:00,14,10,4
2021-01-11 20:00:00,8,7,1
2021-01-11 21:00:00,9,7,2
2021-01-11 22:00:00,6,3,3
2021-01-11 23:00:00,3,2,1
2021-01-12 00:00:00,1,1,0
2021-01-12 01:00:00,0,0,0
2021-01-12 02:00:00,0,0,0
2021-01-12 03:00:00,0,0,0
2021-01-12 04:00:00,2,1,1
2021-01-12 05:00:00,5,2,3
2021-01-12 06:00:00,20,4,16
2021-01-12 07:00:00,38,9,29
2021-01-12 08:00:00,36,3,33
2021-01-12 09:00:00,36,6,30
2021-01-12 10:00:00,16,5,11
2021-01-12 11:00:00,17,5,12
2021-01-12 12:00:00,18,7,11
2021-01-12 13:00:00,15,9,6
2021-01-12 14:00:00,38,21,17
2021-01-12 15:00:00,35,25,10
2021-01-12 16:00:00,41,26,15
2021-01-12 17:00:00,48,39,9
2021-01-12 18:00:00,37,27,10
2021-01-12 19:00:00,19,17,2
2021-01-12 20:00:00,9,7,2
2021-01-12 21:00:00,6,4,2
2021-01-12 22:00:00,4,3,1
2021-01-12 23:00:00,3,2,1
2021-01-13 00:00:00,0,0,0
2021-01-13 01:00:00,0,0,0
2021-01-13 02:00:00,0,0,0
2021-01-13 03:00:00,1,0,1
2021-01-13 04:00:00,1,1,0
2021-01-13 05:00:00,6,1,5
2021-01-13 06:00:00,26,7,19
2021-01-13 07:00:00,50,7,43
2021-01-13 08:00:00,56,15,41
2021-01-13 09:00:00,59,18,41
2021-01-13 10:00:00,37,13,24
2021-01-13 11:00:00,48,26,22
2021-01-13 12:00:00,72,37,35
2021-01-13 13:00:00,60,37,23
2021-01-13 14:00:00,93,55,38
2021-01-13 15:00:00,96,56,40
2021-01-13 16:00:00,111,69,42
2021-01-13 17:00:00,109,74,35
2021-01-13 18:00:00,76,50,26
2021-01-13 19:00:00,25,18,7
2021-01-13 20:00:00,18,10,8
2021-01-13 21:00:00,6,2,4
2021-01-13 22:00:00,5,3,2
2021-01-13 23:00:00,10,6,4
2021-01-14 00:00:00,3,1,2
2021-01-14 01:00:00,3,2,1
2021-01-14 02:00:00,0,0,0
2021-01-14 03:00:00,1,0,1
2021-01-14 04:00:00,2,2,0
2021-01-14 05:00:00,14,5,9
2021-01-14 06:00:00,26,8,18
2021-01-14 07:00:00,64,17,47
2021-01-14 08:00:00,58,10,48
2021-01-14 09:00:00,54,11,43
2021-01-14 10:00:00,41,18,23
2021-01-14 11:00:00,47,24,23
2021-01-14 12:00:00,45,24,21
2021-01-14 13:00:00,68,35,33
2021-01-14 14:00:00,70,34,36
2021-01-14 15:00:00,91,58,33
2021-01-14 16:00:00,117,76,41
2021-01-14 17:00:00,93,70,23
2021-01-14 18:00:00,60,39,21
2021-01-14 19:00:00,40,25,15
2021-01-14 20:00:00,16,11,5
2021-01-14 21:00:00,14,6,8
2021-01-14 22:00:00,8,3,5
2021-01-14 23:00:00,5,5,0
2021-01-15 00:00:00,1,1,0
2021-01-15 01:00:00,1,1,0
2021-01-15 02:00:00,1,1,0
2021-01-15 03:00:00,1,0,1
2021-01-15 04:00:00,2,1,1
2021-01-15 05:00:00,9,3,6
2021-01-15 06:00:00,26,11,15
2021-01-15 07:00:00,47,9,38
2021-01-15 08:00:00,49,6,43
2021-01-15 09:00:00,46,8,38
2021-01-15 10:00:00,35,13,22
2021-01-15 11:00:00,35,14,21
2021-01-15 12:00:00,49,21,28
2021-01-15 13:00:00,55,31,24
2021-01-15 14:00:00,84,49,35
2021-01-15 15:00:00,110,62,48
2021-01-15 16:00:00,121,70,51
2021-01-15 17:00:00,98,70,28
2021-01-15 18:00:00,47,28,19
2021-01-15 19:00:00,34,17,17
2021-01-15 20:00:00,15,8,7
2021-01-15 21:00:00,13,7,6
2021-01-15 22:00:00,12,6,6
2021-01-15 23:00:00,9,6,3
2021-01-16 00:00:00,4,4,0
2021-01-16 01:00:00,2,1,1
2021-01-16 02:00:00,0,0,0
2021-01-16 03:00:00,0,0,0
2021-01-16 04:00:00,0,0,0
2021-01-16 05:00:00,6,2,4
2021-01-16 06:00:00,6,2,4
2021-01-16 07:00:00,8,3,5
2021-01-16 08:00:00,10,6,4
2021-01-16 09:00:00,33,16,17
2021-01-16 10:00:00,51,32,19
2021-01-16 11:00:00,65,35,30
2021-01-16 12:00:00,74,45,29
2021-01-16 13:00:00,64,41,23
2021-01-16 14:00:00,121,61,60
2021-01-16 15:00:00,97,46,51
2021-01-16 16:00:00,86,31,55
2021-01-16 17:00:00,51,24,27
2021-01-16 18:00:00,18,5,13
2021-01-16 19:00:00,11,4,7
2021-01-16 20:00:00,11,5,6
2021-01-16 21:00:00,5,3,2
2021-01-16 22:00:00,13,9,4
2021-01-16 23:00:00,4,2,2
2021-01-17 00:00:00,4,3,1
2021-01-17 01:00:00,2,0,2
2021-01-17 02:00:00,0,0,0
2021-01-17 03:00:00,0,0,0
2021-01-17 04:00:00,0,0,0
2021-01-17 05:00:00,3,1,2
2021-01-17 06:00:00,2,1,1
2021-01-17 07:00:00,8,4,4
2021-01-17 08:00:00,20,9,11
2021-01-17 09:00:00,31,15,16
2021-01-17 10:00:00,53,26,27
2021-01-17 11:00:00,88,47,41
2021-01-17 12:00:00,87,46,41
2021-01-17 13:00:00,131,65,66
2021-01-17 14:00:00,115,71,44
2021-01-17 15:00:00,112,56,56
2021-01-17 16:00:00,70,32,38
2021-01-17 17:00:00,27,14,13
2021-01-17 18:00:00,36,13,23
2021-01-17 19:00:00,13,6,7
2021-01-17 20:00:00,8,3,5
2021-01-17 21:00:00,12,7,5
2021-01-17 22:00:00,3,1,2
2021-01-17 23:00:00,5,1,4
2021-01-18 00:00:00,0,0,0
2021-01-18 01:00:00,0,0,0
2021-01-18 02:00:00,0,0,0
2021-01-18 03:00:00,0,0,0
2021-01-18 04:00:00,2,1,1
2021-01-18 05:00:00,11,3,8
2021-01-18 06:00:00,18,9,9
2021-01-18 07:00:00,23,8,15
2021-01-18 08:00:00,40,14,26
2021-01-18 09:00:00,47,18,29
2021-01-18 10:00:00,48,18,30
2021-01-18 11:00:00,76,37,39
2021-01-18 12:00:00,114,56,58
2021-01-18 13:00:00,134,85,49
2021-01-18 14:00:00,118,67,51
2021-01-18 15:00:00,151,87,64
2021-01-18 16:00:00,101,48,53
2021-01-18 17:00:00,79,46,33
2021-01-18 18:00:00,36,19,17
2021-01-18 19:00:00,15,10,5
2021-01-18 20:00:00,9,9,0
2021-01-18 21:00:00,10,7,3
2021-01-18 22:00:00,9,6,3
2021-01-18 23:00:00,10,5,5
2021-01-19 00:00:00,0,0,0
2021-01-19 01:00:00,1,1,0
2021-01-19 02:00:00,1,1,0
2021-01-19 03:00:00,1,0,1
2021-01-19 04:00:00,1,1,0
2021-01-19 05:00:00,17,4,13
2021-01-19 06:00:00,24,7,17
2021-01-19 07:00:00,54,12,42
2021-01-19 08:00:00,61,11,50
2021-01-19 09:00:00,48,9,39
2021-01-19 10:00:00,45,15,30
2021-01-19 11:00:00,30,13,17
2021-01-19 12:00:00,28,15,13
2021-01-19 13:00:00,37,17,20
2021-01-19 14:00:00,63,39,24
2021-01-19 15:00:00,87,59,28
2021-01-19 16:00:00,84,58,26
2021-01-19 17:00:00,95,70,25
2021-01-19 18:00:00,50,34,16
2021-01-19 19:00:00,25,20,5
2021-01-19 20:00:00,22,15,7
2021-01-19 21:00:00,8,4,4
2021-01-19 22:00:00,4,2,2
2021-01-19 23:00:00,7,3,4
2021-01-20 00:00:00,1,1,0
2021-01-20 01:00:00,1,0,1
2021-01-20 02:00:00,0,0,0
2021-01-20 03:00:00,2,1,1
2021-01-20 04:00:00,2,1,1
2021-01-20 05:00:00,9,4,5
2021-01-20 06:00:00,27,9,18
2021-01-20 07:00:00,63,11,52
2021-01-20 08:00:00,49,8,41
2021-01-20 09:00:00,45,10,35
2021-01-20 10:00:00,36,10,26
2021-01-20 11:00:00,38,17,21
2021-01-20 12:00:00,34,18,16
2021-01-20 13:00:00,35,21,14
2021-01-20 14:00:00,39,20,19
2021-01-20 15:00:00,81,58,23
2021-01-20 16:00:00,83,55,28
2021-01-20 17:00:00,79,61,18
2021-01-20 18:00:00,37,24,13
2021-01-20 19:00:00,32,21,11
2021-01-20 20:00:00,17,11,6
2021-01-20 21:00:00,10,6,4
2021-01-20 22:00:00,11,6,5
2021-01-20 23:00:00,7,7,0
2021-01-21 00:00:00,2,1,1
2021-01-21 01:00:00,1,0,1
2021-01-21 02:00:00,0,0,0
2021-01-21 03:00:00,1,0,1
2021-01-21 04:00:00,6,4,2
2021-01-21 05:00:00,10,3,7
2021-01-21 06:00:00,23,8,15
2021-01-21 07:00:00,54,10,44
2021-01-21 08:00:00,44,8,36
2021-01-21 09:00:00,41,4,37
2021-01-21 10:00:00,26,7,19
2021-01-21 11:00:00,41,19,22
2021-01-21 12:00:00,18,8,10
2021-01-21 13:00:00,31,11,20
2021-01-21 14:00:00,36,23,13
2021-01-21 15:00:00,58,41,17
2021-01-21 16:00:00,73,45,28
2021-01-21 17:00:00,74,57,17
2021-01-21 18:00:00,44,28,16
2021-01-21 19:00:00,20,12,8
2021-01-21 20:00:00,18,13,5
2021-01-21 21:00:00,9,4,5
2021-01-21 22:00:00,6,2,4
2021-01-21 23:00:00,6,4,2
2021-01-22 00:00:00,4,3,1
2021-01-22 01:00:00,3,1,2
2021-01-22 02:00:00,2,1,1
2021-01-22 03:00:00,1,0,1
2021-01-22 04:00:00,3,2,1
2021-01-22 05:00:00,12,4,8
2021-01-22 06:00:00,22,8,14
2021-01-22 07:00:00,45,8,37
2021-01-22 08:00:00,59,15,44
2021-01-22 09:00:00,49,11,38
2021-01-22 10:00:00,33,13,20
2021-01-22 11:00:00,33,20,13
2021-01-22 12:00:00,49,26,23
2021-01-22 13:00:00,47,27,20
2021-01-22 14:00:00,86,46,40
2021-01-22 15:00:00,115,77,38
2021-01-22 16:00:00,103,63,40
2021-01-22 17:00:00,93,57,36
2021-01-22 18:00:00,59,41,18
2021-01-22 19:00:00,31,18,13
2021-01-22 20:00:00,17,14,3
2021-01-22 21:00:00,8,5,3
2021-01-22 22:00:00,3,0,3
2021-01-22 23:00:00,5,3,2
2021-01-23 00:00:00,1,1,0
2021-01-23 01:00:00,2,2,0
2021-01-23 02:00:00,0,0,0
2021-01-23 03:00:00,0,0,0
2021-01-23 04:00:00,3,2,1
2021-01-23 05:00:00,4,0,4
2021-01-23 06:00:00,5,2,3
2021-01-23 07:00:00,10,2,8
2021-01-23 08:00:00,15,5,10
2021-01-23 09:00:00,33,20,13
2021-01-23 10:00:00,56,32,24
2021-01-23 11:00:00,68,33,35
2021-01-23 12:00:00,98,57,41
2021-01-23 13:00:00,142,80,62
2021-01-23 14:00:00,196,96,100
2021-01-23 15:00:00,149,88,61
2021-01-23 16:00:00,133,61,72
2021-01-23 17:00:00,65,29,36
2021-01-23 18:00:00,29,8,21
2021-01-23 19:00:00,22,11,11
2021-01-23 20:00:00,9,6,3
2021-01-23 21:00:00,9,3,6
2021-01-23 22:00:00,4,0,4
2021-01-23 23:00:00,4,2,2
2021-01-24 00:00:00,5,4,1
2021-01-24 01:00:00,3,3,0
2021-01-24 02:00:00,0,0,0
2021-01-24 03:00:00,0,0,0
2021-01-24 04:00:00,0,0,0
2021-01-24 05:00:00,2,0,2
2021-01-24 06:00:00,2,0,2
2021-01-24 07:00:00,5,4,1
2021-01-24 08:00:00,2,0,2
2021-01-24 09:00:00,10,3,7
2021-01-24 10:00:00,8,5,3
2021-01-24 11:00:00,28,17,11
2021-01-24 12:00:00,27,14,13
2021-01-24 13:00:00,18,12,6
2021-01-24 14:00:00,15,11,4
2021-01-24 15:00:00,24,10,14
2021-01-24 16:00:00,25,9,16
2021-01-24 17:00:00,14,4,10
2021-01-24 18:00:00,13,7,6
2021-01-24 19:00:00,4,3,1
2021-01-24 20:00:00,6,3,3
2021-01-24 21:00:00,2,1,1
2021-01-24 22:00:00,4,0,4
2021-01-24 23:00:00,1,1,0
2021-01-25 00:00:00,2,2,0
2021-01-25 01:00:00,0,0,0
2021-01-25 02:00:00,1,1,0
2021-01-25 03:00:00,0,0,0
2021-01-25 04:00:00,5,2,3
2021-01-25 05:00:00,11,3,8
2021-01-25 06:00:00,24,8,16
2021-01-25 07:00:00,52,6,46
2021-01-25 08:00:00,63,13,50
2021-01-25 09:00:00,44,10,34
2021-01-25 10:00:00,20,10,10
2021-01-25 11:00:00,34,9,25
2021-01-25 12:00:00,33,16,17
2021-01-25 13:00:00,42,24,18
2021-01-25 14:00:00,49,30,19
2021-01-25 15:00:00,67,40,27
2021-01-25 16:00:00,129,83,46
2021-01-25 17:00:00,88,59,29
2021-01-25 18:00:00,71,38,33
2021-01-25 19:00:00,18,11,7
2021-01-25 20:00:00,14,11,3
2021-01-25 21:00:00,11,4,7
2021-01-25 22:00:00,4,3,1
2021-01-25 23:00:00,3,2,1
2021-01-26 00:00:00,0,0,0
2021-01-26 01:00:00,0,0,0
2021-01-26 02:00:00,0,0,0
2021-01-26 03:00:00,0,0,0
2021-01-26 04:00:00,1,0,1
2021-01-26 05:00:00,13,4,9
2021-01-26 06:00:00,24,8,16
2021-01-26 07:00:00,64,17,47
2021-01-26 08:00:00,69,9,60
2021-01-26 09:00:00,47,11,36
2021-01-26 10:00:00,32,10,22
2021-01-26 11:00:00,30,14,16
2021-01-26 12:00:00,31,15,16
2021-01-26 13:00:00,40,22,18
2021-01-26 14:00:00,48,29,19
2021-01-26 15:00:00,69,46,23
2021-01-26 16:00:00,82,55,27
2021-01-26 17:00:00,88,63,25
2021-01-26 18:00:00,54,39,15
2021-01-26 19:00:00,21,16,5
2021-01-26 20:00:00,7,5,2
2021-01-26 21:00:00,14,11,3
2021-01-26 22:00:00,1,0,1
2021-01-26 23:00:00,7,5,2
2021-01-27 00:00:00,1,1,0
2021-01-27 01:00:00,0,0,0
2021-01-27 02:00:00,0,0,0
2021-01-27 03:00:00,0,0,0
2021-01-27 04:00:00,0,0,0
2021-01-27 05:00:00,9,3,6
2021-01-27 06:00:00,23,6,17
2021-01-27 07:00:00,37,6,31
2021-01-27 08:00:00,41,10,31
2021-01-27 09:00:00,26,4,22
2021-01-27 10:00:00,25,4,21
2021-01-27 11:00:00,27,8,19
2021-01-27 12:00:00,28,15,13
2021-01-27 13:00:00,42,20,22
2021-01-27 14:00:00,44,19,25
2021-01-27 15:00:00,68,49,19
2021-01-27 16:00:00,86,56,30
2021-01-27 17:00:00,88,59,29
2021-01-27 18:00:00,37,24,13
2021-01-27 19:00:00,16,12,4
2021-01-27 20:00:00,15,8,7
2021-01-27 21:00:00,6,4,2
2021-01-27 22:00:00,8,6,2
2021-01-27 23:00:00,5,2,3
2021-01-28 00:00:00,2,1,1
2021-01-28 01:00:00,0,0,0
2021-01-28 02:00:00,0,0,0
2021-01-28 03:00:00,3,0,3
2021-01-28 04:00:00,4,2,2
2021-01-28 05:00:00,9,3,6
2021-01-28 06:00:00,22,7,15
2021-01-28 07:00:00,48,5,43
2021-01-28 08:00:00,36,7,29
2021-01-28 09:00:00,21,4,17
2021-01-28 10:00:00,18,4,14
2021-01-28 11:00:00,27,10,17
2021-01-28 12:00:00,24,11,13
2021-01-28 13:00:00,27,12,15
2021-01-28 14:00:00,40,24,16
2021-01-28 15:00:00,50,30,20
2021-01-28 16:00:00,68,50,18
2021-01-28 17:00:00,76,56,20
2021-01-28 18:00:00,45,34,11
2021-01-28 19:00:00,26,17,9
2021-01-28 20:00:00,12,4,8
2021-01-28 21:00:00,8,6,2
2021-01-28 22:00:00,9,5,4
2021-01-28 23:00:00,2,0,2
2021-01-29 00:00:00,5,3,2
2021-01-29 01:00:00,0,0,0
2021-01-29 02:00:00,1,0,1
2021-01-29 03:00:00,1,0,1
2021-01-29 04:00:00,4,1,3
2021-01-29 05:00:00,8,4,4
2021-01-29 06:00:00,25,11,14
2021-01-29 07:00:00,48,11,37
2021-01-29 08:00:00,43,5,38
2021-01-29 09:00:00,36,13,23
2021-01-29 10:00:00,28,5,23
2021-01-29 11:00:00,30,9,21
2021-01-29 12:00:00,36,17,19
2021-01-29 13:00:00,41,22,19
2021-01-29 14:00:00,68,47,21
2021-01-29 15:00:00,72,50,22
2021-01-29 16:00:00,100,61,39
2021-01-29 17:00:00,97,66,31
2021-01-29 18:00:00,34,18,16
2021-01-29 19:00:00,15,9,6
2021-01-29 20:00:00,11,11,0
2021-01-29 21:00:00,9,6,3
2021-01-29 22:00:00,5,4,1
2021-01-29 23:00:00,4,1,3
2021-01-30 00:00:00,6,4,2
2021-01-30 01:00:00,0,0,0
2021-01-30 02:00:00,0,0,0
2021-01-30 03:00:00,0,0,0
2021-01-30 04:00:00,0,0,0
2021-01-30 05:00:00,6,1,5
2021-01-30 06:00:00,3,1,2
2021-01-30 07:00:00,11,3,8
2021-01-30 08:00:00,9,5,4
2021-01-30 09:00:00,29,11,18
2021-01-30 10:00:00,35,24,11
2021-01-30 11:00:00,48,25,23
2021-01-30 12:00:00,28,18,10
2021-01-30 13:00:00,54,29,25
2021-01-30 14:00:00,51,30,21
2021-01-30 15:00:00,52,30,22
2021-01-30 16:00:00,51,27,24
2021-01-30 17:00:00,32,14,18
2021-01-30 18:00:00,18,11,7
2021-01-30 19:00:00,9,4,5
2021-01-30 20:00:00,5,4,1
2021-01-30 21:00:00,1,1,0
2021-01-30 22:00:00,4,2,2
2021-01-30 23:00:00,4,2,2
2021-01-31 00:00:00,4,2,2
2021-01-31 01:00:00,1,1,0
2021-01-31 02:00:00,0,0,0
2021-01-31 03:00:00,0,0,0
2021-01-31 04:00:00,0,0,0
2021-01-31 05:00:00,3,0,3
2021-01-31 06:00:00,2,1,1
2021-01-31 07:00:00,7,3,4
2021-01-31 08:00:00,11,4,7
2021-01-31 09:00:00,20,10,10
2021-01-31 10:00:00,29,15,14
2021-01-31 11:00:00,24,11,13
2021-01-31 12:00:00,38,23,15
2021-01-31 13:00:00,18,9,9
2021-02-01 00:00:00,1,0,1
2021-02-01 01:00:00,1,1,0
2021-02-01 02:00:00,1,1,0
2021-02-01 03:00:00,1,0,1
2021-02-01 04:00:00,1,1,0
2021-02-01 05:00:00,9,3,6
2021-02-01 06:00:00,19,8,11
2021-02-01 07:00:00,37,7,30
2021-02-01 08:00:00,41,5,36
2021-02-01 09:00:00,22,2,20
2021-02-01 10:00:00,15,5,10
2021-02-01 11:00:00,12,6,6
2021-02-01 12:00:00,23,13,10
2021-02-01 13:00:00,14,4,10
2021-02-01 14:00:00,20,13,7
2021-02-01 15:00:00,23,16,7
2021-02-01 16:00:00,40,30,10
2021-02-01 17:00:00,41,34,7
2021-02-01 18:00:00,21,16,5
2021-02-01 19:00:00,15,11,4
2021-02-01 20:00:00,5,4,1
2021-02-01 21:00:00,3,1,2
2021-02-01 22:00:00,1,0,1
2021-02-01 23:00:00,2,1,1
2021-02-02 00:00:00,3,2,1
2021-02-02 01:00:00,0,0,0
2021-02-02 02:00:00,0,0,0
2021-02-02 03:00:00,1,0,1
2021-02-02 04:00:00,1,0,1
2021-02-02 05:00:00,13,4,9
2021-02-02 06:00:00,14,6,8
2021-02-02 07:00:00,37,8,29
2021-02-02 08:00:00,38,2,36
2021-02-02 09:00:00,34,5,29
2021-02-02 10:00:00,12,4,8
2021-02-02 11:00:00,14,8,6
2021-02-02 12:00:00,14,7,7
2021-02-02 13:00:00,21,11,10
2021-02-02 14:00:00,30,18,12
2021-02-02 15:00:00,38,26,12
2021-02-02 16:00:00,60,42,18
2021-02-02 17:00:00,60,46,14
2021-02-02 18:00:00,38,34,4
2021-02-02 19:00:00,9,7,2
2021-02-02 20:00:00,7,6,1
2021-02-02 21:00:00,6,2,4
2021-02-02 22:00:00,1,1,0
2021-02-02 23:00:00,3,2,1
2021-02-03 00:00:00,2,1,1
2021-02-03 01:00:00,0,0,0
2021-02-03 02:00:00,0,0,0
2021-02-03 03:00:00,1,0,1
2021-02-03 04:00:00,2,1,1
2021-02-03 05:00:00,10,4,6
2021-02-03 06:00:00,28,7,21
2021-02-03 07:00:00,60,13,47
2021-02-03 08:00:00,52,10,42
2021-02-03 09:00:00,67,12,55
2021-02-03 10:00:00,38,15,23
2021-02-03 11:00:00,35,14,21
2021-02-03 12:00:00,39,18,21
2021-02-03 13:00:00,48,35,13
2021-02-03 14:00:00,69,38,31
2021-02-03 15:00:00,115,66,49
2021-02-03 16:00:00,144,93,51
2021-02-03 17:00:00,125,81,44
2021-02-03 18:00:00,40,28,12
2021-02-03 19:00:00,35,21,14
2021-02-03 20:00:00,23,16,7
2021-02-03 21:00:00,12,8,4
2021-02-03 22:00:00,10,5,5
2021-02-03 23:00:00,3,2,1
2021-02-04 00:00:00,2,2,0
2021-02-04 01:00:00,0,0,0
2021-02-04 02:00:00,1,0,1
2021-02-04 03:00:00,2,0,2
2021-02-04 04:00:00,3,1,2
2021-02-04 05:00:00,11,4,7
2021-02-04 06:00:00,18,7,11
2021-02-04 07:00:00,45,8,37
2021-02-04 08:00:00,43,5,38
2021-02-04 09:00:00,25,1,24
2021-02-04 10:00:00,23,9,14
2021-02-04 11:00:00,16,8,8
2021-02-04 12:00:00,14,7,7
2021-02-04 13:00:00,27,12,15
2021-02-04 14:00:00,26,17,9
2021-02-04 15:00:00,36,26,10
2021-02-04 16:00:00,49,35,14
2021-02-04 17:00:00,65,50,15
2021-02-04 18:00:00,48,34,14
2021-02-04 19:00:00,16,12,4
2021-02-04 20:00:00,7,5,2
2021-02-04 21:00:00,6,2,4
2021-02-04 22:00:00,4,1,3
2021-02-04 23:00:00,2,1,1
2021-02-05 00:00:00,0,0,0
2021-02-05 01:00:00,0,0,0
2021-02-05 02:00:00,0,0,0
2021-02-05 03:00:00,1,0,1
2021-02-05 04:00:00,6,2,4
2021-02-05 05:00:00,8,2,6
2021-02-05 06:00:00,22,9,13
2021-02-05 07:00:00,52,12,40
2021-02-05 08:00:00,52,11,41
2021-02-05 09:00:00,46,10,36
2021-02-05 10:00:00,39,12,27
2021-02-05 11:00:00,28,17,11
2021-02-05 12:00:00,20,10,10
2021-02-05 13:00:00,28,17,11
2021-02-05 14:00:00,49,27,22
2021-02-05 15:00:00,55,40,15
2021-02-05 16:00:00,107,76,31
2021-02-05 17:00:00,97,61,36
2021-02-05 18:00:00,43,31,12
2021-02-05 19:00:00,24,15,9
2021-02-05 20:00:00,9,5,4
2021-02-05 21:00:00,9,6,3
2021-02-05 22:00:00,11,9,2
2021-02-05 23:00:00,7,4,3
2021-02-06 00:00:00,6,6,0
2021-02-06 01:00:00,1,1,0
2021-02-06 02:00:00,1,1,0
2021-02-06 03:00:00,0,0,0
2021-02-06 04:00:00,0,0,0
2021-02-06 05:00:00,4,2,2
2021-02-06 06:00:00,4,1,3
2021-02-06 07:00:00,7,3,4
2021-02-06 08:00:00,14,7,7
2021-02-06 09:00:00,20,7,13
2021-02-06 10:00:00,45,28,17
2021-02-06 11:00:00,60,35,25
2021-02-06 12:00:00,69,32,37
2021-02-06 13:00:00,66,32,34
2021-02-06 14:00:00,56,30,26
2021-02-06 15:00:00,42,18,24
2021-02-06 16:00:00,56,27,29
2021-02-06 17:00:00,64,33,31
2021-02-06 18:00:00,25,11,14
2021-02-06 19:00:00,10,7,3
2021-02-06 20:00:00,5,4,1
2021-02-06 21:00:00,7,3,4
2021-02-06 22:00:00,8,4,4
2021-02-06 23:00:00,1,1,0
2021-02-07 00:00:00,7,3,4
2021-02-07 01:00:00,1,1,0
2021-02-07 02:00:00,0,0,0
2021-02-07 03:00:00,0,0,0
2021-02-07 04:00:00,1,1,0
2021-02-07 05:00:00,3,0,3
2021-02-07 06:00:00,7,4,3
2021-02-07 07:00:00,13,5,8
2021-02-07 08:00:00,18,8,10
2021-02-07 09:00:00,51,26,25
2021-02-07 10:00:00,50,20,30
2021-02-07 11:00:00,111,65,46
2021-02-07 12:00:00,119,54,65
2021-02-07 13:00:00,122,46,76
2021-02-07 14:00:00,127,69,58
2021-02-07 15:00:00,58,26,32
2021-02-07 16:00:00,42,17,25
2021-02-07 17:00:00,23,12,11
2021-02-07 18:00:00,16,7,9
2021-02-07 19:00:00,8,5,3
2021-02-07 20:00:00,6,6,0
2021-02-07 21:00:00,7,4,3
2021-02-07 22:00:00,2,0,2
2021-02-07 23:00:00,4,3,1
2021-02-08 00:00:00,3,2,1
2021-02-08 01:00:00,3,1,2
2021-02-08 02:00:00,0,0,0
2021-02-08 03:00:00,1,0,1
2021-02-08 04:00:00,2,2,0
2021-02-08 05:00:00,14,2,12
2021-02-08 06:00:00,23,11,12
2021-02-08 07:00:00,54,9,45
2021-02-08 08:00:00,49,11,38
2021-02-08 09:00:00,39,4,35
2021-02-08 10:00:00,25,7,18
2021-02-08 11:00:00,30,14,16
2021-02-08 12:00:00,28,17,11
2021-02-08 13:00:00,36,18,18
2021-02-08 14:00:00,45,29,16
2021-02-08 15:00:00,76,52,24
2021-02-08 16:00:00,85,59,26
2021-02-08 17:00:00,99,70,29
2021-02-08 18:00:00,44,28,16
2021-02-08 19:00:00,20,16,4
2021-02-08 20:00:00,8,5,3
2021-02-08 21:00:00,11,7,4
2021-02-08 22:00:00,6,3,3
2021-02-08 23:00:00,2,1,1
2021-02-09 00:00:00,3,3,0
2021-02-09 01:00:00,1,1,0
2021-02-09 02:00:00,0,0,0
2021-02-09 03:00:00,1,0,1
2021-02-09 04:00:00,2,1,1
2021-02-09 05:00:00,11,4,7
2021-02-09 06:00:00,25,9,16
2021-02-09 07:00:00,51,13,38
2021-02-09 08:00:00,52,8,44
2021-02-09 09:00:00,49,11,38
2021-02-09 10:00:00,28,14,14
2021-02-09 11:00:00,33,12,21
2021-02-09 12:00:00,36,17,19
2021-02-09 13:00:00,41,24,17
2021-02-09 14:00:00,56,25,31
2021-02-09 15:00:00,70,45,25
2021-02-09 16:00:00,109,70,39
2021-02-09 17:00:00,104,78,26
2021-02-09 18:00:00,58,32,26
2021-02-09 19:00:00,21,13,8
2021-02-09 20:00:00,12,11,1
2021-02-09 21:00:00,9,4,5
2021-02-09 22:00:00,6,3,3
2021-02-09 23:00:00,6,5,1
2021-02-10 00:00:00,3,2,1
2021-02-10 01:00:00,0,0,0
2021-02-10 02:00:00,0,0,0
2021-02-10 03:00:00,1,0,1
2021-02-10 04:00:00,1,1,0
2021-02-10 05:00:00,7,3,4
2021-02-10 06:00:00,25,8,17
2021-02-10 07:00:00,41,8,33
2021-02-10 08:00:00,47,7,40
2021-02-10 09:00:00,32,8,24
2021-02-10 10:00:00,36,9,27
2021-02-10 11:00:00,23,11,12
2021-02-10 12:00:00,38,18,20
2021-02-10 13:00:00,39,23,16
2021-02-10 14:00:00,54,26,28
2021-02-10 15:00:00,72,58,14
2021-02-10 16:00:00,92,64,28
2021-02-10 17:00:00,84,59,25
2021-02-10 18:00:00,45,29,16
2021-02-10 19:00:00,17,15,2
2021-02-10 20:00:00,8,3,5
2021-02-10 21:00:00,11,5,6
2021-02-10 22:00:00,5,0,5
2021-02-10 23:00:00,2,1,1
2021-02-11 00:00:00,2,1,1
2021-02-11 01:00:00,0,0,0
2021-02-11 02:00:00,0,0,0
2021-02-11 03:00:00,1,0,1
2021-02-11 04:00:00,1,0,1
2021-02-11 05:00:00,5,3,2
2021-02-11 06:00:00,13,6,7
2021-02-11 07:00:00,32,6,26
2021-02-11 08:00:00,50,8,42
2021-02-11 09:00:00,31,8,23
2021-02-11 10:00:00,19,5,14
2021-02-11 11:00:00,24,6,18
2021-02-11 12:00:00,14,6,8
2021-02-11 13:00:00,13,7,6
2021-02-11 14:00:00,23,16,7
2021-02-11 15:00:00,35,27,8
2021-02-11 16:00:00,41,32,9
2021-02-11 17:00:00,52,41,11
2021-02-11 18:00:00,21,13,8
2021-02-11 19:00:00,7,6,1
2021-02-11 20:00:00,6,4,2
2021-02-11 21:00:00,3,2,1
2021-02-11 22:00:00,3,1,2
2021-02-11 23:00:00,1,0,1
2021-02-12 00:00:00,0,0,0
2021-02-12 01:00:00,0,0,0
2021-02-12 02:00:00,0,0,0
2021-02-12 03:00:00,2,1,1
2021-02-12 04:00:00,4,1,3
2021-02-12 05:00:00,4,3,1
2021-02-12 06:00:00,5,1,4
2021-02-12 07:00:00,14,4,10
2021-02-12 08:00:00,17,5,12
2021-02-12 09:00:00,12,4,8
2021-02-12 10:00:00,15,3,12
2021-02-12 11:00:00,14,2,12
2021-02-12 12:00:00,8,4,4
2021-02-12 13:00:00,12,5,7
2021-02-12 14:00:00,23,16,7
2021-02-12 15:00:00,19,10,9
2021-02-12 16:00:00,27,22,5
2021-02-12 17:00:00,28,17,11
2021-02-12 18:00:00,16,11,5
2021-02-12 19:00:00,10,9,1
2021-02-12 20:00:00,5,4,1
2021-02-12 21:00:00,9,6,3
2021-02-12 22:00:00,2,1,1
2021-02-12 23:00:00,5,2,3
2021-02-13 00:00:00,2,2,0
2021-02-13 01:00:00,0,0,0
2021-02-13 02:00:00,0,0,0
2021-02-13 03:00:00,1,0,1
2021-02-13 04:00:00,0,0,0
2021-02-13 05:00:00,0,0,0
2021-02-13 06:00:00,0,0,0
2021-02-13 07:00:00,0,0,0
2021-02-13 08:00:00,0,0,0
2021-02-13 09:00:00,0,0,0
2021-02-13 10:00:00,0,0,0
2021-02-13 11:00:00,0,0,0
2021-02-13 12:00:00,0,0,0
2021-02-13 13:00:00,0,0,0
2021-02-13 14:00:00,0,0,0
2021-02-13 15:00:00,0,0,0
2021-02-13 16:00:00,0,0,0
2021-02-13 17:00:00,0,0,0
2021-02-13 18:00:00,0,0,0
2021-02-13 19:00:00,0,0,0
2021-02-13 20:00:00,0,0,0
2021-02-13 21:00:00,0,0,0
2021-02-13 22:00:00,0,0,0
2021-02-13 23:00:00,0,0,0
2021-02-14 00:00:00,0,0,0
2021-02-14 01:00:00,0,0,0
2021-02-14 02:00:00,0,0,0
2021-02-14 03:00:00,0,0,0
2021-02-14 04:00:00,0,0,0
2021-02-14 05:00:00,0,0,0
2021-02-14 06:00:00,0,0,0
2021-02-14 07:00:00,0,0,0
2021-02-14 08:00:00,0,0,0
2021-02-14 09:00:00,0,0,0
2021-02-14 10:00:00,0,0,0
2021-02-14 11:00:00,0,0,0
2021-02-14 12:00:00,0,0,0
2021-02-14 13:00:00,0,0,0
2021-02-14 14:00:00,1,0,1
2021-02-14 15:00:00,0,0,0
2021-02-14 16:00:00,0,0,0
2021-02-14 17:00:00,0,0,0
2021-02-14 18:00:00,0,0,0
2021-02-14 19:00:00,0,0,0
2021-02-14 20:00:00,0,0,0
2021-02-14 21:00:00,0,0,0
2021-02-14 22:00:00,0,0,0
2021-02-14 23:00:00,0,0,0
2021-02-15 00:00:00,0,0,0
2021-02-15 01:00:00,0,0,0
2021-02-15 02:00:00,0,0,0
2021-02-15 03:00:00,0,0,0
2021-02-15 04:00:00,0,0,0
2021-02-15 05:00:00,0,0,0
2021-02-15 06:00:00,0,0,0
2021-02-15 07:00:00,0,0,0
2021-02-15 08:00:00,0,0,0
2021-02-15 09:00:00,0,0,0
2021-02-15 10:00:00,0,0,0
2021-02-15 11:00:00,0,0,0
2021-02-15 12:00:00,0,0,0
2021-02-15 13:00:00,0,0,0
2021-02-15 14:00:00,0,0,0
2021-02-15 15:00:00,0,0,0
2021-02-15 16:00:00,0,0,0
2021-02-15 17:00:00,0,0,0
2021-02-15 18:00:00,0,0,0
2021-02-15 19:00:00,0,0,0
2021-02-15 20:00:00,0,0,0
2021-02-15 21:00:00,0,0,0
2021-02-15 22:00:00,0,0,0
2021-02-15 23:00:00,0,0,0
2021-02-16 00:00:00,0,0,0
2021-02-16 01:00:00,0,0,0
2021-02-16 02:00:00,0,0,0
2021-02-16 03:00:00,0,0,0
2021-02-16 04:00:00,0,0,0
2021-02-16 05:00:00,0,0,0
2021-02-16 06:00:00,0,0,0
2021-02-16 07:00:00,0,0,0
2021-02-16 08:00:00,0,0,0
2021-02-16 09:00:00,0,0,0
2021-02-16 10:00:00,0,0,0
2021-02-16 11:00:00,0,0,0
2021-02-16 12:00:00,0,0,0
2021-02-16 13:00:00,0,0,0
2021-02-16 14:00:00,0,0,0
2021-02-16 15:00:00,0,0,0
2021-02-16 16:00:00,0,0,0
2021-02-16 17:00:00,0,0,0
2021-02-16 18:00:00,0,0,0
2021-02-16 19:00:00,0,0,0
2021-02-16 20:00:00,0,0,0
2021-02-16 21:00:00,0,0,0
2021-02-16 22:00:00,0,0,0
2021-02-16 23:00:00,0,0,0
2021-02-17 00:00:00,0,0,0
2021-02-17 01:00:00,0,0,0
2021-02-17 02:00:00,0,0,0
2021-02-17 03:00:00,0,0,0
2021-02-17 04:00:00,0,0,0
2021-02-17 05:00:00,0,0,0
2021-02-17 06:00:00,0,0,0
2021-02-17 07:00:00,0,0,0
2021-02-17 08:00:00,0,0,0
2021-02-17 09:00:00,0,0,0
2021-02-17 10:00:00,0,0,0
2021-02-17 11:00:00,0,0,0
2021-02-17 12:00:00,0,0,0
2021-02-17 13:00:00,0,0,0
2021-02-17 14:00:00,0,0,0
2021-02-17 15:00:00,0,0,0
2021-02-17 16:00:00,0,0,0
2021-02-17 17:00:00,0,0,0
2021-02-17 18:00:00,0,0,0
2021-02-17 19:00:00,0,0,0
2021-02-17 20:00:00,0,0,0
2021-02-17 21:00:00,0,0,0
2021-02-17 22:00:00,0,0,0
2021-02-17 23:00:00,0,0,0
2021-02-18 00:00:00,0,0,0
2021-02-18 01:00:00,0,0,0
2021-02-18 02:00:00,0,0,0
2021-02-18 03:00:00,0,0,0
2021-02-18 04:00:00,0,0,0
2021-02-18 05:00:00,0,0,0
2021-02-18 06:00:00,0,0,0
2021-02-18 07:00:00,0,0,0
2021-02-18 08:00:00,0,0,0
2021-02-18 09:00:00,0,0,0
2021-02-18 10:00:00,0,0,0
2021-02-18 11:00:00,0,0,0
2021-02-18 12:00:00,0,0,0
2021-02-18 13:00:00,0,0,0
2021-02-18 14:00:00,0,0,0
2021-02-18 15:00:00,0,0,0
2021-02-18 16:00:00,0,0,0
2021-02-18 17:00:00,0,0,0
2021-02-18 18:00:00,0,0,0
2021-02-18 19:00:00,0,0,0
2021-02-18 20:00:00,0,0,0
2021-02-18 21:00:00,0,0,0
2021-02-18 22:00:00,0,0,0
2021-02-18 23:00:00,0,0,0
2021-02-19 00:00:00,0,0,0
2021-02-19 01:00:00,0,0,0
2021-02-19 02:00:00,0,0,0
2021-02-19 03:00:00,0,0,0
2021-02-19 04:00:00,0,0,0
2021-02-19 05:00:00,0,0,0
2021-02-19 06:00:00,0,0,0
2021-02-19 07:00:00,0,0,0
2021-02-19 08:00:00,0,0,0
2021-02-19 09:00:00,0,0,0
2021-02-19 10:00:00,0,0,0
2021-02-19 11:00:00,0,0,0
2021-02-19 12:00:00,0,0,0
2021-02-19 13:00:00,0,0,0
2021-02-19 14:00:00,0,0,0
2021-02-19 15:00:00,0,0,0
2021-02-19 16:00:00,0,0,0
2021-02-19 17:00:00,1,1,0
2021-02-19 18:00:00,0,0,0
2021-02-19 19:00:00,0,0,0
2021-02-19 20:00:00,0,0,0
2021-02-19 21:00:00,0,0,0
2021-02-19 22:00:00,0,0,0
2021-02-19 23:00:00,0,0,0
2021-02-20 00:00:00,0,0,0
2021-02-20 01:00:00,0,0,0
2021-02-20 02:00:00,0,0,0
2021-02-20 03:00:00,0,0,0
2021-02-20 04:00:00,0,0,0
2021-02-20 05:00:00,0,0,0
2021-02-20 06:00:00,0,0,0
2021-02-20 07:00:00,0,0,0
2021-02-20 08:00:00,0,0,0
2021-02-20 09:00:00,0,0,0
2021-02-20 10:00:00,0,0,0
2021-02-20 11:00:00,0,0,0
2021-02-20 12:00:00,0,0,0
2021-02-20 13:00:00,0,0,0
2021-02-20 14:00:00,0,0,0
2021-02-20 15:00:00,0,0,0
2021-02-20 16:00:00,0,0,0
2021-02-20 17:00:00,0,0,0
2021-02-20 18:00:00,0,0,0
2021-02-20 19:00:00,0,0,0
2021-02-20 20:00:00,0,0,0
2021-02-20 21:00:00,0,0,0
2021-02-20 22:00:00,0,0,0
2021-02-20 23:00:00,0,0,0
2021-02-21 00:00:00,0,0,0
2021-02-21 01:00:00,0,0,0
2021-02-21 02:00:00,0,0,0
2021-02-21 03:00:00,0,0,0
2021-02-21 04:00:00,0,0,0
2021-02-21 05:00:00,0,0,0
2021-02-21 06:00:00,0,0,0
2021-02-21 07:00:00,0,0,0
2021-02-21 08:00:00,0,0,0
2021-02-21 09:00:00,0,0,0
2021-02-21 10:00:00,0,0,0
2021-02-21 11:00:00,0,0,0
2021-02-21 12:00:00,0,0,0
2021-02-21 13:00:00,0,0,0
2021-02-21 14:00:00,0,0,0
2021-02-21 15:00:00,0,0,0
2021-02-21 16:00:00,0,0,0
2021-02-21 17:00:00,0,0,0
2021-02-21 18:00:00,0,0,0
2021-02-21 19:00:00,0,0,0
2021-02-21 20:00:00,0,0,0
2021-02-21 21:00:00,0,0,0
2021-02-21 22:00:00,0,0,0
2021-02-21 23:00:00,0,0,0
2021-02-22 00:00:00,0,0,0
2021-02-22 01:00:00,0,0,0
2021-02-22 02:00:00,0,0,0
2021-02-22 03:00:00,0,0,0
2021-02-22 04:00:00,0,0,0
2021-02-22 05:00:00,0,0,0
2021-02-22 06:00:00,0,0,0
2021-02-22 07:00:00,0,0,0
2021-02-22 08:00:00,0,0,0
2021-02-22 09:00:00,0,0,0
2021-02-22 10:00:00,0,0,0
2021-02-22 11:00:00,0,0,0
2021-02-22 12:00:00,0,0,0
2021-02-22 13:00:00,0,0,0
2021-02-22 14:00:00,0,0,0
2021-02-22 15:00:00,0,0,0
2021-02-22 16:00:00,0,0,0
2021-02-22 17:00:00,0,0,0
2021-02-22 18:00:00,0,0,0
2021-02-22 19:00:00,0,0,0
2021-02-22 20:00:00,0,0,0
2021-02-22 21:00:00,0,0,0
2021-02-22 22:00:00,0,0,0
2021-02-22 23:00:00,0,0,0
2021-02-23 00:00:00,0,0,0
2021-02-23 01:00:00,0,0,0
2021-02-23 02:00:00,0,0,0
2021-02-23 03:00:00,0,0,0
2021-02-23 04:00:00,0,0,0
2021-02-23 05:00:00,0,0,0
2021-02-23 06:00:00,0,0,0
2021-02-23 07:00:00,0,0,0
2021-02-23 08:00:00,0,0,0
2021-02-23 09:00:00,0,0,0
2021-02-23 10:00:00,0,0,0
2021-02-23 11:00:00,0,0,0
2021-02-23 12:00:00,1,1,0
2021-02-23 13:00:00,1,0,1
2021-02-23 14:00:00,0,0,0
2021-02-23 15:00:00,0,0,0
2021-02-23 16:00:00,0,0,0
2021-02-23 17:00:00,0,0,0
2021-02-23 18:00:00,0,0,0
2021-02-23 19:00:00,0,0,0
2021-02-23 20:00:00,0,0,0
2021-02-23 21:00:00,0,0,0
2021-02-23 22:00:00,0,0,0
2021-02-23 23:00:00,0,0,0
2021-02-24 00:00:00,0,0,0
2021-02-24 01:00:00,0,0,0
2021-02-24 02:00:00,0,0,0
2021-02-24 03:00:00,0,0,0
2021-02-24 04:00:00,0,0,0
2021-02-24 05:00:00,0,0,0
2021-02-24 06:00:00,0,0,0
2021-02-24 07:00:00,0,0,0
2021-02-24 08:00:00,0,0,0
2021-02-24 09:00:00,0,0,0
2021-02-24 10:00:00,0,0,0
2021-02-24 11:00:00,0,0,0
2021-02-24 12:00:00,0,0,0
2021-02-24 13:00:00,0,0,0
2021-02-24 14:00:00,0,0,0
2021-02-24 15:00:00,0,0,0
2021-02-24 16:00:00,0,0,0
2021-02-24 17:00:00,0,0,0
2021-02-24 18:00:00,0,0,0
2021-02-24 19:00:00,0,0,0
2021-02-24 20:00:00,0,0,0
2021-02-24 21:00:00,0,0,0
2021-02-24 22:00:00,0,0,0
2021-02-24 23:00:00,0,0,0
2021-02-25 00:00:00,0,0,0
2021-02-25 01:00:00,0,0,0
2021-02-25 02:00:00,0,0,0
2021-02-25 03:00:00,0,0,0
2021-02-25 04:00:00,0,0,0
2021-02-25 05:00:00,0,0,0
2021-02-25 06:00:00,0,0,0
2021-02-25 07:00:00,0,0,0
2021-02-25 08:00:00,0,0,0
2021-02-25 09:00:00,0,0,0
2021-02-25 10:00:00,0,0,0
2021-02-25 11:00:00,0,0,0
2021-02-25 12:00:00,0,0,0
2021-02-25 13:00:00,0,0,0
2021-02-25 14:00:00,0,0,0
2021-02-25 15:00:00,0,0,0
2021-02-25 16:00:00,0,0,0
2021-02-25 17:00:00,0,0,0
2021-02-25 18:00:00,0,0,0
2021-02-25 19:00:00,0,0,0
2021-02-25 20:00:00,0,0,0
2021-02-25 21:00:00,0,0,0
2021-02-25 22:00:00,0,0,0
2021-02-25 23:00:00,0,0,0
2021-02-26 00:00:00,0,0,0
2021-02-26 01:00:00,0,0,0
2021-02-26 02:00:00,0,0,0
2021-02-26 03:00:00,0,0,0
2021-02-26 04:00:00,0,0,0
2021-02-26 05:00:00,0,0,0
2021-02-26 06:00:00,0,0,0
2021-02-26 07:00:00,0,0,0
2021-02-26 08:00:00,0,0,0
2021-02-26 09:00:00,0,0,0
2021-02-26 10:00:00,0,0,0
2021-02-26 11:00:00,0,0,0
2021-02-26 12:00:00,0,0,0
2021-02-26 13:00:00,0,0,0
2021-02-26 14:00:00,0,0,0
2021-02-26 15:00:00,0,0,0
2021-02-26 16:00:00,0,0,0
2021-02-26 17:00:00,0,0,0
2021-02-26 18:00:00,0,0,0
2021-02-26 19:00:00,0,0,0
2021-02-26 20:00:00,0,0,0
2021-02-26 21:00:00,0,0,0
2021-02-26 22:00:00,0,0,0
2021-02-26 23:00:00,0,0,0
2021-02-27 00:00:00,0,0,0
2021-02-27 01:00:00,0,0,0
2021-02-27 02:00:00,0,0,0
2021-02-27 03:00:00,0,0,0
2021-02-27 04:00:00,0,0,0
2021-02-27 05:00:00,0,0,0
2021-02-27 06:00:00,0,0,0
2021-02-27 07:00:00,0,0,0
2021-02-27 08:00:00,0,0,0
2021-02-27 09:00:00,0,0,0
2021-02-27 10:00:00,0,0,0
2021-02-27 11:00:00,0,0,0
2021-02-27 12:00:00,0,0,0
2021-02-27 13:00:00,0,0,0
2021-02-27 14:00:00,1,0,1
2021-02-27 15:00:00,1,0,1
2021-02-27 16:00:00,2,2,0
2021-02-27 17:00:00,0,0,0
2021-02-27 18:00:00,0,0,0
2021-02-27 19:00:00,0,0,0
2021-02-27 20:00:00,0,0,0
2021-02-27 21:00:00,0,0,0
2021-02-27 22:00:00,0,0,0
2021-02-27 23:00:00,0,0,0
2021-02-28 00:00:00,0,0,0
2021-02-28 01:00:00,0,0,0
2021-02-28 02:00:00,0,0,0
2021-02-28 03:00:00,0,0,0
2021-02-28 04:00:00,0,0,0
2021-02-28 05:00:00,0,0,0
2021-02-28 06:00:00,0,0,0
2021-02-28 07:00:00,0,0,0
2021-02-28 08:00:00,0,0,0
2021-02-28 09:00:00,0,0,0
2021-02-28 10:00:00,0,0,0
2021-02-28 11:00:00,0,0,0
2021-02-28 12:00:00,2,0,2
2021-02-28 13:00:00,0,0,0
2021-02-28 14:00:00,2,0,2
2021-02-28 15:00:00,1,0,1
2021-02-28 16:00:00,0,0,0
2021-02-28 17:00:00,0,0,0
2021-02-28 18:00:00,0,0,0
2021-02-28 19:00:00,0,0,0
2021-02-28 20:00:00,0,0,0
2021-02-28 21:00:00,0,0,0
2021-02-28 22:00:00,0,0,0
2021-02-28 23:00:00,0,0,0
2021-03-01 00:00:00,0,0,0
2021-03-01 01:00:00,0,0,0
2021-03-01 02:00:00,0,0,0
2021-03-01 03:00:00,0,0,0
2021-03-01 04:00:00,0,0,0
2021-03-01 05:00:00,0,0,0
2021-03-01 06:00:00,0,0,0
2021-03-01 07:00:00,0,0,0
2021-03-01 08:00:00,1,0,1
2021-03-01 09:00:00,0,0,0
2021-03-01 10:00:00,0,0,0
2021-03-01 11:00:00,0,0,0
2021-03-01 12:00:00,0,0,0
2021-03-01 13:00:00,0,0,0
2021-03-01 14:00:00,0,0,0
2021-03-01 15:00:00,0,0,0
2021-03-01 16:00:00,0,0,0
2021-03-01 17:00:00,0,0,0
2021-03-01 18:00:00,0,0,0
2021-03-01 19:00:00,1,0,1
2021-03-01 20:00:00,0,0,0
2021-03-01 21:00:00,0,0,0
2021-03-01 22:00:00,0,0,0
2021-03-01 23:00:00,0,0,0
2021-03-02 00:00:00,0,0,0
2021-03-02 01:00:00,0,0,0
2021-03-02 02:00:00,0,0,0
2021-03-02 03:00:00,0,0,0
2021-03-02 04:00:00,0,0,0
2021-03-02 05:00:00,0,0,0
2021-03-02 06:00:00,0,0,0
2021-03-02 07:00:00,1,0,1
2021-03-02 08:00:00,0,0,0
2021-03-02 09:00:00,0,0,0
2021-03-02 10:00:00,0,0,0
2021-03-02 11:00:00,0,0,0
2021-03-02 12:00:00,0,0,0
2021-03-02 13:00:00,0,0,0
2021-03-02 14:00:00,1,0,1
2021-03-02 15:00:00,0,0,0
2021-03-02 16:00:00,0,0,0
2021-03-02 17:00:00,0,0,0
2021-03-02 18:00:00,0,0,0
2021-03-02 19:00:00,0,0,0
2021-03-02 20:00:00,0,0,0
2021-03-02 21:00:00,0,0,0
2021-03-02 22:00:00,0,0,0
2021-03-02 23:00:00,0,0,0
2021-03-03 00:00:00,0,0,0
2021-03-03 01:00:00,0,0,0
2021-03-03 02:00:00,0,0,0
2021-03-03 03:00:00,0,0,0
2021-03-03 04:00:00,0,0,0
2021-03-03 05:00:00,0,0,0
2021-03-03 06:00:00,0,0,0
2021-03-03 07:00:00,0,0,0
2021-03-03 08:00:00,0,0,0
2021-03-03 09:00:00,0,0,0
2021-03-03 10:00:00,0,0,0
2021-03-03 11:00:00,1,1,0
2021-03-03 12:00:00,0,0,0
2021-03-03 13:00:00,0,0,0
2021-03-03 14:00:00,0,0,0
2021-03-03 15:00:00,0,0,0
2021-03-03 16:00:00,1,0,1
2021-03-03 17:00:00,0,0,0
2021-03-03 18:00:00,0,0,0
2021-03-03 19:00:00,0,0,0
2021-03-03 20:00:00,0,0,0
2021-03-03 21:00:00,0,0,0
2021-03-03 22:00:00,0,0,0
2021-03-03 23:00:00,0,0,0
2021-03-04 00:00:00,0,0,0
2021-03-04 01:00:00,0,0,0
2021-03-04 02:00:00,0,0,0
2021-03-04 03:00:00,0,0,0
2021-03-04 04:00:00,0,0,0
2021-03-04 05:00:00,0,0,0
2021-03-04 06:00:00,0,0,0
2021-03-04 07:00:00,1,1,0
2021-03-04 08:00:00,0,0,0
2021-03-04 09:00:00,1,0,1
2021-03-04 10:00:00,0,0,0
2021-03-04 11:00:00,0,0,0
2021-03-04 12:00:00,0,0,0
2021-03-04 13:00:00,13,5,8
2021-03-04 14:00:00,21,14,7
2021-03-04 15:00:00,35,25,10
2021-03-04 16:00:00,46,33,13
2021-03-04 17:00:00,77,67,10
2021-03-04 18:00:00,29,24,5
2021-03-04 19:00:00,19,12,7
2021-03-04 20:00:00,17,12,5
2021-03-04 21:00:00,5,5,0
2021-03-04 22:00:00,5,2,3
2021-03-04 23:00:00,3,2,1
2021-03-05 00:00:00,3,3,0
2021-03-05 01:00:00,0,0,0
2021-03-05 02:00:00,0,0,0
2021-03-05 03:00:00,0,0,0
2021-03-05 04:00:00,1,0,1
2021-03-05 05:00:00,12,4,8
2021-03-05 06:00:00,21,6,15
2021-03-05 07:00:00,44,12,32
2021-03-05 08:00:00,42,6,36
2021-03-05 09:00:00,31,5,26
2021-03-05 10:00:00,22,8,14
2021-03-05 11:00:00,17,6,11
2021-03-05 12:00:00,10,5,5
2021-03-05 13:00:00,18,12,6
2021-03-05 14:00:00,25,16,9
2021-03-05 15:00:00,38,25,13
2021-03-05 16:00:00,51,42,9
2021-03-05 17:00:00,68,42,26
2021-03-05 18:00:00,40,24,16
2021-03-05 19:00:00,15,10,5
2021-03-05 20:00:00,11,8,3
2021-03-05 21:00:00,10,7,3
2021-03-05 22:00:00,6,4,2
2021-03-05 23:00:00,4,3,1
2021-03-06 00:00:00,1,1,0
2021-03-06 01:00:00,1,0,1
2021-03-06 02:00:00,2,1,1
2021-03-06 03:00:00,1,1,0
2021-03-06 04:00:00,3,3,0
2021-03-06 05:00:00,1,0,1
2021-03-06 06:00:00,3,1,2
2021-03-06 07:00:00,15,8,7
2021-03-06 08:00:00,33,17,16
2021-03-06 09:00:00,44,19,25
2021-03-06 10:00:00,75,39,36
2021-03-06 11:00:00,90,52,38
2021-03-06 12:00:00,135,61,74
2021-03-06 13:00:00,151,75,76
2021-03-06 14:00:00,150,82,68
2021-03-06 15:00:00,101,49,52
2021-03-06 16:00:00,69,40,29
2021-03-06 17:00:00,44,22,22
2021-03-06 18:00:00,34,17,17
2021-03-06 19:00:00,19,7,12
2021-03-06 20:00:00,13,7,6
2021-03-06 21:00:00,10,7,3
2021-03-06 22:00:00,9,4,5
2021-03-06 23:00:00,7,2,5
2021-03-07 00:00:00,5,3,2
2021-03-07 01:00:00,3,0,3
2021-03-07 02:00:00,0,0,0
2021-03-07 03:00:00,0,0,0
2021-03-07 04:00:00,0,0,0
2021-03-07 05:00:00,3,0,3
2021-03-07 06:00:00,6,1,5
2021-03-07 07:00:00,5,4,1
2021-03-07 08:00:00,19,12,7
2021-03-07 09:00:00,19,15,4
2021-03-07 10:00:00,36,17,19
2021-03-07 11:00:00,54,33,21
2021-03-07 12:00:00,29,11,18
2021-03-07 13:00:00,46,15,31
2021-03-07 14:00:00,82,50,32
2021-03-07 15:00:00,59,28,31
2021-03-07 16:00:00,39,15,24
2021-03-07 17:00:00,27,14,13
2021-03-07 18:00:00,9,4,5
2021-03-07 19:00:00,14,8,6
2021-03-07 20:00:00,9,2,7
2021-03-07 21:00:00,4,3,1
2021-03-07 22:00:00,2,1,1
2021-03-07 23:00:00,0,0,0
2021-03-08 00:00:00,0,0,0
2021-03-08 01:00:00,1,1,0
2021-03-08 02:00:00,0,0,0
2021-03-08 03:00:00,0,0,0
2021-03-08 04:00:00,3,3,0
2021-03-08 05:00:00,7,3,4
2021-03-08 06:00:00,22,6,16
2021-03-08 07:00:00,50,6,44
2021-03-08 08:00:00,59,12,47
2021-03-08 09:00:00,66,14,52
2021-03-08 10:00:00,37,13,24
2021-03-08 11:00:00,42,21,21
2021-03-08 12:00:00,46,19,27
2021-03-08 13:00:00,48,28,20
2021-03-08 14:00:00,61,34,27
2021-03-08 15:00:00,76,44,32
2021-03-08 16:00:00,123,84,39
2021-03-08 17:00:00,147,94,53
2021-03-08 18:00:00,67,38,29
2021-03-08 19:00:00,38,26,12
2021-03-08 20:00:00,16,10,6
2021-03-08 21:00:00,9,5,4
2021-03-08 22:00:00,3,3,0
2021-03-08 23:00:00,5,3,2
2021-03-09 00:00:00,2,2,0
2021-03-09 01:00:00,2,2,0
2021-03-09 02:00:00,0,0,0
2021-03-09 03:00:00,1,0,1
2021-03-09 04:00:00,2,0,2
2021-03-09 05:00:00,10,5,5
2021-03-09 06:00:00,34,9,25
2021-03-09 07:00:00,69,12,57
2021-03-09 08:00:00,80,18,62
2021-03-09 09:00:00,40,10,30
2021-03-09 10:00:00,25,6,19
2021-03-09 11:00:00,34,16,18
2021-03-09 12:00:00,33,15,18
2021-03-09 13:00:00,49,28,21
2021-03-09 14:00:00,63,42,21
2021-03-09 15:00:00,71,48,23
2021-03-09 16:00:00,114,72,42
2021-03-09 17:00:00,128,100,28
2021-03-09 18:00:00,81,45,36
2021-03-09 19:00:00,42,20,22
2021-03-09 20:00:00,18,9,9
2021-03-09 21:00:00,11,10,1
2021-03-09 22:00:00,5,0,5
2021-03-09 23:00:00,5,3,2
2021-03-10 00:00:00,3,2,1
2021-03-10 01:00:00,0,0,0
2021-03-10 02:00:00,1,0,1
2021-03-10 03:00:00,0,0,0
2021-03-10 04:00:00,2,1,1
2021-03-10 05:00:00,9,4,5
2021-03-10 06:00:00,32,10,22
2021-03-10 07:00:00,76,16,60
2021-03-10 08:00:00,76,14,62
2021-03-10 09:00:00,70,22,48
2021-03-10 10:00:00,59,22,37
2021-03-10 11:00:00,45,16,29
2021-03-10 12:00:00,66,31,35
2021-03-10 13:00:00,66,30,36
2021-03-10 14:00:00,84,46,38
2021-03-10 15:00:00,113,72,41
2021-03-10 16:00:00,174,121,53
2021-03-10 17:00:00,202,144,58
2021-03-10 18:00:00,105,65,40
2021-03-10 19:00:00,30,18,12
2021-03-10 20:00:00,27,14,13
2021-03-10 21:00:00,13,8,5
2021-03-10 22:00:00,12,8,4
2021-03-10 23:00:00,2,1,1
2021-03-11 00:00:00,1,1,0
2021-03-11 01:00:00,0,0,0
2021-03-11 02:00:00,0,0,0
2021-03-11 03:00:00,0,0,0
2021-03-11 04:00:00,5,3,2
2021-03-11 05:00:00,11,3,8
2021-03-11 06:00:00,36,11,25
2021-03-11 07:00:00,55,10,45
2021-03-11 08:00:00,99,28,71
2021-03-11 09:00:00,62,15,47
2021-03-11 10:00:00,46,14,32
2021-03-11 11:00:00,53,21,32
2021-03-11 12:00:00,65,31,34
2021-03-11 13:00:00,77,42,35
2021-03-11 14:00:00,73,47,26
2021-03-11 15:00:00,104,70,34
2021-03-11 16:00:00,164,103,61
2021-03-11 17:00:00,197,128,69
2021-03-11 18:00:00,97,61,36
2021-03-11 19:00:00,29,19,10
2021-03-11 20:00:00,38,18,20
2021-03-11 21:00:00,20,12,8
2021-03-11 22:00:00,8,1,7
2021-03-11 23:00:00,4,1,3
2021-03-12 00:00:00,2,2,0
2021-03-12 01:00:00,1,1,0
2021-03-12 02:00:00,0,0,0
2021-03-12 03:00:00,0,0,0
2021-03-12 04:00:00,3,1,2
2021-03-12 05:00:00,10,5,5
2021-03-12 06:00:00,28,11,17
2021-03-12 07:00:00,64,21,43
2021-03-12 08:00:00,80,20,60
2021-03-12 09:00:00,59,23,36
2021-03-12 10:00:00,50,24,26
2021-03-12 11:00:00,56,19,37
2021-03-12 12:00:00,45,18,27
2021-03-12 13:00:00,58,37,21
2021-03-12 14:00:00,99,52,47
2021-03-12 15:00:00,120,83,37
2021-03-12 16:00:00,156,106,50
2021-03-12 17:00:00,171,106,65
2021-03-12 18:00:00,100,58,42
2021-03-12 19:00:00,44,23,21
2021-03-12 20:00:00,37,19,18
2021-03-12 21:00:00,27,11,16
2021-03-12 22:00:00,7,4,3
2021-03-12 23:00:00,8,5,3
2021-03-13 00:00:00,5,3,2
2021-03-13 01:00:00,3,2,1
2021-03-13 02:00:00,1,1,0
2021-03-13 03:00:00,0,0,0
2021-03-13 04:00:00,0,0,0
2021-03-13 05:00:00,3,1,2
2021-03-13 06:00:00,5,2,3
2021-03-13 07:00:00,26,15,11
2021-03-13 08:00:00,38,22,16
2021-03-13 09:00:00,62,37,25
2021-03-13 10:00:00,110,55,55
2021-03-13 11:00:00,148,77,71
2021-03-13 12:00:00,168,89,79
2021-03-13 13:00:00,188,107,81
2021-03-13 14:00:00,258,157,101
2021-03-13 15:00:00,210,90,120
2021-03-13 16:00:00,207,111,96
2021-03-13 17:00:00,119,47,72
2021-03-13 18:00:00,100,34,66
2021-03-13 19:00:00,29,10,19
2021-03-13 20:00:00,24,8,16
2021-03-13 21:00:00,12,5,7
2021-03-13 22:00:00,10,4,6
2021-03-13 23:00:00,13,6,7
2021-03-14 00:00:00,1,1,0
2021-03-14 01:00:00,1,0,1
2021-03-14 02:00:00,0,0,0
2021-03-14 03:00:00,3,3,0
2021-03-14 04:00:00,0,0,0
2021-03-14 05:00:00,2,0,2
2021-03-14 06:00:00,6,2,4
2021-03-14 07:00:00,6,4,2
2021-03-14 08:00:00,17,5,12
2021-03-14 09:00:00,30,10,20
2021-03-14 10:00:00,22,11,11
2021-03-14 11:00:00,12,3,9
2021-03-14 12:00:00,11,6,5
2021-03-14 13:00:00,13,10,3
2021-03-14 14:00:00,15,9,6
2021-03-14 15:00:00,13,8,5
2021-03-14 16:00:00,15,5,10
2021-03-14 17:00:00,4,3,1
2021-03-14 18:00:00,8,4,4
2021-03-14 19:00:00,9,9,0
2021-03-14 20:00:00,8,3,5
2021-03-14 21:00:00,2,2,0
2021-03-14 22:00:00,9,5,4
2021-03-14 23:00:00,0,0,0
2021-03-15 00:00:00,1,1,0
2021-03-15 01:00:00,0,0,0
2021-03-15 02:00:00,0,0,0
2021-03-15 03:00:00,0,0,0
2021-03-15 04:00:00,4,1,3
2021-03-15 05:00:00,7,3,4
2021-03-15 06:00:00,35,10,25
2021-03-15 07:00:00,44,6,38
2021-03-15 08:00:00,61,6,55
2021-03-15 09:00:00,52,15,37
2021-03-15 10:00:00,29,11,18
2021-03-15 11:00:00,32,12,20
2021-03-15 12:00:00,29,11,18
2021-03-15 13:00:00,37,18,19
2021-03-15 14:00:00,47,32,15
2021-03-15 15:00:00,69,52,17
2021-03-15 16:00:00,115,76,39
2021-03-15 17:00:00,154,115,39
2021-03-15 18:00:00,78,50,28
2021-03-15 19:00:00,50,26,24
2021-03-15 20:00:00,26,12,14
2021-03-15 21:00:00,18,9,9
2021-03-15 22:00:00,11,4,7
2021-03-15 23:00:00,4,3,1
2021-03-16 00:00:00,1,1,0
2021-03-16 01:00:00,1,1,0
2021-03-16 02:00:00,0,0,0
2021-03-16 03:00:00,0,0,0
2021-03-16 04:00:00,4,1,3
2021-03-16 05:00:00,11,4,7
2021-03-16 06:00:00,31,8,23
2021-03-16 07:00:00,68,16,52
2021-03-16 08:00:00,64,5,59
2021-03-16 09:00:00,63,15,48
2021-03-16 10:00:00,43,19,24
2021-03-16 11:00:00,38,18,20
2021-03-16 12:00:00,58,35,23
2021-03-16 13:00:00,47,21,26
2021-03-16 14:00:00,63,44,19
2021-03-16 15:00:00,102,62,40
2021-03-16 16:00:00,157,106,51
2021-03-16 17:00:00,169,117,52
2021-03-16 18:00:00,141,79,62
2021-03-16 19:00:00,61,31,30
2021-03-16 20:00:00,39,25,14
2021-03-16 21:00:00,16,5,11
2021-03-16 22:00:00,10,4,6
2021-03-16 23:00:00,5,4,1
2021-03-17 00:00:00,0,0,0
2021-03-17 01:00:00,2,0,2
2021-03-17 02:00:00,0,0,0
2021-03-17 03:00:00,0,0,0
2021-03-17 04:00:00,4,2,2
2021-03-17 05:00:00,8,3,5
2021-03-17 06:00:00,20,6,14
2021-03-17 07:00:00,75,17,58
2021-03-17 08:00:00,73,18,55
2021-03-17 09:00:00,53,12,41
2021-03-17 10:00:00,38,13,25
2021-03-17 11:00:00,35,16,19
2021-03-17 12:00:00,40,25,15
2021-03-17 13:00:00,50,22,28
2021-03-17 14:00:00,69,38,31
2021-03-17 15:00:00,89,55,34
2021-03-17 16:00:00,143,88,55
2021-03-17 17:00:00,221,158,63
2021-03-17 18:00:00,137,81,56
2021-03-17 19:00:00,61,27,34
2021-03-17 20:00:00,21,12,9
2021-03-17 21:00:00,18,10,8
2021-03-17 22:00:00,19,12,7
2021-03-17 23:00:00,12,6,6
2021-03-18 00:00:00,1,1,0
2021-03-18 01:00:00,0,0,0
2021-03-18 02:00:00,1,1,0
2021-03-18 03:00:00,1,0,1
2021-03-18 04:00:00,4,2,2
2021-03-18 05:00:00,10,4,6
2021-03-18 06:00:00,25,5,20
2021-03-18 07:00:00,46,12,34
2021-03-18 08:00:00,60,10,50
2021-03-18 09:00:00,48,9,39
2021-03-18 10:00:00,36,11,25
2021-03-18 11:00:00,14,8,6
2021-03-18 12:00:00,12,6,6
2021-03-18 13:00:00,19,7,12
2021-03-18 14:00:00,25,16,9
2021-03-18 15:00:00,43,25,18
2021-03-18 16:00:00,41,30,11
2021-03-18 17:00:00,80,71,9
2021-03-18 18:00:00,31,26,5
2021-03-18 19:00:00,25,15,10
2021-03-18 20:00:00,14,9,5
2021-03-18 21:00:00,4,4,0
2021-03-18 22:00:00,6,1,5
2021-03-18 23:00:00,3,1,2
2021-03-19 00:00:00,1,1,0
2021-03-19 01:00:00,1,1,0
2021-03-19 02:00:00,0,0,0
2021-03-19 03:00:00,0,0,0
2021-03-19 04:00:00,0,0,0
2021-03-19 05:00:00,11,6,5
2021-03-19 06:00:00,20,2,18
2021-03-19 07:00:00,43,12,31
2021-03-19 08:00:00,44,7,37
2021-03-19 09:00:00,40,9,31
2021-03-19 10:00:00,26,13,13
2021-03-19 11:00:00,30,13,17
2021-03-19 12:00:00,54,25,29
2021-03-19 13:00:00,64,39,25
2021-03-19 14:00:00,59,36,23
2021-03-19 15:00:00,79,54,25
2021-03-19 16:00:00,64,42,22
2021-03-19 17:00:00,70,57,13
2021-03-19 18:00:00,44,31,13
2021-03-19 19:00:00,24,13,11
2021-03-19 20:00:00,19,14,5
2021-03-19 21:00:00,3,3,0
2021-03-19 22:00:00,8,5,3
2021-03-19 23:00:00,11,7,4
2021-03-20 00:00:00,4,2,2
2021-03-20 01:00:00,0,0,0
2021-03-20 02:00:00,0,0,0
2021-03-20 03:00:00,0,0,0
2021-03-20 04:00:00,0,0,0
2021-03-20 05:00:00,1,0,1
2021-03-20 06:00:00,3,1,2
2021-03-20 07:00:00,10,3,7
2021-03-20 08:00:00,13,5,8
2021-03-20 09:00:00,23,13,10
2021-03-20 10:00:00,30,12,18
2021-03-20 11:00:00,45,21,24
2021-03-20 12:00:00,52,31,21
2021-03-20 13:00:00,69,33,36
2021-03-20 14:00:00,71,42,29
2021-03-20 15:00:00,86,51,35
2021-03-20 16:00:00,79,38,41
2021-03-20 17:00:00,53,24,29
2021-03-20 18:00:00,24,11,13
2021-03-20 19:00:00,15,12,3
2021-03-20 20:00:00,12,7,5
2021-03-20 21:00:00,2,2,0
2021-03-20 22:00:00,5,4,1
2021-03-20 23:00:00,4,2,2
2021-03-21 00:00:00,1,1,0
2021-03-21 01:00:00,1,1,0
2021-03-21 02:00:00,1,0,1
2021-03-21 03:00:00,0,0,0
2021-03-21 04:00:00,0,0,0
2021-03-21 05:00:00,3,0,3
2021-03-21 06:00:00,6,1,5
2021-03-21 07:00:00,8,3,5
2021-03-21 08:00:00,21,11,10
2021-03-21 09:00:00,39,14,25
2021-03-21 10:00:00,44,28,16
2021-03-21 11:00:00,22,10,12
2021-03-21 12:00:00,28,19,9
2021-03-21 13:00:00,31,19,12
2021-03-21 14:00:00,47,15,32
2021-03-21 15:00:00,30,17,13
2021-03-21 16:00:00,23,9,14
2021-03-21 17:00:00,24,10,14
2021-03-21 18:00:00,13,8,5
2021-03-21 19:00:00,15,9,6
2021-03-21 20:00:00,8,1,7
2021-03-21 21:00:00,3,3,0
2021-03-21 22:00:00,7,5,2
2021-03-21 23:00:00,2,2,0
2021-03-22 00:00:00,0,0,0
2021-03-22 01:00:00,2,2,0
2021-03-22 02:00:00,1,1,0
2021-03-22 03:00:00,0,0,0
2021-03-22 04:00:00,4,3,1
2021-03-22 05:00:00,6,2,4
2021-03-22 06:00:00,22,7,15
2021-03-22 07:00:00,49,7,42
2021-03-22 08:00:00,45,4,41
2021-03-22 09:00:00,37,3,34
2021-03-22 10:00:00,25,12,13
2021-03-22 11:00:00,37,16,21
2021-03-22 12:00:00,27,17,10
2021-03-22 13:00:00,37,16,21
2021-03-22 14:00:00,21,9,12
2021-03-22 15:00:00,39,21,18
2021-03-22 16:00:00,78,62,16
2021-03-22 17:00:00,153,115,38
2021-03-22 18:00:00,114,65,49
2021-03-22 19:00:00,78,31,47
2021-03-22 20:00:00,31,15,16
2021-03-22 21:00:00,9,7,2
2021-03-22 22:00:00,5,5,0
2021-03-22 23:00:00,3,2,1
2021-03-23 00:00:00,3,2,1
2021-03-23 01:00:00,0,0,0
2021-03-23 02:00:00,1,0,1
2021-03-23 03:00:00,0,0,0
2021-03-23 04:00:00,1,1,0
2021-03-23 05:00:00,9,6,3
2021-03-23 06:00:00,31,6,25
2021-03-23 07:00:00,69,12,57
2021-03-23 08:00:00,75,13,62
2021-03-23 09:00:00,62,17,45
2021-03-23 10:00:00,51,14,37
2021-03-23 11:00:00,50,22,28
2021-03-23 12:00:00,41,28,13
2021-03-23 13:00:00,52,23,29
2021-03-23 14:00:00,88,53,35
2021-03-23 15:00:00,107,57,50
2021-03-23 16:00:00,167,119,48
2021-03-23 17:00:00,193,142,51
2021-03-23 18:00:00,152,87,65
2021-03-23 19:00:00,78,41,37
2021-03-23 20:00:00,36,14,22
2021-03-23 21:00:00,13,9,4
2021-03-23 22:00:00,8,5,3
2021-03-23 23:00:00,7,2,5
2021-03-24 00:00:00,5,2,3
2021-03-24 01:00:00,3,1,2
2021-03-24 02:00:00,0,0,0
2021-03-24 03:00:00,0,0,0
2021-03-24 04:00:00,1,1,0
2021-03-24 05:00:00,7,5,2
2021-03-24 06:00:00,26,6,20
2021-03-24 07:00:00,56,12,44
2021-03-24 08:00:00,58,9,49
2021-03-24 09:00:00,34,9,25
2021-03-24 10:00:00,22,6,16
2021-03-24 11:00:00,23,10,13
2021-03-24 12:00:00,29,18,11
2021-03-24 13:00:00,29,12,17
2021-03-24 14:00:00,32,20,12
2021-03-24 15:00:00,33,22,11
2021-03-24 16:00:00,52,34,18
2021-03-24 17:00:00,55,47,8
2021-03-24 18:00:00,30,25,5
2021-03-24 19:00:00,35,28,7
2021-03-24 20:00:00,10,5,5
2021-03-24 21:00:00,10,6,4
2021-03-24 22:00:00,9,5,4
2021-03-24 23:00:00,4,2,2
2021-03-25 00:00:00,1,1,0
2021-03-25 01:00:00,0,0,0
2021-03-25 02:00:00,0,0,0
2021-03-25 03:00:00,0,0,0
2021-03-25 04:00:00,1,0,1
2021-03-25 05:00:00,8,4,4
2021-03-25 06:00:00,19,3,16
2021-03-25 07:00:00,50,12,38
2021-03-25 08:00:00,59,6,53
2021-03-25 09:00:00,54,18,36
2021-03-25 10:00:00,29,9,20
2021-03-25 11:00:00,22,8,14
2021-03-25 12:00:00,32,16,16
2021-03-25 13:00:00,47,24,23
2021-03-25 14:00:00,48,30,18
2021-03-25 15:00:00,69,48,21
2021-03-25 16:00:00,115,78,37
2021-03-25 17:00:00,175,117,58
2021-03-25 18:00:00,159,92,67
2021-03-25 19:00:00,64,32,32
2021-03-25 20:00:00,33,14,19
2021-03-25 21:00:00,23,13,10
2021-03-25 22:00:00,6,5,1
2021-03-25 23:00:00,8,3,5
2021-03-26 00:00:00,6,2,4
2021-03-26 01:00:00,1,1,0
2021-03-26 02:00:00,0,0,0
2021-03-26 03:00:00,0,0,0
2021-03-26 04:00:00,1,0,1
2021-03-26 05:00:00,14,7,7
2021-03-26 06:00:00,27,10,17
2021-03-26 07:00:00,66,12,54
2021-03-26 08:00:00,70,12,58
2021-03-26 09:00:00,56,13,43
2021-03-26 10:00:00,33,14,19
2021-03-26 11:00:00,43,22,21
2021-03-26 12:00:00,55,33,22
2021-03-26 13:00:00,53,25,28
2021-03-26 14:00:00,65,34,31
2021-03-26 15:00:00,63,35,28
2021-03-26 16:00:00,114,80,34
2021-03-26 17:00:00,143,113,30
2021-03-26 18:00:00,119,82,37
2021-03-26 19:00:00,75,31,44
2021-03-26 20:00:00,33,16,17
2021-03-26 21:00:00,17,10,7
2021-03-26 22:00:00,15,10,5
2021-03-26 23:00:00,17,7,10
2021-03-27 00:00:00,3,3,0
2021-03-27 01:00:00,0,0,0
2021-03-27 02:00:00,0,0,0
2021-03-27 03:00:00,3,3,0
2021-03-27 04:00:00,4,4,0
2021-03-27 05:00:00,3,1,2
2021-03-27 06:00:00,7,3,4
2021-03-27 07:00:00,17,6,11
2021-03-27 08:00:00,24,15,9
2021-03-27 09:00:00,57,32,25
2021-03-27 10:00:00,77,46,31
2021-03-27 11:00:00,88,52,36
2021-03-27 12:00:00,130,70,60
2021-03-27 13:00:00,114,63,51
2021-03-27 14:00:00,184,95,89
2021-03-27 15:00:00,195,109,86
2021-03-27 16:00:00,160,75,85
2021-03-27 17:00:00,124,59,65
2021-03-27 18:00:00,90,31,59
2021-03-27 19:00:00,56,22,34
2021-03-27 20:00:00,40,11,29
2021-03-27 21:00:00,13,7,6
2021-03-27 22:00:00,7,5,2
2021-03-27 23:00:00,13,8,5
2021-03-28 00:00:00,4,4,0
2021-03-28 01:00:00,0,0,0
2021-03-28 02:00:00,0,0,0
2021-03-28 03:00:00,0,0,0
2021-03-28 04:00:00,0,0,0
2021-03-28 05:00:00,3,0,3
2021-03-28 06:00:00,8,2,6
2021-03-28 07:00:00,10,7,3
2021-03-28 08:00:00,9,4,5
2021-03-28 09:00:00,18,8,10
2021-03-28 10:00:00,23,13,10
2021-03-28 11:00:00,14,5,9
2021-03-28 12:00:00,17,9,8
2021-03-28 13:00:00,7,4,3
2021-03-28 14:00:00,6,3,3
2021-03-28 15:00:00,7,5,2
2021-03-28 16:00:00,17,12,5
2021-03-28 17:00:00,30,14,16
2021-03-28 18:00:00,24,11,13
2021-03-28 19:00:00,34,17,17
2021-03-28 20:00:00,19,8,11
2021-03-28 21:00:00,5,5,0
2021-03-28 22:00:00,2,1,1
2021-03-28 23:00:00,3,2,1
2021-03-29 00:00:00,1,1,0
2021-03-29 01:00:00,1,1,0
2021-03-29 02:00:00,0,0,0
2021-03-29 03:00:00,0,0,0
2021-03-29 04:00:00,5,3,2
2021-03-29 05:00:00,9,4,5
2021-03-29 06:00:00,34,14,20
2021-03-29 07:00:00,57,13,44
2021-03-29 08:00:00,89,13,76
2021-03-29 09:00:00,62,9,53
2021-03-29 10:00:00,44,21,23
2021-03-29 11:00:00,49,22,27
2021-03-29 12:00:00,50,27,23
2021-03-29 13:00:00,55,26,29
2021-03-29 14:00:00,65,39,26
2021-03-29 15:00:00,77,54,23
2021-03-29 16:00:00,116,72,44
2021-03-29 17:00:00,177,138,39
2021-03-29 18:00:00,126,89,37
2021-03-29 19:00:00,70,32,38
2021-03-29 20:00:00,30,17,13
2021-03-29 21:00:00,17,7,10
2021-03-29 22:00:00,13,5,8
2021-03-29 23:00:00,6,3,3
2021-03-30 00:00:00,3,2,1
2021-03-30 01:00:00,1,1,0
2021-03-30 02:00:00,1,0,1
2021-03-30 03:00:00,0,0,0
2021-03-30 04:00:00,1,0,1
2021-03-30 05:00:00,14,5,9
2021-03-30 06:00:00,35,10,25
2021-03-30 07:00:00,61,10,51
2021-03-30 08:00:00,91,16,75
2021-03-30 09:00:00,65,14,51
2021-03-30 10:00:00,46,24,22
2021-03-30 11:00:00,53,23,30
2021-03-30 12:00:00,18,6,12
2021-03-30 13:00:00,0,0,0
2021-03-30 14:00:00,0,0,0
2021-03-30 15:00:00,0,0,0
2021-03-30 16:00:00,0,0,0
2021-03-30 17:00:00,0,0,0
2021-03-30 18:00:00,0,0,0
2021-03-30 19:00:00,0,0,0
2021-03-30 20:00:00,0,0,0
2021-03-30 21:00:00,0,0,0
2021-03-30 22:00:00,0,0,0
2021-03-30 23:00:00,0,0,0
2021-03-31 00:00:00,0,0,0
2021-03-31 01:00:00,0,0,0
2021-03-31 02:00:00,0,0,0
2021-03-31 03:00:00,0,0,0
2021-03-31 04:00:00,0,0,0
2021-03-31 05:00:00,0,0,0
2021-03-31 06:00:00,0,0,0
2021-03-31 07:00:00,0,0,0
2021-03-31 08:00:00,0,0,0
2021-03-31 09:00:00,0,0,0
2021-03-31 10:00:00,0,0,0
2021-03-31 11:00:00,0,0,0
2021-03-31 12:00:00,26,18,8
2021-03-31 13:00:00,69,37,32
2021-03-31 14:00:00,88,49,39
2021-03-31 15:00:00,113,78,35
2021-03-31 16:00:00,158,103,55
2021-03-31 17:00:00,246,164,82
2021-03-31 18:00:00,192,129,63
2021-03-31 19:00:00,108,38,70
2021-03-31 20:00:00,42,20,22
2021-03-31 21:00:00,17,4,13
2021-03-31 22:00:00,17,9,8
2021-03-31 23:00:00,9,6,3
2021-04-01 00:00:00,2,0,2
2021-04-01 01:00:00,1,0,1
2021-04-01 02:00:00,0,0,0
2021-04-01 03:00:00,0,0,0
2021-04-01 04:00:00,4,3,1
2021-04-01 05:00:00,12,5,7
2021-04-01 06:00:00,33,6,27
2021-04-01 07:00:00,77,18,59
2021-04-01 08:00:00,81,14,67
2021-04-01 09:00:00,65,16,49
2021-04-01 10:00:00,47,17,30
2021-04-01 11:00:00,37,11,26
2021-04-01 12:00:00,58,25,33
2021-04-01 13:00:00,56,34,22
2021-04-01 14:00:00,74,38,36
2021-04-01 15:00:00,101,64,37
2021-04-01 16:00:00,134,88,46
2021-04-01 17:00:00,187,130,57
2021-04-01 18:00:00,139,74,65
2021-04-01 19:00:00,69,37,32
2021-04-01 20:00:00,45,25,20
2021-04-01 21:00:00,17,11,6
2021-04-01 22:00:00,8,7,1
2021-04-01 23:00:00,16,12,4
2021-04-02 00:00:00,2,1,1
2021-04-02 01:00:00,4,4,0
2021-04-02 02:00:00,0,0,0
2021-04-02 03:00:00,0,0,0
2021-04-02 04:00:00,3,1,2
2021-04-02 05:00:00,12,6,6
2021-04-02 06:00:00,26,13,13
2021-04-02 07:00:00,71,16,55
2021-04-02 08:00:00,76,19,57
2021-04-02 09:00:00,54,11,43
2021-04-02 10:00:00,43,14,29
2021-04-02 11:00:00,42,20,22
2021-04-02 12:00:00,45,26,19
2021-04-02 13:00:00,48,23,25
2021-04-02 14:00:00,90,50,40
2021-04-02 15:00:00,116,74,42
2021-04-02 16:00:00,160,112,48
2021-04-02 17:00:00,178,112,66
2021-04-02 18:00:00,107,65,42
2021-04-02 19:00:00,74,32,42
2021-04-02 20:00:00,30,14,16
2021-04-02 21:00:00,16,11,5
2021-04-02 22:00:00,15,7,8
2021-04-02 23:00:00,8,3,5
2021-04-03 00:00:00,10,7,3
2021-04-03 01:00:00,2,1,1
2021-04-03 02:00:00,1,1,0
2021-04-03 03:00:00,2,2,0
2021-04-03 04:00:00,1,1,0
2021-04-03 05:00:00,2,0,2
2021-04-03 06:00:00,7,4,3
2021-04-03 07:00:00,15,9,6
2021-04-03 08:00:00,24,14,10
2021-04-03 09:00:00,54,20,34
2021-04-03 10:00:00,87,55,32
2021-04-03 11:00:00,96,40,56
2021-04-03 12:00:00,124,62,62
2021-04-03 13:00:00,158,93,65
2021-04-03 14:00:00,149,86,63
2021-04-03 15:00:00,169,73,96
2021-04-03 16:00:00,142,60,82
2021-04-03 17:00:00,139,65,74
2021-04-03 18:00:00,93,33,60
2021-04-03 19:00:00,43,19,24
2021-04-03 20:00:00,23,10,13
2021-04-03 21:00:00,15,6,9
2021-04-03 22:00:00,12,9,3
2021-04-03 23:00:00,6,3,3
2021-04-04 00:00:00,3,1,2
2021-04-04 01:00:00,1,1,0
2021-04-04 02:00:00,3,1,2
2021-04-04 03:00:00,0,0,0
2021-04-04 04:00:00,1,1,0
2021-04-04 05:00:00,1,0,1
2021-04-04 06:00:00,2,0,2
2021-04-04 07:00:00,5,3,2
2021-04-04 08:00:00,17,7,10
2021-04-04 09:00:00,20,7,13
2021-04-04 10:00:00,32,24,8
2021-04-04 11:00:00,46,18,28
2021-04-04 12:00:00,52,24,28
2021-04-04 13:00:00,72,44,28
2021-04-04 14:00:00,62,36,26
2021-04-04 15:00:00,76,34,42
2021-04-04 16:00:00,34,16,18
2021-04-04 17:00:00,45,14,31
2021-04-04 18:00:00,43,29,14
2021-04-04 19:00:00,31,8,23
2021-04-04 20:00:00,13,6,7
2021-04-04 21:00:00,15,10,5
2021-04-04 22:00:00,11,6,5
2021-04-04 23:00:00,3,0,3
2021-04-05 00:00:00,2,2,0
2021-04-05 01:00:00,1,1,0
2021-04-05 02:00:00,0,0,0
2021-04-05 03:00:00,1,0,1
2021-04-05 04:00:00,3,3,0
2021-04-05 05:00:00,14,4,10
2021-04-05 06:00:00,29,9,20
2021-04-05 07:00:00,67,9,58
2021-04-05 08:00:00,83,18,65
2021-04-05 09:00:00,51,12,39
2021-04-05 10:00:00,41,15,26
2021-04-05 11:00:00,47,18,29
2021-04-05 12:00:00,54,33,21
2021-04-05 13:00:00,64,31,33
2021-04-05 14:00:00,69,40,29
2021-04-05 15:00:00,101,59,42
2021-04-05 16:00:00,147,101,46
2021-04-05 17:00:00,232,156,76
2021-04-05 18:00:00,164,106,58
2021-04-05 19:00:00,90,41,49
2021-04-05 20:00:00,39,16,23
2021-04-05 21:00:00,15,7,8
2021-04-05 22:00:00,13,4,9
2021-04-05 23:00:00,9,5,4
2021-04-06 00:00:00,4,2,2
2021-04-06 01:00:00,2,1,1
2021-04-06 02:00:00,2,2,0
2021-04-06 03:00:00,0,0,0
2021-04-06 04:00:00,2,1,1
2021-04-06 05:00:00,13,4,9
2021-04-06 06:00:00,33,6,27
2021-04-06 07:00:00,76,14,62
2021-04-06 08:00:00,100,20,80
2021-04-06 09:00:00,64,16,48
2021-04-06 10:00:00,44,20,24
2021-04-06 11:00:00,37,17,20
2021-04-06 12:00:00,66,37,29
2021-04-06 13:00:00,61,28,33
2021-04-06 14:00:00,84,51,33
2021-04-06 15:00:00,97,67,30
2021-04-06 16:00:00,185,125,60
2021-04-06 17:00:00,268,193,75
2021-04-06 18:00:00,169,90,79
2021-04-06 19:00:00,112,46,66
2021-04-06 20:00:00,58,31,27
2021-04-06 21:00:00,20,9,11
2021-04-06 22:00:00,19,10,9
2021-04-06 23:00:00,6,5,1
2021-04-07 00:00:00,2,0,2
2021-04-07 01:00:00,1,0,1
2021-04-07 02:00:00,0,0,0
2021-04-07 03:00:00,1,0,1
2021-04-07 04:00:00,3,2,1
2021-04-07 05:00:00,6,3,3
2021-04-07 06:00:00,29,10,19
2021-04-07 07:00:00,69,14,55
2021-04-07 08:00:00,59,7,52
2021-04-07 09:00:00,48,13,35
2021-04-07 10:00:00,31,8,23
2021-04-07 11:00:00,21,7,14
2021-04-07 12:00:00,25,9,16
2021-04-07 13:00:00,24,11,13
2021-04-07 14:00:00,23,16,7
2021-04-07 15:00:00,37,22,15
2021-04-07 16:00:00,66,43,23
2021-04-07 17:00:00,118,93,25
2021-04-07 18:00:00,77,51,26
2021-04-07 19:00:00,60,38,22
2021-04-07 20:00:00,12,9,3
2021-04-07 21:00:00,9,8,1
2021-04-07 22:00:00,8,3,5
2021-04-07 23:00:00,6,4,2
2021-04-08 00:00:00,1,1,0
2021-04-08 01:00:00,1,1,0
2021-04-08 02:00:00,0,0,0
2021-04-08 03:00:00,0,0,0
2021-04-08 04:00:00,4,3,1
2021-04-08 05:00:00,10,5,5
2021-04-08 06:00:00,26,4,22
2021-04-08 07:00:00,70,11,59
2021-04-08 08:00:00,78,8,70
2021-04-08 09:00:00,57,15,42
2021-04-08 10:00:00,38,16,22
2021-04-08 11:00:00,44,12,32
2021-04-08 12:00:00,46,22,24
2021-04-08 13:00:00,63,37,26
2021-04-08 14:00:00,67,32,35
2021-04-08 15:00:00,105,68,37
2021-04-08 16:00:00,152,102,50
2021-04-08 17:00:00,186,129,57
2021-04-08 18:00:00,182,113,69
2021-04-08 19:00:00,82,49,33
2021-04-08 20:00:00,36,22,14
2021-04-08 21:00:00,23,9,14
2021-04-08 22:00:00,16,6,10
2021-04-08 23:00:00,7,2,5
2021-04-09 00:00:00,3,1,2
2021-04-09 01:00:00,2,1,1
2021-04-09 02:00:00,0,0,0
2021-04-09 03:00:00,1,0,1
2021-04-09 04:00:00,1,0,1
2021-04-09 05:00:00,11,7,4
2021-04-09 06:00:00,26,5,21
2021-04-09 07:00:00,76,23,53
2021-04-09 08:00:00,75,15,60
2021-04-09 09:00:00,55,16,39
2021-04-09 10:00:00,43,16,27
2021-04-09 11:00:00,42,16,26
2021-04-09 12:00:00,51,24,27
2021-04-09 13:00:00,50,23,27
2021-04-09 14:00:00,67,43,24
2021-04-09 15:00:00,84,56,28
2021-04-09 16:00:00,90,63,27
2021-04-09 17:00:00,114,79,35
2021-04-09 18:00:00,73,54,19
2021-04-09 19:00:00,52,29,23
2021-04-09 20:00:00,15,6,9
2021-04-09 21:00:00,12,10,2
2021-04-09 22:00:00,5,2,3
2021-04-09 23:00:00,12,3,9
2021-04-10 00:00:00,6,2,4
2021-04-10 01:00:00,1,1,0
2021-04-10 02:00:00,0,0,0
2021-04-10 03:00:00,0,0,0
2021-04-10 04:00:00,0,0,0
2021-04-10 05:00:00,1,1,0
2021-04-10 06:00:00,8,3,5
2021-04-10 07:00:00,13,8,5
2021-04-10 08:00:00,25,13,12
2021-04-10 09:00:00,35,17,18
2021-04-10 10:00:00,86,45,41
2021-04-10 11:00:00,84,39,45
2021-04-10 12:00:00,83,48,35
2021-04-10 13:00:00,122,68,54
2021-04-10 14:00:00,124,66,58
2021-04-10 15:00:00,135,76,59
2021-04-10 16:00:00,126,66,60
2021-04-10 17:00:00,76,29,47
2021-04-10 18:00:00,74,37,37
2021-04-10 19:00:00,49,22,27
2021-04-10 20:00:00,37,12,25
2021-04-10 21:00:00,13,9,4
2021-04-10 22:00:00,6,4,2
2021-04-10 23:00:00,8,1,7
2021-04-11 00:00:00,8,4,4
2021-04-11 01:00:00,0,0,0
2021-04-11 02:00:00,0,0,0
2021-04-11 03:00:00,0,0,0
2021-04-11 04:00:00,0,0,0
2021-04-11 05:00:00,2,0,2
2021-04-11 06:00:00,7,2,5
2021-04-11 07:00:00,8,7,1
2021-04-11 08:00:00,19,10,9
2021-04-11 09:00:00,40,26,14
2021-04-11 10:00:00,86,42,44
2021-04-11 11:00:00,132,77,55
2021-04-11 12:00:00,117,70,47
2021-04-11 13:00:00,131,68,63
2021-04-11 14:00:00,181,105,76
2021-04-11 15:00:00,187,91,96
2021-04-11 16:00:00,174,90,84
2021-04-11 17:00:00,154,63,91
2021-04-11 18:00:00,91,46,45
2021-04-11 19:00:00,46,19,27
2021-04-11 20:00:00,26,7,19
2021-04-11 21:00:00,14,6,8
2021-04-11 22:00:00,7,3,4
2021-04-11 23:00:00,4,1,3
2021-04-12 00:00:00,2,1,1
2021-04-12 01:00:00,1,1,0
2021-04-12 02:00:00,2,0,2
2021-04-12 03:00:00,0,0,0
2021-04-12 04:00:00,7,6,1
2021-04-12 05:00:00,13,5,8
2021-04-12 06:00:00,28,8,20
2021-04-12 07:00:00,60,7,53
2021-04-12 08:00:00,67,13,54
2021-04-12 09:00:00,70,15,55
2021-04-12 10:00:00,41,14,27
2021-04-12 11:00:00,41,28,13
2021-04-12 12:00:00,55,27,28
2021-04-12 13:00:00,54,26,28
2021-04-12 14:00:00,74,44,30
2021-04-12 15:00:00,69,39,30
2021-04-12 16:00:00,0,0,0
2021-04-12 17:00:00,0,0,0
2021-04-12 18:00:00,0,0,0
2021-04-12 19:00:00,0,0,0
2021-04-12 20:00:00,0,0,0
2021-04-12 21:00:00,0,0,0
2021-04-12 22:00:00,0,0,0
2021-04-12 23:00:00,0,0,0
2021-04-13 00:00:00,0,0,0
2021-04-13 01:00:00,0,0,0
2021-04-13 02:00:00,0,0,0
2021-04-13 03:00:00,0,0,0
2021-04-13 04:00:00,0,0,0
2021-04-13 05:00:00,0,0,0
2021-04-13 06:00:00,0,0,0
2021-04-13 07:00:00,1,0,1
2021-04-13 08:00:00,0,0,0
2021-04-13 09:00:00,0,0,0
2021-04-13 10:00:00,0,0,0
2021-04-13 11:00:00,0,0,0
2021-04-13 12:00:00,0,0,0
2021-04-13 13:00:00,0,0,0
2021-04-13 14:00:00,0,0,0
2021-04-13 15:00:00,0,0,0
2021-04-13 16:00:00,2,0,2
2021-04-13 17:00:00,0,0,0
2021-04-13 18:00:00,0,0,0
2021-04-13 19:00:00,0,0,0
2021-04-13 20:00:00,1,1,0
2021-04-13 21:00:00,0,0,0
2021-04-13 22:00:00,0,0,0
2021-04-13 23:00:00,0,0,0
2021-04-14 00:00:00,0,0,0
2021-04-14 01:00:00,0,0,0
2021-04-14 02:00:00,0,0,0
2021-04-14 03:00:00,0,0,0
2021-04-14 04:00:00,0,0,0
2021-04-14 05:00:00,0,0,0
2021-04-14 06:00:00,2,0,2
2021-04-14 07:00:00,0,0,0
2021-04-14 08:00:00,0,0,0
2021-04-14 09:00:00,1,0,1
2021-04-14 10:00:00,0,0,0
2021-04-14 11:00:00,0,0,0
2021-04-14 12:00:00,0,0,0
2021-04-14 13:00:00,0,0,0
2021-04-14 14:00:00,0,0,0
2021-04-14 15:00:00,0,0,0
2021-04-14 16:00:00,1,0,1
2021-04-14 17:00:00,2,0,2
2021-04-14 18:00:00,0,0,0
2021-04-14 19:00:00,0,0,0
2021-04-14 20:00:00,0,0,0
2021-04-14 21:00:00,0,0,0
2021-04-14 22:00:00,0,0,0
2021-04-14 23:00:00,0,0,0
2021-04-15 00:00:00,0,0,0
2021-04-15 01:00:00,0,0,0
2021-04-15 02:00:00,0,0,0
2021-04-15 03:00:00,0,0,0
2021-04-15 04:00:00,0,0,0
2021-04-15 05:00:00,0,0,0
2021-04-15 06:00:00,0,0,0
2021-04-15 07:00:00,0,0,0
2021-04-15 08:00:00,0,0,0
2021-04-15 09:00:00,0,0,0
2021-04-15 10:00:00,0,0,0
2021-04-15 11:00:00,0,0,0
2021-04-15 12:00:00,0,0,0
2021-04-15 13:00:00,0,0,0
2021-04-15 14:00:00,0,0,0
2021-04-15 15:00:00,0,0,0
2021-04-15 16:00:00,0,0,0
2021-04-15 17:00:00,0,0,0
2021-04-15 18:00:00,0,0,0
2021-04-15 19:00:00,0,0,0
2021-04-15 20:00:00,0,0,0
2021-04-15 21:00:00,0,0,0
2021-04-15 22:00:00,0,0,0
2021-04-15 23:00:00,0,0,0
2021-04-16 00:00:00,0,0,0
2021-04-16 01:00:00,0,0,0
2021-04-16 02:00:00,0,0,0
2021-04-16 03:00:00,0,0,0
2021-04-16 04:00:00,0,0,0
2021-04-16 05:00:00,0,0,0
2021-04-16 06:00:00,0,0,0
2021-04-16 07:00:00,0,0,0
2021-04-16 08:00:00,0,0,0
2021-04-16 09:00:00,0,0,0
2021-04-16 10:00:00,0,0,0
2021-04-16 11:00:00,0,0,0
2021-04-16 12:00:00,0,0,0
2021-04-16 13:00:00,0,0,0
2021-04-16 14:00:00,0,0,0
2021-04-16 15:00:00,0,0,0
2021-04-16 16:00:00,0,0,0
2021-04-16 17:00:00,0,0,0
2021-04-16 18:00:00,0,0,0
2021-04-16 19:00:00,0,0,0
2021-04-16 20:00:00,0,0,0
2021-04-16 21:00:00,0,0,0
2021-04-16 22:00:00,0,0,0
2021-04-16 23:00:00,0,0,0
2021-04-17 00:00:00,0,0,0
2021-04-17 01:00:00,0,0,0
2021-04-17 02:00:00,0,0,0
2021-04-17 03:00:00,0,0,0
2021-04-17 04:00:00,0,0,0
2021-04-17 05:00:00,0,0,0
2021-04-17 06:00:00,4,4,0
2021-04-17 07:00:00,1,0,1
2021-04-17 08:00:00,0,0,0
2021-04-17 09:00:00,0,0,0
2021-04-17 10:00:00,0,0,0
2021-04-17 11:00:00,0,0,0
2021-04-17 12:00:00,0,0,0
2021-04-17 13:00:00,0,0,0
2021-04-17 14:00:00,0,0,0
2021-04-17 15:00:00,0,0,0
2021-04-17 16:00:00,0,0,0
2021-04-17 17:00:00,0,0,0
2021-04-17 18:00:00,0,0,0
2021-04-17 19:00:00,0,0,0
2021-04-17 20:00:00,0,0,0
2021-04-17 21:00:00,0,0,0
2021-04-17 22:00:00,0,0,0
2021-04-17 23:00:00,0,0,0
2021-04-18 00:00:00,0,0,0
2021-04-18 01:00:00,0,0,0
2021-04-18 02:00:00,0,0,0
2021-04-18 03:00:00,0,0,0
2021-04-18 04:00:00,0,0,0
2021-04-18 05:00:00,0,0,0
2021-04-18 06:00:00,0,0,0
2021-04-18 07:00:00,0,0,0
2021-04-18 08:00:00,0,0,0
2021-04-18 09:00:00,0,0,0
2021-04-18 10:00:00,0,0,0
2021-04-18 11:00:00,0,0,0
2021-04-18 12:00:00,0,0,0
2021-04-18 13:00:00,0,0,0
2021-04-18 14:00:00,0,0,0
2021-04-18 15:00:00,0,0,0
2021-04-18 16:00:00,0,0,0
2021-04-18 17:00:00,0,0,0
2021-04-18 18:00:00,0,0,0
2021-04-18 19:00:00,0,0,0
2021-04-18 20:00:00,0,0,0
2021-04-18 21:00:00,0,0,0
2021-04-18 22:00:00,0,0,0
2021-04-18 23:00:00,0,0,0
2021-04-19 00:00:00,0,0,0
2021-04-19 01:00:00,0,0,0
2021-04-19 02:00:00,0,0,0
2021-04-19 03:00:00,0,0,0
2021-04-19 04:00:00,0,0,0
2021-04-19 05:00:00,0,0,0
2021-04-19 06:00:00,0,0,0
2021-04-19 07:00:00,0,0,0
2021-04-19 08:00:00,0,0,0
2021-04-19 09:00:00,0,0,0
2021-04-19 10:00:00,0,0,0
2021-04-19 11:00:00,0,0,0
2021-04-19 12:00:00,0,0,0
2021-04-19 13:00:00,0,0,0
2021-04-19 14:00:00,0,0,0
2021-04-19 15:00:00,0,0,0
2021-04-19 16:00:00,0,0,0
2021-04-19 17:00:00,0,0,0
2021-04-19 18:00:00,0,0,0
2021-04-19 19:00:00,0,0,0
2021-04-19 20:00:00,0,0,0
2021-04-19 21:00:00,0,0,0
2021-04-19 22:00:00,0,0,0
2021-04-19 23:00:00,0,0,0
2021-04-20 00:00:00,0,0,0
2021-04-20 01:00:00,0,0,0
2021-04-20 02:00:00,0,0,0
2021-04-20 03:00:00,0,0,0
2021-04-20 04:00:00,0,0,0
2021-04-20 05:00:00,0,0,0
2021-04-20 06:00:00,0,0,0
2021-04-20 07:00:00,0,0,0
2021-04-20 08:00:00,0,0,0
2021-04-20 09:00:00,0,0,0
2021-04-20 10:00:00,0,0,0
2021-04-20 11:00:00,0,0,0
2021-04-20 12:00:00,0,0,0
2021-04-20 13:00:00,0,0,0
2021-04-20 14:00:00,0,0,0
2021-04-20 15:00:00,0,0,0
2021-04-20 16:00:00,0,0,0
2021-04-20 17:00:00,3,2,1
2021-04-20 18:00:00,2,0,2
2021-04-20 19:00:00,0,0,0
2021-04-20 20:00:00,0,0,0
2021-04-20 21:00:00,0,0,0
2021-04-20 22:00:00,0,0,0
2021-04-20 23:00:00,0,0,0
2021-04-21 00:00:00,0,0,0
2021-04-21 01:00:00,0,0,0
2021-04-21 02:00:00,0,0,0
2021-04-21 03:00:00,0,0,0
2021-04-21 04:00:00,0,0,0
2021-04-21 05:00:00,0,0,0
2021-04-21 06:00:00,0,0,0
2021-04-21 07:00:00,0,0,0
2021-04-21 08:00:00,0,0,0
2021-04-21 09:00:00,0,0,0
2021-04-21 10:00:00,0,0,0
2021-04-21 11:00:00,0,0,0
2021-04-21 12:00:00,0,0,0
2021-04-21 13:00:00,0,0,0
2021-04-21 14:00:00,0,0,0
2021-04-21 15:00:00,0,0,0
2021-04-21 16:00:00,1,0,1
2021-04-21 17:00:00,0,0,0
2021-04-21 18:00:00,0,0,0
2021-04-21 19:00:00,0,0,0
2021-04-21 20:00:00,0,0,0
2021-04-21 21:00:00,0,0,0
2021-04-21 22:00:00,0,0,0
2021-04-21 23:00:00,0,0,0
2021-04-22 00:00:00,0,0,0
2021-04-22 01:00:00,0,0,0
2021-04-22 02:00:00,0,0,0
2021-04-22 03:00:00,0,0,0
2021-04-22 04:00:00,0,0,0
2021-04-22 05:00:00,0,0,0
2021-04-22 06:00:00,0,0,0
2021-04-22 07:00:00,0,0,0
2021-04-22 08:00:00,0,0,0
2021-04-22 09:00:00,0,0,0
2021-04-22 10:00:00,0,0,0
2021-04-22 11:00:00,0,0,0
2021-04-22 12:00:00,0,0,0
2021-04-22 13:00:00,0,0,0
2021-04-22 14:00:00,0,0,0
2021-04-22 15:00:00,0,0,0
2021-04-22 16:00:00,0,0,0
2021-04-22 17:00:00,0,0,0
2021-04-22 18:00:00,0,0,0
2021-04-22 19:00:00,0,0,0
2021-04-22 20:00:00,0,0,0
2021-04-22 21:00:00,0,0,0
2021-04-22 22:00:00,0,0,0
2021-04-22 23:00:00,0,0,0
2021-04-23 00:00:00,0,0,0
2021-04-23 01:00:00,0,0,0
2021-04-23 02:00:00,0,0,0
2021-04-23 03:00:00,0,0,0
2021-04-23 04:00:00,0,0,0
2021-04-23 05:00:00,0,0,0
2021-04-23 06:00:00,0,0,0
2021-04-23 07:00:00,0,0,0
2021-04-23 08:00:00,0,0,0
2021-04-23 09:00:00,0,0,0
2021-04-23 10:00:00,0,0,0
2021-04-23 11:00:00,0,0,0
2021-04-23 12:00:00,0,0,0
2021-04-23 13:00:00,0,0,0
2021-04-23 14:00:00,0,0,0
2021-04-23 15:00:00,0,0,0
2021-04-23 16:00:00,0,0,0
2021-04-23 17:00:00,0,0,0
2021-04-23 18:00:00,0,0,0
2021-04-23 19:00:00,0,0,0
2021-04-23 20:00:00,0,0,0
2021-04-23 21:00:00,0,0,0
2021-04-23 22:00:00,0,0,0
2021-04-23 23:00:00,0,0,0
2021-04-24 00:00:00,0,0,0
2021-04-24 01:00:00,0,0,0
2021-04-24 02:00:00,0,0,0
2021-04-24 03:00:00,0,0,0
2021-04-24 04:00:00,0,0,0
2021-04-24 05:00:00,0,0,0
2021-04-24 06:00:00,0,0,0
2021-04-24 07:00:00,0,0,0
2021-04-24 08:00:00,0,0,0
2021-04-24 09:00:00,0,0,0
2021-04-24 10:00:00,0,0,0
2021-04-24 11:00:00,0,0,0
2021-04-24 12:00:00,0,0,0
2021-04-24 13:00:00,0,0,0
2021-04-24 14:00:00,0,0,0
2021-04-24 15:00:00,0,0,0
2021-04-24 16:00:00,0,0,0
2021-04-24 17:00:00,0,0,0
2021-04-24 18:00:00,0,0,0
2021-04-24 19:00:00,0,0,0
2021-04-24 20:00:00,0,0,0
2021-04-24 21:00:00,0,0,0
2021-04-24 22:00:00,0,0,0
2021-04-24 23:00:00,0,0,0
2021-04-25 00:00:00,0,0,0
2021-04-25 01:00:00,0,0,0
2021-04-25 02:00:00,0,0,0
2021-04-25 03:00:00,0,0,0
2021-04-25 04:00:00,0,0,0
2021-04-25 05:00:00,0,0,0
2021-04-25 06:00:00,0,0,0
2021-04-25 07:00:00,0,0,0
2021-04-25 08:00:00,0,0,0
2021-04-25 09:00:00,0,0,0
2021-04-25 10:00:00,0,0,0
2021-04-25 11:00:00,0,0,0
2021-04-25 12:00:00,0,0,0
2021-04-25 13:00:00,0,0,0
2021-04-25 14:00:00,0,0,0
2021-04-25 15:00:00,0,0,0
2021-04-25 16:00:00,0,0,0
2021-04-25 17:00:00,0,0,0
2021-04-25 18:00:00,0,0,0
2021-04-25 19:00:00,0,0,0
2021-04-25 20:00:00,0,0,0
2021-04-25 21:00:00,0,0,0
2021-04-25 22:00:00,0,0,0
2021-04-25 23:00:00,0,0,0
2021-04-26 00:00:00,0,0,0
2021-04-26 01:00:00,0,0,0
2021-04-26 02:00:00,0,0,0
2021-04-26 03:00:00,0,0,0
2021-04-26 04:00:00,0,0,0
2021-04-26 05:00:00,0,0,0
2021-04-26 06:00:00,0,0,0
2021-04-26 07:00:00,0,0,0
2021-04-26 08:00:00,0,0,0
2021-04-26 09:00:00,0,0,0
2021-04-26 10:00:00,0,0,0
2021-04-26 11:00:00,0,0,0
2021-04-26 12:00:00,0,0,0
2021-04-26 13:00:00,0,0,0
2021-04-26 14:00:00,0,0,0
2021-04-26 15:00:00,0,0,0
2021-04-26 16:00:00,0,0,0
2021-04-26 17:00:00,0,0,0
2021-04-26 18:00:00,0,0,0
2021-04-26 19:00:00,0,0,0
2021-04-26 20:00:00,0,0,0
2021-04-26 21:00:00,0,0,0
2021-04-26 22:00:00,0,0,0
2021-04-26 23:00:00,0,0,0
2021-04-27 00:00:00,0,0,0
2021-04-27 01:00:00,0,0,0
2021-04-27 02:00:00,0,0,0
2021-04-27 03:00:00,0,0,0
2021-04-27 04:00:00,0,0,0
2021-04-27 05:00:00,0,0,0
2021-04-27 06:00:00,1,1,0
2021-04-27 07:00:00,0,0,0
2021-04-27 08:00:00,0,0,0
2021-04-27 09:00:00,0,0,0
2021-04-27 10:00:00,0,0,0
2021-04-27 11:00:00,0,0,0
2021-04-27 12:00:00,0,0,0
2021-04-27 13:00:00,0,0,0
2021-04-27 14:00:00,0,0,0
2021-04-27 15:00:00,0,0,0
2021-04-27 16:00:00,0,0,0
2021-04-27 17:00:00,0,0,0
2021-04-27 18:00:00,0,0,0
2021-04-27 19:00:00,0,0,0
2021-04-27 20:00:00,0,0,0
2021-04-27 21:00:00,0,0,0
2021-04-27 22:00:00,0,0,0
2021-04-27 23:00:00,0,0,0
2021-04-28 00:00:00,0,0,0
2021-04-28 01:00:00,0,0,0
2021-04-28 02:00:00,0,0,0
2021-04-28 03:00:00,0,0,0
2021-04-28 04:00:00,0,0,0
2021-04-28 05:00:00,0,0,0
2021-04-28 06:00:00,0,0,0
2021-04-28 07:00:00,0,0,0
2021-04-28 08:00:00,0,0,0
2021-04-28 09:00:00,0,0,0
2021-04-28 10:00:00,0,0,0
2021-04-28 11:00:00,0,0,0
2021-04-28 12:00:00,0,0,0
2021-04-28 13:00:00,0,0,0
2021-04-28 14:00:00,0,0,0
2021-04-28 15:00:00,0,0,0
2021-04-28 16:00:00,0,0,0
2021-04-28 17:00:00,0,0,0
2021-04-28 18:00:00,0,0,0
2021-04-28 19:00:00,0,0,0
2021-04-28 20:00:00,0,0,0
2021-04-28 21:00:00,0,0,0
2021-04-28 22:00:00,0,0,0
2021-04-28 23:00:00,0,0,0
2021-04-29 00:00:00,0,0,0
2021-04-29 01:00:00,0,0,0
2021-04-29 02:00:00,0,0,0
2021-04-29 03:00:00,0,0,0
2021-04-29 04:00:00,0,0,0
2021-04-29 05:00:00,0,0,0
2021-04-29 06:00:00,0,0,0
2021-04-29 07:00:00,0,0,0
2021-04-29 08:00:00,0,0,0
2021-04-29 09:00:00,0,0,0
2021-04-29 10:00:00,0,0,0
2021-04-29 11:00:00,0,0,0
2021-04-29 12:00:00,0,0,0
2021-04-29 13:00:00,0,0,0
2021-04-29 14:00:00,1,0,1
2021-04-29 15:00:00,0,0,0
2021-04-29 16:00:00,0,0,0
2021-04-29 17:00:00,0,0,0
2021-04-29 18:00:00,0,0,0
2021-04-29 19:00:00,0,0,0
2021-04-29 20:00:00,0,0,0
2021-04-29 21:00:00,0,0,0
2021-04-29 22:00:00,0,0,0
2021-04-29 23:00:00,0,0,0
2021-04-30 00:00:00,0,0,0
2021-04-30 01:00:00,0,0,0
2021-04-30 02:00:00,0,0,0
2021-04-30 03:00:00,0,0,0
2021-04-30 04:00:00,0,0,0
2021-04-30 05:00:00,0,0,0
2021-04-30 06:00:00,0,0,0
2021-04-30 07:00:00,0,0,0
2021-04-30 08:00:00,0,0,0
2021-04-30 09:00:00,0,0,0
2021-04-30 10:00:00,0,0,0
2021-04-30 11:00:00,0,0,0
2021-04-30 12:00:00,0,0,0
2021-04-30 13:00:00,0,0,0
2021-04-30 14:00:00,0,0,0
2021-04-30 15:00:00,0,0,0
2021-04-30 16:00:00,0,0,0
2021-04-30 17:00:00,0,0,0
2021-04-30 18:00:00,0,0,0
2021-04-30 19:00:00,0,0,0
2021-04-30 20:00:00,0,0,0
2021-04-30 21:00:00,0,0,0
2021-04-30 22:00:00,0,0,0
2021-04-30 23:00:00,0,0,0
2021-05-01 00:00:00,0,0,0
2021-05-01 01:00:00,0,0,0
2021-05-01 02:00:00,0,0,0
2021-05-01 03:00:00,0,0,0
2021-05-01 04:00:00,0,0,0
2021-05-01 05:00:00,0,0,0
2021-05-01 06:00:00,0,0,0
2021-05-01 07:00:00,0,0,0
2021-05-01 08:00:00,0,0,0
2021-05-01 09:00:00,0,0,0
2021-05-01 10:00:00,0,0,0
2021-05-01 11:00:00,0,0,0
2021-05-01 12:00:00,0,0,0
2021-05-01 13:00:00,0,0,0
2021-05-01 14:00:00,0,0,0
2021-05-01 15:00:00,0,0,0
2021-05-01 16:00:00,0,0,0
2021-05-01 17:00:00,0,0,0
2021-05-01 18:00:00,0,0,0
2021-05-01 19:00:00,0,0,0
2021-05-01 20:00:00,0,0,0
2021-05-01 21:00:00,0,0,0
2021-05-01 22:00:00,0,0,0
2021-05-01 23:00:00,0,0,0
2021-05-02 00:00:00,0,0,0
2021-05-02 01:00:00,0,0,0
2021-05-02 02:00:00,0,0,0
2021-05-02 03:00:00,0,0,0
2021-05-02 04:00:00,0,0,0
2021-05-02 05:00:00,0,0,0
2021-05-02 06:00:00,0,0,0
2021-05-02 07:00:00,0,0,0
2021-05-02 08:00:00,0,0,0
2021-05-02 09:00:00,0,0,0
2021-05-02 10:00:00,0,0,0
2021-05-02 11:00:00,0,0,0
2021-05-02 12:00:00,0,0,0
2021-05-02 13:00:00,0,0,0
2021-05-02 14:00:00,0,0,0
2021-05-02 15:00:00,0,0,0
2021-05-02 16:00:00,0,0,0
2021-05-02 17:00:00,0,0,0
2021-05-02 18:00:00,0,0,0
2021-05-02 19:00:00,0,0,0
2021-05-02 20:00:00,0,0,0
2021-05-02 21:00:00,0,0,0
2021-05-02 22:00:00,0,0,0
2021-05-02 23:00:00,0,0,0
2021-05-03 00:00:00,0,0,0
2021-05-03 01:00:00,0,0,0
2021-05-03 02:00:00,0,0,0
2021-05-03 03:00:00,0,0,0
2021-05-03 04:00:00,0,0,0
2021-05-03 05:00:00,0,0,0
2021-05-03 06:00:00,0,0,0
2021-05-03 07:00:00,0,0,0
2021-05-03 08:00:00,0,0,0
2021-05-03 09:00:00,0,0,0
2021-05-03 10:00:00,0,0,0
2021-05-03 11:00:00,0,0,0
2021-05-03 12:00:00,0,0,0
2021-05-03 13:00:00,43,24,19
2021-05-03 14:00:00,45,33,12
2021-05-03 15:00:00,33,21,12
2021-05-03 16:00:00,52,40,12
2021-05-03 17:00:00,82,66,16
2021-05-03 18:00:00,63,52,11
2021-05-03 19:00:00,33,23,10
2021-05-03 20:00:00,11,8,3
2021-05-03 21:00:00,8,6,2
2021-05-03 22:00:00,10,7,3
2021-05-03 23:00:00,5,3,2
2021-05-04 00:00:00,1,1,0
2021-05-04 01:00:00,1,1,0
2021-05-04 02:00:00,1,0,1
2021-05-04 03:00:00,0,0,0
2021-05-04 04:00:00,5,3,2
2021-05-04 05:00:00,14,7,7
2021-05-04 06:00:00,42,10,32
2021-05-04 07:00:00,87,18,69
2021-05-04 08:00:00,105,17,88
2021-05-04 09:00:00,79,24,55
2021-05-04 10:00:00,51,22,29
2021-05-04 11:00:00,37,12,25
2021-05-04 12:00:00,51,26,25
2021-05-04 13:00:00,53,31,22
2021-05-04 14:00:00,90,61,29
2021-05-04 15:00:00,99,57,42
2021-05-04 16:00:00,180,119,61
2021-05-04 17:00:00,244,167,77
2021-05-04 18:00:00,210,124,86
2021-05-04 19:00:00,145,74,71
2021-05-04 20:00:00,58,25,33
2021-05-04 21:00:00,44,21,23
2021-05-04 22:00:00,14,8,6
2021-05-04 23:00:00,4,1,3
2021-05-05 00:00:00,4,4,0
2021-05-05 01:00:00,2,0,2
2021-05-05 02:00:00,2,1,1
2021-05-05 03:00:00,1,0,1
2021-05-05 04:00:00,4,2,2
2021-05-05 05:00:00,14,8,6
2021-05-05 06:00:00,40,12,28
2021-05-05 07:00:00,98,19,79
2021-05-05 08:00:00,94,17,77
2021-05-05 09:00:00,84,21,63
2021-05-05 10:00:00,68,24,44
2021-05-05 11:00:00,61,34,27
2021-05-05 12:00:00,73,35,38
2021-05-05 13:00:00,60,33,27
2021-05-05 14:00:00,79,50,29
2021-05-05 15:00:00,119,87,32
2021-05-05 16:00:00,136,87,49
2021-05-05 17:00:00,189,137,52
2021-05-05 18:00:00,158,99,59
2021-05-05 19:00:00,111,61,50
2021-05-05 20:00:00,66,26,40
2021-05-05 21:00:00,32,14,18
2021-05-05 22:00:00,21,11,10
2021-05-05 23:00:00,14,8,6
2021-05-06 00:00:00,3,2,1
2021-05-06 01:00:00,1,1,0
2021-05-06 02:00:00,2,0,2
2021-05-06 03:00:00,0,0,0
2021-05-06 04:00:00,9,6,3
2021-05-06 05:00:00,15,8,7
2021-05-06 06:00:00,37,10,27
2021-05-06 07:00:00,88,20,68
2021-05-06 08:00:00,85,11,74
2021-05-06 09:00:00,60,14,46
2021-05-06 10:00:00,49,15,34
2021-05-06 11:00:00,48,22,26
2021-05-06 12:00:00,57,24,33
2021-05-06 13:00:00,72,35,37
2021-05-06 14:00:00,54,31,23
2021-05-06 15:00:00,73,47,26
2021-05-06 16:00:00,98,72,26
2021-05-06 17:00:00,141,113,28
2021-05-06 18:00:00,104,67,37
2021-05-06 19:00:00,78,55,23
2021-05-06 20:00:00,53,26,27
2021-05-06 21:00:00,16,3,13
2021-05-06 22:00:00,15,9,6
2021-05-06 23:00:00,11,2,9
2021-05-07 00:00:00,3,1,2
2021-05-07 01:00:00,2,1,1
2021-05-07 02:00:00,3,1,2
2021-05-07 03:00:00,0,0,0
2021-05-07 04:00:00,4,2,2
2021-05-07 05:00:00,9,8,1
2021-05-07 06:00:00,33,12,21
2021-05-07 07:00:00,52,16,36
2021-05-07 08:00:00,56,11,45
2021-05-07 09:00:00,38,10,28
2021-05-07 10:00:00,28,8,20
2021-05-07 11:00:00,19,10,9
2021-05-07 12:00:00,22,11,11
2021-05-07 13:00:00,23,11,12
2021-05-07 14:00:00,25,17,8
2021-05-07 15:00:00,51,33,18
2021-05-07 16:00:00,80,49,31
2021-05-07 17:00:00,96,72,24
2021-05-07 18:00:00,83,50,33
2021-05-07 19:00:00,53,21,32
2021-05-07 20:00:00,23,9,14
2021-05-07 21:00:00,24,17,7
2021-05-07 22:00:00,4,3,1
2021-05-07 23:00:00,4,3,1
2021-05-08 00:00:00,9,4,5
2021-05-08 01:00:00,1,1,0
2021-05-08 02:00:00,0,0,0
2021-05-08 03:00:00,1,1,0
2021-05-08 04:00:00,0,0,0
2021-05-08 05:00:00,1,0,1
2021-05-08 06:00:00,10,3,7
2021-05-08 07:00:00,17,9,8
2021-05-08 08:00:00,29,13,16
2021-05-08 09:00:00,51,27,24
2021-05-08 10:00:00,86,45,41
2021-05-08 11:00:00,99,58,41
2021-05-08 12:00:00,88,54,34
2021-05-08 13:00:00,116,67,49
2021-05-08 14:00:00,147,78,69
2021-05-08 15:00:00,150,79,71
2021-05-08 16:00:00,111,53,58
2021-05-08 17:00:00,114,63,51
2021-05-08 18:00:00,74,40,34
2021-05-08 19:00:00,39,17,22
2021-05-08 20:00:00,32,16,16
2021-05-08 21:00:00,17,7,10
2021-05-08 22:00:00,26,9,17
2021-05-08 23:00:00,12,3,9
2021-05-09 00:00:00,7,3,4
2021-05-09 01:00:00,0,0,0
2021-05-09 02:00:00,0,0,0
2021-05-09 03:00:00,0,0,0
2021-05-09 04:00:00,1,0,1
2021-05-09 05:00:00,1,0,1
2021-05-09 06:00:00,5,1,4
2021-05-09 07:00:00,16,8,8
2021-05-09 08:00:00,23,11,12
2021-05-09 09:00:00,51,32,19
2021-05-09 10:00:00,60,31,29
2021-05-09 11:00:00,118,57,61
2021-05-09 12:00:00,136,89,47
2021-05-09 13:00:00,121,69,52
2021-05-09 14:00:00,152,82,70
2021-05-09 15:00:00,167,78,89
2021-05-09 16:00:00,170,94,76
2021-05-09 17:00:00,158,89,69
2021-05-09 18:00:00,109,40,69
2021-05-09 19:00:00,62,20,42
2021-05-09 20:00:00,29,12,17
2021-05-09 21:00:00,11,5,6
2021-05-09 22:00:00,16,6,10
2021-05-09 23:00:00,7,1,6
2021-05-10 00:00:00,1,1,0
2021-05-10 01:00:00,2,2,0
2021-05-10 02:00:00,0,0,0
2021-05-10 03:00:00,0,0,0
2021-05-10 04:00:00,6,4,2
2021-05-10 05:00:00,10,6,4
2021-05-10 06:00:00,46,13,33
2021-05-10 07:00:00,87,22,65
2021-05-10 08:00:00,106,15,91
2021-05-10 09:00:00,69,16,53
2021-05-10 10:00:00,68,19,49
2021-05-10 11:00:00,45,21,24
2021-05-10 12:00:00,56,30,26
2021-05-10 13:00:00,54,25,29
2021-05-10 14:00:00,63,36,27
2021-05-10 15:00:00,93,60,33
2021-05-10 16:00:00,152,108,44
2021-05-10 17:00:00,217,150,67
2021-05-10 18:00:00,155,108,47
2021-05-10 19:00:00,101,53,48
2021-05-10 20:00:00,66,25,41
2021-05-10 21:00:00,25,9,16
2021-05-10 22:00:00,21,14,7
2021-05-10 23:00:00,9,5,4
2021-05-11 00:00:00,3,1,2
2021-05-11 01:00:00,1,0,1
2021-05-11 02:00:00,1,1,0
2021-05-11 03:00:00,0,0,0
2021-05-11 04:00:00,5,3,2
2021-05-11 05:00:00,15,7,8
2021-05-11 06:00:00,48,14,34
2021-05-11 07:00:00,100,20,80
2021-05-11 08:00:00,116,19,97
2021-05-11 09:00:00,86,24,62
2021-05-11 10:00:00,65,22,43
2021-05-11 11:00:00,35,10,25
2021-05-11 12:00:00,63,31,32
2021-05-11 13:00:00,65,38,27
2021-05-11 14:00:00,76,40,36
2021-05-11 15:00:00,117,74,43
2021-05-11 16:00:00,183,108,75
2021-05-11 17:00:00,282,206,76
2021-05-11 18:00:00,187,115,72
2021-05-11 19:00:00,138,72,66
2021-05-11 20:00:00,93,35,58
2021-05-11 21:00:00,32,12,20
2021-05-11 22:00:00,15,8,7
2021-05-11 23:00:00,16,8,8
2021-05-12 00:00:00,2,0,2
2021-05-12 01:00:00,0,0,0
2021-05-12 02:00:00,2,2,0
2021-05-12 03:00:00,1,1,0
2021-05-12 04:00:00,5,3,2
2021-05-12 05:00:00,10,4,6
2021-05-12 06:00:00,38,11,27
2021-05-12 07:00:00,99,24,75
2021-05-12 08:00:00,112,18,94
2021-05-12 09:00:00,91,17,74
2021-05-12 10:00:00,54,22,32
2021-05-12 11:00:00,48,20,28
2021-05-12 12:00:00,59,29,30
2021-05-12 13:00:00,61,27,34
2021-05-12 14:00:00,80,52,28
2021-05-12 15:00:00,105,58,47
2021-05-12 16:00:00,172,113,59
2021-05-12 17:00:00,224,173,51
2021-05-12 18:00:00,190,121,69
2021-05-12 19:00:00,139,73,66
2021-05-12 20:00:00,73,38,35
2021-05-12 21:00:00,38,18,20
2021-05-12 22:00:00,21,7,14
2021-05-12 23:00:00,15,6,9
2021-05-13 00:00:00,0,0,0
2021-05-13 01:00:00,3,1,2
2021-05-13 02:00:00,1,1,0
2021-05-13 03:00:00,0,0,0
2021-05-13 04:00:00,4,2,2
2021-05-13 05:00:00,16,10,6
2021-05-13 06:00:00,38,14,24
2021-05-13 07:00:00,97,29,68
2021-05-13 08:00:00,101,15,86
2021-05-13 09:00:00,74,24,50
2021-05-13 10:00:00,65,20,45
2021-05-13 11:00:00,59,20,39
2021-05-13 12:00:00,69,30,39
2021-05-13 13:00:00,77,38,39
2021-05-13 14:00:00,94,51,43
2021-05-13 15:00:00,99,62,37
2021-05-13 16:00:00,163,110,53
2021-05-13 17:00:00,241,178,63
2021-05-13 18:00:00,204,122,82
2021-05-13 19:00:00,153,68,85
2021-05-13 20:00:00,81,29,52
2021-05-13 21:00:00,57,18,39
2021-05-13 22:00:00,33,21,12
2021-05-13 23:00:00,12,4,8
2021-05-14 00:00:00,6,5,1
2021-05-14 01:00:00,1,1,0
2021-05-14 02:00:00,3,2,1
2021-05-14 03:00:00,2,0,2
2021-05-14 04:00:00,4,1,3
2021-05-14 05:00:00,14,11,3
2021-05-14 06:00:00,51,13,38
2021-05-14 07:00:00,81,23,58
2021-05-14 08:00:00,118,21,97
2021-05-14 09:00:00,68,16,52
2021-05-14 10:00:00,57,20,37
2021-05-14 11:00:00,75,26,49
2021-05-14 12:00:00,89,54,35
2021-05-14 13:00:00,79,33,46
2021-05-14 14:00:00,98,50,48
2021-05-14 15:00:00,123,82,41
2021-05-14 16:00:00,166,116,50
2021-05-14 17:00:00,254,167,87
2021-05-14 18:00:00,194,116,78
2021-05-14 19:00:00,111,49,62
2021-05-14 20:00:00,67,27,40
2021-05-14 21:00:00,30,13,17
2021-05-14 22:00:00,46,22,24
2021-05-14 23:00:00,26,10,16
2021-05-15 00:00:00,13,9,4
2021-05-15 01:00:00,4,3,1
2021-05-15 02:00:00,3,1,2
2021-05-15 03:00:00,1,1,0
2021-05-15 04:00:00,1,1,0
2021-05-15 05:00:00,2,0,2
2021-05-15 06:00:00,12,5,7
2021-05-15 07:00:00,25,14,11
2021-05-15 08:00:00,39,16,23
2021-05-15 09:00:00,86,39,47
2021-05-15 10:00:00,123,72,51
2021-05-15 11:00:00,143,79,64
2021-05-15 12:00:00,179,75,104
2021-05-15 13:00:00,160,84,76
2021-05-15 14:00:00,179,94,85
2021-05-15 15:00:00,177,88,89
2021-05-15 16:00:00,150,62,88
2021-05-15 17:00:00,139,67,72
2021-05-15 18:00:00,113,55,58
2021-05-15 19:00:00,107,59,48
2021-05-15 20:00:00,58,29,29
2021-05-15 21:00:00,28,13,15
2021-05-15 22:00:00,14,9,5
2021-05-15 23:00:00,12,2,10
2021-05-16 00:00:00,9,5,4
2021-05-16 01:00:00,7,5,2
2021-05-16 02:00:00,3,0,3
2021-05-16 03:00:00,3,0,3
2021-05-16 04:00:00,5,1,4
2021-05-16 05:00:00,1,1,0
2021-05-16 06:00:00,11,6,5
2021-05-16 07:00:00,24,15,9
2021-05-16 08:00:00,29,17,12
2021-05-16 09:00:00,66,45,21
2021-05-16 10:00:00,97,54,43
2021-05-16 11:00:00,118,57,61
2021-05-16 12:00:00,152,81,71
2021-05-16 13:00:00,187,87,100
2021-05-16 14:00:00,193,102,91
2021-05-16 15:00:00,207,105,102
2021-05-16 16:00:00,189,86,103
2021-05-16 17:00:00,183,74,109
2021-05-16 18:00:00,96,48,48
2021-05-16 19:00:00,80,36,44
2021-05-16 20:00:00,51,20,31
2021-05-16 21:00:00,32,10,22
2021-05-16 22:00:00,18,6,12
2021-05-16 23:00:00,7,1,6
2021-05-17 00:00:00,2,0,2
2021-05-17 01:00:00,1,1,0
2021-05-17 02:00:00,1,1,0
2021-05-17 03:00:00,0,0,0
2021-05-17 04:00:00,5,3,2
2021-05-17 05:00:00,17,10,7
2021-05-17 06:00:00,34,8,26
2021-05-17 07:00:00,72,14,58
2021-05-17 08:00:00,85,15,70
2021-05-17 09:00:00,67,18,49
2021-05-17 10:00:00,49,14,35
2021-05-17 11:00:00,52,20,32
2021-05-17 12:00:00,31,13,18
2021-05-17 13:00:00,31,22,9
2021-05-17 14:00:00,48,27,21
2021-05-17 15:00:00,64,37,27
2021-05-17 16:00:00,86,67,19
2021-05-17 17:00:00,117,90,27
2021-05-17 18:00:00,83,56,27
2021-05-17 19:00:00,25,20,5
2021-05-17 20:00:00,18,11,7
2021-05-17 21:00:00,11,5,6
2021-05-17 22:00:00,10,6,4
2021-05-17 23:00:00,5,3,2
2021-05-18 00:00:00,4,3,1
2021-05-18 01:00:00,0,0,0
2021-05-18 02:00:00,2,1,1
2021-05-18 03:00:00,2,0,2
2021-05-18 04:00:00,3,1,2
2021-05-18 05:00:00,10,5,5
2021-05-18 06:00:00,37,9,28
2021-05-18 07:00:00,71,14,57
2021-05-18 08:00:00,93,16,77
2021-05-18 09:00:00,66,17,49
2021-05-18 10:00:00,46,13,33
2021-05-18 11:00:00,36,20,16
2021-05-18 12:00:00,51,21,30
2021-05-18 13:00:00,63,34,29
2021-05-18 14:00:00,42,20,22
2021-05-18 15:00:00,75,47,28
2021-05-18 16:00:00,94,72,22
2021-05-18 17:00:00,163,121,42
2021-05-18 18:00:00,109,76,33
2021-05-18 19:00:00,55,31,24
2021-05-18 20:00:00,40,15,25
2021-05-18 21:00:00,19,13,6
2021-05-18 22:00:00,12,7,5
2021-05-18 23:00:00,3,1,2
2021-05-19 00:00:00,5,3,2
2021-05-19 01:00:00,1,1,0
2021-05-19 02:00:00,1,1,0
2021-05-19 03:00:00,0,0,0
2021-05-19 04:00:00,4,2,2
2021-05-19 05:00:00,14,10,4
2021-05-19 06:00:00,48,11,37
2021-05-19 07:00:00,105,21,84
2021-05-19 08:00:00,87,16,71
2021-05-19 09:00:00,73,18,55
2021-05-19 10:00:00,54,21,33
2021-05-19 11:00:00,32,16,16
2021-05-19 12:00:00,68,37,31
2021-05-19 13:00:00,55,29,26
2021-05-19 14:00:00,72,44,28
2021-05-19 15:00:00,93,54,39
2021-05-19 16:00:00,127,97,30
2021-05-19 17:00:00,234,159,75
2021-05-19 18:00:00,190,124,66
2021-05-19 19:00:00,111,69,42
2021-05-19 20:00:00,59,25,34
2021-05-19 21:00:00,18,10,8
2021-05-19 22:00:00,15,7,8
2021-05-19 23:00:00,8,5,3
2021-05-20 00:00:00,2,2,0
2021-05-20 01:00:00,1,1,0
2021-05-20 02:00:00,1,1,0
2021-05-20 03:00:00,0,0,0
2021-05-20 04:00:00,6,4,2
2021-05-20 05:00:00,14,7,7
2021-05-20 06:00:00,43,13,30
2021-05-20 07:00:00,78,18,60
2021-05-20 08:00:00,96,13,83
2021-05-20 09:00:00,69,15,54
2021-05-20 10:00:00,46,10,36
2021-05-20 11:00:00,41,15,26
2021-05-20 12:00:00,45,21,24
2021-05-20 13:00:00,32,19,13
2021-05-20 14:00:00,71,42,29
2021-05-20 15:00:00,89,55,34
2021-05-20 16:00:00,121,88,33
2021-05-20 17:00:00,215,155,60
2021-05-20 18:00:00,162,116,46
2021-05-20 19:00:00,118,71,47
2021-05-20 20:00:00,59,23,36
2021-05-20 21:00:00,28,14,14
2021-05-20 22:00:00,20,6,14
2021-05-20 23:00:00,11,6,5
2021-05-21 00:00:00,2,1,1
2021-05-21 01:00:00,7,4,3
2021-05-21 02:00:00,1,1,0
2021-05-21 03:00:00,0,0,0
2021-05-21 04:00:00,4,2,2
2021-05-21 05:00:00,14,9,5
2021-05-21 06:00:00,33,11,22
2021-05-21 07:00:00,89,33,56
2021-05-21 08:00:00,98,21,77
2021-05-21 09:00:00,66,14,52
2021-05-21 10:00:00,52,16,36
2021-05-21 11:00:00,53,26,27
2021-05-21 12:00:00,47,20,27
2021-05-21 13:00:00,74,42,32
2021-05-21 14:00:00,95,60,35
2021-05-21 15:00:00,118,75,43
2021-05-21 16:00:00,151,102,49
2021-05-21 17:00:00,216,134,82
2021-05-21 18:00:00,169,101,68
2021-05-21 19:00:00,108,57,51
2021-05-21 20:00:00,86,46,40
2021-05-21 21:00:00,42,12,30
2021-05-21 22:00:00,23,13,10
2021-05-21 23:00:00,10,4,6
2021-05-22 00:00:00,14,4,10
2021-05-22 01:00:00,6,2,4
2021-05-22 02:00:00,0,0,0
2021-05-22 03:00:00,1,1,0
2021-05-22 04:00:00,4,2,2
2021-05-22 05:00:00,1,0,1
2021-05-22 06:00:00,11,3,8
2021-05-22 07:00:00,19,11,8
2021-05-22 08:00:00,41,11,30
2021-05-22 09:00:00,70,31,39
2021-05-22 10:00:00,80,32,48
2021-05-22 11:00:00,80,47,33
2021-05-22 12:00:00,96,48,48
2021-05-22 13:00:00,107,66,41
2021-05-22 14:00:00,122,57,65
2021-05-22 15:00:00,134,64,70
2021-05-22 16:00:00,171,85,86
2021-05-22 17:00:00,157,78,79
2021-05-22 18:00:00,108,48,60
2021-05-22 19:00:00,89,30,59
2021-05-22 20:00:00,43,16,27
2021-05-22 21:00:00,46,15,31
2021-05-22 22:00:00,26,10,16
2021-05-22 23:00:00,21,11,10
2021-05-23 00:00:00,17,6,11
2021-05-23 01:00:00,4,1,3
2021-05-23 02:00:00,2,1,1
2021-05-23 03:00:00,1,0,1
2021-05-23 04:00:00,0,0,0
2021-05-23 05:00:00,3,2,1
2021-05-23 06:00:00,12,3,9
2021-05-23 07:00:00,16,11,5
2021-05-23 08:00:00,27,10,17
2021-05-23 09:00:00,44,25,19
2021-05-23 10:00:00,58,26,32
2021-05-23 11:00:00,65,39,26
2021-05-23 12:00:00,105,49,56
2021-05-23 13:00:00,80,41,39
2021-05-23 14:00:00,101,53,48
2021-05-23 15:00:00,101,50,51
2021-05-23 16:00:00,106,56,50
2021-05-23 17:00:00,91,47,44
2021-05-23 18:00:00,64,23,41
2021-05-23 19:00:00,44,22,22
2021-05-23 20:00:00,33,11,22
2021-05-23 21:00:00,7,3,4
2021-05-23 22:00:00,13,3,10
2021-05-23 23:00:00,3,0,3
2021-05-24 00:00:00,1,0,1
2021-05-24 01:00:00,1,1,0
2021-05-24 02:00:00,1,1,0
2021-05-24 03:00:00,0,0,0
2021-05-24 04:00:00,6,5,1
2021-05-24 05:00:00,12,6,6
2021-05-24 06:00:00,18,7,11
2021-05-24 07:00:00,53,6,47
2021-05-24 08:00:00,62,4,58
2021-05-24 09:00:00,54,9,45
2021-05-24 10:00:00,28,6,22
2021-05-24 11:00:00,23,6,17
2021-05-24 12:00:00,35,16,19
2021-05-24 13:00:00,20,12,8
2021-05-24 14:00:00,30,23,7
2021-05-24 15:00:00,45,25,20
2021-05-24 16:00:00,83,63,20
2021-05-24 17:00:00,134,106,28
2021-05-24 18:00:00,78,55,23
2021-05-24 19:00:00,69,42,27
2021-05-24 20:00:00,30,19,11
2021-05-24 21:00:00,23,8,15
2021-05-24 22:00:00,16,7,9
2021-05-24 23:00:00,4,2,2
2021-05-25 00:00:00,4,4,0
2021-05-25 01:00:00,2,1,1
2021-05-25 02:00:00,0,0,0
2021-05-25 03:00:00,1,1,0
2021-05-25 04:00:00,3,2,1
2021-05-25 05:00:00,15,7,8
2021-05-25 06:00:00,33,6,27
2021-05-25 07:00:00,92,17,75
2021-05-25 08:00:00,99,15,84
2021-05-25 09:00:00,85,19,66
2021-05-25 10:00:00,60,17,43
2021-05-25 11:00:00,43,17,26
2021-05-25 12:00:00,48,22,26
2021-05-25 13:00:00,44,24,20
2021-05-25 14:00:00,58,34,24
2021-05-25 15:00:00,87,52,35
2021-05-25 16:00:00,155,122,33
2021-05-25 17:00:00,173,135,38
2021-05-25 18:00:00,145,96,49
2021-05-25 19:00:00,87,48,39
2021-05-25 20:00:00,71,33,38
2021-05-25 21:00:00,30,10,20
2021-05-25 22:00:00,22,6,16
2021-05-25 23:00:00,6,4,2
2021-05-26 00:00:00,1,0,1
2021-05-26 01:00:00,0,0,0
2021-05-26 02:00:00,4,3,1
2021-05-26 03:00:00,0,0,0
2021-05-26 04:00:00,7,3,4
2021-05-26 05:00:00,17,10,7
2021-05-26 06:00:00,34,6,28
2021-05-26 07:00:00,91,18,73
2021-05-26 08:00:00,118,18,100
2021-05-26 09:00:00,90,20,70
2021-05-26 10:00:00,74,25,49
2021-05-26 11:00:00,51,19,32
2021-05-26 12:00:00,55,25,30
2021-05-26 13:00:00,63,33,30
2021-05-26 14:00:00,76,48,28
2021-05-26 15:00:00,107,65,42
2021-05-26 16:00:00,166,119,47
2021-05-26 17:00:00,226,176,50
2021-05-26 18:00:00,161,112,49
2021-05-26 19:00:00,105,48,57
2021-05-26 20:00:00,72,24,48
2021-05-26 21:00:00,34,16,18
2021-05-26 22:00:00,18,7,11
2021-05-26 23:00:00,14,7,7
2021-05-27 00:00:00,4,4,0
2021-05-27 01:00:00,0,0,0
2021-05-27 02:00:00,1,0,1
2021-05-27 03:00:00,0,0,0
2021-05-27 04:00:00,2,0,2
2021-05-27 05:00:00,10,5,5
2021-05-27 06:00:00,16,3,13
2021-05-27 07:00:00,53,17,36
2021-05-27 08:00:00,56,5,51
2021-05-27 09:00:00,20,3,17
2021-05-27 10:00:00,16,4,12
2021-05-27 11:00:00,13,4,9
2021-05-27 12:00:00,20,11,9
2021-05-27 13:00:00,24,12,12
2021-05-27 14:00:00,20,12,8
2021-05-27 15:00:00,41,30,11
2021-05-27 16:00:00,54,37,17
2021-05-27 17:00:00,90,71,19
2021-05-27 18:00:00,79,53,26
2021-05-27 19:00:00,41,23,18
2021-05-27 20:00:00,18,11,7
2021-05-27 21:00:00,22,13,9
2021-05-27 22:00:00,12,7,5
2021-05-27 23:00:00,7,5,2
2021-05-28 00:00:00,1,1,0
2021-05-28 01:00:00,1,1,0
2021-05-28 02:00:00,1,1,0
2021-05-28 03:00:00,0,0,0
2021-05-28 04:00:00,4,1,3
2021-05-28 05:00:00,11,6,5
2021-05-28 06:00:00,29,5,24
2021-05-28 07:00:00,74,20,54
2021-05-28 08:00:00,81,12,69
2021-05-28 09:00:00,75,25,50
2021-05-28 10:00:00,45,20,25
2021-05-28 11:00:00,65,21,44
2021-05-28 12:00:00,63,25,38
2021-05-28 13:00:00,71,35,36
2021-05-28 14:00:00,116,63,53
2021-05-28 15:00:00,117,68,49
2021-05-28 16:00:00,129,87,42
2021-05-28 17:00:00,192,124,68
2021-05-28 18:00:00,125,76,49
2021-05-28 19:00:00,69,35,34
2021-05-28 20:00:00,82,38,44
2021-05-28 21:00:00,31,16,15
2021-05-28 22:00:00,13,9,4
2021-05-28 23:00:00,19,7,12
2021-05-29 00:00:00,7,3,4
2021-05-29 01:00:00,2,2,0
2021-05-29 02:00:00,8,7,1
2021-05-29 03:00:00,0,0,0
2021-05-29 04:00:00,1,1,0
2021-05-29 05:00:00,4,3,1
2021-05-29 06:00:00,5,2,3
2021-05-29 07:00:00,24,11,13
2021-05-29 08:00:00,38,19,19
2021-05-29 09:00:00,57,27,30
2021-05-29 10:00:00,83,53,30
2021-05-29 11:00:00,122,70,52
2021-05-29 12:00:00,144,88,56
2021-05-29 13:00:00,158,83,75
2021-05-29 14:00:00,181,101,80
2021-05-29 15:00:00,200,104,96
2021-05-29 16:00:00,179,87,92
2021-05-29 17:00:00,141,79,62
2021-05-29 18:00:00,115,55,60
2021-05-29 19:00:00,124,45,79
2021-05-29 20:00:00,66,34,32
2021-05-29 21:00:00,51,19,32
2021-05-29 22:00:00,23,8,15
2021-05-29 23:00:00,14,9,5
2021-05-30 00:00:00,22,11,11
2021-05-30 01:00:00,4,2,2
2021-05-30 02:00:00,1,1,0
2021-05-30 03:00:00,2,1,1
2021-05-30 04:00:00,0,0,0
2021-05-30 05:00:00,4,0,4
2021-05-30 06:00:00,6,3,3
2021-05-30 07:00:00,19,13,6
2021-05-30 08:00:00,35,14,21
2021-05-30 09:00:00,68,33,35
2021-05-30 10:00:00,108,51,57
2021-05-30 11:00:00,94,46,48
2021-05-30 12:00:00,116,56,60
2021-05-30 13:00:00,105,69,36
2021-05-30 14:00:00,131,74,57
2021-05-30 15:00:00,132,74,58
2021-05-30 16:00:00,112,47,65
2021-05-30 17:00:00,120,51,69
2021-05-30 18:00:00,104,40,64
2021-05-30 19:00:00,70,27,43
2021-05-30 20:00:00,41,21,20
2021-05-30 21:00:00,26,14,12
2021-05-30 22:00:00,28,11,17
2021-05-30 23:00:00,13,4,9
2021-05-31 00:00:00,3,1,2
2021-05-31 01:00:00,1,1,0
2021-05-31 02:00:00,2,0,2
2021-05-31 03:00:00,2,1,1
2021-05-31 04:00:00,5,3,2
2021-05-31 05:00:00,7,2,5
2021-05-31 06:00:00,12,2,10
2021-05-31 07:00:00,16,6,10
2021-05-31 08:00:00,38,24,14
2021-05-31 09:00:00,72,33,39
2021-05-31 10:00:00,124,60,64
2021-05-31 11:00:00,151,73,78
2021-05-31 12:00:00,168,106,62
2021-05-31 13:00:00,176,90,86
2021-05-31 14:00:00,189,91,98
2021-05-31 15:00:00,184,85,99
2021-05-31 16:00:00,155,88,67
2021-05-31 17:00:00,160,78,82
2021-05-31 18:00:00,111,58,53
2021-05-31 19:00:00,81,42,39
2021-05-31 20:00:00,70,25,45
2021-05-31 21:00:00,30,14,16
2021-05-31 22:00:00,19,4,15
2021-05-31 23:00:00,13,6,7
2021-06-01 00:00:00,5,3,2
2021-06-01 01:00:00,1,1,0
2021-06-01 02:00:00,0,0,0
2021-06-01 03:00:00,0,0,0
2021-06-01 04:00:00,7,3,4
2021-06-01 05:00:00,19,9,10
2021-06-01 06:00:00,39,9,30
2021-06-01 07:00:00,108,16,92
2021-06-01 08:00:00,126,22,104
2021-06-01 09:00:00,89,17,72
2021-06-01 10:00:00,66,21,45
2021-06-01 11:00:00,49,20,29
2021-06-01 12:00:00,62,17,45
2021-06-01 13:00:00,77,38,39
2021-06-01 14:00:00,91,60,31
2021-06-01 15:00:00,122,85,37
2021-06-01 16:00:00,175,131,44
2021-06-01 17:00:00,268,187,81
2021-06-01 18:00:00,179,111,68
2021-06-01 19:00:00,123,72,51
2021-06-01 20:00:00,100,54,46
2021-06-01 21:00:00,57,22,35
2021-06-01 22:00:00,23,9,14
2021-06-01 23:00:00,15,10,5
2021-06-02 00:00:00,11,4,7
2021-06-02 01:00:00,0,0,0
2021-06-02 02:00:00,1,0,1
2021-06-02 03:00:00,0,0,0
2021-06-02 04:00:00,6,2,4
2021-06-02 05:00:00,32,17,15
2021-06-02 06:00:00,54,18,36
2021-06-02 07:00:00,138,22,116
2021-06-02 08:00:00,146,18,128
2021-06-02 09:00:00,104,33,71
2021-06-02 10:00:00,81,31,50
2021-06-02 11:00:00,72,27,45
2021-06-02 12:00:00,79,36,43
2021-06-02 13:00:00,63,30,33
2021-06-02 14:00:00,99,59,40
2021-06-02 15:00:00,107,70,37
2021-06-02 16:00:00,184,122,62
2021-06-02 17:00:00,249,200,49
2021-06-02 18:00:00,215,147,68
2021-06-02 19:00:00,168,98,70
2021-06-02 20:00:00,103,61,42
2021-06-02 21:00:00,63,27,36
2021-06-02 22:00:00,30,13,17
2021-06-02 23:00:00,8,5,3
2021-06-03 00:00:00,2,1,1
2021-06-03 01:00:00,3,3,0
2021-06-03 02:00:00,1,0,1
2021-06-03 03:00:00,0,0,0
2021-06-03 04:00:00,8,6,2
2021-06-03 05:00:00,21,10,11
2021-06-03 06:00:00,37,8,29
2021-06-03 07:00:00,129,27,102
2021-06-03 08:00:00,138,18,120
2021-06-03 09:00:00,86,12,74
2021-06-03 10:00:00,60,19,41
2021-06-03 11:00:00,74,31,43
2021-06-03 12:00:00,50,24,26
2021-06-03 13:00:00,60,31,29
2021-06-03 14:00:00,77,42,35
2021-06-03 15:00:00,98,57,41
2021-06-03 16:00:00,168,123,45
2021-06-03 17:00:00,260,197,63
2021-06-03 18:00:00,229,151,78
2021-06-03 19:00:00,157,68,89
2021-06-03 20:00:00,86,47,39
2021-06-03 21:00:00,54,23,31
2021-06-03 22:00:00,32,19,13
2021-06-03 23:00:00,15,7,8
2021-06-04 00:00:00,9,5,4
2021-06-04 01:00:00,1,0,1
2021-06-04 02:00:00,2,2,0
2021-06-04 03:00:00,1,0,1
2021-06-04 04:00:00,3,2,1
2021-06-04 05:00:00,20,12,8
2021-06-04 06:00:00,42,12,30
2021-06-04 07:00:00,101,23,78
2021-06-04 08:00:00,122,29,93
2021-06-04 09:00:00,79,21,58
2021-06-04 10:00:00,63,24,39
2021-06-04 11:00:00,45,19,26
2021-06-04 12:00:00,64,33,31
2021-06-04 13:00:00,64,39,25
2021-06-04 14:00:00,99,54,45
2021-06-04 15:00:00,109,63,46
2021-06-04 16:00:00,161,117,44
2021-06-04 17:00:00,174,134,40
2021-06-04 18:00:00,173,127,46
2021-06-04 19:00:00,112,51,61
2021-06-04 20:00:00,95,41,54
2021-06-04 21:00:00,39,18,21
2021-06-04 22:00:00,24,9,15
2021-06-04 23:00:00,25,15,10
2021-06-05 00:00:00,10,5,5
2021-06-05 01:00:00,5,3,2
2021-06-05 02:00:00,2,1,1
2021-06-05 03:00:00,1,1,0
2021-06-05 04:00:00,0,0,0
2021-06-05 05:00:00,7,6,1
2021-06-05 06:00:00,16,7,9
2021-06-05 07:00:00,19,8,11
2021-06-05 08:00:00,20,6,14
2021-06-05 09:00:00,54,26,28
2021-06-05 10:00:00,72,41,31
2021-06-05 11:00:00,74,54,20
2021-06-05 12:00:00,116,55,61
2021-06-05 13:00:00,123,56,67
2021-06-05 14:00:00,130,56,74
2021-06-05 15:00:00,131,73,58
2021-06-05 16:00:00,104,54,50
2021-06-05 17:00:00,111,56,55
2021-06-05 18:00:00,65,25,40
2021-06-05 19:00:00,77,24,53
2021-06-05 20:00:00,26,11,15
2021-06-05 21:00:00,30,12,18
2021-06-05 22:00:00,13,10,3
2021-06-05 23:00:00,8,4,4
2021-06-06 00:00:00,9,2,7
2021-06-06 01:00:00,4,2,2
2021-06-06 02:00:00,1,1,0
2021-06-06 03:00:00,0,0,0
2021-06-06 04:00:00,0,0,0
2021-06-06 05:00:00,2,0,2
2021-06-06 06:00:00,5,2,3
2021-06-06 07:00:00,10,6,4
2021-06-06 08:00:00,9,1,8
2021-06-06 09:00:00,41,22,19
2021-06-06 10:00:00,46,30,16
2021-06-06 11:00:00,47,21,26
2021-06-06 12:00:00,35,17,18
2021-06-06 13:00:00,45,22,23
2021-06-06 14:00:00,29,13,16
2021-06-06 15:00:00,29,16,13
2021-06-06 16:00:00,28,16,12
2021-06-06 17:00:00,21,9,12
2021-06-06 18:00:00,11,1,10
2021-06-06 19:00:00,13,10,3
2021-06-06 20:00:00,8,5,3
2021-06-06 21:00:00,6,4,2
2021-06-06 22:00:00,3,2,1
2021-06-06 23:00:00,3,2,1
2021-06-07 00:00:00,0,0,0
2021-06-07 01:00:00,0,0,0
2021-06-07 02:00:00,1,1,0
2021-06-07 03:00:00,0,0,0
2021-06-07 04:00:00,3,2,1
2021-06-07 05:00:00,14,8,6
2021-06-07 06:00:00,25,8,17
2021-06-07 07:00:00,68,14,54
2021-06-07 08:00:00,86,4,82
2021-06-07 09:00:00,73,12,61
2021-06-07 10:00:00,50,21,29
2021-06-07 11:00:00,61,27,34
2021-06-07 12:00:00,38,19,19
2021-06-07 13:00:00,66,39,27
2021-06-07 14:00:00,47,28,19
2021-06-07 15:00:00,73,38,35
2021-06-07 16:00:00,134,97,37
2021-06-07 17:00:00,208,151,57
2021-06-07 18:00:00,174,120,54
2021-06-07 19:00:00,117,62,55
2021-06-07 20:00:00,77,27,50
2021-06-07 21:00:00,42,20,22
2021-06-07 22:00:00,16,7,9
2021-06-07 23:00:00,6,2,4
2021-06-08 00:00:00,7,3,4
2021-06-08 01:00:00,0,0,0
2021-06-08 02:00:00,0,0,0
2021-06-08 03:00:00,0,0,0
2021-06-08 04:00:00,8,6,2
2021-06-08 05:00:00,17,10,7
2021-06-08 06:00:00,52,10,42
2021-06-08 07:00:00,125,31,94
2021-06-08 08:00:00,163,27,136
2021-06-08 09:00:00,82,21,61
2021-06-08 10:00:00,58,17,41
2021-06-08 11:00:00,64,26,38
2021-06-08 12:00:00,64,28,36
2021-06-08 13:00:00,52,27,25
2021-06-08 14:00:00,89,53,36
2021-06-08 15:00:00,109,78,31
2021-06-08 16:00:00,189,133,56
2021-06-08 17:00:00,292,222,70
2021-06-08 18:00:00,216,124,92
2021-06-08 19:00:00,81,45,36
2021-06-08 20:00:00,54,23,31
2021-06-08 21:00:00,30,20,10
2021-06-08 22:00:00,16,7,9
2021-06-08 23:00:00,8,3,5
2021-06-09 00:00:00,2,1,1
2021-06-09 01:00:00,1,1,0
2021-06-09 02:00:00,0,0,0
2021-06-09 03:00:00,0,0,0
2021-06-09 04:00:00,6,2,4
2021-06-09 05:00:00,19,12,7
2021-06-09 06:00:00,48,13,35
2021-06-09 07:00:00,135,36,99
2021-06-09 08:00:00,153,28,125
2021-06-09 09:00:00,101,26,75
2021-06-09 10:00:00,76,30,46
2021-06-09 11:00:00,68,32,36
2021-06-09 12:00:00,91,44,47
2021-06-09 13:00:00,88,53,35
2021-06-09 14:00:00,92,46,46
2021-06-09 15:00:00,129,82,47
2021-06-09 16:00:00,168,122,46
2021-06-09 17:00:00,262,205,57
2021-06-09 18:00:00,191,131,60
2021-06-09 19:00:00,153,82,71
2021-06-09 20:00:00,73,27,46
2021-06-09 21:00:00,47,25,22
2021-06-09 22:00:00,36,14,22
2021-06-09 23:00:00,18,8,10
2021-06-10 00:00:00,4,2,2
2021-06-10 01:00:00,0,0,0
2021-06-10 02:00:00,1,0,1
2021-06-10 03:00:00,0,0,0
2021-06-10 04:00:00,6,4,2
2021-06-10 05:00:00,23,17,6
2021-06-10 06:00:00,49,14,35
2021-06-10 07:00:00,113,22,91
2021-06-10 08:00:00,134,22,112
2021-06-10 09:00:00,90,23,67
2021-06-10 10:00:00,56,17,39
2021-06-10 11:00:00,51,16,35
2021-06-10 12:00:00,66,32,34
2021-06-10 13:00:00,71,35,36
2021-06-10 14:00:00,99,44,55
2021-06-10 15:00:00,86,49,37
2021-06-10 16:00:00,165,124,41
2021-06-10 17:00:00,218,167,51
2021-06-10 18:00:00,176,114,62
2021-06-10 19:00:00,126,79,47
2021-06-10 20:00:00,97,50,47
2021-06-10 21:00:00,51,14,37
2021-06-10 22:00:00,22,14,8
2021-06-10 23:00:00,17,8,9
2021-06-11 00:00:00,5,1,4
2021-06-11 01:00:00,3,3,0
2021-06-11 02:00:00,2,0,2
2021-06-11 03:00:00,1,0,1
2021-06-11 04:00:00,4,1,3
2021-06-11 05:00:00,9,6,3
2021-06-11 06:00:00,39,12,27
2021-06-11 07:00:00,75,18,57
2021-06-11 08:00:00,73,9,64
2021-06-11 09:00:00,42,9,33
2021-06-11 10:00:00,43,17,26
2021-06-11 11:00:00,14,7,7
2021-06-11 12:00:00,21,6,15
2021-06-11 13:00:00,18,12,6
2021-06-11 14:00:00,31,20,11
2021-06-11 15:00:00,35,28,7
2021-06-11 16:00:00,64,51,13
2021-06-11 17:00:00,96,77,19
2021-06-11 18:00:00,117,97,20
2021-06-11 19:00:00,93,24,69
2021-06-11 20:00:00,31,17,14
2021-06-11 21:00:00,15,9,6
2021-06-11 22:00:00,6,4,2
2021-06-11 23:00:00,4,3,1
2021-06-12 00:00:00,5,2,3
2021-06-12 01:00:00,3,1,2
2021-06-12 02:00:00,0,0,0
2021-06-12 03:00:00,3,1,2
2021-06-12 04:00:00,5,2,3
2021-06-12 05:00:00,4,0,4
2021-06-12 06:00:00,14,7,7
2021-06-12 07:00:00,30,16,14
2021-06-12 08:00:00,34,10,24
2021-06-12 09:00:00,62,27,35
2021-06-12 10:00:00,113,66,47
2021-06-12 11:00:00,106,61,45
2021-06-12 12:00:00,138,69,69
2021-06-12 13:00:00,163,90,73
2021-06-12 14:00:00,170,98,72
2021-06-12 15:00:00,177,90,87
2021-06-12 16:00:00,206,110,96
2021-06-12 17:00:00,142,77,65
2021-06-12 18:00:00,143,64,79
2021-06-12 19:00:00,100,30,70
2021-06-12 20:00:00,56,28,28
2021-06-12 21:00:00,27,17,10
2021-06-12 22:00:00,11,1,10
2021-06-12 23:00:00,5,2,3
2021-06-13 00:00:00,9,5,4
2021-06-13 01:00:00,0,0,0
2021-06-13 02:00:00,1,0,1
2021-06-13 03:00:00,0,0,0
2021-06-13 04:00:00,1,1,0
2021-06-13 05:00:00,7,4,3
2021-06-13 06:00:00,4,1,3
2021-06-13 07:00:00,15,12,3
2021-06-13 08:00:00,6,2,4
2021-06-13 09:00:00,17,5,12
2021-06-13 10:00:00,19,9,10
2021-06-13 11:00:00,40,24,16
2021-06-13 12:00:00,44,26,18
2021-06-13 13:00:00,66,27,39
2021-06-13 14:00:00,33,18,15
2021-06-13 15:00:00,27,8,19
2021-06-13 16:00:00,20,11,9
2021-06-13 17:00:00,27,18,9
2021-06-13 18:00:00,12,4,8
2021-06-13 19:00:00,4,4,0
2021-06-13 20:00:00,3,2,1
2021-06-13 21:00:00,7,2,5
2021-06-13 22:00:00,7,4,3
2021-06-13 23:00:00,3,1,2
2021-06-14 00:00:00,0,0,0
2021-06-14 01:00:00,1,0,1
2021-06-14 02:00:00,0,0,0
2021-06-14 03:00:00,0,0,0
2021-06-14 04:00:00,6,3,3
2021-06-14 05:00:00,16,11,5
2021-06-14 06:00:00,25,9,16
2021-06-14 07:00:00,83,22,61
2021-06-14 08:00:00,74,7,67
2021-06-14 09:00:00,61,10,51
2021-06-14 10:00:00,23,11,12
2021-06-14 11:00:00,17,4,13
2021-06-14 12:00:00,15,9,6
2021-06-14 13:00:00,25,12,13
2021-06-14 14:00:00,39,19,20
2021-06-14 15:00:00,53,36,17
2021-06-14 16:00:00,103,72,31
2021-06-14 17:00:00,122,105,17
2021-06-14 18:00:00,116,83,33
2021-06-14 19:00:00,98,62,36
2021-06-14 20:00:00,45,18,27
2021-06-14 21:00:00,36,18,18
2021-06-14 22:00:00,7,3,4
2021-06-14 23:00:00,6,3,3
2021-06-15 00:00:00,4,2,2
2021-06-15 01:00:00,1,0,1
2021-06-15 02:00:00,0,0,0
2021-06-15 03:00:00,1,0,1
2021-06-15 04:00:00,5,2,3
2021-06-15 05:00:00,18,9,9
2021-06-15 06:00:00,47,13,34
2021-06-15 07:00:00,117,30,87
2021-06-15 08:00:00,137,22,115
2021-06-15 09:00:00,85,16,69
2021-06-15 10:00:00,63,21,42
2021-06-15 11:00:00,48,21,27
2021-06-15 12:00:00,77,25,52
2021-06-15 13:00:00,56,29,27
2021-06-15 14:00:00,71,45,26
2021-06-15 15:00:00,81,53,28
2021-06-15 16:00:00,139,102,37
2021-06-15 17:00:00,204,165,39
2021-06-15 18:00:00,186,128,58
2021-06-15 19:00:00,115,70,45
2021-06-15 20:00:00,77,37,40
2021-06-15 21:00:00,44,19,25
2021-06-15 22:00:00,20,7,13
2021-06-15 23:00:00,14,10,4
2021-06-16 00:00:00,8,4,4
2021-06-16 01:00:00,4,3,1
2021-06-16 02:00:00,1,1,0
2021-06-16 03:00:00,2,1,1
2021-06-16 04:00:00,9,1,8
2021-06-16 05:00:00,21,12,9
2021-06-16 06:00:00,59,17,42
2021-06-16 07:00:00,122,23,99
2021-06-16 08:00:00,152,18,134
2021-06-16 09:00:00,86,19,67
2021-06-16 10:00:00,53,18,35
2021-06-16 11:00:00,46,15,31
2021-06-16 12:00:00,68,35,33
2021-06-16 13:00:00,82,42,40
2021-06-16 14:00:00,103,55,48
2021-06-16 15:00:00,144,90,54
2021-06-16 16:00:00,192,128,64
2021-06-16 17:00:00,300,231,69
2021-06-16 18:00:00,240,151,89
2021-06-16 19:00:00,175,101,74
2021-06-16 20:00:00,107,36,71
2021-06-16 21:00:00,63,27,36
2021-06-16 22:00:00,28,13,15
2021-06-16 23:00:00,19,12,7
2021-06-17 00:00:00,8,5,3
2021-06-17 01:00:00,0,0,0
2021-06-17 02:00:00,1,1,0
2021-06-17 03:00:00,0,0,0
2021-06-17 04:00:00,6,3,3
2021-06-17 05:00:00,21,13,8
2021-06-17 06:00:00,53,10,43
2021-06-17 07:00:00,125,25,100
2021-06-17 08:00:00,140,18,122
2021-06-17 09:00:00,106,28,78
2021-06-17 10:00:00,56,22,34
2021-06-17 11:00:00,62,21,41
2021-06-17 12:00:00,62,31,31
2021-06-17 13:00:00,82,40,42
2021-06-17 14:00:00,109,63,46
2021-06-17 15:00:00,97,60,37
2021-06-17 16:00:00,207,149,58
2021-06-17 17:00:00,242,182,60
2021-06-17 18:00:00,212,144,68
2021-06-17 19:00:00,168,88,80
2021-06-17 20:00:00,126,72,54
2021-06-17 21:00:00,64,21,43
2021-06-17 22:00:00,33,8,25
2021-06-17 23:00:00,14,12,2
2021-06-18 00:00:00,6,3,3
2021-06-18 01:00:00,5,5,0
2021-06-18 02:00:00,6,6,0
2021-06-18 03:00:00,7,1,6
2021-06-18 04:00:00,5,2,3
2021-06-18 05:00:00,17,10,7
2021-06-18 06:00:00,36,11,25
2021-06-18 07:00:00,87,14,73
2021-06-18 08:00:00,101,18,83
2021-06-18 09:00:00,103,22,81
2021-06-18 10:00:00,68,36,32
2021-06-18 11:00:00,96,46,50
2021-06-18 12:00:00,82,48,34
2021-06-18 13:00:00,92,50,42
2021-06-18 14:00:00,102,49,53
2021-06-18 15:00:00,118,71,47
2021-06-18 16:00:00,196,134,62
2021-06-18 17:00:00,239,162,77
2021-06-18 18:00:00,196,119,77
2021-06-18 19:00:00,129,63,66
2021-06-18 20:00:00,69,35,34
2021-06-18 21:00:00,66,28,38
2021-06-18 22:00:00,22,6,16
2021-06-18 23:00:00,16,8,8
2021-06-19 00:00:00,11,6,5
2021-06-19 01:00:00,6,3,3
2021-06-19 02:00:00,3,3,0
2021-06-19 03:00:00,1,0,1
2021-06-19 04:00:00,6,2,4
2021-06-19 05:00:00,3,2,1
2021-06-19 06:00:00,12,6,6
2021-06-19 07:00:00,28,14,14
2021-06-19 08:00:00,52,21,31
2021-06-19 09:00:00,71,43,28
2021-06-19 10:00:00,107,62,45
2021-06-19 11:00:00,136,57,79
2021-06-19 12:00:00,183,91,92
2021-06-19 13:00:00,157,84,73
2021-06-19 14:00:00,179,104,75
2021-06-19 15:00:00,153,68,85
2021-06-19 16:00:00,166,82,84
2021-06-19 17:00:00,128,68,60
2021-06-19 18:00:00,133,64,69
2021-06-19 19:00:00,101,38,63
2021-06-19 20:00:00,73,34,39
2021-06-19 21:00:00,64,23,41
2021-06-19 22:00:00,34,12,22
2021-06-19 23:00:00,18,12,6
2021-06-20 00:00:00,14,4,10
2021-06-20 01:00:00,2,1,1
2021-06-20 02:00:00,2,1,1
2021-06-20 03:00:00,3,0,3
2021-06-20 04:00:00,2,0,2
2021-06-20 05:00:00,3,2,1
2021-06-20 06:00:00,7,3,4
2021-06-20 07:00:00,26,11,15
2021-06-20 08:00:00,58,36,22
2021-06-20 09:00:00,78,41,37
2021-06-20 10:00:00,93,56,37
2021-06-20 11:00:00,140,77,63
2021-06-20 12:00:00,179,110,69
2021-06-20 13:00:00,141,86,55
2021-06-20 14:00:00,181,98,83
2021-06-20 15:00:00,158,104,54
2021-06-20 16:00:00,173,76,97
2021-06-20 17:00:00,145,84,61
2021-06-20 18:00:00,117,50,67
2021-06-20 19:00:00,76,28,48
2021-06-20 20:00:00,77,31,46
2021-06-20 21:00:00,43,12,31
2021-06-20 22:00:00,28,5,23
2021-06-20 23:00:00,13,4,9
2021-06-21 00:00:00,9,2,7
2021-06-21 01:00:00,1,0,1
2021-06-21 02:00:00,1,0,1
2021-06-21 03:00:00,0,0,0
2021-06-21 04:00:00,5,1,4
2021-06-21 05:00:00,28,17,11
2021-06-21 06:00:00,40,9,31
2021-06-21 07:00:00,120,25,95
2021-06-21 08:00:00,144,22,122
2021-06-21 09:00:00,103,28,75
2021-06-21 10:00:00,67,27,40
2021-06-21 11:00:00,84,44,40
2021-06-21 12:00:00,60,24,36
2021-06-21 13:00:00,74,41,33
2021-06-21 14:00:00,89,51,38
2021-06-21 15:00:00,118,82,36
2021-06-21 16:00:00,159,111,48
2021-06-21 17:00:00,251,190,61
2021-06-21 18:00:00,200,122,78
2021-06-21 19:00:00,127,67,60
2021-06-21 20:00:00,108,44,64
2021-06-21 21:00:00,75,41,34
2021-06-21 22:00:00,42,13,29
2021-06-21 23:00:00,19,11,8
2021-06-22 00:00:00,1,0,1
2021-06-22 01:00:00,1,0,1
2021-06-22 02:00:00,2,0,2
2021-06-22 03:00:00,0,0,0
2021-06-22 04:00:00,8,5,3
2021-06-22 05:00:00,21,10,11
2021-06-22 06:00:00,59,18,41
2021-06-22 07:00:00,132,27,105
2021-06-22 08:00:00,180,35,145
2021-06-22 09:00:00,114,21,93
2021-06-22 10:00:00,56,28,28
2021-06-22 11:00:00,51,19,32
2021-06-22 12:00:00,60,32,28
2021-06-22 13:00:00,80,37,43
2021-06-22 14:00:00,87,51,36
2021-06-22 15:00:00,101,54,47
2021-06-22 16:00:00,180,129,51
2021-06-22 17:00:00,279,208,71
2021-06-22 18:00:00,210,124,86
2021-06-22 19:00:00,159,90,69
2021-06-22 20:00:00,116,48,68
2021-06-22 21:00:00,74,28,46
2021-06-22 22:00:00,30,17,13
2021-06-22 23:00:00,23,16,7
2021-06-23 00:00:00,4,3,1
2021-06-23 01:00:00,3,1,2
2021-06-23 02:00:00,0,0,0
2021-06-23 03:00:00,2,1,1
2021-06-23 04:00:00,4,1,3
2021-06-23 05:00:00,23,10,13
2021-06-23 06:00:00,49,13,36
2021-06-23 07:00:00,108,21,87
2021-06-23 08:00:00,148,14,134
2021-06-23 09:00:00,109,25,84
2021-06-23 10:00:00,74,24,50
2021-06-23 11:00:00,66,25,41
2021-06-23 12:00:00,81,38,43
2021-06-23 13:00:00,78,46,32
2021-06-23 14:00:00,86,41,45
2021-06-23 15:00:00,117,70,47
2021-06-23 16:00:00,177,140,37
2021-06-23 17:00:00,282,211,71
2021-06-23 18:00:00,228,143,85
2021-06-23 19:00:00,124,77,47
2021-06-23 20:00:00,114,54,60
2021-06-23 21:00:00,74,41,33
2021-06-23 22:00:00,26,8,18
2021-06-23 23:00:00,13,10,3
2021-06-24 00:00:00,3,3,0
2021-06-24 01:00:00,1,0,1
2021-06-24 02:00:00,0,0,0
2021-06-24 03:00:00,1,1,0
2021-06-24 04:00:00,7,5,2
2021-06-24 05:00:00,21,11,10
2021-06-24 06:00:00,53,17,36
2021-06-24 07:00:00,130,26,104
2021-06-24 08:00:00,163,27,136
2021-06-24 09:00:00,98,21,77
2021-06-24 10:00:00,51,19,32
2021-06-24 11:00:00,76,34,42
2021-06-24 12:00:00,69,37,32
2021-06-24 13:00:00,86,46,40
2021-06-24 14:00:00,92,54,38
2021-06-24 15:00:00,96,64,32
2021-06-24 16:00:00,187,129,58
2021-06-24 17:00:00,303,224,79
2021-06-24 18:00:00,254,175,79
2021-06-24 19:00:00,150,79,71
2021-06-24 20:00:00,88,38,50
2021-06-24 21:00:00,70,37,33
2021-06-24 22:00:00,52,22,30
2021-06-24 23:00:00,17,13,4
2021-06-25 00:00:00,19,9,10
2021-06-25 01:00:00,7,4,3
2021-06-25 02:00:00,3,2,1
2021-06-25 03:00:00,1,0,1
2021-06-25 04:00:00,4,3,1
2021-06-25 05:00:00,19,11,8
2021-06-25 06:00:00,47,15,32
2021-06-25 07:00:00,85,24,61
2021-06-25 08:00:00,132,28,104
2021-06-25 09:00:00,102,29,73
2021-06-25 10:00:00,76,38,38
2021-06-25 11:00:00,75,34,41
2021-06-25 12:00:00,64,32,32
2021-06-25 13:00:00,56,27,29
2021-06-25 14:00:00,104,70,34
2021-06-25 15:00:00,100,63,37
2021-06-25 16:00:00,172,107,65
2021-06-25 17:00:00,195,133,62
2021-06-25 18:00:00,151,92,59
2021-06-25 19:00:00,102,59,43
2021-06-25 20:00:00,104,61,43
2021-06-25 21:00:00,75,33,42
2021-06-25 22:00:00,63,30,33
2021-06-25 23:00:00,28,18,10
2021-06-26 00:00:00,19,11,8
2021-06-26 01:00:00,6,2,4
2021-06-26 02:00:00,6,5,1
2021-06-26 03:00:00,1,0,1
2021-06-26 04:00:00,0,0,0
2021-06-26 05:00:00,13,8,5
2021-06-26 06:00:00,22,10,12
2021-06-26 07:00:00,45,22,23
2021-06-26 08:00:00,66,26,40
2021-06-26 09:00:00,97,57,40
2021-06-26 10:00:00,79,47,32
2021-06-26 11:00:00,90,43,47
2021-06-26 12:00:00,90,53,37
2021-06-26 13:00:00,71,41,30
2021-06-26 14:00:00,90,38,52
2021-06-26 15:00:00,68,32,36
2021-06-26 16:00:00,54,22,32
2021-06-26 17:00:00,45,16,29
2021-06-26 18:00:00,60,41,19
2021-06-26 19:00:00,82,32,50
2021-06-26 20:00:00,57,34,23
2021-06-26 21:00:00,51,30,21
2021-06-26 22:00:00,27,7,20
2021-06-26 23:00:00,42,10,32
2021-06-27 00:00:00,16,7,9
2021-06-27 01:00:00,9,5,4
2021-06-27 02:00:00,8,7,1
2021-06-27 03:00:00,1,1,0
2021-06-27 04:00:00,1,1,0
2021-06-27 05:00:00,3,1,2
2021-06-27 06:00:00,20,10,10
2021-06-27 07:00:00,27,16,11
2021-06-27 08:00:00,56,28,28
2021-06-27 09:00:00,64,31,33
2021-06-27 10:00:00,78,39,39
2021-06-27 11:00:00,79,47,32
2021-06-27 12:00:00,61,35,26
2021-06-27 13:00:00,53,30,23
2021-06-27 14:00:00,43,18,25
2021-06-27 15:00:00,44,20,24
2021-06-27 16:00:00,32,12,20
2021-06-27 17:00:00,44,24,20
2021-06-27 18:00:00,33,26,7
2021-06-27 19:00:00,28,16,12
2021-06-27 20:00:00,39,26,13
2021-06-27 21:00:00,48,21,27
2021-06-27 22:00:00,21,14,7
2021-06-27 23:00:00,9,5,4
2021-06-28 00:00:00,4,3,1
2021-06-28 01:00:00,1,1,0
2021-06-28 02:00:00,1,0,1
2021-06-28 03:00:00,1,1,0
2021-06-28 04:00:00,8,2,6
2021-06-28 05:00:00,19,8,11
2021-06-28 06:00:00,39,12,27
2021-06-28 07:00:00,84,17,67
2021-06-28 08:00:00,84,14,70
2021-06-28 09:00:00,73,14,59
2021-06-28 10:00:00,41,19,22
2021-06-28 11:00:00,31,17,14
2021-06-28 12:00:00,25,6,19
2021-06-28 13:00:00,30,16,14
2021-06-28 14:00:00,29,13,16
2021-06-28 15:00:00,48,27,21
2021-06-28 16:00:00,86,64,22
2021-06-28 17:00:00,68,55,13
2021-06-28 18:00:00,72,51,21
2021-06-28 19:00:00,53,43,10
2021-06-28 20:00:00,55,29,26
2021-06-28 21:00:00,28,17,11
2021-06-28 22:00:00,30,12,18
2021-06-28 23:00:00,10,9,1
2021-06-29 00:00:00,5,4,1
2021-06-29 01:00:00,4,3,1
2021-06-29 02:00:00,1,0,1
2021-06-29 03:00:00,0,0,0
2021-06-29 04:00:00,11,6,5
2021-06-29 05:00:00,17,9,8
2021-06-29 06:00:00,69,28,41
2021-06-29 07:00:00,110,25,85
2021-06-29 08:00:00,141,31,110
2021-06-29 09:00:00,97,18,79
2021-06-29 10:00:00,73,34,39
2021-06-29 11:00:00,82,22,60
2021-06-29 12:00:00,68,28,40
2021-06-29 13:00:00,57,25,32
2021-06-29 14:00:00,58,36,22
2021-06-29 15:00:00,72,51,21
2021-06-29 16:00:00,140,111,29
2021-06-29 17:00:00,171,130,41
2021-06-29 18:00:00,148,115,33
2021-06-29 19:00:00,97,52,45
2021-06-29 20:00:00,97,50,47
2021-06-29 21:00:00,82,38,44
2021-06-29 22:00:00,28,13,15
2021-06-29 23:00:00,15,6,9
2021-06-30 00:00:00,5,3,2
2021-06-30 01:00:00,1,0,1
2021-06-30 02:00:00,2,2,0
2021-06-30 03:00:00,1,0,1
2021-06-30 04:00:00,6,3,3
2021-06-30 05:00:00,29,14,15
2021-06-30 06:00:00,65,18,47
2021-06-30 07:00:00,120,27,93
2021-06-30 08:00:00,178,27,151
2021-06-30 09:00:00,124,25,99
2021-06-30 10:00:00,62,25,37
2021-06-30 11:00:00,61,20,41
2021-06-30 12:00:00,66,36,30
2021-06-30 13:00:00,72,36,36
2021-06-30 14:00:00,90,54,36
2021-06-30 15:00:00,114,75,39
2021-06-30 16:00:00,151,110,41
2021-06-30 17:00:00,235,185,50
2021-06-30 18:00:00,195,137,58
2021-06-30 19:00:00,154,99,55
2021-06-30 20:00:00,124,51,73
2021-06-30 21:00:00,67,33,34
2021-06-30 22:00:00,26,10,16
2021-06-30 23:00:00,21,7,14
2021-07-01 00:00:00,4,2,2
2021-07-01 01:00:00,3,0,3
2021-07-01 02:00:00,1,0,1
2021-07-01 03:00:00,0,0,0
2021-07-01 04:00:00,6,4,2
2021-07-01 05:00:00,25,10,15
2021-07-01 06:00:00,55,16,39
2021-07-01 07:00:00,114,22,92
2021-07-01 08:00:00,134,25,109
2021-07-01 09:00:00,116,21,95
2021-07-01 10:00:00,51,29,22
2021-07-01 11:00:00,83,29,54
2021-07-01 12:00:00,82,37,45
2021-07-01 13:00:00,55,30,25
2021-07-01 14:00:00,72,37,35
2021-07-01 15:00:00,127,89,38
2021-07-01 16:00:00,148,102,46
2021-07-01 17:00:00,212,167,45
2021-07-01 18:00:00,181,129,52
2021-07-01 19:00:00,144,97,47
2021-07-01 20:00:00,84,39,45
2021-07-01 21:00:00,56,24,32
2021-07-01 22:00:00,48,21,27
2021-07-01 23:00:00,17,10,7
2021-07-02 00:00:00,8,5,3
2021-07-02 01:00:00,7,4,3
2021-07-02 02:00:00,0,0,0
2021-07-02 03:00:00,1,0,1
2021-07-02 04:00:00,5,2,3
2021-07-02 05:00:00,17,8,9
2021-07-02 06:00:00,50,19,31
2021-07-02 07:00:00,93,28,65
2021-07-02 08:00:00,110,22,88
2021-07-02 09:00:00,107,25,82
2021-07-02 10:00:00,54,24,30
2021-07-02 11:00:00,78,22,56
2021-07-02 12:00:00,92,52,40
2021-07-02 13:00:00,83,53,30
2021-07-02 14:00:00,97,56,41
2021-07-02 15:00:00,137,84,53
2021-07-02 16:00:00,159,105,54
2021-07-02 17:00:00,201,130,71
2021-07-02 18:00:00,146,86,60
2021-07-02 19:00:00,114,71,43
2021-07-02 20:00:00,80,31,49
2021-07-02 21:00:00,52,21,31
2021-07-02 22:00:00,33,10,23
2021-07-02 23:00:00,17,9,8
2021-07-03 00:00:00,27,19,8
2021-07-03 01:00:00,22,15,7
2021-07-03 02:00:00,1,0,1
2021-07-03 03:00:00,2,2,0
2021-07-03 04:00:00,2,1,1
2021-07-03 05:00:00,3,1,2
2021-07-03 06:00:00,21,13,8
2021-07-03 07:00:00,45,22,23
2021-07-03 08:00:00,43,15,28
2021-07-03 09:00:00,83,43,40
2021-07-03 10:00:00,120,69,51
2021-07-03 11:00:00,135,65,70
2021-07-03 12:00:00,130,75,55
2021-07-03 13:00:00,134,65,69
2021-07-03 14:00:00,126,81,45
2021-07-03 15:00:00,169,87,82
2021-07-03 16:00:00,153,71,82
2021-07-03 17:00:00,120,63,57
2021-07-03 18:00:00,93,52,41
2021-07-03 19:00:00,129,57,72
2021-07-03 20:00:00,77,35,42
2021-07-03 21:00:00,69,30,39
2021-07-03 22:00:00,59,26,33
2021-07-03 23:00:00,30,14,16
2021-07-04 00:00:00,12,8,4
2021-07-04 01:00:00,6,2,4
2021-07-04 02:00:00,6,3,3
2021-07-04 03:00:00,3,2,1
2021-07-04 04:00:00,1,0,1
2021-07-04 05:00:00,5,1,4
2021-07-04 06:00:00,7,3,4
2021-07-04 07:00:00,18,10,8
2021-07-04 08:00:00,24,11,13
2021-07-04 09:00:00,54,21,33
2021-07-04 10:00:00,84,57,27
2021-07-04 11:00:00,64,40,24
2021-07-04 12:00:00,165,98,67
2021-07-04 13:00:00,146,81,65
2021-07-04 14:00:00,147,72,75
2021-07-04 15:00:00,161,93,68
2021-07-04 16:00:00,126,58,68
2021-07-04 17:00:00,137,68,69
2021-07-04 18:00:00,104,54,50
2021-07-04 19:00:00,88,48,40
2021-07-04 20:00:00,87,41,46
2021-07-04 21:00:00,77,35,42
2021-07-04 22:00:00,29,11,18
2021-07-04 23:00:00,29,14,15
2021-07-05 00:00:00,6,3,3
2021-07-05 01:00:00,6,1,5
2021-07-05 02:00:00,2,0,2
2021-07-05 03:00:00,5,3,2
2021-07-05 04:00:00,3,2,1
2021-07-05 05:00:00,8,2,6
2021-07-05 06:00:00,17,5,12
2021-07-05 07:00:00,27,12,15
2021-07-05 08:00:00,37,20,17
2021-07-05 09:00:00,50,21,29
2021-07-05 10:00:00,66,38,28
2021-07-05 11:00:00,92,50,42
2021-07-05 12:00:00,92,44,48
2021-07-05 13:00:00,118,65,53
2021-07-05 14:00:00,116,64,52
2021-07-05 15:00:00,149,88,61
2021-07-05 16:00:00,154,83,71
2021-07-05 17:00:00,159,83,76
2021-07-05 18:00:00,107,64,43
2021-07-05 19:00:00,105,47,58
2021-07-05 20:00:00,68,32,36
2021-07-05 21:00:00,43,12,31
2021-07-05 22:00:00,19,8,11
2021-07-05 23:00:00,14,9,5
2021-07-06 00:00:00,5,3,2
2021-07-06 01:00:00,2,0,2
2021-07-06 02:00:00,3,0,3
2021-07-06 03:00:00,0,0,0
2021-07-06 04:00:00,11,6,5
2021-07-06 05:00:00,17,10,7
2021-07-06 06:00:00,51,15,36
2021-07-06 07:00:00,135,30,105
2021-07-06 08:00:00,140,25,115
2021-07-06 09:00:00,96,22,74
2021-07-06 10:00:00,65,32,33
2021-07-06 11:00:00,53,21,32
2021-07-06 12:00:00,46,20,26
2021-07-06 13:00:00,72,40,32
2021-07-06 14:00:00,76,39,37
2021-07-06 15:00:00,107,63,44
2021-07-06 16:00:00,200,135,65
2021-07-06 17:00:00,237,178,59
2021-07-06 18:00:00,190,131,59
2021-07-06 19:00:00,105,62,43
2021-07-06 20:00:00,88,51,37
2021-07-06 21:00:00,63,36,27
2021-07-06 22:00:00,32,15,17
2021-07-06 23:00:00,10,8,2
2021-07-07 00:00:00,7,1,6
2021-07-07 01:00:00,5,3,2
2021-07-07 02:00:00,7,2,5
2021-07-07 03:00:00,5,1,4
2021-07-07 04:00:00,10,4,6
2021-07-07 05:00:00,17,7,10
2021-07-07 06:00:00,51,15,36
2021-07-07 07:00:00,138,28,110
2021-07-07 08:00:00,151,20,131
2021-07-07 09:00:00,116,33,83
2021-07-07 10:00:00,59,19,40
2021-07-07 11:00:00,50,18,32
2021-07-07 12:00:00,60,26,34
2021-07-07 13:00:00,61,30,31
2021-07-07 14:00:00,67,34,33
2021-07-07 15:00:00,100,68,32
2021-07-07 16:00:00,166,125,41
2021-07-07 17:00:00,291,211,80
2021-07-07 18:00:00,212,135,77
2021-07-07 19:00:00,120,76,44
2021-07-07 20:00:00,107,50,57
2021-07-07 21:00:00,60,22,38
2021-07-07 22:00:00,31,13,18
2021-07-07 23:00:00,15,7,8
2021-07-08 00:00:00,4,2,2
2021-07-08 01:00:00,2,2,0
2021-07-08 02:00:00,0,0,0
2021-07-08 03:00:00,1,0,1
2021-07-08 04:00:00,13,10,3
2021-07-08 05:00:00,10,5,5
2021-07-08 06:00:00,57,15,42
2021-07-08 07:00:00,120,23,97
2021-07-08 08:00:00,134,15,119
2021-07-08 09:00:00,108,29,79
2021-07-08 10:00:00,63,22,41
2021-07-08 11:00:00,78,28,50
2021-07-08 12:00:00,77,36,41
2021-07-08 13:00:00,50,26,24
2021-07-08 14:00:00,76,42,34
2021-07-08 15:00:00,83,51,32
2021-07-08 16:00:00,167,121,46
2021-07-08 17:00:00,246,187,59
2021-07-08 18:00:00,186,119,67
2021-07-08 19:00:00,143,74,69
2021-07-08 20:00:00,84,50,34
2021-07-08 21:00:00,66,19,47
2021-07-08 22:00:00,43,21,22
2021-07-08 23:00:00,16,9,7
2021-07-09 00:00:00,7,1,6
2021-07-09 01:00:00,6,1,5
2021-07-09 02:00:00,6,4,2
2021-07-09 03:00:00,2,0,2
2021-07-09 04:00:00,3,1,2
2021-07-09 05:00:00,15,6,9
2021-07-09 06:00:00,42,14,28
2021-07-09 07:00:00,95,17,78
2021-07-09 08:00:00,116,17,99
2021-07-09 09:00:00,88,20,68
2021-07-09 10:00:00,78,24,54
2021-07-09 11:00:00,87,38,49
2021-07-09 12:00:00,83,47,36
2021-07-09 13:00:00,55,31,24
2021-07-09 14:00:00,107,60,47
2021-07-09 15:00:00,132,71,61
2021-07-09 16:00:00,205,140,65
2021-07-09 17:00:00,216,144,72
2021-07-09 18:00:00,150,102,48
2021-07-09 19:00:00,132,72,60
2021-07-09 20:00:00,77,42,35
2021-07-09 21:00:00,56,25,31
2021-07-09 22:00:00,30,18,12
2021-07-09 23:00:00,39,21,18
2021-07-10 00:00:00,18,13,5
2021-07-10 01:00:00,4,2,2
2021-07-10 02:00:00,10,5,5
2021-07-10 03:00:00,2,2,0
2021-07-10 04:00:00,0,0,0
2021-07-10 05:00:00,8,5,3
2021-07-10 06:00:00,15,9,6
2021-07-10 07:00:00,36,20,16
2021-07-10 08:00:00,42,21,21
2021-07-10 09:00:00,62,37,25
2021-07-10 10:00:00,98,48,50
2021-07-10 11:00:00,114,49,65
2021-07-10 12:00:00,150,79,71
2021-07-10 13:00:00,144,76,68
2021-07-10 14:00:00,132,59,73
2021-07-10 15:00:00,149,86,63
2021-07-10 16:00:00,153,77,76
2021-07-10 17:00:00,112,57,55
2021-07-10 18:00:00,100,54,46
2021-07-10 19:00:00,136,63,73
2021-07-10 20:00:00,80,33,47
2021-07-10 21:00:00,76,29,47
2021-07-10 22:00:00,39,14,25
2021-07-10 23:00:00,27,18,9
2021-07-11 00:00:00,28,7,21
2021-07-11 01:00:00,12,7,5
2021-07-11 02:00:00,7,4,3
2021-07-11 03:00:00,2,1,1
2021-07-11 04:00:00,0,0,0
2021-07-11 05:00:00,7,3,4
2021-07-11 06:00:00,14,7,7
2021-07-11 07:00:00,25,17,8
2021-07-11 08:00:00,40,19,21
2021-07-11 09:00:00,79,44,35
2021-07-11 10:00:00,107,58,49
2021-07-11 11:00:00,139,83,56
2021-07-11 12:00:00,119,68,51
2021-07-11 13:00:00,152,96,56
2021-07-11 14:00:00,101,63,38
2021-07-11 15:00:00,142,65,77
2021-07-11 16:00:00,144,71,73
2021-07-11 17:00:00,128,60,68
2021-07-11 18:00:00,119,55,64
2021-07-11 19:00:00,94,48,46
2021-07-11 20:00:00,58,27,31
2021-07-11 21:00:00,51,20,31
2021-07-11 22:00:00,13,5,8
2021-07-11 23:00:00,14,6,8
2021-07-12 00:00:00,4,1,3
2021-07-12 01:00:00,1,0,1
2021-07-12 02:00:00,2,0,2
2021-07-12 03:00:00,1,1,0
2021-07-12 04:00:00,5,1,4
2021-07-12 05:00:00,19,10,9
2021-07-12 06:00:00,54,17,37
2021-07-12 07:00:00,132,22,110
2021-07-12 08:00:00,167,19,148
2021-07-12 09:00:00,116,21,95
2021-07-12 10:00:00,72,29,43
2021-07-12 11:00:00,54,23,31
2021-07-12 12:00:00,85,41,44
2021-07-12 13:00:00,77,43,34
2021-07-12 14:00:00,78,43,35
2021-07-12 15:00:00,90,60,30
2021-07-12 16:00:00,176,129,47
2021-07-12 17:00:00,281,225,56
2021-07-12 18:00:00,205,135,70
2021-07-12 19:00:00,161,97,64
2021-07-12 20:00:00,109,50,59
2021-07-12 21:00:00,67,27,40
2021-07-12 22:00:00,22,8,14
2021-07-12 23:00:00,19,8,11
2021-07-13 00:00:00,2,1,1
2021-07-13 01:00:00,4,3,1
2021-07-13 02:00:00,6,4,2
2021-07-13 03:00:00,2,0,2
2021-07-13 04:00:00,11,5,6
2021-07-13 05:00:00,26,13,13
2021-07-13 06:00:00,65,22,43
2021-07-13 07:00:00,134,26,108
2021-07-13 08:00:00,193,32,161
2021-07-13 09:00:00,118,21,97
2021-07-13 10:00:00,64,17,47
2021-07-13 11:00:00,60,26,34
2021-07-13 12:00:00,94,51,43
2021-07-13 13:00:00,75,39,36
2021-07-13 14:00:00,97,53,44
2021-07-13 15:00:00,147,90,57
2021-07-13 16:00:00,212,146,66
2021-07-13 17:00:00,256,199,57
2021-07-13 18:00:00,228,155,73
2021-07-13 19:00:00,159,92,67
2021-07-13 20:00:00,116,55,61
2021-07-13 21:00:00,68,32,36
2021-07-13 22:00:00,32,13,19
2021-07-13 23:00:00,14,7,7
2021-07-14 00:00:00,9,5,4
2021-07-14 01:00:00,4,3,1
2021-07-14 02:00:00,2,0,2
2021-07-14 03:00:00,4,0,4
2021-07-14 04:00:00,4,3,1
2021-07-14 05:00:00,20,9,11
2021-07-14 06:00:00,71,25,46
2021-07-14 07:00:00,135,19,116
2021-07-14 08:00:00,175,19,156
2021-07-14 09:00:00,117,20,97
2021-07-14 10:00:00,64,23,41
2021-07-14 11:00:00,49,25,24
2021-07-14 12:00:00,83,33,50
2021-07-14 13:00:00,60,30,30
2021-07-14 14:00:00,94,64,30
2021-07-14 15:00:00,131,84,47
2021-07-14 16:00:00,172,125,47
2021-07-14 17:00:00,295,236,59
2021-07-14 18:00:00,248,188,60
2021-07-14 19:00:00,120,68,52
2021-07-14 20:00:00,120,45,75
2021-07-14 21:00:00,67,37,30
2021-07-14 22:00:00,39,21,18
2021-07-14 23:00:00,17,8,9
2021-07-15 00:00:00,4,2,2
2021-07-15 01:00:00,1,0,1
2021-07-15 02:00:00,0,0,0
2021-07-15 03:00:00,2,0,2
2021-07-15 04:00:00,9,5,4
2021-07-15 05:00:00,20,11,9
2021-07-15 06:00:00,46,13,33
2021-07-15 07:00:00,122,21,101
2021-07-15 08:00:00,147,21,126
2021-07-15 09:00:00,101,12,89
2021-07-15 10:00:00,81,26,55
2021-07-15 11:00:00,78,28,50
2021-07-15 12:00:00,78,35,43
2021-07-15 13:00:00,55,24,31
2021-07-15 14:00:00,79,49,30
2021-07-15 15:00:00,120,79,41
2021-07-15 16:00:00,162,123,39
2021-07-15 17:00:00,271,217,54
2021-07-15 18:00:00,218,145,73
2021-07-15 19:00:00,123,76,47
2021-07-15 20:00:00,107,52,55
2021-07-15 21:00:00,62,20,42
2021-07-15 22:00:00,33,11,22
2021-07-15 23:00:00,12,8,4
2021-07-16 00:00:00,10,5,5
2021-07-16 01:00:00,3,1,2
2021-07-16 02:00:00,0,0,0
2021-07-16 03:00:00,1,0,1
2021-07-16 04:00:00,4,1,3
2021-07-16 05:00:00,9,7,2
2021-07-16 06:00:00,54,20,34
2021-07-16 07:00:00,91,20,71
2021-07-16 08:00:00,114,17,97
2021-07-16 09:00:00,90,17,73
2021-07-16 10:00:00,70,22,48
2021-07-16 11:00:00,84,33,51
2021-07-16 12:00:00,63,31,32
2021-07-16 13:00:00,62,38,24
2021-07-16 14:00:00,94,50,44
2021-07-16 15:00:00,120,74,46
2021-07-16 16:00:00,164,117,47
2021-07-16 17:00:00,224,156,68
2021-07-16 18:00:00,134,80,54
2021-07-16 19:00:00,95,55,40
2021-07-16 20:00:00,54,27,27
2021-07-16 21:00:00,57,26,31
2021-07-16 22:00:00,36,17,19
2021-07-16 23:00:00,11,7,4
2021-07-17 00:00:00,8,4,4
2021-07-17 01:00:00,14,2,12
2021-07-17 02:00:00,6,4,2
2021-07-17 03:00:00,0,0,0
2021-07-17 04:00:00,1,0,1
2021-07-17 05:00:00,4,3,1
2021-07-17 06:00:00,17,6,11
2021-07-17 07:00:00,25,11,14
2021-07-17 08:00:00,35,19,16
2021-07-17 09:00:00,62,26,36
2021-07-17 10:00:00,87,50,37
2021-07-17 11:00:00,105,48,57
2021-07-17 12:00:00,113,58,55
2021-07-17 13:00:00,167,85,82
2021-07-17 14:00:00,163,79,84
2021-07-17 15:00:00,172,95,77
2021-07-17 16:00:00,187,98,89
2021-07-17 17:00:00,163,84,79
2021-07-17 18:00:00,130,76,54
2021-07-17 19:00:00,103,43,60
2021-07-17 20:00:00,74,42,32
2021-07-17 21:00:00,53,20,33
2021-07-17 22:00:00,32,14,18
2021-07-17 23:00:00,10,4,6
2021-07-18 00:00:00,18,5,13
2021-07-18 01:00:00,7,5,2
2021-07-18 02:00:00,4,0,4
2021-07-18 03:00:00,0,0,0
2021-07-18 04:00:00,1,1,0
2021-07-18 05:00:00,2,1,1
2021-07-18 06:00:00,12,5,7
2021-07-18 07:00:00,29,22,7
2021-07-18 08:00:00,43,18,25
2021-07-18 09:00:00,89,43,46
2021-07-18 10:00:00,117,70,47
2021-07-18 11:00:00,151,83,68
2021-07-18 12:00:00,168,101,67
2021-07-18 13:00:00,216,102,114
2021-07-18 14:00:00,187,94,93
2021-07-18 15:00:00,149,70,79
2021-07-18 16:00:00,146,69,77
2021-07-18 17:00:00,126,58,68
2021-07-18 18:00:00,133,63,70
2021-07-18 19:00:00,96,41,55
2021-07-18 20:00:00,75,30,45
2021-07-18 21:00:00,49,21,28
2021-07-18 22:00:00,14,6,8
2021-07-18 23:00:00,11,7,4
2021-07-19 00:00:00,6,3,3
2021-07-19 01:00:00,3,1,2
2021-07-19 02:00:00,1,1,0
2021-07-19 03:00:00,0,0,0
2021-07-19 04:00:00,8,3,5
2021-07-19 05:00:00,20,9,11
2021-07-19 06:00:00,56,23,33
2021-07-19 07:00:00,115,18,97
2021-07-19 08:00:00,167,19,148
2021-07-19 09:00:00,111,24,87
2021-07-19 10:00:00,64,26,38
2021-07-19 11:00:00,70,28,42
2021-07-19 12:00:00,61,29,32
2021-07-19 13:00:00,63,34,29
2021-07-19 14:00:00,74,37,37
2021-07-19 15:00:00,106,70,36
2021-07-19 16:00:00,189,137,52
2021-07-19 17:00:00,254,204,50
2021-07-19 18:00:00,235,153,82
2021-07-19 19:00:00,171,93,78
2021-07-19 20:00:00,100,38,62
2021-07-19 21:00:00,46,20,26
2021-07-19 22:00:00,21,12,9
2021-07-19 23:00:00,11,9,2
2021-07-20 00:00:00,6,2,4
2021-07-20 01:00:00,8,2,6
2021-07-20 02:00:00,3,2,1
2021-07-20 03:00:00,2,1,1
2021-07-20 04:00:00,12,8,4
2021-07-20 05:00:00,18,9,9
2021-07-20 06:00:00,57,16,41
2021-07-20 07:00:00,145,24,121
2021-07-20 08:00:00,164,18,146
2021-07-20 09:00:00,107,22,85
2021-07-20 10:00:00,62,20,42
2021-07-20 11:00:00,44,10,34
2021-07-20 12:00:00,52,19,33
2021-07-20 13:00:00,57,34,23
2021-07-20 14:00:00,75,43,32
2021-07-20 15:00:00,104,66,38
2021-07-20 16:00:00,183,126,57
2021-07-20 17:00:00,266,218,48
2021-07-20 18:00:00,202,139,63
2021-07-20 19:00:00,116,72,44
2021-07-20 20:00:00,108,62,46
2021-07-20 21:00:00,64,24,40
2021-07-20 22:00:00,30,13,17
2021-07-20 23:00:00,14,8,6
2021-07-21 00:00:00,6,2,4
2021-07-21 01:00:00,2,1,1
2021-07-21 02:00:00,2,1,1
2021-07-21 03:00:00,2,1,1
2021-07-21 04:00:00,7,3,4
2021-07-21 05:00:00,18,9,9
2021-07-21 06:00:00,68,21,47
2021-07-21 07:00:00,149,27,122
2021-07-21 08:00:00,184,30,154
2021-07-21 09:00:00,121,23,98
2021-07-21 10:00:00,62,17,45
2021-07-21 11:00:00,50,19,31
2021-07-21 12:00:00,67,37,30
2021-07-21 13:00:00,70,32,38
2021-07-21 14:00:00,89,54,35
2021-07-21 15:00:00,117,79,38
2021-07-21 16:00:00,186,138,48
2021-07-21 17:00:00,315,243,72
2021-07-21 18:00:00,239,172,67
2021-07-21 19:00:00,142,91,51
2021-07-21 20:00:00,112,51,61
2021-07-21 21:00:00,56,21,35
2021-07-21 22:00:00,27,12,15
2021-07-21 23:00:00,20,8,12
2021-07-22 00:00:00,6,4,2
2021-07-22 01:00:00,5,2,3
2021-07-22 02:00:00,0,0,0
2021-07-22 03:00:00,1,0,1
2021-07-22 04:00:00,12,7,5
2021-07-22 05:00:00,16,11,5
2021-07-22 06:00:00,54,14,40
2021-07-22 07:00:00,134,28,106
2021-07-22 08:00:00,195,25,170
2021-07-22 09:00:00,122,22,100
2021-07-22 10:00:00,86,21,65
2021-07-22 11:00:00,71,23,48
2021-07-22 12:00:00,78,37,41
2021-07-22 13:00:00,77,42,35
2021-07-22 14:00:00,84,45,39
2021-07-22 15:00:00,120,81,39
2021-07-22 16:00:00,200,148,52
2021-07-22 17:00:00,263,205,58
2021-07-22 18:00:00,200,130,70
2021-07-22 19:00:00,227,113,114
2021-07-22 20:00:00,101,55,46
2021-07-22 21:00:00,79,40,39
2021-07-22 22:00:00,31,11,20
2021-07-22 23:00:00,16,8,8
2021-07-23 00:00:00,13,4,9
2021-07-23 01:00:00,4,4,0
2021-07-23 02:00:00,1,1,0
2021-07-23 03:00:00,0,0,0
2021-07-23 04:00:00,7,1,6
2021-07-23 05:00:00,15,9,6
2021-07-23 06:00:00,41,9,32
2021-07-23 07:00:00,104,22,82
2021-07-23 08:00:00,118,18,100
2021-07-23 09:00:00,119,24,95
2021-07-23 10:00:00,91,36,55
2021-07-23 11:00:00,72,35,37
2021-07-23 12:00:00,100,46,54
2021-07-23 13:00:00,102,67,35
2021-07-23 14:00:00,100,60,40
2021-07-23 15:00:00,135,82,53
2021-07-23 16:00:00,194,135,59
2021-07-23 17:00:00,209,158,51
2021-07-23 18:00:00,168,111,57
2021-07-23 19:00:00,116,64,52
2021-07-23 20:00:00,82,39,43
2021-07-23 21:00:00,53,28,25
2021-07-23 22:00:00,36,10,26
2021-07-23 23:00:00,34,22,12
2021-07-24 00:00:00,13,8,5
2021-07-24 01:00:00,10,4,6
2021-07-24 02:00:00,4,2,2
2021-07-24 03:00:00,6,4,2
2021-07-24 04:00:00,2,1,1
2021-07-24 05:00:00,7,4,3
2021-07-24 06:00:00,15,6,9
2021-07-24 07:00:00,34,15,19
2021-07-24 08:00:00,58,20,38
2021-07-24 09:00:00,98,32,66
2021-07-24 10:00:00,149,93,56
2021-07-24 11:00:00,190,116,74
2021-07-24 12:00:00,154,77,77
2021-07-24 13:00:00,186,112,74
2021-07-24 14:00:00,190,84,106
2021-07-24 15:00:00,129,67,62
2021-07-24 16:00:00,125,71,54
2021-07-24 17:00:00,160,78,82
2021-07-24 18:00:00,142,72,70
2021-07-24 19:00:00,103,47,56
2021-07-24 20:00:00,58,32,26
2021-07-24 21:00:00,54,18,36
2021-07-24 22:00:00,45,18,27
2021-07-24 23:00:00,29,13,16
2021-07-25 00:00:00,20,9,11
2021-07-25 01:00:00,5,1,4
2021-07-25 02:00:00,9,4,5
2021-07-25 03:00:00,0,0,0
2021-07-25 04:00:00,0,0,0
2021-07-25 05:00:00,4,3,1
2021-07-25 06:00:00,13,4,9
2021-07-25 07:00:00,28,20,8
2021-07-25 08:00:00,43,25,18
2021-07-25 09:00:00,67,31,36
2021-07-25 10:00:00,126,59,67
2021-07-25 11:00:00,130,76,54
2021-07-25 12:00:00,142,76,66
2021-07-25 13:00:00,155,69,86
2021-07-25 14:00:00,140,82,58
2021-07-25 15:00:00,155,74,81
2021-07-25 16:00:00,146,84,62
2021-07-25 17:00:00,124,76,48
2021-07-25 18:00:00,105,44,61
2021-07-25 19:00:00,87,43,44
2021-07-25 20:00:00,79,46,33
2021-07-25 21:00:00,42,17,25
2021-07-25 22:00:00,13,6,7
2021-07-25 23:00:00,15,9,6
2021-07-26 00:00:00,1,0,1
2021-07-26 01:00:00,2,1,1
2021-07-26 02:00:00,0,0,0
2021-07-26 03:00:00,0,0,0
2021-07-26 04:00:00,10,3,7
2021-07-26 05:00:00,11,4,7
2021-07-26 06:00:00,57,19,38
2021-07-26 07:00:00,109,15,94
2021-07-26 08:00:00,161,28,133
2021-07-26 09:00:00,121,18,103
2021-07-26 10:00:00,72,29,43
2021-07-26 11:00:00,68,29,39
2021-07-26 12:00:00,59,26,33
2021-07-26 13:00:00,63,29,34
2021-07-26 14:00:00,86,49,37
2021-07-26 15:00:00,107,65,42
2021-07-26 16:00:00,169,120,49
2021-07-26 17:00:00,277,211,66
2021-07-26 18:00:00,231,154,77
2021-07-26 19:00:00,148,74,74
2021-07-26 20:00:00,76,36,40
2021-07-26 21:00:00,43,25,18
2021-07-26 22:00:00,26,7,19
2021-07-26 23:00:00,12,8,4
2021-07-27 00:00:00,7,4,3
2021-07-27 01:00:00,4,0,4
2021-07-27 02:00:00,2,2,0
2021-07-27 03:00:00,5,3,2
2021-07-27 04:00:00,15,9,6
2021-07-27 05:00:00,21,10,11
2021-07-27 06:00:00,65,22,43
2021-07-27 07:00:00,157,26,131
2021-07-27 08:00:00,186,28,158
2021-07-27 09:00:00,151,24,127
2021-07-27 10:00:00,85,29,56
2021-07-27 11:00:00,69,26,43
2021-07-27 12:00:00,96,41,55
2021-07-27 13:00:00,64,38,26
2021-07-27 14:00:00,73,38,35
2021-07-27 15:00:00,123,91,32
2021-07-27 16:00:00,240,179,61
2021-07-27 17:00:00,303,227,76
2021-07-27 18:00:00,234,161,73
2021-07-27 19:00:00,137,82,55
2021-07-27 20:00:00,116,58,58
2021-07-27 21:00:00,54,30,24
2021-07-27 22:00:00,26,14,12
2021-07-27 23:00:00,12,7,5
2021-07-28 00:00:00,7,2,5
2021-07-28 01:00:00,3,1,2
2021-07-28 02:00:00,1,0,1
2021-07-28 03:00:00,2,1,1
2021-07-28 04:00:00,5,2,3
2021-07-28 05:00:00,18,7,11
2021-07-28 06:00:00,59,24,35
2021-07-28 07:00:00,146,34,112
2021-07-28 08:00:00,227,33,194
2021-07-28 09:00:00,122,26,96
2021-07-28 10:00:00,98,28,70
2021-07-28 11:00:00,82,39,43
2021-07-28 12:00:00,91,46,45
2021-07-28 13:00:00,84,41,43
2021-07-28 14:00:00,73,40,33
2021-07-28 15:00:00,106,71,35
2021-07-28 16:00:00,191,150,41
2021-07-28 17:00:00,319,247,72
2021-07-28 18:00:00,238,178,60
2021-07-28 19:00:00,188,122,66
2021-07-28 20:00:00,109,48,61
2021-07-28 21:00:00,56,23,33
2021-07-28 22:00:00,31,14,17
2021-07-28 23:00:00,18,10,8
2021-07-29 00:00:00,5,1,4
2021-07-29 01:00:00,3,1,2
2021-07-29 02:00:00,1,0,1
2021-07-29 03:00:00,1,0,1
2021-07-29 04:00:00,14,9,5
2021-07-29 05:00:00,13,6,7
2021-07-29 06:00:00,43,17,26
2021-07-29 07:00:00,139,20,119
2021-07-29 08:00:00,187,43,144
2021-07-29 09:00:00,119,15,104
2021-07-29 10:00:00,88,30,58
2021-07-29 11:00:00,80,33,47
2021-07-29 12:00:00,84,31,53
2021-07-29 13:00:00,90,51,39
2021-07-29 14:00:00,90,64,26
2021-07-29 15:00:00,120,81,39
2021-07-29 16:00:00,209,150,59
2021-07-29 17:00:00,271,210,61
2021-07-29 18:00:00,197,132,65
2021-07-29 19:00:00,140,93,47
2021-07-29 20:00:00,117,62,55
2021-07-29 21:00:00,55,27,28
2021-07-29 22:00:00,48,17,31
2021-07-29 23:00:00,14,10,4
2021-07-30 00:00:00,4,1,3
2021-07-30 01:00:00,5,2,3
2021-07-30 02:00:00,1,0,1
2021-07-30 03:00:00,4,2,2
2021-07-30 04:00:00,9,5,4
2021-07-30 05:00:00,15,6,9
2021-07-30 06:00:00,52,20,32
2021-07-30 07:00:00,113,33,80
2021-07-30 08:00:00,135,24,111
2021-07-30 09:00:00,96,25,71
2021-07-30 10:00:00,84,30,54
2021-07-30 11:00:00,68,38,30
2021-07-30 12:00:00,74,42,32
2021-07-30 13:00:00,88,45,43
2021-07-30 14:00:00,80,50,30
2021-07-30 15:00:00,138,83,55
2021-07-30 16:00:00,177,125,52
2021-07-30 17:00:00,208,153,55
2021-07-30 18:00:00,180,109,71
2021-07-30 19:00:00,112,70,42
2021-07-30 20:00:00,100,47,53
2021-07-30 21:00:00,86,40,46
2021-07-30 22:00:00,53,21,32
2021-07-30 23:00:00,31,15,16
2021-07-31 00:00:00,17,10,7
2021-07-31 01:00:00,13,9,4
2021-07-31 02:00:00,5,3,2
2021-07-31 03:00:00,1,1,0
2021-07-31 04:00:00,2,1,1
2021-07-31 05:00:00,7,4,3
2021-07-31 06:00:00,16,8,8
2021-07-31 07:00:00,27,18,9
2021-07-31 08:00:00,40,21,19
2021-07-31 09:00:00,68,34,34
2021-07-31 10:00:00,99,43,56
2021-07-31 11:00:00,95,49,46
2021-07-31 12:00:00,142,59,83
2021-07-31 13:00:00,133,66,67
2021-07-31 14:00:00,132,53,79
2021-07-31 15:00:00,120,64,56
2021-07-31 16:00:00,112,68,44
2021-07-31 17:00:00,139,71,68
2021-07-31 18:00:00,103,62,41
2021-07-31 19:00:00,113,54,59
2021-07-31 20:00:00,43,23,20
2021-07-31 21:00:00,42,18,24
2021-07-31 22:00:00,27,9,18
2021-07-31 23:00:00,20,8,12
2021-08-01 00:00:00,7,5,2
2021-08-01 01:00:00,17,9,8
2021-08-01 02:00:00,8,2,6
2021-08-01 03:00:00,6,2,4
2021-08-01 04:00:00,3,2,1
2021-08-01 05:00:00,4,2,2
2021-08-01 06:00:00,13,6,7
2021-08-01 07:00:00,52,17,35
2021-08-01 08:00:00,49,18,31
2021-08-01 09:00:00,57,29,28
2021-08-01 10:00:00,110,59,51
2021-08-01 11:00:00,112,60,52
2021-08-01 12:00:00,151,91,60
2021-08-01 13:00:00,161,93,68
2021-08-01 14:00:00,152,84,68
2021-08-01 15:00:00,152,87,65
2021-08-01 16:00:00,134,78,56
2021-08-01 17:00:00,133,72,61
2021-08-01 18:00:00,128,59,69
2021-08-01 19:00:00,67,32,35
2021-08-01 20:00:00,50,21,29
2021-08-01 21:00:00,28,10,18
2021-08-01 22:00:00,25,12,13
2021-08-01 23:00:00,7,4,3
2021-08-02 00:00:00,3,0,3
2021-08-02 01:00:00,1,1,0
2021-08-02 02:00:00,1,1,0
2021-08-02 03:00:00,3,1,2
2021-08-02 04:00:00,4,1,3
2021-08-02 05:00:00,16,9,7
2021-08-02 06:00:00,54,17,37
2021-08-02 07:00:00,115,19,96
2021-08-02 08:00:00,161,18,143
2021-08-02 09:00:00,111,21,90
2021-08-02 10:00:00,79,27,52
2021-08-02 11:00:00,69,32,37
2021-08-02 12:00:00,88,47,41
2021-08-02 13:00:00,108,43,65
2021-08-02 14:00:00,113,55,58
2021-08-02 15:00:00,94,63,31
2021-08-02 16:00:00,177,121,56
2021-08-02 17:00:00,244,185,59
2021-08-02 18:00:00,203,133,70
2021-08-02 19:00:00,159,94,65
2021-08-02 20:00:00,113,57,56
2021-08-02 21:00:00,55,28,27
2021-08-02 22:00:00,21,8,13
2021-08-02 23:00:00,9,6,3
2021-08-03 00:00:00,6,3,3
2021-08-03 01:00:00,4,1,3
2021-08-03 02:00:00,2,1,1
2021-08-03 03:00:00,0,0,0
2021-08-03 04:00:00,12,5,7
2021-08-03 05:00:00,23,10,13
2021-08-03 06:00:00,55,20,35
2021-08-03 07:00:00,155,37,118
2021-08-03 08:00:00,169,23,146
2021-08-03 09:00:00,112,19,93
2021-08-03 10:00:00,64,24,40
2021-08-03 11:00:00,71,26,45
2021-08-03 12:00:00,70,43,27
2021-08-03 13:00:00,92,54,38
2021-08-03 14:00:00,98,57,41
2021-08-03 15:00:00,119,83,36
2021-08-03 16:00:00,221,171,50
2021-08-03 17:00:00,305,219,86
2021-08-03 18:00:00,214,142,72
2021-08-03 19:00:00,115,61,54
2021-08-03 20:00:00,84,42,42
2021-08-03 21:00:00,50,18,32
2021-08-03 22:00:00,22,12,10
2021-08-03 23:00:00,17,15,2
2021-08-04 00:00:00,3,1,2
2021-08-04 01:00:00,7,4,3
2021-08-04 02:00:00,2,0,2
2021-08-04 03:00:00,3,1,2
2021-08-04 04:00:00,6,3,3
2021-08-04 05:00:00,16,10,6
2021-08-04 06:00:00,63,22,41
2021-08-04 07:00:00,122,19,103
2021-08-04 08:00:00,204,27,177
2021-08-04 09:00:00,136,28,108
2021-08-04 10:00:00,70,23,47
2021-08-04 11:00:00,67,28,39
2021-08-04 12:00:00,76,35,41
2021-08-04 13:00:00,84,42,42
2021-08-04 14:00:00,88,56,32
2021-08-04 15:00:00,111,74,37
2021-08-04 16:00:00,199,146,53
2021-08-04 17:00:00,318,254,64
2021-08-04 18:00:00,255,168,87
2021-08-04 19:00:00,146,81,65
2021-08-04 20:00:00,99,41,58
2021-08-04 21:00:00,84,45,39
2021-08-04 22:00:00,23,11,12
2021-08-04 23:00:00,15,9,6
2021-08-05 00:00:00,7,4,3
2021-08-05 01:00:00,3,3,0
2021-08-05 02:00:00,5,3,2
2021-08-05 03:00:00,2,1,1
2021-08-05 04:00:00,9,6,3
2021-08-05 05:00:00,18,8,10
2021-08-05 06:00:00,72,25,47
2021-08-05 07:00:00,130,27,103
2021-08-05 08:00:00,180,24,156
2021-08-05 09:00:00,134,27,107
2021-08-05 10:00:00,94,27,67
2021-08-05 11:00:00,76,34,42
2021-08-05 12:00:00,92,43,49
2021-08-05 13:00:00,79,41,38
2021-08-05 14:00:00,98,60,38
2021-08-05 15:00:00,113,70,43
2021-08-05 16:00:00,191,137,54
2021-08-05 17:00:00,274,200,74
2021-08-05 18:00:00,247,171,76
2021-08-05 19:00:00,163,102,61
2021-08-05 20:00:00,102,57,45
2021-08-05 21:00:00,57,26,31
2021-08-05 22:00:00,52,17,35
2021-08-05 23:00:00,21,12,9
2021-08-06 00:00:00,9,5,4
2021-08-06 01:00:00,6,3,3
2021-08-06 02:00:00,4,4,0
2021-08-06 03:00:00,1,0,1
2021-08-06 04:00:00,3,1,2
2021-08-06 05:00:00,16,7,9
2021-08-06 06:00:00,36,10,26
2021-08-06 07:00:00,70,22,48
2021-08-06 08:00:00,103,16,87
2021-08-06 09:00:00,57,13,44
2021-08-06 10:00:00,47,18,29
2021-08-06 11:00:00,37,18,19
2021-08-06 12:00:00,54,26,28
2021-08-06 13:00:00,69,44,25
2021-08-06 14:00:00,86,51,35
2021-08-06 15:00:00,108,68,40
2021-08-06 16:00:00,133,91,42
2021-08-06 17:00:00,194,136,58
2021-08-06 18:00:00,147,86,61
2021-08-06 19:00:00,106,60,46
2021-08-06 20:00:00,82,42,40
2021-08-06 21:00:00,28,9,19
2021-08-06 22:00:00,0,0,0
2021-08-06 23:00:00,0,0,0
2021-08-07 00:00:00,0,0,0
2021-08-07 01:00:00,0,0,0
2021-08-07 02:00:00,0,0,0
2021-08-07 03:00:00,0,0,0
2021-08-07 04:00:00,0,0,0
2021-08-07 05:00:00,0,0,0
2021-08-07 06:00:00,0,0,0
2021-08-07 07:00:00,0,0,0
2021-08-07 08:00:00,0,0,0
2021-08-07 09:00:00,0,0,0
2021-08-07 10:00:00,0,0,0
2021-08-07 11:00:00,0,0,0
2021-08-07 12:00:00,0,0,0
2021-08-07 13:00:00,0,0,0
2021-08-07 14:00:00,0,0,0
2021-08-07 15:00:00,0,0,0
2021-08-07 16:00:00,0,0,0
2021-08-07 17:00:00,0,0,0
2021-08-07 18:00:00,0,0,0
2021-08-07 19:00:00,0,0,0
2021-08-07 20:00:00,0,0,0
2021-08-07 21:00:00,0,0,0
2021-08-07 22:00:00,0,0,0
2021-08-07 23:00:00,0,0,0
2021-08-08 00:00:00,0,0,0
2021-08-08 01:00:00,0,0,0
2021-08-08 02:00:00,0,0,0
2021-08-08 03:00:00,0,0,0
2021-08-08 04:00:00,0,0,0
2021-08-08 05:00:00,0,0,0
2021-08-08 06:00:00,0,0,0
2021-08-08 07:00:00,0,0,0
2021-08-08 08:00:00,0,0,0
2021-08-08 09:00:00,0,0,0
2021-08-08 10:00:00,0,0,0
2021-08-08 11:00:00,0,0,0
2021-08-08 12:00:00,0,0,0
2021-08-08 13:00:00,0,0,0
2021-08-08 14:00:00,0,0,0
2021-08-08 15:00:00,0,0,0
2021-08-08 16:00:00,0,0,0
2021-08-08 17:00:00,0,0,0
2021-08-08 18:00:00,0,0,0
2021-08-08 19:00:00,0,0,0
2021-08-08 20:00:00,0,0,0
2021-08-08 21:00:00,0,0,0
2021-08-08 22:00:00,0,0,0
2021-08-08 23:00:00,0,0,0
2021-08-09 00:00:00,0,0,0
2021-08-09 01:00:00,0,0,0
2021-08-09 02:00:00,0,0,0
2021-08-09 03:00:00,0,0,0
2021-08-09 04:00:00,0,0,0
2021-08-09 05:00:00,0,0,0
2021-08-09 06:00:00,0,0,0
2021-08-09 07:00:00,0,0,0
2021-08-09 08:00:00,0,0,0
2021-08-09 09:00:00,0,0,0
2021-08-09 10:00:00,0,0,0
2021-08-09 11:00:00,0,0,0
2021-08-09 12:00:00,0,0,0
2021-08-09 13:00:00,0,0,0
2021-08-09 14:00:00,0,0,0
2021-08-09 15:00:00,0,0,0
2021-08-09 16:00:00,0,0,0
2021-08-09 17:00:00,0,0,0
2021-08-09 18:00:00,0,0,0
2021-08-09 19:00:00,45,4,41
2021-08-09 20:00:00,0,0,0
2021-08-09 21:00:00,0,0,0
2021-08-09 22:00:00,0,0,0
2021-08-09 23:00:00,0,0,0
2021-08-10 00:00:00,0,0,0
2021-08-10 01:00:00,0,0,0
2021-08-10 02:00:00,0,0,0
2021-08-10 03:00:00,0,0,0
2021-08-10 04:00:00,0,0,0
2021-08-10 05:00:00,0,0,0
2021-08-10 06:00:00,0,0,0
2021-08-10 07:00:00,0,0,0
2021-08-10 08:00:00,0,0,0
2021-08-10 09:00:00,0,0,0
2021-08-10 10:00:00,0,0,0
2021-08-10 11:00:00,0,0,0
2021-08-10 12:00:00,0,0,0
2021-08-10 13:00:00,0,0,0
2021-08-10 14:00:00,0,0,0
2021-08-10 15:00:00,0,0,0
2021-08-10 16:00:00,0,0,0
2021-08-10 17:00:00,0,0,0
2021-08-10 18:00:00,0,0,0
2021-08-10 19:00:00,0,0,0
2021-08-10 20:00:00,0,0,0
2021-08-10 21:00:00,0,0,0
2021-08-10 22:00:00,0,0,0
2021-08-10 23:00:00,0,0,0
2021-08-11 00:00:00,0,0,0
2021-08-11 01:00:00,0,0,0
2021-08-11 02:00:00,0,0,0
2021-08-11 03:00:00,0,0,0
2021-08-11 04:00:00,0,0,0
2021-08-11 05:00:00,0,0,0
2021-08-11 06:00:00,0,0,0
2021-08-11 07:00:00,0,0,0
2021-08-11 08:00:00,0,0,0
2021-08-11 09:00:00,0,0,0
2021-08-11 10:00:00,0,0,0
2021-08-11 11:00:00,0,0,0
2021-08-11 12:00:00,0,0,0
2021-08-11 13:00:00,0,0,0
2021-08-11 14:00:00,0,0,0
2021-08-11 15:00:00,0,0,0
2021-08-11 16:00:00,0,0,0
2021-08-11 17:00:00,0,0,0
2021-08-11 18:00:00,0,0,0
2021-08-11 19:00:00,0,0,0
2021-08-11 20:00:00,0,0,0
2021-08-11 21:00:00,0,0,0
2021-08-11 22:00:00,0,0,0
2021-08-11 23:00:00,0,0,0
2021-08-12 00:00:00,0,0,0
2021-08-12 01:00:00,0,0,0
2021-08-12 02:00:00,0,0,0
2021-08-12 03:00:00,0,0,0
2021-08-12 04:00:00,0,0,0
2021-08-12 05:00:00,0,0,0
2021-08-12 06:00:00,0,0,0
2021-08-12 07:00:00,0,0,0
2021-08-12 08:00:00,0,0,0
2021-08-12 09:00:00,0,0,0
2021-08-12 10:00:00,0,0,0
2021-08-12 11:00:00,0,0,0
2021-08-12 12:00:00,0,0,0
2021-08-12 13:00:00,0,0,0
2021-08-12 14:00:00,0,0,0
2021-08-12 15:00:00,0,0,0
2021-08-12 16:00:00,0,0,0
2021-08-12 17:00:00,0,0,0
2021-08-12 18:00:00,0,0,0
2021-08-12 19:00:00,0,0,0
2021-08-12 20:00:00,0,0,0
2021-08-12 21:00:00,0,0,0
2021-08-12 22:00:00,0,0,0
2021-08-12 23:00:00,0,0,0
2021-08-13 00:00:00,0,0,0
2021-08-13 01:00:00,0,0,0
2021-08-13 02:00:00,0,0,0
2021-08-13 03:00:00,0,0,0
2021-08-13 04:00:00,0,0,0
2021-08-13 05:00:00,0,0,0
2021-08-13 06:00:00,0,0,0
2021-08-13 07:00:00,0,0,0
2021-08-13 08:00:00,0,0,0
2021-08-13 09:00:00,0,0,0
2021-08-13 10:00:00,0,0,0
2021-08-13 11:00:00,0,0,0
2021-08-13 12:00:00,0,0,0
2021-08-13 13:00:00,0,0,0
2021-08-13 14:00:00,0,0,0
2021-08-13 15:00:00,0,0,0
2021-08-13 16:00:00,0,0,0
2021-08-13 17:00:00,0,0,0
2021-08-13 18:00:00,0,0,0
2021-08-13 19:00:00,0,0,0
2021-08-13 20:00:00,0,0,0
2021-08-13 21:00:00,0,0,0
2021-08-13 22:00:00,0,0,0
2021-08-13 23:00:00,0,0,0
2021-08-14 00:00:00,0,0,0
2021-08-14 01:00:00,0,0,0
2021-08-14 02:00:00,0,0,0
2021-08-14 03:00:00,0,0,0
2021-08-14 04:00:00,0,0,0
2021-08-14 05:00:00,0,0,0
2021-08-14 06:00:00,0,0,0
2021-08-14 07:00:00,0,0,0
2021-08-14 08:00:00,0,0,0
2021-08-14 09:00:00,0,0,0
2021-08-14 10:00:00,0,0,0
2021-08-14 11:00:00,0,0,0
2021-08-14 12:00:00,0,0,0
2021-08-14 13:00:00,0,0,0
2021-08-14 14:00:00,0,0,0
2021-08-14 15:00:00,0,0,0
2021-08-14 16:00:00,0,0,0
2021-08-14 17:00:00,0,0,0
2021-08-14 18:00:00,0,0,0
2021-08-14 19:00:00,0,0,0
2021-08-14 20:00:00,0,0,0
2021-08-14 21:00:00,0,0,0
2021-08-14 22:00:00,0,0,0
2021-08-14 23:00:00,0,0,0
2021-08-15 00:00:00,0,0,0
2021-08-15 01:00:00,0,0,0
2021-08-15 02:00:00,0,0,0
2021-08-15 03:00:00,0,0,0
2021-08-15 04:00:00,0,0,0
2021-08-15 05:00:00,0,0,0
2021-08-15 06:00:00,0,0,0
2021-08-15 07:00:00,0,0,0
2021-08-15 08:00:00,0,0,0
2021-08-15 09:00:00,0,0,0
2021-08-15 10:00:00,0,0,0
2021-08-15 11:00:00,0,0,0
2021-08-15 12:00:00,0,0,0
2021-08-15 13:00:00,0,0,0
2021-08-15 14:00:00,0,0,0
2021-08-15 15:00:00,0,0,0
2021-08-15 16:00:00,0,0,0
2021-08-15 17:00:00,0,0,0
2021-08-15 18:00:00,0,0,0
2021-08-15 19:00:00,0,0,0
2021-08-15 20:00:00,0,0,0
2021-08-15 21:00:00,0,0,0
2021-08-15 22:00:00,0,0,0
2021-08-15 23:00:00,0,0,0
2021-08-16 00:00:00,0,0,0
2021-08-16 01:00:00,0,0,0
2021-08-16 02:00:00,0,0,0
2021-08-16 03:00:00,0,0,0
2021-08-16 04:00:00,0,0,0
2021-08-16 05:00:00,0,0,0
2021-08-16 06:00:00,0,0,0
2021-08-16 07:00:00,0,0,0
2021-08-16 08:00:00,0,0,0
2021-08-16 09:00:00,0,0,0
2021-08-16 10:00:00,0,0,0
2021-08-16 11:00:00,0,0,0
2021-08-16 12:00:00,0,0,0
2021-08-16 13:00:00,0,0,0
2021-08-16 14:00:00,0,0,0
2021-08-16 15:00:00,0,0,0
2021-08-16 16:00:00,0,0,0
2021-08-16 17:00:00,0,0,0
2021-08-16 18:00:00,0,0,0
2021-08-16 19:00:00,0,0,0
2021-08-16 20:00:00,0,0,0
2021-08-16 21:00:00,0,0,0
2021-08-16 22:00:00,0,0,0
2021-08-16 23:00:00,0,0,0
2021-08-17 00:00:00,0,0,0
2021-08-17 01:00:00,0,0,0
2021-08-17 02:00:00,0,0,0
2021-08-17 03:00:00,0,0,0
2021-08-17 04:00:00,0,0,0
2021-08-17 05:00:00,0,0,0
2021-08-17 06:00:00,0,0,0
2021-08-17 07:00:00,0,0,0
2021-08-17 08:00:00,0,0,0
2021-08-17 09:00:00,0,0,0
2021-08-17 10:00:00,0,0,0
2021-08-17 11:00:00,0,0,0
2021-08-17 12:00:00,0,0,0
2021-08-17 13:00:00,0,0,0
2021-08-17 14:00:00,0,0,0
2021-08-17 15:00:00,0,0,0
2021-08-17 16:00:00,0,0,0
2021-08-17 17:00:00,0,0,0
2021-08-17 18:00:00,0,0,0
2021-08-17 19:00:00,0,0,0
2021-08-17 20:00:00,0,0,0
2021-08-17 21:00:00,0,0,0
2021-08-17 22:00:00,0,0,0
2021-08-17 23:00:00,0,0,0
2021-08-18 00:00:00,0,0,0
2021-08-18 01:00:00,0,0,0
2021-08-18 02:00:00,0,0,0
2021-08-18 03:00:00,0,0,0
2021-08-18 04:00:00,0,0,0
2021-08-18 05:00:00,0,0,0
2021-08-18 06:00:00,0,0,0
2021-08-18 07:00:00,0,0,0
2021-08-18 08:00:00,0,0,0
2021-08-18 09:00:00,0,0,0
2021-08-18 10:00:00,0,0,0
2021-08-18 11:00:00,0,0,0
2021-08-18 12:00:00,0,0,0
2021-08-18 13:00:00,0,0,0
2021-08-18 14:00:00,0,0,0
2021-08-18 15:00:00,0,0,0
2021-08-18 16:00:00,0,0,0
2021-08-18 17:00:00,0,0,0
2021-08-18 18:00:00,0,0,0
2021-08-18 19:00:00,0,0,0
2021-08-18 20:00:00,0,0,0
2021-08-18 21:00:00,0,0,0
2021-08-18 22:00:00,0,0,0
2021-08-18 23:00:00,0,0,0
2021-08-19 00:00:00,0,0,0
2021-08-19 01:00:00,0,0,0
2021-08-19 02:00:00,0,0,0
2021-08-19 03:00:00,0,0,0
2021-08-19 04:00:00,0,0,0
2021-08-19 05:00:00,0,0,0
2021-08-19 06:00:00,0,0,0
2021-08-19 07:00:00,0,0,0
2021-08-19 08:00:00,0,0,0
2021-08-19 09:00:00,0,0,0
2021-08-19 10:00:00,0,0,0
2021-08-19 11:00:00,0,0,0
2021-08-19 12:00:00,0,0,0
2021-08-19 13:00:00,0,0,0
2021-08-19 14:00:00,0,0,0
2021-08-19 15:00:00,0,0,0
2021-08-19 16:00:00,0,0,0
2021-08-19 17:00:00,0,0,0
2021-08-19 18:00:00,0,0,0
2021-08-19 19:00:00,0,0,0
2021-08-19 20:00:00,0,0,0
2021-08-19 21:00:00,0,0,0
2021-08-19 22:00:00,0,0,0
2021-08-19 23:00:00,0,0,0
2021-08-20 00:00:00,0,0,0
2021-08-20 01:00:00,0,0,0
2021-08-20 02:00:00,0,0,0
2021-08-20 03:00:00,0,0,0
2021-08-20 04:00:00,0,0,0
2021-08-20 05:00:00,0,0,0
2021-08-20 06:00:00,0,0,0
2021-08-20 07:00:00,0,0,0
2021-08-20 08:00:00,0,0,0
2021-08-20 09:00:00,0,0,0
2021-08-20 10:00:00,0,0,0
2021-08-20 11:00:00,0,0,0
2021-08-20 12:00:00,0,0,0
2021-08-20 13:00:00,0,0,0
2021-08-20 14:00:00,0,0,0
2021-08-20 15:00:00,0,0,0
2021-08-20 16:00:00,0,0,0
2021-08-20 17:00:00,0,0,0
2021-08-20 18:00:00,0,0,0
2021-08-20 19:00:00,0,0,0
2021-08-20 20:00:00,0,0,0
2021-08-20 21:00:00,0,0,0
2021-08-20 22:00:00,0,0,0
2021-08-20 23:00:00,0,0,0
2021-08-21 00:00:00,0,0,0
2021-08-21 01:00:00,0,0,0
2021-08-21 02:00:00,0,0,0
2021-08-21 03:00:00,0,0,0
2021-08-21 04:00:00,0,0,0
2021-08-21 05:00:00,0,0,0
2021-08-21 06:00:00,0,0,0
2021-08-21 07:00:00,0,0,0
2021-08-21 08:00:00,0,0,0
2021-08-21 09:00:00,0,0,0
2021-08-21 10:00:00,0,0,0
2021-08-21 11:00:00,0,0,0
2021-08-21 12:00:00,0,0,0
2021-08-21 13:00:00,0,0,0
2021-08-21 14:00:00,0,0,0
2021-08-21 15:00:00,0,0,0
2021-08-21 16:00:00,0,0,0
2021-08-21 17:00:00,0,0,0
2021-08-21 18:00:00,0,0,0
2021-08-21 19:00:00,0,0,0
2021-08-21 20:00:00,0,0,0
2021-08-21 21:00:00,0,0,0
2021-08-21 22:00:00,0,0,0
2021-08-21 23:00:00,0,0,0
2021-08-22 00:00:00,0,0,0
2021-08-22 01:00:00,0,0,0
2021-08-22 02:00:00,0,0,0
2021-08-22 03:00:00,0,0,0
2021-08-22 04:00:00,0,0,0
2021-08-22 05:00:00,0,0,0
2021-08-22 06:00:00,0,0,0
2021-08-22 07:00:00,0,0,0
2021-08-22 08:00:00,0,0,0
2021-08-22 09:00:00,0,0,0
2021-08-22 10:00:00,0,0,0
2021-08-22 11:00:00,0,0,0
2021-08-22 12:00:00,0,0,0
2021-08-22 13:00:00,0,0,0
2021-08-22 14:00:00,0,0,0
2021-08-22 15:00:00,0,0,0
2021-08-22 16:00:00,0,0,0
2021-08-22 17:00:00,0,0,0
2021-08-22 18:00:00,0,0,0
2021-08-22 19:00:00,0,0,0
2021-08-22 20:00:00,0,0,0
2021-08-22 21:00:00,0,0,0
2021-08-22 22:00:00,0,0,0
2021-08-22 23:00:00,0,0,0
2021-08-23 00:00:00,0,0,0
2021-08-23 01:00:00,0,0,0
2021-08-23 02:00:00,0,0,0
2021-08-23 03:00:00,0,0,0
2021-08-23 04:00:00,0,0,0
2021-08-23 05:00:00,0,0,0
2021-08-23 06:00:00,0,0,0
2021-08-23 07:00:00,0,0,0
2021-08-23 08:00:00,0,0,0
2021-08-23 09:00:00,0,0,0
2021-08-23 10:00:00,0,0,0
2021-08-23 11:00:00,0,0,0
2021-08-23 12:00:00,0,0,0
2021-08-23 13:00:00,0,0,0
2021-08-23 14:00:00,0,0,0
2021-08-23 15:00:00,0,0,0
2021-08-23 16:00:00,0,0,0
2021-08-23 17:00:00,0,0,0
2021-08-23 18:00:00,0,0,0
2021-08-23 19:00:00,0,0,0
2021-08-23 20:00:00,0,0,0
2021-08-23 21:00:00,0,0,0
2021-08-23 22:00:00,0,0,0
2021-08-23 23:00:00,0,0,0
2021-08-24 00:00:00,0,0,0
2021-08-24 01:00:00,0,0,0
2021-08-24 02:00:00,0,0,0
2021-08-24 03:00:00,0,0,0
2021-08-24 04:00:00,0,0,0
2021-08-24 05:00:00,0,0,0
2021-08-24 06:00:00,0,0,0
2021-08-24 07:00:00,0,0,0
2021-08-24 08:00:00,0,0,0
2021-08-24 09:00:00,0,0,0
2021-08-24 10:00:00,0,0,0
2021-08-24 11:00:00,0,0,0
2021-08-24 12:00:00,0,0,0
2021-08-24 13:00:00,0,0,0
2021-08-24 14:00:00,0,0,0
2021-08-24 15:00:00,0,0,0
2021-08-24 16:00:00,0,0,0
2021-08-24 17:00:00,0,0,0
2021-08-24 18:00:00,0,0,0
2021-08-24 19:00:00,0,0,0
2021-08-24 20:00:00,0,0,0
2021-08-24 21:00:00,0,0,0
2021-08-24 22:00:00,0,0,0
2021-08-24 23:00:00,0,0,0
2021-08-25 00:00:00,0,0,0
2021-08-25 01:00:00,0,0,0
2021-08-25 02:00:00,0,0,0
2021-08-25 03:00:00,0,0,0
2021-08-25 04:00:00,0,0,0
2021-08-25 05:00:00,0,0,0
2021-08-25 06:00:00,0,0,0
2021-08-25 07:00:00,0,0,0
2021-08-25 08:00:00,0,0,0
2021-08-25 09:00:00,0,0,0
2021-08-25 10:00:00,0,0,0
2021-08-25 11:00:00,0,0,0
2021-08-25 12:00:00,0,0,0
2021-08-25 13:00:00,0,0,0
2021-08-25 14:00:00,0,0,0
2021-08-25 15:00:00,0,0,0
2021-08-25 16:00:00,0,0,0
2021-08-25 17:00:00,0,0,0
2021-08-25 18:00:00,0,0,0
2021-08-25 19:00:00,0,0,0
2021-08-25 20:00:00,0,0,0
2021-08-25 21:00:00,0,0,0
2021-08-25 22:00:00,0,0,0
2021-08-25 23:00:00,0,0,0
2021-08-26 00:00:00,0,0,0
2021-08-26 01:00:00,0,0,0
2021-08-26 02:00:00,0,0,0
2021-08-26 03:00:00,0,0,0
2021-08-26 04:00:00,0,0,0
2021-08-26 05:00:00,0,0,0
2021-08-26 06:00:00,0,0,0
2021-08-26 07:00:00,0,0,0
2021-08-26 08:00:00,0,0,0
2021-08-26 09:00:00,0,0,0
2021-08-26 10:00:00,0,0,0
2021-08-26 11:00:00,0,0,0
2021-08-26 12:00:00,0,0,0
2021-08-26 13:00:00,0,0,0
2021-08-26 14:00:00,0,0,0
2021-08-26 15:00:00,0,0,0
2021-08-26 16:00:00,0,0,0
2021-08-26 17:00:00,0,0,0
2021-08-26 18:00:00,0,0,0
2021-08-26 19:00:00,0,0,0
2021-08-26 20:00:00,0,0,0
2021-08-26 21:00:00,0,0,0
2021-08-26 22:00:00,0,0,0
2021-08-26 23:00:00,0,0,0
2021-08-27 00:00:00,0,0,0
2021-08-27 01:00:00,0,0,0
2021-08-27 02:00:00,0,0,0
2021-08-27 03:00:00,0,0,0
2021-08-27 04:00:00,0,0,0
2021-08-27 05:00:00,0,0,0
2021-08-27 06:00:00,0,0,0
2021-08-27 07:00:00,0,0,0
2021-08-27 08:00:00,0,0,0
2021-08-27 09:00:00,0,0,0
2021-08-27 10:00:00,0,0,0
2021-08-27 11:00:00,0,0,0
2021-08-27 12:00:00,0,0,0
2021-08-27 13:00:00,0,0,0
2021-08-27 14:00:00,0,0,0
2021-08-27 15:00:00,0,0,0
2021-08-27 16:00:00,0,0,0
2021-08-27 17:00:00,0,0,0
2021-08-27 18:00:00,0,0,0
2021-08-27 19:00:00,0,0,0
2021-08-27 20:00:00,0,0,0
2021-08-27 21:00:00,0,0,0
2021-08-27 22:00:00,0,0,0
2021-08-27 23:00:00,0,0,0
2021-08-28 00:00:00,0,0,0
2021-08-28 01:00:00,0,0,0
2021-08-28 02:00:00,0,0,0
2021-08-28 03:00:00,0,0,0
2021-08-28 04:00:00,0,0,0
2021-08-28 05:00:00,0,0,0
2021-08-28 06:00:00,0,0,0
2021-08-28 07:00:00,0,0,0
2021-08-28 08:00:00,0,0,0
2021-08-28 09:00:00,0,0,0
2021-08-28 10:00:00,0,0,0
2021-08-28 11:00:00,0,0,0
2021-08-28 12:00:00,0,0,0
2021-08-28 13:00:00,0,0,0
2021-08-28 14:00:00,0,0,0
2021-08-28 15:00:00,0,0,0
2021-08-28 16:00:00,0,0,0
2021-08-28 17:00:00,0,0,0
2021-08-28 18:00:00,0,0,0
2021-08-28 19:00:00,0,0,0
2021-08-28 20:00:00,0,0,0
2021-08-28 21:00:00,0,0,0
2021-08-28 22:00:00,0,0,0
2021-08-28 23:00:00,0,0,0
2021-08-29 00:00:00,0,0,0
2021-08-29 01:00:00,0,0,0
2021-08-29 02:00:00,0,0,0
2021-08-29 03:00:00,0,0,0
2021-08-29 04:00:00,0,0,0
2021-08-29 05:00:00,0,0,0
2021-08-29 06:00:00,0,0,0
2021-08-29 07:00:00,0,0,0
2021-08-29 08:00:00,0,0,0
2021-08-29 09:00:00,0,0,0
2021-08-29 10:00:00,0,0,0
2021-08-29 11:00:00,0,0,0
2021-08-29 12:00:00,0,0,0
2021-08-29 13:00:00,0,0,0
2021-08-29 14:00:00,0,0,0
2021-08-29 15:00:00,0,0,0
2021-08-29 16:00:00,0,0,0
2021-08-29 17:00:00,0,0,0
2021-08-29 18:00:00,0,0,0
2021-08-29 19:00:00,0,0,0
2021-08-29 20:00:00,0,0,0
2021-08-29 21:00:00,0,0,0
2021-08-29 22:00:00,0,0,0
2021-08-29 23:00:00,0,0,0
2021-08-30 00:00:00,0,0,0
2021-08-30 01:00:00,0,0,0
2021-08-30 02:00:00,0,0,0
2021-08-30 03:00:00,0,0,0
2021-08-30 04:00:00,0,0,0
2021-08-30 05:00:00,0,0,0
2021-08-30 06:00:00,0,0,0
2021-08-30 07:00:00,0,0,0
2021-08-30 08:00:00,0,0,0
2021-08-30 09:00:00,0,0,0
2021-08-30 10:00:00,0,0,0
2021-08-30 11:00:00,0,0,0
2021-08-30 12:00:00,0,0,0
2021-08-30 13:00:00,0,0,0
2021-08-30 14:00:00,0,0,0
2021-08-30 15:00:00,0,0,0
2021-08-30 16:00:00,0,0,0
2021-08-30 17:00:00,0,0,0
2021-08-30 18:00:00,0,0,0
2021-08-30 19:00:00,0,0,0
2021-08-30 20:00:00,0,0,0
2021-08-30 21:00:00,0,0,0
2021-08-30 22:00:00,0,0,0
2021-08-30 23:00:00,0,0,0
2021-08-31 00:00:00,0,0,0
2021-08-31 01:00:00,0,0,0
2021-08-31 02:00:00,0,0,0
2021-08-31 03:00:00,0,0,0
2021-08-31 04:00:00,0,0,0
2021-08-31 05:00:00,0,0,0
2021-08-31 06:00:00,0,0,0
2021-08-31 07:00:00,0,0,0
2021-08-31 08:00:00,0,0,0
2021-08-31 09:00:00,0,0,0
2021-08-31 10:00:00,0,0,0
2021-08-31 11:00:00,0,0,0
2021-08-31 12:00:00,0,0,0
2021-08-31 13:00:00,0,0,0
2021-08-31 14:00:00,0,0,0
2021-08-31 15:00:00,0,0,0
2021-08-31 16:00:00,0,0,0
2021-08-31 17:00:00,0,0,0
2021-08-31 18:00:00,0,0,0
2021-08-31 19:00:00,0,0,0
2021-08-31 20:00:00,0,0,0
2021-08-31 21:00:00,0,0,0
2021-08-31 22:00:00,0,0,0
2021-08-31 23:00:00,0,0,0
2021-09-01 00:00:00,0,0,0
2021-09-01 01:00:00,0,0,0
2021-09-01 02:00:00,0,0,0
2021-09-01 03:00:00,0,0,0
2021-09-01 04:00:00,0,0,0
2021-09-01 05:00:00,0,0,0
2021-09-01 06:00:00,0,0,0
2021-09-01 07:00:00,0,0,0
2021-09-01 08:00:00,0,0,0
2021-09-01 09:00:00,0,0,0
2021-09-01 10:00:00,0,0,0
2021-09-01 11:00:00,0,0,0
2021-09-01 12:00:00,0,0,0
2021-09-01 13:00:00,0,0,0
2021-09-01 14:00:00,0,0,0
2021-09-01 15:00:00,0,0,0
2021-09-01 16:00:00,0,0,0
2021-09-01 17:00:00,0,0,0
2021-09-01 18:00:00,0,0,0
2021-09-01 19:00:00,0,0,0
2021-09-01 20:00:00,0,0,0
2021-09-01 21:00:00,0,0,0
2021-09-01 22:00:00,0,0,0
2021-09-01 23:00:00,0,0,0
2021-09-02 00:00:00,0,0,0
2021-09-02 01:00:00,0,0,0
2021-09-02 02:00:00,0,0,0
2021-09-02 03:00:00,0,0,0
2021-09-02 04:00:00,0,0,0
2021-09-02 05:00:00,0,0,0
2021-09-02 06:00:00,0,0,0
2021-09-02 07:00:00,0,0,0
2021-09-02 08:00:00,0,0,0
2021-09-02 09:00:00,0,0,0
2021-09-02 10:00:00,0,0,0
2021-09-02 11:00:00,0,0,0
2021-09-02 12:00:00,0,0,0
2021-09-02 13:00:00,0,0,0
2021-09-02 14:00:00,0,0,0
2021-09-02 15:00:00,0,0,0
2021-09-02 16:00:00,0,0,0
2021-09-02 17:00:00,0,0,0
2021-09-02 18:00:00,0,0,0
2021-09-02 19:00:00,0,0,0
2021-09-02 20:00:00,0,0,0
2021-09-02 21:00:00,0,0,0
2021-09-02 22:00:00,0,0,0
2021-09-02 23:00:00,0,0,0
2021-09-03 00:00:00,0,0,0
2021-09-03 01:00:00,0,0,0
2021-09-03 02:00:00,0,0,0
2021-09-03 03:00:00,0,0,0
2021-09-03 04:00:00,0,0,0
2021-09-03 05:00:00,0,0,0
2021-09-03 06:00:00,0,0,0
2021-09-03 07:00:00,0,0,0
2021-09-03 08:00:00,0,0,0
2021-09-03 09:00:00,0,0,0
2021-09-03 10:00:00,0,0,0
2021-09-03 11:00:00,0,0,0
2021-09-03 12:00:00,0,0,0
2021-09-03 13:00:00,0,0,0
2021-09-03 14:00:00,0,0,0
2021-09-03 15:00:00,0,0,0
2021-09-03 16:00:00,0,0,0
2021-09-03 17:00:00,0,0,0
2021-09-03 18:00:00,0,0,0
2021-09-03 19:00:00,0,0,0
2021-09-03 20:00:00,0,0,0
2021-09-03 21:00:00,0,0,0
2021-09-03 22:00:00,0,0,0
2021-09-03 23:00:00,0,0,0
2021-09-04 00:00:00,0,0,0
2021-09-04 01:00:00,0,0,0
2021-09-04 02:00:00,0,0,0
2021-09-04 03:00:00,0,0,0
2021-09-04 04:00:00,0,0,0
2021-09-04 05:00:00,0,0,0
2021-09-04 06:00:00,0,0,0
2021-09-04 07:00:00,0,0,0
2021-09-04 08:00:00,0,0,0
2021-09-04 09:00:00,0,0,0
2021-09-04 10:00:00,0,0,0
2021-09-04 11:00:00,0,0,0
2021-09-04 12:00:00,0,0,0
2021-09-04 13:00:00,0,0,0
2021-09-04 14:00:00,0,0,0
2021-09-04 15:00:00,0,0,0
2021-09-04 16:00:00,0,0,0
2021-09-04 17:00:00,0,0,0
2021-09-04 18:00:00,0,0,0
2021-09-04 19:00:00,0,0,0
2021-09-04 20:00:00,0,0,0
2021-09-04 21:00:00,0,0,0
2021-09-04 22:00:00,0,0,0
2021-09-04 23:00:00,0,0,0
2021-09-05 00:00:00,0,0,0
2021-09-05 01:00:00,0,0,0
2021-09-05 02:00:00,0,0,0
2021-09-05 03:00:00,0,0,0
2021-09-05 04:00:00,0,0,0
2021-09-05 05:00:00,0,0,0
2021-09-05 06:00:00,0,0,0
2021-09-05 07:00:00,0,0,0
2021-09-05 08:00:00,0,0,0
2021-09-05 09:00:00,0,0,0
2021-09-05 10:00:00,0,0,0
2021-09-05 11:00:00,0,0,0
2021-09-05 12:00:00,0,0,0
2021-09-05 13:00:00,0,0,0
2021-09-05 14:00:00,0,0,0
2021-09-05 15:00:00,0,0,0
2021-09-05 16:00:00,0,0,0
2021-09-05 17:00:00,0,0,0
2021-09-05 18:00:00,0,0,0
2021-09-05 19:00:00,0,0,0
2021-09-05 20:00:00,0,0,0
2021-09-05 21:00:00,0,0,0
2021-09-05 22:00:00,0,0,0
2021-09-05 23:00:00,0,0,0
2021-09-06 00:00:00,0,0,0
2021-09-06 01:00:00,0,0,0
2021-09-06 02:00:00,0,0,0
2021-09-06 03:00:00,0,0,0
2021-09-06 04:00:00,0,0,0
2021-09-06 05:00:00,0,0,0
2021-09-06 06:00:00,0,0,0
2021-09-06 07:00:00,0,0,0
2021-09-06 08:00:00,0,0,0
2021-09-06 09:00:00,0,0,0
2021-09-06 10:00:00,0,0,0
2021-09-06 11:00:00,0,0,0
2021-09-06 12:00:00,0,0,0
2021-09-06 13:00:00,0,0,0
2021-09-06 14:00:00,0,0,0
2021-09-06 15:00:00,0,0,0
2021-09-06 16:00:00,0,0,0
2021-09-06 17:00:00,0,0,0
2021-09-06 18:00:00,0,0,0
2021-09-06 19:00:00,0,0,0
2021-09-06 20:00:00,0,0,0
2021-09-06 21:00:00,0,0,0
2021-09-06 22:00:00,0,0,0
2021-09-06 23:00:00,0,0,0
2021-09-07 00:00:00,0,0,0
2021-09-07 01:00:00,0,0,0
2021-09-07 02:00:00,0,0,0
2021-09-07 03:00:00,0,0,0
2021-09-07 04:00:00,0,0,0
2021-09-07 05:00:00,0,0,0
2021-09-07 06:00:00,0,0,0
2021-09-07 07:00:00,0,0,0
2021-09-07 08:00:00,0,0,0
2021-09-07 09:00:00,0,0,0
2021-09-07 10:00:00,0,0,0
2021-09-07 11:00:00,0,0,0
2021-09-07 12:00:00,0,0,0
2021-09-07 13:00:00,0,0,0
2021-09-07 14:00:00,0,0,0
2021-09-07 15:00:00,0,0,0
2021-09-07 16:00:00,0,0,0
2021-09-07 17:00:00,0,0,0
2021-09-07 18:00:00,0,0,0
2021-09-07 19:00:00,0,0,0
2021-09-07 20:00:00,0,0,0
2021-09-07 21:00:00,0,0,0
2021-09-07 22:00:00,0,0,0
2021-09-07 23:00:00,0,0,0
2021-09-08 00:00:00,0,0,0
2021-09-08 01:00:00,0,0,0
2021-09-08 02:00:00,0,0,0
2021-09-08 03:00:00,0,0,0
2021-09-08 04:00:00,0,0,0
2021-09-08 05:00:00,0,0,0
2021-09-08 06:00:00,0,0,0
2021-09-08 07:00:00,0,0,0
2021-09-08 08:00:00,0,0,0
2021-09-08 09:00:00,0,0,0
2021-09-08 10:00:00,0,0,0
2021-09-08 11:00:00,0,0,0
2021-09-08 12:00:00,0,0,0
2021-09-08 13:00:00,0,0,0
2021-09-08 14:00:00,0,0,0
2021-09-08 15:00:00,0,0,0
2021-09-08 16:00:00,0,0,0
2021-09-08 17:00:00,0,0,0
2021-09-08 18:00:00,0,0,0
2021-09-08 19:00:00,0,0,0
2021-09-08 20:00:00,0,0,0
2021-09-08 21:00:00,0,0,0
2021-09-08 22:00:00,0,0,0
2021-09-08 23:00:00,0,0,0
2021-09-09 00:00:00,0,0,0
2021-09-09 01:00:00,0,0,0
2021-09-09 02:00:00,0,0,0
2021-09-09 03:00:00,0,0,0
2021-09-09 04:00:00,0,0,0
2021-09-09 05:00:00,0,0,0
2021-09-09 06:00:00,0,0,0
2021-09-09 07:00:00,0,0,0
2021-09-09 08:00:00,0,0,0
2021-09-09 09:00:00,0,0,0
2021-09-09 10:00:00,0,0,0
2021-09-09 11:00:00,0,0,0
2021-09-09 12:00:00,0,0,0
2021-09-09 13:00:00,0,0,0
2021-09-09 14:00:00,0,0,0
2021-09-09 15:00:00,0,0,0
2021-09-09 16:00:00,0,0,0
2021-09-09 17:00:00,0,0,0
2021-09-09 18:00:00,0,0,0
2021-09-09 19:00:00,0,0,0
2021-09-09 20:00:00,0,0,0
2021-09-09 21:00:00,0,0,0
2021-09-09 22:00:00,0,0,0
2021-09-09 23:00:00,0,0,0
2021-09-10 00:00:00,0,0,0
2021-09-10 01:00:00,0,0,0
2021-09-10 02:00:00,0,0,0
2021-09-10 03:00:00,0,0,0
2021-09-10 04:00:00,0,0,0
2021-09-10 05:00:00,0,0,0
2021-09-10 06:00:00,0,0,0
2021-09-10 07:00:00,0,0,0
2021-09-10 08:00:00,0,0,0
2021-09-10 09:00:00,0,0,0
2021-09-10 10:00:00,0,0,0
2021-09-10 11:00:00,0,0,0
2021-09-10 12:00:00,0,0,0
2021-09-10 13:00:00,0,0,0
2021-09-10 14:00:00,0,0,0
2021-09-10 15:00:00,0,0,0
2021-09-10 16:00:00,0,0,0
2021-09-10 17:00:00,0,0,0
2021-09-10 18:00:00,0,0,0
2021-09-10 19:00:00,0,0,0
2021-09-10 20:00:00,0,0,0
2021-09-10 21:00:00,0,0,0
2021-09-10 22:00:00,0,0,0
2021-09-10 23:00:00,0,0,0
2021-09-11 00:00:00,0,0,0
2021-09-11 01:00:00,0,0,0
2021-09-11 02:00:00,0,0,0
2021-09-11 03:00:00,0,0,0
2021-09-11 04:00:00,0,0,0
2021-09-11 05:00:00,0,0,0
2021-09-11 06:00:00,0,0,0
2021-09-11 07:00:00,0,0,0
2021-09-11 08:00:00,0,0,0
2021-09-11 09:00:00,0,0,0
2021-09-11 10:00:00,0,0,0
2021-09-11 11:00:00,0,0,0
2021-09-11 12:00:00,0,0,0
2021-09-11 13:00:00,0,0,0
2021-09-11 14:00:00,0,0,0
2021-09-11 15:00:00,0,0,0
2021-09-11 16:00:00,0,0,0
2021-09-11 17:00:00,0,0,0
2021-09-11 18:00:00,0,0,0
2021-09-11 19:00:00,0,0,0
2021-09-11 20:00:00,0,0,0
2021-09-11 21:00:00,0,0,0
2021-09-11 22:00:00,0,0,0
2021-09-11 23:00:00,0,0,0
2021-09-12 00:00:00,0,0,0
2021-09-12 01:00:00,0,0,0
2021-09-12 02:00:00,0,0,0
2021-09-12 03:00:00,0,0,0
2021-09-12 04:00:00,0,0,0
2021-09-12 05:00:00,0,0,0
2021-09-12 06:00:00,0,0,0
2021-09-12 07:00:00,0,0,0
2021-09-12 08:00:00,0,0,0
2021-09-12 09:00:00,0,0,0
2021-09-12 10:00:00,0,0,0
2021-09-12 11:00:00,0,0,0
2021-09-12 12:00:00,0,0,0
2021-09-12 13:00:00,0,0,0
2021-09-12 14:00:00,0,0,0
2021-09-12 15:00:00,0,0,0
2021-09-12 16:00:00,0,0,0
2021-09-12 17:00:00,0,0,0
2021-09-12 18:00:00,0,0,0
2021-09-12 19:00:00,0,0,0
2021-09-12 20:00:00,0,0,0
2021-09-12 21:00:00,0,0,0
2021-09-12 22:00:00,0,0,0
2021-09-12 23:00:00,0,0,0
2021-09-13 00:00:00,0,0,0
2021-09-13 01:00:00,0,0,0
2021-09-13 02:00:00,0,0,0
2021-09-13 03:00:00,0,0,0
2021-09-13 04:00:00,0,0,0
2021-09-13 05:00:00,0,0,0
2021-09-13 06:00:00,0,0,0
2021-09-13 07:00:00,0,0,0
2021-09-13 08:00:00,0,0,0
2021-09-13 09:00:00,0,0,0
2021-09-13 10:00:00,0,0,0
2021-09-13 11:00:00,0,0,0
2021-09-13 12:00:00,0,0,0
2021-09-13 13:00:00,0,0,0
2021-09-13 14:00:00,0,0,0
2021-09-13 15:00:00,0,0,0
2021-09-13 16:00:00,0,0,0
2021-09-13 17:00:00,0,0,0
2021-09-13 18:00:00,0,0,0
2021-09-13 19:00:00,0,0,0
2021-09-13 20:00:00,0,0,0
2021-09-13 21:00:00,0,0,0
2021-09-13 22:00:00,0,0,0
2021-09-13 23:00:00,0,0,0
2021-09-14 00:00:00,0,0,0
2021-09-14 01:00:00,0,0,0
2021-09-14 02:00:00,0,0,0
2021-09-14 03:00:00,0,0,0
2021-09-14 04:00:00,0,0,0
2021-09-14 05:00:00,0,0,0
2021-09-14 06:00:00,0,0,0
2021-09-14 07:00:00,0,0,0
2021-09-14 08:00:00,0,0,0
2021-09-14 09:00:00,0,0,0
2021-09-14 10:00:00,0,0,0
2021-09-14 11:00:00,0,0,0
2021-09-14 12:00:00,0,0,0
2021-09-14 13:00:00,0,0,0
2021-09-14 14:00:00,0,0,0
2021-09-14 15:00:00,0,0,0
2021-09-14 16:00:00,0,0,0
2021-09-14 17:00:00,0,0,0
2021-09-14 18:00:00,0,0,0
2021-09-14 19:00:00,0,0,0
2021-09-14 20:00:00,0,0,0
2021-09-14 21:00:00,0,0,0
2021-09-14 22:00:00,0,0,0
2021-09-14 23:00:00,0,0,0
2021-09-15 00:00:00,0,0,0
2021-09-15 01:00:00,0,0,0
2021-09-15 02:00:00,0,0,0
2021-09-15 03:00:00,0,0,0
2021-09-15 04:00:00,0,0,0
2021-09-15 05:00:00,0,0,0
2021-09-15 06:00:00,0,0,0
2021-09-15 07:00:00,0,0,0
2021-09-15 08:00:00,0,0,0
2021-09-15 09:00:00,0,0,0
2021-09-15 10:00:00,0,0,0
2021-09-15 11:00:00,0,0,0
2021-09-15 12:00:00,0,0,0
2021-09-15 13:00:00,0,0,0
2021-09-15 14:00:00,0,0,0
2021-09-15 15:00:00,0,0,0
2021-09-15 16:00:00,0,0,0
2021-09-15 17:00:00,0,0,0
2021-09-15 18:00:00,0,0,0
2021-09-15 19:00:00,0,0,0
2021-09-15 20:00:00,0,0,0
2021-09-15 21:00:00,0,0,0
2021-09-15 22:00:00,0,0,0
2021-09-15 23:00:00,0,0,0
2021-09-16 00:00:00,0,0,0
2021-09-16 01:00:00,0,0,0
2021-09-16 02:00:00,0,0,0
2021-09-16 03:00:00,0,0,0
2021-09-16 04:00:00,0,0,0
2021-09-16 05:00:00,0,0,0
2021-09-16 06:00:00,0,0,0
2021-09-16 07:00:00,0,0,0
2021-09-16 08:00:00,0,0,0
2021-09-16 09:00:00,0,0,0
2021-09-16 10:00:00,0,0,0
2021-09-16 11:00:00,0,0,0
2021-09-16 12:00:00,0,0,0
2021-09-16 13:00:00,0,0,0
2021-09-16 14:00:00,0,0,0
2021-09-16 15:00:00,0,0,0
2021-09-16 16:00:00,0,0,0
2021-09-16 17:00:00,0,0,0
2021-09-16 18:00:00,0,0,0
2021-09-16 19:00:00,0,0,0
2021-09-16 20:00:00,0,0,0
2021-09-16 21:00:00,26,15,11
2021-09-16 22:00:00,22,14,8
2021-09-16 23:00:00,16,7,9
2021-09-17 00:00:00,8,4,4
2021-09-17 01:00:00,2,0,2
2021-09-17 02:00:00,0,0,0
2021-09-17 03:00:00,5,1,4
2021-09-17 04:00:00,2,1,1
2021-09-17 05:00:00,10,5,5
2021-09-17 06:00:00,25,8,17
2021-09-17 07:00:00,65,12,53
2021-09-17 08:00:00,89,13,76
2021-09-17 09:00:00,48,16,32
2021-09-17 10:00:00,33,8,25
2021-09-17 11:00:00,14,3,11
2021-09-17 12:00:00,27,11,16
2021-09-17 13:00:00,42,26,16
2021-09-17 14:00:00,36,20,16
2021-09-17 15:00:00,50,36,14
2021-09-17 16:00:00,79,66,13
2021-09-17 17:00:00,96,75,21
2021-09-17 18:00:00,88,65,23
2021-09-17 19:00:00,37,22,15
2021-09-17 20:00:00,19,10,9
2021-09-17 21:00:00,10,4,6
2021-09-17 22:00:00,11,3,8
2021-09-17 23:00:00,7,3,4
2021-09-18 00:00:00,2,1,1
2021-09-18 01:00:00,1,0,1
2021-09-18 02:00:00,0,0,0
2021-09-18 03:00:00,1,1,0
2021-09-18 04:00:00,1,1,0
2021-09-18 05:00:00,4,2,2
2021-09-18 06:00:00,2,0,2
2021-09-18 07:00:00,15,7,8
2021-09-18 08:00:00,28,14,14
2021-09-18 09:00:00,43,21,22
2021-09-18 10:00:00,86,44,42
2021-09-18 11:00:00,110,66,44
2021-09-18 12:00:00,129,69,60
2021-09-18 13:00:00,109,57,52
2021-09-18 14:00:00,51,29,22
2021-09-18 15:00:00,44,20,24
2021-09-18 16:00:00,47,30,17
2021-09-18 17:00:00,43,25,18
2021-09-18 18:00:00,20,12,8
2021-09-18 19:00:00,19,11,8
2021-09-18 20:00:00,22,14,8
2021-09-18 21:00:00,11,4,7
2021-09-18 22:00:00,11,2,9
2021-09-18 23:00:00,7,4,3
2021-09-19 00:00:00,7,5,2
2021-09-19 01:00:00,3,1,2
2021-09-19 02:00:00,0,0,0
2021-09-19 03:00:00,0,0,0
2021-09-19 04:00:00,3,2,1
2021-09-19 05:00:00,3,1,2
2021-09-19 06:00:00,4,2,2
2021-09-19 07:00:00,17,10,7
2021-09-19 08:00:00,28,15,13
2021-09-19 09:00:00,52,26,26
2021-09-19 10:00:00,57,26,31
2021-09-19 11:00:00,96,48,48
2021-09-19 12:00:00,54,32,22
2021-09-19 13:00:00,115,69,46
2021-09-19 14:00:00,113,62,51
2021-09-19 15:00:00,80,44,36
2021-09-19 16:00:00,104,50,54
2021-09-19 17:00:00,90,46,44
2021-09-19 18:00:00,50,29,21
2021-09-19 19:00:00,30,10,20
2021-09-19 20:00:00,15,8,7
2021-09-19 21:00:00,12,4,8
2021-09-19 22:00:00,13,4,9
2021-09-19 23:00:00,5,2,3
2021-09-20 00:00:00,1,0,1
2021-09-20 01:00:00,3,3,0
2021-09-20 02:00:00,1,1,0
2021-09-20 03:00:00,1,0,1
2021-09-20 04:00:00,3,1,2
2021-09-20 05:00:00,12,6,6
2021-09-20 06:00:00,44,11,33
2021-09-20 07:00:00,116,15,101
2021-09-20 08:00:00,164,18,146
2021-09-20 09:00:00,103,17,86
2021-09-20 10:00:00,71,29,42
2021-09-20 11:00:00,65,29,36
2021-09-20 12:00:00,59,28,31
2021-09-20 13:00:00,62,33,29
2021-09-20 14:00:00,68,39,29
2021-09-20 15:00:00,140,83,57
2021-09-20 16:00:00,185,140,45
2021-09-20 17:00:00,295,216,79
2021-09-20 18:00:00,222,156,66
2021-09-20 19:00:00,149,74,75
2021-09-20 20:00:00,50,20,30
2021-09-20 21:00:00,32,14,18
2021-09-20 22:00:00,22,11,11
2021-09-20 23:00:00,9,8,1
2021-09-21 00:00:00,3,0,3
2021-09-21 01:00:00,3,0,3
2021-09-21 02:00:00,4,3,1
2021-09-21 03:00:00,1,0,1
2021-09-21 04:00:00,7,7,0
2021-09-21 05:00:00,17,7,10
2021-09-21 06:00:00,52,20,32
2021-09-21 07:00:00,126,21,105
2021-09-21 08:00:00,193,24,169
2021-09-21 09:00:00,130,22,108
2021-09-21 10:00:00,64,22,42
2021-09-21 11:00:00,53,17,36
2021-09-21 12:00:00,69,45,24
2021-09-21 13:00:00,82,36,46
2021-09-21 14:00:00,97,54,43
2021-09-21 15:00:00,119,81,38
2021-09-21 16:00:00,249,181,68
2021-09-21 17:00:00,323,243,80
2021-09-21 18:00:00,283,172,111
2021-09-21 19:00:00,130,58,72
2021-09-21 20:00:00,59,27,32
2021-09-21 21:00:00,28,14,14
2021-09-21 22:00:00,19,14,5
2021-09-21 23:00:00,9,8,1
2021-09-22 00:00:00,1,0,1
2021-09-22 01:00:00,9,6,3
2021-09-22 02:00:00,1,0,1
2021-09-22 03:00:00,1,0,1
2021-09-22 04:00:00,9,6,3
2021-09-22 05:00:00,9,4,5
2021-09-22 06:00:00,54,22,32
2021-09-22 07:00:00,133,31,102
2021-09-22 08:00:00,151,20,131
2021-09-22 09:00:00,139,20,119
2021-09-22 10:00:00,73,34,39
2021-09-22 11:00:00,43,15,28
2021-09-22 12:00:00,44,19,25
2021-09-22 13:00:00,46,27,19
2021-09-22 14:00:00,82,45,37
2021-09-22 15:00:00,99,69,30
2021-09-22 16:00:00,157,123,34
2021-09-22 17:00:00,285,217,68
2021-09-22 18:00:00,189,133,56
2021-09-22 19:00:00,112,62,50
2021-09-22 20:00:00,45,26,19
2021-09-22 21:00:00,27,10,17
2021-09-22 22:00:00,19,10,9
2021-09-22 23:00:00,16,9,7
2021-09-23 00:00:00,4,2,2
2021-09-23 01:00:00,3,2,1
2021-09-23 02:00:00,1,1,0
2021-09-23 03:00:00,2,1,1
2021-09-23 04:00:00,5,4,1
2021-09-23 05:00:00,7,4,3
2021-09-23 06:00:00,51,12,39
2021-09-23 07:00:00,101,19,82
2021-09-23 08:00:00,161,19,142
2021-09-23 09:00:00,124,23,101
2021-09-23 10:00:00,64,22,42
2021-09-23 11:00:00,68,23,45
2021-09-23 12:00:00,68,26,42
2021-09-23 13:00:00,87,41,46
2021-09-23 14:00:00,85,52,33
2021-09-23 15:00:00,112,77,35
2021-09-23 16:00:00,220,158,62
2021-09-23 17:00:00,263,195,68
2021-09-23 18:00:00,224,151,73
2021-09-23 19:00:00,113,65,48
2021-09-23 20:00:00,39,22,17
2021-09-23 21:00:00,31,10,21
2021-09-23 22:00:00,21,8,13
2021-09-23 23:00:00,14,4,10
2021-09-24 00:00:00,2,0,2
2021-09-24 01:00:00,1,0,1
2021-09-24 02:00:00,0,0,0
2021-09-24 03:00:00,3,1,2
2021-09-24 04:00:00,7,3,4
2021-09-24 05:00:00,11,6,5
2021-09-24 06:00:00,45,17,28
2021-09-24 07:00:00,82,14,68
2021-09-24 08:00:00,138,24,114
2021-09-24 09:00:00,102,26,76
2021-09-24 10:00:00,57,18,39
2021-09-24 11:00:00,67,27,40
2021-09-24 12:00:00,80,41,39
2021-09-24 13:00:00,99,58,41
2021-09-24 14:00:00,114,73,41
2021-09-24 15:00:00,131,102,29
2021-09-24 16:00:00,180,127,53
2021-09-24 17:00:00,260,180,80
2021-09-24 18:00:00,169,91,78
2021-09-24 19:00:00,113,62,51
2021-09-24 20:00:00,41,21,20
2021-09-24 21:00:00,40,20,20
2021-09-24 22:00:00,26,7,19
2021-09-24 23:00:00,28,14,14
2021-09-25 00:00:00,11,8,3
2021-09-25 01:00:00,2,1,1
2021-09-25 02:00:00,1,1,0
2021-09-25 03:00:00,6,5,1
2021-09-25 04:00:00,1,1,0
2021-09-25 05:00:00,4,2,2
2021-09-25 06:00:00,11,6,5
2021-09-25 07:00:00,17,10,7
2021-09-25 08:00:00,37,18,19
2021-09-25 09:00:00,62,33,29
2021-09-25 10:00:00,109,46,63
2021-09-25 11:00:00,163,96,67
2021-09-25 12:00:00,125,67,58
2021-09-25 13:00:00,155,85,70
2021-09-25 14:00:00,189,101,88
2021-09-25 15:00:00,168,108,60
2021-09-25 16:00:00,234,99,135
2021-09-25 17:00:00,177,87,90
2021-09-25 18:00:00,131,74,57
2021-09-25 19:00:00,122,44,78
2021-09-25 20:00:00,33,15,18
2021-09-25 21:00:00,28,10,18
2021-09-25 22:00:00,27,9,18
2021-09-25 23:00:00,17,8,9
2021-09-26 00:00:00,9,5,4
2021-09-26 01:00:00,5,3,2
2021-09-26 02:00:00,5,3,2
2021-09-26 03:00:00,1,1,0
2021-09-26 04:00:00,1,1,0
2021-09-26 05:00:00,2,0,2
2021-09-26 06:00:00,7,2,5
2021-09-26 07:00:00,21,9,12
2021-09-26 08:00:00,34,17,17
2021-09-26 09:00:00,57,27,30
2021-09-26 10:00:00,45,21,24
2021-09-26 11:00:00,64,34,30
2021-09-26 12:00:00,73,47,26
2021-09-26 13:00:00,72,31,41
2021-09-26 14:00:00,57,28,29
2021-09-26 15:00:00,40,13,27
2021-09-26 16:00:00,25,11,14
2021-09-26 17:00:00,9,2,7
2021-09-26 18:00:00,14,9,5
2021-09-26 19:00:00,6,5,1
2021-09-26 20:00:00,3,3,0
2021-09-26 21:00:00,1,1,0
2021-09-26 22:00:00,7,4,3
2021-09-26 23:00:00,4,4,0
2021-09-27 00:00:00,1,1,0
2021-09-27 01:00:00,1,1,0
2021-09-27 02:00:00,0,0,0
2021-09-27 03:00:00,1,0,1
2021-09-27 04:00:00,3,1,2
2021-09-27 05:00:00,8,4,4
2021-09-27 06:00:00,30,9,21
2021-09-27 07:00:00,75,22,53
2021-09-27 08:00:00,104,6,98
2021-09-27 09:00:00,75,12,63
2021-09-27 10:00:00,26,8,18
2021-09-27 11:00:00,31,13,18
2021-09-27 12:00:00,21,9,12
2021-09-27 13:00:00,32,21,11
2021-09-27 14:00:00,33,24,9
2021-09-27 15:00:00,37,26,11
2021-09-27 16:00:00,77,57,20
2021-09-27 17:00:00,136,113,23
2021-09-27 18:00:00,94,72,22
2021-09-27 19:00:00,56,38,18
2021-09-27 20:00:00,27,15,12
2021-09-27 21:00:00,13,7,6
2021-09-27 22:00:00,18,11,7
2021-09-27 23:00:00,6,5,1
2021-09-28 00:00:00,2,0,2
2021-09-28 01:00:00,2,2,0
2021-09-28 02:00:00,2,1,1
2021-09-28 03:00:00,0,0,0
2021-09-28 04:00:00,6,3,3
2021-09-28 05:00:00,9,5,4
2021-09-28 06:00:00,36,11,25
2021-09-28 07:00:00,93,14,79
2021-09-28 08:00:00,126,16,110
2021-09-28 09:00:00,82,15,67
2021-09-28 10:00:00,34,17,17
2021-09-28 11:00:00,39,17,22
2021-09-28 12:00:00,31,12,19
2021-09-28 13:00:00,49,34,15
2021-09-28 14:00:00,60,34,26
2021-09-28 15:00:00,11,5,6
2021-09-28 16:00:00,0,0,0
2021-09-28 17:00:00,0,0,0
2021-09-28 18:00:00,0,0,0
2021-09-28 19:00:00,0,0,0
2021-09-28 20:00:00,0,0,0
2021-09-28 21:00:00,0,0,0
2021-09-28 22:00:00,0,0,0
2021-09-28 23:00:00,0,0,0
2021-09-29 00:00:00,0,0,0
2021-09-29 01:00:00,0,0,0
2021-09-29 02:00:00,0,0,0
2021-09-29 03:00:00,0,0,0
2021-09-29 04:00:00,0,0,0
2021-09-29 05:00:00,0,0,0
2021-09-29 06:00:00,0,0,0
2021-09-29 07:00:00,0,0,0
2021-09-29 08:00:00,0,0,0
2021-09-29 09:00:00,0,0,0
2021-09-29 10:00:00,0,0,0
2021-09-29 11:00:00,0,0,0
2021-09-29 12:00:00,0,0,0
2021-09-29 13:00:00,0,0,0
2021-09-29 14:00:00,0,0,0
2021-09-29 15:00:00,0,0,0
2021-09-29 16:00:00,0,0,0
2021-09-29 17:00:00,0,0,0
2021-09-29 18:00:00,0,0,0
2021-09-29 19:00:00,0,0,0
2021-09-29 20:00:00,0,0,0
2021-09-29 21:00:00,0,0,0
2021-09-29 22:00:00,0,0,0
2021-09-29 23:00:00,0,0,0
2021-09-30 00:00:00,0,0,0
2021-09-30 01:00:00,0,0,0
2021-09-30 02:00:00,0,0,0
2021-09-30 03:00:00,0,0,0
2021-09-30 04:00:00,0,0,0
2021-09-30 05:00:00,0,0,0
2021-09-30 06:00:00,0,0,0
2021-09-30 07:00:00,0,0,0
2021-09-30 08:00:00,0,0,0
2021-09-30 09:00:00,0,0,0
2021-09-30 10:00:00,0,0,0
2021-09-30 11:00:00,0,0,0
2021-09-30 12:00:00,0,0,0
2021-09-30 13:00:00,0,0,0
2021-09-30 14:00:00,0,0,0
2021-09-30 15:00:00,0,0,0
2021-09-30 16:00:00,0,0,0
2021-09-30 17:00:00,0,0,0
2021-09-30 18:00:00,0,0,0
2021-09-30 19:00:00,0,0,0
2021-09-30 20:00:00,0,0,0
2021-09-30 21:00:00,0,0,0
2021-09-30 22:00:00,0,0,0
2021-09-30 23:00:00,0,0,0
2021-10-01 00:00:00,0,0,0
2021-10-01 01:00:00,0,0,0
2021-10-01 02:00:00,0,0,0
2021-10-01 03:00:00,0,0,0
2021-10-01 04:00:00,0,0,0
2021-10-01 05:00:00,0,0,0
2021-10-01 06:00:00,0,0,0
2021-10-01 07:00:00,0,0,0
2021-10-01 08:00:00,0,0,0
2021-10-01 09:00:00,0,0,0
2021-10-01 10:00:00,0,0,0
2021-10-01 11:00:00,0,0,0
2021-10-01 12:00:00,0,0,0
2021-10-01 13:00:00,0,0,0
2021-10-01 14:00:00,0,0,0
2021-10-01 15:00:00,0,0,0
2021-10-01 16:00:00,0,0,0
2021-10-01 17:00:00,0,0,0
2021-10-01 18:00:00,0,0,0
2021-10-01 19:00:00,0,0,0
2021-10-01 20:00:00,0,0,0
2021-10-01 21:00:00,0,0,0
2021-10-01 22:00:00,0,0,0
2021-10-01 23:00:00,0,0,0
2021-10-02 00:00:00,0,0,0
2021-10-02 01:00:00,0,0,0
2021-10-02 02:00:00,0,0,0
2021-10-02 03:00:00,0,0,0
2021-10-02 04:00:00,0,0,0
2021-10-02 05:00:00,0,0,0
2021-10-02 06:00:00,0,0,0
2021-10-02 07:00:00,0,0,0
2021-10-02 08:00:00,0,0,0
2021-10-02 09:00:00,0,0,0
2021-10-02 10:00:00,0,0,0
2021-10-02 11:00:00,0,0,0
2021-10-02 12:00:00,0,0,0
2021-10-02 13:00:00,1,0,1
2021-10-02 14:00:00,0,0,0
2021-10-02 15:00:00,0,0,0
2021-10-02 16:00:00,0,0,0
2021-10-02 17:00:00,0,0,0
2021-10-02 18:00:00,0,0,0
2021-10-02 19:00:00,0,0,0
2021-10-02 20:00:00,0,0,0
2021-10-02 21:00:00,0,0,0
2021-10-02 22:00:00,0,0,0
2021-10-02 23:00:00,0,0,0
2021-10-03 00:00:00,0,0,0
2021-10-03 01:00:00,0,0,0
2021-10-03 02:00:00,0,0,0
2021-10-03 03:00:00,0,0,0
2021-10-03 04:00:00,0,0,0
2021-10-03 05:00:00,0,0,0
2021-10-03 06:00:00,0,0,0
2021-10-03 07:00:00,0,0,0
2021-10-03 08:00:00,0,0,0
2021-10-03 09:00:00,0,0,0
2021-10-03 10:00:00,0,0,0
2021-10-03 11:00:00,0,0,0
2021-10-03 12:00:00,0,0,0
2021-10-03 13:00:00,0,0,0
2021-10-03 14:00:00,1,1,0
2021-10-03 15:00:00,0,0,0
2021-10-03 16:00:00,0,0,0
2021-10-03 17:00:00,0,0,0
2021-10-03 18:00:00,0,0,0
2021-10-03 19:00:00,0,0,0
2021-10-03 20:00:00,0,0,0
2021-10-03 21:00:00,0,0,0
2021-10-03 22:00:00,0,0,0
2021-10-03 23:00:00,0,0,0
2021-10-04 00:00:00,0,0,0
2021-10-04 01:00:00,0,0,0
2021-10-04 02:00:00,0,0,0
2021-10-04 03:00:00,0,0,0
2021-10-04 04:00:00,0,0,0
2021-10-04 05:00:00,0,0,0
2021-10-04 06:00:00,0,0,0
2021-10-04 07:00:00,0,0,0
2021-10-04 08:00:00,0,0,0
2021-10-04 09:00:00,0,0,0
2021-10-04 10:00:00,0,0,0
2021-10-04 11:00:00,0,0,0
2021-10-04 12:00:00,0,0,0
2021-10-04 13:00:00,0,0,0
2021-10-04 14:00:00,0,0,0
2021-10-04 15:00:00,0,0,0
2021-10-04 16:00:00,0,0,0
2021-10-04 17:00:00,0,0,0
2021-10-04 18:00:00,0,0,0
2021-10-04 19:00:00,0,0,0
2021-10-04 20:00:00,0,0,0
2021-10-04 21:00:00,0,0,0
2021-10-04 22:00:00,0,0,0
2021-10-04 23:00:00,0,0,0
2021-10-05 00:00:00,0,0,0
2021-10-05 01:00:00,0,0,0
2021-10-05 02:00:00,0,0,0
2021-10-05 03:00:00,0,0,0
2021-10-05 04:00:00,0,0,0
2021-10-05 05:00:00,0,0,0
2021-10-05 06:00:00,0,0,0
2021-10-05 07:00:00,0,0,0
2021-10-05 08:00:00,0,0,0
2021-10-05 09:00:00,0,0,0
2021-10-05 10:00:00,0,0,0
2021-10-05 11:00:00,0,0,0
2021-10-05 12:00:00,0,0,0
2021-10-05 13:00:00,0,0,0
2021-10-05 14:00:00,0,0,0
2021-10-05 15:00:00,0,0,0
2021-10-05 16:00:00,0,0,0
2021-10-05 17:00:00,0,0,0
2021-10-05 18:00:00,0,0,0
2021-10-05 19:00:00,0,0,0
2021-10-05 20:00:00,0,0,0
2021-10-05 21:00:00,0,0,0
2021-10-05 22:00:00,0,0,0
2021-10-05 23:00:00,0,0,0
2021-10-06 00:00:00,0,0,0
2021-10-06 01:00:00,0,0,0
2021-10-06 02:00:00,0,0,0
2021-10-06 03:00:00,0,0,0
2021-10-06 04:00:00,0,0,0
2021-10-06 05:00:00,0,0,0
2021-10-06 06:00:00,0,0,0
2021-10-06 07:00:00,0,0,0
2021-10-06 08:00:00,0,0,0
2021-10-06 09:00:00,0,0,0
2021-10-06 10:00:00,0,0,0
2021-10-06 11:00:00,0,0,0
2021-10-06 12:00:00,0,0,0
2021-10-06 13:00:00,0,0,0
2021-10-06 14:00:00,0,0,0
2021-10-06 15:00:00,0,0,0
2021-10-06 16:00:00,0,0,0
2021-10-06 17:00:00,0,0,0
2021-10-06 18:00:00,0,0,0
2021-10-06 19:00:00,0,0,0
2021-10-06 20:00:00,0,0,0
2021-10-06 21:00:00,0,0,0
2021-10-06 22:00:00,0,0,0
2021-10-06 23:00:00,0,0,0
2021-10-07 00:00:00,0,0,0
2021-10-07 01:00:00,0,0,0
2021-10-07 02:00:00,0,0,0
2021-10-07 03:00:00,0,0,0
2021-10-07 04:00:00,0,0,0
2021-10-07 05:00:00,0,0,0
2021-10-07 06:00:00,0,0,0
2021-10-07 07:00:00,0,0,0
2021-10-07 08:00:00,0,0,0
2021-10-07 09:00:00,0,0,0
2021-10-07 10:00:00,0,0,0
2021-10-07 11:00:00,0,0,0
2021-10-07 12:00:00,0,0,0
2021-10-07 13:00:00,0,0,0
2021-10-07 14:00:00,0,0,0
2021-10-07 15:00:00,0,0,0
2021-10-07 16:00:00,0,0,0
2021-10-07 17:00:00,0,0,0
2021-10-07 18:00:00,0,0,0
2021-10-07 19:00:00,0,0,0
2021-10-07 20:00:00,0,0,0
2021-10-07 21:00:00,0,0,0
2021-10-07 22:00:00,0,0,0
2021-10-07 23:00:00,0,0,0
2021-10-08 00:00:00,0,0,0
2021-10-08 01:00:00,0,0,0
2021-10-08 02:00:00,0,0,0
2021-10-08 03:00:00,0,0,0
2021-10-08 04:00:00,0,0,0
2021-10-08 05:00:00,0,0,0
2021-10-08 06:00:00,0,0,0
2021-10-08 07:00:00,0,0,0
2021-10-08 08:00:00,0,0,0
2021-10-08 09:00:00,0,0,0
2021-10-08 10:00:00,0,0,0
2021-10-08 11:00:00,0,0,0
2021-10-08 12:00:00,0,0,0
2021-10-08 13:00:00,0,0,0
2021-10-08 14:00:00,0,0,0
2021-10-08 15:00:00,0,0,0
2021-10-08 16:00:00,0,0,0
2021-10-08 17:00:00,0,0,0
2021-10-08 18:00:00,0,0,0
2021-10-08 19:00:00,0,0,0
2021-10-08 20:00:00,0,0,0
2021-10-08 21:00:00,0,0,0
2021-10-08 22:00:00,0,0,0
2021-10-08 23:00:00,0,0,0
2021-10-09 00:00:00,0,0,0
2021-10-09 01:00:00,0,0,0
2021-10-09 02:00:00,0,0,0
2021-10-09 03:00:00,0,0,0
2021-10-09 04:00:00,0,0,0
2021-10-09 05:00:00,0,0,0
2021-10-09 06:00:00,0,0,0
2021-10-09 07:00:00,0,0,0
2021-10-09 08:00:00,0,0,0
2021-10-09 09:00:00,0,0,0
2021-10-09 10:00:00,0,0,0
2021-10-09 11:00:00,0,0,0
2021-10-09 12:00:00,0,0,0
2021-10-09 13:00:00,0,0,0
2021-10-09 14:00:00,0,0,0
2021-10-09 15:00:00,0,0,0
2021-10-09 16:00:00,0,0,0
2021-10-09 17:00:00,0,0,0
2021-10-09 18:00:00,0,0,0
2021-10-09 19:00:00,0,0,0
2021-10-09 20:00:00,0,0,0
2021-10-09 21:00:00,0,0,0
2021-10-09 22:00:00,0,0,0
2021-10-09 23:00:00,0,0,0
2021-10-10 00:00:00,0,0,0
2021-10-10 01:00:00,0,0,0
2021-10-10 02:00:00,0,0,0
2021-10-10 03:00:00,0,0,0
2021-10-10 04:00:00,0,0,0
2021-10-10 05:00:00,0,0,0
2021-10-10 06:00:00,0,0,0
2021-10-10 07:00:00,0,0,0
2021-10-10 08:00:00,0,0,0
2021-10-10 09:00:00,2,0,2
2021-10-10 10:00:00,0,0,0
2021-10-10 11:00:00,0,0,0
2021-10-10 12:00:00,0,0,0
2021-10-10 13:00:00,0,0,0
2021-10-10 14:00:00,0,0,0
2021-10-10 15:00:00,1,0,1
2021-10-10 16:00:00,0,0,0
2021-10-10 17:00:00,0,0,0
2021-10-10 18:00:00,0,0,0
2021-10-10 19:00:00,0,0,0
2021-10-10 20:00:00,0,0,0
2021-10-10 21:00:00,0,0,0
2021-10-10 22:00:00,0,0,0
2021-10-10 23:00:00,0,0,0
2021-10-11 00:00:00,0,0,0
2021-10-11 01:00:00,0,0,0
2021-10-11 02:00:00,0,0,0
2021-10-11 03:00:00,0,0,0
2021-10-11 04:00:00,0,0,0
2021-10-11 05:00:00,0,0,0
2021-10-11 06:00:00,0,0,0
2021-10-11 07:00:00,0,0,0
2021-10-11 08:00:00,0,0,0
2021-10-11 09:00:00,0,0,0
2021-10-11 10:00:00,0,0,0
2021-10-11 11:00:00,0,0,0
2021-10-11 12:00:00,0,0,0
2021-10-11 13:00:00,0,0,0
2021-10-11 14:00:00,0,0,0
2021-10-11 15:00:00,0,0,0
2021-10-11 16:00:00,0,0,0
2021-10-11 17:00:00,0,0,0
2021-10-11 18:00:00,0,0,0
2021-10-11 19:00:00,0,0,0
2021-10-11 20:00:00,0,0,0
2021-10-11 21:00:00,0,0,0
2021-10-11 22:00:00,0,0,0
2021-10-11 23:00:00,0,0,0
2021-10-12 00:00:00,0,0,0
2021-10-12 01:00:00,0,0,0
2021-10-12 02:00:00,0,0,0
2021-10-12 03:00:00,0,0,0
2021-10-12 04:00:00,0,0,0
2021-10-12 05:00:00,0,0,0
2021-10-12 06:00:00,0,0,0
2021-10-12 07:00:00,0,0,0
2021-10-12 08:00:00,0,0,0
2021-10-12 09:00:00,0,0,0
2021-10-12 10:00:00,0,0,0
2021-10-12 11:00:00,0,0,0
2021-10-12 12:00:00,0,0,0
2021-10-12 13:00:00,0,0,0
2021-10-12 14:00:00,0,0,0
2021-10-12 15:00:00,0,0,0
2021-10-12 16:00:00,0,0,0
2021-10-12 17:00:00,0,0,0
2021-10-12 18:00:00,0,0,0
2021-10-12 19:00:00,0,0,0
2021-10-12 20:00:00,0,0,0
2021-10-12 21:00:00,0,0,0
2021-10-12 22:00:00,0,0,0
2021-10-12 23:00:00,0,0,0
2021-10-13 00:00:00,0,0,0
2021-10-13 01:00:00,0,0,0
2021-10-13 02:00:00,0,0,0
2021-10-13 03:00:00,0,0,0
2021-10-13 04:00:00,0,0,0
2021-10-13 05:00:00,0,0,0
2021-10-13 06:00:00,0,0,0
2021-10-13 07:00:00,0,0,0
2021-10-13 08:00:00,0,0,0
2021-10-13 09:00:00,0,0,0
2021-10-13 10:00:00,0,0,0
2021-10-13 11:00:00,0,0,0
2021-10-13 12:00:00,0,0,0
2021-10-13 13:00:00,0,0,0
2021-10-13 14:00:00,0,0,0
2021-10-13 15:00:00,0,0,0
2021-10-13 16:00:00,0,0,0
2021-10-13 17:00:00,0,0,0
2021-10-13 18:00:00,0,0,0
2021-10-13 19:00:00,0,0,0
2021-10-13 20:00:00,0,0,0
2021-10-13 21:00:00,0,0,0
2021-10-13 22:00:00,0,0,0
2021-10-13 23:00:00,0,0,0
2021-10-14 00:00:00,0,0,0
2021-10-14 01:00:00,0,0,0
2021-10-14 02:00:00,0,0,0
2021-10-14 03:00:00,0,0,0
2021-10-14 04:00:00,0,0,0
2021-10-14 05:00:00,0,0,0
2021-10-14 06:00:00,0,0,0
2021-10-14 07:00:00,0,0,0
2021-10-14 08:00:00,0,0,0
2021-10-14 09:00:00,0,0,0
2021-10-14 10:00:00,0,0,0
2021-10-14 11:00:00,0,0,0
2021-10-14 12:00:00,0,0,0
2021-10-14 13:00:00,0,0,0
2021-10-14 14:00:00,0,0,0
2021-10-14 15:00:00,0,0,0
2021-10-14 16:00:00,0,0,0
2021-10-14 17:00:00,0,0,0
2021-10-14 18:00:00,0,0,0
2021-10-14 19:00:00,0,0,0
2021-10-14 20:00:00,0,0,0
2021-10-14 21:00:00,0,0,0
2021-10-14 22:00:00,0,0,0
2021-10-14 23:00:00,0,0,0
2021-10-15 00:00:00,0,0,0
2021-10-15 01:00:00,0,0,0
2021-10-15 02:00:00,0,0,0
2021-10-15 03:00:00,0,0,0
2021-10-15 04:00:00,0,0,0
2021-10-15 05:00:00,0,0,0
2021-10-15 06:00:00,0,0,0
2021-10-15 07:00:00,0,0,0
2021-10-15 08:00:00,0,0,0
2021-10-15 09:00:00,0,0,0
2021-10-15 10:00:00,0,0,0
2021-10-15 11:00:00,0,0,0
2021-10-15 12:00:00,0,0,0
2021-10-15 13:00:00,0,0,0
2021-10-15 14:00:00,0,0,0
2021-10-15 15:00:00,0,0,0
2021-10-15 16:00:00,0,0,0
2021-10-15 17:00:00,0,0,0
2021-10-15 18:00:00,0,0,0
2021-10-15 19:00:00,0,0,0
2021-10-15 20:00:00,0,0,0
2021-10-15 21:00:00,0,0,0
2021-10-15 22:00:00,0,0,0
2021-10-15 23:00:00,0,0,0
2021-10-16 00:00:00,0,0,0
2021-10-16 01:00:00,0,0,0
2021-10-16 02:00:00,0,0,0
2021-10-16 03:00:00,0,0,0
2021-10-16 04:00:00,0,0,0
2021-10-16 05:00:00,0,0,0
2021-10-16 06:00:00,0,0,0
2021-10-16 07:00:00,0,0,0
2021-10-16 08:00:00,0,0,0
2021-10-16 09:00:00,0,0,0
2021-10-16 10:00:00,0,0,0
2021-10-16 11:00:00,0,0,0
2021-10-16 12:00:00,0,0,0
2021-10-16 13:00:00,0,0,0
2021-10-16 14:00:00,0,0,0
2021-10-16 15:00:00,0,0,0
2021-10-16 16:00:00,0,0,0
2021-10-16 17:00:00,0,0,0
2021-10-16 18:00:00,0,0,0
2021-10-16 19:00:00,0,0,0
2021-10-16 20:00:00,0,0,0
2021-10-16 21:00:00,0,0,0
2021-10-16 22:00:00,0,0,0
2021-10-16 23:00:00,0,0,0
2021-10-17 00:00:00,0,0,0
2021-10-17 01:00:00,0,0,0
2021-10-17 02:00:00,0,0,0
2021-10-17 03:00:00,0,0,0
2021-10-17 04:00:00,0,0,0
2021-10-17 05:00:00,0,0,0
2021-10-17 06:00:00,0,0,0
2021-10-17 07:00:00,0,0,0
2021-10-17 08:00:00,0,0,0
2021-10-17 09:00:00,0,0,0
2021-10-17 10:00:00,0,0,0
2021-10-17 11:00:00,0,0,0
2021-10-17 12:00:00,0,0,0
2021-10-17 13:00:00,0,0,0
2021-10-17 14:00:00,0,0,0
2021-10-17 15:00:00,0,0,0
2021-10-17 16:00:00,0,0,0
2021-10-17 17:00:00,0,0,0
2021-10-17 18:00:00,0,0,0
2021-10-17 19:00:00,0,0,0
2021-10-17 20:00:00,0,0,0
2021-10-17 21:00:00,0,0,0
2021-10-17 22:00:00,0,0,0
2021-10-17 23:00:00,0,0,0
2021-10-18 00:00:00,0,0,0
2021-10-18 01:00:00,0,0,0
2021-10-18 02:00:00,0,0,0
2021-10-18 03:00:00,0,0,0
2021-10-18 04:00:00,0,0,0
2021-10-18 05:00:00,0,0,0
2021-10-18 06:00:00,0,0,0
2021-10-18 07:00:00,0,0,0
2021-10-18 08:00:00,0,0,0
2021-10-18 09:00:00,0,0,0
2021-10-18 10:00:00,0,0,0
2021-10-18 11:00:00,0,0,0
2021-10-18 12:00:00,0,0,0
2021-10-18 13:00:00,0,0,0
2021-10-18 14:00:00,0,0,0
2021-10-18 15:00:00,0,0,0
2021-10-18 16:00:00,0,0,0
2021-10-18 17:00:00,0,0,0
2021-10-18 18:00:00,0,0,0
2021-10-18 19:00:00,0,0,0
2021-10-18 20:00:00,0,0,0
2021-10-18 21:00:00,0,0,0
2021-10-18 22:00:00,0,0,0
2021-10-18 23:00:00,0,0,0
2021-10-19 00:00:00,0,0,0
2021-10-19 01:00:00,0,0,0
2021-10-19 02:00:00,0,0,0
2021-10-19 03:00:00,0,0,0
2021-10-19 04:00:00,0,0,0
2021-10-19 05:00:00,0,0,0
2021-10-19 06:00:00,0,0,0
2021-10-19 07:00:00,0,0,0
2021-10-19 08:00:00,0,0,0
2021-10-19 09:00:00,0,0,0
2021-10-19 10:00:00,0,0,0
2021-10-19 11:00:00,0,0,0
2021-10-19 12:00:00,0,0,0
2021-10-19 13:00:00,0,0,0
2021-10-19 14:00:00,0,0,0
2021-10-19 15:00:00,0,0,0
2021-10-19 16:00:00,0,0,0
2021-10-19 17:00:00,0,0,0
2021-10-19 18:00:00,0,0,0
2021-10-19 19:00:00,0,0,0
2021-10-19 20:00:00,0,0,0
2021-10-19 21:00:00,0,0,0
2021-10-19 22:00:00,0,0,0
2021-10-19 23:00:00,0,0,0
2021-10-20 00:00:00,0,0,0
2021-10-20 01:00:00,0,0,0
2021-10-20 02:00:00,0,0,0
2021-10-20 03:00:00,0,0,0
2021-10-20 04:00:00,0,0,0
2021-10-20 05:00:00,0,0,0
2021-10-20 06:00:00,0,0,0
2021-10-20 07:00:00,0,0,0
2021-10-20 08:00:00,0,0,0
2021-10-20 09:00:00,0,0,0
2021-10-20 10:00:00,0,0,0
2021-10-20 11:00:00,0,0,0
2021-10-20 12:00:00,0,0,0
2021-10-20 13:00:00,0,0,0
2021-10-20 14:00:00,0,0,0
2021-10-20 15:00:00,0,0,0
2021-10-20 16:00:00,0,0,0
2021-10-20 17:00:00,0,0,0
2021-10-20 18:00:00,0,0,0
2021-10-20 19:00:00,0,0,0
2021-10-20 20:00:00,0,0,0
2021-10-20 21:00:00,0,0,0
2021-10-20 22:00:00,0,0,0
2021-10-20 23:00:00,0,0,0
2021-10-21 00:00:00,0,0,0
2021-10-21 01:00:00,0,0,0
2021-10-21 02:00:00,0,0,0
2021-10-21 03:00:00,0,0,0
2021-10-21 04:00:00,0,0,0
2021-10-21 05:00:00,0,0,0
2021-10-21 06:00:00,0,0,0
2021-10-21 07:00:00,0,0,0
2021-10-21 08:00:00,0,0,0
2021-10-21 09:00:00,0,0,0
2021-10-21 10:00:00,0,0,0
2021-10-21 11:00:00,0,0,0
2021-10-21 12:00:00,0,0,0
2021-10-21 13:00:00,0,0,0
2021-10-21 14:00:00,0,0,0
2021-10-21 15:00:00,0,0,0
2021-10-21 16:00:00,0,0,0
2021-10-21 17:00:00,0,0,0
2021-10-21 18:00:00,0,0,0
2021-10-21 19:00:00,0,0,0
2021-10-21 20:00:00,0,0,0
2021-10-21 21:00:00,0,0,0
2021-10-21 22:00:00,0,0,0
2021-10-21 23:00:00,0,0,0
2021-10-22 00:00:00,0,0,0
2021-10-22 01:00:00,0,0,0
2021-10-22 02:00:00,0,0,0
2021-10-22 03:00:00,0,0,0
2021-10-22 04:00:00,0,0,0
2021-10-22 05:00:00,0,0,0
2021-10-22 06:00:00,0,0,0
2021-10-22 07:00:00,0,0,0
2021-10-22 08:00:00,0,0,0
2021-10-22 09:00:00,0,0,0
2021-10-22 10:00:00,0,0,0
2021-10-22 11:00:00,0,0,0
2021-10-22 12:00:00,0,0,0
2021-10-22 13:00:00,0,0,0
2021-10-22 14:00:00,0,0,0
2021-10-22 15:00:00,0,0,0
2021-10-22 16:00:00,0,0,0
2021-10-22 17:00:00,0,0,0
2021-10-22 18:00:00,0,0,0
2021-10-22 19:00:00,0,0,0
2021-10-22 20:00:00,0,0,0
2021-10-22 21:00:00,0,0,0
2021-10-22 22:00:00,0,0,0
2021-10-22 23:00:00,0,0,0
2021-10-23 00:00:00,0,0,0
2021-10-23 01:00:00,0,0,0
2021-10-23 02:00:00,0,0,0
2021-10-23 03:00:00,0,0,0
2021-10-23 04:00:00,0,0,0
2021-10-23 05:00:00,0,0,0
2021-10-23 06:00:00,0,0,0
2021-10-23 07:00:00,0,0,0
2021-10-23 08:00:00,0,0,0
2021-10-23 09:00:00,0,0,0
2021-10-23 10:00:00,0,0,0
2021-10-23 11:00:00,0,0,0
2021-10-23 12:00:00,0,0,0
2021-10-23 13:00:00,0,0,0
2021-10-23 14:00:00,0,0,0
2021-10-23 15:00:00,0,0,0
2021-10-23 16:00:00,0,0,0
2021-10-23 17:00:00,0,0,0
2021-10-23 18:00:00,0,0,0
2021-10-23 19:00:00,0,0,0
2021-10-23 20:00:00,0,0,0
2021-10-23 21:00:00,0,0,0
2021-10-23 22:00:00,0,0,0
2021-10-23 23:00:00,0,0,0
2021-10-24 00:00:00,0,0,0
2021-10-24 01:00:00,0,0,0
2021-10-24 02:00:00,0,0,0
2021-10-24 03:00:00,0,0,0
2021-10-24 04:00:00,0,0,0
2021-10-24 05:00:00,0,0,0
2021-10-24 06:00:00,0,0,0
2021-10-24 07:00:00,0,0,0
2021-10-24 08:00:00,0,0,0
2021-10-24 09:00:00,0,0,0
2021-10-24 10:00:00,0,0,0
2021-10-24 11:00:00,0,0,0
2021-10-24 12:00:00,0,0,0
2021-10-24 13:00:00,0,0,0
2021-10-24 14:00:00,0,0,0
2021-10-24 15:00:00,0,0,0
2021-10-24 16:00:00,0,0,0
2021-10-24 17:00:00,0,0,0
2021-10-24 18:00:00,0,0,0
2021-10-24 19:00:00,0,0,0
2021-10-24 20:00:00,0,0,0
2021-10-24 21:00:00,0,0,0
2021-10-24 22:00:00,0,0,0
2021-10-24 23:00:00,0,0,0
2021-10-25 00:00:00,0,0,0
2021-10-25 01:00:00,0,0,0
2021-10-25 02:00:00,0,0,0
2021-10-25 03:00:00,0,0,0
2021-10-25 04:00:00,0,0,0
2021-10-25 05:00:00,0,0,0
2021-10-25 06:00:00,0,0,0
2021-10-25 07:00:00,0,0,0
2021-10-25 08:00:00,0,0,0
2021-10-25 09:00:00,0,0,0
2021-10-25 10:00:00,0,0,0
2021-10-25 11:00:00,0,0,0
2021-10-25 12:00:00,0,0,0
2021-10-25 13:00:00,0,0,0
2021-10-25 14:00:00,0,0,0
2021-10-25 15:00:00,0,0,0
2021-10-25 16:00:00,0,0,0
2021-10-25 17:00:00,0,0,0
2021-10-25 18:00:00,0,0,0
2021-10-25 19:00:00,0,0,0
2021-10-25 20:00:00,0,0,0
2021-10-25 21:00:00,0,0,0
2021-10-25 22:00:00,0,0,0
2021-10-25 23:00:00,0,0,0
2021-10-26 00:00:00,0,0,0
2021-10-26 01:00:00,0,0,0
2021-10-26 02:00:00,0,0,0
2021-10-26 03:00:00,0,0,0
2021-10-26 04:00:00,0,0,0
2021-10-26 05:00:00,0,0,0
2021-10-26 06:00:00,0,0,0
2021-10-26 07:00:00,0,0,0
2021-10-26 08:00:00,0,0,0
2021-10-26 09:00:00,0,0,0
2021-10-26 10:00:00,0,0,0
2021-10-26 11:00:00,0,0,0
2021-10-26 12:00:00,0,0,0
2021-10-26 13:00:00,0,0,0
2021-10-26 14:00:00,0,0,0
2021-10-26 15:00:00,0,0,0
2021-10-26 16:00:00,0,0,0
2021-10-26 17:00:00,0,0,0
2021-10-26 18:00:00,0,0,0
2021-10-26 19:00:00,0,0,0
2021-10-26 20:00:00,0,0,0
2021-10-26 21:00:00,0,0,0
2021-10-26 22:00:00,0,0,0
2021-10-26 23:00:00,0,0,0
2021-10-27 00:00:00,0,0,0
2021-10-27 01:00:00,0,0,0
2021-10-27 02:00:00,0,0,0
2021-10-27 03:00:00,0,0,0
2021-10-27 04:00:00,0,0,0
2021-10-27 05:00:00,0,0,0
2021-10-27 06:00:00,0,0,0
2021-10-27 07:00:00,0,0,0
2021-10-27 08:00:00,0,0,0
2021-10-27 09:00:00,0,0,0
2021-10-27 10:00:00,0,0,0
2021-10-27 11:00:00,0,0,0
2021-10-27 12:00:00,0,0,0
2021-10-27 13:00:00,0,0,0
2021-10-27 14:00:00,0,0,0
2021-10-27 15:00:00,0,0,0
2021-10-27 16:00:00,0,0,0
2021-10-27 17:00:00,0,0,0
2021-10-27 18:00:00,0,0,0
2021-10-27 19:00:00,0,0,0
2021-10-27 20:00:00,0,0,0
2021-10-27 21:00:00,0,0,0
2021-10-27 22:00:00,0,0,0
2021-10-27 23:00:00,0,0,0
2021-10-28 00:00:00,0,0,0
2021-10-28 01:00:00,0,0,0
2021-10-28 02:00:00,0,0,0
2021-10-28 03:00:00,0,0,0
2021-10-28 04:00:00,0,0,0
2021-10-28 05:00:00,0,0,0
2021-10-28 06:00:00,0,0,0
2021-10-28 07:00:00,0,0,0
2021-10-28 08:00:00,0,0,0
2021-10-28 09:00:00,0,0,0
2021-10-28 10:00:00,0,0,0
2021-10-28 11:00:00,0,0,0
2021-10-28 12:00:00,0,0,0
2021-10-28 13:00:00,0,0,0
2021-10-28 14:00:00,0,0,0
2021-10-28 15:00:00,0,0,0
2021-10-28 16:00:00,0,0,0
2021-10-28 17:00:00,0,0,0
2021-10-28 18:00:00,0,0,0
2021-10-28 19:00:00,0,0,0
2021-10-28 20:00:00,0,0,0
2021-10-28 21:00:00,0,0,0
2021-10-28 22:00:00,0,0,0
2021-10-28 23:00:00,0,0,0
2021-10-29 00:00:00,0,0,0
2021-10-29 01:00:00,0,0,0
2021-10-29 02:00:00,0,0,0
2021-10-29 03:00:00,0,0,0
2021-10-29 04:00:00,0,0,0
2021-10-29 05:00:00,0,0,0
2021-10-29 06:00:00,0,0,0
2021-10-29 07:00:00,0,0,0
2021-10-29 08:00:00,0,0,0
2021-10-29 09:00:00,0,0,0
2021-10-29 10:00:00,0,0,0
2021-10-29 11:00:00,0,0,0
2021-10-29 12:00:00,0,0,0
2021-10-29 13:00:00,0,0,0
2021-10-29 14:00:00,0,0,0
2021-10-29 15:00:00,0,0,0
2021-10-29 16:00:00,0,0,0
2021-10-29 17:00:00,0,0,0
2021-10-29 18:00:00,0,0,0
2021-10-29 19:00:00,0,0,0
2021-10-29 20:00:00,0,0,0
2021-10-29 21:00:00,0,0,0
2021-10-29 22:00:00,0,0,0
2021-10-29 23:00:00,0,0,0
2021-10-30 00:00:00,0,0,0
2021-10-30 01:00:00,0,0,0
2021-10-30 02:00:00,0,0,0
2021-10-30 03:00:00,0,0,0
2021-10-30 04:00:00,0,0,0
2021-10-30 05:00:00,0,0,0
2021-10-30 06:00:00,0,0,0
2021-10-30 07:00:00,0,0,0
2021-10-30 08:00:00,0,0,0
2021-10-30 09:00:00,0,0,0
2021-10-30 10:00:00,0,0,0
2021-10-30 11:00:00,0,0,0
2021-10-30 12:00:00,0,0,0
2021-10-30 13:00:00,0,0,0
2021-10-30 14:00:00,0,0,0
2021-10-30 15:00:00,0,0,0
2021-10-30 16:00:00,0,0,0
2021-10-30 17:00:00,0,0,0
2021-10-30 18:00:00,0,0,0
2021-10-30 19:00:00,0,0,0
2021-10-30 20:00:00,0,0,0
2021-10-30 21:00:00,0,0,0
2021-10-30 22:00:00,0,0,0
2021-10-30 23:00:00,0,0,0